0,1.000000,-0.094182,0.226989,0.038697,0.167453,-0.172221,-0.023291,-0.149688,0.157425,0.107452,0.042852,0.037229,0.039732,-0.011564,0.234217,-0.214652,-0.012395,0.188368,0.082444,0.303165,0.069421,0.308852,0.045048,0.205764,0.096709,0.000584,-0.034571,-0.042269,0.322464,0.283819,-0.122514,-0.065334,0.055209,-0.011375,-0.241251,0.058003,0.083599,0.050831,0.123421,0.177710,0.144945,-0.056669,0.083865,0.102123,-0.164012,0.036170,0.029270,0.129508,0.132153,0.026945,0.192262,-0.166370,-0.095070,0.074350,0.162713,0.146948,0.181680,0.127222,-0.093639,0.006949,0.231837,-0.063419,-0.042600,0.139582,0.076820,-0.020645,0.043990,0.068651,0.097133,0.028484,0.049932,0.006905,0.220081,0.098757,-0.099722,-0.239296,0.036698,0.029576,-0.121116,-0.084252,0.313756,-0.110414,-0.064194,0.149533,0.325798,-0.005022,0.031995,0.120797,0.067912,-0.043329,-0.015936,-0.104781,-0.044586,0.120028,0.292657,-0.019450,0.376303,0.033352,0.151612,0.343708,0.132241,0.124295,-0.033741,0.198500,0.144956,0.083149,0.058791,0.040717,-0.084350,-0.310471,-0.103979,-0.044999,0.048392,0.214372,-0.226218,-0.177555,0.128135,0.242603,0.004706,-0.007729,0.368391,0.122502,-0.014582,0.012625,-0.024855,0.334203,0.079425,-0.027275,-0.185744,0.127780,0.133693,-0.049305,0.323127,0.022725,0.034113,-0.240033,0.372898,-0.119151,0.184174,0.341886,0.191936,0.129397,0.096537,0.024265,0.032601,0.102696,0.074329,0.074174,0.215330,-0.042474,-0.063813,-0.012972,0.282470,0.119085,0.158914,-0.183330,-0.147630,-0.037505,0.153157,0.140776,0.177728,0.237015,-0.010677,-0.032612,-0.026646,-0.184756,0.154662,0.148717,-0.060221,-0.015478,0.437752,-0.084714,0.164059,0.187415,-0.057644,0.194514,0.291248,0.132082,0.069937,0.022871,-0.037831,0.420065,-0.240634,-0.077504,0.112622,0.022077,0.352116,0.282565,0.171445,-0.050608,0.193955,-0.035377,0.187871,0.030598,0.271055,-0.115109,0.067443,-0.097428,0.396574,0.114174,#
1,-0.094182,1.000000,0.015694,0.085152,0.220726,0.131350,0.185680,0.064031,0.198646,-0.059869,0.395814,0.155745,0.120946,0.160915,0.036017,-0.061312,0.124094,0.106072,0.079318,0.150976,-0.019090,0.085857,0.099142,0.338302,0.122652,0.159882,0.022539,0.115250,0.018312,0.088591,0.374736,0.180399,0.098457,0.264267,0.045038,-0.082166,0.048291,0.033625,0.293412,0.185514,0.034896,0.006343,0.311820,0.130214,0.192185,0.331574,0.314287,0.267991,0.049614,-0.049257,0.211591,0.302929,0.246521,-0.042826,-0.086702,0.069001,0.179098,0.061659,0.363302,0.057207,0.109289,0.214428,0.111359,0.031307,0.231521,0.259899,-0.027112,0.252872,0.123703,0.220082,-0.013245,0.076399,0.278118,0.093638,0.154013,0.052790,-0.018560,0.127371,0.285751,-0.033678,0.173742,0.343474,0.159993,0.333500,0.176650,-0.123192,0.223215,0.039923,0.037314,0.422221,0.224005,0.299627,0.056448,0.135965,0.039931,0.304701,-0.000715,-0.087561,0.171221,0.063355,0.073614,-0.285842,0.033889,0.175009,0.074898,0.222751,0.167889,0.355126,-0.020904,0.073211,0.331046,0.186859,0.024714,0.066546,0.285373,0.278606,-0.002408,0.253526,0.153466,0.164499,0.129664,0.028329,0.246133,0.007332,0.250741,0.145377,0.017879,0.052909,0.031404,0.149183,0.065369,0.132163,0.108918,0.201258,0.429849,0.456065,0.058191,0.268930,0.070646,0.197912,0.078543,0.048961,0.175614,-0.160088,-0.006846,0.116781,0.180913,0.036570,0.338638,0.196828,0.033692,0.114254,0.021824,-0.125800,0.355894,0.047488,0.189153,0.067842,0.192928,0.082902,0.002677,0.246253,0.140271,0.139218,0.220881,0.341426,0.193404,0.319440,0.336792,0.222194,-0.015907,0.056013,0.143545,0.040328,0.188791,0.132947,-0.165879,0.240335,0.204098,0.089646,0.079810,0.180266,0.278437,0.004308,0.181030,0.099858,0.076619,0.124463,0.072184,0.210272,0.291507,0.066822,0.172548,0.050964,0.120323,0.176455,-0.062771,0.272181,0.031053,0.092373,#
2,0.226989,0.015694,1.000000,0.252668,0.030622,-0.222864,0.027310,0.250716,-0.127308,-0.065322,0.076767,0.149581,0.018399,0.222883,-0.053708,0.011611,-0.122502,-0.138481,-0.147579,0.023777,0.041554,0.326170,0.061002,-0.059460,0.101043,0.107111,0.109116,0.041272,0.145675,0.288449,-0.091791,-0.217675,0.022831,0.203245,-0.100784,0.105620,-0.042847,-0.069698,-0.162623,0.051270,0.127650,0.002605,0.306782,-0.068313,-0.319744,0.154380,0.021402,0.210699,-0.119421,0.003700,0.287023,0.055643,0.059734,-0.070411,-0.218811,0.092724,-0.128144,-0.013678,-0.096078,0.165286,-0.154250,-0.062292,0.075055,0.197920,0.120542,0.008338,-0.222987,-0.280235,0.038523,0.201471,0.073250,-0.306230,0.098866,0.178340,0.088830,0.025370,0.079993,-0.169987,-0.109734,-0.101171,0.318845,-0.050877,-0.175336,0.067293,-0.073369,-0.050881,0.201733,0.065847,-0.193012,0.043376,-0.093775,0.092563,0.097499,-0.137296,-0.083834,0.013428,0.014834,-0.282187,0.171282,0.023295,0.259995,-0.173365,-0.051186,0.016903,-0.065588,-0.035881,0.115111,0.028403,0.011120,0.154452,-0.100071,-0.085366,0.078230,-0.032112,-0.028411,0.016215,0.018412,0.206485,-0.246221,-0.167144,0.039681,0.007652,-0.100513,-0.069378,-0.127521,0.037349,0.233660,-0.007082,-0.113575,0.016594,0.128032,-0.082518,-0.089406,-0.104090,0.167220,0.191903,0.095453,0.032727,-0.173866,-0.022262,-0.190942,-0.137776,0.168855,0.000204,-0.000237,0.297319,0.193538,0.060341,0.236852,-0.032211,-0.188007,0.360764,0.080711,-0.170305,0.027814,-0.168297,-0.217925,-0.094510,0.044548,-0.001390,0.041184,0.268121,0.042834,0.079073,-0.002892,0.014851,-0.044790,0.099896,-0.197271,-0.058784,0.032636,0.078851,0.081318,0.023835,0.082583,-0.087191,0.099960,0.025630,-0.055965,0.091394,0.224756,-0.123077,-0.080338,0.228904,-0.225214,-0.088802,0.017234,-0.014180,0.004026,-0.182348,-0.111407,-0.020764,0.276334,-0.172109,-0.065635,-0.152100,-0.128159,-0.015162,0.282288,0.165084,#
3,0.038697,0.085152,0.252668,1.000000,0.357472,0.142730,0.414417,0.130305,0.074612,-0.028440,0.250896,0.399335,0.081562,0.199498,-0.087106,0.094618,0.127688,0.129690,0.172907,-0.046464,0.091475,0.167694,-0.029872,0.266454,0.051134,0.046199,-0.083732,0.095287,0.100130,0.219162,0.236036,0.202215,0.242107,0.176674,-0.125165,0.128511,0.492358,0.177962,0.134450,0.040401,0.312242,0.158998,0.095563,0.357144,-0.034254,0.066647,0.228104,0.162645,0.028741,0.184970,0.197774,0.124611,0.063712,-0.085864,-0.091092,0.296519,0.089497,0.262601,0.275722,0.165867,0.099084,0.052321,0.194803,0.237594,0.196359,0.210858,0.275454,0.239808,-0.137424,0.123651,0.132173,-0.041892,0.270506,0.193312,0.225963,0.397838,0.247096,-0.157563,0.308286,0.227359,0.281876,0.145309,-0.058904,-0.017048,0.184667,0.137347,0.263327,0.232305,0.104045,0.337412,0.167124,0.107683,0.145246,0.201490,0.045006,0.346486,0.146217,0.135305,0.253695,0.381033,0.354208,-0.088374,0.251730,0.246790,0.132558,0.153126,0.118552,0.054218,0.224667,0.187080,0.049621,0.101053,0.201328,0.122560,-0.066383,0.114103,0.249534,-0.027422,0.039642,0.032423,0.164315,0.134047,0.132321,0.248456,0.071109,-0.157561,0.275475,0.128232,0.202200,0.466215,0.048741,0.340761,0.238217,0.178586,0.274545,0.125111,-0.078243,0.042138,0.187917,0.152043,0.220540,0.138768,0.157395,0.334140,-0.101708,0.189756,0.254137,0.130220,0.199880,0.058691,-0.104547,0.079594,0.081870,0.069015,0.247209,-0.007559,0.016734,0.005870,0.142293,0.347826,0.254868,0.232619,0.196988,0.109176,0.045342,0.317878,0.188265,0.166691,0.176710,0.058229,0.094981,0.128239,0.212982,0.060370,0.082494,0.271175,0.045817,0.300013,0.047828,0.022175,0.237813,0.111466,0.237976,0.343108,0.103863,0.104120,0.091950,0.190544,-0.141567,-0.011192,-0.046258,0.215575,0.558043,0.001228,0.125155,0.220908,0.128259,0.356460,0.278867,0.184579,#
4,0.167453,0.220726,0.030622,0.357472,1.000000,0.210571,0.109895,0.038650,0.191869,-0.023139,0.006602,0.110941,0.172482,0.105519,-0.059278,-0.014211,0.206069,0.095835,0.107843,0.168900,0.147382,0.338674,0.128044,0.309887,0.203872,0.271199,-0.141461,0.063529,0.190426,-0.222891,-0.044984,0.145077,0.214368,0.200447,-0.060136,0.165441,0.258112,0.201359,0.055413,-0.029552,0.303552,0.230479,0.247631,0.128426,0.297269,-0.026774,0.294968,0.205462,0.115349,0.180692,0.110459,-0.062479,0.042517,0.035490,-0.017833,0.133537,0.178214,0.123717,0.194066,0.216833,0.287523,0.172694,0.002773,0.027108,0.164465,0.081328,0.203466,0.008261,0.048932,0.081609,0.022723,0.059578,0.260981,0.164812,0.135004,-0.133657,0.038821,0.181791,0.157415,-0.136996,0.375553,0.060243,-0.099823,-0.030252,0.241134,0.058742,0.122720,0.171134,0.223845,0.236640,0.118734,0.049983,-0.186684,0.135144,-0.059175,0.233087,0.175861,0.104895,0.303060,0.223194,0.207141,-0.207416,0.125731,0.198607,0.057967,-0.025594,0.061378,0.190221,-0.131924,0.097788,0.370026,-0.035240,0.219470,0.446241,0.020500,-0.133636,0.090758,-0.116023,-0.038933,-0.142167,0.194473,0.070802,0.156108,-0.106020,0.236148,-0.087247,0.183792,-0.045836,-0.084863,0.093982,0.078744,-0.019456,0.232834,0.130381,0.262424,0.166763,0.237328,-0.188722,0.165129,0.206534,0.197911,-0.067486,0.124544,0.083379,0.016922,0.097898,0.094462,-0.035528,0.254860,0.139297,0.066702,-0.083612,0.243572,0.129822,0.093067,-0.141335,0.132511,0.064008,0.197317,0.147623,0.060898,0.103775,0.152091,0.347579,-0.070792,0.452362,-0.032217,0.075729,0.040385,0.152393,0.111473,0.070737,0.168851,0.128076,0.138232,0.166261,0.231356,0.229197,0.074552,-0.141120,0.020639,0.037697,0.208294,0.052299,-0.154495,0.074723,0.278848,0.300796,0.059619,0.018348,0.270226,-0.254917,0.167405,-0.018909,-0.143346,0.269437,0.013311,0.328608,0.143055,0.211029,#
5,-0.172221,0.131350,-0.222864,0.142730,0.210571,1.000000,0.151736,-0.063773,0.274105,0.066075,0.102930,-0.155385,-0.040375,0.139934,0.080990,-0.009643,0.190876,0.131928,0.092121,-0.221473,0.263239,-0.036723,0.021331,0.142282,0.102210,0.077755,-0.075930,0.091641,0.087282,-0.059717,0.044192,0.165842,0.259109,0.065286,-0.037622,-0.065126,0.271021,0.144969,-0.083217,0.113984,-0.132327,0.093532,-0.117109,0.205333,0.025338,-0.001654,0.119588,-0.071599,-0.000664,0.219484,-0.275232,0.016637,0.171135,-0.133681,-0.096961,0.169136,-0.159959,-0.057814,0.015708,0.096030,0.149983,0.053804,0.007548,-0.211622,-0.190294,0.117661,0.370337,0.025112,-0.056475,0.080552,0.056667,0.023594,0.190507,0.204803,-0.100921,0.024175,0.162638,0.092699,0.016181,0.135432,0.017716,0.286224,0.051891,-0.146465,-0.073317,0.127646,0.032247,-0.023735,0.175657,0.144176,-0.069763,0.197504,-0.106667,0.005379,-0.001397,0.017788,0.049577,-0.158554,0.214333,-0.125708,-0.002403,0.014875,0.094627,0.049396,0.039988,-0.099830,-0.284312,0.119764,-0.231120,0.035616,0.262951,-0.079015,0.190457,0.005136,0.031102,0.006771,0.235028,-0.037542,0.144329,-0.111575,-0.048145,-0.100469,-0.126082,0.207393,0.019249,0.041168,-0.173859,-0.113827,0.122212,0.121551,-0.019521,0.224095,0.054237,-0.070266,0.265783,0.255543,0.039904,-0.159327,0.082153,0.025390,0.305543,0.093054,0.013053,0.277551,0.179164,-0.024213,0.035787,-0.028286,-0.144785,0.207856,0.068208,-0.282519,-0.047158,0.177225,0.065275,0.105814,0.128770,-0.014531,0.296822,-0.009337,0.066888,0.073566,0.003586,-0.029191,0.059141,0.008921,-0.006614,0.115095,0.033039,0.177612,-0.034040,0.069625,-0.057360,-0.085969,-0.013789,0.163427,-0.023034,0.028786,0.321413,-0.223140,0.038209,0.002705,0.311459,-0.068066,0.013816,0.128388,0.162876,0.071313,-0.124421,0.085203,0.017864,-0.164150,0.199014,0.150263,0.135699,0.068152,0.041465,0.310448,-0.239768,-0.017141,#
6,-0.023291,0.185680,0.027310,0.414417,0.109895,0.151736,1.000000,0.203199,0.140785,-0.102147,0.202488,0.084872,0.030617,0.211457,0.115316,0.046657,0.150668,0.209880,0.096528,0.107354,0.309037,-0.019699,-0.135344,-0.074255,-0.109382,0.071087,-0.026888,0.093605,0.344844,0.214416,0.018062,0.146927,0.263841,0.200774,-0.063668,-0.007236,0.173515,0.215219,0.171326,0.223252,0.153749,0.041598,-0.057185,0.153155,0.068468,0.179735,0.246615,0.290649,0.077699,0.217732,0.065234,0.166474,0.248379,0.040862,-0.123215,-0.038355,0.212611,0.280242,0.303279,0.331509,0.107758,0.165361,-0.037299,0.413993,0.201374,0.307001,0.356932,0.230815,0.230198,0.032845,0.038593,0.151055,0.411455,-0.028058,0.175518,0.234335,0.128396,0.132462,0.218967,0.186113,0.169004,0.180273,0.383840,0.072613,0.281608,0.104418,-0.001138,0.151769,0.149327,0.404479,0.227827,0.262571,0.097596,0.184993,0.040154,0.076267,0.198359,0.017644,0.200547,0.143776,0.158064,0.026837,0.171608,-0.057389,-0.324219,0.208403,-0.079773,0.100729,0.045889,0.180945,0.174029,0.134702,0.149785,-0.034521,-0.034701,0.088801,0.435708,0.015079,0.223743,0.231455,0.148218,0.220337,-0.066153,0.029393,0.126313,-0.079169,0.048293,0.380267,0.044186,0.372768,0.150699,0.013774,0.215398,-0.015399,0.412472,0.190896,0.012674,0.360992,0.305522,0.159430,0.247428,-0.118365,0.154646,0.390186,-0.078551,0.008166,0.210087,-0.023151,0.108145,-0.120842,0.063289,0.078517,0.098892,-0.013296,0.330598,-0.233430,-0.090794,0.019400,0.231556,0.015688,0.130799,0.338267,0.339252,0.026872,0.298752,0.209371,0.169373,0.266068,0.252872,0.284453,-0.108267,0.058084,0.208466,0.099083,0.039092,0.225210,-0.007232,0.358875,0.324508,-0.077762,0.039376,0.172841,0.170341,0.529137,0.422793,0.114852,0.037525,0.149578,0.067570,0.356300,0.088576,-0.014949,0.425428,0.216241,0.041262,0.188146,0.091654,0.237593,0.055050,0.139461,#
7,-0.149688,0.064031,0.250716,0.130305,0.038650,-0.063773,0.203199,1.000000,0.029098,0.157769,0.068836,0.249603,-0.028259,0.269180,0.182650,0.092054,-0.049887,0.189290,-0.024561,0.242800,0.072315,0.269124,0.228244,-0.117274,0.035144,-0.048156,0.265727,0.209426,0.040189,0.193878,0.077525,0.167146,0.055180,0.162684,-0.004136,0.048371,-0.158309,-0.025684,-0.002007,0.042070,0.087794,0.206834,0.096484,0.148319,0.077755,0.265642,0.046617,0.346273,0.241588,0.167665,0.106370,0.134592,0.016245,0.177202,0.034310,0.128331,0.120594,0.083529,0.224492,0.095838,0.299431,-0.017196,0.009180,0.221765,0.303405,0.072927,-0.052249,-0.054133,0.048980,0.142383,0.038272,-0.120550,0.163195,0.200459,0.186766,0.174829,-0.019838,0.279401,0.262411,0.099778,0.321116,0.088703,0.198878,0.157554,0.228854,-0.105480,-0.089115,0.050143,0.171637,0.287836,0.016733,0.031129,0.056249,0.148081,-0.124625,0.076946,-0.220840,0.050286,0.042535,0.033444,0.179073,-0.015072,0.151352,-0.077495,-0.116440,0.326405,0.451309,-0.011045,0.158593,0.160092,-0.121160,-0.195962,0.020249,0.038023,0.251634,0.150378,-0.233566,0.029270,0.154479,0.364933,0.153182,-0.078965,0.030595,0.312558,0.172927,0.029463,0.033056,0.292780,0.002133,0.062581,-0.080565,-0.040257,0.064939,0.067072,0.282427,0.142335,-0.006199,0.333731,0.094673,0.160410,0.239494,0.028543,-0.064277,0.035347,0.055355,0.161491,0.290845,0.202995,0.174039,-0.042565,-0.014759,0.202535,-0.128892,0.018055,-0.137697,0.042990,0.158412,0.188654,0.140741,0.059933,0.054983,0.263883,0.001171,0.190062,0.067339,0.239014,0.119324,0.162632,0.127259,0.086025,0.053459,0.121073,0.133444,0.015474,0.066283,-0.058072,0.126612,0.152184,0.049800,-0.031886,0.115975,0.012013,0.030431,0.238343,-0.230266,0.012176,0.063865,0.145545,0.110866,0.097471,0.146533,-0.168665,0.302795,0.028633,-0.002171,0.220650,0.081930,0.113873,0.138009,0.068509,#
8,0.157425,0.198646,-0.127308,0.074612,0.191869,0.274105,0.140785,0.029098,1.000000,0.010730,0.035780,0.050538,0.105905,0.180339,0.182575,-0.203811,0.025736,-0.022737,-0.017464,0.187032,0.338345,0.063391,0.110329,0.218110,0.043886,0.066446,-0.073180,0.089536,-0.017629,-0.021146,0.082648,0.146453,0.125739,0.166966,-0.024120,0.171594,0.312654,0.067111,0.075744,0.187366,0.059946,0.132163,-0.306990,0.072514,0.159165,0.158746,0.063316,0.251467,-0.020404,0.019145,-0.074025,0.189512,-0.151664,0.300442,0.097134,0.233389,-0.112635,0.193893,0.146969,0.089745,0.119848,0.058725,0.238924,-0.035680,0.279046,0.192092,0.129436,0.133531,0.240357,0.076356,-0.179777,0.126021,0.394889,-0.112690,-0.091097,-0.157976,0.095259,-0.033034,0.098067,-0.036423,0.078124,0.233948,0.201092,-0.074938,0.263338,0.101338,0.012643,0.201806,0.244842,0.234142,0.085597,0.113090,-0.051327,0.072899,0.183388,0.305241,0.027170,0.108230,0.121488,-0.034077,0.168690,-0.100465,0.045956,0.014301,0.235761,0.210438,0.188270,0.118039,-0.090128,-0.042818,0.054199,0.042028,-0.183628,0.204791,0.000614,0.091766,0.098706,0.168984,-0.056437,0.163197,0.283685,-0.015181,0.035878,-0.016354,0.092736,0.321164,0.081012,0.214095,0.043204,0.168000,-0.015057,0.012645,0.172440,-0.011590,0.284308,0.017024,0.077036,0.136027,0.413659,0.114952,0.188242,0.071157,0.044105,0.060283,-0.065365,0.079679,0.149868,0.287540,0.017238,0.228874,0.171906,-0.001128,0.130809,0.093311,0.301989,0.061350,-0.000251,0.066827,0.038768,0.149457,-0.031388,0.089091,-0.069883,-0.029557,0.141163,0.162734,0.172682,0.222138,0.218354,-0.021801,0.239422,0.047815,0.009129,0.186195,-0.144180,0.341088,0.015931,0.277069,0.213673,-0.077743,0.149304,0.126399,-0.129506,0.156927,0.193260,0.054831,-0.002756,-0.040820,0.075031,0.193002,0.233325,-0.149393,0.132548,0.039609,0.095540,-0.066171,0.095742,-0.187684,-0.002276,0.101116,#
9,0.107452,-0.059869,-0.065322,-0.028440,-0.023139,0.066075,-0.102147,0.157769,0.010730,1.000000,0.267435,-0.144668,-0.184610,0.265520,0.204370,0.010907,-0.107851,-0.054013,-0.147117,0.177599,-0.079955,0.023972,0.050242,-0.099180,-0.105299,-0.095679,0.170237,0.021920,0.007940,-0.038837,0.033709,0.150506,0.117168,-0.067019,-0.023787,-0.023695,-0.110439,0.176899,0.020293,-0.093083,0.209150,0.274357,-0.078768,-0.240133,0.069399,0.124548,0.100100,0.111799,0.146330,-0.212131,-0.154544,0.273541,0.082923,-0.091107,0.316325,0.383252,0.244438,0.320775,-0.044671,-0.243673,0.113403,-0.216466,0.060766,-0.158657,0.165612,-0.034195,-0.055880,-0.123511,0.019404,-0.095824,-0.058003,0.229333,0.074742,-0.016057,0.062156,0.075994,0.176469,0.066945,0.198875,-0.073792,-0.018386,0.294143,-0.185683,0.193120,-0.000192,0.317663,0.045239,0.089985,-0.026528,-0.013277,-0.332779,-0.007001,-0.136891,-0.077071,-0.073853,-0.103302,0.054571,0.020098,0.117725,0.206097,0.085240,0.074637,0.218085,0.040079,0.112194,0.010564,0.002976,0.125628,0.134769,-0.103926,0.035309,-0.000894,0.181454,-0.058114,0.065178,0.028428,-0.036177,0.211477,0.257595,-0.134493,0.217230,0.288316,0.051315,0.298262,0.043964,0.143512,-0.140309,-0.025845,0.164446,0.060746,0.153729,-0.006542,-0.218839,-0.011281,-0.038951,-0.078848,0.096852,0.150304,0.174358,-0.003984,0.070111,0.249481,0.029064,-0.175180,0.090900,-0.053018,0.123235,0.248728,-0.069841,0.286546,0.028771,-0.167817,0.145232,0.181748,-0.125273,0.359054,0.261420,0.083637,0.438012,0.113592,0.017454,-0.089757,-0.213397,0.234671,0.081978,0.036349,-0.141901,0.175568,0.084185,0.056685,0.134795,0.293409,0.071326,-0.043810,-0.074156,0.019305,0.122091,-0.191684,-0.155606,0.111776,-0.038404,0.046222,0.252271,-0.030262,-0.117539,0.008191,0.287095,0.138820,0.188087,-0.103157,-0.097115,-0.025389,-0.036407,0.179807,0.053159,0.174453,0.134699,-0.145735,0.178048,-0.065688,#
10,0.042852,0.395814,0.076767,0.250896,0.006602,0.102930,0.202488,0.068836,0.035780,0.267435,1.000000,-0.008471,-0.179907,0.355250,0.181937,-0.214685,0.058694,0.071208,0.260297,0.049291,0.002332,0.107469,-0.068131,0.019826,0.074726,-0.067951,0.145971,0.136066,0.036056,0.079233,0.244312,0.167496,0.064231,0.079552,-0.108522,0.171344,-0.062034,0.165757,0.073759,-0.000612,0.111489,0.087429,0.098649,-0.024981,-0.183624,0.096976,0.147974,0.202187,0.175489,-0.074776,0.118996,0.157982,0.133622,-0.065279,0.117071,0.279234,0.073203,0.124100,0.239777,-0.015351,-0.158259,0.073332,0.088017,0.046051,0.173021,0.253396,-0.027404,0.064509,0.013274,0.017487,0.003296,-0.022067,0.178779,0.097157,-0.013023,0.098684,0.185047,-0.188552,0.197793,0.087936,0.158256,0.161238,0.119432,0.285333,0.134314,-0.024849,0.300399,0.058280,-0.145008,0.202396,-0.034774,-0.043889,0.177625,-0.084567,0.111224,0.128019,0.214517,-0.108267,0.120776,0.182828,0.076467,-0.111173,0.117253,-0.014997,0.336468,0.085306,0.029931,0.250438,0.123592,0.020998,0.005206,0.133284,0.194138,-0.015510,0.247770,0.083310,-0.047893,0.013129,0.245903,-0.094131,0.029684,0.023728,0.078317,0.061320,0.089725,-0.181422,-0.101053,0.095905,-0.069010,0.345462,0.213794,-0.032509,0.059931,-0.057507,0.056659,0.146433,0.116602,0.258806,0.219468,0.147030,0.083349,0.140267,0.288949,0.037105,-0.148263,0.088103,-0.063141,-0.031400,-0.017668,0.113066,-0.128466,0.087850,0.117047,-0.154407,0.102428,0.057605,0.228942,0.005911,0.120281,0.249067,0.180506,0.180200,0.108707,0.157014,0.081281,0.123335,0.080200,0.365031,0.262510,0.052175,0.129132,0.270099,0.082375,0.069789,-0.061634,-0.021269,-0.025552,0.031510,0.258819,0.154308,0.163586,0.072247,0.275575,0.017610,0.281466,-0.136500,0.123027,0.138351,0.046410,-0.001053,0.110756,-0.016023,0.163550,0.006034,0.172563,0.051671,0.131091,0.224982,0.344462,0.259891,#
11,0.037229,0.155745,0.149581,0.399335,0.110941,-0.155385,0.084872,0.249603,0.050538,-0.144668,-0.008471,1.000000,0.100152,0.074335,-0.028594,0.012484,-0.098039,0.277382,0.136844,0.039876,-0.011474,0.152608,-0.041376,0.223345,0.231956,0.166682,-0.217598,0.135998,-0.225383,0.163864,0.239350,0.210227,0.189101,0.277706,-0.000451,0.027623,0.240094,0.208203,0.077263,0.042544,0.167950,0.169127,0.161762,0.367831,-0.122535,0.338967,0.296648,0.128844,0.145978,0.016069,0.323043,0.091101,0.082584,0.232018,-0.229757,0.142377,0.356868,0.092805,0.266318,-0.063969,-0.086125,0.033617,0.263913,0.273610,0.186448,0.200132,0.094031,0.338966,-0.054690,0.207720,0.075234,-0.046701,0.209697,0.138436,0.097962,0.192847,0.040116,0.077745,0.305090,0.065986,0.220146,-0.072519,0.217506,0.220600,0.287489,-0.102883,0.278089,0.372885,0.178307,0.160015,0.261064,0.138729,0.251262,0.419629,-0.063282,0.259234,-0.224588,0.174168,0.053879,0.263796,0.232662,-0.085428,0.014627,0.038795,0.198428,0.418095,0.324173,0.226652,0.262866,-0.051972,0.091964,-0.054151,0.211580,0.046061,-0.238453,0.375899,0.064199,0.107276,0.138830,0.180900,0.106191,0.109733,0.202168,0.228346,0.206716,0.087370,0.367247,0.338398,0.203278,0.209588,-0.170766,0.264838,0.046996,0.265994,-0.018255,0.000635,-0.130138,0.272522,-0.016051,0.267141,0.118422,0.192960,-0.013019,-0.020628,-0.028457,0.223085,0.218947,0.133559,0.234864,0.130007,-0.173462,0.260760,-0.032357,0.130843,0.357095,-0.063473,-0.052929,-0.043839,0.144755,0.293410,0.182825,0.151203,0.005240,0.031186,0.334490,0.213824,0.313110,0.230697,0.376748,0.087767,0.283402,0.008133,0.017888,0.063807,0.111324,0.258052,0.386425,0.199475,0.107002,0.037480,0.270390,0.227180,0.057525,0.079197,-0.153189,0.196997,0.096812,0.075398,-0.048548,-0.040965,-0.042376,0.021421,0.300258,-0.152619,0.080796,0.064563,0.210016,0.264464,0.057799,0.256498,#
12,0.039732,0.120946,0.018399,0.081562,0.172482,-0.040375,0.030617,-0.028259,0.105905,-0.184610,-0.179907,0.100152,1.000000,-0.229224,-0.022693,-0.117373,0.130617,0.143009,0.159392,0.289457,-0.022189,-0.150905,0.159833,0.045988,0.103706,-0.110140,0.030618,-0.161901,0.045317,0.185613,-0.048601,0.226164,0.247461,0.107451,0.143907,0.221457,0.253505,-0.073260,0.106104,-0.027676,0.196263,-0.181014,0.241917,0.150054,0.210328,0.137162,0.151905,-0.254276,0.013053,0.016621,0.239595,-0.008722,0.062508,0.082827,-0.238461,0.080133,-0.070774,0.203870,0.106463,0.047161,-0.013720,0.077671,0.110766,0.018587,-0.058631,0.166514,0.068668,0.068915,-0.060015,-0.145437,-0.152507,0.098366,-0.054311,-0.154717,0.302703,0.012890,0.132650,0.003705,0.045324,-0.147898,0.119956,0.144802,0.016710,0.005093,0.149253,0.241193,-0.131029,0.181454,0.024955,-0.040039,0.048291,0.023972,-0.295157,0.109001,0.111552,-0.008945,0.113892,0.192045,0.207428,-0.018406,0.058933,0.029227,0.061803,0.051449,0.107657,0.063306,0.227580,0.000525,-0.054027,0.058329,0.083245,-0.109338,0.102886,0.093986,-0.090480,0.013507,-0.134060,0.189187,0.045125,0.179541,-0.026912,0.034425,0.149213,-0.132600,0.188429,0.198853,0.212192,-0.069038,-0.069640,-0.167049,0.061647,0.070523,-0.028200,-0.063942,-0.092167,0.068323,0.061090,0.136430,-0.004183,0.137125,0.078376,-0.160941,0.078304,0.114900,-0.147875,0.057841,0.068505,0.129385,0.125282,-0.098424,0.005904,0.273344,-0.009995,0.010928,-0.111463,-0.121937,0.059841,-0.114872,-0.045580,0.048891,-0.104921,0.190201,0.016527,0.264011,-0.216524,0.063001,0.158921,-0.116711,-0.132769,0.083735,-0.052489,-0.125720,0.108534,0.000042,0.138150,-0.105065,-0.124333,0.270701,-0.102874,0.236453,0.053821,-0.017880,0.104171,0.078035,0.007118,0.157012,-0.168711,0.075408,-0.003209,-0.094514,0.115089,-0.012397,0.032018,-0.015237,-0.128445,-0.099515,-0.005148,-0.100133,-0.000034,0.008486,#
13,-0.011564,0.160915,0.222883,0.199498,0.105519,0.139934,0.211457,0.269180,0.180339,0.265520,0.355250,0.074335,-0.229224,1.000000,0.042862,0.130282,0.063301,-0.132554,0.114188,-0.023804,0.036996,0.211103,-0.084644,-0.096278,0.100966,0.183577,0.157257,0.152670,0.154571,-0.051579,0.246654,0.256380,0.230838,0.189258,-0.198623,-0.094564,-0.131549,0.079583,-0.079182,-0.077781,0.021995,0.204642,0.216301,0.171237,-0.136352,-0.005550,0.064807,0.217436,0.080483,0.025856,0.043615,0.242672,0.277811,-0.009499,0.063607,0.351857,-0.005398,0.255449,0.130439,0.130443,-0.009306,-0.055005,0.372944,-0.022796,0.023470,0.141679,0.288492,-0.053946,0.347631,0.001147,-0.236010,-0.116096,0.355024,0.115554,0.179373,-0.045857,0.239669,0.214745,0.109028,0.050341,0.168054,0.191295,-0.033936,0.367377,0.205619,-0.086486,0.255182,0.212292,0.216580,0.306917,-0.010173,0.024894,0.205217,0.105917,-0.120752,0.241518,0.028231,-0.144169,0.373119,0.081520,0.416643,-0.013820,0.300383,-0.067071,-0.064776,0.159461,0.122051,0.150844,0.331845,0.033508,0.040047,0.124207,0.183804,-0.014911,0.244995,0.064851,0.261546,0.130504,0.187184,0.126915,0.331298,0.218845,-0.071341,0.255709,0.124961,-0.039445,-0.078926,-0.004893,0.308760,0.259043,0.187498,0.035790,-0.055331,0.132317,0.280704,0.164637,0.176532,0.208295,0.431888,0.121026,-0.031105,-0.019739,0.307440,-0.083274,0.105821,0.248960,0.363716,0.250106,-0.036433,0.347609,-0.046355,0.108327,0.227482,0.095389,0.212676,0.233420,-0.030823,0.311795,0.127744,0.233442,-0.019006,0.208342,0.021178,0.321957,0.171404,0.192876,0.009060,0.193720,0.208528,0.342766,0.066220,0.164450,0.227360,0.004638,0.010025,0.123637,-0.142486,-0.033234,0.316600,-0.172183,0.176006,-0.019836,0.076394,0.139617,-0.179536,0.132614,0.054138,0.181990,0.078434,0.132250,-0.004278,0.008481,0.220405,-0.128351,0.169097,0.151966,0.122193,0.139132,0.193972,0.228798,#
14,0.234217,0.036017,-0.053708,-0.087106,-0.059278,0.080990,0.115316,0.182650,0.182575,0.204370,0.181937,-0.028594,-0.022693,0.042862,1.000000,0.167757,-0.076527,0.168002,0.151813,0.242786,0.034218,0.047993,0.244756,0.097592,0.186389,-0.039700,-0.085433,0.192543,0.229620,0.087768,0.042825,-0.035035,0.138137,-0.032904,-0.017175,0.112982,-0.004867,0.264053,0.091250,0.122413,0.180857,0.009951,0.101401,-0.021133,-0.008452,0.091606,-0.033210,0.207320,0.028679,-0.145863,0.227379,-0.002876,0.013540,0.020229,0.308806,0.227836,0.132899,0.084906,0.139649,0.063015,0.285778,0.136364,-0.100378,0.148798,0.138372,0.130452,0.146204,-0.024283,0.225185,0.001586,-0.263589,0.205501,0.032991,0.356181,-0.169465,-0.051230,0.051623,0.003517,-0.130271,0.283951,0.186887,0.022882,0.109557,0.170077,0.165843,0.220211,-0.204043,-0.028317,0.128504,0.150222,0.228429,-0.084332,0.175157,0.123008,0.132574,-0.135890,0.163804,-0.061295,0.316057,0.139501,-0.019810,-0.036854,0.071013,-0.029091,-0.086804,0.208690,0.195291,0.360825,0.049420,0.001278,-0.161040,-0.014575,0.061759,-0.112482,0.089410,0.037475,-0.000610,0.235047,0.345241,0.141424,0.397620,0.071770,-0.006650,0.076877,0.081347,0.053182,0.092346,0.213797,-0.324449,0.185704,-0.031533,0.171361,0.148937,-0.104541,0.033161,-0.268942,0.290305,-0.024581,-0.036852,0.042910,0.261066,0.143159,0.255068,-0.105576,-0.058824,0.197448,-0.058562,-0.024089,0.079311,-0.098787,-0.052666,-0.202921,-0.041967,0.115415,-0.138701,-0.030951,0.239881,0.171957,0.054370,-0.074485,0.037758,0.143804,-0.177627,-0.031414,0.097802,-0.019957,0.204698,0.247612,-0.102807,0.122980,0.229660,0.243173,0.277202,0.164785,0.077148,-0.027248,0.303069,0.263177,0.221781,0.236762,-0.037167,0.180010,0.018583,0.048580,0.177041,0.076048,0.005963,0.113568,-0.001073,0.080356,-0.098264,0.013854,0.136670,0.298373,0.202951,-0.179594,0.022841,0.095910,0.275249,0.107526,#
15,-0.214652,-0.061312,0.011611,0.094618,-0.014211,-0.009643,0.046657,0.092054,-0.203811,0.010907,-0.214685,0.012484,-0.117373,0.130282,0.167757,1.000000,0.018106,0.177801,0.011932,0.010086,-0.050666,0.019885,0.100078,-0.071901,0.038088,0.052534,-0.006987,0.022958,0.167358,-0.070899,0.056315,0.069157,0.173746,0.166235,-0.096674,-0.297927,0.025950,0.183905,-0.067834,-0.007540,0.091580,0.088880,0.021155,0.072677,0.121110,-0.040687,-0.122652,0.043844,-0.205809,-0.173603,-0.103515,-0.005805,0.044312,-0.227797,0.030210,-0.099074,-0.061663,0.049716,0.062508,0.238058,0.181909,-0.176752,0.053997,-0.013213,0.025814,0.002620,0.176233,0.020169,0.198723,-0.140034,-0.009149,0.106418,-0.051502,0.198253,0.112762,0.104028,-0.086188,0.308893,0.008240,0.199488,0.102549,-0.020540,0.035896,0.024247,-0.054619,0.112281,-0.098844,-0.073909,0.164810,0.022582,-0.090481,-0.062921,0.098253,0.281312,-0.241853,-0.004910,0.078848,-0.005642,0.139845,-0.068762,0.083921,-0.179425,0.161127,0.079223,-0.280370,0.069365,0.136079,0.048389,0.068980,0.078103,-0.195540,0.037587,-0.003939,-0.133180,0.034552,0.257129,0.248492,-0.058356,0.038081,0.033483,0.139812,0.272318,-0.085766,0.274526,0.111317,-0.272177,0.063963,-0.063693,0.130405,-0.051174,-0.228427,0.268058,-0.090700,0.129971,0.088552,0.099913,0.169868,-0.218414,-0.164838,-0.044980,-0.111563,0.074279,0.098289,-0.040439,0.038916,-0.013178,0.052992,0.102776,0.154458,0.168711,0.159903,-0.201605,-0.072704,0.427074,-0.304084,0.174182,-0.063267,0.120671,0.123194,-0.108169,-0.228330,-0.081511,0.135492,0.021607,0.020300,0.113187,-0.015696,0.119704,-0.054880,0.042750,-0.056333,0.049053,0.248456,-0.228002,0.060620,-0.134610,0.024243,-0.020285,-0.270410,-0.020474,-0.044267,0.069280,0.013203,0.287640,-0.027864,-0.004448,-0.174823,-0.098968,-0.074485,-0.092006,-0.336659,0.152118,0.050271,0.143846,-0.037071,0.147384,-0.079182,-0.131033,0.003527,-0.121136,#
16,-0.012395,0.124094,-0.122502,0.127688,0.206069,0.190876,0.150668,-0.049887,0.025736,-0.107851,0.058694,-0.098039,0.130617,0.063301,-0.076527,0.018106,1.000000,0.158277,0.011434,-0.053848,0.246932,0.026602,0.185752,-0.022361,-0.204930,0.312138,-0.057309,-0.198718,0.128728,-0.102229,0.198570,0.322708,-0.082034,0.267612,-0.212454,0.113663,0.035959,-0.018416,-0.030457,0.315716,-0.195950,0.147750,-0.039256,-0.077606,0.170610,0.228326,-0.044254,-0.132399,0.182930,-0.143098,-0.130335,0.070782,0.167860,-0.125384,0.237005,0.054307,-0.231648,0.124654,0.174265,-0.003012,0.000983,0.190555,0.068036,0.092308,0.002517,-0.023137,0.244664,0.329279,-0.135162,0.005147,-0.065749,-0.053180,0.204045,0.133915,0.172590,0.112491,0.088745,0.105243,0.057299,0.039403,-0.173539,0.093433,-0.046455,-0.054942,-0.086586,0.072300,0.064397,0.227421,0.095023,-0.014941,-0.002974,0.050626,-0.153497,0.082959,-0.033304,0.040366,0.080538,-0.072339,0.226084,0.146210,-0.001736,-0.131911,-0.219477,-0.010724,-0.018134,0.058730,0.021023,-0.254024,-0.142590,0.003286,0.124551,0.091682,0.087431,-0.058378,0.131570,0.139366,0.041347,-0.102702,-0.099383,0.132887,-0.157349,-0.155331,0.248748,0.094717,0.132339,-0.102936,0.125547,-0.049179,0.073215,0.049837,-0.072151,0.100712,0.166208,-0.050283,0.350973,0.174689,-0.032398,0.112880,0.247458,0.371155,-0.147438,0.032051,-0.118013,0.015971,0.063364,-0.045932,-0.081487,0.023624,0.044066,-0.237092,0.112225,-0.006238,0.085109,-0.032823,0.056928,0.070004,-0.088960,-0.044695,0.019418,0.154705,-0.098583,0.210174,0.239114,0.199911,-0.132314,0.149166,0.220062,0.065875,-0.139556,-0.067935,-0.150461,-0.101196,0.138695,-0.171622,0.164165,0.147564,-0.124339,0.026002,0.106685,-0.065133,-0.102364,0.025440,0.249464,-0.237619,-0.049026,-0.007315,0.051785,0.151990,0.042382,-0.035057,-0.029714,-0.252182,-0.093877,0.045803,0.138174,0.088674,0.021967,0.179553,-0.068757,-0.078854,#
17,0.188368,0.106072,-0.138481,0.129690,0.095835,0.131928,0.209880,0.189290,-0.022737,-0.054013,0.071208,0.277382,0.143009,-0.132554,0.168002,0.177801,0.158277,1.000000,0.006217,0.256624,0.335070,0.118679,0.244583,0.202683,-0.031998,-0.057713,-0.188052,0.043425,0.067053,0.318145,-0.008109,0.198190,0.300197,0.203643,-0.172066,0.077044,0.119426,0.368245,0.153250,-0.086220,0.195743,0.005172,0.010847,0.263159,-0.031870,0.269970,0.153546,0.093794,0.385388,0.053899,0.243184,-0.015987,-0.161818,0.112225,0.013541,0.048476,0.167329,0.158882,0.189087,0.196756,0.282303,-0.035970,0.068866,0.189903,0.059845,0.138769,0.195406,0.221170,0.082080,0.209336,0.065511,0.109553,0.133826,0.245315,0.144984,0.169096,0.132693,0.360466,0.062520,0.194712,0.079780,0.058161,0.394432,0.047428,0.181484,-0.110236,-0.080141,0.107197,0.193649,0.189077,0.083326,0.061420,0.009549,0.288311,-0.026391,0.027211,0.326045,0.477486,0.041139,0.143670,0.029370,-0.067700,0.137329,0.169114,-0.029129,0.353543,0.164612,0.139694,-0.071303,-0.241063,-0.001855,-0.192072,-0.040747,0.302771,-0.049217,0.266368,0.017330,0.053084,-0.004651,0.230756,0.058226,0.032673,-0.047177,0.344536,0.269116,-0.094800,0.141575,0.311867,-0.061308,0.120967,-0.274109,0.207026,0.304911,0.143705,0.081389,0.251014,0.239001,0.026351,0.173439,0.394936,0.163856,0.154170,-0.023230,0.194916,0.169082,0.105210,-0.038580,-0.152884,0.153308,-0.138947,0.172619,-0.198990,-0.173210,0.207996,0.018532,-0.044244,0.061328,-0.006944,0.418798,0.187904,0.105894,0.396952,0.170357,0.063761,0.155754,0.196855,0.173764,0.373860,0.083418,0.180629,0.395605,-0.045722,-0.038924,0.042295,0.169414,-0.129454,0.306280,0.154994,-0.101544,0.272490,-0.106323,0.382210,0.207189,0.016565,0.096015,0.007315,0.195357,0.252252,0.139296,0.122308,0.013968,0.140534,0.251228,0.045622,0.343607,0.177675,0.205477,0.120692,0.108205,0.120417,#
18,0.082444,0.079318,-0.147579,0.172907,0.107843,0.092121,0.096528,-0.024561,-0.017464,-0.147117,0.260297,0.136844,0.159392,0.114188,0.151813,0.011932,0.011434,0.006217,1.000000,0.131088,0.010376,0.196436,-0.317498,0.149909,0.328874,-0.068293,0.184747,0.286811,0.159426,0.124010,0.285427,0.173762,0.312224,0.016038,0.030364,0.140074,0.220356,0.008855,-0.005606,0.008252,-0.091917,0.209083,0.015350,0.344619,0.029529,0.000307,0.035767,-0.102567,-0.170574,0.063726,0.222030,-0.369423,0.115956,0.110851,-0.033234,-0.106223,0.144684,0.084927,0.154417,-0.125060,-0.072538,-0.012607,0.177679,0.239804,-0.229939,0.197762,0.212582,0.202525,-0.019461,-0.387076,0.001567,-0.017291,0.099450,0.120447,-0.148800,-0.003892,0.001920,-0.072927,0.210863,0.161767,0.433136,-0.075700,0.077124,0.232282,0.291411,-0.241938,0.246242,-0.034934,0.087889,0.052658,0.220781,-0.026926,0.099390,0.264220,-0.021120,0.124438,0.235374,0.026363,0.057937,0.280263,-0.048282,0.218249,0.155648,0.089539,0.329851,0.301464,0.053896,0.171075,0.063120,0.152421,0.163041,0.165131,0.041832,0.104228,-0.149871,-0.125360,0.110461,0.004040,0.232555,0.065667,-0.034242,0.030168,0.008764,0.057120,0.025860,-0.049627,0.101109,0.001317,0.031087,0.184755,0.065743,0.124998,0.184295,0.035863,0.045823,-0.227799,-0.017788,0.227101,0.153163,0.240043,0.320703,-0.016778,0.190571,-0.087915,-0.044802,0.049705,-0.008532,-0.123504,0.009737,-0.012311,-0.207748,0.181014,0.215702,0.034044,-0.121849,0.094451,0.128019,0.053438,-0.130630,0.156783,0.130647,0.041738,0.056738,0.042405,0.068631,0.029153,0.095128,0.163103,0.086565,-0.012125,-0.167189,-0.057022,0.264763,-0.075415,-0.031958,-0.066632,0.003290,0.339059,0.394740,0.091601,0.075223,0.180286,0.078677,0.030312,0.271680,-0.008830,0.062945,0.332405,-0.092923,0.019283,0.247744,0.141612,0.239826,0.082370,0.042178,-0.036387,0.106024,0.234163,0.164892,0.161036,#
19,0.303165,0.150976,0.023777,-0.046464,0.168900,-0.221473,0.107354,0.242800,0.187032,0.177599,0.049291,0.039876,0.289457,-0.023804,0.242786,0.010086,-0.053848,0.256624,0.131088,1.000000,-0.026897,0.369826,0.242997,0.079967,-0.073194,-0.039646,0.148874,0.112692,0.172125,0.250301,-0.246907,0.186632,0.287415,0.017764,0.041479,0.222278,-0.068868,-0.027668,0.329417,0.033134,0.068155,0.114389,0.013802,0.014976,0.046356,0.239209,0.084456,0.365741,0.192450,-0.056278,0.148001,-0.046019,-0.024788,0.340876,0.128731,0.052684,0.140976,0.231634,0.157765,-0.006782,0.204181,-0.022562,0.010235,0.151722,0.031662,0.167082,-0.072705,0.195181,0.079613,0.127471,0.024108,0.098348,0.114467,-0.127937,0.131783,0.154457,0.092704,0.203061,0.174549,-0.038770,0.215250,0.065644,0.025677,0.072581,0.327589,-0.092302,-0.016463,0.066291,0.150704,0.213720,-0.023032,0.089453,0.054972,-0.007347,0.029459,-0.024509,0.193161,0.262959,0.035948,0.150678,0.035822,-0.163229,0.214391,0.136222,0.065165,0.240965,0.141711,0.475162,0.039475,-0.003075,0.068786,0.098159,0.015097,0.163836,0.109922,0.170362,0.112920,0.234712,0.161378,0.147885,0.346293,0.257358,0.043810,0.085855,0.357054,0.236110,0.265607,0.279842,-0.269415,0.066839,-0.115805,-0.086112,0.203786,0.169126,0.022852,-0.072452,0.147700,0.188044,0.043404,0.277788,0.169941,0.188251,0.117859,-0.141065,0.032453,-0.020948,0.210288,0.187548,0.239544,-0.224519,0.096950,0.080401,0.062720,0.105586,0.019906,-0.109650,0.193438,0.069301,0.150728,-0.192789,0.166629,0.241030,0.110686,0.021181,0.067095,0.263126,-0.036142,0.034336,0.113411,0.086142,0.216181,0.030006,0.306674,0.089374,0.065313,-0.111483,0.233791,0.138179,-0.023892,0.122170,0.058127,0.369237,-0.072665,0.009141,0.158262,0.034616,0.155949,0.275591,0.227353,0.133144,0.203648,0.025831,0.157778,0.217031,0.186809,0.009436,0.052048,-0.153940,0.227708,0.351164,#
20,0.069421,-0.019090,0.041554,0.091475,0.147382,0.263239,0.309037,0.072315,0.338345,-0.079955,0.002332,-0.011474,-0.022189,0.036996,0.034218,-0.050666,0.246932,0.335070,0.010376,-0.026897,1.000000,0.094514,0.108288,0.161261,0.040012,0.182116,-0.217454,0.140169,0.019472,0.213968,0.153632,0.164981,0.183159,0.254717,-0.078837,0.049319,0.089197,0.050087,-0.235575,0.165976,0.032042,0.224392,-0.119506,-0.036244,0.157876,0.326167,0.120598,0.037971,0.125342,0.192598,-0.109366,0.132862,0.011614,0.273953,-0.050934,-0.127181,0.059321,0.121457,0.212787,0.173895,0.037515,-0.094564,0.191222,0.193686,0.112530,0.060814,0.188824,-0.049440,0.189303,-0.042257,0.091170,-0.064540,0.403583,0.214024,-0.071476,-0.088296,0.055756,0.065981,-0.062702,0.249263,0.183945,0.021855,0.374115,-0.079281,0.100653,0.201369,0.011263,0.267907,0.157358,0.314086,-0.023677,0.289010,-0.185723,0.129371,0.083896,0.140473,0.103042,0.075009,-0.000421,0.074869,0.069929,-0.101811,-0.074736,0.053456,-0.114892,0.071460,0.056156,-0.005435,-0.159858,0.109503,0.103465,0.006885,-0.075879,0.351587,-0.187431,0.122177,0.146115,-0.161460,-0.276469,0.003125,-0.105812,-0.104158,-0.203148,0.018975,0.224368,-0.022810,0.073690,0.269173,-0.004859,0.126885,-0.066993,0.080518,0.181606,-0.241560,0.255059,0.212394,0.154280,0.266308,0.292017,0.199471,0.023897,0.031453,-0.215516,0.161954,0.221781,0.088273,-0.282940,0.068974,0.140789,-0.044089,0.107919,0.008225,0.061271,-0.048083,0.182898,0.056560,-0.004121,-0.186056,0.219903,0.153818,-0.016074,0.241902,0.090077,0.077883,0.076216,0.121538,-0.060032,0.290776,-0.001406,-0.107401,0.171816,-0.110587,-0.067385,0.038735,-0.030059,0.317556,-0.043659,0.138550,0.219787,0.142869,0.015229,-0.003555,0.126036,0.274588,0.097498,-0.184632,0.140441,0.048439,0.029091,0.266002,0.130678,-0.104853,0.147634,0.033733,0.229828,0.179067,0.058662,0.101095,-0.066901,-0.084770,#
