0,1.000000,-0.055014,-0.159552,0.217875,0.173183,0.105550,-0.027348,-0.076509,0.154082,-0.108810,-0.054487,-0.131456,0.085518,-0.228167,0.222759,0.372724,0.069761,0.265842,0.263942,0.039545,0.010602,-0.019478,0.465118,0.304578,-0.012565,0.077107,0.131369,-0.147489,-0.003585,0.058554,-0.034378,0.227941,0.180475,0.306504,0.175510,0.000638,0.072976,0.261431,0.172199,0.283820,0.017427,0.182007,0.129705,0.192296,0.085469,-0.005022,0.002282,0.255583,0.054470,0.301610,0.027961,-0.039789,0.036354,0.143709,0.221313,0.154117,0.313779,0.113471,0.055453,0.110810,0.043638,0.053907,0.240837,-0.144227,-0.040079,-0.060225,-0.014930,0.144180,-0.050511,0.173680,0.178880,-0.020041,0.044267,0.192923,0.091132,-0.272171,0.237083,0.143749,0.058185,0.080346,-0.101475,0.073139,0.078939,0.169279,0.222354,0.029624,0.135375,0.072464,0.239509,0.375147,0.216788,0.092555,0.097051,0.068654,0.018849,0.220631,-0.036899,-0.130265,-0.022428,0.171248,0.214446,0.104106,-0.183253,-0.013020,0.236125,0.189626,0.321366,0.158476,0.129729,-0.138733,-0.055635,0.078989,-0.102426,-0.081514,0.235778,0.030258,-0.058636,-0.225058,0.153063,0.065037,0.121025,0.002135,0.119441,0.094467,0.082459,0.113465,0.152620,-0.060415,0.102082,0.223649,0.172866,0.085002,-0.121558,-0.023485,-0.056396,0.184951,0.028340,0.062497,-0.104308,0.059216,0.258162,0.202334,0.044028,0.141020,-0.052550,0.089518,0.177252,-0.065465,0.120075,0.105325,-0.121873,-0.106685,-0.151489,0.021268,0.032072,0.364482,0.170815,0.069429,-0.001988,0.133213,0.007770,0.046104,-0.032721,-0.124917,0.093572,0.436526,-0.165284,0.319482,0.262262,0.048160,0.000336,-0.271076,0.194053,0.049582,-0.021538,0.125143,0.231495,0.123061,-0.016058,0.039227,0.353512,0.025714,0.073505,0.049955,0.099758,-0.014002,0.257584,0.321375,0.113267,-0.084130,-0.077784,0.133387,-0.039114,-0.009493,0.060260,-0.028319,-0.005464,0.242599,0.183808,0.019133,#
1,-0.055014,1.000000,0.208980,0.144338,0.052642,0.033547,0.289964,0.040178,0.149247,-0.103877,0.164462,0.225175,0.037580,0.106776,0.034915,-0.137463,0.087107,0.068617,-0.070663,-0.018074,0.134885,0.191002,0.028044,-0.236727,0.075068,0.019952,0.218294,0.269626,-0.323846,0.120904,0.036984,-0.043692,-0.017094,0.052916,-0.111688,0.291467,0.051645,0.039865,0.205989,-0.107868,-0.096943,-0.171174,0.204825,0.083031,0.086783,0.008534,0.414741,-0.010345,-0.008285,-0.183866,0.067693,-0.229356,0.340838,0.195614,0.062701,0.143916,0.091327,-0.132347,-0.075052,-0.037428,-0.014603,0.020632,0.142715,0.013568,-0.212154,-0.095687,-0.043150,0.166804,0.051113,0.117513,0.041102,0.036474,0.145569,-0.060989,0.113706,-0.002440,0.125377,0.185719,0.124403,0.037599,0.136675,0.129445,0.004956,0.037912,0.103296,-0.178395,0.099323,0.099889,0.063471,-0.112682,0.073592,0.002841,-0.066881,0.095213,-0.043973,-0.006784,-0.027239,-0.050925,-0.069596,0.108236,0.126243,0.194779,0.155924,0.024696,-0.016448,0.015982,0.148014,0.084715,0.007340,0.077145,0.021795,0.004616,-0.043169,-0.170205,0.122550,0.244921,0.302906,-0.026462,-0.055831,0.070796,-0.224187,0.034020,-0.012635,0.094247,-0.117285,-0.137479,0.193193,-0.080854,0.111633,0.186321,0.073812,0.133994,-0.102530,0.110459,0.140519,-0.059406,0.183951,0.100202,0.246857,0.253610,0.066737,0.068772,0.187802,0.336138,0.401198,0.100478,-0.010855,-0.079714,0.092682,0.050031,0.026482,0.019211,-0.157316,-0.231477,0.143097,0.102289,-0.174968,-0.029285,-0.351081,-0.339581,-0.070976,0.082909,0.163870,0.249766,0.156634,-0.291814,-0.119145,-0.075926,-0.061429,0.283403,0.154668,0.157334,0.133950,-0.145975,-0.106866,-0.013036,-0.010290,0.131271,0.141969,-0.021894,0.076541,0.009249,0.036852,-0.028899,0.179073,-0.016630,0.087799,-0.079378,-0.041292,0.124161,0.158823,-0.040192,-0.235984,0.204774,0.144457,0.105827,-0.308993,-0.008628,-0.012452,0.282373,#
2,-0.159552,0.208980,1.000000,-0.143640,0.077319,0.115358,0.169339,0.075766,0.059325,0.000111,0.380012,0.352817,0.121524,0.074152,-0.238940,0.039956,-0.098965,-0.026833,-0.003504,-0.094667,0.049180,0.088712,-0.368170,-0.183260,0.063922,0.097978,0.055560,0.156434,-0.153152,-0.155116,-0.024838,0.033551,-0.069231,-0.131971,-0.116530,0.040258,0.038214,-0.156489,-0.051352,-0.283199,0.053223,-0.043639,0.199929,0.027511,0.256223,-0.277499,0.151454,-0.068648,0.098155,-0.022040,0.071229,0.158908,-0.036373,0.008817,-0.013216,-0.095879,-0.035999,-0.017133,0.139428,0.155972,0.204600,-0.006235,-0.238012,0.218607,0.067767,0.085786,0.146607,0.121399,0.158894,-0.068392,-0.260650,0.145720,-0.107234,-0.005634,0.130733,0.050129,0.082442,0.050067,0.045297,-0.109186,-0.018974,-0.212760,-0.169396,0.001351,-0.018220,-0.059405,-0.066845,0.130340,-0.047125,-0.077281,-0.251841,0.090532,0.051469,0.216773,-0.170974,0.229002,-0.027675,0.069474,0.177963,0.089828,-0.198120,0.095783,-0.205465,0.077375,-0.201800,-0.012916,-0.070706,0.139984,0.110464,0.109573,0.183036,0.209850,0.074942,-0.034788,-0.017482,0.199009,0.152455,-0.185452,-0.316658,0.034542,-0.054784,-0.155161,-0.060618,-0.105921,-0.004122,-0.217339,0.154674,0.000196,0.068971,-0.073187,-0.144495,0.065031,-0.032571,0.060258,0.096235,-0.020057,0.008536,0.155243,0.291689,-0.076320,0.119750,0.057887,0.009136,-0.101552,0.376775,-0.225777,-0.382048,-0.252291,0.097994,-0.184872,0.050578,0.005350,0.246262,-0.009554,-0.118212,-0.022175,0.043315,-0.309457,-0.122624,-0.011834,-0.010505,0.039489,0.054981,0.240366,-0.074588,0.229788,0.120522,-0.005851,-0.094641,-0.036761,-0.178271,0.357304,0.085634,-0.044462,0.198515,-0.284730,0.079461,0.122072,-0.272233,0.066740,0.235022,0.073100,-0.273914,0.140480,0.073393,0.187461,-0.041406,-0.070574,0.092433,-0.209963,-0.005151,0.030368,0.132737,-0.042872,0.132417,-0.084838,-0.209626,-0.081037,0.018225,0.200138,#
3,0.217875,0.144338,-0.143640,1.000000,0.032186,0.124371,0.146682,0.070824,0.320614,-0.034435,0.226765,0.022389,0.164361,-0.130603,0.220467,0.079245,0.173981,0.353085,0.177461,0.167046,0.113132,0.006051,0.254155,0.247892,0.067355,0.129892,0.111029,0.087013,0.155485,0.084720,-0.041938,0.147824,0.530655,0.221492,-0.084960,0.069701,0.076408,0.376479,0.262923,0.170177,-0.032662,0.206394,0.294499,0.288568,0.000839,0.151407,0.064598,0.209950,0.003506,0.128297,0.101298,0.209531,0.277085,-0.046798,0.086021,0.155567,0.036045,-0.089395,-0.170680,0.214571,0.181788,0.248951,0.054931,-0.017072,0.289620,0.133447,-0.020135,-0.120287,0.047388,0.293660,-0.075185,0.052961,0.243034,-0.012194,0.127469,0.070296,0.101847,0.102362,0.047992,-0.200075,0.261809,0.111418,0.208843,0.069540,0.242358,0.060747,-0.031904,-0.013183,0.256084,0.122656,0.022488,0.062751,0.107064,-0.016225,0.011456,0.082741,0.109425,-0.228523,0.300662,0.141524,0.111114,0.022540,0.080596,0.049466,0.164030,0.023254,0.302994,0.206105,-0.033149,0.089714,0.037261,0.136261,0.019080,-0.112401,0.058947,-0.093640,0.199178,0.130332,-0.095503,0.140943,0.056709,-0.002523,0.033177,0.323407,0.076951,0.145309,0.289158,0.210090,-0.147754,0.128717,0.344186,0.097390,0.042793,0.264189,0.154339,0.176233,0.074953,0.143465,0.216558,0.048333,0.167843,0.254124,0.106074,-0.031817,0.063060,-0.059432,0.312339,0.197733,0.035544,0.233994,-0.048592,0.085109,0.078436,0.016604,0.222453,0.083330,-0.063282,0.174648,0.102998,0.128365,0.133586,0.091717,0.299557,0.263058,0.106150,0.085265,-0.040769,0.123046,-0.153436,-0.071706,0.192698,-0.043364,0.053224,-0.179549,-0.039737,0.064242,0.223480,0.043291,0.041341,0.151080,0.086851,0.362368,0.197181,-0.350188,-0.227061,0.122848,0.038143,0.089632,0.129220,0.039839,0.148007,0.073655,0.023911,-0.177886,0.162589,0.149121,0.206726,-0.098544,0.004954,-0.069889,#
4,0.173183,0.052642,0.077319,0.032186,1.000000,0.203744,-0.098004,0.056908,0.198471,0.016890,0.059866,-0.027878,-0.109339,-0.158083,0.000530,0.053245,-0.232297,0.193638,0.029764,0.225158,0.267805,-0.115541,0.148679,0.080477,-0.023304,0.134316,-0.011453,-0.114749,0.160215,0.028924,0.058724,-0.032759,-0.029993,0.030436,-0.041823,0.231796,0.310353,-0.005343,-0.007861,0.060588,0.071474,0.474277,0.033224,-0.110150,0.118476,-0.047921,0.224109,0.058856,0.060136,0.097656,-0.048989,0.105761,0.068067,0.096185,0.357763,0.328362,0.105153,0.039550,0.071004,-0.044915,-0.072888,0.172763,-0.018244,-0.038629,-0.036972,-0.209597,0.066925,0.026237,-0.098156,0.096142,0.076982,0.084819,0.104295,0.208055,-0.099070,-0.122159,0.079243,0.216171,0.075728,0.061148,0.168168,0.136684,0.030124,-0.051364,0.358977,-0.050646,0.016004,0.092089,0.039539,0.231089,0.302237,-0.035513,0.161760,0.033084,0.101236,0.239646,-0.051146,-0.022539,-0.157915,-0.014623,-0.101057,-0.007684,0.152103,0.082940,0.023626,0.186211,-0.023749,0.264562,0.222100,0.139517,0.124396,0.307288,0.188862,0.182043,0.136913,-0.110114,0.156079,-0.033940,-0.050200,0.073418,-0.036182,-0.020815,0.046865,-0.106799,0.274594,-0.037286,0.224792,0.094261,0.135914,-0.016793,0.251637,0.118960,0.022967,0.052534,0.014854,0.055215,0.036562,0.170818,0.162242,0.125113,0.304171,0.040710,0.090520,-0.064993,0.212381,0.192993,0.056375,0.268601,0.036894,-0.124230,0.039972,0.158932,0.055352,0.288514,0.284709,-0.038200,0.271125,0.036399,-0.179168,0.101783,0.157777,-0.050940,-0.115765,-0.202492,-0.164966,0.082369,0.008296,0.126665,0.026858,-0.010329,-0.119807,-0.132828,0.393355,0.149370,0.180933,0.072912,0.120724,0.162994,0.069713,0.225377,0.007951,-0.037341,0.209028,-0.033587,0.184834,0.063151,-0.306491,0.202313,0.232279,0.270924,-0.043181,0.281380,-0.026144,-0.115288,0.287117,0.046132,0.178959,0.059191,0.063131,0.253532,#
5,0.105550,0.033547,0.115358,0.124371,0.203744,1.000000,0.089052,0.287002,0.172021,0.227468,0.142951,0.149439,0.246414,-0.070131,0.173860,-0.105382,-0.124496,0.006978,-0.091938,0.180930,-0.025626,0.016939,0.180560,-0.191838,0.153450,-0.021751,0.095722,0.184059,0.126518,0.079077,0.144652,0.047424,0.205317,0.083292,0.019988,0.228120,0.177473,-0.036606,0.064837,0.175744,0.262845,0.071749,0.243198,0.035332,0.056560,0.032911,0.101528,-0.141669,0.228604,-0.038313,0.202640,0.111229,-0.000613,-0.194258,0.351904,0.143485,0.075763,-0.100640,0.309808,-0.032256,0.016060,-0.016633,0.106860,0.071628,0.258338,0.036360,0.048804,0.013109,0.103294,-0.159634,0.099857,-0.020017,0.196988,0.338838,0.014192,-0.121496,0.102122,-0.048562,0.152131,-0.027864,0.073330,0.056062,0.272422,-0.137666,0.132163,-0.103383,-0.000445,0.024111,-0.057052,-0.164268,-0.065912,0.164580,0.212830,0.375836,-0.127547,0.325542,-0.088421,0.007792,0.011975,-0.007713,-0.093970,0.037549,-0.153251,0.048171,-0.001337,0.206590,0.195050,0.157338,0.076622,-0.036588,0.109851,0.126345,-0.067185,-0.059575,0.018195,0.002204,0.109309,0.110179,-0.199781,0.037412,-0.219870,0.098731,-0.011169,0.006006,-0.082673,-0.057873,0.040236,-0.235245,0.303257,0.045683,0.315792,-0.094704,0.158853,0.269856,0.244238,0.130541,0.050773,0.153593,-0.104724,-0.082731,0.006635,0.173656,0.123281,-0.018537,0.130719,0.061590,0.135144,0.086991,-0.070234,0.086406,0.243411,0.090585,0.293517,0.097234,0.039504,0.047477,0.019275,0.025679,0.025281,-0.032811,0.175188,-0.041854,0.217750,0.209621,-0.065878,0.100783,0.026721,0.283006,0.166126,0.094285,0.298599,-0.002722,0.449180,-0.123665,-0.091701,0.108356,0.157982,0.025341,0.054992,0.119440,0.073762,-0.047046,0.251894,0.132621,-0.106632,0.045255,0.136181,-0.027079,0.201503,-0.060720,0.015046,0.196445,0.116178,-0.097216,0.342628,-0.164511,-0.135164,0.128252,0.169795,0.403222,#
6,-0.027348,0.289964,0.169339,0.146682,-0.098004,0.089052,1.000000,0.052549,0.185562,0.042004,0.057175,0.128235,-0.076457,0.060701,-0.121026,0.018889,-0.071826,-0.074764,0.100774,-0.171958,-0.020329,0.216467,-0.043341,-0.113588,0.092271,-0.013220,-0.004843,0.139896,-0.038861,-0.018741,0.120214,0.105649,-0.023939,0.064179,-0.210374,-0.109189,-0.164455,0.150193,-0.113976,-0.071670,-0.230314,-0.130663,0.071186,0.184750,0.028678,-0.150232,-0.019346,-0.067713,0.083801,-0.119778,0.001229,-0.208465,0.035594,0.027064,-0.128453,0.041537,-0.117986,-0.107861,0.093942,0.236988,0.176914,-0.139145,0.218624,-0.154218,0.006958,0.269947,-0.123478,0.099293,-0.079783,0.050303,-0.036289,0.015580,-0.089862,0.208846,0.223940,-0.077490,0.264782,0.146281,0.109136,-0.192534,-0.090210,-0.247098,0.123324,0.081893,0.005520,0.068859,0.045600,0.165300,-0.118362,-0.072915,-0.004297,-0.178480,-0.012609,0.000217,-0.046751,0.027300,0.062241,-0.056490,0.132828,0.164000,0.001305,0.311281,0.065574,0.071536,-0.286177,0.298507,0.275473,0.023410,0.245021,0.089166,0.058804,0.064573,-0.089236,-0.339159,-0.041795,0.196755,0.089840,-0.030035,-0.107936,-0.102333,0.027292,0.094983,-0.178426,0.044765,-0.163128,-0.109171,0.015968,-0.084119,-0.187709,-0.046397,-0.029692,0.078925,-0.043041,0.043697,-0.087075,0.147576,-0.013891,0.000464,-0.013487,0.140994,-0.076770,0.250175,-0.211946,-0.037098,0.006652,-0.034397,0.097801,-0.120580,0.120012,-0.248305,0.211357,-0.277229,0.162915,-0.215977,0.159876,0.011360,-0.037883,0.229684,-0.074670,-0.127967,-0.144524,0.030638,0.102737,0.270471,0.058705,0.112551,-0.235719,0.018328,-0.150697,0.086075,-0.066107,-0.079416,0.037173,0.007555,0.099536,0.000382,-0.057948,-0.003483,0.102005,-0.118517,-0.007683,-0.050756,0.142438,-0.046314,-0.043216,0.114564,-0.051650,0.097602,0.100931,0.059759,0.083154,0.188414,-0.181044,-0.016563,-0.101666,-0.067185,0.071221,-0.040788,0.037974,0.183830,#
7,-0.076509,0.040178,0.075766,0.070824,0.056908,0.287002,0.052549,1.000000,0.188953,-0.099888,0.221091,0.380069,0.040516,-0.073641,0.149105,0.058810,0.137373,0.369428,-0.049001,0.062533,-0.124535,-0.021159,-0.042422,0.067061,0.267958,0.160812,0.059800,0.331320,-0.035582,0.170841,0.039626,-0.185107,0.253674,-0.026570,-0.216418,0.196876,-0.088022,-0.247753,0.175576,-0.063119,0.241078,-0.184515,0.053358,0.138027,0.132958,-0.069832,0.005969,-0.083489,-0.112197,-0.000080,0.213349,-0.031235,0.132391,0.101131,0.122696,-0.062567,0.090739,0.173715,0.149395,0.023607,-0.122256,0.150484,0.127513,0.076796,0.131350,0.165097,0.340775,-0.144731,-0.105602,0.277671,0.023314,0.030629,0.189962,0.023011,-0.313922,0.043594,-0.127768,0.115972,-0.091449,0.272430,0.097834,-0.017326,0.171206,0.043634,0.167703,0.083594,0.136215,0.038007,0.029003,0.047984,0.089685,0.106753,0.150257,0.214453,-0.210718,0.055434,-0.054485,0.073144,-0.129264,0.138367,0.023649,-0.058833,-0.213804,0.082876,-0.083004,-0.054514,0.087160,0.197744,-0.176194,0.051789,0.038503,0.084847,0.038057,0.142280,0.199183,0.107123,0.043101,-0.105807,-0.176736,-0.069609,0.017308,0.126559,-0.013383,0.006787,0.117695,0.023689,0.127556,-0.215902,0.059317,-0.038117,0.167275,0.101746,0.161782,-0.080284,0.381481,0.112417,-0.235099,0.348441,0.008889,0.038145,0.140492,0.001105,-0.123796,-0.097488,0.156196,-0.063476,0.196272,-0.071152,-0.100312,-0.019650,0.173850,0.108677,0.098833,-0.138551,0.011032,0.138416,0.190965,-0.013341,0.115348,-0.047333,0.064125,0.049538,0.337090,-0.020978,-0.225111,0.142629,0.278294,0.057055,-0.111322,0.029922,-0.025885,-0.035199,0.273807,-0.044221,0.139907,-0.000519,-0.088636,0.029982,-0.194695,0.341722,0.097944,0.211192,0.198946,0.177832,-0.259583,0.044602,-0.054785,-0.095248,-0.024850,0.158003,0.274148,-0.070335,0.089297,0.009108,0.144394,-0.205327,-0.080510,-0.093437,-0.007364,0.145084,#
8,0.154082,0.149247,0.059325,0.320614,0.198471,0.172021,0.185562,0.188953,1.000000,0.115070,0.217157,0.177403,0.224301,-0.416861,0.230758,0.305622,-0.054217,0.168170,0.146598,-0.010197,-0.105010,0.029537,0.150222,0.239279,0.026813,-0.068140,-0.043108,0.188303,-0.135075,0.176653,-0.198850,0.137057,-0.062241,-0.035698,0.019794,0.065938,0.097123,-0.125659,0.066057,0.003747,0.176874,0.060546,0.202746,0.090422,0.294823,0.098843,-0.091412,-0.093424,0.125156,0.072805,0.172354,0.212425,0.236005,0.097245,0.058946,0.217999,0.205439,0.195232,0.023273,0.241391,0.115175,0.014979,0.195909,-0.117243,0.219660,0.286913,0.144655,-0.109265,0.221510,0.033168,0.008443,-0.135805,0.033799,0.082055,0.189232,0.073467,0.035317,0.127442,-0.063482,0.092380,0.231767,0.053769,-0.023362,0.065481,0.237229,0.098233,0.073337,-0.052591,-0.001052,0.107744,-0.047560,0.238735,0.250966,-0.157566,0.210431,0.281677,0.259883,-0.077224,0.127555,-0.033873,0.014769,-0.121425,0.192754,0.054487,0.114837,-0.080556,0.178715,-0.009227,-0.149113,0.071466,0.056772,-0.033652,-0.168354,-0.070617,0.105467,0.102878,0.121504,-0.200877,0.038510,0.192788,0.011970,0.040309,0.055707,-0.023939,-0.001954,0.075006,0.188246,0.274691,-0.179808,0.259355,0.119821,-0.236257,0.050189,0.135877,0.144212,0.283471,-0.025455,0.222497,0.060064,-0.106418,0.205150,0.104323,0.133918,-0.090611,-0.119875,-0.099146,0.178598,0.036240,0.195211,0.052326,0.157762,0.004807,0.045880,0.021505,0.182562,0.309499,0.329034,0.249047,-0.029675,0.048822,0.002474,-0.074320,0.098518,0.150762,0.095975,0.059597,0.043250,-0.118011,-0.059558,0.202288,0.069879,-0.041391,0.099066,-0.185345,0.095115,0.113945,0.013282,0.028023,0.040493,0.211757,0.055474,-0.009960,0.046288,-0.092347,-0.190249,0.109799,-0.113336,0.041689,0.290466,0.042858,0.065725,0.087016,0.057445,-0.147951,0.292804,-0.064098,0.023689,-0.101012,-0.046809,-0.065715,#
9,-0.108810,-0.103877,0.000111,-0.034435,0.016890,0.227468,0.042004,-0.099888,0.115070,1.000000,0.201585,-0.162269,0.150435,-0.017746,0.033780,0.153441,0.071967,-0.099581,-0.272496,0.229368,0.020314,-0.119019,-0.024049,-0.151720,-0.136396,-0.218439,-0.013240,-0.029426,-0.083958,0.138151,0.253772,-0.108277,-0.161375,0.170126,0.191379,0.001379,-0.117867,0.139172,-0.220332,-0.221430,0.084987,-0.042531,0.059310,-0.067127,-0.066922,0.078830,0.023976,-0.152118,0.027983,0.009813,0.082011,0.037392,-0.025726,-0.040512,-0.244459,-0.007125,-0.043630,-0.110983,0.277837,-0.143727,0.193597,0.223356,0.191097,0.093141,-0.026457,0.113131,-0.101639,-0.086708,-0.041052,-0.205816,0.223701,0.039690,-0.070578,0.127399,-0.154796,0.026406,-0.164641,-0.205209,0.168551,0.176687,0.057616,0.150418,-0.196755,-0.248676,0.225999,0.014119,0.031765,0.002690,-0.365053,-0.258691,-0.034307,0.183113,0.197792,-0.216135,-0.006310,0.150277,0.069740,0.124551,0.081663,-0.350420,-0.270249,-0.070391,0.198536,0.029760,0.264401,0.084600,-0.032755,-0.236573,0.060754,-0.155771,-0.029136,-0.134634,-0.117176,0.324078,-0.074349,-0.030543,-0.111420,-0.019369,0.129425,-0.192896,-0.077086,0.156236,-0.203797,-0.099567,-0.244174,-0.003831,-0.214635,0.086168,-0.046896,0.268327,-0.121116,-0.198682,0.041760,0.045320,0.055474,0.067639,0.135184,0.159376,-0.057242,-0.405752,-0.147955,0.098742,0.182424,-0.022067,-0.211489,0.118998,-0.021982,0.121608,0.215422,0.371006,-0.113663,-0.129636,0.279619,0.215697,0.137649,-0.082914,-0.027691,0.153737,0.041316,-0.193254,0.136701,-0.091409,-0.032721,0.273017,0.088269,-0.010923,-0.022516,-0.129016,0.196769,-0.234171,0.077273,-0.078666,-0.006063,-0.022052,-0.065823,0.043318,-0.048916,0.040008,0.067487,-0.089133,0.031159,0.023553,0.103945,0.119667,-0.053712,-0.032103,-0.033004,-0.021704,0.098680,0.000270,0.108228,0.016905,-0.034661,-0.065298,-0.042864,0.072770,-0.048222,-0.058588,-0.117610,0.157722,#
10,-0.054487,0.164462,0.380012,0.226765,0.059866,0.142951,0.057175,0.221091,0.217157,0.201585,1.000000,0.104911,0.310911,-0.011219,0.189442,0.110714,0.149801,0.167424,0.107221,0.255699,0.006964,-0.041081,-0.079340,0.073810,0.079781,-0.101891,-0.146963,0.232990,-0.155450,0.258185,0.137346,-0.064144,0.234100,0.094221,0.171169,0.118224,0.038005,0.068973,0.264239,0.019333,0.220069,-0.078930,0.226915,0.028353,-0.007613,0.112188,0.275681,-0.055541,0.175634,0.069727,0.192389,0.078056,0.002600,0.205043,-0.097782,0.159212,-0.009796,-0.173539,0.090540,0.239993,0.133241,0.319153,-0.099139,0.393728,0.373399,0.237418,0.319903,0.056147,-0.079552,0.027967,0.072205,0.138671,0.054319,0.234421,-0.020660,0.177833,0.029578,0.133814,0.001391,0.014892,0.346473,0.019365,0.149335,0.086013,0.401213,0.051067,0.117774,0.224673,0.007596,-0.026367,-0.062118,0.213296,0.223590,0.200721,-0.047771,0.296760,0.141445,0.040433,0.142581,0.054597,-0.329106,-0.066495,0.160851,-0.054678,0.117541,-0.111184,0.036249,0.183710,-0.116285,-0.137320,0.117662,0.196342,0.049822,0.034568,0.472891,0.283073,0.099419,-0.090010,-0.018959,0.106453,0.112286,0.128608,-0.085263,-0.001420,-0.093999,-0.152401,0.128126,0.032213,0.185054,0.096708,0.166271,0.136770,-0.009101,0.026240,0.216206,-0.131397,-0.015380,0.443783,0.101872,-0.177902,0.189082,0.081504,0.137460,0.047232,0.332720,-0.088706,-0.114905,0.138904,0.220913,0.070110,0.282482,0.278973,0.098156,-0.050844,0.218904,0.028118,0.084205,-0.153925,0.104529,-0.101312,0.101850,-0.131492,0.445922,0.329410,0.310227,0.112831,0.262514,-0.097544,-0.156085,0.130029,0.155128,0.047128,0.066304,-0.000084,0.137311,-0.040409,0.113781,0.222003,-0.168600,0.071646,0.291020,0.186541,0.219146,-0.065832,0.018355,0.141429,0.080759,-0.337861,0.114690,0.220296,0.363067,-0.072593,0.087559,-0.042904,0.152616,0.069512,-0.258942,0.028945,0.089864,0.426121,#
11,-0.131456,0.225175,0.352817,0.022389,-0.027878,0.149439,0.128235,0.380069,0.177403,-0.162269,0.104911,1.000000,0.001230,0.033227,-0.209677,-0.038064,0.092595,0.119787,-0.118126,-0.343850,-0.071548,0.135177,-0.142804,-0.062318,0.154021,0.256232,-0.120252,0.273761,-0.139692,0.152308,0.142128,0.009247,0.057910,0.024150,-0.021599,0.216078,0.018050,-0.243018,-0.056739,0.034556,-0.075764,0.089204,0.338138,0.159966,0.034368,-0.044160,-0.134145,-0.085540,0.081330,-0.148863,-0.104029,0.210669,-0.084457,0.198291,0.045306,-0.175164,-0.175696,0.264011,0.108126,0.071479,-0.040573,-0.050801,0.068068,-0.008775,0.038470,0.194982,0.121665,0.069833,0.138298,0.148750,-0.206129,-0.093052,0.222625,-0.031628,-0.216772,-0.143457,0.027487,-0.053238,-0.028560,-0.089219,0.074483,-0.014152,0.145166,-0.039032,0.038867,-0.029502,-0.188571,0.203071,0.135758,-0.049039,-0.190465,0.270178,0.288167,0.287196,0.082813,0.085188,-0.095150,-0.093021,0.316093,0.278073,0.014733,0.055894,-0.238922,0.105075,-0.228972,0.109259,0.113230,0.192109,0.094356,0.095705,0.196539,0.104975,0.050382,0.123697,-0.124145,0.307010,-0.005902,-0.014052,-0.261261,0.091566,-0.032561,0.017079,0.043574,-0.014660,-0.018592,-0.055709,-0.054608,0.023014,0.048499,-0.069428,0.039824,0.164216,0.244342,0.049328,0.136986,0.066279,-0.241491,0.335665,-0.011824,0.211909,0.022142,-0.073903,-0.002193,0.035874,0.222369,-0.050966,0.124814,-0.091250,-0.091071,-0.130687,0.045529,0.240892,0.035148,-0.101108,-0.001586,0.132382,0.066925,-0.210277,0.074958,-0.097020,0.003191,0.284932,-0.052160,-0.022881,-0.136387,0.010446,0.224452,0.045617,-0.142682,0.143264,0.031745,0.001859,0.051797,-0.215904,0.120105,-0.054640,-0.094467,0.022928,-0.046604,0.037763,0.243565,0.017888,0.066827,-0.101434,-0.250986,0.108881,-0.169533,0.053820,0.076100,0.229998,0.098673,-0.178867,0.189253,0.195725,0.361078,0.099229,0.016797,-0.119894,-0.010544,-0.085660,#
12,0.085518,0.037580,0.121524,0.164361,-0.109339,0.246414,-0.076457,0.040516,0.224301,0.150435,0.310911,0.001230,1.000000,-0.071339,0.315798,0.263516,0.237181,0.120604,0.221014,0.197764,-0.083776,0.155173,0.074821,0.141890,-0.231434,-0.001914,0.009916,0.388345,-0.155740,0.097365,-0.169297,0.266953,0.075729,0.088374,0.178217,0.284625,0.081208,0.131834,-0.029752,0.053454,0.045964,0.052584,0.069658,0.140587,0.224279,0.048829,-0.006574,-0.054841,0.305287,0.109150,0.064173,-0.013154,0.060728,0.120770,0.272863,0.003405,0.099752,-0.008658,-0.065836,-0.124064,0.144370,0.314217,-0.115904,0.199032,0.375906,0.042738,0.155949,0.062577,0.063810,0.007969,0.058352,-0.017068,0.195948,0.089730,0.081458,0.072303,0.069462,-0.370979,0.046060,-0.011460,0.271694,0.015230,-0.157790,0.042238,0.184709,0.032500,0.080575,0.235787,0.103492,0.068700,0.024866,0.066357,0.027687,0.129131,0.060161,0.188714,0.138096,-0.094441,0.150502,-0.075320,0.204754,0.021668,0.021024,-0.128449,0.237817,-0.119405,0.275833,0.183721,-0.030631,0.029521,0.106336,0.099167,-0.040834,-0.019056,0.049814,-0.006534,0.173889,-0.060674,0.149318,-0.099686,0.155774,0.193829,0.218284,0.033352,0.068212,-0.373332,0.346952,0.073213,-0.052914,0.111009,0.047501,-0.036111,-0.073152,0.176617,0.157782,0.017545,0.145535,-0.049723,-0.002234,0.040405,0.219485,0.094734,0.044615,-0.039120,-0.110293,-0.140077,-0.091429,0.068380,-0.055646,0.103167,-0.049898,0.100550,0.163888,-0.045164,-0.151351,0.308299,0.023251,-0.124106,0.035268,0.050532,-0.076763,0.188259,0.105795,0.223779,0.260070,0.038829,0.291962,0.064686,0.244744,0.081057,0.273165,0.158955,0.096134,0.139807,0.176597,0.119162,0.247714,0.256389,-0.008476,0.036582,0.181075,0.115308,0.175572,0.093573,0.075289,-0.151577,0.064652,0.145457,0.001152,-0.103941,0.287582,-0.051300,0.277627,0.048315,0.158271,0.134756,-0.065730,0.096892,0.156246,-0.072248,#
13,-0.228167,0.106776,0.074152,-0.130603,-0.158083,-0.070131,0.060701,-0.073641,-0.416861,-0.017746,-0.011219,0.033227,-0.071339,1.000000,0.201268,-0.168643,0.171720,-0.093939,-0.042571,0.229566,0.077558,-0.171602,-0.187418,-0.047732,-0.206406,0.108521,0.052819,-0.104109,-0.176674,-0.137009,0.107262,0.031702,0.070802,0.089147,0.172718,0.004758,-0.068800,0.043283,-0.200591,0.163459,-0.224614,-0.102861,-0.056044,-0.040898,0.028592,0.042440,0.106488,-0.180514,0.000712,-0.094914,-0.118980,-0.177886,-0.062540,0.158104,-0.001929,-0.106088,-0.144381,-0.034343,0.015073,0.164505,0.128244,0.185429,0.031976,0.119355,0.005893,-0.036762,0.343969,-0.007097,-0.058584,-0.030139,0.013420,0.014724,-0.297613,-0.146162,0.240622,0.126828,0.288282,-0.048316,0.237553,0.030084,-0.017424,0.103971,-0.130663,0.108292,0.045184,0.081525,-0.021854,0.102099,0.022557,-0.159975,-0.092926,-0.023066,-0.124664,0.182498,-0.066963,-0.180543,-0.062215,-0.129400,-0.101242,0.272592,-0.102476,0.186950,0.052852,0.196690,-0.115463,-0.027793,0.235389,0.130966,0.138396,0.089956,-0.071785,-0.040697,0.310848,0.005403,0.007164,0.088001,0.256616,0.024889,-0.206361,-0.086368,0.073697,-0.030860,0.159650,-0.013944,0.050716,-0.122494,-0.027509,-0.067455,0.031212,0.066615,-0.286304,0.120250,-0.077049,-0.125640,-0.003639,-0.020851,0.010551,-0.027520,-0.029125,0.168315,-0.299483,-0.071316,0.182609,0.195676,0.016177,0.060091,-0.241795,-0.063098,-0.162043,-0.107195,0.029121,0.017869,0.063702,0.212310,-0.123685,-0.152120,-0.150270,-0.044453,0.057928,0.067695,-0.306508,0.198568,0.002743,0.157850,-0.055828,0.008503,-0.038019,-0.120425,0.060692,-0.170272,0.089048,0.094205,-0.147470,0.165014,0.093211,0.024283,0.105485,0.085948,-0.022749,-0.221918,-0.074561,0.167766,0.029179,-0.029728,0.334272,0.188699,0.158157,-0.096503,-0.268672,0.119426,0.079960,0.077433,-0.043051,0.207763,-0.206887,0.025928,-0.074431,-0.155111,0.010545,-0.094190,#
14,0.222759,0.034915,-0.238940,0.220467,0.000530,0.173860,-0.121026,0.149105,0.230758,0.033780,0.189442,-0.209677,0.315798,0.201268,1.000000,0.170921,0.200637,0.130863,0.129029,0.479394,0.009481,-0.137848,0.143026,0.344720,-0.112437,-0.061374,0.263203,0.155278,-0.112595,0.118616,-0.090429,0.242593,0.097573,0.050261,0.153241,-0.010604,0.029959,0.096134,-0.054627,0.308303,0.097818,-0.086671,0.213207,-0.066537,0.197348,0.330900,0.191776,-0.241038,0.143351,0.233165,0.215898,-0.081514,0.347295,0.276555,0.369765,0.185437,0.149004,-0.077976,-0.044794,0.036177,0.124802,0.306215,0.084624,0.030699,0.120815,-0.174697,0.385159,0.166249,-0.131170,0.091106,0.232149,-0.044043,-0.002675,0.068080,0.318289,0.215276,0.160854,-0.017779,0.190106,0.122481,0.260320,0.190802,0.051644,0.157802,0.244941,0.255807,-0.013833,0.027064,0.008371,-0.035612,0.066972,0.200875,0.051486,0.000039,0.179861,0.138835,0.041861,0.045119,-0.265722,0.003088,0.217059,0.185048,0.020732,0.299155,0.333779,-0.048151,0.450697,0.147535,-0.047742,-0.034745,-0.070666,-0.314434,0.106169,0.109196,0.163047,-0.047657,0.106197,-0.119216,0.091392,0.042384,0.295839,0.198614,-0.122492,-0.113730,0.095235,-0.084521,0.073191,-0.012430,-0.014813,0.394278,-0.008953,0.015496,-0.066844,-0.022541,0.020605,0.181091,-0.096528,0.240003,-0.029518,0.075382,0.155554,0.313627,0.092806,0.173250,-0.145766,0.114379,0.139752,0.073814,-0.293294,0.014387,0.250377,0.289726,-0.083935,0.134817,0.241978,0.186173,0.081651,-0.054209,0.019391,0.074045,-0.059107,-0.061056,0.290700,0.101146,0.176206,0.009303,-0.040799,-0.061756,0.119625,0.109207,0.309903,0.025841,0.084573,0.033537,0.041458,0.006818,0.239474,0.225941,0.158854,-0.047187,0.044010,0.104820,0.131302,0.008630,0.249162,0.041498,0.266469,-0.253897,-0.066647,0.112005,0.166439,0.077186,0.003698,-0.021102,-0.012542,0.007201,-0.154986,-0.070670,0.043956,0.023102,#
15,0.372724,-0.137463,0.039956,0.079245,0.053245,-0.105382,0.018889,0.058810,0.305622,0.153441,0.110714,-0.038064,0.263516,-0.168643,0.170921,1.000000,0.331054,0.176940,0.169157,0.167092,-0.116888,0.011596,0.160799,0.317997,-0.085285,0.224855,0.090182,0.150724,0.026684,0.165747,0.043457,0.230531,-0.067978,0.175565,0.091583,0.075175,0.003464,0.026673,0.158456,-0.130120,0.010213,0.130820,0.080191,0.195221,0.109763,0.107023,-0.299400,0.021140,0.060653,0.394097,-0.056708,0.084084,0.205873,0.195277,0.103822,0.178343,0.076502,0.218850,0.158357,0.083232,-0.020118,0.172191,0.350101,-0.049070,0.024611,0.109841,0.018023,0.158549,-0.097503,-0.054315,0.174476,0.113034,0.104367,-0.116878,0.018358,0.036991,0.048758,-0.037111,-0.095552,0.051146,0.214849,-0.019894,-0.245095,0.412485,0.210726,0.044314,0.027913,0.284783,0.081220,0.160607,-0.074902,0.093633,0.023187,-0.018994,0.152476,0.049116,0.398628,-0.095008,-0.053631,-0.152832,0.142874,0.067169,-0.083470,-0.014865,0.032717,0.233133,0.092884,0.066268,-0.143011,0.030295,0.051762,0.025238,-0.145701,0.023037,0.047581,-0.046223,-0.198193,-0.215238,0.101023,-0.233966,0.269531,0.093843,0.099094,0.131783,0.068191,-0.088450,0.024363,0.187518,-0.128332,0.132833,0.107938,-0.017508,0.019025,0.059734,0.037719,0.163573,-0.148342,0.151880,0.112711,-0.208593,-0.040235,0.233602,0.039600,-0.009115,0.039765,-0.144388,0.020905,0.135139,0.360992,0.091420,-0.095708,-0.003645,0.128693,0.258041,-0.006249,0.399941,0.159055,0.087444,0.073677,0.101167,0.146619,-0.168368,0.186496,0.155744,0.028212,0.197068,0.134756,0.023383,0.216871,-0.102413,-0.077618,-0.120545,0.006994,-0.029310,0.219169,-0.030711,0.300356,-0.026663,-0.151511,0.169847,0.383570,0.076482,0.014275,0.084281,-0.112657,0.122360,0.002903,0.253881,-0.044781,0.008669,0.107179,-0.094028,0.080225,-0.144654,0.003322,-0.069739,0.094189,0.112147,-0.000311,-0.288867,#
16,0.069761,0.087107,-0.098965,0.173981,-0.232297,-0.124496,-0.071826,0.137373,-0.054217,0.071967,0.149801,0.092595,0.237181,0.171720,0.200637,0.331054,1.000000,0.118066,0.065095,0.305356,-0.066324,0.146245,0.184104,-0.003170,-0.222308,0.084140,0.026857,0.028451,-0.107629,0.322769,-0.050434,0.029719,-0.053980,0.343694,0.185172,0.137566,-0.034400,0.121867,0.094645,-0.184991,0.046603,-0.079217,0.075476,0.096212,0.049590,0.164976,-0.061390,0.101131,-0.162729,0.002761,0.023207,0.104448,0.172975,0.168725,-0.026195,-0.033330,0.122093,0.006537,-0.078474,-0.012781,-0.086274,0.257184,0.345046,0.345268,0.270072,0.027422,0.001527,0.109965,-0.050740,0.115946,-0.101489,0.348554,0.241230,-0.247153,-0.102422,0.178025,-0.124895,0.064591,-0.045730,0.152452,0.170005,0.120999,-0.007206,0.116286,0.136159,-0.026070,0.216702,0.026592,0.001674,0.000666,-0.008056,0.137756,0.028469,-0.145163,0.084982,-0.083658,0.209454,-0.241587,-0.196991,0.177898,0.039295,0.039579,-0.140391,-0.112604,0.120590,-0.178029,0.312926,0.296223,-0.100403,0.146071,-0.103114,0.037707,0.052846,0.002477,0.078399,0.164005,-0.124734,0.133767,-0.139034,0.089458,0.270374,0.159016,-0.024966,0.279651,0.074212,-0.264740,-0.082567,-0.073553,-0.198098,0.277779,-0.070473,-0.087190,0.364610,-0.421348,0.178868,0.221974,-0.152306,0.212257,-0.032256,-0.140453,-0.085928,0.146478,0.168611,0.083994,0.194118,0.077496,-0.027046,0.062148,0.087310,0.199444,-0.282269,0.116863,-0.064019,0.091699,0.072988,0.120708,-0.084022,-0.008652,0.111697,-0.034170,-0.009641,0.100553,0.179036,0.186067,0.098714,0.031823,0.204609,0.065370,0.151515,-0.095863,0.063913,0.002620,-0.202577,0.000179,0.104340,0.190399,0.022274,0.038159,-0.105671,-0.022543,0.142076,0.075186,0.079925,0.002848,-0.046433,0.103714,0.234850,0.050422,-0.141018,0.021067,0.424931,-0.335904,-0.285848,0.092527,0.144101,0.268314,-0.036781,-0.085543,-0.134265,-0.170456,#
17,0.265842,0.068617,-0.026833,0.353085,0.193638,0.006978,-0.074764,0.369428,0.168170,-0.099581,0.167424,0.119787,0.120604,-0.093939,0.130863,0.176940,0.118066,1.000000,0.143842,0.210032,0.173762,-0.129119,0.023571,0.174799,-0.016970,0.169632,-0.005695,0.004717,-0.037911,-0.045595,0.076134,0.007306,0.369666,-0.022138,-0.007467,0.137185,-0.247226,0.065391,0.157461,0.013647,0.119175,0.197508,-0.011416,0.245123,0.054150,-0.074944,0.099423,0.034066,-0.055586,0.041444,0.094951,-0.006167,-0.020522,-0.016028,0.191097,0.142765,0.326476,0.115586,0.075257,-0.040248,-0.070695,0.256182,-0.019088,0.041331,0.145316,0.160486,0.250766,0.216023,0.004799,0.219034,-0.054002,0.283304,0.206607,-0.065032,-0.116903,0.103129,-0.064614,-0.121738,-0.072698,0.125159,0.070257,0.031324,0.158021,0.154418,0.157449,-0.093814,0.098260,0.149582,0.200311,0.074741,0.024365,-0.045277,0.270811,0.000120,-0.177023,0.138869,-0.013408,0.074389,0.255817,0.193209,0.043293,-0.118328,-0.056751,0.013204,0.079969,0.042776,0.051908,0.117081,0.031420,-0.126533,0.252706,0.216641,0.200048,0.050517,0.176678,0.067414,0.076106,-0.171098,0.099694,-0.099822,0.033365,0.235935,0.155738,-0.012694,0.419847,-0.060017,0.088191,0.015965,-0.088691,0.190799,0.094288,0.125290,0.168555,0.023852,0.185193,0.164419,0.057275,0.235921,-0.082217,0.164343,0.152944,0.090157,0.102237,0.060042,0.038045,0.053309,-0.095682,0.051708,-0.107291,-0.068791,-0.141789,0.003838,-0.092007,0.165038,0.228683,0.288496,0.073136,0.118117,0.002529,0.218806,0.076722,0.041332,0.079438,0.113792,-0.095387,0.140895,0.048478,0.107123,0.084399,-0.197456,0.144918,-0.080805,0.153778,-0.050256,0.248241,-0.070579,0.052452,-0.045944,-0.265027,0.282890,0.141998,0.114397,0.114902,0.170016,-0.140774,0.074231,0.016501,0.046728,0.221024,-0.011985,0.244721,0.096076,0.228014,-0.121962,0.222458,0.055146,0.079244,-0.092269,-0.063018,0.049667,#
18,0.263942,-0.070663,-0.003504,0.177461,0.029764,-0.091938,0.100774,-0.049001,0.146598,-0.272496,0.107221,-0.118126,0.221014,-0.042571,0.129029,0.169157,0.065095,0.143842,1.000000,0.037757,0.076777,0.038730,0.204226,0.344368,-0.122903,0.091581,-0.130943,0.092947,-0.015423,-0.070927,-0.155007,-0.168293,0.235984,0.201565,0.161136,0.210299,0.118912,0.263660,0.060154,0.389251,0.081151,0.066924,0.103865,0.060201,0.100309,-0.065664,-0.104063,0.006269,0.076826,0.312024,0.023885,0.185390,0.026479,0.040845,0.193099,0.216892,0.058462,0.068714,-0.085092,0.130385,-0.049236,0.096015,0.172188,-0.032158,0.192570,-0.032586,0.244754,0.060161,-0.119115,0.108798,-0.075521,-0.001046,-0.234366,-0.296952,0.158295,0.225104,0.121656,0.121260,-0.025825,0.057959,0.006522,-0.036233,0.147336,0.155093,-0.072133,0.110579,0.072967,-0.088714,0.092563,0.236830,0.209392,-0.144558,-0.042764,0.046449,0.135232,0.282691,0.222943,-0.005328,0.241435,0.246150,-0.006323,0.022768,0.011954,-0.072557,0.184905,0.093991,0.215661,0.044400,0.102598,0.063053,0.111832,0.318443,0.034546,-0.238853,0.234129,0.020231,-0.062050,-0.383325,0.140102,0.273470,0.103085,0.017617,0.113112,-0.014335,0.038653,-0.156346,0.162355,0.187381,0.051774,0.007001,0.035333,0.256987,-0.162743,0.174570,0.069549,-0.056030,0.115881,0.140608,-0.201781,0.153982,-0.064285,-0.009199,0.066163,-0.030449,0.090242,0.098137,-0.099831,0.033299,0.031640,-0.132284,0.142139,0.076525,-0.051974,0.164501,0.103146,0.169683,0.218658,0.073902,-0.093342,0.260770,0.039307,0.148555,0.235967,0.061998,0.006686,0.322355,0.058506,0.100449,-0.028656,0.292400,-0.114703,-0.044162,0.027169,0.246746,-0.056680,0.239110,0.223929,0.149695,0.055640,-0.187188,0.102792,0.049204,0.243698,-0.119054,0.070510,-0.036187,0.275970,-0.001340,-0.053312,-0.127599,-0.022024,0.111677,0.076014,0.072392,0.088831,0.000180,0.102621,-0.009021,0.266560,-0.161649,#
19,0.039545,-0.018074,-0.094667,0.167046,0.225158,0.180930,-0.171958,0.062533,-0.010197,0.229368,0.255699,-0.343850,0.197764,0.229566,0.479394,0.167092,0.305356,0.210032,0.037757,1.000000,0.137792,-0.198558,0.138525,-0.071836,-0.091791,0.218142,0.026069,0.027494,-0.006513,0.157857,0.167825,0.111670,0.158572,0.077334,0.286744,0.193089,-0.111732,-0.008752,0.076519,0.123691,0.300593,0.037182,-0.047125,-0.092065,0.012195,0.062123,0.230177,-0.014401,-0.170874,0.274740,0.099089,-0.009716,0.042287,0.008936,0.224134,0.307971,0.202633,-0.190646,0.104804,0.073808,0.240034,0.393423,0.159210,0.226435,0.350414,-0.143046,0.273907,0.148969,-0.249779,-0.020182,0.228949,0.146652,0.023959,0.060244,0.182354,0.356215,0.028755,0.074488,0.205611,0.197225,0.294871,0.297234,0.161350,-0.005696,0.160469,0.166947,0.134069,0.173470,-0.030255,-0.042940,0.020824,0.034730,0.180182,-0.052507,-0.170231,0.196382,0.300047,0.045807,-0.247242,-0.031303,-0.092237,0.051116,0.203396,0.094049,0.346418,0.028443,0.048305,0.268342,-0.028519,-0.140297,-0.098220,-0.003963,0.270730,0.143642,0.203032,-0.096172,0.250130,0.071117,0.121232,-0.286584,0.187703,0.202323,0.120698,0.185295,0.238898,-0.199166,0.191541,0.036078,-0.116933,0.298918,-0.043189,0.032018,0.122361,-0.170172,0.026582,0.156056,-0.047771,0.297409,0.085292,-0.070698,0.009735,0.340818,0.267973,0.215303,-0.000344,0.166339,-0.152668,0.133597,0.070571,0.103636,0.038046,0.245576,0.006684,0.327012,0.243468,-0.163603,-0.003163,-0.051220,0.107096,0.136710,0.296546,-0.080116,0.232710,0.177846,0.147168,0.101713,0.049853,0.169948,0.186724,-0.180539,0.047648,0.154218,0.202733,0.101382,0.100220,0.028205,0.185250,0.223768,0.096152,-0.036387,0.057619,0.071984,0.209771,0.175570,0.224094,0.099302,0.011335,-0.092537,-0.022887,0.019605,0.364989,0.172030,-0.031998,-0.158643,0.048805,0.135438,-0.020608,0.164970,0.076297,0.159410,#
20,0.010602,0.134885,0.049180,0.113132,0.267805,-0.025626,-0.020329,-0.124535,-0.105010,0.020314,0.006964,-0.071548,-0.083776,0.077558,0.009481,-0.116888,-0.066324,0.173762,0.076777,0.137792,1.000000,0.040324,-0.103845,-0.020038,0.059413,0.226114,-0.021711,-0.227634,0.042430,-0.334595,-0.094913,-0.162650,0.091036,-0.002813,-0.092014,0.035333,0.021501,0.072052,0.040574,0.076489,0.173077,0.125837,-0.067351,-0.273341,0.173780,-0.094110,0.336689,-0.069589,-0.116477,-0.049586,-0.339680,0.070349,-0.068988,0.146265,0.285531,0.164715,0.200270,0.111047,-0.016257,-0.140988,0.000408,0.253256,0.129163,-0.052656,-0.125697,-0.109051,0.043846,0.172259,0.218590,0.174427,0.170700,0.268037,0.042452,-0.048315,-0.105399,-0.064311,-0.008820,0.232885,0.058979,-0.123630,-0.082138,0.157886,0.127812,0.010086,0.148979,-0.080787,0.174841,-0.042498,0.312074,0.030361,0.085815,-0.059867,0.125188,0.041362,0.200994,0.020974,-0.101156,0.130869,0.195586,-0.014606,0.033718,0.004070,0.106927,-0.139288,0.073668,0.049857,0.015565,0.292721,0.125330,0.059390,0.263661,0.426073,0.199725,-0.238554,0.176629,0.265190,0.185214,0.163216,0.087128,0.198568,-0.091364,0.152824,0.056758,-0.111563,0.082958,-0.120712,0.013762,0.121140,0.066097,-0.012395,-0.008741,0.140216,-0.060288,0.001931,-0.106738,-0.223864,0.309651,0.009106,-0.015497,-0.104526,0.164895,0.144713,0.077667,0.103929,0.109863,-0.053793,-0.060249,-0.047902,-0.034444,0.059548,0.165051,0.045444,-0.254996,0.132819,-0.043449,0.061579,-0.034346,0.031825,-0.308774,0.315115,0.159127,0.091642,0.079196,0.152564,0.136496,0.016277,-0.220712,0.161483,0.017701,-0.072208,0.054383,-0.205484,0.034577,0.035597,0.042192,0.059312,-0.063369,0.020443,0.228619,0.026944,-0.082396,0.121770,-0.119157,-0.103278,0.082097,-0.283678,0.100679,0.081519,0.118883,0.315045,0.006751,0.213372,-0.147965,0.005608,0.078161,0.076495,0.218220,0.002405,-0.061797,0.180504,#
