0,1.000000,-0.019723,0.142837,-0.107703,0.158737,-0.081839,-0.257434,-0.223143,0.050241,0.031547,0.088829,-0.115660,0.035100,-0.020809,0.032624,0.160856,-0.028966,0.017312,0.094050,0.069138,0.047967,0.090181,0.059189,0.129170,0.197888,0.138806,0.060974,-0.029061,0.058760,0.166794,-0.007320,0.120473,0.003001,0.143977,0.147947,-0.085097,0.079862,-0.034331,0.213267,0.166455,0.216332,-0.025807,0.130958,-0.065595,0.037580,-0.009765,0.007296,0.290844,0.211465,0.275610,0.132491,-0.104210,0.115579,0.104058,0.083071,0.209853,0.091449,0.011463,-0.154784,-0.103390,0.050359,-0.135669,0.273525,-0.266438,-0.170858,-0.083674,-0.162005,0.162223,0.110631,-0.064534,0.304351,-0.032489,0.155507,0.119041,0.052236,-0.225285,0.110589,0.049645,-0.056466,0.016720,-0.011823,0.004464,-0.033771,0.176832,0.166514,-0.039594,0.203155,0.294910,0.152242,-0.021995,0.085658,0.081136,0.096195,0.123039,0.245132,0.116521,0.185954,0.076838,-0.010699,0.110992,0.201853,0.106394,-0.085315,0.124373,0.160454,-0.069380,0.134434,0.029609,0.000701,-0.164558,-0.063490,0.001616,-0.086879,0.209207,-0.084966,-0.185025,0.075593,0.078714,0.050193,-0.063542,0.144561,0.234443,0.260145,0.046812,-0.052835,0.102398,0.118562,-0.180185,0.227210,0.084705,0.212029,0.125143,0.116316,0.219855,-0.017911,-0.135480,0.178687,-0.093062,0.093551,0.154795,0.086954,-0.024242,0.030086,-0.174338,-0.005676,0.063361,0.083431,0.167111,0.305991,0.171810,-0.052375,-0.002508,0.299685,-0.133088,0.104953,0.247361,0.011099,0.011857,0.046912,0.208080,-0.141479,0.145872,-0.207080,-0.089562,0.229667,0.034768,0.035881,0.129249,0.183034,-0.042415,0.239130,-0.051303,-0.114186,0.320736,-0.076968,0.083051,0.150066,0.166568,0.071773,-0.080824,0.083453,0.153721,-0.035639,-0.042533,0.202321,-0.194700,0.226594,0.157663,0.267071,-0.002596,-0.058962,-0.029676,-0.063283,0.153337,0.114920,-0.000910,-0.120108,0.153911,0.259022,0.106104,#
1,-0.019723,1.000000,0.076774,0.164193,0.274395,0.012212,-0.018527,-0.033612,0.201056,-0.065759,0.223257,0.133951,0.065208,0.178948,0.038390,-0.244738,0.150841,0.210945,-0.006747,0.339651,0.034076,0.237323,0.088661,0.076331,-0.063590,0.209870,0.319058,0.292733,-0.150632,0.195551,0.056575,0.235219,-0.083131,0.004725,-0.111051,0.316945,0.120282,-0.032810,0.230225,0.018497,-0.275480,0.135007,0.084206,0.176864,0.070971,0.209088,0.470207,0.216385,0.033899,-0.054456,0.106344,-0.045762,0.276211,0.278680,0.011273,0.123804,0.144805,0.028153,-0.117719,-0.019981,-0.019918,0.031855,0.165572,0.013572,-0.107470,-0.022710,-0.176740,0.042902,0.105058,0.320821,-0.034507,0.105319,0.265457,-0.166916,0.184622,0.166264,0.087460,0.016644,0.280359,0.175902,0.265559,0.052571,0.180316,-0.021579,0.176061,-0.370351,0.137006,0.007773,0.157074,0.043537,-0.017699,0.156400,-0.089628,0.029588,-0.022992,-0.086670,-0.090287,-0.020753,-0.074497,-0.032889,0.203531,-0.019988,0.162610,0.165822,0.131990,0.076552,0.185893,0.305052,-0.127640,0.223948,0.255808,0.035680,-0.001443,0.292701,0.144216,0.097740,0.123552,0.033939,-0.131137,0.086561,0.034973,0.072118,0.164076,0.155955,0.160782,0.046689,0.266222,0.135426,-0.074441,0.149523,0.012770,-0.060875,0.113699,0.239428,0.243155,0.204409,-0.023782,0.275040,0.359176,0.204122,0.106005,-0.083395,0.214028,0.133860,0.119677,0.252393,0.015026,-0.104674,-0.154392,-0.089438,-0.254998,0.047797,0.062152,-0.010695,0.255994,0.110524,0.100459,-0.207533,-0.079062,-0.126372,0.021997,0.252098,0.183643,0.029450,0.014438,-0.026491,-0.094973,-0.051997,0.150044,0.261795,0.195832,0.406253,0.007694,0.244171,-0.072383,0.025707,0.076881,0.193825,0.110039,0.004823,-0.163670,0.080685,-0.026735,-0.245688,0.141353,0.124109,0.059354,0.090486,-0.005477,0.101537,0.261249,-0.104978,-0.196614,0.161538,0.345493,0.062521,-0.124984,0.018781,0.124213,0.148907,#
2,0.142837,0.076774,1.000000,0.065038,0.083169,-0.075555,0.058123,-0.059349,-0.053852,-0.041029,-0.075224,0.222829,-0.053697,0.247960,-0.060056,0.242821,-0.022861,-0.107480,0.034306,-0.000680,0.258229,0.171472,-0.253280,0.039384,0.186444,0.201093,0.199536,0.005419,-0.083518,0.022289,-0.167733,-0.192227,-0.067987,-0.147789,-0.094226,-0.030887,-0.077208,-0.259772,-0.077937,-0.028330,0.014517,0.042329,0.400047,-0.063744,0.086920,-0.126178,0.008582,0.042029,0.178248,0.052657,0.169592,0.151215,0.059414,0.086906,-0.217312,-0.050346,0.037932,0.042202,0.024905,0.048156,0.079763,-0.116973,-0.016039,0.148620,0.014011,0.053976,-0.020689,0.016490,0.108452,0.184096,-0.251846,0.115347,-0.117005,0.016447,0.111634,-0.101914,0.147037,0.144637,0.062859,-0.096928,0.107638,-0.205070,-0.087123,0.138423,-0.152953,-0.035294,0.181852,0.085239,0.061206,-0.171617,-0.077284,0.114910,0.229806,0.024117,0.052449,0.010101,0.237353,-0.052008,0.224339,-0.100726,0.122130,-0.019706,-0.007663,0.253249,-0.088727,-0.084889,0.006610,0.025782,0.084062,0.150328,0.115125,-0.033216,0.078253,-0.078853,-0.058207,0.158411,0.274372,0.066848,-0.220484,-0.058675,0.045440,0.073119,-0.074699,-0.076512,0.089428,0.028618,0.156598,-0.020665,0.027025,-0.014939,0.020819,0.038632,0.130351,0.031770,0.133591,0.176660,0.090526,-0.169088,0.035946,-0.092111,-0.098727,0.051250,0.348252,-0.045810,0.236723,0.076895,-0.289923,0.095002,0.186461,0.023142,-0.036959,-0.010062,0.108157,0.169849,-0.043561,-0.032106,0.020989,-0.023946,-0.053664,0.122293,0.029289,0.291569,-0.007913,0.013397,0.159679,-0.067595,-0.006653,0.023957,-0.068764,0.031087,-0.130429,0.313575,-0.087389,0.005374,0.042814,0.090872,0.315879,-0.028417,0.011066,-0.006435,0.051862,0.101425,-0.398407,0.167342,-0.040555,0.124038,0.072878,-0.076999,0.214491,-0.241951,-0.125850,0.183623,0.125225,-0.091366,0.057494,-0.053825,-0.194783,0.089705,0.197256,0.121678,#
3,-0.107703,0.164193,0.065038,1.000000,0.179663,0.096569,0.301271,-0.098199,0.170629,-0.075053,0.235446,0.169573,0.071381,0.068638,0.064500,0.048835,-0.047361,0.007129,0.091136,0.247618,0.117858,0.035060,-0.034760,0.261098,0.207566,0.312533,0.161334,0.177716,0.130457,0.047373,0.058100,0.298981,0.358101,-0.065937,-0.061949,-0.010028,0.337419,0.114840,0.349225,0.060118,0.082879,0.296941,0.194764,0.392788,-0.089027,0.148319,0.275724,0.237429,0.012005,0.162956,0.097632,0.230985,0.235839,-0.051651,-0.069061,0.300826,0.076408,0.042987,-0.045782,0.238584,0.039019,-0.091403,0.042391,0.017858,0.255376,0.184252,-0.040265,0.121979,0.127880,0.098878,0.067009,0.017531,0.172734,0.029091,0.154360,0.315964,0.142290,0.101753,0.245933,-0.047458,0.392488,0.214946,-0.048611,0.253635,0.281265,0.033108,-0.003827,0.041453,0.208133,0.001884,0.078550,0.207936,0.220601,0.156194,-0.015528,0.102019,0.307932,-0.125568,0.210188,0.322769,0.303661,0.061973,0.081086,0.173202,0.298290,0.074456,-0.048684,0.192907,-0.068679,0.148804,0.202631,0.008909,0.094097,0.020957,-0.023292,-0.053374,0.292163,0.069889,0.171827,0.074492,0.247002,0.068851,0.100210,0.243598,0.020835,0.119810,0.125990,0.171785,-0.106103,0.250989,0.209435,0.152978,0.235556,0.203821,0.156518,-0.099461,-0.112446,0.058162,0.368214,0.086032,0.130973,0.183156,0.248270,0.152948,-0.002542,-0.070330,0.126981,0.341906,0.200427,0.101635,-0.096662,0.106410,-0.040920,0.245803,0.236065,0.058011,0.041923,0.045154,0.081514,0.199352,0.224051,0.164768,0.217678,0.359468,0.235348,-0.122347,0.008058,-0.070066,-0.002211,-0.014672,0.305686,0.049877,-0.044344,-0.151113,-0.229092,0.040384,0.146136,0.168167,0.126552,-0.010352,0.097557,0.371077,0.205470,-0.103388,0.001804,0.096002,0.080759,0.081479,-0.008791,0.197615,-0.030825,0.070730,0.351567,0.010620,0.108301,0.161834,0.238010,0.208511,0.231205,0.158800,#
4,0.158737,0.274395,0.083169,0.179663,1.000000,0.108715,-0.098098,0.056478,0.329838,-0.065930,-0.155677,-0.089432,0.288210,0.081671,0.062547,0.007857,-0.057972,0.020853,0.227117,0.271134,0.293131,0.047229,0.025772,0.178584,0.212231,0.356146,0.081280,0.170145,-0.058059,-0.125867,-0.053230,0.029890,0.083575,-0.228647,-0.098228,0.101604,0.358027,-0.174569,-0.131421,0.018957,-0.058448,0.328614,0.143780,0.122041,0.449561,-0.075194,0.294924,0.175898,0.196185,0.045877,0.059286,-0.092515,0.268387,0.311465,0.182590,0.185377,0.102069,0.095613,0.088495,-0.160301,0.176040,0.042599,0.057440,-0.225881,-0.009294,-0.126283,0.077554,-0.014587,-0.090694,0.098507,0.149357,-0.046931,0.086419,0.060567,-0.044557,-0.186836,0.035253,0.164306,0.283241,0.072973,0.297112,0.176951,-0.184938,-0.020016,0.395853,0.036853,0.020056,0.120795,0.222086,0.247351,0.216144,0.131827,-0.073357,-0.025901,-0.018642,0.210390,0.032591,0.097622,0.118569,0.024856,0.034904,-0.130852,0.281461,0.163076,0.194691,-0.070860,-0.002225,0.207587,-0.163224,0.129645,0.473577,0.006163,0.130183,0.342564,0.090587,-0.149035,0.165330,-0.316477,-0.033500,0.032494,0.224029,0.066909,0.157327,-0.224883,0.201239,0.052932,0.266732,-0.024451,0.092307,-0.143950,0.042390,-0.068507,-0.027931,0.224963,0.229515,-0.098504,0.179087,-0.015861,0.140656,0.289439,0.366257,-0.232578,0.097510,-0.139559,-0.057644,0.129559,0.101604,0.232832,0.145848,-0.120989,-0.068610,-0.094346,0.008348,0.048956,-0.045386,-0.009530,0.419753,0.177670,-0.138169,0.188500,-0.072477,0.062516,-0.228370,0.076632,-0.103297,0.042051,-0.129882,-0.053374,-0.160938,0.133299,-0.060282,-0.058689,0.255374,0.296356,-0.069408,0.029955,0.152364,0.167895,0.214224,-0.018959,-0.192186,-0.019297,0.109977,0.056174,0.123928,-0.084333,-0.012544,0.300644,-0.005531,0.153578,0.108591,-0.040573,0.076810,0.068298,0.099892,0.181457,-0.114799,0.259677,0.048067,0.195458,#
5,-0.081839,0.012212,-0.075555,0.096569,0.108715,1.000000,0.170621,0.029944,0.228705,0.150351,0.140772,0.036266,0.204783,0.105054,0.269462,-0.115299,-0.072110,-0.136946,-0.070596,-0.088562,-0.006206,-0.140204,-0.093107,0.105078,0.168205,0.039047,0.072728,0.221096,0.067731,0.158486,-0.092668,0.213786,0.134733,0.145865,0.005118,-0.140581,0.168911,-0.008383,0.048395,-0.029819,0.022647,0.143862,0.024271,0.141508,-0.102304,0.078093,0.007926,-0.088939,0.107081,0.248550,0.063189,-0.024756,0.082060,0.011264,-0.068856,0.106351,-0.134506,-0.230948,0.121217,-0.014415,0.004591,0.068927,0.015800,-0.146564,-0.061279,0.019250,0.129505,-0.165986,0.063204,-0.054892,0.017041,0.137400,0.057147,0.200355,-0.062208,-0.200915,0.148770,-0.117781,0.028162,-0.062159,0.144592,0.077123,0.116775,-0.066538,0.091891,0.048459,-0.075319,-0.084881,-0.044602,-0.025263,0.119639,0.202825,0.039899,0.096519,0.028790,0.153862,-0.102934,-0.120460,0.140398,-0.228039,-0.000629,0.170254,-0.147653,0.121961,0.074998,-0.014192,-0.019985,0.048145,-0.053256,-0.032513,0.114936,-0.141019,-0.023281,0.115664,0.042597,-0.205938,-0.044184,-0.081401,0.072790,-0.056923,0.081534,0.067561,-0.083025,-0.102297,-0.169072,0.048131,-0.305780,-0.076366,0.225543,0.063455,0.158158,-0.074283,0.042411,0.124443,0.287921,0.218806,-0.074656,0.035358,0.040020,-0.010272,0.254703,-0.050811,0.107731,0.179193,-0.088712,0.068554,0.234034,-0.023048,-0.209930,0.118750,0.115266,-0.253847,0.071874,0.168739,0.097980,0.045723,0.119079,0.023334,0.168093,-0.198371,-0.044907,-0.089553,-0.005520,0.083920,-0.157193,-0.099968,-0.058227,-0.088133,0.182149,0.188584,0.056987,-0.007641,-0.075724,0.006916,-0.143916,-0.053531,0.149214,0.094695,0.281167,-0.266816,-0.016223,-0.152469,0.217830,0.083824,-0.079621,0.195488,0.177405,-0.138277,-0.226222,-0.014922,-0.175895,-0.000702,0.158403,0.128551,0.058032,-0.148268,-0.154183,0.288177,-0.105187,0.213358,#
6,-0.257434,-0.018527,0.058123,0.301271,-0.098098,0.170621,1.000000,0.017321,0.057187,-0.048244,0.107992,0.014488,-0.067982,0.167819,-0.071076,0.000157,0.091244,-0.001805,0.075212,0.089651,0.099546,-0.047519,-0.219736,-0.205880,-0.156510,0.262783,0.155728,0.035766,0.057656,0.118836,-0.078004,0.239629,0.080321,0.083883,-0.147372,-0.069494,0.057411,0.047961,0.014495,0.122823,-0.144385,-0.044743,-0.208253,0.118907,-0.199359,0.093679,-0.000885,0.066096,-0.022349,0.000852,0.006146,0.218336,0.089662,0.132843,-0.184956,0.208150,-0.146282,-0.092133,0.088383,0.281701,-0.009668,-0.123847,-0.029734,0.164066,0.091567,0.091105,0.126375,0.241657,0.053297,-0.024643,-0.075608,0.033820,-0.062914,-0.059215,0.229363,0.179624,0.002168,0.249993,0.170180,-0.016160,-0.006432,0.094102,0.235418,0.086127,0.116171,0.061029,-0.081841,0.003095,-0.142937,-0.123269,-0.004103,0.041136,-0.072590,-0.100111,-0.037230,0.122380,0.010708,-0.064085,0.195414,0.092152,0.223084,0.125510,-0.202179,-0.130335,-0.142148,0.205727,-0.153185,-0.003150,0.122804,0.121570,-0.023009,0.017909,0.164426,-0.271688,0.054721,0.130107,0.148170,0.022193,0.071389,0.116867,0.003477,0.200904,-0.218470,0.082645,0.127351,-0.105576,-0.111261,0.175093,-0.166814,0.043180,0.062002,-0.263688,0.024679,-0.074605,0.234807,0.195635,-0.150430,0.163516,0.191498,0.044525,-0.161947,0.166141,-0.023842,0.187587,-0.190677,-0.050635,0.133966,-0.017662,-0.038935,-0.328937,0.056560,0.035473,0.002491,0.001393,0.204165,0.042115,-0.015981,0.076794,0.134524,0.023202,-0.007260,0.142704,0.313590,0.250663,0.130672,-0.048488,-0.142182,-0.026482,0.254352,0.046522,-0.030798,0.031055,0.085361,0.027228,-0.036833,0.090736,-0.012069,0.066353,0.340530,-0.314016,-0.163361,-0.108569,0.103123,0.218334,0.223197,0.220462,0.124925,-0.065127,-0.196998,0.105613,-0.035713,0.014120,0.049826,0.098408,-0.080981,-0.087843,0.129544,0.129296,-0.039289,0.202472,#
7,-0.223143,-0.033612,-0.059349,-0.098199,0.056478,0.029944,0.017321,1.000000,0.044700,0.066515,0.129165,0.279872,-0.170031,0.040100,0.187857,0.147641,0.030791,0.399940,0.038053,0.131641,0.177977,0.222149,-0.023701,-0.029849,0.061189,0.011554,0.114346,0.235494,-0.155678,-0.008644,0.000078,-0.137171,0.098760,-0.074355,-0.058399,0.032998,-0.198389,-0.219165,0.095630,0.017861,0.159725,0.172424,-0.065657,0.034961,0.236167,0.213198,0.003094,0.101087,0.118069,-0.030378,-0.082743,-0.052387,-0.193149,0.050611,0.046185,0.014735,0.288759,0.307190,0.095609,-0.148343,0.168822,-0.001610,0.037366,0.085074,0.238139,0.038996,0.196286,-0.131224,0.043809,0.075281,0.126302,0.038986,0.153382,0.171801,-0.077585,0.072536,-0.127176,0.125547,0.008290,0.283450,0.230054,0.008060,0.212311,0.004014,0.026535,-0.048433,0.018527,-0.303683,0.111621,0.267871,-0.039944,0.081522,0.034824,0.049990,-0.197788,-0.083889,-0.162928,0.145206,-0.098570,0.029248,0.054146,-0.048556,0.046598,0.020201,-0.210906,0.117821,0.335419,0.069307,0.013682,0.139399,-0.055595,0.118533,-0.127336,-0.013076,0.332990,0.167142,-0.131246,-0.196109,-0.095271,0.244235,0.080645,0.113787,-0.091932,-0.061051,0.117622,-0.022677,0.072587,0.134654,-0.046542,0.018870,0.000024,0.147881,0.127208,-0.077841,0.379062,0.095810,-0.290341,0.431506,0.021131,0.077594,0.283408,0.006349,-0.096516,0.037605,0.052458,0.098150,0.227851,0.010851,-0.122374,-0.073307,0.145262,0.033776,-0.029777,0.012822,-0.057746,0.171760,0.212179,0.028543,0.117699,0.017893,-0.090326,-0.034550,0.178143,-0.173784,-0.100089,0.225353,0.130145,-0.006198,0.085681,0.012793,0.013894,0.029622,0.038224,0.044623,0.002495,-0.004150,0.002255,0.045363,-0.114040,0.073276,0.129482,0.042919,0.082085,0.199391,-0.378601,-0.033957,-0.080353,-0.193643,0.088280,0.326037,0.230351,-0.048795,0.121706,-0.005329,-0.001100,0.079809,-0.124854,0.075203,0.174860,0.007718,#
8,0.050241,0.201056,-0.053852,0.170629,0.329838,0.228705,0.057187,0.044700,1.000000,0.032175,0.207002,0.071601,0.200662,-0.000307,0.238317,-0.168425,-0.160657,0.080917,0.033683,0.081298,0.155755,0.010118,-0.109453,0.258014,0.043270,0.084644,0.046127,0.108197,0.066757,-0.077324,-0.300071,0.235588,0.076533,-0.217747,-0.176627,0.052742,0.227221,-0.222137,0.047179,-0.070929,0.171533,0.057799,0.046181,0.050038,0.221493,0.108474,0.011624,0.143401,0.171799,0.070954,-0.016195,0.243813,0.119550,0.336518,0.013767,0.268344,0.150817,0.241937,-0.121771,0.053896,0.061791,0.125332,0.019201,-0.274925,-0.073846,0.140861,-0.013761,-0.066097,0.329615,0.036659,0.093479,0.018433,0.179524,-0.146837,0.035686,-0.015292,0.042836,0.108370,0.138351,-0.154056,0.270478,0.260586,0.093037,0.164940,0.273635,0.108256,0.047345,0.082055,0.212312,0.247596,0.070362,0.290466,0.022807,-0.215321,0.386738,0.238811,0.035540,0.055258,0.276779,-0.029158,0.128048,0.081904,0.052446,0.178575,0.079513,0.067169,0.118946,0.166907,-0.189109,0.239007,0.118292,0.003111,-0.104586,0.233882,0.001750,0.010784,0.016665,0.223329,0.037885,0.222168,0.241162,0.070948,0.184301,-0.020482,0.040409,0.150014,0.018988,0.138203,-0.076520,0.154012,0.113852,-0.130320,0.099240,0.334769,0.200193,0.019656,-0.038650,0.130008,0.436394,0.160796,0.367780,0.169012,0.088709,-0.104612,-0.146063,-0.139812,0.269239,0.098785,-0.170885,-0.064916,0.254852,-0.080229,0.124168,-0.025426,0.194847,0.334494,0.225003,0.113177,0.076854,0.161801,-0.064306,0.021842,-0.142930,0.216007,0.013112,-0.031025,0.134935,-0.096622,0.144292,-0.001420,0.128747,0.178913,-0.001043,0.058126,0.041732,-0.143595,0.002005,0.139818,0.329504,-0.058725,-0.023535,0.171900,-0.143774,-0.109687,-0.026187,0.098297,-0.111146,-0.015302,0.105816,0.350912,0.139723,0.006113,0.286870,-0.014591,0.256889,-0.002509,0.113193,-0.049721,-0.140791,0.052546,#
9,0.031547,-0.065759,-0.041029,-0.075053,-0.065930,0.150351,-0.048244,0.066515,0.032175,1.000000,0.197305,-0.111425,-0.083596,0.250480,0.021322,-0.025333,-0.160459,-0.128581,-0.384259,0.192452,-0.128417,-0.087791,-0.080583,-0.067608,-0.116870,0.017255,0.348803,0.068813,0.065009,-0.203768,0.222342,0.129433,-0.030829,0.103490,0.254986,-0.081222,-0.136227,0.109297,-0.061025,-0.217131,0.246139,0.112737,0.051954,-0.228576,0.041385,-0.038805,-0.004823,0.071885,0.046555,-0.008056,-0.081986,0.176229,-0.240178,-0.019987,0.112847,0.118969,0.055471,0.207088,0.114167,-0.156413,0.180399,-0.103457,0.138193,-0.114338,0.151562,0.014201,-0.173562,-0.182669,0.114947,-0.147202,0.138281,0.051000,0.031043,0.056913,0.178507,-0.052914,-0.061511,-0.117046,0.211461,-0.046714,-0.085246,0.243746,-0.161056,0.035574,0.124965,0.116382,0.027227,-0.050103,-0.311727,-0.008199,-0.101181,-0.000956,0.088869,-0.210171,-0.084420,0.047548,-0.020329,0.074840,0.110188,-0.050764,0.118746,0.277236,0.133740,0.109732,0.275159,0.150797,0.027301,-0.157039,0.280385,-0.017576,-0.190468,-0.149413,-0.162039,0.184363,0.014851,-0.053051,-0.130342,0.134756,0.122415,-0.085365,0.120658,0.108547,-0.112441,0.154220,-0.118684,0.233643,-0.256461,0.072259,0.083569,0.168600,0.124317,-0.189653,-0.165790,0.161897,0.093429,0.186757,0.119950,0.201824,0.280044,-0.232858,-0.047833,0.101756,0.024972,-0.101597,-0.149824,0.123212,0.209846,0.093350,0.022455,0.390260,0.037003,-0.269843,0.333296,0.056934,0.060784,0.179240,0.099438,0.141911,0.339199,-0.023611,0.062013,0.078947,-0.214262,0.245661,-0.097709,-0.024137,-0.027622,0.042227,0.324657,-0.076375,0.057723,0.159206,0.010756,0.132962,-0.156297,-0.059293,0.122646,-0.136579,-0.027176,-0.043702,-0.008979,-0.014906,0.126050,0.151059,-0.093897,0.053451,-0.060233,0.166443,0.142785,-0.054339,0.055555,0.172471,-0.101610,0.135134,-0.166308,0.161464,0.123437,-0.102654,0.134446,0.183779,#
10,0.088829,0.223257,-0.075224,0.235446,-0.155677,0.140772,0.107992,0.129165,0.207002,0.197305,1.000000,0.004298,-0.180452,0.224917,0.094948,-0.059958,-0.077402,0.082713,0.011661,0.063436,-0.142572,0.193452,-0.252130,0.065711,0.008971,-0.060954,0.196485,0.239060,0.282273,0.132263,0.357986,0.218452,0.230330,0.094617,-0.047436,-0.056932,-0.030943,0.136960,0.425525,0.202926,0.100085,0.112896,0.002146,-0.003210,-0.299006,0.093919,0.065093,0.206935,0.190624,0.009357,-0.051842,0.125055,-0.078980,0.132585,-0.071591,0.266405,0.102309,0.089398,-0.227313,0.140965,-0.222394,-0.067609,0.130738,0.110274,0.347870,0.368031,-0.091286,-0.014483,0.155207,0.223574,0.229546,0.046890,0.334459,0.119199,0.018906,0.047016,0.208913,-0.093410,0.170194,0.194043,0.116460,-0.054282,0.334996,0.244450,0.267974,-0.091982,0.128873,-0.009842,0.118906,0.105151,-0.178764,0.032445,0.186753,-0.079926,0.108860,-0.034089,0.124687,-0.118469,0.040420,0.061343,0.123266,0.089445,0.178439,-0.108314,0.065645,0.048506,0.071681,0.260313,0.176986,0.087068,-0.071604,0.053936,-0.112128,0.064130,0.382093,0.180506,0.135293,0.070167,0.136045,0.071751,0.128013,0.366305,-0.084203,0.200494,0.013324,0.216095,-0.051173,0.154845,-0.025589,0.237019,0.435661,0.022697,-0.015210,0.188923,0.092174,0.109840,-0.143142,0.278257,0.322758,-0.079520,0.194978,0.065712,0.321372,0.104597,-0.134130,0.086867,0.226090,0.017281,-0.143790,0.113075,0.028405,0.144237,0.251015,-0.131958,0.301104,0.185151,0.128468,-0.183166,0.266539,0.104125,0.145232,-0.038921,0.358319,0.038794,0.074888,-0.038475,0.075187,0.144854,0.148906,0.133955,0.252004,0.229568,-0.013832,0.115895,-0.142063,0.113348,0.137849,0.039436,0.051845,-0.058624,0.053197,0.157823,0.153003,-0.116676,0.006006,0.334281,-0.056756,-0.141763,0.148645,0.262067,0.189811,-0.002415,0.085488,0.017672,0.238758,0.044329,-0.023395,0.075091,0.262367,0.196173,#
11,-0.115660,0.133951,0.222829,0.169573,-0.089432,0.036266,0.014488,0.279872,0.071601,-0.111425,0.004298,1.000000,0.046282,-0.091903,-0.205736,0.023009,-0.089576,0.283690,0.190848,-0.146217,-0.067474,0.025013,-0.204631,0.018942,0.233914,0.129138,0.031880,0.062815,-0.394918,0.063561,0.007301,-0.058957,0.009025,-0.096090,-0.040546,0.084090,-0.005806,-0.193046,0.130603,0.050196,-0.262024,0.179371,0.255864,0.343200,-0.031995,0.081331,-0.030803,-0.039422,0.076295,0.056386,0.188695,-0.066703,0.053812,0.081047,-0.263281,-0.144807,0.265496,0.278389,0.152032,-0.165770,-0.184415,-0.029282,0.138069,0.058872,-0.164237,0.105817,0.039535,0.180738,-0.019698,0.021212,-0.128344,-0.150085,0.228989,-0.085987,-0.115804,0.175429,-0.074499,-0.168282,-0.005494,0.194807,0.131914,-0.111779,0.096392,0.232308,0.171746,-0.294567,0.007148,0.075952,0.132602,-0.069619,-0.032121,0.196290,0.204692,0.513192,-0.110593,0.058537,-0.036008,0.086413,-0.001460,0.010630,0.068569,-0.004919,-0.121285,0.179882,-0.041594,0.231220,0.253372,0.104446,0.073428,0.004704,0.195864,0.099553,-0.048639,0.046069,-0.229503,0.138147,-0.087860,0.050106,-0.008826,-0.034881,-0.079317,-0.055279,0.152484,0.037336,0.168809,0.004882,0.028813,0.251885,0.105989,0.050428,-0.035347,0.078623,0.169903,0.216271,0.149995,-0.048901,-0.448167,0.343412,0.043180,0.115105,0.054378,0.095381,0.174034,0.027553,-0.060771,-0.155361,-0.019051,-0.080037,-0.183366,-0.137090,-0.049023,0.273512,0.015918,0.285711,0.042836,0.140566,-0.049341,-0.224732,-0.037752,0.076076,0.027909,0.077829,-0.069383,-0.188740,-0.023085,-0.034051,0.401450,0.034229,0.211728,-0.075754,0.043029,-0.098007,-0.305221,-0.163375,-0.047240,0.052558,0.178376,0.041047,-0.037386,-0.130576,0.127845,0.111614,-0.240415,-0.051186,-0.209625,-0.051638,0.017717,0.047473,-0.094954,0.063864,0.025229,0.034735,0.233655,0.022227,0.151959,0.024089,0.009443,0.014696,0.078906,0.016029,#
12,0.035100,0.065208,-0.053697,0.071381,0.288210,0.204783,-0.067982,-0.170031,0.200662,-0.083596,-0.180452,0.046282,1.000000,-0.078523,0.113913,-0.118908,0.279028,-0.087568,-0.059385,0.227601,0.090020,-0.081609,0.136683,0.186464,-0.040870,0.165213,0.080608,-0.040924,-0.062624,0.227317,-0.169048,0.268000,-0.001188,0.119058,-0.019313,0.233795,0.125591,-0.017392,0.104785,-0.092081,0.081844,-0.067863,0.170628,0.236664,0.359755,0.116333,0.181420,-0.175253,0.133572,0.071322,0.264556,0.190765,0.190675,0.172684,0.068007,0.100048,0.103297,0.102393,0.038906,-0.086662,-0.081700,0.125500,0.092919,-0.001094,0.027476,0.112648,0.013161,-0.005460,0.040168,-0.009525,-0.018066,0.118618,-0.090941,-0.053816,0.216987,-0.011349,0.182426,0.045879,0.183578,-0.013315,0.026273,0.252947,-0.063079,0.002821,0.195081,0.132873,-0.095957,0.354801,0.193901,-0.097017,0.213432,0.336938,-0.092354,0.200176,0.217730,0.081432,0.192349,-0.029660,0.001732,-0.031937,0.179717,0.178014,-0.042094,-0.078662,0.173852,0.014544,0.096203,-0.156153,-0.124920,-0.002110,0.387931,-0.190948,0.012791,0.308097,-0.122133,-0.238565,-0.059189,-0.038232,0.199086,-0.050498,0.042848,-0.098825,0.244522,0.035544,0.133881,0.078753,0.130013,0.013242,0.034066,0.053068,0.103733,-0.112687,0.165756,-0.007450,-0.051971,0.001842,0.031023,0.075595,0.178024,0.137992,0.162154,-0.129040,0.054751,0.034657,-0.246729,0.116019,-0.183879,0.038387,-0.086484,-0.134042,-0.091823,0.166962,0.013145,0.271641,-0.058129,-0.134307,0.039926,-0.149368,-0.001426,0.033310,-0.190436,0.199977,0.039590,0.249464,-0.084108,-0.113142,0.180209,-0.033204,0.012316,0.154392,0.072265,-0.156996,-0.063131,0.082857,0.126314,-0.210702,0.175509,0.229007,0.166992,0.178617,-0.038993,0.102150,0.097301,-0.111688,0.073121,0.071208,0.086550,0.171585,0.027929,0.095239,-0.017758,-0.203467,-0.145176,-0.019851,-0.185580,-0.015471,0.192621,0.246922,0.077240,0.005962,#
13,-0.020809,0.178948,0.247960,0.068638,0.081671,0.105054,0.167819,0.040100,-0.000307,0.250480,0.224917,-0.091903,-0.078523,1.000000,0.288655,-0.007061,0.184137,-0.099763,0.198612,0.349744,0.107755,0.077571,-0.243313,0.168316,-0.007299,0.241721,0.461254,0.087830,-0.013656,-0.030389,0.302206,0.192246,0.198179,0.164004,0.228413,0.135297,-0.079692,-0.065800,0.097823,0.093243,-0.162943,0.106419,0.189737,0.029149,0.015006,0.124672,0.233613,0.173599,0.106062,0.147111,0.130288,0.109053,0.131462,0.181238,0.044105,0.212102,-0.012908,0.056457,0.068503,0.162320,0.104235,0.099422,0.161964,0.082484,0.121768,0.100779,0.395011,0.222569,0.265573,0.065155,-0.107764,0.052861,0.094240,-0.047639,0.200044,-0.029317,0.316602,0.165769,0.330776,-0.014543,0.062137,0.272636,-0.035293,0.474183,0.286689,0.020100,0.264247,0.177696,0.140098,-0.027329,0.033961,0.043103,0.000048,0.105675,-0.156308,-0.038575,0.227823,-0.091940,0.095700,0.239084,0.229810,0.293453,0.166194,0.283825,0.120471,0.114086,0.099539,0.157839,0.331069,0.134866,-0.060822,-0.000121,0.288452,0.077833,0.298205,0.085610,0.408262,-0.007251,-0.115225,0.006503,0.147013,0.240994,0.085469,0.097472,0.314238,-0.093195,0.105498,-0.143564,0.147551,0.231572,0.172663,-0.008334,-0.104312,0.060912,0.243716,0.066290,0.020157,0.184985,0.380967,0.130617,-0.000041,0.084989,0.326087,0.246710,0.161640,0.242650,0.135297,0.202763,-0.054216,0.126379,0.087813,0.076016,0.077760,0.156881,0.251825,0.266059,-0.038163,0.337409,0.174050,0.060450,-0.177702,0.306316,0.121323,0.332144,0.049284,-0.078218,-0.053252,-0.024213,0.179572,0.119757,0.079803,0.355635,0.116439,0.017173,-0.087003,0.315890,0.189086,0.093281,0.208175,-0.114769,0.175676,0.123613,0.182901,0.225521,0.067907,0.096964,0.218840,0.195177,-0.014326,0.144635,0.095512,0.220674,0.079281,0.023978,-0.062070,0.025946,-0.161822,0.146855,0.124185,0.195011,#
14,0.032624,0.038390,-0.060056,0.064500,0.062547,0.269462,-0.071076,0.187857,0.238317,0.021322,0.094948,-0.205736,0.113913,0.288655,1.000000,0.169982,0.089914,0.043521,0.016264,0.228615,0.070434,0.073076,-0.048131,0.385259,-0.105696,0.018120,0.163423,0.248969,-0.012751,0.057501,-0.170143,0.104256,0.017840,-0.140865,0.149628,-0.022948,0.088905,0.092614,-0.006365,0.112439,0.249860,-0.137459,0.212725,-0.041587,0.171337,0.268903,0.022475,0.036775,0.112298,0.138833,0.267153,0.006819,0.247576,0.170562,0.290628,0.286486,0.061540,-0.128760,-0.179343,0.079662,0.343533,0.080322,0.013141,-0.218873,0.085982,0.032043,0.239933,0.053922,0.162301,0.095001,0.126235,-0.082692,0.075768,0.392126,0.271540,0.126270,0.151626,0.091086,0.086167,0.125179,0.264450,0.101189,0.034036,0.115882,0.012670,0.145747,-0.026293,0.000005,0.145402,0.026302,0.313556,0.191152,-0.063029,0.006608,0.096508,-0.152223,0.098930,-0.032016,-0.034412,0.124823,0.169592,0.228156,0.088655,0.255773,-0.022687,-0.006981,0.280267,0.187088,0.006447,0.240405,-0.170383,-0.194167,-0.023837,0.151841,0.175936,-0.095327,0.145852,0.117503,0.044969,0.119126,0.248712,0.226583,-0.103534,0.000125,0.180461,-0.060632,0.179287,-0.036495,0.096978,0.245395,0.089061,0.148545,0.029219,-0.090177,-0.012932,0.034410,-0.092944,-0.043195,-0.013228,0.111961,0.370134,0.191327,0.078281,0.053152,0.050709,0.443123,0.202188,0.080399,-0.142177,0.118806,0.248157,0.058277,-0.184709,0.021012,0.163560,0.201611,0.270961,0.221197,0.073392,0.079683,-0.233876,0.140560,-0.005746,0.115978,0.177660,-0.097791,0.007051,-0.146818,0.033880,0.304652,0.312384,0.283995,0.045256,0.091449,0.140964,-0.136924,0.190287,0.251261,0.217812,0.132729,0.023866,0.104703,0.146354,0.006818,0.063912,0.078797,0.041083,-0.271211,0.092734,0.370489,0.029440,0.097585,0.062163,0.178121,-0.073408,0.023982,-0.139614,0.126983,0.072504,-0.048656,#
15,0.160856,-0.244738,0.242821,0.048835,0.007857,-0.115299,0.000157,0.147641,-0.168425,-0.025333,-0.059958,0.023009,-0.118908,-0.007061,0.169982,1.000000,0.105793,0.198626,0.169410,-0.019985,0.192723,0.028657,-0.084949,0.290106,0.041185,0.339671,0.165773,0.058813,0.248568,-0.084898,0.007253,-0.032399,0.105923,0.197439,-0.099224,-0.291035,-0.184749,-0.127942,0.079429,-0.044046,0.066417,0.073524,0.264166,-0.000156,0.184399,0.073314,-0.187529,-0.067929,-0.088556,0.194414,-0.076507,0.088200,-0.000312,-0.013991,0.118939,-0.043501,0.115372,0.008887,0.058718,0.196662,0.014653,-0.236396,0.089867,-0.191036,0.000320,-0.051490,-0.070067,0.035232,0.117899,-0.098920,0.148527,-0.045288,-0.044863,0.066166,-0.036701,0.033593,-0.204451,0.107171,-0.225419,0.195956,0.172712,-0.174103,0.087212,0.381376,-0.015346,-0.037761,-0.015917,0.045055,0.171080,0.171925,-0.007501,0.142870,0.147255,0.194390,-0.149071,-0.298013,0.174218,-0.088636,0.105577,0.073577,0.020514,0.000409,-0.168582,-0.070227,-0.266238,0.092038,0.007587,-0.083349,-0.022335,0.253758,-0.111515,0.261316,-0.055825,-0.059717,-0.084331,0.078132,-0.046708,-0.382369,-0.037238,0.007094,0.097751,0.137093,-0.053993,0.123260,0.076726,-0.292926,-0.023942,0.014964,0.032831,-0.024482,0.141442,0.137992,-0.074472,-0.013028,0.044789,0.057158,-0.094407,0.000658,-0.046847,-0.078639,-0.145688,0.123631,-0.176480,-0.063340,0.238674,0.029674,0.008261,0.108717,0.420572,-0.037104,-0.000158,-0.204547,0.019846,0.207325,-0.221722,0.294697,-0.017740,0.048889,0.086353,0.066987,-0.149327,0.023848,0.191149,0.078723,0.007574,0.057946,0.074940,0.105263,-0.053315,-0.132021,-0.176596,-0.111477,0.189703,-0.195604,0.043855,-0.350264,0.310760,-0.061811,-0.072576,0.156168,0.212843,0.068587,-0.052942,0.200567,-0.130538,-0.179268,0.000314,0.097175,-0.030889,0.072300,-0.232683,0.028602,0.058171,-0.012919,-0.068794,-0.054969,-0.044958,0.149407,0.019634,-0.201069,#
16,-0.028966,0.150841,-0.022861,-0.047361,-0.057972,-0.072110,0.091244,0.030791,-0.160657,-0.160459,-0.077402,-0.089576,0.279028,0.184137,0.089914,0.105793,1.000000,-0.007085,0.056040,0.349164,0.201888,0.309332,0.067284,-0.102391,-0.209975,0.181266,0.177130,-0.080878,0.070742,0.177053,0.006511,0.287802,-0.091162,0.265547,0.028408,0.102008,-0.047129,-0.113812,0.188143,0.008359,-0.220108,0.056856,0.141852,0.080863,0.170050,0.341860,0.075834,0.024153,0.071209,-0.133402,0.044411,0.119477,0.271120,-0.041958,0.142931,-0.048574,0.094425,-0.142230,0.026797,-0.124891,-0.044482,0.302112,0.253931,0.140620,0.099273,-0.011322,-0.022208,0.460539,0.071211,0.033288,-0.151775,0.250892,0.291939,-0.147126,-0.029559,0.108253,0.111075,0.278249,0.077039,-0.033030,-0.122945,-0.041069,0.021881,0.076886,0.089523,-0.019972,0.130367,0.032127,0.077039,-0.030829,0.075952,0.257079,-0.063209,0.061161,-0.036574,-0.212510,0.184432,-0.058524,-0.052526,0.068738,0.108736,-0.055297,-0.325019,-0.146774,-0.004107,0.010205,-0.010221,-0.086716,-0.164629,0.082226,0.238009,0.024501,0.025420,0.004151,0.116541,0.296177,-0.072293,-0.038546,-0.043347,0.277527,0.039163,0.082158,-0.009465,0.086281,0.216761,-0.230015,0.076658,-0.187687,-0.074506,0.087163,0.015904,-0.161725,0.342866,-0.253973,0.170686,0.161742,-0.175674,0.254533,0.176847,0.250906,-0.034431,0.133488,-0.016762,0.054258,0.165282,0.029856,-0.037544,0.115665,0.159433,-0.054957,-0.121517,0.229866,-0.086127,0.017565,0.158966,0.005643,-0.139479,0.048077,-0.015107,-0.095268,-0.123939,0.244398,0.209058,0.256993,0.075074,0.012302,0.094643,-0.022614,-0.045708,0.140451,-0.102611,-0.028450,0.053004,-0.008882,0.043421,0.049936,-0.090118,0.045028,0.204620,-0.037479,0.158283,0.141444,0.057383,-0.134424,-0.100527,-0.057860,0.299163,0.079875,0.045804,0.097361,0.247358,-0.394586,-0.216524,0.058249,0.027376,0.176358,-0.238298,0.193594,-0.073533,0.090315,#
17,0.017312,0.210945,-0.107480,0.007129,0.020853,-0.136946,-0.001805,0.399940,0.080917,-0.128581,0.082713,0.283690,-0.087568,-0.099763,0.043521,0.198626,-0.007085,1.000000,-0.074270,0.176004,0.306956,-0.134552,-0.141185,-0.023373,0.007500,0.162018,0.018102,-0.101641,-0.115916,0.138123,0.020246,0.003731,0.073759,-0.090745,-0.192641,0.030905,-0.241768,-0.165527,0.176662,-0.074463,-0.055545,-0.061166,-0.157009,0.112835,0.047667,0.136227,0.151094,-0.093980,-0.089927,0.024612,0.006041,-0.137412,-0.023571,0.115909,0.034335,0.133613,0.317220,0.164071,-0.089582,-0.046041,0.118120,0.146237,0.212886,-0.235022,-0.031403,0.017937,0.037656,0.079882,-0.072292,0.080808,-0.052948,0.037278,0.119673,-0.044871,-0.019203,0.166128,-0.179566,0.049888,-0.119468,0.258796,0.029244,0.029492,0.382010,0.205953,0.050563,-0.154534,-0.007022,0.155179,0.065280,0.231780,-0.002388,0.072422,-0.009933,0.139625,-0.192313,-0.195670,-0.034451,0.269140,0.013676,0.023289,-0.086748,-0.095618,0.003564,0.099349,-0.161976,0.186824,0.144941,0.070837,-0.054117,-0.036890,0.103346,0.289265,-0.097209,0.226823,-0.019066,0.257439,-0.154394,-0.057365,-0.091634,0.075894,-0.164688,0.216138,0.032067,0.091856,0.221689,-0.097474,-0.044571,0.131543,-0.035095,-0.089086,0.000502,0.023584,0.047550,0.069022,0.155158,0.147928,-0.141427,0.340170,0.083860,0.156987,-0.015247,0.077059,-0.030402,0.012936,0.079406,0.086509,-0.098926,-0.009145,-0.074766,-0.129320,0.013241,-0.105320,-0.142843,0.163353,0.106160,0.225133,0.020069,-0.095051,0.220976,0.207254,0.113539,0.087920,0.207386,0.034051,0.063954,0.126610,0.133709,0.203039,-0.031351,-0.158349,0.148330,0.003031,-0.134098,-0.049887,0.052026,-0.281257,0.062304,0.051367,-0.241393,0.205359,-0.067382,0.092869,0.104794,-0.004112,-0.122328,-0.127679,-0.131368,-0.050506,0.025242,0.354512,0.218289,0.072845,0.018994,-0.003214,0.096061,-0.054428,-0.032122,-0.082114,-0.033566,-0.011576,#
18,0.094050,-0.006747,0.034306,0.091136,0.227117,-0.070596,0.075212,0.038053,0.033683,-0.384259,0.011661,0.190848,-0.059385,0.198612,0.016264,0.169410,0.056040,-0.074270,1.000000,-0.166825,0.149647,0.144306,-0.042366,0.260113,0.266206,0.113273,0.104675,0.344965,-0.003599,0.016270,0.099381,-0.164880,0.080776,-0.047711,0.111917,0.115148,0.293047,0.104139,0.055376,0.332538,-0.148537,0.257973,0.144451,0.227495,0.117271,-0.030855,0.039700,0.127527,0.033950,0.233427,0.195377,-0.030602,0.200833,0.144211,-0.019255,0.157656,0.080901,-0.045193,-0.055074,-0.066164,-0.089052,-0.119740,0.073949,-0.113672,-0.124383,-0.019650,0.151521,0.276460,-0.011133,-0.106519,-0.138149,-0.106596,0.039418,-0.035776,-0.071880,-0.036676,-0.088561,0.181251,0.113225,0.020859,0.084853,-0.064016,-0.031940,0.376623,0.124130,-0.110788,0.117393,-0.080690,0.317043,0.048923,0.248436,-0.047603,-0.031734,0.337786,-0.060713,0.105568,0.263610,0.055944,-0.026910,0.258280,0.016889,0.034018,0.023190,0.086790,-0.001898,0.106871,0.013186,0.162727,0.090128,0.263453,0.207028,0.303046,0.139585,0.019004,0.075309,0.019689,0.032619,-0.204549,0.037855,0.148743,0.045481,0.138690,0.101728,-0.044910,0.231818,-0.065323,0.212443,-0.059882,0.262236,-0.070773,0.180483,0.268332,0.032265,0.080072,0.118377,-0.409321,-0.182454,0.039052,0.051754,0.150526,0.061644,-0.130327,0.124850,0.017846,0.126810,-0.005528,0.004411,0.071705,0.097743,-0.024040,-0.049117,0.215942,-0.109464,0.028153,0.034516,0.233123,0.132548,0.107433,-0.166165,0.411948,-0.007091,0.063055,0.075579,0.054554,0.091521,0.058563,0.164276,0.082143,-0.116308,0.120602,-0.138738,0.009901,0.245666,-0.127354,-0.194347,0.125003,0.075960,0.087613,0.290243,-0.149230,0.132552,0.014965,0.174808,-0.132008,0.001636,-0.092991,0.098575,0.120575,-0.056956,0.190909,-0.072193,0.165947,0.181691,-0.082730,0.031182,-0.149283,-0.041196,0.281190,0.189135,-0.092842,#
19,0.069138,0.339651,-0.000680,0.247618,0.271134,-0.088562,0.089651,0.131641,0.081298,0.192452,0.063436,-0.146217,0.227601,0.349744,0.228615,-0.019985,0.349164,0.176004,-0.166825,1.000000,0.230692,0.237141,-0.003046,0.154622,-0.183238,0.464841,0.350976,0.068096,-0.031335,0.102461,0.115574,0.316105,0.094212,0.161111,-0.028848,0.176960,-0.156691,-0.097781,0.326578,0.024630,-0.019398,0.155847,-0.020716,0.081043,0.196470,0.239903,0.343829,0.481748,0.053297,0.145355,0.225237,0.126260,-0.003813,0.343107,0.230406,0.162646,0.208844,0.020379,0.117888,-0.002156,0.327027,0.225384,0.231976,0.124055,0.356202,0.057370,-0.005468,0.291189,0.054753,0.315851,0.094826,0.160341,0.207971,-0.008191,0.325176,0.428240,0.058023,0.276299,0.422621,-0.014232,0.104023,0.293872,0.095997,0.151049,0.343294,-0.139668,0.227681,0.195668,0.212189,0.253784,0.083387,0.241985,0.086909,-0.031210,-0.034477,0.022552,0.039099,0.165167,-0.065202,0.072500,0.203213,0.156946,0.216714,0.233084,0.242724,0.233120,0.089538,0.319932,0.021503,0.027479,0.206001,0.039667,0.054017,0.271450,0.253372,0.104275,0.254993,0.162344,0.148059,-0.073341,0.343558,0.233841,0.269795,0.288917,0.380078,0.062728,0.246299,0.195820,-0.164592,0.271383,-0.113920,-0.208589,0.242572,0.124879,0.124140,0.174246,-0.067775,0.319161,0.388794,0.246140,0.125628,0.197529,0.094473,0.054019,0.038900,0.089001,0.090201,0.186301,0.221417,-0.077359,0.048735,0.078820,-0.060634,0.169209,0.314813,0.091316,0.056776,0.107262,0.173030,0.047767,0.062955,0.385814,0.224785,0.283208,0.235355,0.132400,-0.101036,0.204686,0.236242,0.009837,0.108216,0.116259,0.126832,0.170311,0.079119,0.029897,0.228387,0.257939,0.138944,-0.005473,-0.108769,0.297130,0.245577,0.034035,0.078752,0.080342,0.193108,0.313080,0.153674,0.239146,0.356458,0.129844,-0.194945,0.116710,0.076241,0.310056,0.094068,0.202873,0.079261,0.301790,#
20,0.047967,0.034076,0.258229,0.117858,0.293131,-0.006206,0.099546,0.177977,0.155755,-0.128417,-0.142572,-0.067474,0.090020,0.107755,0.070434,0.192723,0.201888,0.306956,0.149647,0.230692,1.000000,-0.077638,0.061051,0.046231,0.217781,0.278508,0.084323,0.015802,-0.085807,0.119669,0.008852,0.009959,-0.042860,-0.084663,-0.126819,-0.159435,0.061587,-0.355987,-0.119738,-0.025389,0.069511,0.244769,-0.006587,0.121057,0.305742,-0.001735,0.157759,0.075005,0.111683,-0.012702,-0.066197,0.114158,0.214357,0.069281,-0.026464,0.052923,0.067504,0.021682,0.130408,-0.158426,0.314824,0.087905,0.231158,-0.050387,0.116324,-0.055641,0.115010,0.093902,0.207695,0.109844,-0.054714,0.221240,0.004050,-0.094746,-0.003914,-0.185179,0.042398,0.457517,0.291506,-0.097371,0.101915,-0.057956,0.015140,0.089241,0.075118,0.157019,0.114098,0.031212,0.198932,0.013619,0.037845,0.112966,0.054392,-0.031364,-0.034087,0.008690,0.307570,0.146405,0.076826,-0.180570,0.060977,-0.090773,0.104961,0.243052,0.034292,-0.021014,-0.062458,0.121131,-0.068671,0.165160,0.040621,0.014279,-0.070678,0.172498,0.076546,0.153733,0.138375,-0.244933,-0.280296,0.209467,0.112610,0.156297,-0.055162,-0.218559,0.112101,-0.096729,0.161606,0.051862,-0.105341,0.054491,-0.028700,0.012891,0.143151,-0.023592,0.218143,0.132457,0.209416,0.045377,0.271133,0.061287,0.163351,0.036637,0.038349,0.031054,0.174026,0.011882,-0.180081,0.276679,0.352317,0.092513,0.150196,-0.076637,-0.213911,0.061869,0.031258,0.065085,0.264129,0.085186,0.180995,0.308525,0.002860,0.124381,0.194336,0.237310,0.133559,0.057517,-0.052592,0.155079,0.024049,-0.084609,0.084135,0.080343,-0.180942,-0.039051,-0.105210,-0.083181,0.005177,-0.095574,0.179101,0.102128,0.083295,0.118654,-0.045160,0.095958,0.040648,-0.300014,0.034225,0.063346,-0.031023,0.373812,-0.062133,0.155327,0.059426,-0.039953,0.233170,0.084938,-0.096915,0.265821,-0.017445,-0.002666,#
