0,1.000000,-0.011682,0.113476,-0.012172,0.253716,-0.015231,-0.112781,-0.183191,0.038340,0.024654,0.005187,-0.143460,-0.099627,-0.068075,0.128156,0.338707,0.020359,0.054641,0.161314,0.133722,0.148725,0.145478,0.287719,0.187290,0.089439,0.073682,0.121213,-0.193171,0.102826,0.085535,-0.022839,0.093841,-0.002830,0.230445,0.112420,-0.090868,-0.007146,0.043645,0.275882,0.230088,0.252419,0.078837,0.132020,0.064619,0.000168,0.113020,0.049338,0.343880,0.167950,0.293826,-0.027286,-0.047434,0.052235,0.153489,0.055970,0.228930,0.245136,0.064312,-0.098495,-0.027525,0.057264,-0.153782,0.241765,-0.133541,-0.147869,-0.053367,-0.117791,0.212133,0.231549,0.065650,0.390869,-0.002865,0.093782,0.268832,0.092433,-0.139291,0.143634,0.226096,-0.018164,0.154058,-0.100958,0.191493,0.087832,0.142411,0.162641,-0.099833,0.231605,0.074475,0.263537,0.101333,0.018806,0.218096,0.205107,0.115738,0.246443,0.190323,0.101553,-0.007356,0.031368,0.080864,0.184243,0.116688,-0.032315,0.053336,0.079339,0.124614,0.228394,0.078346,0.172510,-0.074269,-0.080474,0.166873,-0.072700,-0.085659,0.151433,0.037606,0.170089,-0.092206,0.093848,-0.016850,0.060385,0.146321,0.166507,0.044961,-0.031846,0.111350,0.150922,-0.089640,0.230010,0.244132,0.087947,0.174112,0.075118,0.074541,0.025064,-0.041509,0.180123,0.090550,-0.114597,0.058874,0.198750,0.193658,0.051799,0.040465,0.112297,0.234782,0.196807,0.086622,0.243715,0.058837,-0.073094,0.071117,0.078761,0.089530,0.243251,0.323640,-0.004973,0.035542,-0.131232,0.103207,-0.088956,-0.042575,-0.046751,-0.159422,0.259799,0.168285,-0.164485,0.110987,0.216814,-0.026911,0.066038,-0.190610,0.061203,0.067677,0.029132,0.183104,0.104274,0.103142,0.084288,-0.061120,0.190895,-0.006747,-0.029698,0.014509,0.106418,0.028949,0.270770,0.254112,0.297325,0.114475,-0.157714,0.097975,-0.240132,0.014882,0.143745,0.078889,-0.055021,0.302857,0.290947,0.171867,#
1,-0.011682,1.000000,0.090334,0.178900,0.051882,-0.006971,0.293205,-0.050556,0.191278,-0.023859,0.169383,0.207748,-0.004235,0.050906,-0.017105,-0.171424,-0.026434,0.023643,-0.056696,0.018237,-0.006835,0.261835,-0.059081,-0.077454,-0.001718,0.070005,0.195428,0.313912,-0.284989,0.164838,0.027799,0.085266,-0.163916,0.038624,-0.223103,0.197043,0.136865,0.118828,0.220060,-0.172104,-0.217416,-0.118161,0.081991,0.101518,-0.040076,-0.011378,0.331758,0.119265,-0.106955,-0.071959,0.081406,-0.207179,0.256157,0.175390,0.039777,0.092839,0.114489,0.017145,-0.228804,-0.000224,-0.005430,0.047762,0.166952,-0.010274,-0.258817,-0.084169,-0.176508,0.003118,-0.001945,0.207668,0.016199,-0.001286,0.125514,-0.075606,0.067242,0.048333,0.127841,-0.035153,0.124782,0.103453,0.222590,0.063942,-0.001970,-0.000230,0.148584,-0.400616,0.114186,0.020057,0.140335,-0.053192,0.044334,-0.045270,-0.017988,0.077402,0.047965,-0.055113,-0.173193,-0.065338,-0.074611,0.070798,0.205571,0.187881,0.194002,0.006965,0.063196,0.082395,0.217626,0.165319,0.020621,0.150384,0.190058,-0.027766,-0.098418,0.041839,0.089348,0.087073,0.183663,-0.016884,0.016311,-0.023411,-0.211255,0.084588,0.112368,0.118214,-0.182524,0.018757,0.149580,0.087528,-0.087564,0.102560,-0.002402,0.160620,-0.032748,0.172758,0.017501,-0.016593,0.003182,0.115841,0.190407,0.143868,0.140219,-0.027662,0.127769,0.211938,0.252865,0.036900,0.004249,-0.195352,-0.092023,-0.065881,-0.119749,-0.028937,-0.015881,-0.134180,0.167378,0.085360,-0.132242,-0.106589,-0.449583,-0.350582,0.006604,0.108104,0.204634,0.060021,0.077649,-0.124969,-0.225142,-0.117611,-0.032335,0.247664,0.193378,0.194945,0.004278,0.080834,-0.072317,0.060178,-0.007016,0.267436,0.167885,-0.015674,0.015511,0.050342,-0.030692,-0.201730,0.040912,0.073359,0.052974,0.070236,-0.059307,-0.008167,0.251307,-0.144471,-0.261535,0.267239,0.119439,0.040407,-0.072213,-0.096021,-0.056959,0.134748,#
2,0.113476,0.090334,1.000000,-0.041427,0.170162,-0.156742,0.034480,-0.065466,0.005583,-0.048026,0.090874,0.282773,0.165948,0.200977,-0.192087,0.272688,0.062142,-0.111349,0.151879,0.063179,0.168037,0.296372,-0.243400,0.065520,0.189146,0.258628,0.114077,0.054877,-0.149503,-0.095650,-0.128785,0.016654,-0.150925,-0.276522,0.000353,0.070109,0.068636,-0.382212,-0.019685,-0.140230,0.050185,0.058718,0.321961,-0.004849,0.176796,-0.105648,0.054966,0.063469,0.148043,0.167426,0.181629,0.074808,0.082450,0.095494,-0.065987,-0.040096,0.114330,0.172349,0.093262,0.025452,0.278021,-0.012432,-0.064815,0.185106,0.099798,0.009604,0.196919,0.193200,0.272116,0.036636,-0.121911,0.190190,-0.074932,0.078085,0.167221,-0.007866,0.148230,0.230459,-0.026801,-0.145265,0.188863,-0.180864,-0.247479,0.122682,0.078920,-0.015184,0.186335,0.268213,0.081247,-0.095636,-0.206867,0.110912,0.116344,0.201546,0.100109,0.274840,0.370290,0.092106,0.201795,0.036597,0.071693,0.045325,-0.018078,0.238023,-0.064142,-0.016939,0.000349,-0.056010,0.033612,0.070405,0.196007,0.070464,0.093704,-0.061039,0.029039,0.190248,0.267783,-0.051679,-0.221338,-0.132383,-0.043047,-0.031551,0.170647,-0.028880,0.140422,-0.035529,0.279125,0.039868,0.174815,-0.070518,-0.082503,0.074108,0.118887,0.110662,0.176441,-0.042159,0.179729,-0.021413,0.108833,0.058366,0.138736,0.106847,0.163122,-0.025205,0.312544,-0.060696,-0.407724,0.046491,0.302701,-0.091755,0.069944,0.069748,0.068969,0.183684,-0.002402,0.056531,0.078203,0.021395,-0.157721,0.189380,0.054478,0.160690,-0.179707,0.178958,-0.009806,0.074550,0.049188,-0.119690,-0.070580,-0.006532,-0.213055,0.327576,-0.091262,0.002281,0.222158,0.009498,0.196949,0.059322,-0.162288,0.101835,0.246566,0.088455,-0.416987,0.285031,-0.060594,0.142975,0.053076,0.069685,0.203518,-0.246950,0.014353,0.112382,0.117321,-0.143215,0.044448,0.097746,-0.103418,0.103070,0.218029,0.191221,#
3,-0.012172,0.178900,-0.041427,1.000000,0.140497,0.103638,0.132830,-0.119565,0.177489,-0.022281,0.148728,-0.049380,0.117392,-0.080763,0.082780,-0.043305,0.062728,0.129368,0.076809,0.226282,0.240493,0.049452,0.113955,0.238905,0.111726,0.134224,-0.025865,-0.079618,0.124620,0.094973,-0.021597,0.081035,0.355927,0.231886,-0.224969,-0.014709,0.078227,0.286807,0.330083,-0.005130,0.098864,0.208820,0.202549,0.267336,-0.101423,0.279197,0.225871,0.297755,-0.011771,0.114563,0.183306,0.232670,0.355753,-0.179111,-0.026989,0.169815,-0.019935,-0.264172,-0.108238,0.213335,0.166462,0.057223,-0.018481,-0.064607,0.243583,0.182263,-0.048511,-0.114971,0.136821,0.270123,-0.016743,0.109073,0.116152,-0.025260,0.051618,0.241271,0.013756,0.169806,0.009989,-0.211461,0.325107,0.166654,0.168394,0.071137,0.226704,-0.043272,-0.050278,-0.162819,0.291661,-0.029878,0.057393,0.203846,0.089362,0.068933,0.068545,0.017813,0.041077,-0.137109,0.249596,0.044550,0.099295,0.000347,0.182583,-0.023418,0.177283,-0.033047,0.073009,0.068336,-0.099462,0.026393,0.092962,0.104003,0.086739,0.034893,0.102464,-0.200846,0.202855,0.126524,-0.001481,0.128978,0.082802,-0.086210,0.057952,0.236815,-0.050510,0.108938,0.091893,0.169346,-0.092645,0.082542,0.276709,0.132292,0.124540,0.297780,0.119635,0.002734,0.147611,0.042283,0.298798,-0.037107,0.075808,0.110552,0.095229,-0.012342,0.070098,0.026344,0.180064,0.165140,0.130503,0.171887,-0.062982,0.064201,0.043349,0.112485,0.169728,-0.025781,-0.122022,0.216512,-0.056540,0.056081,0.110042,0.074844,0.354092,0.357931,0.064829,-0.080903,-0.139658,-0.003080,-0.281107,-0.017757,0.220010,-0.102866,-0.103772,-0.200838,-0.127676,0.037146,0.210849,0.112871,0.059299,0.165411,-0.079877,0.369890,0.172185,-0.371235,-0.210086,0.059178,0.158939,0.048677,0.102098,0.066891,0.044691,0.004208,-0.067895,-0.221876,0.051945,0.201674,0.255813,-0.010877,0.030961,0.033733,#
4,0.253716,0.051882,0.170162,0.140497,1.000000,0.180305,-0.138035,-0.035145,0.269688,0.145305,0.036069,-0.099145,0.142950,-0.071791,0.110025,0.217735,-0.180463,0.229085,0.149001,0.364010,0.270384,-0.002076,0.209713,0.177142,0.006014,0.131984,-0.059270,-0.119873,0.010693,0.133856,0.118524,-0.072303,-0.031047,-0.074773,0.086401,0.263938,0.333068,-0.076069,-0.056039,0.031802,0.161192,0.420080,0.142117,-0.105756,0.186443,0.064087,0.357157,0.056062,0.185969,0.319446,0.122289,0.121394,0.088573,0.083905,0.265914,0.368560,0.256068,0.050576,0.167215,-0.023563,0.072896,0.141640,0.083207,-0.043299,0.084892,-0.107582,0.219956,0.056095,-0.034795,0.039786,0.224475,0.098838,0.056120,0.226642,-0.006977,-0.046493,0.044634,0.213547,0.191452,0.070677,0.420756,0.244995,-0.039213,-0.012169,0.468932,-0.023281,0.037157,0.138629,0.037958,0.165099,0.247610,0.047511,0.192128,0.121781,0.127467,0.366131,0.123273,0.101438,-0.098333,-0.088606,-0.060848,-0.122195,0.314228,0.118079,0.135790,0.067723,-0.016431,0.166194,0.123149,-0.049355,0.215277,0.241875,0.267783,0.297727,0.325592,-0.090732,0.189498,-0.083798,0.006569,-0.045942,-0.000359,0.071252,0.119437,-0.013275,0.212418,-0.043147,0.280358,0.046807,0.135198,-0.059615,0.211355,0.134497,0.105637,0.074186,0.076969,0.068292,0.214330,0.201942,0.056190,0.071057,0.247432,0.058984,0.241912,0.089563,0.201538,0.375065,-0.013042,0.288750,0.174599,-0.089622,0.079130,0.116678,0.013348,0.396029,0.215937,0.100186,0.334904,0.187843,-0.314148,0.103884,0.188599,-0.049653,-0.093874,-0.031841,-0.024605,0.091578,-0.080444,0.009120,-0.018361,0.099028,0.001956,-0.053400,0.336331,0.145124,0.152122,0.233545,0.191679,0.235787,0.081956,0.279189,-0.000412,-0.101641,0.184289,0.120106,0.115879,-0.025605,-0.140573,0.253310,0.216333,0.164446,0.084997,0.217989,0.015096,-0.216925,0.239399,0.040132,0.104085,0.171413,0.183145,0.284254,#
5,-0.015231,-0.006971,-0.156742,0.103638,0.180305,1.000000,0.052348,-0.000415,0.058265,0.339533,0.218309,0.123979,0.235393,-0.063260,0.104768,-0.142032,-0.156892,0.016049,-0.070735,0.059917,-0.017110,0.020350,-0.007246,-0.007643,0.072273,0.000231,-0.056692,0.067759,0.180729,0.098018,0.137011,0.136314,0.148862,0.144535,0.006010,0.148798,0.163602,0.171148,0.176511,0.106141,0.192771,0.140397,0.055508,-0.073847,-0.211567,0.186394,0.161950,-0.219597,0.072894,0.159202,0.139651,0.047148,-0.084477,-0.166966,0.302217,0.228263,0.073327,-0.056711,0.130407,-0.015616,-0.175833,-0.036910,0.203970,-0.070245,0.167952,0.044144,0.091024,-0.029582,0.037688,0.000428,0.159464,0.098724,0.122709,0.265716,-0.140859,-0.051073,0.157224,-0.189468,0.062428,0.074333,0.098363,0.088146,0.307605,-0.167892,0.199438,-0.209728,-0.020162,-0.061213,-0.057944,-0.151266,0.124267,0.060955,0.233680,0.286555,0.036481,0.212770,-0.174942,0.044569,-0.007161,-0.113726,-0.067955,0.109237,-0.059282,-0.159192,0.176479,0.141735,0.107340,-0.008836,0.170335,-0.225184,0.261052,0.162885,0.061158,0.041898,0.117856,-0.119067,-0.083790,0.131207,0.174678,-0.052614,-0.196022,0.231743,0.128188,0.065809,-0.091552,-0.029188,-0.244138,0.007522,0.329838,0.059144,0.328759,-0.067357,0.129204,0.250063,0.079821,0.187211,0.020389,0.117814,-0.200483,-0.067750,-0.031737,0.039693,0.210193,0.200579,-0.113801,0.198659,0.148329,-0.020047,-0.206213,0.121031,0.140896,-0.040148,0.165578,0.240297,0.046133,0.075069,0.045272,0.050489,-0.081902,-0.020888,0.205684,0.071422,0.091958,0.141975,-0.198759,0.014078,-0.077507,0.209107,0.226594,0.170139,0.253745,-0.147162,0.270146,0.017597,-0.065981,0.162314,0.214852,0.172378,0.118452,-0.016378,-0.051652,-0.100243,0.282293,0.086669,-0.082209,0.075882,0.136145,-0.081930,0.074857,-0.122678,-0.078066,0.141945,0.086652,0.014738,0.245122,-0.145709,0.089952,0.073305,0.026673,0.320901,#
6,-0.112781,0.293205,0.034480,0.132830,-0.138035,0.052348,1.000000,-0.070174,0.178761,0.085095,0.037568,0.067312,-0.093528,0.037479,-0.095646,0.018533,-0.088418,-0.061847,0.053206,-0.086548,-0.043952,0.078492,-0.075685,-0.055589,0.054922,0.036679,-0.090508,0.105565,-0.044735,0.018670,0.108952,0.172222,-0.032285,0.122040,-0.222463,-0.072485,-0.194128,0.244165,-0.086594,-0.146267,-0.257377,-0.208547,-0.062843,0.170002,-0.093122,-0.057961,-0.043821,-0.026348,-0.047918,-0.090753,0.061841,-0.158655,0.046863,0.047813,-0.150159,0.113943,-0.257708,-0.155492,0.156952,0.322763,0.143439,-0.147364,0.274775,-0.201473,-0.036892,0.265042,-0.042864,0.147978,-0.097804,-0.003061,-0.055791,-0.054693,-0.171928,0.107165,0.213370,0.055211,0.218758,0.172441,0.107024,-0.124471,-0.099676,-0.145580,0.148756,0.077617,0.013685,0.018778,-0.057532,0.144640,-0.158980,-0.095932,0.076004,-0.117321,-0.049579,0.012961,-0.056499,0.049017,-0.029329,0.016584,0.185789,0.121005,-0.022688,0.322563,0.005458,-0.009961,-0.200325,0.265313,0.103902,-0.064425,0.232428,-0.084110,-0.012107,0.054245,-0.006418,-0.272021,0.031890,0.159155,-0.053186,-0.058603,0.048854,-0.152401,0.029862,0.088513,-0.157328,0.044428,-0.161676,-0.103799,-0.123946,-0.028656,-0.119661,-0.079115,0.005317,-0.034181,-0.077222,0.033161,-0.130654,0.156419,0.004376,0.042554,-0.021485,0.119199,-0.212548,0.194696,-0.182287,0.026833,-0.116411,-0.005376,0.080209,-0.130845,0.107252,-0.284601,0.238643,-0.231778,0.097482,-0.208677,0.105406,-0.011732,0.038133,0.224991,-0.090657,-0.208739,-0.093510,0.059616,0.137131,0.339215,-0.040673,0.136710,-0.296047,-0.006030,-0.161230,0.154930,-0.085409,-0.091038,0.107086,0.001425,0.083426,0.007702,-0.096660,0.065576,0.129576,-0.136562,-0.052121,-0.091620,0.157016,-0.079898,0.010777,0.042028,0.002328,0.011178,0.000562,0.106347,0.031392,0.094067,-0.187007,0.060357,-0.178213,-0.097625,0.123207,-0.143782,-0.075679,0.102149,#
7,-0.183191,-0.050556,-0.065466,-0.119565,-0.035145,-0.000415,-0.070174,1.000000,0.022445,-0.003297,0.121394,0.390644,-0.072416,-0.112963,-0.011951,-0.057899,-0.054144,0.337454,-0.067549,-0.118613,0.055887,0.069617,-0.119108,-0.090165,0.211347,-0.030222,-0.106307,0.256888,-0.222558,0.092171,-0.013851,-0.305928,0.154129,-0.104817,-0.105730,0.060461,-0.248388,-0.257237,-0.004850,0.019853,0.148649,-0.072516,0.013221,-0.031952,0.169118,-0.009992,-0.028914,-0.121064,0.036689,-0.117010,0.045177,-0.176608,-0.067657,-0.027235,-0.104023,-0.079634,0.156637,0.286341,0.078782,-0.104343,0.035272,0.041454,0.175166,0.021713,-0.004833,0.169331,0.179545,-0.281399,-0.098186,0.043307,0.133781,-0.005214,0.079874,0.022298,-0.302065,-0.075145,-0.150883,-0.081745,-0.142701,0.330149,0.177583,-0.073592,0.049802,-0.086598,0.031447,-0.021484,-0.005072,-0.075187,0.051224,0.066078,-0.014398,-0.042084,-0.005577,0.064287,-0.175695,-0.099011,-0.065049,0.164439,-0.148135,0.075404,-0.004085,-0.117321,0.050347,-0.065566,-0.195808,-0.118800,0.245193,0.100671,-0.076551,0.082462,-0.027624,0.026357,-0.014738,0.079949,0.110750,0.071188,-0.099784,-0.080842,-0.185871,0.030159,-0.118157,0.165709,-0.064954,-0.209367,0.012061,0.045890,0.075296,-0.114266,-0.111975,-0.101525,0.068456,0.289821,0.197038,-0.105495,0.238928,0.026249,-0.234152,0.318935,-0.137256,-0.018746,0.173416,-0.159032,-0.139952,-0.119237,-0.022052,-0.121826,0.074149,-0.036459,-0.206072,0.019659,0.113347,0.020527,0.154712,-0.086815,-0.107061,-0.063105,0.114276,-0.045556,0.111672,0.011103,-0.021274,-0.097112,0.193384,-0.191212,-0.269607,0.120404,0.220655,0.003571,-0.089652,-0.072683,0.004355,-0.163170,-0.092389,0.054074,0.038404,0.000472,-0.132116,0.046270,-0.237292,0.260033,0.057492,0.084602,0.022633,0.172837,-0.405826,-0.075262,-0.130820,-0.156373,0.051452,0.218002,0.213357,-0.197660,0.179466,-0.033895,-0.025853,-0.108434,-0.158569,-0.140621,0.128612,-0.054847,#
8,0.038340,0.191278,0.005583,0.177489,0.269688,0.058265,0.178761,0.022445,1.000000,0.166047,0.268750,0.229663,0.038406,-0.292935,0.137182,0.153259,-0.152632,0.150930,0.042257,-0.052050,-0.120708,0.055185,-0.077620,0.234645,-0.106932,-0.033976,-0.118998,0.131015,-0.135447,0.067774,-0.255778,0.098630,-0.131544,0.017210,-0.070986,0.038925,0.111391,-0.090952,-0.005498,0.009303,0.079420,0.054484,0.081870,0.046351,0.181261,0.145575,-0.078763,-0.058063,0.097832,-0.041598,0.038645,0.231156,0.093229,0.205561,0.017175,0.166891,0.145070,0.165500,-0.047520,0.249779,0.062732,0.060352,0.094673,-0.222729,0.089624,0.317136,-0.022803,-0.092437,0.240315,0.029189,0.078895,-0.061061,-0.009531,0.020502,0.085612,0.130329,-0.128243,0.086245,-0.109030,-0.038326,0.156146,0.131498,0.126017,0.087862,0.286961,-0.050732,0.056295,0.018477,0.045142,0.241396,0.067130,0.302115,0.142827,-0.242698,0.341766,0.244041,0.037697,-0.074866,0.181942,0.059771,-0.045536,-0.060996,0.121844,-0.015650,0.107814,0.068752,0.146652,0.064272,-0.043461,0.235619,0.049272,0.044592,-0.088128,0.090591,-0.027869,0.235540,0.104203,-0.023130,0.045737,0.302066,-0.014496,0.027121,0.052350,0.022785,0.022669,0.016896,0.022293,0.267250,-0.191219,0.148539,0.042132,-0.147593,0.039122,0.154998,-0.003154,0.149283,-0.101437,0.249066,0.056800,-0.023446,0.165162,0.069932,-0.008721,-0.195904,-0.035255,-0.174163,0.173732,-0.039177,-0.051453,-0.050143,0.158809,-0.096958,0.072716,0.060710,0.259677,0.291500,0.186797,0.221976,-0.029521,-0.005490,0.014505,-0.055180,0.012599,0.093037,0.080049,0.034911,0.085002,-0.118364,-0.003287,0.096080,-0.051106,-0.071471,0.091696,-0.112735,0.168518,-0.011750,-0.014244,0.070307,0.109444,0.169104,-0.000148,0.047311,0.052363,-0.162690,-0.166350,0.169629,-0.243431,0.026045,0.328067,0.238395,0.085908,0.139914,0.124010,-0.117516,0.289887,-0.043104,0.093520,-0.157558,-0.204817,-0.064133,#
9,0.024654,-0.023859,-0.048026,-0.022281,0.145305,0.339533,0.085095,-0.003297,0.166047,1.000000,0.199405,-0.034348,0.061099,-0.035192,-0.053717,0.107309,0.040596,-0.025825,-0.312385,0.194761,-0.125410,-0.071148,-0.031684,-0.109995,-0.179390,-0.040172,0.162908,-0.008254,0.039540,0.028649,0.237804,-0.023120,-0.114781,0.287350,0.217132,0.131684,-0.118602,0.185263,-0.067882,-0.153768,0.048543,0.059626,0.079249,-0.087093,-0.096876,0.013935,-0.095341,-0.075167,-0.117425,0.064658,0.056885,0.070011,-0.043507,0.090349,-0.195316,0.037814,-0.057946,0.003581,0.259010,-0.072420,0.101595,0.236848,0.323206,0.089465,0.025728,0.108173,-0.159653,-0.085282,-0.024742,-0.154931,0.144338,0.046722,0.078247,0.151140,-0.060532,-0.073818,-0.241119,-0.107354,0.142317,0.160752,-0.038411,0.151196,-0.161871,-0.160199,0.256754,-0.060515,0.146420,0.034830,-0.398225,-0.134656,0.031771,0.099524,0.148927,-0.197184,0.012174,0.218127,-0.023216,0.030713,-0.011352,-0.303009,-0.071650,0.120613,0.064204,0.010763,0.255882,0.204004,0.060492,-0.162426,0.148394,-0.039368,-0.033772,-0.074837,-0.144138,0.276603,-0.162035,-0.044907,-0.092579,0.098024,0.099468,-0.155633,-0.120249,0.009149,-0.157465,0.094743,-0.084442,0.141421,-0.177482,0.150550,-0.018956,0.190331,0.091328,-0.298779,0.006459,0.064277,0.103661,0.223112,0.112426,0.287651,0.053683,-0.283742,-0.045643,0.117370,0.106036,-0.059253,-0.212072,0.087461,0.131081,0.032849,0.073606,0.341978,-0.119259,-0.189915,0.362396,0.267381,0.260899,-0.033307,-0.077599,0.199613,0.198017,-0.200530,0.231332,-0.057619,-0.044315,0.156619,-0.115263,-0.042683,0.084963,-0.011335,0.370570,-0.208445,-0.083922,-0.162128,0.084322,0.050641,-0.127200,0.082500,0.098449,0.050986,0.022289,-0.033424,0.000515,0.037964,0.177400,0.163133,-0.138050,0.139023,-0.104623,0.150699,0.167102,0.007471,0.108261,0.099485,-0.189929,-0.039961,-0.049783,-0.046193,0.018467,-0.054146,-0.099753,0.298658,#
10,0.005187,0.169383,0.090874,0.148728,0.036069,0.218309,0.037568,0.121394,0.268750,0.199405,1.000000,0.001506,0.049667,-0.141399,0.051672,0.095094,-0.021925,0.226199,0.044061,0.074458,-0.238034,0.106320,-0.215049,0.161473,-0.085157,-0.139786,-0.125459,0.215157,0.117942,0.181131,0.076925,0.072782,0.170052,0.018114,0.026084,0.038298,0.043925,0.075827,0.424980,0.006413,0.127021,0.022444,0.008147,-0.008944,-0.245678,0.105609,0.016530,0.046768,0.008721,0.210359,0.134433,-0.035085,-0.129427,0.086010,-0.097754,0.191311,0.115322,-0.113718,-0.184898,0.181714,0.044321,0.244259,-0.079669,0.263638,0.296167,0.183601,0.084690,-0.030709,-0.039936,0.126964,0.122309,0.132798,0.110919,0.198684,-0.065217,0.156607,-0.013229,-0.038742,-0.114320,0.113252,0.207365,-0.130672,0.145423,0.072141,0.398212,-0.153681,0.170623,0.087852,-0.085309,0.096526,-0.062214,-0.028803,0.200571,-0.015503,0.134171,0.267000,0.139111,-0.090993,-0.019431,-0.054329,-0.168329,-0.044510,0.179507,-0.175486,0.024411,-0.019589,0.028074,0.166187,-0.026619,-0.024869,0.050702,0.175029,-0.108070,0.084352,0.350060,0.061792,0.046270,0.046926,0.045054,-0.054966,-0.084331,0.166076,0.026859,0.135763,-0.047027,0.085804,0.047118,0.257673,0.066197,0.087694,0.320315,0.062411,0.015615,0.150626,0.192510,-0.011654,-0.068686,0.327895,0.063483,-0.138807,0.343017,0.030788,0.092196,0.015236,0.116359,-0.125266,-0.016227,-0.080977,0.025053,0.076800,0.180135,0.049944,0.152835,0.020951,0.339684,0.030195,0.037086,-0.132306,0.211410,-0.154943,0.218152,-0.277765,0.393076,0.088491,0.044461,0.078357,0.165138,-0.040717,0.047004,0.053115,0.033967,0.022304,-0.076297,0.093511,0.152840,0.023877,0.182214,0.191203,-0.184538,0.120437,0.155571,0.081610,0.169923,-0.040409,-0.080127,0.391460,-0.037113,-0.179956,0.048700,0.109234,0.284137,-0.063873,-0.035979,-0.033354,0.197187,-0.052434,-0.061588,-0.009432,0.030939,0.299443,#
11,-0.143460,0.207748,0.282773,-0.049380,-0.099145,0.123979,0.067312,0.390644,0.229663,-0.034348,0.001506,1.000000,0.009064,0.078111,-0.317276,-0.092687,-0.031730,0.027592,-0.033849,-0.301614,-0.192505,0.149109,-0.157695,-0.064571,0.237008,0.085828,0.006947,0.238968,-0.259834,0.108724,0.040527,-0.008392,-0.074780,-0.089090,0.027827,0.110214,-0.047355,-0.320804,0.008399,0.012639,-0.087281,0.220401,0.244290,0.166099,0.035217,0.110976,-0.170154,-0.025162,0.232061,-0.187319,0.068881,0.065625,0.014934,0.174867,-0.139972,-0.131429,0.026407,0.308018,0.070759,-0.040019,0.059277,-0.098072,0.096432,-0.073356,0.023138,0.315131,0.081909,-0.042370,0.133671,0.043211,-0.232737,-0.192069,0.168186,-0.026201,-0.146642,-0.117895,0.027879,-0.134939,-0.087662,-0.013851,0.193379,-0.028378,0.005787,0.013301,-0.026221,-0.228199,0.011003,-0.035770,0.162150,-0.036599,-0.331867,0.157751,0.251945,0.352760,-0.050830,0.004017,-0.076290,-0.041350,0.198688,0.120771,0.120773,-0.035385,0.028791,0.039667,-0.195626,0.000834,0.223330,0.079457,0.033579,0.096781,0.247103,-0.003739,0.012084,-0.044711,-0.017483,0.227827,-0.057963,0.012783,-0.160923,-0.019327,-0.108469,-0.002785,0.173215,-0.048513,-0.108741,0.141066,-0.095068,-0.011527,0.049481,-0.142267,0.055620,0.043197,0.241208,0.089080,0.176159,0.125907,-0.174246,0.345782,-0.076431,0.066234,0.066252,-0.075976,0.011941,0.028146,0.075740,-0.138880,0.039747,-0.085969,-0.183404,-0.115181,-0.014587,0.177055,0.254607,0.044600,0.005562,0.134220,0.067774,-0.018914,-0.039616,0.036335,-0.071942,0.115653,-0.046831,-0.121139,-0.136642,-0.025416,0.231536,-0.007820,-0.112682,0.170002,-0.097931,-0.001866,-0.099459,-0.182543,0.103560,0.105405,-0.014837,0.023437,-0.106050,0.038983,0.071513,-0.052624,-0.113823,-0.076705,-0.481765,0.210288,-0.050535,0.197714,0.152793,-0.016082,0.134500,-0.233053,0.159069,-0.092845,0.096041,0.044931,0.001575,-0.087005,0.106496,-0.113953,#
12,-0.099627,-0.004235,0.165948,0.117392,0.142950,0.235393,-0.093528,-0.072416,0.038406,0.061099,0.049667,0.009064,1.000000,-0.071235,0.153337,0.128993,0.221737,-0.117082,0.020757,0.248655,-0.020401,0.163678,-0.023731,0.150415,-0.131872,0.269080,0.016315,0.106898,-0.064329,0.054546,-0.244548,0.329348,0.024966,0.182333,0.054004,0.385584,0.076300,0.039297,0.190815,-0.131829,0.182286,0.008459,0.066979,0.106948,0.196019,0.186543,0.076594,-0.000819,0.157371,0.116905,0.123347,0.159819,0.196625,-0.011316,0.269010,0.100918,-0.005877,0.065509,0.082104,-0.103597,-0.021764,0.060942,0.002891,0.152051,0.350688,0.043005,0.114616,0.085006,0.175797,0.006342,0.033319,0.054281,0.057669,0.086485,0.096703,0.151118,0.046670,-0.130049,-0.093180,0.020404,0.198194,0.097610,-0.161507,0.104412,0.144806,0.075606,0.014953,0.227771,0.109246,0.037696,0.274481,0.182382,-0.004190,0.210771,0.108005,0.112882,0.187341,-0.078236,0.140814,-0.108104,0.287015,0.166565,-0.030907,-0.211089,0.265014,0.000068,0.118847,0.003373,-0.058074,-0.074352,0.211895,-0.027581,0.065663,0.080526,0.044581,-0.229411,0.146917,-0.040057,0.363545,-0.013766,0.182694,-0.029554,0.229368,0.146514,0.155154,-0.305479,0.143146,0.201157,0.019347,-0.018477,0.172533,-0.112251,-0.037717,0.136834,0.108878,-0.075372,0.196032,-0.082253,0.158711,0.106534,0.171090,-0.105495,0.032660,-0.040639,-0.197027,0.044478,-0.163502,0.107499,-0.023594,-0.011920,-0.111265,0.164409,0.046096,0.141300,-0.165814,0.015326,-0.047654,0.031492,0.039806,-0.008825,-0.081530,0.326590,0.066103,0.186442,0.022821,-0.238353,0.236892,0.053746,0.106185,0.268806,0.140990,-0.022097,-0.112024,0.236765,0.092633,0.061767,0.306283,0.311209,0.046144,0.178819,0.122825,0.059881,0.199877,0.127221,-0.012460,-0.098188,0.072558,0.176349,0.065224,-0.106685,0.061541,-0.137871,0.111381,0.060730,-0.115788,0.145833,0.179883,0.230738,0.155850,0.051156,#
13,-0.068075,0.050906,0.200977,-0.080763,-0.071791,-0.063260,0.037479,-0.112963,-0.292935,-0.035192,-0.141399,0.078111,-0.071235,1.000000,0.262875,-0.016163,0.255564,-0.072648,0.061205,0.298064,-0.089991,-0.146666,-0.194557,0.092940,-0.062693,0.273516,0.203267,-0.081460,-0.090793,-0.128924,0.056879,0.096894,0.066763,0.001085,0.214912,0.114169,0.021400,-0.024812,-0.111164,0.135263,-0.198333,-0.116707,0.041076,0.030526,0.000343,0.152560,0.054058,-0.026117,-0.052395,0.031101,0.053376,-0.100760,0.113439,0.208462,0.011641,-0.060296,-0.096790,0.057347,0.017741,0.150984,0.176044,0.212561,0.099454,0.074058,0.083259,0.001387,0.415464,0.145100,-0.007855,0.028741,-0.040330,-0.044933,-0.201565,-0.123927,0.199962,0.177078,0.257353,0.115991,0.272732,-0.067144,-0.060264,0.225964,-0.128483,0.275634,0.136246,0.040874,0.143115,0.226929,-0.026493,-0.215753,-0.079174,0.066143,-0.039026,0.224636,-0.083015,-0.038878,0.070032,-0.137845,-0.070676,0.195653,-0.005738,0.224313,-0.024119,0.308740,-0.014632,0.075339,0.187820,0.120538,0.145246,0.099509,-0.031265,-0.094062,0.360482,0.024828,-0.017956,0.083460,0.278325,0.122152,-0.195690,-0.168759,0.112923,-0.076861,0.206535,0.120703,0.206153,0.005542,0.070161,-0.110619,0.181967,-0.020977,-0.157427,0.002707,-0.072124,-0.111480,0.107000,0.075858,0.038281,0.017159,-0.010460,0.228267,-0.298935,0.048919,0.206544,0.170888,0.113437,0.172557,-0.092014,0.011732,-0.123343,-0.092134,0.068001,0.131322,0.056323,0.241441,0.048164,-0.003281,-0.081211,0.179613,0.069312,0.110962,-0.220957,0.220913,-0.084351,0.191297,-0.047484,-0.011728,-0.015822,-0.123425,0.064808,-0.131936,0.006850,0.219311,-0.028163,0.106053,0.166657,0.187642,0.205554,0.024561,0.031879,-0.128202,0.000028,0.190619,0.057405,0.088270,0.204985,0.231885,0.207912,0.014001,-0.178542,0.052877,0.123706,0.131351,-0.081174,0.080460,-0.187190,0.001788,-0.062723,-0.058991,-0.017835,0.009271,#
14,0.128156,-0.017105,-0.192087,0.082780,0.110025,0.104768,-0.095646,-0.011951,0.137182,-0.053717,0.051672,-0.317276,0.153337,0.262875,1.000000,0.131945,0.193446,0.084748,-0.001734,0.332808,0.054070,-0.061087,-0.027483,0.309333,-0.246010,-0.050610,0.252402,0.019112,0.036296,0.028345,-0.181398,0.255049,0.016304,-0.036171,0.053134,-0.018489,0.055775,0.024901,-0.082830,0.236223,0.032728,-0.149189,0.224880,-0.178692,0.151487,0.408141,0.146618,-0.231964,0.078308,0.148551,0.165145,-0.078654,0.349940,0.151391,0.432908,0.156299,0.152057,-0.139760,-0.158819,0.026583,0.141693,0.232531,0.028770,-0.095430,0.001866,-0.186587,0.274685,0.256449,0.015839,0.053523,0.241737,-0.020429,-0.026721,0.076792,0.276332,0.198356,0.082093,0.040653,0.108286,0.054758,0.129554,0.183308,0.025442,0.206438,0.193149,0.205385,-0.117379,0.099656,-0.049694,-0.070607,0.182363,0.289085,0.004518,-0.183572,0.323398,0.046698,0.060218,0.007578,-0.218651,0.033097,0.164897,0.242993,-0.012020,0.287644,0.171982,-0.000067,0.297918,0.115113,0.049789,0.138287,-0.122595,-0.289318,0.131442,0.161714,-0.034155,-0.081309,0.121676,0.009660,0.037288,0.117277,0.165479,0.190035,-0.137682,-0.138260,0.220267,-0.093430,-0.026904,-0.022389,-0.026717,0.331020,0.056300,0.024011,-0.064262,-0.062140,-0.010904,0.125402,-0.092171,0.014517,-0.003956,0.157123,0.159012,0.184092,0.106973,0.120333,-0.114356,0.125150,0.154132,0.102482,-0.294192,-0.045698,0.236058,0.181773,-0.142745,0.156335,0.249612,0.109031,0.014687,0.005174,0.041333,0.056257,-0.095018,0.001479,0.109870,0.134869,0.057315,-0.145533,-0.128922,-0.107682,0.035964,0.091131,0.302317,0.030433,-0.002152,-0.008909,0.124126,-0.060777,0.221599,0.164368,0.219544,-0.035080,-0.052218,0.084236,0.142239,0.038869,0.232642,0.089911,0.199462,-0.285069,-0.005232,0.308881,0.045920,0.111609,-0.037810,-0.029925,0.012121,0.072267,-0.147861,-0.096541,-0.047105,0.001729,#
15,0.338707,-0.171424,0.272688,-0.043305,0.217735,-0.142032,0.018533,-0.057899,0.153259,0.107309,0.095094,-0.092687,0.128993,-0.016163,0.131945,1.000000,0.288097,0.081828,0.081359,0.125574,0.074724,0.059742,-0.020757,0.266707,0.035377,0.338780,0.166895,0.047801,0.170458,0.086385,-0.003598,0.119641,-0.136994,0.176214,-0.004474,0.063788,0.025583,-0.164996,0.119679,-0.239673,0.097920,0.064063,0.183484,0.110233,0.159008,0.073812,-0.221405,0.035118,0.016818,0.345955,-0.126202,0.031126,0.214018,0.208215,0.079607,0.183277,0.057075,0.119724,0.104608,0.152015,-0.000187,0.056372,0.350118,-0.086949,0.028815,0.024842,-0.036366,0.159871,0.118466,-0.082726,0.236524,0.070803,0.083395,-0.002503,0.002954,-0.012613,0.025685,0.185592,-0.159704,0.088314,0.220814,-0.034687,-0.231109,0.371214,0.163412,0.071734,0.033835,0.336930,0.083970,0.079897,-0.084493,0.146139,0.038462,-0.010688,0.279384,-0.013189,0.451816,-0.052134,-0.019125,-0.130264,0.082012,0.160901,-0.168705,0.037107,-0.127105,0.069607,0.081437,0.007362,-0.087201,0.165844,-0.052763,0.188647,-0.005717,0.065798,-0.050109,0.048433,-0.074663,-0.172464,-0.019749,-0.176170,0.253685,0.068012,0.027529,0.103636,0.066303,-0.222116,-0.098838,-0.022624,0.010088,0.082286,0.166879,-0.045208,0.085625,-0.060935,0.013156,0.111060,-0.013595,0.075655,0.158638,-0.092278,-0.149044,0.196777,0.056559,0.052506,0.204475,-0.057460,-0.087000,0.279254,0.466857,0.026484,-0.020223,-0.099607,0.138299,0.276214,0.021847,0.360040,0.024483,0.096293,0.038861,0.103451,0.010235,-0.074719,0.141828,0.224227,-0.018324,0.025743,0.154593,-0.063727,0.084612,-0.181510,-0.109407,-0.166421,0.110804,-0.076710,0.153418,-0.108620,0.271223,0.046863,-0.141486,0.096796,0.325891,0.126391,-0.010939,0.215447,-0.009694,0.057162,-0.033686,0.137470,0.030956,0.201411,-0.019129,-0.033179,0.031747,-0.150008,0.020434,0.068408,-0.004456,0.095174,0.065336,-0.124794,#
16,0.020359,-0.026434,0.062142,0.062728,-0.180463,-0.156892,-0.088418,-0.054144,-0.152632,0.040596,-0.021925,-0.031730,0.221737,0.255564,0.193446,0.288097,1.000000,-0.071750,0.007531,0.316101,-0.029374,0.099596,0.145065,-0.042639,-0.246096,0.156436,0.061853,-0.182727,-0.039492,0.263762,-0.174513,0.056484,-0.063734,0.244847,0.057006,0.150561,0.015659,0.088745,0.152538,-0.333917,0.115834,-0.133455,0.096321,0.109043,0.016449,0.279573,-0.085086,0.109878,-0.155838,-0.132012,0.103005,0.165005,0.289084,-0.022414,-0.002101,0.027039,0.080522,-0.071142,-0.019198,-0.057115,-0.074371,0.097719,0.413654,0.246225,0.217860,0.036417,-0.014878,0.273157,0.112635,0.056666,-0.103740,0.296617,0.154629,-0.239762,-0.095353,0.225099,-0.105795,0.263956,-0.070096,0.116303,0.003834,0.130555,-0.107472,0.159277,0.026026,0.090302,0.154595,0.026748,-0.027851,-0.092192,0.091164,0.253440,0.068028,-0.059189,0.069807,-0.187001,0.313268,-0.168820,-0.082365,0.093420,-0.020642,0.072499,-0.183492,-0.060431,0.107045,-0.100453,0.086708,0.145843,-0.126189,0.122348,-0.077779,-0.042446,0.124005,-0.025097,0.131110,0.087580,-0.053840,0.132544,-0.045314,0.069832,0.243237,0.106368,0.009740,0.171450,0.120123,-0.239369,-0.116684,-0.085227,-0.046520,0.224883,-0.016711,-0.168505,0.302538,-0.359926,0.170595,0.112606,-0.070412,0.140762,-0.008595,-0.005394,-0.175743,0.108718,0.260209,0.051161,0.220273,0.102386,-0.124846,0.192198,0.156584,0.193602,-0.258062,0.216354,-0.084363,0.169276,0.062910,-0.030937,-0.120393,0.057846,0.097878,0.044276,-0.087042,0.144702,0.130668,0.263161,0.116474,-0.150162,0.171114,0.011976,-0.037800,-0.028569,0.008645,0.102222,-0.270995,-0.032585,0.103427,0.137583,0.013852,-0.067724,-0.035609,0.045074,0.131791,0.076257,0.049239,-0.020825,-0.072780,0.162620,0.339549,-0.039257,-0.034427,0.046818,0.240569,-0.356831,-0.284987,0.057700,0.002913,0.280283,-0.005127,-0.055490,-0.128531,-0.178197,#
17,0.054641,0.023643,-0.111349,0.129368,0.229085,0.016049,-0.061847,0.337454,0.150930,-0.025825,0.226199,0.027592,-0.117082,-0.072648,0.084748,0.081828,-0.071750,1.000000,0.086093,0.168598,0.189659,-0.216228,-0.160588,0.019208,0.018188,0.189065,-0.054631,-0.040728,0.017938,-0.123655,0.044572,-0.103437,0.319703,-0.068694,0.003917,0.145555,-0.279702,-0.115444,0.158430,-0.026788,0.217856,0.041398,-0.058644,0.085299,0.106711,-0.097017,0.005147,-0.100009,-0.212505,0.024261,-0.003697,-0.049562,-0.072670,-0.127244,0.182014,0.255357,0.318186,0.123948,0.101101,0.056829,-0.009922,0.231708,0.074026,-0.092721,0.083163,0.134545,0.195259,0.094873,0.029987,-0.011930,-0.063558,0.078923,0.099667,-0.105343,-0.037608,0.090941,-0.184837,-0.114257,-0.259485,0.331619,0.088185,0.026776,0.300372,0.054589,0.001447,-0.149561,0.010012,0.109401,0.106930,0.012811,-0.159286,-0.019554,0.183215,-0.073699,-0.193264,0.060368,-0.023654,0.191177,0.282045,0.132853,-0.105383,-0.181462,0.003144,-0.143839,-0.075029,-0.018902,-0.009798,0.097883,0.012060,-0.115032,0.221308,0.338068,0.228931,0.032543,0.091002,0.008432,-0.032543,-0.154738,-0.001094,-0.004743,-0.143193,0.165766,0.017459,-0.101219,0.336577,-0.122267,-0.095866,-0.011608,-0.076371,0.021646,0.167669,0.006340,0.049734,-0.035107,0.110235,0.067896,0.002564,0.381260,-0.103985,0.024903,0.090999,-0.022606,0.043250,0.014424,-0.031999,0.035076,-0.125980,-0.025324,-0.184851,-0.150395,-0.119300,-0.051533,0.013472,0.204892,0.190684,0.108996,0.034174,0.059575,0.056262,0.183333,0.138182,-0.087422,0.182910,0.043299,-0.166884,0.130210,0.037077,0.046871,-0.055578,-0.144756,0.067023,-0.096127,0.135283,0.005257,0.120510,-0.132130,-0.062081,0.018229,-0.259708,0.243602,-0.036112,-0.039971,0.094423,0.125849,-0.169778,0.050007,-0.045138,-0.082329,0.157239,0.102860,0.214196,-0.037473,0.090432,-0.142689,0.095357,-0.006400,0.012315,-0.188065,-0.032239,0.042029,#
18,0.161314,-0.056696,0.151879,0.076809,0.149001,-0.070735,0.053206,-0.067549,0.042257,-0.312385,0.044061,-0.033849,0.020757,0.061205,-0.001734,0.081359,0.007531,0.086093,1.000000,-0.085349,0.104580,-0.011736,0.083312,0.270902,0.097965,-0.030538,-0.158535,0.090221,-0.052241,-0.149506,-0.136824,-0.278824,0.037070,0.070727,0.125428,0.181977,0.131029,0.105727,0.043416,0.320415,0.088007,0.184710,0.123401,0.061126,0.006911,0.054247,0.026846,0.133012,0.197801,0.159493,0.050205,0.013163,0.214479,0.009769,0.074697,0.194280,0.092672,-0.054962,-0.143563,-0.041417,0.052457,0.041703,-0.069188,-0.088293,0.108930,0.013857,0.223875,0.193598,-0.083946,0.096578,-0.139379,0.022113,-0.179876,-0.248918,-0.061094,0.264684,0.033653,0.153320,-0.026642,-0.143082,-0.097643,-0.000170,0.136411,0.264928,-0.070330,-0.064389,0.152237,-0.138916,0.020679,0.053827,0.190796,-0.037309,0.003738,0.073402,0.058944,0.279016,0.141805,0.011792,0.101618,0.079535,-0.079754,0.010103,0.097799,-0.048060,0.127415,0.075154,0.105847,0.075786,0.213602,0.145807,0.064156,0.325053,0.118020,-0.266825,0.163791,0.086150,-0.053654,-0.241428,0.073721,0.234346,0.051660,-0.046481,0.079446,-0.087146,0.067502,-0.204954,0.099778,-0.039330,0.244875,-0.041754,0.048585,0.293817,-0.165457,0.134721,0.163654,-0.183243,0.079064,0.040729,-0.161255,0.102365,-0.091687,-0.023915,-0.027801,-0.034182,0.236754,0.095142,-0.074970,-0.010191,-0.054757,-0.099115,0.161368,0.080378,-0.086467,0.025306,0.196879,0.214330,0.194757,0.207100,-0.198632,0.277594,0.029421,-0.005476,0.043277,0.020340,0.005124,0.202391,0.100235,0.125461,-0.066427,0.193948,-0.156234,-0.011088,0.020548,0.046304,0.017853,0.236981,0.234021,0.006007,0.036978,-0.232553,0.103429,-0.001661,0.292172,-0.107983,-0.047449,-0.058985,0.251581,-0.009336,-0.017132,-0.049071,-0.076274,0.244828,0.053535,-0.167697,0.097807,0.032025,-0.050043,0.104898,0.209594,0.046414,#
19,0.133722,0.018237,0.063179,0.226282,0.364010,0.059917,-0.086548,-0.118613,-0.052050,0.194761,0.074458,-0.301614,0.248655,0.298064,0.332808,0.125574,0.316101,0.168598,-0.085349,1.000000,0.121721,0.029782,0.019508,0.059911,-0.277847,0.397068,0.049971,-0.060104,0.098614,0.113724,0.134039,0.230941,0.024029,0.149977,0.116637,0.191013,-0.087315,0.055964,0.119055,0.006786,0.260976,0.112109,-0.049565,-0.065021,-0.097499,0.087084,0.211709,0.257151,-0.207648,0.288552,0.182248,0.140550,0.020757,0.088889,0.203075,0.202477,0.091030,-0.134352,0.038590,0.093537,0.166958,0.293508,0.125078,0.256514,0.347491,-0.038125,0.172442,0.210793,-0.007115,0.052797,0.231196,0.297468,0.122776,0.074831,0.211575,0.453388,-0.114088,0.146240,0.248005,0.007570,0.289872,0.348634,0.048665,0.137729,0.258610,-0.019126,0.177252,0.220032,0.095961,-0.029905,0.124980,0.148138,0.152449,0.021862,0.058788,0.188644,0.156083,0.028157,-0.159718,0.100265,0.120813,0.217556,0.082667,0.199779,0.334315,0.125724,-0.023714,0.283830,-0.006411,-0.000008,0.035091,0.044182,0.259388,0.288320,0.121108,-0.119538,0.341080,0.181268,0.167372,-0.293746,0.254280,0.180307,0.284327,0.291221,0.361926,-0.051963,0.178306,0.061362,-0.196985,0.202984,-0.056175,0.042983,0.305749,-0.065108,0.023506,0.135563,0.042358,0.164076,0.178597,0.099842,0.013467,0.235987,0.235976,0.071284,0.086882,0.138357,-0.159717,0.197636,0.105341,-0.073440,-0.013987,0.220843,0.134593,0.489255,0.313190,-0.051070,-0.074724,0.032327,0.006434,0.116003,0.236824,0.119742,0.171051,0.244686,0.019471,0.024608,0.006219,0.116805,0.251305,-0.210956,0.083853,0.130514,0.131801,0.189719,0.225294,0.091451,0.256033,0.272736,0.104991,0.041858,-0.076613,0.229207,0.177448,0.132636,0.147000,0.177736,0.084377,0.151876,0.159922,0.065009,0.347702,0.155549,-0.115343,-0.053601,0.091044,0.154728,0.172434,0.116835,0.023750,0.178973,#
20,0.148725,-0.006835,0.168037,0.240493,0.270384,-0.017110,-0.043952,0.055887,-0.120708,-0.125410,-0.238034,-0.192505,-0.020401,-0.089991,0.054070,0.074724,-0.029374,0.189659,0.104580,0.121721,1.000000,0.016780,0.114678,-0.048300,0.228229,0.174965,0.034499,-0.220597,0.081992,-0.286226,-0.106843,-0.120540,0.099206,-0.120628,-0.175777,0.002959,0.032807,-0.051523,-0.018647,-0.025633,0.282668,0.156855,-0.012919,-0.103058,0.270231,-0.170291,0.262318,0.094708,-0.057931,-0.088007,-0.176805,0.017395,0.068398,-0.128942,0.304478,0.113873,0.251202,0.111625,0.097132,-0.213954,0.167838,0.141037,0.141031,0.038597,-0.018370,-0.189293,0.054259,0.156367,0.230450,0.138901,0.099997,0.120816,0.016829,0.006661,-0.133240,-0.138145,0.135209,0.294141,0.172532,-0.089443,-0.079860,0.006795,-0.099282,-0.000197,0.077892,0.064770,0.095633,-0.139421,0.258864,-0.071022,-0.014023,-0.163557,0.176700,0.099515,-0.009817,0.089696,0.101513,0.104869,0.091301,-0.127140,0.059929,-0.091402,0.056537,0.004719,-0.003534,-0.040965,0.025551,0.234271,0.046869,0.022216,0.102161,0.259375,0.073443,-0.265552,0.176681,0.106664,0.171014,-0.037955,-0.020431,0.085392,-0.068817,0.099223,-0.034096,-0.206141,0.056168,-0.059137,0.160842,-0.002157,0.011824,0.061815,0.033975,0.081580,0.031079,-0.062081,-0.010024,-0.081875,0.405099,-0.155813,0.000957,-0.097182,0.162719,0.169190,0.139589,0.091504,0.068934,-0.046439,-0.158404,0.080025,0.235542,0.113334,0.171029,0.101274,-0.304375,0.057097,-0.189347,-0.015605,0.075257,0.074126,-0.294330,0.327249,0.097177,-0.025974,0.132301,0.213307,0.040084,0.113286,-0.323332,0.251865,-0.082723,-0.164461,0.184546,-0.151786,0.082646,-0.126442,-0.054817,0.098761,-0.067577,-0.073476,0.108617,0.190705,0.098682,0.100608,-0.203615,0.060241,0.038621,-0.368995,0.186513,0.140673,0.029618,0.148692,-0.086888,0.172195,-0.057371,-0.103439,0.113394,0.129443,0.129064,0.029487,0.077513,0.065647,#
