0,1.000000,0.696210,0.732426,0.713455,0.603370,0.764050,0.653733,0.747110,0.719479,0.682304,0.774915,0.730896,0.687340,0.679194,0.606462,0.728876,0.771864,0.766766,0.749345,0.636189,0.761556,0.643590,0.707983,0.744801,0.565289,0.701508,0.652945,0.709153,0.655832,0.725802,0.694805,0.708095,0.693076,0.653365,0.674222,0.657637,0.695330,0.804423,0.697228,0.771372,0.709262,0.660378,0.732796,0.794802,0.707127,0.645733,0.705475,0.761353,0.678580,0.765535,0.727374,0.705290,0.696651,0.748747,0.709029,0.755207,0.679320,0.795012,0.709146,0.809124,0.779455,0.590660,0.787627,0.728894,0.719683,0.650847,0.814702,0.683141,0.729139,0.641156,0.755603,0.750661,0.821919,0.735152,0.687675,0.758232,0.741416,0.738177,0.777033,0.675612,0.731534,0.727893,0.722359,0.757493,0.695538,0.732071,0.753127,0.698872,0.588414,0.762971,0.702390,0.726720,0.678171,0.709694,0.751117,0.728301,0.663635,0.682645,0.719989,0.756904,0.726934,0.732020,0.736236,0.738105,0.704257,0.755293,0.678739,0.690301,0.725539,0.686859,0.744271,0.704184,0.761995,0.708436,0.764930,0.823261,0.671281,0.725771,0.671763,0.655029,0.545922,0.802214,0.748556,0.808391,0.765234,0.674823,0.655839,0.691805,0.668956,0.640995,0.764223,0.664272,0.706646,0.682296,0.716526,0.734846,0.703515,0.786655,0.733571,0.778416,0.735308,0.662682,0.600206,0.702301,0.726565,0.555239,0.745305,0.639124,0.758370,0.792272,0.739298,0.732152,0.726984,0.681795,0.738175,0.654729,0.724906,0.751436,0.773525,0.723186,0.715086,0.682757,0.691371,0.754710,0.726436,0.654096,0.692129,0.691340,0.680587,0.757814,0.728096,0.723853,0.723765,0.780763,0.786209,0.645142,0.678657,0.735986,0.645599,0.701591,0.692845,0.733145,0.619086,0.688764,0.701132,0.664998,0.708155,0.684532,0.689947,0.744411,0.680670,0.751961,0.739598,0.686828,0.687148,0.722893,0.739579,0.750594,0.808903,0.673961,#
1,0.696210,1.000000,0.742709,0.751152,0.668756,0.811921,0.592881,0.717542,0.831865,0.712064,0.717906,0.632292,0.630798,0.684110,0.662368,0.750250,0.662904,0.689782,0.753426,0.712247,0.738859,0.824800,0.718107,0.705017,0.651803,0.597724,0.771658,0.757049,0.626353,0.677990,0.758223,0.747761,0.714280,0.732142,0.720987,0.753895,0.603780,0.825339,0.746323,0.697105,0.661698,0.598323,0.686888,0.703099,0.679120,0.690939,0.678029,0.713420,0.763125,0.669045,0.646758,0.759181,0.740718,0.707714,0.777591,0.689479,0.679281,0.735985,0.749062,0.666109,0.743246,0.639812,0.636115,0.709001,0.758950,0.699644,0.765731,0.673693,0.699878,0.720825,0.665278,0.753158,0.776342,0.698563,0.720604,0.734814,0.596944,0.670170,0.673088,0.648881,0.719998,0.671265,0.752147,0.744342,0.750649,0.701600,0.665197,0.719423,0.701603,0.704761,0.678187,0.637603,0.750510,0.727992,0.734443,0.636012,0.651995,0.700644,0.713082,0.755470,0.735722,0.671134,0.660901,0.694753,0.679370,0.744934,0.640817,0.678822,0.732889,0.684998,0.703885,0.670516,0.678750,0.712722,0.627479,0.649048,0.632831,0.731354,0.672941,0.660095,0.730605,0.658919,0.595080,0.731134,0.674130,0.637736,0.696130,0.643888,0.712847,0.747153,0.672268,0.789198,0.625703,0.724463,0.814725,0.653703,0.697309,0.668771,0.687327,0.694267,0.788769,0.738635,0.727339,0.754821,0.720721,0.648522,0.733823,0.660877,0.740505,0.686045,0.770034,0.766462,0.738490,0.596806,0.691982,0.646497,0.705614,0.703545,0.655768,0.720145,0.710069,0.711954,0.751731,0.746539,0.719698,0.591499,0.720599,0.642037,0.603939,0.669130,0.763274,0.671644,0.733770,0.757063,0.708773,0.644901,0.687199,0.834892,0.594046,0.795236,0.700252,0.737731,0.616167,0.786719,0.735771,0.801302,0.733926,0.572638,0.739898,0.752509,0.672085,0.668609,0.673858,0.745790,0.755951,0.629242,0.614462,0.731132,0.625505,0.627940,#
2,0.732426,0.742709,1.000000,0.674319,0.524719,0.723365,0.642262,0.626486,0.748217,0.643021,0.690361,0.573664,0.635849,0.576148,0.622934,0.697666,0.630862,0.695813,0.612572,0.669750,0.581678,0.620189,0.597765,0.767380,0.609745,0.551130,0.751349,0.750975,0.708151,0.706515,0.746932,0.685028,0.614460,0.613569,0.625671,0.663757,0.628509,0.746312,0.734513,0.626121,0.553886,0.643965,0.742223,0.632461,0.587198,0.563120,0.753513,0.653689,0.634429,0.738479,0.665125,0.706806,0.675879,0.655263,0.784482,0.639766,0.673781,0.669522,0.630916,0.654322,0.764188,0.614154,0.671936,0.718813,0.626139,0.659645,0.714705,0.638134,0.639399,0.689467,0.684573,0.672967,0.760961,0.601836,0.681445,0.738963,0.641234,0.658182,0.666421,0.648402,0.715521,0.688030,0.637084,0.721901,0.724996,0.727845,0.601508,0.769364,0.615458,0.609947,0.665420,0.656685,0.699186,0.678596,0.648221,0.709364,0.601699,0.625033,0.799273,0.679523,0.575207,0.657914,0.653961,0.603431,0.561206,0.682464,0.681852,0.586398,0.706444,0.630763,0.655964,0.556665,0.663487,0.619519,0.670894,0.653360,0.620280,0.678620,0.707967,0.646009,0.634692,0.634641,0.622222,0.741561,0.722263,0.567443,0.677947,0.661180,0.634846,0.728840,0.707563,0.732647,0.729012,0.725092,0.706053,0.708026,0.670750,0.666648,0.739094,0.676195,0.677677,0.683585,0.549468,0.598227,0.669326,0.696942,0.637519,0.682555,0.624766,0.692098,0.727399,0.665500,0.656116,0.637196,0.645473,0.611497,0.680836,0.559627,0.622020,0.632675,0.604703,0.577145,0.581063,0.673818,0.603914,0.633708,0.717383,0.554808,0.587843,0.634071,0.686566,0.623870,0.679898,0.614634,0.712324,0.549144,0.592720,0.724132,0.583722,0.638880,0.656420,0.732231,0.515564,0.763982,0.620307,0.656431,0.606770,0.583764,0.753586,0.705122,0.612478,0.686379,0.807758,0.595819,0.661325,0.728521,0.597075,0.752724,0.646555,0.694157,#
3,0.713455,0.751152,0.674319,1.000000,0.682225,0.766485,0.668328,0.638873,0.773636,0.673925,0.695359,0.631600,0.623430,0.706775,0.568512,0.758166,0.661533,0.718960,0.766844,0.674225,0.645333,0.668788,0.653028,0.662142,0.719609,0.661614,0.678854,0.679336,0.617301,0.662802,0.694294,0.756175,0.664760,0.677955,0.648683,0.674698,0.629755,0.772401,0.597682,0.717221,0.675490,0.612515,0.667707,0.753991,0.612722,0.705496,0.803706,0.606688,0.782872,0.693920,0.690867,0.651583,0.714598,0.628151,0.641402,0.717781,0.589467,0.701481,0.738873,0.756132,0.647670,0.594730,0.603208,0.740574,0.785133,0.682673,0.676439,0.730445,0.598967,0.644310,0.665772,0.736068,0.736983,0.717250,0.663387,0.702920,0.644903,0.658865,0.681578,0.653774,0.734645,0.585898,0.664953,0.711641,0.745966,0.731776,0.755767,0.622081,0.699936,0.725255,0.713448,0.663337,0.697902,0.770108,0.674351,0.645784,0.582954,0.596954,0.720744,0.731295,0.657310,0.643690,0.649779,0.617810,0.679869,0.623803,0.605514,0.607671,0.660466,0.644900,0.676236,0.627002,0.607710,0.715955,0.690320,0.759174,0.553870,0.618392,0.690775,0.597578,0.639148,0.706873,0.637031,0.704419,0.678886,0.707006,0.679188,0.620486,0.649442,0.709465,0.639384,0.739621,0.606057,0.685198,0.728181,0.730009,0.752980,0.711670,0.689353,0.672933,0.679301,0.716606,0.657915,0.601249,0.729896,0.728648,0.628462,0.708455,0.703165,0.633663,0.694738,0.712383,0.604123,0.688305,0.636006,0.608872,0.748548,0.643382,0.632391,0.641140,0.725190,0.697398,0.663713,0.675883,0.612993,0.685927,0.733072,0.576967,0.662535,0.603666,0.708960,0.760161,0.737308,0.741451,0.730687,0.596270,0.713304,0.738047,0.660808,0.690904,0.631633,0.756836,0.579140,0.706195,0.668455,0.745228,0.700133,0.541997,0.738077,0.779987,0.623188,0.623422,0.647202,0.661868,0.687236,0.668651,0.606145,0.722129,0.640451,0.617398,#
4,0.603370,0.668756,0.524719,0.682225,1.000000,0.751549,0.685804,0.573672,0.601591,0.607576,0.552475,0.635473,0.588495,0.666891,0.488823,0.638576,0.729401,0.787992,0.682516,0.687171,0.682871,0.588261,0.529404,0.668281,0.665972,0.621933,0.624337,0.604380,0.518920,0.586419,0.746538,0.669757,0.637673,0.501290,0.609380,0.602271,0.615914,0.739579,0.536070,0.682059,0.631938,0.502083,0.531087,0.644455,0.555853,0.687002,0.603267,0.642947,0.744067,0.664127,0.634834,0.576243,0.676993,0.528205,0.680545,0.677734,0.534732,0.657378,0.695734,0.650455,0.618637,0.547967,0.589051,0.588215,0.630803,0.645675,0.708481,0.573771,0.593252,0.610803,0.616875,0.773064,0.620453,0.658893,0.608648,0.517980,0.534769,0.619741,0.646184,0.612628,0.607894,0.541856,0.638533,0.614130,0.649941,0.571256,0.510568,0.538084,0.595350,0.696590,0.598660,0.566231,0.530053,0.643084,0.558471,0.610187,0.584848,0.453278,0.517793,0.638352,0.696370,0.645478,0.639291,0.588143,0.628952,0.661912,0.607688,0.588498,0.729592,0.575022,0.576180,0.569302,0.521107,0.711325,0.629235,0.608884,0.602720,0.659359,0.615438,0.451665,0.591901,0.604761,0.713034,0.626380,0.615053,0.670236,0.553925,0.586915,0.695617,0.626110,0.688738,0.666473,0.555350,0.627656,0.760182,0.646723,0.684891,0.640918,0.619679,0.567434,0.629220,0.637635,0.690531,0.617428,0.595661,0.520827,0.666044,0.640849,0.603044,0.644430,0.703191,0.734185,0.516473,0.491061,0.701181,0.632875,0.671909,0.550498,0.602639,0.573179,0.583719,0.542946,0.702878,0.571951,0.661856,0.580918,0.572335,0.458973,0.619195,0.581506,0.605973,0.644947,0.682197,0.625467,0.693398,0.603114,0.699120,0.687670,0.573922,0.651151,0.685765,0.588349,0.625422,0.580558,0.670445,0.669145,0.645873,0.696574,0.676464,0.592589,0.522776,0.551533,0.594811,0.651139,0.602066,0.556762,0.575679,0.724175,0.643395,0.425948,#
5,0.764050,0.811921,0.723365,0.766485,0.751549,1.000000,0.652028,0.679272,0.768837,0.649136,0.721961,0.676210,0.605863,0.667491,0.646267,0.765188,0.757084,0.774516,0.758863,0.726096,0.720601,0.785011,0.675253,0.739930,0.682694,0.694492,0.796132,0.738176,0.582193,0.667671,0.779179,0.765758,0.730642,0.634130,0.720759,0.752116,0.693411,0.845389,0.681052,0.709914,0.726795,0.601698,0.652539,0.697101,0.702895,0.748684,0.754019,0.679609,0.768908,0.713487,0.701307,0.707778,0.717798,0.759317,0.711906,0.828787,0.607631,0.748340,0.810245,0.777216,0.769139,0.660284,0.726650,0.771465,0.716035,0.719272,0.806391,0.654147,0.665108,0.762197,0.777760,0.772429,0.776448,0.685928,0.710937,0.728389,0.734039,0.653915,0.703746,0.678516,0.723510,0.640543,0.715848,0.711719,0.741467,0.723888,0.691286,0.701621,0.703677,0.732918,0.669524,0.686652,0.690744,0.761202,0.742144,0.699856,0.727115,0.595202,0.726495,0.700260,0.740045,0.686773,0.792975,0.734757,0.707746,0.779010,0.676375,0.619672,0.732801,0.724097,0.720907,0.755567,0.695435,0.697015,0.607834,0.714981,0.717519,0.738000,0.633337,0.654023,0.659336,0.715896,0.695233,0.810101,0.707762,0.698225,0.709146,0.654426,0.776423,0.777591,0.780051,0.811387,0.718683,0.762652,0.775773,0.726155,0.773429,0.691046,0.703761,0.782582,0.744386,0.714869,0.697218,0.714186,0.782088,0.649318,0.708270,0.733467,0.758359,0.791198,0.722939,0.757507,0.631610,0.628783,0.785217,0.636615,0.730402,0.704654,0.683120,0.664786,0.698216,0.710659,0.710586,0.703772,0.708854,0.673919,0.657687,0.629639,0.660394,0.717327,0.738565,0.761352,0.761687,0.741398,0.819285,0.591190,0.638934,0.780041,0.676518,0.725682,0.702209,0.752929,0.621845,0.693057,0.739007,0.795527,0.768131,0.648110,0.729000,0.748888,0.588855,0.728252,0.695929,0.684077,0.617081,0.621453,0.637334,0.753103,0.682654,0.545267,#
6,0.653733,0.592881,0.642262,0.668328,0.685804,0.652028,1.000000,0.619051,0.662322,0.649059,0.654656,0.628187,0.600743,0.731221,0.494907,0.680958,0.689181,0.754793,0.722572,0.616646,0.704119,0.608992,0.553728,0.688605,0.642703,0.688188,0.693923,0.687677,0.565803,0.713486,0.674156,0.723252,0.640881,0.638400,0.656335,0.671453,0.681341,0.678854,0.605694,0.658046,0.684076,0.724915,0.661873,0.719971,0.719922,0.542220,0.706126,0.669621,0.744578,0.734792,0.706321,0.669650,0.701389,0.507002,0.719302,0.689352,0.664808,0.754293,0.757705,0.631730,0.698015,0.678919,0.626697,0.632076,0.718645,0.623732,0.764627,0.624055,0.690302,0.614821,0.685295,0.744060,0.720402,0.707795,0.621196,0.611378,0.653716,0.763209,0.728419,0.602052,0.652543,0.652290,0.618403,0.776976,0.679918,0.676926,0.600887,0.629395,0.713219,0.705714,0.671919,0.605410,0.536940,0.703302,0.635655,0.673871,0.604176,0.629346,0.646101,0.694647,0.701236,0.698824,0.603199,0.683670,0.723907,0.625097,0.731885,0.590800,0.749940,0.604336,0.566953,0.646438,0.619407,0.676389,0.575678,0.648252,0.582959,0.687677,0.595030,0.583449,0.590563,0.634539,0.643543,0.732591,0.730376,0.618930,0.656359,0.736239,0.535939,0.631888,0.737645,0.633638,0.547925,0.601395,0.700086,0.670597,0.744107,0.681199,0.759638,0.694628,0.683465,0.708880,0.643132,0.632491,0.596282,0.702625,0.714434,0.605093,0.660534,0.642442,0.693395,0.734108,0.599728,0.634902,0.618895,0.615614,0.682240,0.502184,0.647082,0.741134,0.700582,0.648959,0.611524,0.647029,0.721731,0.652111,0.735525,0.495037,0.607868,0.673909,0.673336,0.694014,0.692147,0.603809,0.640724,0.682018,0.697931,0.654047,0.645848,0.687799,0.687440,0.673416,0.678101,0.713271,0.632635,0.671200,0.654626,0.671084,0.662249,0.662910,0.631306,0.603313,0.676992,0.649873,0.736249,0.737930,0.718672,0.753121,0.635042,0.644484,#
7,0.747110,0.717542,0.626486,0.638873,0.573672,0.679272,0.619051,1.000000,0.717043,0.640279,0.741408,0.698293,0.667021,0.663954,0.590662,0.671226,0.671114,0.672383,0.714552,0.647815,0.710882,0.594203,0.815609,0.720790,0.570488,0.696586,0.677138,0.645379,0.587129,0.682475,0.629321,0.768369,0.619333,0.677804,0.713685,0.689671,0.715931,0.712838,0.625757,0.695347,0.660736,0.619306,0.624866,0.678524,0.657396,0.621282,0.685868,0.720620,0.716304,0.645260,0.738307,0.703666,0.769207,0.675990,0.701998,0.684731,0.653469,0.804468,0.685756,0.754413,0.645413,0.588463,0.790177,0.694606,0.732456,0.705787,0.797771,0.626385,0.747641,0.591099,0.716813,0.598642,0.696571,0.705852,0.711226,0.706807,0.702922,0.667536,0.630801,0.581551,0.709295,0.619766,0.696008,0.669839,0.655595,0.663181,0.668956,0.588221,0.619755,0.594004,0.704129,0.749828,0.593881,0.666168,0.684260,0.685152,0.696048,0.671671,0.643837,0.662488,0.634866,0.679402,0.700740,0.674156,0.691616,0.639541,0.658131,0.656061,0.757900,0.591237,0.744195,0.630714,0.653384,0.698562,0.603419,0.764808,0.589472,0.655300,0.591853,0.713355,0.657994,0.647123,0.594148,0.743754,0.789887,0.709215,0.664727,0.715478,0.596204,0.667479,0.657569,0.672005,0.661535,0.615724,0.773225,0.746164,0.730941,0.688597,0.637726,0.733398,0.677363,0.665759,0.693107,0.625502,0.704296,0.604478,0.699581,0.592379,0.671437,0.686312,0.706606,0.632384,0.706961,0.606184,0.665979,0.673635,0.664581,0.677506,0.706199,0.660445,0.698359,0.663231,0.733006,0.629841,0.717572,0.602716,0.723880,0.645827,0.643611,0.660665,0.734279,0.665861,0.651937,0.754139,0.648504,0.540849,0.628449,0.666343,0.647090,0.766601,0.650382,0.634362,0.682663,0.686739,0.660572,0.709476,0.661334,0.596505,0.689297,0.741374,0.677694,0.653328,0.621512,0.618396,0.695694,0.651548,0.657664,0.736517,0.720600,0.552717,#
8,0.719479,0.831865,0.748217,0.773636,0.601591,0.768837,0.662322,0.717043,1.000000,0.727821,0.712718,0.716113,0.742936,0.721793,0.617617,0.746462,0.670507,0.790008,0.727337,0.731676,0.681646,0.772700,0.732168,0.710129,0.622489,0.636370,0.708189,0.735045,0.682864,0.715234,0.735488,0.763807,0.632468,0.686899,0.706896,0.754048,0.665823,0.810347,0.691623,0.677481,0.606366,0.640231,0.719514,0.672334,0.713587,0.624327,0.712027,0.666308,0.766270,0.710543,0.714945,0.698655,0.696461,0.742017,0.777952,0.745771,0.656149,0.770060,0.750284,0.674687,0.731899,0.688909,0.684638,0.761026,0.734136,0.723558,0.778238,0.687734,0.743644,0.753269,0.699697,0.736829,0.826503,0.765231,0.742708,0.690385,0.741776,0.750637,0.649392,0.689477,0.692235,0.616142,0.727250,0.774657,0.766849,0.724082,0.631420,0.748051,0.666767,0.637356,0.722328,0.707041,0.709305,0.610692,0.748709,0.679947,0.645928,0.661512,0.779377,0.729696,0.724225,0.722640,0.761388,0.705818,0.700785,0.689161,0.708273,0.703579,0.704995,0.695531,0.688761,0.657150,0.749551,0.730264,0.663371,0.720111,0.607623,0.658653,0.753876,0.759982,0.645575,0.650480,0.649456,0.762114,0.717957,0.721892,0.699315,0.745616,0.701473,0.713415,0.669028,0.694382,0.644043,0.695387,0.792455,0.665661,0.767848,0.710858,0.680247,0.713524,0.829015,0.795383,0.741593,0.688694,0.747935,0.636998,0.678189,0.583138,0.735941,0.755024,0.719027,0.725942,0.732404,0.769326,0.622307,0.716794,0.739608,0.691918,0.727059,0.757607,0.753793,0.724304,0.754218,0.746343,0.730146,0.634877,0.688277,0.647365,0.681834,0.713476,0.738875,0.672070,0.725492,0.729320,0.746504,0.641864,0.652692,0.832565,0.580176,0.625520,0.676885,0.794058,0.654462,0.815379,0.691863,0.739891,0.752852,0.606788,0.704167,0.749220,0.683500,0.707404,0.719332,0.717160,0.716346,0.665408,0.748384,0.715007,0.698480,0.689750,#
9,0.682304,0.712064,0.643021,0.673925,0.607576,0.649136,0.649059,0.640279,0.727821,1.000000,0.680712,0.534677,0.642495,0.752609,0.682333,0.661823,0.691525,0.756027,0.649226,0.626920,0.767754,0.640614,0.627725,0.689845,0.626582,0.603502,0.652838,0.808365,0.568503,0.831905,0.665332,0.688726,0.681360,0.631624,0.683915,0.663157,0.638238,0.691850,0.678811,0.758413,0.651859,0.782901,0.676846,0.664397,0.715978,0.680490,0.598591,0.682650,0.730826,0.616084,0.651308,0.651314,0.590982,0.613059,0.730581,0.710346,0.678651,0.769429,0.609484,0.666626,0.750236,0.668436,0.666736,0.742286,0.690647,0.768754,0.775036,0.653109,0.749240,0.610173,0.612116,0.733047,0.650190,0.656781,0.735214,0.698644,0.653631,0.767101,0.675115,0.744427,0.723931,0.641753,0.628487,0.796766,0.703174,0.633458,0.593042,0.693868,0.704011,0.637833,0.648163,0.615779,0.697211,0.645683,0.720000,0.699628,0.576273,0.624774,0.619459,0.693038,0.775712,0.713877,0.653847,0.706043,0.688673,0.714132,0.638903,0.690540,0.752615,0.686744,0.705174,0.606305,0.709800,0.684640,0.639135,0.759557,0.397530,0.714081,0.634979,0.659067,0.607123,0.697751,0.649095,0.722044,0.685788,0.643327,0.660269,0.662343,0.699071,0.611577,0.618353,0.734337,0.628150,0.618157,0.709662,0.606012,0.693952,0.715439,0.661486,0.698055,0.740851,0.765618,0.723058,0.697727,0.712491,0.683005,0.705112,0.682095,0.706939,0.630642,0.627859,0.656087,0.663995,0.677433,0.663327,0.653859,0.633073,0.665565,0.613001,0.720743,0.717949,0.731390,0.659388,0.693180,0.682316,0.663039,0.598403,0.612524,0.697737,0.589393,0.668960,0.670318,0.721426,0.683819,0.752374,0.754856,0.630171,0.750599,0.543286,0.709479,0.699668,0.638613,0.747162,0.702154,0.713141,0.748467,0.676733,0.627093,0.709141,0.658666,0.680585,0.711461,0.639388,0.658774,0.690419,0.632977,0.712773,0.685671,0.684624,0.555427,#
10,0.774915,0.717906,0.690361,0.695359,0.552475,0.721961,0.654656,0.741408,0.712718,0.680712,1.000000,0.672781,0.699371,0.694644,0.562093,0.667470,0.703581,0.701267,0.803965,0.670065,0.696553,0.645964,0.735608,0.738965,0.587917,0.698802,0.694934,0.778298,0.678496,0.752673,0.669574,0.719463,0.684949,0.687704,0.729160,0.736861,0.701036,0.778181,0.716604,0.712720,0.685943,0.639268,0.707125,0.761946,0.674617,0.722648,0.777747,0.713131,0.730547,0.748164,0.678743,0.679727,0.718540,0.661737,0.755355,0.702584,0.686613,0.809007,0.679198,0.750989,0.770539,0.692146,0.793959,0.735917,0.758230,0.659458,0.764704,0.644372,0.759393,0.724738,0.766004,0.717176,0.810356,0.629240,0.678022,0.761507,0.723188,0.810018,0.741529,0.630665,0.799639,0.676359,0.638114,0.740274,0.704663,0.630102,0.757856,0.654385,0.668418,0.755274,0.627279,0.716620,0.772520,0.694024,0.712077,0.735652,0.651832,0.694686,0.727461,0.779151,0.691808,0.655070,0.726996,0.784515,0.728946,0.749241,0.632149,0.652613,0.742606,0.686385,0.777963,0.676529,0.736621,0.688006,0.635695,0.742323,0.562571,0.642498,0.648502,0.705775,0.633628,0.730612,0.580400,0.794992,0.654542,0.653426,0.727106,0.666596,0.699775,0.698607,0.706986,0.707118,0.649240,0.688306,0.730002,0.777232,0.711026,0.621482,0.743167,0.817109,0.794954,0.748636,0.629491,0.707245,0.720209,0.617977,0.665779,0.651773,0.738952,0.698690,0.699992,0.712048,0.716482,0.576164,0.714852,0.692001,0.710564,0.758102,0.673523,0.748495,0.816644,0.670609,0.655978,0.703319,0.727205,0.607530,0.747463,0.590578,0.681685,0.744670,0.790616,0.772232,0.652464,0.656160,0.702827,0.644673,0.680754,0.765686,0.615062,0.741458,0.732771,0.667239,0.695080,0.694949,0.664959,0.731690,0.633942,0.708453,0.703473,0.792117,0.723313,0.643076,0.695302,0.738542,0.690338,0.761212,0.725061,0.756434,0.747834,0.671543,#
11,0.730896,0.632292,0.573664,0.631600,0.635473,0.676210,0.628187,0.698293,0.716113,0.534677,0.672781,1.000000,0.698151,0.661040,0.555125,0.695374,0.691877,0.744417,0.730477,0.621209,0.645472,0.628120,0.686244,0.682885,0.582151,0.622581,0.627799,0.583093,0.659548,0.602620,0.611675,0.663329,0.692854,0.624031,0.553093,0.655064,0.720062,0.742296,0.601407,0.601021,0.584016,0.597559,0.601247,0.630371,0.621128,0.607290,0.695070,0.708261,0.658326,0.711103,0.649631,0.571606,0.638488,0.601831,0.690726,0.704640,0.530548,0.651845,0.638339,0.667690,0.639299,0.543836,0.728857,0.661172,0.655711,0.662700,0.701393,0.610421,0.708211,0.725988,0.739258,0.687031,0.724748,0.740166,0.717421,0.617097,0.736016,0.706085,0.661778,0.521063,0.677824,0.564213,0.630838,0.646808,0.689914,0.600450,0.531162,0.598429,0.493942,0.597815,0.701768,0.624092,0.593947,0.644818,0.597557,0.644541,0.647686,0.647217,0.683330,0.677586,0.641188,0.683064,0.681671,0.661311,0.688821,0.645734,0.592097,0.678239,0.751690,0.659941,0.724706,0.648347,0.700904,0.671653,0.532218,0.677738,0.581136,0.597275,0.685974,0.688408,0.475467,0.639671,0.628346,0.744311,0.704470,0.699018,0.704354,0.666947,0.665005,0.622425,0.682871,0.571495,0.602812,0.640679,0.736937,0.629021,0.720141,0.620465,0.662096,0.581837,0.721025,0.623844,0.591976,0.667491,0.673823,0.528656,0.715263,0.638402,0.651296,0.693142,0.653380,0.612854,0.681175,0.595742,0.650208,0.616602,0.755696,0.579151,0.677072,0.632752,0.671223,0.645137,0.776093,0.674244,0.741546,0.497672,0.668667,0.509389,0.609553,0.707731,0.640848,0.637209,0.722913,0.741509,0.690744,0.620959,0.633094,0.651442,0.583150,0.659780,0.641567,0.595136,0.671871,0.629908,0.665853,0.560837,0.649458,0.709893,0.637109,0.715360,0.598828,0.731345,0.655923,0.650722,0.602989,0.654272,0.672426,0.675598,0.701986,0.500674,#
12,0.687340,0.630798,0.635849,0.623430,0.588495,0.605863,0.600743,0.667021,0.742936,0.642495,0.699371,0.698151,1.000000,0.700307,0.618310,0.604389,0.574773,0.730571,0.728208,0.664210,0.676738,0.523243,0.720353,0.730446,0.607536,0.643154,0.619686,0.707417,0.652414,0.668931,0.630464,0.664803,0.628957,0.694798,0.653330,0.700993,0.655024,0.722523,0.712874,0.613788,0.554414,0.560473,0.595240,0.644667,0.669238,0.610940,0.747511,0.608339,0.664617,0.680534,0.792071,0.616063,0.619670,0.665366,0.768797,0.697324,0.604623,0.692709,0.586343,0.667286,0.645788,0.591377,0.721362,0.675075,0.727576,0.700800,0.697109,0.555782,0.713105,0.644430,0.656338,0.696546,0.689527,0.714013,0.757380,0.638291,0.682610,0.720862,0.701084,0.694152,0.654123,0.581190,0.663071,0.712640,0.632329,0.694085,0.548288,0.698497,0.621747,0.587565,0.778876,0.660769,0.692550,0.562555,0.612607,0.673721,0.692037,0.628517,0.674616,0.668573,0.591731,0.739353,0.713485,0.688605,0.633475,0.596487,0.593647,0.572574,0.750336,0.652759,0.653130,0.643280,0.661202,0.651699,0.748366,0.699319,0.476559,0.562999,0.730699,0.713382,0.562020,0.650056,0.612890,0.720388,0.668654,0.742820,0.664364,0.630482,0.662456,0.610716,0.619508,0.580095,0.577327,0.609465,0.668185,0.661780,0.624494,0.687124,0.604761,0.620529,0.778702,0.695199,0.602418,0.712182,0.599348,0.540281,0.693549,0.569359,0.705170,0.743923,0.682952,0.634385,0.650106,0.600737,0.563527,0.734303,0.762105,0.714970,0.721853,0.674068,0.678557,0.648619,0.664171,0.637377,0.738629,0.464386,0.629813,0.698111,0.521084,0.666918,0.645106,0.611809,0.710632,0.654050,0.691710,0.512381,0.767958,0.760236,0.576001,0.598970,0.639470,0.679698,0.667841,0.617642,0.578519,0.622140,0.625364,0.641934,0.707541,0.687106,0.608474,0.668965,0.604707,0.673332,0.592663,0.719460,0.696757,0.727255,0.721554,0.488889,#
13,0.679194,0.684110,0.576148,0.706775,0.666891,0.667491,0.731221,0.663954,0.721793,0.752609,0.694644,0.661040,0.700307,1.000000,0.565078,0.681568,0.623713,0.772157,0.762551,0.684959,0.729496,0.614235,0.707971,0.658904,0.670949,0.624453,0.607287,0.726076,0.626426,0.758048,0.571658,0.708124,0.695944,0.754230,0.539626,0.626583,0.707469,0.777648,0.702667,0.685952,0.820269,0.597766,0.667871,0.720737,0.748261,0.684625,0.701833,0.693231,0.761232,0.666630,0.731657,0.771292,0.617416,0.579693,0.733723,0.744166,0.696565,0.791562,0.766436,0.701619,0.768075,0.664718,0.678211,0.771826,0.759508,0.756062,0.727480,0.651042,0.692361,0.610221,0.623199,0.739142,0.718609,0.772247,0.689330,0.640473,0.695578,0.735579,0.739522,0.671382,0.740621,0.646429,0.657535,0.821811,0.675957,0.738472,0.582426,0.619686,0.740182,0.654547,0.627312,0.728449,0.641730,0.688531,0.710153,0.668277,0.615418,0.633345,0.662311,0.741906,0.691458,0.694442,0.732976,0.770634,0.760688,0.723212,0.668293,0.698125,0.750532,0.675131,0.679094,0.661389,0.689231,0.706972,0.678029,0.780742,0.551661,0.676574,0.729582,0.709112,0.723438,0.714771,0.617741,0.705835,0.707826,0.695303,0.749111,0.638282,0.656420,0.628167,0.698931,0.669616,0.611080,0.672372,0.735615,0.682403,0.733568,0.727529,0.748749,0.626404,0.757772,0.796634,0.729701,0.731095,0.695306,0.643445,0.741336,0.644531,0.713902,0.724763,0.748449,0.732848,0.616533,0.696243,0.577521,0.645046,0.793376,0.715525,0.735292,0.706875,0.744701,0.733592,0.649267,0.729394,0.766269,0.615472,0.691475,0.625313,0.706553,0.691162,0.699404,0.780729,0.785617,0.668526,0.759183,0.711461,0.741903,0.799896,0.636797,0.731894,0.720679,0.688983,0.740694,0.681505,0.757092,0.742792,0.628797,0.706610,0.695051,0.746956,0.606128,0.655648,0.654293,0.720843,0.740250,0.629371,0.724384,0.727652,0.704306,0.620942,#
14,0.606462,0.662368,0.622934,0.568512,0.488823,0.646267,0.494907,0.590662,0.617617,0.682333,0.562093,0.555125,0.618310,0.565078,1.000000,0.574914,0.594363,0.574640,0.526574,0.552721,0.632643,0.570198,0.591075,0.709621,0.556696,0.435425,0.607108,0.630296,0.471588,0.647102,0.625986,0.589345,0.584940,0.547574,0.560827,0.567900,0.574783,0.687209,0.651297,0.494959,0.537522,0.567262,0.665311,0.593613,0.562306,0.612339,0.580877,0.569405,0.513358,0.527898,0.566318,0.556870,0.480105,0.653484,0.593235,0.625226,0.558150,0.567360,0.609984,0.566910,0.679493,0.629660,0.611569,0.572639,0.606615,0.563329,0.640812,0.552695,0.657397,0.599836,0.562099,0.586639,0.574816,0.498213,0.681881,0.593831,0.506301,0.616794,0.587153,0.473257,0.599236,0.523497,0.599565,0.655656,0.608798,0.651001,0.495537,0.580537,0.625145,0.418078,0.589128,0.478761,0.588075,0.658989,0.684658,0.580980,0.689912,0.516088,0.588928,0.525917,0.621028,0.628648,0.631008,0.511348,0.547453,0.667301,0.553206,0.480391,0.722878,0.550954,0.631803,0.624045,0.654509,0.512841,0.519481,0.649501,0.398552,0.559998,0.530003,0.615107,0.553683,0.659546,0.481861,0.607960,0.711663,0.390552,0.625735,0.616738,0.542427,0.564352,0.526189,0.619045,0.543823,0.560420,0.595218,0.578244,0.616713,0.574942,0.591200,0.661251,0.646412,0.651592,0.428061,0.634614,0.602905,0.573446,0.770729,0.576621,0.602281,0.536578,0.603203,0.553371,0.427343,0.445151,0.614700,0.531285,0.560120,0.582110,0.559900,0.564892,0.611715,0.527836,0.577750,0.569451,0.537116,0.413612,0.455469,0.527781,0.415779,0.634452,0.580244,0.609904,0.624678,0.645837,0.690659,0.552901,0.558308,0.662478,0.450265,0.584042,0.502360,0.630879,0.695914,0.654905,0.621402,0.607682,0.648033,0.524023,0.647581,0.578137,0.457523,0.577335,0.625547,0.537667,0.465934,0.615700,0.548774,0.599845,0.524988,0.404029,#
15,0.728876,0.750250,0.697666,0.758166,0.638576,0.765188,0.680958,0.671226,0.746462,0.661823,0.667470,0.695374,0.604389,0.681568,0.574914,1.000000,0.703518,0.743978,0.764224,0.669386,0.676058,0.728882,0.637894,0.720407,0.716697,0.626539,0.706083,0.651522,0.558343,0.682784,0.739916,0.729375,0.688441,0.713945,0.648467,0.732007,0.777289,0.747218,0.752058,0.641172,0.616137,0.690052,0.697390,0.621402,0.739126,0.626541,0.767669,0.757894,0.774374,0.724661,0.706243,0.670657,0.688982,0.647505,0.692497,0.677936,0.645202,0.728870,0.697616,0.681190,0.736346,0.602685,0.621473,0.779665,0.722577,0.711208,0.753536,0.682836,0.642369,0.617379,0.725525,0.673232,0.659957,0.645782,0.777838,0.611593,0.700480,0.704740,0.735724,0.671498,0.686686,0.642953,0.638048,0.740021,0.791508,0.767879,0.609589,0.661579,0.628870,0.658453,0.663996,0.632178,0.640144,0.680994,0.629161,0.639536,0.581927,0.626884,0.632820,0.665188,0.781664,0.659036,0.742299,0.675298,0.657325,0.701978,0.643394,0.683806,0.727749,0.721697,0.615502,0.568182,0.726668,0.656446,0.624806,0.700268,0.608650,0.668255,0.750189,0.691231,0.625190,0.665594,0.620729,0.757927,0.715433,0.673607,0.763558,0.589967,0.760909,0.705646,0.668012,0.647857,0.655436,0.560291,0.702166,0.617428,0.718731,0.632988,0.770256,0.690933,0.716262,0.689124,0.627992,0.671086,0.741755,0.679858,0.655705,0.657190,0.713518,0.737764,0.700034,0.666801,0.739722,0.676431,0.668884,0.633995,0.744696,0.609473,0.718721,0.621234,0.699711,0.736729,0.700236,0.611807,0.712710,0.658874,0.707267,0.659425,0.677530,0.668208,0.630483,0.777153,0.716324,0.718054,0.775125,0.657140,0.661787,0.710909,0.614959,0.689944,0.645257,0.699483,0.632663,0.706966,0.657671,0.709010,0.641249,0.592213,0.714267,0.763489,0.633000,0.738428,0.666059,0.666526,0.694893,0.601364,0.663442,0.749975,0.746812,0.640094,#
16,0.771864,0.662904,0.630862,0.661533,0.729401,0.757084,0.689181,0.671114,0.670507,0.691525,0.703581,0.691877,0.574773,0.623713,0.594363,0.703518,1.000000,0.765639,0.734687,0.655162,0.725396,0.684091,0.572190,0.704007,0.582651,0.698980,0.646479,0.552813,0.560235,0.666844,0.777053,0.721423,0.747935,0.555921,0.620180,0.716017,0.711865,0.716226,0.648999,0.708091,0.634898,0.630429,0.629503,0.698413,0.645787,0.702002,0.669073,0.730123,0.720780,0.737083,0.609679,0.631166,0.716480,0.716041,0.690334,0.776401,0.549425,0.727776,0.690276,0.654201,0.690633,0.670824,0.695256,0.723622,0.734754,0.624452,0.786640,0.685927,0.744519,0.727195,0.704368,0.753463,0.719531,0.662123,0.702140,0.661341,0.687344,0.759311,0.727826,0.678822,0.736354,0.682233,0.685534,0.711355,0.705569,0.652992,0.656971,0.594708,0.612871,0.661728,0.616507,0.671669,0.671879,0.725305,0.696752,0.788167,0.704598,0.585484,0.698249,0.656180,0.738007,0.677403,0.719320,0.666613,0.664938,0.785917,0.710054,0.649370,0.797311,0.639498,0.705921,0.705246,0.725628,0.754015,0.659076,0.741065,0.618427,0.703050,0.623845,0.554514,0.527532,0.719392,0.667652,0.737220,0.667013,0.662719,0.670506,0.633650,0.718198,0.621628,0.740856,0.650518,0.721004,0.593210,0.745204,0.750536,0.692109,0.665937,0.688072,0.725986,0.701030,0.719241,0.698972,0.708927,0.668791,0.583141,0.715461,0.681867,0.672869,0.669664,0.679319,0.742643,0.609732,0.598956,0.763356,0.611772,0.684655,0.657170,0.685476,0.694178,0.628520,0.646001,0.759898,0.703260,0.694209,0.711261,0.660246,0.646553,0.710113,0.708707,0.697938,0.682677,0.672131,0.703135,0.736390,0.664133,0.568823,0.712435,0.573272,0.726269,0.712782,0.618986,0.722537,0.662341,0.717430,0.679278,0.734046,0.702803,0.675021,0.728365,0.730038,0.630768,0.724126,0.703439,0.637046,0.700766,0.686077,0.780333,0.754554,0.598863,#
17,0.766766,0.689782,0.695813,0.718960,0.787992,0.774516,0.754793,0.672383,0.790008,0.756027,0.701267,0.744417,0.730571,0.772157,0.574640,0.743978,0.765639,1.000000,0.713304,0.781567,0.751767,0.650923,0.700345,0.803693,0.722374,0.690023,0.731101,0.714291,0.639833,0.772593,0.776008,0.794186,0.668280,0.652890,0.658529,0.759128,0.735286,0.844128,0.716361,0.787256,0.681037,0.649191,0.693761,0.711884,0.711732,0.637009,0.741351,0.740489,0.809457,0.768212,0.740825,0.670047,0.693696,0.670157,0.753337,0.797162,0.663952,0.766407,0.724299,0.691792,0.750167,0.687475,0.743105,0.772379,0.738528,0.785501,0.849887,0.700725,0.776133,0.718944,0.736864,0.799194,0.775541,0.705577,0.741155,0.687932,0.779914,0.790428,0.718247,0.775556,0.718993,0.706419,0.779983,0.801678,0.746860,0.701241,0.664386,0.733334,0.660723,0.706979,0.772336,0.698120,0.685059,0.664165,0.684127,0.779020,0.697366,0.612362,0.688961,0.824604,0.760442,0.740639,0.752113,0.760237,0.721046,0.710764,0.733041,0.682527,0.747485,0.736262,0.690275,0.643279,0.763763,0.753719,0.719620,0.766971,0.639949,0.700910,0.723540,0.680976,0.674151,0.699566,0.707097,0.815163,0.761496,0.742459,0.716323,0.763126,0.720368,0.720015,0.762703,0.781835,0.715258,0.705529,0.758003,0.699888,0.788755,0.729047,0.748902,0.758159,0.821790,0.735936,0.787093,0.751085,0.739855,0.702468,0.775878,0.697542,0.756320,0.742913,0.753892,0.759059,0.692885,0.717425,0.738046,0.745217,0.829036,0.717388,0.736582,0.751706,0.734642,0.693308,0.764618,0.701283,0.805242,0.690350,0.610087,0.594375,0.723041,0.723603,0.742532,0.738571,0.761985,0.752336,0.836641,0.674468,0.731905,0.797288,0.632107,0.687856,0.759361,0.760965,0.741827,0.716109,0.773560,0.725899,0.736780,0.761607,0.703374,0.735403,0.669575,0.748725,0.774645,0.738408,0.720577,0.709060,0.767699,0.787634,0.756179,0.614514,#
18,0.749345,0.753426,0.612572,0.766844,0.682516,0.758863,0.722572,0.714552,0.727337,0.649226,0.803965,0.730477,0.728208,0.762551,0.526574,0.764224,0.734687,0.713304,1.000000,0.679316,0.734526,0.727647,0.696347,0.659529,0.627172,0.743634,0.757105,0.680590,0.648366,0.743820,0.657602,0.793545,0.739470,0.752689,0.730541,0.796803,0.698425,0.748133,0.729076,0.706768,0.756760,0.626919,0.656798,0.665482,0.758308,0.702303,0.772381,0.751512,0.818663,0.681215,0.705712,0.693119,0.718624,0.619549,0.778804,0.749425,0.638349,0.784230,0.731053,0.786283,0.709479,0.633798,0.695144,0.749793,0.794221,0.672038,0.760875,0.684362,0.720644,0.729140,0.717679,0.767190,0.752986,0.713636,0.765518,0.678358,0.742411,0.714003,0.772592,0.636103,0.722699,0.651195,0.668441,0.779811,0.724529,0.720726,0.681106,0.671262,0.763216,0.704577,0.694934,0.668447,0.755912,0.770749,0.727998,0.682091,0.674700,0.739559,0.733116,0.749294,0.735352,0.649734,0.728652,0.777681,0.755579,0.728516,0.649180,0.680680,0.781023,0.742988,0.747814,0.687263,0.750955,0.781989,0.643767,0.719747,0.665861,0.675865,0.737335,0.692744,0.626920,0.798660,0.661630,0.760423,0.684229,0.725305,0.781870,0.640607,0.777255,0.622547,0.778160,0.709275,0.691034,0.643948,0.736239,0.702514,0.804059,0.724647,0.724042,0.726480,0.763794,0.745596,0.680847,0.774562,0.712700,0.666056,0.684932,0.648803,0.743419,0.680065,0.715199,0.795326,0.711327,0.654670,0.697404,0.743134,0.763089,0.736298,0.724525,0.665863,0.770337,0.724926,0.781732,0.735519,0.759686,0.653328,0.826414,0.664459,0.628292,0.712068,0.687466,0.744847,0.725668,0.716012,0.697043,0.699735,0.721646,0.782253,0.689732,0.793191,0.754394,0.685369,0.696064,0.686336,0.738805,0.730415,0.673830,0.706687,0.685478,0.801225,0.658593,0.711561,0.648607,0.780470,0.735902,0.683633,0.711365,0.773698,0.766144,0.663334,#
19,0.636189,0.712247,0.669750,0.674225,0.687171,0.726096,0.616646,0.647815,0.731676,0.626920,0.670065,0.621209,0.664210,0.684959,0.552721,0.669386,0.655162,0.781567,0.679316,1.000000,0.707080,0.632069,0.589761,0.652747,0.570093,0.619251,0.655653,0.672562,0.662913,0.661410,0.714311,0.824830,0.622829,0.601662,0.514701,0.781525,0.602024,0.744018,0.643829,0.613965,0.635672,0.581385,0.632606,0.656833,0.628667,0.674250,0.745856,0.672424,0.689572,0.565266,0.585770,0.594539,0.669080,0.599837,0.678044,0.610812,0.668216,0.728721,0.689643,0.567844,0.689845,0.537592,0.693869,0.696050,0.630207,0.705250,0.700882,0.522011,0.716525,0.720846,0.633192,0.690943,0.686705,0.644161,0.703608,0.528117,0.598512,0.624750,0.569440,0.613651,0.673233,0.568648,0.726710,0.662551,0.650574,0.572049,0.627186,0.683233,0.673927,0.595584,0.670914,0.647662,0.642504,0.660423,0.665233,0.653481,0.637288,0.513998,0.609422,0.723727,0.667639,0.647939,0.676443,0.641735,0.639288,0.627506,0.630229,0.613737,0.691820,0.613085,0.643100,0.558000,0.655807,0.671942,0.699949,0.644163,0.590319,0.674221,0.625312,0.600284,0.639964,0.631338,0.544408,0.816649,0.689022,0.633518,0.676096,0.578889,0.766323,0.784757,0.657132,0.716601,0.668085,0.723790,0.744468,0.657380,0.644127,0.643580,0.685860,0.696971,0.736455,0.639215,0.626183,0.672333,0.637275,0.575860,0.619067,0.564014,0.662232,0.626883,0.666390,0.718198,0.587160,0.580109,0.702951,0.597640,0.765165,0.678034,0.572361,0.604161,0.628945,0.621893,0.644722,0.639547,0.673009,0.537745,0.576499,0.635810,0.615714,0.635794,0.688801,0.740165,0.709745,0.585665,0.721007,0.549516,0.652638,0.735228,0.591865,0.582225,0.597526,0.602992,0.666886,0.742232,0.591691,0.658071,0.635281,0.718291,0.718474,0.722560,0.571498,0.645982,0.683744,0.686434,0.652615,0.664012,0.592976,0.659265,0.611792,0.510313,#
20,0.761556,0.738859,0.581678,0.645333,0.682871,0.720601,0.704119,0.710882,0.681646,0.767754,0.696553,0.645472,0.676738,0.729496,0.632643,0.676058,0.725396,0.751767,0.734526,0.707080,1.000000,0.676197,0.604388,0.728376,0.632071,0.676224,0.674903,0.745811,0.594556,0.792351,0.704154,0.689946,0.645400,0.688712,0.673324,0.729453,0.661615,0.733592,0.664840,0.736720,0.693156,0.727448,0.652794,0.782325,0.744459,0.651587,0.696817,0.740269,0.732800,0.680223,0.670116,0.706791,0.654284,0.664878,0.678811,0.751225,0.661390,0.732799,0.703874,0.671741,0.738252,0.666811,0.801192,0.702507,0.772623,0.730762,0.817990,0.648820,0.750255,0.638045,0.675349,0.774034,0.671768,0.688960,0.721153,0.615499,0.652062,0.747290,0.729001,0.719475,0.644532,0.717895,0.686538,0.752673,0.646060,0.695487,0.694495,0.648308,0.708927,0.724340,0.676944,0.700742,0.625305,0.735011,0.736630,0.698150,0.585312,0.542417,0.636425,0.716012,0.763749,0.731725,0.761963,0.753295,0.766726,0.647976,0.706963,0.727661,0.785360,0.744958,0.695962,0.708923,0.667658,0.662579,0.681267,0.676393,0.590232,0.730896,0.606922,0.609474,0.649120,0.697886,0.629908,0.768751,0.719211,0.707596,0.647903,0.636694,0.655872,0.658783,0.680253,0.656559,0.696643,0.727991,0.779773,0.626567,0.657792,0.760770,0.718895,0.776605,0.738061,0.662356,0.687314,0.762022,0.713680,0.644443,0.744256,0.659847,0.726758,0.732251,0.746279,0.717556,0.717307,0.593893,0.787911,0.698333,0.711363,0.707021,0.676763,0.736197,0.712401,0.713911,0.684963,0.721674,0.793815,0.560338,0.615636,0.612158,0.672999,0.726903,0.702084,0.657606,0.780971,0.728429,0.738673,0.665256,0.686497,0.757078,0.601903,0.775428,0.668783,0.685134,0.707278,0.676075,0.674119,0.738533,0.679024,0.741045,0.645937,0.663955,0.593017,0.645824,0.664719,0.731588,0.687562,0.683654,0.748631,0.765009,0.716666,0.581514,#
21,0.643590,0.824800,0.620189,0.668788,0.588261,0.785011,0.608992,0.594203,0.772700,0.640614,0.645964,0.628120,0.523243,0.614235,0.570198,0.728882,0.684091,0.650923,0.727647,0.632069,0.676197,1.000000,0.631367,0.713777,0.587490,0.599030,0.755548,0.641500,0.540705,0.671669,0.662772,0.643731,0.682167,0.623717,0.645793,0.706901,0.624248,0.734580,0.659960,0.598148,0.674729,0.674646,0.642337,0.646859,0.685792,0.639452,0.616841,0.708452,0.743008,0.636054,0.526340,0.691548,0.633146,0.572648,0.664548,0.699165,0.643605,0.681882,0.741522,0.572646,0.695309,0.608144,0.644212,0.646841,0.744496,0.568115,0.713602,0.620698,0.666059,0.725806,0.598700,0.760991,0.692189,0.658813,0.706794,0.634084,0.673106,0.660310,0.717937,0.615940,0.596229,0.641593,0.695767,0.713157,0.781476,0.602498,0.575827,0.706993,0.723662,0.709178,0.564775,0.572758,0.660849,0.642363,0.691360,0.644480,0.585564,0.583182,0.623517,0.682254,0.738685,0.571730,0.632786,0.665680,0.579691,0.683296,0.606272,0.595713,0.672812,0.707604,0.668029,0.641366,0.681735,0.678215,0.535337,0.570671,0.598300,0.711054,0.573587,0.674571,0.625838,0.611822,0.606141,0.698460,0.619851,0.581387,0.673042,0.642199,0.679495,0.675403,0.659680,0.709915,0.593789,0.647341,0.775569,0.545772,0.670645,0.622492,0.690821,0.682009,0.755192,0.651674,0.617979,0.659843,0.629074,0.569550,0.682486,0.635735,0.612514,0.686100,0.649660,0.762509,0.672050,0.619667,0.600489,0.581022,0.698491,0.634772,0.541397,0.701595,0.691996,0.639375,0.728636,0.652685,0.738573,0.620829,0.644409,0.603727,0.558766,0.678269,0.717548,0.622293,0.683260,0.642826,0.624191,0.617511,0.568704,0.724319,0.567760,0.683378,0.674089,0.682170,0.611315,0.686618,0.639371,0.730049,0.729175,0.512589,0.637859,0.713419,0.595730,0.593216,0.627335,0.622874,0.667433,0.611199,0.626558,0.741621,0.631987,0.647984,#
