0,1.000000,0.280206,0.121097,-0.141154,0.058257,0.137290,0.401466,0.036388,0.070022,0.177200,0.304108,0.128086,0.068407,0.210953,0.145157,0.281473,0.287082,0.230107,0.182641,0.294352,0.053564,0.030329,0.151586,0.384264,0.149840,-0.091119,-0.036233,-0.061756,-0.046379,0.238809,0.025412,0.331916,0.104959,0.153549,0.381468,0.120581,-0.042357,-0.006533,0.291722,0.155666,0.235708,0.034101,0.360301,-0.273290,0.266925,0.026151,0.186336,0.184657,0.403593,0.266853,0.093356,0.457258,0.166408,0.100276,0.274712,0.217332,0.058544,0.231261,0.144400,0.072411,0.190558,0.350494,0.236398,0.150444,0.232417,0.209386,0.295901,0.150420,0.151948,0.037460,0.131151,0.130295,0.072869,0.280236,0.196709,0.208136,0.268620,0.126917,0.182010,0.111314,0.172457,0.054836,0.102836,0.151178,0.279255,0.300064,0.212769,0.368992,0.223405,0.084996,0.032949,-0.006432,0.084124,-0.054386,0.022617,0.082374,0.259254,0.133850,0.174698,0.377297,0.073034,0.092793,0.277746,0.272849,-0.013312,0.229757,-0.027031,0.118341,0.366156,-0.054011,-0.055961,0.341577,0.100262,0.157961,0.290955,0.243849,0.138078,-0.011617,0.224558,0.322454,0.068003,0.215887,0.363406,0.176574,0.365252,0.240966,0.202239,-0.028250,0.118324,0.271397,-0.031126,0.194557,0.103618,0.125598,0.261773,0.162993,0.083553,0.011771,-0.048355,0.303155,0.109358,0.013598,-0.026650,0.205319,0.162814,-0.203092,0.213060,0.154239,0.074309,-0.065424,0.112642,0.323381,0.242205,-0.036146,-0.002844,0.161063,0.192866,0.369237,0.243029,0.210915,0.375796,0.257775,0.216935,0.112770,0.138615,0.322394,0.271523,0.121345,0.306193,0.128578,0.073869,0.227920,0.166325,0.270916,0.216806,0.175101,0.365632,0.295774,0.315675,0.089699,0.065448,0.157592,0.325368,0.053815,0.157918,0.018573,-0.078853,0.235408,0.192545,-0.049350,-0.184900,0.131836,0.027117,0.321854,0.223113,0.322130,0.097300,0.247274,-0.086086,0.200194,#
1,0.280206,1.000000,-0.177916,-0.011637,-0.066742,-0.121584,-0.037794,0.089215,0.228053,0.243743,0.209234,0.146191,0.110114,-0.212429,0.062561,0.035481,0.105070,-0.001585,0.099935,0.149838,-0.168078,0.090135,0.166592,0.094030,0.162148,-0.052022,-0.212238,0.099275,0.038414,-0.075579,0.134957,0.094810,-0.158568,0.092144,-0.086497,-0.091231,0.224785,-0.020825,0.201032,0.035144,-0.015300,-0.007444,0.101283,-0.124418,-0.041178,-0.100389,0.144367,0.143903,0.101890,0.344865,0.013003,0.134199,-0.061587,-0.081490,0.135597,-0.151123,0.029875,0.010989,-0.206438,0.053447,0.037805,0.140497,0.111425,-0.102389,-0.033150,0.188898,0.150034,0.102557,0.136699,0.182441,0.184257,0.186026,0.265456,-0.057498,0.149652,0.057251,0.203322,0.000799,0.252331,-0.167301,-0.011522,-0.024954,-0.115833,0.136863,0.184005,0.027703,0.148258,0.277511,0.204727,0.010390,0.031978,0.092702,-0.196690,0.058671,0.052062,0.235610,0.074394,0.055264,0.059428,-0.119343,0.167035,-0.069771,-0.111269,0.001779,-0.093062,0.212145,0.077653,0.193311,0.223561,0.149725,0.007467,0.010812,-0.021401,0.276276,0.019545,0.315178,0.057169,-0.051145,0.070077,-0.091072,-0.047604,0.163884,0.160612,0.005974,0.256031,0.152252,-0.011870,0.028924,0.124625,0.072589,-0.191845,0.146731,-0.025735,-0.125523,-0.009039,0.172306,-0.034068,0.168703,-0.046314,0.089671,0.311507,-0.108618,0.033273,0.117027,0.093598,-0.127856,-0.034230,0.066888,-0.008377,-0.237703,0.009812,0.174973,0.120162,-0.102723,0.310599,0.102677,0.239632,0.235802,-0.061359,0.022610,0.090034,0.298209,-0.013140,0.156944,-0.042944,0.133444,0.151838,-0.075131,0.020215,0.128196,-0.172840,-0.000147,0.053881,0.217569,0.009515,0.205849,0.178006,-0.001506,0.005658,-0.064085,0.032586,-0.056787,0.223180,-0.090669,-0.092974,-0.025737,-0.095738,0.003733,0.388630,0.039106,0.179520,0.229597,0.029152,-0.011575,0.173592,-0.139935,0.134890,0.402961,0.019558,0.227241,#
2,0.121097,-0.177916,1.000000,0.006137,0.277733,-0.028896,0.112632,0.087286,0.026711,0.162345,-0.109384,-0.071182,-0.049051,0.377193,0.014715,-0.016226,-0.201065,-0.025297,0.206173,0.182059,0.220948,-0.008467,0.231139,0.231170,-0.135458,0.108399,0.038807,-0.064787,0.011285,0.039128,0.051715,0.006540,0.173601,0.071093,0.181156,-0.056376,0.071865,0.120422,0.215276,0.022692,-0.104003,-0.085926,0.010646,-0.054886,0.017905,0.105461,0.102649,-0.107282,-0.069751,0.057725,0.070723,0.269361,0.069417,0.010378,0.134964,0.155441,0.254344,-0.069108,0.154443,0.146711,0.402541,0.109246,0.174149,-0.049486,0.154977,-0.011868,-0.124996,-0.014738,0.006157,0.020631,0.207150,0.099748,-0.148889,0.226193,0.344594,0.022426,-0.038108,-0.016929,0.073990,0.143194,-0.006688,0.033304,0.361824,-0.167807,0.122960,0.089940,-0.076335,0.154035,-0.102388,-0.113419,0.104920,-0.035491,0.088234,-0.030687,0.231311,-0.102183,0.164204,-0.119489,0.018066,0.038097,0.351410,0.072583,0.033029,0.102507,-0.042719,0.331966,0.224060,0.172550,0.114158,-0.232676,0.089708,-0.042205,0.245799,0.061871,0.062511,-0.087311,-0.091220,0.238003,-0.009058,0.015240,-0.171966,-0.081436,-0.052731,0.316736,0.046388,-0.150013,0.122170,0.052849,0.161525,0.127516,-0.051952,0.040125,0.155616,0.208857,0.205016,-0.119682,0.281810,0.156763,0.108933,0.003592,-0.151991,0.199816,-0.212655,0.000129,0.058043,-0.000075,0.107045,-0.055917,-0.125282,0.189989,0.010766,0.213825,0.087327,0.268426,-0.180517,0.108878,-0.104856,0.060771,0.192777,0.043011,-0.134479,-0.005477,0.061728,0.166216,-0.172298,0.120588,-0.177752,-0.190656,0.146236,0.146443,-0.037372,0.026041,0.336697,0.158890,0.123659,0.164390,0.021324,-0.116020,0.015538,-0.076777,-0.088700,0.236022,-0.068080,0.168263,-0.117070,-0.013132,0.186801,0.074229,0.029683,0.057402,0.000168,0.057667,0.202493,0.280272,0.011214,-0.000024,0.035880,-0.012368,0.024163,0.022858,#
3,-0.141154,-0.011637,0.006137,1.000000,0.209304,-0.080396,-0.061301,0.089543,0.203698,0.198046,0.071043,0.170357,-0.116423,0.077073,0.025263,-0.162359,0.012560,-0.128641,0.248011,0.163365,0.064350,0.269702,0.168630,-0.022488,0.078664,0.106979,0.225903,0.070904,-0.180732,0.255415,0.283949,0.057434,0.129202,0.152432,0.104042,0.098341,0.059871,0.239407,0.236810,0.157667,-0.071257,0.227253,0.148850,0.203672,0.103733,0.232972,-0.090831,0.055998,-0.101636,-0.197365,0.098893,-0.142957,0.073494,-0.116312,-0.113646,0.319913,0.286153,0.161525,0.135765,0.174515,0.196999,-0.056550,0.107619,0.132114,0.340178,-0.089719,-0.089386,-0.094229,-0.336098,0.158094,0.113959,0.182015,0.182290,-0.070171,0.084507,0.079905,0.035140,0.110883,0.088356,0.184557,0.018335,0.083219,0.195878,-0.001035,0.117241,0.170917,0.075820,0.125240,-0.101262,-0.114950,0.334538,0.161790,-0.091610,0.073354,0.102988,0.085361,-0.100478,0.177704,0.017425,-0.182582,-0.010593,0.107576,0.004940,-0.181705,0.458134,0.192751,0.046438,0.031717,0.195802,0.067300,0.054886,-0.118628,0.116600,0.084144,-0.017647,0.218840,-0.107495,0.040335,0.238354,0.008615,-0.031008,0.272513,0.233485,-0.130480,-0.005006,0.091141,0.113631,0.308195,0.288891,-0.115137,0.113035,0.223805,0.100915,0.126667,0.029470,0.210456,0.004514,-0.115237,-0.137715,0.103052,-0.278385,0.281599,0.254720,0.031080,0.017738,0.184580,0.099193,0.556519,0.120430,0.206860,0.050805,-0.099052,-0.053170,0.118373,0.224792,-0.098321,-0.148073,-0.024943,0.311319,0.130518,-0.237255,-0.012019,-0.136533,0.212038,0.031349,0.211945,0.167958,-0.216446,0.105618,0.208351,0.090744,0.000059,0.130623,0.268158,-0.051616,0.212952,-0.037102,0.064569,-0.067506,0.135174,0.002582,0.134528,-0.030517,0.028104,0.080320,0.063699,0.079716,-0.109902,0.154096,0.475384,0.276084,0.173288,-0.002848,0.070068,0.149789,0.167369,0.037359,0.081820,0.069111,0.151825,#
4,0.058257,-0.066742,0.277733,0.209304,1.000000,0.190463,0.059774,0.211164,0.218152,0.431763,-0.006876,0.298942,0.274932,0.173463,0.263704,0.244983,0.200919,0.087035,0.324334,0.419326,0.361370,0.269055,0.255461,0.297394,-0.121138,0.181596,0.187323,-0.125374,0.159667,0.095616,0.190572,0.322142,0.465062,0.251646,0.131595,0.110214,0.293879,0.107624,0.422998,0.142644,0.093679,-0.011715,0.208501,0.222418,0.252883,0.347678,0.263324,0.302598,0.029977,-0.048098,0.034581,0.140608,0.347260,0.132960,0.205696,0.111457,0.156169,0.180510,0.323637,0.366514,0.314165,0.239143,0.344600,0.075158,0.291374,0.290319,-0.118016,0.224221,0.088309,0.124433,0.361674,0.254457,0.268142,0.080506,0.372402,0.161834,0.103434,0.205387,0.206337,0.336395,0.072579,0.250682,0.055204,0.088943,0.273348,0.282670,0.194628,0.167585,0.187184,-0.129657,0.291663,-0.005824,0.249101,0.088238,0.287477,0.219137,0.202419,0.182913,0.120002,0.177886,0.279300,0.263261,0.211417,0.172366,0.122552,0.273131,0.122100,0.068793,0.230121,0.382987,0.064550,0.160980,0.354770,0.255165,0.070734,0.195775,0.217571,0.115063,0.069333,0.178372,-0.074991,0.267613,0.219008,0.132491,0.103555,0.045818,0.249049,0.340450,0.434222,0.367486,0.092394,0.035419,0.262473,0.447182,0.344774,0.148222,0.045561,-0.100818,0.146203,-0.104989,-0.159168,0.181752,0.223520,0.150040,0.201033,0.121816,0.299254,0.123647,-0.049385,0.430540,0.026022,0.180917,0.352981,0.255623,0.228531,0.167693,0.300102,0.128296,0.046869,0.338050,0.099416,0.205434,0.284360,0.088173,-0.137637,0.188719,-0.009287,0.086196,0.126283,0.318882,0.143053,0.295727,0.391379,0.291093,0.240783,0.357696,0.275471,0.178066,0.244509,0.161111,-0.010005,0.107030,-0.006863,0.124589,0.224674,0.394442,-0.000684,0.165737,0.151051,0.378110,-0.105568,-0.006982,0.088227,0.331389,-0.029727,0.284205,0.237157,-0.076401,0.406240,0.315536,#
5,0.137290,-0.121584,-0.028896,-0.080396,0.190463,1.000000,-0.097310,0.156144,0.010145,0.100621,0.278848,0.025163,-0.026406,-0.115214,0.069587,0.339775,0.126248,0.190715,-0.140660,0.331874,0.047221,-0.073353,0.238296,0.305420,0.116566,0.058467,0.353579,-0.001591,0.083191,0.061558,0.292603,0.328050,0.275541,0.283916,0.024471,0.100307,0.027129,0.004758,0.217797,0.029276,0.263303,-0.001810,-0.117706,0.192029,0.235328,0.326982,0.282795,0.302015,0.179746,-0.064198,0.077974,0.131468,0.029124,0.183585,-0.243901,0.279248,0.292337,0.088887,0.399002,0.296019,0.096626,0.364830,0.238323,0.225162,0.253201,0.141177,-0.146500,0.243936,0.128689,-0.259970,0.120016,0.191769,0.255050,-0.005831,0.095473,0.318445,0.205934,0.431394,0.090640,0.172604,0.466216,0.045510,0.037138,0.189507,-0.092545,0.181649,0.309460,0.366932,0.208965,-0.041502,0.024041,0.189347,0.353604,0.261088,0.108404,-0.031688,0.041647,0.346962,0.354147,0.309188,0.227981,0.297821,0.082813,0.255199,0.183460,0.255729,0.195950,0.127790,0.128844,0.213011,-0.098463,0.324266,0.089229,0.076252,0.136963,0.092582,0.125262,-0.120021,0.084217,0.186697,-0.018483,0.214759,0.165363,0.172413,-0.033260,0.083625,0.318225,0.185981,0.004829,0.096782,0.190118,0.265501,0.277312,0.312062,0.073554,0.173211,0.206120,0.059342,0.082894,-0.072706,0.114809,-0.101326,0.188944,0.266994,0.248605,-0.052363,-0.084988,0.108110,0.188770,-0.017306,0.129610,-0.029005,0.062347,0.144023,-0.102811,0.083962,0.446678,0.234761,0.173269,0.229005,0.169239,0.199931,0.090930,0.082878,0.187279,0.221847,-0.235121,0.271594,0.260630,0.238941,0.239560,0.175502,-0.011447,0.273933,0.124170,0.093491,0.192866,0.170143,0.158296,0.241327,0.420981,0.114381,0.291814,0.055236,0.307674,0.149652,0.130511,0.195414,-0.031217,0.193455,-0.055057,0.090514,-0.035833,0.163941,-0.145356,0.284655,0.145993,0.032417,0.199907,0.213215,#
6,0.401466,-0.037794,0.112632,-0.061301,0.059774,-0.097310,1.000000,-0.129047,-0.082553,-0.052438,0.064336,-0.014116,0.264476,0.161773,0.047570,-0.092969,0.223718,0.131232,0.060209,0.082094,0.379700,0.014480,-0.134980,0.186034,-0.001008,-0.070126,0.007202,-0.141225,0.010732,0.173735,0.113245,-0.001296,0.057357,0.040666,0.251193,0.173532,-0.054734,-0.052727,0.171784,0.221152,-0.100335,0.016194,0.174811,-0.116068,0.252523,0.141504,0.083728,-0.228046,0.285192,0.240633,0.038574,0.328408,0.246525,-0.027668,0.152793,0.112730,0.171303,0.170029,0.227906,0.012223,0.241287,-0.021181,-0.030478,0.136083,0.361473,-0.027132,0.250915,-0.068168,-0.028321,0.067214,0.088916,0.167314,-0.027423,0.299401,0.071987,0.165311,0.058833,-0.133755,0.000211,0.060488,0.067136,0.105324,0.159418,-0.029413,-0.185780,0.151934,0.040023,-0.037488,0.096712,-0.019058,-0.000544,-0.038958,-0.170344,-0.188330,-0.028461,-0.011769,0.395948,0.100087,-0.025117,0.165333,0.061131,0.070451,0.346809,-0.036989,-0.054768,-0.056883,-0.006175,-0.118576,-0.043104,-0.103955,-0.117082,-0.007522,-0.151279,-0.070291,0.284511,-0.166703,0.423837,0.140038,0.171774,0.059818,0.275032,0.061708,0.085001,0.146540,0.304490,0.292930,0.014550,0.014834,0.072733,0.125396,0.038370,0.210782,0.217590,0.011802,0.088745,0.155235,-0.017044,-0.011749,0.182222,-0.000422,0.199377,0.028434,-0.140316,0.037220,0.055581,0.029913,0.009412,0.136232,-0.077326,0.114011,0.098436,0.225529,-0.019424,-0.261897,-0.040538,-0.048589,0.048922,0.274961,0.267315,0.018292,0.112072,0.111443,-0.014211,0.245878,0.005987,0.134005,0.185653,-0.038646,0.156030,0.028203,0.261668,-0.024380,-0.062534,0.053740,0.207605,0.021355,-0.004060,0.092202,0.102820,0.019550,0.118854,-0.130989,0.242573,0.123042,0.026722,-0.007325,-0.223780,0.140614,-0.131886,0.088850,-0.296651,0.152870,-0.161572,0.318206,0.062850,-0.075104,-0.039636,0.114150,0.157374,-0.026818,#
7,0.036388,0.089215,0.087286,0.089543,0.211164,0.156144,-0.129047,1.000000,0.423244,0.311122,0.108147,-0.007988,0.174776,0.125509,0.281837,-0.044069,0.287164,0.096884,0.279439,0.179370,0.102927,0.285475,0.236967,0.356102,0.331088,0.308256,0.155137,0.102166,0.071589,-0.029164,0.013283,0.169696,0.117307,0.181245,0.035468,0.052407,0.181895,0.056314,0.366431,0.014214,-0.091456,-0.053214,0.067520,0.267032,0.203385,0.254948,0.284112,0.173355,-0.168053,0.055089,0.142557,-0.106694,0.014671,0.259200,0.071918,0.255039,-0.030583,0.192030,-0.018146,0.159263,0.100241,0.253803,0.049502,0.007269,0.146054,0.193414,-0.076863,0.252064,0.192459,0.337286,0.282347,-0.027683,0.499934,0.084229,0.363362,0.137329,0.149967,0.120412,0.359496,0.178716,0.259618,0.214040,-0.001573,0.094017,0.154830,0.132117,0.325094,0.262024,0.139562,0.192290,0.100522,0.025315,0.228608,0.132213,0.324246,-0.025863,0.212743,0.354943,0.160870,0.180683,0.222825,0.157382,0.066204,0.193395,0.143647,0.336947,0.110356,0.070408,0.161759,0.058538,0.375423,-0.041718,0.310481,0.124234,0.302167,0.126069,0.137889,-0.236257,0.143538,0.240809,0.140870,0.186350,0.115016,0.383295,0.227635,0.073186,0.194754,0.221518,0.157699,-0.028366,0.111886,0.094473,0.189133,0.007145,0.185571,0.326243,0.061125,0.049835,0.048690,0.105121,0.234923,0.444157,0.252620,0.186515,0.185164,0.338972,0.230626,0.186193,0.235298,0.222600,-0.122064,0.090999,0.382454,0.214190,0.081643,0.400988,0.100779,0.194094,0.046179,0.159567,0.275035,0.015309,0.336763,0.066891,0.119317,0.274514,0.178970,0.028315,0.110288,0.114560,0.303402,0.315790,0.211577,0.286006,0.145180,0.252312,0.238374,0.039912,0.159640,0.116245,0.311048,0.116963,-0.035932,-0.069945,0.091174,0.283100,0.149990,0.066326,0.253127,0.263560,0.171482,0.062396,-0.102034,0.175296,0.097179,0.198925,0.076789,0.309115,0.164152,0.077500,#
8,0.070022,0.228053,0.026711,0.203698,0.218152,0.010145,-0.082553,0.423244,1.000000,0.349322,0.041325,0.154345,0.020823,0.089961,0.169889,0.108378,0.185310,0.015124,0.136512,0.201383,0.044848,0.297325,0.166431,0.211698,-0.094495,0.288437,0.132184,0.199411,-0.143996,0.065638,-0.006332,-0.003675,0.200184,0.229468,-0.087626,0.077560,0.251491,0.073766,0.238901,0.344018,0.038822,0.167059,0.204805,0.091994,0.027951,0.019176,-0.109493,0.238956,-0.040105,0.217443,0.051995,0.077785,0.076239,0.163705,-0.003565,0.225469,-0.115573,0.215598,-0.090021,0.193102,0.278338,0.069931,0.226090,-0.007067,0.088362,0.307948,0.000482,0.256743,0.078737,0.339149,0.144848,0.200334,0.281333,0.302475,0.031363,0.118000,-0.078369,0.122446,0.295366,0.263832,0.015554,0.026781,-0.070184,0.251101,-0.026004,0.222867,-0.000783,0.107314,-0.070639,0.158216,0.105491,0.116230,0.001697,0.177229,0.305180,0.079784,-0.036117,0.190637,0.088332,-0.053665,0.215212,0.116601,0.019253,0.287283,0.062591,0.322913,0.355954,0.294125,0.218110,0.071142,0.319463,0.127151,0.265909,0.170089,0.327373,0.280114,0.259329,-0.027370,0.095849,0.149473,0.155790,0.003982,0.432723,0.080050,0.112849,0.349358,0.244163,0.060543,0.391283,0.007443,0.027067,0.075239,0.230189,0.295638,0.455673,0.126392,-0.173162,0.031332,-0.250442,0.262884,-0.075584,0.140809,0.095345,0.320102,0.204236,0.061079,0.310804,0.234244,-0.057925,0.082865,-0.135510,0.126345,0.064851,0.205851,0.291574,0.145523,0.014669,0.236533,0.053316,0.287102,0.016008,0.068720,0.243355,0.321269,0.100958,0.098384,0.110105,-0.004378,0.144657,0.347571,0.168645,0.299137,0.263722,0.344506,0.356534,0.200049,0.039733,-0.031852,0.325679,0.109684,0.219928,0.100707,-0.345357,0.021178,0.307323,0.110593,0.005181,0.097970,0.453349,0.341140,0.067451,0.087647,0.161141,0.076609,-0.157286,0.242951,0.052897,0.223326,0.090849,0.320151,#
9,0.177200,0.243743,0.162345,0.198046,0.431763,0.100621,-0.052438,0.311122,0.349322,1.000000,0.061276,0.207530,0.180702,0.074583,0.256700,0.133699,0.189623,0.050487,0.414470,0.382179,0.351353,0.282993,0.491194,0.516546,0.007706,0.282411,0.194699,0.194801,0.110120,0.101014,0.134931,0.180900,0.201233,0.421691,0.347917,0.267778,0.246578,0.145616,0.366921,0.094954,0.225852,0.061353,0.205577,0.166310,0.275983,0.030572,0.274594,0.129491,-0.149888,0.066008,-0.041592,0.092738,0.126703,0.219607,0.129290,0.194617,0.092656,0.288300,0.315155,0.358264,0.168186,0.155184,0.383603,0.147432,0.300146,0.367422,0.189199,0.368165,0.147371,0.227981,0.445117,0.115468,0.294823,0.154851,0.284257,0.089460,0.008464,0.322342,0.400222,0.248469,-0.148814,0.138335,0.013734,0.189252,0.370205,0.220658,0.166372,0.388347,0.033459,-0.173874,0.155494,0.326296,0.195856,0.174696,0.280232,0.047413,0.234383,0.426856,0.406631,0.071390,0.209601,0.263425,0.203568,0.159459,0.241697,0.409299,0.231047,0.013778,0.380656,0.365735,0.247589,0.413995,0.457607,0.302234,0.035222,0.298470,0.249277,-0.078595,0.057148,0.116179,0.224250,0.111492,0.395982,0.298940,0.280485,0.137508,0.331861,0.056201,0.440305,0.271522,0.214935,0.113911,0.349724,0.470485,0.308184,0.252911,0.090938,-0.043274,0.003385,0.292998,-0.031319,0.395169,0.183605,0.265952,0.041267,0.071327,0.296642,0.038057,0.084750,0.090046,0.104036,0.115384,0.158032,0.187485,0.331564,0.243352,0.218101,0.267421,0.414600,0.223823,0.125267,0.151865,0.232706,0.262579,0.268398,0.205829,0.042713,0.133532,0.311509,0.253365,0.363628,0.457085,0.182992,0.272707,0.198959,0.401109,0.099578,0.214645,0.423349,0.250440,0.234542,0.115496,0.125102,0.164038,0.129793,0.425459,-0.154100,0.123537,0.527402,0.250282,0.142556,0.243396,0.068430,0.131942,0.094907,0.105204,0.046744,0.300143,0.123369,0.150403,#
10,0.304108,0.209234,-0.109384,0.071043,-0.006876,0.278848,0.064336,0.108147,0.041325,0.061276,1.000000,0.010900,-0.282518,-0.065460,-0.059587,0.202445,0.164860,-0.037353,-0.093593,0.096744,0.013502,-0.130366,0.123222,0.243741,-0.070479,-0.084600,0.030286,0.306819,-0.139973,0.154602,0.165049,0.112501,0.127694,0.241430,0.177849,-0.006298,-0.020045,0.118682,0.110814,-0.098002,0.175575,0.050384,-0.177435,-0.003823,0.303203,0.133082,0.231115,0.243605,0.308148,0.376443,-0.193137,-0.015711,0.211120,0.003851,0.004469,0.235130,0.143641,0.088116,-0.066053,0.116757,0.082456,0.196477,0.374074,0.383506,0.238044,0.089597,0.026702,-0.193404,-0.032417,0.054395,-0.017769,0.185728,0.157156,0.071820,0.017175,0.159390,0.174889,0.229813,0.223297,0.077133,0.278516,0.140263,0.028836,0.134979,-0.016942,0.136272,0.131742,0.399622,-0.005930,0.146263,0.156901,0.263382,0.073241,0.136633,0.186417,0.189542,-0.112926,0.171050,0.449156,0.268564,0.237071,0.215423,0.077258,0.225225,0.391528,-0.023018,0.130442,0.145018,0.163398,0.142113,-0.230463,0.120203,-0.053704,0.013824,0.061428,0.328950,0.119382,-0.058712,0.255728,0.080034,0.073566,0.287838,0.000929,0.160314,-0.136415,0.322631,0.324791,0.302410,0.128537,-0.130642,-0.205501,-0.016703,0.112357,0.038713,0.254772,0.233083,0.122550,-0.025635,-0.025010,0.113579,0.274095,-0.146899,0.014230,0.096763,-0.146249,-0.136135,0.077146,0.116792,0.185107,-0.008604,0.121980,-0.056775,0.291469,0.203902,-0.073410,0.132078,0.274049,0.260613,0.263058,0.107476,0.157235,0.205479,0.146077,0.089936,-0.107484,0.262563,0.112216,0.213573,0.480446,0.151697,0.110760,0.041199,-0.024296,0.214986,0.177083,0.126826,0.282569,0.190007,0.102030,0.323641,0.015145,-0.095475,0.241415,-0.043352,0.073915,0.037825,-0.015942,0.097901,0.064402,0.156736,0.133893,0.156159,-0.033421,0.028636,0.241532,0.090226,-0.023809,0.281597,0.145890,0.047912,#
11,0.128086,0.146191,-0.071182,0.170357,0.298942,0.025163,-0.014116,-0.007988,0.154345,0.207530,0.010900,1.000000,0.225364,-0.070735,0.051751,0.086110,0.059162,0.171838,0.316227,0.139710,0.050657,0.077758,0.082333,-0.039935,-0.006352,0.049113,-0.228972,0.101769,-0.000445,0.068214,0.115725,0.139059,0.121231,0.241133,0.196330,-0.057127,0.250483,0.103348,0.092303,0.367480,0.016483,0.112246,0.085678,0.046566,0.135584,0.202577,0.472512,-0.007684,0.065752,0.216209,0.059610,0.047681,0.337671,0.146218,0.177758,0.107863,0.095531,0.220767,0.053786,0.091485,-0.000509,0.127569,0.219543,-0.000966,0.235881,0.178720,0.120206,0.100354,0.128212,0.166403,0.234533,0.085440,-0.081084,0.053492,0.182939,-0.094867,0.167888,0.222980,0.091892,-0.086337,0.100644,0.026670,-0.117806,0.009848,0.163272,0.100660,0.043275,-0.105393,0.237748,-0.058853,0.051562,0.337786,0.195872,-0.100597,0.219225,0.390188,0.035324,0.125592,-0.060733,-0.004551,-0.050338,0.112934,0.078234,0.136341,0.284391,0.286879,0.006376,0.146158,0.142606,0.280926,0.148630,0.112966,0.227236,0.016446,-0.116521,0.118982,-0.019031,0.220470,0.054657,0.124049,-0.004109,0.170229,0.158604,0.052330,0.020736,0.115393,0.047341,-0.088129,0.248678,0.221654,0.073297,0.163735,0.149504,0.233288,0.090954,0.068115,0.158770,-0.153845,-0.060319,0.168600,0.223319,0.004408,0.255479,0.235370,0.294734,-0.068990,0.089795,0.212183,-0.046976,0.175344,-0.056718,-0.042509,0.259197,0.262885,0.186595,0.085787,0.095094,0.188039,0.095863,-0.001384,-0.143556,0.118936,0.106669,-0.112727,0.186585,-0.058030,0.145993,-0.010205,0.245843,0.212044,0.064948,0.218652,0.084586,0.171337,-0.098887,0.197195,0.043910,0.066199,0.060695,0.373932,0.078188,-0.036113,0.067307,0.042020,0.245124,0.083380,-0.061648,0.270026,0.322002,0.129081,0.291697,-0.068810,0.209029,0.147036,0.086084,0.058683,0.031050,0.196825,-0.023699,0.175768,#
12,0.068407,0.110114,-0.049051,-0.116423,0.274932,-0.026406,0.264476,0.174776,0.020823,0.180702,-0.282518,0.225364,1.000000,0.141603,0.315999,0.017732,0.372669,0.223070,0.148053,0.226511,0.190566,0.182611,0.209825,0.208292,0.023584,0.065499,0.029072,-0.060159,0.304383,-0.025479,0.003193,0.094724,0.235491,0.097254,0.154395,0.082975,0.227233,-0.018186,0.126139,0.363400,-0.218346,-0.061913,0.140069,0.352155,0.041338,0.220633,0.161042,0.004094,-0.027294,0.070388,0.161705,0.103065,0.090076,0.095529,0.154129,-0.029046,-0.012535,0.142383,0.266205,-0.027569,0.012422,0.292821,-0.124820,-0.031639,0.168332,0.146551,-0.021259,0.086620,0.233388,0.191501,0.229050,0.059636,0.194317,-0.020840,0.292317,0.227520,0.200086,0.005062,-0.031585,-0.017359,0.072053,0.125639,0.088754,0.148704,-0.005790,0.087763,0.054519,-0.012943,0.326797,-0.006037,-0.013895,0.077700,-0.065844,-0.070820,0.002924,0.362137,0.415449,0.254381,-0.097428,-0.008768,-0.042222,0.146988,0.123460,0.287280,-0.007724,0.211657,-0.056535,-0.114728,0.182613,0.210565,0.126590,-0.034939,0.138399,0.014877,0.223956,0.073967,0.305292,-0.020967,0.047488,0.038687,0.162902,0.053233,0.146133,0.274876,0.278164,0.055334,0.039122,-0.231953,-0.011249,0.156392,0.060181,0.199893,0.033849,0.130460,-0.023868,-0.066456,-0.009898,0.218093,0.248994,-0.072057,0.152000,0.281140,0.183378,0.044771,0.231058,0.277352,0.172726,0.068155,0.038889,0.310188,-0.042694,0.380856,0.195827,-0.071551,0.190376,0.259764,0.237400,0.081620,0.083591,0.115758,0.169216,0.287843,0.238571,0.024634,0.229930,0.102507,0.120893,0.174121,-0.150464,0.047855,0.127565,0.265318,0.052919,0.218477,0.055360,0.090494,0.012129,0.217097,0.143932,-0.063729,0.069258,0.142560,0.144827,0.136678,-0.165242,0.410092,-0.143446,0.387112,0.062910,0.003333,-0.132369,-0.024431,-0.002098,0.144025,0.002857,0.031303,-0.024912,0.168069,0.113927,-0.112829,#
13,0.210953,-0.212429,0.377193,0.077073,0.173463,-0.115214,0.161773,0.125509,0.089961,0.074583,-0.065460,-0.070735,0.141603,1.000000,0.035569,0.079769,0.251258,0.201105,0.176979,0.009343,0.150721,0.233070,0.383920,0.359944,-0.041173,0.064864,0.055048,0.171733,0.265960,0.137893,-0.013450,0.096522,0.318455,0.077807,0.116329,0.090364,0.048573,0.127041,0.283302,0.138863,0.089168,0.129637,0.212234,0.046304,0.264038,0.131246,-0.042565,0.162645,0.137115,0.192687,-0.021840,0.193649,0.245770,0.225922,0.217810,0.210711,-0.000057,-0.005019,0.066202,0.057289,0.179297,0.127483,0.048714,0.037510,0.187274,0.078948,0.024942,-0.002201,0.265602,0.159556,0.054699,0.140981,-0.180761,0.203111,0.341120,0.235270,-0.024657,0.043772,0.165738,0.282953,-0.082278,0.045080,0.354107,-0.051588,0.073043,-0.020037,-0.000116,0.062626,0.229756,0.204840,0.242997,-0.009774,0.234540,0.067236,0.151625,-0.042884,0.202214,0.057013,0.073619,0.311151,0.157734,0.127609,-0.092944,0.387875,-0.000950,0.361004,0.011539,-0.004581,0.108228,-0.007014,0.255412,0.203582,0.152030,0.159324,0.254220,0.132590,0.023538,0.345988,0.160467,0.205983,-0.048735,0.047140,-0.024271,-0.031997,0.045106,-0.094736,0.033944,-0.096257,0.100241,0.147711,-0.021938,0.150704,0.074087,0.105689,0.331347,0.161083,-0.179690,-0.036239,0.293178,0.175376,-0.170869,0.202072,0.232309,0.012725,-0.156628,0.115680,0.296993,0.157623,0.022596,0.204351,-0.224346,0.128101,0.061523,0.041641,0.250403,0.244765,-0.129530,0.041175,0.253387,0.044177,0.169577,0.108760,0.180615,0.126503,-0.073502,0.252740,0.079771,0.088364,0.140189,-0.005259,0.105387,0.153799,0.174619,0.190796,0.288417,0.148763,0.039970,0.372933,0.217963,0.048748,-0.082749,0.134788,0.019911,0.081872,-0.064318,0.078906,0.074650,0.182726,-0.010722,-0.074616,0.169161,0.051599,0.260994,0.223433,0.095091,0.023715,0.081835,0.166840,0.033119,0.024263,#
14,0.145157,0.062561,0.014715,0.025263,0.263704,0.069587,0.047570,0.281837,0.169889,0.256700,-0.059587,0.051751,0.315999,0.035569,1.000000,0.287437,0.160256,-0.066235,0.243818,0.033677,0.187245,0.164911,0.012235,0.159606,0.090565,-0.002369,-0.033396,0.003720,0.310534,0.083599,0.083452,0.350389,0.127233,0.196252,0.215109,0.086529,0.103485,0.144442,0.261072,0.125166,-0.213771,-0.130524,0.073011,0.291860,0.235168,0.048723,0.047245,0.034206,-0.122640,-0.001451,0.024648,0.000245,0.099761,0.207038,0.080494,0.008525,0.043245,0.177664,0.173439,0.095610,0.129587,0.137476,0.118146,0.182517,-0.041334,0.064441,-0.155173,0.220794,-0.035252,0.219038,0.231609,0.267533,0.360188,0.087561,0.266094,0.109648,0.439371,0.117903,0.064722,-0.006783,0.174461,0.338793,0.125637,0.405551,0.124181,0.077362,0.123763,0.395209,0.131229,0.039155,-0.073685,-0.046243,0.062017,0.193918,0.068585,0.121039,0.388505,0.192468,0.249264,0.045055,0.097220,0.220061,0.224959,0.010252,0.173741,0.051667,-0.074100,-0.061893,-0.085815,0.168125,0.144888,0.000685,0.177132,0.259378,0.183747,0.199220,0.301980,-0.091078,0.117153,-0.009335,0.154731,0.135812,0.317844,0.185129,0.196137,0.030612,0.011377,0.315299,0.134638,0.247673,0.028620,0.092148,0.024850,0.227471,0.221282,0.217832,-0.168585,0.184253,0.104221,0.062150,0.038414,0.060801,0.057648,0.248207,0.025570,0.303334,0.131671,0.081864,0.168544,0.081458,0.129000,0.022867,0.171294,0.076897,0.192652,0.218743,0.137462,0.229901,-0.071856,0.145406,-0.016660,-0.021719,0.193735,0.189318,0.054592,0.236997,0.233359,0.047970,0.054244,0.295110,0.150350,0.147180,0.153595,0.269789,-0.009031,0.335627,0.235365,0.205106,0.108487,-0.034001,0.490614,0.292080,-0.085555,-0.146224,-0.085586,0.056295,0.029535,-0.111263,-0.005664,0.262522,-0.273758,-0.064193,0.168730,0.335768,0.184567,0.066648,0.158542,0.135766,0.094611,-0.120910,#
15,0.281473,0.035481,-0.016226,-0.162359,0.244983,0.339775,-0.092969,-0.044069,0.108378,0.133699,0.202445,0.086110,0.017732,0.079769,0.287437,1.000000,0.079231,0.208949,0.034954,0.203148,0.112202,-0.049395,0.123645,0.202055,-0.140824,0.030983,-0.144178,0.054829,0.147694,0.294895,0.081862,0.199682,0.036178,0.190535,-0.000750,0.329920,0.215022,0.030538,0.255598,0.105988,-0.071262,-0.061858,0.016671,0.063597,0.245957,0.088540,0.173806,0.311565,0.097495,0.037262,-0.197810,0.416345,-0.000590,0.037453,0.160893,-0.039690,0.100962,-0.164626,-0.021853,0.116891,0.266358,0.180976,0.264344,0.225712,-0.042987,0.306752,-0.047948,0.017130,0.142855,-0.134326,0.119677,0.017585,-0.017327,0.091917,0.024563,0.127576,0.125172,0.284391,0.082968,-0.051973,0.305408,0.145542,-0.076764,0.214319,0.104307,0.038773,-0.011387,0.313040,0.004206,-0.186626,0.057437,-0.109451,0.145997,0.047087,-0.013691,0.081198,0.099688,0.054593,0.129227,0.179213,0.173132,0.088637,0.257562,0.186234,-0.022605,0.200975,0.264281,0.147406,0.070686,0.205350,-0.171645,0.169245,0.168857,0.155925,-0.033719,0.037647,0.106660,0.199593,-0.008440,0.051942,-0.051912,0.006681,0.179740,-0.034791,-0.179497,0.070655,0.222010,0.093280,0.204366,0.340571,-0.230983,-0.100161,-0.098482,0.210517,0.158062,-0.065844,-0.158852,-0.150210,-0.017624,-0.054859,0.033044,-0.170228,0.089602,0.000514,0.068913,-0.051288,0.155961,0.023434,0.011306,-0.145334,0.151475,-0.090536,0.312345,0.084564,-0.005346,0.166478,0.248245,0.239004,-0.082722,0.227254,0.024878,0.107517,0.392329,-0.101515,0.127661,0.125597,0.158881,0.272886,0.251613,-0.012507,-0.092898,0.184791,-0.095817,0.338542,-0.089024,0.248421,0.156035,0.206393,0.298516,0.110176,0.108088,0.004943,0.146262,0.220191,0.096735,-0.005319,-0.230248,0.233329,-0.086557,0.142230,-0.163722,0.140333,0.174720,0.184547,0.038623,0.240676,0.271111,0.214505,0.150602,0.158826,#
16,0.287082,0.105070,-0.201065,0.012560,0.200919,0.126248,0.223718,0.287164,0.185310,0.189623,0.164860,0.059162,0.372669,0.251258,0.160256,0.079231,1.000000,0.154830,0.020062,0.195426,0.418857,0.301070,0.000320,0.222511,0.144793,0.233761,0.265722,-0.073252,0.041220,0.181763,-0.000705,0.325476,0.339698,0.385977,0.157441,0.099434,0.241024,0.015744,0.340245,0.218792,0.016648,0.221989,0.213960,0.135064,0.198959,0.222605,0.129272,0.001657,0.145530,0.192377,0.056720,0.098082,0.153550,0.349614,0.286153,0.130464,-0.227317,0.227539,0.277961,0.154520,0.047220,0.280889,0.112084,-0.040877,0.098333,0.276899,-0.135976,0.259021,0.423045,0.264335,0.125207,-0.044099,0.260256,0.267514,0.283480,0.219575,0.140010,0.289328,0.187903,0.270579,0.292850,0.089750,0.067731,0.201031,0.125431,0.125163,0.349594,0.110650,0.243091,0.279405,0.207279,0.003824,0.159603,0.129071,0.190933,0.248362,0.142831,0.286164,0.256579,0.239669,-0.144580,0.133797,0.181397,0.419463,0.080994,0.329735,0.012890,-0.070827,0.298121,0.308154,0.260234,0.197966,0.264499,-0.046073,0.455228,0.333208,0.313672,-0.111821,0.231880,0.147308,0.272783,0.370558,0.183637,0.203969,0.369894,0.387088,0.256376,-0.070811,0.107840,0.116593,0.229176,0.147084,0.094212,0.086058,0.281627,0.124908,-0.070235,-0.157261,0.064078,0.163159,0.099535,0.225965,0.116157,0.184585,0.193990,0.114854,0.200510,0.093225,0.207523,0.424684,0.010669,0.144378,0.284214,0.099972,0.201966,0.365100,0.299136,0.199924,0.184892,0.398491,0.132305,0.357955,0.246624,0.046478,0.100867,0.302694,0.351260,0.313029,0.205759,-0.049508,0.249579,0.392021,0.188749,0.059510,0.048699,-0.120006,0.128876,0.358725,0.450051,0.029630,0.035445,0.111724,0.193920,0.017197,0.205931,0.451519,0.019736,0.315485,0.115965,0.128098,0.126290,-0.012538,0.168561,0.205863,0.114260,0.132586,0.128835,0.017249,0.172531,0.135310,#
17,0.230107,-0.001585,-0.025297,-0.128641,0.087035,0.190715,0.131232,0.096884,0.015124,0.050487,-0.037353,0.171838,0.223070,0.201105,-0.066235,0.208949,0.154830,1.000000,0.055066,0.152653,0.184646,0.024081,0.188096,0.277573,0.346300,0.256867,0.099023,-0.032785,-0.080405,0.088676,-0.019362,0.034597,-0.117228,0.031777,0.141496,0.278663,0.035183,-0.001793,0.354550,0.106834,0.168302,0.238189,0.266960,0.059805,0.112509,0.111385,0.018080,0.418856,0.137720,0.195654,0.081896,0.185084,0.161779,-0.050512,0.113081,0.191654,0.016718,-0.011010,0.251607,0.020821,0.181246,0.154244,-0.142203,0.014203,0.040895,0.338960,0.042330,0.227305,-0.048095,-0.025228,0.160891,0.016997,-0.123084,-0.016266,0.111721,0.132258,0.050131,0.123483,0.166524,0.073843,0.232985,-0.016105,-0.061090,0.095768,-0.059538,0.150649,0.254632,-0.029982,0.173902,0.031754,0.057549,-0.056314,0.139123,0.139693,-0.017145,0.114366,0.201491,0.114032,-0.231348,0.070763,0.179661,-0.230923,0.117959,0.200198,-0.110426,0.075763,0.097028,0.074648,0.083678,0.214357,0.086164,0.265439,-0.217790,0.184412,0.216984,-0.091700,-0.073673,0.025274,-0.034075,0.120968,0.076916,0.115618,-0.007262,0.046180,0.097218,0.296538,0.324000,-0.240972,0.049014,0.156471,0.295145,0.107113,0.145830,0.045397,-0.088320,0.219241,-0.170453,-0.013570,0.299723,0.182145,0.059876,0.230403,0.390186,0.102823,0.161796,-0.045831,0.175013,0.225301,0.057189,-0.104166,0.087525,-0.112286,0.164657,-0.019534,0.134177,0.330076,0.323477,0.072760,0.096061,0.024642,0.124134,0.066070,0.359204,-0.022171,0.107235,0.215798,-0.058275,0.150187,0.082704,0.050190,0.300088,0.043542,0.057597,0.147978,0.077323,-0.078489,0.040305,0.140572,0.262698,0.384406,0.077419,0.204321,0.159347,0.209985,0.183599,0.119791,-0.014707,0.432782,-0.002033,-0.050944,-0.100133,0.020594,-0.021201,0.156940,0.074868,0.344832,-0.111830,0.316978,0.000295,0.113477,#
18,0.182641,0.099935,0.206173,0.248011,0.324334,-0.140660,0.060209,0.279439,0.136512,0.414470,-0.093593,0.316227,0.148053,0.176979,0.243818,0.034954,0.020062,0.055066,1.000000,0.338724,0.092990,0.208340,0.267062,0.139534,0.251517,0.032983,-0.066889,0.190871,-0.034502,0.165491,-0.034726,0.053992,0.143131,0.214379,0.174201,0.158720,0.137348,0.150396,0.153070,0.155692,0.028299,-0.172044,0.084155,0.083394,0.344979,0.037667,0.342636,0.158823,-0.205637,-0.094247,-0.063290,0.041979,0.334698,0.177274,0.067932,0.210703,0.056161,0.194382,0.100501,0.211805,0.355395,0.024205,0.155511,-0.071520,0.218474,0.227288,-0.011922,0.170087,-0.124344,0.166543,0.358852,0.020445,0.202243,0.151731,0.272477,-0.004367,0.333098,0.104233,0.291460,0.214940,-0.060768,0.058767,0.175820,0.158405,0.330259,0.049899,0.119449,0.192053,-0.006471,-0.055148,0.273190,-0.007767,0.044463,0.013445,0.305917,-0.001512,0.194088,0.149756,0.081728,0.202433,0.256479,0.219884,0.143131,0.107277,0.116055,0.331314,-0.062733,-0.078459,0.139169,0.013241,0.149737,0.078687,0.387531,0.160230,-0.038188,0.037190,-0.012686,0.025635,-0.064218,0.123854,0.102258,0.196565,0.259426,-0.025267,0.216598,-0.081115,0.033526,0.137291,0.407155,0.113828,-0.072765,0.225996,0.091643,0.300728,0.202822,0.318063,0.090760,0.114334,0.086588,0.049241,-0.076683,0.262895,0.151467,0.271037,0.084895,0.326175,0.286270,0.072720,0.108420,0.205636,-0.107170,0.268482,0.197290,0.043872,0.053227,0.182616,-0.018551,0.387215,0.179408,0.217452,0.077827,0.008500,0.192703,0.108605,0.121570,0.382766,0.113873,-0.038335,0.063292,0.126801,0.147893,0.389039,0.316129,0.061401,0.032466,0.123856,0.021380,0.247690,-0.025791,0.262845,0.036421,0.131555,0.012222,0.196348,0.026155,0.191750,0.193078,-0.104037,0.136863,0.110591,0.138761,0.142304,-0.013501,0.330674,0.275421,0.187195,-0.096353,0.184771,0.172797,0.098233,#
19,0.294352,0.149838,0.182059,0.163365,0.419326,0.331874,0.082094,0.179370,0.201383,0.382179,0.096744,0.139710,0.226511,0.009343,0.033677,0.203148,0.195426,0.152653,0.338724,1.000000,0.053848,0.205902,0.283542,0.297408,0.085769,-0.022463,0.282845,-0.111064,0.038261,0.186455,0.173876,0.110246,0.129011,0.176378,0.031917,0.060176,0.272993,0.014996,0.376952,0.255202,0.137544,-0.047881,0.048962,0.061970,0.183256,0.138774,0.306639,0.231987,0.319064,-0.051614,-0.149523,0.206515,0.039577,0.165168,0.102244,0.024839,0.165408,0.033018,0.209563,0.175939,0.293075,0.301708,0.298473,0.142387,0.307078,0.238388,-0.080382,0.285665,0.016208,-0.064555,0.302963,0.118316,0.247276,0.159533,0.270475,0.226301,0.110324,0.165099,0.402527,0.135954,0.091372,-0.087753,0.111366,0.121344,0.029682,0.219136,0.073639,0.394875,0.159488,-0.188538,0.216256,0.022664,0.205156,-0.025294,0.139359,0.063449,0.177877,0.150220,0.073726,0.217528,0.299619,0.215507,0.123588,0.185830,0.059396,0.369753,0.264551,0.137219,0.301972,-0.005440,-0.035798,0.199523,0.244269,0.197978,0.110593,0.113338,0.243141,0.028411,0.051185,-0.073987,-0.130174,0.308386,0.301645,0.081617,0.372223,0.161214,0.438454,0.155025,0.278909,0.181614,0.065899,0.169446,0.128302,0.216386,0.239236,0.097271,0.206954,0.033430,-0.025993,0.094462,-0.044870,0.064456,0.079841,0.071869,0.266780,0.098839,0.195265,0.027701,0.198804,0.232572,0.121524,0.231938,0.155802,0.035475,0.027598,0.348427,0.133580,0.413891,0.329435,0.409510,0.220507,0.178710,0.161098,0.005557,0.237653,0.353418,0.017839,0.142941,0.213259,0.092173,0.153662,0.295571,0.278773,0.365476,0.242046,0.173297,0.214506,0.401439,0.088196,0.230637,-0.032248,0.371600,0.118292,0.324107,0.440444,0.160746,0.015152,0.122197,0.237788,0.164706,0.121028,0.193183,0.015925,0.370947,-0.013096,0.454649,-0.020016,0.149445,0.271188,0.122119,#
20,0.053564,-0.168078,0.220948,0.064350,0.361370,0.047221,0.379700,0.102927,0.044848,0.351353,0.013502,0.050657,0.190566,0.150721,0.187245,0.112202,0.418857,0.184646,0.092990,0.053848,1.000000,0.187296,0.086209,0.179996,-0.010570,0.260627,0.198141,-0.206984,0.046170,0.103589,0.066843,0.184579,0.227415,0.370907,0.245458,0.389654,0.291060,0.090465,0.470307,0.215936,-0.066261,0.219610,0.016695,0.088130,0.250946,0.140734,0.232866,-0.135212,-0.077713,0.121436,-0.019784,0.167116,0.209400,0.241519,0.246337,0.101099,0.100218,0.243293,0.267009,0.226480,0.303135,0.047629,0.191981,0.040465,0.287231,0.184819,0.055937,0.046020,0.099035,0.266620,0.403087,0.051013,-0.026483,0.142398,0.341786,0.094939,0.087773,0.103243,0.130742,0.119629,0.129545,0.332473,0.083401,0.132480,0.019225,0.113241,0.162720,0.077873,-0.011081,0.039665,0.236821,0.093930,0.193838,0.144009,0.353507,-0.072823,0.168371,0.263823,0.189662,0.023917,0.108123,0.051486,0.288912,0.093874,0.170418,0.096477,0.186399,0.005324,-0.013036,0.343439,0.118280,0.137582,0.069839,-0.028399,0.245843,0.055727,0.278370,0.148248,0.048539,0.191794,0.351047,0.174790,0.125790,0.417560,0.139591,0.298648,0.364701,0.040552,0.373237,0.264260,0.357060,0.069074,0.240301,0.299742,0.187408,0.161958,-0.050708,-0.134306,0.236504,0.131600,-0.054417,0.331623,0.007456,0.130975,0.107183,0.094872,0.134567,0.072601,-0.024358,0.373079,0.235524,0.078103,0.249749,0.271118,0.015103,0.170385,0.161857,0.034102,0.308562,0.272146,-0.075597,0.169781,0.234999,0.188487,0.161276,-0.037363,0.100327,0.045169,0.276318,0.031979,0.314194,0.200753,0.310919,0.016003,0.007904,0.095535,-0.095303,0.111288,0.424217,0.154404,0.266146,0.053861,0.109854,0.225854,-0.016212,0.232395,-0.068668,0.261211,0.087645,0.169997,-0.202028,-0.084829,0.134452,0.403921,0.029857,-0.155492,-0.037783,0.096603,0.245764,0.180072,#
