0,1.000000,0.000666,-0.146585,-0.008524,0.117082,0.133872,-0.112816,0.093689,0.028974,-0.015325,-0.190839,-0.100731,0.222403,-0.309756,0.198898,-0.061086,0.102011,-0.030864,-0.114853,0.327825,-0.229196,-0.032292,0.033121,-0.046709,0.271767,-0.028384,0.365961,-0.033775,-0.031529,-0.093849,-0.135207,-0.094538,0.020659,-0.181519,0.376976,0.027175,0.124285,-0.056249,0.260929,0.160743,-0.140657,0.056575,-0.050666,0.108910,-0.145863,0.132181,0.164205,-0.330532,-0.133967,0.205344,0.342322,-0.023287,0.080387,0.195425,0.076518,0.206835,-0.054420,0.183870,0.028671,-0.150815,0.164339,-0.097438,-0.119432,-0.033628,0.002413,0.122940,-0.167738,0.182584,0.055372,0.135069,0.024510,0.128445,0.037194,-0.196262,0.108812,0.136005,-0.303409,-0.089315,-0.145911,0.069091,0.291012,0.159137,-0.012766,0.048658,-0.162575,0.097024,0.098115,-0.372588,-0.010575,0.123430,-0.025628,-0.185266,-0.276376,-0.156532,-0.156806,0.117278,0.078050,0.019979,0.057656,0.165053,-0.110890,-0.039476,-0.065466,0.046628,0.263368,-0.223617,-0.399029,-0.003321,0.125907,-0.043998,0.284083,-0.148439,-0.056094,0.127924,-0.017006,0.043251,0.025789,-0.036278,0.333340,0.171009,0.010705,0.041636,0.209700,0.115269,-0.109759,0.107710,0.038575,0.144120,0.183214,-0.153676,0.251577,-0.179747,-0.157587,-0.086994,-0.093911,-0.065181,0.200372,0.207804,-0.119655,-0.294494,-0.111275,0.219927,-0.180417,-0.006976,-0.104237,0.077780,0.072044,-0.092034,0.107072,-0.107890,-0.041596,-0.121286,-0.012252,-0.295529,0.063212,-0.040834,0.176028,0.111278,0.035381,0.160007,0.048244,0.254853,0.072185,-0.127582,0.280140,-0.046945,-0.042853,-0.004296,0.180823,0.055848,0.058320,0.008302,0.353655,-0.029977,-0.020752,-0.291411,-0.080740,0.046763,0.142761,-0.005263,-0.140115,-0.043293,-0.139643,-0.057652,0.079738,0.071586,-0.121516,0.087471,-0.017083,0.044084,-0.076342,0.019995,-0.127580,-0.044968,0.130013,-0.081042,0.005218,-0.126582,-0.119958,0.165549,#
1,0.000666,1.000000,0.110842,0.337530,-0.020119,0.034937,0.168368,0.031736,-0.000777,-0.047078,-0.066854,-0.210683,0.032441,0.084482,-0.276166,-0.025480,0.291767,0.092192,0.216698,-0.144491,0.284943,0.174828,0.210333,0.250994,0.158550,0.055072,0.016857,-0.021717,-0.043240,0.009016,-0.162520,0.267785,0.064895,-0.163424,0.074471,0.238432,-0.052640,0.244093,0.110079,0.066657,0.122899,-0.056938,0.107454,0.091328,0.132755,0.194842,0.047572,0.043229,-0.134487,0.064717,0.216507,0.207160,0.165365,0.280496,0.054158,0.266407,-0.252351,0.021133,0.159850,-0.014901,0.251767,0.032521,-0.004187,0.073075,-0.036298,0.096075,0.183240,0.003389,0.251605,0.305179,0.164145,0.108432,0.151193,0.121353,0.053840,-0.195020,0.224365,0.166679,0.123457,-0.057731,0.121038,0.241690,0.140629,-0.033557,0.052110,0.180385,0.047484,-0.178467,0.129728,0.138181,0.029783,0.143146,0.035308,-0.165185,0.114942,0.034997,-0.103414,-0.052877,0.052770,0.252624,-0.047730,0.189358,0.203062,0.175009,0.285120,-0.003242,-0.310615,0.202096,0.107162,0.164073,0.035559,0.153434,0.108824,0.055537,-0.089089,-0.041766,0.248065,0.266005,0.108757,0.022330,0.247696,0.058499,-0.289835,0.201423,0.099637,0.097125,0.289067,0.114376,0.016711,-0.039385,0.011301,-0.128137,-0.079489,0.224795,-0.116899,-0.009604,0.034237,0.099296,0.035300,0.044881,0.023333,0.044862,-0.308909,-0.162156,-0.087433,-0.077832,0.131656,-0.036911,-0.134793,-0.117665,0.013898,0.063132,-0.180256,0.062180,-0.019152,0.038800,0.208600,-0.109582,-0.056197,0.082447,-0.037246,0.192524,0.312456,0.137135,-0.204146,-0.243146,0.045325,0.087046,-0.146697,-0.018279,0.364189,-0.098929,0.116600,-0.062520,0.132971,0.093618,0.047369,0.195906,0.157378,-0.205115,0.033082,-0.227700,-0.057517,0.083715,-0.094649,0.052922,0.032562,-0.094053,0.176510,0.074948,-0.161600,0.283732,0.031413,0.183149,0.223465,0.274655,0.308197,-0.130289,0.008600,0.120869,#
2,-0.146585,0.110842,1.000000,0.046177,-0.091284,0.052673,0.150791,0.185925,-0.183826,-0.021489,0.013010,-0.085180,0.043100,-0.151714,-0.054033,0.044174,-0.031176,0.159012,0.189337,0.152747,0.028895,0.160235,-0.129206,-0.089600,0.006642,-0.091878,0.019920,-0.079436,-0.138514,0.121533,0.013549,0.146372,0.381791,0.288885,0.182920,0.028364,0.111456,0.044997,0.211162,0.259565,0.394499,0.136506,-0.292058,0.034921,-0.001180,0.285373,0.120866,0.090455,0.204221,0.289665,-0.178246,-0.027404,0.003904,0.256147,0.174961,0.095320,0.152112,-0.102176,0.100435,0.035267,-0.040309,0.044860,-0.154438,0.279242,-0.016943,-0.275779,0.383588,-0.191633,0.263230,0.170146,0.150324,0.060921,-0.180079,0.240621,-0.121973,-0.054062,0.053499,0.185812,0.197841,0.254246,-0.001368,0.161485,0.168440,0.133663,0.012949,0.221832,0.033714,0.205443,0.160743,0.113645,0.278853,-0.223576,0.136486,0.039425,0.169017,0.016547,-0.095693,0.128038,-0.166903,-0.037810,-0.061940,-0.183351,-0.257806,0.085655,0.189830,0.118667,0.021730,-0.026837,0.155065,0.032903,0.112767,0.111875,0.087634,-0.119754,0.062060,-0.145917,-0.244983,-0.060123,-0.069624,0.123684,0.348683,0.264194,-0.052794,-0.037626,-0.040216,0.191747,0.175717,0.058050,-0.143438,0.162845,-0.198918,0.216007,0.083984,0.120248,-0.052082,-0.137211,-0.232938,-0.005024,-0.037835,0.187297,0.007431,0.056003,0.084637,-0.114656,0.149723,0.024898,0.111781,0.071727,0.170996,-0.179875,0.204530,0.092692,-0.071842,0.121068,-0.162353,0.139567,0.157136,-0.032433,-0.084165,-0.086985,-0.114711,-0.129970,0.030913,0.064245,-0.041457,0.005523,-0.008632,-0.035355,-0.152949,0.101826,0.208545,-0.171623,0.065390,0.065582,0.038414,0.284453,0.219882,0.104307,0.008811,-0.018326,0.007998,0.168891,0.238543,0.256516,0.005675,0.206303,0.022887,0.207660,-0.036985,-0.024882,-0.124426,0.133880,-0.052016,0.243583,0.181637,0.201352,0.165962,-0.090686,0.107205,-0.028931,#
3,-0.008524,0.337530,0.046177,1.000000,0.138259,0.122009,-0.174629,0.098863,0.083424,0.087380,-0.231138,-0.069542,0.216727,0.204744,-0.203443,-0.140615,0.174171,0.029251,-0.126315,0.017796,0.342390,0.073318,0.098607,-0.114732,0.227549,0.305427,0.166858,0.146503,0.052952,0.058884,-0.159438,0.086042,0.159616,-0.008397,-0.034225,0.097133,-0.175877,-0.030269,-0.073877,0.339256,0.056852,0.136946,0.073556,0.046442,0.180377,0.008665,-0.051974,0.279080,0.018878,0.110641,0.091050,0.159880,0.047131,0.202636,0.320926,0.081343,-0.074182,0.065574,0.182385,-0.008282,0.170386,-0.035189,-0.000142,0.045498,-0.033302,0.291837,0.008192,0.148870,0.145088,0.140701,-0.118102,-0.118643,0.293169,0.158297,-0.019810,0.125089,-0.024546,0.130312,0.207426,0.118668,0.257585,0.344015,0.051303,-0.116990,-0.000416,0.085467,0.025263,0.066855,0.063120,0.022267,-0.062175,0.136210,-0.052778,-0.105073,0.092410,0.137923,0.067334,0.097083,-0.209431,0.248612,0.253100,0.014870,0.068277,0.061501,0.093227,-0.171068,0.038951,0.291668,-0.030475,-0.102335,0.022504,0.323879,0.152276,0.138376,0.052891,0.187108,0.262113,0.291198,0.027058,0.149970,0.037351,0.139940,-0.050929,0.308193,-0.022248,0.265798,0.247519,0.186001,-0.047870,0.243194,0.204798,-0.026881,0.206087,0.133296,-0.086561,-0.182014,-0.020558,0.090912,0.360160,0.196847,0.021835,0.093849,-0.290841,-0.114733,-0.203918,0.139594,0.233646,0.103768,0.148201,-0.314171,-0.060654,-0.048013,-0.118194,0.092732,0.101586,0.000508,0.316714,0.215508,0.101612,0.231605,0.256454,0.408401,0.206579,0.384886,0.018132,-0.132629,0.154708,0.111584,-0.013778,0.171453,0.190258,-0.138630,0.051074,-0.000166,0.108352,0.233146,0.137845,-0.046881,0.049132,0.085388,0.175485,0.182354,0.104156,0.331424,0.156109,0.174374,-0.059400,-0.270613,0.151661,0.056803,0.161818,0.171208,0.219136,0.109118,0.347419,0.352333,0.024373,0.037137,0.000374,0.103354,#
4,0.117082,-0.020119,-0.091284,0.138259,1.000000,0.306884,0.128689,0.019775,0.081109,0.163181,0.047555,-0.139559,0.080703,-0.104916,0.119029,-0.039834,-0.084266,0.010244,-0.213612,-0.049408,0.141495,0.182759,0.249033,0.068267,0.258228,0.018904,-0.049099,0.099545,0.244897,0.221458,-0.114424,0.093669,-0.040301,0.056432,0.139356,0.207505,-0.092186,-0.151677,0.002890,0.219292,-0.093418,-0.083709,0.169773,0.078176,0.249608,-0.163670,0.314207,0.220674,-0.225928,0.001449,0.285382,0.102560,-0.012996,-0.218399,0.186279,0.139195,-0.046735,0.297750,0.152201,-0.220582,0.037148,0.009788,0.208501,0.067100,0.161881,0.411462,0.068281,-0.172506,0.112565,0.079682,0.165582,-0.114576,-0.057493,-0.008988,0.115617,0.016881,0.001323,0.094554,0.073237,0.110080,-0.031521,0.362939,0.059275,-0.084675,0.019462,-0.047753,0.022097,0.131085,0.102796,0.099587,0.006111,-0.213737,0.080583,-0.076643,0.057078,0.149668,0.244596,0.025992,-0.062738,-0.111780,-0.189848,0.270035,0.015967,0.168818,-0.070548,-0.304563,0.099483,0.053674,0.080034,0.338813,-0.157232,0.170310,0.194125,0.223677,-0.093111,0.018057,-0.210611,0.319292,0.028877,0.120092,0.020203,0.086641,-0.038704,0.075935,0.058059,0.028897,0.224955,-0.052176,0.117665,0.111624,0.189553,0.113267,0.060440,0.136992,0.086720,-0.279259,-0.104408,0.341065,0.128008,0.191259,-0.014430,0.204606,-0.068687,0.131365,-0.047130,0.147435,-0.001174,0.199750,0.092003,-0.003125,-0.042595,0.028535,-0.001328,-0.268794,0.253883,-0.073929,0.206891,0.369170,0.124967,0.069043,-0.033598,0.236111,-0.060151,0.150712,0.034522,-0.205760,0.219714,-0.059017,-0.065646,-0.077330,0.150028,0.024434,0.098664,-0.114059,-0.223894,0.016986,0.217722,0.136818,0.098926,0.286621,0.126851,-0.167700,-0.018063,0.101255,0.097065,0.319699,0.101136,0.056096,0.163036,0.305531,0.219949,0.038734,0.341104,0.060883,-0.018518,0.007615,-0.190169,-0.034501,-0.036401,0.108587,#
5,0.133872,0.034937,0.052673,0.122009,0.306884,1.000000,0.157443,0.122351,0.120728,0.032601,-0.088056,-0.059221,0.117543,-0.168797,0.133187,0.010128,-0.023815,0.076927,0.027326,0.163680,0.035055,0.033013,0.049612,0.059745,0.299615,0.138287,0.128078,0.028104,0.185560,0.227443,0.053315,0.073522,0.105841,0.206381,0.119496,0.010418,0.067521,0.026644,-0.064435,0.183903,-0.015446,0.138371,0.282330,0.066463,0.130434,0.305606,-0.060888,0.054434,-0.246690,0.138392,0.107488,0.070605,-0.083841,-0.092047,0.337432,0.088773,-0.084878,0.069756,0.196934,-0.001914,0.178034,-0.179369,0.077397,0.181292,0.106615,0.249640,-0.129420,-0.051474,-0.059755,-0.054470,0.249369,0.100606,-0.072284,0.262544,0.179059,0.132393,-0.141140,0.269430,0.172064,0.135286,-0.032285,0.186945,0.058277,0.046472,0.017702,-0.160743,0.049746,0.033407,0.049707,-0.070988,0.369769,-0.100434,0.012434,0.086117,0.251698,-0.072742,0.294342,0.132764,-0.014616,-0.103860,0.043342,0.014462,0.108874,0.176963,-0.002605,-0.086928,0.119994,-0.075818,-0.030449,0.185042,0.078600,0.003749,0.332900,0.125407,0.010716,-0.091558,0.292180,0.267692,0.135889,0.320318,0.080405,0.073339,-0.198325,0.132674,-0.080045,0.066934,0.195490,-0.001659,0.061008,-0.103818,0.109313,0.058768,0.016629,0.141970,0.176728,-0.075709,-0.190161,-0.032277,-0.055355,0.121716,-0.222764,-0.116372,-0.074480,0.058815,0.174226,0.185988,0.069842,-0.011549,0.079779,-0.089094,0.230271,-0.048036,0.337508,-0.155103,0.200693,-0.025840,0.151568,-0.016554,-0.008583,0.102035,-0.007975,0.201344,0.033967,0.010572,-0.025365,-0.209023,-0.052218,0.038665,-0.003006,0.091893,0.086877,0.095294,-0.070759,0.036021,-0.099117,0.279590,0.300288,0.071360,0.137915,0.209451,0.252411,-0.143224,-0.125155,0.126546,0.116870,0.360243,0.220327,0.059401,0.132400,0.142669,-0.058465,0.130045,0.165283,0.106597,0.249126,0.132373,0.013877,0.173148,-0.040880,0.205643,#
6,-0.112816,0.168368,0.150791,-0.174629,0.128689,0.157443,1.000000,-0.064595,-0.097887,0.037649,0.260592,-0.117469,-0.132331,-0.195151,-0.313002,0.287325,0.345916,0.173723,0.178381,-0.055280,-0.113722,-0.204541,0.035843,-0.047762,0.065680,0.008047,-0.011949,-0.046327,-0.070291,0.011581,-0.037421,0.201109,-0.141048,-0.020777,0.161504,-0.026597,-0.108737,0.130179,-0.093123,-0.033615,-0.018409,0.095598,0.193408,-0.013345,-0.050482,0.056439,0.010032,0.003632,-0.314766,-0.077300,-0.098191,-0.112877,-0.113237,-0.191586,-0.011569,0.065990,-0.200158,0.030456,-0.166593,0.082433,0.053133,0.168382,-0.190874,0.002977,0.341677,0.007154,0.131942,-0.105692,0.002887,-0.098966,0.180789,0.085223,-0.233809,-0.020611,0.155343,-0.065435,0.304066,0.102561,0.177182,0.128069,-0.191943,0.121701,-0.035429,0.035979,0.066837,-0.079124,0.055943,-0.088392,-0.095325,-0.219711,-0.126641,-0.057038,0.127171,-0.277606,0.131320,-0.014191,0.261147,0.016114,-0.144230,0.016776,-0.063693,0.009686,-0.134244,-0.011145,0.092597,-0.008732,0.012403,0.035303,0.265846,0.031976,0.031013,-0.048010,0.125806,0.296875,0.068374,0.166810,-0.008699,0.057637,-0.015864,-0.080496,-0.066135,0.146835,-0.392923,-0.289089,0.139576,-0.055647,0.068647,-0.157454,0.102219,-0.071640,0.115621,0.055919,0.185123,0.089480,0.165398,-0.032769,0.028076,-0.114335,0.036781,-0.010931,0.041515,-0.112754,-0.001503,-0.196902,-0.011132,0.127669,-0.075144,0.279737,0.006994,-0.025444,0.128231,-0.091737,-0.085330,0.100831,0.114091,0.064718,-0.145192,-0.171155,-0.263885,-0.099835,-0.125009,-0.008724,0.014662,0.021795,-0.264647,-0.081446,0.011640,0.129324,-0.054027,-0.108575,-0.184071,0.270106,-0.314984,0.050745,0.007180,0.114117,0.200991,0.062859,0.084700,-0.084127,0.121431,-0.099765,-0.084707,-0.074223,-0.067137,-0.033773,0.098824,-0.213827,0.106804,0.033708,0.002549,0.121357,-0.150273,0.204119,0.027175,-0.037771,0.023050,-0.150868,0.062383,0.004210,#
7,0.093689,0.031736,0.185925,0.098863,0.019775,0.122351,-0.064595,1.000000,0.022658,0.069807,-0.378721,-0.165482,0.308654,-0.079270,-0.014445,0.082656,-0.027679,0.225983,0.114177,0.139094,0.112593,0.072396,0.155402,-0.038286,-0.014901,0.134964,0.012872,-0.192789,0.082663,0.015490,0.038676,0.068012,0.171753,0.082827,0.111262,0.082688,-0.178680,0.117592,0.422516,0.213520,0.076270,0.227069,-0.048049,-0.109593,0.003611,0.242777,0.221347,0.240544,0.260788,0.254311,0.037741,0.109402,-0.015306,-0.045326,0.156984,-0.023934,0.044757,-0.241259,0.248746,0.190724,0.110451,0.156681,0.031974,-0.095289,0.136769,0.026169,-0.033480,0.003062,-0.326091,0.018289,0.128439,-0.107331,-0.014863,0.073897,-0.099593,-0.196288,-0.088952,0.073313,0.099803,0.137274,0.125432,0.061179,0.091943,0.107525,0.076147,0.209856,-0.166371,0.163076,-0.047079,0.082302,0.193147,-0.191704,0.132097,0.014561,0.334526,0.205486,0.049381,0.146530,0.180250,0.028650,0.027885,0.044210,-0.362432,-0.170929,0.225446,-0.026447,-0.253393,0.220657,0.121533,-0.323642,0.003448,-0.006448,0.259210,0.029779,0.328649,0.148369,-0.091023,-0.062907,0.091881,0.326696,0.041015,0.162802,0.154032,0.049445,-0.088149,0.214454,0.010976,0.247289,0.033149,0.248355,-0.182904,0.003948,0.099415,-0.293037,-0.125953,-0.193013,-0.191934,0.166649,0.096076,0.058270,-0.099908,0.019698,-0.046686,-0.127078,0.134411,0.273369,-0.018773,0.011276,-0.103091,-0.019405,-0.121931,0.184391,-0.069051,-0.057086,0.197947,0.345415,0.158094,0.196427,-0.076344,-0.119993,0.074188,-0.004779,0.135405,0.087492,-0.056397,-0.044549,-0.160435,-0.204724,-0.120579,-0.101620,0.174484,-0.005068,0.243403,0.101145,0.142510,-0.072494,0.039612,-0.009384,-0.062362,0.007279,0.148455,0.106690,-0.187978,0.164207,0.292034,0.244207,0.130983,0.183653,0.130178,0.204787,0.123500,0.074917,-0.052208,-0.064197,0.070114,0.110805,0.085042,0.066347,-0.103647,-0.056367,#
8,0.028974,-0.000777,-0.183826,0.083424,0.081109,0.120728,-0.097887,0.022658,1.000000,0.039739,-0.056784,0.213932,0.132051,0.101549,0.020400,0.114543,0.083365,-0.164463,-0.147873,-0.128111,0.163740,-0.056239,0.092082,0.043031,0.003990,0.115116,-0.009645,-0.192347,-0.007834,-0.060940,0.041314,-0.094388,0.037669,-0.023470,0.047079,0.427248,-0.008714,-0.044874,-0.085073,-0.035327,-0.074633,-0.055171,0.220075,0.269806,0.037535,-0.164047,-0.083257,-0.196716,-0.028528,0.112678,0.007285,0.076901,0.254037,-0.122954,-0.130172,0.136733,-0.073527,0.083879,-0.054937,-0.082982,0.136280,0.055214,0.045402,0.178701,-0.006057,0.196433,0.011777,0.103903,0.054791,0.023318,0.145868,0.322385,0.152960,-0.065919,0.004090,-0.234940,0.000987,0.078560,0.191023,0.249669,-0.063176,0.043536,-0.078263,0.001932,-0.008613,-0.029074,0.072817,-0.095447,-0.237097,-0.254760,0.028149,-0.180034,-0.146084,-0.059000,-0.231323,-0.112249,0.267464,0.215251,0.231141,0.112660,-0.130833,-0.227730,0.229474,0.285899,-0.177270,0.060280,0.040258,0.152738,-0.109426,0.306979,-0.105120,-0.059777,-0.059103,0.001581,-0.073880,0.071595,0.334171,0.000304,-0.222141,0.108914,0.003068,-0.027775,0.088656,0.236190,0.061842,0.171494,-0.096812,-0.025990,0.230831,0.197103,-0.094068,0.132224,0.084170,-0.243306,-0.157716,0.246331,-0.001805,0.050975,0.049490,-0.087168,-0.115387,-0.142844,-0.064986,-0.298273,-0.007366,0.172490,0.116251,0.168764,-0.063983,-0.015361,-0.052794,0.262882,-0.059520,0.195521,0.269358,0.014755,0.087950,0.195822,0.269633,-0.281334,0.165122,-0.026926,-0.112212,-0.249174,-0.087900,-0.148525,-0.037524,0.136890,0.226600,-0.044135,-0.049110,0.159069,-0.156884,0.021780,0.173740,0.033813,0.069268,0.073443,0.136575,0.198516,0.287185,-0.011499,0.123950,-0.008554,-0.056615,-0.071912,0.040118,0.134098,-0.127814,0.038993,0.121447,-0.025392,-0.050967,0.053465,0.074896,-0.079174,-0.261225,0.067839,-0.118576,0.138326,#
9,-0.015325,-0.047078,-0.021489,0.087380,0.163181,0.032601,0.037649,0.069807,0.039739,1.000000,0.058721,-0.104090,-0.020040,-0.101730,0.137854,-0.123984,-0.146987,0.223851,-0.286734,-0.097498,0.018545,0.082235,-0.090413,-0.046922,0.179737,0.064785,0.288614,0.015852,-0.010803,-0.106157,-0.164812,-0.057549,-0.010024,-0.033476,-0.045429,0.090912,-0.064109,-0.053937,0.044018,0.061456,-0.105812,0.013622,-0.119805,0.110062,-0.102456,-0.060335,-0.022494,0.114467,0.181410,0.223838,-0.093045,0.164520,-0.056028,-0.222208,-0.165599,-0.083205,0.055161,-0.022816,-0.205270,0.200550,0.100161,0.115888,-0.064315,-0.050910,-0.065509,0.149199,-0.032487,-0.200812,-0.114222,-0.005750,0.168624,0.080591,0.070672,0.010850,-0.080925,0.016167,0.000600,0.090078,-0.000881,0.129831,0.056015,0.111867,-0.126633,-0.059200,0.108396,0.031150,0.215384,-0.064344,-0.093455,0.226596,0.281698,-0.162762,0.209436,-0.050750,0.165053,0.064037,-0.079368,0.028960,0.096757,0.232369,-0.027294,0.041053,-0.208378,-0.191553,-0.050005,0.040433,-0.077450,0.200850,-0.061966,-0.173005,0.003305,0.313734,0.217312,-0.055532,0.121191,0.192445,0.014052,0.174617,0.256456,0.116608,-0.087783,0.096665,-0.002771,-0.035214,0.120033,-0.038425,0.035580,0.043398,-0.112659,-0.141983,-0.125059,0.091803,-0.024156,0.023814,0.087856,-0.280075,-0.061149,0.143897,0.032435,0.186957,0.134930,0.235079,0.164443,0.210700,0.164801,0.130342,-0.096872,0.279471,-0.049184,-0.013310,-0.060668,0.104818,0.047402,-0.089835,-0.123973,-0.073712,0.082364,0.142469,0.310700,0.047692,-0.243831,0.065192,0.155331,0.156507,-0.205782,-0.205411,-0.081544,0.377311,-0.067675,0.141343,0.008276,-0.117636,-0.007910,-0.146797,-0.033686,0.115117,0.214469,0.180151,0.107217,0.152703,-0.025511,0.156700,0.117751,-0.001536,0.118119,0.129394,0.046001,0.070675,0.064728,0.147508,-0.176742,-0.195495,0.045424,-0.021225,-0.158313,-0.086806,-0.220731,-0.006197,-0.072117,-0.130104,#
10,-0.190839,-0.066854,0.013010,-0.231138,0.047555,-0.088056,0.260592,-0.378721,-0.056784,0.058721,1.000000,-0.042871,-0.155775,-0.096075,-0.321567,0.221185,0.047984,0.025095,0.173292,-0.280125,-0.021692,0.113197,-0.311182,0.028291,0.011607,0.030242,-0.193913,0.008038,0.146795,0.069668,-0.161572,-0.002694,-0.068409,-0.085479,-0.094031,-0.178457,0.134161,-0.094490,-0.360237,-0.210817,0.016472,-0.298127,-0.037985,0.020560,-0.026689,-0.057400,0.122521,0.056868,-0.272939,-0.107009,-0.166781,-0.033808,0.157675,-0.100579,-0.114731,0.117872,0.013212,0.072378,-0.216593,0.011702,0.002804,-0.014989,0.051355,0.231644,-0.063807,-0.010019,0.074750,-0.240361,0.036525,-0.285340,0.012846,0.124141,-0.332458,0.091554,-0.091337,0.040907,-0.101998,-0.101538,0.307518,-0.260098,-0.119487,-0.205027,0.079958,-0.097930,-0.053405,0.100750,0.151188,0.003830,-0.087452,0.069987,0.014426,0.065956,0.042241,-0.206716,0.006538,-0.017183,0.275760,0.045763,0.061811,-0.065352,0.098623,-0.016304,-0.004090,-0.028779,-0.429968,0.135521,0.227435,-0.149252,0.000202,0.249731,0.198584,-0.041310,-0.090801,0.102191,-0.051142,0.062232,-0.105780,-0.077947,-0.046211,-0.153930,0.016268,0.165281,-0.316274,-0.363909,-0.015203,0.054317,0.278196,-0.093188,-0.159146,-0.115561,0.055563,0.160627,0.111008,-0.032387,0.134592,-0.060807,-0.153585,-0.042557,-0.017708,0.062362,-0.018803,0.055245,0.379847,0.136398,0.176905,0.116867,-0.245841,0.060632,-0.094278,0.225254,0.124739,-0.068831,-0.037316,0.160130,0.008558,-0.023489,-0.140014,-0.150817,0.056963,-0.111711,-0.150222,0.040119,-0.092241,0.064666,-0.339296,0.045073,0.086246,0.096128,0.093445,-0.061135,-0.362177,0.164538,-0.143319,0.020572,-0.007032,0.156145,0.080597,0.011923,-0.012466,0.153560,-0.149955,-0.181243,0.076870,0.030008,-0.082696,-0.042397,0.155263,0.101992,0.018439,0.099067,-0.175248,0.112622,-0.072280,0.234084,-0.094228,-0.129106,-0.177429,-0.101175,-0.022006,0.123845,#
11,-0.100731,-0.210683,-0.085180,-0.069542,-0.139559,-0.059221,-0.117469,-0.165482,0.213932,-0.104090,-0.042871,1.000000,-0.081136,0.082851,0.020122,-0.013953,-0.280861,-0.063267,-0.021570,-0.111649,-0.034421,0.015551,-0.063658,-0.036876,-0.034496,-0.013377,-0.197021,-0.005129,-0.080944,0.002380,0.247167,0.113697,0.102287,0.013908,-0.097129,-0.056171,-0.018125,-0.003167,-0.125818,-0.135883,-0.002996,-0.120949,0.075327,-0.007024,0.021899,-0.324248,-0.082170,-0.065558,-0.018872,-0.126565,-0.280739,-0.248143,0.030001,0.105763,0.033151,-0.013968,-0.147069,0.253509,-0.047987,0.263009,0.000684,0.003326,0.085980,0.094833,-0.081415,-0.212110,0.082885,0.234668,-0.094968,0.140092,-0.362328,-0.003192,0.089427,-0.159695,0.271032,0.116320,0.037683,0.170841,0.130442,0.002049,-0.098648,-0.108807,-0.060685,0.020312,-0.206995,-0.246526,0.126589,-0.001190,0.124929,-0.070996,-0.182164,-0.073139,-0.004774,0.131693,-0.348221,0.001552,0.087574,0.182995,0.170617,0.047454,0.017659,-0.046257,-0.136190,0.105774,-0.108806,0.162701,0.087079,0.138162,-0.244629,0.160963,0.052136,-0.012092,-0.213149,0.109712,0.098453,-0.103535,-0.081181,0.204958,-0.136799,0.220097,0.082938,-0.156751,0.007630,0.339443,-0.006539,-0.164247,-0.170030,0.136453,0.376868,0.088895,0.119027,0.079689,0.218757,-0.032865,0.102252,0.383184,0.084802,0.133558,-0.095347,0.105748,-0.067114,-0.366282,0.179852,0.173373,-0.074563,-0.079007,-0.042471,-0.079442,-0.260489,-0.321781,0.001289,0.042437,0.025834,0.224378,-0.122947,0.008022,-0.208954,-0.094801,0.101833,0.014117,-0.135052,0.007622,-0.299005,0.117318,0.099613,0.109768,-0.013017,-0.044350,0.096677,-0.051960,0.093650,0.055090,-0.080168,-0.177780,-0.079467,0.115570,-0.029771,-0.084892,0.100898,0.069416,-0.159510,0.007374,0.006293,0.049737,-0.001156,-0.195547,0.074562,-0.013006,-0.205547,-0.190102,0.090912,0.159726,0.139355,0.035850,0.036220,0.050846,-0.255950,0.094141,0.066632,0.089405,#
12,0.222403,0.032441,0.043100,0.216727,0.080703,0.117543,-0.132331,0.308654,0.132051,-0.020040,-0.155775,-0.081136,1.000000,-0.124101,-0.008372,-0.253265,-0.000753,-0.031083,0.030491,-0.011672,0.136429,0.185174,0.113077,-0.250257,0.298930,0.072879,0.001558,-0.247934,0.027184,0.043225,0.096621,-0.251838,0.087213,-0.090697,0.367059,0.212636,-0.017084,0.010030,-0.063813,0.020011,0.133896,-0.175086,-0.021730,0.144570,0.112317,-0.027864,0.258269,0.166529,0.134465,0.255236,0.006067,-0.012104,0.060582,0.046121,0.209002,0.058442,-0.168316,-0.218972,0.174393,0.015011,-0.095205,0.191232,0.103014,0.071035,-0.067678,0.086017,-0.147969,0.055735,0.069880,0.067308,-0.010483,0.016444,0.201088,0.081026,0.088092,0.210921,-0.034682,0.192622,0.047389,0.306726,0.218482,0.204201,0.180442,-0.227450,0.143158,0.063086,-0.034780,0.147827,0.019762,0.215316,0.214193,-0.059606,0.101806,0.256217,0.030978,0.151593,0.049641,0.103845,0.053132,-0.049936,0.207199,-0.076744,-0.039394,-0.173637,0.089384,0.127997,-0.092581,0.279799,-0.075922,-0.144582,0.233346,0.019667,0.040131,-0.011361,-0.083540,-0.138403,-0.114685,0.038898,0.119321,0.151533,0.236023,-0.011981,0.057637,0.222197,0.038613,0.474276,-0.116358,0.123113,-0.036723,0.103983,-0.334948,-0.137207,0.276474,-0.223776,-0.139720,-0.007854,-0.163083,-0.137106,0.136851,-0.170206,-0.147533,-0.171331,-0.239231,-0.033089,-0.143193,0.114216,0.074082,0.191428,-0.081383,0.119011,0.193374,0.020042,-0.034872,-0.044479,0.077055,-0.054986,0.267049,0.280654,0.117908,-0.218506,0.118754,0.261101,0.119038,-0.070852,0.073174,0.045422,-0.103745,-0.069195,0.219530,-0.060089,0.108197,-0.161935,0.222307,-0.092859,0.074373,0.095341,0.139676,0.039824,-0.344635,-0.002654,-0.032340,0.141809,-0.178105,0.214230,0.004691,0.077914,0.146566,0.059220,-0.070287,-0.228399,-0.101985,-0.061507,-0.120029,-0.079739,0.076570,-0.002427,0.040387,-0.024112,-0.291336,0.141677,#
13,-0.309756,0.084482,-0.151714,0.204744,-0.104916,-0.168797,-0.195151,-0.079270,0.101549,-0.101730,-0.096075,0.082851,-0.124101,1.000000,0.027293,0.032180,-0.011454,-0.129556,0.018348,-0.339827,0.128500,0.080288,0.287247,0.200045,-0.200892,0.338746,-0.066535,0.122920,-0.027485,-0.066503,0.012084,-0.000805,-0.071313,0.034936,-0.112205,-0.001427,0.033586,0.079836,-0.173962,-0.062711,0.109286,-0.001754,0.235724,-0.200729,0.243624,0.059415,-0.255350,0.023500,0.158487,-0.171553,-0.199972,0.081106,0.001585,0.028317,0.068171,-0.011015,0.048773,0.121877,0.111401,-0.023128,-0.076166,0.258141,-0.064138,-0.038192,-0.057192,0.003135,0.172168,0.157102,-0.043213,0.235083,-0.184119,-0.131527,0.196547,0.045598,-0.069284,0.185986,0.115706,-0.112246,0.024566,-0.009386,-0.230489,0.065491,0.023555,0.115118,-0.314091,0.066105,-0.089451,0.157537,0.265054,-0.103045,0.085805,0.262836,0.262856,0.019894,-0.095132,-0.004599,-0.037303,0.044339,-0.023576,0.128167,-0.016335,-0.028401,0.037844,0.042766,-0.169144,-0.081218,-0.110394,0.117437,-0.249620,0.019956,-0.290801,0.000840,-0.038372,-0.079099,0.219112,0.025720,0.138260,0.020066,-0.224816,-0.072000,0.070715,-0.096691,0.152801,0.192588,-0.000171,-0.147387,-0.009021,0.011913,-0.028585,0.266019,-0.148400,-0.186195,-0.120429,0.089147,-0.119695,0.153211,0.145825,-0.100105,0.140039,0.185844,0.025019,-0.164226,-0.116494,0.033638,-0.132988,0.115417,-0.001446,0.071674,0.076802,-0.096581,-0.044332,-0.083698,0.023524,0.238011,-0.129567,-0.134257,-0.139713,-0.247949,-0.054765,0.076615,0.063334,-0.107981,0.158318,-0.125158,-0.109845,-0.002604,-0.021940,0.283165,-0.148854,0.162552,-0.046937,0.056274,-0.282827,0.216988,0.061760,0.139751,0.103027,-0.165070,-0.009769,-0.118072,0.225955,-0.150483,-0.007984,0.109449,-0.275190,0.032539,0.002974,-0.230736,-0.076374,0.118459,0.145437,0.009769,0.102258,-0.017317,0.017832,0.138726,-0.160563,0.433695,0.004827,0.131473,#
14,0.198898,-0.276166,-0.054033,-0.203443,0.119029,0.133187,-0.313002,-0.014445,0.020400,0.137854,-0.321567,0.020122,-0.008372,0.027293,1.000000,-0.119162,-0.105161,0.158921,-0.223137,0.090917,-0.214604,0.007473,0.110107,0.179372,-0.152387,-0.073000,-0.002808,0.234376,-0.025299,0.058052,0.385106,0.002381,0.040326,0.065629,0.043870,0.002341,0.242161,-0.090126,0.213320,-0.070882,-0.136905,0.058716,-0.116665,0.028184,0.020763,0.101930,0.047453,-0.120184,0.069832,-0.017238,0.089419,0.069623,0.090518,-0.140641,0.017994,0.177022,0.295677,0.028556,0.189691,-0.205394,0.008468,-0.221911,0.194034,0.037121,-0.032914,0.007434,-0.128934,-0.095301,0.027487,0.046002,0.215762,0.035034,0.151411,0.074634,0.180807,0.187256,-0.070405,-0.069826,-0.257585,-0.062548,-0.019357,0.047982,0.123667,0.147232,-0.074166,-0.089919,-0.031559,0.118356,0.067518,0.307866,0.269835,-0.143075,0.085922,0.272133,-0.055898,-0.107014,-0.169071,-0.021591,-0.088042,-0.030019,-0.296369,-0.012934,0.098651,0.109746,-0.036993,-0.041798,0.005029,-0.113788,0.086520,0.054336,-0.250177,0.110621,0.219591,-0.054165,-0.009543,-0.188097,-0.010428,-0.074672,0.002212,0.185400,-0.000244,-0.149450,0.269049,0.219191,0.072185,-0.162029,-0.186381,0.031925,-0.003491,-0.003058,-0.076227,-0.077348,-0.112887,0.071505,-0.042733,-0.266659,0.139032,0.121924,-0.122313,0.088948,0.062748,0.122718,0.140923,0.320287,0.117181,0.068553,0.051781,-0.082566,0.092765,-0.138435,0.341181,-0.079682,0.248849,-0.163876,-0.051537,-0.127806,0.133093,0.004675,0.076068,0.156415,-0.076544,-0.098812,0.000262,-0.164517,0.376127,0.090012,-0.126021,0.109368,0.100671,0.009193,0.136101,-0.272713,-0.072708,-0.046255,-0.244661,0.017050,-0.113860,0.128724,0.106809,0.116358,0.066884,0.029731,-0.031745,-0.055642,-0.007453,0.157613,-0.005929,0.136586,-0.138400,0.125601,0.072254,0.074879,0.069062,-0.145426,-0.163984,-0.027909,-0.137851,0.114035,-0.188331,-0.202753,#
15,-0.061086,-0.025480,0.044174,-0.140615,-0.039834,0.010128,0.287325,0.082656,0.114543,-0.123984,0.221185,-0.013953,-0.253265,0.032180,-0.119162,1.000000,0.222803,0.087994,0.205848,0.103315,-0.090834,-0.186699,-0.150504,0.272739,0.046968,0.229059,-0.162407,0.053480,-0.201864,-0.116077,0.002706,0.315258,-0.023320,0.124147,0.080454,-0.012910,0.074994,0.094231,-0.124309,-0.008252,0.005133,-0.038332,0.044223,-0.033840,-0.149047,0.104204,0.138737,0.150792,-0.072840,0.015534,-0.053304,-0.019205,0.191639,-0.050263,0.023082,0.217714,0.100915,0.063891,-0.207061,0.360550,0.196017,0.140073,0.122643,0.071635,0.284582,-0.247267,0.135957,0.041187,-0.097082,0.000145,0.054005,-0.137511,-0.120063,0.269713,0.086391,-0.187222,-0.120010,-0.018487,0.175086,-0.065730,-0.174523,0.156727,0.133505,0.178199,0.074225,0.218887,-0.100819,0.035282,-0.035432,-0.237320,-0.048365,-0.023204,0.061224,-0.141083,-0.129452,-0.106962,0.128661,0.280489,0.089693,0.006888,-0.120194,0.132923,-0.154654,0.179571,0.062040,-0.085862,0.051423,-0.052692,0.008170,0.196486,-0.064102,-0.073873,0.138423,-0.055868,0.297533,0.212386,-0.125304,-0.162874,-0.022888,0.030551,-0.169068,0.245323,0.008231,-0.154948,-0.111898,0.040577,-0.004583,0.170137,0.057857,0.112818,0.148338,0.020101,-0.074046,-0.101056,0.132516,0.186992,0.010623,0.053535,-0.054955,0.115252,0.005269,-0.200774,0.153294,-0.112214,0.072957,0.058785,0.068074,-0.064718,0.032649,-0.137610,0.141689,0.369800,0.178670,0.097272,0.065258,0.221880,-0.159308,-0.199518,0.106553,-0.108204,0.068624,0.042763,0.059059,0.225928,0.026297,0.046355,-0.004538,-0.162617,0.114543,0.019221,-0.189950,0.229597,-0.040950,0.343359,0.093166,-0.026509,0.097217,-0.049620,0.252580,0.056471,-0.015484,-0.126100,-0.055780,0.016221,0.203828,0.050240,-0.083157,-0.082448,0.136665,0.159482,-0.050516,0.192994,-0.127373,0.413021,-0.006827,0.144937,-0.109503,0.043711,0.202774,-0.006430,#
16,0.102011,0.291767,-0.031176,0.174171,-0.084266,-0.023815,0.345916,-0.027679,0.083365,-0.146987,0.047984,-0.280861,-0.000753,-0.011454,-0.105161,0.222803,1.000000,0.119634,0.287701,0.121208,0.093314,-0.428434,0.205107,-0.039693,-0.123699,0.130106,-0.068593,0.125582,-0.128645,-0.008464,0.167559,0.257273,-0.092236,-0.241568,0.134764,0.060288,-0.077788,0.246398,0.121328,0.205877,-0.023904,-0.081333,0.134165,-0.052796,-0.078227,-0.007553,0.052350,-0.005799,-0.129128,0.145350,0.124139,0.047626,-0.045427,0.047266,-0.040625,0.149954,0.054295,0.082477,0.088301,0.074089,0.082156,0.067176,0.018298,0.023028,0.251232,0.157343,0.004251,0.369071,0.176785,-0.035702,0.128402,0.108439,0.001664,0.232188,0.042872,-0.016714,0.018848,0.020567,0.125820,0.165613,0.231315,-0.058672,0.177574,-0.045116,0.150705,0.121601,-0.013327,-0.030189,-0.168325,-0.068285,-0.283394,0.127627,0.085856,-0.221157,0.035477,0.044998,-0.118423,-0.091595,-0.176989,0.175131,-0.051723,0.134420,0.174464,0.052526,0.223200,-0.152270,-0.169612,-0.041609,0.413078,-0.005501,0.025389,0.013558,0.208973,0.271552,0.124733,-0.049458,0.209178,-0.183957,-0.003163,0.032966,-0.254480,0.097502,-0.081524,-0.198391,0.191484,0.004543,0.032561,0.067495,-0.099599,-0.090280,0.106538,-0.045722,0.040551,0.261448,-0.055390,-0.013826,0.146946,0.007697,0.193220,-0.275092,-0.106950,0.062241,-0.116749,-0.150925,-0.030711,-0.139857,0.200883,0.108333,0.004043,-0.058601,0.079860,-0.035584,-0.209889,0.020072,-0.008314,0.115239,-0.110935,-0.106138,-0.116080,0.086649,0.210829,-0.036704,0.162419,-0.015201,0.101807,-0.055706,-0.051703,0.184070,0.083365,0.110039,-0.354452,0.217393,-0.130800,0.240736,0.103924,-0.170968,0.026350,0.119103,0.087378,0.079096,0.176006,0.060452,-0.131789,0.292323,-0.099902,-0.174420,0.027042,-0.076994,0.199214,0.106663,0.146050,0.209388,-0.264443,0.111285,0.097159,0.253664,0.031480,-0.232170,0.039171,0.041303,#
17,-0.030864,0.092192,0.159012,0.029251,0.010244,0.076927,0.173723,0.225983,-0.164463,0.223851,0.025095,-0.063267,-0.031083,-0.129556,0.158921,0.087994,0.119634,1.000000,0.017272,0.104155,-0.130377,0.015447,0.055181,-0.075476,0.130470,-0.077980,-0.124692,0.110431,-0.116273,-0.065675,0.110834,0.210078,-0.241319,-0.147042,-0.039058,-0.366023,-0.039290,0.239835,0.384159,0.029638,0.138328,0.191269,-0.031562,0.077635,0.096839,0.326090,0.082982,0.082241,0.059770,0.107670,-0.079578,-0.065920,0.098539,0.051888,0.135193,0.221543,0.153379,-0.084622,0.087374,0.067506,0.193468,-0.145524,0.251842,-0.075290,-0.116565,-0.034645,0.234089,-0.090532,0.095750,-0.087929,0.305256,-0.062856,-0.085150,0.382904,0.127800,-0.031389,-0.260619,0.123417,0.187690,0.007517,-0.018959,0.225036,-0.015614,0.306043,-0.104239,-0.103615,0.249308,-0.110093,-0.154386,0.106802,0.051697,-0.006322,0.188328,0.061150,0.184495,0.034269,-0.129077,-0.079801,0.107376,0.335640,-0.140626,0.029546,-0.116446,-0.206962,-0.049271,0.136461,-0.095320,0.126279,0.068910,0.014376,0.034932,-0.081510,0.300591,0.190913,0.299840,0.015810,-0.123001,0.095536,0.130627,0.166877,-0.056618,-0.019419,-0.242342,-0.074167,0.089873,0.148610,-0.020080,0.225242,0.100024,0.030558,-0.000664,0.168666,0.050978,-0.041225,-0.101675,-0.090815,0.219640,0.037265,-0.212102,0.142408,0.059153,0.027456,0.224562,0.105006,0.046989,0.010016,-0.252823,-0.194181,-0.058264,-0.069419,0.177182,0.058860,-0.027803,0.067732,-0.043480,0.141317,0.145355,-0.198392,0.075477,0.014908,-0.029613,-0.001960,0.234406,0.065617,-0.145833,-0.270864,-0.273465,-0.014421,-0.006398,-0.051579,0.002914,0.009698,-0.076860,-0.191553,0.001926,0.075160,0.126871,0.060876,0.185335,0.097193,-0.119329,0.040198,-0.018084,0.113524,-0.043357,-0.131391,0.231732,0.093809,0.088719,-0.109408,-0.072145,0.009933,-0.174249,-0.161464,-0.208528,0.257730,0.030025,-0.114582,-0.061787,-0.169739,#
18,-0.114853,0.216698,0.189337,-0.126315,-0.213612,0.027326,0.178381,0.114177,-0.147873,-0.286734,0.173292,-0.021570,0.030491,0.018348,-0.223137,0.205848,0.287701,0.017272,1.000000,0.048735,0.139394,0.221442,-0.121095,0.094947,-0.166786,-0.039137,-0.176895,-0.109417,0.062959,-0.111352,0.028312,0.143504,0.025381,0.124981,0.010969,0.092446,-0.230731,0.348179,0.032724,-0.094295,0.337702,-0.171373,0.239667,-0.210667,-0.030530,0.067050,0.262576,0.209295,0.041635,-0.074313,-0.160932,0.071299,0.060548,0.068208,0.121391,0.086529,-0.078209,0.050210,0.132264,0.065699,0.136080,0.021575,-0.070124,-0.062328,0.121120,-0.015652,0.162508,-0.077182,-0.003487,0.105175,-0.030584,0.032207,-0.050516,0.082386,-0.110984,-0.159147,-0.286933,0.128600,0.069152,-0.089501,-0.078782,-0.214013,0.219219,-0.062765,0.114081,0.248413,-0.331174,0.110887,-0.067522,0.007930,-0.096354,0.078168,0.047001,0.100186,0.196368,0.011520,0.006836,-0.067212,0.056664,0.045176,0.112153,0.064003,-0.050246,-0.088891,0.202310,0.240685,-0.120220,0.216599,0.135815,-0.040767,0.018407,-0.020341,-0.059753,-0.098565,0.065041,-0.047325,-0.177202,-0.208174,0.024602,0.173582,0.074000,-0.211194,-0.106098,-0.028825,0.097670,0.013416,0.084132,0.090303,0.109146,-0.068497,-0.028998,0.090922,-0.053219,-0.109861,-0.140208,0.164288,-0.057163,-0.022419,0.185296,-0.107820,-0.266954,-0.004101,-0.190478,-0.141379,0.084560,0.004568,0.078981,-0.029384,-0.065982,0.071940,0.008900,-0.071212,0.058617,0.179080,-0.043118,0.260915,-0.118218,-0.334911,-0.209829,-0.161548,-0.020547,-0.117011,0.117875,-0.052170,0.091309,-0.012821,-0.021992,-0.130585,-0.121278,0.057879,0.086839,0.060493,-0.054241,0.148665,0.140969,-0.051581,-0.156862,0.025062,-0.069804,0.007711,0.073033,-0.102530,-0.332493,0.054372,-0.013550,-0.300270,-0.050201,-0.029545,-0.289944,-0.037017,-0.059571,0.270360,-0.010486,0.041273,0.222776,0.152367,0.018404,0.073745,0.024218,0.287515,#
19,0.327825,-0.144491,0.152747,0.017796,-0.049408,0.163680,-0.055280,0.139094,-0.128111,-0.097498,-0.280125,-0.111649,-0.011672,-0.339827,0.090917,0.103315,0.121208,0.104155,0.048735,1.000000,-0.143240,-0.155407,-0.148409,-0.158342,0.007215,-0.065305,0.108360,0.341303,-0.203567,-0.167866,-0.028315,0.051483,0.120196,0.090056,0.249188,-0.096612,0.217835,0.132744,0.192515,0.126174,0.046707,0.214871,-0.068830,-0.110325,-0.234046,0.179488,0.123257,-0.077613,0.075383,0.320792,0.173568,-0.173109,0.017589,0.385340,-0.100859,0.093002,0.120163,-0.075185,0.071382,-0.012094,0.027008,-0.144082,-0.178611,0.172205,0.121113,-0.166974,0.116658,0.123590,0.210330,0.062686,0.131151,-0.107064,-0.091812,0.142022,-0.253727,-0.095182,-0.077879,0.014079,0.029574,0.073827,0.359330,-0.044693,-0.059298,0.185010,0.125260,0.051573,0.071306,-0.103019,-0.067129,0.026068,-0.170902,0.039272,-0.074464,-0.079195,-0.007036,-0.109963,-0.117531,0.097616,-0.045031,0.161377,-0.159327,0.033700,0.070232,0.133250,0.102604,-0.140439,-0.114435,-0.035287,0.033726,-0.176783,-0.003717,0.012057,0.117710,-0.089806,-0.063901,-0.200255,-0.086298,-0.061382,0.216233,0.103784,0.033135,-0.089204,0.004045,-0.055566,-0.165515,0.142391,-0.104581,0.261603,0.037350,-0.233705,0.243953,0.056249,0.018796,0.076283,-0.107160,0.025146,-0.040435,-0.057846,-0.005236,-0.183397,-0.113030,-0.042510,-0.313898,-0.093657,0.083798,-0.062759,0.087732,-0.245647,0.083619,-0.035689,-0.061373,0.035423,-0.067892,-0.319585,0.032508,0.098855,0.309812,-0.060596,0.185829,0.035896,0.209430,0.051856,-0.135261,0.285638,0.313889,0.293133,-0.070250,-0.158286,-0.018946,0.096601,-0.035330,0.264293,0.302007,0.061884,0.048161,-0.061082,-0.065703,0.113232,0.191092,-0.015817,0.135733,0.115368,0.118869,0.151991,0.021575,-0.035364,-0.238784,0.003489,0.037259,0.190621,-0.000548,0.029299,-0.285013,-0.110533,-0.003703,0.237020,0.167801,-0.225761,0.233651,-0.195138,#
20,-0.229196,0.284943,0.028895,0.342390,0.141495,0.035055,-0.113722,0.112593,0.163740,0.018545,-0.021692,-0.034421,0.136429,0.128500,-0.214604,-0.090834,0.093314,-0.130377,0.139394,-0.143240,1.000000,0.077719,0.147568,0.186089,0.084128,0.282780,-0.269058,0.166636,0.165829,-0.121983,0.054190,0.067029,0.270854,0.148400,-0.140111,0.323373,-0.368822,-0.018342,-0.068161,0.203248,-0.020492,0.003171,-0.011836,-0.323269,0.322925,-0.143196,0.082542,0.185503,0.031642,0.257859,0.087517,0.145197,0.058040,0.124000,0.217190,-0.129391,-0.332036,-0.089498,0.109020,-0.010184,0.083614,0.020392,0.145418,0.199170,-0.057939,0.251095,0.037730,0.054095,-0.040177,0.064632,0.097316,0.138702,0.372755,0.085393,-0.098713,-0.113818,0.154501,-0.010749,0.254256,0.028192,-0.129275,-0.001215,0.238218,-0.354586,0.010844,0.215046,-0.006625,0.213420,0.031265,0.059432,0.044739,0.158661,-0.018751,-0.094005,0.081843,0.167195,0.103521,-0.099524,-0.022116,0.056202,0.117083,0.072259,0.220948,0.192510,-0.007015,0.210640,0.218831,0.033033,-0.038105,0.286871,-0.118168,0.134633,-0.029230,0.076822,-0.037709,-0.088117,0.022377,-0.097521,-0.203031,-0.034081,0.008249,0.101883,-0.027339,0.167234,0.092582,0.102292,0.216208,0.011306,-0.006168,0.139334,-0.015712,0.053505,0.191349,0.165635,-0.041935,0.082049,-0.084542,0.258096,0.164137,0.084198,0.092387,0.093414,-0.114322,-0.145150,-0.000839,-0.106065,-0.024460,0.138232,-0.006097,-0.110166,0.070426,0.017800,0.034171,0.182306,-0.057450,0.200643,0.163717,0.221086,0.035733,0.020863,0.235224,0.202300,0.226308,0.116062,-0.146771,-0.012551,-0.031185,0.179840,0.088539,-0.219804,0.150291,-0.164052,-0.054628,-0.013123,0.096038,0.074743,-0.061774,0.042565,-0.002219,0.112559,0.128853,0.091876,-0.059567,0.214653,0.029787,0.098457,0.041606,-0.088601,0.061163,0.075684,0.204302,0.292458,0.231094,0.206226,0.215354,0.245777,0.070726,0.039426,-0.100855,0.108637,#
