0,1.000000,-0.016240,0.054527,-0.190956,0.011043,0.024545,0.135816,-0.160482,-0.118772,0.025977,0.185810,0.002565,-0.033547,-0.066493,0.152274,0.327092,0.364615,0.192268,0.051493,0.208122,-0.065152,-0.138799,-0.118404,0.417652,-0.076018,-0.094600,-0.005004,-0.196210,-0.144104,0.054207,-0.050592,0.310552,-0.101467,0.048942,0.291524,-0.023976,-0.077317,-0.008340,0.013154,-0.089739,0.031422,-0.097302,0.166873,-0.357898,-0.005526,-0.080571,-0.065962,0.178557,0.147680,0.194354,-0.057720,0.216798,-0.045257,0.053507,0.199263,-0.147781,-0.014327,0.184854,-0.043083,0.013484,0.168300,0.248487,0.073750,0.175929,-0.024879,0.061261,0.156549,0.071162,-0.061635,0.012631,-0.114047,-0.059493,0.036922,0.222004,-0.235380,-0.073577,0.286826,0.043818,-0.056174,0.006402,0.079206,-0.064166,-0.128848,0.141786,0.184987,0.060354,0.143178,0.155444,0.222489,0.119590,-0.095903,-0.148810,0.193630,-0.160489,-0.214361,0.001584,0.024658,-0.044383,0.116640,0.231795,0.061208,0.046606,0.095520,0.256293,-0.083060,0.065257,0.151912,0.064966,0.308669,-0.043879,0.063258,0.121752,0.043086,0.155602,0.048894,0.081670,0.013476,-0.022260,0.118606,0.129979,0.113282,0.021577,0.250150,0.093749,0.186057,0.194232,0.053028,-0.073896,-0.071275,0.076168,-0.040487,0.005468,-0.113733,-0.180011,-0.031386,0.062647,0.008632,-0.085223,-0.329117,0.132534,0.139632,-0.192330,-0.162170,0.042068,0.086782,-0.332312,0.006369,0.054654,-0.083517,-0.236260,-0.130661,0.160040,0.249308,-0.127179,-0.193277,0.138953,0.252135,0.173792,0.064055,0.055071,0.187692,0.283725,0.120169,-0.062615,-0.002674,0.201897,0.054393,0.050468,0.101017,-0.014119,-0.183731,0.066444,0.064411,0.083018,-0.035349,0.188670,0.299798,0.108287,0.190594,-0.031902,0.002778,0.302816,0.173502,0.012551,0.097468,-0.313802,-0.150282,0.197075,0.154042,-0.200313,-0.185301,0.032079,-0.005980,0.206665,0.160450,0.392032,0.037528,-0.123440,-0.165178,0.073867,#
1,-0.016240,1.000000,-0.045078,-0.173966,-0.102070,0.001359,-0.035767,0.090636,0.166503,0.120840,0.129032,0.235487,-0.022162,-0.407853,-0.171805,-0.081102,-0.091580,0.067416,-0.132332,0.059905,-0.279322,0.029866,-0.003017,-0.167440,0.116887,-0.069389,-0.287903,-0.030287,-0.223360,-0.163152,0.105850,-0.101155,-0.210356,0.079167,-0.022000,-0.071443,0.046943,-0.162430,0.078968,0.175781,0.131672,-0.007504,0.086139,-0.084369,-0.204105,0.023803,0.228530,0.011787,0.212417,0.022521,0.058251,0.126502,-0.007250,-0.058941,0.003400,0.017696,-0.142066,-0.209941,-0.137000,0.034938,-0.045196,-0.052104,0.002008,-0.064688,-0.119729,0.337754,0.205245,0.311881,0.137491,0.025891,0.171740,0.232207,0.208165,-0.032051,0.063924,0.068580,-0.136958,-0.014267,0.203095,-0.149912,-0.104700,0.102400,-0.192383,0.119943,0.177974,0.097824,0.033653,0.186823,-0.025188,-0.073685,-0.017970,0.195072,-0.225745,-0.013619,0.092939,0.175225,-0.044432,-0.020648,-0.075662,-0.070270,0.111199,-0.079619,-0.109281,-0.199889,-0.172657,0.071165,-0.112112,0.049598,0.213373,-0.096659,-0.233611,0.094489,0.041350,0.086813,0.008688,0.261727,0.005483,-0.094835,0.066550,-0.140658,-0.149964,0.077054,0.181263,0.126547,0.166746,0.099095,-0.086405,0.104907,0.252837,0.070512,-0.105216,0.129504,0.046591,-0.027165,0.040034,-0.038908,0.281211,0.187275,-0.053348,0.148220,0.152476,-0.093242,-0.088375,0.171953,0.201601,-0.120645,-0.105466,0.058040,-0.012530,-0.211171,0.203156,0.075794,-0.118093,-0.176349,0.236376,0.092799,-0.044519,0.198494,-0.207605,-0.030792,-0.154058,0.101154,-0.057372,0.182571,0.068687,-0.089857,0.070917,-0.217242,-0.022442,0.140525,-0.052678,0.031915,-0.010236,-0.026245,0.057208,0.116562,0.062315,-0.214250,0.019715,0.006568,0.025814,-0.159652,0.169700,0.035119,0.147249,0.099629,-0.025909,-0.250754,0.407490,0.267581,0.041907,0.255744,-0.090161,-0.138206,-0.118845,-0.075920,0.030078,0.380464,-0.138157,0.283243,#
2,0.054527,-0.045078,1.000000,0.140552,0.384087,0.076388,0.079035,0.118342,0.018491,0.170403,0.172565,0.066155,-0.110812,0.197064,0.028654,0.147132,-0.130882,0.022474,0.078243,0.154806,0.222759,0.049032,0.176885,0.086743,-0.053939,0.220389,0.219487,-0.193834,-0.143418,0.172390,-0.016900,0.020958,0.160633,0.214091,0.197484,0.075777,0.043161,0.172013,0.181130,-0.076233,-0.057184,-0.039353,0.061808,0.026201,0.040440,0.246548,0.102230,-0.011729,-0.159507,-0.120190,-0.085822,0.183808,0.148801,-0.043940,0.196630,0.097293,0.226289,-0.221688,0.261041,0.175908,0.385048,0.141701,-0.016271,-0.034491,0.093215,0.100426,-0.179559,-0.016385,-0.034902,-0.013859,0.269724,0.172257,-0.067489,0.169381,0.284971,0.050098,0.032426,0.000734,0.027604,0.281806,0.062989,0.017257,0.340081,-0.336324,0.241612,0.089296,0.136344,0.101280,0.026602,-0.033737,0.275430,0.138078,0.100574,0.104384,0.055350,0.005845,-0.098209,-0.012770,0.008562,0.011749,0.340398,0.146693,-0.044354,0.166406,0.081110,0.291650,0.401065,0.319198,0.196441,0.053139,0.021526,0.000666,0.293366,0.205022,-0.009399,0.091592,-0.020825,0.037614,-0.071085,0.107467,-0.123681,-0.187927,-0.014743,0.187737,0.090472,0.024027,0.149606,0.007770,0.172571,0.191770,-0.107958,0.242205,0.084030,0.226317,0.116965,-0.158387,0.066926,0.022660,-0.045343,-0.040389,0.059288,0.186001,-0.101161,0.069336,0.098419,-0.060721,-0.003427,-0.060846,-0.054322,0.095391,0.083605,0.173591,0.306092,0.155926,-0.136254,0.023125,0.001738,-0.034750,0.277559,0.043722,-0.205577,0.122110,0.283905,0.023114,-0.027626,0.269658,-0.074581,-0.014152,0.008161,0.011456,-0.052429,0.135905,0.233975,-0.004378,-0.047765,0.118205,0.028327,0.049223,-0.093222,-0.128473,0.061883,0.300936,0.103089,0.004262,-0.030116,0.066039,0.104516,-0.124658,-0.029155,0.127831,0.026075,0.153943,0.203469,0.258500,0.074331,0.053364,-0.092611,0.074464,0.088548,0.115581,#
3,-0.190956,-0.173966,0.140552,1.000000,0.055049,-0.333529,-0.111761,-0.047681,0.190179,0.240355,0.050674,0.075781,-0.199299,0.050018,0.025213,-0.058203,-0.250658,-0.036222,0.280465,-0.016919,0.064576,0.348415,0.093241,0.170850,-0.043339,0.132030,0.194346,0.012965,0.077187,0.157217,0.166489,0.005026,0.008181,0.020779,0.034911,0.154711,0.061628,0.165761,0.184508,-0.018651,-0.104386,0.236758,-0.036860,-0.082925,-0.084694,0.080034,-0.257266,-0.002205,-0.250856,-0.042387,-0.049547,-0.126977,-0.053661,-0.085841,0.054000,0.031353,0.286131,0.177822,0.036612,0.089308,0.211084,-0.221300,-0.006844,-0.101516,0.200906,-0.209870,-0.040159,-0.235261,-0.317362,0.112224,0.081324,0.140322,0.095030,-0.085020,-0.094325,-0.057624,-0.077479,-0.066260,-0.175019,-0.061143,-0.036899,0.170029,0.139363,-0.115252,0.104114,-0.194016,-0.038018,0.085068,-0.030945,0.036161,0.409158,0.132533,-0.122900,0.022273,0.109736,0.102871,0.011662,-0.089134,-0.089971,-0.238930,0.174381,0.106131,-0.060103,-0.187909,0.417636,-0.071556,0.283238,0.116497,0.069951,0.055616,0.201279,-0.274385,0.090174,0.152190,-0.127288,0.178413,-0.180791,0.161927,0.124604,-0.104229,-0.053658,0.112056,0.095675,-0.251138,-0.093094,0.111071,0.048512,0.333714,0.031812,-0.207630,-0.019701,0.194532,0.021320,-0.124826,-0.186305,0.144986,-0.147934,-0.093615,-0.168544,0.093736,-0.166157,0.253757,0.174898,-0.115345,-0.028735,0.128935,0.070107,0.405785,-0.142602,0.081942,-0.048951,-0.299431,-0.024380,0.120060,0.139878,-0.053815,-0.055003,-0.131156,0.409080,0.001335,-0.153420,0.024383,-0.284855,0.130432,-0.029806,0.047565,0.127789,-0.030310,0.154056,0.220618,-0.105776,-0.263166,-0.033930,0.127245,0.043704,0.241487,-0.034095,0.027767,-0.176300,0.076794,-0.142676,0.206264,-0.113588,0.022604,-0.027763,-0.275021,0.035988,-0.048501,0.134429,0.205732,0.212014,0.115236,0.263996,0.245866,0.134816,-0.007323,0.105499,-0.002704,-0.010138,-0.033241,#
4,0.011043,-0.102070,0.384087,0.055049,1.000000,0.096456,0.044480,0.268203,0.010092,0.201541,-0.176439,0.333461,0.119554,0.230091,0.098987,0.050032,0.142949,0.042483,0.108859,0.236697,0.341603,0.229848,0.132519,0.168551,0.014239,0.241925,0.173521,-0.121143,0.224049,-0.016061,0.029851,0.262582,0.251500,0.224762,0.009484,0.079400,0.254521,0.029499,0.398907,0.069742,-0.009765,0.049646,0.202752,0.178075,0.285699,0.278329,0.246203,0.222528,-0.125165,-0.197662,-0.013298,0.140098,0.202316,0.181687,0.391325,-0.057446,-0.056606,0.138812,0.209648,0.283461,0.259527,0.188530,-0.009900,-0.035020,0.051913,0.133077,-0.159086,0.198820,0.022137,0.158607,0.142114,0.192461,0.273960,0.056211,0.271849,-0.054282,-0.044344,0.077859,0.035342,0.253526,-0.162533,0.181606,0.070715,0.048547,0.248441,0.090288,0.143480,0.107449,0.152404,-0.070834,0.157507,-0.103347,0.209749,-0.029916,0.196453,0.007061,0.029490,-0.052397,-0.055507,0.133690,0.274445,0.255825,-0.012502,0.089210,-0.073640,0.349715,0.090587,0.121215,0.186533,0.368990,0.133576,0.160813,0.214406,0.226196,-0.210769,0.043067,0.277748,0.161810,-0.157951,0.156944,-0.164145,-0.046363,-0.040160,0.138006,0.232644,-0.136765,0.204181,0.093860,0.315009,0.215627,0.154810,-0.000589,0.159265,0.340263,0.221843,0.095494,-0.179705,-0.208890,0.144657,-0.055249,0.003398,0.113951,0.130961,-0.071281,0.241712,0.099940,0.196488,0.015667,-0.154399,0.307091,-0.039626,0.263628,0.349270,0.160294,0.270018,0.087231,0.122235,-0.041270,0.099221,0.101401,0.154623,0.120199,0.090655,-0.113428,-0.228295,0.070906,-0.025330,0.160566,-0.041356,0.105300,-0.140790,0.141043,0.356337,0.087982,0.180386,0.143594,0.214179,0.131835,0.062103,0.103499,0.016896,0.110533,0.073828,0.063772,0.059049,0.285245,-0.149710,0.101239,0.132399,0.275583,-0.240376,0.172553,-0.012649,0.227204,0.001310,0.234721,0.150090,-0.008934,0.189299,0.402468,#
5,0.024545,0.001359,0.076388,-0.333529,0.096456,1.000000,-0.172777,0.138604,-0.068433,0.054071,0.101772,-0.081578,-0.026255,-0.009299,-0.061657,0.254901,0.044695,0.140880,-0.291853,0.309531,-0.015844,-0.114678,0.209571,0.206983,0.216533,-0.028142,0.185256,-0.032668,0.139783,-0.000297,0.277358,0.212329,0.072710,0.176535,-0.175035,0.140535,0.057806,-0.101314,0.147143,-0.161184,0.164157,0.014486,-0.261716,0.281892,0.195232,0.203327,0.317595,0.252429,0.187083,-0.214508,0.079559,0.132336,0.044564,0.018862,-0.215599,0.222236,0.193049,-0.147723,0.439493,0.173897,0.176057,0.254577,-0.020361,0.036050,0.117552,0.161045,-0.171417,0.262208,0.220967,-0.421838,0.078797,0.062705,0.127610,-0.110976,0.114041,0.299988,0.099863,0.409626,0.045850,0.095992,0.199530,0.055616,0.005344,0.221500,-0.158154,0.108031,0.143807,0.238976,0.224151,-0.166972,-0.150469,0.149863,0.314768,0.217901,0.038949,-0.075820,-0.012329,0.228787,0.242049,0.253360,0.146897,0.179238,-0.066040,0.177768,-0.026832,0.355605,0.092597,0.220395,0.136326,0.129804,-0.218514,0.183335,-0.016165,0.080633,0.014976,-0.040126,0.144096,0.063701,-0.118730,0.065130,-0.080555,-0.009059,-0.071794,0.190375,-0.112635,-0.064568,0.306632,-0.026985,-0.047219,0.049944,0.198147,0.248364,0.186075,0.122152,0.002974,0.072948,0.136125,0.045684,0.143879,-0.163731,0.161806,-0.047386,0.104681,0.178590,0.296720,-0.061025,-0.136591,-0.046025,0.133655,-0.138147,0.137679,0.021829,0.178018,0.002565,-0.122138,0.090847,0.316996,0.106467,0.181626,-0.005250,0.150425,-0.050375,0.105723,0.007262,0.182440,0.073267,-0.256552,0.269087,0.076630,0.042399,0.230396,0.163423,-0.044645,0.091614,-0.019882,0.003379,0.052170,0.128729,0.151370,0.213804,0.351973,0.046081,0.297807,0.107412,0.120222,0.117020,0.095019,0.124588,-0.049323,-0.036324,-0.109426,0.222701,-0.102021,-0.022746,-0.132704,0.106539,0.053663,0.231231,0.085948,0.153439,#
6,0.135816,-0.035767,0.079035,-0.111761,0.044480,-0.172777,1.000000,-0.044243,0.070159,-0.131778,-0.117465,-0.036053,0.150890,0.020733,0.011343,0.109061,0.034567,0.139721,-0.015154,-0.103999,0.206436,0.109470,-0.200615,0.034830,-0.072660,0.057405,0.015560,-0.061460,-0.002122,0.269311,-0.037035,-0.175110,-0.116739,-0.094143,0.181383,0.185344,-0.200336,-0.016368,-0.003975,0.057901,-0.020336,-0.087651,0.168508,-0.139951,0.285896,-0.009763,-0.014369,-0.286973,0.072142,0.078118,-0.096338,0.231239,0.017573,-0.045309,0.182244,0.013758,0.084889,0.068799,0.019951,-0.124097,0.251445,-0.147384,-0.035178,-0.000305,0.263141,0.008059,0.152421,-0.008719,-0.093346,-0.016200,0.084458,0.054239,-0.048367,0.225892,0.037511,0.070268,-0.068372,-0.165774,-0.080344,0.004207,0.085833,0.024178,-0.034404,-0.281719,-0.136214,0.198393,0.064256,-0.108055,-0.066550,-0.089439,-0.079532,-0.180675,-0.222039,-0.250930,-0.029151,-0.123672,0.339575,0.048977,-0.223438,0.321205,0.083135,-0.034280,0.225416,-0.014840,-0.142434,-0.124315,0.049642,-0.148696,-0.154327,-0.112945,0.047903,0.052005,-0.171881,-0.170975,0.089374,-0.283568,0.397370,-0.088379,0.054272,-0.020188,0.159087,-0.214936,0.020609,0.190048,0.155778,0.341819,-0.162613,0.069832,-0.038039,0.041349,0.032868,0.003307,0.154330,-0.077008,0.023891,-0.082666,0.032639,-0.237280,0.138916,0.040585,0.184422,-0.007533,-0.095282,-0.222623,-0.030980,0.099021,-0.007274,0.117350,-0.061002,-0.088362,0.211581,0.049978,-0.075753,-0.191269,-0.012671,-0.053807,-0.164767,0.296700,0.104115,-0.017088,-0.198941,0.061171,0.033173,0.066134,-0.036491,0.114271,0.124999,-0.045263,0.018106,-0.207203,0.140142,0.079107,-0.262333,-0.189232,0.129621,0.069100,0.010686,-0.104629,-0.062434,-0.030250,0.137701,-0.104773,0.113749,0.023946,0.174307,-0.063395,-0.110456,0.017041,-0.309422,0.034062,-0.178523,0.055870,-0.132757,0.188323,-0.008726,-0.120866,0.103856,0.135165,0.149662,-0.007615,#
7,-0.160482,0.090636,0.118342,-0.047681,0.268203,0.138604,-0.044243,1.000000,0.387869,0.154401,0.079258,-0.013540,0.061267,0.079411,0.265852,-0.074616,0.161857,-0.035265,-0.072317,-0.009703,0.046611,0.208722,0.220145,0.205362,0.186721,0.070617,0.079386,-0.040077,0.071815,-0.154901,-0.109842,0.238835,-0.067185,0.179065,-0.091657,0.042474,0.138829,0.064564,0.344021,0.069759,-0.220863,0.029638,-0.054071,0.275167,0.161422,0.259908,0.221094,0.263025,-0.096643,0.009437,0.144087,0.045635,-0.045000,0.065372,0.052401,0.006682,-0.058016,0.071979,0.105493,0.091822,0.066491,0.110079,-0.080825,-0.104784,-0.034688,0.178952,-0.219688,0.171850,0.246431,0.352045,-0.018397,0.014456,0.478393,0.012847,0.273090,0.154017,-0.106092,0.061866,0.140569,0.183785,0.039591,0.138568,-0.009364,0.094061,0.010904,0.000289,0.081980,0.085627,0.007838,0.056280,-0.113583,0.063843,0.057018,0.063025,0.178576,-0.263727,-0.002423,0.111884,0.071069,0.059859,0.142908,0.200631,-0.018030,0.065138,0.028356,0.269712,-0.014786,-0.093191,0.166994,0.109767,0.155885,-0.041382,0.161922,0.060923,0.344597,0.032995,0.165386,-0.202773,0.015570,0.324545,0.041878,0.046221,0.023000,0.316157,0.214592,-0.007033,0.190076,0.268328,0.106665,-0.094508,0.042652,-0.104234,0.322701,0.060696,0.148565,0.136828,-0.177411,0.040039,-0.023251,-0.056067,0.190292,0.042098,0.184451,-0.043501,0.107038,0.108723,0.030380,0.049087,0.065410,0.144322,-0.088381,0.090999,0.116409,0.203654,-0.062532,0.242034,0.086786,0.192503,-0.099936,0.223129,0.108145,-0.120437,0.136449,0.093480,-0.197979,0.207055,-0.002527,-0.240388,-0.054484,0.033229,0.188480,0.094325,0.186569,0.157059,0.201204,0.027448,0.032283,-0.043055,-0.046922,0.142708,0.341090,0.066158,0.024711,-0.105810,0.056568,0.301878,-0.174916,-0.166153,0.084896,0.358126,-0.054651,0.102551,-0.104497,-0.164425,0.032360,0.107014,0.109020,0.195035,0.014472,0.164462,#
8,-0.118772,0.166503,0.018491,0.190179,0.010092,-0.068433,0.070159,0.387869,1.000000,0.229009,-0.065706,0.005726,0.023648,0.293634,0.244232,0.181363,-0.129620,0.138710,0.008959,0.117387,-0.065887,0.502405,0.310964,0.058642,-0.081262,0.193463,0.115644,0.128663,0.052735,0.172266,0.022320,0.048667,-0.015637,-0.000906,-0.140281,0.123615,0.156250,0.076483,0.154895,0.089007,-0.059854,0.337195,0.024450,-0.006578,0.060026,0.072754,-0.040353,0.275758,0.103840,0.119012,0.204558,0.188228,-0.158817,0.045563,0.065226,0.234674,0.055845,0.190275,-0.060863,0.217860,0.346433,-0.048152,0.215654,0.036213,0.057422,0.256230,0.062432,0.156856,0.252556,0.246629,0.178783,0.101297,0.181287,0.250498,0.112437,0.129146,-0.131613,-0.072797,0.190099,0.234831,0.109281,0.181338,-0.076080,-0.044786,-0.036048,0.030664,-0.109120,-0.061839,-0.126181,0.231549,0.041909,0.006859,-0.052930,0.257269,0.146539,0.002622,0.185401,0.041857,-0.102857,-0.094301,0.293113,0.129896,0.068627,0.151034,0.062486,0.139870,0.109021,0.137860,0.175138,0.150696,0.089752,0.118704,0.083052,0.084903,0.394820,0.212220,0.214795,-0.104117,-0.004331,0.142971,0.091087,0.124419,0.187848,0.199054,0.209014,0.298107,0.200022,0.241779,0.128797,0.030885,0.072040,0.042571,0.341117,0.170790,0.313121,-0.008352,-0.102814,-0.170370,-0.204681,0.031937,-0.018595,0.121218,0.362590,0.156084,0.071131,0.149289,0.282016,0.188045,0.077116,-0.120008,0.056329,-0.050959,0.109956,0.259538,0.263166,0.318135,0.056710,0.301063,-0.014132,0.250957,-0.007736,0.021755,0.183938,0.173607,0.138858,0.164940,0.076904,-0.096117,0.111482,0.207240,0.142544,0.217440,0.147765,0.107113,0.344118,-0.023022,-0.026480,0.085076,0.157641,0.173559,0.173653,0.151793,-0.157791,0.240505,0.252410,0.161862,0.083804,-0.023409,0.093760,0.132821,0.043321,0.074013,0.142304,0.083606,0.038844,0.162743,0.110862,0.284004,0.251234,0.054142,#
9,0.025977,0.120840,0.170403,0.240355,0.201541,0.054071,-0.131778,0.154401,0.229009,1.000000,0.152206,-0.020227,0.087356,0.048005,0.288729,0.193676,-0.049042,-0.003334,0.305722,0.271556,0.206609,0.232279,0.462678,0.485394,-0.032059,0.061086,0.202432,0.088599,0.105581,0.010695,0.125296,0.187292,0.078770,0.177723,0.287422,0.110802,0.090530,-0.033785,0.356531,0.053671,0.275341,-0.069508,0.147786,-0.026673,0.213709,0.149728,0.106636,0.070599,-0.150243,0.019222,-0.055903,0.008620,-0.064125,0.083012,0.125647,0.166988,0.142736,-0.016122,0.283166,0.235395,0.168757,-0.010481,0.224750,0.207272,0.210187,0.237814,0.177337,0.154567,0.150161,0.046983,0.371834,0.074265,0.135503,0.033117,0.270007,0.039344,-0.218740,0.133484,0.158787,0.253515,0.004944,0.133982,-0.075911,-0.057543,0.228027,-0.000369,0.011423,0.315121,-0.027778,-0.054755,0.040785,0.303682,0.062394,0.099607,0.012427,-0.054281,0.222000,0.312727,0.284684,-0.146056,0.232072,0.123414,0.246956,-0.045696,0.274853,0.082627,0.124365,-0.163124,0.110337,0.136050,0.138471,0.218361,0.452988,0.378634,0.043948,0.233351,0.127619,-0.196716,-0.012916,-0.119823,0.042752,0.151395,0.231950,0.171491,0.132002,-0.006617,0.109106,0.170765,0.272348,0.150559,0.150167,0.064560,0.250949,0.454484,0.171259,0.077516,0.025858,-0.084973,-0.148399,0.133215,-0.107851,0.219576,0.211279,0.249947,-0.077454,-0.042719,0.079252,-0.013140,-0.102980,-0.039698,0.053794,-0.109097,0.060919,0.111429,0.166904,0.149864,0.207163,0.039891,0.285447,0.107140,0.104937,-0.015721,0.164844,0.256951,0.164994,0.080689,0.013691,0.125277,0.194974,0.201219,0.140440,0.220474,0.000703,0.163376,0.207654,0.310965,0.042496,0.148048,0.176662,0.220491,0.066251,-0.068095,0.028811,0.077160,0.144308,0.169486,-0.034626,-0.113445,0.403161,0.189093,0.047532,0.171135,0.187484,0.051163,-0.123841,-0.034413,0.027878,0.258158,0.074080,0.054605,#
10,0.185810,0.129032,0.172565,0.050674,-0.176439,0.101772,-0.117465,0.079258,-0.065706,0.152206,1.000000,-0.070662,-0.460620,-0.138696,-0.003602,0.102332,-0.079711,-0.112867,-0.087107,0.067963,0.040281,-0.235689,0.086371,0.162809,0.058552,-0.095027,-0.001340,0.207890,-0.286854,0.042402,-0.030997,0.058003,-0.060813,0.097119,0.111489,-0.015249,-0.080267,-0.057903,-0.002735,-0.028023,0.224549,-0.075645,-0.266770,-0.182828,0.119425,0.040075,0.079555,0.033435,0.141963,0.339560,-0.188380,0.137844,0.041136,0.011497,-0.103201,0.110584,-0.129086,-0.174098,0.026767,0.126899,0.073677,-0.014797,0.196092,0.143318,-0.053649,-0.061905,0.124398,-0.073012,-0.196928,-0.107512,-0.097742,0.153236,-0.042166,-0.082498,0.014715,-0.019939,-0.130117,0.048903,-0.062408,-0.018439,0.183366,0.154905,0.084775,-0.034865,0.067489,-0.030696,-0.072816,0.229576,-0.011813,0.188263,0.054929,0.367188,-0.022112,0.124240,0.101838,0.078467,-0.249889,-0.153256,0.420401,0.126586,0.167486,0.114367,-0.064177,0.003519,0.430778,-0.263130,0.154942,0.098034,0.064188,-0.097978,-0.200926,0.021990,-0.065631,-0.092264,0.035339,0.352180,-0.022858,-0.069927,0.068850,0.024126,0.056836,0.078705,-0.178534,-0.004378,-0.225071,-0.019504,0.254504,0.249528,0.103464,-0.193224,-0.226447,-0.030287,-0.009004,-0.069916,-0.006677,-0.068209,-0.073401,0.213904,-0.320653,0.071395,0.161490,-0.116793,-0.121383,0.047230,-0.079149,-0.160416,-0.142059,-0.121188,-0.009964,-0.006193,0.052773,0.010585,0.190847,0.022073,-0.276871,-0.048075,0.191906,0.000235,0.108452,0.038126,0.082369,-0.038593,-0.010780,0.035871,-0.021767,0.075165,0.141550,0.007427,0.255377,0.213764,-0.112477,-0.128177,-0.083969,0.077090,0.062720,-0.020848,0.155104,0.165855,-0.032458,0.145772,-0.097253,-0.064004,0.141539,0.006213,0.071625,-0.203182,-0.029680,-0.295170,0.055295,0.067817,-0.048625,0.158271,0.083036,-0.090220,0.080267,-0.073132,-0.204910,0.287441,-0.045392,0.180336,#
11,0.002565,0.235487,0.066155,0.075781,0.333461,-0.081578,-0.036053,-0.013540,0.005726,-0.020227,-0.070662,1.000000,0.034861,0.034740,-0.007554,-0.162870,-0.007364,0.204730,0.126970,-0.135012,0.134138,0.260502,-0.126900,-0.182914,-0.015441,0.139738,-0.298294,0.059370,-0.084371,-0.107974,0.132788,0.123789,0.010865,0.315162,-0.007278,-0.066959,0.316213,0.052907,0.077954,0.303234,-0.023872,0.208719,0.176575,-0.219552,0.010172,0.054516,0.339306,-0.095372,0.038421,0.021160,-0.064219,0.116332,0.025831,0.312317,0.177439,-0.094930,-0.208886,0.190445,0.028775,0.033812,0.048731,-0.018330,-0.024329,-0.284355,-0.037390,0.016121,0.099285,0.220301,0.135515,0.142160,0.151508,0.212206,0.010738,-0.053432,0.047139,-0.244321,0.049662,0.042983,-0.132426,-0.144647,0.032815,0.133774,0.097336,0.019472,0.276800,-0.065216,0.067057,-0.024334,0.310805,0.123097,-0.004572,0.087230,-0.030092,-0.033633,0.236167,0.091267,-0.151709,-0.170326,-0.069741,0.101421,0.057413,0.256895,-0.054938,0.024236,0.159463,0.281809,-0.000025,0.176960,0.181766,0.347168,0.173069,0.196915,0.128366,0.099529,-0.131584,0.212076,0.000527,0.299356,-0.247498,0.143086,-0.044450,0.050589,0.032516,-0.041957,0.319459,-0.223901,-0.142174,-0.060080,0.129358,0.103313,0.149339,0.161656,0.046837,0.131185,-0.043376,-0.049930,-0.112529,0.059762,-0.078588,0.281399,0.150660,-0.248423,0.143103,0.170556,0.329137,-0.120157,0.015267,0.036916,-0.139695,0.029028,-0.002158,-0.013554,-0.069851,0.209951,0.260852,0.107572,-0.030136,-0.044242,0.134098,-0.020197,-0.096969,0.125534,-0.226284,-0.008276,-0.021867,-0.118237,0.086342,0.017078,0.073400,0.098892,-0.136133,-0.084771,0.054893,0.003691,0.022638,-0.073912,0.035520,0.049878,-0.134138,0.176205,0.104924,0.063991,0.217784,-0.154402,0.208210,-0.030371,-0.050734,-0.106600,0.197725,0.254183,0.131550,0.108602,0.326146,0.220839,0.184969,-0.050316,0.034971,0.127395,-0.126867,0.383835,#
12,-0.033547,-0.022162,-0.110812,-0.199299,0.119554,-0.026255,0.150890,0.061267,0.023648,0.087356,-0.460620,0.034861,1.000000,0.191663,0.244456,-0.000127,0.254522,0.288382,0.099258,0.114418,0.000064,0.246464,0.069881,0.180618,-0.125125,0.096935,0.035635,0.004437,0.158966,-0.116331,0.006102,-0.055969,0.307129,-0.048809,0.152689,-0.065087,0.082151,-0.044087,-0.002912,0.313527,-0.081646,-0.140948,0.227054,0.271847,0.054580,0.264133,0.126496,-0.068186,-0.008270,-0.039568,0.161554,-0.043659,-0.177707,0.154647,0.083713,0.060906,-0.059397,0.101120,0.025235,-0.094443,0.033118,0.286625,-0.156323,0.015489,0.129771,0.131548,-0.041178,0.100598,0.158918,0.052278,0.234970,-0.017857,0.109492,0.008724,0.244348,0.223246,0.115203,-0.096652,-0.005245,0.051931,0.161403,0.087920,-0.072781,-0.003780,-0.081338,0.053247,0.055540,-0.024854,0.192676,0.019873,-0.165657,-0.228488,-0.023491,-0.155144,-0.018503,0.201871,0.464984,0.316842,-0.209884,0.008482,-0.066972,0.068987,0.161945,0.376566,-0.103039,0.092460,-0.040721,-0.244204,0.005029,-0.003166,0.271552,-0.038352,0.135651,0.064606,0.188824,-0.017638,0.234478,-0.224466,0.057230,-0.193274,0.033920,0.062607,0.135157,0.269720,0.218420,-0.061082,-0.189338,-0.211508,-0.134958,0.064833,0.049377,0.046890,-0.014910,0.147703,-0.014282,-0.127768,0.139919,0.249144,0.251472,0.010944,-0.054883,0.252043,0.235447,0.026386,0.102274,0.343570,0.149925,0.109072,0.003915,0.237320,-0.005617,0.196097,0.020524,-0.020773,0.195159,0.347623,0.053392,-0.104656,-0.041694,0.024890,0.065544,0.323315,0.204028,0.062690,0.205465,0.054218,-0.000254,0.239229,-0.194035,-0.047718,0.035845,0.206092,-0.045330,0.138313,0.119025,0.094746,0.039341,0.018230,0.117182,-0.150143,0.062295,0.121758,-0.017282,0.030856,-0.036424,0.239577,0.145637,0.265050,-0.000238,-0.024753,-0.071767,-0.089607,0.137012,0.166076,-0.177624,0.076646,0.040783,-0.011495,0.092902,-0.145085,#
13,-0.066493,-0.407853,0.197064,0.050018,0.230091,-0.009299,0.020733,0.079411,0.293634,0.048005,-0.138696,0.034740,0.191663,1.000000,0.182823,0.062407,0.096612,0.069896,0.151304,0.062055,0.205843,0.218396,0.232841,0.161366,-0.340576,0.166174,0.155324,0.252382,0.021588,0.240482,-0.068617,-0.016264,0.293485,0.008020,0.202326,0.180011,-0.054416,0.086556,-0.156689,0.104074,0.004560,0.303190,0.252494,0.142119,0.244938,0.123379,-0.032795,0.065818,0.145051,-0.141260,0.091056,0.074317,-0.084807,0.391484,0.088243,0.222933,-0.070316,0.192248,0.048559,0.210599,0.158437,0.142569,0.196228,0.151499,0.087235,-0.032697,0.053653,0.152899,0.186373,0.062473,0.060027,-0.005166,0.110459,0.209632,0.160623,0.163877,-0.108545,0.131709,-0.021293,0.454659,0.144818,0.242006,0.336749,-0.046252,-0.031470,0.037300,0.016629,-0.090299,0.046274,0.052402,0.150111,-0.029913,0.202722,0.189711,0.049834,-0.112392,0.070670,0.141635,0.150918,0.246774,0.086953,0.208154,0.113776,0.321342,0.132355,0.187452,0.037674,-0.083510,0.146861,0.103564,0.071344,0.214943,0.250835,0.094269,0.366399,0.185499,0.121268,0.221561,0.044382,0.439129,-0.085262,-0.058013,0.114548,0.023350,0.003320,-0.274885,0.036581,-0.153335,0.081500,0.100736,-0.036282,0.074012,0.086579,0.299333,0.360515,-0.205972,-0.026890,0.051276,-0.011616,0.079070,-0.256496,0.253179,0.326918,0.133612,-0.030230,0.139159,0.419168,0.067501,0.130438,0.285256,-0.107493,0.188212,0.031408,0.146291,0.212857,0.365985,-0.194769,-0.017139,0.288554,0.112192,0.262664,0.047936,0.212054,0.101808,0.069113,0.171325,-0.084146,0.038125,0.047609,0.115603,0.096849,0.331585,0.191557,0.007947,0.208985,-0.059735,-0.029344,0.286437,0.260788,0.061477,0.069087,0.305396,0.016974,0.028014,0.218692,0.158348,0.203015,-0.004228,-0.158443,0.075393,0.112428,0.035550,0.206875,0.299064,0.100921,0.258400,0.033309,-0.153314,0.290816,0.125955,#
14,0.152274,-0.171805,0.028654,0.025213,0.098987,-0.061657,0.011343,0.265852,0.244232,0.288729,-0.003602,-0.007554,0.244456,0.182823,1.000000,0.268817,-0.000931,0.080909,0.287548,0.111541,0.139767,0.170814,0.128392,0.293225,0.142084,-0.029763,0.052292,0.027790,0.260482,0.069589,-0.019890,0.254474,0.008344,0.235214,0.358417,0.149737,0.089829,0.106423,0.199944,0.132535,-0.217218,-0.041586,0.002157,0.054669,0.319181,0.182200,0.035948,0.049647,-0.101308,0.181047,0.097796,0.056899,-0.022861,0.238152,0.161678,0.022550,0.100277,0.208285,0.252937,0.191093,0.121045,0.131392,0.161736,0.293637,-0.143651,-0.015976,-0.061989,0.105892,-0.090023,0.241728,0.210843,0.101315,0.142129,0.243795,0.276881,0.012280,0.355241,0.170385,-0.017672,0.010477,0.229220,0.271843,0.060586,0.105910,0.005380,-0.113278,-0.010027,0.164174,0.036705,0.050015,-0.211736,-0.075991,0.231093,0.177328,-0.121079,0.034705,0.456672,0.115798,0.170012,-0.024434,0.104176,0.212142,0.311610,0.007582,0.159067,-0.142235,-0.085380,-0.162118,-0.237548,0.072026,0.209994,-0.015855,0.107324,0.288713,0.267641,0.164532,0.187030,-0.175408,0.177606,0.030992,0.120474,0.184109,0.169430,0.130912,0.138206,0.000281,0.057093,0.285774,0.052563,0.192249,-0.070058,-0.058678,0.082197,0.181304,0.125061,0.087112,-0.266562,0.133262,0.014385,-0.103329,0.013049,0.074548,0.265393,0.116459,-0.096091,0.329781,0.085254,0.024681,0.152304,-0.028668,0.083337,-0.045852,0.178184,0.083835,0.012528,0.352078,0.217680,0.130706,-0.094949,0.150945,0.057529,0.096190,0.216299,0.029091,0.109319,0.200808,0.214380,-0.037778,0.070843,0.375309,0.026130,-0.082481,0.172804,0.173999,0.036645,0.139152,0.102679,0.176170,0.210849,0.028061,0.345550,0.406120,-0.064103,-0.005010,0.009471,-0.207113,-0.029374,-0.114324,-0.037424,0.190896,-0.224166,-0.006617,0.186759,0.312449,0.202573,0.159186,0.099857,0.054956,0.158013,-0.200094,#
15,0.327092,-0.081102,0.147132,-0.058203,0.050032,0.254901,0.109061,-0.074616,0.181363,0.193676,0.102332,-0.162870,-0.000127,0.062407,0.268817,1.000000,0.032415,0.345975,0.121397,0.137252,0.143499,0.093629,0.158662,0.243475,0.083850,0.079834,-0.012515,-0.065864,0.093886,0.319294,-0.071213,0.227022,0.031773,0.147617,0.057731,0.381343,0.132128,-0.092549,0.287716,0.068215,0.040935,0.047375,0.027608,-0.176596,0.218830,0.121454,-0.050732,0.232962,0.078265,0.070699,-0.156561,0.598104,-0.152966,-0.034938,0.241827,0.049404,0.119333,-0.015289,0.179610,0.285969,0.378119,-0.011671,0.136170,0.119004,-0.135807,0.383235,0.049682,-0.012202,0.027332,-0.213204,0.207327,0.030349,-0.120952,0.133914,0.013978,0.048872,0.055099,0.040570,0.063559,0.000052,0.369273,0.200324,-0.135279,0.055727,0.240268,0.000000,-0.028100,0.337939,-0.012482,0.055415,0.012595,-0.108775,0.030964,0.038139,-0.067987,-0.080801,0.170726,0.011518,0.072692,0.151025,0.294643,0.062120,0.303817,0.149854,0.050147,0.000179,0.206812,0.000033,-0.013359,0.157951,-0.089945,0.256774,0.133829,0.118565,0.012227,0.114266,0.043916,-0.000236,-0.013125,0.068243,0.013462,0.075014,0.240653,-0.000366,-0.026703,0.198495,0.285259,0.259412,0.010187,0.329798,-0.231416,0.014307,0.015031,0.266272,0.039550,-0.014267,-0.129106,-0.171072,-0.113131,0.014364,0.047297,-0.000199,0.153908,0.025280,0.037139,-0.033103,0.136614,0.000317,0.000081,-0.178793,0.148286,-0.188743,0.330715,0.062970,-0.113095,0.214926,0.317150,0.201282,-0.114460,0.305501,-0.068126,0.120573,0.338965,-0.152901,0.177839,0.227665,0.082623,0.254426,0.265432,0.000140,-0.076881,0.260537,-0.197914,0.207667,0.025167,0.173687,0.124868,0.287764,0.331520,0.093844,0.063568,0.071504,0.118535,0.408597,0.037611,-0.017153,-0.032794,0.228210,-0.072511,0.012267,-0.394049,0.127708,0.241571,0.246879,-0.064398,0.280772,0.156532,0.167238,0.099883,0.011429,#
16,0.364615,-0.091580,-0.130882,-0.250658,0.142949,0.044695,0.034567,0.161857,-0.129620,-0.049042,-0.079711,-0.007364,0.254522,0.096612,-0.000931,0.032415,1.000000,0.054152,-0.185880,0.225916,0.265070,0.032938,-0.261701,0.266376,-0.048944,0.043315,0.189275,-0.213001,-0.001454,0.159625,-0.225462,0.275030,0.087660,0.057369,0.208337,-0.048105,0.053799,-0.030193,0.067889,0.158179,-0.167230,0.016856,0.219679,0.044438,-0.059209,0.066273,-0.017143,-0.060485,-0.003444,0.247409,-0.061775,-0.040633,-0.046049,0.300011,0.276840,-0.154157,-0.233635,-0.012962,0.006544,-0.095442,-0.138598,0.297594,0.031627,-0.135118,-0.253014,0.046429,-0.165705,0.256956,0.185214,0.207930,-0.087117,-0.134670,0.221289,0.226557,0.155761,-0.073911,-0.167430,0.114936,0.020091,0.095948,0.030694,-0.130844,-0.235855,0.324345,0.093205,0.214924,0.081607,0.132784,0.158028,0.222424,-0.015265,-0.100170,0.158639,-0.198159,0.035723,0.130457,0.009185,0.136879,0.048316,0.243487,-0.260711,-0.001132,0.044140,0.231375,-0.101079,0.216735,0.077840,-0.180112,0.112745,0.010020,0.225803,0.130734,0.131654,-0.027476,0.270418,0.057182,0.305088,-0.041889,0.207499,0.031185,0.205886,0.262383,0.219207,0.130194,0.313806,0.113555,0.278776,-0.204702,0.010210,0.101210,0.235681,-0.072979,0.010801,-0.116850,0.210970,0.092516,-0.016888,-0.149973,-0.150767,0.202636,0.122927,0.084238,-0.163496,0.046662,0.089298,-0.082446,0.221511,0.028914,0.102415,0.428267,-0.200221,0.305069,0.067094,-0.019602,-0.013021,0.287975,0.210844,-0.056635,-0.074443,0.213299,0.130499,0.118270,0.032584,-0.105363,-0.024427,-0.040089,0.027500,0.178895,-0.003293,-0.119525,0.064029,0.214438,0.094480,-0.037481,-0.086377,-0.015501,0.064214,0.208207,0.372010,-0.104011,-0.021332,0.044265,-0.095266,-0.022115,0.225647,0.152842,-0.084535,0.305078,0.160767,0.066216,0.013821,-0.096740,0.014621,-0.006439,-0.204426,0.234730,0.081573,-0.196048,-0.106741,0.175065,#
17,0.192268,0.067416,0.022474,-0.036222,0.042483,0.140880,0.139721,-0.035265,0.138710,-0.003334,-0.112867,0.204730,0.288382,0.069896,0.080909,0.345975,0.054152,1.000000,-0.134349,-0.095377,0.130140,0.191090,-0.019474,0.229955,-0.103973,0.157539,0.070620,-0.108629,-0.082866,0.011645,0.143568,0.166941,0.124940,0.056865,0.081069,0.198182,-0.076944,0.137243,0.326775,0.095035,0.145091,0.181025,0.141275,0.075740,-0.057760,0.158497,0.083138,0.318890,0.057934,0.091454,0.127268,0.269204,-0.042207,0.123041,0.006416,0.048522,-0.065184,-0.078565,0.002591,0.080957,0.140461,0.068908,-0.078119,0.056414,-0.103082,0.391734,0.144676,0.292552,0.109952,-0.013913,0.082999,0.228583,-0.103644,-0.074763,0.018013,0.236451,0.091162,-0.031198,-0.037766,0.037546,0.195993,0.190649,-0.175654,0.108274,-0.079244,-0.015819,0.359167,-0.060998,0.161684,0.159999,0.048909,-0.214265,0.078895,0.087249,0.040501,0.191024,0.117706,-0.053968,-0.169394,-0.080114,0.257016,-0.102635,0.024773,0.236263,0.004925,0.016327,0.241724,0.085464,0.250205,0.178772,0.029624,0.065669,-0.147420,0.142503,0.217153,-0.061718,0.017536,0.140428,0.038724,0.100564,0.085416,0.026510,0.138341,0.091272,0.135572,0.291792,0.177980,-0.114763,-0.080487,0.150213,0.322679,0.183812,0.200818,0.038082,-0.152487,0.103725,0.103485,-0.016958,0.209897,0.160378,0.177440,0.140561,0.269150,0.173618,0.232603,0.074801,0.092086,0.243696,-0.027925,-0.070968,0.162781,-0.117689,0.127211,0.020876,0.239819,0.277099,0.195205,0.123249,0.026125,-0.095720,-0.154025,0.152373,0.185284,0.301152,0.099853,0.010880,-0.086852,0.015402,0.165594,0.082236,0.077126,-0.085829,0.020867,0.121058,0.078514,0.135782,0.243042,0.058919,0.097531,0.237523,0.342306,0.278077,0.042793,0.150527,0.158181,0.013922,0.074964,0.264661,-0.043664,-0.031708,-0.218716,0.049448,0.253868,0.374854,0.183600,0.270625,0.012707,0.236536,-0.105533,0.153107,#
18,0.051493,-0.132332,0.078243,0.280465,0.108859,-0.291853,-0.015154,-0.072317,0.008959,0.305722,-0.087107,0.126970,0.099258,0.151304,0.287548,0.121397,-0.185880,-0.134349,1.000000,0.167350,-0.004525,0.137373,0.133075,0.182798,0.007718,-0.044121,-0.120464,0.146934,0.022576,-0.004406,-0.097458,-0.010966,0.047833,-0.016807,0.154599,-0.026460,-0.024837,0.031989,-0.016616,0.259879,0.012173,-0.202528,0.037112,-0.182557,0.302709,0.027569,0.062590,-0.072696,-0.334046,0.028563,-0.180725,-0.027084,0.101264,0.135921,0.174686,0.122194,0.007397,0.102121,-0.095153,0.092971,0.249669,-0.032747,0.188253,-0.017428,0.071235,0.025244,-0.052493,-0.176000,-0.203391,0.058976,0.087637,0.014191,0.064738,0.053374,0.119736,-0.071826,0.195470,0.000230,-0.011934,0.179303,0.070467,-0.004581,0.063065,-0.028491,0.019499,-0.176476,-0.060221,0.143927,-0.018172,-0.030627,0.075777,-0.117442,-0.049623,-0.137880,0.119984,-0.078528,0.226162,0.016144,-0.110443,-0.013285,0.248133,0.146470,0.193759,0.067304,0.221187,0.027342,-0.029824,-0.238947,-0.240104,-0.173976,0.233042,-0.178209,0.384469,0.196521,-0.134126,-0.040735,-0.105871,-0.036047,-0.129772,-0.109977,-0.021361,0.145880,0.095648,-0.276852,-0.028201,-0.209318,-0.295616,0.249578,0.171261,-0.049972,-0.290378,0.140753,-0.104520,0.215886,0.057615,0.062379,-0.108972,0.180963,-0.066592,-0.113933,-0.142583,0.026949,0.109487,0.245353,-0.080983,0.150669,0.139888,0.063783,-0.219761,0.129479,-0.185753,0.061584,0.007342,0.035307,-0.107867,0.071076,-0.007109,0.028936,0.015295,0.201687,0.060010,0.033384,0.016680,0.137435,0.030667,0.252205,0.086110,-0.064729,0.011212,0.157963,-0.156070,-0.024632,0.092062,0.116755,0.013543,0.178236,-0.101882,0.016041,-0.067945,0.109337,-0.102790,0.000210,-0.118464,-0.045486,0.072622,-0.223734,0.285332,-0.226713,-0.008618,0.038396,0.096717,0.031385,0.200601,0.299856,0.023848,0.032320,0.020113,-0.081699,0.150225,-0.113845,#
19,0.208122,0.059905,0.154806,-0.016919,0.236697,0.309531,-0.103999,-0.009703,0.117387,0.271556,0.067963,-0.135012,0.114418,0.062055,0.111541,0.137252,0.225916,-0.095377,0.167350,1.000000,0.002057,-0.021232,0.125712,0.226688,0.047111,-0.066821,0.175757,-0.035081,-0.086362,0.140188,0.114359,-0.017348,-0.020704,0.060670,-0.026714,-0.121985,0.175351,-0.043836,0.230423,0.129636,0.081786,-0.051857,-0.036573,-0.065092,0.107301,0.089186,0.190104,0.017661,0.208556,0.054818,-0.175869,0.114603,-0.087635,0.188996,0.037909,0.083530,0.070211,-0.053899,0.235658,0.140317,0.240116,0.379179,0.197062,0.095205,0.050705,0.018186,-0.118523,0.162031,-0.087801,-0.075943,0.120052,0.004181,0.124320,0.124322,0.151980,0.238790,0.125331,0.102422,0.268704,0.175468,0.013614,-0.062529,0.115956,0.090622,-0.044440,0.137925,-0.129631,0.300105,0.153561,-0.248889,-0.048142,-0.060114,0.168289,-0.076724,-0.038682,0.033942,0.102022,0.134707,-0.036455,0.046622,0.202602,0.079764,0.101285,0.119374,0.072805,0.385562,0.138178,0.081273,0.085191,-0.158077,-0.074945,0.036887,0.180276,0.088483,0.053256,0.074731,0.306789,0.031538,0.043314,-0.289336,-0.145821,0.180094,0.075530,-0.035763,0.159940,-0.032696,0.309825,0.014246,0.147138,0.113703,-0.008401,0.010361,-0.153496,0.177465,0.319264,-0.074026,0.127747,0.084547,-0.198244,-0.182647,-0.149112,-0.008875,0.127252,0.032428,0.091881,0.085330,0.062340,-0.011113,0.111655,0.152427,0.070747,0.309257,0.148555,-0.025527,0.057675,0.281430,0.099792,0.077550,0.176116,0.285721,0.196534,0.031197,0.016068,-0.042980,0.263630,0.155989,-0.048109,0.142430,0.113306,0.079677,-0.046690,0.091762,0.289448,0.320117,0.059038,0.048718,0.012901,0.232645,0.219956,0.027697,-0.150575,0.240687,0.033823,0.238089,0.317331,-0.041663,0.084120,-0.036669,0.122373,0.001334,0.163669,0.221692,0.056360,0.166542,-0.153223,0.306215,-0.196161,0.040708,0.274779,0.092004,#
20,-0.065152,-0.279322,0.222759,0.064576,0.341603,-0.015844,0.206436,0.046611,-0.065887,0.206609,0.040281,0.134138,0.000064,0.205843,0.139767,0.143499,0.265070,0.130140,-0.004525,0.002057,1.000000,0.178309,0.063560,0.117794,-0.007475,0.355556,0.220401,-0.121551,-0.045112,0.160273,-0.052259,0.061899,0.047452,0.269701,0.331678,0.409186,0.173066,0.084403,0.318595,0.290627,-0.106227,0.171684,0.100812,-0.051991,0.306019,0.127818,0.163559,-0.193503,-0.279047,0.124755,-0.149814,0.069930,-0.110527,0.361652,0.365775,0.086210,0.017717,0.076281,0.114447,0.102369,0.186953,0.118090,0.166944,0.040131,0.103591,-0.047389,0.039558,0.012012,-0.078012,0.202536,0.367595,0.040970,-0.039414,0.041141,0.405531,-0.113448,-0.153971,0.112631,-0.051391,0.092521,0.244266,0.186090,0.074344,-0.115018,0.038823,0.173087,0.054582,0.122162,-0.102710,0.044899,0.181887,0.034909,0.121860,0.068293,0.252372,-0.180154,0.081482,0.210575,0.038988,0.073115,0.112156,0.012340,0.246105,-0.044019,0.180018,0.009042,0.190369,-0.031068,-0.227937,0.231550,0.205321,0.216919,0.021335,-0.027513,0.081224,0.039835,0.264392,0.094324,-0.079246,0.166348,0.195267,0.084495,-0.037479,0.315179,0.060405,0.013903,0.305069,-0.051117,0.340057,0.189562,0.397826,-0.037676,0.101183,0.321487,0.122209,-0.059246,-0.235566,-0.181711,0.061662,0.181185,-0.058387,0.279400,0.114223,0.010849,0.042889,0.068118,0.131767,0.075331,-0.048092,0.266140,0.210209,0.109884,0.105603,0.287370,-0.003927,0.131588,0.053671,-0.249221,0.237705,0.158406,0.039390,0.118125,0.172909,0.005554,0.134213,-0.161572,0.117326,0.073547,0.160518,-0.000510,0.032261,-0.047076,0.184537,-0.069198,-0.071822,-0.017395,-0.129730,0.047410,0.242343,0.082126,0.185206,0.020797,0.147139,0.058493,0.175288,-0.052791,-0.048643,0.115029,-0.059787,0.234676,-0.158958,-0.084020,0.071318,0.369053,-0.025185,-0.118903,-0.047367,0.133866,0.244322,0.282128,#
