0,1.000000,-0.048575,-0.152592,0.051779,0.103129,0.179998,-0.159682,0.096039,0.037655,0.054947,-0.126798,-0.106473,0.264631,-0.248723,0.183293,-0.064043,0.050975,-0.064317,-0.169432,0.180450,-0.263778,-0.069857,0.030301,-0.020496,0.156151,0.013530,0.437741,0.007526,-0.027620,-0.062688,-0.139521,-0.132093,-0.042964,-0.148594,0.362916,-0.113396,0.140187,-0.121128,0.235145,0.223961,-0.290546,0.005392,0.010184,0.106153,-0.134325,0.105597,0.197732,-0.339066,-0.136207,0.200316,0.369894,-0.072831,-0.002710,0.149385,0.002250,0.135922,0.009533,0.152749,0.005549,-0.172175,0.197245,-0.149596,-0.193379,-0.069519,0.058170,0.051514,-0.202507,0.274590,-0.047752,0.112602,-0.053205,0.132866,0.018815,-0.201205,0.044039,0.146767,-0.270098,-0.144897,-0.160899,0.074424,0.335012,0.170269,-0.116212,0.040705,-0.220502,0.163359,0.219549,-0.308289,-0.049525,0.016151,0.044763,-0.165998,-0.202657,-0.157240,-0.099566,0.027909,0.024326,-0.023474,-0.004447,0.079401,-0.137490,-0.097177,-0.206188,0.021948,0.198229,-0.212385,-0.461641,0.017515,0.103414,-0.007782,0.264407,-0.158072,0.025751,0.095849,0.032300,0.070492,0.063270,0.016375,0.304651,0.012338,-0.035738,0.144171,0.204544,0.011059,-0.131712,0.088984,0.013389,0.076681,0.119888,-0.116433,0.227520,-0.249908,-0.238288,-0.105833,-0.033201,-0.048703,0.157200,0.176516,-0.187129,-0.314942,-0.168672,0.090226,-0.089730,0.052235,-0.136741,0.187341,0.059479,-0.100138,0.107668,-0.126616,-0.096413,-0.209430,0.101452,-0.397459,0.105337,-0.066891,0.106356,0.058917,0.032430,0.098547,-0.020331,0.175088,0.052183,-0.157710,0.196849,-0.036249,-0.000407,0.040896,0.184401,0.095660,0.049379,0.001218,0.319114,-0.018254,0.015678,-0.252862,-0.041136,-0.000772,0.077095,-0.014742,-0.111809,-0.062212,-0.148426,-0.036668,0.081687,0.084524,-0.119871,0.090468,0.047834,0.106973,-0.046104,-0.097627,-0.202978,-0.061276,0.089160,-0.141713,-0.084151,-0.044665,-0.074707,0.151249,#
1,-0.048575,1.000000,0.114061,0.341901,-0.052880,0.094513,0.142575,0.034438,0.026040,0.042210,0.002583,-0.225319,-0.007050,0.159883,-0.292011,-0.025622,0.246517,0.056480,0.169520,-0.167112,0.248912,0.205499,0.165378,0.303258,0.075706,0.136504,0.078760,0.028334,-0.022099,0.082869,-0.185222,0.254539,0.056304,-0.115183,0.048332,0.181668,0.016435,0.224486,0.086166,0.106073,0.026752,-0.083436,0.162638,0.101504,0.086024,0.180505,-0.007181,0.071627,-0.096374,0.087674,0.194394,0.204525,0.118658,0.239277,-0.005111,0.219938,-0.199709,0.018045,0.088214,-0.009349,0.279221,-0.021266,-0.078195,0.088910,-0.041104,0.073187,0.131451,-0.014551,0.198270,0.270192,0.164684,0.134394,0.152336,0.152781,-0.016502,-0.148127,0.225033,0.131397,0.141366,-0.081093,0.118601,0.203775,0.098792,-0.022912,0.032755,0.233540,0.146756,-0.145586,0.102233,0.058913,0.082105,0.136126,0.058445,-0.171228,0.137604,-0.023592,-0.125670,-0.033865,0.013093,0.172496,-0.048937,0.138829,0.084381,0.137935,0.215443,0.015525,-0.355231,0.215775,0.079595,0.163504,0.078413,0.163229,0.131897,0.007239,-0.123159,0.004672,0.362627,0.305529,0.115301,-0.078798,0.224679,0.102724,-0.261882,0.121550,0.097119,0.120285,0.293085,0.092109,-0.098953,0.019252,-0.005232,-0.185619,-0.125742,0.220198,-0.100531,-0.016342,-0.046795,0.084349,-0.005389,0.063232,-0.007932,-0.015111,-0.252140,-0.143294,-0.032854,0.000930,0.082373,-0.028893,-0.106814,-0.128745,-0.000147,0.025759,-0.085594,-0.000362,-0.037972,0.040008,0.180320,-0.133076,-0.054822,0.018350,-0.097005,0.155380,0.320051,0.136699,-0.296139,-0.242217,0.067120,0.100380,-0.136956,0.003749,0.366867,-0.102421,0.098267,0.009184,0.165190,0.139768,0.071264,0.182070,0.126724,-0.197845,0.114017,-0.216257,-0.016337,0.126903,-0.081627,0.084095,-0.005243,-0.053977,0.224126,0.124938,-0.136299,0.245361,-0.000391,0.193278,0.208303,0.214296,0.269220,-0.090573,-0.014757,0.076133,#
2,-0.152592,0.114061,1.000000,0.121685,-0.136288,0.167662,0.104715,0.138878,-0.157505,0.021322,0.134594,-0.115233,0.013721,-0.053410,-0.088323,-0.111850,0.019009,0.109200,0.190297,0.118902,-0.010402,0.071184,-0.153175,-0.090758,-0.057187,-0.099803,0.030164,-0.018146,-0.186927,0.136110,0.001779,0.236763,0.321906,0.277263,0.139468,-0.058184,0.158678,-0.027305,0.166932,0.279402,0.373328,0.183388,-0.245955,0.021332,0.077167,0.278415,0.146492,0.092229,0.160747,0.250920,-0.129147,-0.096974,-0.023926,0.213140,0.174145,0.126834,0.189076,-0.059407,-0.019838,0.026383,-0.018261,0.042721,-0.143580,0.315401,0.027859,-0.315477,0.391450,-0.163768,0.257750,0.197617,0.215221,0.019686,-0.118284,0.251148,-0.096065,-0.064452,0.066964,0.181810,0.167234,0.306880,0.070335,0.236700,0.162263,0.112928,-0.031661,0.256158,0.124788,0.298817,0.195197,0.069818,0.306449,-0.139143,0.161734,-0.073157,0.207953,-0.115520,-0.044477,0.108330,-0.153456,-0.038771,-0.039879,-0.269020,-0.198821,0.097131,0.101943,0.200181,-0.027257,-0.023397,0.169824,-0.021326,0.113141,0.130367,0.068416,-0.157662,0.030873,-0.137110,-0.102117,-0.004562,-0.041889,-0.053658,0.278015,0.276593,-0.013361,0.011632,-0.002487,0.193743,0.250158,0.055654,-0.098789,0.194058,-0.229080,0.209670,0.001763,0.218611,-0.007083,-0.114198,-0.233824,-0.002310,-0.055710,0.134451,0.038391,-0.023663,0.139411,-0.106089,0.180990,0.089540,0.062179,0.089032,0.247439,-0.114013,0.217580,-0.042327,0.025947,0.078521,-0.117056,0.101212,0.187400,-0.010644,-0.198061,-0.078568,-0.045908,-0.116789,0.035076,0.034225,-0.125711,0.016776,0.011643,0.022022,-0.077559,0.045646,0.125056,-0.107397,0.071922,0.028629,0.027242,0.295377,0.288699,0.021946,0.023589,-0.057001,-0.016213,0.097443,0.129149,0.289739,-0.070645,0.199488,0.038654,0.223138,0.032093,-0.023913,-0.097666,0.001990,-0.061371,0.320118,0.186754,0.189390,0.174618,0.005454,-0.014038,0.032657,#
3,0.051779,0.341901,0.121685,1.000000,0.136637,0.159445,-0.209315,0.091326,0.104903,0.161609,-0.169817,-0.094034,0.214951,0.117588,-0.193590,-0.168426,0.186396,0.006757,-0.098427,-0.016871,0.317985,0.047329,0.048290,-0.052681,0.203951,0.277077,0.247584,0.172263,-0.021827,0.088777,-0.154558,0.057674,0.143633,-0.004457,-0.025248,0.103225,-0.167258,-0.118290,-0.066675,0.338381,-0.001288,0.158554,0.073915,-0.000870,0.246513,-0.009446,0.055144,0.277249,0.041701,0.067716,0.149103,0.142868,0.060362,0.194221,0.247878,0.081982,-0.055519,0.078931,0.170400,-0.070620,0.201276,0.038554,0.023751,0.081121,0.022509,0.254386,0.034054,0.086735,0.113438,0.174743,-0.121606,-0.096708,0.302785,0.098801,-0.020844,0.059130,-0.010450,0.162878,0.207136,0.146231,0.264722,0.374410,0.065382,-0.178543,-0.009761,0.129692,0.079141,0.111920,0.000762,0.021412,0.001188,0.138550,-0.060552,-0.191311,0.172007,0.072622,0.070323,0.100392,-0.208233,0.216221,0.314486,-0.041430,0.030262,0.163317,0.079031,-0.109090,0.052762,0.302710,-0.018694,-0.077122,-0.051576,0.338140,0.185054,0.127559,-0.052847,0.198281,0.258291,0.294814,0.047655,0.139638,0.028339,0.198010,0.001224,0.317471,0.081104,0.247554,0.230302,0.223547,0.009477,0.210860,0.193156,0.033359,0.214209,0.116217,-0.060595,-0.196177,0.000372,0.068982,0.198849,0.138092,0.048135,0.103662,-0.287926,-0.128750,-0.225142,0.192203,0.325120,0.137298,0.226827,-0.172745,-0.062711,-0.043417,-0.040129,0.041924,0.102384,-0.011903,0.356379,0.270979,0.109185,0.215586,0.246573,0.338497,0.206898,0.414431,-0.007043,-0.134129,0.107971,0.103193,0.061698,0.202475,0.235788,-0.066650,0.015165,-0.042771,0.145882,0.201355,0.202211,0.030986,-0.005321,-0.002974,0.186720,0.197250,0.000166,0.360759,0.182322,0.168307,-0.061241,-0.230331,0.138935,0.109443,0.129845,0.121251,0.132162,0.187075,0.298485,0.381278,0.030400,0.016805,-0.048226,0.121970,#
4,0.103129,-0.052880,-0.136288,0.136637,1.000000,0.211622,0.131207,0.070332,0.087539,0.090677,0.045205,-0.059818,0.099632,-0.171638,0.103264,0.097312,-0.085649,0.037676,-0.227819,-0.086547,0.170736,0.186526,0.292493,0.090902,0.293803,-0.006262,-0.061992,0.062312,0.209681,0.185292,-0.043720,-0.010037,-0.065107,0.111161,0.143462,0.177672,-0.132791,-0.125388,0.009682,0.207402,-0.109587,-0.080690,0.190286,0.099715,0.295157,-0.227839,0.332583,0.151596,-0.251995,-0.016733,0.253646,0.127867,0.002647,-0.176923,0.101690,0.080403,-0.040746,0.228433,0.251002,-0.184350,0.066208,0.098911,0.230409,0.024977,0.177164,0.407805,0.102184,-0.300453,0.042964,0.042471,0.053647,-0.161842,-0.131265,-0.055493,0.102346,0.056211,0.004347,0.063035,0.107482,0.064087,-0.044220,0.368156,-0.041735,-0.094286,0.003541,-0.101525,0.017000,0.090379,0.066487,0.090465,0.012118,-0.124167,0.159957,-0.074949,0.083869,0.238465,0.199279,0.047915,-0.030324,-0.106198,-0.191084,0.229263,-0.038982,0.212964,-0.093316,-0.280718,0.138357,-0.002928,0.058307,0.296749,-0.187978,0.147540,0.263131,0.185979,-0.025146,0.007232,-0.232915,0.338023,0.007188,0.216746,0.087481,0.121064,-0.000645,0.072479,0.046332,-0.011434,0.210526,-0.178869,0.135296,0.157669,0.187555,0.137562,0.072896,0.066881,0.118298,-0.211277,-0.084403,0.246651,0.048348,0.193607,-0.118894,0.208043,-0.067692,0.112414,-0.123383,0.139290,-0.007068,0.133254,0.071310,0.017973,-0.091899,0.103806,-0.022157,-0.265065,0.280282,-0.127349,0.223142,0.352761,0.149861,0.064125,-0.079804,0.154010,-0.082741,0.185724,0.012931,-0.209848,0.236503,-0.020552,-0.160233,0.021685,0.202334,0.000454,0.046312,-0.045239,-0.138252,0.072133,0.217703,0.200055,0.060060,0.250157,0.163580,-0.241509,-0.012550,0.096037,0.155121,0.305552,0.106382,0.037200,0.097742,0.319018,0.177685,0.050122,0.264846,0.022869,-0.024202,-0.076069,-0.215836,-0.055902,0.066138,0.064361,#
5,0.179998,0.094513,0.167662,0.159445,0.211622,1.000000,0.119972,0.102605,0.151772,0.105675,-0.059797,-0.083977,0.094981,-0.204657,0.116167,-0.134890,0.004140,0.071367,0.065280,0.198787,0.002580,-0.022102,-0.038213,0.086800,0.316084,0.056122,0.123051,0.033001,0.059106,0.229539,-0.000358,0.141597,0.127342,0.129362,0.102248,0.081688,0.108871,-0.036568,-0.027220,0.203641,0.066184,0.183918,0.239098,0.018280,0.152009,0.317148,0.034775,0.097691,-0.241774,0.123147,0.128308,0.047520,-0.018207,-0.059225,0.372813,0.189867,-0.108532,0.114326,0.076551,0.001205,0.187257,-0.083047,0.097302,0.288026,0.097024,0.187999,-0.069055,-0.085709,0.010879,0.057519,0.289242,0.124087,0.004174,0.236677,0.217121,-0.019465,-0.119950,0.365709,0.204496,0.202326,0.011012,0.277967,0.135459,0.034198,0.027407,-0.120077,0.095589,0.093147,0.057543,0.003034,0.395126,-0.097475,-0.060448,-0.030639,0.256736,-0.178732,0.329911,0.133929,0.055652,-0.069229,0.106976,0.021811,0.181758,0.202384,0.039952,-0.000127,0.138898,-0.022848,-0.019151,0.170177,0.057353,-0.007029,0.232939,0.170866,-0.101109,-0.085945,0.302501,0.240754,0.176961,0.247193,0.057985,0.020388,-0.170606,0.229945,-0.025724,0.114705,0.179251,0.115166,0.230824,-0.162122,0.086146,0.145654,0.065264,0.191053,0.203423,-0.091789,-0.204809,-0.006588,-0.086475,0.056364,-0.067105,-0.105797,-0.128692,-0.012318,0.162262,0.164415,0.099209,0.019237,0.146667,0.016047,0.269614,-0.062022,0.389476,-0.077016,0.201665,0.025998,0.218341,0.044199,-0.032604,0.104134,0.062736,0.226980,0.033978,0.030137,-0.005746,-0.192708,-0.120360,-0.019014,0.122543,0.006890,0.094493,0.145964,-0.006202,-0.067040,-0.079820,0.203198,0.315569,0.105953,0.166780,0.126156,0.161760,-0.134481,-0.212242,0.134709,0.061644,0.347423,0.244578,0.063480,0.139551,0.092916,-0.101236,0.092040,0.170041,0.257863,0.212389,0.267400,0.102210,0.163686,-0.160914,0.261705,#
6,-0.159682,0.142575,0.104715,-0.209315,0.131207,0.119972,1.000000,-0.051451,-0.096123,0.040663,0.181621,-0.097723,-0.174045,-0.219897,-0.306121,0.334449,0.320267,0.203229,0.145606,-0.011638,-0.100322,-0.178123,0.040385,-0.051979,0.090979,0.033775,-0.015036,-0.085401,-0.050523,0.025433,-0.035661,0.193450,-0.114170,-0.010683,0.141481,0.021918,-0.115517,0.190106,-0.074111,0.007592,-0.003313,0.071500,0.185771,-0.007793,-0.089734,0.061202,-0.056194,0.026597,-0.288842,-0.061268,-0.164201,-0.048879,-0.133643,-0.162292,-0.000444,0.025542,-0.219358,0.012746,-0.123631,0.093487,0.017894,0.149726,-0.176629,-0.005667,0.284386,0.018370,0.120784,-0.130520,-0.020155,-0.128361,0.154311,0.098607,-0.259402,-0.010176,0.152949,-0.047106,0.302663,0.107134,0.222335,0.107398,-0.239520,0.096517,-0.013037,0.094230,0.090074,-0.134670,0.027711,-0.135068,-0.078000,-0.210657,-0.140112,-0.080627,0.118270,-0.206047,0.079265,0.026447,0.238656,0.066153,-0.111314,-0.001556,-0.069924,0.070175,-0.067950,-0.053407,0.129589,-0.032440,0.046051,0.002667,0.221765,0.061404,0.038550,-0.039398,0.103561,0.301648,0.116819,0.202494,-0.020333,0.043654,-0.003238,0.000408,-0.056163,0.095064,-0.410628,-0.296660,0.100247,-0.050137,0.033800,-0.187479,0.062984,-0.051982,0.134895,0.033047,0.231366,0.041788,0.158609,-0.023228,0.014537,-0.135226,0.075514,0.016917,0.029554,-0.085764,-0.019368,-0.209085,0.001532,0.061799,-0.111802,0.278621,-0.041222,0.020355,0.125541,-0.003421,-0.100624,0.154112,0.114405,0.067469,-0.152762,-0.189899,-0.248057,-0.091496,-0.192818,-0.036942,0.003996,0.016352,-0.201384,-0.107816,-0.004171,0.096199,-0.087887,-0.066080,-0.167786,0.222641,-0.305488,0.073423,-0.039561,0.100526,0.142662,0.112548,0.117787,-0.042368,0.184345,-0.051252,-0.031311,-0.060890,-0.051431,-0.004156,0.081771,-0.222077,0.091664,0.024643,-0.029589,0.181361,-0.120591,0.149697,0.010314,-0.027640,-0.003261,-0.185137,0.104086,-0.055191,#
7,0.096039,0.034438,0.138878,0.091326,0.070332,0.102605,-0.051451,1.000000,-0.008786,-0.031269,-0.301002,-0.186397,0.295097,-0.039472,-0.006524,0.079647,0.029220,0.197387,0.158672,0.120342,0.139687,0.103528,0.219973,-0.068013,-0.015081,0.157714,0.006044,-0.155105,0.146462,-0.003185,0.085224,0.054413,0.150407,0.125677,0.139522,0.030623,-0.199796,0.104986,0.386994,0.122908,0.068812,0.260032,-0.037018,-0.089028,0.077739,0.216362,0.179053,0.173209,0.217821,0.222080,0.116493,0.077165,-0.004760,-0.091863,0.139793,-0.035431,0.063428,-0.233909,0.279465,0.167227,0.109774,0.136226,0.072659,-0.139237,0.160592,0.096002,-0.046218,-0.036741,-0.317746,-0.037052,0.205353,-0.168948,-0.014538,0.075945,-0.084982,-0.080851,-0.115997,0.009656,0.028935,0.101133,0.125023,0.019796,0.068618,0.039104,0.062949,0.202205,-0.241555,0.157141,-0.041678,0.060007,0.147938,-0.123889,0.168513,-0.002597,0.343014,0.261090,0.081322,0.112240,0.128134,0.071625,0.025823,-0.044024,-0.343206,-0.109171,0.151099,-0.029903,-0.270154,0.175851,0.175040,-0.389554,-0.004203,0.015573,0.286132,-0.029873,0.346899,0.097498,-0.050442,-0.040256,0.062019,0.335075,0.064271,0.203549,0.208041,0.066441,-0.047051,0.171727,0.129886,0.215316,-0.008482,0.282362,-0.185443,0.001649,0.037602,-0.251124,-0.176440,-0.203717,-0.124549,0.174190,0.086898,0.080705,-0.165973,0.064759,-0.028498,-0.101947,0.158571,0.301272,-0.024543,0.004616,-0.061173,-0.080845,-0.125107,0.123832,-0.141745,-0.122871,0.185843,0.289530,0.173620,0.226479,-0.184291,-0.089786,0.151094,0.037107,0.160798,0.096197,-0.114836,-0.026615,-0.111761,-0.136768,-0.176675,-0.094260,0.124113,0.024028,0.194228,0.146516,0.156475,-0.013812,0.072283,-0.076210,-0.096752,0.001964,0.174310,0.031217,-0.168507,0.153917,0.310817,0.211831,0.117064,0.205766,0.108504,0.238060,0.186392,0.089546,-0.047466,-0.107081,0.128022,0.011033,0.100158,0.078189,-0.132775,-0.031053,#
8,0.037655,0.026040,-0.157505,0.104903,0.087539,0.151772,-0.096123,-0.008786,1.000000,-0.005101,0.019543,0.195299,0.086554,0.115339,0.018190,0.031005,0.170888,-0.191261,-0.104721,-0.080158,0.173597,-0.081426,0.107907,0.029602,0.029537,0.097386,-0.017949,-0.164809,-0.026304,-0.079375,0.066237,-0.056190,0.023761,-0.020333,0.047079,0.452830,-0.005637,-0.069877,-0.119803,-0.112982,-0.028970,0.022916,0.227621,0.260401,0.127899,-0.161387,-0.071066,-0.228050,-0.081182,0.076360,0.078210,0.051346,0.297899,-0.140073,-0.122515,0.183300,-0.070231,0.126912,-0.062806,-0.102818,0.136225,0.099616,0.112613,0.199593,0.018208,0.231030,0.038248,0.078276,0.100388,0.032413,0.248999,0.269583,0.188666,-0.060719,0.063006,-0.204020,-0.013961,0.078486,0.149485,0.269189,-0.044253,0.070859,-0.041468,-0.047528,-0.012236,-0.027509,0.045998,-0.046753,-0.213761,-0.245596,0.001966,-0.105406,-0.151241,-0.133503,-0.188007,-0.096438,0.328739,0.216008,0.241607,0.178281,-0.097217,-0.298625,0.276235,0.337307,-0.224174,0.105928,0.047437,0.125047,-0.061949,0.215250,-0.115500,-0.031959,-0.070769,-0.034625,-0.158781,0.038088,0.404553,0.018202,-0.201408,0.107551,0.005772,-0.026753,0.136939,0.317536,0.136645,0.158784,-0.011285,-0.009149,0.306412,0.206745,-0.097652,0.183008,0.052706,-0.164349,-0.183498,0.253244,0.073093,0.064288,0.038167,-0.093364,-0.095093,-0.100507,-0.075016,-0.318049,0.032453,0.171337,0.126723,0.184036,0.014915,0.012729,-0.018820,0.218990,-0.086164,0.185479,0.275054,-0.024513,0.160943,0.257790,0.227274,-0.234011,0.262562,0.017083,-0.088862,-0.239847,-0.122398,-0.143062,-0.028876,0.182735,0.209079,-0.069198,-0.104591,0.217377,-0.169529,0.015470,0.167075,0.052949,0.125686,0.048927,0.150128,0.171720,0.286683,-0.077381,0.063112,0.008125,-0.081566,-0.095433,0.041622,0.160090,-0.138613,0.037056,0.136702,-0.039779,-0.034000,0.110394,0.122496,-0.075991,-0.215851,0.077181,-0.210654,0.198316,#
9,0.054947,0.042210,0.021322,0.161609,0.090677,0.105675,0.040663,-0.031269,-0.005101,1.000000,0.093112,-0.218663,0.047939,-0.037050,0.097862,-0.344494,-0.094308,0.199521,-0.241589,-0.121975,-0.008536,0.000381,-0.105623,-0.101635,0.155739,-0.060646,0.242177,0.059165,-0.063874,-0.155258,-0.231954,0.042472,-0.037324,-0.154428,-0.043033,0.055925,-0.065703,-0.210999,-0.024833,0.000632,-0.037835,0.078744,-0.192054,0.041470,0.030749,0.037792,0.057991,0.083123,0.093346,0.115389,0.031548,0.064749,-0.027142,-0.224923,-0.116347,-0.009148,-0.011116,0.003298,-0.272778,0.140043,0.058334,0.097204,-0.020999,0.017864,-0.056944,0.073694,0.038020,-0.158849,0.011038,0.096222,0.235537,0.059387,0.147936,-0.013265,-0.015721,-0.112075,0.066121,0.088404,-0.023927,0.214990,0.131850,0.242710,-0.081522,-0.165493,0.071659,0.014675,0.184039,-0.030163,-0.009318,0.295036,0.282300,-0.140009,0.182856,-0.171177,0.145424,-0.102378,-0.009120,-0.083370,0.128171,0.336016,0.019729,0.024992,-0.048127,-0.197109,-0.006391,0.136812,-0.110074,0.194326,-0.042207,-0.177720,-0.042545,0.328410,0.148498,0.013584,0.027751,0.171387,0.028507,0.189271,0.248253,0.003195,-0.148821,0.073067,-0.040948,0.056872,0.123402,-0.049333,0.146449,0.104143,0.040135,-0.233321,-0.168031,0.105954,-0.048944,0.145091,0.126153,-0.322606,0.014267,0.161621,0.036485,0.081262,0.251713,0.216100,0.116199,0.172308,0.104773,0.124492,-0.134028,0.334739,0.002628,0.034066,-0.020901,-0.066565,0.084593,-0.054443,-0.070368,-0.059933,0.103154,0.150320,0.146541,0.094417,-0.132338,0.145667,0.140810,0.109721,-0.162140,-0.177446,-0.144993,0.356813,0.073473,0.011191,-0.105954,-0.073158,0.051009,-0.350213,-0.054095,0.040548,0.237197,0.071261,0.132790,0.031736,-0.184644,0.081022,-0.058812,-0.034587,-0.031218,0.104286,0.073969,-0.006740,0.139077,0.066578,-0.169717,-0.243438,0.086966,0.068531,-0.194579,0.042632,-0.143918,0.051842,-0.228259,-0.040817,#
10,-0.126798,0.002583,0.134594,-0.169817,0.045205,-0.059797,0.181621,-0.301002,0.019543,0.093112,1.000000,0.056680,-0.142410,-0.163889,-0.310463,0.138614,0.154252,0.051848,0.251090,-0.183646,-0.000330,0.023032,-0.301885,0.047987,0.110238,0.000797,-0.218312,-0.026982,0.018292,0.007620,-0.085657,0.115481,-0.077302,-0.093403,-0.087882,-0.093461,0.122081,0.010971,-0.256899,-0.184134,0.127976,-0.223998,0.006395,0.060558,-0.027993,-0.127645,0.263333,0.093515,-0.302990,-0.008616,-0.166155,-0.049694,0.248626,-0.073472,-0.038641,0.282297,0.060711,0.142671,-0.234230,0.103758,0.095437,0.117056,0.095478,0.250588,0.017671,0.018401,0.131386,-0.233679,0.054335,-0.177812,0.078131,0.089438,-0.262795,0.098830,-0.011907,-0.030935,-0.181386,0.071601,0.273709,-0.181943,-0.023961,-0.099226,0.118447,-0.051382,-0.024423,0.180583,0.242448,0.137636,-0.113029,0.131950,0.021458,0.129430,0.028897,-0.243974,0.088229,0.004478,0.303290,0.091926,0.114828,0.036526,0.080737,-0.019215,-0.005619,0.101360,-0.441231,0.129935,0.237946,-0.045304,0.096364,0.155791,0.197694,-0.054115,-0.118749,0.079817,0.000135,-0.041596,-0.121725,-0.081550,0.011080,-0.172187,0.044254,0.133151,-0.180339,-0.194626,0.085720,0.095584,0.272076,0.009877,0.031646,-0.128818,0.054792,0.304966,0.104712,0.032430,0.129919,-0.005184,-0.151597,0.043916,0.012206,0.055817,0.037243,0.068002,0.384277,0.137816,0.201506,0.116267,-0.130439,0.002863,-0.035157,0.179557,0.151120,-0.029298,-0.076864,0.164673,0.007109,-0.025218,-0.028518,-0.046599,0.189942,-0.069525,0.005779,0.083074,-0.032532,0.116667,-0.369900,0.049207,0.137936,0.169792,0.105746,-0.104953,-0.287307,0.225905,-0.102579,0.046155,0.041732,0.163793,0.144361,0.055062,0.036421,0.180628,-0.260420,-0.231985,0.047403,0.030457,-0.052502,-0.085106,0.260462,0.167892,-0.038931,0.104337,-0.191182,-0.003978,-0.079540,0.296467,0.010638,-0.096396,-0.097290,-0.114554,-0.023244,0.265458,#
11,-0.106473,-0.225319,-0.115233,-0.094034,-0.059818,-0.083977,-0.097723,-0.186397,0.195299,-0.218663,0.056680,1.000000,-0.118371,0.082663,0.047845,0.014507,-0.205288,-0.105972,0.034160,-0.067621,0.003430,0.081508,-0.025380,-0.045900,0.000189,0.006975,-0.191317,0.046839,-0.012211,-0.003353,0.309499,0.070799,0.100442,0.087182,-0.064174,-0.076252,-0.026744,-0.012370,-0.196368,-0.311765,0.001809,-0.048368,0.086687,0.015622,0.113463,-0.358636,-0.137958,-0.145318,-0.062149,-0.166691,-0.221827,-0.249869,0.074448,0.058452,-0.013053,-0.018810,-0.124994,0.281439,0.030138,0.234285,0.010952,0.040531,0.160045,0.067424,-0.060992,-0.089552,0.068790,0.127087,-0.065937,0.065193,-0.254681,-0.072129,0.092812,-0.157472,0.304736,0.281434,-0.017264,0.111662,0.052191,-0.056526,-0.132258,-0.196286,-0.062560,-0.071864,-0.204311,-0.237008,0.036679,-0.004668,0.111378,-0.084346,-0.243459,0.007466,0.008641,0.085555,-0.292787,0.131499,0.141843,0.189788,0.121131,0.097050,0.047311,-0.171236,-0.124844,0.210105,-0.210862,0.167606,0.100359,0.077054,-0.179408,0.039244,0.036503,0.024441,-0.165178,0.019317,0.012020,-0.155071,-0.012976,0.222906,-0.149243,0.308114,0.137223,-0.109536,0.111658,0.381362,0.094884,-0.205770,-0.053571,0.115960,0.352904,0.129718,0.131831,0.118818,0.177210,0.007540,0.026298,0.374418,0.190000,0.138298,-0.139447,0.152129,-0.140169,-0.264915,0.193327,0.193031,-0.008255,-0.051806,-0.032498,-0.077799,-0.170402,-0.309713,0.012865,0.024855,-0.073724,0.152752,-0.184380,-0.060934,-0.107435,-0.009885,0.033697,0.062484,-0.034574,0.055732,-0.264624,0.164164,0.017317,0.120045,0.027790,0.029233,-0.001716,-0.024271,0.047497,0.111331,-0.159446,-0.075410,-0.082949,0.191058,0.029954,-0.104058,0.058646,0.060129,-0.123440,-0.066196,0.028318,0.058786,0.050691,-0.235188,0.030081,0.045916,-0.270400,-0.153465,0.150858,0.216849,0.139878,0.013254,0.119518,-0.056521,-0.228117,0.062172,0.001300,0.109580,#
12,0.264631,-0.007050,0.013721,0.214951,0.099632,0.094981,-0.174045,0.295097,0.086554,0.047939,-0.142410,-0.118371,1.000000,-0.092272,0.023900,-0.164486,-0.085024,-0.068461,0.015347,-0.180958,0.109357,0.212658,0.131799,-0.214706,0.135752,0.153781,0.101538,-0.186473,0.119585,0.084743,0.078274,-0.325618,0.037161,-0.050578,0.386537,0.082101,-0.048642,-0.052347,-0.098268,0.035605,-0.093584,-0.270705,0.012840,0.123729,0.036748,-0.036575,0.262301,0.145659,0.175561,0.253915,0.062118,-0.063771,-0.040580,-0.040174,0.114683,-0.049446,-0.089757,-0.241953,0.201619,-0.071413,-0.057099,0.015862,-0.024265,-0.048113,0.009249,0.048033,-0.226036,0.171714,-0.027464,0.008779,-0.087414,0.077173,0.158417,0.046345,-0.023387,0.232763,-0.034834,0.155760,-0.020640,0.248446,0.221077,0.109543,0.081225,-0.275128,0.097726,0.185279,0.023033,0.126133,-0.083907,0.079462,0.251141,-0.132183,0.141575,0.313524,0.071181,0.115287,-0.055093,-0.009270,-0.126023,-0.175112,0.143939,-0.099966,-0.289741,-0.174948,0.056575,0.023058,-0.185393,0.323948,-0.062545,-0.047665,0.180742,0.019360,0.153906,-0.027157,-0.060626,-0.120637,-0.198646,0.046902,0.041528,0.027062,0.175417,0.148486,0.055919,0.009395,0.037633,0.389957,-0.160421,0.105843,-0.216069,0.074907,-0.317191,-0.241661,0.184633,-0.289022,-0.138035,-0.059682,-0.195623,-0.105072,0.043547,-0.166441,-0.220282,-0.267040,-0.128584,0.089491,-0.183467,0.242115,0.179028,0.186021,-0.112429,-0.050270,0.092500,-0.059456,0.009426,-0.231784,0.051222,-0.050225,0.086567,0.193184,0.183073,-0.295406,0.027140,0.175057,0.114678,-0.092252,0.023836,0.065569,-0.049023,-0.033251,0.213573,0.016361,0.146855,-0.167837,0.133211,-0.068907,0.091021,0.088472,0.110191,-0.014703,-0.454648,0.024956,0.019485,0.202784,-0.116643,0.177247,0.072539,0.059255,0.134364,0.070745,-0.022884,-0.098301,-0.016886,-0.123208,-0.212155,-0.233888,0.034100,-0.085352,-0.079164,0.008763,-0.149859,0.112906,#
13,-0.248723,0.159883,-0.053410,0.117588,-0.171638,-0.204657,-0.219897,-0.039472,0.115339,-0.037050,-0.163889,0.082663,-0.092272,1.000000,0.085547,-0.002928,-0.057716,-0.123724,0.075219,-0.224643,0.115502,0.174428,0.219208,0.218972,-0.160474,0.377160,-0.080003,0.115671,0.002950,-0.059673,-0.042076,0.028265,0.030565,-0.019039,-0.062107,0.147558,0.077215,0.140245,-0.093531,-0.062441,0.199448,-0.045114,0.178642,-0.187567,0.031477,0.086530,-0.260581,0.104206,0.260422,-0.047530,-0.258373,0.090995,0.096716,0.021655,0.175172,0.115063,0.041751,0.172959,0.032249,0.027732,-0.048394,0.187699,-0.137353,0.006732,-0.114202,0.046611,0.128895,0.203177,0.086424,0.310529,-0.114527,-0.021654,0.263815,0.087311,-0.104628,0.120026,0.025619,0.001148,0.014681,-0.025254,-0.238796,-0.003105,0.120307,0.150292,-0.248447,0.168741,-0.114453,0.139753,0.217344,-0.031630,0.068299,0.117352,0.121505,0.099783,-0.135180,0.010431,-0.041165,0.021358,-0.064896,0.163512,-0.030259,0.058187,-0.032177,0.010390,-0.092652,-0.171833,-0.117433,0.260786,-0.202273,0.033412,-0.196855,-0.044971,-0.141744,-0.015665,0.182216,-0.041776,0.030329,-0.087242,-0.219645,-0.063697,0.095349,-0.171526,0.161780,0.189703,0.013916,-0.064207,-0.084875,0.242765,-0.022213,0.172309,-0.146348,-0.141874,-0.052089,0.078040,-0.217000,0.061915,0.066127,0.042492,0.224072,0.222951,0.146255,-0.093291,-0.178515,0.027352,-0.060088,0.094609,0.115061,0.067385,0.049641,-0.211453,0.003761,-0.043341,-0.057107,0.265776,-0.270733,0.007927,-0.171755,-0.221173,0.089489,0.030873,0.147578,0.019685,0.207319,-0.090754,-0.076059,0.039274,-0.048149,0.197810,-0.063817,0.043060,0.027058,0.050056,-0.215257,0.224099,0.098602,0.077850,0.021927,-0.158845,-0.007773,-0.060620,0.142983,-0.027691,0.102725,0.042811,-0.237319,0.003406,0.008461,-0.185935,-0.118684,0.096439,0.173596,0.086232,0.164913,-0.038787,0.054014,0.216480,-0.074322,0.368628,-0.018575,0.177793,#
14,0.183293,-0.292011,-0.088323,-0.193590,0.103264,0.116167,-0.306121,-0.006524,0.018190,0.097862,-0.310463,0.047845,0.023900,0.085547,1.000000,-0.108838,-0.132515,0.169122,-0.261308,0.055630,-0.224233,-0.007995,0.129211,0.169064,-0.160769,-0.103225,-0.064547,0.235410,-0.027761,0.031877,0.375829,-0.009345,0.022379,0.060735,0.036977,-0.058112,0.254515,-0.098915,0.207232,-0.073034,-0.121644,0.044825,-0.113533,0.048856,0.023915,0.092632,0.050867,-0.151694,0.034174,-0.021921,0.061408,0.045821,0.098135,-0.132337,0.020133,0.177500,0.294741,-0.003321,0.163353,-0.160338,0.013790,-0.212099,0.171044,0.039290,-0.045556,-0.022468,-0.116010,-0.099356,0.034928,0.051191,0.165819,0.006497,0.126443,0.078826,0.173635,0.187550,-0.054797,-0.113014,-0.243125,-0.072858,0.006479,0.083059,0.055820,0.164729,-0.103141,-0.115327,-0.018354,0.106945,0.096378,0.314387,0.275235,-0.106933,0.130067,0.262918,-0.078800,-0.107443,-0.178707,-0.052684,-0.062912,-0.011658,-0.333104,-0.018932,0.070687,0.056932,-0.048665,-0.024127,-0.008357,-0.131609,0.067436,0.042334,-0.217725,0.076879,0.213010,-0.045969,0.059531,-0.202783,0.001015,-0.057062,-0.021128,0.133625,0.011144,-0.159226,0.243267,0.205660,-0.001841,-0.161873,-0.197548,-0.032793,0.016893,0.022656,-0.099222,-0.097615,-0.130657,0.082591,-0.005397,-0.242086,0.119569,0.096279,-0.093706,0.085055,0.035305,0.069190,0.151577,0.318932,0.077116,0.068301,-0.019155,-0.128512,0.059622,-0.147652,0.322563,-0.119750,0.264154,-0.150414,-0.019783,-0.129516,0.106992,-0.038454,0.043042,0.144011,-0.080098,-0.089741,-0.030629,-0.184863,0.354559,0.106994,-0.103265,0.117327,0.062705,-0.018173,0.114412,-0.310918,-0.050956,-0.044402,-0.205998,0.042731,-0.123729,0.079971,0.116147,0.108326,0.030859,-0.039350,-0.025264,-0.085143,-0.042292,0.159583,0.007615,0.095678,-0.122166,0.086664,0.076336,0.055329,0.081964,-0.140453,-0.174829,-0.065819,-0.143379,0.165083,-0.163228,-0.217180,#
15,-0.064043,-0.025622,-0.111850,-0.168426,0.097312,-0.134890,0.334449,0.079647,0.031005,-0.344494,0.138614,0.014507,-0.164486,-0.002928,-0.108838,1.000000,0.251591,0.115438,0.222824,0.050235,0.001071,-0.127075,0.013142,0.188809,0.115321,0.196752,-0.228161,0.006442,-0.083327,-0.196233,0.089208,0.231700,-0.047377,0.149118,0.120391,-0.042520,-0.050183,0.145089,-0.167338,-0.113512,0.028433,-0.036591,0.022146,0.002241,-0.040234,0.059891,0.082688,0.016108,-0.161180,-0.046140,-0.011273,0.004433,0.193769,-0.019707,0.001819,0.124713,0.044876,-0.004578,0.027271,0.313511,0.130518,0.131753,0.193494,-0.057437,0.260157,-0.136633,0.150862,0.002225,-0.083359,-0.081461,0.002340,-0.214331,-0.199914,0.201554,0.117835,-0.047719,-0.105239,-0.105297,0.132804,-0.132991,-0.205789,0.112962,0.058626,0.123571,0.063222,0.062284,-0.272255,-0.081783,-0.001413,-0.212795,-0.142371,0.039714,0.136930,-0.047816,-0.155570,0.118656,0.101942,0.211704,0.064523,0.089624,-0.155274,0.125143,-0.099528,0.168374,0.066354,-0.139998,0.078813,-0.160124,0.022770,0.138735,-0.110987,-0.061513,0.196301,-0.068399,0.410932,0.141252,-0.211217,-0.138093,-0.088100,0.215841,-0.078514,0.236126,-0.001302,-0.143356,-0.146194,-0.059211,0.090269,0.009173,0.016468,0.126676,0.165410,-0.002676,-0.080902,-0.134319,0.081867,0.208750,0.141818,-0.003115,-0.020737,0.139565,-0.139764,-0.121171,0.110768,-0.090621,-0.018217,-0.013381,0.062699,-0.107062,-0.045217,-0.144309,0.079947,0.385654,-0.006940,0.074044,0.087047,0.116450,-0.158042,-0.203905,0.040715,-0.028986,0.058490,0.037858,0.042868,0.208417,0.076559,0.031844,0.044097,-0.093322,-0.067824,0.091438,-0.192019,0.158441,-0.101573,0.335907,0.093744,0.021370,0.041765,-0.062222,0.209785,0.060438,0.009990,-0.220828,-0.012439,-0.041528,0.222130,0.012508,-0.084420,-0.143514,0.053476,0.143924,-0.025866,0.280324,-0.100824,0.147300,0.025059,0.001852,-0.122939,0.000825,0.306070,-0.034097,#
16,0.050975,0.246517,0.019009,0.186396,-0.085649,0.004140,0.320267,0.029220,0.170888,-0.094308,0.154252,-0.205288,-0.085024,-0.057716,-0.132515,0.251591,1.000000,0.116218,0.248436,0.159265,0.070257,-0.431645,0.112203,0.053774,-0.089822,0.123382,-0.050850,0.139828,-0.224474,0.033134,0.179385,0.166441,-0.080770,-0.167879,0.098616,0.058709,0.010388,0.236116,0.148518,0.220921,-0.017444,-0.032958,0.180730,-0.031808,-0.035014,-0.093079,0.071109,-0.005143,-0.100155,0.159858,0.021624,0.092321,0.005418,0.070921,-0.152088,0.153351,0.093669,0.072290,0.055643,0.162788,0.159115,0.215085,0.028644,0.126476,0.231046,0.155137,0.033673,0.172804,0.124699,-0.048392,0.081523,0.083239,-0.021878,0.222304,0.002431,-0.004469,0.007220,-0.008589,0.227499,0.140136,0.217338,-0.057410,0.110828,-0.035379,0.147289,0.101616,0.094491,0.012099,-0.226236,-0.077565,-0.219085,0.211833,0.116270,-0.330680,0.101757,0.049640,-0.102767,0.016996,-0.086937,0.145901,0.006509,0.038239,0.118569,0.141733,0.136142,-0.040467,-0.100898,-0.069831,0.376027,-0.055501,0.040769,-0.019254,0.225740,0.218780,0.095740,-0.019505,0.348434,-0.157570,0.040196,0.072100,-0.192010,0.092153,0.006571,-0.132207,0.228982,0.050646,-0.028754,0.005008,-0.059778,-0.002122,0.086101,0.044431,0.086215,0.243858,0.004783,0.036769,0.073846,-0.078266,0.067996,-0.248656,-0.126562,0.074853,-0.115018,-0.242676,-0.009553,-0.101275,0.129970,0.070619,0.094742,0.027225,0.079840,0.041775,-0.111154,0.045609,-0.018612,0.102087,0.045829,-0.042769,-0.121783,0.029900,0.180479,-0.091410,0.140941,0.067501,-0.012021,-0.063491,-0.060869,0.179091,0.030650,0.151984,-0.353156,0.239948,-0.146918,0.341181,0.264976,-0.089431,0.107569,0.233385,0.075828,0.012544,0.235514,0.009673,-0.127413,0.357245,-0.050769,-0.142187,-0.005164,-0.024268,0.157127,0.110759,0.092342,0.201101,-0.295916,0.282420,0.082384,0.212294,0.054552,-0.256645,-0.014384,-0.017582,#
17,-0.064317,0.056480,0.109200,0.006757,0.037676,0.071367,0.203229,0.197387,-0.191261,0.199521,0.051848,-0.105972,-0.068461,-0.123724,0.169122,0.115438,0.116218,1.000000,0.003002,0.093782,-0.128826,0.068764,0.054436,-0.075376,0.108789,-0.061330,-0.102408,0.147412,-0.062090,-0.033893,0.108944,0.159278,-0.243966,-0.110486,-0.039561,-0.423807,-0.032126,0.201809,0.350466,-0.034825,0.095884,0.200920,-0.039151,0.063110,0.141806,0.325463,0.003249,0.049115,0.068611,0.053929,-0.065898,-0.048702,0.082463,0.028817,0.080622,0.150939,0.149504,-0.098655,0.120411,0.016092,0.162586,-0.150170,0.267406,-0.082727,-0.137310,-0.004210,0.215784,-0.193936,0.089461,-0.161700,0.335942,-0.075983,-0.104606,0.373145,0.114114,0.052169,-0.239771,0.041437,0.190771,-0.034308,-0.073306,0.168660,-0.021474,0.279340,-0.113790,-0.138083,0.205471,-0.150108,-0.158783,0.084000,0.038263,0.004404,0.201552,0.044825,0.174666,0.063037,-0.117775,-0.068275,0.081366,0.321406,-0.108942,-0.021503,-0.090917,-0.184993,-0.083172,0.156550,-0.085142,0.059281,0.049848,0.002421,0.015084,-0.056502,0.320017,0.159398,0.273203,0.052711,-0.071444,0.110272,0.117755,0.216449,-0.050729,0.006161,-0.229733,-0.099156,0.107676,0.119682,0.024244,0.181013,0.017873,0.060649,0.005073,0.135878,0.044862,-0.054226,-0.125343,-0.115439,0.267651,-0.006146,-0.261096,0.157039,0.012666,0.075189,0.239081,0.106762,0.063513,0.017778,-0.322430,-0.164476,-0.029828,-0.041484,0.172755,0.056743,-0.028162,0.043786,-0.061215,0.109695,0.150691,-0.191965,0.013811,0.017970,-0.063636,-0.019723,0.231636,0.070532,-0.160290,-0.279638,-0.287009,-0.017738,-0.043380,-0.005970,-0.042980,0.015001,-0.127026,-0.156912,-0.022230,0.098311,0.131046,0.065514,0.155586,0.078456,-0.051573,0.041254,-0.013215,0.137276,-0.031405,-0.120418,0.180571,0.103661,0.086049,-0.092103,-0.055420,0.071125,-0.173397,-0.154547,-0.218325,0.210544,0.008877,-0.134291,-0.095697,-0.230654,#
18,-0.169432,0.169520,0.190297,-0.098427,-0.227819,0.065280,0.145606,0.158672,-0.104721,-0.241589,0.251090,0.034160,0.015347,0.075219,-0.261308,0.222824,0.248436,0.003002,1.000000,0.003869,0.110871,0.215884,-0.166565,0.144660,-0.224989,-0.003571,-0.173628,-0.097057,0.034193,-0.086526,0.034010,0.109030,-0.006191,0.189226,-0.023767,0.006394,-0.182854,0.365016,0.025047,-0.053806,0.285674,-0.193115,0.322632,-0.182595,-0.047704,0.013241,0.266104,0.225778,0.062505,-0.048097,-0.254711,0.064581,0.027646,0.052922,0.059222,0.052287,-0.017514,0.026164,0.081760,0.132734,0.192432,0.032492,-0.130807,-0.048702,0.135934,-0.058847,0.152671,-0.127809,-0.098593,0.083698,-0.107375,0.019260,-0.079891,0.098527,-0.180827,-0.137912,-0.287688,0.105628,0.115796,-0.106083,-0.056251,-0.226110,0.123153,-0.033871,0.083599,0.275624,-0.223049,0.156121,-0.101092,-0.069824,-0.036660,0.124835,0.117414,0.071945,0.232039,-0.025578,-0.023137,-0.040273,0.069083,-0.020034,0.096268,0.006226,-0.157532,-0.094490,0.123945,0.284971,-0.143270,0.223986,0.101965,-0.048631,0.056132,-0.050248,-0.015481,-0.150274,0.142871,-0.023542,-0.091491,-0.170717,0.029411,0.073846,0.076063,-0.170909,-0.069433,-0.073242,0.067386,0.034492,0.044510,0.009723,0.079756,0.012522,-0.056435,0.070058,-0.091422,-0.127166,-0.081555,0.222100,-0.156438,-0.071147,0.144365,-0.096664,-0.321426,-0.105733,-0.130521,-0.143178,0.091174,0.077149,0.006593,-0.073469,-0.052180,0.043290,-0.024215,-0.092248,0.165147,0.134983,-0.021873,0.250962,-0.103713,-0.366639,-0.228059,-0.241740,-0.078197,-0.177413,0.098764,-0.047160,-0.010593,-0.007956,0.021379,-0.102226,-0.148602,0.087831,0.090790,0.045477,-0.067739,0.227899,0.246288,0.017236,-0.115699,0.022389,-0.092718,0.011123,0.122355,-0.148988,-0.295114,0.087398,0.002909,-0.284001,-0.056159,-0.009765,-0.270696,-0.016837,-0.060242,0.195968,-0.055026,0.085048,0.208817,0.070971,-0.031953,0.146426,0.048229,0.262084,#
19,0.180450,-0.167112,0.118902,-0.016871,-0.086547,0.198787,-0.011638,0.120342,-0.080158,-0.121975,-0.183646,-0.067621,-0.180958,-0.224643,0.055630,0.050235,0.159265,0.093782,0.003869,1.000000,-0.143777,-0.155045,-0.169956,-0.173039,0.055068,-0.038580,0.044103,0.329403,-0.202747,-0.148911,-0.016788,0.107805,0.132095,0.115155,0.164659,-0.074080,0.286107,0.189213,0.166609,0.128930,0.163120,0.271033,-0.037583,-0.060904,-0.200243,0.160656,-0.021928,-0.056033,0.050173,0.314243,0.090045,-0.125760,0.038694,0.371885,-0.047708,0.123844,0.113931,-0.032769,-0.038626,0.082200,0.003953,-0.074448,-0.117474,0.236728,0.039453,-0.118351,0.116723,0.057095,0.235093,0.031578,0.219997,-0.161538,-0.068807,0.206235,-0.196689,-0.004624,-0.082314,-0.025429,0.063988,0.065986,0.308520,-0.032659,-0.025716,0.248314,0.128960,-0.032486,0.070914,-0.066828,0.029569,0.043188,-0.197906,0.118272,-0.072871,-0.121053,-0.047478,-0.098386,-0.026390,0.187471,0.061511,0.204608,-0.137780,-0.000143,0.209164,0.082503,0.026313,-0.054051,-0.068598,-0.104728,0.010672,-0.255217,0.085193,0.021453,0.014819,-0.136716,-0.065789,-0.164732,0.116151,-0.033084,0.249620,0.084222,0.040847,-0.192087,0.013610,0.041226,-0.182928,0.179216,-0.038830,0.204686,0.052944,-0.119456,0.219926,0.076197,0.016320,0.160923,-0.101088,0.074077,-0.059575,-0.073371,0.096165,-0.114432,-0.080926,-0.006433,-0.306392,-0.144029,0.204268,-0.120943,-0.092841,-0.240407,0.115199,0.026357,0.008719,0.041504,-0.058012,-0.177700,0.035185,0.070248,0.349310,-0.035154,0.139413,0.075680,0.235452,0.095775,-0.125749,0.264336,0.230493,0.258241,-0.047877,-0.128814,-0.084436,0.030520,-0.136270,0.245469,0.323304,0.138681,0.014459,0.007897,-0.037190,0.077375,0.286588,0.023661,0.166524,0.048445,0.140412,0.183067,-0.037392,-0.003809,-0.259612,0.026589,0.039743,0.111145,-0.012670,0.050070,-0.161761,0.032799,0.049347,0.179806,0.206000,-0.182100,0.098241,-0.202161,#
20,-0.263778,0.248912,-0.010402,0.317985,0.170736,0.002580,-0.100322,0.139687,0.173597,-0.008536,-0.000330,0.003430,0.109357,0.115502,-0.224233,0.001071,0.070257,-0.128826,0.110871,-0.143777,1.000000,0.110364,0.152692,0.211594,0.094208,0.306766,-0.279171,0.164899,0.168127,-0.119021,0.077727,-0.014719,0.267113,0.201735,-0.143589,0.308032,-0.362938,-0.012922,-0.085907,0.201771,-0.045917,-0.000945,0.008432,-0.295082,0.327233,-0.181490,0.056440,0.155324,0.036638,0.251613,0.046197,0.169104,0.060492,0.130651,0.157779,-0.178049,-0.319816,-0.122728,0.147591,0.014464,0.097706,0.055642,0.145058,0.189173,-0.065004,0.264284,0.036987,-0.040511,-0.087564,0.017469,0.046155,0.111839,0.317201,0.071880,-0.130516,-0.057372,0.149564,-0.067022,0.293688,-0.016214,-0.156087,-0.032316,0.175457,-0.375526,0.001855,0.166889,-0.002892,0.177975,0.009961,0.038266,0.051234,0.190288,0.024940,-0.093822,0.087956,0.207957,0.085617,-0.066623,-0.009748,0.036670,0.116682,0.033919,0.153571,0.197165,-0.046451,0.221454,0.237910,-0.010779,-0.064854,0.255379,-0.114296,0.125147,0.016096,0.043330,-0.021266,-0.073850,0.051039,-0.078712,-0.208459,0.024027,0.048931,0.116210,-0.004597,0.143276,0.078005,0.089374,0.220154,-0.074482,-0.045396,0.193970,-0.016632,0.052919,0.202723,0.125613,-0.027501,0.110032,-0.102794,0.199764,0.115761,0.108537,0.019163,0.103291,-0.106342,-0.163488,-0.014968,-0.093417,-0.073190,0.107922,-0.005107,-0.086759,0.043216,0.059073,0.039412,0.163712,-0.057927,0.168593,0.176505,0.214709,0.038643,-0.000466,0.185363,0.158516,0.209360,0.141985,-0.179241,-0.018385,-0.014794,0.190799,0.007764,-0.156122,0.165562,-0.180112,-0.087339,0.055382,0.160967,0.123924,-0.048047,0.077103,-0.024728,0.103536,0.187445,0.060693,-0.026746,0.223263,0.069303,0.110289,0.018240,-0.085642,0.032723,0.088843,0.192045,0.314086,0.201341,0.175323,0.201370,0.164891,0.048455,0.033036,-0.063053,0.055036,#
