0,1.000000,-0.057649,-0.205562,0.021118,0.171994,0.142588,-0.178548,0.072343,0.033106,0.003270,-0.255778,-0.039139,0.117466,-0.339335,0.230682,-0.125150,0.052269,-0.077293,-0.060754,0.307711,-0.155056,-0.083431,-0.002529,-0.066443,0.263275,-0.048881,0.367212,-0.041423,0.043647,-0.053203,-0.183400,-0.045390,0.112972,-0.187044,0.270420,0.034344,0.067490,-0.113925,0.252687,0.180948,-0.124966,-0.046240,-0.070516,0.107573,-0.139399,0.016190,0.139153,-0.326323,-0.122711,0.104156,0.322096,0.057060,0.085178,0.150088,0.005420,0.166282,-0.127389,0.201996,-0.028019,-0.103024,0.148771,-0.102178,-0.097466,-0.054649,0.038636,0.163883,-0.222339,0.130136,-0.022477,0.131290,0.014290,0.043346,0.011957,-0.290551,0.079390,0.086823,-0.313781,-0.035194,-0.190821,0.047286,0.281307,0.145829,-0.101287,-0.028894,-0.133971,0.072964,-0.002092,-0.348630,0.000037,0.122594,-0.029682,-0.285621,-0.304711,-0.130493,-0.163139,0.145821,0.069184,0.033333,0.074359,0.190006,-0.154771,-0.104963,-0.066508,0.055460,0.238033,-0.177065,-0.362525,0.000498,0.095228,-0.084550,0.239381,-0.081907,-0.029448,0.068161,-0.035046,0.056030,0.031791,-0.032101,0.284540,0.176376,-0.024272,-0.060582,0.178987,0.132798,-0.048401,0.073185,0.063444,0.114784,0.148208,-0.183610,0.248982,-0.160451,-0.108452,-0.107034,-0.087491,-0.031080,0.197003,0.257688,-0.090267,-0.230235,-0.099673,0.260412,-0.139862,-0.010794,-0.126491,0.007369,0.147135,-0.038691,0.136024,-0.141626,-0.067591,-0.139915,0.056962,-0.262348,0.039817,-0.020034,0.057817,0.049548,-0.014677,0.120696,0.024944,0.282687,0.003973,-0.150476,0.386226,-0.013995,0.016070,-0.021222,0.180471,0.024987,0.125535,-0.022677,0.334487,0.003937,-0.011323,-0.353951,-0.090844,0.071208,0.182146,-0.002108,-0.255461,-0.085975,-0.159672,-0.110316,0.202696,0.015216,-0.137494,0.129026,-0.059752,-0.023445,-0.082757,-0.007437,-0.037683,-0.038818,0.114528,-0.165555,-0.034129,-0.143686,-0.115462,0.151907,#
1,-0.057649,1.000000,0.368454,0.233730,-0.073530,0.056467,0.222914,0.033121,-0.153298,0.028985,0.023454,-0.236504,0.041173,0.037550,-0.253392,-0.015966,0.242278,0.082666,0.200279,-0.172329,0.367963,0.140449,-0.052985,0.194040,0.148944,-0.132106,-0.065493,0.014696,-0.034248,0.005342,-0.043080,0.315356,0.247204,-0.051494,0.017617,0.150888,-0.066491,0.061866,-0.042298,0.002077,0.262032,-0.058105,-0.034033,0.042299,0.185123,0.419609,0.095247,0.007743,-0.288556,0.151142,0.116706,0.148017,0.112212,0.166887,0.059783,0.225327,-0.221449,0.001471,0.091748,-0.055700,0.190944,-0.019426,0.064012,0.096164,-0.108950,0.113746,0.177845,-0.066456,0.229094,0.089561,0.181912,0.139883,0.128687,0.155332,-0.058398,-0.223679,0.223941,0.163574,0.160959,0.071985,0.034878,0.233791,0.045649,-0.016739,0.128289,0.068797,0.085094,-0.068603,0.021703,0.182027,0.143773,0.068159,0.144477,-0.131395,0.097771,0.052241,-0.091606,-0.135961,0.058502,0.088019,0.075891,0.062507,0.153477,0.161068,0.194375,0.084643,-0.141414,0.145096,0.148380,0.113811,0.074147,0.110995,-0.060084,-0.067045,0.019658,0.025224,0.176378,0.349648,0.072981,-0.004802,0.069789,0.123746,-0.114541,0.243329,0.016196,0.133933,0.303351,0.036333,0.091436,-0.039979,0.000344,0.092854,-0.017504,0.289910,-0.026145,0.019062,-0.065306,-0.091221,0.044930,0.108873,-0.059316,0.038190,-0.297482,-0.010013,-0.043057,-0.085688,0.172372,-0.139002,-0.218618,-0.027776,0.000141,-0.069436,-0.168190,0.127878,0.011887,0.026074,-0.051194,-0.104874,-0.054763,0.082415,-0.121007,0.010002,0.306109,0.172434,-0.235995,-0.101524,0.119837,0.088565,-0.173375,-0.042081,0.405189,-0.248080,0.146158,-0.143375,0.149644,0.039872,0.097721,0.226955,0.071139,-0.101103,0.000840,-0.126000,-0.056636,0.046492,-0.119475,0.268110,-0.009998,-0.095447,0.125399,0.002055,-0.251613,0.309000,0.098257,0.375395,0.177479,0.228896,0.358514,-0.085271,0.064793,0.090082,#
2,-0.205562,0.368454,1.000000,0.109467,-0.172172,-0.012434,0.146054,0.072240,-0.177191,0.081738,-0.030846,-0.229923,0.080635,-0.068270,-0.125750,-0.029466,0.125043,0.158323,0.209457,0.065139,0.139178,0.062405,-0.127046,-0.121568,-0.052120,-0.218155,0.075012,-0.115479,-0.017133,0.105787,0.143770,0.037315,0.175097,0.220018,0.250292,0.039531,0.035602,-0.019029,-0.086280,0.249258,0.449091,0.056280,-0.075788,-0.047278,0.101628,0.179540,0.079996,0.116226,0.024833,0.298697,-0.112085,-0.082940,-0.038273,0.108275,0.210910,0.086703,0.221395,0.025334,0.087510,-0.223060,-0.001695,0.105595,-0.118856,0.096123,-0.125720,-0.172251,0.275620,-0.250061,0.436265,0.127992,0.203944,0.180263,-0.013225,0.237953,-0.306398,-0.127818,0.036250,0.276580,0.128257,0.288850,0.136209,0.204348,-0.020370,0.221304,0.086530,0.186910,0.069982,0.105601,-0.032210,0.067474,0.192973,-0.205181,0.009510,0.066750,0.036347,0.231047,-0.015643,-0.041404,-0.084211,-0.013638,0.059943,-0.092494,-0.051942,0.128517,0.222397,0.129236,0.010758,0.103806,0.180532,0.076271,0.099107,0.145781,-0.186650,-0.291829,0.026413,0.007597,-0.107597,0.124119,0.026475,0.026029,0.094028,0.187385,0.120298,0.066916,0.081221,0.192449,0.024343,0.080097,-0.168407,0.192937,-0.007871,0.283132,0.119158,0.104937,-0.168141,-0.149883,-0.053435,-0.214160,0.076821,0.089696,-0.053870,0.176277,-0.135086,-0.124005,-0.015297,0.109845,0.129011,0.006320,0.050015,-0.116787,-0.009664,0.033690,-0.227117,0.192703,-0.093498,0.178553,-0.073097,0.037614,0.030688,0.020876,0.013064,-0.360621,-0.011941,0.121621,-0.095709,-0.030298,0.109688,0.007657,-0.134899,0.207661,0.343038,-0.174064,0.113108,-0.109238,0.116889,0.235207,0.233794,0.199240,-0.013141,-0.160218,0.141282,0.151186,0.377750,0.152737,-0.133300,0.064088,-0.108508,0.133672,-0.046994,-0.042043,-0.059047,0.226385,-0.054548,0.164390,0.151082,0.430397,0.226813,-0.131700,0.144451,0.017694,#
3,0.021118,0.233730,0.109467,1.000000,0.129662,0.196441,-0.296216,0.103688,0.069582,0.112094,-0.224512,-0.072658,0.048375,0.196077,-0.160000,-0.249515,0.158782,0.096387,-0.101101,0.155344,0.336634,0.001995,0.020362,-0.173801,0.201467,0.290464,0.172139,0.153427,-0.037556,0.176897,-0.137103,0.184126,0.270600,-0.065666,-0.109830,0.057418,-0.098760,-0.071065,0.035435,0.313422,0.080623,0.082723,-0.108870,0.113152,0.231253,0.094597,-0.141373,0.161200,0.005148,0.108411,0.066853,0.154028,0.093969,0.167838,0.314525,0.078361,-0.131912,0.020467,0.145206,0.090181,0.075680,-0.029605,0.028896,0.171013,-0.034932,0.269323,0.054667,0.132411,0.132683,0.106156,-0.117467,-0.154221,0.177944,0.176072,0.019218,0.120673,-0.039141,0.074907,0.148994,0.073730,0.235023,0.238264,-0.089423,-0.225990,-0.018245,0.071400,-0.008877,0.159580,0.134667,0.061077,0.066254,0.082114,0.071192,-0.080323,0.122054,0.059958,0.007908,0.125447,-0.180280,0.241325,0.180455,-0.139521,0.089775,-0.019954,-0.008256,-0.133014,0.015824,0.172327,-0.011636,-0.163686,0.051112,0.210767,0.159753,0.139983,0.070613,0.134679,0.283053,0.191201,0.010115,0.121250,-0.020898,0.143390,0.003190,0.199539,-0.008141,0.232399,0.298876,0.153778,-0.028490,0.095705,0.095096,0.114510,0.229761,0.157259,-0.024403,-0.103784,-0.125818,0.080297,0.281482,0.196657,-0.048733,0.098295,-0.252936,-0.078066,-0.117632,0.060246,0.180281,0.107826,0.103264,-0.254437,-0.058935,-0.152446,-0.108101,0.189858,0.083374,-0.013339,0.184113,0.060246,-0.016421,0.182620,0.246363,0.379145,0.154391,0.333881,0.066097,-0.020035,0.072377,0.107488,-0.047369,0.097763,0.086710,-0.174570,-0.082141,0.054659,0.101606,0.138742,0.217337,-0.051587,0.022483,0.268526,0.063992,0.196334,0.114981,0.334043,0.171927,0.249655,-0.012266,-0.153038,0.054939,0.015850,0.103423,0.083284,0.290748,0.092683,0.320336,0.182217,0.011997,0.087267,0.054885,0.118746,#
4,0.171994,-0.073530,-0.172172,0.129662,1.000000,0.277811,-0.022878,-0.007300,-0.054045,0.178496,-0.067375,-0.054243,-0.115000,-0.115967,0.072805,-0.190628,-0.061550,0.044494,-0.227838,0.113080,0.111298,0.112507,0.290851,0.076520,0.022757,0.101301,-0.050428,0.147188,0.076601,0.288914,-0.055672,0.099725,-0.080637,-0.153630,0.149608,0.164143,0.086767,-0.112735,0.188982,0.194403,-0.136206,-0.048172,0.088806,0.026034,0.262158,-0.017709,0.247497,0.083435,-0.108385,-0.032732,0.324670,0.071251,-0.083459,-0.077079,0.072512,0.131293,-0.084325,0.217263,0.291905,-0.065099,-0.086633,-0.102020,0.212916,0.125324,0.184552,0.413487,-0.032259,0.036201,0.079385,0.020872,0.128115,-0.113043,-0.180354,0.097493,0.213488,-0.023806,0.080222,0.151654,-0.021728,-0.032347,0.056937,0.178496,-0.033156,-0.060853,0.047519,-0.019957,0.049316,0.274782,0.211299,0.063456,0.034938,-0.221926,0.158065,-0.054322,0.222195,0.037140,0.028650,0.007454,-0.003641,-0.158357,-0.198453,0.296943,0.093749,0.067558,-0.073747,-0.260806,0.001776,0.019663,0.164381,0.254065,-0.187882,0.111134,0.286467,0.239066,-0.099932,-0.098987,-0.059154,0.261625,0.156874,0.031371,-0.061963,0.021044,-0.155975,-0.056197,0.129088,0.078763,0.207423,-0.026933,0.189481,-0.061939,0.115307,0.058859,0.103391,0.077267,0.152526,-0.078080,-0.084615,0.349028,0.003233,0.106208,-0.094511,0.233582,0.034685,0.209400,-0.006386,0.024663,-0.065830,-0.009805,0.144508,-0.074920,-0.034837,-0.017139,-0.024810,-0.285493,0.217052,-0.084416,0.249583,0.314921,0.042651,0.114048,0.042551,0.260492,-0.027786,0.126442,0.167382,-0.064684,0.124425,-0.105606,-0.025681,-0.128945,-0.017874,0.121245,0.037372,0.047501,-0.267269,-0.035820,0.242142,0.169546,0.067808,0.440413,0.070818,-0.042409,0.083632,0.245069,0.230291,0.300846,0.092460,0.113716,0.177750,0.397463,0.233155,-0.113183,0.204332,-0.007107,0.017041,0.035010,-0.108203,0.057843,0.080891,0.027557,#
5,0.142588,0.056467,-0.012434,0.196441,0.277811,1.000000,0.112104,0.012754,0.196772,0.129061,-0.202173,-0.182944,0.020225,-0.228106,0.028835,0.007334,0.156084,0.079914,0.087569,0.225175,-0.007916,-0.027356,0.112771,0.068439,0.274817,0.185010,0.131581,0.019185,0.141881,0.208449,-0.048164,-0.013789,-0.017725,0.081109,0.303853,0.037819,0.078763,0.078322,-0.066174,0.221056,-0.101667,0.050711,0.354804,0.067921,0.145279,0.130417,-0.173730,0.078184,-0.160571,0.128360,0.211383,0.074410,-0.112455,-0.130720,0.359389,0.152422,-0.098468,0.074743,0.178126,-0.095254,0.154720,-0.192490,0.065620,0.205052,0.092695,0.294313,-0.193962,-0.090215,0.119255,0.066793,0.198438,0.213382,-0.099490,0.229472,0.142539,0.065149,-0.130785,0.342189,0.113821,0.058994,0.000936,0.115116,-0.140561,0.007690,0.032633,-0.099321,-0.020308,-0.120418,0.039232,-0.151474,0.294878,-0.070752,-0.114751,0.020852,0.216518,-0.022973,0.281529,0.179191,0.057350,0.047738,0.002373,0.062636,0.211852,0.224648,0.033220,-0.153605,-0.021695,-0.009005,-0.088684,0.166662,-0.020226,-0.002419,0.219099,0.075061,-0.094863,-0.105278,0.419033,0.187890,0.179761,0.292213,-0.031228,-0.042143,-0.191243,0.082793,0.073106,0.057867,0.215052,0.020559,-0.018538,-0.204345,0.104946,0.058211,0.031183,0.083687,0.052869,-0.093209,-0.126050,-0.042885,-0.011553,0.122159,-0.134149,-0.048250,-0.147296,-0.064144,0.145203,0.220876,0.025143,0.110738,0.099144,-0.134040,0.197570,0.016855,0.249025,-0.094542,0.268717,-0.019732,0.091109,-0.011004,-0.008104,0.060036,0.061566,0.130093,-0.058959,0.055656,-0.004668,-0.210882,-0.181449,0.072693,0.149176,0.182478,0.119024,0.190120,-0.089684,0.024129,-0.085071,0.350487,0.308825,0.041479,0.159451,0.201468,0.286929,-0.190244,-0.108459,0.099800,0.118764,0.204966,0.243769,0.173364,0.132418,0.128199,-0.080009,0.099059,0.193951,-0.033864,0.196441,0.156962,0.066202,0.125728,-0.050337,0.177553,#
6,-0.178548,0.222914,0.146054,-0.296216,-0.022878,0.112104,1.000000,-0.102386,-0.089341,-0.004766,0.338352,-0.112138,-0.036741,-0.171491,-0.252590,0.431689,0.327485,0.206406,0.118103,-0.286952,-0.178426,-0.130271,0.032875,-0.080235,0.054688,-0.001643,-0.025401,0.020718,0.080273,-0.102492,0.019598,0.120451,-0.161768,0.154942,0.067703,-0.110175,-0.138605,0.058813,-0.182994,-0.069878,-0.038719,0.043898,0.233281,0.086786,-0.092711,0.118079,0.088107,0.025413,-0.317035,0.022839,-0.182406,-0.084735,-0.181912,-0.083032,0.060221,0.182373,-0.146347,0.051383,-0.191188,0.066889,0.079328,0.061682,-0.063314,0.055615,0.136071,-0.133269,-0.048290,-0.144841,0.089960,-0.047039,0.254802,0.103602,-0.258726,-0.053429,0.161168,-0.129332,0.200326,0.198993,0.221060,0.140117,-0.212997,0.172587,-0.030835,0.080590,-0.012789,-0.177903,0.107452,-0.135185,-0.118679,-0.248308,-0.088462,-0.119925,0.160371,-0.153162,-0.002538,0.054159,0.366795,-0.036587,-0.139282,-0.034585,0.023281,0.021255,-0.150541,0.080627,0.086177,0.047741,0.135105,0.138797,0.228499,0.154836,-0.009919,-0.006696,0.121431,0.219311,0.038359,0.238145,-0.038951,0.056564,-0.080569,-0.044505,-0.023577,0.156779,-0.374976,-0.246201,0.099752,-0.080382,0.075618,-0.140139,0.079792,-0.050331,0.163632,0.159723,0.127437,0.050175,0.091695,-0.102409,0.111580,-0.160582,0.044263,0.081574,0.049680,-0.195768,0.066022,-0.058035,-0.111865,0.083001,-0.069107,0.221228,-0.020152,0.139817,0.137163,0.040667,-0.033363,0.056903,0.056666,0.092985,-0.269660,-0.140764,-0.199878,-0.017544,-0.173445,-0.162535,0.063110,-0.070881,-0.352077,-0.165128,-0.059565,0.103155,-0.061062,0.009246,-0.122913,0.245054,-0.256571,-0.104797,-0.007117,0.133696,0.173818,0.079469,0.048421,-0.163190,0.130197,-0.222057,-0.017550,-0.031060,-0.095881,-0.036084,0.107942,-0.147340,0.048546,0.016817,0.048972,0.111055,-0.123634,0.165384,-0.025562,0.038603,-0.003430,-0.163812,0.127280,-0.006298,#
7,0.072343,0.033121,0.072240,0.103688,-0.007300,0.012754,-0.102386,1.000000,0.193750,0.090353,-0.310865,-0.181445,0.211421,-0.003776,0.072993,-0.031120,-0.027507,0.244655,0.128028,0.073719,0.142538,0.046122,0.055303,-0.058628,-0.000802,0.068558,0.069799,-0.258820,0.221919,0.026787,-0.011447,0.093258,0.157600,0.040582,-0.049721,0.108609,-0.269497,0.108489,0.369910,0.183743,0.156608,0.109875,-0.060084,-0.032015,-0.048258,0.139601,0.176895,0.191766,0.185376,0.177748,-0.046309,0.239665,0.020862,-0.174712,0.108810,-0.146938,0.013208,-0.204549,0.210301,0.178909,0.154453,0.253786,-0.014453,-0.144304,0.110722,0.085769,0.012495,-0.089113,-0.362629,-0.001191,0.161230,-0.076818,0.061591,-0.035552,-0.206490,-0.241135,-0.152151,0.048625,0.061302,0.133846,0.153485,0.076181,-0.072621,0.043558,0.092712,0.194278,-0.185967,0.149961,-0.244195,0.093256,0.249319,-0.242104,0.115807,0.086986,0.230882,0.236354,0.155375,0.097315,0.197678,0.084857,-0.012881,-0.038565,-0.288265,-0.233520,0.165027,0.077472,-0.247810,0.146654,0.099816,-0.383297,0.014999,-0.013929,0.210039,0.006334,0.306642,0.155874,-0.032776,-0.079017,0.049419,0.266509,0.002155,0.117559,0.209538,0.078896,-0.013634,0.059017,-0.029470,0.194529,-0.000501,0.176895,-0.139659,0.154795,0.041225,-0.264232,-0.096060,-0.237541,-0.183660,0.161942,0.185252,0.033493,-0.094254,0.111877,-0.132808,-0.112559,0.112714,0.203397,-0.013588,0.118887,-0.169585,0.126815,-0.308224,0.043505,-0.092170,0.020418,0.217392,0.345556,0.035633,0.101684,-0.119814,-0.119705,0.099761,-0.029313,-0.010122,-0.066629,-0.097100,-0.050919,-0.031471,-0.095112,-0.196451,-0.123639,0.172501,-0.056524,0.096001,0.065925,0.214829,-0.216383,-0.003365,0.099632,-0.049363,0.032994,0.149072,0.016250,-0.121547,0.005165,0.245884,0.175662,0.047876,0.126292,0.080191,0.153360,0.168660,0.039303,0.059934,-0.162864,0.057377,-0.053323,-0.048305,0.037195,-0.136885,-0.037714,#
8,0.033106,-0.153298,-0.177191,0.069582,-0.054045,0.196772,-0.089341,0.193750,1.000000,-0.122843,-0.146223,0.342689,0.138472,0.000479,0.039223,0.055683,-0.049235,-0.096518,-0.087602,0.186482,0.138610,-0.123945,-0.049354,0.053944,0.099137,0.044627,0.050762,-0.080074,-0.227933,0.119041,0.140824,-0.037641,0.164279,0.031005,-0.039233,0.349006,-0.047182,-0.033893,-0.000543,-0.037803,0.109761,-0.028687,0.050565,0.194382,0.018321,-0.131399,-0.063534,-0.209714,0.057253,0.224404,-0.159766,-0.052611,0.341307,-0.151935,-0.032640,-0.054527,-0.147222,-0.037272,0.035052,-0.014530,0.053555,0.160894,-0.088197,0.266878,-0.079692,0.013651,0.156648,0.132642,-0.056831,-0.142552,-0.019095,0.241724,0.145215,-0.022114,-0.000078,-0.116539,-0.139604,0.041656,0.162216,0.232287,-0.092401,0.000386,-0.116533,-0.017637,-0.116315,-0.043331,0.154300,-0.026974,-0.135660,-0.145493,0.085460,-0.006446,-0.098443,-0.113677,-0.125603,-0.104379,0.188169,0.115709,0.185467,0.045876,-0.165631,-0.288364,0.096170,0.069291,-0.186268,0.008690,0.102873,-0.104800,-0.002970,0.234029,-0.031941,-0.120883,0.034063,0.011050,-0.065679,0.048610,0.265520,-0.175765,-0.166357,0.031553,0.149897,-0.040159,0.243372,0.219052,-0.000146,0.029891,-0.144495,0.033874,0.279404,0.200400,-0.088752,0.229402,0.162120,-0.158385,-0.224870,0.194836,-0.073041,0.017618,-0.011796,-0.066540,-0.104307,-0.130569,-0.128710,-0.315156,0.187483,0.044785,0.169180,0.171197,-0.181157,0.103248,-0.014663,0.101057,0.094618,0.150558,0.273291,0.126244,0.074952,0.014499,0.169081,-0.356440,0.165950,0.016532,-0.193841,-0.128371,-0.081258,-0.047944,-0.125669,0.116000,0.106486,-0.139320,-0.123178,0.231808,-0.236965,0.086215,0.143855,-0.139476,-0.042024,-0.144265,0.002711,0.050686,0.183910,-0.009957,-0.049810,0.044033,-0.163570,-0.084885,0.100679,0.027924,-0.177804,0.006334,0.162392,-0.012322,-0.124538,0.004595,-0.051191,-0.092840,-0.222954,-0.034275,-0.105177,0.158505,#
9,0.003270,0.028985,0.081738,0.112094,0.178496,0.129061,-0.004766,0.090353,-0.122843,1.000000,-0.080456,-0.105726,0.061628,-0.121513,0.011323,-0.082541,-0.116466,0.209462,-0.275999,-0.014527,0.017532,0.054812,0.097519,-0.014612,0.080467,0.112697,0.247381,0.046897,-0.162523,-0.042936,-0.034342,-0.111740,-0.107715,-0.075514,0.152386,0.087720,0.041092,-0.042589,0.023025,0.072080,-0.199284,0.114117,-0.014433,0.005904,0.019435,0.034856,-0.014770,0.161525,0.205492,0.306898,0.087386,-0.016282,-0.084560,-0.111085,-0.076441,0.064245,0.084034,-0.016544,-0.094636,0.171269,0.039170,-0.002653,0.031608,-0.070997,-0.043305,0.104809,-0.145061,-0.087609,0.049197,0.030273,0.132357,0.082107,0.021287,0.150995,-0.000598,0.034276,0.070238,0.156836,-0.008596,0.060162,0.086432,0.079612,0.014854,0.035093,0.130671,0.046022,0.209018,-0.036964,0.106765,0.210803,0.247823,-0.154425,0.193413,-0.139839,0.249019,0.173420,-0.182084,0.018284,0.147977,0.167144,0.043996,0.169163,-0.212603,-0.121698,0.007618,-0.082288,-0.148445,0.355709,-0.003492,-0.140855,-0.014968,0.309424,0.135219,-0.071092,0.094620,0.218173,0.005435,0.232177,0.370940,0.139760,-0.167555,0.108612,-0.008258,-0.066712,0.090111,0.139599,0.003668,0.126382,-0.063393,-0.077424,-0.135192,-0.051480,0.066584,-0.043670,0.017759,-0.153802,-0.009572,0.098008,-0.105905,0.119489,0.060345,0.161961,0.195625,0.144949,0.172643,0.238430,-0.126231,0.124122,-0.028594,-0.187355,0.061790,0.225168,-0.010322,-0.096847,-0.131182,-0.041691,0.157184,0.239867,0.368801,0.083879,-0.176272,0.002739,0.319521,0.344725,-0.125482,-0.192997,-0.210232,0.232288,0.024438,0.194773,0.042802,-0.032291,0.139069,-0.136671,-0.090662,0.244972,0.278082,0.058486,0.052869,0.117986,0.038709,0.259424,0.114762,0.159578,0.227706,0.168694,0.138544,0.148026,0.086025,0.259234,-0.178143,-0.140243,-0.080381,0.013145,-0.168195,0.215152,-0.093447,0.056665,0.002183,-0.105168,#
10,-0.255778,0.023454,-0.030846,-0.224512,-0.067375,-0.202173,0.338352,-0.310865,-0.146223,-0.080456,1.000000,0.035982,-0.052855,-0.133669,-0.308007,0.264712,0.056920,0.096153,0.072363,-0.328441,-0.100545,0.190117,-0.291728,-0.004641,-0.021121,-0.014043,-0.198855,0.100074,0.200515,-0.043463,-0.093418,-0.065488,-0.073412,-0.044629,-0.210041,-0.221926,-0.023972,-0.130486,-0.370046,-0.200370,-0.017836,-0.238364,-0.048724,-0.044259,-0.052177,-0.039272,0.199195,0.097357,-0.248485,-0.077606,-0.304161,0.012140,0.030977,-0.028117,-0.216454,0.057369,0.072624,0.140844,-0.155238,0.005420,0.034269,-0.064307,0.048413,0.150774,-0.091929,-0.087490,-0.006490,-0.286886,-0.041201,-0.448813,-0.045879,0.050331,-0.307630,-0.000792,0.000065,0.085450,-0.141850,-0.041507,0.312168,-0.147459,-0.103843,-0.251399,0.103465,-0.053660,-0.121490,-0.007436,0.232921,-0.030105,-0.227438,0.032572,-0.153530,0.069586,0.066722,-0.170418,-0.076244,0.005033,0.226403,-0.048926,-0.033288,-0.053484,0.149379,0.061635,-0.064509,-0.035768,-0.324901,0.175919,0.320593,-0.164313,0.047579,0.199905,0.185797,0.073060,-0.068435,0.102161,0.054520,0.139187,-0.181313,-0.021752,-0.090483,-0.117098,0.100369,0.158038,-0.351914,-0.316457,0.017299,0.116585,0.212112,-0.151810,-0.066164,-0.039237,0.173610,0.091189,0.048428,0.024711,0.083002,-0.044178,-0.162103,-0.051102,0.078943,0.126707,-0.051828,-0.046109,0.364639,0.256630,0.098215,0.044351,-0.238859,-0.006989,-0.064373,0.264795,0.090809,0.027258,0.035130,0.045812,-0.079310,0.081776,-0.218846,-0.100431,0.085373,-0.147418,-0.282056,-0.012723,-0.066387,0.168821,-0.352212,0.040002,0.063573,-0.052065,0.111891,-0.146276,-0.314890,0.080031,0.046802,-0.045052,0.047531,0.146213,0.001829,0.012115,-0.030073,-0.036735,-0.229511,-0.194974,0.036383,0.161498,-0.072234,-0.073136,-0.004074,0.017143,-0.033008,-0.017624,-0.134880,0.168892,-0.114173,0.220904,-0.114013,-0.124851,-0.052405,-0.229612,0.007898,0.129957,#
11,-0.039139,-0.236504,-0.229923,-0.072658,-0.054243,-0.182944,-0.112138,-0.181445,0.342689,-0.105726,0.035982,1.000000,-0.111303,0.162014,0.064191,-0.078114,-0.317475,-0.053466,-0.097734,-0.090699,-0.096891,0.127883,-0.038084,0.054492,-0.080609,0.024174,-0.135318,-0.052923,-0.148407,-0.008860,0.187523,0.095462,-0.020214,-0.066098,-0.144594,0.024980,-0.000508,0.107595,0.015943,-0.150583,-0.038169,-0.005820,0.054642,0.067525,-0.071401,-0.303891,-0.109887,-0.154725,0.063886,-0.158884,-0.267139,-0.197054,0.075427,0.124766,-0.018545,-0.060517,-0.130413,0.153197,0.007753,0.294471,-0.004692,0.057262,-0.036799,0.054875,-0.014276,-0.182168,0.214148,0.323699,-0.157944,0.167660,-0.378185,0.074106,0.179493,-0.103103,0.318399,0.141626,0.019368,0.032573,0.139790,-0.043063,-0.123924,-0.119558,0.033938,0.042379,-0.221858,-0.188818,0.182559,0.041678,0.045322,-0.040398,-0.152671,-0.012694,-0.017942,0.099777,-0.246418,-0.153088,0.086945,0.115969,0.133037,0.054723,-0.040988,0.012272,-0.125622,-0.011486,-0.144118,0.151185,0.012629,0.046604,-0.239672,0.210017,0.044658,-0.015409,-0.121378,0.219845,0.037789,-0.193736,-0.052174,0.188512,-0.101589,0.168873,0.140905,-0.119501,-0.059359,0.289325,-0.021883,-0.230956,-0.185769,0.114071,0.389321,0.041944,0.111361,-0.001554,0.088164,-0.015859,0.145185,0.333341,0.076115,0.213503,-0.148911,-0.020549,-0.035774,-0.322632,0.151165,0.157812,-0.070468,-0.137890,-0.110868,-0.119119,-0.243643,-0.253844,-0.022228,-0.034437,-0.016261,0.164229,-0.099919,-0.096518,0.075310,-0.076059,0.082044,0.065542,-0.074774,0.118220,-0.276228,0.007017,0.032758,0.066609,-0.003740,0.033997,0.032109,-0.148416,-0.071364,0.068381,-0.171237,-0.115484,-0.062964,0.063723,-0.123174,-0.067907,0.071882,0.126736,-0.113364,0.025909,0.017514,0.028211,-0.111877,-0.180985,0.047247,-0.121701,-0.167217,-0.081536,0.139934,0.113442,0.081202,-0.038861,0.071614,-0.046739,-0.344306,0.119938,0.032631,0.042929,#
12,0.117466,0.041173,0.080635,0.048375,-0.115000,0.020225,-0.036741,0.211421,0.138472,0.061628,-0.052855,-0.111303,1.000000,-0.136765,0.037308,-0.209783,-0.028736,-0.066215,0.054944,-0.207770,0.099940,0.159145,-0.061841,-0.256058,0.264241,-0.120407,0.054460,-0.229389,0.114961,-0.067586,0.169614,-0.297861,0.051872,0.066111,0.254500,0.114707,-0.113067,-0.103076,-0.224689,-0.109064,0.196005,-0.259890,0.025101,0.185661,0.032129,-0.016053,0.328094,0.151893,-0.005092,0.310494,-0.109087,0.031205,-0.038985,-0.030869,0.164078,-0.044381,-0.096524,-0.174431,0.080916,-0.019455,-0.034331,0.238065,0.075732,-0.008054,-0.176876,0.057547,-0.162498,-0.061238,0.098711,-0.058305,0.100168,0.070579,0.176513,-0.000849,-0.039473,0.151092,-0.157120,0.256586,0.003569,0.317240,0.233212,0.251955,0.067605,-0.199183,0.188083,-0.025808,0.009241,0.148244,-0.188721,0.213458,0.226798,-0.063815,0.051754,0.301625,-0.121317,0.207341,0.105511,-0.076047,0.029829,-0.143729,0.304322,-0.076284,-0.027213,-0.165176,0.061445,0.222751,0.032638,0.223043,-0.004563,-0.111812,0.184863,0.063483,-0.048995,-0.096883,-0.056102,-0.030325,-0.140599,0.041728,0.137822,0.082045,0.090871,-0.033109,0.181416,0.247431,0.073486,0.352019,-0.163452,0.042342,-0.074335,0.090299,-0.240562,0.107297,0.212186,-0.231211,-0.111684,-0.131875,-0.081018,-0.217522,0.130245,-0.150198,-0.093774,-0.111989,-0.298751,0.078284,-0.217134,0.079570,0.124473,0.163121,-0.156132,0.291978,0.092645,-0.075841,0.007511,-0.025820,0.023645,0.013001,0.087731,0.273340,0.147705,-0.166292,0.078147,0.028570,0.056725,-0.140623,-0.083692,-0.086668,-0.014670,0.035411,0.119728,0.013425,0.142597,-0.224265,0.186825,-0.290903,0.140021,-0.004595,0.095746,0.105270,-0.408922,-0.103362,-0.042154,0.069616,-0.020196,0.127864,-0.059660,0.030762,0.097689,-0.023625,-0.121576,-0.320480,-0.088184,-0.137510,-0.045712,-0.135433,0.045420,0.021311,-0.063981,-0.042877,-0.210504,0.109252,#
13,-0.339335,0.037550,-0.068270,0.196077,-0.115967,-0.228106,-0.171491,-0.003776,0.000479,-0.121513,-0.133669,0.162014,-0.136765,1.000000,0.046166,-0.081834,-0.079358,-0.133038,0.020663,-0.204079,0.163654,0.061782,0.156285,0.212051,-0.234437,0.245291,-0.075334,0.136137,-0.153402,-0.026334,0.063992,0.077877,0.043467,-0.004253,-0.174473,-0.034986,0.016005,0.045814,-0.116967,-0.109163,0.180854,0.050839,0.124863,-0.318751,0.231141,0.178422,-0.211132,-0.021347,0.126698,-0.181053,-0.247510,0.087307,-0.036485,-0.024860,-0.062978,-0.195544,0.043857,0.093484,0.160081,0.085662,-0.100312,0.289328,-0.188313,-0.107534,0.038261,0.037328,0.308878,0.154281,-0.184804,0.018882,-0.212428,-0.224277,0.171843,0.053569,-0.067274,0.266515,0.154836,-0.131110,-0.022576,0.028570,-0.180722,0.022580,0.022655,0.113720,-0.227887,0.072211,-0.061032,0.293601,0.231603,-0.086091,0.078263,0.300340,0.329475,-0.017676,-0.040266,-0.109651,-0.186964,-0.007066,-0.070858,0.055878,0.008969,-0.079439,-0.023520,-0.056861,-0.158743,-0.016275,-0.081750,-0.050175,-0.136381,-0.134538,-0.226313,0.009265,-0.010127,-0.051199,0.342155,-0.002754,0.093413,0.021177,-0.162838,-0.125419,0.022896,-0.086091,0.187889,0.192252,0.018323,-0.112907,-0.056830,-0.051598,0.029554,0.309199,-0.149288,-0.168563,-0.093715,0.130413,-0.023119,0.198984,0.057329,-0.084812,0.113224,0.169178,-0.002616,-0.151199,-0.132874,0.089707,-0.083687,0.057615,0.044135,0.025797,0.103695,-0.136345,-0.038142,-0.231458,0.070030,0.238625,-0.161369,-0.072761,-0.116942,-0.255139,-0.129750,-0.000440,0.005781,-0.077596,0.137325,-0.065581,-0.076545,0.074416,0.063828,0.275342,-0.210896,0.024470,-0.085630,-0.027250,-0.279462,0.258177,0.103085,0.075060,0.083173,-0.144288,-0.054516,-0.123039,0.169393,-0.019412,-0.018021,0.157720,-0.241541,0.120715,-0.070401,-0.346521,-0.070342,0.044732,0.117109,-0.025754,0.090689,0.069373,0.030121,0.061735,-0.126448,0.425061,0.039214,0.089622,#
14,0.230682,-0.253392,-0.125750,-0.160000,0.072805,0.028835,-0.252590,0.072993,0.039223,0.011323,-0.308007,0.064191,0.037308,0.046166,1.000000,-0.150664,-0.114971,0.186409,-0.223233,0.157634,-0.195346,-0.001775,0.068416,0.183009,-0.105675,-0.077396,0.036334,0.254131,-0.026115,0.076527,0.387278,0.012485,0.054007,0.001482,0.021064,-0.008730,0.212562,-0.031455,0.208560,-0.059825,-0.012372,0.082916,-0.140537,-0.024895,-0.030391,0.105210,0.099087,-0.121376,0.072091,-0.019461,-0.019934,0.058921,0.110245,-0.164342,0.007052,0.050279,0.280496,0.034089,0.313911,-0.213397,0.060027,-0.097121,0.081682,0.012696,-0.030860,0.000134,-0.043171,-0.065823,-0.079014,-0.033983,0.155536,0.030610,0.251617,0.048404,0.141535,0.272456,-0.066749,-0.094774,-0.248124,-0.027296,0.028663,0.049542,0.141346,0.180180,-0.091184,-0.056816,0.071412,0.118066,0.023329,0.340175,0.233248,-0.036688,0.090563,0.267767,-0.037305,-0.084911,-0.173321,-0.041037,-0.130623,-0.020394,-0.284899,0.006810,0.094738,0.008961,0.027730,-0.019969,0.007008,-0.219429,0.141295,-0.046999,-0.157692,0.098959,0.247852,0.012340,0.048618,-0.210321,-0.017380,-0.109406,0.023642,0.132858,0.116278,-0.127636,0.266976,0.268265,0.052199,-0.225640,-0.261807,0.046865,0.029878,0.017890,-0.000147,-0.114852,-0.121884,0.130735,-0.010503,-0.266842,0.122385,0.107197,-0.021158,0.049462,0.050143,0.152601,0.059473,0.301267,0.167881,0.042630,0.062726,-0.049452,0.071192,-0.080355,0.295413,-0.184022,0.258958,-0.203215,-0.024241,-0.089566,0.160055,-0.024757,0.065159,0.180724,-0.066932,-0.027316,-0.059966,-0.147441,0.342443,0.129850,-0.004429,0.148993,0.049847,-0.050453,0.125565,-0.247053,-0.100960,0.022136,-0.236953,-0.030353,-0.185689,0.133178,0.090609,0.037335,0.102102,0.048923,-0.066250,-0.064375,-0.066779,0.124995,-0.092760,-0.025701,-0.076701,0.128967,0.131845,0.137904,0.008929,-0.159543,-0.161431,-0.039257,-0.141328,0.043175,-0.255623,-0.168503,#
15,-0.125150,-0.015966,-0.029466,-0.249515,-0.190628,0.007334,0.431689,-0.031120,0.055683,-0.082541,0.264712,-0.078114,-0.209783,-0.081834,-0.150664,1.000000,0.289166,0.055900,0.197416,-0.085242,-0.165735,-0.164535,-0.296870,0.232142,0.036060,0.148908,-0.134047,0.174597,-0.064668,-0.274818,-0.040946,0.132186,-0.052334,0.266558,0.072109,-0.145377,-0.000875,0.043507,-0.227074,-0.030052,0.076211,-0.090764,0.086992,-0.083754,-0.255037,0.110493,0.228514,0.201458,-0.091803,0.089753,-0.170031,0.034715,-0.004292,-0.001362,0.024833,0.141792,0.151714,0.042187,-0.265296,0.239190,0.226855,0.030386,0.066999,0.122261,0.061674,-0.257700,-0.031710,0.035837,-0.055870,-0.043806,0.097045,0.026318,-0.130740,0.180580,-0.048056,-0.294783,-0.212788,0.120108,0.202822,-0.005889,-0.177360,0.148933,-0.086460,0.225881,0.033795,0.103423,0.004561,-0.076027,-0.220928,-0.271556,-0.111059,0.087363,-0.023098,-0.039202,-0.167983,-0.041052,0.166406,0.152359,0.050789,-0.041510,-0.010496,0.227425,-0.161390,0.190282,0.117979,-0.035225,0.169136,-0.032094,-0.006595,0.162370,-0.183174,0.009643,0.115327,-0.143879,0.211900,0.239755,-0.045128,-0.179997,-0.032820,-0.010998,-0.127713,0.187671,-0.039894,-0.098087,-0.099394,-0.076802,0.044303,0.132748,0.046014,0.035712,0.219062,0.171784,-0.105456,-0.087831,0.099648,0.012542,0.119008,-0.075789,0.066404,0.226748,0.115922,-0.107438,0.118811,0.046244,0.024123,-0.004251,0.109004,-0.107325,0.011843,0.066632,0.020675,0.353614,0.233225,-0.066323,0.110202,0.215575,-0.258330,-0.126350,0.171929,0.023939,0.028683,-0.088620,-0.027118,0.222730,-0.108938,-0.020271,-0.001197,-0.015876,0.136404,0.135159,-0.166060,0.291721,-0.019882,0.208401,0.086119,-0.021276,-0.004668,0.036202,0.191727,-0.043459,0.016984,-0.216630,0.018156,0.010096,0.133747,-0.077884,-0.132004,-0.110355,0.186751,0.127732,-0.021395,0.118927,-0.153106,0.325587,-0.006735,0.199215,-0.105979,-0.015869,0.221841,-0.088797,#
16,0.052269,0.242278,0.125043,0.158782,-0.061550,0.156084,0.327485,-0.027507,-0.049235,-0.116466,0.056920,-0.317475,-0.028736,-0.079358,-0.114971,0.289166,1.000000,0.082542,0.359489,0.051564,0.179312,-0.521381,0.161999,-0.168754,-0.042695,0.116186,-0.157384,0.164087,0.004643,-0.005877,0.186606,0.319898,0.113110,-0.079880,0.099688,0.000779,-0.091710,0.112649,0.022766,0.246597,0.010079,-0.200817,0.091711,-0.097255,0.023666,-0.033135,0.071406,0.080715,-0.213146,0.118606,0.133365,0.028663,-0.038373,0.045659,0.000646,0.258187,0.019397,0.139131,-0.072150,0.062665,0.063776,-0.027641,0.211861,0.137072,0.204501,0.150190,-0.118275,0.279085,0.167972,0.000495,0.176214,0.010736,-0.122495,0.156660,0.000492,-0.097707,0.032501,0.078741,0.163645,0.230218,0.167469,-0.036845,0.127681,-0.137131,0.130936,0.052956,-0.134947,-0.040707,-0.042517,-0.050980,-0.270334,0.012175,0.162421,-0.156505,-0.016925,0.158484,-0.058376,0.022132,-0.164240,0.146066,-0.047611,0.018826,0.121690,0.176041,0.184352,-0.150437,-0.046955,0.069166,0.349901,0.024312,0.006069,0.006948,0.147011,0.162436,0.153945,0.041385,0.121876,-0.163981,-0.153679,0.134389,-0.249763,0.096044,-0.042202,-0.186615,0.150190,0.063648,0.159128,0.057707,-0.150437,-0.070708,0.012353,0.044166,0.158529,0.249465,-0.029802,0.016018,0.100019,-0.048475,0.230647,-0.104520,-0.133973,0.015891,0.001622,-0.120301,0.000946,-0.089856,0.274332,0.144880,-0.012918,-0.101090,0.141268,0.061500,-0.130183,0.052675,-0.044038,0.128623,-0.363996,-0.151417,-0.107538,0.051110,0.120477,-0.057160,0.174855,0.024516,0.194820,0.009988,-0.047374,0.128069,0.106472,0.170435,-0.255020,0.182703,-0.074972,0.235915,0.060582,-0.125617,0.139579,0.116321,0.154053,0.147897,0.089180,0.013953,-0.170684,0.290887,-0.003541,-0.146174,0.091687,0.107835,0.145063,0.018584,0.060666,0.262627,-0.171314,0.268445,0.107311,0.241875,0.038636,-0.198990,0.047464,0.090040,#
17,-0.077293,0.082666,0.158323,0.096387,0.044494,0.079914,0.206406,0.244655,-0.096518,0.209462,0.096153,-0.053466,-0.066215,-0.133038,0.186409,0.055900,0.082542,1.000000,0.054400,0.087532,-0.044428,-0.026379,-0.041569,-0.064874,0.244240,-0.128589,-0.195848,0.104772,0.023638,-0.015529,0.014065,0.258258,-0.144853,-0.169274,-0.136079,-0.383144,-0.147228,0.228041,0.261161,0.051856,0.285390,0.081346,-0.072622,0.070660,0.062643,0.224252,0.102878,0.151726,0.022842,0.087132,-0.125552,-0.064801,0.156404,-0.100354,0.196346,0.141292,0.052581,-0.049350,0.117656,-0.004002,0.260138,-0.115939,0.266989,-0.030716,-0.115248,-0.007394,0.248225,-0.210703,0.035678,-0.103392,0.258956,-0.028697,-0.002113,0.252705,-0.018298,-0.034832,-0.268282,0.148382,0.287568,0.049166,-0.090017,0.252456,-0.088046,0.249671,-0.082399,-0.133064,0.230410,-0.160209,-0.212427,0.163650,0.113959,-0.032398,0.180194,0.054993,0.172598,0.220329,0.023424,-0.036311,0.121975,0.385474,-0.179900,-0.051500,-0.145496,-0.222012,-0.108754,0.178359,-0.024437,0.120212,-0.007543,-0.086096,0.063436,-0.104451,0.233504,0.179383,0.307110,0.019694,-0.178149,0.076700,0.024088,0.175935,-0.015218,-0.046124,-0.160430,0.025159,0.051178,0.032352,-0.002744,0.190592,0.120740,0.011535,0.019454,0.315088,0.074451,0.037335,-0.037149,-0.112728,0.121159,0.038518,-0.060392,0.220504,0.038489,0.039421,0.192819,0.040851,0.145969,0.016832,-0.213354,0.007885,-0.103605,-0.036223,0.128350,-0.057452,-0.021419,0.117210,0.044432,0.130543,-0.004306,-0.277940,0.071987,-0.004215,-0.084786,0.042343,0.099119,0.079813,-0.108165,-0.179184,-0.089772,0.042358,0.017609,-0.067155,0.106370,-0.018211,-0.159268,-0.125378,0.001541,0.137702,0.081426,0.087719,0.201256,0.136817,-0.114803,-0.019250,-0.152045,-0.008389,-0.016006,-0.139848,0.207138,0.078672,0.091973,-0.138495,-0.084163,0.140484,-0.051549,-0.081282,-0.285539,0.168940,-0.086263,-0.159698,-0.175132,-0.103731,#
18,-0.060754,0.200279,0.209457,-0.101101,-0.227838,0.087569,0.118103,0.128028,-0.087602,-0.275999,0.072363,-0.097734,0.054944,0.020663,-0.223233,0.197416,0.359489,0.054400,1.000000,0.130831,0.162136,0.108530,-0.079431,0.078594,-0.101071,0.049204,-0.139102,-0.157660,0.021888,-0.039092,-0.000458,0.172088,0.028073,0.058690,0.187310,0.075069,-0.084116,0.385153,0.048878,-0.072218,0.316698,-0.255316,0.305541,-0.180693,0.000500,0.010116,0.216329,0.224434,0.030351,-0.083189,-0.049883,0.063171,0.113707,0.048643,0.171692,0.161987,-0.078575,0.046938,0.104778,0.116315,0.153182,0.116191,-0.080674,-0.040177,0.097156,0.014011,0.210292,-0.057321,0.076487,0.203555,0.070770,-0.018966,-0.095817,0.151980,-0.139991,-0.116338,-0.208257,0.200509,0.002654,-0.151901,0.066701,-0.107203,0.191804,-0.038688,0.162269,0.370391,-0.325578,0.070032,0.031965,-0.053956,-0.081356,0.126380,0.007497,0.102992,0.145021,-0.012974,-0.013966,0.072671,0.116620,0.088733,0.097639,0.005537,0.029225,-0.024891,0.245569,0.218419,-0.220390,0.210470,0.154180,-0.019065,0.083522,-0.064840,0.013140,-0.092361,0.041160,-0.086176,-0.042112,-0.279331,0.131493,0.132464,0.042203,-0.219563,-0.052221,-0.034749,0.173744,0.025564,0.045439,0.202937,-0.073519,-0.024694,-0.025801,0.089547,0.033416,-0.189360,-0.210016,0.097303,0.053612,-0.030075,0.152485,-0.126487,-0.164969,0.068299,-0.195550,-0.229528,0.055408,0.074295,0.110401,0.050439,-0.030827,0.002967,0.059852,-0.046502,0.011873,0.232421,-0.010076,0.320693,-0.072436,-0.310612,-0.233219,-0.196913,0.098466,-0.110766,0.084520,-0.065518,0.087809,-0.057079,-0.040023,-0.054370,-0.111048,0.193534,0.127116,0.149707,-0.117540,0.136193,0.111698,-0.035659,-0.063853,0.031402,-0.003499,-0.018780,0.113122,-0.094554,-0.214698,0.055458,0.002619,-0.367341,0.030263,-0.014326,-0.182013,-0.042179,-0.052170,0.223029,-0.050820,0.007489,0.228042,0.232666,0.031159,0.063303,0.011083,0.229818,#
19,0.307711,-0.172329,0.065139,0.155344,0.113080,0.225175,-0.286952,0.073719,0.186482,-0.014527,-0.328441,-0.090699,-0.207770,-0.204079,0.157634,-0.085242,0.051564,0.087532,0.130831,1.000000,0.015304,-0.183840,-0.121261,-0.073281,0.094800,-0.031061,0.088459,0.163828,-0.185659,0.113366,-0.147728,0.184434,0.132599,-0.066511,0.141498,0.055371,0.201603,0.145924,0.188048,0.155650,0.051676,0.013147,-0.096499,0.053525,-0.143959,-0.119126,-0.127777,-0.109368,0.117016,0.179956,0.268614,-0.112269,0.264511,0.118670,0.028092,0.121748,-0.072395,-0.113718,0.017417,0.001228,-0.051551,-0.024852,-0.109888,0.179674,0.170937,-0.106641,0.208769,-0.016585,0.257524,0.232126,0.044786,-0.141846,0.001161,0.110951,-0.297970,-0.098651,-0.095585,-0.058474,-0.018093,-0.073632,0.244440,0.001004,-0.146005,0.005455,0.148336,0.122462,-0.141520,-0.113061,0.028830,0.060925,0.050940,-0.082620,-0.116149,-0.137357,0.011815,-0.106307,-0.016104,0.168559,0.103661,0.297127,-0.304005,-0.183062,0.176715,0.090257,-0.116108,-0.135995,-0.203990,-0.062176,-0.116651,-0.113464,0.025335,-0.019603,0.032448,-0.143060,-0.224841,-0.253447,0.017195,-0.098497,0.164853,0.054784,-0.073600,-0.220930,0.113773,-0.049902,-0.057846,-0.013749,-0.085731,0.272292,-0.029983,-0.298264,0.168524,0.147408,0.069223,0.047209,-0.201194,0.040704,-0.092966,0.057188,-0.058509,-0.200157,-0.094994,0.022777,-0.336352,-0.324039,0.121667,-0.107117,0.088094,0.048839,0.018554,-0.061018,-0.042437,-0.086027,-0.120853,-0.010054,0.134392,0.026027,0.205449,-0.243823,0.030351,-0.093147,0.304476,0.106745,-0.275832,0.163464,0.391839,0.292005,-0.075839,-0.112016,-0.015014,0.066545,0.007489,0.209583,0.032925,0.095188,0.054812,-0.125839,-0.042519,0.015541,0.198445,0.103269,0.085356,-0.000402,-0.023715,-0.057726,0.013662,-0.043093,-0.092145,0.120650,-0.082222,0.180913,-0.002678,0.050018,-0.045774,-0.175025,-0.133379,0.026725,0.005413,-0.202233,0.161078,-0.125218,#
20,-0.155056,0.367963,0.139178,0.336634,0.111298,-0.007916,-0.178426,0.142538,0.138610,0.017532,-0.100545,-0.096891,0.099940,0.163654,-0.195346,-0.165735,0.179312,-0.044428,0.162136,0.015304,1.000000,-0.018630,0.024549,0.175502,0.019662,0.266994,-0.264757,0.102364,0.065104,-0.004049,0.122602,0.159277,0.330740,-0.043361,0.000983,0.275569,-0.157696,-0.031210,-0.056449,0.170099,0.089384,-0.039220,-0.046884,-0.332456,0.359303,0.001739,0.046934,0.079310,-0.064587,0.225556,0.125960,0.117133,0.071937,0.051096,0.182123,-0.142594,-0.303209,-0.100157,0.139685,0.064077,0.039989,0.088087,0.132758,0.168901,-0.076453,0.341183,0.106591,0.114158,0.002621,-0.047462,0.185792,0.112358,0.361384,0.248552,-0.161961,-0.068074,0.282279,0.049479,0.159746,0.006790,0.047232,0.043557,0.123446,-0.240210,0.156520,0.318098,0.083299,0.293134,-0.015431,-0.012683,0.125488,0.161059,0.046240,-0.045065,0.097644,0.058031,0.003162,-0.033042,0.073192,0.007996,0.169673,-0.051866,0.351438,0.160109,-0.001715,0.294509,0.129630,-0.045685,0.057863,0.198571,0.028935,0.039782,-0.025803,0.030386,0.038267,-0.157761,0.214331,-0.067941,-0.011385,-0.155830,-0.143176,0.121751,0.040330,0.172823,0.167265,0.161902,0.103578,0.094000,-0.060918,0.144820,0.017682,0.107466,0.274258,0.118339,-0.038495,0.128430,-0.018327,0.105744,0.141293,-0.004987,0.046655,0.188092,-0.144480,-0.103963,-0.039905,-0.096711,0.002154,0.047067,-0.001146,-0.131186,0.062119,-0.116496,-0.085516,0.282463,0.020534,0.234707,0.087575,0.199719,-0.042374,0.000989,0.338008,0.089879,0.186447,0.076116,-0.121762,0.093702,0.032822,0.235413,0.072758,-0.137154,0.130224,-0.165950,-0.123047,-0.001684,0.095941,-0.005346,0.043946,0.152626,0.012782,0.204249,0.174508,0.233052,0.085284,0.234470,0.035532,0.175906,-0.007430,-0.151694,0.155717,0.065421,0.184702,0.213081,0.139639,0.254672,0.223330,0.272589,0.164746,0.064715,-0.062314,0.008183,#
