0,1.000000,-0.007530,0.161808,-0.078520,0.171328,-0.030617,-0.245442,-0.190627,0.053083,0.049606,0.100237,-0.122829,0.000141,0.070000,0.112685,0.212841,-0.054432,-0.007707,0.130947,0.108422,0.084564,0.116343,0.061335,0.176697,0.221327,0.172775,0.116775,-0.009775,0.117545,0.173442,0.014500,0.124510,0.086691,0.158531,0.143078,-0.058714,0.067948,-0.034531,0.256528,0.156696,0.216349,-0.007250,0.151016,-0.048338,0.032168,-0.000333,0.017998,0.355744,0.204304,0.321239,0.112307,-0.105616,0.087239,0.116794,0.074604,0.264109,0.123557,0.029923,-0.132487,-0.104576,0.027480,-0.190366,0.293666,-0.245235,-0.172845,-0.094328,-0.173500,0.181773,0.135175,-0.039346,0.295121,-0.056545,0.174810,0.152430,0.053688,-0.234825,0.135801,0.061074,-0.024688,0.057806,0.051578,0.043667,-0.053490,0.284438,0.169077,-0.050354,0.225210,0.269411,0.212385,0.031276,0.141703,0.054041,0.155962,0.126466,0.209058,0.087248,0.221632,0.068050,0.023903,0.133562,0.238529,0.155602,-0.047810,0.177448,0.133824,-0.016536,0.161442,0.125858,0.052757,-0.144616,-0.078960,0.052214,-0.081559,0.186111,-0.024215,-0.203151,0.131349,0.122659,0.085599,-0.070984,0.244852,0.313608,0.243740,0.064953,-0.032076,0.103565,0.136014,-0.184755,0.226031,0.127386,0.236849,0.170306,0.145188,0.235366,0.037461,-0.152475,0.157984,-0.093037,0.128513,0.134266,0.131939,0.040345,0.112867,-0.127863,0.029582,0.113282,0.127841,0.205489,0.304444,0.183613,-0.047000,0.006975,0.269082,-0.131178,0.104604,0.291088,0.028806,0.014197,0.052948,0.195841,-0.102924,0.171730,-0.168593,-0.076673,0.294996,0.020888,0.023462,0.161320,0.204989,-0.036857,0.254840,0.007401,-0.059428,0.284167,-0.082916,0.113314,0.169169,0.188086,0.118877,-0.084416,0.140163,0.135659,-0.022170,-0.007880,0.211660,-0.181014,0.231603,0.187634,0.251398,0.050427,-0.091188,0.043308,-0.007072,0.145453,0.133465,-0.013220,-0.093487,0.183669,0.320135,0.146683,#
1,-0.007530,1.000000,-0.026557,0.120571,0.251933,-0.008283,-0.029740,-0.038759,0.209281,-0.084906,0.139234,0.113204,0.026980,0.146706,0.073294,-0.257978,0.156574,0.161020,-0.028313,0.264682,0.019801,0.203166,0.100767,0.052880,-0.071075,0.160263,0.321575,0.298544,-0.163192,0.155774,0.047632,0.216434,-0.154137,0.045479,-0.144062,0.273694,0.070171,-0.001928,0.181119,0.006269,-0.337965,0.083611,0.099132,0.157717,0.110210,0.192042,0.448356,0.153088,0.013038,-0.080131,0.079858,-0.125221,0.308962,0.291576,0.030401,0.050446,0.096474,-0.067138,-0.112024,-0.040357,-0.023761,0.080110,0.165648,-0.022154,-0.183878,-0.058488,-0.193704,0.018264,0.078756,0.287445,-0.049270,0.053309,0.239652,-0.176889,0.145706,0.087069,0.051025,0.011283,0.263995,0.143494,0.234339,0.022838,0.135371,-0.046832,0.154896,-0.338831,0.086099,-0.041101,0.149239,-0.018570,-0.025396,0.124882,-0.079685,0.023827,0.027470,-0.120816,-0.146311,-0.048758,-0.112658,-0.095844,0.157133,-0.013997,0.138422,0.180277,0.105106,0.037471,0.188422,0.277974,-0.188062,0.239867,0.239762,-0.053142,0.009056,0.277481,0.132195,0.052654,0.069233,0.002715,-0.097369,0.069233,-0.009469,0.010016,0.107213,0.101033,0.108373,0.092545,0.158070,0.098319,-0.141612,0.136914,0.007635,-0.079768,0.078801,0.195758,0.197012,0.192381,-0.017009,0.220374,0.343795,0.202678,0.072234,-0.145858,0.200309,0.112518,0.103879,0.137479,0.035930,-0.107313,-0.149311,-0.061644,-0.256685,0.005131,0.072097,-0.037550,0.224070,0.090526,0.004580,-0.175149,-0.154884,-0.175989,-0.061459,0.201449,0.190064,-0.001340,0.020886,-0.052685,-0.134424,-0.083796,0.077207,0.271868,0.168388,0.300320,-0.009819,0.145193,-0.095921,-0.014912,0.034404,0.190077,0.158162,-0.047779,-0.175589,0.063693,-0.012374,-0.321886,0.100875,0.120381,0.018539,0.084038,-0.001865,0.070493,0.282524,-0.174449,-0.281380,0.172133,0.313295,0.018279,-0.160431,-0.024384,0.059838,0.099076,#
2,0.161808,-0.026557,1.000000,-0.020185,0.118835,-0.052238,-0.087704,-0.125817,-0.061750,-0.089178,-0.063429,0.182999,0.065050,0.187514,-0.166644,0.181253,0.027592,-0.071547,0.104743,-0.007830,0.176076,0.220910,-0.263545,0.006276,0.183642,0.219553,0.022817,0.040661,-0.102356,-0.024470,-0.199355,-0.161498,-0.094453,-0.200140,0.005737,-0.029601,-0.001294,-0.282356,-0.140644,-0.007081,0.082246,0.042076,0.345723,-0.043302,0.068173,-0.163605,-0.057682,0.040776,0.147939,0.055912,0.216194,0.140730,0.043119,-0.014968,-0.166558,-0.122426,-0.048962,-0.038645,0.026733,0.115028,0.134140,-0.068975,-0.123016,0.125174,0.137489,0.050843,0.113147,-0.074235,0.157146,0.113111,-0.218553,0.165390,-0.128258,0.025461,0.126991,-0.039008,0.056608,0.116167,-0.096517,-0.180272,0.141508,-0.239966,-0.052713,-0.020589,-0.150331,-0.049444,0.162116,0.121678,0.055466,-0.210629,-0.160191,0.133528,0.113614,0.032584,0.066555,0.135935,0.203113,-0.038638,0.310127,-0.053287,0.041962,-0.073175,-0.072649,0.171073,-0.016641,-0.192997,-0.065504,-0.093202,-0.028845,0.089555,0.141887,0.064082,0.112088,-0.024212,-0.084065,0.111952,0.267294,-0.036979,-0.307256,-0.056170,-0.011128,-0.009357,0.039658,-0.070231,0.115293,-0.056033,0.206229,-0.032671,0.091188,-0.175765,0.004807,0.011395,0.115754,0.052367,0.112933,0.147462,0.184033,-0.176215,-0.063299,-0.062962,-0.056672,-0.057892,0.176135,-0.154698,0.207359,0.087990,-0.378417,0.008512,0.220931,-0.053323,-0.078225,0.009840,0.205279,0.112909,-0.063982,-0.121008,0.060319,0.017909,-0.051855,0.148523,0.010923,0.248038,-0.174620,-0.001617,-0.031805,-0.063342,0.046644,-0.085708,-0.080141,0.034377,-0.201366,0.297904,-0.079744,0.129837,0.108392,0.035593,0.301516,-0.072692,-0.088020,0.057506,0.024429,0.085086,-0.449077,0.192389,-0.071616,0.119246,0.089458,-0.132447,0.222015,-0.352237,-0.033578,0.110259,0.119543,-0.089233,0.063351,0.019471,-0.193077,0.088540,0.105614,0.052651,#
3,-0.078520,0.120571,-0.020185,1.000000,0.220542,0.120104,0.203285,-0.168749,0.157656,-0.145241,0.129394,0.119329,0.113780,-0.028573,0.048139,0.010120,-0.017881,-0.037540,0.111606,0.186447,0.096514,0.055454,-0.027432,0.234121,0.232678,0.306882,0.070720,0.209352,0.129508,-0.049783,0.035763,0.321762,0.319272,-0.055481,-0.057132,-0.023955,0.356833,0.149840,0.278714,0.072659,0.054141,0.275489,0.184363,0.400156,-0.069708,0.110741,0.229821,0.185223,-0.025179,0.174070,0.072345,0.146778,0.275276,-0.105511,0.006255,0.217036,-0.017533,-0.121826,-0.050092,0.236909,0.057350,-0.015069,-0.033331,-0.046637,0.222409,0.133137,0.010198,0.055631,0.135661,0.022183,0.092652,0.005722,0.175899,0.042395,0.119635,0.264024,0.074210,0.076421,0.136086,-0.154765,0.427925,0.185879,-0.099840,0.172219,0.273700,0.052758,-0.102660,0.001114,0.245901,-0.094386,0.029756,0.179739,0.171519,0.184272,0.055163,0.126854,0.249478,-0.148519,0.238628,0.288576,0.245377,0.062169,0.000181,0.155346,0.313818,-0.018709,-0.075765,0.107123,-0.199570,0.127987,0.228648,-0.006942,0.138481,0.034638,-0.074247,-0.164899,0.252862,0.017414,0.161358,0.039980,0.202057,-0.018202,0.133145,0.218122,0.002582,0.125800,0.079746,0.131687,-0.128472,0.119618,0.221432,0.136947,0.214407,0.195638,0.100784,-0.143567,-0.046004,-0.021424,0.327225,0.109404,0.144843,0.084384,0.159499,0.088070,-0.024967,-0.172407,0.101494,0.318263,0.235713,0.069487,-0.127598,0.105058,0.033546,0.206118,0.180940,-0.014753,-0.047047,0.096717,-0.012316,0.184774,0.155301,0.099861,0.121703,0.344640,0.126502,-0.169400,-0.011022,-0.182088,-0.096082,-0.010273,0.262682,-0.061644,-0.039638,-0.141847,-0.207216,-0.001953,0.103941,0.134545,0.145426,-0.023996,0.082598,0.358068,0.161081,-0.196162,-0.060180,0.097344,0.063941,0.048872,0.001436,0.118608,0.059239,-0.027006,0.288697,0.015330,0.087961,0.180235,0.216210,0.175328,0.130983,0.063354,#
4,0.171328,0.251933,0.118835,0.220542,1.000000,0.144400,-0.112056,0.036773,0.258832,-0.066344,-0.145682,-0.085964,0.313156,0.110061,0.040932,0.025974,-0.073248,0.051048,0.207060,0.330132,0.335097,0.077128,0.031461,0.189238,0.241842,0.387098,0.099393,0.139922,0.031507,-0.107787,-0.032061,0.054452,0.137935,-0.237065,-0.098169,0.155169,0.395627,-0.150106,-0.094192,0.047188,0.025325,0.379510,0.111319,0.112028,0.386579,-0.062340,0.336842,0.216010,0.236326,0.103139,-0.018383,-0.049793,0.245682,0.288394,0.209690,0.277941,0.174740,0.185050,0.059322,-0.188517,0.145916,0.016714,0.058382,-0.220117,0.024599,-0.125426,0.061359,0.038367,-0.091477,0.141065,0.203934,0.013205,0.136439,0.089169,-0.041016,-0.154762,0.104456,0.150079,0.338442,0.099884,0.333049,0.224258,-0.177172,0.030629,0.405237,0.017755,0.005976,0.156300,0.261223,0.291600,0.229265,0.133690,-0.090468,0.012716,-0.034189,0.196610,0.071913,0.133435,0.119100,0.052818,0.107469,-0.095391,0.284001,0.157380,0.182339,-0.009953,0.020418,0.271386,-0.097134,0.093000,0.493631,0.076899,0.118386,0.335221,0.079700,-0.131235,0.198862,-0.189185,-0.029406,0.014692,0.273070,0.152431,0.199135,-0.148071,0.242764,0.030477,0.328827,0.006123,0.156586,-0.174594,0.066372,-0.040713,0.008955,0.256144,0.261209,-0.082930,0.175533,0.010269,0.175915,0.289590,0.394035,-0.100436,0.146447,-0.080794,-0.035600,0.215332,0.095981,0.266645,0.126389,-0.151757,-0.045253,-0.011075,0.008426,0.088129,-0.049216,0.018340,0.449248,0.118097,-0.109387,0.243772,0.039550,0.119564,-0.238338,0.113264,-0.115276,0.049621,-0.109222,-0.016228,-0.104073,0.098509,-0.002116,0.030859,0.288953,0.346512,-0.026827,0.112733,0.181132,0.150411,0.199632,0.023880,-0.201880,-0.013756,0.062451,0.074691,0.175321,-0.083018,0.035838,0.310925,-0.002667,0.203703,0.116578,0.030516,0.147189,0.044568,0.117481,0.222525,-0.071186,0.282956,0.127345,0.239992,#
5,-0.030617,-0.008283,-0.052238,0.120104,0.144400,1.000000,0.150784,-0.042342,0.140261,0.138457,0.142261,0.053272,0.282751,0.038878,0.168460,-0.145579,-0.072886,-0.068368,-0.158297,-0.043873,0.040683,-0.139224,-0.084098,0.072968,0.189317,0.052536,0.059524,0.150663,0.106764,0.216352,-0.088057,0.243768,0.114758,0.111034,-0.015530,-0.087807,0.248274,0.020818,0.081194,0.024017,0.114478,0.211494,-0.035836,0.104217,-0.163769,0.090655,0.067075,-0.103738,0.194264,0.263419,-0.044137,0.036009,0.098234,-0.009823,-0.019257,0.194035,-0.058010,-0.159241,0.046631,-0.077397,-0.009974,0.085714,0.019667,-0.177770,-0.011805,0.029782,0.104360,-0.097521,0.021482,-0.019241,0.109847,0.248912,0.109049,0.200538,-0.063701,-0.158457,0.237926,-0.146865,0.069651,-0.067560,0.107947,0.111184,0.143376,-0.097511,0.118967,0.038594,-0.115687,0.010920,-0.057770,-0.034462,0.086169,0.249095,-0.039391,0.142373,0.065889,0.162045,-0.081017,-0.055517,0.084551,-0.220537,0.073317,0.158953,-0.201001,0.065990,0.091025,0.019760,-0.011906,0.026490,-0.004563,-0.103745,0.174466,-0.110562,-0.055725,0.143273,-0.062928,-0.171693,-0.065861,0.013425,0.043211,-0.071613,0.038024,0.109828,-0.010830,-0.028358,-0.125466,0.026160,-0.208632,-0.031701,0.300076,0.009825,0.166012,-0.088332,0.061437,0.155306,0.273934,0.268129,-0.062241,0.071518,0.068095,0.021263,0.245268,0.055608,0.102201,0.215641,-0.101516,0.132266,0.187987,0.001232,-0.235355,0.062956,0.146239,-0.148971,0.114183,0.230954,0.101780,0.055634,0.153479,-0.071292,0.212769,-0.100396,0.071069,-0.028691,-0.053750,0.125777,-0.219337,-0.071976,-0.027195,-0.049959,0.260240,0.133553,0.145686,0.047352,-0.104652,0.123151,-0.087393,0.035774,0.178175,0.057966,0.220799,-0.206761,-0.090460,-0.114192,0.145533,0.063351,-0.003252,0.175087,0.237268,-0.143795,-0.200390,0.006258,-0.149692,0.017770,0.191593,0.108560,0.065757,-0.071060,-0.131843,0.298274,-0.039891,0.251949,#
6,-0.245442,-0.029740,-0.087704,0.203285,-0.112056,0.150784,1.000000,-0.015197,0.086084,-0.104193,-0.024244,-0.039275,-0.087978,0.074890,-0.063448,-0.045924,0.128480,-0.079166,0.079743,-0.039001,0.041580,-0.077735,-0.216366,-0.274620,-0.177997,0.200898,0.091879,0.062260,-0.010884,0.023385,-0.114261,0.227453,-0.041649,0.130191,-0.170620,-0.133491,0.002397,0.080185,-0.112142,0.110073,-0.258220,-0.133471,-0.204932,0.103355,-0.136594,0.050668,-0.081339,-0.043962,-0.081102,-0.049368,0.017694,0.093994,0.143655,0.126132,-0.147486,0.051952,-0.293665,-0.322937,0.110240,0.281411,0.009472,-0.032524,-0.079840,0.103524,-0.006968,0.032815,0.149084,0.165643,0.036284,-0.128563,-0.105149,-0.038402,-0.104100,-0.081577,0.184619,0.079293,-0.106481,0.241990,0.057520,-0.121945,-0.056044,0.023115,0.184298,-0.021546,0.083360,0.102946,-0.174747,-0.072110,-0.165849,-0.260241,-0.052723,-0.003907,-0.104149,-0.113828,0.050069,0.108720,-0.100039,-0.114781,0.181981,0.003361,0.115828,0.111971,-0.294172,-0.148255,-0.157440,0.095591,-0.180252,-0.136044,-0.019508,0.137187,-0.040573,-0.094962,0.206452,-0.282027,0.018795,0.032723,0.059243,-0.081986,0.079851,0.096347,-0.102621,0.060812,-0.259198,-0.007844,0.055726,-0.060462,-0.245454,0.110499,-0.265431,-0.051839,0.046131,-0.323056,-0.039375,-0.136274,0.153129,0.167608,-0.107394,0.068399,0.132159,0.055095,-0.210426,-0.006643,-0.132869,0.105629,-0.236979,-0.238553,0.133617,-0.068467,-0.015392,-0.322363,0.028942,-0.035640,0.056796,-0.073618,0.151311,-0.032729,-0.161467,0.162947,0.015050,-0.056474,-0.166815,0.036693,0.270440,0.196054,0.069582,-0.095956,-0.194700,-0.133739,0.130474,0.075067,-0.123439,-0.162386,0.059774,-0.065581,-0.058575,-0.009370,-0.090748,0.047981,0.391502,-0.385954,-0.198580,-0.155602,0.105559,0.106135,0.144030,0.224267,0.063312,-0.104885,-0.197487,0.003390,0.026990,-0.136875,-0.101421,0.124867,-0.131745,-0.136789,0.064133,0.060405,-0.210215,0.091263,#
7,-0.190627,-0.038759,-0.125817,-0.168749,0.036773,-0.042342,-0.015197,1.000000,0.041530,0.041767,0.086060,0.289263,-0.144141,-0.087471,0.123687,0.093200,0.061654,0.429491,-0.014559,0.064938,0.128917,0.181186,-0.018848,-0.093055,0.031784,-0.045860,0.059595,0.218047,-0.228068,-0.020557,-0.027229,-0.148024,-0.020253,-0.075601,-0.076921,-0.006884,-0.201544,-0.204555,0.046380,0.030150,0.114041,0.135441,-0.085130,0.003461,0.259978,0.203538,-0.015043,0.014337,0.141056,-0.099035,-0.081216,-0.088509,-0.146998,0.045326,0.068764,-0.066369,0.261001,0.308653,0.067139,-0.157661,0.193420,0.073845,0.026900,0.038904,0.203044,0.035022,0.197254,-0.156683,0.002936,0.034783,0.131337,0.052082,0.124870,0.131400,-0.095888,0.054545,-0.165585,0.112628,-0.041516,0.242504,0.149569,-0.046085,0.221373,-0.116531,0.021553,-0.026313,-0.024878,-0.290822,0.042630,0.195785,-0.107106,0.108509,-0.025163,0.047091,-0.130453,-0.070250,-0.224622,0.153845,-0.165276,-0.023296,0.003132,-0.103770,-0.012662,-0.031976,-0.193283,0.047493,0.313482,-0.050521,-0.064512,0.120659,-0.042852,0.017577,-0.139086,0.011993,0.272747,0.169837,-0.224168,-0.247086,-0.124746,0.250461,-0.035116,0.007924,-0.098033,-0.099978,0.076227,-0.006282,0.010923,0.126569,-0.079915,-0.029739,-0.028607,0.095504,0.086304,-0.113584,0.313892,0.112422,-0.271383,0.425905,-0.017599,0.107708,0.225050,-0.086469,-0.199810,-0.018744,0.007070,-0.001609,0.191700,-0.034130,-0.119852,-0.078733,0.143868,0.011064,0.021664,-0.000815,-0.069803,0.132476,0.156108,0.034788,0.090226,0.023116,-0.156476,-0.077131,0.134807,-0.203562,-0.165008,0.240870,0.128783,-0.040852,0.047878,0.006251,0.000854,-0.079247,-0.036811,0.034683,0.002562,-0.052025,-0.031341,0.023979,-0.149663,0.058961,0.070789,0.069160,0.069258,0.129701,-0.410137,-0.057664,-0.099900,-0.233190,0.119551,0.271915,0.284120,-0.163061,0.024592,0.009023,-0.031395,0.079475,-0.174637,0.028125,0.116464,-0.051157,#
8,0.053083,0.209281,-0.061750,0.157656,0.258832,0.140261,0.086084,0.041530,1.000000,0.039789,0.239215,0.097244,0.192037,-0.065254,0.196862,-0.212935,-0.131547,0.102889,0.017397,0.027029,0.068438,-0.043397,-0.116725,0.227036,-0.015298,0.026517,0.009383,0.104832,-0.067717,-0.052719,-0.319393,0.205593,-0.008520,-0.220010,-0.159345,-0.012346,0.185888,-0.239542,0.029011,-0.082186,0.104780,0.001142,0.056964,0.045480,0.245980,0.105190,-0.005597,0.090685,0.172426,-0.027061,0.061961,0.256252,0.150311,0.339155,-0.031340,0.179684,0.109576,0.261871,-0.122996,0.089175,0.096471,0.161856,0.032316,-0.277853,-0.061829,0.173293,-0.004001,-0.091584,0.306060,0.009224,0.039067,0.004344,0.106451,-0.202103,0.052141,0.006097,-0.005777,0.115260,0.127321,-0.176715,0.187924,0.185719,0.128088,0.072159,0.266910,0.121067,0.079388,0.123603,0.105757,0.206581,0.027039,0.333886,0.004983,-0.246910,0.418335,0.247560,0.012482,0.041564,0.237615,-0.048021,0.061298,0.005817,0.048419,0.143260,0.108674,0.003202,0.077081,0.082897,-0.253628,0.246408,0.102476,-0.086626,-0.115098,0.251063,-0.032916,0.038429,-0.031968,0.094807,-0.000288,0.251802,0.169046,-0.036178,0.134841,-0.075847,-0.009684,0.146413,-0.041314,0.133686,-0.117716,0.199888,0.067194,-0.180428,0.057757,0.283830,0.154924,0.034032,-0.037357,0.138875,0.383581,0.170169,0.291802,0.043562,0.010150,-0.163273,-0.185613,-0.209659,0.232647,0.031907,-0.155651,-0.035273,0.234559,-0.140533,0.138576,-0.041828,0.226588,0.304812,0.207233,0.138826,0.092997,0.145122,-0.145766,-0.010331,-0.144647,0.183548,0.012131,-0.007207,0.141039,-0.113087,0.126214,0.014402,0.101603,0.100365,-0.085416,0.016493,0.009448,-0.215152,-0.014917,0.147765,0.263436,-0.072928,-0.060467,0.208066,-0.100642,-0.116281,-0.040428,0.082805,-0.138109,-0.042738,0.119419,0.295122,0.131198,-0.078864,0.208241,0.009043,0.233249,-0.029320,0.067427,-0.076723,-0.199449,0.034180,#
9,0.049606,-0.084906,-0.089178,-0.145241,-0.066344,0.138457,-0.104193,0.041767,0.039789,1.000000,0.151437,-0.140071,-0.069517,0.213811,0.003562,-0.058060,-0.140743,-0.152869,-0.395192,0.140908,-0.159707,-0.094822,-0.079843,-0.102054,-0.125720,-0.009305,0.299334,0.082278,0.023998,-0.262942,0.204996,0.126163,-0.096218,0.110079,0.255328,-0.107250,-0.143529,0.115652,-0.124983,-0.222319,0.200321,0.076764,0.048787,-0.240409,0.065146,-0.063779,-0.045682,0.024077,0.026003,-0.032448,-0.061022,0.131694,-0.222967,-0.039372,0.137812,0.043212,-0.007851,0.146045,0.121286,-0.142939,0.198977,-0.057421,0.107229,-0.150835,0.125317,-0.007542,-0.144450,-0.237205,0.113689,-0.204748,0.129567,0.035474,0.009765,0.046154,0.163682,-0.081913,-0.118159,-0.130772,0.153319,-0.104873,-0.111885,0.204709,-0.177998,-0.041006,0.113039,0.131703,-0.009623,-0.069936,-0.329921,-0.069013,-0.141566,-0.011491,0.059099,-0.212915,-0.045834,0.062316,-0.070581,0.061566,0.111732,-0.081315,0.061661,0.257280,0.097940,0.091515,0.284272,0.088217,0.005177,-0.249026,0.218348,-0.024556,-0.192739,-0.177873,-0.150209,0.198119,-0.012512,-0.103549,-0.180242,0.066855,0.105517,-0.094074,0.071441,0.033926,-0.108498,0.116048,-0.143952,0.234607,-0.289949,0.045007,0.051647,0.117338,0.113176,-0.221254,-0.197763,0.140647,0.050413,0.176705,0.159230,0.168865,0.240766,-0.227924,-0.064473,0.012109,-0.048369,-0.156688,-0.175312,0.048332,0.191667,0.056988,0.038563,0.383238,0.019854,-0.285988,0.386899,0.022736,0.036406,0.139066,0.048755,0.181966,0.304807,-0.047714,-0.005681,0.031566,-0.275635,0.221973,-0.162451,-0.039354,-0.036907,-0.012306,0.283223,-0.067820,0.015666,0.081901,-0.007837,0.110880,-0.152693,-0.105241,0.093450,-0.155520,-0.030666,-0.058358,-0.028448,-0.028927,0.114410,0.107722,-0.136304,0.049563,-0.082878,0.143341,0.154191,-0.119226,0.098992,0.104896,-0.168778,0.146051,-0.187576,0.153756,0.093854,-0.135815,0.062481,0.133207,#
10,0.100237,0.139234,-0.063429,0.129394,-0.145682,0.142261,-0.024244,0.086060,0.239215,0.151437,1.000000,-0.042498,-0.103837,0.159124,0.037141,-0.127958,-0.018462,0.078471,0.100118,-0.002545,-0.243082,0.224436,-0.273460,0.027080,-0.011120,-0.071364,0.021719,0.308918,0.176595,0.062055,0.311410,0.219948,0.177535,0.060060,0.042377,-0.103798,-0.012849,0.094329,0.346026,0.197878,0.086666,0.056211,-0.011427,0.020676,-0.267769,0.042694,-0.037635,0.175097,0.129215,-0.026642,0.066632,0.066289,-0.077162,0.049680,-0.048245,0.113485,-0.042939,-0.066029,-0.202011,0.230315,-0.150270,0.003707,0.025403,0.084327,0.400258,0.361004,0.046209,-0.150370,0.209616,0.123584,0.194032,0.039693,0.266797,0.109254,0.028483,0.064948,0.065952,-0.109982,-0.013259,0.099172,0.133071,-0.139115,0.351275,0.068070,0.251219,-0.089568,0.115142,-0.021190,0.091720,0.036223,-0.270727,0.038099,0.102946,-0.096975,0.144455,0.081406,0.057983,-0.145156,0.128565,0.070741,-0.012692,0.021686,0.122391,-0.174418,0.127011,-0.106710,-0.010930,0.124961,0.012579,0.065387,-0.070273,0.079503,-0.065685,0.109613,0.410018,0.110022,0.104784,-0.102283,0.047659,0.079185,0.054941,0.221879,-0.023920,0.140270,-0.001393,0.155219,-0.066108,0.112767,-0.027213,0.109634,0.405005,-0.020995,-0.056327,0.174159,0.049292,0.068232,-0.051666,0.242495,0.200075,-0.060989,0.210798,-0.136770,0.134971,-0.044500,-0.172727,0.014468,0.145552,-0.092305,-0.091531,0.071280,-0.030769,0.091869,0.352934,-0.224865,0.279581,0.079744,0.114960,-0.092168,0.235988,0.075490,0.028374,-0.133927,0.217840,-0.009283,-0.096960,-0.052279,0.104290,0.008363,0.080677,0.167686,0.136202,0.140090,-0.027841,0.153322,-0.109342,-0.007332,0.101866,0.008645,-0.021149,-0.038825,0.039601,0.133282,0.121981,-0.116005,-0.074313,0.339725,-0.082142,-0.209853,0.159082,0.121207,0.284213,-0.135030,0.019261,0.034689,0.228926,0.065768,-0.063498,0.049607,0.113605,0.097208,#
11,-0.122829,0.113204,0.182999,0.119329,-0.085964,0.053272,-0.039275,0.289263,0.097244,-0.140071,-0.042498,1.000000,0.043548,-0.125542,-0.195306,0.011720,-0.072767,0.251014,0.245183,-0.198339,-0.100900,0.037561,-0.209247,0.009915,0.231816,0.118861,-0.020258,0.105920,-0.390961,0.003069,-0.008815,-0.065534,-0.013671,-0.083977,-0.019328,0.057934,-0.026973,-0.196090,0.077511,0.035820,-0.292993,0.137880,0.271925,0.360871,0.001067,0.055651,-0.087992,-0.065191,0.028504,0.050252,0.214936,-0.140086,0.058582,0.060010,-0.251155,-0.231294,0.197433,0.202078,0.188833,-0.132423,-0.166222,0.003248,0.099067,0.044166,-0.170323,0.078928,0.083309,0.118810,0.002377,-0.033951,-0.152496,-0.195952,0.201754,-0.081519,-0.131509,0.140053,-0.150847,-0.176348,-0.095479,0.159083,0.157274,-0.145560,0.071789,0.197318,0.155169,-0.289358,-0.017699,0.027514,0.148625,-0.113113,-0.049168,0.171767,0.207447,0.505341,-0.099463,0.074234,-0.084702,0.056669,0.036881,-0.006686,0.002049,-0.007961,-0.151341,0.188862,-0.039507,0.175708,0.233891,0.066338,-0.003578,0.015389,0.185524,0.087911,-0.018299,0.047647,-0.230485,0.082657,-0.109125,-0.019505,-0.014640,-0.043374,-0.104980,-0.117935,0.144061,-0.005378,0.146075,0.006216,-0.016926,0.219502,0.067492,-0.003173,-0.040455,0.073072,0.149851,0.198815,0.137468,-0.085356,-0.429860,0.309127,-0.001831,0.114578,0.067443,-0.000549,0.124150,-0.026580,-0.069718,-0.219306,-0.023594,-0.112896,-0.163128,-0.136837,-0.076167,0.228771,0.042295,0.244083,0.013123,0.102374,-0.095389,-0.169745,-0.094546,0.029322,-0.049510,0.020393,-0.115918,-0.223204,-0.073165,-0.062264,0.389194,-0.033020,0.155231,-0.051865,-0.023715,-0.170129,-0.301184,-0.185085,-0.049411,-0.007105,0.151238,0.035539,-0.019460,-0.151175,0.151259,0.080523,-0.240537,-0.074266,-0.277783,-0.044599,-0.012084,0.028793,-0.102794,0.008086,0.060392,-0.020430,0.192166,0.031788,0.142451,0.005922,-0.014315,-0.006218,-0.005330,-0.045558,#
12,0.000141,0.026980,0.065050,0.113780,0.313156,0.282751,-0.087978,-0.144141,0.192037,-0.069517,-0.103837,0.043548,1.000000,0.021468,0.147071,-0.082550,0.265498,-0.070152,0.025351,0.307165,0.102723,-0.010874,0.118054,0.239429,-0.008887,0.235976,0.067834,0.000073,0.008054,0.243432,-0.152636,0.282319,0.124928,0.081634,0.046139,0.266752,0.161259,-0.055515,0.153138,-0.091702,0.160089,-0.019664,0.166112,0.277799,0.316695,0.121382,0.180666,-0.073699,0.114424,0.138137,0.277502,0.245765,0.127329,0.133013,0.054729,0.162916,0.128444,0.158463,0.070862,-0.035058,-0.074419,0.063509,0.065450,0.049995,0.117690,0.128166,0.070082,-0.016199,0.105996,0.015674,-0.014012,0.139659,-0.067104,-0.008216,0.247451,0.050890,0.186712,0.054070,0.188598,0.023878,0.135440,0.283721,-0.039652,0.058436,0.203698,0.095540,-0.042163,0.361806,0.252878,-0.011850,0.245840,0.334420,-0.080666,0.200218,0.139216,0.126714,0.247496,-0.022447,0.105275,0.053884,0.204895,0.197964,0.000427,-0.063028,0.184498,0.054128,0.087262,-0.081808,-0.085338,-0.005833,0.382977,-0.029800,0.029928,0.304438,-0.041909,-0.240487,0.034344,-0.011892,0.171524,-0.042466,0.148757,-0.012728,0.291150,0.081810,0.190323,0.014629,0.224191,0.031993,0.105707,0.051021,0.121514,-0.065161,0.209316,0.040397,0.035952,-0.015766,0.034757,0.114833,0.176481,0.120877,0.244476,-0.062325,0.085236,0.049175,-0.206678,0.239829,-0.185370,0.046904,-0.075622,-0.158231,-0.100896,0.192452,-0.002519,0.271651,-0.045217,-0.119398,0.136733,-0.144327,0.053258,0.052422,-0.105931,0.238187,0.025086,0.272435,-0.102056,-0.110118,0.211310,-0.034724,0.069071,0.158049,0.064380,-0.028541,0.012551,0.151034,0.153803,-0.165890,0.215335,0.234524,0.140579,0.223870,0.014567,0.081974,0.080424,-0.003113,0.085074,0.092445,0.117747,0.179654,0.006318,0.128136,-0.028422,-0.115354,-0.028658,-0.035444,-0.142633,0.021077,0.239864,0.301980,0.128595,0.049850,#
13,0.070000,0.146706,0.187514,-0.028573,0.110061,0.038878,0.074890,-0.087471,-0.065254,0.213811,0.159124,-0.125542,0.021468,1.000000,0.158295,-0.110776,0.255313,-0.067954,0.130540,0.316019,0.080426,0.056017,-0.257773,0.082602,-0.018623,0.210764,0.387799,0.033296,-0.071982,-0.061948,0.296976,0.228868,0.049849,0.156351,0.229639,0.131994,-0.025349,-0.029679,0.026806,0.155311,-0.155802,0.110311,0.141935,-0.028736,0.005178,0.107364,0.249513,0.068657,0.171793,0.104488,0.064589,0.089511,0.217357,0.148654,0.138299,0.159204,-0.059637,0.010171,-0.006602,0.130250,0.141915,0.239161,0.128946,-0.003591,0.137544,0.090848,0.452514,0.240040,0.233152,0.011239,-0.041071,0.142543,0.103535,-0.092225,0.189927,-0.041639,0.334876,0.135571,0.292186,-0.130431,-0.047824,0.245370,-0.032400,0.349817,0.321393,0.044811,0.187366,0.296836,0.082719,-0.170179,-0.083927,0.085911,-0.156256,0.150935,-0.046855,0.004978,0.185182,-0.059999,0.023403,0.199046,0.210143,0.252828,0.056895,0.207438,0.174342,0.021191,0.068968,-0.017074,0.276305,0.064676,-0.006339,-0.078527,0.316488,0.141088,0.168546,0.073082,0.339190,-0.046796,-0.192477,-0.014700,-0.020846,0.136891,0.151871,0.099600,0.321824,-0.105311,0.092370,-0.167493,0.174618,0.103694,0.165207,-0.090685,-0.164725,0.048742,0.142602,0.097668,0.105490,0.172095,0.364044,0.206616,-0.068590,0.009486,0.201488,0.193730,0.113772,0.167009,0.051510,0.166142,-0.055151,0.075409,0.096240,0.120180,0.210999,0.170691,0.244573,0.218475,-0.109679,0.350067,0.150836,0.130124,-0.217081,0.311315,-0.009578,0.353918,-0.114474,-0.074509,-0.041408,-0.090632,0.168823,0.092808,0.096673,0.277003,0.039470,0.102117,-0.040661,0.320052,0.173131,0.034540,0.146936,-0.100432,0.074720,0.173822,0.113006,0.130434,0.086966,0.068186,0.255224,0.160016,0.037993,0.054920,0.219553,0.102112,-0.028243,0.030243,-0.105256,0.088995,-0.227226,0.100427,0.056266,0.131644,#
14,0.112685,0.073294,-0.166644,0.048139,0.040932,0.168460,-0.063448,0.123687,0.196862,0.003562,0.037141,-0.195306,0.147071,0.158295,1.000000,0.117626,0.110823,0.092916,-0.144109,0.183235,0.073241,-0.009924,-0.028477,0.333597,-0.139573,-0.061959,0.177336,0.165112,-0.078395,0.107080,-0.194371,0.105849,-0.151553,-0.139254,0.070441,-0.043675,0.103897,0.154077,-0.028902,0.159024,0.220456,-0.149497,0.187869,-0.120248,0.176114,0.295169,0.073756,-0.086809,0.212520,0.061382,0.158026,0.013042,0.350088,0.209494,0.345191,0.291009,0.104988,-0.110258,-0.286974,-0.006159,0.352169,0.171372,0.056221,-0.307891,0.021775,0.037915,0.167944,0.127257,0.065190,0.105897,0.186253,-0.030189,0.084512,0.352069,0.255885,0.106372,0.217771,0.072105,0.140608,0.100850,0.121714,0.078772,0.044546,0.035562,0.024722,0.187483,-0.100033,0.096309,0.052961,-0.074283,0.274669,0.255147,-0.141606,0.025927,0.223830,-0.193087,0.071190,0.007567,-0.202480,0.044185,0.196441,0.188545,0.021640,0.210170,-0.020010,-0.030191,0.301659,0.091219,-0.004352,0.212052,-0.140081,-0.352791,-0.072938,0.186188,0.019649,-0.064068,0.036004,0.138295,0.040166,0.119660,0.118966,0.164455,-0.127568,-0.006669,0.143021,-0.011307,0.121831,-0.020415,0.073185,0.259346,0.069280,0.088711,-0.010013,-0.130583,-0.135899,0.096010,-0.097477,-0.054201,0.002207,0.163539,0.279042,0.192759,0.037001,0.059482,-0.002800,0.365667,0.179299,0.080122,-0.178228,0.123468,0.297886,0.080599,-0.156630,0.068617,0.177011,0.208217,0.210781,0.164797,0.061892,0.141696,-0.246493,0.160741,-0.019072,0.124112,0.181326,-0.075944,-0.002590,-0.123676,0.032699,0.278601,0.414051,0.202084,-0.072755,0.089996,0.146740,-0.122113,0.179675,0.238848,0.194552,0.123151,-0.094890,0.181917,0.127263,-0.119315,0.120647,0.040879,0.048415,-0.305883,0.148831,0.382127,0.060551,0.011212,-0.044942,0.196553,-0.116026,0.036298,-0.191182,0.075524,0.080862,-0.078074,#
15,0.212841,-0.257978,0.181253,0.010120,0.025974,-0.145579,-0.045924,0.093200,-0.212935,-0.058060,-0.127958,0.011720,-0.082550,-0.110776,0.117626,1.000000,0.119402,0.216169,0.113790,-0.049250,0.199777,0.013889,-0.072330,0.254735,0.049038,0.318008,0.139829,0.018067,0.237251,-0.105465,-0.000137,-0.022673,0.037088,0.200653,-0.128396,-0.281267,-0.156763,-0.089289,0.049928,-0.017442,0.068426,0.081211,0.235491,-0.038216,0.176542,0.063580,-0.186743,-0.131272,-0.059889,0.183689,-0.141023,0.070328,0.034815,-0.026856,0.173986,-0.056042,0.121727,-0.010077,0.015834,0.143978,0.009076,-0.195963,0.079805,-0.247316,-0.021960,-0.075230,-0.085469,0.051619,0.078592,-0.119919,0.197295,-0.009137,-0.023751,0.057453,-0.064235,0.008399,-0.193851,0.084348,-0.269532,0.164241,0.128401,-0.180666,0.075060,0.347964,-0.015345,-0.025316,-0.084027,0.078539,0.160486,0.120821,-0.049376,0.151240,0.095443,0.222364,-0.090936,-0.295655,0.150046,-0.067732,0.052368,0.032877,0.024346,-0.009275,-0.239971,-0.111243,-0.267132,0.071850,0.008858,-0.159185,-0.050306,0.219199,-0.082694,0.206921,-0.064792,-0.047231,-0.184066,0.068337,-0.107186,-0.335102,-0.044656,-0.014689,0.027980,0.106085,-0.031582,0.129890,0.069072,-0.275292,-0.033502,0.013392,0.037904,-0.100978,0.142235,0.113932,-0.092188,-0.019759,-0.014903,0.072494,-0.070106,-0.024596,-0.051321,-0.056757,-0.177836,0.121709,-0.227188,-0.071317,0.221398,-0.013095,-0.018581,0.108583,0.420697,-0.063601,0.010332,-0.166108,0.066805,0.223194,-0.255626,0.281929,-0.065266,0.021339,0.055343,0.098632,-0.140267,0.017346,0.148902,0.080248,-0.049557,0.058410,0.069668,0.100633,-0.072410,-0.160444,-0.160405,-0.166632,0.165671,-0.156524,0.068264,-0.321318,0.299887,-0.096174,-0.081860,0.158363,0.169410,0.082758,-0.097407,0.131239,-0.122855,-0.201373,0.010133,0.083943,-0.008613,0.048521,-0.195544,-0.021310,0.010237,-0.016083,-0.087776,-0.030195,-0.061507,0.122515,0.000384,-0.253195,#
16,-0.054432,0.156574,0.027592,-0.017881,-0.073248,-0.072886,0.128480,0.061654,-0.131547,-0.140743,-0.018462,-0.072767,0.265498,0.255313,0.110823,0.119402,1.000000,0.005703,0.085992,0.374899,0.178596,0.309693,0.056057,-0.082464,-0.218929,0.190571,0.190715,-0.066601,0.046884,0.214061,0.009483,0.281346,-0.058483,0.250037,0.049530,0.093340,-0.053246,-0.142008,0.227397,-0.004056,-0.200472,0.054294,0.156225,0.101736,0.168201,0.355344,0.081221,0.060141,0.065728,-0.136421,0.087931,0.159973,0.254794,-0.035876,0.102950,-0.038024,0.107698,-0.125759,0.046117,-0.088071,-0.035762,0.281191,0.270554,0.175857,0.121834,0.015412,-0.011561,0.470470,0.091784,0.050532,-0.175960,0.244887,0.266866,-0.151641,-0.004544,0.140165,0.108628,0.294126,0.104234,-0.004515,-0.110580,-0.040892,0.045706,0.100377,0.095436,-0.029793,0.182640,0.040492,0.065864,0.005816,0.093311,0.276932,-0.041394,0.041240,-0.076538,-0.188633,0.216138,-0.064818,-0.026987,0.099165,0.109386,-0.064619,-0.300545,-0.139696,0.005345,0.024645,-0.017451,-0.063230,-0.153011,0.098589,0.225255,0.045844,0.022335,0.003464,0.166355,0.340810,-0.041168,-0.054843,-0.051921,0.297236,0.076034,0.097096,-0.015226,0.083016,0.217954,-0.240214,0.089509,-0.180052,-0.065676,0.144295,0.009092,-0.155029,0.353182,-0.247758,0.210639,0.165857,-0.197172,0.290161,0.177181,0.242243,-0.026306,0.128597,-0.002259,0.055138,0.173494,0.063728,-0.033892,0.105318,0.162563,-0.041584,-0.126311,0.203318,-0.112008,0.018934,0.189820,0.019913,-0.094926,0.056869,0.024261,-0.099869,-0.114802,0.263600,0.241121,0.262375,0.107971,0.023610,0.107186,-0.008400,-0.021357,0.151658,-0.109415,0.010892,0.056677,-0.009540,0.030757,0.036823,-0.073548,0.064107,0.184213,-0.028886,0.185743,0.152282,0.082216,-0.082356,-0.098349,-0.051250,0.295861,0.085023,0.037584,0.114893,0.223864,-0.382024,-0.185696,0.060005,0.040339,0.164565,-0.228066,0.215024,-0.056710,0.125757,#
17,-0.007707,0.161020,-0.071547,-0.037540,0.051048,-0.068368,-0.079166,0.429491,0.102889,-0.152869,0.078471,0.251014,-0.070152,-0.067954,0.092916,0.216169,0.005703,1.000000,0.027113,0.181067,0.275635,-0.074587,-0.155325,-0.001747,0.027725,0.201500,-0.048884,-0.036449,-0.082586,0.079910,0.011953,0.011542,0.136315,-0.100134,-0.126490,0.032841,-0.234188,-0.192739,0.149277,-0.092415,-0.040223,-0.072416,-0.151423,0.153834,0.057951,0.112368,0.094058,-0.056874,-0.163375,0.067976,0.068714,-0.191013,-0.062689,0.067282,0.048390,0.089914,0.259737,0.086028,-0.039826,0.014238,0.140887,0.149669,0.151068,-0.230861,0.014000,-0.005838,0.123055,0.001015,-0.007015,0.039260,-0.073894,0.008364,0.108564,-0.007486,-0.014026,0.165774,-0.260556,0.049634,-0.233976,0.245049,0.124729,0.019733,0.371752,0.201528,0.036273,-0.170100,-0.004483,0.102681,0.125731,0.258357,-0.001342,0.036857,-0.013596,0.136603,-0.236579,-0.138749,-0.052905,0.246562,0.123785,0.059574,-0.140995,-0.080611,0.003066,0.114820,-0.151562,0.150006,0.119607,0.080447,-0.118715,-0.031818,0.091504,0.367919,-0.054211,0.231215,0.057141,0.207410,-0.119765,-0.106788,-0.110740,0.068298,-0.131082,0.210334,0.070092,0.079222,0.239391,-0.135781,-0.021663,0.103017,-0.020801,-0.168781,0.010219,0.047004,0.054512,0.083373,0.199394,0.103425,-0.105032,0.325158,0.035645,0.147037,0.054070,0.015702,-0.076464,-0.035748,0.099298,0.102156,-0.109448,-0.036842,-0.045353,-0.151620,-0.022108,-0.116226,-0.129570,0.112050,0.080421,0.195700,0.033081,-0.030425,0.203936,0.174280,0.080282,0.049476,0.155073,0.018286,-0.002338,0.100848,0.141266,0.137798,-0.069164,-0.131735,0.075412,0.012416,-0.071172,-0.027350,0.072540,-0.311417,0.055960,0.047077,-0.235042,0.216110,-0.019066,0.041420,0.091504,0.038975,-0.184370,-0.108210,-0.141545,-0.066626,0.005097,0.326262,0.261099,0.075064,0.044694,-0.005088,0.109389,-0.047296,-0.024600,-0.068805,-0.101443,-0.053794,#
18,0.130947,-0.028313,0.104743,0.111606,0.207060,-0.158297,0.079743,-0.014559,0.017397,-0.395192,0.100118,0.245183,0.025351,0.130540,-0.144109,0.113790,0.085992,0.027113,1.000000,-0.153463,0.098607,0.117278,-0.057889,0.230256,0.230666,0.097394,0.040604,0.311389,-0.093671,0.100391,0.079299,-0.160696,0.016551,-0.111075,0.140485,0.102869,0.351078,0.074205,0.086014,0.372054,-0.082474,0.277229,0.107767,0.219256,0.085478,-0.021099,0.070439,0.112066,0.099419,0.164805,0.213454,0.060878,0.229128,0.124367,-0.039376,0.166995,0.116739,0.057237,-0.113489,-0.044043,-0.052595,-0.105691,0.080285,-0.121998,-0.016251,0.044748,0.175159,0.315450,-0.034785,-0.100070,-0.117061,-0.015937,0.015054,-0.089157,-0.032157,0.062928,-0.074006,0.178961,0.132712,0.015445,0.002443,-0.097540,0.051881,0.284578,0.154744,-0.121033,0.159391,0.052180,0.216091,0.035203,0.187267,0.046970,-0.123213,0.334664,-0.040451,0.176643,0.299008,0.105982,-0.067714,0.288375,0.017509,-0.057245,0.000159,0.000146,0.064454,0.080346,-0.031324,0.081383,0.089022,0.220803,0.248663,0.276739,0.110653,0.073191,-0.011983,0.104263,0.003980,-0.237340,-0.047723,0.189407,-0.046880,0.088327,0.148394,-0.025502,0.242502,-0.111326,0.259889,-0.013985,0.313094,-0.077340,0.145586,0.225276,0.024029,0.087600,0.088566,-0.379603,-0.172041,0.107742,0.024090,0.192386,0.010082,-0.150821,0.035270,-0.023818,0.087109,0.025537,-0.081101,0.017968,0.100007,-0.056215,-0.047132,0.232761,-0.068429,0.059396,0.089228,0.222989,0.207681,0.061926,-0.088022,0.510038,0.026471,0.101020,0.025549,0.071172,0.033846,0.120435,0.228793,0.106854,-0.051738,0.097087,-0.107232,0.030460,0.164153,-0.020489,-0.168609,0.114838,0.102782,0.073684,0.158748,-0.091448,0.057382,0.090152,0.153196,-0.107794,0.059884,-0.122490,0.133292,0.090964,-0.024010,0.164563,-0.064472,0.132088,0.182838,-0.080875,0.036237,-0.094665,-0.049195,0.290945,0.225453,-0.077965,#
19,0.108422,0.264682,-0.007830,0.186447,0.330132,-0.043873,-0.039001,0.064938,0.027029,0.140908,-0.002545,-0.198339,0.307165,0.316019,0.183235,-0.049250,0.374899,0.181067,-0.153463,1.000000,0.230849,0.287756,0.001624,0.127672,-0.141456,0.487109,0.254864,0.073660,0.024444,0.043822,0.102744,0.343920,0.080736,0.139625,0.002674,0.204164,-0.088435,-0.076259,0.284990,0.055467,0.039943,0.178588,-0.065418,0.072514,0.171981,0.210123,0.317582,0.478485,0.046998,0.190824,0.164423,0.089990,-0.006074,0.269699,0.314653,0.144176,0.175758,-0.058442,0.101890,-0.009774,0.334987,0.282166,0.154567,0.083450,0.372698,0.015996,0.059219,0.258001,0.071267,0.280321,0.154839,0.208510,0.234041,0.025674,0.304387,0.415431,0.031751,0.243288,0.344315,-0.084744,0.143733,0.292117,0.076922,0.080566,0.340030,-0.145955,0.154877,0.208011,0.261014,0.223053,0.036901,0.225150,0.002177,0.011320,0.001096,0.073634,0.004930,0.185725,-0.025610,0.075070,0.184677,0.161476,0.150593,0.193194,0.258454,0.187146,0.067697,0.277657,-0.039517,-0.029134,0.244663,0.106896,0.083251,0.295145,0.229544,0.043426,0.245451,0.156039,0.108905,-0.108439,0.333148,0.215176,0.346563,0.309743,0.405379,0.024800,0.279734,0.183616,-0.102430,0.122518,-0.098544,-0.214650,0.243601,0.148039,0.100972,0.156807,0.004909,0.290483,0.347344,0.270447,0.168840,0.176775,0.012508,0.012781,0.034952,0.094231,0.039091,0.167551,0.238457,-0.146072,0.034567,0.132791,0.015012,0.146609,0.264728,0.037532,0.041885,0.113313,0.134762,0.077620,0.084376,0.372541,0.104869,0.283736,0.097791,0.115889,-0.085155,0.141193,0.221027,-0.005811,0.085510,0.105685,0.162458,0.252779,0.144404,0.045876,0.217675,0.209359,0.113698,0.033605,-0.138291,0.275723,0.159074,0.004581,0.066239,0.078040,0.217952,0.286577,0.166880,0.187644,0.457498,0.098614,-0.198558,0.104215,0.076540,0.365998,0.099282,0.196345,0.029280,0.253449,#
20,0.084564,0.019801,0.176076,0.096514,0.335097,0.040683,0.041580,0.128917,0.068438,-0.159707,-0.243082,-0.100900,0.102723,0.080426,0.073241,0.199777,0.178596,0.275635,0.098607,0.230849,1.000000,-0.050471,0.083541,0.029447,0.260451,0.281367,0.099631,-0.022616,0.037583,0.078547,0.026232,0.033739,-0.042669,-0.057814,-0.165774,-0.094375,0.092553,-0.270824,-0.139900,0.006208,0.093451,0.274930,-0.039076,0.082258,0.262410,-0.011519,0.175325,0.055702,0.135087,0.059346,-0.194163,0.073568,0.214353,0.052692,0.061021,0.106067,0.101375,-0.000636,0.090248,-0.231827,0.255866,0.107230,0.209486,-0.092410,0.053726,-0.111177,0.072305,0.129777,0.171095,0.115536,0.031217,0.242911,0.075742,-0.050057,-0.050552,-0.233818,0.096240,0.410249,0.300137,-0.119439,0.120357,-0.004146,-0.041463,0.132148,0.069551,0.153011,0.013364,0.010317,0.267614,-0.009051,0.043518,0.063346,0.029125,0.026410,0.005485,-0.035632,0.287346,0.164853,0.042619,-0.203677,0.114067,-0.024461,0.054290,0.243000,-0.005976,0.015110,-0.018913,0.146258,-0.041608,0.120724,0.070613,0.033248,-0.065035,0.150774,0.028602,0.112165,0.119466,-0.102364,-0.225636,0.144710,0.117498,0.208837,-0.016709,-0.158703,0.130416,-0.067553,0.168051,0.044938,-0.068421,-0.038282,0.010560,0.032684,0.151792,-0.003490,0.196863,0.127196,0.220705,0.003741,0.297500,0.066206,0.183487,0.131520,0.079584,0.082520,0.184481,0.018712,-0.158526,0.318824,0.318797,0.051335,0.167124,0.006801,-0.189884,0.080801,-0.028742,0.070344,0.198491,0.037800,0.119662,0.325383,0.069550,0.137368,0.161651,0.246830,0.098490,0.028614,-0.076340,0.160669,0.011948,-0.115999,0.124925,0.083103,-0.131852,-0.002503,-0.060254,0.007205,-0.003468,-0.127351,0.223829,0.099187,0.067345,0.092018,-0.107850,0.021291,0.058600,-0.293205,0.059003,0.075088,-0.024196,0.395125,-0.016430,0.179649,0.064036,-0.059976,0.218271,0.110870,-0.074795,0.245641,0.005637,-0.023874,#
