0,1.000000,-0.044909,0.051613,0.066475,-0.131408,0.013384,0.038108,0.009051,0.028988,-0.190037,-0.067136,0.172576,0.225303,-0.389113,0.275299,-0.035609,-0.022477,0.023833,0.006367,0.094834,-0.307108,0.018204,-0.047264,-0.005034,0.008559,-0.015648,0.147835,-0.052153,-0.221550,-0.019918,0.001660,-0.077419,-0.201118,-0.270829,0.300371,0.020882,0.212767,-0.179449,-0.069877,-0.072921,-0.082071,-0.105365,0.133241,0.090900,0.041782,0.079340,0.006339,-0.081525,-0.181504,-0.168711,-0.002351,-0.151036,0.366634,0.023904,-0.198747,0.051946,0.061946,-0.010410,-0.036761,-0.277631,0.255490,-0.216301,0.030054,0.114038,-0.084904,0.170526,-0.286752,0.249371,-0.220741,-0.017825,-0.154650,0.022729,-0.135433,0.082052,0.086354,-0.125294,-0.170938,-0.200562,-0.134475,-0.057267,0.195628,-0.082676,-0.187966,-0.011703,-0.079145,0.299150,-0.121505,-0.228689,-0.231456,-0.214058,-0.085968,-0.083866,0.033308,0.092107,0.065961,0.209478,-0.213835,-0.010687,-0.061244,-0.127502,-0.252762,-0.041518,-0.416178,-0.071924,0.006892,-0.258497,-0.216464,0.016876,0.228238,-0.072154,0.175437,-0.109499,-0.048779,-0.058878,-0.016751,0.093197,-0.241965,-0.122272,0.048436,0.160017,0.159021,0.350326,-0.019082,-0.022702,-0.110378,-0.034420,0.082491,0.096572,-0.222067,-0.001966,-0.293153,0.014729,-0.128458,-0.090788,0.033763,-0.229792,0.118076,0.034835,-0.195660,0.112039,-0.281885,0.171485,0.055065,0.351393,0.124402,0.021284,-0.091418,-0.109519,0.076905,-0.264127,0.009446,-0.207283,-0.073569,-0.155478,-0.054454,-0.094722,-0.151914,-0.088016,0.128501,0.172593,0.047225,0.252715,-0.311558,-0.065702,-0.090188,0.168510,0.193037,-0.020533,0.096768,0.040538,-0.052049,-0.028549,0.126224,0.100862,0.112495,-0.046207,0.096869,-0.098636,0.063676,0.084257,-0.185972,0.149247,-0.057789,0.083107,0.117442,-0.030925,0.167434,0.155084,0.090899,0.246789,-0.143555,-0.044449,-0.079165,0.033207,-0.071221,-0.170152,-0.207840,-0.115312,-0.114362,0.053656,#
1,-0.044909,1.000000,-0.225629,-0.004205,0.172592,0.155275,-0.098410,-0.113331,-0.133730,-0.117374,0.007544,-0.017087,0.228447,0.319540,0.025811,-0.190951,-0.020965,-0.249486,-0.140607,0.100038,0.146938,0.129108,0.370745,0.426129,-0.224773,0.113107,0.081051,-0.157359,-0.214892,0.073241,0.120956,-0.039241,0.176040,0.038424,0.151883,0.129296,-0.044654,0.031871,0.020817,0.020581,-0.032480,0.089843,-0.139813,0.054609,0.107761,0.072693,0.089289,0.042897,0.176887,0.129506,0.092325,0.295710,0.090222,-0.142884,0.004239,0.220343,0.032170,-0.055652,0.130335,0.096637,-0.142966,0.116782,-0.210501,0.006569,-0.079721,-0.024950,0.094324,0.178221,0.088233,0.254218,0.076699,0.129532,0.306928,-0.110093,-0.056327,0.140773,0.189627,0.063665,0.009162,-0.097035,0.088834,0.047618,0.185165,-0.074072,0.027560,0.135670,-0.052179,-0.123546,0.102733,0.090747,0.158929,0.053072,0.026429,-0.021511,-0.286670,-0.081321,0.135989,-0.032422,-0.165357,0.094399,-0.171666,0.393768,0.146258,0.201830,-0.012244,-0.323197,-0.077541,0.151822,-0.095712,-0.173950,0.011125,0.140374,0.038038,-0.039489,0.025377,0.027603,0.393933,0.392513,0.010807,-0.095789,0.278869,0.248304,0.077368,0.124933,-0.094837,-0.005681,0.188344,0.171079,0.037935,0.055752,-0.078018,-0.155134,-0.088618,0.138938,-0.192364,-0.250249,-0.176463,0.098426,0.248994,-0.015183,0.028224,0.000580,-0.186460,-0.104914,-0.094198,0.072812,0.086415,-0.062849,0.121700,0.049574,0.234214,0.019170,-0.007932,-0.074576,0.107898,0.034310,0.238102,0.084954,0.126905,-0.011998,-0.084649,0.225051,-0.073437,0.130341,0.100047,0.069681,-0.092007,0.399831,-0.057914,0.101421,0.037064,-0.028074,0.121572,0.110307,0.149188,-0.069017,0.119212,0.030663,-0.148440,-0.345123,0.114051,-0.145696,0.147158,-0.135023,-0.114515,0.276872,-0.047607,0.003040,0.050826,0.107478,0.136762,-0.015334,0.047304,0.011904,0.288210,0.015313,0.151632,0.041150,0.152005,-0.018012,#
2,0.051613,-0.225629,1.000000,0.132032,-0.033781,0.107236,-0.099256,0.206329,-0.042981,0.322237,-0.035027,-0.167477,-0.130444,-0.112108,0.057677,-0.169616,0.033149,0.043992,-0.161481,0.024524,0.131656,0.074433,-0.112659,0.040825,0.021694,-0.098008,0.104540,0.161432,-0.103217,-0.114280,-0.222936,0.150188,0.260447,0.087873,0.028497,0.092226,0.218157,-0.125562,0.174571,0.062237,0.168296,0.176754,-0.164773,-0.101753,0.110976,0.308570,0.102431,-0.170449,-0.036222,0.322771,0.020169,-0.173482,-0.076831,0.354466,0.071092,0.115313,0.021487,-0.002711,-0.131606,0.022556,0.235076,0.019600,-0.016493,0.241753,-0.117399,0.065535,0.240901,-0.180218,0.133447,0.117458,0.376405,-0.118121,0.087203,0.089554,0.013679,-0.033422,0.289104,-0.005413,-0.066211,0.292499,-0.047923,0.252565,0.080171,0.104916,-0.071366,0.214234,0.320057,0.263504,0.233282,0.066187,0.356406,0.047261,0.133386,-0.341597,0.419108,-0.040637,-0.086092,-0.006391,0.221797,0.132646,0.053918,-0.304139,-0.213307,0.176855,0.146279,0.338115,0.116586,-0.109659,0.324167,0.045548,0.094360,0.032637,0.253942,0.027744,0.017395,-0.111530,-0.083450,-0.088593,0.156874,-0.139219,0.132663,0.169305,-0.017430,-0.065430,0.058774,0.126669,0.110544,-0.006930,0.059513,0.103622,0.010272,0.134803,0.037842,0.412968,0.133195,-0.272890,-0.149363,-0.050106,-0.060519,0.114320,0.282128,-0.003895,0.069997,0.004585,0.075522,0.090148,0.099606,0.137499,0.291841,-0.091562,0.123122,-0.073970,-0.071447,0.019364,-0.168015,0.286661,0.117469,0.115684,-0.095535,-0.067503,0.092198,-0.114045,0.291536,0.079394,-0.103056,0.042314,0.134681,0.089793,-0.013050,0.005551,0.106437,-0.079090,0.045383,-0.118848,-0.051205,0.316242,0.247066,0.038020,0.237806,0.084285,-0.118018,0.218595,-0.011343,0.181740,0.037270,0.266341,-0.011211,0.020186,0.095519,0.028802,-0.128016,-0.019393,0.025814,0.238873,-0.008673,0.066367,0.155222,-0.067666,-0.376704,0.023486,#
3,0.066475,-0.004205,0.132032,1.000000,0.142946,0.085353,0.057137,0.390724,0.046664,0.033909,-0.067853,-0.055863,0.236543,-0.215797,0.005676,-0.157768,-0.066061,-0.101242,-0.170207,-0.107816,0.201421,0.317985,-0.016509,-0.030370,0.026313,0.214435,0.059414,0.096556,0.134375,-0.018540,-0.104224,0.033545,0.020529,0.235575,0.168962,-0.005736,-0.076249,-0.147255,0.027698,0.097106,0.132636,0.247613,-0.042408,-0.132043,0.229436,0.018928,0.024821,0.311933,0.268935,0.068541,0.045529,-0.075020,0.098211,0.184873,0.300823,-0.007198,-0.241470,-0.146424,0.415835,-0.021846,0.163163,0.136887,-0.086348,0.099805,0.034312,0.226854,0.002291,-0.201542,0.016659,0.116614,-0.015442,0.318690,0.280637,0.306626,0.048832,-0.129443,0.070729,0.008422,0.090578,0.062370,0.092787,0.063962,-0.095677,0.193558,-0.008659,0.076215,0.077435,0.152874,-0.056016,0.085148,-0.087433,0.116665,0.166664,0.032764,0.297616,0.137873,0.084212,-0.077755,-0.133005,0.139607,0.019918,-0.117528,-0.187101,0.180613,0.069792,0.179635,0.203377,0.416895,-0.046134,0.081737,-0.149628,0.177691,0.156820,0.077195,-0.028381,-0.090239,0.189898,0.168115,-0.015686,-0.001382,-0.154784,0.190388,-0.280540,0.116977,0.070266,0.082994,0.164924,0.084107,-0.190245,0.092672,-0.029742,0.107295,-0.031309,0.244313,0.225445,-0.045499,0.120871,-0.036017,0.027480,0.027281,0.094789,-0.007255,-0.098298,0.189714,-0.094673,0.209040,0.025645,-0.139720,0.064523,-0.156161,-0.072521,-0.023300,0.180731,-0.189602,0.010843,-0.009350,0.321831,0.218256,0.070869,0.272942,0.265138,0.118947,-0.074766,0.336084,0.063118,0.114734,-0.059221,-0.000262,0.020658,0.016193,0.368777,0.011133,-0.045819,-0.131717,-0.144826,0.182755,0.017494,-0.061604,0.084250,-0.289555,-0.032611,0.103265,0.029654,0.130514,-0.086362,0.136293,-0.049419,0.086375,0.419827,0.197982,-0.118459,0.064644,0.232937,-0.003020,0.116402,0.224562,0.297286,0.191435,-0.040363,0.099242,#
4,-0.131408,0.172592,-0.033781,0.142946,1.000000,0.037097,0.228108,0.042188,-0.113401,0.060487,0.189882,-0.010079,-0.122865,-0.154354,-0.050037,0.255801,-0.252394,-0.184365,-0.192569,0.058430,0.066032,0.192179,0.158436,0.120824,-0.076044,-0.207555,0.105374,-0.048337,0.153885,-0.090958,0.097924,0.027610,0.152970,0.110504,0.001748,0.183248,-0.257288,-0.084459,0.057781,0.121945,-0.024261,0.151436,0.061820,0.188954,0.208193,-0.178739,0.204039,-0.055300,-0.156404,-0.113134,0.164345,0.254349,0.032620,-0.263599,0.014797,0.076532,-0.142552,0.014387,0.180944,-0.003535,0.033057,0.222710,0.074648,-0.058887,0.141141,0.269747,0.165892,-0.172025,-0.078886,0.196815,0.103696,0.016221,0.126436,-0.245619,-0.115635,0.283171,0.175498,-0.020891,0.178592,-0.000770,-0.224891,0.293191,0.021406,-0.087773,0.129970,-0.045732,-0.030445,-0.051319,0.054201,0.095461,-0.052000,-0.043098,-0.051538,-0.084584,0.121987,0.132291,0.234793,0.131750,-0.082586,0.127873,0.100742,0.089424,-0.118199,0.106435,0.100864,-0.263953,0.189395,0.090006,-0.092136,0.090717,-0.075268,0.145351,0.252723,0.278089,0.115564,0.155228,-0.113640,0.413551,-0.161410,0.213202,0.302505,0.076830,0.078480,0.210640,0.006087,0.068139,0.271213,0.035286,0.259662,0.266214,0.300169,0.072714,-0.150562,0.081377,0.051498,0.025410,0.059840,0.117450,0.167896,0.108767,-0.049992,0.217279,-0.127789,0.121158,-0.077833,0.339971,0.162901,-0.097020,-0.064629,0.098551,-0.137788,0.276112,0.019985,-0.062758,0.122660,-0.142766,0.144000,0.179244,0.179263,0.112905,-0.252984,0.290115,0.123362,0.316077,0.079476,0.017443,0.154068,0.189141,-0.213390,0.267476,0.103659,-0.110412,0.019830,-0.166541,0.224775,0.103819,-0.058440,0.085050,0.032406,-0.025392,0.243054,-0.028744,0.109134,-0.008648,0.242790,0.158881,-0.077573,0.025718,-0.104206,0.043044,-0.053402,0.036718,0.197882,-0.008378,0.276601,-0.347237,0.037382,-0.047062,0.136585,0.156391,#
5,0.013384,0.155275,0.107236,0.085353,0.037097,1.000000,-0.181866,0.158191,-0.115226,0.014779,-0.142324,-0.108564,0.140621,0.015324,0.068363,-0.116947,0.000036,-0.126436,0.031108,0.288370,-0.013373,-0.249090,-0.139278,0.159298,0.048132,0.183406,0.094043,0.188233,-0.235051,0.176087,0.028172,0.266784,0.074451,0.353118,-0.051746,0.179434,0.092533,-0.337077,0.089366,0.048125,-0.144963,0.175252,-0.158959,0.099075,0.197604,0.116734,-0.015584,0.248117,0.044113,0.045423,0.244876,-0.165330,0.141946,0.043844,0.080431,0.400385,-0.015357,-0.073040,0.075499,0.105859,-0.127796,-0.030009,0.032817,0.230080,0.013142,-0.169252,-0.135732,0.012855,0.098299,0.321313,0.217815,0.076037,0.261279,0.051145,0.096087,-0.217411,-0.118028,0.299872,0.137441,-0.014311,0.032996,0.307916,0.142480,0.000383,-0.073989,0.028571,-0.099228,-0.076264,0.166884,0.066239,0.048898,-0.140652,0.099067,-0.000281,-0.012330,-0.384606,0.139733,0.122059,0.168898,-0.178112,0.103558,0.145743,0.116302,0.149715,-0.012740,0.073364,0.139046,0.207342,-0.103214,-0.013606,-0.012966,0.122890,0.032202,-0.047145,-0.039694,-0.086642,0.254971,0.290150,0.071919,-0.127383,0.013794,0.170871,0.103634,0.241081,0.073713,0.013997,0.383182,-0.027811,0.061148,-0.083242,-0.076033,0.163575,0.070633,0.292474,0.099050,-0.104676,-0.303144,0.346009,-0.158100,-0.162268,-0.051465,-0.065844,0.132722,0.040858,0.328630,-0.014312,-0.045297,-0.039216,0.012162,0.134179,0.280865,0.110946,0.271674,-0.000143,0.043844,-0.065870,0.272319,0.067522,0.064822,0.094183,0.013991,0.244658,-0.000072,0.210860,0.305421,-0.193253,-0.219404,0.191311,-0.023238,-0.102360,0.201503,-0.012091,0.077478,-0.042312,-0.203966,0.189093,0.220803,0.186376,0.159873,0.095759,-0.014234,-0.015462,-0.255521,0.102244,0.012627,0.092755,-0.270638,0.057396,0.410520,0.237082,-0.042472,0.151831,0.063407,0.339889,0.185478,0.244225,-0.039610,0.196250,-0.000181,0.103557,#
6,0.038108,-0.098410,-0.099256,0.057137,0.228108,-0.181866,1.000000,-0.134310,0.175394,0.221069,0.113046,0.036353,-0.012419,-0.126234,-0.159796,0.419851,0.118226,0.103321,-0.077173,0.127836,0.064004,0.061465,0.004827,-0.082506,0.254310,0.086391,-0.133858,0.074271,0.107590,0.062551,0.099652,0.240304,0.134751,0.071729,-0.052999,0.165734,0.059709,0.285851,-0.036910,0.045698,0.076248,-0.151749,0.399114,0.158570,-0.123615,-0.155371,0.003504,0.164127,0.066757,0.045549,0.026304,0.140236,0.160551,-0.046935,-0.042286,-0.123393,-0.120660,0.028882,0.054575,-0.156284,0.331196,0.183495,-0.009565,0.075438,0.294061,0.226294,0.272566,0.276406,0.056008,0.134312,0.173733,0.295820,-0.042319,-0.129890,-0.090346,0.404914,0.308586,0.008043,0.227661,0.061788,0.065535,0.119811,-0.183106,0.131874,0.225743,-0.121928,0.256400,0.109036,-0.069993,-0.035931,-0.161841,0.245286,0.084978,-0.016968,0.147300,0.062062,0.125219,0.180704,0.039838,-0.014938,0.038947,0.157306,0.107129,0.009674,0.124334,-0.129876,-0.003366,0.131338,0.052693,-0.021921,0.009510,-0.117008,-0.082560,0.366491,-0.024265,0.007733,-0.161950,0.106105,0.019074,0.258215,0.001558,-0.083733,-0.131752,0.054853,0.013656,0.063847,-0.195629,-0.105406,0.188229,0.027608,0.150171,0.056170,0.064478,0.025643,0.051382,0.028001,0.078556,0.010672,0.004131,0.314991,0.138493,0.006186,-0.375902,0.001360,0.066385,0.062229,0.013324,0.247386,-0.016990,-0.111374,-0.057387,0.150492,-0.076363,-0.020039,-0.045509,-0.026812,0.086758,-0.189462,0.061198,0.242458,-0.050571,0.077507,-0.091341,0.122242,-0.015243,0.116155,0.123183,0.003922,0.139614,0.014217,-0.098055,0.179711,-0.258473,-0.054017,0.077358,0.086294,-0.037491,0.365196,-0.145108,0.093581,0.043903,0.309775,-0.060429,0.246979,0.131025,0.024959,0.135846,-0.188083,0.041178,0.085624,-0.092402,0.164691,0.032693,-0.053609,-0.003852,0.121603,0.138347,-0.118879,0.078899,0.115873,#
7,0.009051,-0.113331,0.206329,0.390724,0.042188,0.158191,-0.134310,1.000000,0.022328,-0.219559,-0.062722,-0.230920,0.303070,-0.055312,0.205046,0.004547,0.127162,0.165591,0.043725,0.075207,0.092068,0.111812,-0.078299,-0.065481,0.221761,0.100327,0.009514,-0.026409,-0.057815,0.340780,0.034876,-0.076221,0.092428,0.069812,0.178034,0.071644,-0.039725,0.163312,0.136992,0.046225,0.090551,0.304440,-0.090511,0.121032,0.124802,0.360107,0.181768,0.261156,0.263752,0.060730,0.010432,-0.002471,-0.054356,0.088032,0.311318,0.068812,0.160245,-0.322204,0.389793,0.255096,-0.064316,0.184482,0.126107,0.123012,0.034726,0.069691,0.147804,-0.178739,-0.079319,-0.003343,0.204053,0.011622,0.164197,0.218826,0.047695,0.096244,-0.048052,0.071586,-0.175816,-0.006670,0.387101,0.044513,0.135514,0.178270,-0.040954,0.209349,0.176414,0.117552,0.119556,0.280125,-0.054334,0.013814,0.321563,0.011359,0.277790,0.197927,-0.018590,0.230687,0.266698,0.052978,0.162310,-0.103389,-0.234335,-0.075457,0.169296,0.023876,0.084460,0.182387,0.155149,0.084889,0.246512,0.080352,0.325855,0.012411,0.223005,-0.061584,0.033661,0.135681,0.324969,0.077667,0.196148,0.049193,0.120082,-0.044681,-0.033682,0.195783,0.134365,0.041087,0.027951,0.092799,0.038940,0.119261,0.027441,0.074695,0.054833,0.089350,0.082923,0.250066,-0.034019,-0.010328,-0.047260,-0.004899,0.165977,0.113720,0.082233,0.135560,0.151320,-0.148366,-0.033852,-0.159456,0.036011,0.202965,0.050788,-0.336942,0.030689,0.203557,0.277642,0.273288,0.017991,0.087945,0.047580,-0.011034,0.296988,0.146522,0.199492,-0.027929,0.003064,-0.110939,-0.210799,0.024312,0.246227,-0.113757,0.172063,0.029128,-0.079018,0.230976,0.070084,-0.259358,0.127011,-0.003029,0.001664,0.196082,-0.032264,0.264107,-0.059435,0.003708,0.160866,0.052068,0.316914,0.194873,-0.068769,0.017059,0.167563,0.137053,0.226280,0.056914,0.260872,0.349466,0.083757,0.252091,#
8,0.028988,-0.133730,-0.042981,0.046664,-0.113401,-0.115226,0.175394,0.022328,1.000000,0.052678,0.132387,0.009129,0.050866,0.164774,0.076895,0.231110,0.070381,0.021622,-0.255971,0.106493,0.207306,0.038937,-0.189902,0.146213,0.317502,0.143907,0.012597,-0.351335,0.171289,-0.069504,0.057610,0.158337,-0.034135,-0.070231,0.064856,0.326745,0.163611,0.082921,-0.210322,0.048925,-0.019401,-0.054686,0.446177,0.073188,-0.103586,-0.015582,-0.055480,-0.050868,0.063822,-0.090069,0.275536,0.102701,0.031497,0.078156,-0.030059,0.105248,0.134099,-0.082290,-0.114830,-0.087801,0.250756,0.078572,0.384561,0.151630,0.346795,0.160440,0.096486,0.157311,0.361345,-0.028710,0.209919,0.297117,0.063866,0.042951,0.037511,-0.048565,-0.059190,0.103269,0.221671,-0.112000,0.190900,0.171852,-0.166223,-0.101757,0.198230,0.080161,0.043964,0.088131,-0.124899,-0.028398,0.024676,-0.006122,-0.145295,-0.008544,-0.147944,0.002970,0.307656,0.349954,0.376737,0.372816,0.020468,-0.305017,0.088205,0.278833,-0.162374,0.251215,0.015818,-0.119382,-0.136651,0.254412,-0.105728,0.102106,-0.037332,0.058430,-0.128665,0.075656,0.177524,0.082376,-0.021983,0.148875,-0.145314,0.005930,-0.049492,0.202731,0.114748,0.163886,-0.059868,-0.146089,0.100930,0.138068,-0.042495,0.145979,0.092304,-0.024204,0.004421,0.323915,0.128796,0.040921,0.089490,0.134372,-0.090128,-0.062027,0.092724,-0.285827,-0.014480,-0.086973,-0.087363,0.307226,0.116308,-0.092103,-0.071317,0.295717,-0.185996,0.153090,0.198054,-0.201532,0.128767,0.221838,0.342515,0.064422,-0.024915,-0.245736,-0.029865,-0.076966,-0.185141,-0.034025,0.124648,0.182167,0.231530,-0.265506,-0.059981,0.221275,-0.224729,0.084671,0.125486,0.108247,0.195296,0.061290,0.155587,0.067528,0.059482,-0.067477,0.149499,-0.039650,0.112220,-0.060118,0.269072,0.138881,0.107534,0.146844,0.131165,0.125141,0.308553,0.151991,0.141170,-0.011266,-0.285522,0.145745,0.023961,0.213316,#
9,-0.190037,-0.117374,0.322237,0.033909,0.060487,0.014779,0.221069,-0.219559,0.052678,1.000000,0.084323,-0.179835,-0.025257,-0.071407,0.060006,0.101368,-0.055972,-0.133872,-0.163796,-0.198954,-0.003709,0.002395,-0.304872,-0.010799,0.051868,-0.298125,0.106370,0.029596,0.028698,-0.294436,-0.072594,0.207509,0.050771,0.067216,-0.263393,0.039435,-0.086583,-0.133363,-0.116607,0.106116,0.060342,-0.137667,-0.194480,-0.012764,0.023803,-0.077761,0.044058,-0.195534,0.013304,0.196820,0.063823,0.071587,-0.100509,0.010355,-0.182413,-0.059383,0.087104,0.125570,-0.187919,-0.097677,0.023978,0.163980,-0.154968,-0.063051,-0.171981,0.035978,0.188789,-0.054559,0.228525,0.179069,0.206589,0.145387,0.120896,0.073032,-0.240351,0.009403,0.255974,0.073437,0.026137,0.238415,-0.043875,0.186590,-0.112328,0.050896,0.009214,-0.019268,0.310429,0.370115,-0.038171,0.113792,0.121759,0.013409,0.026912,-0.207318,0.101062,-0.178054,0.068887,-0.182622,-0.089306,0.106457,0.019914,0.016754,0.190653,0.027893,0.017117,0.231623,-0.111031,-0.038944,0.211572,0.075132,-0.146307,0.188065,0.013133,0.163360,-0.167373,-0.073915,-0.038692,0.027777,-0.081204,-0.102118,-0.238029,0.043411,-0.120372,0.084367,0.205941,0.089654,0.008140,-0.080264,-0.030948,-0.014907,0.146104,0.137549,-0.188947,0.158292,0.079584,-0.193331,0.016919,-0.006307,-0.011486,0.028942,0.405203,0.284757,-0.087111,0.162347,0.005158,0.291146,-0.001045,0.246705,0.098609,-0.018089,-0.073475,-0.075016,0.249147,-0.074572,0.001198,0.115775,0.042103,0.046940,0.012054,0.084976,0.053540,0.012783,-0.000212,-0.059897,-0.137707,0.177347,0.121205,0.155176,0.164713,-0.091689,0.024170,-0.010036,-0.240391,-0.243160,0.015583,0.116748,0.230271,0.185719,-0.105540,0.020738,0.034410,0.071793,0.035119,-0.025970,-0.013560,0.067563,-0.023367,-0.058516,0.138121,-0.022435,-0.258948,-0.144580,0.064072,-0.035058,-0.058416,0.000152,0.118279,-0.025761,-0.241794,-0.025017,#
10,-0.067136,0.007544,-0.035027,-0.067853,0.189882,-0.142324,0.113046,-0.062722,0.132387,0.084323,1.000000,0.165609,0.003329,0.027541,-0.099827,0.097995,0.167926,-0.177023,0.031022,0.081819,0.025264,0.054794,-0.118096,0.196939,0.059701,0.094090,0.054552,0.022226,-0.044785,0.024457,0.026941,-0.200349,0.042806,0.140142,0.012256,-0.016496,0.319517,0.057005,-0.029100,-0.198422,0.125863,-0.065148,0.081833,-0.184106,-0.005477,-0.047709,0.264323,0.032618,0.011907,0.254168,-0.049606,0.231422,0.066319,-0.197305,0.041490,0.291642,0.068116,0.197221,-0.222510,0.017212,-0.010849,0.150869,0.153010,0.186893,0.075890,-0.105795,0.220338,0.151528,0.153769,-0.066053,0.352088,0.278100,0.079470,-0.219846,0.068052,0.235358,-0.200178,-0.180042,-0.011331,-0.062902,0.051257,-0.000154,0.089458,-0.212440,0.055110,0.091339,0.137790,-0.001876,0.080874,0.276618,0.032300,0.099965,0.131467,-0.300104,-0.212603,-0.056451,-0.012964,0.314887,-0.003868,-0.004808,-0.030115,-0.200641,0.009027,0.070872,-0.002983,-0.056741,0.224007,-0.019789,-0.101509,0.045677,-0.021970,-0.112235,0.149668,0.205078,-0.025055,0.038952,-0.015830,0.185939,0.097814,-0.038974,0.118429,0.055629,0.013401,0.035969,-0.034416,0.196026,0.022898,-0.056802,0.189116,0.081681,-0.098448,0.194442,-0.098433,-0.011729,0.158083,0.367145,-0.037471,0.065559,0.173034,-0.015383,0.037285,0.071876,-0.049818,0.064548,-0.105914,0.343975,0.391338,0.152259,0.014967,0.215462,-0.186547,-0.023661,-0.131158,0.157236,0.179055,-0.172710,0.244433,0.001203,0.101630,-0.169086,-0.026062,-0.006892,0.125188,-0.020548,-0.005136,0.152193,0.049647,0.114847,0.030144,0.198722,-0.151293,0.140549,-0.125201,-0.009848,0.287654,0.108423,-0.099128,-0.040517,-0.166911,0.047994,-0.142722,-0.038395,0.034927,-0.018053,-0.288813,0.174150,0.376811,0.104668,-0.186660,0.000435,-0.020031,-0.227202,0.014093,0.188984,0.114567,-0.188973,-0.031575,0.019933,-0.074778,0.261163,#
11,0.172576,-0.017087,-0.167477,-0.055863,-0.010079,-0.108564,0.036353,-0.230920,0.009129,-0.179835,0.165609,1.000000,-0.068200,-0.000316,0.107950,0.030599,0.057372,0.042766,0.197812,0.115079,-0.091869,-0.210023,0.153766,0.054135,0.208953,-0.031621,-0.050213,-0.000504,0.064252,-0.080212,0.158229,0.247130,0.025434,0.004821,-0.140434,0.028141,0.107970,0.107320,-0.117158,-0.026241,0.140548,-0.278540,0.209961,-0.103253,-0.106924,-0.283318,0.048588,0.168207,-0.098340,-0.062100,-0.112850,0.077551,0.476883,-0.070809,-0.020264,0.037780,-0.163353,0.387518,0.032726,0.237272,0.027248,-0.092832,0.270518,0.023488,0.127116,-0.009657,-0.179027,0.023911,0.217199,-0.116083,-0.112458,-0.156107,-0.107694,0.008321,0.228151,0.025899,-0.114646,0.093156,0.013615,-0.271247,-0.232705,0.100536,-0.075065,-0.108362,0.332811,-0.113729,-0.163928,-0.149266,-0.107587,-0.146444,-0.124823,0.056146,-0.002146,-0.193916,-0.129611,0.253814,-0.106027,0.171462,-0.213935,0.116306,-0.121943,-0.077495,0.069041,0.174296,-0.135113,0.042237,0.204651,0.041532,0.117519,-0.304693,-0.008982,0.189741,0.006047,-0.084264,-0.067914,-0.040069,-0.021047,-0.012527,-0.141483,0.244900,-0.034223,-0.098323,-0.042714,0.026844,-0.040921,0.095950,0.044431,0.166699,0.044296,0.245653,0.042897,0.023557,0.258633,0.070151,0.014612,0.143724,0.097152,0.163051,0.130375,0.421490,-0.251798,-0.125969,0.122603,0.013641,-0.050137,-0.027839,0.243772,0.011042,0.113523,-0.100556,0.010257,0.078023,-0.087609,0.260567,0.243932,-0.139312,-0.042576,-0.077270,-0.104181,-0.112341,0.277003,0.106300,-0.002459,0.041190,0.045386,0.242286,0.244968,-0.092237,0.165469,0.232608,0.202225,0.147304,0.089503,0.246870,0.090013,0.030669,0.146135,-0.064711,0.008086,0.018687,-0.074838,-0.300156,0.058087,0.080817,0.210200,0.042379,0.265556,0.165304,-0.159645,-0.276836,0.073248,0.012951,0.069567,0.145156,-0.044103,-0.088552,-0.059224,-0.108428,-0.093837,-0.197117,#
12,0.225303,0.228447,-0.130444,0.236543,-0.122865,0.140621,-0.012419,0.303070,0.050866,-0.025257,0.003329,-0.068200,1.000000,0.005703,0.103069,0.128497,0.081227,-0.054010,0.155529,-0.143676,0.105431,-0.008200,-0.023388,0.116038,0.132594,0.308761,-0.038407,-0.092380,-0.074279,-0.000016,0.077696,-0.052295,-0.038252,0.044550,0.202280,-0.042324,-0.052868,0.049886,-0.088950,0.009212,-0.128373,-0.142739,-0.032176,-0.012042,0.095339,0.074089,0.188334,0.286627,0.363061,0.177794,-0.009698,-0.096418,0.035167,0.087328,-0.104368,0.201026,0.171876,-0.283694,0.333842,-0.010908,-0.085241,-0.009426,0.039734,-0.175520,-0.033960,-0.075521,-0.057033,0.279207,0.129441,0.045311,-0.014942,0.204218,0.211386,0.057878,-0.013586,0.136056,-0.053915,-0.080335,-0.010741,-0.159243,0.217424,0.161248,0.150251,-0.107345,-0.063000,0.141883,0.080913,0.096236,-0.160068,0.071431,0.062119,-0.029158,0.156749,0.106075,-0.058835,-0.002807,-0.028087,-0.068770,-0.246535,0.000656,-0.033065,-0.010437,-0.115452,-0.073850,-0.074195,0.077134,-0.045772,0.312304,0.087621,0.019968,0.049718,0.084051,0.225236,-0.055051,0.133563,-0.025934,-0.188540,0.087446,-0.092987,-0.139465,0.005874,0.334637,-0.039373,-0.003979,-0.004766,0.245110,0.145855,-0.046133,-0.316912,0.066033,-0.364777,-0.077141,-0.100295,-0.040987,-0.178689,-0.061376,-0.058098,0.145350,0.011780,-0.139596,-0.090642,-0.123115,0.062584,0.103166,-0.112762,0.246008,0.158928,-0.009004,-0.097614,-0.167040,0.165037,-0.119285,0.254985,-0.169058,0.179934,0.063682,0.033552,0.074759,0.251991,-0.151863,-0.050854,0.204335,0.062664,0.046359,0.054964,0.138346,-0.051567,0.161832,0.209576,-0.085563,0.268130,-0.138278,-0.004952,0.171711,0.065570,0.153294,0.090708,-0.116638,-0.323723,-0.102572,-0.046989,0.196208,-0.176081,-0.007918,-0.093087,-0.018952,0.220679,0.101166,0.378779,0.173734,-0.092515,0.028705,-0.123525,-0.044321,0.021154,0.045708,-0.110378,0.166080,0.067378,0.155920,#
13,-0.389113,0.319540,-0.112108,-0.215797,-0.154354,0.015324,-0.126234,-0.055312,0.164774,-0.071407,0.027541,-0.000316,0.005703,1.000000,-0.027523,-0.100687,-0.156592,0.054047,0.043908,-0.016343,0.046235,0.001233,0.238710,0.064049,0.063460,0.237621,-0.006946,-0.180624,0.054381,0.292474,-0.040436,0.023861,0.153233,0.158647,-0.105660,0.239422,-0.077331,0.148918,-0.308720,0.161514,0.072606,0.008554,0.194786,-0.164730,-0.052491,0.023210,-0.048037,0.237849,0.146630,0.260994,0.037443,0.048073,0.001080,0.043295,0.219287,0.247487,0.093411,0.078839,-0.060543,0.069151,-0.221661,-0.039838,0.018173,-0.077582,0.197567,-0.052960,0.138023,0.192500,0.326485,0.062928,0.172991,-0.026134,0.223073,-0.046754,-0.044187,-0.004665,0.220729,0.055955,0.112368,-0.214977,-0.095888,0.192947,0.145307,0.005199,-0.011016,0.262305,0.017230,0.044490,0.110581,-0.029739,-0.014317,0.010064,0.062323,0.040420,-0.131550,-0.166796,0.250523,0.105790,0.011075,0.040942,-0.050768,0.057697,0.378136,-0.040735,0.005261,0.144920,-0.022088,0.138539,-0.340959,0.101093,0.030303,0.048669,-0.072275,0.050107,-0.137494,-0.222968,-0.017876,0.006495,0.088589,-0.214469,0.025519,-0.116611,0.137018,-0.308803,-0.022807,0.050282,0.107173,0.032722,0.115357,0.023709,-0.004942,-0.249784,0.086902,0.126226,-0.120066,-0.018071,-0.140190,0.079560,0.353919,0.051258,0.068713,-0.194609,0.047866,-0.449548,-0.151820,0.059226,-0.064226,0.142992,0.064532,-0.115741,0.149939,0.128564,-0.073424,0.139957,0.144698,-0.079022,0.115163,-0.246537,0.070665,-0.176455,0.109347,-0.070417,0.211188,-0.069563,-0.064266,-0.029006,0.055643,0.081419,0.010536,0.003913,0.166329,0.029933,-0.007599,0.235361,0.043241,0.114226,0.074492,-0.119623,-0.006715,0.076642,0.050733,-0.112215,0.183208,-0.115729,-0.189718,0.065198,-0.020200,-0.113918,-0.053980,0.061481,0.362017,0.080239,0.078970,0.013551,-0.000760,0.148187,-0.019941,0.112481,0.119799,-0.028785,#
14,0.275299,0.025811,0.057677,0.005676,-0.050037,0.068363,-0.159796,0.205046,0.076895,0.060006,-0.099827,0.107950,0.103069,-0.027523,1.000000,0.033732,0.052676,0.030759,-0.025945,-0.001965,-0.160286,-0.053819,0.152403,0.212324,0.065903,-0.045563,0.174989,-0.289595,-0.029910,0.101121,0.330627,-0.174187,-0.031869,-0.167253,0.294826,0.282821,-0.194420,-0.013632,0.125628,0.113414,0.119091,-0.150166,-0.102316,-0.020668,0.151631,0.091445,-0.039051,-0.052841,0.157389,0.022348,-0.067818,0.269381,0.092901,-0.044395,0.038375,0.098183,-0.009443,-0.176230,0.065037,-0.073740,-0.013192,-0.100976,0.180454,0.151835,-0.078585,0.075871,-0.198399,-0.096609,0.154976,0.064192,0.168486,-0.070502,0.331951,0.364270,0.031854,-0.024048,-0.023295,0.082018,-0.125323,-0.007658,-0.037350,0.074614,0.103743,-0.086318,0.187839,0.079435,-0.217252,-0.168135,-0.067365,-0.037751,0.095855,-0.167337,0.165055,0.333613,0.031181,0.146702,-0.233379,0.033806,-0.128361,0.131107,-0.198804,-0.136301,0.069484,-0.006586,0.182408,-0.050780,-0.063932,-0.080935,0.204267,0.132480,-0.008711,0.246275,0.165870,0.059383,-0.289328,0.002367,-0.067270,-0.133930,0.020195,0.209854,0.001851,0.058105,0.124031,0.128897,0.055222,-0.027263,0.116086,0.087635,-0.191949,0.039519,-0.226319,0.184321,-0.222382,0.029351,0.116410,-0.054820,0.252758,0.174886,0.104934,0.095215,-0.168956,0.152797,0.096348,0.064961,-0.032299,0.090692,0.045578,-0.018537,0.024719,-0.172343,0.254515,0.150249,0.252167,0.084755,-0.008721,0.096412,0.091419,-0.037588,-0.204800,-0.023541,0.115328,-0.055557,0.166142,-0.185486,0.402413,0.204537,0.034183,-0.045883,0.006015,0.064661,0.117848,-0.295825,0.162161,-0.064346,0.188634,0.097921,0.087771,-0.233608,0.112669,0.065765,0.072333,-0.105270,-0.214795,0.016830,0.162855,0.096456,0.144227,0.171473,0.159046,-0.065059,0.035313,0.106674,0.193237,0.194213,-0.014931,-0.193267,0.004758,0.155118,-0.166447,-0.104096,#
15,-0.035609,-0.190951,-0.169616,-0.157768,0.255801,-0.116947,0.419851,0.004547,0.231110,0.101368,0.097995,0.030599,0.128497,-0.100687,0.033732,1.000000,-0.117457,0.019079,-0.101469,-0.011854,-0.102361,0.112355,0.128753,0.012373,0.109363,0.021496,-0.269815,-0.035119,0.197024,-0.039231,0.217010,0.083894,0.081414,0.195977,-0.106397,0.090081,0.008305,0.284858,-0.161017,-0.185711,-0.129698,-0.164171,0.205973,0.173748,-0.003637,-0.024566,-0.023143,-0.220464,0.011965,0.015976,-0.000436,0.130650,-0.057353,0.119978,0.022863,0.093009,0.046717,0.002045,0.079809,0.010989,0.179429,0.220203,0.080063,0.097641,0.195335,0.023179,0.041429,0.142055,0.151960,0.004904,0.038488,0.059520,-0.097557,0.087177,0.101368,0.308802,0.123821,-0.003561,0.229992,-0.106994,-0.128734,0.021491,-0.012977,0.039522,0.141106,-0.213964,-0.116131,0.083792,0.027675,-0.140576,-0.137190,0.224016,0.148785,0.160541,-0.109594,0.044142,0.065458,0.293277,0.059286,0.180956,-0.043790,0.026657,0.106462,0.166263,0.053696,-0.069659,-0.154202,0.009282,-0.032683,0.127261,0.011034,-0.073112,0.162039,0.272716,0.029338,-0.148630,-0.241011,-0.062046,-0.157127,0.468280,0.022052,0.035999,-0.029114,0.203338,0.036079,0.203830,-0.099275,-0.145672,-0.055100,0.243250,0.180380,-0.020231,-0.070233,-0.254555,0.021708,0.336425,0.120584,-0.009152,-0.229737,0.103321,-0.102662,-0.061667,-0.048199,0.095120,0.076559,0.148597,-0.103213,0.096907,0.011829,-0.023901,0.088375,0.398193,-0.019324,0.112348,0.011626,-0.109870,0.101029,-0.043670,0.153667,0.155249,-0.128351,-0.062807,0.059798,0.070306,-0.059412,-0.062694,0.012135,-0.228357,0.096675,0.064256,-0.086055,0.054915,-0.325333,0.089166,-0.017298,0.271509,0.057134,0.034590,-0.047184,0.149508,0.178078,0.080451,-0.072821,0.113849,0.297223,-0.013283,-0.028369,-0.065238,-0.172219,-0.107852,-0.064075,0.089088,-0.017166,-0.122409,-0.171859,0.011905,0.028643,-0.179831,0.128260,0.017081,#
16,-0.022477,-0.020965,0.033149,-0.066061,-0.252394,0.000036,0.118226,0.127162,0.070381,-0.055972,0.167926,0.057372,0.081227,-0.156592,0.052676,-0.117457,1.000000,0.100785,0.212807,0.196556,0.227380,-0.319640,-0.014736,0.017541,0.273392,0.199707,0.032747,0.122621,-0.188446,0.137913,0.047513,-0.120969,-0.105051,-0.119299,0.161868,0.045409,0.291433,0.300569,0.154028,0.003812,0.088591,-0.056856,0.084746,-0.055226,0.059291,-0.035636,-0.009224,-0.100116,0.165379,0.108295,-0.100896,0.190026,0.031092,-0.030556,-0.107718,0.093376,0.027073,-0.026289,0.014414,-0.068110,0.199022,0.237983,0.009489,-0.008079,-0.043954,0.018216,0.232300,-0.064866,0.051707,0.006752,0.213775,0.081769,0.209758,0.009726,0.071334,0.117643,-0.085465,0.005167,-0.229467,0.183772,0.231176,0.021228,0.176909,0.002374,0.042566,0.001007,0.215153,-0.249796,-0.127482,0.105479,0.000449,0.150630,0.040544,-0.214949,-0.067369,0.067677,-0.132601,0.288411,0.110718,0.122269,0.142632,0.089839,0.006860,0.148066,0.073738,0.017677,0.001364,-0.069640,0.202736,0.056150,-0.022805,-0.033706,0.151758,-0.094439,0.016447,0.032235,0.379182,0.227110,0.139402,-0.100699,-0.042440,-0.197016,0.054895,0.004826,0.180492,-0.087539,-0.336801,-0.121281,0.153814,-0.127752,0.092974,0.090158,-0.075011,0.050897,-0.098136,0.039640,0.047948,0.049402,-0.201996,-0.203938,0.081420,-0.151236,-0.032008,-0.000966,-0.124369,-0.053516,0.325747,0.144859,0.120848,-0.102675,-0.041742,-0.027131,-0.189493,0.002378,0.069136,-0.014619,0.248050,0.032833,-0.057424,-0.002391,0.252515,-0.187618,0.169096,-0.182351,0.162768,0.111372,-0.009896,0.191544,0.020555,-0.019109,-0.143061,0.231684,-0.011834,0.133746,0.003150,0.124196,0.056234,0.418895,-0.003062,0.061157,0.044549,-0.113209,-0.131248,0.241059,-0.344798,-0.027258,0.144902,-0.006647,0.235545,0.035446,-0.079481,0.178647,-0.074840,0.082466,0.245625,0.063060,0.175409,0.153906,-0.185101,0.009433,#
17,0.023833,-0.249486,0.043992,-0.101242,-0.184365,-0.126436,0.103321,0.165591,0.021622,-0.133872,-0.177023,0.042766,-0.054010,0.054047,0.030759,0.019079,0.100785,1.000000,0.077989,0.164887,-0.063611,-0.044704,0.099181,-0.519370,0.158923,0.209690,0.003956,-0.000520,-0.002504,-0.041379,0.015986,0.139229,0.011494,-0.087344,-0.175084,-0.182323,-0.105353,0.126322,0.124415,0.216107,0.025968,0.179838,-0.064427,0.061496,0.025330,0.171791,-0.166496,0.050718,0.104872,0.079641,-0.044734,-0.243674,-0.119327,0.098701,0.089527,-0.163112,0.138526,-0.114494,-0.084208,0.049662,-0.091523,-0.113262,0.253131,-0.132832,0.021095,-0.082061,0.276101,0.115301,-0.023426,-0.104797,-0.056941,-0.191312,-0.207200,0.159884,0.235467,-0.069292,-0.082955,-0.048886,0.095133,0.021683,0.031805,-0.017526,-0.039627,0.006441,-0.019646,-0.134530,0.093876,0.098788,-0.020444,-0.213563,-0.230425,-0.162493,0.081579,0.133768,0.229620,-0.005886,-0.169168,-0.008645,0.086486,-0.107077,0.030414,-0.251696,-0.079307,-0.144600,-0.048808,0.202073,-0.249776,-0.218725,0.016888,0.070124,0.205068,-0.198922,0.176054,0.066542,0.196106,-0.143418,-0.138923,-0.090462,0.122547,0.253202,0.015012,0.068657,0.077583,-0.305337,-0.186480,-0.129084,-0.178925,0.006407,0.045447,-0.068965,-0.015624,0.040386,0.150774,-0.042496,0.098050,0.166749,0.248541,-0.011251,-0.082372,0.132084,-0.047512,-0.021582,0.142096,-0.066598,0.041387,-0.062392,-0.191289,-0.156304,0.131637,-0.146979,-0.100142,0.066250,-0.044937,0.006137,-0.091799,-0.065647,0.203528,-0.096147,-0.092451,0.121023,0.083525,-0.048278,0.220692,-0.206134,-0.050762,-0.185835,-0.183028,-0.245316,0.035714,-0.030031,-0.154661,-0.093724,0.122193,-0.028642,0.144240,-0.101911,0.167485,-0.027095,-0.076342,0.340185,0.073657,0.132369,0.015376,0.354063,-0.055399,-0.106409,0.106382,-0.032375,-0.149457,-0.054251,0.376799,-0.105640,-0.106431,-0.025499,0.088419,0.075491,0.017408,-0.015565,0.077846,-0.429920,#
18,0.006367,-0.140607,-0.161481,-0.170207,-0.192569,0.031108,-0.077173,0.043725,-0.255971,-0.163796,0.031022,0.197812,0.155529,0.043908,-0.025945,-0.101469,0.212807,0.077989,1.000000,-0.019887,-0.158018,-0.015990,-0.056111,-0.173192,-0.086697,0.253256,-0.153240,0.030748,-0.027638,0.192827,-0.273821,0.015474,-0.075366,0.036057,-0.072735,-0.101652,0.028789,0.162219,-0.044080,0.110246,-0.142439,0.037373,0.208548,-0.041649,-0.188550,-0.156283,0.006102,0.402651,0.089480,0.066525,-0.348096,0.116729,0.062985,-0.383969,-0.120065,-0.043665,0.090494,-0.133333,-0.113970,0.211327,-0.041014,0.094160,0.036196,-0.253178,0.080803,-0.260257,-0.076193,-0.304685,-0.360316,-0.211776,-0.195927,-0.307605,0.061757,-0.272560,0.280009,0.044890,-0.153810,-0.106075,-0.451435,-0.102151,-0.024784,0.004268,0.312186,-0.099093,0.085504,0.074244,-0.158054,0.107178,-0.105902,-0.154519,0.031025,-0.016361,0.009176,0.004331,-0.032761,0.017126,-0.026582,0.046238,-0.211797,-0.023158,-0.017454,0.034128,-0.011499,-0.149353,-0.130658,0.114009,0.113108,0.150795,0.009338,-0.098033,0.216365,-0.209285,-0.049091,-0.151714,-0.002210,0.053010,-0.167991,0.114398,0.210986,-0.089197,0.155945,-0.209199,-0.095363,-0.167895,0.276542,-0.263910,-0.057453,-0.064753,0.007371,-0.061333,-0.159495,0.090622,0.004271,-0.231199,0.028130,0.070500,-0.080330,-0.006553,-0.147996,0.012132,-0.128534,-0.146987,0.012402,0.150491,-0.062666,-0.139144,0.173420,0.004877,0.134169,0.075757,0.096619,-0.252566,0.258846,0.043163,0.114326,0.069641,-0.068546,0.030901,-0.257504,-0.103058,0.129638,0.076424,0.265798,-0.116385,-0.035332,-0.159498,0.234157,-0.118476,-0.021201,0.003550,0.059790,-0.042160,0.149811,0.241287,-0.039696,-0.041476,-0.099190,-0.002889,-0.241519,0.092009,-0.222161,0.014398,-0.128194,-0.026981,-0.147269,-0.048914,0.159890,-0.042662,-0.094854,0.028054,0.117171,-0.041924,-0.080780,0.085927,-0.207753,-0.115680,-0.115512,0.289520,-0.174712,0.070208,#
19,0.094834,0.100038,0.024524,-0.107816,0.058430,0.288370,0.127836,0.075207,0.106493,-0.198954,0.081819,0.115079,-0.143676,-0.016343,-0.001965,-0.011854,0.196556,0.164887,-0.019887,1.000000,0.087582,-0.211118,-0.081726,0.077568,0.261942,0.127180,-0.100517,-0.078058,-0.383227,0.222471,0.152683,0.115180,0.223819,-0.024211,0.142995,0.079797,0.024418,0.103838,0.001737,0.097380,0.216237,0.245581,0.115038,-0.081898,0.042282,0.185554,0.021205,0.075981,0.082448,0.218659,-0.041509,0.002174,0.011822,0.060377,0.098649,0.138898,0.036709,-0.011048,-0.133757,0.079427,0.069003,-0.114550,0.249489,0.042209,0.026895,-0.026493,0.217150,0.129010,0.155368,-0.118954,0.205606,0.030694,0.156733,-0.062816,-0.036062,0.241943,-0.150895,0.158500,0.180295,-0.112903,0.139139,0.000425,0.067685,-0.040330,-0.033933,-0.125798,0.066930,-0.067788,0.171578,0.048228,-0.256098,0.047758,-0.158578,0.078262,-0.020299,-0.052185,0.127154,0.414048,0.088786,0.136981,0.069072,-0.081995,0.040606,0.219639,0.172740,-0.053821,0.246609,-0.188283,0.105692,-0.159379,0.141899,0.035447,0.032603,0.199639,0.044580,0.207116,0.237550,0.140518,0.187518,-0.079769,0.389259,0.049826,-0.104792,0.159440,0.108817,0.146706,-0.013406,0.254720,0.261957,0.046847,0.132075,0.232646,0.071478,0.044493,0.060812,0.238177,0.073120,0.104038,0.126023,0.018861,-0.044479,0.132705,0.015903,-0.017026,0.038603,-0.160179,-0.137135,0.018233,0.305869,0.104170,-0.027202,0.082479,0.029344,0.161139,0.203292,0.003788,0.211515,-0.060513,0.280632,0.201900,0.062825,0.196864,0.093875,0.241976,0.097839,0.030047,-0.133932,0.199034,-0.010731,0.013940,-0.204169,0.075131,0.078840,0.168618,0.231233,0.106120,0.224919,0.104707,0.104578,0.002806,-0.001459,0.184330,0.168302,0.176594,0.075634,0.008655,-0.049282,-0.141073,0.006042,0.116260,0.212527,0.216047,-0.001944,0.253190,0.302032,-0.014377,0.125195,-0.131954,0.007470,-0.051863,#
20,-0.307108,0.146938,0.131656,0.201421,0.066032,-0.013373,0.064004,0.092068,0.207306,-0.003709,0.025264,-0.091869,0.105431,0.046235,-0.160286,-0.102361,0.227380,-0.063611,-0.158018,0.087582,1.000000,0.015489,0.031698,0.173382,0.296602,0.279294,-0.064187,0.122583,0.100799,-0.097891,0.113863,0.041503,0.242831,0.284248,-0.023255,0.021762,0.053506,0.073478,-0.114125,0.037480,0.292800,0.123824,0.046229,-0.114069,0.304044,-0.085924,-0.027228,0.011689,0.166426,0.096530,-0.152566,0.068979,0.065211,0.141683,0.093735,-0.167796,-0.287770,-0.182472,0.011263,-0.043466,0.008325,0.068390,0.094084,0.120844,0.007384,-0.091997,0.231846,-0.110737,0.012760,0.088569,0.184502,0.150461,0.152232,0.040022,-0.190143,-0.042003,0.087877,-0.088041,0.254069,0.204054,0.083916,0.093888,0.103228,-0.135055,-0.204392,-0.115472,0.096379,0.159084,0.246781,0.381277,0.190675,0.017540,0.104359,-0.036354,-0.164329,0.185455,0.078591,0.112020,0.058554,0.146798,0.176251,-0.124882,-0.069556,0.215733,-0.118533,0.160680,0.414228,-0.105300,-0.082162,0.262084,-0.229031,0.232171,-0.027380,-0.215953,0.223861,0.081653,0.220965,0.185961,-0.131151,-0.140309,0.183627,0.130953,-0.029388,0.110505,-0.075758,0.017771,-0.135985,-0.090692,-0.032833,0.206353,0.032990,0.157648,0.238826,0.061256,-0.181639,0.166950,0.009914,0.054144,0.029034,0.258806,0.069810,-0.095146,0.076696,-0.129164,0.028695,-0.162920,0.173577,0.151320,-0.001944,-0.035114,0.063326,0.148417,-0.094682,-0.017504,-0.126377,-0.166149,0.120637,0.079930,0.287961,-0.026406,0.096008,0.007633,0.045142,0.059852,-0.037919,0.156899,-0.067438,0.369675,-0.099405,-0.288803,0.109772,0.042414,-0.151561,0.112016,0.026753,0.195303,0.073665,0.198611,-0.058599,-0.249461,0.194632,-0.076700,0.109658,0.001523,-0.151671,0.137647,0.105544,-0.077493,0.062335,0.166999,0.033358,0.230365,0.228119,0.094908,0.319338,0.129437,0.032250,0.139563,0.010377,0.024904,#
