0,1.000000,-0.032900,-0.117165,-0.045743,0.155537,0.068258,0.016252,0.128742,0.107503,0.096104,0.037137,-0.150792,0.321506,-0.394170,0.153929,0.060071,0.119907,-0.098015,-0.200578,0.137238,-0.207833,-0.069889,0.018845,-0.029305,0.167587,-0.112097,0.406890,0.037106,-0.141697,0.037907,-0.027321,-0.078750,-0.114115,-0.235369,0.209328,0.040122,0.145203,-0.197028,0.137553,0.162433,-0.318574,-0.026759,0.069174,0.155880,-0.062335,-0.032146,0.201281,-0.176151,-0.094807,0.113794,0.445264,-0.123436,0.197969,0.090817,-0.211128,0.146758,0.108223,0.057420,0.021748,-0.186618,0.238884,0.038493,-0.036329,0.013954,0.070674,0.154642,-0.221818,0.400796,-0.108228,0.107633,0.175021,-0.002420,0.084748,-0.176921,-0.035909,0.159637,-0.129026,-0.123448,-0.147905,0.179864,0.357365,0.211628,-0.188596,-0.048073,-0.048016,0.321794,0.159850,-0.207142,-0.105727,0.086304,-0.038300,-0.125909,-0.089732,-0.180216,-0.013944,0.152589,0.011527,0.011042,0.091038,-0.065048,-0.052575,0.129991,-0.296428,-0.025290,0.173055,-0.213648,-0.357542,0.013026,0.084121,0.069552,0.257252,-0.191954,-0.016557,0.086229,-0.020550,0.267213,-0.086983,0.111223,0.229140,0.129960,0.056050,0.301509,0.169355,-0.035876,0.058379,0.100839,0.103005,0.030504,0.115244,-0.015912,0.023400,-0.149473,-0.262483,-0.144568,0.037284,-0.186647,0.082926,0.127208,-0.168071,-0.312041,-0.280487,0.163042,-0.071346,0.142443,0.036468,0.136984,-0.012935,-0.042300,0.094300,-0.112970,-0.190751,-0.028876,-0.044152,-0.338811,0.141346,-0.040279,-0.005002,0.065587,0.251768,0.138775,0.091220,0.280213,-0.150918,-0.052815,0.182328,0.107707,0.136782,-0.024113,0.197665,0.172337,-0.080569,0.043364,0.314090,-0.065387,0.192778,-0.243387,-0.015021,0.119206,-0.005693,0.170371,-0.083314,0.108216,-0.091258,0.113764,0.122125,0.081272,0.091058,0.111245,0.118300,0.269723,-0.036702,-0.140676,-0.152191,-0.062894,0.056214,-0.177087,-0.166380,-0.080486,-0.101998,0.105192,#
1,-0.032900,1.000000,0.004003,0.282789,-0.115380,0.180977,0.091836,0.021335,0.045752,-0.017257,0.038717,-0.154953,0.139302,0.203578,-0.204758,-0.203352,0.217740,-0.037460,0.162701,-0.139579,0.296884,0.202083,0.198541,0.236858,-0.045459,0.322332,0.124968,-0.271297,-0.001884,0.150350,-0.079635,0.079279,0.051282,-0.052515,0.154910,0.313619,-0.127017,0.212781,0.040420,0.121764,-0.123043,0.014694,0.077911,0.106174,0.112257,0.195880,-0.084702,0.115402,0.128933,0.080836,0.078013,0.215945,0.016270,0.080992,0.020778,0.166143,-0.222533,-0.065449,0.151560,-0.040407,0.127361,-0.008935,-0.093392,-0.006177,-0.100914,0.080083,0.061279,0.069258,0.155203,0.280583,0.091682,0.248523,0.281901,-0.096416,0.093265,0.045761,0.263150,0.199331,0.006300,-0.044564,0.097693,0.068898,0.209599,-0.112056,0.040641,0.203045,0.127507,-0.218350,0.023614,-0.078554,0.135571,0.010186,0.029977,-0.158970,0.097137,-0.003415,0.025292,0.013138,-0.007634,0.219721,0.063381,0.046558,0.174638,0.167663,0.294561,0.028497,-0.178060,0.225482,-0.035460,0.079728,0.218936,0.134984,0.071640,0.122903,-0.144585,0.087161,0.409320,0.396087,0.134687,-0.048563,0.308576,0.107475,-0.164773,0.088560,0.126995,-0.003898,0.336802,0.085887,-0.026886,-0.060133,-0.036114,-0.260555,-0.168383,0.211666,-0.155405,-0.072206,-0.022332,0.177870,0.170953,-0.031724,0.000126,-0.054526,-0.281400,-0.227358,0.008667,-0.015225,0.110433,0.094273,-0.053721,-0.090464,0.158156,-0.007655,-0.009278,0.069016,0.062241,-0.017073,0.138095,-0.038838,-0.072356,0.054970,-0.178939,0.138532,0.330319,0.063140,-0.150324,-0.310400,-0.022728,0.313670,-0.089594,0.000035,0.259687,-0.200606,0.118897,-0.027125,0.292343,0.191997,0.072601,0.092059,0.009809,-0.226840,0.024762,-0.116991,-0.085967,0.065784,-0.068430,0.171507,0.008152,-0.160504,0.185831,0.067037,-0.056899,0.245537,0.048496,0.311573,0.250139,0.104412,0.174316,-0.052543,0.066302,0.234528,#
2,-0.117165,0.004003,1.000000,0.092288,-0.121669,0.064831,0.087788,0.065602,-0.167755,0.034342,0.061034,-0.053614,-0.085765,-0.087935,-0.079171,-0.052864,-0.095180,0.081326,0.099203,0.093487,0.001861,0.126842,-0.208643,-0.014079,-0.104284,-0.193537,-0.058645,0.079857,-0.164162,-0.017783,-0.025556,0.293673,0.304386,0.224712,0.023486,-0.087498,0.188420,-0.033841,0.157133,0.229420,0.339633,0.131158,-0.209679,0.049893,0.030976,0.233918,0.161323,-0.015162,0.044291,0.228868,-0.037430,-0.153966,-0.042369,0.262180,0.165869,0.114891,0.153875,-0.059148,-0.047437,0.052594,0.042717,0.028872,-0.112664,0.308316,-0.041002,-0.324693,0.391021,-0.087697,0.231034,0.267127,0.179293,0.036837,-0.133482,0.247896,-0.120697,-0.049572,0.109980,0.099181,0.143751,0.258207,-0.022449,0.208413,0.082885,0.132042,-0.016116,0.246226,0.193178,0.375149,0.205139,0.033450,0.279262,0.000351,0.135064,-0.023902,0.249147,-0.150094,-0.095130,0.056361,-0.187928,-0.062101,-0.056265,-0.224625,-0.208679,0.078528,0.085839,0.261944,-0.076156,-0.086453,0.181557,-0.035766,0.094045,0.046189,0.048436,-0.172885,0.063064,-0.210079,-0.103438,-0.074161,-0.115589,-0.080888,0.181584,0.248450,0.016115,0.032206,-0.052880,0.184936,0.121134,0.048481,-0.121145,0.242707,-0.139718,0.166989,-0.053162,0.253263,0.047871,-0.018976,-0.190562,-0.065471,-0.121268,0.154210,0.090726,-0.017389,0.122585,-0.041040,0.148022,0.105961,0.008048,-0.026611,0.260942,-0.084906,0.156589,-0.119402,0.004828,0.104248,-0.234562,0.126081,0.131901,-0.003499,-0.186721,0.001281,-0.049441,-0.065705,0.055543,0.011580,-0.161740,0.103095,0.053687,-0.035467,-0.076164,0.077542,0.157769,-0.155080,0.025123,-0.062491,-0.037008,0.254307,0.253535,-0.009566,0.069759,-0.064418,0.011832,0.198159,0.138518,0.277440,-0.031972,0.145282,-0.013289,0.222179,0.015026,-0.093746,-0.141510,-0.011866,-0.065705,0.213362,0.184056,0.138988,0.206062,-0.003315,-0.073117,-0.014466,#
3,-0.045743,0.282789,0.092288,1.000000,0.100041,-0.095550,-0.174906,0.047752,0.003055,0.152382,-0.210735,0.092208,0.066815,0.051276,-0.137389,-0.212342,0.080707,-0.056630,-0.145550,-0.153032,0.294941,0.186874,0.012549,-0.113196,0.203666,0.145413,0.293022,0.160440,0.012710,0.108509,-0.161895,0.109490,0.084054,0.044977,0.062805,0.059972,-0.154750,-0.074556,-0.027578,0.348020,0.066470,0.179312,-0.058523,0.010944,0.189871,-0.097033,0.042895,0.230888,0.021648,0.001004,0.096642,0.094410,0.068600,0.128212,0.268293,-0.000931,-0.156215,0.076841,0.120047,0.011840,0.198011,0.083112,-0.052623,0.082412,0.061689,0.127550,0.094110,-0.040852,0.096240,0.276257,-0.206262,-0.037158,0.361466,0.104189,0.096247,0.015288,0.145130,0.070687,0.065201,0.065500,0.233359,0.387666,0.064241,-0.169989,0.016087,0.091734,0.124213,0.087522,0.006317,0.090446,-0.071298,0.143280,-0.021178,-0.146500,0.092116,0.130705,0.025630,0.134280,-0.247447,0.287097,0.352139,0.015082,-0.018108,0.176677,0.137599,-0.026692,0.035367,0.317188,0.018137,0.008823,-0.099016,0.387338,0.144473,0.154998,-0.088481,0.131701,0.278672,0.327342,0.053625,0.139818,-0.007536,0.192645,-0.099472,0.337861,0.038316,0.115928,0.105145,0.237959,0.055696,0.203427,0.304246,-0.012509,0.218235,0.179358,0.041391,-0.109120,0.114284,0.041456,0.135077,0.176662,0.048901,0.001126,-0.166747,-0.012513,-0.272306,0.124126,0.224546,0.074563,0.135026,-0.251144,-0.110502,0.031602,-0.009049,-0.055609,0.009906,-0.094654,0.332757,0.346461,0.026985,0.326907,0.211711,0.254923,0.209169,0.467090,0.054914,0.022541,0.174122,-0.010767,0.030571,0.135819,0.283987,-0.041944,0.047456,-0.200430,-0.061759,0.128045,0.100713,0.012219,0.059134,-0.062629,0.089828,0.149098,0.119307,0.257807,0.129868,0.125158,-0.097209,-0.176994,0.170413,0.062784,0.111995,0.125286,0.294248,0.183868,0.343608,0.297679,0.134924,0.161470,-0.017352,0.088523,#
4,0.155537,-0.115380,-0.121669,0.100041,1.000000,0.058108,0.192840,-0.004161,0.132794,0.085301,0.019539,0.045087,0.023936,-0.273640,0.146789,0.120728,-0.205897,-0.029058,-0.326944,-0.086270,0.206545,0.281658,0.261985,0.111344,0.109283,-0.074517,-0.108218,-0.020061,0.253697,0.082976,0.027448,-0.044567,-0.027468,0.007624,0.094215,0.252831,-0.150932,-0.145726,-0.080596,0.172340,-0.164652,-0.054814,0.223579,0.167452,0.227496,-0.219940,0.301651,0.023453,-0.216908,-0.110644,0.224759,0.088027,0.003877,-0.191189,0.063690,-0.012715,-0.099344,0.150622,0.246763,-0.156664,0.086670,0.132338,0.232862,0.033225,0.092756,0.452755,0.088253,-0.181933,0.000943,0.113657,0.047285,-0.100128,-0.091967,-0.158382,0.114270,0.175155,0.124770,0.008898,0.051007,-0.016909,-0.125507,0.292328,-0.030404,-0.146449,0.116382,-0.108875,0.139261,0.133902,0.007988,0.056361,0.036044,-0.046619,0.045239,-0.062001,0.178304,0.268460,0.271226,0.028150,-0.051146,-0.024745,-0.132397,0.270119,-0.082205,0.248029,-0.036811,-0.230230,0.189972,-0.041090,0.085228,0.297580,-0.083503,0.068530,0.201641,0.240016,-0.001898,0.071001,-0.200473,0.288073,-0.057121,0.241071,0.109865,0.064705,0.094140,0.064569,-0.009724,-0.043110,0.139930,-0.145118,0.195349,0.184300,0.286524,0.129150,-0.016511,0.117650,0.139775,-0.199897,0.033579,0.213870,0.113778,0.236755,-0.085531,0.183952,-0.104720,0.137873,-0.098282,0.202108,-0.025377,0.011356,0.118923,0.107934,-0.090051,0.112076,-0.030041,-0.189930,0.202891,-0.074821,0.090206,0.406159,0.229075,0.166167,-0.161068,0.244519,-0.078304,0.121400,0.070271,-0.086150,0.240998,0.051679,-0.137445,0.076570,0.110526,-0.003422,0.065531,-0.135049,-0.069812,0.048478,0.155957,0.144571,0.085526,0.134587,0.234187,-0.072084,0.034616,0.040806,0.233112,0.236643,0.051850,0.031078,0.020485,0.158913,0.122369,0.027657,0.253643,0.011085,0.017360,-0.215496,-0.174130,-0.054859,0.033081,0.128534,#
5,0.068258,0.180977,0.064831,-0.095550,0.058108,1.000000,0.028161,0.010508,0.040171,0.038391,0.041182,0.005762,0.139765,-0.125484,0.110805,-0.150962,-0.083593,0.030645,0.063513,0.192075,-0.030037,-0.104786,-0.033151,0.102720,0.287069,0.121605,0.067466,-0.042251,-0.061465,0.359095,0.079114,0.206100,0.082358,0.277386,0.120472,0.104302,0.024881,-0.057911,-0.071767,-0.037202,-0.062599,0.182474,0.010842,0.018949,0.239121,0.214140,0.014300,0.198269,-0.090284,0.170689,0.189738,-0.089739,-0.113718,-0.050200,0.238703,0.247755,-0.055498,0.082419,0.001983,-0.020859,0.151522,-0.118279,0.222179,0.182391,0.160925,0.002770,-0.027202,0.031186,0.045291,0.044320,0.257108,0.084653,0.104897,0.042843,0.398840,-0.050692,-0.055257,0.358263,0.076244,0.151446,0.000848,0.222114,0.084701,-0.053404,0.012908,-0.174659,-0.026180,0.032114,0.128783,0.013125,0.353345,-0.160411,0.055544,0.013601,0.100172,-0.290818,0.282428,0.113843,0.108019,-0.244347,0.064925,0.070578,0.271005,0.186892,0.026496,0.136548,0.209192,-0.063915,-0.161043,0.168656,0.011624,0.009060,0.182204,0.083884,-0.195677,-0.082078,0.192621,0.311945,0.202910,0.158895,0.130145,0.198264,-0.168640,0.250450,0.071964,-0.041316,0.246602,0.000609,0.211653,-0.231589,-0.080436,0.058271,0.016456,0.171440,0.299591,-0.040269,-0.315999,0.120819,-0.105275,-0.075302,-0.033289,-0.177712,-0.018026,-0.009954,0.269977,0.015086,-0.025959,0.044918,0.017333,-0.022709,0.336585,-0.131373,0.368440,-0.068949,0.269836,-0.141342,0.282351,-0.004014,-0.043713,0.121521,0.028826,0.182142,-0.075097,0.154849,0.043361,-0.241179,-0.141041,0.007462,0.114064,-0.102558,0.052874,-0.065810,-0.029152,-0.048350,-0.025883,0.251215,0.301122,0.184363,0.041081,0.249224,-0.048817,-0.159197,-0.229296,-0.008225,0.024523,0.419980,0.213959,-0.076731,0.167170,0.151420,-0.015968,0.110613,0.122545,0.352995,0.196873,0.240186,-0.049253,0.132541,-0.039401,0.136758,#
6,0.016252,0.091836,0.087788,-0.174906,0.192840,0.028161,1.000000,-0.110243,-0.025673,0.055311,0.153617,-0.030491,-0.154715,-0.297257,-0.174133,0.365723,0.230509,0.126765,0.050376,-0.005574,-0.073082,-0.000542,-0.042838,0.055587,-0.039963,-0.049125,-0.043039,-0.076856,-0.014555,-0.157516,-0.011836,0.159811,-0.140107,-0.129793,0.070112,0.085983,-0.084620,0.148017,-0.080584,0.083778,-0.104871,0.007404,0.276540,0.012466,-0.115365,0.034848,-0.094441,-0.078155,-0.289817,-0.106845,-0.108461,-0.053928,-0.084876,-0.201313,-0.062851,0.030008,-0.284242,-0.073606,-0.078963,0.001150,0.039113,0.174253,-0.152767,-0.002058,0.105664,0.164852,0.019474,0.023816,-0.064970,0.015674,0.200592,0.156759,-0.224549,-0.087074,0.009783,0.128714,0.352025,0.070564,0.156281,0.054465,-0.328513,0.076642,-0.032430,0.073542,0.138352,-0.081377,0.106421,-0.071812,-0.181588,-0.318486,-0.195233,-0.013913,0.068144,-0.165091,0.157188,0.118723,0.173849,0.047924,-0.171826,0.024503,-0.093655,0.146484,-0.128829,-0.007010,0.093830,-0.110689,-0.026410,-0.012748,0.226446,0.019399,0.036963,-0.233100,0.115025,0.380440,0.078550,0.213864,-0.023783,0.110216,-0.123963,0.107638,-0.075914,0.049559,-0.355486,-0.213545,0.083494,-0.059936,-0.020562,-0.150894,0.041635,0.033729,0.135365,0.023107,0.128197,0.088955,0.096095,-0.057776,0.119717,-0.226541,0.076548,0.118869,-0.020412,-0.016587,-0.217349,-0.090975,-0.010196,0.101813,-0.079375,0.211052,0.028410,0.051515,0.053217,-0.031068,-0.107403,0.166961,-0.029802,0.116063,-0.247340,-0.137112,-0.159234,-0.013183,-0.209793,0.094177,0.035485,-0.073684,-0.177691,0.074836,0.119462,0.127165,-0.078122,0.021179,-0.138655,0.250004,-0.320104,-0.103128,0.081897,0.049992,0.124732,0.068698,0.105962,-0.071995,0.181780,0.137038,-0.064907,-0.003097,0.017631,-0.047817,0.172960,-0.172825,0.122349,-0.014240,-0.078593,0.180567,-0.036857,0.101057,0.025219,-0.157950,0.031571,-0.131375,0.016958,0.032773,#
7,0.128742,0.021335,0.065602,0.047752,-0.004161,0.010508,-0.110243,1.000000,-0.083696,-0.132038,-0.365361,-0.109519,0.180061,-0.049023,0.068796,-0.001950,0.005670,0.133645,0.176177,0.117928,0.162979,0.134668,0.123152,-0.085425,0.052084,0.126760,0.015985,-0.172094,0.099391,0.062327,0.044840,0.040655,0.156563,0.164524,0.187197,-0.016838,-0.191755,0.139635,0.354216,0.026601,0.074938,0.348587,-0.078113,-0.034251,0.077442,0.219363,0.153786,0.113355,0.264370,0.131628,0.025751,0.081930,-0.000844,-0.124779,0.174253,-0.088068,-0.007980,-0.251503,0.206226,0.234151,0.126319,0.116166,-0.004854,-0.123644,0.208516,-0.031094,0.007468,-0.123379,-0.406880,-0.026329,0.123335,-0.167268,0.090565,0.018506,0.049659,-0.110343,-0.029400,-0.132988,-0.142957,0.027276,0.219078,0.030977,0.090643,0.054842,-0.028313,0.208536,-0.179076,0.076414,-0.021182,0.160464,0.161865,-0.132049,0.175568,0.019100,0.229007,0.250165,0.200090,0.193285,0.106990,0.148556,0.107562,-0.000845,-0.346739,-0.107953,0.220594,-0.010129,-0.142561,0.171209,0.144512,-0.229721,0.012225,0.057649,0.176034,-0.083474,0.353848,0.088088,-0.003138,-0.026215,0.162663,0.265856,0.088348,0.167631,0.153215,0.015358,-0.083653,0.140412,0.064491,0.150372,0.131119,0.203509,-0.039098,0.049857,-0.008553,-0.280509,-0.133453,-0.080641,-0.048548,0.248148,-0.006196,0.041103,-0.127367,-0.023004,0.115719,-0.086871,0.136449,0.274919,-0.082571,-0.053464,-0.097714,-0.167566,-0.021840,0.088218,-0.102244,-0.257918,0.178431,0.174021,0.174374,0.236659,-0.198574,-0.032934,0.092312,0.019842,0.094688,0.102625,0.002807,0.093463,-0.156334,-0.170594,-0.197596,-0.167693,0.167754,-0.024799,0.239808,0.214710,0.018338,0.011467,-0.020501,-0.185908,-0.030510,-0.080725,0.180117,0.026529,-0.075689,0.013415,0.254551,0.181139,0.037181,0.157863,0.079491,0.252539,0.085148,0.053828,0.085028,-0.063459,0.211903,-0.105912,0.104324,0.227551,-0.066428,0.012240,#
8,0.107503,0.045752,-0.167755,0.003055,0.132794,0.040171,-0.025673,-0.083696,1.000000,0.006715,0.023372,0.320577,0.037125,0.067823,0.065002,0.028104,0.063046,-0.200693,-0.170582,-0.086791,0.108919,0.012972,0.081843,0.090621,-0.011765,-0.006464,0.019569,-0.178379,-0.019973,-0.091067,0.061240,-0.023431,0.008907,-0.056717,0.063602,0.451705,0.035449,-0.043710,-0.118705,-0.163982,-0.014725,-0.014468,0.226395,0.293093,0.135127,-0.212609,-0.115849,-0.391049,-0.056578,0.047785,0.076469,-0.031993,0.264914,-0.126616,-0.207686,0.137557,-0.117511,0.109686,-0.118058,-0.152090,0.174981,0.079266,0.113983,0.176601,-0.005730,0.213689,0.055534,0.136660,0.109034,0.149072,0.280470,0.264491,0.207070,-0.185932,0.099195,-0.162684,0.079334,0.048778,0.118697,0.179662,-0.113207,0.121542,-0.095658,-0.045799,-0.025509,-0.099385,0.069431,-0.109960,-0.227014,-0.177070,-0.017708,-0.113145,-0.167417,-0.147113,-0.230135,-0.032498,0.294873,0.219775,0.286638,0.225141,-0.183317,-0.306114,0.188418,0.334581,-0.273671,0.162067,-0.003686,0.139180,-0.060314,0.266000,-0.097920,-0.111907,-0.065054,-0.031019,-0.183087,0.075790,0.334083,0.087827,-0.234116,0.160517,0.048526,-0.006646,0.101426,0.423204,0.157670,0.144885,-0.020565,-0.014972,0.341024,0.214166,-0.115915,0.190388,-0.014820,-0.142644,-0.182733,0.289840,0.153436,0.057791,-0.046447,-0.006655,-0.141748,-0.124296,-0.102668,-0.222363,0.073569,0.124491,0.052856,0.105029,-0.027791,0.007974,-0.072291,0.183088,-0.120185,0.148496,0.205832,-0.115007,0.140897,0.213880,0.238411,-0.205629,0.186715,0.050136,-0.137629,-0.275377,-0.114450,-0.045734,0.064847,0.169962,0.178940,-0.119793,-0.115150,0.226797,-0.173510,-0.066740,0.186627,0.034199,0.090979,0.137048,0.161925,0.134557,0.234322,-0.048078,0.068656,-0.054657,-0.046038,-0.142920,0.064924,0.200754,-0.167605,0.007021,0.103924,-0.059734,0.019607,0.085725,0.134460,-0.155342,-0.282288,0.104392,-0.187542,0.161883,#
9,0.096104,-0.017257,0.034342,0.152382,0.085301,0.038391,0.055311,-0.132038,0.006715,1.000000,0.060883,-0.200584,-0.039039,-0.081442,0.121907,-0.217453,-0.185125,0.179451,-0.300503,-0.127137,-0.007693,0.048059,-0.186533,0.021993,0.095276,-0.149905,0.137298,0.206497,-0.072523,-0.363913,-0.251737,0.141567,-0.061741,-0.168369,-0.144095,0.032393,-0.024885,-0.266684,-0.040277,-0.065296,-0.123032,-0.007846,-0.165484,0.037863,-0.016937,0.008454,0.076067,0.008366,-0.061562,0.116118,0.184178,0.012856,-0.007169,-0.143432,-0.156575,0.079002,-0.036698,-0.007555,-0.335925,0.104731,0.144890,0.059218,0.031154,0.015049,-0.137921,0.081197,0.017015,-0.078882,0.017208,0.153523,0.228134,0.067719,0.102892,0.024888,-0.097391,-0.126205,0.056707,-0.008855,-0.057215,0.137705,0.045700,0.237738,-0.156881,-0.170361,0.088480,0.037264,0.228519,0.030131,0.007398,0.219094,0.204542,-0.022104,0.164094,-0.117857,0.184974,-0.191724,-0.125241,-0.161088,0.075455,0.262034,-0.078662,0.127400,-0.040879,-0.163969,-0.058306,0.126020,-0.212794,0.128304,-0.006755,-0.204243,-0.163025,0.247672,0.164857,-0.019815,-0.007975,0.053089,0.015842,0.119051,0.167272,-0.037843,-0.245347,0.064127,-0.023133,0.109650,0.060041,-0.059732,0.062357,0.065762,-0.037980,-0.157547,-0.120766,0.069446,-0.104884,0.196529,0.149726,-0.260488,0.028392,0.086962,-0.030617,0.115243,0.299161,0.245040,0.037552,0.240151,0.055369,0.165960,-0.142654,0.218698,-0.006404,0.050840,-0.084800,-0.140647,0.069637,-0.039844,-0.203203,-0.008189,0.088325,0.141333,0.160291,0.137001,-0.121050,0.216655,0.167835,0.116114,-0.212199,-0.058652,-0.101931,0.245963,0.076781,0.050186,-0.023005,-0.107874,-0.024315,-0.430072,-0.108274,-0.000063,0.216670,0.040724,0.159178,0.036872,-0.175789,0.135211,-0.058842,-0.057158,-0.006618,0.041186,0.026363,-0.015824,0.181591,0.030478,-0.215840,-0.205573,0.022802,0.016037,-0.214000,0.007576,-0.051805,0.021483,-0.300751,-0.104508,#
10,0.037137,0.038717,0.061034,-0.210735,0.019539,0.041182,0.153617,-0.365361,0.023372,0.060883,1.000000,0.098154,-0.053666,-0.098196,-0.207865,0.091766,0.083814,0.010508,0.234110,-0.113059,-0.008033,0.083080,-0.377310,0.183666,0.022638,0.066076,-0.242462,-0.049158,0.014193,-0.125115,-0.105480,0.063806,-0.090286,-0.097231,-0.083154,-0.098190,0.113873,0.011348,-0.231282,-0.170774,-0.035231,-0.268532,0.035421,0.039447,0.004154,-0.134930,0.234140,0.016732,-0.244992,0.046248,-0.103099,-0.065757,0.160170,-0.090313,-0.060748,0.347166,0.006360,0.094739,-0.212214,-0.014600,0.071616,0.037272,0.128337,0.173821,-0.128741,0.099505,0.043666,-0.063116,0.046315,-0.083720,0.062592,0.157361,-0.237865,-0.070511,-0.075600,0.132191,-0.237843,0.070765,0.211891,-0.270749,-0.110280,-0.132257,0.105624,-0.046121,-0.125584,0.165542,0.239670,0.124693,-0.167876,0.005485,-0.002567,0.115293,0.023134,-0.216406,0.052061,0.004563,0.247905,0.077702,0.056786,0.016270,-0.002611,-0.057457,0.023960,0.125330,-0.503739,0.068740,0.160514,-0.058901,0.020390,0.062381,0.199164,-0.245154,-0.086123,0.131571,-0.029540,-0.067189,-0.131334,0.011935,-0.045753,-0.139907,0.030461,0.132599,-0.158208,-0.102506,0.096471,0.078208,0.272943,-0.001317,-0.005867,-0.134685,-0.007488,0.244400,0.020347,0.038493,0.037927,0.009200,-0.130727,0.028676,-0.014131,0.077690,0.022374,0.108228,0.196303,0.174134,0.190897,0.108234,-0.098347,0.005006,0.008877,0.170391,0.191326,-0.217987,-0.052050,0.165448,-0.061527,-0.079571,-0.019929,-0.063141,0.152399,-0.060391,-0.049509,0.141037,0.024706,0.045998,-0.365839,0.062382,0.210629,0.267888,0.104973,-0.101073,-0.227375,0.148955,-0.171990,-0.027522,0.178025,0.179058,0.174443,0.026705,-0.021243,0.195625,-0.336775,-0.136693,-0.087527,0.035420,-0.032734,-0.052043,0.323050,0.121890,-0.009635,0.084311,-0.198532,0.024458,-0.057497,0.298811,0.020215,-0.179338,-0.155109,-0.092083,-0.027832,0.335433,#
11,-0.150792,-0.154953,-0.053614,0.092208,0.045087,0.005762,-0.030491,-0.109519,0.320577,-0.200584,0.098154,1.000000,-0.074272,0.072197,-0.000180,0.115242,-0.058570,-0.038191,0.119372,-0.033246,0.026702,0.049476,0.045062,-0.074881,0.024218,0.026502,-0.189123,0.135830,-0.000373,-0.014207,0.345960,0.102534,0.145838,0.022406,-0.045232,-0.092047,0.005490,-0.023538,-0.159966,-0.194110,0.124999,-0.083093,0.168017,-0.039873,0.124161,-0.282924,-0.073849,-0.073895,-0.148548,-0.147209,-0.236643,-0.152159,0.194854,0.079035,0.011425,0.038951,-0.107890,0.341432,0.114885,0.210922,0.027812,0.068327,0.166799,0.170643,-0.032494,0.020548,0.055683,0.032621,0.003105,-0.015563,-0.180591,-0.107918,-0.021645,0.038157,0.173513,0.234656,-0.146970,0.240477,0.259756,0.021446,-0.089105,-0.149590,-0.013788,-0.052078,-0.166288,-0.185939,0.019511,0.082456,0.087508,-0.090197,-0.277305,-0.022049,-0.017656,0.036488,-0.220715,0.177808,0.101066,0.173097,0.109109,0.116961,-0.015823,-0.213338,-0.144409,0.306533,-0.255706,0.029855,0.031934,0.136270,-0.093509,0.020816,-0.027287,0.089766,-0.071298,0.063184,0.005108,-0.113442,0.024277,0.187745,-0.179661,0.374137,0.119107,-0.148856,0.111722,0.415780,0.087962,-0.095196,0.044200,0.232931,0.302352,0.153742,0.114913,0.204789,0.300142,-0.000193,-0.055507,0.281856,0.155536,0.088527,-0.078121,0.245309,-0.203541,-0.215960,0.091544,0.154772,-0.052298,0.044153,0.135062,-0.053343,-0.166767,-0.258065,-0.047081,0.187566,-0.089109,0.167219,-0.133449,0.097150,-0.062049,-0.012708,0.082486,-0.060980,0.031740,0.066602,-0.207359,0.217858,-0.054247,0.052437,0.038851,0.021356,-0.015653,0.030369,0.100856,0.291619,-0.141953,0.003549,-0.043721,0.172461,0.115397,-0.077351,0.082304,0.055022,-0.032470,-0.208356,0.039216,0.235945,0.054046,-0.237698,0.082295,0.141432,-0.242607,-0.125847,0.187199,0.289600,0.063395,0.023192,0.086524,0.091506,-0.160909,-0.011813,-0.052449,0.143715,#
12,0.321506,0.139302,-0.085765,0.066815,0.023936,0.139765,-0.154715,0.180061,0.037125,-0.039039,-0.053666,-0.074272,1.000000,-0.077286,0.112405,-0.142054,-0.138795,-0.106579,0.037370,-0.099851,0.055207,0.187777,0.063496,-0.126017,0.097544,0.206299,0.089081,-0.246768,0.022113,0.121958,0.121040,-0.293884,0.005870,0.021440,0.420541,0.097624,-0.082242,-0.110827,-0.159885,-0.127343,-0.207810,-0.260836,-0.078229,0.116909,0.080867,-0.012343,0.206256,0.133572,0.251229,0.247216,0.070384,-0.131880,-0.083882,-0.036167,-0.024852,0.065517,-0.099817,-0.296431,0.109628,-0.184783,-0.038398,-0.089597,-0.001291,-0.123580,0.007398,-0.089196,-0.241137,0.230305,-0.017850,0.029835,-0.085637,0.060421,0.219270,-0.146791,0.052622,0.259535,-0.034014,0.097488,-0.159987,0.124008,0.238016,0.121106,0.073854,-0.360514,0.031152,0.166449,-0.020976,0.021001,-0.070211,0.065740,0.204048,-0.240637,0.142874,0.326409,-0.048628,0.007690,-0.046870,-0.022752,-0.132880,-0.238936,0.016632,-0.048502,-0.229590,-0.096069,0.014525,-0.020627,-0.159625,0.310777,-0.121049,-0.008814,0.096095,-0.006183,0.137696,-0.074649,-0.194674,-0.071635,-0.254261,0.144596,0.090781,-0.019552,0.230254,0.229996,0.052641,0.085454,0.039068,0.338409,-0.043111,-0.020466,-0.169048,-0.005183,-0.380218,-0.238028,0.091112,-0.278732,-0.185257,-0.056941,-0.203597,0.018418,0.017513,-0.183906,-0.210322,-0.289567,-0.166587,0.091719,-0.130216,0.209373,0.198972,0.142935,-0.175188,-0.064805,0.173926,-0.180876,0.034216,-0.288118,0.079946,-0.163981,0.158045,0.114157,0.203104,-0.333834,-0.073468,0.232348,0.040564,-0.060543,0.109070,0.082953,-0.071947,0.027941,0.201824,-0.062402,0.191624,-0.266957,0.106528,0.006920,0.142955,0.136887,0.082201,-0.024342,-0.504439,-0.010856,-0.099469,0.154700,-0.139507,0.043649,0.061669,0.057422,0.090150,-0.041158,0.021058,-0.022343,-0.037387,-0.065284,-0.242123,-0.072736,0.043649,-0.166183,-0.156107,0.026602,-0.069604,0.099846,#
13,-0.394170,0.203578,-0.087935,0.051276,-0.273640,-0.125484,-0.297257,-0.049023,0.067823,-0.081442,-0.098196,0.072197,-0.077286,1.000000,0.026277,0.006062,-0.013918,-0.119314,0.131392,-0.222047,0.108352,0.026499,0.253709,0.154702,-0.087671,0.450156,-0.116412,0.067010,-0.053735,0.053954,-0.008231,0.065229,0.024745,0.121581,-0.006761,0.144970,0.008399,0.103649,-0.133734,-0.193563,0.198933,0.003923,0.015383,-0.201664,0.047909,0.095581,-0.247776,0.229211,0.277347,-0.007083,-0.280735,0.067285,0.063171,0.042715,0.169841,0.171941,0.103221,0.192733,-0.034071,0.061270,-0.074464,0.159855,-0.121661,-0.031003,0.000538,-0.121315,0.169203,0.107043,0.117614,0.189722,-0.177157,-0.044165,0.276740,0.091296,0.030493,-0.005667,-0.018193,-0.005090,-0.011719,-0.012166,-0.149093,-0.046445,0.138267,0.093478,-0.265920,0.148895,-0.184392,0.091326,0.290280,-0.033876,0.078320,0.039891,0.155442,0.105042,-0.210191,-0.144204,-0.015547,-0.000428,-0.039713,0.077999,-0.032588,0.047478,0.087780,0.020758,-0.058158,-0.117449,-0.034763,0.236624,-0.233889,0.035509,-0.249660,0.101165,-0.177884,-0.098271,0.119763,-0.083102,0.036604,-0.116808,-0.130343,-0.182443,0.099870,-0.104632,0.163246,0.132180,0.007840,-0.127690,-0.021864,0.155359,-0.028792,0.081465,-0.164575,-0.170186,-0.009368,0.060550,-0.167192,0.085597,-0.037662,0.154520,0.261790,0.084745,0.211204,-0.147939,-0.026994,-0.072057,-0.047330,0.064319,0.104323,0.113693,-0.021521,-0.213227,0.089003,-0.031678,-0.020188,0.261146,-0.142933,-0.031705,-0.074856,-0.235920,0.044597,-0.019343,0.152935,-0.055012,0.166549,-0.006462,-0.038935,-0.090647,-0.183517,0.160408,-0.045198,-0.024503,0.008235,-0.044878,-0.188566,0.350546,-0.007602,0.118686,0.014669,-0.189710,-0.050245,-0.026187,0.060593,-0.164162,0.126111,-0.058779,-0.277457,0.040579,-0.101118,-0.275738,-0.093499,0.123867,0.228387,0.113304,0.059664,0.063025,0.037706,0.275498,-0.066790,0.303543,0.050071,0.111701,#
14,0.153929,-0.204758,-0.079171,-0.137389,0.146789,0.110805,-0.174133,0.068796,0.065002,0.121907,-0.207865,-0.000180,0.112405,0.026277,1.000000,-0.121417,-0.026099,0.183358,-0.205714,0.028507,-0.227085,0.005267,0.177955,0.087682,-0.113512,-0.082845,0.014881,0.159577,-0.040284,0.167504,0.434470,-0.041182,-0.019486,0.021164,0.106077,0.020898,0.240101,-0.112553,0.225057,0.036124,-0.044458,0.062447,-0.098633,0.028800,0.051601,0.100956,0.043933,-0.022505,0.095503,-0.054140,-0.020528,0.103816,0.210063,-0.228925,-0.029489,0.166487,0.318788,-0.036589,0.227528,-0.184028,-0.033411,-0.118392,0.163097,0.088868,-0.005236,0.035572,-0.143754,-0.129884,0.032966,0.026081,0.270321,-0.014228,0.146494,0.120015,0.129777,0.198094,-0.028933,-0.022661,-0.221403,0.023356,0.070430,0.134346,0.108663,0.132402,-0.027227,-0.045058,-0.069045,0.135328,0.024205,0.363880,0.236944,-0.205483,0.174691,0.221804,-0.060164,0.016699,-0.155355,0.003024,-0.034413,0.005451,-0.312562,0.012380,0.025775,0.079005,-0.033665,-0.107200,0.024014,-0.062027,0.092126,0.071877,-0.215490,0.136059,0.243373,0.027736,0.003851,-0.045511,-0.019176,0.049692,-0.011308,0.235720,0.079091,-0.120425,0.180555,0.186512,0.077338,-0.160202,-0.086266,0.001766,0.030788,0.026989,-0.189454,-0.035126,-0.075907,0.060759,-0.043474,-0.397808,0.109711,0.084180,-0.012695,0.115862,-0.070181,0.093177,0.135805,0.323079,0.116864,0.062125,0.025159,-0.014736,0.063233,-0.152471,0.279794,0.053455,0.247314,-0.161771,0.061107,-0.104076,0.091026,-0.005123,0.099476,0.102725,-0.037858,-0.091549,-0.071110,-0.165865,0.378884,0.109681,-0.067533,0.124173,0.062093,0.000253,0.067759,-0.184729,-0.002596,-0.051086,-0.090851,0.034388,-0.091516,0.141925,0.068174,0.142980,0.019841,-0.077207,0.002082,0.013512,-0.055985,0.188708,0.145238,0.154571,-0.058913,0.170312,0.115720,0.064965,0.140043,-0.069498,-0.179526,-0.041536,-0.136144,0.176042,-0.144203,-0.164222,#
15,0.060071,-0.203352,-0.052864,-0.212342,0.120728,-0.150962,0.365723,-0.001950,0.028104,-0.217453,0.091766,0.115242,-0.142054,0.006062,-0.121417,1.000000,0.118975,0.156299,0.102579,-0.009324,-0.090731,-0.063357,0.021649,0.225745,0.057101,0.154179,-0.186728,-0.063422,0.072926,-0.308094,0.007047,0.174755,-0.124287,0.080826,0.034963,-0.026351,-0.022123,0.163607,-0.161071,-0.003765,0.010604,-0.107346,0.150390,0.008015,-0.124524,-0.017694,-0.017250,-0.131328,-0.186162,-0.019571,-0.028212,-0.072853,0.073201,-0.006700,0.024972,0.046701,0.054322,0.014029,0.062517,0.259606,0.103965,0.139806,0.166538,-0.168870,0.142243,-0.051567,0.087629,0.121447,-0.102841,0.053894,-0.041859,-0.153255,-0.235200,0.099677,0.074542,0.119567,-0.114094,-0.069501,0.191617,-0.114521,-0.372398,0.102856,-0.013372,0.167765,0.019381,-0.052214,-0.243893,-0.140810,-0.028594,-0.327490,-0.098152,0.095797,0.086556,-0.051261,-0.101352,0.186234,0.056364,0.179405,0.131386,0.175417,-0.133465,0.009478,-0.148686,0.016028,0.013030,-0.052214,-0.038960,-0.171502,0.025338,-0.001903,0.016926,-0.190028,0.235917,-0.018494,0.483658,0.067155,-0.259248,-0.135591,-0.159537,0.308172,-0.137307,0.181165,0.019880,-0.073570,-0.163634,-0.085882,-0.030962,-0.007690,-0.038768,0.221492,0.154211,-0.102313,-0.130058,-0.078376,0.053923,0.228669,0.243288,-0.093272,-0.044961,0.179006,-0.165009,-0.067402,0.070644,-0.030605,-0.036803,-0.026292,-0.036073,-0.069864,0.063087,-0.127372,-0.004745,0.267632,-0.001933,0.203354,-0.064216,0.103949,-0.276094,-0.222877,-0.049243,0.064635,0.039535,0.024827,0.085635,0.067665,0.014145,0.017888,0.085240,-0.050373,-0.024156,0.156218,-0.274466,0.165308,-0.189113,0.146929,0.111049,0.016856,0.052013,-0.058338,0.207430,0.069540,-0.020675,-0.053777,-0.146523,0.004403,0.271354,-0.052744,-0.032579,-0.100219,-0.017453,0.016987,-0.011560,0.213314,-0.085672,-0.007048,-0.008424,-0.034599,-0.143059,-0.026676,0.243088,-0.017403,#
16,0.119907,0.217740,-0.095180,0.080707,-0.205897,-0.083593,0.230509,0.005670,0.063046,-0.185125,0.083814,-0.058570,-0.138795,-0.013918,-0.026099,0.118975,1.000000,0.028906,0.239683,0.137421,0.068448,-0.357304,0.012179,0.082545,-0.060856,0.115548,-0.038279,0.100138,-0.270157,0.057792,0.139559,0.137354,-0.116528,-0.087610,0.152111,0.012812,0.001044,0.320394,0.184123,0.164959,-0.121282,0.020392,0.100017,-0.000991,-0.013628,-0.203233,0.015557,-0.107603,0.005728,0.138413,-0.017426,0.043383,-0.087909,0.006577,-0.124490,0.101837,0.005288,0.038257,0.014545,0.202126,0.133911,0.206827,-0.010241,0.065562,0.218571,0.066420,0.050967,0.183427,0.036679,0.056408,-0.023937,0.139390,0.119037,0.059044,0.143807,0.064929,0.123191,-0.135702,0.011396,0.069640,0.221491,-0.093688,0.102123,-0.006555,0.026124,0.059210,0.115806,-0.092745,-0.234123,-0.059496,-0.246963,0.212301,0.193585,-0.293328,-0.049527,0.083343,-0.068429,0.102489,-0.126575,0.192912,0.061178,0.051304,0.117949,0.100499,0.181809,0.031826,-0.049405,-0.086503,0.291713,0.003790,0.075363,-0.098269,0.151881,0.214840,0.107712,-0.068394,0.375211,-0.061775,0.083439,0.053345,-0.180409,0.099138,-0.063942,-0.127782,0.265648,-0.071658,-0.139639,-0.056423,0.025119,-0.055246,0.140607,-0.005656,0.010924,0.231726,0.053845,0.194128,0.157206,-0.037639,-0.055395,-0.310754,-0.122422,-0.006041,-0.039061,-0.178070,-0.012283,-0.238117,0.013704,0.065466,0.058707,-0.099697,0.164926,-0.091579,-0.079977,-0.066910,-0.081580,-0.093256,0.038592,-0.029431,-0.223708,0.144412,0.125965,-0.139416,0.112349,0.046380,0.084338,0.053001,-0.027263,0.165533,0.007602,0.072504,-0.337882,0.129766,-0.155080,0.287493,0.190845,-0.080065,0.032006,0.204720,0.083198,0.007874,0.121928,0.083879,-0.135906,0.257831,-0.100307,-0.140448,-0.009093,-0.081903,0.162512,0.126821,0.051627,0.175200,-0.104914,0.292847,0.165564,0.071171,0.010551,-0.081101,0.058278,0.005831,#
17,-0.098015,-0.037460,0.081326,-0.056630,-0.029058,0.030645,0.126765,0.133645,-0.200693,0.179451,0.010508,-0.038191,-0.106579,-0.119314,0.183358,0.156299,0.028906,1.000000,-0.065242,0.072520,-0.074245,0.073927,0.019501,-0.041132,0.025517,-0.058866,-0.247483,0.165809,-0.075301,-0.168928,0.147342,0.178449,-0.242829,-0.073307,-0.126985,-0.420918,-0.083168,0.179527,0.327272,-0.148121,-0.050274,0.199154,-0.094489,0.087661,0.125664,0.282169,0.014173,0.037493,0.032779,0.057829,0.027135,-0.104991,0.047848,0.042329,0.093875,0.171425,0.144046,-0.130687,0.126062,0.064201,0.172586,-0.160343,0.368920,-0.120549,-0.212243,-0.021517,0.215964,-0.093675,0.064877,-0.158416,0.278118,-0.031063,-0.066356,0.334244,0.150756,0.089875,-0.218126,-0.032097,0.116126,-0.071581,-0.151722,0.056089,-0.052815,0.259364,-0.082402,-0.138745,0.246521,-0.104915,-0.139948,-0.033099,0.024071,0.113999,0.212871,0.125612,0.207171,-0.027297,-0.131501,-0.115038,0.040278,0.256724,-0.073284,0.031052,-0.018219,-0.188898,-0.052965,0.248477,-0.045684,-0.023635,-0.000369,-0.054791,0.007351,-0.130736,0.277248,0.151426,0.288020,-0.036849,-0.048383,0.051704,0.056800,0.153415,-0.106814,0.013349,-0.157504,-0.137126,0.088105,0.041547,-0.075924,0.157282,-0.016475,0.082697,0.051323,0.051033,-0.005353,-0.016839,-0.060322,-0.031477,0.261417,-0.017788,-0.253492,0.082911,0.104035,0.061971,0.264749,0.109779,0.058190,0.019110,-0.403681,-0.228167,-0.032428,-0.013366,0.203761,0.009686,-0.025540,0.119541,-0.117919,0.135000,0.109293,-0.144725,0.014609,0.107786,-0.056596,0.008112,0.259223,0.073875,-0.159777,-0.245096,-0.340449,-0.012612,-0.013000,0.026669,-0.062203,-0.122057,-0.170652,-0.241972,-0.051370,0.096743,0.109342,-0.016156,0.141390,0.127610,-0.069735,0.167062,-0.017550,0.092047,-0.014462,-0.119791,0.118122,0.025333,0.091245,-0.148820,-0.044320,0.077446,-0.197880,-0.170557,-0.215430,0.152758,0.045743,-0.152584,-0.124044,-0.263300,#
18,-0.200578,0.162701,0.099203,-0.145550,-0.326944,0.063513,0.050376,0.176177,-0.170582,-0.300503,0.234110,0.119372,0.037370,0.131392,-0.205714,0.102579,0.239683,-0.065242,1.000000,-0.029745,0.133528,0.208726,-0.189744,0.094473,-0.166603,0.071028,-0.159122,-0.190331,0.008447,-0.011432,0.033096,0.052142,-0.032887,0.273114,0.053650,0.006489,-0.231371,0.395720,0.038252,-0.084828,0.243601,-0.115746,0.202319,-0.178303,-0.020635,-0.037910,0.241757,0.282901,0.160533,-0.046513,-0.323476,0.064236,-0.019484,-0.029786,0.107781,0.028012,-0.049581,0.004869,0.080071,0.168366,0.117240,0.040358,-0.161669,-0.092100,0.156238,-0.145498,0.154594,-0.147628,-0.142226,0.090762,-0.188504,0.065135,0.027341,0.016431,-0.062005,-0.118527,-0.247711,0.077046,-0.029197,-0.102187,-0.014769,-0.282267,0.158747,-0.036920,0.019019,0.265784,-0.245826,0.104324,-0.093824,-0.086348,-0.039116,0.066663,0.183903,0.112695,0.115159,-0.025175,0.024724,0.026368,0.049214,-0.017419,0.177209,-0.010218,-0.097773,-0.110868,0.179940,0.324264,-0.053063,0.229025,0.017744,-0.030545,0.072812,-0.031987,-0.081101,-0.136262,0.127202,-0.044595,-0.055539,-0.091344,0.082028,0.041727,0.088566,-0.154984,-0.106193,-0.109351,0.094059,-0.071048,0.012216,-0.025639,0.119710,-0.049918,-0.045047,0.020553,-0.093543,-0.141570,-0.052857,0.282489,-0.151194,-0.010566,0.136158,-0.181508,-0.302918,-0.166529,-0.038868,-0.150007,0.084517,-0.000190,-0.047151,0.000187,-0.087549,-0.046926,0.069903,-0.121915,0.211786,0.078924,0.010834,0.141659,-0.083826,-0.323086,-0.296537,-0.207405,-0.090002,-0.240708,0.086432,-0.046192,0.071185,-0.006808,-0.007143,-0.072929,-0.147467,0.028113,0.102306,-0.037831,-0.047954,0.212275,0.171090,0.039308,-0.149258,-0.041025,-0.118498,0.037366,0.018830,-0.150434,-0.288401,0.008585,-0.058852,-0.229738,-0.055273,-0.067836,-0.230958,0.020617,-0.036613,0.184663,0.059183,0.136540,0.248339,0.005637,-0.038238,0.239770,0.114623,0.298924,#
19,0.137238,-0.139579,0.093487,-0.153032,-0.086270,0.192075,-0.005574,0.117928,-0.086791,-0.127137,-0.113059,-0.033246,-0.099851,-0.222047,0.028507,-0.009324,0.137421,0.072520,-0.029745,1.000000,-0.126655,-0.186945,-0.106555,-0.243162,-0.008726,0.010857,0.050942,0.176785,-0.231289,-0.034380,0.084158,0.053993,0.140625,0.116354,0.155964,0.024806,0.206722,0.192094,0.101430,0.049887,0.126912,0.309530,-0.088238,-0.013776,-0.141211,0.110621,-0.047775,0.005373,0.196042,0.290703,0.043397,-0.182450,-0.002299,0.311648,-0.110727,0.047161,0.163503,-0.078324,-0.022091,0.085894,-0.055758,-0.011514,-0.047195,0.204895,0.061582,-0.134863,0.128620,0.162411,0.220420,0.016767,0.253082,-0.181255,0.014621,0.047066,-0.093559,0.070460,0.014749,0.036001,0.046204,0.113327,0.287243,-0.105048,-0.014301,0.177723,0.215773,-0.055336,0.033281,-0.076972,0.016315,0.074237,-0.145117,0.078618,-0.052366,-0.141356,-0.042813,-0.053533,0.069810,0.207124,0.137422,0.180557,-0.044381,-0.012652,0.212500,0.050491,0.065105,0.054030,0.077159,-0.109341,-0.071011,-0.250541,0.220197,0.029145,-0.041606,-0.111287,-0.055646,-0.026748,0.057458,0.027760,0.249866,0.115082,0.164221,-0.113206,0.072907,0.003179,-0.084016,0.126891,0.028079,0.201787,0.104983,-0.138334,0.116366,0.061467,-0.011772,0.133114,-0.055830,0.027029,-0.096852,-0.002865,0.189310,-0.177630,-0.096059,-0.031518,-0.248033,-0.174936,0.326215,-0.186960,-0.173765,-0.189387,0.112886,0.070610,0.057071,0.078264,-0.098738,-0.092987,0.137146,0.020171,0.293775,-0.020723,0.202637,0.115212,0.208189,0.100164,-0.210287,0.308963,0.278880,0.169339,-0.069406,-0.010470,-0.070294,0.022656,-0.309803,0.166887,0.346923,0.136773,0.158520,0.052823,-0.030121,0.138932,0.192090,0.078975,0.132417,0.147298,0.133004,0.178751,0.004427,0.051661,-0.222551,-0.029592,-0.019575,0.096758,0.053176,0.008200,-0.151687,0.073902,0.057587,0.148659,0.050029,-0.216043,0.162378,-0.201409,#
20,-0.207833,0.296884,0.001861,0.294941,0.206545,-0.030037,-0.073082,0.162979,0.108919,-0.007693,-0.008033,0.026702,0.055207,0.108352,-0.227085,-0.090731,0.068448,-0.074245,0.133528,-0.126655,1.000000,0.120658,0.157496,0.198860,0.169895,0.265678,-0.172565,0.131763,0.201014,0.022965,0.008080,-0.025345,0.284997,0.184581,-0.047756,0.261874,-0.325253,0.042406,-0.097528,0.214888,0.102705,0.044377,0.049781,-0.271326,0.339563,-0.147074,0.002842,0.059781,0.108670,0.211168,-0.109083,0.165313,0.020304,0.151734,0.152516,-0.274834,-0.352684,-0.096822,0.081179,0.004920,0.126218,0.004275,0.033774,0.191530,0.009208,0.199985,0.092947,-0.127853,-0.110559,0.043968,0.040825,0.064493,0.339184,0.004560,-0.042227,-0.085661,0.194929,-0.089816,0.348007,-0.086007,-0.088244,0.080716,0.178611,-0.361828,-0.105324,0.090452,0.014401,0.040229,0.032247,0.242609,0.125656,0.103096,-0.017944,-0.175789,0.009248,0.277706,0.184418,-0.000708,0.069394,0.188728,0.121592,-0.040521,0.062121,0.153524,-0.058831,0.260604,0.254858,0.050119,-0.036626,0.386614,-0.038520,0.213992,0.004089,-0.008595,0.006493,-0.004087,0.017700,-0.051666,-0.100119,0.043625,0.131201,0.089002,-0.065945,0.185053,0.070536,0.156887,0.262603,-0.110260,0.078763,0.145836,0.028554,0.140516,0.202249,0.085569,-0.054870,0.137156,-0.023766,0.279521,0.028197,0.171944,-0.020147,0.060534,-0.010950,-0.157522,0.004148,-0.132387,-0.135688,0.085150,-0.017830,-0.131775,0.056995,-0.003894,0.047682,0.068959,-0.031277,0.062888,0.208717,0.132134,0.013997,-0.019406,0.101349,0.128814,0.139676,0.132103,-0.140369,-0.001179,-0.036519,0.169538,-0.027681,-0.252870,0.166737,-0.128143,-0.032842,0.150743,0.106227,0.161284,-0.093478,0.149431,0.031277,-0.009478,0.216517,-0.019389,0.004126,0.173176,0.066772,0.056843,-0.012838,-0.047598,-0.060880,0.095364,0.126504,0.268564,0.252522,0.169736,0.241329,0.175741,-0.035937,0.099469,0.001696,0.061569,#
