0,1.000000,-0.003877,0.053161,-0.116003,0.010766,0.062932,0.121240,-0.106358,-0.091275,-0.031731,0.199849,0.029614,-0.078882,-0.123876,0.168167,0.343475,0.322962,0.178324,0.086172,0.228122,-0.137552,-0.125033,-0.032894,0.459992,-0.056227,-0.037456,-0.004879,-0.151996,-0.142404,0.095335,-0.012524,0.314418,-0.034409,0.029807,0.307377,0.055279,-0.062608,-0.020978,0.038034,-0.046369,0.057548,-0.094865,0.164948,-0.298835,-0.020447,-0.078913,-0.115789,0.202955,0.103237,0.244778,-0.007661,0.273898,-0.044123,-0.007624,0.196772,-0.095596,0.000582,0.209064,0.036678,0.059853,0.198441,0.204604,0.146257,0.150085,0.062993,0.023463,0.175327,0.110103,-0.117191,-0.001771,-0.125116,-0.087820,0.088150,0.180575,-0.215008,-0.061961,0.263337,0.116976,-0.029013,0.005237,0.061454,-0.050620,-0.103664,0.124687,0.210540,0.103466,0.149942,0.165068,0.203960,0.102609,-0.091407,-0.130593,0.169771,-0.140908,-0.238216,0.129741,0.052271,-0.055270,0.086700,0.213417,0.132305,0.075648,0.048933,0.238856,-0.004260,0.127203,0.103497,0.049096,0.298230,-0.088875,-0.013990,0.038618,0.001343,0.173567,0.038546,0.068357,0.028455,-0.036877,0.104641,0.110289,0.110445,-0.050727,0.204586,0.102147,0.186789,0.212918,0.118268,0.000464,-0.038137,0.047850,-0.001457,0.005331,-0.127344,-0.147062,-0.004170,0.086537,0.007876,-0.031584,-0.320059,0.103085,0.189592,-0.143416,-0.145485,0.040025,0.071493,-0.269965,0.029242,0.015391,-0.026975,-0.163335,-0.083292,0.195960,0.167732,-0.153884,-0.200565,0.123147,0.283059,0.169440,0.156210,0.018876,0.270005,0.231882,0.122781,-0.074525,-0.061103,0.245667,0.053030,0.073673,0.147541,0.049745,-0.207462,0.079823,0.077041,0.051848,-0.117920,0.243266,0.333891,0.055794,0.169780,0.035131,0.052307,0.258542,0.192099,0.063215,0.077343,-0.283741,-0.111472,0.182888,0.099977,-0.213119,-0.165262,0.045454,-0.005317,0.204469,0.195787,0.315476,0.038940,-0.089615,-0.073405,0.083133,#
1,-0.003877,1.000000,-0.045078,-0.182823,-0.102070,0.008934,-0.054685,0.090147,0.162038,0.084760,0.131466,0.225144,-0.059086,-0.415293,-0.202656,-0.069787,-0.107302,0.047190,-0.119069,0.049208,-0.284945,0.021301,0.009021,-0.177055,0.095372,-0.054833,-0.287903,-0.044609,-0.223168,-0.156079,0.109993,-0.104932,-0.188369,0.084018,-0.022000,-0.053581,0.039692,-0.153613,0.078968,0.190218,0.138619,-0.007504,0.083705,-0.081438,-0.228433,0.027535,0.233376,0.005389,0.182919,0.046495,0.081193,0.145415,-0.007250,-0.070269,0.008899,0.027965,-0.141754,-0.217825,-0.131797,0.060229,-0.046436,-0.056060,0.035168,-0.094491,-0.105471,0.325009,0.210426,0.307970,0.130444,0.026990,0.185491,0.211790,0.215966,-0.040183,0.063924,0.054831,-0.121571,0.027834,0.204932,-0.135299,-0.104700,0.099722,-0.192720,0.116399,0.188502,0.101998,0.041748,0.167581,-0.025188,-0.060253,0.001781,0.199998,-0.230839,-0.018060,0.080976,0.174218,-0.058567,-0.032290,-0.106249,-0.054080,0.128666,-0.084966,-0.121305,-0.217833,-0.154373,0.073221,-0.133875,0.039966,0.203278,-0.088129,-0.292404,0.079291,0.036427,0.060767,-0.016043,0.261727,0.000635,-0.094835,0.059115,-0.124630,-0.149964,0.049313,0.158313,0.107747,0.158416,0.099095,-0.074539,0.124786,0.260548,0.063404,-0.096543,0.129504,0.027968,-0.017716,0.043504,-0.029141,0.292765,0.179581,-0.044772,0.144854,0.166375,-0.088426,-0.088375,0.183408,0.204120,-0.111306,-0.108320,0.045209,0.008980,-0.175155,0.236115,0.062539,-0.113995,-0.155640,0.219533,0.089325,-0.043503,0.198494,-0.184058,-0.022571,-0.126166,0.091741,-0.060137,0.173095,0.059611,-0.091849,0.070917,-0.214558,-0.013291,0.141439,-0.101099,0.031915,0.017474,-0.053702,0.021291,0.127853,0.081537,-0.218362,0.009898,0.014050,0.024247,-0.173990,0.153073,0.071391,0.148739,0.109162,0.002545,-0.264715,0.388358,0.247524,0.037001,0.258291,-0.098790,-0.144319,-0.110653,-0.079993,0.006592,0.370323,-0.105546,0.289201,#
2,0.053161,-0.045078,1.000000,0.117655,0.384087,0.067872,0.071553,0.106617,0.015212,0.163916,0.164267,0.055943,-0.120907,0.197378,0.017858,0.147132,-0.130882,0.018549,0.077313,0.144402,0.243700,0.045664,0.156450,0.080785,-0.073644,0.214233,0.219487,-0.222918,-0.150424,0.165039,-0.032771,0.011548,0.154523,0.220546,0.197484,0.057027,0.039938,0.176394,0.181130,-0.066173,-0.052119,-0.039353,0.067222,0.009672,0.031625,0.244967,0.110574,-0.022071,-0.168019,-0.105515,-0.085822,0.177401,0.148801,-0.033059,0.209089,0.088631,0.227347,-0.238500,0.242561,0.175199,0.377728,0.144539,-0.010552,-0.048802,0.076371,0.104976,-0.174426,-0.029459,-0.026089,-0.000791,0.284632,0.162150,-0.099014,0.178283,0.284971,0.032008,0.045826,0.009133,0.023230,0.291062,0.062989,0.009185,0.304136,-0.335290,0.236035,0.083702,0.137525,0.078548,0.026602,-0.006669,0.279718,0.132896,0.093456,0.094254,0.049827,-0.019388,-0.112928,-0.012914,-0.005711,0.020061,0.322013,0.143435,-0.043611,0.169557,0.071765,0.269379,0.393329,0.309274,0.194191,0.069846,0.022816,0.014969,0.294515,0.198570,-0.010195,0.091592,-0.030925,0.037614,-0.075268,0.118655,-0.123681,-0.178969,-0.015411,0.166665,0.093161,0.024027,0.134215,-0.008055,0.171121,0.202239,-0.103743,0.242205,0.076602,0.230660,0.110819,-0.150070,0.074065,0.010170,-0.041142,-0.032905,0.050364,0.180300,-0.101161,0.081399,0.105732,-0.071685,-0.010801,-0.060071,-0.047623,0.097582,0.088892,0.146275,0.309105,0.175651,-0.162136,0.027684,-0.011991,-0.034750,0.249781,0.058038,-0.204721,0.128204,0.312718,0.023427,-0.017627,0.264201,-0.074581,-0.021277,-0.002097,0.003547,-0.076444,0.135905,0.264127,-0.009975,-0.046050,0.112490,0.031514,0.058256,-0.096924,-0.132441,0.047144,0.304893,0.080456,0.016248,-0.012897,0.070339,0.115270,-0.126013,-0.025522,0.111727,0.016730,0.149464,0.200067,0.267082,0.065927,0.060260,-0.120169,0.064878,0.083570,0.118618,#
3,-0.116003,-0.182823,0.117655,1.000000,-0.026405,-0.351639,-0.202840,-0.081759,0.196734,0.216619,-0.028069,0.158178,-0.180211,-0.022695,0.052385,-0.014838,-0.193982,0.052493,0.289502,-0.008033,0.120087,0.315721,0.131861,0.095061,-0.046130,0.199426,0.147133,-0.042754,0.006237,0.130884,0.141271,0.018088,0.018796,-0.005694,0.016563,0.213413,0.071877,0.088320,0.220304,0.069137,-0.075669,0.245198,0.005477,-0.122256,-0.179906,0.051704,-0.302292,0.069179,-0.321144,0.017928,-0.086230,-0.201490,-0.039752,-0.048222,0.136577,-0.026561,0.137869,0.173047,0.012550,0.023218,0.181622,-0.209498,0.024580,-0.027755,0.146858,-0.227121,-0.015461,-0.262477,-0.254531,0.201518,0.127640,0.066931,-0.022973,-0.049159,-0.112613,-0.193050,-0.088621,-0.094086,-0.133857,-0.053961,-0.097402,0.113279,0.171056,-0.066574,0.083519,-0.208839,-0.130336,0.050674,-0.111717,0.132622,0.364656,0.125306,-0.035586,0.078854,0.058611,0.093438,0.005329,-0.107490,-0.196283,-0.351669,0.163833,-0.050832,-0.126916,-0.130557,0.380991,-0.073830,0.247655,0.183352,-0.056364,0.012541,0.224184,-0.278789,0.086867,0.249780,-0.130399,0.134053,-0.254617,0.131621,0.029496,-0.143954,-0.076607,0.094062,0.047134,-0.163187,-0.080159,0.135180,0.106930,0.248314,0.025243,-0.198389,0.101546,0.159455,-0.053945,-0.024395,-0.139165,0.069962,-0.265603,-0.005023,-0.215326,0.209763,-0.275349,0.239479,0.073986,-0.094514,-0.044663,0.079035,0.109270,0.287153,-0.224706,0.065087,-0.024678,-0.245700,-0.075285,0.122956,0.131251,-0.023028,-0.008977,-0.197338,0.413497,-0.009149,-0.092195,-0.015295,-0.166730,0.032240,0.062953,-0.016905,0.149462,0.074785,0.111779,0.156617,-0.105190,-0.221637,0.084984,0.035614,0.007490,0.136177,-0.103412,-0.026705,-0.156569,0.121736,-0.050976,0.152314,-0.081068,-0.012564,-0.077463,-0.326115,0.056892,-0.014445,0.129636,0.119299,0.228699,0.015348,0.290837,0.343459,0.124007,-0.099102,0.004627,0.052882,-0.068235,-0.049408,#
4,0.010766,-0.102070,0.384087,-0.026405,1.000000,0.072718,0.019627,0.234735,-0.001296,0.181518,-0.217620,0.301314,0.101964,0.237801,0.069309,0.050032,0.142949,0.030213,0.107564,0.206725,0.397479,0.222385,0.092036,0.149347,-0.048955,0.235168,0.173521,-0.197193,0.215926,-0.052384,-0.013650,0.234264,0.241935,0.251152,0.009484,0.034153,0.245227,0.041698,0.398907,0.092620,0.002809,0.049646,0.218434,0.132620,0.264918,0.268966,0.269108,0.187058,-0.157435,-0.164931,-0.013298,0.125202,0.202316,0.214575,0.424009,-0.089325,-0.072521,0.081353,0.161227,0.291721,0.231560,0.199007,0.002566,-0.078866,0.004654,0.145029,-0.146242,0.168945,0.048123,0.201376,0.176636,0.164193,0.218806,0.078796,0.271849,-0.116548,-0.005662,0.097113,0.022750,0.287114,-0.162533,0.160796,0.014335,0.061360,0.226762,0.076674,0.152818,0.045203,0.152404,0.005928,0.193907,-0.118297,0.190523,-0.052419,0.178811,-0.063511,-0.007068,-0.052984,-0.098139,0.157514,0.259622,0.235077,-0.012292,0.090900,-0.111702,0.295820,0.076214,0.106945,0.167873,0.405788,0.141581,0.196995,0.224828,0.193069,-0.228626,0.043067,0.254335,0.161810,-0.170487,0.191898,-0.164145,-0.055461,-0.041977,0.094100,0.239560,-0.136765,0.170133,0.052710,0.312361,0.243015,0.165723,-0.000589,0.134682,0.352846,0.207437,0.104862,-0.153606,-0.232094,0.156559,-0.030335,-0.026373,0.100014,0.130961,-0.037088,0.262629,0.070548,0.173963,0.015467,-0.134782,0.312478,-0.030142,0.196422,0.374861,0.222666,0.241792,0.100936,0.077538,-0.041270,0.057041,0.142009,0.097187,0.142688,0.133264,-0.114961,-0.202674,0.041513,-0.025330,0.134279,-0.071110,0.085631,-0.210684,0.141043,0.428527,0.076512,0.173907,0.121465,0.215415,0.157503,0.047571,0.075957,-0.017561,0.121946,0.019072,0.097053,0.100778,0.295626,-0.106954,0.102339,0.142243,0.226175,-0.264602,0.152847,-0.025125,0.242124,-0.022640,0.249746,0.085881,-0.033581,0.174030,0.410541,#
5,0.062932,0.008934,0.067872,-0.351639,0.072718,1.000000,-0.192491,0.152315,-0.045100,0.050297,0.077087,-0.042016,-0.004336,-0.038811,-0.026695,0.266613,0.062908,0.186298,-0.279582,0.334126,-0.025148,-0.115627,0.232817,0.212888,0.220024,0.008371,0.169051,-0.029565,0.110028,-0.015193,0.273144,0.220493,0.093899,0.157580,-0.164165,0.166439,0.077147,-0.141128,0.171554,-0.121370,0.182060,0.013816,-0.240613,0.285312,0.181749,0.185342,0.274782,0.284686,0.160164,-0.166833,0.069603,0.121675,0.048985,0.017559,-0.192696,0.217048,0.149239,-0.133461,0.457796,0.149072,0.177393,0.243091,0.000044,0.073364,0.118918,0.161547,-0.152285,0.297686,0.228164,-0.404389,0.078450,0.037385,0.113825,-0.107070,0.119374,0.291492,0.082262,0.379178,0.066239,0.092044,0.172114,0.044177,0.017610,0.239907,-0.170531,0.123369,0.116064,0.238115,0.192430,-0.143999,-0.169628,0.144426,0.330396,0.234972,0.009406,-0.027803,0.008324,0.235425,0.223086,0.201679,0.154233,0.148322,-0.092479,0.210586,-0.042116,0.369147,0.077488,0.232763,0.110610,0.093703,-0.220244,0.161099,-0.034559,0.144835,0.047743,-0.062728,0.135867,0.042116,-0.149346,0.039727,-0.086272,-0.033572,-0.079117,0.221707,-0.091187,-0.042681,0.334582,-0.049269,-0.041494,0.059252,0.249030,0.235324,0.175671,0.163275,0.025626,0.060095,0.086710,0.088652,0.124664,-0.137393,0.146761,-0.035547,0.082932,0.180164,0.283094,-0.064690,-0.112128,-0.090667,0.114753,-0.139282,0.140159,0.060238,0.124891,-0.018248,-0.106412,0.102180,0.334477,0.089264,0.207970,-0.026607,0.183260,-0.067174,0.165716,-0.012888,0.200351,0.075632,-0.251506,0.305309,0.070438,0.061864,0.254050,0.188472,-0.023422,0.075931,-0.037572,-0.014580,0.041448,0.102326,0.155307,0.242179,0.382334,0.030119,0.308283,0.087582,0.096851,0.104550,0.095190,0.144044,-0.058997,-0.055188,-0.099118,0.204355,-0.089638,0.009558,-0.131085,0.062178,0.033941,0.258883,0.077673,0.149732,#
6,0.121240,-0.054685,0.071553,-0.202840,0.019627,-0.192491,1.000000,-0.107293,0.013207,-0.160267,-0.142032,-0.047464,0.136767,0.019149,-0.048249,0.125572,0.055397,0.134154,-0.033856,-0.151055,0.285811,0.056902,-0.234720,-0.046767,-0.102264,0.037592,-0.001389,-0.129423,-0.001999,0.278140,-0.059556,-0.190859,-0.157108,-0.083906,0.144083,0.159715,-0.243291,-0.004013,-0.034077,0.060431,-0.032888,-0.090180,0.164431,-0.184857,0.253636,0.002318,0.048712,-0.308046,0.058862,0.055768,-0.109061,0.192943,0.022914,-0.003047,0.208200,-0.023590,0.039595,0.030342,-0.056433,-0.144066,0.218418,-0.108768,-0.046663,-0.019699,0.207415,0.004874,0.141535,-0.083696,-0.033928,0.001790,0.129746,0.035617,-0.129749,0.259514,0.012390,0.007767,-0.035940,-0.172379,-0.084252,0.020912,0.093875,-0.010970,-0.036415,-0.276335,-0.144371,0.156098,0.034306,-0.150934,-0.073433,-0.056366,-0.064534,-0.186572,-0.191905,-0.249173,-0.017044,-0.223034,0.295482,0.028231,-0.278668,0.352291,0.039577,-0.101845,0.227600,-0.017519,-0.185264,-0.174777,0.038861,-0.127988,-0.220554,-0.079457,0.027477,0.095368,-0.138061,-0.242845,0.042481,-0.287567,0.374942,-0.078441,0.027341,0.003496,0.155922,-0.164111,-0.021073,0.176626,0.128289,0.318716,-0.198923,0.008867,-0.055877,0.045030,0.029813,-0.010252,0.118933,-0.068749,0.022151,-0.128922,0.032616,-0.252702,0.146380,0.070100,0.145461,-0.057010,-0.150216,-0.206351,-0.021023,0.056861,-0.026873,0.096911,-0.105382,-0.096539,0.243582,0.006350,-0.015028,-0.140319,-0.092086,-0.046932,-0.186295,0.284323,0.026869,0.023764,-0.237129,0.064862,0.053312,0.016803,0.019873,0.053539,0.132450,-0.046353,-0.016294,-0.337515,0.086697,0.073705,-0.215823,-0.253547,0.134696,-0.002495,-0.035576,-0.102396,-0.052714,-0.071328,0.112768,-0.128030,0.087308,0.026125,0.165309,-0.079231,-0.094157,0.011421,-0.299389,-0.023660,-0.195046,0.009674,-0.150023,0.199211,-0.029772,-0.110612,0.050495,0.115589,0.114937,-0.013449,#
7,-0.106358,0.090147,0.106617,-0.081759,0.234735,0.152315,-0.107293,1.000000,0.382889,0.083387,0.049987,0.014531,0.019773,0.014706,0.254017,-0.038250,0.165173,-0.032948,-0.053479,-0.021277,0.056947,0.178410,0.249447,0.170444,0.157144,0.116134,0.056132,-0.079619,0.049732,-0.153260,-0.116114,0.237927,-0.037842,0.171071,-0.100348,0.091252,0.130823,0.042234,0.356552,0.131009,-0.193592,0.028272,-0.045527,0.273359,0.100735,0.258628,0.212896,0.280317,-0.158975,0.071624,0.167111,0.050382,-0.039196,0.062010,0.091384,0.001429,-0.121803,0.055559,0.104014,0.101736,0.052610,0.111318,-0.012276,-0.118526,-0.032392,0.152644,-0.196827,0.156264,0.265729,0.394072,0.013147,-0.047483,0.459015,0.015002,0.268083,0.088539,-0.091067,0.110246,0.166739,0.203800,0.015186,0.109154,-0.006429,0.109909,0.015661,0.004751,0.055445,0.046708,-0.025430,0.111821,-0.103386,0.067357,0.078058,0.080157,0.137899,-0.225121,-0.023992,0.089700,-0.010824,0.042356,0.170918,0.147816,-0.066836,0.070857,0.042734,0.275585,-0.070038,-0.079299,0.092130,0.089146,0.092492,-0.065940,0.150386,0.053388,0.339424,0.011008,0.137557,-0.219732,-0.039052,0.323079,0.033005,0.001821,-0.052299,0.322156,0.208811,0.000233,0.222942,0.262891,0.118656,-0.103054,0.104221,-0.123206,0.270508,0.118038,0.176979,0.114033,-0.198563,0.077352,-0.027857,-0.032949,0.175312,0.039628,0.139944,-0.016553,0.104809,0.106556,0.040737,-0.024571,0.060288,0.184915,-0.032908,0.098000,0.089048,0.221397,-0.127713,0.250571,0.106632,0.168384,-0.068171,0.226028,0.152282,-0.151259,0.202508,0.031846,-0.185445,0.186455,0.004022,-0.195710,-0.058414,-0.004867,0.117408,0.116859,0.285735,0.079629,0.123960,-0.005937,0.037986,-0.082782,-0.050095,0.171529,0.367730,0.014753,0.026536,-0.058922,0.042913,0.295693,-0.122050,-0.171378,0.054738,0.287818,-0.057101,0.055850,-0.112553,-0.142174,0.040399,0.050411,0.034028,0.210536,0.042698,0.169313,#
8,-0.091275,0.162038,0.015212,0.196734,-0.001296,-0.045100,0.013207,0.382889,1.000000,0.128205,-0.063444,-0.002260,-0.079526,0.231397,0.179009,0.225063,-0.166356,0.083288,0.033334,0.081407,-0.066948,0.478816,0.333201,0.020369,-0.119780,0.218623,0.110428,0.094641,0.072434,0.228935,0.041102,0.040217,0.005597,0.008499,-0.162520,0.167806,0.125364,0.103233,0.144533,0.130359,-0.046416,0.345358,0.003850,0.003233,-0.002197,0.098565,-0.008442,0.262018,0.041725,0.168146,0.269856,0.234750,-0.159433,0.022362,0.080422,0.268420,0.054785,0.167134,-0.067527,0.268288,0.350173,-0.044588,0.292747,-0.045255,0.094161,0.214186,0.075117,0.108160,0.255366,0.253799,0.225306,0.050271,0.176618,0.240483,0.103083,0.083839,-0.094408,0.031933,0.206910,0.267875,0.115626,0.169456,-0.081135,-0.057346,-0.005274,0.029209,-0.103791,-0.107230,-0.131107,0.266471,0.084182,0.025933,-0.060680,0.257019,0.129481,0.013866,0.143743,0.001279,-0.193666,-0.048663,0.333185,0.124566,0.031159,0.115955,0.134839,0.146251,0.044940,0.128781,0.117994,0.152172,-0.042819,0.084691,0.085129,-0.005835,0.338503,0.218075,0.202749,-0.100140,-0.035987,0.177696,0.090444,0.079383,0.089075,0.168018,0.166780,0.291262,0.211537,0.290696,0.150028,-0.000587,0.090250,0.037814,0.292708,0.200417,0.332245,-0.010570,-0.065614,-0.164173,-0.187733,0.009611,-0.001828,0.117862,0.346199,0.189444,0.080113,0.174513,0.274790,0.146209,0.106538,-0.037372,0.149793,-0.075766,0.123090,0.304998,0.175969,0.315063,0.061372,0.299943,0.003270,0.278792,0.031798,-0.009282,0.192952,0.121308,0.129919,0.152765,0.081713,-0.097924,0.139447,0.161782,0.008094,0.219969,0.245110,0.019715,0.245035,-0.024168,0.013666,0.046503,0.143783,0.184495,0.172913,0.098190,-0.172146,0.328987,0.248859,0.179680,0.153249,-0.058395,0.053411,0.053924,0.034329,0.052343,0.120176,0.073113,0.062801,0.131652,0.048017,0.274400,0.331528,0.069718,#
9,-0.031731,0.084760,0.163916,0.216619,0.181518,0.050297,-0.160267,0.083387,0.128205,1.000000,0.192590,-0.044899,0.059433,0.054288,0.208403,0.206598,-0.032763,-0.046447,0.266007,0.218464,0.276635,0.158146,0.389194,0.394471,-0.019719,-0.005666,0.189431,0.065509,0.152229,0.057566,0.149832,0.186291,-0.015614,0.173288,0.211972,0.091060,0.028892,0.008714,0.287371,-0.004924,0.221023,-0.069964,0.097991,-0.043355,0.193546,0.206386,0.221611,0.031975,-0.108932,-0.068481,-0.064521,-0.035920,-0.060417,0.117796,0.107344,0.151369,0.126604,-0.027330,0.189363,0.175286,0.139030,0.053548,0.162867,0.187558,0.162746,0.222521,0.127684,0.051567,0.220093,0.010356,0.413221,0.097912,0.127693,0.047045,0.223859,0.020351,-0.192657,0.082167,0.148700,0.239155,0.040368,0.116773,-0.027093,-0.065246,0.265004,-0.073001,-0.031864,0.317169,-0.008230,-0.108251,0.033659,0.326025,0.105046,0.109071,0.075514,-0.182053,0.156413,0.277673,0.283473,-0.090455,0.139033,0.105297,0.272866,-0.077335,0.284043,0.034321,0.133303,-0.125349,0.077622,0.146017,0.097739,0.255484,0.514453,0.290510,-0.074970,0.257463,0.110608,-0.159098,-0.020403,-0.100846,0.037660,0.246419,0.176771,0.159802,0.056081,-0.075137,0.030350,0.144110,0.238358,0.120500,0.082816,0.054386,0.234475,0.420065,0.161526,-0.007020,0.040320,-0.119188,-0.137342,0.123302,-0.140399,0.143108,0.144712,0.242607,-0.077589,-0.079427,0.049793,-0.007270,-0.176842,-0.061868,0.081741,-0.147486,0.157054,0.135556,0.085262,0.141340,0.184074,0.024811,0.162261,0.145744,0.025717,-0.022201,0.109744,0.194591,0.216576,0.009238,0.018392,0.106759,0.181045,0.026242,0.107256,0.187155,0.020745,0.116498,0.229854,0.242213,-0.044493,0.136411,0.202683,0.140960,0.024947,-0.101127,0.028145,0.049904,0.094942,0.133033,-0.056308,-0.142212,0.419624,0.181550,0.045283,0.145920,0.169669,0.015077,-0.132678,-0.011750,0.029933,0.222810,0.035350,0.034338,#
10,0.199849,0.131466,0.164267,-0.028069,-0.217620,0.077087,-0.142032,0.049987,-0.063444,0.192590,1.000000,-0.042183,-0.419944,-0.131325,0.029291,0.104997,-0.027494,-0.049109,-0.107688,0.076814,0.098321,-0.264201,0.063115,0.128344,0.055081,-0.088516,-0.026117,0.176279,-0.346608,-0.011072,-0.076116,0.058546,-0.080078,0.092189,0.105293,-0.035092,-0.073035,-0.104851,0.009033,-0.007312,0.233514,-0.078636,-0.244751,-0.234504,0.104608,0.012882,0.072186,0.057294,0.137647,0.321104,-0.247560,0.069420,0.049283,0.064998,-0.067558,0.055485,-0.225883,-0.193011,-0.014071,0.061637,0.042897,0.005560,0.154164,0.204554,-0.136184,-0.034772,0.129977,-0.078165,-0.141861,-0.059241,-0.086727,0.140649,-0.132287,-0.043688,0.008359,-0.079860,-0.139524,-0.022895,-0.055838,-0.017504,0.162544,0.127392,0.085221,0.001499,0.031160,-0.049471,-0.121861,0.215615,-0.046938,0.252728,0.023966,0.356612,0.025381,0.144276,0.089870,0.016729,-0.261687,-0.146035,0.423653,0.071494,0.117417,0.033730,-0.069632,0.057765,0.367360,-0.296708,0.170776,0.135325,0.028203,-0.094319,-0.142377,0.066254,-0.057493,-0.034672,0.087992,0.339036,-0.056861,-0.088391,0.034900,0.005597,0.048851,0.099861,-0.162886,0.036197,-0.207416,-0.012394,0.247806,0.168487,0.085819,-0.165497,-0.186387,-0.050343,-0.024032,-0.034288,0.002716,-0.110460,-0.138880,0.232292,-0.353178,0.152352,0.095946,-0.145180,-0.172161,0.056490,-0.083013,-0.224092,-0.133440,-0.159603,-0.073145,-0.063206,0.022272,0.021349,0.186380,0.027562,-0.282897,-0.021814,0.189693,-0.026032,0.067995,0.042755,0.051780,-0.030652,0.070435,0.012373,0.051543,0.033791,0.152191,0.048502,0.211270,0.186516,-0.065697,-0.108580,-0.055694,0.074681,0.104282,-0.101629,0.087559,0.173412,-0.013870,0.137209,-0.073192,-0.061481,0.142438,-0.054510,0.057676,-0.233974,-0.047631,-0.272591,0.082948,0.045316,-0.051878,0.114939,0.099134,-0.046774,0.048829,-0.085836,-0.259180,0.308389,-0.130466,0.170595,#
11,0.029614,0.225144,0.055943,0.158178,0.301314,-0.042016,-0.047464,0.014531,-0.002260,-0.044899,-0.042183,1.000000,0.025725,-0.025435,0.004730,-0.132636,-0.005188,0.215169,0.131712,-0.108282,0.079704,0.242060,-0.055592,-0.193660,0.047585,0.156297,-0.308011,0.121968,-0.077163,-0.052288,0.185648,0.151045,0.018628,0.262785,-0.021251,0.021691,0.313192,0.028818,0.075503,0.295708,-0.026959,0.203327,0.158709,-0.161176,-0.002062,0.072244,0.310657,-0.044122,0.041848,0.026684,-0.046671,0.131270,0.029989,0.266225,0.166079,-0.060019,-0.233213,0.240733,0.075841,0.010358,0.071922,-0.024266,0.001826,-0.227841,0.020170,-0.019434,0.091275,0.238335,0.119018,0.111107,0.135993,0.202934,0.065711,-0.079079,0.036282,-0.231767,0.014692,0.042853,-0.097634,-0.172196,0.020112,0.138800,0.161609,0.010564,0.313464,-0.051367,0.028264,0.027543,0.285172,0.055541,-0.052548,0.108597,0.006775,0.008901,0.228338,0.169801,-0.127636,-0.189007,-0.076731,0.067988,0.068751,0.267028,-0.081790,0.021339,0.218002,0.330163,-0.019441,0.197766,0.158196,0.249750,0.121531,0.125115,0.109210,0.132343,-0.179848,0.196314,0.011312,0.287393,-0.265176,0.096606,-0.048924,0.045733,-0.026609,0.017932,0.302174,-0.222198,-0.084159,-0.020074,0.130818,0.062530,0.162785,0.144995,0.037895,0.145612,-0.009248,-0.084085,-0.147275,0.117235,-0.091321,0.265835,0.173232,-0.234156,0.103712,0.140527,0.289882,-0.085416,0.043570,-0.011831,-0.152407,0.041369,0.027970,0.057140,-0.116090,0.137111,0.279486,0.092921,0.034268,-0.060965,0.177140,-0.062681,-0.002732,0.068807,-0.251882,-0.057437,-0.045222,-0.104163,0.088997,0.067376,0.106388,0.082489,-0.099729,-0.072488,0.048822,-0.039576,-0.024075,-0.071745,0.013926,-0.016151,-0.113807,0.209648,0.160591,0.010517,0.270478,-0.160093,0.127192,-0.052131,-0.065546,-0.111196,0.159028,0.271937,0.158109,0.103606,0.327143,0.217034,0.215408,-0.108629,0.068956,0.161692,-0.089511,0.360885,#
12,-0.078882,-0.059086,-0.120907,-0.180211,0.101964,-0.004336,0.136767,0.019773,-0.079526,0.059433,-0.419944,0.025725,1.000000,0.168299,0.172671,0.022553,0.262323,0.248725,0.074380,0.077361,0.017832,0.180263,0.054539,0.098285,-0.078595,0.044189,0.022408,0.027638,0.223809,-0.034061,0.068185,-0.040847,0.225424,-0.070813,0.080542,-0.030324,0.024634,-0.004362,-0.074073,0.255328,-0.136913,-0.144884,0.168531,0.306141,0.035507,0.341449,0.227678,-0.086000,0.035528,-0.116464,0.179167,-0.056978,-0.177901,0.154870,0.049338,0.079141,-0.066729,0.126877,-0.024303,-0.133953,0.027163,0.342247,-0.179592,0.008159,0.138824,0.093204,-0.092116,0.015790,0.201449,-0.013310,0.261860,0.008736,0.157939,-0.003768,0.202937,0.252316,0.124043,-0.115702,-0.001388,0.022003,0.200245,0.086427,0.007545,-0.024838,-0.023565,-0.002199,0.011597,0.011118,0.216771,-0.081581,-0.186086,-0.200501,0.021933,-0.130672,0.046388,0.131458,0.431776,0.277372,-0.222282,0.061780,-0.122200,0.078145,0.177689,0.348169,-0.057997,0.088283,-0.043150,-0.208096,-0.027876,-0.027629,0.201462,-0.043929,0.185516,-0.029961,0.063256,0.004877,0.242357,-0.191455,0.053861,-0.194705,0.030046,0.151827,0.046976,0.277512,0.138146,-0.130759,-0.230351,-0.210879,-0.160816,0.006335,-0.018306,0.037562,-0.034383,0.113241,-0.009477,-0.210480,0.151968,0.233737,0.267056,-0.036733,-0.051991,0.196920,0.173997,0.002398,0.088694,0.354345,0.136507,0.104689,-0.063207,0.237016,0.040877,0.185905,0.086473,-0.033294,0.126948,0.333524,0.068991,-0.122305,-0.105949,0.036946,0.044745,0.292029,0.125240,-0.013295,0.224635,0.008625,0.003681,0.237485,-0.184931,-0.217216,0.013887,0.176748,-0.048126,0.079576,0.112414,0.051552,-0.033461,-0.024468,0.147395,-0.193730,0.049751,0.068624,0.017195,0.013213,-0.107073,0.204269,0.117580,0.236805,-0.006227,-0.020173,-0.057531,-0.108764,0.123530,0.123344,-0.162417,0.069318,0.077086,-0.027790,0.097394,-0.168795,#
13,-0.123876,-0.415293,0.197378,-0.022695,0.237801,-0.038811,0.019149,0.014706,0.231397,0.054288,-0.131325,-0.025435,0.168299,1.000000,0.110768,0.045959,0.093311,0.020842,0.118438,0.004643,0.277796,0.184569,0.133803,0.109937,-0.362593,0.095865,0.160084,0.188016,0.052782,0.233290,-0.090797,-0.042745,0.214136,0.041878,0.162053,0.090578,-0.094806,0.139494,-0.197888,0.056105,-0.025711,0.296001,0.224716,0.092230,0.242379,0.144443,0.059432,-0.003915,0.159179,-0.187740,0.079388,0.042488,-0.085208,0.427216,0.076114,0.190100,-0.048068,0.133943,-0.042138,0.193332,0.121174,0.179148,0.135928,0.090246,0.019944,-0.018560,0.023334,0.071289,0.226221,0.055734,0.089581,0.016342,0.073123,0.227022,0.135883,0.147990,-0.059556,0.103838,-0.053501,0.455137,0.178237,0.228137,0.279506,-0.049021,-0.035718,-0.015080,0.027065,-0.123619,0.079125,0.064468,0.181641,-0.032786,0.181694,0.150112,0.089856,-0.245520,0.007120,0.129802,0.153034,0.314145,0.024328,0.215487,0.151996,0.290939,0.102138,0.105008,0.057054,-0.086399,0.153660,0.168125,0.077194,0.274066,0.291454,-0.008541,0.334947,0.207818,0.104132,0.248360,0.064816,0.468721,-0.079047,0.009869,0.118999,-0.035280,-0.036496,-0.308323,-0.053159,-0.194977,0.057153,0.105541,-0.100821,0.079353,0.081808,0.247855,0.311397,-0.208016,0.029677,-0.030005,0.013701,0.073388,-0.277688,0.195439,0.315244,0.144172,-0.004727,0.097249,0.359980,0.114760,0.102819,0.256162,-0.109122,0.088955,0.132321,0.207442,0.154436,0.358512,-0.244861,-0.006605,0.160404,0.168588,0.126035,0.083784,0.177844,0.104996,0.103799,0.121224,-0.083666,-0.021955,0.018612,0.024433,0.037807,0.289302,0.207069,0.012556,0.244261,-0.093117,-0.052977,0.318425,0.250253,-0.022931,-0.015948,0.319564,-0.038748,0.034695,0.233504,0.156054,0.196005,-0.021781,-0.119724,0.059821,0.083278,0.030216,0.181250,0.266187,0.070493,0.309996,0.014411,-0.201982,0.243222,0.121898,#
14,0.168167,-0.202656,0.017858,0.052385,0.069309,-0.026695,-0.048249,0.254017,0.179009,0.208403,0.029291,0.004730,0.172671,0.110768,1.000000,0.328922,-0.013576,0.034574,0.302210,0.081026,0.146272,0.105680,0.162798,0.233678,0.156922,-0.023055,0.032103,0.027496,0.308258,0.158218,0.032512,0.276247,-0.009497,0.222298,0.319607,0.225895,0.044887,0.129913,0.169268,0.144711,-0.237726,-0.043693,-0.042942,0.088107,0.276136,0.239970,0.094104,0.055981,-0.128442,0.184376,0.148793,0.079154,-0.017309,0.224601,0.166465,0.050915,0.078024,0.226066,0.246003,0.192857,0.121864,0.162658,0.211405,0.261324,-0.116723,-0.079169,-0.078171,0.040025,-0.076515,0.223178,0.256822,0.074097,0.164215,0.235091,0.254897,-0.024736,0.385934,0.220032,0.007835,0.007834,0.247866,0.267787,0.116739,0.098557,0.063327,-0.141801,-0.047258,0.169346,0.031634,0.012781,-0.214341,-0.046164,0.271639,0.210653,-0.111899,0.038814,0.434752,0.063850,0.111639,0.009497,0.112525,0.207521,0.286355,-0.032706,0.247792,-0.126121,-0.141662,-0.139942,-0.337263,0.036373,0.082558,-0.059424,0.127861,0.224570,0.160751,0.173446,0.181079,-0.166614,0.146137,0.037750,0.117989,0.194024,0.044858,0.145803,0.067444,-0.038889,0.067574,0.340068,0.056895,0.144901,-0.074755,-0.078376,0.027738,0.203711,0.156775,0.029971,-0.267433,0.158006,0.024407,-0.144514,0.024420,0.046223,0.207416,0.125448,-0.111891,0.364319,0.086438,-0.032956,0.125265,0.026074,0.180800,-0.038387,0.200047,0.090354,-0.098962,0.348888,0.253605,0.112467,-0.096835,0.162704,0.103503,0.043449,0.200731,-0.069111,0.114472,0.175918,0.229778,-0.013919,0.102363,0.277650,-0.060991,-0.094494,0.254680,0.072693,-0.043234,0.114086,0.080669,0.110404,0.228314,0.033560,0.369243,0.338019,-0.036577,0.039641,-0.046219,-0.229288,-0.000341,-0.157275,-0.078279,0.146060,-0.221192,-0.043736,0.174320,0.307846,0.243958,0.110796,0.077333,0.059035,0.217884,-0.212626,#
15,0.343475,-0.069787,0.147132,-0.014838,0.050032,0.266613,0.125572,-0.038250,0.225063,0.206598,0.104997,-0.132636,0.022553,0.045959,0.328922,1.000000,0.032415,0.380558,0.131674,0.172291,0.101015,0.123168,0.189729,0.290440,0.107948,0.103538,-0.012515,-0.027082,0.082099,0.328385,-0.060240,0.238748,0.060750,0.129597,0.080739,0.392676,0.161222,-0.118310,0.312766,0.080152,0.054305,0.047375,0.042428,-0.152206,0.238562,0.108866,-0.101447,0.259620,0.077096,0.088681,-0.156561,0.611763,-0.152966,-0.059207,0.245545,0.067269,0.122914,0.014883,0.229438,0.272816,0.403208,-0.036401,0.142213,0.148857,-0.103619,0.385578,0.061175,0.038099,-0.000244,-0.218713,0.186525,0.030664,-0.097414,0.122534,0.027679,0.076522,0.027808,0.038237,0.075217,-0.013602,0.352821,0.215645,-0.114605,0.056352,0.243509,0.029253,-0.028188,0.362398,-0.025357,0.042044,-0.011689,-0.109341,0.029525,0.050152,-0.083403,-0.000270,0.213189,0.023661,0.087694,0.113457,0.304060,0.079354,0.284146,0.168343,0.065158,0.038111,0.204900,0.000000,-0.000193,0.115848,-0.079872,0.218466,0.106121,0.184303,0.053807,0.103070,0.059091,-0.016069,-0.012647,0.040263,0.013462,0.042495,0.268766,0.028131,-0.000187,0.221896,0.313555,0.296126,0.019964,0.333912,-0.204447,0.014307,0.029903,0.280358,0.051810,-0.000399,-0.152191,-0.129079,-0.125109,0.014308,0.064315,0.028646,0.166451,0.012507,0.024889,-0.010684,0.158031,-0.012418,0.013112,-0.175751,0.139009,-0.135077,0.267134,0.020393,-0.068672,0.216277,0.336331,0.201282,-0.054249,0.269353,-0.012202,0.105277,0.371514,-0.141766,0.159351,0.265148,0.082623,0.272439,0.284096,0.063316,-0.030518,0.275485,-0.231289,0.231776,0.011990,0.204680,0.132012,0.264852,0.328089,0.128981,0.097347,0.071399,0.142278,0.377607,0.024160,-0.016816,-0.042788,0.242519,-0.084084,0.038176,-0.377760,0.144594,0.255093,0.263421,-0.051253,0.244554,0.186481,0.192646,0.113143,0.011941,#
16,0.322962,-0.107302,-0.130882,-0.193982,0.142949,0.062908,0.055397,0.165173,-0.166356,-0.032763,-0.027494,-0.005188,0.262323,0.093311,-0.013576,0.032415,1.000000,0.037549,-0.199181,0.230251,0.243347,0.016576,-0.246634,0.259626,0.011684,0.007784,0.189275,-0.157185,0.036312,0.220277,-0.175849,0.292966,0.044379,0.033154,0.177888,-0.022231,0.037701,-0.012902,0.034739,0.100810,-0.201606,0.016856,0.184645,0.082191,-0.039096,0.103779,0.014515,-0.056548,0.050547,0.172295,-0.061775,-0.039830,-0.046049,0.282076,0.240554,-0.131276,-0.219166,0.030599,0.011136,-0.123999,-0.123605,0.311560,-0.004836,-0.105159,-0.228781,0.029822,-0.197823,0.249453,0.184817,0.155955,-0.107259,-0.091769,0.307045,0.210006,0.136724,-0.023303,-0.187882,0.072142,0.020455,0.055885,0.052466,-0.113635,-0.163378,0.307262,0.132431,0.194763,0.059625,0.191203,0.175067,0.127058,-0.049896,-0.079805,0.175127,-0.175651,0.080373,0.127319,0.011941,0.123271,0.091084,0.258760,-0.280152,0.037033,0.061783,0.216031,-0.066774,0.232997,0.097599,-0.157554,0.137879,-0.025981,0.218871,0.109626,0.146232,-0.045505,0.240539,0.072739,0.331240,-0.021933,0.227943,0.010697,0.205886,0.301094,0.207426,0.146222,0.286994,0.082585,0.251202,-0.178242,-0.003581,0.065042,0.182576,-0.072979,0.033611,-0.154370,0.209282,0.051985,-0.018508,-0.140660,-0.150986,0.167980,0.149657,0.065791,-0.180925,0.010301,0.070855,-0.065974,0.221378,0.044592,0.063419,0.402040,-0.204978,0.315727,0.078815,-0.065200,-0.009459,0.271704,0.226393,-0.056635,-0.085492,0.193441,0.124504,0.096610,-0.042017,-0.123425,-0.043406,-0.037961,0.027500,0.176418,0.019468,-0.171985,0.110356,0.194656,0.045774,-0.037003,-0.067806,-0.013774,0.020154,0.179636,0.388160,-0.115105,-0.017235,0.028274,-0.049634,-0.058960,0.163824,0.127606,-0.128246,0.293482,0.157948,0.124956,0.034804,-0.080353,0.016087,-0.041162,-0.185141,0.224245,0.155897,-0.189905,-0.103986,0.157452,#
17,0.178324,0.047190,0.018549,0.052493,0.030213,0.186298,0.134154,-0.032948,0.083288,-0.046447,-0.049109,0.215169,0.248725,0.020842,0.034574,0.380558,0.037549,1.000000,-0.138354,-0.108507,0.094155,0.152798,0.016608,0.202769,-0.042351,0.139138,0.063512,-0.051193,-0.035901,0.110539,0.227692,0.195774,0.092815,0.024114,0.037233,0.264500,-0.116146,0.164406,0.291452,0.057715,0.113327,0.184260,0.089627,0.137598,-0.072311,0.220163,0.128047,0.326543,0.085791,0.051772,0.164765,0.302540,-0.041505,0.082688,-0.033582,0.098204,-0.054203,-0.029341,0.017727,0.065683,0.165840,0.085837,-0.064502,0.053573,-0.045359,0.350855,0.115340,0.269135,0.102900,-0.087646,0.081758,0.250627,-0.034413,-0.114148,-0.009856,0.292951,0.079655,-0.016889,-0.021331,0.002768,0.221104,0.210227,-0.089166,0.082080,-0.014721,-0.032816,0.332464,-0.008220,0.177148,0.053860,0.018888,-0.181932,0.106412,0.117306,0.080014,0.218706,0.107017,-0.099599,-0.177232,-0.051838,0.242368,-0.078997,0.017071,0.202129,0.094860,0.058131,0.228275,0.108827,0.245944,0.117877,-0.077195,0.010944,-0.137262,0.093352,0.123391,-0.049693,0.035290,0.166283,0.037684,0.083454,0.083900,0.065417,0.051490,0.114163,0.071693,0.257089,0.178222,-0.056581,-0.084911,0.087518,0.286288,0.180671,0.198310,0.014914,-0.136978,0.051950,0.109050,0.004886,0.219547,0.106721,0.227441,0.122768,0.234518,0.146330,0.211684,0.115710,0.097540,0.228985,-0.054092,-0.044274,0.222319,-0.082363,0.133995,-0.023919,0.212740,0.254547,0.236682,0.116327,0.032491,-0.117487,-0.097663,0.102444,0.110364,0.250658,0.070651,0.008626,-0.086490,0.030161,0.217388,0.002589,0.068080,-0.108767,0.006223,0.070250,0.034029,0.144635,0.206543,-0.003204,0.115357,0.237212,0.356342,0.222871,0.096217,0.149196,0.082128,-0.009036,0.056131,0.238084,-0.075377,-0.013053,-0.196636,0.058681,0.250934,0.344896,0.229083,0.232193,0.064609,0.244844,-0.057653,0.142367,#
18,0.086172,-0.119069,0.077313,0.289502,0.107564,-0.279582,-0.033856,-0.053479,0.033334,0.266007,-0.107688,0.131712,0.074380,0.118438,0.302210,0.131674,-0.199181,-0.138354,1.000000,0.172084,-0.023646,0.150105,0.157386,0.208044,-0.016320,-0.004413,-0.119031,0.134223,0.006957,-0.009938,-0.104934,-0.015305,0.090379,-0.011110,0.175399,-0.002063,-0.013823,0.021399,0.008229,0.295904,0.040936,-0.200120,0.053288,-0.176782,0.286372,0.011928,0.028829,-0.058970,-0.366398,0.085170,-0.154810,0.001320,0.100060,0.117028,0.194493,0.133258,0.004684,0.089839,-0.062920,0.125974,0.253791,-0.054374,0.229426,-0.040147,0.096209,0.015745,-0.025594,-0.160184,-0.225745,0.079896,0.092721,-0.020280,0.055094,0.044225,0.131792,-0.097976,0.199011,0.055093,-0.001321,0.194829,0.054212,-0.008711,0.036206,-0.026502,0.015138,-0.146071,-0.042359,0.117114,-0.030624,0.010520,0.090425,-0.119516,-0.065099,-0.137725,0.082201,-0.022142,0.233148,0.016130,-0.147738,-0.021201,0.281788,0.147562,0.160231,0.067763,0.245785,0.043377,-0.060041,-0.247531,-0.264331,-0.166270,0.212880,-0.196966,0.352278,0.210064,-0.130247,-0.051266,-0.111032,-0.050455,-0.143345,-0.099858,-0.021107,0.077832,0.082652,-0.268303,-0.015586,-0.183803,-0.243307,0.275581,0.187696,-0.045654,-0.246020,0.139079,-0.125295,0.243221,0.066410,0.088911,-0.101632,0.189530,-0.063331,-0.113182,-0.134559,0.052219,0.120527,0.260051,-0.075417,0.167001,0.144261,0.037766,-0.166794,0.164425,-0.162838,0.063614,-0.026535,0.045522,-0.122167,0.073168,0.001183,0.028592,0.061520,0.193409,0.096104,0.024106,0.050871,0.137636,0.013320,0.270351,0.085086,-0.053087,0.022031,0.207651,-0.195514,-0.008896,0.128760,0.101149,-0.034253,0.202355,-0.049926,0.004789,-0.082787,0.138539,-0.078711,-0.009601,-0.121735,0.001241,0.088279,-0.196994,0.312794,-0.226451,-0.030383,0.003911,0.090382,0.027581,0.196698,0.315203,0.031828,0.010134,-0.016115,-0.070023,0.186067,-0.097731,#
19,0.228122,0.049208,0.144402,-0.008033,0.206725,0.334126,-0.151055,-0.021277,0.081407,0.218464,0.076814,-0.108282,0.077361,0.004643,0.081026,0.172291,0.230251,-0.108507,0.172084,1.000000,0.001710,-0.068442,0.153931,0.183095,0.058284,-0.046108,0.155667,-0.037311,-0.083801,0.187180,0.143670,-0.004867,-0.023007,0.042259,-0.056114,-0.057438,0.155804,-0.051389,0.219080,0.149052,0.080958,-0.052499,-0.053648,-0.048683,0.063247,0.111078,0.208675,0.037318,0.181557,0.068968,-0.155477,0.118990,-0.082008,0.178442,0.048485,0.095286,0.030207,-0.041936,0.232016,0.126108,0.238694,0.393403,0.223866,0.091113,0.068377,-0.017986,-0.119873,0.134461,-0.071854,-0.086121,0.143631,-0.025546,0.124977,0.118141,0.134660,0.217847,0.129357,0.122707,0.292039,0.171562,0.007364,-0.082602,0.150306,0.093182,-0.016617,0.128575,-0.162370,0.299280,0.136663,-0.265866,-0.059244,-0.043293,0.199934,-0.048194,-0.042553,0.048512,0.082774,0.104763,-0.088933,0.044853,0.201491,0.047483,0.069038,0.112720,0.111298,0.399145,0.100315,0.105391,0.025780,-0.184792,-0.161177,0.005654,0.183340,0.066942,-0.012245,0.066465,0.297301,0.032093,0.005848,-0.293139,-0.153855,0.170534,-0.005301,-0.007135,0.128286,-0.047803,0.321380,0.018148,0.148741,0.086446,0.013451,-0.005831,-0.200105,0.205699,0.344265,-0.114312,0.107464,0.115926,-0.201878,-0.193975,-0.159364,-0.024643,0.075112,0.036024,0.080596,0.091904,0.070904,-0.066131,0.082234,0.178592,0.126837,0.318715,0.138457,-0.030417,0.004415,0.278473,0.128910,0.055579,0.177767,0.280584,0.227170,-0.009037,0.020323,-0.113765,0.279874,0.134949,-0.041788,0.173412,0.126044,0.010298,-0.086380,0.098371,0.355929,0.256222,0.004287,0.017767,-0.007089,0.177958,0.228830,0.044310,-0.108891,0.184162,0.059210,0.246200,0.262812,-0.057839,0.100172,-0.050262,0.095893,-0.043050,0.173652,0.194923,0.049897,0.171815,-0.136193,0.250077,-0.232679,0.055979,0.298858,0.086504,#
20,-0.137552,-0.284945,0.243700,0.120087,0.397479,-0.025148,0.285811,0.056947,-0.066948,0.276635,0.098321,0.079704,0.017832,0.277796,0.146272,0.101015,0.243347,0.094155,-0.023646,0.001710,1.000000,0.220613,0.012485,0.172433,0.014272,0.281535,0.257548,-0.078122,0.003993,0.181097,-0.034714,0.057412,0.009342,0.281355,0.338079,0.330037,0.174990,0.138259,0.294573,0.202206,-0.143456,0.174627,0.073793,-0.038866,0.394313,0.152833,0.197992,-0.237334,-0.198370,0.037975,-0.157532,0.084950,-0.121833,0.358384,0.314460,0.110479,0.121697,0.090350,0.113154,0.104722,0.211197,0.118124,0.092980,0.024594,0.119315,-0.026301,0.006313,0.017815,-0.110978,0.154231,0.340144,0.119581,0.043066,0.026617,0.412515,-0.021330,-0.158671,0.070888,-0.090339,0.069569,0.290147,0.235780,0.063944,-0.149365,0.048934,0.164044,0.097945,0.166609,-0.048511,-0.035473,0.185930,0.038736,0.075611,0.035388,0.308753,-0.201072,0.093257,0.232703,0.137260,0.129801,0.072123,0.119967,0.307319,-0.077196,0.202584,-0.004597,0.250200,-0.058233,-0.134274,0.251392,0.269262,0.237563,0.039186,-0.064739,0.096105,0.078030,0.313492,0.125239,-0.003699,0.178478,0.209698,0.130204,0.029598,0.259883,0.055854,-0.007089,0.233640,-0.002590,0.328832,0.186664,0.299069,-0.010503,0.173315,0.238026,0.078511,-0.028170,-0.174763,-0.240366,0.081057,0.128838,-0.014082,0.279289,0.179147,-0.020780,0.049369,0.087612,0.106788,0.177766,-0.025539,0.232885,0.163737,0.074373,0.150703,0.270377,0.039305,0.116251,0.018334,-0.212743,0.190229,0.163689,-0.030304,0.154704,0.079502,0.083189,0.096160,-0.131706,0.108294,0.004570,0.182481,0.034806,0.081329,-0.086940,0.084778,0.021964,0.000710,0.041329,-0.116931,0.095513,0.237689,0.029812,0.110920,0.078976,0.129419,0.031292,0.188541,-0.039120,-0.095598,0.103359,-0.032749,0.344313,-0.161048,-0.014511,0.070382,0.324669,-0.026507,-0.039164,0.049050,0.097117,0.237530,0.281679,#
