0,1.000000,-0.007433,0.262440,0.092142,-0.105428,0.125032,0.022090,0.116907,0.121834,0.008004,0.043414,0.259500,0.192689,-0.274756,0.382708,-0.042461,0.055906,0.180587,0.062865,0.145814,0.046634,-0.113324,0.103551,0.122937,0.012356,0.049157,-0.006532,0.137477,0.029945,0.194682,0.040456,0.040144,-0.061087,-0.200322,0.254063,0.094788,0.054344,-0.000364,-0.006965,0.055252,0.095878,-0.079885,0.301950,0.107749,0.016530,-0.066369,0.099630,0.334154,-0.056790,0.053590,-0.059896,-0.071494,0.218275,0.248071,-0.108120,0.010528,-0.024652,-0.047403,-0.144659,-0.112231,0.293535,-0.119311,0.093790,0.151283,-0.169992,0.358462,0.051303,0.203816,-0.128118,0.052171,0.035935,-0.141412,0.139398,0.088287,0.144026,-0.108385,0.093115,0.030914,-0.133171,-0.025675,0.176335,-0.015961,-0.105523,-0.093210,0.059718,0.303958,-0.034535,-0.006260,-0.369671,-0.155365,0.097159,0.208471,0.103509,0.243487,0.314626,0.211099,-0.121250,-0.012367,0.038129,0.080477,0.027561,0.130196,-0.074315,-0.043906,0.043405,-0.107696,-0.070948,0.217394,0.082477,0.134422,0.105150,-0.104861,0.124101,-0.137167,0.039384,0.186407,-0.123878,-0.220448,0.063632,0.055720,-0.010241,0.482815,0.060166,0.159871,0.047275,-0.055929,0.068090,-0.000141,-0.035810,-0.052812,-0.212931,0.175180,0.140155,-0.058151,-0.017000,-0.156372,0.050383,0.077770,0.013931,0.222200,-0.104015,0.020978,-0.148095,0.305128,0.370797,-0.031708,-0.094052,0.150153,0.173892,0.044625,-0.018909,-0.342310,-0.008524,0.173049,-0.058495,0.053121,-0.206709,-0.008968,0.162614,0.159348,0.242378,0.222956,-0.210713,-0.028291,-0.227925,0.258160,0.237646,0.051665,0.234543,0.157659,0.133240,0.034015,0.044060,0.081984,0.383059,-0.104153,0.105686,0.027342,0.012191,0.021872,-0.142636,0.199727,-0.083832,0.121913,0.036708,-0.189444,0.188361,0.296871,0.098354,0.296467,0.081162,0.293514,0.195714,0.039868,-0.263099,-0.062019,-0.171225,0.004132,0.203966,0.049696,#
1,-0.007433,1.000000,-0.160203,0.235368,0.218834,0.285885,-0.180392,-0.081710,0.011207,0.022625,0.079007,0.187087,0.106601,0.109161,0.208623,0.027603,0.042669,-0.095638,-0.010098,0.340973,0.153452,0.256830,0.215953,0.276239,0.045588,0.035196,0.220597,-0.064141,-0.057338,-0.271475,0.222460,0.260304,0.177833,0.146666,0.117651,0.049110,-0.157576,0.054078,-0.035132,0.102411,-0.050672,0.112688,-0.112531,0.149546,-0.196095,0.276484,0.259708,0.123985,0.268578,0.058453,0.031297,0.291243,0.246490,-0.129730,0.056127,0.136742,-0.048672,0.205424,0.217424,0.114403,-0.218272,-0.020010,-0.176264,-0.184457,-0.048795,0.013753,0.041739,0.337177,0.119906,0.243665,-0.072511,0.029514,0.302768,-0.101211,0.054510,0.108118,-0.073101,-0.017143,0.000697,-0.002619,0.124865,0.112827,0.389408,0.048294,0.010766,-0.053989,-0.032439,0.023808,0.141905,0.118659,0.097192,-0.012413,0.086886,0.105900,-0.208549,-0.041654,0.184632,0.027289,-0.172662,0.131297,-0.042239,0.235633,-0.029763,0.109290,-0.023440,-0.045782,0.058050,0.271701,-0.124269,-0.132886,0.207835,0.012359,-0.051294,0.124793,0.165851,0.128192,0.273545,0.247989,0.117197,-0.104924,0.359101,0.241470,0.200509,0.073933,-0.131181,0.013256,0.286781,0.217873,0.291693,0.240950,-0.125185,0.084991,0.090612,0.219782,0.159689,-0.015300,-0.026462,0.023392,0.207721,-0.173465,-0.090001,-0.099289,0.125421,-0.093863,0.007053,0.097574,-0.028877,0.020654,0.086781,0.129386,0.138730,0.123266,0.072758,0.138408,0.303503,-0.079483,0.060271,0.135402,-0.026301,-0.070217,-0.134561,0.273704,0.061425,0.114487,0.157518,0.111264,-0.084744,0.297742,0.042072,0.138780,-0.077925,0.036077,0.071667,0.261257,0.076450,-0.068597,0.096275,-0.041158,0.045146,0.081786,-0.115419,-0.056751,-0.018528,-0.223105,-0.004175,0.140037,0.104178,-0.114958,-0.044492,0.037676,0.201010,-0.079839,0.042185,0.107540,0.198390,-0.223595,-0.117586,-0.029797,0.121468,0.191968,#
2,0.262440,-0.160203,1.000000,0.181471,0.107444,0.143137,-0.035649,0.237311,0.087269,0.218788,0.131167,0.085156,-0.056748,-0.078189,0.272361,-0.068762,0.233634,0.064091,-0.029605,0.347594,0.040090,0.011361,-0.220299,0.154465,0.005365,-0.040020,0.146124,0.223616,0.274062,0.098491,0.088959,0.112659,0.085530,-0.079690,0.012917,0.166987,0.292056,-0.014726,0.210226,-0.068051,0.212431,0.226560,0.182223,0.078951,-0.113819,0.146340,0.436540,0.004797,-0.098175,0.268805,-0.040454,-0.115125,0.171736,0.360249,0.156112,-0.021168,0.116222,0.147106,-0.212802,0.029873,0.214524,0.160101,0.188464,0.223395,0.089935,0.347624,0.288460,-0.078708,0.125984,0.109971,0.185415,-0.013113,0.234089,0.206890,0.265021,0.032147,0.115477,0.242829,-0.023940,0.326917,0.152759,0.048873,0.204876,0.111847,0.193226,0.279583,0.351382,0.229713,0.059651,0.109298,0.288613,0.476596,0.037114,-0.063172,0.465943,0.002315,0.004191,-0.005619,0.324798,0.167290,0.188061,0.120912,-0.041642,-0.046303,0.064026,0.420649,0.078881,-0.012608,0.358279,0.091394,0.176275,-0.055810,0.358279,0.053159,0.199848,0.034633,0.067433,-0.101384,0.350477,-0.189620,-0.004562,0.161742,0.131892,0.068396,0.317342,0.075555,-0.015280,-0.008028,0.284035,0.158523,0.330299,0.330697,0.325223,0.350908,0.094089,0.100261,-0.087616,0.073014,0.019869,-0.126303,0.215515,-0.090109,-0.240440,-0.029904,0.066077,0.265245,0.042914,0.145342,0.162643,0.147546,0.023695,-0.066864,0.012712,0.277841,0.018626,0.238553,0.052850,-0.003685,-0.054146,0.007667,0.009855,-0.133677,0.011243,0.081920,-0.214840,0.157792,0.442218,0.159217,0.155324,-0.020101,-0.107967,0.262928,0.039126,-0.008330,0.184674,-0.054221,0.003158,0.106444,0.183362,-0.084177,-0.129668,0.167870,0.008516,0.303748,-0.152980,-0.086270,-0.118965,0.219272,0.211639,-0.016100,0.065289,0.100919,0.127282,0.024112,-0.074090,0.321291,0.040111,0.028661,-0.145427,-0.019187,#
3,0.092142,0.235368,0.181471,1.000000,0.147148,0.167875,0.036383,0.092458,0.110412,0.116502,0.099798,0.192525,0.215991,-0.262243,0.230797,0.220632,0.190230,-0.074817,0.168661,0.103680,0.034626,0.459885,-0.062030,0.077031,0.253568,0.144569,0.162211,0.120907,0.189529,-0.126356,0.158593,0.305504,0.155116,0.323084,0.282430,0.058665,0.079471,0.128290,-0.032377,0.011267,0.135353,0.140262,0.032702,-0.038916,0.041656,0.387740,0.296586,0.296191,0.301525,0.173125,0.017702,-0.032114,0.282094,0.110670,0.186066,0.040951,-0.171584,0.078299,0.444172,0.022384,0.096761,0.214720,-0.093810,0.105999,0.163645,0.221545,-0.007545,-0.018200,-0.021186,0.347303,0.019824,0.312803,0.289342,0.244990,0.151923,-0.000815,0.015769,-0.001093,0.078365,0.308205,0.078922,-0.035614,0.209830,0.299154,0.095800,0.166629,0.115244,0.144107,0.026379,0.219030,-0.039351,0.160481,0.409202,0.231667,0.245629,0.195759,0.028906,0.026583,-0.067438,0.151976,0.004238,-0.036993,-0.176372,0.097218,0.078232,0.284300,0.219316,0.360069,0.024593,0.177563,0.062860,0.030311,0.105398,0.175159,0.230663,-0.059450,0.243142,0.020226,0.296818,-0.058895,-0.031584,0.121806,0.021694,0.029469,0.060574,-0.118928,0.335476,0.138846,0.178927,0.190581,-0.079093,0.264745,-0.011140,0.437225,0.433291,0.162820,0.357145,-0.098642,0.036364,-0.096690,0.135630,-0.086557,0.004311,0.068880,-0.048356,0.247418,-0.117497,0.167131,0.021025,-0.009554,0.020684,0.027222,0.196301,0.111211,0.150977,0.026797,0.156203,0.081459,-0.137276,0.187172,0.126642,0.116779,0.095357,0.365482,0.073893,0.182411,0.030093,0.053404,0.124684,0.140978,0.113302,0.233824,0.078076,0.136594,-0.178416,0.210269,-0.075052,0.007956,0.263438,-0.018372,-0.126401,0.183278,-0.075204,0.131214,-0.219371,0.020788,-0.005599,0.032058,0.360586,0.215710,-0.127653,0.091132,0.115258,0.089443,-0.042149,0.029515,0.134427,0.023822,0.039387,0.347364,#
4,-0.105428,0.218834,0.107444,0.147148,1.000000,0.062295,0.110135,-0.039407,-0.164225,-0.011041,0.200915,-0.035589,-0.193641,-0.198401,0.091756,0.293581,-0.035841,-0.039555,-0.102761,0.258130,-0.103859,0.264249,0.076781,0.204413,-0.059879,-0.294777,0.150179,0.056033,0.112193,-0.069701,0.451547,-0.071354,0.331458,-0.037899,0.024316,0.066548,-0.159011,-0.040984,0.067530,0.137643,0.027238,0.229377,0.102389,0.184362,0.122660,0.050585,0.294929,-0.152400,0.022716,0.049457,-0.060140,0.134731,0.104381,-0.073097,-0.007336,-0.087366,-0.001307,-0.104062,0.373379,0.139493,-0.050807,0.285807,0.052860,-0.005132,0.212363,0.107084,0.081620,0.047447,-0.111700,0.127303,0.163607,0.228094,0.052746,-0.076105,-0.014300,0.358840,0.137139,-0.054702,0.217481,-0.008726,-0.119632,0.076382,0.205094,-0.074787,0.245037,-0.055660,0.110883,0.004016,0.275131,0.343764,-0.147558,0.119412,0.054882,0.021690,0.174696,0.200573,0.089233,0.102819,-0.090981,0.028102,0.226807,0.121360,-0.101145,0.034302,0.013696,0.070982,0.148731,0.004436,-0.078588,0.109099,0.032941,-0.119942,0.438153,0.397541,0.210723,0.035321,0.042701,0.243752,-0.024347,0.073963,0.283394,0.202086,0.235521,0.041245,0.006848,-0.003838,0.178099,-0.014392,0.327407,0.209854,0.298509,0.330485,-0.077093,0.072087,0.113371,0.214913,0.193943,-0.007120,0.038036,-0.058895,-0.115469,0.378300,-0.107137,0.077321,0.013096,0.245067,0.112339,-0.364367,-0.026293,0.192660,-0.133588,0.381499,-0.017014,0.023500,0.116581,-0.029279,0.099451,0.030729,0.203407,0.056038,-0.209205,0.242139,0.070761,0.262414,-0.050228,0.135181,0.069742,0.272533,-0.054662,0.223787,-0.128706,0.084447,-0.076110,0.086705,0.224597,0.116061,-0.300753,0.090900,0.105898,-0.158689,0.237349,0.217361,0.154212,0.184754,0.261399,-0.039377,-0.121581,0.138045,-0.078362,-0.160854,0.035086,-0.112012,-0.080553,-0.023494,0.249520,-0.236726,0.105940,-0.097224,0.014014,0.125484,#
5,0.125032,0.285885,0.143137,0.167875,0.062295,1.000000,-0.164379,0.152242,0.044076,0.156824,0.017215,-0.040357,0.145294,-0.017002,0.012725,-0.093589,0.100213,-0.039805,0.183543,0.288354,-0.028529,-0.117177,-0.170391,0.049707,0.151354,0.257025,0.164251,0.301038,-0.121286,0.107012,0.058870,0.192590,0.118569,0.248690,0.078214,0.231723,0.000505,-0.178297,0.022599,0.125120,-0.077188,0.106361,-0.158026,0.070606,0.002069,0.066327,0.135346,0.386559,0.154313,0.098649,0.123845,-0.196936,0.160193,0.161880,-0.034053,0.364536,0.080038,0.025104,0.139002,0.140093,-0.300238,-0.128842,-0.024673,0.106908,-0.143723,-0.080063,-0.006603,0.095619,0.079085,0.322125,0.178869,0.103661,0.370951,0.015157,0.064838,-0.081353,-0.032645,0.168158,-0.039163,0.044517,0.151995,0.193530,0.278061,0.068376,-0.055595,0.173345,0.107903,0.020390,0.173339,0.143787,0.125762,-0.094216,0.045226,0.012581,-0.039216,-0.322002,0.123227,0.148332,0.206233,-0.137870,0.263568,0.045614,0.230759,0.052956,0.036177,0.106163,0.092124,0.289121,-0.133329,0.078627,0.087255,0.070810,0.046045,0.002193,0.029103,-0.070618,0.229205,0.221068,0.226437,-0.202673,0.001037,0.282428,0.219998,0.276649,0.049907,0.094367,0.397955,-0.099405,0.257215,-0.092101,0.005727,0.279029,0.284067,0.345764,-0.040632,-0.149461,-0.148367,0.208187,0.033732,-0.150875,0.032170,-0.039859,0.035956,-0.009514,0.411438,-0.021408,-0.134247,0.232630,0.014788,0.324645,0.176778,0.087675,0.126062,0.170563,0.059429,0.039169,0.147600,0.142173,0.104799,0.072508,0.039121,0.265203,0.148089,0.076289,0.010975,0.045166,-0.082309,0.357490,0.133374,-0.117431,0.333263,0.079991,0.080568,0.031096,-0.083392,0.202514,0.050968,0.173402,0.241513,0.068663,0.029582,0.106048,-0.294037,0.079461,-0.176255,-0.023621,-0.248418,0.074501,0.443820,0.241525,0.025045,0.363149,-0.041335,0.332446,0.018912,0.002187,-0.135387,0.105869,0.128342,0.235810,#
6,0.022090,-0.180392,-0.035649,0.036383,0.110135,-0.164379,1.000000,-0.096156,0.149885,0.264264,0.150293,0.042744,0.017818,-0.149337,-0.098823,0.322385,0.098293,0.059099,-0.131990,0.035587,0.030587,0.094897,-0.128568,-0.037567,0.187864,0.102160,-0.034519,0.057132,0.182383,0.070744,0.094628,0.146208,0.271241,0.069642,-0.081796,0.090269,0.213265,0.053251,0.006896,-0.082295,0.179221,0.067566,0.310460,0.239155,0.050920,-0.160308,0.087675,0.215506,0.126289,0.155489,0.045519,0.047458,0.142384,-0.169949,0.035874,-0.179631,0.185140,0.051190,0.161218,-0.298929,0.341968,0.106403,0.162723,-0.085897,0.166453,0.069614,0.051848,0.216004,-0.068164,-0.076761,0.189001,0.330267,0.007187,0.051179,-0.136684,0.334913,0.191860,0.082675,0.239309,-0.016634,0.240947,0.091764,-0.130855,0.307994,0.092276,-0.146507,0.142233,0.168610,0.023047,0.255026,0.008225,0.183595,-0.103930,0.157470,0.103013,0.118188,0.070641,0.150972,0.026829,-0.058985,0.080254,0.292821,0.074428,-0.003004,0.158548,-0.074015,-0.027200,0.093281,0.169095,-0.206039,-0.066612,-0.074486,-0.034574,0.079391,-0.019010,0.118393,-0.182115,-0.024704,-0.114177,0.263093,0.041919,0.063185,-0.094412,0.123427,-0.038610,0.028076,-0.127310,0.034425,0.081461,0.059491,0.131517,0.084437,-0.115809,-0.081221,0.027106,0.041008,0.142078,-0.034498,0.119571,0.272572,-0.105912,0.180404,-0.336275,0.039500,0.123966,0.227237,0.156417,0.112157,0.025044,-0.023825,-0.186633,0.143167,-0.213831,-0.086843,-0.142107,-0.130083,0.144224,-0.348538,-0.032269,0.287556,0.028954,0.126266,-0.252862,0.026718,0.049722,0.140062,0.214220,-0.188074,0.105280,0.098758,0.068003,0.170231,-0.191560,-0.159349,0.061348,0.215807,-0.069613,0.177867,-0.033137,-0.055064,0.094743,0.273864,0.037344,0.152688,0.061886,-0.028842,0.060884,-0.077959,0.154614,0.044170,-0.014086,0.018602,-0.099980,-0.108915,0.049029,0.361048,0.201862,-0.017954,-0.148895,0.082894,#
7,0.116907,-0.081710,0.237311,0.092458,-0.039407,0.152242,-0.096156,1.000000,0.246454,-0.069622,0.129980,-0.056295,0.114525,-0.008089,0.172443,-0.128693,0.064676,0.026927,-0.024787,0.255173,0.225728,-0.093061,0.012669,-0.130059,0.010024,0.324692,0.017252,0.195275,0.143403,0.306551,-0.103757,-0.060834,-0.065752,0.019979,0.141408,0.209529,0.055070,0.116833,0.025821,0.019460,0.005520,0.332951,0.070078,0.097116,-0.021728,0.089846,0.110091,0.188952,0.209257,-0.010149,-0.047055,0.048469,0.294535,0.347290,0.213541,-0.051208,0.110067,-0.089565,0.170338,0.297635,-0.172560,0.067510,0.095918,0.291203,0.078974,0.236951,0.288975,-0.222866,0.115148,-0.071448,0.193672,0.099278,0.226286,0.295244,0.118788,0.118613,0.006065,0.019159,-0.279691,-0.047274,0.337990,-0.020333,0.232762,-0.017652,-0.102373,0.048540,0.230929,0.075498,-0.047973,0.143578,0.093147,0.258826,0.138063,-0.077445,0.098032,0.093278,0.229139,0.283135,0.182027,0.126152,-0.013626,-0.040383,-0.105393,0.014994,0.054197,-0.019452,0.055620,0.248005,0.147770,0.170979,0.385542,0.147000,0.091351,0.085637,0.002213,0.038956,0.010447,0.104281,0.233035,0.019912,0.109120,0.036192,0.036038,0.126450,0.320823,0.167187,0.036131,-0.047466,0.110011,0.062669,0.133703,0.246503,0.251146,0.159134,0.092894,0.160447,-0.025658,0.325012,-0.126709,-0.032657,-0.128135,-0.146173,0.120076,0.222890,0.158997,0.037532,0.061785,-0.004075,0.096395,-0.008904,-0.084083,0.064825,0.162615,-0.138802,-0.047823,0.096157,0.255637,0.118075,0.151766,0.180637,0.060855,-0.028220,0.153707,0.050223,-0.010032,-0.018613,0.258920,0.246933,-0.158034,-0.068335,0.205288,0.060847,0.056009,0.043736,0.034003,-0.163196,0.004707,-0.074769,0.186006,0.078529,-0.056953,0.070358,0.113718,0.154301,-0.183833,0.017128,0.115992,0.020331,0.171256,0.312041,0.169319,0.066970,0.091799,0.103125,0.157067,0.066510,0.000947,0.258168,0.240192,0.170525,#
8,0.121834,0.011207,0.087269,0.110412,-0.164225,0.044076,0.149885,0.246454,1.000000,0.208810,0.077640,0.122246,0.084427,0.144372,0.135693,0.249629,-0.010454,0.286149,-0.133276,0.315421,0.250490,0.120982,-0.104369,0.012336,0.380450,0.166641,0.106554,-0.080746,0.165728,0.071942,0.175900,0.229486,0.105365,-0.012205,-0.012469,0.288997,0.159856,0.150962,-0.079675,0.014118,0.036756,0.044222,0.466456,0.083511,0.000026,0.145635,0.124833,0.213410,0.234577,0.030013,0.262025,0.114851,0.010522,0.299409,-0.028822,0.108507,0.280804,0.013495,0.034892,0.012442,0.133105,0.103326,0.395151,0.203683,0.187372,0.239834,0.130573,0.238218,0.322148,-0.034121,0.170327,0.151797,0.114908,0.093189,0.153046,0.037852,0.054481,0.096646,0.052952,-0.106129,0.305357,0.077002,-0.027967,0.071595,0.216201,0.045554,0.221708,0.375979,0.139653,0.038969,0.232650,0.146812,0.024331,0.147294,0.085615,0.047886,0.161979,0.241281,0.336002,0.380924,0.202402,-0.159129,0.107898,0.263472,-0.034048,0.186374,0.036371,0.110551,-0.050821,0.223648,0.033027,0.060328,0.113220,-0.030441,-0.080017,0.187816,-0.000239,0.083886,0.258536,0.194242,-0.012627,0.187138,0.075653,0.185187,0.114063,0.179016,-0.075376,0.000000,0.245872,0.183415,-0.071618,0.293159,0.214537,0.058175,0.027558,0.111747,0.146827,0.024462,0.179310,0.119885,-0.036914,-0.075436,0.105509,-0.089196,0.126003,-0.024849,-0.133053,0.255995,0.200278,0.178985,-0.055788,0.179793,-0.070794,0.222586,0.027884,0.044008,0.094575,0.182469,0.203349,0.151528,0.011955,-0.090039,0.267806,0.079282,-0.131377,0.199571,0.110856,0.197499,0.082682,-0.137632,0.137327,0.255384,-0.069122,0.087171,0.081443,0.074164,0.261725,0.000220,0.140144,0.044277,-0.060201,0.097233,0.117407,0.113663,0.093757,-0.104413,0.406580,0.198860,0.119464,0.344837,0.215058,0.321071,0.260861,0.150597,0.014753,-0.125633,-0.203778,0.064304,0.122744,0.349961,#
9,0.008004,0.022625,0.218788,0.116502,-0.011041,0.156824,0.264264,-0.069622,0.208810,1.000000,0.055056,0.177248,0.286386,0.035407,0.216649,0.401286,0.136904,0.150626,-0.013702,0.072920,0.030818,-0.040066,-0.204120,0.152365,0.170226,-0.117068,-0.028012,0.243532,0.110109,-0.023327,0.060160,0.421025,0.160991,0.043103,-0.016532,0.174971,0.242837,0.121195,0.068557,0.040030,0.065279,0.002165,0.042384,0.012725,0.187047,0.038370,0.121367,0.187669,0.126460,0.143861,0.236384,-0.177860,0.034374,0.139191,0.107753,0.028809,0.280205,0.383838,-0.056040,-0.050968,0.210297,0.134181,0.151205,-0.080482,-0.205287,0.143646,0.097881,0.191254,0.282545,0.165274,0.130278,0.045671,0.178138,0.128211,-0.041485,0.015409,0.485082,0.125380,0.143315,0.325852,0.073679,0.213598,0.198073,0.407033,0.114827,0.109886,0.251204,0.579302,0.130048,0.032406,0.196396,0.112679,0.027825,-0.002961,0.190331,-0.164866,0.110338,0.094863,0.153396,0.156657,0.355869,0.264227,0.346474,0.189262,0.101257,0.172207,-0.058053,0.330314,0.251686,0.271198,0.143103,-0.007146,0.091086,0.158564,0.073606,0.171639,-0.053775,-0.085626,0.075724,0.212229,-0.056046,0.284170,0.036323,0.200569,0.236209,0.287181,0.049315,0.154028,0.357399,0.140070,0.153953,0.144315,0.084213,0.073457,0.116471,-0.119057,0.211317,-0.044654,0.073133,-0.078475,0.324960,-0.032738,0.068864,0.266188,0.113698,0.468279,0.047302,0.147765,0.288103,0.235105,-0.038586,0.014563,0.122086,0.230881,0.182514,0.114008,-0.021985,0.026837,0.093342,0.149253,0.227325,0.312954,0.236087,-0.006018,0.120444,0.436291,-0.025334,0.054148,0.347895,0.081617,0.160607,0.149308,-0.029739,-0.208021,0.011369,0.196221,0.306506,0.241092,-0.038702,0.015852,0.223446,0.227604,0.138039,0.052228,0.023887,-0.121408,-0.001132,0.181573,0.233035,-0.086564,0.057336,0.196762,-0.048169,-0.016257,-0.192406,0.062865,0.345455,0.042551,-0.028531,0.104329,#
10,0.043414,0.079007,0.131167,0.099798,0.200915,0.017215,0.150293,0.129980,0.077640,0.055056,1.000000,0.149441,0.105796,-0.094084,0.051722,0.080544,0.301467,-0.020777,-0.003000,0.204522,0.117536,-0.056387,0.069812,0.341761,0.024830,0.152296,0.145045,0.167025,0.051141,0.119907,0.167047,0.088191,0.202010,0.154687,0.224043,0.074946,0.191149,0.112776,0.030155,0.066849,0.201665,0.040117,0.178046,-0.112016,0.154996,0.147466,0.325071,0.081539,0.104677,0.399120,0.179072,0.311889,0.057255,-0.081625,0.127316,0.372022,0.125312,0.252925,-0.058545,0.128471,0.198695,0.163948,0.255715,0.133764,0.099744,0.001498,0.372572,0.038454,0.302506,0.079731,0.529365,0.182259,0.347138,-0.058856,0.171456,0.319450,-0.036746,0.139782,-0.019516,0.029346,0.271379,0.012250,0.003568,-0.128446,0.101460,0.001466,0.097681,-0.087337,0.015567,0.395755,0.033768,0.291816,0.230904,-0.222671,0.010806,0.067420,-0.003660,0.367400,-0.083307,0.067780,-0.053065,0.038114,0.013487,0.180212,0.181792,0.097933,0.242564,-0.097769,0.001597,-0.029587,-0.019619,0.067200,0.355732,0.174877,0.029403,0.192034,0.076864,0.218496,0.103877,0.021461,0.002846,0.092030,0.106538,0.258617,0.107988,0.062201,-0.000102,0.076080,0.324935,0.232150,0.009364,0.125858,-0.033887,0.190130,0.151955,0.421320,0.032844,0.050966,0.201794,0.256731,0.083553,0.127568,-0.155224,-0.013505,-0.030549,0.248781,0.366074,0.186757,0.193809,0.198902,-0.193451,-0.052897,-0.032709,0.147104,0.266914,-0.046659,0.267868,0.169059,-0.056889,-0.039975,0.110047,-0.051437,0.059209,0.206081,0.078137,0.047235,0.017986,0.067910,0.165832,0.312805,-0.061783,0.223972,-0.153471,-0.004056,0.295661,0.125735,-0.054087,-0.066901,-0.018836,-0.019189,-0.133201,0.072137,0.013805,0.127484,-0.231428,0.157076,0.247498,0.113176,-0.106318,0.048395,0.126368,-0.041094,0.077500,0.251532,0.116461,0.079904,0.166720,-0.083726,-0.006087,0.160212,#
11,0.259500,0.187087,0.085156,0.192525,-0.035589,-0.040357,0.042744,-0.056295,0.122246,0.177248,0.149441,1.000000,0.118981,0.026136,0.364588,0.194422,0.206337,0.254350,0.303748,0.165756,0.021251,0.005249,0.243517,0.206712,0.251256,0.071619,0.050788,-0.023346,0.248084,-0.006547,0.195162,0.328551,0.191637,0.181318,0.097066,0.243381,0.246339,0.296840,0.136165,-0.020219,0.285436,-0.062754,0.161066,0.062291,0.107028,-0.159621,0.239131,0.338726,0.133806,0.259319,-0.034360,0.171767,0.348246,0.039446,0.125271,0.097877,0.092262,0.397710,0.051273,0.140533,0.042233,0.051962,0.294704,0.099074,0.034689,0.179862,0.090314,0.054907,0.226968,0.075102,0.142663,-0.110478,0.076834,0.195555,0.418760,0.217115,0.196867,0.104817,-0.169039,-0.058421,-0.102933,0.169669,0.202997,0.102106,0.359440,0.136405,0.045664,0.067730,-0.077148,-0.086128,0.219068,0.189883,0.137195,0.113168,-0.028626,0.107898,-0.142577,0.250713,-0.018075,0.335559,-0.002865,0.149769,0.281148,0.106944,0.150794,-0.000373,0.173798,0.260944,0.220364,0.002949,0.114987,0.220141,0.136545,-0.145139,0.083881,0.036812,0.187348,-0.070800,0.195911,0.223171,-0.054498,0.155274,0.130097,0.193835,0.126816,0.134225,0.292555,0.234776,0.164675,0.291874,0.054709,0.144083,0.216730,0.112267,0.037226,0.020587,0.217298,0.197390,0.218779,0.231046,-0.144177,0.059153,0.107730,0.221897,0.173882,0.287986,0.018455,0.220404,0.201055,0.070033,-0.012162,-0.081414,0.042810,0.465156,0.250262,0.021660,0.193999,-0.059154,-0.160985,0.115088,0.440197,0.237375,0.315555,0.133759,-0.039976,0.371013,0.355372,0.142027,0.163210,0.363820,0.260495,-0.003000,0.284424,0.293048,0.199553,0.054327,0.341998,0.070181,0.105650,0.142822,0.063933,-0.035878,0.256278,0.089775,0.049506,-0.033874,0.291705,0.219831,-0.058091,0.008783,0.187319,0.184122,0.070184,0.151021,0.057143,-0.096603,0.077321,-0.005028,0.061794,0.075199,#
12,0.192689,0.106601,-0.056748,0.215991,-0.193641,0.145294,0.017818,0.114525,0.084427,0.286386,0.105796,0.118981,1.000000,0.093764,0.235668,0.160270,-0.016555,0.012441,0.236619,0.042073,0.187846,-0.158426,0.102119,0.297400,0.094813,0.350384,0.036179,0.204210,-0.003531,0.122378,-0.005278,0.235131,-0.039327,0.291552,0.284715,0.026733,0.155073,0.232382,0.076105,-0.045941,-0.070215,0.001252,0.105095,-0.096001,0.364295,0.215772,0.192681,0.156349,0.222406,0.055752,0.386363,-0.184579,0.020080,0.063187,0.043058,0.216079,0.264676,0.051787,0.105293,0.091922,0.209280,0.106033,0.229453,0.028271,0.093621,0.197018,-0.007728,0.174147,0.357070,0.165777,0.131659,0.101767,0.210768,-0.010323,0.049338,0.083137,0.070056,0.016326,0.055261,0.088913,0.190558,0.127994,-0.083333,0.111066,-0.149005,0.079498,-0.102323,0.165875,-0.198158,-0.186612,0.231299,0.069813,0.195366,0.160830,0.081919,0.070939,0.062115,-0.092762,-0.126908,0.122514,-0.128395,0.235271,0.074459,0.212072,-0.092993,-0.024807,0.058619,0.228357,0.209386,0.196723,0.076268,0.106035,0.156409,-0.147716,0.171565,0.228725,-0.104107,0.068249,0.138800,0.190420,-0.034075,0.391689,0.037746,0.146442,0.247568,0.175229,0.363643,0.070068,0.080968,-0.027237,-0.230231,0.005901,-0.015237,0.170465,-0.071654,-0.065660,0.021143,0.195478,-0.011708,0.033168,0.009610,-0.223165,-0.025593,0.219557,-0.148951,0.334947,0.069356,0.020182,0.114113,0.020022,0.172264,-0.293405,0.279774,0.018266,0.300777,0.209145,0.052508,0.150660,0.186197,-0.040499,0.027563,0.229923,0.094948,0.118219,0.256482,0.032064,-0.008378,0.330115,0.099163,0.213886,0.150382,0.017289,0.023159,0.032038,0.099055,0.067932,0.260027,0.045896,-0.120830,-0.014222,0.000942,0.177753,0.035517,-0.151973,-0.111272,-0.033943,-0.071898,0.165687,0.268948,0.191406,-0.064248,0.190528,-0.056195,-0.052082,-0.043656,0.089634,-0.053313,0.143957,0.303012,0.086303,#
13,-0.274756,0.109161,-0.078189,-0.262243,-0.198401,-0.017002,-0.149337,-0.008089,0.144372,0.035407,-0.094084,0.026136,0.093764,1.000000,0.119355,-0.133086,-0.239436,0.270582,-0.015108,0.104687,-0.174610,-0.091487,-0.061647,-0.147328,0.115064,0.074308,-0.081980,-0.170496,0.026570,0.250163,-0.063343,-0.070112,0.090066,0.063330,-0.251159,0.040928,-0.160837,0.084023,-0.073801,0.043770,0.034564,0.012087,0.054897,-0.172671,-0.107211,0.120896,-0.042948,0.060671,0.067289,0.213989,0.012856,-0.108185,-0.010326,-0.133373,0.108422,0.152542,0.184951,0.150788,-0.121276,0.042942,-0.143718,-0.122443,0.011135,-0.076618,0.230043,-0.001107,0.003053,0.227818,0.342306,0.004412,-0.154727,-0.061127,0.126014,-0.156979,0.068256,-0.044791,0.025352,0.187959,0.249248,-0.111158,-0.104121,0.075134,-0.035877,0.171009,-0.025513,0.171872,-0.056423,0.121566,0.014191,-0.108984,-0.026595,-0.071362,-0.028027,0.004199,-0.085377,-0.126668,-0.104143,0.028786,0.079111,0.037162,0.045303,0.009017,0.249849,-0.153523,-0.024530,0.131515,0.030646,-0.006100,-0.103536,-0.017707,-0.003313,-0.064909,0.042402,0.068974,0.079472,-0.123351,-0.189135,-0.117611,0.336855,-0.086976,0.039880,-0.083761,0.129532,-0.367707,-0.103280,0.157652,0.146390,0.070152,0.100362,-0.066326,-0.006239,-0.179873,0.042091,0.053003,-0.098082,-0.158771,-0.146108,0.119937,0.242288,0.034994,0.134155,-0.039269,0.103939,-0.218543,-0.242368,0.050291,0.020816,-0.070776,0.043313,-0.296127,0.188344,0.113773,0.014577,-0.095286,0.151399,-0.049508,0.078802,-0.199037,0.010639,-0.193542,-0.059231,-0.067817,0.166030,-0.000829,0.111508,0.002058,0.042892,-0.033959,0.035132,-0.038134,0.002182,-0.099169,0.104350,0.148530,0.080190,0.134245,0.080006,-0.079253,-0.110331,0.124869,-0.142047,-0.026833,0.242366,-0.108394,0.015877,0.026205,-0.075003,0.034737,-0.169405,-0.063579,0.192844,-0.003907,0.155498,0.061001,-0.009626,0.008961,-0.109848,-0.001643,0.017758,-0.221204,#
14,0.382708,0.208623,0.272361,0.230797,0.091756,0.012725,-0.098823,0.172443,0.135693,0.216649,0.051722,0.364588,0.235668,0.119355,1.000000,0.102893,0.051643,0.192778,-0.046109,0.317077,-0.028494,0.071765,0.190600,0.325744,0.209501,0.089107,0.194240,-0.028867,0.168848,0.106234,0.296238,-0.015332,-0.053778,-0.182584,0.302185,0.278616,-0.091078,0.171780,0.183242,0.020042,0.149784,0.010825,0.074868,0.045851,0.120937,0.199581,0.178425,0.206145,0.129650,0.072004,-0.073642,0.191526,0.246187,0.238243,0.197970,-0.003782,-0.058421,0.078820,0.053676,0.007233,0.041229,0.230026,0.229052,0.200208,-0.034341,0.195595,0.067065,0.047203,0.227653,0.073692,0.045778,-0.130461,0.320338,0.370667,0.174639,-0.007438,0.105809,0.239732,0.016698,0.184060,0.082950,0.016601,0.246545,0.110464,0.155445,0.109560,-0.033061,0.103435,-0.019682,-0.237819,0.113760,0.108155,0.262001,0.284002,0.243262,0.157197,-0.117545,0.188128,-0.024599,0.282932,0.229939,0.148114,0.164831,0.039146,0.035119,0.058006,0.026390,0.176705,0.160459,0.300638,0.119529,0.167721,0.175626,0.121639,-0.067838,0.126294,0.091959,-0.291653,0.353463,0.019353,0.172246,0.283741,0.110734,0.082689,0.194083,0.134095,0.326859,0.163915,0.085630,0.076609,0.068412,0.390175,0.105653,0.030985,0.017181,0.113403,0.328454,0.223824,0.151463,-0.037546,0.053148,0.022345,-0.100085,0.221010,-0.012433,0.324775,0.034822,-0.059775,0.095266,0.072064,0.177554,0.111528,0.187545,0.368487,0.231830,0.161205,0.037763,0.015783,-0.102431,-0.006651,0.100059,0.164632,0.142144,-0.033778,0.241058,0.340889,0.122072,0.043213,0.132080,0.254398,0.063092,-0.012858,0.117002,0.032139,0.425801,0.099264,0.132626,-0.125413,0.141998,-0.002449,-0.001917,0.079819,0.061377,0.090289,0.145914,-0.035009,0.043494,0.202566,0.165444,-0.008320,0.191168,0.123634,0.160733,0.166328,-0.101622,-0.163338,0.063333,0.038305,0.090518,-0.050023,#
15,-0.042461,0.027603,-0.068762,0.220632,0.293581,-0.093589,0.322385,-0.128693,0.249629,0.401286,0.080544,0.194422,0.160270,-0.133086,0.102893,1.000000,0.039686,0.169807,0.020863,0.059990,-0.000218,0.307099,0.128292,0.112257,0.202435,-0.107474,-0.130953,0.010556,0.269635,-0.068721,0.303374,0.200980,0.306829,0.299376,-0.152733,0.224503,0.056956,0.322255,-0.104868,-0.189788,-0.068966,-0.150389,0.200703,0.189826,0.166383,0.086494,0.078608,-0.057846,0.182766,0.190114,0.101368,0.133483,-0.143141,0.095653,0.011029,-0.046511,0.117391,0.027204,0.163270,-0.050149,0.123942,0.278494,0.167911,0.051940,0.061167,0.193925,0.054540,0.226920,0.083022,0.029974,0.127290,0.105921,-0.103034,0.077139,0.141727,0.266137,0.200443,0.003339,0.172224,-0.027912,-0.018796,-0.057443,-0.003584,0.116954,0.230220,-0.141251,-0.107847,0.146581,0.085434,-0.027457,-0.050768,0.223642,0.239853,0.291814,0.033998,0.176925,0.025504,0.155544,0.151657,0.234557,0.032290,0.196120,0.161596,0.194861,0.090038,-0.041789,-0.141412,0.171108,0.023931,0.223021,-0.006317,-0.079625,0.186845,0.160699,0.124492,-0.119472,-0.105806,-0.014923,0.056599,0.441438,-0.060603,0.256658,0.119267,0.220863,0.108508,0.084879,0.094602,-0.100174,0.181355,0.222946,0.198958,0.104250,-0.012458,-0.048312,0.127726,0.171502,0.319736,-0.008038,-0.125552,0.056606,-0.027673,0.162659,-0.082605,0.144939,0.146358,0.331053,-0.155527,0.190396,0.051081,0.106557,0.054165,0.218317,-0.036133,0.210927,0.086991,-0.024008,0.172264,-0.032394,0.136490,0.180106,-0.022024,0.120137,0.175764,0.231111,-0.052655,0.050378,0.083068,-0.031969,0.099820,0.161939,-0.018769,0.025356,-0.207428,0.123000,0.035200,0.360695,0.117550,0.078507,0.060766,0.158017,0.163690,0.180611,0.109015,0.213613,0.191654,-0.239828,-0.021984,0.066552,-0.070425,0.026385,-0.028018,0.230392,0.046974,-0.150038,-0.143411,-0.063950,0.119112,-0.225176,0.147305,0.201123,#
16,0.055906,0.042669,0.233634,0.190230,-0.035841,0.100213,0.098293,0.064676,-0.010454,0.136904,0.301467,0.206337,-0.016555,-0.239436,0.051643,0.039686,1.000000,0.003208,0.244925,0.236068,0.489538,-0.070390,-0.132686,0.176574,0.310273,0.062253,0.116382,0.025719,-0.052575,0.073419,0.004438,0.200326,0.098123,0.074994,0.052641,0.170026,0.357153,0.229084,0.048108,0.036368,0.137732,0.027747,0.059715,0.126186,0.127200,0.038762,0.204283,0.181742,0.098841,0.197726,-0.171834,0.161252,0.181852,-0.047720,0.086040,0.074424,-0.195455,0.072625,-0.056441,-0.155481,0.299539,0.204808,0.147423,-0.117357,-0.151248,0.024646,0.304730,-0.103445,-0.000096,0.033798,0.183107,-0.025624,0.062961,-0.094419,0.049247,-0.030707,-0.087281,0.071062,-0.202840,0.106016,0.352464,0.227170,0.228557,0.161056,0.094024,0.121022,0.083463,-0.054914,0.030088,0.279727,-0.091275,0.120537,0.218725,-0.213003,0.160219,0.136753,0.100841,0.361852,0.234713,0.136309,0.159589,0.172615,-0.073045,0.266249,-0.028604,0.111779,0.291004,0.064319,0.209437,0.106575,0.050031,0.085272,0.052838,-0.029629,0.232854,0.254125,0.264342,0.168746,0.052366,-0.208436,0.125376,-0.088058,0.133794,0.157895,0.169255,-0.105208,-0.050053,-0.175298,0.276493,0.104969,0.235757,0.187139,-0.013744,0.018226,0.129255,0.296823,0.155839,0.003678,-0.036332,-0.049423,0.006960,0.042198,0.186634,-0.047926,-0.063361,0.201120,0.349210,0.268707,0.142926,0.020833,-0.183710,0.058351,-0.174766,0.152565,0.369411,-0.106690,0.120099,-0.002900,-0.046149,-0.015991,0.176973,-0.010637,0.094532,-0.015232,0.212887,0.082593,0.121824,0.000018,-0.010726,0.093717,-0.020871,0.136774,0.211391,0.149311,-0.008384,0.237851,0.077855,0.410927,0.186560,0.176998,-0.029219,-0.143793,-0.032861,0.204135,-0.339258,-0.063912,0.185528,0.098743,0.218311,0.118833,0.013513,0.058732,0.252325,0.071110,0.260559,0.175716,0.239744,0.212072,-0.076135,0.238328,#
17,0.180587,-0.095638,0.064091,-0.074817,-0.039555,-0.039805,0.059099,0.026927,0.286149,0.150626,-0.020777,0.254350,0.012441,0.270582,0.192778,0.169807,0.003208,1.000000,0.184621,0.134552,0.055023,0.072333,0.115320,-0.290343,0.207913,0.229326,-0.040777,0.028375,0.227801,0.192328,-0.044851,0.199828,0.231225,-0.029024,-0.198931,0.154679,0.055295,0.122396,-0.064032,0.230593,0.051262,0.067129,0.133258,0.075112,0.100356,0.087690,0.056686,0.294950,-0.027146,0.081592,0.108319,-0.093865,0.087266,0.102640,0.094245,-0.147335,0.154871,0.072857,-0.143103,0.097630,-0.063718,0.082095,0.342433,0.010272,0.109328,0.072827,0.271698,0.144185,-0.085485,0.058371,-0.055718,-0.126338,-0.122226,0.080713,0.372583,-0.214647,0.193822,0.155165,0.242280,0.023399,0.045756,0.100181,0.130767,0.159782,0.039296,0.059539,-0.089472,0.315103,0.110704,-0.114727,-0.003597,-0.051347,0.168604,0.222222,0.280211,0.169074,-0.018106,0.186157,0.319256,-0.012465,0.111369,-0.003466,0.133154,-0.017587,-0.161463,0.237353,-0.221562,0.006628,-0.060955,0.359887,0.232590,-0.120207,0.279993,-0.112887,0.247937,-0.000120,-0.179976,-0.125948,0.289355,0.295955,0.097119,0.263416,0.351086,-0.145569,-0.158475,-0.262370,-0.033916,-0.091259,0.258141,-0.163315,0.061101,0.204444,0.255450,-0.055789,0.127701,0.117910,0.236083,0.162964,-0.003930,0.311700,0.085063,0.049281,0.099112,0.087365,0.240053,0.053425,-0.068272,0.034981,0.280840,0.060991,-0.083543,0.050736,-0.010625,0.283486,0.042113,0.039825,0.106401,-0.078122,0.040744,0.119086,0.098386,0.175148,0.186744,-0.164302,-0.051046,-0.008029,0.120243,-0.140008,0.146319,0.056936,-0.026781,0.027615,0.227405,0.082271,0.241086,-0.026919,0.082115,0.150093,0.099976,0.339693,0.061859,0.050302,0.054185,0.363273,0.064163,-0.178840,0.070057,0.303042,-0.216192,0.133892,0.372903,0.212699,0.075096,0.195688,-0.050337,0.045873,-0.111408,-0.033064,0.240383,-0.189315,#
18,0.062865,-0.010098,-0.029605,0.168661,-0.102761,0.183543,-0.131990,-0.024787,-0.133276,-0.013702,-0.003000,0.303748,0.236619,-0.015108,-0.046109,0.020863,0.244925,0.184621,1.000000,0.007862,-0.152638,0.103048,0.104427,-0.121431,0.057100,0.285015,0.131443,0.000618,-0.062396,0.236549,-0.311270,0.289788,0.140182,0.195409,0.080237,0.172787,0.131046,0.169891,0.015742,0.166995,-0.076965,0.154391,0.082842,-0.137974,0.122854,0.028484,0.013580,0.146209,0.154178,0.070357,-0.081820,-0.132771,0.106570,-0.206447,0.019202,0.120494,0.019160,-0.198613,-0.035569,0.217855,0.039908,0.032702,0.096824,-0.033622,0.027631,-0.167107,-0.002195,-0.196499,-0.176085,0.030639,-0.032876,-0.114912,0.065272,-0.141006,0.407826,0.001136,0.127678,-0.162707,-0.355649,0.022639,0.038428,0.063558,0.117780,0.038346,0.166674,0.211365,-0.162497,-0.017500,0.096121,-0.151104,0.125244,-0.091707,0.193215,-0.078064,-0.104467,0.066767,0.129434,0.201498,-0.030550,0.087681,-0.071213,-0.059238,0.075871,0.097423,-0.131814,-0.014131,0.107257,0.134366,0.040762,0.238666,0.255689,-0.127909,0.107902,0.066527,0.008518,0.043280,0.096303,0.169056,0.245010,0.099190,0.170071,0.102905,-0.003417,0.113944,0.253666,-0.149693,0.330499,-0.048376,0.258072,-0.009277,-0.043940,0.195229,0.207165,0.091028,0.013479,-0.020752,0.255251,0.044232,-0.160706,0.081116,-0.027302,-0.014116,0.080223,0.188748,0.038226,0.045630,-0.050542,0.169382,0.299463,-0.193671,0.095563,-0.254861,0.170344,0.044745,0.272374,0.173350,0.169628,0.161702,-0.132733,0.016486,0.246874,0.223531,0.447795,0.022006,-0.160065,-0.114496,0.291934,0.046325,-0.035615,0.061315,-0.063926,-0.075474,0.209882,0.322228,-0.020237,0.087858,0.040331,0.117511,0.131202,0.113398,-0.003021,0.170729,0.102488,0.029216,-0.123268,0.171240,0.152612,0.042569,0.041717,0.195668,0.060163,0.246331,-0.035397,0.239190,-0.038739,-0.039119,-0.038398,0.289594,-0.049498,0.039182,#
19,0.145814,0.340973,0.347594,0.103680,0.258130,0.288354,0.035587,0.255173,0.315421,0.072920,0.204522,0.165756,0.042073,0.104687,0.317077,0.059990,0.236068,0.134552,0.007862,1.000000,0.247292,0.018396,0.017480,0.248399,0.327419,0.182760,-0.022868,-0.066430,0.075705,0.237342,0.256799,0.262794,0.381479,0.034538,0.129378,0.366934,0.040186,0.177267,0.010150,0.087929,0.253058,0.259382,0.250651,0.191120,-0.013600,0.318738,0.349185,0.236718,0.170348,0.278642,-0.018255,0.149587,0.296127,0.127659,0.208091,0.081258,0.242414,0.052200,-0.056033,0.000855,0.011354,-0.012311,0.423039,0.091048,0.115111,0.277194,0.265716,0.059705,0.201786,0.054955,0.146982,0.160824,0.325057,0.045278,0.115734,0.274795,-0.037928,0.102442,0.127772,0.007728,0.246270,0.027053,0.404438,-0.054626,0.132822,0.019293,0.071168,0.161983,0.309849,0.163506,0.063786,0.219886,-0.024603,0.299609,0.128510,0.034084,0.244303,0.429152,0.233131,0.181073,0.087398,0.072771,0.072630,0.092315,0.073718,0.064783,0.294648,-0.004678,0.058255,0.026259,0.316833,0.006042,0.140338,0.149609,0.185436,0.320680,0.194446,0.138168,0.338439,-0.092148,0.425244,0.193028,0.145133,0.337711,0.254078,0.169002,0.149586,0.118416,0.409085,0.344527,0.060516,0.429002,0.255449,0.223772,0.162370,0.323303,0.019922,0.233484,0.171523,-0.004225,0.093305,0.237470,0.035552,-0.016558,0.090763,0.130717,-0.176845,0.163658,0.216467,0.275952,0.063705,0.037506,0.118361,0.351156,0.371839,-0.020599,0.215103,0.076000,0.167516,0.226734,-0.096971,0.330736,0.194375,0.159156,-0.053510,0.159634,0.250264,0.429431,0.102111,-0.034764,-0.111600,0.085590,0.146103,0.334316,0.233385,-0.014126,0.206580,0.170706,0.123647,0.099745,-0.049247,0.296863,0.193171,0.199164,-0.067509,-0.013863,-0.029287,0.113508,0.125238,0.202214,0.271148,0.242796,0.111752,0.248522,0.325594,-0.080898,-0.014206,0.073412,0.026695,0.168205,#
20,0.046634,0.153452,0.040090,0.034626,-0.103859,-0.028529,0.030587,0.225728,0.250490,0.030818,0.117536,0.021251,0.187846,-0.174610,-0.028494,-0.000218,0.489538,0.055023,-0.152638,0.247292,1.000000,-0.063831,-0.036765,0.295106,0.209316,0.145989,0.022334,-0.042325,-0.074834,-0.180157,0.154978,0.218292,0.005585,0.205078,0.118272,-0.057029,0.291514,0.145849,0.256319,-0.022680,0.136774,0.157902,0.089102,0.166214,0.006826,-0.006860,0.198095,0.047466,-0.023629,-0.101413,0.103168,0.279136,0.010102,-0.060283,0.132953,-0.089647,-0.161691,0.042839,-0.076132,-0.057168,0.153767,-0.007395,0.222685,-0.067534,-0.012897,0.149955,0.197058,0.013380,0.084687,-0.067311,-0.015055,0.023158,-0.041779,-0.011226,-0.065541,-0.045314,-0.138397,-0.001811,0.091587,0.198926,0.350574,0.177905,-0.024341,0.213878,-0.175086,-0.039001,0.105938,0.161011,0.074698,0.231590,0.117847,0.023925,0.229700,0.108582,-0.021371,0.138442,0.035379,0.107115,0.217844,0.210645,0.171652,0.117502,-0.157649,0.146554,0.071149,0.026393,0.289472,-0.097066,0.186121,0.061025,0.079613,0.078932,-0.111237,-0.151072,0.424955,0.222933,0.153228,0.130065,0.081897,-0.051632,0.220167,0.114762,0.070362,0.078224,0.004436,0.079741,-0.210668,-0.050132,0.099801,0.152976,0.171163,0.047031,0.225905,-0.002607,-0.000416,0.214778,-0.012817,0.157997,0.062667,0.042547,-0.060466,-0.193615,0.259013,0.050510,0.057710,0.021957,0.127356,0.186233,-0.140366,0.218526,-0.046698,0.157526,-0.161298,0.063063,0.104411,-0.105020,-0.025614,0.190621,0.193929,-0.105990,-0.028371,-0.031946,-0.041660,-0.054915,0.221527,0.032948,-0.099196,0.210202,-0.197414,-0.066462,-0.019781,0.062995,0.077629,0.130385,-0.027627,-0.112430,0.159192,0.228699,-0.035933,0.043077,-0.014627,-0.148317,-0.010262,-0.054479,-0.182481,0.023448,0.172928,0.048406,0.146530,0.180894,-0.020557,0.128561,0.386777,-0.041668,0.282083,-0.008264,0.070862,0.225394,0.187801,0.212315,#
