0,1.000000,-0.079726,0.191045,-0.040975,-0.236338,0.035058,0.002989,0.064406,-0.007099,-0.172105,-0.030739,0.048255,0.195081,-0.308095,0.212841,-0.115115,0.040814,0.136777,0.053372,0.023978,-0.030102,-0.129709,0.017804,0.033794,-0.054888,0.031123,-0.010813,0.057131,-0.330447,0.097538,0.025173,-0.076939,-0.188419,-0.233845,0.206698,0.006143,0.085401,-0.062075,-0.006258,-0.030986,-0.019927,-0.163344,0.191844,0.010894,-0.062227,-0.028238,-0.031904,0.152042,-0.134101,-0.069122,-0.208226,-0.107553,0.123526,0.176293,-0.152666,0.045326,-0.125136,-0.233611,-0.184196,-0.156990,0.219462,-0.248110,0.014927,0.133231,-0.221905,0.226875,-0.077463,0.228795,-0.176513,-0.089971,-0.066636,-0.124942,-0.091039,0.013379,0.028548,-0.168031,-0.056456,-0.171395,-0.142515,-0.149412,0.141052,-0.026652,-0.300865,-0.165830,0.031905,0.399760,-0.010897,-0.072856,-0.336771,-0.256611,-0.011542,0.080143,0.097830,0.130260,0.235165,0.132874,-0.222930,-0.113536,-0.042358,-0.083972,-0.087207,-0.082033,-0.221617,-0.134485,0.010205,-0.176929,-0.131560,0.023849,0.170924,-0.029701,0.071872,-0.192104,-0.020328,-0.100021,0.030877,0.023440,-0.276111,-0.234518,-0.036510,0.023648,0.036169,0.436303,-0.016691,-0.009349,-0.056095,0.077106,-0.019480,-0.052802,-0.233312,-0.078839,-0.358496,0.033420,0.072272,-0.100243,-0.039359,-0.243213,0.008632,0.016033,-0.057034,0.194929,-0.181555,-0.039617,-0.079392,0.274643,0.222517,-0.099667,-0.145203,0.068464,0.053546,-0.018595,0.051054,-0.306303,-0.029396,0.058548,-0.125788,0.000668,-0.239225,-0.038511,0.180780,-0.006584,0.128498,0.123696,-0.228647,-0.188084,-0.241198,0.196290,0.021479,-0.058245,0.115141,0.011438,0.032015,-0.112817,0.040994,0.055342,0.246624,-0.137524,0.099253,-0.073662,-0.128850,0.014446,-0.157656,0.136956,-0.182170,0.156219,-0.044544,-0.072416,0.266425,0.222927,0.094703,0.181645,-0.148232,0.096233,0.146397,-0.062418,-0.218059,-0.150007,-0.130186,0.063009,0.146998,-0.028677,#
1,-0.079726,1.000000,-0.393433,0.112707,0.102453,0.097962,-0.132400,-0.134946,-0.070821,-0.128196,0.036507,0.066423,0.284553,0.229381,0.172950,-0.076142,0.029161,-0.125396,-0.097176,0.210734,0.161128,0.119712,0.337249,0.305555,-0.077415,0.112409,0.185624,-0.172803,-0.237844,-0.297987,0.089626,0.134422,-0.015572,0.061857,0.258408,-0.062094,-0.137096,0.084375,0.069730,0.147119,-0.087128,0.108361,-0.125126,0.028283,-0.155745,0.201271,0.132522,0.013213,0.244751,-0.022453,0.143035,0.270547,0.085612,-0.299087,0.046400,0.185098,-0.057689,0.186061,0.167928,0.083022,-0.092093,0.032691,-0.229520,-0.280267,-0.051174,-0.098107,-0.018554,0.313122,0.168838,0.196079,-0.084787,-0.013372,0.335081,-0.163382,-0.056014,0.145366,-0.095280,0.023033,0.060221,-0.003753,0.105009,0.146742,0.262085,0.162645,-0.142854,-0.018825,-0.068101,-0.124999,0.019077,-0.040913,0.027607,-0.112656,-0.012978,0.051031,-0.279237,-0.024150,0.134855,0.028127,-0.302488,0.131523,-0.144036,0.318286,-0.018631,0.161877,0.002375,-0.155820,-0.053378,0.161530,-0.072536,-0.254690,0.097399,0.007763,-0.118535,0.077118,0.119363,0.108095,0.332579,0.199012,0.079808,-0.085247,0.398290,0.192125,0.046545,0.001538,-0.149160,0.030579,0.193231,0.273472,0.152062,0.136057,-0.093195,-0.212535,-0.085213,0.110215,-0.044805,-0.099215,-0.053948,0.003752,0.258828,-0.140097,-0.081513,-0.181097,0.006826,-0.175664,-0.129403,0.088152,0.090836,-0.084536,0.046922,-0.021589,0.162301,0.145968,-0.042759,-0.014325,0.272930,-0.102072,0.088626,0.189158,0.015780,-0.150352,-0.084107,0.176263,0.004000,0.004952,0.251599,-0.019386,-0.206050,0.230185,-0.030093,0.255214,-0.124702,0.044764,0.017240,0.175679,0.159290,-0.015091,0.122625,-0.052546,-0.017541,-0.049850,-0.035417,-0.165256,0.002470,-0.329298,0.024674,0.152079,-0.025532,-0.274663,0.001283,-0.018041,0.173632,-0.140618,-0.060365,0.061805,0.240429,-0.096015,-0.011529,-0.013160,0.070216,0.052809,#
2,0.191045,-0.393433,1.000000,-0.044462,-0.070268,0.128261,-0.148912,0.212603,-0.014864,0.052704,0.071393,-0.064152,-0.153687,-0.132881,0.060581,-0.126965,0.089213,-0.043485,-0.009939,0.028225,-0.039640,0.009516,-0.238696,0.104971,-0.068962,-0.141360,0.010382,0.043486,-0.074575,0.062818,-0.146629,0.070569,0.112557,-0.049134,0.000188,0.115548,0.270162,-0.104131,0.188863,-0.061534,0.099360,0.171894,-0.032752,-0.070380,-0.028041,0.102144,0.120727,-0.184057,-0.139808,0.116706,-0.062558,-0.153800,0.007916,0.404584,0.083865,0.197963,-0.113178,-0.041693,-0.310393,0.097776,0.263096,0.070728,0.037560,0.285475,0.044865,0.124558,0.286881,-0.167078,0.075547,0.050264,0.253863,-0.107565,0.031952,0.155024,0.190505,-0.065754,0.231448,0.079244,0.051042,0.211025,-0.177547,0.083816,0.032719,0.023142,0.154953,0.239114,0.253401,0.201370,0.070473,0.039330,0.205410,0.266013,0.008784,-0.402517,0.424078,-0.195305,0.000185,0.105020,0.239676,0.080124,0.192663,-0.220369,-0.210103,0.115672,0.103935,0.409996,0.068501,-0.100460,0.320207,0.033775,0.169432,-0.033216,0.275500,0.107698,0.024315,-0.140696,-0.070994,-0.158660,0.111166,-0.173686,-0.117790,0.078196,0.016380,-0.056638,0.178107,0.251241,-0.027599,-0.017371,0.069559,0.081207,0.152626,0.118611,0.147499,0.246509,0.018049,-0.089817,-0.221198,0.018328,-0.229327,-0.049301,0.274348,-0.218861,0.070917,0.029965,0.017157,0.075525,0.047923,0.052574,0.347330,-0.008646,0.094332,-0.043447,0.077388,0.189110,-0.071710,0.269866,0.033604,0.008645,-0.033170,-0.204387,0.058286,-0.222983,0.074183,0.009355,-0.113345,0.067945,0.140706,-0.076640,0.096170,-0.044482,-0.088290,0.026235,0.026011,-0.017252,-0.000498,0.075808,0.087658,0.023925,0.132552,-0.038140,-0.182556,0.220863,-0.111211,0.180594,0.070182,0.144573,0.084817,0.153861,0.045504,-0.164874,-0.228804,0.000144,0.081019,0.196515,-0.112600,0.099494,0.117377,-0.045372,-0.264842,-0.150690,#
3,-0.040975,0.112707,-0.044462,1.000000,0.017511,-0.004384,0.073035,0.113778,0.020015,-0.024253,0.066166,0.079497,0.403587,-0.221429,0.127401,0.072607,0.084674,-0.216033,0.104573,-0.102989,0.107321,0.334151,-0.012667,0.088367,0.134258,0.255525,0.067280,0.079433,0.091227,-0.163017,0.002926,0.187684,-0.018974,0.303182,0.369203,-0.013638,0.005028,0.118423,-0.070740,0.094886,0.112750,0.111029,0.020992,-0.222534,0.125788,0.270756,0.137520,0.199503,0.260698,0.007084,0.137209,-0.026813,0.155612,-0.034074,0.155210,0.079023,-0.210289,0.084283,0.400822,-0.049023,0.215522,0.211792,-0.124671,0.006351,0.208216,0.165774,-0.101192,-0.148861,0.018910,0.293762,-0.023306,0.235375,0.360912,0.189862,-0.010339,0.005161,-0.014580,0.028985,0.122826,0.318509,0.003494,0.002815,0.030510,0.360207,-0.091567,0.130282,0.011475,0.059185,-0.104284,0.085365,-0.127706,0.081238,0.250419,0.115307,0.207452,0.215522,-0.016941,-0.002373,-0.222384,0.146431,-0.160635,-0.070939,-0.231452,0.162927,0.152055,0.205728,0.192442,0.284444,0.064241,0.040851,-0.044440,0.144387,-0.029005,0.083890,0.146237,-0.066461,0.193909,0.051535,0.161848,-0.006482,-0.069876,-0.090492,-0.140059,0.024400,0.063394,-0.058185,0.232042,0.192765,-0.008350,0.144307,-0.091700,-0.045582,-0.176880,0.406467,0.246478,0.122050,0.297632,-0.121561,0.000143,0.016365,0.129362,-0.170434,-0.019713,0.049941,-0.253838,0.177259,-0.008282,0.064768,0.030681,-0.163963,-0.001842,0.007460,0.204620,-0.074801,0.112245,0.025053,0.143493,0.177515,-0.118525,0.168832,0.180264,0.037897,-0.002299,0.328368,0.237560,0.057002,-0.075366,-0.049711,0.083108,0.173161,0.186962,0.183498,0.054202,0.061664,-0.285679,0.245461,-0.062347,-0.071534,0.195679,-0.173617,-0.111106,0.108302,-0.158485,-0.022234,-0.155447,0.046777,-0.124299,-0.123751,0.359343,0.120289,-0.249196,0.037584,0.045284,0.092448,-0.031202,0.098813,0.222388,0.003008,-0.012695,0.255209,#
4,-0.236338,0.102453,-0.070268,0.017511,1.000000,-0.129603,0.125113,-0.040563,-0.145744,-0.068108,0.192222,-0.054707,-0.113777,-0.106835,0.049644,0.244307,-0.191571,-0.220424,-0.199378,0.021403,0.077775,0.194572,0.161618,0.182659,-0.121109,-0.297562,-0.059531,-0.118482,0.167091,-0.142752,0.252442,-0.159528,0.193145,0.042708,-0.021692,0.103099,-0.239551,-0.086915,0.033598,0.196491,-0.052267,0.172855,0.095432,0.117898,0.181986,-0.202081,0.068387,-0.163647,-0.054161,-0.133738,0.042809,0.238011,0.044364,-0.299295,-0.057615,-0.045713,-0.058617,-0.115429,0.142033,-0.000091,-0.033691,0.267312,0.078883,-0.099821,0.250310,0.165495,0.075734,-0.096663,-0.159435,0.094209,0.122953,0.074309,0.095471,-0.163154,-0.174449,0.356542,0.093440,-0.094667,0.291175,0.026951,-0.422319,0.142602,0.183131,-0.223219,0.093814,-0.115315,-0.069649,-0.126372,0.058795,0.205545,-0.171018,-0.053961,-0.182561,-0.097655,0.095879,0.138504,0.136821,0.092015,-0.185654,0.070848,0.071888,0.062750,-0.177047,0.091179,0.043189,-0.101536,0.127233,0.028327,-0.142476,0.074075,-0.064349,0.017438,0.245613,0.232000,0.086885,0.035139,-0.099288,0.331530,-0.257828,0.144961,0.187575,0.043482,0.103130,0.077496,0.014088,0.059782,0.140241,0.011333,0.157896,0.230205,0.214303,-0.030568,-0.258940,-0.032925,-0.052088,0.119933,0.056592,0.076636,-0.052636,0.007190,-0.104606,0.278943,-0.062428,0.024139,-0.115991,0.228039,0.259813,-0.319935,-0.043229,0.063948,-0.090916,0.350261,0.052438,-0.064801,0.084760,-0.165701,0.136670,0.052791,0.247003,-0.053640,-0.236708,0.214282,0.049335,0.190560,0.089310,0.002501,0.073401,0.232575,-0.096774,0.219856,0.005008,-0.069222,-0.053348,-0.006132,0.264537,0.084825,-0.256096,0.013981,-0.029753,-0.178664,0.168991,0.053956,0.065786,-0.023998,0.235372,-0.022994,-0.098669,0.050099,-0.187309,-0.225600,-0.110850,-0.091513,-0.028845,-0.006996,0.260976,-0.345725,0.049224,-0.071309,-0.029617,0.078902,#
5,0.035058,0.097962,0.128261,-0.004384,-0.129603,1.000000,-0.218442,0.163168,-0.092422,0.023426,-0.122236,-0.114515,0.179996,0.064633,0.030076,-0.139985,-0.056943,-0.141147,0.121590,0.215275,0.035111,-0.333498,-0.160985,0.170577,0.019576,0.224774,-0.022486,0.287464,-0.304849,0.223834,-0.000122,0.184968,0.131935,0.360319,-0.099611,0.119893,0.089546,-0.255732,0.110298,0.050798,-0.058592,0.167939,-0.197243,-0.073533,0.071705,0.032395,-0.045778,0.336320,0.129141,0.070539,0.147709,-0.241892,0.019396,0.072998,0.025066,0.364523,0.025413,-0.159528,-0.011667,0.144990,-0.234322,-0.168904,-0.003968,0.217313,-0.095011,-0.197503,-0.127511,0.075038,0.074881,0.223737,0.218136,-0.040419,0.260149,0.007315,-0.010539,-0.214112,-0.133918,0.204389,0.038633,0.020355,-0.061804,0.273565,0.105793,-0.001711,-0.184314,0.038236,-0.070801,0.000944,0.128771,0.106675,0.192122,-0.160806,0.047741,0.042771,-0.061306,-0.404692,0.059367,0.059594,0.183765,-0.170872,0.149065,0.034457,0.226396,0.125461,0.037334,0.032116,0.137964,0.168469,-0.086701,0.021422,-0.042687,0.045797,-0.034878,-0.189073,-0.019648,-0.136727,0.160250,0.154765,0.082852,-0.121229,-0.036924,0.252671,0.139661,0.251979,0.023131,0.139951,0.423826,-0.087718,0.063137,-0.162231,-0.181611,0.137405,0.140375,0.315372,0.005342,-0.229543,-0.249351,0.270936,-0.103752,-0.104531,-0.060120,-0.206401,0.096392,0.007565,0.452436,-0.151717,-0.050665,0.089658,0.039427,0.302975,0.293992,0.069020,0.219322,0.082113,-0.061737,0.005513,0.220346,0.052999,0.099239,-0.003858,0.044456,0.147372,0.096877,0.079044,0.199837,-0.162886,-0.231964,0.183154,0.022804,-0.095008,0.311021,-0.016912,0.100244,-0.057861,-0.170344,0.159737,0.146450,0.093919,0.177801,-0.006487,-0.018366,0.029350,-0.354416,0.022006,-0.123270,0.112298,-0.289425,0.048794,0.385674,0.151217,-0.134550,0.255652,0.026237,0.312587,0.035920,0.180219,-0.070217,0.267573,0.135888,0.068666,#
6,0.002989,-0.132400,-0.148912,0.073035,0.125113,-0.218442,1.000000,-0.128832,0.233352,0.327350,0.118633,0.043429,0.027714,-0.140306,-0.165472,0.374146,0.101115,0.081397,-0.109920,0.022850,0.020178,0.225690,-0.119247,-0.090555,0.269389,0.047927,-0.055975,0.024355,0.166467,0.026941,0.061196,0.120770,0.186464,0.020597,-0.084333,0.156257,0.173781,0.106882,-0.045117,-0.096662,0.094874,0.018017,0.290252,0.217666,0.071068,-0.144239,-0.008895,0.221395,0.145322,0.071907,-0.003926,0.048251,0.136136,-0.207363,-0.052928,-0.191536,0.169390,0.060788,0.153568,-0.352563,0.329867,0.090373,0.084765,-0.091529,0.141390,0.166051,0.043344,0.215112,-0.080450,-0.069891,0.116684,0.344494,-0.012755,-0.006064,-0.163640,0.308644,0.276734,0.001622,0.259925,-0.047758,0.170112,0.013549,-0.165845,0.334203,0.197743,-0.131062,0.152335,0.238641,-0.003088,0.183032,-0.052661,0.135015,-0.196409,0.075654,0.125500,0.077169,0.060418,0.136430,0.032116,-0.020487,0.140059,0.227075,0.041142,0.018748,0.171143,-0.106172,-0.064338,0.159043,0.155698,-0.213093,-0.022151,-0.091056,-0.085727,0.132932,-0.020249,0.103719,-0.253363,0.005316,-0.073611,0.278351,0.004222,0.060165,-0.099264,0.132205,-0.023565,0.115565,-0.157481,0.013840,0.150443,0.099595,0.083235,0.034282,-0.158249,-0.096470,-0.000752,-0.049817,0.155896,-0.032519,0.076161,0.251552,-0.014043,0.188049,-0.264205,0.075115,0.053893,0.243970,0.114220,0.132991,0.092176,-0.052608,-0.204932,0.123061,-0.181457,-0.084811,-0.081876,-0.134052,0.131624,-0.310912,-0.046243,0.197686,-0.003117,0.190813,-0.170236,0.007823,0.060963,0.236224,0.199746,-0.179354,0.129188,0.021660,0.077262,0.131505,-0.139268,-0.146693,0.033594,0.210936,-0.074236,0.234104,-0.131014,-0.052271,0.020407,0.312316,0.053522,0.133028,0.068658,-0.058206,0.141354,-0.104410,0.127779,0.011716,-0.111217,0.087729,-0.092380,-0.119787,0.034870,0.118955,0.177611,-0.066806,-0.141032,0.089321,#
7,0.064406,-0.134946,0.212603,0.113778,-0.040563,0.163168,-0.128832,1.000000,0.117802,-0.266014,-0.039488,-0.129296,0.137186,0.033270,0.096314,-0.048525,0.056500,0.092414,0.057530,0.177798,0.181171,-0.044086,0.002435,-0.119280,0.051243,0.275870,0.000707,0.079866,-0.147624,0.354165,-0.114780,-0.069615,-0.003049,0.009519,0.135046,0.157807,0.074523,0.098043,0.133562,0.021848,-0.040705,0.326858,-0.026225,-0.071863,0.023586,0.128343,0.029477,0.181406,0.265396,-0.090503,-0.107774,-0.071305,0.203444,0.347692,0.224250,0.066883,-0.047549,-0.301904,0.195321,0.357117,-0.162192,0.084615,0.013476,0.260910,0.062761,0.037588,0.184871,-0.107523,0.018901,-0.077678,0.114782,0.056181,0.100210,0.253068,0.154361,0.091422,0.057211,-0.023564,-0.144414,-0.081573,0.268299,0.046422,0.206138,0.162487,-0.072899,0.193154,0.176592,0.039067,0.150529,0.143891,-0.035701,0.131170,0.266691,-0.141774,0.119389,0.069827,0.118610,0.339789,0.195154,0.042685,0.036370,-0.137249,-0.177836,0.068537,0.012674,-0.082951,0.051677,0.241895,0.146125,0.226218,0.343465,0.074407,0.181076,0.189744,0.024008,-0.081679,-0.021538,0.039010,0.257255,0.045389,0.267632,0.097719,-0.008580,-0.000346,0.140045,0.267794,0.042225,-0.025111,0.043475,0.045646,0.138846,0.152556,0.265927,0.067755,-0.009437,0.081215,0.048910,0.287316,-0.130513,-0.033095,-0.086700,-0.201618,0.187383,0.155705,0.139587,0.034332,0.152361,-0.112694,0.074986,-0.205875,0.074154,0.231328,0.091406,-0.236586,-0.121990,0.154180,0.260492,0.062842,0.211392,0.003180,0.107753,-0.056810,0.311513,0.075948,0.077740,-0.010433,0.056227,0.011348,-0.301953,-0.079697,0.134679,-0.024981,0.141443,0.086667,0.001170,0.003950,-0.052904,-0.124311,0.277582,-0.036991,0.023508,0.089010,0.036187,0.256884,-0.032952,0.124787,0.197395,-0.026468,0.231669,0.277006,0.065286,0.088051,0.066630,0.190577,0.159630,0.155543,0.137833,0.248381,0.166165,0.103095,#
8,-0.007099,-0.070821,-0.014864,0.020015,-0.145744,-0.092422,0.233352,0.117802,1.000000,0.129034,0.099247,-0.064338,0.045409,0.197716,0.081426,0.174413,0.007439,0.105375,-0.209019,0.086576,0.234693,0.089867,-0.184053,0.077591,0.290261,0.215728,0.060835,-0.281412,0.124551,-0.067367,-0.029140,0.139436,-0.016699,-0.063256,0.052311,0.295799,0.123520,0.094739,-0.116073,0.046918,-0.011761,-0.012405,0.444866,0.099532,-0.121264,-0.020814,-0.000585,0.092707,0.195510,-0.084226,0.343938,0.219957,-0.106564,0.046896,-0.037247,0.138302,0.240265,-0.067740,-0.034244,-0.047770,0.213618,0.067842,0.363115,0.065976,0.245388,0.203513,0.111052,0.107748,0.338220,-0.037710,0.234197,0.194980,0.107255,0.002125,-0.015199,0.019266,-0.029227,0.047842,0.100982,-0.131804,0.250270,0.184976,-0.144071,0.024363,0.191731,0.087808,0.097987,0.174169,-0.027887,-0.028873,0.199621,-0.033603,-0.087785,0.096567,-0.048739,0.022706,0.240700,0.259841,0.279851,0.372266,0.038319,-0.226123,0.087145,0.294834,-0.065283,0.164405,-0.070974,-0.032442,-0.097780,0.121710,-0.116113,0.092053,-0.014439,-0.029063,-0.184044,0.064052,0.033198,0.126774,0.050169,0.195271,-0.041236,0.073528,-0.086446,0.115968,0.058213,0.096517,-0.114019,-0.058140,0.087590,0.099254,-0.055240,0.166004,0.058974,-0.000505,0.012250,0.073895,0.079868,0.031838,0.249908,0.138457,-0.099278,-0.129372,0.006761,-0.297244,0.033372,-0.043680,-0.070071,0.329740,0.129062,0.029848,-0.073017,0.213774,-0.230308,0.166393,0.003075,-0.089786,0.128611,0.181310,0.226371,0.099557,-0.005355,-0.249076,0.115843,-0.126302,-0.139738,0.009934,0.086005,0.196416,0.048804,-0.177530,0.115764,0.156674,-0.193988,-0.013743,0.094791,0.168025,0.229376,-0.009376,0.192961,0.103308,0.082424,-0.089945,0.056811,-0.044063,0.077473,0.006044,0.318762,0.046096,0.185541,0.289212,0.157290,0.209690,0.291941,0.114767,0.098102,-0.119269,-0.236530,0.163472,0.012199,0.259926,#
9,-0.172105,-0.128196,0.052704,-0.024253,-0.068108,0.023426,0.327350,-0.266014,0.129034,1.000000,0.079594,0.024267,0.111147,-0.076106,0.033327,0.265984,0.104259,-0.099581,-0.029658,-0.226343,-0.002409,-0.093466,-0.403542,0.084811,0.047766,-0.240135,-0.019987,0.099720,-0.045506,-0.232005,-0.085970,0.297230,0.017223,0.044770,-0.163161,0.109671,0.130971,-0.036530,-0.041740,-0.036368,-0.029139,-0.145073,-0.048373,-0.022640,0.057796,-0.175142,-0.053345,0.069360,0.038514,0.003866,0.157114,-0.002327,-0.103385,-0.104665,-0.090688,-0.092141,0.154819,0.295848,-0.225474,-0.115063,0.105308,0.049534,0.057181,-0.228654,-0.222991,0.054104,0.061844,0.048315,0.157981,-0.051311,0.158502,0.079790,-0.014292,-0.022605,-0.300357,-0.088967,0.250809,-0.047782,0.029926,0.235916,-0.025363,0.207299,-0.017221,0.173882,0.090142,0.030327,0.133233,0.440866,-0.110672,-0.005648,0.071849,-0.094501,-0.126430,-0.151309,-0.005503,-0.236738,0.169591,-0.051650,0.032645,0.019588,0.204062,0.094780,0.224426,0.075469,0.053797,0.160883,-0.103080,0.166706,0.238446,0.100731,-0.033370,0.091276,-0.223702,0.093015,-0.092330,0.026098,-0.097088,-0.034419,-0.183800,0.105391,-0.232514,0.035262,-0.075503,0.052454,0.248486,0.186270,0.003105,-0.000249,0.181888,0.045147,0.085234,0.047959,-0.095800,0.014567,0.136171,-0.169094,0.138160,-0.071038,0.041987,-0.104782,0.268519,0.025137,0.075590,0.173381,0.014178,0.343670,0.097568,0.215873,0.121731,0.200342,-0.116286,-0.030696,0.120204,0.149251,0.107288,-0.058071,-0.104729,-0.069479,0.101603,0.040693,0.112978,0.157687,0.041855,-0.199571,0.077323,0.264700,-0.101130,0.061747,0.263085,-0.057561,0.138013,-0.008528,-0.169838,-0.352614,-0.066160,0.068661,0.241714,0.169269,-0.142609,0.083522,0.201611,0.020988,0.061928,-0.119669,-0.054948,-0.096325,0.013819,0.023611,0.173990,-0.221006,-0.117354,-0.088720,-0.013119,-0.157625,-0.142916,-0.111825,0.205877,0.066487,-0.104062,0.049676,#
10,-0.030739,0.036507,0.071393,0.066166,0.192222,-0.122236,0.118633,-0.039488,0.099247,0.079594,1.000000,0.096191,0.081546,-0.006907,-0.027034,0.112922,0.286420,-0.085109,0.020172,0.044895,0.120144,0.033637,-0.021856,0.193238,0.084897,0.027891,0.084858,-0.002153,-0.049091,0.016353,0.132195,-0.009279,0.065316,0.146534,0.061121,0.056144,0.212270,0.091693,0.059120,-0.109977,0.091397,-0.107330,0.085605,-0.123022,0.071715,0.140135,0.295599,-0.010435,0.021097,0.347551,0.040100,0.295717,0.006875,-0.257267,0.059185,0.350967,-0.001946,0.160320,-0.198676,0.000402,0.108935,0.132208,0.210334,0.148882,0.041947,-0.004022,0.261453,0.076735,0.223674,0.049821,0.424787,0.248850,0.139669,-0.214081,0.120134,0.250300,-0.177959,-0.045489,0.096991,-0.024661,0.110558,-0.026563,-0.062278,-0.195192,0.158885,0.128080,0.089012,-0.095528,0.003629,0.334042,0.016807,0.132433,0.200130,-0.277223,-0.052342,0.061968,-0.033517,0.272494,-0.034514,-0.012687,-0.097676,-0.118857,-0.086678,0.060048,0.063819,0.006873,0.216190,-0.110923,0.019888,-0.033418,-0.080695,-0.116713,0.250916,0.219489,0.068911,0.067250,-0.098339,0.175539,0.126677,-0.020368,0.008471,0.087273,0.111623,0.109955,0.005738,0.095597,0.010624,-0.009088,0.314575,0.154522,-0.119264,0.078889,-0.092436,0.148472,0.190933,0.327652,-0.020783,0.076786,0.167179,0.141203,0.133073,0.133476,-0.086493,-0.050104,-0.136687,0.350281,0.332621,0.252558,-0.014361,0.183112,-0.127900,-0.081309,-0.039989,0.159717,0.270001,-0.166531,0.223859,0.070321,-0.013292,-0.232814,-0.006665,-0.106837,0.140596,0.007828,0.052756,0.065919,0.001758,0.070071,0.053341,0.222017,-0.189643,0.113119,-0.151820,0.018668,0.289924,0.076102,-0.058389,-0.031911,-0.195929,0.117953,-0.195407,-0.065622,0.005304,0.096263,-0.305215,0.114542,0.429118,0.167325,-0.152179,0.042460,-0.101143,-0.095980,0.163596,0.200682,0.111347,-0.142648,-0.006820,0.030950,-0.048456,0.230041,#
11,0.048255,0.066423,-0.064152,0.079497,-0.054707,-0.114515,0.043429,-0.129296,-0.064338,0.024267,0.096191,1.000000,0.166345,0.011665,0.226705,0.042385,0.054068,0.039997,0.396525,0.043294,0.025608,-0.119318,0.210324,0.169375,0.206356,0.090570,0.095405,0.016725,0.031840,-0.034200,0.152596,0.268221,0.122385,0.165943,-0.017350,0.144763,0.156528,0.218741,-0.024275,-0.027545,0.272804,-0.207424,0.118081,-0.158995,0.121069,-0.211135,0.223528,0.258930,0.089881,0.046642,-0.105132,0.112719,0.310037,-0.128630,0.096898,0.024416,-0.022303,0.373932,0.083661,0.174163,0.043416,-0.067158,0.342968,0.014863,0.032666,-0.004273,-0.135485,-0.098895,0.207345,-0.079901,0.053998,-0.148419,-0.043207,0.007852,0.230261,0.112872,0.039524,-0.014718,-0.185868,-0.213064,-0.151186,0.182026,-0.004945,-0.000626,0.408518,0.050589,-0.099747,0.030456,0.059402,-0.133174,0.132372,0.042507,0.061281,-0.068874,-0.094766,0.243833,-0.153383,0.127873,-0.191437,0.130463,-0.168931,-0.039676,0.155282,0.113904,0.039264,0.002975,0.238187,0.047560,0.277004,-0.242423,0.012808,0.313248,0.046969,-0.205199,0.017874,-0.012824,0.045392,-0.026394,-0.009534,0.277349,0.034646,-0.054532,0.058283,0.134910,0.022531,0.182804,0.211359,0.168359,0.089589,0.381150,-0.016027,0.060728,0.222307,0.123608,-0.019799,0.044186,0.183881,0.171969,0.263239,0.411981,-0.236881,-0.053973,0.179768,0.090476,-0.053469,0.191132,0.143380,0.131198,0.123589,-0.064434,0.037767,-0.030658,0.067127,0.332794,0.225509,0.013512,0.013852,-0.016049,-0.196406,-0.019073,0.286840,0.178944,0.257479,0.011429,0.087051,0.348321,0.272987,0.023834,0.021326,0.290165,0.330992,-0.085122,0.257446,0.255471,0.017105,0.102062,0.265035,-0.071316,0.006922,-0.039964,0.076076,-0.189382,0.103237,0.022507,0.144384,0.084668,0.259445,0.114423,-0.050572,-0.214457,0.064137,0.064651,0.061195,0.094532,0.011069,-0.114839,0.097837,0.044010,-0.023485,-0.081002,#
12,0.195081,0.284553,-0.153687,0.403587,-0.113777,0.179996,0.027714,0.137186,0.045409,0.111147,0.081546,0.166345,1.000000,-0.067124,0.032128,0.298826,0.086663,-0.024618,0.317919,-0.058387,0.131398,0.045616,0.086723,0.174535,0.172017,0.370058,0.102547,0.041431,-0.147482,-0.056402,0.020793,0.258034,0.024595,0.239597,0.371524,0.090941,0.121944,0.186780,-0.043847,0.036278,-0.170741,-0.081826,0.021133,-0.089267,0.270822,0.156292,0.243454,0.239467,0.320500,0.069725,0.311178,-0.138302,0.063503,0.101977,0.014967,0.313705,0.089724,-0.023542,0.231966,0.098226,0.005595,-0.016103,0.137279,-0.107543,0.017172,0.029510,0.019343,0.300080,0.222975,0.155253,0.147596,0.122470,0.097693,0.007697,0.036672,0.204792,0.052111,-0.132118,-0.013191,0.009439,0.219055,0.198618,0.102418,0.087929,-0.122797,0.241251,0.012779,-0.018427,-0.086077,-0.134671,0.046838,-0.092561,0.262127,0.048928,-0.076804,0.032387,0.142356,0.022187,-0.206363,0.028555,-0.183570,0.061402,-0.092174,0.148611,-0.011351,-0.064552,-0.035663,0.377678,0.144637,0.160296,0.166584,0.146177,0.066882,0.019331,0.140493,0.037725,-0.104551,0.186142,0.030090,0.084576,0.025557,0.402041,-0.005408,0.069038,0.092121,0.232586,0.326965,0.095931,0.043856,0.097445,-0.209494,-0.133088,0.034935,0.173176,-0.089159,-0.048243,0.103121,0.127666,-0.000097,-0.081374,-0.111694,-0.250251,0.110096,0.065806,-0.144921,0.373293,0.026883,0.171329,0.042537,-0.126579,0.188672,-0.148288,0.235423,0.029697,0.318862,0.147795,0.063248,0.093927,0.247353,-0.124124,0.012231,0.261881,0.194461,0.164202,0.165197,0.067765,-0.092290,0.279571,0.133284,0.126609,0.229893,-0.076771,0.080501,0.140165,-0.027634,0.146065,0.197668,-0.108029,-0.039073,0.054002,0.063504,0.162951,-0.123190,-0.025742,-0.101455,0.021697,0.154719,0.020148,0.346403,0.273083,-0.109028,0.193340,-0.141469,-0.003368,-0.022863,0.008800,-0.040667,0.024516,0.231296,0.266417,#
13,-0.308095,0.229381,-0.132881,-0.221429,-0.106835,0.064633,-0.140306,0.033270,0.197716,-0.076106,-0.006907,0.011665,-0.067124,1.000000,0.104930,-0.120919,-0.186206,0.165994,-0.060767,0.068900,-0.222016,-0.066453,0.041132,-0.146848,0.089836,0.181748,0.011284,-0.233189,0.172782,0.180145,-0.059697,-0.036411,0.075818,0.028716,-0.119250,0.106121,-0.145076,0.056555,-0.302791,0.218473,0.066794,0.022867,0.119008,-0.085506,-0.210708,0.044407,-0.064162,0.126751,0.156981,0.288889,0.074312,-0.068199,0.092196,-0.112921,0.205955,0.213058,0.151940,0.209807,-0.000101,0.054422,-0.202385,-0.190994,0.010253,-0.159945,0.165174,-0.100965,0.087700,0.230569,0.376998,0.103985,0.040774,-0.037850,0.228783,-0.078816,-0.014344,-0.006989,-0.004188,0.119417,0.116484,-0.178221,-0.062779,0.147377,0.124201,0.068235,-0.095118,0.098715,-0.013923,-0.096938,0.052261,0.025844,-0.054743,-0.119653,-0.042348,0.017438,-0.191486,-0.094011,0.172921,0.135699,-0.012393,0.013223,-0.051937,-0.006647,0.253276,-0.097751,0.051541,0.161844,-0.090993,0.066993,-0.233053,-0.024250,0.046296,-0.004670,-0.003770,0.135781,-0.077133,-0.209283,-0.036710,0.015151,0.132146,-0.135380,0.060764,-0.116164,0.073908,-0.368800,-0.201787,-0.012924,0.101439,0.128148,0.108619,0.008800,0.043007,-0.261611,0.004386,0.097559,-0.031556,-0.078511,-0.054484,0.054779,0.311382,-0.009029,-0.063315,-0.127601,0.115566,-0.434495,-0.160634,0.005421,-0.030730,0.030944,0.036718,-0.348892,0.057829,0.203068,-0.083389,-0.097260,0.168393,-0.193949,0.117181,-0.223691,0.016699,-0.005584,0.021840,-0.139377,0.134084,-0.046426,0.023374,-0.083735,0.093314,0.041914,0.086018,-0.022032,0.084247,0.013116,-0.006136,0.130133,0.021336,0.186101,0.062257,-0.185833,0.036596,0.185564,-0.044014,-0.153562,0.226213,-0.172379,-0.042628,0.076380,-0.049748,-0.156188,-0.098229,0.057950,0.393531,0.034730,0.086084,0.045757,0.070586,0.081750,-0.149143,0.042105,-0.018590,-0.138522,#
14,0.212841,0.172950,0.060581,0.127401,0.049644,0.030076,-0.165472,0.096314,0.081426,0.033327,-0.027034,0.226705,0.032128,0.104930,1.000000,0.026470,-0.028521,-0.040991,-0.076373,0.087664,-0.056632,0.072916,0.120899,0.336517,0.101560,0.073926,0.157646,-0.269259,-0.017197,-0.019917,0.183240,-0.084147,-0.114803,-0.138907,0.237204,0.345630,-0.197485,0.033290,-0.000791,0.098146,0.084985,-0.044189,-0.015427,-0.058979,0.017801,0.048194,-0.103755,0.054916,0.142378,-0.154004,-0.118904,0.289920,0.151226,0.098469,0.175732,0.088795,-0.268184,-0.118637,-0.000597,-0.049903,-0.032341,0.076778,0.129313,0.131508,-0.016877,0.039578,-0.017988,-0.016974,0.216056,0.031692,0.080320,-0.169489,0.241341,0.343219,-0.036105,-0.142221,-0.020111,0.086100,-0.018787,0.056929,-0.125587,0.159523,0.081768,-0.065541,0.104266,0.021929,-0.185817,-0.108668,-0.065797,-0.242204,0.000047,-0.125752,0.182937,0.175493,0.032707,0.014871,-0.049626,0.182228,-0.189309,0.229259,0.036127,-0.083268,0.068221,0.109432,0.082005,0.015421,-0.016270,0.056568,0.086293,0.195198,0.016093,0.280039,-0.059419,0.145709,-0.305948,-0.056967,0.044144,-0.166011,-0.032299,0.029636,0.119276,0.074620,0.000333,0.000707,0.061122,0.151464,0.307575,0.130718,-0.170363,0.061469,-0.050152,0.242347,-0.051972,-0.000158,0.087425,0.050417,0.333651,0.190324,0.064467,-0.031267,-0.143585,-0.041007,0.050369,0.111694,-0.109316,0.144032,0.017788,-0.085356,0.112341,-0.065672,0.106882,0.197553,0.193808,0.312550,0.175199,0.046577,0.063112,-0.032315,-0.094570,-0.050185,0.127484,0.044729,0.060116,-0.142387,0.339908,0.166581,-0.076112,-0.096865,0.049505,0.150651,0.099993,-0.269774,0.082848,-0.000197,0.254053,0.174331,0.129172,-0.311885,0.211828,0.036046,0.068566,-0.078961,-0.120020,-0.077063,0.167310,0.144395,0.120705,-0.017118,0.102384,-0.138635,0.066493,-0.055426,0.214512,0.203281,0.000413,-0.257591,0.063418,0.128358,0.000000,-0.125068,#
15,-0.115115,-0.076142,-0.126965,0.072607,0.244307,-0.139985,0.374146,-0.048525,0.174413,0.265984,0.112922,0.042385,0.298826,-0.120919,0.026470,1.000000,-0.065005,0.091675,-0.061947,-0.067830,0.016846,0.230746,0.188997,0.123198,0.128692,0.031604,-0.216848,-0.006647,0.170479,-0.090477,0.205104,0.187049,0.272419,0.308729,-0.057635,0.183245,0.074074,0.301630,-0.135942,-0.117529,-0.101363,-0.135258,0.160465,0.179679,0.239132,0.080529,-0.017664,-0.184531,0.131213,0.125928,0.203917,0.123227,-0.173214,0.079544,0.086961,0.098514,0.163141,-0.013523,0.147061,-0.023478,0.185880,0.240670,0.243525,0.046917,0.089990,0.069668,0.055082,0.126180,0.150484,0.013992,0.199993,0.033605,-0.112485,0.103941,0.049521,0.314982,0.218184,-0.064544,0.228157,-0.059982,-0.059007,0.031304,-0.036633,0.083562,0.089805,-0.193605,-0.162746,0.091821,0.108874,-0.078265,-0.032399,0.162554,0.227080,0.205092,-0.045639,0.139164,0.069908,0.231722,0.046443,0.167538,-0.106073,0.098168,0.104057,0.279697,0.109444,-0.081298,-0.163843,0.053989,0.016618,0.131486,-0.005384,-0.023035,0.141067,0.143661,0.058782,-0.165883,-0.194559,0.015374,-0.166880,0.532446,-0.010810,0.220209,0.004618,0.232321,0.028280,0.189205,0.045918,-0.059400,0.027094,0.277524,0.131916,-0.079867,-0.109331,-0.086670,0.031200,0.210841,0.209435,-0.029451,-0.186675,0.182152,-0.111539,0.005906,-0.033785,0.091068,0.047944,0.287133,-0.127902,0.119494,0.082534,0.021554,0.145919,0.287425,-0.056464,0.114855,0.038061,-0.056153,0.190006,0.041883,0.141049,0.173092,-0.071776,0.071827,0.133262,0.140662,-0.002782,-0.085571,-0.051496,-0.118479,0.068764,0.199100,0.040739,-0.058487,-0.280628,0.053078,-0.094816,0.407811,0.182703,-0.041763,0.040071,0.126366,0.232731,0.157791,0.006668,0.152266,0.204500,-0.034734,-0.057351,-0.005681,-0.084484,-0.056473,-0.105160,0.152462,-0.023707,-0.129885,-0.115037,-0.006867,0.171285,-0.188445,0.083378,0.105401,#
16,0.040814,0.029161,0.089213,0.084674,-0.191571,-0.056943,0.101115,0.056500,0.007439,0.104259,0.286420,0.054068,0.086663,-0.186206,-0.028521,-0.065005,1.000000,0.056018,0.169749,0.220408,0.398864,-0.142822,-0.071125,0.137392,0.226162,0.124797,0.129846,0.034548,-0.193068,0.024658,-0.066270,0.061692,-0.148797,-0.061666,0.198005,0.116448,0.369951,0.314839,0.088139,0.037749,0.064655,0.020318,0.056403,0.067930,0.184612,0.071988,0.066263,0.009583,0.061369,0.130310,-0.145420,0.131560,0.057476,-0.094042,0.007736,0.064662,-0.122539,0.093507,-0.043527,-0.195652,0.373565,0.231564,0.065857,-0.140331,-0.175782,0.051283,0.294425,-0.139673,0.112165,-0.021060,0.185890,0.011595,0.072227,-0.105899,-0.020024,-0.021398,-0.066776,0.035833,-0.266929,0.065327,0.407405,0.132626,0.047670,0.219581,0.039540,0.132976,0.150730,-0.090409,-0.123330,0.101601,-0.152958,0.126018,0.076831,-0.304484,0.148841,0.078863,0.036744,0.303392,0.175848,0.171561,0.143285,0.185592,-0.040048,0.267117,0.033424,0.070058,0.137284,-0.075725,0.292618,0.015569,0.050045,0.027625,0.008798,-0.020066,0.220333,0.243798,0.296952,0.141377,0.106750,-0.202800,0.069222,-0.155237,0.042428,0.116418,0.232666,-0.031475,-0.175430,-0.150403,0.241711,0.023612,0.229985,0.027243,-0.159466,-0.020171,0.009873,0.240685,0.147120,-0.040669,-0.063542,-0.069118,0.045616,0.025909,0.129625,0.000535,-0.226687,0.164693,0.279362,0.156145,0.177956,-0.000481,-0.248268,-0.003966,-0.229846,0.055058,0.395964,-0.091485,0.134645,0.121712,-0.058401,-0.043932,0.214456,-0.088682,0.062731,-0.127121,0.200763,0.035705,0.014385,0.032037,-0.006380,0.093065,-0.094248,0.165999,0.174158,0.080573,-0.023597,0.180334,0.123124,0.465915,0.062970,0.093049,-0.021660,-0.148187,0.063377,0.131392,-0.362484,-0.086417,0.079641,-0.009046,0.229540,0.052535,-0.043433,-0.006823,0.115757,-0.037916,0.278104,0.096240,0.287643,0.183127,-0.063074,0.126939,#
17,0.136777,-0.125396,-0.043485,-0.216033,-0.220424,-0.141147,0.081397,0.092414,0.105375,-0.099581,-0.085109,0.039997,-0.024618,0.165994,-0.040991,0.091675,0.056018,1.000000,0.095806,0.090963,-0.049663,0.035576,0.122947,-0.341170,0.074113,0.274665,0.025282,-0.020038,-0.132225,0.039754,-0.013916,0.077964,0.021778,-0.081880,-0.124283,0.042852,0.125003,0.075701,-0.036788,0.221817,-0.076206,0.072235,0.045305,0.006924,0.056864,0.112325,-0.121097,0.135964,-0.073164,0.038541,-0.004093,-0.059644,-0.002643,0.100617,-0.011199,-0.133946,0.161743,-0.062496,-0.173470,0.089768,-0.232492,0.008175,0.264237,-0.088514,0.025163,-0.100886,0.293151,0.161684,-0.130454,-0.174655,-0.041928,-0.170554,-0.306758,0.148977,0.289800,-0.182415,0.009582,-0.062234,0.045479,-0.063811,0.089254,0.059849,0.018187,0.048020,-0.103522,0.067684,0.026110,0.169198,0.000855,-0.221532,-0.182885,-0.118177,0.114802,0.092872,0.139578,-0.027511,-0.086765,0.080001,0.166435,-0.155851,-0.035214,-0.159451,-0.000233,-0.135039,-0.064237,0.163876,-0.370391,-0.259999,0.052347,0.165100,0.243238,-0.103966,0.095368,-0.134390,0.183750,-0.189625,-0.174044,-0.076834,0.193948,0.198912,0.077849,0.144685,0.216362,-0.312369,-0.142296,-0.125300,-0.187324,-0.077892,0.044986,-0.107522,-0.025533,-0.080821,0.130076,-0.082228,0.003598,0.147106,0.239004,0.056560,-0.096873,0.232400,-0.037490,-0.024920,0.113375,0.023453,0.081288,-0.072500,-0.121460,-0.087582,0.171449,0.032579,-0.044243,0.116577,-0.018382,0.133075,-0.047910,-0.057773,0.152499,-0.076145,0.012363,0.014096,0.012878,-0.002541,0.156965,-0.252846,-0.123910,-0.185291,-0.160348,-0.211066,0.054610,-0.082666,-0.087862,-0.034645,0.222660,-0.043119,0.096852,-0.198123,0.091975,-0.033690,-0.019743,0.220899,0.020751,-0.019783,0.005897,0.423545,-0.154700,-0.076240,0.059961,0.075735,-0.205975,0.011862,0.264062,-0.077177,-0.122428,-0.002966,0.060211,0.034736,0.037167,-0.053325,0.204842,-0.305949,#
18,0.053372,-0.097176,-0.009939,0.104573,-0.199378,0.121590,-0.109920,0.057530,-0.209019,-0.029658,0.020172,0.396525,0.317919,-0.060767,-0.076373,-0.061947,0.169749,0.095806,1.000000,0.015848,-0.062495,-0.019824,0.117666,-0.116289,-0.017319,0.320730,0.058627,0.049187,-0.034802,0.229785,-0.321281,0.265840,0.117893,0.248670,-0.008493,0.119401,0.125706,0.128158,0.018681,0.130270,-0.068948,0.141148,0.094795,-0.149407,0.130350,-0.056778,0.026595,0.184992,0.089287,0.107553,-0.088261,-0.067170,0.119121,-0.257606,-0.022353,0.026963,0.057473,-0.172144,-0.128409,0.192135,-0.014982,-0.004994,0.183761,-0.035485,0.043743,-0.162812,0.003944,-0.285528,-0.220215,-0.110834,-0.037094,-0.202018,0.040746,-0.139655,0.408300,0.031546,0.014709,-0.119728,-0.461170,0.040494,0.037332,0.050059,0.120135,-0.105707,0.066469,0.134287,-0.180229,-0.028199,-0.030760,-0.208221,0.166066,-0.062309,0.112639,-0.102515,-0.158621,0.049341,0.124838,0.122650,-0.064402,0.063302,-0.188476,-0.052317,0.033983,0.011747,-0.096027,-0.054993,0.146945,0.107975,0.102048,0.150448,0.261440,-0.041608,-0.015268,-0.095545,-0.013699,0.078350,0.025403,0.184930,0.225591,0.078371,0.088536,-0.005269,-0.036389,0.161215,0.351923,-0.129218,0.306665,-0.051909,0.210472,0.022004,-0.097853,0.128045,0.221731,0.108231,-0.007553,0.037822,0.140236,0.105535,-0.228856,0.116631,-0.094138,-0.048182,0.079444,0.240359,0.022213,0.013124,0.000518,0.190594,0.245299,-0.130249,0.125318,-0.340107,0.293941,0.013812,0.243011,0.139611,0.158026,0.148609,-0.156559,0.013534,0.179714,0.202026,0.364840,0.051597,-0.128247,-0.209388,0.350320,0.067221,-0.020880,0.045212,0.022713,-0.104865,0.229518,0.298125,-0.038257,-0.067938,0.081658,0.037720,0.013964,0.079403,-0.113873,0.131068,0.061067,0.018867,-0.178100,0.124070,0.126022,0.048541,-0.020217,0.171687,0.038035,0.168375,-0.033904,0.194284,-0.073848,0.002885,-0.069726,0.281150,-0.025804,0.038415,#
19,0.023978,0.210734,0.028225,-0.102989,0.021403,0.215275,0.022850,0.177798,0.086576,-0.226343,0.044895,0.043294,-0.058387,0.068900,0.087664,-0.067830,0.220408,0.090963,0.015848,1.000000,0.168185,-0.156635,0.047612,0.241761,0.185947,0.113730,-0.069629,-0.278688,-0.401350,0.250425,0.162240,0.124961,0.251989,-0.016633,0.148866,0.215881,-0.000669,0.116993,0.039942,0.117925,0.225265,0.245361,0.140443,-0.094889,0.066721,0.217996,0.066718,0.105557,0.203110,0.188234,-0.064696,0.113294,0.007498,0.055887,0.088460,0.122539,0.082169,-0.165549,-0.100330,0.023553,0.039566,-0.043388,0.284343,-0.011998,0.048442,-0.028374,0.172284,0.110674,0.121583,-0.165822,0.190060,0.090473,0.163216,-0.032283,-0.029016,0.240612,-0.122673,0.084571,0.107865,-0.150173,0.158016,0.027767,0.121085,-0.050642,0.000045,-0.044107,0.021106,-0.017448,0.247427,0.089013,-0.207897,0.072003,-0.093027,0.169826,0.010663,-0.089830,0.146402,0.435451,0.103539,0.076487,0.032881,-0.019859,0.006562,0.131042,0.187997,-0.041854,0.239061,-0.235243,0.118808,-0.142340,0.178889,0.051125,0.018407,0.143777,0.020773,0.227709,0.274060,0.079257,0.237548,-0.171448,0.403304,0.006849,-0.002422,0.192328,0.204391,0.212878,0.045591,0.149375,0.205294,0.192601,0.048520,0.172435,0.051533,0.055428,0.000268,0.259081,0.071251,0.148457,0.095313,0.020007,0.054244,0.279450,0.098514,-0.014762,0.043305,-0.107980,-0.101712,-0.042819,0.235359,0.118372,0.029615,0.076838,0.098913,0.166185,0.271536,-0.004175,0.206143,0.007484,0.257697,0.139890,0.023501,0.211372,0.169912,0.171225,0.081531,-0.005325,-0.076120,0.211703,-0.041030,-0.022615,-0.194783,-0.011014,0.135193,0.340995,0.208334,0.007662,0.217498,0.094248,0.093322,-0.084299,-0.012111,0.288475,0.185558,0.141560,0.067148,0.025027,-0.043490,-0.129831,0.064156,0.101641,0.176594,0.080204,-0.042097,0.268794,0.375926,0.004983,0.188448,-0.015590,-0.038798,0.023449,#
20,-0.030102,0.161128,-0.039640,0.107321,0.077775,0.035111,0.020178,0.181171,0.234693,-0.002409,0.120144,0.025608,0.131398,-0.222016,-0.056632,0.016846,0.398864,-0.049663,-0.062495,0.168185,1.000000,-0.006575,0.003466,0.233789,0.274536,0.116155,0.116045,-0.072365,-0.034654,-0.185929,0.106620,0.263830,0.063561,0.213386,0.100293,-0.010736,0.155699,0.087839,0.095631,0.111659,0.129255,0.106390,0.096691,0.106218,0.061948,-0.083955,0.169335,0.156230,0.034507,-0.245740,0.139571,0.263109,0.069714,-0.094896,0.118524,-0.070507,-0.305145,0.038860,-0.046919,-0.016663,0.163331,-0.002999,0.220477,-0.183197,-0.044920,0.076527,0.199095,-0.049641,-0.001798,-0.004926,0.009789,-0.013647,0.021691,-0.084645,-0.159502,-0.118138,-0.147681,-0.097943,0.076172,0.180500,0.315225,0.201671,0.033186,0.162644,-0.148974,-0.125933,-0.027341,0.084461,0.189262,0.334375,0.030166,-0.108434,0.202946,0.035016,-0.014858,0.195994,0.197560,0.144122,0.138957,0.137826,0.188135,0.040994,-0.217065,0.248263,-0.011100,0.040273,0.299513,-0.039135,0.028311,0.149928,0.039093,0.202844,-0.122743,-0.133596,0.324716,0.274958,0.190434,0.225378,-0.096994,-0.025183,0.269300,0.090574,0.055907,0.091742,-0.101425,-0.027128,-0.185765,-0.061449,0.148425,0.239425,0.197209,0.029115,0.243681,-0.030621,-0.062991,0.234596,0.079952,0.111867,0.109161,0.125325,-0.036184,-0.214600,0.316607,-0.093360,0.057002,-0.037656,0.237205,0.181828,-0.119271,0.083138,-0.066879,0.257029,-0.175043,0.027517,0.100634,-0.148917,-0.116177,0.242771,0.207882,-0.114511,-0.023375,0.001547,0.008067,-0.059894,0.252949,0.048535,-0.095391,0.169742,-0.264249,-0.085835,0.073861,0.083368,0.037675,0.099971,-0.044461,-0.002533,0.050015,0.171799,0.075468,-0.039529,0.007668,-0.226388,-0.084190,-0.156774,-0.061938,0.064541,0.202523,-0.043097,0.171926,0.167569,0.018898,0.235460,0.383639,0.018642,0.261357,-0.075264,0.053993,0.184220,0.137312,0.204427,#
