0,1.000000,0.648085,0.718016,0.590840,0.443217,0.733512,0.611667,0.699570,0.606842,0.680296,0.580776,0.685518,0.559432,0.601422,0.642710,0.645901,0.659728,0.687669,0.663388,0.590801,0.698214,0.584423,0.716920,0.716524,0.579879,0.610067,0.625651,0.682113,0.464824,0.662641,0.686666,0.583222,0.646653,0.629740,0.689624,0.610861,0.589517,0.733038,0.654296,0.753491,0.733027,0.633613,0.722740,0.784966,0.645730,0.532327,0.689647,0.766078,0.576908,0.710071,0.607636,0.627501,0.648148,0.703408,0.664600,0.707031,0.682697,0.741376,0.651794,0.738656,0.724542,0.629462,0.677825,0.636403,0.601536,0.694723,0.749699,0.711537,0.749184,0.533097,0.688026,0.585282,0.776944,0.656890,0.648537,0.639712,0.701076,0.701874,0.652850,0.612049,0.741680,0.637789,0.655014,0.726695,0.709712,0.711379,0.697606,0.625420,0.568308,0.704043,0.660995,0.746136,0.565506,0.705647,0.706308,0.664258,0.597167,0.651523,0.709292,0.751499,0.698447,0.675392,0.678592,0.713382,0.610351,0.615497,0.594474,0.720908,0.628006,0.612617,0.689890,0.672583,0.724685,0.533970,0.654353,0.779811,0.579743,0.607141,0.611390,0.608474,0.526149,0.819072,0.659884,0.815094,0.714640,0.638019,0.616619,0.606043,0.549264,0.582005,0.710708,0.654422,0.650973,0.609062,0.663749,0.543252,0.599896,0.702634,0.660666,0.735760,0.632112,0.585678,0.574850,0.716171,0.697990,0.549621,0.613465,0.579669,0.701095,0.743812,0.705231,0.633616,0.650717,0.672455,0.595334,0.691666,0.567923,0.691502,0.683472,0.657942,0.715086,0.701276,0.623753,0.651546,0.623709,0.726820,0.702524,0.654326,0.565435,0.692055,0.696329,0.691040,0.590761,0.710185,0.714430,0.562547,0.653423,0.713311,0.695879,0.704658,0.552457,0.698394,0.574979,0.589697,0.653088,0.599289,0.642124,0.684829,0.661704,0.684942,0.684643,0.752944,0.702484,0.611223,0.646398,0.671640,0.650148,0.685609,0.727567,0.654538,#
1,0.648085,1.000000,0.625329,0.669056,0.522382,0.712652,0.507611,0.572649,0.524735,0.629155,0.587004,0.548034,0.490239,0.535838,0.649528,0.616026,0.550505,0.557567,0.614720,0.599916,0.643965,0.769239,0.687968,0.654008,0.541551,0.383234,0.691225,0.670528,0.414478,0.543282,0.681955,0.634497,0.603293,0.682962,0.681870,0.687707,0.467194,0.659274,0.617577,0.655733,0.592959,0.551596,0.585926,0.706572,0.590821,0.627395,0.681309,0.641043,0.628616,0.642048,0.521145,0.580370,0.750943,0.572616,0.658629,0.611754,0.610482,0.707307,0.700016,0.565865,0.545320,0.639989,0.493798,0.425124,0.611743,0.614602,0.616282,0.719655,0.676057,0.626662,0.566525,0.597638,0.705736,0.457022,0.558394,0.636361,0.548406,0.644770,0.598424,0.557091,0.634802,0.631600,0.737921,0.698467,0.621871,0.624247,0.633557,0.574716,0.664532,0.620029,0.572979,0.598596,0.628274,0.633375,0.594017,0.561177,0.605139,0.632331,0.588809,0.671098,0.599108,0.702659,0.507423,0.613609,0.575769,0.545382,0.503118,0.639701,0.569653,0.531767,0.652097,0.615508,0.638495,0.571454,0.616288,0.573846,0.568639,0.637370,0.531440,0.588255,0.671062,0.645329,0.535839,0.644189,0.466496,0.494747,0.612528,0.644589,0.605694,0.693878,0.610546,0.657364,0.479199,0.662900,0.666202,0.492767,0.582763,0.594001,0.578155,0.586606,0.614727,0.535268,0.643482,0.684153,0.539556,0.654753,0.637160,0.501905,0.698301,0.585857,0.659841,0.629052,0.650319,0.491206,0.558301,0.516630,0.483382,0.675832,0.569974,0.555314,0.543627,0.724429,0.608782,0.723321,0.626347,0.548688,0.628433,0.570202,0.355213,0.648557,0.663603,0.564085,0.575795,0.673047,0.541234,0.470471,0.542625,0.712288,0.626303,0.757049,0.447447,0.673412,0.557395,0.610529,0.617745,0.637513,0.632403,0.455284,0.533408,0.578438,0.623463,0.462519,0.593232,0.626575,0.700807,0.549420,0.572342,0.624126,0.520657,0.641275,#
2,0.718016,0.625329,1.000000,0.536338,0.379769,0.639412,0.529704,0.654100,0.542964,0.561819,0.625140,0.547074,0.485756,0.490886,0.627196,0.519601,0.628382,0.549380,0.571787,0.589519,0.514931,0.650938,0.610275,0.701340,0.522852,0.499249,0.678916,0.668423,0.641440,0.660232,0.648603,0.496727,0.565456,0.569588,0.604877,0.650232,0.610294,0.637335,0.709174,0.544168,0.626513,0.617039,0.633453,0.615597,0.518878,0.544574,0.740009,0.609635,0.582332,0.723740,0.456446,0.608966,0.668009,0.633078,0.738811,0.566512,0.618485,0.654665,0.565745,0.587043,0.646302,0.690187,0.633201,0.630637,0.637202,0.660248,0.677618,0.635458,0.680915,0.575697,0.649379,0.567034,0.729587,0.508119,0.710989,0.710324,0.634326,0.668128,0.546350,0.627985,0.675858,0.635272,0.650438,0.645505,0.695967,0.665326,0.670706,0.635696,0.604115,0.572030,0.602604,0.763940,0.601981,0.588583,0.703496,0.647587,0.580806,0.627359,0.739085,0.725333,0.597298,0.615251,0.552355,0.635747,0.516101,0.661154,0.614522,0.580645,0.661078,0.587262,0.645571,0.522106,0.701304,0.536758,0.593207,0.583435,0.556301,0.586568,0.639813,0.570759,0.591201,0.672471,0.497832,0.661693,0.629993,0.537018,0.643785,0.544299,0.528715,0.672083,0.685845,0.724396,0.689164,0.654067,0.618436,0.603436,0.555843,0.580837,0.597771,0.563476,0.644980,0.532703,0.437808,0.585290,0.541258,0.694924,0.596879,0.542547,0.564232,0.604805,0.684021,0.579082,0.615052,0.644503,0.567030,0.652412,0.542931,0.594848,0.505318,0.511629,0.506569,0.527460,0.566134,0.655375,0.538868,0.674855,0.784330,0.604630,0.412281,0.582815,0.658238,0.583095,0.541090,0.575165,0.634818,0.460116,0.397673,0.668579,0.610997,0.622178,0.547757,0.656166,0.519524,0.609171,0.544526,0.568691,0.593640,0.608248,0.638873,0.604139,0.659531,0.611924,0.769219,0.535317,0.637679,0.708711,0.549581,0.718834,0.522067,0.606640,#
3,0.590840,0.669056,0.536338,1.000000,0.496748,0.638695,0.535214,0.559008,0.563932,0.659651,0.557117,0.543509,0.614961,0.554955,0.577613,0.769765,0.653784,0.575634,0.656926,0.546259,0.571658,0.693644,0.603235,0.587274,0.697571,0.572935,0.574194,0.587601,0.526302,0.537463,0.612206,0.653668,0.633145,0.673072,0.563117,0.584304,0.551060,0.707274,0.400587,0.626599,0.650553,0.517876,0.578771,0.664381,0.549054,0.759955,0.700759,0.582297,0.699080,0.643886,0.580718,0.449105,0.600045,0.555007,0.577051,0.629974,0.524460,0.622109,0.707855,0.592169,0.571046,0.642867,0.472289,0.551669,0.638947,0.655387,0.589191,0.697347,0.597845,0.580888,0.624745,0.616905,0.602828,0.552544,0.577189,0.575609,0.560432,0.595375,0.567462,0.631738,0.706527,0.488910,0.622490,0.681694,0.609555,0.645770,0.658242,0.499869,0.552370,0.626780,0.492965,0.650503,0.670651,0.660446,0.594150,0.614932,0.588498,0.543400,0.588775,0.642134,0.511060,0.606967,0.499337,0.607002,0.539274,0.591611,0.500955,0.640303,0.519389,0.553684,0.633623,0.574279,0.571787,0.573836,0.661406,0.693233,0.511952,0.557157,0.571720,0.510642,0.510989,0.583422,0.565941,0.613995,0.556367,0.542774,0.666105,0.530186,0.584325,0.622426,0.524391,0.628561,0.456697,0.646672,0.692729,0.600091,0.726528,0.550149,0.499756,0.532352,0.568840,0.535605,0.530541,0.538728,0.540618,0.661302,0.552460,0.600760,0.640984,0.520625,0.573309,0.557089,0.498943,0.547634,0.567224,0.569087,0.602328,0.615953,0.518584,0.528458,0.558861,0.632199,0.552579,0.676674,0.549697,0.563351,0.576928,0.510437,0.486280,0.569699,0.577292,0.703493,0.551456,0.672816,0.563870,0.616074,0.529094,0.629982,0.692046,0.668485,0.452879,0.708982,0.510072,0.529636,0.510978,0.558161,0.556861,0.480114,0.651906,0.680119,0.496868,0.544050,0.536053,0.550869,0.597949,0.583280,0.569974,0.567476,0.519587,0.612692,#
4,0.443217,0.522382,0.379769,0.496748,1.000000,0.659327,0.586282,0.436931,0.300401,0.496892,0.488529,0.503113,0.352531,0.570418,0.460948,0.568145,0.547763,0.664649,0.483166,0.599193,0.502758,0.524061,0.444553,0.600944,0.563425,0.383252,0.509361,0.496604,0.303323,0.506310,0.685938,0.381384,0.620375,0.356380,0.492325,0.478786,0.467996,0.552534,0.356490,0.629014,0.518446,0.470268,0.441707,0.574755,0.495816,0.614161,0.573927,0.524812,0.614271,0.652987,0.491339,0.372930,0.600520,0.360766,0.573153,0.606340,0.496048,0.539589,0.591072,0.561125,0.376567,0.579837,0.460430,0.440603,0.573193,0.545666,0.592515,0.565969,0.556238,0.465144,0.617254,0.711394,0.473589,0.450126,0.451924,0.472312,0.491038,0.592289,0.566381,0.507120,0.491820,0.447983,0.604564,0.479372,0.587768,0.484703,0.495455,0.351759,0.580415,0.644458,0.409514,0.452869,0.389204,0.547002,0.374233,0.457244,0.478620,0.350295,0.387805,0.464428,0.605241,0.635242,0.519135,0.494073,0.572164,0.476467,0.509297,0.519829,0.496586,0.491414,0.439194,0.516539,0.562190,0.644729,0.500277,0.479200,0.481403,0.598818,0.459367,0.377554,0.475624,0.500038,0.604811,0.529984,0.434552,0.573185,0.456700,0.454558,0.595048,0.558109,0.649904,0.547691,0.404665,0.523048,0.645019,0.576171,0.520631,0.560204,0.460171,0.438463,0.447630,0.522453,0.533974,0.489091,0.435693,0.486445,0.556305,0.442385,0.474346,0.559199,0.576032,0.637962,0.449066,0.413906,0.575962,0.499144,0.566384,0.468019,0.562664,0.389187,0.366714,0.518066,0.579516,0.554884,0.546418,0.514328,0.504341,0.402469,0.461514,0.510795,0.464970,0.575711,0.527174,0.550679,0.619193,0.494714,0.434718,0.481719,0.574609,0.563317,0.542500,0.570425,0.591743,0.505040,0.542636,0.517466,0.443072,0.650522,0.449493,0.373302,0.474509,0.328163,0.462546,0.537494,0.545043,0.422617,0.508625,0.592845,0.495974,0.448332,#
5,0.733512,0.712652,0.639412,0.638695,0.659327,1.000000,0.628802,0.668306,0.641244,0.672023,0.547521,0.612888,0.531289,0.614924,0.601511,0.695774,0.587053,0.676136,0.649857,0.578583,0.609131,0.678582,0.654598,0.653821,0.604473,0.580778,0.712176,0.784521,0.476304,0.628217,0.721749,0.584756,0.683096,0.663334,0.640144,0.677546,0.581775,0.682071,0.567668,0.702541,0.714504,0.558430,0.588120,0.706481,0.686555,0.608630,0.704407,0.718786,0.678583,0.707293,0.633915,0.527287,0.702578,0.673707,0.694399,0.748080,0.630782,0.721720,0.774357,0.726021,0.548236,0.687833,0.576450,0.702129,0.597488,0.681569,0.669346,0.717386,0.721376,0.643810,0.724760,0.687568,0.716858,0.642690,0.631186,0.553371,0.679604,0.672697,0.615076,0.557785,0.703378,0.646221,0.678959,0.700257,0.716026,0.685132,0.638989,0.576806,0.666736,0.663967,0.647363,0.667910,0.590878,0.689352,0.561460,0.606801,0.628954,0.608005,0.704352,0.656552,0.738507,0.708568,0.729892,0.676894,0.656940,0.593262,0.604661,0.690035,0.596087,0.693299,0.611389,0.718575,0.660070,0.598579,0.598182,0.611062,0.664086,0.680874,0.558938,0.660117,0.535314,0.712985,0.694068,0.777923,0.538133,0.681593,0.678755,0.584293,0.625575,0.642581,0.740391,0.741315,0.656762,0.723763,0.687103,0.554142,0.685783,0.672691,0.634452,0.625057,0.564600,0.582305,0.652636,0.676715,0.787324,0.620654,0.601754,0.628792,0.643257,0.786538,0.747039,0.741527,0.595135,0.622568,0.489878,0.623285,0.579883,0.721424,0.717145,0.612192,0.566578,0.707692,0.669996,0.745227,0.615708,0.679031,0.663499,0.638108,0.484179,0.619518,0.803646,0.690051,0.655402,0.624001,0.607683,0.571410,0.511748,0.682712,0.771114,0.739266,0.671474,0.717120,0.531121,0.630980,0.662010,0.651712,0.597202,0.693290,0.713958,0.634107,0.626189,0.667763,0.721282,0.648081,0.651640,0.574657,0.592777,0.713126,0.653251,0.650403,#
6,0.611667,0.507611,0.529704,0.535214,0.586282,0.628802,1.000000,0.615398,0.561068,0.661718,0.592458,0.635480,0.532954,0.629633,0.518972,0.686623,0.706343,0.709234,0.601592,0.556676,0.676067,0.611362,0.572853,0.636067,0.690587,0.668814,0.661928,0.618730,0.480590,0.678349,0.703020,0.594661,0.759333,0.609329,0.565676,0.629896,0.675812,0.640146,0.556893,0.605739,0.723496,0.653659,0.611779,0.700209,0.655359,0.521947,0.705471,0.753267,0.718023,0.749643,0.660116,0.596535,0.673632,0.455147,0.687599,0.680584,0.655259,0.718981,0.742820,0.507940,0.696408,0.678228,0.631374,0.559848,0.679433,0.633292,0.724045,0.681573,0.715008,0.505210,0.689052,0.764921,0.655304,0.606913,0.556385,0.574168,0.641661,0.759509,0.659635,0.589309,0.705941,0.627482,0.594237,0.763217,0.634750,0.578139,0.619911,0.581725,0.662315,0.695402,0.612019,0.624525,0.486459,0.679008,0.559623,0.612286,0.644189,0.589933,0.593360,0.603514,0.673757,0.690249,0.626373,0.688120,0.670019,0.507486,0.687565,0.669006,0.670395,0.589926,0.537671,0.669834,0.636331,0.538140,0.471374,0.618567,0.523917,0.620309,0.480249,0.551735,0.511722,0.611794,0.616767,0.747679,0.648604,0.621767,0.571913,0.636726,0.553736,0.530445,0.722363,0.649621,0.448625,0.576129,0.682073,0.571210,0.638135,0.652994,0.669409,0.630978,0.599162,0.586371,0.544446,0.659797,0.542889,0.651239,0.749082,0.583729,0.595454,0.628994,0.600914,0.678335,0.469652,0.494617,0.552059,0.571844,0.669941,0.466291,0.542296,0.664632,0.600890,0.638087,0.555700,0.635139,0.704731,0.653364,0.681239,0.411234,0.508884,0.703063,0.646273,0.643080,0.531435,0.528176,0.631193,0.676856,0.482986,0.594397,0.696685,0.693491,0.588465,0.616196,0.625489,0.636170,0.568909,0.621485,0.616285,0.622068,0.619254,0.629233,0.614558,0.604936,0.574422,0.564306,0.694710,0.736492,0.703150,0.707646,0.576032,0.635716,#
7,0.699570,0.572649,0.654100,0.559008,0.436931,0.668306,0.615398,1.000000,0.677531,0.583945,0.608605,0.534139,0.558351,0.588663,0.570952,0.582336,0.532299,0.641055,0.546298,0.550239,0.599589,0.540778,0.717914,0.609472,0.569718,0.687117,0.634758,0.598795,0.502007,0.643718,0.601214,0.582524,0.567148,0.626157,0.612903,0.624060,0.592885,0.613937,0.543445,0.686577,0.642643,0.622955,0.617179,0.638499,0.541031,0.468504,0.662947,0.683068,0.668617,0.635373,0.688027,0.575861,0.721972,0.688764,0.655358,0.642099,0.665633,0.660195,0.662714,0.719424,0.517689,0.622893,0.611179,0.640240,0.648754,0.671463,0.757676,0.704963,0.728950,0.462511,0.707128,0.600569,0.675936,0.636633,0.608364,0.627362,0.656752,0.629059,0.547496,0.534982,0.714375,0.594035,0.661705,0.648776,0.640771,0.617798,0.714482,0.582912,0.565848,0.587147,0.621354,0.729962,0.505470,0.595755,0.602815,0.580997,0.647099,0.614163,0.652849,0.619099,0.580171,0.614470,0.602186,0.578118,0.584158,0.547532,0.553105,0.644513,0.588172,0.567105,0.717852,0.600037,0.651476,0.558177,0.508862,0.695930,0.521368,0.593363,0.503194,0.606644,0.581833,0.595176,0.570900,0.692223,0.728103,0.657746,0.577008,0.604100,0.424635,0.594914,0.619680,0.674535,0.645395,0.555234,0.687899,0.643911,0.617030,0.709810,0.563652,0.627911,0.539038,0.569968,0.604321,0.629550,0.651089,0.603982,0.626582,0.485926,0.641357,0.638757,0.594550,0.550072,0.638628,0.538588,0.490888,0.631559,0.621648,0.637568,0.669588,0.639307,0.589094,0.610298,0.645785,0.594526,0.592381,0.633658,0.690736,0.581087,0.513301,0.557897,0.740154,0.631593,0.516534,0.657499,0.589256,0.403921,0.516108,0.562418,0.682512,0.685938,0.511097,0.713252,0.570814,0.619309,0.563182,0.663546,0.613543,0.548989,0.646029,0.717987,0.677386,0.578201,0.622826,0.530678,0.678218,0.645871,0.552257,0.731377,0.668799,0.605428,#
8,0.606842,0.524735,0.542964,0.563932,0.300401,0.641244,0.561068,0.677531,1.000000,0.553997,0.490035,0.490530,0.572840,0.524560,0.529132,0.609532,0.538836,0.660016,0.500449,0.606942,0.576969,0.601065,0.606688,0.521617,0.663747,0.537143,0.567087,0.508349,0.498724,0.597719,0.556943,0.552482,0.524299,0.557338,0.547554,0.692282,0.522323,0.611660,0.540559,0.567748,0.513401,0.508547,0.708886,0.566983,0.584742,0.480648,0.604490,0.703642,0.560995,0.600828,0.579865,0.484561,0.512315,0.667867,0.558997,0.627297,0.598072,0.491237,0.643062,0.490474,0.544794,0.620779,0.638033,0.599149,0.646558,0.605266,0.603824,0.668583,0.679300,0.436590,0.630972,0.609127,0.654226,0.512805,0.587531,0.467201,0.561240,0.575880,0.467102,0.456269,0.684717,0.575150,0.562324,0.629784,0.602051,0.565831,0.578353,0.612823,0.556926,0.511178,0.553015,0.583650,0.482197,0.529159,0.596588,0.547026,0.596444,0.609203,0.695635,0.603645,0.643134,0.487172,0.575495,0.605858,0.430153,0.502115,0.540006,0.611057,0.473581,0.620654,0.524680,0.595341,0.633462,0.477445,0.477087,0.605340,0.434206,0.522236,0.581522,0.545949,0.482501,0.568617,0.452118,0.642851,0.547488,0.509569,0.514368,0.471247,0.516675,0.534070,0.482007,0.646209,0.533578,0.528027,0.592228,0.526449,0.564410,0.563415,0.569055,0.557310,0.548342,0.539311,0.610120,0.581630,0.582365,0.490827,0.523505,0.466220,0.620041,0.584952,0.530758,0.568954,0.505506,0.589249,0.375403,0.583429,0.577393,0.669147,0.649557,0.569193,0.515155,0.580475,0.656747,0.606330,0.544030,0.521641,0.550630,0.590066,0.446705,0.498579,0.676349,0.563860,0.507441,0.520171,0.547063,0.462270,0.433150,0.649695,0.576217,0.574536,0.414389,0.686473,0.529586,0.550606,0.496325,0.498691,0.666169,0.523213,0.615280,0.690985,0.663929,0.670214,0.631922,0.593426,0.612686,0.524747,0.533932,0.600748,0.537951,0.684971,#
9,0.680296,0.629155,0.561819,0.659651,0.496892,0.672023,0.661718,0.583945,0.553997,1.000000,0.601842,0.575330,0.661067,0.650534,0.701048,0.710351,0.688943,0.700531,0.600472,0.529901,0.666870,0.591593,0.632324,0.672977,0.616364,0.612146,0.600662,0.757264,0.512887,0.731255,0.641156,0.609793,0.677597,0.642032,0.607479,0.650157,0.650572,0.721109,0.593077,0.668247,0.675951,0.650442,0.602263,0.668235,0.674063,0.641516,0.651034,0.710950,0.709506,0.670061,0.632082,0.510124,0.604784,0.613249,0.681444,0.651019,0.651706,0.780737,0.659550,0.604402,0.629437,0.675001,0.603150,0.597193,0.571862,0.705006,0.682310,0.693126,0.742088,0.522808,0.608020,0.667019,0.693651,0.561847,0.635640,0.643753,0.686498,0.724293,0.584838,0.681423,0.709848,0.701989,0.656268,0.806569,0.589981,0.651070,0.640242,0.685932,0.641947,0.636158,0.564371,0.631183,0.636078,0.642219,0.647741,0.664192,0.653354,0.557201,0.603279,0.696870,0.726618,0.704350,0.656637,0.729205,0.651732,0.561824,0.584201,0.754281,0.655974,0.693099,0.712174,0.634436,0.639739,0.598431,0.587752,0.723664,0.378263,0.640014,0.530389,0.669836,0.488129,0.737319,0.654545,0.695969,0.645237,0.679470,0.681452,0.579462,0.639310,0.601460,0.581553,0.706161,0.542208,0.598448,0.649474,0.479023,0.657167,0.686624,0.586849,0.598533,0.655356,0.621842,0.643274,0.730622,0.626310,0.773111,0.664749,0.604048,0.711541,0.603602,0.659350,0.659474,0.567422,0.661187,0.642344,0.558073,0.595116,0.613162,0.590017,0.634168,0.677871,0.763054,0.609242,0.641295,0.696477,0.717253,0.549513,0.569620,0.568560,0.648767,0.703192,0.592724,0.649955,0.544929,0.658072,0.680707,0.589101,0.717882,0.595462,0.718556,0.694836,0.645966,0.686820,0.616066,0.590469,0.616581,0.611382,0.653080,0.651463,0.585822,0.683386,0.658566,0.575733,0.576065,0.619771,0.620617,0.735966,0.660960,0.618550,0.651040,#
10,0.580776,0.587004,0.625140,0.557117,0.488529,0.547521,0.592458,0.608605,0.490035,0.601842,1.000000,0.512109,0.561755,0.576109,0.509254,0.589078,0.614631,0.567479,0.675689,0.584187,0.590175,0.597282,0.651452,0.678737,0.521522,0.539330,0.627740,0.668472,0.580301,0.687931,0.591223,0.541560,0.664612,0.667326,0.617992,0.673747,0.606769,0.603073,0.639038,0.665655,0.610194,0.557094,0.670531,0.579961,0.553837,0.609923,0.725026,0.643193,0.614054,0.723746,0.618476,0.617384,0.593284,0.455683,0.691247,0.639602,0.643064,0.690963,0.583585,0.633235,0.659538,0.633404,0.666856,0.554953,0.635381,0.534298,0.691266,0.619179,0.736538,0.554435,0.740380,0.652979,0.739119,0.361343,0.637956,0.707708,0.633686,0.730376,0.603429,0.547351,0.712525,0.592582,0.589873,0.634130,0.625181,0.578497,0.668441,0.510799,0.632506,0.714508,0.485864,0.641254,0.693074,0.516394,0.546519,0.613629,0.594789,0.717304,0.595416,0.672968,0.560610,0.566163,0.566505,0.675762,0.686023,0.630466,0.587547,0.580442,0.548799,0.582884,0.662355,0.534551,0.721755,0.621540,0.529636,0.651191,0.470054,0.614849,0.574751,0.576705,0.572976,0.621382,0.474623,0.683074,0.577306,0.510352,0.618849,0.561832,0.670855,0.648646,0.627857,0.618177,0.515238,0.618834,0.657353,0.712823,0.566490,0.576096,0.637542,0.723859,0.666065,0.645468,0.474125,0.635020,0.515509,0.633025,0.665516,0.573118,0.626948,0.607273,0.526068,0.599962,0.553555,0.484013,0.649190,0.556593,0.622592,0.692002,0.501786,0.514571,0.645385,0.566586,0.565026,0.682367,0.652048,0.510720,0.618592,0.451500,0.524987,0.681031,0.627601,0.698856,0.457736,0.523108,0.646416,0.582125,0.464685,0.639368,0.577870,0.646756,0.473471,0.649599,0.635522,0.595639,0.511259,0.645054,0.547540,0.609154,0.513730,0.659651,0.621826,0.528483,0.615576,0.658402,0.631771,0.663648,0.641113,0.638849,0.565452,0.699967,#
11,0.685518,0.548034,0.547074,0.543509,0.503113,0.612888,0.635480,0.534139,0.490530,0.575330,0.512109,1.000000,0.610654,0.626943,0.640141,0.621696,0.626430,0.674830,0.735375,0.561603,0.515627,0.578270,0.650411,0.696665,0.592729,0.473419,0.654283,0.490965,0.518928,0.527025,0.559890,0.589224,0.708870,0.587024,0.549658,0.661590,0.639955,0.685486,0.527495,0.614901,0.633342,0.515777,0.645928,0.601556,0.574423,0.431667,0.701293,0.722654,0.584975,0.699348,0.536162,0.473515,0.631498,0.475772,0.586349,0.685750,0.547541,0.653975,0.639499,0.585447,0.560166,0.577239,0.639724,0.524532,0.586165,0.633687,0.636232,0.675914,0.723251,0.556632,0.706045,0.524630,0.672396,0.605170,0.691305,0.567150,0.777826,0.683108,0.516216,0.491210,0.580667,0.558338,0.706426,0.662487,0.773518,0.640077,0.526360,0.554208,0.524481,0.536256,0.660939,0.596094,0.498132,0.552638,0.541363,0.567955,0.609807,0.617147,0.655341,0.668319,0.578171,0.682537,0.702443,0.587906,0.639943,0.475287,0.593868,0.672907,0.630723,0.612525,0.666319,0.695031,0.662312,0.554965,0.469571,0.633967,0.544315,0.485309,0.624572,0.643869,0.488626,0.623616,0.614308,0.714090,0.690697,0.613394,0.710478,0.578276,0.554074,0.606377,0.680841,0.556654,0.513886,0.597794,0.683654,0.514310,0.620190,0.602260,0.637606,0.540259,0.520414,0.546722,0.573090,0.675129,0.557056,0.622758,0.629013,0.567156,0.600735,0.599808,0.594893,0.577203,0.515632,0.656892,0.561337,0.606580,0.676517,0.538535,0.544393,0.543729,0.710241,0.688846,0.699005,0.627820,0.678909,0.605570,0.735319,0.502459,0.532497,0.746654,0.629283,0.595593,0.650728,0.664168,0.619555,0.566716,0.638795,0.621214,0.660891,0.681494,0.511148,0.659228,0.696167,0.518694,0.583521,0.490767,0.606062,0.657838,0.549526,0.578121,0.598883,0.649720,0.584476,0.552283,0.522872,0.604936,0.588554,0.588802,0.577195,0.600968,#
12,0.559432,0.490239,0.485756,0.614961,0.352531,0.531289,0.532954,0.558351,0.572840,0.661067,0.561755,0.610654,1.000000,0.601701,0.624812,0.626965,0.519220,0.664577,0.644857,0.519998,0.580923,0.482446,0.644164,0.661621,0.620900,0.620304,0.555396,0.636019,0.468546,0.558553,0.519460,0.552466,0.586796,0.688377,0.574346,0.660756,0.606916,0.713579,0.577671,0.559120,0.519605,0.487996,0.594386,0.571324,0.655228,0.595630,0.691040,0.553184,0.623011,0.651471,0.695081,0.408778,0.516952,0.580863,0.676284,0.642089,0.588693,0.593877,0.541999,0.543423,0.573809,0.672690,0.640575,0.541758,0.662397,0.670241,0.592291,0.573403,0.745023,0.564356,0.631348,0.571267,0.597649,0.530682,0.654533,0.539981,0.655862,0.654754,0.588073,0.642405,0.634294,0.526809,0.631195,0.693361,0.574496,0.627290,0.506629,0.600832,0.523724,0.481543,0.626889,0.630726,0.633866,0.481554,0.541162,0.671063,0.690126,0.544706,0.578092,0.611706,0.460438,0.642989,0.578557,0.667070,0.457029,0.521925,0.449778,0.550025,0.621958,0.636415,0.616550,0.632344,0.634720,0.434516,0.648649,0.672810,0.366538,0.462739,0.604624,0.722592,0.454471,0.602340,0.490029,0.649723,0.594518,0.607993,0.698706,0.502070,0.562826,0.552026,0.501589,0.506775,0.439552,0.576788,0.557882,0.545101,0.527350,0.562267,0.495243,0.569872,0.647211,0.515497,0.504154,0.698240,0.449602,0.602784,0.584380,0.466835,0.670667,0.651092,0.593157,0.476237,0.573700,0.528660,0.486322,0.670100,0.659529,0.699951,0.639110,0.593609,0.559281,0.649805,0.600051,0.618067,0.672483,0.427115,0.527950,0.649983,0.407451,0.624398,0.597624,0.608541,0.571694,0.579379,0.514278,0.474266,0.675420,0.647556,0.568245,0.602061,0.490643,0.666546,0.615216,0.469058,0.451699,0.480129,0.477167,0.598830,0.611994,0.587525,0.531108,0.570634,0.525068,0.509472,0.507000,0.665389,0.600354,0.627297,0.634159,0.519463,#
13,0.601422,0.535838,0.490886,0.554955,0.570418,0.614924,0.629633,0.588663,0.524560,0.650534,0.576109,0.626943,0.601701,1.000000,0.602797,0.535018,0.460542,0.710762,0.603781,0.603821,0.578975,0.507502,0.631825,0.601504,0.633627,0.485709,0.536754,0.618469,0.506013,0.686767,0.529891,0.517234,0.621756,0.632050,0.394453,0.587252,0.596845,0.680713,0.561633,0.650468,0.772317,0.557457,0.622443,0.626636,0.647617,0.633451,0.701063,0.624456,0.623340,0.630883,0.651200,0.606805,0.577324,0.514095,0.610803,0.717983,0.656209,0.700693,0.732350,0.657328,0.605228,0.631364,0.629659,0.644280,0.686835,0.726479,0.620873,0.683995,0.715469,0.508004,0.625415,0.626749,0.661458,0.621092,0.559289,0.561511,0.646997,0.703539,0.664310,0.591597,0.645577,0.623437,0.604706,0.735917,0.588985,0.693731,0.608215,0.496031,0.662020,0.593275,0.477337,0.683634,0.516700,0.584488,0.599861,0.595287,0.583370,0.552801,0.566825,0.641355,0.633716,0.652133,0.684094,0.645935,0.628101,0.621101,0.562577,0.639226,0.622572,0.583032,0.595311,0.671077,0.664555,0.576068,0.591635,0.694193,0.418846,0.611124,0.658913,0.612995,0.615958,0.645642,0.603175,0.616192,0.589305,0.651424,0.721948,0.552848,0.565246,0.615428,0.641189,0.594128,0.523116,0.658403,0.633272,0.543029,0.638995,0.705494,0.704870,0.549281,0.607927,0.717505,0.619356,0.670759,0.549035,0.607596,0.671020,0.492347,0.677845,0.633224,0.661425,0.653000,0.528816,0.548616,0.514499,0.524654,0.718995,0.654681,0.668365,0.537750,0.616541,0.715319,0.556882,0.701443,0.687812,0.576933,0.592469,0.559837,0.604167,0.665097,0.667821,0.700234,0.726154,0.570891,0.731971,0.602006,0.618356,0.642341,0.693801,0.651403,0.566498,0.644282,0.707619,0.533906,0.678436,0.634409,0.568089,0.680528,0.572434,0.635492,0.565446,0.560951,0.605736,0.666888,0.643323,0.551468,0.637398,0.660935,0.588214,0.529311,#
14,0.642710,0.649528,0.627196,0.577613,0.460948,0.601511,0.518972,0.570952,0.529132,0.701048,0.509254,0.640141,0.624812,0.602797,1.000000,0.577409,0.559441,0.549717,0.516407,0.538750,0.537307,0.589094,0.651097,0.717655,0.595531,0.393923,0.587482,0.582722,0.411676,0.593112,0.644588,0.485952,0.604808,0.620067,0.656363,0.610446,0.478012,0.642366,0.607819,0.540348,0.601661,0.540401,0.604180,0.653053,0.566130,0.550280,0.689643,0.582057,0.554119,0.617378,0.552307,0.511393,0.584344,0.660778,0.617324,0.609969,0.552952,0.599979,0.629263,0.522174,0.560672,0.688889,0.572895,0.496797,0.613343,0.550469,0.633205,0.671659,0.695827,0.541588,0.539152,0.551419,0.630991,0.604051,0.659160,0.569429,0.547546,0.708701,0.586208,0.479984,0.628888,0.581248,0.598059,0.643786,0.647830,0.657895,0.534379,0.541226,0.590590,0.421244,0.516402,0.586114,0.563097,0.620090,0.738350,0.542797,0.620644,0.560642,0.566553,0.601899,0.634668,0.675932,0.645158,0.545225,0.573978,0.609662,0.502791,0.553897,0.697967,0.575652,0.679544,0.643954,0.634883,0.570027,0.449368,0.582089,0.368287,0.442642,0.528655,0.587923,0.521033,0.656649,0.499079,0.563852,0.652909,0.540272,0.660929,0.592292,0.489934,0.534396,0.554034,0.613557,0.454562,0.487246,0.605392,0.533849,0.623822,0.576345,0.570227,0.553665,0.621765,0.618209,0.481536,0.629226,0.475623,0.671623,0.688803,0.507182,0.623531,0.505656,0.645434,0.566976,0.476211,0.586650,0.550997,0.563347,0.511680,0.591484,0.509835,0.594023,0.634909,0.594162,0.570136,0.548183,0.540202,0.518098,0.550229,0.544680,0.388244,0.669909,0.609050,0.547509,0.586176,0.619684,0.658289,0.526331,0.625348,0.677125,0.560250,0.623442,0.474671,0.681307,0.594661,0.601831,0.636082,0.546147,0.613156,0.512077,0.648944,0.539083,0.587113,0.487141,0.595883,0.551102,0.542630,0.605925,0.583662,0.601996,0.487760,0.466927,#
15,0.645901,0.616026,0.519601,0.769765,0.568145,0.695774,0.686623,0.582336,0.609532,0.710351,0.589078,0.621696,0.626965,0.535018,0.577409,1.000000,0.653697,0.646571,0.664691,0.605837,0.577694,0.680529,0.618819,0.613119,0.651312,0.544205,0.555070,0.583492,0.442332,0.606499,0.720160,0.602095,0.706794,0.757869,0.543368,0.726326,0.637813,0.674820,0.559035,0.585939,0.585845,0.490759,0.587674,0.611986,0.690898,0.577574,0.685493,0.689861,0.758298,0.708946,0.631494,0.531960,0.612843,0.526744,0.641461,0.641949,0.634561,0.698814,0.671657,0.535177,0.613779,0.673724,0.551661,0.634578,0.607410,0.664703,0.610744,0.710192,0.696805,0.528974,0.684607,0.707985,0.636305,0.522352,0.649643,0.512296,0.636746,0.660863,0.639556,0.564324,0.619125,0.578428,0.701862,0.685398,0.677461,0.662430,0.572204,0.524919,0.586271,0.578161,0.526414,0.616789,0.564718,0.617384,0.541727,0.538374,0.590960,0.660040,0.586063,0.657050,0.631542,0.656006,0.642647,0.684801,0.659857,0.501318,0.551278,0.736173,0.573457,0.667122,0.553913,0.524190,0.669651,0.542291,0.595982,0.590963,0.522374,0.578281,0.607111,0.643733,0.463814,0.638010,0.610194,0.711222,0.673308,0.648198,0.629222,0.579845,0.697393,0.570239,0.656991,0.608897,0.400224,0.567123,0.685287,0.579409,0.662447,0.653814,0.529071,0.571139,0.621807,0.581785,0.539409,0.671955,0.588132,0.710279,0.605789,0.540801,0.624478,0.679766,0.644785,0.597306,0.606172,0.637437,0.597744,0.594772,0.686880,0.573381,0.678309,0.593813,0.573497,0.734158,0.655619,0.700368,0.680741,0.608161,0.582937,0.513033,0.572079,0.621324,0.655552,0.663869,0.558825,0.659603,0.592420,0.695372,0.539644,0.625720,0.689604,0.650632,0.520479,0.665680,0.546143,0.729501,0.535265,0.476510,0.524135,0.578788,0.610262,0.653373,0.522110,0.598818,0.617115,0.594231,0.646489,0.627567,0.657528,0.615846,0.627765,0.734717,#
16,0.659728,0.550505,0.628382,0.653784,0.547763,0.587053,0.706343,0.532299,0.538836,0.688943,0.614631,0.626430,0.519220,0.460542,0.559441,0.653697,1.000000,0.643163,0.678873,0.538589,0.706086,0.644545,0.529311,0.693069,0.577489,0.581245,0.617138,0.478160,0.460882,0.549642,0.722642,0.620676,0.680132,0.514897,0.628146,0.648863,0.641498,0.681891,0.527269,0.652594,0.551171,0.599055,0.584735,0.652505,0.558900,0.619779,0.638430,0.677671,0.649342,0.723193,0.540704,0.531918,0.678353,0.567012,0.645655,0.677226,0.486027,0.628253,0.615029,0.513213,0.684447,0.689175,0.605204,0.519741,0.609352,0.547078,0.709270,0.698086,0.722212,0.613350,0.666938,0.682779,0.653534,0.513983,0.656921,0.568768,0.622195,0.668853,0.536565,0.650013,0.710015,0.605146,0.612068,0.692822,0.705610,0.608813,0.630188,0.549741,0.616263,0.644343,0.517007,0.639812,0.629310,0.608236,0.626255,0.707479,0.615779,0.487866,0.677371,0.604570,0.632807,0.631968,0.577529,0.635432,0.564233,0.637685,0.695927,0.638717,0.714494,0.611910,0.657827,0.592055,0.601855,0.668254,0.597832,0.671977,0.570805,0.609284,0.496608,0.460961,0.458215,0.610896,0.496745,0.667989,0.636885,0.584929,0.593274,0.463614,0.590075,0.576648,0.686011,0.570780,0.563417,0.579184,0.757711,0.716344,0.593484,0.574888,0.577415,0.631852,0.608597,0.599939,0.632536,0.605085,0.491919,0.598004,0.612351,0.642968,0.540557,0.564674,0.586824,0.649990,0.450078,0.633292,0.709323,0.580580,0.531877,0.592195,0.543580,0.546215,0.566701,0.575529,0.653071,0.603510,0.655742,0.652551,0.662223,0.499821,0.555541,0.665560,0.575086,0.582074,0.590524,0.619969,0.595560,0.636182,0.429668,0.682990,0.604239,0.667708,0.540408,0.610355,0.619794,0.575185,0.515487,0.579824,0.661907,0.615457,0.634586,0.590068,0.676785,0.530738,0.680893,0.552846,0.592063,0.717124,0.647258,0.708843,0.584472,0.688657,#
17,0.687669,0.557567,0.549380,0.575634,0.664649,0.676136,0.709234,0.641055,0.660016,0.700531,0.567479,0.674830,0.664577,0.710762,0.549717,0.646571,0.643163,1.000000,0.590526,0.684013,0.670694,0.577440,0.685213,0.742060,0.754772,0.558059,0.676158,0.610607,0.464247,0.714059,0.735178,0.674362,0.642678,0.540435,0.560072,0.693742,0.632999,0.747174,0.575371,0.770097,0.610174,0.641155,0.630988,0.689025,0.680168,0.597391,0.727440,0.815771,0.705913,0.745892,0.676360,0.486912,0.646136,0.570013,0.639879,0.723484,0.638283,0.670979,0.690726,0.627460,0.577570,0.709257,0.697734,0.627103,0.689923,0.770259,0.785955,0.729325,0.763770,0.575094,0.731641,0.685143,0.666999,0.607973,0.641559,0.589331,0.730507,0.785700,0.623627,0.724208,0.684391,0.671055,0.745177,0.761387,0.697020,0.649405,0.687251,0.693898,0.632866,0.698254,0.613494,0.620864,0.582084,0.598826,0.604295,0.708536,0.713919,0.527011,0.622659,0.741692,0.737422,0.741089,0.697908,0.715119,0.546981,0.529781,0.642407,0.713381,0.582258,0.731557,0.602068,0.645767,0.722587,0.649926,0.667455,0.687305,0.518678,0.641238,0.613369,0.641294,0.596856,0.651595,0.665811,0.753303,0.625410,0.672596,0.663729,0.603463,0.618646,0.618393,0.686172,0.726117,0.567614,0.633617,0.722737,0.613689,0.697228,0.662553,0.673115,0.662040,0.675069,0.614369,0.739046,0.661723,0.643947,0.638947,0.670517,0.547766,0.685143,0.666706,0.688209,0.732477,0.629170,0.604213,0.601583,0.728809,0.758313,0.665715,0.724173,0.587077,0.660811,0.692067,0.671505,0.622311,0.755323,0.660475,0.587027,0.561649,0.567137,0.694670,0.678844,0.700588,0.689057,0.641098,0.749846,0.545860,0.569129,0.721138,0.686478,0.686734,0.696550,0.672534,0.692129,0.650160,0.604850,0.564928,0.695924,0.783951,0.643832,0.653663,0.666574,0.692341,0.702964,0.664712,0.676694,0.675049,0.708217,0.725646,0.696809,0.612382,#
18,0.663388,0.614720,0.571787,0.656926,0.483166,0.649857,0.601592,0.546298,0.500449,0.600472,0.675689,0.735375,0.644857,0.603781,0.516407,0.664691,0.678873,0.590526,1.000000,0.545230,0.597920,0.666029,0.622078,0.622621,0.565053,0.613776,0.724491,0.556227,0.487072,0.632294,0.612549,0.659047,0.696803,0.679529,0.605494,0.754326,0.659989,0.682274,0.592975,0.672504,0.641043,0.585302,0.665234,0.556893,0.658487,0.629254,0.702111,0.677388,0.719063,0.646069,0.559069,0.485412,0.672854,0.487687,0.647852,0.697144,0.624816,0.633062,0.626933,0.691629,0.686925,0.637670,0.622621,0.620224,0.638501,0.597702,0.596313,0.693953,0.760588,0.656779,0.702194,0.641670,0.675123,0.462624,0.695343,0.570782,0.689341,0.613198,0.589060,0.554895,0.641181,0.569883,0.610855,0.702678,0.770569,0.662269,0.622563,0.545968,0.713622,0.594271,0.596520,0.611620,0.676092,0.615134,0.550725,0.628962,0.598688,0.644786,0.682448,0.663916,0.566253,0.595279,0.630870,0.664388,0.560977,0.598608,0.584683,0.641090,0.633794,0.673372,0.717372,0.626539,0.727743,0.573319,0.540163,0.674413,0.601177,0.651015,0.665421,0.658088,0.517793,0.666090,0.538232,0.705994,0.608457,0.602668,0.744634,0.484732,0.681490,0.623946,0.682781,0.642469,0.573416,0.616560,0.663473,0.564640,0.667684,0.614648,0.630073,0.679223,0.600149,0.634640,0.599090,0.737217,0.538302,0.608825,0.582112,0.538416,0.692257,0.581190,0.598791,0.616150,0.581321,0.529851,0.666736,0.665647,0.631042,0.689414,0.591708,0.549160,0.686494,0.705317,0.729350,0.675122,0.649801,0.610420,0.779969,0.542344,0.511072,0.699260,0.607885,0.668157,0.633137,0.672843,0.552311,0.620310,0.578731,0.666116,0.735452,0.707706,0.538552,0.651585,0.675736,0.538549,0.585925,0.660264,0.582428,0.656558,0.608874,0.683488,0.555361,0.616910,0.603439,0.648414,0.616175,0.642474,0.586727,0.714337,0.600477,0.645581,#
19,0.590801,0.599916,0.589519,0.546259,0.599193,0.578583,0.556676,0.550239,0.606942,0.529901,0.584187,0.561603,0.519998,0.603821,0.538750,0.605837,0.538589,0.684013,0.545230,1.000000,0.592104,0.546687,0.584834,0.608758,0.591073,0.459926,0.562164,0.529956,0.479840,0.635204,0.681149,0.659112,0.619878,0.534626,0.499619,0.729929,0.448653,0.613991,0.567755,0.593346,0.596034,0.579520,0.623078,0.644133,0.599584,0.599682,0.766767,0.667474,0.567167,0.589975,0.503579,0.497480,0.592226,0.484000,0.628075,0.552283,0.648036,0.630675,0.561690,0.465126,0.581701,0.542282,0.695434,0.583749,0.614431,0.667125,0.612209,0.566462,0.699048,0.550149,0.591059,0.669933,0.610819,0.488644,0.604039,0.467443,0.517584,0.588737,0.506764,0.505808,0.673168,0.544803,0.656137,0.537538,0.604604,0.484194,0.591441,0.572919,0.656809,0.531339,0.555387,0.584374,0.499871,0.640291,0.524761,0.536026,0.560435,0.559703,0.542424,0.637070,0.590679,0.586898,0.550579,0.606330,0.585635,0.439043,0.560304,0.548166,0.552354,0.576461,0.605245,0.523681,0.640474,0.616712,0.589752,0.611664,0.503330,0.557187,0.538566,0.491375,0.594907,0.594538,0.388530,0.764247,0.609981,0.594069,0.573054,0.497956,0.717374,0.714646,0.611054,0.665753,0.568576,0.632844,0.647308,0.629725,0.541219,0.574555,0.587223,0.552887,0.585566,0.561164,0.587237,0.610126,0.440449,0.542253,0.483103,0.496512,0.615134,0.550011,0.534170,0.584149,0.551801,0.557894,0.588415,0.515115,0.638073,0.648270,0.569173,0.538149,0.446261,0.625980,0.569486,0.617040,0.573391,0.515760,0.567051,0.614920,0.493396,0.572649,0.579286,0.611816,0.605801,0.547968,0.641238,0.427966,0.556047,0.634902,0.607855,0.528290,0.445622,0.597345,0.633514,0.606919,0.502909,0.500197,0.486014,0.644476,0.571688,0.627551,0.614684,0.510795,0.601152,0.607502,0.695278,0.580926,0.561296,0.577360,0.528085,0.591875,#
20,0.698214,0.643965,0.514931,0.571658,0.502758,0.609131,0.676067,0.599589,0.576969,0.666870,0.590175,0.515627,0.580923,0.578975,0.537307,0.577694,0.706086,0.670694,0.597920,0.592104,1.000000,0.614111,0.541781,0.686887,0.602336,0.625061,0.619257,0.663468,0.446771,0.621420,0.666480,0.594503,0.560195,0.660431,0.610201,0.582176,0.630276,0.659472,0.647740,0.666606,0.627816,0.649586,0.600642,0.781779,0.638127,0.563617,0.657033,0.728771,0.590723,0.635706,0.632289,0.583542,0.582514,0.579396,0.610880,0.651588,0.554151,0.647955,0.628731,0.548121,0.669062,0.673665,0.664768,0.565258,0.648180,0.678396,0.710112,0.642513,0.715569,0.492231,0.584102,0.713376,0.599944,0.555163,0.571337,0.455357,0.545688,0.697747,0.654118,0.673440,0.680847,0.664889,0.555213,0.730113,0.573073,0.639028,0.669130,0.579702,0.656795,0.698697,0.603420,0.630558,0.557025,0.680909,0.621641,0.613123,0.539746,0.419396,0.628228,0.662653,0.645608,0.679414,0.578211,0.735204,0.650222,0.501009,0.660666,0.688863,0.650322,0.661055,0.646551,0.649451,0.601798,0.509367,0.656815,0.629092,0.537054,0.621453,0.508283,0.502916,0.588283,0.667630,0.545447,0.736825,0.607700,0.620493,0.533479,0.491326,0.526489,0.550752,0.608895,0.550424,0.648959,0.681561,0.664664,0.522495,0.501474,0.692770,0.609180,0.681439,0.597205,0.498494,0.625199,0.712743,0.593233,0.572236,0.648744,0.612867,0.613411,0.675858,0.655182,0.610334,0.573433,0.515715,0.611407,0.633742,0.558309,0.697873,0.573812,0.582880,0.587161,0.635489,0.568880,0.651202,0.710411,0.549654,0.547315,0.530253,0.429080,0.650707,0.589610,0.580189,0.629848,0.597437,0.601640,0.499085,0.578934,0.721590,0.632067,0.742572,0.491325,0.644209,0.607885,0.564131,0.515021,0.622927,0.580036,0.670158,0.595904,0.599361,0.587981,0.518075,0.645927,0.660491,0.693146,0.626584,0.685041,0.717750,0.652489,0.692948,#
21,0.584423,0.769239,0.650938,0.693644,0.524061,0.678582,0.611362,0.540778,0.601065,0.591593,0.597282,0.578270,0.482446,0.507502,0.589094,0.680529,0.644545,0.577440,0.666029,0.546687,0.614111,1.000000,0.648975,0.690422,0.577760,0.456472,0.707337,0.628259,0.527335,0.609564,0.672413,0.518664,0.622490,0.702459,0.617572,0.706211,0.554171,0.624539,0.595336,0.576333,0.590279,0.642540,0.599147,0.652088,0.690415,0.612966,0.657342,0.658900,0.618562,0.668831,0.533812,0.558573,0.644484,0.587406,0.694357,0.656377,0.616595,0.635683,0.760734,0.549917,0.572761,0.743962,0.476125,0.510961,0.631789,0.604950,0.640438,0.651418,0.718537,0.709874,0.644548,0.702667,0.705172,0.573504,0.685513,0.592114,0.652766,0.661888,0.624778,0.568124,0.640768,0.580377,0.682358,0.709723,0.709964,0.630002,0.579656,0.635783,0.730061,0.701962,0.500719,0.577436,0.633646,0.601216,0.619618,0.650107,0.625234,0.622161,0.662913,0.678248,0.654621,0.655033,0.476696,0.710502,0.549162,0.650604,0.599956,0.685914,0.555340,0.652482,0.675476,0.581185,0.710925,0.619457,0.503194,0.532653,0.569128,0.746027,0.581493,0.622569,0.538068,0.562342,0.587745,0.658040,0.594509,0.507772,0.644760,0.627069,0.577486,0.664550,0.653526,0.671202,0.485135,0.617543,0.735750,0.502107,0.632966,0.537295,0.561927,0.595661,0.705432,0.632024,0.547908,0.648001,0.520912,0.633119,0.672697,0.495640,0.642929,0.591869,0.644397,0.652216,0.623136,0.571412,0.535364,0.625916,0.615726,0.635608,0.533274,0.561293,0.623167,0.691252,0.684063,0.720798,0.733031,0.613966,0.647935,0.556324,0.375932,0.607340,0.626882,0.636762,0.611923,0.626058,0.518736,0.588028,0.493798,0.679305,0.663151,0.690364,0.521330,0.701794,0.575868,0.689458,0.574608,0.611490,0.676572,0.545818,0.560388,0.609777,0.579985,0.516490,0.615698,0.655738,0.685663,0.651496,0.643576,0.657031,0.488541,0.715609,#
