0,1.000000,0.061372,0.194007,-0.020358,0.154590,-0.015532,-0.139364,-0.170293,0.065081,0.042745,0.115695,-0.136211,-0.031707,0.045243,0.098463,0.181545,-0.057833,-0.029310,0.137391,0.073277,0.127192,0.180989,0.020681,0.133455,0.244389,0.143031,0.115056,-0.048149,0.134687,0.153160,-0.014134,0.110717,0.104554,0.194626,0.059592,-0.074468,0.037035,0.000076,0.277495,0.148528,0.206763,-0.047188,0.158576,-0.079852,0.007421,-0.007440,0.056512,0.408105,0.204225,0.299086,0.106640,-0.143175,0.117640,0.133786,0.059869,0.281710,0.129697,0.009791,-0.169585,-0.102753,0.071091,-0.153388,0.283816,-0.263419,-0.213365,-0.105759,-0.183795,0.164994,0.140682,-0.000116,0.318605,-0.056312,0.188419,0.170992,0.018524,-0.224325,0.169141,0.082481,-0.039282,0.047028,0.025511,0.067611,-0.030377,0.293755,0.205261,-0.063292,0.230516,0.241787,0.222241,0.078524,0.153479,0.053245,0.125929,0.119129,0.199299,0.100422,0.170479,0.044508,0.061462,0.158576,0.237826,0.178620,-0.048705,0.155689,0.132124,-0.008781,0.190581,0.132129,0.075404,-0.147585,-0.091353,0.092566,-0.130690,0.133421,0.007474,-0.141713,0.157438,0.083186,0.112342,-0.049474,0.168559,0.321986,0.213081,0.077762,-0.087161,0.089902,0.142679,-0.213739,0.231488,0.125510,0.238610,0.183861,0.102468,0.251242,0.054042,-0.152868,0.193673,-0.100087,0.141890,0.157447,0.196161,0.084589,0.101402,-0.103391,0.028856,0.116512,0.180321,0.132841,0.318318,0.168687,-0.015192,-0.000131,0.245652,-0.183090,0.109399,0.274907,0.006115,0.034824,-0.012453,0.128593,-0.101377,0.144611,-0.168629,-0.072408,0.260068,0.028071,-0.066537,0.168053,0.171995,-0.037153,0.237086,-0.021753,-0.058995,0.257560,-0.100443,0.139538,0.175902,0.224995,0.128659,-0.161504,0.157043,0.153300,-0.069557,0.000037,0.181020,-0.190918,0.293462,0.200342,0.234929,0.056492,-0.083523,0.023232,-0.034536,0.144863,0.088615,0.018964,-0.119579,0.187453,0.287390,0.175775,#
1,0.061372,1.000000,0.020299,0.213256,0.161905,-0.031220,0.148743,0.003826,0.200087,-0.078483,0.151360,0.172994,-0.020392,0.078815,0.029342,-0.267541,0.085562,0.157591,0.025788,0.185868,0.121761,0.301850,0.011614,-0.016139,0.006049,0.133964,0.312389,0.222180,-0.194876,0.124381,0.002967,0.155994,-0.092879,0.106356,-0.273237,0.206279,0.043477,0.074560,0.240285,-0.030013,-0.343403,-0.046293,0.110906,0.146436,0.066230,0.167282,0.488066,0.242386,-0.029956,-0.077537,0.125007,-0.201117,0.305990,0.286725,0.031380,0.038970,0.180366,-0.085169,-0.164060,-0.066258,0.030507,0.082340,0.162297,-0.058198,-0.270828,-0.113059,-0.193988,-0.002061,0.102792,0.314125,0.037083,0.029759,0.233527,-0.172267,0.123378,0.142046,0.039290,0.068181,0.219778,0.111034,0.185834,0.088820,0.211483,0.028070,0.265161,-0.382685,0.073898,-0.077367,0.181099,0.058844,0.023132,0.109120,-0.131411,0.052926,0.022182,-0.091226,-0.218555,-0.032231,-0.055527,0.000299,0.128661,0.095277,0.148740,0.159602,0.126239,0.112039,0.251827,0.243652,-0.086500,0.188909,0.173618,0.035710,-0.097415,0.183996,0.162466,0.123779,0.122411,-0.036519,-0.036555,0.080586,-0.143312,0.057177,0.083112,0.144501,0.007336,0.078611,0.149220,0.146190,-0.098697,0.132690,0.014615,-0.054948,-0.028287,0.255758,0.174707,0.128203,0.006752,0.222878,0.363381,0.211018,0.192265,-0.053965,0.173358,0.183121,0.102627,0.117293,0.114339,-0.189886,-0.110241,-0.073103,-0.186552,0.026281,-0.009533,-0.139742,0.220158,0.077679,-0.067064,-0.172816,-0.261068,-0.261240,-0.059648,0.169658,0.190626,0.007956,0.006186,-0.057262,-0.274816,-0.021646,0.057038,0.251602,0.159865,0.196744,-0.051667,0.065236,-0.140611,0.003466,0.080372,0.230388,0.170384,-0.159387,-0.098354,0.088288,-0.106238,-0.280329,0.068555,0.047614,0.150976,0.096496,-0.046458,0.105223,0.281478,-0.137716,-0.342248,0.184641,0.227082,0.101700,-0.128793,-0.030542,-0.051155,0.130315,#
2,0.194007,0.020299,1.000000,0.023154,0.064234,-0.078727,-0.020392,-0.112323,-0.059570,-0.070354,-0.051962,0.246096,0.071441,0.171729,-0.176346,0.178883,0.014511,-0.062984,0.150162,-0.021956,0.206943,0.251916,-0.294835,-0.002200,0.217019,0.231269,0.027511,0.025521,-0.135914,-0.020082,-0.209985,-0.185537,-0.084055,-0.157747,-0.053164,-0.043716,-0.013315,-0.233664,-0.110519,-0.031967,0.078793,-0.035629,0.363895,-0.002948,0.054521,-0.160162,-0.023372,0.075866,0.126987,0.061623,0.252050,0.100363,0.075683,0.000309,-0.163621,-0.130030,-0.008502,-0.032601,0.001503,0.085490,0.158372,-0.102830,-0.087355,0.095686,0.094209,0.044838,0.106529,-0.083427,0.178058,0.147564,-0.161621,0.155079,-0.138551,0.018647,0.141757,0.013483,0.041382,0.153471,-0.095018,-0.160544,0.128934,-0.190142,-0.014943,0.043754,-0.095320,-0.070672,0.151422,0.118254,0.097101,-0.190069,-0.119880,0.127637,0.074130,0.056306,0.069372,0.132059,0.216487,-0.009060,0.323739,0.013130,0.031341,0.008837,-0.050861,0.180882,0.008515,-0.148626,-0.006208,-0.096834,0.027099,0.087835,0.100122,0.093927,0.063893,-0.030956,-0.075551,0.146638,0.291294,-0.024911,-0.288141,-0.054200,-0.060408,0.029899,0.051382,-0.028857,0.086038,-0.035132,0.200326,-0.011728,0.116860,-0.172365,0.003790,0.033424,0.070975,0.084323,0.092822,0.118728,0.191192,-0.161712,-0.042298,-0.074225,-0.006318,-0.018691,0.182765,-0.131541,0.222366,0.094581,-0.371136,-0.013437,0.229046,-0.036111,-0.062873,0.028001,0.167917,0.078976,-0.050897,-0.112578,0.045847,0.009371,-0.090996,0.142169,0.022793,0.254094,-0.157700,0.023079,-0.038670,-0.060907,0.001589,-0.049072,-0.083189,0.029024,-0.198729,0.265019,-0.126681,0.090699,0.099570,0.038064,0.334460,-0.056959,-0.085707,0.038174,0.060183,0.093209,-0.467117,0.213334,-0.073115,0.113368,0.130117,-0.110039,0.211136,-0.303769,-0.032710,0.176089,0.074631,-0.078332,0.049602,0.069353,-0.164907,0.078618,0.084459,0.040087,#
3,-0.020358,0.213256,0.023154,1.000000,0.176009,0.118774,0.249062,-0.186199,0.169743,-0.120116,0.162292,0.119453,0.158736,-0.031682,0.065016,-0.011106,-0.016153,-0.058237,0.160108,0.150844,0.156888,0.090860,-0.041473,0.233834,0.281382,0.278150,0.077895,0.206098,0.116805,-0.046770,0.039388,0.288914,0.308694,0.012882,-0.127276,-0.009297,0.297855,0.204172,0.294066,0.072256,0.067316,0.183312,0.239647,0.429367,-0.087544,0.083236,0.263404,0.202652,-0.026750,0.147305,0.109886,0.104608,0.349907,-0.069606,-0.003376,0.261693,0.000599,-0.113393,-0.104732,0.211292,0.107099,0.001167,0.029484,-0.100918,0.143838,0.192001,-0.013199,0.021779,0.165038,0.102894,0.123649,0.020101,0.158783,0.060483,0.123936,0.270454,0.135125,0.113564,0.126178,-0.138783,0.354327,0.218493,-0.074066,0.240050,0.302456,0.043634,-0.097751,0.014825,0.323377,-0.064727,0.082750,0.166839,0.089397,0.202316,0.041498,0.124528,0.296413,-0.137592,0.277830,0.338571,0.258088,0.144210,0.053175,0.149614,0.329081,0.013632,0.005849,0.131893,-0.127812,0.150785,0.203864,0.045760,0.080192,0.032222,-0.040576,-0.079358,0.287125,0.006552,0.167867,0.037336,0.114673,0.037250,0.111553,0.227094,-0.022607,0.170854,0.127134,0.085388,-0.087674,0.120331,0.231303,0.218800,0.170035,0.212899,0.061668,-0.154750,0.014350,-0.020261,0.330083,0.078176,0.204261,0.132861,0.162415,0.079078,0.012877,-0.118836,0.100416,0.233818,0.213079,0.105496,-0.078763,0.115712,0.006344,0.142592,0.188823,-0.003771,-0.020259,0.114833,-0.063868,0.180113,0.183572,0.088145,0.162022,0.441600,0.080690,-0.131913,-0.063073,-0.156475,-0.146433,0.030166,0.243822,-0.066005,-0.066831,-0.168708,-0.185515,-0.004899,0.114370,0.151027,0.145987,0.015913,0.113740,0.362690,0.120698,-0.241518,-0.079904,0.095356,0.112355,0.111246,0.021593,0.150110,0.041101,0.015384,0.210748,0.000401,0.061263,0.212423,0.223729,0.173808,0.158154,0.070141,#
4,0.154590,0.161905,0.064234,0.176009,1.000000,0.092502,-0.185983,0.022687,0.222459,-0.067802,-0.177758,-0.027639,0.343684,0.088025,0.022829,0.034955,-0.137920,0.116602,0.228938,0.335019,0.306013,0.021881,0.049197,0.224540,0.224316,0.384506,0.109816,0.169565,-0.035601,-0.100738,-0.007802,0.038194,0.151594,-0.296833,-0.050253,0.128329,0.468694,-0.169415,-0.085752,0.037734,0.017059,0.377385,0.103841,0.154002,0.412043,-0.063179,0.323983,0.176730,0.193422,0.165246,0.049540,-0.030353,0.123318,0.232526,0.257184,0.230370,0.263850,0.199674,0.108048,-0.205431,0.046380,-0.058853,0.043662,-0.177568,0.041330,-0.199501,0.091140,0.059698,-0.091566,0.062948,0.179152,-0.011176,0.116143,0.034318,0.020820,-0.141077,0.028155,0.123727,0.338916,0.071985,0.367231,0.207843,-0.148102,0.031962,0.439010,-0.030198,-0.017647,0.200338,0.258519,0.253553,0.219272,0.124501,-0.059396,0.061491,-0.027638,0.191439,0.050617,0.210114,0.060412,0.019733,0.084216,-0.089200,0.290213,0.184516,0.199498,0.038190,-0.028389,0.216738,-0.075625,0.048886,0.496537,0.052775,0.146528,0.366754,0.042065,-0.202306,0.167524,-0.161027,-0.039979,-0.028661,0.244328,0.139438,0.228622,-0.152802,0.284663,0.031285,0.319971,0.106187,0.165744,-0.173446,0.062535,-0.056933,-0.000753,0.286631,0.221824,-0.150480,0.100533,0.041339,0.173361,0.277142,0.314864,-0.146003,0.128039,-0.072372,-0.050134,0.187972,0.064808,0.287479,0.141117,-0.160908,-0.066986,0.026373,-0.025869,0.122299,-0.068107,0.036539,0.436619,0.057377,-0.075014,0.280351,0.020054,0.142535,-0.251404,0.082112,-0.035216,0.010900,-0.051133,0.020471,-0.028544,0.089355,0.043555,0.001397,0.273815,0.339544,-0.049620,0.060877,0.208150,0.097623,0.200412,0.072211,-0.187678,-0.038004,0.083499,0.106647,0.216655,-0.108585,-0.012572,0.271956,-0.057373,0.200018,0.117818,0.108610,0.143241,0.068065,0.142339,0.206616,0.004840,0.265745,0.123830,0.209162,#
5,-0.015532,-0.031220,-0.078727,0.118774,0.092502,1.000000,0.138994,-0.045381,0.120336,0.159264,0.134116,0.145745,0.325302,0.025458,0.160514,-0.130249,-0.118490,-0.020849,-0.116720,-0.043522,0.055107,-0.159852,-0.094732,0.098193,0.208639,0.084675,0.070490,0.169105,0.043356,0.235080,-0.077659,0.222331,0.125593,0.093490,-0.023151,-0.115651,0.292934,0.036654,0.101744,-0.001997,0.113482,0.156819,-0.032941,0.176780,-0.159899,0.095223,0.084325,-0.116218,0.155145,0.321389,0.024302,0.025506,0.054075,-0.033661,0.011190,0.163723,0.023276,-0.145072,0.065103,-0.113496,-0.045651,0.006588,0.045639,-0.174208,-0.014790,-0.009914,0.123362,-0.093907,0.040465,-0.036878,0.133484,0.235288,0.087592,0.165204,-0.010545,-0.108413,0.188373,-0.130652,0.075821,-0.068501,0.126694,0.135838,0.193599,-0.045415,0.177534,-0.003967,-0.145502,0.036992,-0.032255,-0.056271,0.112246,0.246596,-0.047899,0.199952,0.076379,0.156598,-0.067052,0.014697,0.059888,-0.185957,0.052203,0.232337,-0.192382,0.097843,0.125632,0.088923,0.000061,-0.012215,0.052698,-0.128291,0.148095,-0.105901,-0.063390,0.171133,-0.088243,-0.190780,-0.064570,0.048185,0.045301,-0.103648,-0.000400,0.134934,0.024706,-0.000691,-0.116771,0.050863,-0.236526,0.046252,0.335398,0.013960,0.165557,-0.086937,0.030281,0.199576,0.237126,0.216333,-0.115477,0.107280,0.082415,-0.007028,0.224375,0.049175,0.106364,0.252401,-0.099908,0.122771,0.174598,0.018239,-0.238169,0.081728,0.138754,-0.115167,0.071398,0.239625,0.102267,0.079661,0.135859,-0.125082,0.207677,-0.068809,0.073422,-0.000775,-0.044156,0.134525,-0.177541,-0.097023,-0.008510,0.001680,0.323939,0.128276,0.180457,0.008206,-0.158872,0.093056,-0.109556,0.001364,0.225550,0.031402,0.223310,-0.228493,-0.056094,-0.128989,0.144646,0.093984,0.024733,0.160549,0.228082,-0.158771,-0.234827,0.038426,-0.157751,0.120969,0.162714,0.135917,0.081665,-0.043714,-0.057511,0.285787,-0.061889,0.218074,#
6,-0.139364,0.148743,-0.020392,0.249062,-0.185983,0.138994,1.000000,-0.076750,0.106178,-0.053706,0.042091,-0.055828,0.023712,0.073673,-0.013415,-0.080672,0.119900,-0.107988,0.181122,-0.078638,0.156217,-0.046918,-0.210678,-0.236899,-0.067284,0.172667,0.110457,0.090901,-0.054753,0.035343,-0.078529,0.175387,-0.048305,0.231967,-0.265004,-0.089016,-0.085936,0.184612,-0.069471,0.121172,-0.216349,-0.265551,-0.082447,0.188093,-0.157711,-0.004901,0.027183,-0.046810,-0.084195,-0.089025,0.110831,0.043783,0.306582,0.171215,-0.153577,0.141676,-0.251932,-0.293799,0.011908,0.235647,0.085378,-0.016859,0.058478,-0.002340,-0.099259,0.162696,0.105221,0.100310,0.099357,0.025277,-0.058934,-0.004178,-0.147302,-0.055888,0.221451,0.088067,0.004201,0.297367,0.052108,-0.102524,-0.182685,0.083057,0.216653,0.119566,0.122522,0.090654,-0.170146,-0.013509,-0.001299,-0.227032,0.053156,-0.025692,-0.251728,-0.062296,0.023598,0.100560,0.050478,-0.066617,0.249032,0.124785,0.151879,0.264701,-0.177054,-0.140064,-0.113383,0.160705,-0.036779,-0.083190,0.113053,0.193104,-0.056551,-0.006080,0.125311,-0.246096,0.068068,0.156652,0.128474,-0.082337,0.077903,0.070641,-0.206326,0.165381,-0.279187,0.008856,0.044055,0.046374,-0.132527,0.002246,-0.182244,-0.042665,0.078085,-0.154995,-0.089128,-0.100900,0.049307,0.138668,0.001619,0.073779,0.138755,-0.035755,-0.092634,0.071470,-0.106173,0.061088,-0.152520,-0.115314,0.094206,-0.153558,-0.073397,-0.229657,0.106674,-0.003031,0.010433,-0.135263,0.167527,0.002582,-0.085156,0.187270,-0.053863,-0.012139,-0.094873,0.027068,0.360464,0.391928,0.001437,-0.022439,-0.231565,-0.084637,0.041577,0.173173,-0.135519,-0.148574,0.005048,-0.111187,0.003594,-0.040708,-0.074245,0.056306,0.386393,-0.281681,-0.137044,-0.139793,0.063818,0.008252,0.115788,0.228550,0.118408,0.023936,-0.146151,0.069925,-0.018744,-0.032954,-0.227708,0.087845,-0.150590,-0.076753,0.079258,0.059237,-0.131411,0.090491,#
7,-0.170293,0.003826,-0.112323,-0.186199,0.022687,-0.045381,-0.076750,1.000000,0.057127,0.078319,0.115617,0.294543,-0.063174,-0.045166,0.180060,0.103918,0.106529,0.427572,0.023741,0.080025,0.130221,0.142871,0.020054,-0.036662,0.055228,-0.024176,0.065435,0.274336,-0.250462,0.004872,0.010173,-0.153473,-0.061955,-0.040072,-0.061197,0.051016,-0.249639,-0.180830,0.024976,0.045847,0.150238,0.106300,-0.031916,0.076235,0.269564,0.193428,-0.024369,-0.029724,0.166847,-0.124607,-0.066276,-0.077923,-0.041233,0.075728,0.058033,-0.017304,0.235868,0.347839,0.044205,-0.180868,0.222180,0.063205,0.118915,-0.007373,0.209926,0.143541,0.182564,-0.184740,0.027442,0.103037,0.129684,0.080321,0.100078,0.152836,-0.070331,0.052753,-0.121089,0.134213,-0.021557,0.272908,0.109865,-0.033974,0.201599,-0.059198,-0.012956,0.011520,-0.024285,-0.259494,0.126743,0.160587,-0.065875,0.105640,-0.086946,0.059418,-0.140634,-0.094542,-0.075872,0.191919,-0.150350,0.021535,0.030917,-0.054301,0.047510,-0.015899,-0.182026,0.049601,0.352828,-0.007163,-0.037646,0.186508,-0.045514,0.016670,-0.126942,0.081153,0.278013,0.207439,-0.209928,-0.210673,-0.158490,0.242449,-0.015696,0.052583,-0.091127,-0.099381,0.119449,0.070544,0.058813,0.056818,-0.053600,-0.028555,-0.021129,0.181533,0.111967,-0.136662,0.289228,0.134897,-0.235345,0.439498,-0.027889,0.057019,0.205969,-0.077713,-0.167985,-0.081084,0.055761,0.079915,0.131086,-0.019863,-0.175816,-0.012075,0.151775,0.016482,0.039835,0.025699,-0.056926,0.163822,0.251279,0.052522,0.116745,0.113273,-0.113969,-0.060619,0.189889,-0.114163,-0.207927,0.296263,0.185026,-0.043863,0.008817,0.056226,-0.013865,-0.026742,-0.067094,0.041977,0.064056,-0.073094,-0.040772,0.008490,-0.167899,0.198759,0.071147,0.063936,0.100039,0.067413,-0.419797,0.012872,-0.136432,-0.170354,0.181436,0.307075,0.262742,-0.127814,-0.004219,-0.018556,-0.004428,0.081164,-0.189915,0.029560,0.237777,-0.088237,#
8,0.065081,0.200087,-0.059570,0.169743,0.222459,0.120336,0.106178,0.057127,1.000000,0.057921,0.239215,0.155308,0.210066,-0.054960,0.196558,-0.184229,-0.118786,0.116304,0.047234,0.033056,0.068636,-0.037461,-0.133099,0.237863,-0.001677,0.065316,0.009383,0.102859,-0.092635,-0.040745,-0.327524,0.194335,-0.017106,-0.200390,-0.165287,-0.015525,0.185888,-0.219559,0.031732,-0.105823,0.103550,-0.044095,0.056594,0.094228,0.243492,0.116983,-0.014504,0.106209,0.161496,-0.016325,0.075857,0.236460,0.164307,0.344343,-0.031340,0.171472,0.125067,0.274800,-0.122771,0.064614,0.112647,0.117449,0.063739,-0.287444,-0.050555,0.178279,-0.004001,-0.091584,0.317843,0.029006,0.073469,-0.006606,0.098664,-0.214479,0.070168,0.055631,-0.039795,0.141807,0.137012,-0.147617,0.202092,0.211016,0.143217,0.116948,0.297314,0.116554,0.068431,0.123508,0.131151,0.191503,0.049906,0.333886,-0.009538,-0.239026,0.426919,0.235595,0.048765,0.072685,0.236181,-0.002257,0.050439,0.059535,0.060019,0.161239,0.129071,0.031790,0.105999,0.081667,-0.229575,0.252573,0.066435,-0.080839,-0.126717,0.266325,-0.043574,0.052297,-0.018336,0.122205,0.002880,0.254661,0.150753,-0.011161,0.161039,-0.039617,-0.014334,0.170765,-0.066610,0.173454,-0.106224,0.199888,0.058119,-0.188726,0.042852,0.296914,0.150656,0.019857,-0.049576,0.153503,0.396618,0.169707,0.279898,0.055815,0.029070,-0.153389,-0.176954,-0.221771,0.229734,0.045966,-0.155433,-0.016752,0.219756,-0.131528,0.125084,-0.032663,0.235935,0.317113,0.209962,0.129883,0.084024,0.168638,-0.136600,0.011909,-0.137311,0.200807,0.012131,-0.008877,0.137147,-0.092437,0.138891,-0.001418,0.101603,0.086318,-0.130847,-0.003609,0.005881,-0.215483,0.009167,0.151099,0.253028,-0.106060,-0.044294,0.208794,-0.102755,-0.105957,-0.032340,0.102712,-0.126222,-0.033092,0.124991,0.325093,0.133781,-0.039728,0.192796,0.020720,0.238537,0.004019,0.107035,-0.087122,-0.220130,0.003074,#
9,0.042745,-0.078483,-0.070354,-0.120116,-0.067802,0.159264,-0.053706,0.078319,0.057921,1.000000,0.152276,-0.137691,-0.098440,0.230948,0.001996,-0.029921,-0.083926,-0.176042,-0.409528,0.151018,-0.172776,-0.067333,-0.101130,-0.119617,-0.130313,0.025916,0.287049,0.060646,0.058550,-0.258171,0.182198,0.139708,-0.111850,0.128025,0.231784,-0.099716,-0.161907,0.109132,-0.137659,-0.239533,0.196246,0.070891,0.024547,-0.244535,0.056440,-0.037306,-0.087119,0.060291,0.046816,-0.049224,-0.118582,0.117740,-0.167476,-0.008479,0.112186,0.045914,-0.061057,0.145268,0.112661,-0.146377,0.243443,-0.063159,0.112348,-0.160008,0.140526,-0.002368,-0.151465,-0.233401,0.106180,-0.172450,0.158629,0.032840,0.026069,0.066498,0.137292,-0.051390,-0.132844,-0.104745,0.163594,-0.066502,-0.083951,0.218556,-0.196597,-0.038375,0.108612,0.162085,-0.005829,-0.110825,-0.349638,-0.066363,-0.140667,0.000307,0.065621,-0.248051,-0.035210,0.054849,-0.055050,0.035865,0.126179,-0.052700,0.058624,0.256524,0.081637,0.092052,0.282347,0.067130,0.027569,-0.227656,0.190931,-0.002566,-0.217201,-0.180905,-0.154489,0.191860,-0.013364,-0.074424,-0.166759,0.080545,0.112133,-0.061450,0.102616,0.035971,-0.091894,0.144168,-0.164228,0.232986,-0.333737,0.040709,0.037976,0.113101,0.098612,-0.266193,-0.184161,0.123841,0.102445,0.215845,0.171644,0.161631,0.250613,-0.203183,-0.051074,0.029745,-0.024440,-0.147150,-0.179035,0.039956,0.214666,0.073852,0.047924,0.385415,0.000699,-0.311653,0.408656,0.027980,0.052404,0.129546,0.051575,0.206688,0.290299,-0.051358,-0.001450,0.041017,-0.288401,0.215443,-0.194265,-0.033805,-0.041967,-0.029766,0.272474,-0.100236,-0.009202,0.087660,-0.027363,0.113753,-0.158681,-0.064382,0.096108,-0.124636,-0.040431,-0.149244,-0.040870,-0.018209,0.109234,0.133332,-0.144958,0.084892,-0.065571,0.147808,0.182040,-0.102764,0.112365,0.081193,-0.139340,0.152020,-0.183244,0.172286,0.078227,-0.132120,0.051412,0.114984,#
10,0.115695,0.151360,-0.051962,0.162292,-0.177758,0.134116,0.042091,0.115617,0.239215,0.152276,1.000000,-0.007003,-0.138519,0.140216,0.017236,-0.122757,-0.031349,0.086417,0.117210,-0.016131,-0.207791,0.261010,-0.310225,0.002349,0.006781,-0.056333,0.021719,0.286438,0.172033,0.055841,0.295156,0.205740,0.189371,0.074253,-0.003537,-0.128230,-0.012849,0.111885,0.360989,0.177571,0.075177,0.013578,-0.020189,0.024350,-0.278931,0.049505,-0.017836,0.216294,0.114135,-0.021156,0.074519,0.035018,-0.072576,0.054966,-0.048245,0.100715,-0.017328,-0.071921,-0.210873,0.218181,-0.121786,-0.010797,0.022683,0.076926,0.348514,0.348540,0.046209,-0.150370,0.215577,0.129315,0.226705,0.025548,0.274175,0.106268,0.021588,0.099768,0.043531,-0.084159,-0.018718,0.096032,0.140653,-0.110286,0.379095,0.090973,0.297596,-0.109099,0.109715,-0.044528,0.095342,0.055345,-0.257656,0.038099,0.095153,-0.092600,0.148416,0.084777,0.026378,-0.146717,0.138105,0.098499,-0.027472,0.057543,0.119334,-0.174191,0.137871,-0.084290,0.014718,0.113941,0.036091,0.049932,-0.096097,0.097776,-0.097214,0.083705,0.411956,0.124193,0.120559,-0.102320,0.068199,0.089716,0.017520,0.232663,-0.017502,0.166066,-0.035540,0.150240,-0.089474,0.157804,-0.020506,0.109634,0.399852,-0.034741,-0.089000,0.197638,0.056800,0.050787,-0.059114,0.252126,0.216527,-0.048643,0.234097,-0.108315,0.132618,-0.010721,-0.179096,-0.006231,0.179944,-0.103533,-0.074180,0.062814,-0.025589,0.098667,0.328448,-0.240875,0.283015,0.076188,0.085374,-0.099246,0.189686,0.045029,0.023295,-0.131180,0.215542,-0.025836,-0.096960,-0.062680,0.051464,0.028785,0.088017,0.151171,0.136202,0.105397,-0.051817,0.127952,-0.136196,0.005789,0.125015,0.027975,-0.017337,-0.109989,0.061032,0.142518,0.089597,-0.092462,-0.079994,0.302804,-0.036248,-0.216376,0.140476,0.137307,0.296967,-0.134093,0.002978,0.049677,0.208590,0.098273,-0.048264,0.044784,0.070433,0.097504,#
11,-0.136211,0.172994,0.246096,0.119453,-0.027639,0.145745,-0.055828,0.294543,0.155308,-0.137691,-0.007003,1.000000,0.090660,-0.062641,-0.147247,0.017452,0.053185,0.179714,0.225098,-0.183954,-0.132665,0.039820,-0.188991,0.026312,0.232585,0.115179,-0.036612,0.129861,-0.326743,0.011431,-0.008757,-0.023479,-0.072535,-0.026379,0.004584,0.148142,-0.120040,-0.209103,0.027059,0.076580,-0.279851,0.193794,0.320083,0.362825,-0.008515,0.060680,-0.149832,-0.078817,0.122168,-0.030628,0.127624,-0.125816,0.217348,0.132917,-0.328892,-0.154388,0.044794,0.217097,0.154428,-0.113213,-0.062797,0.097449,0.149504,-0.005231,-0.131536,0.232971,0.049534,0.100540,-0.005987,0.054836,-0.174150,-0.158451,0.235463,-0.007113,-0.208417,0.089341,-0.034052,-0.176634,-0.081367,0.210012,0.129229,-0.163909,-0.016502,0.184972,0.061172,-0.196404,0.018464,0.015316,0.182198,-0.121229,-0.049557,0.198337,0.185812,0.469792,-0.116379,0.066435,0.025089,-0.026806,0.091752,0.000577,0.055084,-0.059503,-0.149441,0.177139,-0.070606,0.087633,0.267953,0.170175,-0.072368,0.110706,0.217245,0.077060,0.000250,0.077039,-0.212119,0.152897,-0.100424,-0.024171,-0.039902,-0.004629,-0.016196,-0.118344,0.122419,-0.025809,0.165871,0.036414,0.022172,0.074564,0.054975,-0.008532,-0.036537,0.114303,0.228612,0.133244,0.216097,0.027000,-0.356755,0.285010,-0.020876,0.136029,0.075769,0.022061,0.162879,-0.104230,-0.044037,-0.157547,-0.042954,-0.107161,-0.224479,-0.111428,-0.072912,0.185430,0.133604,0.259899,0.036593,0.098265,0.004096,-0.093385,-0.066154,0.063045,-0.012607,0.005593,-0.104546,-0.172264,-0.187496,0.003349,0.419496,-0.116502,0.061698,-0.015929,-0.089522,-0.078920,-0.282427,-0.142643,0.019146,0.046865,0.104581,0.076195,-0.035884,-0.145245,0.104122,0.098150,-0.219284,-0.163252,-0.334049,0.042408,-0.032052,0.100696,0.002996,0.000308,0.049636,-0.128175,0.235619,-0.015122,0.154428,-0.021702,-0.138188,0.025014,0.103732,-0.042012,#
12,-0.031707,-0.020392,0.071441,0.158736,0.343684,0.325302,0.023712,-0.063174,0.210066,-0.098440,-0.138519,0.090660,1.000000,0.014213,0.105700,-0.055553,0.293581,-0.080237,-0.021898,0.325115,0.064381,0.055860,0.060000,0.183068,-0.043790,0.272497,0.051637,-0.073574,0.055393,0.239614,-0.233781,0.318480,0.143565,0.073594,0.030203,0.240307,0.191140,-0.089717,0.157521,-0.137706,0.132031,0.000362,0.088203,0.238749,0.320532,0.177748,0.121110,0.008335,0.126279,0.151859,0.211030,0.230755,0.082052,0.146780,0.037074,0.123592,0.101631,0.139287,0.091186,-0.027529,-0.038875,0.065546,-0.010739,0.083530,0.138499,0.044939,0.084584,0.012951,0.079676,-0.021663,0.031124,0.116901,-0.025202,-0.003268,0.204611,0.101152,0.132937,0.065309,0.196316,0.038252,0.227048,0.308661,-0.042384,0.010202,0.245217,0.104426,-0.044211,0.299004,0.177173,0.016385,0.217118,0.374493,-0.016861,0.165076,0.169637,0.142229,0.140289,-0.082910,0.109008,0.045852,0.184130,0.164789,-0.083078,-0.078713,0.178697,0.029842,0.070856,-0.104702,-0.154396,-0.038663,0.362006,-0.045985,0.010873,0.254769,-0.053034,-0.257365,0.032095,-0.018478,0.217870,0.010061,0.181960,-0.053261,0.323819,0.126846,0.135927,-0.062758,0.134588,0.114835,0.066386,0.047033,0.098816,-0.201062,0.208263,0.040696,0.147645,0.010569,-0.003790,0.115317,0.210321,0.228707,0.258690,-0.053248,0.089492,0.130511,-0.272480,0.167906,-0.113338,0.069943,-0.020836,-0.234931,-0.142845,0.172601,0.010537,0.263385,-0.039233,-0.165628,0.067732,-0.148026,0.030553,-0.028343,-0.152164,0.252179,-0.035711,0.176258,-0.109811,-0.159278,0.151825,-0.057855,0.101130,0.077188,0.051828,-0.081637,0.008179,0.156617,0.101183,-0.106421,0.243946,0.300908,0.146845,0.043365,0.000734,0.104388,0.054255,0.095777,0.080450,0.082382,0.167841,0.126233,-0.011275,0.124775,0.016654,-0.221884,0.035631,-0.003338,-0.169507,0.049659,0.250737,0.322459,0.018876,0.059298,#
13,0.045243,0.078815,0.171729,-0.031682,0.088025,0.025458,0.073673,-0.045166,-0.054960,0.230948,0.140216,-0.062641,0.014213,1.000000,0.158192,-0.037321,0.305895,-0.061631,0.132502,0.347596,0.012225,0.039295,-0.262813,0.098460,-0.041793,0.286696,0.364206,0.029206,-0.063471,-0.034850,0.280950,0.240416,0.007682,0.144150,0.246378,0.143916,-0.017136,-0.050899,-0.010740,0.115810,-0.157833,0.096960,0.098050,0.030207,0.012602,0.153441,0.132327,0.083018,0.180655,0.114511,0.013417,0.089473,0.229900,0.167418,0.117811,0.132656,-0.110940,0.032756,0.021092,0.104126,0.174446,0.161540,0.154661,-0.001834,0.203055,0.089674,0.445542,0.252567,0.220468,0.017769,0.001564,0.123728,0.105431,-0.094411,0.195131,0.032679,0.278993,0.159198,0.316291,-0.060356,0.023533,0.258620,-0.055990,0.363252,0.308684,0.085042,0.171628,0.268881,0.070939,-0.207556,-0.078757,0.098324,-0.127156,0.126147,-0.019525,-0.023113,0.249619,-0.052451,0.008393,0.219762,0.189071,0.266278,0.037550,0.232681,0.183538,0.011519,0.080697,-0.003839,0.238370,0.093938,-0.057381,-0.116456,0.318261,0.177476,0.126743,0.063851,0.323275,0.025352,-0.197126,0.009652,0.063261,0.138597,0.208181,0.150590,0.324517,-0.090954,0.011049,-0.141862,0.155281,0.096339,0.129810,-0.153679,-0.130407,0.026308,0.188098,0.125876,0.070639,0.178135,0.368871,0.230999,-0.106745,0.002836,0.238849,0.209098,0.111073,0.144649,0.032918,0.235185,-0.046487,0.094038,0.034654,0.106938,0.235958,0.220038,0.258039,0.219196,-0.104751,0.344921,0.183029,0.184389,-0.204041,0.349394,-0.019200,0.331168,-0.120027,-0.079280,0.022720,-0.096092,0.191640,0.035838,0.078815,0.284880,-0.021935,0.103544,-0.040954,0.347243,0.188991,0.041911,0.114546,-0.190206,0.057483,0.168135,0.137187,0.173944,0.104785,0.143681,0.205199,0.149728,0.079689,0.089412,0.230000,0.124568,0.019668,0.048378,-0.062239,0.112822,-0.208863,0.088442,0.061410,0.056165,#
14,0.098463,0.029342,-0.176346,0.065016,0.022829,0.160514,-0.013415,0.180060,0.196558,0.001996,0.017236,-0.147247,0.105700,0.158192,1.000000,0.148263,0.116162,0.111269,-0.154117,0.194820,0.044695,0.012786,-0.064182,0.319589,-0.154677,-0.014702,0.170917,0.139471,-0.083201,0.109314,-0.230207,0.110601,-0.149603,-0.148892,0.064156,-0.070842,0.128818,0.139027,-0.030678,0.127280,0.204548,-0.158928,0.144663,-0.117633,0.176213,0.331137,0.031386,-0.048179,0.206175,0.082668,0.135802,-0.002439,0.307746,0.210351,0.347448,0.258951,0.108807,-0.114712,-0.266717,-0.017850,0.350481,0.132884,0.034617,-0.291246,0.045675,-0.020059,0.181157,0.149590,0.055117,0.081347,0.222126,-0.057532,0.100058,0.348741,0.258187,0.163351,0.160579,0.087440,0.149449,0.116363,0.181908,0.097359,0.054858,0.035200,0.054379,0.184081,-0.113013,0.058947,0.017341,-0.077164,0.266528,0.267888,-0.108555,0.015620,0.245737,-0.200020,0.035672,0.008394,-0.215987,0.056312,0.173480,0.197380,-0.013999,0.224369,-0.015308,-0.023283,0.290188,0.074158,-0.021308,0.197033,-0.178439,-0.361967,-0.080145,0.173408,-0.000327,-0.076306,0.033955,0.159383,0.055863,0.143463,0.132818,0.155795,-0.095034,0.033282,0.121502,-0.037246,0.054191,0.048948,0.058451,0.259600,0.048095,0.023197,-0.019676,-0.124764,-0.104196,0.096309,-0.144007,-0.045920,0.019637,0.210770,0.260539,0.192481,0.048490,0.108682,-0.025343,0.330144,0.214342,0.110018,-0.151478,0.105774,0.263202,0.078127,-0.161763,0.078434,0.185941,0.203595,0.175280,0.156384,0.056988,0.127793,-0.267532,0.182351,-0.046148,0.066469,0.197867,-0.105341,-0.011839,-0.120535,0.068731,0.229583,0.419163,0.173656,-0.104552,0.079052,0.116402,-0.097831,0.207581,0.258882,0.188932,0.028957,-0.094577,0.188962,0.118560,-0.064405,0.131872,0.049288,0.059670,-0.347938,0.137488,0.396942,0.085275,0.008842,-0.015812,0.229062,-0.111805,0.063746,-0.179533,0.067414,0.023496,-0.099219,#
15,0.181545,-0.267541,0.178883,-0.011106,0.034955,-0.130249,-0.080672,0.103918,-0.184229,-0.029921,-0.122757,0.017452,-0.055553,-0.037321,0.148263,1.000000,0.208752,0.189683,0.106229,0.002118,0.118876,-0.019107,-0.050531,0.287825,0.022796,0.364161,0.121619,0.036974,0.275918,-0.074421,0.003673,0.008209,-0.022852,0.199868,-0.063083,-0.225288,-0.176356,-0.106880,-0.005894,-0.025716,0.081925,0.094332,0.218349,0.013736,0.180010,0.096789,-0.265709,-0.140831,-0.018066,0.163315,-0.207034,0.088955,0.110117,0.013945,0.137694,-0.039384,0.020613,0.016634,0.027047,0.130768,0.066497,-0.233203,0.126769,-0.254171,0.062964,-0.015665,-0.092235,0.054061,0.070361,-0.077177,0.202344,0.000098,-0.022598,0.078491,-0.069653,0.037614,-0.201074,0.099882,-0.222172,0.219680,0.162305,-0.164637,0.015895,0.350058,-0.069352,0.049395,-0.079739,0.068017,0.167987,0.065299,-0.042388,0.161539,0.097048,0.182184,-0.072776,-0.316658,0.266291,-0.082034,0.051110,0.055209,0.032841,-0.011103,-0.238295,-0.088216,-0.258826,0.027581,0.027341,-0.109724,-0.095592,0.275069,-0.104497,0.150075,-0.027206,0.013435,-0.201397,0.076842,-0.105023,-0.256014,-0.069370,0.008613,0.127250,0.111090,0.010031,0.152819,0.098302,-0.237726,-0.070633,-0.027795,0.021609,-0.102960,0.118595,0.091640,-0.031352,-0.067763,0.025670,0.133251,-0.059705,-0.030585,-0.051859,-0.050685,-0.210367,0.107804,-0.165183,-0.102858,0.233063,0.009033,-0.060494,0.175615,0.394944,-0.023357,-0.034418,-0.188849,0.123272,0.273008,-0.223251,0.282982,-0.007067,0.045741,0.110870,0.175848,-0.111154,0.054060,0.153254,0.099026,-0.088190,0.081781,0.147116,0.066637,-0.087271,-0.179363,-0.186653,-0.109207,0.123756,-0.124923,0.104194,-0.285108,0.285814,-0.087149,-0.109071,0.173383,0.129471,0.077163,-0.045746,0.123304,-0.111746,-0.079153,-0.045039,0.106825,0.069744,0.072865,-0.192532,-0.031979,0.056985,-0.023207,-0.039736,-0.026752,-0.080258,0.121661,0.066890,-0.299863,#
16,-0.057833,0.085562,0.014511,-0.016153,-0.137920,-0.118490,0.119900,0.106529,-0.118786,-0.083926,-0.031349,0.053185,0.293581,0.305895,0.116162,0.208752,1.000000,0.026683,0.129745,0.411797,0.100761,0.267424,0.041069,-0.038300,-0.213467,0.315678,0.170910,-0.058536,0.022161,0.250584,0.005020,0.273680,-0.113385,0.242699,0.075529,0.110594,-0.045225,-0.137884,0.175627,-0.063822,-0.192847,-0.010261,0.119097,0.232286,0.171377,0.399812,-0.034934,0.072432,0.059887,-0.106703,0.060124,0.144576,0.293824,0.002813,0.083533,-0.073890,0.067972,-0.073054,0.071088,-0.140528,0.031103,0.132138,0.342796,0.149120,0.202746,0.023981,-0.007035,0.467378,0.097588,0.081739,-0.090549,0.212279,0.242443,-0.164912,0.032247,0.264014,0.009823,0.338750,0.151133,0.089631,-0.026081,0.016351,0.032297,0.182048,0.107613,0.015228,0.149301,0.022975,0.095260,-0.066960,0.125304,0.278854,-0.038485,0.037856,-0.037400,-0.225808,0.352173,-0.009495,-0.041685,0.177655,0.078445,0.028481,-0.288567,-0.076310,0.045051,0.050810,0.040658,-0.046111,-0.144520,0.144088,0.125173,-0.001156,0.032361,0.079753,0.105188,0.325472,-0.028101,0.063751,-0.064743,0.304619,0.149240,0.133096,0.083567,0.170491,0.230793,-0.180769,-0.010724,-0.129568,-0.060366,0.134353,-0.031304,-0.203898,0.353487,-0.248441,0.226095,0.172290,-0.237651,0.307744,0.194692,0.238354,-0.074215,0.122902,0.072593,0.071691,0.187329,0.049999,-0.082455,0.206010,0.158856,0.016611,-0.189134,0.203637,-0.089225,0.099925,0.214864,0.042716,-0.076431,0.037595,0.071343,0.016021,-0.083134,0.331227,0.246117,0.261871,0.096463,0.021358,0.185929,0.013610,0.015337,0.083401,-0.118345,0.012313,-0.065080,-0.025598,0.038843,0.058645,-0.026859,0.062113,0.134516,-0.095145,0.181770,0.141037,0.113293,-0.038141,-0.058264,0.078971,0.227881,0.095835,0.096831,0.188813,0.225260,-0.311785,-0.147535,0.085576,0.099598,0.216472,-0.158248,0.184805,-0.037660,0.002667,#
17,-0.029310,0.157591,-0.062984,-0.058237,0.116602,-0.020849,-0.107988,0.427572,0.116304,-0.176042,0.086417,0.179714,-0.080237,-0.061631,0.111269,0.189683,0.026683,1.000000,-0.020195,0.178308,0.250533,-0.081626,-0.133762,-0.007638,0.004859,0.147978,-0.054062,-0.029225,-0.033186,0.068125,0.013863,0.037534,0.132414,-0.104571,-0.091032,0.057179,-0.254991,-0.216219,0.131654,-0.057086,-0.032715,0.000417,-0.154905,0.093490,0.059621,0.102136,0.079865,-0.077136,-0.130891,0.038606,0.028180,-0.166042,-0.056673,0.069165,0.034787,0.128169,0.208883,0.070776,-0.043780,0.053175,0.130745,0.237048,0.121056,-0.224381,0.018057,0.027131,0.117827,-0.001746,-0.024647,0.029861,-0.120192,0.032709,0.130174,0.022595,-0.051146,0.093786,-0.214751,0.013596,-0.243991,0.222605,0.108076,-0.019241,0.337480,0.137982,-0.021776,-0.141985,0.018299,0.105006,0.100459,0.270902,-0.033096,0.042792,0.002360,0.108065,-0.252758,-0.130495,-0.077666,0.204983,0.132254,0.002976,-0.120052,-0.164571,-0.012288,0.089266,-0.186738,0.095223,0.078296,0.105399,-0.172466,-0.021780,0.139482,0.352382,-0.029032,0.223017,0.075911,0.195343,-0.134789,-0.142139,-0.120835,0.079592,-0.091762,0.180505,0.031831,0.033225,0.251791,-0.162673,0.010524,0.045717,-0.043150,-0.172596,0.021335,0.051986,0.090576,0.050557,0.244348,0.153589,-0.074690,0.306619,0.016230,0.172192,0.043070,0.003009,-0.092368,-0.070778,0.093408,0.126089,-0.105071,-0.048979,-0.058105,-0.175083,-0.011196,-0.148715,-0.093216,0.106317,0.073064,0.184275,0.062584,0.002174,0.214757,0.153324,0.076309,0.020432,0.149067,0.018319,-0.025668,0.118946,0.139941,0.093831,-0.104200,-0.112239,0.061841,0.056488,-0.006861,0.011087,0.093368,-0.307387,0.015436,0.054046,-0.230616,0.281761,-0.054978,0.043184,0.105472,0.008059,-0.207106,-0.114223,-0.151755,-0.069259,0.018787,0.283273,0.265028,-0.003535,0.074111,-0.028060,0.100653,-0.095563,-0.097627,-0.051106,-0.080330,-0.015222,#
18,0.137391,0.025788,0.150162,0.160108,0.228938,-0.116720,0.181122,0.023741,0.047234,-0.409528,0.117210,0.225098,-0.021898,0.132502,-0.154117,0.106229,0.129745,-0.020195,1.000000,-0.164931,0.105178,0.187205,-0.096575,0.185929,0.235600,0.086774,0.029938,0.275093,-0.035474,0.085364,0.038566,-0.148620,0.017276,-0.063307,0.086192,0.108985,0.311014,0.083608,0.087063,0.376558,-0.091117,0.273818,0.094657,0.170420,0.062221,-0.010727,0.054877,0.177393,0.135425,0.125634,0.149580,0.033090,0.283887,0.164486,-0.076864,0.200397,0.054750,0.034465,-0.149615,-0.029603,0.026652,-0.046622,0.062854,-0.144668,-0.034658,0.059346,0.158944,0.311445,-0.044418,-0.055184,-0.085094,-0.008314,0.048557,-0.048052,-0.104722,0.060502,-0.037090,0.196442,0.126994,0.028907,-0.001087,-0.081431,0.036317,0.269131,0.155335,-0.093218,0.181561,-0.003572,0.202575,0.079150,0.184240,0.059657,-0.130754,0.296526,-0.042324,0.188575,0.263912,0.042468,-0.022662,0.297476,0.025308,-0.075854,-0.023443,-0.026365,0.048524,0.042383,-0.000049,0.116358,0.060439,0.237679,0.237351,0.292149,0.073435,0.024039,0.018572,0.154833,0.027550,-0.264264,-0.024781,0.241225,-0.039341,0.086593,0.125470,-0.011398,0.188992,-0.143285,0.252595,-0.063547,0.301745,-0.082389,0.144353,0.211808,0.019350,0.073864,0.163045,-0.339951,-0.128026,0.085183,0.035182,0.252366,0.069276,-0.106231,0.040673,-0.006215,0.080881,0.024135,-0.024258,-0.014724,0.115580,-0.078423,-0.035320,0.201380,-0.047358,0.014878,0.104423,0.200629,0.212103,0.113076,-0.126395,0.451517,0.026749,0.079134,0.011485,0.063484,-0.025511,0.138837,0.146191,0.078634,-0.104360,0.084243,-0.146067,0.031368,0.178301,-0.017975,-0.182917,0.177564,0.093359,0.133130,0.163365,-0.214661,0.045345,0.115308,0.119411,-0.104304,0.024785,-0.108561,0.190455,0.104337,0.002031,0.161212,-0.049940,0.060841,0.198167,-0.088967,0.002316,-0.074922,-0.119269,0.312427,0.205291,-0.045265,#
19,0.073277,0.185868,-0.021956,0.150844,0.335019,-0.043522,-0.078638,0.080025,0.033056,0.151018,-0.016131,-0.183954,0.325115,0.347596,0.194820,0.002118,0.411797,0.178308,-0.164931,1.000000,0.148997,0.242818,0.016330,0.152558,-0.169533,0.513050,0.237251,0.085450,0.043523,0.063836,0.103275,0.360573,0.037619,0.116950,0.060443,0.227051,-0.081498,-0.105983,0.231267,0.042038,0.042670,0.197412,-0.095644,0.108552,0.180563,0.237749,0.202499,0.457811,0.066789,0.192710,0.115793,0.109243,0.010691,0.273914,0.293284,0.134214,0.112088,-0.038193,0.126577,-0.016512,0.328379,0.237787,0.169665,0.087866,0.415239,0.032800,0.061322,0.266925,0.057594,0.260000,0.153277,0.202714,0.233025,0.027400,0.311257,0.433262,-0.000353,0.236786,0.361663,-0.035007,0.190317,0.278561,0.035494,0.073695,0.298182,-0.094594,0.148416,0.197993,0.244659,0.167862,0.025744,0.232158,0.028733,-0.014022,0.017270,0.047984,0.072441,0.188132,-0.043513,0.071212,0.178150,0.141501,0.134444,0.209044,0.253774,0.158326,0.055286,0.289818,-0.085019,0.003524,0.217159,0.053957,0.115767,0.333244,0.191630,0.022634,0.221437,0.200042,0.086200,-0.093614,0.387151,0.200934,0.375813,0.319453,0.425488,0.037219,0.229584,0.199754,-0.120292,0.114585,-0.116754,-0.262484,0.279064,0.110318,0.136843,0.191746,-0.017705,0.286326,0.337615,0.286000,0.098080,0.146210,0.044372,0.000496,0.033490,0.087720,0.007979,0.227939,0.231643,-0.127730,-0.014613,0.115676,0.055563,0.199931,0.268375,0.040748,0.067725,0.115398,0.182154,0.135409,0.089566,0.394960,0.095526,0.272022,0.088234,0.115047,-0.003128,0.117919,0.233173,-0.037922,0.070428,0.136636,0.131041,0.268942,0.157438,0.063350,0.212438,0.199863,0.086504,0.016458,-0.163776,0.261760,0.194355,0.016559,0.080749,0.139057,0.150099,0.275811,0.201956,0.194012,0.456273,0.099078,-0.142511,0.106876,0.112663,0.347314,0.104592,0.189331,0.062844,0.189280,#
20,0.127192,0.121761,0.206943,0.156888,0.306013,0.055107,0.156217,0.130221,0.068636,-0.172776,-0.207791,-0.132665,0.064381,0.012225,0.044695,0.118876,0.100761,0.250533,0.105178,0.148997,1.000000,0.040458,0.033027,-0.033631,0.294387,0.181691,0.104912,-0.065477,0.034880,0.038629,-0.001368,0.002307,0.015592,-0.008548,-0.256384,-0.128390,0.061347,-0.199715,-0.069381,0.014348,0.078408,0.205954,-0.008511,0.011945,0.216716,-0.047274,0.263028,0.109638,0.112603,0.036328,-0.154820,0.017701,0.198431,0.049455,0.061120,0.123567,0.158167,-0.037160,0.027221,-0.210944,0.244165,0.185910,0.169301,-0.108636,-0.064970,-0.139120,0.056469,0.100052,0.176493,0.133231,0.047568,0.236122,0.086135,-0.033555,-0.086369,-0.249484,0.150155,0.389766,0.241796,-0.161060,0.050634,0.013871,0.012911,0.130350,0.128039,0.089015,0.024142,-0.008595,0.272226,0.075870,0.056446,0.049927,-0.013748,0.040042,-0.015332,0.001203,0.160317,0.140754,0.086512,-0.166544,0.112828,0.001539,0.061155,0.194900,-0.009620,0.042808,0.014514,0.127721,0.014937,0.075322,0.076968,0.107198,-0.134102,0.058355,0.080959,0.153820,0.146033,-0.173982,-0.173209,0.144379,-0.016900,0.210561,-0.076282,-0.159681,0.051958,-0.095016,0.210373,0.032140,-0.045106,-0.032399,0.034118,0.074303,0.071980,0.041836,0.180650,0.091090,0.260113,-0.005125,0.295505,0.076417,0.274358,0.175872,0.034018,0.114709,0.172803,0.021052,-0.079670,0.168914,0.326136,0.015677,0.222624,0.012158,-0.232192,-0.034940,-0.034140,0.050132,0.149906,0.050121,0.007219,0.195665,0.056132,0.077618,0.157959,0.261677,0.077793,0.029839,-0.210517,0.176954,-0.026620,-0.085370,0.119746,0.027163,-0.093905,-0.037398,-0.087675,0.013527,0.002795,-0.084365,0.243412,0.070784,0.102447,0.109599,-0.177726,0.017773,0.017366,-0.347734,0.163457,0.083028,-0.071399,0.358565,-0.012216,0.162338,-0.003299,-0.061364,0.132885,0.128131,-0.099674,0.243032,-0.068009,0.058411,#
