0,1.000000,0.052767,0.196318,-0.020009,0.197070,-0.002609,-0.117090,-0.192102,0.064222,0.023850,0.138359,-0.235461,0.018078,0.042811,0.022291,0.159521,-0.040412,-0.017543,0.161682,0.122219,0.187682,0.181192,0.094646,0.175536,0.170584,0.164859,0.131169,-0.143974,0.140738,0.165018,-0.072350,0.179101,0.087057,0.237852,0.021910,-0.039205,-0.018155,0.001475,0.295605,0.113073,0.163410,-0.000791,0.077622,-0.049373,-0.004754,0.046232,0.106475,0.376342,0.163132,0.325859,0.082352,-0.142044,0.089253,0.075376,0.012572,0.209132,0.089422,0.010180,-0.090856,-0.059872,0.029629,-0.133089,0.258205,-0.207107,-0.205055,-0.127826,-0.181525,0.151301,0.196244,0.014542,0.351423,0.005365,0.176444,0.169583,0.062244,-0.180771,0.154365,0.127391,0.003339,-0.023468,-0.025044,0.119917,0.052795,0.265786,0.240318,-0.078590,0.267960,0.223185,0.231321,0.106208,0.090787,0.104105,0.111412,0.102861,0.239462,0.178888,0.151420,0.047631,0.040462,0.019063,0.218050,0.186305,-0.099758,0.116024,0.134887,0.000742,0.153581,0.081188,0.056072,-0.109553,-0.095328,0.193274,-0.024358,0.089604,0.060027,-0.059427,0.199873,0.083198,0.092442,-0.057565,0.162190,0.222859,0.208846,0.050811,-0.090617,0.077907,0.164765,-0.258260,0.258239,0.094400,0.283277,0.136905,0.074879,0.217760,0.061451,-0.028102,0.221560,-0.081627,0.143750,0.089215,0.198559,0.083665,0.092378,-0.060321,0.010932,0.084146,0.166518,0.141311,0.266739,0.155357,-0.033066,0.029551,0.283594,-0.089399,0.152838,0.239303,-0.113364,-0.060490,-0.033431,0.070945,-0.061566,0.036509,-0.080025,-0.126918,0.205407,0.064782,-0.129134,0.130468,0.180888,-0.087107,0.184520,-0.064725,-0.016956,0.185636,-0.143192,0.164568,0.153153,0.191186,0.123180,-0.139691,0.174115,0.116105,-0.055715,0.054807,0.189419,-0.164047,0.314672,0.200796,0.279990,0.077337,-0.115759,0.073527,-0.091783,0.015568,0.124132,-0.007816,-0.066652,0.201920,0.283549,0.233503,#
1,0.052767,1.000000,0.078693,0.146963,0.057526,-0.081198,0.141107,0.008718,0.191880,-0.042841,0.175406,0.188966,-0.009503,0.088727,0.049303,-0.202239,0.029383,0.079524,-0.041832,0.090966,0.057527,0.326651,-0.003490,-0.071333,-0.005138,0.068909,0.308649,0.292351,-0.232545,0.145023,-0.031458,0.148699,-0.175642,0.099431,-0.263792,0.222861,0.117915,0.137440,0.224528,-0.120086,-0.264841,-0.070161,0.045179,0.078853,0.006582,0.129608,0.432374,0.256138,-0.054647,-0.131878,0.117261,-0.180975,0.279340,0.289933,0.079621,0.073924,0.145667,-0.035423,-0.293709,-0.053898,0.058802,0.035950,0.170170,-0.041790,-0.179511,-0.111559,-0.194503,-0.082896,0.137799,0.256771,0.000952,0.002431,0.211243,-0.119913,0.129773,0.096599,0.028109,0.030211,0.113080,0.035770,0.213531,0.123105,0.139750,0.028018,0.197197,-0.372626,0.088107,-0.097351,0.159172,0.082906,-0.023046,0.042352,-0.126657,0.056513,0.061568,-0.115614,-0.231570,-0.092381,-0.057603,0.002514,0.167870,0.169019,0.193232,0.143203,0.109110,0.064404,0.283490,0.257052,-0.077613,0.207072,0.106606,-0.024257,-0.122627,0.134921,0.197863,0.116714,0.134327,-0.034498,-0.024597,0.042960,-0.126328,0.061406,0.059460,0.159860,-0.124925,0.058805,0.117701,0.145665,-0.092608,0.086984,0.026608,-0.013455,-0.059399,0.219012,0.131527,0.085327,0.087593,0.119651,0.303081,0.155054,0.158328,-0.098339,0.185446,0.192661,0.129484,0.142371,0.074356,-0.198658,-0.089745,-0.005785,-0.186233,0.030419,0.011477,-0.178143,0.100391,0.127624,-0.058354,-0.144332,-0.271789,-0.214107,-0.068589,0.153090,0.186320,0.016166,0.080861,-0.134585,-0.261779,-0.010365,-0.013051,0.270436,0.232605,0.290513,-0.056117,0.075147,-0.142839,0.031725,0.076887,0.245060,0.130835,-0.068252,-0.082191,0.057012,-0.077436,-0.280345,0.025311,0.058253,0.119524,0.074115,-0.037042,0.075706,0.315221,-0.167223,-0.363219,0.209136,0.163147,0.116934,-0.076267,-0.096889,-0.029067,0.034475,#
2,0.196318,0.078693,1.000000,-0.008140,0.110362,-0.129070,-0.033304,-0.122433,-0.015041,-0.060968,-0.044714,0.259092,0.117737,0.192184,-0.236847,0.195251,0.078213,-0.099975,0.124803,0.060535,0.180752,0.324543,-0.265857,-0.006082,0.184494,0.279335,0.004766,-0.020913,-0.170925,-0.014687,-0.222442,-0.082785,-0.115226,-0.176070,-0.056710,0.050745,0.015309,-0.319354,-0.034942,-0.078909,-0.035589,-0.033669,0.335705,-0.010497,0.093149,-0.097367,0.037955,0.129156,0.151702,0.100526,0.263611,0.042419,0.065027,0.045372,-0.128183,-0.109411,0.016815,0.012215,0.045709,0.109536,0.174782,-0.022302,-0.005642,0.118543,0.106656,0.029544,0.115080,-0.038393,0.170009,0.177074,-0.160334,0.103381,-0.119919,0.003863,0.154397,0.056798,0.133810,0.191617,-0.081114,-0.201696,0.099753,-0.164250,-0.122532,0.071795,0.021729,-0.095497,0.178639,0.170861,0.076172,-0.051533,-0.136535,0.082890,0.050538,0.071131,0.093615,0.186711,0.243579,0.018182,0.257805,-0.047419,0.017188,0.017528,-0.012475,0.178449,-0.014929,-0.103458,0.047162,-0.021714,0.018589,0.043060,0.128069,0.200875,0.088935,-0.045022,0.028526,0.232754,0.297526,0.024754,-0.274696,-0.076390,-0.013473,0.005722,0.120588,0.001585,0.087133,-0.056032,0.261873,0.027335,0.134014,-0.174626,-0.043583,0.008459,0.115553,0.146258,0.128700,0.142855,0.192335,-0.122853,-0.007877,-0.045017,-0.049817,0.006988,0.187503,-0.158462,0.240093,0.054201,-0.351913,-0.001651,0.303661,-0.035710,-0.005575,0.025095,0.121913,0.033368,-0.048541,-0.070116,0.037191,0.046401,-0.111939,0.099267,0.045563,0.268895,-0.187822,0.062430,0.025019,-0.016897,-0.009037,-0.050800,-0.094384,0.040940,-0.228587,0.228340,-0.101550,0.087440,0.154871,0.097228,0.312637,-0.032292,-0.144128,0.073020,0.126808,0.094661,-0.404200,0.191544,-0.063382,0.100950,0.107671,0.002198,0.158947,-0.290335,0.036105,0.179937,0.043386,-0.053506,0.102839,0.113813,-0.114673,0.025853,0.110642,0.140074,#
3,-0.020009,0.146963,-0.008140,1.000000,0.168218,0.082855,0.178738,-0.197267,0.154060,-0.070645,0.154340,-0.025798,0.131165,-0.082615,0.038400,-0.070582,-0.085106,-0.036888,0.116526,0.177098,0.145215,0.069768,0.043505,0.266143,0.211043,0.212308,0.073992,0.041284,0.163041,-0.117673,0.003623,0.262662,0.304046,0.018955,-0.154816,0.002529,0.188712,0.257811,0.295376,-0.049891,0.127133,0.177192,0.191685,0.406316,-0.093439,0.082223,0.281571,0.184761,-0.062456,0.134107,0.095780,0.124718,0.268505,-0.172883,0.028109,0.228549,-0.012405,-0.086872,-0.085766,0.227473,0.076167,-0.015626,-0.038906,-0.081304,0.138577,0.136661,-0.039945,-0.039546,0.182663,0.111106,0.109234,0.062967,0.136224,0.049384,0.161082,0.305494,0.136004,0.103141,0.103937,-0.184808,0.294624,0.259133,-0.008173,0.172281,0.256037,0.061721,-0.068232,-0.051102,0.298297,-0.084693,0.026808,0.147895,0.117522,0.158163,0.080496,0.132299,0.239876,-0.139012,0.243275,0.261007,0.202314,0.149644,0.055491,0.121945,0.327511,-0.033475,-0.019828,0.040549,-0.134491,0.122666,0.165765,0.110892,0.131331,-0.009400,0.006607,-0.115231,0.240393,0.066837,0.170323,0.016152,0.113553,-0.049638,0.127000,0.212740,-0.053183,0.174772,0.072705,0.011174,-0.062212,0.147304,0.260835,0.168766,0.130129,0.191858,-0.002476,-0.116943,0.065487,-0.069922,0.306216,0.004049,0.181778,0.145284,0.163754,0.097119,-0.028963,-0.122049,0.074863,0.231709,0.152722,0.134054,-0.089908,0.098993,0.039323,0.174749,0.178765,-0.030757,-0.117918,0.076239,-0.126092,0.155549,0.185435,-0.022483,0.171650,0.376298,0.010227,-0.090502,-0.131171,-0.178333,-0.194094,-0.041408,0.259461,-0.084764,-0.023770,-0.252533,-0.211279,-0.010197,0.109758,0.148135,0.027564,0.062664,0.083702,0.352608,0.092395,-0.230884,-0.108903,0.086640,0.121876,0.078450,0.124508,0.080896,-0.004173,0.057487,0.143500,-0.154111,0.047128,0.173452,0.312381,0.090586,0.176381,0.059831,#
4,0.197070,0.057526,0.110362,0.168218,1.000000,0.042780,-0.234863,-0.015566,0.192528,0.035070,-0.104862,-0.247196,0.257376,0.071246,0.036219,0.084020,-0.234348,0.090228,0.186375,0.334399,0.298032,-0.024937,0.153376,0.222721,0.087966,0.294001,0.059401,-0.025580,-0.013943,-0.084184,-0.127342,0.028493,0.061980,-0.311638,-0.066334,0.070719,0.385494,-0.009041,-0.113937,-0.208048,0.134406,0.385892,-0.039731,0.079755,0.376299,-0.099113,0.347889,0.140965,0.061015,0.168232,0.022093,0.014400,0.002624,0.048237,0.226483,0.204649,0.228938,0.212979,0.083095,-0.129862,0.038812,-0.124092,-0.070937,-0.127873,0.051635,-0.288173,0.079989,-0.100083,-0.044051,-0.053325,0.206349,0.102589,0.070553,0.138391,0.111894,-0.087159,-0.019700,0.142357,0.341439,-0.074250,0.349674,0.270258,-0.058447,-0.011276,0.396467,0.047961,0.055709,0.096200,0.160784,0.236756,0.162006,0.078204,-0.120234,0.033204,0.012239,0.213695,0.042740,0.119208,-0.020336,-0.110619,0.015240,-0.040293,0.230810,0.138581,0.157402,-0.035880,-0.092603,0.081309,-0.106120,0.073089,0.345198,0.130132,0.238350,0.279661,0.130240,-0.238544,0.138228,-0.087045,-0.069503,-0.100939,0.273326,-0.054023,0.160966,-0.158885,0.184253,0.014375,0.258969,-0.018540,0.215121,-0.188355,0.137284,-0.051117,-0.099141,0.138438,0.145310,-0.053991,0.175507,-0.052152,0.163932,0.086362,0.274582,-0.130287,0.191924,-0.034428,-0.079372,0.238852,-0.003148,0.240399,0.065373,-0.023218,-0.087425,0.037027,0.061470,0.284567,-0.129793,0.021125,0.350369,-0.071395,-0.166026,0.238915,-0.006637,-0.104747,-0.279513,-0.002880,-0.104820,0.073144,-0.189626,-0.023713,-0.085212,-0.073690,0.033971,0.041976,0.304959,0.234903,-0.090161,0.045329,0.225283,0.083432,0.070792,0.124673,-0.183431,-0.093731,0.028377,0.153637,0.217904,-0.083460,-0.055352,0.171637,0.056387,0.143161,0.045257,0.147922,0.017614,-0.129635,0.032386,0.123531,0.139662,0.165964,0.168629,0.139401,#
5,-0.002609,-0.081198,-0.129070,0.082855,0.042780,1.000000,-0.029290,-0.049707,0.132145,0.258359,0.108030,0.040519,0.367936,-0.063057,0.151477,-0.234989,-0.226816,0.009794,-0.176433,-0.038594,0.031697,-0.101981,-0.011327,0.165293,0.157430,0.000213,0.071536,0.032362,0.088474,0.031875,-0.132215,0.197161,0.128620,0.100154,0.000468,0.000233,0.219544,0.064801,0.161894,-0.142090,0.242160,0.158377,-0.078804,0.113777,-0.142391,0.109920,0.082834,-0.109555,0.203298,0.284751,0.013613,0.058581,-0.085421,-0.135523,0.176867,0.164608,0.032809,-0.081500,0.070960,-0.155225,-0.036169,0.011136,0.022439,-0.157298,0.069851,-0.058201,0.085179,-0.090349,0.107748,0.011480,0.063927,0.201900,0.105048,0.152382,0.010415,-0.029155,0.250660,-0.197006,-0.017155,-0.123602,0.011190,0.173037,0.208748,-0.148226,0.100212,-0.023421,-0.067238,-0.055264,-0.036254,-0.040013,0.096049,0.162208,0.034069,0.185385,0.160807,0.180105,-0.150876,0.050525,0.111154,-0.263537,0.049740,0.260189,-0.146498,0.041988,0.156331,0.018905,0.030949,-0.052626,0.060803,-0.258270,0.137342,-0.029534,-0.038369,0.112121,-0.009789,-0.206479,-0.130739,0.166043,0.106986,-0.085908,0.003272,0.076813,0.096483,-0.012307,-0.194949,0.041831,-0.330998,0.000392,0.373213,0.062537,0.186525,-0.182076,-0.008219,0.239513,0.176586,0.215788,0.032575,0.003888,0.006225,-0.052912,0.213852,0.035999,0.104136,0.257870,-0.148553,0.131549,0.154186,0.056884,-0.287117,0.175456,0.160888,-0.160243,0.087691,0.189568,0.052821,0.120848,0.053297,-0.065932,0.142715,-0.040925,0.075592,0.010400,-0.085668,0.078338,-0.149818,-0.060599,-0.046602,0.032134,0.292475,0.161267,0.267258,-0.015451,-0.115342,0.059059,-0.145249,0.083663,0.228114,0.097669,0.073586,-0.154953,-0.073229,-0.137978,0.187609,0.095697,-0.059725,0.108242,0.257517,-0.117742,-0.075427,-0.078175,-0.145796,0.162522,0.121996,0.084603,0.127917,-0.032651,0.037137,0.179746,0.034065,0.249507,#
6,-0.117090,0.141107,-0.033304,0.178738,-0.234863,-0.029290,1.000000,-0.084550,0.135698,0.083830,0.039554,-0.119509,-0.043869,0.062004,0.006596,-0.059084,0.068962,-0.200178,0.015017,-0.062998,-0.009947,0.005216,-0.165152,-0.307243,-0.132643,0.038397,0.052775,-0.053885,-0.067208,-0.014307,-0.084864,0.185743,-0.118583,0.180093,-0.294175,-0.043315,-0.101740,0.218533,-0.033409,-0.092518,-0.202187,-0.372946,-0.119313,0.029468,-0.157583,-0.029145,0.048243,0.037710,-0.105905,-0.110735,0.146143,-0.005555,0.226433,0.161749,-0.036779,0.265697,-0.229954,-0.205953,-0.071869,0.292892,0.121191,-0.009451,0.094733,-0.022944,-0.075216,0.090420,0.083335,0.042730,0.044983,-0.011056,-0.116487,-0.073012,-0.183010,-0.056993,0.265695,0.115479,0.120116,0.301247,-0.046540,-0.178603,-0.214073,0.136411,0.046136,0.129661,0.144009,0.142323,-0.171648,-0.009229,-0.105325,-0.140933,0.032453,-0.224403,-0.257634,-0.102951,0.061149,0.058009,0.030418,-0.084825,0.143230,0.145812,0.082686,0.330724,-0.061585,-0.119148,-0.180107,0.148683,0.040722,-0.071004,0.127845,0.040344,-0.168036,0.055810,0.086115,-0.298256,0.216656,0.088523,0.007897,0.053635,0.110880,-0.020579,-0.137608,0.115711,-0.233630,0.078370,-0.050499,0.044967,-0.191089,-0.014579,-0.170528,0.007200,0.014928,-0.161007,-0.080054,-0.076301,-0.035280,0.059278,0.039035,0.012396,0.159242,-0.054648,-0.223996,0.127259,-0.078708,0.002752,-0.152905,-0.117675,0.105848,-0.191653,0.015207,-0.173025,0.199142,-0.066860,-0.025855,-0.234711,0.058449,0.056407,-0.075317,0.297407,-0.151758,-0.027622,-0.150045,-0.034774,0.236586,0.447689,0.038341,0.000978,-0.287861,-0.087923,-0.066092,0.123014,-0.078794,-0.140658,0.047810,-0.144950,0.111168,-0.052521,-0.089542,0.117730,0.234230,-0.215499,-0.119010,-0.142122,0.040451,-0.065675,0.092712,0.196437,0.054668,0.082123,-0.151191,-0.024882,0.046834,-0.055653,-0.346721,0.109524,-0.243101,-0.060078,0.229756,-0.176913,-0.089711,0.083898,#
7,-0.192102,0.008718,-0.122433,-0.197267,-0.015566,-0.049707,-0.084550,1.000000,0.047703,0.061761,0.094053,0.317197,-0.067408,-0.047126,0.185637,0.079986,0.107991,0.410324,0.009791,0.061362,0.114695,0.129792,0.002146,-0.047333,0.079185,-0.036810,0.084004,0.302175,-0.235945,0.011359,0.049428,-0.172412,-0.042492,-0.031515,-0.072156,0.042498,-0.245112,-0.216710,0.008231,0.087786,0.195791,0.084166,-0.004798,0.078081,0.267699,0.187764,-0.046351,-0.036231,0.176109,-0.142451,-0.063139,-0.079689,-0.026297,0.100454,0.059101,-0.024414,0.239912,0.360127,0.043358,-0.181376,0.208881,0.057854,0.121266,-0.018019,0.188671,0.158675,0.178036,-0.198677,0.014024,0.124107,0.114824,0.068414,0.090293,0.121936,-0.087824,0.022489,-0.137404,0.119310,-0.045548,0.295394,0.115619,-0.040702,0.192229,-0.057899,-0.044227,0.003560,-0.054701,-0.243232,0.144054,0.123425,-0.084692,0.125168,-0.054873,0.045118,-0.145169,-0.119062,-0.096564,0.207864,-0.128863,0.057986,0.038162,-0.058373,0.068949,-0.003583,-0.170888,0.052660,0.356046,-0.004843,-0.025989,0.200865,-0.027418,-0.022820,-0.150843,0.093940,0.244118,0.189114,-0.218980,-0.241468,-0.155795,0.241920,-0.031815,0.089666,-0.090110,-0.101179,0.133727,0.080304,0.054480,0.068057,-0.068347,-0.029597,-0.032213,0.183796,0.123738,-0.124570,0.294721,0.112340,-0.237665,0.470307,-0.037508,0.085637,0.203757,-0.083588,-0.188256,-0.082639,0.059075,0.074033,0.136622,-0.017991,-0.172642,-0.052665,0.146194,0.012399,0.033601,-0.019817,-0.068030,0.145779,0.275728,0.071003,0.133971,0.121754,-0.111283,-0.037146,0.208512,-0.111615,-0.191581,0.250068,0.206444,-0.041298,0.000315,0.068150,-0.001093,-0.018186,-0.068110,0.052178,0.069291,-0.087296,-0.048790,-0.004036,-0.186417,0.214628,0.052659,0.071420,0.087430,0.067103,-0.424330,0.014455,-0.123036,-0.190270,0.162826,0.311055,0.255146,-0.135337,0.012708,-0.017142,-0.004780,0.084386,-0.216291,0.045033,0.197389,-0.111669,#
8,0.064222,0.191880,-0.015041,0.154060,0.192528,0.132145,0.135698,0.047703,1.000000,0.073153,0.272039,0.125410,0.226258,-0.047698,0.210002,-0.143436,-0.155632,0.089805,0.052604,-0.016927,0.084063,-0.022573,-0.127514,0.226313,-0.032469,0.053677,0.010833,0.127550,-0.111959,-0.019537,-0.361877,0.208705,-0.070725,-0.192830,-0.158245,-0.003341,0.217161,-0.170505,0.024209,-0.169988,0.195923,-0.020023,-0.015748,0.091725,0.211420,0.110967,-0.030987,0.088330,0.131325,-0.035186,0.057851,0.271284,0.144225,0.302564,-0.032601,0.168035,0.086397,0.289700,-0.173251,0.073895,0.126488,0.095319,0.046098,-0.257074,0.002446,0.177917,0.002166,-0.145732,0.365448,-0.015682,0.074110,0.013159,0.090307,-0.161608,0.092523,0.052297,-0.076207,0.134117,0.109582,-0.212160,0.206189,0.242910,0.161737,0.103115,0.274251,0.119861,0.109496,0.087829,0.124809,0.197388,0.021054,0.343404,-0.028195,-0.226991,0.459955,0.253224,0.052630,0.028753,0.230470,-0.056001,0.081605,0.103108,0.038869,0.127131,0.127159,-0.000718,0.095728,0.065051,-0.236081,0.325900,0.023906,-0.087188,-0.094734,0.222031,-0.018309,0.082867,0.019165,0.121369,0.001711,0.241607,0.152086,-0.044973,0.126717,-0.049366,-0.090596,0.150130,-0.083865,0.154317,-0.089383,0.160197,0.099740,-0.179900,0.001306,0.247390,0.141173,0.052975,0.023784,0.099104,0.358297,0.099162,0.285404,0.021849,0.045544,-0.129357,-0.169343,-0.214807,0.197895,0.044607,-0.179808,0.043590,0.207483,-0.110999,0.165748,0.008897,0.200536,0.333008,0.190053,0.102359,0.077981,0.187613,-0.132692,-0.029057,-0.110632,0.186495,0.040087,-0.031563,0.111072,-0.094571,0.122630,0.011029,0.119111,0.129245,-0.134826,-0.020690,-0.032607,-0.151115,0.009954,0.151681,0.281521,-0.065685,-0.030570,0.176070,-0.074565,-0.076014,-0.047910,0.126435,-0.131970,-0.063813,0.155327,0.335815,0.132225,-0.035843,0.177326,-0.022426,0.216899,-0.001556,0.150260,-0.106446,-0.184613,-0.050515,#
9,0.023850,-0.042841,-0.060968,-0.070645,0.035070,0.258359,0.083830,0.061761,0.073153,1.000000,0.187406,-0.144824,-0.029824,0.277599,-0.059757,-0.009050,0.010833,-0.145524,-0.329531,0.232913,-0.057957,-0.071848,-0.099590,-0.076366,-0.157944,0.161293,0.318880,0.076609,0.042120,-0.177482,0.132816,0.239863,-0.103071,0.176748,0.225658,-0.098189,-0.160221,0.091515,-0.129168,-0.175330,0.060825,0.152034,-0.007155,-0.137665,0.068642,0.033771,-0.029970,0.020328,0.032229,0.008803,-0.141981,0.116730,-0.116404,0.000424,0.002623,-0.026016,-0.097359,0.090642,0.247675,-0.125894,0.229894,-0.012604,0.125801,-0.121209,0.107868,0.025124,-0.125844,-0.207378,0.146398,-0.162566,0.233976,0.093118,0.042976,0.074413,0.159208,-0.023542,-0.181207,-0.033213,0.300980,-0.080679,-0.094979,0.238413,-0.113564,-0.016307,0.230825,0.139142,0.034760,-0.085981,-0.323901,-0.032109,-0.166224,0.119608,0.012257,-0.232036,-0.047409,0.153632,-0.014121,0.046803,0.128465,-0.152019,0.073858,0.240700,-0.012473,0.071388,0.300375,0.136883,-0.020752,-0.233589,0.172964,0.120753,-0.172771,-0.116606,-0.065514,0.201932,-0.021654,0.050202,-0.079876,0.022726,0.081613,-0.033887,0.088512,0.000085,-0.139682,0.119592,-0.102247,0.226777,-0.275816,0.054024,0.046864,0.072406,0.136628,-0.300769,-0.193719,0.108357,0.199928,0.369968,0.138170,0.293163,0.299255,-0.236822,-0.004344,0.029292,-0.032802,-0.112802,-0.182662,0.002716,0.240035,0.089521,0.019049,0.345285,-0.022681,-0.272539,0.444904,0.135645,0.174010,0.098594,-0.000008,0.118146,0.340888,-0.111879,0.048836,0.014857,-0.182940,0.222757,-0.207058,0.009879,-0.062987,-0.061193,0.368926,-0.117362,-0.117531,0.034014,-0.028690,0.093489,-0.205184,-0.020000,0.086912,-0.176579,0.091176,-0.222145,-0.004721,-0.042019,0.130034,0.193173,-0.094913,0.138916,-0.042726,0.178167,0.154553,-0.006471,0.089018,0.118842,-0.137387,0.145744,-0.126982,0.167565,0.050626,-0.030723,0.033569,0.223490,#
10,0.138359,0.175406,-0.044714,0.154340,-0.104862,0.108030,0.039554,0.094053,0.272039,0.187406,1.000000,-0.032953,-0.090251,0.152292,-0.000649,-0.082353,0.005336,0.060503,0.113456,0.056286,-0.209108,0.301202,-0.270389,0.011660,-0.040827,-0.038248,-0.013056,0.212847,0.138753,0.048809,0.206130,0.280417,0.144873,0.054862,0.005982,-0.065134,0.008051,0.105931,0.419134,0.116890,0.002623,0.033744,-0.065809,0.020501,-0.253089,0.099535,0.041648,0.257349,0.114209,0.021000,0.076747,0.002868,-0.100944,0.045774,-0.026247,0.130349,0.003449,-0.052158,-0.197149,0.232992,-0.098903,0.046325,0.064299,0.098484,0.342959,0.316317,0.053227,-0.129542,0.214394,0.123872,0.237710,0.008691,0.290617,0.128737,0.050094,0.150930,0.107692,-0.046179,0.014000,0.033207,0.114280,-0.085951,0.308657,0.105360,0.414320,-0.109698,0.155208,-0.026628,0.058599,0.154375,-0.268397,-0.007922,0.048726,-0.068864,0.166891,0.142419,0.061114,-0.146586,0.088350,0.023163,-0.044796,0.067340,0.120934,-0.179414,0.112436,-0.058114,0.039383,0.152683,0.018996,0.023616,-0.108084,0.199907,-0.057303,0.060890,0.494549,0.185921,0.123779,-0.046337,0.072966,0.066598,0.062068,0.157709,0.014577,0.183973,-0.048367,0.122937,-0.053278,0.164445,0.007903,0.113363,0.382720,-0.051456,-0.076188,0.219534,0.081067,0.089678,-0.028876,0.295161,0.242011,-0.059557,0.206365,-0.083324,0.158285,-0.023311,-0.167288,-0.022778,0.193350,-0.096571,-0.030617,0.103964,0.015648,0.101262,0.310985,-0.199852,0.304596,0.109032,0.069761,-0.096929,0.157960,0.008491,0.031648,-0.147893,0.221339,-0.006686,-0.053293,0.001883,0.012768,0.025759,0.091759,0.118445,0.108520,0.072115,-0.035336,0.114445,-0.105718,0.062327,0.117934,0.055843,-0.059121,-0.103571,0.113785,0.135469,0.110399,-0.108872,-0.060807,0.294172,-0.060540,-0.143233,0.120653,0.159401,0.326052,-0.118814,-0.036658,0.071434,0.239104,0.116928,0.008220,-0.003359,0.113009,0.176968,#
11,-0.235461,0.188966,0.259092,-0.025798,-0.247196,0.040519,-0.119509,0.317197,0.125410,-0.144824,-0.032953,1.000000,0.110871,-0.073360,-0.231693,-0.008915,-0.022022,0.073917,0.071822,-0.331935,-0.255504,0.095745,-0.188039,-0.045699,0.221424,-0.027558,0.021379,0.209868,-0.342106,0.035337,0.032210,-0.029575,-0.137393,0.007715,-0.046270,0.222205,-0.087948,-0.257723,-0.004909,0.018878,-0.184172,0.112882,0.252924,0.268156,-0.108762,0.032400,-0.237764,-0.104631,0.109593,-0.143128,0.108568,-0.118981,0.163333,0.197389,-0.249049,-0.195250,-0.041834,0.339280,0.082755,-0.081704,-0.096498,0.056436,0.168001,0.028020,-0.038906,0.248893,0.031099,-0.007228,0.044923,0.069172,-0.257077,-0.213556,0.168522,-0.061501,-0.218058,-0.007754,-0.056744,-0.234893,-0.284760,0.142996,0.114393,-0.094595,-0.100276,0.148350,-0.108301,-0.230249,-0.013492,0.017939,0.207616,-0.104694,-0.220294,0.145475,0.274172,0.399062,-0.037294,0.005430,-0.084687,-0.038848,0.083479,0.002463,0.108596,0.027001,-0.027226,0.160031,-0.068899,0.037086,0.321580,0.169188,-0.034991,0.092367,0.191502,-0.012068,-0.034200,0.012779,-0.168892,0.156756,-0.108721,-0.064806,-0.019282,-0.046126,-0.036906,-0.037831,0.138157,-0.019589,0.022187,0.033368,-0.030761,0.085447,0.033411,-0.078189,-0.052905,0.111868,0.214329,0.129438,0.127400,-0.032729,-0.239335,0.169333,-0.122039,0.092412,-0.001550,-0.046162,0.092122,-0.084793,-0.009707,-0.198763,-0.091651,-0.100211,-0.206750,-0.153957,-0.075752,0.176302,0.135919,0.059720,-0.143016,0.112184,-0.040479,-0.032509,-0.059019,0.099806,0.022717,-0.005501,-0.092150,-0.185635,-0.087895,-0.163687,0.444059,-0.118887,-0.073757,0.076462,0.011395,0.006693,-0.234634,-0.168547,0.022367,0.053704,0.042486,0.043755,-0.182338,0.052237,0.091814,0.054144,-0.171525,-0.141238,-0.426408,0.059160,-0.020745,0.066465,0.017919,-0.069949,0.099347,-0.153025,0.206170,-0.118338,0.109923,0.009319,-0.060852,-0.082024,0.056216,-0.177260,#
12,0.018078,-0.009503,0.117737,0.131165,0.257376,0.367936,-0.043869,-0.067408,0.226258,-0.029824,-0.090251,0.110871,1.000000,-0.020010,0.157833,-0.044007,0.214186,-0.071122,0.031853,0.238118,0.099213,0.154718,0.045394,0.204858,-0.040295,0.295732,0.039033,0.028816,0.013833,0.071004,-0.334425,0.301407,0.065072,0.068333,0.135408,0.342202,0.292237,0.012364,0.215892,-0.204797,0.325612,0.061633,0.003677,0.223812,0.302522,0.165028,0.067099,0.040205,0.190088,0.096971,0.179841,0.288427,0.008908,0.084399,0.197983,0.181424,0.084447,0.156648,-0.018384,-0.111799,0.065593,0.046845,0.022214,0.108979,0.296131,0.059025,0.076617,0.074589,0.204669,-0.045982,-0.028641,0.035593,0.039612,0.102414,0.195464,0.150021,0.155177,-0.020398,0.086852,-0.053265,0.161964,0.296819,-0.061536,-0.044623,0.177738,0.063232,0.097377,0.181761,0.175558,0.078206,0.280385,0.263344,-0.003690,0.237776,0.238636,0.184440,0.152634,-0.110807,0.219799,-0.015111,0.280281,0.228722,-0.076170,-0.153489,0.205194,-0.051903,0.116278,-0.040339,-0.140228,-0.050761,0.322047,-0.045002,0.014063,0.161105,0.004014,-0.174661,0.086352,0.051230,0.276484,0.064506,0.180247,-0.052154,0.320786,0.110788,-0.012901,-0.107086,0.078646,0.119648,0.099594,0.025722,0.147915,-0.207506,0.141680,0.018269,0.132829,-0.025574,0.203790,-0.057052,0.086409,0.168617,0.289324,-0.127112,0.124605,0.129354,-0.251636,0.207730,-0.149266,0.113353,-0.032804,-0.008329,-0.123211,0.165656,0.040647,0.218705,-0.121527,-0.012436,0.062430,-0.042961,0.014503,0.088070,-0.147252,0.363857,-0.030962,0.172209,0.053384,-0.154755,0.149966,0.025262,0.095988,0.232550,0.157327,-0.036227,-0.015259,0.206661,0.019741,0.090478,0.258951,0.392412,0.130952,0.106179,0.033251,0.074218,0.173890,0.100856,0.000105,0.041368,0.160994,0.206584,0.096592,0.078599,0.084599,-0.207203,0.067330,0.098031,-0.124716,0.103255,0.282746,0.313286,0.164626,0.025759,#
13,0.042811,0.088727,0.192184,-0.082615,0.071246,-0.063057,0.062004,-0.047126,-0.047698,0.277599,0.152292,-0.073360,-0.020010,1.000000,0.159662,0.019294,0.317530,-0.126992,0.048577,0.363212,-0.068056,0.060638,-0.241930,0.041153,-0.075955,0.246117,0.333007,-0.008077,-0.091164,0.021583,0.248612,0.267482,-0.050771,0.117239,0.222868,0.147778,0.003396,-0.055695,-0.005486,0.026345,-0.183885,0.056108,0.058348,-0.038967,-0.003124,0.152714,0.143737,0.112355,0.141017,0.114497,0.020438,0.055136,0.208065,0.181180,0.126321,0.172001,-0.114014,0.085470,-0.012022,0.151528,0.176256,0.173809,0.176541,0.004930,0.191595,0.059926,0.441832,0.204761,0.184713,-0.021800,-0.000884,0.108734,0.078692,-0.081677,0.210120,0.018047,0.325109,0.174705,0.285438,-0.108972,0.045103,0.295613,-0.147468,0.383019,0.348544,0.105591,0.151808,0.293314,0.021440,-0.131881,-0.128187,0.039939,-0.144680,0.107836,-0.008109,-0.034468,0.255780,-0.078230,-0.070240,0.204486,0.150991,0.294230,0.085156,0.245219,0.135895,0.017956,0.109052,0.012871,0.232133,0.061619,-0.113304,-0.092998,0.308147,0.158258,0.194968,0.057987,0.296191,0.055688,-0.202450,-0.053454,0.103671,0.102875,0.228467,0.181943,0.279959,-0.095657,0.019897,-0.139810,0.159770,0.084717,0.099324,-0.125306,-0.120146,0.018257,0.166983,0.112756,0.064899,0.177221,0.378864,0.218519,-0.171229,0.021418,0.249453,0.195062,0.133198,0.140818,0.030307,0.206255,0.009386,0.097353,0.066976,0.100017,0.224300,0.172787,0.203188,0.226219,-0.100654,0.352870,0.154918,0.157402,-0.211885,0.277734,-0.073503,0.348193,-0.084826,-0.085517,-0.000024,-0.112230,0.138821,-0.004727,0.083914,0.318509,-0.003342,0.085419,0.013807,0.292278,0.173201,0.038543,0.047654,-0.139001,0.086094,0.156222,0.111688,0.158553,0.106791,0.148831,0.156297,0.162051,0.036320,0.081160,0.256409,0.107189,-0.032612,0.035737,-0.114391,0.117901,-0.146150,0.006897,0.052797,0.040171,#
14,0.022291,0.049303,-0.236847,0.038400,0.036219,0.151477,0.006596,0.185637,0.210002,-0.059757,-0.000649,-0.231693,0.157833,0.159662,1.000000,0.084134,0.184951,0.120608,-0.200663,0.293191,0.074186,0.030826,0.016741,0.371677,-0.238142,-0.026090,0.228988,0.032788,-0.070967,0.137173,-0.221323,0.207212,-0.142935,-0.103284,-0.016536,-0.003567,0.032558,0.057653,-0.013037,0.140481,0.087197,-0.153400,0.102017,-0.099418,0.186398,0.455800,0.091190,-0.110372,0.196223,0.102241,0.123616,-0.037330,0.319347,0.215833,0.331784,0.161523,0.068862,-0.092187,-0.150660,0.040595,0.290408,0.217883,0.035013,-0.251401,0.016145,-0.032282,0.193754,0.157352,0.093990,0.173851,0.250109,-0.023236,0.075394,0.281113,0.299507,0.190576,0.175896,0.146959,0.192651,0.084262,0.117758,0.169016,0.115315,0.008090,0.089691,0.149839,-0.103185,0.087996,0.056424,-0.041824,0.176928,0.374300,-0.074322,-0.041189,0.305839,-0.136685,-0.033675,0.063446,-0.250262,-0.077702,0.149160,0.198163,-0.018379,0.214344,-0.011851,0.018123,0.292228,0.036532,-0.030301,0.258946,-0.142597,-0.274855,0.018894,0.155197,0.055958,0.023084,0.054156,0.148669,0.037122,0.140143,0.118720,0.113206,-0.079223,0.008045,0.176484,-0.038073,0.094976,0.034941,0.068849,0.251276,0.049226,-0.060695,-0.014308,-0.134034,-0.113210,0.238108,-0.148305,0.028646,0.029020,0.212332,0.250168,0.214280,-0.011329,0.161363,-0.041201,0.272474,0.235234,0.133970,-0.200475,-0.005787,0.280000,0.104860,-0.185004,0.081728,0.257281,0.147423,0.051608,0.091927,0.053496,0.042874,-0.218484,0.094710,0.073192,0.018323,0.148026,-0.097443,-0.051012,-0.185529,0.056962,0.171607,0.383954,0.117231,-0.036110,-0.015985,0.111202,-0.076503,0.158472,0.210270,0.184379,0.096483,-0.082897,0.171490,0.129139,-0.021898,0.134225,0.086493,0.106487,-0.379067,0.164164,0.461246,0.067788,0.064846,-0.078432,0.092908,-0.051995,0.053763,-0.141597,0.051986,-0.020527,-0.041137,#
15,0.159521,-0.202239,0.195251,-0.070582,0.084020,-0.234989,-0.059084,0.079986,-0.143436,-0.009050,-0.082353,-0.008915,-0.044007,0.019294,0.084134,1.000000,0.280258,0.084239,0.018199,0.081759,0.045971,0.045836,0.010932,0.218809,-0.057296,0.358472,0.078506,-0.050612,0.198558,0.031703,-0.034959,0.139498,-0.105797,0.169408,-0.104484,-0.150616,-0.138378,-0.162612,0.044567,-0.144227,-0.050206,0.071756,0.130120,-0.030035,0.178741,0.159093,-0.177195,-0.100824,-0.065250,0.202917,-0.194286,0.006766,0.084948,0.060316,0.114004,-0.024514,0.019462,0.080769,0.064963,0.214216,0.056288,-0.159105,0.189486,-0.204682,0.049921,-0.055075,-0.073030,0.017698,0.046049,-0.101390,0.218576,-0.013621,-0.043416,0.077825,-0.023983,0.054796,-0.129866,0.171998,-0.196235,0.107623,0.157483,-0.093538,-0.116200,0.386706,0.064383,0.050817,-0.041920,0.137966,0.099164,0.213892,-0.113640,0.106742,0.028290,0.163109,-0.046955,-0.241206,0.286110,-0.092981,-0.081127,-0.039857,-0.018340,0.020010,-0.190881,-0.068038,-0.306739,0.086322,0.066501,-0.054772,-0.110358,0.257746,-0.138896,0.265649,0.022534,-0.019117,-0.046043,0.159459,-0.109650,-0.212444,-0.088604,-0.075543,0.189915,0.030876,0.044257,0.190179,0.063343,-0.249368,-0.000377,-0.009320,0.043262,-0.131974,0.064836,0.094746,0.004369,-0.066685,0.037271,0.187097,-0.064108,0.028199,0.011981,-0.076643,-0.293230,0.142593,-0.143104,-0.113778,0.258413,-0.043868,-0.044940,0.145487,0.466292,-0.038253,0.026535,-0.172655,0.081568,0.234187,-0.254256,0.281972,-0.037136,0.021849,0.070240,0.081765,-0.083987,-0.049922,0.148656,0.128457,-0.036390,0.108964,0.087993,0.021662,-0.135521,-0.213729,-0.236733,-0.131854,0.166491,-0.174181,0.179624,-0.216752,0.234083,-0.099343,-0.208493,0.242849,0.206476,0.048543,-0.038858,0.105081,-0.075568,-0.058929,-0.098675,0.178213,-0.015500,0.110783,-0.120527,-0.029885,-0.033667,-0.069470,-0.050648,-0.004193,0.027883,0.023371,0.059537,-0.257075,#
16,-0.040412,0.029383,0.078213,-0.085106,-0.234348,-0.226816,0.068962,0.107991,-0.155632,0.010833,0.005336,-0.022022,0.214186,0.317530,0.184951,0.280258,1.000000,-0.052852,0.022231,0.348391,0.000996,0.259942,0.065306,-0.108483,-0.277298,0.202228,0.146429,-0.090829,0.006704,0.276389,-0.038391,0.232145,-0.217240,0.224308,0.078136,0.072354,-0.018975,-0.026156,0.137167,-0.271600,-0.016394,-0.059524,0.040763,0.116865,0.116897,0.349523,-0.089194,0.082741,-0.020120,-0.169054,0.056344,0.186859,0.232656,-0.054332,0.128680,-0.039621,0.040863,-0.019665,-0.069756,-0.105287,0.054398,0.050533,0.308236,0.164173,0.251276,-0.024878,-0.021921,0.360119,0.108103,-0.031401,-0.123289,0.243330,0.205472,-0.092812,0.070803,0.234192,-0.016905,0.318140,0.046190,-0.004925,0.013542,0.061102,-0.014700,0.177923,-0.006087,0.080704,0.153811,-0.033221,0.022928,-0.072957,0.080186,0.202524,-0.057744,0.014242,-0.007172,-0.294305,0.359023,-0.105614,-0.099956,0.190583,0.065681,0.108753,-0.266910,-0.081566,0.007527,-0.032438,0.048245,-0.104566,-0.151498,0.137295,-0.019558,-0.056492,0.009733,0.025801,0.163814,0.251743,-0.080217,0.116070,-0.072172,0.235886,0.191094,0.075455,0.041962,0.203942,0.092876,-0.197381,-0.091117,-0.197952,-0.045752,0.121302,-0.009311,-0.157156,0.319294,-0.381576,0.144658,0.136673,-0.160563,0.193153,0.161342,0.137260,-0.143347,0.112070,0.120816,0.079464,0.207324,0.111501,-0.150042,0.172921,0.167218,0.122475,-0.205129,0.204667,-0.046006,0.104355,0.075922,0.074082,-0.081202,0.033063,0.021151,0.050725,-0.134810,0.222535,0.197018,0.255579,0.107806,-0.029732,0.143207,0.006395,-0.089128,0.031708,-0.048450,0.127266,-0.066556,-0.056893,0.047558,0.024715,-0.016225,0.072902,0.006885,-0.003387,0.176018,0.115063,0.077304,-0.038541,-0.096609,0.091651,0.179948,0.009745,0.142353,0.123673,0.233242,-0.352202,-0.228915,0.026185,-0.040902,0.199566,-0.071711,0.079873,-0.015253,-0.160482,#
17,-0.017543,0.079524,-0.099975,-0.036888,0.090228,0.009794,-0.200178,0.410324,0.089805,-0.145524,0.060503,0.073917,-0.071122,-0.126992,0.120608,0.084239,-0.052852,1.000000,-0.008138,0.166726,0.276174,-0.110328,-0.091193,0.055092,-0.013998,0.107428,-0.037117,-0.115778,0.033277,-0.054394,-0.003696,-0.038402,0.168867,-0.084624,-0.080980,0.050124,-0.325088,-0.170804,0.114997,-0.097466,0.054382,0.013300,-0.151236,0.082372,0.065706,0.078212,0.058948,-0.111297,-0.119503,0.007591,0.013007,-0.110074,-0.124059,-0.041454,0.078998,0.086329,0.205207,0.062232,-0.033037,0.014142,0.111010,0.203059,0.039734,-0.219307,0.028971,0.002951,0.086616,-0.014892,0.011760,0.054903,-0.140823,0.064355,0.126110,0.011367,-0.040469,0.121260,-0.252181,-0.032208,-0.265633,0.217464,0.044819,-0.024077,0.432361,0.050700,-0.129822,-0.131301,0.031642,0.013942,0.110559,0.165494,-0.043114,0.045736,0.056591,0.081232,-0.220573,-0.128283,-0.135914,0.218095,0.176458,-0.020942,-0.121567,-0.171511,-0.031161,0.051150,-0.141769,0.034126,0.041038,0.014925,-0.163139,-0.044670,0.130102,0.346478,-0.006891,0.197658,0.046028,0.133542,-0.167870,-0.108429,-0.098045,0.108033,-0.121450,0.130664,0.031093,-0.003391,0.249420,-0.143359,-0.064055,-0.017748,-0.029162,-0.133946,0.064405,-0.002307,0.040310,0.032193,0.197139,0.165108,-0.013572,0.256310,-0.032864,0.133206,0.071726,-0.008310,-0.095442,-0.052075,0.036645,0.148708,-0.129291,-0.030328,-0.145130,-0.126822,-0.043709,-0.164626,-0.051494,0.131929,0.080409,0.151957,-0.000124,-0.011639,0.180031,0.171631,0.064929,-0.002644,0.163596,-0.052026,-0.083709,0.133632,0.103095,0.100488,-0.105332,-0.108006,0.094342,0.046354,0.007989,-0.021755,0.028987,-0.265065,0.030090,0.064068,-0.329017,0.286423,-0.108946,0.043165,0.089302,0.029919,-0.237789,-0.133879,-0.107449,-0.116742,0.141215,0.210017,0.193372,0.032562,0.063486,-0.120381,0.109943,-0.125083,-0.087512,-0.082614,-0.044120,-0.043218,#
18,0.161682,-0.041832,0.124803,0.116526,0.186375,-0.176433,0.015017,0.009791,0.052604,-0.329531,0.113456,0.071822,0.031853,0.048577,-0.200663,0.018199,0.022231,-0.008138,1.000000,-0.178830,0.076255,0.239204,0.012195,0.249233,0.150485,-0.030190,0.018072,0.101429,0.006045,-0.096506,-0.057846,-0.170255,-0.012107,-0.066708,0.104731,0.219894,0.236207,0.154896,0.142314,0.206946,0.011880,0.283738,0.006271,0.084772,0.073599,-0.006516,0.061663,0.192681,0.148585,0.087482,0.135217,0.072874,0.131260,0.024934,0.075178,0.198303,0.049820,0.117662,-0.179351,-0.048561,0.035873,-0.060274,0.019300,-0.113891,0.059027,-0.009658,0.123811,0.306297,0.037795,-0.042633,-0.152539,-0.021249,0.050714,-0.038832,-0.061056,0.146511,-0.003405,0.144722,0.032368,-0.074701,-0.120634,-0.030181,0.061142,0.164715,0.065701,-0.099832,0.263045,-0.116903,0.178513,0.105252,0.149436,-0.055666,-0.069389,0.281926,0.054214,0.226218,0.192749,0.052486,0.005981,0.185298,0.009803,-0.034891,0.016169,-0.093399,0.067033,-0.046058,0.019139,0.051381,0.060830,0.163559,0.191177,0.403305,0.128548,-0.064870,0.130967,0.147146,-0.037586,-0.151000,0.026906,0.237177,-0.024714,-0.015787,0.187617,-0.023152,0.092021,-0.164069,0.171637,-0.140886,0.359885,-0.053247,0.183643,0.131049,-0.043301,0.061644,0.078450,-0.345716,0.042943,-0.045315,-0.041952,0.175174,0.039978,-0.123181,0.053858,-0.000106,0.031296,0.035163,-0.072095,0.011910,0.061335,0.046062,-0.021875,0.174496,-0.016259,0.013110,0.031439,0.244798,0.110252,0.148500,-0.225705,0.485744,0.024726,0.023606,-0.021711,-0.011485,-0.017219,0.181997,0.074211,0.097439,-0.181672,0.086349,-0.075202,0.023068,0.250371,-0.087593,-0.231404,0.248958,0.093344,0.198005,-0.040500,-0.119386,0.034657,0.094960,0.157276,-0.100537,-0.060105,-0.162703,0.208744,0.139034,0.177327,0.042102,-0.049534,0.111308,0.125304,-0.242191,0.012864,-0.082041,0.013467,0.176875,0.309295,-0.072327,#
19,0.122219,0.090966,0.060535,0.177098,0.334399,-0.038594,-0.062998,0.061362,-0.016927,0.232913,0.056286,-0.331935,0.238118,0.363212,0.293191,0.081759,0.348391,0.166726,-0.178830,1.000000,0.175875,0.158738,0.036757,0.135219,-0.241693,0.499262,0.221051,0.050952,0.055005,0.117603,0.011970,0.302702,-0.036354,0.114582,0.069507,0.105901,-0.083121,0.092086,0.154679,-0.102186,0.270444,0.225289,-0.202851,0.069467,0.117314,0.163810,0.175875,0.437223,-0.058432,0.178399,0.094803,0.200533,-0.046065,0.137987,0.242983,0.130733,0.063066,-0.076505,0.037357,0.020120,0.356926,0.134123,0.044671,0.113780,0.426952,-0.009706,0.065193,0.124390,0.098123,0.126346,0.194326,0.335092,0.199648,0.164265,0.383422,0.424883,-0.117084,0.238345,0.374014,-0.128503,0.256959,0.321032,0.153131,0.051882,0.204339,-0.013008,0.178027,0.102570,0.192355,0.088944,-0.006794,0.254968,-0.038607,-0.021589,0.022895,0.026740,0.090866,0.075550,-0.070646,0.035983,0.168160,0.199647,0.059973,0.188192,0.242916,0.076837,-0.027146,0.175922,-0.110999,0.094391,0.075093,0.001642,0.163208,0.296864,0.185608,-0.059818,0.247108,0.217560,0.051377,-0.144381,0.406850,0.087000,0.278633,0.315351,0.352604,0.031906,0.171109,0.103362,-0.098857,0.081786,-0.024983,-0.213256,0.187570,-0.067857,0.078539,0.254160,0.043137,0.194381,0.322202,0.125562,0.112916,0.128702,0.113459,0.049587,0.018467,0.181931,-0.072106,0.189422,0.152933,-0.002692,-0.075940,0.149361,0.170482,0.368206,0.222124,0.025744,0.043961,-0.001595,0.153336,0.166726,0.050605,0.224039,0.114294,0.220833,0.019935,0.109634,-0.092170,0.097731,0.218204,-0.144674,0.092482,0.253136,0.118182,0.238782,0.093301,0.015412,0.269869,0.185956,0.060914,0.030708,-0.204896,0.226221,0.134268,0.075613,0.094344,0.193140,0.118525,0.125675,0.290240,0.171881,0.384862,0.111305,-0.208043,-0.008258,-0.030984,0.279110,0.164529,0.202010,0.083426,0.050796,#
20,0.187682,0.057527,0.180752,0.145215,0.298032,0.031697,-0.009947,0.114695,0.084063,-0.057957,-0.209108,-0.255504,0.099213,-0.068056,0.074186,0.045971,0.000996,0.276174,0.076255,0.175875,1.000000,0.082533,0.117443,0.033489,0.235106,0.116570,0.072063,-0.218371,0.076228,-0.157734,-0.093179,-0.032848,0.004432,-0.030711,-0.210522,-0.042185,0.012005,-0.135513,-0.009945,-0.161839,0.223071,0.216895,-0.060186,-0.072465,0.263702,-0.055612,0.274389,0.145609,0.144829,0.015097,-0.163419,0.057277,0.062622,-0.086470,0.222266,0.158951,0.195815,0.011146,-0.002214,-0.252764,0.288895,0.189967,0.135937,-0.101138,0.020236,-0.205616,0.021009,0.115630,0.228241,0.141822,-0.005322,0.213521,0.114404,0.001307,-0.051120,-0.146667,0.214762,0.331872,0.180616,-0.227212,-0.045259,0.035065,0.024686,0.039021,0.071919,0.099807,0.109347,-0.115627,0.234001,0.094593,0.080618,-0.072585,0.024533,0.045902,0.053300,0.029135,0.122022,0.152713,0.122918,-0.237268,0.095598,0.026521,0.089686,0.139236,0.009479,-0.037629,0.036668,0.088352,0.011612,-0.032682,0.024698,0.194144,-0.113290,-0.001075,0.168006,0.119286,0.081815,-0.036456,-0.114943,0.151632,0.009068,0.114324,-0.028176,-0.163019,-0.026280,-0.110536,0.131042,-0.026528,0.003293,0.027503,0.061081,0.006355,0.023514,0.045948,0.119461,0.079103,0.389777,-0.128205,0.237028,0.019613,0.269888,0.175782,0.070389,0.103686,0.121139,0.058202,-0.109711,0.194646,0.289610,0.168426,0.252171,-0.030395,-0.215450,-0.018182,-0.087445,0.108566,0.096049,0.106002,-0.077951,0.233146,0.030226,0.073245,0.099539,0.215814,0.083666,0.100067,-0.266834,0.215171,-0.059676,-0.058589,0.200279,0.014507,-0.067816,-0.064805,-0.118703,0.093076,0.025643,0.001474,0.101975,0.127495,0.089212,0.110579,-0.132169,0.004181,-0.045479,-0.420356,0.165707,0.135257,0.084628,0.260373,-0.005810,0.199417,-0.053749,-0.112193,0.152799,0.131446,-0.004011,0.126388,0.056336,0.065702,#
