0,1.000000,-0.174376,0.252967,0.040599,0.173587,-0.091711,-0.043138,-0.102820,0.092831,0.027798,0.186280,-0.140529,0.032423,0.080361,0.229922,-0.008938,-0.069674,0.061369,0.233528,0.167391,0.066060,0.328187,0.041812,0.129269,0.169491,-0.074247,0.106303,0.010720,0.368258,0.295346,-0.077083,0.001065,0.059912,0.066361,-0.152947,0.011007,0.121224,0.085875,0.204420,0.304485,0.143808,0.032961,0.063724,0.067306,-0.089259,0.030452,-0.008635,0.120972,0.247568,0.168896,0.190070,-0.132699,0.168444,0.249854,0.178526,0.309251,0.033736,0.162548,-0.264493,-0.166584,0.214619,-0.106243,0.135793,-0.000100,-0.012670,0.066928,-0.021368,0.025177,0.086912,0.000190,0.074599,0.029924,0.196403,0.152840,-0.023589,-0.099187,0.190360,-0.012089,-0.039947,0.062379,0.154385,-0.041557,-0.064173,0.135799,0.260837,-0.029357,0.040229,0.211727,0.106626,-0.014656,-0.090124,-0.100857,0.062479,0.177294,0.311415,0.122923,0.362165,0.207624,0.052449,0.217529,0.133302,0.177915,0.233026,0.206466,0.069100,0.165066,0.157542,0.045888,0.129324,-0.109422,0.002419,0.017974,-0.083218,0.210193,-0.152523,-0.195024,0.127773,0.187418,0.157223,-0.006336,0.278129,0.266344,0.063729,0.057574,-0.062981,0.278170,0.073592,-0.027443,0.210680,0.077351,0.208483,0.022867,0.169089,0.180100,-0.011092,-0.203651,0.345523,0.000574,0.112998,0.260745,0.190491,0.090292,0.120722,-0.153157,0.053293,0.104993,0.111339,0.243586,0.116970,0.040778,0.052833,0.060920,0.337802,0.048776,0.151208,0.036019,-0.033973,-0.017154,0.090103,0.295296,0.118203,0.146821,-0.086997,-0.086971,0.229538,-0.034806,0.113233,0.222922,-0.014955,0.146463,0.302380,-0.036157,0.084047,0.230514,-0.098461,0.118611,0.352014,0.093657,0.060072,0.013844,-0.086523,0.200276,-0.057938,-0.008881,0.248138,0.055141,0.275158,0.253586,0.242901,0.048212,0.046570,0.101996,0.214613,0.220455,0.296608,-0.051190,-0.016436,0.111265,0.379223,0.223374,#
1,-0.174376,1.000000,0.068950,0.212938,0.156668,0.022469,0.033850,-0.041915,0.201673,-0.136676,0.396819,0.231969,0.022976,0.092724,-0.096724,-0.145201,0.152603,0.184448,-0.117959,0.220678,-0.120018,0.140467,-0.016913,0.102076,0.003020,0.294588,0.165553,0.283556,-0.015453,0.097666,0.098176,0.268145,0.057720,0.105589,0.001386,0.128983,0.017387,0.042509,0.289745,-0.048606,-0.132122,0.128686,0.270952,0.106391,-0.134875,0.226955,0.257876,0.275663,0.117379,-0.009462,0.246968,0.201068,0.143381,0.074828,-0.121388,0.098805,0.103868,-0.208244,-0.099363,0.204981,-0.074821,0.074912,0.033202,0.120297,0.078526,0.078451,-0.329313,0.105023,0.097014,0.340480,-0.007456,0.018294,0.255767,-0.092938,0.257194,0.193571,0.125745,0.051621,0.234239,-0.051962,0.212006,0.041916,0.231540,0.100406,-0.017337,-0.406054,0.124750,0.031753,0.266098,0.024783,0.051237,0.128646,0.008548,0.123063,-0.039669,-0.008120,0.000366,-0.241493,0.126691,0.052759,0.175036,-0.050583,0.032105,0.066021,-0.030450,0.086968,0.109853,0.299228,-0.157051,0.121943,0.258685,0.077326,-0.019070,0.228454,0.226708,0.169008,-0.005733,0.118662,-0.161992,0.084896,0.064210,0.081194,0.229190,0.146066,0.150962,0.234426,0.070219,0.140738,-0.123449,0.148738,0.134524,0.083826,0.107471,0.314306,0.239553,0.368174,-0.164570,0.161480,0.327244,0.149242,-0.060317,-0.104807,0.228411,0.076778,0.113094,0.097841,0.169620,-0.085377,0.029112,0.014993,-0.087288,0.111737,0.095794,-0.029970,0.338950,0.098824,0.002568,-0.210463,0.066096,-0.135677,-0.042095,0.212542,0.231049,0.202230,0.042294,0.089135,0.012274,-0.110595,0.167235,0.318837,0.172213,0.235640,-0.034395,0.043449,-0.060167,-0.111661,0.076575,0.237225,0.140394,-0.063807,-0.010101,0.172881,0.135152,-0.279447,0.014575,0.265693,0.056774,-0.006507,0.013301,0.047091,0.262979,-0.155274,-0.028126,0.075148,0.217161,0.108836,-0.036462,0.066051,0.056238,0.099738,#
2,0.252967,0.068950,1.000000,0.341613,0.085247,-0.107686,0.145638,0.090350,-0.039409,-0.102788,0.015016,0.073208,0.054907,0.291764,0.099544,0.094213,0.133459,-0.077224,0.006740,0.143014,0.330229,0.311890,0.122137,0.056348,0.282747,0.219135,0.296008,0.148492,0.163715,0.387345,-0.114856,-0.168055,0.036584,0.030639,-0.091535,0.037919,0.074400,-0.106618,-0.040194,0.193030,0.114079,0.146158,0.439537,0.020760,-0.192750,0.171458,0.155045,0.285553,0.074913,0.072156,0.377928,0.043549,0.208309,-0.084476,-0.124330,0.038964,-0.049904,-0.011605,-0.044363,0.254960,0.081165,-0.085142,0.051842,0.177493,0.212902,0.119161,-0.098980,-0.055893,0.231830,0.377046,0.005083,-0.001838,0.170084,0.252458,0.148004,0.000219,0.231248,0.221849,0.066122,-0.098854,0.294852,-0.034425,-0.019863,0.090475,0.033033,0.023971,0.217935,0.175453,0.156826,0.005510,0.008330,0.199982,0.200723,0.058542,0.006161,0.005536,0.359859,-0.120889,0.243262,-0.015982,0.245093,-0.056269,0.117485,0.198839,0.116635,0.073864,0.101016,0.116812,0.156983,0.219240,0.009413,-0.158243,0.050758,0.089978,0.161606,0.164596,0.219793,0.309767,-0.269243,-0.016840,0.274101,-0.012188,-0.039135,0.020307,0.093003,0.067355,0.257597,0.105997,-0.010399,0.216458,0.128504,0.182092,0.117856,0.003479,0.246277,0.251746,0.248274,-0.108363,0.011914,0.017062,-0.064597,-0.037640,0.349859,0.144753,0.263894,0.287561,0.157827,0.164201,0.278284,-0.029870,-0.002228,0.324755,-0.028439,-0.033028,0.092430,-0.087881,-0.138096,-0.053512,0.041557,0.144016,0.159705,0.478000,0.044095,0.160623,0.203484,-0.126987,-0.038223,0.100397,-0.300345,0.077598,0.164581,0.269374,0.059638,-0.185578,0.145796,-0.010971,0.255799,-0.005850,0.033939,0.062061,0.214466,0.052136,-0.059672,0.254533,0.000000,-0.010157,0.109876,0.037739,0.214161,-0.036915,-0.089425,0.205653,0.340552,-0.035138,0.147741,0.133066,-0.033676,0.201148,0.287466,0.214612,#
3,0.040599,0.212938,0.341613,1.000000,0.253243,0.132293,0.316074,-0.021354,0.140067,-0.185756,0.164041,0.309978,0.153924,0.113854,-0.060651,0.020158,0.177770,0.086205,0.213945,0.163482,0.216295,0.101366,-0.059650,0.327265,0.244901,0.225863,0.159020,0.276534,0.108229,0.330285,0.104640,0.334797,0.315488,0.016275,-0.171720,0.115199,0.430114,0.029419,0.289113,-0.032708,0.140696,0.332467,0.174776,0.409058,-0.093698,0.207912,0.303845,0.198394,0.049742,0.207917,0.152990,0.137151,0.134717,-0.022049,-0.086199,0.247258,0.165725,0.198200,-0.001541,0.124909,0.067193,-0.110291,0.156916,0.146635,0.222169,0.187187,0.169938,0.172778,0.050832,0.178585,0.115710,0.113953,0.246413,0.015619,0.217936,0.382860,0.177940,0.058424,0.323227,0.106093,0.399724,0.137527,-0.062223,0.141013,0.145598,0.036399,0.088057,0.043503,0.152907,0.123275,0.081000,0.263194,0.228095,0.298019,0.084479,0.099074,0.307867,0.055186,0.252077,0.374271,0.344891,0.007770,0.087167,0.227535,0.213660,0.084583,0.002071,0.114077,0.048584,0.176361,0.231083,0.102516,0.228008,0.043076,0.020244,0.003672,0.332902,-0.016865,-0.044950,0.060150,0.186838,-0.055263,0.199173,0.339203,0.104689,-0.027574,0.225970,0.091793,-0.010365,0.403655,0.187834,0.278691,0.285307,0.175315,0.278742,0.035969,-0.208687,0.048092,0.401650,0.179497,0.224081,0.160615,0.208192,0.351141,0.056937,-0.015033,0.153715,0.173183,0.154799,-0.017236,-0.201932,0.130144,0.008751,0.146523,0.104391,0.187574,0.018622,-0.112165,0.016457,0.279688,0.141926,0.379547,0.207899,0.230827,0.075446,0.082194,0.122163,0.039248,-0.009158,0.031918,0.240055,0.101485,0.046912,-0.112044,-0.048023,0.197324,0.102609,0.313697,0.208127,-0.005647,0.073701,0.273535,0.214055,0.057925,0.038044,0.130382,0.225348,0.085698,-0.150558,-0.023061,-0.045281,0.200953,0.465120,0.083616,0.185532,0.154836,0.164087,0.234205,0.228257,0.134664,#
4,0.173587,0.156668,0.085247,0.253243,1.000000,0.224176,-0.004725,0.069381,0.370434,-0.197550,-0.068192,-0.008527,0.257948,0.030040,0.027704,0.051512,0.075276,0.065480,0.251190,0.195864,0.244668,0.194003,0.022062,0.252798,0.358172,0.395838,0.002317,0.213728,0.028348,0.017053,-0.073651,0.170385,0.242696,-0.057728,-0.065865,0.119363,0.309561,-0.042234,0.011595,-0.013535,0.027012,0.271390,0.174512,0.121531,0.316115,0.005384,0.296028,0.163482,0.181271,0.036963,0.108444,0.024897,0.135002,0.146191,0.139865,0.182796,0.166287,-0.025983,0.120606,-0.036286,0.178431,0.029525,0.059923,-0.157737,0.216045,0.026019,0.096023,0.030606,-0.049566,0.074252,0.155741,0.002714,0.170714,0.188747,-0.097525,-0.152794,0.106780,0.129741,0.103093,-0.013916,0.291500,0.152426,-0.040259,0.038980,0.291920,0.007034,0.091764,0.191795,0.281688,0.307600,0.164889,0.143900,-0.114527,0.059113,-0.040950,0.169618,0.167638,0.046137,0.262358,0.121269,0.074340,-0.168596,0.084602,0.060095,0.065442,0.056332,-0.005150,0.208203,-0.233549,0.063728,0.497527,0.019091,0.110415,0.285943,0.082786,-0.135333,0.038125,-0.264290,-0.031231,-0.034221,0.221993,-0.062502,0.278004,-0.179525,0.285415,-0.138818,0.134395,-0.037751,0.042089,-0.032703,0.107550,-0.017928,0.112414,0.147572,0.257029,0.038558,0.083566,-0.028817,0.121360,0.287221,0.247470,-0.171269,0.062456,-0.062473,-0.002997,-0.018575,0.111031,0.124490,0.193574,-0.134316,-0.009840,-0.088106,0.031900,0.011423,-0.065993,0.045097,0.275356,0.060437,-0.027595,0.258359,-0.163246,0.120935,-0.172971,0.165766,-0.086205,0.198948,-0.183031,0.049511,-0.124607,0.085657,-0.014160,-0.072122,0.194579,0.165348,0.067475,0.005817,0.283863,0.184696,0.286619,-0.041736,-0.136875,-0.007768,0.107481,0.031417,0.000000,-0.024675,0.200722,0.330578,-0.000697,0.071681,0.151658,-0.075803,0.289480,-0.036251,0.084834,0.212348,-0.069646,0.340285,0.054377,0.209508,#
5,-0.091711,0.022469,-0.107686,0.132293,0.224176,1.000000,0.156581,-0.046889,0.258363,0.018082,0.079941,-0.115906,0.107698,0.059603,0.220886,-0.084442,-0.035333,-0.095046,-0.038255,-0.159771,0.112903,0.013699,0.033214,0.104009,0.163671,-0.008167,-0.028263,0.131494,0.130195,0.125967,-0.018693,0.217619,0.270208,0.013352,-0.057776,-0.066751,0.323339,0.251250,0.047330,-0.051751,-0.080106,0.149040,-0.078706,0.223451,-0.129820,0.035395,0.067601,-0.058665,0.038988,0.244494,-0.052584,0.037601,0.052829,-0.015794,-0.080790,0.203743,-0.212442,-0.203262,0.001053,-0.009897,0.039145,0.043285,-0.044616,-0.222402,-0.100498,0.080100,0.168127,-0.092559,-0.018362,0.119662,0.127681,0.112820,0.076767,0.227408,-0.078846,-0.122247,0.106697,-0.008419,0.030650,0.003446,-0.009521,0.060732,0.057709,-0.199892,-0.015775,0.203613,-0.228656,-0.155696,0.000419,0.154477,0.018832,0.081696,0.012282,-0.010990,0.051447,0.091191,-0.062315,-0.099588,0.157105,-0.234970,0.149697,0.021460,-0.031462,0.006061,-0.023466,-0.070640,-0.207839,0.157096,-0.190622,-0.032483,0.177792,-0.167351,0.122149,0.074635,0.087255,-0.234016,0.149972,-0.154553,0.111480,-0.102281,0.180990,0.075107,-0.152642,0.098823,-0.092654,-0.033492,-0.193962,-0.041049,0.060877,0.025749,0.112371,0.029693,-0.014433,0.035922,0.179003,0.074497,0.041957,-0.165487,0.017378,0.010867,0.311600,0.007122,0.026158,0.206377,0.003752,0.011178,0.109336,-0.145668,-0.222547,0.133692,0.130135,-0.304078,-0.113291,0.099355,0.031583,-0.036431,0.112353,0.005829,0.219789,-0.182090,-0.111090,-0.052055,-0.014191,-0.062753,-0.023432,-0.060561,-0.019368,-0.006044,0.099377,0.269675,0.029693,0.056033,-0.103845,0.147937,-0.056307,-0.015452,0.093437,0.007070,0.357405,-0.238859,-0.087148,-0.170937,0.224583,-0.000099,-0.015386,0.199634,0.215703,-0.094496,-0.329628,-0.036124,-0.238834,-0.003799,0.150240,0.104849,0.091117,-0.140647,-0.044996,0.297765,-0.178493,0.108010,#
6,-0.043138,0.033850,0.145638,0.316074,-0.004725,0.156581,1.000000,0.001879,0.145254,-0.030106,0.093281,0.033908,-0.085994,0.219409,0.069425,-0.048255,0.123959,-0.060187,0.176554,0.094455,0.253009,-0.064463,-0.154609,-0.036193,-0.063891,0.160372,0.118506,0.146197,0.179911,0.366044,-0.061111,0.161826,0.052295,0.166982,-0.225345,0.010618,0.212231,0.209119,-0.044223,0.229361,-0.039081,0.206382,-0.208376,0.045069,-0.210257,0.346287,0.053671,0.168125,0.050957,-0.027552,0.038480,0.168642,0.301209,0.180167,-0.034163,0.078320,-0.009871,0.092180,0.099498,0.210294,-0.040839,-0.106879,-0.073352,0.364464,0.121795,0.149540,0.131586,0.218031,0.198818,-0.000209,-0.066790,0.126314,0.178668,-0.085491,0.235724,0.163877,0.164786,0.278781,0.309763,0.023180,0.102247,0.065216,0.266307,0.031525,0.093437,-0.026702,-0.067352,0.092450,-0.021889,0.093608,0.140052,0.283617,0.040983,0.134824,0.060283,0.126912,0.092611,-0.062841,0.185689,0.251998,0.133949,0.034612,0.016845,-0.112900,-0.196395,0.286243,-0.227264,0.067751,0.148882,0.190610,0.138064,0.161650,0.177859,-0.135747,-0.053898,0.076068,0.248411,0.007315,0.007293,0.093755,0.142125,0.156494,-0.151717,0.112316,0.069259,0.057055,-0.007540,0.322131,0.064648,0.244086,0.192843,-0.173544,0.087024,-0.080566,0.370173,0.128400,-0.018994,0.261468,0.304940,0.115022,-0.045510,-0.035781,0.033477,0.271593,-0.051565,0.083688,0.274900,-0.019328,-0.019519,-0.233964,0.002949,0.089681,0.076435,0.092374,0.248223,-0.047134,-0.009285,0.005775,0.212793,-0.034438,0.067669,0.180245,0.319850,0.102837,0.148794,0.030073,-0.018402,0.100806,0.227130,0.200291,0.061647,0.053430,0.144531,0.051220,-0.184383,0.226155,0.003130,0.289714,0.485210,-0.204300,-0.128177,-0.011390,0.211855,0.365842,0.330066,0.132298,0.281182,-0.007094,-0.130116,0.174900,-0.267432,0.018012,0.241238,0.148910,-0.010885,-0.086432,0.097709,0.241411,0.032129,0.283196,#
7,-0.102820,-0.041915,0.090350,-0.021354,0.069381,-0.046889,0.001879,1.000000,0.106184,0.115443,0.077730,0.294412,-0.112459,0.042829,0.225596,0.176396,0.043258,0.291190,-0.008715,0.070050,0.142156,0.258452,0.357340,-0.073731,0.039548,-0.052115,0.131894,0.243729,-0.056684,0.143030,0.005260,-0.136004,0.000119,0.057000,-0.111391,-0.018617,-0.137837,-0.133276,0.026680,0.125615,0.127023,0.308639,0.104235,0.050074,0.203625,0.139001,-0.078510,0.236870,0.238187,-0.075939,-0.065369,0.068839,-0.062958,0.005725,0.105924,0.041220,0.223681,0.223805,0.116149,-0.104834,0.215829,-0.069317,0.008150,0.083333,0.254531,-0.023712,0.010283,-0.170907,0.095833,0.208963,0.094546,-0.083260,0.189608,0.200146,-0.080825,0.056909,-0.130177,0.158399,0.107640,0.239054,0.249912,0.079469,0.077200,0.029719,0.153045,-0.018761,-0.168435,-0.113305,0.152638,0.295607,-0.061213,0.055863,0.137430,0.088890,-0.110123,-0.022952,-0.083668,0.008931,-0.034999,-0.039717,0.117169,-0.141025,0.082555,-0.083593,-0.260505,0.227258,0.466680,0.037122,0.049638,0.167217,-0.132654,-0.130630,-0.158834,-0.017355,0.346732,0.116902,-0.207715,-0.074355,0.054933,0.327276,0.247777,0.036469,-0.047986,0.056756,0.079418,-0.053512,0.088354,0.218154,-0.115083,0.068075,-0.039204,0.110924,0.058809,-0.002501,0.387949,0.083392,-0.153041,0.337808,0.007498,0.065940,0.324684,0.012847,-0.077101,-0.060537,-0.071298,0.061702,0.316518,0.122711,0.024277,-0.070721,0.022439,0.126120,-0.119652,-0.003166,-0.196478,0.051770,0.197958,-0.009539,0.174582,0.107539,-0.023209,0.054806,0.037019,-0.049390,-0.032343,0.157883,0.227183,0.179625,0.024046,-0.017233,0.130114,-0.020537,0.074586,-0.050122,0.085912,-0.118760,0.065403,-0.034995,-0.062470,-0.017635,0.017118,-0.054298,0.030514,0.122383,-0.418515,-0.049968,0.005174,-0.012978,0.022670,0.323588,0.089403,-0.123356,0.198036,0.040168,0.125580,0.210401,0.016628,0.076964,0.224855,-0.089643,#
8,0.092831,0.201673,-0.039409,0.140067,0.370434,0.258363,0.145254,0.106184,1.000000,-0.053073,0.260480,0.000606,0.068172,0.157787,0.233771,-0.204301,-0.090752,0.190741,0.169979,0.220416,0.316919,0.172165,-0.111124,0.283166,0.133602,0.082204,0.141126,0.254515,0.111481,0.132078,-0.236232,0.162646,0.238754,-0.076764,-0.134861,0.156638,0.284529,0.057808,0.185997,0.025122,0.129107,0.133727,-0.079597,0.085077,0.161902,0.221806,0.133432,0.362259,0.141025,0.183643,-0.014944,0.294961,0.074800,0.380274,0.025603,0.256520,0.246351,0.151993,-0.151610,0.135619,-0.000147,0.221608,0.087380,-0.159330,0.079100,0.296431,0.069092,-0.013034,0.370677,0.109196,0.134727,0.164206,0.326460,-0.212515,-0.022637,0.059678,0.168252,0.284258,0.182899,-0.047402,0.228544,0.409124,0.309536,0.143592,0.328312,0.042212,0.105978,0.139136,0.334537,0.477688,0.105741,0.367496,0.017597,-0.052410,0.415985,0.220507,0.126905,0.078694,0.216817,0.037299,0.129937,0.096133,0.134118,0.084390,0.000416,0.135534,0.015388,0.320856,-0.185223,0.203856,0.242297,0.159800,-0.055906,0.292710,0.122373,0.031078,0.085292,0.217407,0.039411,0.083284,0.250486,0.140617,0.245907,0.125281,0.235928,0.244598,0.041914,0.228139,0.015183,0.254512,0.218625,-0.031365,0.211003,0.199167,0.292887,-0.030178,0.112644,0.257793,0.468624,0.244493,0.342366,0.107873,0.198591,0.042188,0.072535,-0.084015,0.240006,0.097386,-0.207709,-0.025714,0.289930,-0.081538,0.119804,0.083576,0.343303,0.328313,0.167103,0.117391,0.158316,0.164018,-0.030618,0.108685,0.027185,0.147236,0.121036,0.055670,0.101711,0.088873,0.201433,0.128133,0.115458,0.243331,0.036859,0.138995,0.080158,0.070293,0.102212,0.227532,0.422991,-0.057653,0.000565,0.285070,0.040297,0.027899,-0.054836,0.101448,0.071610,0.012986,0.116075,0.464235,0.275619,-0.026095,0.277321,0.058326,0.285246,-0.013540,0.060972,0.041522,-0.068348,0.136358,#
9,0.027798,-0.136676,-0.102788,-0.185756,-0.197550,0.018082,-0.030106,0.115443,-0.053073,1.000000,0.171170,-0.142281,-0.135151,0.312570,0.209349,-0.057114,-0.117807,-0.193983,-0.326417,0.239801,-0.155094,-0.011993,-0.024386,-0.132750,-0.118660,-0.181473,0.224006,0.014495,0.109621,-0.080081,0.167104,0.096343,0.012036,-0.042845,0.097100,-0.062410,-0.248160,0.271389,-0.077577,-0.162272,0.196576,0.144315,-0.066535,-0.292534,-0.006453,-0.040068,0.031142,0.026027,0.068982,-0.178234,-0.047135,0.169995,-0.208603,-0.055551,0.163902,0.230685,0.098531,0.226935,0.071902,-0.201816,0.163863,-0.071640,0.005373,-0.055599,0.213922,0.097681,-0.116838,-0.115549,0.038547,-0.092734,-0.029347,0.264581,0.074155,0.014191,0.146344,0.057139,0.042939,-0.110898,0.268836,-0.058068,-0.162689,0.080429,-0.150136,0.011500,0.056175,0.194190,-0.004178,0.040921,-0.269118,0.090568,-0.191974,-0.161624,-0.021553,-0.101864,-0.073012,-0.031962,-0.036480,0.111503,0.020271,0.063178,0.186767,0.154440,0.230522,-0.077276,0.169912,0.095558,-0.006318,0.053445,0.277185,-0.115999,-0.147736,-0.150803,-0.040532,0.051782,-0.008783,-0.087741,-0.038311,0.157399,0.209761,-0.141518,0.287391,0.202253,-0.088020,0.196505,-0.065252,0.054083,-0.234521,0.059744,0.072937,0.231566,0.065323,-0.110651,-0.153451,0.037266,-0.134983,0.048067,0.206743,0.155656,0.117902,-0.182579,0.073968,0.116004,0.026365,-0.118182,-0.067968,0.099358,0.159447,-0.016381,-0.079278,0.391146,0.102745,-0.204329,0.196051,0.149710,-0.102521,0.062094,0.036291,0.022877,0.393192,-0.120013,0.095324,0.061975,-0.248862,0.178040,-0.017958,0.110007,-0.074924,0.147695,0.284011,0.092838,0.090992,0.291799,0.030604,0.050469,-0.070561,0.002882,0.144230,-0.181958,-0.145764,-0.009539,-0.110609,-0.014484,0.021294,0.169484,-0.012781,0.013066,0.090202,0.139558,0.129457,-0.171032,-0.001785,0.023312,-0.081806,0.182996,-0.126012,0.125988,0.231885,-0.262968,0.091526,0.076817,#
10,0.186280,0.396819,0.015016,0.164041,-0.068192,0.079941,0.093281,0.077730,0.260480,0.171170,1.000000,0.017470,-0.215834,0.243553,0.100872,-0.137771,-0.068416,0.076720,0.072833,-0.038365,-0.092099,0.230478,-0.269238,0.039112,-0.019778,-0.151520,0.218275,0.232704,0.146556,0.123384,0.227323,0.166600,0.100617,0.125176,-0.211280,0.025067,-0.069635,0.084805,0.341938,0.111018,0.113423,0.085339,0.030695,-0.016666,-0.241371,0.009217,0.087864,0.161235,0.120032,-0.019449,-0.017133,0.077638,-0.035262,0.092775,-0.120414,0.316919,0.182433,0.142014,-0.213906,0.030198,-0.157456,-0.112178,0.169877,0.016590,0.324290,0.248828,-0.089140,-0.061428,0.209530,0.228010,0.094865,0.147865,0.294168,0.092435,0.020106,-0.008525,0.205302,-0.151194,0.165111,0.231226,0.107495,-0.065732,0.199601,0.134170,0.119997,-0.164475,0.185652,-0.051973,0.053704,0.086063,-0.248482,-0.036154,0.121687,-0.091756,0.075389,-0.016659,0.213726,-0.037097,0.036599,0.124238,0.143881,-0.063762,0.147887,-0.126536,0.040089,-0.015619,0.132326,0.271166,0.175475,0.031838,0.022291,0.030849,-0.113709,0.063745,0.294917,0.082234,0.100067,0.034305,0.108317,0.048731,0.068885,0.246444,-0.060294,0.130781,0.000273,0.071137,0.000258,0.118632,-0.034477,0.245212,0.327920,-0.037243,0.014512,0.072823,0.024377,0.089266,-0.074009,0.240380,0.325385,-0.032029,0.287770,-0.007705,0.232377,0.083262,-0.145517,0.057624,0.270426,-0.146527,-0.148283,0.045072,-0.050775,0.127096,0.124724,-0.212078,0.270701,0.200768,0.130407,-0.228022,0.147203,0.132730,0.132752,0.031888,0.218853,-0.008001,0.133931,0.057337,0.000172,0.222725,0.157168,0.140601,0.304167,0.253015,-0.079043,0.133480,-0.177871,0.051780,0.059266,0.078173,0.087879,0.008574,0.000026,-0.000382,0.118462,-0.072959,0.128467,0.156437,-0.016998,-0.069975,0.153035,0.153265,0.045101,-0.007799,0.052021,0.027219,0.211283,-0.000272,0.053566,0.097256,0.300887,0.207609,#
11,-0.140529,0.231969,0.073208,0.309978,-0.008527,-0.115906,0.033908,0.294412,0.000606,-0.142281,0.017470,1.000000,0.058106,-0.115931,-0.117111,0.003434,0.030971,0.384792,0.186449,-0.054441,0.082586,0.026124,-0.003244,0.069480,0.359149,0.148297,-0.111659,0.208427,-0.352994,0.193109,0.182550,0.054274,0.173854,0.014459,0.021331,-0.008442,0.125480,-0.035960,0.120175,0.034335,-0.010327,0.321619,0.259730,0.295104,-0.141975,0.212191,0.176690,0.114125,0.208790,-0.089111,0.276948,-0.001626,0.177913,0.138980,-0.308281,-0.140220,0.386162,0.151894,0.151208,-0.197671,-0.213947,-0.058815,0.247857,0.136438,-0.019461,0.149616,0.031665,0.216336,-0.042787,0.215011,0.007610,-0.142001,0.290015,0.065525,-0.089755,0.217125,-0.077046,0.053876,0.220127,0.161102,0.218722,-0.005183,0.190351,0.213475,0.200647,-0.169514,0.133741,0.250590,0.210100,-0.022765,0.155258,0.155781,0.314811,0.459097,-0.068098,0.145400,-0.078983,0.040085,-0.000180,0.058590,0.236235,-0.102168,-0.043406,0.152023,0.077734,0.273264,0.316145,0.259018,0.118298,0.012833,0.141732,-0.010862,0.094678,0.099596,-0.063555,0.264236,0.047834,0.135463,0.083377,0.013987,0.067601,0.051739,0.252151,0.121230,0.198922,0.029734,0.230763,0.218774,0.113505,0.081275,-0.028331,0.312440,0.148237,0.230514,0.140960,-0.045820,-0.373389,0.378016,-0.032936,0.241040,0.189573,0.098641,0.053162,0.035412,-0.085883,-0.022649,0.086098,0.019847,0.021924,-0.075327,-0.083897,0.291469,-0.069984,0.052956,0.183481,0.092849,0.051219,-0.300272,0.038449,0.168817,0.009467,0.075605,-0.097997,-0.088052,0.197830,-0.041139,0.325799,0.068847,0.186277,-0.051918,0.228345,-0.061639,-0.158232,-0.186550,0.033127,0.213753,0.206013,0.102830,0.054851,-0.103425,-0.065976,0.186652,0.057050,-0.037885,-0.213591,0.064343,0.113069,0.055460,-0.151441,0.106911,0.010952,0.036775,0.191097,-0.007061,0.229252,0.238646,0.147649,0.147332,0.088205,0.095131,#
12,0.032423,0.022976,0.054907,0.153924,0.257948,0.107698,-0.085994,-0.112459,0.068172,-0.135151,-0.215834,0.058106,1.000000,-0.239487,0.029433,-0.122156,0.305148,-0.042299,0.088265,0.314060,0.050715,-0.048243,0.205562,0.075083,0.075063,0.128998,0.129286,-0.025614,0.105594,0.284425,-0.112263,0.197586,0.083043,0.048524,-0.025566,0.304231,0.205077,-0.088630,0.177853,-0.045961,0.131260,-0.045142,0.093186,0.220391,0.269147,0.116059,0.234880,-0.190495,-0.002529,0.040072,0.332245,0.097479,0.150579,0.150921,-0.036894,0.180805,0.024102,0.116946,0.042728,-0.198585,-0.118517,0.163454,0.102971,0.028910,-0.046515,0.218820,0.028114,0.002077,-0.069212,0.011925,0.067241,0.245346,-0.128810,-0.072064,0.165158,0.095547,0.126973,0.050960,0.207937,-0.031341,0.095827,0.230493,-0.039338,-0.063291,0.112370,0.238493,-0.006349,0.281607,0.096199,-0.081154,0.149741,0.157652,-0.134555,0.149844,0.182807,0.029554,0.159204,0.111490,0.092330,0.005446,0.128784,0.234907,0.030802,-0.001977,0.316701,0.056235,0.032573,-0.109140,-0.061726,0.056769,0.265354,-0.084313,0.039202,0.213805,0.006187,-0.093904,-0.075769,0.044079,0.206491,0.069447,0.031763,-0.027568,0.250385,0.058775,0.044880,0.206100,0.192223,-0.064064,0.034639,0.037822,0.140738,0.138110,0.086955,0.103632,-0.093953,-0.047089,0.120127,0.114369,0.091020,0.140951,0.103766,-0.152243,0.094101,0.058637,-0.145479,0.161912,-0.133583,0.099969,0.004892,-0.173701,-0.011503,0.222771,0.001334,0.174534,-0.074629,-0.123475,0.090149,-0.199272,-0.116955,0.040128,-0.040350,0.244120,0.110422,0.278888,-0.142322,-0.095178,0.197044,-0.080453,-0.193287,0.122254,-0.018248,-0.029407,0.099785,-0.068413,0.150362,-0.171155,0.164397,0.161931,-0.001116,0.232767,0.093691,0.082649,0.244405,-0.016715,0.053935,0.134424,-0.031062,0.124380,0.015611,0.027285,0.031949,-0.075408,-0.055180,0.082677,-0.122148,-0.091133,0.294128,0.226663,0.097855,0.008963,#
13,0.080361,0.092724,0.291764,0.113854,0.030040,0.059603,0.219409,0.042829,0.157787,0.312570,0.243553,-0.115931,-0.239487,1.000000,0.220810,0.001329,0.108466,-0.211052,0.115879,0.146596,0.070667,0.126609,-0.066663,0.145158,0.109025,0.199683,0.289456,0.144219,0.220471,-0.019971,0.182973,0.174059,0.243035,0.117066,0.041114,-0.019246,-0.116050,0.086379,0.025137,0.095290,-0.105530,0.190809,0.298967,0.000519,-0.222794,0.112587,0.139090,0.165640,0.143146,0.024233,0.114541,0.242405,0.188573,-0.039554,0.019409,0.298020,0.030383,0.169336,0.035489,0.259028,0.105105,-0.105682,0.122628,0.000109,0.120005,0.160591,0.229972,0.039717,0.394105,0.062282,-0.177198,-0.044969,0.123964,0.079488,0.137609,-0.069209,0.202290,0.236466,0.246944,-0.140377,0.069439,0.141033,-0.153131,0.535639,0.219147,0.089817,0.151836,0.156792,0.213775,0.016314,-0.039694,0.051366,0.075996,0.052058,-0.149639,0.049534,0.271531,-0.078095,0.231192,0.157616,0.281051,0.104627,0.093112,0.075386,0.003364,0.184289,-0.006412,0.140288,0.131470,0.005973,-0.035175,-0.157732,0.246628,0.055412,0.157580,0.106514,0.392257,0.111711,0.088345,0.078242,0.337133,0.089506,-0.015889,0.182582,0.098576,0.014597,0.049905,-0.036051,0.125325,0.209373,0.105337,0.008663,-0.144352,-0.001894,0.235107,0.000675,0.053859,0.022249,0.406278,0.136369,0.016660,-0.007408,0.292845,0.193775,0.130137,0.140157,0.328185,0.239694,0.040859,0.235144,0.092530,0.046355,0.006545,0.133532,0.152271,0.276755,-0.181656,0.287813,0.291509,0.083403,0.019626,0.373330,-0.084864,0.377981,0.229423,-0.056831,-0.093136,0.033844,0.043721,0.213937,0.149880,0.317997,0.155597,-0.132103,-0.049707,0.097106,0.018632,-0.115045,0.337094,-0.171100,0.128620,0.121228,0.097393,0.059793,-0.056608,0.077438,0.188672,0.185387,0.067068,0.127794,-0.105630,0.125518,0.237696,-0.069946,0.019994,0.111302,0.032865,0.051439,0.125792,0.236228,#
14,0.229922,-0.096724,0.099544,-0.060651,0.027704,0.220886,0.069425,0.225596,0.233771,0.209349,0.100872,-0.117111,0.029433,0.220810,1.000000,0.277455,0.009510,-0.038823,0.220737,0.190893,0.087244,0.195701,0.094247,0.229164,0.106455,-0.127411,0.220529,0.276296,0.276508,0.156378,-0.159869,-0.043132,0.089419,-0.043333,0.101097,0.151667,0.178022,0.295060,0.021361,0.258003,0.194239,0.107541,0.200845,-0.126782,0.042083,0.217363,0.107074,0.095453,0.136780,0.089082,0.200843,0.101913,0.265160,0.216133,0.177828,0.234913,0.202103,0.000294,-0.126388,-0.071263,0.279000,0.159734,-0.025133,-0.037987,0.078668,0.161938,0.147167,-0.020646,0.210184,0.118524,-0.002155,0.147452,0.089070,0.323518,0.070953,0.171642,0.204130,0.181592,0.100097,0.162599,0.229382,0.069597,0.014039,0.107029,0.058376,0.237163,-0.055450,0.074412,0.158743,0.172745,0.192556,0.119171,0.028287,0.148316,0.226578,-0.196869,0.176952,-0.027394,0.227860,0.101709,0.117602,0.206540,0.171666,0.072837,-0.187411,0.215344,0.088167,0.286309,-0.017562,0.213885,-0.046992,-0.059176,0.044143,0.026121,0.074328,0.044112,0.088612,0.200163,0.319691,0.167485,0.416901,0.311559,-0.013477,0.168126,0.112361,0.209353,0.155170,0.118970,0.081839,0.278373,0.169572,0.214989,0.015620,-0.092711,0.022326,-0.164422,0.173902,0.016507,-0.020807,0.059129,0.382693,0.095769,0.231684,-0.051044,0.157561,0.310895,0.121047,0.106277,0.010593,0.109827,0.141405,-0.127237,-0.134329,0.128303,-0.052401,0.113578,0.335235,0.069580,0.205842,0.109105,0.000033,0.271273,-0.061506,0.140319,0.244563,0.074314,0.115573,0.145894,-0.021321,0.409172,0.186656,0.454492,0.195208,0.096543,0.023080,-0.005658,0.455103,0.220247,0.362429,0.151765,-0.025370,0.184168,0.172030,0.032383,0.024255,0.177745,0.214892,-0.023448,0.071766,0.236728,-0.124013,0.067049,0.208235,0.372043,0.112130,-0.177081,-0.048566,0.110836,0.282896,0.070172,#
15,-0.008938,-0.145201,0.094213,0.020158,0.051512,-0.084442,-0.048255,0.176396,-0.204301,-0.057114,-0.137771,0.003434,-0.122156,0.001329,0.277455,1.000000,0.098045,0.256443,0.083323,0.057145,0.141582,0.027252,0.092888,0.080138,0.052307,0.232468,0.103051,0.087248,0.229140,0.082891,-0.063318,0.046933,0.087950,0.037479,-0.078148,-0.345797,-0.023597,0.081563,0.002904,0.049858,0.043794,0.136914,0.100776,-0.028471,0.112617,0.114845,-0.126458,0.076103,-0.087553,-0.074808,-0.140439,0.177451,0.084077,-0.067791,0.078192,0.038347,0.137511,-0.000537,-0.027682,0.062981,0.099445,-0.228247,0.000249,-0.081875,0.051738,-0.097355,-0.008021,0.041158,0.048998,-0.137263,0.246871,0.068446,0.084855,0.184612,0.006488,0.159808,-0.282787,0.193936,-0.095967,0.283502,0.154486,-0.046839,0.174377,0.285642,-0.081759,0.079452,0.012239,-0.073139,0.140270,0.277582,-0.111172,0.061813,0.140758,0.224864,-0.084377,-0.211708,0.070352,0.070738,0.041514,-0.024865,-0.011641,-0.061789,0.041177,-0.038236,-0.367656,0.000220,0.032589,0.097883,-0.033932,0.201864,-0.019317,0.195260,0.052999,-0.164551,0.034491,0.285742,0.144317,-0.240144,0.023422,0.053030,0.132959,0.244482,-0.026883,0.116117,0.206378,-0.312800,0.021307,-0.080490,0.114171,-0.034608,-0.069707,0.241463,-0.089741,0.061008,-0.052170,0.072379,0.007975,-0.046574,-0.272304,-0.069139,-0.025937,0.220229,-0.027304,-0.000871,0.218245,0.039709,-0.018407,0.226583,0.195710,0.092648,0.081981,-0.113848,-0.144920,0.386814,-0.227032,0.334847,-0.025119,-0.058430,0.072662,0.016427,-0.179846,-0.070813,0.195058,-0.065202,0.029158,0.023271,0.032276,0.100125,-0.139752,0.030476,-0.058659,-0.030921,0.283121,-0.208428,-0.020408,-0.140263,0.268521,-0.145045,-0.069584,0.011038,0.051574,0.022124,0.046987,0.233138,-0.139744,-0.062151,-0.097170,-0.083011,-0.026557,0.042427,-0.247186,0.069425,0.122273,0.118321,0.027124,0.042730,-0.041707,-0.000848,-0.084047,-0.151008,#
16,-0.069674,0.152603,0.133459,0.177770,0.075276,-0.035333,0.123959,0.043258,-0.090752,-0.117807,-0.068416,0.030971,0.305148,0.108466,0.009510,0.098045,1.000000,0.050323,0.066636,0.218876,0.239127,0.263731,0.076029,-0.005027,-0.172458,0.182279,0.054564,-0.020434,0.221537,0.190198,0.150010,0.300794,-0.066487,0.195017,-0.126795,0.078201,0.173818,-0.073639,0.092421,-0.022844,-0.121365,0.174784,0.186031,0.090863,0.067546,0.370593,0.028683,-0.077526,0.175081,-0.220787,0.088526,0.153458,0.271460,-0.014755,0.162545,-0.038232,-0.010257,0.008096,0.073141,-0.277873,0.000606,0.259652,0.249232,0.243838,0.115780,0.022279,0.047632,0.366676,0.016175,0.090959,-0.084514,0.227606,0.295541,-0.070117,0.020096,0.159991,0.055083,0.210320,0.157588,-0.090277,-0.031054,-0.105665,-0.089533,-0.005327,-0.020547,0.058055,0.095898,0.012578,0.001094,-0.010948,0.057160,0.236747,-0.011368,0.066929,0.017986,-0.119474,0.137671,0.108591,0.137879,0.095661,0.059325,-0.117266,-0.255361,-0.001103,0.004648,0.080986,-0.080234,-0.226353,-0.119098,0.211504,0.249856,0.002164,0.027591,0.042436,0.104091,0.378154,0.002399,-0.073609,-0.117651,0.396458,-0.049451,-0.010876,-0.078826,0.116863,0.034911,-0.095416,0.149656,-0.164228,-0.006929,0.030503,0.031605,-0.037698,0.276088,-0.042724,0.246933,0.198088,-0.210825,0.221405,0.235196,0.241755,-0.018611,0.081568,-0.066023,0.031593,0.176992,0.050944,0.023239,0.207662,0.256809,-0.085042,-0.130134,0.253443,0.007110,-0.038848,0.226920,-0.013199,-0.079153,-0.026476,-0.026585,0.031082,-0.041437,0.265417,0.202687,0.237215,-0.046459,0.021813,0.211200,-0.033277,-0.244555,0.107105,-0.110957,-0.030745,0.127020,-0.066324,0.015394,0.063167,-0.092788,0.024708,0.233260,0.045929,0.081878,0.174944,0.112540,-0.136472,-0.179267,0.144694,0.181489,0.043260,0.021136,0.033096,0.156606,-0.220090,0.079826,0.037155,0.084294,0.241988,-0.163102,0.196901,-0.086284,0.094965,#
17,0.061369,0.184448,-0.077224,0.086205,0.065480,-0.095046,-0.060187,0.291190,0.190741,-0.193983,0.076720,0.384792,-0.042299,-0.211052,-0.038823,0.256443,0.050323,1.000000,-0.053838,0.011832,0.315137,-0.000495,0.116386,0.089390,0.031645,0.073263,-0.094248,-0.001969,0.008416,0.244966,0.029191,0.086959,0.236570,0.180827,-0.120841,0.022096,-0.006507,0.045922,0.212728,-0.074033,0.057960,0.038179,-0.059219,0.166563,-0.003323,0.294970,0.057812,-0.047258,0.080921,-0.141173,-0.037730,0.181660,-0.032053,0.116305,0.005352,0.035325,0.279652,0.256528,-0.154117,-0.030155,0.161096,0.035694,0.245399,-0.061635,-0.002109,0.071937,-0.007638,0.038297,0.005013,0.102376,-0.011654,-0.069043,0.198546,-0.037183,-0.030104,0.181050,-0.155405,0.090183,-0.163905,0.265270,0.080336,0.094319,0.425134,0.145500,-0.019090,-0.163580,-0.132650,0.092400,0.131335,0.318508,-0.047973,0.083638,0.058504,0.154753,-0.011146,-0.074005,0.081876,0.232359,0.121016,0.029664,-0.086977,-0.231499,0.117629,0.091854,-0.300586,0.257253,0.189428,0.153984,-0.017157,-0.011972,0.103495,0.140547,-0.126140,0.245662,-0.096890,0.284420,-0.166755,0.020866,-0.117415,0.167080,-0.124375,-0.067267,0.152998,0.182286,0.270560,-0.055919,0.034883,0.219379,-0.081629,-0.047973,-0.065218,0.043094,0.086658,0.123500,0.128033,0.196222,-0.096386,0.149026,0.085729,0.205393,0.038685,0.163644,-0.081869,0.105138,0.096851,-0.066696,-0.056463,-0.068073,0.000204,-0.076702,0.045712,-0.063441,-0.093668,0.126476,-0.007710,0.250046,0.058993,-0.247229,0.249931,0.228562,-0.040522,0.077491,0.138788,-0.046680,0.069212,0.229530,0.183191,0.308654,-0.002937,-0.107871,0.341545,-0.100502,-0.058566,-0.088177,0.099480,-0.149201,0.205267,0.062127,-0.093844,0.117425,-0.142299,0.216636,0.129612,-0.118983,-0.173855,-0.004620,-0.015384,0.104867,-0.039945,0.269679,0.059726,0.120025,0.267544,-0.074357,0.311105,0.039760,0.057466,-0.000211,-0.102438,-0.069105,#
18,0.233528,-0.117959,0.006740,0.213945,0.251190,-0.038255,0.176554,-0.008715,0.169979,-0.326417,0.072833,0.186449,0.088265,0.115879,0.220737,0.083323,0.066636,-0.053838,1.000000,-0.040857,0.191532,0.120104,-0.146148,0.337656,0.260832,0.010288,0.124640,0.286980,0.095325,0.154797,0.033961,-0.034522,0.098395,-0.077527,0.117832,0.179853,0.322085,0.012045,0.030331,0.345926,0.008059,0.237737,0.099245,0.193203,0.086631,0.182176,0.146266,-0.003730,0.021105,0.163522,0.221055,-0.200729,0.292965,0.306147,0.017123,0.088348,0.165129,0.124324,-0.079321,-0.127615,-0.009138,-0.111170,0.071460,0.000207,-0.113932,0.070690,0.219764,0.246480,0.027164,-0.168347,-0.089742,-0.110581,0.102510,0.082001,-0.069526,-0.018022,-0.028586,0.101662,0.092173,0.065776,0.285620,-0.118125,0.025845,0.379810,0.204052,-0.011263,0.188493,-0.091630,0.257558,0.024182,0.241924,0.024936,0.011748,0.286248,0.035132,0.069716,0.298767,0.154455,0.020373,0.302284,0.031797,0.167856,0.212643,0.243495,0.121330,0.220334,0.099981,0.123060,0.129139,0.352159,0.190182,0.304364,0.119690,0.108351,-0.069705,0.047301,0.092971,-0.122580,0.047759,0.176554,0.192379,0.191753,0.061315,-0.094893,0.211592,0.010169,0.290149,0.006337,0.232490,0.085465,0.306007,0.197718,0.095040,0.077277,0.128845,-0.337490,-0.222779,0.132308,0.136209,0.167551,0.200568,-0.005044,0.062365,0.058202,0.044100,0.063010,0.103834,0.018287,0.009751,-0.087906,-0.035362,0.236418,0.017782,-0.040579,0.091634,0.268579,0.163447,0.042850,-0.116970,0.439741,0.043418,0.018102,0.106900,0.047255,0.099593,-0.016992,0.153735,0.010504,-0.161950,0.069465,0.019499,0.044246,0.304518,-0.127266,-0.219943,0.172646,0.127545,0.192377,0.405930,-0.019697,0.137427,0.064878,0.207516,-0.032360,0.111674,-0.017393,0.151266,0.146611,-0.004701,0.265082,0.053823,0.322614,0.255309,-0.056937,0.078515,-0.163169,-0.044962,0.316993,0.255960,0.086933,#
19,0.167391,0.220678,0.143014,0.163482,0.195864,-0.159771,0.094455,0.070050,0.220416,0.239801,-0.038365,-0.054441,0.314060,0.146596,0.190893,0.057145,0.218876,0.011832,-0.040857,1.000000,0.154323,0.309994,0.182684,0.155425,-0.071085,0.284989,0.345558,0.053645,0.316484,0.148698,-0.049349,0.345154,0.156351,0.182005,-0.045875,0.256691,-0.055166,-0.038386,0.413532,0.173704,-0.034566,0.191103,-0.039162,0.041758,0.226063,0.373013,0.261775,0.402559,0.002299,-0.115374,0.166256,0.210166,0.109010,0.383899,0.167465,0.161010,0.183639,0.258867,0.143159,-0.048639,0.136938,0.189716,0.092248,0.230705,0.147945,0.297567,-0.117942,0.205188,0.197423,0.181736,0.049950,0.250594,0.192186,-0.192270,0.195386,0.424907,0.133679,0.228620,0.381524,0.029682,0.165321,0.146434,0.052474,0.207985,0.405302,-0.081293,0.161814,0.135401,0.206716,0.284136,-0.043658,0.216322,0.080727,0.065611,0.085912,-0.000507,0.130938,0.246944,0.056783,0.123036,0.121012,0.110105,0.276756,0.137163,0.208527,0.427228,-0.044681,0.359423,-0.088001,0.035022,0.284461,0.104288,-0.115499,0.184609,0.095887,0.190897,0.191825,0.269826,0.284186,0.089685,0.451861,0.172654,0.294870,0.244111,0.274620,0.318436,0.271830,0.321610,-0.088444,0.327314,-0.095759,-0.102135,0.207439,0.297698,0.089197,0.087924,0.161389,0.317072,0.337479,0.198327,0.054279,0.232639,0.269112,-0.110367,0.138385,0.030069,0.075373,0.204947,0.266070,0.008937,0.187163,0.130122,0.049009,0.276995,0.071179,0.117016,0.091770,0.007287,0.111677,-0.120782,0.250531,0.389194,0.231622,0.261360,0.248485,0.234412,-0.024528,0.123251,0.171547,0.138692,0.085181,0.229643,0.271392,-0.005346,0.140374,0.016878,0.334931,0.096382,0.001284,0.076911,0.157583,0.387761,0.108224,0.003005,0.140665,0.086236,0.176205,0.378936,0.270416,0.245305,0.326963,0.047134,0.020902,0.325173,0.228795,0.073625,0.235591,0.004991,0.045706,0.322691,#
20,0.066060,-0.120018,0.330229,0.216295,0.244668,0.112903,0.253009,0.142156,0.316919,-0.155094,-0.092099,0.082586,0.050715,0.070667,0.087244,0.141582,0.239127,0.315137,0.191532,0.154323,1.000000,0.101914,0.061894,0.216064,0.271759,0.155093,-0.037999,0.232222,0.023944,0.369665,0.051868,0.103364,0.096925,0.172660,-0.103173,-0.045164,0.171736,-0.005723,-0.059458,0.066931,0.189816,0.370958,-0.028035,0.001321,0.148917,0.295508,0.202108,0.074816,0.181387,-0.106522,-0.014551,0.189813,0.192449,0.138763,0.012765,-0.125007,0.169393,0.119799,0.181730,-0.030295,0.152553,0.040544,0.277108,0.195441,0.283228,0.195881,0.196952,0.039843,0.354511,0.063525,0.021351,0.237535,0.276307,0.051488,-0.048416,-0.084691,0.185327,0.354316,0.190144,0.020909,0.202569,-0.120278,0.221803,-0.011093,0.093433,0.181818,0.125791,0.137673,0.241090,0.205531,0.031048,0.339493,0.134595,0.145240,0.120031,0.068554,0.323705,0.267846,0.080095,-0.077724,0.033541,-0.115688,0.088090,0.138814,-0.084828,0.188172,-0.113662,0.141210,-0.081624,0.195887,0.214336,0.030395,-0.121431,0.282564,-0.027639,0.223018,0.180809,-0.165971,-0.286195,0.071898,0.052457,0.011664,-0.031012,-0.110256,0.229140,-0.076073,0.273173,0.257454,0.020419,0.251508,0.035345,0.066153,0.262938,-0.067817,0.263476,0.270223,0.159300,0.179684,0.240582,0.096250,0.165528,0.034879,0.039718,0.124322,0.239665,0.013659,-0.210432,0.164650,0.321291,0.072061,0.171913,0.065729,-0.028241,0.024278,0.082503,0.053567,0.097259,-0.069368,0.236452,0.351647,0.048552,0.188198,0.239435,0.128063,0.190632,0.155860,-0.110763,0.292514,-0.037007,-0.093876,0.242452,0.106946,-0.087595,-0.094289,0.106933,0.077402,0.137054,-0.036158,0.301995,0.189604,0.088110,0.141542,-0.006192,0.171267,-0.042294,-0.153456,0.201685,0.048538,0.105112,0.317075,-0.028419,0.165047,0.339967,-0.007039,0.244136,0.167740,-0.075907,0.219265,-0.012666,0.108730,#
