0,1.000000,0.010721,0.220313,0.098085,0.057976,0.240884,0.464868,0.228026,0.232086,-0.040950,0.315026,0.276985,0.310574,0.292661,0.148592,0.155207,0.374113,0.335201,0.273539,0.273107,0.294377,0.242145,0.324671,0.288893,0.045266,0.138374,0.137508,0.057401,0.328487,0.274767,0.044985,0.326131,0.248478,0.269820,0.424731,0.208573,0.043533,0.146684,0.310977,0.227267,0.244599,0.192483,0.277184,0.046181,0.320797,0.112063,0.277722,0.192924,0.341989,0.314031,0.248778,0.280917,0.376819,0.296968,0.283453,0.367604,0.250313,0.288251,0.290610,0.058787,0.238108,0.357482,0.311702,0.178220,0.469629,0.078222,0.364479,0.090990,0.037007,0.218853,0.239025,0.376861,0.103426,0.373636,0.214796,0.260641,0.431984,0.118933,0.289933,0.184374,0.086302,0.315087,0.360663,0.172657,0.143150,0.353651,0.252989,0.400701,0.262373,0.293829,0.141130,0.125435,0.180952,0.051387,0.215218,0.130711,0.340019,0.265757,0.301923,0.337254,0.196331,0.222446,0.346153,0.355511,0.199261,0.243520,0.176119,0.193512,0.191538,-0.078186,0.185589,0.355797,0.061825,0.299333,0.364523,0.198461,0.443647,0.164841,0.341047,0.427542,0.237934,0.307772,0.342283,0.347204,0.238919,0.339892,0.134935,0.235774,0.264440,0.277763,0.260623,0.155868,0.353033,0.199459,0.285125,0.434510,0.215874,0.257476,0.212606,0.267515,0.114954,0.065012,0.129765,0.238619,0.051591,-0.065509,0.317741,0.104605,0.138818,0.200685,0.415218,0.370045,0.212148,0.235336,0.146391,0.190824,0.257284,0.278833,0.521370,0.332903,0.334269,0.243740,0.359893,0.287328,0.442157,0.190297,0.318033,0.342383,0.210792,0.149213,0.294126,0.125669,0.231718,0.259388,0.267918,0.223309,0.276804,0.400469,0.262757,0.098551,0.336700,0.235570,0.251470,0.128800,0.191306,-0.029291,0.179982,0.264954,0.085769,-0.001809,-0.006561,0.132472,0.193005,0.361843,0.249816,0.285858,0.109552,0.419013,0.117301,0.279843,#
1,0.010721,1.000000,0.043798,0.247326,0.000547,0.179790,0.034617,0.209784,0.456279,0.181415,0.205687,0.202261,0.352568,0.206692,0.167282,0.095476,0.165138,0.121889,0.222385,0.243237,0.092125,0.366375,0.277105,-0.037796,0.175813,0.105578,0.127811,0.306027,0.369209,0.059704,0.181290,0.262272,0.210111,0.349527,-0.084017,0.026790,0.300455,0.278213,0.343022,0.250353,0.278546,-0.009297,0.170134,0.110034,0.102377,0.067068,0.223858,0.115413,0.250586,0.155755,0.012756,0.261175,0.052678,0.075026,0.109819,-0.009233,0.197078,0.045714,0.039058,-0.002927,0.285660,0.202303,-0.067294,0.140379,0.185049,0.292654,0.206403,0.197040,0.147913,0.327224,0.290781,0.200374,0.267968,0.026008,0.314304,0.234424,0.294376,-0.048421,0.125260,-0.092145,0.250646,-0.075604,0.150953,0.207647,0.298480,0.222417,0.210768,0.291026,0.249977,0.228165,0.160680,0.235263,0.282142,0.315654,0.451791,0.219195,0.061935,0.313512,0.266952,0.131225,0.173394,0.003194,0.100814,0.201752,0.147626,0.284136,0.101549,0.358895,0.099997,0.162177,0.094991,0.069646,0.051181,0.263070,0.068376,0.231348,0.211353,0.067684,0.106406,0.092695,0.303672,0.278432,0.139583,0.070139,0.303547,0.180198,0.107096,0.016878,0.253699,0.246177,0.085699,0.383934,0.064688,0.064312,0.183168,0.320534,0.132979,0.171512,0.229783,0.057453,0.324006,0.124194,0.362166,0.321576,0.245932,0.271006,-0.044644,0.130195,0.155564,0.042293,0.211294,0.390626,0.214157,0.215880,0.308097,0.102527,0.340685,0.064823,0.089964,0.152829,0.337224,0.355172,0.013697,0.273536,0.050966,0.082305,0.271912,0.178040,0.193346,0.063468,0.125038,0.201968,0.080089,0.080492,0.210997,0.269555,0.011384,0.441867,-0.104886,0.031045,0.251776,0.077427,0.253655,0.237756,0.031418,0.250384,0.154227,0.188038,0.270867,0.200400,0.344655,0.313694,0.201855,0.093594,0.307906,-0.166874,0.271564,0.217481,0.073593,0.208574,#
2,0.220313,0.043798,1.000000,0.264217,0.137477,0.176713,0.298470,0.142459,0.363518,0.110806,0.042849,0.012355,0.147503,0.423493,0.208558,0.229855,-0.025610,0.199007,0.205100,0.255654,0.200609,0.098783,0.133061,0.313041,0.131752,0.158864,0.329265,0.239686,0.401175,0.169108,0.173929,0.143012,0.255878,0.214934,0.262095,0.062587,0.056024,0.191364,0.278747,0.286893,0.098272,0.116789,0.347708,0.240495,0.100729,0.002542,0.294530,0.042914,0.095451,0.194917,0.234338,0.307357,0.337130,0.272153,0.242625,0.366002,0.278705,-0.067900,0.293921,0.187899,0.498593,0.261726,0.003045,0.260805,0.119782,0.231765,0.035346,0.337935,0.098321,0.369706,0.252528,0.137213,0.132313,0.335927,0.223282,0.092535,0.240879,0.079573,0.217108,0.142030,0.241135,0.243722,0.395287,0.156596,0.423494,0.254113,-0.002110,0.471027,-0.068543,0.167042,0.313137,0.116179,0.480291,0.273645,0.257102,0.149697,0.183143,0.230849,0.464473,0.199362,0.204344,0.132314,0.222645,0.184585,-0.029284,0.141481,0.248554,0.167799,0.052368,-0.090815,0.200002,0.122732,0.229235,0.098720,0.122669,0.057384,0.190143,0.270476,0.244979,0.183236,0.239418,0.058612,0.147041,0.378039,0.181216,0.072207,0.110843,0.158244,0.252323,0.288714,0.336233,0.091118,0.332572,0.309605,0.274940,0.190612,0.299927,0.326641,0.516299,0.237686,-0.149963,0.397977,-0.020941,0.064568,0.074351,0.293622,0.076196,0.098194,0.238959,0.256543,0.286572,0.325692,0.206149,0.349898,0.074178,0.118628,0.036568,-0.063306,0.303909,0.139908,0.186896,0.162683,0.166911,0.239259,0.101755,0.215849,0.233641,0.103308,0.232168,0.214850,0.242489,0.115009,0.272157,0.037176,0.333674,0.308924,0.158987,0.300118,0.233929,0.104863,0.063865,0.477475,0.042578,0.422295,0.145235,0.164153,0.191768,0.110305,0.093166,0.145546,0.190325,0.176328,0.440624,0.299246,0.166737,0.096716,0.100647,0.013304,0.137286,0.358082,#
3,0.098085,0.247326,0.264217,1.000000,0.391744,0.239656,0.294895,0.231118,0.511578,0.275873,0.335099,0.216107,0.278837,0.279614,0.084265,0.137470,0.168320,0.167395,0.318871,0.314410,0.087833,0.307233,0.295460,0.119556,0.117867,0.236219,0.314391,0.391328,0.161289,0.306992,0.157086,0.430326,0.252452,0.321643,0.412832,0.204736,0.146915,0.277328,0.173338,0.424013,0.317452,0.202257,0.432349,0.474740,0.219227,0.239625,0.327184,0.093783,0.277423,0.013229,0.305965,0.198680,0.389614,0.120571,0.076744,0.480110,0.268873,0.200943,0.425918,0.247835,0.163082,0.258394,0.110682,0.297730,0.466063,0.223277,0.172675,0.336003,-0.062404,0.256236,0.107093,0.264993,0.418622,0.138238,0.128683,0.287786,0.206599,0.209234,0.075399,0.160835,0.226785,0.204769,0.282530,0.071194,0.452328,0.394951,0.290584,0.440286,0.175607,0.168600,0.426963,0.374536,0.321466,0.316256,0.343645,0.297286,-0.026762,0.395278,0.491043,0.248291,0.007370,0.321477,0.169750,0.114885,0.427828,0.120244,0.067400,0.066647,0.310165,0.224313,0.111678,0.173812,0.072223,0.213759,0.002940,0.333823,0.132350,0.058939,0.250847,0.217421,0.250741,0.374351,0.304867,0.148228,0.161659,0.233331,0.064815,0.397408,0.202689,0.151572,0.337835,0.239821,0.152327,0.274713,0.242248,0.291302,0.393739,0.102593,0.162583,0.254128,-0.002779,0.391365,0.468531,0.047316,0.094834,0.448225,0.044828,0.276392,0.338331,0.267845,0.285272,0.436476,0.232118,0.433379,0.211666,-0.025996,0.113865,-0.048037,0.394892,0.240505,0.337131,0.269772,0.103859,0.149038,0.113828,0.262852,0.434340,0.201763,0.271092,0.193774,0.225491,0.222161,0.153521,0.130067,0.168183,0.254844,0.343034,0.378038,0.164579,0.171158,0.016179,0.354689,0.139101,0.422037,0.191912,0.397342,0.274014,0.099505,0.226446,0.461468,0.493510,0.219932,0.262705,-0.009579,0.315577,0.374439,0.181161,0.150672,0.018216,0.421053,#
4,0.057976,0.000547,0.137477,0.391744,1.000000,0.244437,0.279457,0.358135,0.358579,0.337420,-0.044787,0.328936,0.343109,0.305537,0.149692,0.123805,0.358619,0.288187,0.242046,0.403994,0.374706,0.339255,0.347289,0.455856,0.106581,0.312219,0.360840,0.071122,0.243079,0.237510,0.338403,0.370810,0.457180,0.369619,0.263842,0.174214,0.231614,0.275059,0.248729,0.251454,0.476028,0.219736,0.298163,0.373856,0.052052,-0.029956,0.252652,0.376552,0.246997,0.014952,0.295740,0.257236,0.382642,0.151861,0.193604,0.372361,0.278459,0.213755,0.452676,0.192542,0.000097,0.206762,0.267606,0.070716,0.423965,0.339509,0.369862,0.206564,0.208288,0.267368,0.000469,0.081661,0.304224,0.424897,0.275991,0.100277,0.178404,0.359371,0.178253,0.336371,0.035619,0.292887,0.351944,0.071038,0.233949,0.303394,0.069255,0.138888,0.199635,0.175744,0.389304,0.417176,0.142327,0.192770,0.241525,0.236192,0.269838,0.374382,0.273067,0.264391,0.191612,0.236261,0.355171,0.133714,0.095653,0.128898,0.383542,0.136984,0.414539,0.345281,0.206035,0.148582,0.207365,0.391816,0.328700,0.168866,0.257605,0.338707,0.159289,0.257420,0.182148,0.362211,0.510226,0.132242,0.273470,0.326442,-0.000228,0.474766,0.423766,0.243085,0.391304,0.140034,0.176636,0.301642,0.360423,0.175998,0.301974,0.189288,0.282350,0.098715,0.047889,0.359446,0.361358,0.045469,0.100046,0.109310,0.409031,0.122352,0.109703,0.317003,0.265461,0.449459,-0.031460,0.387575,0.249953,0.241252,0.300104,-0.148479,0.231532,0.332303,0.291161,0.171728,0.433995,0.013697,0.211984,0.278012,-0.000306,0.191355,0.232504,0.373960,0.326579,0.192904,0.163534,0.064584,0.238692,0.274120,0.380093,0.304361,0.256400,0.184598,0.074952,0.217869,0.251269,0.213723,0.415707,0.373067,0.394201,0.259412,0.220343,0.300846,0.266215,0.144831,0.254005,0.138297,0.204930,0.298272,0.326603,-0.028721,0.415970,0.243740,#
5,0.240884,0.179790,0.176713,0.239656,0.244437,1.000000,0.138134,0.208317,0.405072,0.043980,0.256992,0.194543,-0.055747,-0.107703,0.249787,0.433131,0.172765,0.236995,0.044018,0.388259,0.218968,0.231250,0.111091,0.262355,0.090326,0.358690,0.384088,0.154004,0.178301,0.097170,0.329622,0.374428,0.188614,0.243563,0.248039,0.140379,0.182063,0.174109,0.288109,0.177477,0.359518,-0.014882,0.145564,0.099712,0.155354,0.311176,0.360703,0.167806,0.263051,-0.073236,0.096194,0.169797,0.065992,0.384981,-0.131733,0.472973,0.307137,0.125461,0.387709,0.186646,0.338729,0.286696,0.272665,0.312057,0.302472,0.226617,0.110774,0.167905,-0.075821,0.173041,0.329225,0.114556,0.224881,0.290466,0.098104,0.232241,0.351099,0.120338,0.004615,0.194614,0.347300,0.112315,0.218361,0.096701,0.182275,0.340907,0.233654,0.434628,0.129388,0.112958,0.115992,0.162683,0.349319,0.262805,0.261860,-0.054198,0.210816,0.191381,0.307934,0.192697,0.275954,0.261885,0.468477,0.173111,0.203996,0.222334,0.179171,0.111995,-0.076330,0.150987,0.005202,0.255904,0.173044,0.087791,-0.052640,0.062448,0.247616,0.029054,0.052305,0.272595,0.238188,0.201153,0.301965,0.278351,0.107579,0.278280,0.121260,0.401293,0.355685,0.316553,0.319560,0.264093,0.335425,0.299588,0.126821,0.240923,0.348428,0.166455,0.054797,0.229740,0.165695,-0.047022,0.251659,0.240808,0.153088,0.086967,0.133403,0.140734,0.078222,0.110260,0.343757,0.259596,0.016855,0.327455,0.219897,-0.078432,0.442918,0.057774,0.258768,0.473962,0.274245,0.311249,0.151577,0.043597,0.268645,0.162702,-0.066162,0.319557,0.284284,0.171685,0.157912,0.155638,0.007822,0.124906,0.401255,0.150749,-0.043017,0.190272,0.073547,0.246350,0.284632,0.165457,0.281676,0.216768,0.361877,0.193200,0.331195,0.098675,-0.074075,0.363246,0.005633,0.325323,0.029120,0.178391,-0.002132,0.139851,0.262729,0.059180,0.139726,0.236096,#
6,0.464868,0.034617,0.298470,0.294895,0.279457,0.138134,1.000000,0.197717,0.288121,0.107522,0.204792,0.080598,0.415875,0.421721,0.150957,0.079189,0.291792,0.365914,0.223700,0.207516,0.395826,0.144482,0.135166,0.428292,0.142319,0.184761,0.198827,0.229252,0.330196,0.312177,0.206027,0.361670,0.242831,0.417592,0.508090,0.168516,0.061191,0.170642,0.192788,0.392978,0.178865,0.357425,0.297032,0.297827,0.360459,0.008575,0.320754,0.012813,0.433980,0.291962,0.382840,0.463014,0.422554,0.059251,0.372679,0.375904,0.360957,0.296092,0.474900,0.206737,0.130661,0.310131,0.118935,0.142767,0.504803,0.239189,0.496024,0.081296,0.247724,0.233551,0.094781,0.207630,0.215706,0.494106,0.219378,0.186963,0.300636,0.184802,0.144570,0.166670,0.141966,0.272390,0.324717,0.269869,0.147669,0.406807,0.200607,0.198058,0.386339,0.373165,0.195391,0.283792,0.068436,0.168699,0.215310,0.247032,0.341504,0.319834,0.332739,0.253301,0.376022,0.280528,0.341871,0.254978,0.165638,0.019724,0.283268,0.090031,0.209222,0.052949,0.063751,0.048807,0.012859,0.324652,0.401086,0.093680,0.357798,0.296211,0.386524,0.362589,0.374323,0.314608,0.275436,0.422912,0.459175,0.402635,0.136945,0.328887,0.054131,0.299714,0.170386,0.236529,0.365807,0.152331,0.216572,0.375396,0.336956,0.282818,0.450912,0.214945,0.359039,0.280477,0.204219,0.214703,0.171460,0.288503,0.136524,0.159808,0.088125,0.161957,0.327563,0.452679,0.213545,0.303113,0.014617,0.207583,0.387163,0.123654,0.457043,0.286152,0.442743,0.296884,0.297467,0.310782,0.254500,0.366586,0.313381,0.240453,0.362816,0.181924,0.347621,0.153993,0.099091,0.059989,0.141615,0.240880,0.470112,0.383643,0.273819,0.111764,0.293038,0.197930,0.395758,0.393298,0.099474,0.240773,0.160031,0.395575,0.004213,0.143026,0.024671,0.198293,0.185118,0.250448,0.315683,0.239420,0.187822,0.231798,0.366163,0.249391,#
7,0.228026,0.209784,0.142459,0.231118,0.358135,0.208317,0.197717,1.000000,0.450114,0.315330,0.120631,0.267386,0.291892,0.337566,0.433203,0.141590,0.389599,0.230351,0.500356,0.288402,0.247233,0.342293,0.512258,0.374674,0.343393,0.371709,0.296623,0.371384,0.287738,0.339970,-0.033611,0.298036,0.261755,0.239595,0.290078,0.106243,0.282011,0.161351,0.306157,0.110700,0.443765,0.115656,0.397932,0.322079,0.170850,0.347979,0.270820,0.283730,0.135795,0.018336,0.167394,0.159654,0.274682,0.359250,0.253238,0.232798,0.154565,0.283804,0.249667,0.153476,0.085923,0.292295,0.187052,0.095244,0.346360,0.356271,0.380186,0.410253,0.249942,0.429364,0.297851,-0.153932,0.347626,0.341306,0.322896,0.109118,0.357976,0.127038,0.321999,0.146385,0.188708,0.344212,0.374338,0.025804,0.413401,0.173289,0.378106,0.384926,0.227603,0.274423,0.299573,0.286412,0.384282,0.251272,0.466011,0.153161,0.415593,0.519915,0.373771,0.311973,0.427957,0.118121,0.302073,0.218104,0.198836,0.293067,0.272726,0.273854,0.190340,0.001930,0.474825,0.223103,0.311747,0.401277,0.175668,0.037825,0.299384,0.103761,0.125863,0.415225,0.342181,0.282991,0.318639,0.362695,0.342546,0.208492,0.151745,0.411837,0.261558,0.187818,0.351956,0.131524,0.253824,0.100451,0.368744,0.517752,0.529269,0.143860,0.169615,0.271364,0.318917,0.421425,0.362729,0.075481,0.169138,0.266927,0.347042,0.054872,0.222773,0.192006,0.210566,0.448649,0.256000,0.236873,0.344529,0.328555,0.158703,0.160943,0.386713,0.155295,0.511110,0.093253,0.532858,0.031315,0.383004,0.261914,0.362522,0.322980,0.143779,0.074260,0.409489,0.423178,0.078620,0.153313,0.230896,0.428651,0.256611,0.362380,0.177574,0.149781,0.419984,0.063742,0.368995,0.274585,0.256912,0.340828,0.289704,0.275323,0.241266,0.264334,0.391010,0.383444,0.146855,0.138444,0.193306,0.192657,0.272215,0.208786,0.213679,0.274329,#
8,0.232086,0.456279,0.363518,0.511578,0.358579,0.405072,0.288121,0.450114,1.000000,0.430142,0.197656,0.335425,0.382257,0.313172,0.297505,0.251730,0.277584,0.305594,0.245764,0.344365,0.269513,0.374829,0.293848,0.268223,-0.011656,0.541221,0.354662,0.547233,0.317090,0.254168,0.149937,0.425999,0.380212,0.362633,0.263857,0.140822,0.318482,0.267395,0.274837,0.419159,0.477288,0.297413,0.526054,0.319073,0.194212,0.168660,0.249552,0.172311,0.367418,0.314940,0.237560,0.347192,0.313947,0.381686,0.262911,0.374344,0.148052,0.334023,0.349927,0.287696,0.312953,0.328732,0.211524,0.299709,0.327727,0.484249,0.375336,0.411005,0.210374,0.494808,0.157116,0.301095,0.410521,0.511506,0.121846,0.240544,0.303597,0.289921,0.249103,0.285126,0.156658,0.272093,0.324285,0.296451,0.470754,0.468833,0.208002,0.417476,0.121459,0.277008,0.344006,0.393225,0.559242,0.392603,0.554311,0.220699,0.178539,0.455007,0.625701,0.245043,0.138474,0.236638,0.340047,0.366657,0.265114,0.253679,0.452437,0.423131,0.176786,0.225724,0.410062,0.429850,0.329692,0.417251,0.265186,0.271992,0.334808,0.156320,0.268248,0.411424,0.346606,0.196891,0.492827,0.349077,0.321895,0.476816,0.171150,0.283858,0.398019,0.282345,0.332647,0.123740,0.299024,0.430757,0.502250,0.337189,0.452814,0.344925,0.142388,0.421268,0.140388,0.444833,0.398893,0.173295,0.289967,0.260872,0.231038,0.048258,0.193559,0.355904,0.299386,0.529019,0.247567,0.570413,0.312345,0.190716,0.343761,0.065695,0.386759,0.413539,0.432386,0.316352,0.351752,0.331441,0.245049,0.209079,0.294627,0.371942,0.328367,0.406835,0.389027,0.354319,0.168566,0.245042,0.500080,0.423838,0.228382,0.448647,0.333147,-0.012578,0.385942,0.348869,0.138810,0.432406,0.333113,0.401036,0.325098,0.283484,0.402111,0.363350,0.340930,0.394954,0.402412,0.136140,0.192129,0.237174,0.389240,0.142149,0.088378,0.463075,#
9,-0.040950,0.181415,0.110806,0.275873,0.337420,0.043980,0.107522,0.315330,0.430142,1.000000,0.006978,0.066290,0.192255,0.358480,0.236022,0.064788,0.248914,0.175341,0.326032,0.361846,0.426799,0.363382,0.344369,0.313565,0.029564,0.151289,0.279399,0.401889,0.000492,0.423477,-0.091071,0.140083,0.314749,0.347573,0.303807,0.160931,0.126174,0.108888,0.222995,0.272651,0.336994,0.229701,0.177430,0.203102,0.304207,-0.050441,0.138095,0.114989,0.090190,-0.002638,-0.061082,0.122306,0.167176,0.249028,0.153934,0.207727,0.115595,0.259807,0.226556,0.218484,0.198111,0.102615,0.184895,0.115242,0.251663,0.517010,0.328953,0.335260,0.278058,0.223053,0.207962,-0.036872,0.009436,0.330016,0.285263,0.093759,-0.003431,0.388161,0.091814,0.311695,-0.101285,0.089682,0.171459,0.355352,0.377059,0.145224,0.038278,0.228892,0.101762,0.007848,0.306599,0.230672,0.384160,0.160164,0.344920,0.037825,0.032580,0.356671,0.299044,0.227043,0.150716,0.281948,0.143311,0.193241,0.281850,0.344320,0.232863,0.082676,0.305895,0.323652,0.282427,0.297707,0.417042,0.194822,0.075690,0.245503,0.110389,0.082504,-0.061285,0.197084,0.376319,0.048958,0.318740,0.242998,0.272927,0.109078,0.272791,0.089836,0.349903,0.054658,0.270663,0.235829,0.210515,0.356121,0.300692,0.238932,0.168891,0.101686,0.122416,0.387100,0.000413,0.534002,0.372931,0.093635,0.097805,0.307139,0.382647,0.188725,0.083698,0.244316,-0.022886,0.210215,0.162714,0.374785,0.104555,0.267041,0.093184,0.249124,0.347041,0.411593,0.230271,0.254251,0.233603,0.243363,0.255861,0.219721,0.088913,0.194107,0.408381,0.101432,0.403861,0.501618,0.166894,0.138837,0.313559,0.383893,0.032576,0.345611,0.334407,0.266816,0.153147,0.139503,0.145078,0.319602,0.266709,0.606793,0.140637,0.151697,0.289040,0.013897,0.296033,0.360409,0.225157,0.087233,0.196626,0.002279,0.062295,0.087959,0.036246,0.184753,#
10,0.315026,0.205687,0.042849,0.335099,-0.044787,0.256992,0.204792,0.120631,0.197656,0.006978,1.000000,0.166932,-0.032085,0.208084,-0.033773,0.198950,0.100064,-0.036253,0.243111,0.146109,0.111167,0.086592,0.317493,0.171620,-0.167175,0.036683,0.227359,0.387121,0.144190,0.292130,0.148353,0.120420,0.128567,0.348306,0.318496,0.055480,0.071164,0.237145,0.118913,0.053248,0.236247,0.066496,0.080112,0.180908,0.187619,0.322392,0.238612,0.146899,0.322863,0.224256,-0.154183,0.052045,0.370638,0.044167,0.028391,0.158514,0.330589,0.188733,0.107876,0.050667,0.292812,0.276454,0.304558,0.319321,0.372905,-0.040048,-0.028855,0.002595,-0.006039,0.316476,0.240233,0.234652,0.266251,0.189473,-0.097608,0.227528,0.248191,0.227219,0.133030,0.007694,0.284371,0.081005,0.230145,0.128329,0.223574,0.072339,0.280653,0.380236,0.150536,0.234986,0.160489,0.396399,0.239242,0.331102,0.341327,0.204155,-0.064697,0.317852,0.425060,0.487991,0.259692,0.170997,0.223641,0.368637,0.516301,-0.024994,-0.060522,0.172727,0.098222,0.104992,-0.012378,0.080070,0.118876,0.095373,0.018893,0.144213,0.237333,-0.042498,0.290292,0.262224,0.337793,0.380524,0.052074,0.144896,-0.163975,0.374319,0.222207,0.156922,0.201182,-0.070056,0.011356,0.038872,0.135268,0.177650,0.381545,0.274684,0.251240,-0.004819,0.079672,0.131465,0.234528,-0.140542,0.137836,0.208065,-0.209780,0.041582,-0.000096,0.127659,0.218492,-0.008553,0.326867,0.183249,0.356765,0.239380,0.135254,0.128888,0.253311,0.276304,0.396150,0.216097,0.348646,0.232924,0.177367,0.210318,0.137083,0.223570,0.311115,0.297705,0.284664,0.077121,0.301025,0.122129,-0.041543,-0.050524,0.096816,0.219965,0.110493,0.338222,0.069085,0.363453,0.178294,-0.007987,0.243030,0.122270,0.064501,0.040258,-0.043119,0.238086,-0.028926,0.341570,0.246485,0.088278,0.099887,0.135363,0.261841,0.208284,-0.032897,0.257105,0.222079,0.212366,#
11,0.276985,0.202261,0.012355,0.216107,0.328936,0.194543,0.080598,0.267386,0.335425,0.066290,0.166932,1.000000,0.388839,0.071301,0.100576,0.116448,0.210311,0.310505,0.285129,0.219815,0.118555,0.153176,0.372692,0.114006,0.077338,0.245702,0.101621,0.285390,0.353651,0.070310,0.224801,0.199648,0.227684,0.258766,0.179195,-0.015018,0.309835,0.130474,0.021676,0.301280,0.326058,0.341859,0.225348,0.252878,0.056184,0.131913,0.468299,0.201927,0.190006,0.267427,0.216485,0.198469,0.309230,0.246662,0.249277,0.246833,0.067963,0.204432,0.171549,0.136631,-0.003400,0.199251,0.412396,0.154933,0.291729,0.228453,0.267438,0.150524,0.121861,0.388531,0.232670,0.141218,0.170706,0.227628,0.219319,-0.005206,0.297119,0.268117,0.278065,-0.087083,0.136164,0.093712,0.093417,0.079373,0.177726,0.232951,0.015305,0.109803,0.147112,0.124972,0.202729,0.419292,0.166594,-0.017097,0.306283,0.475105,0.207299,0.268796,0.175173,-0.027542,0.061026,0.168942,0.208660,0.196504,0.382118,0.315354,0.200664,0.251260,0.373735,0.217590,0.430143,0.204257,0.250628,0.197403,-0.140652,0.234368,0.151464,0.345779,0.223950,0.320821,0.189488,0.260940,0.314415,0.111429,0.186862,0.310613,0.176560,0.220378,0.321352,0.238445,0.281870,0.121451,0.400998,0.349518,0.251638,0.286346,0.439456,0.176056,0.175113,0.143068,0.232561,0.166356,0.244840,0.112163,0.308468,-0.023963,0.408592,0.165300,0.063890,0.333997,0.252371,0.152621,0.230327,0.302536,0.400850,0.121756,0.240370,0.020026,0.252756,0.174769,0.099863,0.122523,0.367777,0.088260,0.461280,-0.110347,0.236909,0.134809,0.324424,0.248525,0.180130,0.130332,0.121557,0.394629,0.012505,0.323298,0.049958,0.298758,0.039175,0.386282,0.257837,-0.005968,0.199044,0.300719,0.347168,0.109675,0.129145,0.370307,0.331345,0.105833,0.328065,0.073711,0.294089,-0.010454,0.151904,0.248401,0.073573,0.231060,0.226200,0.186252,#
12,0.310574,0.352568,0.147503,0.278837,0.343109,-0.055747,0.415875,0.291892,0.382257,0.192255,-0.032085,0.388839,1.000000,0.214333,0.254294,0.088296,0.367602,0.289114,0.382457,0.317460,0.314692,0.245060,0.220969,0.152809,0.081642,0.238760,0.022896,0.201520,0.456402,0.153624,0.132903,0.216677,0.275852,0.349229,0.321442,0.207633,0.236526,0.129975,0.248564,0.370782,0.014978,0.165054,0.202110,0.424460,0.097173,0.009224,0.255944,0.127230,0.177713,0.164122,0.264648,0.338733,0.356501,0.121461,0.358816,0.150825,0.113163,0.350500,0.322642,0.217972,-0.004132,0.103183,0.065373,0.148585,0.287764,0.380336,0.410429,0.118074,0.153598,0.368740,0.199117,0.137517,0.243785,0.282345,0.311038,0.126953,0.355005,0.160454,0.274096,0.094658,0.027878,0.276319,0.349794,0.242841,0.150497,0.345229,0.160244,0.300245,0.263601,0.238162,0.294672,0.266701,0.063773,0.010512,0.199339,0.344476,0.307377,0.431701,0.325219,-0.074752,0.117679,0.249542,0.387432,0.280778,0.196443,0.158891,0.359923,0.129478,0.308049,0.238506,0.184635,0.006928,0.114383,0.317494,0.480378,0.204540,0.386048,0.251719,0.327377,0.162319,0.269596,0.245998,0.459207,0.284723,0.365887,0.366274,-0.015705,0.131387,0.243268,0.436414,0.211884,0.123166,0.152523,0.251377,0.204557,0.319018,0.196486,0.374429,0.260606,0.111300,0.335381,0.472491,0.283857,0.106761,0.249436,0.137041,0.269074,0.099086,0.113522,0.418216,0.127451,0.436030,0.220270,0.200334,0.248202,0.344374,0.278901,0.109995,0.360607,0.164537,0.272724,0.254524,0.350418,0.192837,0.400642,0.142248,0.424787,0.237762,0.141956,0.179444,0.308066,0.197083,0.043771,0.240681,0.047645,0.186753,0.320389,0.532460,0.288929,0.054738,0.277800,0.200300,0.288986,0.345653,-0.031600,0.321120,0.103636,0.430135,0.275716,0.225620,0.250086,0.173130,0.215332,0.245700,0.309125,0.217480,0.209385,0.248460,0.268811,0.210594,#
13,0.292661,0.206692,0.423493,0.279614,0.305537,-0.107703,0.421721,0.337566,0.313172,0.358480,0.208084,0.071301,0.214333,1.000000,0.150024,0.186198,0.249937,0.342724,0.351265,0.201532,0.351009,0.388656,0.513620,0.358153,0.133048,0.250451,0.178013,0.368735,0.387588,0.457546,0.008242,0.331981,0.356214,0.412268,0.280695,0.064989,0.214627,0.244453,0.482785,0.286062,0.439536,0.307887,0.391716,0.189806,0.401623,0.081665,0.180446,0.293275,0.397138,0.288197,0.051541,0.524940,0.339153,0.165405,0.450301,0.273296,0.148322,0.159107,0.276424,0.065401,0.248286,0.321962,0.124953,0.229196,0.330994,0.318383,0.414869,0.078927,0.318135,0.345254,0.095016,0.242888,-0.112705,0.465167,0.386199,0.187275,0.235252,0.239000,0.266647,0.203378,0.029444,0.177569,0.478040,0.079188,0.405192,0.142277,-0.012741,0.314112,0.358501,0.319174,0.325112,0.248444,0.378767,0.293503,0.354131,0.076670,0.305601,0.285067,0.271973,0.430555,0.348476,0.172957,0.150886,0.436737,0.232638,0.331269,0.184704,0.236139,0.242356,0.172530,0.405002,0.212432,0.263660,0.420419,0.152476,0.197544,0.143942,0.379888,0.283831,0.317866,0.242264,0.275597,0.101553,0.177746,0.298122,0.088375,0.161304,0.128933,0.243946,0.164209,0.210723,0.218013,0.170630,0.156351,0.422717,0.244618,0.198297,0.132735,0.445882,0.276529,0.035718,0.358782,0.392189,0.035621,-0.078252,0.241907,0.305282,0.187315,0.247989,0.196424,0.260127,0.365492,0.258866,0.482248,0.101982,0.338014,0.149400,0.037283,0.308407,0.251524,0.387853,0.197435,0.343848,0.219771,0.261369,0.313191,0.445881,0.327940,0.391141,0.118960,0.256205,0.151691,0.113016,0.133934,0.321737,0.414992,0.288067,0.569863,0.233716,0.235223,0.258713,0.258539,0.418091,0.382586,0.135886,0.247983,0.147207,0.294123,0.046657,0.092311,0.377196,0.307339,0.311059,0.283321,0.394902,0.020683,0.118098,0.266518,0.200765,0.241129,#
14,0.148592,0.167282,0.208558,0.084265,0.149692,0.249787,0.150957,0.433203,0.297505,0.236022,-0.033773,0.100576,0.254294,0.150024,1.000000,0.266948,0.305378,0.116471,0.057002,0.161388,0.124521,0.072657,0.138553,0.207421,0.014691,0.077566,0.204649,0.222565,0.189139,0.248038,0.127149,0.270304,0.215796,0.042229,0.143931,-0.042851,0.091242,0.245235,0.152797,0.076470,0.227149,0.021925,0.343159,0.232042,-0.010229,0.092477,0.007830,0.045981,0.019565,-0.090156,0.054863,0.060182,-0.001995,0.334527,0.074854,0.156756,0.062330,0.112686,0.214629,0.032320,0.118629,0.231693,0.090713,0.244413,0.081052,0.239185,0.180229,0.196097,0.226304,0.267307,0.160683,0.002203,0.199848,0.101750,0.127275,0.247844,0.304166,0.052764,-0.051651,-0.012677,0.226829,0.230216,0.374234,0.361742,0.146218,0.181240,0.187953,0.371253,0.226148,0.038607,0.125721,-0.006841,0.171740,0.298595,0.200882,0.216503,0.516352,0.275051,0.299015,-0.023657,0.165013,0.069237,0.273792,-0.005656,0.191175,0.254163,0.190060,0.062399,0.126963,-0.089949,0.224497,0.223565,0.205106,0.094167,0.090828,0.218000,0.271432,0.211733,0.056322,0.121757,0.276512,0.033645,0.336132,0.342263,0.372525,-0.031756,0.042445,0.393454,-0.046251,0.279361,0.214958,0.243793,0.218341,0.220681,0.256304,0.199545,0.342960,0.321591,0.078788,0.301973,0.073222,0.267090,0.050576,0.128061,0.198524,0.259517,0.379546,0.125531,0.064423,0.001455,0.179100,0.238736,0.008245,0.194017,0.324065,0.125057,0.115807,0.086750,0.185995,0.032594,0.230817,-0.030256,0.309603,0.124397,0.099647,0.126521,0.094299,0.139660,0.167246,0.078690,0.211982,0.264941,0.082352,0.334325,0.280610,0.420872,0.111053,0.200515,0.040836,-0.023190,0.320455,0.232016,0.296822,0.128405,0.212017,0.231238,0.315096,0.052311,-0.001276,0.024778,-0.017847,0.252775,0.304196,0.149812,0.134071,0.067491,0.121943,0.026339,-0.023977,0.043855,#
15,0.155207,0.095476,0.229855,0.137470,0.123805,0.433131,0.079189,0.141590,0.251730,0.064788,0.198950,0.116448,0.088296,0.186198,0.266948,1.000000,0.134949,0.224768,0.077566,0.149051,0.193254,0.194766,0.113610,0.276006,0.076224,0.307501,0.142044,0.185028,0.255137,0.307385,0.164589,0.210631,0.159115,0.242820,0.166741,0.272675,0.262703,0.193500,0.354176,0.130304,0.084185,0.181365,0.256193,0.178959,0.300967,0.164011,0.400121,0.341523,0.176160,0.238426,0.073667,0.302607,0.140184,0.158445,0.173380,0.147929,0.254493,-0.047038,0.067201,0.134262,0.348486,0.348371,0.135644,0.320393,0.191083,0.213698,0.164236,0.024491,0.013088,0.097763,0.239396,-0.088937,-0.049148,0.204258,0.170905,0.165026,0.352067,0.250214,0.166910,0.137371,0.386378,0.348081,0.091229,0.245757,0.329327,0.264760,-0.061553,0.394291,0.154172,0.052807,0.111857,0.090820,0.238609,0.206686,0.098978,0.156752,0.128480,0.198347,0.161484,-0.016953,0.281219,0.027821,0.392732,0.309322,0.082616,0.252545,0.422494,0.267594,-0.020121,0.395835,0.001966,0.082447,0.146724,0.204171,-0.126568,0.071011,0.293135,0.221900,0.173465,0.256247,0.218987,0.056365,0.119940,0.266307,-0.064972,0.145072,0.315774,0.053247,0.271813,0.414718,0.034733,-0.091205,0.147404,0.066430,0.125539,0.036478,0.054815,0.022533,0.203487,0.207433,0.000857,0.014654,0.189092,-0.045565,0.053710,0.141487,0.115551,0.129763,0.087276,0.087624,0.364517,0.150057,0.448411,0.450448,0.065663,0.149668,0.319905,0.004962,0.166015,0.279023,0.150461,0.256851,0.350862,-0.158075,0.348275,0.201005,0.253635,0.425993,0.268913,0.004020,-0.026372,0.280616,-0.118736,0.141269,0.059483,0.349203,0.108797,0.200808,0.134042,0.153022,0.229028,0.264199,0.195225,0.125173,0.175073,0.184582,-0.061480,0.147553,-0.090698,0.178853,0.142184,0.291231,0.170839,0.112090,0.179356,0.006162,0.286897,0.342711,0.210150,0.308338,#
16,0.374113,0.165138,-0.025610,0.168320,0.358619,0.172765,0.291792,0.389599,0.277584,0.248914,0.100064,0.210311,0.367602,0.249937,0.305378,0.134949,1.000000,0.292362,0.243238,0.173458,0.480053,0.394833,0.245722,0.185358,0.094481,0.397241,0.209696,0.022552,0.225719,0.097993,0.148600,0.379724,0.436963,0.507906,0.252376,0.221782,0.362118,0.118893,0.446596,0.261037,0.327664,0.213134,0.283065,0.198069,0.217426,0.224368,0.175969,0.119997,0.223713,0.218900,0.141622,0.113212,0.303149,0.491211,0.356077,0.298644,0.058899,0.314663,0.419942,0.181060,0.128638,0.224020,0.159043,0.173159,0.395822,0.242302,0.385482,0.118921,0.338979,0.353297,0.198858,-0.026054,0.232865,0.332000,0.248364,0.121144,0.367767,0.248461,0.287145,0.345981,0.209855,0.412335,0.409874,0.182395,0.211899,0.246597,0.352430,0.170725,0.212528,0.249412,0.272050,0.285154,0.188270,0.201500,0.344018,0.281847,0.399890,0.416142,0.384563,0.212284,0.163539,0.123512,0.303121,0.312295,0.167279,0.405735,0.269359,0.073234,0.240645,0.205813,0.332895,0.447258,0.330041,0.209630,0.330499,0.506045,0.466861,0.197707,0.193622,0.260056,0.330090,0.396815,0.293049,0.356380,0.340974,0.343244,0.083120,0.336710,0.290238,0.183225,0.296803,0.176396,0.292949,0.089110,0.217702,0.306000,0.188362,0.130249,0.187759,0.273757,0.185963,0.225458,0.303361,0.306297,0.147585,0.135885,0.297112,0.057486,0.191885,0.319648,0.191912,0.306493,0.208744,0.237130,0.349298,0.325539,0.371634,0.138515,0.400971,0.375813,0.174850,0.273914,0.452326,0.220560,0.271305,0.391158,0.219896,0.454245,0.275695,0.052664,0.293241,0.451606,0.122737,0.068228,0.262169,0.149183,0.186125,0.377227,0.280021,0.073592,0.118234,0.159040,0.444307,0.103402,0.330827,0.385016,0.286472,0.278522,0.176574,0.209222,0.295239,0.213767,0.261123,0.185768,0.271846,-0.045199,0.174300,0.128919,0.268973,0.217162,#
17,0.335201,0.121889,0.199007,0.167395,0.288187,0.236995,0.365914,0.230351,0.305594,0.175341,-0.036253,0.310505,0.289114,0.342724,0.116471,0.224768,0.292362,1.000000,0.170658,0.250566,0.320680,0.293176,0.243592,0.402141,0.384449,0.365612,0.198087,0.206389,0.178914,0.268339,0.131386,0.235166,0.058343,0.310373,0.284325,0.295183,0.260461,0.141163,0.317117,0.261347,0.379852,0.338377,0.389557,0.234527,0.206430,0.017398,0.185732,0.330321,0.291092,0.280346,0.318515,0.283240,0.292887,0.132117,0.261853,0.372751,0.229613,0.063921,0.404249,-0.056203,0.224681,0.338777,0.000166,0.081173,0.218222,0.392748,0.343336,0.194386,0.123627,0.223804,0.195977,0.042431,-0.045804,0.350928,0.146197,-0.036634,0.269682,0.255127,0.244556,0.189052,0.201564,0.223272,0.243507,0.198810,0.211891,0.265472,0.208192,0.113282,0.255822,0.261338,0.242909,0.172414,0.246137,0.165067,0.162796,0.322349,0.335349,0.167119,0.034769,0.218131,0.202512,-0.041210,0.287403,0.224292,-0.006049,0.168344,0.339601,0.191830,0.039740,0.208865,0.328203,0.277220,0.040734,0.417573,0.210259,0.003553,0.020412,0.298417,0.016770,0.231407,0.222679,0.244154,0.260852,0.308935,0.347490,0.346585,0.268692,0.159550,0.221612,0.243117,0.372291,0.295403,0.332444,0.134998,-0.024937,0.338400,0.155850,0.259189,0.401427,0.357487,0.126170,0.327981,0.471128,0.123844,0.194554,0.140097,0.372356,0.211249,0.227361,0.004760,0.322553,0.174354,0.113208,0.443698,0.196856,0.329394,0.511169,0.096422,0.249512,0.304857,0.226936,0.221680,0.515804,0.084758,0.308903,0.300860,0.040220,0.336250,0.283108,0.127778,0.395470,0.165538,0.136288,0.083431,0.245287,0.140768,0.164482,0.264076,0.256448,0.309516,0.026019,0.386136,0.292304,0.369232,0.301074,0.233381,0.206105,0.448198,0.050635,0.033976,0.156630,0.214423,0.248644,0.166333,0.334477,0.374261,0.142928,0.404935,0.114389,0.245405,#
18,0.273539,0.222385,0.205100,0.318871,0.242046,0.044018,0.223700,0.500356,0.245764,0.326032,0.243111,0.285129,0.382457,0.351265,0.057002,0.077566,0.243238,0.170658,1.000000,0.523820,0.244852,0.304517,0.403901,0.149518,0.247505,0.301432,0.166716,0.351019,0.294051,0.356742,-0.104092,0.266656,0.234530,0.410421,0.333595,0.263551,0.175795,0.229075,0.307467,0.144230,0.392844,-0.037197,0.232735,0.332218,0.369677,0.016728,0.467715,0.275221,0.185853,0.035877,-0.015378,0.271553,0.400411,0.203342,0.190086,0.211092,0.152132,0.280072,0.361957,0.243019,0.209945,0.282734,0.182340,0.062231,0.378222,0.263940,0.165621,0.299502,-0.061333,0.271162,0.309977,-0.021622,0.283052,0.275379,0.365423,0.151998,0.436867,0.289329,0.515225,0.203221,0.007875,0.051705,0.446777,0.159813,0.327216,0.305509,0.213584,0.352298,0.219860,0.103864,0.293008,0.302748,0.283321,0.226997,0.530234,0.121486,0.229879,0.478850,0.347463,0.381004,0.334040,0.137501,0.299570,0.421345,0.361517,0.398693,0.078980,0.163192,0.325597,0.170115,0.299865,0.119213,0.385130,0.359051,0.058478,-0.010897,0.326623,0.011388,0.173895,0.283017,0.427935,0.493392,0.217989,0.151972,0.258054,0.115578,0.245286,0.090681,0.416210,0.128592,0.304364,0.159695,0.253078,0.225065,0.280163,0.405699,0.432965,0.256003,0.264566,0.163971,0.126976,0.374254,0.293652,0.348157,0.118393,0.368761,0.297494,-0.136300,0.403342,0.338225,0.249677,0.523548,0.355950,0.328141,0.150480,0.356184,0.163982,0.355405,0.383096,0.286585,0.355678,0.110943,0.376602,0.195274,0.437006,0.335141,0.504619,0.339099,0.173077,0.041190,0.345277,0.451086,0.211953,0.032089,0.012837,0.229569,0.214093,0.577157,-0.010610,0.385824,0.277634,0.266758,0.211347,0.281121,0.240783,0.285202,0.261532,0.214029,0.081372,0.136987,0.488032,0.168121,0.109820,0.320379,0.399809,0.204843,-0.020004,0.235671,0.293635,0.258910,#
19,0.273107,0.243237,0.255654,0.314410,0.403994,0.388259,0.207516,0.288402,0.344365,0.361846,0.146109,0.219815,0.317460,0.201532,0.161388,0.149051,0.173458,0.250566,0.523820,1.000000,0.296568,0.441514,0.276128,0.295287,0.160029,0.181861,0.364057,0.159410,0.365494,0.312505,0.119362,0.330308,0.150221,0.360076,0.240254,0.161638,0.275759,0.227280,0.270549,0.303968,0.424675,-0.040139,0.147866,0.255498,0.247919,0.019323,0.437313,0.217519,0.318693,-0.165340,-0.077934,0.202532,0.194724,0.296645,0.166143,0.204142,0.354216,0.161296,0.340771,-0.039646,0.372205,0.337694,0.244873,0.195473,0.402153,0.424733,0.281197,0.236136,0.139208,0.289355,0.237476,0.072815,0.242524,0.278905,0.208967,0.108853,0.346097,0.132315,0.224732,0.168735,-0.031709,0.064909,0.346892,0.181004,0.283825,0.310767,0.154121,0.414723,0.306393,0.173185,0.254763,0.316048,0.458639,0.277442,0.327842,0.067721,0.252336,0.302638,0.304399,0.341840,0.365322,0.217388,0.336426,0.334176,0.145953,0.236254,0.202790,0.219421,0.178640,0.034301,0.046230,0.168609,0.332673,0.331028,0.146823,0.034451,0.351554,0.210314,0.044917,0.175012,0.174858,0.378865,0.417852,0.315975,0.325146,0.117604,0.213133,0.257705,0.419925,0.386407,0.290629,0.306490,0.249296,0.258851,0.228720,0.268196,0.321892,0.235766,0.275352,0.330965,0.120755,0.179361,0.310636,0.255314,0.107926,0.258472,0.211788,-0.090698,0.321576,0.237396,0.321588,0.500941,0.173231,0.322413,0.183898,0.362285,0.267589,0.240094,0.389929,0.383751,0.430085,0.357936,0.317024,0.167374,0.435960,0.291213,0.047271,0.335714,0.179939,0.173135,0.253120,0.357656,0.115375,-0.029359,0.312421,0.330140,0.203465,0.536617,0.101132,0.334844,0.067356,0.443251,0.377246,0.386291,0.353341,0.195088,0.368757,0.242247,0.184230,0.141088,0.314344,0.333894,0.179026,0.418204,0.199888,0.299203,0.139016,0.156651,0.255587,0.195781,#
20,0.294377,0.092125,0.200609,0.087833,0.374706,0.218968,0.395826,0.247233,0.269513,0.426799,0.111167,0.118555,0.314692,0.351009,0.124521,0.193254,0.480053,0.320680,0.244852,0.296568,1.000000,0.347604,0.241404,0.313842,0.063306,0.283895,0.331972,0.219801,0.302234,0.427358,0.032691,0.298360,0.300771,0.436394,0.350321,0.457839,0.266953,-0.016775,0.325933,0.257458,0.338335,0.506049,0.138458,0.298949,0.360828,0.140617,0.276448,0.126247,0.262831,0.163166,0.145605,0.363811,0.284491,0.288176,0.312209,0.192391,0.219830,0.294256,0.377227,0.114284,0.301839,0.307876,0.416732,0.044716,0.377428,0.458591,0.347215,0.039613,0.321009,0.391069,0.330863,-0.007443,-0.027273,0.368451,0.334371,-0.069208,0.323588,0.275395,0.106291,0.385258,0.012081,0.389902,0.425785,0.336916,0.198896,0.134466,0.312434,0.198766,0.294181,0.377740,0.340787,0.448824,0.319448,0.266653,0.406022,0.158482,0.167815,0.360346,0.285961,0.219891,0.416309,0.124251,0.406564,0.422671,0.161438,0.099740,0.248823,0.265246,0.211196,0.459550,0.258478,0.274030,0.198807,0.183493,0.363473,0.138999,0.305032,0.352698,0.036069,0.366239,0.433439,0.214381,0.275228,0.546905,0.212178,0.345614,0.308845,0.095384,0.439754,0.316567,0.356741,0.226449,0.330581,0.376913,0.319304,0.186671,0.203109,0.202769,0.369945,0.367631,0.173830,0.257457,0.117334,0.282092,0.292623,0.120285,0.307623,0.045457,0.105195,0.422740,0.207438,0.366518,0.364861,0.441271,0.213469,0.326054,0.429597,0.113803,0.372907,0.434286,0.222173,0.429930,0.418252,0.298374,0.506057,0.054252,0.135821,0.354173,0.432534,0.178205,0.325849,0.407451,0.395624,-0.073320,0.182296,0.310699,0.034262,0.366661,0.472970,0.158407,0.228614,0.151053,0.346096,0.279077,0.083411,0.258162,0.202159,0.514687,0.077923,0.071977,0.064907,0.200814,0.220542,0.366697,0.148898,0.060431,0.173373,0.094892,0.232007,0.286278,#
21,0.242145,0.366375,0.098783,0.307233,0.339255,0.231250,0.144482,0.342293,0.374829,0.363382,0.086592,0.153176,0.245060,0.388656,0.072657,0.194766,0.394833,0.293176,0.304517,0.441514,0.347604,1.000000,0.300524,0.345284,0.122335,0.259361,0.287812,0.094649,0.213211,0.213753,0.110068,0.351968,0.330951,0.291310,0.326578,0.244323,0.409991,0.269265,0.417482,0.152631,0.452476,0.368574,0.286883,0.183338,0.323096,0.183412,0.225531,0.355649,0.421178,-0.064571,0.112285,0.420605,0.159511,0.092821,0.277550,0.208350,0.284468,0.226199,0.435712,0.044093,0.344111,0.164482,0.203503,0.142558,0.498056,0.406394,0.351860,0.299740,0.066479,0.110799,0.107553,0.239336,0.065163,0.267074,0.398662,0.260763,0.185242,0.170246,0.221532,0.374691,-0.038592,0.089668,0.280229,0.081878,0.461433,0.150743,0.171111,0.323463,0.283921,0.199172,0.124904,0.140986,0.366152,0.130111,0.344175,0.091351,0.219621,0.138555,0.165864,0.290914,0.118458,0.188921,0.425675,0.186406,-0.013258,0.415914,0.081523,0.050386,0.321428,0.360104,0.310598,0.294537,0.165105,0.350897,0.053042,0.208213,0.357957,0.213545,0.036494,0.189336,0.317864,0.314073,0.319207,0.203328,0.378921,0.196111,0.188061,0.280741,0.391749,0.339298,0.322050,0.239385,0.345428,0.216688,0.323448,0.264833,-0.007347,0.111159,0.246332,0.359771,0.125385,0.233856,0.320489,0.075318,0.228572,0.192167,0.151054,0.167023,-0.054543,0.345254,0.147465,0.424966,0.090162,0.279247,0.278639,0.305131,0.438316,-0.091741,0.219197,0.333358,0.401005,0.270134,0.278199,0.163588,0.306579,0.216277,0.203892,0.389042,0.219356,0.306722,0.321942,0.181903,0.056350,-0.003449,0.317594,0.265264,0.015579,0.392529,0.166165,0.094264,0.156666,0.319165,0.369765,0.184663,0.217032,0.389389,0.141516,0.047410,0.101750,0.368227,0.335790,0.299855,0.162157,0.167896,0.237079,0.082984,0.351929,0.247303,0.083737,0.316365,#
