0,1.000000,-0.047404,-0.121978,0.146437,0.097608,0.018208,0.023220,-0.007419,0.007732,-0.050231,0.173912,-0.000466,0.282109,-0.411838,0.297230,-0.032937,0.023751,0.041643,-0.120164,0.099034,-0.271131,0.033977,-0.032857,0.019238,0.028088,0.023885,0.234597,0.111663,-0.185614,0.029743,-0.043653,-0.137479,-0.138783,-0.212975,0.146162,0.064733,0.357499,-0.211927,-0.010223,0.074506,-0.132221,-0.079679,0.129376,0.044817,-0.017311,-0.036896,0.179083,-0.040357,-0.113105,-0.033431,0.203427,-0.137951,0.404047,0.028529,-0.165180,0.096898,0.020194,-0.025049,0.022519,-0.179669,0.187551,-0.202796,0.033629,0.156759,-0.008682,0.224571,-0.291858,0.337317,-0.137457,0.018279,-0.020501,0.139223,-0.021430,0.069539,0.108237,-0.054246,-0.089224,-0.194871,-0.136309,0.017973,0.287882,0.072505,-0.146748,-0.103906,-0.008782,0.301264,0.020430,-0.250110,-0.115679,-0.006721,-0.152094,-0.052175,0.155047,-0.010010,0.035000,0.166768,-0.248701,-0.052815,-0.040489,-0.191467,-0.147831,-0.009449,-0.370680,-0.129219,0.136349,-0.231848,-0.221767,0.075060,0.146272,0.138225,0.228903,-0.186056,0.025712,0.048550,-0.073527,0.090546,-0.222878,-0.058004,0.139585,0.103897,0.108405,0.319789,0.079753,-0.139409,-0.170862,0.055637,0.105604,-0.031179,-0.138040,0.016661,-0.217266,0.018935,-0.190872,0.031370,0.161852,-0.079525,0.152800,0.151173,-0.104731,-0.060106,-0.300239,0.198499,-0.027572,0.290267,0.179412,0.068436,-0.021309,-0.061204,0.085396,-0.138761,-0.070823,-0.124283,0.031717,-0.201052,0.019578,-0.212716,0.056661,-0.025757,0.244186,0.104505,-0.041355,0.307621,-0.162690,-0.012247,0.141299,0.120135,0.140723,-0.084905,0.189551,0.145614,-0.004309,-0.054937,0.260257,0.019615,0.212920,-0.121296,-0.130191,-0.132713,0.091195,0.180025,-0.109378,0.222656,-0.121472,0.186793,0.075579,0.092404,0.057996,0.117759,-0.002735,0.240840,-0.048560,-0.212629,-0.056094,0.045658,-0.061484,-0.154410,-0.172445,-0.141188,-0.036244,0.059515,#
1,-0.047404,1.000000,-0.158729,0.141009,-0.004961,0.156612,0.028891,-0.008222,-0.006302,-0.015310,0.044066,-0.066891,0.320959,0.313667,0.066527,-0.076572,0.148985,-0.252951,-0.018840,0.081403,0.155649,0.250615,0.408403,0.381439,-0.124936,0.304058,0.122430,-0.137169,-0.129899,0.010392,0.018886,-0.006565,0.187462,0.161837,0.089051,0.228396,0.059582,0.184168,0.025916,-0.038636,-0.045476,0.073451,-0.011763,0.015151,0.051363,0.137244,0.035529,0.081354,0.297225,0.169209,0.066898,0.296084,0.091369,0.060662,0.040728,0.254650,0.025644,-0.107616,0.220382,0.138663,-0.058454,0.275350,-0.250210,0.034664,-0.049889,-0.045917,0.186657,0.233401,0.206254,0.279892,0.165577,0.274991,0.365751,0.034734,0.051664,0.143145,0.229484,0.108119,-0.083763,-0.052855,0.227058,0.067844,0.172720,0.040810,0.104269,0.117242,-0.043914,-0.050265,0.168409,0.108639,0.203197,0.156716,0.119558,-0.044478,-0.154646,-0.051656,0.129092,0.004381,-0.101025,0.187504,-0.101105,0.301996,0.133436,0.307236,0.096152,-0.145303,-0.124215,0.296785,-0.084032,-0.063890,0.004290,0.162098,-0.027321,-0.035867,-0.052391,0.051641,0.449884,0.453006,0.089468,-0.103066,0.277980,0.206426,-0.007827,0.131726,0.015062,-0.033209,0.223931,0.054356,-0.004420,0.059211,-0.082957,-0.144692,-0.140475,0.191519,-0.052216,-0.180594,-0.103994,0.047999,0.259643,-0.042129,0.083397,-0.033052,-0.312409,-0.140454,-0.071890,0.138064,0.167157,0.043772,0.113996,0.035430,0.226899,0.034756,0.018383,0.035495,0.234002,0.057120,0.328180,0.057648,0.146693,0.046567,-0.066887,0.129071,0.053371,0.109862,0.153153,0.025194,-0.105471,0.394586,-0.044036,0.133890,0.167171,-0.020635,0.107284,0.129793,0.226615,0.093873,0.140694,0.016267,-0.025178,-0.378198,0.177836,-0.113362,0.033096,-0.157616,-0.236660,0.338772,-0.069258,-0.041784,0.051486,0.144794,0.105248,0.027665,0.062126,0.040039,0.293398,0.114552,0.153681,0.096195,0.096765,0.121955,#
2,-0.121978,-0.158729,1.000000,0.009785,-0.041194,0.229600,0.085819,0.288536,-0.063724,0.166169,0.030322,-0.162188,-0.156785,-0.084072,-0.013020,-0.094989,-0.099572,0.152910,-0.036435,0.085548,0.096478,0.096474,-0.213953,0.001241,0.004534,-0.158409,0.024112,0.053054,-0.197033,-0.021282,-0.065374,0.172319,0.341295,0.164238,0.110689,0.012732,0.170660,-0.136387,0.117543,0.170593,0.274825,0.243976,-0.238883,-0.019720,0.095636,0.395852,0.096149,-0.074303,-0.058616,0.298260,-0.040331,-0.197179,-0.141748,0.258540,0.129181,0.097872,0.139221,-0.051564,-0.049656,-0.039512,0.106277,0.006694,-0.015413,0.258438,-0.074882,-0.108439,0.395941,-0.196423,0.052840,0.146926,0.378446,-0.060133,-0.091526,0.156824,-0.164126,-0.059045,0.179739,0.148017,0.137061,0.272415,-0.157678,0.162151,0.037942,0.213439,-0.121267,0.228621,0.279048,0.312636,0.207556,0.067086,0.354928,-0.105996,0.073531,-0.210373,0.368045,-0.122231,-0.019361,0.050750,0.180521,-0.028270,0.009241,-0.320958,-0.170112,0.079697,0.119548,0.312932,-0.037213,-0.148586,0.191137,0.058575,0.083070,0.014232,0.226279,0.011905,0.162916,-0.236490,-0.073409,-0.069084,0.122190,-0.065905,0.168377,0.192648,0.032438,-0.030021,-0.056969,0.142296,0.178686,0.086732,0.138666,0.011375,0.054219,0.113359,-0.055085,0.341947,0.100200,-0.216439,-0.130606,-0.039196,-0.098243,0.148659,0.190074,-0.045265,0.157462,-0.036937,0.149652,0.213973,0.030322,-0.028895,0.196380,-0.165640,0.140706,-0.027600,-0.003177,-0.110113,-0.214161,0.257785,0.100104,-0.082678,-0.073012,-0.032526,0.015949,-0.065454,0.066336,0.026854,-0.193714,0.060186,0.027283,0.075305,-0.050669,-0.038796,0.110174,-0.017747,-0.008555,-0.150243,-0.081793,0.373936,0.237798,0.058394,0.178044,0.037265,-0.126601,0.142314,0.050292,0.300088,-0.071812,0.161975,0.051561,0.063514,0.134898,0.027257,-0.196500,0.068412,-0.012135,0.200188,0.120858,0.079687,0.225401,0.049052,-0.188856,0.050279,#
3,0.146437,0.141009,0.009785,1.000000,0.256398,0.057063,-0.111391,0.188265,-0.103022,0.018599,-0.154637,0.043156,0.127812,-0.088374,0.013580,-0.203532,-0.101154,-0.200895,-0.229184,-0.137729,0.181657,0.205267,0.107714,0.098821,-0.010150,0.203387,0.177391,0.208945,0.019929,-0.034533,-0.054926,-0.032244,0.063695,0.205807,0.085843,0.010565,-0.075957,-0.179051,0.009281,0.141987,0.096111,0.305533,-0.028870,-0.145033,0.273626,-0.065435,0.021169,0.291142,0.193566,0.044654,-0.011342,-0.021934,0.221415,0.111343,0.316399,-0.025775,-0.284638,0.014138,0.366198,0.038619,0.198784,0.061765,-0.109081,0.061133,0.050186,0.270793,-0.109471,-0.110122,-0.032671,0.151326,-0.126360,0.274252,0.387449,0.227073,0.117056,-0.060026,0.133888,-0.062395,0.056125,0.078657,0.024945,0.198946,-0.031957,0.006847,-0.060186,0.016603,-0.004135,0.066370,0.045952,0.065574,-0.079954,0.183312,0.095641,-0.010552,0.129675,0.155404,0.005278,-0.113831,-0.236930,0.067355,0.100711,-0.022700,-0.153547,0.142218,0.214429,0.032149,0.287938,0.454480,0.030106,0.008911,-0.203289,0.171717,0.148597,0.148591,0.011531,-0.009162,0.218357,0.132768,0.021109,-0.006168,-0.120500,0.253245,-0.203369,0.183394,0.023341,0.058859,0.137520,0.163579,-0.080126,0.157425,0.078424,0.088739,-0.048601,0.313936,0.183897,-0.144631,0.110544,0.056391,0.118301,0.089455,0.121189,0.002789,-0.198351,0.140562,-0.211986,0.197297,0.116244,-0.078552,0.082621,-0.145604,-0.092772,-0.025901,0.220430,-0.143516,0.026809,-0.033960,0.312635,0.227676,0.107388,0.276171,0.351611,0.229069,-0.089641,0.433097,0.087091,0.090966,0.054146,0.014520,0.060224,0.164534,0.376607,-0.048655,-0.056472,-0.035308,-0.112919,0.119326,-0.089540,-0.094018,0.063427,-0.216798,-0.017415,0.135559,0.080221,0.057147,0.010532,0.203377,-0.196820,-0.097771,0.224815,0.104976,0.068257,-0.061358,0.269345,-0.008617,0.167575,0.195006,0.233731,0.179422,-0.009039,0.117293,#
4,0.097608,-0.004961,-0.041194,0.256398,1.000000,0.070769,0.130675,-0.006497,0.029815,0.128255,0.017962,0.007266,0.136539,-0.390030,0.034711,0.047067,-0.204544,-0.153768,-0.257922,-0.072662,0.257411,0.321240,0.227592,0.072683,0.039394,-0.126656,-0.092201,-0.033160,0.352892,0.074045,0.042100,0.004590,-0.008862,0.043805,0.144114,0.220719,-0.222651,-0.114767,-0.008029,0.131158,-0.134685,0.003598,0.173487,0.286564,0.265387,-0.287844,0.251703,0.023358,-0.176559,-0.061478,0.191867,0.151205,-0.010550,-0.087401,0.093972,0.037158,-0.256213,0.030631,0.250462,-0.073412,0.202981,0.170461,0.133813,0.042262,0.030161,0.433932,0.021588,-0.196153,0.026226,0.228853,0.068661,-0.054204,0.048272,-0.134741,-0.052233,0.266781,0.086775,-0.015004,0.069016,0.113306,-0.096548,0.318114,-0.011162,-0.208228,0.155042,-0.097303,0.148159,0.082830,0.032983,0.108040,-0.028189,-0.059135,0.054398,0.042073,0.185193,0.224678,0.272160,0.001310,-0.067109,0.016259,-0.006269,0.228841,-0.124651,0.170777,-0.085099,-0.159328,0.193401,0.118602,0.036345,0.240006,0.075531,0.138955,0.202093,0.213117,-0.071922,0.087040,-0.181625,0.449041,-0.065847,0.159904,0.171205,0.025732,0.066926,0.166166,0.084786,0.026810,0.216816,-0.149334,0.125380,0.197842,0.238400,0.139134,-0.056953,0.099650,0.091088,-0.162711,-0.010069,0.145571,0.073499,0.108143,-0.110626,0.194480,-0.144971,0.142578,-0.127776,0.097944,0.003974,-0.055907,0.069791,0.136144,-0.083893,0.133027,-0.089033,-0.174007,0.085834,-0.005157,0.205608,0.428707,0.243147,0.148383,-0.139170,0.244681,-0.003185,0.222853,0.079767,-0.105266,0.234659,0.095552,-0.196094,0.132296,0.173090,-0.113863,0.130112,-0.234110,-0.063943,0.038477,0.090790,0.218391,0.022007,0.113375,0.234906,0.032226,0.012810,0.013944,0.271756,0.227824,-0.065425,0.082835,0.093558,0.035009,0.007954,0.069035,0.200622,-0.052633,0.075382,-0.226054,-0.108903,-0.107983,0.044557,0.166882,#
5,0.018208,0.156612,0.229600,0.057063,0.070769,1.000000,-0.123682,0.112801,-0.095297,-0.061732,-0.081719,-0.003916,0.169309,-0.026888,0.111683,-0.305635,0.036265,-0.112065,0.126371,0.435910,0.033750,-0.105619,-0.079120,0.148568,0.210810,0.113834,0.036324,-0.024260,-0.217842,0.360308,0.056773,0.217633,0.135695,0.355618,0.143666,0.227682,0.108703,-0.313969,0.150016,0.122640,-0.078707,0.228343,-0.062238,0.069789,0.135916,0.090166,0.086399,0.310129,-0.027774,0.167059,0.205618,-0.117697,0.072127,0.066568,0.207979,0.367528,0.016676,-0.027160,0.103430,0.043255,-0.073059,-0.158464,0.138571,0.161869,0.089979,-0.162802,0.026337,-0.021696,0.152846,0.300342,0.221811,0.092364,0.252039,0.077722,0.140939,-0.060636,-0.111988,0.421595,0.116137,0.082395,0.033216,0.305672,0.131812,-0.041651,-0.036836,0.028732,-0.007387,0.042714,0.233666,0.190089,0.127203,-0.206191,0.058086,0.078706,0.092262,-0.366045,0.220907,0.175265,0.108425,-0.338706,0.092867,0.067817,0.112025,0.173141,0.020020,0.135883,0.241272,0.125294,-0.031738,0.024319,0.050253,0.113520,0.049471,-0.020112,-0.161606,-0.036845,0.194005,0.357562,0.150400,-0.122856,0.167163,0.171090,-0.013501,0.205551,0.160570,-0.012465,0.376099,-0.114565,0.182305,-0.115760,-0.112825,0.201025,0.075787,0.294871,0.197728,-0.173213,-0.383837,0.283880,-0.067796,-0.116389,-0.042364,-0.067963,0.058314,-0.006066,0.155915,-0.061124,-0.021957,0.004793,0.127437,0.052777,0.254213,-0.008862,0.244637,0.018294,0.251910,-0.035495,0.327457,0.054635,-0.059054,0.057889,0.110222,0.203767,-0.078303,0.075261,0.291511,-0.140110,-0.158128,0.167600,-0.014598,0.017780,0.186941,-0.053847,0.108735,-0.131916,-0.128034,0.184392,0.319701,0.272625,0.081298,0.119527,-0.054030,-0.008627,-0.139473,0.065089,-0.057916,0.237500,-0.098024,0.020148,0.332009,0.194056,0.030918,0.212375,0.024107,0.341387,0.299676,0.255286,-0.031123,0.234730,-0.054391,0.116259,#
6,0.023220,0.028891,0.085819,-0.111391,0.130675,-0.123682,1.000000,-0.209916,0.008778,0.125590,0.053437,0.162661,-0.109925,-0.172993,-0.225501,0.351877,0.002940,0.142146,0.090585,0.081181,-0.092592,0.138744,-0.032413,-0.098820,0.047261,-0.049242,-0.133556,0.017718,-0.005594,-0.157664,0.021619,0.331023,0.033719,0.066383,-0.063577,0.075275,0.038100,0.232643,-0.031285,-0.002896,0.039036,-0.070827,0.364784,0.079615,-0.142231,0.027785,-0.118579,0.041134,-0.053365,-0.098733,-0.160771,0.013319,0.100647,0.011319,-0.200083,-0.055619,-0.085198,0.019147,0.048523,-0.049358,0.125880,0.229709,-0.178760,0.068512,0.110487,0.210216,0.241290,0.078554,0.005882,0.157556,0.251418,0.216513,-0.180554,-0.135830,-0.056472,0.321244,0.402939,0.012476,0.343343,0.105571,-0.226801,0.035548,-0.106739,0.179344,0.241338,0.013111,0.196365,0.079384,-0.178642,-0.175170,-0.258228,0.125453,-0.055708,-0.105302,0.115609,0.101478,0.126776,0.165268,-0.014510,0.109001,-0.057871,0.146579,0.018160,-0.033477,0.064631,0.022605,-0.154434,-0.015218,0.019493,-0.142608,0.078743,-0.147316,-0.059023,0.336126,0.126071,0.030046,-0.179056,0.255280,-0.042121,0.346853,0.086836,-0.157997,-0.247943,-0.167946,0.065743,-0.093395,0.005719,0.010628,0.188945,0.190503,0.071263,-0.061799,0.115797,0.033404,0.033970,-0.172682,0.037273,-0.127968,0.054305,0.263382,0.076953,-0.038503,-0.304395,-0.034731,0.148380,0.060151,-0.095147,0.187731,-0.059499,-0.062103,0.037256,0.067661,-0.042137,0.120109,-0.014779,-0.041018,-0.142294,-0.247355,0.102070,0.124874,-0.130114,0.114609,-0.125233,0.008707,-0.149520,0.159088,0.103826,0.131258,0.048426,-0.019158,-0.055232,0.286173,-0.156824,-0.045648,0.105470,0.021869,0.170983,0.301721,-0.139019,0.006678,0.182608,0.140897,0.051916,0.199370,-0.030772,-0.075629,0.133763,-0.040553,0.006670,0.038015,-0.198377,0.155502,0.011280,-0.075859,-0.010358,-0.018032,0.055674,-0.141565,0.035163,0.036018,#
7,-0.007419,-0.008222,0.288536,0.188265,-0.006497,0.112801,-0.209916,1.000000,-0.214049,-0.192350,-0.143494,-0.064963,0.120152,-0.009091,0.211801,-0.049242,0.103918,0.174048,0.118370,0.101335,0.054114,0.068504,-0.020424,-0.006329,0.112311,-0.079287,-0.065955,-0.115615,-0.080876,0.125166,0.035553,0.036480,0.028419,0.007196,0.206413,-0.007035,-0.136412,0.138571,0.266829,-0.130256,0.078317,0.265473,-0.190180,0.029176,0.158761,0.350879,0.108905,0.129988,0.221982,-0.044072,-0.052700,-0.043359,-0.032356,-0.091720,0.203314,0.069571,0.105898,-0.174526,0.281730,0.310084,-0.016412,0.097445,0.144073,-0.025475,-0.000070,-0.008325,0.076871,-0.271573,-0.159063,0.020423,0.037445,-0.093460,0.130315,0.175707,0.016642,0.080235,-0.008472,0.067225,-0.162707,-0.057020,0.295613,-0.101306,0.189689,0.185520,-0.053873,0.244265,0.034566,0.057223,0.109768,0.177838,0.022290,-0.039291,0.303306,-0.008686,0.339591,0.246737,-0.036277,0.264870,0.252085,0.145870,0.101603,-0.014440,-0.325877,-0.097881,0.233054,-0.081938,0.116444,0.107998,0.211567,-0.176376,0.101895,0.150058,0.359345,0.013350,0.341390,-0.103942,0.022631,0.072331,0.254769,0.171723,0.248299,0.132716,0.078381,-0.006921,-0.020600,0.117348,0.111048,0.199989,0.063698,0.113560,-0.019870,0.084188,0.060039,0.073903,-0.039121,-0.000163,-0.035760,0.285168,-0.064396,0.058409,-0.031598,-0.000376,0.262537,0.176739,0.148313,0.178750,0.111883,-0.087191,-0.129362,-0.195632,0.057707,0.247451,-0.112791,-0.326600,-0.041503,0.130178,0.134927,0.165132,-0.171851,-0.040069,0.008366,-0.033580,0.294970,0.180243,0.098740,0.110858,-0.056534,-0.121628,-0.274023,0.097628,0.112286,-0.130251,0.121927,0.023779,0.034060,0.235754,0.207359,-0.305044,0.048312,-0.095767,-0.052016,0.008586,-0.029766,0.220411,0.091744,-0.046944,0.238192,0.048353,0.271680,0.127589,-0.168793,0.025000,0.081577,0.177945,0.155923,0.014328,0.273476,0.259479,-0.068707,0.121555,#
8,0.007732,-0.006302,-0.063724,-0.103022,0.029815,-0.095297,0.008778,-0.214049,1.000000,0.065403,0.118851,0.223684,-0.065496,0.234629,0.237373,0.066386,-0.049501,-0.062668,-0.364697,-0.033256,0.084774,-0.035303,-0.123272,0.167617,0.183333,-0.011967,0.094612,-0.373343,0.171523,-0.206009,0.222854,0.069852,-0.048108,-0.121448,0.051043,0.354529,0.148701,-0.093120,-0.237805,-0.056010,-0.030991,-0.152563,0.294977,0.158597,0.005980,-0.081447,-0.036697,-0.201176,-0.067258,-0.171761,0.153224,0.052579,0.214989,-0.136720,-0.116876,0.073564,-0.063798,0.129586,-0.166065,-0.162562,0.055982,-0.069705,0.263315,0.217912,0.199958,0.159442,-0.003382,0.188165,0.404023,0.024296,0.173730,0.102068,0.008740,-0.002741,0.119473,-0.011317,0.145236,0.188227,0.271618,0.072414,-0.092479,0.137940,-0.116415,-0.117772,0.121329,0.010289,0.082676,0.037761,-0.174412,-0.077786,-0.024199,-0.053692,-0.132015,-0.128881,-0.271257,-0.026849,0.217324,0.319270,0.135690,0.295412,-0.011379,-0.220800,0.271862,0.324464,-0.194321,0.134116,0.085118,-0.154251,-0.045424,0.142928,-0.162926,0.099762,-0.066324,0.130810,-0.178173,0.044992,0.264474,0.037196,-0.138344,0.218933,-0.043388,-0.036812,0.050636,0.214112,0.190609,0.333891,-0.048355,-0.000619,0.187618,0.261404,-0.041281,0.103087,0.147345,-0.136131,-0.147311,0.168771,0.080553,0.007571,0.222155,0.206319,-0.161128,-0.029149,0.050322,-0.384265,-0.016849,0.093440,0.048172,0.277528,0.026970,0.002176,0.077169,0.319332,-0.335134,0.224942,0.272673,-0.334762,0.050829,0.255114,0.297337,-0.147978,0.138319,-0.227969,-0.200853,-0.198659,-0.163830,0.093320,0.213845,0.208608,0.261582,-0.246623,-0.050455,0.240812,-0.192866,0.008009,0.205993,0.151575,0.270424,0.013743,0.070898,0.066128,0.164864,-0.158363,0.158444,-0.086640,0.173316,-0.059884,0.228522,0.073937,-0.036396,-0.027125,0.201431,-0.011715,0.199580,0.147651,-0.000293,-0.196059,-0.299352,-0.011463,-0.112879,0.094900,#
9,-0.050231,-0.015310,0.166169,0.018599,0.128255,-0.061732,0.125590,-0.192350,0.065403,1.000000,0.073235,-0.183535,-0.058860,-0.063989,0.009311,0.005540,-0.025992,-0.052148,-0.131790,-0.126892,0.082920,-0.010855,-0.162651,0.097790,-0.023316,-0.299304,-0.008881,0.119871,0.010418,-0.369840,-0.137934,0.419817,-0.026732,0.003235,-0.274949,-0.008604,-0.059033,-0.176118,-0.063426,0.043147,-0.051048,-0.073839,-0.016168,0.000731,0.090604,-0.123882,0.081407,-0.217712,0.017190,0.161735,0.134609,-0.029374,-0.088777,-0.099991,-0.234058,0.070518,0.037200,0.072120,-0.259241,0.090904,0.235681,0.127408,-0.000652,-0.152224,-0.212930,0.035046,0.035721,-0.014347,0.151828,0.233824,0.144522,0.176690,0.050157,-0.078564,-0.258846,-0.008988,0.168764,-0.090683,-0.000457,0.184300,0.116403,0.091248,-0.081645,-0.096420,0.003284,-0.023293,0.221703,0.270758,0.049151,0.126555,0.099501,0.023305,0.107453,-0.195617,0.071598,-0.172714,0.009494,-0.186717,0.046625,0.208586,-0.099086,0.177647,0.132031,-0.016423,-0.056355,0.196765,-0.147880,0.015689,0.217447,-0.061613,-0.184463,0.194350,0.075349,0.179757,-0.016364,0.014518,0.041029,0.142257,0.026512,-0.040093,-0.213159,0.095412,-0.151260,0.102854,0.201040,-0.060223,-0.103396,0.061409,0.010103,0.111723,-0.041532,0.084046,-0.151867,0.186701,0.088549,-0.182247,0.040448,0.041781,-0.046867,-0.025554,0.309619,0.336627,0.069738,0.200106,0.049320,0.113369,-0.045654,0.288086,0.108961,0.076121,-0.166645,-0.067671,0.122111,-0.177869,-0.099418,0.024765,0.021603,0.093897,0.156267,0.074609,-0.094492,-0.007353,0.144548,0.033241,-0.218586,0.004883,0.011534,0.218456,0.086478,0.001168,-0.142853,-0.047104,-0.293291,-0.233416,0.030818,-0.090113,0.317794,0.191442,-0.109921,-0.040261,-0.073603,0.049907,-0.015795,-0.108114,0.044543,0.032231,0.040040,0.001022,0.086568,0.067844,-0.213363,-0.182451,0.019549,-0.034416,-0.214387,0.027531,0.006293,-0.076046,-0.356473,-0.042753,#
10,0.173912,0.044066,0.030322,-0.154637,0.017962,-0.081719,0.053437,-0.143494,0.118851,0.073235,1.000000,0.250643,0.100278,-0.104967,-0.017744,0.060843,0.114817,-0.083917,0.042901,0.015456,0.035409,-0.013470,-0.210623,0.197850,0.035673,-0.011255,-0.106411,0.002392,-0.090865,-0.142738,0.040677,-0.085111,-0.167155,-0.017356,0.072564,-0.148512,0.163557,0.162279,-0.201314,-0.366641,0.181247,-0.247624,-0.079122,-0.072194,0.023537,-0.008228,0.289785,0.039038,-0.060348,0.090468,-0.173934,0.118885,0.152972,0.097297,-0.054700,0.344484,-0.043402,0.167875,-0.193550,-0.019631,-0.026492,0.261643,0.079291,0.303222,-0.100525,0.027748,0.124099,0.076789,0.113020,-0.011672,0.279674,0.234697,-0.150201,-0.070284,-0.192235,0.030507,-0.299479,-0.257817,0.169822,-0.183175,-0.028840,-0.121806,-0.018194,-0.094683,-0.055081,0.133174,0.125427,0.063488,-0.162659,0.110153,-0.031812,0.065596,0.081481,-0.231072,-0.163153,0.067405,0.112779,0.114487,0.081666,0.030309,-0.163147,-0.103392,-0.046700,0.085874,-0.439522,0.009164,0.031899,-0.035445,-0.035291,-0.091772,0.035749,0.009577,0.052435,0.005567,0.045615,-0.027693,-0.160150,0.072620,-0.029211,-0.021038,-0.095188,0.065638,0.105320,-0.037687,-0.103431,0.147975,0.163349,0.041013,-0.057075,-0.052649,-0.035723,0.185862,-0.073421,-0.030896,0.052461,0.136682,-0.064616,0.050209,0.122831,-0.032020,-0.103712,0.034686,0.081016,0.091635,0.030456,0.215411,0.052986,0.014665,0.011567,0.171831,-0.002550,-0.120860,-0.153149,0.122274,-0.003509,-0.008980,0.100213,-0.065938,0.218077,-0.147108,0.012432,0.025746,-0.124791,-0.060388,-0.155447,0.251942,0.104613,0.199429,0.045671,0.017164,-0.171176,0.204084,-0.067210,0.025084,0.178059,0.077331,0.105196,0.009942,-0.078419,0.151072,-0.075242,-0.237265,-0.094274,-0.041418,-0.196886,0.011579,0.308504,0.172346,-0.021911,0.012824,-0.176704,-0.089969,-0.009755,0.147347,0.041606,-0.214251,-0.183601,-0.153420,-0.010757,0.121569,#
11,-0.000466,-0.066891,-0.162188,0.043156,0.007266,-0.003916,0.162661,-0.064963,0.223684,-0.183535,0.250643,1.000000,0.009628,0.031952,0.064793,0.102590,0.030567,0.155783,0.198573,0.036172,0.018810,-0.089411,0.068527,-0.042497,0.246737,0.167614,-0.173146,0.065732,0.105741,-0.046124,0.328272,0.242072,0.144820,0.017130,-0.150755,-0.118513,0.072930,0.185277,-0.278289,0.014007,0.124413,-0.150987,0.229348,-0.154854,0.080201,-0.153607,-0.034253,0.246331,-0.008504,-0.139271,-0.293191,0.011074,0.372425,-0.058407,0.088442,0.027053,-0.191387,0.313853,0.127678,0.289005,-0.018377,0.002592,0.258201,0.159035,0.169909,-0.095765,-0.053326,0.056911,0.175355,-0.083842,-0.086479,0.015413,-0.198029,0.110734,0.308752,0.098086,-0.146872,0.164600,0.269372,-0.173966,-0.200999,0.028412,0.033451,-0.180604,0.097919,-0.137388,-0.058189,0.070884,-0.002720,-0.097854,-0.241270,-0.051539,0.024461,-0.023241,-0.189503,0.198409,0.026186,0.262006,-0.212560,0.090912,-0.071142,-0.074522,-0.072205,0.208922,-0.218510,0.100318,0.124383,0.033478,0.121772,-0.145311,-0.006505,0.150478,0.087256,0.017571,0.127432,-0.100583,0.005060,0.132312,-0.143712,0.410287,-0.029949,-0.074568,-0.047856,0.204146,0.015232,-0.009832,0.037938,0.182766,0.094399,0.201583,0.074872,0.158407,0.237937,0.001916,-0.017619,0.261476,0.073796,0.257256,0.036465,0.495016,-0.210034,-0.145608,0.189889,0.038742,-0.034230,0.132021,0.234933,0.015813,-0.093005,-0.168114,-0.044041,0.103730,-0.044807,0.357674,0.192056,-0.064059,-0.025346,0.051291,0.035235,0.024833,0.197136,0.063796,-0.179985,0.058519,-0.118963,0.147883,0.210392,-0.029794,0.124288,-0.016327,0.276182,0.301859,0.017960,0.284905,-0.017796,0.158887,0.182378,-0.057696,-0.040723,0.044388,0.036710,-0.275722,0.071261,0.163150,0.091539,-0.022148,0.284187,0.180925,-0.080639,-0.168796,0.253593,0.169538,0.143841,0.070457,0.129631,0.019920,-0.146439,0.103959,0.110215,0.083314,#
12,0.282109,0.320959,-0.156785,0.127812,0.136539,0.169309,-0.109925,0.120152,-0.065496,-0.058860,0.100278,0.009628,1.000000,-0.094963,0.167982,-0.083539,0.049087,-0.169862,0.086862,-0.098894,0.164752,0.038999,0.109407,0.145641,0.116747,0.157181,-0.056445,-0.141858,-0.050367,0.092666,0.157207,-0.126375,0.020835,0.048360,0.296425,0.043558,-0.006241,-0.075327,0.029199,0.045262,-0.158825,-0.235000,-0.038496,0.038038,0.117433,-0.054936,0.286156,0.250544,0.287302,0.240339,0.039372,-0.050773,0.031768,-0.078078,-0.044486,0.203082,0.072888,-0.127796,0.293482,-0.112061,-0.103148,-0.214807,0.068297,-0.124852,-0.050786,-0.057980,-0.163970,0.222629,0.200155,0.084011,-0.087395,0.182987,0.213351,-0.035861,0.059341,0.274814,0.038384,-0.002067,-0.043503,-0.070690,0.163866,0.117835,0.174859,-0.263340,-0.003783,0.110615,0.097959,0.093524,-0.043035,0.180417,0.139638,-0.103284,0.136437,0.163804,-0.102338,-0.054200,-0.108616,-0.091248,-0.361769,-0.218033,-0.032155,0.074231,-0.043903,-0.058898,0.040035,-0.019700,0.065804,0.252946,0.170808,-0.006170,0.032902,0.047242,0.256689,0.034399,-0.000757,-0.063104,-0.116149,0.084647,-0.021049,-0.115925,0.162418,0.321899,-0.097600,0.049816,0.052176,0.352836,0.065776,-0.069289,-0.216656,0.106178,-0.355033,-0.109786,-0.041440,-0.064207,-0.158275,-0.138265,-0.224617,0.176246,0.067823,-0.154803,-0.155889,-0.064479,-0.001477,0.081485,-0.183208,0.267466,0.201725,0.042373,-0.091082,-0.058785,0.181136,-0.160978,0.157809,-0.227069,0.298170,-0.100890,0.092544,0.161657,0.214787,-0.270595,-0.017124,0.197769,-0.033115,-0.063983,0.111727,0.178076,-0.042834,0.097370,0.237600,0.023384,0.254397,-0.229884,0.023832,0.104101,0.082638,0.107867,0.090377,-0.038572,-0.487827,-0.060892,-0.045867,0.173204,-0.078492,0.018157,-0.075739,0.090284,0.246646,0.044033,0.211590,0.053211,-0.017580,-0.073980,-0.164575,-0.034827,0.002570,-0.051588,-0.072404,0.128104,-0.037487,0.116246,#
13,-0.411838,0.313667,-0.084072,-0.088374,-0.390030,-0.026888,-0.172993,-0.009091,0.234629,-0.063989,-0.104967,0.031952,-0.094963,1.000000,-0.125723,0.014410,-0.008164,0.036502,0.128132,-0.123075,0.192806,0.033517,0.250073,0.033886,0.039690,0.433577,-0.089304,-0.127273,0.089387,-0.012084,-0.015165,0.083084,0.053686,0.199693,-0.158164,0.119678,0.014991,0.236977,-0.313014,-0.063376,0.014771,0.023886,0.116813,-0.182810,0.016839,0.112636,-0.303754,0.226770,0.212083,0.077911,-0.126128,0.061988,0.094524,-0.013804,0.214707,0.069920,0.039825,0.115378,-0.185674,0.131237,-0.023644,0.001367,-0.067612,-0.071916,0.164808,-0.225449,0.125472,0.174482,0.178610,0.186385,-0.072923,0.005001,0.306860,0.023271,0.080370,-0.071557,0.143690,-0.012426,0.071832,-0.068003,-0.078954,0.023577,0.217160,0.080922,-0.121570,0.175025,-0.203062,0.116563,0.241418,-0.147169,0.099115,0.036382,0.094912,0.042444,-0.149930,-0.083301,0.210242,0.092555,0.073827,0.163345,-0.005847,0.046244,0.175422,0.068444,0.017751,0.112233,0.026619,0.195674,-0.288262,0.018727,-0.078095,0.000906,-0.212777,-0.047520,0.058497,-0.212849,0.160987,-0.017255,0.100891,-0.083636,0.092788,-0.066033,0.024396,-0.025990,0.001389,-0.092702,-0.138558,0.065229,0.044126,-0.003594,-0.014474,-0.194942,0.123122,0.024121,-0.130117,0.085650,-0.135306,0.055513,0.178647,0.202861,0.297445,-0.209851,0.007729,-0.398193,-0.086822,0.013503,0.026370,0.279747,-0.100717,-0.116112,0.135457,0.114169,-0.168369,0.304708,0.033501,-0.034635,-0.008652,-0.196780,0.007857,0.076369,0.288562,-0.164301,0.121644,-0.108229,-0.116934,-0.025543,0.016476,0.131848,0.009270,-0.177255,0.099507,0.117018,-0.128650,0.390053,-0.012299,0.190976,0.058944,-0.071640,-0.076191,-0.025634,0.035843,-0.159027,0.103942,-0.200354,-0.193707,0.007661,-0.039241,-0.277332,-0.047736,0.132002,0.352193,0.146388,0.104726,0.038075,0.008928,0.250506,-0.074121,0.288573,0.071623,0.115273,#
14,0.297230,0.066527,-0.013020,0.013580,0.034711,0.111683,-0.225501,0.211801,0.237373,0.009311,-0.017744,0.064793,0.167982,-0.125723,1.000000,-0.125428,0.132384,0.062652,-0.007601,-0.009661,0.010005,-0.050253,0.104946,0.224214,-0.051240,0.003063,0.193487,-0.116457,0.093973,0.063115,0.353542,-0.057655,0.052161,-0.209595,0.228772,0.200710,-0.025210,0.006560,0.174278,0.149603,0.093187,0.031380,-0.031876,0.019955,0.111153,0.076381,0.056491,-0.041585,0.201515,0.022799,-0.001080,0.249794,0.123356,-0.070667,0.007661,0.198888,-0.093373,-0.302629,0.086127,0.020141,0.036924,-0.094924,0.254129,0.287191,-0.051933,0.100123,-0.287334,-0.051357,0.153313,0.048240,0.289069,0.066853,0.209408,0.235901,0.131756,0.037945,-0.003905,-0.033495,-0.115336,0.059883,0.086809,0.010326,0.130150,-0.208313,0.138646,0.063553,-0.128812,-0.166178,0.058299,0.159956,0.119058,-0.204774,0.195501,0.326330,-0.089476,0.063321,-0.289797,-0.076956,-0.008399,0.101159,-0.193772,-0.065233,0.001231,-0.010858,0.057539,0.039136,-0.027393,-0.109690,0.238962,0.219823,0.033592,0.168533,0.357585,0.034583,-0.172695,0.117706,0.103071,0.077918,0.102596,0.282475,0.010658,0.025522,0.108255,0.140533,0.075573,-0.052270,0.067249,0.076834,-0.192250,0.154300,-0.296814,0.160268,-0.107640,0.086315,0.067221,-0.015451,0.161760,0.188453,0.157077,-0.024669,-0.327509,0.171754,0.144330,0.029878,0.058945,-0.011098,0.137337,-0.067046,-0.100072,-0.053008,0.216727,0.134211,0.169371,0.043391,-0.051104,0.021595,0.148473,0.150150,-0.097269,-0.077283,-0.026118,-0.174360,0.191369,-0.171503,0.387139,0.043688,0.037507,0.107330,0.012544,-0.021583,0.074023,-0.257279,0.172013,-0.073356,0.159531,-0.013316,-0.031538,-0.184333,0.094191,0.106710,0.101738,-0.072380,-0.144655,0.002199,0.037948,0.158197,0.204032,0.217748,0.076650,0.030059,0.193822,0.109200,0.212348,0.124751,-0.006139,-0.178194,-0.126738,0.173463,-0.177965,0.004993,#
15,-0.032937,-0.076572,-0.094989,-0.203532,0.047067,-0.305635,0.351877,-0.049242,0.066386,0.005540,0.060843,0.102590,-0.083539,0.014410,-0.125428,1.000000,-0.090785,0.200987,0.080667,-0.093976,-0.103901,0.094996,0.047846,0.149105,-0.009972,-0.054114,-0.264173,-0.078535,0.120552,-0.253491,0.098805,0.224040,-0.095955,0.146777,-0.081220,-0.139658,0.017126,0.389806,-0.164259,-0.206118,-0.049017,-0.016917,0.155316,0.104536,-0.114999,0.021701,-0.043587,-0.207316,-0.121098,-0.017205,-0.054504,0.103917,0.065812,0.085674,-0.018243,-0.030126,0.140268,-0.028361,0.025837,0.215331,0.274563,0.210730,0.090647,-0.107440,0.160693,-0.076518,0.172404,0.135790,-0.112298,0.057365,-0.023575,-0.094787,-0.123188,0.065532,0.011343,0.288307,-0.002724,-0.142519,0.176958,-0.027079,-0.280409,0.025544,0.002868,0.202523,0.066431,-0.136111,-0.222264,0.011736,-0.054966,-0.208900,-0.050768,0.221678,0.122426,-0.022299,-0.185282,0.216951,0.094863,0.165090,0.155553,0.296472,-0.118550,0.061780,-0.018523,0.010818,-0.102766,-0.022061,-0.163212,-0.086657,-0.097501,-0.038972,0.055040,-0.135342,0.173052,0.066171,0.339973,-0.002745,-0.295431,0.005642,-0.112956,0.472856,0.002264,0.107103,-0.000013,0.037698,-0.108636,-0.043145,-0.138594,-0.000163,-0.039358,0.328676,0.160278,-0.095558,-0.099399,-0.242702,-0.017931,0.290648,0.229175,-0.121781,-0.151835,0.185033,-0.081620,-0.118193,-0.023223,0.018996,0.028867,-0.086141,-0.123199,-0.004221,0.065470,-0.124666,0.095705,0.275260,-0.037166,0.115415,-0.071473,0.071364,-0.104645,-0.212707,0.066009,0.150642,-0.005638,0.009349,0.043149,0.102907,-0.113149,-0.030049,0.080558,-0.098567,0.048232,0.159000,-0.284944,0.126682,-0.298345,0.109156,0.094239,0.060338,0.028337,0.003572,0.013323,0.086001,0.073601,0.019955,-0.024049,-0.065429,0.293453,-0.011051,0.020745,-0.134043,-0.202662,-0.111212,-0.086198,0.158479,-0.073140,-0.137033,-0.158109,0.073968,-0.103395,-0.144027,0.202113,-0.101498,#
16,0.023751,0.148985,-0.099572,-0.101154,-0.204544,0.036265,0.002940,0.103918,-0.049501,-0.025992,0.114817,0.030567,0.049087,-0.008164,0.132384,-0.090785,1.000000,0.152386,0.188340,0.304579,0.140176,-0.399356,0.008355,0.071909,0.249432,0.134096,0.058509,0.217776,-0.410799,0.044156,0.101132,-0.036161,-0.125905,-0.156881,0.068447,0.026812,0.135014,0.316780,0.030788,0.053193,0.095238,0.011283,0.021802,-0.076547,0.112511,-0.010764,0.054292,-0.095817,0.144410,0.081505,-0.106784,0.137663,0.083650,-0.013283,-0.157807,0.159849,-0.004374,-0.066552,0.046817,0.034862,0.100863,0.289209,-0.057923,-0.018736,-0.095320,0.036272,0.206320,0.011604,0.002771,0.095821,0.190090,0.017315,0.203205,0.043878,-0.054292,0.065567,-0.060637,-0.026778,-0.110746,0.127497,0.183742,0.037685,0.201205,-0.027734,-0.026911,0.050348,0.139812,-0.315012,-0.219015,0.089707,-0.164903,0.141927,0.061416,-0.241467,-0.097599,0.058472,-0.165816,0.268205,0.094450,0.165791,0.142576,0.193532,0.054640,0.077807,0.028340,0.038482,-0.158882,-0.019857,0.147846,-0.014553,-0.042690,0.032595,0.194942,-0.086313,0.127321,0.013523,0.359285,0.201584,0.135660,-0.082845,-0.081666,-0.225411,0.203002,-0.020491,0.148180,-0.050999,-0.274789,0.051803,0.179026,-0.082971,0.108182,-0.003830,-0.139332,0.077146,-0.096142,0.028866,0.173162,0.066279,-0.152054,-0.262150,-0.002799,-0.086315,0.045777,-0.021521,-0.085097,-0.047831,0.202956,0.064962,0.124666,-0.075797,0.000217,0.004043,-0.062665,-0.049231,0.061011,-0.053338,0.229046,-0.093731,0.108247,0.039770,0.217799,-0.076287,0.175751,-0.139020,0.175596,0.123497,-0.076668,0.267191,0.088092,0.057033,-0.152560,0.215506,0.036545,0.199365,0.076594,0.069166,0.072121,0.379817,0.074046,0.088972,0.152081,-0.130618,-0.191505,0.254791,-0.323394,-0.130246,-0.004882,-0.008525,0.137149,0.062525,-0.073271,0.103786,-0.096914,0.101393,0.197899,0.007875,0.123006,0.085932,-0.078041,-0.079141,#
17,0.041643,-0.252951,0.152910,-0.200895,-0.153768,-0.112065,0.142146,0.174048,-0.062668,-0.052148,-0.083917,0.155783,-0.169862,0.036502,0.062652,0.200987,0.152386,1.000000,0.191390,0.193844,-0.118043,0.008391,0.064452,-0.353416,0.001190,0.186233,-0.176546,0.043710,0.052929,-0.149067,-0.043653,0.250566,-0.048789,-0.047341,-0.166138,-0.236698,-0.123891,0.169989,0.093729,0.076667,0.059049,0.022395,-0.002529,0.034480,0.018233,0.169753,-0.033916,-0.003507,0.128888,0.153301,-0.108957,-0.221431,-0.060924,0.092717,0.049063,-0.021543,0.114044,-0.176807,-0.088839,0.148230,0.027478,-0.061275,0.365105,-0.041186,-0.095148,-0.204263,0.262519,0.068058,-0.033226,-0.139324,0.118384,-0.189017,-0.278849,0.181433,0.261293,-0.110198,-0.175717,-0.127453,0.124371,-0.091910,-0.040383,-0.031382,-0.078943,0.088735,0.004961,-0.013770,0.056860,-0.033454,-0.095218,-0.353523,-0.151021,-0.096953,0.151576,0.127269,0.155361,0.030444,-0.150468,0.044896,0.177995,0.154662,-0.120208,-0.110479,-0.103530,-0.181755,-0.012865,0.248646,-0.267894,-0.225246,-0.016831,-0.003000,0.142165,-0.216683,0.249324,0.040712,0.247396,-0.159999,-0.249214,-0.036597,0.146521,0.296656,-0.138288,0.100866,0.040621,-0.322304,-0.074496,-0.124331,-0.110401,0.188460,0.035048,0.078236,0.068024,0.017894,0.119344,-0.030320,0.038909,0.155091,0.278525,0.030117,-0.194741,0.192517,-0.085363,0.001465,0.208107,-0.006269,0.134446,-0.041071,-0.222312,-0.183677,-0.014421,-0.137617,0.075057,0.013405,-0.084692,0.097920,-0.164922,-0.011620,0.093289,-0.150273,-0.150163,0.040889,0.005663,-0.041036,0.311215,-0.067127,-0.100720,-0.238311,-0.161648,-0.185666,0.014910,-0.080400,-0.215480,-0.046616,0.071927,0.003858,0.205895,-0.016136,0.277366,-0.060374,0.096053,0.226070,-0.068081,0.122416,-0.058003,0.371752,0.053385,-0.177572,-0.013390,0.062899,-0.065567,-0.037905,0.173223,0.107948,-0.174230,-0.019122,-0.088932,0.118647,-0.124872,-0.168800,-0.090890,-0.313373,#
18,-0.120164,-0.018840,-0.036435,-0.229184,-0.257922,0.126371,0.090585,0.118370,-0.364697,-0.131790,0.042901,0.198573,0.086862,0.128132,-0.007601,0.080667,0.188340,0.191390,1.000000,0.050411,-0.137306,0.100414,-0.072647,-0.165867,-0.038404,0.145762,-0.203990,-0.022700,-0.045870,0.018606,-0.111921,0.116997,-0.003766,0.132258,-0.044004,-0.141578,-0.148237,0.360189,-0.088715,0.132803,0.000012,0.024839,0.125742,-0.162707,-0.166111,-0.046657,0.063072,0.443840,0.102231,0.028048,-0.363032,0.088209,0.030612,-0.203629,0.009501,-0.019318,0.078749,-0.113584,0.044865,0.268722,-0.071277,0.162362,-0.012378,-0.174670,0.230380,-0.356065,0.101943,-0.261957,-0.313139,-0.052255,-0.223915,-0.181023,0.021671,0.012386,0.109896,0.024534,-0.124402,0.083138,-0.160416,-0.138689,-0.070864,-0.050802,0.253209,0.057617,0.043355,0.187171,-0.245015,0.241352,-0.102590,-0.132779,0.055192,-0.112230,0.061090,0.130409,0.108222,0.038213,0.076114,0.013530,-0.123998,-0.041575,0.091793,0.062823,-0.080386,-0.177908,-0.025028,0.279025,-0.094051,0.168610,-0.067218,-0.054177,0.084230,-0.102494,-0.070078,-0.153726,0.150131,-0.124711,-0.188184,0.010425,0.239021,0.063719,0.122442,-0.161340,-0.098436,-0.080050,0.234139,-0.204561,0.047660,-0.010190,0.044039,-0.172404,0.038272,0.028193,-0.113410,-0.123934,0.103243,0.168541,-0.093542,0.067505,-0.132645,-0.002060,-0.148567,-0.152722,0.004880,0.093597,0.077926,-0.003681,-0.004744,-0.006894,-0.059347,-0.069942,0.168217,-0.160041,0.361414,0.093906,0.159263,0.048354,-0.075590,-0.222518,-0.262805,-0.021063,0.020932,0.075093,0.088481,-0.095381,-0.054594,-0.021170,0.099973,-0.116579,0.063928,0.054376,0.146635,-0.010355,0.105833,0.277953,0.107179,0.128733,-0.081053,-0.006396,-0.120969,0.111254,-0.050689,-0.113524,-0.132294,0.085434,-0.167271,-0.109578,0.032465,-0.110885,-0.150757,-0.003024,0.011279,0.137342,-0.070689,0.119140,0.038058,0.002728,-0.102596,0.365342,0.016609,0.135423,#
19,0.099034,0.081403,0.085548,-0.137729,-0.072662,0.435910,0.081181,0.101335,-0.033256,-0.126892,0.015456,0.036172,-0.098894,-0.123075,-0.009661,-0.093976,0.304579,0.193844,0.050411,1.000000,0.122872,-0.155692,-0.156121,0.050068,0.179059,0.109415,0.008572,0.076643,-0.307730,0.000004,0.044259,0.157602,0.075899,0.009363,0.088030,0.074103,0.158304,0.081616,0.060322,0.055411,0.209603,0.245801,-0.035148,-0.063957,-0.089438,0.158500,0.028510,0.091387,0.071548,0.227146,0.099604,-0.134960,0.110201,0.189319,-0.016464,0.100566,-0.047845,-0.022382,-0.011242,0.110235,-0.053781,-0.076670,0.070175,0.093558,-0.089218,-0.007034,0.131672,0.111194,0.209928,-0.040808,0.268166,-0.128059,0.100606,0.060053,-0.078939,0.114282,-0.080753,0.211928,0.071017,-0.021992,0.137576,-0.016424,0.025901,0.182760,0.077587,-0.056949,0.114532,-0.106074,0.071223,0.086878,-0.221054,0.044101,0.006117,-0.154675,0.057170,-0.007610,0.061066,0.202104,0.182534,0.175386,0.107679,0.026999,0.145433,0.195491,0.083835,0.141690,0.204912,-0.140794,0.000301,-0.140643,0.231613,0.025759,-0.068045,0.026586,0.015176,0.116912,0.298948,0.142899,0.226638,-0.113049,0.292449,-0.080555,-0.031588,-0.013585,0.048528,0.220226,0.138605,0.176342,0.133640,0.001552,0.157158,0.126341,0.114822,0.179306,0.067353,0.162116,0.063781,0.043710,0.215241,-0.109723,-0.190855,0.060255,-0.067058,-0.065696,0.331480,-0.252674,-0.181921,-0.090587,0.280307,0.192973,0.090504,0.118377,-0.053956,0.072905,0.157609,0.045121,0.242116,-0.075894,0.201486,0.089142,0.130444,0.188446,0.085230,0.232100,0.269965,0.090378,-0.154669,0.190154,-0.014994,0.002003,-0.132026,0.142247,0.236572,0.076936,0.174794,0.159531,0.121895,0.108996,0.230871,0.053778,0.094241,0.098093,0.017038,0.234924,0.029972,0.054978,-0.131122,-0.158856,0.094882,0.077832,0.037264,0.170027,-0.045562,0.292102,0.136285,0.052998,0.129422,-0.205631,-0.103317,-0.226344,#
20,-0.271131,0.155649,0.096478,0.181657,0.257411,0.033750,-0.092592,0.054114,0.084774,0.082920,0.035409,0.018810,0.164752,0.192806,0.010005,-0.103901,0.140176,-0.118043,-0.137306,0.122872,1.000000,0.056709,0.121661,0.248385,0.365248,0.184261,-0.091984,0.157525,0.014578,-0.009643,0.185739,-0.061780,0.253080,0.222695,0.032443,0.127518,-0.214718,-0.011353,-0.259737,0.136601,0.259149,0.047761,0.039311,-0.283576,0.397649,-0.186061,0.085715,0.049881,0.109206,0.223298,-0.128731,0.103906,-0.015460,0.161361,0.151440,-0.147104,-0.332145,-0.092865,0.082731,-0.036613,-0.068938,0.005931,0.056724,0.123887,-0.004267,0.015396,0.151050,-0.108596,0.117800,0.100712,0.132600,0.020796,0.273739,0.140899,-0.197275,0.011537,0.131051,-0.025508,0.318239,0.078256,0.063553,0.205479,0.133198,-0.306539,-0.158082,0.020233,0.098633,0.169324,0.121739,0.403665,0.149292,-0.014141,0.168303,-0.007590,-0.135576,0.217641,0.098638,0.146928,-0.042166,0.146592,0.230318,0.034008,-0.002666,0.188293,-0.045167,0.208377,0.439855,-0.108748,-0.147564,0.310114,-0.226185,0.344738,0.031163,-0.121138,0.040848,-0.082297,-0.001380,0.058192,-0.076407,-0.126590,0.111342,0.074201,0.050868,0.143748,0.004421,0.160228,0.036601,-0.070973,-0.038513,0.245075,0.112924,0.127286,0.250320,0.149423,-0.133286,0.050046,0.006307,0.141080,0.119129,0.226900,0.046879,-0.010141,0.067834,-0.004822,-0.037971,-0.107691,0.002712,0.172709,0.058535,-0.071896,0.124312,0.146048,-0.020476,-0.028469,-0.048253,-0.130641,0.164400,0.111887,0.327651,-0.023871,0.126136,0.142471,0.028587,0.123782,0.011073,0.274252,-0.013663,0.302452,-0.005668,-0.201975,0.204876,-0.010844,-0.107057,0.163763,-0.001338,0.314865,0.132740,0.174223,-0.030142,-0.116724,0.283824,-0.029035,0.122012,0.071435,0.008745,0.192429,-0.015429,-0.050893,0.030262,0.137500,0.055387,0.235889,0.277411,0.174499,0.247251,0.099231,-0.024443,0.099510,-0.037630,-0.034561,#
