0,1.000000,0.716772,0.743449,0.720879,0.598664,0.776537,0.669901,0.757813,0.737282,0.697667,0.782298,0.744569,0.683754,0.671217,0.633437,0.728433,0.790253,0.776455,0.743549,0.655855,0.780198,0.652741,0.724019,0.756714,0.597953,0.723026,0.684158,0.713353,0.638918,0.700876,0.702185,0.726612,0.687872,0.662556,0.683392,0.666141,0.699860,0.793291,0.720627,0.783475,0.719970,0.680865,0.720226,0.808436,0.678690,0.648627,0.726208,0.774445,0.677479,0.772318,0.730594,0.723450,0.688696,0.755039,0.731399,0.758133,0.670410,0.807867,0.719526,0.794907,0.785970,0.611653,0.783415,0.701052,0.714996,0.664215,0.824568,0.703678,0.738502,0.616579,0.743205,0.756307,0.835334,0.747670,0.696123,0.748597,0.752400,0.750998,0.777935,0.693260,0.752294,0.749366,0.742053,0.776865,0.706742,0.741131,0.787523,0.719049,0.609249,0.768286,0.723698,0.733630,0.689634,0.719619,0.766662,0.724988,0.676211,0.688222,0.724608,0.774520,0.742534,0.744086,0.738551,0.739521,0.726876,0.760161,0.673544,0.703241,0.732853,0.688835,0.769383,0.725847,0.765113,0.715685,0.769458,0.828807,0.686372,0.715801,0.663924,0.629229,0.592724,0.821067,0.758364,0.815886,0.772669,0.686815,0.663697,0.694273,0.675918,0.647900,0.786597,0.684240,0.723483,0.693612,0.720323,0.760138,0.708499,0.804796,0.755710,0.759567,0.749180,0.646215,0.620720,0.724640,0.745604,0.587985,0.749918,0.668194,0.750746,0.802140,0.720126,0.738930,0.724888,0.707507,0.740902,0.669756,0.711725,0.767029,0.756923,0.712695,0.720768,0.706503,0.699232,0.731432,0.734108,0.696112,0.700337,0.660930,0.649672,0.772320,0.739104,0.724275,0.731931,0.795620,0.800639,0.634783,0.686751,0.748041,0.662292,0.716895,0.669127,0.729693,0.600149,0.671757,0.692597,0.671477,0.730564,0.686100,0.717762,0.749746,0.699166,0.761823,0.752198,0.690751,0.690564,0.733606,0.753768,0.761654,0.820950,0.692786,#
1,0.716772,1.000000,0.744590,0.761537,0.658092,0.825767,0.608875,0.723523,0.837689,0.721978,0.728725,0.637416,0.618357,0.673306,0.686988,0.738187,0.692492,0.700265,0.746710,0.722405,0.758121,0.827291,0.730553,0.706285,0.682148,0.633019,0.793825,0.750837,0.589763,0.644945,0.761785,0.764134,0.708953,0.731186,0.720842,0.758183,0.600756,0.813290,0.770319,0.710203,0.678979,0.611047,0.673968,0.724298,0.647667,0.695028,0.693924,0.726525,0.757939,0.674191,0.647001,0.771608,0.728930,0.707466,0.783263,0.699930,0.658718,0.757069,0.756385,0.656972,0.753065,0.659214,0.630272,0.685649,0.757934,0.708667,0.769350,0.697259,0.700182,0.687558,0.649343,0.764534,0.795878,0.704392,0.720680,0.727338,0.616085,0.680637,0.679465,0.674008,0.741292,0.695633,0.776887,0.766117,0.760539,0.705168,0.718287,0.736571,0.716137,0.714182,0.705127,0.641118,0.753832,0.738939,0.754110,0.624919,0.667776,0.703324,0.713816,0.773077,0.748196,0.684988,0.661109,0.699135,0.706515,0.748978,0.630465,0.683463,0.733223,0.690149,0.738639,0.700390,0.671919,0.710534,0.635038,0.665976,0.643801,0.701861,0.654552,0.622092,0.766198,0.694976,0.610030,0.738585,0.691312,0.645364,0.696393,0.649707,0.717529,0.747576,0.709229,0.804909,0.642519,0.739522,0.808437,0.691904,0.693348,0.699751,0.703577,0.680597,0.789735,0.715555,0.739327,0.780729,0.734535,0.677733,0.737034,0.693847,0.735253,0.701028,0.742857,0.766484,0.724484,0.619828,0.696363,0.652230,0.691923,0.725714,0.632826,0.712740,0.712887,0.736303,0.750388,0.725063,0.726407,0.650754,0.726075,0.603637,0.572477,0.688481,0.778680,0.672825,0.737577,0.774673,0.723740,0.623033,0.692096,0.843016,0.606507,0.802574,0.676958,0.730814,0.597448,0.765788,0.725827,0.804241,0.759318,0.553002,0.753052,0.758970,0.680844,0.663365,0.681624,0.741530,0.751262,0.649659,0.621516,0.736746,0.648217,0.647593,#
2,0.743449,0.744590,1.000000,0.693824,0.516992,0.742185,0.650572,0.626535,0.746315,0.647914,0.702286,0.565927,0.621436,0.570427,0.643068,0.682985,0.654478,0.701850,0.612535,0.671619,0.593996,0.629555,0.605226,0.761929,0.636860,0.590860,0.763617,0.742748,0.677277,0.681747,0.752742,0.698309,0.617385,0.607216,0.619861,0.671725,0.620034,0.744841,0.756693,0.633831,0.576190,0.641298,0.738190,0.651009,0.566432,0.575784,0.754046,0.661082,0.635130,0.739038,0.663099,0.713506,0.670752,0.649838,0.779818,0.658070,0.653629,0.693658,0.638537,0.654285,0.776982,0.631521,0.666491,0.715345,0.638992,0.666863,0.711820,0.659294,0.632175,0.664968,0.673921,0.694470,0.777761,0.598702,0.677059,0.742094,0.657640,0.660558,0.676852,0.677825,0.725870,0.697666,0.668863,0.736161,0.737953,0.726274,0.653995,0.776854,0.628250,0.622552,0.690656,0.654992,0.698846,0.693331,0.668950,0.698309,0.620530,0.629151,0.800459,0.691478,0.583616,0.668104,0.653200,0.612679,0.586432,0.688415,0.673798,0.581770,0.703172,0.644357,0.688016,0.589578,0.651900,0.610934,0.676131,0.671571,0.623092,0.646111,0.691189,0.613245,0.667934,0.675867,0.630807,0.745239,0.746116,0.568423,0.674345,0.671959,0.642451,0.730831,0.748122,0.750390,0.734245,0.748239,0.697843,0.744351,0.662628,0.694381,0.736470,0.676920,0.668656,0.668604,0.559222,0.630947,0.672330,0.719462,0.641925,0.712413,0.629536,0.703733,0.707214,0.663382,0.638439,0.637710,0.652768,0.607020,0.676578,0.583737,0.602396,0.638384,0.606936,0.601150,0.574118,0.667971,0.610950,0.697497,0.723991,0.522090,0.568412,0.647842,0.711061,0.627819,0.681682,0.631960,0.716464,0.524193,0.596325,0.735915,0.585620,0.643747,0.647832,0.729303,0.507572,0.756234,0.619173,0.667609,0.634400,0.556368,0.748672,0.716747,0.608671,0.673784,0.806902,0.589250,0.655346,0.753344,0.591615,0.752586,0.659793,0.705029,#
3,0.720879,0.761537,0.693824,1.000000,0.688480,0.772851,0.679821,0.654325,0.790525,0.686544,0.704261,0.653425,0.637154,0.711394,0.582569,0.779416,0.670533,0.729247,0.771788,0.688719,0.653148,0.677825,0.665579,0.684871,0.726663,0.673659,0.681676,0.697877,0.636339,0.666223,0.703633,0.762559,0.669397,0.694741,0.665360,0.683511,0.646145,0.776122,0.610397,0.727426,0.683960,0.632754,0.670936,0.760188,0.608995,0.710269,0.812945,0.620446,0.788420,0.706595,0.702666,0.664003,0.720146,0.644985,0.678999,0.723659,0.603112,0.710082,0.747671,0.757511,0.657458,0.606746,0.613752,0.731926,0.786623,0.693098,0.694655,0.737470,0.618309,0.646007,0.671964,0.742233,0.742563,0.734317,0.679194,0.705916,0.654968,0.673349,0.688918,0.664348,0.738614,0.598286,0.675485,0.716685,0.753235,0.746431,0.761880,0.634427,0.709158,0.732728,0.721333,0.677021,0.712025,0.776388,0.683707,0.659690,0.593781,0.607521,0.731711,0.737132,0.669740,0.654955,0.661013,0.626032,0.688194,0.634832,0.614530,0.626431,0.676024,0.651232,0.684437,0.639085,0.626349,0.734287,0.700038,0.765680,0.570126,0.643583,0.704817,0.602708,0.646887,0.718225,0.648744,0.716240,0.687294,0.719803,0.693524,0.628271,0.658684,0.719072,0.652863,0.746544,0.620359,0.693279,0.745186,0.738328,0.770020,0.719246,0.704593,0.671481,0.705375,0.720063,0.669347,0.614445,0.740951,0.735078,0.639156,0.716621,0.706773,0.645247,0.701961,0.725879,0.622157,0.700855,0.644717,0.628068,0.750537,0.654227,0.639038,0.643012,0.734952,0.705053,0.680400,0.672274,0.624511,0.704876,0.741755,0.575583,0.655802,0.616276,0.716846,0.766472,0.748516,0.747897,0.740794,0.608238,0.723444,0.745952,0.675524,0.703200,0.627449,0.764993,0.576479,0.706844,0.672106,0.751190,0.708376,0.566314,0.762369,0.785801,0.643948,0.649842,0.663864,0.675627,0.700975,0.677592,0.626831,0.736699,0.651570,0.629969,#
4,0.598664,0.658092,0.516992,0.688480,1.000000,0.752632,0.681781,0.567604,0.593212,0.602452,0.553431,0.628948,0.580500,0.663414,0.491744,0.632465,0.725198,0.782987,0.680716,0.679500,0.666354,0.588626,0.525194,0.663096,0.667776,0.638022,0.613813,0.597628,0.502018,0.573233,0.744289,0.665201,0.637405,0.493518,0.603148,0.601874,0.609787,0.737502,0.540498,0.676444,0.639019,0.493532,0.526157,0.643020,0.544535,0.691111,0.593159,0.637228,0.742483,0.659205,0.630282,0.570567,0.673170,0.520943,0.681334,0.684006,0.523103,0.661975,0.692893,0.649258,0.620005,0.550757,0.583493,0.586114,0.636410,0.642771,0.702383,0.576572,0.586699,0.598259,0.610004,0.780368,0.619345,0.652324,0.602667,0.516826,0.537926,0.613539,0.647744,0.623501,0.599613,0.534711,0.647983,0.608208,0.650797,0.565073,0.529677,0.533614,0.594223,0.697671,0.603721,0.560651,0.524088,0.645018,0.561794,0.603145,0.589958,0.450804,0.513105,0.631260,0.689491,0.642804,0.635260,0.589422,0.629077,0.660020,0.601681,0.581395,0.725161,0.579686,0.582073,0.579307,0.512045,0.706936,0.627036,0.613119,0.597221,0.655283,0.607246,0.431354,0.593125,0.621426,0.709819,0.621577,0.624169,0.665044,0.547642,0.589488,0.694914,0.622779,0.703147,0.666973,0.550150,0.636326,0.757205,0.656884,0.680097,0.644587,0.606105,0.566664,0.623737,0.629882,0.685694,0.626555,0.586350,0.525397,0.663460,0.646612,0.603537,0.642367,0.695612,0.729557,0.505438,0.479674,0.700758,0.626393,0.668835,0.555395,0.593174,0.574765,0.580326,0.545148,0.697929,0.568050,0.659898,0.612451,0.570926,0.440142,0.609344,0.579166,0.615031,0.643655,0.677934,0.623030,0.683355,0.593905,0.696172,0.685935,0.567783,0.645221,0.681600,0.583647,0.621693,0.574291,0.668704,0.670752,0.648810,0.696557,0.665375,0.594111,0.514522,0.543400,0.587757,0.646143,0.596150,0.566676,0.568003,0.718026,0.638887,0.426151,#
5,0.776537,0.825767,0.742185,0.772851,0.752632,1.000000,0.668120,0.695960,0.788554,0.666729,0.732814,0.698436,0.615113,0.668424,0.664635,0.779777,0.770014,0.786130,0.760407,0.743317,0.735352,0.791456,0.692337,0.761512,0.700219,0.711102,0.803114,0.753461,0.586519,0.660656,0.786917,0.777771,0.731057,0.650688,0.736312,0.759738,0.707105,0.842943,0.698248,0.725364,0.736078,0.626994,0.651244,0.712681,0.689449,0.751250,0.770980,0.696302,0.771891,0.727046,0.712032,0.724054,0.718556,0.773622,0.748476,0.831398,0.614052,0.760612,0.818771,0.773156,0.777597,0.675118,0.733256,0.753603,0.716147,0.731247,0.823518,0.671618,0.683754,0.753826,0.777368,0.778327,0.787762,0.705167,0.725635,0.727117,0.744734,0.672117,0.710722,0.692533,0.738175,0.661175,0.730891,0.727230,0.751133,0.738714,0.715918,0.718223,0.717361,0.741225,0.686844,0.700497,0.706092,0.769415,0.754669,0.709115,0.736431,0.606974,0.736536,0.716811,0.754447,0.700939,0.800494,0.740377,0.723413,0.786937,0.681018,0.639832,0.747087,0.727854,0.737878,0.768995,0.711398,0.713573,0.621269,0.725465,0.733080,0.755316,0.639918,0.648364,0.680619,0.733176,0.708366,0.821033,0.717339,0.712924,0.722328,0.661508,0.782804,0.785307,0.794754,0.820211,0.734374,0.770153,0.789252,0.743441,0.787397,0.708398,0.726336,0.773150,0.769153,0.710718,0.712157,0.729979,0.797354,0.668763,0.718084,0.748617,0.757579,0.801393,0.721121,0.769920,0.644243,0.654057,0.790243,0.657520,0.726676,0.719332,0.682535,0.662649,0.708904,0.725912,0.725983,0.692592,0.719915,0.703054,0.669507,0.617797,0.643920,0.731923,0.748138,0.766029,0.772963,0.754925,0.831603,0.596035,0.651931,0.789990,0.694136,0.740774,0.689570,0.757624,0.612621,0.687060,0.737491,0.799876,0.780777,0.668242,0.758616,0.756348,0.613875,0.752344,0.714105,0.696115,0.629906,0.634935,0.659748,0.768530,0.699271,0.567981,#
6,0.669901,0.608875,0.650572,0.679821,0.681781,0.668120,1.000000,0.629203,0.674206,0.660163,0.665884,0.637908,0.597891,0.726117,0.520499,0.680739,0.707481,0.762453,0.721375,0.629281,0.716400,0.618472,0.569829,0.696918,0.664297,0.711599,0.709939,0.690498,0.548488,0.695608,0.681417,0.735525,0.640937,0.644369,0.662432,0.678791,0.684541,0.675564,0.628675,0.670570,0.697217,0.735793,0.655854,0.733954,0.700189,0.550686,0.717644,0.681707,0.744368,0.740769,0.709572,0.682689,0.697031,0.514063,0.735957,0.698528,0.657754,0.768488,0.764677,0.628093,0.707833,0.692667,0.626840,0.617661,0.720506,0.634465,0.772422,0.643161,0.696817,0.595996,0.678371,0.753955,0.735554,0.716315,0.627386,0.610561,0.666932,0.770867,0.733705,0.623034,0.669434,0.668639,0.641818,0.787506,0.690501,0.684165,0.640915,0.645612,0.724168,0.714122,0.691160,0.612593,0.547314,0.713530,0.653841,0.672235,0.618506,0.635548,0.651480,0.708892,0.712405,0.709240,0.608158,0.689147,0.739905,0.633358,0.728384,0.600419,0.754757,0.611845,0.598029,0.669011,0.621850,0.681568,0.584990,0.661691,0.595176,0.680050,0.588211,0.562239,0.621611,0.662099,0.654720,0.740419,0.742430,0.628282,0.661503,0.740367,0.546109,0.637494,0.761815,0.651075,0.564808,0.617251,0.702888,0.696809,0.747263,0.702051,0.769683,0.686750,0.692980,0.697004,0.655898,0.656158,0.612314,0.720057,0.719655,0.631125,0.660729,0.655984,0.680184,0.739040,0.596834,0.650448,0.625976,0.625348,0.675720,0.526610,0.636162,0.737633,0.705806,0.668546,0.617379,0.635039,0.728546,0.694058,0.741549,0.471268,0.587204,0.687887,0.688253,0.697061,0.699011,0.622966,0.654832,0.674043,0.703955,0.666597,0.656527,0.698183,0.672778,0.673322,0.665749,0.702466,0.630048,0.678455,0.675674,0.672097,0.678649,0.671728,0.643508,0.608305,0.686584,0.652960,0.738211,0.750810,0.727874,0.760504,0.651353,0.658931,#
7,0.757813,0.723523,0.626535,0.654325,0.567604,0.695960,0.629203,1.000000,0.720535,0.647946,0.750940,0.699123,0.657462,0.658330,0.611641,0.661652,0.691858,0.679820,0.713387,0.654170,0.720008,0.603364,0.820697,0.720312,0.597579,0.727043,0.694395,0.640111,0.556805,0.658850,0.635741,0.778776,0.619949,0.676628,0.713087,0.696273,0.712761,0.708858,0.649526,0.703704,0.678281,0.623905,0.618266,0.695172,0.636472,0.630243,0.692307,0.728297,0.716084,0.648509,0.737970,0.712569,0.763600,0.675077,0.703970,0.697868,0.637742,0.820991,0.693302,0.750685,0.657482,0.605408,0.786320,0.683695,0.739219,0.712780,0.799406,0.646650,0.747013,0.566184,0.706859,0.616020,0.714167,0.708040,0.710961,0.706059,0.716180,0.673418,0.639422,0.607356,0.721361,0.635428,0.721218,0.686804,0.667360,0.664950,0.712219,0.603049,0.632853,0.605699,0.725051,0.750713,0.597265,0.678580,0.702160,0.676993,0.710328,0.675679,0.645735,0.676681,0.645042,0.689434,0.701056,0.680956,0.711284,0.645795,0.651122,0.657595,0.757828,0.601403,0.768661,0.657886,0.647321,0.696352,0.609456,0.777888,0.596516,0.630848,0.576554,0.686933,0.687575,0.681264,0.604583,0.748597,0.806228,0.712632,0.664345,0.722230,0.603738,0.669967,0.692212,0.689237,0.670562,0.635171,0.769908,0.774848,0.727947,0.712161,0.644660,0.728500,0.676295,0.650628,0.702152,0.653720,0.710847,0.628539,0.703800,0.621917,0.672896,0.697778,0.687851,0.633460,0.696774,0.614939,0.671861,0.675049,0.658106,0.696819,0.690575,0.661025,0.701528,0.683442,0.732171,0.619615,0.723707,0.657550,0.729710,0.617668,0.622297,0.674139,0.752551,0.669101,0.655901,0.766923,0.657696,0.522038,0.633411,0.678169,0.652506,0.771602,0.637689,0.631512,0.672178,0.675749,0.657803,0.717462,0.684723,0.580142,0.693962,0.749640,0.680738,0.647946,0.625131,0.616028,0.692967,0.671466,0.659333,0.739300,0.732080,0.568303,#
8,0.737282,0.837689,0.746315,0.790525,0.593212,0.788554,0.674206,0.720535,1.000000,0.735847,0.725883,0.714464,0.729097,0.713895,0.644248,0.731886,0.699629,0.797364,0.725177,0.737675,0.700198,0.780854,0.742268,0.705884,0.655657,0.676390,0.733607,0.726317,0.643957,0.683688,0.741648,0.779837,0.633001,0.683291,0.704057,0.761415,0.658886,0.804332,0.720547,0.689547,0.629382,0.644452,0.710630,0.695450,0.687180,0.635366,0.721212,0.679047,0.765015,0.713255,0.713303,0.711468,0.688236,0.738881,0.775191,0.761226,0.632504,0.794149,0.758736,0.670202,0.745315,0.708016,0.677956,0.747587,0.742269,0.732454,0.778621,0.712131,0.740007,0.722963,0.685462,0.755960,0.845714,0.766033,0.740469,0.689134,0.758069,0.756229,0.659601,0.718898,0.712405,0.639520,0.759180,0.794070,0.779802,0.724636,0.690777,0.762162,0.682752,0.651092,0.749924,0.707314,0.711557,0.627965,0.770554,0.666747,0.665495,0.666074,0.779605,0.747332,0.735454,0.735051,0.760439,0.713748,0.727636,0.696148,0.698028,0.703409,0.703380,0.706504,0.726491,0.691498,0.739688,0.724984,0.670131,0.738277,0.615724,0.619357,0.734757,0.724170,0.688506,0.693283,0.661263,0.768339,0.740251,0.725377,0.697452,0.753925,0.709022,0.715442,0.712481,0.716557,0.656807,0.717714,0.785430,0.707706,0.761474,0.742176,0.688720,0.707374,0.825762,0.776096,0.752619,0.722596,0.756381,0.667491,0.683663,0.622031,0.737091,0.768471,0.692798,0.725648,0.715520,0.775411,0.630119,0.716709,0.730648,0.717203,0.705233,0.757668,0.756796,0.749457,0.750818,0.733327,0.737878,0.701180,0.696036,0.610454,0.655341,0.730275,0.761974,0.675436,0.729249,0.748952,0.756338,0.617582,0.658202,0.844057,0.588093,0.636134,0.661206,0.788749,0.641567,0.800858,0.687465,0.749528,0.780787,0.579984,0.708194,0.759746,0.685856,0.696565,0.722190,0.712441,0.711155,0.690353,0.748105,0.718229,0.716214,0.705677,#
9,0.697667,0.721978,0.647914,0.686544,0.602452,0.666729,0.660163,0.647946,0.735847,1.000000,0.691269,0.541032,0.635812,0.746167,0.700421,0.656118,0.711819,0.763138,0.648275,0.637488,0.776342,0.648990,0.640558,0.694010,0.651269,0.633451,0.674046,0.807751,0.543169,0.810961,0.672007,0.703281,0.680386,0.634289,0.686779,0.670505,0.638222,0.687495,0.700348,0.766718,0.667698,0.789906,0.669345,0.682284,0.694129,0.686415,0.613027,0.693729,0.730013,0.622636,0.653380,0.664652,0.586022,0.616027,0.740933,0.720498,0.667078,0.785198,0.620310,0.661911,0.759141,0.683299,0.664185,0.726681,0.694514,0.774928,0.779767,0.672459,0.752061,0.587155,0.602931,0.744943,0.670422,0.663443,0.737461,0.696080,0.667722,0.773587,0.682260,0.762985,0.737083,0.659692,0.654264,0.807774,0.713628,0.638999,0.638626,0.707099,0.715695,0.648609,0.670725,0.620569,0.702677,0.658192,0.736093,0.694413,0.592572,0.630170,0.623356,0.707868,0.783717,0.723826,0.656272,0.711254,0.708295,0.719895,0.633508,0.695899,0.755123,0.693289,0.730924,0.633102,0.708517,0.686042,0.646097,0.770966,0.412850,0.699333,0.623935,0.633376,0.640767,0.726705,0.659762,0.729149,0.701502,0.650406,0.663091,0.668691,0.705007,0.616455,0.651400,0.748938,0.640972,0.635167,0.708697,0.638818,0.693796,0.736972,0.673418,0.690196,0.746081,0.751158,0.732760,0.721466,0.722505,0.703577,0.710046,0.706870,0.706311,0.644819,0.609882,0.659963,0.656942,0.688921,0.669151,0.660000,0.625943,0.684907,0.598171,0.718086,0.721985,0.748504,0.661759,0.680231,0.689988,0.710585,0.607126,0.585095,0.674443,0.607406,0.686110,0.673512,0.726290,0.700335,0.761236,0.743164,0.636938,0.760456,0.555067,0.718190,0.684308,0.637071,0.733362,0.689660,0.708635,0.754305,0.699053,0.619021,0.720707,0.667953,0.688853,0.713174,0.647142,0.659088,0.690343,0.651179,0.719054,0.692454,0.699189,0.573531,#
10,0.782298,0.728725,0.702286,0.704261,0.553431,0.732814,0.665884,0.750940,0.725883,0.691269,1.000000,0.686598,0.703400,0.693273,0.580771,0.674698,0.716441,0.710675,0.803697,0.682204,0.705621,0.654398,0.744915,0.752748,0.607451,0.716668,0.704685,0.787423,0.679471,0.743390,0.677433,0.729646,0.686001,0.697206,0.738636,0.743030,0.708878,0.776419,0.729452,0.722891,0.696716,0.654521,0.704063,0.770959,0.661086,0.726818,0.786487,0.723192,0.732590,0.756000,0.685376,0.691533,0.717524,0.671310,0.782338,0.710021,0.688418,0.817550,0.688357,0.747904,0.777360,0.703106,0.796540,0.722750,0.759383,0.669370,0.775721,0.659240,0.770447,0.714525,0.763527,0.725996,0.816977,0.642080,0.687302,0.759953,0.732349,0.817675,0.746513,0.646686,0.804016,0.687743,0.655872,0.748788,0.713665,0.640934,0.777454,0.667544,0.679800,0.761603,0.644452,0.724568,0.780598,0.703071,0.723745,0.740079,0.662799,0.700706,0.733804,0.785927,0.702773,0.666314,0.732239,0.788076,0.740324,0.755306,0.633677,0.664911,0.751364,0.691719,0.789142,0.693165,0.746090,0.697934,0.644429,0.750865,0.576374,0.646396,0.649824,0.697125,0.653314,0.748739,0.593073,0.801962,0.666395,0.663699,0.734859,0.672336,0.706359,0.704924,0.726484,0.718682,0.661717,0.699098,0.738029,0.791695,0.719408,0.640133,0.754303,0.809402,0.811469,0.742559,0.642174,0.722781,0.731118,0.635615,0.673504,0.669906,0.739005,0.708969,0.694465,0.720226,0.723461,0.594032,0.720559,0.704154,0.706846,0.768519,0.669544,0.745919,0.821214,0.684822,0.665660,0.693798,0.734461,0.642179,0.753701,0.575933,0.665660,0.753647,0.799305,0.775121,0.661895,0.669841,0.713983,0.644373,0.688559,0.773248,0.627923,0.750647,0.721418,0.670439,0.685817,0.688441,0.664097,0.737326,0.651463,0.722158,0.722367,0.797235,0.736986,0.656813,0.706579,0.745022,0.696877,0.770742,0.738321,0.766073,0.756745,0.683444,#
11,0.744569,0.637416,0.565927,0.653425,0.628948,0.698436,0.637908,0.699123,0.714464,0.541032,0.686598,1.000000,0.684283,0.656474,0.579598,0.678690,0.717249,0.751515,0.732147,0.623903,0.657524,0.639166,0.694108,0.674335,0.613318,0.665419,0.650955,0.569122,0.620614,0.572391,0.618476,0.679555,0.697378,0.617395,0.545624,0.664491,0.712687,0.741238,0.630660,0.610513,0.608675,0.594842,0.595538,0.651603,0.600020,0.621520,0.698161,0.716668,0.659801,0.712155,0.647754,0.582410,0.632764,0.595126,0.678265,0.725226,0.502307,0.679345,0.647165,0.668260,0.654711,0.564268,0.724088,0.657801,0.670367,0.671160,0.698531,0.635166,0.701678,0.700517,0.729167,0.710882,0.745854,0.738235,0.713428,0.620118,0.753845,0.709294,0.673756,0.554874,0.692500,0.581917,0.666098,0.667357,0.705013,0.597878,0.592624,0.612237,0.510107,0.612148,0.729873,0.622295,0.593364,0.661793,0.621956,0.630385,0.668505,0.652027,0.684087,0.692418,0.650062,0.694692,0.681422,0.672054,0.713526,0.652947,0.581679,0.674472,0.748947,0.675229,0.758671,0.683065,0.688917,0.663356,0.537892,0.698129,0.584834,0.552995,0.666683,0.654545,0.522322,0.684828,0.638501,0.749192,0.731086,0.701015,0.701338,0.679160,0.673925,0.624345,0.728086,0.594908,0.611407,0.667019,0.728705,0.671494,0.712194,0.653040,0.662037,0.582039,0.712106,0.606453,0.602806,0.702751,0.678085,0.559017,0.720757,0.673419,0.657108,0.706695,0.628807,0.610297,0.662437,0.598645,0.659002,0.611570,0.752560,0.605835,0.657532,0.639246,0.674592,0.670264,0.772162,0.668878,0.749578,0.569009,0.676702,0.472502,0.589596,0.722242,0.668552,0.642099,0.725630,0.758547,0.696861,0.596682,0.637504,0.666147,0.585719,0.665477,0.633020,0.590381,0.665880,0.619654,0.665788,0.573523,0.679343,0.687267,0.631652,0.728515,0.594637,0.718612,0.654680,0.644562,0.595452,0.682223,0.667555,0.675592,0.716462,0.516529,#
12,0.683754,0.618357,0.621436,0.637154,0.580500,0.615113,0.597891,0.657462,0.729097,0.635812,0.703400,0.684283,1.000000,0.696945,0.623759,0.584598,0.582731,0.727097,0.728573,0.653666,0.663189,0.524966,0.714121,0.717692,0.619252,0.672797,0.615940,0.695089,0.625137,0.649876,0.628973,0.664464,0.630828,0.683653,0.641144,0.703188,0.642307,0.721493,0.721214,0.608622,0.568592,0.543557,0.590132,0.648697,0.657184,0.620683,0.732808,0.602768,0.663163,0.673174,0.787732,0.609494,0.613451,0.653803,0.757785,0.711827,0.583399,0.705471,0.584550,0.668592,0.651068,0.597729,0.714800,0.679063,0.741829,0.699064,0.684843,0.564427,0.701009,0.625111,0.646425,0.713419,0.693167,0.702588,0.748852,0.640526,0.689564,0.712497,0.707124,0.715613,0.647510,0.574221,0.683507,0.708961,0.637298,0.684529,0.581990,0.692353,0.623134,0.592607,0.789669,0.652297,0.683905,0.569054,0.620819,0.660539,0.703344,0.626327,0.669041,0.664050,0.585801,0.738841,0.708783,0.694148,0.640598,0.594778,0.582363,0.557696,0.741961,0.663822,0.667215,0.662422,0.646117,0.637847,0.747791,0.709552,0.466809,0.527550,0.717187,0.692386,0.576019,0.680204,0.611519,0.715094,0.686902,0.736261,0.654491,0.637198,0.664248,0.605731,0.649396,0.587505,0.570458,0.626907,0.655194,0.684971,0.610251,0.699763,0.585318,0.623941,0.767250,0.684608,0.599369,0.731341,0.586879,0.550839,0.692204,0.586677,0.710447,0.744787,0.666358,0.624595,0.631945,0.581287,0.564703,0.722749,0.761835,0.725060,0.709266,0.681604,0.674831,0.654579,0.652470,0.636464,0.738585,0.516044,0.628866,0.678963,0.506886,0.666472,0.662984,0.611160,0.705170,0.655544,0.681036,0.486495,0.766104,0.762459,0.565848,0.591506,0.636730,0.674007,0.667050,0.610367,0.576430,0.627865,0.637674,0.619772,0.686224,0.692894,0.591997,0.651922,0.592159,0.663480,0.580313,0.738702,0.683104,0.717880,0.719479,0.488075,#
13,0.671217,0.673306,0.570427,0.711394,0.663414,0.668424,0.726117,0.658330,0.713895,0.746167,0.693273,0.656474,0.696945,1.000000,0.564654,0.679490,0.621561,0.766885,0.761264,0.677712,0.709705,0.614111,0.700665,0.655443,0.670408,0.638152,0.596138,0.724233,0.621424,0.752191,0.569741,0.701691,0.695607,0.750992,0.533930,0.625551,0.704484,0.775999,0.700259,0.680036,0.823941,0.590321,0.664657,0.715882,0.741195,0.687936,0.689912,0.686275,0.759752,0.662260,0.728559,0.761502,0.613559,0.574516,0.740655,0.748943,0.693628,0.791522,0.762601,0.700758,0.767125,0.664477,0.674624,0.770377,0.764207,0.751975,0.722486,0.650714,0.688750,0.599986,0.617620,0.744957,0.712739,0.767110,0.685185,0.639986,0.695456,0.729034,0.739966,0.679697,0.725659,0.633626,0.664661,0.805306,0.675891,0.734102,0.594648,0.612533,0.736042,0.655183,0.629653,0.724546,0.636827,0.689396,0.708576,0.664293,0.619141,0.631159,0.658950,0.730067,0.684432,0.690544,0.730080,0.771063,0.754720,0.720648,0.664408,0.693386,0.746946,0.678884,0.678113,0.667095,0.686796,0.704125,0.675352,0.781623,0.546685,0.678527,0.727245,0.702452,0.713933,0.726702,0.615021,0.700711,0.714474,0.690552,0.745668,0.640027,0.655493,0.625288,0.710471,0.668880,0.605025,0.679241,0.733376,0.688910,0.730999,0.726353,0.732976,0.625770,0.758218,0.792930,0.723919,0.735656,0.684060,0.642698,0.738713,0.647935,0.714506,0.720913,0.743945,0.728941,0.612026,0.679268,0.577034,0.639867,0.791529,0.715309,0.730987,0.708492,0.741502,0.727974,0.645094,0.726667,0.763370,0.642552,0.689159,0.613858,0.698675,0.685634,0.706023,0.779710,0.781384,0.663578,0.747470,0.708396,0.738806,0.795666,0.630894,0.724918,0.716933,0.685968,0.737782,0.677263,0.756020,0.743429,0.630503,0.711046,0.685523,0.746944,0.599367,0.654892,0.648340,0.717651,0.737222,0.637195,0.719547,0.722019,0.697424,0.616741,#
14,0.633437,0.686988,0.643068,0.582569,0.491744,0.664635,0.520499,0.611641,0.644248,0.700421,0.580771,0.579598,0.623759,0.564654,1.000000,0.584202,0.623646,0.595588,0.531651,0.579163,0.661788,0.584242,0.615288,0.729764,0.587327,0.467238,0.639430,0.643144,0.463758,0.632123,0.638861,0.615295,0.586511,0.565253,0.578834,0.582035,0.588560,0.684233,0.675429,0.523533,0.555902,0.596201,0.659243,0.619624,0.543813,0.617669,0.611055,0.594649,0.521403,0.547380,0.579461,0.584876,0.482873,0.668304,0.625055,0.634027,0.559195,0.592016,0.626871,0.564153,0.691919,0.648428,0.617425,0.553078,0.607360,0.582783,0.661801,0.579900,0.674843,0.584375,0.560494,0.599363,0.603761,0.523929,0.695864,0.593076,0.529235,0.638453,0.597872,0.499222,0.629418,0.560481,0.623559,0.681578,0.624838,0.667441,0.544421,0.608958,0.644850,0.440272,0.615450,0.498568,0.607132,0.671984,0.703374,0.587503,0.701002,0.530839,0.602292,0.559621,0.643877,0.647159,0.640979,0.523786,0.578842,0.678552,0.556682,0.505082,0.735806,0.559209,0.661637,0.647702,0.667206,0.530650,0.536924,0.663906,0.428561,0.559321,0.532187,0.600322,0.593837,0.682464,0.506132,0.627517,0.720731,0.417351,0.639688,0.623655,0.556834,0.577532,0.558254,0.641103,0.571275,0.576651,0.608120,0.609612,0.630028,0.604769,0.624985,0.649217,0.669727,0.642143,0.458877,0.658180,0.631501,0.602873,0.777243,0.606725,0.602873,0.560724,0.594540,0.570500,0.435277,0.488755,0.624465,0.555596,0.556333,0.606346,0.554581,0.562071,0.624534,0.560467,0.594280,0.555664,0.555456,0.461487,0.475810,0.508455,0.397586,0.656796,0.597179,0.617433,0.640085,0.668850,0.712974,0.552381,0.574400,0.679040,0.478882,0.607465,0.488561,0.635197,0.678665,0.643970,0.619138,0.617927,0.671995,0.534554,0.682898,0.592097,0.488623,0.596639,0.646888,0.551082,0.480566,0.630326,0.574255,0.620996,0.555095,0.439106,#
15,0.728433,0.738187,0.682985,0.779416,0.632465,0.779777,0.680739,0.661652,0.731886,0.656118,0.674698,0.678690,0.584598,0.679490,0.584202,1.000000,0.714282,0.742876,0.768413,0.658706,0.665116,0.736528,0.632938,0.704253,0.733181,0.664179,0.703356,0.633835,0.514099,0.662149,0.742761,0.732221,0.695025,0.702353,0.634271,0.737931,0.768093,0.749439,0.765810,0.637564,0.636087,0.673309,0.696956,0.629410,0.730814,0.640837,0.753862,0.754606,0.778148,0.718719,0.700435,0.665575,0.685652,0.633910,0.669258,0.697806,0.622055,0.747938,0.699117,0.686142,0.746760,0.612799,0.611710,0.791747,0.742469,0.712197,0.741593,0.695517,0.625184,0.594392,0.718268,0.696116,0.668774,0.631210,0.769633,0.615918,0.711951,0.696731,0.746497,0.699631,0.682602,0.636584,0.665326,0.740517,0.802450,0.760302,0.650551,0.658029,0.632668,0.667703,0.681798,0.622204,0.630200,0.692398,0.641878,0.622737,0.596933,0.626366,0.626894,0.663619,0.778344,0.661031,0.739517,0.684492,0.668993,0.703971,0.633327,0.669735,0.718263,0.739142,0.637122,0.593750,0.711717,0.640406,0.624060,0.715580,0.599939,0.633956,0.735216,0.664729,0.643299,0.704518,0.621172,0.754782,0.741010,0.666242,0.756528,0.599381,0.767593,0.704100,0.706270,0.659403,0.649588,0.582265,0.688435,0.648702,0.706093,0.652371,0.749229,0.700162,0.698031,0.678160,0.626586,0.697585,0.729378,0.693628,0.655255,0.679956,0.722973,0.742530,0.682137,0.657424,0.723122,0.655002,0.674145,0.617593,0.746777,0.624889,0.704781,0.631649,0.698086,0.746711,0.688254,0.612727,0.715243,0.721730,0.710027,0.635975,0.669483,0.670803,0.654167,0.782994,0.712014,0.723211,0.765720,0.635290,0.660013,0.716661,0.604652,0.683940,0.645173,0.695178,0.633778,0.704280,0.659744,0.719939,0.658965,0.557926,0.689356,0.774354,0.614537,0.720704,0.653473,0.655797,0.684756,0.625352,0.646385,0.741375,0.748251,0.640921,#
16,0.790253,0.692492,0.654478,0.670533,0.725198,0.770014,0.707481,0.691858,0.699629,0.711819,0.716441,0.717249,0.582731,0.621561,0.623646,0.714282,1.000000,0.779208,0.732227,0.681148,0.751728,0.693797,0.601433,0.727591,0.614032,0.715925,0.680371,0.570109,0.556732,0.650804,0.783995,0.741751,0.742149,0.576942,0.639794,0.724397,0.724632,0.711006,0.675885,0.728162,0.648268,0.662152,0.623784,0.719950,0.623522,0.702321,0.699399,0.749558,0.721420,0.751078,0.623347,0.658958,0.712190,0.731444,0.728634,0.776971,0.552428,0.743616,0.705069,0.647142,0.703000,0.688569,0.699843,0.694537,0.727736,0.643247,0.805916,0.706731,0.762606,0.708842,0.698758,0.757109,0.740908,0.685937,0.717909,0.656869,0.702264,0.777142,0.732076,0.693638,0.759970,0.711459,0.704868,0.736496,0.717589,0.672560,0.694378,0.626608,0.635581,0.673245,0.642979,0.687378,0.690708,0.735156,0.716209,0.791963,0.714832,0.599014,0.709002,0.684594,0.757511,0.695633,0.727267,0.672611,0.690843,0.792420,0.710058,0.672878,0.809672,0.643344,0.732106,0.724587,0.739376,0.769188,0.672122,0.750618,0.642570,0.709073,0.626594,0.540187,0.574909,0.738155,0.685187,0.753166,0.677254,0.681520,0.685354,0.639727,0.725501,0.634345,0.759732,0.672475,0.741868,0.607561,0.757118,0.770768,0.706383,0.691422,0.722284,0.708635,0.727375,0.707268,0.718196,0.728356,0.698156,0.614540,0.725054,0.706147,0.669710,0.689050,0.669440,0.755625,0.619867,0.639562,0.766761,0.637719,0.675679,0.678560,0.678024,0.684586,0.642589,0.673249,0.773829,0.682354,0.707050,0.741107,0.673365,0.624716,0.681357,0.728957,0.708457,0.687654,0.688091,0.724975,0.759746,0.664070,0.586605,0.727750,0.600930,0.745577,0.689343,0.624824,0.701270,0.649523,0.710537,0.686345,0.753620,0.719977,0.716034,0.735575,0.756302,0.654137,0.745061,0.714004,0.649805,0.710262,0.711723,0.797155,0.772663,0.626256,#
17,0.776455,0.700265,0.701850,0.729247,0.782987,0.786130,0.762453,0.679820,0.797364,0.763138,0.710675,0.751515,0.727097,0.766885,0.595588,0.742876,0.779208,1.000000,0.712358,0.788135,0.759307,0.659028,0.710199,0.810365,0.739707,0.714395,0.743046,0.715545,0.623717,0.754726,0.780265,0.802753,0.668278,0.657143,0.663214,0.764055,0.736927,0.838918,0.733340,0.794138,0.694695,0.659696,0.687364,0.725894,0.692364,0.643551,0.749623,0.749086,0.808389,0.772399,0.742955,0.681780,0.689179,0.674346,0.768537,0.804136,0.655772,0.780378,0.731523,0.687713,0.758540,0.700408,0.741368,0.757331,0.741228,0.791190,0.855018,0.716288,0.780745,0.700076,0.729192,0.808437,0.787446,0.712712,0.744884,0.686143,0.789166,0.796599,0.723899,0.791276,0.730552,0.717977,0.797575,0.810272,0.755317,0.706925,0.700540,0.743408,0.673120,0.715232,0.787205,0.702801,0.691237,0.675239,0.699983,0.776344,0.709004,0.618228,0.692917,0.830799,0.768434,0.749221,0.754057,0.764310,0.736826,0.716818,0.728793,0.689385,0.751314,0.741349,0.713507,0.666162,0.765317,0.757160,0.724781,0.776827,0.649108,0.691607,0.716711,0.660385,0.698512,0.725363,0.715816,0.820154,0.773631,0.748056,0.719722,0.767097,0.725913,0.723563,0.787030,0.792804,0.724572,0.719000,0.759209,0.724966,0.790719,0.747276,0.757206,0.750434,0.830267,0.723895,0.793991,0.769869,0.748632,0.720010,0.779732,0.718688,0.755323,0.752381,0.740395,0.762613,0.689817,0.726287,0.742381,0.751588,0.821138,0.732669,0.725196,0.749053,0.738692,0.710116,0.767901,0.689417,0.809728,0.732610,0.618566,0.570650,0.701894,0.735048,0.756140,0.740661,0.766662,0.763631,0.841382,0.665195,0.736787,0.804637,0.641843,0.697207,0.744740,0.759504,0.729596,0.705222,0.769085,0.732040,0.753664,0.763871,0.716022,0.742466,0.678965,0.754775,0.780572,0.739720,0.721793,0.723332,0.775041,0.793022,0.766249,0.629049,#
18,0.743549,0.746710,0.612535,0.771788,0.680716,0.760407,0.721375,0.713387,0.725177,0.648275,0.803697,0.732147,0.728573,0.761264,0.531651,0.768413,0.732227,0.712358,1.000000,0.677148,0.720667,0.728889,0.694009,0.661523,0.631821,0.756176,0.742280,0.681832,0.647961,0.738555,0.658295,0.788860,0.739676,0.753711,0.731069,0.797198,0.698976,0.747107,0.729018,0.704534,0.761905,0.625807,0.654413,0.665834,0.750978,0.705961,0.764795,0.747778,0.818561,0.680675,0.705367,0.689873,0.717025,0.619398,0.794459,0.754490,0.636130,0.786597,0.730631,0.785692,0.711491,0.636998,0.694316,0.746098,0.798158,0.672118,0.760883,0.686298,0.722023,0.722825,0.715025,0.773483,0.749890,0.713161,0.766076,0.678629,0.743878,0.712298,0.774366,0.646351,0.713942,0.644031,0.677032,0.769987,0.726152,0.720312,0.691512,0.667639,0.761914,0.706801,0.698516,0.668050,0.755225,0.772334,0.728813,0.681547,0.679545,0.739520,0.732730,0.742038,0.731922,0.650186,0.728528,0.779421,0.753129,0.728819,0.647381,0.680758,0.781442,0.746796,0.747341,0.694692,0.754156,0.784240,0.644320,0.723399,0.664831,0.681178,0.737851,0.686801,0.628143,0.809773,0.662013,0.758629,0.692011,0.724352,0.782006,0.643748,0.777904,0.622588,0.789056,0.710572,0.688300,0.652176,0.737824,0.710667,0.806186,0.726661,0.715784,0.725435,0.769531,0.741951,0.679785,0.779847,0.706910,0.668283,0.685076,0.655175,0.744273,0.680498,0.711148,0.795115,0.713776,0.646141,0.698517,0.743610,0.761313,0.738315,0.721422,0.667063,0.769862,0.723372,0.782910,0.731791,0.759577,0.679911,0.825739,0.654538,0.618759,0.709972,0.695146,0.745409,0.724934,0.713861,0.692221,0.698634,0.721550,0.781200,0.688095,0.789544,0.749752,0.684436,0.692188,0.682337,0.737979,0.732519,0.677243,0.715252,0.683778,0.802352,0.657991,0.717819,0.647556,0.781050,0.735793,0.691693,0.711733,0.772404,0.761643,0.662497,#
19,0.655855,0.722405,0.671619,0.688719,0.679500,0.743317,0.629281,0.654170,0.737675,0.637488,0.682204,0.623903,0.653666,0.677712,0.579163,0.658706,0.681148,0.788135,0.677148,1.000000,0.722202,0.641177,0.604234,0.653189,0.601388,0.653056,0.680811,0.667252,0.632889,0.633478,0.719808,0.835543,0.622261,0.601841,0.516147,0.786519,0.598951,0.737748,0.670373,0.627717,0.654157,0.590247,0.624118,0.677463,0.603777,0.681519,0.754444,0.684219,0.688623,0.571281,0.587141,0.610794,0.661651,0.600339,0.680340,0.625057,0.650927,0.749269,0.698550,0.563541,0.701972,0.558805,0.689136,0.680485,0.636309,0.713651,0.704654,0.549907,0.716388,0.693937,0.620840,0.706347,0.708201,0.648945,0.704183,0.527444,0.616050,0.634043,0.579386,0.639989,0.692237,0.593310,0.752441,0.685094,0.663779,0.576387,0.677864,0.698510,0.687878,0.608208,0.695921,0.650431,0.647362,0.673978,0.686256,0.643917,0.653741,0.520979,0.612368,0.739142,0.680159,0.661080,0.676880,0.648895,0.664976,0.635115,0.622215,0.617515,0.692797,0.622450,0.677345,0.590656,0.649944,0.670086,0.705347,0.660603,0.600092,0.647129,0.609352,0.567012,0.676804,0.667803,0.558698,0.821264,0.706957,0.639851,0.676509,0.587849,0.771149,0.785568,0.693846,0.734385,0.679964,0.740621,0.740267,0.692776,0.640763,0.672909,0.696636,0.688797,0.737464,0.621335,0.639616,0.701011,0.650286,0.605395,0.625408,0.598753,0.662205,0.642554,0.643650,0.719371,0.573331,0.596575,0.708222,0.601861,0.755212,0.699721,0.553031,0.603460,0.633666,0.647785,0.644312,0.625798,0.681019,0.597345,0.585894,0.603075,0.590161,0.653570,0.708026,0.741905,0.714149,0.608932,0.731396,0.529471,0.658378,0.746900,0.601328,0.594681,0.581519,0.599704,0.652782,0.727601,0.587703,0.666659,0.663254,0.706329,0.727280,0.731227,0.578982,0.640679,0.689078,0.684338,0.650152,0.683972,0.597695,0.665204,0.631172,0.531485,#
20,0.780198,0.758121,0.593996,0.653148,0.666354,0.735352,0.716400,0.720008,0.700198,0.776342,0.705621,0.657524,0.663189,0.709705,0.661788,0.665116,0.751728,0.759307,0.720667,0.722202,1.000000,0.680497,0.628004,0.733726,0.664807,0.699856,0.713717,0.739668,0.558307,0.748729,0.707428,0.711840,0.634977,0.690794,0.677237,0.730168,0.660050,0.715121,0.694966,0.750101,0.702225,0.743215,0.633465,0.797886,0.699452,0.649291,0.720105,0.754166,0.721865,0.686857,0.669746,0.725955,0.638783,0.667965,0.692538,0.749003,0.639878,0.749641,0.711884,0.653152,0.743707,0.683675,0.786433,0.662238,0.757075,0.737404,0.821884,0.674208,0.751990,0.598808,0.654299,0.773696,0.699929,0.699945,0.722544,0.603938,0.667295,0.757112,0.726789,0.733638,0.679145,0.746248,0.709684,0.777572,0.658243,0.701605,0.743782,0.675901,0.722612,0.727749,0.702892,0.703642,0.636310,0.740746,0.754077,0.685124,0.601416,0.551187,0.639903,0.740511,0.776300,0.742328,0.756308,0.747797,0.787465,0.654761,0.690979,0.734677,0.783720,0.737904,0.731733,0.732082,0.663639,0.664604,0.685542,0.687911,0.608974,0.700222,0.588781,0.567511,0.696799,0.724479,0.645176,0.774693,0.725650,0.714458,0.651408,0.637255,0.660079,0.660625,0.710518,0.678953,0.714406,0.733803,0.772586,0.664765,0.656729,0.783543,0.744665,0.745360,0.744327,0.633716,0.703013,0.781507,0.735222,0.675739,0.743725,0.692130,0.711874,0.744335,0.711710,0.719330,0.702729,0.632187,0.781997,0.707948,0.688353,0.726529,0.648825,0.715611,0.713328,0.739049,0.687270,0.686351,0.793643,0.614678,0.625082,0.567163,0.627606,0.744271,0.711959,0.655451,0.781517,0.748892,0.757330,0.641793,0.690280,0.765962,0.620819,0.784628,0.633097,0.675494,0.673089,0.648032,0.657560,0.736529,0.707065,0.727920,0.676648,0.669944,0.614286,0.646734,0.678208,0.726193,0.683950,0.694028,0.757631,0.771441,0.736727,0.609019,#
21,0.652741,0.827291,0.629555,0.677825,0.588626,0.791456,0.618472,0.603364,0.780854,0.648990,0.654398,0.639166,0.524966,0.614111,0.584242,0.736528,0.693797,0.659028,0.728889,0.641177,0.680497,1.000000,0.640527,0.725395,0.603032,0.618441,0.754522,0.648697,0.536224,0.663610,0.669308,0.653549,0.683744,0.631335,0.653564,0.712466,0.630700,0.734145,0.671548,0.608470,0.684683,0.684892,0.640468,0.657443,0.674913,0.645168,0.626637,0.715329,0.745002,0.643512,0.532974,0.698808,0.633334,0.580262,0.685786,0.706450,0.644788,0.693181,0.747036,0.572473,0.702588,0.619271,0.647133,0.637886,0.747200,0.577493,0.722550,0.633234,0.675163,0.717818,0.596935,0.768517,0.700995,0.667950,0.714023,0.634796,0.681836,0.668840,0.722821,0.630804,0.607064,0.649280,0.709170,0.718507,0.786618,0.610802,0.602450,0.713304,0.730588,0.715653,0.580974,0.580399,0.668630,0.651053,0.700916,0.647707,0.596857,0.589687,0.629644,0.689384,0.744517,0.582532,0.638153,0.671049,0.594489,0.689383,0.607519,0.605282,0.679933,0.712467,0.681391,0.656611,0.689617,0.686409,0.544014,0.582366,0.607559,0.720751,0.573626,0.667143,0.640061,0.632019,0.615549,0.705388,0.631739,0.590115,0.679462,0.647969,0.685226,0.680737,0.678644,0.718637,0.604108,0.658385,0.782739,0.568016,0.677375,0.637365,0.698509,0.678383,0.769117,0.646832,0.627459,0.674505,0.638630,0.585339,0.688199,0.651126,0.615017,0.694066,0.644833,0.768374,0.677945,0.628920,0.606926,0.591127,0.696331,0.646919,0.537007,0.701344,0.697607,0.651215,0.735864,0.645869,0.744083,0.652490,0.651377,0.590994,0.545980,0.686684,0.727449,0.627087,0.689740,0.652936,0.633630,0.617192,0.576794,0.730990,0.577938,0.690900,0.665779,0.684616,0.604925,0.681796,0.639550,0.735223,0.738663,0.516826,0.652106,0.719429,0.607330,0.603884,0.636617,0.628755,0.672980,0.623644,0.637272,0.748779,0.641941,0.657043,#
