0,1.000000,0.244859,0.245391,0.204334,0.070864,0.254736,0.389080,0.270234,0.313774,0.046000,0.312278,0.346569,0.304280,0.292677,0.068777,0.270671,0.297370,0.365137,0.291779,0.331659,0.269411,0.252752,0.316255,0.243533,-0.035014,0.224990,0.046449,0.194441,0.311944,0.245154,0.086236,0.318102,0.225493,0.320369,0.347152,0.113848,0.182238,0.274328,0.338301,0.341339,0.312626,0.190644,0.328779,0.100274,0.309268,0.107799,0.236339,0.221425,0.339046,0.278533,0.267618,0.350477,0.325206,0.325369,0.265792,0.355682,0.388318,0.386397,0.297276,0.206936,0.332404,0.207653,0.287008,0.199496,0.451665,0.122486,0.398229,0.082050,0.109010,0.078613,0.237358,0.425613,0.306910,0.379216,0.159523,0.381143,0.431069,0.105698,0.361090,0.211013,0.176996,0.365024,0.435195,0.307735,0.199683,0.365145,0.222533,0.391525,0.170206,0.474929,0.174383,0.162970,0.190441,0.030915,0.229872,0.134239,0.213176,0.295809,0.191463,0.408681,0.310230,0.202471,0.279430,0.369462,0.195419,0.389809,0.095829,0.343745,0.156366,-0.164057,0.165737,0.325803,0.200433,0.335763,0.437872,0.401995,0.381695,0.255977,0.415889,0.329265,0.212598,0.384253,0.456554,0.392713,0.368614,0.331717,0.104006,0.260879,0.303148,0.332849,0.319868,0.244645,0.268677,0.251354,0.267025,0.438079,0.188364,0.439160,0.295890,0.327825,0.109889,0.051690,0.146542,0.281594,0.114619,0.012167,0.243806,0.114013,0.224112,0.258479,0.446415,0.433781,0.347471,0.332162,0.173807,0.221384,0.340047,0.300975,0.564984,0.378716,0.318358,0.399312,0.302637,0.320075,0.505525,0.161754,0.300543,0.381215,0.299645,0.024915,0.223981,0.214741,0.252629,0.434302,0.304396,0.369618,0.329888,0.408850,0.115568,0.014372,0.328226,0.279495,0.196783,0.272570,0.169316,0.057421,0.251434,0.161846,0.190713,0.013559,0.187062,0.276229,0.212489,0.325292,0.254435,0.290133,0.213028,0.381396,0.242401,0.373017,#
1,0.244859,1.000000,0.357971,0.366278,0.388829,0.336424,0.231766,0.422984,0.613186,0.322307,0.402759,0.232572,0.500212,0.424088,0.412876,0.411226,0.397678,0.311712,0.480109,0.468400,0.315062,0.481614,0.438841,0.235871,0.221365,0.196563,0.305942,0.457269,0.446700,0.307556,0.353473,0.538049,0.410991,0.443191,0.267650,0.354964,0.338220,0.468427,0.628363,0.213342,0.325330,0.134694,0.377490,0.156727,0.318658,0.305150,0.267639,0.203560,0.436135,0.327163,0.170035,0.451127,0.328655,0.322072,0.502096,0.181657,0.357986,0.247474,0.186184,0.003737,0.448974,0.372750,0.015679,0.303060,0.328392,0.426352,0.282768,0.282027,0.283520,0.403328,0.341468,0.428973,0.456489,0.231785,0.470701,0.449458,0.357335,0.256133,0.311948,0.349169,0.364930,0.204705,0.503479,0.308893,0.453797,0.285510,0.267076,0.431381,0.346798,0.328870,0.315069,0.266481,0.533333,0.339802,0.463351,0.180690,0.292732,0.464204,0.354599,0.416434,0.468436,0.186305,0.332642,0.326606,0.257844,0.501719,0.147449,0.415434,0.350667,0.144467,0.325158,0.206589,0.240523,0.480466,0.371649,0.183758,0.334443,0.279449,0.369926,0.315581,0.396673,0.257286,0.282244,0.267722,0.375603,0.270274,0.205338,0.185796,0.503015,0.423529,0.254809,0.482424,0.124421,0.184961,0.482843,0.470196,0.227944,0.291391,0.348188,0.176790,0.489989,0.335009,0.449813,0.571766,0.257256,0.274431,0.263190,0.198405,0.450887,0.332663,0.363126,0.505494,0.417369,0.317145,0.402093,0.374586,0.503204,0.285352,0.368261,0.332364,0.454991,0.387737,0.386017,0.451401,0.219986,0.167264,0.482009,0.345096,0.365002,0.079912,0.365138,0.359009,0.336684,0.233129,0.398710,0.502350,0.380224,0.645838,-0.096023,0.015811,0.449550,0.364368,0.398038,0.385405,0.227442,0.335988,0.381224,0.167985,0.318339,0.329726,0.497557,0.405576,0.307375,0.450699,0.461831,0.181868,0.206173,0.326441,0.265724,0.292147,#
2,0.245391,0.357971,1.000000,0.294763,0.220157,0.338934,0.337617,0.198657,0.486241,0.164885,0.139665,0.080862,0.234704,0.317288,0.209558,0.368538,0.091970,0.332264,0.236748,0.349864,0.194934,0.178101,0.243628,0.382385,0.133825,0.273861,0.395877,0.343743,0.443991,0.230669,0.348821,0.302772,0.255859,0.253847,0.315595,0.154519,0.178490,0.277377,0.376241,0.320067,0.118734,0.153005,0.377640,0.238168,0.106672,0.112186,0.291058,0.086622,0.214255,0.333012,0.341422,0.388030,0.390087,0.348065,0.324727,0.381175,0.340767,0.059051,0.220445,0.248645,0.580373,0.252734,-0.021097,0.318385,0.173472,0.313010,0.144877,0.375747,0.205299,0.427749,0.313711,0.292443,0.243386,0.346536,0.279194,0.179891,0.239455,0.166957,0.291084,0.202509,0.295954,0.297006,0.427841,0.291942,0.491015,0.271446,-0.074860,0.529725,-0.055218,0.305318,0.355173,0.122670,0.525675,0.335842,0.283594,0.231054,0.209086,0.245527,0.427394,0.261474,0.384785,0.172651,0.211709,0.185223,0.016575,0.269117,0.329880,0.269919,0.149986,-0.094322,0.243274,0.110928,0.278959,0.249066,0.193678,0.135014,0.266660,0.343315,0.316870,0.117143,0.279161,0.060745,0.252517,0.464419,0.262907,0.202929,0.156690,0.239651,0.362887,0.410642,0.406395,0.224933,0.387732,0.359801,0.294775,0.357400,0.347689,0.427286,0.525368,0.322715,0.011025,0.364772,0.098358,0.210265,0.108667,0.384246,0.092590,0.222926,0.279697,0.277981,0.390362,0.367754,0.318318,0.379522,0.229045,0.228917,0.227674,0.055624,0.354540,0.211150,0.157589,0.289479,0.257454,0.358381,0.200460,0.214404,0.314684,0.207778,0.305608,0.179711,0.294533,0.170900,0.299813,0.187713,0.372928,0.377275,0.266938,0.364615,0.141635,0.100296,0.231004,0.458536,0.094398,0.533502,0.142653,0.236018,0.310667,0.142955,0.244885,0.193839,0.330896,0.330271,0.521124,0.323708,0.191133,0.190261,0.150417,0.216956,0.232280,0.483413,#
3,0.204334,0.366278,0.294763,1.000000,0.433540,0.359021,0.346912,0.333870,0.593555,0.361990,0.487866,0.167024,0.361904,0.375510,0.202364,0.339494,0.194305,0.256560,0.403350,0.398339,0.157912,0.235847,0.384187,0.224523,0.179000,0.367244,0.328945,0.477706,0.284926,0.417360,0.225265,0.444944,0.237280,0.351598,0.429162,0.273918,0.239385,0.400242,0.285974,0.460506,0.341937,0.115177,0.473258,0.536420,0.214244,0.414568,0.384019,0.145992,0.366081,0.202597,0.415028,0.232779,0.409399,0.236901,0.203454,0.524430,0.314054,0.251280,0.425411,0.337492,0.292072,0.197166,0.136188,0.440473,0.492651,0.339385,0.222131,0.325645,0.024715,0.178433,0.098710,0.379151,0.522615,0.254645,0.099077,0.366353,0.203641,0.293349,0.174806,0.362159,0.352024,0.335657,0.389155,0.247972,0.372174,0.444415,0.274676,0.457928,0.133385,0.318184,0.377942,0.378996,0.440344,0.361849,0.304820,0.240043,0.069712,0.395874,0.470298,0.396257,0.172851,0.388031,0.232456,0.192178,0.481086,0.235582,0.078774,0.278248,0.289944,0.139075,0.155423,0.233271,0.165653,0.262116,0.164978,0.380160,0.195266,0.062504,0.402766,0.156223,0.336400,0.366666,0.374080,0.198740,0.234705,0.350273,0.154381,0.536452,0.287636,0.199798,0.343404,0.294836,0.162059,0.262999,0.319197,0.366456,0.413881,0.270532,0.147599,0.259643,0.141664,0.456170,0.466021,0.230992,0.200901,0.510070,0.109375,0.348476,0.429208,0.316805,0.393153,0.491463,0.355743,0.400845,0.197909,0.147644,0.362589,0.180054,0.449307,0.372845,0.429863,0.332904,0.178725,0.228346,0.225144,0.307227,0.456527,0.212897,0.399298,0.085674,0.283762,0.353786,0.248995,0.233101,0.343336,0.326503,0.509929,0.461599,0.127150,0.132954,0.202235,0.385181,0.234027,0.439875,0.290936,0.460019,0.310966,0.070280,0.281881,0.501684,0.488988,0.386672,0.175078,0.091446,0.334486,0.402027,0.335928,0.316885,0.143814,0.413710,#
4,0.070864,0.388829,0.220157,0.433540,1.000000,0.397599,0.340465,0.408504,0.481560,0.294261,0.192954,0.358245,0.514054,0.294691,0.260737,0.343476,0.405116,0.445601,0.321163,0.469073,0.367125,0.269731,0.420099,0.469852,0.235321,0.415157,0.399467,0.255615,0.457386,0.378879,0.465467,0.436038,0.443855,0.299029,0.376947,0.320358,0.427714,0.470386,0.328755,0.318385,0.415583,0.048126,0.310182,0.402933,0.016835,0.305064,0.262489,0.384827,0.517783,0.397986,0.460065,0.299125,0.459596,0.259844,0.424335,0.450435,0.317240,0.308403,0.274658,0.196360,0.096346,0.200936,0.217819,0.238272,0.483811,0.510289,0.452367,0.233318,0.297454,0.307990,0.104438,0.358905,0.401157,0.448066,0.256228,0.260040,0.219114,0.455376,0.332198,0.506329,0.193489,0.366308,0.470516,0.291029,0.304369,0.382175,-0.037643,0.206315,0.193996,0.367639,0.360670,0.429102,0.353835,0.289598,0.226960,0.245510,0.369710,0.310006,0.265223,0.369895,0.365800,0.340683,0.379749,0.234300,0.163934,0.284083,0.402694,0.379683,0.464180,0.228613,0.267907,0.233489,0.201819,0.507131,0.454116,0.245496,0.369982,0.318080,0.450399,0.082434,0.326428,0.187552,0.557452,0.182284,0.283784,0.468444,0.110431,0.556475,0.457763,0.403742,0.383025,0.297530,0.162187,0.301674,0.480418,0.381790,0.415757,0.393970,0.254688,0.165040,0.274056,0.376135,0.445702,0.338845,0.231885,0.292236,0.443521,0.342302,0.279352,0.425755,0.420144,0.463637,0.187439,0.311090,0.361882,0.502033,0.558981,0.144109,0.317658,0.390926,0.293797,0.260098,0.503883,0.195684,0.329755,0.232342,0.245177,0.192123,0.435488,0.223652,0.342347,0.324663,0.328073,0.220856,0.415605,0.336471,0.667674,0.472654,0.171965,0.152141,0.298966,0.334924,0.366079,0.283914,0.423179,0.390071,0.475000,0.336178,0.364310,0.332787,0.324460,0.307525,0.268510,0.257856,0.141838,0.324256,0.368497,0.337202,0.431896,0.208101,#
5,0.254736,0.336424,0.338934,0.359021,0.397599,1.000000,0.180631,0.224799,0.476089,-0.030016,0.325038,0.255829,0.123900,-0.028666,0.340292,0.524366,0.252083,0.314547,0.107814,0.483656,0.242646,0.264095,0.107523,0.239176,0.085395,0.350222,0.408819,0.266545,0.268218,0.225269,0.397167,0.465944,0.319860,0.230401,0.431418,0.319605,0.302257,0.319565,0.322107,0.239538,0.369473,0.066526,0.223804,0.091111,0.185742,0.427535,0.309647,0.192557,0.494466,0.079880,0.200751,0.293437,0.202088,0.400137,0.130797,0.535523,0.364893,0.280799,0.350016,0.082891,0.393019,0.384740,0.229264,0.426022,0.378562,0.292421,0.192290,0.160008,-0.054442,0.271198,0.335891,0.330718,0.323931,0.265524,0.108480,0.383522,0.497186,0.162645,0.123612,0.335272,0.431671,0.263868,0.456607,0.123439,0.331668,0.349558,0.211625,0.501002,0.148943,0.233894,0.242439,0.192341,0.425696,0.312409,0.288200,0.031746,0.260913,0.210136,0.357305,0.250971,0.368484,0.291994,0.544904,0.284453,0.220212,0.289441,0.197331,0.212592,0.117272,0.091854,0.120510,0.301990,0.157992,0.204960,0.089963,0.168451,0.299152,0.152310,0.326460,0.288120,0.214686,0.107670,0.371962,0.329751,0.123353,0.324929,0.170442,0.401751,0.423365,0.467020,0.303622,0.365250,0.246051,0.360934,0.335261,0.273120,0.414576,0.309202,0.147079,0.317144,0.198367,0.042286,0.292769,0.346360,0.226159,0.184956,0.205297,0.253666,0.296301,0.300968,0.408615,0.358058,0.115429,0.394830,0.283854,0.132334,0.441225,0.114693,0.329783,0.446207,0.291494,0.362911,0.284648,0.120576,0.329617,0.107531,0.135402,0.380118,0.370825,0.153167,0.134240,0.225215,0.166905,0.220209,0.485011,0.281167,0.250698,0.360114,0.010753,0.148981,0.321155,0.425156,0.329438,0.296744,0.338563,0.198484,0.450791,0.100840,0.065859,0.438836,0.123821,0.311378,0.148372,0.292954,-0.048517,0.316660,0.165398,0.128416,0.164106,0.230709,#
6,0.389080,0.231766,0.337617,0.346912,0.340465,0.180631,1.000000,0.174257,0.355874,0.113279,0.238727,0.159502,0.444255,0.374175,0.119475,0.151501,0.300256,0.404438,0.303182,0.341274,0.375872,0.181595,0.157090,0.435354,0.155814,0.189081,0.183510,0.300063,0.367536,0.343965,0.293817,0.440856,0.276820,0.382850,0.513597,0.229419,0.175099,0.237429,0.221508,0.422663,0.197636,0.337778,0.271190,0.243979,0.365873,0.093442,0.356226,0.019222,0.511462,0.360908,0.396342,0.507523,0.450377,0.051357,0.445759,0.413018,0.402544,0.310354,0.409390,0.211228,0.230498,0.307585,0.054704,0.145264,0.519096,0.295005,0.528021,0.093688,0.260799,0.261670,0.068410,0.314400,0.261733,0.451434,0.218508,0.250803,0.343348,0.197437,0.241166,0.225573,0.147515,0.315071,0.370511,0.329537,0.235690,0.403428,0.083933,0.216605,0.371270,0.435656,0.208628,0.276740,0.127556,0.205969,0.256218,0.278098,0.308071,0.302875,0.317215,0.246319,0.451733,0.301937,0.329051,0.298944,0.188725,0.143423,0.313954,0.187707,0.300295,0.026417,0.099444,0.071385,0.051023,0.423404,0.387236,0.117871,0.386593,0.324884,0.424169,0.291737,0.365589,0.293854,0.280130,0.408941,0.489067,0.424121,0.181588,0.312042,0.159500,0.352215,0.170232,0.305940,0.310904,0.185345,0.283815,0.447595,0.367177,0.343814,0.459229,0.231665,0.353787,0.240809,0.267035,0.313403,0.217762,0.362040,0.127490,0.236534,0.172230,0.216673,0.369557,0.509475,0.225647,0.346521,0.065529,0.308475,0.443769,0.173714,0.470435,0.317786,0.398149,0.362241,0.299810,0.346082,0.315120,0.316510,0.362395,0.258451,0.369271,0.118819,0.318599,0.200194,0.170497,0.126511,0.150974,0.291476,0.510540,0.461650,0.184237,0.055175,0.286811,0.259905,0.406744,0.457356,0.073664,0.231681,0.250817,0.396154,0.134043,0.151004,0.113700,0.268618,0.274602,0.252227,0.239662,0.257064,0.152304,0.362007,0.385746,0.293262,#
7,0.270234,0.422984,0.198657,0.333870,0.408504,0.224799,0.174257,1.000000,0.516370,0.315058,0.166352,0.370186,0.353956,0.335103,0.365604,0.241504,0.376364,0.308561,0.557505,0.367038,0.244838,0.359361,0.511738,0.341581,0.319261,0.406429,0.250717,0.459095,0.343409,0.368105,0.057847,0.354585,0.304719,0.234373,0.299870,0.145021,0.434130,0.275508,0.319855,0.216167,0.488754,0.120625,0.438141,0.326353,0.164157,0.394205,0.252764,0.316407,0.265125,0.128316,0.226956,0.247678,0.313309,0.349447,0.339677,0.286376,0.260425,0.359672,0.192690,0.205710,0.180720,0.252693,0.139279,0.130294,0.384354,0.408872,0.451539,0.416463,0.272289,0.374176,0.305952,0.010033,0.439145,0.320048,0.285550,0.235575,0.418908,0.129111,0.417606,0.218802,0.252879,0.427861,0.464881,0.138413,0.488530,0.216186,0.339175,0.397375,0.186252,0.424599,0.350752,0.321025,0.387072,0.283278,0.511161,0.206122,0.362292,0.532466,0.344636,0.335258,0.487525,0.119893,0.291098,0.288343,0.206502,0.400823,0.275304,0.417592,0.258647,-0.053898,0.500000,0.259909,0.341528,0.484781,0.255491,0.163805,0.312487,0.177713,0.269139,0.349162,0.345053,0.283618,0.397701,0.387939,0.400174,0.249880,0.175800,0.404360,0.334868,0.282669,0.392782,0.230804,0.176610,0.147095,0.432692,0.566507,0.551031,0.292737,0.222418,0.319178,0.300861,0.373008,0.412854,0.184359,0.252970,0.354085,0.331511,0.147216,0.327605,0.283513,0.280023,0.530475,0.335147,0.312496,0.409093,0.420043,0.255506,0.193670,0.434831,0.185478,0.474100,0.218535,0.531674,0.094025,0.459110,0.207552,0.427611,0.345131,0.226245,-0.006885,0.364927,0.474217,0.162946,0.280571,0.274169,0.518296,0.385251,0.443596,0.093343,0.073186,0.407761,0.171231,0.367576,0.369266,0.226610,0.346240,0.365530,0.278534,0.376402,0.279085,0.494897,0.466743,0.225005,0.146590,0.120266,0.222273,0.292983,0.302432,0.270258,0.347841,#
8,0.313774,0.613186,0.486241,0.593555,0.481560,0.476089,0.355874,0.516370,1.000000,0.489722,0.336401,0.414070,0.520531,0.397222,0.426918,0.396335,0.377975,0.392494,0.411582,0.540322,0.345114,0.444388,0.369124,0.366919,0.024433,0.531204,0.384411,0.634377,0.390744,0.362928,0.280971,0.518594,0.468941,0.450534,0.434172,0.292355,0.384199,0.411137,0.440036,0.404920,0.493116,0.327252,0.606772,0.367258,0.291280,0.277861,0.317332,0.219226,0.495055,0.380600,0.352072,0.445641,0.417849,0.534329,0.440126,0.429693,0.281400,0.487498,0.414565,0.244163,0.394378,0.391884,0.252252,0.386829,0.422394,0.510009,0.426767,0.420976,0.321463,0.505460,0.199867,0.480453,0.517464,0.556193,0.259496,0.370002,0.364311,0.428275,0.378831,0.423521,0.239565,0.381564,0.537776,0.382871,0.539051,0.487965,0.229156,0.489514,0.201676,0.366485,0.433324,0.389313,0.649878,0.374405,0.533814,0.251967,0.277095,0.513651,0.595035,0.403124,0.329442,0.353971,0.429723,0.424608,0.337740,0.439316,0.410088,0.459780,0.327668,0.208353,0.495989,0.431446,0.450501,0.499657,0.399387,0.373930,0.359684,0.295335,0.451176,0.472202,0.373768,0.218766,0.538040,0.429855,0.405051,0.490192,0.229404,0.396961,0.518867,0.424788,0.403974,0.242282,0.322174,0.508830,0.620284,0.446651,0.495316,0.469760,0.295205,0.505268,0.314233,0.513155,0.437664,0.345886,0.291844,0.332786,0.343283,0.142682,0.388379,0.502910,0.398121,0.581555,0.336583,0.597102,0.413998,0.348201,0.444113,0.250376,0.523183,0.506955,0.495395,0.389595,0.475749,0.455850,0.347434,0.175716,0.403341,0.469140,0.428189,0.388737,0.464377,0.430140,0.327083,0.374810,0.578130,0.539947,0.429706,0.586450,0.250537,-0.019724,0.471962,0.486178,0.234829,0.537507,0.396391,0.470369,0.464307,0.264336,0.495109,0.428460,0.504647,0.447626,0.478512,0.332663,0.303364,0.404170,0.362114,0.231062,0.220860,0.527550,#
9,0.046000,0.322307,0.164885,0.361990,0.294261,-0.030016,0.113279,0.315058,0.489722,1.000000,0.147725,0.010511,0.327466,0.402967,0.303584,0.194691,0.281998,0.246172,0.307437,0.371266,0.449290,0.310708,0.372619,0.279495,0.012449,0.267157,0.274451,0.488371,0.088112,0.518614,0.022007,0.172380,0.316881,0.376090,0.354346,0.277666,0.224381,0.190433,0.271233,0.352811,0.341880,0.343804,0.247022,0.239912,0.246878,0.102248,0.084196,0.156707,0.241187,0.116669,0.111420,0.200354,0.204644,0.276005,0.254140,0.185308,0.147733,0.432830,0.165374,0.191568,0.260904,0.079442,0.143156,0.305729,0.275579,0.524771,0.433918,0.258299,0.319022,0.244524,0.142996,0.148978,0.151257,0.282719,0.251108,0.188482,0.040458,0.377000,0.125447,0.380558,0.033352,0.273658,0.333302,0.427299,0.337079,0.132520,0.057529,0.271218,0.053462,0.189642,0.357352,0.205478,0.459255,0.194395,0.286136,0.179862,0.063936,0.340958,0.257678,0.264577,0.245823,0.248638,0.162488,0.250146,0.299128,0.348633,0.254487,0.240949,0.354169,0.272139,0.343741,0.255095,0.388964,0.179831,0.191574,0.438405,0.093145,0.181849,0.190545,0.136295,0.314990,0.046095,0.397842,0.306171,0.316507,0.220702,0.352335,0.142737,0.401527,0.170893,0.177085,0.314625,0.192158,0.354265,0.340759,0.224139,0.175310,0.303348,0.185641,0.448185,0.110170,0.625894,0.336560,0.142542,0.229704,0.376546,0.350837,0.317472,0.235232,0.282458,0.073241,0.307372,0.256308,0.368717,0.135459,0.353899,0.198043,0.323828,0.325261,0.393182,0.291170,0.350902,0.287654,0.303952,0.305706,0.170689,0.150228,0.269141,0.460082,0.057722,0.370145,0.538865,0.215734,0.261746,0.424561,0.457664,0.228127,0.418023,0.269826,0.169426,0.290185,0.192906,0.187045,0.392658,0.203639,0.686512,0.165599,0.133530,0.440762,0.129708,0.369831,0.399851,0.219029,0.100700,0.206635,0.172682,0.154430,0.132520,0.123160,0.214995,#
10,0.312278,0.402759,0.139665,0.487866,0.192954,0.325038,0.238727,0.166352,0.336401,0.147725,1.000000,0.280137,0.244866,0.334785,0.127939,0.341858,0.207368,0.123272,0.402939,0.352822,0.257961,0.165660,0.404572,0.265621,-0.025751,0.130869,0.239606,0.493627,0.272840,0.399028,0.286520,0.248212,0.247839,0.452150,0.418176,0.265939,0.222540,0.334182,0.339713,0.091166,0.294547,0.150110,0.193799,0.266337,0.250962,0.442127,0.373530,0.225798,0.447589,0.307338,0.064171,0.181625,0.444981,0.219008,0.218735,0.259417,0.450791,0.330445,0.194971,0.041382,0.407281,0.327099,0.335839,0.389170,0.475066,0.119554,0.081533,0.031377,0.105368,0.347691,0.234264,0.393493,0.353398,0.218869,0.073818,0.308185,0.273308,0.368936,0.264113,0.183899,0.362105,0.255740,0.414963,0.267785,0.279843,0.182739,0.353370,0.396712,0.234557,0.323826,0.233890,0.383610,0.419837,0.325715,0.332456,0.282609,0.061616,0.364082,0.390856,0.536293,0.371232,0.287148,0.340116,0.440778,0.569715,0.236529,-0.032095,0.300071,0.285735,0.182287,0.147219,0.165885,0.232279,0.199624,0.171018,0.256285,0.194203,0.105401,0.453183,0.319054,0.396006,0.431194,0.140808,0.216802,-0.027634,0.400897,0.349471,0.267772,0.416659,0.110950,0.093772,0.151363,0.207424,0.262466,0.433329,0.392769,0.314958,0.163813,0.252643,0.210018,0.383776,0.153250,0.205492,0.363642,-0.029775,0.090289,0.129426,0.279101,0.416793,0.151265,0.405053,0.314918,0.350031,0.276724,0.274237,0.258640,0.441545,0.413234,0.488490,0.353938,0.446702,0.349020,0.270269,0.338696,0.248358,0.098377,0.341963,0.382540,0.360877,0.120136,0.360202,0.276419,0.151842,0.118067,0.236341,0.364252,0.341507,0.495460,0.046466,0.366378,0.265058,0.093161,0.363872,0.293166,0.127939,0.238450,0.093664,0.287574,0.153191,0.452886,0.367867,0.148375,0.188221,0.280515,0.294240,0.323450,0.083782,0.336378,0.338207,0.342802,#
11,0.346569,0.232572,0.080862,0.167024,0.358245,0.255829,0.159502,0.370186,0.414070,0.010511,0.280137,1.000000,0.412420,0.177406,0.286550,0.305643,0.235674,0.355459,0.308851,0.207321,0.181571,0.105021,0.363453,0.223911,0.062749,0.244106,0.119344,0.323053,0.384337,0.157206,0.217066,0.263104,0.271929,0.268569,0.234621,0.120335,0.321794,0.243209,0.122085,0.245488,0.280012,0.245932,0.256887,0.265987,0.117071,0.257866,0.434381,0.197669,0.257994,0.401916,0.284083,0.275441,0.340660,0.306984,0.389088,0.299314,0.087130,0.186111,0.163441,0.160729,0.085762,0.206495,0.451282,0.240638,0.308339,0.243307,0.263736,0.132023,0.171650,0.325524,0.226580,0.246479,0.238165,0.379692,0.172533,0.044195,0.298329,0.305588,0.352617,0.065610,0.246815,0.193690,0.185852,0.152550,0.210220,0.286572,-0.092223,0.090750,0.137638,0.178577,0.179123,0.422349,0.212515,0.038086,0.296421,0.362435,0.317338,0.273029,0.221203,0.119048,0.147602,0.164001,0.328945,0.250412,0.385767,0.330923,0.216362,0.357748,0.384843,0.136845,0.485238,0.318458,0.305750,0.267507,0.044805,0.164724,0.235161,0.283778,0.325947,0.393860,0.272996,0.172972,0.297226,0.176555,0.208552,0.377089,0.239587,0.274576,0.329403,0.228966,0.270927,0.097664,0.311878,0.317372,0.406304,0.324448,0.399086,0.201844,0.153998,0.172962,0.321441,0.167086,0.200018,0.262654,0.275735,-0.009414,0.541983,0.163745,0.156724,0.408105,0.276616,0.131634,0.309764,0.300072,0.327177,0.271875,0.383187,0.204202,0.313817,0.253925,0.158335,0.105992,0.490804,0.105589,0.492866,-0.082142,0.323696,0.144957,0.379541,0.213092,0.264560,0.248673,0.230839,0.422590,0.128156,0.364254,0.279709,0.342524,0.040101,0.263754,0.309926,0.147114,0.235232,0.287717,0.426980,0.050627,0.165547,0.393463,0.318026,0.141040,0.247203,0.154117,0.233113,0.144656,0.167496,0.355598,0.104091,0.363935,0.210915,0.077209,#
12,0.304280,0.500212,0.234704,0.361904,0.514054,0.123900,0.444255,0.353956,0.520531,0.327466,0.244866,0.412420,1.000000,0.355284,0.426155,0.344762,0.429728,0.395717,0.564309,0.540683,0.458493,0.271538,0.344816,0.346743,0.208532,0.293411,0.089028,0.337334,0.527745,0.319844,0.293838,0.385313,0.359474,0.435917,0.382981,0.439383,0.335545,0.264338,0.486918,0.292750,0.069782,0.145333,0.250331,0.423488,0.206591,0.276065,0.409527,0.190000,0.308964,0.325724,0.393261,0.416151,0.426254,0.301831,0.531628,0.282446,0.249344,0.362564,0.361188,0.226383,0.227757,0.158730,0.110311,0.246541,0.363157,0.477738,0.409495,0.141044,0.246281,0.356838,0.154133,0.321400,0.336094,0.368537,0.396585,0.213360,0.313371,0.341466,0.410363,0.362209,0.144987,0.438489,0.484593,0.394786,0.199639,0.412629,0.117181,0.303820,0.304132,0.308200,0.266642,0.236812,0.322668,0.072216,0.193867,0.265363,0.430998,0.433912,0.312569,0.105247,0.330042,0.360784,0.511166,0.366088,0.298709,0.404573,0.362213,0.305418,0.445269,0.262493,0.321295,0.156867,0.274246,0.427454,0.564907,0.146055,0.374653,0.272006,0.426715,0.202530,0.383728,0.268450,0.407288,0.322984,0.412739,0.407391,0.189840,0.259496,0.488198,0.466334,0.263643,0.189733,0.169139,0.278334,0.326337,0.462047,0.234615,0.418923,0.316437,0.141916,0.477575,0.597225,0.320183,0.385408,0.322294,0.145362,0.417604,0.228489,0.330548,0.495775,0.247142,0.500599,0.256319,0.210481,0.297754,0.493661,0.555346,0.374404,0.465179,0.381129,0.390372,0.318459,0.452335,0.312821,0.481842,0.076398,0.428713,0.303644,0.241096,0.154053,0.412965,0.383816,0.254838,0.316993,0.223529,0.321234,0.545543,0.656447,0.239791,0.009179,0.374482,0.275431,0.426708,0.442627,0.109132,0.415727,0.226722,0.417257,0.372764,0.337617,0.286786,0.296887,0.226548,0.422013,0.284246,0.333572,0.293834,0.437014,0.375112,0.263873,#
13,0.292677,0.424088,0.317288,0.375510,0.294691,-0.028666,0.374175,0.335103,0.397222,0.402967,0.334785,0.177406,0.355284,1.000000,0.193069,0.290443,0.174579,0.398970,0.399443,0.296462,0.396490,0.327081,0.505623,0.358280,0.193348,0.313109,0.064241,0.452217,0.479898,0.443848,0.054133,0.265262,0.339859,0.474343,0.173066,0.070057,0.383529,0.347161,0.492816,0.344606,0.478317,0.148058,0.390168,0.306210,0.356540,0.197874,0.305916,0.330781,0.440681,0.366352,0.183084,0.518397,0.266574,0.250578,0.392546,0.328132,0.274847,0.182977,0.291742,0.169583,0.358279,0.204885,0.167342,0.257984,0.390644,0.369678,0.450734,0.053784,0.372579,0.207793,0.096583,0.331523,0.021177,0.507015,0.360090,0.210424,0.219798,0.245029,0.365914,0.200908,0.151185,0.225331,0.483249,0.283685,0.354008,0.289638,-0.048489,0.248288,0.341262,0.440881,0.261370,0.283799,0.399524,0.308290,0.349514,0.058101,0.293505,0.261063,0.200476,0.472732,0.339284,0.217145,0.196029,0.491284,0.276159,0.478358,0.133346,0.448932,0.220098,0.171217,0.383907,0.301281,0.355681,0.404121,0.237318,0.358361,0.095914,0.313196,0.378398,0.210498,0.354446,0.353503,0.155411,0.174649,0.391487,0.134256,0.255899,0.218193,0.308538,0.198240,0.231993,0.239946,0.138408,0.173546,0.373716,0.344012,0.211529,0.291848,0.510286,0.302568,0.144058,0.391439,0.374918,0.181073,0.059520,0.330907,0.288215,0.289667,0.316323,0.220977,0.320384,0.409227,0.260463,0.469796,0.136093,0.379203,0.405408,0.229867,0.356702,0.393539,0.460049,0.342457,0.235541,0.262125,0.345036,0.182083,0.378143,0.310817,0.460378,0.060417,0.215807,0.313472,0.203545,0.272112,0.414167,0.450385,0.425714,0.602772,0.186453,0.190782,0.250918,0.246683,0.455971,0.445716,0.152057,0.339711,0.155804,0.346434,0.174959,0.146660,0.383494,0.426422,0.260431,0.279724,0.356240,0.002641,0.347047,0.397828,0.259698,0.286435,#
14,0.068777,0.412876,0.209558,0.202364,0.260737,0.340292,0.119475,0.365604,0.426918,0.303584,0.127939,0.286550,0.426155,0.193069,1.000000,0.367074,0.343626,0.203526,0.191958,0.394078,0.228487,0.202275,0.183912,0.304068,0.089955,0.043748,0.156882,0.317886,0.232259,0.282219,0.272500,0.408809,0.331299,0.216998,0.134900,0.194140,0.226575,0.266221,0.366307,0.004941,0.249874,0.084101,0.338172,0.221193,0.110293,0.182546,0.182116,0.084076,0.111539,-0.016901,0.176158,0.204274,0.046880,0.418964,0.184278,0.238072,0.229002,0.131696,0.259172,0.009647,0.305891,0.287329,0.107292,0.186621,0.174363,0.263308,0.201519,0.198653,0.286126,0.338222,0.110084,0.160716,0.206283,0.084071,0.286280,0.217231,0.266451,0.147966,0.106120,0.019262,0.246511,0.312261,0.407784,0.445191,0.275565,0.273901,0.138703,0.312512,0.325406,0.077223,0.150278,-0.027375,0.278175,0.312965,0.251995,0.245344,0.525673,0.284266,0.265698,-0.010625,0.271717,0.121188,0.385453,0.069917,0.256040,0.488641,0.212844,0.160275,0.344120,0.070493,0.336139,0.316489,0.330784,0.228653,0.129398,0.220811,0.185224,0.241025,0.070058,0.173909,0.347665,0.138142,0.233217,0.354839,0.436083,-0.040968,0.232660,0.389130,0.237192,0.328744,0.275066,0.251324,0.188626,0.287011,0.265895,0.361918,0.324748,0.296921,0.247897,0.353462,0.171153,0.373525,0.104931,0.304895,0.228547,0.255692,0.451990,0.247455,0.222361,0.078442,0.200516,0.302752,-0.064070,0.258758,0.441541,0.192740,0.323717,0.237874,0.270931,0.207878,0.280682,0.111425,0.308290,0.214191,0.173393,-0.094795,0.080601,0.257620,0.130674,0.167923,0.246656,0.392061,0.228055,0.395494,0.270237,0.489590,0.265074,0.333615,-0.014633,-0.102679,0.237471,0.258911,0.371092,0.322915,0.207123,0.317412,0.386160,0.116130,0.192401,0.150378,0.073764,0.279618,0.427648,0.256347,0.072030,0.175049,0.168687,0.179514,0.047481,0.191464,#
15,0.270671,0.411226,0.368538,0.339494,0.343476,0.524366,0.151501,0.241504,0.396335,0.194691,0.341858,0.305643,0.344762,0.290443,0.367074,1.000000,0.254052,0.348109,0.301232,0.423705,0.267625,0.319159,0.233890,0.345418,0.118871,0.359994,0.177907,0.380002,0.389411,0.398634,0.313274,0.328473,0.282833,0.389090,0.360635,0.350270,0.403987,0.401996,0.508614,0.227759,0.189360,0.210542,0.381653,0.300169,0.382521,0.265426,0.516124,0.398578,0.383246,0.318622,0.226515,0.414380,0.277433,0.379656,0.355808,0.261993,0.437279,0.218026,0.177437,0.126248,0.413944,0.403529,0.208229,0.397835,0.352299,0.326695,0.274948,0.093380,0.177897,0.193303,0.335291,0.199665,0.194230,0.271966,0.347226,0.354995,0.452692,0.418998,0.353096,0.271999,0.453359,0.426023,0.378819,0.387401,0.456746,0.362826,-0.011241,0.498845,0.259979,0.240117,0.253326,0.169022,0.429524,0.186883,0.145910,0.242697,0.208453,0.303460,0.152796,0.188278,0.451425,0.217293,0.464704,0.399924,0.203664,0.517176,0.350277,0.361067,0.175521,0.386906,0.129099,0.136903,0.329583,0.342129,0.076072,0.302318,0.314212,0.401142,0.424652,0.277249,0.285108,0.146958,0.298960,0.360196,0.117904,0.185811,0.336348,0.220628,0.427195,0.602635,0.173735,0.115049,0.211272,0.232458,0.268445,0.239861,0.201074,0.284602,0.423278,0.354602,0.215107,0.187506,0.302012,0.188798,0.125358,0.281904,0.221316,0.248929,0.327355,0.312309,0.496618,0.296053,0.518198,0.525449,0.261595,0.322811,0.442143,0.207757,0.389529,0.420808,0.269676,0.402949,0.440565,0.083866,0.479328,0.140024,0.388099,0.537497,0.438499,0.006843,0.045118,0.385639,0.112963,0.353167,0.224922,0.519292,0.366296,0.431044,0.035239,0.214113,0.345856,0.420097,0.299405,0.336988,0.250216,0.344122,0.177708,0.152380,0.108863,0.267506,0.429179,0.375734,0.322965,0.312290,0.318869,0.195035,0.308352,0.408150,0.366573,0.436643,#
16,0.297370,0.397678,0.091970,0.194305,0.405116,0.252083,0.300256,0.376364,0.377975,0.281998,0.207368,0.235674,0.429728,0.174579,0.343626,0.254052,1.000000,0.336647,0.339902,0.357857,0.426912,0.447431,0.315245,0.248144,0.096796,0.402727,0.275593,0.147531,0.271901,0.205954,0.336794,0.520375,0.444713,0.484818,0.331817,0.358132,0.404119,0.199342,0.500588,0.252047,0.303301,0.272687,0.255465,0.114469,0.239608,0.309716,0.203579,0.124260,0.347880,0.317222,0.190354,0.200058,0.368439,0.527924,0.480258,0.297202,0.097077,0.393790,0.314002,0.119938,0.229815,0.268788,0.092605,0.250614,0.394221,0.299361,0.414756,0.129651,0.391298,0.462019,0.167977,0.189281,0.303150,0.268583,0.315379,0.202895,0.391451,0.319806,0.362560,0.421527,0.210958,0.461976,0.492924,0.243085,0.297423,0.197255,0.236177,0.260408,0.217067,0.311352,0.302114,0.215090,0.324460,0.235375,0.329707,0.341044,0.415736,0.386527,0.347830,0.250817,0.368967,0.166781,0.298468,0.314473,0.218075,0.483550,0.320646,0.134411,0.377843,0.174979,0.389280,0.360917,0.373724,0.331129,0.318460,0.515822,0.504900,0.281914,0.274374,0.186240,0.275277,0.332301,0.299871,0.376252,0.374397,0.392904,0.156145,0.368404,0.419295,0.293129,0.264333,0.285781,0.272174,0.133733,0.308948,0.404276,0.231923,0.230609,0.211012,0.320013,0.302608,0.255756,0.363249,0.417774,0.161123,0.207804,0.301761,0.168032,0.299647,0.357265,0.279519,0.357266,0.248305,0.248737,0.438224,0.445602,0.425996,0.255085,0.410526,0.403326,0.160488,0.315534,0.518791,0.322217,0.330258,0.350077,0.307246,0.506437,0.288639,0.004679,0.305148,0.435968,0.205480,0.157081,0.290906,0.220301,0.310189,0.476894,0.126702,0.029103,0.254722,0.203109,0.458986,0.235649,0.314573,0.401986,0.416769,0.217432,0.335924,0.254932,0.428907,0.294296,0.366490,0.253228,0.265143,0.136600,0.097480,0.293508,0.325511,0.255604,#
17,0.365137,0.311712,0.332264,0.256560,0.445601,0.314547,0.404438,0.308561,0.392494,0.246172,0.123272,0.355459,0.395717,0.398970,0.203526,0.348109,0.336647,1.000000,0.377609,0.491981,0.305938,0.304078,0.317377,0.458146,0.402177,0.402550,0.228387,0.346464,0.315169,0.390177,0.244360,0.327683,0.106958,0.315038,0.405986,0.343574,0.354325,0.341471,0.374073,0.348203,0.419863,0.253886,0.404898,0.242363,0.245346,0.189909,0.272717,0.348054,0.466701,0.407907,0.332044,0.320881,0.383963,0.251996,0.452132,0.444772,0.291465,0.179219,0.383962,-0.060383,0.314891,0.355985,-0.007707,0.205222,0.273530,0.497170,0.369999,0.226615,0.199528,0.242000,0.214299,0.263667,0.152469,0.393771,0.178251,0.166412,0.377977,0.366789,0.402504,0.403317,0.248950,0.296746,0.457788,0.304251,0.276586,0.289795,0.110390,0.229950,0.249121,0.387910,0.269980,0.198073,0.405183,0.174574,0.165797,0.294084,0.382646,0.184424,0.038088,0.374610,0.391266,0.094183,0.323849,0.321673,0.089057,0.340885,0.299442,0.315456,0.142996,0.078625,0.374695,0.283048,0.173302,0.515367,0.297212,0.074554,0.135989,0.370584,0.239436,0.128259,0.234767,0.202516,0.355878,0.309413,0.416861,0.380177,0.278603,0.266809,0.312577,0.355554,0.384266,0.418406,0.298709,0.201442,0.176259,0.427574,0.262728,0.448070,0.425421,0.386757,0.226475,0.347774,0.534403,0.324024,0.250249,0.270944,0.418868,0.273274,0.401043,0.180905,0.448402,0.286651,0.246924,0.463850,0.233828,0.536148,0.570140,0.285369,0.373237,0.403407,0.291084,0.258804,0.578685,0.206080,0.428434,0.341977,0.202034,0.360237,0.428305,-0.012350,0.409584,0.252648,0.295672,0.195599,0.380131,0.254083,0.402620,0.458881,0.125052,0.326461,0.180472,0.539814,0.365251,0.422819,0.395303,0.273103,0.374484,0.354449,0.163939,0.056859,0.328662,0.335241,0.300103,0.300617,0.366173,0.446307,0.109590,0.534236,0.234510,0.206073,#
18,0.291779,0.480109,0.236748,0.403350,0.321163,0.107814,0.303182,0.557505,0.411582,0.307437,0.402939,0.308851,0.564309,0.399443,0.191958,0.301232,0.339902,0.377609,1.000000,0.484651,0.368779,0.288889,0.482236,0.204900,0.303156,0.446776,0.229587,0.459480,0.415685,0.482277,0.062175,0.366190,0.293658,0.453684,0.412080,0.485240,0.351524,0.317103,0.429268,0.175609,0.387333,0.028703,0.343738,0.426711,0.334788,0.245084,0.428807,0.355951,0.370346,0.291544,0.274512,0.404680,0.478231,0.258329,0.333066,0.266388,0.226498,0.409422,0.306208,0.282748,0.317912,0.296515,0.173812,0.224144,0.477316,0.364404,0.328813,0.282564,0.022237,0.340608,0.340161,0.173777,0.353775,0.322493,0.376347,0.196286,0.441526,0.345279,0.562568,0.293157,0.199819,0.255212,0.534141,0.325535,0.375229,0.393527,0.264482,0.350905,0.239628,0.277064,0.353784,0.330935,0.393682,0.364290,0.544591,0.259309,0.352568,0.493437,0.372171,0.428340,0.409454,0.111680,0.394584,0.487940,0.379335,0.433674,0.206451,0.382990,0.438344,0.223991,0.417385,0.213953,0.335153,0.431279,0.254750,0.087186,0.350579,0.051381,0.398689,0.309586,0.546930,0.462249,0.299041,0.284677,0.291809,0.317643,0.410164,0.162154,0.527574,0.267231,0.317520,0.233821,0.287701,0.221625,0.321814,0.522998,0.462241,0.382089,0.324644,0.263439,0.317182,0.509861,0.326798,0.462923,0.256275,0.460441,0.377063,0.089289,0.515609,0.381980,0.344515,0.582826,0.446505,0.329910,0.268238,0.481125,0.454345,0.484138,0.395975,0.330912,0.402415,0.257807,0.510687,0.295810,0.497285,0.257426,0.593367,0.404827,0.273085,0.079710,0.423940,0.582279,0.296957,0.179499,0.161831,0.329665,0.456499,0.639989,0.013691,0.302460,0.418806,0.327359,0.310161,0.394185,0.201987,0.396589,0.277205,0.407390,0.252383,0.298497,0.479054,0.261473,0.126454,0.372111,0.412944,0.334728,0.155337,0.444048,0.334493,0.360636,#
19,0.331659,0.468400,0.349864,0.398339,0.469073,0.483656,0.341274,0.367038,0.540322,0.371266,0.352822,0.207321,0.540683,0.296462,0.394078,0.423705,0.357857,0.491981,0.484651,1.000000,0.501572,0.484050,0.387376,0.435664,0.195828,0.330291,0.490017,0.283000,0.449100,0.483462,0.307401,0.501742,0.258902,0.477075,0.402350,0.511946,0.398203,0.288325,0.502456,0.257975,0.403936,0.162063,0.319697,0.345537,0.280615,0.253322,0.379375,0.308810,0.487393,0.083538,0.274273,0.402266,0.325854,0.409814,0.367598,0.250848,0.435034,0.349103,0.348490,-0.052687,0.511053,0.431128,0.269394,0.396790,0.523631,0.485013,0.464867,0.212012,0.260865,0.433949,0.247760,0.285484,0.319897,0.352567,0.299423,0.144909,0.325554,0.243320,0.261103,0.293208,0.182126,0.345446,0.490784,0.321368,0.361082,0.379739,0.270578,0.440270,0.386623,0.306286,0.370350,0.311103,0.597544,0.418954,0.320093,0.238849,0.451993,0.351548,0.353619,0.422763,0.478029,0.193349,0.500896,0.391083,0.169687,0.290005,0.371559,0.383836,0.374169,0.136501,0.235394,0.262708,0.299535,0.413754,0.392486,0.102210,0.362685,0.310047,0.284088,0.332107,0.286985,0.364540,0.473337,0.530515,0.363251,0.336854,0.425993,0.362006,0.600840,0.548763,0.320452,0.365128,0.333946,0.271184,0.292127,0.392835,0.324506,0.325380,0.393140,0.478420,0.380870,0.428954,0.326527,0.386266,0.215936,0.285592,0.364864,0.136862,0.483429,0.297383,0.407486,0.562471,0.283606,0.340182,0.331998,0.478673,0.560880,0.388265,0.428292,0.440709,0.515543,0.504813,0.558968,0.305208,0.484930,0.207701,0.161445,0.484839,0.251045,0.313396,0.410921,0.505058,0.223166,0.131194,0.462878,0.466503,0.454315,0.609948,0.170263,0.222881,0.265895,0.528467,0.495348,0.538780,0.336994,0.353542,0.397659,0.457019,0.358390,0.374595,0.316463,0.398452,0.226475,0.549257,0.270438,0.546963,0.295847,0.326379,0.316946,0.341218,#
20,0.269411,0.315062,0.194934,0.157912,0.367125,0.242646,0.375872,0.244838,0.345114,0.449290,0.257961,0.181571,0.458493,0.396490,0.228487,0.267625,0.426912,0.305938,0.368779,0.501572,1.000000,0.311326,0.236780,0.307531,0.083011,0.294748,0.245010,0.344517,0.424078,0.478300,0.093878,0.268586,0.297627,0.488913,0.335128,0.443055,0.389835,0.158088,0.335519,0.338087,0.363442,0.354505,0.082790,0.355093,0.352395,0.244215,0.403895,0.125255,0.404007,0.263858,0.192654,0.375928,0.253666,0.385208,0.367186,0.227122,0.278081,0.360249,0.352794,0.096050,0.386470,0.260859,0.439815,0.133146,0.422497,0.494930,0.365756,-0.004091,0.397374,0.345353,0.320375,0.194540,0.109911,0.386861,0.337416,0.021511,0.408604,0.290325,0.254754,0.406953,0.078792,0.408198,0.549962,0.467933,0.208502,0.210515,0.215999,0.221624,0.293015,0.489278,0.310004,0.456603,0.402446,0.272635,0.392880,0.134328,0.170687,0.323541,0.236630,0.319703,0.471030,0.194021,0.436516,0.507165,0.230108,0.262582,0.172400,0.422755,0.237207,0.385499,0.255329,0.294906,0.322469,0.213619,0.397234,0.297737,0.325988,0.335359,0.207756,0.216464,0.453104,0.219444,0.303668,0.512435,0.317818,0.358600,0.367178,0.181536,0.461845,0.372875,0.295504,0.291458,0.241889,0.415174,0.407751,0.262893,0.248748,0.401849,0.449856,0.420353,0.300886,0.281501,0.112478,0.414710,0.345389,0.278421,0.287649,0.125372,0.240521,0.501574,0.294510,0.423880,0.365950,0.441741,0.214047,0.472143,0.542810,0.345118,0.429034,0.548504,0.312758,0.505977,0.350149,0.358847,0.593860,-0.024099,0.185573,0.369093,0.525014,0.067003,0.260159,0.505759,0.508889,0.057312,0.304212,0.352918,0.273762,0.506911,0.353325,0.096697,0.271483,0.238746,0.396314,0.346203,0.085543,0.309906,0.292913,0.482203,0.222227,0.095599,0.167727,0.303866,0.225382,0.421043,0.133159,0.124708,0.246742,0.240525,0.280617,0.221761,#
21,0.252752,0.481614,0.178101,0.235847,0.269731,0.264095,0.181595,0.359361,0.444388,0.310708,0.165660,0.105021,0.271538,0.327081,0.202275,0.319159,0.447431,0.304078,0.288889,0.484050,0.311326,1.000000,0.292096,0.411660,0.027628,0.238541,0.320821,0.153577,0.186156,0.262705,0.211805,0.453620,0.334101,0.321214,0.379248,0.361319,0.377442,0.305369,0.463371,0.089985,0.372838,0.406885,0.273038,0.108899,0.364200,0.209449,0.147559,0.315819,0.446847,0.029175,0.159458,0.496940,0.182248,0.142985,0.368134,0.169556,0.266377,0.282266,0.367209,-0.003320,0.413691,0.191814,0.163148,0.213883,0.467399,0.337991,0.358997,0.262194,0.139328,0.208592,0.067913,0.369172,0.137459,0.276112,0.414121,0.267637,0.177005,0.182099,0.258128,0.376532,0.009927,0.152208,0.341084,0.115394,0.506173,0.109693,0.055684,0.352098,0.280499,0.231652,0.143605,0.065670,0.379917,0.166519,0.313033,0.086057,0.260189,0.115652,0.151961,0.357071,0.263417,0.143955,0.444997,0.165906,-0.014836,0.411746,0.123452,0.076383,0.383229,0.311394,0.348560,0.256174,0.210758,0.403528,0.127114,0.191203,0.404049,0.236149,0.094247,0.191646,0.267086,0.238004,0.286462,0.281787,0.408446,0.244958,0.231911,0.297616,0.419264,0.370001,0.261686,0.255182,0.259254,0.204173,0.400124,0.306809,-0.051795,0.150082,0.262089,0.431212,0.244678,0.206113,0.285395,0.174107,0.144719,0.228580,0.184493,0.183891,0.027842,0.346616,0.172986,0.385028,0.146863,0.283680,0.282556,0.381286,0.463605,0.047391,0.229188,0.343982,0.371106,0.279423,0.375819,0.215843,0.312870,0.206062,0.268802,0.460263,0.199924,0.292894,0.360555,0.205802,0.110472,0.080129,0.329735,0.295515,0.151417,0.403178,0.058685,-0.057977,0.242553,0.383666,0.341166,0.259519,0.176140,0.340098,0.227666,-0.016696,0.182870,0.397688,0.371217,0.352878,0.206888,0.257621,0.290328,0.278382,0.279877,0.343658,0.090950,0.292901,#
