0,1.000000,0.050327,0.170427,-0.000269,0.217029,0.046486,-0.089492,-0.209565,0.109068,0.067972,0.134965,-0.237403,-0.007454,0.046105,0.014249,0.174096,-0.016684,0.011490,0.159259,0.124486,0.206089,0.132226,0.133039,0.192051,0.165310,0.159665,0.076069,-0.228158,0.121669,0.200708,-0.070241,0.102259,0.113045,0.272703,0.041711,-0.030585,-0.021135,0.016157,0.308463,0.098992,0.222026,0.002958,0.087918,-0.082020,-0.010824,0.042697,0.100029,0.362992,0.165517,0.338479,0.080920,-0.097180,0.079248,0.060345,-0.023679,0.247848,0.121012,0.001067,-0.065755,-0.005400,0.015534,-0.131994,0.283655,-0.196940,-0.181127,-0.035862,-0.176380,0.128653,0.196356,0.015680,0.349878,0.036174,0.150274,0.144226,0.024721,-0.186218,0.174831,0.141479,-0.037450,0.016056,-0.022729,0.162056,0.055291,0.265230,0.247653,-0.108524,0.267577,0.227591,0.225229,0.100882,0.089270,0.099393,0.163426,0.097268,0.235912,0.187289,0.131169,-0.003903,0.056248,0.024167,0.181400,0.183046,-0.043757,0.069954,0.136371,-0.000409,0.168605,0.076663,0.119652,-0.130272,-0.143951,0.194517,-0.017968,0.091532,0.080458,-0.069720,0.203982,0.067781,0.103042,-0.060365,0.146101,0.258376,0.228026,0.078935,-0.089195,0.067314,0.170865,-0.212829,0.265934,0.118520,0.293000,0.139206,0.091352,0.222082,0.074709,0.017025,0.219068,-0.011907,0.084696,0.055353,0.152700,0.085881,0.121009,-0.059785,0.064759,0.123577,0.155873,0.141723,0.293428,0.155280,0.006440,-0.003564,0.263286,-0.068040,0.191239,0.217439,-0.113397,0.003571,-0.019162,0.030872,-0.071228,0.033778,-0.084414,-0.094713,0.211786,0.068244,-0.113252,0.120189,0.177863,-0.086161,0.208164,-0.084509,-0.045000,0.178666,-0.094113,0.217766,0.137580,0.128007,0.118783,-0.095340,0.157346,0.098368,-0.038699,0.020680,0.154710,-0.139760,0.339743,0.193463,0.295072,0.072370,-0.111037,0.088594,-0.132916,0.041948,0.155352,0.002549,-0.043402,0.171986,0.255567,0.247794,#
1,0.050327,1.000000,0.061065,0.188218,0.025650,-0.067437,0.177136,-0.051324,0.162405,0.005288,0.144835,0.174842,-0.079966,0.100369,-0.012125,-0.192020,-0.001873,0.017087,-0.109664,0.030539,0.017092,0.279961,-0.008149,-0.092215,-0.017160,0.085136,0.244546,0.267653,-0.293780,0.150798,-0.038635,0.093304,-0.152392,0.098273,-0.260029,0.153633,0.085182,0.140581,0.221700,-0.145795,-0.215428,-0.104727,0.062286,0.066303,-0.038469,0.055829,0.409704,0.229163,-0.069512,-0.119326,0.049237,-0.161848,0.275844,0.222308,0.056343,0.070159,0.129789,-0.042939,-0.278656,0.011429,-0.000077,-0.024848,0.137048,-0.058034,-0.206337,-0.052935,-0.175671,-0.143302,0.123179,0.257596,0.036000,0.005342,0.160145,-0.149032,0.089981,0.060866,0.066975,-0.005186,0.070234,0.055702,0.191069,0.148667,0.083040,0.019718,0.165047,-0.357193,0.067454,-0.092551,0.141478,0.063768,-0.058658,-0.005440,-0.091932,0.006208,0.026010,-0.135141,-0.241834,-0.141397,-0.028793,0.026338,0.180665,0.156799,0.236288,0.042480,0.101376,0.033921,0.235163,0.220696,0.007845,0.192376,0.045884,-0.024867,-0.084079,0.034026,0.202873,0.107573,0.198916,-0.048597,-0.022742,-0.013696,-0.166105,0.084205,0.064200,0.148076,-0.151013,0.033243,0.111361,0.139505,-0.112228,0.094455,0.002491,0.040103,-0.133574,0.215474,0.082962,0.097788,0.071581,0.132840,0.226999,0.072632,0.112843,-0.095094,0.136165,0.177645,0.196326,0.095516,0.108010,-0.204544,-0.100489,0.005381,-0.172415,-0.030352,-0.011083,-0.198255,0.142167,0.092449,-0.110736,-0.094488,-0.285878,-0.319231,-0.087930,0.129330,0.159025,0.016466,0.069435,-0.173012,-0.292560,-0.044402,-0.013006,0.286707,0.200499,0.233611,-0.096021,0.061726,-0.089681,0.085061,0.026525,0.118125,0.128697,-0.039746,-0.058212,-0.011621,-0.082062,-0.257522,0.002460,0.091476,0.112291,0.104060,-0.098081,-0.014740,0.279089,-0.141404,-0.356057,0.295061,0.153251,0.147182,-0.059183,-0.138377,-0.061190,0.045255,#
2,0.170427,0.061065,1.000000,-0.013509,0.103555,-0.143576,-0.081771,-0.128485,-0.048359,-0.079124,-0.022720,0.240499,0.141907,0.188053,-0.191160,0.192518,0.067254,-0.112206,0.135820,0.072061,0.182712,0.299905,-0.282683,-0.011962,0.165931,0.263342,0.033435,-0.004535,-0.146983,-0.033741,-0.233513,-0.044865,-0.101915,-0.171895,-0.060435,0.047949,0.007024,-0.355835,-0.053777,-0.057615,-0.058924,-0.030950,0.349880,-0.049186,0.084850,-0.072133,0.064686,0.112101,0.145546,0.118765,0.270137,0.036378,0.092722,0.055362,-0.097203,-0.110572,0.022055,-0.026309,0.021141,0.060997,0.203005,0.016650,-0.059195,0.140020,0.092502,-0.044855,0.160437,-0.017732,0.166847,0.159992,-0.170343,0.108286,-0.137243,-0.034039,0.167890,0.075318,0.088012,0.182784,-0.098982,-0.226407,0.126499,-0.160672,-0.146052,0.100518,0.034446,-0.044924,0.149362,0.168470,0.040007,-0.033051,-0.122982,0.079353,0.035027,0.067477,0.096439,0.191376,0.270008,0.043038,0.239768,-0.057247,0.019877,0.014806,-0.028675,0.223520,-0.011303,-0.104207,0.036414,0.000228,-0.000149,0.042457,0.111695,0.182749,0.112837,-0.047983,0.024150,0.193240,0.307363,0.024408,-0.281454,-0.087032,-0.017184,-0.015767,0.091541,-0.020917,0.093413,-0.060104,0.253607,0.019926,0.111292,-0.174123,-0.046968,0.052714,0.100310,0.160859,0.165101,0.114078,0.210634,-0.119580,0.046145,-0.037560,-0.002891,0.023060,0.163967,-0.158863,0.256842,0.013371,-0.356247,0.006715,0.255842,-0.046119,0.022379,0.044968,0.132246,0.053604,-0.047861,-0.043908,0.028936,0.011599,-0.098077,0.109267,0.067298,0.248893,-0.154484,0.067238,0.022727,-0.021974,0.003480,-0.035041,-0.093063,0.038291,-0.261637,0.252429,-0.147265,0.082377,0.174364,0.053759,0.329645,0.010366,-0.131929,0.052637,0.148443,0.077363,-0.386740,0.210594,-0.041424,0.095949,0.088594,0.020179,0.125858,-0.334274,0.026979,0.162671,0.060886,-0.090109,0.091929,0.109200,-0.131420,0.012160,0.121291,0.148870,#
3,-0.000269,0.188218,-0.013509,1.000000,0.208938,0.146235,0.147309,-0.174445,0.248156,-0.084572,0.154335,-0.015347,0.170594,-0.100254,0.098878,-0.056117,-0.038504,0.101504,0.138769,0.221784,0.240485,0.012899,0.136257,0.312710,0.206375,0.166767,0.026601,-0.076914,0.186545,-0.060728,0.000121,0.194455,0.321799,0.077711,-0.152277,0.031919,0.197679,0.239107,0.313820,-0.088803,0.186085,0.179794,0.198900,0.313004,-0.096806,0.173178,0.319112,0.173215,-0.056404,0.175394,0.136238,0.164899,0.277564,-0.117550,-0.040575,0.258914,0.055111,-0.112913,-0.118880,0.231184,0.122698,0.031334,-0.000268,-0.060139,0.149428,0.167271,-0.036696,-0.043041,0.209728,0.109785,0.065717,0.118607,0.151535,0.012400,0.111227,0.302942,0.120288,0.157743,0.063110,-0.156558,0.337114,0.305373,0.075687,0.205581,0.270021,0.026028,-0.039809,-0.044577,0.287971,-0.054306,0.061396,0.192647,0.153143,0.205556,0.091243,0.157155,0.217121,-0.174946,0.236269,0.211376,0.135169,0.153644,0.126004,0.179402,0.314636,0.016736,0.038843,0.059097,-0.143040,0.104543,0.132729,0.069992,0.065945,0.079394,0.029530,-0.141483,0.184001,0.055544,0.149740,0.041382,0.104159,-0.026432,0.158893,0.240498,-0.063329,0.173183,0.084521,0.071859,-0.057065,0.176184,0.238558,0.163928,0.179869,0.247307,0.106045,-0.076737,0.102800,0.000146,0.297694,0.041999,0.167628,0.175630,0.204785,0.121437,0.027357,-0.029325,0.033411,0.228320,0.181221,0.130967,-0.014166,0.071906,-0.013591,0.226703,0.221283,-0.013447,-0.097834,0.103131,-0.074251,0.156949,0.157815,-0.029551,0.204233,0.408870,0.040581,-0.065885,-0.069905,-0.132865,-0.197304,-0.063342,0.322316,-0.044240,-0.108448,-0.281284,-0.163736,-0.000275,0.136832,0.166871,0.014289,0.095708,0.051579,0.392124,0.099580,-0.282245,-0.170668,0.075024,0.169899,0.058210,0.104341,0.168511,0.026695,0.044664,0.065916,-0.196815,0.109410,0.138228,0.311786,0.080234,0.144732,0.088192,#
4,0.217029,0.025650,0.103555,0.208938,1.000000,0.127202,-0.246006,-0.048039,0.243543,0.114481,-0.044755,-0.271654,0.237859,0.078784,0.090450,0.117832,-0.168101,0.161340,0.214706,0.367325,0.326762,-0.188950,0.213560,0.257267,0.051201,0.247009,-0.020537,-0.172800,-0.008569,-0.011331,-0.139613,-0.078426,0.146778,-0.147381,-0.015703,0.116092,0.366554,-0.032468,-0.088041,-0.182217,0.253848,0.399782,0.033136,-0.092931,0.355270,-0.051319,0.372209,0.076560,0.068957,0.268112,0.040008,0.105195,0.036400,0.027386,0.207457,0.322934,0.316506,0.113814,0.106336,-0.072874,0.068836,-0.047158,-0.062140,-0.060723,0.096069,-0.177970,0.151180,-0.098672,-0.037597,-0.067379,0.176200,0.187745,-0.018399,0.018220,0.040114,-0.053064,-0.024885,0.170486,0.208988,-0.027394,0.384550,0.358918,-0.086148,0.095939,0.456284,0.039055,0.014664,0.108964,0.091959,0.247883,0.180617,0.064677,0.038712,0.017880,0.025077,0.312155,0.066682,0.040121,-0.004225,-0.100997,-0.060066,-0.043295,0.320488,0.108541,0.175262,-0.034725,-0.057937,0.122016,0.024640,0.019993,0.220736,0.100485,0.302594,0.298581,0.170843,-0.301899,0.135826,-0.114274,-0.043313,-0.104989,0.224875,0.032197,0.165770,-0.103600,0.205339,-0.010182,0.264489,0.065925,0.204341,-0.113177,0.151970,0.017602,-0.062597,0.166478,0.248417,0.023221,0.216889,0.096647,0.122713,0.026090,0.245905,-0.095471,0.249003,-0.030633,0.072398,0.268417,-0.045317,0.254038,0.103092,-0.038056,0.057384,0.005832,0.022138,0.347841,-0.030157,0.025719,0.340974,0.030894,-0.104847,0.162794,0.018157,-0.133192,-0.227119,0.083373,-0.080388,0.078963,-0.122910,-0.025603,-0.080940,-0.068392,0.041422,0.045365,0.195507,0.209444,0.059288,0.139572,0.228920,0.003385,0.083533,0.183027,-0.176221,-0.164408,0.082818,0.098271,0.175108,-0.026945,0.061248,0.176688,-0.007885,0.097177,0.054939,0.152309,-0.060517,-0.131364,0.111923,0.144851,0.159511,0.073217,0.118161,0.202286,#
5,0.046486,-0.067437,-0.143576,0.146235,0.127202,1.000000,0.005392,-0.055212,0.186667,0.335735,0.161796,0.031152,0.344764,-0.040932,0.146350,-0.217671,-0.164181,0.021605,-0.109566,0.015757,0.026810,-0.116106,-0.004953,0.195221,0.164507,0.023446,0.086690,0.010749,0.091040,0.074165,-0.116502,0.139063,0.165667,0.183323,0.048214,0.105254,0.255567,0.125495,0.201161,-0.098163,0.310002,0.217009,-0.056022,0.051479,-0.101240,0.108723,0.074423,-0.093236,0.220691,0.301082,0.064936,0.103803,-0.091805,-0.156563,0.205219,0.275551,0.084713,-0.076487,0.144168,-0.094335,-0.037359,0.033076,0.102053,-0.132412,0.150488,0.041319,0.066831,-0.069506,0.108753,0.022720,0.070261,0.222484,0.082957,0.147790,0.037460,0.019626,0.270416,-0.162461,-0.031334,-0.064363,0.008959,0.219628,0.197949,-0.103758,0.180445,-0.081853,-0.073160,-0.049523,-0.011686,-0.053853,0.104312,0.162277,0.136112,0.185130,0.194575,0.251077,-0.139934,0.010022,0.129875,-0.202725,0.021548,0.271740,-0.110686,-0.008369,0.209455,0.000495,0.081173,-0.015530,0.149672,-0.266740,0.145203,0.016404,0.024362,0.148831,0.026335,-0.199536,-0.118747,0.152091,0.166535,-0.047066,0.012797,0.151803,0.116111,0.058542,-0.139883,0.054105,-0.296350,0.047952,0.404272,0.100700,0.274006,-0.216091,0.076731,0.214094,0.167095,0.268569,0.030349,0.091594,-0.036988,-0.085649,0.179151,0.011344,0.210939,0.254194,-0.122539,0.189237,0.132893,0.078053,-0.191408,0.165185,0.176479,-0.134631,0.109769,0.206959,0.079308,0.102503,0.090408,0.019694,0.127316,-0.044311,0.118511,0.042334,-0.089572,0.118822,-0.138691,-0.036418,-0.042380,-0.018278,0.284935,0.177793,0.308179,-0.029952,-0.073452,0.083616,-0.123876,0.181544,0.228824,0.083416,0.094411,-0.106142,-0.099591,-0.138001,0.231068,0.031220,-0.055691,0.152747,0.323993,-0.135134,0.002089,-0.088062,-0.100748,0.179927,0.071061,0.094148,0.171300,0.022134,0.082766,0.151839,0.037381,0.261114,#
6,-0.089492,0.177136,-0.081771,0.147309,-0.246006,0.005392,1.000000,-0.068078,0.191714,0.075749,-0.034298,-0.078857,-0.079561,0.049494,-0.057518,-0.056687,0.068181,-0.165802,-0.038004,-0.104089,0.017604,0.049862,-0.112644,-0.287596,-0.101231,0.044805,-0.031982,-0.113739,-0.107255,0.020625,-0.058938,0.104846,-0.144498,0.153944,-0.290444,-0.082717,-0.103882,0.257628,-0.009377,-0.166559,-0.148266,-0.398089,-0.166498,0.109523,-0.160377,-0.060375,-0.002230,0.056708,-0.104295,-0.153531,0.119566,-0.007096,0.160203,0.169531,-0.138582,0.207031,-0.231606,-0.123590,-0.062783,0.341446,0.060768,-0.088760,0.166306,-0.077736,-0.086259,0.191580,-0.018425,-0.014532,0.050213,0.010364,-0.103273,-0.084998,-0.139653,0.012617,0.231953,0.045734,0.177069,0.300328,-0.017506,-0.116873,-0.250616,0.125516,0.110970,0.044999,0.063177,0.056273,-0.100629,-0.008854,-0.048416,-0.156456,0.009995,-0.205180,-0.241137,-0.085603,0.033993,-0.036845,-0.049763,-0.125493,0.154675,0.111729,0.065984,0.316853,-0.020847,-0.176234,-0.216363,0.167028,0.049946,-0.124736,0.120238,0.038707,-0.147974,0.059851,-0.004934,-0.308473,0.204522,0.140280,-0.019296,0.051459,0.088309,-0.017352,-0.135989,0.120257,-0.171033,0.093332,-0.091998,0.041800,-0.184790,-0.008685,-0.141313,0.004770,-0.035424,-0.232272,-0.079942,-0.081045,-0.090538,0.080255,-0.003367,0.006893,0.055568,-0.058565,-0.291669,0.109901,-0.084795,0.009813,-0.174005,-0.039556,0.123824,-0.214199,0.052545,-0.140432,0.141215,-0.132385,-0.068588,-0.261358,0.056077,0.012505,-0.070997,0.307960,-0.154360,-0.048347,-0.217512,-0.010495,0.178876,0.388644,0.043218,0.006235,-0.286451,-0.085749,-0.063410,0.107448,-0.011221,-0.173717,0.083250,-0.150396,0.079803,-0.017805,-0.130291,0.032094,0.190343,-0.175124,-0.154353,-0.103999,0.004867,-0.095178,0.024407,0.171566,0.043447,0.045889,-0.120555,0.035453,0.048550,-0.034873,-0.363186,0.167212,-0.221121,-0.084324,0.234725,-0.137045,-0.120251,0.050639,#
7,-0.209565,-0.051324,-0.128485,-0.174445,-0.048039,-0.055212,-0.068078,1.000000,-0.006620,0.098384,0.076306,0.301344,-0.125263,-0.039084,0.140229,0.093608,0.071422,0.368711,-0.044472,0.008510,0.070294,0.077213,-0.020765,-0.073901,0.065597,-0.026876,0.028448,0.308962,-0.284543,-0.001349,0.039918,-0.197655,-0.020404,-0.039849,-0.069509,-0.031593,-0.293155,-0.236858,-0.008395,0.087903,0.194636,0.061077,0.018090,0.058638,0.239572,0.126046,-0.064421,-0.078134,0.167798,-0.127806,-0.134929,-0.071167,-0.021088,0.021303,0.062351,-0.033832,0.217211,0.341875,0.061733,-0.144763,0.167548,0.014394,0.064382,-0.024424,0.167637,0.150264,0.212887,-0.246215,-0.006051,0.116761,0.151023,0.067426,0.033068,0.088922,-0.132038,0.000154,-0.119167,0.081345,-0.090401,0.294287,0.102376,-0.026879,0.130732,-0.054249,-0.063344,0.041386,-0.092265,-0.245122,0.116767,0.112216,-0.117068,0.082045,-0.038937,-0.006719,-0.182547,-0.128448,-0.087102,0.186049,-0.111177,0.090726,0.058488,-0.076414,0.086299,-0.084360,-0.183866,0.018217,0.306462,-0.031427,0.042187,0.191748,-0.093327,-0.025664,-0.101669,-0.008061,0.244818,0.172380,-0.175681,-0.257391,-0.159278,0.197866,-0.063125,0.097825,-0.104398,-0.127453,0.122631,0.058229,0.044316,0.051191,-0.095468,-0.031105,-0.051737,0.260790,0.056076,-0.142082,0.254900,0.107824,-0.251442,0.449798,-0.075673,0.008548,0.183855,-0.078110,-0.248889,-0.107509,0.112701,0.002132,0.167733,-0.014462,-0.200590,-0.048223,0.158999,-0.028372,0.026494,-0.036535,-0.042338,0.124374,0.239314,0.091489,0.135589,0.061525,-0.116601,-0.072952,0.193106,-0.113014,-0.215268,0.223667,0.189548,-0.073322,0.000162,0.077822,-0.058351,-0.071958,-0.110262,0.040472,0.122907,-0.055750,-0.088937,-0.118303,-0.191403,0.229500,0.090615,0.003586,0.086933,0.107332,-0.446742,0.042455,-0.133720,-0.162759,0.119678,0.242662,0.215275,-0.117857,0.040224,0.042400,-0.025034,0.113442,-0.213101,0.008240,0.189109,-0.104139,#
8,0.109068,0.162405,-0.048359,0.248156,0.243543,0.186667,0.191714,-0.006620,1.000000,0.198487,0.296026,0.098439,0.150497,-0.017861,0.154629,-0.116221,-0.122532,0.047580,0.064769,-0.013384,0.043537,-0.090281,-0.127441,0.240466,-0.030721,0.088188,-0.055130,0.071249,-0.150188,0.028460,-0.348468,0.107690,-0.004944,-0.078175,-0.099045,0.036362,0.224917,-0.105844,0.061303,-0.142013,0.299228,0.016695,0.018554,0.025144,0.219135,0.045412,-0.056369,0.073081,0.141904,0.011035,0.049885,0.324865,0.125145,0.222453,-0.026325,0.283774,0.125513,0.271118,-0.075940,0.174102,0.071460,0.064458,0.096747,-0.241070,0.067245,0.284126,0.004805,-0.170185,0.347884,-0.008296,0.109594,0.045323,0.017949,-0.179919,0.082407,0.069971,-0.008717,0.132906,0.055477,-0.134694,0.177532,0.308012,0.090439,0.123293,0.323707,0.068949,0.079916,0.096919,0.128266,0.160915,0.003423,0.305268,0.103446,-0.271964,0.462399,0.298145,0.051296,-0.048816,0.272284,0.032174,0.060863,0.104553,0.101080,-0.009517,0.173093,-0.047349,0.096954,0.067519,-0.068028,0.288940,-0.028262,-0.040341,0.009103,0.172361,0.019341,0.068241,0.079496,0.099512,0.065179,0.235745,0.133358,0.056255,0.148686,0.011479,-0.055156,0.139983,-0.064331,0.190679,-0.061781,0.201709,0.166747,-0.169859,0.028823,0.212841,0.095365,0.125291,0.009388,0.194205,0.237296,-0.005707,0.212920,0.002170,0.114536,-0.141832,-0.094814,-0.194563,0.203352,0.066849,-0.099530,0.046264,0.233018,-0.134897,0.172170,0.019863,0.256823,0.281024,0.187543,0.215363,0.061468,0.122233,-0.100028,-0.021406,-0.138672,0.224082,0.036401,-0.035333,0.094241,-0.173764,0.120800,0.037267,0.131938,0.059305,-0.122388,-0.008933,0.037647,0.008529,-0.025132,0.018415,0.294907,0.001869,-0.036261,0.123293,-0.024095,-0.113145,-0.061482,0.197243,-0.035159,-0.059430,0.203014,0.272221,0.134643,0.011044,0.133764,0.054978,0.249043,0.073966,0.208756,-0.160360,-0.206051,-0.019053,#
9,0.067972,0.005288,-0.079124,-0.084572,0.114481,0.335735,0.075749,0.098384,0.198487,1.000000,0.201589,-0.130564,-0.003447,0.267207,-0.002314,0.009869,0.083338,-0.003000,-0.284105,0.292390,0.027782,-0.124887,-0.004819,-0.015100,-0.155336,0.122016,0.291001,-0.050662,0.061685,-0.093864,0.136524,0.140966,-0.070560,0.259769,0.244684,-0.023283,-0.139621,0.102743,-0.089006,-0.200279,0.160473,0.174393,-0.000070,-0.192686,0.092378,0.118445,-0.000900,0.015378,0.049822,0.058395,-0.083817,0.171735,-0.116798,0.068320,-0.063406,0.087721,-0.004982,0.071491,0.249948,-0.086633,0.264202,0.036469,0.209029,-0.095893,0.152061,0.116518,-0.138382,-0.202967,0.170854,-0.154938,0.190561,0.154327,0.053178,0.048155,0.118649,-0.015504,-0.167709,0.035051,0.259602,-0.023995,-0.056237,0.296825,-0.034051,0.028019,0.271455,0.061750,0.069014,-0.076523,-0.315994,-0.009279,-0.127413,0.164296,0.096671,-0.189207,-0.022984,0.202868,-0.042708,-0.007225,0.124990,-0.200821,-0.008351,0.248269,0.069603,0.100863,0.298929,0.184277,0.064460,-0.198050,0.197582,0.094632,-0.213696,-0.141059,-0.126792,0.325734,0.016070,0.030946,-0.151148,0.006340,0.081196,0.012197,0.083282,0.056238,-0.090293,0.177478,-0.090397,0.227864,-0.250538,0.131946,0.075337,0.116711,0.135892,-0.346160,-0.109719,0.144624,0.291273,0.421767,0.165083,0.367445,0.256671,-0.216913,-0.032802,0.040353,0.060147,-0.087178,-0.126362,0.134755,0.188118,0.087591,0.089354,0.334908,0.052114,-0.304051,0.408951,0.189766,0.218587,0.104434,0.044859,0.177235,0.388465,-0.123258,0.028687,0.029233,-0.155878,0.265014,-0.171842,0.049664,0.000098,-0.031506,0.365043,-0.130579,-0.029326,0.068269,-0.080225,0.085388,-0.153740,0.037912,0.110618,-0.193689,0.082425,-0.164746,-0.057145,-0.014625,0.151965,0.104957,-0.155418,0.141287,0.050954,0.140407,0.181500,0.081924,0.143053,0.113339,-0.234204,0.111806,-0.039501,0.148222,0.066812,-0.044878,-0.003171,0.249496,#
10,0.134965,0.144835,-0.022720,0.154335,-0.044755,0.161796,-0.034298,0.076306,0.296026,0.201589,1.000000,-0.063373,-0.069378,0.145951,0.077555,-0.051005,0.032426,0.146155,0.126386,0.091951,-0.166116,0.147748,-0.209303,0.043357,-0.080715,-0.098727,-0.083345,0.089988,0.155090,0.087897,0.174604,0.206847,0.204143,0.124312,0.022486,-0.066565,-0.016384,0.033916,0.401406,0.115799,0.078860,0.032639,-0.000312,-0.127275,-0.287427,0.169710,0.103318,0.189055,0.111629,0.120883,0.082368,0.065296,-0.049690,0.057388,-0.050193,0.186145,0.088854,-0.144577,-0.223828,0.218949,-0.041460,0.117572,0.015163,0.152102,0.337200,0.266751,0.145008,-0.129040,0.218750,0.095816,0.199035,0.088548,0.224944,0.006415,-0.032064,0.161594,0.060566,-0.019859,-0.097720,0.034237,0.185228,-0.005197,0.321335,0.197238,0.444466,-0.070892,0.118308,-0.012243,-0.022939,0.192896,-0.233109,-0.010179,0.123072,-0.073641,0.165807,0.214484,0.089926,-0.181008,0.081035,-0.015089,-0.109042,0.054851,0.197267,-0.144805,0.105892,-0.038937,0.052788,0.185955,0.073303,-0.015912,-0.239386,0.139957,-0.040381,0.082659,0.510174,0.093774,0.105399,-0.070274,0.057141,0.046853,0.021396,0.179552,0.010374,0.181561,-0.042683,0.093793,-0.046680,0.217942,-0.017930,0.148932,0.365289,0.036681,-0.081506,0.273766,0.217237,0.117280,0.035115,0.359807,0.250404,-0.083976,0.220125,-0.034043,0.165201,-0.018838,-0.034225,-0.010679,0.144763,-0.080460,-0.037723,0.083798,0.148962,0.068162,0.268141,-0.107956,0.374106,0.133144,0.057791,-0.054879,0.229702,-0.052661,0.036057,-0.198908,0.267771,0.058200,-0.033825,0.003113,0.080628,0.065917,0.090631,0.104928,0.091222,0.104055,-0.191761,0.083282,0.028044,0.080655,0.141465,0.023227,-0.052239,-0.064609,0.126170,0.074331,0.137539,-0.116608,-0.094068,0.309267,0.005151,-0.120069,0.011622,0.139327,0.319988,-0.127622,-0.088340,0.030393,0.288181,0.103697,0.000398,-0.072597,0.070799,0.234863,#
11,-0.237403,0.174842,0.240499,-0.015347,-0.271654,0.031152,-0.078857,0.301344,0.098439,-0.130564,-0.063373,1.000000,0.072235,-0.070248,-0.278333,-0.008915,-0.047721,0.025199,0.029482,-0.375049,-0.297502,0.105355,-0.207998,-0.064748,0.225708,-0.009515,-0.014831,0.226215,-0.376082,0.025970,0.035806,-0.042140,-0.142868,-0.015804,-0.049465,0.178745,-0.105769,-0.243642,-0.008746,0.001435,-0.174976,0.091976,0.238306,0.280893,-0.130155,-0.023890,-0.264349,-0.111996,0.101660,-0.160124,0.069171,-0.124663,0.143981,0.161421,-0.272565,-0.197808,-0.071655,0.350815,0.098199,-0.046775,-0.139732,0.000621,0.156474,0.001433,-0.057186,0.245467,0.013129,-0.039948,0.034494,0.072013,-0.233502,-0.229984,0.160525,-0.043378,-0.245530,-0.035865,-0.025256,-0.261372,-0.283458,0.146415,0.080671,-0.100724,-0.136545,0.107584,-0.139233,-0.224234,-0.013492,0.017939,0.215893,-0.125282,-0.246470,0.124806,0.237884,0.384190,-0.060346,-0.039997,-0.099710,-0.052033,0.098649,0.017129,0.129111,0.020462,-0.027226,0.102008,-0.080887,0.019154,0.290246,0.132199,-0.010931,0.092367,0.197687,-0.001777,-0.026001,-0.050106,-0.174665,0.171932,-0.083089,-0.064806,-0.019515,-0.075025,-0.046016,-0.036426,0.140089,-0.030653,0.003377,0.025527,-0.039493,0.062784,0.028700,-0.086070,-0.070575,0.119638,0.179279,0.113881,0.065209,-0.036834,-0.261864,0.137820,-0.157967,0.056070,-0.030472,-0.053109,0.053583,-0.097467,-0.013878,-0.228217,-0.062202,-0.106878,-0.208487,-0.141352,-0.101597,0.155657,0.136252,0.024122,-0.143016,0.085025,-0.065707,-0.020471,-0.076915,0.075477,0.006560,-0.009775,-0.119367,-0.200457,-0.099651,-0.183639,0.418593,-0.144971,-0.073757,0.080648,-0.004627,-0.034868,-0.236230,-0.174613,0.018118,0.065685,0.007884,-0.023592,-0.189588,0.055987,0.101890,0.036441,-0.182671,-0.120174,-0.441575,0.065731,-0.042540,0.074445,0.014577,-0.114990,0.074278,-0.135929,0.221997,-0.066308,0.084858,0.019666,-0.052717,-0.082024,0.050345,-0.187747,#
12,-0.007454,-0.079966,0.141907,0.170594,0.237859,0.344764,-0.079561,-0.125263,0.150497,-0.003447,-0.069378,0.072235,1.000000,-0.009772,0.158411,-0.033445,0.181976,-0.155621,0.014175,0.219084,0.054564,0.076851,0.009995,0.183765,-0.070821,0.302652,0.028077,0.036458,0.005472,0.044083,-0.360834,0.310699,0.101806,0.061363,0.143480,0.312054,0.269759,-0.032819,0.189727,-0.177513,0.297764,0.056815,0.053182,0.139880,0.277295,0.137157,0.083610,-0.006889,0.180748,0.137685,0.143412,0.295594,0.044907,0.021645,0.253465,0.159122,0.082853,0.095486,-0.016454,-0.120255,0.063484,0.057478,-0.070671,0.135296,0.280434,-0.006155,0.160313,0.071472,0.188608,-0.068525,-0.012493,0.047839,-0.033069,0.031339,0.196674,0.164913,0.128783,-0.056988,0.031688,-0.080148,0.181611,0.307074,-0.159337,0.003362,0.188769,0.135691,0.035636,0.188693,0.117593,0.083037,0.272878,0.225158,0.015445,0.195681,0.228296,0.201349,0.201303,-0.109180,0.228802,0.015238,0.298787,0.217814,-0.078146,-0.183818,0.223053,-0.089781,0.062176,-0.030683,-0.087687,-0.065825,0.271148,-0.059793,0.106528,0.088501,0.003818,-0.225255,0.146599,0.042321,0.291232,0.016030,0.158387,-0.052044,0.284118,0.076589,-0.005983,-0.130933,0.070372,0.104917,0.066209,0.027147,0.161320,-0.115314,0.083952,0.019639,0.141689,-0.040632,0.220629,-0.043346,0.103722,0.115509,0.314052,-0.109812,0.079028,0.110824,-0.196242,0.113700,-0.143245,0.132586,-0.078749,-0.017998,-0.077631,0.170269,0.050235,0.228063,-0.095883,-0.008339,0.020939,-0.043384,0.022190,0.042155,-0.116417,0.328919,-0.017735,0.184913,0.038490,-0.189248,0.145276,0.008666,0.096863,0.245718,0.079382,-0.055096,-0.077804,0.201519,0.086351,0.090321,0.254436,0.382633,0.150745,0.102501,0.084865,-0.004109,0.189153,0.149518,0.026863,0.070824,0.145136,0.256022,0.022689,-0.029702,0.042295,-0.203860,0.104384,0.109030,-0.139499,0.134569,0.279065,0.265739,0.168574,0.051171,#
13,0.046105,0.100369,0.188053,-0.100254,0.078784,-0.040932,0.049494,-0.039084,-0.017861,0.267207,0.145951,-0.070248,-0.009772,1.000000,0.174171,0.024217,0.327167,-0.089418,0.050182,0.371768,-0.042039,0.039591,-0.217960,0.053440,-0.080482,0.230934,0.337406,-0.052448,-0.086499,0.038857,0.246934,0.239027,-0.045955,0.125123,0.220481,0.154803,0.000548,-0.066654,-0.002700,0.009964,-0.150622,0.051991,0.059412,-0.055397,-0.007211,0.184480,0.153498,0.105857,0.142190,0.123858,0.028300,0.066029,0.208195,0.215553,0.102794,0.163575,-0.088682,0.072829,-0.027119,0.149675,0.188317,0.178821,0.182202,0.010227,0.189162,0.066793,0.428883,0.202715,0.193260,-0.024180,-0.017089,0.125232,0.082139,-0.094243,0.200126,0.011251,0.311658,0.191644,0.273652,-0.099456,0.058306,0.302316,-0.128547,0.374380,0.333269,0.092773,0.162606,0.296456,0.013375,-0.121955,-0.119418,0.052898,-0.121841,0.122805,-0.008372,-0.025936,0.242001,-0.090358,-0.074295,0.188798,0.127487,0.295629,0.108910,0.266220,0.126541,0.036037,0.127541,0.015542,0.227866,0.054128,-0.139564,-0.115731,0.296538,0.197428,0.200429,0.047608,0.284663,0.050769,-0.218304,-0.050471,0.099342,0.103772,0.236595,0.185549,0.274888,-0.101702,0.021410,-0.118342,0.159520,0.091728,0.084191,-0.130917,-0.115065,0.035868,0.199693,0.119494,0.075652,0.183400,0.362614,0.241675,-0.171417,0.032143,0.253353,0.202564,0.156272,0.170378,0.016835,0.201681,0.014946,0.095883,0.090703,0.088094,0.210812,0.183950,0.216807,0.230023,-0.098328,0.345449,0.177879,0.159669,-0.230017,0.277864,-0.062419,0.349184,-0.076376,-0.079168,0.022006,-0.096626,0.139237,-0.013671,0.101623,0.334353,-0.036043,0.077477,0.034912,0.277308,0.179617,0.037432,0.041903,-0.126934,0.076266,0.166930,0.110140,0.141175,0.086418,0.143052,0.160750,0.156231,0.021481,0.114195,0.268250,0.101946,-0.057259,0.023421,-0.092782,0.103404,-0.149887,0.002491,0.038840,0.048020,#
14,0.014249,-0.012125,-0.191160,0.098878,0.090450,0.146350,-0.057518,0.140229,0.154629,-0.002314,0.077555,-0.278333,0.158411,0.174171,1.000000,0.097774,0.184847,0.078546,-0.151592,0.322764,0.037583,-0.076148,-0.017150,0.364071,-0.267158,-0.032614,0.270402,0.035165,-0.046635,0.122700,-0.241524,0.210680,-0.068247,-0.040953,0.016141,0.033639,0.026551,0.015399,-0.023898,0.215136,0.111260,-0.110198,0.174237,-0.216997,0.178109,0.463442,0.131051,-0.155168,0.194453,0.180333,0.133748,0.002476,0.359740,0.175620,0.421491,0.213844,0.112755,-0.174644,-0.125638,0.014437,0.315651,0.275451,-0.037638,-0.174356,0.046142,-0.087385,0.294126,0.189909,0.079480,0.144861,0.245696,0.020628,-0.010792,0.172349,0.321082,0.250298,0.122947,0.133506,0.115655,0.057758,0.162816,0.206471,0.023840,0.103658,0.176018,0.206964,-0.180582,0.092802,-0.013291,-0.026525,0.186369,0.337433,0.008821,-0.079808,0.319637,-0.002424,0.046097,0.062745,-0.242420,-0.021874,0.138098,0.191080,-0.012777,0.214499,0.037462,-0.018108,0.273741,0.092347,0.049545,0.230239,-0.224514,-0.278228,0.150186,0.126932,0.073900,-0.055211,0.102980,0.131090,0.072805,0.120999,0.099626,0.136128,-0.116623,0.007207,0.221141,-0.049172,0.098926,0.052673,0.045616,0.266443,0.107012,0.037707,-0.016642,-0.127378,-0.046195,0.233868,-0.099715,0.085910,0.073596,0.164624,0.293332,0.228147,0.014606,0.143266,0.042382,0.197334,0.204245,0.169095,-0.206664,-0.029788,0.347674,0.143759,-0.160250,0.134758,0.291012,0.165256,0.036862,0.103952,0.067522,0.012147,-0.137133,0.058657,0.109103,0.071058,0.137579,-0.107084,-0.035169,-0.210558,0.054611,0.184592,0.309371,0.124727,-0.100650,-0.013158,0.196116,-0.038650,0.181883,0.228373,0.218674,0.098638,-0.039667,0.095083,0.176524,-0.001597,0.177828,0.132062,0.141916,-0.331689,0.117269,0.381672,0.055847,0.063198,-0.062639,0.060084,-0.031632,0.101920,-0.130525,-0.018899,-0.009227,0.010249,#
15,0.174096,-0.192020,0.192518,-0.056117,0.117832,-0.217671,-0.056687,0.093608,-0.116221,0.009869,-0.051005,-0.008915,-0.033445,0.024217,0.097774,1.000000,0.302186,0.107387,0.057630,0.115310,0.053189,0.057222,0.011225,0.232181,-0.050847,0.368955,0.116117,-0.044763,0.214326,0.042926,-0.029368,0.136758,-0.093795,0.186845,-0.088750,-0.099631,-0.118978,-0.142525,0.060185,-0.123221,-0.024614,0.103072,0.132943,-0.045304,0.208777,0.180535,-0.168356,-0.089424,-0.054354,0.205636,-0.163629,0.018293,0.083596,0.079376,0.138697,0.023871,0.040156,0.078638,0.085403,0.207487,0.070545,-0.127801,0.218239,-0.187742,0.084303,-0.033729,-0.075875,0.040101,0.051293,-0.096564,0.215141,-0.004130,-0.039029,0.082746,-0.001716,0.083611,-0.126377,0.189487,-0.192928,0.115696,0.160463,-0.077216,-0.117914,0.379952,0.099789,0.028387,-0.041920,0.137966,0.111141,0.213892,-0.101487,0.119694,0.056545,0.178460,-0.024620,-0.177571,0.288051,-0.091903,-0.081127,-0.021558,-0.027793,0.030038,-0.190881,-0.059729,-0.286951,0.088180,0.097449,-0.030740,-0.098664,0.257746,-0.129677,0.288658,0.038593,0.015522,-0.033306,0.156496,-0.119998,-0.212444,-0.067983,-0.050979,0.205195,0.051293,0.049119,0.213435,0.087485,-0.240904,0.010569,0.007738,0.060012,-0.117338,0.105466,0.074745,0.049494,-0.071969,0.048172,0.198780,-0.058242,0.051696,0.016725,-0.070325,-0.276535,0.134073,-0.091204,-0.108971,0.256921,-0.014978,-0.057695,0.154571,0.481582,-0.043205,0.032070,-0.152631,0.099106,0.242065,-0.254256,0.284941,-0.014058,0.035325,0.066546,0.106764,-0.061775,-0.033477,0.152274,0.140660,-0.031176,0.125081,0.094479,0.011270,-0.135521,-0.208850,-0.214426,-0.121272,0.204663,-0.163386,0.176826,-0.184078,0.249320,-0.075634,-0.197144,0.245176,0.194185,0.066482,-0.018296,0.078926,-0.067252,-0.049898,-0.061965,0.167338,0.023631,0.139523,-0.096539,-0.029885,-0.047808,-0.085603,-0.031175,0.010344,0.039263,0.023371,0.071395,-0.248178,#
16,-0.016684,-0.001873,0.067254,-0.038504,-0.168101,-0.164181,0.068181,0.071422,-0.122532,0.083338,0.032426,-0.047721,0.181976,0.327167,0.184847,0.302186,1.000000,-0.047605,0.030587,0.355805,-0.001834,0.162294,0.093833,-0.084511,-0.291516,0.195354,0.089271,-0.182134,-0.008494,0.308456,-0.046683,0.149305,-0.151932,0.283751,0.111367,0.089237,-0.028301,-0.024831,0.150041,-0.259763,0.078006,-0.043823,0.083046,0.015030,0.105275,0.345066,-0.074430,0.044940,-0.014697,-0.095466,0.050669,0.239034,0.239258,-0.103461,0.123007,0.064564,0.095610,-0.062288,-0.033248,-0.047981,0.047717,0.063379,0.303612,0.183901,0.278487,0.040119,0.020458,0.344095,0.103221,-0.039129,-0.119293,0.285512,0.140529,-0.152695,0.029333,0.243188,-0.000627,0.324188,-0.029063,0.030097,0.033238,0.129586,-0.058161,0.220457,0.050308,0.070062,0.123026,-0.021098,-0.009521,-0.072236,0.081908,0.181773,0.045219,-0.011811,-0.005843,-0.192753,0.360712,-0.159321,-0.077744,0.228225,0.028815,0.103479,-0.198114,-0.139679,0.026078,-0.049298,0.051932,-0.084916,-0.042007,0.102797,-0.102522,-0.060305,0.072216,-0.002199,0.190413,0.202349,-0.059373,0.093357,-0.047810,0.223991,0.163952,0.133426,0.052694,0.228001,0.109960,-0.215746,-0.079149,-0.145102,-0.043466,0.157565,0.006323,-0.113711,0.331638,-0.375583,0.175575,0.181898,-0.137797,0.265907,0.109238,0.075733,-0.157533,0.123192,0.154554,0.072885,0.304193,0.121752,-0.159307,0.187774,0.192761,0.115729,-0.122660,0.183194,-0.066960,0.138930,0.137310,0.060564,-0.091363,0.107048,0.042801,-0.012709,-0.117767,0.204144,0.197417,0.294363,0.112304,-0.032804,0.161250,-0.016647,-0.088448,0.039675,-0.049224,0.104062,-0.127558,-0.064961,0.141378,0.108453,-0.024443,-0.014968,0.017702,0.045451,0.177760,0.060454,0.111374,-0.060878,-0.119360,0.136154,0.235182,0.022566,0.118565,0.072856,0.230303,-0.328333,-0.262240,0.051015,0.004794,0.233973,-0.042025,0.020769,-0.044665,-0.115710,#
17,0.011490,0.017087,-0.112206,0.101504,0.161340,0.021605,-0.165802,0.368711,0.047580,-0.003000,0.146155,0.025199,-0.155621,-0.089418,0.078546,0.107387,-0.047605,1.000000,0.032790,0.188004,0.196835,-0.182049,-0.179097,0.054960,-0.022327,0.181983,-0.028747,-0.091377,0.008473,-0.055860,-0.005418,-0.064601,0.257358,-0.003462,-0.019292,0.116985,-0.341422,-0.125001,0.146520,-0.006592,0.135132,0.082885,-0.096691,0.003304,0.086499,-0.013581,0.038655,-0.136333,-0.115198,0.060364,0.006660,-0.065549,-0.122692,-0.187992,0.196065,0.219883,0.235075,0.035331,0.087050,0.084222,0.068866,0.203062,0.041212,-0.201473,0.112467,0.058181,0.141725,-0.006390,-0.017163,0.057658,-0.093145,0.081651,0.032040,-0.025783,0.002714,0.198183,-0.222047,-0.065826,-0.334543,0.260608,0.027550,0.034845,0.326403,0.101601,-0.025165,-0.130405,-0.048440,0.022229,0.107758,0.134739,-0.070052,-0.020920,0.184645,0.012727,-0.217416,-0.008581,-0.086186,0.193025,0.236043,0.138840,-0.105301,-0.179189,-0.027329,-0.087670,-0.062884,-0.055627,0.013823,0.047641,0.008866,-0.070659,0.108207,0.461239,0.205390,0.116804,0.079057,0.111597,-0.069473,-0.131254,-0.005921,0.100031,-0.141009,0.227698,0.016021,0.039560,0.340255,-0.158112,-0.051936,-0.007072,-0.015617,-0.103718,0.202315,0.050045,0.060197,-0.027649,0.133244,0.221297,-0.028085,0.337287,-0.090163,0.014704,0.065161,-0.040637,-0.030765,-0.088007,0.098478,0.090061,-0.119096,0.015323,-0.104246,-0.144044,-0.025020,-0.144149,0.004897,0.145735,0.127791,0.126779,-0.013552,0.083239,0.147713,0.137526,0.169045,0.000295,0.147311,-0.006265,-0.113975,0.124688,0.062630,-0.009138,-0.113256,-0.068782,0.054136,-0.025891,0.067049,0.009578,0.087866,-0.125100,0.008354,-0.024250,-0.303380,0.340005,-0.086945,-0.041322,0.166093,0.030163,-0.203862,-0.045897,-0.034395,-0.094329,0.213881,0.075825,0.200798,0.083483,0.088170,-0.060549,0.124037,-0.013334,-0.029281,-0.160253,-0.028126,-0.012912,#
18,0.159259,-0.109664,0.135820,0.138769,0.214706,-0.109566,-0.038004,-0.044472,0.064769,-0.284105,0.126386,0.029482,0.014175,0.050182,-0.151592,0.057630,0.030587,0.032790,1.000000,-0.177123,0.102513,0.050802,0.073108,0.270548,0.103010,-0.084966,-0.105179,-0.050143,-0.006146,-0.053749,-0.091865,-0.263306,0.067009,0.013669,0.126357,0.181960,0.196060,0.082271,0.129131,0.201550,0.105098,0.270443,0.080381,-0.074905,0.018491,0.018768,0.110938,0.105439,0.141978,0.195069,0.102234,0.145520,0.177790,-0.017354,0.040855,0.250762,0.126086,0.014816,-0.198389,-0.016355,0.058382,-0.015666,-0.051541,-0.061851,0.045856,0.004567,0.230033,0.282010,0.033760,-0.073825,-0.173743,0.062171,-0.051533,-0.177588,-0.181690,0.139232,-0.026055,0.151676,-0.108572,-0.062305,-0.056395,0.062172,0.021444,0.255563,0.106393,-0.050993,0.215978,-0.100654,0.084921,0.136994,0.162536,-0.088811,0.029651,0.256563,0.034037,0.280918,0.221508,-0.011344,0.016351,0.171995,-0.049944,-0.058201,0.114714,-0.119716,0.055295,-0.047611,-0.001858,0.069082,0.165426,0.114631,0.036313,0.356291,0.185852,-0.120229,0.159832,0.051706,-0.028972,-0.185235,0.012964,0.191783,-0.087010,0.025741,0.184414,-0.029404,0.086213,-0.213073,0.172726,-0.083496,0.328526,-0.009675,0.148254,0.259839,-0.091522,0.112098,0.191677,-0.301688,0.098204,0.060047,-0.055823,0.110527,0.040180,-0.071914,0.033854,-0.007693,0.202277,0.015239,-0.099323,0.026989,0.043847,0.033793,0.122461,0.113040,-0.079437,0.083979,0.128802,0.253334,0.072233,0.203850,-0.160730,0.408026,0.022171,-0.046062,0.015619,0.054338,-0.006988,0.166493,0.131413,0.124014,-0.183877,0.079653,-0.117066,0.019949,0.096252,-0.131240,-0.068386,0.289537,0.091460,0.094924,-0.038143,-0.067410,0.065382,-0.006757,0.184896,-0.095537,-0.106392,-0.127881,0.257033,0.181585,0.041211,-0.044387,-0.086602,0.118840,0.078819,-0.239334,0.064848,-0.085858,0.014852,0.086853,0.258165,-0.002759,#
19,0.124486,0.030539,0.072061,0.221784,0.367325,0.015757,-0.104089,0.008510,-0.013384,0.292390,0.091951,-0.375049,0.219084,0.371768,0.322764,0.115310,0.355805,0.188004,-0.177123,1.000000,0.181375,-0.005672,0.069024,0.152735,-0.281543,0.470931,0.157462,-0.059161,0.049038,0.147712,-0.015816,0.222686,0.044804,0.185891,0.099973,0.098792,-0.113115,0.042386,0.147454,-0.083261,0.337623,0.232096,-0.123424,-0.083219,0.082451,0.178999,0.213136,0.369623,-0.059387,0.272813,0.076682,0.262984,-0.001861,0.093226,0.250405,0.206904,0.132857,-0.166162,0.048499,0.047247,0.369139,0.173917,-0.011000,0.162786,0.433841,0.003230,0.164488,0.112739,0.089957,0.099643,0.186055,0.397841,0.101540,0.040307,0.335033,0.438571,-0.131404,0.239497,0.256357,-0.111830,0.302567,0.392400,0.096788,0.144592,0.259004,0.027287,0.118481,0.116537,0.111423,0.108331,0.004188,0.224407,0.068064,-0.060016,0.017457,0.118634,0.129344,0.021971,-0.056663,0.049618,0.121012,0.184971,0.134216,0.157656,0.257518,0.062685,-0.042285,0.202032,0.002829,0.049720,-0.058164,-0.032872,0.253362,0.272659,0.213271,-0.143198,0.281965,0.187235,0.062848,-0.186614,0.362722,0.133957,0.264279,0.313403,0.366531,-0.000580,0.174860,0.150286,-0.122607,0.123080,-0.029522,-0.109252,0.168539,-0.040121,0.164072,0.283191,0.089159,0.278073,0.295615,0.053901,0.116941,0.164752,0.120155,0.039438,0.163213,0.154824,-0.095373,0.211660,0.145453,-0.017598,0.049402,0.117758,0.143056,0.419097,0.302958,0.031160,0.015689,0.061064,0.202982,0.085068,0.076047,0.172723,0.143606,0.278907,0.025726,0.095386,-0.052545,0.096022,0.216485,-0.141620,0.051615,0.245787,-0.002771,0.216706,0.238862,0.079105,0.269769,0.106009,0.076224,0.074652,-0.174948,0.136863,0.172623,0.073489,0.076673,0.239583,0.176850,0.161446,0.205900,0.087549,0.365120,0.120683,-0.237065,-0.005446,0.016625,0.306392,0.174211,0.112728,0.045707,0.114416,#
20,0.206089,0.017092,0.182712,0.240485,0.326762,0.026810,0.017604,0.070294,0.043537,0.027782,-0.166116,-0.297502,0.054564,-0.042039,0.037583,0.053189,-0.001834,0.196835,0.102513,0.181375,1.000000,0.067824,0.063852,0.024430,0.242992,0.169312,0.102729,-0.192616,0.061411,-0.170503,-0.096173,-0.033915,0.045133,0.004808,-0.179390,-0.012791,0.021458,-0.101802,0.001954,-0.106308,0.247616,0.268858,-0.027682,-0.099612,0.290608,-0.129815,0.259931,0.151610,0.157133,0.035869,-0.182053,0.077943,0.067062,-0.186602,0.314237,0.214415,0.196482,0.000372,0.073008,-0.217168,0.260542,0.178460,0.132696,-0.089870,0.066780,-0.165922,0.048239,0.128797,0.217187,0.146836,0.036142,0.214814,0.060869,-0.011415,-0.015142,-0.110144,0.242309,0.318606,0.174182,-0.214754,-0.065556,0.059238,-0.081786,0.059897,0.128219,0.109299,0.062301,-0.117676,0.240678,0.068242,0.064551,-0.123195,0.088122,-0.001355,0.067350,0.086860,0.160669,0.142403,0.155574,-0.155159,0.125712,0.032263,0.082904,0.057318,0.066874,-0.101659,0.012493,0.104935,0.114956,-0.042586,0.014553,0.260962,0.009612,-0.077962,0.185751,0.109986,0.166726,-0.043595,-0.058439,0.148916,0.008805,0.163255,-0.043867,-0.145359,0.015397,-0.115153,0.143477,-0.031570,0.011674,0.044012,0.148885,0.035416,0.028964,0.003584,0.060022,0.101029,0.383939,-0.087307,0.205331,-0.060773,0.268266,0.160720,0.106703,0.085995,0.148186,0.005177,-0.095385,0.230613,0.314303,0.170179,0.251274,-0.002278,-0.185831,-0.022821,-0.075499,0.088415,0.091791,0.151729,-0.120542,0.227688,0.095389,0.081222,0.081497,0.237059,0.068091,0.090153,-0.317293,0.151460,-0.062802,-0.030644,0.172887,-0.034979,-0.025312,-0.045141,-0.107275,0.170277,0.009501,-0.050868,0.137998,0.144778,0.115193,0.068215,-0.095488,0.011937,-0.005350,-0.379496,0.193398,0.162257,0.133171,0.186921,-0.015716,0.236213,-0.029085,-0.072401,0.148567,0.217602,0.032793,0.094231,0.079386,0.079315,#
