0,1.000000,-0.140577,-0.107472,0.205479,0.181569,0.072964,-0.105390,-0.148468,0.013556,-0.038038,-0.051466,-0.135352,0.082376,-0.148189,0.268805,0.268321,0.226253,0.311824,0.198699,0.193859,0.094412,-0.078777,0.343640,0.369484,-0.002745,0.105324,0.238413,-0.172605,0.013855,0.011968,0.020950,0.207392,0.140970,0.226232,0.301940,0.162085,0.023089,0.190387,0.202295,0.116331,-0.029687,0.090778,0.137947,0.102253,0.055600,-0.005778,-0.042105,0.243169,-0.187197,0.258760,-0.065423,-0.116337,0.010588,0.071083,0.209347,0.039430,0.384651,0.137149,0.093920,0.116554,0.125287,0.194461,0.226240,0.026033,-0.068571,-0.103473,-0.008172,0.111070,-0.062360,0.198542,0.109609,0.027897,-0.002791,0.139533,0.026907,-0.241979,0.314094,0.149214,0.017617,0.016574,-0.215436,-0.034375,0.045706,0.207976,0.196640,0.036437,0.278707,0.040505,0.259875,0.361012,0.146762,0.075253,0.230135,0.058813,-0.043050,0.211477,0.029854,-0.174613,-0.065854,0.054769,0.200393,0.150492,-0.206802,0.040871,0.225380,0.172757,0.259309,0.144674,-0.016838,-0.105241,-0.046465,-0.048187,-0.185307,0.035323,0.107582,0.052439,0.070215,-0.150364,0.155989,-0.030681,0.186737,-0.065894,0.151272,0.132154,0.060790,0.087688,0.169384,-0.128542,-0.031437,0.285198,0.228182,0.026743,-0.250417,-0.197940,-0.083614,0.244064,0.000864,0.064548,-0.072333,-0.076528,0.306400,0.110181,0.041863,0.229831,-0.085050,0.131801,0.078670,-0.081678,0.124312,0.183762,-0.233555,-0.013151,-0.061418,-0.015028,0.025408,0.282166,0.257766,0.044513,0.059079,-0.064440,0.080912,0.191305,-0.047101,-0.108898,-0.001284,0.292661,-0.213402,0.217863,0.258108,0.047756,-0.122354,-0.267462,0.228436,0.051206,-0.169557,0.161729,0.199912,0.095271,-0.006095,0.039363,0.362421,0.187088,0.053639,0.080532,-0.067702,-0.126961,0.178403,0.423280,0.106039,-0.074110,0.015688,0.179370,-0.109129,0.065931,0.077427,0.044900,-0.114949,0.138905,0.142381,0.027174,#
1,-0.140577,1.000000,0.167321,-0.083967,0.015535,0.115025,0.391643,0.197902,0.187384,-0.062420,0.065809,0.189628,0.048194,0.055181,-0.085696,-0.091695,-0.029043,0.039137,-0.096168,-0.157123,0.115383,0.261386,0.063019,-0.296410,0.038803,-0.156431,0.015240,0.117393,-0.397534,0.107824,0.065865,-0.139103,-0.092065,0.137423,-0.188801,0.219691,-0.000104,0.046473,0.044417,0.086127,0.046272,-0.137091,0.100857,0.099645,0.145175,-0.063048,0.319828,-0.105673,0.111666,-0.265811,0.023067,-0.182602,0.334712,0.255944,-0.000394,0.175520,-0.008385,-0.151333,-0.004102,-0.130926,-0.030112,-0.060046,0.162665,-0.103074,-0.154282,0.140396,0.145917,0.207581,0.105624,0.096025,0.156013,0.140995,0.082531,0.033512,0.121564,-0.023750,-0.019039,0.133936,0.278122,0.087403,-0.079864,0.205820,-0.097136,0.009212,0.119793,-0.014688,0.143896,0.091756,-0.104220,-0.017909,0.105102,-0.000758,-0.104783,0.008594,-0.004083,0.114322,-0.116891,0.068660,-0.151932,0.187340,0.131072,0.045537,0.104497,0.027398,0.027806,0.060767,0.164127,0.103646,0.194062,-0.045156,-0.061527,0.076891,-0.111169,-0.232725,0.218024,0.237199,0.224612,-0.131205,0.063469,0.051157,-0.263143,0.038634,-0.031987,0.036680,-0.080379,-0.104468,0.166296,-0.009974,0.280429,0.134854,-0.090077,0.112409,-0.051983,0.107662,0.152200,-0.140573,0.389079,0.086393,0.128418,0.173449,0.105706,0.118615,0.009103,0.220137,0.244108,0.036863,-0.017017,-0.165622,0.164701,0.031099,0.397779,-0.045471,-0.330280,-0.242338,0.097242,0.167756,-0.177226,0.116698,-0.310409,-0.216796,-0.155662,-0.044743,0.168420,0.247032,0.224896,-0.090009,-0.111188,-0.056113,-0.022238,0.122598,0.217754,0.121703,0.029356,-0.134206,0.018766,0.134534,-0.089815,0.036105,0.084294,-0.016872,0.092973,-0.152237,0.063069,0.062328,0.276768,-0.052050,0.128136,-0.187959,-0.009967,0.268248,0.027912,0.172732,-0.233038,0.027283,-0.055462,-0.029818,-0.137192,0.155465,-0.118415,0.312991,#
2,-0.107472,0.167321,1.000000,-0.133901,0.042828,0.106544,0.175693,0.061235,0.040872,-0.040300,0.411789,0.284829,-0.058456,-0.060492,-0.283795,0.167700,-0.116545,-0.076345,-0.055523,-0.200341,-0.027194,0.176658,-0.260470,-0.099621,0.087132,0.015742,0.057192,-0.051797,-0.176161,-0.077088,0.024662,-0.056111,-0.059044,-0.057609,-0.097588,0.090229,0.051392,-0.112373,0.027920,-0.271398,0.067890,-0.021988,0.155403,-0.019663,0.096240,-0.246946,-0.040751,-0.084030,-0.008500,-0.034917,-0.076852,0.105545,0.059608,-0.002112,-0.007157,-0.097935,0.040789,-0.065138,0.179742,0.171634,0.149225,-0.101353,-0.325306,0.100407,-0.011597,0.105544,0.221624,0.078132,0.016147,-0.135317,-0.088350,0.201175,-0.177240,0.033357,0.091143,0.016277,-0.027549,-0.093447,0.037666,-0.052219,-0.068049,-0.296298,-0.151039,-0.044676,0.100647,0.090502,-0.065754,0.094058,-0.046641,0.113486,-0.096609,0.212517,-0.005642,0.205153,-0.152207,0.202826,-0.102440,0.106207,0.122860,0.117370,-0.075488,0.080636,-0.312710,0.044458,-0.232294,-0.019959,0.088448,0.196586,0.126744,0.153349,0.201316,0.270702,0.029794,0.012395,-0.108530,0.267816,0.064741,-0.154430,-0.225657,0.020865,-0.000029,-0.201071,-0.095575,-0.099309,-0.050824,-0.043819,0.184026,-0.006401,0.153226,-0.043621,-0.113560,0.132784,-0.092202,0.015190,-0.007374,0.026242,-0.058084,0.043098,0.073391,-0.088541,0.230152,0.095471,-0.130006,-0.166261,0.313503,-0.288107,-0.355330,-0.225029,0.122969,-0.276472,0.150974,0.015557,0.198866,-0.058057,-0.099989,-0.117155,0.061092,-0.293298,-0.045259,-0.110163,-0.143732,-0.030462,0.161233,0.086621,0.012759,0.242433,0.167200,-0.017670,-0.157202,-0.009788,-0.132179,0.315162,-0.075374,-0.065971,0.069318,-0.150729,0.055760,0.164283,-0.325630,-0.025556,0.182302,0.046647,-0.222436,0.157349,0.031150,0.087744,-0.059795,-0.124920,0.072309,-0.162949,-0.004095,0.013123,0.086774,0.022555,-0.002849,-0.110770,-0.226581,-0.034723,0.004004,0.151950,#
3,0.205479,-0.083967,-0.133901,1.000000,-0.034746,0.142036,0.143437,0.030525,0.266724,0.230386,0.273764,-0.063887,0.054388,-0.255237,0.237797,0.167999,0.071600,0.206840,0.226144,0.034618,0.056239,0.043225,0.355917,0.345499,0.024605,0.039211,0.105324,-0.045734,0.211048,0.105829,0.131272,0.060707,0.460317,0.243981,-0.119474,0.076731,-0.028727,0.345015,0.199307,0.129794,0.042297,0.111666,0.197841,0.097608,-0.096473,0.017161,-0.172733,0.134170,-0.023405,0.042309,0.069362,0.225317,0.192227,-0.044522,0.165349,0.106737,-0.030115,-0.180896,0.089452,0.131366,0.112923,0.132216,0.011723,-0.064352,0.305269,0.038906,-0.027734,-0.204100,-0.161658,0.130851,0.019534,0.060464,0.108365,0.047571,0.050017,-0.020417,0.047276,0.100268,-0.001242,-0.224457,0.159506,-0.018903,0.243031,-0.080312,0.187876,0.057057,0.013788,0.059160,0.144646,0.215584,0.217887,0.040072,-0.048516,-0.133555,0.067468,0.170927,0.028460,-0.212691,0.208386,0.028500,0.171996,0.055387,0.012764,-0.020641,0.243246,-0.020087,0.370145,0.262820,0.027267,0.066124,0.018806,-0.015378,-0.119907,-0.022894,0.024735,0.030024,-0.087312,0.155172,-0.105668,0.001097,0.048477,-0.005666,-0.138108,0.141535,-0.045436,0.129110,0.222661,0.280170,-0.133259,0.096752,0.251220,0.146105,-0.003735,0.277442,-0.087415,0.205942,0.023794,0.054042,-0.042397,-0.015143,0.142998,0.267529,-0.067676,-0.109278,0.091922,0.005345,0.275226,0.086511,-0.046658,0.129885,0.081482,-0.052402,0.008118,-0.002649,0.192200,-0.116552,0.025041,0.149531,0.236306,-0.043138,0.117974,-0.075753,0.235445,0.118883,0.027165,-0.010468,0.013474,0.202139,-0.008084,-0.018171,0.103558,-0.221706,-0.050727,-0.094372,0.018903,0.081988,0.283915,-0.025345,-0.133938,0.117547,-0.074041,0.235569,0.194388,-0.168375,-0.132990,-0.080164,0.022376,0.136849,0.072427,0.041248,0.079066,0.026556,0.059279,-0.033205,0.073581,0.113974,0.293254,0.035069,-0.126771,-0.092910,#
4,0.181569,0.015535,0.042828,-0.034746,1.000000,0.149772,-0.044793,-0.057898,0.081467,0.030400,0.032762,-0.064282,-0.056537,-0.016893,0.048225,-0.020617,-0.143011,0.122834,-0.054779,0.204048,0.285377,-0.038000,0.143166,0.140068,-0.042584,0.032537,0.045028,-0.102511,0.187500,0.045862,0.046443,-0.014071,-0.085607,0.077274,0.046727,0.242574,0.321481,0.150753,0.087339,0.154746,-0.020799,0.400449,0.064000,-0.109236,0.127872,0.004994,0.278117,0.084903,-0.023516,0.110103,-0.033180,0.061607,-0.020521,0.188993,0.306420,0.334307,0.001534,0.059076,0.020903,-0.051325,0.027415,0.248886,-0.126890,0.071290,-0.100962,-0.140194,0.004143,0.100875,-0.072215,0.103471,0.023426,0.207877,0.175333,0.224573,-0.017784,-0.052969,0.102539,0.139680,0.073147,0.056310,0.114113,0.082421,-0.032697,-0.044773,0.303989,-0.019832,0.076966,0.038885,-0.115612,0.242520,0.260012,-0.122335,0.111056,0.077844,0.086739,0.213395,-0.014577,0.073420,-0.279984,0.049156,-0.144214,0.010243,0.175733,0.180841,0.006238,0.163234,-0.063669,0.120699,0.273773,0.191336,0.115119,0.239588,0.114485,0.149779,0.086162,-0.100651,0.293479,0.015760,-0.010349,0.129890,-0.075450,-0.093752,-0.073303,0.000343,0.180624,-0.026212,0.226304,-0.094636,0.141944,-0.062298,0.273705,0.025326,-0.002318,0.036619,-0.077453,0.072115,-0.016765,0.126098,0.215674,0.063850,0.348535,0.072470,0.141498,-0.056614,0.217020,0.307314,0.044478,0.311567,0.154032,0.012223,0.048670,0.296444,0.114425,0.298598,0.365170,-0.091440,0.194185,0.088828,-0.119226,-0.080953,0.280997,0.041061,-0.101572,-0.190801,-0.123400,0.114530,-0.013887,0.122866,-0.041509,0.018996,-0.200819,-0.088192,0.313158,0.134642,0.090132,0.084903,0.127434,0.212616,-0.015856,0.249233,0.121646,0.004304,0.263460,-0.126301,0.232676,0.073159,-0.252969,0.183686,0.202086,0.222993,-0.104164,0.350043,-0.139933,0.038112,0.205705,0.100428,0.121689,0.067005,0.042372,0.393752,#
5,0.072964,0.115025,0.106544,0.142036,0.149772,1.000000,0.027814,0.159797,0.180858,0.091831,0.116939,0.120126,0.178380,-0.043630,0.100306,-0.112843,-0.116057,0.016127,-0.109211,0.208117,-0.068257,-0.019360,0.109207,-0.185659,0.097702,0.034710,0.024576,0.146555,0.167582,0.044401,0.184937,0.015605,0.151852,0.102866,-0.073736,0.268108,0.120240,0.003166,0.153754,0.142337,0.219115,0.080538,0.259680,0.015439,-0.007779,-0.031960,0.097617,-0.121669,0.245052,-0.154719,0.125529,0.146673,0.032358,-0.185841,0.343343,0.235361,0.089269,-0.076487,0.194005,0.019401,0.005977,0.045771,0.043292,0.184192,0.242637,0.011184,0.018265,-0.018850,0.156657,-0.218787,0.058618,0.039346,0.235721,0.278248,-0.009308,-0.011789,0.138375,-0.152207,0.143066,-0.007622,0.039517,0.006324,0.275554,0.008380,0.038461,-0.108884,0.085101,-0.036985,0.029674,-0.174345,-0.090964,0.085168,0.174505,0.408606,-0.117804,0.231161,-0.101622,0.055951,-0.033699,-0.000186,-0.176898,0.060733,-0.141302,-0.025584,-0.081435,0.252777,0.175692,0.207605,0.082359,0.085468,0.110232,0.154069,-0.232366,-0.123215,-0.007000,0.091341,0.077000,0.174466,-0.154486,0.068640,-0.268900,-0.052121,0.049607,0.034880,-0.119567,-0.106558,0.086988,-0.240743,0.206001,0.090320,0.335430,-0.011317,0.090933,0.257777,0.118168,0.186535,-0.008775,0.162601,-0.041807,-0.259371,-0.037009,0.166161,0.107693,0.135081,0.204065,0.005308,0.135254,0.108435,0.061300,0.070867,0.272032,0.195057,0.335661,0.088743,0.082187,0.151456,-0.190758,-0.086142,-0.046113,-0.085978,0.182118,-0.074472,0.299889,0.182959,-0.000430,0.037358,-0.016401,0.235620,0.063574,0.069837,0.365636,0.020193,0.433846,-0.147075,-0.143536,0.033543,0.202846,-0.021569,0.089182,0.079080,0.180046,0.063242,0.249095,-0.000709,-0.170995,0.077072,0.065318,-0.037793,0.252706,-0.044317,0.111399,0.253548,0.161406,-0.028990,0.257177,-0.201400,-0.164882,0.128657,0.089613,0.325098,#
6,-0.105390,0.391643,0.175693,0.143437,-0.044793,0.027814,1.000000,0.195551,0.315644,0.043796,0.009017,0.194799,0.118010,0.069710,-0.048599,0.203256,0.013525,0.079934,0.052977,-0.204091,0.035568,0.413370,-0.006987,-0.067605,0.100991,0.082308,0.054999,0.143431,0.005475,0.107897,-0.026669,0.055254,0.006516,0.049959,-0.128195,-0.076909,-0.210642,0.132100,-0.001631,-0.035018,-0.101380,-0.052048,0.176631,0.162539,0.211256,-0.100385,0.058856,-0.084389,0.014322,-0.179972,-0.032688,-0.122746,0.010615,0.077577,-0.051962,0.064900,-0.004144,-0.027010,0.029586,0.225176,0.269560,-0.100814,0.187416,-0.192122,0.020857,0.460244,-0.135417,0.084399,0.004235,0.061219,0.081264,0.149226,0.063482,0.146563,0.247069,0.074064,0.135550,0.054395,0.135564,-0.112016,0.034545,-0.152173,0.052257,-0.000949,0.061934,0.114018,0.149732,0.143616,-0.166274,0.082308,-0.009241,-0.030821,0.034461,0.053493,0.049429,-0.078008,0.153626,0.035808,0.040067,0.210813,0.045996,0.312527,0.034021,0.119856,-0.283757,0.124846,0.146811,-0.036976,0.199175,0.176713,0.097844,0.182980,-0.080896,-0.339329,0.027857,0.266528,0.159679,-0.184350,-0.007023,-0.051639,0.060289,0.078423,-0.120951,0.152737,-0.126182,0.030861,-0.010008,-0.026074,-0.208706,0.014723,-0.013831,0.098619,0.078553,0.029806,-0.048027,0.133094,-0.007404,-0.012932,0.161891,0.185406,0.036652,0.327356,-0.065403,-0.057997,0.008464,0.010451,0.083488,-0.031922,0.133115,-0.181971,0.297309,-0.237162,0.189999,-0.094149,0.217641,0.084300,-0.086461,0.212925,-0.119429,-0.144745,-0.165689,0.209320,0.239310,0.184032,0.059934,0.238019,-0.147424,0.027102,-0.182433,0.021318,-0.154898,0.054737,-0.000033,-0.143368,0.156667,0.014042,0.001025,0.032365,0.073765,-0.046925,0.135431,0.071951,0.126244,-0.099498,-0.091761,0.144956,0.037663,0.061102,0.071913,0.111119,0.132994,0.103684,-0.129428,0.080685,-0.135136,-0.024082,0.144085,-0.049224,0.039340,0.162377,#
7,-0.148468,0.197902,0.061235,0.030525,-0.057898,0.159797,0.195551,1.000000,0.184744,-0.165778,0.212879,0.300779,-0.126893,0.057031,0.175517,-0.020806,0.001554,0.136119,-0.207151,-0.122648,-0.253455,-0.062013,0.052890,-0.082341,0.170408,-0.016575,-0.045328,0.264176,-0.024065,0.159271,-0.106416,-0.002574,0.114841,0.022268,-0.255633,-0.004546,-0.018249,0.029069,0.246625,0.118053,-0.016210,-0.210575,0.001417,0.030584,0.083577,-0.029924,0.096128,-0.070138,0.114428,0.030574,0.334026,0.071815,0.024962,0.110819,-0.000169,-0.117274,-0.124345,0.019154,0.205089,0.080597,-0.008553,0.040569,0.060402,-0.025328,0.059546,0.190331,0.137399,-0.007726,0.016712,0.316245,-0.205638,0.011629,0.116811,0.015854,-0.008344,-0.065708,-0.086853,-0.001479,-0.039084,0.133743,-0.026960,-0.114651,0.118331,0.004844,0.137040,-0.103344,0.059076,0.006215,-0.164432,-0.016575,-0.078389,-0.005435,-0.089443,0.252645,-0.212874,-0.229713,-0.256997,0.025618,-0.124818,0.226372,0.037076,0.034333,-0.139180,0.004282,-0.105093,0.043153,-0.111396,-0.009107,-0.046298,0.048468,-0.085082,0.080029,-0.122805,-0.005389,0.256494,-0.011269,-0.037498,-0.163999,-0.193266,0.255268,-0.148329,-0.020692,-0.072777,0.112025,0.076670,0.041394,0.214027,-0.066139,0.094731,-0.020945,0.014459,-0.103510,0.239461,0.166567,0.045759,0.047527,-0.248402,0.028157,-0.016477,0.042273,-0.019126,-0.209488,0.081507,-0.168986,0.172164,-0.089197,-0.004601,-0.210887,0.052766,0.025422,0.266305,0.059232,-0.035535,0.001393,-0.054766,-0.002043,-0.087186,0.187501,0.012967,0.074266,0.036915,0.028884,0.226810,-0.022417,-0.251877,0.233444,-0.070153,-0.175396,-0.176031,0.011167,0.017762,0.197299,0.220811,-0.152281,0.202558,-0.204483,-0.028699,0.061820,-0.264746,0.268313,0.216004,0.101777,0.102712,0.098750,-0.065228,0.244325,-0.237971,-0.313885,-0.084275,0.092246,0.122884,-0.006189,0.116259,-0.086251,-0.008855,-0.307921,-0.115142,-0.022764,-0.172181,0.291282,#
8,0.013556,0.187384,0.040872,0.266724,0.081467,0.180858,0.315644,0.184744,1.000000,0.238749,0.089294,0.149556,0.122240,-0.139764,0.225315,0.327701,-0.177207,0.015522,-0.068871,-0.123461,-0.238275,0.135735,0.361448,0.116611,-0.128213,0.011233,-0.097482,0.107067,-0.028281,0.293485,0.023031,0.124024,-0.084259,0.077384,0.030905,0.092287,0.027567,0.084330,-0.041560,-0.011453,-0.006978,0.236020,0.224524,0.057308,0.239074,-0.004502,-0.005330,-0.154727,0.254448,-0.025221,0.306991,0.306507,-0.002051,0.179525,0.039098,0.269644,0.128700,0.203475,0.200648,0.345891,0.231103,0.023497,0.253223,-0.084806,0.144996,0.236616,0.061280,-0.008234,0.224007,0.038509,0.095536,-0.120101,0.065651,0.183116,0.310959,0.123119,0.132397,-0.007075,0.050150,0.097295,0.153814,0.093126,-0.033111,-0.183041,0.147423,0.143998,-0.005031,-0.080310,-0.220241,0.100596,0.025603,0.042016,0.096157,0.003481,0.161030,0.190245,0.242779,0.002481,0.072743,0.130772,0.086910,0.040208,0.127521,0.141186,0.157023,-0.035434,0.081973,0.018959,0.045511,0.208924,-0.092527,-0.050510,-0.237034,-0.078937,0.221770,0.225251,0.021653,-0.167741,0.030593,0.276735,0.007979,-0.001881,-0.146777,0.065727,-0.085625,0.102558,0.155853,0.287620,-0.232036,0.363403,-0.020054,-0.157810,0.237545,0.212245,0.004198,0.286006,-0.026985,-0.035728,0.022136,-0.247791,0.055594,0.176462,0.328778,-0.100408,-0.078525,0.081653,0.201034,0.007465,0.374603,0.067276,0.335638,-0.005402,0.068379,0.200006,0.221782,0.177411,0.087922,0.306313,0.043517,-0.015842,0.018607,-0.009429,0.068885,0.026496,0.188988,0.216366,0.051752,-0.150166,0.045911,0.175115,0.130309,0.032383,0.008255,-0.183055,0.158864,-0.055996,0.011723,0.108077,-0.041908,0.141502,0.213428,0.003412,0.108712,0.116012,0.051328,0.168541,-0.042802,-0.018417,-0.007697,-0.103428,0.051484,0.061894,0.077604,0.043758,0.286620,-0.022407,0.121744,-0.022043,0.089198,-0.054574,#
9,-0.038038,-0.062420,-0.040300,0.230386,0.030400,0.091831,0.043796,-0.165778,0.238749,1.000000,0.386627,-0.209495,0.064287,-0.207154,0.085753,0.302085,-0.097231,-0.080142,0.002876,0.031556,-0.023484,-0.152056,0.006380,0.040910,-0.048790,-0.285822,0.016046,0.021990,-0.005087,0.143659,0.082802,-0.086434,-0.140287,0.183576,0.049560,-0.049879,-0.111251,0.168764,0.033550,-0.113837,0.168956,-0.119158,0.152179,-0.110118,-0.098815,0.146476,-0.001758,-0.041887,0.104090,0.001357,-0.023944,0.096276,0.136461,-0.041939,-0.211365,0.119038,-0.024717,-0.078553,0.073020,-0.065874,0.076862,0.018545,0.101683,-0.061493,-0.092768,0.045264,-0.164956,-0.220656,-0.051744,-0.308320,0.209916,0.004724,-0.117978,0.036165,-0.113223,0.042320,-0.227528,-0.134305,-0.026500,0.146426,0.266658,0.112043,-0.104224,-0.109613,0.155562,-0.112478,-0.092122,-0.008209,-0.215345,-0.196834,0.046612,0.324072,0.063802,-0.223782,0.198420,0.000531,0.108782,0.106892,0.102625,-0.360319,-0.350186,-0.070192,0.301629,-0.043397,0.191179,-0.069466,0.080681,-0.222559,-0.062591,-0.104402,0.149640,-0.051796,-0.073153,0.194290,-0.059956,0.006543,-0.255247,-0.045182,0.109971,-0.096060,-0.140286,0.167211,-0.132063,-0.125590,-0.279641,0.050874,-0.207216,0.228513,-0.067344,0.178909,-0.046815,-0.079275,-0.072110,0.232778,-0.047439,-0.019388,-0.081779,0.154005,0.005962,-0.266311,-0.213204,0.063529,0.153427,-0.032670,-0.026800,-0.026206,0.018679,0.228166,0.033914,0.275177,-0.146913,-0.222621,0.267636,0.163009,0.133684,0.013555,-0.054368,0.169302,-0.036662,-0.074271,0.024061,-0.224987,0.072771,0.251080,0.029332,-0.108775,0.044420,-0.060311,0.093453,-0.131908,0.141865,-0.186698,-0.102444,-0.005958,0.005681,-0.041887,0.079366,0.085725,0.026207,-0.091391,-0.081106,-0.037452,0.127854,-0.168198,-0.124197,-0.011024,-0.059014,-0.121629,0.228897,0.041933,0.014640,-0.056249,0.122242,-0.050366,-0.107940,-0.059947,-0.069007,-0.081313,-0.222581,0.061915,#
10,-0.051466,0.065809,0.411789,0.273764,0.032762,0.116939,0.009017,0.212879,0.089294,0.386627,1.000000,0.101434,0.059840,-0.079831,0.132284,0.123340,0.063178,0.042216,0.086875,0.174118,-0.006880,-0.137816,-0.028047,0.078722,0.080300,-0.128432,-0.138453,0.096984,-0.140102,0.214621,0.102603,0.021235,0.194808,0.057568,0.167442,0.157669,0.057011,0.042105,0.235298,0.057888,0.173144,-0.126034,0.122336,-0.080532,-0.114544,0.108311,0.059264,-0.041846,0.089390,0.130705,0.137616,0.093778,0.050583,0.128264,-0.116043,0.057022,-0.084324,-0.301982,0.296375,0.148834,0.133053,0.268178,-0.199397,0.207477,0.283023,0.110350,0.263778,0.036783,-0.164652,-0.037616,0.059053,0.120669,-0.055230,0.165587,0.013481,0.023997,-0.052565,0.017685,-0.088629,-0.071779,0.307428,-0.073518,0.161435,0.049247,0.438615,-0.006491,0.059194,0.254207,0.006613,0.054012,0.072415,0.236700,0.069147,0.177491,-0.128718,0.328048,-0.016397,-0.110843,0.215527,0.021342,-0.201521,-0.054911,0.140428,-0.119835,0.180577,-0.081273,0.069170,0.188190,-0.064071,-0.132172,0.065559,0.120305,0.023265,0.126415,0.297395,0.257336,-0.056229,-0.062907,-0.024066,0.033367,0.061276,0.056977,-0.078376,-0.142508,-0.115206,-0.133276,0.168837,0.107421,0.209155,0.124058,0.088884,0.142815,-0.111325,0.127549,0.017587,-0.082291,-0.118947,0.325390,-0.133248,-0.122925,0.134678,-0.026180,0.075671,0.044253,0.294576,-0.169070,-0.234333,-0.057100,0.119205,0.080868,0.203772,0.148366,0.052597,-0.035938,0.092962,-0.199670,0.126206,-0.167672,0.167818,-0.120841,0.109906,-0.239399,0.319126,0.265590,0.167284,0.081835,0.214384,-0.092200,-0.081807,0.187165,0.105290,-0.000410,-0.003176,-0.002562,0.166371,-0.085607,0.100812,0.239161,-0.254443,0.002528,0.091325,0.071268,0.191811,-0.017457,0.073718,0.059807,-0.108369,-0.317695,0.066154,0.183849,0.255371,-0.058084,0.174668,-0.070740,0.034045,-0.004834,-0.226306,0.087664,-0.038204,0.377459,#
11,-0.135352,0.189628,0.284829,-0.063887,-0.064282,0.120126,0.194799,0.300779,0.149556,-0.209495,0.101434,1.000000,0.007207,0.100146,-0.184515,-0.080886,0.044595,0.011435,-0.159499,-0.491902,-0.101640,0.200314,-0.158491,-0.038614,0.114966,0.157808,-0.171935,0.255180,-0.131619,0.180109,0.092650,0.101550,-0.041144,0.046034,-0.066407,0.044077,0.061825,-0.130887,-0.049926,0.232136,-0.138824,0.011253,0.325262,0.132461,0.073951,0.002026,-0.068226,-0.051191,0.185767,-0.160720,-0.050697,0.255297,-0.112477,0.305924,-0.014756,-0.140681,-0.403647,0.179987,0.110502,0.010872,0.040884,-0.068972,-0.030164,-0.069031,0.028914,0.258627,0.070102,0.173503,0.193021,0.111552,-0.229893,0.064045,0.225687,-0.026953,-0.078344,-0.153611,0.050407,-0.099509,-0.027757,-0.137478,-0.010526,-0.020523,0.131928,-0.008413,0.039953,-0.080413,-0.126179,0.197256,0.036591,-0.015560,-0.138382,0.159177,0.133908,0.294902,0.137542,0.077571,-0.167082,-0.052504,0.267443,0.334970,-0.035163,0.073492,-0.171969,0.091925,-0.261510,0.126474,0.052843,0.132684,0.261417,0.084468,0.125198,0.022968,-0.082711,0.010238,-0.064280,0.287590,-0.041053,0.006672,-0.248419,0.197488,-0.113726,-0.060648,-0.020362,-0.057797,-0.064168,-0.094002,-0.094812,-0.021562,0.146647,-0.134365,0.000963,0.123940,0.215506,0.148906,-0.076254,0.049726,-0.248293,0.282154,-0.016614,0.231311,0.016238,-0.074632,0.017245,0.021377,0.275719,-0.006900,0.092012,-0.135731,-0.011842,-0.083494,0.207628,0.241090,-0.017423,-0.075707,0.004414,0.101230,0.012461,-0.125711,0.101141,-0.135977,0.113244,0.233607,-0.062659,0.011400,-0.079746,0.073634,0.145301,0.079865,-0.180036,0.206766,-0.003593,0.036769,-0.037954,-0.247371,0.190552,-0.093285,-0.010597,0.034678,-0.118095,0.068496,0.273100,-0.087559,0.042824,-0.195583,-0.102288,0.131947,-0.156104,-0.061137,0.061558,0.198522,-0.112319,-0.097867,0.169988,0.247182,0.284036,0.038779,0.010981,0.005078,-0.181794,0.047516,#
12,0.082376,0.048194,-0.058456,0.054388,-0.056537,0.178380,0.118010,-0.126893,0.122240,0.064287,0.059840,0.007207,1.000000,0.076461,0.274505,0.208955,0.256170,0.267491,0.301610,0.095622,-0.024485,0.179514,0.022396,0.153490,-0.140449,0.045458,0.119607,0.303272,-0.081045,0.120825,-0.135358,0.214817,0.074863,0.077929,0.212711,0.217366,-0.042236,0.104613,0.010332,0.214665,0.073407,0.035284,0.220093,0.203994,0.277451,0.012786,0.174805,-0.048316,0.283308,-0.029669,0.087268,-0.033112,0.032330,0.165810,0.281898,0.139577,-0.151710,0.112792,-0.185865,-0.077939,0.211230,0.211376,-0.139696,0.370490,0.327346,0.174682,0.083769,0.162864,0.135767,0.045289,-0.033596,0.095706,0.360043,0.124198,0.197274,0.245602,0.160961,-0.275405,-0.034176,-0.051394,0.195368,0.020919,-0.173204,0.112843,0.008818,0.059543,0.133266,0.257870,0.125598,0.058370,-0.010129,-0.199277,0.076126,0.194692,0.098192,0.182341,0.348451,0.071287,0.002968,0.008992,0.000898,0.007265,0.200130,0.157590,0.075641,-0.169309,0.108609,0.050089,-0.083043,-0.010505,0.144759,0.027859,0.036547,-0.128085,0.128547,-0.013510,0.414800,-0.165853,0.096950,-0.141242,0.168323,0.224374,0.243397,0.099841,0.064049,-0.254198,0.133148,-0.031544,-0.094830,-0.006278,0.073032,-0.037339,-0.084907,0.162211,0.198080,-0.034426,0.185973,-0.052940,0.272705,-0.007268,0.173913,0.204989,0.111507,0.017569,-0.047075,0.106835,0.076631,0.254396,-0.019882,0.212885,0.083493,0.185160,0.241613,-0.051932,-0.075921,0.483372,-0.082480,-0.011468,-0.002387,0.033022,0.021048,0.275471,0.131159,0.201968,0.252836,0.083917,0.318482,0.130856,0.141204,0.028182,0.195369,0.166707,-0.003292,0.101627,0.153935,0.117750,0.273084,0.154568,0.069674,0.125686,0.244766,0.082778,0.153394,-0.104430,0.129890,-0.059015,0.317916,0.233548,0.038724,-0.181919,0.109971,0.065185,0.193854,0.157739,0.111969,0.172105,0.042463,0.106665,0.103055,0.026605,#
13,-0.148189,0.055181,-0.060492,-0.255237,-0.016893,-0.043630,0.069710,0.057031,-0.139764,-0.207154,-0.079831,0.100146,0.076461,1.000000,0.289552,-0.045453,0.208154,0.001546,-0.025411,0.192107,0.140824,-0.072575,-0.140231,-0.047358,-0.281964,0.259146,-0.019132,0.033385,-0.168497,0.036114,0.036203,0.023088,-0.007416,0.086818,0.051869,-0.209395,0.009194,0.092910,-0.286089,0.190551,-0.274967,0.026216,-0.038275,0.029351,0.214206,0.070038,0.187087,-0.094893,0.206003,-0.105638,0.045385,-0.084493,-0.102488,0.348687,0.043306,0.022818,-0.135968,0.107502,-0.075509,0.134017,0.117960,0.264350,0.135966,0.042509,-0.015011,-0.059176,0.321094,0.098598,-0.019391,0.010754,0.138152,0.080534,-0.102017,-0.123793,0.217266,0.165253,0.259340,-0.014501,0.204051,0.158631,0.111653,0.252077,-0.008338,0.176853,0.076918,0.041944,-0.014809,0.035440,0.036573,-0.095661,-0.076783,-0.094556,-0.069923,0.299989,0.033419,-0.226570,-0.034845,-0.014485,-0.102721,0.308303,-0.153216,0.213708,0.131434,0.122770,-0.207971,0.027134,0.138474,0.171312,0.285635,0.228568,-0.101508,0.091578,0.248141,-0.067470,0.246511,0.133652,0.175703,-0.031127,-0.152436,0.041744,0.105256,0.057848,0.155510,-0.059889,0.162200,-0.232723,-0.094819,-0.211724,0.149635,0.003799,-0.195731,0.062260,0.008814,-0.023404,0.050917,-0.017169,0.001770,0.057279,-0.038891,0.158283,-0.252783,0.029561,0.278890,0.120699,0.048433,0.163304,-0.076428,0.011018,-0.042367,-0.203389,0.105304,0.100524,0.072647,0.289731,-0.014048,0.075568,-0.091608,-0.044199,-0.035350,0.124556,-0.148077,0.096272,0.045101,0.048913,-0.009964,0.108521,-0.016844,-0.035769,0.013736,-0.071732,0.057487,-0.020860,0.016650,0.142428,0.170976,-0.111548,0.208808,0.100012,0.027737,-0.140311,-0.004406,0.135682,0.071707,0.000407,0.371419,0.205836,0.200618,-0.082917,-0.345644,0.094698,0.047128,0.055299,-0.071996,0.246775,-0.019435,0.066437,-0.035939,-0.091515,0.120590,-0.020400,#
14,0.268805,-0.085696,-0.283795,0.237797,0.048225,0.100306,-0.048599,0.175517,0.225315,0.085753,0.132284,-0.184515,0.274505,0.289552,1.000000,0.192638,0.220035,0.232294,0.156574,0.521876,0.108997,-0.292413,0.231679,0.304396,-0.144268,0.019683,0.244347,0.074341,0.000478,0.089258,-0.070637,0.307227,0.058857,0.060973,0.176649,0.016064,-0.140270,0.057814,-0.014321,0.254207,0.051194,-0.092347,0.175264,-0.116253,0.206084,0.255344,0.169371,-0.162186,0.077124,0.229160,0.176246,-0.056143,0.203890,0.276781,0.358281,0.205032,0.118424,0.102365,0.105791,0.099811,0.211179,0.328825,0.153499,0.146790,0.068584,-0.247561,0.278175,0.146862,-0.074651,0.166831,0.012921,-0.097927,0.067536,0.049102,0.329413,0.169448,0.215699,0.009281,0.017308,0.048170,0.136810,0.124790,0.058167,0.165326,0.140329,0.126070,-0.026473,-0.017874,0.011044,-0.035675,-0.040761,0.056857,0.156199,0.072978,0.084671,0.143431,0.204006,0.080425,-0.238484,0.029125,0.130193,0.146517,0.123687,0.422118,0.288828,-0.067281,0.252642,0.112669,-0.031466,0.067839,-0.016300,-0.272284,0.122967,0.067463,0.219956,0.010248,0.200698,-0.171905,0.034959,0.017302,0.301114,0.184096,-0.186174,-0.086259,0.104214,-0.113417,0.081977,-0.027167,-0.215674,0.294420,-0.045201,-0.129060,0.041472,0.072245,0.000122,0.142246,-0.130788,0.090996,-0.029602,-0.142317,0.037324,0.273415,0.212337,0.079348,-0.210073,0.227093,0.110814,0.051877,-0.192178,0.033038,0.090192,0.312118,0.026731,0.182650,0.188930,0.212670,0.082338,0.057152,-0.007643,0.133888,0.054916,-0.009663,0.197929,0.004527,0.068562,0.041520,-0.041820,-0.035683,0.114654,0.061029,0.185050,-0.122031,0.144233,-0.020601,-0.015297,-0.149178,0.167088,0.195454,0.136428,-0.016846,0.086186,0.143550,0.153501,0.078461,0.174399,0.001557,0.120053,-0.046275,-0.089873,0.035453,0.131393,0.087536,0.021874,-0.046548,0.075494,0.030409,-0.112297,-0.064227,0.079268,0.102854,#
15,0.268321,-0.091695,0.167700,0.167999,-0.020617,-0.112843,0.203256,-0.020806,0.327701,0.302085,0.123340,-0.080886,0.208955,-0.045453,0.192638,1.000000,0.256855,0.069518,0.137354,0.068000,-0.153912,0.078369,0.262902,0.367957,-0.000201,0.227048,0.192266,0.050638,0.085074,0.230929,-0.000285,0.261061,0.020959,0.196506,0.246211,0.221631,-0.072666,0.088057,0.180060,-0.009844,0.033063,0.128768,0.106372,0.116696,0.088147,0.085087,-0.236637,-0.013246,0.012351,0.425556,-0.136528,0.146608,0.127988,0.186172,0.190921,0.221379,0.026144,0.167251,0.310692,0.226378,0.106615,0.072024,0.261608,-0.079100,0.002781,0.237827,0.060403,0.153208,-0.056202,-0.044337,0.216450,0.160819,-0.089768,-0.046083,0.222732,0.077605,0.120785,-0.084312,-0.042510,-0.039301,0.178275,-0.043577,-0.352032,0.185114,0.261755,0.177762,-0.041332,0.353820,0.057607,0.211633,0.084013,0.152892,-0.074409,0.039253,0.150947,0.108007,0.427261,-0.075785,-0.126592,-0.000152,0.208986,0.163616,-0.098126,0.173074,0.119640,0.092447,0.109843,0.043112,-0.106587,0.082679,0.004358,0.003909,-0.069126,-0.048348,0.019827,0.057427,-0.080742,-0.215504,0.104464,-0.163536,0.284431,0.046792,0.105621,0.183723,-0.023270,0.134497,0.055719,0.380390,-0.226861,0.290272,0.030570,0.087350,0.026153,0.120320,0.037193,0.108893,-0.152783,-0.063770,0.195703,-0.130293,-0.032839,0.258485,0.143315,-0.015057,-0.004726,-0.090988,0.032105,0.137320,0.291215,0.133926,0.049231,-0.055682,0.210947,0.236689,0.015912,0.247453,0.140588,0.145633,0.128123,0.113230,0.014367,0.030410,0.201915,0.105408,0.106952,0.275951,0.181051,0.077321,0.267143,-0.093607,-0.054337,0.094462,-0.189425,-0.037001,0.229283,0.044742,0.272122,0.102343,-0.152185,0.148305,0.389157,0.100126,0.073569,0.101828,0.023629,0.187245,0.089070,0.191954,-0.116307,-0.071504,-0.010790,-0.069711,0.131152,0.000313,-0.151353,-0.165971,0.111661,0.168819,0.058174,-0.298257,#
16,0.226253,-0.029043,-0.116545,0.071600,-0.143011,-0.116057,0.013525,0.001554,-0.177207,-0.097231,0.063178,0.044595,0.256170,0.208154,0.220035,0.256855,1.000000,0.087379,0.226996,0.301169,-0.023708,-0.047283,0.074623,0.056930,-0.144422,0.062664,0.147506,-0.014414,-0.217596,0.396615,-0.213926,0.127744,-0.055630,0.260412,0.253915,0.135154,-0.009372,0.137694,0.020786,0.052338,-0.049915,-0.102787,0.024083,0.094960,0.072206,0.207475,-0.030693,0.169964,-0.125019,0.150157,-0.002616,0.030737,0.318048,0.211879,-0.076859,0.047260,-0.070464,0.004472,-0.089943,0.039078,-0.010228,0.229350,0.193475,0.204505,0.178474,0.039267,-0.037808,0.217262,-0.084995,0.197284,-0.129416,0.301711,0.178732,-0.148191,0.090477,0.062060,-0.064957,0.131685,-0.063714,0.001496,0.047710,0.053991,-0.028404,0.328945,0.204275,0.106871,0.096233,0.165859,0.196705,0.045427,0.029725,0.025177,0.046028,-0.018905,0.093576,0.028291,0.212049,-0.278863,-0.138037,0.189138,0.065869,0.037750,0.032882,0.019314,0.017841,-0.001277,0.306604,0.276800,-0.012020,0.103934,-0.168039,0.079082,0.112601,-0.044208,0.038191,-0.055739,0.114339,0.023842,-0.079532,0.033560,0.364630,0.171863,0.238867,0.257214,0.296746,-0.269472,-0.065137,-0.035256,-0.014842,0.311006,0.024862,-0.092834,0.106877,-0.282247,0.277596,0.141376,-0.059822,0.153263,-0.059289,0.004887,-0.083500,0.057448,0.131924,0.049043,0.044066,0.024533,-0.015728,-0.011527,-0.002333,0.219958,-0.240002,0.145377,-0.066318,-0.004397,0.007963,0.258965,0.024305,0.041335,0.108098,0.123669,-0.041789,0.143558,0.096637,0.177112,0.088226,0.017386,0.084125,0.055763,0.145492,-0.047692,0.066240,0.020346,-0.143501,-0.109024,0.103557,0.154150,0.035245,0.002189,0.067632,-0.090443,-0.022531,0.046330,0.112461,-0.171954,0.011915,0.113936,0.244185,0.139753,-0.071068,0.002390,0.155065,-0.024759,-0.296717,-0.039156,0.056727,0.145600,0.023541,-0.083737,-0.144976,-0.145187,#
17,0.311824,0.039137,-0.076345,0.206840,0.122834,0.016127,0.079934,0.136119,0.015522,-0.080142,0.042216,0.011435,0.267491,0.001546,0.232294,0.069518,0.087379,1.000000,0.102880,0.013023,-0.008462,0.056613,-0.068028,0.266557,-0.142686,-0.082895,0.057200,-0.103776,-0.037165,0.049984,0.127245,0.028189,0.329526,-0.047418,0.066795,0.128349,-0.273501,0.261985,0.200522,0.173520,0.095063,0.005251,0.036186,0.181215,0.029870,0.046388,0.191136,-0.005207,-0.023234,-0.031540,0.188126,-0.099631,-0.007760,0.083849,0.165406,0.162022,0.077989,-0.099553,0.090400,-0.143749,0.112979,0.139915,-0.237811,0.091883,0.111735,0.346730,0.224530,0.279177,0.048348,0.167443,-0.040909,0.446873,0.040227,0.043982,0.048057,0.116629,0.104192,-0.181903,-0.038787,0.047034,-0.146599,-0.026200,0.021089,0.077128,0.051567,-0.062833,0.279337,0.195870,0.020001,0.134421,0.056065,-0.258493,0.137552,-0.015786,-0.096314,0.215840,-0.033309,0.118078,0.016016,0.190482,0.041903,-0.041693,-0.111805,0.120630,0.097083,0.049845,-0.014485,-0.054509,0.163171,-0.181856,0.129726,-0.069590,0.051778,0.057614,0.162378,-0.056904,0.120202,-0.174315,0.201041,-0.091664,0.022861,0.192178,0.013270,0.016956,0.290200,0.015399,-0.033294,-0.067548,0.005660,0.124112,0.153545,0.197695,0.070977,-0.022705,-0.134607,0.103672,0.179174,0.132400,0.020819,0.214133,0.215628,0.079983,0.021293,0.078848,0.077463,0.281291,-0.086433,0.095957,-0.062244,0.046202,0.140886,0.005915,-0.112260,0.059514,0.286743,0.154320,-0.009848,0.238539,0.102261,-0.048423,0.049232,0.139298,0.079661,0.183033,0.019416,0.068796,-0.015802,0.088083,0.045665,-0.135545,0.058432,0.019455,0.040690,-0.082922,0.160494,-0.005207,0.241173,-0.069889,-0.287625,0.306558,0.259464,0.126516,0.075538,0.122686,-0.001048,0.058782,0.183233,-0.119323,0.193506,-0.050099,0.001229,0.274148,0.126308,0.151724,0.043501,0.095849,0.027634,0.046067,-0.214566,0.149112,#
18,0.198699,-0.096168,-0.055523,0.226144,-0.054779,-0.109211,0.052977,-0.207151,-0.068871,0.002876,0.086875,-0.159499,0.301610,-0.025411,0.156574,0.137354,0.226996,0.102880,1.000000,0.157527,0.148497,0.068407,0.120413,0.336679,-0.076701,0.098875,-0.003822,0.089315,0.077799,-0.147653,-0.095264,-0.118698,0.203433,0.155325,0.256769,0.210159,0.014641,0.170030,0.040983,0.297366,0.131475,0.008722,0.208281,-0.036509,0.153442,-0.104764,-0.102731,-0.083704,-0.114069,0.248904,0.070095,0.148171,-0.018554,-0.087765,0.164154,0.110174,-0.031557,-0.019939,-0.015791,-0.016028,0.004187,0.166767,0.197182,0.120168,0.306944,0.002969,0.137070,0.050713,-0.199987,0.034090,-0.157558,0.079785,-0.120696,-0.358508,0.176132,0.303033,0.072918,0.083359,0.000696,-0.068306,0.003420,-0.068067,0.065637,0.070778,-0.153246,-0.057609,0.136054,0.002896,0.005007,0.193390,0.146467,-0.147735,-0.063967,-0.070895,0.059729,0.355992,0.297492,-0.027268,0.152982,0.120955,-0.082589,0.035594,0.043627,-0.006508,0.318366,-0.069067,0.073999,-0.045814,-0.014095,-0.097615,0.180203,0.049675,0.087034,-0.185307,0.085156,0.016038,0.013344,-0.434328,0.081528,0.055685,0.090918,-0.006679,0.006908,-0.056998,-0.082390,-0.152614,-0.006667,0.178942,-0.062251,0.010316,-0.071865,0.197552,-0.163337,0.060158,0.002712,0.024268,0.131513,0.181430,-0.109831,0.109163,-0.103397,0.092599,0.141351,0.037224,0.153526,0.185916,-0.112553,0.047099,-0.089721,0.112257,-0.017151,-0.048417,-0.022134,0.147477,0.034076,0.029538,0.201370,-0.035868,-0.086698,0.109906,0.207801,0.220009,0.186421,0.095958,-0.031332,0.345880,0.121636,0.219674,0.122265,0.277545,-0.266495,-0.033457,-0.084603,0.213926,-0.010720,0.227392,0.281260,0.031709,0.041182,-0.167804,-0.002488,0.001943,0.118505,-0.106375,0.073512,-0.085545,0.376973,0.083980,-0.004191,-0.235554,-0.034985,-0.042340,0.055930,0.103310,0.054265,0.082599,0.109716,-0.096660,0.080372,-0.126731,#
19,0.193859,-0.157123,-0.200341,0.034618,0.204048,0.208117,-0.204091,-0.122648,-0.123461,0.031556,0.174118,-0.491902,0.095622,0.192107,0.521876,0.068000,0.301169,0.013023,0.157527,1.000000,0.033938,-0.306563,0.099367,-0.008733,-0.112183,0.099579,0.051522,0.019894,-0.022033,0.171435,0.159646,0.043727,0.048055,0.065882,0.221138,0.161990,-0.069456,0.075029,-0.003953,0.085616,0.099765,0.050609,-0.061531,-0.124153,-0.118282,0.007984,0.148316,0.028490,-0.092168,0.353258,0.137797,-0.125271,0.088933,0.048041,0.154556,0.367120,0.152702,-0.111516,0.012955,0.148468,0.091614,0.349431,0.134441,0.272656,0.231270,-0.336740,0.255069,0.142404,-0.384042,0.016273,0.200936,-0.009636,-0.011426,0.226445,0.149881,0.286395,0.091861,0.109635,0.191980,0.131925,0.193996,0.168167,0.184348,0.141175,0.076443,0.229496,-0.080110,0.160058,0.047143,-0.103330,0.010364,-0.058240,0.145907,-0.002879,-0.167638,0.218397,0.244495,0.107023,-0.338527,-0.073730,-0.150206,0.132920,0.225344,0.114608,0.215350,0.156578,0.106156,0.217461,-0.045714,-0.091370,-0.114908,-0.044712,0.199611,0.103962,0.160038,-0.146111,0.265559,0.091328,0.183406,-0.267041,0.250578,0.259996,0.007280,0.163932,0.194900,-0.250277,0.174298,-0.106740,-0.025640,0.233018,0.044364,-0.029837,-0.113640,-0.188104,0.080182,0.097590,-0.120892,0.262594,-0.061477,-0.138241,-0.012975,0.249334,0.126372,0.171202,-0.109061,0.174699,-0.014197,0.164931,0.029394,-0.053373,0.019331,0.344490,0.021192,0.146768,0.287720,-0.073785,0.054592,-0.110087,0.044115,0.137844,0.242178,-0.196469,0.126056,0.007030,0.154379,-0.046871,0.014588,0.168532,0.117711,-0.041598,0.114490,0.000459,0.262145,0.187487,-0.089619,-0.040983,0.160558,0.142677,0.219143,-0.123370,-0.068759,-0.004419,0.305310,0.163792,0.164956,0.082279,0.067475,-0.052608,-0.020794,-0.007131,0.334478,0.254329,-0.155066,-0.172489,-0.036324,0.081524,-0.116542,0.081708,0.227041,0.110403,#
20,0.094412,0.115383,-0.027194,0.056239,0.285377,-0.068257,0.035568,-0.253455,-0.238275,-0.023484,-0.006880,-0.101640,-0.024485,0.140824,0.108997,-0.153912,-0.023708,-0.008462,0.148497,0.033938,1.000000,0.140168,-0.011952,0.058106,0.048737,0.160732,0.133543,-0.122932,0.062974,-0.213059,-0.191706,-0.230067,0.087979,-0.001079,0.008211,0.090997,0.119720,0.301457,0.103319,0.208805,0.034130,0.126598,0.041799,-0.259302,0.153335,-0.020109,0.342889,-0.046782,-0.115250,0.092218,-0.197623,-0.032086,-0.104517,0.283798,0.322160,0.227976,0.100994,0.133407,-0.134709,-0.144331,-0.022630,0.248708,-0.019094,-0.105216,-0.371914,-0.203196,-0.135659,0.226092,0.051601,0.167474,0.219288,0.196880,0.168107,0.043907,-0.039453,-0.060852,-0.065001,0.151740,0.033021,-0.103691,0.018561,0.095131,0.130540,0.001571,0.143560,0.019386,-0.006054,-0.024346,0.233672,0.030355,0.176976,-0.096333,-0.003702,0.182531,0.236995,-0.018493,-0.098271,0.193490,0.122179,0.061732,0.149603,0.137488,0.178272,-0.065192,0.043263,0.054023,0.067726,0.044007,0.159559,0.171939,0.254344,0.437852,0.231367,-0.212509,0.075583,0.233336,0.250396,0.139639,0.185620,0.218492,-0.109006,0.238250,-0.069970,-0.004431,-0.007807,-0.088128,0.008762,-0.116532,0.247066,-0.058239,0.115210,0.081343,-0.197952,0.127572,-0.091822,-0.272585,0.171962,-0.020968,-0.069008,0.076759,0.182864,0.160730,0.100749,0.110067,0.112677,0.090473,0.003967,-0.026033,-0.070166,0.130692,0.082559,0.194846,-0.168862,0.155126,0.100289,0.001969,-0.147152,-0.041840,-0.304765,0.145490,0.208816,0.181613,0.030109,0.049086,0.090529,-0.026092,-0.206501,0.156274,-0.041346,0.101291,0.025370,-0.211815,0.033433,0.004152,-0.040464,0.007675,-0.060331,0.113922,0.184631,-0.026022,-0.129380,0.102280,-0.012436,-0.211222,0.223874,-0.217878,0.204373,0.101843,0.046016,0.218975,-0.068567,0.151966,-0.232812,0.173063,-0.055439,0.153425,0.219687,-0.054067,0.168969,0.260628,#
