0,1.000000,-0.045971,0.236852,0.002290,0.207793,-0.120053,-0.134129,-0.113902,0.072175,0.053929,0.108083,-0.085312,0.071654,0.011626,0.099710,0.085535,0.010481,0.063628,0.156542,0.113960,0.162424,0.136520,0.068491,0.195603,0.200748,0.089972,0.091390,0.072591,0.120233,0.289568,0.046089,0.094026,-0.036940,0.170264,0.045708,-0.011882,0.115774,-0.096805,0.210041,0.192006,0.261684,0.067287,0.131186,-0.044248,0.066609,0.038263,0.055875,0.230281,0.278734,0.291925,0.198933,-0.201382,0.158904,0.226402,0.150155,0.175645,0.127612,0.037400,-0.091928,-0.114044,0.073043,-0.137106,0.291111,-0.116501,-0.084506,-0.030694,-0.127027,0.146125,0.134112,0.030833,0.285629,-0.028906,0.206611,0.136849,0.034710,-0.206442,0.145957,0.038290,0.035535,0.065370,0.114628,-0.015306,-0.037080,0.165172,0.277882,-0.046058,0.201671,0.372012,0.121221,-0.003216,0.173727,0.099313,0.127277,0.192486,0.280065,0.125995,0.230245,0.122164,-0.013639,0.176086,0.205251,0.163541,-0.015837,0.188975,0.222343,0.084282,0.180199,-0.076383,0.093219,-0.092717,-0.077189,0.013731,-0.094488,0.312931,-0.045876,-0.202216,0.056892,0.052279,0.042300,-0.028403,0.195085,0.287080,0.222187,0.069649,-0.058621,0.121126,0.174474,-0.104197,0.256908,0.151420,0.271752,0.133435,0.168039,0.241899,0.092301,-0.094797,0.216307,0.054745,0.151106,0.211269,0.150962,-0.025606,0.000851,-0.168865,-0.004417,0.170312,0.135367,0.195492,0.325664,0.088846,-0.109341,0.035928,0.347918,-0.199883,0.154625,0.171091,0.065282,0.015356,0.048876,0.305408,-0.015708,0.206576,-0.140687,-0.032947,0.230944,-0.003022,0.094590,0.181289,0.131447,-0.064924,0.245561,-0.040091,-0.053197,0.319496,-0.007247,0.083320,0.183056,0.209222,0.089523,0.026054,0.014447,0.145460,-0.008230,0.054066,0.224252,-0.140189,0.283547,0.212766,0.240028,0.059210,-0.001516,0.026519,0.060408,0.203975,0.153830,0.018449,-0.113788,0.179103,0.323966,0.153440,#
1,-0.045971,1.000000,0.115199,0.106215,0.222335,-0.015590,-0.016601,0.001411,0.143451,-0.133210,0.230520,0.089644,0.048170,0.181689,-0.037330,-0.186009,0.186933,0.179146,-0.068420,0.343528,-0.055328,0.229671,0.172486,-0.001511,-0.007461,0.256632,0.311622,0.283856,-0.072911,0.187282,0.038902,0.192178,-0.026595,0.039547,-0.029911,0.249918,0.101835,0.021342,0.270311,0.026397,-0.253551,0.128742,0.138505,0.179120,-0.040871,0.216266,0.395628,0.343911,-0.025577,0.000301,0.176774,0.049255,0.238824,0.102087,-0.053939,0.155348,0.116876,-0.081088,-0.179569,0.115500,-0.042212,0.055409,0.118738,0.038768,-0.073690,-0.019219,-0.261506,0.117958,0.117014,0.387056,0.056756,0.068071,0.281989,-0.153754,0.235412,0.208932,0.078410,0.128671,0.260963,0.130315,0.177874,0.100735,0.202133,0.000063,0.086709,-0.368760,0.120753,-0.019360,0.249415,0.102465,0.033864,0.153212,-0.043635,0.060347,-0.047387,-0.081451,-0.039055,-0.081619,-0.050929,-0.022947,0.228512,-0.032074,0.149514,0.071226,0.068608,0.001312,0.138280,0.410231,-0.123010,0.140626,0.230562,0.064245,0.084885,0.252771,0.257485,0.134548,0.096134,0.130026,-0.177140,0.087449,0.157166,0.122560,0.230605,0.209055,0.215651,0.096058,0.190930,0.115874,-0.133095,0.176392,0.019368,0.070097,0.077805,0.218524,0.230382,0.239751,-0.018685,0.152931,0.295302,0.187592,-0.001123,-0.126123,0.272258,0.192002,0.150094,0.218840,0.146607,-0.108286,-0.097960,-0.022098,-0.151037,0.090235,-0.007029,-0.006267,0.215316,0.133991,0.028446,-0.171890,-0.030595,-0.188668,-0.030085,0.309936,0.170450,0.070859,0.037415,0.047770,-0.023289,-0.068276,0.147201,0.388039,0.143663,0.349420,0.019474,0.200920,-0.058021,-0.030995,-0.004364,0.214873,0.131336,-0.086655,-0.042334,0.095706,0.088271,-0.202388,0.131014,0.095333,0.041923,0.063553,-0.031775,0.083857,0.279147,-0.149957,-0.148159,0.167549,0.313977,0.075786,-0.106828,0.046774,0.072651,0.098487,#
2,0.236852,0.115199,1.000000,0.145463,0.042990,-0.143589,0.189144,0.105324,-0.077557,-0.081800,-0.036089,0.192558,-0.000646,0.256277,-0.068765,0.199804,0.092808,-0.122207,0.051737,0.033377,0.254872,0.239247,-0.049717,0.034021,0.269796,0.190405,0.264715,0.165892,0.114519,0.273873,-0.128441,-0.239755,-0.072320,0.014396,-0.117568,0.009333,-0.026863,-0.243207,0.016898,0.052614,0.099494,0.166845,0.448875,-0.007503,0.008021,-0.025130,-0.018688,0.170201,0.154021,0.159030,0.340143,0.130893,0.105126,-0.015671,-0.170977,0.003111,0.030654,-0.068894,0.050324,0.195554,0.086118,-0.109726,-0.014387,0.293797,0.146043,0.105533,-0.102110,0.069183,0.195870,0.346251,-0.118642,0.102952,0.043548,0.030181,0.145737,-0.024730,0.184392,0.231664,0.136640,-0.099498,0.178766,-0.100379,-0.055939,0.143443,-0.099283,-0.076559,0.170501,0.200520,0.129219,-0.074323,0.089057,0.154779,0.292932,0.196104,0.061380,0.056069,0.368304,-0.088033,0.217308,0.030689,0.154648,0.041332,0.029251,0.201804,-0.064642,0.045611,0.055434,0.012957,0.182965,0.131030,0.043396,0.022051,0.108296,0.000158,0.134679,0.119615,0.125335,0.179778,-0.263198,0.020316,0.226918,0.100820,0.003179,0.014938,0.104428,0.070366,0.110529,0.037273,0.035714,0.152378,0.097813,0.211895,0.165252,0.052003,0.289110,0.237038,0.188284,-0.063698,0.056741,-0.006250,-0.133916,-0.040542,0.341096,0.044992,0.244980,0.174818,0.043866,0.131788,0.291907,0.011444,-0.003452,0.121695,0.106356,0.059326,-0.027055,-0.053503,-0.022451,0.020017,-0.015283,0.155673,0.105926,0.453748,0.050184,0.152612,0.156437,-0.009146,0.146014,0.076403,-0.099595,0.160085,-0.147105,0.226667,0.003703,-0.078247,0.129675,-0.006649,0.248809,0.061529,0.032964,0.013577,0.121749,0.077726,-0.175876,0.300656,-0.016482,0.068668,0.129990,0.015603,0.138141,-0.166650,-0.141104,0.149912,0.311968,0.025445,0.088425,-0.021089,-0.116652,0.161940,0.262456,0.089767,#
3,0.002290,0.106215,0.145463,1.000000,0.150925,0.017447,0.374144,-0.027759,0.144705,-0.109149,0.252107,0.155592,0.094210,0.046855,0.067535,0.001348,0.024999,-0.002096,0.155844,0.276765,0.165065,0.084266,0.008266,0.256558,0.223425,0.243913,0.174688,0.241069,0.198597,0.209569,0.082771,0.258573,0.346493,-0.014290,-0.086575,0.052063,0.332500,0.076532,0.373793,0.077721,0.145822,0.345660,0.196195,0.379140,-0.102905,0.173649,0.290816,0.250408,0.030609,0.203684,0.162865,0.154359,0.224892,-0.024561,-0.062619,0.257524,0.125396,0.000325,-0.021270,0.257547,0.055877,-0.098291,0.044550,0.126973,0.323839,0.223869,-0.078914,0.152724,0.118587,0.175067,0.083800,0.028100,0.221932,0.052039,0.122009,0.329890,0.163344,0.127321,0.294149,-0.034571,0.439647,0.175528,-0.018408,0.241002,0.318337,0.046055,0.019618,0.124694,0.201487,0.055111,0.175462,0.202823,0.257882,0.219827,0.019529,0.091509,0.377049,-0.142850,0.205674,0.356987,0.303899,0.111618,0.124154,0.156905,0.318159,0.158837,-0.024678,0.140341,-0.008317,0.153037,0.155317,0.046710,0.093832,0.060926,0.036718,-0.082910,0.227769,0.083685,0.183832,0.094505,0.355129,0.104757,0.120639,0.299280,0.035832,0.115812,0.133088,0.215148,-0.125883,0.338910,0.260538,0.203759,0.278181,0.161768,0.215488,-0.076881,-0.083933,0.128071,0.384857,0.130180,0.160877,0.167198,0.216646,0.193663,0.003754,-0.014495,0.199542,0.329341,0.243767,0.046912,-0.136511,0.133481,-0.024182,0.139591,0.231856,-0.003398,0.040660,0.031047,0.107523,0.265877,0.285895,0.244135,0.255504,0.391945,0.262709,-0.104908,0.064778,0.013315,-0.026769,-0.001685,0.271978,0.039083,-0.002556,-0.166628,-0.134440,0.022107,0.134835,0.215202,0.164041,0.024330,0.071594,0.377707,0.240027,-0.019040,0.016374,0.093662,0.161343,0.133807,-0.044205,0.207751,0.030547,0.086835,0.392008,0.057706,0.128820,0.178747,0.251822,0.239415,0.300570,0.165527,#
4,0.207793,0.222335,0.042990,0.150925,1.000000,0.050294,-0.084354,-0.002312,0.297865,-0.163461,-0.207437,-0.127751,0.309165,-0.024966,-0.038807,0.014642,0.025460,-0.069378,0.288723,0.271722,0.248137,0.094513,0.149244,0.118474,0.244603,0.322297,0.070657,0.151099,-0.030147,-0.017005,-0.094982,0.036201,0.100307,-0.152955,-0.021994,0.132206,0.344158,-0.140582,-0.069174,-0.001163,-0.021295,0.334675,0.136776,0.104686,0.482989,-0.111998,0.306111,0.253935,0.126107,0.022922,0.013943,-0.032272,0.240728,0.200266,0.118578,0.160066,0.164937,0.026298,0.074026,-0.120415,0.180966,-0.013547,0.039619,-0.188626,0.015254,-0.108086,-0.029044,0.048043,-0.130664,0.062979,0.161419,-0.005628,0.096962,0.059667,-0.103198,-0.193452,0.010370,0.191183,0.257220,0.024825,0.269648,0.150174,-0.117983,-0.035121,0.314502,0.057197,0.044041,0.142559,0.239316,0.311235,0.251231,0.130024,-0.038293,-0.033589,-0.037607,0.180299,0.108618,0.000490,0.118201,0.033351,0.014154,-0.138250,0.239030,0.070425,0.144858,-0.051142,-0.010426,0.255307,-0.215643,0.086185,0.456572,0.038651,0.111500,0.267083,0.077901,-0.222128,0.076323,-0.275576,0.045156,0.035973,0.312063,0.034003,0.264871,-0.183536,0.223857,-0.042004,0.212542,-0.029157,0.061212,-0.071511,0.018464,-0.033095,-0.016117,0.137767,0.212126,-0.126149,0.175766,-0.036961,0.133050,0.287066,0.303327,-0.255028,0.097983,-0.098828,-0.047088,0.055480,0.081652,0.196804,0.187662,-0.127619,-0.081459,-0.128767,-0.033400,0.001248,-0.131188,-0.017614,0.377144,0.139736,-0.129607,0.192290,-0.104861,0.092467,-0.239056,0.097457,-0.070917,0.108987,-0.142023,0.036123,-0.123644,0.128563,-0.130412,-0.068435,0.255592,0.257980,-0.001719,0.002737,0.145008,0.176349,0.257049,-0.112318,-0.187140,-0.059907,0.086403,0.033084,0.093822,-0.160573,0.059662,0.342030,-0.037142,0.082385,0.115318,-0.097279,0.065514,0.027172,0.097082,0.212163,-0.081047,0.288049,0.063749,0.141586,#
5,-0.120053,-0.015590,-0.143589,0.017447,0.050294,1.000000,0.137621,-0.010767,0.183572,0.095173,0.142872,-0.008778,0.177381,0.068139,0.214555,-0.101042,-0.059102,-0.159604,-0.092742,-0.077853,-0.072941,-0.148657,-0.151074,0.047568,0.159709,0.051730,0.009832,0.146707,0.051773,0.097538,-0.094125,0.209835,0.199816,0.117160,0.093583,-0.170618,0.114480,0.043555,0.063024,-0.071175,0.022431,0.098881,-0.001757,0.112146,-0.172773,0.033050,0.008736,-0.041556,0.068955,0.231580,0.031151,0.019468,0.005289,-0.055909,-0.135709,0.078326,-0.109682,-0.281617,0.041669,0.018346,-0.022808,0.085995,-0.027777,-0.149623,-0.075631,0.019289,0.094203,-0.101934,-0.006737,-0.051979,0.047095,0.103268,0.029109,0.235901,-0.060755,-0.187851,0.111966,-0.073023,0.000485,-0.079580,0.060114,0.042267,0.163351,-0.067263,0.006086,0.094974,-0.090665,-0.133485,0.002361,0.014357,0.137948,0.166341,0.058508,0.036061,0.018440,0.107973,-0.119521,-0.164752,0.141301,-0.245805,0.000080,0.157342,-0.169001,0.039211,-0.001698,-0.069370,-0.093317,0.147861,-0.094100,-0.106425,0.105632,-0.126749,0.046271,0.056533,0.057529,-0.179057,-0.013914,-0.064968,0.104340,-0.103170,0.152762,0.135279,-0.075454,-0.059850,-0.127092,0.054172,-0.358738,-0.090149,0.156263,0.047056,0.150700,-0.038757,0.003397,0.037784,0.202246,0.222924,-0.148032,-0.059342,-0.004848,-0.008582,0.208678,-0.023691,0.132895,0.204842,-0.075527,0.012411,0.167407,-0.064958,-0.219240,0.148598,0.142292,-0.288971,0.009197,0.167691,0.059595,0.045395,0.078148,0.010892,0.232960,-0.239464,-0.100352,-0.096799,-0.018209,0.056412,-0.117132,-0.061965,-0.054355,-0.077895,0.200075,0.223027,0.000933,-0.021991,-0.090079,0.019561,-0.128403,-0.053730,0.097314,0.096720,0.331131,-0.356293,0.002005,-0.172991,0.231421,0.022153,-0.093797,0.230191,0.189263,-0.181092,-0.244600,-0.057793,-0.139899,-0.013974,0.069828,0.090366,0.026113,-0.123074,-0.173230,0.284010,-0.153979,0.193899,#
6,-0.134129,-0.016601,0.189144,0.374144,-0.084354,0.137621,1.000000,0.126940,0.055171,-0.060739,0.113673,0.028897,-0.037674,0.183336,-0.056073,-0.021329,0.141627,-0.029860,0.120442,0.083373,0.162976,0.022220,-0.073581,-0.117371,-0.043241,0.250974,0.193770,0.190467,0.186804,0.263302,-0.049052,0.182946,0.102657,0.182338,-0.207614,-0.017825,0.170210,0.012368,0.100961,0.172548,-0.055873,0.053902,-0.140169,0.152695,-0.185992,0.215366,0.002192,0.105565,0.037738,0.071170,0.128332,0.188146,0.146421,0.142018,-0.110434,0.205143,-0.167745,-0.078625,0.145770,0.322019,-0.020882,-0.164919,0.017148,0.291550,0.159289,0.144715,0.101290,0.220179,0.159428,0.079908,-0.020569,0.052957,0.027049,-0.083890,0.206767,0.186802,0.057417,0.312488,0.201867,-0.014913,0.109447,0.106275,0.253589,0.090708,0.199789,-0.006722,-0.048247,0.105237,-0.098793,-0.086502,0.136812,0.094600,-0.057595,0.031837,0.004507,0.174942,0.072339,-0.060628,0.169570,0.168543,0.246241,0.163354,-0.162164,-0.099201,-0.041543,0.267087,-0.112108,-0.078041,0.207121,0.151262,-0.089011,0.030774,0.144166,-0.169947,0.132148,0.097606,0.060537,0.054296,0.004984,0.213397,0.072371,0.148343,-0.173719,0.106936,0.079973,-0.049640,-0.066797,0.208856,-0.109031,0.123287,0.141083,-0.154811,0.111035,-0.019181,0.341627,0.191735,-0.042488,0.231124,0.216129,0.102338,-0.168578,0.075895,-0.035356,0.278476,-0.114859,0.051194,0.357095,0.029206,0.058147,-0.316599,0.052578,0.111678,0.084232,-0.067543,0.224472,0.023798,0.049830,0.085352,0.092260,0.040838,0.082625,0.239762,0.356852,0.285160,0.089551,-0.034108,-0.079340,-0.020779,0.224470,0.096629,-0.017746,0.010202,0.144418,-0.002977,0.001595,0.092064,-0.006992,0.117338,0.343888,-0.236887,-0.130581,-0.037146,0.165602,0.299095,0.222786,0.185757,0.158378,0.016628,-0.203517,0.172010,-0.106203,0.000126,0.228571,0.142714,0.006411,-0.091358,0.137035,0.217060,0.037909,0.198073,#
7,-0.113902,0.001411,0.105324,-0.027759,-0.002312,-0.010767,0.126940,1.000000,0.048113,0.054143,0.100713,0.305163,-0.114663,0.029994,0.166694,0.141592,0.123873,0.374916,0.076694,0.132649,0.191822,0.291745,0.145942,-0.054179,0.085051,-0.009744,0.210836,0.297002,-0.066438,0.184241,-0.029005,-0.123103,0.016108,0.072256,-0.083105,0.071898,-0.210983,-0.226317,0.135715,0.069506,0.189133,0.240892,0.003631,0.065607,0.255288,0.230428,-0.019835,0.159013,0.054490,-0.008493,-0.019504,-0.029377,-0.126492,-0.042978,0.043006,0.055611,0.310086,0.228424,0.144825,-0.076070,0.208358,-0.045069,0.039743,0.147031,0.302628,0.058925,0.130220,-0.108447,0.113909,0.111536,0.128979,0.097272,0.227673,0.166929,-0.062925,0.092892,-0.100611,0.103873,0.045690,0.252278,0.264197,0.070633,0.211151,0.010058,0.005391,-0.081218,0.029089,-0.168923,0.093983,0.276350,-0.028343,0.128005,0.113877,0.141981,-0.214742,-0.065051,-0.002516,0.085625,-0.074402,0.095455,0.052505,-0.018706,0.001121,0.008057,-0.245397,0.209304,0.423148,0.027221,0.049801,0.166930,-0.078422,0.141579,-0.181989,-0.036886,0.357072,0.095089,-0.259621,-0.093248,-0.071507,0.281081,0.134327,0.107332,-0.034603,-0.026221,0.110822,-0.112337,0.017405,0.155532,-0.007693,0.147301,-0.008429,0.191973,0.151510,-0.073432,0.455737,0.149937,-0.211042,0.502399,0.060056,0.083168,0.208044,-0.015943,-0.070435,0.061129,0.032195,0.121280,0.312724,0.036483,-0.042226,-0.107515,0.122461,0.089946,-0.029549,-0.025253,-0.068084,0.162530,0.124745,0.033973,0.134000,0.080712,-0.050755,0.089068,0.192025,-0.051666,-0.079284,0.242199,0.198334,0.081688,0.100035,0.020950,0.007665,0.026000,0.058295,-0.059958,0.074780,-0.091095,0.037895,0.065236,-0.134744,0.068146,0.145636,-0.054361,0.104497,0.279156,-0.379319,-0.109592,-0.016461,-0.115134,0.062390,0.304961,0.199631,-0.066295,0.224665,0.038557,0.000925,0.090367,-0.041756,0.088424,0.246977,-0.024186,#
8,0.072175,0.143451,-0.077557,0.144705,0.297865,0.183572,0.055171,0.048113,1.000000,-0.032661,0.224475,0.032263,0.190034,-0.055032,0.200548,-0.179140,-0.126199,0.048467,0.060353,0.088380,0.129251,0.018464,-0.106252,0.234766,0.069448,0.067452,0.002615,0.110241,0.102572,-0.023386,-0.299320,0.207861,0.138348,-0.218404,-0.131448,0.065997,0.223329,-0.202633,0.094921,-0.092254,0.211571,0.057892,0.031357,0.027793,0.185505,0.120644,0.023280,0.191807,0.177211,0.092928,-0.002231,0.250252,0.059047,0.306542,-0.026264,0.229020,0.184107,0.202646,-0.159226,0.094338,0.039952,0.123747,0.004357,-0.208392,-0.048913,0.171206,-0.070503,-0.022084,0.301350,0.065009,0.129505,0.008598,0.182845,-0.143372,0.004478,0.000372,0.036009,0.177283,0.127010,-0.174388,0.254250,0.213528,0.151736,0.162675,0.252472,0.138236,0.064811,0.075510,0.252290,0.317736,0.147587,0.273692,0.030387,-0.205073,0.415706,0.220310,0.045690,0.021761,0.272284,-0.023303,0.135527,0.094493,0.069567,0.119153,0.070770,0.049326,0.078026,0.207021,-0.195124,0.196864,0.071537,0.031883,-0.079182,0.228859,0.038344,0.014730,-0.010807,0.232396,0.052391,0.233781,0.344879,0.088202,0.236007,0.032051,0.062497,0.179852,0.006217,0.149742,-0.139258,0.186623,0.146249,-0.073065,0.118898,0.284663,0.173783,-0.000263,-0.064032,0.083178,0.421236,0.177244,0.346131,0.163364,0.081845,-0.057163,-0.115660,-0.160433,0.304278,0.066393,-0.148576,-0.054895,0.250655,-0.089217,0.107352,-0.079667,0.165111,0.317719,0.237814,0.092319,0.104715,0.148525,-0.060538,0.046786,-0.127650,0.204751,0.036178,0.014266,0.136636,-0.068767,0.151603,0.033221,0.083513,0.166199,0.008693,0.066258,0.086124,-0.132244,-0.050052,0.167523,0.391925,-0.098642,-0.011567,0.233936,-0.114784,-0.115328,-0.035449,0.100168,-0.068732,-0.013121,0.082431,0.348100,0.209526,-0.013232,0.263500,-0.026333,0.272487,0.011428,0.106815,-0.025315,-0.126386,0.030788,#
9,0.053929,-0.133210,-0.081800,-0.109149,-0.163461,0.095173,-0.060739,0.054143,-0.032661,1.000000,0.223633,-0.172655,-0.105439,0.190098,-0.038733,-0.028122,-0.127594,-0.209809,-0.351167,0.186430,-0.177030,-0.097838,-0.066445,-0.124322,-0.111618,-0.021927,0.321941,0.062459,0.087694,-0.142109,0.216139,0.093084,0.012231,0.105284,0.331753,-0.058261,-0.191608,0.127690,-0.028530,-0.244718,0.273746,0.096047,0.036487,-0.269104,-0.008384,-0.048572,-0.008090,0.128991,0.027091,0.024709,-0.076604,0.182704,-0.341231,-0.090215,0.043087,0.077537,0.078521,0.142937,0.096216,-0.107587,0.173388,-0.105769,0.122654,-0.084412,0.180398,0.031145,-0.265835,-0.154759,0.060790,-0.149278,0.165071,0.065299,0.026015,0.063763,0.138030,-0.037606,-0.070413,-0.074505,0.184440,-0.080709,-0.104338,0.198058,-0.118194,0.022984,0.082335,0.158703,0.062507,-0.068744,-0.298219,0.047724,-0.056850,-0.037885,0.080111,-0.198241,-0.075611,0.019615,-0.003163,0.019512,0.113123,-0.066084,0.116757,0.283956,0.151384,0.024546,0.282683,0.092124,-0.012327,-0.115542,0.253428,-0.085982,-0.263787,-0.116946,-0.170460,0.149802,0.050831,-0.069168,-0.204748,0.146225,0.145694,-0.095739,0.206845,0.115153,-0.062096,0.209033,-0.112219,0.252463,-0.296213,0.072458,0.022105,0.213474,0.144046,-0.145414,-0.152564,0.081222,0.051373,0.150821,0.103474,0.134742,0.252712,-0.241366,-0.035324,0.078107,0.004451,-0.052444,-0.140628,0.063117,0.262873,0.039509,0.036207,0.412569,0.025866,-0.270765,0.303957,-0.005689,-0.000301,0.158557,0.086445,0.112521,0.379964,-0.056713,0.059046,0.094359,-0.209792,0.238361,-0.091357,0.035655,-0.046385,0.083609,0.348350,-0.042572,0.002403,0.143325,0.004981,0.134479,-0.121654,-0.057357,0.062290,-0.125357,0.010735,-0.094198,0.020176,0.010351,0.155507,0.135307,-0.110034,0.007168,-0.032943,0.168639,0.112029,-0.101652,0.100716,0.143983,-0.125052,0.126242,-0.178590,0.162970,0.128212,-0.088377,0.151010,0.158257,#
10,0.108083,0.230520,-0.036089,0.252107,-0.207437,0.142872,0.113673,0.100713,0.224475,0.223633,1.000000,0.007967,-0.160456,0.199875,0.097273,-0.042590,-0.066998,0.017146,0.032605,0.007177,-0.168396,0.160079,-0.201643,-0.008273,-0.008961,-0.117922,0.272840,0.245831,0.246881,0.149631,0.286755,0.240905,0.158056,0.126637,-0.057576,-0.017893,-0.062645,0.104664,0.395376,0.226943,0.058870,0.097921,0.028064,0.000277,-0.274476,0.080702,0.019299,0.214641,0.145890,0.032587,-0.060656,0.116166,-0.070310,0.053985,-0.118181,0.294183,0.078300,0.037805,-0.153127,0.150689,-0.168941,-0.068044,0.137278,0.041035,0.357051,0.329028,-0.141559,-0.061817,0.167010,0.145197,0.182624,0.135437,0.322711,0.086448,0.000369,0.043248,0.224837,-0.161873,0.142831,0.150663,0.114055,-0.009666,0.286702,0.229575,0.254523,-0.097491,0.171635,-0.006939,0.042735,0.077713,-0.275193,0.036091,0.156214,-0.031301,0.083390,-0.009951,0.182395,-0.176950,0.068782,0.029720,0.095520,0.066990,0.151134,-0.121772,0.082620,0.007944,0.143604,0.213529,0.132223,0.097665,-0.073755,0.069774,-0.229977,0.007558,0.357631,0.113267,0.017135,0.092825,0.147673,0.081203,0.071980,0.349147,-0.030346,0.167592,-0.018537,0.147134,-0.084649,0.130480,0.000394,0.281700,0.392835,-0.019627,0.000064,0.221282,0.080287,0.078021,-0.094332,0.276837,0.324073,-0.159469,0.207644,0.023407,0.278628,0.102062,-0.198940,0.015031,0.287420,-0.008273,-0.146391,0.094371,-0.007633,0.178827,0.224816,-0.139687,0.263681,0.191206,0.081174,-0.195372,0.237723,0.100821,0.145236,-0.031565,0.337151,0.081724,0.042671,-0.024211,0.034415,0.173533,0.173215,0.108176,0.275779,0.231102,-0.048602,0.054959,-0.149566,0.060180,0.149650,0.014873,0.007178,-0.055431,0.094172,0.113539,0.133538,-0.072472,-0.000234,0.193639,-0.092206,-0.117253,0.133086,0.213655,0.138537,-0.046897,0.063515,0.040598,0.211323,-0.007861,0.032212,0.056111,0.317230,0.172958,#
11,-0.085312,0.089644,0.192558,0.155592,-0.127751,-0.008778,0.028897,0.305163,0.032263,-0.172655,0.007967,1.000000,0.036136,-0.118306,-0.248628,0.005115,-0.053418,0.305182,0.205679,-0.120789,-0.054320,0.057782,-0.222728,0.042204,0.278863,0.138954,-0.020178,0.078760,-0.327418,0.107905,0.047335,-0.097857,0.075238,-0.082865,-0.011917,0.084642,0.001950,-0.170374,0.187905,0.035353,-0.200821,0.196516,0.239027,0.335993,-0.072274,0.105912,-0.001519,-0.006286,0.097738,0.065307,0.211883,-0.059749,0.020896,0.087764,-0.261281,-0.184572,0.306763,0.266561,0.107760,-0.132403,-0.220463,-0.043443,0.132409,0.139478,-0.138146,0.147805,0.017679,0.241996,-0.037037,0.088238,-0.082645,-0.195594,0.242721,-0.066906,-0.128484,0.191558,-0.081451,-0.107811,0.006801,0.209872,0.136346,-0.156239,0.159357,0.236929,0.169056,-0.293002,0.001656,0.093372,0.190648,-0.017206,0.076018,0.190098,0.235434,0.490693,-0.086299,0.033939,-0.033668,0.085529,-0.021371,0.043759,0.087211,0.020250,-0.103263,0.149276,-0.055795,0.239588,0.211477,0.134046,0.100238,-0.026683,0.161006,0.115405,0.015811,0.070395,-0.186385,0.165947,-0.074204,0.056162,-0.005522,-0.027813,0.012540,-0.034193,0.167783,0.097166,0.200769,0.046787,0.034666,0.277099,0.071756,0.069977,0.010422,0.149192,0.186286,0.172974,0.156737,-0.040818,-0.480242,0.318090,0.034715,0.171924,0.029909,0.103225,0.182497,0.077995,-0.005807,-0.120605,-0.003950,-0.085262,-0.146340,-0.129407,-0.034819,0.250646,0.022230,0.241304,0.039549,0.117654,-0.036462,-0.234845,-0.006955,0.079935,0.039432,0.111484,-0.041466,-0.194192,0.008089,-0.010445,0.425018,0.059605,0.207563,-0.039340,0.002226,-0.112641,-0.273761,-0.150077,-0.000941,0.076687,0.151648,0.076916,0.011797,-0.151914,0.109477,0.171453,-0.204050,-0.052349,-0.216154,0.005043,0.077065,0.054980,-0.110326,0.081241,0.087623,0.043094,0.247337,0.011736,0.180087,0.060250,-0.013049,0.049488,0.057228,0.011188,#
12,0.071654,0.048170,-0.000646,0.094210,0.309165,0.177381,-0.037674,-0.114663,0.190034,-0.105439,-0.160456,0.036136,1.000000,-0.077475,0.120628,-0.133359,0.302152,-0.092061,-0.037382,0.247707,0.111578,-0.058488,0.175499,0.200942,-0.008767,0.158029,0.076824,0.011888,-0.005949,0.261050,-0.144984,0.237893,0.023477,0.133191,-0.032813,0.244040,0.154159,-0.028276,0.132785,-0.079403,0.117545,-0.029877,0.177048,0.240182,0.342716,0.156267,0.188438,-0.149460,0.168451,0.107302,0.309387,0.161753,0.189038,0.188096,0.080611,0.085430,0.110036,0.089750,0.041641,-0.053988,-0.088599,0.126251,0.099212,0.065638,0.063160,0.138625,0.001357,0.007404,0.050823,0.053365,0.014123,0.108504,-0.055111,-0.046875,0.209419,0.002580,0.198487,0.092041,0.208115,-0.004874,0.063858,0.234198,-0.045352,0.005161,0.231003,0.130357,-0.085685,0.362601,0.217972,-0.064299,0.290873,0.339976,-0.079948,0.230710,0.241987,0.088875,0.207546,-0.025752,-0.002963,0.000857,0.195870,0.198985,-0.006748,-0.087459,0.209660,0.042849,0.090634,-0.162306,-0.082335,-0.005614,0.369738,-0.175954,0.035750,0.361893,-0.067307,-0.238527,-0.076488,-0.029923,0.179153,-0.028955,0.105802,-0.104426,0.263959,0.063929,0.143837,0.125139,0.150043,0.036114,0.027389,0.085774,0.149178,-0.059929,0.193166,-0.015707,-0.006518,0.007555,0.049768,0.086888,0.181818,0.165859,0.160647,-0.158481,0.050669,0.071368,-0.218959,0.152088,-0.100046,0.045891,-0.050854,-0.137090,-0.089648,0.185399,0.030514,0.224656,-0.051539,-0.155750,0.069359,-0.144686,0.003753,0.046867,-0.143335,0.233958,0.065298,0.256608,-0.086777,-0.102934,0.204324,-0.024089,-0.009027,0.184502,0.060971,-0.169382,-0.033451,0.089979,0.154739,-0.201115,0.159150,0.261492,0.194261,0.198530,-0.032058,0.145060,0.139795,-0.067067,0.082549,0.084569,0.111372,0.188749,0.013683,0.124359,0.004374,-0.202666,-0.075274,0.005969,-0.159385,-0.007779,0.186797,0.285047,0.098653,0.013048,#
13,0.011626,0.181689,0.256277,0.046855,-0.024966,0.068139,0.183336,0.029994,-0.055032,0.190098,0.199875,-0.118306,-0.077475,1.000000,0.206120,0.025761,0.269538,-0.200092,0.208122,0.337706,0.044460,0.126306,-0.101602,0.109720,0.056139,0.247887,0.488908,0.110863,0.059466,0.069817,0.272578,0.189176,0.236401,0.283380,0.308061,0.134257,-0.092544,-0.021018,0.189451,0.104177,-0.128033,0.123193,0.228771,0.034570,-0.017150,0.150750,0.198099,0.289143,0.030843,0.161020,0.149710,0.208303,0.124580,0.011757,-0.009423,0.227544,-0.012308,-0.026239,0.054955,0.260598,0.091992,0.053424,0.153523,0.126499,0.154981,0.124252,0.309957,0.288413,0.312407,0.076475,-0.066637,0.088315,0.131047,-0.070718,0.194160,-0.008409,0.317449,0.230022,0.302204,-0.078654,0.031581,0.299648,0.024200,0.492182,0.199666,-0.002060,0.287172,0.193946,0.189992,0.011263,0.074852,0.063444,0.039507,0.139077,-0.186035,-0.044646,0.312793,-0.197921,0.097433,0.257836,0.238785,0.292286,0.112542,0.211605,0.083167,0.099943,0.103276,0.212945,0.315020,0.087923,-0.126110,0.027255,0.298310,0.005673,0.344269,0.052271,0.323499,0.085879,-0.108143,0.039460,0.233530,0.225721,0.195529,0.153754,0.331528,-0.148123,0.032741,-0.156077,0.144656,0.306784,0.168127,0.084031,-0.094204,0.017621,0.260855,0.070364,0.050591,0.144162,0.365901,0.123235,-0.109258,0.045095,0.354305,0.344350,0.205621,0.197555,0.235412,0.190164,0.010099,0.169330,0.126547,0.095708,0.048406,0.134583,0.200320,0.295513,-0.126120,0.333516,0.198060,0.018609,-0.209663,0.363166,0.128297,0.375747,0.067255,-0.009721,-0.027860,0.015855,0.226560,0.179513,0.039581,0.343251,0.121964,-0.064589,-0.046451,0.274662,0.166008,0.103467,0.224451,-0.204004,0.239166,0.139308,0.217345,0.232437,0.035798,0.016350,0.251006,0.223711,-0.040202,0.101788,0.035091,0.164612,0.125703,0.006969,-0.059691,0.033912,-0.122413,0.187986,0.118312,0.128419,#
14,0.099710,-0.037330,-0.068765,0.067535,-0.038807,0.214555,-0.056073,0.166694,0.200548,-0.038733,0.097273,-0.248628,0.120628,0.206120,1.000000,0.162163,0.154289,-0.052335,0.089106,0.198909,0.041410,0.082320,0.042394,0.328498,-0.097319,-0.057411,0.172042,0.270796,0.016865,0.155703,-0.212899,0.084721,0.015781,-0.092481,0.194449,0.036684,0.060930,0.089229,0.037956,0.110754,0.283145,-0.129362,0.202934,-0.067872,0.178402,0.287817,0.017326,0.079605,0.082080,0.163979,0.253278,0.004746,0.203274,0.098171,0.232304,0.251320,0.090813,-0.192735,-0.153918,0.114483,0.362555,0.050460,0.012221,-0.174696,0.130386,0.052180,0.162338,0.068861,0.136677,0.060529,0.119212,-0.021900,0.084691,0.396221,0.202557,0.135925,0.160063,0.100543,0.050235,0.085400,0.273331,0.062319,0.077618,0.097693,-0.027147,0.170832,0.028108,0.021198,0.121863,0.064557,0.347612,0.178322,-0.074844,0.040324,0.107147,-0.177537,0.160481,-0.115773,-0.035595,0.119727,0.151731,0.237524,0.076298,0.197843,-0.019944,-0.010474,0.305012,0.173574,-0.022669,0.214696,-0.251150,-0.160072,-0.096065,0.101069,0.179770,-0.166801,0.021668,0.135060,0.087342,0.142653,0.307322,0.195112,-0.026396,0.034479,0.172289,-0.138166,0.154921,-0.034170,0.075812,0.329595,0.092085,0.173815,0.077497,-0.183448,-0.019334,-0.018985,-0.080726,-0.048312,-0.022912,0.082805,0.369630,0.159312,0.032397,0.117926,0.049604,0.374010,0.266367,0.027936,-0.115805,0.106734,0.199397,0.064534,-0.207302,-0.058766,0.098926,0.177345,0.257586,0.177848,0.064453,0.076003,-0.209175,0.162256,0.009942,0.132860,0.189308,-0.047399,-0.025999,-0.079773,0.059836,0.297013,0.287998,0.282330,0.035398,0.052064,0.200917,-0.150610,0.168420,0.265205,0.245465,0.107483,0.038959,0.117434,0.140016,0.019719,0.045764,-0.022497,0.085121,-0.236229,0.057590,0.328475,0.018598,0.051294,0.060091,0.172770,-0.070715,0.007511,-0.114457,0.152562,0.141993,-0.097326,#
15,0.085535,-0.186009,0.199804,0.001348,0.014642,-0.101042,-0.021329,0.141592,-0.179140,-0.028122,-0.042590,0.005115,-0.133359,0.025761,0.162163,1.000000,0.080530,0.228683,0.093866,-0.004018,0.128060,-0.004692,-0.149866,0.229384,0.025025,0.362052,0.153859,0.011343,0.213440,-0.145616,0.001650,-0.036038,0.124883,0.149041,-0.062728,-0.326558,-0.226809,-0.098486,0.047138,-0.050564,0.026700,0.039340,0.267273,-0.001850,0.123973,0.041100,-0.206933,-0.029713,-0.115632,0.196615,-0.057883,0.115670,-0.022398,-0.064662,0.080658,-0.014113,0.095519,-0.031095,0.008452,0.222726,0.010410,-0.184998,0.054846,-0.219533,-0.016897,-0.076974,-0.070725,0.064534,0.095117,-0.073732,0.174475,-0.087702,-0.055162,0.086449,0.019400,0.051071,-0.215277,0.144153,-0.224125,0.190650,0.096578,-0.135008,0.063821,0.386656,-0.055585,-0.019038,-0.040698,-0.012039,0.202291,0.180624,-0.036638,0.125085,0.153820,0.158147,-0.169472,-0.301876,0.151660,-0.090903,0.124230,0.042471,0.033564,-0.020702,-0.169952,-0.100282,-0.326928,0.013975,-0.026394,-0.002057,-0.039525,0.217828,-0.080829,0.258511,0.007821,-0.082788,-0.037988,0.126650,0.002386,-0.340772,-0.063331,-0.028283,0.122543,0.226126,-0.069175,0.125361,0.125793,-0.281824,-0.052637,-0.005852,-0.005983,-0.055184,0.124801,0.154848,-0.127244,-0.015985,0.006655,0.087028,-0.123697,-0.072301,-0.078202,-0.091921,-0.155160,0.136202,-0.125093,-0.087476,0.219833,0.010341,0.001859,0.101946,0.384829,-0.006678,0.047880,-0.187166,-0.034105,0.241043,-0.223550,0.308620,-0.055661,0.076482,0.126245,0.033645,-0.187670,0.019333,0.161996,0.078262,0.023276,0.070222,0.094334,0.069538,-0.061538,-0.069521,-0.192253,-0.125706,0.173562,-0.189107,0.017081,-0.366309,0.275102,-0.063172,-0.070441,0.111254,0.245389,0.055505,-0.004892,0.170588,-0.121355,-0.157630,-0.042278,0.045118,-0.031977,0.065903,-0.234299,0.028578,0.003006,-0.006553,-0.108306,-0.049188,-0.051284,0.128964,-0.029767,-0.204178,#
16,0.010481,0.186933,0.092808,0.024999,0.025460,-0.059102,0.141627,0.123873,-0.126199,-0.127594,-0.066998,-0.053418,0.302152,0.269538,0.154289,0.080530,1.000000,0.057085,0.053950,0.397612,0.280644,0.337275,0.093549,-0.006614,-0.172787,0.213231,0.201866,0.010839,0.132786,0.214477,0.058864,0.279762,-0.094862,0.293216,-0.052691,0.103764,0.034267,-0.142995,0.205136,0.047131,-0.176174,0.123887,0.172158,0.119242,0.188477,0.421293,0.095251,0.005453,0.145206,-0.103371,0.127967,0.078685,0.353941,0.049962,0.234268,-0.027450,0.082533,-0.089398,0.052061,-0.120540,-0.048552,0.297782,0.287150,0.214096,0.124687,0.018939,0.032306,0.453927,0.149809,0.131792,-0.119949,0.225455,0.335786,-0.143692,0.006695,0.112384,0.144821,0.313127,0.146983,0.010582,-0.034976,-0.013235,0.007536,0.093213,0.190063,-0.064513,0.111823,0.100681,0.103987,-0.031647,0.155923,0.300856,-0.035924,0.118427,-0.008443,-0.174636,0.192030,0.005017,-0.061668,0.131191,0.140997,-0.018105,-0.287511,-0.070175,0.056794,0.101340,0.015873,-0.141475,-0.070286,0.141107,0.254301,0.009809,0.059991,0.121141,0.156503,0.323168,-0.036733,-0.037332,-0.099138,0.327448,0.065510,0.117031,-0.051678,0.087586,0.215028,-0.175148,0.133835,-0.147987,-0.023050,0.093817,0.073790,-0.123025,0.369766,-0.189308,0.257029,0.209035,-0.125356,0.327706,0.216224,0.307213,-0.031165,0.123731,-0.000366,0.061051,0.198982,0.151099,0.044784,0.181866,0.197012,-0.067314,-0.106943,0.262474,-0.016426,0.011680,0.234439,-0.002998,-0.079934,0.085823,-0.023445,-0.047690,-0.055994,0.284999,0.240007,0.277554,0.063737,-0.027098,0.156841,-0.046904,-0.084948,0.158374,-0.070531,-0.028450,0.104361,0.005864,0.049379,0.060450,-0.057082,0.081499,0.209199,0.041673,0.129755,0.188475,0.099427,-0.059202,-0.076220,0.009787,0.307529,0.112260,0.059151,0.186186,0.284636,-0.360565,-0.075794,0.101313,0.078074,0.190981,-0.254620,0.235126,-0.049332,0.135033,#
17,0.063628,0.179146,-0.122207,-0.002096,-0.069378,-0.159604,-0.029860,0.374916,0.048467,-0.209809,0.017146,0.305182,-0.092061,-0.200092,-0.052335,0.228683,0.057085,1.000000,-0.026904,0.125523,0.284187,-0.067791,0.064122,-0.001488,0.116497,0.171675,0.002837,-0.058346,-0.042027,0.203757,-0.005915,0.002212,0.140165,0.046804,-0.153892,0.045856,-0.188741,-0.120943,0.322268,-0.077424,0.004623,-0.044809,-0.153866,0.125935,0.094359,0.219522,0.143893,-0.035326,-0.137414,-0.005702,-0.024245,-0.025410,-0.010500,0.006276,0.040014,0.119340,0.330699,0.180107,-0.081458,-0.005977,0.074890,0.039238,0.257217,-0.155616,-0.035815,0.061149,-0.048753,0.094910,0.000371,0.042275,-0.032391,0.095649,0.139623,-0.108697,-0.083672,0.156767,-0.194843,0.086873,-0.204549,0.218120,0.036055,0.016457,0.497931,0.211094,-0.015710,-0.229695,0.020882,0.189291,0.103934,0.265196,0.062942,0.118003,-0.012646,0.149180,-0.207313,-0.202330,-0.007766,0.214911,-0.032600,0.054912,-0.099406,-0.107404,-0.078965,0.057984,-0.157452,0.198119,0.153413,0.067300,-0.071988,-0.061134,0.023358,0.301830,-0.162656,0.195252,-0.050945,0.216464,-0.278931,-0.011055,-0.075852,0.162463,-0.176729,0.088811,0.143835,0.122498,0.165129,-0.146571,-0.078864,0.125509,0.005669,-0.053937,-0.001855,0.085297,0.108466,0.057880,0.179912,0.102148,-0.103448,0.333400,0.078470,0.172317,-0.145077,0.027156,-0.041365,0.123877,0.177132,0.054189,-0.028039,-0.015618,-0.009048,-0.081047,0.042759,-0.123238,-0.105713,0.150521,0.059176,0.272868,0.015823,-0.138651,0.189879,0.153297,0.090038,0.101046,0.232449,0.021614,0.047017,0.187361,0.101265,0.237925,0.028688,-0.163932,0.147277,-0.000268,-0.132597,-0.118089,0.076094,-0.269898,0.075165,0.042884,-0.265727,0.159481,-0.049673,0.196824,0.065854,-0.028718,-0.186465,-0.213829,-0.092317,-0.002205,0.029989,0.351666,0.111995,0.000103,0.100612,-0.070726,0.167388,-0.060658,-0.010067,-0.026162,-0.060478,-0.092775,#
18,0.156542,-0.068420,0.051737,0.155844,0.288723,-0.092742,0.120442,0.076694,0.060353,-0.351167,0.032605,0.205679,-0.037382,0.208122,0.089106,0.093866,0.053950,-0.026904,1.000000,-0.131000,0.245106,0.148323,-0.111964,0.320588,0.239599,0.050054,0.092103,0.371720,0.001482,0.081924,0.145673,-0.170539,0.053307,-0.069776,0.027653,0.169352,0.316540,0.038626,0.035300,0.322428,-0.099695,0.279566,0.099681,0.214222,0.165974,-0.010393,0.101791,0.032249,0.117582,0.223902,0.190523,-0.147103,0.213149,0.307602,0.045666,0.101749,0.122611,0.021297,-0.006509,-0.136566,-0.067439,-0.120168,0.103471,-0.039903,-0.085436,0.012632,0.210192,0.241184,-0.027983,-0.075227,-0.168098,-0.101523,0.050545,-0.018979,-0.110830,-0.050446,-0.060679,0.142092,0.168573,0.076328,0.177578,-0.118894,-0.036289,0.348558,0.233929,-0.094335,0.125862,-0.007091,0.251649,0.048347,0.291215,-0.049327,-0.035064,0.328957,-0.007475,0.098416,0.243427,0.116657,-0.039980,0.270980,0.012609,0.078953,0.089409,0.158023,0.066000,0.191261,0.040281,0.048702,0.138285,0.317838,0.201207,0.291745,0.113175,0.107434,0.039775,0.003067,0.051959,-0.262174,0.054522,0.156206,0.040550,0.172003,0.045874,-0.043889,0.216571,-0.062916,0.284386,-0.009099,0.285418,-0.045938,0.225300,0.211332,0.079957,0.082881,0.143078,-0.401601,-0.171731,0.144797,0.102012,0.186808,0.163263,-0.106323,0.062814,0.000196,0.111820,0.066204,-0.031197,0.082099,0.088148,-0.094486,-0.125289,0.190736,-0.040969,-0.033339,0.078541,0.162079,0.214749,0.086776,-0.178548,0.487580,0.086441,0.056776,0.110151,0.042835,0.090887,0.007764,0.153472,0.121853,-0.146491,0.040485,-0.118528,0.032023,0.261396,-0.078633,-0.148974,0.164321,0.115260,0.109923,0.306022,-0.043318,0.030182,0.020045,0.133762,-0.085327,0.027422,-0.032407,0.148201,0.153239,-0.054832,0.232841,-0.000653,0.222023,0.195463,-0.049859,0.066662,-0.134795,-0.063086,0.282763,0.237504,-0.032436,#
19,0.113960,0.343528,0.033377,0.276765,0.271722,-0.077853,0.083373,0.132649,0.088380,0.186430,0.007177,-0.120789,0.247707,0.337706,0.198909,-0.004018,0.397612,0.125523,-0.131000,1.000000,0.241204,0.294245,0.200788,0.205792,-0.093795,0.475464,0.376479,0.144312,0.041360,0.164774,0.102430,0.338105,0.123591,0.295009,-0.037936,0.189153,-0.063902,-0.079707,0.436780,0.050507,0.027355,0.189634,0.006424,0.112376,0.266922,0.339696,0.331659,0.515363,0.048437,0.126957,0.222282,0.203926,0.061019,0.290798,0.280801,0.174510,0.189169,0.059027,0.162562,0.020349,0.304311,0.134645,0.284564,0.183598,0.353923,0.091060,-0.047223,0.281069,0.168368,0.300222,0.111144,0.217709,0.238388,-0.066364,0.294063,0.418561,0.072934,0.303816,0.397154,-0.048734,0.141340,0.313167,0.148093,0.156359,0.346439,-0.226847,0.250588,0.243065,0.233310,0.256230,0.134430,0.307969,0.085326,0.007382,-0.037096,0.059037,0.066891,0.141322,-0.103404,0.115140,0.208678,0.157598,0.171250,0.262916,0.313521,0.260605,0.125033,0.273987,0.037551,0.050638,0.162708,0.024686,-0.005057,0.288620,0.228209,0.055844,0.183969,0.199591,0.147003,0.009943,0.340622,0.123439,0.360074,0.296289,0.322919,0.057205,0.252596,0.195560,-0.094709,0.296054,-0.112237,-0.170837,0.304773,0.185902,0.182806,0.151147,0.004724,0.350786,0.410132,0.259573,0.015674,0.151709,0.086989,0.134421,0.113437,0.103797,0.187572,0.217685,0.285207,-0.041993,0.071805,0.088808,0.006468,0.169181,0.316706,0.130948,0.080727,0.097054,0.121392,0.013772,0.065703,0.390107,0.245534,0.286783,0.208397,0.153471,-0.112715,0.208991,0.284556,0.004486,0.137186,0.121246,0.145459,0.120905,0.082000,0.043821,0.275995,0.256665,0.118413,-0.009013,-0.094398,0.410382,0.215447,0.044137,0.044309,0.023273,0.210581,0.370870,0.172900,0.259484,0.263423,0.086284,-0.065704,0.083316,0.148196,0.304395,0.121649,0.268114,0.063879,0.268737,#
20,0.162424,-0.055328,0.254872,0.165065,0.248137,-0.072941,0.162976,0.191822,0.129251,-0.177030,-0.168396,-0.054320,0.111578,0.044460,0.041410,0.128060,0.280644,0.284187,0.245106,0.241204,1.000000,0.026067,0.176803,0.114508,0.262552,0.215025,0.062158,0.088222,0.009041,0.280375,0.046077,-0.004014,-0.028918,0.027520,-0.142582,-0.080736,0.103380,-0.342694,-0.017961,-0.019916,0.168505,0.299701,-0.024418,0.115612,0.346214,0.050606,0.205216,0.066779,0.132201,-0.026626,-0.049740,0.084252,0.225541,0.112381,0.022071,-0.011981,0.135752,0.045929,0.147667,-0.156077,0.283682,-0.003086,0.254328,0.103153,0.161765,0.023561,0.077888,0.120870,0.227854,0.141752,-0.046929,0.241777,0.055856,-0.095086,-0.076035,-0.184484,0.050881,0.464425,0.305024,-0.083498,0.185604,-0.120103,0.100817,0.075495,0.098779,0.133973,0.127761,0.142237,0.192542,0.051108,0.164485,0.132273,0.098099,0.011986,0.007436,-0.013469,0.350728,0.125470,0.033490,-0.083256,0.056035,-0.030124,0.101092,0.237906,0.062148,0.131443,-0.042865,0.041083,-0.011246,0.185702,-0.036261,0.028107,-0.095042,0.202893,0.051578,0.095971,0.073108,-0.225806,-0.221078,0.258018,0.181481,0.119732,-0.026577,-0.151612,0.076415,-0.135614,0.176951,0.102770,-0.084405,0.134796,0.023836,0.054472,0.212904,-0.081677,0.274552,0.119956,0.226605,0.147994,0.302329,0.141627,0.131688,0.038060,0.004612,0.097569,0.226449,0.067642,-0.161866,0.271992,0.397479,0.047364,0.089072,-0.089849,-0.136024,-0.031154,0.028160,0.016896,0.289876,0.040935,0.177373,0.361978,0.070237,0.171327,0.240372,0.235158,0.158014,0.060494,-0.021638,0.246893,0.033569,-0.126175,0.059211,0.088977,-0.126571,-0.058833,-0.004914,-0.049846,0.038316,-0.056203,0.211938,0.122918,0.002882,0.150295,-0.074154,0.115263,0.023521,-0.267365,0.159293,0.139827,-0.043294,0.377123,-0.058450,0.161005,0.163492,-0.050897,0.292462,0.117473,-0.083713,0.309901,0.040336,-0.012919,#
