0,1.000000,-0.026595,-0.274434,0.040008,0.124592,0.125962,-0.230525,0.125877,0.038838,-0.016720,-0.388113,-0.053329,0.139602,-0.271613,0.312972,-0.161864,0.116833,-0.072642,-0.060958,0.225437,-0.099983,-0.125426,0.019522,0.041660,0.194389,-0.037273,0.260508,-0.092021,0.043755,0.059617,-0.106920,-0.049740,0.203563,-0.239951,0.220746,0.048850,0.008562,-0.072611,0.299022,0.172796,-0.083247,-0.094558,-0.024332,0.058797,-0.118399,-0.018091,0.069362,-0.310628,0.056477,0.115686,0.355849,0.035789,-0.051561,0.136816,0.047159,0.128971,-0.092416,0.069965,0.049024,-0.136226,0.091616,-0.096981,-0.044598,-0.086045,0.070189,0.189677,-0.285982,0.136680,-0.061443,0.084792,-0.055615,0.079391,0.079751,-0.217632,0.068586,0.019151,-0.253880,-0.059442,-0.152317,0.037972,0.167186,0.148172,-0.095264,-0.121749,-0.077316,0.117592,-0.055166,-0.402978,-0.034933,0.253498,0.027647,-0.271080,-0.291596,0.022180,-0.105009,0.029451,0.025555,0.012216,0.007863,0.127422,-0.127024,-0.052617,0.017733,0.064320,0.243673,-0.116006,-0.413229,-0.055000,0.072010,-0.091490,0.195991,-0.099680,-0.003803,-0.016278,-0.072648,0.023954,0.069545,-0.119290,0.223245,0.242498,-0.151215,-0.082532,0.199583,0.090810,-0.007673,0.016045,-0.038826,0.097947,0.057727,-0.214418,0.086650,-0.198386,-0.097158,-0.061735,-0.111031,-0.009354,0.108144,0.223399,-0.138566,-0.237849,-0.082471,0.165200,-0.137515,-0.054960,-0.116238,-0.004327,0.146302,-0.184300,0.077179,-0.148939,0.092436,-0.179745,0.043920,-0.251346,-0.093946,-0.113207,0.083243,0.059263,-0.056035,0.118228,0.070212,0.268681,0.008978,-0.195538,0.443637,-0.017457,-0.061833,-0.099231,0.212777,0.019689,0.102180,-0.085984,0.239094,0.047000,-0.017547,-0.364246,-0.107700,0.097057,0.057672,-0.090414,-0.198121,-0.046577,-0.206181,-0.072767,0.154907,0.008872,-0.067542,0.193980,-0.049729,-0.133313,-0.152937,0.007025,0.033859,-0.086738,0.210984,-0.103307,0.033096,-0.070987,-0.211986,0.088146,#
1,-0.026595,1.000000,0.346769,0.255499,-0.083163,0.013860,0.179487,0.083585,-0.128455,0.023454,0.105671,-0.253493,0.149852,0.038394,-0.325712,-0.038122,0.123928,0.119723,0.219782,-0.251326,0.356215,0.189633,-0.147387,0.198588,0.207895,-0.190105,-0.110563,-0.044234,0.036472,-0.013718,-0.152420,0.281124,0.182837,-0.130265,-0.049827,0.074413,-0.134916,0.014346,-0.083235,0.080636,0.268017,-0.031952,-0.034785,0.047541,0.133713,0.386416,0.076422,0.053295,-0.310283,0.165550,0.086851,-0.065216,0.101785,0.185045,0.077610,0.139142,-0.206002,-0.050512,0.123953,-0.075205,0.109767,-0.065439,0.080108,0.029807,-0.183000,0.056833,0.171075,-0.028064,0.270742,-0.018468,0.063600,0.196328,0.066210,0.242584,-0.124111,-0.322565,0.152391,0.097777,0.183731,0.088606,0.025815,0.281702,-0.021939,-0.098163,0.105835,0.100806,0.066356,-0.073148,-0.069206,0.273747,0.117623,-0.063650,0.129438,-0.096876,0.055155,0.050810,0.064691,-0.143648,0.102814,0.122617,0.162083,-0.066716,0.131518,0.243315,0.135188,0.163426,-0.116944,0.160417,0.112054,0.034031,0.137542,0.122830,-0.094471,-0.065026,0.106762,0.038885,0.146602,0.239864,0.027354,0.052394,0.010298,0.162540,-0.141914,0.153542,-0.014330,0.240507,0.261289,0.038186,0.120260,-0.061875,-0.081351,0.024914,0.011219,0.299744,0.036350,0.089107,0.070587,-0.121052,0.115093,0.081769,-0.132609,0.059973,-0.311247,0.021589,0.007095,-0.146599,0.237245,-0.191212,-0.278651,0.100133,-0.126814,0.002219,-0.231250,0.078858,0.129888,0.015968,-0.050498,-0.036987,0.001161,0.015306,-0.085380,0.074691,0.259477,0.039862,-0.349930,-0.134587,0.191242,-0.101674,-0.030087,-0.047385,0.395327,-0.246948,0.199133,-0.113043,0.224860,0.097398,0.035380,0.184501,0.034462,-0.081311,-0.080859,-0.124027,-0.021087,0.080639,-0.159506,0.190650,0.040754,-0.019827,-0.000095,-0.160937,-0.315032,0.212362,0.137761,0.429682,0.148127,0.196060,0.283195,-0.159824,0.095247,0.042100,#
2,-0.274434,0.346769,1.000000,0.071211,-0.228893,0.031591,0.160999,0.069113,-0.201323,0.008674,0.106764,-0.259162,0.219723,-0.009518,-0.189243,-0.053421,0.038203,0.172523,0.280370,0.027384,0.102603,0.076167,-0.169211,-0.175773,0.031789,-0.248287,0.099405,-0.162489,0.052151,0.032792,0.080873,-0.010953,0.104988,0.158560,0.199809,0.019079,-0.027757,-0.102195,-0.132901,0.238861,0.453411,0.074538,-0.055668,-0.003550,0.012119,0.156502,0.041318,0.183641,-0.008239,0.286492,-0.133748,-0.083736,0.037485,0.135237,0.156522,0.062701,0.207065,-0.022934,0.094385,-0.222867,-0.005372,0.157257,-0.003262,0.045405,-0.106933,-0.201934,0.271408,-0.222996,0.423950,0.072858,0.194807,0.229391,-0.039637,0.320235,-0.212868,-0.114170,-0.047425,0.256031,0.171798,0.223716,0.173003,0.104501,-0.013758,0.147547,0.193445,0.165826,0.047458,0.161455,-0.046177,0.070582,0.230386,-0.145374,-0.030797,0.084574,-0.050091,0.245601,0.041730,-0.074009,-0.043533,-0.013213,0.094523,-0.189511,-0.095814,0.059132,0.170281,0.142083,0.061308,0.203120,0.124935,-0.007445,0.100340,0.093820,-0.179270,-0.196502,0.081453,-0.015909,-0.104177,0.120594,-0.041404,0.038620,0.062403,0.242447,0.075350,0.018739,0.069832,0.290763,0.023009,0.107056,-0.132027,0.285351,-0.041139,0.212371,0.164245,0.111485,-0.126097,-0.165366,0.033981,-0.145798,0.140160,0.008232,-0.071604,0.173734,-0.142664,-0.077963,-0.030619,0.107751,0.181570,0.058803,0.074198,-0.011867,-0.094151,0.016787,-0.186787,0.194029,0.069271,0.189058,-0.019807,0.041197,0.080936,-0.085178,0.022539,-0.271956,-0.038056,0.029159,-0.177056,0.056890,0.161061,0.001532,-0.075557,0.152216,0.339150,-0.151455,0.132293,-0.047222,0.193047,0.213199,0.248156,0.145787,-0.127258,-0.126907,0.138320,0.174099,0.394401,0.176058,-0.115646,0.023249,-0.054481,0.206032,-0.000410,-0.099544,-0.000261,0.192018,-0.161345,0.261494,0.068972,0.347888,0.168399,-0.124325,0.155834,-0.004478,#
3,0.040008,0.255499,0.071211,1.000000,0.147580,0.144113,-0.281150,0.105927,0.058301,0.142978,-0.254138,-0.071827,0.028198,0.193562,-0.156625,-0.263612,0.192874,0.093040,-0.115830,0.118928,0.359052,-0.000127,0.051988,-0.186593,0.170998,0.295541,0.162552,0.156552,-0.067731,0.208176,-0.099269,0.179578,0.287099,-0.082092,-0.096692,0.059566,-0.108865,-0.027859,0.061493,0.278826,0.053589,0.029178,-0.113686,0.111669,0.261746,0.084200,-0.129839,0.148781,0.015845,0.107394,0.064848,0.186781,0.065031,0.168811,0.314277,0.071339,-0.128525,0.026899,0.143306,0.079167,0.050173,-0.026742,0.006948,0.163010,-0.047821,0.277259,0.057674,0.116540,0.097855,0.108040,-0.138724,-0.129571,0.190191,0.138945,-0.002072,0.132943,0.005538,0.044903,0.145786,0.087717,0.225088,0.248150,-0.064595,-0.229915,-0.025116,0.118943,0.021340,0.129941,0.141829,0.066541,0.051900,0.075416,0.098807,-0.083692,0.152653,0.055062,-0.025232,0.120387,-0.198356,0.212017,0.187215,-0.115609,0.075380,-0.042607,-0.002425,-0.130743,-0.002914,0.138924,0.008478,-0.152034,0.056467,0.233719,0.144409,0.105677,0.047487,0.130834,0.258961,0.171566,0.048359,0.099052,-0.031678,0.109002,0.027314,0.172456,0.019136,0.199797,0.251683,0.123536,-0.062368,0.058042,0.076270,0.104261,0.229567,0.159509,-0.061538,-0.074804,-0.188993,0.055470,0.243449,0.209798,-0.003771,0.110065,-0.246242,-0.090102,-0.160400,0.081715,0.159499,0.084040,0.042394,-0.231079,0.012709,-0.160821,-0.097973,0.193851,0.004075,-0.027366,0.142195,0.053542,-0.032730,0.207332,0.226058,0.366625,0.178385,0.308914,0.075819,-0.015194,0.044383,0.126892,-0.089405,0.107027,0.086489,-0.205605,-0.107506,0.055017,0.075872,0.119103,0.193887,-0.015968,-0.018111,0.250251,0.084260,0.199535,0.096340,0.346745,0.135075,0.245484,0.012442,-0.132989,0.031327,0.027828,0.058388,0.085501,0.300319,0.037052,0.327790,0.193368,0.027231,0.063955,0.024568,0.137993,#
4,0.124592,-0.083163,-0.228893,0.147580,1.000000,0.230327,-0.085253,0.038542,-0.042109,0.155159,-0.093809,-0.060079,-0.058550,-0.092753,0.071806,-0.225879,-0.054068,0.062608,-0.216568,0.032777,0.145960,0.124555,0.287467,0.123335,-0.005233,0.095624,-0.154575,0.064660,0.101442,0.335319,-0.050646,0.078541,-0.055848,-0.202618,0.103982,0.141511,0.026345,-0.115954,0.200318,0.193599,-0.131310,-0.102559,0.105386,-0.001710,0.259024,-0.049216,0.205688,0.126365,-0.024388,-0.049116,0.317855,0.001577,-0.159399,-0.079615,0.091302,0.098706,-0.056650,0.130468,0.313840,-0.100320,-0.162276,-0.132322,0.316159,0.084418,0.175549,0.410552,-0.076433,0.055103,0.066571,-0.084370,0.043885,-0.078790,-0.198200,0.168533,0.189151,-0.081536,0.061730,0.117423,0.024307,-0.069710,-0.025359,0.161235,-0.048030,-0.149880,0.078900,-0.015418,0.013277,0.267458,0.138366,0.138758,0.039620,-0.245849,0.159984,0.024270,0.220262,-0.013381,0.040935,0.005021,-0.018144,-0.227021,-0.128316,0.291275,0.094430,0.054171,-0.147167,-0.191809,0.002663,0.003983,0.131762,0.226570,-0.195165,0.089075,0.288308,0.197318,-0.101958,-0.127600,-0.073816,0.167436,0.096114,0.054131,-0.188035,0.020015,-0.153499,-0.102407,0.152835,0.131587,0.160881,-0.059209,0.147580,-0.079928,0.010351,0.035116,0.144615,0.084708,0.138439,-0.021867,-0.112189,0.310958,-0.017436,0.095948,-0.104841,0.189998,0.037811,0.203402,0.012247,0.013503,-0.053471,-0.112625,0.080670,-0.030919,0.014331,-0.030876,-0.045787,-0.289279,0.188313,-0.161813,0.244389,0.353071,0.059533,0.054560,0.075618,0.288617,-0.049969,0.048291,0.139963,-0.061519,0.082859,-0.221695,0.046389,-0.147438,-0.050401,0.093457,-0.030366,0.104952,-0.246832,-0.029735,0.223645,0.139775,-0.031056,0.406193,0.086034,0.002923,0.070713,0.271029,0.190271,0.250994,0.167401,0.165087,0.160307,0.281230,0.160762,-0.141140,0.229628,-0.018118,0.042651,0.048039,-0.116781,0.088529,0.019710,-0.032828,#
5,0.125962,0.013860,0.031591,0.144113,0.230327,1.000000,0.168539,-0.027970,0.147369,0.064758,0.015523,-0.196932,0.180956,-0.215676,-0.080751,-0.021589,0.099747,0.103645,0.176025,0.195370,-0.053542,-0.005610,0.080721,-0.076038,0.372512,0.140570,0.216650,-0.019883,0.167779,0.081920,-0.107124,-0.086365,-0.111558,0.043410,0.252983,0.008379,0.013006,-0.006561,-0.106542,0.149095,-0.097051,-0.006759,0.344488,0.134405,0.051629,0.105712,-0.170876,0.138732,-0.269786,0.120996,0.167113,0.146951,0.012140,-0.095692,0.252236,0.138348,-0.130125,0.095392,0.140729,-0.105943,0.129712,-0.114836,0.200543,0.122739,0.086491,0.259306,-0.187799,-0.076421,0.061623,-0.023267,0.198356,0.248126,-0.168051,0.247882,0.237728,0.144992,-0.246600,0.308562,0.149745,-0.010980,0.101685,-0.046391,-0.101898,-0.033151,0.113741,-0.115110,0.001301,-0.033733,0.026987,-0.202878,0.296922,0.000258,-0.180669,-0.053687,0.106774,0.053857,0.279619,0.140997,0.086137,0.024758,0.039364,-0.063655,0.098415,0.053980,-0.037349,-0.178482,0.043462,0.127376,-0.125720,0.083986,-0.016865,-0.069786,0.185092,0.174587,-0.055250,-0.112911,0.382336,0.199875,0.177899,0.225574,-0.030754,0.006905,-0.221449,0.047159,0.071189,0.178267,0.233583,0.048877,0.003266,-0.067145,0.133479,0.026472,0.098853,0.038257,0.005671,-0.145396,-0.072430,0.019919,0.035974,0.034163,-0.123108,-0.013164,-0.138018,-0.001942,0.068453,0.282273,0.064015,0.222092,0.103578,-0.052173,0.144648,-0.033943,0.291493,-0.099113,0.399217,-0.005829,0.093076,-0.022591,0.060799,-0.077399,0.010147,0.228031,-0.080061,-0.010512,-0.121852,-0.088486,-0.108111,0.141069,0.197617,0.125695,0.130767,0.219998,-0.088661,0.058378,-0.006022,0.261071,0.329122,-0.011650,0.023185,0.258722,0.255940,-0.153545,-0.082086,0.118449,0.130479,0.141700,0.315000,0.261177,0.171195,0.134581,-0.012728,0.056264,-0.008422,0.062414,0.084488,0.002741,-0.021269,0.096840,-0.074788,0.220691,#
6,-0.230525,0.179487,0.160999,-0.281150,-0.085253,0.168539,1.000000,-0.125031,-0.084880,-0.062601,0.448703,-0.076881,0.075679,-0.102054,-0.282449,0.447183,0.260061,0.253724,0.170189,-0.281563,-0.199195,-0.181514,-0.074769,-0.088372,0.156899,-0.059709,0.008516,0.068684,0.095125,-0.114876,-0.012281,0.117869,-0.196249,0.150016,-0.093524,-0.132470,-0.189367,-0.002328,-0.215505,-0.103611,0.097833,0.127907,0.265477,0.062622,-0.233757,0.086130,0.056666,0.051626,-0.223979,0.087918,-0.176896,-0.211803,-0.185156,-0.121913,0.021346,0.067434,-0.153558,-0.011535,-0.095866,0.091876,0.013057,0.114773,-0.034427,-0.088654,0.133537,-0.145570,-0.067788,-0.095231,0.056818,-0.141579,0.204155,0.065603,-0.254455,-0.017230,0.194452,-0.202403,0.199502,0.197960,0.233176,0.153906,-0.179684,0.119036,-0.062442,0.053222,-0.052598,-0.211460,0.039058,-0.092108,-0.115584,-0.119867,-0.037870,-0.127501,0.053414,-0.080722,-0.004993,0.004192,0.379929,-0.091058,-0.173902,0.028423,0.017868,-0.086721,-0.010148,0.083503,0.098425,0.040007,0.161464,0.177410,0.186687,0.110537,-0.072672,-0.087683,0.141008,0.212579,0.077931,0.288411,0.053414,0.040823,-0.198902,0.003233,0.009040,0.217470,-0.436303,-0.221873,0.044539,-0.062825,0.067525,-0.015110,0.059912,-0.000906,0.070387,0.107807,0.171330,0.046094,0.084995,-0.195975,0.206207,-0.133829,0.023219,0.030249,-0.050425,-0.268237,0.105641,-0.016917,-0.052522,0.059862,-0.024418,0.222049,0.038152,0.085787,0.081882,0.043964,-0.138545,-0.010597,0.096542,0.069403,-0.152720,-0.108517,-0.188582,-0.073153,-0.149110,-0.145672,0.007878,-0.057331,-0.428863,-0.193812,0.039404,0.032913,0.019333,-0.014720,-0.122557,0.284362,-0.282715,-0.201007,0.076788,0.152016,0.138027,0.056947,-0.048998,-0.120245,0.080749,-0.181863,0.026486,-0.029596,-0.065398,-0.004473,0.124238,-0.059269,-0.015602,-0.010651,0.057698,0.039478,-0.172948,0.256575,0.028412,-0.001439,-0.031045,-0.108492,0.115316,-0.025087,#
7,0.125877,0.083585,0.069113,0.105927,0.038542,-0.027970,-0.125031,1.000000,0.194146,0.128320,-0.327860,-0.218130,0.198093,-0.026719,0.059518,-0.058684,-0.066683,0.226140,0.104908,0.025470,0.148413,0.104254,0.079698,-0.056512,-0.016584,0.065850,0.040866,-0.291789,0.240596,0.032011,-0.048881,0.075139,0.135478,-0.018258,0.018839,0.085883,-0.270931,0.118666,0.354854,0.250097,0.086597,0.094589,-0.072565,-0.005100,0.020788,0.137986,0.187375,0.196562,0.115916,0.153717,-0.058126,0.209058,0.030231,-0.122968,0.140738,-0.119394,0.024860,-0.197405,0.180689,0.152760,0.157387,0.202255,-0.046145,-0.077490,0.077757,0.062592,0.032733,-0.101384,-0.305389,0.013943,0.130965,0.002599,0.030659,0.006798,-0.255571,-0.244167,-0.171545,0.010288,0.060114,0.144049,0.140124,0.145322,-0.085221,0.016989,0.120036,0.254804,-0.149286,0.114198,-0.274013,0.087831,0.216742,-0.297643,0.178855,0.073421,0.209999,0.262539,0.217169,0.110567,0.239513,0.073956,0.021370,-0.043992,-0.362491,-0.188982,0.144614,0.117878,-0.249103,0.128043,0.107288,-0.391026,0.096998,0.059187,0.188611,0.009578,0.324258,0.123507,-0.099136,-0.113739,0.104808,0.279235,-0.032265,0.099572,0.228587,0.014551,0.004695,0.078386,-0.059150,0.124777,0.033116,0.129205,-0.131828,0.120138,0.021569,-0.231182,-0.039667,-0.114174,-0.156741,0.134992,0.240347,0.045044,-0.067382,0.175074,-0.172696,-0.113588,0.104072,0.176616,0.014750,0.094713,-0.230926,0.211198,-0.358872,0.088209,-0.052384,0.036789,0.238704,0.370613,-0.020437,0.114890,-0.099664,-0.114584,0.104338,-0.002370,0.003701,-0.137352,-0.105965,-0.044262,-0.029291,-0.143683,-0.188359,-0.107293,0.175572,-0.085892,0.162038,0.127980,0.203357,-0.191254,-0.019017,0.109488,-0.020373,0.025557,0.160734,-0.019982,-0.121882,0.037077,0.193844,0.128182,0.068233,0.121427,0.039905,0.099139,0.111397,0.031452,0.118571,-0.157210,0.006231,-0.049190,-0.074365,-0.046567,-0.094414,-0.047775,#
8,0.038838,-0.128455,-0.201323,0.058301,-0.042109,0.147369,-0.084880,0.194146,1.000000,-0.097447,-0.192024,0.325333,0.105208,-0.007948,0.052864,0.033397,0.006391,-0.116271,-0.103206,0.159341,0.164093,-0.116034,0.013221,0.045494,0.051984,0.069953,0.043780,-0.091518,-0.257267,0.139627,0.201777,-0.050957,0.191095,0.013654,0.013536,0.374358,-0.048450,0.011278,0.031884,-0.057594,0.051462,-0.115477,0.041101,0.208907,0.084133,-0.135627,-0.051254,-0.219452,0.041434,0.198278,-0.168713,0.043470,0.333445,-0.134287,-0.038581,-0.018447,-0.146278,-0.024063,0.009680,-0.031459,0.057220,0.166759,-0.091830,0.294594,-0.075897,0.028538,0.165938,0.105635,-0.091810,-0.140404,-0.010953,0.255930,0.161096,-0.050834,-0.001308,-0.067867,-0.109478,0.021157,0.166292,0.220846,-0.107383,-0.012389,-0.071213,-0.017870,-0.081109,0.004354,0.206893,-0.046109,-0.131756,-0.173342,0.073954,0.028531,-0.053026,-0.143644,-0.107600,-0.100959,0.123629,0.121003,0.170756,-0.016068,-0.169409,-0.240791,0.037864,0.017963,-0.196388,0.001341,0.086056,-0.119036,0.018615,0.241031,-0.021678,-0.093192,0.018237,-0.001847,-0.101176,0.022029,0.225813,-0.179705,-0.122890,-0.012167,0.134517,-0.082219,0.282774,0.195986,0.044661,-0.009854,-0.176615,-0.013788,0.253507,0.178488,-0.079320,0.228732,0.158827,-0.159306,-0.265926,0.204268,-0.167849,0.007480,-0.021599,-0.052306,-0.029290,-0.121904,-0.135200,-0.337207,0.137343,0.083836,0.140150,0.166162,-0.231641,0.093054,0.081271,0.072559,0.149863,0.184437,0.186170,0.122896,0.017197,-0.011760,0.157652,-0.370751,0.136919,0.008618,-0.162943,-0.128607,-0.056707,-0.009220,-0.174416,0.187287,0.046374,-0.138164,-0.124364,0.197183,-0.267283,0.125396,0.102255,-0.191904,-0.034111,-0.116177,-0.035607,0.023183,0.242667,-0.012358,-0.081216,0.060912,-0.193472,-0.105414,0.130561,0.027009,-0.137053,0.036278,0.139576,0.018171,-0.120948,-0.061160,-0.062640,-0.095483,-0.209975,-0.055999,-0.143653,0.186646,#
9,-0.016720,0.023454,0.008674,0.142978,0.155159,0.064758,-0.062601,0.128320,-0.097447,1.000000,-0.127553,-0.089572,0.077417,-0.118041,0.019547,-0.096663,-0.096262,0.226419,-0.283242,-0.078922,0.052346,0.058555,0.073431,0.034016,0.045242,0.105578,0.152677,0.000530,-0.154060,0.007068,-0.023465,-0.119475,-0.074420,-0.105868,0.095085,0.058935,0.000072,-0.021653,0.039756,0.074661,-0.186556,0.086473,-0.007444,-0.034282,0.030355,0.009599,-0.048295,0.173430,0.313947,0.287944,0.078025,-0.124128,-0.174741,-0.124380,-0.044885,0.021532,0.111455,-0.096889,-0.062589,0.147807,-0.038125,-0.050117,0.058789,-0.107423,-0.076041,0.097695,-0.184312,-0.072139,0.038055,-0.056355,0.039296,0.082046,0.017777,0.176926,-0.052764,-0.037104,0.077286,0.120639,0.014483,0.056270,0.008795,0.102035,-0.010800,-0.020391,0.098583,0.054226,0.185801,-0.066327,0.034752,0.281809,0.237328,-0.213359,0.193523,-0.074587,0.270634,0.127037,-0.159727,0.021855,0.121102,0.139817,0.106571,0.165586,-0.180255,-0.106229,-0.034159,-0.020710,-0.161111,0.295006,-0.021834,-0.143128,-0.020128,0.300405,0.121287,-0.132015,0.085249,0.211288,-0.000129,0.132769,0.344305,0.165738,-0.261199,0.093441,-0.000126,-0.095273,0.099235,0.163864,-0.040762,0.092142,-0.110390,-0.132870,-0.229414,-0.061952,0.087379,-0.042299,-0.000365,-0.085100,-0.031805,0.038664,-0.133803,0.131514,0.048759,0.119656,0.202709,0.128759,0.219089,0.220324,-0.122029,0.013606,-0.095005,-0.156446,0.116595,0.233639,-0.061269,-0.113156,-0.175936,-0.109762,0.138473,0.275570,0.374779,0.060267,-0.152779,0.000259,0.305481,0.282107,-0.150758,-0.234098,-0.232818,0.119626,0.092482,0.199816,0.013972,-0.059772,0.080718,-0.108316,-0.083735,0.277843,0.232084,0.041934,-0.000086,0.076095,0.031840,0.296127,0.101535,0.168660,0.181892,0.126876,0.186399,0.172801,0.028905,0.152824,-0.253452,-0.171982,-0.008443,-0.018686,-0.111653,0.253444,-0.091120,0.070058,-0.051286,-0.154311,#
10,-0.388113,0.105671,0.106764,-0.254138,-0.093809,0.015523,0.448703,-0.327860,-0.192024,-0.127553,1.000000,-0.017339,-0.004286,0.050897,-0.244339,0.287240,0.020433,0.104238,0.132628,-0.299287,-0.115036,0.080306,-0.291431,0.086880,0.049660,-0.032287,-0.116562,0.205667,0.222808,0.022972,-0.043793,-0.029419,-0.071206,-0.042625,-0.254138,-0.148637,-0.035502,-0.152880,-0.402352,-0.168619,0.166892,-0.082474,0.052664,-0.038648,-0.153372,-0.038014,0.142606,0.124489,-0.150983,0.039167,-0.240730,0.070795,0.038219,-0.041625,-0.215515,0.002349,0.064182,0.074558,-0.006928,0.059650,0.110225,0.104345,0.020176,0.119315,0.028255,-0.061606,0.022281,-0.297550,-0.031195,-0.376580,0.054252,0.088269,-0.189713,0.080579,0.105045,0.055510,-0.000082,0.031355,0.326578,-0.082321,-0.077572,-0.260048,0.139709,-0.058622,0.004684,0.036558,0.185476,-0.010811,-0.062191,0.141724,0.024577,0.200410,0.050916,-0.023798,-0.018815,-0.114946,0.215139,-0.135225,-0.085198,0.014978,0.027017,0.079025,0.138645,0.027017,-0.196636,0.133461,0.318659,-0.101074,0.032291,0.170750,0.106838,0.058910,0.056005,0.129853,0.088166,0.156142,-0.022312,0.109726,-0.192929,0.001485,0.203439,0.226841,-0.417035,-0.296517,0.005936,-0.034090,0.147947,0.008821,-0.069135,0.076795,0.069907,0.006387,0.027269,0.143937,0.173752,-0.205430,-0.122161,0.044255,0.129154,0.072704,-0.085187,-0.137218,0.349186,0.260920,0.152374,0.013168,-0.171016,0.055433,0.069108,0.193633,0.112489,0.023940,0.040670,0.064547,-0.073018,0.138271,-0.025837,-0.137666,0.017923,-0.092424,-0.241835,-0.053227,-0.053802,0.200377,-0.310614,0.061478,0.138914,0.037553,0.043417,-0.165810,-0.272500,0.092477,0.073232,-0.126478,0.100497,0.202498,0.041826,0.099244,-0.117525,-0.016784,-0.116946,-0.226351,0.065170,0.205113,-0.027206,0.096319,-0.008964,0.086219,0.016679,0.087725,-0.015212,0.212503,-0.142188,0.323988,-0.053595,-0.079218,0.022230,-0.124553,0.074348,0.111739,#
11,-0.053329,-0.253493,-0.259162,-0.071827,-0.060079,-0.196932,-0.076881,-0.218130,0.325333,-0.089572,-0.017339,1.000000,-0.179529,0.152803,0.107054,-0.057400,-0.195327,-0.061563,-0.118668,-0.050848,-0.075881,0.063444,0.000892,0.055077,-0.114075,0.055099,-0.110089,0.013153,-0.222122,0.024012,0.285547,0.118902,0.033861,-0.003971,-0.146378,0.063633,0.028424,0.156848,0.060382,-0.235500,-0.031913,-0.055804,0.051897,0.038377,-0.052511,-0.293792,-0.088544,-0.195773,0.127398,-0.149824,-0.246403,-0.093264,0.035606,0.078694,-0.040296,-0.045794,-0.138171,0.183521,0.002418,0.300816,-0.007026,0.081006,-0.061739,0.036357,0.011844,-0.135407,0.200066,0.299756,-0.228040,0.205902,-0.334652,-0.005800,0.225428,-0.199453,0.327381,0.181778,0.099970,0.053419,0.116732,-0.037806,-0.124875,-0.154951,0.082757,0.097163,-0.262097,-0.200584,0.195122,0.030567,0.092098,-0.070774,-0.148623,0.046878,-0.031693,0.090086,-0.178423,-0.172511,-0.049079,0.107327,0.054734,0.023696,-0.091917,0.088630,-0.066759,-0.077184,-0.099880,0.086467,-0.014057,0.002842,-0.204288,0.260653,-0.028589,-0.040263,-0.118180,0.168143,-0.040655,-0.167502,-0.022260,0.223294,-0.079867,0.111873,0.180291,-0.156237,-0.039560,0.330369,-0.004394,-0.327005,-0.175070,0.114442,0.317741,0.019168,0.127767,0.042432,0.080019,-0.043515,0.044164,0.231015,-0.044940,0.193843,-0.233183,0.006633,0.001022,-0.366407,0.186632,0.131528,-0.107003,-0.085088,-0.168982,-0.112051,-0.215648,-0.347116,0.107648,-0.089580,-0.023047,0.160821,-0.238380,-0.124394,0.063332,-0.110756,0.032284,0.111278,-0.113733,0.054721,-0.248499,0.105133,0.089285,0.057112,-0.056437,0.135651,-0.065358,-0.135641,-0.074771,0.061097,-0.253381,-0.163322,-0.116584,0.010729,-0.110652,-0.026383,0.059455,0.103366,-0.093941,0.043993,-0.010685,-0.001389,-0.094898,-0.130123,0.026290,-0.143741,-0.123159,0.022369,0.138820,0.147486,0.055257,-0.116242,0.130897,-0.025202,-0.286903,0.173019,-0.033190,0.084749,#
12,0.139602,0.149852,0.219723,0.028198,-0.058550,0.180956,0.075679,0.198093,0.105208,0.077417,-0.004286,-0.179529,1.000000,-0.036211,0.056268,-0.193679,-0.135143,-0.060865,0.084791,-0.183834,0.062849,0.124704,-0.065476,-0.234912,0.348038,-0.154984,0.165231,-0.116790,0.155302,-0.049071,0.131608,-0.275211,-0.013463,0.029582,0.230737,0.144311,-0.103464,-0.126149,-0.272040,-0.005018,0.293331,-0.103274,0.079452,0.228749,-0.027108,-0.004743,0.332184,0.159456,-0.052166,0.398509,-0.064412,0.008005,0.028804,-0.003049,0.175191,-0.086129,-0.113039,-0.159860,0.172977,0.027334,0.044563,0.334406,-0.042348,0.006522,-0.130341,0.047538,-0.092119,-0.072648,0.162312,0.065178,0.170129,0.145496,0.230416,0.061299,-0.016840,0.122364,-0.070445,0.280629,-0.020997,0.410824,0.315348,0.331471,0.063940,-0.180466,0.249115,0.071765,0.019333,0.140579,-0.047806,0.269982,0.323550,-0.056230,0.076410,0.366677,-0.091831,0.178160,0.202863,-0.134605,0.049724,-0.038354,0.204973,-0.116948,0.065951,-0.038435,0.184130,0.187356,0.034156,0.267670,0.008622,-0.154798,0.211878,0.127016,0.023747,-0.037488,0.037782,0.003939,-0.066276,0.149946,0.150380,0.187962,0.225736,0.030585,0.122310,0.202731,0.047057,0.259033,-0.203913,0.150984,-0.005559,0.146576,-0.262034,0.011708,0.165249,-0.121355,0.031072,-0.191600,0.048633,-0.136115,0.255940,-0.176857,-0.131044,-0.080421,-0.333631,0.102711,-0.192189,0.023630,0.203429,0.254084,-0.079365,0.311619,-0.012282,-0.001806,0.015157,-0.030616,0.110476,0.127632,0.199008,0.262284,0.118800,-0.091560,0.103309,0.024778,0.071028,-0.141723,-0.074238,-0.091868,0.116462,0.075744,0.088203,0.018026,0.200491,-0.206122,0.328783,-0.333871,0.193143,0.068454,0.093547,0.194568,-0.420421,-0.039749,0.006350,-0.013565,0.029169,0.177756,-0.040095,0.148214,0.073666,0.024126,-0.154044,-0.234028,-0.014366,-0.136876,-0.028819,0.002939,0.027806,0.032640,-0.063101,-0.077535,-0.068141,0.120359,#
13,-0.271613,0.038394,-0.009518,0.193562,-0.092753,-0.215676,-0.102054,-0.026719,-0.007948,-0.118041,0.050897,0.152803,-0.036211,1.000000,-0.039636,-0.072720,-0.198321,-0.097011,0.058296,-0.204796,0.108755,0.081699,0.070221,0.132085,-0.078047,0.171773,0.027158,0.184538,-0.117439,-0.110044,-0.050076,0.054325,-0.072151,-0.033725,-0.238466,-0.089204,-0.009713,-0.019289,-0.174847,-0.076170,0.220889,0.122555,0.113538,-0.276423,0.127669,0.166880,-0.174905,-0.010320,0.032952,-0.116327,-0.271548,-0.038004,0.055174,-0.010512,-0.107339,-0.257153,0.012008,0.164549,0.177262,0.107338,-0.130743,0.310843,-0.253260,-0.182542,-0.019614,-0.009237,0.351394,0.186028,-0.168918,-0.021846,-0.245653,-0.189221,0.111441,0.054595,-0.074639,0.246229,0.102441,-0.166052,-0.047256,0.081261,-0.065527,0.038821,-0.015376,0.123815,-0.281041,0.092093,-0.044836,0.320123,0.251508,-0.055001,0.055701,0.212236,0.276776,-0.075089,-0.087222,-0.054745,-0.059540,-0.041621,-0.027224,0.151621,0.006195,-0.238117,-0.032027,-0.031504,-0.158322,-0.035279,-0.043645,0.024967,-0.141335,-0.196033,-0.171447,0.013736,-0.040323,0.009282,0.428218,0.060258,0.089203,0.025340,-0.158528,-0.115579,0.115352,-0.026641,0.132327,0.157320,-0.039427,-0.061576,-0.042742,0.026405,0.094894,0.322482,-0.127419,-0.212867,-0.081816,0.118884,0.017688,0.147653,0.229106,-0.059784,0.190307,0.128368,-0.076407,-0.079650,-0.135262,0.155573,-0.077968,0.033897,0.109872,0.113220,0.108945,-0.052308,-0.224613,-0.168879,0.008926,0.169230,-0.002266,-0.013105,-0.089312,-0.222952,-0.082904,-0.034958,-0.011365,-0.021709,0.102278,-0.101778,-0.188159,0.061044,0.212908,0.233858,-0.150528,0.018254,-0.058652,0.019132,-0.178993,0.160729,0.184796,0.089063,0.037094,-0.156357,-0.061814,-0.031995,0.069569,-0.046696,0.043962,0.170141,-0.231525,0.112474,-0.078168,-0.280576,-0.178791,0.053076,0.116072,-0.120348,0.034567,0.186703,-0.024407,-0.036811,-0.232234,0.337570,0.114239,0.128159,#
14,0.312972,-0.325712,-0.189243,-0.156625,0.071806,-0.080751,-0.282449,0.059518,0.052864,0.019547,-0.244339,0.107054,0.056268,-0.039636,1.000000,-0.161033,-0.108802,0.205396,-0.235277,0.150999,-0.209790,0.036000,0.033992,0.110782,-0.088955,-0.092104,0.034777,0.225801,-0.048475,0.015650,0.372539,-0.016038,0.026891,0.006560,-0.000808,-0.058087,0.209326,-0.042062,0.220971,-0.107047,-0.076432,0.005061,-0.198057,-0.022918,-0.030013,0.096157,0.144264,-0.135169,0.023040,-0.058482,-0.063078,0.023098,0.131187,-0.170472,-0.029702,0.046602,0.279207,0.083979,0.250229,-0.238337,-0.001791,-0.154843,0.115068,-0.030866,-0.102066,-0.020370,-0.060049,-0.053351,-0.118385,-0.133232,0.099527,-0.006531,0.191458,-0.011407,0.113639,0.304143,-0.156230,-0.142105,-0.265876,-0.059262,0.055354,0.013781,0.140998,0.193382,-0.176064,-0.094264,0.101070,0.132898,-0.057099,0.275928,0.152838,-0.099860,0.058086,0.199190,-0.079363,-0.020096,-0.175092,-0.018316,-0.118023,-0.043803,-0.241376,-0.050250,0.009258,-0.065341,-0.041920,-0.021436,0.023248,-0.216525,0.149539,-0.049853,-0.140800,0.076439,0.186763,0.011789,0.040219,-0.198372,-0.085893,-0.176726,0.060857,0.060325,0.099764,-0.147856,0.285477,0.268855,0.043654,-0.152266,-0.227576,0.006411,0.027459,-0.015487,0.050987,-0.080080,-0.096922,0.054016,-0.085062,-0.211908,0.131316,0.071166,-0.057870,0.055526,0.050703,0.209207,0.083923,0.330770,0.150492,0.073914,0.039363,-0.051459,0.017791,-0.067770,0.299076,-0.198655,0.234666,-0.245087,-0.004146,-0.123425,0.085175,-0.005139,0.112809,0.135646,-0.111451,0.005396,-0.085049,-0.155773,0.298056,0.134223,-0.005052,0.122564,0.107089,-0.054082,0.111234,-0.243892,-0.129387,0.023625,-0.239222,-0.084570,-0.215982,0.089142,0.099846,0.053279,0.010510,0.080404,-0.068375,-0.092921,-0.080208,0.046783,-0.089719,-0.030064,-0.116254,0.101449,0.083350,0.091515,-0.028263,-0.182736,-0.193489,-0.113234,-0.212955,-0.009782,-0.314245,-0.148336,#
15,-0.161864,-0.038122,-0.053421,-0.263612,-0.225879,-0.021589,0.447183,-0.058684,0.033397,-0.096663,0.287240,-0.057400,-0.193679,-0.072720,-0.161033,1.000000,0.333472,0.059671,0.208262,-0.094218,-0.158378,-0.189795,-0.294830,0.213081,0.035081,0.153367,-0.118602,0.181828,-0.100563,-0.286249,0.007345,0.121614,-0.039704,0.267582,0.043050,-0.136973,-0.018755,0.054824,-0.206357,-0.103112,0.075460,-0.158797,0.086303,-0.086692,-0.256870,0.097674,0.238606,0.200423,-0.067781,0.083277,-0.179432,0.111113,-0.009092,-0.014541,-0.015877,0.132574,0.143505,0.039148,-0.261697,0.236723,0.202345,0.064381,0.108868,0.080163,0.073946,-0.245555,-0.043419,0.029813,-0.124092,-0.080580,0.097937,0.006059,-0.125981,0.133332,-0.004523,-0.260809,-0.199527,0.111537,0.212796,-0.029165,-0.172671,0.076453,-0.045938,0.229764,0.038223,0.093100,0.012896,-0.061120,-0.219980,-0.273299,-0.110483,0.142163,-0.046053,-0.050111,-0.159660,-0.044779,0.083426,0.134639,0.009471,-0.086732,-0.015300,0.239528,-0.159945,0.105058,0.116109,-0.062481,0.170558,-0.021093,-0.004733,0.165633,-0.221244,-0.025901,0.105912,-0.145155,0.168757,0.237107,-0.044598,-0.178445,-0.036847,-0.059881,-0.133048,0.171556,-0.034891,-0.083975,-0.083576,-0.100781,0.033238,0.131182,0.001480,0.054094,0.212253,0.173571,-0.086449,-0.113280,0.023693,-0.032509,0.053231,-0.070259,0.012390,0.213456,0.160036,-0.136509,0.143534,0.046746,-0.020433,0.041357,0.080080,-0.095333,0.003491,0.012173,0.101702,0.302441,0.238512,-0.063650,0.044495,0.191526,-0.265672,-0.149503,0.164971,-0.001004,-0.005238,-0.093786,-0.018413,0.234103,-0.117587,0.015490,-0.024002,0.044750,0.107062,0.121310,-0.172507,0.287200,-0.085839,0.181769,0.074581,-0.084328,0.002317,0.044469,0.125785,-0.053185,0.025966,-0.189916,0.003861,0.007983,0.129661,-0.083393,-0.111774,-0.083919,0.203849,0.168667,-0.011685,0.125742,-0.207539,0.278903,0.005568,0.177670,-0.096740,0.009895,0.165000,-0.066849,#
16,0.116833,0.123928,0.038203,0.192874,-0.054068,0.099747,0.260061,-0.066683,0.006391,-0.096262,0.020433,-0.195327,-0.135143,-0.198321,-0.108802,0.333472,1.000000,0.080480,0.284791,0.145838,0.168629,-0.505842,0.120384,-0.192268,-0.081933,0.134165,-0.163964,0.190762,-0.058805,-0.026736,0.186377,0.354150,0.144529,0.033400,0.067179,-0.011299,-0.020888,0.125377,0.050784,0.154788,-0.029055,-0.218528,0.039849,-0.147801,0.022649,-0.009906,0.115615,0.005779,-0.200927,0.060465,0.128053,-0.014982,-0.070584,-0.019355,0.003941,0.251657,0.008747,0.214315,-0.133553,0.075863,0.040677,-0.122238,0.174617,0.109621,0.159409,0.165307,-0.148116,0.293548,0.146986,-0.015489,0.160863,-0.150180,-0.155205,0.011765,-0.037801,-0.099161,-0.008810,0.108755,0.117292,0.206821,0.160014,-0.023844,0.082158,-0.044493,-0.063449,-0.078054,-0.155398,-0.041037,-0.096452,-0.119480,-0.350654,-0.052081,0.097228,-0.243269,-0.002108,0.201359,-0.116118,0.074180,-0.178872,0.177898,-0.048814,0.046817,0.144033,0.191184,0.173538,-0.180990,-0.056762,-0.007156,0.366106,0.111314,-0.040198,-0.039617,0.108897,0.106252,0.085026,0.084263,0.127341,-0.172337,-0.136080,0.070706,-0.216761,0.057113,-0.029835,-0.069641,0.106534,0.106613,0.256913,0.030916,-0.154997,-0.146691,0.111522,0.144941,0.151925,0.143440,-0.107513,0.012626,0.071519,-0.096457,0.076208,-0.042424,-0.202176,0.013993,0.058508,-0.126350,0.041169,-0.076508,0.172658,0.116665,0.024751,-0.216011,0.134331,0.052039,-0.207888,0.000523,-0.108566,0.087345,-0.390748,-0.134359,-0.106834,0.081465,0.106876,-0.104041,0.145260,0.142730,0.219813,-0.089391,-0.083403,0.106159,0.129816,0.194413,-0.277703,0.222540,-0.126543,0.127415,-0.000910,-0.131806,0.112664,0.065490,0.318293,0.148159,-0.006668,0.035204,-0.172489,0.180294,0.041011,-0.143041,0.001488,-0.008947,0.101387,0.052138,0.035334,0.245739,-0.136664,0.164895,0.155962,0.262889,0.039335,-0.168224,0.008288,0.114389,#
17,-0.072642,0.119723,0.172523,0.093040,0.062608,0.103645,0.253724,0.226140,-0.116271,0.226419,0.104238,-0.061563,-0.060865,-0.097011,0.205396,0.059671,0.080480,1.000000,0.057514,0.077937,-0.042683,-0.055022,-0.034995,-0.063578,0.261005,-0.137353,-0.154222,0.157483,0.005834,0.009385,0.038454,0.266840,-0.151336,-0.172979,-0.152617,-0.374331,-0.154109,0.243077,0.259239,0.044198,0.312763,0.106162,-0.054339,0.076000,0.045831,0.216325,0.115384,0.142680,0.041117,0.128248,-0.111355,-0.058921,0.152173,-0.102078,0.189300,0.104339,0.044918,-0.045466,0.156742,0.010940,0.258105,-0.065925,0.226823,-0.049644,-0.106111,0.000025,0.268283,-0.222724,0.016563,-0.086819,0.265224,-0.009915,0.025519,0.226353,-0.010792,-0.038863,-0.206825,0.143383,0.276566,0.093284,-0.066150,0.268633,-0.071254,0.262228,-0.080725,-0.080854,0.252324,-0.168960,-0.163368,0.190413,0.142716,-0.025704,0.183703,0.081161,0.207470,0.204728,0.017485,-0.065404,0.093181,0.415353,-0.221447,-0.053140,-0.092945,-0.221447,-0.060507,0.154292,-0.033976,0.117849,0.008354,-0.088486,0.054067,-0.085435,0.251875,0.167145,0.305834,0.043160,-0.152679,0.103900,0.037501,0.192567,0.034038,-0.041965,-0.169207,0.015437,0.054012,-0.037880,-0.040977,0.219864,0.108019,0.014970,-0.007693,0.272038,0.064460,0.064864,-0.033642,-0.141590,0.120005,0.047446,-0.041818,0.214402,0.050347,0.041122,0.190434,0.044331,0.147553,0.019103,-0.191815,0.027562,-0.101648,-0.046659,0.161381,-0.048959,-0.031204,0.107197,0.006430,0.151418,0.020959,-0.287449,0.047662,0.028598,-0.098246,0.025464,0.114334,0.087755,-0.105371,-0.185957,-0.053290,0.074258,-0.020014,-0.061973,0.123981,-0.024455,-0.149201,-0.161948,0.008550,0.141749,0.065856,0.142220,0.183873,0.149090,-0.103238,-0.036491,-0.145260,0.014215,-0.023952,-0.100343,0.217006,0.107255,0.055966,-0.090922,-0.077805,0.136059,-0.045884,-0.063273,-0.254514,0.177462,-0.073718,-0.171659,-0.165632,-0.085758,#
18,-0.060958,0.219782,0.280370,-0.115830,-0.216568,0.176025,0.170189,0.104908,-0.103206,-0.283242,0.132628,-0.118668,0.084791,0.058296,-0.235277,0.208262,0.284791,0.057514,1.000000,0.160492,0.127727,0.093015,-0.096306,0.070348,-0.031133,0.027264,-0.064585,-0.106132,0.048008,-0.064494,-0.035011,0.177716,-0.015620,0.057870,0.169038,0.088053,-0.075313,0.339819,0.012491,-0.038350,0.350845,-0.182241,0.322665,-0.148957,-0.051649,0.020520,0.222562,0.229853,-0.009837,-0.038317,-0.034777,0.070313,0.172684,0.058210,0.156645,0.139637,-0.094082,0.073717,0.127095,0.141169,0.197692,0.166825,-0.110960,-0.039165,0.123530,0.007111,0.240293,-0.054311,0.104151,0.272739,0.119402,0.002533,-0.086146,0.167793,-0.096584,-0.109540,-0.205477,0.224356,-0.006472,-0.120286,0.128300,-0.100306,0.193411,-0.021825,0.189582,0.365098,-0.334915,0.091771,0.097017,-0.046806,-0.038062,0.146949,-0.006212,0.106432,0.125902,-0.006753,0.031407,0.043713,0.131639,0.151886,0.050825,-0.031671,0.058692,0.007947,0.294766,0.185367,-0.200202,0.251080,0.151762,-0.041458,0.087086,-0.057796,0.045094,-0.037992,0.083954,-0.066513,-0.004460,-0.210803,0.132101,0.166216,0.115490,-0.170263,-0.085052,-0.029866,0.149948,0.012959,0.055619,0.248855,-0.025756,0.034279,-0.007430,0.055850,0.022686,-0.156669,-0.144337,0.031122,0.133268,0.021493,0.199449,-0.150716,-0.201655,0.090777,-0.202960,-0.201912,0.072129,0.057064,0.143362,0.123180,0.033917,0.022889,-0.019664,-0.023743,0.018672,0.223810,0.071171,0.380289,-0.008098,-0.315426,-0.231277,-0.189004,0.107333,-0.098119,0.082113,-0.054399,0.081685,-0.045625,0.033602,-0.018319,-0.125798,0.183016,0.153247,0.175186,-0.047919,0.087482,0.144867,-0.015838,-0.046077,0.049022,0.016368,0.026143,0.125400,-0.124035,-0.179857,0.063644,0.033510,-0.321861,0.007912,0.001692,-0.164250,0.010298,0.012981,0.219113,-0.083570,0.086404,0.193149,0.218768,0.017919,0.059082,0.079845,0.243296,#
19,0.225437,-0.251326,0.027384,0.118928,0.032777,0.195370,-0.281563,0.025470,0.159341,-0.078922,-0.299287,-0.050848,-0.183834,-0.204796,0.150999,-0.094218,0.145838,0.077937,0.160492,1.000000,0.020095,-0.206447,-0.091859,-0.133978,0.052316,0.001634,0.086277,0.118551,-0.217821,0.068787,-0.076896,0.162571,0.168414,-0.018124,0.136429,0.083095,0.188835,0.133525,0.212587,0.015620,0.019682,-0.099754,-0.107274,0.049541,-0.151778,-0.123031,-0.146902,-0.093560,0.155639,0.111995,0.250254,0.066218,0.273792,0.098952,-0.042675,0.164785,-0.080899,-0.143566,-0.041147,-0.011385,-0.055941,0.011032,0.037565,0.147333,0.216281,-0.080857,0.171541,-0.021414,0.161420,0.201543,0.080981,-0.187491,0.010080,0.064248,-0.176457,-0.004503,-0.136117,-0.038333,0.017069,-0.180435,0.237132,-0.173301,-0.080145,0.003316,0.196060,0.031198,-0.156515,-0.055269,0.012673,-0.041815,0.055412,0.064070,-0.163665,-0.179665,-0.026000,-0.090533,-0.164517,0.167592,0.059558,0.215103,-0.293593,-0.143231,0.123416,-0.112814,-0.173164,-0.170977,-0.183689,-0.024544,-0.135837,-0.086516,-0.060148,-0.115177,0.019207,-0.118325,-0.297498,-0.284540,0.011296,-0.080454,0.144388,-0.044435,-0.123102,-0.232988,0.126881,0.000372,-0.027092,0.027162,-0.042557,0.229218,-0.086076,-0.208264,0.198522,0.195467,0.117673,-0.017636,-0.316985,-0.026091,-0.216714,0.080913,-0.151535,-0.223282,-0.041205,-0.031642,-0.284445,-0.325667,0.051945,-0.021188,0.024066,0.072939,0.049144,-0.134048,0.072224,-0.204805,-0.063997,0.026684,0.075717,-0.032165,0.185104,-0.289700,0.035357,-0.178623,0.266492,0.112279,-0.270057,0.197990,0.406432,0.387622,-0.155945,0.009165,-0.068899,0.026200,-0.016684,0.212233,-0.095746,0.130495,0.026610,-0.243773,0.017259,-0.032088,0.113679,0.073269,0.113830,0.073500,-0.056842,-0.089184,0.042047,-0.070466,-0.067250,0.113997,0.062463,0.221519,0.057753,0.095241,-0.183458,-0.211148,-0.141858,-0.019741,0.027126,-0.112285,0.050122,-0.107978,#
20,-0.099983,0.356215,0.102603,0.359052,0.145960,-0.053542,-0.199195,0.148413,0.164093,0.052346,-0.115036,-0.075881,0.062849,0.108755,-0.209790,-0.158378,0.168629,-0.042683,0.127727,0.020095,1.000000,0.005745,0.009895,0.179743,0.008601,0.263691,-0.277307,0.102000,0.052957,-0.003812,0.101913,0.167655,0.326921,-0.036356,0.007574,0.256520,-0.141032,-0.015034,-0.047606,0.178055,0.051939,-0.048693,-0.071232,-0.340123,0.369885,0.006567,0.075349,0.055468,-0.094145,0.203761,0.120699,0.058266,0.057925,0.046961,0.201636,-0.138480,-0.300441,-0.071430,0.114398,0.060996,0.021953,0.030905,0.090806,0.168862,-0.119130,0.334501,0.108093,0.119765,0.019516,-0.059373,0.153747,0.086105,0.344670,0.204706,-0.211955,-0.087126,0.274033,0.034574,0.140786,0.026254,0.045540,0.097874,0.098807,-0.222397,0.080847,0.309023,0.100880,0.266448,-0.048733,-0.017374,0.077756,0.085487,0.054692,-0.080742,0.103720,0.084089,0.029509,-0.009568,0.084956,0.023638,0.189712,-0.058891,0.328141,0.216728,-0.010389,0.299445,0.120210,-0.078857,0.075570,0.209664,0.057546,0.064255,-0.053765,0.007124,0.040923,-0.137910,0.187571,-0.099135,0.024412,-0.165318,-0.143443,0.102854,0.052311,0.169787,0.158884,0.188718,0.116037,0.063290,-0.048717,0.078141,0.046216,0.120249,0.267951,0.098138,-0.038982,0.163494,-0.002673,0.067975,0.122552,0.024901,0.033129,0.230289,-0.140543,-0.105305,-0.026777,-0.110541,-0.007900,0.023767,-0.032200,-0.110707,0.037543,-0.084507,-0.113790,0.259031,0.011179,0.237956,0.045893,0.221411,-0.033926,0.020739,0.342986,0.084895,0.183423,0.075086,-0.129630,0.048592,0.032715,0.194139,0.104286,-0.114870,0.124795,-0.164359,-0.103624,-0.014060,0.078172,0.012400,0.013547,0.150668,0.082417,0.209059,0.141377,0.224582,0.085881,0.216031,0.023588,0.158637,-0.027682,-0.176523,0.089908,0.048462,0.130877,0.192316,0.184042,0.211547,0.222410,0.290426,0.151450,0.022792,-0.052603,0.015557,#
