0,1.000000,-0.080714,-0.171794,0.187587,0.166464,0.095871,-0.053443,-0.120836,0.094894,-0.109744,-0.083389,-0.156328,0.096194,-0.241896,0.195649,0.350718,0.097044,0.276593,0.253963,0.067627,0.029797,-0.032982,0.397690,0.304053,-0.012565,0.080348,0.131369,-0.168845,-0.004920,0.034263,0.016434,0.208789,0.158303,0.306504,0.155769,-0.042315,0.044235,0.239789,0.151100,0.255881,0.017427,0.166994,0.118068,0.183825,0.073454,-0.052646,-0.011854,0.243423,0.040778,0.271424,0.013311,-0.051763,0.036354,0.133749,0.208672,0.152672,0.287519,0.114916,0.042589,0.083821,0.022342,0.072376,0.240837,-0.093389,-0.028072,-0.071624,-0.025606,0.142941,-0.078763,0.145949,0.162581,0.003514,0.060203,0.191988,0.058550,-0.248410,0.237083,0.141291,0.059556,0.081443,-0.134909,0.050153,0.078939,0.199528,0.164411,0.017559,0.184769,0.086806,0.245769,0.360348,0.200644,0.046600,0.100546,0.037960,0.016636,0.228244,-0.035603,-0.098685,-0.048165,0.125815,0.175755,0.093893,-0.167308,-0.025015,0.223320,0.205859,0.314508,0.168487,0.122579,-0.154163,-0.042140,0.043717,-0.150197,-0.081326,0.217053,0.044540,-0.055582,-0.209778,0.155185,0.015971,0.120868,-0.010075,0.117803,0.064406,0.077844,0.074914,0.114917,-0.084577,0.089971,0.196405,0.164936,0.084961,-0.145965,-0.066038,-0.086217,0.212791,0.043054,0.086016,-0.105862,-0.001435,0.256370,0.224226,0.009027,0.160566,-0.041877,0.100324,0.193751,-0.053911,0.131707,0.107672,-0.121873,-0.093573,-0.144532,-0.001094,0.032072,0.389635,0.159749,0.026084,-0.014110,0.096187,0.047503,0.006903,-0.030056,-0.139620,0.098503,0.406973,-0.180736,0.337387,0.274287,0.034196,-0.011233,-0.301478,0.187020,0.059699,-0.034988,0.125635,0.243174,0.067438,-0.001671,0.037706,0.336826,0.018245,0.044799,0.037197,0.087920,-0.043513,0.272723,0.372506,0.136027,-0.084418,-0.066004,0.137888,-0.063061,0.003768,0.049441,-0.015212,-0.003498,0.243972,0.145763,0.018253,#
1,-0.080714,1.000000,0.233367,0.122924,0.082408,0.023268,0.287970,0.081971,0.178551,-0.057384,0.155539,0.241631,0.017169,0.096893,-0.000719,-0.068384,0.084950,0.114314,-0.128110,0.019248,0.226386,0.167291,0.032984,-0.267604,0.080182,0.081963,0.201594,0.219507,-0.333441,0.125702,0.063723,-0.037945,-0.048973,0.060153,-0.122223,0.284326,-0.003654,-0.016645,0.175858,-0.131626,-0.087047,-0.121377,0.150428,0.045936,0.120516,-0.057927,0.388681,-0.024362,-0.045964,-0.237631,0.020172,-0.183852,0.321984,0.192275,0.055354,0.132271,0.113536,-0.107163,0.025406,-0.052575,0.021006,0.076259,0.153721,-0.011106,-0.204599,-0.068101,-0.052887,0.182519,0.041174,0.111539,0.065193,0.087219,0.190393,-0.076361,0.095292,-0.005632,0.072681,0.139621,0.133759,0.045403,0.103690,0.128298,0.009809,0.034113,0.136827,-0.178290,0.159963,0.117011,0.069730,-0.052226,0.072434,0.000225,-0.043135,0.099294,-0.073969,-0.007632,-0.033285,-0.022906,-0.038166,0.084170,0.134641,0.156983,0.171702,0.008427,-0.010075,0.045142,0.098529,0.145982,0.046240,0.084813,0.029853,0.053640,-0.086700,-0.159075,0.139594,0.292542,0.312716,-0.066887,-0.031800,0.030975,-0.210266,-0.003861,0.033535,0.052904,-0.071051,-0.155519,0.195688,-0.038455,0.091766,0.207024,0.022336,0.114868,-0.067757,0.128942,0.115688,-0.015265,0.223195,0.075009,0.198334,0.195436,0.080222,0.108819,0.212272,0.306140,0.379966,0.076920,-0.035141,-0.128856,0.149129,0.060487,0.042511,0.002026,-0.161572,-0.180886,0.111804,0.118939,-0.168383,-0.039420,-0.366033,-0.322925,-0.028006,0.057800,0.178409,0.203451,0.142785,-0.236104,-0.145266,-0.059903,-0.025123,0.241074,0.114343,0.132710,0.138674,-0.212976,-0.056020,-0.054682,-0.019317,0.100312,0.118375,-0.025823,0.072844,0.016816,0.005191,0.013981,0.171682,-0.070121,0.022416,-0.019800,-0.044329,0.137440,0.164505,-0.016204,-0.218784,0.172312,0.159235,0.097862,-0.274278,0.021867,-0.102962,0.304149,#
2,-0.171794,0.233367,1.000000,-0.139387,0.080237,0.127410,0.204113,0.094782,0.180251,-0.035028,0.392666,0.338493,0.023923,0.104370,-0.230369,0.127549,-0.080256,-0.047573,-0.099975,-0.090580,0.068771,0.126818,-0.272830,-0.189354,0.076949,0.176089,0.036476,0.090128,-0.155976,-0.054957,-0.020978,0.029832,-0.082700,-0.092972,-0.095035,0.024980,0.075345,-0.119548,-0.088741,-0.306908,-0.021456,0.052137,0.170442,0.012383,0.222252,-0.297432,0.124500,-0.047670,0.118642,-0.003497,0.032700,0.225977,-0.052865,0.039243,0.027903,-0.058920,0.019692,-0.004840,0.234547,0.235978,0.224627,0.026383,-0.182733,0.177336,0.040574,0.099224,0.164907,0.180396,0.169716,-0.034660,-0.148127,0.227387,-0.122354,0.014792,0.149669,0.070736,0.101745,-0.012514,0.070140,-0.076057,-0.011469,-0.194152,-0.137818,-0.060788,0.129246,0.013464,-0.083821,0.095679,0.003128,-0.011969,-0.159297,0.123889,0.051924,0.292076,-0.176272,0.194745,-0.063324,0.082723,0.184166,0.162990,-0.173750,0.146145,-0.232735,0.065494,-0.202656,0.004256,-0.048440,0.223535,0.153559,0.206998,0.120107,0.271896,0.035648,-0.076005,0.046775,0.313255,0.130083,-0.144412,-0.278752,0.153639,0.005858,-0.167187,-0.076836,-0.114121,-0.009227,-0.139003,0.180393,0.052065,0.037644,0.058387,-0.152994,0.099928,-0.012394,0.056623,0.106897,0.024290,-0.029192,0.060868,0.225743,-0.138888,0.166711,0.076187,0.087726,-0.101240,0.336878,-0.223465,-0.337583,-0.220163,0.183385,-0.239099,0.127521,0.051169,0.282917,0.019982,-0.066520,-0.023490,0.068025,-0.274718,-0.146719,0.023070,-0.048458,0.040576,0.109666,0.138412,0.022503,0.279716,0.085554,-0.002767,-0.125807,0.005331,-0.115685,0.406603,0.038584,-0.032511,0.183215,-0.258535,0.054257,0.207306,-0.240337,0.050425,0.289695,0.070911,-0.222475,0.196659,0.086214,0.231306,-0.049319,-0.110821,-0.006888,-0.232981,0.021740,0.023705,0.107416,0.019371,0.144306,-0.112714,-0.266418,-0.045597,0.061649,0.175017,#
3,0.187587,0.122924,-0.139387,1.000000,0.019107,0.070957,0.150705,0.106626,0.311730,-0.011347,0.247628,0.003855,0.113383,-0.165008,0.218122,0.135398,0.213725,0.365869,0.135245,0.152406,0.168808,0.004560,0.259038,0.243027,0.078425,0.122547,0.083385,0.021138,0.172728,0.071127,-0.035278,0.133330,0.489365,0.245091,-0.117196,-0.013501,0.044379,0.360024,0.277224,0.148116,-0.045479,0.196509,0.267766,0.222689,-0.010819,0.091792,0.005341,0.200796,-0.011063,0.062944,0.055608,0.256692,0.247041,-0.067439,0.087399,0.110546,0.024707,-0.082548,-0.100568,0.198102,0.166355,0.255614,0.080149,0.010646,0.304943,0.149283,-0.044944,-0.103678,0.033417,0.290948,-0.104977,0.129265,0.269655,-0.041163,0.104730,0.085081,0.049672,0.065856,0.023370,-0.212977,0.221559,0.052468,0.225813,0.075044,0.241766,0.003462,0.034076,-0.025937,0.231484,0.163785,-0.001591,0.059395,0.092422,-0.040487,0.024946,-0.002488,0.067072,-0.203769,0.285705,0.106744,0.066050,0.007132,0.087175,0.002539,0.133767,0.009798,0.255125,0.217587,-0.065125,0.086314,0.056654,0.144141,-0.075166,-0.138024,0.095606,-0.021507,0.143732,0.100434,-0.102211,0.178787,0.046994,-0.036926,0.011178,0.297894,0.062928,0.136652,0.269697,0.239948,-0.194238,0.122233,0.287922,0.032628,0.056931,0.249085,0.065541,0.209978,0.043033,0.094926,0.165476,-0.072421,0.177703,0.231405,0.110945,-0.058121,0.072451,-0.068818,0.263422,0.189218,0.074424,0.210120,-0.003988,0.088118,0.048968,0.038791,0.204474,0.085313,-0.067789,0.187287,0.069841,0.128592,0.167821,0.024272,0.312299,0.194826,0.055221,0.091735,-0.103784,0.106654,-0.176031,-0.106464,0.162983,-0.061491,0.005560,-0.192252,-0.013642,0.048492,0.236538,-0.004937,-0.019182,0.168747,0.101712,0.321214,0.153576,-0.333672,-0.266498,0.102486,-0.011606,0.101398,0.124685,0.063072,0.167143,0.053253,0.015873,-0.194546,0.132895,0.132606,0.225788,-0.079415,-0.154861,-0.033671,#
4,0.166464,0.082408,0.080237,0.019107,1.000000,0.183599,-0.082074,0.038125,0.192849,-0.023865,0.088133,-0.055003,-0.153939,-0.162262,0.019540,0.062332,-0.202364,0.154070,0.016206,0.189618,0.258184,-0.081443,0.156225,0.090034,-0.013842,0.106843,-0.018685,-0.137674,0.170461,0.041102,0.051539,-0.059169,-0.085409,0.049612,-0.055626,0.209507,0.359434,0.025544,0.008453,0.041694,0.027277,0.450502,0.051704,-0.139622,0.076660,-0.060551,0.218794,0.065146,0.091085,0.083839,-0.056092,0.124898,0.061669,0.100077,0.382692,0.318052,0.093722,0.026914,0.065125,-0.013627,-0.121700,0.144493,0.006136,0.003276,-0.047164,-0.226761,0.067037,0.051273,-0.100060,0.103011,0.061654,0.132847,0.082377,0.210466,-0.098986,-0.097718,0.102696,0.214147,0.063480,0.059745,0.169928,0.106699,0.043989,-0.057715,0.347342,-0.063580,0.020722,0.066136,0.040752,0.223936,0.307337,-0.030056,0.132651,0.039394,0.132596,0.180569,-0.091518,-0.013378,-0.233178,0.000692,-0.146855,0.038833,0.135820,0.062053,-0.014200,0.164424,-0.011777,0.251990,0.188643,0.159615,0.116214,0.286117,0.153174,0.143281,0.166201,-0.048905,0.113059,-0.005232,-0.068589,0.167167,-0.031759,-0.019727,-0.015058,-0.109875,0.228759,-0.014643,0.216017,0.090462,0.118400,-0.000651,0.254485,0.104785,0.000396,0.014049,-0.022242,0.060356,-0.022372,0.133779,0.156397,0.111154,0.321916,0.006142,0.089518,-0.053466,0.249118,0.213832,0.058963,0.318767,0.051318,-0.180534,0.087622,0.197997,0.063152,0.263803,0.321762,-0.044407,0.271052,0.047846,-0.224088,0.088694,0.138661,-0.087839,-0.098247,-0.249527,-0.142077,0.048711,-0.027791,0.109760,-0.027308,0.031316,-0.089428,-0.103848,0.360555,0.215466,0.150792,0.104679,0.131489,0.182558,0.051648,0.237369,0.044902,-0.086675,0.218104,-0.037891,0.180011,0.104936,-0.278229,0.155574,0.202057,0.262584,-0.021833,0.250945,-0.068714,-0.068004,0.266614,0.033708,0.119098,0.059708,0.041975,0.260797,#
5,0.095871,0.023268,0.127410,0.070957,0.183599,1.000000,0.074546,0.174035,0.151076,0.201434,0.122747,0.107465,0.209655,-0.072910,0.138531,-0.078923,-0.068645,-0.016353,-0.141191,0.211887,-0.001830,0.029980,0.134202,-0.198746,0.165047,0.018573,0.088761,0.131880,0.121861,0.088340,0.214965,0.006712,0.149274,0.103925,-0.008341,0.162348,0.169339,-0.056027,0.023950,0.110648,0.215669,0.095295,0.227071,0.007858,0.006603,-0.046450,0.072838,-0.151756,0.232855,-0.106475,0.168339,0.130232,-0.008733,-0.193217,0.359744,0.159293,0.060021,-0.099948,0.328326,-0.014782,-0.020917,0.015556,0.133457,0.153974,0.263939,0.020225,0.047001,0.053361,0.069827,-0.183837,0.121097,0.068203,0.204567,0.352342,-0.022936,-0.065085,0.126599,-0.077354,0.165041,-0.013922,0.032477,0.015743,0.288563,-0.113944,0.138387,-0.085975,0.053447,0.025520,-0.006138,-0.158383,-0.042399,0.114301,0.210486,0.368806,-0.129151,0.309722,-0.115219,0.067692,-0.042511,-0.032832,-0.172903,0.061563,-0.156284,0.023442,-0.045123,0.235814,0.198522,0.220687,0.075117,-0.010434,0.100277,0.102771,-0.167585,-0.093430,0.032854,0.099370,0.095824,0.155557,-0.194812,0.049519,-0.183924,0.075998,-0.056537,-0.046478,-0.131236,-0.076584,-0.005750,-0.248168,0.270787,0.088150,0.303723,-0.066147,0.116056,0.196110,0.214831,0.193650,0.037818,0.144694,-0.129443,-0.231661,0.038730,0.212409,0.104353,0.021228,0.150941,0.081887,0.176019,0.135425,-0.000365,0.044808,0.295560,0.146578,0.321298,0.064416,0.074510,0.091312,0.014883,-0.033221,-0.016454,-0.074428,0.212274,-0.114227,0.250649,0.141556,0.009485,0.072462,-0.012861,0.315030,0.142464,0.111551,0.325096,-0.005777,0.408976,-0.091599,-0.131281,0.128191,0.170248,-0.008810,0.076936,0.114090,0.096542,-0.075624,0.234511,0.140524,-0.118315,0.039851,0.175450,-0.007112,0.186629,-0.084848,0.054062,0.190119,0.058039,-0.030257,0.330840,-0.163290,-0.194379,0.143879,0.110049,0.394072,#
6,-0.053443,0.287970,0.204113,0.150705,-0.082074,0.074546,1.000000,0.131688,0.243551,0.067834,0.090143,0.145595,-0.124701,0.059798,-0.115409,0.089540,-0.084839,-0.065624,0.045119,-0.181617,0.017930,0.219975,0.011766,-0.128603,0.097843,0.020213,-0.027072,0.095106,-0.035384,0.011105,0.085818,0.118836,-0.043264,0.076744,-0.202249,-0.129285,-0.175108,0.145276,-0.108541,-0.071926,-0.236650,-0.085933,0.038196,0.148078,0.046422,-0.173653,-0.051985,-0.065269,0.078484,-0.125946,-0.030034,-0.140942,0.008042,0.028968,-0.114141,0.020838,-0.082908,-0.090856,0.181677,0.249798,0.209065,-0.125306,0.232955,-0.204199,0.002157,0.295658,-0.121805,0.117064,-0.062163,0.069420,-0.015743,0.054212,-0.082351,0.189155,0.235188,-0.090725,0.220556,0.101293,0.103229,-0.187579,-0.101359,-0.254352,0.130780,0.041671,0.079725,0.062129,0.055824,0.147734,-0.122583,-0.012462,0.005873,-0.130744,-0.009759,0.031087,-0.054344,-0.010806,0.037282,-0.057704,0.162775,0.185487,0.026632,0.307000,0.054162,0.055462,-0.285243,0.283622,0.244265,0.053439,0.261875,0.121561,0.049787,0.124772,-0.118089,-0.346927,0.000075,0.243309,0.063828,-0.064685,-0.096191,-0.047467,0.035293,0.073632,-0.168710,0.037598,-0.145222,-0.077230,0.043174,-0.021492,-0.205186,-0.002644,-0.071331,0.048601,0.003067,0.076259,-0.115562,0.157423,-0.030826,-0.059982,-0.063209,0.119004,-0.060436,0.229779,-0.146767,-0.079370,-0.020033,-0.058873,0.045237,-0.154013,0.153550,-0.266379,0.241291,-0.285754,0.148592,-0.157961,0.141202,-0.007749,-0.021692,0.249997,-0.082662,-0.082907,-0.154409,0.026480,0.116277,0.216647,0.036021,0.172354,-0.263094,-0.003085,-0.148451,0.069392,-0.080898,-0.060852,0.024092,-0.022296,0.142836,-0.021199,-0.071018,0.024503,0.054277,-0.113535,0.016280,-0.061078,0.141389,-0.000849,-0.048971,0.115299,-0.116334,0.089939,0.057380,0.066632,0.080605,0.189030,-0.154576,-0.039931,-0.097589,-0.091368,0.092133,-0.016138,0.014685,0.199484,#
7,-0.120836,0.081971,0.094782,0.106626,0.038125,0.174035,0.131688,1.000000,0.277565,-0.064395,0.326786,0.368179,-0.083655,-0.083883,0.227615,0.147160,0.102493,0.290902,-0.065468,-0.094014,-0.128660,0.032782,0.121754,0.056906,0.248763,0.054671,0.005358,0.262510,0.006085,0.171784,-0.134131,-0.136823,0.180880,0.005266,-0.179321,0.171889,-0.024752,-0.172245,0.259193,0.003534,0.191504,-0.183597,0.053173,0.028466,0.132905,-0.010581,-0.047334,-0.054246,-0.061667,0.019422,0.175862,0.076151,0.060327,0.078594,0.146351,-0.151949,0.110093,0.149083,0.226482,0.060892,-0.113310,0.031672,0.148509,-0.028663,0.091053,0.188543,0.282386,-0.113783,-0.026460,0.312745,-0.049660,0.052472,0.136121,-0.038325,-0.210717,-0.017414,-0.194698,0.068380,-0.147520,0.202172,0.103502,-0.059645,0.169049,-0.049000,0.235725,-0.022854,0.097231,-0.044560,-0.081547,0.112937,0.048918,0.220512,0.070781,0.201554,-0.129721,-0.139590,-0.135915,0.000434,-0.142793,0.192430,0.067113,-0.025244,-0.224253,0.023435,-0.092177,-0.157070,0.024945,0.084913,-0.222485,0.089256,0.035656,0.154346,0.000475,0.075894,0.270845,0.151618,-0.095101,-0.178500,-0.189263,0.174449,-0.029514,0.109301,-0.056789,0.062803,0.070652,0.121736,0.178413,-0.063147,0.031938,-0.036429,0.075586,-0.052327,0.229163,0.010026,0.255442,0.033790,-0.341664,0.135191,-0.062690,0.070865,0.117955,-0.162619,-0.010628,-0.198173,0.139048,-0.090423,0.012118,-0.114025,-0.105980,-0.081809,0.221211,0.054413,0.011821,-0.040207,-0.024488,0.011198,0.183276,0.164672,0.070011,0.055481,-0.035940,0.046440,0.290164,-0.083855,-0.324799,0.181666,0.179170,-0.078240,-0.152290,0.039988,-0.040063,0.039679,0.198291,-0.035168,0.193327,-0.012171,-0.088053,0.111532,-0.321575,0.336785,0.150067,0.093800,0.182960,0.190482,-0.255202,0.103716,-0.179899,-0.233924,-0.096066,0.185975,0.223398,-0.132253,0.128785,-0.055623,0.084574,-0.244001,-0.107508,-0.065854,-0.058418,0.197969,#
8,0.094894,0.178551,0.180251,0.311730,0.192849,0.151076,0.243551,0.277565,1.000000,0.088214,0.280203,0.182180,0.064828,-0.344059,0.231735,0.403129,-0.051737,0.130926,0.011667,-0.055351,-0.071220,0.080327,0.247060,0.193241,0.044704,0.016034,-0.074142,0.092930,-0.123269,0.256879,-0.230043,0.138115,-0.085048,0.008990,0.042199,0.049503,0.139719,-0.072247,0.046005,-0.016053,0.083761,0.149000,0.154618,0.035600,0.259809,0.089380,-0.126238,-0.061097,0.144862,0.099375,0.111339,0.309253,0.171587,0.116351,0.105700,0.189466,0.256719,0.193122,0.181478,0.319623,0.146400,0.022286,0.229230,-0.190758,0.164823,0.298773,0.152732,-0.023876,0.243881,0.086815,0.081558,-0.030283,0.005091,0.072863,0.221412,0.063895,0.017780,0.033481,-0.047410,0.098786,0.226311,0.057074,0.006990,-0.042995,0.385281,0.128480,0.039874,-0.099890,0.009367,0.194259,0.025077,0.300074,0.217669,-0.025428,0.186289,0.175956,0.171414,-0.077230,0.137225,0.076854,0.063299,-0.057554,0.119266,0.026539,0.101425,-0.087325,0.158652,0.075458,-0.094751,0.191695,-0.003371,0.096978,-0.212222,-0.119016,0.192301,0.237425,0.055207,-0.189679,0.050208,0.367697,0.055194,0.012143,0.037463,-0.018430,-0.001462,0.167154,0.234986,0.342371,-0.199563,0.346161,0.065618,-0.206612,0.105249,0.163056,0.121273,0.279118,-0.097219,0.051687,-0.029458,-0.157642,0.237404,0.066312,0.238856,-0.135887,-0.145072,-0.120065,0.098683,0.023295,0.265672,-0.031648,0.243552,0.029033,0.074586,0.091845,0.191001,0.231844,0.333135,0.274296,-0.062565,0.119454,-0.066980,-0.063162,0.146867,0.017894,0.113227,0.156659,-0.012734,-0.143512,-0.095774,0.223757,0.105964,0.055569,0.036339,-0.179064,0.116558,0.105057,-0.018830,0.152703,-0.015538,0.188204,0.140065,-0.032143,0.087328,0.008449,-0.163130,0.165222,-0.172282,-0.044712,0.127961,0.017923,0.076315,0.058752,0.060577,-0.104628,0.277336,-0.116239,-0.029158,-0.049310,-0.019556,-0.046672,#
9,-0.109744,-0.057384,-0.035028,-0.011347,-0.023865,0.201434,0.067834,-0.064395,0.088214,1.000000,0.251033,-0.177571,0.127890,-0.025673,0.098451,0.117703,0.090242,-0.164774,-0.221817,0.144505,-0.056062,-0.078154,0.010736,-0.130965,-0.135804,-0.314486,-0.011973,0.007760,-0.065162,0.124925,0.178333,-0.122171,-0.198548,0.179866,0.194774,0.004039,-0.061682,0.210175,-0.148524,-0.192429,0.067433,-0.110567,0.121537,-0.079405,-0.101762,0.146348,0.036971,-0.142342,0.074942,0.028046,0.121720,0.028081,-0.024076,-0.045682,-0.230697,-0.038983,-0.067672,-0.143442,0.208646,-0.127537,0.146957,0.137817,0.202982,0.115103,-0.040486,0.096342,-0.108895,-0.097410,-0.019735,-0.186689,0.152258,0.017713,-0.117552,0.117049,-0.130463,0.020476,-0.148282,-0.170954,0.131579,0.157316,0.087067,0.129411,-0.196079,-0.257732,0.182609,-0.035399,-0.003182,-0.036684,-0.402658,-0.299897,-0.053946,0.213340,0.149906,-0.228477,0.047993,0.073012,0.038714,0.090830,0.021711,-0.328136,-0.299235,-0.022968,0.183099,0.017681,0.248576,0.018602,-0.009510,-0.321487,-0.015379,-0.158010,-0.025724,-0.169293,-0.132497,0.296896,-0.056381,-0.040892,-0.172606,-0.009285,0.090823,-0.080792,-0.110330,0.192266,-0.294202,-0.052374,-0.349456,0.033676,-0.213410,0.077213,-0.042389,0.207733,-0.109495,-0.238228,0.028266,0.039965,0.033871,0.011063,0.060601,0.129076,-0.034155,-0.402626,-0.162701,-0.000449,0.167454,-0.028638,-0.172329,0.140530,-0.046741,0.159187,0.154983,0.348427,-0.101013,-0.123952,0.248921,0.182825,0.159400,-0.127479,-0.038517,0.213316,0.020803,-0.192199,0.080158,-0.093815,-0.045942,0.302135,0.021149,-0.069691,-0.040580,-0.184626,0.145683,-0.192014,0.109890,-0.041796,-0.033787,0.043644,-0.099544,0.080613,-0.037152,0.074493,0.023381,-0.069505,0.056249,-0.032361,0.123052,0.083373,-0.063976,0.029422,-0.011660,-0.129004,0.087053,0.010149,0.109858,-0.038941,-0.054687,-0.049727,-0.083241,0.062790,-0.129566,-0.083192,-0.124418,0.174967,#
10,-0.083389,0.155539,0.392666,0.247628,0.088133,0.122747,0.090143,0.326786,0.280203,0.251033,1.000000,0.141342,0.251171,-0.015941,0.202224,0.181405,0.111493,0.194555,0.061981,0.218080,0.050650,-0.047362,0.001242,0.053101,0.081212,-0.076957,-0.170256,0.197939,-0.145120,0.266304,0.066248,-0.031723,0.246562,0.098640,0.183531,0.135819,0.026346,0.057019,0.270146,0.044483,0.228594,-0.044301,0.191878,-0.013031,0.037040,0.120582,0.241856,-0.052529,0.162634,0.086365,0.164366,0.134831,-0.029439,0.197351,-0.086576,0.115234,0.031145,-0.151029,0.188750,0.237492,0.181746,0.314135,-0.088121,0.297015,0.360239,0.274702,0.308266,0.058674,-0.047472,0.058312,0.071040,0.150049,0.065527,0.198197,0.005455,0.131279,-0.038736,0.089528,-0.012506,0.007208,0.347731,0.026783,0.150815,0.033059,0.423863,0.029094,0.118367,0.202970,-0.030573,0.044601,-0.063888,0.265548,0.226730,0.213450,-0.055956,0.252928,0.118429,0.015310,0.196020,0.081440,-0.278803,-0.093385,0.148271,-0.066660,0.138605,-0.128037,-0.011517,0.176027,-0.094830,-0.100366,0.113445,0.266655,0.056957,0.041791,0.494802,0.294610,0.068278,-0.156627,-0.009845,0.152885,0.100397,0.107975,-0.047759,0.005510,-0.047632,-0.111005,0.171112,0.109221,0.174427,0.108098,0.116235,0.076568,0.062970,0.096063,0.198649,-0.137713,-0.028014,0.341080,0.045378,-0.205215,0.183552,0.045029,0.195208,-0.027923,0.289317,-0.126422,-0.185806,0.071747,0.227173,0.067877,0.293653,0.228766,0.062839,0.031936,0.171452,-0.013070,0.100918,-0.075033,0.111087,-0.032079,0.084343,-0.122150,0.431069,0.289119,0.213737,0.193978,0.244534,-0.133605,-0.134802,0.095515,0.116681,0.059383,0.073298,-0.056576,0.208827,-0.078499,0.091617,0.250894,-0.224526,0.076940,0.296349,0.181525,0.216661,-0.015887,0.010490,0.135046,-0.026348,-0.355322,0.071901,0.238354,0.336343,-0.068986,0.144212,-0.105290,0.158156,0.036277,-0.221086,0.051641,0.084009,0.444889,#
11,-0.156328,0.241631,0.338493,0.003855,-0.055003,0.107465,0.145595,0.368179,0.182180,-0.177571,0.141342,1.000000,-0.052824,0.017025,-0.192243,-0.004444,0.126612,0.090560,-0.136925,-0.387048,-0.076336,0.163471,-0.110019,-0.062563,0.165500,0.220839,-0.141355,0.246754,-0.126340,0.150194,0.117494,-0.009370,-0.008189,0.043988,-0.039324,0.176256,0.028835,-0.246379,-0.026392,0.022581,-0.105552,0.069641,0.346617,0.112059,0.008052,-0.071713,-0.173645,-0.086944,0.098447,-0.196066,-0.127410,0.244128,-0.108428,0.191546,0.059737,-0.206255,-0.185804,0.262435,0.134695,0.082864,-0.078746,-0.082346,0.093879,0.016597,0.035036,0.197062,0.110496,0.088512,0.140436,0.156600,-0.228906,-0.045189,0.216847,-0.049090,-0.222528,-0.131813,0.010802,-0.070587,-0.053821,-0.099994,0.055644,-0.065318,0.159468,-0.047251,0.060351,-0.070894,-0.175297,0.176197,0.112211,-0.033984,-0.196960,0.278574,0.260697,0.272644,0.112083,-0.003558,-0.144302,-0.085837,0.283506,0.278863,-0.022255,0.080090,-0.251950,0.071203,-0.275046,0.077097,0.095136,0.175303,0.052555,0.106353,0.200047,0.102249,-0.014155,0.089962,-0.084895,0.373498,-0.068963,-0.019342,-0.280629,0.179044,-0.040458,0.006377,-0.005421,-0.021166,-0.071576,-0.037005,-0.065758,0.043354,0.021625,-0.061777,0.004114,0.112010,0.244566,0.027793,0.075096,0.070517,-0.310168,0.274380,-0.042863,0.184344,0.031352,-0.119016,0.007493,0.019051,0.248802,-0.047659,0.090534,-0.081463,-0.073468,-0.180840,0.093868,0.257637,0.017975,-0.102931,0.002849,0.116147,0.064812,-0.166711,0.038835,-0.094367,-0.009066,0.257467,-0.039905,-0.078143,-0.153701,-0.004660,0.182146,0.016208,-0.190817,0.162206,0.034266,0.018195,0.002114,-0.195027,0.120566,-0.047520,-0.087016,0.020071,-0.094076,0.052904,0.274160,-0.040731,0.050064,-0.095627,-0.275519,0.130880,-0.184530,0.010752,0.054679,0.238938,0.115536,-0.222491,0.172344,0.208597,0.333316,0.078795,-0.025915,-0.113605,-0.097662,-0.059962,#
12,0.096194,0.017169,0.023923,0.113383,-0.153939,0.209655,-0.124701,-0.083655,0.064828,0.127890,0.251171,-0.052824,1.000000,-0.102357,0.292470,0.174376,0.291808,0.094204,0.262510,0.202589,-0.109102,0.144789,-0.018165,0.157090,-0.230250,-0.067838,0.020832,0.401975,-0.143758,0.023066,-0.098573,0.217344,0.013814,0.079167,0.131902,0.232280,0.055425,0.108394,-0.015967,0.026890,0.048884,-0.027460,0.089303,0.129867,0.179152,0.006421,-0.010021,-0.073261,0.298326,0.036960,0.071159,-0.072709,0.072534,0.093099,0.242735,-0.007523,0.024156,-0.029748,-0.165200,-0.175471,0.064014,0.286489,-0.122708,0.320787,0.386809,-0.001912,0.127030,0.038758,0.013945,-0.039612,-0.012309,-0.014305,0.198628,0.084304,0.026863,0.110694,0.087849,-0.322486,0.025838,-0.024431,0.234281,-0.045756,-0.159660,0.116919,0.040453,-0.022708,0.137282,0.245118,0.098686,-0.002194,-0.019653,-0.016566,0.002261,0.038829,0.086424,0.170372,0.136061,-0.056733,0.069743,-0.158736,0.106188,0.018184,0.046292,-0.147279,0.190572,-0.115868,0.273413,0.128471,-0.098212,-0.045269,0.136940,-0.016603,-0.099381,-0.026789,0.007875,-0.023780,0.158543,-0.023123,0.121932,-0.162384,0.123727,0.195334,0.168532,0.006152,0.001963,-0.426729,0.260449,-0.009788,-0.063220,0.025976,0.052342,-0.048756,-0.142485,0.086196,0.107285,0.025194,0.141390,0.021107,0.032574,-0.015784,0.193872,0.088535,-0.052982,0.016794,-0.053910,-0.098345,-0.037889,0.114660,-0.085114,0.100831,-0.065943,0.122266,0.138915,-0.124999,-0.139866,0.335453,-0.011338,-0.164761,0.010112,-0.030704,-0.028936,0.125766,0.082875,0.240676,0.214663,-0.073450,0.277068,0.085298,0.223035,0.082929,0.260560,0.103313,0.070199,0.199208,0.119603,0.138822,0.276368,0.146359,0.008631,0.044854,0.144588,0.075065,0.122913,0.024727,0.047911,-0.179144,0.134931,0.172482,0.070170,-0.094999,0.300221,-0.074745,0.217586,0.077238,0.112759,0.160574,-0.100739,0.071552,0.068492,-0.069453,#
13,-0.241896,0.096893,0.104370,-0.165008,-0.162262,-0.072910,0.059798,-0.083883,-0.344059,-0.025673,-0.015941,0.017025,-0.102357,1.000000,0.173446,-0.121199,0.201283,-0.099323,-0.095024,0.252136,0.115949,-0.169638,-0.184710,-0.059203,-0.198484,0.154696,0.042261,-0.158220,-0.182526,-0.110290,0.144967,0.015844,0.038496,0.104103,0.163611,-0.041377,-0.087109,0.027461,-0.229469,0.121342,-0.254463,-0.058198,-0.089511,-0.063901,0.011352,-0.011145,0.081612,-0.185750,-0.006302,-0.133793,-0.156829,-0.140081,-0.074375,0.161866,0.004856,-0.091349,-0.133821,-0.024619,0.067531,0.180543,0.130758,0.221020,0.051374,0.143104,0.007102,-0.033928,0.344956,0.025142,-0.073021,-0.038206,0.047600,0.079048,-0.293423,-0.138100,0.224229,0.153925,0.289389,-0.083370,0.249442,0.043802,-0.044750,0.091977,-0.120242,0.102865,0.083623,0.099609,0.009759,0.102634,0.054801,-0.131133,-0.067131,-0.036686,-0.119657,0.196008,-0.079520,-0.194049,-0.078611,-0.093945,-0.118224,0.267445,-0.133197,0.197944,0.048079,0.183243,-0.135138,-0.001901,0.229251,0.189667,0.159179,0.117523,-0.082597,-0.021775,0.282583,-0.010079,0.026785,0.160730,0.252534,0.039732,-0.192119,-0.074150,0.100630,-0.055543,0.160950,-0.050127,0.051364,-0.123516,-0.041163,-0.055674,0.004502,0.111388,-0.315212,0.131868,-0.082737,-0.157818,-0.025982,0.025340,0.008217,-0.044233,-0.061291,0.099656,-0.268693,-0.033085,0.189117,0.199663,0.009818,0.060084,-0.211138,-0.051107,-0.097997,-0.134710,0.065882,0.045208,0.087429,0.215943,-0.109004,-0.125706,-0.144185,-0.072966,0.036732,0.057648,-0.292004,0.173630,0.030808,0.100498,-0.002417,0.022985,-0.065252,-0.095023,0.055007,-0.177909,0.097431,0.096711,-0.183701,0.175286,0.088943,0.023732,0.103226,0.078520,-0.012459,-0.227910,-0.054808,0.165792,0.019821,-0.002836,0.331194,0.185251,0.155196,-0.080086,-0.279419,0.102081,0.100884,0.081183,-0.066260,0.236290,-0.208990,0.018587,-0.093148,-0.135521,-0.036712,-0.096722,#
14,0.195649,-0.000719,-0.230369,0.218122,0.019540,0.138531,-0.115409,0.227615,0.231735,0.098451,0.202224,-0.192243,0.292470,0.173446,1.000000,0.214858,0.184164,0.167402,0.108397,0.462802,0.064852,-0.166794,0.166136,0.329811,-0.112437,-0.063023,0.238110,0.122642,-0.100946,0.095698,-0.116066,0.261347,0.073472,0.050261,0.147745,-0.034301,-0.015377,0.053342,-0.029929,0.323523,0.131553,-0.087036,0.176366,-0.121045,0.243209,0.321163,0.153673,-0.253831,0.115860,0.216311,0.189473,-0.045640,0.316930,0.255855,0.357236,0.132472,0.155908,-0.060254,0.027897,-0.000297,0.151094,0.311900,0.084624,-0.011031,0.132326,-0.142714,0.363791,0.151513,-0.126718,0.094442,0.190473,-0.034577,0.026939,0.031012,0.313119,0.184761,0.080909,-0.045104,0.164609,0.107553,0.238991,0.175889,0.051644,0.147132,0.229850,0.194486,0.025213,0.027064,-0.034426,0.014007,0.029783,0.217351,0.056339,-0.023878,0.176953,0.099600,0.028434,0.042280,-0.255270,-0.025268,0.236185,0.137204,0.034698,0.280055,0.348643,-0.062212,0.391440,0.131478,-0.051812,-0.052055,-0.044495,-0.267184,0.094678,0.129357,0.178018,-0.047657,0.077552,-0.189149,0.094998,0.028211,0.265861,0.175871,-0.093885,-0.129896,0.143316,-0.091419,0.080956,0.037324,-0.027846,0.342359,-0.068725,-0.053122,-0.015251,0.016791,-0.035113,0.181091,-0.095485,0.194762,-0.074844,0.038708,0.141058,0.282501,0.110715,0.112358,-0.169851,0.085039,0.065204,0.010779,-0.282834,0.028557,0.250377,0.242769,-0.129594,0.194046,0.184829,0.165361,0.084893,-0.009221,0.023584,0.104974,-0.036085,-0.086676,0.274163,0.075745,0.081756,0.055392,-0.064830,-0.086044,0.156705,0.052167,0.249155,-0.002871,0.091796,-0.017734,0.111155,-0.037556,0.235623,0.190523,0.086981,-0.034993,0.030801,0.089461,0.094995,0.030443,0.226676,-0.000605,0.169893,-0.237176,-0.055764,0.148933,0.151056,0.082714,0.049808,-0.093704,-0.021724,-0.007538,-0.099148,-0.052954,-0.043578,0.062572,#
15,0.350718,-0.068384,0.127549,0.135398,0.062332,-0.078923,0.089540,0.147160,0.403129,0.117703,0.181405,-0.004444,0.174376,-0.121199,0.214858,1.000000,0.303165,0.147212,0.114785,0.103465,-0.151174,0.066855,0.251385,0.306297,-0.071957,0.237548,0.079751,0.149608,0.023094,0.240434,-0.041438,0.251689,-0.026477,0.190957,0.130818,0.136589,0.085935,0.107940,0.158123,-0.104637,-0.039310,0.177556,0.100996,0.204100,0.106384,0.181182,-0.283742,0.052514,0.106510,0.487900,-0.045771,0.142540,0.191307,0.221968,0.147385,0.181611,0.135496,0.212018,0.212113,0.176393,0.015447,0.142248,0.365986,-0.137500,-0.010677,0.128483,0.049260,0.190242,-0.037036,0.008985,0.215497,0.123220,0.059931,-0.101112,0.088537,0.015693,0.071224,-0.060202,-0.082789,0.060985,0.270490,0.023656,-0.223003,0.301709,0.315135,0.092678,-0.053436,0.230221,0.074811,0.195960,-0.011877,0.181167,0.010652,0.079643,0.154176,0.015448,0.361066,-0.137487,-0.028916,-0.026757,0.221908,0.131731,-0.130876,-0.003021,0.050964,0.194111,0.131781,0.077950,-0.111774,0.125707,-0.000596,0.111260,-0.118739,-0.012913,0.106141,0.008467,-0.214954,-0.200297,0.100596,-0.058436,0.281530,0.106726,0.089899,0.181093,0.066340,0.015068,0.100987,0.239475,-0.121581,0.201499,0.122550,0.002180,0.061654,0.115482,0.087086,0.132923,-0.206340,0.050314,0.087948,-0.150083,-0.008137,0.177041,0.130290,-0.045908,0.017452,-0.156730,-0.014568,0.138122,0.365466,0.043813,-0.041813,0.009068,0.151611,0.288692,0.028932,0.327469,0.183789,0.147687,0.068442,0.164782,0.050637,-0.108397,0.210154,0.122318,0.049314,0.256905,0.130115,-0.022401,0.181469,-0.041170,-0.014347,-0.020220,-0.005513,-0.018779,0.219726,-0.009979,0.263436,0.120740,-0.161339,0.161721,0.436684,0.080690,0.088475,0.129300,-0.083330,0.209172,-0.025606,0.151200,-0.139259,-0.013164,0.102059,-0.109242,0.095661,-0.113932,0.024464,-0.105937,0.041769,0.120752,0.138850,-0.283103,#
16,0.097044,0.084950,-0.080256,0.213725,-0.202364,-0.068645,-0.084839,0.102493,-0.051737,0.090242,0.111493,0.126612,0.291808,0.201283,0.184164,0.303165,1.000000,0.168955,0.078550,0.360549,-0.064986,0.123509,0.161494,-0.008606,-0.238296,0.132212,0.048517,0.069158,-0.129493,0.330732,-0.034549,0.059970,0.036762,0.330858,0.220149,0.234611,-0.044088,0.123763,0.054006,-0.171800,0.080148,-0.042186,0.079621,0.164893,0.093266,0.213497,-0.022607,0.106861,-0.184688,0.061314,0.047315,0.070859,0.201306,0.187188,-0.037992,0.009471,0.150108,0.015859,-0.092561,-0.015143,-0.034648,0.306548,0.325570,0.305498,0.277817,0.034991,0.021532,0.093846,-0.044575,0.116798,-0.047999,0.306258,0.262387,-0.229265,-0.092790,0.160129,-0.108640,0.078337,-0.011987,0.170477,0.211091,0.200750,-0.022171,0.112491,0.117701,0.035209,0.194627,0.057663,0.026959,-0.004121,0.014010,0.134118,0.073717,-0.119542,0.048723,0.023893,0.272591,-0.264746,-0.134629,0.197338,0.103230,0.018016,-0.133851,-0.070600,0.179437,-0.139888,0.353588,0.308082,-0.038914,0.139820,-0.115768,0.058435,0.150345,0.047476,0.041162,0.098624,-0.049565,0.136596,-0.118175,0.001193,0.287313,0.176530,0.043835,0.303968,0.154597,-0.277654,-0.058873,-0.085250,-0.171211,0.274494,-0.029773,-0.025659,0.379010,-0.394627,0.287467,0.222371,-0.087157,0.251900,-0.003753,-0.087558,-0.093171,0.202511,0.171445,0.093304,0.165020,0.069415,0.001861,0.043317,0.076579,0.260615,-0.340758,0.097718,-0.039101,0.107854,0.069820,0.134024,-0.075922,-0.041702,0.165027,-0.023567,-0.003602,0.174226,0.172108,0.252275,0.133444,0.069955,0.275100,0.097029,0.212898,-0.114404,0.067857,-0.006764,-0.149566,-0.047068,0.119458,0.184269,0.007062,0.063037,-0.047430,-0.044250,0.115323,0.158205,0.114377,0.009698,-0.018780,0.094564,0.243810,0.103036,-0.129427,0.006707,0.414837,-0.299854,-0.262336,0.077083,0.197561,0.290638,0.015377,-0.090856,-0.040476,-0.203494,#
17,0.276593,0.114314,-0.047573,0.365869,0.154070,-0.016353,-0.065624,0.290902,0.130926,-0.164774,0.194555,0.090560,0.094204,-0.099323,0.167402,0.147212,0.168955,1.000000,0.165280,0.164231,0.125523,-0.089209,0.022840,0.200705,-0.010715,0.108249,-0.002347,0.016829,-0.028200,-0.047005,0.062063,-0.024549,0.368183,-0.009487,-0.022225,0.119609,-0.213479,0.118870,0.189775,0.004944,0.078180,0.152047,0.032599,0.249131,-0.002183,-0.066181,0.109275,0.043612,-0.017232,0.032753,0.117036,-0.013375,-0.016216,-0.015357,0.215391,0.137771,0.303527,0.092192,0.014573,-0.014567,-0.143098,0.207525,-0.002460,0.107385,0.139060,0.134578,0.256646,0.232045,0.003987,0.227744,-0.087875,0.318418,0.177336,-0.062495,-0.116551,0.135104,-0.023135,-0.102450,-0.093960,0.119373,0.080509,-0.005791,0.172246,0.161130,0.129773,-0.115661,0.093514,0.124234,0.194213,0.034488,0.024831,-0.048914,0.236470,-0.008949,-0.141459,0.078847,-0.048164,0.076975,0.194856,0.211783,-0.003485,-0.064365,-0.076373,-0.003530,0.039980,0.008643,0.087932,0.075513,-0.029935,-0.117256,0.252207,0.166973,0.182398,0.003851,0.194327,0.104319,0.033232,-0.129619,0.072224,-0.007897,0.025733,0.264471,0.082653,0.003681,0.366854,-0.041563,0.070043,-0.012592,-0.104026,0.170040,0.115789,0.114845,0.128496,-0.027527,0.171958,0.153122,-0.009501,0.219873,-0.066752,0.198334,0.161313,0.037858,0.078149,0.086506,0.089165,0.086012,-0.075923,0.115574,-0.125534,-0.123874,-0.112992,0.046111,-0.086610,0.110677,0.278963,0.283700,0.062724,0.128536,-0.035217,0.193686,0.043562,0.020053,0.087478,0.108187,-0.087322,0.072464,0.023841,0.087256,0.019928,-0.148908,0.197702,-0.050756,0.113850,0.028078,0.198965,-0.028086,0.070673,-0.032642,-0.269711,0.302123,0.175517,0.067162,0.128318,0.141456,-0.153453,0.132966,0.073682,-0.028256,0.208692,-0.023525,0.274520,0.050258,0.183168,-0.064987,0.193870,0.052706,-0.011028,-0.112186,-0.087418,0.050443,#
18,0.253963,-0.128110,-0.099975,0.135245,0.016206,-0.141191,0.045119,-0.065468,0.011667,-0.221817,0.061981,-0.136925,0.262510,-0.095024,0.108397,0.114785,0.078550,0.165280,1.000000,0.046878,0.104045,-0.008146,0.126653,0.339509,-0.128572,0.019588,-0.132471,0.092645,0.000749,-0.156995,-0.118151,-0.182539,0.188292,0.178803,0.118567,0.164777,0.047686,0.195717,0.088738,0.383761,0.135418,-0.016861,0.087906,0.021201,0.113428,-0.117140,-0.129228,-0.023522,0.036913,0.240108,0.015185,0.131247,0.018842,-0.002052,0.146924,0.157483,-0.002622,0.065483,-0.128098,0.024502,-0.089888,0.080853,0.145262,0.030101,0.219083,-0.041742,0.196819,0.010901,-0.154261,0.062768,-0.160904,-0.020557,-0.196043,-0.321122,0.101701,0.216031,0.063302,0.141464,-0.060078,0.029560,-0.046069,-0.094079,0.131926,0.217377,-0.185056,0.012055,0.150402,-0.061453,0.046308,0.199573,0.119475,-0.192778,-0.049760,-0.061838,0.146443,0.257749,0.227336,0.015222,0.216800,0.129407,-0.072103,-0.042944,0.055555,-0.096916,0.163213,0.080675,0.153873,-0.018422,0.044004,-0.043157,0.166856,0.227336,0.000108,-0.207993,0.184221,-0.037427,-0.077531,-0.407295,0.119886,0.152391,0.048636,0.005020,0.119475,-0.043072,0.035473,-0.228470,0.097847,0.141149,0.044347,-0.098576,-0.000986,0.170532,-0.172234,0.142321,-0.007366,-0.058363,0.139305,0.183402,-0.190589,0.109285,-0.101962,-0.021618,-0.013897,-0.029070,0.113463,0.101654,-0.108299,0.006764,-0.015855,-0.094345,0.095814,0.039750,-0.112938,0.142237,0.045266,0.181815,0.183209,0.056936,-0.092498,0.206776,0.110217,0.090306,0.185059,0.086118,-0.081655,0.256267,0.044956,0.098519,-0.002598,0.229123,-0.188603,-0.128393,0.033004,0.238905,-0.035501,0.208404,0.244193,0.012066,0.019415,-0.164839,0.039997,0.015841,0.162820,-0.161309,0.029875,-0.110997,0.247595,0.062925,0.037062,-0.079127,-0.030404,0.106462,0.079200,0.013868,0.049421,0.023050,0.162295,-0.020202,0.145281,-0.124608,#
19,0.067627,0.019248,-0.090580,0.152406,0.189618,0.211887,-0.181617,-0.094014,-0.055351,0.144505,0.218080,-0.387048,0.202589,0.252136,0.462802,0.103465,0.360549,0.164231,0.046878,1.000000,0.083975,-0.163223,0.073888,-0.052137,-0.087182,0.213757,0.052609,0.052156,-0.019515,0.166918,0.222363,0.072076,0.171193,0.082870,0.278479,0.195229,-0.069323,0.035547,0.037771,0.080253,0.243284,0.035926,-0.004064,-0.044761,-0.057534,0.066678,0.268221,-0.005931,-0.136844,0.288610,0.123865,-0.047692,0.075367,0.028807,0.234572,0.355372,0.174698,-0.214014,0.013674,0.111531,0.192240,0.389422,0.165685,0.317358,0.337560,-0.188328,0.289945,0.169298,-0.268069,-0.037299,0.247820,0.166555,-0.009263,0.103105,0.171365,0.409819,0.129385,0.100669,0.227906,0.212770,0.314564,0.306181,0.163922,0.018965,0.120404,0.213544,0.119049,0.172213,0.034746,-0.105051,0.061566,-0.015181,0.168206,-0.032228,-0.159221,0.230095,0.305186,0.073014,-0.320397,-0.016769,-0.146245,0.120669,0.187761,0.108384,0.321977,0.052312,0.125626,0.276288,-0.036313,-0.111229,-0.123201,-0.066534,0.275831,0.110891,0.178233,-0.064281,0.274690,0.170008,0.113610,-0.263372,0.214263,0.224188,0.061566,0.183781,0.179207,-0.198567,0.155623,-0.037910,-0.117589,0.302723,0.017854,0.111155,0.039497,-0.253119,0.069071,0.174559,-0.061299,0.324570,0.132050,-0.079737,0.032514,0.362610,0.213270,0.289765,0.039248,0.210188,-0.046229,0.229761,0.080821,0.071492,0.053930,0.316150,0.069901,0.232685,0.318895,-0.120330,-0.013188,-0.118357,0.085168,0.072203,0.286457,-0.091279,0.251154,0.187070,0.235374,0.021489,0.059929,0.205851,0.138669,-0.109039,0.127110,0.178772,0.177928,0.187916,0.002007,0.088061,0.195680,0.237733,0.171341,-0.049399,0.076833,0.077235,0.240819,0.140405,0.240779,0.147791,0.136103,-0.118590,-0.026947,-0.030792,0.395243,0.158918,-0.111657,-0.045189,0.045302,0.153134,-0.120413,0.144860,0.151081,0.110738,#
20,0.029797,0.226386,0.068771,0.168808,0.258184,-0.001830,0.017930,-0.128660,-0.071220,-0.056062,0.050650,-0.076336,-0.109102,0.115949,0.064852,-0.151174,-0.064986,0.125523,0.104045,0.083975,1.000000,0.105634,-0.064599,0.002440,0.066812,0.190320,-0.004077,-0.190099,0.044434,-0.297148,-0.148540,-0.173773,0.146293,0.005230,-0.072274,0.093349,0.124815,0.178749,0.065219,0.099024,0.133077,0.116292,0.000476,-0.246980,0.144913,-0.013651,0.406710,-0.044006,-0.059546,0.019060,-0.310510,0.062170,-0.049212,0.179290,0.334275,0.194114,0.217191,0.086747,-0.083305,-0.071189,-0.025941,0.205123,0.146539,-0.059518,-0.160444,-0.136468,0.073114,0.191982,0.262580,0.216736,0.182070,0.261323,-0.016145,-0.024519,-0.058774,-0.062688,0.069181,0.275890,0.062730,-0.124930,-0.024471,0.197384,0.139337,-0.026577,0.169488,-0.045944,0.103780,-0.081348,0.318788,-0.009449,0.125477,-0.020181,0.100132,0.090044,0.244749,0.006010,-0.118896,0.097193,0.182792,0.071094,0.062353,0.092565,0.073137,-0.127786,0.073822,0.016989,0.098626,0.250912,0.108915,0.105786,0.236347,0.421811,0.269539,-0.295748,0.198198,0.281366,0.184435,0.225177,0.069156,0.337330,-0.084266,0.205377,0.002048,-0.056627,0.025215,-0.058942,0.047513,0.107767,0.088746,0.010312,0.054859,0.175865,-0.085712,0.000235,-0.059622,-0.280668,0.269229,-0.012318,0.025706,-0.004459,0.182273,0.095108,0.094943,0.126082,0.145165,-0.032471,-0.037981,0.011875,-0.066059,0.022423,0.192741,0.085012,-0.225310,0.094710,0.017865,0.030061,-0.030917,0.062997,-0.338743,0.330862,0.080016,0.155682,0.093925,0.189880,0.160209,-0.017104,-0.222025,0.136038,-0.046504,0.018629,0.143018,-0.135643,0.022702,0.111384,-0.016063,0.120017,-0.069112,0.127431,0.247910,0.028733,-0.039084,0.123778,-0.057274,-0.122296,0.111590,-0.205643,0.167057,-0.025549,0.071068,0.294520,0.013440,0.191938,-0.186824,0.072115,0.081553,0.071530,0.139605,-0.019706,0.073700,0.163200,#
