0,1.000000,0.394462,0.376493,0.409458,0.234130,0.299306,0.375231,0.498978,0.417729,0.242531,0.338873,0.477538,0.437537,0.418487,0.164325,0.385990,0.377392,0.502418,0.469004,0.361669,0.400299,0.257196,0.479490,0.275043,0.220663,0.413792,0.144876,0.364290,0.354752,0.287920,0.217372,0.459420,0.328016,0.358256,0.354443,0.248157,0.258592,0.372596,0.431578,0.421148,0.418758,0.315048,0.419087,0.336424,0.375112,0.230049,0.346087,0.308617,0.377283,0.329179,0.431768,0.455709,0.437252,0.544165,0.361312,0.371083,0.383174,0.439073,0.301464,0.427699,0.410160,0.224336,0.398873,0.332101,0.462629,0.234133,0.466128,0.167301,0.226644,0.202020,0.350859,0.504782,0.366818,0.535208,0.274988,0.369668,0.476795,0.177827,0.612560,0.333727,0.268501,0.366119,0.571814,0.457943,0.338386,0.373009,0.404515,0.490668,0.234591,0.537967,0.386115,0.330879,0.331259,0.295575,0.324796,0.306029,0.328984,0.336556,0.252105,0.417930,0.356027,0.316384,0.324347,0.350700,0.327388,0.453890,0.132302,0.375530,0.164304,0.184865,0.361547,0.468360,0.360782,0.479680,0.470697,0.535969,0.390581,0.372245,0.285268,0.288895,0.345282,0.449556,0.526815,0.463141,0.516279,0.379985,0.244172,0.312368,0.322818,0.310849,0.415938,0.373176,0.457543,0.389628,0.398313,0.502303,0.242434,0.588289,0.408702,0.497768,0.282865,0.195978,0.263364,0.371483,0.164349,0.170906,0.414371,0.113465,0.488330,0.408618,0.405718,0.472066,0.413573,0.505987,0.417257,0.305922,0.424034,0.373095,0.553228,0.413231,0.448818,0.379613,0.427578,0.381925,0.535663,0.270255,0.407047,0.483652,0.383630,0.169687,0.349596,0.277842,0.379231,0.602095,0.408890,0.392070,0.355058,0.420324,0.245594,0.217390,0.393044,0.375669,0.142336,0.338182,0.212144,0.257090,0.345553,0.254626,0.382548,0.188956,0.345065,0.476131,0.296554,0.408937,0.472175,0.304854,0.141565,0.510954,0.258686,0.367936,#
1,0.394462,1.000000,0.464116,0.494818,0.476481,0.427735,0.349493,0.514746,0.660670,0.516191,0.525031,0.372647,0.579061,0.496666,0.478624,0.491867,0.518466,0.427472,0.552051,0.537864,0.494377,0.479780,0.524405,0.304226,0.361986,0.313810,0.464833,0.551763,0.512127,0.388889,0.479882,0.634298,0.543963,0.550252,0.424384,0.436872,0.330542,0.546420,0.633058,0.317518,0.420886,0.301952,0.411932,0.314718,0.420188,0.360846,0.378792,0.281206,0.512378,0.398707,0.334805,0.552725,0.439224,0.500614,0.571795,0.307847,0.408583,0.345346,0.202817,0.233304,0.540555,0.418203,0.235326,0.434051,0.480031,0.455916,0.522195,0.307295,0.379360,0.525765,0.427814,0.481044,0.481617,0.442523,0.576681,0.461157,0.419607,0.355288,0.435339,0.452339,0.490384,0.282273,0.558652,0.495810,0.522381,0.387343,0.416363,0.539574,0.476082,0.467088,0.432119,0.398595,0.609852,0.502795,0.532933,0.358967,0.381663,0.493436,0.454890,0.495321,0.568433,0.341002,0.387043,0.422743,0.436229,0.523103,0.251838,0.393916,0.378237,0.394718,0.431292,0.405976,0.387550,0.562376,0.415881,0.411908,0.381449,0.361408,0.349500,0.305223,0.480987,0.406483,0.319772,0.431233,0.478670,0.378659,0.335632,0.278813,0.510028,0.420335,0.322115,0.570614,0.347223,0.320814,0.588310,0.507093,0.283265,0.434603,0.433964,0.399231,0.591611,0.401021,0.489142,0.635290,0.317363,0.400987,0.419301,0.335587,0.598718,0.413029,0.422396,0.577700,0.492409,0.457651,0.542049,0.466570,0.511703,0.345016,0.438932,0.452917,0.529155,0.472021,0.457500,0.534422,0.336089,0.286057,0.522209,0.450408,0.464009,0.194299,0.449849,0.396894,0.393168,0.387532,0.472162,0.561768,0.457988,0.710739,0.090455,0.274515,0.472377,0.467237,0.451819,0.500028,0.320168,0.481362,0.452112,0.289116,0.463900,0.404798,0.575502,0.548665,0.390720,0.494631,0.567707,0.251587,0.173998,0.438014,0.329721,0.335487,#
2,0.376493,0.464116,1.000000,0.365449,0.336390,0.416646,0.429376,0.345094,0.560634,0.262577,0.246495,0.293734,0.290211,0.406283,0.236433,0.405794,0.207938,0.445948,0.285446,0.397429,0.223672,0.222480,0.310856,0.412781,0.355902,0.331401,0.427898,0.473970,0.515362,0.240510,0.472705,0.474771,0.351757,0.344354,0.300310,0.232410,0.290985,0.304997,0.486120,0.393811,0.280541,0.388069,0.464524,0.213017,0.149809,0.186625,0.377420,0.190230,0.383556,0.412387,0.462841,0.539934,0.440289,0.461696,0.490740,0.348645,0.320828,0.293833,0.266905,0.411723,0.608413,0.292326,0.143155,0.417867,0.254019,0.374062,0.403329,0.420070,0.255827,0.432158,0.300551,0.389552,0.329962,0.389625,0.298815,0.280602,0.310634,0.229386,0.441061,0.295382,0.312306,0.414609,0.438020,0.452644,0.562393,0.347559,0.168314,0.596260,0.260113,0.407877,0.337116,0.224646,0.584654,0.437346,0.347512,0.342060,0.321527,0.269361,0.508072,0.426966,0.357464,0.220217,0.295653,0.253895,0.221301,0.370770,0.372683,0.323241,0.225548,0.188771,0.401256,0.313224,0.366281,0.335494,0.229993,0.264302,0.365449,0.520182,0.337963,0.177872,0.433349,0.262790,0.310003,0.561567,0.384430,0.252847,0.216456,0.412279,0.392847,0.454847,0.487830,0.353183,0.473486,0.435863,0.445673,0.452712,0.418349,0.486356,0.539906,0.428524,0.224887,0.396173,0.258471,0.254346,0.319606,0.439817,0.167730,0.331870,0.340224,0.369786,0.435988,0.384989,0.367019,0.437865,0.491832,0.311436,0.322755,0.060684,0.321438,0.233871,0.314026,0.247118,0.306137,0.351779,0.302376,0.299662,0.455995,0.243377,0.330176,0.243771,0.379347,0.266513,0.382447,0.336528,0.472882,0.472370,0.348193,0.413367,0.231332,0.264114,0.320208,0.494886,0.122623,0.536180,0.349076,0.349898,0.312090,0.233776,0.499205,0.306728,0.386414,0.460357,0.598120,0.411707,0.386926,0.284461,0.147764,0.351137,0.243001,0.552907,#
3,0.409458,0.494818,0.365449,1.000000,0.525783,0.498585,0.484655,0.498003,0.582482,0.374892,0.522043,0.388598,0.520613,0.446986,0.304200,0.493590,0.309752,0.497225,0.516999,0.477239,0.291831,0.170145,0.457625,0.258320,0.448507,0.449999,0.354958,0.538266,0.350352,0.388682,0.469940,0.646156,0.331700,0.496186,0.508992,0.380996,0.253978,0.497706,0.306948,0.539749,0.429938,0.299071,0.412007,0.632845,0.384374,0.437440,0.565004,0.167031,0.490140,0.274616,0.613046,0.478873,0.528231,0.345577,0.342606,0.542476,0.385212,0.371758,0.414980,0.520339,0.436406,0.273976,0.314102,0.489133,0.603720,0.421805,0.377962,0.405927,0.075738,0.209554,0.254588,0.447648,0.448029,0.458212,0.251649,0.404014,0.370904,0.341439,0.356156,0.456919,0.585948,0.237517,0.477865,0.400496,0.475019,0.578098,0.537929,0.428645,0.373395,0.402543,0.475306,0.455867,0.423387,0.476368,0.357395,0.423318,0.261878,0.358080,0.421690,0.463422,0.329262,0.497088,0.346088,0.230526,0.615881,0.304173,0.111641,0.230001,0.349374,0.272727,0.321534,0.309081,0.251757,0.371254,0.312689,0.577059,0.243189,0.253135,0.314332,0.262622,0.491577,0.463341,0.321597,0.386021,0.405351,0.505976,0.253630,0.507803,0.308119,0.270493,0.392047,0.454907,0.357843,0.305601,0.403691,0.516511,0.459035,0.474818,0.280534,0.407864,0.335786,0.449746,0.503868,0.347528,0.432311,0.583011,0.329631,0.439252,0.574944,0.412522,0.466370,0.491549,0.389541,0.515168,0.368506,0.273424,0.548558,0.341616,0.440979,0.382173,0.488016,0.376252,0.319540,0.331424,0.348745,0.386363,0.504042,0.361021,0.479528,0.127726,0.444469,0.414012,0.356226,0.474137,0.396268,0.345929,0.599673,0.480447,0.290273,0.314509,0.315209,0.491637,0.293868,0.500861,0.418573,0.515746,0.391021,0.170931,0.388910,0.552288,0.483806,0.414916,0.251382,0.225226,0.538469,0.487394,0.226035,0.457630,0.275966,0.314416,#
4,0.234130,0.476481,0.336390,0.525783,1.000000,0.564889,0.466936,0.536479,0.514732,0.298948,0.297333,0.496258,0.524198,0.412586,0.273184,0.504330,0.485820,0.631782,0.422924,0.599099,0.441340,0.208198,0.495414,0.435585,0.463696,0.456786,0.433464,0.293953,0.463440,0.390331,0.614797,0.607792,0.446828,0.418252,0.432630,0.419889,0.483361,0.506148,0.364724,0.404616,0.486276,0.200243,0.216124,0.433381,0.209917,0.366174,0.409680,0.413079,0.595051,0.430325,0.609061,0.486050,0.543657,0.386468,0.479769,0.518765,0.412742,0.448699,0.374943,0.330369,0.352967,0.322867,0.383063,0.402300,0.512448,0.586551,0.523752,0.340511,0.291554,0.317724,0.264237,0.433326,0.398582,0.541152,0.365566,0.261056,0.346130,0.445863,0.395497,0.546808,0.376293,0.348375,0.525552,0.442843,0.377740,0.461270,0.265374,0.252280,0.359374,0.369562,0.422461,0.527191,0.366351,0.427897,0.280480,0.405189,0.434910,0.295753,0.262588,0.438510,0.508178,0.434701,0.516763,0.296544,0.371129,0.352127,0.441426,0.425391,0.501462,0.357725,0.318152,0.276196,0.249157,0.554832,0.490758,0.389402,0.453582,0.442694,0.404177,0.133231,0.473418,0.292530,0.536477,0.340379,0.382832,0.595024,0.273625,0.597306,0.487382,0.371766,0.473408,0.432039,0.354250,0.333371,0.543823,0.500352,0.495637,0.542625,0.394239,0.279992,0.386684,0.426800,0.546049,0.418466,0.431738,0.333662,0.469583,0.434548,0.432416,0.479728,0.537075,0.489431,0.262844,0.434164,0.498180,0.549238,0.653456,0.275068,0.396009,0.387109,0.355297,0.332075,0.578998,0.315127,0.426436,0.369769,0.341560,0.279838,0.551178,0.326392,0.449205,0.411463,0.456589,0.368255,0.488906,0.402141,0.647551,0.462986,0.334276,0.336212,0.390379,0.432069,0.408507,0.379570,0.535967,0.453593,0.504232,0.428566,0.450354,0.442736,0.345909,0.368836,0.369079,0.428193,0.396766,0.373780,0.303706,0.485605,0.516729,0.213418,#
5,0.299306,0.427735,0.416646,0.498585,0.564889,1.000000,0.271066,0.443748,0.578845,0.143015,0.386165,0.428825,0.242268,0.201510,0.356959,0.599936,0.396791,0.441920,0.276429,0.556020,0.333373,0.268929,0.268397,0.244407,0.285435,0.455674,0.481562,0.398527,0.353485,0.284589,0.525729,0.604722,0.448399,0.334588,0.442618,0.429998,0.380880,0.401221,0.404549,0.308984,0.519597,0.225907,0.271364,0.215493,0.321767,0.521411,0.416335,0.284097,0.579476,0.147635,0.424442,0.458637,0.365987,0.574905,0.313328,0.557649,0.394741,0.448951,0.389047,0.353762,0.471166,0.387168,0.385068,0.556786,0.442864,0.392636,0.398226,0.207076,0.084813,0.394656,0.424949,0.399245,0.385033,0.456693,0.183618,0.344693,0.560729,0.215285,0.332901,0.434672,0.491224,0.298844,0.534877,0.331376,0.430633,0.398689,0.391846,0.519050,0.347896,0.329157,0.344542,0.369215,0.481996,0.497872,0.337415,0.221649,0.354026,0.219855,0.453576,0.322929,0.415427,0.423662,0.611411,0.300668,0.393052,0.401197,0.256371,0.253110,0.192911,0.396901,0.300429,0.467376,0.330677,0.311610,0.151687,0.387431,0.452216,0.311625,0.309269,0.288920,0.373462,0.242600,0.420948,0.436391,0.313748,0.394497,0.294442,0.484874,0.502277,0.462537,0.457441,0.465970,0.433731,0.487593,0.483095,0.411611,0.461066,0.466713,0.277434,0.484004,0.352210,0.210704,0.415306,0.404740,0.374287,0.317306,0.328091,0.313729,0.467393,0.456393,0.413876,0.400576,0.138835,0.542339,0.485762,0.233542,0.523448,0.213867,0.361300,0.443536,0.420103,0.397668,0.390199,0.184390,0.430188,0.243771,0.298570,0.462008,0.512484,0.276569,0.295968,0.375710,0.285313,0.381669,0.631527,0.349046,0.331366,0.401854,0.236526,0.293975,0.369132,0.444569,0.317268,0.369281,0.476362,0.414405,0.472173,0.229561,0.298678,0.558709,0.229573,0.486728,0.255180,0.356328,0.191643,0.351097,0.111890,0.309094,0.238076,0.264974,#
6,0.375231,0.349493,0.429376,0.484655,0.466936,0.271066,1.000000,0.345295,0.465318,0.270196,0.327607,0.292595,0.416009,0.491094,0.130974,0.268684,0.401790,0.525260,0.386824,0.427464,0.477997,0.194670,0.299300,0.404885,0.386733,0.291229,0.286197,0.376022,0.346497,0.373865,0.403430,0.558212,0.294371,0.409257,0.498415,0.326158,0.309690,0.219538,0.315977,0.492676,0.316782,0.499751,0.296766,0.299890,0.401016,0.190241,0.406511,0.134354,0.559452,0.398337,0.490735,0.556428,0.496546,0.308506,0.502381,0.440295,0.364683,0.448200,0.483548,0.345384,0.368875,0.358922,0.211027,0.352114,0.476212,0.371730,0.624919,0.207154,0.336933,0.318376,0.161168,0.395352,0.344138,0.497277,0.281494,0.192880,0.319604,0.221411,0.354365,0.312979,0.154055,0.425265,0.412843,0.510107,0.326877,0.368834,0.271248,0.350970,0.504211,0.435647,0.295903,0.465070,0.275021,0.422321,0.350659,0.408904,0.337034,0.321140,0.393525,0.312230,0.485267,0.376601,0.419997,0.318923,0.404748,0.191942,0.412524,0.313730,0.318286,0.377138,0.184922,0.236624,0.160772,0.520881,0.344475,0.228637,0.461208,0.433482,0.333335,0.216179,0.478327,0.392849,0.342202,0.456938,0.539749,0.465440,0.347387,0.466256,0.127222,0.219792,0.314023,0.392343,0.464580,0.261680,0.427476,0.465700,0.448047,0.436876,0.485776,0.372568,0.465407,0.353079,0.453508,0.360084,0.299348,0.398757,0.167843,0.275853,0.363681,0.307546,0.380296,0.511379,0.331626,0.479935,0.395655,0.383111,0.454216,0.183651,0.512016,0.337825,0.494911,0.337622,0.376923,0.372451,0.365148,0.435863,0.457744,0.289990,0.459103,0.327103,0.375076,0.271771,0.316273,0.256431,0.264696,0.385245,0.444248,0.444224,0.316740,0.315032,0.331302,0.353826,0.394164,0.513746,0.184147,0.373494,0.269080,0.484379,0.357504,0.314398,0.258598,0.439875,0.391775,0.417324,0.479510,0.263727,0.112187,0.491714,0.372994,0.375526,#
7,0.498978,0.514746,0.345094,0.498003,0.536479,0.443748,0.345295,1.000000,0.548519,0.411558,0.358736,0.555772,0.416311,0.486670,0.399153,0.464018,0.524874,0.555171,0.621187,0.542021,0.444039,0.283306,0.606161,0.354770,0.520826,0.469241,0.370592,0.513720,0.391921,0.412771,0.347500,0.626026,0.370605,0.425067,0.456196,0.283478,0.463040,0.335392,0.341773,0.335716,0.585514,0.336413,0.334306,0.391323,0.382803,0.440763,0.436337,0.347377,0.431416,0.245580,0.466276,0.488681,0.451635,0.540679,0.457100,0.425418,0.361668,0.525103,0.287910,0.418682,0.464333,0.353132,0.428594,0.387436,0.471345,0.454503,0.638713,0.469081,0.302962,0.421344,0.478792,0.132401,0.399007,0.533879,0.437401,0.206650,0.509056,0.210057,0.473293,0.343487,0.473919,0.430173,0.521747,0.420227,0.559645,0.356329,0.573934,0.464163,0.386375,0.501288,0.411947,0.490357,0.432525,0.470558,0.542939,0.419224,0.448297,0.487568,0.382719,0.469695,0.654686,0.322193,0.476483,0.399339,0.517185,0.437645,0.389506,0.427825,0.325005,0.216131,0.542386,0.391000,0.422032,0.562099,0.332598,0.466948,0.424203,0.342034,0.225263,0.362221,0.527565,0.440133,0.374081,0.576512,0.517661,0.456956,0.377703,0.494165,0.343050,0.256203,0.483333,0.387541,0.426783,0.242753,0.558941,0.652037,0.627125,0.496432,0.351434,0.529368,0.445399,0.419602,0.508607,0.306289,0.419690,0.414802,0.476584,0.321154,0.526989,0.379402,0.438539,0.552834,0.447184,0.498745,0.591147,0.545641,0.426244,0.324883,0.570166,0.279289,0.503404,0.318291,0.602636,0.241676,0.594764,0.370821,0.481131,0.479950,0.448566,0.151740,0.478770,0.558728,0.316778,0.457467,0.392057,0.592234,0.423452,0.490373,0.353398,0.386484,0.483588,0.339273,0.430592,0.515549,0.389885,0.447125,0.444238,0.414358,0.518701,0.402678,0.527067,0.555145,0.391832,0.341580,0.421999,0.310849,0.198347,0.497442,0.393556,0.358761,#
8,0.417729,0.660670,0.560634,0.582482,0.514732,0.578845,0.465318,0.548519,1.000000,0.510446,0.400888,0.534811,0.519336,0.445693,0.448166,0.513113,0.468709,0.543151,0.477750,0.587989,0.457798,0.396132,0.384593,0.294359,0.199529,0.543344,0.414750,0.608549,0.406203,0.358832,0.445669,0.602754,0.484342,0.509271,0.519249,0.368510,0.370157,0.429712,0.412609,0.434023,0.524917,0.424636,0.531374,0.415115,0.419445,0.297563,0.408784,0.248196,0.528584,0.429874,0.475603,0.536223,0.487067,0.625349,0.478953,0.523038,0.342728,0.522466,0.454620,0.334410,0.527738,0.478409,0.373862,0.468173,0.418231,0.516976,0.514496,0.491295,0.339930,0.527736,0.317781,0.500467,0.513538,0.646886,0.360804,0.310500,0.419063,0.457548,0.398473,0.472491,0.397941,0.369095,0.550213,0.537705,0.522337,0.511347,0.370880,0.489610,0.329207,0.391262,0.415787,0.473944,0.628758,0.436352,0.574881,0.390855,0.334478,0.459235,0.579342,0.398333,0.461441,0.443234,0.524884,0.472253,0.477202,0.456724,0.469606,0.487812,0.321292,0.367827,0.515446,0.478817,0.489655,0.542047,0.388451,0.427900,0.417436,0.398478,0.413835,0.415966,0.455601,0.277628,0.495624,0.498944,0.441928,0.556051,0.331165,0.436697,0.475713,0.349666,0.469950,0.333105,0.456933,0.535410,0.645726,0.470446,0.515590,0.597982,0.390014,0.585193,0.423962,0.538371,0.499198,0.435072,0.427471,0.344522,0.374860,0.214644,0.491382,0.507358,0.499688,0.601302,0.402785,0.683182,0.498411,0.414255,0.477783,0.324624,0.575036,0.540960,0.475307,0.425141,0.529195,0.533968,0.425263,0.270080,0.432438,0.498824,0.538675,0.466386,0.504509,0.423091,0.395831,0.412570,0.561018,0.580653,0.399943,0.585892,0.342635,0.181219,0.494353,0.549089,0.286481,0.632490,0.461945,0.517051,0.509643,0.331295,0.500388,0.445509,0.530551,0.459112,0.545437,0.447782,0.465333,0.407199,0.313390,0.348176,0.296393,0.518017,#
9,0.242531,0.516191,0.262577,0.374892,0.298948,0.143015,0.270196,0.411558,0.510446,1.000000,0.223267,0.186657,0.433675,0.367621,0.406614,0.288158,0.340881,0.456919,0.404120,0.405020,0.513303,0.329418,0.360220,0.314531,0.322500,0.321268,0.280252,0.543122,0.127560,0.500162,0.199138,0.378543,0.406908,0.462065,0.445533,0.375891,0.234465,0.276858,0.324154,0.470807,0.383354,0.500600,0.231387,0.316808,0.321773,0.134067,0.237572,0.231301,0.331359,0.180435,0.284208,0.421904,0.250575,0.307573,0.371151,0.253251,0.218800,0.487551,0.207021,0.239505,0.393332,0.265594,0.223875,0.297345,0.364331,0.606246,0.538155,0.405096,0.315613,0.208560,0.181791,0.253467,0.247198,0.339421,0.390314,0.404618,0.214017,0.456383,0.262946,0.447817,0.262299,0.308302,0.366166,0.555376,0.381925,0.245377,0.312458,0.353938,0.282285,0.249830,0.376219,0.225285,0.531395,0.278167,0.417769,0.376401,0.222577,0.382406,0.221592,0.368211,0.372742,0.260095,0.223150,0.354222,0.368305,0.446176,0.296504,0.288938,0.370585,0.348542,0.445777,0.322040,0.385445,0.304233,0.263183,0.373544,0.085891,0.333914,0.139660,0.194950,0.429238,0.192205,0.407917,0.447855,0.354154,0.323672,0.427346,0.225302,0.357426,0.194471,0.226561,0.521467,0.337389,0.349440,0.381669,0.302079,0.227503,0.467546,0.277628,0.456077,0.347227,0.613804,0.432851,0.288080,0.491433,0.422647,0.362495,0.458538,0.338376,0.275363,0.208021,0.378753,0.354905,0.423940,0.309667,0.389795,0.303343,0.404520,0.254506,0.468120,0.383416,0.368134,0.393576,0.427246,0.375337,0.270517,0.266788,0.296788,0.436003,0.102945,0.441182,0.468244,0.320216,0.397016,0.340881,0.531144,0.285723,0.409052,0.212206,0.354582,0.411104,0.342858,0.303316,0.465082,0.308397,0.692100,0.232684,0.207695,0.451574,0.177343,0.394813,0.414369,0.255561,0.268071,0.419524,0.259316,0.172420,0.266460,0.197866,0.215463,#
10,0.338873,0.525031,0.246495,0.522043,0.297333,0.386165,0.327607,0.358736,0.400888,0.223267,1.000000,0.414938,0.350732,0.395614,0.191091,0.383859,0.263599,0.279941,0.516746,0.355815,0.284137,0.185027,0.446199,0.314204,0.241412,0.248122,0.259997,0.619174,0.347943,0.429709,0.377275,0.390734,0.368721,0.481729,0.395591,0.372032,0.293879,0.431868,0.440631,0.164051,0.379190,0.282979,0.265521,0.374001,0.288182,0.531773,0.457364,0.325808,0.519246,0.364094,0.251088,0.370548,0.504424,0.304281,0.359434,0.244087,0.488541,0.423370,0.225677,0.206007,0.452787,0.409371,0.390967,0.420957,0.523985,0.232534,0.189892,0.103325,0.161033,0.392976,0.253361,0.475818,0.459729,0.293915,0.158629,0.435883,0.394130,0.438373,0.491929,0.271464,0.431479,0.310337,0.488390,0.382139,0.354867,0.232000,0.498530,0.450503,0.419775,0.382522,0.310346,0.416015,0.479813,0.449884,0.392230,0.407555,0.206435,0.418748,0.428820,0.584676,0.378888,0.307898,0.378992,0.474085,0.586779,0.370192,0.046191,0.343383,0.312812,0.407894,0.325858,0.282402,0.311482,0.311430,0.206221,0.250215,0.251459,0.261817,0.427644,0.342808,0.508102,0.513541,0.191324,0.327072,0.120179,0.410628,0.407702,0.354261,0.460339,0.176836,0.199412,0.328152,0.360975,0.363706,0.518518,0.479855,0.359142,0.308646,0.386879,0.264651,0.566399,0.242751,0.315329,0.441420,0.146603,0.236082,0.193995,0.332561,0.515131,0.246150,0.428314,0.381203,0.362259,0.351860,0.457138,0.297642,0.510326,0.430065,0.393555,0.369436,0.596114,0.303689,0.356932,0.389785,0.278187,0.207875,0.484687,0.392605,0.358052,0.190122,0.455535,0.311735,0.246064,0.283681,0.281129,0.408398,0.399789,0.503625,0.079030,0.447927,0.378844,0.151612,0.349371,0.314209,0.232834,0.379784,0.149188,0.377662,0.284436,0.551142,0.418229,0.307016,0.256276,0.359356,0.463247,0.358722,0.088321,0.448904,0.355149,0.357397,#
11,0.477538,0.372647,0.293734,0.388598,0.496258,0.428825,0.292595,0.555772,0.534811,0.186657,0.414938,1.000000,0.514787,0.332439,0.342357,0.430854,0.367129,0.470874,0.478240,0.402625,0.354836,0.149553,0.537682,0.344738,0.263678,0.395650,0.318873,0.410029,0.454264,0.303052,0.304551,0.426455,0.429352,0.402861,0.384165,0.273865,0.398070,0.403053,0.244744,0.399094,0.382719,0.299562,0.290377,0.457544,0.268988,0.391570,0.532697,0.320450,0.330247,0.427897,0.438005,0.428821,0.474788,0.470105,0.457759,0.456588,0.240980,0.297357,0.261031,0.319772,0.334481,0.349093,0.579452,0.400709,0.475090,0.410225,0.372691,0.218713,0.277898,0.500658,0.366517,0.364076,0.358872,0.541680,0.336540,0.163939,0.456355,0.360737,0.489986,0.184848,0.410314,0.269210,0.344110,0.304080,0.351353,0.405775,0.151814,0.283458,0.167927,0.263931,0.442054,0.552714,0.377360,0.321480,0.388019,0.513367,0.387190,0.421806,0.357992,0.242043,0.344707,0.303710,0.405101,0.358351,0.470248,0.443695,0.291377,0.417785,0.452263,0.282878,0.547824,0.413836,0.428916,0.403120,0.164713,0.346572,0.332243,0.330934,0.345427,0.438161,0.367169,0.297397,0.427424,0.355247,0.329678,0.522020,0.445844,0.356874,0.464916,0.258835,0.378579,0.296148,0.489441,0.445571,0.515875,0.450241,0.478565,0.380062,0.365743,0.322868,0.405214,0.338903,0.309336,0.379780,0.347104,0.170057,0.584022,0.311188,0.392802,0.519552,0.375867,0.308900,0.393679,0.448890,0.435496,0.325888,0.455354,0.344188,0.467247,0.357641,0.323290,0.298093,0.622186,0.308373,0.568837,0.129774,0.443283,0.277835,0.503507,0.346838,0.401246,0.359155,0.379268,0.527392,0.284447,0.449668,0.374568,0.402858,0.206486,0.423748,0.389904,0.292782,0.317146,0.418776,0.484012,0.243670,0.260687,0.531097,0.446137,0.322527,0.359372,0.364652,0.305745,0.280828,0.331127,0.411854,0.125696,0.495571,0.328717,0.155509,#
12,0.437537,0.579061,0.290211,0.520613,0.524198,0.242268,0.416009,0.416311,0.519336,0.433675,0.350732,0.514787,1.000000,0.390273,0.474229,0.413870,0.452110,0.462546,0.593172,0.579006,0.506232,0.269887,0.471306,0.386496,0.371363,0.367920,0.189490,0.390722,0.514048,0.296200,0.374535,0.473194,0.389927,0.501180,0.466669,0.470768,0.356745,0.305273,0.514586,0.402188,0.180943,0.282514,0.247452,0.499225,0.260556,0.303840,0.480145,0.201118,0.354392,0.339774,0.451248,0.478230,0.427180,0.429169,0.561648,0.306167,0.232497,0.407764,0.316252,0.356033,0.347278,0.186415,0.276810,0.299034,0.446630,0.498289,0.470217,0.199441,0.290917,0.388702,0.222474,0.360046,0.302520,0.460303,0.467175,0.268253,0.350769,0.327628,0.479089,0.395759,0.295000,0.380402,0.486915,0.489661,0.323609,0.478873,0.293010,0.414541,0.428947,0.371668,0.389089,0.357346,0.464983,0.269199,0.271886,0.379611,0.480997,0.468322,0.352599,0.196912,0.377046,0.419990,0.417955,0.354117,0.429719,0.385975,0.268203,0.251073,0.450374,0.372724,0.401884,0.278292,0.314064,0.505060,0.613963,0.368713,0.270830,0.335169,0.307591,0.237798,0.387762,0.380754,0.427317,0.404300,0.423607,0.496723,0.334876,0.283609,0.438956,0.395923,0.274928,0.283700,0.259743,0.267507,0.390382,0.471236,0.269862,0.472801,0.281213,0.278755,0.521954,0.574437,0.362009,0.410802,0.374206,0.164958,0.513385,0.313057,0.446799,0.535130,0.247455,0.486193,0.359905,0.333618,0.400755,0.498883,0.574951,0.429511,0.510165,0.379637,0.427128,0.352190,0.504860,0.381994,0.522486,0.151942,0.438625,0.427905,0.285002,0.182995,0.436842,0.385129,0.368867,0.443017,0.260099,0.322083,0.590750,0.634656,0.347248,0.271205,0.352860,0.406441,0.444009,0.464746,0.174885,0.419330,0.268421,0.421756,0.524990,0.399289,0.365782,0.368592,0.246752,0.462519,0.430141,0.402712,0.181569,0.495507,0.396956,0.231492,#
13,0.418487,0.496666,0.406283,0.446986,0.412586,0.201510,0.491094,0.486670,0.445693,0.367621,0.395614,0.332439,0.390273,1.000000,0.182930,0.413034,0.279542,0.544290,0.507733,0.428429,0.377047,0.291997,0.569385,0.329324,0.408260,0.349249,0.083061,0.448606,0.501641,0.437803,0.222664,0.454235,0.386628,0.541453,0.188204,0.204163,0.459809,0.408444,0.542660,0.417839,0.561235,0.241401,0.310399,0.316483,0.479288,0.289939,0.418903,0.377619,0.507517,0.370617,0.405704,0.655806,0.367577,0.335941,0.493437,0.384244,0.377846,0.355460,0.386666,0.307236,0.544885,0.319331,0.294929,0.360559,0.415057,0.478377,0.493721,0.156579,0.369291,0.230911,0.209372,0.397960,0.112302,0.562900,0.410707,0.266760,0.378496,0.220789,0.447009,0.249717,0.313985,0.222296,0.511220,0.409821,0.405645,0.361747,0.222278,0.266407,0.531655,0.425910,0.301798,0.385651,0.421692,0.433725,0.362821,0.242962,0.361947,0.276368,0.224394,0.491800,0.434256,0.284609,0.341016,0.489696,0.377169,0.571376,0.176866,0.483339,0.283918,0.270177,0.436869,0.327785,0.368714,0.456372,0.301786,0.428812,0.255927,0.447223,0.367576,0.264634,0.448041,0.417231,0.193376,0.305839,0.463681,0.274795,0.394364,0.306711,0.374800,0.184936,0.384499,0.386744,0.300320,0.194731,0.434386,0.486122,0.295256,0.450459,0.647551,0.328871,0.276627,0.472021,0.481493,0.258234,0.308813,0.357194,0.262857,0.371359,0.405313,0.313971,0.414158,0.457541,0.278167,0.548819,0.290847,0.376360,0.523792,0.352621,0.407165,0.335265,0.525414,0.408537,0.354645,0.377968,0.427520,0.321370,0.499325,0.361477,0.557220,0.162774,0.334803,0.414477,0.361454,0.366278,0.480686,0.477390,0.456321,0.553974,0.326892,0.293981,0.325411,0.303257,0.469281,0.476927,0.303451,0.407444,0.174994,0.428007,0.278566,0.283855,0.375382,0.467615,0.316235,0.405528,0.524687,0.075007,0.290244,0.528031,0.364934,0.283001,#
14,0.164325,0.478624,0.236433,0.304200,0.273184,0.356959,0.130974,0.399153,0.448166,0.406614,0.191091,0.342357,0.474229,0.182930,1.000000,0.373877,0.363110,0.248890,0.222432,0.405567,0.318603,0.229902,0.247665,0.346366,0.212519,0.124049,0.255910,0.355039,0.236676,0.293408,0.318181,0.414406,0.371188,0.270373,0.211885,0.222525,0.226599,0.302165,0.384410,0.102029,0.275930,0.193341,0.392942,0.312362,0.120390,0.193534,0.237263,0.124532,0.154750,0.015426,0.207106,0.238795,0.086667,0.477855,0.207731,0.263942,0.210122,0.157696,0.225058,0.091685,0.323622,0.312603,0.185632,0.216417,0.280170,0.286562,0.306660,0.254634,0.321914,0.374767,0.139796,0.215232,0.220510,0.159010,0.345269,0.278938,0.286280,0.194949,0.182839,0.097659,0.308364,0.318915,0.430165,0.462069,0.342115,0.331013,0.232940,0.409235,0.400300,0.151134,0.264944,0.058286,0.359822,0.381725,0.324409,0.308263,0.551385,0.333294,0.300539,0.079115,0.309994,0.172951,0.312223,0.108500,0.330529,0.436670,0.201317,0.145875,0.350161,0.170181,0.386904,0.391850,0.382685,0.294965,0.182527,0.320057,0.127042,0.256491,0.008936,0.199840,0.346062,0.229993,0.261172,0.392060,0.440385,0.042529,0.272823,0.396736,0.213272,0.318335,0.242099,0.306923,0.242976,0.309466,0.312951,0.349106,0.328769,0.317748,0.218152,0.436826,0.237727,0.352236,0.150131,0.342053,0.248957,0.295540,0.514844,0.308998,0.310448,0.114145,0.204832,0.322749,0.027376,0.295024,0.474093,0.238145,0.308275,0.250168,0.280398,0.274030,0.335581,0.142187,0.340742,0.245439,0.210787,-0.035162,0.105835,0.306838,0.121545,0.196985,0.277083,0.350569,0.258980,0.452638,0.283742,0.488703,0.309434,0.361928,0.022219,0.072816,0.244041,0.354379,0.417355,0.350496,0.236365,0.345282,0.414169,0.138706,0.292314,0.190727,0.158818,0.323363,0.406453,0.291205,0.164555,0.235004,0.153871,0.209858,0.059866,0.200621,#
15,0.385990,0.491867,0.405794,0.493590,0.504330,0.599936,0.268684,0.464018,0.513113,0.288158,0.383859,0.430854,0.413870,0.413034,0.373877,1.000000,0.378660,0.479147,0.404954,0.558477,0.354236,0.315818,0.369552,0.348024,0.337594,0.444574,0.281388,0.413385,0.416575,0.452222,0.462480,0.504279,0.354533,0.496993,0.383212,0.430668,0.489232,0.465840,0.558403,0.335041,0.314701,0.335118,0.410313,0.381090,0.473028,0.344307,0.599521,0.460516,0.486045,0.331241,0.404614,0.507329,0.429683,0.504821,0.401412,0.335458,0.485797,0.390030,0.281837,0.294818,0.512591,0.447706,0.322071,0.531274,0.472842,0.460656,0.457306,0.228486,0.244289,0.271805,0.432388,0.320597,0.254362,0.393760,0.393795,0.344178,0.539073,0.424559,0.441305,0.383377,0.504899,0.424188,0.491814,0.449290,0.548637,0.453861,0.241668,0.520723,0.426943,0.287645,0.415921,0.326056,0.422658,0.348993,0.222536,0.357816,0.286404,0.342314,0.215085,0.289278,0.537296,0.341718,0.555617,0.407171,0.384634,0.534723,0.387848,0.411859,0.285762,0.498188,0.238919,0.237361,0.453006,0.405483,0.181656,0.483404,0.447435,0.479874,0.432489,0.357366,0.429685,0.257489,0.349536,0.447414,0.288292,0.328121,0.392535,0.325968,0.544976,0.614969,0.310017,0.255085,0.361429,0.320395,0.394840,0.405400,0.305076,0.404509,0.518389,0.483709,0.295434,0.290697,0.441759,0.267112,0.305744,0.372603,0.321992,0.328893,0.466173,0.430780,0.539571,0.348108,0.521868,0.579129,0.436621,0.410716,0.525158,0.305303,0.466725,0.427217,0.407405,0.505686,0.527386,0.155175,0.561723,0.262972,0.470338,0.561178,0.516727,0.160551,0.240337,0.509062,0.227298,0.491895,0.412502,0.563919,0.429893,0.486574,0.213058,0.299333,0.407156,0.477768,0.362467,0.399410,0.409044,0.491641,0.212379,0.245816,0.307511,0.405977,0.487116,0.450472,0.372982,0.418925,0.454007,0.280226,0.302831,0.488937,0.432919,0.453603,#
16,0.377392,0.518466,0.207938,0.309752,0.485820,0.396791,0.401790,0.524874,0.468709,0.340881,0.263599,0.367129,0.452110,0.279542,0.363110,0.378660,1.000000,0.483585,0.469395,0.448474,0.543615,0.431657,0.391143,0.188465,0.341686,0.454649,0.359269,0.182529,0.277946,0.218098,0.472235,0.630994,0.514978,0.525308,0.383455,0.453957,0.410721,0.264791,0.503277,0.340455,0.379505,0.359337,0.219638,0.248391,0.371041,0.365119,0.315617,0.239274,0.364564,0.310097,0.392353,0.358636,0.475775,0.653190,0.510857,0.431221,0.161476,0.451085,0.380702,0.253273,0.376643,0.378930,0.211732,0.375259,0.420413,0.381446,0.508805,0.278936,0.450708,0.528223,0.295870,0.275116,0.402155,0.417783,0.409492,0.202169,0.468182,0.334209,0.432427,0.479594,0.363811,0.460691,0.526580,0.424170,0.338037,0.235427,0.412802,0.328883,0.346183,0.326929,0.387847,0.374649,0.397948,0.409264,0.437202,0.510057,0.447945,0.380218,0.371391,0.261471,0.512953,0.280991,0.411959,0.349740,0.345887,0.525064,0.396437,0.238492,0.372413,0.370245,0.428872,0.449610,0.465883,0.420168,0.320439,0.525187,0.569628,0.364673,0.212707,0.139399,0.373766,0.392402,0.314770,0.448222,0.411949,0.467483,0.294326,0.435416,0.401934,0.178125,0.410022,0.426644,0.465127,0.192018,0.385714,0.455585,0.275169,0.427721,0.332195,0.414571,0.422007,0.368820,0.480006,0.510640,0.329761,0.252106,0.293591,0.258303,0.475637,0.397364,0.350900,0.408607,0.306562,0.392090,0.562945,0.459113,0.428899,0.358897,0.435657,0.449573,0.246376,0.395177,0.606908,0.424420,0.408550,0.461065,0.405518,0.502373,0.422524,0.212368,0.400362,0.432878,0.323776,0.287035,0.327510,0.315159,0.296249,0.432448,0.233976,0.238455,0.291088,0.314275,0.516534,0.353233,0.396338,0.511637,0.421439,0.310048,0.385054,0.341929,0.498013,0.382761,0.386093,0.396904,0.443680,0.157277,0.091382,0.415966,0.394026,0.286920,#
17,0.502418,0.427472,0.445948,0.497225,0.631782,0.441920,0.525260,0.555171,0.543151,0.456919,0.279941,0.470874,0.462546,0.544290,0.248890,0.479147,0.483585,1.000000,0.473217,0.669708,0.463016,0.314736,0.492168,0.529188,0.583553,0.531603,0.432610,0.459422,0.372874,0.526430,0.415284,0.556552,0.257898,0.477222,0.478521,0.449319,0.478015,0.432980,0.478984,0.478008,0.533125,0.425949,0.467287,0.366759,0.361707,0.321265,0.411288,0.461363,0.603510,0.449780,0.490229,0.472013,0.539445,0.473313,0.496217,0.520312,0.364451,0.413082,0.478501,0.198685,0.492240,0.423782,0.231443,0.480242,0.457629,0.631374,0.631191,0.329502,0.289680,0.373398,0.353637,0.418726,0.253479,0.523958,0.296308,0.210160,0.466673,0.434151,0.521645,0.535076,0.310006,0.413865,0.599754,0.438276,0.443963,0.423485,0.374832,0.390107,0.392333,0.465606,0.505432,0.390994,0.459271,0.427870,0.266831,0.429041,0.444229,0.286274,0.192793,0.536201,0.511093,0.282011,0.477415,0.418406,0.374994,0.400831,0.429312,0.398944,0.284977,0.348005,0.466953,0.430594,0.367291,0.583893,0.382278,0.380233,0.341074,0.447502,0.268633,0.226023,0.454427,0.377962,0.454210,0.482521,0.590068,0.524190,0.402184,0.432350,0.470983,0.414563,0.477449,0.539679,0.497310,0.382370,0.396102,0.571879,0.408382,0.539232,0.546973,0.591718,0.337237,0.458538,0.661257,0.401437,0.369218,0.441288,0.540358,0.412845,0.588143,0.352161,0.521031,0.392662,0.326711,0.551996,0.515507,0.639028,0.623352,0.346185,0.500425,0.478725,0.489684,0.397069,0.642864,0.297358,0.532490,0.485487,0.340185,0.435017,0.525741,0.203645,0.567265,0.436606,0.400981,0.427479,0.621942,0.398896,0.474101,0.563175,0.335968,0.475686,0.323078,0.613137,0.424077,0.512128,0.554583,0.500004,0.424748,0.486829,0.450908,0.301802,0.439306,0.530283,0.423660,0.445173,0.533656,0.521245,0.147144,0.625176,0.310951,0.315152,#
18,0.469004,0.552051,0.285446,0.516999,0.422924,0.276429,0.386824,0.621187,0.477750,0.404120,0.516746,0.478240,0.593172,0.507733,0.222432,0.404954,0.469395,0.473217,1.000000,0.583876,0.441966,0.305578,0.587879,0.201107,0.430832,0.473836,0.314666,0.478884,0.456036,0.485722,0.237640,0.525190,0.388068,0.556670,0.498259,0.538295,0.390534,0.357730,0.469394,0.282967,0.522328,0.198590,0.325367,0.443861,0.451948,0.296128,0.509864,0.393972,0.456871,0.323340,0.437586,0.525813,0.548952,0.427515,0.465334,0.360536,0.262161,0.543094,0.339780,0.450634,0.445394,0.332970,0.362768,0.347920,0.580667,0.403697,0.516579,0.330115,0.125194,0.408905,0.412506,0.239022,0.379597,0.480125,0.426275,0.206589,0.505732,0.333135,0.588226,0.354956,0.340146,0.279785,0.527826,0.504569,0.446442,0.470569,0.411212,0.412591,0.467636,0.370128,0.386195,0.483658,0.490668,0.500131,0.579377,0.403833,0.403403,0.497959,0.454007,0.471945,0.488176,0.246738,0.443242,0.502733,0.541304,0.482944,0.229023,0.380865,0.482030,0.388075,0.487893,0.380874,0.422004,0.495621,0.319998,0.336199,0.430107,0.190413,0.388111,0.329621,0.561402,0.569452,0.333008,0.400354,0.358318,0.431449,0.534017,0.268223,0.534389,0.200233,0.432719,0.335699,0.405820,0.251594,0.429619,0.585559,0.487009,0.498583,0.354552,0.410899,0.411326,0.558667,0.421029,0.499754,0.408710,0.453566,0.424700,0.221184,0.579545,0.462401,0.399794,0.604386,0.503081,0.470912,0.413822,0.509337,0.502736,0.549856,0.498825,0.349744,0.453419,0.349588,0.575466,0.378610,0.611838,0.351246,0.645220,0.501856,0.422171,0.176946,0.488342,0.634874,0.411385,0.306223,0.262863,0.395445,0.525915,0.651931,0.224277,0.493874,0.396366,0.409713,0.376450,0.466969,0.350112,0.471213,0.284842,0.457299,0.427547,0.371319,0.531599,0.360925,0.195167,0.439845,0.540051,0.400267,0.086570,0.545340,0.413554,0.383336,#
19,0.361669,0.537864,0.397429,0.477239,0.599099,0.556020,0.427464,0.542021,0.587989,0.405020,0.355815,0.402625,0.579006,0.428429,0.405567,0.558477,0.448474,0.669708,0.583876,1.000000,0.526877,0.405244,0.448136,0.348628,0.427381,0.403635,0.471417,0.361682,0.478348,0.467140,0.519306,0.651064,0.292514,0.536442,0.370616,0.593757,0.453375,0.325367,0.513404,0.289375,0.497327,0.317519,0.280970,0.413453,0.415432,0.320855,0.504126,0.339517,0.574310,0.151087,0.492798,0.547815,0.458469,0.536029,0.454901,0.272532,0.455335,0.478463,0.403491,0.177832,0.593090,0.453700,0.386602,0.518485,0.492046,0.554356,0.577777,0.308421,0.291658,0.447244,0.372721,0.346859,0.311897,0.484119,0.359463,0.062653,0.390587,0.278112,0.403688,0.392062,0.301917,0.300232,0.558720,0.470341,0.418907,0.405794,0.477261,0.374553,0.597604,0.324508,0.398449,0.432861,0.528881,0.510910,0.345961,0.378074,0.540859,0.268273,0.325605,0.431024,0.532550,0.313181,0.626314,0.366527,0.370726,0.350845,0.406726,0.412690,0.410456,0.390402,0.370584,0.334234,0.394692,0.469515,0.404246,0.249404,0.476874,0.483829,0.205092,0.322651,0.470778,0.407594,0.425504,0.580179,0.516308,0.411638,0.478795,0.419023,0.623613,0.531019,0.447159,0.455575,0.489409,0.344565,0.396919,0.510365,0.389941,0.495081,0.510565,0.584265,0.511960,0.494319,0.449826,0.451133,0.427898,0.359549,0.463584,0.161769,0.608236,0.405653,0.446255,0.529924,0.291299,0.469917,0.517842,0.564224,0.667354,0.456636,0.401896,0.403196,0.561396,0.472465,0.621560,0.325766,0.551653,0.305317,0.272448,0.519479,0.395570,0.402791,0.535194,0.583061,0.323667,0.314150,0.549118,0.487962,0.450880,0.609043,0.335296,0.343790,0.351633,0.544644,0.467054,0.580217,0.471241,0.485335,0.434796,0.505263,0.483879,0.475220,0.357502,0.454213,0.335816,0.632807,0.496836,0.554529,0.212648,0.465699,0.377655,0.303835,#
20,0.400299,0.494377,0.223672,0.291831,0.441340,0.333373,0.477997,0.444039,0.457798,0.513303,0.284137,0.354836,0.506232,0.377047,0.318603,0.354236,0.543615,0.463016,0.441966,0.526877,1.000000,0.334734,0.284733,0.260044,0.393976,0.376117,0.358971,0.367592,0.400070,0.447392,0.329437,0.503477,0.407293,0.538625,0.377597,0.491756,0.377094,0.222131,0.352070,0.434781,0.408837,0.515294,0.155104,0.468975,0.398022,0.268255,0.490775,0.262661,0.450702,0.271889,0.368760,0.467761,0.385493,0.531134,0.390894,0.339770,0.258373,0.428199,0.379262,0.225731,0.396081,0.354178,0.468080,0.278012,0.533400,0.539253,0.598977,0.225191,0.450739,0.386071,0.376296,0.325212,0.245602,0.474640,0.413478,0.100390,0.458871,0.366144,0.361663,0.518771,0.213993,0.454886,0.582683,0.562795,0.292571,0.289246,0.436775,0.314767,0.494730,0.519834,0.419184,0.538119,0.428672,0.401974,0.536131,0.349995,0.278803,0.319534,0.251933,0.371510,0.568571,0.298633,0.487042,0.519107,0.399518,0.288421,0.314659,0.466967,0.265336,0.558880,0.353014,0.443095,0.463252,0.328696,0.401919,0.346374,0.396745,0.405435,0.145958,0.217305,0.546964,0.351496,0.302098,0.557263,0.389103,0.426544,0.357544,0.312154,0.415007,0.306508,0.377289,0.444917,0.439744,0.451628,0.487021,0.331990,0.290172,0.520363,0.454973,0.540813,0.454241,0.314394,0.294608,0.515927,0.518413,0.329320,0.352408,0.246836,0.434173,0.495182,0.347657,0.439422,0.419131,0.482240,0.492425,0.529763,0.486431,0.376167,0.367899,0.622129,0.428968,0.533788,0.443522,0.377472,0.629105,0.122829,0.287490,0.349613,0.499700,0.261489,0.389023,0.442334,0.507348,0.294952,0.338763,0.451169,0.293506,0.503771,0.335000,0.301686,0.329091,0.381941,0.509104,0.429112,0.246871,0.439173,0.308879,0.483337,0.337505,0.195570,0.298977,0.367433,0.246802,0.532367,0.335145,0.205263,0.277503,0.327931,0.307939,0.274338,#
21,0.257196,0.479780,0.222480,0.170145,0.208198,0.268929,0.194670,0.283306,0.396132,0.329418,0.185027,0.149553,0.269887,0.291997,0.229902,0.315818,0.431657,0.314736,0.305578,0.405244,0.334734,1.000000,0.244643,0.353070,0.048831,0.226398,0.304075,0.169871,0.199655,0.232087,0.231019,0.372398,0.352278,0.291882,0.440095,0.369514,0.297016,0.306797,0.416220,0.065338,0.353022,0.413629,0.231136,0.144356,0.378919,0.191919,0.149890,0.296467,0.393430,0.060042,0.179691,0.470475,0.159950,0.171260,0.388003,0.193085,0.276863,0.213297,0.307189,0.037416,0.415031,0.212104,0.197623,0.166385,0.435504,0.272293,0.358301,0.233081,0.156386,0.221936,0.080105,0.319212,0.132205,0.320417,0.458054,0.247018,0.170091,0.203384,0.272419,0.352897,0.098291,0.128238,0.287504,0.220406,0.434404,0.073545,0.072879,0.343530,0.319576,0.259435,0.060954,0.071803,0.403717,0.171055,0.330068,0.152566,0.281971,0.055243,0.136199,0.284647,0.277360,0.152786,0.379204,0.181894,-0.006584,0.407275,0.120466,0.045699,0.310960,0.395278,0.364766,0.297262,0.199840,0.414391,0.079299,0.143408,0.323526,0.271998,0.026147,0.090537,0.224815,0.234465,0.242010,0.280037,0.363829,0.209543,0.277185,0.261521,0.320860,0.300955,0.248439,0.263064,0.284696,0.201173,0.367301,0.231398,-0.090654,0.212850,0.287734,0.429859,0.315597,0.201419,0.244008,0.211004,0.148956,0.221064,0.178110,0.186127,0.070350,0.304253,0.180993,0.389276,0.174107,0.329991,0.253225,0.357063,0.394958,0.059495,0.187148,0.359861,0.305368,0.238325,0.364378,0.250620,0.305832,0.205895,0.255365,0.458649,0.221744,0.275343,0.304792,0.117335,0.117276,0.058918,0.214243,0.275882,0.117840,0.371444,0.052309,0.061290,0.211112,0.382458,0.327419,0.293837,0.134043,0.322486,0.255135,0.001404,0.115532,0.330429,0.373454,0.344255,0.218126,0.247857,0.317544,0.235593,0.227851,0.350502,0.094126,0.261160,#
