0,1.000000,-0.024833,0.183680,0.045516,-0.161551,0.066205,-0.000858,0.075077,0.038521,-0.147450,-0.066958,0.163906,0.128318,-0.275015,0.257817,-0.084577,0.032926,0.076410,0.056282,0.052843,0.077279,-0.106838,-0.003249,0.073314,-0.035815,0.017552,-0.068774,0.020023,-0.168037,0.105876,0.047135,-0.053305,-0.178293,-0.196654,0.139590,0.095222,0.023841,-0.090515,-0.069206,0.015535,0.023025,-0.166333,0.264694,0.003192,-0.122907,-0.146932,0.010325,0.255496,-0.103571,-0.081875,-0.191037,-0.058903,0.153240,0.125196,-0.139075,0.007228,-0.137067,-0.202019,-0.210193,-0.241555,0.196889,-0.280767,0.040094,0.103203,-0.175088,0.290772,-0.096885,0.246665,-0.214456,-0.041245,-0.108349,-0.170481,0.002047,0.008345,0.034074,-0.160885,-0.069801,-0.090560,-0.124676,-0.102882,0.098778,0.042210,-0.215373,-0.162732,0.036315,0.393301,-0.074320,-0.087241,-0.346509,-0.204858,-0.001652,0.101866,0.048394,0.193589,0.217627,0.193837,-0.202069,-0.130355,0.014715,-0.009834,-0.124413,-0.008791,-0.210265,-0.152952,0.051111,-0.202641,-0.089116,0.128645,0.135313,-0.004254,0.047937,-0.125777,-0.050506,-0.150837,0.033684,0.054146,-0.290988,-0.152547,-0.069714,0.034673,0.027988,0.395766,0.014435,0.075128,-0.045316,0.037632,-0.004712,-0.036246,-0.180336,-0.030045,-0.308005,0.016127,0.137553,-0.065733,-0.000884,-0.215521,0.029942,0.066716,-0.027839,0.179030,-0.222373,-0.009866,-0.099088,0.226606,0.267759,-0.074517,-0.105971,0.149256,0.048472,-0.036114,0.007472,-0.313987,0.001502,0.105269,-0.115301,-0.019461,-0.217686,-0.082736,0.201785,0.049286,0.164703,0.151481,-0.228686,-0.092700,-0.200742,0.202523,0.155083,-0.052692,0.152364,-0.023497,0.121855,-0.138052,0.103416,0.102178,0.261599,-0.140844,0.072856,-0.089144,-0.069653,-0.008045,-0.162231,0.093254,-0.252067,0.152295,-0.043197,-0.159544,0.266840,0.210194,0.086745,0.230775,-0.081089,0.190716,0.246258,-0.024869,-0.228927,-0.083883,-0.186305,0.076955,0.157101,0.052628,#
1,-0.024833,1.000000,-0.187801,0.262540,0.254363,0.224471,-0.161923,-0.039476,0.051624,-0.031189,0.042507,0.163385,0.146241,0.135683,0.194480,0.054284,0.077164,-0.073449,-0.044471,0.336272,0.175392,0.298157,0.249594,0.271405,0.058834,0.081767,0.197004,-0.123818,-0.074844,-0.319938,0.182040,0.241068,0.123673,0.102325,0.194723,0.110038,-0.158754,0.081987,-0.027767,0.158891,-0.097257,0.127877,-0.093530,0.144993,-0.227472,0.240309,0.225523,0.122967,0.276863,0.008926,0.056119,0.299074,0.238264,-0.171861,0.048448,0.167260,-0.031974,0.212383,0.222894,0.067332,-0.232369,-0.040848,-0.189242,-0.241541,-0.022178,0.052160,0.065953,0.325911,0.129718,0.266350,-0.117367,0.004891,0.356251,-0.079861,0.051900,0.153581,-0.043319,-0.035308,0.007970,0.026611,0.107250,0.145666,0.415105,0.088420,0.006393,0.027032,-0.013894,-0.031830,0.097298,0.053245,0.047900,-0.045844,0.025782,0.072069,-0.243776,-0.068828,0.165551,0.063254,-0.181258,0.175001,-0.080310,0.233254,-0.046533,0.127193,0.030268,-0.090970,-0.009545,0.278214,-0.127116,-0.161353,0.228288,0.042185,-0.092826,0.145965,0.169677,0.094022,0.277961,0.305333,0.108964,-0.081477,0.369759,0.241346,0.141638,0.092138,-0.127263,0.092230,0.232943,0.240368,0.274851,0.292408,-0.096765,-0.053431,0.082224,0.211324,0.071286,-0.036643,-0.014163,0.026053,0.225965,-0.190845,-0.078695,-0.133740,0.106024,-0.160319,-0.066639,0.129005,-0.021083,0.043909,0.111679,0.044279,0.150431,0.173525,0.031057,0.126398,0.317024,-0.101170,0.121441,0.179723,-0.021387,-0.117369,-0.127262,0.270716,0.093659,0.114163,0.155295,0.103457,-0.100946,0.280613,0.062927,0.100069,-0.042147,-0.003830,0.124209,0.248555,0.071703,-0.029807,0.093407,-0.064992,0.058818,0.038994,-0.091109,-0.074928,-0.057758,-0.194092,-0.038713,0.154480,0.091336,-0.187413,-0.003648,0.025871,0.198358,-0.043074,0.021516,0.105289,0.241756,-0.230622,-0.061168,-0.047091,0.091150,0.171812,#
2,0.183680,-0.187801,1.000000,0.105552,0.008368,0.073183,-0.084535,0.285883,0.032677,0.109339,0.073373,0.015295,-0.084207,-0.066424,0.154944,-0.128770,0.177730,-0.052251,-0.090388,0.299288,0.092969,-0.023963,-0.255062,0.104300,-0.060769,-0.040732,0.055232,0.176311,0.201012,0.038991,0.078352,0.032790,-0.027535,-0.062121,-0.073960,0.159772,0.300534,-0.062997,0.144501,-0.090900,0.156520,0.187421,0.152428,-0.006795,-0.193951,0.090171,0.355363,-0.086612,-0.146311,0.197525,-0.114220,-0.109209,0.124641,0.310059,0.133347,-0.025892,0.063930,0.106189,-0.278619,-0.074140,0.129780,0.046052,0.163243,0.227525,0.073380,0.316686,0.217902,-0.093834,0.114375,0.022923,0.119256,-0.075710,0.157327,0.181290,0.173464,0.008297,0.009996,0.176234,-0.053153,0.275443,0.047902,0.059874,0.136328,0.009660,0.121757,0.269868,0.360597,0.195339,0.023384,0.042764,0.257258,0.446698,-0.084480,-0.165434,0.412758,-0.047612,-0.015866,-0.098533,0.301146,0.125111,0.067960,0.007731,-0.148472,-0.109636,0.131383,0.350963,0.054601,-0.075599,0.428984,-0.046457,0.186521,-0.055275,0.224163,-0.000145,0.169168,-0.061947,-0.071627,-0.031701,0.257277,-0.207009,-0.031331,0.018243,0.078990,0.042807,0.297306,0.192813,-0.111224,-0.000406,0.190065,0.199542,0.244307,0.142035,0.296091,0.371729,0.094666,0.066859,-0.166451,0.081764,-0.085190,-0.175070,0.123911,-0.180135,-0.151017,-0.060376,-0.043108,0.218294,0.018364,0.137337,0.123876,0.125047,0.027319,-0.087589,0.095348,0.219034,-0.008462,0.186490,0.068418,-0.021457,-0.052838,-0.063926,-0.066580,-0.218376,-0.000505,0.053555,-0.159043,0.093209,0.404226,0.110278,0.128144,-0.181565,-0.076686,0.183884,0.090910,-0.014589,0.032782,-0.133211,0.035686,0.000811,0.055788,-0.115555,-0.216126,0.087604,-0.096846,0.301227,-0.242226,-0.069954,-0.056969,0.134356,0.159357,-0.083767,-0.069935,0.026320,0.127753,-0.038688,-0.059430,0.277311,0.032819,0.074540,-0.173908,-0.016928,#
3,0.045516,0.262540,0.105552,1.000000,0.104171,0.082379,0.020397,0.154064,0.132408,0.041624,0.058734,0.160402,0.252525,-0.239481,0.170332,0.205640,0.178213,-0.125188,0.106060,0.069284,0.080282,0.469436,-0.024120,0.061846,0.229864,0.184465,0.086068,0.066318,0.173594,-0.198553,0.110528,0.260625,0.055086,0.296712,0.312614,0.100090,0.071358,0.145795,-0.076417,0.048759,0.068071,0.133836,0.032182,-0.077421,0.010682,0.338540,0.204656,0.273219,0.298403,0.105966,0.020993,0.007018,0.256299,0.051354,0.148529,0.053775,-0.182519,0.082179,0.434131,-0.059143,0.054298,0.155833,-0.128119,0.062829,0.170884,0.253840,-0.018395,-0.046039,-0.008645,0.325239,-0.032722,0.264141,0.312628,0.252992,0.098425,0.026858,0.001202,-0.040850,0.052150,0.300777,0.003431,-0.027710,0.200653,0.265226,0.050874,0.183156,0.126067,0.088755,-0.055373,0.120278,-0.091254,0.118422,0.296756,0.161995,0.194588,0.140627,0.019536,0.013776,-0.108299,0.187502,-0.088704,-0.101554,-0.235842,0.100946,0.167754,0.211604,0.147852,0.360255,0.041306,0.103385,0.093299,0.067047,-0.015728,0.150914,0.207573,-0.126594,0.196934,0.100765,0.250608,-0.045486,-0.058212,0.036392,-0.053350,0.051563,0.077373,-0.009346,0.260169,0.168804,0.114348,0.250098,-0.128600,0.064134,-0.063181,0.440988,0.359792,0.128841,0.326759,-0.084805,-0.018712,-0.125620,0.103351,-0.163184,0.049958,0.034874,-0.152741,0.233998,-0.137546,0.185290,0.049803,-0.063621,0.016287,0.027473,0.230500,0.073201,0.168645,-0.021968,0.212472,0.131729,-0.145175,0.137458,0.105099,0.090270,0.099915,0.364171,0.113501,0.144237,-0.004333,0.039574,0.155131,0.062996,0.186304,0.180330,0.136017,0.121894,-0.275508,0.191409,-0.046316,-0.052377,0.200667,-0.054643,-0.172913,0.145555,-0.139997,0.116500,-0.281166,0.033486,0.010739,-0.070113,0.349916,0.184832,-0.216301,0.089964,0.091998,0.058028,-0.008124,-0.041394,0.159848,0.016282,0.028675,0.333028,#
4,-0.161551,0.254363,0.008368,0.104171,1.000000,-0.040071,0.087190,0.059903,-0.128201,-0.086359,0.182503,-0.068418,-0.143106,-0.177510,0.017639,0.276956,-0.069120,-0.093837,-0.204262,0.243798,-0.046235,0.261287,0.182003,0.193719,-0.105662,-0.241091,0.046495,0.017669,0.116197,-0.137174,0.396382,-0.142067,0.230453,-0.062214,0.078944,0.112673,-0.163970,-0.010476,0.013041,0.190435,-0.047914,0.239068,0.115474,0.166795,0.127500,-0.010764,0.177845,-0.199361,0.013831,-0.018042,-0.039599,0.175911,0.083042,-0.128135,-0.039068,-0.070426,0.014253,-0.084716,0.370030,0.060769,-0.098346,0.233385,0.026478,-0.031920,0.216073,0.167616,0.099343,-0.000178,-0.082090,0.096719,0.143563,0.159483,0.089081,-0.060328,-0.087103,0.405814,0.158100,-0.087500,0.176854,-0.025813,-0.231014,0.068592,0.209914,-0.156978,0.179056,-0.080250,0.135434,-0.048251,0.146961,0.226002,-0.193249,0.090482,-0.120510,-0.075808,0.125605,0.136210,0.103509,0.103146,-0.147840,0.088642,0.152238,0.077496,-0.155987,0.055700,0.137628,-0.019902,0.067487,0.007672,-0.062776,0.021391,0.092984,-0.072207,0.366060,0.364048,0.173712,-0.006552,-0.021587,0.342376,-0.101097,0.101274,0.226357,0.121305,0.154730,0.098868,0.053531,0.129527,0.083789,0.038219,0.276234,0.288162,0.248139,0.095445,-0.155807,0.072993,0.040175,0.184802,0.137442,0.020185,-0.050666,-0.081029,-0.161685,0.288553,-0.042156,0.075821,-0.087551,0.225532,0.088428,-0.346358,0.040903,0.158644,-0.151889,0.365914,0.043288,-0.021037,0.148803,-0.084817,0.173701,0.110977,0.197032,0.015786,-0.244092,0.232802,0.078718,0.274787,0.000844,0.094114,0.047458,0.290618,-0.000723,0.174091,-0.032187,0.032317,-0.014564,0.064256,0.162697,0.074455,-0.254734,0.028870,-0.015596,-0.201330,0.180713,0.195519,0.123379,0.155227,0.214378,-0.036519,-0.105331,0.034003,-0.123187,-0.203023,-0.033564,-0.105503,-0.127567,-0.062140,0.284033,-0.336415,0.136454,-0.120288,0.023076,0.114494,#
5,0.066205,0.224471,0.073183,0.082379,-0.040071,1.000000,-0.217169,0.175004,-0.043144,0.077600,-0.011115,-0.076668,0.116674,-0.015238,-0.091707,-0.142293,0.011154,-0.139509,0.164474,0.247913,-0.000047,-0.185390,-0.177638,-0.013403,0.100461,0.236154,0.107792,0.308333,-0.218255,0.113160,0.086634,0.151169,0.076323,0.296497,-0.041341,0.167286,0.013367,-0.234440,-0.045349,0.075645,-0.095115,0.062282,-0.202384,0.000362,-0.013449,0.049938,0.073942,0.346028,0.114186,0.068516,0.063028,-0.229463,0.137665,0.156515,-0.014906,0.341118,0.026536,-0.016486,0.102794,0.096036,-0.394895,-0.227566,-0.021771,0.158292,-0.189571,-0.156457,-0.105650,0.103493,0.058455,0.255686,0.152589,0.056122,0.277951,-0.012682,-0.013956,-0.123699,-0.144775,0.109855,-0.058786,-0.029764,0.080507,0.184564,0.211961,-0.032498,-0.140134,0.099873,0.094912,0.026272,0.192253,0.144019,0.125764,-0.133712,0.014230,-0.031119,-0.100181,-0.329046,0.129977,0.067932,0.180558,-0.220760,0.197906,-0.040726,0.168921,-0.000397,0.051090,0.048117,0.117002,0.265350,-0.097822,-0.000546,0.087078,0.039065,-0.081121,-0.057625,-0.011005,-0.117945,0.119099,0.237512,0.138113,-0.213468,-0.013340,0.214185,0.214279,0.255942,-0.000283,0.137276,0.368841,-0.090866,0.192138,-0.091348,-0.108984,0.197420,0.264689,0.347169,0.000109,-0.161119,-0.206924,0.203393,-0.064321,-0.170115,-0.068866,-0.099875,0.144166,0.014727,0.397967,-0.084435,-0.161660,0.182941,-0.054598,0.349449,0.181148,0.052324,0.224895,0.113942,0.015764,0.000057,0.113855,0.095178,0.112288,0.066367,-0.013480,0.227080,0.132794,0.058601,0.073028,-0.000603,-0.140085,0.312548,0.079834,-0.209444,0.355299,0.041479,0.087868,0.036022,-0.234181,0.124464,0.089855,0.086899,0.138493,0.063426,-0.041523,0.048532,-0.372659,0.062749,-0.223446,-0.012734,-0.173654,0.052240,0.371675,0.221021,-0.064788,0.306079,-0.050045,0.298543,0.000705,0.000577,-0.164837,0.159383,0.137650,0.257903,#
6,-0.000858,-0.161923,-0.084535,0.020397,0.087190,-0.217169,1.000000,-0.082667,0.177342,0.257398,0.140796,0.024732,0.025155,-0.146265,-0.144740,0.302293,0.100582,0.033919,-0.167922,0.016498,0.044214,0.099990,-0.128542,-0.030096,0.170113,0.109301,-0.077059,0.031207,0.194560,0.029301,0.047837,0.119392,0.228386,0.044661,-0.060633,0.112495,0.196420,0.065018,-0.012611,-0.069086,0.145589,0.060564,0.315882,0.240351,0.033038,-0.199295,0.032849,0.204155,0.123675,0.124726,0.053621,0.086365,0.114524,-0.222436,-0.009424,-0.186043,0.195177,0.062977,0.147620,-0.343100,0.346133,0.082431,0.133660,-0.109878,0.179002,0.109426,0.063891,0.176571,-0.058707,-0.104369,0.183024,0.318493,0.018277,0.043637,-0.177371,0.335721,0.205410,0.082548,0.218055,-0.022023,0.217574,0.083802,-0.151101,0.284189,0.090951,-0.149567,0.142288,0.141018,-0.058968,0.192725,-0.014486,0.169548,-0.194084,0.118915,0.076464,0.078029,0.065810,0.144197,0.009526,-0.021398,0.048246,0.292129,0.065286,0.001819,0.205019,-0.096246,-0.063560,0.080594,0.176979,-0.275239,-0.062021,-0.041664,-0.108867,0.063200,-0.034669,0.099403,-0.203056,0.008101,-0.141620,0.264423,-0.004799,0.013704,-0.133733,0.144871,0.001306,0.069128,-0.168508,0.031486,0.054416,0.074133,0.119395,0.005280,-0.155961,-0.082262,0.006905,0.019696,0.115650,-0.018953,0.101779,0.266861,-0.106670,0.161446,-0.332559,0.033520,0.083225,0.210512,0.148481,0.135402,0.062554,-0.041327,-0.202426,0.122453,-0.207222,-0.099157,-0.124225,-0.152675,0.166653,-0.317118,-0.042970,0.264147,0.014114,0.113032,-0.260366,0.017614,0.060782,0.117320,0.216217,-0.178993,0.139989,0.069262,0.105719,0.144086,-0.171252,-0.174335,0.047416,0.203743,-0.058224,0.172834,-0.082380,-0.060604,0.074595,0.271280,0.026912,0.128346,0.047819,-0.032782,0.050102,-0.129001,0.143289,0.017430,-0.049707,0.007837,-0.101191,-0.131407,0.060857,0.290606,0.201037,-0.033739,-0.151176,0.062257,#
7,0.075077,-0.039476,0.285883,0.154064,0.059903,0.175004,-0.082667,1.000000,0.174937,-0.198971,0.061086,-0.115795,0.106902,0.037957,0.132844,-0.061528,0.098998,0.063520,0.010573,0.250385,0.239535,-0.022813,-0.048498,-0.169642,0.056971,0.341760,0.058867,0.118260,0.055444,0.284890,-0.024423,-0.060934,-0.059552,0.035133,0.135325,0.225908,0.062751,0.083420,0.058296,0.052221,-0.009967,0.342214,0.055033,0.050881,-0.087498,0.105240,0.164678,0.184131,0.220418,-0.060885,-0.101408,-0.004682,0.322839,0.337017,0.288175,0.043462,0.068006,-0.200858,0.196875,0.273096,-0.240844,0.052291,0.107715,0.225998,0.081493,0.133132,0.230540,-0.106440,0.065181,-0.021695,0.108998,0.097020,0.200066,0.297734,0.137723,0.142811,-0.043495,-0.062366,-0.198310,-0.031183,0.371737,0.084673,0.294671,0.095463,-0.113148,0.205914,0.236437,0.028302,0.129703,0.201663,0.027002,0.214388,0.246887,-0.054639,0.071300,0.139519,0.188469,0.303704,0.204075,0.051516,-0.047331,-0.086328,-0.166939,-0.028430,0.016186,-0.067991,0.056118,0.242931,0.149072,0.203118,0.371082,0.100818,0.130442,0.172520,0.051796,-0.028929,-0.032497,0.154603,0.214820,0.026770,0.290125,0.065356,0.039472,0.055126,0.162731,0.220734,0.027129,-0.017804,0.093493,0.120423,0.187715,0.195750,0.339289,0.159456,0.044608,0.164201,0.056622,0.281948,-0.066429,-0.074527,-0.170267,-0.158583,0.102459,0.092431,0.103737,0.108282,0.097005,-0.039050,-0.039827,-0.118105,0.005841,0.223088,0.080370,-0.170569,-0.088045,0.080107,0.269976,0.060296,0.201406,0.137176,0.056536,-0.040696,0.238318,0.043185,-0.014225,-0.006725,0.195553,0.148369,-0.272880,-0.154539,0.151652,0.015290,0.115866,0.083786,-0.018831,-0.086081,-0.065941,-0.149804,0.300698,0.026115,0.040148,0.023969,0.018569,0.258534,-0.236177,0.077872,0.161102,-0.015822,0.253208,0.322019,0.161211,0.074102,0.092949,0.121915,0.228346,0.186669,0.055837,0.314374,0.168986,0.203005,#
8,0.038521,0.051624,0.032677,0.132408,-0.128201,-0.043144,0.177342,0.174937,1.000000,0.176127,0.008709,0.038511,0.039344,0.144455,0.065344,0.231294,0.057967,0.253189,-0.143994,0.261482,0.239620,0.195934,-0.221392,0.040978,0.365617,0.141186,0.093074,-0.201539,0.093611,-0.053749,0.092874,0.173171,0.025292,-0.073213,0.003128,0.339832,0.093832,0.134100,-0.079841,0.018597,-0.039775,0.011769,0.448703,0.062201,-0.119014,0.066444,0.068152,0.156005,0.231664,-0.078749,0.234141,0.203880,-0.068762,0.147957,-0.121827,0.069288,0.252272,-0.052950,0.011221,-0.051705,0.104503,0.058070,0.300572,0.078381,0.248584,0.280300,0.117500,0.199058,0.294823,-0.075862,0.087706,0.184603,0.098236,0.031444,0.103385,0.035528,0.018960,0.067592,0.059741,-0.100615,0.283993,0.114299,-0.092670,0.084341,0.285364,0.151002,0.192373,0.279320,0.019211,-0.042203,0.135265,0.059234,-0.074695,0.091425,0.005267,-0.013678,0.096663,0.211378,0.324789,0.405109,0.147199,-0.222557,0.075810,0.237036,-0.016909,0.169632,-0.028465,0.030831,-0.042971,0.144539,-0.024986,0.107605,0.038769,0.007877,-0.062409,0.087768,-0.002169,0.152101,0.242870,0.173275,-0.030507,0.100216,0.011667,0.149895,0.133228,0.228012,-0.124435,-0.055364,0.202423,0.188940,-0.031691,0.214394,0.181780,0.054639,0.000914,0.064660,0.146523,0.033761,0.227424,0.079530,-0.016144,-0.041445,0.051985,-0.193494,0.010768,-0.020353,-0.117227,0.309949,0.193734,0.075351,-0.067714,0.215228,-0.143394,0.209558,0.044406,0.007560,0.130880,0.192899,0.197749,0.030306,-0.036642,-0.138798,0.209173,0.033578,-0.147877,0.153730,0.084324,0.182363,0.087137,-0.277245,0.131932,0.137406,-0.028887,0.074323,0.075451,0.112133,0.201555,0.003565,0.166457,0.027571,-0.017159,0.044648,0.056368,0.110876,0.067178,-0.087876,0.354945,0.094302,0.159344,0.262265,0.148099,0.256698,0.299840,0.113705,0.076357,-0.200900,-0.177723,0.051632,0.066750,0.288620,#
9,-0.147450,-0.031189,0.109339,0.041624,-0.086359,0.077600,0.257398,-0.198971,0.176127,1.000000,-0.010366,0.074490,0.158138,-0.000393,0.091390,0.304290,0.126824,-0.004334,-0.015269,-0.037332,0.012227,-0.043928,-0.399166,0.152877,0.093351,-0.214499,-0.079503,0.155991,-0.028266,-0.138779,-0.015449,0.336212,0.072807,0.025870,-0.171720,0.153718,0.166992,0.037676,0.006394,-0.062415,-0.002439,-0.098888,-0.018477,-0.056749,0.053456,-0.058032,0.025640,0.067852,0.081253,0.030260,0.136515,-0.078203,-0.103723,-0.045897,-0.043075,-0.090475,0.195885,0.308425,-0.136121,-0.123769,0.142676,0.031409,0.047798,-0.124618,-0.163534,0.141453,-0.004084,0.122032,0.232850,0.013326,0.048635,0.093219,0.030130,-0.002039,-0.183958,-0.080139,0.358728,0.078413,0.117258,0.246554,-0.006005,0.203139,-0.014360,0.297344,0.175647,0.094344,0.187143,0.527727,-0.018352,-0.029984,0.122707,0.007528,-0.094850,-0.088031,0.076125,-0.237568,0.048091,-0.050458,0.133742,0.112645,0.271826,0.159124,0.290323,0.103646,0.089393,0.174701,-0.060525,0.192886,0.299334,0.115455,0.037369,0.021387,-0.092328,0.135134,0.052837,0.050374,-0.139090,-0.053075,-0.011292,0.158831,-0.167211,0.105176,-0.003715,0.124672,0.270587,0.298777,0.007954,0.028020,0.276572,0.071043,0.095946,0.120807,0.012894,0.073105,0.199547,-0.172769,0.146182,-0.029236,0.039368,-0.117305,0.286380,0.018056,0.094848,0.240414,0.015590,0.380025,0.034918,0.193130,0.240540,0.221471,-0.094151,-0.045125,0.150884,0.192581,0.160631,0.063613,-0.058843,-0.028557,0.083311,0.029724,0.117330,0.222057,0.100074,-0.085616,0.141404,0.352734,-0.070833,0.032757,0.323183,-0.078572,0.138534,-0.010856,-0.041891,-0.225363,-0.087090,0.141302,0.270748,0.228653,-0.143268,0.046869,0.197836,0.142517,0.070289,-0.005288,0.005337,-0.125706,-0.001711,0.104683,0.181626,-0.216460,-0.103192,0.013286,0.035994,-0.103406,-0.184619,-0.065286,0.274770,0.074427,-0.058223,0.054292,#
10,-0.066958,0.042507,0.073373,0.058734,0.182503,-0.011115,0.140796,0.061086,0.008709,-0.010366,1.000000,0.078213,0.022984,-0.101611,-0.063847,0.040056,0.287405,-0.120846,0.008423,0.141385,0.118719,-0.060291,-0.042684,0.318402,-0.014254,0.098569,0.134123,0.104228,-0.078379,0.065271,0.168071,0.032947,0.168469,0.171900,0.099808,0.049518,0.163768,0.042185,-0.007821,0.004356,0.172668,-0.024472,0.133586,-0.191276,0.070409,0.109164,0.310954,0.001008,0.073958,0.350276,0.093759,0.319669,-0.009643,-0.193277,0.085301,0.328176,0.049117,0.175117,-0.104617,0.081320,0.132213,0.094849,0.217123,0.113385,0.107631,-0.060810,0.289719,0.047785,0.261032,-0.001184,0.490758,0.202877,0.239685,-0.142412,0.098328,0.264028,-0.177180,0.077185,-0.009296,-0.030845,0.238876,0.036101,-0.103519,-0.191657,0.109099,0.018915,0.061595,-0.126184,0.020165,0.406280,-0.024149,0.232557,0.224175,-0.276673,-0.075452,0.052197,-0.050524,0.287188,-0.096405,-0.010544,-0.146325,-0.059957,-0.059663,0.109884,0.163949,0.076638,0.259908,-0.196236,0.034751,-0.139624,-0.090114,0.052718,0.304996,0.182015,0.026334,0.111731,-0.006654,0.253776,0.029419,-0.009451,0.003508,-0.018051,0.097524,0.193233,0.059007,0.085509,-0.027682,0.019440,0.275156,0.206319,-0.038596,0.094067,-0.047115,0.195281,0.200402,0.411233,0.012608,0.041460,0.194155,0.231961,0.021717,0.145097,-0.127859,-0.065031,-0.106725,0.214052,0.377493,0.183620,0.102450,0.175374,-0.193705,-0.044084,-0.022121,0.106975,0.232534,-0.089906,0.237506,0.104547,-0.045239,-0.121326,0.037794,-0.122538,0.019026,0.164568,0.105393,-0.007152,-0.041548,0.009466,0.097769,0.233533,-0.106278,0.136408,-0.147325,0.004333,0.220379,0.103178,-0.100092,-0.123971,-0.072001,-0.017169,-0.146014,-0.005044,-0.071641,0.131861,-0.274418,0.182488,0.287720,0.069586,-0.135641,-0.018968,0.025989,-0.164223,0.124995,0.213883,0.135522,0.062446,0.137760,-0.033508,-0.043334,0.157906,#
11,0.163906,0.163385,0.015295,0.160402,-0.068418,-0.076668,0.024732,-0.115795,0.038511,0.074490,0.078213,1.000000,0.048745,0.036154,0.275467,0.171394,0.188051,0.178574,0.328748,0.095856,0.034504,0.009044,0.162008,0.165513,0.229362,0.033815,0.021887,-0.118158,0.127891,-0.073205,0.214806,0.287407,0.145987,0.207983,-0.023259,0.226530,0.230678,0.235270,0.100865,-0.068383,0.253263,-0.132340,0.114623,-0.023666,0.010825,-0.215223,0.208465,0.276529,0.105092,0.186102,-0.143255,0.168709,0.304546,-0.064577,0.109802,0.089808,0.006989,0.326240,0.013866,0.075645,-0.057261,-0.045297,0.266280,0.071406,0.034723,0.097870,-0.032194,0.088168,0.178597,0.002613,0.048214,-0.119621,-0.052597,0.132688,0.367730,0.174525,0.070874,0.015944,-0.156700,-0.125070,-0.182120,0.222647,0.119628,0.066098,0.350705,0.183996,0.014400,0.021758,-0.034457,-0.093123,0.159102,0.110349,0.127437,0.076069,-0.133597,0.099467,-0.204270,0.170290,-0.033424,0.251838,-0.113266,0.047674,0.209705,0.025977,0.143158,-0.054456,0.185835,0.191280,0.268099,-0.111044,0.060842,0.203266,0.024755,-0.152104,0.085738,-0.076742,0.089497,-0.024646,0.110736,0.207496,-0.017806,0.049521,0.114457,0.118223,0.044758,0.193467,0.267382,0.202694,0.084370,0.296160,0.003735,0.058875,0.227516,0.115844,0.068521,-0.006592,0.217708,0.188142,0.210279,0.197586,-0.239762,0.049732,0.162902,0.160304,0.091624,0.268666,0.019096,0.208172,0.088033,0.020969,0.011075,-0.044713,0.055017,0.432889,0.210675,-0.030592,0.178849,-0.138346,-0.146472,0.035637,0.392433,0.182319,0.300963,0.092085,-0.006985,0.337656,0.297188,0.062782,0.077125,0.272479,0.242309,-0.130285,0.324261,0.321803,0.084749,0.035336,0.328383,-0.013716,0.065196,0.131093,0.071497,-0.139614,0.166411,0.113142,-0.003782,-0.000763,0.356693,0.164906,-0.079360,-0.059856,0.083056,0.083838,0.106889,0.110461,0.091760,-0.095457,0.064678,0.059274,0.014844,0.082815,#
12,0.128318,0.146241,-0.084207,0.252525,-0.143106,0.116674,0.025155,0.106902,0.039344,0.158138,0.022984,0.048745,1.000000,0.135292,0.164393,0.199083,0.011786,0.009838,0.244759,0.003611,0.212384,-0.092470,0.050871,0.262648,0.115375,0.366954,0.034349,0.104601,-0.120841,0.056695,0.026735,0.212035,-0.087764,0.282025,0.277802,0.064169,0.146349,0.205239,0.083463,-0.011751,-0.121184,-0.011413,0.087182,-0.159480,0.302262,0.193677,0.187368,0.122640,0.224943,-0.027482,0.351192,-0.186648,0.009620,-0.007649,0.077446,0.272007,0.226340,-0.041540,0.110667,0.024679,0.147189,0.056816,0.210653,-0.050036,0.107306,0.132166,-0.079367,0.244697,0.322265,0.182227,0.029357,0.087633,0.180579,-0.028884,0.023683,0.104565,0.014132,-0.069350,0.113674,0.091889,0.174657,0.218003,-0.054508,0.179429,-0.159631,0.217926,-0.104373,0.095982,-0.094486,-0.192238,0.149953,-0.009360,0.217178,0.146756,0.018972,0.074747,0.012073,-0.103822,-0.130496,0.076589,-0.212291,0.183808,0.006852,0.174831,-0.095392,-0.091878,0.027495,0.200557,0.219232,0.172356,0.055678,0.088579,0.128432,-0.095101,0.202790,0.148178,-0.171496,0.144275,0.087957,0.195436,0.091093,0.395129,0.005046,0.089136,0.133452,0.261741,0.326594,0.088092,0.027029,0.040556,-0.216122,-0.134155,0.023380,0.168893,-0.120313,-0.086149,0.065777,0.167830,0.021922,-0.014690,-0.036052,-0.252958,-0.030612,0.091534,-0.260528,0.378998,0.090752,0.008783,0.012928,-0.096375,0.233036,-0.168898,0.222126,-0.022663,0.275112,0.174167,0.087741,0.119836,0.221498,-0.124474,0.000161,0.205238,0.152580,0.099051,0.269231,0.014690,-0.082569,0.245703,0.022524,0.121413,0.128099,-0.073300,0.093639,0.055282,0.027412,0.122307,0.215962,-0.034990,-0.095998,-0.067649,0.066139,0.117791,-0.075340,-0.081049,-0.175656,0.018496,-0.033738,0.088717,0.327956,0.166118,-0.137112,0.178317,-0.054607,-0.062366,0.029616,0.140697,-0.003067,0.184972,0.236801,0.098467,#
13,-0.275015,0.135683,-0.066424,-0.239481,-0.177510,-0.015238,-0.146265,0.037957,0.144455,-0.000393,-0.101611,0.036154,0.135292,1.000000,0.138326,-0.097774,-0.227646,0.317005,-0.025923,0.123950,-0.153924,-0.071655,-0.017575,-0.153690,0.137583,0.112136,-0.085608,-0.179924,0.041755,0.255905,-0.040518,-0.059277,0.092442,0.060793,-0.190783,0.060039,-0.139226,0.105931,-0.061952,0.086252,0.032134,0.037569,0.069527,-0.174080,-0.093510,0.133110,-0.040583,0.084368,0.079105,0.225209,0.035149,-0.122739,0.022769,-0.109313,0.144779,0.193352,0.206003,0.170956,-0.099819,0.036034,-0.148447,-0.120725,0.031469,-0.084186,0.217491,-0.006932,0.017764,0.250962,0.355481,0.047181,-0.167623,-0.085637,0.168321,-0.121508,0.094555,-0.005798,0.059708,0.182481,0.264561,-0.087197,-0.103434,0.098042,0.030430,0.216166,-0.052436,0.206986,-0.035036,0.111900,0.056000,-0.108601,-0.030779,-0.067056,-0.013945,0.010031,-0.078929,-0.113614,-0.097672,0.068080,0.079357,0.046188,0.050048,0.021595,0.254469,-0.137415,-0.004757,0.102366,0.011840,0.027531,-0.110187,0.008474,0.029128,-0.067461,0.071173,0.084588,0.087344,-0.122399,-0.194894,-0.095067,0.354051,-0.066136,0.092207,-0.055433,0.119468,-0.363786,-0.129745,0.191146,0.134663,0.112648,0.110179,-0.017944,0.009610,-0.246587,0.062659,0.052159,-0.137867,-0.153218,-0.124748,0.111346,0.258799,0.031047,0.132028,-0.071153,0.104302,-0.244797,-0.258315,0.082186,0.027286,-0.079131,0.047980,-0.317689,0.212172,0.154684,-0.001382,-0.097732,0.154174,-0.051251,0.104773,-0.178321,0.020071,-0.188527,-0.035798,-0.051032,0.206748,0.016222,0.114927,0.018548,0.036025,-0.047983,0.033638,-0.034761,0.017476,-0.088328,0.130348,0.152758,0.083760,0.158632,0.090527,-0.100307,-0.097982,0.095032,-0.128295,-0.021449,0.241314,-0.077679,-0.000348,0.040051,-0.062299,0.023011,-0.143546,-0.039838,0.229760,0.046283,0.125886,0.078323,0.011113,0.043778,-0.071169,-0.003640,0.008725,-0.200984,#
14,0.257817,0.194480,0.154944,0.170332,0.017639,-0.091707,-0.144740,0.132844,0.065344,0.091390,-0.063847,0.275467,0.164393,0.138326,1.000000,0.039490,0.015684,0.048586,-0.085370,0.227747,-0.002018,0.077602,0.090922,0.303081,0.155713,0.047405,0.128896,-0.179934,-0.014177,-0.014874,0.287285,-0.147467,-0.213369,-0.191559,0.173592,0.293763,-0.152563,0.096096,0.119107,-0.039708,0.063405,-0.090075,0.009343,-0.077572,-0.020580,0.118042,0.055071,0.086525,0.088888,-0.087513,-0.220896,0.248959,0.154841,0.079851,0.130515,-0.044341,-0.187472,-0.055289,-0.016644,-0.130056,-0.101060,0.095505,0.164944,0.157975,-0.025001,0.149459,-0.087194,0.043129,0.187665,-0.062749,-0.104995,-0.164343,0.190333,0.303967,0.031838,-0.072361,-0.079042,0.146313,0.012921,0.107271,-0.040994,0.056493,0.109351,0.010831,0.145262,0.153035,-0.084850,0.023178,-0.071450,-0.342678,0.010038,-0.029209,0.167306,0.210804,0.112857,0.107542,-0.206030,0.062088,-0.071095,0.223800,0.082797,-0.012541,0.049046,-0.069624,0.065341,-0.028562,0.001269,0.060837,0.238537,0.145407,0.057822,0.188944,-0.050177,0.109794,-0.106454,-0.034400,-0.065471,-0.226373,0.245893,-0.013404,0.162768,0.100354,0.050174,-0.008072,0.153847,0.260650,0.268073,0.119831,-0.069628,0.095436,-0.026144,0.236232,0.063336,0.031313,0.050242,0.064221,0.308977,0.245758,0.098478,-0.110904,-0.059404,-0.012360,-0.028397,0.155393,-0.191952,0.285686,0.022146,-0.055837,-0.021389,0.004482,0.194799,0.135673,0.252522,0.319337,0.208748,0.088320,0.039548,-0.046993,-0.100541,-0.160642,-0.017302,0.068535,0.098555,-0.115798,0.333879,0.274170,0.027001,-0.049398,0.060474,0.065598,0.065267,-0.230561,0.182901,0.035777,0.298321,0.051507,0.119939,-0.261856,0.030973,-0.025014,-0.039465,-0.059297,-0.092594,0.086724,0.074065,-0.002554,0.111536,0.084720,0.133786,-0.136922,0.012641,-0.033041,0.223817,0.092928,-0.065093,-0.254969,0.045644,0.111615,0.042375,-0.071769,#
15,-0.084577,0.054284,-0.128770,0.205640,0.276956,-0.142293,0.302293,-0.061528,0.231294,0.304290,0.040056,0.171394,0.199083,-0.097774,0.039490,1.000000,0.017572,0.157495,-0.025995,0.037901,0.045930,0.307092,0.189740,0.076591,0.193533,-0.057199,-0.197591,-0.033763,0.256984,-0.102533,0.294886,0.171212,0.248455,0.291788,-0.123030,0.240898,0.069013,0.332119,-0.135664,-0.140245,-0.115364,-0.151070,0.198793,0.153632,0.160338,0.060333,0.008620,-0.082322,0.177230,0.145921,0.100921,0.117076,-0.141945,0.078313,0.037513,0.005818,0.113480,0.015484,0.160627,-0.117870,0.078274,0.235627,0.164136,0.028314,0.047637,0.175237,0.031149,0.239943,0.089174,0.027864,0.082368,0.046016,-0.102470,0.096168,0.110911,0.292816,0.196591,-0.047126,0.171349,-0.037257,-0.078841,-0.030219,0.028637,0.107475,0.158507,-0.113463,-0.090537,0.106059,0.087909,-0.078890,-0.088821,0.195650,0.184630,0.252004,-0.011419,0.154687,0.022083,0.158099,0.125802,0.229250,-0.039197,0.158733,0.115874,0.194743,0.152809,-0.123013,-0.180146,0.180649,0.036404,0.190180,0.029457,-0.072195,0.124231,0.149530,0.108579,-0.171786,-0.177482,0.051027,-0.003287,0.458346,-0.023422,0.230460,0.070321,0.236835,0.069237,0.184499,0.028791,-0.044544,0.130493,0.283647,0.165394,-0.080930,-0.025405,-0.050263,0.063012,0.152504,0.310634,-0.010343,-0.174608,0.032838,-0.077924,0.081722,-0.034339,0.105179,0.076340,0.333511,-0.164291,0.173126,0.040506,0.051486,0.079850,0.250972,-0.017039,0.171546,0.083239,-0.063660,0.212983,-0.010240,0.145021,0.152452,-0.034404,0.105569,0.211368,0.233270,-0.014968,0.027589,0.039784,-0.072878,0.091197,0.107781,0.025332,-0.016913,-0.144278,0.122520,-0.046932,0.353742,0.148588,0.002123,0.007064,0.111513,0.148722,0.146014,0.050607,0.227261,0.134979,-0.213990,0.016269,-0.005872,-0.075810,0.016771,-0.080710,0.252163,0.011145,-0.166947,-0.107918,-0.066008,0.151449,-0.212855,0.131782,0.208093,#
16,0.032926,0.077164,0.177730,0.178213,-0.069120,0.011154,0.100582,0.098998,0.057967,0.126824,0.287405,0.188051,0.011786,-0.227646,0.015684,0.017572,1.000000,-0.023036,0.187442,0.218037,0.509114,-0.048283,-0.111098,0.193076,0.286784,0.088433,0.055890,-0.019075,-0.055439,0.001072,-0.073250,0.159468,0.010348,0.024058,0.112769,0.217890,0.327773,0.262722,0.024847,0.069789,0.077040,0.025821,0.073201,0.129549,0.106720,-0.021061,0.118614,0.164494,0.100291,0.146649,-0.148002,0.224795,0.141746,-0.118124,0.011576,0.052632,-0.179333,0.102493,-0.071796,-0.212965,0.304571,0.177211,0.100040,-0.166379,-0.117914,0.110055,0.352370,-0.162248,0.026701,0.006152,0.169882,-0.047619,0.108425,-0.096256,0.009756,-0.003191,-0.067442,0.075474,-0.244112,0.111427,0.316774,0.213908,0.203132,0.126216,0.096504,0.128044,0.088398,-0.105004,-0.111483,0.166919,-0.129891,0.092615,0.080881,-0.287868,0.122603,0.067834,0.093945,0.369445,0.206331,0.211481,0.116624,0.161176,-0.085357,0.292968,0.050093,0.075340,0.207229,0.051584,0.213420,0.043629,0.070002,0.142482,-0.035372,-0.054369,0.211284,0.231755,0.270893,0.225794,0.033770,-0.196932,0.048766,-0.174690,0.062499,0.202831,0.237264,-0.032034,-0.116338,-0.164037,0.248367,0.139028,0.228729,0.050371,-0.076238,0.015832,0.072035,0.259750,0.115289,0.031415,-0.065283,-0.061828,0.021020,0.007095,0.190239,-0.065752,-0.141103,0.183460,0.335027,0.308855,0.226997,-0.019234,-0.211015,0.031101,-0.171223,0.142899,0.402864,-0.137182,0.172504,0.067458,-0.065806,-0.069220,0.166524,-0.028453,0.065423,-0.024438,0.223390,0.048260,0.125364,0.027980,0.055996,0.047090,0.044839,0.088214,0.240788,0.120753,-0.020023,0.227050,0.103561,0.406895,0.141547,0.156909,-0.061701,-0.167009,-0.047942,0.164858,-0.362538,-0.070248,0.155067,0.014702,0.209705,0.081711,-0.027394,0.061800,0.239931,0.045420,0.281045,0.066230,0.249625,0.173178,-0.076884,0.196976,#
17,0.076410,-0.073449,-0.052251,-0.125188,-0.093837,-0.139509,0.033919,0.063520,0.253189,-0.004334,-0.120846,0.178574,0.009838,0.317005,0.048586,0.157495,-0.023036,1.000000,0.136262,0.063234,0.113761,0.092160,0.114448,-0.352249,0.179965,0.262201,-0.141644,-0.086008,0.125300,0.100611,-0.059791,0.124866,0.114583,-0.033761,-0.231172,0.188349,0.043582,0.096598,-0.128943,0.254566,-0.041109,0.029639,0.108181,-0.011683,0.018156,0.017824,-0.075664,0.233387,-0.053575,-0.043116,0.057480,-0.074686,0.039098,-0.002213,0.081989,-0.111864,0.109463,0.001653,-0.183411,-0.021417,-0.180617,-0.041555,0.310298,-0.050720,0.113120,0.041873,0.205832,0.162012,-0.117409,0.001835,-0.184292,-0.194391,-0.196020,0.053488,0.302812,-0.209116,0.116903,0.061943,0.256120,-0.019540,-0.063105,0.154862,0.100748,0.121708,-0.024768,0.120425,-0.096894,0.241296,0.089248,-0.207629,-0.099983,-0.164709,0.059947,0.142191,0.185349,0.123438,-0.059617,0.138666,0.292598,-0.041692,-0.029170,-0.132303,0.035019,-0.070487,-0.100746,0.130358,-0.286327,-0.050436,-0.029738,0.265240,0.244450,-0.110247,0.135769,-0.137422,0.237934,-0.128452,-0.328339,-0.018749,0.189207,0.312485,0.128092,0.148129,0.282350,-0.197423,-0.222006,-0.123968,-0.147915,-0.066797,0.153756,-0.083284,-0.004846,-0.060833,0.234752,-0.062701,0.075003,0.075664,0.215714,0.165894,-0.067930,0.272161,-0.002226,-0.038512,0.177470,-0.002206,0.102956,0.034647,-0.083913,0.034933,0.240117,-0.033559,-0.058291,0.102181,0.010790,0.219865,0.023302,-0.037157,0.159727,-0.083314,0.057943,0.022836,0.038616,0.119617,0.209707,-0.206207,0.003347,-0.079512,0.037212,-0.230310,0.109509,-0.117693,0.010242,-0.110424,0.319234,0.084913,0.105708,-0.051565,0.093565,0.034733,0.008472,0.294106,0.043205,-0.052381,-0.076166,0.390945,-0.027334,-0.144769,0.130390,0.181134,-0.242591,0.074172,0.281813,0.171908,0.065393,0.153208,0.009463,0.007557,-0.082560,0.002066,0.204972,-0.193838,#
18,0.056282,-0.044471,-0.090388,0.106060,-0.204262,0.164474,-0.167922,0.010573,-0.143994,-0.015269,0.008423,0.328748,0.244759,-0.025923,-0.085370,-0.025995,0.187442,0.136262,1.000000,-0.011092,-0.136995,0.044200,0.160057,-0.141351,0.013754,0.280375,0.081139,0.027290,-0.066735,0.251379,-0.324122,0.275878,0.109342,0.211452,0.037747,0.140231,0.139609,0.172594,-0.033919,0.141800,-0.088489,0.139575,0.074463,-0.162660,0.154173,0.012367,-0.052293,0.133329,0.134451,0.072584,-0.092024,-0.128571,0.091797,-0.212626,-0.001605,0.086654,0.016827,-0.191989,-0.063200,0.210087,0.022476,-0.005613,0.096393,0.013035,0.001487,-0.159251,-0.017125,-0.238160,-0.166897,-0.020845,-0.019349,-0.151464,0.041409,-0.148502,0.391576,-0.019553,0.112993,-0.173327,-0.414303,-0.016709,-0.011830,0.019714,0.073761,-0.055718,0.116515,0.119189,-0.167385,-0.002251,0.033330,-0.189298,0.152857,-0.092679,0.134179,-0.122582,-0.131974,0.043155,0.157118,0.168925,-0.057475,0.083232,-0.117027,-0.094678,0.063285,0.097862,-0.097760,-0.037940,0.108398,0.137324,0.062217,0.211397,0.284283,-0.121199,0.041965,0.003510,-0.033912,0.052622,0.053829,0.172144,0.220219,0.098889,0.091913,0.053138,-0.018466,0.143489,0.290269,-0.134156,0.316116,-0.043109,0.241100,-0.017859,-0.126731,0.152049,0.165234,0.092690,0.034616,-0.030322,0.203627,0.061307,-0.253330,0.089817,-0.066152,-0.055197,0.151636,0.258845,0.038688,-0.010598,-0.079405,0.159200,0.351524,-0.144098,0.067365,-0.333445,0.261751,0.023276,0.274154,0.162992,0.156514,0.176782,-0.150149,0.032067,0.236858,0.216429,0.401961,0.020352,-0.126444,-0.148781,0.301464,0.062279,-0.016058,0.057092,-0.024648,-0.086372,0.201248,0.313654,-0.079628,0.019049,0.097421,0.096003,0.035978,0.124675,-0.082480,0.169790,0.115245,-0.018766,-0.135769,0.158963,0.175508,0.034485,-0.027355,0.190640,0.029037,0.233318,-0.049783,0.220185,-0.070136,-0.091130,-0.066736,0.298102,-0.017351,0.039287,#
19,0.052843,0.336272,0.299288,0.069284,0.243798,0.247913,0.016498,0.250385,0.261482,-0.037332,0.141385,0.095856,0.003611,0.123950,0.227747,0.037901,0.218037,0.063234,-0.011092,1.000000,0.281713,0.025402,-0.040762,0.211655,0.309044,0.174859,-0.077494,-0.158583,-0.043245,0.178255,0.259829,0.214194,0.331364,0.044834,0.056569,0.366429,0.023692,0.133423,-0.033625,0.070248,0.206713,0.223336,0.221826,0.125172,-0.101581,0.282368,0.307560,0.177125,0.149703,0.205972,-0.094346,0.152375,0.257690,0.042244,0.190128,0.086636,0.191778,-0.030899,-0.091435,-0.082210,-0.079078,-0.112814,0.398627,0.055728,0.116752,0.224163,0.188843,0.081116,0.170804,-0.003612,0.061554,0.141475,0.254671,-0.001839,0.038717,0.256957,-0.152284,0.023759,0.144397,-0.040485,0.192109,0.066572,0.351277,-0.100442,0.102321,0.058843,0.055339,0.112377,0.305814,0.135666,-0.004431,0.151196,-0.082759,0.261293,0.045428,0.009602,0.216787,0.382005,0.219707,0.126107,-0.012972,-0.026091,-0.008729,0.034405,0.093420,-0.001692,0.279500,-0.071355,0.090791,-0.079263,0.301065,-0.001252,0.023848,0.152668,0.183401,0.250261,0.105251,0.206912,0.270265,-0.106406,0.453253,0.099280,0.109477,0.303588,0.194201,0.253281,0.095334,0.109352,0.352629,0.370228,0.010231,0.317930,0.252699,0.229156,0.158257,0.304713,-0.000418,0.230933,0.146620,-0.047491,0.020266,0.206939,0.087977,-0.088894,-0.007245,0.109877,-0.189220,0.155998,0.144608,0.221641,0.085199,0.074879,0.138758,0.309525,0.351369,-0.076800,0.224764,0.040291,0.189974,0.159952,-0.168871,0.289918,0.192073,0.129569,-0.017185,0.113093,0.190693,0.377830,0.042462,-0.183338,-0.124196,-0.018667,0.194513,0.353251,0.129407,-0.035733,0.202607,0.089693,0.072978,0.073878,-0.061591,0.233771,0.104095,0.218962,-0.133003,0.017080,0.018418,0.035046,0.113349,0.153804,0.189671,0.180665,0.127838,0.215514,0.371014,-0.094782,-0.012143,0.121548,-0.013860,0.174171,#
20,0.077279,0.175392,0.092969,0.080282,-0.046235,-0.000047,0.044214,0.239535,0.239620,0.012227,0.118719,0.034504,0.212384,-0.153924,-0.002018,0.045930,0.509114,0.113761,-0.136995,0.281713,1.000000,-0.033422,-0.027757,0.288750,0.249965,0.166423,0.058805,-0.046453,-0.072819,-0.162142,0.185906,0.256283,0.040776,0.202872,0.154866,-0.042427,0.304598,0.159137,0.294905,0.010251,0.154288,0.186302,0.102557,0.181238,0.020004,0.022531,0.263238,0.080091,-0.006399,-0.088923,0.120224,0.235033,0.048662,-0.027584,0.177722,-0.035613,-0.155401,0.040610,-0.048505,-0.044568,0.170245,0.024458,0.246351,-0.078730,-0.014183,0.122757,0.217848,0.061058,0.083128,-0.011986,-0.019340,0.023158,-0.010956,0.016413,-0.024588,-0.015148,-0.116060,-0.006024,0.127522,0.231706,0.403873,0.212110,0.044047,0.292946,-0.173168,0.017528,0.120304,0.161011,0.148046,0.267906,0.119906,0.037344,0.307225,0.146074,0.003257,0.169909,0.035233,0.151936,0.237018,0.201221,0.214013,0.152948,-0.154264,0.162144,0.055213,0.025172,0.284196,-0.070122,0.172957,0.122902,0.093250,0.060088,-0.058075,-0.114741,0.456875,0.252420,0.183181,0.130065,0.111105,-0.038843,0.293109,0.194908,0.085721,0.077715,-0.044112,0.079741,-0.198299,-0.020432,0.134418,0.172114,0.219923,0.065194,0.273562,-0.002607,-0.030896,0.229601,0.034879,0.141325,0.109384,0.041645,-0.048720,-0.193615,0.234841,0.017918,0.072911,0.068984,0.145234,0.164936,-0.170478,0.183857,-0.008783,0.218417,-0.209559,0.075653,0.100634,-0.093762,-0.013588,0.186831,0.209293,-0.095305,0.000212,-0.008622,0.010860,-0.039704,0.208263,0.064565,-0.103971,0.194299,-0.222233,-0.047341,-0.038598,0.097499,0.090567,0.145946,-0.004261,-0.066367,0.146523,0.226273,0.030553,0.023744,0.032826,-0.140204,-0.013556,-0.009474,-0.185727,0.039237,0.174058,0.064009,0.192019,0.214455,0.018946,0.178543,0.372556,-0.013981,0.299143,0.057867,0.099041,0.228716,0.172937,0.225790,#
