0,1.000000,0.005365,0.051047,0.054640,0.274125,0.056749,-0.095670,-0.170614,0.040650,-0.023209,-0.023368,-0.184164,-0.027525,-0.054977,0.141998,0.326141,0.052090,0.089486,0.182232,0.121239,0.106683,0.105828,0.364913,0.222003,0.101597,0.054890,0.216282,-0.222984,0.060106,0.022200,-0.068195,0.123357,0.007973,0.223297,0.118858,-0.044369,0.018724,0.028262,0.299487,0.286383,0.140796,0.163769,0.177121,0.093662,0.032990,0.114229,0.051846,0.322015,0.207958,0.203482,-0.002393,-0.122306,0.116108,0.185862,0.089745,0.240788,0.339168,0.057456,-0.067280,-0.037874,0.045971,-0.088705,0.206015,-0.138690,-0.124256,-0.058277,-0.130437,0.195802,0.201173,0.097392,0.315158,0.032009,0.095253,0.289251,0.156032,-0.208842,0.157978,0.241160,-0.043177,0.106149,-0.083145,0.106833,0.117668,0.186889,0.158545,-0.082026,0.272739,0.062065,0.277117,0.207196,0.118275,0.183259,0.183622,0.125214,0.239877,0.139614,0.087452,-0.065917,-0.008542,0.089244,0.238831,0.113847,-0.014043,0.036166,0.114799,0.119298,0.283039,0.121999,0.140984,-0.077124,-0.092162,0.124625,-0.071014,-0.159379,0.241864,0.060451,0.147655,-0.061859,0.129854,-0.036206,0.020044,0.091846,0.221864,0.111904,0.048889,0.145555,0.144431,-0.123233,0.251632,0.220663,0.175615,0.076494,0.007696,0.072945,0.056261,-0.013442,0.169596,0.037935,-0.125031,0.062959,0.237257,0.187975,0.040762,0.076263,0.037592,0.130448,0.138793,0.054391,0.169969,0.068719,-0.099615,-0.044115,0.013125,0.079696,0.215157,0.316848,0.008450,0.115100,-0.090003,0.174854,-0.067906,-0.017661,-0.089803,-0.223593,0.208058,0.154926,-0.118106,0.207280,0.233501,-0.028238,-0.019205,-0.233697,0.071371,0.066771,0.020103,0.151304,0.186020,0.063974,0.049959,-0.029507,0.184258,-0.006277,-0.013016,0.000632,0.019849,0.093082,0.256142,0.304900,0.313450,0.058400,-0.144100,0.196402,-0.215268,-0.102012,0.007417,0.017530,-0.021879,0.367280,0.304311,0.228105,#
1,0.005365,1.000000,0.080683,0.182002,0.051882,-0.016342,0.297629,-0.050556,0.196049,-0.034477,0.159203,0.189304,-0.008418,0.046276,-0.013108,-0.164851,-0.026434,0.027638,-0.060528,0.026196,-0.001580,0.261835,-0.035876,-0.072835,-0.011114,0.070005,0.195031,0.313912,-0.284692,0.158683,0.019929,0.088562,-0.163916,0.041999,-0.238568,0.197043,0.136865,0.113257,0.216859,-0.152986,-0.218799,-0.106953,0.076938,0.109251,-0.040076,-0.021900,0.329545,0.136463,-0.106955,-0.082598,0.081406,-0.209512,0.257403,0.181146,0.047158,0.089689,0.114489,0.011369,-0.223215,-0.000224,-0.001286,0.056284,0.161587,-0.006170,-0.258817,-0.098044,-0.188391,-0.001440,0.002765,0.207668,0.016199,-0.005378,0.125514,-0.075606,0.074723,0.038722,0.127841,-0.028937,0.124782,0.097574,0.226807,0.048825,-0.001970,-0.000230,0.148584,-0.395563,0.116654,0.020057,0.149529,-0.031781,0.048175,-0.053773,-0.027016,0.073525,0.055563,-0.055113,-0.173193,-0.071290,-0.074611,0.082266,0.210935,0.184654,0.189531,0.014778,0.060622,0.082395,0.218302,0.168338,0.012114,0.161134,0.179075,-0.027766,-0.111940,0.036021,0.089348,0.090958,0.190275,-0.016884,0.009153,-0.027941,-0.213595,0.084588,0.114395,0.118214,-0.173851,0.023087,0.153805,0.078533,-0.093290,0.107933,0.000924,0.143611,-0.028855,0.177636,0.017501,-0.016593,0.011141,0.099813,0.185387,0.153048,0.140219,-0.020215,0.123990,0.209897,0.243921,0.016123,-0.008719,-0.191899,-0.087416,-0.069555,-0.116835,-0.035576,-0.019288,-0.134180,0.163483,0.085360,-0.132242,-0.106589,-0.437444,-0.341462,0.006604,0.108104,0.213067,0.054567,0.068557,-0.119298,-0.225142,-0.098230,-0.024122,0.239761,0.186157,0.188749,0.019299,0.077454,-0.077350,0.055457,-0.007016,0.261233,0.162516,-0.010743,0.015511,0.059111,-0.041495,-0.201730,0.050718,0.073359,0.052974,0.076852,-0.059307,-0.003924,0.251307,-0.128452,-0.254341,0.267239,0.119439,0.044240,-0.068595,-0.108929,-0.053242,0.130265,#
2,0.051047,0.080683,1.000000,-0.080480,0.152426,-0.185912,0.023811,-0.066881,-0.001157,-0.011701,0.113528,0.318503,0.137862,0.198260,-0.202585,0.262580,0.044995,-0.132773,0.141825,0.058240,0.180923,0.307341,-0.296199,0.037527,0.193386,0.261908,0.047617,0.071460,-0.134521,-0.059036,-0.092570,-0.003501,-0.153327,-0.277562,0.009662,0.047741,0.055041,-0.363422,-0.023944,-0.183900,0.103629,0.003058,0.310813,-0.029751,0.157735,-0.095916,0.077656,0.060279,0.122875,0.206742,0.167194,0.118903,0.056162,0.065190,-0.092650,-0.044255,0.062266,0.177855,0.072506,0.030498,0.273993,-0.050815,-0.046321,0.181930,0.089377,0.026748,0.215803,0.197731,0.275457,0.019758,-0.090214,0.175577,-0.075344,0.061740,0.113894,0.039392,0.135896,0.204190,-0.013905,-0.116811,0.172228,-0.121078,-0.259009,0.096303,0.076735,-0.026264,0.150455,0.267897,0.056653,-0.163243,-0.250705,0.130796,0.132437,0.198063,0.088266,0.290387,0.369213,0.125404,0.216768,0.017952,0.022327,0.048327,-0.015343,0.236748,-0.077390,-0.016818,-0.036323,-0.084452,0.054026,0.061687,0.237255,0.086407,0.107948,-0.015861,-0.017552,0.168822,0.267980,-0.063965,-0.230701,-0.114257,-0.018268,-0.007780,0.130102,-0.061157,0.091682,-0.058070,0.270569,0.068753,0.164657,-0.068102,-0.129112,0.123527,0.146503,0.104108,0.158501,-0.053757,0.172295,0.018379,0.118943,0.044331,0.114594,0.096805,0.169280,-0.033041,0.340006,0.006642,-0.356464,0.051827,0.343448,-0.092053,0.076965,0.127811,0.101910,0.183385,0.010699,0.053046,0.070395,-0.018365,-0.179762,0.141001,0.045356,0.146904,-0.162705,0.212538,0.019507,0.068478,0.028704,-0.177235,-0.091139,0.010632,-0.161785,0.349406,-0.114956,0.005027,0.229070,0.024733,0.151287,0.079114,-0.139582,0.080664,0.241664,0.078023,-0.414912,0.286247,-0.030714,0.109201,0.054055,0.025139,0.186075,-0.227248,0.010176,0.043486,0.098231,-0.084502,0.106677,0.120182,-0.121028,0.084542,0.196215,0.191607,#
3,0.054640,0.182002,-0.080480,1.000000,0.151474,0.123377,0.143509,-0.114366,0.183494,-0.064062,0.114163,-0.102131,0.141741,-0.082822,0.097486,-0.028554,0.076782,0.150532,0.081301,0.234020,0.230186,0.032529,0.189416,0.259628,0.100756,0.124124,0.039033,-0.095658,0.111769,0.056361,-0.057682,0.100632,0.352930,0.234311,-0.240740,0.005982,0.088391,0.264125,0.328161,0.053158,0.029701,0.253553,0.211587,0.289259,-0.083864,0.260968,0.198725,0.315766,0.010182,0.052551,0.189934,0.167939,0.377057,-0.141187,0.006116,0.168940,0.028765,-0.271269,-0.084100,0.203234,0.166414,0.099785,-0.038063,-0.059762,0.245815,0.154757,-0.076185,-0.124115,0.132448,0.280373,-0.044188,0.116675,0.115943,-0.010289,0.100173,0.176486,0.022744,0.189559,-0.002894,-0.232577,0.332667,0.100050,0.179422,0.092849,0.223015,-0.028608,-0.017113,-0.163593,0.313605,0.060765,0.110003,0.170857,0.064670,0.065008,0.083137,-0.003026,0.034670,-0.172126,0.225989,0.069897,0.146258,-0.005823,0.172867,-0.017135,0.186545,-0.032125,0.107737,0.096901,-0.123495,0.041062,0.048653,0.085038,0.064397,-0.012413,0.144641,-0.176693,0.201470,0.135821,0.001156,0.107670,0.055329,-0.107288,0.092032,0.263181,-0.002759,0.132261,0.096852,0.130452,-0.086536,0.082161,0.315281,0.064698,0.101360,0.300914,0.131166,0.015359,0.157595,-0.007617,0.276613,-0.018600,0.095662,0.122593,0.081516,-0.009463,0.027085,-0.049766,0.127448,0.165256,0.120017,0.167900,-0.067268,-0.007085,0.005995,0.106396,0.150464,-0.022107,-0.113128,0.249672,-0.022784,0.097028,0.116093,0.084341,0.340267,0.302180,0.029326,-0.070084,-0.117618,0.069909,-0.246534,-0.046541,0.166435,-0.131748,-0.071256,-0.202099,-0.138869,0.016660,0.246091,0.085141,0.035429,0.182524,-0.077701,0.380308,0.161003,-0.369115,-0.242150,0.087941,0.153498,0.092647,0.113065,0.049968,0.047469,0.069898,-0.043941,-0.271068,-0.010085,0.180251,0.270922,0.002206,0.048523,0.034412,#
4,0.274125,0.051882,0.152426,0.151474,1.000000,0.172702,-0.130090,-0.035145,0.277711,0.122699,0.018439,-0.129822,0.138548,-0.080650,0.116901,0.236108,-0.180463,0.234999,0.143922,0.382752,0.284241,-0.002076,0.227609,0.183405,-0.010984,0.131984,-0.042588,-0.119873,0.017527,0.124942,0.102001,-0.065451,-0.031047,-0.068895,0.068780,0.263938,0.333068,-0.086280,-0.072444,0.055415,0.133722,0.419871,0.132665,-0.089757,0.186443,0.046336,0.340852,0.081748,0.185969,0.286436,0.122289,0.101577,0.082236,0.096859,0.278231,0.364275,0.256068,0.040854,0.175561,-0.023563,0.080873,0.156780,0.074040,-0.035300,0.084892,-0.133428,0.201326,0.048415,-0.027062,0.039786,0.224475,0.092289,0.056120,0.226642,0.011328,-0.060798,0.044634,0.225416,0.191452,0.061547,0.429121,0.212383,-0.039213,-0.012169,0.468932,-0.015046,0.043931,0.138629,0.055178,0.182912,0.249756,0.031532,0.176417,0.114674,0.143481,0.366131,0.123273,0.086473,-0.098333,-0.069068,-0.038345,-0.129605,0.303627,0.133370,0.130786,0.067723,-0.009897,0.173051,0.107383,-0.032977,0.185592,0.241875,0.251794,0.283571,0.325592,-0.082868,0.200561,-0.083798,-0.006953,-0.054105,-0.007503,0.071252,0.124075,-0.013275,0.217462,-0.035213,0.288011,0.031030,0.128594,-0.051974,0.213477,0.109699,0.115269,0.082717,0.076969,0.068292,0.231233,0.173429,0.047781,0.086802,0.247432,0.073511,0.235087,0.078039,0.189958,0.322383,-0.036359,0.309767,0.207473,-0.096125,0.087523,0.095062,0.006652,0.396029,0.208478,0.100186,0.334904,0.187843,-0.296167,0.108708,0.188599,-0.049653,-0.086417,-0.039676,-0.039562,0.106652,-0.080444,0.030689,-0.003502,0.074541,-0.005547,-0.061700,0.371918,0.139405,0.142351,0.225098,0.191679,0.225881,0.073200,0.285893,-0.000412,-0.087431,0.170374,0.120106,0.136454,-0.025605,-0.140573,0.262410,0.216333,0.175429,0.084997,0.224094,0.030268,-0.216925,0.239399,0.046949,0.110659,0.162838,0.188811,0.278642,#
5,0.056749,-0.016342,-0.185912,0.123377,0.172702,1.000000,0.078285,-0.003381,0.088337,0.299737,0.178856,0.035042,0.184351,-0.105103,0.127883,-0.089898,-0.182702,0.026495,-0.114028,0.121530,0.037213,0.039834,0.064249,-0.002395,0.005516,0.008530,-0.060996,0.090944,0.240874,0.104973,0.111688,0.148350,0.151087,0.174419,-0.072177,0.132352,0.157754,0.151233,0.118104,0.159753,0.167634,0.146290,-0.015362,-0.036879,-0.239875,0.126625,0.051083,-0.141431,0.051149,0.113230,0.133161,0.031034,-0.157371,-0.142929,0.350464,0.202878,0.020564,-0.094473,0.155187,-0.010169,-0.153280,0.002287,0.195765,-0.038779,0.166543,-0.037333,0.028661,-0.055663,0.082992,-0.018601,0.199845,0.059366,0.125971,0.262002,-0.112135,-0.066157,0.154124,-0.163320,0.079507,0.067359,0.126890,0.037573,0.304687,-0.203415,0.207659,-0.198589,-0.023377,-0.059861,-0.009478,-0.089520,0.104804,0.018312,0.193077,0.264212,0.095049,0.247158,-0.178068,0.028870,0.013535,-0.047406,-0.028240,0.087560,-0.141637,-0.108133,0.143207,0.148521,0.100371,-0.000434,0.133155,-0.172985,0.133201,0.190364,-0.016161,0.053030,0.071708,-0.107536,-0.046249,0.122760,0.112590,-0.077837,-0.212739,0.269353,0.122802,0.031301,-0.104625,-0.023287,-0.228433,-0.030323,0.303404,0.103879,0.312135,-0.095162,0.203063,0.291573,0.066252,0.181629,0.078606,0.050426,-0.234480,-0.016143,-0.058487,0.094491,0.198512,0.143019,-0.112556,0.112242,0.089651,0.049417,-0.109695,0.096236,0.195286,-0.039859,0.178836,0.255607,0.032997,0.075157,0.040308,0.008565,-0.046983,-0.036994,0.206669,0.062704,0.155970,0.156769,-0.241533,0.073164,-0.103431,0.231710,0.277860,0.081156,0.278610,-0.156931,0.387933,-0.005671,-0.101525,0.153276,0.178759,0.169348,0.111208,-0.001126,-0.054654,-0.050147,0.224240,0.098190,0.012778,0.044469,0.145064,-0.063168,0.063065,-0.069714,-0.086337,0.145531,0.139302,0.078757,0.328346,-0.096718,0.105655,-0.014822,0.039942,0.238316,#
6,-0.095670,0.297629,0.023811,0.143509,-0.130090,0.078285,1.000000,-0.067918,0.178532,0.077496,0.035046,0.063265,-0.074166,0.042892,-0.091888,0.014135,-0.079063,-0.054049,0.062392,-0.093611,-0.055652,0.069946,-0.049962,-0.045637,0.064470,0.033038,-0.062770,0.096941,-0.057166,0.005701,0.099691,0.179032,-0.029173,0.121274,-0.219148,-0.060708,-0.186973,0.242842,-0.077255,-0.128118,-0.264007,-0.181497,-0.048733,0.173778,-0.084142,-0.051951,-0.035868,-0.037726,-0.035831,-0.099615,0.068550,-0.169306,0.066586,0.054139,-0.143318,0.122290,-0.230311,-0.153879,0.160771,0.320304,0.140275,-0.134259,0.269364,-0.207377,-0.031931,0.274743,-0.041109,0.147730,-0.105562,0.006352,-0.070923,-0.044036,-0.170123,0.115745,0.220168,0.036688,0.223779,0.174344,0.100626,-0.131506,-0.098440,-0.151647,0.157646,0.090533,0.014793,0.021355,-0.045044,0.142453,-0.157031,-0.065188,0.098487,-0.118988,-0.049120,0.019102,-0.061035,0.037573,-0.031543,0.005013,0.175619,0.119512,-0.009733,0.325895,0.015360,-0.017624,-0.189983,0.266076,0.117386,-0.054104,0.229951,-0.090571,-0.003719,0.045276,-0.000463,-0.284659,0.057036,0.162834,-0.059306,-0.051113,0.064917,-0.153858,0.022620,0.076293,-0.140574,0.062712,-0.139369,-0.094565,-0.126782,-0.033106,-0.110893,-0.086832,0.027683,-0.049568,-0.096677,0.032200,-0.122267,0.163324,-0.000300,0.036584,-0.022970,0.117118,-0.200032,0.192904,-0.181629,0.041501,-0.129502,-0.016765,0.074119,-0.145154,0.088519,-0.280500,0.231611,-0.244184,0.082205,-0.209496,0.102207,-0.009201,0.041842,0.245629,-0.084270,-0.186977,-0.088362,0.066145,0.125744,0.316583,-0.046048,0.132154,-0.284987,0.016347,-0.157134,0.165910,-0.101836,-0.099950,0.104748,0.003274,0.084360,0.003970,-0.073618,0.058741,0.122546,-0.130217,-0.051489,-0.095979,0.170253,-0.082913,-0.015555,0.059051,0.001603,0.024878,0.007544,0.092062,0.034149,0.113357,-0.186344,0.030146,-0.210824,-0.116788,0.128967,-0.129057,-0.070035,0.130188,#
7,-0.170614,-0.050556,-0.066881,-0.114366,-0.035145,-0.003381,-0.067918,1.000000,0.024631,-0.007629,0.117836,0.381969,-0.074544,-0.116043,-0.011327,-0.055778,-0.054144,0.336591,-0.069259,-0.118330,0.059261,0.069617,-0.103931,-0.088785,0.212496,-0.030222,-0.099330,0.256888,-0.224668,0.090343,-0.016308,-0.303013,0.154129,-0.104470,-0.110886,0.060461,-0.248388,-0.259799,-0.007659,0.023586,0.138396,-0.067491,0.011202,-0.029014,0.169118,-0.013535,-0.035449,-0.120550,0.036689,-0.118228,0.045177,-0.173981,-0.071376,-0.024491,-0.101163,-0.080760,0.156637,0.285650,0.079125,-0.104343,0.036658,0.043979,0.173135,0.023321,-0.004833,0.168303,0.176883,-0.283880,-0.096739,0.043307,0.133781,-0.006493,0.079874,0.022298,-0.290741,-0.076369,-0.150883,-0.079770,-0.142701,0.325075,0.178152,-0.074601,0.049802,-0.086598,0.031447,-0.020118,-0.004479,-0.075187,0.054213,0.066101,-0.012540,-0.044768,-0.008521,0.064032,-0.175450,-0.099011,-0.065049,0.159064,-0.148135,0.080044,-0.000970,-0.118847,0.048317,-0.064071,-0.198690,-0.118800,0.243255,0.100318,-0.079121,0.086689,-0.036307,0.026357,-0.018169,0.076928,0.110750,0.072432,-0.098079,-0.080842,-0.192723,0.028438,-0.117846,0.165709,-0.063686,-0.209367,0.014219,0.047669,0.076861,-0.115109,-0.115477,-0.101699,0.068393,0.274873,0.202888,-0.104342,0.238928,0.026249,-0.234208,0.310419,-0.139558,-0.016869,0.173416,-0.157849,-0.140432,-0.124004,-0.024064,-0.122279,0.069600,-0.034711,-0.217790,0.018540,0.115179,0.016685,0.152148,-0.086815,-0.108074,-0.063105,0.114276,-0.045556,0.113489,0.011467,-0.021274,-0.097112,0.197968,-0.189556,-0.269622,0.123851,0.220655,0.007431,-0.086665,-0.080739,0.002935,-0.162733,-0.089460,0.053125,0.036655,-0.000889,-0.132116,0.043801,-0.237430,0.260932,0.057492,0.087316,0.019797,0.172837,-0.425150,-0.075262,-0.130820,-0.149909,0.051452,0.222710,0.213357,-0.185196,0.182463,-0.033895,-0.025853,-0.110497,-0.156373,-0.149566,0.128672,-0.062048,#
8,0.040650,0.196049,-0.001157,0.183494,0.277711,0.088337,0.178532,0.024631,1.000000,0.162786,0.270382,0.233170,0.061730,-0.288304,0.138034,0.146712,-0.144444,0.155477,0.053304,-0.062330,-0.136242,0.046971,-0.061859,0.239734,-0.095692,-0.037551,-0.094541,0.122844,-0.151134,0.056220,-0.256146,0.103958,-0.129349,0.014420,-0.059368,0.049634,0.118393,-0.090083,0.009292,0.014897,0.063389,0.068278,0.103092,0.046300,0.190208,0.159185,-0.063299,-0.076754,0.109729,-0.045513,0.045286,0.213121,0.116139,0.206823,0.018394,0.177330,0.171832,0.170500,-0.044805,0.247930,0.057368,0.064100,0.092777,-0.230837,0.094562,0.333959,-0.016051,-0.090590,0.233313,0.038414,0.064194,-0.049369,-0.007896,0.028359,0.091448,0.114109,-0.123367,0.085806,-0.115349,-0.044160,0.155557,0.122302,0.134963,0.101254,0.288436,-0.050469,0.065878,0.016464,0.042925,0.234452,0.087580,0.303542,0.148365,-0.235989,0.337672,0.233231,0.035567,-0.081167,0.173070,0.052007,-0.038024,-0.056853,0.139213,-0.026905,0.121977,0.069766,0.158009,0.071013,-0.041103,0.229685,0.073171,0.035260,-0.078036,0.074082,-0.003342,0.236754,0.096847,-0.015890,0.065349,0.302452,-0.019557,0.015289,0.064829,0.039996,0.038149,0.023307,0.018261,0.264274,-0.182081,0.141145,0.061379,-0.152361,0.019243,0.152180,0.004940,0.156328,-0.111747,0.248241,0.057181,-0.030667,0.177458,0.063769,-0.006741,-0.183582,-0.047592,-0.168558,0.172623,-0.055678,-0.086034,-0.043364,0.149768,-0.111448,0.060437,0.059178,0.258741,0.293561,0.190692,0.243254,-0.027866,0.010316,0.019487,-0.049596,-0.002203,0.077386,0.077629,0.025549,0.095713,-0.095330,-0.003837,0.112923,-0.066247,-0.078630,0.082489,-0.109488,0.172773,-0.013692,0.007456,0.065407,0.105243,0.172023,0.000433,0.040409,0.068229,-0.165905,-0.205472,0.186500,-0.244463,0.034463,0.336039,0.224701,0.088736,0.151607,0.120582,-0.147120,0.257572,-0.063277,0.097113,-0.139371,-0.201270,-0.041426,#
9,-0.023209,-0.034477,-0.011701,-0.064062,0.122699,0.299737,0.077496,-0.007629,0.162786,1.000000,0.211647,-0.006942,0.013181,-0.044971,-0.065196,0.111805,0.017496,-0.050627,-0.329516,0.203092,-0.098176,-0.047371,-0.098462,-0.136784,-0.193323,-0.029562,0.084715,0.016653,0.067601,0.066918,0.259978,-0.044128,-0.120722,0.282727,0.209667,0.099821,-0.134665,0.189473,-0.090405,-0.192229,0.103822,-0.002164,0.046229,-0.104880,-0.118173,0.007481,-0.104871,-0.058656,-0.147399,0.104218,0.039064,0.116726,-0.090134,0.063200,-0.214700,0.023708,-0.127808,0.003900,0.236919,-0.063643,0.108119,0.193794,0.333041,0.095980,0.012990,0.107788,-0.149878,-0.081363,-0.007094,-0.176839,0.183233,0.020827,0.074014,0.127479,-0.103074,-0.021255,-0.251924,-0.121139,0.157502,0.182140,-0.046514,0.188611,-0.182530,-0.191948,0.250853,-0.067252,0.107667,0.039807,-0.405500,-0.196277,-0.035791,0.112028,0.154042,-0.205194,0.013048,0.244354,-0.015608,0.067406,0.014471,-0.306131,-0.110883,0.116873,0.049135,0.024429,0.228250,0.200917,0.014643,-0.189913,0.158947,-0.033402,-0.035720,-0.049828,-0.148664,0.318267,-0.225754,-0.059678,-0.078641,0.077740,0.073685,-0.141081,-0.092950,0.041406,-0.196052,0.046647,-0.133611,0.113156,-0.173744,0.170590,-0.040301,0.201174,0.026346,-0.229287,0.052913,0.064085,0.080408,0.201552,0.117708,0.306884,0.060410,-0.284144,-0.076757,0.118731,0.110008,-0.086510,-0.161563,0.133243,0.155685,0.055739,0.135016,0.329635,-0.099054,-0.106639,0.393328,0.267970,0.268260,-0.038055,-0.085768,0.141119,0.171864,-0.246182,0.215395,-0.072740,-0.012391,0.199321,-0.089034,-0.035248,0.055920,-0.080207,0.348899,-0.216788,-0.027412,-0.123989,0.081575,0.047286,-0.120712,0.095285,0.038803,0.071271,0.040351,-0.050763,-0.000387,0.040052,0.165066,0.169568,-0.082266,0.092363,-0.100708,0.101965,0.145797,0.044826,0.101262,0.023749,-0.196228,0.039585,0.038654,-0.005831,-0.002090,-0.102290,-0.114898,0.274367,#
10,-0.023368,0.159203,0.113528,0.114163,0.018439,0.178856,0.035046,0.117836,0.270382,0.211647,1.000000,0.011942,0.006585,-0.153315,0.043629,0.106015,-0.041001,0.205758,0.026654,0.087670,-0.213317,0.125533,-0.243042,0.137629,-0.103569,-0.130497,-0.172357,0.236470,0.145435,0.208734,0.095024,0.056349,0.163272,0.019966,0.011779,0.013832,0.029002,0.078014,0.408945,-0.023786,0.163789,-0.023230,-0.025314,-0.019257,-0.263737,0.094531,-0.000496,0.072069,-0.018185,0.231761,0.119757,0.002796,-0.174223,0.069415,-0.110310,0.177256,0.055121,-0.116277,-0.194662,0.187655,0.053738,0.215998,-0.068661,0.274112,0.284817,0.176829,0.084758,-0.029918,-0.022150,0.106309,0.156339,0.109597,0.108391,0.180123,-0.093567,0.188366,-0.024699,-0.047117,-0.099068,0.130933,0.203058,-0.096789,0.125704,0.043005,0.395059,-0.156502,0.141099,0.093016,-0.090275,0.036081,-0.113214,-0.022130,0.200126,-0.026428,0.141510,0.291367,0.144456,-0.061830,0.002959,-0.050875,-0.191340,-0.047958,0.164335,-0.160284,0.000378,-0.019744,-0.007784,0.141396,-0.020110,-0.013434,0.037258,0.195012,-0.120954,0.122476,0.292718,0.050763,0.060902,0.030932,0.017821,-0.047363,-0.064639,0.193990,-0.007186,0.095240,-0.085642,0.066861,0.051234,0.268797,0.045343,0.101062,0.262732,0.098078,0.058238,0.154131,0.173253,-0.026407,-0.058850,0.336791,0.067475,-0.136137,0.315082,0.038100,0.093891,-0.011910,0.148429,-0.088342,0.000070,-0.057208,0.083052,0.066787,0.201421,0.101949,0.182793,0.024530,0.344812,0.026251,0.029320,-0.178928,0.197148,-0.192783,0.206816,-0.290613,0.429298,0.124002,0.058428,0.090765,0.141115,-0.088728,0.039042,0.040561,0.076348,0.048176,-0.070472,0.088675,0.152271,0.033578,0.132041,0.204410,-0.169666,0.107832,0.154534,0.089888,0.154748,-0.032584,-0.027357,0.352023,-0.034651,-0.205459,0.032104,0.145945,0.278434,-0.113923,-0.037106,0.033875,0.271894,-0.016362,-0.075491,-0.055350,0.018793,0.275584,#
11,-0.184164,0.189304,0.318503,-0.102131,-0.129822,0.035042,0.063265,0.381969,0.233170,-0.006942,0.011942,1.000000,-0.073143,0.056739,-0.326759,-0.072052,-0.066671,-0.003538,-0.068116,-0.277926,-0.142676,0.183973,-0.222615,-0.102099,0.205980,0.101320,-0.089108,0.275806,-0.210807,0.161216,0.073084,-0.036518,-0.085548,-0.083752,-0.002326,0.063052,-0.073299,-0.313842,-0.037637,-0.037917,-0.008114,0.131100,0.185215,0.147059,0.000165,0.087018,-0.214591,0.020998,0.180957,-0.131959,0.043115,0.127972,-0.063135,0.144289,-0.161345,-0.159851,-0.083595,0.300148,0.051110,-0.027610,0.077092,-0.133700,0.112155,-0.054168,0.004070,0.298626,0.077437,-0.043096,0.167622,0.006529,-0.166957,-0.238119,0.162241,-0.059429,-0.195299,-0.047360,0.006516,-0.146679,-0.058970,0.019521,0.186372,0.021914,-0.029513,-0.039189,-0.028424,-0.231951,-0.037739,-0.025437,0.154149,-0.123397,-0.417073,0.165496,0.247608,0.328916,-0.035886,0.049169,-0.064982,0.007580,0.238184,0.132603,0.068117,-0.044455,-0.009026,0.072561,-0.242720,0.000414,0.155164,0.036929,0.041778,0.121553,0.223256,0.034847,-0.012040,0.029037,-0.119455,0.208333,-0.029662,-0.016378,-0.218164,-0.007643,-0.074728,0.048897,0.109451,-0.120949,-0.179430,0.106002,-0.085464,0.013306,0.009588,-0.116800,-0.037586,0.108605,0.323284,0.096291,0.141614,0.096939,-0.153618,0.359526,-0.069728,0.076269,0.016710,-0.060700,0.014180,-0.024713,0.136916,-0.081019,0.062627,-0.038540,-0.087406,-0.134663,0.023034,0.265016,0.307628,0.050974,0.017819,0.126164,0.053245,-0.105269,-0.059673,-0.038750,-0.090782,0.090146,0.009992,-0.050802,-0.109120,-0.001229,0.186761,-0.096428,-0.123094,0.144374,-0.017083,0.044540,-0.082829,-0.190882,0.101574,0.120827,-0.105672,0.050659,-0.081169,0.018204,0.070961,-0.036041,-0.153089,-0.062024,-0.394618,0.139545,-0.045876,0.137928,0.121482,0.049099,0.124887,-0.315577,0.158272,0.031107,0.233823,0.115127,-0.023382,-0.175446,0.085475,-0.202533,#
12,-0.027525,-0.008418,0.137862,0.141741,0.138548,0.184351,-0.074166,-0.074544,0.061730,0.013181,0.006585,-0.073143,1.000000,-0.101262,0.173704,0.180501,0.217496,-0.104865,-0.004718,0.301997,0.017358,0.176483,0.052305,0.163498,-0.191395,0.279106,0.030306,0.119792,-0.033661,0.048413,-0.277622,0.345285,0.022961,0.205627,-0.004667,0.383198,0.071460,0.015846,0.147598,-0.076753,0.142866,0.026278,0.018671,0.145393,0.191767,0.137453,-0.017182,0.072525,0.149014,0.066427,0.119742,0.131737,0.162690,0.018695,0.307112,0.077011,-0.033295,0.038161,0.103155,-0.102722,0.001829,0.102337,-0.014700,0.182497,0.354277,-0.022312,0.062382,0.066252,0.212070,-0.002527,0.050290,0.025797,0.057867,0.080036,0.132740,0.125888,0.043031,-0.100097,-0.087904,0.005865,0.224065,0.043722,-0.173383,0.093226,0.147385,0.096808,0.022098,0.235448,0.156267,0.099200,0.272266,0.146616,-0.049154,0.187749,0.156351,0.127594,0.194359,-0.101479,0.154067,-0.051691,0.328865,0.149445,-0.089714,-0.171840,0.245008,0.000834,0.122386,0.018973,-0.098333,-0.024654,0.102738,-0.018282,0.004642,0.076076,0.020438,-0.215589,0.182450,-0.047866,0.328089,-0.034768,0.172564,-0.017015,0.234038,0.132118,0.160277,-0.296866,0.168801,0.167273,-0.011392,0.011457,0.167346,-0.144452,0.002118,0.163244,0.103402,-0.084270,0.246947,-0.146848,0.140810,0.154715,0.162690,-0.066729,0.014480,-0.093583,-0.204397,-0.037925,-0.223271,0.163628,0.057908,-0.034328,-0.082790,0.141836,0.042860,0.146639,-0.184097,0.013858,-0.051867,0.010702,0.076703,-0.008652,-0.087762,0.327364,0.108056,0.184220,-0.010517,-0.201710,0.231336,0.090329,0.145068,0.201160,0.141145,-0.033460,-0.037608,0.223998,0.067914,0.046643,0.290513,0.301290,0.032691,0.198848,0.125559,0.106977,0.149959,0.133822,0.054467,-0.117177,0.075483,0.202943,0.059336,-0.070830,0.060637,-0.113136,0.155312,0.093791,-0.082923,0.188123,0.197767,0.181851,0.171711,-0.031363,#
13,-0.054977,0.046276,0.198260,-0.082822,-0.080650,-0.105103,0.042892,-0.116043,-0.288304,-0.044971,-0.153315,0.056739,-0.101262,1.000000,0.266132,0.000351,0.247232,-0.075029,0.047459,0.321555,-0.071382,-0.137801,-0.173591,0.088529,-0.087189,0.279120,0.181125,-0.071814,-0.074859,-0.120316,0.053441,0.094567,0.063878,0.006990,0.197284,0.102337,0.014019,-0.031789,-0.139408,0.136146,-0.187389,-0.123151,0.014851,0.037504,-0.009201,0.134521,0.020733,0.003531,-0.065632,0.024860,0.047344,-0.094337,0.089483,0.211393,0.016616,-0.074213,-0.126544,0.047271,0.018800,0.155125,0.188412,0.213047,0.097425,0.085600,0.078502,-0.022954,0.403562,0.139150,0.007165,0.018848,-0.024345,-0.063512,-0.204648,-0.133300,0.194979,0.178244,0.252700,0.122841,0.281231,-0.065599,-0.056199,0.214042,-0.138924,0.262820,0.135913,0.045415,0.134567,0.230602,-0.015238,-0.197470,-0.095836,0.055919,-0.053221,0.215296,-0.069909,-0.026909,0.072869,-0.133968,-0.060372,0.218067,-0.003091,0.218396,-0.049932,0.334883,-0.031802,0.075730,0.174466,0.115967,0.135255,0.120987,-0.077283,-0.085095,0.346086,0.036488,-0.045014,0.085333,0.296775,0.114950,-0.227881,-0.173206,0.115097,-0.064331,0.193918,0.101860,0.191107,0.002288,0.078520,-0.115552,0.167552,-0.008696,-0.175352,0.004920,-0.047341,-0.104025,0.098794,0.068831,0.055650,0.001528,-0.016034,0.245974,-0.314073,0.064419,0.202448,0.151740,0.121287,0.151169,-0.104317,0.035906,-0.088970,-0.103713,0.084669,0.139179,0.065441,0.244741,0.046177,-0.005134,-0.085724,0.157738,0.075555,0.095656,-0.227800,0.215278,-0.064257,0.200472,-0.053301,0.005011,-0.027545,-0.122161,0.073248,-0.167070,0.021888,0.222864,-0.003774,0.099849,0.160338,0.185646,0.182259,0.024797,0.031369,-0.127224,0.000297,0.209628,0.034636,0.092116,0.256612,0.215098,0.210004,0.011743,-0.187935,0.077249,0.121515,0.113592,-0.070557,0.113269,-0.152504,0.024813,-0.063825,-0.097108,-0.017619,-0.031013,#
14,0.141998,-0.013108,-0.202585,0.097486,0.116901,0.127883,-0.091888,-0.011327,0.138034,-0.065196,0.043629,-0.326759,0.173704,0.266132,1.000000,0.132045,0.200863,0.092673,0.005300,0.333317,0.044467,-0.070012,0.002929,0.315921,-0.247122,-0.054749,0.268155,0.008763,0.025357,0.012531,-0.191320,0.261386,0.018707,-0.036481,0.056157,-0.007555,0.061063,0.019563,-0.077937,0.245441,0.006789,-0.120309,0.242063,-0.168845,0.159189,0.415482,0.153467,-0.244773,0.089373,0.125116,0.170723,-0.096577,0.372947,0.159343,0.436863,0.161994,0.178071,-0.141327,-0.151610,0.023584,0.139517,0.241351,0.021473,-0.099137,0.006150,-0.192019,0.270941,0.253097,0.009625,0.062094,0.225429,-0.011941,-0.025685,0.083958,0.285119,0.170613,0.086355,0.045909,0.100294,0.043115,0.132603,0.158527,0.033599,0.218234,0.193117,0.207804,-0.102876,0.096595,-0.044134,-0.034354,0.203100,0.280449,0.000106,-0.181227,0.325135,0.035295,0.057072,-0.007813,-0.228793,0.036186,0.176401,0.243305,-0.008976,0.287045,0.182888,-0.000806,0.309395,0.125713,0.043076,0.138348,-0.132437,-0.298168,0.133350,0.137414,-0.009842,-0.075055,0.117357,0.016375,0.047607,0.111483,0.154154,0.176866,-0.119886,-0.120353,0.235738,-0.082093,-0.027501,-0.031735,-0.020611,0.328332,0.078619,0.000392,-0.081884,-0.061801,-0.003389,0.131353,-0.094509,0.001295,-0.009143,0.158473,0.170201,0.184977,0.104504,0.132525,-0.130939,0.097386,0.138882,0.096329,-0.335823,-0.043027,0.230053,0.144044,-0.156932,0.154339,0.243811,0.110498,0.017761,0.025888,0.049804,0.074705,-0.090413,0.007318,0.099541,0.113473,0.046162,-0.150207,-0.118464,-0.073662,0.042310,0.091939,0.275028,0.015920,-0.000286,-0.009188,0.122358,-0.067512,0.243208,0.153198,0.209630,-0.027140,-0.052258,0.084576,0.149297,0.034963,0.220760,0.106065,0.197622,-0.261042,0.001786,0.299246,0.047925,0.133415,-0.034366,-0.060578,-0.022004,0.056448,-0.138987,-0.084606,-0.040932,0.015045,#
15,0.326141,-0.164851,0.262580,-0.028554,0.236108,-0.089898,0.014135,-0.055778,0.146712,0.111805,0.106015,-0.072052,0.180501,0.000351,0.132045,1.000000,0.308802,0.089963,0.106417,0.103340,0.044301,0.042145,-0.012040,0.279138,0.068076,0.334915,0.196407,0.028475,0.143050,0.065987,-0.007036,0.129042,-0.133073,0.170676,0.028292,0.087282,0.039193,-0.161097,0.160076,-0.231315,0.076197,0.088866,0.233722,0.105692,0.177976,0.105193,-0.185818,-0.005694,0.041233,0.334316,-0.115727,0.012682,0.266485,0.209334,0.077094,0.207797,0.111626,0.133332,0.106103,0.147894,-0.014730,0.058266,0.351464,-0.105199,0.037744,0.055402,-0.016922,0.168681,0.097048,-0.065516,0.207587,0.099981,0.087064,0.013549,0.012675,-0.032783,0.036370,0.181253,-0.174987,0.079675,0.218412,-0.036289,-0.216577,0.401673,0.166169,0.068570,0.051017,0.336023,0.073326,0.090206,-0.042994,0.156555,0.054980,0.007881,0.263629,-0.035512,0.451955,-0.063851,-0.039464,-0.158153,0.085832,0.173751,-0.139779,0.009869,-0.101555,0.070643,0.106035,0.017757,-0.078372,0.143499,0.000540,0.172333,0.025502,0.036594,-0.000174,0.049019,-0.096708,-0.160268,0.020541,-0.174871,0.246730,0.043824,0.050954,0.140234,0.094229,-0.212633,-0.111867,-0.020103,0.036485,0.062199,0.204770,-0.060043,0.042806,-0.071763,0.029179,0.125719,-0.036974,0.087702,0.164625,-0.114309,-0.126767,0.181028,0.062948,0.094753,0.179926,-0.048743,-0.076782,0.252533,0.434338,0.042324,-0.046551,-0.129977,0.116271,0.276226,0.022888,0.367803,0.031653,0.139175,0.035744,0.132468,0.019118,-0.063914,0.110517,0.196366,-0.017081,0.000848,0.177553,-0.037181,0.078138,-0.151441,-0.139836,-0.180630,0.080735,-0.068369,0.165708,-0.111142,0.319085,0.039529,-0.147834,0.100748,0.330220,0.107703,0.023909,0.211105,-0.077829,0.091437,-0.036188,0.148829,0.046123,0.167780,-0.015139,-0.000395,0.018906,-0.212270,-0.047271,0.028238,0.000438,0.156679,0.069410,-0.071986,#
16,0.052090,-0.026434,0.044995,0.076782,-0.180463,-0.182702,-0.079063,-0.054144,-0.144444,0.017496,-0.041001,-0.066671,0.217496,0.247232,0.200863,0.308802,1.000000,-0.062968,0.000181,0.335571,-0.019045,0.099596,0.172136,-0.033725,-0.269725,0.156436,0.074817,-0.182727,-0.031915,0.251677,-0.188328,0.063202,-0.063734,0.252394,0.036860,0.150561,0.015659,0.078430,0.139506,-0.295331,0.088473,-0.113323,0.084355,0.125119,0.016449,0.263818,-0.125334,0.139001,-0.155838,-0.153037,0.103005,0.142317,0.285434,-0.007064,0.013983,0.019667,0.080522,-0.083140,-0.009984,-0.057115,-0.066286,0.116372,0.402613,0.256671,0.217860,0.011017,-0.036746,0.264286,0.122347,0.056666,-0.103740,0.291401,0.154629,-0.239762,-0.072208,0.201364,-0.105795,0.276890,-0.070096,0.105988,0.012431,0.100252,-0.107472,0.159277,0.026026,0.098405,0.160237,0.026748,-0.008875,-0.049178,0.098082,0.235286,0.050330,-0.068244,0.086707,-0.187001,0.313268,-0.180027,-0.082365,0.117642,0.002702,0.064818,-0.207830,-0.045950,0.101749,-0.100453,0.092558,0.154649,-0.142802,0.142795,-0.130039,-0.042446,0.102535,-0.033969,0.131110,0.096346,-0.044611,0.132544,-0.062298,0.059679,0.233483,0.106368,0.016883,0.171450,0.127061,-0.228503,-0.109420,-0.101120,-0.055888,0.235759,-0.009298,-0.183148,0.316595,-0.351534,0.170595,0.112606,-0.055351,0.109754,-0.018520,0.011224,-0.175743,0.124985,0.252680,0.037341,0.207596,0.058846,-0.148860,0.212381,0.190154,0.187110,-0.251731,0.188406,-0.090459,0.169276,0.055757,-0.030937,-0.120393,0.057846,0.113892,0.051339,-0.087042,0.144702,0.142464,0.249957,0.099342,-0.136919,0.171114,0.035525,-0.021469,-0.060349,0.000323,0.091128,-0.247274,-0.039283,0.093570,0.128042,0.013852,-0.076530,-0.044484,0.053835,0.131791,0.093574,0.029745,-0.020825,-0.060662,0.162620,0.339549,-0.021699,-0.034427,0.056440,0.240569,-0.321519,-0.268878,0.057700,0.002913,0.291961,0.002732,-0.075403,-0.120459,-0.217226,#
17,0.089486,0.027638,-0.132773,0.150532,0.234999,0.026495,-0.054049,0.336591,0.155477,-0.050627,0.205758,-0.003538,-0.104865,-0.075029,0.092673,0.089963,-0.062968,1.000000,0.089017,0.174517,0.186352,-0.224264,-0.096956,0.034643,0.012047,0.183275,-0.015665,-0.050292,0.010344,-0.141746,0.022377,-0.089618,0.320050,-0.064943,-0.005300,0.155992,-0.271224,-0.124556,0.159306,0.007199,0.170514,0.071686,-0.055224,0.100822,0.114448,-0.108432,-0.013499,-0.095126,-0.199201,-0.009831,0.002608,-0.078397,-0.061732,-0.106851,0.196319,0.256317,0.343706,0.115501,0.111562,0.053348,-0.008378,0.250934,0.061142,-0.091483,0.087093,0.120301,0.178520,0.086757,0.027943,-0.003462,-0.079652,0.084322,0.099997,-0.096225,-0.007471,0.056603,-0.178865,-0.099787,-0.265019,0.310163,0.095984,-0.007968,0.306925,0.067129,0.001889,-0.140633,0.027626,0.105674,0.122270,0.061364,-0.122277,-0.035684,0.169440,-0.075346,-0.185733,0.048078,-0.026645,0.162257,0.268874,0.147002,-0.072601,-0.184220,-0.002763,-0.141651,-0.068441,-0.018643,0.011211,0.113344,-0.002877,-0.107832,0.206030,0.325688,0.219734,0.004931,0.116768,0.019130,-0.031932,-0.146580,0.000981,-0.015320,-0.155722,0.151249,0.037565,-0.082038,0.352996,-0.105241,-0.092531,-0.030620,-0.073809,0.021846,0.191237,-0.028779,0.037233,-0.030239,0.117343,0.073996,0.008490,0.345545,-0.112622,0.034426,0.102530,-0.015564,0.036490,0.016533,-0.055652,-0.009442,-0.149630,-0.026180,-0.207205,-0.150912,-0.123364,-0.087746,-0.007393,0.201763,0.180091,0.109207,0.037205,0.080950,0.072752,0.203683,0.141824,-0.080673,0.177147,0.018055,-0.182933,0.135995,0.047490,0.085187,-0.039677,-0.164648,0.038858,-0.114135,0.155278,0.001507,0.111549,-0.141822,-0.039131,0.003290,-0.269610,0.252513,-0.036920,-0.031720,0.090106,0.120967,-0.193501,0.066869,-0.046257,-0.053815,0.163512,0.093621,0.214932,0.002014,0.102140,-0.173998,0.058851,-0.019995,0.024011,-0.187238,-0.021757,0.044169,#
18,0.182232,-0.060528,0.141825,0.081301,0.143922,-0.114028,0.062392,-0.069259,0.053304,-0.329516,0.026654,-0.068116,-0.004718,0.047459,0.005300,0.106417,0.000181,0.089017,1.000000,-0.064977,0.129440,-0.003985,0.102770,0.271717,0.073490,-0.027081,-0.155983,0.099779,-0.033600,-0.145822,-0.146532,-0.276815,0.035231,0.079962,0.099233,0.173898,0.126614,0.096113,0.017491,0.330012,0.076865,0.179704,0.098676,0.075874,-0.000006,0.028432,-0.018837,0.176523,0.189525,0.138759,0.045412,0.008369,0.193935,0.020915,0.087631,0.183240,0.070562,-0.068507,-0.137057,-0.039183,0.065171,0.055877,-0.074934,-0.076093,0.106021,-0.017951,0.202120,0.186164,-0.068369,0.089768,-0.126810,0.004603,-0.182028,-0.257626,-0.049140,0.254669,0.029447,0.166917,-0.020808,-0.146295,-0.089756,-0.017840,0.130307,0.255703,-0.071215,-0.056814,0.150153,-0.137492,0.040129,0.068661,0.177732,-0.053975,-0.016433,0.060144,0.081315,0.290806,0.145434,0.006680,0.111573,0.108790,-0.063782,0.000225,0.072104,-0.025306,0.112682,0.076341,0.100149,0.077818,0.198176,0.174694,0.009483,0.335669,0.090934,-0.258526,0.144055,0.092641,-0.036905,-0.248397,0.047258,0.227626,0.049427,-0.035837,0.073789,-0.102965,0.062551,-0.202362,0.111446,-0.051759,0.231712,-0.026352,0.036541,0.275233,-0.143340,0.147296,0.157640,-0.189980,0.102506,0.014611,-0.171183,0.124913,-0.102351,-0.004104,-0.036009,-0.062836,0.237510,0.060591,-0.098012,0.017208,-0.011293,-0.111686,0.182284,0.078913,-0.082010,0.026892,0.192501,0.214403,0.194036,0.191312,-0.184201,0.267934,0.026495,-0.010563,0.067868,0.025012,-0.007545,0.228183,0.092199,0.127055,-0.051246,0.162856,-0.146314,-0.010952,0.057949,0.037879,0.006847,0.232477,0.216604,0.002741,0.033286,-0.227211,0.104326,0.020151,0.271473,-0.105478,-0.009590,-0.073556,0.254595,-0.002410,-0.023309,-0.026007,-0.078059,0.234714,0.072660,-0.142380,0.127974,0.055642,-0.045769,0.073717,0.214622,0.003448,#
19,0.121239,0.026196,0.058240,0.234020,0.382752,0.121530,-0.093611,-0.118330,-0.062330,0.203092,0.087670,-0.277926,0.301997,0.321555,0.333317,0.103340,0.335571,0.174517,-0.064977,1.000000,0.093818,0.014341,0.017392,0.069329,-0.255294,0.395007,0.076655,-0.077849,0.071073,0.097982,0.134310,0.238724,0.029314,0.143453,0.154373,0.213800,-0.076502,0.064144,0.158746,0.003958,0.239950,0.130946,-0.010432,-0.073069,-0.083443,0.119621,0.275502,0.226838,-0.188584,0.284276,0.196016,0.125099,0.063410,0.087066,0.197744,0.226477,0.140448,-0.123657,0.038144,0.089401,0.155573,0.289609,0.126728,0.244344,0.360199,-0.008332,0.197913,0.220941,-0.029877,0.069773,0.206299,0.330097,0.126726,0.090188,0.212946,0.430957,-0.106235,0.139148,0.239167,0.000917,0.286951,0.343400,0.064779,0.162786,0.262606,-0.024031,0.191348,0.218396,0.082553,-0.019392,0.157458,0.160856,0.172436,0.041143,0.036843,0.171174,0.153343,0.020313,-0.179760,0.076548,0.119157,0.231957,0.120754,0.177339,0.368371,0.127499,-0.003226,0.292210,0.005235,-0.027338,0.098158,0.028104,0.300487,0.262062,0.167126,-0.121755,0.328257,0.196341,0.213720,-0.291866,0.249551,0.160191,0.303949,0.327232,0.383352,-0.044746,0.169539,0.067576,-0.176949,0.186399,-0.021983,0.031229,0.273487,-0.076865,0.038792,0.149971,0.019849,0.180493,0.185833,0.080745,0.035195,0.220483,0.245726,0.112294,0.067368,0.146568,-0.145357,0.169140,0.045441,-0.059298,-0.039464,0.185468,0.116640,0.492505,0.318848,-0.049348,-0.069509,0.070125,-0.000143,0.140896,0.248344,0.132436,0.142179,0.220928,0.023674,-0.000483,0.025213,0.127116,0.244166,-0.181157,0.056689,0.119798,0.100170,0.202474,0.239099,0.092736,0.299254,0.270243,0.102798,0.043148,-0.077958,0.212116,0.219044,0.128118,0.093206,0.210692,0.083566,0.158163,0.175206,0.029303,0.355889,0.174946,-0.131888,-0.108458,0.031316,0.120489,0.176302,0.176956,0.025476,0.254473,#
20,0.106683,-0.001580,0.180923,0.230186,0.284241,0.037213,-0.055652,0.059261,-0.136242,-0.098176,-0.213317,-0.142676,0.017358,-0.071382,0.044467,0.044301,-0.019045,0.186352,0.129440,0.093818,1.000000,0.007196,0.068100,-0.051042,0.275413,0.173340,0.036796,-0.233723,0.057775,-0.287839,-0.090222,-0.124199,0.104235,-0.135537,-0.138560,0.016578,0.041414,-0.036308,0.019660,-0.053368,0.287666,0.152144,0.027724,-0.125292,0.284507,-0.136319,0.348214,0.047961,-0.043912,-0.061413,-0.171576,0.027370,0.106698,-0.145291,0.285494,0.138058,0.286385,0.133168,0.087910,-0.220527,0.153819,0.119421,0.151690,0.019615,-0.013716,-0.150713,0.092747,0.171812,0.212934,0.151826,0.083901,0.148672,0.018160,0.016776,-0.148263,-0.129694,0.143981,0.278529,0.166858,-0.084674,-0.094343,0.034642,-0.091217,0.014813,0.080325,0.054865,0.097577,-0.143877,0.235175,-0.094949,-0.000074,-0.140692,0.209661,0.123425,-0.041173,0.078554,0.100412,0.113192,0.081826,-0.170772,0.036150,-0.077319,0.101310,-0.028800,0.020944,-0.040471,0.031703,0.230039,0.071982,-0.012642,0.197247,0.252831,0.121205,-0.270433,0.209422,0.098669,0.152079,-0.029887,0.021612,0.099692,-0.063941,0.086600,-0.028429,-0.187957,0.062190,-0.062135,0.148552,0.019713,0.036761,0.040672,0.048715,0.093548,-0.002788,-0.077536,0.000430,-0.074955,0.385309,-0.117635,0.013675,-0.130028,0.179419,0.145187,0.154633,0.135971,0.065925,0.002255,-0.122524,0.045009,0.188807,0.132947,0.150290,0.097705,-0.307891,0.056818,-0.182335,-0.012913,0.080681,0.100092,-0.316950,0.335847,0.104483,-0.018749,0.105423,0.207285,0.060480,0.083572,-0.316293,0.226167,-0.105124,-0.116271,0.175045,-0.149386,0.032259,-0.116024,-0.036598,0.108811,-0.042809,-0.068089,0.116386,0.185543,0.100815,0.072862,-0.167343,0.057569,-0.015888,-0.354656,0.188404,0.128580,0.038984,0.120020,-0.084942,0.164556,-0.084172,-0.139874,0.077163,0.099840,0.123589,0.083698,0.071856,0.137759,#
