0,1.000000,0.067727,-0.226848,0.145331,0.135138,0.175786,-0.039840,-0.041646,0.187212,-0.063309,0.021239,-0.199670,0.029615,-0.248307,0.230120,0.360935,0.011121,0.248199,0.211373,0.070428,-0.007210,-0.040512,0.488858,0.194037,0.040830,-0.029118,0.141307,-0.126207,-0.000116,0.083680,-0.001894,0.163910,0.187347,0.297829,0.209096,0.025259,-0.014851,0.163760,0.272376,0.311899,0.136073,0.095984,0.074630,0.147027,0.080804,0.051908,0.015429,0.200057,0.098044,0.298405,0.033595,-0.089718,0.060610,0.151457,0.181742,0.263321,0.334937,0.024283,0.087055,0.057950,0.022980,0.004909,0.266123,-0.145048,-0.077221,-0.063767,-0.009559,0.172888,-0.016774,0.073666,0.259768,-0.037617,0.032662,0.185451,0.184831,-0.205958,0.187655,0.164817,0.003724,0.160327,-0.117770,0.127677,0.143302,0.144203,0.179445,0.028677,0.164890,0.025499,0.174214,0.297427,0.138210,0.092243,0.074284,0.050208,0.029717,0.252809,0.054094,-0.112900,-0.062619,0.116111,0.198489,0.036697,-0.086004,-0.091033,0.169362,0.140739,0.256252,0.119964,0.081324,-0.228645,-0.186268,0.065601,-0.149667,-0.194684,0.284687,0.029609,0.000414,-0.203007,0.141442,0.018684,0.008542,0.018858,0.091197,0.109755,0.014337,0.103618,0.136986,-0.068677,0.194919,0.266404,0.216956,0.020079,-0.149825,0.048644,0.052366,0.125905,0.138421,0.096540,-0.092019,-0.019012,0.251664,0.235965,0.042991,0.178223,-0.076639,0.143744,0.205677,-0.125686,0.175100,0.135229,-0.070486,-0.093646,-0.134460,-0.023244,0.078848,0.328175,0.134554,0.089211,0.014692,0.043576,0.035417,-0.111118,0.038431,-0.105553,0.139278,0.359577,-0.173561,0.307405,0.298949,0.093530,-0.017656,-0.288565,0.200176,-0.027119,-0.067147,0.128977,0.182727,0.069083,-0.003132,0.026931,0.264716,-0.105803,0.069986,0.082660,0.148427,0.004146,0.265432,0.292942,0.098590,-0.059417,-0.110394,0.134008,-0.162646,-0.057300,0.047617,-0.080545,-0.082393,0.331819,0.230068,0.118799,#
1,0.067727,1.000000,0.142632,0.216453,0.013361,0.044384,0.329530,0.018634,0.227912,-0.019091,0.182268,0.201214,0.115178,0.051906,0.056680,-0.059611,0.046025,0.112531,-0.033240,0.024055,0.000729,0.258145,-0.009009,-0.110857,0.028462,0.116341,0.287210,0.326150,-0.245045,0.154367,0.020294,0.103475,-0.032990,0.081580,-0.169630,0.242460,0.114620,0.177581,0.206035,-0.180072,-0.179979,-0.162420,0.160134,0.124962,0.101050,-0.071388,0.350496,0.059484,-0.104865,-0.040448,0.088639,-0.193180,0.238720,0.198416,0.081853,0.120712,0.142948,0.037912,-0.184653,0.049525,-0.006791,0.061587,0.251409,0.027748,-0.143133,-0.096584,-0.103092,-0.017140,0.047231,0.181839,0.022133,-0.043463,0.160807,-0.055669,0.151380,-0.012970,0.187807,0.040347,0.172105,0.168905,0.252842,0.059289,-0.028064,-0.004237,0.150983,-0.268121,0.116278,0.072406,0.109457,-0.035882,-0.001129,-0.136761,-0.027147,0.125444,-0.029533,-0.028022,-0.082269,-0.067647,-0.048573,0.119272,0.195629,0.254348,0.111358,0.039193,0.034002,0.000755,0.335680,0.129835,0.006081,0.114266,0.165456,0.032533,-0.072309,-0.051162,0.113667,0.121237,0.222344,-0.101078,-0.016006,0.000637,-0.173737,0.079475,0.054523,0.165837,-0.178948,-0.023655,0.188950,0.020299,-0.094222,0.122518,0.062310,0.082486,-0.038686,0.088238,0.036209,0.103383,0.120944,0.178480,0.215445,0.263436,0.109468,0.046912,0.193212,0.310149,0.290832,0.069101,0.008422,-0.112808,-0.001087,-0.042826,-0.075829,-0.047032,0.023915,-0.122077,0.135024,0.135214,-0.133798,-0.093937,-0.389281,-0.330314,-0.086553,0.151622,0.266545,0.165518,0.088128,-0.123996,-0.195443,-0.089136,-0.030354,0.248334,0.203247,0.190513,0.115870,0.051477,-0.115137,0.056466,0.017366,0.303602,0.124262,-0.009983,0.069052,0.067561,-0.013185,-0.072140,0.101432,0.044804,0.075746,0.049045,-0.064707,-0.057196,0.248238,-0.167531,-0.248930,0.287608,0.133940,0.047328,-0.134559,-0.146588,-0.025305,0.143452,#
2,-0.226848,0.142632,1.000000,-0.101352,0.074607,0.052680,0.213243,0.007690,0.098250,-0.081751,0.161156,0.305381,0.126156,0.069299,-0.274839,0.094643,-0.027420,-0.091519,0.062561,-0.118157,0.075182,0.144625,-0.313274,-0.213071,0.042004,0.078450,0.003433,0.122271,-0.085651,-0.133519,-0.059177,0.031870,-0.078854,-0.247360,-0.078975,0.038453,0.070490,-0.239275,-0.098398,-0.321437,0.006261,-0.027305,0.167260,0.018608,0.282754,-0.259915,0.053497,-0.098109,0.052719,0.028020,0.123535,0.139279,0.019320,-0.054329,0.088483,-0.128340,0.033716,0.057063,0.170280,0.049235,0.235372,0.057000,-0.163120,0.170155,0.071566,0.070441,0.180047,0.129296,0.157377,-0.079430,-0.307808,0.165914,-0.125451,-0.074685,0.111084,-0.014369,0.112899,0.077394,-0.018385,-0.215537,0.016054,-0.236091,-0.253041,0.074915,-0.009529,0.037153,-0.015900,0.184652,-0.079923,-0.127352,-0.295617,0.060988,-0.022483,0.123178,-0.215394,0.222729,0.205967,0.023651,0.166907,0.103442,-0.187943,0.004043,-0.129949,0.117629,-0.208136,0.030181,-0.200386,0.034341,0.016956,0.130856,0.265650,0.168234,-0.000906,-0.155556,-0.126294,0.129796,0.182027,-0.170187,-0.325882,0.060324,-0.097432,-0.159545,-0.067326,-0.138022,0.016150,-0.182325,0.181472,-0.002824,0.013166,-0.081735,-0.154744,0.017303,-0.060881,0.044927,0.099000,-0.023731,0.048411,-0.040023,0.303633,-0.041850,0.171581,0.060853,0.056270,-0.127289,0.370887,-0.225696,-0.348760,-0.178437,0.236562,-0.136885,0.042728,-0.001722,0.117419,0.066850,-0.169541,-0.021306,0.118753,-0.127757,-0.140646,0.045488,0.018220,0.018284,-0.028131,0.333705,-0.054478,0.239100,0.018180,-0.033908,-0.129724,0.049409,-0.196923,0.385316,-0.020488,-0.125093,0.247576,-0.179872,0.074996,0.006889,-0.231483,0.113547,0.201798,0.019494,-0.311117,0.215729,0.089131,0.125468,0.006651,0.094975,0.008396,-0.300105,-0.003210,-0.007334,0.076417,-0.095556,0.149446,-0.003673,-0.160376,-0.050991,-0.006366,0.089678,#
3,0.145331,0.216453,-0.101352,1.000000,0.042673,0.203370,0.174308,-0.018314,0.276009,-0.016965,0.192483,-0.012765,0.266091,-0.106684,0.190384,0.049340,0.185638,0.258519,0.109465,0.287457,0.126508,-0.028676,0.269676,0.219492,0.117471,0.143334,0.087041,0.034699,0.128507,0.108747,0.003391,0.156639,0.462156,0.258362,-0.162888,0.094366,0.066807,0.341666,0.326292,0.067938,0.038917,0.208578,0.231711,0.344876,-0.022846,0.195912,0.170861,0.254558,0.047111,0.068676,0.181542,0.213329,0.335705,-0.051940,0.064798,0.194979,-0.007870,-0.195663,-0.027896,0.170301,0.135738,0.175716,0.026113,0.028407,0.319209,0.166700,0.015534,-0.078413,0.128917,0.272909,-0.049522,0.109100,0.203324,-0.037810,0.164267,0.176173,0.044971,0.166759,0.091309,-0.237006,0.293489,0.135116,0.204491,0.099603,0.256769,0.076778,-0.032167,-0.063057,0.257675,0.030905,0.019740,0.127979,0.111830,0.142772,-0.003894,0.074767,0.096686,-0.172417,0.280098,0.098158,0.125453,0.010108,0.076145,0.030435,0.204959,0.003157,0.158667,0.155280,-0.145298,-0.055283,0.057676,0.093488,0.057247,-0.076070,0.184630,-0.121678,0.233591,0.084205,-0.011204,0.065587,0.099397,-0.043177,0.065651,0.337377,0.004030,0.109980,0.203769,0.129488,-0.091090,0.121942,0.324317,0.007431,0.081730,0.314754,0.196463,0.084291,0.163613,0.148612,0.270183,0.055278,0.077781,0.232679,0.097059,0.007495,0.055960,-0.043176,0.223194,0.176339,0.121274,0.181646,-0.022669,0.110396,0.038090,0.040401,0.185639,0.057903,-0.064455,0.205605,0.027967,0.063687,0.112160,0.065712,0.396010,0.331928,0.111302,-0.016478,-0.054398,0.125290,-0.178116,-0.026671,0.221357,-0.060761,0.034815,-0.222258,-0.085836,0.023345,0.214326,0.048460,0.031310,0.188771,0.038044,0.351480,0.228055,-0.365925,-0.210817,0.089488,0.141948,0.095509,0.106604,0.009145,0.112595,0.037790,-0.033567,-0.195530,0.067740,0.097418,0.236490,-0.008208,0.014209,0.000000,#
4,0.135138,0.013361,0.074607,0.042673,1.000000,0.221863,-0.071227,-0.086407,0.241571,0.059720,-0.053347,-0.188063,-0.019840,-0.121808,0.006761,0.111859,-0.237238,0.150269,0.035946,0.282159,0.204715,-0.109047,0.139208,0.062874,-0.081075,0.081760,-0.050104,-0.170811,0.152254,0.027054,0.045800,-0.017122,-0.068091,-0.077171,-0.090951,0.227951,0.348147,-0.057947,-0.048347,-0.062810,0.063093,0.453912,-0.013172,-0.061103,0.127769,0.024152,0.239356,0.106406,0.104413,0.086692,0.073167,0.081883,0.100882,-0.030304,0.345934,0.346540,0.197980,-0.027205,0.147822,-0.083446,0.032546,0.124958,-0.020852,-0.099538,-0.006408,-0.146583,0.068563,0.066112,-0.015395,0.000035,0.115610,0.055669,0.036505,0.160218,-0.070369,-0.064516,0.000062,0.215497,0.136009,-0.000338,0.233430,0.143598,-0.041199,0.006367,0.383557,-0.040532,-0.022409,0.064731,-0.023411,0.168977,0.255349,0.007577,0.123158,0.063119,0.065734,0.239196,0.008098,0.034466,-0.140768,-0.094744,-0.126583,-0.107746,0.205229,0.073075,0.031864,0.164072,-0.157289,0.173535,0.137221,0.054856,0.137241,0.247134,0.213046,0.243575,0.187877,-0.171626,0.150470,-0.048738,-0.017816,-0.008081,-0.086238,-0.030559,0.063497,-0.053685,0.227994,-0.027163,0.170059,0.007312,0.120367,-0.086898,0.254758,0.018693,0.036410,0.076255,0.016148,0.014142,0.141241,0.091218,0.136052,0.141130,0.240894,0.026021,0.137828,-0.033424,0.175893,0.192367,-0.022113,0.258950,0.090807,-0.135356,0.051397,0.067223,0.024901,0.343040,0.230954,-0.014880,0.305117,0.163047,-0.241846,0.076385,0.156555,-0.148989,-0.090847,-0.076633,-0.154317,0.073898,-0.095620,0.111474,-0.033837,0.014366,-0.083535,-0.059122,0.347422,0.083015,0.152416,0.102901,0.129135,0.137482,0.068718,0.296500,-0.045770,-0.121567,0.198932,0.023327,0.134790,0.047691,-0.186350,0.290576,0.192218,0.190682,-0.026317,0.215718,-0.013553,-0.228320,0.209570,-0.000184,0.160816,0.083104,0.045300,0.208753,#
5,0.175786,0.044384,0.052680,0.203370,0.221863,1.000000,0.125833,0.259130,0.163832,0.234492,0.146144,0.224484,0.309673,-0.119160,0.117279,-0.098192,-0.112064,0.053355,-0.131314,0.194845,-0.058275,0.095393,0.155026,-0.123746,0.094114,0.084668,0.104753,0.194040,0.228593,0.087839,0.170252,0.158702,0.206948,0.181411,-0.039468,0.225617,0.166170,0.072657,0.124700,0.135565,0.232682,0.137432,0.183284,0.058597,0.017970,-0.025298,0.076789,-0.071655,0.166361,0.028400,0.163527,0.156658,-0.089833,-0.142065,0.380033,0.129338,0.038372,0.021992,0.244439,-0.014726,-0.082639,-0.030823,0.168265,0.126467,0.305316,0.039955,0.009774,-0.070361,0.146574,-0.088072,0.103698,0.056477,0.263066,0.341084,0.038996,-0.120319,0.107932,-0.110565,0.180086,-0.006753,0.105969,0.024221,0.259338,-0.134047,0.191744,-0.126563,0.003389,0.026972,-0.012855,-0.115684,-0.061276,0.059936,0.228000,0.390191,-0.050887,0.301011,-0.153788,-0.033498,0.003049,0.049593,0.015634,0.144391,-0.230503,0.041348,0.022206,0.228640,0.265478,0.192247,0.090881,-0.034111,0.213108,0.163423,-0.088236,0.003826,0.000151,-0.073525,0.104126,0.089885,-0.130891,0.006697,-0.157035,0.112816,0.055015,0.126294,-0.071785,0.011239,0.028233,-0.118930,0.183480,0.042838,0.320232,-0.096043,0.242435,0.282767,0.202736,0.214135,0.037407,0.188218,-0.064348,-0.006359,0.049912,0.135411,0.100486,-0.030046,0.066354,0.058668,0.178156,0.062403,-0.103893,0.019050,0.181229,0.067970,0.337338,0.176178,0.060695,0.072431,0.007988,-0.016616,0.019084,-0.054782,0.154556,0.036256,0.258888,0.155265,-0.161836,0.141250,0.014234,0.303948,0.259582,0.076326,0.329046,-0.076857,0.391034,-0.001875,-0.076380,0.121435,0.193599,0.119111,0.030954,0.133899,0.056479,-0.008275,0.273683,0.101491,-0.130981,0.087542,0.106611,0.099560,0.218030,-0.124344,0.024931,0.140460,0.061238,0.026409,0.370162,-0.191052,0.038995,0.090498,0.145515,0.398317,#
6,-0.039840,0.329530,0.213243,0.174308,-0.071227,0.125833,1.000000,-0.006543,0.176334,0.078646,0.073747,0.137532,-0.020995,0.095358,-0.110572,0.019836,-0.078015,-0.086696,0.093087,-0.068720,-0.038514,0.164665,-0.060192,-0.063679,0.149051,0.040243,0.009832,0.137657,-0.065042,-0.003666,0.139334,0.130096,-0.069111,0.111262,-0.213403,-0.085609,-0.148982,0.157310,-0.081513,-0.123004,-0.217785,-0.131026,0.061706,0.196234,-0.000168,-0.118288,0.044130,-0.005200,0.060800,-0.105087,0.068507,-0.180305,0.088716,0.090073,-0.157340,0.065231,-0.166432,-0.151177,0.133758,0.289691,0.172789,-0.141904,0.198680,-0.132091,0.039496,0.301640,-0.062208,0.110461,-0.067088,0.043450,-0.064628,-0.000973,-0.097758,0.206452,0.244572,-0.000351,0.219401,0.179436,0.138825,-0.186706,-0.032960,-0.183726,0.139707,0.110559,0.040246,-0.005829,0.063292,0.143550,-0.108780,-0.101445,-0.002586,-0.107025,0.004624,0.100082,-0.057713,0.046391,-0.029076,-0.010974,0.139175,0.142171,0.017742,0.351691,0.036409,0.069893,-0.219361,0.245717,0.235607,0.033797,0.215712,0.020886,0.084480,0.086951,-0.013451,-0.283970,0.034567,0.208114,0.056974,-0.045072,-0.056742,-0.146325,0.077314,0.061629,-0.138525,0.089305,-0.182975,-0.115214,-0.043790,-0.134568,-0.139865,-0.089906,-0.016234,0.003849,-0.034717,0.038795,-0.076739,0.141897,-0.005352,0.053957,0.013006,0.110578,-0.147889,0.233019,-0.221660,-0.005180,0.001998,-0.028564,0.072522,-0.135519,0.117267,-0.293870,0.223034,-0.268231,0.178917,-0.200839,0.162143,0.052720,-0.009731,0.236554,-0.128796,-0.150394,-0.133492,0.065708,0.154281,0.289387,0.039049,0.141425,-0.234885,0.003669,-0.162782,0.108797,-0.056838,-0.081754,0.103502,0.014475,0.086602,0.012757,-0.043010,0.070251,0.089480,-0.124186,-0.048067,-0.032665,0.167917,-0.076405,-0.056327,0.083038,0.005603,0.099188,0.094128,0.053214,0.102292,0.170419,-0.215465,-0.030080,-0.158916,-0.107909,0.082835,-0.048046,0.019322,0.289262,#
7,-0.041646,0.018634,0.007690,-0.018314,-0.086407,0.259130,-0.006543,1.000000,0.122416,-0.055430,0.246636,0.389053,-0.032479,-0.170871,0.093361,0.036688,0.052283,0.379796,-0.050124,-0.093551,-0.103087,0.028450,-0.015394,-0.066920,0.201365,-0.016304,0.002788,0.339765,-0.048405,0.131981,0.047193,-0.194327,0.241826,-0.120590,-0.191044,0.114015,-0.163770,-0.239394,0.133113,-0.018217,0.210491,-0.105669,0.024146,0.089819,0.109579,-0.111473,-0.105142,-0.096708,-0.002716,-0.069069,0.099500,-0.143427,-0.000095,-0.069233,0.042169,-0.052217,0.142770,0.204617,0.048583,-0.080723,-0.025201,0.032921,0.134729,0.076765,0.085521,0.135037,0.211727,-0.174118,-0.073250,0.167261,0.077881,-0.029776,0.220996,0.033899,-0.286315,-0.045392,-0.097443,-0.041396,-0.055214,0.350415,0.016936,-0.140114,0.052178,-0.072836,0.039243,0.063843,0.030135,-0.079041,-0.042385,0.000399,-0.068936,-0.066698,0.151228,0.129004,-0.220426,-0.006747,-0.018645,0.083541,-0.178082,0.034264,0.002807,-0.103868,-0.116979,0.023417,-0.211602,-0.095067,0.148933,0.180548,-0.104862,0.057625,-0.060191,0.049011,-0.083864,0.049501,0.162080,0.033118,0.000661,-0.135982,-0.225896,-0.118821,-0.110977,0.177871,-0.056324,-0.106150,0.038350,0.060767,0.198929,-0.125693,-0.038298,0.020664,0.162259,0.176322,0.181334,-0.034332,0.383023,0.125980,-0.242727,0.337408,-0.064592,0.021437,0.197104,-0.030787,-0.093998,-0.104105,0.048419,-0.128217,0.177145,-0.114784,-0.132905,0.070058,0.145940,0.085391,0.163364,-0.201403,-0.021234,0.046673,0.151303,-0.146665,0.166188,-0.032559,0.023669,-0.133347,0.310738,-0.122449,-0.228540,0.152689,0.255426,0.075030,-0.061565,-0.051217,0.065261,0.001870,0.111097,-0.047838,0.073172,-0.013622,-0.122792,-0.058508,-0.254794,0.300561,0.117288,0.101099,0.129149,0.141005,-0.337714,0.058861,-0.082748,-0.145716,-0.014810,0.133505,0.200314,-0.130286,0.116982,0.030409,0.175309,-0.231652,-0.159484,-0.136575,0.096055,0.000000,#
8,0.187212,0.227912,0.098250,0.276009,0.241571,0.163832,0.176334,0.122416,1.000000,0.138729,0.302731,0.231487,0.194972,-0.324404,0.256817,0.310388,-0.066592,0.261268,0.083892,-0.008707,-0.171146,0.072293,0.035813,0.295948,-0.048612,0.004853,0.015759,0.167249,-0.127768,0.127317,-0.207433,0.148201,-0.009007,0.029857,0.021081,0.108621,0.104309,-0.068555,0.059277,0.016162,0.166367,-0.019774,0.240803,0.071313,0.288658,0.106428,-0.024590,-0.094896,0.097377,0.097380,0.136504,0.277649,0.150593,0.183824,0.039016,0.199253,0.207380,0.170784,-0.024543,0.337696,0.063446,0.031121,0.155202,-0.145319,0.202888,0.325854,0.097752,-0.068784,0.252126,0.078404,0.075321,-0.077329,0.031155,0.098625,0.197041,0.116830,-0.036647,0.138897,-0.050909,0.068322,0.198557,0.138510,0.078509,0.092779,0.303251,0.038044,0.058478,0.047141,0.011174,0.219520,0.078449,0.296708,0.229772,-0.205680,0.320420,0.320146,0.166306,-0.098742,0.184395,0.062200,0.013611,-0.038522,0.087920,0.039526,0.115539,-0.029814,0.243191,0.048980,-0.058189,0.129990,0.028029,0.013989,-0.076868,0.061020,0.081246,0.219412,0.144083,-0.113722,0.042932,0.235189,0.019315,0.040977,0.066935,0.107815,0.081911,0.042129,0.135903,0.268933,-0.169970,0.206594,0.133587,-0.195241,0.047100,0.125097,0.128095,0.304999,-0.001343,0.261755,0.066193,-0.052560,0.184872,0.122915,0.109341,-0.067880,-0.039141,-0.041350,0.193254,-0.008078,0.073226,-0.006997,0.163997,-0.099898,0.058523,0.026705,0.250779,0.363051,0.230371,0.235596,0.001958,-0.018973,0.004815,0.029405,0.060658,0.169885,0.071494,0.065438,0.087294,-0.107166,0.000129,0.161862,0.006950,-0.043587,0.199196,-0.135928,0.134504,0.049550,0.055931,0.112304,0.061293,0.201756,0.064767,0.055931,0.079379,-0.015898,-0.159367,0.181949,-0.175779,0.005219,0.363621,0.106797,0.103191,0.159002,0.118161,-0.126992,0.329491,-0.082538,0.020572,-0.105003,-0.126806,0.032224,#
9,-0.063309,-0.019091,-0.081751,-0.016965,0.059720,0.234492,0.078646,-0.055430,0.138729,1.000000,0.279252,-0.051240,0.105496,-0.029729,-0.002436,0.148908,0.042245,0.019827,-0.301552,0.208307,-0.030876,-0.065448,-0.088257,-0.089668,-0.184565,-0.121345,0.026512,0.045937,0.012820,0.139680,0.282199,-0.047466,-0.138817,0.281461,0.234528,0.051502,-0.167656,0.228627,-0.139406,-0.176613,0.061440,-0.040628,0.037020,-0.139480,-0.120382,0.053727,0.000095,-0.123004,-0.083904,0.114886,0.020971,0.071843,-0.103159,0.131217,-0.243819,0.017030,-0.109881,-0.009719,0.158354,-0.061909,0.087634,0.272923,0.242100,0.116821,-0.017883,0.119646,-0.085089,-0.133634,-0.041677,-0.164705,0.215011,0.085869,0.036875,0.143487,-0.100719,0.035021,-0.208408,-0.233579,0.132584,0.217887,0.068738,0.206950,-0.129608,-0.220553,0.278736,-0.096892,0.073482,0.058746,-0.362528,-0.199866,-0.017165,0.117798,0.188920,-0.238597,0.094330,0.186793,-0.012697,0.075790,0.067688,-0.274153,-0.164850,0.057746,0.157659,-0.000022,0.247276,0.086441,0.056522,-0.174035,0.143976,-0.108179,-0.010536,-0.018491,-0.104437,0.327121,-0.145006,-0.012562,-0.118408,0.055117,0.137014,-0.180136,-0.079043,0.173710,-0.153570,0.040580,-0.165194,0.055804,-0.217954,0.180030,-0.085348,0.243069,-0.048331,-0.200332,0.069900,0.041645,0.073517,0.166816,0.132648,0.230388,-0.009853,-0.395706,-0.101831,0.081638,0.149961,-0.004430,-0.226236,0.157706,0.115756,0.069027,0.131601,0.295096,-0.130554,-0.149173,0.337506,0.235296,0.242124,0.016807,-0.041254,0.128541,0.067444,-0.241883,0.169353,-0.007953,-0.050979,0.211609,-0.015504,-0.019037,0.012321,-0.131415,0.339474,-0.222509,0.053340,-0.162895,0.042880,0.065498,-0.017079,0.100263,-0.016559,0.141483,0.066143,-0.133422,-0.038079,0.045835,0.147823,0.133641,-0.045614,0.017208,-0.115361,0.049220,0.134472,0.060017,0.138240,0.021916,-0.146280,0.045767,0.040166,0.041722,0.019406,-0.113068,-0.155825,0.243795,#
10,0.021239,0.182268,0.161156,0.192483,-0.053347,0.146144,0.073747,0.246636,0.302731,0.279252,1.000000,0.099628,0.259818,-0.117907,0.132831,0.164955,0.059234,0.295594,0.055953,0.152741,-0.146911,0.135484,-0.144655,0.069258,-0.093299,-0.115933,-0.117748,0.297524,0.035212,0.247156,0.139175,0.038155,0.272093,0.081669,0.171322,0.084226,-0.039140,0.164832,0.302044,0.021546,0.152644,-0.092804,0.113401,-0.042805,-0.028887,0.049668,0.096239,-0.059259,0.093513,0.213905,0.095322,0.065087,-0.222058,0.183346,-0.108191,0.168801,0.071276,0.000077,-0.106630,0.215951,0.083047,0.298474,0.032864,0.362030,0.374340,0.243145,0.176742,-0.099051,-0.017683,-0.002803,0.170520,0.137895,0.139759,0.217102,0.072123,0.133673,-0.005192,-0.076264,-0.032830,0.161861,0.353194,-0.026428,0.132360,0.027451,0.407767,-0.043663,0.098250,0.217610,-0.057623,0.039237,-0.186023,-0.032076,0.176882,0.035973,0.078802,0.281740,0.223566,-0.032650,0.111650,0.080753,-0.218947,-0.033335,0.190992,-0.128870,0.002523,-0.095285,0.184737,0.178734,-0.058339,-0.070305,0.124997,0.236889,-0.080229,0.029317,0.327345,0.157066,0.085294,-0.037612,-0.027917,0.044552,-0.005737,0.224482,-0.047898,0.136172,-0.103113,-0.001472,0.148116,0.230016,-0.063603,0.081206,0.219780,0.116722,0.069845,0.066955,0.192185,0.025113,0.015820,0.449361,0.063715,-0.138873,0.305448,0.054175,0.137502,0.024067,0.175392,-0.069696,0.018209,0.041064,0.108950,0.041202,0.206884,0.139687,0.247906,0.036139,0.283249,0.072603,0.044264,-0.176943,0.169621,-0.167335,0.110470,-0.204088,0.448966,0.229383,0.184591,0.148051,0.196808,-0.097700,0.038450,0.084721,0.177041,0.020037,-0.064206,0.136675,0.149958,0.045481,0.115006,0.276297,-0.181391,0.076382,0.188092,0.105522,0.174342,0.009590,-0.049968,0.254596,-0.026446,-0.196933,0.116501,0.129263,0.387621,-0.182368,-0.011569,0.063931,0.240340,-0.010697,-0.130264,-0.062891,0.077385,0.276782,#
11,-0.199670,0.201214,0.305381,-0.012765,-0.188063,0.224484,0.137532,0.389053,0.231487,-0.051240,0.099628,1.000000,0.015033,-0.032501,-0.218910,0.000024,-0.000224,0.044421,-0.090713,-0.298164,-0.152777,0.102598,-0.104862,-0.151098,0.244898,0.132672,-0.147326,0.331835,-0.148961,0.221955,0.169464,0.012929,-0.013239,-0.101872,-0.036469,0.164173,-0.016649,-0.395293,-0.029787,-0.045714,-0.020150,0.058532,0.254063,0.174786,0.036700,-0.016957,-0.258207,-0.071969,0.128495,-0.133238,-0.016286,0.112720,-0.063021,0.065130,-0.029867,-0.117215,-0.121384,0.310927,0.133825,0.014901,0.083570,-0.126055,0.132205,-0.014991,0.068747,0.225871,0.123484,-0.031698,0.186855,-0.016843,-0.204761,-0.279057,0.189776,-0.069384,-0.139870,-0.097584,0.014119,-0.167062,-0.031060,0.069170,0.173221,-0.077166,0.074984,-0.105853,-0.046902,-0.087886,-0.228899,0.046210,0.052090,-0.196394,-0.474197,0.182182,0.331507,0.357100,-0.031598,0.062990,-0.000313,-0.012829,0.289285,0.108871,-0.013702,-0.101412,-0.106289,0.057211,-0.287762,-0.019209,0.073772,0.119445,-0.029153,-0.030062,0.180152,0.055776,-0.029153,0.068050,-0.070429,0.168661,-0.071688,-0.106019,-0.271853,-0.071855,-0.139641,0.052244,0.040633,-0.057246,-0.221078,0.014918,-0.073103,0.000439,0.000242,-0.102540,0.050994,0.020361,0.266075,0.098594,0.194824,0.076114,-0.235515,0.393639,-0.076858,0.071803,-0.016122,-0.099238,0.027808,0.043054,0.066102,-0.096843,0.093066,-0.155643,-0.041486,-0.127263,0.047268,0.274909,0.161600,-0.097904,-0.060300,0.082507,0.144695,-0.220386,0.028209,-0.123360,0.014640,0.084616,0.098017,-0.041749,-0.124903,0.043341,0.161470,-0.000824,-0.204307,0.174373,0.111077,0.090542,-0.033566,-0.250444,0.034083,0.029400,-0.176603,0.015798,-0.089348,0.045223,0.148275,-0.145395,-0.012098,-0.148435,-0.378571,0.088502,-0.078070,0.074739,-0.016814,0.095047,0.115667,-0.366937,0.116965,0.123067,0.290703,-0.000440,-0.014048,-0.163912,0.084513,-0.259936,#
12,0.029615,0.115178,0.126156,0.266091,-0.019840,0.309673,-0.020995,-0.032479,0.194972,0.105496,0.259818,0.015033,1.000000,-0.074391,0.258894,0.210958,0.280947,0.027178,0.116149,0.332214,-0.042831,0.157208,0.111059,0.164679,-0.188677,0.125094,0.027630,0.296356,-0.076671,0.140533,-0.111759,0.301851,0.083134,0.221295,0.053886,0.307617,0.086544,0.125667,0.110727,-0.017081,0.123404,0.063571,-0.006530,0.211648,0.195296,0.040590,0.092614,-0.021343,0.254787,0.111405,0.096086,0.088142,0.104204,0.209643,0.327253,0.026608,0.016081,-0.011791,0.052218,-0.134930,-0.053228,0.291369,-0.085482,0.266530,0.401103,0.028716,0.150485,0.034861,0.109922,0.110687,0.068103,0.130366,0.172443,0.067383,0.111187,0.155399,0.074701,-0.252114,0.033219,-0.065664,0.294723,0.044862,-0.076200,0.073442,0.243677,0.101400,0.144591,0.230431,0.174629,0.053606,0.102008,0.093059,0.041444,0.251805,0.105679,0.171219,0.158965,-0.116827,0.135554,-0.001201,0.261212,0.071143,-0.042650,-0.112168,0.302096,-0.050263,0.181261,0.157177,-0.148610,-0.061338,0.208260,0.073379,-0.027313,0.024869,0.122185,-0.054045,0.264209,-0.089893,0.239864,-0.102721,0.269588,0.141888,0.256535,0.181580,0.038349,-0.368197,0.251071,0.091371,-0.048008,0.139938,0.020499,-0.097054,-0.003344,0.221989,0.153815,-0.035347,0.196414,-0.036251,0.109006,0.103841,0.183938,0.094375,0.004950,-0.041316,-0.086366,-0.074980,-0.119343,0.083824,0.044499,0.023435,-0.056775,0.155026,0.092645,0.053775,-0.131554,0.238227,-0.015132,-0.073557,-0.015626,-0.010091,-0.085482,0.275081,0.216082,0.248915,0.233859,-0.072418,0.288292,0.080756,0.240519,0.132439,0.239397,0.050559,0.075795,0.168864,0.166514,0.063505,0.237318,0.271810,0.025545,0.087985,0.136070,0.164950,0.215934,0.049029,0.160257,-0.112744,0.095854,0.223633,-0.008160,-0.138070,0.236660,-0.053061,0.163123,0.113130,0.104412,0.126269,0.136086,0.203180,0.117574,0.016425,#
13,-0.248307,0.051906,0.069299,-0.106684,-0.121808,-0.119160,0.095358,-0.170871,-0.324404,-0.029729,-0.117907,-0.032501,-0.074391,1.000000,0.234783,-0.099177,0.190604,-0.090630,0.031379,0.246011,0.034115,-0.189754,-0.202414,0.030254,-0.207643,0.142293,0.056990,-0.107854,-0.166223,-0.124384,0.064028,0.029768,0.028589,0.032497,0.221191,0.032586,-0.005639,0.016061,-0.254153,0.124953,-0.271569,-0.147514,-0.030785,-0.061089,0.038840,0.101937,0.087959,-0.158225,-0.077786,-0.016053,-0.020972,-0.147809,0.019737,0.196125,0.033259,-0.119595,-0.103279,-0.028295,0.028532,0.207935,0.185006,0.281116,0.049126,0.034558,0.012642,-0.003592,0.381922,0.025057,-0.089481,-0.036193,-0.044849,-0.032093,-0.317897,-0.176046,0.218152,0.132916,0.240704,0.011577,0.206000,-0.049385,0.045317,0.172213,-0.121139,0.196664,0.091760,0.037788,0.031569,0.176252,0.004732,-0.146282,-0.057979,0.065600,-0.169274,0.107468,-0.080519,-0.130113,-0.022165,-0.122986,-0.057103,0.280814,-0.108595,0.150923,0.065155,0.225589,-0.055644,-0.024924,0.155356,0.092701,0.104521,0.108578,-0.032240,-0.023010,0.352953,0.015352,-0.037254,0.116443,0.205450,0.077340,-0.189424,-0.058580,0.073142,-0.052621,0.159664,-0.008466,0.113351,-0.106153,-0.061872,-0.134230,0.067790,-0.022796,-0.255392,0.039286,-0.131797,-0.179170,-0.010511,-0.001766,0.022785,-0.110399,-0.039548,0.153572,-0.324828,-0.057110,0.201320,0.205132,0.045496,0.082978,-0.193300,-0.022432,-0.128031,-0.121564,0.043740,-0.025954,0.003881,0.242125,-0.113575,-0.049764,-0.067673,0.120329,0.012980,0.092390,-0.244595,0.264929,-0.073675,0.243096,-0.038192,0.059030,-0.090403,-0.161067,0.011089,-0.100404,0.035021,0.132928,-0.074611,0.113244,0.136653,0.117470,0.126141,0.089224,0.025885,-0.208416,-0.116045,0.181852,0.032891,0.039688,0.327152,0.124911,0.189871,-0.028662,-0.304470,0.113013,0.136693,0.083729,-0.050801,0.115811,-0.220661,0.058407,-0.085026,-0.169037,-0.063228,-0.109694,#
14,0.230120,0.056680,-0.274839,0.190384,0.006761,0.117279,-0.110572,0.093361,0.256817,-0.002436,0.132831,-0.218910,0.258894,0.234783,1.000000,0.195685,0.222365,0.197879,0.119930,0.391425,-0.008476,-0.069525,0.089993,0.351919,-0.227206,-0.066324,0.248184,0.127641,-0.091911,0.080448,-0.116013,0.229568,0.129000,0.012862,0.189100,0.022948,0.028110,0.119820,-0.105119,0.323695,0.036291,-0.107851,0.241525,-0.104694,0.196655,0.361406,0.183819,-0.258132,0.128426,0.244662,0.191642,-0.066529,0.294599,0.294282,0.398016,0.158106,0.198582,-0.092845,-0.080034,0.030168,0.133729,0.338005,0.091857,-0.035145,0.091885,-0.148569,0.352253,0.245773,-0.110838,0.099304,0.262077,0.009863,0.014321,0.046681,0.298090,0.182508,0.107549,-0.002014,0.186739,0.027816,0.219924,0.230332,0.056306,0.213068,0.281456,0.239237,-0.028618,0.122363,-0.023449,0.011898,0.136865,0.223773,-0.017034,-0.126850,0.236477,0.160770,0.085128,0.004851,-0.237943,0.067295,0.220522,0.209779,0.009282,0.300434,0.294832,0.007790,0.423263,0.133094,0.003937,0.032309,-0.098914,-0.298136,0.116686,0.113035,0.074321,0.016862,0.131796,-0.026443,0.062858,0.099947,0.246815,0.204894,-0.130314,-0.063766,0.193862,-0.091349,0.075542,-0.009669,-0.028052,0.361734,0.015817,0.053247,-0.082716,-0.035958,0.023297,0.190497,-0.055047,0.146991,-0.037160,0.168044,0.179456,0.319753,0.113628,0.190793,-0.093887,0.145571,0.198901,0.078584,-0.311746,0.033231,0.266980,0.205179,-0.150215,0.140313,0.270398,0.237694,0.055525,0.040670,0.052450,0.059059,-0.045414,-0.029598,0.169214,0.166505,0.163611,-0.038385,-0.066118,-0.061902,0.158323,0.118721,0.273036,0.030548,0.076491,-0.014858,0.089979,0.019559,0.272714,0.173015,0.186574,-0.030896,0.041618,0.101553,0.151449,0.113530,0.267990,0.059699,0.227875,-0.234736,-0.047603,0.176401,0.177671,0.123420,0.031267,-0.037905,0.045389,0.040886,-0.181342,-0.063421,-0.020175,0.016609,#
15,0.360935,-0.059611,0.094643,0.049340,0.111859,-0.098192,0.019836,0.036688,0.310388,0.148908,0.164955,0.000024,0.210958,-0.099177,0.195685,1.000000,0.330111,0.203561,0.140605,0.186482,-0.105832,-0.017289,0.121177,0.332170,-0.063564,0.253866,0.114731,0.144136,-0.006117,0.158005,0.048918,0.189973,-0.057190,0.220472,0.127314,0.133644,-0.006385,0.001173,0.172801,-0.101793,0.049108,0.071235,0.119620,0.162458,0.103762,0.151012,-0.235872,0.000784,0.054157,0.391329,-0.051874,0.109798,0.237818,0.299117,0.093850,0.206168,0.041983,0.165189,0.177129,0.135146,-0.049284,0.204225,0.321131,-0.061830,0.001115,0.129166,0.054036,0.242299,-0.104575,-0.052120,0.184311,0.145239,0.103994,-0.112375,0.028437,0.086457,-0.002411,0.042768,-0.123506,0.015511,0.192984,0.075123,-0.165942,0.439097,0.233744,0.024386,0.051472,0.340818,0.082819,0.174653,0.004378,0.193507,0.009078,-0.035072,0.188098,0.094562,0.387170,-0.093022,-0.032077,-0.118391,0.126107,0.103229,-0.112780,-0.022238,0.042560,0.237053,0.063086,0.095278,-0.119326,0.034633,0.001839,0.056765,-0.075994,0.036090,0.063152,0.059669,-0.163017,-0.154085,0.096450,-0.195090,0.274981,0.071623,0.089339,0.147234,0.129061,-0.144776,-0.007101,0.139234,-0.022688,0.123080,0.129536,-0.015990,-0.018436,0.057837,0.084266,0.130556,-0.127540,0.175471,0.145468,-0.228092,-0.077279,0.258716,0.026541,0.022685,0.123448,-0.097210,0.036395,0.123577,0.346849,0.074967,-0.050700,-0.003192,0.085168,0.221971,0.047477,0.423327,0.122982,0.118015,0.078455,0.059985,0.170105,-0.137698,0.158580,0.195837,0.046470,0.164912,0.193477,0.014342,0.224421,-0.081238,-0.131304,-0.135477,0.108615,-0.071631,0.246270,-0.057712,0.316370,-0.013755,-0.126264,0.146906,0.370275,0.103428,0.053846,0.118834,-0.061464,0.119228,-0.016459,0.211975,-0.014787,0.111557,0.113825,-0.020039,0.076596,-0.167003,0.016774,-0.063063,0.033781,0.149874,-0.038382,-0.178378,#
16,0.011121,0.046025,-0.027420,0.185638,-0.237238,-0.112064,-0.078015,0.052283,-0.066592,0.042245,0.059234,-0.000224,0.280947,0.190604,0.222365,0.330111,1.000000,0.006348,0.072461,0.346320,-0.022202,0.102426,0.224132,-0.034688,-0.200045,0.050647,0.001383,-0.049954,-0.169452,0.329741,-0.069242,-0.003548,-0.062854,0.284513,0.110054,0.120251,0.016971,0.061088,0.060991,-0.238238,0.087457,-0.083384,0.077450,0.169345,0.088390,0.196780,-0.006343,0.092443,-0.091305,-0.070160,0.095249,0.103753,0.249296,0.074305,-0.009187,-0.046461,0.154706,-0.095527,0.046816,-0.063602,-0.044660,0.233918,0.318736,0.315815,0.271589,0.032836,0.013059,0.159506,-0.032625,0.104397,-0.095380,0.346256,0.145985,-0.268579,-0.126199,0.201460,-0.108155,0.128855,-0.016266,0.066273,0.174465,0.097443,-0.032467,0.130758,0.115368,0.073600,0.212710,0.003784,0.012087,-0.037573,0.016267,0.211165,0.029479,-0.065805,0.020467,-0.102249,0.288946,-0.205247,-0.171120,0.140154,-0.022148,-0.047455,-0.129129,-0.082570,0.157113,-0.157640,0.196949,0.237236,-0.198004,0.082071,-0.089211,-0.050166,0.068451,0.024759,0.152541,0.156315,-0.079681,0.080120,-0.109414,0.079779,0.304150,0.121183,-0.038509,0.184035,0.015142,-0.319430,-0.099239,-0.158584,-0.158475,0.265780,-0.121591,-0.109078,0.333253,-0.397490,0.173588,0.128549,-0.124525,0.138856,-0.036276,-0.149437,-0.139289,0.157268,0.183161,0.078296,0.220511,0.067251,-0.141533,0.103048,0.170466,0.204221,-0.261807,0.130640,-0.146215,0.098141,-0.007222,0.053128,-0.071672,0.046112,0.062851,-0.012211,-0.034494,0.073504,0.206276,0.255408,0.174909,0.007415,0.177894,0.065183,0.029930,-0.076822,0.067864,0.048118,-0.222611,-0.070364,0.073806,0.135966,0.006787,-0.026941,-0.087421,0.030998,0.172964,0.078836,0.066283,-0.003067,-0.029126,0.058490,0.308479,0.022411,-0.170764,-0.026378,0.386983,-0.332376,-0.223826,0.007004,0.061596,0.281591,-0.040342,-0.008466,-0.118204,-0.200454,#
17,0.248199,0.112531,-0.091519,0.258519,0.150269,0.053355,-0.086696,0.379796,0.261268,0.019827,0.295594,0.044421,0.027178,-0.090630,0.197879,0.203561,0.006348,1.000000,0.151026,0.264173,0.057022,-0.192919,-0.007653,0.164309,0.076611,0.116152,0.069125,0.083519,-0.016752,-0.007503,0.077966,-0.024987,0.333169,-0.044311,0.063006,0.132242,-0.280258,-0.015558,0.211775,0.036380,0.232636,0.046263,-0.053028,0.171606,0.068744,-0.045433,0.066973,-0.017523,-0.101050,0.139132,0.121093,-0.031705,-0.009177,0.022350,0.133109,0.233247,0.348499,0.103695,0.026312,0.033219,-0.043540,0.306350,0.005073,0.020778,0.130615,0.157905,0.248200,0.130776,-0.032399,0.132044,-0.027918,0.139913,0.172079,-0.059131,-0.013296,0.184799,-0.094689,-0.162566,-0.150776,0.309113,0.126840,0.091500,0.251509,0.099415,0.113704,-0.183497,0.155242,0.104306,0.143876,0.051879,-0.096244,-0.061377,0.286701,-0.032460,-0.172272,0.182457,0.018042,0.113284,0.247990,0.125244,0.003522,-0.198156,0.029057,-0.040803,0.052209,-0.051111,0.104636,0.126749,0.002334,-0.154129,0.177345,0.241437,0.187309,0.017230,0.199410,0.048910,0.044190,-0.155804,0.072756,-0.159861,-0.047849,0.264820,0.135290,0.016980,0.365699,-0.028779,0.055094,0.023536,-0.053507,0.155372,0.126405,0.011314,0.110591,0.034878,0.246877,0.202617,0.074976,0.343177,-0.112386,-0.009578,0.129687,0.125367,0.089941,0.063693,-0.020804,0.093264,-0.053264,-0.019711,-0.146026,-0.095403,-0.116837,0.011496,0.049301,0.148300,0.286068,0.285345,0.079862,0.098211,0.007382,0.159589,0.130192,-0.062535,0.179089,0.066053,-0.061348,0.192376,0.060533,0.044223,0.091627,-0.179865,0.096115,-0.034549,0.250794,-0.016581,0.225163,-0.010364,-0.000942,0.026346,-0.243440,0.222276,0.028627,0.048891,0.069280,0.176653,-0.139998,0.104267,-0.012038,-0.022597,0.193545,-0.043593,0.292500,0.064289,0.139294,-0.175890,0.197677,-0.020228,0.018147,-0.124980,-0.038729,0.114230,#
18,0.211373,-0.033240,0.062561,0.109465,0.035946,-0.131314,0.093087,-0.050124,0.083892,-0.301552,0.055953,-0.090713,0.116149,0.031379,0.119930,0.140605,0.072461,0.151026,1.000000,-0.022588,0.147686,-0.025202,0.194059,0.281713,-0.099801,0.001976,-0.191135,0.082819,-0.131355,-0.100574,-0.144498,-0.260443,0.175616,0.123260,0.239488,0.251284,0.087293,0.203775,-0.013087,0.407142,0.072986,0.079587,0.167647,-0.002331,0.061087,0.018504,-0.064351,0.009258,0.127404,0.217244,0.051837,0.093912,0.119289,0.040318,0.143012,0.231704,0.037419,-0.041769,-0.035937,0.101332,0.066985,0.083871,0.099505,-0.082473,0.133346,-0.000446,0.313286,0.225029,-0.126784,0.019915,-0.112684,-0.029971,-0.217104,-0.309045,0.117089,0.208675,0.047619,0.201485,-0.020015,-0.047329,-0.042453,0.024645,0.099937,0.205592,-0.106780,0.078299,0.049193,-0.077973,0.029046,0.135892,0.210563,-0.028113,-0.084191,0.014118,0.059578,0.294547,0.210853,0.045520,0.217453,0.189938,-0.054301,-0.006503,0.074500,-0.071250,0.147309,0.045848,0.075903,0.019218,0.138238,0.040677,0.006995,0.317291,0.091948,-0.328317,0.248608,0.130423,-0.092655,-0.317710,0.082761,0.289702,0.026301,-0.019781,0.066259,-0.128623,0.094361,-0.216006,0.158183,0.049433,0.218406,-0.012195,0.072414,0.265829,-0.223712,0.144828,0.152517,-0.136000,0.158341,0.076095,-0.205518,0.141946,-0.123552,-0.021078,0.094793,0.032681,0.156833,0.083536,-0.100916,0.044399,0.070295,-0.060097,0.218067,0.094663,-0.144641,0.049160,0.096136,0.197835,0.246231,0.146033,-0.099608,0.268789,0.063199,0.107362,0.109991,0.136491,0.030048,0.284528,0.075642,0.080522,-0.071162,0.329435,-0.108349,-0.010700,0.067982,0.071183,-0.056504,0.256444,0.223582,0.031381,0.042057,-0.217616,0.091587,-0.006173,0.272794,-0.083570,0.056891,-0.125038,0.315429,-0.084437,-0.056599,-0.000853,-0.045832,0.165355,0.088102,-0.020958,0.093977,0.024609,-0.101190,0.004888,0.256257,-0.086464,#
19,0.070428,0.024055,-0.118157,0.287457,0.282159,0.194845,-0.068720,-0.093551,-0.008707,0.208307,0.152741,-0.298164,0.332214,0.246011,0.391425,0.186482,0.346320,0.264173,-0.022588,1.000000,0.087346,-0.102609,0.066182,0.043142,-0.224053,0.376477,0.005105,-0.009822,0.073326,0.140182,0.192256,0.240868,0.132092,0.179885,0.192339,0.248214,-0.091296,0.109557,0.105584,0.002354,0.216144,0.112361,-0.088587,-0.040977,-0.058307,0.076667,0.280740,0.119390,-0.247950,0.317029,0.148093,0.074583,0.002168,0.106486,0.248077,0.267432,0.148490,-0.132623,0.114404,0.110648,0.147768,0.370666,0.182035,0.227820,0.408613,-0.057141,0.268333,0.184071,-0.139439,0.054384,0.217571,0.289398,0.088033,0.025336,0.192339,0.392621,-0.074588,0.091000,0.273848,0.039522,0.342650,0.332698,0.130142,0.112534,0.307099,0.085110,0.129255,0.237014,0.002286,-0.016395,0.110865,0.057409,0.135962,0.030676,-0.060048,0.201860,0.200805,0.022587,-0.209597,0.057315,0.047294,0.192892,0.076554,0.096876,0.400817,0.081829,-0.012456,0.258548,-0.033688,-0.174802,0.034042,0.048358,0.332111,0.272668,0.198930,-0.109572,0.242236,0.106045,0.216224,-0.306603,0.270338,0.162866,0.216283,0.349915,0.323484,-0.150356,0.099779,0.046282,-0.197901,0.207746,-0.000907,-0.022449,0.211766,-0.154135,-0.009694,0.196023,0.014407,0.247155,0.157079,0.094239,-0.023169,0.271627,0.253673,0.255347,-0.007564,0.181600,-0.132038,0.112957,0.058589,-0.004762,0.000746,0.143297,-0.016914,0.422466,0.257051,-0.025056,0.003732,0.057445,0.040381,0.074187,0.275046,0.072623,0.205421,0.266315,0.012405,0.075034,0.001891,0.186963,0.269941,-0.144149,0.081605,0.075674,0.166507,0.141238,0.137607,0.056534,0.269843,0.308929,0.081115,0.019655,0.007337,0.127256,0.287101,0.202921,0.191293,0.106095,0.065778,0.097259,-0.005603,-0.009962,0.373504,0.125767,-0.086231,-0.073777,0.043519,0.095752,0.143509,0.151573,-0.027475,0.172851,#
20,-0.007210,0.000729,0.075182,0.126508,0.204715,-0.058275,-0.038514,-0.103087,-0.171146,-0.030876,-0.146911,-0.152777,-0.042831,0.034115,-0.008476,-0.105832,-0.022202,0.057022,0.147686,0.087346,1.000000,0.002271,0.006693,-0.080895,0.085644,0.114667,-0.107423,-0.252942,-0.025610,-0.312428,-0.105832,-0.180122,0.038415,-0.128814,-0.120986,-0.034542,0.052741,0.028299,-0.046049,0.033800,0.151054,0.219274,-0.066289,-0.196217,0.179452,-0.094150,0.283970,-0.047732,-0.021733,-0.138934,-0.273704,-0.020452,0.002999,-0.041339,0.291189,0.125249,0.237963,0.110973,0.058464,-0.257611,0.120963,0.203667,0.130246,-0.051143,-0.113149,-0.129208,0.050763,0.184680,0.203844,0.126436,0.099816,0.201134,0.001325,-0.070581,-0.168492,-0.136865,0.065344,0.207596,0.104640,-0.168831,-0.082356,0.022236,-0.035262,-0.009949,0.050202,0.022373,0.132249,-0.132761,0.296433,-0.068867,-0.003989,-0.088161,0.135069,0.092276,0.032697,-0.052731,-0.006010,0.165502,0.149863,-0.119090,-0.014799,-0.109527,0.186454,-0.093387,0.067788,0.023373,-0.074490,0.213904,0.046288,0.011224,0.284070,0.305943,0.126379,-0.305627,0.210749,0.170605,0.133510,0.056366,0.060700,0.157734,-0.089624,0.131441,0.023993,-0.265706,0.001524,-0.119249,0.063681,0.047830,0.041484,0.009368,-0.061242,0.150640,-0.057279,-0.006945,-0.127196,-0.272287,0.285584,-0.096504,-0.061674,-0.118293,0.152515,0.110288,0.118137,0.077005,0.057409,-0.137384,-0.149548,0.020443,0.073191,0.134113,0.147333,0.099756,-0.294955,0.106729,-0.173984,-0.036714,0.042098,0.033956,-0.321587,0.400633,0.114642,-0.009997,0.062032,0.151689,0.178302,0.053954,-0.285683,0.161122,-0.102992,-0.069164,0.132275,-0.144870,-0.095899,-0.047065,-0.006786,0.069622,-0.086820,-0.111490,0.181277,0.059952,-0.015843,0.080122,-0.161264,-0.152754,0.017203,-0.343893,0.193462,0.100205,0.053779,0.243229,-0.041464,0.147359,-0.081196,-0.057885,0.017390,0.111835,0.153777,0.009920,0.017805,0.037782,#
