0,1.000000,-0.055851,-0.177584,0.018561,0.136669,0.142518,-0.146945,0.120548,0.036737,0.039770,-0.170210,-0.079821,0.252792,-0.276695,0.200977,0.007776,0.049293,-0.042724,-0.169041,0.201576,-0.245151,-0.042194,0.053716,-0.023012,0.191601,0.033848,0.438886,-0.020564,-0.005432,-0.070052,-0.118459,-0.153130,-0.025169,-0.134537,0.373827,-0.066926,0.118866,-0.062324,0.253577,0.230341,-0.280920,-0.009509,0.008072,0.123474,-0.162203,0.090739,0.180134,-0.330706,-0.114859,0.221622,0.346361,-0.036678,0.003058,0.162874,0.009794,0.126494,0.005109,0.147391,0.053211,-0.161569,0.193166,-0.142941,-0.186083,-0.100219,0.049072,0.089027,-0.212442,0.265065,-0.057589,0.094770,-0.061760,0.137595,-0.002584,-0.200992,0.045314,0.181681,-0.286327,-0.122016,-0.159734,0.053580,0.311403,0.142752,-0.104615,0.066386,-0.195836,0.148959,0.197009,-0.352190,-0.061295,0.029641,0.023713,-0.178371,-0.205356,-0.110320,-0.114359,0.106585,0.010818,0.002867,-0.006113,0.083865,-0.153105,-0.064761,-0.208686,0.024635,0.214788,-0.255579,-0.442585,0.014128,0.105685,-0.001872,0.268415,-0.155086,0.031921,0.094275,0.069114,0.067110,0.021860,-0.000776,0.305357,0.090092,-0.011541,0.131386,0.202224,0.001056,-0.133532,0.085107,-0.006710,0.071299,0.096484,-0.113794,0.248198,-0.244575,-0.213291,-0.141866,-0.059967,-0.045283,0.162517,0.179642,-0.167491,-0.290539,-0.198859,0.130203,-0.100632,0.060059,-0.130022,0.160069,0.080144,-0.111893,0.079453,-0.134904,-0.101420,-0.139297,0.054680,-0.385231,0.086516,-0.067458,0.096183,0.059592,0.082814,0.110606,-0.040908,0.169671,0.061228,-0.143875,0.222594,-0.048717,0.007181,0.039602,0.153841,0.128142,0.083587,-0.016316,0.312556,0.020101,0.001990,-0.250543,-0.068837,0.034995,0.083574,0.024189,-0.085026,-0.032649,-0.104878,-0.041938,0.119985,0.084968,-0.122350,0.098334,0.014252,0.117122,-0.053759,-0.057740,-0.199073,-0.115718,0.104707,-0.162563,-0.094504,-0.082008,-0.023571,0.135570,#
1,-0.055851,1.000000,0.102262,0.328217,-0.035158,0.071788,0.154748,0.047442,0.023810,0.029348,-0.019281,-0.210671,-0.014231,0.133961,-0.280198,0.017489,0.246329,0.068839,0.168820,-0.153870,0.265058,0.226243,0.185041,0.300936,0.094648,0.148589,0.078333,0.014059,-0.006593,0.078732,-0.173765,0.246099,0.064769,-0.105468,0.054235,0.189618,0.003079,0.257570,0.095209,0.107695,0.034287,-0.091750,0.162655,0.111686,0.068677,0.172485,-0.023540,0.070737,-0.085280,0.097987,0.180990,0.225088,0.120638,0.247056,-0.002438,0.213263,-0.203543,0.012863,0.121615,-0.002727,0.275992,-0.018310,-0.072701,0.074409,-0.046914,0.095752,0.127271,-0.021199,0.194363,0.261884,0.159361,0.133259,0.141840,0.154194,-0.014970,-0.133422,0.214729,0.128771,0.143079,-0.096846,0.103177,0.190486,0.100520,-0.009657,0.044151,0.224718,0.132074,-0.170142,0.095727,0.065987,0.069793,0.127899,0.058728,-0.145752,0.131043,0.017835,-0.133385,-0.019645,0.013073,0.176280,-0.057848,0.153231,0.084230,0.136846,0.222464,-0.006954,-0.344041,0.209209,0.079906,0.165072,0.080782,0.165582,0.137916,0.005444,-0.105954,0.002600,0.335798,0.295680,0.113666,-0.040023,0.242398,0.096313,-0.264968,0.115914,0.093943,0.117478,0.275589,0.083605,-0.119058,0.024028,0.005712,-0.183598,-0.112293,0.202365,-0.114449,-0.012824,-0.042035,0.084187,0.008235,0.082165,-0.025033,0.006280,-0.257970,-0.138719,-0.029932,-0.016250,0.086889,-0.036077,-0.127711,-0.134530,-0.003290,0.059200,-0.119956,0.007308,-0.046172,0.037778,0.175064,-0.134225,-0.022584,0.026345,-0.109784,0.152667,0.323223,0.142420,-0.282896,-0.249421,0.073840,0.101399,-0.175571,0.021935,0.364857,-0.113899,0.092009,0.032210,0.157991,0.143921,0.056885,0.191864,0.130796,-0.176343,0.133222,-0.193460,0.010554,0.124272,-0.059674,0.084965,-0.007081,-0.050681,0.206189,0.129671,-0.139098,0.281388,0.003622,0.175651,0.216914,0.205745,0.264369,-0.108641,0.015464,0.065896,#
2,-0.177584,0.102262,1.000000,0.050953,-0.073527,0.076796,0.143498,0.196084,-0.163401,-0.015579,0.043643,-0.057676,-0.014332,-0.134266,-0.049168,0.049524,0.015867,0.161062,0.197023,0.171661,0.039955,0.141055,-0.108542,-0.096957,0.020260,-0.055516,0.034264,-0.081106,-0.142407,0.125981,0.053304,0.203746,0.365332,0.324171,0.163754,0.032702,0.112471,0.103805,0.224722,0.300197,0.408484,0.156218,-0.255591,0.058598,0.006452,0.250619,0.099567,0.102322,0.201555,0.307328,-0.188509,-0.016826,-0.011085,0.247950,0.194682,0.106569,0.184348,-0.074857,0.086434,0.053285,-0.029266,0.059074,-0.126704,0.266453,0.007948,-0.246855,0.381482,-0.195534,0.242296,0.160592,0.202664,0.031112,-0.173037,0.261461,-0.094984,-0.001656,0.028818,0.210365,0.177009,0.269005,0.005502,0.177014,0.184175,0.172315,0.019754,0.225021,0.060898,0.245811,0.172330,0.100703,0.271127,-0.170898,0.156078,0.037838,0.185013,0.039315,-0.075861,0.167199,-0.159822,-0.028435,-0.073508,-0.200810,-0.207468,0.105142,0.143777,0.112824,0.021002,-0.031810,0.177541,-0.007947,0.122483,0.141676,0.083572,-0.165372,0.111927,-0.148675,-0.189636,-0.039467,-0.042771,0.112909,0.344014,0.254466,-0.020995,-0.009828,-0.006703,0.189839,0.205030,0.046160,-0.164704,0.207077,-0.189520,0.222476,0.053196,0.146869,-0.064787,-0.107718,-0.227453,0.009337,-0.007162,0.206441,-0.013614,0.064204,0.121000,-0.090983,0.199885,0.024034,0.112315,0.067096,0.189323,-0.133428,0.212738,0.102415,-0.088057,0.110887,-0.157661,0.101720,0.167595,-0.009875,-0.059295,-0.055676,-0.091065,-0.133554,0.056556,0.064245,-0.071850,-0.009146,0.031801,0.022197,-0.185056,0.115874,0.202495,-0.150357,0.052494,0.117050,-0.001771,0.310672,0.239491,0.101137,0.038684,0.028970,0.048949,0.153231,0.242926,0.285400,0.016156,0.206303,0.036094,0.243950,-0.042316,-0.000846,-0.116298,0.100663,-0.050308,0.238968,0.225343,0.156493,0.158550,-0.077041,0.106036,-0.008283,#
3,0.018561,0.328217,0.050953,1.000000,0.182084,0.116494,-0.176841,0.091110,0.080732,0.084556,-0.193966,-0.082457,0.211886,0.126738,-0.198153,-0.108909,0.188741,0.018047,-0.113467,-0.020910,0.349457,0.078298,0.100765,-0.081085,0.223443,0.291462,0.219331,0.161171,0.027992,0.070626,-0.134277,0.021777,0.140384,0.017719,-0.021932,0.078219,-0.199279,-0.091224,-0.089987,0.310972,0.003730,0.152934,0.074032,0.018131,0.253768,-0.017951,0.000618,0.238120,0.016723,0.050111,0.138993,0.162820,0.050527,0.203236,0.241074,0.039034,-0.072688,0.050997,0.244027,-0.066471,0.178286,0.027084,0.041313,0.042690,0.003493,0.294530,0.029830,0.068151,0.109686,0.128711,-0.145478,-0.129765,0.270716,0.100557,-0.020599,0.134516,-0.006234,0.103908,0.211045,0.111067,0.241026,0.354386,0.032609,-0.180912,-0.012244,0.071774,0.018990,0.062761,0.022172,0.014768,-0.038124,0.157782,-0.027832,-0.158830,0.143753,0.160162,0.063969,0.099456,-0.212293,0.234514,0.298551,-0.039606,0.044531,0.141416,0.072393,-0.131901,0.063792,0.249141,-0.031478,-0.091119,-0.051041,0.344677,0.207940,0.116267,-0.006413,0.198816,0.251277,0.303506,0.024298,0.218279,0.054675,0.194524,-0.015914,0.303627,0.041791,0.223779,0.256099,0.148456,-0.040979,0.243888,0.205521,0.004245,0.210001,0.099660,-0.074607,-0.183234,0.027243,0.039507,0.233367,0.169625,-0.013776,0.124803,-0.297952,-0.127749,-0.238908,0.167847,0.267648,0.121059,0.196858,-0.194141,-0.079263,-0.025570,-0.098945,0.048826,0.110074,-0.041188,0.344292,0.248154,0.071725,0.238286,0.228168,0.340395,0.198364,0.409592,0.004673,-0.142271,0.129468,0.119323,-0.015661,0.236292,0.206629,-0.101761,-0.005267,-0.009854,0.140527,0.231730,0.179922,0.015718,-0.002853,0.016223,0.225250,0.159796,0.036485,0.352056,0.188706,0.171023,-0.079778,-0.256186,0.123701,0.100288,0.140088,0.178573,0.150440,0.128776,0.310650,0.332286,0.011357,0.011279,-0.005707,0.088813,#
4,0.136669,-0.035158,-0.073527,0.182084,1.000000,0.286821,0.099238,0.059739,0.109393,0.164801,0.083054,-0.083915,0.113215,-0.160568,0.098949,0.011250,-0.086526,0.019063,-0.222152,-0.095686,0.146050,0.156073,0.255922,0.114561,0.270647,-0.023832,-0.039512,0.087936,0.169519,0.207425,-0.075853,0.027096,-0.070593,0.088041,0.138176,0.165162,-0.105935,-0.178705,0.016388,0.226337,-0.122410,-0.069680,0.196478,0.079698,0.295456,-0.219788,0.405033,0.181109,-0.240558,-0.016518,0.281247,0.099354,0.006859,-0.192585,0.106434,0.122845,-0.028127,0.259125,0.199040,-0.198406,0.090193,0.105532,0.218193,0.071795,0.201129,0.382612,0.112934,-0.286461,0.052951,0.093523,0.075043,-0.141482,-0.091994,-0.057797,0.103766,-0.010246,0.009924,0.093349,0.108239,0.108258,-0.007713,0.421145,-0.022108,-0.107537,-0.004934,-0.048189,0.083113,0.152736,0.054531,0.091247,0.052697,-0.132588,0.138595,-0.133319,0.119089,0.169049,0.216238,0.037073,-0.029600,-0.122790,-0.171413,0.213849,-0.048362,0.233600,-0.098637,-0.250841,0.123140,0.041930,0.068242,0.308561,-0.194579,0.148246,0.251608,0.201524,-0.081089,0.010606,-0.210787,0.343751,0.025607,0.148830,0.058214,0.134841,0.012195,0.094739,0.079368,0.012121,0.192154,-0.120509,0.194158,0.136370,0.174998,0.158616,0.066531,0.098173,0.143261,-0.230227,-0.110102,0.269150,0.017036,0.165024,-0.064687,0.178759,-0.060233,0.108463,-0.119392,0.183049,0.013790,0.156967,0.118955,0.036389,-0.079336,0.057535,0.043909,-0.282630,0.285532,-0.107256,0.249730,0.378896,0.129363,0.046415,-0.055431,0.162923,-0.079330,0.188419,-0.008092,-0.204049,0.222249,-0.032267,-0.089987,-0.012965,0.192684,0.035169,0.066935,-0.093061,-0.129552,0.050392,0.258658,0.188656,0.056180,0.222285,0.131135,-0.223699,-0.065117,0.112481,0.132277,0.311899,0.122022,0.052762,0.129070,0.326268,0.178596,-0.008755,0.254879,0.104538,-0.037752,-0.021981,-0.202632,-0.033909,0.008121,0.103455,#
5,0.142518,0.071788,0.076796,0.116494,0.286821,1.000000,0.179664,0.114615,0.125008,0.003796,-0.104460,-0.060458,0.085766,-0.200823,0.122750,-0.026639,0.002393,0.095862,0.050606,0.207502,0.041464,0.025053,0.030861,0.055153,0.362932,0.079147,0.090738,0.006516,0.135187,0.213156,0.039091,0.096398,0.132608,0.170728,0.115323,0.070098,0.072353,0.019929,-0.048348,0.177449,0.080680,0.177281,0.247268,0.049564,0.156805,0.313742,-0.042461,0.052833,-0.268402,0.112696,0.107571,0.085497,-0.028644,-0.048981,0.377676,0.139163,-0.134703,0.080633,0.179048,0.012577,0.160161,-0.097307,0.127442,0.243250,0.073902,0.251298,-0.080632,-0.119416,0.001824,-0.011553,0.272245,0.089051,-0.057310,0.247290,0.226805,0.080630,-0.124144,0.300932,0.214572,0.156244,-0.039175,0.243586,0.101634,0.043811,0.033741,-0.211224,0.010899,0.020043,0.081777,0.000456,0.360870,-0.080344,-0.022160,0.036377,0.223657,-0.076758,0.329570,0.145509,0.056242,-0.052025,0.079192,0.036312,0.205229,0.180976,0.039894,-0.041781,0.165516,-0.093329,-0.034720,0.161737,0.062302,-0.004264,0.269818,0.160344,-0.034642,-0.093856,0.286454,0.251146,0.153462,0.387221,0.101938,0.007860,-0.198853,0.211245,-0.076878,0.083242,0.211701,0.024249,0.172570,-0.130021,0.108897,0.115779,0.070282,0.163561,0.185942,-0.073205,-0.176692,-0.041400,-0.045713,0.106042,-0.159807,-0.070939,-0.144148,-0.004619,0.156366,0.123717,0.053420,-0.007080,0.096668,-0.008198,0.259630,-0.016069,0.335762,-0.066051,0.209972,-0.009754,0.200342,0.014151,-0.041857,0.136292,0.028670,0.229014,0.024987,0.026946,0.018506,-0.212521,-0.097237,-0.002184,0.016871,0.053800,0.083115,0.105500,-0.034856,-0.012706,-0.096600,0.247919,0.288075,0.100747,0.179442,0.169723,0.221835,-0.160355,-0.161594,0.120353,0.086206,0.361945,0.232879,0.037415,0.111681,0.087688,-0.096282,0.179971,0.199534,0.176801,0.235768,0.200010,0.079093,0.146395,-0.096233,0.223342,#
6,-0.146945,0.154748,0.143498,-0.176841,0.099238,0.179664,1.000000,-0.074766,-0.091798,0.072754,0.228604,-0.127375,-0.162129,-0.179367,-0.323157,0.280066,0.325816,0.182418,0.149550,-0.033202,-0.129298,-0.216864,0.010946,-0.045546,0.055513,0.012850,-0.009820,-0.055800,-0.082575,0.035215,-0.064194,0.223121,-0.129749,-0.031498,0.133450,-0.014920,-0.091158,0.129727,-0.092981,0.004696,-0.015971,0.087132,0.190084,-0.027119,-0.059059,0.078047,-0.024669,0.030072,-0.297214,-0.083146,-0.138507,-0.087811,-0.138991,-0.178290,-0.007315,0.045059,-0.215507,0.024696,-0.188975,0.082464,0.027556,0.145663,-0.191993,0.028992,0.302080,-0.021445,0.131504,-0.117064,-0.009367,-0.103353,0.167445,0.099089,-0.236229,-0.011559,0.153516,-0.089963,0.319447,0.097532,0.221922,0.139688,-0.212317,0.135215,-0.016277,0.068589,0.069117,-0.108540,0.071918,-0.101296,-0.071742,-0.223062,-0.116186,-0.070063,0.116339,-0.268884,0.100720,-0.058625,0.256455,0.041880,-0.110807,-0.009696,-0.051718,0.038779,-0.068290,-0.051707,0.112435,0.011518,0.023339,0.017166,0.224201,0.057794,0.036135,-0.043071,0.096057,0.309503,0.079146,0.208639,0.018164,0.057657,0.001182,-0.085242,-0.085925,0.109574,-0.409841,-0.287554,0.109634,-0.041246,0.045617,-0.168371,0.101142,-0.061210,0.115816,0.034048,0.209555,0.079587,0.188322,-0.028586,0.005727,-0.134361,0.050757,-0.015938,0.065224,-0.128273,-0.008584,-0.219334,-0.002778,0.098830,-0.121656,0.297425,-0.005475,0.031850,0.134985,-0.069939,-0.046054,0.141712,0.129383,0.073994,-0.140068,-0.186828,-0.267656,-0.106502,-0.173308,-0.030740,-0.002666,0.005766,-0.229642,-0.096078,-0.017096,0.094913,-0.036622,-0.101871,-0.191516,0.251415,-0.297128,0.031866,-0.025520,0.092878,0.176273,0.077252,0.112668,-0.083847,0.157119,-0.068042,-0.085623,-0.053366,-0.089349,-0.004944,0.086871,-0.224977,0.129090,0.016027,-0.023551,0.137588,-0.130340,0.221807,-0.005456,0.001735,0.008859,-0.146424,0.047319,-0.031926,#
7,0.120548,0.047442,0.196084,0.091110,0.059739,0.114615,-0.074766,1.000000,0.014803,0.034146,-0.315434,-0.172217,0.286581,-0.084814,0.013632,0.081131,0.028316,0.204713,0.171054,0.141513,0.135920,0.101661,0.193280,-0.041652,-0.000046,0.165165,0.037492,-0.165374,0.118809,0.009530,0.081319,0.074212,0.167756,0.116660,0.142446,0.083756,-0.194532,0.129527,0.415355,0.155271,0.073100,0.251185,-0.037521,-0.093229,0.031225,0.207140,0.215797,0.211618,0.250377,0.253628,0.104854,0.092719,0.009964,-0.084349,0.153555,-0.000457,0.073539,-0.208816,0.273519,0.170485,0.129568,0.151406,0.062416,-0.125556,0.169766,0.098489,-0.049189,-0.026641,-0.318117,-0.006025,0.216852,-0.128437,0.006881,0.075904,-0.082729,-0.127499,-0.134184,0.074976,0.029711,0.120286,0.129504,0.022730,0.107191,0.062665,0.085800,0.248930,-0.213946,0.185073,-0.073359,0.078141,0.166953,-0.152590,0.128766,0.005286,0.362289,0.273667,0.074458,0.134673,0.126568,0.059867,0.034731,-0.015667,-0.353222,-0.081776,0.170321,-0.047350,-0.257494,0.223992,0.186938,-0.365398,-0.002409,0.016978,0.269501,-0.018105,0.337417,0.094688,-0.079582,-0.062205,0.084057,0.358618,0.062051,0.195880,0.218219,0.077324,-0.007868,0.194433,0.074533,0.278604,0.015424,0.252109,-0.174566,0.034610,0.062298,-0.262594,-0.185797,-0.214098,-0.145949,0.203938,0.078552,0.081129,-0.127797,0.081515,-0.031724,-0.097494,0.173454,0.303758,0.041048,0.013410,-0.052451,-0.068680,-0.112313,0.160022,-0.139719,-0.115338,0.157552,0.313111,0.180538,0.248781,-0.085124,-0.096667,0.155568,0.034261,0.177515,0.114044,-0.102504,-0.031594,-0.122515,-0.150220,-0.146114,-0.093393,0.168430,0.041119,0.203937,0.148161,0.149456,-0.037924,0.074533,-0.024565,-0.092586,0.019273,0.168965,0.083564,-0.162690,0.162337,0.331131,0.209853,0.129996,0.233183,0.092654,0.252707,0.167949,0.080894,-0.058974,-0.086453,0.132961,0.055285,0.110094,0.046955,-0.130640,-0.012697,#
8,0.036737,0.023810,-0.163401,0.080732,0.109393,0.125008,-0.091798,0.014803,1.000000,-0.002054,-0.016499,0.217062,0.075946,0.070019,0.036153,0.090432,0.169433,-0.172371,-0.100223,-0.056528,0.190725,-0.061418,0.120622,0.033922,0.058641,0.114193,-0.008875,-0.188082,-0.016581,-0.081659,0.083056,-0.066193,0.041243,-0.009849,0.055327,0.465314,-0.022078,-0.020377,-0.081235,-0.096580,-0.018802,0.010303,0.225260,0.271753,0.088964,-0.174646,-0.083153,-0.211253,-0.054991,0.102249,0.056685,0.081944,0.303914,-0.128365,-0.112493,0.183748,-0.071545,0.126718,-0.034420,-0.092934,0.137546,0.107898,0.117163,0.185673,0.013414,0.261573,0.029921,0.071482,0.092072,0.025005,0.245528,0.277437,0.180400,-0.059557,0.064560,-0.200460,-0.032479,0.101065,0.151412,0.260761,-0.066878,0.049256,-0.024827,-0.021812,0.011112,-0.031088,0.031460,-0.065751,-0.226146,-0.228753,-0.009510,-0.122226,-0.160462,-0.096501,-0.194448,-0.051091,0.315813,0.237757,0.239650,0.178483,-0.106704,-0.263130,0.269258,0.341968,-0.203186,0.070825,0.065279,0.132935,-0.056948,0.221605,-0.112955,-0.029291,-0.069516,-0.033497,-0.141375,0.034860,0.359091,-0.000047,-0.195369,0.172075,0.023634,-0.037464,0.137001,0.312870,0.143355,0.161221,-0.036792,0.003745,0.299304,0.202134,-0.080970,0.191826,0.075343,-0.193062,-0.204835,0.252342,0.070930,0.074907,0.053450,-0.071575,-0.105926,-0.067010,-0.083636,-0.310928,0.041207,0.150874,0.151080,0.178108,-0.006290,0.009780,-0.020134,0.268841,-0.127039,0.196312,0.252312,-0.018964,0.154883,0.262519,0.257219,-0.227876,0.250191,0.011086,-0.076225,-0.223001,-0.100550,-0.153061,-0.026149,0.177427,0.199545,-0.047438,-0.059047,0.210083,-0.175054,0.044009,0.154297,0.049723,0.107265,0.083905,0.154902,0.204727,0.309807,-0.040974,0.101190,0.006577,-0.044552,-0.094612,0.043554,0.171459,-0.167423,0.048766,0.126375,-0.011491,-0.032870,0.086608,0.134913,-0.080085,-0.220942,0.040623,-0.175834,0.190425,#
9,0.039770,0.029348,-0.015579,0.084556,0.164801,0.003796,0.072754,0.034146,-0.002054,1.000000,-0.011585,-0.153725,0.016372,-0.136896,0.146688,-0.194247,-0.099976,0.257822,-0.239040,-0.061416,0.044905,0.072105,-0.061750,-0.101431,0.245241,-0.009166,0.254391,-0.011481,-0.017267,-0.169821,-0.182638,0.002920,0.009460,-0.118925,-0.019958,0.162690,-0.122183,-0.066081,0.055992,0.028987,-0.009245,0.043117,-0.199018,0.079460,-0.057219,-0.001122,0.010597,0.103579,0.146749,0.186220,-0.032373,0.157854,-0.009304,-0.194649,-0.094346,-0.026215,-0.018968,-0.006904,-0.180242,0.171659,0.052355,0.118662,-0.001623,-0.046478,-0.078320,0.163172,0.015631,-0.188819,-0.013773,0.057315,0.222501,0.080256,0.103808,-0.009996,-0.011381,-0.058427,0.017904,0.138485,-0.018230,0.171548,0.064073,0.175383,-0.048338,-0.096217,0.132338,-0.018647,0.124368,-0.102014,-0.043854,0.333187,0.243292,-0.180952,0.164941,-0.052145,0.120372,0.066810,-0.044199,-0.015241,0.126396,0.349386,-0.012726,0.107756,-0.058639,-0.185639,0.042396,0.034058,-0.056942,0.198535,-0.034022,-0.159727,-0.035626,0.341119,0.161351,0.011246,0.109068,0.163268,-0.073042,0.146053,0.255610,0.188873,-0.092509,0.041512,-0.046240,0.035751,0.128760,-0.053445,0.085682,0.110547,-0.017960,-0.233569,-0.120136,0.125320,0.012180,0.057973,0.062508,-0.320611,0.020535,0.180841,0.089690,0.155475,0.213910,0.318317,0.092516,0.194045,0.125573,0.054164,-0.053964,0.315337,-0.070430,0.019695,-0.029412,0.100458,-0.034646,-0.021201,-0.118192,-0.055905,0.079477,0.158991,0.278094,0.120023,-0.181535,0.131260,0.168182,0.146755,-0.100880,-0.209469,-0.129601,0.355455,-0.018533,0.084492,0.000235,-0.112757,0.031298,-0.268087,-0.089272,0.044605,0.178969,0.165988,0.150126,0.130426,-0.121567,0.154777,0.056533,-0.045404,0.069494,0.107609,0.074429,0.021450,0.056084,0.097079,-0.193225,-0.152055,0.098419,-0.038343,-0.158444,0.010735,-0.166054,-0.045326,-0.107196,-0.082998,#
10,-0.170210,-0.019281,0.043643,-0.193966,0.083054,-0.104460,0.228604,-0.315434,-0.016499,-0.011585,1.000000,0.056680,-0.142410,-0.110238,-0.324558,0.208680,0.154252,0.051848,0.229890,-0.203742,0.018683,0.045042,-0.250466,0.009866,0.110238,0.000797,-0.260000,-0.026982,0.077259,-0.015506,-0.066587,0.076748,-0.095046,-0.071794,-0.087882,-0.144898,0.100997,0.010971,-0.302358,-0.226906,0.127976,-0.223998,0.006395,0.077544,0.015900,-0.127645,0.205729,0.032447,-0.343626,-0.050637,-0.166155,-0.049694,0.229380,-0.073472,-0.057371,0.227294,0.041097,0.105373,-0.191314,0.103758,0.060949,0.095099,0.115425,0.216616,-0.001946,0.039542,0.131386,-0.255293,0.054335,-0.241041,0.053721,0.037867,-0.311767,0.098830,-0.011907,0.052023,-0.158658,-0.018803,0.273709,-0.226718,-0.049773,-0.122662,0.063154,-0.070964,-0.043885,0.107680,0.181366,0.085267,-0.071242,0.111696,-0.019100,0.165630,0.079667,-0.227433,0.051230,0.065198,0.303290,0.071168,0.114828,0.055091,0.059628,-0.039195,0.017166,0.065282,-0.458958,0.129935,0.237946,-0.121247,0.076858,0.131939,0.197694,-0.054115,-0.094355,0.062243,0.046340,-0.041596,-0.099408,-0.057619,-0.023448,-0.141077,0.063727,0.133151,-0.201685,-0.216018,0.028142,0.058244,0.322102,-0.094158,-0.021282,-0.087329,0.054792,0.256312,0.081135,0.032430,0.129919,0.017009,-0.114355,-0.002937,0.038454,0.076179,-0.036366,0.068002,0.384277,0.137816,0.179627,0.095958,-0.200175,-0.015964,-0.069147,0.159711,0.132234,-0.049007,-0.123295,0.164673,0.030660,-0.065805,-0.047735,-0.084137,0.091532,-0.050058,-0.014498,0.083074,-0.054302,0.095794,-0.369900,0.049207,0.160393,0.191445,0.025753,-0.087073,-0.325322,0.193251,-0.125669,0.070122,0.041732,0.201927,0.125549,0.006046,0.036421,0.180628,-0.236696,-0.282992,0.067057,0.013394,-0.069539,-0.085106,0.237092,0.123286,-0.038931,0.081637,-0.171156,0.038826,-0.058888,0.245697,0.010638,-0.173925,-0.119190,-0.093190,0.002666,0.230634,#
11,-0.079821,-0.210671,-0.057676,-0.082457,-0.083915,-0.060458,-0.127375,-0.172217,0.217062,-0.153725,0.056680,1.000000,-0.118371,0.049126,0.058347,-0.019868,-0.205288,-0.105972,0.047103,-0.053098,-0.008464,0.068275,-0.061418,-0.022328,0.000189,0.006975,-0.161369,0.046839,-0.048457,0.010714,0.299365,0.097334,0.111111,0.073041,-0.064174,-0.036139,-0.013403,-0.012370,-0.150343,-0.278483,0.001809,-0.048368,0.086687,0.005288,0.082742,-0.358636,-0.100229,-0.105382,-0.029109,-0.134772,-0.221827,-0.249869,0.085429,0.058452,-0.002173,0.017396,-0.113887,0.305259,-0.003841,0.234285,0.032932,0.052650,0.147606,0.093897,-0.048334,-0.102911,0.068790,0.141297,-0.065937,0.103667,-0.240606,-0.040071,0.123616,-0.157472,0.304736,0.239670,-0.029788,0.159716,0.052191,-0.031083,-0.118964,-0.185332,-0.028624,-0.058607,-0.188717,-0.192669,0.082434,0.030166,0.083849,-0.071631,-0.221458,-0.016908,-0.022866,0.073961,-0.270815,0.105347,0.141843,0.200260,0.121131,0.084884,0.061937,-0.156930,-0.137450,0.231307,-0.195236,0.167606,0.100359,0.125730,-0.166225,0.052359,0.036503,0.024441,-0.180872,0.030986,-0.016127,-0.155071,-0.025938,0.206214,-0.127484,0.303133,0.126064,-0.109536,0.123904,0.396283,0.130393,-0.180895,-0.089580,0.180146,0.395507,0.103300,0.131831,0.146492,0.189468,0.007540,0.026298,0.361710,0.166358,0.166250,-0.157549,0.142025,-0.096799,-0.264915,0.193327,0.193031,0.004903,-0.038762,0.018732,-0.066274,-0.153524,-0.297774,0.025488,0.036615,-0.049921,0.152752,-0.197997,-0.035099,-0.095220,0.013452,0.077669,0.050718,-0.022507,0.055732,-0.248368,0.176154,0.017317,0.120045,0.012673,0.014722,0.053356,-0.035541,0.079112,0.135266,-0.146336,-0.091382,-0.082949,0.166661,0.042059,-0.069793,0.058646,0.060129,-0.141277,-0.023067,0.016045,0.070191,0.061062,-0.235188,0.044340,0.071500,-0.270400,-0.139093,0.138516,0.197108,0.126311,0.058211,0.119518,-0.008946,-0.215867,0.048250,-0.016348,0.135203,#
12,0.252792,-0.014231,-0.014332,0.211886,0.113215,0.085766,-0.162129,0.286581,0.075946,0.016372,-0.142410,-0.118371,1.000000,-0.074348,0.018885,-0.161841,-0.085024,-0.068461,0.009572,-0.185380,0.115671,0.221674,0.152207,-0.225949,0.135752,0.153781,0.087708,-0.186473,0.140040,0.078034,0.085318,-0.341617,0.031035,-0.044779,0.386537,0.059367,-0.056717,-0.052347,-0.110734,0.020812,-0.093584,-0.270705,0.012840,0.129073,0.048532,-0.036575,0.249668,0.125714,0.155449,0.232620,0.062118,-0.063771,-0.046656,-0.040174,0.107861,-0.066805,-0.095812,-0.254026,0.229214,-0.071413,-0.067151,0.009349,-0.018186,-0.060876,0.002832,0.055051,-0.226036,0.166041,-0.027464,-0.009520,-0.095160,0.060696,0.148766,0.046345,-0.023387,0.267735,-0.027454,0.121386,-0.020640,0.239992,0.217057,0.104212,0.063361,-0.277613,0.091061,0.166075,0.002215,0.112967,-0.070806,0.073530,0.242681,-0.117787,0.155457,0.328757,0.060601,0.144421,-0.055093,-0.015295,-0.126023,-0.170195,0.138839,-0.105224,-0.281873,-0.185107,0.048538,0.023058,-0.185393,0.297727,-0.067762,-0.055255,0.180742,0.019360,0.161737,-0.032035,-0.048350,-0.120637,-0.189219,0.052853,0.031431,0.042262,0.182537,0.148486,0.049629,0.003459,0.020436,0.379343,-0.136664,0.072332,-0.238349,0.086752,-0.317191,-0.252310,0.175966,-0.289022,-0.138035,-0.052218,-0.184885,-0.118178,0.052203,-0.162567,-0.249490,-0.267040,-0.128584,0.089491,-0.188388,0.238718,0.144529,0.181492,-0.124440,-0.056028,0.087308,-0.063756,-0.003308,-0.231784,0.057198,-0.062804,0.081639,0.180796,0.137777,-0.290547,0.020533,0.175057,0.107040,-0.097825,0.023836,0.065569,-0.041976,-0.027167,0.201962,0.023001,0.122456,-0.180110,0.126962,-0.063918,0.091021,0.100169,0.105322,-0.027482,-0.454648,0.024956,0.029130,0.173753,-0.113044,0.172704,0.066271,0.059255,0.127357,0.056786,-0.022884,-0.104304,-0.011061,-0.115477,-0.206722,-0.271552,0.034100,-0.109015,-0.085929,0.014666,-0.147349,0.102382,#
13,-0.276695,0.133961,-0.134266,0.126738,-0.160568,-0.200823,-0.179367,-0.084814,0.070019,-0.136896,-0.110238,0.049126,-0.074348,1.000000,0.040719,-0.024544,-0.053592,-0.142607,0.046588,-0.262685,0.107096,0.159349,0.252123,0.167142,-0.191761,0.336528,-0.127448,0.141152,0.042984,-0.076989,-0.044362,0.002069,-0.011719,-0.012597,-0.069995,0.022817,0.074460,0.068723,-0.180552,-0.120584,0.177062,-0.028349,0.170910,-0.179594,0.111964,0.099405,-0.301489,0.026072,0.165576,-0.121025,-0.218399,0.045414,0.064402,0.005959,0.135608,0.057532,0.021339,0.129704,0.042595,0.013035,-0.080314,0.146126,-0.119969,-0.007655,-0.122384,0.028482,0.131831,0.184112,0.092035,0.256191,-0.128979,-0.083833,0.229524,0.081010,-0.101819,0.181255,0.066706,-0.115379,0.010310,-0.046921,-0.226749,0.005317,0.041609,0.089655,-0.281946,0.097018,-0.157371,0.107842,0.260789,-0.066188,0.043058,0.168703,0.175187,0.065187,-0.157200,-0.004748,-0.025090,-0.030320,-0.060870,0.171636,-0.037622,-0.003785,-0.002776,-0.034093,-0.132993,-0.118370,-0.136794,0.163183,-0.216024,-0.002304,-0.191301,-0.046920,-0.113396,-0.032984,0.191751,-0.036508,0.092482,-0.040628,-0.247918,-0.101728,0.085299,-0.150116,0.133994,0.167669,-0.048942,-0.098812,0.009744,0.113535,-0.052852,0.205920,-0.161576,-0.190576,-0.099532,0.112274,-0.179172,0.078879,0.098909,-0.017970,0.221449,0.203505,0.084822,-0.132866,-0.159443,0.017028,-0.088527,0.099932,-0.011698,0.055365,0.044655,-0.217517,-0.013539,-0.134970,-0.048596,0.237837,-0.209741,-0.038959,-0.173459,-0.253324,-0.070829,0.039228,0.139969,0.024888,0.160991,-0.122733,-0.100446,0.049937,-0.031530,0.212516,-0.115272,0.029064,-0.076967,0.027456,-0.221582,0.200310,0.108152,0.112282,0.026326,-0.236262,-0.015088,-0.101195,0.136422,-0.125112,0.068964,0.027305,-0.285282,0.001846,-0.016795,-0.232327,-0.075996,0.054769,0.194332,0.084240,0.174088,-0.066426,0.034205,0.144679,-0.085266,0.406510,-0.048471,0.148358,#
14,0.200977,-0.280198,-0.049168,-0.198153,0.098949,0.122750,-0.323157,0.013632,0.036153,0.146688,-0.324558,0.058347,0.018885,0.040719,1.000000,-0.114667,-0.131948,0.177051,-0.247232,0.074990,-0.224783,-0.007306,0.111535,0.185913,-0.144401,-0.094019,-0.039382,0.222521,-0.047693,0.040404,0.375970,0.003378,0.039399,0.056052,0.040413,-0.008188,0.257286,-0.073852,0.237340,-0.043484,-0.115706,0.038914,-0.113499,0.046794,-0.012363,0.086149,0.075999,-0.115318,0.065838,0.011919,0.050366,0.060796,0.108884,-0.125685,0.032423,0.202194,0.300713,0.013427,0.162062,-0.153939,0.029641,-0.195926,0.164036,0.048770,-0.037733,-0.018018,-0.118442,-0.092751,0.030624,0.073837,0.174005,0.034398,0.142690,0.079004,0.173386,0.161958,-0.071235,-0.054733,-0.240021,-0.061370,0.006461,0.082171,0.085307,0.182406,-0.080671,-0.083832,0.003638,0.125137,0.068904,0.325622,0.289430,-0.129872,0.100342,0.277482,-0.064238,-0.116298,-0.182903,-0.030319,-0.062424,-0.019247,-0.327051,0.005225,0.057860,0.076228,-0.029429,-0.041094,0.001423,-0.090824,0.077522,0.056172,-0.214233,0.077774,0.202322,-0.037365,0.052449,-0.202685,-0.025490,-0.075116,-0.003023,0.151945,0.011520,-0.162955,0.250920,0.212324,0.026838,-0.142307,-0.227276,0.020385,0.033694,0.003280,-0.090043,-0.070339,-0.106556,0.067196,-0.015806,-0.249042,0.101752,0.120457,-0.097820,0.088780,0.064682,0.085517,0.146272,0.319400,0.090364,0.068325,0.032109,-0.121779,0.064702,-0.139012,0.328744,-0.078006,0.274065,-0.143313,-0.039580,-0.107413,0.112109,-0.018252,0.099548,0.138375,-0.077759,-0.091312,-0.014713,-0.165419,0.362181,0.100996,-0.111152,0.104305,0.093118,-0.015066,0.150558,-0.299709,-0.043382,-0.040838,-0.210038,0.024274,-0.124447,0.114128,0.118085,0.124138,0.029587,0.006819,-0.015403,-0.076959,-0.015613,0.158786,0.018483,0.119087,-0.135186,0.101004,0.062877,0.053115,0.073116,-0.132733,-0.167140,-0.033886,-0.136282,0.135304,-0.158277,-0.205969,#
15,0.007776,0.017489,0.049524,-0.108909,0.011250,-0.026639,0.280066,0.081131,0.090432,-0.194247,0.208680,-0.019868,-0.161841,-0.024544,-0.114667,1.000000,0.277560,0.096087,0.275190,0.057035,-0.059392,-0.214692,-0.102799,0.266127,0.079046,0.187413,-0.179714,0.045782,-0.211971,-0.171177,0.036127,0.342979,-0.045494,0.107038,0.119094,-0.010587,0.009742,0.079191,-0.122431,-0.062797,0.016480,-0.019824,0.027080,-0.044920,-0.063448,0.086858,0.226002,0.103718,-0.121496,-0.018160,0.023313,-0.044768,0.230789,-0.039122,0.019227,0.239829,0.083759,0.061439,-0.119359,0.327138,0.201979,0.165985,0.169399,0.036128,0.330414,-0.230381,0.177083,0.051783,-0.077303,0.028823,0.050997,-0.160874,-0.120270,0.218763,0.127165,-0.222196,-0.119229,0.003044,0.141948,-0.054124,-0.149868,0.202029,0.130334,0.127778,0.068721,0.214004,-0.157226,0.036622,-0.048754,-0.217937,-0.066094,0.003125,0.076408,-0.155493,-0.093115,-0.054543,0.130370,0.223799,0.073359,0.063170,-0.116160,0.121575,-0.138044,0.234474,0.080181,-0.095640,0.056852,-0.048941,0.053090,0.176875,-0.124822,-0.071031,0.169684,-0.043693,0.346030,0.159925,-0.203431,-0.163402,-0.043081,0.083495,-0.149944,0.275337,0.034466,-0.109651,-0.067663,-0.000348,0.029201,0.175818,0.137794,0.071478,0.153843,0.059694,-0.082918,-0.098706,0.125242,0.191357,0.092075,0.061038,-0.092657,0.084986,-0.009500,-0.185678,0.135351,-0.109155,0.004649,0.062610,0.151800,-0.072713,0.043154,-0.115112,0.123860,0.350519,0.128146,0.062356,0.081719,0.191776,-0.127244,-0.164579,0.083164,-0.074624,0.121324,0.050122,0.069806,0.239727,0.049714,0.051331,0.000813,-0.134868,0.116723,0.032157,-0.163872,0.254435,-0.064142,0.285490,0.121719,-0.039775,0.113084,-0.042053,0.221202,0.013298,-0.068178,-0.167900,-0.109182,-0.010843,0.213897,0.012960,-0.054846,-0.101100,0.104730,0.174626,-0.045297,0.190976,-0.149581,0.346545,0.007591,0.144401,-0.090071,0.021437,0.230667,0.047653,#
16,0.049293,0.246329,0.015867,0.188741,-0.086526,0.002393,0.325816,0.028316,0.169433,-0.099976,0.154252,-0.205288,-0.085024,-0.053592,-0.131948,0.277560,1.000000,0.116218,0.247339,0.155893,0.071514,-0.437080,0.116839,0.052556,-0.089822,0.123382,-0.051834,0.139828,-0.227042,0.031862,0.181132,0.166848,-0.080017,-0.168480,0.098616,0.052105,0.009177,0.236116,0.139031,0.215550,-0.017444,-0.032958,0.180730,-0.031486,-0.032449,-0.093079,0.070305,-0.006836,-0.099539,0.152849,0.021624,0.092321,0.004310,0.070921,-0.152584,0.151918,0.092645,0.070744,0.060918,0.162788,0.157711,0.212882,0.029350,0.128146,0.231183,0.158804,0.033673,0.172963,0.124699,-0.052357,0.080366,0.079906,-0.022923,0.222304,0.002431,-0.000796,0.008381,-0.012086,0.227499,0.140697,0.219391,-0.058920,0.106277,-0.036113,0.144888,0.101104,0.095619,0.010267,-0.221680,-0.077582,-0.224521,0.209873,0.117418,-0.337432,0.101416,0.056173,-0.102767,0.016170,-0.086937,0.146650,0.005883,0.037083,0.119494,0.139305,0.133453,-0.040467,-0.100898,-0.072130,0.374640,-0.056630,0.040769,-0.019254,0.227491,0.218272,0.100121,-0.019505,0.342197,-0.155313,0.038513,0.079139,-0.193452,0.092153,0.005329,-0.133359,0.225884,0.049460,-0.025266,0.000478,-0.063802,-0.000251,0.086101,0.041914,0.084351,0.243858,0.004783,0.038082,0.075543,-0.079510,0.069514,-0.250538,-0.133442,0.074853,-0.115018,-0.242676,-0.009466,-0.103426,0.118381,0.070301,0.095801,0.026670,0.079321,0.039218,-0.118255,0.045609,-0.017676,0.099857,0.045434,-0.044300,-0.110157,0.031174,0.180812,-0.091410,0.140092,0.067022,-0.012021,-0.063491,-0.060365,0.179577,0.029060,0.154952,-0.335444,0.241538,-0.148873,0.348796,0.264976,-0.088266,0.107618,0.220716,0.075828,0.012544,0.240815,0.007315,-0.129553,0.357112,-0.049832,-0.142187,-0.006551,-0.025868,0.157127,0.108759,0.093035,0.210550,-0.295728,0.297905,0.082384,0.213104,0.053481,-0.251384,-0.014031,-0.018956,#
17,-0.042724,0.068839,0.161062,0.018047,0.019063,0.095862,0.182418,0.204713,-0.172371,0.257822,0.051848,-0.105972,-0.068461,-0.142607,0.177051,0.096087,0.116218,1.000000,0.014134,0.103536,-0.140270,0.058089,0.025819,-0.055749,0.108789,-0.061330,-0.077903,0.147412,-0.092955,-0.022694,0.099328,0.182038,-0.231275,-0.123326,-0.039561,-0.367251,-0.021536,0.201809,0.363690,-0.010535,0.095884,0.200920,-0.039151,0.054556,0.114533,0.325463,0.038031,0.080080,0.091879,0.074321,-0.065898,-0.048702,0.091203,0.028817,0.089511,0.182331,0.159345,-0.079608,0.096981,0.016092,0.181037,-0.138346,0.257824,-0.063892,-0.126057,-0.014453,0.215784,-0.183092,0.089461,-0.133662,0.349244,-0.049190,-0.081481,0.373145,0.114114,0.009925,-0.247523,0.084749,0.190771,-0.013599,-0.062100,0.182919,0.006081,0.286233,-0.101121,-0.099558,0.250448,-0.126406,-0.178008,0.094383,0.060523,-0.015781,0.172791,0.034938,0.196329,0.037233,-0.117775,-0.056877,0.081366,0.311853,-0.098008,-0.010604,-0.101704,-0.165407,-0.071502,0.156550,-0.085142,0.099194,0.060111,0.013721,0.015084,-0.056502,0.307908,0.168869,0.258206,0.052711,-0.080741,0.096767,0.135057,0.209561,-0.061473,0.006161,-0.219672,-0.087951,0.136703,0.140246,-0.008561,0.232489,0.046784,0.039408,0.005073,0.157774,0.056140,-0.054226,-0.125343,-0.126275,0.247989,0.018444,-0.277315,0.149358,0.052246,0.075189,0.239081,0.106762,0.075156,0.029853,-0.261594,-0.154969,-0.013444,-0.030682,0.183111,0.065003,-0.007519,0.043786,-0.073224,0.130567,0.161583,-0.171855,0.052036,0.008412,-0.054257,-0.019723,0.242719,0.080720,-0.160290,-0.279638,-0.300274,-0.029445,-0.000275,-0.015388,-0.012349,0.034059,-0.115758,-0.172460,-0.022230,0.078675,0.143261,0.087150,0.155586,0.078456,-0.065928,0.071849,-0.023929,0.146609,-0.021196,-0.120418,0.192054,0.124022,0.086049,-0.080765,-0.064488,0.050921,-0.184820,-0.128830,-0.218325,0.254635,0.019421,-0.142205,-0.114043,-0.213682,#
18,-0.169041,0.168820,0.197023,-0.113467,-0.222152,0.050606,0.149550,0.171054,-0.100223,-0.239040,0.229890,0.047103,0.009572,0.046588,-0.247232,0.275190,0.247339,0.014134,1.000000,0.017121,0.120499,0.230632,-0.164356,0.148396,-0.206640,0.007172,-0.164408,-0.109921,0.039633,-0.086927,0.043312,0.105817,0.005800,0.195501,-0.018443,0.032337,-0.193151,0.394021,0.044751,-0.043227,0.291026,-0.200165,0.320950,-0.177057,-0.066852,0.006401,0.269686,0.232133,0.075803,-0.027456,-0.266807,0.082785,0.033158,0.059447,0.065111,0.054596,-0.017081,0.027736,0.103032,0.138533,0.194386,0.038488,-0.128265,-0.058822,0.134583,-0.043765,0.147491,-0.130579,-0.103201,0.082455,-0.108298,0.028698,-0.085753,0.099340,-0.179068,-0.138444,-0.295411,0.119141,0.116873,-0.113599,-0.068887,-0.240343,0.132620,-0.018182,0.097252,0.280848,-0.238505,0.152240,-0.110326,-0.059862,-0.042868,0.110952,0.107998,0.097165,0.232019,0.002202,-0.029077,-0.023705,0.068113,-0.020290,0.092665,0.024297,-0.160477,-0.087552,0.134105,0.264670,-0.132150,0.230098,0.105173,-0.042730,0.058034,-0.047646,-0.015528,-0.148638,0.159637,-0.025393,-0.111559,-0.179530,0.033708,0.112101,0.086983,-0.176623,-0.068697,-0.075435,0.073305,0.037416,0.025944,0.020917,0.075107,0.009837,-0.046362,0.077329,-0.075284,-0.143577,-0.094592,0.221257,-0.158041,-0.061880,0.154687,-0.084524,-0.332253,-0.085371,-0.135106,-0.138479,0.096754,0.066271,0.028040,-0.076033,-0.064314,0.042873,-0.023055,-0.054580,0.152258,0.141714,-0.033436,0.253890,-0.106486,-0.359380,-0.164865,-0.238249,-0.086043,-0.179850,0.105871,-0.037365,0.002039,-0.013132,0.023245,-0.104861,-0.169910,0.102058,0.111059,0.042083,-0.069577,0.248009,0.238969,0.015037,-0.127425,0.045275,-0.089082,0.031045,0.136086,-0.120133,-0.280162,0.086868,0.024757,-0.283517,-0.053851,-0.000789,-0.286944,-0.008264,-0.065889,0.219384,-0.054935,0.074351,0.216581,0.073419,-0.034283,0.122407,0.073079,0.260580,#
19,0.201576,-0.153870,0.171661,-0.020910,-0.095686,0.207502,-0.033202,0.141513,-0.056528,-0.061416,-0.203742,-0.053098,-0.185380,-0.262685,0.074990,0.057035,0.155893,0.103536,0.017121,1.000000,-0.144907,-0.155763,-0.197132,-0.147496,0.071385,-0.028418,0.073015,0.310736,-0.230648,-0.136653,-0.018659,0.123538,0.150097,0.107243,0.167276,-0.011069,0.287240,0.216247,0.208922,0.159865,0.166294,0.259897,-0.039024,-0.064037,-0.234529,0.149855,0.008453,-0.013941,0.088848,0.342064,0.075861,-0.105635,0.052100,0.373337,-0.031335,0.155433,0.121742,-0.011760,-0.052695,0.086647,0.023558,-0.056446,-0.125373,0.249888,0.047659,-0.113483,0.110247,0.063496,0.226283,0.059735,0.229100,-0.122846,-0.050706,0.203796,-0.193564,-0.045307,-0.102779,0.040524,0.063843,0.081196,0.309412,-0.033678,0.014494,0.267453,0.150279,0.008887,0.101810,-0.048436,-0.004654,0.062367,-0.183058,0.080747,-0.106344,-0.110093,-0.029406,-0.108486,-0.033853,0.208969,0.059072,0.191395,-0.130280,0.027806,0.189313,0.105840,0.048504,-0.075412,-0.057052,-0.053476,0.024634,-0.233041,0.085507,0.022442,0.000606,-0.124803,-0.079780,-0.164484,0.078111,-0.056746,0.267702,0.100259,0.039949,-0.196528,0.024271,0.050277,-0.143385,0.199865,-0.086823,0.264380,0.073894,-0.143641,0.226849,0.105941,0.042305,0.140574,-0.113444,0.060557,-0.080892,-0.039476,0.090507,-0.111466,-0.046084,0.013344,-0.308200,-0.139012,0.218355,-0.123442,-0.023544,-0.231420,0.121309,0.034872,0.018457,0.085647,-0.059433,-0.168891,0.008587,0.095300,0.353106,-0.010191,0.198669,0.067515,0.236522,0.090954,-0.104161,0.278605,0.239901,0.247676,-0.058525,-0.142532,-0.054610,0.033870,-0.072375,0.259789,0.328769,0.144143,0.006270,-0.015099,-0.039186,0.121464,0.285576,0.043480,0.164354,0.100389,0.152941,0.188885,-0.003803,-0.003692,-0.242821,0.057363,0.021856,0.127529,-0.028503,0.044418,-0.171683,0.054922,0.056517,0.221278,0.212057,-0.209416,0.109454,-0.186432,#
20,-0.245151,0.265058,0.039955,0.349457,0.146050,0.041464,-0.129298,0.135920,0.190725,0.044905,0.018683,-0.008464,0.115671,0.107096,-0.224783,-0.059392,0.071514,-0.140270,0.120499,-0.144907,1.000000,0.089189,0.123046,0.230592,0.078662,0.299849,-0.260814,0.179261,0.137929,-0.108539,0.059297,0.010978,0.267139,0.186621,-0.149802,0.296830,-0.350428,-0.040260,-0.070148,0.217085,-0.052596,0.005838,0.008782,-0.314604,0.313881,-0.176972,0.097458,0.178399,0.047994,0.252764,0.057452,0.153917,0.065622,0.125127,0.162449,-0.150670,-0.313801,-0.105117,0.110632,0.009060,0.115635,0.061074,0.133616,0.224961,-0.052403,0.245893,0.041057,-0.026825,-0.084009,0.052642,0.059900,0.130043,0.355872,0.071655,-0.133070,-0.109769,0.148463,-0.033396,0.295310,0.011385,-0.136484,-0.009004,0.192371,-0.377851,-0.000162,0.214079,0.041317,0.223339,-0.003614,0.041097,0.080058,0.177838,0.004858,-0.129278,0.112297,0.168831,0.092652,-0.069559,-0.009069,0.025815,0.134871,0.027273,0.146475,0.211953,-0.045893,0.242353,0.229558,0.024291,-0.057333,0.263262,-0.117227,0.124663,0.003440,0.052790,-0.057997,-0.072818,0.059041,-0.082340,-0.195087,-0.027294,0.029375,0.122849,0.005397,0.158943,0.104199,0.108594,0.196009,-0.026372,-0.011690,0.176192,-0.025932,0.069429,0.201332,0.142077,-0.016325,0.100289,-0.122380,0.217066,0.097173,0.088929,0.062693,0.085784,-0.102932,-0.168463,-0.009175,-0.071915,-0.046570,0.123277,0.023031,-0.075499,0.053766,0.036467,0.083544,0.158875,-0.060812,0.187606,0.192451,0.231119,0.042688,-0.013356,0.205704,0.162564,0.215642,0.144683,-0.193291,-0.013801,-0.029307,0.182313,0.066762,-0.180766,0.164562,-0.159747,-0.074807,0.028940,0.168799,0.106190,-0.028330,0.077704,-0.028142,0.086884,0.167099,0.073260,-0.058655,0.235495,0.058544,0.110763,0.028214,-0.071772,0.048394,0.093255,0.188850,0.289414,0.191332,0.241159,0.196471,0.211003,0.061334,0.040787,-0.102788,0.081745,#
