0,1.000000,-0.034526,-0.158276,-0.044798,0.093222,0.131657,-0.152894,0.043526,0.038570,0.034391,-0.192249,-0.089960,0.156172,-0.324841,0.214547,-0.098961,0.090992,-0.042398,-0.109210,0.300818,-0.240107,-0.048286,0.007402,-0.058499,0.234673,-0.067204,0.365957,-0.027574,-0.024554,-0.090033,-0.141927,-0.100517,0.018231,-0.181275,0.323031,0.007392,0.109840,-0.091211,0.258793,0.129446,-0.159732,0.006331,-0.073788,0.141353,-0.154765,0.116022,0.143361,-0.368177,-0.133424,0.208778,0.326677,0.004727,0.048276,0.182555,0.046803,0.199679,-0.073261,0.187943,0.005614,-0.125639,0.147320,-0.120663,-0.115550,-0.023453,-0.004586,0.117697,-0.214073,0.149890,0.072733,0.119324,0.035745,0.145626,-0.017240,-0.242808,0.108192,0.098243,-0.348344,-0.062710,-0.182485,0.035571,0.291473,0.117422,-0.095319,0.005900,-0.154587,0.059923,0.063770,-0.361789,-0.038152,0.120680,-0.000647,-0.241298,-0.287048,-0.147900,-0.181369,0.115250,0.059065,-0.015795,0.071868,0.169326,-0.115266,-0.062172,-0.050027,0.041613,0.232156,-0.193327,-0.393078,-0.019286,0.131428,-0.052731,0.240465,-0.152465,-0.059418,0.101036,-0.032862,0.047920,0.033375,-0.059509,0.333220,0.158316,-0.058019,-0.005175,0.216178,0.080952,-0.074185,0.079691,0.051072,0.103950,0.185246,-0.234956,0.235743,-0.116068,-0.172564,-0.103919,-0.081392,-0.053883,0.186224,0.212801,-0.147270,-0.276989,-0.115993,0.227739,-0.169373,0.022222,-0.110564,0.033307,0.062984,-0.083057,0.106057,-0.077057,-0.064332,-0.147304,0.006592,-0.269531,0.041017,-0.030832,0.110316,0.079449,0.009235,0.152517,0.027099,0.213453,0.036843,-0.172268,0.286578,-0.057019,-0.064339,-0.004368,0.185449,0.046920,0.046528,-0.009353,0.329092,-0.054318,-0.006454,-0.321496,-0.072329,0.064409,0.123227,0.023069,-0.193213,-0.075443,-0.109499,-0.078400,0.114503,0.048280,-0.117233,0.132980,-0.074675,0.014947,-0.087517,-0.032241,-0.081825,-0.085557,0.107569,-0.135647,-0.029068,-0.119106,-0.079101,0.159832,#
1,-0.034526,1.000000,0.225308,0.285846,-0.048477,0.042348,0.179907,0.017726,-0.082075,-0.000724,-0.018173,-0.213027,-0.016180,0.069691,-0.259734,-0.065319,0.249196,0.082127,0.219117,-0.107885,0.382485,0.125099,-0.022964,0.251461,0.140695,-0.079862,-0.038290,0.017294,-0.037154,0.077664,-0.079516,0.304775,0.165076,-0.144249,0.012868,0.163653,-0.039128,0.126511,-0.017712,0.027413,0.299617,-0.094646,-0.005569,0.038671,0.164339,0.315614,0.062822,0.000135,-0.241966,0.134525,0.140271,0.145287,0.154225,0.168565,0.105526,0.184755,-0.273492,-0.024474,0.152273,-0.063076,0.181380,-0.004268,0.028243,0.109219,-0.134644,0.115336,0.157208,-0.009720,0.244347,0.135038,0.155092,0.172051,0.180505,0.172487,-0.087935,-0.226972,0.222875,0.171115,0.150004,0.000560,0.062178,0.229347,0.000247,-0.003045,0.115781,0.112253,0.097296,-0.090441,0.055540,0.182133,0.160625,0.128569,0.106064,-0.134888,0.159633,0.078888,-0.076858,-0.144048,0.099339,0.130299,0.033165,0.089149,0.205035,0.108392,0.184949,0.074567,-0.188769,0.136980,0.126546,0.083955,0.071070,0.098331,-0.017643,-0.061230,-0.057686,-0.025513,0.266036,0.310292,0.118343,-0.061374,0.111009,0.065471,-0.147358,0.242793,0.044088,0.053740,0.267847,0.094693,0.109696,-0.090198,0.029017,0.065611,-0.006653,0.292744,-0.066376,0.019449,-0.018363,-0.069795,0.064111,0.070558,-0.050307,0.092156,-0.332437,-0.060525,-0.030570,-0.134517,0.160892,-0.117726,-0.233547,-0.005698,-0.039369,-0.118742,-0.186827,0.122746,0.070643,0.011900,-0.011300,-0.158955,-0.074018,0.124109,-0.039173,0.059949,0.265271,0.139698,-0.206884,-0.079486,0.130993,0.128843,-0.162679,-0.030253,0.355013,-0.154489,0.065824,-0.085678,0.126933,0.017607,0.049455,0.242009,0.075386,-0.108985,0.031916,-0.159622,-0.073800,0.029871,-0.129932,0.166080,-0.005937,-0.118497,0.161829,0.073251,-0.183052,0.300464,0.060228,0.275300,0.150742,0.264603,0.308980,-0.102137,0.043726,0.084855,#
2,-0.158276,0.225308,1.000000,0.066519,-0.075354,0.055787,0.142271,0.155890,-0.165883,0.023468,-0.035910,-0.138866,0.030508,-0.148901,-0.063223,0.074546,0.035920,0.186401,0.182037,0.140197,0.104398,0.175546,-0.217330,-0.046742,-0.005531,-0.113099,-0.036102,-0.090037,-0.117355,0.113546,0.010390,0.152608,0.398325,0.237747,0.234522,0.033337,0.126362,-0.009746,0.130562,0.277938,0.393667,0.107905,-0.294073,0.048428,0.034213,0.303326,0.072439,0.084685,0.141738,0.296842,-0.136744,0.002737,-0.021692,0.190012,0.197273,0.129790,0.148913,-0.122287,0.082002,-0.005550,-0.076045,-0.026101,-0.103069,0.258249,-0.071256,-0.213166,0.331192,-0.221894,0.326953,0.126213,0.161337,0.097161,-0.121390,0.302761,-0.175425,-0.095330,0.102931,0.237127,0.200344,0.284603,-0.023846,0.183010,0.066896,0.170305,0.087979,0.224671,0.038805,0.178069,0.069509,0.047718,0.316828,-0.276433,0.131938,0.043868,0.158913,-0.015114,-0.108212,0.128647,-0.094174,-0.035633,0.000200,-0.235107,-0.197980,0.132462,0.159259,0.164809,0.036712,0.002831,0.112823,0.003593,0.109687,0.146279,-0.006650,-0.214537,0.043235,-0.151597,-0.118698,0.025213,-0.034194,0.086820,0.203587,0.231258,-0.054842,0.023599,0.011689,0.230998,0.164053,0.075670,-0.128525,0.188036,-0.153421,0.287776,0.119589,0.119565,-0.133683,-0.118064,-0.196893,-0.099593,0.000255,0.215698,0.016829,0.083948,0.060864,-0.085971,0.077619,0.003724,0.136071,0.047590,0.174446,-0.168131,0.200976,0.086010,-0.125116,0.186459,-0.062839,0.119687,0.035210,0.005315,-0.095422,-0.106998,-0.087643,-0.235146,0.008949,0.062746,-0.052490,0.060920,-0.028425,-0.023827,-0.079241,0.132951,0.266465,-0.221025,0.089469,-0.002456,0.054922,0.277055,0.228716,0.154997,0.019973,0.019084,0.035052,0.194712,0.227117,0.251966,0.000295,0.257783,-0.013049,0.198972,-0.011204,-0.052584,-0.141581,0.124048,-0.026585,0.270689,0.144744,0.202144,0.231938,-0.104175,0.117887,-0.108143,#
3,-0.044798,0.285846,0.066519,1.000000,0.137779,0.153232,-0.266287,0.051479,0.029296,0.162430,-0.212422,-0.039476,0.089315,0.202815,-0.195323,-0.253799,0.124348,0.010776,-0.133533,0.051619,0.345721,0.021337,0.062579,-0.162864,0.159296,0.233441,0.153144,0.174715,0.031191,0.142632,-0.097248,0.107834,0.167986,-0.026514,-0.159357,0.068519,-0.196675,-0.101940,-0.084031,0.299173,0.070644,0.099590,-0.008271,0.035056,0.228415,0.036040,-0.093998,0.209093,-0.006758,0.129918,0.084012,0.125339,0.038476,0.165227,0.319276,0.044451,-0.121816,0.071630,0.172901,-0.001645,0.102976,-0.082696,0.052975,0.084148,-0.034856,0.279088,-0.050539,0.122548,0.157492,0.075147,-0.148619,-0.107879,0.226032,0.115223,-0.019835,0.080832,-0.070351,0.108751,0.176000,0.086952,0.228526,0.237515,-0.050370,-0.191643,-0.003620,-0.005462,-0.023469,0.145214,0.091736,0.076201,0.007287,0.074690,0.002928,-0.107470,0.122708,0.183513,0.051626,0.014181,-0.187321,0.216794,0.233086,-0.027744,0.084045,0.001514,0.000789,-0.151889,0.072706,0.268461,-0.013091,-0.133682,-0.012467,0.270571,0.077918,0.095197,0.053935,0.216195,0.225849,0.284203,0.000685,0.126826,-0.071423,0.100285,0.017471,0.242422,-0.023491,0.241230,0.262666,0.120036,0.036203,0.122803,0.155333,0.099246,0.221529,0.163800,-0.017813,-0.093033,-0.097745,0.074034,0.318514,0.186992,-0.081194,0.080360,-0.282258,-0.069278,-0.148433,0.087663,0.191405,0.070310,0.083659,-0.275415,-0.105167,-0.139897,-0.102571,0.149861,0.071191,-0.014058,0.179755,0.132296,0.070037,0.242484,0.228291,0.360886,0.189448,0.377136,0.074548,-0.058595,0.142960,0.068732,-0.024956,0.096371,0.141728,-0.171630,-0.002928,0.013265,0.116241,0.169196,0.172479,-0.056704,-0.017304,0.175723,0.101825,0.185104,0.108870,0.304512,0.187778,0.186286,-0.050654,-0.173136,0.034299,0.048612,0.136023,0.155558,0.295323,0.096686,0.300436,0.304569,-0.011921,0.087875,0.073189,0.154389,#
4,0.093222,-0.048477,-0.075354,0.137779,1.000000,0.337669,0.028349,-0.033261,0.036252,0.240973,0.038515,-0.121204,-0.050377,-0.103040,0.107422,-0.147194,-0.101265,0.000661,-0.219530,-0.003085,0.138769,0.140721,0.258620,0.025289,0.178765,-0.028007,-0.065239,0.109867,0.208931,0.290382,-0.063674,0.102056,-0.056348,0.012694,0.058190,0.206443,-0.103707,-0.202035,0.012546,0.193248,-0.129493,-0.115735,0.110090,0.072489,0.308744,-0.161260,0.229812,0.153245,-0.222557,0.000485,0.307857,0.070545,-0.021361,-0.239429,0.167038,0.146763,-0.085327,0.307880,0.136013,-0.218934,-0.035244,-0.058299,0.287903,0.092263,0.179283,0.410621,0.000432,-0.205935,0.146582,0.051084,0.117465,-0.105993,-0.119589,-0.043836,0.146046,-0.030082,-0.022751,0.069699,0.029699,0.069817,-0.058850,0.235590,-0.026661,-0.160190,0.010933,-0.124667,-0.049317,0.178102,0.147772,0.129542,0.045259,-0.297947,0.122665,-0.092780,0.083059,0.178260,0.211376,-0.027856,-0.031916,-0.114372,-0.211783,0.237237,0.042544,0.133247,-0.146983,-0.304319,0.092433,0.060996,0.077587,0.334857,-0.200034,0.118746,0.108642,0.179227,-0.104194,0.038301,-0.224866,0.316014,0.001617,0.116554,-0.093195,0.033263,-0.007383,0.003725,0.088079,0.040361,0.241692,-0.118047,0.178347,-0.005574,0.127065,0.191285,0.069026,0.149317,0.131602,-0.163433,-0.169532,0.318546,0.072134,0.171369,-0.110290,0.174709,-0.048324,0.149364,-0.005716,0.113690,-0.053232,0.171509,0.049290,-0.010592,-0.067231,-0.004408,-0.002980,-0.202525,0.213227,-0.092414,0.089427,0.304058,0.095827,0.052126,-0.059675,0.195040,-0.072428,0.141354,0.106716,-0.135105,0.160310,-0.129949,-0.041286,-0.129133,0.106320,-0.006395,0.073997,-0.096434,-0.217410,-0.022555,0.262742,0.117129,0.058999,0.365469,0.054308,-0.164215,-0.021536,0.080588,0.135051,0.305473,0.115176,0.168302,0.042179,0.298300,0.181785,0.020031,0.405824,0.032582,-0.056700,-0.047630,-0.194075,0.012827,0.027583,0.157422,#
5,0.131657,0.042348,0.055787,0.153232,0.337669,1.000000,0.151900,0.020302,0.102839,0.158007,-0.173599,-0.164831,0.037424,-0.244120,0.034036,0.050804,0.123860,0.060190,0.063935,0.153086,-0.000812,0.013986,0.092771,0.053818,0.248633,0.189925,0.090636,0.020735,0.156480,0.141324,-0.041741,0.006601,0.053919,0.150362,0.275160,0.035292,0.085464,0.031019,-0.035651,0.221253,-0.151169,0.111937,0.322704,0.052517,0.152145,0.213061,-0.131688,0.078824,-0.200884,0.096629,0.230463,0.117789,-0.168229,-0.069271,0.284277,0.178479,-0.059961,0.080435,0.104623,-0.042272,0.147553,-0.278873,0.103146,0.190424,0.139009,0.344253,-0.207702,-0.069534,0.055423,0.026990,0.241939,0.165056,-0.149409,0.242810,0.186712,0.037515,-0.085703,0.316175,0.134589,0.115397,-0.028005,0.114650,-0.071486,0.013402,0.059655,-0.130743,-0.035217,-0.067114,0.021090,-0.166007,0.266464,-0.135023,-0.067221,0.042977,0.241132,-0.107287,0.217540,0.204474,0.020600,-0.008854,0.029645,0.060323,0.151059,0.272180,0.036501,-0.129193,0.030099,0.021910,-0.085037,0.170731,-0.042079,0.043331,0.249771,0.074232,-0.044220,-0.097239,0.376445,0.253210,0.141866,0.342173,-0.042625,0.001927,-0.300771,0.072170,0.041323,0.154147,0.266098,-0.020774,-0.005451,-0.153369,0.055321,0.020336,0.027332,0.077121,0.118809,-0.058639,-0.147125,-0.028040,-0.039407,0.161308,-0.136651,-0.082839,-0.056189,0.016190,0.116617,0.234428,0.045076,0.020180,0.159831,-0.199630,0.236702,0.082429,0.274869,-0.143916,0.221011,-0.045515,0.131104,0.058289,0.005691,0.048565,-0.002201,0.166901,0.020408,0.049510,0.008979,-0.214856,-0.172454,0.036633,0.142642,0.152600,0.108047,0.122890,-0.009392,0.024923,-0.086319,0.354989,0.347156,0.093464,0.202661,0.244526,0.244190,-0.138293,-0.088090,0.140703,0.170795,0.263300,0.232261,0.186829,0.150735,0.108434,-0.122198,0.061047,0.174400,0.061731,0.285957,0.131277,0.085454,0.174095,-0.029075,0.138545,#
6,-0.152894,0.179907,0.142271,-0.266287,0.028349,0.151900,1.000000,-0.065172,-0.069634,-0.024843,0.242268,-0.091136,-0.086117,-0.174293,-0.250762,0.395228,0.316075,0.229154,0.203826,-0.170311,-0.116422,-0.205354,0.016301,-0.062884,0.077305,0.051287,-0.011976,-0.018511,0.007439,-0.010771,-0.003772,0.211706,-0.091098,0.088694,0.106887,-0.099582,-0.056996,0.089032,-0.111426,-0.046875,-0.012787,0.005821,0.224678,0.084720,-0.078645,0.076194,0.051859,0.025214,-0.314208,-0.042006,-0.140805,-0.070085,-0.119480,-0.110715,0.058981,0.164427,-0.199722,0.009893,-0.185842,0.168263,0.047851,0.142717,-0.093146,0.051343,0.186563,-0.104333,0.034000,-0.116490,0.057771,-0.032218,0.285453,0.005017,-0.275744,0.012698,0.154811,-0.102730,0.264902,0.214885,0.170254,0.085168,-0.167763,0.217843,-0.035751,0.072081,0.040538,-0.085276,0.071288,-0.095326,-0.029585,-0.274195,-0.053048,-0.099719,0.161312,-0.178005,0.048977,-0.029518,0.271744,0.038251,-0.106031,-0.023876,-0.017992,-0.053266,-0.132094,0.062986,0.081959,0.057127,0.083694,0.086131,0.250811,0.128135,0.036998,0.001665,0.212790,0.216232,0.020586,0.184009,0.039573,0.010554,-0.008239,-0.086195,-0.037740,0.125543,-0.424390,-0.257742,0.157934,-0.088549,0.061378,-0.073618,0.010990,-0.018081,0.140546,0.140619,0.219531,0.002799,0.063094,-0.095287,0.148886,-0.125941,0.000069,0.068066,0.098861,-0.134068,0.089894,-0.140410,-0.103794,0.065605,-0.013843,0.261795,0.014859,0.069930,0.191952,0.002198,-0.024193,0.112149,0.078763,0.127831,-0.250481,-0.202310,-0.291692,-0.076634,-0.101534,-0.108501,0.040066,-0.061530,-0.297573,-0.147970,-0.060381,0.131787,-0.091366,0.024766,-0.119679,0.281024,-0.341108,-0.050624,-0.027561,0.094623,0.203242,0.070151,0.092808,-0.153485,0.095078,-0.196088,-0.016957,-0.024057,-0.046032,-0.048578,0.164056,-0.167818,0.100991,0.011855,0.052657,0.060085,-0.140293,0.165467,-0.013728,0.033826,0.010494,-0.172243,0.127910,-0.060058,#
7,0.043526,0.017726,0.155890,0.051479,-0.033261,0.020302,-0.065172,1.000000,0.100924,0.111170,-0.346808,-0.129992,0.262388,-0.072872,0.044657,0.007982,-0.066588,0.219914,0.104901,0.084847,0.103691,0.098921,0.031822,0.000078,-0.050241,0.040046,0.019889,-0.214495,0.106671,0.003283,0.022209,0.079262,0.186424,0.065457,-0.008528,0.070667,-0.244975,0.083451,0.395016,0.151705,0.116950,0.178752,-0.094898,-0.066134,-0.069948,0.234390,0.226155,0.189801,0.239629,0.262719,-0.039462,0.201566,-0.058186,-0.133922,0.093716,-0.144211,0.024950,-0.258097,0.250574,0.237778,0.123938,0.187030,-0.025758,-0.138915,0.132546,0.039295,-0.007297,-0.080653,-0.360380,-0.077842,0.142851,-0.081035,-0.007684,0.008105,-0.151592,-0.214970,-0.139313,0.099214,0.075936,0.126782,0.123827,0.054713,0.001173,0.084152,0.143456,0.180757,-0.159082,0.206981,-0.215994,0.079022,0.250708,-0.244715,0.124723,0.029383,0.303615,0.180632,0.044515,0.064184,0.186909,0.014119,0.043344,-0.006798,-0.354280,-0.220065,0.183682,0.076880,-0.217685,0.129359,0.151942,-0.396573,-0.007874,0.021803,0.234616,0.011705,0.350033,0.137646,-0.076947,-0.078933,0.108923,0.270607,-0.042703,0.126926,0.195795,0.063238,-0.034777,0.131183,-0.022940,0.178562,0.061969,0.202302,-0.144194,0.166596,0.048061,-0.286158,-0.088478,-0.214035,-0.218887,0.175968,0.109973,0.057597,-0.087484,0.052722,-0.081678,-0.078584,0.136470,0.194459,-0.003306,0.061840,-0.116600,0.075002,-0.190917,0.066918,-0.058298,-0.006926,0.200582,0.375047,0.098154,0.168554,-0.127496,-0.147560,0.042341,-0.071792,0.045156,0.016267,-0.097720,-0.058280,-0.092842,-0.154011,-0.149801,-0.137261,0.170192,-0.077649,0.175118,0.050632,0.204132,-0.141203,-0.011366,0.052609,-0.116548,0.018678,0.124547,0.087078,-0.156316,0.112132,0.312045,0.240780,0.079386,0.122986,0.087469,0.155884,0.133427,0.020581,0.027556,-0.096471,0.022301,0.000317,0.010005,0.045626,-0.076291,-0.092379,#
8,0.038570,-0.082075,-0.165883,0.029296,0.036252,0.102839,-0.069634,0.100924,1.000000,-0.043404,0.041491,0.290244,0.185326,0.124599,0.049122,0.082028,-0.040779,-0.201963,-0.149485,-0.104061,0.176769,-0.110773,0.048939,-0.000343,0.043431,0.072567,0.018179,-0.154823,-0.012407,-0.002644,0.135574,-0.063817,0.091254,0.058727,-0.051015,0.383666,-0.001468,-0.056732,-0.109120,-0.077549,0.072617,-0.031700,0.169625,0.230924,0.025030,-0.077935,0.012813,-0.208868,-0.059915,0.165732,-0.099434,-0.030443,0.331279,-0.112633,-0.080974,0.063124,-0.092878,0.072783,-0.018165,-0.078261,0.154321,0.139972,0.017397,0.241311,-0.047915,0.117941,0.067469,0.173815,-0.054012,-0.039111,0.132175,0.319843,0.162171,-0.075854,-0.034793,-0.189908,-0.049771,0.005346,0.238499,0.276166,-0.073433,0.054867,0.006862,0.009269,-0.076237,-0.066413,0.145103,-0.009532,-0.171228,-0.144973,0.080671,-0.105380,-0.078517,-0.032197,-0.199719,-0.036109,0.340573,0.166325,0.187984,0.000825,-0.129755,-0.237104,0.161375,0.187161,-0.211150,0.051302,0.125846,0.086481,-0.050156,0.328973,-0.035714,-0.150927,-0.015396,0.047155,-0.026670,0.101676,0.210776,-0.047864,-0.262071,0.088915,0.136490,0.053548,0.210652,0.241363,-0.097456,0.092295,-0.122571,-0.011986,0.285949,0.211839,-0.108777,0.207682,0.111867,-0.197002,-0.059086,0.237054,-0.040725,0.023273,0.037066,-0.117139,-0.179115,-0.159477,-0.059389,-0.275222,0.122265,0.182543,0.126459,0.120858,-0.166715,0.073036,-0.073084,0.159452,0.002669,0.142293,0.233402,0.017976,0.104820,0.134676,0.300846,-0.215510,0.160688,0.025364,-0.103068,-0.254198,-0.101575,-0.102747,0.071101,0.163310,0.100306,-0.087949,-0.113600,0.202136,-0.220691,0.088681,0.136093,-0.024129,0.034165,0.034546,0.074872,0.183129,0.298465,0.000147,0.102725,-0.029693,-0.112539,-0.047370,0.062955,0.054841,-0.134985,0.099529,0.157731,0.033343,-0.105441,0.115102,0.068244,-0.041839,-0.339637,0.099828,-0.140089,0.216031,#
9,0.034391,-0.000724,0.023468,0.162430,0.240973,0.158007,-0.024843,0.111170,-0.043404,1.000000,-0.014767,-0.141740,-0.006861,-0.095658,0.073748,-0.070317,-0.098370,0.260904,-0.285324,-0.017615,0.044698,0.056137,0.060018,-0.098885,0.183974,0.170610,0.258796,0.027456,-0.042310,-0.051755,-0.122603,-0.056577,-0.030850,-0.043305,0.068175,0.122756,0.006539,-0.040068,0.066858,0.143763,-0.176491,0.068190,-0.087919,0.073388,0.027193,-0.042877,-0.074492,0.151494,0.199251,0.222738,0.024733,0.082342,-0.007332,-0.138752,-0.088631,0.077201,0.063961,-0.003628,-0.201911,0.155079,0.045212,0.030039,0.059763,-0.006475,-0.060563,0.145920,-0.105076,-0.135228,-0.034408,0.100059,0.136651,0.042801,0.053084,0.092440,-0.001881,0.009885,0.058027,0.067176,0.010044,0.134069,0.048017,0.082381,-0.065897,-0.052776,0.046918,0.049988,0.171559,-0.096816,0.078438,0.231575,0.254462,-0.180415,0.251985,-0.069771,0.218057,0.105930,-0.089990,0.111765,0.126410,0.268592,-0.047664,0.071399,-0.203074,-0.127979,-0.031690,-0.066649,-0.130333,0.333190,-0.106524,-0.113974,0.003793,0.283602,0.175485,-0.071496,0.094353,0.220165,0.019320,0.218673,0.237448,0.185703,-0.065519,0.117652,-0.041917,-0.062907,0.091051,0.087162,0.076989,0.123189,-0.116049,-0.107381,-0.180149,-0.058519,0.049122,0.010823,0.016599,-0.185142,-0.044705,0.107309,0.000293,0.184675,0.076932,0.184955,0.214473,0.163000,0.169750,0.217842,-0.129402,0.213255,-0.050011,-0.128164,0.009673,0.254499,0.018059,-0.094949,-0.124180,-0.106052,0.091233,0.170649,0.352362,0.055520,-0.208031,0.100390,0.281281,0.235147,-0.120430,-0.147758,-0.203166,0.271350,-0.008545,0.162768,0.024738,-0.065606,0.086483,-0.103087,-0.088827,0.176775,0.297712,0.112012,0.160338,0.174701,-0.017994,0.183951,0.073933,0.066845,0.123487,0.138947,0.110580,0.188185,0.063808,0.206300,-0.195004,-0.141479,-0.013944,0.002149,-0.130487,0.022620,-0.114398,0.031251,-0.080576,-0.081700,#
10,-0.192249,-0.018173,-0.035910,-0.212422,0.038515,-0.173599,0.242268,-0.346808,0.041491,-0.014767,1.000000,0.001373,-0.097113,-0.028864,-0.262768,0.222661,0.023290,0.065773,0.135251,-0.309741,-0.029039,0.184473,-0.255534,0.062859,0.024508,0.064009,-0.176460,-0.029917,0.168473,0.064690,-0.171056,0.014745,-0.088446,-0.102201,-0.135477,-0.139251,0.117684,-0.064294,-0.325645,-0.209088,-0.012893,-0.301963,-0.009246,0.092395,-0.053126,-0.086837,0.117312,0.056301,-0.242795,-0.126306,-0.185326,0.020904,0.200161,-0.091563,-0.121640,0.146518,0.018415,0.076634,-0.173176,0.051377,0.026648,0.035812,0.058764,0.177687,-0.057338,-0.035401,0.114152,-0.268046,0.023648,-0.256241,0.018961,0.067490,-0.262344,0.096994,-0.048538,0.088223,-0.104330,-0.101816,0.305401,-0.271773,-0.098175,-0.142908,0.178383,-0.072138,-0.062540,0.133731,0.163159,-0.003690,-0.118194,0.048966,0.016247,0.047124,0.040756,-0.196989,-0.042816,-0.057480,0.282596,0.053443,0.058803,-0.032623,0.088898,-0.033875,0.009603,-0.020399,-0.422724,0.164220,0.213381,-0.153642,-0.006741,0.298531,0.242699,0.003721,-0.043911,0.123485,-0.051647,0.051184,-0.100379,-0.063932,-0.039041,-0.151789,0.066370,0.174881,-0.343128,-0.317435,0.005884,0.053578,0.213142,-0.067409,-0.174032,-0.040133,0.103174,0.118980,0.073781,-0.050514,0.078163,-0.074562,-0.118008,0.009464,-0.022364,0.037538,-0.002194,0.025164,0.379514,0.118497,0.115302,0.095097,-0.232895,0.090698,-0.070578,0.234799,0.148916,-0.034549,-0.044565,0.182419,-0.014598,0.001861,-0.081852,-0.146305,0.041928,-0.139295,-0.139640,0.049735,-0.078479,0.023521,-0.353871,-0.002949,0.087989,0.069928,0.066208,-0.068745,-0.331217,0.122067,-0.137708,-0.018283,0.013138,0.141487,0.042319,0.007889,0.002005,0.085225,-0.142512,-0.206338,0.074197,0.049789,-0.092839,-0.033640,0.134724,0.041714,0.011960,0.088741,-0.125158,0.128860,-0.068118,0.208002,-0.114754,-0.145813,-0.184457,-0.144409,-0.038443,0.109047,#
11,-0.089960,-0.213027,-0.138866,-0.039476,-0.121204,-0.164831,-0.091136,-0.129992,0.290244,-0.141740,0.001373,1.000000,-0.052539,0.120915,0.054997,-0.083266,-0.312782,-0.074650,-0.059932,-0.094693,-0.056051,0.064225,-0.045709,0.000375,-0.022403,-0.040021,-0.155519,-0.044073,-0.092570,-0.000059,0.223810,0.119387,0.061192,-0.035186,-0.147899,-0.003676,-0.081083,0.049119,-0.086757,-0.153775,0.005417,-0.073798,0.070099,0.001254,-0.031147,-0.348407,-0.065381,-0.082821,0.003785,-0.154227,-0.309490,-0.227178,0.057828,0.056956,-0.025602,-0.105927,-0.145586,0.255666,0.001688,0.268263,0.048642,0.098368,-0.016699,0.019808,0.007463,-0.199657,0.198130,0.216588,-0.177086,0.094317,-0.386955,-0.006251,0.153287,-0.204379,0.274160,0.183969,0.030841,0.093294,0.129455,0.011979,-0.085997,-0.106560,0.018356,0.011927,-0.198292,-0.229357,0.143125,0.016005,0.059849,-0.040799,-0.209775,-0.045349,-0.024693,0.093067,-0.346878,-0.018305,0.100141,0.143274,0.115640,0.073771,-0.014438,-0.023371,-0.146782,0.032983,-0.090641,0.167520,0.059032,0.056138,-0.206266,0.131625,0.089324,-0.004905,-0.177615,0.189238,0.136549,-0.120967,-0.134324,0.189097,-0.133501,0.200482,0.138232,-0.130127,0.023640,0.331312,-0.008209,-0.199549,-0.217975,0.089253,0.385666,0.108691,0.148264,0.043038,0.141977,0.005406,0.160910,0.343928,0.034376,0.190771,-0.076126,0.032477,-0.069596,-0.363581,0.117464,0.138172,-0.059447,-0.085114,-0.058697,-0.023623,-0.252344,-0.310154,-0.034047,-0.032669,0.014150,0.208993,-0.137086,0.008935,-0.087183,-0.096638,0.092208,-0.006887,-0.152438,0.080321,-0.332087,0.105695,0.071240,0.078957,0.076519,-0.030163,0.047953,-0.139335,0.058901,0.017560,-0.102604,-0.147321,-0.038185,0.087608,-0.092359,-0.082759,0.084557,0.032587,-0.140991,0.022844,-0.019314,0.016455,-0.025969,-0.182481,0.014224,-0.120139,-0.203605,-0.192659,0.115422,0.192652,0.144103,0.027839,0.038470,-0.021239,-0.298107,0.063720,0.021883,0.114954,#
12,0.156172,-0.016180,0.030508,0.089315,-0.050377,0.037424,-0.086117,0.262388,0.185326,-0.006861,-0.097113,-0.052539,1.000000,-0.149233,0.060844,-0.214248,-0.053721,-0.051672,0.063107,-0.134732,0.115493,0.184980,-0.080393,-0.230393,0.298892,-0.021469,0.013660,-0.225857,0.093572,-0.013780,0.081683,-0.251500,0.153252,-0.006647,0.250539,0.121332,-0.041835,-0.053379,-0.117410,-0.066936,0.230646,-0.298320,-0.057294,0.210018,-0.010734,-0.009073,0.329224,0.144613,0.090603,0.295661,-0.119192,0.074065,-0.005860,0.003262,0.188096,-0.050460,-0.179109,-0.254967,0.140376,0.084251,-0.062685,0.218436,0.059509,0.089360,-0.169785,0.050274,-0.163028,-0.007493,0.036618,-0.015468,0.076181,0.038920,0.160413,0.026652,-0.018248,0.169960,-0.115279,0.279876,0.035873,0.289234,0.228626,0.254166,0.071231,-0.216271,0.200677,0.028860,0.010326,0.182853,-0.103803,0.204946,0.297668,-0.065977,0.092998,0.333856,-0.039611,0.131846,0.062419,0.030694,0.055621,-0.127600,0.258567,-0.141061,-0.047115,-0.191808,0.052861,0.260641,0.011473,0.187411,-0.043167,-0.181527,0.214957,0.061462,0.087676,-0.063287,-0.085968,-0.148263,-0.086065,-0.035831,0.142048,0.075694,0.195630,-0.048325,0.099302,0.247475,0.067707,0.340952,-0.129146,0.093302,-0.065536,0.064883,-0.285348,0.085897,0.253935,-0.250517,-0.114245,-0.110883,-0.119261,-0.152665,0.154283,-0.107438,-0.068853,-0.115004,-0.233426,0.068044,-0.165567,0.009325,0.141094,0.228097,-0.097356,0.283540,0.153253,-0.088004,0.030064,-0.038762,0.078405,-0.004118,0.165972,0.248364,0.079062,-0.200366,0.094883,0.154067,0.017464,-0.170734,-0.016867,-0.009400,-0.027332,0.047877,0.154055,-0.004227,0.120981,-0.184219,0.127190,-0.184890,0.096481,0.029326,0.076137,0.118108,-0.404630,-0.030286,-0.064445,0.078094,-0.097951,0.173378,0.014759,0.056459,0.132678,-0.008036,-0.070090,-0.295207,-0.080373,-0.161966,-0.058656,-0.105889,0.030072,-0.057875,-0.057433,-0.050117,-0.253421,0.058782,#
13,-0.324841,0.069691,-0.148901,0.202815,-0.103040,-0.244120,-0.174293,-0.072872,0.124599,-0.095658,-0.028864,0.120915,-0.149233,1.000000,0.056421,-0.076828,-0.066746,-0.156238,-0.009260,-0.303727,0.140267,0.091009,0.187466,0.226460,-0.208796,0.246030,-0.055904,0.107274,-0.045005,-0.033205,0.023619,0.024047,-0.061540,-0.009238,-0.202170,0.008798,-0.027608,0.071360,-0.186273,-0.109372,0.184902,0.016991,0.171506,-0.228576,0.202858,0.078934,-0.233514,-0.025499,0.124252,-0.168220,-0.257663,0.079535,0.011647,-0.066639,0.022180,-0.148770,0.027484,0.112416,0.142880,-0.032387,-0.062847,0.308006,-0.157171,-0.083115,-0.010619,0.026387,0.261103,0.128574,-0.120493,0.114386,-0.222455,-0.098814,0.244583,0.002665,-0.112852,0.218978,0.099611,-0.170492,0.029309,0.015140,-0.245581,0.034118,0.009563,0.096659,-0.281815,0.037266,-0.055767,0.215715,0.183953,-0.050319,0.112660,0.280597,0.277538,-0.006439,-0.073830,0.001342,-0.018825,-0.041886,-0.049607,0.099611,-0.018492,-0.046428,0.028216,-0.055921,-0.204831,-0.038856,-0.084347,0.010001,-0.203798,-0.051989,-0.248813,-0.025945,-0.078067,-0.045189,0.265171,0.016301,0.086944,0.032418,-0.222289,-0.120723,0.047560,-0.082304,0.227907,0.200348,-0.020611,-0.208556,-0.052851,-0.061849,0.053466,0.234278,-0.118447,-0.134988,-0.157370,0.156448,-0.027212,0.155557,0.060250,-0.090190,0.162547,0.128664,-0.022669,-0.144932,-0.183173,0.052411,-0.079630,0.081309,-0.010927,0.091650,0.032007,-0.044594,-0.111435,-0.246323,0.013464,0.254787,-0.112634,-0.145197,-0.141338,-0.286917,-0.074792,0.074827,0.032736,-0.094588,0.104823,-0.138064,-0.125305,0.041133,0.096197,0.311985,-0.193304,0.046190,-0.088739,-0.002777,-0.341405,0.238805,0.099163,0.077300,0.048414,-0.141288,-0.067999,-0.090730,0.228297,-0.110800,-0.034138,0.047288,-0.301203,0.068433,-0.064523,-0.311761,-0.100766,0.111305,0.145840,0.036498,0.132168,0.008479,-0.009307,0.052591,-0.211825,0.424093,-0.010742,0.151357,#
14,0.214547,-0.259734,-0.063223,-0.195323,0.107422,0.034036,-0.250762,0.044657,0.049122,0.073748,-0.262768,0.054997,0.060844,0.056421,1.000000,-0.127114,-0.148034,0.149056,-0.237075,0.098914,-0.188766,0.037629,0.061684,0.211816,-0.108128,-0.103912,0.018715,0.218335,-0.026789,0.053384,0.389599,0.020851,0.049222,0.059561,0.020710,0.015857,0.207596,-0.055967,0.192978,-0.082213,-0.048817,0.109483,-0.127257,0.009774,-0.027854,0.122086,0.099042,-0.113987,0.056142,-0.015501,0.015065,0.065090,0.126272,-0.176413,0.011734,0.094240,0.297339,0.018577,0.229524,-0.209502,0.055911,-0.113748,0.110373,-0.005288,-0.006144,0.015810,-0.018019,-0.085342,-0.061516,-0.011867,0.185150,0.037743,0.227717,0.068606,0.141017,0.253024,-0.066800,-0.121513,-0.223085,-0.023435,-0.015357,0.081468,0.210935,0.175649,-0.068271,-0.066986,0.034239,0.140929,0.018401,0.350641,0.261384,-0.080835,0.086587,0.257235,-0.045390,-0.105316,-0.129158,-0.049098,-0.129759,-0.053674,-0.277336,-0.003795,0.067298,0.043918,-0.016947,-0.028136,0.022294,-0.186714,0.121792,0.022955,-0.174754,0.106663,0.218241,0.005079,0.037713,-0.198461,-0.058366,-0.068442,0.008903,0.155715,0.081552,-0.092944,0.311395,0.254375,0.020345,-0.205079,-0.230359,0.028035,0.024739,0.048491,-0.030346,-0.104310,-0.139820,0.116816,0.006097,-0.278960,0.109985,0.116868,-0.084160,0.042641,0.061469,0.136630,0.086991,0.312559,0.153703,0.076010,0.063699,-0.064876,0.075110,-0.103781,0.318103,-0.168665,0.242827,-0.185891,-0.038008,-0.125669,0.226078,0.010825,0.083592,0.172326,-0.079500,-0.044542,-0.013705,-0.158464,0.316796,0.090491,-0.008866,0.150949,0.035283,-0.043815,0.117883,-0.277557,-0.091515,-0.021329,-0.232109,-0.005052,-0.174228,0.135312,0.087388,0.071068,0.109014,0.060058,-0.061307,-0.080778,-0.057749,0.172034,-0.054151,-0.006491,-0.093124,0.142577,0.099586,0.127007,0.042139,-0.103475,-0.156578,-0.044695,-0.167966,0.087457,-0.246641,-0.183473,#
15,-0.098961,-0.065319,0.074546,-0.253799,-0.147194,0.050804,0.395228,0.007982,0.082028,-0.070317,0.222661,-0.083266,-0.214248,-0.076828,-0.127114,1.000000,0.253295,0.049914,0.276607,-0.021900,-0.096857,-0.216849,-0.311204,0.266637,0.080282,0.193008,-0.154027,0.103130,-0.121505,-0.229535,-0.069033,0.243756,0.057242,0.236578,0.139812,-0.129881,0.106294,0.043418,-0.178265,-0.036582,0.084220,-0.134542,0.062920,-0.033242,-0.236211,0.118202,0.218319,0.191901,-0.108955,0.058282,-0.099031,0.041775,0.071953,-0.034015,0.033475,0.178386,0.120922,0.014871,-0.276143,0.350199,0.223318,0.098407,0.076767,0.138501,0.130415,-0.229902,0.073158,0.029573,-0.067703,-0.012521,0.167120,-0.068620,-0.187145,0.246952,-0.051595,-0.252922,-0.141057,0.120320,0.180602,-0.050873,-0.144943,0.219988,-0.016562,0.206556,0.126581,0.222514,-0.044269,-0.014400,-0.115039,-0.286457,-0.030513,0.033259,0.001941,-0.062107,-0.164491,-0.117293,0.125481,0.282693,0.090274,-0.056391,-0.027293,0.113698,-0.164379,0.230420,0.089278,-0.015806,0.126041,-0.061747,0.009009,0.162902,-0.114466,-0.017572,0.176628,-0.122911,0.249274,0.188387,-0.029995,-0.222578,0.013877,-0.009430,-0.180210,0.215027,-0.014175,-0.106345,-0.093563,-0.034131,0.052441,0.185687,-0.049302,0.096847,0.152183,0.196853,-0.038005,-0.151140,0.125152,0.022080,0.106148,-0.032843,-0.000093,0.219027,0.151533,-0.092208,0.177350,-0.028290,0.048685,0.037967,0.151484,-0.045850,0.061454,-0.036742,0.127921,0.343405,0.218616,0.028189,0.111781,0.238294,-0.232763,-0.151365,0.110575,-0.059128,0.067057,-0.052940,-0.020247,0.190814,-0.069874,-0.021472,0.019897,0.007338,0.112984,0.174236,-0.134637,0.268706,-0.075575,0.251434,0.067371,0.005905,0.069871,0.035483,0.244865,0.023766,0.004133,-0.165608,0.037661,0.006316,0.200602,-0.002975,-0.050245,-0.090863,0.235567,0.115047,-0.064122,0.079649,-0.122505,0.390529,0.016977,0.183337,-0.125638,0.024905,0.214546,-0.127348,#
16,0.090992,0.249196,0.035920,0.124348,-0.101265,0.123860,0.316075,-0.066588,-0.040779,-0.098370,0.023290,-0.312782,-0.053721,-0.066746,-0.148034,0.253295,1.000000,0.115338,0.330886,0.123129,0.105385,-0.518665,0.185217,-0.109993,-0.141918,0.144727,-0.096547,0.189028,-0.121086,0.016420,0.224456,0.242776,-0.046249,-0.163569,0.163068,-0.018714,-0.007149,0.181558,0.086799,0.214097,-0.013856,-0.135909,0.115211,-0.090701,-0.009165,0.043968,0.049061,0.006957,-0.151505,0.186939,0.159443,-0.022843,-0.071513,0.106514,0.028949,0.238825,0.045651,0.072243,0.032026,0.062088,0.020845,-0.038616,0.135594,0.133253,0.152682,0.116501,-0.128225,0.414603,0.246527,-0.000301,0.159025,0.114237,-0.105620,0.262710,0.026246,-0.095819,0.005626,0.072507,0.121640,0.144317,0.211764,-0.078350,0.097606,-0.059933,0.120372,0.080941,-0.042101,-0.023729,-0.054928,-0.062714,-0.240477,0.113540,0.129288,-0.180418,0.061879,0.098674,-0.126577,-0.071802,-0.134702,0.121933,-0.027849,0.118166,0.168900,0.095311,0.191378,-0.178606,-0.127519,0.033195,0.392197,0.025497,-0.025515,-0.031266,0.178465,0.178286,0.086234,-0.016371,0.222052,-0.195541,-0.019080,0.047515,-0.299201,0.077177,-0.071994,-0.231164,0.168864,0.028348,0.106035,0.105449,-0.111204,-0.151847,0.038037,0.018134,0.124983,0.227086,-0.071606,0.012427,0.167568,-0.067199,0.156738,-0.198197,-0.123361,0.061141,-0.038503,-0.106975,0.000070,-0.133997,0.199134,0.030707,-0.030663,-0.049834,0.110734,0.019480,-0.175194,0.009473,-0.009714,0.107660,-0.259762,-0.138878,-0.104603,0.129869,0.219878,-0.099206,0.199224,0.003956,0.139136,-0.013755,-0.140264,0.162042,0.105709,0.183335,-0.348401,0.268942,-0.125233,0.241508,0.044390,-0.154875,0.102366,0.099775,0.083164,0.128513,0.137769,0.041018,-0.106367,0.321858,-0.071702,-0.168201,0.109490,0.064765,0.178911,0.125402,0.109571,0.180859,-0.281413,0.122169,0.094303,0.342349,0.063887,-0.177642,0.099872,0.040991,#
17,-0.042398,0.082127,0.186401,0.010776,0.000661,0.060190,0.229154,0.219914,-0.201963,0.260904,0.065773,-0.074650,-0.051672,-0.156238,0.149056,0.049914,0.115338,1.000000,0.026992,0.116300,-0.100730,-0.002879,-0.048785,-0.064631,0.135289,-0.149391,-0.131635,0.122877,-0.123906,-0.067576,0.110799,0.214361,-0.211309,-0.150651,-0.048392,-0.400346,-0.058524,0.222734,0.336238,0.006119,0.213527,0.200170,-0.071170,0.040173,0.074591,0.362309,0.105096,0.070250,0.020229,0.125214,-0.113435,-0.085416,0.079313,-0.007828,0.125048,0.149371,0.150000,-0.101443,0.081679,0.041473,0.199577,-0.126903,0.213778,-0.076712,-0.115961,-0.001115,0.274739,-0.106068,0.062157,-0.170026,0.291273,-0.010129,-0.069959,0.373638,0.056660,-0.037278,-0.267558,0.111662,0.206203,0.038633,-0.037020,0.206988,-0.079275,0.307154,-0.067942,-0.123242,0.274623,-0.088778,-0.257674,0.132791,0.069505,0.020824,0.192484,0.052319,0.214844,0.046840,-0.119620,-0.123126,0.099238,0.309676,-0.115813,0.021333,-0.129319,-0.248855,-0.066713,0.163190,-0.065055,0.070922,0.093592,-0.047950,0.038375,-0.103296,0.245450,0.178171,0.329745,0.011900,-0.126293,0.099025,0.140160,0.130582,-0.094613,-0.009664,-0.197381,-0.055923,0.080024,0.113008,-0.018935,0.195536,0.134162,-0.003088,0.008107,0.274995,0.053300,-0.000970,-0.043252,-0.097939,0.179451,-0.008068,-0.185013,0.139458,0.051891,0.069639,0.194606,0.135406,0.096277,0.003089,-0.236537,-0.201353,-0.087064,-0.035397,0.139207,-0.044362,-0.033873,0.065629,-0.004864,0.127984,0.118560,-0.212434,0.076592,0.028439,-0.045023,-0.018209,0.200050,0.080607,-0.167281,-0.220490,-0.200611,0.041181,-0.017269,-0.072228,-0.015779,-0.003650,-0.110533,-0.185000,0.013143,0.057302,0.105468,0.094890,0.158633,0.126638,-0.111963,0.073458,-0.025311,0.075173,-0.063105,-0.100651,0.202393,0.041256,0.109983,-0.117417,-0.091480,0.013971,-0.177433,-0.125529,-0.215266,0.238025,0.011574,-0.112751,-0.074471,-0.178579,#
18,-0.109210,0.219117,0.182037,-0.133533,-0.219530,0.063935,0.203826,0.104901,-0.149485,-0.285324,0.135251,-0.059932,0.063107,-0.009260,-0.237075,0.276607,0.330886,0.026992,1.000000,0.012411,0.114482,0.224457,-0.097817,0.095616,-0.145082,0.015934,-0.175742,-0.102057,0.082832,-0.159185,-0.007016,0.115524,0.027244,0.155407,0.090043,0.080594,-0.194602,0.357525,0.033777,-0.067121,0.287550,-0.191065,0.284827,-0.202622,-0.039266,0.049884,0.262836,0.247552,0.053044,-0.073553,-0.122435,0.102087,0.036755,0.114067,0.143338,0.155163,-0.054669,0.045274,0.098918,0.068170,0.146904,-0.007348,-0.051755,-0.041995,0.084562,-0.010702,0.124519,-0.065120,0.037493,0.166107,0.013523,0.028172,-0.074613,0.104924,-0.105164,-0.179276,-0.271871,0.179571,0.072750,-0.091149,-0.060408,-0.160717,0.222793,-0.036116,0.115613,0.285188,-0.319382,0.056301,-0.051993,-0.042071,-0.121516,0.090518,0.017389,0.116797,0.173510,-0.004359,-0.000555,-0.008620,0.066348,0.064803,0.122418,0.079472,-0.045976,-0.017189,0.240834,0.226124,-0.129815,0.265579,0.109464,-0.011904,-0.004948,0.016333,-0.019912,-0.113322,0.036118,-0.050190,-0.123310,-0.212214,0.036462,0.190768,0.087244,-0.221739,-0.161009,-0.019860,0.126764,0.039731,0.107081,0.136604,0.036166,-0.032026,-0.027463,0.071391,-0.034694,-0.153779,-0.207171,0.112579,0.009233,-0.029811,0.195719,-0.061345,-0.185831,0.007452,-0.163416,-0.148811,0.039218,0.028988,0.099048,-0.024521,-0.022645,0.048360,0.043892,0.019842,0.062477,0.148684,-0.030345,0.268458,-0.105731,-0.296002,-0.193570,-0.160911,-0.001523,-0.126644,0.138275,-0.047153,0.071911,-0.055619,-0.071389,-0.109928,-0.083418,0.133583,0.122246,0.095939,-0.022808,0.123168,0.124350,-0.003206,-0.136582,0.033254,-0.025582,-0.020984,0.090876,-0.124439,-0.301773,0.087025,-0.000122,-0.307908,-0.019957,-0.000379,-0.237196,-0.042118,-0.060040,0.245993,-0.030300,0.029899,0.245955,0.207640,0.048324,0.062131,0.020538,0.233667,#
19,0.300818,-0.107885,0.140197,0.051619,-0.003085,0.153086,-0.170311,0.084847,-0.104061,-0.017615,-0.309741,-0.094693,-0.134732,-0.303727,0.098914,-0.021900,0.123129,0.116300,0.012411,1.000000,-0.116998,-0.150032,-0.116265,-0.160420,-0.076536,-0.108779,0.081126,0.314085,-0.222738,-0.095049,-0.001124,0.067518,0.081605,-0.003931,0.172436,-0.053398,0.181827,0.090293,0.195787,0.108541,-0.027074,0.191980,-0.110830,-0.079865,-0.161530,0.146832,0.014480,-0.147757,0.074888,0.296052,0.211594,-0.160899,0.009946,0.324055,-0.148407,0.105359,0.082412,-0.055032,0.072339,-0.008340,-0.040082,-0.197519,-0.121080,0.144291,0.161020,-0.151221,0.067149,0.062839,0.258274,0.032700,0.081867,-0.100746,-0.104004,0.109672,-0.198693,-0.129540,-0.079700,0.002926,-0.021621,0.041058,0.326653,-0.128574,-0.151414,0.112045,0.151222,-0.005764,-0.007582,-0.070607,-0.118100,0.016992,-0.131745,-0.076484,-0.053476,-0.105701,-0.005919,-0.126719,-0.157675,0.046006,0.000774,0.203484,-0.179864,-0.009295,0.129599,0.115741,0.028461,-0.114627,-0.141893,-0.027115,0.016608,-0.193718,-0.041430,0.000470,0.020947,-0.125598,-0.078142,-0.192780,-0.060869,-0.009215,0.202196,0.094571,-0.116865,-0.162648,0.009390,-0.093418,-0.090276,0.170625,-0.101615,0.191966,0.100148,-0.327043,0.213630,0.105159,0.003395,0.087282,-0.116473,0.120015,-0.101009,-0.030053,-0.045384,-0.198352,-0.189755,-0.072618,-0.320305,-0.090879,0.070696,-0.115960,0.032920,-0.246212,0.070370,-0.054090,-0.088295,0.012594,-0.101194,-0.210597,0.020645,0.079617,0.207868,-0.105866,0.140071,-0.018135,0.186595,-0.003054,-0.162165,0.257405,0.363032,0.320648,-0.127314,-0.235700,0.029252,0.016348,-0.046276,0.176079,0.290345,0.044935,0.088337,-0.099221,-0.023499,0.114790,0.165339,0.064603,0.076526,0.118677,0.109686,0.131171,0.062607,-0.006867,-0.255508,0.094804,-0.083544,0.158016,-0.024889,0.008756,-0.208828,-0.149510,-0.054806,0.147804,0.171401,-0.203157,0.295074,-0.163193,#
20,-0.240107,0.382485,0.104398,0.345721,0.138769,-0.000812,-0.116422,0.103691,0.176769,0.044698,-0.029039,-0.056051,0.115493,0.140267,-0.188766,-0.096857,0.105385,-0.100730,0.114482,-0.116998,1.000000,0.093558,-0.003863,0.223352,0.066983,0.202078,-0.303729,0.147131,0.162860,-0.075823,0.085470,0.101430,0.304588,0.092865,-0.142132,0.312853,-0.351458,-0.083199,-0.144802,0.196291,0.069823,-0.012954,-0.063672,-0.318807,0.331485,-0.075177,0.048602,0.146271,-0.043820,0.274329,0.064234,0.149389,0.054930,0.021291,0.235687,-0.155844,-0.327126,-0.114194,0.116656,-0.051214,0.036128,-0.013309,0.180073,0.164028,-0.105933,0.305511,0.031132,0.019435,-0.003030,-0.037519,0.086134,0.173974,0.427352,0.145816,-0.173738,-0.125428,0.187395,0.012804,0.258981,0.079338,-0.157413,0.026975,0.146096,-0.285489,0.087372,0.191865,0.024488,0.229467,-0.094417,0.038186,0.124453,0.107644,0.008988,-0.085752,0.088919,0.148855,0.100337,-0.138217,0.035209,0.021697,0.167212,-0.012042,0.252972,0.172919,-0.062103,0.269954,0.252001,0.010530,-0.047929,0.226890,-0.071685,0.137417,-0.132139,-0.022765,-0.023488,-0.089655,0.097660,0.003450,-0.164320,-0.089194,-0.119630,0.088590,0.029455,0.224179,0.109498,0.110395,0.170062,0.007714,0.050530,0.151028,0.032966,0.147386,0.214257,0.202341,-0.074983,0.097392,-0.096746,0.119604,0.195409,0.089619,0.049101,0.117600,-0.156527,-0.094895,-0.034649,-0.146273,0.005968,0.098299,-0.040857,-0.061010,0.040809,-0.074226,-0.021657,0.255911,0.037618,0.169508,0.023197,0.219710,0.011922,0.010129,0.237054,0.082679,0.189586,0.106445,-0.151268,0.083650,0.011032,0.182577,0.105600,-0.202120,0.185277,-0.240137,-0.055727,-0.064627,0.117596,0.032465,-0.057990,0.093064,-0.028631,0.151785,0.148540,0.141273,-0.079515,0.181237,0.000346,0.193238,-0.021529,-0.119039,0.061308,0.052775,0.178615,0.303112,0.259962,0.256058,0.149965,0.215209,0.114577,0.024746,-0.090605,0.044308,#
