0,1.000000,0.125526,-0.005509,0.220584,0.120037,-0.020640,0.017469,-0.168719,0.018523,0.033214,-0.004359,-0.013852,-0.006498,-0.268683,0.224321,0.262709,0.271082,0.262998,0.262219,0.216339,-0.092594,-0.091869,0.202146,0.328812,-0.034574,-0.044064,0.104320,-0.212043,-0.134484,-0.019180,-0.012406,0.158251,-0.029200,0.029564,0.196380,0.019014,0.092661,0.006827,0.061723,0.055622,-0.071884,0.006046,0.366115,-0.056456,-0.145338,-0.100549,-0.085158,0.241377,0.011672,0.191864,0.019635,0.099544,0.014024,0.110969,0.181708,-0.052133,0.228235,0.086796,-0.002741,0.100090,0.072217,0.216272,0.091069,0.099106,-0.076738,-0.043927,0.093463,0.086342,0.016560,0.209374,-0.118095,-0.078768,0.097507,0.152306,0.004243,-0.246599,0.314876,0.220678,0.086354,-0.193106,-0.193034,-0.155084,0.043610,0.130323,0.331523,0.037389,0.221434,0.013148,0.130188,0.193786,0.040480,-0.063278,0.111280,-0.099026,-0.154079,0.351588,0.048664,-0.169816,0.050784,0.105249,0.104169,0.071786,-0.053908,0.132564,0.003264,0.123573,0.216913,0.145249,0.291323,0.009931,-0.015526,0.068541,-0.072330,0.021607,0.106195,0.177826,-0.057704,-0.183214,-0.071415,-0.095833,0.036499,-0.110983,0.171684,-0.023754,0.331171,0.190553,0.018218,-0.174279,-0.055098,0.168582,0.099453,-0.176906,-0.285284,-0.152917,-0.051204,0.164219,0.088930,0.044141,-0.269085,0.018954,0.280077,0.103918,-0.042806,0.098486,-0.059301,-0.115126,-0.040181,-0.130842,0.073694,-0.085873,-0.257004,0.118426,-0.076449,-0.113475,0.136495,0.054470,0.309334,0.142113,-0.030597,-0.060257,0.207287,0.115933,-0.036307,-0.119416,-0.166371,0.302607,-0.121427,0.147429,0.201470,0.093235,-0.284012,-0.177199,0.157499,-0.095600,-0.244993,0.179302,0.332729,-0.077752,0.002969,-0.063573,0.041116,0.186126,0.033352,-0.003464,-0.144969,-0.031712,-0.014986,0.302160,0.230221,-0.139714,0.081612,0.316365,-0.087586,-0.043294,0.193390,0.194218,-0.033355,-0.083222,-0.023538,0.090113,#
1,0.125526,1.000000,0.231035,-0.016495,-0.058668,0.037990,0.429320,0.228119,0.240520,0.191873,0.293104,0.234469,0.022443,-0.200653,-0.087815,0.069083,-0.046132,0.005332,0.008888,-0.021666,-0.108070,0.074752,-0.017869,-0.160709,0.119796,-0.079217,-0.172439,0.104883,-0.353390,0.073139,0.152118,-0.079990,-0.088944,0.141828,0.025512,0.102391,-0.101942,-0.117998,0.215695,0.099928,0.080997,-0.076494,0.338450,-0.048261,-0.031870,0.000261,0.262165,-0.030435,0.236898,-0.029480,0.144339,0.003212,0.213306,0.190678,0.151970,0.093113,-0.041012,-0.142845,-0.037416,0.168923,0.047542,0.051959,0.194808,-0.018181,-0.083949,0.313546,0.289891,0.186663,0.053694,0.134183,0.221914,0.146382,0.156981,0.175156,0.066559,-0.000168,0.065789,0.141860,0.224594,-0.023049,-0.099675,0.183208,-0.032374,0.123892,0.265100,-0.023872,0.137022,0.355194,0.002278,-0.084707,0.051885,0.140007,-0.177750,-0.002692,-0.121074,0.121945,0.040263,0.012884,0.049058,0.145651,0.128420,0.076209,0.105262,-0.150309,-0.097263,0.070427,0.076492,0.044541,0.245248,-0.005177,-0.087314,0.155620,-0.103239,-0.102706,0.139483,0.377527,0.117033,-0.181820,0.139966,-0.033059,-0.278650,0.070218,0.100159,0.112503,0.020572,0.054413,-0.004693,0.094293,0.285233,0.104916,-0.088614,0.108563,-0.129400,0.101060,0.151790,-0.066708,0.286324,0.171289,0.002753,0.231490,0.136491,0.064797,-0.147825,0.143547,0.230882,-0.214945,0.017762,-0.119666,0.250340,-0.093602,0.406100,0.006062,-0.100660,-0.270335,0.111547,0.246389,-0.164577,0.227509,-0.180674,-0.170252,-0.115929,0.018328,0.219034,0.239944,0.160970,0.083831,0.009327,-0.131818,-0.032278,0.241616,0.073398,-0.005587,0.044286,-0.114191,0.113730,0.183800,0.153880,-0.057572,0.129673,0.015133,0.171425,0.037826,0.234039,0.030650,0.197397,-0.012085,0.057148,-0.294990,0.257021,0.288482,0.108359,0.359599,-0.188646,0.037145,-0.068210,-0.009244,-0.179939,0.347460,-0.160744,0.383759,#
2,-0.005509,0.231035,1.000000,-0.003086,0.212616,0.048726,0.202932,0.100646,-0.004732,0.130357,0.367431,0.276941,-0.049311,-0.030418,-0.098364,0.096850,-0.189477,-0.059258,-0.066474,-0.040028,0.179166,0.161121,-0.008090,-0.183874,0.010072,0.158528,0.182435,-0.034733,-0.198605,0.002631,0.079621,0.029867,-0.004033,0.071303,0.028291,0.044162,0.210176,0.095747,0.180372,-0.193108,0.105748,-0.092307,0.137862,-0.135423,0.017188,0.084877,0.220734,-0.040300,-0.125093,-0.019029,-0.147988,0.068533,0.144443,-0.016006,0.127741,-0.049862,0.183585,-0.089231,0.151409,0.108740,0.356160,-0.080743,-0.146754,0.043648,0.143568,0.026998,0.147648,0.017480,0.034055,-0.077179,0.288329,0.214455,-0.105118,0.150152,0.118120,-0.079211,-0.007529,-0.072037,0.033012,-0.038784,-0.025742,-0.128170,-0.034338,-0.149893,0.289919,0.173821,0.129005,0.099815,0.164751,0.033230,0.035988,0.212069,-0.029458,0.168120,-0.083362,0.082139,-0.019340,-0.024162,-0.096427,-0.014889,0.121816,0.185330,-0.104310,0.175357,-0.018840,0.263865,0.275139,0.409714,0.145037,0.195845,0.154416,0.110440,0.163140,0.015451,-0.066037,0.189141,0.105273,-0.052803,-0.172266,-0.008834,0.055681,-0.214894,-0.128442,0.102931,0.013604,-0.064406,0.082269,-0.019269,0.147521,0.125051,-0.064560,0.226149,-0.040198,0.135090,0.072962,-0.123791,0.091482,0.024311,0.020679,-0.024212,0.342537,0.149422,-0.037505,0.065636,0.372064,-0.226840,-0.230096,-0.094700,-0.062102,-0.074627,0.127764,0.063813,0.230205,0.070506,0.012302,-0.022133,-0.025132,-0.220031,0.059066,-0.129045,-0.213441,-0.011599,0.294907,0.124882,0.083625,0.125340,-0.057919,-0.123430,-0.113497,-0.048487,-0.009861,0.205928,0.096722,-0.038432,-0.035723,0.003031,-0.036400,0.056746,-0.277040,-0.131851,0.154677,0.139425,0.033530,0.031261,0.020604,0.087655,0.008162,-0.150555,0.142188,0.127426,0.107303,0.116481,0.015588,0.025767,0.086986,-0.041478,-0.311788,0.163391,0.091717,0.301778,#
3,0.220584,-0.016495,-0.003086,1.000000,-0.058882,-0.098976,0.135559,0.104834,0.306199,0.152774,0.112447,-0.006197,-0.060337,-0.146880,0.162025,0.025694,0.006004,0.185181,0.335524,-0.089067,0.037941,0.163050,0.212087,0.211998,-0.048715,0.024407,0.131528,-0.049273,-0.003322,0.168247,0.103130,-0.121701,0.289000,0.375982,-0.159112,0.086744,-0.224419,0.300601,0.224332,0.071520,-0.149762,0.148383,0.146993,0.049785,-0.035399,-0.186467,-0.216095,0.141700,-0.185240,0.036190,0.088536,-0.029964,0.101070,-0.148149,0.104358,0.019513,0.207840,-0.048021,-0.011823,0.036200,0.164381,-0.007545,0.039559,-0.027650,0.177332,-0.161027,0.023180,-0.275691,-0.328855,0.297658,0.051886,0.151317,0.060658,0.070242,0.002800,-0.185279,-0.021212,0.025722,-0.064734,0.052409,-0.029824,-0.096568,0.265701,-0.082890,0.064452,0.010099,0.078972,-0.053429,0.096711,0.323826,0.363990,0.063582,-0.182478,-0.073178,0.101552,-0.011035,-0.089948,-0.174502,-0.104401,-0.162655,0.185336,-0.049386,-0.041816,-0.168454,0.253733,-0.112742,0.433807,0.253043,0.013833,-0.128894,0.014473,-0.161944,0.017077,0.030724,0.022191,0.018757,-0.053743,0.073155,-0.054407,-0.053245,-0.002596,-0.042598,-0.097376,0.013718,-0.056456,0.049867,0.205531,0.284365,-0.036024,0.023004,0.175208,0.204220,-0.021195,0.102824,-0.066177,0.261920,-0.159360,0.041315,-0.119185,0.146569,0.124492,0.278032,-0.020242,-0.032228,0.024267,0.055210,0.322068,0.132430,-0.253893,0.076052,0.005354,-0.360330,0.018492,0.033849,0.026095,0.053690,-0.043697,0.099451,0.218872,-0.068583,-0.091805,-0.058471,0.050091,0.050668,-0.017788,0.085276,0.085054,0.194008,0.028018,0.001397,-0.154873,-0.273526,0.012891,0.061232,0.012938,0.155807,0.181477,0.030116,-0.149673,0.114652,-0.030047,0.110770,-0.029469,-0.126956,-0.064679,-0.257819,0.169871,0.060110,-0.009272,-0.066492,0.113409,0.024703,-0.078302,0.163684,0.055875,0.033404,0.021371,0.066004,-0.179601,-0.059465,#
4,0.120037,-0.058668,0.212616,-0.058882,1.000000,0.163163,0.080036,0.046044,0.024849,0.163740,-0.023587,0.069055,0.011656,-0.124489,0.117270,0.108029,-0.057106,0.085935,0.024851,0.291021,0.316198,0.052016,0.145083,0.074327,-0.071410,0.042025,0.008168,-0.159249,0.233545,0.012727,0.092881,0.126158,0.072772,0.250193,0.019915,0.132448,0.353049,0.101740,0.320377,0.155392,-0.076734,0.176642,0.083534,-0.017810,0.180385,0.265764,0.320214,0.093401,-0.139588,0.033355,0.005786,0.122678,-0.004217,0.023291,0.250155,0.233856,0.141484,-0.001951,0.120001,0.180839,0.183430,0.241655,-0.044686,0.068178,0.025055,-0.021022,-0.125035,0.108485,-0.078347,0.073124,0.230578,0.335646,0.168189,0.083804,0.156601,-0.116501,0.127559,0.081203,0.057792,-0.054624,0.015363,0.053019,0.047572,0.043850,0.331941,0.066491,0.144101,0.191327,-0.026759,0.149540,0.235075,-0.099128,0.102301,0.015915,0.207931,0.153093,0.067761,-0.052699,-0.256460,0.028601,0.121511,0.124280,0.102604,0.110488,-0.026402,0.253715,-0.051378,0.100554,0.152533,0.196568,-0.023297,0.232079,0.133426,0.092381,-0.115366,-0.109266,0.175281,0.050672,-0.070274,-0.082421,-0.112735,-0.160312,-0.059239,0.129016,0.286862,-0.169270,0.188856,0.058484,0.242069,0.211309,0.341426,0.004601,0.240487,0.255291,0.141539,0.161966,-0.173354,-0.005509,0.235930,-0.067439,0.138445,0.053630,0.181699,0.042721,0.246931,0.197623,-0.004962,0.138580,-0.012366,0.088566,0.142921,0.168884,0.348863,0.358300,0.326181,-0.025073,0.100881,0.092371,-0.052271,-0.011111,0.191187,-0.019483,-0.064749,-0.087262,-0.239231,0.036050,-0.013333,0.137010,0.097590,-0.035618,-0.334149,-0.028951,0.467296,0.080417,0.154266,0.132937,0.275087,0.165479,-0.057388,0.143923,0.150553,-0.057709,0.106222,0.052071,-0.058042,0.143740,-0.222202,0.043806,0.195674,0.292619,-0.303849,0.207653,-0.199479,-0.034876,0.101044,0.166694,0.003718,0.095917,0.152367,0.357792,#
5,-0.020640,0.037990,0.048726,-0.098976,0.163163,1.000000,-0.062998,0.114205,-0.095627,-0.055748,-0.013986,-0.110254,0.218239,-0.056967,-0.101748,-0.117924,-0.029652,0.110547,-0.210273,0.256703,-0.055094,-0.128252,0.175176,-0.143792,0.042348,-0.188573,0.137686,0.075199,0.140768,-0.088068,0.279634,-0.012123,0.298007,0.025094,-0.301869,0.216375,0.024536,-0.075641,0.035668,-0.051299,0.196213,0.062904,0.111086,0.279141,0.035548,-0.000255,0.223600,0.042496,0.221218,-0.224908,0.206239,-0.044534,0.133175,-0.136603,-0.036828,0.167730,0.172112,-0.205529,0.340646,0.118944,-0.168738,0.181508,-0.090352,0.126620,0.232674,0.010779,-0.087320,0.085286,0.124051,-0.216795,-0.079433,0.016602,0.150369,-0.118375,-0.017172,0.060278,0.114738,0.196078,0.162188,0.112168,0.002496,-0.078570,0.201790,0.025798,-0.153446,0.001364,0.159591,0.043830,0.216875,-0.120861,-0.060792,0.172409,0.284400,0.321430,-0.165370,0.094668,-0.165181,0.219405,0.152253,0.192604,0.007976,-0.001921,-0.186738,0.056932,-0.090252,0.225516,0.060929,0.239974,0.135334,0.158681,0.098181,0.339785,-0.225150,-0.125615,0.065206,-0.056266,0.160963,-0.021792,-0.163242,-0.020274,-0.294343,-0.021276,-0.154673,0.122785,-0.120607,-0.262970,0.293558,-0.324007,-0.184055,0.029840,0.351617,0.168565,0.015824,0.247842,0.091567,-0.013863,0.111420,0.061949,0.165015,-0.134365,0.056189,0.110299,-0.018367,0.055463,0.389542,0.016085,-0.134705,-0.104263,0.172621,-0.031248,-0.016039,-0.005481,0.150578,-0.178004,-0.092474,0.045541,0.068307,-0.026680,-0.043162,-0.278592,0.156902,-0.106229,0.182660,0.052616,0.103426,0.006893,-0.211105,0.341013,0.007706,0.134600,0.292034,0.183810,0.228249,0.031813,-0.063687,-0.054817,0.275436,0.060805,0.121193,0.104176,0.228604,0.080591,0.320081,0.008915,-0.085107,0.052775,0.106998,0.089466,0.016868,-0.147843,0.178432,0.174401,-0.127787,-0.176220,-0.133132,-0.088439,-0.293336,0.054184,-0.016986,0.248078,#
6,0.017469,0.429320,0.202932,0.135559,0.080036,-0.062998,1.000000,0.061622,0.411742,0.061657,0.025228,0.251040,0.181102,0.063983,-0.130678,0.211972,0.006329,0.094285,0.071454,-0.043851,0.098675,0.361318,0.012432,-0.056565,0.110225,0.140141,-0.018451,0.138265,-0.124947,0.296366,0.021847,-0.134492,-0.058528,0.043476,-0.088992,0.047179,0.000024,0.090474,0.099362,0.102313,-0.044306,-0.025256,0.292571,0.055617,0.216375,-0.063967,0.014154,-0.094099,0.127163,-0.077430,-0.103333,-0.060392,-0.055232,0.114432,0.096597,-0.046846,-0.110077,0.056984,0.044181,0.017324,0.336515,-0.027657,0.243549,-0.166144,0.106801,0.412746,-0.089657,0.061720,-0.004837,0.061619,0.234774,0.140575,-0.023451,0.333604,0.147754,-0.034822,0.135163,-0.047120,0.226203,-0.037770,0.060707,-0.160132,0.059125,-0.143134,0.083193,-0.059574,0.145968,0.205337,-0.104160,0.036835,0.081158,0.021885,-0.051558,-0.047560,0.005652,0.004496,0.196627,0.015116,-0.110841,0.242302,-0.068118,0.173412,0.204134,0.000022,-0.200938,0.088750,0.216300,0.030180,0.089925,0.073340,0.121852,0.189736,-0.176493,-0.280397,0.024811,0.149470,0.391853,-0.248380,-0.047018,-0.130296,0.115566,-0.071666,0.066175,0.157432,-0.104801,0.203590,0.096898,-0.031674,0.021061,-0.030758,0.069274,0.107768,0.035155,0.046034,0.018970,-0.063903,0.066364,-0.133324,-0.001807,0.210315,0.131594,0.121942,-0.084421,-0.077602,0.131750,0.051072,0.129365,-0.074029,0.128290,-0.101057,0.383539,-0.161089,0.109763,-0.067977,0.285113,0.030763,0.034142,0.233956,-0.149783,-0.144140,-0.222434,0.187539,0.210758,0.043301,0.093223,0.242202,-0.009814,0.101196,-0.198448,-0.070066,-0.118011,0.035493,0.005620,-0.061500,0.222530,0.049447,-0.148813,0.077298,0.075964,-0.057862,0.116559,0.069676,0.132457,0.055406,0.113642,0.069504,-0.063448,0.089577,0.126619,0.207067,0.027028,0.111376,-0.075573,0.218681,-0.083432,0.023226,-0.009946,0.198918,0.029354,0.192310,#
7,-0.168719,0.228119,0.100646,0.104834,0.046044,0.114205,0.061622,1.000000,0.338302,-0.056847,0.146475,0.214048,0.060502,-0.079748,0.164110,-0.164060,0.089984,-0.029649,-0.198507,-0.127186,-0.125518,-0.054230,0.203218,-0.031301,0.112143,0.004520,0.058876,0.002208,-0.052979,-0.068313,0.038660,0.067630,0.016983,0.158167,-0.245127,-0.125260,0.014396,-0.039682,0.224914,0.125509,-0.250339,-0.111064,0.027703,0.223329,0.159741,0.057463,0.180092,0.118879,-0.049884,0.026990,0.371280,-0.063016,0.114131,0.162409,-0.122807,-0.034590,-0.032594,0.099589,0.080718,0.140216,0.116628,0.091998,-0.040376,-0.211202,-0.011883,-0.004816,-0.167743,-0.098678,0.001918,0.467075,-0.052268,-0.049758,0.266746,-0.098564,0.208526,-0.045894,-0.068944,0.002953,0.132692,0.139604,0.047645,-0.017279,-0.034378,0.109129,0.014412,0.114691,-0.018110,0.037898,0.016353,0.091604,-0.181426,0.043163,-0.001743,0.089749,-0.063465,-0.310457,-0.181109,-0.026244,-0.108040,0.102443,0.079920,0.064356,-0.046580,0.126603,-0.020891,0.131345,-0.047309,0.024198,0.014717,0.217491,0.001113,-0.151807,-0.114187,-0.031838,0.268593,0.022938,-0.029122,-0.213176,-0.068667,0.203048,-0.041613,-0.001339,-0.129001,0.282314,0.118383,0.089827,0.261156,0.125337,0.024240,-0.133179,0.016261,-0.144890,0.153993,0.162518,0.116857,0.131429,-0.203149,0.090882,0.176825,0.065693,0.019289,-0.104383,0.062569,-0.204551,0.091469,-0.031288,-0.039068,0.006598,0.177297,0.121593,0.068556,-0.008889,0.078669,0.123926,-0.191815,0.160778,-0.062672,0.136292,-0.008913,0.082846,-0.103944,-0.129430,0.077403,0.014543,-0.180449,0.162947,-0.072953,-0.170691,-0.203913,-0.001921,0.062654,0.079065,0.309744,-0.016951,0.148826,-0.074101,0.036360,-0.079220,-0.214900,0.247855,0.281903,0.142378,-0.007702,-0.053526,-0.081338,0.137884,-0.106289,-0.244509,-0.005087,0.111455,-0.064059,-0.041146,-0.102803,-0.181460,-0.040338,-0.103732,-0.186792,0.201904,-0.099621,0.182502,#
8,0.018523,0.240520,-0.004732,0.306199,0.024849,-0.095627,0.411742,0.338302,1.000000,0.138226,-0.026790,0.071568,-0.003588,0.090724,0.191817,0.266261,-0.116424,0.090502,0.106916,-0.009326,-0.195543,0.284619,0.302432,-0.051593,-0.120209,-0.003541,0.030181,0.115537,-0.151538,0.303510,0.156027,-0.101364,-0.137489,0.226735,-0.055618,0.119218,-0.007041,0.100154,0.087150,0.084364,-0.254427,0.227426,0.145826,0.097359,0.114256,-0.060629,0.019849,0.040357,0.151397,0.063902,0.371181,0.162851,-0.045582,0.179412,-0.066828,0.286452,0.222896,0.126710,0.018294,0.315812,0.311794,0.030944,0.372479,-0.151086,0.175199,0.188466,0.121911,-0.060606,0.062072,0.260092,0.185064,-0.047043,0.041917,0.183663,0.254515,0.069964,0.150490,0.039629,0.104583,0.186254,0.053380,0.098382,0.029878,-0.103502,0.087561,0.030323,0.024530,-0.079401,-0.185888,0.219123,0.127058,-0.001693,-0.102169,0.027214,0.045106,-0.012519,0.175284,-0.082764,-0.248868,0.067334,0.167619,0.119017,0.199862,0.108690,0.167641,0.037069,0.071761,0.019469,0.088435,0.124027,-0.139012,-0.085092,-0.198487,-0.164545,0.395271,0.231359,0.091759,-0.261109,-0.004058,0.116958,-0.010290,-0.033700,-0.066256,0.073495,0.037932,0.199138,0.064097,0.230398,-0.094893,0.242887,0.028418,-0.070935,0.239164,0.126925,0.207996,0.169241,-0.108759,-0.026058,-0.008832,0.003682,-0.021690,0.063498,0.353713,0.052551,0.020222,0.153491,0.243505,0.170361,0.310916,0.004298,0.173696,-0.214271,0.053586,0.171937,0.305477,0.255921,-0.114581,0.383857,0.048860,-0.025725,-0.148347,-0.129565,0.206928,0.086299,0.200343,0.175228,0.057011,-0.132364,0.103119,0.177825,-0.052874,-0.040519,0.176831,-0.163674,0.167957,0.024958,-0.002438,0.072757,-0.053575,0.196286,0.242469,0.091261,0.094951,0.231816,0.080210,0.081905,0.051515,-0.083114,-0.075733,0.009028,0.154134,-0.015661,-0.079141,0.115119,0.206830,0.006579,-0.218111,0.236637,0.213807,0.060071,#
9,0.033214,0.191873,0.130357,0.152774,0.163740,-0.055748,0.061657,-0.056847,0.138226,1.000000,0.299212,-0.094550,0.112352,-0.213566,0.197154,0.271330,-0.097895,0.034366,0.191201,0.124063,0.028849,-0.042745,0.174360,0.201830,-0.065937,-0.280833,-0.118054,0.006074,-0.038997,0.137421,0.247493,-0.123132,-0.161399,0.172264,0.103128,0.045002,-0.195264,0.088382,0.224168,-0.123838,0.198831,-0.196472,0.172639,-0.092194,0.030074,0.201950,0.098643,-0.015866,-0.050891,0.029301,0.143166,0.043256,0.058945,-0.095958,-0.181204,0.232501,0.107024,-0.028269,0.137760,0.054912,0.117822,0.180457,0.123877,0.118287,0.123618,0.175516,0.089441,0.029222,-0.120941,-0.065883,0.354554,0.253059,0.025435,-0.076495,-0.095941,0.054060,-0.095829,-0.079802,0.096263,0.298312,0.201114,0.079970,-0.037647,-0.209730,0.283580,-0.122806,0.025117,0.213991,0.028488,-0.306351,0.011716,0.344835,0.022089,-0.174020,0.086243,-0.041049,0.211218,0.265823,-0.011356,-0.255440,-0.024046,-0.161344,0.428112,-0.154049,0.225950,-0.129477,0.062894,-0.108600,0.079576,-0.096496,0.100034,0.152069,0.200016,0.317714,-0.107834,0.031465,-0.096159,-0.128074,0.023868,-0.097197,-0.133873,0.116908,-0.076369,0.022078,-0.103144,-0.153683,-0.210498,0.132086,0.047886,0.250140,-0.061784,0.084112,0.060339,0.205533,-0.005711,-0.081762,0.002881,0.118601,-0.064841,-0.113104,-0.149710,-0.016458,0.212028,0.182413,0.124068,-0.107390,-0.037793,0.121090,-0.150774,-0.001754,0.019088,-0.212961,0.174386,0.075427,0.224648,-0.048742,0.100827,0.195675,-0.088932,-0.165433,0.005985,-0.149895,0.207808,0.267513,0.094629,-0.032804,-0.018963,-0.073711,0.042089,0.004905,0.013649,0.039541,-0.048082,0.048680,0.199458,0.252657,0.054039,0.021484,-0.039746,-0.005092,-0.037549,-0.101275,0.148401,-0.026952,-0.124305,-0.055334,-0.117158,-0.213911,0.394667,0.123413,-0.029426,-0.108208,-0.099155,-0.024840,-0.086126,0.019422,-0.136066,0.157243,-0.230655,-0.057968,#
10,-0.004359,0.293104,0.367431,0.112447,-0.023587,-0.013986,0.025228,0.146475,-0.026790,0.299212,1.000000,0.014514,-0.112032,-0.237553,0.062407,0.072303,-0.012803,-0.010754,0.028533,0.082523,0.084409,-0.227349,-0.067568,-0.063155,0.085393,-0.096527,-0.019095,0.088694,-0.402111,0.017703,-0.067665,-0.033128,-0.056124,0.026920,-0.027669,0.074846,-0.053131,-0.032463,0.133976,-0.136393,0.123141,-0.067603,0.057813,-0.213224,0.057371,0.034081,0.170265,-0.007736,0.011459,0.291646,-0.020977,-0.032669,0.251774,0.091665,-0.005833,0.008312,-0.083953,-0.260365,0.081878,0.153930,-0.037423,0.133218,-0.007081,0.079423,-0.075889,-0.008769,0.299081,-0.030010,-0.151219,-0.099507,-0.160843,0.205749,-0.126036,-0.102194,0.024192,-0.051101,-0.126637,-0.008161,-0.074291,-0.145666,0.196581,0.085058,0.005574,0.002759,0.224995,-0.200315,-0.132430,0.131006,-0.101253,0.074692,0.070416,0.279020,-0.035595,0.088209,-0.130165,0.253633,-0.108214,-0.133179,0.094626,-0.125873,-0.097638,-0.046926,-0.114843,-0.061810,0.107430,-0.295360,0.154205,0.214863,-0.029155,-0.044440,0.117606,-0.022675,-0.067097,-0.047323,0.090218,0.253828,-0.128300,-0.089360,-0.056053,-0.039820,-0.085424,0.043785,-0.339162,-0.125510,-0.177756,-0.161426,0.116460,0.066455,0.115208,0.000552,-0.066661,-0.021362,-0.227695,-0.078899,-0.133366,-0.109576,-0.136285,0.421243,-0.079454,-0.030415,0.174995,0.016619,-0.029493,-0.116269,0.224030,-0.220272,-0.284032,-0.189211,0.021034,0.059765,0.096512,0.066935,0.091913,-0.058642,-0.105794,-0.055944,0.129706,-0.251888,-0.118907,-0.191654,0.063047,-0.120844,0.275122,0.154094,0.154207,0.093490,0.141059,-0.121739,-0.023295,0.266521,0.081588,-0.189255,-0.133538,-0.018487,0.080627,-0.210461,0.093233,0.191086,-0.202022,-0.005005,-0.050869,-0.050132,0.260043,-0.094907,0.091442,-0.188546,-0.026569,-0.302453,-0.009760,0.001085,0.130746,0.051186,0.023627,-0.115756,0.031787,-0.272841,-0.385854,0.105294,-0.140691,0.379157,#
11,-0.013852,0.234469,0.276941,-0.006197,0.069055,-0.110254,0.251040,0.214048,0.071568,-0.094550,0.014514,1.000000,-0.081392,0.130728,-0.029811,-0.138724,-0.043323,0.020464,-0.039389,-0.412719,0.030768,0.286047,-0.154905,-0.183529,0.075127,0.270251,-0.176695,0.211429,-0.173981,0.213853,0.128093,0.068778,0.002519,0.167843,0.095377,0.013009,0.254183,0.086259,0.028682,0.272173,-0.187955,-0.045529,0.253493,-0.015357,-0.027478,0.124456,0.149130,0.013947,0.032544,-0.101157,-0.023271,0.197173,0.050398,0.329196,0.030727,-0.120055,-0.341927,0.214363,0.056377,0.009571,0.253024,-0.111145,0.115497,-0.167856,0.069479,0.242571,0.138575,0.166043,0.211846,0.268017,0.076192,0.097870,0.101197,0.052763,-0.073831,-0.221195,0.046779,0.008497,-0.108254,-0.107151,0.006532,0.184066,0.203754,-0.161611,0.212591,-0.040610,-0.049987,0.186706,0.037895,0.013627,-0.031681,0.183354,0.113015,0.234007,0.080610,-0.007389,-0.177730,-0.056303,0.104031,0.241218,0.092815,0.221180,0.086993,0.097784,-0.130793,0.259027,0.020405,0.261030,0.178065,0.147813,0.072552,-0.030063,0.030634,0.079730,-0.096304,0.250137,0.166364,-0.102084,-0.298755,0.203157,-0.069457,-0.023028,0.011243,0.076137,0.011991,-0.098995,-0.062092,-0.017437,0.110528,0.024097,-0.023815,0.219959,0.154491,0.121137,-0.054000,-0.114266,-0.207620,0.161599,-0.038709,0.391483,0.136643,-0.175098,-0.162955,0.230430,0.243653,0.046042,0.133586,-0.094762,-0.017624,-0.091474,0.068626,0.120517,-0.017225,-0.069058,0.079881,0.087545,0.062607,0.020226,0.217761,-0.160416,0.021276,0.275252,-0.023701,0.037989,0.017242,-0.066441,0.098950,0.079483,-0.166503,0.251458,-0.028736,-0.037222,-0.002574,-0.131661,0.117823,-0.082999,-0.065638,-0.046420,-0.033432,0.112774,0.273901,-0.003796,0.265049,-0.223347,-0.007251,0.086769,-0.127893,-0.047394,0.039976,0.428199,0.061015,0.041343,0.117895,0.337101,0.257390,-0.020644,0.031390,0.188510,-0.147577,0.214767,#
12,-0.006498,0.022443,-0.049311,-0.060337,0.011656,0.218239,0.181102,0.060502,-0.003588,0.112352,-0.112032,-0.081392,1.000000,0.038176,0.232818,0.100109,0.252803,0.263328,0.180377,0.122586,0.082036,0.243323,0.093433,0.193976,-0.042440,-0.039568,0.240759,0.261029,0.061256,-0.075188,0.012677,0.127315,0.143784,0.021604,0.030569,0.246157,0.061159,-0.000440,-0.041347,0.173458,0.026889,-0.107184,0.154376,0.290516,0.203280,0.161968,0.265083,-0.112936,0.161836,-0.025847,0.162384,-0.191034,-0.040992,0.222215,0.094288,0.117190,-0.080090,0.044979,-0.028924,-0.274544,0.109955,0.406797,-0.160871,0.319821,0.376561,0.009303,-0.100997,0.153318,0.130241,0.018628,0.123660,0.089465,0.382194,0.037705,0.228010,0.231169,0.060394,-0.191133,0.015897,-0.005062,0.184082,-0.042668,-0.142712,0.063738,-0.064462,0.117225,0.148230,0.199703,0.238418,0.012137,-0.084417,-0.224134,0.062116,0.076512,0.122568,0.079998,0.392441,0.280230,-0.034274,0.091301,-0.004044,0.166716,0.237458,0.256644,0.085052,-0.019373,0.027047,0.031200,-0.074735,0.051237,0.226543,0.115797,0.088465,-0.119943,0.103114,-0.082715,0.436973,-0.283950,0.029920,-0.219979,0.195191,0.152965,0.055616,0.309002,0.095895,-0.234977,0.105151,-0.143843,-0.186711,-0.179880,0.150442,0.078676,-0.033179,0.223951,0.239885,-0.162923,0.244586,-0.034169,0.311045,-0.011970,0.020793,0.167201,0.144867,-0.000950,0.113151,0.116832,0.003605,0.129430,0.036401,0.207562,0.119296,0.115205,0.207964,-0.049717,-0.051939,0.522647,-0.102578,0.034498,-0.049964,0.030457,0.110225,0.296536,0.215321,0.142124,0.301684,-0.037150,0.177889,0.225173,-0.050983,-0.077365,0.132765,0.274194,0.122112,0.138652,0.174155,0.195005,0.095203,0.011355,0.130492,-0.011445,0.159981,0.159692,0.137063,-0.066914,-0.024659,-0.013246,0.136158,0.183956,0.037510,-0.186571,0.068940,-0.014020,0.091025,0.151164,-0.060835,0.086913,-0.087238,0.101391,0.113909,-0.058269,#
13,-0.268683,-0.200653,-0.030418,-0.146880,-0.124489,-0.056967,0.063983,-0.079748,0.090724,-0.213566,-0.237553,0.130728,0.038176,1.000000,0.071494,-0.063982,0.094452,-0.021485,0.060746,-0.071383,0.148511,0.021065,0.021199,-0.141160,-0.272924,0.212682,-0.035690,0.182844,0.014199,0.039412,-0.030438,-0.042927,0.063405,-0.048772,0.027084,-0.042204,0.053130,0.130313,-0.421761,0.110489,-0.065599,0.156153,-0.050836,0.060647,0.209904,0.059064,0.049328,-0.055870,0.033317,-0.251722,0.071537,-0.038447,-0.142213,0.321759,-0.302862,0.070508,-0.057559,0.226842,-0.070474,0.075847,0.112367,-0.011461,0.107547,-0.000281,0.076660,-0.052654,0.025158,0.073459,0.166922,-0.049005,0.164860,0.003638,-0.146622,-0.060453,0.102612,0.232344,-0.070665,0.113182,0.060132,0.160806,0.196775,0.031391,0.033235,0.105117,-0.128973,0.158041,0.020729,-0.194390,0.071512,-0.000595,0.021194,-0.042540,0.095527,0.258179,0.137242,-0.174822,-0.024868,0.060873,-0.029050,0.248138,-0.068592,0.209315,0.115641,0.213268,-0.077558,0.139600,0.043268,0.008449,0.079469,0.161324,-0.145859,0.125504,0.303422,-0.080384,0.254836,0.143991,0.009373,0.150614,-0.022182,0.337330,0.312823,-0.057759,0.179077,-0.020512,-0.069935,-0.187836,-0.172706,-0.220444,0.069510,-0.018415,-0.150650,0.233324,0.215713,0.095863,0.207556,-0.093313,0.000683,0.001566,0.030742,-0.002964,-0.383288,0.011404,0.394441,0.149602,0.065198,0.139217,0.036013,0.089783,-0.017936,-0.090914,0.009858,0.013195,-0.002053,0.183876,0.028093,0.121038,-0.127193,-0.025606,0.027320,0.188029,0.021514,0.064835,-0.155996,0.219334,0.084222,-0.019542,-0.087427,-0.109066,-0.130254,-0.190490,-0.012846,0.123309,0.085851,0.061701,0.161439,-0.241322,-0.210412,0.010814,0.124899,-0.100931,0.042301,0.215192,-0.084465,-0.041505,0.280265,0.240784,0.163159,-0.164576,-0.258082,0.081993,0.031133,-0.097571,0.033702,0.196103,0.045167,0.222515,0.160652,-0.233988,0.272395,-0.015513,#
14,0.224321,-0.087815,-0.098364,0.162025,0.117270,-0.101748,-0.130678,0.164110,0.191817,0.197154,0.062407,-0.029811,0.232818,0.071494,1.000000,0.216740,0.064558,0.031848,0.495537,0.161766,0.071063,-0.070354,0.273533,0.171379,0.048103,-0.178822,0.097376,0.064740,0.214591,-0.038812,0.012425,0.240858,0.089740,0.224137,0.340129,0.076884,-0.000292,0.047131,0.029318,0.254280,-0.219716,-0.171855,0.134287,0.065963,0.267730,0.116417,0.079694,-0.066861,-0.192699,0.153350,0.192939,-0.056441,0.146071,0.177063,0.121168,0.031249,0.279453,0.119415,0.196237,0.104356,0.169809,0.184361,0.059534,0.262121,0.034489,-0.196805,0.113032,0.071795,-0.274712,0.279035,0.105046,0.011836,-0.018164,-0.028276,0.341922,-0.069593,0.243896,0.088621,-0.068780,-0.035356,0.036734,0.147654,-0.000319,0.193482,0.121809,0.079360,-0.093092,-0.016799,-0.100208,0.042651,-0.177016,0.055011,0.269539,0.064457,0.040743,0.155188,0.274783,0.076914,0.031343,0.012875,0.108812,0.177492,0.072452,0.165808,0.320218,-0.162677,-0.107126,-0.141573,-0.278313,0.073065,0.000281,-0.130613,0.000125,0.199633,0.044749,0.100392,0.033567,-0.406532,-0.000212,0.100852,0.222529,0.135709,-0.141609,0.015498,0.015282,-0.085377,-0.088944,0.216301,0.038084,0.221747,-0.112949,-0.080024,-0.000262,0.220269,0.166287,0.115008,-0.210892,0.040500,0.098351,-0.199699,-0.132250,0.044664,0.325479,0.133873,-0.201923,0.190538,-0.053188,0.000216,-0.054384,-0.075064,0.044967,0.033134,0.098921,0.079806,0.084060,0.181406,0.252974,-0.028471,-0.115332,0.105621,0.057067,0.079130,0.241204,0.026190,0.000096,0.093434,0.141830,-0.012958,-0.018057,0.208231,-0.206185,-0.091329,0.207794,-0.030832,-0.058763,-0.013688,0.188970,0.049765,0.152832,-0.122997,0.226581,0.176640,-0.025816,0.138663,-0.103866,-0.071230,0.022460,-0.159219,-0.130547,-0.000229,-0.170966,-0.066756,0.045904,-0.030206,0.064251,-0.085111,-0.116938,-0.051718,0.206914,-0.000698,#
15,0.262709,0.069083,0.096850,0.025694,0.108029,-0.117924,0.211972,-0.164060,0.266261,0.271330,0.072303,-0.138724,0.100109,-0.063982,0.216740,1.000000,0.201172,0.108974,0.167445,0.213843,-0.247155,0.058369,0.280337,0.087636,-0.040044,-0.086907,0.068433,0.035446,-0.113796,0.293622,-0.083805,0.229038,-0.119942,0.077450,0.087122,0.174499,0.099895,-0.081343,0.089456,0.013696,0.013395,0.013108,0.028889,0.109456,0.028674,-0.085266,-0.220645,0.216754,0.038183,0.138734,-0.241291,0.205420,0.177603,0.155014,0.041133,0.035276,0.033548,0.051313,0.248361,0.114625,0.160780,-0.057200,0.178428,0.106106,0.066333,0.229943,0.107844,0.072375,-0.130818,-0.147696,0.140026,0.102518,-0.044969,0.043384,0.150394,-0.097280,0.037183,-0.034182,0.018589,-0.082036,0.193401,-0.122975,-0.371213,0.093465,0.264281,0.143333,0.052599,0.347219,-0.135671,0.139009,0.132375,0.045263,-0.179961,-0.211798,0.069108,0.162394,0.312900,0.005326,-0.112020,0.079984,0.242503,0.112157,0.062571,0.184519,0.074004,-0.089744,0.069055,0.006791,-0.015276,-0.068017,-0.064898,0.152051,-0.059310,0.018419,0.037384,0.119366,-0.081745,-0.172940,-0.070919,-0.268265,0.192116,-0.016768,0.148248,-0.128245,0.098799,0.201557,0.065608,0.329429,-0.122117,0.290850,-0.292648,-0.035317,-0.016968,0.194069,0.146426,0.018128,-0.115780,-0.207006,0.046380,-0.062273,0.019306,0.092170,0.180455,0.025882,0.059578,-0.045639,-0.074764,0.028603,0.059013,-0.066633,-0.104766,-0.109664,-0.005115,-0.087683,0.126826,-0.027941,0.276492,0.133800,-0.034198,0.065539,0.053255,-0.126293,0.137040,-0.026569,0.031562,0.257425,0.092155,0.080849,0.295541,-0.037781,-0.121869,0.259195,-0.165790,0.053108,0.130997,0.053728,0.230090,0.170914,-0.092497,0.043950,0.097355,-0.131591,0.044785,0.322286,0.045689,0.197099,-0.116120,0.119702,-0.138293,-0.015559,-0.092483,0.033942,0.129696,-0.042987,-0.212636,0.198732,-0.030925,-0.061277,0.018926,-0.129632,#
16,0.271082,-0.046132,-0.189477,0.006004,-0.057106,-0.029652,0.006329,0.089984,-0.116424,-0.097895,-0.012803,-0.043323,0.252803,0.094452,0.064558,0.201172,1.000000,0.020707,-0.094731,0.300284,-0.061862,-0.222387,-0.201716,0.025736,-0.036965,-0.012114,0.130278,-0.180924,-0.185986,0.295067,-0.169618,0.051002,-0.102535,0.146574,0.009453,-0.040480,0.065094,0.008201,-0.045153,0.049946,-0.230678,-0.135413,0.152162,0.120409,-0.062823,0.008723,-0.128183,-0.027043,0.049901,0.096859,-0.062381,-0.130914,0.214856,0.369207,-0.153459,-0.026404,-0.159537,0.033819,-0.001490,-0.192367,-0.079890,0.302577,0.008372,0.024624,-0.060292,-0.026776,-0.330872,0.120419,-0.031944,0.186263,-0.191503,0.031937,0.090825,-0.002493,0.026854,0.019161,-0.185005,0.101332,0.028237,-0.030211,0.019160,-0.170850,-0.261803,0.346592,0.181864,0.270894,-0.020620,0.185128,0.199613,0.003623,-0.057694,-0.123425,0.093823,-0.241497,0.063489,0.069616,0.035062,-0.066208,-0.102713,0.131644,-0.300789,0.011716,0.167571,0.138124,-0.090180,0.088986,0.183260,0.107211,0.001536,0.024115,-0.098600,-0.067019,0.025059,-0.010013,0.141754,-0.121339,0.201596,-0.070978,0.076535,-0.084944,0.322974,0.140233,0.193328,0.092978,0.276927,0.078597,0.108361,-0.144914,-0.088783,0.093586,0.032875,-0.148859,-0.089849,-0.249157,0.267092,0.063497,-0.018030,-0.050503,-0.008631,-0.005663,-0.092927,-0.095189,0.044017,-0.171801,-0.017146,-0.122652,-0.006791,-0.025394,0.203966,0.327604,-0.239320,0.140763,-0.050343,-0.031862,-0.079928,0.183718,0.087194,0.130521,-0.065617,0.185257,0.054448,-0.007412,-0.140572,-0.065455,-0.028619,-0.127008,0.105956,0.085458,-0.106349,-0.254160,0.043755,0.003549,-0.137156,-0.048389,-0.062917,-0.001786,0.030390,-0.095944,0.109985,-0.118850,-0.101151,0.083787,-0.047229,-0.234250,0.071368,0.256404,-0.026000,0.183664,0.010934,-0.005830,0.117180,-0.027100,-0.216252,-0.059559,-0.132017,0.223493,0.022709,-0.246449,-0.237043,-0.089727,#
17,0.262998,0.005332,-0.059258,0.185181,0.085935,0.110547,0.094285,-0.029649,0.090502,0.034366,-0.010754,0.020464,0.263328,-0.021485,0.031848,0.108974,0.020707,1.000000,0.033031,-0.024250,0.045209,0.022320,0.151873,0.291603,-0.237795,-0.080237,0.240471,-0.017601,-0.054086,0.006445,0.146759,-0.059469,0.269659,0.053823,0.131551,0.158820,-0.272891,0.310655,0.235239,0.177562,0.250540,0.175603,0.209636,0.150167,-0.002141,0.114843,0.092418,0.213524,0.164609,-0.008556,0.053292,0.177719,-0.007473,0.083520,0.025865,0.048789,0.035190,-0.040338,0.069290,-0.109632,0.034210,0.059861,-0.173411,0.266227,0.096099,0.312356,0.173411,0.313896,0.119331,0.080903,-0.092230,0.368198,0.016706,-0.214895,-0.008771,0.172351,0.090760,-0.174333,-0.034077,0.044975,-0.056030,-0.018196,0.048290,-0.038470,-0.032951,-0.058420,0.287491,-0.019500,0.109893,0.035658,0.117247,-0.026931,0.273244,0.042460,0.142454,0.257254,-0.061790,-0.039034,-0.053066,0.039750,0.236076,-0.147107,-0.146237,0.215918,0.178776,-0.028936,0.095828,-0.011421,0.298438,-0.099985,-0.008922,-0.014434,-0.097790,-0.041290,0.029274,-0.084005,0.047266,-0.063232,0.032464,0.052105,0.009078,-0.024104,0.027784,-0.039079,0.234707,0.210873,0.006837,-0.060182,-0.127965,0.142852,0.307152,0.051371,0.080677,0.052614,0.001550,-0.005605,0.190548,-0.009740,0.148318,0.174153,0.247691,0.115736,0.193841,0.186787,0.055519,0.163315,-0.019741,0.184996,-0.094960,-0.002233,0.086761,-0.107181,0.000972,-0.068068,0.238118,0.257165,0.047500,0.167749,0.145513,-0.156873,-0.017342,0.053056,0.028654,0.279752,-0.014880,0.071075,-0.050466,0.056203,0.322244,-0.120381,0.077731,-0.155393,0.074321,-0.017957,0.131305,0.020045,0.381483,-0.000930,-0.047292,0.220862,0.267283,0.269260,0.046226,0.079747,0.055020,0.057331,0.171659,0.077774,0.093604,-0.147701,-0.057302,0.185437,0.104934,0.105427,0.174523,0.164581,-0.182991,0.173830,-0.110717,0.143219,#
18,0.262219,0.008888,-0.066474,0.335524,0.024851,-0.210273,0.071454,-0.198507,0.106916,0.191201,0.028533,-0.039389,0.180377,0.060746,0.495537,0.167445,-0.094731,0.033031,1.000000,0.057106,0.116082,0.074502,0.120059,0.175063,-0.108316,0.021361,-0.076298,0.102162,0.030850,-0.219269,-0.140125,-0.003694,0.120387,0.227767,0.245054,0.178824,0.040687,0.068426,-0.052805,0.334112,0.022945,-0.034100,0.202035,-0.122420,0.186710,-0.042777,-0.108354,-0.092764,-0.238849,0.190404,0.065364,-0.027147,0.123637,-0.075478,0.263136,0.127478,0.042678,0.101431,-0.136154,0.038967,0.215211,-0.034602,0.314214,0.195769,0.345575,-0.041355,0.237356,-0.098721,-0.206618,0.119163,0.056317,0.023090,-0.074666,-0.086512,0.118387,0.040588,0.129433,-0.032169,-0.109380,-0.000366,0.019821,0.033141,0.004867,0.180473,0.026193,-0.100053,0.089032,-0.004542,-0.013294,0.160570,0.211463,-0.065275,-0.098107,-0.092501,0.099815,0.298951,0.224601,-0.067642,0.026204,-0.039965,0.163157,0.253099,0.168917,0.051985,0.377623,-0.065847,0.195701,-0.186157,-0.074465,-0.176362,0.154037,-0.090488,0.183695,0.003306,-0.051033,0.114652,-0.049956,-0.290528,0.096155,0.066834,0.145668,0.011119,0.020082,-0.187777,-0.109885,-0.111843,-0.208802,0.265073,0.118620,0.068286,-0.213763,0.188274,-0.192144,0.241105,0.074587,0.081158,-0.035323,0.135948,-0.163861,0.052373,-0.037202,0.091791,0.158327,0.185763,-0.057172,0.186505,0.057306,0.146015,-0.357040,-0.014720,-0.072790,-0.028830,0.040757,0.078296,0.054801,0.108970,0.093232,0.019077,-0.157002,0.088443,0.126501,0.131084,0.135621,0.198643,0.010888,0.238957,0.045506,0.022995,0.071631,0.308065,-0.245384,-0.096838,0.015470,0.195272,-0.021634,0.274073,0.196881,-0.023508,0.193819,-0.096897,-0.018386,-0.055580,0.075106,-0.066865,0.038830,-0.173954,0.303809,-0.083557,0.104645,-0.011804,-0.052264,0.057791,0.072946,0.158939,0.095375,0.188058,0.020208,-0.072551,0.127514,0.056776,#
19,0.216339,-0.021666,-0.040028,-0.089067,0.291021,0.256703,-0.043851,-0.127186,-0.009326,0.124063,0.082523,-0.412719,0.122586,-0.071383,0.161766,0.213843,0.300284,-0.024250,0.057106,1.000000,0.043867,-0.386902,0.114938,-0.012915,-0.065502,-0.063844,0.046471,-0.011424,-0.084369,0.104327,0.210608,-0.086322,-0.068267,-0.061222,-0.106329,0.150696,0.102714,-0.169167,0.062392,0.065316,0.041358,0.013004,0.174031,-0.051854,-0.112741,0.097168,0.065340,-0.128044,0.138413,0.287138,-0.017352,0.002797,0.048060,0.028164,-0.040801,0.180738,0.064015,-0.070781,0.162289,0.031154,-0.017380,0.339309,0.087756,0.245926,0.139131,-0.327576,0.080947,-0.004125,-0.324949,-0.120334,0.189165,-0.043503,-0.069043,0.050985,0.007661,0.115792,-0.021780,0.068296,0.303981,0.101087,0.126777,-0.122847,0.064220,0.187342,-0.040030,0.242755,-0.066975,0.156024,0.069432,-0.269210,0.028311,-0.044321,0.031514,-0.152768,-0.120761,0.236858,0.272236,0.106429,-0.291418,-0.021274,-0.054582,-0.108015,0.091817,0.088068,0.136202,0.239871,0.122319,0.090052,-0.052257,-0.112007,-0.083797,0.097854,-0.081753,-0.065991,0.069719,-0.218099,0.183613,0.054489,0.084668,-0.413132,0.078637,0.005402,-0.029219,0.060691,0.187033,-0.077928,0.224962,-0.117032,0.022592,0.077232,0.142923,-0.081985,-0.087597,0.130128,0.385843,-0.122366,-0.031799,0.078735,-0.110462,-0.221712,-0.150384,0.121299,0.135182,-0.105486,0.116408,0.014507,-0.101026,0.037054,0.038468,0.029727,0.018639,0.254010,0.143000,-0.012510,0.100749,0.032570,0.158174,-0.065825,-0.068854,0.090434,0.307096,-0.305941,-0.019391,-0.091763,0.059390,0.004863,0.067323,0.090633,0.221223,-0.119406,-0.058926,0.077763,0.317497,0.256116,0.016208,-0.099416,0.154377,-0.027205,0.265499,-0.153426,-0.071844,-0.036095,0.052604,0.207283,0.217013,0.012549,-0.100516,-0.055418,0.006115,-0.024893,0.112526,0.178041,-0.150679,-0.165219,-0.112968,0.113091,-0.411529,-0.080239,0.204886,0.161876,#
20,-0.092594,-0.108070,0.179166,0.037941,0.316198,-0.055094,0.098675,-0.125518,-0.195543,0.028849,0.084409,0.030768,0.082036,0.148511,0.071063,-0.247155,-0.061862,0.045209,0.116082,0.043867,1.000000,0.254448,-0.055228,-0.084010,-0.001793,0.227942,0.092389,-0.131737,0.059858,-0.127840,-0.203321,-0.215506,0.122732,0.087384,0.087147,0.005105,0.184066,0.322581,0.309924,0.304053,-0.019097,0.023307,-0.004101,-0.180801,0.127528,0.068417,0.285714,-0.098273,-0.236956,0.039604,-0.191121,-0.039548,-0.229879,0.158547,0.273634,0.128705,0.134505,0.143950,-0.059737,-0.072206,0.099298,0.182084,-0.018458,0.014107,-0.144208,-0.114234,-0.153658,0.120538,-0.005286,0.099602,0.299769,0.326974,0.025377,0.037777,0.092972,-0.043723,-0.082604,-0.065264,-0.042503,-0.110745,0.038906,0.055093,0.189956,-0.123847,0.114739,-0.010364,0.047111,-0.017838,0.227552,-0.005722,0.093602,-0.035466,-0.023493,0.122889,0.362538,-0.003021,-0.093590,0.102598,0.077133,-0.028874,0.168152,0.109798,0.139883,-0.201843,0.192220,0.070372,0.090934,-0.028935,-0.089657,0.057790,0.197118,0.319888,0.069213,-0.247243,-0.015214,0.175586,0.379221,0.141522,0.060413,0.177780,-0.062233,0.131658,-0.091766,0.059889,-0.006890,-0.082454,0.044747,-0.012217,0.404118,0.046670,0.252942,0.017698,-0.154465,0.258610,0.095124,-0.229365,0.082447,-0.128618,-0.064631,-0.044377,0.168228,0.083642,0.216442,0.125171,-0.002801,0.161436,0.021544,-0.119689,-0.228747,0.251849,0.218405,0.099070,-0.050680,0.234672,0.070200,0.034209,-0.136387,-0.151789,-0.197116,0.157326,0.086107,0.126839,0.033606,0.082223,-0.042242,-0.109263,-0.143446,0.093089,0.079138,0.000938,0.006595,-0.255939,0.143479,0.073764,-0.005236,-0.021396,-0.059389,0.020182,0.151699,-0.045824,-0.029763,0.061033,-0.185128,0.002105,0.130058,-0.146642,0.174614,0.053270,-0.001122,0.249024,-0.135831,-0.029013,-0.097175,0.247384,-0.041192,0.103229,0.005434,0.087298,0.269283,0.245140,#
