0,1.000000,0.048669,0.170731,0.103238,0.166326,0.098803,0.099629,0.076394,0.077519,0.297753,0.189272,0.152339,0.047874,-0.243983,0.265536,-0.125103,0.174581,0.433050,0.160012,0.342233,0.167742,0.206762,0.152351,0.339832,0.162426,0.064844,0.095599,0.093354,0.344325,0.287034,-0.008795,0.044945,0.112372,-0.022627,-0.157956,0.169088,-0.010372,0.192947,0.259997,0.163989,0.077517,0.118454,0.038905,0.231819,-0.127442,0.097876,0.081413,0.015628,0.209735,0.113159,0.122749,-0.030926,0.027310,0.075155,0.329879,0.212594,0.207153,0.313949,0.088800,0.108529,0.362527,0.171959,-0.106364,0.153657,0.146581,0.107805,0.214801,0.023679,0.075155,0.104504,0.174767,0.197430,0.336461,0.236572,0.023467,-0.002053,0.200570,0.156668,-0.080282,-0.069337,0.119647,-0.011838,0.068459,0.085774,0.179464,0.117027,0.050804,0.080466,0.286522,-0.094504,0.105636,-0.043555,-0.127787,0.128993,0.215589,-0.051628,0.273364,0.106627,0.230312,0.299705,0.069489,0.186091,0.088691,0.104711,0.024860,0.097022,0.250076,0.072576,-0.050814,-0.187381,0.062443,0.041112,0.217608,0.236374,-0.081277,-0.028234,0.215488,0.176636,0.229810,0.169065,0.327193,-0.001755,0.086867,0.144967,0.170251,0.397027,0.100294,0.112775,-0.059052,0.084639,0.204007,0.111498,0.370356,0.074515,0.088838,-0.116541,0.296618,-0.094737,0.114229,0.380919,0.227220,0.084743,-0.032748,0.155680,0.225849,0.178340,0.123555,0.022037,0.294732,0.019819,-0.021958,-0.067068,0.243442,0.148691,-0.090482,0.024494,0.087578,0.127423,0.255914,0.210102,0.204314,0.343822,0.032767,-0.007712,0.121727,-0.007941,0.232056,0.133431,-0.079441,0.139620,0.503952,-0.168195,0.324629,0.199915,0.089918,0.127784,0.384598,0.228715,0.132818,0.145206,0.097090,0.334341,-0.120520,-0.281479,0.029081,0.143968,0.320862,0.322242,0.157242,0.015992,0.266928,0.083282,0.106680,0.072928,0.355191,-0.114742,0.075046,0.101551,0.386916,0.184113,#
1,0.048669,1.000000,-0.021872,0.173035,0.309961,0.133740,0.172163,0.004124,0.184425,0.053118,0.395095,0.094948,0.222334,0.158383,-0.005550,-0.066138,0.140637,0.130691,0.013609,0.071128,-0.021388,0.015164,-0.010089,0.196831,0.212624,0.176801,0.037341,0.061428,0.208724,0.085754,0.291822,0.172892,0.259429,0.175705,0.094856,-0.148146,-0.103263,0.062989,0.254665,0.158441,0.011975,0.117216,0.336951,0.147184,0.190190,0.175171,0.196773,0.124949,0.087355,0.110072,0.115029,0.184647,0.210157,-0.156098,0.049930,0.187346,0.215049,0.156176,0.430284,0.176453,0.209437,0.309894,0.004038,0.129088,0.129084,0.126573,-0.068756,0.206125,0.240159,-0.047450,0.106403,0.039869,0.237287,0.144072,0.047911,-0.099303,0.286127,0.180845,0.193866,-0.128272,-0.128271,0.445208,0.045538,0.295879,-0.022607,0.154910,0.240873,0.099218,0.223362,0.344028,0.170996,0.299544,0.104602,0.174394,-0.006248,0.276092,0.142376,0.122715,0.127872,0.013501,0.084511,-0.090819,-0.104570,0.033634,-0.002173,-0.037688,0.194120,0.286204,-0.028809,0.065593,0.317420,0.116446,0.092193,-0.042093,0.227017,0.230179,0.197463,0.115150,0.240036,0.266025,0.033516,-0.019432,0.323528,0.050665,0.172399,0.214540,-0.101129,-0.080428,0.093290,0.038828,0.172374,0.126446,0.118794,0.177536,0.377320,0.350767,0.073272,0.095668,-0.035746,0.359065,0.110326,0.047918,0.101446,-0.066900,0.217888,0.173120,0.107654,0.234340,0.473739,0.242809,0.124918,0.102964,-0.034462,-0.108478,0.291188,0.172051,0.219681,0.259610,0.235028,0.002945,-0.130845,0.293964,-0.038554,0.191325,0.264234,0.321997,0.118654,0.055186,0.181411,0.277830,0.080077,-0.044580,0.152416,0.095070,0.268837,0.016165,-0.204949,0.250681,0.194023,0.044154,0.138452,0.140300,0.218684,-0.019168,0.202834,0.034664,0.080197,0.215044,0.026560,0.161327,0.306756,0.206922,0.052582,0.078698,0.155295,0.299099,-0.131281,0.216154,-0.010032,0.048349,#
2,0.170731,-0.021872,1.000000,0.286221,-0.001726,0.072146,0.168202,0.295694,-0.141574,0.196558,0.117182,0.176634,0.001273,0.143676,0.027430,0.044785,0.056958,0.031238,0.040854,0.101282,0.118771,0.258043,0.193493,0.112604,0.087556,0.174767,0.165035,-0.080323,0.032294,0.284179,0.104399,-0.113921,-0.070432,0.143536,-0.111002,0.099014,-0.013822,0.064158,-0.021389,0.098409,0.226185,0.264701,0.056476,-0.064476,-0.242203,0.269888,-0.103138,0.177820,-0.065331,0.080435,0.220822,0.353346,0.196598,0.019870,-0.040075,0.281127,-0.022640,0.151385,-0.082919,0.141631,-0.234634,0.197068,0.148493,0.023065,0.156410,0.061256,-0.169949,-0.232545,0.078774,0.269761,0.079232,-0.142096,0.067583,0.195497,0.139118,0.057747,0.115785,0.075797,0.022262,0.023565,0.297345,0.032917,-0.083096,0.076063,0.032899,-0.001346,0.308562,0.069933,-0.121797,0.088186,-0.069121,0.144932,0.054494,-0.089916,0.101674,-0.129240,0.024872,-0.106801,0.115825,0.210077,0.321294,0.111077,0.007892,-0.112585,-0.005026,0.061549,0.178183,0.048349,0.015128,0.155796,-0.047632,0.032446,0.112321,0.082929,0.146779,0.036293,-0.133959,0.186821,-0.023559,0.041151,0.088656,0.200589,0.012906,-0.012652,-0.028847,0.048314,0.108219,0.159882,-0.005394,0.087957,0.187571,0.037027,-0.021858,-0.076177,0.267395,0.225271,0.064076,0.199191,-0.138693,0.074925,-0.250568,0.016045,0.106355,0.196670,0.143093,0.283536,0.265222,0.055513,0.204150,-0.017756,-0.015134,0.324121,0.122797,0.065496,-0.113366,0.065662,-0.142199,-0.029478,0.158831,0.024022,0.158734,0.143719,0.165062,0.299111,0.070368,0.055112,0.000254,0.168337,-0.096800,0.028755,0.136057,0.137369,0.008954,-0.031856,0.026468,-0.027262,0.185988,0.168546,0.116498,0.250820,0.227991,-0.058854,-0.030130,0.155576,-0.191446,-0.047530,-0.047623,0.073030,0.136457,0.050452,0.066788,-0.041644,0.339922,-0.018712,0.065783,-0.188140,0.008448,0.089682,0.160095,0.091516,#
3,0.103238,0.173035,0.286221,1.000000,0.263098,0.011525,0.185437,0.262637,-0.007931,0.188688,0.196200,0.282618,-0.088095,0.127459,-0.092924,0.090505,0.219632,0.290874,-0.082784,-0.051819,0.022649,0.268203,-0.075402,0.136763,-0.069788,0.023739,0.006078,-0.083590,0.109246,0.075286,0.291967,0.189791,0.074855,0.139325,-0.019731,0.222929,0.309176,0.325821,0.142364,-0.052041,0.197342,0.237429,0.012577,0.277431,0.070239,0.174406,0.164323,0.203680,0.112464,0.190556,0.236092,-0.017867,0.083510,0.082867,0.102873,0.358147,0.192300,0.291793,0.006270,0.079492,0.084624,0.065849,0.115854,0.176535,0.185134,-0.056863,0.025997,0.284404,-0.287160,0.106363,0.216235,-0.147556,0.258114,0.223997,0.191357,0.300032,0.344211,0.050417,0.194872,-0.066760,0.093575,0.101203,-0.049466,0.057680,0.011522,0.179422,0.367092,-0.009821,0.033099,0.205012,0.012510,0.085566,0.091427,0.198465,-0.065866,0.172044,0.193730,0.188053,0.183082,0.189542,0.220956,-0.125392,0.084887,0.146505,0.101556,0.023823,0.186501,-0.023042,-0.036095,0.057857,-0.047376,0.064034,0.041919,0.094946,-0.030484,0.024618,0.187630,-0.124285,0.055215,0.260416,0.186112,0.020976,0.089609,0.370599,0.034938,-0.178826,0.153703,-0.016415,0.146452,0.068855,0.108358,0.007278,0.204310,0.178713,0.243694,0.183628,-0.002911,0.035587,0.311271,0.294927,0.048724,0.226381,0.113534,0.179323,0.163978,0.119784,0.213570,0.189886,0.239731,0.168898,0.050918,0.106970,0.051853,-0.038121,0.053836,0.087297,0.018405,0.157547,0.208613,0.207251,0.092688,0.243447,0.217976,0.126455,0.063762,0.456471,0.077023,0.254085,0.114457,0.191849,0.189954,0.149907,0.077182,0.247066,0.136439,0.215750,0.124782,0.266033,-0.038185,0.008936,0.185151,0.148860,0.151983,0.177831,-0.069617,-0.021438,-0.021540,0.067789,-0.105985,-0.045903,0.146850,0.232406,0.244286,0.042652,0.068243,0.316739,0.024649,0.179031,0.024152,0.104734,#
4,0.166326,0.309961,-0.001726,0.263098,1.000000,0.035552,0.203988,-0.105628,0.182271,-0.147954,0.188041,0.059695,0.139622,0.238714,0.027038,0.007708,0.291346,0.096803,0.068173,0.204273,0.013194,0.216302,0.002278,0.109819,-0.081000,0.309625,-0.213482,-0.025693,0.186239,-0.179959,-0.074506,0.081339,0.145141,0.275830,-0.012659,0.128493,-0.045081,0.219424,0.039177,0.182396,0.245662,0.219045,0.148338,0.015799,0.220379,0.003938,0.188183,0.207980,0.257237,0.227023,-0.050241,-0.075326,0.125147,0.097403,0.164129,0.268324,0.080619,0.054957,0.280452,0.225343,0.372133,0.388820,-0.158698,-0.030316,-0.057344,-0.003770,0.261771,0.069654,0.170574,0.076032,-0.015918,0.023040,0.282536,0.162741,-0.061101,-0.158527,0.164618,0.198766,-0.027745,-0.296388,0.126506,-0.009854,-0.188996,-0.058634,0.103434,0.093487,0.136998,0.104512,0.347974,0.240966,-0.027462,0.023116,-0.104561,0.234779,-0.061324,0.116245,0.103251,0.238128,0.327624,0.207151,0.256002,-0.149150,-0.006011,0.157494,0.081732,-0.091133,-0.062993,0.172269,-0.108635,0.072075,0.279749,-0.070038,0.177512,0.417422,0.169122,0.070086,0.120288,-0.209066,0.155988,-0.149771,0.041631,0.141068,0.219179,0.096780,0.201391,0.105929,0.121245,-0.005513,-0.070132,0.059890,0.079292,-0.081729,0.310336,0.023042,0.130587,0.251757,0.162360,-0.332258,0.019878,0.298298,0.191379,-0.083000,-0.004376,0.208739,0.234837,0.290719,0.112282,-0.196504,0.325746,0.122060,0.162458,-0.089250,0.096550,0.093084,0.192919,0.017628,0.080096,0.131927,0.179529,0.006242,0.083624,0.163987,0.100664,0.333096,0.061064,0.530073,0.020836,-0.090951,-0.038296,0.186006,0.189976,-0.009431,-0.053705,-0.013885,0.315214,0.057890,0.090664,0.162105,0.081357,-0.152364,0.024705,0.067623,0.203965,-0.112734,-0.204209,0.031758,0.169312,0.384047,0.106923,-0.090801,0.204616,-0.057340,0.131242,0.125600,-0.083291,0.293100,0.043616,0.352537,0.088163,0.155861,#
5,0.098803,0.133740,0.072146,0.011525,0.035552,1.000000,0.082007,-0.077773,-0.039084,0.126867,0.010506,-0.093761,-0.003581,-0.047106,0.116293,0.194952,0.339302,0.189455,0.137080,-0.191805,0.326825,0.188858,0.167613,0.255414,0.069797,0.126910,0.013023,-0.009458,0.109755,0.079943,-0.001073,0.146221,0.187219,0.074060,-0.175824,-0.205312,0.121137,-0.145726,-0.051465,0.298165,-0.050145,0.229654,-0.052621,0.266669,-0.063392,0.048259,-0.141175,-0.004750,0.003062,0.172635,0.014398,0.084972,0.086844,-0.269679,-0.107722,-0.056283,-0.220102,0.185926,0.242795,-0.019986,0.136223,0.100510,0.006737,-0.070652,0.058893,0.114409,0.108196,-0.055921,-0.026472,-0.023952,0.208537,0.005149,0.102276,0.297491,0.063937,0.009343,0.064603,0.168704,-0.073024,0.146388,-0.064417,0.072653,0.149540,-0.073386,-0.186602,0.076300,-0.081635,0.062534,0.254121,0.071368,-0.171539,0.165177,-0.147011,0.011650,-0.124627,-0.192202,-0.017174,-0.246748,0.160360,-0.066258,0.129619,0.096950,0.060230,0.033615,-0.159786,-0.075711,-0.047579,0.210843,-0.072212,0.092023,0.217770,-0.064077,0.224293,-0.089893,0.032665,0.036434,0.310812,0.161402,-0.069624,0.102188,-0.099363,-0.072225,-0.083626,0.049635,0.036248,-0.049427,-0.047531,-0.186899,0.256263,0.218881,-0.097803,0.305553,0.223955,-0.041599,0.306434,0.058664,-0.041577,-0.171392,-0.047022,0.014707,0.047449,0.061573,-0.089893,-0.034671,0.035824,-0.121892,-0.028700,0.010509,-0.072763,0.000883,0.011104,-0.157286,0.063149,0.188737,0.027472,0.056872,0.141858,-0.053251,0.310852,-0.099829,-0.035420,0.130457,0.099545,-0.162694,0.103617,-0.171175,-0.108231,0.063493,0.024276,0.158347,0.001485,0.158214,0.175324,-0.000892,-0.115935,0.069991,0.087404,0.094285,0.224448,-0.058700,0.143510,0.207185,0.112042,-0.142367,0.108095,0.112637,0.032290,0.134159,0.040471,0.213156,0.190743,-0.205973,0.056607,0.033551,0.333495,-0.014636,-0.173963,0.276940,-0.088252,0.084249,#
6,0.099629,0.172163,0.168202,0.185437,0.203988,0.082007,1.000000,0.002431,0.040759,-0.145698,0.195324,0.062034,-0.244745,0.091128,-0.090384,-0.014484,0.103059,0.190838,0.077750,0.114831,-0.041283,0.018321,-0.182995,-0.047306,-0.281737,0.027045,-0.135267,-0.208417,0.112600,-0.026654,-0.149981,0.029641,0.072737,-0.021565,-0.118323,-0.185553,-0.108320,-0.005295,0.085452,0.176104,0.021423,0.017462,-0.091682,-0.020821,-0.048287,0.019081,0.257472,0.333295,0.125139,0.258556,-0.155091,0.022577,0.111070,0.104152,-0.187136,-0.033177,0.167066,0.237126,0.183321,0.134603,0.064598,0.216481,-0.282861,0.121657,-0.044955,0.235215,0.085577,0.075089,0.148475,0.034031,0.045341,0.140097,0.243589,0.016956,-0.043516,0.008092,-0.068538,0.021687,0.177899,-0.093731,0.153470,0.099341,0.179759,-0.085101,0.150187,-0.000962,0.019771,0.096863,0.087096,0.190716,0.022614,0.049206,-0.063352,0.114412,-0.019107,0.083508,-0.050357,-0.079513,0.134015,0.156487,0.215712,0.027619,-0.000139,-0.013311,-0.367955,-0.051658,-0.072623,0.106759,-0.137369,0.052065,0.133318,0.097616,-0.001429,-0.014582,-0.112399,-0.024977,0.241695,-0.141657,0.119051,0.146386,0.031798,0.098917,-0.029773,-0.148512,0.052292,-0.197839,-0.197298,0.222020,0.097103,0.243050,0.122512,-0.173282,0.199984,-0.087368,0.380582,0.128570,-0.004591,0.191724,-0.040790,0.091951,0.087888,-0.359589,0.030627,0.441486,-0.026977,0.173235,0.051336,-0.037664,0.233824,-0.217670,0.077354,-0.214033,0.177998,0.051954,0.203144,-0.058531,-0.223117,-0.001073,0.280557,-0.079700,-0.025641,0.222119,0.028205,-0.033884,0.217999,0.117697,-0.018394,0.113381,0.079436,0.103176,-0.138342,-0.108540,0.006902,0.064979,-0.080198,0.146768,0.055536,0.262714,0.129960,-0.139385,-0.164655,0.111733,0.001934,0.384716,0.223225,-0.056697,0.085693,0.112672,0.229116,0.290470,0.040482,-0.113484,0.201316,0.038423,0.032866,0.117074,-0.113817,0.162829,-0.081978,0.179613,#
7,0.076394,0.004124,0.295694,0.262637,-0.105628,-0.077773,0.002431,1.000000,0.012808,0.306428,0.178507,0.235293,-0.040971,0.249209,0.063633,0.046136,-0.048242,0.130305,0.057358,0.131651,0.178393,0.223293,0.157621,-0.030334,0.234934,-0.001885,0.270884,0.151807,0.299977,0.056240,0.156200,0.307438,0.260163,0.060685,0.051177,0.122947,-0.005439,0.123253,0.079869,-0.027942,0.025805,0.181304,0.294919,-0.016221,-0.169058,0.133630,0.045556,0.433708,0.308511,0.284890,0.173861,0.086193,0.152458,0.155164,-0.023869,0.090409,0.108390,-0.000486,-0.002046,0.280675,0.024965,-0.051701,0.135151,0.316728,0.251355,-0.092795,0.014781,0.126076,0.038952,0.276180,0.048804,-0.188349,0.414078,0.125428,0.073482,0.292925,0.274397,0.216187,0.182951,0.192478,0.054278,0.048184,0.186778,0.270562,0.235656,0.085177,0.249380,-0.027812,0.163407,0.195532,0.124454,0.051947,0.273083,0.111319,0.099652,0.055099,0.078859,-0.052812,0.088282,-0.135331,0.278678,0.033806,0.152025,0.076095,-0.051232,0.215883,0.290196,-0.038282,0.020590,-0.037866,-0.104120,-0.044451,0.097820,0.109264,0.184337,0.092808,0.071126,0.184418,0.357276,0.188078,0.254428,0.113760,0.132921,0.297494,0.077907,0.016484,-0.036859,0.223746,0.072315,-0.003227,0.002984,-0.003135,0.066659,0.233984,0.292925,0.041322,0.155939,0.304922,0.152053,0.390681,0.323420,0.182648,-0.033240,0.143652,0.121947,-0.107122,0.281120,0.278407,0.247273,0.215971,-0.005919,0.360369,-0.069576,-0.186936,0.007940,0.227665,0.030058,0.180377,0.169003,0.146922,0.111987,0.222450,-0.060368,0.181450,0.209603,0.054764,0.256854,0.233272,0.199318,0.097962,0.076941,0.088996,0.136057,0.067153,0.100408,0.071228,0.077825,0.024699,0.152424,0.013116,0.082399,0.146186,-0.009819,0.062705,-0.094502,0.125166,0.246927,0.173946,-0.070213,0.006502,0.076254,0.092506,0.338233,0.136011,0.081109,0.213774,0.141350,-0.049784,0.074216,0.152424,#
8,0.077519,0.184425,-0.141574,-0.007931,0.182271,-0.039084,0.040759,0.012808,1.000000,-0.112655,0.050673,-0.006790,-0.071740,0.205804,0.165498,0.032903,0.033136,-0.070009,-0.183571,0.139472,0.088509,0.105663,0.034317,0.034826,0.004067,0.027930,-0.137992,-0.046679,-0.052388,-0.086701,0.069452,0.084093,0.086376,0.175297,0.004448,0.052577,0.064980,0.062905,0.001544,0.226153,-0.102507,0.035680,-0.166891,-0.081567,0.225603,0.067364,0.121533,0.052213,-0.050082,0.088466,-0.342153,0.014606,-0.156573,0.252819,0.147155,0.077055,-0.106593,0.095874,0.110312,0.202416,0.179312,-0.119077,0.164606,-0.017838,0.185533,0.043471,0.134838,0.126146,0.171023,0.114513,-0.207585,0.015883,0.280114,0.027802,-0.237283,-0.262538,0.095369,-0.170916,-0.129953,-0.058448,-0.094054,0.095671,0.047914,-0.178219,0.083159,0.073656,-0.034433,0.011487,0.186749,0.184041,0.000208,0.028160,0.054904,0.079768,-0.100792,0.215451,-0.043618,0.084900,-0.002148,-0.142895,0.126291,-0.318566,-0.050661,-0.038111,0.164052,0.025936,0.220525,-0.061397,-0.164298,-0.209375,-0.073685,0.096725,-0.317073,-0.000981,-0.037577,0.231532,0.113572,-0.121821,-0.085277,0.054522,0.159619,-0.135855,-0.023297,-0.054800,0.211489,0.259157,0.040621,0.201580,0.017378,-0.083768,-0.131018,-0.094580,0.006276,-0.110854,0.238991,0.046268,0.063585,-0.005131,0.155647,0.167034,0.145721,0.036057,-0.091951,0.037945,0.089671,0.139985,0.001311,0.244960,0.132386,0.146742,0.105386,-0.117246,-0.107790,0.114063,0.212454,0.062953,-0.086095,0.140461,0.002947,0.057631,-0.197355,0.108244,-0.128300,-0.084038,0.090223,0.169018,0.051063,0.169234,-0.128181,-0.016332,0.185885,-0.246770,-0.081744,0.133270,-0.005033,0.186754,-0.088657,0.170739,0.072517,-0.018846,0.081924,-0.041385,-0.244140,0.154942,0.006479,-0.122026,-0.122340,-0.119672,0.098516,-0.043531,0.021428,-0.032538,-0.098764,-0.041463,-0.049458,-0.082317,-0.068085,-0.356901,-0.010233,0.072517,#
9,0.297753,0.053118,0.196558,0.188688,-0.147954,0.126867,-0.145698,0.306428,-0.112655,1.000000,0.223323,0.171676,-0.048520,-0.117369,0.227185,0.123716,0.049529,0.047986,0.095050,0.117005,0.104952,0.166280,0.185338,0.002148,0.135242,-0.051272,0.198716,0.050337,0.171697,-0.010058,0.278387,0.174925,0.098333,-0.037414,-0.001936,0.224734,0.110358,0.185835,0.150937,0.137062,0.203433,0.356773,-0.003178,-0.160881,-0.063122,0.265567,0.019787,0.218252,0.011971,-0.054319,0.257308,0.242231,0.259239,0.012310,0.194377,0.159756,0.329285,0.225095,-0.104701,-0.016168,-0.027082,0.061952,0.265871,0.144539,0.259893,0.074438,-0.128698,0.009985,-0.003086,-0.020646,0.021686,0.024026,0.201075,0.133034,0.182326,0.356566,0.392434,0.177384,0.226468,0.238323,-0.110171,0.187117,-0.106127,0.144869,0.003148,0.298192,0.344231,0.087121,0.124282,-0.089354,-0.083876,0.165849,0.045947,0.128059,0.220302,-0.093091,0.307137,0.025631,-0.058039,0.096159,0.098140,0.173458,0.333047,0.034046,0.002292,-0.017088,0.161462,0.231431,-0.044686,-0.133345,0.214817,0.192136,0.202275,0.115375,0.043697,0.234614,0.293776,0.317110,0.479858,-0.088427,0.298852,0.229528,0.236257,0.257116,0.137210,0.160966,-0.046708,0.077462,0.097002,0.074806,0.077243,0.280729,0.138965,0.042708,-0.049464,-0.267969,0.074488,0.096233,-0.071113,0.187178,0.076976,0.412107,0.074638,-0.007020,0.094481,-0.127320,0.033448,0.114460,0.114646,0.245607,0.013724,0.103078,0.133012,0.107711,-0.179086,0.315590,0.315779,0.135810,0.250879,0.168895,0.118515,-0.006470,-0.093048,0.125258,0.291955,0.029192,0.084841,0.264127,0.251242,0.136768,0.176138,0.170861,0.323817,0.059654,-0.077112,0.144253,0.346854,0.114791,-0.088010,0.289470,-0.057324,0.290291,0.233670,-0.181844,0.066626,0.143678,0.309018,0.192655,0.192864,0.164248,0.141970,0.108506,0.063287,0.073074,0.271633,-0.022876,0.047385,-0.076678,0.234202,0.095165,#
10,0.189272,0.395095,0.117182,0.196200,0.188041,0.010506,0.195324,0.178507,0.050673,0.223323,1.000000,-0.051800,-0.069213,0.160280,0.210429,-0.152630,0.104352,0.130297,0.257597,0.220942,-0.042870,-0.031630,-0.051376,0.014246,0.107587,0.030122,0.236614,0.061971,-0.032234,0.065894,0.089537,0.105018,0.104074,-0.112429,0.013672,0.175904,-0.126010,0.169405,0.060900,-0.003701,-0.023806,0.044219,0.254794,-0.080884,-0.134131,-0.081627,0.091434,0.123734,0.302971,0.099223,-0.006924,0.223175,-0.004675,0.055843,0.112932,0.203699,-0.025115,0.264157,0.239521,0.045335,0.048382,0.202765,0.041779,0.193284,0.091532,0.020175,-0.047851,-0.051616,-0.051120,-0.011712,0.001917,0.021265,0.098004,0.197546,0.049377,0.109595,0.284687,-0.149454,0.129872,-0.147310,-0.203301,0.257501,0.009064,0.063584,-0.082963,0.046888,0.273879,-0.046456,0.104316,0.129846,-0.025607,-0.056853,0.034462,-0.145854,0.057423,0.172937,0.112168,-0.050064,0.224550,0.119816,0.179503,0.017395,0.022924,0.152329,0.228364,-0.118557,0.144246,0.133862,-0.041360,0.056925,0.020266,0.121486,0.113942,-0.071993,0.154941,0.230426,0.002090,-0.063465,0.218612,-0.180448,-0.126675,-0.145280,0.096947,-0.081615,0.116340,0.006881,-0.135409,-0.031153,0.074043,0.182360,0.143131,-0.055034,0.236861,-0.172854,0.078343,0.253592,0.107474,0.107258,-0.152888,0.274742,0.222660,0.052791,0.080410,0.107015,0.058002,0.098830,-0.184726,0.100322,0.191923,0.086431,-0.074990,0.085029,0.140901,0.039296,-0.038089,0.182015,0.263932,-0.016995,0.183843,0.163382,0.029704,0.235783,0.097758,0.129269,0.172240,0.157990,0.075474,0.105886,0.061790,0.012441,0.181402,-0.012343,0.047398,0.089051,0.065959,-0.173172,-0.010483,0.136403,0.242194,0.296018,0.184145,-0.007170,0.179530,-0.112431,0.123319,-0.151338,0.106689,0.120928,0.119652,-0.067136,0.120748,0.150294,0.000117,0.053992,0.099565,0.091029,-0.076773,0.271409,0.287040,0.312615,#
11,0.152339,0.094948,0.176634,0.282618,0.059695,-0.093761,0.062034,0.235293,-0.006790,0.171676,-0.051800,1.000000,0.068892,-0.030501,-0.147645,0.024069,0.107546,0.200423,-0.092717,-0.006625,0.102370,0.145568,0.020417,0.095063,0.089954,0.216483,-0.295834,0.081022,-0.209989,0.123840,0.204536,0.221310,0.122427,0.233478,-0.185833,-0.088712,0.181258,0.050125,0.012532,-0.123499,0.212542,0.163635,0.111338,0.257673,-0.138334,0.347497,0.233010,0.186446,0.116265,-0.039720,0.253313,0.131858,0.104058,0.143567,-0.141373,0.210480,0.402965,-0.094643,-0.009645,-0.028885,-0.021560,0.047632,0.110650,0.093378,0.272032,0.020846,0.032947,0.142226,-0.081734,0.138581,0.082079,-0.053821,0.143421,-0.013683,0.231056,0.161315,0.134390,0.284723,0.363129,-0.014200,0.198674,-0.193628,0.055954,0.109776,0.260723,0.080126,0.268359,0.288686,0.049070,-0.006719,0.265871,0.066071,0.123606,0.171507,-0.058852,0.051286,-0.113074,0.023802,0.078235,0.277895,0.203559,-0.072477,0.010102,-0.156514,0.119235,0.222559,0.148893,-0.006080,0.147642,-0.146717,0.050301,0.029638,0.117711,0.078069,-0.228409,0.341222,0.137690,0.020128,0.043409,0.229821,0.067708,0.222050,0.360077,0.081421,0.102683,-0.027895,0.168088,0.356367,0.135897,0.140296,-0.034868,0.141282,-0.059327,0.242671,-0.029165,-0.104812,-0.133546,0.219586,-0.065642,0.295428,-0.063524,0.096441,-0.077653,0.156496,0.026301,0.057795,0.247929,0.119650,0.451085,0.128978,-0.094391,0.166117,-0.093521,-0.073408,0.316688,-0.050116,-0.040048,-0.031055,0.230818,0.259182,-0.018204,0.228863,-0.137708,0.235391,0.244972,0.196762,0.060613,0.219569,0.488004,0.099938,0.256290,-0.115769,0.130287,0.062647,0.035230,0.237597,0.489612,0.009238,0.091003,-0.116710,0.087926,0.093055,0.003804,-0.080503,-0.190492,0.275983,0.177054,-0.065638,-0.111001,0.075932,0.039026,-0.136384,0.165066,-0.227523,0.207226,0.078472,0.024027,0.063930,-0.051842,0.264533,#
12,0.047874,0.222334,0.001273,-0.088095,0.139622,-0.003581,-0.244745,-0.040971,-0.071740,-0.048520,-0.069213,0.068892,1.000000,-0.120226,0.006225,-0.073374,0.049976,-0.048050,0.140309,0.214533,0.144763,-0.185112,0.155962,-0.001053,0.009971,-0.110407,-0.050516,-0.023831,0.097353,0.208212,-0.052734,0.035273,0.196671,0.035281,-0.007886,-0.033221,0.038191,-0.209588,-0.048469,0.208375,0.257965,0.076420,0.242893,0.003247,0.020357,0.236702,-0.002502,-0.184051,0.103694,-0.052101,0.184957,-0.059530,0.030937,0.037743,-0.138908,-0.025381,-0.067278,0.033866,0.183370,0.039068,0.161085,0.033596,0.023389,-0.048882,0.144153,-0.134402,-0.003945,-0.125324,0.043808,-0.135282,-0.160644,0.108159,-0.063305,-0.162021,0.007073,-0.056870,0.163061,0.020243,-0.179989,-0.129698,-0.146832,-0.208501,0.071788,0.102564,0.099012,0.306051,-0.020409,0.022436,0.085863,0.112559,-0.137746,0.181542,-0.129139,0.138941,-0.108483,-0.272186,0.179197,0.197677,-0.094232,-0.181906,0.019548,-0.003364,0.113938,0.088842,0.251484,0.118546,0.099061,-0.010640,0.046357,0.201469,0.055617,-0.198213,0.001169,0.133301,0.006238,0.154674,-0.025682,0.191468,-0.023914,0.138403,-0.014253,0.215849,0.182661,0.013276,-0.174014,0.122317,0.151989,0.021717,0.054233,-0.093229,-0.086724,0.143156,-0.154480,-0.056513,-0.131128,0.035058,-0.129226,0.040283,-0.110563,0.167645,0.075581,-0.037321,-0.298968,0.096396,-0.019699,-0.016581,0.246073,-0.136930,0.148580,-0.024108,0.060183,0.293210,-0.223216,-0.184712,0.057818,0.013366,0.037623,-0.194807,0.014327,-0.071324,-0.081851,0.099045,-0.004088,0.141680,-0.135642,0.041760,0.068965,-0.298293,0.016682,0.125434,-0.092207,0.114114,0.051443,-0.164424,0.071956,-0.164217,-0.075792,-0.068831,-0.261142,0.205433,0.033165,-0.001629,0.109228,-0.006058,0.077255,0.102089,-0.127676,0.150244,-0.129097,-0.188910,0.323455,0.264659,0.037869,-0.032627,0.076119,0.020438,-0.151267,-0.076555,0.087018,0.025413,#
13,-0.243983,0.158383,0.143676,0.127459,0.238714,-0.047106,0.091128,0.249209,0.205804,-0.117369,0.160280,-0.030501,-0.120226,1.000000,0.085559,0.063748,-0.197998,-0.132956,-0.068201,0.006924,-0.072702,0.142607,-0.116556,-0.063282,0.150775,0.052372,0.008728,0.136022,0.066469,-0.017678,-0.018605,-0.026664,0.206833,0.038580,-0.185352,-0.150043,-0.199668,0.121703,-0.253119,-0.119256,-0.023293,0.031248,0.233594,0.114111,-0.022796,-0.083765,0.035382,0.087441,0.083140,0.044930,-0.125255,0.069370,0.171682,0.073148,0.068937,0.363864,0.060356,0.074348,0.086839,0.172090,0.219806,-0.118939,0.233412,-0.117375,-0.141222,-0.116837,0.254673,-0.255851,0.261019,0.162391,-0.418038,-0.214081,0.096630,0.254265,0.103291,-0.064752,0.153067,0.109576,-0.016653,0.030320,0.128523,0.156516,-0.083287,0.212064,0.115440,-0.172385,0.190088,0.099915,0.080105,0.412781,0.036851,0.135571,0.259126,0.090990,-0.129541,0.275657,-0.079916,-0.021370,0.164271,0.015857,0.243106,-0.175512,0.123639,0.111203,-0.061698,0.122082,0.134608,0.118424,0.170094,0.035105,0.047477,0.021339,-0.010034,-0.014546,0.104030,-0.020302,0.035126,0.089890,0.124902,-0.010782,0.247268,0.159291,-0.206182,0.242109,-0.029667,0.086604,-0.053683,0.057293,0.286250,0.097855,0.057243,-0.122916,-0.123851,0.018545,0.242254,0.317115,0.157648,0.004534,0.240179,0.070561,0.062778,-0.019444,0.269605,-0.004883,0.176633,0.444270,0.210234,0.231000,-0.052281,0.272508,-0.070489,0.004618,-0.070989,0.151952,0.147646,0.106496,-0.020371,0.164514,0.110213,0.123842,0.119493,0.084049,-0.021443,0.239448,0.192169,0.325541,-0.128206,-0.016031,0.005490,0.331919,0.070515,0.113142,0.002314,-0.016342,0.081253,0.008398,-0.201750,0.043084,0.188106,-0.183382,0.029408,-0.070568,0.062372,0.193996,-0.244951,0.031867,0.000922,0.007220,0.061289,0.022348,-0.135834,0.132422,0.123947,-0.142799,0.010066,0.225449,0.165199,0.166657,0.183647,0.067657,#
14,0.265536,-0.005550,0.027430,-0.092924,0.027038,0.116293,-0.090384,0.063633,0.165498,0.227185,0.210429,-0.147645,0.006225,0.085559,1.000000,0.244181,-0.171935,0.073771,0.150178,0.199092,-0.024719,0.008377,0.199639,0.094250,0.323150,-0.020174,-0.042705,0.057498,0.182661,0.103064,0.059919,-0.106198,0.064856,-0.141958,0.027779,-0.009556,0.021817,0.202970,0.065003,0.071916,0.213399,0.096680,0.162444,-0.075459,0.023986,0.036635,0.012623,0.150997,0.059287,-0.059915,0.280136,-0.019126,-0.079335,0.036864,0.280619,0.190497,0.131456,0.154154,0.053497,-0.005941,0.173523,0.056190,-0.085365,0.143772,0.157788,-0.136671,0.055422,-0.059393,0.098206,-0.069549,-0.220051,0.232824,-0.069841,0.319176,-0.413075,-0.221020,0.038268,-0.026718,-0.246750,0.102022,0.107880,-0.043546,0.069392,0.257833,0.166515,0.170036,-0.091533,-0.154308,0.084872,0.189104,0.062049,-0.106254,0.189092,0.151121,0.022940,-0.265515,0.060267,-0.083102,0.240356,0.050982,-0.010171,0.053660,0.078991,-0.014063,0.114985,0.128687,0.177243,0.370314,0.022660,-0.074445,-0.213408,-0.115288,0.015136,-0.203477,0.127956,0.022673,-0.082689,0.190469,0.209784,0.090197,0.402292,0.107593,-0.054717,0.007071,-0.102264,-0.010403,0.018506,-0.029868,-0.245276,0.103918,-0.069944,0.090188,0.162092,-0.130285,0.026643,-0.229689,0.167938,-0.078785,-0.047996,-0.017068,0.249751,0.187308,0.198784,-0.153680,-0.051032,0.090077,-0.005413,-0.054268,-0.004904,0.017235,-0.057766,-0.292071,-0.000513,0.178303,-0.187246,-0.035831,0.145167,0.085535,0.068382,-0.276914,-0.001725,0.064307,-0.105515,-0.054326,0.040681,-0.147040,0.103034,0.231224,-0.198485,0.092222,0.233146,0.267872,0.103276,0.152683,-0.019746,-0.095183,0.285214,0.268884,0.165536,0.243764,0.021132,0.122768,-0.115461,0.140390,0.114386,-0.032368,-0.096798,0.162486,-0.114813,-0.097158,0.018786,0.089126,0.088871,0.327724,0.133613,-0.209233,-0.119682,0.098192,0.171334,0.177037,#
15,-0.125103,-0.066138,0.044785,0.090505,0.007708,0.194952,-0.014484,0.046136,0.032903,0.123716,-0.152630,0.024069,-0.073374,0.063748,0.244181,1.000000,0.081083,0.209936,0.037110,-0.013412,-0.077404,-0.119853,0.135456,0.015098,0.054689,0.161247,0.076760,-0.060132,0.032348,-0.156765,-0.007364,0.196311,0.036539,0.164845,0.053095,-0.158052,0.267550,0.216596,0.058028,-0.119723,0.340731,0.095387,-0.060903,-0.021309,0.079972,-0.004021,-0.052269,0.210274,0.035367,-0.124171,0.063888,0.243626,0.162106,-0.090904,-0.056871,0.096523,-0.194422,0.143508,-0.006537,0.060080,0.038042,0.047071,0.039969,-0.022748,-0.081909,0.043854,0.274139,0.178947,0.013790,-0.030431,-0.063554,0.384589,0.086422,0.019939,0.126053,0.238006,-0.015568,0.366385,0.101030,-0.022516,0.146468,0.149887,0.019068,0.039213,-0.042960,-0.048055,0.124533,-0.139724,0.205750,-0.044622,-0.066358,-0.075063,0.116805,0.193754,0.018087,0.011744,-0.163247,-0.080484,0.347709,-0.202178,0.239973,-0.038354,0.317842,0.169527,-0.095699,-0.019905,0.073473,0.168233,0.026980,0.125081,-0.103337,-0.037534,-0.118788,-0.114780,0.271394,0.222671,0.212549,0.158637,0.228894,0.091228,0.210271,0.290321,0.071791,0.303975,-0.034474,0.043183,0.033882,-0.111207,0.090647,-0.078590,-0.210832,0.335249,0.083090,0.208804,0.093648,0.108040,-0.000191,-0.246926,0.071736,-0.136383,0.022959,0.045184,0.267440,0.034178,-0.054825,0.021838,0.270628,-0.016875,-0.054444,0.251946,0.173381,-0.246415,0.106825,0.452736,-0.193024,0.317497,-0.041112,0.202118,0.119228,-0.260333,-0.179341,-0.047381,0.002794,-0.022030,0.091426,0.062643,0.133041,0.098464,0.206414,0.101163,0.076148,0.113386,-0.101823,-0.061935,0.065724,-0.124044,0.055800,0.089518,-0.075957,-0.101317,-0.021697,0.246285,-0.163776,0.109957,-0.124861,0.155851,-0.133012,-0.106921,-0.082158,-0.076335,-0.205531,0.061153,0.047013,0.300327,-0.004630,-0.072678,-0.044942,0.015491,-0.196371,0.067810,#
16,0.174581,0.140637,0.056958,0.219632,0.291346,0.339302,0.103059,-0.048242,0.033136,0.049529,0.104352,0.107546,0.049976,-0.197998,-0.171935,0.081083,1.000000,0.190883,0.046023,-0.130192,0.354564,0.034381,0.379853,0.243197,0.091184,0.394299,-0.032929,-0.101901,0.035860,-0.151834,0.178173,0.338936,-0.040564,0.241519,-0.217893,0.144390,0.118586,-0.048163,-0.056846,0.328509,-0.000276,0.288275,0.059914,-0.001154,0.126557,0.177847,0.134275,0.028049,0.278876,-0.025048,-0.090850,0.114007,0.292971,-0.065364,0.082017,0.047624,-0.200767,0.142812,0.233902,0.077025,0.036974,0.330027,0.033117,0.057464,0.066873,0.038524,0.324141,0.160471,-0.290771,0.255380,0.137191,0.116738,0.315036,0.083224,0.115678,0.342023,0.165066,0.122425,0.176536,0.053071,-0.059414,0.106717,-0.095942,-0.146763,-0.025998,0.102074,0.286662,0.224440,0.179252,-0.007212,0.076943,-0.018601,-0.145525,0.021300,0.028175,0.089242,0.028526,-0.204661,0.280291,0.111635,0.096065,-0.084590,-0.015063,0.215078,0.137691,-0.072905,0.116857,-0.125647,-0.164496,0.190335,0.226482,0.264271,0.144216,0.052487,0.142604,0.286164,0.239755,-0.008143,-0.043187,0.010055,-0.013900,-0.132194,0.359224,0.075130,0.072181,-0.061166,0.114233,-0.016828,0.088070,0.074036,-0.021313,0.344961,0.347044,0.035729,0.316582,0.224037,-0.004912,0.049298,0.081936,0.320193,-0.103233,0.006036,-0.193863,0.252081,0.096449,0.000960,0.025819,-0.066865,0.173892,-0.151420,0.159848,-0.137600,0.194519,-0.035553,0.046489,0.210127,-0.031323,-0.019705,0.196262,0.165095,-0.030433,0.254296,0.041901,0.168327,-0.081427,0.140372,0.262697,0.102572,0.085668,-0.078606,-0.110582,-0.237563,0.086304,-0.101538,0.100535,0.267423,0.063656,-0.048225,0.099470,-0.001849,-0.062542,0.021349,0.146847,-0.300242,-0.022584,0.035879,0.179902,0.222171,-0.050048,0.029598,0.070365,-0.128598,-0.061605,0.038321,0.355886,0.064074,-0.096471,0.252189,-0.047679,0.141056,#
17,0.433050,0.130691,0.031238,0.290874,0.096803,0.189455,0.190838,0.130305,-0.070009,0.047986,0.130297,0.200423,-0.048050,-0.132956,0.073771,0.209936,0.190883,1.000000,-0.010696,0.237407,0.300251,0.205965,0.285020,0.415941,0.178209,0.065086,-0.098175,-0.019441,0.113767,0.209000,0.037142,0.289132,0.394165,0.088578,-0.080837,0.059782,0.093386,0.452678,0.240868,-0.152360,0.173379,0.026874,0.116026,0.314645,-0.059227,0.117252,0.190684,0.158371,0.474421,0.183366,0.161292,0.035856,0.069516,0.061483,0.088831,0.173260,0.222916,0.368834,0.200744,0.336249,0.167240,0.029884,-0.072862,0.274015,0.026805,0.203812,0.297964,0.245121,0.110207,0.321396,0.390742,0.196203,0.319000,0.256175,0.103482,0.223092,0.344307,0.427722,0.083761,0.116615,0.069061,0.261572,0.408131,0.135748,0.119872,-0.001718,0.204616,0.124660,0.359322,0.077460,0.086844,0.020859,0.039459,0.203712,0.138441,0.112126,0.250129,0.352035,0.237685,0.148056,0.176228,0.046225,0.110597,0.196377,-0.041256,0.240157,0.199272,0.229980,-0.093211,-0.138376,-0.039053,-0.223067,0.066204,0.203809,0.055597,0.082210,0.311556,0.158095,0.116651,0.229223,0.103627,0.022131,0.058465,0.362504,0.359435,0.073072,0.317299,0.191824,-0.020391,0.028875,-0.206395,0.296954,0.378874,0.389897,0.116035,0.213084,0.371435,-0.022124,0.269329,0.356714,0.112251,0.201738,-0.000660,0.164911,0.343174,0.083346,-0.033993,0.043172,0.178077,0.079159,0.241904,-0.191790,0.030501,0.192898,-0.006004,0.211310,0.053992,0.163523,0.473196,0.145400,0.125947,0.359816,0.085994,0.013298,0.288614,0.150476,0.138858,0.313353,0.075375,0.197366,0.498692,-0.045110,-0.084030,0.236209,0.287220,0.012181,0.228812,0.101390,0.021993,0.265933,0.017603,0.476466,-0.037895,-0.092064,0.114648,0.104956,0.186697,0.345463,0.130994,0.047633,0.009929,0.240821,0.067218,0.177709,0.422793,0.310931,0.261264,0.127230,0.095467,0.210862,#
18,0.160012,0.013609,0.040854,-0.082784,0.068173,0.137080,0.077750,0.057358,-0.183571,0.095050,0.257597,-0.092717,0.140309,-0.068201,0.150178,0.037110,0.046023,-0.010696,1.000000,0.266623,0.012552,-0.039837,-0.298450,0.174658,0.112270,0.192800,0.115980,0.099778,0.026656,-0.085886,0.034623,0.134955,0.161118,-0.233589,0.002142,0.086548,-0.041981,-0.111009,-0.055749,0.075119,0.031665,0.064852,0.079975,-0.053936,-0.090089,0.008559,-0.136744,-0.002713,0.055242,0.074927,0.038218,-0.180001,0.080248,0.150012,0.048986,-0.136655,-0.011131,0.088463,0.120872,-0.177478,-0.072152,0.067819,0.015382,0.123328,-0.186597,0.107437,0.107289,0.016044,0.002339,-0.213119,-0.060224,0.015968,-0.045648,0.201514,-0.142957,-0.099884,0.025972,0.031596,0.148382,0.112872,0.206384,-0.238548,0.086384,0.075606,0.008812,-0.199364,0.117748,-0.189353,0.032135,-0.081504,0.033626,0.057313,0.057594,-0.076227,0.119288,-0.126969,0.191342,0.009247,0.156159,0.150614,0.018702,0.244702,0.128783,0.064482,0.110883,0.135394,0.011033,0.113520,-0.061990,0.172232,0.102457,0.192885,-0.068463,-0.008652,0.032708,-0.206254,-0.020803,0.101845,0.360177,-0.009368,-0.156880,0.058011,-0.065598,-0.101654,-0.099664,0.028677,-0.166104,0.054736,0.096488,0.051580,0.025367,0.042936,0.073311,-0.099995,0.126826,-0.088346,-0.015410,0.227648,0.040605,0.256061,0.307767,-0.135867,-0.166082,-0.045526,0.153926,0.030818,-0.056626,-0.135047,0.085132,-0.073473,-0.115543,0.037179,0.255028,-0.064861,-0.092496,0.289345,0.176974,0.095421,-0.025197,-0.132426,-0.056088,-0.006733,0.015879,0.105618,0.067958,-0.042038,0.111733,-0.002606,0.164504,0.057926,-0.177131,-0.047226,-0.016238,-0.005813,0.087381,-0.218126,0.030020,0.199215,0.438290,0.230784,-0.018962,0.227944,0.006410,-0.263667,0.249827,0.147214,0.090556,0.252222,0.043932,-0.016345,0.240971,0.171968,0.070208,0.248473,0.048143,0.048123,0.005082,0.203713,0.110297,0.229625,#
19,0.342233,0.071128,0.101282,-0.051819,0.204273,-0.191805,0.114831,0.131651,0.139472,0.117005,0.220942,-0.006625,0.214533,0.006924,0.199092,-0.013412,-0.130192,0.237407,0.266623,1.000000,-0.104170,0.193934,0.070377,0.091427,0.085030,0.044307,0.096816,-0.118434,0.129337,0.201325,-0.123356,0.096023,0.266933,-0.160843,0.190512,0.197039,-0.234266,0.069911,0.365378,-0.001260,-0.070663,0.034085,0.067354,-0.110899,-0.010293,0.101531,0.164619,0.228895,0.280633,0.150764,-0.019688,-0.040846,0.033108,0.382938,0.130655,0.106293,0.135695,0.262165,0.079075,0.132527,0.094897,0.116099,0.018848,0.015785,-0.124680,0.130219,0.073851,0.130885,0.191101,0.164042,0.042206,0.033889,0.137859,-0.091726,-0.106596,0.053306,0.265207,0.143943,0.054971,-0.095188,0.040608,0.086091,-0.018009,0.062122,0.226422,0.030998,0.122556,-0.027284,0.186463,0.079316,-0.107106,0.071162,0.082680,0.025863,0.201729,-0.093792,0.174024,0.284695,0.043566,0.125817,0.052967,0.014222,0.129673,0.153947,0.090466,0.103224,0.226454,0.453876,-0.062833,-0.259398,0.011334,0.102580,0.170825,0.136125,0.183443,0.199202,0.081677,0.153187,0.349507,0.000761,0.269727,0.276606,-0.003335,0.107930,0.338820,0.189565,0.136982,0.105838,-0.164476,-0.053568,-0.052406,-0.075620,0.206894,0.097448,-0.046584,0.046621,0.254281,0.098871,-0.050827,0.334938,0.182149,0.206534,-0.003353,0.127990,0.190920,0.067362,0.060347,0.235281,0.264696,-0.071156,0.100175,-0.035804,0.059109,0.140277,-0.089156,0.025978,0.070307,0.143496,0.075250,-0.220848,0.140200,0.108905,0.155936,0.003512,0.150799,0.144034,0.017621,-0.021078,-0.083139,0.049452,0.280157,-0.143535,0.126261,-0.039668,0.051562,-0.108127,0.123587,0.279715,-0.017401,0.175561,0.124700,0.347845,-0.116872,-0.037097,0.061852,-0.013024,0.066920,0.284996,0.189843,-0.058591,0.095447,0.170965,0.132847,0.243452,0.097199,0.023132,0.130306,-0.070752,0.300540,0.400993,#
20,0.167742,-0.021388,0.118771,0.022649,0.013194,0.326825,-0.041283,0.178393,0.088509,0.104952,-0.042870,0.102370,0.144763,-0.072702,-0.024719,-0.077404,0.354564,0.300251,0.012552,-0.104170,1.000000,0.049470,0.200313,0.360522,0.184533,0.220645,-0.095822,0.196647,0.031164,0.096260,0.160602,0.160064,0.228593,0.100531,-0.005914,0.038987,0.042742,0.125632,-0.167691,0.148819,0.075540,0.321098,0.087725,-0.107056,0.025892,0.372002,0.091731,-0.033050,0.296256,0.131711,-0.094257,0.245454,0.211852,0.186704,-0.064622,-0.154404,0.065371,0.182825,0.142807,0.238418,0.029826,-0.081881,0.155242,0.176118,0.254301,-0.083043,0.334400,-0.057305,0.111515,0.119759,0.088321,0.094290,0.540677,0.289118,-0.054170,0.185442,0.209173,0.133723,-0.227937,0.368001,-0.113573,-0.051465,0.413663,0.059944,-0.016301,0.270121,0.313207,0.121086,0.227832,0.259457,0.107018,0.414662,-0.021027,0.080473,0.044855,-0.110364,0.119374,-0.018504,-0.038366,-0.094037,0.040294,-0.042605,0.046479,0.169694,-0.060787,0.097482,0.083299,-0.017769,-0.127674,0.195076,0.352871,-0.034455,-0.009558,0.330741,-0.091076,0.103449,0.352691,0.063105,-0.084615,-0.026333,-0.046484,-0.041726,0.014767,0.205501,0.123748,0.131334,0.283557,0.433279,0.121816,0.029483,-0.161634,0.286664,0.126557,-0.059434,0.260450,0.105630,0.033723,0.261293,0.279895,0.260854,0.054042,0.150666,-0.415838,0.148028,0.316879,-0.037837,-0.021907,-0.095420,0.005207,0.078957,0.035716,0.138427,0.001774,-0.177129,0.224214,0.229241,-0.016351,-0.137320,0.218782,0.223989,0.090187,0.174467,0.000601,-0.124394,0.300008,-0.007142,0.018767,0.129208,0.092119,0.009490,0.134293,0.010640,-0.115156,0.104830,0.044960,0.328611,0.028129,-0.070033,0.228368,0.216778,0.037008,0.083184,0.029222,-0.081697,-0.040905,-0.026362,0.174471,0.058151,0.005087,0.167360,0.199835,0.134476,0.000124,0.022369,0.274517,0.103970,0.080085,0.241425,0.009685,0.053686,#
