0,1.000000,0.471365,0.439248,0.462637,0.339412,0.384421,0.362544,0.521570,0.443967,0.296622,0.391564,0.483383,0.419642,0.403979,0.236721,0.450541,0.440542,0.530713,0.508252,0.442375,0.473576,0.371062,0.442384,0.352134,0.226245,0.470598,0.207292,0.404885,0.423548,0.354773,0.290392,0.462357,0.300612,0.349776,0.431433,0.298703,0.257069,0.455782,0.486084,0.485137,0.420412,0.376378,0.483184,0.411110,0.416835,0.284455,0.369533,0.390707,0.379280,0.318731,0.488019,0.466115,0.483026,0.577716,0.428918,0.411352,0.446074,0.474199,0.371284,0.520813,0.482316,0.283771,0.485184,0.324897,0.477502,0.245802,0.527552,0.201881,0.315908,0.249286,0.375545,0.542074,0.423662,0.568098,0.278509,0.430684,0.455738,0.198346,0.638969,0.377479,0.326302,0.438978,0.549008,0.502750,0.389141,0.393811,0.468841,0.537259,0.292440,0.580297,0.421938,0.277197,0.357013,0.432099,0.328758,0.334357,0.264848,0.312807,0.297031,0.462726,0.438692,0.392462,0.384146,0.359749,0.344566,0.523167,0.200163,0.461893,0.245696,0.264190,0.401821,0.482496,0.402583,0.516735,0.488138,0.560674,0.446669,0.441393,0.314012,0.312415,0.373185,0.525096,0.549439,0.513870,0.552670,0.428191,0.272623,0.372325,0.361226,0.432252,0.472898,0.424919,0.497405,0.431761,0.464781,0.502205,0.285282,0.603626,0.463665,0.571315,0.285643,0.249789,0.298171,0.381314,0.247829,0.243953,0.442088,0.164812,0.494231,0.384427,0.496002,0.544707,0.488076,0.510126,0.484434,0.359112,0.467431,0.428964,0.539005,0.395566,0.504468,0.377778,0.493534,0.394145,0.587588,0.344178,0.424061,0.481109,0.401698,0.234961,0.389767,0.320891,0.446008,0.625954,0.483166,0.416524,0.421754,0.476193,0.298251,0.273095,0.455495,0.432956,0.153111,0.392420,0.311459,0.381264,0.396764,0.333157,0.401172,0.167856,0.337170,0.470648,0.353324,0.477771,0.514310,0.355923,0.222371,0.550803,0.317041,0.409497,#
1,0.471365,1.000000,0.540128,0.530577,0.541803,0.520626,0.313147,0.557409,0.678777,0.530998,0.576030,0.386365,0.560209,0.446284,0.530406,0.567828,0.574659,0.477947,0.571049,0.596782,0.558968,0.602053,0.487651,0.436154,0.375589,0.366951,0.500126,0.590728,0.563987,0.456349,0.541760,0.589685,0.455217,0.533442,0.513155,0.508872,0.342235,0.623513,0.696241,0.401346,0.386176,0.344748,0.447183,0.388557,0.476834,0.390940,0.411245,0.388835,0.495133,0.379194,0.361912,0.556288,0.486667,0.548999,0.642017,0.331117,0.472414,0.383692,0.304992,0.331962,0.614164,0.470904,0.380190,0.394480,0.497958,0.449924,0.602337,0.310173,0.476877,0.550852,0.475598,0.488780,0.546322,0.460586,0.536377,0.541213,0.431858,0.358730,0.454909,0.466679,0.520503,0.383530,0.563965,0.539872,0.575241,0.393183,0.501168,0.616014,0.504350,0.522782,0.487097,0.328806,0.612994,0.598165,0.502321,0.380395,0.314388,0.480498,0.505318,0.546024,0.621342,0.445058,0.451260,0.427733,0.428293,0.602789,0.300100,0.477355,0.435732,0.475427,0.452880,0.407355,0.450378,0.567168,0.420789,0.433959,0.458547,0.437046,0.387310,0.360281,0.511821,0.465545,0.359506,0.500811,0.515182,0.390138,0.378673,0.371803,0.515769,0.549205,0.404833,0.617776,0.390706,0.363095,0.639021,0.499309,0.307416,0.449013,0.483588,0.512588,0.593689,0.443310,0.514637,0.591703,0.403396,0.461392,0.455509,0.384054,0.586097,0.374025,0.537881,0.653326,0.592082,0.468092,0.557896,0.528247,0.563397,0.417346,0.422652,0.461886,0.597612,0.452696,0.555607,0.517738,0.493235,0.345473,0.537569,0.442958,0.466625,0.244206,0.481344,0.411447,0.416535,0.452828,0.523748,0.539428,0.491655,0.764611,0.163604,0.343667,0.549897,0.527958,0.450882,0.558306,0.406724,0.582451,0.468055,0.377970,0.446357,0.371771,0.539069,0.537103,0.443362,0.558266,0.588420,0.315012,0.276349,0.518094,0.391971,0.393058,#
2,0.439248,0.540128,1.000000,0.401840,0.376905,0.490542,0.411106,0.418213,0.610867,0.287807,0.334176,0.335974,0.316087,0.368692,0.297645,0.467644,0.285933,0.492674,0.321948,0.439707,0.295742,0.349742,0.341455,0.520757,0.394094,0.346914,0.463489,0.551269,0.544261,0.310710,0.535608,0.443521,0.296509,0.366965,0.384247,0.322320,0.326292,0.390231,0.559780,0.444939,0.269744,0.386762,0.462332,0.269066,0.235233,0.219031,0.419315,0.285688,0.391942,0.446056,0.468502,0.553225,0.501464,0.515758,0.553707,0.365387,0.372453,0.320330,0.341253,0.419277,0.654678,0.351895,0.274994,0.396471,0.308895,0.379105,0.478994,0.405102,0.340018,0.472713,0.380574,0.388040,0.407489,0.397708,0.288195,0.365516,0.374682,0.243269,0.452718,0.312230,0.342657,0.476322,0.493999,0.491460,0.609246,0.369491,0.278092,0.675365,0.288895,0.466615,0.413360,0.221791,0.604031,0.491466,0.352230,0.390866,0.306063,0.317838,0.580104,0.488283,0.409423,0.327299,0.352224,0.291418,0.238286,0.440914,0.381180,0.388836,0.278943,0.272528,0.417181,0.337302,0.423713,0.343142,0.251800,0.279616,0.433225,0.544853,0.385269,0.260194,0.495827,0.300694,0.343991,0.611042,0.422738,0.257014,0.284727,0.484216,0.400159,0.523357,0.541366,0.423614,0.514173,0.446365,0.512786,0.472476,0.436421,0.486285,0.571179,0.500224,0.285307,0.426331,0.303878,0.242551,0.386628,0.479578,0.226394,0.384178,0.368901,0.357103,0.514279,0.471074,0.466441,0.463527,0.472476,0.372153,0.398030,0.159027,0.349168,0.292496,0.399493,0.246072,0.406387,0.359783,0.450011,0.333628,0.493043,0.259852,0.355764,0.273277,0.422341,0.280806,0.388687,0.401178,0.497337,0.447256,0.362789,0.506768,0.265571,0.333836,0.406628,0.536843,0.149275,0.585662,0.393302,0.425823,0.317994,0.305831,0.475052,0.313359,0.388328,0.471390,0.614661,0.454836,0.417063,0.331987,0.221353,0.446126,0.301746,0.587474,#
3,0.462637,0.530577,0.401840,1.000000,0.588383,0.561019,0.465835,0.511556,0.569725,0.423787,0.543886,0.385467,0.496909,0.441105,0.362056,0.572154,0.370389,0.512796,0.546193,0.543391,0.381534,0.280490,0.393002,0.310303,0.426823,0.508125,0.375223,0.580678,0.407447,0.437604,0.502828,0.652453,0.309086,0.485853,0.564047,0.426019,0.260950,0.549061,0.374724,0.585565,0.434975,0.360805,0.465478,0.666837,0.428910,0.483430,0.570377,0.242941,0.495563,0.226615,0.645557,0.500139,0.525025,0.374553,0.414475,0.561210,0.446661,0.427950,0.459309,0.609288,0.500764,0.312265,0.367527,0.483096,0.601941,0.432275,0.433381,0.420908,0.156132,0.236713,0.285610,0.479590,0.474672,0.487212,0.256108,0.455243,0.347282,0.351527,0.393886,0.473845,0.635118,0.334413,0.438834,0.432207,0.504528,0.568563,0.558889,0.471855,0.422755,0.436035,0.475063,0.393460,0.430964,0.552436,0.355110,0.411579,0.196154,0.328816,0.431901,0.482151,0.404894,0.559448,0.401163,0.238838,0.639022,0.391759,0.182031,0.299328,0.403307,0.337720,0.365273,0.319779,0.281246,0.414948,0.322054,0.614835,0.300736,0.344006,0.333266,0.268648,0.491583,0.518510,0.364341,0.441790,0.440635,0.532702,0.263615,0.531943,0.353748,0.412282,0.431166,0.478680,0.383858,0.361687,0.435690,0.503437,0.477426,0.506912,0.316753,0.483695,0.327433,0.479402,0.531026,0.346473,0.476559,0.612967,0.366112,0.469894,0.572367,0.377078,0.526343,0.535050,0.439880,0.516046,0.436805,0.336106,0.558190,0.373483,0.434595,0.375918,0.533002,0.380919,0.381919,0.330061,0.414459,0.432120,0.525260,0.367612,0.506648,0.163705,0.455620,0.445677,0.396604,0.503815,0.451201,0.380314,0.638761,0.525342,0.350040,0.360690,0.376006,0.534200,0.322785,0.542015,0.484502,0.581588,0.425352,0.257012,0.416240,0.548173,0.455376,0.413828,0.310140,0.315074,0.568779,0.510755,0.296504,0.494360,0.305126,0.363787,#
4,0.339412,0.541803,0.376905,0.588383,1.000000,0.641963,0.474008,0.564447,0.521641,0.380318,0.389664,0.516422,0.470639,0.409378,0.346759,0.562658,0.553591,0.625738,0.485488,0.655729,0.548184,0.319113,0.448725,0.482775,0.441306,0.504855,0.461026,0.416772,0.511226,0.466206,0.667255,0.629237,0.458225,0.417868,0.525022,0.461718,0.486281,0.566255,0.440297,0.503079,0.546659,0.296554,0.291254,0.487184,0.316932,0.462338,0.434749,0.482364,0.615431,0.425812,0.612309,0.502832,0.551678,0.431418,0.532686,0.568662,0.497352,0.522331,0.432044,0.429322,0.458916,0.373141,0.445344,0.429560,0.542375,0.572583,0.552956,0.358153,0.339292,0.364753,0.336331,0.482685,0.442768,0.563895,0.377681,0.317990,0.344102,0.447133,0.476322,0.561395,0.472656,0.454520,0.490088,0.469549,0.418622,0.463558,0.355210,0.346189,0.411395,0.436819,0.444108,0.510858,0.390432,0.541697,0.346108,0.424884,0.357287,0.305091,0.331140,0.480027,0.586070,0.547639,0.564832,0.346496,0.465671,0.439289,0.494535,0.509247,0.567801,0.417844,0.402687,0.341191,0.259468,0.590914,0.506004,0.454496,0.508773,0.542693,0.431686,0.163963,0.512368,0.369729,0.581351,0.433415,0.437153,0.634349,0.305359,0.626018,0.543837,0.478381,0.527223,0.468150,0.425014,0.408183,0.608055,0.502192,0.548691,0.579127,0.427613,0.410632,0.395675,0.437419,0.577488,0.460890,0.480632,0.374964,0.519263,0.494518,0.471557,0.433297,0.576245,0.568551,0.344367,0.445581,0.574300,0.575549,0.661865,0.354433,0.430354,0.392076,0.438632,0.321144,0.605531,0.335376,0.483506,0.440911,0.394967,0.298554,0.626007,0.366896,0.479148,0.471334,0.522200,0.397382,0.556669,0.453552,0.685975,0.554151,0.392914,0.420783,0.470582,0.467263,0.452136,0.437970,0.598178,0.540782,0.527632,0.521101,0.514088,0.477035,0.332139,0.365984,0.409538,0.506420,0.465560,0.402852,0.347767,0.545941,0.517551,0.289190,#
5,0.384421,0.520626,0.490542,0.561019,0.641963,1.000000,0.276992,0.472022,0.607824,0.212241,0.461860,0.446769,0.228860,0.203876,0.415368,0.630694,0.466530,0.481284,0.347360,0.621566,0.419794,0.382550,0.257692,0.333132,0.289827,0.514220,0.566892,0.453563,0.435310,0.361837,0.586677,0.596012,0.431382,0.322179,0.513259,0.453126,0.359789,0.493720,0.447729,0.400169,0.536009,0.313810,0.372840,0.325080,0.362756,0.551043,0.438342,0.385036,0.571119,0.170147,0.513539,0.457752,0.455627,0.619281,0.374252,0.615488,0.463486,0.476706,0.460723,0.467652,0.539837,0.444821,0.506172,0.545099,0.470223,0.388671,0.473043,0.259206,0.199858,0.444828,0.434562,0.467960,0.453838,0.512338,0.200778,0.404274,0.526294,0.238725,0.402264,0.505435,0.521401,0.364209,0.521324,0.402441,0.475203,0.449624,0.481830,0.559607,0.400441,0.409453,0.401751,0.334136,0.509116,0.656648,0.363567,0.289886,0.285390,0.195530,0.508108,0.393834,0.505868,0.487930,0.646229,0.316855,0.413044,0.467360,0.320116,0.386725,0.289558,0.455528,0.357380,0.497889,0.382260,0.377068,0.206199,0.422643,0.508537,0.388189,0.340508,0.315773,0.418178,0.364965,0.448534,0.490455,0.378773,0.476230,0.326909,0.535505,0.530449,0.555772,0.526990,0.521419,0.497809,0.523415,0.577262,0.429135,0.522493,0.492840,0.366973,0.571423,0.349675,0.270248,0.436403,0.442305,0.446380,0.389428,0.356906,0.355925,0.488100,0.440470,0.516368,0.507941,0.272158,0.545153,0.568196,0.276980,0.572106,0.307917,0.344005,0.401622,0.481073,0.390526,0.463523,0.226619,0.486418,0.350773,0.314455,0.459205,0.526213,0.372011,0.364795,0.425363,0.400467,0.420421,0.714160,0.387212,0.422929,0.461255,0.285107,0.348407,0.436492,0.497885,0.304707,0.417869,0.562501,0.534222,0.541985,0.314637,0.334976,0.526363,0.245152,0.475602,0.315245,0.428960,0.274198,0.412993,0.191924,0.364257,0.319157,0.309141,#
6,0.362544,0.313147,0.411106,0.465835,0.474008,0.276992,1.000000,0.321552,0.417150,0.278164,0.269242,0.253263,0.419146,0.497240,0.145540,0.334297,0.392039,0.519226,0.372684,0.443350,0.472743,0.223589,0.220767,0.358282,0.358793,0.330207,0.261052,0.333416,0.358780,0.363414,0.368378,0.560738,0.255728,0.399677,0.486474,0.345082,0.313141,0.222390,0.338686,0.471579,0.275363,0.504018,0.312255,0.299879,0.387344,0.187928,0.394209,0.130353,0.554112,0.327746,0.521454,0.580886,0.449005,0.283461,0.540015,0.415027,0.366014,0.464948,0.476973,0.405271,0.362942,0.347028,0.178409,0.330708,0.441376,0.391257,0.623782,0.207418,0.357100,0.292273,0.143244,0.391094,0.321664,0.503313,0.271380,0.216779,0.279257,0.222733,0.328280,0.300585,0.175208,0.465920,0.353263,0.507480,0.326603,0.333708,0.225523,0.331777,0.527629,0.404898,0.251221,0.404099,0.253103,0.397444,0.302545,0.353486,0.294957,0.272498,0.338053,0.280291,0.473746,0.366527,0.429222,0.289186,0.380887,0.232794,0.431594,0.286863,0.307867,0.394393,0.173811,0.194018,0.169413,0.528702,0.323832,0.252474,0.451504,0.443879,0.319028,0.188622,0.430281,0.400182,0.348923,0.450067,0.531206,0.454990,0.316291,0.440967,0.129291,0.330864,0.291338,0.370016,0.429635,0.274448,0.377383,0.436032,0.418552,0.446413,0.476876,0.359188,0.437480,0.375243,0.462225,0.321790,0.301615,0.411053,0.163603,0.262829,0.323757,0.281882,0.389335,0.459412,0.311860,0.471215,0.393114,0.433031,0.420925,0.140662,0.496909,0.332409,0.482518,0.359198,0.377836,0.346391,0.360044,0.423828,0.457645,0.288454,0.444886,0.319543,0.342356,0.261540,0.297925,0.269601,0.255723,0.386354,0.449277,0.418349,0.352089,0.299552,0.322548,0.375936,0.416477,0.523542,0.198880,0.372578,0.276188,0.482548,0.341186,0.291911,0.219982,0.442338,0.426898,0.447192,0.464856,0.262849,0.158716,0.473225,0.366964,0.388289,#
7,0.521570,0.557409,0.418213,0.511556,0.564447,0.472022,0.321552,1.000000,0.579288,0.410426,0.383229,0.559518,0.431031,0.461599,0.431524,0.509407,0.546155,0.591691,0.627205,0.571901,0.452737,0.373320,0.606040,0.411919,0.530101,0.501448,0.434471,0.510620,0.443091,0.439332,0.381512,0.586650,0.312186,0.417581,0.482302,0.322953,0.456091,0.399406,0.379521,0.360434,0.543507,0.353165,0.382123,0.448767,0.383786,0.417584,0.451823,0.402876,0.411093,0.250551,0.545458,0.491978,0.521900,0.573663,0.505457,0.439758,0.385059,0.510130,0.344375,0.473715,0.490867,0.393586,0.509876,0.352272,0.480243,0.457728,0.689196,0.488825,0.391445,0.447129,0.482017,0.162053,0.449324,0.561244,0.423938,0.276741,0.505178,0.223644,0.469516,0.390373,0.459544,0.454393,0.535090,0.471031,0.593658,0.391583,0.608743,0.493240,0.411716,0.532270,0.453761,0.458371,0.453371,0.548274,0.517770,0.462533,0.413143,0.470902,0.410444,0.506327,0.664498,0.345362,0.503731,0.387660,0.471417,0.482108,0.404020,0.482612,0.352870,0.274502,0.530542,0.379534,0.488465,0.571751,0.351371,0.459725,0.460319,0.356209,0.248209,0.394638,0.546179,0.499994,0.377785,0.587751,0.540418,0.483427,0.400270,0.528531,0.338121,0.345788,0.519837,0.435784,0.446293,0.255989,0.601616,0.658617,0.639363,0.492994,0.413022,0.556076,0.448159,0.469312,0.514808,0.289202,0.468016,0.468874,0.480193,0.331010,0.521396,0.380541,0.521918,0.585728,0.512230,0.507160,0.587244,0.587379,0.470084,0.366256,0.544730,0.266256,0.530527,0.327699,0.649039,0.252992,0.638411,0.412876,0.476373,0.477175,0.416411,0.211583,0.514320,0.550097,0.361953,0.499963,0.440141,0.569599,0.456293,0.508212,0.373653,0.397907,0.512321,0.395350,0.406248,0.544111,0.437059,0.509349,0.488785,0.431421,0.479668,0.353837,0.533638,0.558597,0.435159,0.380034,0.438138,0.361625,0.272746,0.522772,0.459763,0.377744,#
8,0.443967,0.678777,0.610867,0.569725,0.521641,0.607824,0.417150,0.579288,1.000000,0.493990,0.412479,0.532730,0.546900,0.405517,0.479997,0.586538,0.491309,0.581361,0.470442,0.603030,0.464324,0.493351,0.375160,0.385377,0.229867,0.554064,0.435832,0.605264,0.442401,0.386518,0.467603,0.548687,0.388061,0.511688,0.546490,0.440623,0.389450,0.481250,0.478134,0.441590,0.450438,0.406149,0.526661,0.443212,0.438095,0.276100,0.430264,0.308048,0.504635,0.413018,0.500785,0.550803,0.519569,0.645411,0.548181,0.496468,0.363805,0.509801,0.496422,0.366470,0.555254,0.506087,0.442952,0.414331,0.423822,0.523478,0.581202,0.476237,0.425985,0.537599,0.352435,0.476951,0.553438,0.638970,0.332757,0.393824,0.446566,0.457028,0.369384,0.475864,0.392932,0.419293,0.573947,0.568289,0.567074,0.510207,0.410834,0.542715,0.349028,0.415857,0.454697,0.422537,0.632968,0.458960,0.519580,0.396241,0.309635,0.460370,0.595856,0.431776,0.474596,0.479335,0.550966,0.460730,0.422166,0.517045,0.464851,0.502912,0.332236,0.428568,0.489223,0.447982,0.554218,0.525782,0.380793,0.417921,0.458525,0.410996,0.435546,0.460211,0.467569,0.302881,0.497934,0.523135,0.456298,0.526314,0.362507,0.480143,0.452807,0.458146,0.497796,0.384069,0.453119,0.523671,0.653579,0.465300,0.490411,0.580835,0.423491,0.602818,0.445565,0.576576,0.515198,0.374946,0.472968,0.393489,0.393267,0.234475,0.470697,0.488304,0.574542,0.615865,0.480278,0.687409,0.459642,0.483338,0.513876,0.352021,0.558634,0.575527,0.515841,0.430388,0.596889,0.515549,0.539506,0.278097,0.441556,0.494599,0.504710,0.478850,0.515239,0.396859,0.373839,0.472317,0.559076,0.533630,0.398258,0.617383,0.367581,0.208985,0.533982,0.596430,0.284673,0.667947,0.480965,0.553293,0.509462,0.358711,0.439619,0.407024,0.513537,0.471032,0.581423,0.482195,0.460025,0.441361,0.394129,0.405321,0.349324,0.543133,#
9,0.296622,0.530998,0.287807,0.423787,0.380318,0.212241,0.278164,0.410426,0.493990,1.000000,0.257847,0.191443,0.393745,0.376788,0.439652,0.333545,0.383982,0.457971,0.444303,0.462910,0.559263,0.373193,0.308998,0.317250,0.295752,0.382130,0.319310,0.598786,0.191635,0.528284,0.244216,0.410206,0.420228,0.443517,0.483518,0.382213,0.222805,0.330778,0.353044,0.514722,0.420428,0.551531,0.308696,0.372592,0.352900,0.205278,0.247713,0.283718,0.343784,0.159964,0.336298,0.428882,0.268368,0.329119,0.404549,0.304128,0.282967,0.525959,0.251201,0.348183,0.437695,0.294264,0.273428,0.314277,0.369448,0.599096,0.547189,0.435751,0.348771,0.234773,0.189652,0.314124,0.274061,0.382770,0.400438,0.420533,0.173685,0.460427,0.322021,0.485673,0.323713,0.367252,0.318928,0.569599,0.394453,0.259391,0.345538,0.369838,0.329501,0.289934,0.371786,0.182826,0.532341,0.388586,0.450930,0.388409,0.160923,0.348450,0.237371,0.384909,0.433972,0.313205,0.269499,0.363970,0.410854,0.489068,0.350794,0.358233,0.421379,0.380285,0.485792,0.349842,0.381875,0.358661,0.286818,0.419806,0.136436,0.399051,0.155741,0.183933,0.433001,0.273478,0.435933,0.479308,0.388468,0.385786,0.415984,0.253532,0.400381,0.292830,0.269902,0.523776,0.374420,0.396776,0.424160,0.301504,0.274325,0.497774,0.315914,0.499204,0.324521,0.622370,0.448020,0.325273,0.512928,0.450124,0.382630,0.478406,0.350741,0.255649,0.267534,0.421995,0.376242,0.421353,0.398242,0.412773,0.319359,0.431124,0.247794,0.433240,0.412457,0.367556,0.411026,0.440651,0.372672,0.336528,0.282326,0.301880,0.469953,0.158213,0.459517,0.506653,0.399982,0.403616,0.410408,0.563488,0.356654,0.435880,0.260071,0.386110,0.438211,0.373208,0.317582,0.483189,0.378477,0.714084,0.288427,0.272320,0.489792,0.174808,0.384246,0.402780,0.296684,0.332307,0.460545,0.289357,0.215840,0.286937,0.225516,0.249925,#
10,0.391564,0.576030,0.334176,0.543886,0.389664,0.461860,0.269242,0.383229,0.412479,0.257847,1.000000,0.392416,0.382772,0.383985,0.262388,0.511070,0.319912,0.340183,0.535391,0.447784,0.352744,0.341734,0.375425,0.389553,0.243779,0.335576,0.285735,0.585888,0.428203,0.474180,0.402943,0.383823,0.276136,0.477873,0.461051,0.451645,0.302614,0.519158,0.526398,0.215964,0.300381,0.328708,0.327734,0.441852,0.289562,0.533348,0.478666,0.399678,0.502178,0.281478,0.309287,0.407834,0.521263,0.343175,0.471236,0.230274,0.539182,0.457689,0.302104,0.345349,0.518232,0.455014,0.471015,0.373530,0.510736,0.262749,0.306782,0.119073,0.288473,0.408094,0.257390,0.497128,0.513814,0.332549,0.141542,0.539976,0.373254,0.459449,0.482473,0.291694,0.469268,0.407344,0.475681,0.444290,0.423133,0.213817,0.526753,0.500690,0.481938,0.411788,0.334776,0.287733,0.493639,0.531344,0.306384,0.378906,0.141436,0.363622,0.417058,0.612632,0.446094,0.357028,0.444729,0.447463,0.537915,0.483348,0.104329,0.395181,0.351951,0.498079,0.332067,0.234901,0.402620,0.351705,0.201730,0.295815,0.315109,0.330926,0.449125,0.372385,0.490069,0.584358,0.220776,0.375693,0.161144,0.416678,0.418712,0.405545,0.475282,0.380800,0.251170,0.382677,0.354305,0.403736,0.529763,0.463389,0.339652,0.337836,0.441509,0.362338,0.560878,0.320509,0.349482,0.382423,0.229414,0.318017,0.216830,0.348737,0.476256,0.219794,0.555697,0.441483,0.463139,0.365345,0.497113,0.403532,0.547052,0.444949,0.338980,0.367370,0.649505,0.335538,0.463898,0.373560,0.413795,0.245915,0.495500,0.402660,0.320866,0.223733,0.468183,0.318121,0.250166,0.364066,0.334211,0.414655,0.452134,0.532227,0.150496,0.468744,0.440409,0.247532,0.356511,0.385105,0.320063,0.491896,0.189938,0.433146,0.258227,0.499237,0.389943,0.325310,0.345876,0.454303,0.485223,0.416609,0.214162,0.494491,0.421938,0.408634,#
11,0.483383,0.386365,0.335974,0.385467,0.516422,0.446769,0.253263,0.559518,0.532730,0.191443,0.392416,1.000000,0.536977,0.320689,0.370538,0.502000,0.379646,0.498184,0.474720,0.435334,0.361991,0.230034,0.505647,0.364298,0.262950,0.436868,0.338518,0.369515,0.489429,0.314669,0.303896,0.407045,0.368298,0.397110,0.398601,0.313200,0.403362,0.434956,0.283348,0.397416,0.323772,0.309433,0.320604,0.487617,0.253510,0.369747,0.538949,0.346896,0.308476,0.394923,0.495035,0.447070,0.489094,0.479583,0.513517,0.443896,0.257435,0.299942,0.294545,0.384661,0.352506,0.367378,0.590722,0.364252,0.460841,0.428051,0.425085,0.228524,0.347209,0.501692,0.365216,0.367373,0.380719,0.561040,0.323094,0.223486,0.443092,0.370205,0.466436,0.195987,0.409270,0.308640,0.333405,0.336007,0.382158,0.405839,0.162557,0.298292,0.197866,0.269599,0.444728,0.504066,0.380106,0.353619,0.332054,0.510202,0.353368,0.390819,0.340751,0.252354,0.361811,0.309206,0.429848,0.332733,0.421542,0.493755,0.310031,0.429018,0.453453,0.327713,0.530182,0.381302,0.480978,0.414046,0.156954,0.355756,0.353773,0.343557,0.351036,0.447235,0.347861,0.333153,0.432247,0.364528,0.341236,0.524153,0.445892,0.372746,0.455405,0.374288,0.390525,0.318694,0.476248,0.450452,0.510302,0.438963,0.462803,0.384061,0.395177,0.347079,0.396275,0.385156,0.320185,0.338994,0.381034,0.215191,0.590398,0.307899,0.362173,0.513866,0.438868,0.322485,0.429493,0.453189,0.432268,0.386011,0.465738,0.340817,0.437548,0.356049,0.342703,0.318891,0.654432,0.295517,0.602558,0.142973,0.440728,0.278748,0.471410,0.372235,0.404003,0.347192,0.384438,0.565838,0.302732,0.436676,0.392971,0.400209,0.239188,0.420675,0.406399,0.342063,0.312207,0.447827,0.508464,0.296707,0.285924,0.534876,0.409234,0.275956,0.344688,0.374375,0.353735,0.322390,0.330489,0.441592,0.198383,0.505373,0.368427,0.175278,#
12,0.419642,0.560209,0.316087,0.496909,0.470639,0.228860,0.419146,0.431031,0.546900,0.393745,0.382772,0.536977,1.000000,0.365539,0.457397,0.401688,0.434143,0.473473,0.572052,0.532367,0.442719,0.272259,0.529519,0.394515,0.395726,0.340830,0.229676,0.417298,0.501483,0.289742,0.380696,0.425404,0.363690,0.508402,0.437570,0.476403,0.362213,0.302532,0.506115,0.371632,0.159820,0.247168,0.238110,0.497395,0.262709,0.257717,0.487276,0.211786,0.344357,0.410379,0.491028,0.468618,0.491719,0.442085,0.549212,0.309607,0.212889,0.363155,0.321688,0.308122,0.326268,0.202824,0.308417,0.280753,0.469060,0.489327,0.470365,0.199895,0.311071,0.402458,0.235004,0.346301,0.321141,0.454982,0.454550,0.280512,0.384907,0.326615,0.454241,0.421685,0.248597,0.348138,0.521088,0.498104,0.334253,0.522548,0.315362,0.420151,0.406401,0.381276,0.418917,0.409449,0.477398,0.270769,0.276087,0.444375,0.497520,0.507838,0.388611,0.223555,0.344823,0.401490,0.403716,0.362614,0.399517,0.366077,0.240257,0.261164,0.426482,0.369266,0.371700,0.282128,0.344328,0.474774,0.624009,0.324679,0.275416,0.288842,0.318888,0.270334,0.423625,0.380079,0.406700,0.389449,0.418778,0.497799,0.358832,0.298375,0.400841,0.371327,0.286420,0.303725,0.273872,0.237774,0.417581,0.493178,0.278536,0.441198,0.306427,0.257799,0.545426,0.579375,0.354311,0.414218,0.375250,0.180503,0.504834,0.310139,0.467225,0.554517,0.264043,0.464773,0.365679,0.342850,0.342346,0.495909,0.583413,0.446546,0.529082,0.402733,0.418391,0.347429,0.498289,0.397350,0.510832,0.157302,0.435665,0.423366,0.264729,0.208829,0.461919,0.358010,0.384051,0.449712,0.258339,0.283659,0.558454,0.630052,0.322026,0.268260,0.348375,0.407493,0.423736,0.457343,0.166204,0.388905,0.275067,0.388736,0.474154,0.395326,0.392761,0.373937,0.243253,0.425994,0.413654,0.413409,0.192385,0.498875,0.425312,0.224977,#
13,0.403979,0.446284,0.368692,0.441105,0.409378,0.203876,0.497240,0.461599,0.405517,0.376788,0.383985,0.320689,0.365539,1.000000,0.187673,0.433374,0.274553,0.516161,0.503094,0.424478,0.374218,0.271222,0.533191,0.273939,0.377102,0.366159,0.073731,0.478035,0.492559,0.425570,0.210600,0.465490,0.401114,0.532797,0.188994,0.197143,0.457378,0.382815,0.535123,0.407399,0.584982,0.259059,0.327483,0.314245,0.486889,0.305132,0.405559,0.354206,0.513715,0.356301,0.424995,0.658336,0.339697,0.314212,0.489049,0.390199,0.375715,0.371018,0.368411,0.336267,0.518366,0.305229,0.252074,0.370507,0.402328,0.480029,0.460659,0.165839,0.349650,0.219662,0.207424,0.407500,0.097145,0.565214,0.414618,0.255230,0.347804,0.221129,0.450800,0.252058,0.332152,0.242117,0.451249,0.395147,0.384585,0.352773,0.197953,0.247075,0.534936,0.405927,0.265181,0.382959,0.407719,0.419205,0.382068,0.223355,0.329964,0.257388,0.201614,0.460898,0.420765,0.283387,0.338721,0.492842,0.399674,0.565930,0.195744,0.463134,0.285441,0.265650,0.440544,0.333762,0.339764,0.462176,0.298792,0.441549,0.245318,0.447630,0.353986,0.230427,0.429213,0.423586,0.202913,0.302465,0.454649,0.289568,0.368290,0.283011,0.383655,0.227677,0.363265,0.357988,0.295541,0.210899,0.416184,0.473385,0.300243,0.456829,0.630776,0.309013,0.254209,0.465928,0.480642,0.270403,0.296645,0.349307,0.264883,0.369169,0.406470,0.298144,0.382688,0.412067,0.240342,0.535677,0.305422,0.382561,0.485385,0.332021,0.415934,0.325484,0.500509,0.410560,0.324415,0.375659,0.367822,0.325344,0.503271,0.359914,0.578288,0.165906,0.320866,0.420379,0.383135,0.350386,0.476656,0.485240,0.461147,0.535183,0.340965,0.292096,0.311056,0.298728,0.490293,0.465244,0.306113,0.382885,0.187139,0.423178,0.294989,0.296281,0.362296,0.457671,0.323005,0.409824,0.518172,0.071424,0.293787,0.500721,0.345422,0.286055,#
14,0.236721,0.530406,0.297645,0.362056,0.346759,0.415368,0.145540,0.431524,0.479997,0.439652,0.262388,0.370538,0.457397,0.187673,1.000000,0.413690,0.416271,0.288426,0.277477,0.458229,0.380955,0.308607,0.250747,0.394653,0.225388,0.180701,0.317971,0.425343,0.297471,0.349376,0.379747,0.425376,0.372926,0.275709,0.285022,0.259380,0.230789,0.370569,0.426029,0.186847,0.308124,0.252753,0.448937,0.376418,0.173207,0.245226,0.268117,0.207538,0.175401,0.034013,0.261194,0.255583,0.154090,0.516394,0.260455,0.319175,0.274533,0.203354,0.285910,0.180899,0.387062,0.357980,0.281823,0.231088,0.316580,0.293683,0.361870,0.286031,0.376160,0.415315,0.172119,0.269464,0.280703,0.209015,0.355120,0.325053,0.289943,0.213874,0.243389,0.150541,0.349840,0.371108,0.433689,0.500389,0.380891,0.370462,0.309680,0.455544,0.433249,0.220878,0.312044,0.042426,0.389117,0.486152,0.362670,0.361501,0.506888,0.338986,0.356272,0.146613,0.378064,0.248491,0.358727,0.137546,0.366800,0.482591,0.248300,0.242383,0.405415,0.228278,0.426700,0.430455,0.409475,0.338817,0.220667,0.351500,0.192585,0.317560,0.051450,0.229208,0.391073,0.306967,0.296861,0.440575,0.479730,0.106707,0.303382,0.440582,0.255790,0.389866,0.307168,0.357110,0.302973,0.349105,0.390234,0.371699,0.381817,0.348902,0.278515,0.494549,0.253972,0.384296,0.185031,0.378889,0.306542,0.343136,0.539929,0.349506,0.343398,0.116813,0.286947,0.400869,0.131093,0.315573,0.519387,0.273053,0.357902,0.317398,0.292419,0.270628,0.388873,0.148420,0.392494,0.275908,0.277636,0.050191,0.136672,0.318459,0.159147,0.259729,0.327735,0.389188,0.335174,0.477457,0.358992,0.506983,0.368668,0.420318,0.070174,0.132887,0.305814,0.395725,0.426121,0.390730,0.310508,0.423186,0.460586,0.210602,0.325097,0.193547,0.174387,0.329720,0.439597,0.346312,0.225714,0.281988,0.204634,0.265760,0.119877,0.242557,#
15,0.450541,0.567828,0.467644,0.572154,0.562658,0.630694,0.334297,0.509407,0.586538,0.333545,0.511070,0.502000,0.401688,0.433374,0.413690,1.000000,0.440458,0.519369,0.480741,0.599922,0.403881,0.351837,0.443358,0.391819,0.366197,0.483539,0.406683,0.544886,0.478367,0.511594,0.547091,0.531100,0.419545,0.515104,0.435945,0.434604,0.488984,0.522652,0.571463,0.410119,0.407067,0.401143,0.503233,0.472732,0.535362,0.394380,0.639707,0.526251,0.526461,0.462489,0.521167,0.514131,0.571543,0.574199,0.414306,0.447645,0.534028,0.414318,0.343935,0.353852,0.556432,0.507625,0.433906,0.584543,0.550585,0.465507,0.494371,0.295395,0.297719,0.349088,0.466233,0.412512,0.325606,0.468065,0.434411,0.365950,0.559316,0.455307,0.534495,0.493534,0.525655,0.436932,0.528312,0.514369,0.580047,0.567769,0.350657,0.560143,0.463405,0.379350,0.489699,0.415058,0.483796,0.510727,0.327222,0.501501,0.281746,0.382232,0.318197,0.371433,0.596221,0.397311,0.591612,0.469519,0.454651,0.550147,0.428466,0.533931,0.366332,0.526102,0.306941,0.325493,0.483067,0.466440,0.259950,0.504158,0.496648,0.510105,0.474609,0.388995,0.527586,0.369220,0.383418,0.495275,0.355430,0.450297,0.443600,0.386775,0.586467,0.619749,0.392404,0.324380,0.468469,0.361494,0.532306,0.474453,0.420122,0.440741,0.610583,0.534328,0.326432,0.329503,0.467948,0.376807,0.363670,0.426111,0.355418,0.380722,0.557100,0.473505,0.586075,0.444146,0.562190,0.615139,0.516589,0.409395,0.591280,0.410939,0.518432,0.417683,0.455091,0.510190,0.552051,0.233086,0.544149,0.375166,0.502768,0.585817,0.581471,0.275450,0.338895,0.574880,0.381328,0.510133,0.522863,0.607208,0.513079,0.549871,0.231637,0.357803,0.455240,0.510276,0.359736,0.428321,0.481233,0.557245,0.303235,0.300790,0.367646,0.439909,0.558244,0.464345,0.400190,0.448326,0.529464,0.343303,0.322840,0.529019,0.506291,0.479570,#
16,0.440542,0.574659,0.285933,0.370389,0.553591,0.466530,0.392039,0.546155,0.491309,0.383982,0.319912,0.379646,0.434143,0.274553,0.416271,0.440458,1.000000,0.512310,0.508411,0.515343,0.593798,0.513996,0.362199,0.275152,0.340583,0.505057,0.413576,0.221712,0.349790,0.288640,0.521719,0.621750,0.485325,0.512046,0.453031,0.490036,0.405883,0.356630,0.551078,0.411106,0.386466,0.413689,0.294717,0.326720,0.413757,0.405477,0.341520,0.325207,0.369586,0.305283,0.447858,0.374218,0.521167,0.676745,0.563122,0.469337,0.243774,0.483577,0.439626,0.358438,0.449001,0.423966,0.320749,0.369473,0.439196,0.385530,0.562125,0.307396,0.514267,0.554474,0.322437,0.326697,0.453006,0.457093,0.407534,0.274181,0.450705,0.346506,0.472389,0.519284,0.411340,0.522573,0.510607,0.470280,0.386877,0.260939,0.474221,0.388205,0.392398,0.385712,0.422967,0.331257,0.420099,0.525619,0.446906,0.540231,0.382770,0.361167,0.411655,0.318178,0.571596,0.358092,0.461290,0.361368,0.365411,0.584544,0.439008,0.334947,0.431158,0.429313,0.463737,0.467737,0.496758,0.460500,0.345822,0.549671,0.607264,0.431448,0.246185,0.175061,0.401950,0.468835,0.350943,0.498550,0.455337,0.512070,0.319590,0.481178,0.433079,0.298353,0.465946,0.471304,0.505922,0.249454,0.452238,0.459571,0.317713,0.454254,0.390258,0.496477,0.420763,0.409199,0.502134,0.521679,0.393276,0.315304,0.327893,0.300538,0.485993,0.376641,0.442150,0.486958,0.392342,0.404212,0.607429,0.501265,0.470544,0.415581,0.426649,0.434862,0.319130,0.393065,0.647364,0.436465,0.474837,0.519525,0.423822,0.500416,0.441784,0.274267,0.438449,0.463517,0.391166,0.334062,0.406272,0.345364,0.364913,0.487093,0.285216,0.292154,0.360830,0.373208,0.517961,0.404303,0.470572,0.590457,0.467902,0.379939,0.404191,0.324749,0.487905,0.383120,0.433860,0.462854,0.486710,0.217070,0.170468,0.462558,0.440989,0.332401,#
17,0.530713,0.477947,0.492674,0.512796,0.625738,0.481284,0.519226,0.591691,0.581361,0.457971,0.340183,0.498184,0.473473,0.516161,0.288426,0.519369,0.512310,1.000000,0.488323,0.670415,0.477096,0.386592,0.517195,0.574604,0.600171,0.534150,0.474897,0.518131,0.405936,0.550969,0.460480,0.527961,0.224884,0.489034,0.512087,0.496840,0.495803,0.475661,0.524817,0.499136,0.524662,0.422652,0.476607,0.402857,0.409132,0.326780,0.438794,0.500250,0.604195,0.491901,0.521214,0.484371,0.596188,0.510911,0.537291,0.534609,0.391839,0.418033,0.513343,0.226751,0.524553,0.458310,0.316114,0.466043,0.491427,0.628648,0.661486,0.333261,0.349765,0.407544,0.402994,0.423816,0.312674,0.532193,0.291936,0.271883,0.502812,0.439534,0.526515,0.558754,0.323153,0.449108,0.625443,0.471392,0.482903,0.452404,0.432687,0.450209,0.405807,0.503314,0.547032,0.403929,0.482681,0.472219,0.273767,0.479617,0.429421,0.317037,0.254920,0.572098,0.526096,0.341308,0.502837,0.441560,0.377733,0.442929,0.431740,0.442950,0.316785,0.393167,0.471911,0.448992,0.411966,0.577434,0.399334,0.379819,0.386658,0.460790,0.303915,0.277514,0.501504,0.408559,0.468057,0.516046,0.605874,0.532600,0.439684,0.476849,0.468388,0.467509,0.514693,0.574353,0.529539,0.390555,0.451120,0.589343,0.430129,0.535565,0.579009,0.606114,0.372129,0.483599,0.674142,0.400887,0.411575,0.473845,0.562701,0.442211,0.612398,0.352164,0.564713,0.444252,0.394292,0.567285,0.497011,0.669200,0.653701,0.397939,0.522434,0.512831,0.528940,0.394638,0.673523,0.312133,0.590057,0.506537,0.366328,0.440151,0.536999,0.238875,0.598260,0.437018,0.424817,0.466103,0.635377,0.386429,0.481082,0.612587,0.352720,0.509200,0.376342,0.637341,0.430754,0.544790,0.567089,0.529083,0.439341,0.508863,0.433922,0.303302,0.449372,0.537782,0.447991,0.468335,0.546050,0.546702,0.200993,0.666582,0.356349,0.348412,#
18,0.508252,0.571049,0.321948,0.546193,0.485488,0.347360,0.372684,0.627205,0.470442,0.444303,0.535391,0.474720,0.572052,0.503094,0.277477,0.480741,0.508411,0.488323,1.000000,0.630435,0.500930,0.384279,0.532014,0.249408,0.413486,0.524824,0.333533,0.516595,0.498943,0.520526,0.278407,0.538342,0.367636,0.548736,0.544199,0.572648,0.396767,0.413453,0.521823,0.342246,0.526671,0.258861,0.376446,0.484070,0.490356,0.344276,0.517871,0.437277,0.463738,0.282933,0.469982,0.546271,0.546331,0.446118,0.523019,0.381430,0.323596,0.582643,0.382581,0.534340,0.497551,0.361908,0.398155,0.346640,0.581126,0.416211,0.551406,0.346776,0.191596,0.422847,0.441538,0.276056,0.405384,0.505458,0.425884,0.264536,0.483437,0.343556,0.608090,0.372468,0.398944,0.362504,0.488850,0.526898,0.474061,0.464561,0.435593,0.449478,0.506749,0.398733,0.389410,0.435174,0.494873,0.558907,0.586352,0.394144,0.343028,0.476516,0.460569,0.485522,0.534566,0.314443,0.485070,0.508767,0.564200,0.548347,0.282896,0.426863,0.517129,0.437212,0.515510,0.390028,0.437530,0.526796,0.327987,0.385005,0.465643,0.273606,0.401659,0.329874,0.560493,0.612756,0.369695,0.446741,0.390960,0.457328,0.529864,0.304818,0.560704,0.330313,0.461543,0.363088,0.425836,0.302956,0.453918,0.574098,0.502967,0.526166,0.382129,0.471059,0.402445,0.582681,0.449332,0.500467,0.447956,0.487709,0.453591,0.255632,0.580177,0.431873,0.456500,0.621480,0.527096,0.474694,0.465173,0.559335,0.512255,0.564224,0.497442,0.347249,0.493345,0.356801,0.602740,0.377181,0.631403,0.391741,0.663886,0.505209,0.447572,0.206751,0.496628,0.650429,0.447009,0.342251,0.317294,0.421982,0.563857,0.681193,0.280725,0.525295,0.441182,0.452536,0.403214,0.505609,0.411582,0.529068,0.318187,0.507635,0.447589,0.368266,0.508401,0.363541,0.250211,0.502302,0.565505,0.425427,0.155784,0.571158,0.432833,0.423986,#
19,0.442375,0.596782,0.439707,0.543391,0.655729,0.621566,0.443350,0.571901,0.603030,0.462910,0.447784,0.435334,0.532367,0.424478,0.458229,0.599922,0.515343,0.670415,0.630435,1.000000,0.602060,0.476093,0.429154,0.410604,0.418766,0.452530,0.519101,0.473751,0.527155,0.529350,0.583856,0.661858,0.313196,0.530731,0.458994,0.614624,0.454800,0.409270,0.563363,0.391461,0.553721,0.391054,0.353001,0.476425,0.496051,0.403321,0.524362,0.417995,0.593932,0.171295,0.525849,0.556169,0.501544,0.572005,0.502264,0.344767,0.523850,0.531669,0.458262,0.284057,0.654230,0.493890,0.460985,0.536578,0.529428,0.544582,0.603967,0.336920,0.345190,0.489087,0.427597,0.407284,0.370984,0.519915,0.373758,0.136164,0.389829,0.295233,0.479538,0.433027,0.383581,0.387591,0.537123,0.503680,0.456225,0.433223,0.545403,0.445254,0.623142,0.398946,0.435360,0.433270,0.548232,0.620145,0.409782,0.423654,0.471311,0.280581,0.394907,0.480486,0.599943,0.420528,0.659707,0.409770,0.448242,0.423729,0.456129,0.503843,0.483421,0.442400,0.440014,0.394957,0.402097,0.514218,0.435867,0.313668,0.527223,0.557889,0.249163,0.339330,0.519532,0.481410,0.471603,0.636855,0.558928,0.474467,0.498412,0.471389,0.658171,0.607102,0.507518,0.495479,0.554359,0.406134,0.484772,0.523550,0.455809,0.530157,0.549210,0.648638,0.517433,0.507695,0.483389,0.499827,0.478301,0.403254,0.506005,0.234890,0.646161,0.381727,0.503437,0.602036,0.369245,0.482194,0.584839,0.584469,0.685870,0.523857,0.431463,0.402233,0.613314,0.455730,0.644157,0.355673,0.579895,0.386987,0.319922,0.521214,0.464721,0.455985,0.572744,0.623632,0.409677,0.349085,0.615982,0.523932,0.512694,0.677358,0.382139,0.418105,0.428239,0.570911,0.492431,0.613559,0.539916,0.563926,0.476140,0.574215,0.533999,0.500020,0.359160,0.448736,0.376884,0.675853,0.553689,0.576189,0.262275,0.521796,0.408538,0.359654,#
20,0.473576,0.558968,0.295742,0.381534,0.548184,0.419794,0.472743,0.452737,0.464324,0.559263,0.352744,0.361991,0.442719,0.374218,0.380955,0.403881,0.593798,0.477096,0.500930,0.602060,1.000000,0.424800,0.232737,0.318298,0.361513,0.452435,0.427115,0.428899,0.472972,0.505332,0.401170,0.522158,0.408251,0.498986,0.459421,0.493363,0.345864,0.333268,0.395830,0.518072,0.447724,0.586413,0.277398,0.546642,0.437638,0.352137,0.491195,0.358465,0.451915,0.261827,0.442143,0.462321,0.433620,0.557956,0.439120,0.413036,0.354377,0.478597,0.439808,0.380839,0.477417,0.401050,0.543800,0.293971,0.537258,0.517625,0.625212,0.277272,0.501836,0.422737,0.379890,0.408293,0.311026,0.525620,0.417408,0.172571,0.397440,0.372568,0.441569,0.568990,0.301568,0.519292,0.517752,0.593102,0.335810,0.320856,0.501036,0.362795,0.537313,0.567667,0.437035,0.481031,0.443346,0.574495,0.565736,0.383732,0.189029,0.271352,0.298360,0.418122,0.642663,0.382939,0.530979,0.519565,0.444212,0.371340,0.387222,0.569446,0.362587,0.589344,0.419931,0.475057,0.466755,0.403592,0.431958,0.406388,0.449179,0.491241,0.180598,0.222421,0.557383,0.464686,0.347372,0.598347,0.443344,0.509892,0.362587,0.365440,0.466288,0.426023,0.443144,0.479904,0.496415,0.504229,0.562566,0.337285,0.361784,0.550327,0.510181,0.618978,0.420737,0.352805,0.324688,0.553588,0.561046,0.388030,0.380130,0.295411,0.447492,0.452891,0.440334,0.529497,0.479441,0.474249,0.597356,0.543753,0.513218,0.440128,0.347404,0.550529,0.481331,0.507391,0.487533,0.399092,0.618498,0.245281,0.305582,0.349253,0.529037,0.346784,0.432665,0.497613,0.614769,0.325033,0.453010,0.497235,0.400034,0.545946,0.385887,0.357936,0.395820,0.429385,0.497857,0.464403,0.369347,0.553744,0.386365,0.548532,0.396060,0.180452,0.291606,0.351379,0.306685,0.593570,0.409800,0.266789,0.335130,0.368537,0.357536,0.320985,#
21,0.371062,0.602053,0.349742,0.280490,0.319113,0.382550,0.223589,0.373320,0.493351,0.373193,0.341734,0.230034,0.272259,0.271222,0.308607,0.351837,0.513996,0.386592,0.384279,0.476093,0.424800,1.000000,0.306739,0.488931,0.119238,0.274342,0.412252,0.297588,0.295930,0.337919,0.366037,0.366762,0.337948,0.309579,0.531247,0.425177,0.306512,0.429130,0.479693,0.210855,0.392595,0.452872,0.307839,0.263920,0.466033,0.260771,0.223948,0.419643,0.410168,0.156230,0.250181,0.468408,0.311954,0.292997,0.445775,0.287847,0.365515,0.260636,0.405030,0.136396,0.511923,0.310138,0.392261,0.188597,0.506957,0.272458,0.452604,0.268030,0.272365,0.317737,0.162326,0.379856,0.269256,0.373958,0.451109,0.332696,0.229828,0.230589,0.358720,0.424216,0.169800,0.215013,0.367603,0.313315,0.498369,0.167794,0.259672,0.456365,0.359120,0.381904,0.207724,0.104541,0.458067,0.376551,0.391602,0.279518,0.253014,0.112393,0.283668,0.399593,0.390553,0.291936,0.442039,0.246406,0.066601,0.469469,0.183185,0.228702,0.403080,0.462155,0.421143,0.367582,0.281021,0.449519,0.157785,0.188691,0.417943,0.352306,0.117192,0.191389,0.342274,0.342916,0.293479,0.378039,0.435155,0.294406,0.357262,0.377579,0.361948,0.356587,0.372375,0.374911,0.394428,0.259904,0.515710,0.293628,0.031530,0.256106,0.386931,0.542571,0.368083,0.258807,0.293198,0.269085,0.263875,0.304642,0.245188,0.270605,0.152949,0.308925,0.329692,0.535236,0.342028,0.369639,0.339410,0.388212,0.494355,0.221088,0.224098,0.371111,0.411958,0.229144,0.466626,0.306797,0.439076,0.318167,0.304048,0.458048,0.279152,0.368889,0.403463,0.193235,0.233781,0.152135,0.337986,0.304491,0.216109,0.490365,0.108007,0.176359,0.332766,0.440182,0.322913,0.368526,0.257592,0.457658,0.317474,0.135181,0.172284,0.334506,0.403435,0.354048,0.270300,0.323568,0.398559,0.316916,0.290326,0.453150,0.205960,0.321768,#
