0,1.000000,-0.153705,0.310045,0.082389,0.165583,-0.115953,-0.068251,-0.039815,0.170097,0.011407,0.205119,-0.038109,-0.006122,0.043682,0.248714,-0.056397,-0.031110,0.049965,0.261576,0.158087,0.110462,0.365152,0.004632,0.190603,0.251346,-0.080038,0.197106,0.055877,0.348258,0.323738,-0.122526,-0.016715,0.048543,-0.007167,-0.188862,0.032865,0.163390,0.007948,0.145910,0.209449,0.139888,0.093938,0.187889,0.087737,-0.104764,0.096262,-0.001542,0.120195,0.207221,0.101252,0.198377,-0.110577,0.188229,0.220918,0.171341,0.220841,0.120283,0.176119,-0.350309,-0.151456,0.159678,-0.067695,0.124058,-0.036216,-0.028550,0.073471,-0.031749,0.025995,0.141004,0.022127,0.080465,0.035233,0.279842,0.082122,-0.002389,-0.107892,0.092456,0.082344,-0.033293,-0.045338,0.250906,-0.095757,-0.011045,0.160732,0.277265,-0.025460,-0.037112,0.146742,0.075909,0.033365,-0.038839,-0.064253,0.091421,0.144198,0.415729,0.078628,0.388104,0.122693,0.148871,0.229360,0.191262,0.158746,0.143141,0.278348,0.043334,0.145218,0.176649,0.103019,0.090120,-0.065421,-0.004524,0.060728,-0.015963,0.216339,-0.136690,-0.164928,0.084381,0.198665,0.027173,-0.012452,0.320630,0.280538,0.056809,0.056614,-0.003091,0.288321,-0.000523,-0.012678,0.104373,0.105952,0.310955,-0.038722,0.241823,0.131053,0.086526,-0.193985,0.321320,0.024422,0.157768,0.284971,0.183417,0.156508,0.139925,-0.181213,0.062770,0.042370,0.096281,0.206943,0.023046,0.047393,0.096781,0.068815,0.327024,0.052773,0.138629,0.031807,0.010647,-0.028368,0.115002,0.276911,0.115256,0.148556,-0.061679,-0.008315,0.127198,-0.100453,0.236667,0.168772,-0.001378,0.122981,0.337394,-0.017890,0.100238,0.187728,-0.100887,0.117842,0.313679,0.083164,0.127735,-0.004136,-0.112883,0.230246,-0.093821,-0.051927,0.093598,0.034884,0.361156,0.156641,0.158091,0.082827,0.088818,0.125801,0.188840,0.137885,0.346449,-0.069983,-0.004403,0.013027,0.364936,0.208121,#
1,-0.153705,1.000000,-0.004249,0.197373,0.128514,0.075383,0.103888,-0.003371,0.301254,-0.155696,0.369154,0.174418,0.066508,0.095085,-0.022416,-0.046092,0.185775,0.101721,-0.119004,0.125584,-0.090510,0.106358,-0.016656,0.167017,-0.026930,0.305698,0.183653,0.217898,0.062017,0.064270,0.256071,0.229580,0.070812,0.204566,0.075647,0.064050,0.079142,0.019525,0.394086,0.122112,-0.126959,0.029782,0.249386,0.097184,0.026026,0.266360,0.339259,0.277113,0.030654,0.022450,0.232739,0.275965,0.206226,0.058900,-0.051208,0.091372,0.133777,-0.107321,-0.010002,0.182986,-0.030352,0.139878,0.141872,0.096360,0.133300,0.128043,-0.267650,0.166958,0.118298,0.266550,0.017862,0.054333,0.342688,-0.094630,0.220928,0.221859,0.074580,-0.040084,0.210793,0.106029,0.181910,0.158133,0.304793,0.082080,0.094780,-0.237384,0.127092,0.081703,0.293266,0.194322,0.127845,0.119571,-0.050100,0.161329,0.001698,-0.035512,-0.035828,-0.239670,0.099250,0.001934,0.106666,-0.002195,0.058442,0.073754,-0.049484,0.177196,0.182109,0.264318,-0.063737,0.145290,0.254635,0.103502,-0.064017,0.198772,0.227327,0.236169,0.026719,0.117305,-0.088663,0.185874,0.107778,0.050150,0.290558,0.144791,0.118528,0.237276,0.055373,0.162413,0.002540,0.175816,0.093467,0.166369,0.101148,0.294545,0.317903,0.402944,-0.201463,0.240234,0.309183,0.164746,-0.002683,-0.088908,0.174883,0.078419,0.081263,0.120515,0.200757,0.068158,0.123792,0.059849,-0.066332,0.143316,0.100154,-0.064588,0.414806,0.093318,-0.035098,-0.148530,0.016638,-0.086663,-0.038304,0.229335,0.181716,0.069502,0.098759,0.058029,0.099840,0.070586,0.177705,0.234790,0.096697,0.214827,0.072777,0.090129,-0.022523,0.051368,0.050973,0.309460,0.112643,-0.023055,0.089892,0.161378,0.172046,-0.155501,0.180836,0.266556,-0.027077,0.054204,0.068582,0.134034,0.320527,-0.120743,0.027899,0.152248,0.187406,0.164553,-0.020685,0.088109,0.014515,0.009043,#
2,0.310045,-0.004249,1.000000,0.302065,0.090133,-0.167718,0.047492,0.215947,-0.088038,-0.132483,0.048273,0.130617,0.066709,0.253557,0.145983,0.114492,0.105349,-0.064366,-0.017553,0.169169,0.266234,0.374689,0.152002,0.030061,0.213651,0.204605,0.206173,0.181223,0.176463,0.394282,-0.099191,-0.193002,0.056482,0.068528,-0.036391,0.118750,0.086687,-0.104175,-0.049309,0.072078,0.145164,0.144771,0.425302,0.036718,-0.212487,0.184803,0.126321,0.289801,0.036075,0.040587,0.379177,0.061494,0.168609,-0.099199,-0.065534,0.109519,-0.004375,-0.018322,-0.052056,0.131873,0.040037,-0.040623,0.118248,0.223125,0.185191,0.093316,-0.130638,-0.083028,0.131917,0.348921,0.102094,-0.026831,0.181408,0.252400,0.008207,0.008711,0.165542,0.023306,0.002329,-0.055878,0.307159,-0.084336,-0.048893,0.073485,0.021770,0.037590,0.212942,0.166314,0.066631,0.064003,0.010869,0.189054,0.250448,-0.008005,-0.048498,-0.084518,0.302270,-0.121124,0.161897,0.001843,0.210358,-0.086836,0.061394,0.106932,0.069276,0.058249,0.098258,0.103820,0.092435,0.228815,0.015243,-0.173415,0.061558,0.056952,0.063201,0.171958,0.175121,0.150155,-0.277165,0.013765,0.179209,0.017073,-0.128719,-0.062698,-0.019404,-0.009359,0.310507,0.068349,-0.049053,0.190831,0.079099,0.133137,0.040353,-0.043279,0.165215,0.186068,0.131072,-0.020118,-0.080938,-0.006530,-0.038357,-0.047084,0.268014,0.069443,0.174551,0.314270,0.134127,0.228325,0.307434,0.000421,-0.142767,0.356440,-0.006207,-0.069871,0.093770,-0.169903,-0.156472,-0.053648,0.035728,0.120607,0.181075,0.437484,-0.008535,0.062146,0.179120,-0.080372,0.020917,0.137638,-0.312516,0.073821,0.144767,0.170920,0.100641,-0.064359,0.103349,-0.074761,0.306695,-0.024031,0.019337,0.184219,0.322552,0.039416,-0.058159,0.254187,-0.062424,-0.054110,0.089740,0.013155,0.138589,-0.019621,-0.061600,0.079619,0.371168,-0.067934,0.088634,0.083751,-0.047519,0.187500,0.298726,0.222699,#
3,0.082389,0.197373,0.302065,1.000000,0.344234,0.175784,0.356085,0.021838,0.124508,-0.215308,0.180061,0.363346,0.200492,0.111305,-0.046854,0.141955,0.194239,0.124556,0.198239,0.112481,0.157333,0.190579,-0.039035,0.302577,0.154117,0.234159,0.070888,0.232929,0.117437,0.316769,0.147368,0.261521,0.272286,0.163911,-0.207407,0.062773,0.489465,0.125102,0.284843,-0.036640,0.220412,0.237321,0.138442,0.452927,-0.023437,0.173353,0.384857,0.223057,0.096502,0.201352,0.230991,0.142932,0.205524,-0.032628,0.007546,0.326032,0.133248,0.183363,0.069792,0.049193,0.071873,-0.048129,0.213340,0.142435,0.283832,0.225933,0.160657,0.224111,0.006955,0.221663,0.122262,0.119070,0.264016,0.055341,0.201564,0.415737,0.253246,0.040244,0.287250,0.226250,0.383851,0.181732,-0.029014,-0.016667,0.207462,0.073534,0.184691,0.124778,0.294284,0.190264,0.124832,0.225626,0.250444,0.292309,0.047056,0.141755,0.230598,0.093628,0.246543,0.373965,0.333299,0.028465,0.215626,0.164206,0.238810,0.132764,-0.022544,0.085781,0.188533,0.211873,0.198435,0.088586,0.224819,0.083249,0.021996,0.054099,0.325670,-0.131136,0.053060,0.126046,0.208692,0.066245,0.193595,0.319313,0.066627,-0.107806,0.241750,0.107103,0.133369,0.446733,0.137725,0.386616,0.314556,0.247877,0.256374,0.052444,-0.163665,0.024412,0.315661,0.211842,0.230492,0.138882,0.194870,0.307275,0.018987,0.082051,0.233075,0.254880,0.207911,-0.042633,-0.289241,0.072568,0.027959,0.140573,0.223415,0.027396,0.003660,-0.056206,-0.011731,0.351801,0.204297,0.336695,0.221753,0.103959,0.131960,0.126552,0.119587,0.167756,-0.000481,0.155504,0.206445,0.135789,0.188515,-0.053969,-0.006761,0.130053,0.198918,0.307158,0.155862,0.089217,0.180121,0.231642,0.207281,0.144811,0.135896,0.147585,0.138716,0.168346,-0.097429,-0.016662,-0.059743,0.114478,0.504487,0.104139,0.244337,0.267227,0.131254,0.407598,0.273243,0.188990,#
4,0.165583,0.128514,0.090133,0.344234,1.000000,0.254478,0.030677,0.009847,0.251165,-0.146934,-0.071341,0.068763,0.188797,0.097311,-0.072060,0.060593,0.189417,0.100354,0.229842,0.213502,0.227137,0.253175,0.067156,0.350020,0.367210,0.373996,0.081881,0.110577,0.087041,-0.084913,-0.048922,0.145601,0.207140,0.129427,-0.136647,0.098119,0.271325,0.100436,-0.037225,-0.030403,0.125219,0.327947,0.326095,0.194870,0.238278,0.030966,0.331701,0.123491,0.170244,0.128928,0.103659,-0.097523,0.216155,0.122028,0.025177,0.157727,0.120802,0.008032,0.053368,0.072703,0.258036,0.067942,-0.035901,-0.146884,0.155956,0.095390,0.110252,0.059524,0.044005,0.157386,0.088086,0.062624,0.270495,0.141071,0.108955,-0.070597,0.077220,0.300598,0.145745,-0.114941,0.335218,0.088914,-0.034426,-0.055163,0.231256,0.029937,0.101784,0.167613,0.329788,0.267653,0.124656,0.135241,-0.085694,0.162646,-0.064475,0.151901,0.232153,0.076345,0.365860,0.269634,0.146727,-0.134431,0.145226,0.166761,0.146604,0.030780,-0.084935,0.245820,-0.086432,0.176089,0.439786,-0.005531,0.268397,0.393918,0.089777,-0.152981,0.090459,-0.285920,-0.097506,-0.145505,0.227735,-0.011261,0.226855,-0.047509,0.344283,-0.133101,0.047577,-0.087301,0.045435,0.072202,0.070924,0.054878,0.201012,0.166559,0.248705,0.127798,0.212799,-0.191325,0.119721,0.226497,0.139996,-0.046609,0.089490,-0.000385,0.108325,0.045965,0.139406,0.085009,0.200365,0.030135,-0.000494,-0.091215,0.088085,0.146686,-0.011652,-0.048634,0.178130,0.080775,0.083883,0.256657,0.039392,0.198773,0.036697,0.331056,-0.067168,0.350726,-0.098073,0.035670,-0.034791,0.173357,0.144106,0.039668,0.155782,0.019321,0.087071,0.015880,0.300915,0.159780,0.232980,-0.112616,-0.091936,0.007231,0.210049,-0.017293,-0.132426,0.014646,0.244376,0.354732,0.021313,0.006323,0.161929,-0.131928,0.221620,-0.043142,-0.012411,0.333193,0.088862,0.395862,0.090677,0.289783,#
5,-0.115953,0.075383,-0.167718,0.175784,0.254478,1.000000,0.260285,0.010321,0.266234,0.042421,0.035027,-0.117238,0.164464,0.142059,0.100181,0.027545,0.049019,0.005478,0.054351,-0.177969,0.173664,0.057173,-0.010653,0.197849,0.085659,-0.032606,0.057638,0.104596,0.207195,0.071752,0.075246,0.251219,0.324212,0.147092,-0.044073,-0.063908,0.323117,0.212365,0.076017,0.109603,-0.021892,0.149109,-0.035549,0.289538,0.031362,0.040519,0.184803,-0.036819,0.061579,0.384349,-0.103929,0.016903,0.208328,0.033614,-0.215510,0.178630,-0.158059,-0.049297,-0.019364,0.078623,0.127248,0.031439,0.029886,-0.220433,-0.117608,0.179151,0.327638,-0.010189,0.080399,0.177014,0.175992,0.119386,0.253049,0.252219,0.046743,0.021613,0.175869,0.140679,0.121395,0.090377,0.026336,0.167740,0.108150,-0.202466,0.028593,0.222389,-0.107587,-0.084047,0.190709,0.214822,-0.010448,0.152418,-0.093981,0.143453,0.057662,0.064383,0.041402,-0.046908,0.188252,-0.185082,0.235405,0.102688,0.138516,0.124967,-0.038903,-0.016631,-0.181878,0.129226,-0.166635,0.035739,0.256709,-0.168905,0.123431,0.158504,0.097409,-0.133061,0.308701,-0.122684,0.244849,-0.061703,0.113029,0.125023,-0.121916,0.265167,0.023104,0.072219,-0.166768,-0.054427,0.250593,0.107794,0.080122,0.186959,0.050270,0.094424,0.274062,0.198993,0.067583,-0.086728,0.099884,0.053974,0.381334,0.014081,-0.008533,0.241852,0.100008,0.010811,0.198609,-0.062286,-0.144168,0.238986,0.205392,-0.187243,-0.092148,0.152479,0.132865,0.073292,0.125026,-0.000063,0.332503,-0.049734,-0.021637,0.119169,0.064712,-0.008173,0.080057,0.013560,0.043924,0.071781,0.149085,0.354655,0.007231,0.076619,-0.089340,0.051964,-0.000563,0.115256,0.021609,0.100933,0.300939,-0.228166,-0.052876,-0.032429,0.379025,0.021494,0.029253,0.234585,0.201911,0.046216,-0.120801,0.125555,-0.092919,0.002314,0.212063,0.195717,0.056367,0.070139,0.127137,0.322314,-0.132570,0.018064,#
6,-0.068251,0.103888,0.047492,0.356085,0.030677,0.260285,1.000000,0.126852,0.229558,-0.054129,0.129330,0.071005,-0.017232,0.253446,0.054923,0.066170,0.168655,0.028550,0.151943,0.029115,0.263904,0.003358,-0.172689,-0.016242,-0.116737,0.111004,0.078544,0.101659,0.202904,0.312181,0.109491,0.150920,0.134967,0.304670,-0.192159,0.012930,0.290939,0.157632,0.052816,0.291308,-0.027370,0.175586,-0.192652,0.151611,-0.032974,0.310060,0.190131,0.173967,-0.018908,0.011038,0.005751,0.181458,0.381285,0.143432,-0.088322,0.046419,0.052147,0.224403,0.169195,0.197748,-0.014787,-0.036519,0.044864,0.373512,0.203981,0.248693,0.307867,0.260614,0.214165,0.080762,0.002036,0.122752,0.353225,-0.006801,0.153800,0.273012,0.215403,0.204241,0.288467,0.178790,0.099434,0.198995,0.307009,-0.029809,0.190839,0.074302,0.001999,0.171981,0.163091,0.223117,0.117901,0.323043,0.028957,0.182724,-0.000301,0.080087,0.104460,-0.061038,0.168511,0.219479,0.138197,0.047717,0.116713,-0.065726,-0.256012,0.296997,-0.150218,0.040431,0.049673,0.144179,0.211654,0.127091,0.139893,-0.105748,-0.051709,0.153398,0.392251,-0.039216,0.159601,0.190547,0.144905,0.215485,-0.142176,0.150323,0.052777,0.090890,0.000308,0.308751,0.220786,0.261777,0.117993,0.008393,0.080527,-0.093257,0.472005,0.165288,-0.102298,0.366807,0.311565,0.150159,0.107137,-0.106788,0.026065,0.273723,-0.077813,0.040515,0.340259,0.134621,0.033427,-0.185679,0.038409,0.115918,0.027243,0.043376,0.307201,-0.065689,-0.000804,0.033863,0.252259,0.038861,0.095715,0.231977,0.276580,-0.016358,0.240792,0.075007,0.073788,0.222126,0.223383,0.249254,-0.017664,0.006594,0.168552,0.090984,-0.118191,0.268902,-0.026304,0.334705,0.372779,-0.079378,-0.032865,0.033384,0.283896,0.429484,0.401407,0.124133,0.199814,0.061585,-0.050801,0.358809,-0.143949,-0.026550,0.315611,0.190952,0.044257,0.111068,0.099900,0.247235,0.022464,0.178041,#
7,-0.039815,-0.003371,0.215947,0.021838,0.009847,0.010321,0.126852,1.000000,0.037538,0.188849,0.093041,0.291614,-0.139715,0.165415,0.182959,0.084473,-0.067060,0.200707,-0.000483,0.129795,0.183992,0.270362,0.311552,-0.143002,0.055649,-0.054959,0.209589,0.280025,0.007048,0.203544,0.141418,0.090204,0.051658,0.116942,0.008666,-0.029826,-0.165773,-0.104593,0.003354,0.167014,0.094764,0.293554,0.040947,0.120490,0.162042,0.211791,-0.007218,0.290699,0.286633,0.075866,-0.027582,0.117875,-0.025556,0.054932,0.046663,0.208491,0.150957,0.160920,0.165960,-0.078069,0.368047,-0.107385,0.081384,0.178349,0.311671,0.039687,-0.090359,-0.028521,0.069683,0.204659,0.066278,-0.067828,0.188518,0.312679,0.114823,-0.015192,0.022785,0.214363,0.242139,0.219195,0.177253,-0.013498,0.128451,0.055511,0.146452,-0.033533,-0.126420,-0.008699,0.192769,0.259391,-0.076540,-0.014372,0.162598,0.120920,-0.142198,0.071104,-0.111470,0.073279,0.006385,-0.011092,0.159898,-0.064812,0.211067,-0.060219,-0.213955,0.330117,0.483201,0.051222,0.268993,0.168268,-0.079464,-0.197973,-0.092895,-0.028148,0.224655,0.148776,-0.138105,-0.060051,0.070426,0.372132,0.137146,0.022067,-0.050655,0.124673,0.159936,0.090802,0.154006,0.350230,-0.008310,0.158433,-0.061385,0.087493,0.080690,0.097905,0.312002,0.138664,-0.047936,0.316389,0.014591,0.066703,0.334587,0.092298,-0.084721,-0.071648,-0.015302,0.118039,0.300123,0.199122,0.156961,0.053695,-0.044275,0.185276,-0.068763,0.001459,-0.093970,0.033101,0.174245,0.019575,0.267215,0.174920,0.093537,0.115149,-0.031092,-0.001923,0.150835,0.241397,0.158518,0.207381,0.106401,0.041303,0.161841,0.051510,0.105149,-0.036334,0.030902,-0.023612,0.115552,0.025285,0.036068,-0.047474,0.129758,-0.037312,0.010258,0.175872,-0.246257,0.020609,0.028872,0.043553,0.148097,0.264816,0.022298,-0.085722,0.291574,0.045082,0.120502,0.198210,0.057629,0.222878,0.214187,0.024125,#
8,0.170097,0.301254,-0.088038,0.124508,0.251165,0.266234,0.229558,0.037538,1.000000,0.002449,0.257058,-0.088575,0.095921,0.126205,0.260830,-0.183556,-0.002769,0.032510,0.030555,0.182396,0.323010,0.124162,0.002598,0.280129,0.084702,0.088960,0.094008,0.057252,0.164162,0.020294,0.049616,0.184678,0.244493,0.145134,-0.000359,0.022913,0.304776,0.073401,0.269759,0.188262,0.102719,0.028183,-0.087928,0.045641,0.264764,0.317198,0.196640,0.325606,0.060770,0.194705,-0.017365,0.362952,0.062594,0.354178,0.045767,0.234440,0.133046,0.207344,0.026733,0.061050,0.048998,0.185467,0.178390,-0.147186,0.234301,0.261125,-0.066469,0.088018,0.334266,0.006663,0.001875,0.178017,0.460331,-0.225869,-0.082684,0.005693,0.032812,0.039385,0.079278,0.042818,0.113730,0.430875,0.359257,0.108914,0.389892,0.194442,0.022752,0.149830,0.269135,0.544760,0.087862,0.247881,-0.107426,-0.002800,0.375946,0.254218,0.057051,0.118996,0.170900,0.021299,0.045702,0.001886,0.048079,0.110801,0.057515,0.193450,0.146570,0.281156,-0.054517,0.185407,0.193609,0.101287,-0.063817,0.261431,0.058351,0.087113,0.097026,0.194953,0.066867,0.142390,0.266511,0.064572,0.164705,0.072698,0.183139,0.223884,-0.055438,0.212389,0.020157,0.145219,0.093163,0.002493,0.218512,0.071107,0.284061,0.002519,0.067021,0.283909,0.367702,0.195859,0.263390,0.268011,0.109017,0.042183,0.043563,-0.045124,0.145541,0.292346,-0.026011,0.117991,0.173637,-0.029192,0.097602,0.029286,0.397743,0.210782,0.011156,0.095225,0.077200,0.109800,-0.008138,0.061474,-0.059749,0.004974,0.250050,0.084031,0.184964,0.259378,0.212856,-0.005669,0.046539,0.140375,0.074123,0.162062,-0.060625,0.224411,0.008089,0.286701,0.324449,-0.031122,0.106706,0.128153,0.021184,0.206782,0.202800,0.083568,-0.022852,0.045585,0.116487,0.381565,0.306536,-0.052645,0.219415,0.137110,0.245127,0.069494,-0.008071,0.043814,-0.164334,0.106928,#
9,0.011407,-0.155696,-0.132483,-0.215308,-0.146934,0.042421,-0.054129,0.188849,0.002449,1.000000,0.178240,-0.147415,-0.075474,0.296224,0.199967,-0.036821,-0.152123,-0.127122,-0.324430,0.242179,-0.124347,-0.004701,-0.041188,-0.141449,-0.137133,-0.186329,0.190823,0.044507,0.073440,-0.072479,0.096424,0.088516,0.049225,-0.086310,0.091084,-0.041941,-0.238617,0.197226,-0.100110,-0.151134,0.201912,0.162502,-0.106449,-0.303199,0.048747,-0.090932,0.005930,0.016636,0.121137,-0.130780,-0.099832,0.175074,-0.207994,-0.038879,0.172708,0.228716,0.115342,0.262085,0.080209,-0.213597,0.139766,-0.112911,0.000849,-0.089039,0.192431,0.091800,-0.054606,-0.142444,0.021721,-0.056790,0.026856,0.221776,0.050257,0.043983,0.117577,0.076491,0.071456,-0.110520,0.240824,-0.044157,-0.144018,0.095891,-0.152746,0.029836,0.075484,0.194123,0.023755,0.072855,-0.187707,0.061361,-0.218114,-0.130772,-0.051862,-0.093741,-0.090496,-0.069997,-0.050079,0.093136,-0.006206,0.023138,0.215329,0.136599,0.210633,-0.112589,0.140822,0.069186,-0.011591,0.055275,0.147309,-0.164121,-0.136919,-0.167604,-0.093752,0.050441,0.007886,-0.086878,-0.016223,0.127035,0.307943,-0.109854,0.227016,0.227234,-0.050775,0.182741,-0.025322,0.043689,-0.217849,0.094670,0.083789,0.194951,0.060052,-0.071087,-0.233797,-0.006637,-0.128623,-0.001492,0.171399,0.194412,0.149378,-0.140106,0.138674,0.036295,0.004654,-0.111889,-0.081589,0.037527,0.162485,-0.023968,-0.130176,0.339274,0.158642,-0.180748,0.141703,0.132165,-0.120338,0.119684,0.120646,-0.030649,0.387187,-0.084832,0.028696,0.083256,-0.263721,0.146308,-0.041512,0.072382,-0.138956,0.115359,0.276327,0.123373,0.036740,0.260826,0.013470,0.071701,-0.044654,-0.004074,0.130018,-0.186362,-0.168996,0.045712,-0.140607,0.007492,0.030448,0.159200,-0.034960,-0.008548,0.082171,0.133894,0.131532,-0.107278,0.022065,0.000673,-0.049153,0.202027,-0.102339,0.128027,0.209929,-0.299817,0.093342,0.002216,#
10,0.205119,0.369154,0.048273,0.180061,-0.071341,0.035027,0.129330,0.093041,0.257058,0.178240,1.000000,0.040529,-0.221868,0.231125,0.162351,-0.124642,-0.089892,0.014491,0.060460,-0.017573,-0.095832,0.261331,-0.242717,0.034941,-0.085394,-0.117162,0.211610,0.247312,0.152422,0.121681,0.206267,0.172051,0.064614,0.162923,-0.148301,0.013240,-0.004922,0.129657,0.286359,0.063214,0.154986,0.037100,0.004450,-0.072569,-0.218172,0.084813,0.151246,0.173154,0.154890,-0.028505,0.026677,0.186211,-0.014904,0.092538,-0.021310,0.389111,0.143137,0.093187,-0.203872,-0.038449,-0.185018,-0.093518,0.227930,-0.002152,0.336389,0.206890,-0.226477,-0.004634,0.178370,0.172113,0.079030,0.154967,0.283416,0.021508,0.076399,-0.004974,0.173243,-0.217687,0.147696,0.200749,0.075091,-0.102938,0.199114,0.097052,0.129135,-0.114811,0.170711,-0.088118,0.007918,0.146569,-0.177494,-0.103099,0.103665,-0.127162,0.113932,-0.045932,0.145201,-0.037853,0.039741,0.123943,0.137870,-0.067589,0.127760,-0.173594,0.027862,0.046166,0.151215,0.296800,0.278327,0.095071,-0.016267,0.034690,-0.058984,0.023582,0.212212,0.140688,0.055335,-0.070952,0.052113,0.102463,0.083518,0.262968,-0.127178,0.098691,-0.000624,-0.001934,0.017023,0.203279,-0.070848,0.266469,0.332944,-0.053716,0.000372,0.082944,-0.025386,0.121933,-0.094225,0.229397,0.283960,-0.029756,0.197586,0.078513,0.175238,0.025657,-0.175007,0.106714,0.242088,-0.051645,-0.121526,0.071289,-0.183620,0.094858,0.142804,-0.205664,0.322550,0.102176,0.099412,-0.187848,0.135480,0.162608,0.153133,-0.021025,0.184169,-0.055819,0.124403,0.062360,-0.015045,0.275182,0.205982,0.136508,0.284312,0.255382,0.034568,0.197586,-0.243823,0.002125,0.095192,0.083161,0.153700,0.065698,0.095404,-0.050243,0.073140,-0.035508,0.176978,0.147845,-0.020537,-0.101309,0.123432,0.106218,-0.006219,-0.016980,0.074139,-0.000561,0.229802,-0.089378,0.009532,0.131827,0.273645,0.260836,#
11,-0.038109,0.174418,0.130617,0.363346,0.068763,-0.117238,0.071005,0.291614,-0.088575,-0.147415,0.040529,1.000000,0.020393,-0.006863,-0.059143,0.014946,-0.097448,0.297176,0.194460,0.019769,0.044507,0.103854,-0.010552,0.106327,0.325670,0.195886,-0.077057,0.240759,-0.238804,0.179071,0.251241,0.144445,0.172367,0.182752,0.138230,0.028794,0.157290,0.112483,0.108879,0.005489,0.064221,0.266104,0.195230,0.302891,-0.156344,0.251807,0.319704,0.141420,0.216557,0.007958,0.314500,0.067707,0.233765,0.156110,-0.201458,0.094171,0.335031,0.093904,0.164876,-0.212026,-0.078152,0.036306,0.309183,0.202951,0.060101,0.219596,0.010467,0.313030,-0.097703,0.181221,0.079965,-0.075986,0.217944,0.069954,0.060567,0.261758,0.045872,-0.002391,0.301011,0.157761,0.164662,-0.096770,0.189702,0.142816,0.205847,-0.108222,0.220907,0.361727,0.239354,0.061384,0.215366,0.059422,0.381069,0.436149,-0.084500,0.112644,-0.161627,0.114367,-0.003270,0.140225,0.192566,0.010703,0.113430,0.095875,0.092761,0.389020,0.266366,0.303515,0.350196,0.032497,0.138021,-0.040440,0.211338,0.076575,-0.189497,0.274203,0.092935,-0.050787,0.114752,0.085562,0.009725,0.075006,0.299779,0.149266,0.175355,0.006991,0.344103,0.355349,0.154565,0.283363,-0.125457,0.324956,0.056938,0.338592,-0.011308,-0.012125,-0.288237,0.290307,-0.094871,0.227318,0.137616,0.159032,0.017583,-0.000230,-0.088968,0.095146,0.136758,0.153145,0.140166,0.055065,-0.212169,0.279545,0.044038,0.101985,0.295514,-0.062750,-0.030262,-0.159240,0.102566,0.281442,0.191047,0.089392,-0.051265,-0.114876,0.294272,0.111321,0.291526,0.177885,0.314205,0.056352,0.304613,0.051352,-0.003795,-0.048452,0.062522,0.125337,0.406483,0.130140,0.130179,-0.009799,0.191044,0.212873,0.078041,-0.028658,-0.109150,0.107380,0.087792,0.114976,-0.088087,0.051587,-0.077513,0.026474,0.307765,-0.013967,0.124519,0.135680,0.188819,0.327524,0.085346,0.235529,#
12,-0.006122,0.066508,0.066709,0.200492,0.188797,0.164464,-0.017232,-0.139715,0.095921,-0.075474,-0.221868,0.020393,1.000000,-0.242973,-0.004200,-0.165497,0.341946,-0.056319,-0.008769,0.347989,0.129432,-0.044515,0.224602,0.057950,0.065403,0.119515,0.140006,-0.098774,0.073263,0.191551,-0.027417,0.284801,0.143872,0.123081,0.049876,0.270841,0.257226,-0.124922,0.127445,-0.028215,0.098453,-0.016939,0.124326,0.182169,0.303356,0.159549,0.272878,-0.233061,0.018429,0.062140,0.266441,0.156164,0.132075,0.091387,-0.122661,0.106933,-0.057976,0.139119,0.106610,-0.187382,-0.116469,0.064902,0.150339,0.012155,0.050293,0.185939,-0.029430,0.070554,-0.069539,0.023797,-0.000143,0.227006,-0.025465,-0.095077,0.284576,0.138135,0.121494,0.005883,0.177899,-0.129212,0.033313,0.198266,-0.017375,-0.074517,0.121699,0.282457,-0.060297,0.266533,0.102482,-0.079006,0.061719,0.110429,-0.238822,0.160742,0.140060,-0.022801,0.169904,0.085402,0.127772,-0.005767,0.159641,0.156943,-0.008889,0.091394,0.301672,0.051682,0.085896,-0.074069,-0.154625,0.003586,0.264579,-0.188211,0.084151,0.185426,-0.066203,-0.059061,0.032715,0.009738,0.146620,0.085929,0.031007,-0.031446,0.211141,0.067652,0.116788,0.209561,0.138900,-0.031176,-0.020709,-0.000242,0.063555,0.124098,0.079350,-0.031319,-0.090068,0.011811,0.076833,0.123501,0.102229,0.142259,0.064930,-0.077195,0.067996,0.063910,-0.118844,0.089495,-0.190834,0.179022,0.039157,-0.085996,-0.051476,0.188522,-0.071283,0.167386,-0.093602,-0.138917,0.060644,-0.218221,-0.051111,0.049365,-0.034029,0.281701,0.054558,0.299836,-0.082209,-0.061022,0.178202,-0.067654,-0.146946,0.100291,-0.052635,-0.089284,0.041034,-0.095721,0.037832,-0.096800,0.053105,0.170843,-0.035377,0.265448,0.065091,0.031215,0.225520,0.023936,0.089630,0.098999,-0.003505,0.081100,0.005779,-0.018671,0.039198,-0.069884,-0.083223,0.079646,-0.058171,-0.062185,0.224141,0.138375,0.002098,-0.012805,#
13,0.043682,0.095085,0.253557,0.111305,0.097311,0.142059,0.253446,0.165415,0.126205,0.296224,0.231125,-0.006863,-0.242973,1.000000,0.180646,0.096567,0.172284,-0.153649,0.124429,0.035655,0.018591,0.227351,-0.119408,0.038582,0.022078,0.173044,0.262490,0.156824,0.207770,0.035553,0.218766,0.120935,0.222970,0.137104,-0.053561,-0.081599,-0.042276,0.068987,-0.084658,-0.007345,-0.105961,0.134929,0.321899,0.131829,-0.206754,0.090034,0.179087,0.205568,0.146641,0.009908,0.224279,0.210988,0.291053,-0.106310,0.061303,0.263913,0.103211,0.129721,0.067785,0.173994,0.034717,-0.041372,0.258765,0.002723,0.070824,0.178909,0.237208,0.097672,0.360914,0.085730,-0.122239,-0.054373,0.236894,0.096114,0.049621,-0.115429,0.260028,0.318999,0.244232,-0.029536,0.148627,0.166279,-0.064747,0.387435,0.278324,0.029384,0.205961,0.200024,0.309018,0.102978,0.033266,0.080216,0.123399,0.029573,-0.180857,0.076063,0.208673,-0.145406,0.277901,0.124093,0.290564,0.155924,0.189693,0.016268,-0.040578,0.215461,-0.055568,0.112097,0.212834,0.019749,-0.011868,-0.170973,0.241996,0.087061,0.182357,0.159345,0.351050,0.065018,0.104063,0.129331,0.327891,0.234955,-0.119255,0.133376,0.040698,-0.019969,-0.000057,-0.119354,0.264363,0.277143,0.132213,0.072249,-0.050233,0.106740,0.304434,0.060032,0.046852,0.045705,0.355696,0.183577,0.107663,-0.040489,0.295326,0.092323,0.112811,0.223175,0.409207,0.265996,0.020844,0.214571,0.031583,0.038328,0.028296,0.098554,0.225750,0.165834,-0.120085,0.307732,0.280459,0.106526,0.073625,0.296071,-0.065944,0.317690,0.233150,-0.080303,-0.063993,0.131420,0.021516,0.325371,0.113460,0.317137,0.279380,-0.138424,-0.000044,0.074529,0.046568,-0.095268,0.348499,-0.135266,0.173425,0.093402,0.067373,0.127211,-0.073069,0.094852,0.184922,0.250824,0.070587,0.177437,-0.050415,-0.007397,0.269119,-0.092650,0.150830,0.285412,0.035867,0.142109,0.169997,0.250739,#
14,0.248714,-0.022416,0.145983,-0.046854,-0.072060,0.100181,0.054923,0.182959,0.260830,0.199967,0.162351,-0.059143,-0.004200,0.180646,1.000000,0.208163,0.017570,-0.127698,0.117998,0.155355,0.042056,0.166664,0.120521,0.173030,0.168835,-0.135189,0.159858,0.211856,0.226910,0.178931,-0.050177,-0.071954,0.026866,-0.032206,0.103179,0.106655,0.172200,0.277766,0.083698,0.210690,0.143478,0.050380,0.226444,-0.104587,0.009833,0.259478,0.071869,0.107595,0.031788,-0.058000,0.273490,0.131613,0.170704,0.172023,0.223369,0.221205,0.177327,-0.042944,-0.051937,-0.139955,0.236365,0.181952,-0.035867,0.004019,0.208876,0.140152,0.013368,-0.003790,0.177268,0.095397,-0.127057,0.145123,0.086949,0.362181,-0.043716,0.060442,0.098232,0.043881,0.030007,0.170291,0.173651,0.049427,0.043514,0.105125,0.083979,0.233610,-0.134915,0.049083,0.070453,0.179805,0.214959,0.054234,0.118077,0.058411,0.220189,-0.128682,0.110353,-0.046030,0.228694,0.083765,0.063348,0.098107,0.059517,0.058391,-0.124756,0.197251,0.173233,0.262751,0.077070,0.189819,-0.092442,-0.038901,0.039881,-0.014016,0.059162,0.063748,-0.007136,0.236828,0.295392,0.185391,0.458199,0.247894,-0.053875,0.086295,0.039413,0.185391,0.096247,0.111297,0.003147,0.171363,0.199898,0.127934,0.056532,-0.128967,0.037961,-0.216822,0.149257,0.037203,-0.098370,0.015388,0.309155,0.146140,0.269890,-0.074092,0.072409,0.309661,0.049238,0.149336,0.034071,0.091853,0.076235,-0.127255,-0.142283,0.040201,-0.023904,-0.013987,0.259987,0.085622,0.087904,0.010268,-0.010794,0.166280,-0.127721,0.058650,0.247206,0.019287,0.200063,0.159598,-0.080770,0.222352,0.158981,0.417980,0.214884,0.123412,-0.039917,0.022274,0.407120,0.185923,0.334612,0.147649,0.013458,0.073480,0.048604,0.110883,0.085929,0.152997,0.151681,-0.096566,-0.008912,0.151902,-0.158531,0.084493,0.153629,0.286766,0.166190,-0.176384,-0.177650,0.108707,0.243504,0.123769,#
15,-0.056397,-0.046092,0.114492,0.141955,0.060593,0.027545,0.066170,0.084473,-0.183556,-0.036821,-0.124642,0.014946,-0.165497,0.096567,0.208163,1.000000,0.139653,0.283768,0.015704,0.012380,0.155309,0.018215,0.053498,0.059690,0.120795,0.218260,0.138842,0.012408,0.199027,0.043019,0.031409,0.060150,0.069323,0.118514,-0.154127,-0.436998,0.035130,0.143865,0.032501,0.092940,0.021047,0.122933,0.164156,0.041035,0.134219,0.064719,0.012009,0.077233,-0.097797,-0.114980,-0.086222,0.138698,0.159038,-0.164975,0.011125,-0.024073,0.085625,0.001261,0.022491,0.170469,0.157408,-0.167512,-0.010959,-0.071840,0.145818,-0.015568,0.043733,0.113793,0.142252,-0.028071,0.140003,0.111669,0.146379,0.280111,0.131435,0.210855,-0.114270,0.345097,-0.033830,0.274603,0.108960,0.041926,0.195162,0.183938,-0.036845,0.065017,0.058986,-0.021217,0.292610,0.244787,-0.108029,0.050921,0.147533,0.253943,-0.116046,-0.156830,0.134487,0.070332,0.149327,-0.017777,0.004770,-0.024181,0.157782,0.087960,-0.343761,0.019032,0.022940,0.120015,0.034838,0.167981,-0.000772,0.149253,0.083472,-0.127516,0.095169,0.283581,0.272802,-0.139480,-0.000864,0.059767,0.245393,0.272788,0.011796,0.206188,0.248881,-0.254589,-0.015525,-0.064124,0.195833,0.034722,-0.081279,0.327938,0.010617,0.119804,0.040713,0.178809,0.132913,-0.136306,-0.235881,-0.056296,-0.026281,0.216641,0.125738,0.048417,0.256880,0.046170,0.050261,0.209118,0.211002,0.105096,0.165935,-0.214322,-0.169179,0.392287,-0.187850,0.249931,-0.061398,0.035474,0.104535,0.069974,-0.112159,-0.034938,0.252621,-0.019993,0.123470,0.061091,-0.009308,0.124304,-0.131052,0.081311,-0.039475,0.081926,0.260866,-0.288270,0.051677,-0.098852,0.241135,-0.128603,-0.129905,-0.027801,-0.005488,0.017907,0.015254,0.260270,-0.092801,-0.024493,-0.113644,-0.035097,0.051950,0.026898,-0.284735,0.177456,0.101290,0.107197,0.178317,0.189730,-0.075747,0.067994,-0.084707,-0.092322,#
16,-0.031110,0.185775,0.105349,0.194239,0.189417,0.049019,0.168655,-0.067060,-0.002769,-0.152123,-0.089892,-0.097448,0.341946,0.172284,0.017570,0.139653,1.000000,0.039081,0.045483,0.214763,0.305012,0.154169,0.085323,0.090971,-0.079501,0.269196,0.097565,-0.117202,0.237364,0.090148,0.171922,0.284103,-0.055466,0.246725,-0.131574,-0.021584,0.179027,-0.040545,0.173569,0.160228,-0.122382,0.153420,0.162659,0.004417,0.187130,0.281548,0.106675,-0.128260,0.220494,-0.148497,0.015241,0.139955,0.249200,-0.049899,0.234469,-0.055109,-0.088869,0.066230,0.173806,-0.132643,0.120476,0.237844,0.164409,0.184739,0.186277,0.073554,0.223930,0.380589,0.085511,0.131943,-0.097979,0.271040,0.198746,-0.007955,0.141092,0.198733,0.142415,0.314986,0.166660,-0.077834,-0.066027,-0.012460,-0.062380,-0.029335,0.064539,0.144728,0.159587,0.150386,0.177654,-0.044308,0.052791,0.224312,-0.098994,0.168537,0.019519,-0.149866,0.151005,0.102294,0.165918,0.071637,-0.008420,-0.049906,-0.158008,0.021002,0.036513,0.124043,-0.101445,-0.187552,-0.104652,0.168917,0.193117,-0.039105,-0.024312,0.058717,0.215582,0.299179,0.104393,-0.030658,-0.053141,0.394195,0.023426,-0.058036,0.104838,0.133536,0.117550,-0.099753,0.147587,-0.061136,0.047873,0.106792,-0.059043,0.103983,0.185731,-0.025080,0.259476,0.198422,-0.079943,0.089147,0.314206,0.300105,-0.018512,-0.008584,0.007917,0.158508,0.228091,0.031196,0.072080,0.184995,0.286871,-0.147801,0.063645,0.160302,-0.022423,0.001501,0.190905,0.031563,-0.079831,0.000983,-0.080771,0.131402,-0.073777,0.372712,0.253754,0.237060,0.002870,0.017801,0.067023,0.008548,-0.201183,0.106419,-0.087774,0.094125,0.117472,-0.082937,0.168640,0.112937,-0.021421,0.042713,0.166826,0.036167,0.019318,0.163591,0.142478,-0.123321,-0.044487,0.164891,0.122338,0.121721,0.087672,0.038973,0.115467,-0.115251,0.068805,0.147885,0.065587,0.259556,-0.128031,0.260544,-0.125129,0.023193,#
17,0.049965,0.101721,-0.064366,0.124556,0.100354,0.005478,0.028550,0.200707,0.032510,-0.127122,0.014491,0.297176,-0.056319,-0.153649,-0.127698,0.283768,0.039081,1.000000,-0.065972,0.052922,0.286192,0.019974,0.110594,-0.006357,-0.076243,0.069394,-0.131363,-0.014271,-0.038026,0.188084,-0.068420,0.123951,0.208845,0.194081,-0.165645,-0.014398,0.035643,0.157933,0.080995,-0.129113,0.088270,0.038744,-0.123072,0.116786,-0.045016,0.212798,0.094062,-0.058032,0.246047,-0.092910,-0.013594,0.145987,-0.005702,0.121545,-0.023180,0.068598,0.128148,0.159653,-0.160213,-0.021593,0.167000,-0.067363,0.243874,-0.077469,-0.043779,0.008047,-0.074911,0.067911,-0.003896,0.140463,-0.048274,-0.077290,0.146488,-0.028490,0.151066,0.265903,0.060340,0.204804,-0.118399,0.182951,-0.000522,0.079185,0.290166,0.021298,-0.085811,-0.229618,-0.033789,0.096275,0.173839,0.165592,-0.120536,0.037078,-0.028209,0.147891,-0.071545,-0.045735,0.124844,0.292852,0.140103,0.037978,-0.037304,-0.180336,0.218158,0.116286,-0.320954,0.255107,0.055648,0.160652,-0.019105,-0.030707,0.096210,0.038681,-0.087723,0.239201,-0.121441,0.240801,-0.055473,-0.037065,-0.159477,0.109979,-0.131054,0.034546,0.092521,0.243834,0.291525,-0.120935,0.085120,0.246041,-0.023534,-0.020310,-0.118664,0.087572,0.128640,0.175140,0.025375,0.293344,0.004971,-0.002099,0.092867,0.221208,-0.035025,0.163573,-0.048856,0.080083,0.141647,-0.004917,-0.022202,-0.106840,0.008050,-0.087575,-0.037023,-0.190942,-0.099638,0.188398,-0.046850,0.188725,0.059286,-0.192856,0.316437,0.303597,-0.007719,0.095143,0.181458,0.005931,0.130688,0.318141,-0.016886,0.257471,0.033497,0.049820,0.284698,-0.067691,-0.078598,-0.119793,0.054527,-0.268951,0.191159,0.019668,-0.100137,0.112582,-0.186412,0.214294,0.110413,-0.136708,-0.154353,0.010603,0.021959,0.159403,0.039419,0.189286,-0.049129,0.120364,0.221815,-0.052741,0.415550,0.053971,0.029537,0.077317,-0.065730,0.025622,#
18,0.261576,-0.119004,-0.017553,0.198239,0.229842,0.054351,0.151943,-0.000483,0.030555,-0.324430,0.060460,0.194460,-0.008769,0.124429,0.117998,0.015704,0.045483,-0.065972,1.000000,-0.079394,0.168048,0.118707,-0.210792,0.193291,0.321820,-0.055526,0.138035,0.234138,0.081933,0.145380,0.202698,0.059989,0.175460,-0.071086,0.117477,0.131233,0.322614,-0.065913,-0.035778,0.225626,-0.147501,0.274783,0.102523,0.336178,-0.010594,0.113142,0.109763,-0.040563,-0.064637,0.135182,0.244673,-0.326712,0.293268,0.189506,-0.062920,0.000872,0.199959,0.056125,-0.006115,-0.159275,0.015652,-0.087968,0.200263,0.102223,-0.157074,0.071957,0.285819,0.318579,-0.073637,-0.191935,-0.027749,-0.115538,0.194054,0.186256,-0.160141,-0.128918,0.072629,0.084512,0.113456,0.082072,0.311480,-0.184679,0.091424,0.298468,0.218348,-0.109089,0.179978,-0.021159,0.263455,-0.018215,0.191773,0.003220,0.051606,0.265893,-0.102581,0.053758,0.279531,0.079965,0.038510,0.291993,-0.068617,0.227540,0.223049,0.256397,0.076171,0.216191,0.035632,0.144372,0.078482,0.208351,0.253376,0.196931,0.130226,0.082094,-0.111015,-0.038377,0.152732,-0.106412,-0.026611,0.161081,0.093565,0.215237,-0.031777,-0.196529,0.115563,0.076628,0.231519,-0.111130,0.270744,0.122770,0.251123,0.149404,0.120270,0.077913,0.098989,-0.329626,-0.242260,0.091772,0.097840,0.156541,0.323436,-0.040164,0.114154,-0.012029,0.068999,0.071107,0.092012,0.043449,0.028738,-0.011356,-0.051224,0.263345,0.028359,-0.106760,-0.019078,0.190450,0.213599,0.076302,-0.093113,0.413093,0.110395,-0.079318,0.052879,0.062171,0.191776,0.057664,0.111500,0.036006,-0.168119,0.089522,0.031590,-0.000557,0.240066,-0.141438,-0.172748,0.178158,0.134076,0.199580,0.386717,-0.029950,0.144245,0.002565,0.167803,-0.019494,0.164847,-0.026808,0.205786,0.203578,-0.042892,0.215825,0.093924,0.251804,0.221359,-0.083530,0.147871,-0.038236,-0.046288,0.312866,0.218813,0.094089,#
19,0.158087,0.125584,0.169169,0.112481,0.213502,-0.177969,0.029115,0.129795,0.182396,0.242179,-0.017573,0.019769,0.347989,0.035655,0.155355,0.012380,0.214763,0.052922,-0.079394,1.000000,0.139509,0.360830,0.213695,0.066536,-0.124030,0.268517,0.231425,0.063562,0.209741,0.166920,-0.171717,0.305878,0.138930,0.104970,-0.086290,0.271110,-0.063403,-0.074740,0.286584,0.004927,-0.003112,0.216275,-0.053163,0.031882,0.157739,0.357706,0.126780,0.374599,0.108739,-0.097956,0.166423,0.181249,0.011915,0.426145,0.173751,0.145415,0.136343,0.181681,0.143872,-0.146975,0.024220,0.060889,0.050788,0.200910,0.143456,0.198908,-0.270761,0.153055,0.100906,0.213953,0.024600,0.162513,0.151160,-0.225427,0.144819,0.368978,0.085562,0.203928,0.272620,-0.054622,0.189461,0.034101,0.003704,0.174767,0.348384,-0.098144,0.123432,0.093256,0.158180,0.166287,-0.103646,0.194411,0.077402,-0.002730,0.035363,0.005712,0.051874,0.215390,0.042349,0.117944,0.175055,-0.005805,0.174760,0.054478,0.223434,0.333424,-0.066556,0.357178,-0.164901,0.038061,0.214263,0.073219,-0.103144,0.190323,0.049545,0.163724,0.087419,0.159220,0.274313,0.051215,0.348727,0.236234,0.218690,0.142200,0.301342,0.214798,0.231322,0.328104,-0.158398,0.207581,-0.099083,-0.155038,0.195079,0.175051,0.007477,-0.011076,0.112452,0.283299,0.270354,0.209663,0.019078,0.243833,0.205353,-0.165128,0.096712,-0.004426,0.002110,0.154306,0.192550,-0.068129,0.088378,0.106004,-0.005573,0.248739,0.024755,0.050892,0.154866,-0.099773,0.082212,-0.160802,0.195173,0.307359,0.145928,0.242365,0.175478,0.201619,-0.077456,0.029991,0.136091,0.163879,0.060332,0.143982,0.245591,-0.003228,0.035044,-0.065715,0.307045,0.017664,-0.004863,0.130638,0.101705,0.313041,0.032221,0.003130,0.053113,0.035291,0.198287,0.292425,0.164690,0.188090,0.295697,-0.103014,-0.009347,0.253748,0.273863,0.057317,0.156207,-0.012887,0.050949,0.335387,#
20,0.110462,-0.090510,0.266234,0.157333,0.227137,0.173664,0.263904,0.183992,0.323010,-0.124347,-0.095832,0.044507,0.129432,0.018591,0.042056,0.155309,0.305012,0.286192,0.168048,0.139509,1.000000,0.115296,0.117292,0.209876,0.206141,0.129367,-0.092192,0.137642,0.051554,0.313606,0.150670,0.128353,0.156414,0.257383,-0.048403,-0.087111,0.147322,-0.057013,-0.052559,0.143713,0.190776,0.348131,-0.044596,0.031073,0.223872,0.317000,0.159068,0.054306,0.185415,0.033164,-0.064946,0.168568,0.165765,0.178899,-0.048610,-0.153198,0.132513,0.187030,0.263177,-0.090393,0.163563,-0.030724,0.310459,0.190873,0.277871,0.179178,0.177677,0.061295,0.309160,0.044807,0.011657,0.194352,0.388076,0.081815,-0.140954,-0.126533,0.105139,0.252409,0.117399,0.098326,0.192738,-0.076775,0.238323,-0.014231,0.121452,0.241323,0.103747,0.168704,0.247554,0.213242,-0.041106,0.328724,0.019058,0.195866,0.058469,0.070143,0.297673,0.303741,0.027667,-0.080483,0.042626,-0.165560,0.056449,0.130908,-0.061092,0.170827,-0.063800,0.095965,-0.106712,0.200926,0.215498,-0.015194,-0.154106,0.314099,-0.055206,0.229348,0.190704,-0.191250,-0.221264,0.076579,-0.022253,0.015619,-0.113497,-0.150366,0.238499,-0.052069,0.215703,0.207715,0.071359,0.148331,-0.044128,0.095023,0.261735,-0.148991,0.252703,0.241960,0.101513,0.235570,0.191357,0.093251,0.204442,0.077128,-0.067150,0.125421,0.236505,0.003003,-0.233904,0.237133,0.405526,0.144695,0.129143,0.148362,-0.054502,-0.000504,0.113934,0.066532,0.083702,-0.159362,0.221944,0.321408,0.045135,0.197088,0.150571,0.058581,0.257386,0.175610,-0.073975,0.336051,-0.044063,-0.076274,0.168280,-0.006727,-0.107033,-0.104160,0.023551,0.182707,0.055181,0.006504,0.224360,0.210276,0.109163,0.088959,0.043614,0.253275,0.055766,-0.163534,0.164535,0.097664,0.124198,0.341583,0.067447,0.055634,0.320226,0.069203,0.186225,0.282553,-0.029630,0.213832,-0.034363,0.036531,#
