0,1.000000,0.182061,0.219994,0.057137,0.149731,0.251515,0.467474,0.128022,0.147573,0.203262,0.322461,0.190550,0.132835,0.332590,0.256061,0.210448,0.259504,0.335576,0.234380,0.310796,0.238110,0.095908,0.313460,0.459828,0.130279,-0.121715,0.067207,0.051862,0.240553,0.359447,0.083953,0.461621,0.192221,0.381839,0.523165,0.209642,-0.109378,0.196995,0.397928,0.314160,0.254395,0.103166,0.297259,-0.061050,0.411428,0.056262,0.242282,0.133210,0.277304,0.265653,0.167540,0.377587,0.265995,0.147825,0.328797,0.330430,0.261098,0.200060,0.289481,0.147341,0.176748,0.408583,0.275549,0.160188,0.375218,0.280364,0.347198,0.249350,0.067270,0.088078,0.257573,0.370046,0.165295,0.284975,0.224962,0.251447,0.391496,0.132560,0.214668,0.185114,0.216416,0.209747,0.222833,0.185184,0.181648,0.353036,0.340045,0.385144,0.342891,0.231046,0.058707,0.117312,0.218628,0.116926,0.175921,0.062077,0.280287,0.264751,0.381280,0.389720,0.264381,0.153453,0.240103,0.290066,0.173739,0.222706,0.091909,0.151007,0.275061,-0.083291,-0.036736,0.397104,0.052130,0.320987,0.382710,0.265504,0.358100,0.133830,0.330182,0.411084,0.109898,0.298985,0.331505,0.258547,0.272306,0.243459,0.203954,0.122420,0.203210,0.419476,0.100103,0.382494,0.194379,0.247409,0.330418,0.432168,0.114322,0.031965,0.161327,0.304168,0.146987,0.049231,0.156941,0.396410,0.120237,-0.084785,0.275639,0.199025,0.110950,-0.062793,0.290328,0.268632,0.191499,0.111312,0.138084,0.243699,0.313293,0.330359,0.443776,0.169457,0.347777,0.312832,0.346036,0.239118,0.235827,0.321071,0.277834,0.177077,0.282337,0.182931,0.203719,0.283186,0.262792,0.284815,0.243830,0.270330,0.439064,0.425385,0.404566,0.183683,0.281906,0.256523,0.338284,0.167948,0.170372,-0.011084,0.025377,0.309944,0.257547,0.055007,-0.064742,0.129966,0.164423,0.448049,0.231711,0.347348,0.158834,0.388552,-0.035993,0.216457,#
1,0.182061,1.000000,-0.156863,0.015002,-0.038725,-0.115643,-0.093996,0.063824,0.210938,0.211486,0.160847,0.197129,0.119677,-0.106161,0.139013,0.035361,0.023276,0.007425,0.135284,0.045675,-0.134994,0.156528,0.269780,0.070501,0.168499,-0.101771,-0.185700,0.151525,0.181699,-0.099205,0.100408,0.154986,-0.070456,0.185187,-0.063626,-0.102534,0.172431,0.150148,0.178968,0.088190,0.021809,-0.036557,0.066465,-0.022227,-0.006733,-0.098824,0.083971,0.122973,-0.013530,0.252822,-0.019826,0.111114,-0.051455,-0.107659,0.150936,-0.187047,0.145200,-0.048947,-0.158437,-0.000235,0.095936,0.071415,0.061677,-0.084998,0.000158,0.222675,0.144334,0.127623,0.087590,0.193368,0.216707,0.302854,0.323254,-0.092977,0.164015,0.058641,0.236171,-0.038088,0.123341,-0.205233,0.008069,-0.006480,-0.124515,0.188387,0.209781,0.015040,0.224466,0.217236,0.170276,0.107215,-0.006369,0.151725,-0.111814,0.178118,0.141294,0.183952,0.035255,0.057180,0.114765,-0.125888,0.270597,-0.068814,-0.200612,-0.013533,-0.050168,0.181878,0.016299,0.168191,0.141189,0.102933,-0.068615,0.036575,-0.042365,0.337570,-0.014498,0.322078,0.057494,0.007511,0.037860,0.019390,-0.040867,0.152753,0.132998,-0.037281,0.146817,0.024444,-0.056674,0.066001,0.141130,0.184620,-0.224563,0.212615,0.008340,-0.029570,0.020499,0.278814,-0.122758,0.136331,0.109094,-0.006780,0.324074,-0.149958,0.136259,0.242021,0.027321,-0.078482,-0.027239,0.037681,-0.055912,-0.258646,0.077691,0.118999,0.126470,-0.131437,0.351159,0.092954,0.287604,0.139693,-0.039463,-0.006771,0.114400,0.304577,0.031749,0.256977,-0.129253,0.123035,0.085667,-0.115817,-0.041484,0.204214,-0.188341,0.025307,0.024765,0.180635,-0.073817,0.231712,0.121206,0.090329,-0.014312,-0.062610,0.166439,-0.057187,0.197243,0.013054,-0.210478,-0.008204,-0.000410,0.044461,0.377723,0.071100,0.123196,0.199888,0.096966,-0.021468,0.184260,-0.208155,0.175299,0.356015,0.049539,0.155329,#
2,0.219994,-0.156863,1.000000,0.061255,0.225683,0.091090,0.243347,0.096872,0.128828,0.139222,-0.092641,-0.037543,0.048674,0.384461,0.224850,0.150429,-0.070794,0.074377,0.133675,0.231623,0.246557,-0.018013,0.125838,0.305587,0.072310,-0.048529,0.193719,0.103542,0.193428,0.210390,0.010812,0.099423,0.250513,0.055043,0.227857,-0.006489,0.048350,0.061849,0.119326,0.193288,-0.107363,0.042538,0.236001,0.098568,0.158302,0.182538,0.239028,-0.070186,-0.110462,0.189658,0.193262,0.154201,0.270153,0.266941,0.194290,0.236513,0.290852,-0.137418,0.193515,0.125851,0.437367,0.272800,0.125020,-0.020210,0.106904,0.167858,-0.134874,0.217944,0.144012,0.129452,0.244603,0.164508,-0.065613,0.253183,0.240803,0.049325,0.165745,0.035782,0.075414,0.168850,0.126243,0.240163,0.312740,0.059636,0.310773,0.072568,0.051525,0.337837,0.020941,0.098675,0.200179,-0.036990,0.311922,0.128283,0.179904,0.139130,0.199207,-0.009967,0.302692,0.124020,0.279291,0.208902,0.046206,0.159344,-0.196941,0.212611,0.286942,0.188331,-0.040798,-0.169875,0.119499,0.126087,0.234213,0.045827,0.158100,-0.004587,0.081948,0.337381,-0.001370,0.079018,-0.014750,-0.088809,0.046847,0.411929,0.089505,-0.135994,0.081610,0.065169,0.167907,0.285825,0.065998,0.123343,0.263673,0.265607,0.270292,0.106627,0.261977,0.197290,0.355593,0.185819,-0.163712,0.197620,-0.202280,-0.015443,0.048931,0.140198,0.069444,-0.062759,0.081447,0.244484,0.082327,0.276621,0.128281,0.292612,-0.036924,0.096758,0.014130,0.106745,0.251866,0.017821,-0.005426,0.222553,0.093267,0.093355,-0.116905,0.192813,-0.047768,-0.013382,0.104802,0.245918,0.058706,0.167982,0.329816,0.049140,0.270832,0.249133,0.080071,-0.007045,0.263954,-0.023390,-0.117621,0.375953,0.009421,0.261836,-0.042268,0.035094,0.175499,0.102455,0.112251,0.027419,0.071874,0.190606,0.378184,0.319245,-0.007649,-0.001283,0.108684,0.016611,-0.029487,0.255290,#
3,0.057137,0.015002,0.061255,1.000000,0.303259,-0.059286,0.250396,0.074848,0.300778,0.134498,0.153770,0.173119,0.049385,0.167484,0.083748,0.094644,0.102678,0.008959,0.374942,0.246009,0.135949,0.243414,0.103850,0.017702,0.154704,0.074238,0.199385,0.161628,0.006444,0.318284,0.061803,0.186654,0.127639,0.195902,0.254607,0.205832,0.134184,0.114281,0.141655,0.366436,0.002168,0.209097,0.298105,0.330263,0.274218,0.229570,0.144203,0.037047,0.037671,-0.076083,0.191919,-0.068029,0.343621,0.137361,-0.023716,0.337080,0.278225,0.097957,0.221818,0.151150,0.199675,0.053791,0.081658,0.079890,0.343975,0.006856,-0.033767,0.111916,-0.278693,0.209992,0.166536,0.209884,0.271617,0.011498,0.020165,0.128031,0.220656,0.056817,0.100864,0.081723,0.085184,0.240361,0.169136,0.141694,0.287084,0.222160,0.200331,0.261663,0.041153,0.116851,0.343025,0.151717,0.042941,0.185140,0.206831,0.260329,-0.091038,0.183201,0.240887,0.083655,-0.037461,0.254295,0.067220,-0.027282,0.312877,0.016036,-0.023269,0.083059,0.127984,0.134407,0.059677,0.008669,0.084264,0.165837,0.032124,0.235501,0.023733,0.107235,0.148874,0.054138,0.108356,0.291227,0.289479,-0.107325,0.023611,0.185883,0.025037,0.325719,0.247780,0.086525,0.098532,0.162814,0.058887,0.132395,0.118343,0.332565,0.093092,-0.090520,0.077303,0.169794,-0.200006,0.151166,0.336377,-0.025659,-0.065402,0.421822,0.003185,0.370201,0.289221,0.182469,0.140273,0.226843,0.106921,0.199851,0.257214,-0.161575,-0.020040,0.036689,0.307004,0.205945,0.055778,0.185217,-0.078794,0.096767,0.058221,0.313931,0.369594,0.027777,0.143144,0.234523,0.090460,0.178533,0.181632,0.100189,0.010027,0.148462,0.174346,0.199720,0.114796,0.207585,-0.103997,0.270104,0.002377,0.189474,0.058145,0.071170,0.099879,0.022534,0.143527,0.463241,0.332882,0.206251,0.166493,0.105360,0.222134,0.242227,0.107602,0.132867,0.028295,0.351700,#
4,0.149731,-0.038725,0.225683,0.303259,1.000000,0.219568,0.082259,0.295544,0.206359,0.324317,-0.001718,0.352284,0.336971,0.270973,0.220298,0.123090,0.377092,0.038280,0.342221,0.466692,0.362688,0.300436,0.325764,0.351209,0.055745,0.005491,0.305676,-0.083600,0.342421,0.202301,0.226805,0.416163,0.514484,0.421954,0.137268,0.277451,0.267821,0.032579,0.293232,0.202497,0.230013,-0.006475,0.236544,0.332439,0.182101,0.285038,0.242373,0.293689,0.065047,-0.010981,0.181760,0.085535,0.448771,0.211764,0.133318,0.100205,0.326556,0.035130,0.363951,0.288855,0.115924,0.241906,0.345914,-0.031896,0.368086,0.182183,-0.081528,0.302225,0.080768,0.133822,0.265877,0.183805,0.381027,0.303828,0.319067,0.100640,0.157054,0.364802,0.205867,0.341635,0.166860,0.308284,0.296368,0.115649,0.108718,0.188740,0.211584,0.145512,0.241399,0.020600,0.280322,0.306580,0.170850,0.114766,0.275974,0.301116,0.252739,0.369360,0.310031,0.368700,0.184007,0.334454,0.196806,0.143154,0.035511,0.237769,0.235622,0.165372,0.342338,0.341460,0.223106,0.209959,0.342672,0.365204,0.357361,0.207744,0.369612,0.326644,0.054781,0.180907,0.045309,0.413536,0.428800,0.088893,0.140824,0.101513,0.041612,0.311294,0.486697,0.298562,0.133961,0.264549,0.196966,0.345390,0.351247,0.263712,0.099713,0.085500,0.180077,-0.060209,-0.123303,0.119557,0.207836,0.192391,0.167338,0.127269,0.391341,0.022549,0.261343,0.328809,0.085514,0.342764,0.077056,0.169309,0.341827,0.201101,0.281387,0.195471,0.173830,0.263000,0.103806,0.342894,0.360448,0.049249,0.015539,0.268384,-0.017846,0.058146,0.143762,0.395798,0.330794,0.375597,0.351599,0.142603,0.246574,0.317951,0.238621,0.253592,0.248876,0.130951,-0.132420,0.253698,0.078785,0.005529,0.443492,0.157761,0.125638,0.245988,0.230226,0.383581,0.207685,0.070335,0.266456,0.360148,0.076848,0.304026,0.379545,-0.061585,0.324964,0.204511,#
5,0.251515,-0.115643,0.091090,-0.059286,0.219568,1.000000,0.081684,0.056272,0.078651,0.146488,0.203482,0.052725,0.033635,-0.166224,0.113121,0.349724,0.180729,0.227780,-0.193082,0.376912,0.136511,0.016588,0.141340,0.331512,0.147499,0.008044,0.322386,0.040821,0.162282,0.098232,0.333814,0.306325,0.215643,0.229015,0.132468,0.129783,0.048085,-0.043302,0.191405,0.157112,0.285871,-0.135579,0.038723,0.142827,0.141285,0.331183,0.247156,0.098558,0.182909,-0.081412,0.070024,0.112656,0.053087,0.310920,-0.250295,0.245726,0.361684,0.023341,0.410335,0.089304,0.135446,0.456297,0.186782,0.152202,0.242139,0.150834,-0.134065,0.386885,0.138092,-0.159982,0.258366,0.106040,0.173784,0.085129,0.038004,0.284717,0.242296,0.308124,0.074074,0.141355,0.442478,0.040229,0.101631,0.039927,0.150743,0.215837,0.326916,0.365963,0.276446,-0.097343,-0.048078,0.157469,0.422644,0.185835,0.034557,0.042614,0.053594,0.271156,0.291738,0.342479,0.194499,0.289272,0.207205,0.194925,0.113667,0.235316,0.126133,0.115295,0.003090,0.216693,-0.102018,0.342325,0.118663,0.026112,-0.011784,-0.014418,0.275923,-0.078258,-0.152424,0.181688,0.095333,0.017679,0.281478,0.252336,0.058612,0.102504,0.190880,0.140492,0.018069,0.220947,0.298542,0.214879,0.275068,0.323933,0.074424,0.121910,0.193415,0.004333,0.134023,0.051201,0.063005,-0.237214,0.281386,0.230167,0.129185,-0.071520,-0.118340,-0.000010,0.211891,-0.069865,0.214559,0.017416,0.043655,0.139472,0.051954,-0.032774,0.351338,0.291092,0.203156,0.350957,0.208218,0.339564,0.135508,0.061479,0.142672,0.099432,-0.138774,0.260296,0.272667,0.044661,0.216802,0.198211,0.044133,0.190981,0.198554,0.161442,0.117043,0.046962,0.205205,0.139065,0.201229,0.177332,0.165043,0.114501,0.353492,0.188594,-0.040803,0.156436,-0.037760,0.160669,-0.012209,0.001415,0.093798,0.157995,-0.080609,0.216056,0.165874,0.030762,0.204443,0.184343,#
6,0.467474,-0.093996,0.243347,0.250396,0.082259,0.081684,1.000000,-0.046474,0.035030,-0.064831,0.184608,-0.032743,0.249331,0.311098,0.059971,0.063883,0.222509,0.202943,0.196190,0.152543,0.405776,0.022514,-0.046495,0.273065,0.039567,-0.069389,0.069893,0.037977,0.196514,0.244447,0.085502,0.166791,0.168626,0.261120,0.398474,0.280524,-0.019404,0.005561,0.147865,0.255226,-0.014328,0.189310,0.200645,0.141087,0.410217,0.138399,0.247088,-0.188294,0.364982,0.256542,0.203137,0.343629,0.427724,0.062381,0.162404,0.188391,0.367801,0.111105,0.374447,0.172932,0.134681,0.037081,0.000577,0.106341,0.464132,-0.046358,0.300510,0.054297,-0.062999,0.054403,0.161833,0.192375,0.108245,0.331215,0.068744,0.235749,0.198900,0.005605,0.114591,0.089893,0.120157,0.220778,0.306848,0.152875,-0.140155,0.324236,0.284493,0.124055,0.250617,0.212822,0.105396,0.073464,-0.020811,0.060510,0.180330,0.091624,0.281325,0.174965,0.286994,0.273628,0.165712,0.156039,0.344316,0.099813,0.031568,-0.057211,0.129238,-0.006292,-0.001339,-0.051165,-0.072396,0.064714,-0.078079,0.183900,0.431550,-0.105408,0.386930,0.281558,0.292185,0.162249,0.267836,0.212338,0.117293,0.159024,0.281173,0.277555,0.062249,0.139025,0.022049,0.318583,0.013742,0.279201,0.302910,0.069975,0.122184,0.408255,0.130837,0.090763,0.313915,0.103390,0.193658,0.062491,0.009700,0.096297,0.096521,0.238691,-0.037012,0.120509,0.110593,0.100024,0.181501,0.332623,0.048025,0.020949,0.037946,-0.027667,0.189881,0.306711,0.440454,0.065480,0.276905,0.189269,-0.002499,0.201301,0.067551,0.254201,0.303261,0.091624,0.267772,0.082554,0.350439,0.166819,0.064369,0.017473,0.139168,0.058580,0.266485,0.308947,0.158295,0.059783,0.156390,0.118811,0.299888,0.199273,0.013314,-0.012168,-0.054193,0.232690,-0.082539,0.159203,-0.032642,0.193075,0.031410,0.329899,0.179919,0.079409,0.110010,0.157646,0.156266,0.176959,#
7,0.128022,0.063824,0.096872,0.074848,0.295544,0.056272,-0.046474,1.000000,0.338850,0.221344,0.089730,0.048632,0.222205,0.201613,0.355649,0.015032,0.316935,0.032684,0.372265,0.137506,0.117336,0.256141,0.291700,0.357376,0.393186,0.148629,0.049462,0.182043,0.294281,-0.004825,-0.048526,0.264572,0.207745,0.229151,0.071841,0.107850,0.200346,0.053435,0.285066,0.027331,0.035502,-0.193486,0.090819,0.331462,0.289232,0.262534,0.233722,0.202082,-0.222093,-0.004086,0.169096,-0.127823,0.199868,0.350502,0.112207,0.114053,0.021467,0.139690,0.022915,0.111173,-0.003640,0.274885,0.008320,-0.076384,0.128355,0.238401,-0.012138,0.307568,0.174693,0.337494,0.291524,-0.206669,0.412904,0.138053,0.339248,0.031194,0.194306,0.018481,0.389499,0.075886,0.245809,0.313127,0.013677,0.077690,0.206318,0.107934,0.322014,0.246814,0.151206,0.305940,0.136414,0.059277,0.299230,0.181374,0.251293,0.108113,0.282593,0.374099,0.288158,0.267542,0.272743,0.280463,0.068813,0.223094,0.048036,0.174973,0.128401,0.137250,0.058844,0.021137,0.353888,0.014191,0.250725,0.234893,0.282479,0.090778,0.209439,-0.101416,0.029599,0.214751,0.168455,0.149277,0.211146,0.344239,0.284059,0.049232,0.115246,0.268464,0.249485,0.151226,0.124503,0.049706,0.150965,0.047825,0.162750,0.430571,0.040175,-0.032643,0.105566,0.054984,0.154563,0.322056,0.313773,0.189536,0.044304,0.307121,0.202760,0.002795,0.333049,0.140720,0.011600,0.226277,0.384946,0.182283,0.151112,0.298355,0.062577,0.185394,0.135254,0.134854,0.332544,0.107113,0.388306,-0.015180,0.124346,0.194933,0.295152,0.130714,0.038636,0.088245,0.313100,0.349152,0.237454,0.092591,0.113584,0.244462,0.252546,0.170115,0.202584,0.113436,0.238614,0.097194,-0.025387,0.045503,0.050159,0.167570,0.017092,0.112678,0.240382,0.238797,0.234647,0.036235,0.057947,0.234984,0.207931,0.169453,0.248384,0.225608,0.185753,0.093850,#
8,0.147573,0.210938,0.128828,0.300778,0.206359,0.078651,0.035030,0.338850,1.000000,0.322924,0.086900,0.164950,0.032746,0.170578,0.225232,0.184094,0.170513,0.064396,0.155751,0.209881,0.058195,0.250101,0.098421,0.195977,-0.038177,0.196829,0.123532,0.326036,0.003155,0.081233,-0.066909,0.085492,0.301761,0.220954,0.015972,0.108572,0.208000,0.107935,0.102892,0.358776,0.029607,0.204090,0.240619,0.191675,0.088829,0.042553,-0.070872,0.090880,-0.028232,0.205830,0.090813,0.017929,0.208804,0.285496,0.085762,0.198037,0.009907,0.158512,-0.025850,0.172727,0.272600,0.166790,0.208150,-0.052733,0.056947,0.361562,0.009212,0.336855,0.113430,0.369193,0.197775,0.233212,0.348504,0.331806,-0.095097,0.167208,0.040695,0.151333,0.259139,0.227311,0.062674,0.091215,-0.049835,0.395986,0.135848,0.257509,0.158840,0.186786,-0.027893,0.282623,0.163889,0.072730,0.160655,0.288218,0.366117,0.165133,-0.073351,0.136798,0.334150,0.038437,0.190928,0.232617,-0.007254,0.333664,0.049878,0.255514,0.375783,0.318106,0.129195,0.029440,0.306296,0.231143,0.326309,0.237932,0.307545,0.282214,0.200698,0.073674,0.045552,0.246075,0.159332,-0.044540,0.471602,0.093183,0.082068,0.303255,0.247929,0.111298,0.359993,0.230970,0.000529,0.064458,0.295440,0.366685,0.482147,0.304735,-0.147171,0.027911,-0.099899,0.280256,-0.054684,0.125878,0.152623,0.281038,0.157923,0.112843,0.235789,0.066203,0.054378,0.084865,-0.047595,0.167160,0.122408,0.328842,0.321302,0.111347,0.091936,0.234177,0.118403,0.342332,0.153229,0.186555,0.265064,0.345743,0.003808,0.093796,0.190250,0.071415,0.134267,0.382585,0.155686,0.362589,0.251822,0.312202,0.373910,0.214797,0.104005,0.131567,0.374253,0.086489,0.203778,0.207417,-0.364381,0.231396,0.231954,0.143411,0.064689,0.160518,0.447654,0.306195,0.107326,0.103445,0.302259,0.097159,-0.071238,0.270171,0.133314,0.119134,0.056984,0.378287,#
9,0.203262,0.211486,0.139222,0.134498,0.324317,0.146488,-0.064831,0.221344,0.322924,1.000000,-0.011658,0.174019,0.185493,0.079768,0.293507,0.152683,0.241310,0.061098,0.330387,0.314088,0.305227,0.271813,0.385357,0.491240,0.053746,0.168387,0.251442,0.265031,0.127756,0.140696,0.061466,0.206316,0.195195,0.333391,0.368145,0.262951,0.212706,0.068413,0.249738,0.131532,0.166576,0.076320,0.226370,0.140787,0.243642,-0.037241,0.229560,0.073811,-0.163591,0.025465,-0.032705,0.027132,0.134258,0.301437,0.087560,0.228580,0.082329,0.224168,0.281634,0.309196,0.146775,0.126737,0.351357,0.149739,0.194431,0.421663,0.161405,0.417975,0.223422,0.242813,0.375170,0.105707,0.279317,0.166888,0.202832,0.087803,0.051034,0.408354,0.316456,0.264458,-0.156594,0.129708,0.005470,0.260117,0.435503,0.145560,0.156926,0.398444,0.012279,-0.141798,0.163466,0.267289,0.262271,0.176047,0.208795,0.085016,0.164787,0.394633,0.473132,0.121209,0.063341,0.282839,0.206099,0.134857,0.145768,0.403693,0.132788,-0.079163,0.356783,0.336543,0.283110,0.462457,0.538943,0.210254,0.045612,0.306697,0.230771,-0.064732,0.015895,0.165718,0.298439,0.057371,0.468831,0.283056,0.251248,0.089545,0.228739,-0.014714,0.425473,0.270321,0.212328,0.171846,0.355353,0.452964,0.274364,0.266378,0.056145,0.001852,0.080200,0.362970,-0.053403,0.413704,0.161809,0.227904,0.018899,0.115876,0.293889,0.022727,0.129281,0.090425,-0.033439,0.088523,0.069413,0.079874,0.349415,0.190031,0.193088,0.296620,0.322700,0.205101,0.122466,0.263621,0.227129,0.244257,0.223759,0.239430,-0.028779,0.116086,0.276611,0.232956,0.348460,0.466567,0.121986,0.213821,0.236580,0.373182,0.036136,0.222494,0.443216,0.212431,0.146498,0.158351,0.100064,0.128236,0.135352,0.452114,-0.150562,0.071314,0.488287,0.161654,0.140815,0.242106,0.132001,0.066323,0.027977,0.057511,0.069828,0.229747,0.036331,0.133525,#
10,0.322461,0.160847,-0.092641,0.153770,-0.001718,0.203482,0.184608,0.089730,0.086900,-0.011658,1.000000,0.044389,-0.205867,0.073547,-0.066577,0.195100,0.161232,-0.017021,0.014163,0.004739,0.047070,-0.046115,0.141576,0.243415,-0.100432,-0.036977,-0.003738,0.339614,-0.025603,0.198442,0.019158,0.178430,0.099687,0.252194,0.319250,-0.019761,-0.074623,0.235697,0.030550,-0.022799,0.205105,-0.043030,-0.089232,0.085648,0.314649,0.126563,0.209671,0.139128,0.289402,0.358710,-0.180843,0.000250,0.184669,0.031231,0.031812,0.187474,0.215938,0.058995,0.002096,-0.019255,0.097970,0.179345,0.271919,0.311589,0.269983,0.025170,0.007759,-0.129050,-0.095042,0.106220,0.015973,0.191310,0.220647,0.157052,0.000532,0.194989,0.172280,0.168793,0.089556,-0.011089,0.226645,0.109480,0.055970,0.115458,0.070667,0.202980,0.228965,0.307450,0.057489,0.228222,0.086356,0.256689,0.129718,0.249295,0.256892,0.132609,-0.111606,0.118934,0.398270,0.320578,0.241915,0.174236,0.107249,0.289343,0.462810,-0.072494,0.009435,0.084906,0.118932,0.151606,-0.305993,0.084549,-0.047390,0.120665,0.041201,0.249792,0.155672,-0.101955,0.249784,0.162290,0.128487,0.268571,-0.024628,0.115623,-0.198357,0.266544,0.227259,0.249588,0.054824,-0.068812,-0.218722,-0.056128,0.086572,0.042756,0.261257,0.226870,0.135166,-0.069251,0.062711,0.087349,0.293880,-0.206859,0.136046,0.144128,-0.316675,-0.065861,0.049047,0.025776,0.158908,-0.024659,0.223152,0.069361,0.394390,0.271240,-0.020451,0.136887,0.255408,0.216748,0.303002,0.148705,0.260263,0.226989,0.164392,0.109648,-0.192334,0.222766,0.222459,0.241250,0.362357,0.099070,0.003609,0.073213,-0.018805,0.094158,0.056842,0.113354,0.256230,0.223907,0.085305,0.321530,0.060589,-0.021804,0.157971,0.022496,-0.039449,0.042334,0.041116,0.151550,0.013623,0.159961,0.159560,0.067343,0.024850,0.029600,0.300866,0.043778,0.019323,0.264520,0.133194,0.066426,#
11,0.190550,0.197129,-0.037543,0.173119,0.352284,0.052725,-0.032743,0.048632,0.164950,0.174019,0.044389,1.000000,0.253339,-0.048742,0.080074,0.028100,0.089465,0.156028,0.288645,0.206772,0.065462,0.012799,0.165247,-0.045870,0.069186,-0.051849,-0.206916,0.113609,0.091201,0.060843,0.194768,0.153314,0.194299,0.288023,0.109614,-0.009188,0.204259,0.096043,0.073933,0.351290,0.060868,0.099202,0.063160,0.088183,0.119815,0.229806,0.419546,0.005716,0.017579,0.234946,0.100838,0.000116,0.345795,0.187340,0.194656,0.070710,0.113812,0.174270,0.073765,0.064743,-0.029786,0.181340,0.237421,-0.048620,0.220484,0.195280,0.129027,0.103554,0.137893,0.181845,0.237482,0.064639,-0.008096,0.090764,0.127425,-0.121975,0.183974,0.259551,0.111095,-0.093525,0.179650,0.057176,-0.048816,0.053730,0.081562,0.094740,0.100327,-0.078198,0.207337,0.009577,0.081000,0.382179,0.159865,-0.074706,0.221376,0.383720,0.102968,0.196161,0.075655,0.033802,-0.052241,0.206162,0.057221,0.153740,0.291245,0.250664,0.133350,0.289111,0.190561,0.200192,0.201500,0.157459,0.221936,0.074733,-0.015341,0.148556,0.002223,0.317672,0.035044,0.106531,-0.018819,0.192040,0.225240,0.046708,0.055235,0.142038,0.044906,-0.028555,0.284923,0.256106,0.087934,0.208351,0.125301,0.265308,0.134695,0.164622,0.165281,-0.121536,-0.051493,0.097849,0.230941,-0.024231,0.259323,0.230405,0.297625,-0.121764,0.114407,0.127182,0.087297,0.134625,0.035382,-0.024691,0.206293,0.258228,0.212696,0.112037,0.126721,0.189924,0.159616,-0.022670,-0.133323,0.138953,0.149842,-0.058077,0.216358,-0.034261,0.116242,-0.018645,0.239230,0.279049,0.113155,0.204507,0.086132,0.193420,-0.080233,0.203013,0.032125,0.159637,0.100735,0.384975,0.093644,-0.028295,0.126689,0.113804,0.284996,-0.005413,-0.008539,0.321832,0.379784,0.128702,0.329781,0.018427,0.253619,0.197503,0.167046,0.111068,0.071183,0.129928,-0.040941,0.105474,#
12,0.132835,0.119677,0.048674,0.049385,0.336971,0.033635,0.249331,0.222205,0.032746,0.185493,-0.205867,0.253339,1.000000,0.192736,0.300010,-0.002813,0.356868,0.176485,0.209131,0.318172,0.218125,0.106114,0.354306,0.226581,0.075443,-0.056223,-0.008327,0.041132,0.439544,-0.050321,0.152027,0.164055,0.379691,0.276824,0.156409,0.196724,0.249788,-0.003277,0.133027,0.281590,-0.137618,-0.014165,0.039420,0.429854,0.090344,0.221553,0.151791,0.013415,-0.022361,0.043801,0.252297,0.066801,0.254026,0.114873,0.167532,-0.085063,0.105828,0.120869,0.338995,0.091268,-0.160472,0.348941,-0.044487,-0.093562,0.233938,0.132338,0.068083,0.092553,0.169388,0.140667,0.285127,-0.031403,0.196278,0.007498,0.268478,0.193766,0.244881,0.077892,0.118544,0.016678,0.131193,0.189876,0.230477,0.187891,-0.121266,0.173271,0.140146,0.049479,0.349637,0.073620,0.093293,0.190107,-0.064869,-0.029140,0.058650,0.393828,0.409027,0.345844,0.158411,0.011909,0.072419,0.300435,0.094863,0.321981,0.090039,0.207294,0.196457,0.108453,0.253888,0.149098,0.217103,0.015105,0.154811,0.207896,0.307992,0.116101,0.273367,0.193102,0.068471,0.045233,0.090279,0.129407,0.228489,0.291608,0.331379,0.103060,0.124234,-0.097948,0.063150,0.316674,0.055297,0.251038,0.059628,0.184931,-0.020983,0.150295,0.076192,0.231533,0.206274,-0.081291,0.116047,0.290968,0.249484,0.063560,0.274535,0.216223,0.178633,-0.024306,0.202780,0.246777,0.062600,0.339841,0.106027,0.052616,0.232764,0.239633,0.280933,0.113078,0.286087,0.105199,0.149948,0.304980,0.285510,0.051258,0.319550,0.110193,0.161170,0.195966,-0.060365,0.060690,0.251850,0.301107,0.128689,0.261511,0.037770,0.119617,0.125185,0.406730,0.150950,-0.085768,0.052901,0.185680,0.209173,0.240649,-0.145664,0.296369,-0.160475,0.441921,0.127748,0.037632,0.059608,0.024231,0.107585,0.215090,0.154171,0.114652,0.106938,0.118816,0.147437,-0.100815,#
13,0.332590,-0.106161,0.384461,0.167484,0.270973,-0.166224,0.311098,0.201613,0.170578,0.079768,0.073547,-0.048742,0.192736,1.000000,-0.005925,0.132994,0.288778,0.207060,0.244015,0.149643,0.197827,0.224306,0.413907,0.376480,-0.000509,0.130156,0.010106,0.148210,0.253568,0.143315,-0.007301,0.100834,0.327495,0.122434,0.116240,0.122707,0.123746,0.120222,0.377546,0.173213,0.131922,0.138742,0.259284,0.098334,0.338273,0.189178,0.059412,0.151974,0.212732,0.370568,0.022277,0.253516,0.300675,0.241393,0.298276,0.170352,0.015175,0.023412,0.084816,0.113998,0.167667,0.241613,0.102707,0.006331,0.281979,0.057507,0.110285,0.008056,0.214803,0.174073,0.145606,0.162302,-0.131060,0.293834,0.320392,0.250881,0.017305,0.026449,0.339744,0.228980,-0.004817,0.124384,0.342688,-0.036151,0.064201,0.020143,0.017148,0.106815,0.268461,0.254817,0.248713,0.044216,0.177518,0.072442,0.206911,0.034729,0.239853,0.096269,0.124042,0.358793,0.281844,0.196698,-0.090308,0.414816,0.003121,0.325192,0.149794,0.130381,0.150032,0.029245,0.264922,0.249737,0.075782,0.219024,0.281583,0.164282,0.126626,0.373550,0.169190,0.159851,-0.023765,0.100701,-0.022021,0.020631,0.133366,0.033373,0.113947,-0.055668,0.137748,0.193231,-0.007500,0.067440,0.063623,0.071338,0.390571,0.193655,-0.106933,-0.051113,0.250077,0.149281,-0.114338,0.155904,0.187407,-0.028720,-0.171008,0.118347,0.248845,0.047279,0.105315,0.176513,-0.040309,0.270479,0.166797,0.164616,0.206075,0.271253,-0.062378,0.065674,0.299630,0.083939,0.249963,0.102270,0.221365,0.085122,0.010514,0.292071,0.251227,0.206102,0.191385,0.053984,0.139198,0.185472,0.202709,0.193224,0.355420,0.131297,0.133411,0.403832,0.224284,0.108440,-0.072400,0.171734,0.054132,0.184434,-0.009920,0.005646,0.023956,0.252399,0.056708,-0.001288,0.267181,0.098279,0.253093,0.292213,0.193648,0.065515,0.089945,0.279028,0.074505,0.132667,#
14,0.256061,0.139013,0.224850,0.083748,0.220298,0.113121,0.059971,0.355649,0.225232,0.293507,-0.066577,0.080074,0.300010,-0.005925,1.000000,0.272881,0.255418,-0.029029,0.107748,0.162887,0.194023,0.137058,0.050029,0.258470,0.181190,-0.146942,0.084065,0.099262,0.344276,0.180412,0.263312,0.296572,0.178731,0.164893,0.136346,0.033162,0.088025,0.142354,0.300276,0.173864,-0.170923,-0.042759,0.265161,0.309378,0.184044,0.125243,0.036343,0.040088,-0.194732,0.023185,0.108580,-0.025730,0.078021,0.328649,0.098735,0.047256,0.182261,0.068662,0.190324,0.041025,0.172645,0.258233,0.058118,0.178003,-0.014954,0.143386,-0.121127,0.232522,0.126674,0.301893,0.320914,0.168629,0.308930,0.099387,0.214588,0.046974,0.431697,0.154980,0.191610,0.012128,0.231056,0.367981,0.271344,0.467238,0.205472,0.128758,0.259445,0.459578,0.208217,0.063968,0.006125,-0.060734,0.202868,0.244105,-0.009234,0.278740,0.455291,0.226483,0.352436,0.025376,0.058943,0.242274,0.292013,-0.019510,0.106029,0.111867,0.139585,0.041523,-0.070348,0.105220,0.189212,0.118752,0.281327,0.169900,0.297524,0.260567,0.353093,0.069822,0.077628,-0.061033,0.183178,0.095640,0.402167,0.303913,0.412213,-0.021970,-0.036588,0.362016,0.149789,0.296567,0.111668,0.144038,0.144790,0.333537,0.211140,0.257407,-0.072320,0.222972,0.140853,0.229053,-0.029245,0.098185,-0.015329,0.262762,0.113047,0.224775,0.137407,0.156584,0.259554,0.056301,0.165256,0.002890,0.123876,0.112451,0.302006,0.251489,0.131396,0.258872,0.106059,0.122209,-0.002371,0.051877,0.201755,0.173158,0.091877,0.267264,0.228074,0.024602,0.098810,0.285974,0.257583,0.206835,0.248532,0.324333,0.077122,0.489470,0.185546,0.160845,0.255435,-0.093402,0.340452,0.379742,0.059620,-0.065860,0.044023,0.020075,-0.069681,-0.052650,0.129198,0.239328,-0.133498,0.050207,0.325582,0.347046,0.221983,0.155761,0.211748,0.113687,0.080800,0.033710,#
15,0.210448,0.035361,0.150429,0.094644,0.123090,0.349724,0.063883,0.015032,0.184094,0.152683,0.195100,0.028100,-0.002813,0.132994,0.272881,1.000000,0.086856,0.181792,-0.014900,0.183718,0.139414,0.113082,0.066491,0.312859,0.057849,0.078613,0.026969,0.153102,0.195431,0.428182,0.134608,0.187124,0.030740,0.231709,0.136857,0.282025,0.223839,0.106340,0.320771,0.155318,-0.072537,0.150901,0.258181,0.160715,0.312443,0.152340,0.288161,0.270170,0.103590,0.199653,-0.029084,0.345532,0.094004,0.024813,0.124774,0.002112,0.259259,-0.152749,0.025042,0.129161,0.268066,0.245870,0.196741,0.250008,0.084085,0.205259,-0.026961,0.194843,0.024778,-0.065385,0.262669,-0.019487,-0.017415,0.194333,0.096468,0.158788,0.204109,0.373474,0.168484,0.066613,0.377038,0.244190,-0.044829,0.254649,0.280396,0.187464,0.056444,0.395502,0.150228,-0.067135,0.077152,0.009053,0.208009,0.159650,-0.027634,0.114058,0.031826,0.150295,0.108656,0.036355,0.245828,0.021132,0.286697,0.172226,0.019455,0.194187,0.373686,0.136370,-0.034116,0.334943,-0.195673,0.132896,0.108045,0.217243,-0.069388,0.035062,0.256495,0.241409,0.131942,0.178258,0.107171,0.013468,0.128988,0.129397,-0.146568,0.057243,0.317565,-0.007178,0.161840,0.413537,-0.054696,-0.083527,0.062339,0.093706,0.168015,0.039515,-0.132437,-0.137153,0.141252,0.148851,-0.080321,-0.113099,0.079915,-0.043735,0.050956,0.045256,0.074234,0.136193,0.082872,-0.061016,0.304065,-0.072787,0.406435,0.240924,0.043386,0.105759,0.196473,0.227654,0.116948,0.213829,0.058762,0.181065,0.315023,-0.202321,0.204990,0.130081,0.264926,0.312686,0.239476,-0.058244,-0.039521,0.252130,-0.057174,0.187682,-0.084340,0.337751,0.154561,0.145565,0.266466,0.090808,0.160102,0.202627,0.079834,0.155366,0.126261,0.086886,-0.293146,0.116239,-0.035875,0.198217,0.051432,0.163063,0.167738,0.154244,0.078767,0.151534,0.272909,0.346258,0.171336,0.301175,#
16,0.259504,0.023276,-0.070794,0.102678,0.377092,0.180729,0.222509,0.316935,0.170513,0.241310,0.161232,0.089465,0.356868,0.288778,0.255418,0.086856,1.000000,0.206900,0.064694,0.246033,0.597517,0.370628,0.165304,0.249734,0.137794,0.155430,0.290923,-0.023287,0.244798,0.155984,0.099577,0.362735,0.458586,0.603082,0.165693,0.187970,0.311711,0.127433,0.467041,0.349464,0.112441,0.218890,0.140604,0.234059,0.257866,0.206384,0.108110,-0.021336,0.070939,0.087655,0.038127,0.136521,0.202122,0.345443,0.292152,0.160990,0.002405,0.125159,0.365767,0.205283,0.045286,0.231779,0.170540,0.001926,0.246615,0.341572,-0.033147,0.265605,0.370745,0.262364,0.245654,-0.001590,0.206388,0.219015,0.340433,0.147451,0.216480,0.242617,0.300071,0.263009,0.302207,0.191762,0.217147,0.146913,0.083435,0.121363,0.404160,0.113671,0.265065,0.320173,0.195061,0.115092,0.213263,0.154627,0.307307,0.298235,0.127486,0.322445,0.374794,0.283019,0.048875,0.178311,0.165952,0.304126,0.143426,0.324683,0.093461,-0.022279,0.246907,0.228600,0.273319,0.284117,0.255147,0.014294,0.465301,0.375578,0.446280,0.101188,0.107444,0.127020,0.299255,0.385515,0.210818,0.245064,0.394028,0.363127,0.219846,0.123368,0.238464,0.275272,0.249229,0.248367,0.126303,0.232656,0.304524,0.264294,-0.078260,-0.154084,0.184056,0.129205,0.097188,0.157662,0.229200,0.353394,0.210516,0.205204,0.233628,0.092714,0.196703,0.385067,0.092884,0.106831,0.204384,0.127442,0.325481,0.330149,0.357434,0.151202,0.269770,0.406402,0.130722,0.363481,0.376196,0.129767,0.152372,0.310104,0.281091,0.293338,0.359589,-0.053512,0.417845,0.453454,0.303497,0.074689,0.076835,-0.048200,0.188236,0.409670,0.444612,0.037568,-0.040002,0.133838,0.240513,0.135335,0.240130,0.386778,-0.012392,0.365655,0.145271,0.236367,0.197283,-0.064085,0.302976,0.235470,0.170379,0.189134,0.182000,0.074135,0.286159,0.080853,#
17,0.335576,0.007425,0.074377,0.008959,0.038280,0.227780,0.202943,0.032684,0.064396,0.061098,-0.017021,0.156028,0.176485,0.207060,-0.029029,0.181792,0.206900,1.000000,0.036332,0.208480,0.225920,0.052744,0.127114,0.313694,0.343958,0.142471,0.086721,0.071006,0.064408,0.127201,0.038562,0.077287,-0.075039,0.125771,0.205918,0.382959,0.058560,-0.028113,0.267230,0.149843,0.222429,0.284123,0.267021,0.123561,0.075005,0.055701,-0.000107,0.241793,0.191385,0.187566,0.134385,0.149507,0.259367,0.054555,0.114431,0.204045,0.215315,-0.118131,0.272914,-0.027598,0.087030,0.196196,-0.117384,-0.046959,0.081469,0.318678,0.122404,0.305286,-0.014016,0.014355,0.196384,-0.033286,-0.130240,0.060407,0.017722,0.098027,0.123897,0.148421,0.260402,0.079017,0.215598,0.048338,0.124841,0.096454,-0.000374,0.121975,0.303785,0.031137,0.220863,0.098992,0.081192,0.039861,0.198797,0.139818,0.015316,0.250351,0.156728,0.104937,-0.018292,0.181001,0.160993,-0.179591,0.125947,0.124774,-0.176293,0.060889,0.158368,0.101282,0.051944,0.142273,0.168140,0.332428,-0.185402,0.217569,0.239508,-0.107327,-0.050931,0.209442,-0.155710,0.107538,0.115822,0.079668,0.150256,0.070360,0.150655,0.305879,0.232693,-0.178502,0.090264,0.274738,0.300701,0.206630,0.191079,0.066947,-0.087003,0.340700,-0.144115,0.095622,0.336338,0.285155,0.053865,0.186017,0.400917,0.131186,0.147627,-0.005580,0.180142,0.127259,0.195134,-0.194804,0.109700,-0.024576,0.025334,0.045625,0.264094,0.284243,0.327513,0.140715,0.168480,0.069720,0.175745,0.186939,0.402404,-0.015665,0.126116,0.188428,-0.017204,0.141621,0.207526,0.008751,0.441694,0.138130,0.108101,0.103245,0.146220,-0.034810,0.104246,0.177087,0.270552,0.318059,-0.143735,0.326280,0.142144,0.230852,0.282246,0.043827,-0.012461,0.424904,0.050606,-0.060764,0.105952,0.012949,0.190075,0.156031,0.163264,0.378664,-0.011757,0.341165,-0.031704,0.117030,#
18,0.234380,0.135284,0.133675,0.374942,0.342221,-0.193082,0.196190,0.372265,0.155751,0.330387,0.014163,0.288645,0.209131,0.244015,0.107748,-0.014900,0.064694,0.036332,1.000000,0.371808,0.106180,0.187508,0.303385,0.182583,0.179700,0.124350,-0.108201,0.174742,0.045550,0.238194,-0.075195,0.132418,0.097991,0.284260,0.267570,0.206273,0.134113,0.177501,0.167340,0.131679,0.088482,-0.156782,0.064588,0.177916,0.403070,0.045704,0.385640,0.152144,-0.097086,0.019964,0.042951,0.052915,0.362693,0.141805,0.096461,0.174238,0.086918,0.230885,0.157989,0.300211,0.183771,0.086932,0.167176,-0.158311,0.299166,0.097368,0.031273,0.140002,-0.208287,0.145956,0.350732,0.014229,0.260849,0.263609,0.256631,0.035355,0.293229,0.149241,0.396884,0.177589,-0.059593,0.104723,0.228614,0.146632,0.142296,0.106100,0.131834,0.150632,0.108549,0.049645,0.270810,0.091390,-0.007553,0.094492,0.332521,-0.006674,0.228433,0.221875,0.117967,0.248382,0.321555,0.212295,0.138756,0.200180,0.203974,0.294606,0.045250,-0.006571,0.214062,0.066102,0.161696,0.023839,0.296644,0.323338,0.058328,0.006031,0.083175,0.020168,0.055855,0.092327,0.097085,0.327446,0.216248,-0.034293,0.214089,0.029980,0.050350,0.127652,0.382470,0.074364,-0.025746,0.206155,0.054850,0.171309,0.183950,0.345182,0.193604,0.131548,0.030284,0.035199,-0.025597,0.255732,0.167669,0.242425,0.027791,0.303274,0.256446,0.005231,0.190962,0.160630,0.062528,0.402202,0.217418,0.202308,0.024901,0.250100,0.023034,0.396506,0.299184,0.195202,0.122403,-0.006639,0.182261,0.037969,0.236982,0.366813,0.285733,0.085530,0.003263,0.124753,0.157417,0.355810,0.320496,-0.023341,-0.032565,0.064199,0.140600,0.300975,-0.030629,0.321148,0.156284,0.187147,0.030706,0.142861,0.059979,0.053159,0.228765,-0.017732,0.152353,0.158497,0.338922,0.137297,-0.017086,0.393923,0.332688,0.195761,-0.013781,0.305191,0.169776,0.155139,#
19,0.310796,0.045675,0.231623,0.246009,0.466692,0.376912,0.152543,0.137506,0.209881,0.314088,0.004739,0.206772,0.318172,0.149643,0.162887,0.183718,0.246033,0.208480,0.371808,1.000000,0.137828,0.283141,0.320704,0.337305,0.153400,-0.179005,0.361156,0.017815,0.338662,0.301634,0.108277,0.239684,0.215928,0.300638,0.161056,0.149986,0.208206,0.110545,0.247139,0.425691,0.228099,-0.098130,0.103126,0.228051,0.221451,0.117904,0.274740,0.135453,0.231736,-0.172016,-0.092832,0.130567,0.175521,0.289852,0.113127,0.026520,0.373000,-0.109267,0.307736,0.034080,0.273301,0.300852,0.226611,0.084195,0.334501,0.281398,-0.087229,0.435607,0.022684,0.005943,0.328712,0.157899,0.307067,0.234606,0.219705,0.202378,0.220244,0.128746,0.296978,0.099646,0.098171,0.006444,0.233924,0.163664,0.108840,0.179326,0.183795,0.374035,0.228491,0.000831,0.203473,0.141215,0.361773,0.120346,0.188268,0.153369,0.188494,0.192471,0.259498,0.343609,0.296395,0.254516,0.109088,0.181771,0.009315,0.285945,0.207194,0.114093,0.179804,-0.064932,-0.040853,0.265882,0.254140,0.296477,0.168390,0.062096,0.397624,0.183691,-0.052002,0.007826,-0.035613,0.288313,0.415239,0.054642,0.324894,0.066388,0.265767,0.184972,0.316032,0.343912,0.123362,0.331373,0.157993,0.297242,0.262141,0.281541,0.161387,0.085919,0.214105,0.125092,-0.049864,-0.015631,0.232004,0.204967,0.136330,0.207442,0.229532,-0.069367,0.305674,0.214103,0.221041,0.310144,0.047425,0.017539,0.214812,0.335856,0.137794,0.404541,0.409895,0.411196,0.295237,0.339765,0.244451,0.041782,0.224309,0.333660,0.034962,0.169489,0.149248,0.099276,0.227593,0.388736,0.299089,0.203615,0.224952,0.215699,0.198905,0.534797,0.166457,0.227176,-0.084263,0.475611,0.089064,0.388707,0.452370,0.108729,0.114073,0.184930,0.248698,0.154399,0.230358,0.168917,0.252306,0.407523,0.033213,0.449281,0.105764,0.121654,0.252845,0.106013,#
20,0.238110,-0.134994,0.246557,0.135949,0.362688,0.136511,0.405776,0.117336,0.058195,0.305227,0.047070,0.065462,0.218125,0.197827,0.194023,0.139414,0.597517,0.225920,0.106180,0.137828,1.000000,0.142443,0.047236,0.239176,0.092381,0.132465,0.237415,-0.124431,0.165727,0.181896,0.069624,0.282890,0.302706,0.444513,0.267658,0.493042,0.298734,-0.028373,0.385191,0.257326,0.045745,0.288123,0.082960,0.174979,0.251788,0.114405,0.286320,-0.139730,0.040557,0.148898,0.106998,0.168710,0.358105,0.362581,0.223347,0.140462,0.226679,0.141982,0.316906,0.207028,0.208388,0.094062,0.208329,-0.036134,0.269418,0.171767,0.077026,0.152432,0.200576,0.317276,0.361632,-0.042573,0.054308,0.240000,0.265865,0.075048,0.170338,0.213112,0.186353,0.111222,0.161258,0.393379,0.253847,0.252546,0.043220,0.119369,0.274317,0.168253,0.066463,0.177934,0.300233,0.203198,0.225369,0.204176,0.365418,0.119551,0.182149,0.322216,0.387094,0.208162,-0.016471,0.104724,0.354267,0.138942,0.036940,0.067513,0.218904,0.079636,0.090157,0.310357,0.214959,0.196771,0.147164,0.041282,0.470478,0.083266,0.295540,0.298914,0.044117,0.171591,0.400167,0.233529,0.330022,0.376436,0.227585,0.321818,0.270069,0.065168,0.367759,0.329452,0.343507,0.205594,0.246101,0.286571,0.190331,0.281036,0.004804,0.041741,0.297545,0.222727,-0.042046,0.302864,0.042418,0.124269,0.126050,0.167895,0.150076,0.014855,0.219728,0.344527,0.205569,0.236501,0.186499,0.305270,0.129991,0.168568,0.212562,0.154729,0.332675,0.319644,0.046598,0.313281,0.235393,0.112413,0.206361,0.052269,0.110560,0.079918,0.387582,0.059976,0.433943,0.311783,0.347921,-0.064006,0.028924,0.093635,0.029014,0.233403,0.445770,0.123332,0.085554,0.190120,0.200133,0.159886,0.093807,0.148363,0.054226,0.313136,0.145765,0.126318,-0.024377,0.005303,0.294714,0.405211,0.139647,-0.063713,0.093325,0.068334,0.167547,0.193211,#
