0,1.000000,0.157202,0.139999,-0.122598,0.060952,0.147898,0.343837,-0.034402,0.009170,0.136628,0.306834,0.081305,-0.001961,0.104025,0.157474,0.283639,0.284972,0.130124,0.106089,0.266879,0.047098,-0.037773,0.099325,0.390612,0.072284,-0.130163,-0.019347,-0.116346,-0.025308,0.192946,0.020597,0.320523,0.082558,0.073315,0.402957,0.073969,-0.087390,-0.094051,0.263208,0.075853,0.212084,-0.062033,0.312107,-0.364669,0.241086,0.070473,0.043788,0.125921,0.258748,0.187187,0.043643,0.349699,0.111924,0.103054,0.299890,0.151828,0.096538,0.203051,0.086848,0.071408,0.191804,0.332308,0.221097,0.145437,0.158491,0.090169,0.260325,0.114471,0.097338,-0.026974,0.052840,0.133241,0.035914,0.225643,0.144417,0.093659,0.248958,0.108695,0.057224,0.067327,0.122523,-0.012807,0.056874,0.155132,0.244457,0.240686,0.246904,0.277751,0.173679,0.123575,-0.074134,-0.014045,0.174125,-0.091725,-0.046303,0.019344,0.231532,0.073606,0.164672,0.282335,0.062603,0.072790,0.258249,0.222831,-0.072224,0.151961,-0.018765,0.137442,0.308156,-0.058685,-0.051255,0.216233,0.097567,0.186013,0.170997,0.201504,0.133347,0.011857,0.215997,0.280548,0.053339,0.111674,0.326740,0.162670,0.338273,0.245853,0.165756,-0.072991,0.055976,0.226265,-0.016036,0.112218,-0.000776,0.102141,0.203009,0.115214,0.082145,-0.089288,-0.156919,0.252440,0.163733,-0.070810,-0.089609,0.168796,0.173891,-0.229224,0.070008,0.111906,0.015770,-0.090704,-0.003899,0.288854,0.294885,-0.061852,-0.044743,0.024369,0.219064,0.330555,0.248540,0.056238,0.328354,0.264443,0.221771,0.068257,0.075024,0.223730,0.220187,0.117859,0.232877,0.158085,-0.140470,0.143801,0.143618,0.189510,0.075356,0.218465,0.322800,0.236910,0.257050,-0.001878,0.067683,0.107707,0.260511,0.038449,0.065025,-0.148722,-0.113908,0.272123,0.218484,-0.093529,-0.257380,0.119054,0.000122,0.352562,0.191923,0.270014,0.036819,0.174280,-0.100433,0.226183,#
1,0.157202,1.000000,-0.163010,-0.104964,-0.112788,-0.105695,-0.002706,0.082908,0.187257,0.158499,0.075817,0.093398,0.104619,-0.238615,-0.002221,0.046430,0.068902,-0.076718,0.015352,0.073020,-0.233404,0.134412,0.117613,-0.037749,0.105840,-0.102798,-0.265583,0.048683,-0.045406,-0.099301,0.108715,0.038231,-0.142155,0.092928,-0.092135,-0.152183,0.139111,-0.012262,0.160667,0.115389,0.019797,0.026659,0.111916,-0.090016,-0.027698,-0.143503,0.178131,0.043164,0.143806,0.252574,0.032540,0.167734,-0.114668,-0.087943,0.127938,-0.116411,-0.033947,-0.040981,-0.225074,0.058076,0.000149,0.090415,0.106895,-0.097358,-0.052195,0.264322,0.151812,0.125008,0.134160,0.150915,0.123071,0.186548,0.212578,-0.038287,0.152759,0.108148,0.087047,-0.112351,0.286491,-0.097789,-0.034817,-0.053591,-0.223800,0.073319,0.150151,0.093336,0.093960,0.298337,0.162713,-0.041060,-0.086574,0.031188,-0.261720,-0.001827,0.048421,0.130015,0.024610,0.058106,0.014143,-0.117344,0.089990,-0.082517,-0.140267,-0.012177,-0.109028,0.237287,0.013009,0.083082,0.225441,0.057682,-0.014392,0.075759,-0.046960,0.192464,0.009543,0.263543,0.094661,-0.148664,0.085217,-0.118457,-0.094924,0.132825,0.167318,0.005151,0.223316,0.131317,-0.077376,0.111655,0.096963,0.090057,-0.229485,0.136991,0.020290,-0.088834,0.038828,0.097629,0.033240,0.154192,-0.030189,0.107625,0.268583,-0.156359,-0.001349,0.093295,0.021718,-0.139659,-0.047274,0.097131,-0.036625,-0.227633,0.109320,0.184976,0.006577,-0.102514,0.303783,0.093443,0.075522,0.153914,-0.205092,0.097889,-0.113587,0.263323,-0.081257,0.152261,0.006604,0.164457,0.095548,-0.133338,-0.064778,0.044604,-0.147792,0.033705,-0.006868,0.199586,0.027766,0.202953,0.147177,-0.096093,0.025630,-0.105029,0.108100,-0.111857,0.162499,-0.145641,-0.054431,0.091705,-0.009801,-0.157522,0.335802,0.118234,0.195928,0.218321,0.037773,-0.101364,0.015172,-0.178129,0.189595,0.385048,-0.064560,0.183395,#
2,0.139999,-0.163010,1.000000,0.012437,0.319515,0.014623,0.108627,0.152984,-0.049389,0.159442,-0.028739,-0.071300,-0.081163,0.314387,-0.003294,-0.014040,-0.070097,-0.054543,0.212809,0.198314,0.263228,-0.054552,0.214790,0.213853,-0.117471,0.165019,0.071007,-0.093199,-0.043124,0.008608,0.013980,-0.007174,0.234803,0.105403,0.212431,-0.125564,0.146395,0.062641,0.273337,0.020000,-0.079702,-0.155311,-0.005499,-0.049733,-0.003720,0.212758,0.055769,-0.171942,-0.065128,0.030695,0.020465,0.159842,0.120504,0.053319,0.113311,0.148778,0.258621,-0.046532,0.105365,0.147698,0.387651,0.153421,0.149221,-0.002638,0.204075,0.040591,-0.143457,0.006708,0.007823,0.043036,0.234279,0.093337,-0.102170,0.227165,0.314737,-0.039456,-0.009252,-0.032984,0.101243,0.170577,0.070132,0.058153,0.369171,-0.138226,0.209646,0.047183,0.064847,0.139295,-0.090117,-0.027823,0.144578,0.035917,0.174795,0.005501,0.252296,-0.130833,0.110584,-0.027816,0.073058,0.043262,0.437018,0.037882,0.080630,0.144212,-0.067251,0.336351,0.239794,0.179979,0.048248,-0.207419,0.147196,-0.035478,0.275362,0.100392,0.013702,-0.088671,-0.117886,0.176179,0.013778,0.059875,-0.159188,-0.056265,-0.010150,0.357454,0.061633,-0.039101,0.119416,0.027762,0.212129,0.137936,-0.071827,0.016011,0.077200,0.210651,0.180188,-0.063353,0.327457,0.106608,0.068648,0.060319,-0.089816,0.160302,-0.227398,0.077049,0.067428,-0.010091,0.028507,-0.059876,-0.069566,0.195752,-0.044733,0.201093,0.186386,0.239770,-0.143715,0.067287,-0.077026,0.117613,0.230991,0.008543,-0.096679,0.099470,0.175199,0.123222,-0.180312,0.184239,-0.253234,-0.157273,0.155766,0.137331,-0.028648,0.114653,0.325298,0.095924,0.062626,0.273608,0.020330,-0.115821,0.026778,-0.110626,-0.059438,0.160033,-0.069790,0.129056,-0.104500,-0.014719,0.196888,0.121479,0.094790,0.081195,0.041227,0.039346,0.155355,0.309838,-0.040541,0.008809,-0.015723,-0.049887,0.074586,0.070961,#
3,-0.122598,-0.104964,0.012437,1.000000,0.161178,-0.129353,-0.109844,0.014089,0.200139,0.228343,0.085928,0.133635,-0.145026,-0.009820,0.084397,-0.187719,-0.137864,-0.262031,0.259370,0.182761,0.066780,0.138727,0.126091,0.054747,0.011817,0.000139,0.223958,0.059352,-0.036606,0.240586,0.267202,0.085648,0.021399,0.067261,0.049012,0.104848,0.035990,0.137417,0.149745,-0.009820,-0.165663,0.206671,0.107508,0.037450,0.017061,0.140787,-0.200903,0.059229,-0.169601,-0.179351,0.065417,-0.141658,-0.006278,-0.148154,-0.104541,0.195398,0.372555,0.159913,0.165351,0.146799,0.173297,-0.112970,0.102304,0.042200,0.222936,-0.291005,-0.076260,-0.208775,-0.327849,0.149990,0.103946,0.116135,0.185863,-0.095390,0.016022,-0.009666,0.058357,0.107042,-0.082322,0.021919,-0.043797,0.109941,0.165618,0.016219,0.023381,0.073326,-0.052198,0.081048,-0.103318,-0.130729,0.307114,0.179293,-0.118211,0.031142,-0.008016,0.108465,-0.120102,0.070561,-0.005146,-0.305887,-0.009286,0.111660,0.007456,-0.292889,0.434658,0.051016,0.058944,0.118032,0.155704,0.078769,-0.059562,-0.318434,0.112598,0.141850,-0.002547,0.215159,-0.130529,0.152800,0.197947,0.049774,-0.061791,0.165295,0.172523,-0.204042,-0.058783,0.004843,0.112043,0.239640,0.136426,-0.153647,0.017881,0.193108,0.039850,0.034530,-0.015584,0.118274,-0.054261,-0.092588,-0.200513,-0.049062,-0.245387,0.257585,0.187862,-0.003637,0.037446,0.103702,0.125539,0.439007,0.006993,0.155864,-0.049276,-0.112295,0.001510,0.063410,0.104783,-0.168228,-0.071474,-0.105141,0.346050,0.057058,-0.092927,-0.115155,-0.246458,0.164587,-0.051011,0.004194,0.154609,-0.143720,0.109622,0.272236,-0.069198,-0.160403,0.135794,0.237877,-0.059457,0.114615,-0.056088,0.003842,-0.057092,0.102360,-0.079228,0.144531,-0.082055,0.034907,-0.051648,-0.121135,0.012179,-0.047505,0.187471,0.387468,0.191894,0.180803,0.052299,0.100738,0.168797,0.078450,-0.010648,0.022151,0.085212,0.113096,#
4,0.060952,-0.112788,0.319515,0.161178,1.000000,0.186852,0.046052,0.175242,0.167002,0.390068,-0.043884,0.317455,0.255837,0.166718,0.246204,0.215311,0.154219,0.058228,0.257372,0.387956,0.373514,0.273437,0.230813,0.300952,-0.178822,0.161063,0.203443,-0.092323,0.117598,0.093021,0.178847,0.310020,0.466382,0.223051,0.151544,0.071341,0.310167,0.121645,0.407777,0.172463,0.051254,-0.015399,0.181035,0.223057,0.264836,0.374038,0.235002,0.295730,-0.016666,-0.059474,0.068153,0.131263,0.267069,0.170208,0.237799,0.075721,0.133671,0.159786,0.242832,0.344468,0.321044,0.240276,0.321543,0.032443,0.236458,0.217248,-0.110318,0.257059,0.064437,0.083318,0.346137,0.295040,0.280514,0.046976,0.392401,0.139102,0.041133,0.181767,0.131524,0.358952,0.085475,0.226024,0.083877,0.109134,0.256272,0.302625,0.196196,0.131136,0.121647,-0.151939,0.251171,-0.071272,0.230745,0.084751,0.247870,0.169517,0.166368,0.142224,0.141008,0.137045,0.279170,0.247668,0.229632,0.118232,0.090276,0.281690,0.149955,0.042228,0.252460,0.349776,0.037965,0.153831,0.349756,0.266756,0.036741,0.143893,0.262935,0.185615,0.055502,0.177973,-0.129858,0.235418,0.234900,0.127493,0.133515,-0.036356,0.251941,0.231188,0.448203,0.331994,0.142017,-0.040609,0.236336,0.476696,0.344186,0.119076,0.034565,-0.084491,0.088989,-0.093871,-0.125746,0.177001,0.200804,0.121076,0.225890,0.113372,0.239948,0.094503,-0.038203,0.434598,0.011062,0.259966,0.355086,0.285829,0.233513,0.139210,0.263875,0.099902,0.067574,0.222406,0.138051,0.157183,0.266434,0.144088,-0.175664,0.144522,-0.076957,0.025562,0.055610,0.326315,0.021063,0.246863,0.394363,0.252067,0.208162,0.339516,0.257283,0.179527,0.144851,0.135104,0.018392,0.108986,-0.017725,0.069505,0.231385,0.297891,-0.023649,0.164536,0.135883,0.345121,-0.163149,0.032775,0.066140,0.352127,0.014235,0.285229,0.237422,-0.100984,0.392778,0.393784,#
5,0.147898,-0.105695,0.014623,-0.129353,0.186852,1.000000,-0.090373,0.150150,0.026119,0.130445,0.257419,0.070916,0.029585,-0.067672,0.047559,0.375423,0.063942,0.284692,-0.128860,0.361491,0.049252,-0.060688,0.307025,0.440057,0.142455,-0.003108,0.352892,0.040745,0.134381,0.105396,0.293153,0.301602,0.250609,0.329792,0.039983,0.151157,0.051051,0.059043,0.212870,0.031008,0.220889,0.047571,-0.138592,0.198998,0.253003,0.285256,0.309155,0.387547,0.166450,-0.010969,0.088035,0.171804,0.034992,0.164669,-0.188031,0.256755,0.325089,0.055594,0.408907,0.280899,0.103710,0.344417,0.234962,0.172055,0.254223,0.130908,-0.120854,0.220219,0.152945,-0.262848,0.165931,0.184640,0.238949,0.005966,0.151883,0.346480,0.196910,0.494728,0.094252,0.129420,0.430912,0.027876,0.027381,0.189684,-0.138860,0.231560,0.242798,0.385170,0.204318,-0.099300,0.038816,0.197879,0.316334,0.248055,0.102679,0.011046,0.042830,0.344767,0.332574,0.351798,0.240593,0.302777,0.067837,0.250553,0.188312,0.290955,0.223682,0.147435,0.210119,0.196382,-0.165275,0.322181,0.117618,0.107146,0.164530,0.071359,0.144579,-0.022530,0.106431,0.214974,-0.049150,0.213285,0.156545,0.162518,-0.053277,0.064743,0.398491,0.137062,0.015154,0.092574,0.179425,0.264107,0.314212,0.287587,0.094676,0.158790,0.181034,0.066635,0.144424,-0.120168,0.170898,-0.037990,0.200460,0.227987,0.272090,-0.062842,-0.039067,0.093149,0.176640,-0.022083,0.146718,-0.001260,0.091115,0.161124,-0.139889,0.177832,0.436891,0.241610,0.198917,0.200096,0.183349,0.163844,0.103632,0.083242,0.178097,0.210036,-0.230881,0.248500,0.257679,0.223271,0.251128,0.160597,0.014776,0.294965,0.153400,0.062011,0.197944,0.201728,0.147065,0.306292,0.371562,0.180967,0.292042,0.069366,0.298563,0.127930,0.085551,0.308984,-0.009233,0.149203,-0.050038,0.139474,-0.027670,0.163133,-0.071933,0.299835,0.185849,0.103839,0.193785,0.183208,#
6,0.343837,-0.002706,0.108627,-0.109844,0.046052,-0.090373,1.000000,-0.128136,-0.013271,-0.104336,-0.017588,0.000136,0.285986,0.181172,0.019588,-0.063145,0.208924,0.141000,-0.000014,0.033014,0.328260,0.082817,-0.133893,0.139661,-0.089709,-0.077091,-0.034434,-0.135119,-0.018218,0.172056,0.138347,-0.056255,0.089956,0.064293,0.280520,0.156855,-0.088677,-0.026430,0.150715,0.250468,-0.092579,0.045684,0.173456,-0.096080,0.306953,0.176527,0.132289,-0.303543,0.284791,0.150422,0.062662,0.313645,0.213752,0.002038,0.197857,0.158304,0.158558,0.157909,0.153747,0.050149,0.241430,-0.032572,0.027892,0.187862,0.407167,0.039868,0.261909,-0.046912,0.026863,0.059538,0.055454,0.165882,-0.081885,0.321835,0.103420,0.185471,0.028517,-0.123062,0.033900,0.096695,0.053939,0.079963,0.081386,-0.098388,-0.226788,0.186342,0.048689,-0.078048,0.032313,-0.041419,-0.096720,-0.083306,-0.102418,-0.202686,-0.010822,-0.067250,0.393468,0.129023,-0.050391,0.172044,0.031329,0.076408,0.322502,-0.015536,-0.081274,-0.024167,-0.047461,-0.143564,-0.014357,-0.131753,-0.121444,0.010614,-0.136160,-0.093616,0.257312,-0.200943,0.438224,0.103240,0.213596,0.057106,0.250812,0.023717,0.080277,0.202147,0.288083,0.346138,-0.012704,0.038707,0.071096,0.122212,0.036118,0.172482,0.241379,0.023760,0.114190,0.079640,0.073416,-0.110150,0.214811,-0.011252,0.216782,0.021806,-0.114600,-0.004698,0.044674,0.066432,-0.026449,0.181592,-0.060396,0.094581,0.171258,0.204466,-0.041000,-0.211302,-0.006056,-0.028753,-0.047585,0.291569,0.218059,0.008669,-0.030112,0.171363,0.012347,0.229720,0.053002,0.154763,0.185068,-0.097039,0.120049,-0.015082,0.246384,0.000142,-0.066561,0.035473,0.159558,0.064512,-0.011708,0.030154,0.125576,0.004685,0.196035,-0.128915,0.217690,0.108352,0.044807,0.021164,-0.169064,0.122963,-0.141363,0.124216,-0.267718,0.179788,-0.149190,0.317820,0.049208,-0.091944,0.019836,0.123805,0.163698,-0.040263,#
7,-0.034402,0.082908,0.152984,0.014089,0.175242,0.150150,-0.128136,1.000000,0.391951,0.263680,-0.027476,-0.074181,0.167206,0.131619,0.274786,-0.091773,0.150348,0.023971,0.212867,0.125347,0.059922,0.324361,0.198416,0.325557,0.300323,0.256826,0.132437,0.099166,0.038021,-0.040561,0.008974,0.177962,0.077838,0.121894,-0.001722,0.024390,0.094795,0.082116,0.322170,0.064994,-0.123167,-0.002297,0.075447,0.272555,0.211853,0.181158,0.293231,0.149393,-0.171752,0.033892,0.199988,-0.010128,-0.122069,0.245721,0.071104,0.262279,-0.086438,0.149575,-0.031581,0.147093,0.097145,0.211532,0.035942,-0.072323,0.059139,0.128025,-0.068375,0.279436,0.157649,0.292775,0.241935,0.010513,0.505730,0.060627,0.400790,0.187811,0.034181,0.017041,0.309715,0.216062,0.211023,0.195662,-0.025078,0.081041,0.099150,0.199931,0.222089,0.301122,0.095186,0.108567,-0.013443,-0.099173,0.073007,0.076546,0.292881,-0.127412,0.193242,0.274277,0.127661,0.144250,0.152011,0.163513,0.039804,0.117107,0.139800,0.359480,0.095539,-0.010054,0.201251,-0.029446,0.337710,-0.027531,0.277147,0.065693,0.321695,0.086674,0.214233,-0.222014,0.107501,0.214840,0.075384,0.129943,0.116833,0.315197,0.251879,-0.110000,0.163442,0.229502,0.110245,-0.043039,0.133475,0.071896,0.241654,0.052783,0.228730,0.271515,0.024750,0.153854,0.018203,0.090954,0.192405,0.474838,0.207847,0.142835,0.157600,0.315699,0.256118,0.171319,0.180439,0.239868,-0.059706,0.180845,0.274734,0.227458,0.053600,0.405000,0.007424,0.081277,-0.053278,0.175207,0.203082,-0.153565,0.204837,0.145877,0.105569,0.245539,0.136759,-0.048538,0.014976,0.111568,0.264310,0.241422,0.193735,0.310745,0.191566,0.161109,0.224662,-0.020879,0.094229,0.082532,0.343613,0.130034,-0.078251,-0.124391,0.102334,0.288008,0.181176,-0.083094,0.177324,0.287254,0.086578,0.084404,-0.073507,0.107834,0.046526,0.175197,0.126272,0.307042,0.073734,0.116331,#
8,0.009170,0.187257,-0.049389,0.200139,0.167002,0.026119,-0.013271,0.391951,1.000000,0.312224,-0.057236,0.183521,0.099249,0.253105,0.259193,0.055872,-0.021500,0.129550,0.158668,0.173755,0.022528,0.373959,0.217673,0.184625,-0.181978,0.349280,0.096395,0.275248,-0.043427,0.112449,0.122957,0.008002,0.184873,0.214702,-0.151917,0.166636,0.195164,0.142320,0.160740,0.240471,0.035555,0.299944,0.243419,0.091096,0.104902,-0.011782,0.068607,0.248105,0.097375,0.130617,0.181512,0.196834,-0.062554,0.194568,-0.041850,0.329504,-0.083204,0.333808,-0.074187,0.250309,0.299988,0.088826,0.343019,0.086745,0.150808,0.250885,0.057159,0.211685,0.224609,0.345625,0.182258,0.164008,0.292237,0.318339,0.072590,0.215829,0.071520,0.227819,0.314982,0.245115,0.034790,0.177712,0.044483,0.162763,-0.194445,0.172258,0.009882,0.070669,-0.116001,0.072213,0.083951,-0.021834,-0.000101,0.238940,0.338861,0.108598,0.123932,0.185911,0.059095,-0.032969,0.190061,0.204608,0.049270,0.315046,0.114648,0.318859,0.244222,0.294192,0.267534,0.138866,0.228428,0.114629,0.222668,0.131582,0.466420,0.295800,0.236125,-0.009969,0.039189,0.226258,0.157130,0.075187,0.341914,0.123115,0.182389,0.216080,0.213411,0.082083,0.266442,-0.002775,0.063108,0.099958,0.353717,0.294542,0.417219,0.034817,-0.091271,0.130532,-0.101196,0.138616,-0.178888,0.203427,0.214872,0.312733,0.202400,0.180351,0.456388,0.238406,0.044015,0.046276,0.061641,0.087090,0.019601,0.268559,0.315527,0.263807,-0.030585,0.314918,0.105982,0.309990,0.074328,0.118715,0.172910,0.374565,0.162401,0.136489,0.207427,-0.059185,0.258094,0.323249,0.235184,0.209134,0.310264,0.379732,0.382722,-0.022605,0.094737,-0.017814,0.336757,0.161265,0.283518,0.261576,-0.201887,0.096679,0.302656,0.120191,0.112533,0.065976,0.290913,0.317615,0.062418,0.120828,0.237597,0.154816,0.057301,0.265815,0.134338,0.233964,0.247739,0.217023,#
9,0.136628,0.158499,0.159442,0.228343,0.390068,0.130445,-0.104336,0.263680,0.312224,1.000000,0.053087,0.151564,0.097618,-0.007421,0.295303,0.115810,0.119828,-0.111564,0.378690,0.361199,0.326973,0.228190,0.440700,0.493399,-0.092596,0.276528,0.181349,0.155722,0.119831,0.047767,0.139675,0.239360,0.183378,0.362141,0.299691,0.225098,0.183533,0.066915,0.318459,0.052536,0.221753,0.046107,0.196968,0.091061,0.250040,0.010949,0.189106,0.084136,-0.186879,0.035179,-0.028443,0.116845,0.036531,0.214754,0.079831,0.177516,0.080718,0.286048,0.328240,0.353149,0.141066,0.154342,0.393918,0.127239,0.244646,0.244416,0.168733,0.337750,0.122866,0.185339,0.395060,0.115953,0.303757,0.123350,0.226172,0.047376,-0.043613,0.239558,0.287307,0.223458,-0.154859,0.141505,-0.014428,0.185378,0.337358,0.153506,0.103899,0.375757,0.020498,-0.192507,0.080917,0.286710,0.120723,0.142317,0.212646,-0.008314,0.208549,0.345883,0.404874,-0.016614,0.169909,0.274782,0.205472,0.102999,0.236328,0.359383,0.204789,0.017868,0.346148,0.356854,0.231653,0.328521,0.441579,0.267968,0.008834,0.306557,0.249643,-0.085404,0.005131,0.097632,0.198336,0.034330,0.357315,0.202318,0.252317,0.025637,0.272271,0.077868,0.330582,0.254515,0.198586,0.104969,0.295583,0.508095,0.293067,0.198924,0.022047,-0.003183,-0.105208,0.254983,-0.085468,0.326649,0.141965,0.284871,0.017285,0.028075,0.266937,-0.021121,-0.019895,0.075526,0.048688,0.102273,0.127381,0.144372,0.286040,0.124154,0.213984,0.162273,0.358834,0.210965,0.122352,0.072279,0.123831,0.263563,0.242977,0.122958,0.024314,0.167641,0.293141,0.307805,0.285316,0.353951,0.144742,0.285989,0.179328,0.309911,0.080715,0.148927,0.402641,0.194267,0.223939,0.049404,0.098332,0.135137,0.072909,0.339627,-0.153256,0.033542,0.485713,0.268971,0.057175,0.215194,0.116347,0.111914,0.026520,0.037682,0.024566,0.226699,0.077612,0.146245,#
10,0.306834,0.075817,-0.028739,0.085928,-0.043884,0.257419,-0.017588,-0.027476,-0.057236,0.053087,1.000000,-0.090286,-0.391761,-0.162509,-0.035375,0.151330,0.038404,-0.223366,-0.161167,0.082324,0.007267,-0.234563,0.030283,0.270728,-0.108732,-0.206026,0.043171,0.255005,-0.108579,0.115531,0.121062,0.206223,0.029645,0.105863,0.124342,-0.042188,-0.112003,0.054293,0.045367,-0.133191,0.118334,0.001309,-0.215731,-0.102152,0.227938,0.033409,0.079009,0.277479,0.177499,0.436295,-0.191721,0.040384,0.130535,-0.061052,-0.026836,0.130611,0.124377,0.006654,-0.001002,0.043510,0.056911,0.153482,0.283171,0.236768,0.078997,-0.146679,-0.008700,-0.220813,-0.177109,-0.044819,-0.105734,0.221999,0.146692,-0.018403,-0.037869,0.098982,0.054106,0.098287,0.012970,0.012836,0.202883,0.072736,0.044892,0.188031,-0.004757,0.108406,-0.050843,0.425740,0.006977,0.096672,0.110523,0.209630,-0.103071,0.052241,0.056332,0.154964,-0.166846,-0.042054,0.430445,0.167377,0.173034,0.197069,0.049446,0.078024,0.384830,-0.120142,0.164284,0.126799,0.132169,0.075789,-0.311464,0.019689,-0.125708,-0.023471,0.002600,0.309298,0.143876,0.050030,0.172246,-0.009962,0.016533,0.191115,-0.042777,-0.024202,-0.176999,0.098663,0.301054,0.250946,0.026698,-0.167266,-0.204609,-0.035724,0.038843,0.051232,0.226946,0.210930,-0.066865,0.107338,-0.177916,0.075648,0.248315,-0.228288,-0.111207,0.046374,-0.161740,-0.246635,0.044147,0.008615,0.015554,0.003431,-0.017239,0.009028,0.215094,0.137316,-0.195030,-0.021454,0.321404,0.066612,0.204910,0.051858,0.226072,-0.038979,-0.068360,0.116229,-0.220260,0.112925,0.066359,0.240241,0.389147,0.227348,-0.063085,-0.155969,-0.065346,0.228208,0.176114,0.007157,0.241609,0.166372,-0.018929,0.265301,-0.093828,-0.144323,0.189182,-0.081965,-0.008522,-0.092034,-0.104275,0.011490,-0.002099,0.096728,-0.060470,0.125520,-0.013129,-0.044254,0.168146,0.017434,-0.080071,0.218718,-0.007060,0.095166,#
11,0.081305,0.093398,-0.071300,0.133635,0.317455,0.070916,0.000136,-0.074181,0.183521,0.151564,-0.090286,1.000000,0.195505,-0.100550,0.130319,-0.055640,-0.097964,0.106753,0.253619,0.105222,0.077508,0.077046,-0.030378,-0.181846,-0.047071,0.048227,-0.189567,0.123442,-0.060667,0.054907,0.114963,0.199558,0.088998,0.133381,0.104022,-0.114407,0.206828,0.076680,0.044811,0.371767,0.017879,0.135599,0.128218,0.026197,0.102734,0.161734,0.450907,-0.065923,0.115374,0.181635,0.151556,0.130535,0.153888,0.188538,0.065205,0.110520,0.032895,0.306277,0.012865,0.090923,0.025774,0.128893,0.196574,-0.050222,0.156611,0.039224,0.139780,0.167311,0.079149,0.118488,0.227154,0.163733,0.033735,0.000000,0.153306,-0.067560,0.154650,0.112499,-0.014849,-0.014883,0.131714,0.129452,0.017966,0.091504,0.142405,0.105753,0.064582,-0.074962,0.203434,-0.101078,-0.042709,0.203332,0.035181,-0.072849,0.191427,0.301152,0.031297,0.072055,-0.028186,-0.097554,-0.077738,0.132044,0.138406,0.046355,0.313560,0.254661,0.016722,0.070757,0.099127,0.282830,0.085476,0.143324,0.132051,-0.015767,-0.027637,0.122811,0.063678,0.231618,-0.068481,0.162531,-0.042750,0.208298,0.224860,-0.000226,0.169644,-0.135168,-0.014749,-0.127675,0.210838,0.206783,0.157149,0.136666,0.197316,0.336231,0.100906,0.067710,0.124743,0.096929,-0.157125,0.189908,0.158257,-0.054275,0.211997,0.325577,0.305832,-0.086676,0.170153,0.164078,0.000024,0.208754,-0.039568,0.115681,0.103744,0.309549,0.219053,0.015964,0.066556,0.149690,0.090495,0.012869,0.000398,-0.015991,-0.103296,0.062313,0.142040,-0.117918,0.032368,-0.095718,0.208164,0.277444,0.017418,0.132422,0.105845,0.164186,-0.013334,0.061365,0.051070,0.072419,-0.048631,0.332362,0.168072,0.000393,0.083166,-0.029570,0.290800,0.053184,0.014553,0.114309,0.219391,0.147795,0.108601,-0.068940,0.237343,0.146117,0.083590,0.080559,0.013325,0.107261,-0.000670,0.343910,#
12,-0.001961,0.104619,-0.081163,-0.145026,0.255837,0.029585,0.285986,0.167206,0.099249,0.097618,-0.391761,0.195505,1.000000,0.130000,0.331428,0.006159,0.345950,0.172121,0.047214,0.159291,0.139904,0.247723,0.174371,0.072205,-0.108937,0.102721,0.000445,-0.080122,0.238777,-0.059897,0.047502,0.074184,0.289169,0.066895,0.145618,0.032920,0.153078,-0.034762,0.088618,0.384669,-0.187783,-0.039336,0.162557,0.364529,0.087509,0.286381,0.183302,-0.113665,0.000763,-0.066988,0.206583,0.112746,-0.026795,0.142966,0.122332,0.041342,-0.051344,0.175824,0.186161,0.028856,0.024948,0.304616,-0.052746,0.046476,0.183254,0.166105,-0.023198,0.125219,0.271007,0.158959,0.163779,0.086446,0.183946,-0.014911,0.290209,0.249664,0.178579,-0.041041,-0.045057,0.059665,0.077377,0.137783,0.046723,0.095950,-0.060814,0.093015,0.106643,-0.056982,0.252755,-0.018953,-0.168001,-0.021428,-0.034483,-0.074901,0.010250,0.267948,0.435466,0.275203,-0.109846,-0.056309,-0.095084,0.168835,0.123319,0.312851,-0.029971,0.227745,-0.122002,-0.167306,0.170378,0.197172,0.142212,-0.022147,0.118199,-0.041436,0.215608,0.055059,0.343288,-0.116595,0.039426,0.026202,0.146101,0.018847,0.150424,0.311540,0.305579,0.026487,-0.047521,-0.170787,-0.056032,0.149337,0.092841,0.164885,0.062788,0.194939,-0.005123,-0.180592,0.074881,0.191282,0.227592,-0.073773,0.102722,0.232599,0.199812,0.044657,0.206785,0.321255,0.132474,0.108294,0.057194,0.298526,0.039666,0.374204,0.130890,-0.036936,0.242946,0.216617,0.128749,0.073235,0.015359,0.118445,0.032047,0.348091,0.214173,0.070428,0.278241,0.120093,0.093216,0.098937,-0.191266,0.037019,0.080472,0.260521,0.035248,0.202932,0.021384,0.089839,0.005239,0.138301,0.152975,-0.135653,0.204505,0.123903,0.129938,0.108314,-0.137715,0.409653,-0.042396,0.294948,-0.005550,0.074260,-0.166106,-0.022832,0.020379,0.156971,-0.037726,0.013217,0.015139,0.107949,0.132820,-0.080039,#
13,0.104025,-0.238615,0.314387,-0.009820,0.166718,-0.067672,0.181172,0.131619,0.253105,-0.007421,-0.162509,-0.100550,0.130000,1.000000,0.114317,0.002472,0.095613,0.094628,0.051444,-0.060659,0.156575,0.236116,0.296154,0.249095,-0.239150,0.056576,0.045360,0.224443,0.253137,0.108807,0.018381,0.091159,0.331832,0.017746,0.038047,-0.003293,0.047690,0.041984,0.177968,0.095367,0.050419,0.211882,0.220289,-0.030963,0.264074,0.126673,-0.005247,0.029388,0.222329,0.063577,0.085900,0.218705,-0.006966,0.351003,0.161361,0.209931,-0.003494,0.109419,-0.053803,0.109607,0.173754,0.142081,0.143734,0.068228,0.094988,-0.021490,0.081945,0.012757,0.406464,0.171335,0.027721,0.124179,-0.086449,0.221553,0.301997,0.229640,-0.008287,-0.010628,0.060337,0.306598,0.012975,0.213334,0.383243,-0.059789,-0.029563,-0.094992,0.032211,-0.005813,0.119357,0.201605,0.078685,-0.134246,0.206770,0.124172,0.093633,-0.175749,0.175373,0.068583,0.123384,0.220362,0.183197,0.166648,0.008170,0.362358,-0.033911,0.298198,-0.027657,-0.003019,0.059672,0.012908,0.144268,0.131435,0.121071,0.176465,0.359960,0.114771,0.076231,0.346377,0.110683,0.382306,-0.129691,-0.020889,0.007052,0.007920,0.108830,-0.231806,-0.053456,-0.150290,0.004145,0.116556,-0.079347,0.062343,0.102443,0.134943,0.356077,0.002542,-0.069578,0.052995,0.244234,0.101081,-0.158179,0.113357,0.249436,0.073752,-0.134232,0.133596,0.359466,0.069930,0.082763,0.170187,-0.129748,0.215184,0.037360,0.120098,0.304594,0.222399,-0.224929,0.039635,0.281546,0.031090,0.262697,0.117442,0.094121,0.241039,-0.073128,0.160401,-0.033367,0.027590,0.149408,0.059840,-0.006642,0.080973,0.205347,0.138067,0.321577,0.070377,0.052778,0.298087,0.228852,-0.015907,0.079477,0.137314,0.017964,-0.011111,-0.042703,0.013134,0.184378,0.110059,-0.070747,-0.040301,0.088523,0.111380,0.342474,0.330046,0.120133,-0.029239,0.116862,0.058786,0.186911,0.131399,#
14,0.157474,-0.002221,-0.003294,0.084397,0.246204,0.047559,0.019588,0.274786,0.259193,0.295303,-0.035375,0.130319,0.331428,0.114317,1.000000,0.324841,0.086175,-0.033196,0.284977,0.049017,0.175106,0.192329,0.078834,0.252668,0.017057,0.019362,-0.058391,0.068189,0.388637,0.106076,0.154604,0.355716,0.126075,0.218869,0.215645,0.148584,0.121362,0.179763,0.230864,0.075414,-0.263413,-0.052976,0.058980,0.261398,0.286196,0.062531,0.084070,0.096134,-0.138899,0.014649,0.064248,0.035871,0.082765,0.222140,0.135424,0.031803,0.088892,0.201172,0.184882,0.123800,0.147848,0.163296,0.209655,0.206810,-0.029464,0.009181,-0.138890,0.168048,0.051412,0.240474,0.250154,0.235891,0.324953,0.111427,0.294978,0.109693,0.487627,0.231180,0.033463,-0.066861,0.166586,0.345103,0.130189,0.348994,0.027459,0.030763,0.067741,0.322501,0.097335,0.011462,-0.071631,-0.062178,0.121507,0.208713,0.066511,0.206033,0.440510,0.143677,0.231679,0.040153,0.098206,0.267588,0.218585,0.035049,0.183621,0.065613,-0.080311,0.033704,-0.021172,0.209681,0.131702,-0.078062,0.223270,0.271534,0.200415,0.212595,0.267216,0.005339,0.126851,0.010817,0.151040,0.110597,0.239782,0.177125,0.151483,0.019500,0.033911,0.270007,0.088631,0.217913,0.027333,0.090990,0.044749,0.209738,0.216056,0.153865,-0.185814,0.129837,0.132578,-0.018345,0.044792,0.102658,0.137326,0.209341,0.065321,0.346216,0.161842,0.078739,0.130710,0.052533,0.133379,-0.041369,0.271492,0.109038,0.177107,0.266969,0.159588,0.255396,-0.006391,0.101856,0.028991,0.007847,0.227639,0.171502,0.072444,0.206868,0.350180,0.078236,0.131337,0.329264,0.097563,0.069884,0.190907,0.320069,-0.004787,0.235982,0.247595,0.207437,0.138672,0.016302,0.435114,0.347000,-0.046246,-0.076681,-0.102718,-0.016798,-0.009480,-0.028592,-0.016965,0.225760,-0.246866,-0.031478,0.216340,0.395640,0.297785,0.055983,0.191172,0.186207,0.149784,-0.174946,#
15,0.283639,0.046430,-0.014040,-0.187719,0.215311,0.375423,-0.063145,-0.091773,0.055872,0.115810,0.151330,-0.055640,0.006159,0.002472,0.324841,1.000000,0.049498,0.188252,0.038591,0.215443,0.103762,-0.122061,0.068383,0.169947,-0.114480,-0.002737,-0.115245,-0.032788,0.155704,0.290600,0.043256,0.190589,-0.025407,0.112432,-0.069484,0.352492,0.128723,-0.045086,0.267461,0.008910,-0.027443,-0.119644,0.054613,-0.002954,0.171016,0.017498,0.072914,0.285697,0.112618,-0.012746,-0.238242,0.412805,-0.031366,-0.032871,0.091327,-0.075805,0.114826,-0.144708,-0.000746,0.109242,0.279456,0.118963,0.194718,0.218422,-0.094345,0.269743,-0.057644,-0.018726,0.060507,-0.173310,0.115181,0.017821,0.015828,0.062358,-0.047694,0.115332,0.173221,0.214982,0.075859,-0.068589,0.220061,0.182171,-0.066053,0.282120,0.079567,0.033480,0.024041,0.379522,0.042949,-0.179968,0.025684,-0.122672,0.073978,0.022216,-0.018645,0.016985,0.106205,0.063598,0.086226,0.142131,0.173697,0.064755,0.237131,0.154115,-0.023300,0.115025,0.254343,0.100810,-0.028239,0.208407,-0.211779,0.156922,0.105675,0.168798,0.002494,0.055120,0.118803,0.119664,-0.072905,0.030327,-0.010329,0.020382,0.209730,-0.062826,-0.126212,0.030959,0.201120,0.152454,0.128154,0.356861,-0.252206,-0.078355,-0.096003,0.196863,0.119216,-0.030545,-0.130748,-0.060451,-0.037217,-0.082350,-0.035638,-0.226741,-0.008934,0.042993,0.027457,-0.107181,0.191828,-0.004500,0.014069,-0.158586,0.102893,-0.077239,0.259916,0.010692,-0.050739,0.118080,0.267450,0.237977,-0.130715,0.255595,0.010366,0.065972,0.355204,-0.101542,0.091006,0.130412,0.090489,0.246030,0.221180,-0.035911,-0.073554,0.180881,-0.118867,0.297734,-0.095940,0.211043,0.148329,0.201142,0.298400,0.040046,0.125078,0.023320,0.101230,0.229563,0.041560,-0.021556,-0.172539,0.175994,-0.104984,0.141235,-0.359401,0.091240,0.156354,0.114574,-0.054508,0.252763,0.209754,0.147479,0.142257,0.167444,#
16,0.284972,0.068902,-0.070097,-0.137864,0.154219,0.063942,0.208924,0.150348,-0.021500,0.119828,0.038404,-0.097964,0.345950,0.095613,0.086175,0.049498,1.000000,-0.025078,-0.122581,0.144107,0.397582,0.197457,-0.138033,0.234053,0.129152,0.015166,0.274759,-0.195524,0.028623,0.152081,-0.117209,0.299817,0.232529,0.276752,0.171593,0.024051,0.127368,-0.066528,0.286240,0.199601,-0.052335,0.123376,0.170210,0.025739,0.097332,0.078416,-0.047614,-0.087757,-0.001266,0.184285,-0.016573,0.087756,0.070642,0.259197,0.382115,-0.055482,-0.244063,0.067438,0.261828,0.069617,0.007269,0.145366,-0.038538,-0.254765,-0.146090,0.132985,-0.158745,0.225249,0.265754,0.158339,0.018288,-0.029893,0.193878,0.192395,0.267356,0.149500,-0.060641,0.113008,0.013834,0.219360,0.131839,-0.063593,-0.062117,0.253819,0.113003,0.207671,0.194265,0.138012,0.229377,0.236224,0.044664,-0.042426,0.011251,-0.037296,0.053066,0.122239,0.014278,0.145639,0.189614,0.132851,-0.263614,0.050127,0.108670,0.259141,-0.003975,0.241442,0.042544,-0.181904,0.273847,0.165229,0.184717,0.124700,0.224556,-0.057053,0.351684,0.239727,0.406910,-0.051786,0.220001,0.042120,0.197078,0.208560,0.194145,0.090978,0.358433,0.276690,0.245040,-0.118267,0.025751,0.093154,0.203839,0.063635,0.019851,0.036349,0.278237,0.029136,-0.117434,-0.154357,-0.049550,0.117037,0.156966,0.182603,-0.108749,0.070486,0.153949,-0.055163,0.089591,-0.015838,0.054404,0.446305,-0.094280,0.263930,0.185304,0.012297,0.055708,0.262016,0.260229,-0.011124,0.058608,0.289790,0.035134,0.134281,0.097896,0.019655,-0.025252,0.117726,0.200692,0.253302,-0.034731,-0.088944,0.037584,0.295757,0.118416,-0.048734,-0.013466,-0.087985,0.046300,0.286142,0.336750,-0.104943,-0.024801,0.050012,0.034007,-0.081715,0.098434,0.324872,-0.047993,0.277605,0.142447,0.055045,-0.054811,-0.012579,0.121323,0.079884,-0.050175,0.024939,0.091442,-0.080535,-0.038233,0.200798,#
17,0.130124,-0.076718,-0.054543,-0.262031,0.058228,0.284692,0.141000,0.023971,0.129550,-0.111564,-0.223366,0.106753,0.172121,0.094628,-0.033196,0.188252,-0.025078,1.000000,-0.202570,0.030252,0.142536,0.029808,0.047074,0.100119,0.122367,0.238704,0.067863,-0.064781,-0.143673,0.018782,0.007901,0.011672,-0.150518,-0.100745,0.123116,0.165269,-0.083435,-0.125689,0.251739,0.098686,0.159710,0.269384,0.274640,-0.045908,0.130006,0.138378,-0.019918,0.256759,0.129734,-0.010618,0.167896,0.192522,-0.137542,0.044065,0.091041,0.194819,-0.002027,0.011854,0.104866,0.078808,0.191043,0.141709,-0.067456,0.040214,-0.140185,0.246048,0.067937,0.270176,0.004370,-0.125261,0.026526,0.029148,-0.151977,-0.043582,0.060343,0.093795,-0.044880,0.009109,-0.001146,0.118706,0.267936,0.008971,-0.174076,0.050182,-0.183567,0.126418,0.295470,-0.156795,0.021443,0.005268,-0.294210,-0.246373,0.162380,0.119347,-0.136534,-0.112159,0.173701,0.054720,-0.256551,-0.106257,0.137468,-0.240716,0.168569,0.125949,-0.219322,-0.019419,0.036838,0.026414,0.018561,0.184382,-0.005567,0.184533,-0.311006,0.173464,0.209278,-0.190797,-0.000771,-0.017240,-0.082843,0.177356,-0.030643,-0.073972,-0.006884,0.079341,0.106687,0.202286,0.222227,-0.285971,-0.089742,0.121113,0.316294,-0.034288,0.136534,0.094519,-0.084816,-0.012726,-0.058764,-0.051700,0.202147,0.118723,0.083491,0.089389,0.382432,0.084227,0.169861,-0.063398,0.100045,0.183294,0.030530,-0.170672,0.143988,-0.036908,0.091155,0.027495,0.165240,0.218909,0.191501,-0.023421,0.025069,-0.062340,0.043460,0.032160,0.281763,0.062052,0.108427,0.056151,-0.233752,0.055139,-0.034380,0.094165,0.062599,-0.089894,0.033538,0.062374,0.018420,-0.087311,0.004940,-0.053799,0.255890,0.281153,0.283213,0.159936,0.093623,0.111409,0.167249,0.001780,0.092203,0.346025,-0.084882,-0.012527,-0.259969,0.067775,0.032562,0.242745,0.017328,0.283136,-0.088695,0.190481,0.032823,0.234761,#
18,0.106089,0.015352,0.212809,0.259370,0.257372,-0.128860,-0.000014,0.212867,0.158668,0.378690,-0.161167,0.253619,0.047214,0.051444,0.284977,0.038591,-0.122581,-0.202570,1.000000,0.290846,0.020733,0.151039,0.172777,0.033397,0.087616,-0.046102,-0.135314,0.128900,-0.012515,0.090711,-0.025862,0.097542,0.116607,0.122308,0.130008,0.079122,0.017198,0.034305,0.039891,0.100530,0.001697,-0.178457,0.056339,-0.044366,0.335468,0.002154,0.246449,0.051002,-0.275773,-0.193742,-0.057362,0.063322,0.220495,0.179066,0.035028,0.186151,0.057833,0.169223,0.098628,0.230365,0.322360,-0.011459,0.207361,-0.103337,0.110436,0.089324,-0.035560,0.119278,-0.135395,0.104352,0.258464,-0.007499,0.162945,0.131956,0.205074,-0.070764,0.260360,-0.017526,0.133507,0.171145,-0.103955,0.033702,0.056146,0.108704,0.263813,-0.033167,-0.005779,0.145430,-0.057702,-0.090523,0.116461,-0.081365,-0.015375,-0.071274,0.211503,-0.114991,0.156264,0.014126,0.054386,0.082982,0.188686,0.241461,0.129030,0.025113,0.079790,0.255378,-0.132405,-0.081436,0.080276,-0.038838,0.101451,-0.070928,0.390705,0.107598,-0.099942,0.013319,-0.013375,0.006169,-0.113119,0.101513,0.040249,0.040194,0.200040,-0.119936,0.129861,-0.217758,-0.091891,0.190816,0.245212,0.090651,-0.161827,0.199973,0.028357,0.329356,0.201310,0.169291,0.057513,0.095068,-0.041410,-0.043086,-0.132849,0.137551,0.088581,0.259857,0.042210,0.277757,0.227874,-0.002586,-0.057562,0.172078,-0.136357,0.236457,0.174253,-0.010820,-0.023516,0.018299,-0.073404,0.245081,0.070366,0.203323,-0.011828,-0.097562,0.052590,0.090504,0.106939,0.259383,0.086856,-0.005063,0.002685,0.183501,-0.034640,0.258475,0.261733,0.052911,-0.010868,0.062316,-0.020395,0.097354,-0.011475,0.174528,0.057892,0.028018,-0.065945,0.156962,-0.070859,0.094931,0.219878,-0.275310,0.081318,0.146241,0.057445,0.123386,0.061032,0.313942,0.153301,0.064010,-0.104865,0.063055,0.106961,0.064644,#
19,0.266879,0.073020,0.198314,0.182761,0.387956,0.361491,0.033014,0.125347,0.173755,0.361199,0.082324,0.105222,0.159291,-0.060659,0.049017,0.215443,0.144107,0.030252,0.290846,1.000000,0.019814,0.173847,0.243261,0.272953,-0.013397,-0.061903,0.264549,-0.139396,0.044668,0.144987,0.183094,0.146820,0.118693,0.119370,0.016334,0.013713,0.220636,-0.045326,0.339365,0.231139,0.123051,-0.063107,0.023738,0.000104,0.179004,0.148438,0.232118,0.199445,0.248699,-0.088924,-0.139136,0.212671,-0.036017,0.164496,0.096326,0.000157,0.160190,-0.000008,0.205929,0.175247,0.274603,0.303870,0.317061,0.128431,0.264000,0.142906,-0.106126,0.263726,-0.006505,-0.124924,0.239119,0.122972,0.219703,0.133785,0.240296,0.183002,0.045736,0.106150,0.308989,0.114159,0.071371,-0.132998,0.058485,0.096269,0.006510,0.178323,0.000379,0.364468,0.131392,-0.213033,0.144875,-0.021432,0.175066,-0.073789,0.073991,0.013058,0.156111,0.054451,0.064517,0.152378,0.262522,0.222341,0.110156,0.142561,0.036340,0.345370,0.242982,0.142119,0.291598,-0.036037,-0.057964,0.120448,0.240588,0.167129,0.051708,0.097378,0.248028,0.041791,0.029030,-0.123901,-0.175705,0.242363,0.259622,0.019239,0.332582,0.091539,0.403421,0.160596,0.196812,0.161376,0.054005,0.143171,0.076549,0.239640,0.231087,0.006677,0.151505,0.011742,-0.119990,0.058055,-0.073965,-0.015388,0.044630,0.039105,0.251462,0.067252,0.131064,-0.011324,0.097988,0.219568,0.073030,0.210172,0.144956,0.009788,-0.015296,0.254868,0.118697,0.329195,0.278524,0.355487,0.169434,0.124204,0.086550,-0.000377,0.219469,0.298672,0.007009,0.160843,0.174723,0.132902,0.029185,0.203727,0.243959,0.372331,0.193106,0.135336,0.192217,0.348993,0.067989,0.182364,-0.035391,0.315689,0.083459,0.302244,0.378714,0.082105,-0.000007,0.065894,0.206453,0.173537,0.084729,0.180114,0.046644,0.356541,-0.058163,0.409804,-0.028012,0.090120,0.217669,0.113428,#
20,0.047098,-0.233404,0.263228,0.066780,0.373514,0.049252,0.328260,0.059922,0.022528,0.326973,0.007267,0.077508,0.139904,0.156575,0.175106,0.103762,0.397582,0.142536,0.020733,0.019814,1.000000,0.206225,0.060337,0.172965,-0.077858,0.267269,0.196361,-0.165064,0.007672,0.089339,0.076250,0.223872,0.243799,0.358602,0.265548,0.358192,0.302544,0.114433,0.461098,0.274048,-0.110590,0.209837,-0.014276,0.103038,0.285638,0.176466,0.216986,-0.138832,-0.136611,0.135790,0.027393,0.186786,0.144643,0.275271,0.276391,0.091622,0.057598,0.203349,0.230174,0.207280,0.299481,0.076987,0.195382,0.000398,0.250323,0.103959,0.041578,0.090114,0.071157,0.221591,0.370843,0.099117,-0.041313,0.107697,0.368040,0.081555,-0.007730,0.069977,0.035426,0.150118,0.159391,0.286327,0.103621,0.128915,0.038792,0.120977,0.112153,0.044978,-0.060947,0.007161,0.214132,0.024836,0.155581,0.131724,0.309466,-0.110891,0.138120,0.180335,0.216273,-0.014152,0.078096,0.058173,0.299713,0.045880,0.156218,0.126998,0.205409,-0.008948,0.021394,0.309990,0.119492,0.129469,0.065853,-0.061420,0.183071,0.020185,0.309553,0.231385,0.034675,0.162055,0.295223,0.127605,0.111630,0.355881,0.126676,0.203056,0.362028,-0.025328,0.385144,0.235912,0.420015,0.017017,0.205198,0.361062,0.201853,0.126047,-0.116985,-0.124505,0.157030,0.154370,-0.052576,0.325773,0.007763,0.092770,0.125706,0.092189,0.070491,0.054339,-0.069736,0.390305,0.193338,0.134176,0.240722,0.296782,0.018609,0.116019,0.140543,-0.041376,0.299544,0.187732,-0.037189,0.097990,0.190237,0.234164,0.133811,-0.103222,0.089481,0.027082,0.224593,0.082045,0.208459,0.124064,0.302131,0.032855,0.007111,0.068588,-0.109515,0.107249,0.322989,0.144066,0.251574,0.021995,0.115261,0.178947,0.007552,0.167872,-0.113822,0.249087,0.038605,0.161552,-0.255646,-0.061424,0.133792,0.407687,0.055801,-0.179000,-0.020033,0.091393,0.191657,0.238356,#
