0,1.000000,0.705126,0.760567,0.667296,0.556532,0.761508,0.682693,0.750216,0.725828,0.692392,0.692882,0.755755,0.638109,0.665241,0.668744,0.727287,0.715371,0.785172,0.719414,0.628562,0.726096,0.614405,0.741683,0.745719,0.653227,0.676478,0.691993,0.740188,0.584641,0.699219,0.743865,0.653736,0.699517,0.667500,0.719598,0.671399,0.654627,0.762173,0.694210,0.814057,0.718528,0.700721,0.744957,0.825415,0.681509,0.585485,0.769549,0.832711,0.665505,0.774758,0.731889,0.688085,0.736016,0.751357,0.734537,0.757019,0.715199,0.779024,0.719642,0.815723,0.760847,0.611987,0.747554,0.706862,0.697922,0.725945,0.807904,0.768420,0.748553,0.599729,0.753331,0.698803,0.817304,0.736440,0.676757,0.725471,0.748927,0.752391,0.731606,0.678677,0.799099,0.734561,0.715280,0.773803,0.738069,0.735471,0.778295,0.713164,0.589787,0.797686,0.705417,0.746532,0.673685,0.735382,0.707373,0.726000,0.661398,0.686298,0.754430,0.765172,0.738569,0.751289,0.753985,0.713401,0.677326,0.692166,0.636676,0.758831,0.676992,0.698527,0.750377,0.732072,0.745108,0.650068,0.705878,0.812124,0.638259,0.670456,0.668005,0.637051,0.562188,0.811123,0.752598,0.831048,0.757796,0.736454,0.643356,0.657305,0.651117,0.627071,0.761146,0.697408,0.721518,0.686163,0.702920,0.653609,0.661800,0.796623,0.771258,0.744655,0.691634,0.644423,0.617535,0.745634,0.757817,0.620253,0.696071,0.649056,0.769207,0.772795,0.744881,0.730540,0.723015,0.661879,0.684115,0.682357,0.692631,0.726642,0.761440,0.686685,0.749882,0.755327,0.678667,0.701589,0.713835,0.730238,0.747190,0.681050,0.673649,0.768398,0.750899,0.717854,0.725357,0.752447,0.790373,0.585970,0.693216,0.724564,0.713503,0.718809,0.648562,0.743368,0.582736,0.658476,0.696552,0.653954,0.704560,0.695331,0.732070,0.734414,0.759117,0.754984,0.742668,0.677518,0.666964,0.752111,0.732835,0.769805,0.808451,0.676234,#
1,0.705126,1.000000,0.701095,0.692361,0.614311,0.778266,0.562275,0.601736,0.654078,0.631464,0.653914,0.632941,0.541972,0.613240,0.718887,0.714947,0.632311,0.655848,0.695518,0.692512,0.675360,0.755015,0.712377,0.711437,0.656276,0.473148,0.766089,0.696981,0.517435,0.558704,0.747728,0.719590,0.672461,0.713221,0.731917,0.775108,0.545003,0.698406,0.703436,0.718714,0.608849,0.547335,0.645641,0.735515,0.635602,0.649090,0.739606,0.725109,0.680884,0.658108,0.628069,0.674015,0.791648,0.674316,0.710471,0.687145,0.632833,0.733831,0.755866,0.623571,0.635728,0.630844,0.581216,0.584194,0.703307,0.674094,0.679224,0.724959,0.692775,0.642595,0.643562,0.639497,0.749852,0.555539,0.619907,0.693324,0.609956,0.673214,0.667790,0.615240,0.703774,0.703922,0.766148,0.741025,0.690552,0.703165,0.677581,0.648017,0.686010,0.675190,0.628367,0.588045,0.702208,0.716787,0.635902,0.629671,0.673297,0.691370,0.669812,0.712760,0.677649,0.740616,0.628707,0.640380,0.654298,0.664161,0.585338,0.686109,0.646426,0.589000,0.677516,0.717671,0.657119,0.681987,0.628194,0.612950,0.619399,0.657588,0.622110,0.574045,0.721156,0.652279,0.628283,0.712513,0.580891,0.602126,0.668644,0.653515,0.694772,0.750706,0.674980,0.734871,0.620421,0.698637,0.700870,0.604882,0.630074,0.675146,0.695059,0.649252,0.660094,0.630997,0.717437,0.751533,0.637429,0.708710,0.687001,0.600193,0.753471,0.607965,0.734630,0.747208,0.681131,0.536688,0.657657,0.535845,0.617224,0.715551,0.618099,0.575020,0.638864,0.770876,0.676705,0.725311,0.694941,0.613893,0.694266,0.636039,0.524230,0.700010,0.702242,0.637262,0.692855,0.733782,0.675030,0.522356,0.652174,0.764032,0.656751,0.795722,0.553642,0.725480,0.599061,0.675456,0.707056,0.686774,0.702850,0.510037,0.666975,0.654442,0.707437,0.576653,0.651621,0.733229,0.686109,0.569577,0.605631,0.688460,0.579993,0.636456,#
2,0.760567,0.701095,1.000000,0.627020,0.528316,0.699043,0.626686,0.672362,0.667868,0.580253,0.710313,0.651138,0.582228,0.578930,0.657505,0.645888,0.711786,0.693933,0.664540,0.643026,0.536488,0.645635,0.639338,0.741900,0.620203,0.607727,0.745220,0.711206,0.738223,0.661857,0.746990,0.627410,0.640425,0.649262,0.617642,0.706993,0.693346,0.726741,0.773820,0.644426,0.626504,0.623763,0.700332,0.669941,0.566960,0.560558,0.809522,0.696895,0.688514,0.772669,0.620396,0.696062,0.759210,0.722743,0.803540,0.650322,0.639228,0.699579,0.657583,0.682792,0.718470,0.689764,0.668447,0.735082,0.713512,0.698575,0.738731,0.677019,0.699029,0.641711,0.696289,0.662572,0.805047,0.616009,0.723464,0.768096,0.684873,0.713462,0.645976,0.678493,0.748812,0.731217,0.697768,0.708307,0.741432,0.725273,0.710543,0.712245,0.614008,0.649787,0.678899,0.763099,0.698773,0.651554,0.685219,0.719200,0.672511,0.675127,0.793613,0.763496,0.629191,0.698333,0.644144,0.644227,0.592569,0.746938,0.670067,0.642366,0.705424,0.651186,0.708162,0.618147,0.732893,0.645607,0.636687,0.653194,0.629652,0.647104,0.739159,0.597251,0.620447,0.691583,0.642201,0.713529,0.715209,0.659671,0.678894,0.605722,0.632227,0.714584,0.744646,0.770472,0.761397,0.711046,0.631005,0.684842,0.614453,0.693307,0.703661,0.609628,0.689919,0.634942,0.551707,0.675980,0.625832,0.759874,0.678369,0.630655,0.677332,0.634287,0.751600,0.693393,0.681471,0.646003,0.662126,0.639089,0.695021,0.628482,0.589510,0.569043,0.592194,0.618820,0.643905,0.697080,0.628971,0.724830,0.807116,0.635436,0.586202,0.671449,0.705153,0.644192,0.666128,0.649897,0.726404,0.488191,0.560012,0.722675,0.635735,0.670690,0.636159,0.728723,0.552162,0.702745,0.651775,0.645987,0.659221,0.634629,0.737827,0.682164,0.732009,0.643187,0.809243,0.645611,0.667073,0.764324,0.620188,0.793911,0.631653,0.656363,#
3,0.667296,0.692361,0.627020,1.000000,0.573561,0.652049,0.564013,0.539243,0.643810,0.639489,0.593737,0.654122,0.639712,0.611368,0.646917,0.777204,0.709230,0.663664,0.732814,0.600720,0.574012,0.657865,0.643410,0.652932,0.751212,0.604960,0.647670,0.582738,0.574271,0.525609,0.682500,0.735184,0.606283,0.671973,0.592558,0.663684,0.600982,0.720686,0.496423,0.677963,0.604634,0.508015,0.633541,0.688932,0.583459,0.747229,0.739707,0.635632,0.719222,0.658953,0.647345,0.523330,0.676667,0.630242,0.600910,0.663532,0.517841,0.664411,0.728492,0.657156,0.618654,0.608732,0.551819,0.638021,0.685385,0.682484,0.602818,0.691798,0.648668,0.615073,0.641005,0.604146,0.676812,0.648924,0.605496,0.607428,0.596928,0.646462,0.622170,0.638255,0.718576,0.577362,0.634178,0.700780,0.686508,0.711196,0.689628,0.547481,0.574487,0.629297,0.554422,0.625167,0.721396,0.693300,0.619758,0.698416,0.645296,0.580837,0.633005,0.696771,0.556781,0.645283,0.567954,0.596260,0.575619,0.663032,0.565903,0.633164,0.596239,0.565153,0.664159,0.661396,0.564444,0.675520,0.670744,0.723598,0.536836,0.584555,0.641490,0.515261,0.558439,0.587853,0.645500,0.655589,0.667750,0.627108,0.701459,0.570747,0.619506,0.673844,0.580807,0.663072,0.569840,0.674697,0.699732,0.669017,0.765819,0.641394,0.635976,0.609104,0.601637,0.633897,0.610770,0.567529,0.594566,0.698481,0.587009,0.667708,0.699466,0.529604,0.673180,0.646886,0.551514,0.576916,0.664183,0.579403,0.658416,0.652326,0.545866,0.509467,0.660479,0.680194,0.634636,0.680412,0.605746,0.624847,0.644651,0.534550,0.610892,0.618717,0.628721,0.711344,0.706066,0.729866,0.643665,0.616256,0.670355,0.653687,0.712222,0.685614,0.531551,0.703321,0.533538,0.594314,0.614333,0.596260,0.630466,0.516494,0.742845,0.699117,0.566958,0.574571,0.625322,0.654267,0.593129,0.607319,0.604871,0.637244,0.556110,0.597960,#
4,0.556532,0.614311,0.528316,0.573561,1.000000,0.732535,0.632285,0.460450,0.398289,0.509933,0.526262,0.601159,0.448976,0.608443,0.531063,0.642882,0.632559,0.735022,0.585548,0.659679,0.549975,0.541551,0.494176,0.662569,0.620843,0.483159,0.595481,0.569879,0.434561,0.501683,0.748776,0.528063,0.634013,0.439936,0.544632,0.563825,0.579716,0.630489,0.486142,0.678224,0.528729,0.486520,0.507943,0.648160,0.538539,0.639993,0.638611,0.586315,0.674902,0.667471,0.590367,0.468561,0.687754,0.515222,0.641245,0.669299,0.519471,0.618831,0.656260,0.645729,0.493305,0.599516,0.506021,0.572513,0.623618,0.627133,0.628430,0.581029,0.598286,0.550209,0.656746,0.730342,0.579922,0.548148,0.526098,0.525394,0.555281,0.634035,0.629456,0.568603,0.564588,0.537283,0.655009,0.566123,0.651143,0.585227,0.536593,0.459425,0.603440,0.679028,0.527425,0.484296,0.479467,0.623021,0.420055,0.567386,0.573410,0.409312,0.504059,0.553169,0.641763,0.712233,0.585844,0.537797,0.633591,0.593955,0.582489,0.581795,0.596031,0.525710,0.510400,0.612141,0.594310,0.689588,0.574400,0.553940,0.567981,0.651741,0.574295,0.424399,0.537466,0.553734,0.694308,0.616151,0.550010,0.645830,0.528339,0.527818,0.633552,0.634519,0.711912,0.608104,0.553988,0.593803,0.649733,0.620309,0.560993,0.638717,0.553936,0.513639,0.519370,0.616443,0.612998,0.588221,0.556431,0.552761,0.612192,0.523873,0.573577,0.601489,0.684011,0.714807,0.515698,0.456068,0.643096,0.535370,0.639841,0.535970,0.635097,0.444985,0.491906,0.599039,0.639284,0.596091,0.608842,0.588618,0.579911,0.482613,0.573861,0.571637,0.539434,0.635107,0.636186,0.636856,0.680949,0.511673,0.589229,0.575435,0.616364,0.613126,0.617128,0.621856,0.644723,0.585372,0.630397,0.575824,0.533988,0.697951,0.579128,0.465392,0.551640,0.428358,0.563480,0.639458,0.555876,0.496341,0.556849,0.670970,0.571936,0.484060,#
5,0.761508,0.778266,0.699043,0.652049,0.732535,1.000000,0.625252,0.671546,0.668688,0.632950,0.639939,0.706349,0.556837,0.647775,0.688956,0.777548,0.648345,0.733051,0.717712,0.679724,0.605371,0.693903,0.694228,0.711739,0.675308,0.620854,0.766397,0.758294,0.529370,0.613869,0.769145,0.657135,0.720854,0.645124,0.671954,0.751327,0.634812,0.751099,0.630391,0.708525,0.708535,0.560975,0.587159,0.685555,0.683660,0.666327,0.775305,0.728537,0.727127,0.720887,0.676096,0.629029,0.731316,0.754535,0.705906,0.792862,0.632321,0.739437,0.807613,0.766869,0.613299,0.654036,0.638099,0.725845,0.643577,0.723365,0.740295,0.683282,0.687337,0.687689,0.773867,0.673400,0.777320,0.657133,0.676528,0.663136,0.748044,0.654763,0.656220,0.603515,0.709449,0.688005,0.738651,0.698769,0.710086,0.753701,0.696988,0.657575,0.660099,0.729280,0.632429,0.667426,0.639139,0.756337,0.628576,0.666213,0.736216,0.615092,0.720072,0.692264,0.749984,0.719141,0.799630,0.702686,0.721752,0.676700,0.633699,0.699495,0.652057,0.708827,0.666028,0.780078,0.689504,0.678587,0.567120,0.648871,0.669105,0.695129,0.595138,0.650598,0.601531,0.714208,0.711895,0.790805,0.663193,0.751742,0.727145,0.602582,0.725867,0.751448,0.758729,0.786241,0.720553,0.746204,0.724867,0.611996,0.716726,0.684191,0.713866,0.681290,0.675962,0.653457,0.667121,0.744436,0.798965,0.694043,0.654111,0.673542,0.745418,0.775042,0.781113,0.797101,0.637895,0.640242,0.698016,0.593686,0.692916,0.677280,0.733531,0.578789,0.665224,0.761227,0.708789,0.670189,0.696283,0.715399,0.680555,0.655153,0.608045,0.722841,0.778409,0.722018,0.750977,0.676755,0.774282,0.539853,0.616599,0.714460,0.734021,0.739585,0.719207,0.741233,0.597559,0.666032,0.694725,0.702398,0.687217,0.723058,0.730619,0.677936,0.656416,0.710653,0.694453,0.699979,0.575024,0.576182,0.633215,0.737006,0.661949,0.564140,#
6,0.682693,0.562275,0.626686,0.564013,0.632285,0.625252,1.000000,0.600247,0.621419,0.655545,0.582432,0.696776,0.554880,0.679483,0.574272,0.656996,0.740005,0.770311,0.674547,0.602148,0.692181,0.578702,0.592456,0.674280,0.724756,0.670512,0.712417,0.645281,0.517347,0.670291,0.730340,0.681950,0.686669,0.628749,0.604186,0.671362,0.710326,0.655114,0.628843,0.653943,0.703192,0.693822,0.659663,0.715317,0.686537,0.534148,0.722577,0.763291,0.716620,0.744677,0.686261,0.627609,0.715351,0.554055,0.729029,0.692362,0.658547,0.768604,0.747036,0.592164,0.729789,0.684171,0.651409,0.611064,0.697697,0.708619,0.744182,0.670022,0.764919,0.559268,0.688301,0.719783,0.711713,0.667675,0.586952,0.582165,0.669080,0.785939,0.690568,0.598707,0.723840,0.680995,0.617775,0.791321,0.691730,0.660060,0.640065,0.617194,0.668288,0.688306,0.675404,0.617215,0.521085,0.701576,0.591645,0.714435,0.700212,0.636864,0.645963,0.673775,0.693514,0.711703,0.609624,0.693686,0.691123,0.610809,0.737266,0.669399,0.740959,0.575216,0.580216,0.724872,0.663458,0.599002,0.535976,0.689068,0.561843,0.676635,0.553582,0.578639,0.574473,0.641481,0.677082,0.767200,0.739108,0.625992,0.635294,0.689793,0.549153,0.585255,0.742601,0.667045,0.577178,0.611551,0.663273,0.597617,0.676339,0.686293,0.780787,0.673457,0.644857,0.672492,0.629944,0.676526,0.597050,0.679248,0.753800,0.629093,0.685040,0.617914,0.693668,0.699184,0.542120,0.536862,0.613734,0.623054,0.654472,0.530055,0.607768,0.661960,0.674827,0.693292,0.641916,0.670078,0.718003,0.716225,0.724038,0.477564,0.588007,0.717139,0.681679,0.676076,0.670922,0.603990,0.669749,0.664052,0.649024,0.618925,0.709680,0.717600,0.645721,0.616822,0.688277,0.659663,0.654559,0.652149,0.669544,0.692445,0.691951,0.631587,0.672107,0.625699,0.678792,0.655472,0.721592,0.746188,0.719176,0.742014,0.633990,0.618741,#
7,0.750216,0.601736,0.672362,0.539243,0.460450,0.671546,0.600247,1.000000,0.676753,0.581470,0.618344,0.616934,0.548068,0.591834,0.638928,0.594816,0.573554,0.642845,0.615586,0.578021,0.615302,0.537010,0.767701,0.640333,0.583699,0.662212,0.662902,0.603671,0.511584,0.634728,0.598289,0.621904,0.542762,0.603379,0.644177,0.680658,0.621557,0.598642,0.566388,0.677862,0.606154,0.617655,0.601125,0.653178,0.569725,0.501263,0.665603,0.686544,0.688810,0.617955,0.663038,0.621962,0.762364,0.709959,0.636802,0.654462,0.661739,0.692933,0.661140,0.732059,0.566342,0.589306,0.654822,0.664655,0.650851,0.692635,0.751456,0.670342,0.730408,0.491601,0.706267,0.545551,0.681354,0.664897,0.659606,0.658700,0.703988,0.633858,0.545261,0.545205,0.689278,0.603910,0.693967,0.661211,0.673599,0.649092,0.724572,0.594666,0.590909,0.572167,0.654799,0.736007,0.526077,0.624848,0.638811,0.639824,0.671615,0.605715,0.648910,0.641913,0.604484,0.650078,0.647732,0.596694,0.624665,0.573235,0.577099,0.658654,0.641989,0.558791,0.720854,0.646978,0.637430,0.605587,0.486606,0.707190,0.537617,0.599207,0.499748,0.630443,0.620575,0.586785,0.563659,0.717354,0.794513,0.683687,0.597995,0.619401,0.449661,0.637395,0.647989,0.682136,0.694548,0.559423,0.704559,0.664405,0.626042,0.715909,0.618960,0.681119,0.596851,0.600394,0.614459,0.642605,0.698874,0.622388,0.643027,0.523025,0.672720,0.636629,0.662497,0.580325,0.655044,0.573223,0.585133,0.637633,0.625762,0.646775,0.670110,0.614447,0.681884,0.646625,0.667828,0.558208,0.637364,0.644668,0.723159,0.591074,0.590240,0.593755,0.745529,0.646808,0.624382,0.712674,0.639598,0.422946,0.577882,0.577129,0.669887,0.681582,0.548478,0.674426,0.598586,0.634004,0.610866,0.679286,0.645684,0.566544,0.672700,0.687135,0.672928,0.606509,0.625748,0.560887,0.602921,0.650697,0.578100,0.728388,0.644989,0.527526,#
8,0.725828,0.654078,0.667868,0.643810,0.398289,0.668688,0.621419,0.676753,1.000000,0.628931,0.556522,0.634263,0.649631,0.561407,0.615335,0.674990,0.661376,0.742058,0.615746,0.616085,0.604414,0.694226,0.730225,0.601960,0.676279,0.545545,0.626089,0.573538,0.585226,0.616743,0.655454,0.647428,0.554498,0.632389,0.575007,0.740390,0.615999,0.687015,0.640533,0.592474,0.509536,0.507009,0.652626,0.656690,0.653642,0.535412,0.685572,0.732019,0.655436,0.664903,0.653333,0.566017,0.689765,0.772345,0.625755,0.685098,0.610139,0.638515,0.719136,0.601188,0.637240,0.627590,0.588775,0.677423,0.624081,0.699299,0.659928,0.695711,0.718242,0.585170,0.649121,0.620432,0.764687,0.662696,0.664810,0.559776,0.712613,0.677263,0.554842,0.577238,0.708893,0.619328,0.663610,0.741597,0.686541,0.654154,0.643620,0.733387,0.607016,0.582409,0.665073,0.667511,0.605093,0.585063,0.684325,0.701281,0.718022,0.599026,0.755760,0.686700,0.651858,0.640251,0.677022,0.696194,0.520364,0.548127,0.626718,0.707915,0.584182,0.651711,0.624444,0.665762,0.672762,0.575526,0.543066,0.696280,0.518851,0.574056,0.638793,0.661148,0.566695,0.618628,0.573226,0.725687,0.682036,0.636365,0.547982,0.585888,0.583174,0.592514,0.588873,0.685685,0.596638,0.574826,0.663259,0.538014,0.609060,0.651152,0.655020,0.652131,0.727821,0.646184,0.656900,0.684083,0.681249,0.598673,0.620192,0.559525,0.748854,0.654739,0.678622,0.629687,0.591404,0.641747,0.511812,0.647390,0.656616,0.691473,0.663716,0.607284,0.718921,0.698121,0.684593,0.607140,0.686931,0.668795,0.643294,0.582892,0.573449,0.636118,0.740956,0.641446,0.675204,0.582608,0.672805,0.471156,0.597529,0.752793,0.596382,0.604109,0.513128,0.707023,0.573657,0.661945,0.617482,0.621178,0.738802,0.550644,0.670088,0.710436,0.692257,0.679425,0.680462,0.662777,0.596319,0.638787,0.678795,0.682316,0.608158,0.656260,#
9,0.692392,0.631464,0.580253,0.639489,0.509933,0.632950,0.655545,0.581470,0.628931,1.000000,0.586605,0.574804,0.637885,0.701832,0.714224,0.690144,0.688311,0.709918,0.640284,0.561103,0.689518,0.555373,0.626833,0.655832,0.668194,0.563034,0.624788,0.768395,0.519444,0.748769,0.610047,0.631084,0.669409,0.648395,0.651218,0.679844,0.617315,0.642162,0.615798,0.710931,0.662197,0.672697,0.611426,0.656140,0.709219,0.622961,0.626235,0.746288,0.691270,0.637932,0.633367,0.528239,0.605112,0.626949,0.698598,0.651140,0.667913,0.776106,0.643442,0.608487,0.650853,0.654453,0.622689,0.646038,0.617941,0.743802,0.700199,0.682002,0.751116,0.485259,0.616557,0.641239,0.656136,0.604904,0.658061,0.629618,0.684966,0.730709,0.602147,0.686679,0.724968,0.714990,0.661641,0.818701,0.648438,0.668064,0.637810,0.685845,0.646855,0.629752,0.590088,0.586172,0.654222,0.647553,0.665763,0.692195,0.634995,0.626380,0.627591,0.702725,0.760155,0.703235,0.657466,0.723808,0.673623,0.623321,0.629133,0.762012,0.692309,0.691059,0.680461,0.678040,0.638700,0.664850,0.619678,0.731807,0.398086,0.645002,0.543006,0.644760,0.552109,0.699148,0.656603,0.695497,0.664215,0.645007,0.686739,0.566540,0.630830,0.583232,0.583041,0.714481,0.618685,0.589153,0.655645,0.541948,0.657475,0.692182,0.685750,0.595290,0.654442,0.650675,0.702444,0.717842,0.659006,0.738344,0.653770,0.641938,0.723716,0.568559,0.684918,0.679472,0.597166,0.704597,0.617662,0.600075,0.582470,0.678356,0.622602,0.634371,0.702517,0.770591,0.651973,0.664014,0.694382,0.718808,0.611930,0.637452,0.628851,0.627283,0.708802,0.624960,0.724270,0.590588,0.672861,0.717591,0.646260,0.712086,0.606047,0.742481,0.724794,0.637638,0.706843,0.605418,0.640124,0.624899,0.625982,0.672421,0.717577,0.575764,0.737287,0.690701,0.623254,0.641552,0.641518,0.588811,0.714592,0.655826,0.645821,0.617289,#
10,0.692882,0.653914,0.710313,0.593737,0.526262,0.639939,0.582432,0.618344,0.556522,0.586605,1.000000,0.623667,0.615595,0.594401,0.555750,0.602880,0.674746,0.632932,0.760548,0.608161,0.653473,0.625102,0.704340,0.741436,0.542424,0.589622,0.703260,0.740914,0.657558,0.652445,0.635253,0.647193,0.629398,0.672912,0.676641,0.721872,0.704610,0.642535,0.702732,0.695205,0.591726,0.602927,0.699198,0.662935,0.596649,0.667056,0.743864,0.687496,0.651043,0.723289,0.668195,0.656242,0.689873,0.565357,0.694191,0.685580,0.657106,0.752626,0.633124,0.711469,0.722355,0.640113,0.723542,0.646810,0.669793,0.599195,0.677779,0.619809,0.744048,0.635175,0.760297,0.661498,0.768221,0.456312,0.696469,0.721379,0.690484,0.747413,0.648537,0.609353,0.737623,0.657918,0.649604,0.685888,0.679234,0.643726,0.701342,0.571380,0.656169,0.735961,0.575771,0.652978,0.738052,0.565248,0.569704,0.708470,0.640961,0.672650,0.662973,0.739317,0.604217,0.658093,0.613066,0.715339,0.706278,0.709562,0.628046,0.611529,0.630454,0.608136,0.718309,0.619654,0.740151,0.644918,0.607774,0.702520,0.554036,0.676635,0.613214,0.625861,0.607856,0.651817,0.547739,0.729716,0.653750,0.564012,0.668690,0.610736,0.681785,0.713945,0.688112,0.646713,0.650584,0.698416,0.659279,0.739932,0.579477,0.642455,0.713525,0.782238,0.709522,0.681890,0.538817,0.667292,0.631017,0.617205,0.697867,0.625970,0.680482,0.675863,0.641588,0.666832,0.584176,0.521272,0.700238,0.588897,0.644781,0.769475,0.575469,0.534497,0.728194,0.618746,0.601372,0.691660,0.697960,0.548485,0.684076,0.532135,0.598881,0.716708,0.699853,0.738982,0.609261,0.616634,0.674028,0.572357,0.572062,0.679513,0.617594,0.679082,0.572579,0.652518,0.684668,0.631273,0.576392,0.669059,0.603913,0.659204,0.623562,0.699893,0.672166,0.573935,0.687235,0.711478,0.616877,0.717062,0.669250,0.709169,0.606723,0.707379,#
11,0.755755,0.632941,0.651138,0.654122,0.601159,0.706349,0.696776,0.616934,0.634263,0.574804,0.623667,1.000000,0.664642,0.665300,0.671789,0.716129,0.680070,0.759356,0.755051,0.616363,0.602780,0.629002,0.686188,0.742000,0.664976,0.589306,0.722587,0.607242,0.653265,0.579369,0.647226,0.644725,0.713757,0.643436,0.633027,0.717678,0.718893,0.728508,0.616083,0.661312,0.656098,0.622885,0.691854,0.685547,0.629128,0.530290,0.790175,0.767111,0.653615,0.769618,0.691072,0.539405,0.710033,0.600443,0.702426,0.736726,0.600535,0.715506,0.716248,0.692554,0.633737,0.574615,0.718250,0.621967,0.683899,0.692327,0.694295,0.742048,0.718027,0.656350,0.785866,0.670237,0.743002,0.669311,0.714264,0.660687,0.812064,0.714052,0.614427,0.573451,0.701581,0.665718,0.743006,0.725347,0.746910,0.683140,0.639045,0.641394,0.547607,0.652834,0.722089,0.627521,0.608255,0.647393,0.555997,0.660141,0.666029,0.645652,0.728462,0.693553,0.659399,0.737252,0.738033,0.628279,0.726726,0.605136,0.629897,0.712731,0.689920,0.691892,0.747894,0.739015,0.690619,0.642726,0.540486,0.707752,0.634511,0.575691,0.670450,0.669783,0.520152,0.667941,0.694796,0.756927,0.747747,0.703926,0.744857,0.673873,0.653440,0.675925,0.743991,0.615130,0.676432,0.703360,0.693008,0.614038,0.696900,0.699618,0.750668,0.580867,0.604342,0.597613,0.579417,0.721345,0.667824,0.677817,0.717247,0.640040,0.693974,0.674401,0.669663,0.657151,0.600384,0.640312,0.655266,0.608963,0.752639,0.615857,0.657203,0.589534,0.712281,0.739191,0.741731,0.712506,0.753638,0.616999,0.747558,0.566112,0.605087,0.786388,0.701212,0.640816,0.754460,0.720735,0.706163,0.597857,0.668106,0.632684,0.673674,0.689629,0.618377,0.730286,0.691879,0.566865,0.664900,0.548895,0.655540,0.680444,0.621584,0.651135,0.685865,0.693961,0.658880,0.626625,0.581478,0.695812,0.695314,0.688665,0.665849,0.642390,#
12,0.638109,0.541972,0.582228,0.639712,0.448976,0.556837,0.554880,0.548068,0.649631,0.637885,0.615595,0.664642,1.000000,0.622432,0.654722,0.647618,0.572493,0.691931,0.673919,0.574748,0.586715,0.500924,0.663124,0.693282,0.653805,0.632696,0.589672,0.646243,0.535206,0.543524,0.594543,0.598524,0.602566,0.679006,0.624689,0.692370,0.626028,0.688899,0.625590,0.584434,0.486193,0.467838,0.578714,0.614030,0.652135,0.614606,0.718942,0.586846,0.623173,0.657216,0.754896,0.485944,0.596223,0.641928,0.708907,0.677594,0.576976,0.658804,0.567987,0.601302,0.616189,0.594565,0.669870,0.628669,0.684980,0.702227,0.609469,0.575847,0.732714,0.584555,0.657702,0.616990,0.649098,0.646038,0.674749,0.571995,0.673368,0.699914,0.656750,0.684369,0.651719,0.583203,0.641334,0.714255,0.631677,0.657786,0.551487,0.667112,0.524851,0.539445,0.670483,0.608396,0.696808,0.534965,0.567939,0.707406,0.700717,0.579215,0.630663,0.639409,0.511022,0.697743,0.650002,0.667901,0.536223,0.567288,0.528524,0.559804,0.668055,0.640778,0.619686,0.699071,0.595520,0.546281,0.684034,0.674575,0.405950,0.464400,0.648625,0.689967,0.511018,0.583248,0.597872,0.696139,0.655502,0.701531,0.660763,0.546739,0.606244,0.579322,0.566598,0.528453,0.543076,0.601870,0.612144,0.600002,0.550742,0.643445,0.584436,0.599086,0.699513,0.607052,0.538270,0.710531,0.508718,0.592079,0.609493,0.549680,0.695071,0.676740,0.663540,0.566031,0.604397,0.540695,0.547193,0.666459,0.699646,0.721367,0.649280,0.603233,0.660980,0.684197,0.621975,0.612622,0.723910,0.497321,0.588054,0.664797,0.502320,0.668413,0.646115,0.599468,0.676265,0.598725,0.613815,0.479002,0.764795,0.677634,0.608856,0.588548,0.565691,0.672581,0.610688,0.525065,0.524536,0.519561,0.551246,0.593641,0.682519,0.628472,0.597440,0.591994,0.578380,0.617390,0.492069,0.685167,0.648800,0.681175,0.663885,0.508173,#
13,0.665241,0.613240,0.578930,0.611368,0.608443,0.647775,0.679483,0.591834,0.561407,0.701832,0.594401,0.665300,0.622432,1.000000,0.637706,0.627325,0.550091,0.740017,0.681209,0.627035,0.615889,0.533604,0.676495,0.629751,0.675238,0.508158,0.585901,0.693302,0.583030,0.705234,0.571646,0.586940,0.667967,0.717221,0.444436,0.631651,0.644479,0.693917,0.643345,0.690718,0.798404,0.554392,0.646658,0.689557,0.696724,0.624497,0.713459,0.672113,0.696753,0.651317,0.684165,0.666035,0.657347,0.592446,0.683038,0.744836,0.684309,0.751182,0.760901,0.677364,0.699792,0.661305,0.597886,0.732543,0.706399,0.773900,0.654916,0.700349,0.725836,0.555967,0.636371,0.651175,0.685440,0.671023,0.621047,0.599223,0.705809,0.726879,0.696338,0.649686,0.711704,0.649884,0.650686,0.804833,0.653840,0.725051,0.603593,0.547073,0.683392,0.615676,0.584665,0.726291,0.587397,0.637085,0.613454,0.669016,0.615015,0.603631,0.629810,0.684029,0.651570,0.723619,0.711075,0.706659,0.709708,0.676098,0.628758,0.721948,0.681061,0.607524,0.630552,0.695182,0.699913,0.633411,0.632715,0.744053,0.511476,0.640761,0.695025,0.653103,0.660453,0.665735,0.634387,0.677537,0.657810,0.677794,0.733253,0.603243,0.601588,0.628336,0.699556,0.644474,0.616386,0.673370,0.633928,0.577335,0.644253,0.721793,0.744030,0.580041,0.666350,0.739287,0.677098,0.739502,0.637253,0.656992,0.715385,0.574874,0.736571,0.646592,0.740907,0.681387,0.572546,0.612437,0.536394,0.570244,0.747604,0.706852,0.700989,0.607845,0.682992,0.747328,0.590962,0.732737,0.725982,0.643877,0.660368,0.611972,0.690177,0.691606,0.691414,0.751938,0.757199,0.639792,0.747337,0.659731,0.684678,0.706448,0.701486,0.701912,0.622234,0.694514,0.733025,0.587762,0.760740,0.692362,0.571464,0.690422,0.650687,0.652022,0.613285,0.614184,0.648504,0.709180,0.670622,0.592515,0.679347,0.683653,0.636387,0.556873,#
14,0.668744,0.718887,0.657505,0.646917,0.531063,0.688956,0.574272,0.638928,0.615335,0.714224,0.555750,0.671789,0.654722,0.637706,1.000000,0.651684,0.615980,0.632306,0.597378,0.595809,0.618278,0.604386,0.651463,0.732589,0.652998,0.484067,0.660182,0.678870,0.500017,0.614722,0.677321,0.598136,0.618890,0.652799,0.690581,0.672637,0.582103,0.690494,0.644602,0.596218,0.629523,0.617059,0.638894,0.691070,0.604681,0.611727,0.735288,0.631623,0.621877,0.620288,0.606679,0.549513,0.631179,0.721525,0.680218,0.655240,0.587194,0.652550,0.701431,0.611122,0.624712,0.730670,0.620731,0.561604,0.682611,0.641153,0.701747,0.687053,0.711455,0.620430,0.618116,0.571103,0.663896,0.617563,0.704915,0.628756,0.607563,0.713526,0.613592,0.537827,0.682476,0.623742,0.670772,0.710958,0.656094,0.717184,0.608345,0.611455,0.632740,0.499447,0.577511,0.612705,0.623834,0.688801,0.764663,0.613283,0.704385,0.595862,0.636260,0.639050,0.703777,0.723754,0.684814,0.574145,0.619414,0.700067,0.536934,0.633077,0.744558,0.618272,0.702496,0.700253,0.679477,0.604111,0.531000,0.631778,0.456721,0.532971,0.583092,0.636605,0.577631,0.704142,0.587629,0.626633,0.689155,0.565689,0.726894,0.625283,0.548715,0.611860,0.598135,0.668000,0.566223,0.562517,0.622341,0.593475,0.673226,0.623583,0.644669,0.603506,0.685186,0.653040,0.539130,0.688040,0.611855,0.733843,0.732273,0.523779,0.688332,0.522032,0.693183,0.648631,0.547358,0.575300,0.637288,0.601217,0.584433,0.628059,0.604048,0.599478,0.680362,0.673570,0.629381,0.594226,0.605282,0.549131,0.584120,0.618098,0.480225,0.700218,0.638122,0.642145,0.667622,0.693245,0.710774,0.559502,0.651834,0.703938,0.574248,0.672673,0.544795,0.701727,0.662675,0.649069,0.663505,0.588900,0.687723,0.604137,0.711995,0.573344,0.628427,0.574473,0.641329,0.606978,0.532257,0.659337,0.626110,0.649851,0.573540,0.444227,#
15,0.727287,0.714947,0.645888,0.777204,0.642882,0.777548,0.656996,0.594816,0.674990,0.690144,0.602880,0.716129,0.647618,0.627325,0.651684,1.000000,0.712690,0.766247,0.753698,0.662783,0.635740,0.692920,0.665305,0.694885,0.733749,0.575419,0.684689,0.611144,0.525161,0.585464,0.782301,0.714361,0.707450,0.765059,0.614485,0.794076,0.698820,0.724851,0.687139,0.653205,0.600917,0.552407,0.584229,0.630976,0.754147,0.640400,0.739452,0.756566,0.766988,0.706727,0.716438,0.576587,0.686820,0.676365,0.667474,0.702441,0.650096,0.745079,0.741991,0.639319,0.659852,0.673905,0.590470,0.737705,0.674170,0.763311,0.668939,0.698766,0.695688,0.601308,0.740874,0.697104,0.702525,0.612726,0.688808,0.565268,0.727298,0.674272,0.724064,0.661975,0.675017,0.674729,0.766388,0.737545,0.731111,0.774788,0.644721,0.632033,0.593146,0.646584,0.556890,0.578277,0.643692,0.692056,0.618375,0.666774,0.694584,0.639009,0.673352,0.729711,0.712123,0.703294,0.708374,0.724712,0.669301,0.683532,0.617757,0.754089,0.669602,0.707308,0.649716,0.659986,0.718500,0.632845,0.660463,0.667351,0.588031,0.639917,0.650122,0.647578,0.560074,0.656514,0.698656,0.728674,0.771237,0.685999,0.741593,0.606650,0.771261,0.673346,0.702235,0.696813,0.591259,0.648401,0.705022,0.653151,0.700565,0.707062,0.718649,0.644363,0.686785,0.665979,0.654089,0.740906,0.690693,0.741373,0.652912,0.638230,0.739994,0.715990,0.745708,0.696041,0.654690,0.680806,0.715278,0.635930,0.751328,0.649988,0.750884,0.568322,0.673545,0.812000,0.718026,0.700777,0.751999,0.699602,0.670832,0.621057,0.682587,0.684758,0.708361,0.762652,0.764299,0.732287,0.734676,0.663642,0.686327,0.689493,0.703953,0.731886,0.669427,0.695509,0.616227,0.749763,0.649739,0.555450,0.626209,0.652272,0.739981,0.720316,0.635294,0.679600,0.698924,0.711545,0.670077,0.626216,0.675055,0.694037,0.700218,0.677910,#
16,0.715371,0.632311,0.711786,0.709230,0.632559,0.648345,0.740005,0.573554,0.661376,0.688311,0.674746,0.680070,0.572493,0.550091,0.615980,0.712690,1.000000,0.733766,0.734166,0.620014,0.736646,0.656385,0.564179,0.735779,0.666422,0.636342,0.693000,0.536338,0.550878,0.574607,0.772323,0.697414,0.705786,0.575047,0.687426,0.706060,0.687909,0.721706,0.624223,0.717422,0.583654,0.646833,0.637545,0.687136,0.608614,0.648781,0.705613,0.734007,0.691383,0.749443,0.644690,0.600847,0.724921,0.666063,0.722529,0.728078,0.528094,0.681448,0.677517,0.605510,0.734210,0.695801,0.649764,0.619923,0.685867,0.637031,0.776362,0.725513,0.736865,0.659044,0.721903,0.725304,0.716573,0.595584,0.688287,0.629124,0.673200,0.700226,0.622777,0.700880,0.778511,0.683737,0.660841,0.741751,0.741359,0.687676,0.690103,0.634335,0.626927,0.715694,0.577759,0.646751,0.698818,0.676748,0.662242,0.767279,0.686869,0.559628,0.747777,0.663947,0.687254,0.675637,0.632699,0.667165,0.632487,0.736837,0.745092,0.676269,0.758078,0.655267,0.705058,0.676324,0.650340,0.747260,0.660029,0.730149,0.628408,0.664188,0.583953,0.478600,0.535770,0.642266,0.602767,0.712104,0.713663,0.646076,0.657070,0.527056,0.659792,0.643854,0.729398,0.640179,0.690849,0.642834,0.764883,0.774700,0.648442,0.643243,0.703966,0.666441,0.671744,0.677602,0.700165,0.674304,0.577995,0.652389,0.664783,0.704261,0.646857,0.596415,0.664325,0.723472,0.531653,0.663491,0.762338,0.613546,0.620387,0.652329,0.627376,0.577988,0.632716,0.652915,0.718749,0.650821,0.709729,0.708813,0.707287,0.584222,0.646565,0.714676,0.629628,0.646045,0.702540,0.676329,0.698624,0.641769,0.571581,0.720596,0.636136,0.712490,0.632431,0.677213,0.670229,0.624671,0.611920,0.638922,0.717676,0.669276,0.722575,0.657179,0.758822,0.600951,0.743742,0.660233,0.637245,0.735623,0.688496,0.760068,0.668836,0.698413,#
17,0.785172,0.655848,0.693933,0.663664,0.735022,0.733051,0.770311,0.642845,0.742058,0.709918,0.632932,0.759356,0.691931,0.740017,0.632306,0.766247,0.733766,1.000000,0.678628,0.761932,0.691837,0.611079,0.747377,0.799057,0.808060,0.626582,0.729178,0.680675,0.579122,0.724326,0.797729,0.738287,0.679425,0.648068,0.633275,0.759516,0.706238,0.799573,0.699105,0.788660,0.653058,0.625395,0.707988,0.762486,0.718919,0.615179,0.790032,0.829551,0.775663,0.793978,0.750488,0.608031,0.734045,0.686948,0.752157,0.776562,0.667538,0.750790,0.737084,0.683140,0.706684,0.720306,0.704207,0.739232,0.718214,0.822272,0.818689,0.748547,0.786698,0.654820,0.756235,0.732974,0.764675,0.678739,0.705219,0.661387,0.787389,0.805146,0.687651,0.750674,0.777177,0.722617,0.767402,0.818353,0.744611,0.725718,0.698333,0.727821,0.651043,0.728217,0.729696,0.688577,0.655279,0.701329,0.625220,0.792524,0.761276,0.614170,0.706238,0.803165,0.743064,0.788979,0.730279,0.785039,0.683229,0.632166,0.722721,0.769268,0.677531,0.735465,0.670236,0.701043,0.758456,0.728560,0.679976,0.767831,0.612983,0.676061,0.703546,0.672437,0.650095,0.703497,0.706130,0.833232,0.761416,0.753669,0.706899,0.703247,0.681146,0.695687,0.768519,0.770118,0.715271,0.677269,0.717456,0.651376,0.735981,0.708462,0.742147,0.712988,0.764533,0.701793,0.768451,0.760528,0.718509,0.718044,0.737187,0.658471,0.788554,0.703178,0.802859,0.760548,0.682555,0.676397,0.683474,0.740303,0.806543,0.711185,0.764670,0.662165,0.740724,0.743792,0.732154,0.678789,0.801902,0.742438,0.656788,0.612194,0.678899,0.746735,0.718438,0.735433,0.746669,0.719324,0.813574,0.600815,0.712852,0.777430,0.701412,0.718769,0.740160,0.759288,0.729920,0.705814,0.747037,0.645451,0.704210,0.795131,0.709314,0.702726,0.720082,0.740923,0.761836,0.747139,0.708507,0.715181,0.775973,0.767036,0.731407,0.662636,#
18,0.719414,0.695518,0.664540,0.732814,0.585548,0.717712,0.674547,0.615586,0.615746,0.640284,0.760548,0.755051,0.673919,0.681209,0.597378,0.753698,0.734166,0.678628,1.000000,0.627347,0.677234,0.707492,0.659658,0.678665,0.672772,0.667814,0.785654,0.652734,0.591323,0.681047,0.691008,0.703591,0.745273,0.751934,0.698908,0.806793,0.701379,0.698847,0.693455,0.727247,0.703933,0.639146,0.694257,0.625710,0.718646,0.668947,0.773883,0.742642,0.756277,0.690563,0.683803,0.554269,0.729608,0.603373,0.770142,0.749166,0.667210,0.713164,0.705325,0.749747,0.750087,0.644792,0.655646,0.723872,0.724282,0.697411,0.691739,0.749373,0.775340,0.711156,0.777618,0.720138,0.725820,0.570949,0.731331,0.644355,0.751208,0.673458,0.683662,0.646906,0.757843,0.641993,0.653231,0.785553,0.794080,0.728879,0.710094,0.641068,0.738508,0.703377,0.663216,0.638358,0.776815,0.716632,0.614088,0.701270,0.663572,0.723916,0.771309,0.700094,0.669937,0.654477,0.703837,0.720912,0.682846,0.701074,0.664439,0.712272,0.703816,0.727369,0.754029,0.706336,0.757445,0.691879,0.610248,0.730440,0.676844,0.692616,0.713671,0.664127,0.597746,0.700449,0.646890,0.778940,0.682287,0.679350,0.786069,0.567173,0.758464,0.669483,0.756391,0.708675,0.722773,0.674728,0.708752,0.659631,0.736820,0.686179,0.759029,0.715920,0.689416,0.703960,0.647689,0.800643,0.656118,0.685852,0.661641,0.633179,0.764287,0.623371,0.681336,0.706957,0.645316,0.559485,0.711654,0.710566,0.712133,0.756907,0.658506,0.591101,0.744910,0.774547,0.776402,0.741763,0.736155,0.683003,0.807187,0.619427,0.597256,0.740388,0.668559,0.735551,0.729715,0.709445,0.681887,0.681905,0.663653,0.716455,0.763241,0.753166,0.640265,0.731647,0.702491,0.596290,0.697076,0.721547,0.645450,0.694811,0.700299,0.738399,0.663793,0.701841,0.675442,0.748457,0.672922,0.684871,0.677758,0.761201,0.690879,0.656912,#
19,0.628562,0.692512,0.643026,0.600720,0.659679,0.679724,0.602148,0.578021,0.616085,0.561103,0.608161,0.616363,0.574748,0.627035,0.595809,0.662783,0.620014,0.761932,0.627347,1.000000,0.653287,0.578042,0.610402,0.658490,0.612748,0.528682,0.642413,0.623398,0.566615,0.596031,0.748339,0.770661,0.632151,0.582040,0.505185,0.754443,0.568464,0.676661,0.642919,0.629141,0.607818,0.584477,0.590712,0.718913,0.625368,0.630568,0.798556,0.715338,0.637130,0.571091,0.570212,0.524916,0.699252,0.582569,0.658109,0.593876,0.634332,0.709462,0.661251,0.553816,0.633227,0.574913,0.668556,0.667212,0.637241,0.729535,0.655469,0.568757,0.700122,0.660874,0.619497,0.645387,0.646249,0.571400,0.639460,0.508085,0.601415,0.631221,0.565625,0.604228,0.698431,0.571754,0.724368,0.632542,0.643997,0.570928,0.650772,0.660166,0.704537,0.599173,0.622563,0.606956,0.605955,0.691671,0.580371,0.612192,0.662131,0.512660,0.619306,0.675836,0.635862,0.691694,0.647554,0.633600,0.619520,0.529529,0.593292,0.634416,0.610017,0.603689,0.640022,0.596609,0.655967,0.646839,0.682028,0.628321,0.593860,0.610704,0.594330,0.553163,0.638944,0.636543,0.537206,0.829426,0.643852,0.648731,0.629851,0.529143,0.742888,0.743854,0.686602,0.708993,0.639502,0.681581,0.661079,0.655357,0.566251,0.636873,0.640511,0.632499,0.659248,0.614912,0.644344,0.675576,0.600028,0.621879,0.546363,0.518363,0.654110,0.574490,0.627732,0.700539,0.577278,0.524068,0.648232,0.555189,0.717046,0.661840,0.596437,0.528963,0.577509,0.698393,0.575129,0.605331,0.658068,0.592817,0.604174,0.647117,0.571831,0.631713,0.621104,0.708827,0.697370,0.591634,0.700831,0.431165,0.616420,0.711929,0.626566,0.588274,0.532522,0.595786,0.671067,0.704307,0.564801,0.569712,0.572302,0.692154,0.676468,0.654374,0.636096,0.554819,0.636157,0.661373,0.640376,0.656777,0.617479,0.635782,0.609256,0.541502,#
20,0.726096,0.675360,0.536488,0.574012,0.549975,0.605371,0.692181,0.615302,0.604414,0.689518,0.653473,0.602780,0.586715,0.615889,0.618278,0.635740,0.736646,0.691837,0.677234,0.653287,1.000000,0.611725,0.588499,0.696264,0.655789,0.611003,0.652315,0.667879,0.471304,0.671146,0.652432,0.634364,0.595377,0.645077,0.643081,0.667363,0.646080,0.652886,0.636821,0.694666,0.601985,0.685701,0.609620,0.767187,0.671695,0.610591,0.690073,0.754634,0.645521,0.652861,0.631322,0.654079,0.615922,0.618038,0.624317,0.684356,0.587635,0.665889,0.638160,0.588730,0.720019,0.651184,0.750255,0.586796,0.700378,0.707391,0.753637,0.631603,0.726900,0.504540,0.633175,0.696423,0.627283,0.580957,0.640346,0.544118,0.603925,0.705735,0.650396,0.670783,0.673188,0.695139,0.619956,0.739771,0.612979,0.668527,0.703238,0.613452,0.686729,0.716397,0.621586,0.630497,0.586402,0.710379,0.663056,0.663049,0.595909,0.485603,0.620718,0.675976,0.689452,0.709305,0.643291,0.743108,0.708888,0.558539,0.678605,0.720017,0.705002,0.689862,0.662327,0.703980,0.618328,0.596513,0.631799,0.658487,0.543417,0.649243,0.520678,0.527789,0.641426,0.656848,0.547694,0.749300,0.683959,0.657020,0.569901,0.509553,0.587496,0.609548,0.623079,0.595766,0.675003,0.688899,0.711426,0.595753,0.546470,0.717263,0.684639,0.708954,0.667818,0.549340,0.641169,0.731890,0.625326,0.632689,0.686997,0.642772,0.678212,0.655600,0.687368,0.651299,0.635740,0.557752,0.731239,0.633406,0.612297,0.699033,0.607240,0.571461,0.659314,0.693200,0.630556,0.639495,0.758915,0.552934,0.606377,0.549760,0.552992,0.710465,0.593285,0.612702,0.730154,0.679985,0.686274,0.548629,0.617714,0.715666,0.616192,0.743319,0.534821,0.633597,0.652723,0.588696,0.565430,0.650833,0.643613,0.701092,0.620352,0.585737,0.609799,0.576227,0.641121,0.678853,0.631639,0.640924,0.718542,0.725837,0.653767,0.623653,#
21,0.614405,0.755015,0.645635,0.657865,0.541551,0.693903,0.578702,0.537010,0.694226,0.555373,0.625102,0.629002,0.500924,0.533604,0.604386,0.692920,0.656385,0.611079,0.707492,0.578042,0.611725,1.000000,0.673674,0.713221,0.604533,0.465960,0.740166,0.604617,0.543315,0.572276,0.663442,0.559095,0.634972,0.648884,0.638641,0.731753,0.567868,0.614971,0.600537,0.604825,0.551196,0.639900,0.609044,0.660147,0.680925,0.622307,0.652753,0.711434,0.646394,0.656731,0.553120,0.604577,0.672962,0.596618,0.632077,0.678287,0.615257,0.618008,0.765372,0.563486,0.582399,0.705190,0.558739,0.563343,0.681114,0.584994,0.635749,0.641071,0.679211,0.683241,0.651326,0.688952,0.678114,0.604931,0.698419,0.610980,0.666359,0.646687,0.645128,0.592315,0.621010,0.624331,0.708987,0.682299,0.738321,0.633666,0.599879,0.652370,0.727839,0.720866,0.489731,0.535349,0.657432,0.594489,0.629308,0.649832,0.621599,0.582019,0.661136,0.687630,0.656233,0.671033,0.555185,0.702954,0.546987,0.661117,0.604425,0.665931,0.551609,0.680397,0.675541,0.628017,0.703062,0.665973,0.495131,0.517497,0.570864,0.744386,0.564556,0.604677,0.549121,0.522315,0.590129,0.650433,0.618526,0.558718,0.636812,0.581117,0.615914,0.680632,0.666077,0.682461,0.523615,0.637898,0.746732,0.563166,0.615123,0.571451,0.621127,0.624576,0.702451,0.629394,0.586540,0.622748,0.543442,0.581344,0.666781,0.535594,0.639693,0.611949,0.661431,0.720991,0.609714,0.598028,0.589356,0.597039,0.666580,0.651738,0.550258,0.543352,0.661917,0.672564,0.685513,0.652372,0.747293,0.595660,0.675548,0.589965,0.463898,0.646305,0.649712,0.627602,0.686477,0.645251,0.570703,0.556487,0.516463,0.671976,0.676760,0.690974,0.577554,0.687707,0.582504,0.701318,0.559465,0.614169,0.695793,0.538279,0.628072,0.640681,0.617078,0.526763,0.605997,0.671058,0.627153,0.637103,0.625877,0.675279,0.486922,0.694866,#
