0,1.000000,0.267486,0.169567,0.235706,0.123560,0.235680,0.341361,0.341958,0.346934,0.023872,0.259769,0.427521,0.319699,0.325336,0.040608,0.268817,0.306343,0.371579,0.316532,0.307473,0.185811,0.265979,0.350179,0.171939,0.028530,0.229114,-0.031277,0.196881,0.303147,0.179593,0.118479,0.349124,0.210027,0.301455,0.251357,0.117414,0.238539,0.250967,0.372634,0.337846,0.377495,0.233615,0.361674,0.066829,0.299411,0.120225,0.246491,0.222313,0.351869,0.247613,0.315856,0.356704,0.340497,0.363391,0.315085,0.297743,0.332380,0.440688,0.297415,0.270059,0.275765,0.140078,0.268036,0.191562,0.415403,0.144923,0.406650,0.116004,0.137464,0.052492,0.221511,0.434603,0.309597,0.374066,0.083245,0.341427,0.416315,0.035184,0.421046,0.215329,0.134762,0.316895,0.427154,0.315813,0.230362,0.338102,0.258293,0.333030,0.292432,0.463709,0.153037,0.215264,0.190655,0.049589,0.222511,0.131730,0.228252,0.264950,0.180373,0.376376,0.242437,0.196733,0.280267,0.275076,0.216764,0.406309,0.004243,0.349492,0.174816,-0.113633,0.244982,0.364027,0.230345,0.341227,0.443181,0.413765,0.411936,0.325495,0.386262,0.343538,0.225506,0.386097,0.460791,0.351065,0.398258,0.308998,0.075821,0.278651,0.301852,0.298776,0.386097,0.229872,0.248361,0.216258,0.288796,0.461668,0.180317,0.446300,0.245845,0.328613,0.122972,0.077832,0.210205,0.250092,0.200339,-0.041397,0.243866,0.048762,0.218563,0.312258,0.389795,0.380852,0.308576,0.353028,0.249213,0.205705,0.369834,0.309861,0.532978,0.282425,0.345160,0.354990,0.320998,0.267166,0.518380,0.139604,0.348240,0.384795,0.300972,0.028578,0.255309,0.256542,0.285401,0.480739,0.338082,0.344767,0.339582,0.376338,0.156955,-0.023764,0.297527,0.245892,0.155158,0.218105,0.231801,0.077022,0.198730,0.118008,0.293441,0.042613,0.208651,0.268931,0.182627,0.315523,0.297939,0.299699,0.161589,0.395493,0.227918,0.348394,#
1,0.267486,1.000000,0.386862,0.375539,0.395779,0.357182,0.252341,0.428316,0.617352,0.323022,0.426207,0.248174,0.507133,0.424756,0.405206,0.424282,0.408108,0.324306,0.486058,0.488814,0.318475,0.480728,0.443018,0.246120,0.236071,0.204088,0.316695,0.459695,0.456795,0.323049,0.362851,0.532169,0.423184,0.460864,0.292674,0.366453,0.349844,0.484530,0.632495,0.226681,0.337571,0.136863,0.371633,0.161600,0.336551,0.316839,0.281672,0.207423,0.444866,0.325331,0.192696,0.459089,0.341670,0.332260,0.505337,0.202608,0.395574,0.264162,0.201536,0.034757,0.496443,0.387342,0.034595,0.318866,0.346606,0.435239,0.286215,0.287220,0.292047,0.416511,0.357939,0.435709,0.459612,0.252257,0.489285,0.455090,0.375882,0.240736,0.322874,0.352697,0.389265,0.192118,0.514771,0.318790,0.461472,0.303742,0.281839,0.436889,0.368513,0.333283,0.330636,0.280902,0.539868,0.352465,0.458504,0.195344,0.297647,0.475484,0.365574,0.429367,0.511712,0.202478,0.347066,0.338762,0.268479,0.508585,0.136678,0.417988,0.361804,0.146379,0.338439,0.211251,0.248343,0.486675,0.384362,0.205774,0.345315,0.292417,0.382396,0.327598,0.404427,0.265640,0.291625,0.290587,0.385473,0.292777,0.227527,0.192665,0.513452,0.430486,0.270891,0.494772,0.139742,0.187386,0.489798,0.468724,0.240202,0.306721,0.378798,0.185920,0.490030,0.346958,0.459374,0.579016,0.274836,0.282475,0.267802,0.212855,0.461581,0.344075,0.388209,0.538261,0.414998,0.330115,0.412380,0.374019,0.501092,0.301320,0.402133,0.322698,0.462424,0.423029,0.396067,0.487290,0.234947,0.184911,0.487162,0.359706,0.377037,0.086168,0.375424,0.365240,0.347825,0.247224,0.406235,0.508354,0.391857,0.654507,-0.046063,0.015543,0.456409,0.370160,0.405311,0.402706,0.243463,0.346285,0.384824,0.184090,0.335509,0.341976,0.498653,0.416248,0.313155,0.458324,0.469134,0.191581,0.194140,0.340236,0.285543,0.290661,#
2,0.169567,0.386862,1.000000,0.299791,0.247269,0.290657,0.266496,0.254590,0.522470,0.146435,0.052170,0.150471,0.238433,0.321809,0.193416,0.349809,0.078919,0.325982,0.242129,0.292571,0.100187,0.194425,0.256347,0.314247,0.195676,0.275560,0.337109,0.355620,0.435203,0.148460,0.382291,0.308502,0.228768,0.209959,0.197872,0.143237,0.225205,0.237279,0.407441,0.304736,0.168761,0.203544,0.434406,0.205892,0.061688,0.108400,0.286140,0.078629,0.212324,0.308851,0.359185,0.368706,0.389533,0.384044,0.360786,0.305938,0.251413,0.099694,0.201834,0.293268,0.508628,0.177773,-0.080376,0.293975,0.098879,0.320396,0.142395,0.429317,0.233676,0.405400,0.280620,0.293424,0.243988,0.314947,0.201887,0.123355,0.193626,0.106254,0.348241,0.206302,0.233924,0.257654,0.411413,0.291036,0.519017,0.219875,-0.063087,0.484767,0.053345,0.285757,0.325476,0.156521,0.537671,0.329906,0.286927,0.215911,0.222823,0.202262,0.417667,0.210553,0.299994,0.146546,0.189440,0.061240,0.020131,0.266787,0.256331,0.274820,0.152032,-0.030983,0.329385,0.144171,0.311200,0.246609,0.174635,0.124346,0.277586,0.414614,0.272769,0.110242,0.288076,0.040191,0.241687,0.410348,0.279809,0.145372,0.099421,0.256618,0.340395,0.379396,0.455285,0.194279,0.359142,0.330294,0.310815,0.359392,0.335169,0.417847,0.468168,0.318903,0.020765,0.373669,0.154594,0.170238,0.180996,0.345495,0.081493,0.147017,0.261980,0.316338,0.314214,0.292671,0.282500,0.384507,0.319135,0.214687,0.234763,0.035221,0.277181,0.108344,0.171904,0.203545,0.258637,0.281550,0.192076,0.172301,0.350144,0.186745,0.273416,0.186238,0.310147,0.185304,0.314207,0.220996,0.386437,0.352500,0.259574,0.328370,0.145096,0.061904,0.189404,0.434089,0.036852,0.491502,0.192884,0.249559,0.259478,0.075991,0.344483,0.203743,0.366906,0.314561,0.507931,0.309267,0.224035,0.188367,0.103021,0.208970,0.191114,0.472174,#
3,0.235706,0.375539,0.299791,1.000000,0.500262,0.423556,0.361955,0.419223,0.609142,0.339156,0.490856,0.238147,0.391788,0.457723,0.163871,0.388537,0.242190,0.297069,0.458208,0.465192,0.107276,0.226337,0.455137,0.204411,0.239412,0.373522,0.308230,0.461656,0.301504,0.405606,0.269487,0.513920,0.261372,0.392714,0.412436,0.310483,0.301700,0.421947,0.326503,0.479248,0.419185,0.121980,0.432461,0.513561,0.291873,0.446632,0.423926,0.151810,0.395342,0.174594,0.498077,0.315988,0.458326,0.279859,0.282578,0.540634,0.351564,0.343226,0.453561,0.418259,0.368793,0.182335,0.186079,0.475231,0.498079,0.392939,0.224268,0.333103,0.065772,0.207057,0.153776,0.387135,0.505655,0.325761,0.081931,0.337151,0.260754,0.212291,0.227639,0.356999,0.392666,0.263439,0.405830,0.277875,0.416777,0.467709,0.344426,0.410558,0.226007,0.307041,0.404429,0.443754,0.446051,0.424309,0.273621,0.280232,0.091757,0.391329,0.480916,0.389631,0.199055,0.421236,0.290379,0.137811,0.499871,0.298866,0.012188,0.274485,0.336313,0.144405,0.209791,0.242948,0.194694,0.276978,0.225568,0.463203,0.287715,0.133545,0.400169,0.210210,0.359153,0.374788,0.388511,0.229743,0.290574,0.405906,0.219297,0.529955,0.348798,0.189441,0.430610,0.320151,0.196693,0.244142,0.349225,0.447113,0.431145,0.331781,0.198942,0.275205,0.141744,0.504328,0.502357,0.219647,0.292738,0.491411,0.118412,0.352978,0.452386,0.390124,0.389156,0.493919,0.310825,0.452955,0.224427,0.135175,0.440715,0.267908,0.501002,0.277512,0.452408,0.385737,0.243052,0.269646,0.278034,0.344345,0.507765,0.276456,0.475009,0.104264,0.346683,0.439914,0.323325,0.292670,0.415593,0.310505,0.541681,0.433599,0.253551,0.115017,0.192045,0.365713,0.221800,0.432357,0.357174,0.484911,0.276199,0.099513,0.364965,0.544192,0.473656,0.404618,0.170605,0.108885,0.382876,0.414814,0.264987,0.377430,0.210020,0.376262,#
4,0.123560,0.395779,0.247269,0.500262,1.000000,0.472002,0.373850,0.479835,0.504691,0.279628,0.219361,0.406874,0.535580,0.390341,0.222753,0.399892,0.442488,0.477826,0.386021,0.545490,0.329616,0.257350,0.487610,0.463165,0.284276,0.421655,0.392671,0.254773,0.471236,0.385551,0.490774,0.508194,0.464539,0.355489,0.385634,0.358755,0.469695,0.499028,0.365492,0.353010,0.480280,0.052373,0.272061,0.394950,0.123101,0.348956,0.316444,0.378672,0.540005,0.366780,0.535478,0.382359,0.508520,0.299578,0.479400,0.488039,0.378062,0.390174,0.319562,0.288983,0.201251,0.202330,0.273747,0.296614,0.505206,0.551529,0.442609,0.241910,0.319113,0.339124,0.169105,0.371677,0.393686,0.511864,0.253246,0.246722,0.287617,0.374368,0.368255,0.494007,0.257222,0.300187,0.491098,0.322910,0.355290,0.422279,0.063538,0.181769,0.267267,0.360762,0.397812,0.486151,0.368984,0.364064,0.202254,0.291775,0.373432,0.320304,0.295005,0.376443,0.416347,0.385067,0.433395,0.203030,0.206252,0.347399,0.338083,0.371942,0.499215,0.218481,0.305565,0.239344,0.227199,0.510019,0.498778,0.352815,0.443991,0.363703,0.457604,0.146445,0.352117,0.211398,0.565476,0.231732,0.336404,0.530611,0.191403,0.549062,0.513142,0.394068,0.460143,0.331673,0.206936,0.290296,0.500768,0.463209,0.439852,0.450724,0.323244,0.190593,0.264824,0.434437,0.477037,0.331550,0.312343,0.294089,0.435793,0.363879,0.319089,0.485388,0.437300,0.486291,0.159616,0.375392,0.369775,0.474017,0.614761,0.242582,0.393601,0.312917,0.326353,0.336648,0.544013,0.257877,0.379697,0.284994,0.313976,0.264840,0.515695,0.235014,0.401421,0.415905,0.395775,0.278744,0.481607,0.328665,0.691943,0.454536,0.294191,0.140732,0.294075,0.327553,0.358784,0.296055,0.472704,0.421193,0.445744,0.369092,0.429203,0.392267,0.316508,0.337811,0.268092,0.272563,0.203865,0.345167,0.302818,0.401419,0.488568,0.188235,#
5,0.235680,0.357182,0.290657,0.423556,0.472002,1.000000,0.146135,0.333829,0.512831,-0.047144,0.289079,0.345709,0.159296,0.086417,0.296752,0.545416,0.283249,0.338959,0.175155,0.504539,0.150673,0.264242,0.196313,0.175449,0.168286,0.357805,0.353962,0.265880,0.270251,0.172076,0.439619,0.528361,0.321132,0.244411,0.351639,0.343894,0.373848,0.317785,0.366263,0.253770,0.458898,0.095474,0.223955,0.067412,0.228294,0.456543,0.343427,0.192398,0.515725,0.040062,0.307547,0.345836,0.253275,0.443058,0.216574,0.507168,0.341045,0.374881,0.368892,0.192995,0.397419,0.330349,0.241228,0.443891,0.351584,0.342704,0.194193,0.192822,-0.009946,0.270969,0.349700,0.339067,0.320023,0.304911,0.043329,0.334862,0.508874,0.072138,0.192776,0.335858,0.430193,0.185976,0.456188,0.147615,0.381080,0.344666,0.281984,0.430369,0.282469,0.214119,0.248971,0.277516,0.431667,0.364307,0.263894,0.061905,0.276052,0.187706,0.361566,0.219970,0.335614,0.312417,0.566861,0.177226,0.256142,0.336069,0.095310,0.211820,0.165123,0.136139,0.204158,0.327278,0.193728,0.214783,0.130354,0.255276,0.371705,0.235501,0.300214,0.323149,0.241087,0.116467,0.379507,0.311035,0.181291,0.343030,0.190918,0.414609,0.453305,0.429828,0.405896,0.368330,0.247350,0.323189,0.366720,0.352743,0.421620,0.348903,0.136628,0.321431,0.205327,0.112424,0.364792,0.314119,0.336906,0.150054,0.204070,0.217801,0.311508,0.382340,0.357851,0.313807,0.061889,0.441342,0.345954,0.111567,0.504228,0.180641,0.327181,0.320330,0.326951,0.357258,0.330299,0.099772,0.363874,0.120560,0.216479,0.411914,0.422019,0.166143,0.201978,0.318355,0.239774,0.285737,0.542341,0.251115,0.288031,0.318213,0.129184,0.114460,0.287955,0.389496,0.292769,0.255209,0.417265,0.239236,0.393010,0.085405,0.191862,0.487007,0.139335,0.319321,0.123387,0.286786,0.025762,0.331950,0.091708,0.185292,0.192697,0.191676,#
6,0.341361,0.252341,0.266496,0.361955,0.373850,0.146135,1.000000,0.236319,0.385482,0.093766,0.175912,0.231376,0.458570,0.388590,0.096155,0.137629,0.302727,0.406310,0.318287,0.303233,0.304102,0.194264,0.181744,0.379902,0.217564,0.189032,0.114096,0.307126,0.357693,0.284312,0.324687,0.453450,0.258498,0.357908,0.441868,0.228527,0.223752,0.205838,0.248132,0.417177,0.253598,0.389457,0.308006,0.215864,0.344090,0.097626,0.360362,0.011207,0.524792,0.336295,0.421437,0.499340,0.457846,0.078142,0.485393,0.355161,0.340441,0.355984,0.406018,0.262359,0.150011,0.247192,0.017759,0.125860,0.484509,0.308356,0.542364,0.127218,0.290774,0.236956,0.037455,0.317683,0.262879,0.434885,0.145170,0.204677,0.316892,0.137415,0.293798,0.229896,0.093107,0.272220,0.356192,0.333767,0.259159,0.372071,0.109524,0.148609,0.495489,0.423850,0.180612,0.317881,0.121515,0.210714,0.253047,0.272378,0.325455,0.270327,0.305688,0.202693,0.392814,0.290830,0.321351,0.199803,0.204493,0.148730,0.240092,0.187276,0.313666,0.089098,0.172289,0.099866,0.072455,0.430228,0.383355,0.127143,0.404849,0.391230,0.393568,0.298631,0.379486,0.290072,0.274895,0.362740,0.514213,0.393247,0.143868,0.330789,0.145587,0.319283,0.228581,0.288189,0.285951,0.146778,0.301256,0.457124,0.360469,0.341539,0.411565,0.225562,0.377507,0.255626,0.328413,0.283881,0.293646,0.326129,0.121401,0.175318,0.158420,0.259918,0.303141,0.460998,0.184370,0.357905,0.134907,0.298057,0.456309,0.170608,0.422219,0.225431,0.423211,0.304303,0.309521,0.286388,0.318177,0.291789,0.401345,0.250655,0.353610,0.123281,0.340238,0.227761,0.192681,0.161842,0.175601,0.263551,0.516548,0.433639,0.203446,0.018669,0.253787,0.224349,0.375609,0.414436,0.126450,0.249176,0.199359,0.359730,0.227186,0.169467,0.132794,0.256139,0.246734,0.237137,0.276134,0.262063,0.103688,0.365757,0.363982,0.268110,#
7,0.341958,0.428316,0.254590,0.419223,0.479835,0.333829,0.236319,1.000000,0.538546,0.305858,0.216930,0.409474,0.393011,0.432467,0.325807,0.318826,0.424285,0.360535,0.606905,0.474687,0.232115,0.340758,0.574616,0.360055,0.355311,0.419125,0.268379,0.448998,0.374481,0.398590,0.114851,0.444124,0.345534,0.312960,0.341016,0.203893,0.472874,0.331090,0.358575,0.269141,0.542709,0.112584,0.384636,0.333118,0.275262,0.437861,0.316645,0.317830,0.312051,0.120254,0.340876,0.349634,0.384427,0.382612,0.403880,0.353745,0.353044,0.436182,0.253875,0.296101,0.320019,0.274446,0.217439,0.209568,0.430187,0.465920,0.445689,0.409367,0.294595,0.416095,0.373790,0.050401,0.433525,0.411553,0.304312,0.238085,0.492674,0.078226,0.442756,0.227468,0.336585,0.366904,0.497922,0.187581,0.527450,0.282670,0.407791,0.384628,0.243063,0.424280,0.404060,0.389948,0.407189,0.367874,0.471712,0.264865,0.368205,0.546704,0.380618,0.360002,0.570764,0.191105,0.364617,0.286096,0.249212,0.462530,0.233198,0.411266,0.316007,-0.067112,0.512912,0.259542,0.356901,0.495367,0.327245,0.293711,0.398838,0.226564,0.300422,0.400565,0.374552,0.308676,0.424385,0.456575,0.446961,0.347464,0.273073,0.407871,0.414783,0.292149,0.466708,0.281618,0.236162,0.155048,0.459623,0.631556,0.576798,0.369967,0.320089,0.343033,0.288400,0.438433,0.440244,0.197151,0.324250,0.369321,0.335019,0.196694,0.375434,0.358298,0.325378,0.579098,0.311063,0.383964,0.401376,0.402889,0.356109,0.299849,0.537120,0.135645,0.496235,0.325574,0.576823,0.186951,0.507359,0.277804,0.479768,0.416771,0.347158,0.021137,0.426421,0.551093,0.252491,0.333591,0.361243,0.512974,0.441532,0.440363,0.236149,0.074708,0.410872,0.184672,0.374697,0.400184,0.290113,0.384084,0.356787,0.333503,0.428251,0.348774,0.474421,0.498299,0.238325,0.177242,0.184181,0.255577,0.240632,0.379382,0.356289,0.329385,#
8,0.346934,0.617352,0.522470,0.609142,0.504691,0.512831,0.385482,0.538546,1.000000,0.485171,0.359493,0.439547,0.535420,0.428435,0.408954,0.424793,0.400970,0.414195,0.438569,0.579019,0.337832,0.439537,0.400824,0.378086,0.057893,0.538178,0.393526,0.631848,0.405606,0.379670,0.303131,0.538654,0.486075,0.480474,0.467995,0.315507,0.408585,0.434895,0.457795,0.425026,0.516824,0.327234,0.589448,0.371336,0.332155,0.302785,0.344224,0.224157,0.511281,0.372039,0.386922,0.475710,0.444492,0.548587,0.464853,0.467361,0.324590,0.510390,0.436804,0.284973,0.459175,0.403239,0.283549,0.414212,0.446972,0.530608,0.429097,0.426353,0.335381,0.524566,0.232593,0.489592,0.517834,0.583564,0.266965,0.369629,0.398182,0.394217,0.398764,0.426245,0.275686,0.353115,0.554394,0.400089,0.556311,0.516132,0.266098,0.486478,0.242277,0.369913,0.456613,0.417421,0.656577,0.405215,0.519989,0.277620,0.285740,0.525040,0.608564,0.415840,0.371175,0.379220,0.456549,0.429835,0.356283,0.464136,0.386884,0.460395,0.352516,0.208884,0.515904,0.435016,0.460310,0.508012,0.426211,0.409293,0.392371,0.321536,0.465498,0.491993,0.388947,0.233303,0.549759,0.465335,0.427284,0.526320,0.269078,0.403640,0.544946,0.428694,0.434545,0.264147,0.346113,0.508643,0.631333,0.473345,0.511467,0.495052,0.338397,0.514970,0.312488,0.534548,0.458216,0.349439,0.329021,0.340960,0.347344,0.160308,0.409222,0.524600,0.423836,0.616434,0.325060,0.614616,0.425896,0.343967,0.471258,0.292053,0.574922,0.479260,0.508887,0.439226,0.497498,0.501368,0.373481,0.206752,0.429185,0.495290,0.461842,0.394586,0.487301,0.457943,0.358838,0.398999,0.594951,0.542014,0.453595,0.588318,0.297872,-0.021075,0.475870,0.489427,0.239424,0.557519,0.422761,0.486453,0.461495,0.288887,0.524972,0.452865,0.502323,0.464373,0.482597,0.343528,0.328755,0.417094,0.334519,0.267869,0.258936,0.518177,#
9,0.023872,0.323022,0.146435,0.339156,0.279628,-0.047144,0.093766,0.305858,0.485171,1.000000,0.130278,0.021792,0.320373,0.369262,0.298681,0.180966,0.271832,0.236554,0.293521,0.345783,0.444329,0.312519,0.351147,0.268668,0.022119,0.262707,0.262947,0.487245,0.078527,0.518452,0.023130,0.157990,0.307528,0.360590,0.353756,0.269158,0.225282,0.176618,0.268777,0.343141,0.333000,0.355331,0.256249,0.231819,0.225628,0.096216,0.076145,0.153403,0.234373,0.107140,0.103070,0.182126,0.193500,0.274765,0.247178,0.168349,0.125885,0.412366,0.154922,0.186613,0.239972,0.059932,0.127894,0.291529,0.263344,0.506979,0.432040,0.264399,0.320290,0.233198,0.129210,0.143627,0.147389,0.262553,0.238971,0.176671,0.024351,0.364236,0.131272,0.378771,0.012293,0.262990,0.323452,0.419649,0.329417,0.116883,0.054832,0.259426,0.075372,0.181807,0.345588,0.200310,0.453837,0.180073,0.284059,0.170695,0.063040,0.332055,0.248132,0.253845,0.231671,0.236735,0.149567,0.236346,0.294966,0.333689,0.239163,0.238378,0.344565,0.293353,0.358522,0.260862,0.389652,0.174681,0.179106,0.396549,0.086777,0.189342,0.177771,0.128770,0.309868,0.039941,0.390591,0.293758,0.308351,0.201816,0.333528,0.142234,0.380813,0.159733,0.173157,0.303935,0.179812,0.346756,0.335976,0.205621,0.165735,0.287179,0.165579,0.442442,0.112098,0.601468,0.342307,0.132528,0.233452,0.368671,0.347815,0.307100,0.224914,0.274009,0.049356,0.297247,0.246915,0.352603,0.152461,0.349591,0.182856,0.300213,0.309182,0.379171,0.288242,0.336310,0.275572,0.290151,0.293391,0.156289,0.147992,0.254284,0.420896,0.055157,0.356570,0.496363,0.205290,0.258996,0.401742,0.452166,0.217264,0.411185,0.240879,0.161302,0.281494,0.182374,0.176098,0.385632,0.205162,0.676643,0.152444,0.117735,0.449523,0.123714,0.373855,0.390232,0.210088,0.092667,0.205232,0.167739,0.143363,0.122282,0.107556,0.207115,#
10,0.259769,0.426207,0.052170,0.490856,0.219361,0.289079,0.175912,0.216930,0.359493,0.130278,1.000000,0.345326,0.249223,0.340560,0.107420,0.327767,0.202893,0.113406,0.410731,0.310802,0.183731,0.176413,0.415303,0.199499,0.023259,0.126070,0.179089,0.506528,0.257505,0.347560,0.311610,0.258045,0.226692,0.426598,0.340603,0.262856,0.263611,0.305349,0.363332,0.070602,0.339086,0.189615,0.226003,0.240523,0.222760,0.449659,0.373007,0.225121,0.454132,0.282306,0.095792,0.169243,0.445557,0.244541,0.249809,0.189446,0.395259,0.364060,0.181826,0.085631,0.341706,0.271530,0.307524,0.373105,0.437990,0.125803,0.076954,0.058832,0.125829,0.325413,0.206619,0.397159,0.357170,0.195093,-0.006623,0.268152,0.240716,0.321456,0.309833,0.184715,0.319517,0.215366,0.400330,0.266511,0.297833,0.138529,0.370079,0.346242,0.340473,0.306499,0.205164,0.414554,0.422227,0.322973,0.332817,0.273333,0.066977,0.335800,0.379999,0.511637,0.305948,0.272527,0.327658,0.366015,0.591500,0.237063,-0.119156,0.302821,0.293269,0.249884,0.214144,0.194962,0.255489,0.195237,0.158272,0.249882,0.207587,0.157767,0.424599,0.321807,0.407286,0.430734,0.128612,0.156099,-0.016170,0.365567,0.314226,0.281640,0.400844,0.066830,0.142683,0.125572,0.176528,0.230023,0.450252,0.394358,0.303578,0.153852,0.189074,0.202176,0.406991,0.160809,0.257607,0.337893,0.034699,0.040087,0.122754,0.223550,0.407664,0.186264,0.346637,0.250860,0.318405,0.281288,0.348909,0.246499,0.444078,0.400454,0.440737,0.273671,0.468369,0.289226,0.274020,0.278786,0.245009,0.062665,0.372387,0.371413,0.337420,0.122290,0.374574,0.289610,0.166544,0.147170,0.250883,0.340630,0.338742,0.470962,0.062844,0.346147,0.232056,0.050659,0.332790,0.240102,0.173215,0.251089,0.036336,0.245001,0.235325,0.465138,0.394791,0.129099,0.156973,0.266008,0.324804,0.327999,0.037888,0.333885,0.311332,0.321240,#
11,0.427521,0.248174,0.150471,0.238147,0.406874,0.345709,0.231376,0.409474,0.439547,0.021792,0.345326,1.000000,0.446223,0.255000,0.275767,0.367462,0.283787,0.400070,0.362513,0.308644,0.205020,0.104083,0.417175,0.270466,0.089600,0.268335,0.158877,0.331568,0.421314,0.208990,0.248205,0.330007,0.317193,0.339609,0.310842,0.168920,0.351128,0.301533,0.157836,0.292958,0.324281,0.233683,0.227217,0.290553,0.207226,0.300862,0.479573,0.210780,0.298137,0.407393,0.347878,0.350083,0.394946,0.333502,0.427196,0.383997,0.182951,0.244027,0.216346,0.217411,0.214528,0.251261,0.514312,0.303258,0.371013,0.296275,0.276731,0.135316,0.192110,0.374988,0.292960,0.273418,0.251199,0.453036,0.216202,0.067260,0.373522,0.286046,0.370844,0.081305,0.330087,0.178491,0.233211,0.192494,0.253965,0.353249,-0.019702,0.111657,0.157551,0.200698,0.238207,0.459364,0.242756,0.114983,0.288487,0.408999,0.330706,0.312053,0.263460,0.161357,0.239240,0.221196,0.388972,0.292137,0.413600,0.384340,0.217586,0.367385,0.424650,0.111364,0.491639,0.318455,0.321007,0.293922,0.110999,0.254667,0.299509,0.305409,0.370664,0.435972,0.303138,0.204231,0.332244,0.254772,0.253449,0.461026,0.322476,0.288414,0.396437,0.257786,0.321339,0.149449,0.367165,0.337997,0.434222,0.388444,0.439373,0.267933,0.250187,0.204443,0.317933,0.227104,0.222085,0.288659,0.311277,0.025747,0.553384,0.224202,0.207681,0.446585,0.346010,0.198121,0.315280,0.354554,0.319209,0.278418,0.439565,0.282311,0.420597,0.252175,0.190971,0.209786,0.533299,0.197670,0.536731,-0.012190,0.363846,0.213880,0.457465,0.228975,0.314703,0.317850,0.287367,0.451963,0.196881,0.387571,0.332505,0.367700,0.141035,0.274904,0.336640,0.174168,0.265216,0.341219,0.454265,0.091501,0.186260,0.457154,0.343002,0.198045,0.246090,0.199794,0.259516,0.176575,0.205657,0.382827,0.090343,0.420694,0.288113,0.085892,#
12,0.319699,0.507133,0.238433,0.391788,0.535580,0.159296,0.458570,0.393011,0.535420,0.320373,0.249223,0.446223,1.000000,0.387611,0.405074,0.366789,0.446127,0.411971,0.580385,0.564851,0.437995,0.270231,0.376513,0.340319,0.242786,0.301190,0.076410,0.337719,0.534393,0.318706,0.316083,0.414328,0.370015,0.454829,0.386723,0.453793,0.365454,0.278308,0.503364,0.307971,0.124573,0.153300,0.243022,0.419398,0.240497,0.297721,0.428658,0.192910,0.326461,0.311262,0.423817,0.440544,0.447988,0.323888,0.553068,0.293923,0.269006,0.397259,0.377854,0.271468,0.263178,0.149517,0.132088,0.269234,0.371433,0.496730,0.410212,0.154144,0.263221,0.368287,0.176677,0.329897,0.336944,0.394285,0.391264,0.201838,0.336361,0.299626,0.434312,0.364080,0.165173,0.402378,0.494098,0.407586,0.229157,0.428117,0.158944,0.284408,0.357404,0.305865,0.282521,0.275524,0.331954,0.114443,0.183512,0.283843,0.436762,0.435216,0.323606,0.104441,0.348588,0.378363,0.528324,0.346854,0.316781,0.426753,0.325755,0.306396,0.462830,0.274536,0.353242,0.168016,0.289095,0.433929,0.578896,0.197096,0.404228,0.305285,0.429828,0.227210,0.396512,0.276691,0.416734,0.338981,0.433799,0.431739,0.216991,0.268571,0.507309,0.460734,0.308890,0.203994,0.184075,0.270097,0.343368,0.484545,0.248786,0.440240,0.340869,0.152907,0.475807,0.611416,0.349732,0.380301,0.365090,0.141742,0.417584,0.232165,0.346123,0.520544,0.246860,0.513732,0.237449,0.243075,0.320357,0.483961,0.570053,0.401708,0.496256,0.335981,0.406737,0.345739,0.471566,0.334031,0.498335,0.097758,0.455058,0.328869,0.279749,0.162554,0.436750,0.414242,0.289158,0.344320,0.262878,0.316244,0.560443,0.649220,0.284386,-0.000299,0.369295,0.269927,0.421144,0.445982,0.152320,0.432303,0.211115,0.429058,0.417810,0.364566,0.290522,0.309314,0.223530,0.425419,0.312067,0.345019,0.260164,0.458532,0.398006,0.250872,#
13,0.325336,0.424756,0.321809,0.457723,0.390341,0.086417,0.388590,0.432467,0.428435,0.369262,0.340560,0.255000,0.387611,1.000000,0.147182,0.351184,0.232208,0.432254,0.461795,0.384992,0.328677,0.304428,0.570835,0.330464,0.257883,0.321599,0.051032,0.430094,0.482264,0.426031,0.119585,0.372574,0.359248,0.511649,0.145190,0.130275,0.437511,0.373830,0.517116,0.373237,0.548005,0.149249,0.339919,0.290351,0.433503,0.253302,0.358067,0.320920,0.465427,0.320331,0.320087,0.580456,0.337997,0.296535,0.460441,0.347713,0.318527,0.297957,0.333731,0.284040,0.446077,0.187922,0.224502,0.313783,0.398047,0.427293,0.431394,0.079094,0.388994,0.239068,0.162542,0.341045,0.035724,0.563801,0.331324,0.183806,0.286689,0.152637,0.405504,0.203793,0.211091,0.147279,0.492501,0.314327,0.404775,0.325044,0.070631,0.200669,0.425845,0.416213,0.299570,0.367704,0.405038,0.386989,0.305795,0.120139,0.299489,0.261794,0.230934,0.456827,0.368935,0.269390,0.267493,0.423694,0.312298,0.525182,0.055125,0.427595,0.279764,0.169131,0.423360,0.302140,0.370809,0.406776,0.301561,0.461441,0.217443,0.369758,0.373739,0.268193,0.375830,0.360907,0.187527,0.213413,0.438578,0.218364,0.324731,0.230697,0.378305,0.185009,0.346805,0.272625,0.181188,0.156571,0.400929,0.442554,0.245643,0.360885,0.554731,0.314099,0.141248,0.453205,0.419096,0.170617,0.179038,0.316204,0.283275,0.296753,0.350006,0.316703,0.314893,0.409880,0.211972,0.521241,0.164954,0.345514,0.490942,0.327429,0.419796,0.280024,0.478703,0.404242,0.304074,0.310102,0.394021,0.235336,0.442879,0.374716,0.542428,0.083559,0.296232,0.421448,0.294877,0.333716,0.488823,0.420599,0.467660,0.556545,0.324940,0.164982,0.235482,0.229854,0.426097,0.433113,0.240697,0.375455,0.123944,0.366378,0.276464,0.233523,0.366525,0.442005,0.248794,0.285237,0.406686,0.048193,0.260558,0.459027,0.328292,0.248646,#
14,0.040608,0.405206,0.193416,0.163871,0.222753,0.296752,0.096155,0.325807,0.408954,0.298681,0.107420,0.275767,0.405074,0.147182,1.000000,0.334084,0.318853,0.181432,0.162038,0.347201,0.223641,0.202275,0.148036,0.297182,0.083319,0.032959,0.143796,0.312892,0.216046,0.271456,0.257025,0.351000,0.313319,0.188006,0.118884,0.174195,0.209526,0.244267,0.348360,-0.014002,0.220649,0.090385,0.349921,0.211503,0.072448,0.161822,0.157635,0.077453,0.093800,-0.023430,0.131299,0.162897,0.022028,0.402348,0.158870,0.219574,0.204950,0.103298,0.235772,-0.010319,0.270058,0.278381,0.079971,0.159437,0.154298,0.234496,0.195284,0.198653,0.277597,0.319158,0.083464,0.148989,0.199601,0.049559,0.278485,0.208576,0.234272,0.147966,0.098228,0.013455,0.217475,0.312261,0.388925,0.426353,0.252720,0.250796,0.112432,0.308285,0.325406,0.067342,0.127329,-0.044354,0.264995,0.273016,0.251995,0.223177,0.517739,0.271278,0.247979,-0.028821,0.253957,0.097408,0.351993,0.055729,0.240621,0.450942,0.210064,0.154302,0.319019,0.084514,0.336139,0.316489,0.322307,0.216782,0.102482,0.167507,0.148698,0.230835,0.052272,0.151755,0.332256,0.125314,0.217482,0.335605,0.408258,-0.074890,0.198425,0.382053,0.202266,0.320325,0.237180,0.231129,0.167225,0.279217,0.250005,0.305563,0.305814,0.262495,0.218580,0.340619,0.171153,0.337531,0.097744,0.296787,0.208136,0.244366,0.444564,0.231219,0.200955,0.056209,0.185411,0.291199,-0.071318,0.226896,0.454521,0.187851,0.273322,0.195794,0.239279,0.206366,0.265798,0.074767,0.278395,0.186865,0.148649,-0.120956,0.060867,0.225474,0.085789,0.160483,0.217602,0.331621,0.195608,0.372264,0.231171,0.483190,0.238078,0.326541,-0.046631,-0.110426,0.227924,0.249821,0.363226,0.311866,0.188501,0.299037,0.382369,0.093351,0.181986,0.124472,0.073764,0.260738,0.419755,0.243934,0.057550,0.161925,0.168687,0.148372,0.016978,0.186418,#
15,0.268817,0.424282,0.349809,0.388537,0.399892,0.545416,0.137629,0.318826,0.424793,0.180966,0.327767,0.367462,0.366789,0.351184,0.334084,1.000000,0.280204,0.368687,0.344205,0.449641,0.208943,0.316533,0.293278,0.311423,0.178295,0.366352,0.143725,0.377751,0.392881,0.373987,0.346505,0.382374,0.289308,0.403837,0.319047,0.369968,0.450695,0.407095,0.534419,0.243116,0.263943,0.226957,0.374801,0.285396,0.412114,0.294092,0.536372,0.395687,0.403231,0.289295,0.302753,0.449032,0.315031,0.411193,0.406936,0.248871,0.440698,0.290544,0.200123,0.205847,0.437535,0.374620,0.224931,0.416258,0.342673,0.363757,0.275809,0.117274,0.205929,0.200239,0.351776,0.210486,0.194653,0.306678,0.313123,0.324840,0.469407,0.348457,0.395747,0.274109,0.462992,0.366837,0.384387,0.402046,0.488227,0.368235,0.055658,0.454731,0.352062,0.228814,0.264480,0.233690,0.435429,0.234955,0.130097,0.264050,0.221042,0.292113,0.163556,0.172587,0.449476,0.239213,0.486166,0.339598,0.232047,0.542785,0.279719,0.358623,0.212306,0.413814,0.187843,0.156280,0.351194,0.349201,0.112294,0.357631,0.366699,0.452156,0.412862,0.306420,0.304511,0.156060,0.308856,0.359271,0.163440,0.211591,0.357044,0.233683,0.452580,0.580015,0.256890,0.127513,0.219925,0.210258,0.294398,0.302684,0.214946,0.318940,0.432981,0.359925,0.218840,0.235920,0.352046,0.170777,0.210190,0.262489,0.221723,0.233112,0.342019,0.370520,0.478171,0.275564,0.478266,0.553632,0.303860,0.306305,0.485950,0.256410,0.403665,0.334565,0.297039,0.416094,0.469173,0.081199,0.500776,0.157141,0.435151,0.557750,0.473119,0.020668,0.102764,0.439468,0.172571,0.395743,0.283445,0.499196,0.392723,0.405076,0.127747,0.190842,0.325663,0.399192,0.278071,0.316851,0.310115,0.370877,0.140938,0.150417,0.198470,0.311353,0.433296,0.384399,0.307441,0.311462,0.360926,0.211479,0.252469,0.439982,0.388796,0.407664,#
16,0.306343,0.408108,0.078919,0.242190,0.442488,0.283249,0.302727,0.424285,0.400970,0.271832,0.202893,0.283787,0.446127,0.232208,0.318853,0.280204,1.000000,0.354903,0.372209,0.386329,0.392598,0.443258,0.355952,0.228537,0.142134,0.408657,0.258015,0.150295,0.279762,0.192253,0.362331,0.544935,0.451603,0.500977,0.314430,0.375699,0.438319,0.210936,0.520040,0.267773,0.352973,0.283025,0.249097,0.107550,0.273333,0.332318,0.231392,0.127126,0.365933,0.296876,0.252727,0.241159,0.395438,0.547351,0.511177,0.300059,0.100452,0.435748,0.331618,0.182279,0.259340,0.252040,0.112551,0.273306,0.396464,0.330457,0.414635,0.146955,0.408418,0.469124,0.189933,0.199948,0.302921,0.300224,0.297668,0.184271,0.411564,0.268592,0.393552,0.421403,0.227893,0.416680,0.499578,0.259925,0.327885,0.209375,0.277272,0.230694,0.286105,0.305372,0.315453,0.263287,0.332788,0.272835,0.314742,0.358833,0.421996,0.382777,0.357058,0.245354,0.379477,0.188844,0.324266,0.276989,0.241460,0.505171,0.271123,0.137297,0.401148,0.192322,0.428586,0.371287,0.389486,0.338659,0.341858,0.537196,0.530891,0.323222,0.270922,0.213579,0.291843,0.338494,0.310269,0.386492,0.401123,0.415734,0.182315,0.376279,0.442587,0.281219,0.320738,0.297277,0.283311,0.120270,0.329339,0.438759,0.245676,0.262519,0.227260,0.326876,0.303575,0.291753,0.398613,0.407152,0.223767,0.198337,0.302828,0.162811,0.315125,0.398172,0.269897,0.355413,0.222238,0.283700,0.467655,0.432851,0.458750,0.293014,0.434264,0.342710,0.185372,0.336234,0.538029,0.336710,0.354056,0.365595,0.346332,0.525394,0.328284,0.016672,0.339568,0.470072,0.248637,0.197206,0.332969,0.210914,0.335077,0.461957,0.192861,0.015413,0.244131,0.192275,0.446934,0.226763,0.356986,0.421529,0.394428,0.222783,0.394227,0.290420,0.431060,0.305797,0.358224,0.256067,0.299899,0.152157,0.058585,0.325878,0.349030,0.237240,#
17,0.371579,0.324306,0.325982,0.297069,0.477826,0.338959,0.406310,0.360535,0.414195,0.236554,0.113406,0.400070,0.411971,0.432254,0.181432,0.368687,0.354903,1.000000,0.405460,0.511731,0.267453,0.303088,0.355552,0.443045,0.439611,0.407776,0.207981,0.346556,0.320759,0.379134,0.271585,0.365986,0.117217,0.330908,0.391237,0.359818,0.390247,0.349475,0.397126,0.359977,0.460820,0.265841,0.399760,0.233554,0.274282,0.214922,0.295768,0.347791,0.480326,0.386696,0.376266,0.351284,0.408187,0.279275,0.483472,0.449895,0.298806,0.235837,0.397729,0.012195,0.340025,0.340081,0.010088,0.226316,0.270633,0.517848,0.369946,0.242632,0.219900,0.249431,0.231637,0.272153,0.153764,0.416320,0.154121,0.146251,0.394976,0.315600,0.433219,0.404686,0.261227,0.254671,0.463883,0.318439,0.306352,0.298630,0.155967,0.198446,0.318352,0.380326,0.280734,0.245334,0.411456,0.212464,0.153841,0.310336,0.390129,0.179311,0.049809,0.367757,0.398445,0.115660,0.346175,0.281468,0.114098,0.366980,0.249720,0.315359,0.172602,0.097987,0.415656,0.296142,0.193521,0.519468,0.318965,0.135213,0.186959,0.409396,0.234105,0.155701,0.251922,0.210346,0.364425,0.314168,0.441162,0.399579,0.298664,0.276897,0.337098,0.342599,0.429899,0.425972,0.307542,0.186653,0.199225,0.457552,0.273917,0.467907,0.440838,0.391786,0.228667,0.377015,0.565805,0.312884,0.307607,0.259803,0.418004,0.266737,0.412393,0.230759,0.443707,0.278272,0.220797,0.486213,0.265499,0.522782,0.588044,0.318040,0.391457,0.342877,0.311698,0.273943,0.594214,0.212148,0.446780,0.354998,0.244857,0.382829,0.452650,-0.001336,0.436938,0.301161,0.330970,0.233086,0.413309,0.242968,0.421892,0.443404,0.187081,0.310325,0.168650,0.527282,0.352166,0.415334,0.433722,0.295603,0.351224,0.358384,0.228903,0.100102,0.333984,0.344174,0.291248,0.301837,0.395894,0.454877,0.070569,0.552130,0.257461,0.187494,#
18,0.316532,0.486058,0.242129,0.458208,0.386021,0.175155,0.318287,0.606905,0.438569,0.293521,0.410731,0.362513,0.580385,0.461795,0.162038,0.344205,0.372209,0.405460,1.000000,0.534254,0.326627,0.281419,0.529637,0.189237,0.348274,0.451377,0.215604,0.451237,0.425825,0.477562,0.109301,0.428989,0.312653,0.484781,0.404454,0.506159,0.397076,0.339456,0.456591,0.206066,0.447490,0.039079,0.320371,0.415867,0.389400,0.282728,0.460280,0.352966,0.396503,0.266208,0.357292,0.457020,0.514659,0.294230,0.388380,0.282925,0.257517,0.469268,0.337130,0.354270,0.381201,0.284534,0.212475,0.265728,0.486688,0.407326,0.327997,0.294681,0.057003,0.358580,0.373755,0.191638,0.350355,0.375726,0.361033,0.178654,0.477095,0.277929,0.588523,0.294711,0.238291,0.200948,0.544675,0.348239,0.413245,0.416926,0.323288,0.317562,0.315408,0.271472,0.377837,0.388726,0.403507,0.414985,0.512296,0.291976,0.359406,0.490255,0.387907,0.425411,0.436440,0.153943,0.432405,0.451241,0.403638,0.472592,0.147795,0.378098,0.468744,0.230393,0.454993,0.225024,0.353000,0.437723,0.298899,0.187368,0.410816,0.111797,0.399264,0.345903,0.557876,0.467603,0.316395,0.309628,0.334933,0.365128,0.450462,0.177255,0.562016,0.257220,0.391412,0.258202,0.311533,0.208772,0.348841,0.570006,0.477358,0.424799,0.364562,0.277062,0.312031,0.545958,0.368555,0.448861,0.329719,0.450815,0.374134,0.097164,0.533033,0.437681,0.344862,0.592118,0.409565,0.378283,0.292408,0.459756,0.506968,0.528975,0.442165,0.255601,0.425288,0.303122,0.541802,0.329841,0.525664,0.290755,0.626245,0.444591,0.345151,0.095699,0.466313,0.624144,0.353568,0.233152,0.237602,0.318697,0.487585,0.616773,0.130645,0.282547,0.405600,0.315837,0.299414,0.392568,0.264263,0.422658,0.251857,0.423384,0.325808,0.349170,0.471445,0.284028,0.124673,0.375644,0.449840,0.351018,0.106040,0.484993,0.377820,0.334914,#
19,0.307473,0.488814,0.292571,0.465192,0.545490,0.504539,0.303233,0.474687,0.579019,0.345783,0.310802,0.308644,0.564851,0.384992,0.347201,0.449641,0.386329,0.511731,0.534254,1.000000,0.404214,0.481481,0.459837,0.368193,0.282625,0.338671,0.429217,0.281982,0.446870,0.428294,0.357775,0.567081,0.260215,0.483918,0.306338,0.531233,0.472494,0.284530,0.544589,0.271075,0.499314,0.194138,0.321074,0.316243,0.318560,0.291243,0.412599,0.306373,0.510580,0.039726,0.381082,0.450359,0.373172,0.457239,0.445456,0.204527,0.405839,0.445755,0.368665,0.075164,0.511357,0.370495,0.277776,0.415478,0.492742,0.528607,0.461398,0.247937,0.299844,0.429287,0.261973,0.295469,0.316394,0.387900,0.229287,0.090848,0.340819,0.143342,0.331819,0.295496,0.177021,0.261059,0.489189,0.341798,0.413541,0.371966,0.342441,0.361323,0.528941,0.283470,0.372704,0.395714,0.600521,0.468013,0.294429,0.262614,0.464687,0.324505,0.357041,0.387574,0.440978,0.216523,0.526118,0.275426,0.209656,0.339165,0.259453,0.379879,0.414861,0.187493,0.325371,0.292030,0.335169,0.420303,0.421759,0.200537,0.436375,0.395476,0.253598,0.367730,0.313251,0.367514,0.478591,0.509443,0.413989,0.352684,0.437987,0.377990,0.624289,0.507361,0.430146,0.367224,0.331914,0.230203,0.327649,0.467822,0.333792,0.366231,0.379700,0.479604,0.386239,0.480865,0.404989,0.349684,0.337261,0.245753,0.360764,0.092264,0.493546,0.386702,0.347921,0.516012,0.223084,0.393060,0.401979,0.450344,0.619636,0.438530,0.420998,0.303342,0.547355,0.496486,0.594542,0.280639,0.514190,0.216788,0.247186,0.513694,0.314633,0.324148,0.467578,0.576891,0.297733,0.205240,0.527919,0.431497,0.484473,0.562825,0.276852,0.183614,0.228842,0.488807,0.453379,0.493665,0.423594,0.391460,0.333731,0.437188,0.484295,0.430859,0.330589,0.403822,0.197296,0.538190,0.335934,0.558151,0.214315,0.375327,0.339505,0.297728,#
20,0.185811,0.318475,0.100187,0.107276,0.329616,0.150673,0.304102,0.232115,0.337832,0.444329,0.183731,0.205020,0.437995,0.328677,0.223641,0.208943,0.392598,0.267453,0.326627,0.404214,1.000000,0.325834,0.190704,0.244433,0.101047,0.279502,0.182987,0.344190,0.393438,0.426641,0.082817,0.210951,0.254893,0.426419,0.248494,0.412863,0.392719,0.094023,0.327685,0.298228,0.350040,0.399438,0.121283,0.326987,0.269429,0.212871,0.365196,0.111778,0.378781,0.242096,0.143302,0.302429,0.206030,0.384030,0.347143,0.133334,0.174203,0.331833,0.310560,0.078940,0.264505,0.197340,0.380225,0.071630,0.363073,0.458865,0.362805,0.009316,0.405608,0.298299,0.258781,0.173044,0.094815,0.310581,0.278430,-0.033895,0.337924,0.268559,0.269545,0.407208,-0.017662,0.396954,0.516116,0.446428,0.186273,0.138264,0.182846,0.168603,0.356491,0.473018,0.254629,0.434928,0.385448,0.216624,0.401424,0.088471,0.165694,0.280334,0.196310,0.271463,0.391311,0.141725,0.382527,0.457522,0.214830,0.217727,0.122709,0.422792,0.206501,0.464593,0.298397,0.318670,0.328951,0.191929,0.346938,0.216232,0.276102,0.357053,0.151561,0.180231,0.440667,0.193343,0.274739,0.445956,0.294221,0.273652,0.287458,0.178117,0.398155,0.338300,0.274333,0.244074,0.184867,0.389363,0.396223,0.202377,0.209210,0.346549,0.362555,0.401851,0.317083,0.240616,0.128558,0.387559,0.356096,0.231613,0.276899,0.042638,0.195752,0.478635,0.216122,0.356738,0.344756,0.398280,0.272058,0.468426,0.477103,0.274511,0.332905,0.514954,0.302516,0.415901,0.311018,0.267185,0.557494,-0.098878,0.168155,0.312644,0.428617,0.053997,0.227533,0.438602,0.468914,0.045293,0.259475,0.324223,0.229734,0.481610,0.274180,0.066927,0.234888,0.200210,0.362247,0.287171,0.084921,0.293079,0.252429,0.427905,0.256352,0.060080,0.181339,0.264794,0.189701,0.397763,0.123306,0.100583,0.229834,0.188539,0.207139,0.199140,#
21,0.265979,0.480728,0.194425,0.226337,0.257350,0.264242,0.194264,0.340758,0.439537,0.312519,0.176413,0.104083,0.270231,0.304428,0.202275,0.316533,0.443258,0.303088,0.281419,0.481481,0.325834,1.000000,0.278462,0.433155,0.028446,0.239171,0.334599,0.154107,0.188793,0.277243,0.210305,0.424783,0.337371,0.324417,0.422500,0.359621,0.369611,0.310333,0.457776,0.093001,0.357100,0.408218,0.272469,0.111878,0.357941,0.208466,0.147768,0.316556,0.443622,0.030142,0.149103,0.477835,0.179793,0.142573,0.354955,0.184021,0.289073,0.268598,0.366480,-0.000233,0.439457,0.202049,0.166865,0.215350,0.485177,0.331069,0.359988,0.262194,0.139704,0.212878,0.071888,0.369906,0.138320,0.272803,0.434093,0.274188,0.180529,0.182099,0.255791,0.377425,0.014739,0.152208,0.344403,0.116936,0.495805,0.115466,0.057086,0.363840,0.280499,0.234883,0.147662,0.065483,0.380672,0.163343,0.313033,0.088656,0.260202,0.119862,0.154470,0.367572,0.287062,0.145822,0.439114,0.179900,-0.012616,0.402901,0.126711,0.077094,0.377376,0.314990,0.348560,0.256174,0.210190,0.404351,0.127955,0.180602,0.384339,0.233439,0.098843,0.190949,0.266800,0.239757,0.287302,0.295153,0.400791,0.248305,0.235107,0.297325,0.411969,0.377893,0.247859,0.258403,0.264335,0.208100,0.397236,0.288355,-0.048960,0.149758,0.276744,0.433003,0.244678,0.202087,0.282636,0.178724,0.141096,0.235329,0.185521,0.194222,0.030638,0.333009,0.187483,0.410089,0.149123,0.277384,0.285357,0.383239,0.435444,0.050144,0.242928,0.353715,0.367936,0.295740,0.368417,0.230802,0.309617,0.209647,0.261392,0.453249,0.192711,0.293172,0.350672,0.193915,0.108775,0.080322,0.315613,0.300540,0.151307,0.410993,0.057552,-0.056865,0.247950,0.390997,0.348940,0.271097,0.172773,0.337219,0.234174,-0.012866,0.179163,0.386855,0.371217,0.354856,0.211057,0.260685,0.285672,0.278793,0.279877,0.335784,0.094368,0.295013,#
