0,1.000000,-0.021081,0.174397,0.007791,-0.134200,0.040049,0.026077,0.069657,0.001749,-0.130001,-0.054942,0.021026,0.104773,-0.325461,0.195644,-0.148661,-0.020629,0.099894,-0.097429,0.080303,-0.081978,-0.066310,-0.043191,-0.034537,-0.021509,0.020354,0.057527,0.041508,-0.282654,-0.007020,-0.074170,-0.085642,-0.213841,-0.271253,0.181194,-0.037200,0.066085,-0.143604,-0.080900,-0.016615,-0.023037,-0.150352,0.122936,0.078195,-0.114101,0.029375,-0.016468,0.107304,-0.191423,-0.037849,-0.199979,-0.120487,0.222478,0.135009,-0.193768,0.009862,-0.118044,-0.126313,-0.090183,-0.252117,0.226812,-0.237461,-0.049728,0.095357,-0.249561,0.180093,-0.119641,0.222996,-0.161567,-0.058245,-0.168144,-0.103836,-0.088977,-0.024583,-0.017891,-0.207334,-0.111448,-0.157409,-0.175210,-0.149842,0.214002,0.038703,-0.301813,-0.086900,-0.076209,0.310866,0.003877,-0.056946,-0.286293,-0.228511,-0.026785,-0.004291,0.116377,0.071474,0.217953,0.173696,-0.225766,-0.093871,-0.045324,-0.052582,-0.111700,-0.105955,-0.282955,-0.104312,-0.025267,-0.200263,-0.113597,0.013409,0.156271,-0.085185,0.065197,-0.131377,-0.049034,-0.063875,0.029887,0.079790,-0.256594,-0.193378,-0.024681,-0.017509,0.204962,0.426001,-0.097585,-0.036275,-0.148497,0.023782,0.046271,-0.039496,-0.295858,-0.059829,-0.315254,0.077274,-0.020418,-0.108670,0.043007,-0.245631,0.024155,-0.004975,-0.005146,0.214707,-0.199358,0.102104,-0.058017,0.313526,0.202022,-0.079044,-0.109052,0.018136,0.025441,-0.120172,-0.028698,-0.257846,-0.129848,-0.102605,-0.109106,-0.083004,-0.217794,0.006947,0.153658,0.106509,0.070646,0.176082,-0.277261,-0.107188,-0.238433,0.163943,0.087192,-0.074233,0.074038,0.018070,0.050544,-0.104582,0.057857,0.000835,0.216106,-0.024158,0.141345,-0.048610,-0.053938,0.084812,-0.192232,0.092288,-0.091350,0.111491,0.027353,0.010876,0.201207,0.131855,0.085133,0.267879,-0.077751,-0.017555,0.143930,-0.032093,-0.116940,-0.175052,-0.182687,-0.008890,0.055207,0.016190,#
1,-0.021081,1.000000,-0.286296,0.147955,0.128704,0.184895,-0.041552,-0.141227,-0.109574,-0.081229,0.066847,0.053092,0.320564,0.215364,0.178720,-0.083769,0.094809,-0.150122,-0.055990,0.167131,0.176117,0.122045,0.342157,0.347211,-0.083859,0.147969,0.227036,-0.128946,-0.220734,-0.147784,0.193297,0.128501,0.066694,0.057235,0.291078,0.042432,-0.101440,0.083553,0.094844,0.077476,-0.049718,0.102168,-0.151568,0.105219,0.006207,0.182690,0.187437,0.019580,0.193282,0.098271,0.199006,0.334886,0.050682,-0.291042,0.070129,0.279660,-0.049180,0.133119,0.178079,0.060247,-0.018085,0.099541,-0.145509,-0.163910,-0.057072,-0.000349,0.068903,0.193367,0.133050,0.283340,0.018327,0.056406,0.430965,-0.100430,0.035270,0.163003,0.062691,0.136925,0.135336,-0.032820,0.149748,0.072209,0.192690,0.119555,0.068923,0.093011,-0.030040,-0.177242,0.034674,0.076149,0.127480,0.044032,0.041546,0.074918,-0.221609,-0.018115,0.099344,0.000328,-0.289494,0.119822,-0.174076,0.419729,0.027520,0.167967,0.086636,-0.195346,-0.078754,0.149901,0.027687,-0.305329,0.051686,0.129969,0.022084,0.043485,0.143650,0.086291,0.303249,0.275550,0.072917,-0.038994,0.296218,0.256146,0.084450,0.111827,-0.104215,-0.070579,0.153306,0.319992,0.147601,0.121623,-0.052717,-0.183943,-0.112570,0.213166,-0.090264,-0.141236,-0.124224,0.075113,0.307997,-0.078821,-0.012224,-0.150369,-0.099141,-0.127204,-0.188986,0.184408,0.007196,0.036354,0.106259,0.002909,0.217485,0.032402,0.071511,0.019738,0.184092,-0.026849,0.153032,0.141707,-0.053337,-0.059275,-0.091716,0.173983,-0.039929,0.085387,0.279893,0.083348,-0.172025,0.273737,-0.128875,0.267923,-0.095264,-0.028923,0.062327,0.125677,0.141112,-0.006089,0.173556,0.034939,-0.105204,-0.166297,0.029846,-0.186868,0.002420,-0.197219,-0.061183,0.183637,0.042814,-0.113363,0.096835,0.097014,0.118464,0.050451,0.074214,0.021920,0.254744,-0.031322,0.078862,-0.011681,0.114639,-0.010362,#
2,0.174397,-0.286296,1.000000,-0.032756,0.023054,0.134607,-0.133979,0.225434,-0.031677,0.097727,0.018606,-0.116867,-0.259521,-0.117175,0.090931,-0.161125,0.045558,-0.093223,-0.132176,0.074617,-0.063769,0.032146,-0.197217,0.054769,-0.060525,-0.136489,0.092147,0.055734,-0.074733,-0.013302,-0.194127,0.079727,0.083906,-0.073886,0.029313,0.101238,0.258699,-0.124959,0.159982,-0.016739,0.085871,0.168310,-0.064771,-0.027709,-0.067873,0.162517,0.139948,-0.232448,-0.186554,0.139177,-0.036390,-0.080986,0.094297,0.402521,0.059106,0.186543,-0.123714,0.058320,-0.235617,0.076227,0.287097,0.108982,-0.060509,0.281348,0.052959,0.093113,0.278417,-0.185185,0.092750,0.121483,0.219922,-0.078039,0.049436,0.097314,0.161299,-0.052627,0.227525,0.069600,-0.014761,0.233665,-0.107397,0.175089,0.102674,0.097877,0.085411,0.247090,0.293851,0.200092,0.160938,0.009652,0.201302,0.204728,0.089062,-0.428506,0.433764,-0.171363,-0.023252,0.108090,0.214618,0.071473,0.117471,-0.213969,-0.266279,0.126773,0.104494,0.364129,0.073376,-0.113469,0.316566,0.019642,0.189013,0.018460,0.247454,0.164302,0.004250,-0.109265,-0.038331,-0.101060,0.175173,-0.217084,0.076359,0.044751,-0.037082,-0.118001,0.129392,0.118044,-0.012544,-0.019804,0.014588,0.109592,0.160592,0.128179,0.077906,0.288524,0.099173,-0.105799,-0.240923,0.010118,-0.176669,-0.045846,0.296527,-0.098319,0.096624,0.049716,-0.014889,0.079360,0.095590,0.024707,0.303539,-0.101856,0.089545,0.004272,0.041199,0.096159,-0.100997,0.246892,0.026268,0.033063,-0.078579,-0.080952,-0.010748,-0.190764,0.113919,0.060737,-0.079106,0.050793,0.178069,-0.004985,-0.014777,-0.034307,-0.069368,0.010043,0.045901,-0.028778,-0.039972,0.136718,0.129979,0.097803,0.190671,0.039981,-0.171147,0.154680,-0.062680,0.148246,0.136399,0.256200,0.035176,0.049777,0.046785,-0.025098,-0.145284,-0.082944,0.055263,0.224203,-0.050299,0.080309,0.090455,-0.112479,-0.339737,-0.066858,#
3,0.007791,0.147955,-0.032756,1.000000,0.084167,0.043385,0.048169,0.142527,0.037912,0.049956,0.056772,0.078081,0.434852,-0.258481,0.136886,0.052001,0.051175,-0.200734,0.022156,-0.097184,0.114178,0.371839,-0.111055,0.112759,0.136170,0.244712,0.120814,0.057952,0.125142,-0.204603,-0.018287,0.142710,0.013750,0.288020,0.346239,0.021785,0.027080,-0.005718,-0.082068,0.115696,0.104645,0.123876,-0.016557,-0.140138,0.158052,0.211617,0.155076,0.224604,0.229494,0.031002,0.222516,0.002102,0.136043,-0.063060,0.229590,0.060430,-0.168808,0.078932,0.440400,-0.070227,0.179859,0.229986,-0.014714,-0.021620,0.128273,0.170632,-0.075150,-0.136515,-0.014216,0.222621,-0.037571,0.266381,0.338106,0.226175,0.049992,-0.077194,-0.053052,0.049137,0.150521,0.239121,0.081334,0.036085,0.005836,0.307572,-0.088382,0.082942,0.000786,0.056514,-0.094503,0.153007,-0.066884,0.075083,0.231471,0.084981,0.179522,0.215107,0.019787,0.017429,-0.202456,0.130299,-0.082753,-0.031700,-0.220521,0.156155,0.160562,0.231731,0.161444,0.318520,0.075489,0.026974,-0.072641,0.200156,0.019720,0.020489,0.139547,-0.088465,0.220387,0.106157,0.104060,0.031731,-0.086422,0.084502,-0.173335,0.049275,0.008341,-0.004045,0.265393,0.228030,-0.058878,0.137885,-0.060843,-0.013623,-0.178737,0.388899,0.232007,0.067587,0.254554,-0.066369,-0.001345,-0.014989,0.064798,-0.110274,-0.022162,0.166350,-0.241853,0.255141,-0.023381,-0.014300,0.045197,-0.173810,-0.020689,-0.018840,0.219915,-0.118480,0.142514,-0.024484,0.198775,0.270642,-0.072463,0.218060,0.145227,0.138518,-0.092007,0.353020,0.229820,0.079057,-0.098189,-0.021069,0.072040,0.183009,0.205618,0.080009,0.004563,-0.009483,-0.275840,0.309166,0.018682,-0.105754,0.181901,-0.217548,-0.100182,0.094004,-0.080529,0.011750,-0.114916,0.046509,-0.101793,-0.036154,0.378671,0.135340,-0.251936,0.051689,0.106109,0.077005,0.090478,0.079503,0.246736,0.027217,-0.065386,0.213191,#
4,-0.134200,0.128704,0.023054,0.084167,1.000000,-0.032849,0.137649,-0.001612,-0.156011,-0.019489,0.208109,-0.044343,-0.122111,-0.178345,0.026525,0.224846,-0.222874,-0.249390,-0.214485,0.074905,0.050246,0.215475,0.139875,0.153422,-0.112567,-0.246668,0.085484,-0.083901,0.168246,-0.118247,0.192575,-0.121026,0.207959,0.085177,0.023225,0.150024,-0.211750,-0.121147,0.019592,0.214980,-0.031205,0.160732,0.006399,0.162457,0.236777,-0.168545,0.179522,-0.220453,-0.136724,-0.036362,0.125306,0.237350,0.084975,-0.282091,-0.058625,0.027362,-0.090157,-0.046092,0.169038,0.017044,-0.016130,0.251031,0.060705,0.000153,0.186386,0.214620,0.149512,-0.168998,-0.108416,0.201944,0.145701,0.092775,0.129404,-0.157741,-0.094333,0.339687,0.136662,-0.031016,0.229111,0.007790,-0.269850,0.186758,0.107721,-0.165548,0.086784,-0.070191,-0.021367,-0.162045,0.097545,0.228850,-0.081836,-0.016458,-0.064944,-0.126761,0.104022,0.182089,0.152988,0.088585,-0.156007,0.117803,-0.048346,0.066471,-0.153511,0.140641,0.079558,-0.191327,0.134943,-0.003252,-0.067951,0.094653,-0.052396,0.148978,0.318200,0.271374,0.106113,0.070780,-0.072628,0.396030,-0.176884,0.172706,0.249892,0.115645,0.070453,0.188115,-0.007963,0.001335,0.207291,0.026342,0.150568,0.200325,0.288476,0.038056,-0.275551,0.074788,-0.015920,0.080906,0.047467,0.125687,0.022792,0.094418,-0.094797,0.369259,-0.104931,0.110394,-0.120465,0.281189,0.173699,-0.214706,-0.018148,-0.011199,-0.084977,0.287432,0.092911,-0.154878,0.059274,-0.085014,0.190088,0.129571,0.206213,0.074337,-0.270297,0.223489,0.046111,0.316643,0.070189,-0.000273,0.193625,0.290616,-0.199249,0.259203,0.003607,-0.106036,0.029923,-0.059348,0.226350,0.126196,-0.151993,0.075939,0.058900,-0.144714,0.142865,-0.004566,0.099636,0.028554,0.245496,0.101922,-0.108156,0.061269,-0.132892,0.001374,-0.113584,0.012832,0.092937,0.026947,0.299419,-0.320974,0.038670,-0.135143,0.015114,0.093763,#
5,0.040049,0.184895,0.134607,0.043385,-0.032849,1.000000,-0.199966,0.179967,-0.097949,0.083908,-0.157210,-0.155652,0.125572,0.060230,0.047735,-0.177985,-0.079337,-0.175790,0.007929,0.226317,0.022554,-0.278958,-0.172228,0.149735,0.029702,0.229029,0.055151,0.272071,-0.267174,0.186453,-0.026160,0.165136,0.140523,0.327701,-0.096502,0.132966,0.079328,-0.307387,0.073719,0.060631,-0.056922,0.165602,-0.229927,0.010733,0.084634,0.049095,-0.027556,0.315261,0.083298,0.119045,0.194938,-0.156924,0.071139,0.054189,0.027156,0.362154,0.045390,-0.100506,0.081949,0.096803,-0.217080,-0.104116,-0.009422,0.213346,-0.110018,-0.204515,-0.131793,0.043628,0.056190,0.251316,0.185513,0.017431,0.294368,0.007160,0.002433,-0.236071,-0.110301,0.236381,0.039264,-0.000689,0.021471,0.321520,0.131536,0.024931,-0.164058,0.046446,-0.041994,-0.004269,0.180735,0.155915,0.220951,-0.159024,0.095100,0.021678,-0.050676,-0.375683,0.043216,0.063033,0.169108,-0.177568,0.142881,0.069316,0.198841,0.124138,0.040479,0.017291,0.136099,0.175041,-0.080624,-0.018629,-0.060657,0.121888,-0.014348,-0.189734,-0.033290,-0.122864,0.189149,0.208273,0.085403,-0.135252,0.063343,0.291034,0.086059,0.251064,-0.026268,0.048874,0.419643,-0.065642,-0.018338,-0.134253,-0.161813,0.165321,0.078895,0.352335,0.050789,-0.256371,-0.275867,0.285370,-0.055060,-0.105485,-0.038023,-0.091536,0.093960,0.076243,0.410694,-0.082073,-0.037892,0.047214,0.014982,0.236493,0.276608,0.067579,0.204909,-0.013234,-0.085660,-0.053227,0.247551,0.091906,0.070120,0.114834,-0.013300,0.203910,0.060894,0.144637,0.223421,-0.140380,-0.218237,0.225465,-0.056814,-0.083167,0.340613,-0.072217,0.089755,-0.100001,-0.200195,0.242696,0.210683,0.139528,0.179421,0.000052,-0.000706,-0.005657,-0.275692,0.035840,-0.082325,0.188553,-0.292227,0.043478,0.407645,0.250782,-0.079003,0.243949,0.053579,0.316159,0.130494,0.177814,-0.067065,0.228431,0.053945,0.090602,#
6,0.026077,-0.041552,-0.133979,0.048169,0.137649,-0.199966,1.000000,-0.053101,0.220944,0.326133,0.085022,0.050008,0.087422,-0.160900,-0.113580,0.412013,0.047972,0.072290,-0.018952,0.078164,0.071826,0.170352,0.054791,-0.075301,0.223654,0.115470,0.056470,0.049359,0.041256,0.007993,0.029732,0.217166,0.171540,0.125618,0.028709,0.214306,0.185166,0.191116,0.030772,0.046395,0.072228,-0.036691,0.323514,0.123882,0.031449,-0.145529,0.084614,0.168116,0.162332,0.020239,0.099352,0.156263,0.163469,-0.129400,-0.046657,-0.146167,0.094599,0.102487,0.119002,-0.212487,0.292266,0.095646,0.022293,-0.033379,0.186502,0.210730,0.119851,0.268570,0.000891,0.012237,0.192192,0.325631,-0.034229,-0.061497,-0.089550,0.421197,0.333969,-0.128046,0.089354,0.004059,0.168987,0.159610,-0.099446,0.361270,0.145356,-0.034866,0.211342,0.211166,0.086960,0.019512,0.001151,0.139056,0.005668,0.089056,0.136433,0.074528,0.112854,0.140258,0.014115,-0.036244,-0.074769,0.197945,0.080219,0.029479,0.210278,-0.210543,-0.077519,0.160025,0.160212,-0.068600,0.084832,-0.063272,-0.114068,0.229859,-0.060236,0.099198,-0.183447,0.047909,0.084200,0.336539,0.117574,0.052354,-0.089521,0.151487,0.048362,0.096930,-0.140067,-0.056515,0.199243,0.107105,0.101195,0.020262,-0.047064,0.000480,0.027544,-0.079006,0.124258,0.006086,0.086914,0.297031,0.044330,0.163515,-0.239127,0.072195,0.115894,0.226354,0.055240,0.229267,0.039987,-0.100415,-0.069914,0.143489,-0.089323,-0.038365,-0.108390,-0.008337,0.123868,-0.202910,-0.001568,0.186822,-0.035207,0.142898,0.040161,0.011477,0.050837,0.181307,0.222669,0.019741,-0.018109,0.089196,0.030254,0.098330,-0.122896,-0.046110,0.025841,0.098738,-0.048003,0.298689,0.006676,0.066064,0.049165,0.298885,-0.023796,0.126902,0.135205,0.062018,0.129158,-0.215206,0.109594,0.151922,-0.084637,0.185735,-0.113984,-0.068107,0.003145,0.101969,0.145266,-0.089572,-0.026609,0.211740,#
7,0.069657,-0.141227,0.225434,0.142527,-0.001612,0.179967,-0.053101,1.000000,0.123365,-0.214491,-0.036343,-0.151406,0.117193,0.039170,0.094061,-0.066786,0.088776,0.093017,-0.026561,0.143370,0.172844,0.001669,-0.088001,-0.113961,0.079931,0.258760,-0.014451,0.079885,-0.081105,0.388564,-0.075048,-0.129003,0.031816,-0.052587,0.098726,0.171478,0.094365,0.024751,0.107347,-0.042614,-0.029958,0.362114,-0.045246,0.020852,0.084969,0.106703,-0.002383,0.225258,0.240270,-0.037280,-0.107744,-0.060094,0.201258,0.308901,0.265041,0.043288,0.009121,-0.299022,0.252013,0.295617,-0.124750,0.126808,0.071590,0.251562,0.032579,0.040827,0.183497,-0.145628,-0.043716,-0.110626,0.114304,0.109111,0.128906,0.293715,0.149299,0.029212,0.057815,0.050068,-0.046325,-0.112038,0.293174,-0.005417,0.185926,0.141761,-0.004839,0.170045,0.167834,0.049504,0.137048,0.256454,-0.022014,0.155263,0.198734,-0.148747,0.131374,0.071978,0.093593,0.345973,0.205032,0.030700,0.159786,-0.072757,-0.197702,0.060132,0.030332,-0.036461,0.033398,0.266461,0.175276,0.155335,0.287801,0.106523,0.229572,0.135722,0.037195,-0.095771,-0.058963,0.065259,0.177053,0.051295,0.226045,0.161107,-0.023211,0.000148,0.098329,0.228363,0.026010,0.027890,-0.000635,0.051559,0.136835,0.165794,0.217081,0.030647,-0.024837,0.062491,0.022768,0.304986,-0.124240,-0.052021,-0.093943,-0.156261,0.156325,0.188552,0.098665,0.092248,0.192867,-0.177252,0.107784,-0.197490,0.030711,0.209707,0.078572,-0.276852,-0.126085,0.091192,0.289077,0.018518,0.194522,0.057226,0.100209,0.002529,0.197100,0.095118,0.109542,0.056823,0.046838,-0.040084,-0.257071,-0.107895,0.184396,-0.060126,0.117642,0.009810,-0.003126,0.088391,-0.022851,-0.125870,0.188137,-0.124939,0.038149,0.080334,0.098334,0.298475,-0.056228,0.087621,0.223293,0.065631,0.271151,0.240329,0.058683,0.091591,0.104200,0.151693,0.213788,0.173936,0.198362,0.267308,0.098807,0.046351,#
8,0.001749,-0.109574,-0.031677,0.037912,-0.156011,-0.097949,0.220944,0.123365,1.000000,0.107693,0.123111,-0.039302,0.063314,0.164875,0.045602,0.176893,-0.008040,0.116015,-0.218584,0.091243,0.219406,0.102202,-0.221156,0.068145,0.296453,0.209303,0.041289,-0.300775,0.148193,-0.086605,-0.069369,0.140178,-0.020717,-0.055583,0.016479,0.266877,0.115759,0.064600,-0.137668,0.034349,-0.005200,-0.008366,0.417085,0.091685,-0.141924,-0.018796,-0.000580,0.094045,0.190934,-0.092523,0.322354,0.138846,-0.108032,0.035826,-0.047312,0.136960,0.242057,-0.078301,-0.036653,-0.062064,0.188003,0.025667,0.357198,0.052845,0.212874,0.195711,0.093445,0.124345,0.345940,-0.067534,0.203427,0.169022,0.092496,0.010497,-0.020571,-0.010120,-0.079034,0.056359,0.113459,-0.152176,0.232311,0.176004,-0.185671,0.011303,0.133844,0.019448,0.069767,0.183103,-0.069963,-0.010190,0.176778,-0.049404,-0.123235,0.090153,-0.072800,0.032727,0.260416,0.265812,0.290754,0.381395,0.067063,-0.255619,0.091804,0.292762,-0.097617,0.173979,-0.051906,-0.032134,-0.115604,0.123994,-0.122537,0.070779,-0.022792,-0.027623,-0.173511,0.080063,0.035946,0.093205,0.014921,0.197052,-0.067479,0.082666,-0.098894,0.147700,0.039817,0.150893,-0.071243,-0.060424,0.085992,0.092453,-0.048448,0.186061,0.077275,-0.013068,0.009573,0.090226,0.113662,0.019121,0.241625,0.149615,-0.137349,-0.122782,0.014040,-0.257901,0.050857,-0.048248,-0.084421,0.347542,0.142676,0.028133,-0.108826,0.211979,-0.272844,0.139177,0.034544,-0.110431,0.131439,0.208432,0.248476,0.071594,0.009830,-0.216961,0.078302,-0.113143,-0.171435,-0.013378,0.115975,0.139432,0.097490,-0.175560,0.101440,0.169194,-0.190881,-0.020525,0.104265,0.181184,0.208552,-0.051055,0.205690,0.107966,0.046299,-0.062300,0.066268,-0.058497,0.083076,-0.010507,0.302275,0.043623,0.161674,0.240890,0.148259,0.207002,0.296961,0.130208,0.095281,-0.121576,-0.264417,0.161921,-0.000250,0.234488,#
9,-0.130001,-0.081229,0.097727,0.049956,-0.019489,0.083908,0.326133,-0.214491,0.107693,1.000000,0.092563,0.020649,0.096098,-0.115001,-0.007492,0.236655,0.059271,-0.159022,-0.017683,-0.166941,-0.029992,-0.073501,-0.334948,0.047488,0.036488,-0.187763,0.101529,0.079101,-0.032198,-0.221075,-0.173497,0.363127,0.029700,0.088967,-0.155775,0.136293,0.095998,-0.045614,-0.078447,-0.039759,0.003401,-0.191006,-0.119405,-0.002279,0.070851,-0.104292,0.046886,-0.012260,-0.016637,0.076663,0.202093,0.018210,-0.023399,-0.072134,-0.162104,-0.008446,0.101631,0.306662,-0.168467,-0.127470,0.102634,0.038769,0.014056,-0.139027,-0.230452,0.098147,0.086313,-0.022649,0.222857,0.087222,0.126761,0.093492,0.063795,-0.038494,-0.243224,-0.061140,0.285185,-0.018415,-0.039940,0.186701,0.054435,0.253066,-0.065813,0.190590,0.080655,0.038140,0.166878,0.404240,-0.076729,0.024456,0.135231,-0.048076,0.051633,-0.143100,-0.004700,-0.189544,0.179548,-0.059793,0.036528,0.054585,0.037067,0.062339,0.243006,0.108578,0.029568,0.052077,-0.045753,0.126508,0.255679,0.134696,-0.015857,0.199106,-0.185763,0.195365,-0.096696,0.090545,-0.047884,0.013533,-0.116446,0.098486,-0.137343,0.025949,-0.119647,0.162605,0.249692,0.103054,0.081745,-0.026351,0.134496,0.056716,0.124761,0.134944,-0.112915,0.174538,0.197858,-0.165364,0.116803,-0.053449,0.131618,-0.004302,0.284921,0.133187,0.055200,0.213013,-0.002186,0.366216,0.005302,0.356105,0.108643,0.098489,-0.074207,-0.074378,0.125337,0.015657,0.050077,-0.002738,-0.047494,0.015779,0.049781,0.147451,0.071464,0.169648,0.081701,-0.049379,0.034787,0.232983,0.048062,0.103585,0.117475,-0.001675,0.115777,-0.022138,-0.094337,-0.343909,-0.108780,0.095854,0.305602,0.254491,-0.041213,0.154647,0.184764,0.006720,0.076838,-0.096105,-0.037947,0.068609,-0.011195,-0.026670,0.202554,0.021680,-0.092914,-0.038326,0.073731,-0.093668,-0.083420,-0.081343,0.152523,-0.020469,-0.117627,0.085766,#
10,-0.054942,0.066847,0.018606,0.056772,0.208109,-0.157210,0.085022,-0.036343,0.123111,0.092563,1.000000,0.092825,0.057680,-0.011835,-0.015881,0.110438,0.241529,-0.077073,-0.059015,0.070196,0.112579,0.049884,-0.058189,0.172708,0.096555,0.003998,0.078543,-0.020530,-0.052704,-0.096433,0.072293,-0.020944,0.024717,0.142556,0.048419,0.006642,0.208570,0.048417,0.041177,-0.063515,0.065625,-0.096407,0.087065,-0.132669,-0.009619,0.150096,0.272790,-0.009317,0.027872,0.297512,0.037158,0.246897,0.032973,-0.287049,0.072037,0.305351,0.008239,0.198371,-0.185319,0.001642,0.073616,0.113608,0.170565,0.071495,0.028793,-0.065704,0.229036,0.145718,0.234712,-0.007806,0.385867,0.226309,0.085904,-0.240614,0.075556,0.211381,-0.258217,-0.102645,0.063706,-0.009801,0.108774,0.037667,-0.014324,-0.159385,0.030319,0.060368,0.074959,-0.066778,0.014306,0.285159,-0.026756,0.033420,0.177762,-0.305097,-0.081193,0.063753,-0.012867,0.297430,-0.043047,-0.012418,-0.071513,-0.158366,-0.125268,0.057558,0.030164,0.035784,0.223924,-0.095022,-0.027808,-0.033314,-0.065775,-0.151750,0.187232,0.234281,0.055676,0.076379,-0.075285,0.152957,0.122612,-0.043112,0.093687,0.089042,0.075696,0.044812,-0.044499,0.132809,0.035981,-0.015126,0.297853,0.168477,-0.126875,0.067269,-0.112707,0.091105,0.230279,0.336559,0.009193,0.051726,0.150186,0.098469,0.084850,0.148787,-0.030291,-0.032279,-0.116092,0.309609,0.421198,0.173049,-0.048733,0.162876,-0.169324,-0.015478,-0.107262,0.129497,0.317380,-0.249701,0.195640,0.118734,0.026496,-0.225738,-0.022363,-0.075534,0.142957,-0.023889,0.055060,0.021110,-0.035513,0.068857,0.090118,0.220848,-0.196396,0.122283,-0.186842,0.017450,0.300197,0.105966,-0.062375,-0.076644,-0.145428,0.177148,-0.220988,-0.068192,0.036315,0.030157,-0.247081,0.110568,0.388882,0.091189,-0.187045,-0.002951,-0.058037,-0.235623,0.100927,0.222861,0.127185,-0.192383,-0.045282,0.028397,-0.098562,0.271003,#
11,0.021026,0.053092,-0.116867,0.078081,-0.044343,-0.155652,0.050008,-0.151406,-0.039302,0.020649,0.092825,1.000000,0.122002,0.009061,0.203023,0.037276,0.024160,0.043399,0.347926,0.062908,-0.009011,-0.088805,0.140205,0.125074,0.235116,0.059698,0.059057,-0.007201,0.069170,-0.122766,0.088717,0.256431,0.083569,0.145347,-0.064642,0.074976,0.140689,0.166458,-0.073624,-0.030625,0.267213,-0.188540,0.103352,-0.148736,0.051971,-0.190170,0.185822,0.253079,0.079412,0.019556,-0.153820,0.029802,0.362713,-0.170300,0.078142,-0.033832,-0.006579,0.386356,0.118606,0.138101,0.031291,-0.098177,0.283375,-0.060440,0.017106,-0.065335,-0.203378,-0.061130,0.211286,-0.123661,-0.027949,-0.165451,-0.077291,-0.017516,0.155857,0.067929,-0.054314,-0.023217,-0.185532,-0.201419,-0.141682,0.202546,0.004527,0.031470,0.272222,-0.036510,-0.119797,0.066239,0.038449,-0.136146,0.066156,-0.045320,-0.008110,-0.097034,-0.120504,0.254028,-0.151439,0.145223,-0.191437,0.146504,-0.125679,-0.083393,0.115888,0.116807,-0.009501,0.031082,0.266100,0.047560,0.237527,-0.301581,0.006027,0.244283,-0.014062,-0.201190,0.020886,0.018784,0.044842,-0.062679,-0.038574,0.246119,0.098827,-0.085290,0.017936,0.092809,-0.037310,0.202558,0.228734,0.174190,0.069907,0.392357,-0.022440,0.064748,0.190951,0.065709,0.015743,0.070011,0.219587,0.124572,0.259221,0.405200,-0.271752,-0.015743,0.219876,0.080328,-0.049754,0.145416,0.216635,0.067748,0.112458,-0.092578,-0.049289,0.027677,-0.034180,0.275762,0.263058,-0.069079,-0.010583,-0.018885,-0.196842,-0.020769,0.280860,0.188259,0.214182,-0.000203,0.080640,0.312257,0.295267,-0.051620,0.087810,0.273973,0.337747,-0.034825,0.241128,0.236831,0.019843,0.157795,0.230219,-0.111454,0.033600,0.000701,0.025867,-0.179028,0.142644,-0.041139,0.186721,0.067142,0.213764,0.041579,-0.088380,-0.252604,0.100400,-0.063854,0.009168,0.108932,0.020631,-0.142160,0.058615,0.025009,-0.092233,-0.070024,#
12,0.104773,0.320564,-0.259521,0.434852,-0.122111,0.125572,0.087422,0.117193,0.063314,0.096098,0.057680,0.122002,1.000000,0.012271,0.005104,0.253197,0.113173,-0.048185,0.217822,-0.098112,0.109065,0.096176,0.040180,0.150305,0.207054,0.354316,0.018713,-0.038997,-0.043414,-0.103582,-0.002056,0.213692,0.025088,0.149545,0.262984,0.030297,0.050448,0.123622,-0.136888,-0.058931,-0.161178,-0.089244,0.026441,-0.017607,0.242985,0.198664,0.148394,0.292158,0.357545,0.075964,0.235245,-0.163956,0.125451,0.059665,-0.046689,0.269225,0.155594,-0.065078,0.372762,-0.068428,0.017614,0.012564,0.145089,-0.213778,0.030181,-0.031740,-0.110810,0.317314,0.165644,0.099326,0.017577,0.168327,0.159011,0.033180,-0.042737,0.124087,-0.010978,-0.119500,0.102133,-0.053956,0.200422,0.146557,0.144620,0.062045,-0.106642,0.147369,-0.025633,0.020363,-0.120438,-0.023073,0.000205,-0.108184,0.204897,0.083034,-0.098048,0.022190,0.089369,0.023264,-0.240657,-0.017452,-0.077633,0.072090,-0.157119,0.099851,-0.103331,0.008326,0.006662,0.414487,0.067600,0.050705,0.103464,0.108283,0.016373,0.009713,0.118023,0.063180,-0.120067,0.126358,-0.082901,0.012405,0.040729,0.346464,-0.063116,0.005320,0.042746,0.184748,0.296702,0.110796,-0.093795,0.164638,-0.301555,-0.118940,-0.088946,0.142580,-0.064517,-0.008568,0.072226,0.070647,0.012800,-0.127870,-0.104354,-0.208546,0.134738,0.048921,-0.215067,0.359811,0.118460,0.047999,0.004236,-0.164494,0.149818,-0.133086,0.116710,-0.086244,0.294753,-0.032951,0.064917,0.039168,0.219219,-0.089100,0.006343,0.321234,0.088808,0.165834,0.181230,0.094028,-0.106656,0.158820,0.189275,0.093044,0.272263,-0.058957,0.012826,0.141213,-0.051695,0.255556,0.198848,-0.111050,-0.136680,0.022710,0.066309,0.216225,-0.063043,-0.060975,-0.106651,-0.002373,0.156211,0.003722,0.371475,0.206219,-0.055984,0.042896,-0.207625,-0.017363,0.031929,0.033019,-0.059295,0.022751,0.034948,0.239674,#
13,-0.325461,0.215364,-0.117175,-0.258481,-0.178345,0.060230,-0.160900,0.039170,0.164875,-0.115001,-0.011835,0.009061,0.012271,1.000000,0.147190,-0.102083,-0.108188,0.177213,0.077108,0.000343,-0.150674,-0.134438,0.155181,-0.069661,0.040265,0.201973,-0.041542,-0.210100,0.108903,0.297204,0.060033,-0.026287,0.106691,0.045613,-0.078010,0.161933,-0.142169,0.151848,-0.221423,0.211896,0.067034,-0.010218,0.184809,-0.139363,-0.151409,-0.003669,-0.081158,0.162458,0.215813,0.254583,0.078663,0.022036,0.014143,-0.052283,0.232445,0.260130,0.138413,0.097643,-0.067837,0.131949,-0.192545,-0.141001,0.057965,-0.108159,0.215682,-0.046506,0.123237,0.218051,0.341853,0.097977,0.142418,-0.029099,0.253085,-0.040658,0.041573,0.056711,0.094710,0.086103,0.136065,-0.154256,-0.137117,0.091885,0.157167,-0.009869,0.058633,0.187520,-0.008702,-0.120625,0.043577,-0.000290,-0.016098,-0.006454,-0.002517,0.089712,-0.154458,-0.141837,0.147203,0.103310,-0.027670,-0.046649,-0.069260,0.042573,0.300156,-0.136503,0.090152,0.170729,-0.114488,0.078705,-0.220454,0.030036,0.053430,-0.031588,0.023626,0.108613,-0.093787,-0.267898,-0.046270,-0.002255,0.132852,-0.103241,-0.075324,-0.134358,0.149710,-0.375375,-0.083466,-0.026904,0.002928,0.102908,0.132182,0.011641,-0.014087,-0.302083,0.088110,0.134110,-0.099995,-0.080232,-0.111943,0.078998,0.264751,-0.024243,0.019174,-0.249782,0.091933,-0.458122,-0.157949,-0.003538,-0.071852,0.080889,0.037459,-0.258426,0.181228,0.144041,0.033669,0.063616,0.101992,-0.124285,0.097198,-0.271516,0.026788,-0.089983,0.058119,-0.185932,0.210462,-0.116476,0.038506,-0.035051,0.023026,0.100741,0.050285,-0.023828,0.071863,-0.013088,-0.033248,0.205908,0.034220,0.061311,0.027887,-0.147615,-0.052883,0.113863,0.033519,-0.109836,0.122981,-0.112952,-0.112266,0.026381,0.020041,-0.069171,-0.062446,-0.000047,0.350642,0.160548,0.072987,0.011994,-0.010872,0.114368,-0.090946,0.107522,0.053963,-0.158343,#
14,0.195644,0.178720,0.090931,0.136886,0.026525,0.047735,-0.113580,0.094061,0.045602,-0.007492,-0.015881,0.203023,0.005104,0.147190,1.000000,0.003835,0.018912,-0.086498,-0.031940,0.068891,-0.067103,0.056788,0.208256,0.329226,0.092866,0.108391,0.152598,-0.273004,0.003860,0.086580,0.218496,-0.061732,-0.085930,-0.155986,0.228516,0.372473,-0.241496,0.088823,-0.014570,0.025312,0.126094,-0.080610,-0.023639,-0.042877,0.071803,0.104241,-0.091322,0.027578,0.128266,-0.089581,-0.154616,0.304957,0.192846,0.129312,0.114017,0.162378,-0.298659,-0.150535,0.034385,-0.107790,0.020936,0.098760,0.093360,0.226285,0.026474,0.084463,-0.021460,-0.106975,0.219473,0.138575,0.094343,-0.138975,0.347447,0.343585,-0.021722,-0.089600,0.084571,0.143640,0.008719,0.038462,-0.127248,0.096073,0.061777,-0.075274,0.214467,0.080888,-0.159762,-0.141367,-0.058115,-0.184346,0.031110,-0.024884,0.292474,0.221521,0.066115,0.018434,-0.108122,0.152423,-0.203351,0.214057,-0.050878,-0.057877,0.079242,0.100556,0.082057,-0.037208,0.024452,0.020008,0.105318,0.182567,-0.003118,0.307742,-0.021790,0.202529,-0.312278,-0.033192,0.029377,-0.159718,-0.017039,0.006034,0.107583,-0.017438,0.013578,0.054451,0.110337,0.025797,0.261702,0.119732,-0.203270,0.081871,-0.068934,0.273169,-0.102842,0.110472,0.095871,0.076688,0.265230,0.186830,0.120723,0.040040,-0.052677,-0.020854,-0.000715,0.056423,-0.169418,0.141088,-0.028438,0.016300,0.113326,-0.089102,0.164707,0.144891,0.220014,0.300547,0.073560,0.086724,0.075252,-0.103542,-0.191121,-0.008917,0.125775,0.006667,0.083151,-0.083152,0.347025,0.202753,-0.001153,-0.113548,-0.033008,0.159432,0.101958,-0.248024,0.131505,0.031728,0.225472,0.167351,0.132669,-0.203789,0.164742,0.017636,0.102024,-0.070303,-0.147971,-0.031754,0.108464,0.210690,0.140508,-0.004586,0.142149,-0.031638,0.066966,0.008857,0.253234,0.215024,-0.025741,-0.197510,0.071110,0.091245,-0.014723,-0.137452,#
15,-0.148661,-0.083769,-0.161125,0.052001,0.224846,-0.177985,0.412013,-0.066786,0.176893,0.236655,0.110438,0.037276,0.253197,-0.102083,0.003835,1.000000,-0.083124,0.079213,-0.093348,-0.039635,-0.015740,0.228229,0.196725,0.072038,0.144435,0.020744,-0.225536,-0.014147,0.181304,-0.141684,0.154060,0.207383,0.228160,0.313022,-0.077567,0.123383,0.048250,0.305213,-0.172394,-0.123306,-0.104752,-0.135262,0.153564,0.156785,0.176115,0.141714,-0.035828,-0.214875,0.114777,0.106134,0.140534,0.062411,-0.125806,0.071571,0.036212,0.079644,0.151740,0.025539,0.167962,-0.052149,0.193134,0.197953,0.144311,0.021132,0.106232,0.027904,0.006389,0.142047,0.178692,0.033146,0.151091,0.002764,-0.122797,0.054905,-0.021262,0.318325,0.166030,-0.081502,0.203924,-0.030965,-0.073692,0.045417,-0.017389,0.123468,0.006770,-0.214191,-0.159963,0.110666,0.106588,-0.115113,-0.087446,0.098604,0.240378,0.185402,-0.053880,0.150933,0.056896,0.234879,0.038983,0.183464,-0.146774,0.046883,0.070868,0.283261,0.071515,-0.096055,-0.137019,0.029108,-0.016076,0.125522,0.010023,-0.064574,0.080847,0.202873,0.059724,-0.125682,-0.201692,-0.024012,-0.141752,0.501421,0.075141,0.114521,-0.016355,0.208244,0.006437,0.157968,0.052157,-0.079207,0.028107,0.289634,0.119851,-0.080277,-0.162663,-0.100942,0.075189,0.249021,0.230336,-0.081372,-0.175057,0.200859,-0.107065,0.033298,-0.006836,0.037830,0.046007,0.212639,-0.092135,0.127150,0.060184,-0.013490,0.094338,0.339182,-0.135812,0.065595,0.041988,-0.087347,0.145016,0.016052,0.119296,0.153752,-0.074111,0.038419,0.155859,0.135136,-0.008394,-0.127779,-0.022280,-0.164816,0.082642,0.192187,0.031303,0.011408,-0.251937,0.072287,-0.101866,0.425194,0.140047,-0.033971,0.081099,0.195861,0.188804,0.150584,0.007991,0.092579,0.229828,-0.014823,-0.101555,-0.112209,-0.124848,-0.057081,-0.073311,0.072974,-0.078564,-0.106211,-0.139894,-0.018069,0.125273,-0.228912,0.063304,0.143185,#
16,-0.020629,0.094809,0.045558,0.051175,-0.222874,-0.079337,0.047972,0.088776,-0.008040,0.059271,0.241529,0.024160,0.113173,-0.108188,0.018912,-0.083124,1.000000,0.047454,0.225831,0.186328,0.441570,-0.185556,0.054557,0.169784,0.181198,0.146826,0.102463,0.005681,-0.240241,0.038121,-0.036414,0.075222,-0.146554,-0.064240,0.208527,0.131064,0.332495,0.353314,0.122582,0.067562,0.054766,-0.025239,0.110479,0.019110,0.157862,0.067044,0.038916,0.025776,0.126959,0.079434,-0.134857,0.201163,0.053137,-0.042976,-0.003795,0.075262,-0.139641,0.039960,-0.037759,-0.167445,0.345018,0.258963,0.059840,-0.148874,-0.110815,0.051938,0.279174,-0.113689,0.103723,-0.021636,0.195094,0.019461,0.099568,-0.101888,0.004344,0.015219,-0.024390,-0.045005,-0.299138,0.062904,0.324523,0.151825,0.138949,0.166642,0.080572,0.171219,0.151125,-0.100695,-0.092244,0.051553,-0.131734,0.156870,0.163970,-0.235029,0.150126,0.036637,0.019836,0.284323,0.138954,0.095834,0.099474,0.189064,-0.032786,0.209012,0.014503,0.076264,0.145527,-0.057336,0.239834,0.066110,0.073017,-0.002167,-0.027052,-0.004691,0.169414,0.213299,0.341991,0.112151,0.125552,-0.220244,0.068774,-0.197384,0.058670,0.071962,0.290819,-0.063107,-0.220913,-0.195374,0.195187,0.060365,0.145437,-0.003554,-0.127307,0.013138,0.003953,0.245835,0.071667,-0.041864,-0.079811,-0.104781,0.111805,-0.042339,0.162958,-0.044839,-0.229346,0.130735,0.292413,0.132402,0.123343,0.006647,-0.115712,-0.005035,-0.194851,0.109294,0.331316,-0.100347,0.111726,0.136043,-0.046022,-0.079415,0.210228,-0.102329,0.157672,-0.173436,0.208384,0.032032,-0.042669,0.102473,-0.052298,0.100732,-0.110475,0.132714,0.120269,0.177448,-0.033492,0.107061,0.113997,0.477042,0.036184,0.104239,0.033226,-0.109341,0.007859,0.122767,-0.364330,-0.069580,0.099035,-0.032684,0.231658,0.045834,-0.009753,-0.014648,0.056096,-0.033875,0.231166,0.106889,0.286677,0.209755,-0.084392,0.155781,#
17,0.099894,-0.150122,-0.093223,-0.200734,-0.249390,-0.175790,0.072290,0.093017,0.116015,-0.159022,-0.077073,0.043399,-0.048185,0.177213,-0.086498,0.079213,0.047454,1.000000,0.100601,0.093622,-0.074523,0.042166,0.121413,-0.373990,0.080905,0.274793,-0.016790,-0.067000,-0.101129,0.021571,-0.067156,0.087734,0.003024,-0.094850,-0.183477,-0.006191,0.078265,0.075076,-0.079835,0.197026,-0.064182,0.059198,0.040964,-0.008195,0.004816,0.159540,-0.147146,0.125202,-0.053546,0.022742,-0.065659,-0.118178,0.036820,0.098250,-0.072570,-0.147821,0.157559,-0.080766,-0.148844,0.053667,-0.253424,-0.030295,0.224747,-0.114784,0.033241,-0.130474,0.236840,0.174002,-0.118463,-0.179336,-0.123999,-0.186248,-0.292426,0.136835,0.252133,-0.191337,-0.038713,-0.070610,0.057223,-0.088090,0.059976,0.035411,0.009257,0.039151,-0.134360,-0.002227,0.000905,0.184154,-0.038628,-0.204568,-0.214912,-0.134736,0.119243,0.108263,0.115052,-0.020378,-0.096180,0.080326,0.162387,-0.142323,-0.042118,-0.208163,-0.016619,-0.141893,-0.132735,0.167425,-0.333759,-0.275461,0.001118,0.154080,0.238327,-0.132469,0.051555,-0.100378,0.178462,-0.155099,-0.173872,-0.131383,0.157427,0.164074,0.090949,0.070014,0.194166,-0.333744,-0.151533,-0.101761,-0.162283,-0.102432,0.011510,-0.090501,-0.056372,-0.058122,0.118855,-0.078819,0.024524,0.193927,0.250760,0.011008,-0.089399,0.257336,-0.047466,-0.017930,0.133358,-0.007763,0.078447,-0.111627,-0.119951,-0.105106,0.157853,0.007216,-0.067832,0.131807,-0.097734,0.071883,-0.048847,-0.108306,0.137759,-0.085473,-0.004588,-0.007582,0.024485,-0.005167,0.143525,-0.240979,-0.158042,-0.220970,-0.126929,-0.297394,0.092455,-0.088457,-0.108778,0.017095,0.219381,-0.014669,0.091907,-0.187602,0.066332,-0.044564,-0.008506,0.254191,-0.009259,0.018199,0.005828,0.383394,-0.156120,-0.070712,0.038510,0.019713,-0.216555,-0.004970,0.294411,-0.162904,-0.152220,0.023718,0.040570,0.046460,-0.012511,-0.074470,0.157143,-0.313656,#
18,-0.097429,-0.055990,-0.132176,0.022156,-0.214485,0.007929,-0.018952,-0.026561,-0.218584,-0.017683,-0.059015,0.347926,0.217822,0.077108,-0.031940,-0.093348,0.225831,0.100601,1.000000,-0.028696,-0.082005,-0.019411,0.118625,-0.165506,0.015533,0.274622,-0.080702,0.044436,0.000170,0.154184,-0.295323,0.220047,0.069784,0.145779,-0.063669,0.029103,0.100211,0.141867,-0.022701,0.121849,-0.112019,0.185254,0.173275,-0.133582,0.048633,-0.044345,-0.146210,0.254653,0.137035,0.047466,-0.222893,-0.060479,0.169434,-0.343761,-0.060609,-0.119877,0.137638,-0.139893,-0.074839,0.090648,0.034713,0.049834,0.094100,-0.212322,0.116116,-0.303567,-0.134770,-0.254060,-0.320883,-0.208344,-0.124040,-0.196295,0.022015,-0.189285,0.263437,0.009273,-0.042676,-0.180744,-0.436989,0.108502,-0.041981,0.039705,0.295398,-0.068080,0.031677,0.117465,-0.204711,0.039228,-0.000003,-0.248169,0.048758,-0.173563,-0.039239,-0.112893,-0.157347,0.008341,0.045496,0.134544,-0.122953,-0.009514,-0.062321,-0.026546,-0.067832,-0.049372,-0.143646,0.050219,0.144302,0.143815,0.027967,0.056401,0.252542,-0.179320,-0.152609,-0.138902,-0.049649,0.072931,-0.016601,0.120244,0.184936,-0.007863,0.194712,-0.155927,-0.059808,-0.051649,0.327554,-0.219918,0.194484,-0.044920,0.161341,0.083354,-0.211667,0.046607,0.102990,-0.039411,0.028732,0.072954,0.109604,0.019249,-0.287392,0.009090,-0.054997,-0.064267,0.148751,0.130261,-0.034814,-0.074079,0.219967,0.008950,0.204382,-0.126399,0.081732,-0.248733,0.197338,0.025184,0.245139,-0.043714,0.065909,-0.000155,-0.211595,-0.017036,0.184977,0.191638,0.369240,-0.085560,-0.047899,-0.200302,0.262601,-0.000472,0.057009,-0.037261,0.081599,-0.051755,0.159536,0.334148,-0.049107,-0.017498,0.009261,0.034709,-0.101197,0.086965,-0.098185,0.135261,0.096126,-0.075271,-0.174847,0.039387,0.107179,-0.047237,-0.061483,-0.008565,0.140565,-0.066067,-0.231415,0.158969,-0.106123,-0.028428,-0.061407,0.324551,-0.197296,0.077230,#
19,0.080303,0.167131,0.074617,-0.097184,0.074905,0.226317,0.078164,0.143370,0.091243,-0.166941,0.070196,0.062908,-0.098112,0.000343,0.068891,-0.039635,0.186328,0.093622,-0.028696,1.000000,0.124067,-0.124532,-0.042714,0.197457,0.220242,0.090709,-0.029646,-0.215359,-0.395884,0.215012,0.135461,0.123728,0.225212,-0.004325,0.170771,0.191979,0.054913,0.072453,0.026677,0.138885,0.213323,0.288871,0.088550,-0.066321,0.074532,0.231343,0.097651,0.069423,0.113259,0.215184,-0.059963,0.048038,0.016851,0.012017,0.110315,0.107301,0.084169,-0.066807,-0.124140,0.018298,0.071091,-0.071121,0.216552,-0.011150,0.002048,-0.039664,0.206189,0.097418,0.141501,-0.142990,0.213368,0.066746,0.109375,-0.062989,-0.065290,0.221247,-0.138429,0.135896,0.086534,-0.098519,0.193147,0.054265,0.072832,0.020425,-0.069743,-0.056410,0.034788,-0.009184,0.246121,0.071510,-0.221459,0.005243,-0.156075,0.085439,0.015813,-0.050680,0.160424,0.440574,0.127178,0.138582,0.043797,-0.029114,-0.010787,0.180502,0.226782,-0.063477,0.219074,-0.252270,0.173959,-0.171120,0.180461,0.062997,0.033603,0.143036,0.064966,0.250712,0.242196,0.108688,0.248198,-0.159521,0.452114,0.033606,-0.013084,0.211607,0.139777,0.204080,0.083987,0.184552,0.264926,0.149932,0.127723,0.172363,0.016121,0.016057,0.020034,0.238104,0.124848,0.146621,0.105883,0.042153,-0.002261,0.326812,0.083246,0.013471,0.052143,-0.094659,-0.085847,-0.009260,0.278544,0.105493,-0.077897,0.103814,0.075754,0.145071,0.308923,0.022812,0.187820,-0.005621,0.249247,0.163309,0.009724,0.189126,0.127494,0.191820,0.093144,-0.013071,-0.046486,0.192768,-0.020184,-0.030011,-0.178740,0.016750,0.188608,0.252882,0.213462,0.057124,0.195211,0.068706,0.143348,-0.061735,-0.060428,0.212284,0.220330,0.125976,0.086175,0.022170,-0.079151,-0.149570,0.024673,0.106121,0.163022,0.084613,-0.012106,0.265879,0.345685,-0.026947,0.192443,-0.051657,0.012678,0.033449,#
20,-0.081978,0.176117,-0.063769,0.114178,0.050246,0.022554,0.071826,0.172844,0.219406,-0.029992,0.112579,-0.009011,0.109065,-0.150674,-0.067103,-0.015740,0.441570,-0.074523,-0.082005,0.124067,1.000000,-0.004284,0.039517,0.235541,0.273244,0.122230,0.069319,-0.105079,0.011611,-0.138198,0.139633,0.250456,0.086638,0.170306,0.052891,-0.007619,0.115138,0.095331,0.071179,0.039752,0.155252,0.085352,0.106576,0.139202,0.086539,-0.066903,0.128005,0.174927,0.058613,-0.216828,0.096308,0.266002,0.089720,-0.092791,0.080004,-0.063754,-0.292713,-0.018274,0.007841,-0.102634,0.194505,0.033765,0.218799,-0.183176,-0.010778,0.083532,0.159899,-0.091219,-0.039832,0.012760,-0.020427,0.025171,0.098141,-0.057024,-0.170267,-0.119725,-0.096722,-0.073396,0.148652,0.137360,0.276263,0.138695,0.045108,0.120889,-0.045160,-0.102531,-0.031873,0.081560,0.173193,0.404398,0.036822,-0.043129,0.226808,0.083706,-0.001691,0.179650,0.146080,0.125564,0.119739,0.094548,0.217358,0.073036,-0.231035,0.208312,-0.037729,0.056053,0.336912,-0.039135,0.005059,0.103253,-0.000846,0.195324,-0.116571,-0.136112,0.307985,0.282049,0.182946,0.195101,-0.136582,-0.058955,0.236980,0.033474,0.052705,0.093181,-0.080536,-0.094793,-0.222808,-0.064447,0.075978,0.276656,0.133995,0.039959,0.208392,0.000690,-0.065895,0.257839,0.023319,0.094270,0.130601,0.138250,0.019482,-0.205620,0.300520,-0.117545,0.004652,-0.030005,0.258717,0.186981,-0.138576,0.081742,-0.022709,0.227440,-0.200094,0.001189,0.031609,-0.211907,-0.103005,0.185052,0.159290,-0.088625,-0.020947,0.007927,-0.022487,-0.047918,0.263690,0.088481,-0.088839,0.125882,-0.256560,-0.100975,0.088379,0.076995,0.018334,0.122033,-0.065237,0.015693,0.052601,0.210184,-0.008889,-0.084746,0.042913,-0.187709,-0.083250,-0.132884,-0.103721,0.069590,0.225576,-0.015925,0.206553,0.164177,0.033696,0.247024,0.376552,0.004300,0.247021,-0.030621,0.069013,0.184220,0.057996,0.174213,#
