0,1.000000,-0.066305,-0.142448,0.056245,0.176992,0.056041,0.012689,0.133968,0.034131,0.053611,0.093186,-0.070429,0.335230,-0.444291,0.181934,0.018235,0.142324,-0.107409,-0.191721,0.108921,-0.194048,-0.118616,0.017423,-0.024298,0.177395,-0.059451,0.356423,0.126205,-0.129532,0.064225,0.002138,-0.047073,-0.124809,-0.238949,0.239942,0.003980,0.146433,-0.177296,0.157104,0.135412,-0.243987,-0.019454,0.066771,0.153364,-0.006620,-0.057877,0.194220,-0.112122,-0.087751,0.096206,0.312613,-0.100655,0.195095,0.067235,-0.165443,0.158285,0.023094,0.082651,0.066922,-0.177372,0.281742,0.021849,-0.028064,0.037086,0.075286,0.141215,-0.275413,0.355097,-0.146609,0.089169,0.180444,0.052122,0.041294,-0.139048,-0.035995,0.115426,-0.199037,-0.167084,-0.161082,0.198800,0.310573,0.208239,-0.205802,-0.067556,-0.052716,0.286952,0.155158,-0.239331,-0.134748,0.098244,-0.077887,-0.193307,-0.074596,-0.144927,0.004196,0.164827,-0.098274,-0.010540,-0.028014,-0.125037,-0.035232,0.101479,-0.360667,-0.073996,0.151567,-0.224867,-0.296113,0.023986,0.085804,0.056068,0.216300,-0.162484,0.013111,0.042385,0.015558,0.258920,-0.127835,0.077380,0.133732,0.085036,0.038349,0.302619,0.176164,-0.004864,0.032469,0.079597,0.140508,0.067092,0.008657,0.029775,-0.036757,-0.131544,-0.312855,-0.169887,0.037901,-0.160533,0.109604,0.207307,-0.159973,-0.245547,-0.262550,0.166791,-0.064020,0.230279,0.086322,0.118192,0.020557,-0.089668,0.050642,-0.121345,-0.189839,-0.100420,0.028245,-0.280145,0.099962,-0.087267,-0.010940,0.061687,0.204723,0.142999,0.129832,0.329031,-0.151612,-0.048823,0.129518,0.126809,0.064797,-0.039050,0.210823,0.181450,-0.013440,-0.052092,0.339396,-0.055255,0.207602,-0.233812,-0.053571,0.090938,0.010392,0.172548,-0.045733,0.094604,-0.100901,0.136556,0.090370,0.130701,0.122387,0.131177,0.148452,0.215410,-0.067976,-0.149267,-0.122880,-0.031257,0.082261,-0.184050,-0.115814,-0.064701,-0.054526,0.106091,#
1,-0.066305,1.000000,0.023753,0.235166,-0.124825,0.183357,0.041447,0.135538,0.002153,0.051905,-0.073281,-0.199323,0.207059,0.252616,-0.126856,-0.243140,0.162738,-0.051544,0.123558,0.011055,0.299508,0.246848,0.198910,0.245454,-0.074317,0.326831,0.086661,-0.315717,0.016221,0.106255,-0.046034,0.049084,0.071714,0.026600,0.151648,0.298488,-0.049088,0.127314,0.026588,0.169692,-0.129915,0.081144,0.038306,0.045176,0.009993,0.242996,-0.085155,0.174608,0.168310,0.072955,0.095335,0.263769,0.127058,0.111585,0.007862,0.099735,-0.190314,-0.247760,0.167265,-0.015877,-0.016898,-0.019258,-0.130173,-0.042582,-0.107181,0.003954,0.036528,0.059692,0.126497,0.312678,0.096628,0.209440,0.314988,-0.069255,-0.020032,0.066645,0.357544,0.153701,0.011629,-0.085809,0.111602,0.090631,0.218787,-0.128441,0.037566,0.244686,0.040375,-0.137969,0.042408,0.014944,0.115082,-0.007853,0.056886,-0.104291,0.021536,-0.013236,0.082606,0.023823,-0.001499,0.202745,0.032008,0.046475,0.146988,0.185260,0.282874,0.033325,-0.199541,0.311000,-0.014116,-0.020311,0.195288,0.196844,0.019856,0.125292,-0.155996,0.102963,0.380122,0.419275,0.173847,-0.095428,0.306869,0.068093,-0.121865,0.068019,0.158770,0.058171,0.314463,0.059060,-0.060310,-0.043627,-0.035046,-0.224886,-0.142802,0.223918,-0.185052,-0.218210,-0.031166,0.172226,0.180966,-0.023133,0.030642,-0.035666,-0.324234,-0.245262,-0.091594,-0.010019,0.102126,0.153866,0.009124,-0.028656,0.142474,0.016025,-0.075668,0.057337,0.171040,0.015123,0.198924,-0.007137,-0.021475,0.021230,-0.157110,0.113248,0.253903,0.025587,-0.089449,-0.222473,-0.022255,0.363159,-0.114743,-0.055354,0.327473,-0.118319,0.105578,0.003914,0.254445,0.194328,0.044742,0.122035,-0.045848,-0.322402,0.051652,-0.057835,-0.026079,-0.011390,-0.054033,0.205844,-0.139529,-0.195263,0.186227,0.101219,0.014399,0.271612,0.010333,0.215361,0.177585,0.048364,0.144751,-0.066633,0.023663,0.114985,#
2,-0.142448,0.023753,1.000000,0.044314,-0.129868,0.060861,0.092940,0.052688,-0.130197,0.042736,0.045558,-0.078237,-0.109961,-0.049261,-0.099854,-0.029511,-0.096758,0.088959,0.099277,0.083336,-0.000016,0.141696,-0.205796,-0.017703,-0.109773,-0.216397,-0.043357,0.051442,-0.177256,-0.022228,-0.043718,0.279978,0.305584,0.221477,0.007603,-0.075328,0.192046,-0.036997,0.155448,0.245709,0.301449,0.125690,-0.209984,0.053883,0.013699,0.239584,0.160021,-0.041468,0.033710,0.233523,0.004157,-0.165887,-0.062612,0.275874,0.145539,0.117829,0.185686,-0.049581,-0.066972,0.051014,0.049621,0.036167,-0.111194,0.299234,-0.043172,-0.316268,0.426248,-0.068252,0.255333,0.266421,0.169651,0.010981,-0.118239,0.230898,-0.101007,-0.033448,0.140874,0.121887,0.155723,0.250619,-0.005176,0.203232,0.093556,0.147927,-0.018067,0.251689,0.224545,0.392433,0.216329,0.018782,0.294252,0.034569,0.122242,-0.052657,0.250067,-0.154640,-0.048031,0.060341,-0.127023,-0.029651,-0.063346,-0.214004,-0.160181,0.096972,0.094431,0.262323,-0.087615,-0.109306,0.175440,-0.018995,0.117427,0.031925,0.042257,-0.149005,0.050584,-0.215265,-0.083325,-0.062697,-0.078518,-0.053928,0.188643,0.247956,0.016582,0.020861,-0.046617,0.183878,0.110972,0.032218,-0.068746,0.209816,-0.108940,0.156818,-0.035650,0.272814,0.057609,-0.018488,-0.199138,-0.102365,-0.121160,0.126367,0.083155,-0.019626,0.126469,-0.081660,0.132223,0.109679,-0.004498,-0.010312,0.268793,-0.085904,0.159279,-0.080668,-0.020122,0.083166,-0.223576,0.141176,0.130140,-0.004066,-0.175582,0.006736,-0.073868,-0.094854,0.063149,0.014933,-0.145682,0.082547,0.079314,-0.035107,-0.082485,0.083359,0.107420,-0.107147,0.008846,-0.069679,-0.043554,0.253351,0.272675,-0.005002,0.073331,-0.057674,-0.005089,0.190645,0.141512,0.283469,-0.025628,0.112863,-0.012441,0.210600,0.000101,-0.073225,-0.134457,-0.004948,-0.070827,0.224724,0.190142,0.157441,0.182858,-0.014158,-0.081834,-0.002095,#
3,0.056245,0.235166,0.044314,1.000000,0.128680,-0.031856,-0.183060,0.103535,-0.105352,0.130995,-0.150508,0.181044,0.163014,-0.052131,-0.078009,-0.278618,0.093541,-0.094218,-0.118386,-0.069042,0.304744,0.136422,0.005891,-0.057112,0.222907,0.208667,0.190704,0.228665,0.027357,0.112240,-0.088693,0.160914,0.079045,0.066135,0.095545,0.006454,-0.134465,-0.077240,-0.022454,0.296786,0.164406,0.199075,-0.062441,-0.002548,0.229691,-0.107427,0.041088,0.320363,0.058006,0.000245,-0.021623,0.119455,0.180704,0.089033,0.311653,0.010877,-0.262936,0.017480,0.198958,0.042447,0.197834,0.031620,-0.054647,0.048675,0.044511,0.073607,-0.030988,-0.102641,0.036888,0.257441,-0.148138,0.070500,0.310672,0.149452,-0.000026,-0.013160,0.045721,0.020977,0.036659,0.088226,0.159931,0.378017,0.033031,-0.198262,0.014325,0.071162,0.079533,0.059265,-0.021366,0.149007,-0.138493,0.019683,0.037225,-0.041891,0.089995,0.129806,-0.081893,0.117614,-0.361101,0.176267,0.367718,-0.010048,-0.153438,0.116582,0.115117,-0.000414,0.116956,0.384688,0.039497,-0.063524,-0.150069,0.410523,0.144429,0.068725,-0.035493,0.137809,0.239284,0.303238,-0.039225,0.013751,-0.012671,0.196310,-0.119372,0.344481,0.053523,0.118555,0.145516,0.278630,-0.100826,0.277591,0.192835,0.029269,0.151870,0.146981,0.013154,-0.114468,0.143266,0.173498,0.129922,0.241799,0.077169,0.016867,-0.160529,0.144215,-0.208201,0.089898,0.252455,0.023571,0.099947,-0.172244,-0.119711,-0.059386,0.091169,0.025023,0.031969,-0.131452,0.351787,0.323295,0.032507,0.299467,0.294421,0.355749,0.209233,0.427262,0.029409,0.110356,0.068565,0.034742,0.048336,0.128196,0.404085,-0.136103,0.074602,-0.151665,-0.043168,0.115360,0.048973,0.011213,0.021163,-0.097300,0.136710,0.171027,0.118450,0.239892,0.096412,0.217271,-0.106711,-0.136292,0.240487,0.012733,0.068242,0.108581,0.282510,0.179971,0.366565,0.212721,0.203397,0.203880,-0.001528,0.041497,#
4,0.176992,-0.124825,-0.129868,0.128680,1.000000,0.072226,0.202064,0.018389,0.106036,0.084471,0.041391,0.064472,0.073701,-0.300438,0.152429,0.099316,-0.227973,-0.038176,-0.313099,-0.075419,0.213021,0.293510,0.260089,0.121618,0.119839,-0.040795,-0.114581,-0.026344,0.281148,0.083062,0.051348,-0.029847,-0.020313,0.011504,0.100975,0.270087,-0.170527,-0.133919,-0.098899,0.147879,-0.122742,-0.057779,0.237279,0.180621,0.266459,-0.221586,0.302344,0.039829,-0.196519,-0.108884,0.183249,0.090536,0.040988,-0.219363,0.100661,-0.007286,-0.145598,0.132266,0.254883,-0.148886,0.138324,0.121080,0.221584,0.014664,0.096055,0.457472,0.039145,-0.209857,-0.017639,0.112657,0.066237,-0.058213,-0.089613,-0.147594,0.092319,0.160167,0.077364,0.030245,0.031767,0.008662,-0.151442,0.299190,-0.042138,-0.173943,0.138889,-0.102015,0.126388,0.108722,-0.004931,0.067092,0.031996,-0.066345,0.077095,-0.017000,0.201029,0.264616,0.235711,0.041758,-0.076629,-0.050939,-0.111487,0.269440,-0.128314,0.230950,-0.038472,-0.207713,0.202104,0.002712,0.093128,0.283031,-0.071605,0.075863,0.199912,0.203251,0.000302,0.085996,-0.205395,0.283366,-0.080982,0.199202,0.129316,0.077928,0.071912,0.072148,-0.002190,-0.035399,0.139157,-0.122277,0.156320,0.202966,0.243592,0.132973,-0.010918,0.090927,0.116498,-0.211138,0.034912,0.233331,0.116251,0.260458,-0.073829,0.175021,-0.112896,0.167670,-0.068460,0.211834,-0.011820,0.003302,0.117455,0.132263,-0.088530,0.078341,-0.004562,-0.160369,0.197461,-0.077573,0.129432,0.405176,0.233095,0.151851,-0.119620,0.257959,-0.062216,0.123719,0.064555,-0.073028,0.216998,0.065637,-0.133278,0.067665,0.150908,-0.045938,0.069352,-0.122783,-0.059561,0.047835,0.151086,0.154763,0.065033,0.125462,0.242991,-0.059046,0.024702,0.030723,0.248437,0.268314,0.055028,0.046304,0.025552,0.134952,0.108650,0.014608,0.253527,0.005174,0.057675,-0.252092,-0.141140,-0.022282,0.041607,0.156872,#
5,0.056041,0.183357,0.060861,-0.031856,0.072226,1.000000,-0.024998,0.100460,-0.010418,0.108114,-0.034670,0.027536,0.226167,-0.081947,0.196158,-0.216007,-0.083396,-0.015499,0.040003,0.361561,0.031052,-0.086324,-0.037830,0.161966,0.293286,0.117625,-0.029317,-0.046934,-0.081524,0.307988,0.113311,0.237237,0.102276,0.350204,0.099151,0.046214,0.093281,-0.149225,-0.079707,0.008410,-0.009361,0.243066,-0.027724,-0.033817,0.155130,0.231728,0.015274,0.297797,-0.054880,0.182252,0.189731,-0.055805,0.069316,-0.020423,0.212569,0.220265,-0.057933,-0.041129,0.076972,0.050293,0.014586,-0.156555,0.216767,0.096456,0.107175,-0.081707,-0.066092,0.002557,0.043683,0.083724,0.273402,0.109561,0.146242,0.077152,0.204235,-0.006148,0.011741,0.293733,0.095654,0.105694,-0.001570,0.236862,0.096050,-0.050053,-0.011227,-0.154780,-0.071790,0.121161,0.160072,0.118018,0.269350,-0.191478,0.098027,0.077025,0.024058,-0.289106,0.288606,0.114806,0.058667,-0.240853,0.070827,0.065698,0.212179,0.208437,0.032379,0.184485,0.262737,0.002793,-0.125446,0.060399,-0.038203,0.057827,0.134710,0.079182,-0.165168,-0.070978,0.221428,0.360738,0.213816,0.027183,0.118674,0.179021,-0.168803,0.232751,0.142702,0.016260,0.256201,0.011463,0.124697,-0.144631,-0.065611,0.116472,0.020375,0.233746,0.285081,-0.137715,-0.283905,0.155596,-0.093508,-0.046717,0.006534,-0.131775,-0.029148,0.028182,0.190034,-0.022003,-0.013848,0.072134,0.059348,0.082826,0.289588,-0.098313,0.355125,-0.035256,0.377187,-0.115832,0.300679,0.015162,0.031398,0.112153,0.095039,0.235245,-0.152422,0.122459,0.102562,-0.096073,-0.157007,0.112985,0.097419,-0.112463,0.193909,0.006912,-0.054236,-0.006240,-0.066244,0.236625,0.281897,0.210051,-0.030775,0.139646,-0.013830,-0.065671,-0.148351,-0.059228,0.011592,0.447806,0.112494,-0.096872,0.252005,0.178045,0.014455,0.146306,0.089883,0.285284,0.120545,0.164818,-0.022700,0.148710,-0.107741,0.008783,#
6,0.012689,0.041447,0.092940,-0.183060,0.202064,-0.024998,1.000000,-0.091615,-0.057217,0.055323,0.112515,-0.047982,-0.191572,-0.272615,-0.126303,0.357987,0.222705,0.135776,-0.000258,0.018340,-0.103613,-0.024966,-0.043528,0.025216,-0.068969,-0.060748,-0.046738,-0.031478,-0.014785,-0.164617,-0.007511,0.124917,-0.155822,-0.116096,0.089849,0.049130,-0.033872,0.106766,-0.054504,0.120312,-0.134047,0.039963,0.253210,-0.029461,-0.175998,0.038985,-0.095961,-0.057331,-0.313619,-0.133194,-0.124552,-0.026146,-0.090996,-0.181367,-0.085649,-0.013738,-0.248695,-0.104648,-0.078202,-0.010816,-0.061593,0.183704,-0.156479,0.035738,0.118715,0.136893,0.032441,0.039041,-0.097645,0.011258,0.180664,0.102881,-0.245720,-0.071402,0.000559,0.121104,0.407230,0.001404,0.168204,0.026237,-0.315857,0.077876,-0.038726,0.082773,0.119175,-0.090657,0.081301,-0.031224,-0.190513,-0.296655,-0.216668,-0.038440,0.043243,-0.182615,0.119449,0.135301,0.139041,0.023202,-0.186788,0.002511,-0.141084,0.132318,-0.133216,-0.026836,0.070180,-0.167737,-0.065118,-0.036900,0.230093,-0.002188,-0.032114,-0.206599,0.112208,0.414080,0.087581,0.207465,-0.097930,0.079806,-0.120716,0.118195,-0.121549,0.014580,-0.301183,-0.221029,0.056494,-0.058129,-0.021530,-0.176875,0.009338,0.022194,0.156761,0.036073,0.104778,0.085896,0.124297,-0.112483,0.128353,-0.209097,0.077781,0.119253,-0.020741,0.003119,-0.230555,-0.098914,-0.064148,0.101231,-0.084253,0.220340,0.036033,0.015123,0.043836,-0.034767,-0.142213,0.142898,-0.016817,0.104867,-0.282971,-0.120916,-0.178584,-0.010201,-0.229375,0.066090,-0.043433,-0.096181,-0.177367,0.100100,0.104555,0.097064,-0.083101,0.007327,-0.142085,0.263293,-0.301359,-0.104788,0.066858,0.050797,0.088572,0.049624,0.126126,-0.088358,0.203905,0.133628,-0.040287,-0.015018,0.000889,-0.048017,0.135079,-0.191613,0.107907,-0.002651,-0.040618,0.191369,-0.041983,0.073917,-0.049916,-0.152458,-0.009681,-0.183676,0.027950,-0.050098,#
7,0.133968,0.135538,0.052688,0.103535,0.018389,0.100460,-0.091615,1.000000,-0.023281,-0.158436,-0.317869,-0.046875,0.146995,-0.042559,0.007254,0.003985,0.138014,0.120061,0.226767,0.087166,0.230507,0.105669,0.132615,-0.032150,0.112190,0.098106,-0.013409,-0.152026,0.027515,0.101271,0.000704,0.130735,0.159391,0.137752,0.167775,-0.028435,-0.269926,0.190590,0.400525,0.042755,0.099606,0.339030,-0.064296,0.006952,0.132219,0.200566,0.161215,0.119421,0.241054,0.182811,0.067596,0.047219,-0.025573,-0.118786,0.143884,-0.001767,-0.005963,-0.128545,0.245858,0.281293,0.225151,0.096967,0.062760,-0.145280,0.166232,0.009395,0.067520,-0.109413,-0.344377,-0.020766,0.141234,-0.116942,0.108317,-0.006178,0.068939,-0.077305,-0.039966,-0.133325,-0.108792,0.017412,0.240491,0.019852,0.123292,0.108457,-0.064297,0.179876,-0.059507,0.072227,0.015333,0.118527,0.145793,-0.113318,0.165162,-0.066958,0.277645,0.263053,0.189483,0.189843,0.109155,0.220774,0.160172,0.007349,-0.291569,-0.072274,0.283692,0.036676,-0.045305,0.112062,0.138240,-0.171203,0.031349,0.010340,0.223455,-0.037916,0.399522,0.067981,0.134818,0.022228,0.173608,0.242379,0.105802,0.225754,0.095261,0.034667,-0.048926,0.105793,0.141266,0.189134,0.166502,0.227017,0.027964,0.045713,-0.044926,-0.189549,-0.096322,0.025787,-0.025502,0.245959,-0.009973,0.018212,-0.152824,-0.005902,0.171196,-0.051412,0.190901,0.236667,-0.074334,-0.098310,-0.148176,-0.170368,-0.027544,0.126366,-0.018636,-0.244370,0.158245,0.164955,0.101254,0.220116,-0.205007,0.033595,0.094937,0.090411,0.197960,0.145907,-0.012527,0.078578,-0.157006,-0.148577,-0.190055,-0.092581,0.142650,-0.010297,0.224680,0.206566,0.032649,0.013993,0.040595,-0.203201,-0.005015,-0.041814,0.164226,0.017587,-0.088042,0.094927,0.226901,0.149377,0.164537,0.170983,0.182834,0.281652,0.020773,0.088512,0.117917,0.052814,0.277467,-0.058271,0.151894,0.255514,-0.099993,0.106763,#
8,0.034131,0.002153,-0.130197,-0.105352,0.106036,-0.010418,-0.057217,-0.023281,1.000000,0.055904,-0.085970,0.217974,0.028645,0.144441,0.119737,0.045721,-0.015038,-0.178866,-0.228847,-0.019803,0.069962,0.057826,0.080850,0.054400,-0.061834,-0.038089,0.037931,-0.238364,0.000260,-0.132819,0.063268,-0.095289,0.019138,-0.012318,0.049779,0.466345,0.100731,-0.113916,-0.131325,-0.124914,-0.078911,0.019663,0.200101,0.251354,0.032624,-0.171263,-0.115212,-0.397623,-0.049369,0.029269,0.123795,-0.012080,0.254668,-0.096388,-0.241243,0.064395,-0.031084,0.015218,-0.157875,-0.159089,0.081089,0.100080,0.086492,0.173293,0.010841,0.178133,0.086976,0.158908,0.092457,0.158967,0.254382,0.163849,0.222598,-0.186120,0.065839,-0.143440,0.182371,0.022574,0.125874,0.144629,-0.078096,0.125518,-0.086318,-0.043448,-0.025291,-0.064476,0.001306,-0.039161,-0.207151,-0.138925,0.006823,-0.073813,-0.180455,-0.144434,-0.295863,-0.040742,0.355812,0.231120,0.338823,0.235997,-0.240468,-0.297772,0.220151,0.345064,-0.293723,0.132982,-0.086725,0.162180,-0.054841,0.226556,-0.119433,-0.087641,-0.110699,-0.004422,-0.214257,0.079668,0.281572,0.079701,-0.158281,0.182174,0.034201,-0.054922,0.176705,0.383962,0.149395,0.184993,-0.079598,-0.071890,0.367993,0.162220,-0.082911,0.196427,0.032400,-0.156055,-0.193814,0.196515,0.124651,-0.012677,-0.044046,-0.035681,-0.134278,-0.122991,-0.130942,-0.306220,-0.024634,0.153056,0.020249,0.170552,0.032578,0.011986,-0.075103,0.224856,-0.228548,0.092987,0.257649,-0.070064,0.183835,0.241747,0.255962,-0.241099,0.138639,-0.051192,-0.246216,-0.306186,-0.062257,-0.028010,0.104871,0.163373,0.150070,-0.175603,-0.136801,0.307492,-0.186962,-0.059570,0.147591,0.033989,0.077196,0.152022,0.141738,0.090177,0.230043,-0.028010,0.107109,-0.119738,-0.016613,-0.163962,-0.046014,0.164629,-0.228919,0.046399,0.186813,-0.050457,-0.015215,-0.012852,0.057634,-0.170944,-0.352296,0.064849,-0.202261,0.082965,#
9,0.053611,0.051905,0.042736,0.130995,0.084471,0.108114,0.055323,-0.158436,0.055904,1.000000,0.043566,-0.192498,-0.039026,-0.025499,0.104740,-0.209938,-0.145399,0.160024,-0.297394,-0.071609,0.037296,0.064232,-0.183615,0.064677,0.117327,-0.183111,0.105496,0.168911,-0.117489,-0.366911,-0.271552,0.176690,-0.046957,-0.150299,-0.177350,0.032115,-0.033880,-0.286500,-0.048290,-0.037350,-0.117652,-0.007846,-0.165484,0.044446,-0.041954,0.016790,0.074877,0.015779,-0.071089,0.146878,0.241448,-0.006810,0.025220,-0.120515,-0.196780,0.108499,-0.000064,0.015842,-0.306647,0.140296,0.151122,0.041592,0.055431,-0.029248,-0.174085,0.081295,0.058804,-0.063827,0.076009,0.172044,0.233506,0.074616,0.140744,0.007804,-0.128191,-0.076989,0.104256,-0.000626,-0.024341,0.112610,0.062532,0.234020,-0.125810,-0.140129,0.073492,0.037110,0.296932,0.068463,0.052106,0.219049,0.192812,0.013999,0.163299,-0.154737,0.172842,-0.202383,-0.050016,-0.153726,0.115507,0.312487,-0.061276,0.141564,0.015869,-0.104744,-0.024958,0.173458,-0.155968,0.117332,-0.006649,-0.197483,-0.150281,0.226626,0.153200,0.019543,-0.007910,0.044762,0.109863,0.170497,0.208257,-0.063084,-0.233909,0.078510,-0.063065,0.098601,0.106608,-0.051785,0.077884,0.064112,0.008731,-0.143071,-0.060764,0.076504,-0.087154,0.276650,0.167868,-0.263222,0.027872,0.048293,-0.030138,0.084049,0.294481,0.257353,0.051778,0.191010,0.031504,0.138674,-0.147394,0.228054,0.006238,0.090730,-0.091037,-0.075086,0.074911,-0.038703,-0.152226,0.016098,0.061360,0.132698,0.192177,0.161944,-0.116044,0.212549,0.197676,0.123981,-0.172249,-0.040995,-0.071813,0.281822,0.069296,0.079637,-0.013596,-0.031396,-0.063698,-0.423345,-0.122576,-0.000062,0.260616,0.059818,0.138641,0.021429,-0.192750,0.155706,-0.036284,-0.050105,-0.013838,0.013176,0.036590,-0.032008,0.226314,0.066512,-0.223606,-0.171532,0.014486,0.033681,-0.243712,0.014938,-0.043479,0.029232,-0.341934,-0.105848,#
10,0.093186,-0.073281,0.045558,-0.150508,0.041391,-0.034670,0.112515,-0.317869,-0.085970,0.043566,1.000000,0.117278,-0.042360,-0.145936,-0.117240,0.045797,0.038653,0.008622,0.190851,-0.076678,-0.049823,0.037245,-0.383820,0.143593,-0.006967,0.108741,-0.260501,0.052890,0.049673,-0.122555,-0.061164,0.027391,-0.111196,-0.075800,-0.025708,-0.167726,0.195922,-0.037512,-0.202944,-0.167822,-0.022909,-0.226084,-0.002267,-0.015942,-0.023768,-0.141527,0.237143,0.083637,-0.242795,0.000147,-0.204610,-0.008938,0.180044,-0.090136,-0.034215,0.298767,-0.030973,0.036593,-0.177177,-0.035365,-0.033665,0.037266,0.118017,0.223922,-0.097250,0.044206,-0.018748,-0.085342,-0.045304,-0.098400,0.052249,0.136865,-0.287298,-0.020444,-0.102970,0.086290,-0.250777,-0.033134,0.195614,-0.284923,-0.125914,-0.123242,0.073484,-0.075835,-0.146043,0.158327,0.168736,0.145902,-0.212873,0.072018,-0.049490,0.019985,0.022285,-0.169426,0.014069,0.030346,0.128275,0.045603,-0.060191,-0.077901,-0.045018,-0.094064,-0.073915,0.054871,-0.563004,-0.008373,0.122778,-0.041570,0.032140,-0.000165,0.102920,-0.180511,-0.084821,0.100704,-0.003365,-0.068635,-0.278311,-0.046042,-0.107976,-0.148708,-0.023169,0.093778,-0.070986,-0.090062,0.047784,0.087903,0.287207,-0.002452,-0.130736,-0.105858,-0.065758,0.274351,-0.035851,-0.022455,0.041796,-0.058343,-0.109317,0.113136,-0.011929,0.129037,0.038277,0.131179,0.178807,0.226485,0.170924,0.111542,-0.078252,-0.010928,0.001987,0.131533,0.177807,-0.287603,-0.054243,0.171293,-0.057357,-0.123401,-0.004428,-0.037254,0.113829,-0.079611,-0.026237,0.156931,-0.075763,0.015265,-0.388286,0.120674,0.140521,0.223008,0.113764,-0.142134,-0.156328,0.087931,-0.115109,-0.012440,0.175825,0.179491,0.089713,-0.004443,-0.007506,0.169041,-0.284295,-0.135558,-0.067763,0.014093,-0.057287,0.009291,0.275386,0.125373,-0.017242,0.057356,-0.168673,0.012746,-0.055195,0.266836,-0.045795,-0.210005,-0.170221,-0.126855,0.019544,0.252655,#
11,-0.070429,-0.199323,-0.078237,0.181044,0.064472,0.027536,-0.047982,-0.046875,0.217974,-0.192498,0.117278,1.000000,0.015461,-0.008165,0.050067,0.044551,-0.077271,-0.064802,0.131755,0.022948,0.041809,0.032392,0.038204,-0.047921,0.039306,0.090399,-0.225696,0.178473,0.029983,-0.012509,0.393973,0.126023,0.145020,0.046540,-0.010669,-0.122839,0.023373,-0.032642,-0.165074,-0.221611,0.192204,-0.054573,0.158789,-0.055542,0.154753,-0.281506,-0.070908,0.011008,-0.107514,-0.152282,-0.303149,-0.120739,0.272646,0.048750,0.068170,0.030211,-0.196837,0.289576,0.167467,0.215979,0.015130,0.037674,0.145301,0.142580,-0.029418,-0.020759,-0.048801,-0.022810,-0.054612,-0.013903,-0.144655,-0.034384,-0.034153,0.079852,0.094100,0.195906,-0.210611,0.220138,0.225176,0.046456,-0.131855,-0.127530,-0.039902,-0.093904,-0.154831,-0.182401,-0.043083,0.061786,0.055644,-0.032837,-0.314761,-0.103760,0.032866,0.131997,-0.221054,0.177084,0.019272,0.170950,-0.008894,0.035367,0.006791,-0.225553,-0.254249,0.252352,-0.268042,0.041218,0.072484,0.216272,-0.070945,-0.048960,-0.063699,0.131468,-0.070316,-0.009502,0.030530,-0.092529,-0.018049,0.175693,-0.232795,0.266884,0.116047,-0.142427,0.106126,0.422932,0.091046,-0.075319,0.059927,0.263460,0.165960,0.210534,0.026417,0.227459,0.267656,-0.041033,-0.089530,0.261528,0.172290,0.180905,-0.071338,0.300292,-0.170082,-0.207634,0.074396,0.244846,-0.022079,0.037687,0.163006,-0.074426,-0.169765,-0.201108,-0.057804,0.102029,-0.029251,0.212894,-0.105342,0.064673,-0.021989,-0.005854,0.086263,-0.086455,0.109050,0.146206,-0.233093,0.200900,-0.063420,0.117075,-0.028549,0.049623,-0.004479,0.009653,0.215308,0.189710,-0.110686,0.031871,-0.034388,0.164558,0.069151,-0.071771,0.046097,0.015067,0.011221,-0.169814,0.042534,0.212949,0.046662,-0.143483,0.052568,0.157364,-0.187350,-0.159640,0.169674,0.267813,0.062790,-0.002314,0.107505,0.025698,-0.101375,0.029045,-0.032425,0.105943,#
12,0.335230,0.207059,-0.109961,0.163014,0.073701,0.226167,-0.191572,0.146995,0.028645,-0.039026,-0.042360,0.015461,1.000000,-0.058749,0.156982,-0.192693,-0.020367,-0.147325,0.013121,-0.020251,0.121903,0.117226,0.064485,-0.059097,0.148121,0.174433,-0.003235,-0.144900,-0.073438,0.149233,0.102947,-0.203537,-0.007933,0.037297,0.417919,0.008768,-0.059873,-0.164615,-0.110789,-0.067732,-0.169303,-0.237348,-0.112414,0.100731,0.057429,-0.036968,0.209467,0.230452,0.216209,0.279751,0.072992,-0.127876,-0.026171,0.012980,-0.090930,0.119906,-0.089652,-0.231407,0.199586,-0.118409,-0.151351,-0.136344,0.080436,-0.133684,-0.058488,-0.125053,-0.206430,0.248483,0.035073,0.050715,-0.078838,0.100835,0.225272,-0.132290,-0.018352,0.301872,0.013375,-0.001047,-0.102515,0.070524,0.259366,0.122992,0.101313,-0.314165,-0.045779,0.115211,0.075691,0.088440,-0.028844,0.099306,0.113999,-0.286245,0.120382,0.281425,-0.094406,0.022230,-0.092851,-0.073779,-0.199666,-0.214773,0.030806,-0.065504,-0.207469,-0.072277,0.043660,-0.004517,-0.039273,0.258663,-0.122934,-0.003251,0.008467,0.002930,0.166405,-0.013563,-0.136181,-0.109368,-0.180422,0.194031,0.088356,-0.096494,0.198311,0.247165,0.053738,0.109066,0.083188,0.324377,0.057994,0.007503,-0.224116,0.054514,-0.310322,-0.201192,0.009640,-0.145307,-0.121153,-0.024242,-0.154052,0.078618,0.017786,-0.184404,-0.213596,-0.233084,-0.129171,0.158338,-0.161833,0.125166,0.222971,0.102902,-0.213527,-0.052966,0.143416,-0.153591,0.122648,-0.260845,0.119690,-0.203080,0.055112,0.111496,0.208152,-0.269329,-0.047054,0.338215,0.021965,-0.055540,0.108814,0.161807,-0.114510,0.072494,0.221411,0.014945,0.237962,-0.213866,0.100684,0.007028,0.128293,0.139018,0.096175,-0.044562,-0.493238,-0.025974,-0.081199,0.177888,-0.093233,0.105753,-0.020935,0.057633,0.136495,-0.058322,0.182258,0.013048,-0.070336,-0.007464,-0.225621,-0.002683,-0.028294,-0.136662,-0.126403,0.004292,-0.119401,0.053662,#
13,-0.444291,0.252616,-0.049261,-0.052131,-0.300438,-0.081947,-0.272615,-0.042559,0.144441,-0.025499,-0.145936,-0.008165,-0.058749,1.000000,-0.022973,0.045030,-0.046363,-0.104169,0.152240,-0.180763,0.114091,0.106944,0.244005,0.156707,-0.092714,0.397306,-0.081766,-0.071815,-0.048139,0.017212,-0.027446,0.043746,0.053460,0.134752,-0.057313,0.207637,-0.013357,0.102892,-0.182191,-0.186011,0.149861,-0.013115,0.032786,-0.182758,0.013448,0.126157,-0.238298,0.152745,0.286689,0.017697,-0.149341,0.034167,0.063567,0.044128,0.145382,0.165940,0.154870,0.156452,-0.082007,0.067594,-0.050055,0.163771,-0.145744,-0.082809,-0.008764,-0.101115,0.204306,0.118904,0.161831,0.200541,-0.166132,-0.072044,0.318385,0.051968,0.020190,0.033972,0.035756,0.077523,-0.005331,-0.014688,-0.124098,-0.044668,0.156439,0.096383,-0.232472,0.187280,-0.190956,0.109456,0.313841,-0.049890,0.131015,0.128504,0.165869,0.098888,-0.207467,-0.169472,0.125583,0.044502,0.093966,0.142155,-0.025188,0.080344,0.155625,0.082999,-0.031643,-0.055691,-0.057977,0.268809,-0.224943,0.037747,-0.162007,0.063665,-0.210404,-0.076546,0.067961,-0.067726,0.105550,-0.062827,-0.036927,-0.146487,0.143373,-0.095924,0.120608,0.092954,0.046985,-0.093832,-0.077346,0.119865,0.088666,0.037371,-0.123800,-0.178815,0.079827,0.076283,-0.193231,0.057958,-0.076624,0.039472,0.251776,0.034743,0.203126,-0.168713,-0.036654,-0.168163,-0.078266,0.090421,0.066908,0.167804,0.030145,-0.147486,0.097782,0.047460,-0.086450,0.219021,-0.093576,0.036407,-0.038718,-0.230502,0.094934,-0.044817,0.117444,-0.126245,0.201648,-0.002806,0.017107,-0.115024,-0.098470,0.186762,-0.069162,-0.043770,-0.030820,0.044678,-0.234170,0.337138,-0.024897,0.114146,0.070913,-0.137981,-0.089001,-0.041530,0.016999,-0.133486,0.125876,-0.097639,-0.220130,-0.005418,-0.133476,-0.282398,-0.132822,0.153752,0.245851,0.115784,0.027158,0.022672,0.055778,0.256463,-0.086935,0.317193,-0.001068,0.158867,#
14,0.181934,-0.126856,-0.099854,-0.078009,0.152429,0.196158,-0.126303,0.007254,0.119737,0.104740,-0.117240,0.050067,0.156982,-0.022973,1.000000,-0.114702,0.035613,0.177700,-0.129142,-0.042248,-0.183537,0.023713,0.188367,0.139302,-0.064651,-0.064522,0.021864,0.121020,-0.053116,0.199865,0.449130,0.029951,-0.006547,-0.023065,0.087674,0.084244,0.156904,-0.023863,0.205558,-0.022025,0.011936,0.003612,-0.047290,0.110979,0.175106,0.084423,0.045517,-0.056442,0.113023,-0.014943,-0.005915,0.056981,0.201980,-0.294033,0.005274,0.272979,0.258303,0.037430,0.240663,-0.173163,0.164055,-0.140566,0.183320,0.044440,-0.026507,0.106488,-0.173503,-0.160820,0.088168,0.025809,0.321626,0.087387,0.172028,0.098181,0.166190,0.211745,-0.135229,0.098207,-0.249137,0.082231,0.039279,0.137143,0.118726,0.132102,0.005198,-0.051261,0.002948,0.056934,0.030562,0.320284,0.272976,-0.180058,0.222128,0.243406,0.022406,0.000163,-0.142257,0.035944,-0.016789,0.037945,-0.252288,0.034586,0.029064,0.104455,0.008548,-0.028316,0.101941,-0.050488,0.092576,0.134484,-0.131999,0.083580,0.281989,-0.003584,0.000745,-0.036362,0.102936,0.091047,-0.031653,0.213420,0.150706,-0.059334,0.066472,0.212425,0.111124,-0.194181,-0.072624,0.053863,0.072612,0.050053,-0.234587,-0.064314,-0.059265,0.075446,-0.075326,-0.328590,0.113111,0.086346,-0.014726,0.124900,-0.080944,0.066033,0.167324,0.359875,0.237649,0.063703,0.040795,-0.050402,0.033505,-0.115683,0.313331,0.047751,0.339001,-0.121196,0.014972,-0.105663,0.108125,-0.042865,0.117474,0.118733,-0.001373,-0.034076,0.074687,-0.133463,0.372932,0.061344,-0.059935,0.153210,0.079274,0.042670,0.075126,-0.247057,-0.026806,-0.060845,-0.057191,0.036956,-0.033145,0.171426,0.057315,0.194518,-0.010648,-0.086981,-0.051883,0.057088,-0.046849,0.195491,0.285090,0.198718,-0.027349,0.149451,0.036338,0.053048,0.166255,0.013897,-0.061576,-0.048205,-0.063773,0.268286,-0.150151,-0.023786,#
15,0.018235,-0.243140,-0.029511,-0.278618,0.099316,-0.216007,0.357987,0.003985,0.045721,-0.209938,0.045797,0.044551,-0.192693,0.045030,-0.114702,1.000000,0.073988,0.181317,0.067581,-0.037799,-0.136787,-0.050810,0.023001,0.165043,0.013018,0.125913,-0.135944,-0.080913,0.089802,-0.313247,-0.007543,0.104914,-0.129988,0.075218,0.036051,-0.015487,0.001569,0.147822,-0.154504,0.014004,-0.054106,-0.104753,0.138375,-0.009951,-0.170764,-0.004935,-0.017208,-0.174984,-0.200215,-0.042766,-0.006237,-0.066560,0.002465,0.009058,0.005208,0.001785,0.112415,0.004507,0.006916,0.214581,0.079169,0.167469,0.154378,-0.124271,0.166381,-0.048673,0.126005,0.147987,-0.117051,0.041683,-0.071954,-0.227997,-0.238761,0.086611,0.111906,0.108776,-0.061639,-0.083736,0.189272,-0.129501,-0.338036,0.092720,-0.013932,0.171715,0.019982,-0.040908,-0.287572,-0.121027,-0.034171,-0.337369,-0.062931,0.122722,0.052917,-0.077933,-0.121121,0.186506,0.078619,0.174341,0.170759,0.179281,-0.178534,0.009778,-0.104603,0.009928,-0.006746,-0.102384,-0.119476,-0.204914,0.016499,0.008741,0.008108,-0.186110,0.219840,0.007153,0.449782,0.061131,-0.320028,-0.165204,-0.122433,0.350727,-0.155087,0.148625,0.080420,-0.091504,-0.191615,-0.083933,-0.068745,-0.050676,0.007971,0.155080,0.177458,-0.116257,-0.112244,-0.107723,0.063440,0.201578,0.219043,-0.141361,-0.045950,0.145779,-0.173498,-0.074613,0.057651,-0.105006,-0.080686,0.000711,-0.059086,-0.040577,0.080323,-0.168313,0.002163,0.274411,-0.078160,0.148526,-0.074059,0.115633,-0.283293,-0.206735,-0.067857,0.053817,-0.019873,-0.066399,0.044076,0.054617,0.018267,-0.017052,0.111350,-0.093648,-0.036390,0.131120,-0.328286,0.190864,-0.178517,0.132149,0.097556,0.017772,0.037899,-0.067185,0.225707,0.077677,-0.030539,-0.073616,-0.142924,-0.013141,0.286606,-0.087466,-0.071064,-0.114316,-0.092387,0.030423,0.032951,0.203090,-0.094891,-0.044538,-0.049706,-0.010182,-0.201484,-0.070773,0.247261,-0.043501,#
16,0.142324,0.162738,-0.096758,0.093541,-0.227973,-0.083396,0.222705,0.138014,-0.015038,-0.145399,0.038653,-0.077271,-0.020367,-0.046363,0.035613,0.073988,1.000000,0.015668,0.265504,0.236029,0.065482,-0.327074,0.006138,0.089872,-0.081482,0.184290,-0.059668,0.055807,-0.217607,0.021264,0.219615,0.116715,-0.096463,-0.031722,0.174279,0.023055,0.042812,0.311541,0.151647,0.146989,-0.079321,0.061421,0.098022,-0.034141,-0.033992,-0.181686,0.018916,-0.059020,0.079193,0.128899,-0.061108,0.081319,0.038883,-0.024661,-0.067117,0.047646,-0.054597,-0.167169,0.031511,0.214041,0.119151,0.205261,-0.081700,0.022849,0.250781,0.012637,-0.057864,0.136589,-0.036889,0.071726,0.003584,0.167762,0.139155,0.100826,0.054036,0.046030,0.103153,-0.156439,-0.033738,0.101337,0.194782,-0.071533,0.081995,-0.071673,0.071586,0.111507,-0.009473,-0.094880,-0.265076,0.017779,-0.263626,0.174346,0.278492,-0.181002,-0.075333,0.074726,-0.051252,0.145439,-0.159925,0.129461,0.067400,0.052314,0.011816,0.083621,0.161766,0.056778,-0.071163,0.042436,0.336506,-0.110082,0.093010,-0.050819,0.114688,0.144952,0.098896,-0.032475,0.330208,-0.057031,0.064674,-0.006375,-0.176540,0.087875,-0.063683,-0.141867,0.288699,-0.014204,-0.200147,-0.052338,-0.044260,-0.017776,0.050590,0.022428,0.056537,0.164274,-0.016446,0.105584,0.151204,0.007756,-0.051030,-0.269264,-0.087948,-0.022285,-0.088292,-0.140871,-0.030483,-0.214083,0.023452,0.104682,0.111479,-0.023158,0.169574,-0.137239,-0.110668,-0.042913,-0.016972,-0.075533,0.158401,-0.008119,-0.186820,0.080035,0.196378,-0.128791,0.078439,0.018977,0.120625,0.123842,-0.052040,0.214739,-0.004940,-0.000867,-0.206653,0.098882,-0.155420,0.344719,0.188736,-0.087694,-0.009107,0.250994,0.013842,-0.067223,0.163025,0.140443,-0.127325,0.188687,-0.059817,-0.062771,-0.130707,-0.080528,0.134286,0.109007,0.093677,0.161203,-0.141809,0.206048,0.191082,-0.028482,0.028941,-0.040152,0.062509,-0.076947,#
17,-0.107409,-0.051544,0.088959,-0.094218,-0.038176,-0.015499,0.135776,0.120061,-0.178866,0.160024,0.008622,-0.064802,-0.147325,-0.104169,0.177700,0.181317,0.015668,1.000000,-0.076722,0.021121,-0.101354,0.074139,0.021864,-0.071404,0.005930,-0.069537,-0.206419,0.162857,-0.069123,-0.163706,0.132714,0.144040,-0.248555,-0.091541,-0.121547,-0.415497,-0.091190,0.195005,0.335787,-0.149560,-0.082697,0.187545,-0.092265,0.092922,0.125558,0.277120,0.012970,-0.005451,0.018458,0.045856,0.030386,-0.110269,-0.015692,0.044189,0.087692,0.163751,0.164793,-0.118509,0.087068,0.037090,0.213169,-0.137153,0.372054,-0.087671,-0.190714,-0.003625,0.241312,-0.074679,0.062556,-0.167582,0.256773,-0.067052,-0.078463,0.318958,0.189884,0.078720,-0.208133,-0.025270,0.113096,-0.070988,-0.138154,0.047511,-0.054089,0.264931,-0.080679,-0.139056,0.265371,-0.114742,-0.145389,-0.059605,0.048103,0.131346,0.190227,0.104116,0.217740,-0.022934,-0.117871,-0.119487,0.064782,0.259898,-0.092765,0.031270,0.008255,-0.190370,-0.060460,0.214901,-0.086685,-0.052534,-0.010053,-0.029166,0.012606,-0.141243,0.278704,0.166468,0.272103,-0.042488,-0.075802,0.022812,0.060461,0.190608,-0.113538,0.004120,-0.141287,-0.141335,0.056182,0.029309,-0.091732,0.136184,0.016749,0.044484,0.061764,0.032184,-0.001645,-0.037993,-0.053188,-0.025539,0.249044,-0.048072,-0.253949,0.064129,0.089870,0.052407,0.264186,0.062964,0.055691,0.033929,-0.407561,-0.220821,-0.034914,-0.052212,0.210228,0.014944,-0.054655,0.092460,-0.143818,0.134378,0.110570,-0.143406,-0.008063,0.109225,-0.091605,-0.039679,0.277227,0.075524,-0.166342,-0.278076,-0.313380,-0.049723,-0.015624,0.022071,-0.118377,-0.111047,-0.160976,-0.252579,-0.047338,0.097141,0.107039,-0.027666,0.163983,0.150585,-0.080125,0.137791,-0.029829,0.099616,-0.008659,-0.143458,0.134530,0.022577,0.042716,-0.146187,-0.034740,0.068127,-0.194164,-0.175390,-0.232139,0.179135,0.016329,-0.176158,-0.099588,-0.271891,#
18,-0.191721,0.123558,0.099277,-0.118386,-0.313099,0.040003,-0.000258,0.226767,-0.228847,-0.297394,0.190851,0.131755,0.013121,0.152240,-0.129142,0.067581,0.265504,-0.076722,1.000000,0.045471,0.126446,0.170358,-0.197700,0.088645,-0.187514,0.058071,-0.205076,-0.110398,-0.014840,-0.013643,0.043531,0.045202,-0.050099,0.317771,0.078185,-0.074223,-0.167933,0.342300,0.086630,-0.031611,0.232186,-0.064970,0.162320,-0.251018,-0.099283,-0.037725,0.251027,0.354633,0.150300,-0.067547,-0.344764,0.111076,0.012456,0.013805,0.075762,-0.011519,-0.020126,-0.011130,0.119240,0.183481,-0.030762,0.031518,-0.147671,-0.063027,0.153042,-0.214074,0.171654,-0.140470,-0.175699,0.099160,-0.212258,0.025449,0.009211,0.048808,-0.113919,-0.116679,-0.185548,-0.042867,-0.004544,-0.160438,0.006699,-0.286703,0.164126,-0.018065,-0.030195,0.256171,-0.300169,0.185747,-0.091518,-0.027460,-0.097966,0.012973,0.164472,0.111961,0.051630,-0.006007,-0.021538,-0.015318,-0.013568,-0.044894,0.140911,-0.034475,-0.114472,-0.129264,0.164148,0.281256,-0.054714,0.218521,0.023654,-0.074513,-0.038169,0.018383,-0.086768,-0.110231,0.162183,-0.066765,-0.120974,-0.103009,0.078322,0.016698,0.033563,-0.203251,-0.026513,-0.110270,0.086123,-0.066681,0.043901,-0.041704,0.046909,-0.032782,-0.013197,0.056460,-0.152383,-0.113258,-0.014522,0.248752,-0.130164,0.031563,0.143383,-0.176043,-0.306107,-0.128383,-0.041095,-0.123394,0.015939,-0.032894,-0.041423,-0.000589,-0.087986,-0.068930,0.046942,-0.124730,0.204411,0.068927,0.053164,0.121005,-0.134617,-0.312055,-0.313049,-0.198267,-0.093374,-0.210405,-0.013937,-0.074523,0.078302,0.065075,-0.044171,-0.075495,-0.151248,0.030888,0.130693,0.000872,-0.027218,0.226657,0.150046,0.040599,-0.203061,-0.067334,-0.106743,0.003231,0.055723,-0.139211,-0.247428,0.004580,-0.105890,-0.219778,-0.125665,-0.093200,-0.187670,0.044557,0.002232,0.219407,0.060041,0.118729,0.160788,0.014941,-0.070187,0.198037,0.106777,0.207438,#
19,0.108921,0.011055,0.083336,-0.069042,-0.075419,0.361561,0.018340,0.087166,-0.019803,-0.071609,-0.076678,0.022948,-0.020251,-0.180763,-0.042248,-0.037799,0.236029,0.021121,0.045471,1.000000,-0.003950,-0.143929,-0.104246,-0.111800,0.069936,-0.003985,-0.017971,0.093012,-0.287560,-0.038608,0.069150,0.169779,0.171522,0.132313,0.086443,0.047437,0.144400,0.210402,0.056684,0.046822,0.190600,0.282152,-0.056461,0.032888,-0.102409,0.110269,-0.045470,0.043567,0.208084,0.354642,0.127461,-0.224003,0.111013,0.298586,-0.124572,0.139356,0.124876,-0.060584,0.037460,0.167207,0.015660,-0.063076,-0.017942,0.074846,-0.019609,-0.118322,0.127590,0.135894,0.314553,0.056995,0.296895,-0.062016,0.094325,0.025511,-0.170134,0.136044,0.005500,0.111088,0.076078,0.112573,0.262143,-0.091039,0.025545,0.195039,0.213560,-0.049750,0.131298,-0.066432,0.081925,0.067998,-0.159549,0.111377,0.001342,-0.141490,-0.020304,-0.084722,0.150519,0.237532,0.161309,0.246913,0.045515,0.019867,0.234285,0.133048,0.133200,0.197571,0.216884,-0.075617,-0.058203,-0.242675,0.315781,-0.019506,-0.047629,-0.100059,-0.044859,-0.018185,0.265772,0.149486,0.275140,0.001595,0.224453,-0.045104,-0.074641,0.006618,0.033702,0.137008,0.067539,0.240108,0.139138,-0.067571,0.151290,0.075568,0.025602,0.249778,-0.068339,0.083368,-0.086211,-0.006153,0.183682,-0.178448,-0.077679,-0.025111,-0.213097,-0.120538,0.353171,-0.225519,-0.154979,-0.180388,0.114956,0.191246,0.047309,0.133410,-0.008810,-0.033010,0.192804,0.052772,0.282892,-0.048327,0.275423,0.138654,0.260610,0.186870,-0.110693,0.329023,0.307791,0.198631,-0.044209,0.115262,-0.066669,0.079297,-0.186436,0.199112,0.258250,0.145317,0.147286,0.049898,0.063776,0.187745,0.120660,0.049197,0.099356,0.198631,0.140380,0.192377,0.003119,0.049913,-0.170396,-0.025620,0.109395,0.121150,-0.013613,0.045906,-0.150440,0.131630,0.123503,0.114452,0.131564,-0.129588,0.060097,-0.135796,#
20,-0.194048,0.299508,-0.000016,0.304744,0.213021,0.031052,-0.103613,0.230507,0.069962,0.037296,-0.049823,0.041809,0.121903,0.114091,-0.183537,-0.136787,0.065482,-0.101354,0.126446,-0.003950,1.000000,0.132557,0.150075,0.233330,0.179640,0.269933,-0.222319,0.123973,0.196154,0.001301,0.037094,0.003171,0.296743,0.235100,-0.052861,0.233364,-0.294285,-0.010795,-0.108312,0.235197,0.134297,0.085026,0.028526,-0.303903,0.300139,-0.126985,0.004182,0.130024,0.134661,0.219235,-0.097232,0.184042,0.131332,0.162191,0.149764,-0.293366,-0.351599,-0.198717,0.125748,0.047023,0.057799,-0.025304,0.028456,0.135783,-0.016495,0.147012,0.055185,-0.148331,-0.115877,0.068469,0.062115,0.087953,0.356398,0.029702,-0.140465,-0.060560,0.220879,-0.138772,0.353606,-0.104553,-0.093560,0.097151,0.180971,-0.366716,-0.114823,0.101472,-0.021297,0.089899,0.051819,0.309854,0.082690,0.068477,0.016458,-0.127875,-0.032051,0.264268,0.189023,0.004953,0.034736,0.170069,0.129432,-0.040823,0.022389,0.165091,-0.055367,0.292010,0.286372,0.105012,-0.016974,0.318560,-0.066501,0.245654,-0.021777,-0.020700,0.019025,0.004536,0.035368,-0.004770,-0.082182,-0.035570,0.130261,0.082511,-0.072512,0.179026,0.114398,0.191674,0.268717,-0.096566,0.025492,0.185599,0.024118,0.175817,0.205422,0.117756,-0.069007,0.080824,-0.012955,0.294272,0.031705,0.187320,0.006927,0.081050,-0.020554,-0.111294,-0.034495,-0.149950,-0.122892,0.101007,0.009340,-0.055710,0.037522,0.003565,0.056778,0.090075,0.048631,0.071396,0.236782,0.142392,0.059630,-0.029886,0.146054,0.166754,0.107134,0.114095,-0.097876,0.081098,-0.054191,0.226115,-0.033030,-0.267776,0.252719,-0.088220,-0.046201,0.175043,0.081805,0.156265,-0.099161,0.169400,-0.017045,-0.071949,0.234970,0.034479,0.045541,0.138940,0.063173,0.095788,-0.080880,-0.058826,0.000352,0.108258,0.141946,0.285063,0.230591,0.128507,0.215366,0.125736,-0.014823,0.119432,-0.039463,-0.014802,#
