0,1.000000,-0.072259,0.064015,0.090258,-0.157834,-0.003684,0.035493,0.030977,0.045014,-0.173557,-0.050910,0.156607,0.226334,-0.385199,0.264624,-0.028610,0.008598,0.021955,0.023492,0.081691,-0.301365,0.034817,-0.050066,-0.008541,0.009694,0.012191,0.156553,-0.043077,-0.210973,-0.037953,-0.027115,-0.073625,-0.213656,-0.263272,0.283572,0.023032,0.259015,-0.177752,-0.059359,-0.088324,-0.092637,-0.095636,0.145489,0.074166,0.028469,0.085420,-0.012622,-0.084321,-0.171793,-0.161712,0.008756,-0.149747,0.363785,0.026068,-0.202059,0.042595,0.069803,-0.021356,-0.043035,-0.257318,0.274218,-0.203424,0.026807,0.095712,-0.089116,0.163965,-0.280486,0.248669,-0.216875,-0.021033,-0.142358,0.023906,-0.112164,0.081214,0.124942,-0.125432,-0.174682,-0.210357,-0.178117,-0.042936,0.215968,-0.084634,-0.181498,0.003882,-0.063441,0.304178,-0.117369,-0.227806,-0.229037,-0.208023,-0.074459,-0.068692,0.053793,0.059871,0.076850,0.219362,-0.221890,-0.006454,-0.042453,-0.088381,-0.250116,-0.056103,-0.439319,-0.062534,0.010162,-0.248058,-0.204151,0.019283,0.221147,-0.062834,0.180058,-0.120883,-0.045921,-0.069475,-0.019993,0.106987,-0.228939,-0.110148,0.060852,0.154515,0.163621,0.344613,-0.037344,-0.027852,-0.100191,-0.047653,0.074095,0.079189,-0.233096,0.011088,-0.309828,0.016761,-0.120231,-0.087193,0.049414,-0.208724,0.126669,0.015881,-0.198056,0.109115,-0.262579,0.169376,0.044789,0.355826,0.126749,0.014585,-0.067392,-0.093688,0.080982,-0.256789,-0.002592,-0.210918,-0.088434,-0.145156,-0.048277,-0.086323,-0.149928,-0.075842,0.116736,0.176353,0.058907,0.241336,-0.264024,-0.067248,-0.078086,0.164556,0.190700,-0.015847,0.090589,0.037777,-0.055037,-0.018802,0.125489,0.100631,0.113696,-0.040434,0.090714,-0.102254,0.071210,0.070113,-0.196662,0.160700,-0.065931,0.068446,0.104363,-0.017947,0.190382,0.161949,0.098852,0.261309,-0.144620,-0.041746,-0.076411,0.041550,-0.087368,-0.162059,-0.211189,-0.106339,-0.152426,0.062917,#
1,-0.072259,1.000000,-0.180197,0.074451,0.079024,0.107707,-0.105217,-0.047418,-0.077942,-0.083155,0.087407,-0.043216,0.255330,0.297438,-0.012694,-0.185329,0.092294,-0.270750,-0.083057,0.042922,0.191804,0.217286,0.372664,0.429945,-0.234984,0.226310,0.109767,-0.136745,-0.153026,0.017452,0.028368,-0.044935,0.131828,0.076769,0.134495,0.140385,0.071993,0.040761,0.057176,-0.030200,-0.071472,0.126645,-0.104346,-0.008622,0.058538,0.097216,0.030879,0.036834,0.220024,0.175522,0.123757,0.318137,0.074314,-0.130729,-0.016380,0.199524,0.058892,-0.102446,0.117988,0.142559,-0.091259,0.167847,-0.232594,-0.010688,-0.103232,-0.052264,0.128938,0.176674,0.108444,0.241960,0.140654,0.145113,0.369557,-0.114094,0.064470,0.149106,0.186092,0.025175,-0.127213,-0.040350,0.159419,0.042421,0.214959,-0.032199,0.087728,0.160548,-0.033506,-0.124478,0.120611,0.127886,0.221896,0.096362,0.092372,-0.135169,-0.264582,-0.054280,0.111832,-0.021067,-0.111435,0.202592,-0.168027,0.364417,0.093014,0.249224,-0.002503,-0.254556,-0.015634,0.152265,-0.128709,-0.128844,0.046419,0.097434,0.053769,-0.076522,-0.004209,0.072280,0.435428,0.486638,0.060060,-0.110504,0.304526,0.215518,0.007420,0.106113,-0.045892,-0.050875,0.174879,0.095744,0.000900,0.106947,-0.152968,-0.150820,-0.053516,0.154510,-0.147747,-0.209711,-0.153319,0.031397,0.252666,-0.017515,0.094744,-0.011472,-0.247447,-0.097987,-0.097094,0.051251,0.184376,-0.013220,0.136590,0.078274,0.205990,-0.014351,-0.060747,-0.027312,0.145190,0.078186,0.258027,0.159086,0.073946,-0.005244,-0.046693,0.169307,0.034531,0.113779,0.142450,0.051681,-0.081502,0.435627,-0.084358,0.078173,0.033104,0.014157,0.129831,0.106991,0.149252,-0.042295,0.101137,0.024975,-0.132607,-0.396506,0.081977,-0.113776,0.126539,-0.180683,-0.198865,0.352876,0.018046,0.027664,0.083181,0.158205,0.137015,0.007969,0.062674,0.035767,0.241285,0.054770,0.133730,0.086844,0.047391,0.028960,#
2,0.064015,-0.180197,1.000000,0.066559,0.080134,0.173265,-0.082678,0.132678,-0.078944,0.261404,-0.072304,-0.106907,-0.118680,-0.124611,0.099513,-0.202057,-0.059581,0.053528,-0.203513,0.065166,0.122687,0.057209,-0.108717,0.047748,0.021621,-0.185207,0.059572,0.132587,-0.142047,-0.015568,-0.121116,0.123591,0.323382,0.066570,0.075984,0.087791,0.151218,-0.133832,0.138556,0.130294,0.208186,0.143854,-0.187701,-0.046477,0.154685,0.289198,0.180867,-0.148946,-0.073242,0.317199,-0.024875,-0.171505,-0.081064,0.365035,0.118675,0.148116,-0.004649,0.026186,-0.086882,-0.037894,0.174873,-0.027594,-0.004381,0.292049,-0.111301,0.093100,0.230132,-0.197435,0.145923,0.114611,0.371329,-0.115555,0.009300,0.102988,-0.056318,-0.008461,0.304050,0.053966,0.058958,0.265343,-0.117288,0.261725,0.059028,0.040012,-0.116987,0.212696,0.340198,0.283385,0.235201,0.060948,0.334631,-0.008149,0.065658,-0.225733,0.370209,-0.073283,-0.042409,-0.019956,0.158058,-0.000390,0.042454,-0.266758,-0.165146,0.152141,0.136211,0.304675,0.076712,-0.134819,0.355314,0.047826,0.098262,0.050464,0.258142,0.064518,0.007972,-0.157323,-0.125819,-0.118164,0.134641,-0.115050,0.120947,0.192617,0.024364,-0.053780,0.041430,0.174210,0.144620,0.039105,0.101420,0.068032,0.099643,0.136667,0.026627,0.405966,0.092490,-0.332180,-0.199699,0.011566,-0.051792,0.130541,0.215539,-0.006103,0.094242,-0.008047,0.061009,0.116882,0.024365,0.083116,0.269780,-0.120208,0.174097,-0.076363,-0.032614,-0.009253,-0.170232,0.275355,0.122659,0.102749,-0.061675,-0.088412,0.063205,-0.068973,0.150890,0.074150,-0.143570,0.051060,0.154243,0.073524,0.011508,-0.006770,0.137949,-0.098857,0.055676,-0.125256,-0.076268,0.313458,0.274222,0.063025,0.214798,0.138904,-0.079223,0.194291,0.039756,0.236299,0.075007,0.248040,-0.066325,0.010958,0.078958,-0.019309,-0.092708,0.007643,0.025058,0.197833,0.062618,0.039964,0.152494,-0.097200,-0.308340,0.022564,#
3,0.090258,0.074451,0.066559,1.000000,0.154393,0.087154,0.042661,0.377438,-0.006485,0.039371,-0.145373,-0.076725,0.201816,-0.154591,0.017165,-0.136989,-0.130447,-0.099809,-0.232145,-0.062496,0.165345,0.238793,0.002883,-0.013285,0.026295,0.171053,0.070285,0.090231,0.066708,-0.038921,-0.078138,0.066525,0.021031,0.216470,0.144469,-0.007172,-0.165541,-0.151894,0.018738,0.092854,0.145421,0.242429,-0.081473,-0.104889,0.271558,0.013604,0.025649,0.302648,0.263945,0.024386,0.055485,-0.091075,0.132006,0.148352,0.273585,0.001555,-0.253013,-0.122288,0.389348,-0.016803,0.149490,0.126541,-0.084227,0.048496,0.056822,0.238101,-0.022272,-0.171005,-0.019192,0.154231,-0.089335,0.306938,0.280356,0.297029,-0.049272,-0.160974,0.075828,-0.000323,0.151088,0.013866,0.076347,0.067427,-0.102355,0.198543,-0.041649,0.056556,0.016319,0.124159,-0.074603,0.047372,-0.133331,0.118650,0.151636,0.065404,0.304091,0.131936,0.078378,-0.082554,-0.152522,0.121877,0.017074,-0.089510,-0.161650,0.161399,0.068518,0.105485,0.163465,0.450033,-0.038273,0.005258,-0.205118,0.235215,0.137773,0.088370,0.024924,-0.104007,0.199051,0.110187,-0.057357,-0.012852,-0.160848,0.239367,-0.230842,0.143325,0.014253,0.097492,0.157693,0.163794,-0.182918,0.068218,-0.023352,0.090025,-0.075842,0.246359,0.200337,-0.041082,0.139992,0.000376,0.030357,0.013187,0.078799,0.010883,-0.056181,0.189611,-0.080631,0.219725,-0.015565,-0.156754,0.077005,-0.165852,-0.076729,0.028142,0.214881,-0.237112,-0.030297,-0.051202,0.311057,0.142966,0.121407,0.289654,0.243452,0.173398,-0.084881,0.378660,0.053917,0.140556,-0.100742,-0.004117,0.027622,0.067167,0.338569,-0.028144,-0.062096,-0.115655,-0.110839,0.149254,0.024521,-0.079289,0.079448,-0.293689,-0.022137,0.076099,0.007815,0.127761,-0.023269,0.083957,-0.087693,0.065420,0.405535,0.188894,-0.148739,0.001477,0.218922,0.005735,0.115623,0.204626,0.338669,0.165963,0.026123,0.037325,#
4,-0.157834,0.079024,0.080134,0.154393,1.000000,0.081316,0.258898,0.021005,-0.041518,0.006026,0.292473,0.070544,-0.046182,-0.262655,-0.038228,0.182380,-0.220245,-0.177114,-0.122241,0.001083,0.128271,0.333057,0.123126,0.089774,-0.074196,-0.171405,0.050345,-0.055269,0.256986,0.022539,0.121189,-0.050170,0.193125,0.134502,0.076890,0.176561,-0.183296,-0.084524,0.046338,0.171603,-0.014108,0.137844,0.111878,0.172251,0.173629,-0.178773,0.250145,-0.015981,-0.160983,-0.035667,0.107494,0.273985,-0.028888,-0.178741,0.091904,0.082170,-0.145319,-0.015859,0.243345,-0.055917,0.016227,0.203153,0.074910,0.076014,0.105548,0.268061,0.195096,-0.233173,-0.003368,0.125115,0.224520,0.047184,0.059698,-0.202049,0.007806,0.343177,0.173302,0.037867,0.177336,0.062435,-0.237080,0.286061,0.014470,-0.141395,0.153363,-0.008973,0.098640,0.018807,0.084634,0.156986,0.003514,-0.084840,-0.067868,-0.052536,0.075150,0.119232,0.266981,0.123953,-0.098113,0.049374,0.094051,0.065415,-0.132313,0.125638,0.094272,-0.153927,0.241073,0.005981,-0.082439,0.222263,0.024881,0.061970,0.285420,0.278737,0.009731,0.138267,-0.154539,0.502272,-0.104448,0.242308,0.289665,0.013905,0.000062,0.172319,0.094289,0.077391,0.300792,-0.062334,0.262226,0.280933,0.337574,0.104225,-0.079217,0.076169,0.075660,-0.029287,-0.019096,0.096350,0.165292,0.142095,-0.066055,0.176498,-0.186809,0.114294,-0.111807,0.335991,0.180284,-0.108776,-0.098779,0.088357,-0.085111,0.173169,-0.003127,-0.010061,0.190733,-0.077363,0.171568,0.307432,0.119629,0.069828,-0.220056,0.237788,0.042776,0.233109,0.066585,-0.017705,0.234279,0.179201,-0.201202,0.158822,0.172626,-0.051339,0.053378,-0.198547,0.135425,0.162507,-0.050208,0.129422,0.024728,0.023269,0.245833,0.003541,0.177457,0.037607,0.151813,0.238084,-0.050642,0.058411,-0.073487,0.029098,0.026786,0.162305,0.222339,-0.052191,0.314938,-0.314519,-0.030691,-0.013200,0.085197,0.261282,#
5,-0.003684,0.107707,0.173265,0.087154,0.081316,1.000000,-0.153259,0.136681,-0.076811,-0.022403,-0.086370,-0.050440,0.181676,-0.056743,0.077270,-0.153343,0.012339,-0.122563,0.068118,0.258905,0.024003,-0.164816,-0.154917,0.141150,0.046905,0.202222,0.056523,0.176855,-0.179289,0.232279,0.053245,0.209735,0.107129,0.362684,0.000219,0.174513,0.139128,-0.333849,0.078354,0.086248,-0.132593,0.163400,-0.129285,0.095983,0.182300,0.108816,0.027832,0.266613,0.033644,0.088457,0.202839,-0.145561,0.102238,0.088286,0.128185,0.401289,-0.022676,-0.087770,0.119058,0.064577,-0.141697,-0.041397,0.035206,0.293536,-0.005179,-0.160175,-0.114797,-0.030215,0.139548,0.275354,0.287798,0.094036,0.206545,0.072374,0.171954,-0.164501,-0.113061,0.328138,0.151228,0.019865,0.014795,0.304230,0.133904,-0.040985,-0.062811,0.048930,-0.014860,-0.031193,0.183137,0.102856,0.078510,-0.167917,0.079944,0.029225,-0.041083,-0.386376,0.164786,0.116198,0.149203,-0.222500,0.098191,0.135750,0.111204,0.158367,-0.015411,0.139365,0.167300,0.148858,-0.094668,0.067583,0.045880,0.075451,0.056195,-0.037629,-0.099896,-0.097209,0.215566,0.343656,0.101249,-0.099717,0.010499,0.134813,0.061838,0.219206,0.123769,0.024769,0.399740,-0.083227,0.070154,-0.074862,-0.032547,0.180778,0.108367,0.284771,0.109482,-0.139589,-0.339280,0.340262,-0.153701,-0.135350,-0.068337,-0.085549,0.097447,0.036983,0.297957,-0.008075,-0.042278,-0.052840,-0.012216,0.124222,0.304630,0.052254,0.260137,0.027798,0.085641,-0.029622,0.286256,0.144143,0.034488,0.066506,0.027931,0.220643,-0.055710,0.163177,0.289944,-0.209989,-0.156976,0.183233,-0.016596,-0.158853,0.240877,0.019991,0.097180,-0.064564,-0.246586,0.221839,0.223377,0.212277,0.150595,0.125624,-0.004216,0.000674,-0.194429,0.131254,-0.037589,0.138885,-0.260752,0.075533,0.420381,0.220682,0.008512,0.222903,0.080636,0.299230,0.216337,0.254007,-0.079141,0.212103,-0.023645,0.167025,#
6,0.035493,-0.105217,-0.082678,0.042661,0.258898,-0.153259,1.000000,-0.156780,0.181245,0.191787,0.123126,0.061991,0.002878,-0.146819,-0.147016,0.391161,0.105328,0.104851,-0.077488,0.130265,0.071888,0.081796,0.001005,-0.085682,0.252558,0.074413,-0.150501,0.064179,0.117747,0.098153,0.129559,0.214684,0.156619,0.069740,-0.026444,0.162690,0.055382,0.282172,-0.048017,0.071339,0.086820,-0.161541,0.403458,0.171504,-0.119574,-0.161651,0.033498,0.173850,0.055699,0.055635,0.005319,0.144193,0.148080,-0.030461,-0.015016,-0.113584,-0.128201,0.031190,0.075933,-0.176919,0.311143,0.168421,-0.006009,0.107908,0.289254,0.233413,0.274946,0.254695,0.070314,0.121125,0.192274,0.299530,-0.071100,-0.119194,-0.093835,0.414590,0.310564,0.032455,0.267190,0.064628,0.044221,0.121070,-0.189507,0.101708,0.220772,-0.116710,0.274465,0.123900,-0.064506,-0.026364,-0.161818,0.218836,0.063809,0.017408,0.125762,0.051848,0.140310,0.175304,0.019630,-0.059375,0.035310,0.165306,0.118187,0.005820,0.120276,-0.129980,-0.005712,0.106954,0.060506,0.001068,0.026761,-0.126965,-0.074045,0.375031,-0.043695,-0.006635,-0.177772,0.116028,0.021499,0.266855,-0.002902,-0.089505,-0.137223,0.051789,0.023556,0.076630,-0.177946,-0.114079,0.199246,0.020908,0.177365,0.061636,0.072686,0.022280,0.044787,0.001261,0.048352,0.023397,0.006140,0.321890,0.117421,-0.001113,-0.383730,-0.002429,0.055286,0.069051,-0.002969,0.229147,-0.028514,-0.119946,-0.035340,0.132316,-0.071116,-0.019351,-0.034244,-0.020630,0.092449,-0.172949,0.061289,0.227128,-0.054150,0.082428,-0.132079,0.108099,-0.027390,0.111059,0.139773,-0.001102,0.145693,-0.005413,-0.074742,0.184741,-0.248258,-0.062241,0.055121,0.094928,-0.029765,0.374391,-0.152182,0.113037,0.055316,0.309050,-0.033204,0.263645,0.127517,0.032655,0.128099,-0.184172,0.040427,0.069740,-0.069070,0.186959,0.036758,-0.071061,0.022826,0.118340,0.125026,-0.121751,0.096971,0.133067,#
7,0.030977,-0.047418,0.132678,0.377438,0.021005,0.136681,-0.156780,1.000000,-0.028820,-0.193064,-0.137778,-0.265390,0.255587,0.018690,0.205046,0.038191,0.093220,0.165591,-0.005861,0.120417,0.049462,0.016866,-0.057981,-0.047217,0.221761,0.065315,0.035091,-0.026409,-0.132633,0.264371,0.034876,-0.030439,0.071025,0.049725,0.132477,0.071644,-0.110551,0.163312,0.136992,0.020118,0.090551,0.304440,-0.128940,0.140624,0.154244,0.360107,0.153602,0.238716,0.263752,0.011473,0.035278,-0.020175,-0.016278,0.040745,0.260012,0.068812,0.160245,-0.301376,0.341070,0.273612,-0.064316,0.184482,0.126107,0.041227,0.056353,0.069691,0.124841,-0.135830,-0.124105,0.037931,0.124376,-0.009444,0.185174,0.197954,-0.043498,0.051640,-0.048052,0.042239,-0.158770,-0.053655,0.387101,0.044513,0.135514,0.199651,-0.065508,0.186756,0.092890,0.075766,0.098816,0.237935,-0.095299,0.032188,0.321563,0.011359,0.293883,0.197927,-0.039168,0.230687,0.266698,0.073780,0.162310,-0.082984,-0.219061,-0.095178,0.169296,-0.058478,0.044755,0.225644,0.155149,-0.004270,0.181829,0.135571,0.300240,0.012411,0.284179,-0.061584,0.056426,0.073482,0.289607,0.056059,0.196148,0.092448,0.181119,-0.021169,-0.094601,0.195783,0.112781,0.112590,0.027951,0.074328,0.017405,0.096606,-0.017997,0.074695,0.032356,0.110967,0.120463,0.277883,-0.034019,-0.031975,-0.047260,0.016381,0.211168,0.113720,0.103584,0.135560,0.130189,-0.148366,-0.013359,-0.159456,0.014203,0.261363,0.071715,-0.380466,-0.016272,0.162238,0.257185,0.186839,0.061190,0.109536,0.023994,0.029008,0.308981,0.191301,0.199492,-0.003296,-0.050254,-0.110939,-0.210799,0.085307,0.198805,-0.154665,0.150197,0.051098,-0.031612,0.189917,0.070084,-0.284000,0.127011,-0.025267,0.001664,0.172468,-0.071189,0.239155,0.002852,-0.053052,0.138591,0.029724,0.296370,0.194873,-0.112063,-0.062960,0.147231,0.157131,0.198285,0.035820,0.302382,0.326311,0.139157,0.179894,#
8,0.045014,-0.077942,-0.078944,-0.006485,-0.041518,-0.076811,0.181245,-0.028820,1.000000,0.021971,0.087596,0.031508,0.042217,0.181568,0.106138,0.220264,-0.005049,0.027977,-0.312090,0.153997,0.189253,-0.008574,-0.183656,0.160275,0.323761,0.081604,-0.008720,-0.380065,0.128559,-0.022993,0.129500,0.157703,0.003598,-0.096180,0.082791,0.329877,0.095782,0.078910,-0.240979,0.086506,0.006621,-0.080228,0.431804,0.121745,-0.068769,-0.030967,-0.009113,-0.044824,0.039783,-0.116176,0.254692,0.100003,0.042692,0.069790,-0.011638,0.129897,0.118208,-0.056952,-0.100319,-0.121533,0.213751,0.046945,0.400915,0.162678,0.366582,0.181490,0.080141,0.160598,0.357742,-0.016057,0.179323,0.297093,0.019382,0.045079,-0.042842,-0.048271,-0.052402,0.132849,0.331837,-0.158314,0.146580,0.179800,-0.185359,-0.137185,0.165512,0.071189,0.036201,0.089381,-0.134681,-0.049282,-0.009538,-0.037533,-0.196319,0.072081,-0.174778,-0.019864,0.332784,0.347671,0.339409,0.284214,0.012237,-0.278089,0.134103,0.261638,-0.173309,0.202907,-0.029102,-0.121415,-0.119773,0.226587,-0.128256,0.136689,-0.045486,0.084574,-0.113602,0.045453,0.157056,0.042704,-0.054855,0.159263,-0.157565,0.036316,-0.002358,0.223663,0.083594,0.199365,-0.044430,-0.097207,0.130614,0.108855,0.011462,0.141045,0.069426,-0.031598,-0.033963,0.287209,0.104122,0.093505,0.097180,0.138956,-0.139658,-0.057826,0.127798,-0.300756,-0.017776,-0.071236,-0.155005,0.275236,0.109560,-0.114097,-0.044183,0.318935,-0.156938,0.123849,0.183257,-0.233780,0.126536,0.185848,0.397444,0.057944,-0.056121,-0.208758,-0.109805,-0.065571,-0.217377,-0.021057,0.119508,0.174564,0.253124,-0.253728,-0.053158,0.199932,-0.230264,0.089045,0.124433,0.091982,0.216270,0.069265,0.141601,0.097498,0.087486,-0.098227,0.168261,-0.009117,0.165679,-0.099839,0.232021,0.126901,0.089588,0.116099,0.136962,0.112562,0.306293,0.133313,0.181200,-0.038403,-0.277585,0.120544,0.108678,0.189944,#
9,-0.173557,-0.083155,0.261404,0.039371,0.006026,-0.022403,0.191787,-0.193064,0.021971,1.000000,0.037697,-0.222991,-0.064339,-0.005893,0.045682,0.135054,-0.059175,-0.134403,-0.193650,-0.176099,-0.034830,-0.068441,-0.285122,0.001233,0.050786,-0.309496,0.136906,0.037469,-0.019126,-0.340139,-0.103813,0.243628,0.012778,0.056799,-0.299739,0.040295,-0.119992,-0.129371,-0.102664,0.059067,0.047082,-0.124868,-0.216653,-0.016772,0.032311,-0.069804,-0.002560,-0.215113,0.023471,0.157006,0.095549,0.054306,-0.067216,-0.031134,-0.223101,-0.068676,0.094107,0.133714,-0.225083,-0.055933,0.042794,0.175918,-0.155809,-0.136650,-0.154118,0.026851,0.170925,-0.014770,0.182013,0.209343,0.141939,0.124351,0.159198,0.050858,-0.308641,-0.032796,0.246957,0.028633,0.005045,0.211843,-0.022069,0.180562,-0.103569,0.088264,0.004000,-0.036687,0.222053,0.319473,-0.054138,0.079373,0.097559,0.045850,0.047326,-0.241011,0.128320,-0.164482,0.036464,-0.175390,-0.067701,0.158484,0.023279,0.020512,0.188337,0.020073,0.019717,0.188736,-0.131230,0.008001,0.197748,0.001540,-0.195209,0.224458,-0.008700,0.148324,-0.108070,-0.058409,-0.006113,-0.015864,-0.103974,-0.123765,-0.229913,0.070038,-0.088849,0.098014,0.161390,0.073699,-0.020253,-0.040845,-0.043711,-0.018961,0.095500,0.116289,-0.219349,0.158079,0.074553,-0.146355,0.064405,-0.006881,-0.014075,0.005243,0.419374,0.296623,-0.059451,0.162638,0.026829,0.277812,0.003397,0.259356,0.118578,-0.009654,-0.104552,-0.024791,0.250912,-0.096289,-0.036155,0.084442,0.023715,-0.020851,0.034266,0.107072,0.043035,0.029479,0.060449,-0.019474,-0.123281,0.191580,0.067401,0.157684,0.154117,-0.035797,-0.021748,-0.035762,-0.256010,-0.218308,0.060174,0.083065,0.218381,0.150345,-0.096375,-0.015787,0.020942,0.058379,-0.014045,-0.059571,0.025814,0.029016,-0.026894,-0.073127,0.123866,-0.007434,-0.295315,-0.209374,0.045862,-0.005254,-0.097002,-0.009104,0.150418,-0.039577,-0.239761,-0.081166,#
10,-0.050910,0.087407,-0.072304,-0.145373,0.292473,-0.086370,0.123126,-0.137778,0.087596,0.037697,1.000000,0.203815,-0.001870,0.037776,-0.064023,0.076220,0.074608,-0.173796,-0.022084,0.137988,0.001109,0.005145,-0.111396,0.214682,0.059877,0.006816,0.020563,-0.007251,-0.107734,0.093170,0.126213,-0.212820,0.099482,0.115163,0.044796,-0.022308,0.246782,0.050157,-0.066634,-0.141533,0.166372,-0.100778,0.051500,-0.131277,0.042796,-0.070713,0.333728,0.046325,-0.023231,0.237175,-0.086875,0.234346,0.075700,-0.206961,0.073679,0.331380,0.043024,0.240135,-0.196295,-0.034705,-0.071416,0.108070,0.168876,0.217624,0.091544,-0.083743,0.205977,0.149256,0.152980,-0.057211,0.326595,0.281072,0.013105,-0.220398,-0.026910,0.247010,-0.194112,-0.134751,0.119275,-0.116424,-0.015304,0.005800,0.069824,-0.267510,0.005289,0.082543,0.140021,0.005525,0.075675,0.264402,-0.009005,0.053506,0.068764,-0.196079,-0.255802,-0.090304,0.021210,0.309677,-0.068867,-0.123016,-0.044316,-0.160473,0.066035,0.041221,-0.013677,-0.140564,0.179305,-0.031042,-0.077080,0.018005,-0.040650,-0.081796,0.147300,0.245829,-0.013623,-0.005067,-0.051084,0.146042,0.063169,-0.024089,0.108761,0.092104,0.073783,0.055590,-0.074496,0.246795,0.049509,0.008194,0.234146,0.041221,-0.020079,0.192581,-0.129804,-0.021944,0.113947,0.314393,-0.077546,0.135907,0.185907,-0.008460,-0.028277,0.078107,-0.015724,0.053564,-0.115944,0.378600,0.327584,0.101678,-0.000309,0.193979,-0.146771,-0.008109,-0.091871,0.121680,0.165831,-0.208663,0.247925,-0.044533,0.156498,-0.186597,-0.065256,0.053527,0.005085,-0.012258,-0.044949,0.171774,0.051636,0.101453,0.054011,0.210302,-0.135158,0.113596,-0.126344,-0.009036,0.279961,0.092919,-0.078328,-0.026924,-0.196510,0.094767,-0.109393,-0.076137,0.069516,0.028181,-0.248715,0.138741,0.331734,0.090025,-0.218798,-0.047237,-0.004126,-0.227813,0.005598,0.160563,0.175998,-0.230259,-0.021769,-0.016405,0.025587,0.241120,#
11,0.156607,-0.043216,-0.106907,-0.076725,0.070544,-0.050440,0.061991,-0.265390,0.031508,-0.222991,0.203815,1.000000,-0.022371,-0.067150,0.127590,-0.018615,0.037100,0.046621,0.215621,0.100497,-0.059647,-0.138197,0.134538,0.040758,0.201644,-0.047057,-0.092931,-0.017219,0.103732,0.022406,0.210889,0.183550,0.077145,0.009459,-0.070755,0.023705,0.120102,0.099423,-0.134592,0.034394,0.157937,-0.289126,0.222903,-0.083691,-0.103504,-0.285622,0.110511,0.190311,-0.116106,-0.024298,-0.152515,0.091007,0.425364,-0.023092,0.043109,0.055274,-0.173252,0.374617,0.087425,0.170753,-0.008358,-0.116439,0.267979,0.117598,0.109383,0.005270,-0.161329,-0.021232,0.251579,-0.147350,-0.046704,-0.132956,-0.165055,0.032914,0.275227,0.073371,-0.103428,0.143718,0.067756,-0.248571,-0.263651,0.101385,-0.084703,-0.160370,0.321137,-0.092519,-0.071604,-0.096101,-0.085998,-0.110229,-0.105254,0.006952,-0.040463,-0.120650,-0.165340,0.227209,-0.060792,0.157858,-0.243685,0.015781,-0.125247,-0.069240,0.080886,0.169728,-0.136440,0.081083,0.211928,-0.014284,0.130294,-0.219518,0.044550,0.149764,0.028644,-0.061344,-0.121726,-0.065038,-0.063375,0.025423,-0.120721,0.265338,-0.040805,-0.119285,-0.065253,0.014141,-0.001220,0.119535,0.078775,0.135192,0.066082,0.233992,0.106592,0.040964,0.282084,0.062425,0.008945,0.080330,0.027866,0.177062,0.130436,0.432228,-0.281792,-0.140517,0.097250,0.006037,-0.073685,-0.012021,0.217814,-0.020688,0.080240,-0.113105,0.056245,0.024414,-0.080693,0.269858,0.272950,-0.108619,-0.021813,-0.012696,-0.117257,-0.137332,0.272437,0.099880,-0.094954,-0.000537,0.021525,0.219114,0.288001,-0.098591,0.173862,0.164464,0.244887,0.166017,0.108553,0.215532,0.032692,0.060327,0.155402,-0.026220,-0.006120,0.066197,-0.050535,-0.287078,0.115488,0.124546,0.177038,0.074208,0.252214,0.174373,-0.147840,-0.294588,0.124488,0.090950,0.083432,0.098194,0.016666,-0.084522,-0.092998,-0.100393,-0.084750,-0.132223,#
12,0.226334,0.255330,-0.118680,0.201816,-0.046182,0.181676,0.002878,0.255587,0.042217,-0.064339,-0.001870,-0.022371,1.000000,-0.020024,0.126951,0.096201,0.036044,-0.047925,0.147424,-0.131260,0.108709,0.002397,-0.025109,0.113979,0.131149,0.278228,-0.070389,-0.110302,-0.079704,0.066682,0.137929,-0.077543,0.006480,0.035889,0.233203,-0.044893,-0.090085,0.044888,-0.110077,0.055744,-0.104596,-0.162067,-0.036100,0.018005,0.114390,0.060903,0.236080,0.299608,0.337575,0.184119,-0.041947,-0.089820,0.023154,0.104281,-0.061304,0.218474,0.153182,-0.272067,0.357924,-0.052471,-0.121442,-0.037783,0.046971,-0.104842,-0.034269,-0.059341,-0.059249,0.252910,0.144749,0.032803,-0.000765,0.208852,0.151363,0.069661,-0.035030,0.156907,-0.045610,-0.036454,0.061299,-0.171218,0.173406,0.164375,0.136046,-0.148827,-0.084732,0.145032,0.113734,0.117382,-0.153537,0.077824,0.054725,-0.066014,0.114569,0.175422,-0.089738,-0.022729,0.003291,-0.076550,-0.284622,-0.082604,-0.040651,0.010369,-0.088971,-0.085479,-0.079799,0.068397,-0.062753,0.276715,0.103822,0.040507,0.065435,0.081654,0.231487,-0.032521,0.110177,-0.052893,-0.215923,0.086832,-0.099725,-0.118986,-0.002401,0.337911,-0.028358,-0.002662,-0.002064,0.270768,0.168000,-0.036332,-0.289467,0.047551,-0.294730,-0.071166,-0.096466,-0.046361,-0.199964,-0.104210,-0.097669,0.178224,0.016396,-0.124105,-0.130778,-0.128390,0.066531,0.094688,-0.124772,0.258952,0.119513,-0.042302,-0.114131,-0.183269,0.197644,-0.133901,0.274371,-0.178320,0.187849,0.064760,0.040906,0.085902,0.266565,-0.167111,-0.063489,0.227810,-0.023578,0.032025,0.030726,0.136418,-0.025541,0.150410,0.221982,-0.105363,0.290796,-0.140180,0.005522,0.160538,0.037303,0.158641,0.105016,-0.093924,-0.335816,-0.062377,-0.022581,0.185979,-0.130308,0.030637,-0.087832,-0.020253,0.196359,0.100774,0.371294,0.143497,-0.059783,0.061758,-0.118333,-0.072651,0.068215,0.034059,-0.120770,0.155866,0.114332,0.169562,#
13,-0.385199,0.297438,-0.124611,-0.154591,-0.262655,-0.056743,-0.146819,0.018690,0.181568,-0.005893,0.037776,-0.067150,-0.020024,1.000000,-0.066329,-0.050883,-0.082279,0.044757,0.063743,-0.038011,0.041298,-0.011814,0.238083,0.062730,0.063071,0.308981,0.045890,-0.147561,0.063835,0.161343,-0.138282,0.063732,0.078025,0.172887,-0.160393,0.240197,-0.023940,0.154081,-0.266165,0.079078,0.034245,0.041681,0.201250,-0.212714,-0.081267,0.043762,-0.129487,0.203944,0.179229,0.248445,0.089389,0.038380,0.018722,0.015155,0.147117,0.211356,0.117811,0.058125,-0.111493,0.134277,-0.158013,0.007491,0.006613,-0.158373,0.195342,-0.076453,0.141595,0.218973,0.290715,0.078509,0.152755,-0.035522,0.296446,-0.064166,-0.009790,-0.042261,0.204186,-0.013213,0.000051,-0.196941,-0.026327,0.182331,0.164124,0.074925,0.025238,0.252408,-0.039924,0.007705,0.101720,-0.037630,0.000257,0.070488,0.127075,-0.073224,-0.075986,-0.131520,0.194855,0.117474,0.075320,0.170361,-0.037650,0.025141,0.331023,-0.021494,0.015514,0.171799,0.005879,0.175832,-0.361916,0.066037,0.004196,0.051334,-0.081115,0.014375,-0.100881,-0.174092,0.032788,0.010643,0.099109,-0.238857,0.038594,-0.120921,0.118059,-0.305821,-0.025506,0.004702,0.063721,0.011933,0.074677,0.053380,-0.097333,-0.253473,0.081896,0.133322,-0.083974,0.054162,-0.067387,0.028013,0.339692,0.027823,0.133791,-0.181991,0.039979,-0.428453,-0.125364,0.033447,0.004248,0.194129,0.091876,-0.085525,0.088320,0.149987,-0.104129,0.155279,0.127840,-0.077683,0.102541,-0.260841,0.051095,-0.142649,0.129445,-0.104578,0.331732,-0.044998,-0.023582,-0.025871,0.015668,0.096718,-0.012821,0.037133,0.113750,0.034645,-0.023625,0.243876,0.083012,0.103355,0.049640,-0.149830,0.017656,0.012788,0.012424,-0.094183,0.113081,-0.173145,-0.203538,0.068135,0.024721,-0.109231,-0.043620,0.106834,0.301343,0.023351,0.071306,0.058749,-0.076266,0.164772,-0.002118,0.129715,0.052114,-0.049108,#
14,0.264624,-0.012694,0.099513,0.017165,-0.038228,0.077270,-0.147016,0.205046,0.106138,0.045682,-0.064023,0.127590,0.126951,-0.066329,1.000000,0.014578,0.076816,0.030759,0.000449,-0.024273,-0.137261,-0.001822,0.142276,0.202870,0.065903,-0.026235,0.158846,-0.289595,0.009098,0.123111,0.330627,-0.195642,-0.020109,-0.156184,0.308895,0.282821,-0.171638,-0.013632,0.125628,0.123240,0.119091,-0.150166,-0.082913,-0.031121,0.139228,0.091445,-0.024352,-0.041360,0.157389,0.049665,-0.079690,0.278685,0.071681,-0.018377,0.060355,0.098183,-0.009443,-0.191255,0.085149,-0.084959,-0.013192,-0.100976,0.180454,0.180885,-0.090227,0.075871,-0.185379,-0.117934,0.178214,0.041247,0.214083,-0.059539,0.309940,0.374425,0.086679,0.000068,-0.023295,0.095017,-0.142325,0.017188,-0.037350,0.074614,0.103743,-0.099274,0.203967,0.092715,-0.166663,-0.144380,-0.055612,-0.015042,0.118639,-0.174830,0.165055,0.333613,0.020698,0.146702,-0.219850,0.033806,-0.128361,0.112773,-0.198804,-0.149392,0.060299,0.003337,0.182408,-0.007668,-0.042439,-0.105145,0.204267,0.177702,0.024612,0.219383,0.180177,0.059383,-0.319433,0.002367,-0.078359,-0.101167,0.041999,0.219324,0.001851,0.035138,0.096372,0.116996,0.087823,-0.027263,0.125864,0.052556,-0.191949,0.050261,-0.210195,0.195160,-0.199203,0.029351,0.130987,-0.066237,0.223967,0.165857,0.104934,0.106394,-0.168956,0.140627,0.074404,0.064961,-0.043409,0.090692,0.060786,-0.018537,0.014060,-0.172343,0.262534,0.117023,0.242993,0.107019,0.016327,0.120601,0.102518,0.008933,-0.232289,-0.034869,0.128836,-0.079138,0.145793,-0.208334,0.402413,0.191998,0.062930,-0.045883,0.006015,0.031336,0.138728,-0.276467,0.172015,-0.076331,0.159831,0.120396,0.087771,-0.217147,0.112669,0.076218,0.072333,-0.092632,-0.186621,0.027401,0.132284,0.128241,0.161613,0.184217,0.171259,-0.065059,0.059225,0.144993,0.204102,0.179743,-0.002626,-0.183588,-0.018643,0.169900,-0.204056,-0.064055,#
15,-0.028610,-0.185329,-0.202057,-0.136989,0.182380,-0.153343,0.391161,0.038191,0.220264,0.135054,0.076220,-0.018615,0.096201,-0.050883,0.014578,1.000000,-0.099012,0.014529,-0.111409,-0.005589,-0.119545,0.069811,0.135989,0.018867,0.107750,0.038705,-0.227192,-0.020482,0.176317,-0.105191,0.167019,0.116638,0.039057,0.193496,-0.144651,0.091342,0.010040,0.283456,-0.141859,-0.223155,-0.145151,-0.145970,0.194297,0.156616,-0.007090,-0.014093,-0.070493,-0.236405,0.028589,-0.006446,0.033415,0.117139,-0.034143,0.086603,-0.022867,0.077056,0.058207,0.001270,0.036545,0.051323,0.204099,0.237810,0.073019,0.020556,0.201081,0.010458,0.035109,0.168382,0.118454,0.028320,-0.000873,0.045606,-0.044599,0.068922,0.088832,0.264870,0.115826,-0.045338,0.189880,-0.116057,-0.095594,0.017756,-0.002367,0.080583,0.148496,-0.220948,-0.164803,0.049618,0.016369,-0.158619,-0.145086,0.252412,0.177536,0.104477,-0.075435,0.057849,0.033135,0.294574,0.087775,0.240327,-0.037776,0.019288,0.092210,0.166057,0.057462,-0.092671,-0.157835,0.045678,-0.045480,0.075997,-0.024873,-0.050323,0.144419,0.251521,0.067002,-0.125704,-0.201682,-0.085253,-0.165714,0.435425,0.027243,0.049316,-0.017452,0.207752,0.011992,0.179553,-0.123178,-0.132592,-0.072756,0.247773,0.122071,-0.032381,-0.088052,-0.245940,0.029176,0.365540,0.160698,-0.024607,-0.229376,0.081782,-0.070214,-0.049100,-0.035530,0.099215,0.093260,0.134796,-0.080918,0.120314,0.032178,-0.010777,0.051385,0.422195,-0.026686,0.104770,-0.012919,-0.124660,0.087097,-0.084223,0.160578,0.173139,-0.126337,-0.063710,0.127957,0.096462,-0.040556,-0.051692,-0.026270,-0.216933,0.083898,0.100709,-0.120021,0.041812,-0.334751,0.102241,0.019993,0.247465,0.044847,0.007641,-0.035251,0.107279,0.157030,0.077653,-0.113526,0.074041,0.317967,-0.033092,-0.016728,-0.071735,-0.174448,-0.084425,-0.100465,0.030208,-0.027918,-0.089683,-0.209265,0.012371,0.052351,-0.180337,0.118545,-0.020341,#
16,0.008598,0.092294,-0.059581,-0.130447,-0.220245,0.012339,0.105328,0.093220,-0.005049,-0.059175,0.074608,0.037100,0.036044,-0.082279,0.076816,-0.099012,1.000000,0.109772,0.147966,0.282558,0.182734,-0.465358,0.011788,0.043889,0.286031,0.127855,0.040307,0.112058,-0.309589,0.118794,0.103716,-0.084676,-0.097154,-0.163125,0.141953,0.044995,0.200880,0.310125,0.141425,0.010104,0.113350,-0.077504,0.033749,-0.006854,0.116559,-0.049037,0.004028,-0.118178,0.154322,0.049982,-0.098774,0.178734,0.075445,-0.080719,-0.133492,0.114538,0.014041,0.015375,-0.010580,-0.073372,0.176135,0.224360,0.016015,-0.059778,-0.016575,0.033442,0.208317,-0.027960,0.006922,0.055109,0.123434,0.062969,0.204010,-0.007510,-0.070564,0.081930,-0.082639,0.002974,-0.154268,0.121553,0.206035,0.026158,0.173957,0.000572,-0.007572,-0.028333,0.140949,-0.293955,-0.158238,0.056769,-0.062699,0.148424,0.006725,-0.163669,-0.070977,0.054031,-0.138857,0.294121,0.081583,0.082568,0.143233,0.143351,0.057218,0.119879,0.071132,-0.106585,-0.071184,-0.029557,0.227137,-0.045495,-0.096402,0.039032,0.129540,-0.079602,0.087597,0.009264,0.396513,0.150420,0.087124,-0.117011,-0.051640,-0.146053,0.149167,0.038668,0.109821,-0.067422,-0.355972,-0.023397,0.182747,-0.178197,0.117659,0.068624,-0.139856,0.047603,-0.154149,0.035011,0.067398,0.112412,-0.207420,-0.230105,0.049491,-0.133726,0.030046,-0.007665,-0.112162,-0.042904,0.278404,0.122514,0.137276,-0.122958,-0.041117,0.041263,-0.155012,-0.058621,0.014871,-0.074300,0.238413,-0.078862,0.008672,0.011982,0.222856,-0.127078,0.130453,-0.138390,0.148970,0.149121,-0.063319,0.191804,0.034503,0.046729,-0.180137,0.187186,-0.032594,0.163175,0.043802,0.078894,0.072078,0.415561,-0.016906,0.066625,0.067656,-0.164788,-0.154464,0.253414,-0.275257,-0.109463,0.094462,-0.039698,0.212845,0.011958,-0.118070,0.100005,-0.103618,0.089820,0.262325,0.026806,0.232346,0.115111,-0.096321,-0.076365,#
17,0.021955,-0.270750,0.053528,-0.099809,-0.177114,-0.122563,0.104851,0.165591,0.027977,-0.134403,-0.173796,0.046621,-0.047925,0.044757,0.030759,0.014529,0.109772,1.000000,0.085226,0.163425,-0.058487,-0.033398,0.096628,-0.522391,0.158923,0.222971,0.001617,-0.000520,0.005756,-0.032837,0.015986,0.132023,0.013726,-0.085217,-0.165086,-0.182323,-0.104946,0.126322,0.124415,0.214168,0.025968,0.179838,-0.060402,0.059473,0.023205,0.171791,-0.159042,0.052313,0.104872,0.086089,-0.046232,-0.241900,-0.122944,0.102775,0.091355,-0.163112,0.138526,-0.119297,-0.077252,0.045599,-0.091523,-0.113262,0.253131,-0.114923,0.019146,-0.082061,0.280208,0.109549,-0.018400,-0.108893,-0.046977,-0.188566,-0.204684,0.161757,0.265054,-0.063561,-0.082955,-0.045251,0.096633,0.027979,0.031805,-0.017526,-0.039627,0.002096,-0.016090,-0.131660,0.099245,0.102450,-0.017142,-0.208597,-0.228585,-0.162473,0.081579,0.133768,0.225077,-0.005886,-0.165329,-0.008645,0.086486,-0.105562,0.030414,-0.256515,-0.083371,-0.143818,-0.048808,0.221825,-0.250089,-0.220390,0.016888,0.079669,0.210749,-0.206925,0.179813,0.066542,0.186363,-0.143418,-0.139024,-0.084854,0.128180,0.253324,0.015012,0.063998,0.073252,-0.309037,-0.181772,-0.129084,-0.175379,-0.002159,0.045447,-0.067856,-0.013427,0.042362,0.157256,-0.042496,0.102959,0.160064,0.236675,-0.013518,-0.082372,0.133464,-0.047512,-0.024193,0.138341,-0.066598,0.039252,-0.062392,-0.192042,-0.156304,0.128993,-0.146979,-0.095181,0.059081,-0.048034,0.011023,-0.085842,-0.061505,0.206292,-0.087621,-0.098805,0.118250,0.087252,-0.054518,0.208719,-0.209670,-0.050762,-0.189081,-0.173134,-0.245316,0.035714,-0.036518,-0.146155,-0.089557,0.124457,-0.031397,0.136637,-0.096926,0.167485,-0.024397,-0.076342,0.336520,0.073657,0.135902,0.019215,0.350493,-0.064133,-0.101519,0.111530,-0.029578,-0.148232,-0.054251,0.374221,-0.093080,-0.104566,-0.027881,0.088569,0.077968,0.012028,-0.013290,0.076105,-0.419621,#
18,0.023492,-0.083057,-0.203513,-0.232145,-0.122241,0.068118,-0.077488,-0.005861,-0.312090,-0.193650,-0.022084,0.215621,0.147424,0.063743,0.000449,-0.111409,0.147966,0.085226,1.000000,0.023114,-0.187031,-0.069130,-0.045882,-0.165781,-0.089845,0.197585,-0.174571,0.010393,-0.082649,0.223232,-0.210663,0.016389,-0.039736,0.013250,-0.056503,-0.107295,-0.052577,0.160810,-0.069741,0.146021,-0.120170,0.015108,0.186124,0.002781,-0.156367,-0.174037,0.050160,0.415536,0.066298,0.042219,-0.370750,0.113870,0.076620,-0.400518,-0.103371,-0.022186,0.074154,-0.108460,-0.101767,0.179619,-0.083545,0.063344,0.044858,-0.225277,0.095798,-0.248760,-0.097419,-0.303842,-0.375540,-0.201705,-0.239680,-0.320812,0.020622,-0.276616,0.222081,0.044288,-0.148520,-0.077002,-0.383305,-0.149586,-0.071800,0.009423,0.304823,-0.131831,0.048396,0.064176,-0.165271,0.107348,-0.116442,-0.180199,-0.004366,-0.046254,-0.036626,0.083546,-0.056576,-0.004944,-0.006524,0.037104,-0.261931,-0.101049,-0.026717,0.073303,0.030499,-0.179580,-0.141518,0.054169,0.071886,0.151404,0.029588,-0.134324,0.197319,-0.182123,-0.057790,-0.131128,0.017227,0.023623,-0.189913,0.073913,0.184778,-0.083689,0.150281,-0.185234,-0.048658,-0.155372,0.249719,-0.238770,-0.044032,-0.008697,0.034449,-0.097278,-0.107060,0.083901,-0.022331,-0.242977,-0.009596,0.037019,-0.100262,0.044869,-0.145252,0.014027,-0.177570,-0.144041,0.046146,0.145397,-0.064849,-0.125434,0.118837,-0.032600,0.129345,0.057637,0.123376,-0.235430,0.303023,0.009490,0.096096,0.043492,-0.074686,-0.014716,-0.226113,-0.110040,0.103085,0.129994,0.181856,-0.103333,-0.063821,-0.148334,0.228400,-0.132534,-0.004982,0.020721,0.064875,-0.072437,0.150638,0.251106,-0.039741,-0.062479,-0.084500,0.002276,-0.263796,0.120454,-0.201165,-0.013897,-0.109177,0.002413,-0.103056,-0.090343,0.119277,-0.059092,-0.118785,-0.003701,0.120887,-0.055684,-0.091657,0.068554,-0.169353,-0.147180,-0.102409,0.268419,-0.105219,0.041022,#
19,0.081691,0.042922,0.065166,-0.062496,0.001083,0.258905,0.130265,0.120417,0.153997,-0.176099,0.137988,0.100497,-0.131260,-0.038011,-0.024273,-0.005589,0.282558,0.163425,0.023114,1.000000,0.114893,-0.165324,-0.093247,0.068060,0.268677,0.199942,-0.084492,-0.060911,-0.350310,0.182433,0.097265,0.111684,0.196010,-0.001086,0.132233,0.085624,0.105006,0.111629,0.023464,0.068012,0.198645,0.270668,0.147573,-0.124923,0.010349,0.201948,-0.012617,0.074578,0.105476,0.250678,-0.024483,0.008662,-0.001105,0.075170,0.088251,0.123959,0.053916,-0.037787,-0.139450,0.105718,0.106412,-0.088776,0.247646,0.034116,0.015508,-0.041170,0.241649,0.123665,0.170104,-0.136534,0.251938,0.038752,0.189990,-0.061309,0.043717,0.248544,-0.160614,0.135971,0.107385,-0.076188,0.182192,-0.003135,0.082199,-0.014872,0.002229,-0.115266,0.082174,-0.062839,0.185073,0.072033,-0.230357,0.073251,-0.121055,0.013135,-0.001162,-0.033521,0.112781,0.430819,0.129814,0.198406,0.078663,-0.116992,0.003943,0.248533,0.182734,0.008714,0.300552,-0.192347,0.091440,-0.124709,0.168377,0.003905,0.043859,0.182988,0.023993,0.237922,0.254580,0.190522,0.225871,-0.085320,0.405451,0.021324,-0.157635,0.146973,0.149163,0.122895,-0.024250,0.212424,0.244129,0.078357,0.089008,0.245954,0.100415,0.051583,0.098650,0.265863,0.087138,0.063861,0.123875,0.019938,-0.005486,0.127802,-0.014834,-0.009340,0.039973,-0.177808,-0.085661,0.051264,0.315796,0.123749,-0.046772,0.060741,-0.001150,0.200965,0.229374,0.031406,0.222456,-0.015297,0.252643,0.208908,0.092344,0.160470,0.156987,0.229948,0.123243,0.017000,-0.122107,0.213254,-0.024589,-0.003970,-0.203978,0.105842,0.084036,0.165208,0.227397,0.129307,0.216364,0.104031,0.121610,-0.019473,-0.023835,0.216712,0.155790,0.154166,0.031688,0.047606,-0.006696,-0.127351,0.025677,0.146797,0.213298,0.231797,0.007060,0.268706,0.270742,0.010410,0.111285,-0.107156,-0.066918,-0.019681,#
20,-0.301365,0.191804,0.122687,0.165345,0.128271,0.024003,0.071888,0.049462,0.189253,-0.034830,0.001109,-0.059647,0.108709,0.041298,-0.137261,-0.119545,0.182734,-0.058487,-0.187031,0.114893,1.000000,-0.000419,0.035952,0.178533,0.296850,0.241986,-0.087646,0.106049,0.079985,-0.042138,0.173362,0.028498,0.276188,0.273374,0.002751,0.019050,0.005042,0.069402,-0.135532,0.075099,0.315720,0.104045,0.032321,-0.082637,0.334978,-0.099098,0.018365,0.021979,0.146464,0.089733,-0.174770,0.069522,0.064578,0.145055,0.117137,-0.150166,-0.304614,-0.167483,0.032900,-0.076666,-0.027671,0.041462,0.101120,0.147064,0.012458,-0.077504,0.225055,-0.118398,0.017192,0.089249,0.177354,0.151253,0.105920,0.046652,-0.251723,-0.029527,0.095750,-0.053944,0.339901,0.186230,0.043899,0.098571,0.091276,-0.167675,-0.234707,-0.118682,0.106268,0.168062,0.247102,0.377626,0.175653,-0.013762,0.064917,0.031489,-0.188203,0.167133,0.100904,0.104481,0.021196,0.068493,0.170259,-0.101312,-0.040001,0.201919,-0.125686,0.134493,0.398023,-0.116676,-0.066289,0.256802,-0.229406,0.248205,-0.026770,-0.195729,0.220018,0.055982,0.195079,0.170671,-0.149512,-0.127620,0.176513,0.147216,-0.003042,0.119163,-0.091155,0.045138,-0.116819,-0.064027,-0.009270,0.185782,0.082240,0.157632,0.231823,0.056035,-0.210346,0.128051,-0.019522,0.092137,0.033666,0.266181,0.030957,-0.096091,0.093413,-0.136975,0.021153,-0.148433,0.132007,0.120008,-0.013405,-0.052139,0.091373,0.149622,-0.071991,-0.037084,-0.130550,-0.179325,0.122438,0.067466,0.317883,-0.036856,0.078450,0.038299,-0.028971,0.059026,-0.060826,0.163819,-0.057567,0.361579,-0.085619,-0.289604,0.124693,0.029526,-0.147097,0.109182,0.013652,0.191332,0.088394,0.210554,-0.073032,-0.215881,0.218410,-0.095045,0.134172,0.032313,-0.131038,0.123184,0.074987,-0.084566,0.051535,0.140159,0.049098,0.234144,0.227069,0.071869,0.352875,0.113768,0.032747,0.122883,0.067504,0.019650,#
