0,1.000000,0.259566,0.511127,0.289249,0.144561,0.447928,0.335106,0.417520,0.376213,0.336688,0.302388,0.525977,0.353985,0.243024,0.612557,0.270158,0.331669,0.472721,0.375374,0.325038,0.373900,0.192543,0.403708,0.357537,0.339381,0.346808,0.243807,0.440422,0.267310,0.472200,0.338145,0.282018,0.342937,0.248783,0.431171,0.384012,0.421122,0.311567,0.334745,0.333120,0.453862,0.250155,0.469898,0.394462,0.318837,0.206373,0.386926,0.539301,0.353115,0.508255,0.256120,0.304458,0.439230,0.475339,0.388079,0.283322,0.211340,0.406194,0.245659,0.363533,0.476308,0.335711,0.394421,0.404781,0.175838,0.591657,0.448905,0.426431,0.289774,0.229562,0.345658,0.175605,0.424117,0.316820,0.456107,0.181737,0.434356,0.508512,0.339074,0.246929,0.372003,0.194225,0.278655,0.391262,0.416909,0.467135,0.124859,0.244809,0.148062,0.294677,0.345788,0.471144,0.385156,0.484573,0.502978,0.438598,0.241222,0.340502,0.420272,0.310402,0.354418,0.342164,0.356161,0.253856,0.331603,0.303957,0.348137,0.373066,0.365278,0.384900,0.416032,0.345118,0.408992,0.009366,0.294709,0.443602,0.226074,0.035663,0.389099,0.302455,0.188139,0.625639,0.421102,0.406748,0.315675,0.181627,0.266457,0.236350,0.283744,0.214913,0.154363,0.442920,0.393454,0.162023,0.359247,0.241174,0.312935,0.385210,0.339760,0.353455,0.317172,0.394550,0.247216,0.476286,0.613241,0.185462,0.171631,0.360210,0.420724,0.522514,0.402087,-0.017392,0.244439,0.518198,0.168060,0.299963,0.084775,0.261296,0.371690,0.487011,0.513090,0.431183,0.142765,0.364755,0.128420,0.415538,0.501821,0.297592,0.431903,0.416407,0.309507,0.265402,0.302255,0.426043,0.525426,0.177077,0.356636,0.354485,0.345095,0.479233,0.185586,0.444549,0.308778,0.342187,0.249435,0.173325,0.363286,0.468248,0.254910,0.435182,0.366422,0.545471,0.475262,0.322483,0.157788,0.281913,0.208385,0.354293,0.544077,0.320578,#
1,0.259566,1.000000,0.217952,0.384049,0.393407,0.468298,0.211626,0.242797,0.253934,0.288619,0.287782,0.384567,0.247510,0.288184,0.423769,0.343784,0.143763,0.160839,0.203432,0.366527,0.367679,0.554408,0.498721,0.485466,0.312419,0.086238,0.405429,0.323150,0.169399,0.017852,0.383257,0.356694,0.326681,0.437214,0.336086,0.324326,0.203573,0.317811,0.328719,0.282272,0.306050,0.256346,0.177432,0.368506,0.128178,0.297830,0.490959,0.341274,0.379113,0.407036,0.340515,0.455748,0.511866,0.233134,0.406923,0.200183,0.179269,0.466950,0.506560,0.406592,0.137859,0.401689,0.084064,0.069298,0.213653,0.357515,0.422460,0.463894,0.344144,0.348392,0.175626,0.230296,0.481872,0.131996,0.211544,0.319805,0.306213,0.333437,0.403583,0.150876,0.201300,0.295902,0.542225,0.416030,0.362440,0.240416,0.170456,0.271239,0.391997,0.439362,0.265479,0.347088,0.285771,0.277080,0.129916,0.249437,0.339584,0.313483,0.185357,0.338295,0.243666,0.513242,0.195720,0.319665,0.197649,0.223276,0.301477,0.374308,0.199614,0.142044,0.368347,0.281695,0.244994,0.163906,0.340350,0.259530,0.497009,0.336513,0.290696,0.221628,0.494738,0.389835,0.441547,0.274602,0.076860,0.130569,0.318466,0.440727,0.418351,0.446148,0.195946,0.402748,0.249700,0.351166,0.465545,0.211482,0.267761,0.209288,0.411544,0.037148,0.244457,0.304679,0.339721,0.175746,0.284686,0.337703,0.222164,0.129001,0.370514,0.500921,0.380158,0.279222,0.305316,0.364081,0.267542,0.185961,0.170731,0.345511,0.246461,0.284044,0.226279,0.484178,0.300174,0.443311,0.373641,0.312213,0.302042,0.386681,0.167924,0.408943,0.156805,0.287914,0.281255,0.462766,0.202316,-0.000315,0.286201,0.283560,0.355869,0.449336,0.166027,0.326413,0.239460,0.070355,0.219492,0.354249,0.261211,0.094894,0.164347,0.155115,0.326237,0.146524,0.275574,0.174558,0.478605,0.041671,0.231316,0.274885,0.343078,0.375784,#
2,0.511127,0.217952,1.000000,0.263072,0.137016,0.358930,0.198315,0.474912,0.292751,0.263271,0.335622,0.255332,0.303854,0.258221,0.548609,0.183309,0.340002,0.196148,0.221907,0.357047,0.175532,0.378437,0.298497,0.473567,0.213408,0.172880,0.353683,0.353761,0.512583,0.462520,0.270653,0.074117,0.271233,0.266958,0.272252,0.410435,0.474517,0.277639,0.453393,0.077479,0.366749,0.344811,0.359213,0.280466,0.183232,0.256910,0.545690,0.250605,0.257494,0.561705,0.198513,0.302864,0.388654,0.510372,0.486096,0.240903,0.251796,0.253466,0.240134,0.226412,0.344904,0.418516,0.397850,0.309028,0.334795,0.564994,0.423136,0.213041,0.366559,0.219103,0.335451,0.155355,0.520840,0.273043,0.431901,0.459755,0.419604,0.412496,0.223010,0.382273,0.367283,0.263210,0.387714,0.392951,0.369347,0.520797,0.265703,0.242539,0.326706,0.307086,0.265686,0.626943,0.416122,0.168281,0.482760,0.411919,0.308352,0.299181,0.554484,0.375203,0.265439,0.326738,0.197846,0.227544,0.137525,0.507301,0.367453,0.289694,0.428214,0.338755,0.395232,0.202875,0.534083,0.207256,0.370125,0.269937,0.234486,0.189109,0.557625,0.199434,0.280475,0.362433,0.321308,0.181048,0.424770,0.136937,0.393530,0.169149,0.279119,0.325865,0.418796,0.524612,0.418411,0.355578,0.224775,0.319530,0.169055,0.306435,0.314181,0.015852,0.371325,0.375030,-0.000968,0.202951,0.322241,0.408643,0.253668,0.278272,0.247123,0.395524,0.381501,0.160989,0.210895,0.451839,0.041234,0.383459,0.254183,0.195170,0.256399,0.257027,0.190594,0.206614,0.179224,0.391462,0.185199,0.347312,0.645367,0.405381,0.241293,0.273400,0.205273,0.313758,0.232088,0.270377,0.385230,0.092021,0.101393,0.324271,0.330657,0.273090,0.087551,0.426876,0.265585,0.388871,0.066363,0.194280,0.211204,0.271097,0.355026,0.267787,0.342736,0.382847,0.470204,0.105543,0.134599,0.445268,0.258425,0.426986,0.284908,0.279093,#
3,0.289249,0.384049,0.263072,1.000000,0.266369,0.375969,0.260877,0.272803,0.269241,0.320507,0.283726,0.352343,0.408742,0.136012,0.414431,0.449303,0.300607,0.166260,0.328117,0.242475,0.240744,0.534347,0.235157,0.290193,0.396462,0.362801,0.275959,0.282904,0.352547,0.138291,0.350050,0.448109,0.335945,0.497672,0.387505,0.263964,0.301186,0.287124,0.149671,0.179022,0.322865,0.294022,0.216974,0.175484,0.193724,0.468211,0.397372,0.422813,0.517955,0.449542,0.237697,0.167835,0.406192,0.319473,0.356579,0.296641,-0.018081,0.290152,0.588654,0.301306,0.248886,0.388488,0.082641,0.281009,0.325607,0.427226,0.188684,0.321430,0.242329,0.390415,0.270095,0.472013,0.387899,0.332609,0.318983,0.195994,0.247740,0.336241,0.341037,0.390966,0.230003,0.051283,0.326364,0.462383,0.354554,0.315889,0.142225,0.206058,0.263970,0.363424,0.083729,0.339009,0.496903,0.408410,0.359463,0.376421,0.191311,0.114998,0.168986,0.244569,0.159553,0.175731,0.127732,0.223699,0.262956,0.390034,0.423872,0.481203,0.196729,0.275991,0.304656,0.252192,0.292264,0.284754,0.367791,0.198760,0.354642,0.131614,0.395771,0.097142,0.156368,0.286076,0.284266,0.206955,0.219987,0.100384,0.440432,0.214702,0.261146,0.345392,-0.019835,0.384140,0.148979,0.519224,0.540176,0.354133,0.461209,0.208435,0.281669,0.075224,0.311212,0.227133,0.211742,0.250948,0.201064,0.369581,0.072213,0.247394,0.210246,0.279277,0.262871,0.094488,0.281376,0.368396,0.284400,0.264113,0.277633,0.188712,0.133364,0.342727,0.326073,0.365173,0.222546,0.505748,0.231101,0.303632,0.253639,0.241285,0.324939,0.325699,0.253733,0.317380,0.209409,0.391903,0.089793,0.363944,0.052121,0.192782,0.356405,0.320516,0.044595,0.442608,0.227292,0.207280,-0.023230,0.217114,0.165339,0.160951,0.469301,0.320411,0.168136,0.286624,0.282851,0.247303,0.181816,0.235953,0.303152,0.178943,0.307802,0.459172,#
4,0.144561,0.393407,0.137016,0.266369,1.000000,0.440156,0.310313,0.091862,0.003596,0.264747,0.313942,0.233831,0.096173,0.287076,0.308869,0.307998,0.214601,0.214411,0.225735,0.436056,0.225918,0.342275,0.116552,0.330514,0.111229,0.094321,0.229881,0.305304,0.096061,0.137358,0.505685,0.107053,0.482892,0.152317,0.169898,0.176932,0.126168,0.155227,0.171958,0.348668,0.213206,0.383654,0.210011,0.366798,0.263359,0.341457,0.351458,0.183579,0.351009,0.393046,0.029518,0.156303,0.288683,0.053880,0.251986,0.205250,0.043096,0.135465,0.457734,0.456992,0.124689,0.365959,0.159191,0.223781,0.266373,0.212407,0.289150,0.293737,0.210362,0.273059,0.434889,0.547704,0.292539,0.094975,0.122156,0.286038,0.274156,0.378644,0.386219,0.102363,0.109963,0.059935,0.422499,0.157643,0.439753,0.064779,0.169375,0.182159,0.343277,0.571894,0.145668,0.087695,0.148107,0.311806,0.201148,0.203833,0.227533,0.114960,0.081367,0.178545,0.417505,0.323385,0.192792,0.197061,0.339053,0.229464,0.315487,0.220949,0.148254,0.279343,0.255398,0.234269,0.464602,0.442523,0.211502,0.257079,0.267627,0.368031,0.167484,0.028951,0.279605,0.432243,0.461702,0.306040,0.205349,0.231867,0.196638,0.081500,0.553158,0.274779,0.392122,0.376115,0.084855,0.291599,0.382768,0.328166,0.186541,0.347232,0.240305,0.018558,0.142770,0.328866,0.125534,0.227163,0.194247,0.268805,0.265221,-0.057045,0.213080,0.395754,0.329363,0.432152,0.239045,0.186815,0.383258,0.173319,0.244315,0.133112,0.320795,0.137335,0.083648,0.380792,0.295495,0.437911,0.246760,0.154931,0.224154,0.357728,0.193897,0.250502,0.001403,0.218455,0.201142,0.317068,0.451634,0.299331,-0.092296,0.210414,0.170182,0.251610,0.368003,0.391598,0.404468,0.186469,0.313978,0.251675,0.001130,0.400511,0.104521,-0.049080,0.264777,0.072451,0.117508,0.290492,0.380263,0.062076,0.258819,0.115643,0.274273,0.299287,#
5,0.447928,0.468298,0.358930,0.375969,0.440156,1.000000,0.276459,0.406313,0.290757,0.404679,0.220262,0.322579,0.355243,0.311211,0.363860,0.291423,0.244165,0.251338,0.377246,0.329897,0.312535,0.368223,0.276173,0.357973,0.378895,0.311050,0.363779,0.643145,0.194113,0.294833,0.269012,0.294829,0.343699,0.469976,0.253447,0.415751,0.338765,0.183902,0.337853,0.365589,0.309121,0.265016,0.246603,0.428901,0.278949,0.223575,0.375155,0.504789,0.338025,0.469284,0.364714,0.145569,0.517508,0.408009,0.358573,0.475948,0.221447,0.287222,0.569640,0.551318,0.083205,0.346121,0.197805,0.348740,0.115042,0.351874,0.330677,0.320752,0.333202,0.497219,0.441654,0.381004,0.550609,0.321854,0.229216,0.239933,0.361779,0.487489,0.360315,0.156338,0.329650,0.365948,0.446933,0.430321,0.364306,0.403035,0.214187,0.259119,0.393344,0.499927,0.264836,0.287142,0.340435,0.315902,0.262130,0.193576,0.327895,0.357596,0.443369,0.220983,0.506573,0.419542,0.379064,0.347253,0.301426,0.319588,0.357097,0.495347,0.266091,0.390100,0.338643,0.394747,0.337046,0.154807,0.276970,0.185476,0.467696,0.411600,0.371703,0.178014,0.224389,0.498290,0.492746,0.474981,0.230435,0.277948,0.421252,0.104921,0.431626,0.298015,0.366533,0.555024,0.423297,0.520853,0.320230,0.172977,0.259675,0.408999,0.271045,0.102942,0.226276,0.350905,0.337098,0.395304,0.557236,0.210778,0.153376,0.323283,0.322564,0.622337,0.409189,0.376322,0.312338,0.385355,0.107008,0.323737,0.197092,0.359495,0.420248,0.381108,0.356817,0.538037,0.367211,0.450868,0.320157,0.341921,0.361340,0.463957,0.229421,0.281903,0.550367,0.391997,0.354877,0.269122,0.165473,0.282619,0.230231,0.442170,0.490033,0.463312,0.352442,0.469004,0.192000,0.281450,0.182333,0.205423,0.098089,0.411359,0.563294,0.349613,0.268918,0.492233,0.339124,0.323675,0.323834,0.149089,0.264815,0.413204,0.439200,0.462964,#
6,0.335106,0.211626,0.198315,0.260877,0.310313,0.276459,1.000000,0.280415,0.365755,0.480713,0.386720,0.433727,0.394534,0.436844,0.270888,0.527837,0.349889,0.390332,0.376760,0.231134,0.363544,0.321421,0.266191,0.227808,0.427491,0.482813,0.295112,0.358780,0.294229,0.362822,0.413193,0.373230,0.625888,0.455989,0.165929,0.368582,0.522649,0.311413,0.337093,0.231491,0.460342,0.371862,0.474829,0.507640,0.365629,0.168282,0.486292,0.493151,0.568469,0.598178,0.348228,0.306547,0.434083,0.041289,0.438170,0.233896,0.399718,0.462025,0.496950,0.252279,0.527622,0.367470,0.338474,0.240728,0.483381,0.377454,0.410642,0.516790,0.388530,0.172297,0.477449,0.570068,0.384516,0.265287,0.252274,0.399924,0.430346,0.581717,0.504502,0.213918,0.534676,0.280314,0.269214,0.582140,0.416927,0.257113,0.317416,0.429667,0.349491,0.536056,0.359131,0.341579,0.318632,0.431887,0.314048,0.280668,0.409111,0.422926,0.296807,0.256357,0.364974,0.400785,0.322372,0.378871,0.435973,0.269606,0.368870,0.346700,0.410683,0.143976,0.268616,0.365635,0.357769,0.172536,0.206087,0.351236,0.148903,0.248253,0.223556,0.330133,0.212080,0.432039,0.348976,0.415285,0.339514,0.260367,0.184475,0.273609,0.427672,0.245999,0.426358,0.381648,0.094073,0.139325,0.356755,0.347186,0.349000,0.404747,0.398967,0.328203,0.313206,0.384927,0.135768,0.370032,0.341862,0.410969,0.519212,0.313775,0.339904,0.392673,0.301337,0.337661,0.124092,0.179764,0.161636,0.147398,0.391877,0.012360,0.264765,0.501281,0.366847,0.401973,0.109266,0.407515,0.334333,0.285121,0.508806,0.144590,0.329767,0.347638,0.333801,0.382804,0.159235,0.277356,0.388593,0.492275,0.256920,0.325824,0.292451,0.405104,0.277365,0.398521,0.425649,0.323447,0.274217,0.294235,0.317713,0.229235,0.288595,0.352077,0.360282,0.332483,0.219490,0.185025,0.424670,0.586258,0.460408,0.353541,0.332591,0.395668,#
7,0.417520,0.242797,0.474912,0.272803,0.091862,0.406313,0.280415,1.000000,0.485812,0.287116,0.399232,0.190606,0.404464,0.246234,0.442486,0.245671,0.143645,0.294275,0.186942,0.315929,0.341327,0.206718,0.392557,0.284476,0.255011,0.428513,0.292469,0.365598,0.342035,0.493620,0.212054,0.254643,0.135150,0.349917,0.318512,0.506147,0.372253,0.197772,0.295101,0.254652,0.236880,0.406592,0.287694,0.269993,0.219313,0.181823,0.365001,0.395128,0.468998,0.383739,0.369428,0.268042,0.494050,0.562240,0.342901,0.227232,0.277605,0.214507,0.394863,0.410493,0.096504,0.382709,0.328429,0.440270,0.326482,0.491575,0.500635,0.307837,0.411925,0.120365,0.436311,0.308754,0.401677,0.307907,0.294006,0.321375,0.393568,0.433843,0.192347,0.171571,0.371924,0.167764,0.431736,0.294346,0.335568,0.372657,0.399900,0.238238,0.247897,0.306402,0.276975,0.482620,0.317702,0.125967,0.341496,0.262052,0.348583,0.393714,0.447855,0.216261,0.187603,0.266735,0.240772,0.206286,0.236668,0.179498,0.289906,0.394553,0.323527,0.325196,0.497598,0.316671,0.417352,0.230841,0.150766,0.349112,0.183581,0.206142,0.340966,0.284094,0.310672,0.241497,0.316002,0.332363,0.498219,0.295264,0.248827,0.186460,0.189886,0.271080,0.160602,0.465784,0.382278,0.276514,0.326599,0.340563,0.237896,0.508047,0.207287,0.192661,0.235147,0.306728,0.280665,0.411281,0.424879,0.324874,0.334174,0.114138,0.381423,0.454346,0.177762,0.101541,0.378338,0.262619,0.026496,0.412633,0.349947,0.272455,0.397399,0.444843,0.328009,0.327428,0.314086,0.317661,0.255348,0.232213,0.477365,0.399106,0.236871,0.265744,0.384507,0.247486,0.160626,0.302543,0.296533,-0.018836,0.179534,0.229013,0.356304,0.402879,0.107382,0.504617,0.308869,0.374374,0.035062,0.239235,0.330166,0.107935,0.378483,0.432982,0.408213,0.312497,0.248977,0.301503,0.350704,0.384043,0.281491,0.430317,0.471769,0.373147,#
8,0.376213,0.253934,0.292751,0.269241,0.003596,0.290757,0.365755,0.485812,1.000000,0.363915,0.295853,0.298135,0.431172,0.385081,0.308670,0.441353,0.137273,0.454331,0.135607,0.414620,0.363197,0.349176,0.323764,0.330671,0.556436,0.288176,0.327565,0.184372,0.364182,0.339334,0.295937,0.318903,0.299898,0.281307,0.237929,0.488264,0.372678,0.379089,0.201253,0.210949,0.251202,0.202632,0.577271,0.220243,0.222941,0.244349,0.406840,0.445073,0.452062,0.396933,0.469887,0.303306,0.247617,0.468629,0.312144,0.240448,0.370351,0.216558,0.340855,0.250557,0.303372,0.381067,0.499974,0.365905,0.459213,0.490487,0.426661,0.521599,0.494275,0.086854,0.369393,0.352276,0.398435,0.221067,0.325628,0.282784,0.439470,0.382787,0.324234,0.151043,0.467506,0.213309,0.273103,0.386955,0.465684,0.330287,0.305052,0.470017,0.344007,0.328131,0.338234,0.427316,0.306041,0.243144,0.254073,0.376161,0.392738,0.408668,0.499522,0.503731,0.378539,0.178255,0.324629,0.405113,0.192074,0.287367,0.312483,0.317244,0.122876,0.414052,0.252691,0.302908,0.358419,0.180519,0.182188,0.384389,0.178456,0.174961,0.428189,0.417465,0.283392,0.388289,0.294272,0.311319,0.225917,0.305232,0.190624,0.204948,0.318477,0.366577,0.097253,0.482713,0.371633,0.192819,0.359773,0.352467,0.315906,0.262942,0.409390,0.213641,0.280986,0.305855,0.350472,0.135477,0.384632,0.241139,0.127641,0.336319,0.350068,0.435717,0.244148,0.268835,0.178529,0.421092,0.119437,0.282656,0.321639,0.375498,0.461225,0.378015,0.265255,0.238250,0.384537,0.396943,0.241606,0.357270,0.362776,0.389577,0.313671,0.133576,0.359777,0.392068,0.143699,0.371171,0.281023,0.189575,0.328838,0.255920,0.276474,0.329588,0.191743,0.470097,0.372568,0.224127,0.220532,0.147431,0.507305,0.260201,0.330498,0.472309,0.435344,0.509782,0.462446,0.268476,0.268616,0.194680,0.137389,0.337811,0.403905,0.530074,#
9,0.336688,0.288619,0.263271,0.320507,0.264747,0.404679,0.480713,0.287116,0.363915,1.000000,0.294859,0.411110,0.552415,0.447899,0.523181,0.633105,0.409430,0.313607,0.341246,0.217939,0.380943,0.252581,0.249902,0.407180,0.392432,0.235108,0.200067,0.446795,0.332471,0.366082,0.329051,0.437701,0.437879,0.377879,0.264129,0.346999,0.463150,0.439096,0.308278,0.264245,0.370841,0.333979,0.340312,0.307063,0.463233,0.270425,0.342980,0.379765,0.502914,0.513939,0.400030,0.235941,0.299647,0.340103,0.430134,0.331922,0.377711,0.544470,0.406268,0.392365,0.411272,0.487816,0.328588,0.211073,0.168600,0.482382,0.333075,0.455016,0.449939,0.242844,0.380169,0.344369,0.425417,0.295861,0.251540,0.356422,0.640373,0.464463,0.422630,0.442799,0.413343,0.345587,0.333449,0.619064,0.383290,0.378718,0.214226,0.569053,0.385563,0.345260,0.230965,0.408031,0.411292,0.298235,0.351458,0.329157,0.377054,0.301811,0.382773,0.384363,0.534879,0.452706,0.591708,0.474707,0.348078,0.318931,0.386402,0.574978,0.462195,0.460993,0.462916,0.355433,0.333169,0.345586,0.336579,0.480471,0.170478,0.222944,0.332408,0.455901,0.234214,0.557259,0.387112,0.366635,0.443599,0.466162,0.338241,0.206507,0.515139,0.376921,0.290738,0.389719,0.274940,0.243036,0.359226,0.257433,0.461451,0.337714,0.341440,0.112930,0.389111,0.370727,0.369616,0.507824,0.362660,0.585884,0.297307,0.289287,0.433868,0.480291,0.338562,0.242406,0.234461,0.408754,0.431204,0.308718,0.230806,0.253361,0.409927,0.366710,0.445971,0.569169,0.353513,0.410440,0.345504,0.612063,0.367654,0.370992,0.469389,0.391742,0.412142,0.346273,0.237361,0.216549,0.349546,0.478569,0.447582,0.435920,0.168172,0.411916,0.448176,0.490161,0.515033,0.140616,0.282519,0.195421,0.316307,0.382117,0.424237,0.248147,0.373582,0.417385,0.320012,0.188514,0.188486,0.229466,0.518074,0.400660,0.412333,0.424351,#
10,0.302388,0.287782,0.335622,0.283726,0.313942,0.220262,0.386720,0.399232,0.295853,0.294859,1.000000,0.365126,0.360566,0.252776,0.311449,0.330260,0.411943,0.250853,0.281579,0.296995,0.310807,0.301718,0.397574,0.528324,0.241203,0.312483,0.347993,0.395523,0.380480,0.427147,0.317651,0.248514,0.439687,0.347484,0.398150,0.370449,0.450953,0.351480,0.318090,0.362198,0.434109,0.237066,0.411388,0.112045,0.327086,0.323235,0.531168,0.359031,0.393540,0.586400,0.373799,0.508565,0.285943,0.155590,0.507667,0.453159,0.260909,0.477175,0.298528,0.439874,0.349200,0.429041,0.423092,0.329371,0.358660,0.295962,0.562954,0.342361,0.548586,0.222963,0.637225,0.371465,0.559635,0.113160,0.367635,0.490267,0.406488,0.452623,0.332437,0.229407,0.478075,0.215695,0.248557,0.311075,0.419542,0.275213,0.208591,0.121815,0.314337,0.624825,0.176074,0.456135,0.513555,0.093009,0.177970,0.384323,0.247336,0.529252,0.255543,0.284849,0.225323,0.310005,0.269881,0.321911,0.375726,0.321579,0.502054,0.197523,0.213346,0.269302,0.282101,0.368943,0.539581,0.364790,0.287515,0.437048,0.259974,0.316998,0.328063,0.262944,0.176786,0.269631,0.341278,0.360354,0.262763,0.224345,0.229812,0.310237,0.437743,0.423146,0.279009,0.371195,0.183139,0.271694,0.440434,0.587101,0.300438,0.288955,0.449814,0.411367,0.376971,0.440649,0.187553,0.256538,0.236131,0.425838,0.481602,0.279056,0.291415,0.455731,0.126563,0.213122,0.211855,0.407308,0.327254,0.217888,0.383202,0.369404,0.235714,0.241731,0.365782,0.219080,0.234386,0.413918,0.401076,0.328174,0.335339,0.206815,0.434640,0.523967,0.186253,0.414417,0.106102,0.228017,0.441086,0.264460,0.097836,0.184408,0.221681,0.303726,0.161993,0.409940,0.375678,0.287083,-0.016823,0.369706,0.419681,0.288735,0.128596,0.256992,0.360649,0.271846,0.396836,0.337551,0.359086,0.371123,0.460880,0.310251,0.362816,0.413504,#
11,0.525977,0.384567,0.255332,0.352343,0.233831,0.322579,0.433727,0.190606,0.298135,0.411110,0.365126,1.000000,0.500780,0.423312,0.482029,0.376423,0.373022,0.514814,0.558870,0.391355,0.241868,0.285497,0.443931,0.438912,0.422766,0.328699,0.330613,0.276863,0.359846,0.252064,0.323257,0.442271,0.481284,0.361638,0.270032,0.506988,0.487216,0.486904,0.335652,0.327256,0.465057,0.182109,0.384962,0.210382,0.324495,0.177658,0.516063,0.618335,0.468301,0.564935,0.218344,0.271886,0.527523,0.147854,0.436946,0.299550,0.210928,0.545598,0.370353,0.386161,0.232785,0.300748,0.377551,0.346682,0.312305,0.447251,0.417990,0.454262,0.524635,0.294014,0.470725,0.319188,0.445314,0.338247,0.529177,0.340370,0.551108,0.492786,0.219982,0.208051,0.251071,0.288728,0.521717,0.434306,0.613254,0.331176,0.194021,0.315794,0.179412,0.333928,0.418180,0.331979,0.415001,0.292967,0.165819,0.333246,0.241247,0.431601,0.241643,0.518474,0.274463,0.437638,0.461333,0.346382,0.435593,0.201523,0.407720,0.434310,0.363565,0.298310,0.319077,0.501836,0.417558,0.149102,0.258389,0.332310,0.363166,0.156806,0.405939,0.361671,0.154699,0.460575,0.377043,0.471030,0.305505,0.315611,0.470770,0.377194,0.394424,0.461441,0.326589,0.361295,0.345217,0.311823,0.441750,0.279902,0.379628,0.439296,0.462147,0.285056,0.286712,0.361200,0.345594,0.455688,0.395315,0.439194,0.304705,0.387431,0.384686,0.434663,0.338398,0.179380,0.351059,0.594103,0.390480,0.250676,0.457055,0.223862,0.223231,0.359211,0.566652,0.498658,0.451139,0.435114,0.410882,0.458140,0.551982,0.327581,0.421018,0.522738,0.431792,0.282652,0.467364,0.488722,0.427387,0.287150,0.444528,0.285182,0.295666,0.413956,0.339817,0.356900,0.528567,0.246269,0.180296,0.246177,0.422249,0.418470,0.219951,0.260910,0.428356,0.493868,0.325750,0.385731,0.316590,0.318911,0.400561,0.302387,0.375572,0.347367,#
12,0.353985,0.247510,0.303854,0.408742,0.096173,0.355243,0.394534,0.404464,0.431172,0.552415,0.360566,0.500780,1.000000,0.449531,0.439672,0.422259,0.280982,0.463761,0.404937,0.318219,0.368525,0.176003,0.431820,0.506810,0.470284,0.467708,0.320636,0.460185,0.254782,0.336618,0.252421,0.483061,0.325935,0.510468,0.323363,0.431166,0.534481,0.528214,0.359250,0.310597,0.320754,0.254442,0.390703,0.229350,0.523624,0.348222,0.494743,0.389687,0.482668,0.502629,0.557284,0.217634,0.363506,0.343228,0.478671,0.482339,0.363289,0.423398,0.385022,0.461360,0.378530,0.530434,0.490642,0.410902,0.375813,0.577076,0.424708,0.415850,0.621147,0.425214,0.559815,0.342611,0.508499,0.337798,0.386227,0.387719,0.533832,0.510331,0.377020,0.445861,0.417980,0.317161,0.416477,0.574267,0.368814,0.345434,0.153694,0.489666,0.216963,0.282777,0.454232,0.485580,0.447457,0.236154,0.342299,0.509681,0.480452,0.356027,0.320505,0.457931,0.229497,0.455804,0.445097,0.506371,0.194156,0.293179,0.396712,0.368232,0.458867,0.425711,0.353648,0.467727,0.453303,0.090772,0.445483,0.503429,0.279005,0.200743,0.451354,0.525070,0.229766,0.451142,0.325627,0.487649,0.432716,0.445968,0.504138,0.310815,0.370982,0.362351,0.191292,0.374782,0.286299,0.406815,0.350527,0.371219,0.354787,0.386744,0.302617,0.224403,0.453345,0.312724,0.365859,0.472379,0.235501,0.495037,0.271908,0.210418,0.448338,0.531876,0.456151,0.100497,0.474420,0.444514,0.314538,0.484934,0.411068,0.480448,0.486415,0.423510,0.367098,0.506156,0.378038,0.444331,0.523370,0.294744,0.334810,0.525745,0.332490,0.476787,0.390121,0.371898,0.279937,0.359846,0.278974,0.282429,0.426472,0.408632,0.246483,0.355924,0.378903,0.508044,0.469034,0.176042,0.128403,0.182720,0.244646,0.435233,0.394899,0.358709,0.276045,0.502465,0.346642,0.238195,0.306790,0.424769,0.419531,0.455526,0.540625,0.376401,#
13,0.243024,0.288184,0.258221,0.136012,0.287076,0.311211,0.436844,0.246234,0.385081,0.447899,0.252776,0.423312,0.449531,1.000000,0.421764,0.259895,0.135082,0.502839,0.311481,0.291808,0.198478,0.279524,0.367404,0.275686,0.381017,0.261875,0.307320,0.338246,0.266285,0.423159,0.180141,0.237201,0.447488,0.370827,0.034736,0.381390,0.319610,0.371352,0.281013,0.390033,0.464264,0.340271,0.489552,0.167706,0.320811,0.380848,0.419486,0.300635,0.411613,0.582525,0.416608,0.294679,0.343134,0.218881,0.426513,0.483978,0.355458,0.468810,0.393164,0.412366,0.235298,0.457799,0.231650,0.374220,0.511230,0.516263,0.421883,0.566541,0.490504,0.358390,0.326332,0.385371,0.474151,0.243121,0.384894,0.352639,0.507025,0.596116,0.584878,0.314998,0.338923,0.409859,0.334342,0.525406,0.397542,0.484371,0.117884,0.381002,0.358435,0.321142,0.132774,0.469515,0.371113,0.148764,0.400823,0.399787,0.363571,0.384737,0.397162,0.337980,0.370067,0.391017,0.478223,0.407741,0.338948,0.387466,0.410756,0.282266,0.350101,0.313061,0.283362,0.394019,0.388336,0.376561,0.348521,0.349638,0.163812,0.304630,0.553633,0.340773,0.295560,0.382732,0.463297,0.190348,0.197538,0.422572,0.381797,0.204192,0.447704,0.420669,0.338850,0.258853,0.291994,0.428637,0.381409,0.285473,0.372401,0.379501,0.421031,0.161495,0.430836,0.499534,0.408747,0.361694,0.142017,0.359302,0.392123,0.210628,0.469512,0.407824,0.401905,0.382378,0.268757,0.257398,0.330808,0.267542,0.404815,0.249151,0.470637,0.314460,0.244079,0.397261,0.328121,0.518466,0.379118,0.362324,0.502802,0.376121,0.343220,0.432106,0.365894,0.437132,0.428867,0.351807,0.390697,0.390675,0.403423,0.388264,0.275011,0.442719,0.300229,0.442890,0.548169,0.202249,0.369220,0.253853,0.409316,0.381146,0.288969,0.328564,0.454027,0.348510,0.484677,0.362259,0.320865,0.327539,0.363164,0.373572,0.352161,0.260525,#
14,0.612557,0.423769,0.548609,0.414431,0.308869,0.363860,0.270888,0.442486,0.308670,0.523181,0.311449,0.482029,0.439672,0.421764,1.000000,0.385435,0.251390,0.339202,0.246011,0.375280,0.289385,0.318262,0.478539,0.553070,0.452676,0.266927,0.377626,0.368159,0.332731,0.365059,0.447738,0.185267,0.250971,0.263791,0.543004,0.419192,0.287879,0.419989,0.433737,0.218997,0.481204,0.294520,0.313217,0.263790,0.390413,0.348798,0.482676,0.402631,0.392395,0.510288,0.321580,0.399346,0.463211,0.534783,0.520865,0.226423,0.202918,0.424154,0.390823,0.366235,0.380634,0.589429,0.386434,0.418404,0.324955,0.507472,0.468674,0.394192,0.427835,0.202981,0.269843,0.229685,0.514151,0.529336,0.362193,0.256669,0.420634,0.532318,0.473689,0.397926,0.262624,0.206972,0.425856,0.449969,0.452280,0.435681,0.155390,0.272060,0.339014,0.198016,0.251073,0.516389,0.413674,0.442756,0.542278,0.392218,0.188262,0.363430,0.284462,0.394254,0.454804,0.429952,0.435131,0.275678,0.310588,0.333460,0.338112,0.370491,0.467254,0.450381,0.403066,0.434732,0.403110,0.243369,0.199701,0.332901,0.312908,-0.027453,0.522737,0.241895,0.382719,0.557599,0.476076,0.287788,0.352871,0.322019,0.423675,0.345162,0.292977,0.310429,0.256973,0.561155,0.316340,0.277166,0.429998,0.381180,0.480698,0.477603,0.413565,0.094323,0.381752,0.428127,0.217484,0.408859,0.328824,0.586768,0.298248,0.127060,0.390493,0.476021,0.467114,0.167808,0.358757,0.559907,0.367318,0.408455,0.267780,0.255968,0.248410,0.329107,0.400991,0.484903,0.359360,0.452992,0.365611,0.504006,0.479280,0.325139,0.364417,0.492416,0.253391,0.242472,0.347097,0.392413,0.563076,0.264093,0.331674,0.239032,0.385954,0.462370,0.274436,0.485773,0.326768,0.230062,0.347978,0.256071,0.253505,0.307914,0.400991,0.203994,0.425046,0.321656,0.329042,0.375616,0.267549,0.176746,0.339397,0.340705,0.382124,0.249314,#
15,0.270158,0.343784,0.183309,0.449303,0.307998,0.291423,0.527837,0.245671,0.441353,0.633105,0.330260,0.376423,0.422259,0.259895,0.385435,1.000000,0.255463,0.312522,0.388528,0.244399,0.245618,0.448855,0.312284,0.311000,0.426961,0.180488,0.207144,0.245356,0.288562,0.281468,0.474418,0.434569,0.547520,0.532246,0.146769,0.463484,0.390114,0.456776,0.217064,0.149678,0.242041,0.178782,0.358430,0.337811,0.391051,0.280381,0.419607,0.317878,0.573590,0.483870,0.331564,0.343798,0.197898,0.168662,0.355079,0.230372,0.270600,0.360657,0.315857,0.273076,0.319953,0.489017,0.248317,0.381327,0.364694,0.419790,0.357346,0.515868,0.361353,0.210106,0.407580,0.382609,0.297960,0.225887,0.362848,0.295547,0.459284,0.428927,0.407983,0.244772,0.304330,0.162257,0.347303,0.423802,0.462247,0.321519,0.185025,0.385233,0.293133,0.295237,0.214195,0.358848,0.415087,0.391310,0.230329,0.266080,0.331220,0.429324,0.329931,0.423107,0.330242,0.390527,0.386287,0.416947,0.363896,0.143877,0.221024,0.424069,0.221158,0.445723,0.263428,0.212578,0.388489,0.306177,0.237418,0.209417,0.179967,0.179659,0.316455,0.471514,0.146505,0.444514,0.367010,0.414309,0.395934,0.313363,0.279583,0.234406,0.465758,0.298116,0.348936,0.390796,0.157497,0.116034,0.385540,0.341782,0.449657,0.343616,0.171577,0.166054,0.356238,0.348578,0.179532,0.334134,0.409102,0.544836,0.208246,0.372036,0.356566,0.399751,0.420033,0.288019,0.268922,0.360449,0.290727,0.224054,0.397080,0.227360,0.356287,0.385303,0.301659,0.403344,0.342503,0.468174,0.222952,0.279389,0.355994,0.170562,0.423305,0.295354,0.205175,0.306521,0.090544,0.416804,0.289942,0.472003,0.327948,0.201299,0.318235,0.423160,0.270555,0.441496,0.354341,0.404492,0.224524,0.081270,0.234143,0.220902,0.201493,0.302089,0.220549,0.395269,0.352076,0.222549,0.256209,0.286975,0.390943,0.237154,0.369742,0.524876,#
16,0.331669,0.143763,0.340002,0.300607,0.214601,0.244165,0.349889,0.143645,0.137273,0.409430,0.411943,0.373022,0.280982,0.135082,0.251390,0.255463,1.000000,0.228707,0.381048,0.230337,0.537273,0.155154,0.072107,0.415994,0.347852,0.287628,0.197999,0.239615,0.196445,0.253688,0.165364,0.246703,0.274361,0.147650,0.101382,0.253079,0.554434,0.311565,0.113620,0.269121,0.255861,0.161397,0.244261,0.276047,0.172324,0.305492,0.309958,0.269544,0.321181,0.459118,0.045612,0.238014,0.322910,0.149549,0.255791,0.335858,-0.098436,0.208775,0.212709,0.106437,0.442913,0.326470,0.271725,0.088374,0.056545,0.213379,0.377953,0.303607,0.305649,0.242350,0.402382,0.300524,0.234465,0.056105,0.144942,0.164142,0.240379,0.357165,0.130397,0.215197,0.426822,0.221888,0.295446,0.304019,0.384064,0.283924,0.184277,0.058568,0.210678,0.419023,0.046969,0.251618,0.358204,0.168235,0.262522,0.302493,0.214953,0.254257,0.377787,0.259711,0.239047,0.305011,0.138659,0.306313,0.165200,0.300679,0.327378,0.305495,0.436264,0.265832,0.287980,0.288112,0.296342,0.187857,0.329405,0.438151,0.251503,0.277412,0.166808,-0.084752,0.079047,0.211706,0.372347,0.297240,0.283162,0.114901,0.148980,-0.096512,0.348038,0.246928,0.327212,0.218072,0.127657,0.180065,0.365115,0.455528,0.252336,0.225080,0.199709,0.108369,0.175460,0.283973,0.336455,0.234439,0.095049,0.351254,0.403083,0.374585,0.207815,0.259490,0.035194,0.190721,-0.006022,0.355623,0.415435,0.183469,0.205792,0.087645,0.187009,0.170817,0.299946,0.251109,0.272677,0.202853,0.351632,0.295457,0.366801,0.141955,0.299789,0.294759,0.096072,0.262801,0.278822,0.280284,0.228355,0.402738,0.094932,0.459197,0.216332,0.397326,0.206002,0.226884,0.275159,0.206760,-0.113931,0.066456,0.314953,0.319638,0.290524,0.242641,0.309049,0.278624,0.372776,0.175906,0.235220,0.409141,0.404122,0.392273,0.271991,0.358518,#
17,0.472721,0.160839,0.196148,0.166260,0.214411,0.251338,0.390332,0.294275,0.454331,0.313607,0.250853,0.514814,0.463761,0.502839,0.339202,0.312522,0.228707,1.000000,0.417087,0.393488,0.226850,0.287931,0.387557,0.141786,0.440181,0.368523,0.264199,0.243284,0.272279,0.334360,0.153420,0.357457,0.400065,0.211394,0.016805,0.443435,0.330302,0.364997,0.163922,0.455058,0.248651,0.240578,0.380152,0.235677,0.285098,0.218767,0.380964,0.547820,0.305117,0.435998,0.265717,0.061933,0.404605,0.180598,0.326314,0.137638,0.182024,0.215832,0.176979,0.334411,0.153755,0.352479,0.376433,0.319381,0.372464,0.424782,0.513964,0.469610,0.233035,0.263412,0.398129,0.260447,0.300490,0.257978,0.460958,0.055666,0.535934,0.489804,0.345932,0.278386,0.363912,0.198744,0.486489,0.424379,0.429239,0.334476,0.120933,0.525693,0.177938,0.269631,0.230146,0.234081,0.408662,0.223361,0.402664,0.524556,0.342586,0.371885,0.411589,0.310213,0.329276,0.313562,0.291085,0.290351,0.151154,0.228326,0.116773,0.254962,0.133775,0.495313,0.361340,0.201752,0.490705,0.168524,0.389031,0.288318,0.102549,0.055090,0.431004,0.448419,0.356857,0.466575,0.481056,0.241814,0.090575,0.067517,0.233862,0.101201,0.420094,0.173840,0.236283,0.446406,0.347760,0.193691,0.457368,0.361526,0.383405,0.389856,0.250873,0.376559,0.361222,0.340840,0.331032,0.343808,0.450618,0.273246,0.236370,0.159034,0.495327,0.352497,0.250028,0.234510,0.276748,0.409281,0.162695,0.280098,0.439028,0.241256,0.406920,0.346377,0.369359,0.486317,0.335039,0.249838,0.371381,0.187195,0.377170,0.150235,0.349827,0.270176,0.281448,0.329019,0.381824,0.384460,0.492572,0.208280,0.197892,0.318451,0.214846,0.454218,0.314399,0.426328,0.405719,0.440808,0.179634,0.062867,0.295666,0.486710,0.089368,0.337109,0.546023,0.426469,0.353103,0.427599,0.271693,0.332243,0.291005,0.265886,0.438616,0.197142,#
18,0.375374,0.203432,0.221907,0.328117,0.225735,0.377246,0.376760,0.186942,0.135607,0.341246,0.281579,0.558870,0.404937,0.311481,0.246011,0.388528,0.381048,0.417087,1.000000,0.175977,0.146464,0.412215,0.331116,0.227138,0.231754,0.474482,0.338417,0.300591,0.228254,0.395206,0.055838,0.466548,0.440190,0.354923,0.189620,0.469651,0.482498,0.344293,0.276896,0.480804,0.301723,0.363062,0.389449,0.107750,0.294899,0.296525,0.273129,0.394959,0.430941,0.434107,0.218909,0.106136,0.374623,0.009305,0.312663,0.342638,0.231968,0.208973,0.312712,0.474042,0.302576,0.323496,0.284654,0.223695,0.257164,0.240438,0.273090,0.274677,0.290658,0.261420,0.327652,0.248650,0.332102,0.063458,0.502191,0.236834,0.445003,0.335680,0.203643,0.169434,0.248705,0.254343,0.300328,0.394141,0.526042,0.366588,0.076758,0.245006,0.368710,0.229301,0.273555,0.167334,0.447318,0.286990,0.182878,0.260446,0.304412,0.373029,0.299347,0.321492,0.183968,0.225162,0.302340,0.298355,0.149576,0.301140,0.327815,0.314502,0.342732,0.417600,0.471443,0.227528,0.415350,0.230392,0.183148,0.321689,0.256857,0.345522,0.381408,0.289090,0.167939,0.364864,0.356717,0.414473,0.456813,0.085975,0.473616,0.143986,0.438076,0.279317,0.256881,0.384840,0.301626,0.269610,0.338486,0.230720,0.493259,0.282811,0.218142,0.317278,0.289875,0.392114,0.271302,0.491485,0.285761,0.260616,0.204118,0.266509,0.429006,0.291532,0.275429,0.085388,0.336682,0.347751,0.339716,0.367286,0.309767,0.350875,0.195667,0.332289,0.456578,0.483011,0.538106,0.299860,0.170401,0.212419,0.602481,0.187312,0.273070,0.379552,0.131208,0.258084,0.339978,0.457339,0.235163,0.342572,0.247878,0.293418,0.404762,0.443695,0.258889,0.440033,0.422928,0.272778,0.127809,0.335384,0.349486,0.326845,0.218764,0.379086,0.305565,0.527466,0.216270,0.400252,0.261594,0.292811,0.341634,0.483272,0.289956,0.283717,#
19,0.325038,0.366527,0.357047,0.242475,0.436056,0.329897,0.231134,0.315929,0.414620,0.217939,0.296995,0.391355,0.318219,0.291808,0.375280,0.244399,0.230337,0.393488,0.175977,1.000000,0.321567,0.205895,0.245680,0.315817,0.361183,0.219291,0.162439,0.152050,0.251698,0.248140,0.310335,0.410549,0.464810,0.119995,0.156078,0.461555,0.154823,0.259487,0.154912,0.295131,0.314231,0.246894,0.447165,0.324714,0.121313,0.356832,0.560562,0.369209,0.273712,0.344639,0.167073,0.139461,0.386896,0.131611,0.302755,0.147855,0.292821,0.186809,0.184517,0.235610,0.126921,0.120969,0.463348,0.215598,0.245514,0.393452,0.388339,0.277816,0.355729,0.212961,0.332736,0.317801,0.405597,0.155809,0.229627,0.260970,0.240572,0.348370,0.242965,0.121611,0.427274,0.149534,0.452598,0.144047,0.327993,0.121280,0.144448,0.366531,0.319216,0.319051,0.247804,0.258224,0.220098,0.329482,0.278666,0.239976,0.298513,0.423227,0.282487,0.318783,0.267788,0.267958,0.099302,0.279839,0.267651,0.133582,0.385707,0.143983,0.158671,0.238424,0.334419,0.223548,0.335540,0.299448,0.324775,0.415317,0.264602,0.179662,0.343341,0.030571,0.441433,0.354523,0.255164,0.465226,0.329893,0.264522,0.161599,0.214180,0.520125,0.512508,0.268440,0.516178,0.307867,0.318862,0.368416,0.404396,0.256565,0.343180,0.223823,0.091183,0.250929,0.266410,0.269702,0.263454,0.127291,0.243269,0.077451,0.174155,0.325618,0.389937,0.104306,0.206733,0.277380,0.439880,0.408414,0.136284,0.241147,0.218617,0.336484,0.297534,0.103459,0.400340,0.232147,0.249367,0.224736,0.263817,0.322936,0.424492,0.280200,0.173522,0.134629,0.293252,0.260855,0.324336,0.406174,0.097036,0.336378,0.274758,0.186785,0.162473,0.108722,0.405960,0.417088,0.299945,0.120012,0.069228,0.140816,0.319328,0.251248,0.275855,0.381152,0.331996,0.249454,0.216220,0.410709,0.084340,0.227026,0.132402,0.215759,0.299650,#
20,0.373900,0.367679,0.175532,0.240744,0.225918,0.312535,0.363544,0.341327,0.363197,0.380943,0.310807,0.241868,0.368525,0.198478,0.289385,0.245618,0.537273,0.226850,0.146464,0.321567,1.000000,0.173581,0.163442,0.468684,0.331116,0.341785,0.192669,0.268953,0.021451,0.075695,0.356056,0.382743,0.195611,0.386093,0.289307,0.148854,0.470508,0.241315,0.344924,0.230020,0.349432,0.333045,0.288249,0.358517,0.218488,0.212504,0.327606,0.260540,0.288669,0.305620,0.319130,0.317876,0.287505,0.195960,0.243718,0.201932,-0.012039,0.271721,0.183681,0.278959,0.396747,0.298694,0.314801,0.205767,0.164686,0.363860,0.384000,0.388376,0.299148,0.110431,0.291318,0.384925,0.172931,0.124114,0.066316,0.072195,0.161219,0.403957,0.416170,0.264486,0.371214,0.207010,0.180780,0.347941,0.246397,0.216362,0.244180,0.275742,0.228398,0.421239,0.278167,0.201997,0.264828,0.361208,0.219538,0.227045,0.139358,0.104627,0.332301,0.280713,0.360231,0.385116,0.147922,0.293831,0.351248,0.176061,0.416677,0.144854,0.424835,0.205044,0.286923,0.298923,0.154415,0.031668,0.400819,0.444575,0.305386,0.285771,0.174967,0.054753,0.290617,0.381141,0.390978,0.319433,0.240717,0.288719,-0.073457,0.064629,0.288345,0.297054,0.192602,0.242311,0.318282,0.239940,0.287531,0.324679,0.155835,0.438974,0.276002,0.213427,0.139142,0.114535,0.356304,0.290844,0.270466,0.226270,0.342631,0.310171,0.229162,0.500656,0.261486,0.162111,0.087008,0.268072,0.304227,0.205897,0.059225,0.262866,0.381968,0.117382,0.254767,0.289174,0.174766,0.285725,0.331385,0.216745,0.230481,0.332389,0.146833,0.179874,0.131486,0.279763,0.251664,0.358103,0.282228,0.089656,0.302155,0.367812,0.135454,0.414628,0.155855,0.296082,0.250688,0.081506,0.043570,0.260788,0.298036,0.268647,0.350843,0.255184,0.221081,0.224646,0.465537,0.219225,0.439964,0.220783,0.262132,0.346650,0.379511,0.380914,#
21,0.192543,0.554408,0.378437,0.534347,0.342275,0.368223,0.321421,0.206718,0.349176,0.252581,0.301718,0.285497,0.176003,0.279524,0.318262,0.448855,0.155154,0.287931,0.412215,0.205895,0.173581,1.000000,0.439359,0.336562,0.258289,0.233319,0.351990,0.251589,0.426394,0.163501,0.230364,0.133381,0.394744,0.498957,0.264350,0.447544,0.345982,0.219785,0.331546,0.179442,0.234468,0.359271,0.267792,0.237604,0.283933,0.403137,0.345223,0.331702,0.412325,0.507698,0.286554,0.256250,0.389280,0.258836,0.482939,0.166941,0.227694,0.240176,0.520546,0.331760,0.219833,0.472277,0.022414,0.210369,0.341309,0.355104,0.329135,0.297032,0.255543,0.351820,0.266128,0.386822,0.489566,0.300966,0.446875,0.337807,0.452653,0.391643,0.432059,0.271920,0.238261,0.105145,0.482096,0.497254,0.431258,0.335925,0.112375,0.396165,0.504485,0.432451,0.093189,0.284819,0.436838,0.301365,0.282662,0.406551,0.356370,0.316639,0.392761,0.458199,0.250913,0.300150,0.026881,0.462169,0.226409,0.482276,0.261651,0.463930,0.078934,0.373444,0.424187,0.137250,0.366703,0.289842,0.136707,0.092032,0.342030,0.442161,0.483801,0.310846,0.350877,0.288542,0.439105,0.166090,0.220236,-0.048954,0.340802,0.323593,0.370350,0.364555,0.300787,0.485845,0.198981,0.281170,0.557308,0.246904,0.381293,0.165115,0.243604,0.086721,0.440866,0.444951,0.132636,0.218843,0.327263,0.343522,0.182530,0.140819,0.359461,0.397384,0.416568,0.333699,0.311762,0.356677,0.127763,0.294394,0.389739,0.263452,0.190740,0.292091,0.376327,0.419659,0.348239,0.494167,0.427740,0.250316,0.466567,0.197890,0.201876,0.152542,0.155036,0.440123,0.330398,0.385764,0.185464,0.261527,0.128987,0.213345,0.385566,0.385847,0.143221,0.446232,0.269619,0.287657,0.266966,0.318307,0.222860,0.214542,0.154316,0.271081,0.320302,0.278377,0.251459,0.336078,0.297199,0.205911,0.354172,0.242742,0.132007,0.474057,#
