0,1.000000,-0.097474,0.218922,0.022808,0.192116,-0.162759,-0.007773,-0.126156,0.169413,0.126174,0.065450,0.061100,0.034643,-0.033041,0.228465,-0.199931,-0.026448,0.185410,0.126374,0.305713,0.081268,0.254941,0.027947,0.186597,0.124897,0.014358,-0.018867,-0.018762,0.309503,0.248797,-0.111876,-0.075780,0.034569,-0.006481,-0.232142,0.072418,0.094779,0.021999,0.113566,0.176690,0.153066,-0.048888,0.079281,0.088608,-0.166955,0.052597,0.075238,0.156935,0.140535,0.016570,0.189403,-0.164259,-0.121260,0.098401,0.138753,0.128901,0.160339,0.127010,-0.081299,-0.023813,0.244703,-0.028911,-0.040435,0.159011,0.108781,-0.004886,0.041208,0.051308,0.088299,0.024321,0.050440,0.021231,0.211705,0.103276,-0.134747,-0.250813,0.013993,0.033168,-0.095693,-0.105574,0.344174,-0.112507,-0.056604,0.139607,0.345373,-0.015528,0.037910,0.117963,0.088841,-0.050085,-0.024706,-0.143919,-0.077847,0.128213,0.280994,0.005156,0.335199,0.024785,0.152476,0.317123,0.136689,0.137103,-0.004748,0.188438,0.154764,0.081581,0.084874,0.043479,-0.075882,-0.274465,-0.092352,-0.046185,0.054648,0.236866,-0.204072,-0.138569,0.112867,0.236886,-0.000455,0.002570,0.385358,0.071395,-0.048467,0.005599,-0.044717,0.319237,0.057874,-0.056583,-0.191207,0.141439,0.114092,-0.023311,0.345744,-0.007704,0.021379,-0.227802,0.329820,-0.100063,0.153778,0.304526,0.209035,0.108896,0.050899,0.053288,0.041383,0.110890,0.088175,0.058072,0.218098,-0.034152,-0.053829,-0.039962,0.301839,0.116738,0.165062,-0.169385,-0.148628,-0.021177,0.126577,0.119805,0.160967,0.232324,-0.008502,-0.045048,-0.037134,-0.176930,0.187693,0.138024,-0.018559,-0.044894,0.402660,-0.101518,0.171895,0.167295,-0.081508,0.181081,0.323081,0.137726,0.059553,0.029552,-0.022066,0.398780,-0.232503,-0.058847,0.107580,0.025133,0.364962,0.305249,0.155976,-0.070396,0.209589,-0.032896,0.231751,0.010445,0.263051,-0.116558,0.023903,-0.052970,0.406349,0.148314,#
1,-0.097474,1.000000,0.020502,0.099007,0.214126,0.126071,0.174024,0.058695,0.198391,-0.069030,0.366747,0.151674,0.123725,0.173202,0.038047,-0.070534,0.126228,0.111709,0.055342,0.146848,-0.019637,0.107310,0.108477,0.345926,0.133673,0.148720,0.014303,0.106574,0.025574,0.104800,0.372668,0.182412,0.112066,0.267072,0.044476,-0.091791,0.042545,0.052733,0.297882,0.187960,0.034335,0.013866,0.311614,0.141763,0.203216,0.321701,0.300513,0.253028,0.048237,-0.034705,0.215461,0.299370,0.259443,-0.052064,-0.072729,0.080367,0.190831,0.067322,0.368832,0.074958,0.112365,0.191283,0.111907,0.017020,0.221371,0.254485,-0.025148,0.263035,0.127623,0.223206,-0.009382,0.068784,0.281955,0.091706,0.171691,0.058716,-0.000925,0.125042,0.276699,-0.022126,0.176473,0.347816,0.161607,0.339293,0.178504,-0.116786,0.225434,0.041413,0.025880,0.427177,0.228396,0.317292,0.074606,0.138183,0.045936,0.305770,0.020527,-0.074370,0.155743,0.077801,0.074646,-0.291408,0.018373,0.180988,0.076572,0.227679,0.177959,0.356052,-0.024210,0.053293,0.324032,0.189203,0.023127,0.062435,0.261081,0.256961,0.006638,0.257400,0.154663,0.170650,0.132587,0.056100,0.267677,0.017448,0.261098,0.153671,0.029541,0.068583,0.034132,0.133004,0.076661,0.123021,0.096849,0.216892,0.436179,0.460713,0.077379,0.267428,0.088944,0.212646,0.073164,0.064934,0.200555,-0.175820,-0.005223,0.119547,0.167739,0.047836,0.330570,0.195374,0.030968,0.128812,0.002904,-0.118684,0.347192,0.040343,0.192280,0.068226,0.204286,0.095768,0.015748,0.245738,0.142938,0.149300,0.227014,0.347655,0.175031,0.326101,0.313550,0.235991,0.001894,0.063110,0.139868,0.052519,0.199729,0.142130,-0.179751,0.245755,0.209492,0.089549,0.077372,0.190611,0.275781,0.005341,0.185967,0.091064,0.056445,0.122206,0.081520,0.220324,0.293537,0.067658,0.148403,0.060798,0.125201,0.183887,-0.031852,0.247210,0.032333,0.069261,#
2,0.218922,0.020502,1.000000,0.258401,0.036219,-0.222864,0.023391,0.277127,-0.120780,-0.065322,0.065318,0.161038,0.018399,0.226089,-0.057277,0.006261,-0.137992,-0.129913,-0.147579,0.019686,0.051746,0.319433,0.061002,-0.053762,0.133266,0.101915,0.109116,0.047196,0.142918,0.289315,-0.087988,-0.227417,0.030601,0.213094,-0.092603,0.099931,-0.042847,-0.059597,-0.167211,0.055173,0.132725,0.023085,0.303015,-0.050235,-0.292678,0.154380,0.027134,0.210699,-0.115562,0.016546,0.291681,0.051573,0.066215,-0.067077,-0.218811,0.096486,-0.104447,-0.004595,-0.085928,0.166819,-0.143850,-0.064909,0.078890,0.190950,0.127224,0.011811,-0.222987,-0.292719,0.035143,0.204750,0.078159,-0.306230,0.098866,0.178340,0.085727,0.025370,0.085948,-0.169987,-0.107156,-0.101171,0.342206,-0.040744,-0.168624,0.074836,-0.063523,-0.050881,0.211592,0.065847,-0.193012,0.057093,-0.093775,0.094441,0.097499,-0.129667,-0.091924,0.023414,0.024383,-0.266171,0.148838,0.029693,0.265235,-0.176196,-0.051186,0.016903,-0.056973,-0.028078,0.144275,0.032383,0.014702,0.154452,-0.100071,-0.081577,0.082324,-0.024743,-0.039304,0.016215,0.018412,0.209847,-0.250861,-0.154137,0.051521,0.011891,-0.113779,-0.057950,-0.127521,0.037349,0.233660,-0.007082,-0.113575,0.008013,0.130798,-0.078788,-0.089406,-0.099568,0.167220,0.205446,0.102911,0.041219,-0.148091,-0.014401,-0.188408,-0.121082,0.168855,-0.004702,0.008663,0.308504,0.186941,0.064171,0.229230,-0.027753,-0.184601,0.360764,0.071228,-0.161192,0.023098,-0.168297,-0.213680,-0.083830,0.054261,0.007220,0.048919,0.261025,0.050196,0.085286,0.001414,0.027715,-0.044790,0.112473,-0.197271,-0.048919,0.035998,0.075312,0.081318,0.028223,0.078810,-0.077629,0.106052,0.038057,-0.055965,0.096310,0.238182,-0.116617,-0.076989,0.263184,-0.219746,-0.100336,0.006696,-0.005895,0.004026,-0.182348,-0.103429,-0.016366,0.276334,-0.176996,-0.065635,-0.138833,-0.113778,-0.015162,0.292157,0.158384,#
3,0.022808,0.099007,0.258401,1.000000,0.329397,0.124301,0.368044,0.116208,0.074608,-0.054981,0.181105,0.381777,0.087639,0.241918,-0.082219,0.059700,0.118548,0.148721,0.100589,-0.058363,0.095523,0.238133,-0.002264,0.294850,0.079483,0.013947,-0.105457,0.069322,0.114534,0.269477,0.223461,0.195437,0.279908,0.184883,-0.121114,0.090150,0.462420,0.229482,0.137525,0.049866,0.303568,0.191761,0.090780,0.392415,0.023364,0.040968,0.169889,0.117320,0.025646,0.221278,0.208220,0.109330,0.123863,-0.109424,-0.050120,0.322396,0.148566,0.275535,0.280771,0.215745,0.111393,-0.008302,0.194685,0.185751,0.157277,0.189449,0.272018,0.248663,-0.127224,0.134640,0.139784,-0.062530,0.277227,0.181330,0.264439,0.404507,0.287182,-0.158171,0.271865,0.253988,0.283703,0.167360,-0.050588,0.015800,0.186444,0.150214,0.268392,0.231280,0.069032,0.366734,0.176448,0.174270,0.192232,0.205635,0.054651,0.332117,0.202267,0.170439,0.194246,0.412216,0.349723,-0.113749,0.200442,0.256942,0.137908,0.168393,0.139462,0.058222,0.213999,0.126684,0.030453,0.108853,0.196174,0.110556,-0.115701,0.050904,0.267988,-0.007896,0.037354,0.051027,0.170951,0.210327,0.164235,0.273323,0.100906,-0.128372,0.302144,0.169969,0.204852,0.402680,0.085146,0.305745,0.197775,0.227114,0.288228,0.121527,-0.004013,0.027909,0.245683,0.205884,0.202187,0.186464,0.223793,0.262873,-0.089821,0.195305,0.211663,0.159889,0.173942,0.055231,-0.107867,0.118769,0.019363,0.089650,0.219361,-0.028592,0.026959,0.008594,0.193312,0.379764,0.285482,0.219215,0.204769,0.143228,0.069872,0.327471,0.132485,0.205013,0.107865,0.118780,0.145256,0.141454,0.196310,0.097474,0.106050,0.297162,0.014286,0.312947,0.063015,0.022482,0.232015,0.146422,0.226319,0.367170,0.119109,0.069250,0.029547,0.181072,-0.112563,0.019554,-0.043812,0.216111,0.476195,0.025381,0.134648,0.246107,0.201717,0.278717,0.280796,0.112656,#
4,0.192116,0.214126,0.036219,0.329397,1.000000,0.207871,0.112533,-0.012843,0.171206,-0.033470,0.016624,0.079653,0.177956,0.096340,-0.046284,-0.009606,0.255032,0.078037,0.084292,0.178158,0.118130,0.304042,0.139964,0.309586,0.137206,0.276835,-0.151976,0.038888,0.214292,-0.233203,-0.061575,0.174278,0.203782,0.178453,-0.092267,0.167929,0.255227,0.194238,0.075646,-0.037976,0.294052,0.178492,0.264415,0.089899,0.249614,-0.035866,0.268611,0.192710,0.103280,0.154548,0.101331,-0.052730,0.038427,0.011748,-0.003288,0.134308,0.134531,0.103006,0.159350,0.221322,0.257866,0.163656,-0.009071,0.028060,0.140943,0.064307,0.207974,0.041085,0.065117,0.074645,0.012599,0.052350,0.269170,0.164255,0.168999,-0.127853,0.032216,0.181903,0.133711,-0.126339,0.345409,0.038002,-0.128234,-0.045260,0.211873,0.065961,0.097461,0.174949,0.214386,0.203227,0.125615,0.063310,-0.169239,0.113110,-0.031135,0.201773,0.163665,0.079635,0.354153,0.215282,0.195984,-0.203730,0.110672,0.207332,0.031914,-0.044152,-0.007074,0.183008,-0.148924,0.077776,0.368033,-0.045274,0.208887,0.428975,0.040425,-0.157676,0.100816,-0.124719,-0.024836,-0.192152,0.164714,0.085405,0.208305,-0.127835,0.250964,-0.077950,0.198638,-0.029359,-0.082059,0.105315,0.078406,-0.046109,0.223027,0.140299,0.273793,0.137837,0.216817,-0.228321,0.128785,0.204964,0.181901,-0.087122,0.153458,0.077009,-0.011291,0.072599,0.098310,-0.035732,0.272654,0.127257,0.049386,-0.069293,0.244485,0.110923,0.100478,-0.150596,0.125691,0.025409,0.177678,0.136175,0.048589,0.131283,0.134963,0.335317,-0.076379,0.424140,-0.050900,0.042698,0.016931,0.146922,0.117808,0.093741,0.166752,0.128507,0.165386,0.151682,0.209839,0.200806,0.081911,-0.156924,-0.012898,0.036552,0.196423,-0.014088,-0.162898,0.105002,0.285383,0.278587,0.070620,0.030829,0.246574,-0.272580,0.144006,0.002561,-0.140247,0.241602,0.014191,0.307359,0.121263,0.199537,#
5,-0.162759,0.126071,-0.222864,0.124301,0.207871,1.000000,0.156112,-0.084686,0.267614,0.066075,0.110903,-0.169072,-0.040375,0.126842,0.085780,-0.004267,0.211221,0.121439,0.092121,-0.217123,0.253910,-0.051233,0.021331,0.135644,0.075327,0.082902,-0.075930,0.087471,0.093103,-0.071909,0.040141,0.177084,0.244183,0.055267,-0.049028,-0.059737,0.271021,0.131458,-0.076897,0.109858,-0.137454,0.069818,-0.112832,0.179742,0.002028,-0.001654,0.117299,-0.071599,-0.004936,0.201142,-0.280757,0.021919,0.156401,-0.140194,-0.096961,0.162885,-0.176001,-0.068956,-0.000197,0.088589,0.136867,0.057764,0.002574,-0.202993,-0.198086,0.113957,0.370337,0.035855,-0.051980,0.075583,0.051610,0.023594,0.190507,0.204803,-0.097982,0.024175,0.149644,0.092699,0.010720,0.135432,0.002301,0.273424,0.042159,-0.155203,-0.088044,0.127646,0.020984,-0.023735,0.175657,0.123634,-0.069763,0.188507,-0.106667,-0.004368,0.007865,0.005386,0.036089,-0.170198,0.236218,-0.131909,-0.008465,0.020202,0.094627,0.049396,0.028984,-0.108541,-0.328198,0.115826,-0.236785,0.035616,0.262951,-0.084027,0.185963,-0.004571,0.044504,0.006771,0.235028,-0.042683,0.150145,-0.131687,-0.062607,-0.103639,-0.119493,0.192825,0.019249,0.041168,-0.173859,-0.113827,0.122212,0.129119,-0.024674,0.222201,0.054237,-0.073099,0.265783,0.248449,0.023704,-0.172465,0.058201,0.017392,0.302565,0.076294,0.013053,0.277898,0.169272,-0.035042,0.040572,-0.032420,-0.136396,0.203956,0.062527,-0.282519,-0.036674,0.166034,0.069682,0.105814,0.124574,-0.028997,0.273288,-0.019101,0.056166,0.083919,-0.004897,-0.038007,0.053083,-0.007169,-0.006614,0.095734,0.033039,0.162891,-0.038669,0.075808,-0.057360,-0.090450,-0.009165,0.151565,-0.029438,0.015284,0.321413,-0.228416,0.026701,-0.003268,0.308000,-0.098862,0.009052,0.142931,0.169664,0.062634,-0.124421,0.085203,0.006416,-0.170385,0.199014,0.156110,0.135699,0.053305,0.028228,0.310448,-0.250690,-0.011873,#
6,-0.007773,0.174024,0.023391,0.368044,0.112533,0.156112,1.000000,0.198820,0.131336,-0.092420,0.224846,0.080055,0.028221,0.178254,0.119132,0.062288,0.172411,0.191100,0.116791,0.115343,0.296379,-0.062995,-0.142201,-0.089756,-0.157888,0.086147,-0.018800,0.096508,0.345981,0.169772,0.016526,0.157727,0.231184,0.186139,-0.075660,0.008526,0.177803,0.178775,0.175682,0.214210,0.149267,0.003931,-0.050869,0.110075,0.024678,0.186144,0.263493,0.301406,0.073533,0.182884,0.053780,0.174658,0.209310,0.044378,-0.133848,-0.053398,0.158976,0.260171,0.288459,0.299231,0.088059,0.184993,-0.043388,0.424919,0.209301,0.307896,0.353038,0.241063,0.232910,0.022762,0.029634,0.157045,0.404010,-0.025076,0.169724,0.227076,0.099180,0.133089,0.225247,0.175109,0.155382,0.157922,0.370574,0.051537,0.268654,0.098862,-0.016813,0.149126,0.158784,0.362875,0.222087,0.227726,0.081180,0.171689,0.047567,0.070043,0.157343,-0.009101,0.238692,0.115908,0.149371,0.041942,0.184448,-0.061625,-0.337520,0.190521,-0.118893,0.094743,0.042675,0.196959,0.178569,0.125259,0.144052,-0.040925,-0.002494,0.107263,0.424806,0.004239,0.228769,0.208327,0.132344,0.180350,-0.064954,0.005459,0.115405,-0.085556,0.038115,0.363164,0.041963,0.388090,0.130615,0.018730,0.224611,-0.035653,0.403015,0.181950,-0.023777,0.359701,0.245000,0.127490,0.246379,-0.145854,0.131435,0.403821,-0.093604,-0.006213,0.222548,-0.038247,0.121703,-0.124312,0.058763,0.065766,0.123997,-0.030240,0.338365,-0.224183,-0.097091,0.004123,0.189851,-0.009941,0.104943,0.351684,0.323959,0.004623,0.280435,0.190106,0.184491,0.227090,0.271197,0.244222,-0.127866,0.059729,0.210179,0.080513,0.037182,0.198726,-0.004416,0.337258,0.317187,-0.082182,0.027728,0.152203,0.167003,0.520227,0.407669,0.138706,0.067333,0.143048,0.059802,0.344620,0.077197,-0.023158,0.443483,0.214107,0.036931,0.160921,0.049837,0.257065,0.042310,0.161404,#
7,-0.126156,0.058695,0.277127,0.116208,-0.012843,-0.084686,0.198820,1.000000,-0.013179,0.134426,0.060926,0.198809,-0.021204,0.285147,0.216540,0.087720,0.014902,0.175079,-0.101812,0.261512,0.020549,0.274038,0.268705,-0.107463,-0.090741,-0.058266,0.251455,0.165105,0.083911,0.196085,0.049843,0.219370,0.062919,0.132603,-0.057522,0.038225,-0.185633,-0.006080,0.032370,0.033591,0.065526,0.133381,0.122172,0.112356,0.026358,0.251468,-0.043303,0.317223,0.228501,0.148908,0.099324,0.152584,0.038757,0.133753,0.078271,0.148055,0.083328,0.056883,0.171750,0.134757,0.258799,-0.061206,-0.009396,0.209837,0.256010,0.036179,-0.051180,0.002684,0.080743,0.141651,0.025518,-0.151532,0.186165,0.202832,0.269176,0.202814,-0.008478,0.286407,0.215156,0.140421,0.265608,0.063986,0.166865,0.151361,0.182014,-0.093035,-0.137125,0.057073,0.143537,0.259682,0.032281,0.088590,0.115778,0.116776,-0.078140,0.004216,-0.210257,0.026612,0.109271,0.044654,0.164184,-0.023593,0.107933,-0.063256,-0.168161,0.318285,0.380795,-0.027866,0.137797,0.105490,-0.147029,-0.218597,-0.004259,-0.017860,0.267679,0.090014,-0.217839,0.025748,0.186617,0.318240,0.105031,-0.016747,0.120979,0.300461,0.216059,0.057874,0.071201,0.357663,0.010480,0.064566,-0.067462,-0.103675,0.029623,0.110406,0.318443,0.090028,0.001399,0.291957,0.074298,0.192813,0.211670,0.017567,0.010482,-0.001632,0.012581,0.126925,0.292124,0.225625,0.198203,-0.072897,-0.050829,0.258657,-0.150949,-0.006407,-0.142770,0.020781,0.155872,0.132018,0.141767,0.064608,0.053515,0.317539,-0.027534,0.192670,0.071918,0.189603,0.068782,0.131103,0.061444,0.110900,0.090534,0.171514,0.127275,0.033799,0.122610,-0.069432,0.071596,0.112335,0.069923,-0.058312,0.060602,0.027060,0.001046,0.148657,-0.246003,0.049775,0.057753,0.096775,0.143738,0.135475,0.102287,-0.199797,0.242745,0.077758,0.012045,0.191195,0.120430,0.043660,0.106206,0.022603,#
8,0.169413,0.198391,-0.120780,0.074608,0.171206,0.267614,0.131336,-0.013179,1.000000,-0.006156,0.023337,0.021806,0.111497,0.188457,0.194800,-0.211723,0.053060,-0.029142,-0.057634,0.188824,0.324193,0.076364,0.126933,0.229210,-0.002067,0.059156,-0.088181,0.064496,0.001213,-0.010845,0.070001,0.165819,0.133852,0.155177,-0.045979,0.161922,0.305200,0.082201,0.092003,0.186507,0.050094,0.104934,-0.302281,0.062732,0.143034,0.145773,0.019988,0.229225,-0.031165,0.016037,-0.076361,0.193795,-0.130741,0.281597,0.120575,0.244846,-0.115322,0.186379,0.124512,0.111661,0.100454,0.032556,0.234671,-0.049381,0.253861,0.176431,0.132457,0.163339,0.256222,0.076257,-0.185586,0.114021,0.405553,-0.117670,-0.059360,-0.149066,0.106443,-0.036564,0.070167,-0.017356,0.049114,0.227273,0.188217,-0.075659,0.245832,0.111789,-0.002806,0.206244,0.227892,0.223854,0.094317,0.144177,-0.021442,0.059458,0.211062,0.282745,0.041181,0.103103,0.140988,-0.022512,0.161479,-0.107402,0.019839,0.024362,0.222805,0.205397,0.154695,0.113982,-0.103710,-0.076397,0.043931,0.038831,-0.195989,0.185026,-0.002584,0.056757,0.113627,0.170646,-0.047277,0.141562,0.268367,0.022727,0.077498,-0.021399,0.112297,0.338691,0.101466,0.242649,0.048358,0.160500,-0.003043,-0.015950,0.154166,0.013024,0.298394,-0.007223,0.087223,0.111181,0.399016,0.133631,0.172426,0.073360,0.085665,0.036874,-0.083781,0.065009,0.140845,0.298283,0.021585,0.220172,0.159332,0.023492,0.111979,0.086622,0.300547,0.048941,-0.002619,0.041344,0.045486,0.155323,-0.026470,0.105207,-0.080338,-0.025559,0.146034,0.142480,0.144162,0.212215,0.182108,-0.002674,0.260085,0.068341,0.002742,0.198989,-0.122218,0.340975,-0.013766,0.264199,0.225051,-0.088379,0.127877,0.137760,-0.144603,0.122754,0.194842,0.065519,-0.013641,-0.066373,0.090597,0.212659,0.217233,-0.158718,0.093815,0.063122,0.103957,-0.077228,0.119934,-0.229388,-0.016780,0.071713,#
9,0.126174,-0.069030,-0.065322,-0.054981,-0.033470,0.066075,-0.092420,0.134426,-0.006156,1.000000,0.280080,-0.166782,-0.184610,0.241123,0.213148,0.020926,-0.080558,-0.071248,-0.147117,0.185213,-0.104229,-0.008918,0.050242,-0.107817,-0.170943,-0.084484,0.170237,0.011894,0.017302,-0.063920,0.025751,0.168886,0.097037,-0.086452,-0.044342,-0.014248,-0.110439,0.154443,0.031203,-0.100597,0.200866,0.232290,-0.070245,-0.271741,0.025451,0.124548,0.092565,0.111799,0.138642,-0.234938,-0.164458,0.282650,0.062663,-0.101595,0.316325,0.370756,0.193832,0.300806,-0.074046,-0.249993,0.087268,-0.204377,0.051863,-0.145979,0.158868,-0.042663,-0.055880,-0.107012,0.027998,-0.104377,-0.067515,0.229333,0.074742,-0.016057,0.071964,0.075994,0.156214,0.066945,0.191654,-0.073792,-0.048780,0.271527,-0.206559,0.173645,-0.024932,0.317663,0.024852,0.089985,-0.026528,-0.045174,-0.332779,-0.015885,-0.136891,-0.095635,-0.058125,-0.128706,0.030103,-0.005943,0.161572,0.186142,0.074554,0.083899,0.218085,0.040079,0.092713,-0.006037,-0.049277,0.118062,0.126801,-0.103926,0.035309,-0.009966,0.172817,-0.076037,0.088866,0.028428,-0.036177,0.201445,0.268076,-0.170555,0.195489,0.268843,0.073843,0.272170,0.043964,0.143512,-0.140309,-0.025845,0.164446,0.077545,0.142620,-0.015908,-0.218839,-0.018287,-0.038951,-0.102764,0.067287,0.135168,0.128891,-0.017909,0.060140,0.215280,0.029064,-0.162847,0.070002,-0.073130,0.131924,0.238287,-0.054989,0.278730,0.017947,-0.167817,0.158411,0.162750,-0.115934,0.359054,0.253398,0.058361,0.399324,0.092891,-0.000777,-0.071830,-0.229331,0.214291,0.070427,0.007138,-0.141901,0.140372,0.084185,0.037586,0.123629,0.305954,0.071326,-0.052270,-0.065897,0.000853,0.113110,-0.218003,-0.155606,0.103022,-0.061189,0.035842,0.244499,-0.080635,-0.126126,0.035201,0.300102,0.122860,0.188087,-0.103157,-0.118608,-0.036122,-0.036407,0.189569,0.053159,0.146415,0.108826,-0.145735,0.161524,-0.054899,#
10,0.065450,0.366747,0.065318,0.181105,0.016624,0.110903,0.224846,0.060926,0.023337,0.280080,1.000000,-0.009737,-0.180682,0.286952,0.181409,-0.177206,0.084305,0.041171,0.302146,0.062993,-0.017692,0.014623,-0.085443,-0.014608,0.016564,-0.035703,0.159555,0.145725,0.030526,0.009051,0.239241,0.177794,0.013882,0.056595,-0.122025,0.195585,-0.047922,0.100833,0.075947,-0.013088,0.103783,0.030066,0.103670,-0.088230,-0.242884,0.111851,0.183122,0.226482,0.168452,-0.121262,0.097181,0.168873,0.068869,-0.052413,0.086128,0.236868,-0.006236,0.092382,0.213497,-0.063455,-0.184169,0.119088,0.075811,0.083296,0.192097,0.255266,-0.028997,0.068729,0.014943,0.000274,-0.010482,-0.005438,0.164175,0.099398,-0.037008,0.083390,0.127878,-0.179361,0.212546,0.061763,0.138170,0.122801,0.099231,0.239830,0.113029,-0.035911,0.272476,0.053338,-0.117676,0.139960,-0.043605,-0.100327,0.135563,-0.101203,0.114239,0.125089,0.138731,-0.149816,0.183058,0.128653,0.064679,-0.079368,0.146497,-0.026761,0.311119,0.057332,-0.016553,0.234667,0.118851,0.061117,0.018210,0.115731,0.183372,-0.018747,0.289351,0.124864,-0.064568,-0.007056,0.247581,-0.129241,0.006356,-0.045950,0.072081,0.019197,0.064245,-0.193599,-0.122479,0.060501,-0.072968,0.373339,0.171891,-0.015964,0.082468,-0.100173,0.040059,0.131863,0.041227,0.255683,0.126736,0.085381,0.085266,0.075300,0.229776,0.083194,-0.166338,0.066948,-0.030418,-0.060114,0.007483,0.106763,-0.129219,0.055905,0.165036,-0.178486,0.119767,0.071859,0.209755,-0.013279,0.053587,0.190408,0.131121,0.194854,0.085723,0.110961,0.052436,0.091880,0.114734,0.294059,0.301950,-0.009159,0.078194,0.260906,0.088021,0.033286,-0.072901,-0.059131,-0.010203,-0.000739,0.239957,0.144353,0.150056,0.035463,0.267558,-0.025879,0.253981,-0.090622,0.172580,0.130195,0.027593,-0.022351,0.095287,-0.026680,0.207876,-0.004949,0.158478,0.009214,0.048157,0.267909,0.319478,0.300865,#
11,0.061100,0.151674,0.161038,0.381777,0.079653,-0.169072,0.080055,0.198809,0.021806,-0.166782,-0.009737,1.000000,0.107821,0.075666,-0.012368,0.010407,-0.053440,0.264836,0.093813,0.046470,-0.050463,0.145296,-0.024942,0.232781,0.160464,0.166394,-0.239088,0.104463,-0.204376,0.155942,0.225215,0.246063,0.189707,0.257504,-0.037442,0.022350,0.233863,0.215833,0.102923,0.035748,0.154799,0.112807,0.180357,0.334421,-0.163835,0.329390,0.251741,0.103057,0.132140,-0.003413,0.320462,0.102431,0.091376,0.204937,-0.208891,0.151691,0.318392,0.071938,0.229527,-0.043932,-0.131474,0.009592,0.257010,0.266078,0.150592,0.179453,0.099139,0.393871,-0.036653,0.205904,0.066077,-0.062824,0.223528,0.136934,0.146955,0.209028,0.044416,0.075058,0.275503,0.089810,0.176186,-0.095526,0.194078,0.212373,0.255804,-0.094160,0.255987,0.384451,0.160400,0.131424,0.276176,0.172038,0.291890,0.403872,-0.027951,0.219885,-0.217559,0.154666,0.104035,0.267699,0.221251,-0.089167,-0.015595,0.051127,0.172407,0.409119,0.266339,0.220855,0.250245,-0.091427,0.081678,-0.065112,0.199573,0.008171,-0.225823,0.343151,0.082578,0.104972,0.159722,0.137081,0.069608,0.146546,0.272954,0.211197,0.233024,0.105513,0.398330,0.376857,0.213390,0.214596,-0.165134,0.235613,0.025304,0.292517,-0.005226,-0.041843,-0.127874,0.240069,-0.035804,0.281121,0.094111,0.179917,0.034833,-0.041539,-0.061242,0.198546,0.217393,0.142187,0.252629,0.114308,-0.201976,0.295043,-0.040684,0.114532,0.366462,-0.079812,-0.062040,-0.094264,0.137474,0.292250,0.178552,0.183163,-0.015514,0.026066,0.339590,0.175858,0.284839,0.203102,0.341350,0.097936,0.305347,0.036692,0.010841,0.073713,0.149332,0.250936,0.359885,0.170485,0.120437,0.021073,0.238525,0.237367,0.038752,0.005517,-0.161447,0.228284,0.096594,0.038299,-0.032443,-0.021132,-0.081356,0.006320,0.261107,-0.126543,0.091385,0.036052,0.224918,0.223538,0.031388,0.230377,#
12,0.034643,0.123725,0.018399,0.087639,0.177956,-0.040375,0.028221,-0.021204,0.111497,-0.184610,-0.180682,0.107821,1.000000,-0.218624,-0.024747,-0.119805,0.125140,0.147530,0.159392,0.286502,-0.016885,-0.132056,0.159833,0.048749,0.125533,-0.111760,0.030618,-0.160625,0.043414,0.185713,-0.046098,0.223052,0.247412,0.113436,0.150739,0.216506,0.253505,-0.066187,0.104857,-0.025086,0.199909,-0.171694,0.239594,0.155973,0.217895,0.137162,0.159019,-0.254276,0.015830,0.024403,0.242472,-0.011019,0.065729,0.086966,-0.238461,0.082372,-0.056616,0.209129,0.116325,0.048886,-0.006411,0.074350,0.113090,0.015781,-0.056415,0.169709,0.068668,0.065595,-0.062313,-0.143088,-0.149172,0.098366,-0.054311,-0.154717,0.304743,0.012890,0.134531,0.003705,0.048512,-0.147898,0.131869,0.150230,0.022215,0.010092,0.158503,0.241193,-0.126865,0.181454,0.024955,-0.030700,0.048291,0.025667,-0.295157,0.114835,0.109030,-0.002786,0.115985,0.196695,0.192493,-0.014074,0.061729,0.026654,0.061803,0.051449,0.114126,0.067909,0.254598,0.003085,-0.052191,0.058329,0.083245,-0.107119,0.105457,0.100403,-0.095815,0.013507,-0.134060,0.190953,0.042816,0.191566,-0.019807,0.036063,0.148692,-0.124628,0.188429,0.198853,0.212192,-0.069038,-0.069640,-0.169335,0.063379,0.074571,-0.028200,-0.060709,-0.092167,0.075768,0.065464,0.144479,0.006582,0.138331,0.081377,-0.149006,0.078304,0.109831,-0.143008,0.063895,0.064701,0.131095,0.120659,-0.095808,0.008597,0.273344,-0.014625,0.016181,-0.114027,-0.121937,0.062398,-0.109420,-0.038023,0.053200,-0.098164,0.185968,0.021052,0.265208,-0.212831,0.072078,0.158921,-0.105440,-0.132769,0.086215,-0.049506,-0.129206,0.108534,0.003031,0.136716,-0.098536,-0.123652,0.279594,-0.102874,0.240061,0.060169,-0.014370,0.106869,0.095686,0.010114,0.148603,-0.169878,0.081934,-0.003209,-0.094514,0.121617,-0.009840,0.032018,-0.017353,-0.128445,-0.090757,0.000707,-0.100133,0.005010,0.006174,#
13,-0.033041,0.173202,0.226089,0.241918,0.096340,0.126842,0.178254,0.285147,0.188457,0.241123,0.286952,0.075666,-0.218624,1.000000,0.038424,0.097914,0.038534,-0.102929,0.067073,-0.037281,0.054298,0.269434,-0.065264,-0.062025,0.159749,0.150963,0.137597,0.141041,0.156597,0.010553,0.242370,0.239172,0.264440,0.205737,-0.181603,-0.120202,-0.139684,0.126960,-0.080267,-0.064186,0.026478,0.254949,0.203877,0.221944,-0.065834,-0.021323,0.033739,0.185249,0.082908,0.071925,0.060270,0.223341,0.316423,-0.019646,0.086593,0.369867,0.063413,0.275455,0.152033,0.168481,0.017173,-0.097012,0.372846,-0.056459,0.005823,0.133356,0.283832,-0.057705,0.339772,0.016090,-0.216705,-0.127877,0.355424,0.108373,0.198837,-0.033393,0.273487,0.206085,0.093016,0.069928,0.189003,0.216339,-0.017035,0.387759,0.222188,-0.073808,0.270542,0.210315,0.189643,0.343784,-0.001063,0.076662,0.234048,0.121021,-0.123393,0.246570,0.083307,-0.095793,0.297565,0.120246,0.417452,-0.039232,0.263886,-0.054459,-0.046622,0.179181,0.170479,0.156422,0.326254,-0.003374,0.027194,0.132994,0.184722,-0.011482,0.181644,0.023595,0.271021,0.144838,0.176111,0.159822,0.349803,0.268808,-0.066270,0.284298,0.142858,-0.022097,-0.055129,0.024241,0.306807,0.208735,0.211277,0.021292,-0.076565,0.168610,0.287046,0.175801,0.226320,0.210205,0.471490,0.165203,-0.034709,0.034339,0.346580,-0.124339,0.123489,0.263175,0.323495,0.270209,-0.058460,0.344862,-0.042548,0.133119,0.166159,0.119862,0.187213,0.213572,-0.017656,0.329861,0.174899,0.266822,0.019752,0.186749,0.039106,0.346660,0.189242,0.219215,-0.025203,0.236853,0.161320,0.377772,0.104202,0.165648,0.214833,0.036262,0.019902,0.154534,-0.155133,-0.002811,0.319760,-0.161955,0.185624,0.012873,0.076375,0.185019,-0.156617,0.090577,-0.000955,0.187598,0.093158,0.149134,0.009997,0.018132,0.170968,-0.115836,0.173558,0.185744,0.180450,0.091337,0.206586,0.171760,#
14,0.228465,0.038047,-0.057277,-0.082219,-0.046284,0.085780,0.119132,0.216540,0.194800,0.213148,0.181409,-0.012368,-0.024747,0.038424,1.000000,0.169435,-0.092988,0.172907,0.172243,0.241709,0.046832,0.039935,0.237987,0.093160,0.227333,-0.035819,-0.078331,0.210681,0.222391,0.082621,0.051308,-0.044843,0.132903,-0.024422,-0.005337,0.115950,0.000387,0.250975,0.084622,0.125041,0.188961,0.028827,0.096636,-0.014013,0.003010,0.099113,-0.010444,0.219969,0.035454,-0.138745,0.230168,-0.004251,0.006306,0.034722,0.298777,0.222163,0.134680,0.091506,0.158170,0.051855,0.303415,0.146920,-0.096821,0.154403,0.157782,0.141756,0.145588,-0.038044,0.220705,0.002577,-0.260764,0.212086,0.029777,0.359017,-0.190348,-0.056363,0.046193,0.005682,-0.116394,0.275806,0.212436,0.028953,0.120362,0.170969,0.182942,0.216365,-0.196532,-0.029186,0.138707,0.155722,0.225344,-0.097940,0.161065,0.133159,0.122581,-0.120671,0.152818,-0.055840,0.299797,0.133509,-0.013942,-0.033585,0.084380,-0.034043,-0.077253,0.213417,0.233924,0.366012,0.056756,0.017492,-0.155932,-0.011873,0.067541,-0.100525,0.086448,0.055369,-0.007511,0.235399,0.341825,0.160278,0.417337,0.051777,-0.028165,0.080618,0.072999,0.046796,0.083478,0.201828,-0.327596,0.184467,-0.036390,0.189520,0.159452,-0.114119,0.027513,-0.259956,0.275243,-0.009286,-0.032751,0.034167,0.274158,0.140613,0.235284,-0.093688,-0.049220,0.209566,-0.054947,-0.027390,0.075936,-0.092181,-0.044516,-0.215207,-0.034353,0.120952,-0.138185,-0.024722,0.242818,0.193267,0.051340,-0.075090,0.037010,0.136137,-0.171930,-0.031249,0.096149,-0.005728,0.219828,0.251335,-0.084170,0.112467,0.217128,0.236264,0.281015,0.158414,0.064984,-0.025524,0.324487,0.275916,0.217928,0.244049,-0.023722,0.174625,0.025970,0.077325,0.178493,0.069124,0.009006,0.129823,-0.007790,0.071750,-0.087165,0.018539,0.156467,0.290082,0.200333,-0.170268,0.010435,0.115986,0.286895,0.119257,#
15,-0.199931,-0.070534,0.006261,0.059700,-0.009606,-0.004267,0.062288,0.087720,-0.211723,0.020926,-0.177206,0.010407,-0.119805,0.097914,0.169435,1.000000,0.034253,0.159002,0.037540,0.017440,-0.064176,-0.027699,0.088836,-0.089209,0.003667,0.067973,0.001915,0.028081,0.164940,-0.104434,0.055893,0.077035,0.142137,0.152178,-0.106723,-0.276490,0.031805,0.146213,-0.065364,-0.015153,0.087564,0.055616,0.025171,0.032207,0.077247,-0.031534,-0.107024,0.058833,-0.207771,-0.197214,-0.112630,0.002977,0.011200,-0.222592,0.015111,-0.114720,-0.101810,0.032502,0.047541,0.204648,0.164653,-0.146722,0.046848,0.007387,0.035758,0.004863,0.172749,0.024844,0.199479,-0.148255,-0.017654,0.113548,-0.056120,0.199210,0.101646,0.096592,-0.110969,0.307699,0.015089,0.185454,0.091814,-0.039916,0.024997,0.004408,-0.068000,0.105638,-0.112386,-0.075045,0.175720,-0.009427,-0.095207,-0.093060,0.077610,0.269842,-0.239351,-0.009374,0.040043,-0.031797,0.175771,-0.092498,0.076789,-0.161013,0.176498,0.071544,-0.291231,0.053937,0.112369,0.042515,0.066562,0.097896,-0.187398,0.028757,-0.008358,-0.137820,0.063690,0.277571,0.236671,-0.069021,0.043047,0.011591,0.126298,0.226193,-0.090831,0.246228,0.098394,-0.279391,0.050020,-0.080309,0.126283,-0.026148,-0.243145,0.277225,-0.077237,0.103500,0.079606,0.091802,0.123848,-0.223224,-0.198662,-0.072658,-0.111045,0.039921,0.070680,-0.013826,0.026103,-0.026135,0.068760,0.084536,0.166181,0.164706,0.156179,-0.216079,-0.040647,0.405624,-0.289474,0.180341,-0.070496,0.110629,0.085183,-0.131639,-0.246706,-0.069534,0.123021,-0.001378,0.004464,0.095672,0.002833,0.084641,-0.030339,0.009084,-0.079463,0.047632,0.250603,-0.242524,0.054268,-0.153633,0.030760,-0.038674,-0.274685,-0.024510,-0.054555,0.048647,0.010617,0.273051,-0.038344,0.018949,-0.136811,-0.105185,-0.084212,-0.102805,-0.347983,0.143897,0.075452,0.138380,-0.042432,0.121110,-0.115327,-0.103791,-0.007069,-0.089796,#
16,-0.026448,0.126228,-0.137992,0.118548,0.255032,0.211221,0.172411,0.014902,0.053060,-0.080558,0.084305,-0.053440,0.125140,0.038534,-0.092988,0.034253,1.000000,0.167258,0.082602,-0.054309,0.286180,-0.011258,0.161851,-0.043987,-0.151067,0.331834,-0.032554,-0.159426,0.101627,-0.124617,0.226615,0.306331,-0.103048,0.294800,-0.187505,0.133886,0.054977,-0.051676,-0.053874,0.324373,-0.182357,0.194375,-0.052370,-0.072952,0.183646,0.259170,0.033530,-0.091398,0.204650,-0.143482,-0.130430,0.070521,0.129597,-0.085771,0.201729,0.033018,-0.226078,0.138069,0.220648,-0.046296,0.032739,0.239885,0.078539,0.122034,0.058358,0.007320,0.245874,0.301192,-0.157358,0.003785,-0.061049,-0.030651,0.193923,0.144315,0.120873,0.096447,0.063017,0.113696,0.110705,0.006547,-0.130751,0.103355,-0.023039,-0.059024,-0.052886,0.057788,0.087763,0.226923,0.131302,-0.007767,-0.016888,-0.010244,-0.209838,0.106581,-0.070477,0.096365,0.047116,-0.071058,0.206936,0.122637,0.011986,-0.117874,-0.176348,-0.027320,0.006737,0.066822,0.089765,-0.250554,-0.126000,0.063060,0.146266,0.097380,0.105095,-0.019515,0.142424,0.205873,0.017138,-0.108345,-0.115185,0.175253,-0.129009,-0.224545,0.197218,0.098366,0.102323,-0.130268,0.092889,-0.096834,0.066105,0.066067,-0.096887,0.152917,0.205654,-0.094989,0.336930,0.220871,-0.061941,0.163319,0.226695,0.329948,-0.120342,0.020131,-0.194345,0.058906,0.089508,-0.023093,-0.064341,0.004149,0.041635,-0.223222,0.138265,-0.049739,0.118021,-0.025503,0.063950,0.094255,-0.086711,-0.002827,-0.001487,0.136444,-0.110687,0.194572,0.257369,0.189831,-0.144998,0.188835,0.278213,0.071947,-0.074303,-0.104185,-0.192663,-0.135654,0.153374,-0.197122,0.127618,0.140719,-0.078907,0.050167,0.092095,-0.050649,-0.067396,0.003779,0.276520,-0.189607,-0.052328,-0.017800,0.075904,0.196779,0.017417,-0.066954,0.002168,-0.246037,-0.024986,0.009866,0.128044,0.103569,-0.032585,0.255096,-0.048524,-0.024935,#
17,0.185410,0.111709,-0.129913,0.148721,0.078037,0.121439,0.191100,0.175079,-0.029142,-0.071248,0.041171,0.264836,0.147530,-0.102929,0.172907,0.159002,0.167258,1.000000,-0.036433,0.250555,0.332535,0.152204,0.260456,0.219571,-0.040600,-0.072877,-0.202742,0.023646,0.081157,0.335013,-0.016011,0.204020,0.316842,0.203629,-0.180873,0.058814,0.108254,0.388196,0.161429,-0.082439,0.191275,0.008340,0.012853,0.274320,-0.012709,0.253816,0.116000,0.067509,0.380295,0.070005,0.247586,-0.020102,-0.124077,0.093690,0.037583,0.067048,0.184584,0.163556,0.185663,0.225009,0.282726,-0.069382,0.068609,0.163867,0.033640,0.125180,0.196800,0.238561,0.089813,0.213770,0.068456,0.095264,0.141783,0.240221,0.175839,0.179460,0.155257,0.355810,0.038295,0.214705,0.070526,0.065887,0.393265,0.060014,0.176523,-0.099659,-0.082471,0.109738,0.172731,0.200250,0.091561,0.101480,0.041140,0.286830,-0.013877,0.008724,0.345509,0.483141,0.026980,0.164572,0.027340,-0.081795,0.108637,0.179140,-0.032191,0.357469,0.164024,0.139626,-0.078611,-0.275641,-0.013278,-0.188768,-0.045087,0.292595,-0.070531,0.227363,0.032917,0.060157,-0.001261,0.232254,0.054631,0.079994,-0.021923,0.352016,0.287511,-0.079544,0.162156,0.339304,-0.056007,0.098432,-0.251008,0.186018,0.282870,0.172948,0.093543,0.244945,0.261443,0.010040,0.194515,0.416716,0.151356,0.173210,0.021344,0.158818,0.167864,0.103753,-0.055847,-0.132731,0.145129,-0.144472,0.164767,-0.172096,-0.198538,0.213736,0.008603,-0.057871,0.064448,-0.016250,0.431333,0.205735,0.122676,0.399559,0.172102,0.080399,0.166405,0.196335,0.140517,0.381648,0.042552,0.207807,0.418660,-0.032740,-0.045681,0.063091,0.189798,-0.111531,0.285686,0.157662,-0.091027,0.269321,-0.118932,0.397463,0.200276,0.007368,0.102842,-0.002233,0.160801,0.243562,0.154733,0.141088,0.007073,0.139584,0.207936,0.064385,0.351220,0.185711,0.239900,0.077574,0.106524,0.080683,#
18,0.126374,0.055342,-0.147579,0.100589,0.084292,0.092121,0.116791,-0.101812,-0.057634,-0.147117,0.302146,0.093813,0.159392,0.067073,0.172243,0.037540,0.082602,-0.036433,1.000000,0.150283,-0.044965,0.106920,-0.317498,0.123573,0.204726,-0.042496,0.184747,0.265147,0.182585,0.055019,0.266644,0.217192,0.262418,-0.030693,-0.018852,0.161794,0.220356,-0.034213,0.020535,-0.011138,-0.115008,0.099650,0.036964,0.246018,-0.074954,0.000307,0.011883,-0.102567,-0.191280,-0.003100,0.196047,-0.345596,0.068973,0.088235,-0.033234,-0.127880,0.038738,0.037153,0.088654,-0.147634,-0.140152,0.008605,0.156148,0.262459,-0.257093,0.179281,0.212582,0.250442,0.001095,-0.407541,-0.022091,-0.017291,0.099450,0.120447,-0.128917,-0.003892,-0.038441,-0.072927,0.189172,0.161767,0.372346,-0.127384,0.031802,0.186941,0.236558,-0.241938,0.198362,-0.034934,0.087889,-0.026486,0.220781,-0.048253,0.099390,0.221431,0.018609,0.073274,0.173835,-0.037059,0.167216,0.235741,-0.074177,0.239806,0.155648,0.089539,0.284441,0.259627,-0.069225,0.151763,0.043281,0.152421,0.163041,0.143103,0.019589,0.064423,-0.083076,-0.125360,0.110461,-0.018281,0.257143,-0.016104,-0.095857,0.004047,0.059676,0.000228,0.025860,-0.049627,0.101109,0.001317,0.031087,0.225268,0.042387,0.103693,0.184295,0.017209,0.045823,-0.284932,-0.078749,0.187140,0.055461,0.198723,0.300143,-0.080965,0.190571,-0.063118,-0.095978,0.001672,0.015501,-0.143114,0.045470,-0.034091,-0.235694,0.181014,0.251713,-0.011185,-0.099438,0.094451,0.108644,-0.010935,-0.187009,0.108533,0.084676,0.087068,0.018318,-0.000580,0.043871,-0.043045,0.095128,0.081670,0.086565,-0.054353,-0.187146,-0.033013,0.264763,-0.097296,-0.009108,-0.110385,-0.022369,0.277933,0.394740,0.069486,0.023906,0.153894,0.057768,-0.086606,0.248457,0.057254,0.113786,0.293210,-0.092923,0.019283,0.201422,0.116665,0.239826,0.102485,0.042178,-0.103169,0.053150,0.234163,0.122829,0.179777,#
19,0.305713,0.146848,0.019686,-0.058363,0.178158,-0.217123,0.115343,0.261512,0.188824,0.185213,0.062993,0.046470,0.286502,-0.037281,0.241709,0.017440,-0.054309,0.250555,0.150283,1.000000,-0.027836,0.322522,0.234659,0.068882,-0.081154,-0.031008,0.155544,0.122538,0.168162,0.222691,-0.244839,0.186646,0.268155,0.015623,0.042529,0.228852,-0.064098,-0.043941,0.328086,0.030501,0.069524,0.109608,0.013147,0.000833,0.032534,0.245756,0.104524,0.377191,0.194135,-0.065972,0.143464,-0.043119,-0.041265,0.352718,0.117099,0.042649,0.119011,0.226419,0.160695,-0.022881,0.204871,-0.005820,0.008726,0.161551,0.043786,0.173255,-0.074199,0.194024,0.077533,0.122765,0.021666,0.104424,0.110438,-0.125795,0.120592,0.148498,0.076556,0.203862,0.186575,-0.048315,0.224446,0.059203,0.024878,0.063776,0.333298,-0.097257,-0.018579,0.064329,0.159380,0.199422,-0.027234,0.066615,0.039567,-0.008543,0.025802,-0.019680,0.167937,0.249645,0.046368,0.134652,0.034577,-0.153828,0.227053,0.131161,0.064900,0.235332,0.148164,0.474494,0.041480,0.012730,0.073765,0.095206,0.015534,0.170887,0.119370,0.187604,0.105223,0.228404,0.161415,0.146993,0.350259,0.225574,0.034398,0.076039,0.347356,0.228537,0.254926,0.266268,-0.271468,0.076345,-0.125671,-0.076968,0.213390,0.151083,0.016468,-0.071393,0.123133,0.197307,0.022923,0.253574,0.175574,0.169013,0.096409,-0.123579,0.031689,-0.021983,0.216260,0.176671,0.243093,-0.223585,0.099384,0.068376,0.076472,0.099593,0.024374,-0.103095,0.190981,0.072608,0.129645,-0.201301,0.153270,0.243269,0.108022,0.010239,0.059549,0.264789,-0.021194,0.022732,0.131912,0.066151,0.197224,0.024923,0.309557,0.078456,0.057484,-0.119001,0.246615,0.134850,-0.028882,0.123126,0.060733,0.354296,-0.071159,0.008693,0.152566,0.041467,0.165516,0.283637,0.219710,0.124058,0.207195,0.024012,0.176929,0.210958,0.182215,0.002373,0.026668,-0.134117,0.228163,0.362485,#
20,0.081268,-0.019637,0.051746,0.095523,0.118130,0.253910,0.296379,0.020549,0.324193,-0.104229,-0.017692,-0.050463,-0.016885,0.054298,0.046832,-0.064176,0.286180,0.332535,-0.044965,-0.027836,1.000000,0.115676,0.130399,0.177377,-0.016104,0.170677,-0.240872,0.108687,0.043912,0.224274,0.138146,0.188392,0.196953,0.241423,-0.106989,0.034034,0.075636,0.074500,-0.221664,0.165495,0.017936,0.196377,-0.112492,-0.042658,0.143971,0.310141,0.062834,0.003746,0.113600,0.190153,-0.112416,0.136301,0.038272,0.246547,-0.021384,-0.111884,0.054112,0.112091,0.186931,0.204979,0.011019,-0.131548,0.185630,0.172391,0.071972,0.037053,0.194094,-0.018334,0.208262,-0.042989,0.086962,-0.084133,0.419048,0.211401,-0.029993,-0.076401,0.074099,0.061655,-0.105224,0.277395,0.151066,0.013070,0.361184,-0.078761,0.072884,0.216371,-0.007688,0.274496,0.131760,0.305532,-0.013779,0.331958,-0.147517,0.113269,0.116014,0.103368,0.123295,0.071588,0.019437,0.090750,0.059375,-0.113974,-0.113461,0.066391,-0.139084,0.065416,0.004432,-0.012662,-0.179116,0.064580,0.089431,0.002733,-0.091251,0.329218,-0.193220,0.072918,0.167419,-0.162413,-0.269707,-0.027584,-0.135841,-0.050397,-0.162630,0.014666,0.251342,-0.003806,0.100954,0.308614,0.000804,0.114677,-0.050187,0.043846,0.156362,-0.207544,0.273717,0.186818,0.170470,0.238824,0.288798,0.226813,-0.000877,0.038474,-0.162017,0.126831,0.204951,0.069634,-0.299229,0.084559,0.145152,-0.059890,0.090073,0.040635,0.035393,-0.055583,0.179407,0.038872,-0.006878,-0.227927,0.229302,0.166046,-0.007596,0.263314,0.080431,0.085714,0.083608,0.095593,-0.102770,0.282896,-0.054368,-0.078167,0.202525,-0.088361,-0.078473,0.057452,0.001087,0.321575,-0.086357,0.121754,0.235068,0.131525,-0.016831,0.013043,0.110678,0.238612,0.099892,-0.176912,0.118919,0.018392,0.049144,0.293422,0.107474,-0.116315,0.094436,0.064539,0.242494,0.168877,0.097002,0.046029,-0.086801,-0.125335,#
