0,1.000000,0.080811,-0.006288,0.076969,0.103527,-0.024724,-0.061519,-0.118040,0.027792,0.005312,0.016121,0.020638,0.001200,-0.173132,0.212387,0.296845,0.347975,0.212831,0.250040,0.253482,-0.284010,-0.112022,0.200350,0.379887,-0.095896,-0.054531,0.113279,-0.102429,-0.146930,-0.010288,-0.024301,0.207766,-0.061812,0.008955,0.263899,-0.001915,0.070725,-0.053152,-0.012814,0.085140,-0.024477,-0.033023,0.363046,-0.032460,-0.119634,-0.096121,-0.169660,0.219063,0.074022,0.193169,-0.068344,0.149474,-0.019300,0.152928,0.229376,-0.097132,0.099053,0.091407,-0.001218,0.093076,0.053736,0.203119,0.143201,0.157231,-0.007605,0.023924,0.059726,0.153214,0.012224,0.191709,-0.200824,-0.105722,0.143256,0.154255,0.023685,-0.288756,0.265831,0.182652,0.087399,-0.059009,-0.145977,-0.215215,-0.016351,0.120982,0.248113,0.083937,0.205414,0.059069,0.150986,0.189678,-0.011797,-0.055594,0.214812,-0.167801,-0.076399,0.265797,0.028294,-0.178234,0.056881,0.160114,0.183571,0.065276,-0.068499,0.200026,0.033813,0.146217,0.194485,0.131567,0.265011,-0.005464,-0.025549,-0.015875,0.003340,0.104519,0.041922,0.192900,-0.016713,-0.188015,-0.087712,-0.054724,0.066740,-0.099019,0.212304,-0.023927,0.355310,0.130127,0.010694,-0.099591,-0.133843,0.167435,0.001677,-0.191483,-0.160566,-0.143110,0.039667,0.144577,0.073652,0.031059,-0.332884,0.082797,0.254446,0.019039,-0.095100,0.119258,-0.060665,-0.165111,-0.004289,-0.090402,0.049853,-0.082836,-0.335917,0.095302,-0.003890,-0.130381,0.091971,0.134581,0.313644,0.221808,0.085249,0.031969,0.250117,0.171662,0.031842,-0.120716,-0.171035,0.245189,0.025238,0.146059,0.239706,0.113944,-0.319092,-0.044376,0.194714,-0.015583,-0.190656,0.177692,0.342141,-0.083508,0.001078,-0.002495,-0.009255,0.170716,0.071841,0.025859,-0.116903,0.056704,-0.033798,0.275476,0.234097,-0.176781,0.134435,0.257255,-0.001781,-0.009220,0.231262,0.233481,-0.037968,-0.064916,-0.016248,0.039563,#
1,0.080811,1.000000,0.114508,-0.164853,-0.010595,0.110312,0.223011,0.199362,0.251969,0.210995,0.288913,0.169133,-0.012511,-0.229948,-0.148004,0.211771,-0.001182,0.096331,-0.127314,0.067643,-0.260208,0.016234,0.090693,-0.082808,0.060013,0.039713,-0.219329,0.114152,-0.267463,0.047917,0.208372,-0.004162,-0.127968,0.080177,0.029648,0.091074,-0.003758,-0.185602,0.155689,0.087823,0.125208,0.025462,0.247242,-0.027578,-0.090360,0.017006,0.185219,-0.025137,0.190862,0.096378,0.105067,0.108606,0.088487,0.019308,0.081986,0.096794,-0.113210,-0.194380,-0.049107,0.245496,0.011957,-0.048337,0.146104,0.029124,-0.025191,0.350683,0.304004,0.238932,0.028467,0.024317,0.236176,0.212873,0.195796,0.212785,0.090839,-0.053170,-0.090066,0.105751,0.269744,-0.005901,0.043048,0.133015,-0.205755,0.177222,0.188578,0.102560,0.087050,0.323330,-0.078131,-0.042417,-0.033227,0.158925,-0.223385,0.033386,-0.086182,0.115883,0.052050,-0.014548,-0.065952,0.023683,0.157896,-0.015542,0.001332,-0.095717,-0.143180,0.107573,0.038368,0.062440,0.197525,0.026397,-0.140887,0.177953,0.009172,0.039202,0.064664,0.302360,0.081825,-0.125963,0.033188,-0.107694,-0.049379,0.063987,0.195026,0.199597,0.152738,0.084645,0.074184,0.097909,0.327568,0.065385,-0.085013,0.085642,0.064560,0.049641,0.103708,-0.013709,0.188179,0.163352,-0.035530,0.238354,0.084064,0.058943,-0.123378,0.181501,0.257868,-0.237077,-0.011715,0.029403,0.138522,-0.204717,0.315936,0.008561,0.007517,-0.148521,0.151634,0.194392,0.047821,0.159012,-0.157894,-0.042054,-0.120816,0.082848,0.131839,0.217553,0.110142,0.034164,0.102498,-0.157745,0.033695,0.160607,0.028384,0.144847,0.044238,0.033712,0.139514,0.149273,0.142781,-0.196331,0.130061,0.028912,0.117437,-0.128891,0.213237,0.128554,0.247436,0.154489,-0.044030,-0.248492,0.359302,0.304149,0.012662,0.412745,-0.087560,-0.126649,-0.121920,-0.074486,-0.033696,0.421086,-0.070472,0.405739,#
2,-0.006288,0.114508,1.000000,-0.060336,0.277510,-0.002375,0.125219,0.145156,-0.010881,0.112949,0.319533,0.281119,-0.029901,0.099473,-0.031184,0.061008,-0.144341,-0.108713,-0.021080,0.072641,0.014272,0.098432,0.052977,-0.129051,-0.095336,0.090066,0.203027,-0.002880,-0.192991,0.037349,0.069259,0.012463,0.056069,0.039585,0.156807,-0.088064,0.112196,0.101834,0.119968,-0.164105,0.103412,-0.094941,0.154346,-0.111937,0.063177,0.092686,0.174846,-0.100826,-0.086647,-0.047503,-0.188579,0.063593,0.142857,0.023670,0.199375,-0.096811,0.107584,-0.079407,0.210975,0.090980,0.285219,0.002985,-0.124241,0.061170,0.177225,0.043372,0.057137,0.024332,-0.004305,-0.146799,0.257584,0.230259,-0.081930,0.167201,0.173185,-0.081652,0.012628,-0.081086,0.045253,0.112126,0.009199,-0.172152,0.038160,-0.209187,0.245261,0.141367,0.091799,0.110126,0.170215,-0.023120,0.021402,0.249363,0.041614,0.033946,-0.079136,0.047565,-0.000288,-0.023552,-0.138149,0.023660,0.135246,0.189768,-0.150409,0.265050,0.000607,0.254983,0.176153,0.302574,0.115065,0.106726,0.184833,0.041494,0.237159,0.063164,-0.116257,0.181626,0.069457,-0.015395,-0.163807,0.055750,0.012969,-0.273437,-0.146880,0.067254,0.042890,-0.097264,0.006184,0.006402,0.075910,0.133151,-0.141725,0.208044,-0.012211,0.120581,0.152298,-0.167596,0.081653,0.071426,-0.006138,-0.017901,0.288008,0.094852,-0.060905,0.073075,0.326460,-0.239141,-0.131581,-0.105185,-0.061198,-0.004549,0.048471,0.064567,0.265825,0.095241,-0.021013,0.028729,-0.033114,-0.208917,0.202406,-0.045708,-0.175670,-0.030514,0.340271,0.086460,0.080204,0.191893,0.017590,-0.123293,-0.077683,-0.064850,-0.030514,0.231277,0.180203,-0.053248,0.022856,-0.069119,-0.028329,0.093267,-0.295093,-0.124103,0.079309,0.217580,0.048550,0.022617,0.092928,0.134484,0.018115,-0.180734,0.098897,0.072761,0.135613,0.042819,0.079096,0.082899,0.136915,-0.024590,-0.338823,0.062355,0.081668,0.199643,#
3,0.076969,-0.164853,-0.060336,1.000000,-0.100520,-0.174231,0.066848,0.004000,0.190935,0.053314,-0.059246,0.044733,0.020937,-0.109740,0.133105,-0.021190,-0.010563,0.167664,0.287090,-0.133844,-0.015886,0.104508,0.203489,0.126400,-0.094786,0.062015,0.137579,-0.030070,-0.034454,0.142331,0.143412,-0.116054,0.245813,0.293362,-0.063994,0.149988,-0.106694,0.215187,0.187880,0.111419,-0.208880,0.292041,0.105658,0.044302,-0.086529,-0.117591,-0.388006,0.058962,-0.173778,-0.011726,0.059759,-0.088031,0.123037,-0.159164,0.134525,-0.050236,0.211608,-0.013386,0.032892,-0.002707,0.088035,-0.070936,-0.024316,-0.031050,0.409384,-0.223985,0.028422,-0.317216,-0.371404,0.273272,-0.010566,0.076787,-0.018641,-0.014883,-0.048393,-0.233047,-0.029170,-0.130537,-0.171808,-0.036204,-0.010837,-0.101287,0.193755,-0.158328,-0.027147,-0.094619,0.009634,-0.121293,0.092997,0.268148,0.339425,0.056857,-0.213160,-0.081905,0.046309,-0.038277,-0.045394,-0.166613,-0.193452,-0.292293,0.192456,-0.117369,-0.046512,-0.232562,0.196757,-0.218143,0.373633,0.272539,-0.081523,-0.132183,0.113853,-0.304564,0.000039,0.016722,-0.070364,-0.098437,-0.144560,0.131750,-0.077069,-0.076459,0.057446,-0.110294,-0.043909,-0.057859,-0.031550,0.065964,0.098946,0.255846,-0.059825,-0.078847,0.155657,0.125912,-0.059354,0.041847,-0.137523,0.184002,-0.185677,0.001131,-0.145357,0.166955,-0.042401,0.188634,-0.017101,-0.163193,-0.045778,0.037486,0.192660,0.285806,-0.267347,0.044127,-0.040184,-0.377753,-0.014619,-0.011010,-0.080031,-0.013566,-0.056390,0.016130,0.415823,0.000926,-0.123222,0.033859,-0.067825,-0.028166,0.077484,-0.001867,0.185395,0.160827,0.013688,0.056528,-0.092588,-0.288471,0.000681,0.108454,-0.040170,0.164349,0.080824,-0.086702,-0.204607,0.136965,-0.073245,0.080721,0.083828,-0.171170,-0.103205,-0.297251,0.092788,0.051738,-0.080819,-0.095352,0.141404,-0.002777,0.062150,0.210384,0.090816,-0.044786,-0.028279,0.007479,-0.154203,-0.153158,#
4,0.103527,-0.010595,0.277510,-0.100520,1.000000,0.083121,0.137731,0.109833,0.055906,0.095130,-0.061658,0.245676,0.096731,0.002933,0.079360,0.080950,0.048452,0.002814,0.051012,0.216447,0.212271,0.102883,0.096699,0.056344,-0.101209,0.048353,0.049661,-0.058026,0.187166,0.017781,0.080632,0.121117,0.067049,0.304387,0.013629,0.084371,0.292183,0.053546,0.297621,0.206785,-0.074363,0.058101,0.158101,0.044974,0.138648,0.304333,0.211787,0.135572,-0.042719,-0.059253,0.003560,0.054377,0.153911,0.182857,0.314790,0.166808,0.012430,0.021886,0.078670,0.146294,0.268986,0.276014,0.050160,-0.008064,0.090131,0.065561,-0.186275,0.109073,-0.091186,0.180975,0.209721,0.251149,0.139585,0.050254,0.136921,-0.147427,0.118151,0.054026,-0.032911,0.120923,0.018015,0.081784,0.020916,0.063368,0.302703,0.019207,0.123356,0.114048,0.072102,0.149757,0.263632,-0.071681,0.153228,-0.132985,0.288911,0.102217,0.068718,-0.066895,-0.235259,0.165390,0.199329,0.221853,0.079065,0.178548,0.009759,0.254211,0.053203,0.166871,0.178550,0.234987,-0.017837,0.150379,0.016844,0.118210,-0.191041,-0.004598,0.215134,0.054671,-0.054859,0.057993,-0.219852,-0.118260,-0.070184,0.139864,0.193188,-0.166637,0.106323,0.072487,0.154908,0.214451,0.199040,-0.003079,0.216273,0.297671,0.154773,0.094261,-0.126153,-0.030399,0.182003,0.011574,0.135798,-0.010202,0.159137,0.026125,0.294115,0.124987,0.066325,0.181874,-0.036147,0.157398,0.023222,0.158669,0.362994,0.246808,0.327169,0.015657,0.123774,0.160335,0.032943,0.052294,0.230844,0.119852,0.077519,-0.076389,-0.258079,0.005131,0.033072,0.167133,-0.003091,0.075169,-0.395986,0.035777,0.463547,0.059360,0.192833,0.141076,0.274931,0.225761,-0.061932,0.121560,0.076164,-0.009452,0.165516,0.070254,-0.122166,0.272867,-0.200406,0.149551,0.180164,0.317981,-0.249176,0.132387,-0.158913,0.053109,0.099023,0.266980,-0.039240,0.034760,0.074808,0.317056,#
5,-0.024724,0.110312,-0.002375,-0.174231,0.083121,1.000000,-0.108090,0.194207,0.040498,0.064484,0.080642,-0.096291,0.161064,-0.101699,-0.035531,0.025784,0.049133,0.112169,-0.189348,0.327825,-0.189444,-0.119824,0.222803,-0.030759,0.035559,-0.059780,0.165162,0.147132,0.173342,-0.056286,0.324475,0.051416,0.181169,0.090927,-0.349819,0.165111,0.057244,-0.064896,0.045801,-0.050887,0.176632,0.004346,-0.000633,0.289681,0.061369,0.072370,0.221538,0.064488,0.157252,-0.175335,0.171828,-0.006512,0.101135,-0.108514,-0.131834,0.159963,0.057421,-0.247445,0.305982,0.205768,-0.049949,0.116436,0.030436,0.171349,0.267193,0.109498,-0.132933,0.135699,0.194888,-0.234135,-0.065842,0.042516,0.179376,-0.047893,-0.003156,0.078983,0.012088,0.273486,0.236172,0.159930,0.052366,-0.118290,0.089098,0.111093,-0.206272,0.088963,0.111019,0.096425,0.147922,-0.071506,-0.139580,0.180462,0.324258,0.347422,-0.067546,0.081721,-0.081703,0.172761,0.137081,0.191125,0.071450,0.035495,-0.151077,0.091515,-0.022910,0.266588,0.136406,0.290685,0.068925,0.173807,-0.009000,0.316118,-0.056551,0.000907,0.043980,-0.019459,0.244333,-0.089874,-0.215306,-0.062576,-0.154500,0.051329,-0.139000,0.161938,-0.024497,-0.156254,0.300784,-0.236806,-0.144507,0.021381,0.291496,0.151065,0.089689,0.192483,0.102334,0.066270,0.087546,0.094478,0.075017,-0.150885,0.076213,0.001787,0.018868,0.132970,0.394625,0.033847,-0.117308,-0.054118,0.120866,-0.044324,0.022567,-0.072006,0.202568,-0.108776,-0.058071,0.118308,0.229258,0.091728,-0.019006,-0.101922,0.145200,-0.032176,0.168809,0.074606,0.159406,0.069390,-0.162111,0.331001,0.037737,0.113098,0.267561,0.200103,0.164338,0.058643,-0.059242,-0.083597,0.247464,0.096529,0.101153,0.080330,0.267365,0.005145,0.379531,0.057756,-0.023310,0.183270,0.087082,0.083653,0.132980,-0.099784,0.130580,0.273713,-0.126825,-0.172438,-0.096689,-0.061222,-0.150072,0.193047,0.075539,0.169695,#
6,-0.061519,0.223011,0.125219,0.066848,0.137731,-0.108090,1.000000,-0.032748,0.229141,-0.038761,-0.084804,0.222026,0.122188,0.090143,-0.129256,0.181435,-0.072198,0.083733,0.038061,-0.015058,0.087997,0.223002,-0.044877,-0.037831,0.091614,0.082351,-0.092821,0.095848,-0.101037,0.294961,0.086928,-0.127123,-0.133896,-0.121209,-0.029830,0.097710,-0.009460,-0.042409,-0.004810,0.093586,0.018413,0.028309,0.291075,-0.030061,0.272256,-0.066652,-0.015837,-0.258536,0.153785,-0.025853,-0.265146,-0.039375,-0.134106,0.102515,0.092723,-0.103166,-0.104582,0.093585,0.089619,0.016619,0.239639,-0.168556,0.066469,-0.131272,0.207389,0.253455,0.001815,0.039316,-0.150617,-0.017713,0.169963,0.131552,-0.052147,0.233351,0.130130,-0.087125,0.159874,-0.228886,0.219062,-0.085498,0.140346,-0.155259,0.026335,-0.236561,-0.028028,-0.011010,0.036343,0.175980,-0.142384,-0.107466,0.022947,-0.036522,0.044187,-0.107749,-0.065479,-0.162785,0.146511,0.036702,-0.178367,0.297517,-0.120900,-0.003017,0.173048,-0.085683,-0.254013,-0.014952,0.066046,0.004988,-0.034009,0.045029,0.181213,0.144730,-0.134888,-0.251581,-0.079823,-0.074034,0.319353,-0.143863,-0.109689,-0.250472,0.138307,-0.180051,0.152796,0.041442,0.001799,0.133907,0.065578,-0.019070,-0.071891,-0.069600,0.015827,0.081271,0.056749,0.009100,0.004737,-0.031389,-0.019557,-0.179848,0.033500,0.284312,-0.025434,0.134687,-0.092663,-0.213998,0.027985,0.085338,-0.021943,0.039841,0.130168,-0.193012,0.252342,-0.163289,0.149595,-0.092765,0.194331,-0.036069,-0.065694,0.205625,-0.035383,-0.192858,-0.258194,0.105621,-0.033368,-0.037876,0.011498,0.157022,0.089929,-0.017888,-0.117132,-0.170421,-0.093604,0.132168,0.058948,0.039982,0.264411,0.054894,-0.161045,-0.108290,-0.041616,0.020289,0.058607,0.040025,0.171041,-0.033093,0.141371,-0.054764,-0.156148,-0.062031,0.037147,0.122168,0.078541,0.132852,0.020270,0.242179,-0.044978,-0.123193,-0.001483,0.155757,0.009442,0.148886,#
7,-0.118040,0.199362,0.145156,0.004000,0.109833,0.194207,-0.032748,1.000000,0.330778,-0.028717,0.216719,0.115291,0.095096,-0.051005,0.181564,-0.083805,0.098671,-0.077775,-0.121604,0.037014,-0.170588,0.063542,0.246718,0.049511,0.069248,0.045971,0.036169,0.047230,0.028512,-0.101165,-0.067675,0.182141,0.005110,0.161994,-0.194858,-0.108583,0.077930,0.049098,0.254931,0.114899,-0.216949,-0.063901,-0.166504,0.243214,0.158315,0.050312,0.241036,0.193462,-0.062491,0.110409,0.234511,-0.039880,0.009941,0.061579,-0.063151,0.018757,-0.096418,0.057612,0.068430,0.117789,0.106945,0.119387,0.008519,-0.093173,0.027014,0.030282,-0.222386,0.000864,0.107234,0.422648,-0.024965,0.023202,0.421905,0.064115,0.260301,-0.004934,-0.044106,0.034276,0.190301,0.133595,0.068532,-0.076975,-0.062165,0.152885,0.005556,0.118549,0.006166,0.103631,0.032209,0.205224,-0.211231,0.001328,-0.057462,0.155363,-0.021662,-0.288428,-0.149928,-0.042031,-0.091530,0.040084,0.208527,0.161828,-0.095274,0.135673,0.004405,0.231727,-0.096477,0.007049,0.009222,0.129550,-0.046400,-0.077360,0.071101,-0.040650,0.285792,0.074505,0.127215,-0.176727,-0.068629,0.160438,0.042585,-0.007717,-0.109650,0.338332,0.176291,-0.010546,0.386785,0.190717,0.064553,-0.240734,0.033388,-0.124378,0.200258,0.214307,0.222240,0.121844,-0.163638,0.096446,0.137440,0.018979,0.113632,-0.120816,0.054220,-0.076279,0.067751,0.012658,-0.001398,-0.023019,0.132895,0.161662,0.077996,0.043532,0.145836,0.214845,-0.268589,0.291445,-0.021948,0.157012,-0.010809,0.184251,0.003941,-0.139609,0.101526,0.052024,-0.163490,0.198480,-0.027086,-0.130349,-0.101718,-0.051353,0.033203,0.150495,0.399687,0.104933,0.174940,-0.017889,0.080829,-0.046748,-0.179262,0.330164,0.309505,0.093723,-0.039691,-0.011819,0.013203,0.178103,-0.073070,-0.225443,0.021167,0.126102,-0.019554,0.032174,-0.051552,-0.188283,0.010221,-0.001454,-0.126822,0.242149,0.046180,0.152468,#
8,0.027792,0.251969,-0.010881,0.190935,0.055906,0.040498,0.229141,0.330778,1.000000,0.137791,0.000089,0.005413,0.034891,0.068424,0.136565,0.367722,-0.099704,0.108106,0.061741,0.119569,-0.279230,0.435381,0.376704,0.010196,-0.108115,0.120187,0.034135,0.180790,0.029380,0.268900,0.173236,-0.004630,-0.093408,0.239888,-0.096221,0.123523,0.123988,0.133570,0.091256,0.130762,-0.168486,0.298470,-0.012731,0.123894,-0.000169,-0.044871,-0.009487,0.171756,0.130332,0.194754,0.265872,0.196021,-0.160347,0.056353,-0.019689,0.376231,0.195301,0.080184,-0.044283,0.327122,0.311676,0.013775,0.391388,-0.108324,0.238137,0.255541,0.060937,0.025362,0.135974,0.242308,0.260750,0.037437,0.191661,0.316845,0.258381,0.041348,0.109767,0.030418,0.109801,0.236786,0.178615,0.075055,-0.099669,0.000966,0.030504,0.043142,-0.060989,-0.040857,-0.136208,0.348550,0.060024,-0.016884,-0.180740,0.110095,0.081390,0.007500,0.193245,-0.086504,-0.266790,0.024514,0.328571,0.215761,0.104056,0.164886,0.172043,0.171132,0.116751,0.086705,0.123531,0.057485,-0.162160,-0.005995,-0.089427,-0.100512,0.356152,0.251168,0.202992,-0.209009,-0.054833,0.057715,0.130674,0.093892,0.042489,0.222611,0.149713,0.178976,0.238714,0.278679,0.002880,0.110903,0.045064,-0.038771,0.372146,0.206923,0.223024,0.146138,-0.119050,-0.019973,-0.069881,-0.000407,0.081072,0.141893,0.363555,0.191483,0.074360,0.206137,0.268111,0.237511,0.208090,-0.091780,0.158832,-0.129037,0.136006,0.239928,0.265708,0.297262,0.102529,0.350307,0.051911,0.158239,-0.014854,-0.014718,0.170890,0.134852,0.174881,0.150659,0.112808,-0.089220,0.168689,0.146125,-0.058448,0.139445,0.256074,0.043270,0.224921,0.048983,0.015699,0.021001,-0.008040,0.265673,0.228698,-0.029294,-0.000435,0.319083,0.145511,0.215008,0.085236,-0.008257,-0.009866,0.051648,0.149303,0.114373,0.061920,0.001731,0.174984,0.117424,-0.077721,0.342061,0.344015,0.063267,#
9,0.005312,0.210995,0.112949,0.053314,0.095130,0.064484,-0.038761,-0.028717,0.137791,1.000000,0.320853,-0.114696,0.120209,-0.266954,0.223048,0.307860,-0.133878,0.011820,0.183203,0.185123,0.016188,0.082819,0.176299,0.202533,0.017538,-0.209986,-0.067928,0.120779,0.050906,0.131427,0.295592,-0.062742,-0.171976,0.224440,0.109973,0.151471,-0.028584,0.129855,0.269501,-0.055873,0.233056,-0.131896,0.047852,-0.099269,0.013166,0.167558,0.142009,0.029586,-0.072498,0.059530,0.047516,0.080760,-0.033480,-0.117333,-0.122720,0.328388,0.098291,-0.029313,0.130850,0.024041,0.095400,0.156737,0.209616,0.224585,0.210158,0.219077,0.042039,0.111128,0.016124,-0.073446,0.377999,0.299913,0.137741,-0.005236,-0.125079,0.058932,-0.084617,-0.048091,0.112959,0.247104,0.216584,0.016665,-0.108024,-0.157799,0.252639,-0.142923,-0.008794,0.329869,0.055354,-0.234564,-0.057056,0.314971,0.029423,0.005128,0.094458,-0.027774,0.246934,0.294484,0.050426,-0.305292,0.103969,-0.071193,0.470701,-0.152216,0.258915,-0.042644,0.069031,-0.071252,0.101154,-0.164487,0.109290,0.178215,0.311268,0.336642,-0.106659,0.030691,0.036889,-0.195506,0.042173,-0.166157,-0.000435,0.283141,0.011884,0.094346,-0.005576,-0.160816,-0.107161,0.220306,0.125235,0.166176,0.022895,0.090545,0.153956,0.302614,0.061245,-0.107784,0.014043,0.126894,-0.113751,-0.119452,-0.074272,-0.060894,0.175428,0.265680,0.125256,-0.034204,-0.061398,0.108233,-0.121896,-0.086972,0.138334,-0.189719,0.171133,0.100507,0.125626,0.054677,0.166475,0.265233,-0.057278,-0.013052,0.103172,-0.076319,0.154201,0.319586,0.218658,-0.078375,0.099905,-0.020073,0.115782,0.025574,0.110245,0.048407,-0.006212,0.203783,0.176019,0.307176,0.037676,0.034982,0.010410,0.107655,0.059388,-0.136293,0.170471,-0.011279,-0.075285,-0.046623,-0.081781,-0.244820,0.409879,0.154061,0.009746,-0.024970,-0.035748,-0.027148,0.003786,0.120467,-0.116417,0.263660,-0.097562,-0.136918,#
10,0.016121,0.288913,0.319533,-0.059246,-0.061658,0.080642,-0.084804,0.216719,0.000089,0.320853,1.000000,-0.021940,-0.167456,-0.215169,0.064087,0.171834,0.026899,-0.031890,0.000081,0.170949,-0.036373,-0.161492,-0.064461,0.037168,0.114053,-0.061843,-0.022659,0.204373,-0.309500,0.025314,-0.055725,0.029984,-0.076702,0.058709,-0.013736,0.115522,-0.031847,-0.036408,0.077450,-0.117262,0.224070,-0.109113,-0.037677,-0.187490,0.075888,-0.030855,0.176954,0.032201,0.030746,0.341940,-0.165587,0.079088,0.155015,0.053274,0.003221,0.069497,-0.201315,-0.250624,0.049129,0.127704,-0.039708,0.070505,0.076169,0.181796,-0.062556,0.086478,0.250708,0.086547,-0.086654,-0.108564,-0.168055,0.257101,0.011879,-0.036878,0.029828,-0.057433,-0.183288,0.037919,0.001298,-0.022515,0.263930,0.001925,-0.085877,0.067269,0.141982,-0.053814,-0.151211,0.256436,-0.081902,0.116810,-0.004423,0.257325,0.031620,0.117407,-0.045428,0.151942,-0.117279,-0.110586,0.149033,-0.059141,0.008998,-0.008930,-0.049691,0.018287,0.150618,-0.166340,0.151595,0.168689,-0.002513,-0.067217,0.041604,-0.024130,0.061702,0.061551,0.053872,0.249087,0.003525,-0.104230,-0.063002,-0.073353,0.055176,0.175254,-0.247897,-0.017571,-0.084245,-0.211163,0.230618,0.168508,0.102011,-0.016635,-0.071441,0.008908,0.002885,0.015522,0.011448,-0.077642,-0.185498,0.387536,-0.114151,0.025134,0.243367,0.025905,-0.077488,0.022004,0.234457,-0.194475,-0.228229,-0.183568,0.000000,-0.014720,0.073754,0.048043,0.178678,-0.003711,-0.141698,0.054528,0.202029,-0.098514,-0.106020,-0.066934,0.152766,-0.094096,0.264053,0.209003,0.116687,0.011835,0.308435,-0.092844,0.061261,0.208514,0.059300,-0.023955,-0.099051,0.157460,0.136476,-0.186484,0.141912,0.178118,-0.155175,0.103842,-0.027299,-0.102463,0.210691,-0.026862,0.141662,-0.069891,-0.016084,-0.315174,0.067806,0.008482,0.146286,0.080744,0.085048,-0.160883,0.075142,-0.163803,-0.292333,0.200004,-0.067705,0.305857,#
11,0.020638,0.169133,0.281119,0.044733,0.245676,-0.096291,0.222026,0.115291,0.005413,-0.114696,-0.021940,1.000000,-0.078509,0.127611,-0.058046,-0.118784,-0.087108,0.074417,-0.035115,-0.326502,0.111884,0.282444,-0.078046,-0.166642,-0.000022,0.324536,-0.266942,0.072594,-0.125071,0.187776,0.085846,0.120484,0.019454,0.089917,0.075534,-0.054458,0.288252,0.133076,0.044954,0.231414,-0.220874,0.057353,0.204537,-0.033616,-0.067745,0.162498,0.199467,0.033289,-0.033763,0.002377,-0.045951,0.177643,-0.016322,0.195758,-0.000415,-0.134083,-0.309982,0.174897,0.062285,0.062125,0.249283,-0.125322,-0.022090,-0.201304,0.047886,0.152567,0.152219,0.139284,0.176614,0.197603,0.148693,0.176554,0.122551,0.135457,-0.031205,-0.225693,0.070517,-0.031349,-0.086998,-0.219624,0.048987,0.229021,0.230242,-0.175210,0.282935,-0.042381,-0.067930,0.073457,-0.004055,0.048729,-0.020220,0.164733,0.003318,0.242838,0.024414,0.043901,-0.177869,-0.098893,0.003322,0.148598,0.058155,0.193852,-0.073040,0.056625,-0.207498,0.266761,-0.050401,0.251701,0.141320,0.131423,0.071545,0.090987,0.078800,0.062163,-0.111120,0.210949,0.132968,0.024508,-0.378816,0.140471,-0.045596,-0.190524,-0.004220,0.073721,0.065829,-0.110664,-0.019871,-0.093198,0.168197,-0.032096,0.002474,0.241320,0.088986,0.051580,-0.107150,-0.077795,-0.241125,0.177972,0.000014,0.341725,0.143026,-0.118786,-0.099926,0.204427,0.222440,0.093464,0.114467,-0.061565,-0.100755,-0.082808,0.031956,0.212149,0.014953,0.024594,0.118085,0.022601,0.059770,-0.143516,0.184493,-0.193126,0.012413,0.216649,-0.127675,-0.011926,-0.076135,0.031337,-0.028016,0.044162,-0.133338,0.178118,-0.087889,-0.007907,0.042756,-0.148179,0.133581,-0.100917,-0.057897,-0.130818,-0.074004,0.070607,0.252047,-0.065989,0.231247,-0.219416,0.048815,0.055564,-0.171985,-0.015747,0.033197,0.458543,0.007114,0.127072,0.148809,0.270466,0.190653,-0.103612,0.126426,0.163368,-0.099570,0.297626,#
12,0.001200,-0.012511,-0.029901,0.020937,0.096731,0.161064,0.122188,0.095096,0.034891,0.120209,-0.167456,-0.078509,1.000000,0.098400,0.233807,0.047979,0.306092,0.317034,0.134066,0.153833,-0.001674,0.136876,0.197559,0.167939,-0.101067,-0.067270,0.287561,0.194165,0.120525,-0.030927,0.092521,0.031957,0.304097,0.017650,0.053330,0.033459,-0.049825,0.012644,-0.072071,0.218890,-0.000230,-0.109009,0.306519,0.310736,0.173380,0.185877,0.221669,-0.130249,0.141940,-0.043418,0.294301,-0.210371,0.006465,0.255383,0.100630,0.088727,-0.048441,0.036633,0.014890,-0.199751,0.072215,0.482825,-0.203001,0.196866,0.323691,0.016173,-0.146706,0.068662,0.030598,0.012091,0.169401,0.129130,0.301323,0.017535,0.266448,0.206235,0.050605,-0.172463,0.005378,0.137401,0.250554,-0.015346,-0.048793,0.038109,-0.052997,0.082038,0.077139,0.108640,0.245518,-0.054400,-0.061361,-0.132732,0.079541,-0.047196,0.068950,0.133881,0.405398,0.278414,-0.130213,0.131524,-0.083452,0.147758,0.122356,0.373332,0.067326,-0.025113,0.019615,0.001350,-0.047188,0.022249,0.284929,0.098927,0.033909,-0.061610,0.078284,-0.101773,0.275185,-0.263596,0.001920,-0.137909,0.116135,0.157946,0.026330,0.318580,0.118139,-0.131722,0.026887,-0.212792,-0.172654,-0.139220,0.100124,0.078805,-0.045785,0.181531,0.166332,-0.188893,0.205139,0.047565,0.320946,-0.027994,-0.025119,0.237071,0.179567,0.005264,0.152944,0.101985,0.105915,0.132887,0.011159,0.231420,0.076028,0.144837,0.208678,-0.023993,0.036215,0.394764,-0.013399,-0.086947,-0.007350,0.051299,0.090664,0.298094,0.248909,0.095458,0.239795,0.080922,0.104419,0.214945,-0.100663,-0.105009,0.118205,0.260202,0.166980,0.052806,0.217168,0.058892,0.077608,0.025186,0.104245,-0.117571,0.062013,0.229543,0.080295,-0.041746,0.009278,0.055547,0.153357,0.196365,0.032103,-0.207450,-0.012351,-0.048183,0.102263,0.109835,-0.114403,0.044175,-0.090348,0.006293,0.029832,-0.053689,#
13,-0.173132,-0.229948,0.099473,-0.109740,0.002933,-0.101699,0.090143,-0.051005,0.068424,-0.266954,-0.215169,0.127611,0.098400,1.000000,0.074702,-0.164234,0.070372,-0.072907,0.145513,-0.023169,0.132662,0.025288,0.040899,-0.101519,-0.335745,0.054187,-0.013905,0.183142,-0.006422,0.051202,-0.098288,-0.067490,0.206947,-0.075354,0.102992,-0.182229,-0.080779,0.157689,-0.395962,0.145782,-0.031603,0.105620,0.040328,0.047675,0.219848,0.040594,0.095334,-0.069467,0.104677,-0.252478,0.084560,-0.064873,-0.134936,0.376234,-0.129292,0.037715,-0.033830,0.212461,-0.049399,0.052069,0.041769,0.159662,0.068966,-0.031689,-0.005894,-0.066152,-0.024885,0.065699,0.110608,-0.079592,0.135278,0.006511,-0.091341,-0.014034,0.162496,0.195220,0.054797,0.062161,0.024591,0.260554,0.166611,0.044219,0.185892,0.023209,-0.084842,0.044023,0.041486,-0.188121,0.144004,-0.009649,0.064025,-0.034095,0.146297,0.079551,0.125951,-0.138766,-0.099700,0.053095,-0.007896,0.327908,-0.032081,0.229112,-0.005795,0.250595,-0.054226,0.154434,-0.011906,-0.041589,0.123062,0.044422,-0.052119,0.158368,0.250108,-0.144687,0.265076,0.213072,-0.002190,0.185534,0.021637,0.404290,0.062338,-0.110695,0.085938,-0.083867,-0.132542,-0.261848,-0.163356,-0.190037,-0.002040,-0.001966,-0.212830,0.269501,0.116217,0.142008,0.252771,-0.145747,0.077793,0.037060,0.022355,0.007020,-0.335551,0.050102,0.320981,0.148919,0.060288,0.110070,0.173835,-0.017871,0.000000,0.022488,-0.058836,0.089791,0.001540,0.114825,0.000488,0.169866,-0.201333,-0.047097,0.054381,0.113423,0.069572,0.012070,0.000057,0.195732,0.032636,0.088498,-0.152255,-0.088705,-0.113558,-0.140333,-0.040566,0.160927,0.227866,0.019652,0.229540,-0.252247,-0.149400,0.087469,0.131029,-0.077387,-0.032565,0.314480,-0.125478,-0.053253,0.290628,0.138192,0.243004,-0.127350,-0.343560,0.011917,0.115267,-0.160940,0.029384,0.268373,0.045995,0.255217,0.079259,-0.311599,0.172640,0.038149,#
14,0.212387,-0.148004,-0.031184,0.133105,0.079360,-0.035531,-0.129256,0.181564,0.136565,0.223048,0.064087,-0.058046,0.233807,0.074702,1.000000,0.184368,0.028858,-0.061910,0.562885,0.274948,0.060333,0.007734,0.244155,0.161460,0.088559,-0.162092,0.131593,0.108709,0.285620,-0.018342,0.013662,0.256185,0.075572,0.252575,0.344419,0.097995,0.040507,0.134550,0.063989,0.294400,-0.206089,-0.148991,0.019236,0.040527,0.287566,0.122464,0.147272,-0.058857,-0.193928,0.133899,0.041847,-0.107772,0.133075,0.234509,0.190048,0.090662,0.266237,0.118990,0.221669,0.044473,0.149461,0.187585,0.127450,0.319216,0.084042,-0.186835,0.007385,0.095532,-0.160572,0.291537,0.141521,0.060865,0.074951,0.053942,0.314281,-0.004974,0.330372,0.122337,-0.029691,-0.043231,0.016279,0.105618,0.047908,0.191525,0.101426,-0.005424,-0.158570,0.093881,-0.058858,0.032327,-0.198493,0.022975,0.283338,0.138041,-0.004021,0.113871,0.341343,0.105953,0.081670,0.054589,0.191437,0.295922,0.133732,0.131917,0.348249,-0.102982,-0.144008,-0.127943,-0.281720,-0.056181,0.002568,-0.132574,0.141566,0.169334,0.040034,0.086524,0.157112,-0.409577,0.030902,0.030725,0.214806,0.215793,-0.084778,0.016755,0.102464,-0.108917,-0.082067,0.271382,0.066735,0.124792,-0.069662,-0.073015,-0.036856,0.271627,0.244344,0.057903,-0.153404,0.081589,0.071389,-0.219131,-0.076647,0.010583,0.301642,0.165744,-0.244131,0.283246,-0.069574,-0.055352,0.000000,-0.065715,0.143715,0.060793,0.079835,0.076490,-0.048609,0.274792,0.179516,0.048146,-0.034711,0.202122,0.154280,0.054936,0.159779,0.054173,0.099933,0.145471,0.199898,0.009511,0.053116,0.202118,-0.108581,-0.117436,0.267557,0.016930,-0.050536,0.019903,0.173321,0.105652,0.111688,-0.051714,0.291607,0.225877,0.008719,0.064322,-0.009859,-0.126638,0.091151,-0.247806,-0.147351,0.009833,-0.078383,0.016584,0.087642,0.066979,0.181982,0.017134,-0.155434,-0.007316,0.298469,-0.154646,#
15,0.296845,0.211771,0.061008,-0.021190,0.080950,0.025784,0.181435,-0.083805,0.367722,0.307860,0.171834,-0.118784,0.047979,-0.164234,0.184368,1.000000,0.168968,0.169732,0.110759,0.192013,-0.237012,0.118640,0.283155,0.151845,0.051468,-0.074787,0.114820,0.125511,-0.074111,0.311588,-0.000265,0.255832,-0.087652,0.130709,-0.008589,0.179895,0.157092,-0.098956,0.149200,0.075798,0.088418,-0.031971,0.052420,0.073861,0.039268,-0.099667,-0.125573,0.250615,0.031827,0.203745,-0.188431,0.302868,0.082683,0.181747,0.056714,0.102875,0.068281,0.018984,0.195927,0.192291,0.196185,-0.038288,0.212682,0.143339,-0.010829,0.286623,0.133251,0.141453,-0.073488,-0.139454,0.131711,0.135277,0.027613,0.060841,0.145190,-0.156614,0.003961,-0.004581,0.055495,-0.061324,0.229580,-0.133554,-0.407508,0.143982,0.276026,0.183437,0.050336,0.401051,-0.142649,0.197018,0.065546,0.040953,-0.093842,-0.102935,0.138187,0.183510,0.225547,0.009419,-0.044008,0.122531,0.308814,0.096716,0.089174,0.196373,0.121149,0.000651,0.156019,0.072194,0.041553,-0.065629,-0.056435,0.209715,-0.019465,0.078114,0.077163,0.157287,-0.016214,-0.287962,-0.083093,-0.289961,0.184542,0.137141,0.149026,-0.083320,0.142180,0.214355,0.215434,0.392934,-0.076213,0.340344,-0.238738,0.025637,0.097632,0.272621,0.135810,0.080402,-0.132559,-0.176916,-0.006760,-0.032159,0.123778,0.116555,0.143062,0.132199,0.146150,-0.024465,-0.020423,-0.004327,0.067037,-0.156570,-0.027990,-0.100327,0.018639,-0.097261,0.159714,0.029371,0.350072,0.232514,-0.108271,0.076747,0.065814,-0.070933,0.152430,0.034072,0.053808,0.218341,0.090354,0.104344,0.328008,-0.001553,-0.070933,0.316736,-0.129179,0.148603,0.157226,0.061819,0.240234,0.185896,-0.017190,0.112896,0.144754,-0.181116,0.019884,0.350836,0.051305,0.180026,-0.077101,0.112121,-0.079034,-0.008508,-0.090934,0.097779,0.101199,-0.075657,-0.215321,0.220811,0.069287,0.099096,0.017133,-0.028608,#
16,0.347975,-0.001182,-0.144341,-0.010563,0.048452,0.049133,-0.072198,0.098671,-0.099704,-0.133878,0.026899,-0.087108,0.306092,0.070372,0.028858,0.168968,1.000000,0.068281,-0.105430,0.312174,-0.011185,-0.178424,-0.134191,0.061355,-0.024275,-0.077567,0.172432,-0.156359,-0.144720,0.302004,-0.187220,0.077207,0.055221,0.142995,0.029186,-0.084282,0.122921,0.037734,0.025062,0.133099,-0.174529,-0.087454,0.204613,0.092460,-0.091826,-0.028544,-0.043679,0.007574,0.071098,0.174100,-0.004967,-0.066103,0.106408,0.353466,-0.012368,0.038428,-0.074159,0.010526,-0.018745,-0.149211,-0.167485,0.437360,-0.028697,0.049961,-0.154643,-0.010787,-0.314345,0.175692,-0.005174,0.150544,-0.213170,0.086010,0.190336,0.064829,0.070215,-0.053867,-0.129152,0.063334,0.010250,-0.031639,0.040946,-0.183105,-0.224050,0.344739,0.248019,0.198244,0.006680,0.213340,0.265035,0.086423,-0.070619,-0.137012,0.129979,-0.200327,0.083232,0.165915,-0.067683,-0.061228,-0.078579,0.110093,-0.232018,0.013439,0.086164,0.173432,-0.085261,0.174452,0.182261,0.105101,0.092496,-0.066973,0.003607,0.030778,0.047367,-0.050567,0.201804,-0.076295,0.225400,-0.103633,0.097285,-0.070691,0.240093,0.220235,0.171563,0.107252,0.293334,0.023350,0.277429,-0.104725,-0.042592,0.092835,0.065174,-0.087273,-0.043993,-0.171759,0.274795,0.037741,0.017381,-0.021047,-0.039423,-0.013572,0.004921,-0.045739,-0.005681,-0.063345,0.042977,-0.112856,0.108847,-0.097671,0.209774,0.328257,-0.198936,0.263122,-0.044693,-0.041118,-0.096211,0.231519,0.108954,0.102340,-0.118736,0.170699,0.118927,0.012138,-0.057734,-0.040514,-0.023742,-0.089585,0.057535,0.128689,-0.056529,-0.226764,0.083081,0.087598,0.009311,0.038707,-0.010883,0.007297,0.055910,-0.076857,0.207749,-0.043320,-0.108553,0.080193,-0.128012,-0.185606,0.101789,0.182348,0.045176,0.214188,-0.032809,-0.038767,0.156142,-0.030314,-0.229108,-0.081140,-0.157479,0.275828,0.064512,-0.197023,-0.255213,0.038888,#
17,0.212831,0.096331,-0.108713,0.167664,0.002814,0.112169,0.083733,-0.077775,0.108106,0.011820,-0.031890,0.074417,0.317034,-0.072907,-0.061910,0.169732,0.068281,1.000000,-0.032961,-0.121020,0.069030,0.103342,0.124769,0.229148,-0.220721,0.051411,0.221870,0.010715,-0.086077,-0.048295,0.128238,-0.009934,0.188676,0.077230,0.043426,0.241767,-0.149880,0.268496,0.252519,0.156593,0.223389,0.202928,0.159482,0.196207,-0.109498,0.140151,-0.002101,0.301158,0.149659,-0.007671,0.083815,0.147645,0.036378,0.033049,-0.041312,0.039299,-0.002403,-0.053243,-0.002663,-0.101355,0.113661,-0.018679,-0.136108,0.226731,0.196079,0.341255,0.183396,0.306903,0.164374,0.125781,-0.081706,0.309877,-0.014284,-0.218077,-0.063510,0.165950,0.001629,-0.187841,-0.093520,-0.032212,-0.055088,0.005584,-0.100588,0.036842,-0.048397,-0.052676,0.313056,-0.096274,0.124428,0.120851,0.117608,-0.036543,0.177503,0.097702,0.183078,0.283085,-0.031862,-0.062309,-0.061682,-0.054528,0.270048,-0.116866,-0.134442,0.165108,0.146762,-0.032550,0.208827,0.083964,0.296685,0.004905,-0.045756,-0.014894,-0.172470,-0.049428,0.013123,-0.041208,0.075385,-0.067240,0.010434,0.054513,0.104958,0.001083,0.062402,0.028346,0.180347,0.249802,0.021290,-0.093103,-0.079158,0.089436,0.306931,0.023616,0.082005,0.028451,-0.089539,-0.003574,0.215208,-0.072799,0.116586,0.175397,0.259289,0.107620,0.218726,0.154867,0.092081,0.118790,-0.067372,0.280989,-0.154670,-0.037450,0.063950,-0.123242,-0.011208,-0.089475,0.262239,0.202659,0.133094,0.135468,0.105509,-0.102698,-0.036828,0.186012,0.017881,0.292450,0.014865,-0.032388,-0.057562,0.080116,0.249442,-0.077112,0.053034,-0.144196,-0.036552,0.013242,0.065851,0.070452,0.331409,-0.046741,-0.014095,0.186891,0.257509,0.134738,0.074339,0.129088,-0.033189,0.162836,0.129984,0.206157,0.149025,-0.081018,-0.094963,0.193847,0.150651,0.038523,0.101609,0.177020,-0.097058,0.209201,-0.070132,0.170042,#
18,0.250040,-0.127314,-0.021080,0.287090,0.051012,-0.189348,0.038061,-0.121604,0.061741,0.183203,0.000081,-0.035115,0.134066,0.145513,0.562885,0.110759,-0.105430,-0.032961,1.000000,0.200011,-0.021672,-0.020814,0.135976,0.217024,-0.126429,-0.062759,-0.026404,0.136535,0.104092,-0.149426,-0.058138,-0.040858,0.171075,0.195450,0.297571,0.052754,-0.067882,0.057089,-0.107601,0.408258,0.071550,-0.084996,0.232593,-0.162655,0.264508,-0.015001,-0.089804,-0.189650,-0.198000,0.177704,-0.044313,-0.036651,0.112882,0.051420,0.336600,0.108919,0.003678,0.115349,-0.063802,0.055065,0.150815,0.000924,0.296260,0.207162,0.358951,-0.059783,0.144037,-0.092489,-0.252453,0.101068,0.033810,0.063922,-0.034931,-0.085161,0.140396,0.026261,0.200643,-0.057413,-0.068845,0.157132,0.082468,0.007617,0.093942,0.120460,-0.055563,-0.112833,-0.055650,0.075496,0.007575,0.032682,0.144647,-0.046107,0.059269,-0.170516,0.058209,0.178439,0.226789,-0.036088,0.018961,0.122399,0.186100,0.247332,0.149569,0.114133,0.408510,-0.052116,0.106530,-0.194506,-0.119665,-0.293366,0.200505,-0.177757,0.277644,0.081443,-0.120481,0.035441,-0.053946,-0.272462,0.073685,0.039671,0.059374,0.058160,0.054042,-0.239514,0.009015,-0.120524,-0.264983,0.320234,0.043129,0.059495,-0.279105,0.193783,-0.160252,0.262187,0.166108,0.052164,-0.062812,0.201647,-0.178878,0.091712,-0.084149,0.057752,0.131192,0.174719,-0.097642,0.240144,0.081602,0.121696,-0.301722,-0.019455,-0.084430,-0.018314,0.077827,0.051850,-0.030298,0.156707,0.068196,0.085077,0.003718,0.154457,0.178577,0.078600,0.085204,0.167700,0.000034,0.312024,0.127298,-0.016154,0.138760,0.282426,-0.184618,-0.014140,0.131574,0.232242,0.071356,0.204364,0.197437,-0.008290,0.103338,-0.046240,-0.039650,0.062328,0.091079,-0.123450,0.145124,-0.222547,0.341978,-0.222507,0.038181,-0.078274,0.022999,0.079496,0.139204,0.253432,0.184977,0.190093,-0.033452,-0.082601,0.100657,-0.074843,#
19,0.253482,0.067643,0.072641,-0.133844,0.216447,0.327825,-0.015058,0.037014,0.119569,0.185123,0.170949,-0.326502,0.153833,-0.023169,0.274948,0.192013,0.312174,-0.121020,0.200011,1.000000,-0.077522,-0.279538,0.147840,0.082376,-0.043411,-0.079313,0.166366,0.159774,-0.084525,0.161680,0.226520,-0.047939,-0.046066,0.054855,-0.101376,0.040050,0.073145,-0.076095,0.143497,0.171253,0.051279,-0.101576,0.129296,-0.050135,-0.031184,0.156298,0.159925,-0.106811,0.157756,0.235406,-0.055999,-0.026578,0.046539,0.231594,0.083117,0.191668,-0.020063,-0.094171,0.157260,0.078469,0.054892,0.441714,0.261909,0.289352,0.123223,-0.184870,-0.073690,0.075475,-0.162058,-0.095260,0.173487,-0.026588,0.053924,0.156260,0.040917,0.124622,0.068430,0.141101,0.318459,0.227641,0.100509,-0.152893,0.125202,0.198619,-0.055389,0.122426,-0.112083,0.257588,0.117580,-0.215759,-0.035802,-0.033075,0.163232,-0.109224,-0.027603,0.228454,0.286800,0.096710,-0.176887,0.108578,0.119813,0.059864,0.104367,0.141169,0.256778,0.323824,0.183691,0.151374,-0.042116,-0.225327,-0.066595,0.063746,0.088275,-0.042235,0.088565,-0.064927,0.347296,-0.072993,0.102458,-0.329947,-0.051695,0.160280,-0.074834,0.034438,0.211630,-0.065863,0.231120,0.033121,0.007549,0.041648,0.063055,-0.034764,-0.105393,0.193244,0.462533,-0.132077,0.080326,0.163319,-0.218707,-0.215493,-0.033951,-0.015804,0.088425,0.045290,0.135273,0.067646,0.032264,-0.068122,0.084468,0.102965,0.103839,0.250867,0.141510,-0.077736,0.017501,0.249103,0.193781,0.138083,0.026033,0.234937,0.379454,-0.213118,0.123196,-0.024881,0.207910,0.162790,0.086654,0.146575,0.249341,-0.009632,0.015410,0.090997,0.395790,0.256944,0.066781,-0.101573,0.150898,0.156556,0.262371,-0.090999,0.018805,0.070213,0.136449,0.173129,0.285962,-0.011629,0.038230,-0.080234,-0.003141,-0.024358,0.222086,0.223315,-0.149680,0.024386,0.018247,0.256241,-0.352740,0.020676,0.237488,0.045765,#
20,-0.284010,-0.260208,0.014272,-0.015886,0.212271,-0.189444,0.087997,-0.170588,-0.279230,0.016188,-0.036373,0.111884,-0.001674,0.132662,0.060333,-0.237012,-0.011185,0.069030,-0.021672,-0.077522,1.000000,0.067997,-0.136823,-0.159050,-0.019069,0.275141,0.056858,-0.159727,-0.020523,-0.119932,-0.122229,-0.299195,-0.044036,0.023087,0.163891,0.121138,0.202667,0.165347,0.177836,0.286434,-0.086558,0.059238,0.037239,-0.183543,0.174734,0.060291,0.115426,-0.274644,-0.254848,-0.057414,-0.218359,-0.013167,-0.186005,0.202203,0.113218,0.031026,0.058626,0.221416,0.007348,-0.116054,0.074737,-0.034561,-0.057877,0.009899,0.005343,-0.160099,-0.063670,0.051891,-0.129045,0.125787,0.237079,0.255451,-0.171954,-0.185408,0.021043,-0.054967,-0.241155,-0.132270,-0.064947,-0.146355,0.067025,0.024102,0.080133,-0.193829,-0.005487,0.111948,0.003871,-0.037483,0.139475,-0.189784,0.067801,0.000707,0.036810,0.069208,0.327809,-0.145609,-0.036983,0.132075,-0.007960,-0.065369,0.011540,-0.066934,0.264348,-0.240179,0.140694,-0.115746,0.017931,-0.076840,-0.221056,0.204845,0.177460,0.135421,0.006081,-0.164278,-0.123642,-0.017097,0.225059,0.161644,0.023488,0.139784,0.123965,0.076976,-0.009789,0.008726,0.024618,-0.006662,-0.172843,-0.068303,0.325598,0.119616,0.233251,-0.107795,-0.076644,0.154921,-0.007378,-0.215459,-0.076759,-0.200444,-0.025945,0.023935,-0.088545,-0.042959,0.243529,-0.073213,-0.080309,0.092662,-0.182334,0.047090,-0.215227,0.189177,0.142175,-0.057294,-0.063402,0.272572,0.088066,-0.125527,-0.158390,-0.158866,-0.070407,0.138428,-0.050872,0.138379,-0.126356,-0.000871,-0.030829,-0.294997,0.046705,0.007336,0.034496,-0.050297,0.020989,-0.336026,-0.024654,0.045070,-0.088812,-0.084516,-0.147547,-0.131328,0.052037,-0.086304,-0.074541,0.020634,-0.083680,-0.052419,0.052483,-0.061424,-0.003413,-0.049644,0.030443,0.246351,-0.223003,-0.118410,-0.062207,0.229148,-0.013017,-0.071257,-0.079572,0.028322,0.246136,0.111914,#
