0,1.000000,0.189872,0.148447,-0.095069,0.080816,0.126335,0.363542,-0.006405,-0.021088,0.172500,0.345078,0.101361,0.036679,0.158343,0.148186,0.277839,0.337313,0.212937,0.171516,0.295859,0.067795,-0.014202,0.150879,0.404442,0.159229,-0.088698,0.004543,-0.108413,-0.023740,0.221461,0.016836,0.320682,0.087894,0.108540,0.406971,0.127645,-0.058911,-0.031954,0.306198,0.091997,0.225775,-0.066432,0.324808,-0.300557,0.243395,0.068837,0.070118,0.183978,0.266237,0.240212,0.029180,0.349294,0.193511,0.075076,0.283473,0.169599,0.092874,0.202470,0.125766,0.062301,0.211671,0.339472,0.193141,0.146943,0.211415,0.149336,0.251168,0.126379,0.070373,-0.001213,0.100637,0.143222,0.042524,0.228308,0.170894,0.123889,0.280089,0.153667,0.134645,0.081215,0.116419,-0.016788,0.107901,0.172823,0.287817,0.276091,0.255544,0.313953,0.215564,0.124402,0.031795,0.022004,0.181284,-0.069552,0.010955,0.076484,0.265861,0.110522,0.162321,0.326936,0.081853,0.069419,0.243175,0.253208,-0.039832,0.187211,0.003737,0.135570,0.314654,-0.038853,-0.009170,0.273241,0.101226,0.188025,0.187203,0.220610,0.122899,0.011742,0.219241,0.243942,0.094886,0.176704,0.338044,0.183382,0.359159,0.291036,0.205065,-0.064799,0.118454,0.239115,0.022139,0.153168,0.028878,0.097525,0.198097,0.191913,0.068851,-0.063561,-0.092990,0.287436,0.133884,0.003761,-0.067443,0.168770,0.177497,-0.208849,0.102665,0.147889,0.059669,-0.066921,-0.001011,0.295822,0.284307,-0.064901,-0.030300,0.085083,0.251941,0.374849,0.274903,0.082142,0.369769,0.288443,0.262690,0.064807,0.082231,0.278389,0.251293,0.123673,0.264431,0.135196,-0.025048,0.198568,0.162135,0.208690,0.094886,0.233929,0.331874,0.294938,0.258904,0.045086,0.032812,0.156990,0.288372,0.080397,0.092686,-0.093998,-0.123291,0.281106,0.224145,-0.101483,-0.209827,0.106639,-0.029913,0.343516,0.238043,0.312296,0.029171,0.217905,-0.098552,0.221536,#
1,0.189872,1.000000,-0.193830,-0.052632,-0.090863,-0.117607,-0.014497,0.114609,0.282582,0.232086,0.166231,0.159719,0.131471,-0.169219,0.055398,0.024979,0.052278,0.002948,0.097880,0.131413,-0.179730,0.122434,0.154638,0.054058,0.144302,-0.061427,-0.235383,0.134399,0.022042,-0.064853,0.135339,0.088842,-0.155597,0.117842,-0.125333,-0.095164,0.229916,0.003030,0.168455,0.076974,-0.014475,0.077165,0.119527,-0.092493,-0.032885,-0.154608,0.214174,0.132474,0.176559,0.346042,0.065158,0.202433,-0.096808,-0.069723,0.110993,-0.117546,-0.004982,0.024623,-0.187010,0.056425,0.014452,0.137148,0.132710,-0.110195,-0.027450,0.223750,0.173084,0.112135,0.188084,0.203614,0.196504,0.169340,0.280078,-0.025157,0.158803,0.118291,0.174114,-0.034755,0.275101,-0.140950,0.023725,0.033534,-0.117969,0.113763,0.158769,0.046859,0.090982,0.310008,0.197154,-0.034466,0.023989,0.058755,-0.293740,0.065085,0.056862,0.228914,0.059722,0.063788,0.058273,-0.089980,0.147444,-0.050913,-0.092138,0.006569,-0.066895,0.231130,0.050330,0.165103,0.243122,0.128983,-0.038392,0.053147,-0.032917,0.229927,0.093626,0.314765,0.072420,-0.067234,0.060594,-0.039149,-0.072916,0.181520,0.165917,-0.010837,0.257139,0.106149,-0.022834,0.063158,0.112276,0.086518,-0.224381,0.169391,0.039960,-0.099921,0.033733,0.131857,-0.025784,0.249278,-0.004378,0.086796,0.274455,-0.095761,0.057260,0.134592,0.069453,-0.120062,0.054548,0.061387,-0.001474,-0.226130,0.098094,0.201672,0.082767,-0.075938,0.320824,0.150766,0.158486,0.210126,-0.102276,0.113355,0.078467,0.278596,-0.064453,0.196579,-0.004917,0.152771,0.153385,-0.088582,0.042225,0.112108,-0.081287,0.012374,0.049583,0.247742,0.097849,0.131917,0.185864,-0.012935,0.036864,-0.033417,0.057916,-0.050442,0.234821,-0.111976,-0.042687,0.069459,-0.046238,-0.051705,0.336260,0.082091,0.184202,0.237532,0.074739,-0.046666,0.143647,-0.138983,0.180384,0.405901,0.024594,0.200943,#
2,0.148447,-0.193830,1.000000,0.050078,0.307950,-0.016362,0.090408,0.126418,0.005895,0.184539,-0.033197,-0.020462,-0.063846,0.371466,0.006093,0.022781,-0.123733,-0.012621,0.222929,0.199378,0.241330,-0.012235,0.260004,0.255142,-0.139867,0.156888,0.041128,-0.059037,0.011612,0.031470,0.062137,0.009047,0.224681,0.117750,0.226758,-0.066761,0.136417,0.113651,0.246201,0.026062,-0.105709,-0.109961,-0.012115,-0.043670,0.041996,0.197433,0.093250,-0.101359,-0.093304,0.062488,0.047122,0.204405,0.126950,0.043581,0.158008,0.164742,0.272082,-0.066951,0.142789,0.159046,0.402526,0.160820,0.203805,-0.007089,0.203015,0.020297,-0.140008,-0.013993,0.033949,0.041216,0.215701,0.087908,-0.156904,0.238181,0.348312,-0.015710,-0.014660,0.034246,0.088722,0.137910,0.043883,0.017512,0.354804,-0.182027,0.167149,0.055070,-0.021692,0.113228,-0.102373,-0.069061,0.143909,0.016599,0.196881,-0.008779,0.244803,-0.067685,0.163305,-0.088465,0.050215,0.054810,0.392483,0.072888,0.051096,0.151284,-0.052968,0.357432,0.233995,0.224673,0.114329,-0.204393,0.138444,-0.059510,0.297697,0.082481,0.010859,-0.083832,-0.128036,0.242756,0.028041,0.025329,-0.160860,-0.076035,-0.064717,0.359888,0.012886,-0.063285,0.135555,0.030544,0.202757,0.126710,-0.053783,0.028728,0.103689,0.203796,0.191768,-0.100927,0.296456,0.064431,0.096132,0.021601,-0.103708,0.192461,-0.181564,0.010037,0.080965,0.022040,0.043684,-0.039337,-0.118556,0.187986,-0.023421,0.170751,0.197120,0.273609,-0.162794,0.096770,-0.069115,0.101999,0.239892,-0.000845,-0.126311,0.084747,0.167163,0.121988,-0.163115,0.140860,-0.152902,-0.153767,0.185842,0.160990,-0.050724,0.060705,0.343779,0.152361,0.068894,0.236274,0.025234,-0.105545,0.036322,-0.063913,-0.100702,0.205569,-0.051340,0.179471,-0.117981,-0.033760,0.155052,0.148916,0.072213,0.058393,0.089800,0.056092,0.186305,0.341861,0.036346,0.002901,0.023343,0.004513,0.055228,0.009911,#
3,-0.095069,-0.052632,0.050078,1.000000,0.209304,-0.094803,-0.061301,0.031154,0.140396,0.186600,0.042359,0.114829,-0.128881,0.047769,0.039127,-0.193260,-0.020080,-0.145367,0.235644,0.163365,0.064350,0.236060,0.155533,-0.008070,0.092659,0.078292,0.253884,0.026579,-0.163376,0.255415,0.271573,0.057434,0.087813,0.090297,0.104042,0.115686,0.005253,0.224116,0.236810,0.107813,-0.071257,0.157497,0.148850,0.164260,0.074776,0.215016,-0.161707,0.055998,-0.153880,-0.213101,0.067770,-0.155251,0.057845,-0.162110,-0.113646,0.282713,0.300122,0.144014,0.135765,0.161123,0.223253,-0.098391,0.059804,0.100799,0.304628,-0.159425,-0.103180,-0.108967,-0.421802,0.114989,0.089296,0.206052,0.165412,-0.108834,0.069628,0.051235,0.035140,0.098178,0.046470,0.168483,-0.063004,0.038225,0.214391,0.029889,0.101496,0.188072,0.075820,0.125240,-0.101262,-0.114950,0.313519,0.147267,-0.091610,0.043614,0.087210,0.056148,-0.083258,0.139079,-0.012318,-0.224666,-0.025573,0.092650,-0.026519,-0.233730,0.441653,0.152471,0.063330,0.013459,0.166978,0.054065,0.054886,-0.143389,0.089428,0.098711,-0.044792,0.204931,-0.092824,0.056920,0.214629,-0.049198,-0.017015,0.242789,0.233485,-0.147763,0.023409,0.055450,0.113631,0.292585,0.268764,-0.130993,0.154348,0.204129,0.081604,0.113671,-0.000889,0.223271,-0.012824,-0.105124,-0.164641,0.084896,-0.300592,0.281599,0.199466,0.001794,0.017738,0.160135,0.065898,0.545584,0.104550,0.206860,-0.008786,-0.078699,-0.109980,0.091866,0.188525,-0.140768,-0.108679,-0.042167,0.311319,0.068085,-0.237255,-0.063933,-0.192519,0.212038,-0.017722,0.173487,0.137439,-0.252989,0.054016,0.208351,0.024802,-0.044571,0.130623,0.231383,-0.092023,0.212952,-0.055455,0.064569,-0.120166,0.092214,-0.012405,0.168231,-0.063473,0.043511,0.034876,-0.013425,0.063972,-0.124746,0.154096,0.424516,0.230463,0.158732,-0.035175,0.054549,0.149789,0.167369,-0.003645,0.052889,0.035273,0.185430,#
4,0.080816,-0.090863,0.307950,0.209304,1.000000,0.181647,0.059774,0.178765,0.175442,0.426096,-0.027475,0.274795,0.265456,0.154021,0.272186,0.232405,0.193301,0.077118,0.317271,0.419326,0.361370,0.247284,0.247796,0.303071,-0.111868,0.166769,0.204375,-0.151606,0.170033,0.095616,0.183067,0.322142,0.450858,0.219488,0.131595,0.120540,0.274232,0.098476,0.422998,0.111689,0.093679,-0.045732,0.208501,0.198501,0.236806,0.347498,0.203732,0.302598,-0.008083,-0.057234,0.016662,0.127258,0.343227,0.108733,0.205696,0.089300,0.165579,0.169607,0.323637,0.358650,0.330082,0.221370,0.319043,0.055481,0.272208,0.253869,-0.125572,0.214960,0.037804,0.097970,0.346220,0.269760,0.256324,0.055823,0.362620,0.140374,0.103434,0.199703,0.180617,0.324981,0.025164,0.217367,0.066476,0.108329,0.266520,0.295267,0.194628,0.167585,0.187184,-0.129657,0.280010,-0.016068,0.249101,0.070158,0.278773,0.204407,0.212398,0.160033,0.103837,0.153371,0.272972,0.253733,0.193746,0.148701,0.112990,0.249252,0.132092,0.059090,0.212269,0.377600,0.064550,0.141991,0.344520,0.262439,0.050812,0.186540,0.229801,0.125086,0.053062,0.140864,-0.065520,0.249015,0.219008,0.124310,0.122382,0.022697,0.249049,0.329670,0.425887,0.356776,0.117242,0.024359,0.246220,0.438257,0.321117,0.155865,0.035616,-0.095598,0.126312,-0.117565,-0.171976,0.181752,0.191247,0.131984,0.201033,0.106668,0.267695,0.115798,-0.060263,0.430540,-0.009873,0.197959,0.355568,0.238621,0.206820,0.135873,0.311036,0.118872,0.046869,0.280980,0.099416,0.191543,0.281120,0.088173,-0.167859,0.164698,-0.030091,0.068933,0.094985,0.318882,0.098159,0.274418,0.391379,0.266728,0.198019,0.357696,0.264513,0.178066,0.213195,0.134549,-0.018604,0.128476,-0.027631,0.133603,0.194468,0.321735,-0.009867,0.161388,0.151051,0.346082,-0.164642,-0.015856,0.065910,0.326747,-0.029727,0.284205,0.206938,-0.095128,0.391304,0.337027,#
5,0.126335,-0.117607,-0.016362,-0.094803,0.181647,1.000000,-0.090153,0.141434,0.008381,0.093557,0.263980,0.000338,-0.024021,-0.116202,0.073889,0.331332,0.100185,0.185956,-0.147119,0.328123,0.041517,-0.075190,0.231126,0.297095,0.118526,0.042144,0.354261,-0.008642,0.084880,0.064025,0.289125,0.328105,0.265019,0.272376,0.009845,0.105788,0.002025,0.005069,0.209024,0.021105,0.263343,0.001218,-0.110888,0.183962,0.226479,0.313309,0.262366,0.300439,0.170345,-0.067115,0.080533,0.146083,0.009641,0.171089,-0.252417,0.272056,0.287166,0.084956,0.404302,0.292783,0.101105,0.357488,0.227568,0.213409,0.241892,0.125544,-0.143330,0.241607,0.110728,-0.274524,0.114855,0.199134,0.255030,-0.013601,0.092986,0.318962,0.198219,0.420839,0.081549,0.172094,0.463802,0.043348,0.043034,0.197275,-0.110608,0.197249,0.291875,0.381298,0.209047,-0.057222,0.009603,0.174693,0.319524,0.253438,0.104007,-0.048614,0.045086,0.339477,0.346760,0.300988,0.218212,0.296017,0.074201,0.244252,0.184375,0.246690,0.194871,0.113259,0.124796,0.202980,-0.114839,0.322644,0.073218,0.070258,0.144834,0.088845,0.139879,-0.118596,0.070287,0.175542,-0.021855,0.208894,0.169352,0.161674,-0.019632,0.053047,0.315035,0.190484,-0.010312,0.094859,0.193568,0.265302,0.285719,0.313053,0.072938,0.167594,0.201007,0.094156,0.082560,-0.082787,0.098074,-0.098430,0.174537,0.261625,0.241687,-0.063381,-0.065657,0.100953,0.184456,-0.016291,0.125909,-0.010883,0.029591,0.139635,-0.116228,0.079027,0.425660,0.223409,0.158999,0.220074,0.166858,0.181792,0.061476,0.097910,0.176810,0.212869,-0.253714,0.260118,0.249341,0.235241,0.225992,0.163694,-0.012529,0.269258,0.126575,0.071288,0.188983,0.165900,0.146049,0.231975,0.422005,0.132960,0.284190,0.054170,0.299406,0.136938,0.137501,0.175272,-0.045619,0.185764,-0.099273,0.088957,-0.035303,0.147629,-0.154757,0.283889,0.142202,0.023732,0.189296,0.222477,#
6,0.363542,-0.014497,0.090408,-0.061301,0.059774,-0.090153,1.000000,-0.100366,-0.050722,-0.045865,0.084926,0.019203,0.269806,0.175254,0.040400,-0.079977,0.255162,0.140868,0.067585,0.082094,0.379700,0.031623,-0.127395,0.176966,-0.008775,-0.054321,-0.008495,-0.116794,0.002851,0.173735,0.120567,-0.001296,0.082542,0.077824,0.251193,0.165732,-0.026680,-0.044608,0.171784,0.243353,-0.100335,0.045674,0.174811,-0.094799,0.270937,0.164423,0.119681,-0.228046,0.298901,0.248823,0.053877,0.329469,0.260145,-0.005376,0.152793,0.131752,0.160927,0.178523,0.227906,0.020003,0.226709,0.000133,-0.005359,0.158938,0.396299,0.009032,0.257452,-0.060347,0.014894,0.091866,0.101849,0.154802,-0.018455,0.319651,0.079339,0.175460,0.058833,-0.128857,0.022682,0.067826,0.115003,0.125044,0.150678,-0.045749,-0.180007,0.144767,0.040023,-0.037488,0.096712,-0.019058,0.013520,-0.029764,-0.170344,-0.174157,-0.020124,0.005288,0.387674,0.125104,-0.009697,0.188290,0.069960,0.079047,0.366078,-0.013470,-0.046859,-0.034451,-0.014500,-0.110709,-0.027658,-0.097279,-0.117082,0.006587,-0.139089,-0.078331,0.288593,-0.159959,0.419284,0.131439,0.189954,0.089693,0.265882,0.077145,0.085001,0.157600,0.294560,0.340824,0.014550,0.022480,0.087033,0.132646,0.015026,0.218012,0.221334,0.019667,0.103211,0.145970,-0.007261,-0.019655,0.194918,0.008298,0.212692,0.028434,-0.111415,0.053604,0.055581,0.043891,0.024133,0.143484,-0.069628,0.114011,0.122290,0.219831,0.006603,-0.247377,-0.020689,-0.023841,0.029180,0.287760,0.267315,0.045297,0.112072,0.148899,0.008641,0.245878,0.031808,0.156039,0.206102,-0.024288,0.188523,0.028203,0.283238,-0.001008,-0.062534,0.070778,0.217675,0.021355,0.005170,0.092202,0.131095,0.042384,0.126633,-0.149968,0.262766,0.114807,0.050213,0.031407,-0.213868,0.150974,-0.131886,0.111947,-0.288453,0.160174,-0.141059,0.332407,0.062850,-0.075104,-0.016691,0.130285,0.178457,-0.044375,#
7,-0.006405,0.114609,0.126418,0.031154,0.178765,0.141434,-0.100366,1.000000,0.439295,0.293471,-0.000110,-0.088175,0.196877,0.136410,0.301125,-0.102443,0.182750,0.081796,0.268352,0.163208,0.081061,0.295131,0.210309,0.329763,0.342642,0.263354,0.154887,0.094526,0.073370,-0.019005,0.000073,0.169614,0.062119,0.130628,-0.024269,0.067753,0.112053,0.068507,0.336339,0.007181,-0.094245,-0.012893,0.100037,0.257191,0.177093,0.155870,0.284001,0.166725,-0.125831,0.050627,0.175431,-0.022642,-0.062177,0.223394,0.043350,0.249700,-0.054473,0.190689,-0.000152,0.149722,0.108860,0.203759,0.014493,-0.055476,0.095990,0.155831,-0.058190,0.255394,0.157226,0.319968,0.279915,-0.011071,0.518987,0.071980,0.371426,0.188985,0.120650,0.052780,0.349469,0.189619,0.208535,0.233184,0.016466,0.112811,0.103509,0.187994,0.256389,0.327834,0.141077,0.132932,0.054519,-0.047418,0.085149,0.104137,0.319336,-0.078873,0.223111,0.321583,0.122881,0.163512,0.185443,0.161904,0.044271,0.142124,0.158679,0.319846,0.101780,0.008795,0.164653,0.013314,0.319095,-0.018167,0.265509,0.097199,0.366663,0.121317,0.190384,-0.243163,0.096642,0.229643,0.125292,0.180621,0.132707,0.349204,0.285098,-0.058823,0.182911,0.255599,0.113408,-0.027642,0.115643,0.110457,0.257333,0.018637,0.203579,0.305365,0.047527,0.188855,0.065420,0.081305,0.172645,0.469123,0.209189,0.178147,0.158575,0.319837,0.307570,0.166749,0.227767,0.233984,-0.070831,0.165803,0.290123,0.214429,0.053039,0.413711,0.054004,0.145662,-0.014135,0.207711,0.268586,-0.109695,0.236773,0.131729,0.104027,0.256644,0.143759,-0.034293,0.066902,0.099534,0.315757,0.282179,0.212948,0.297027,0.204743,0.161463,0.238051,0.024163,0.133922,0.098445,0.333724,0.175864,-0.062208,-0.084682,0.093302,0.296756,0.194960,-0.030309,0.200486,0.265277,0.070419,0.064934,-0.082888,0.109012,0.064146,0.199117,0.092615,0.294509,0.126945,0.097770,#
8,-0.021088,0.282582,0.005895,0.140396,0.175442,0.008381,-0.050722,0.439295,1.000000,0.327300,-0.024842,0.159931,0.050195,0.125280,0.156807,0.087871,0.110995,0.017789,0.129216,0.174490,0.020658,0.322885,0.147262,0.155301,-0.105225,0.265556,0.088727,0.232440,-0.156023,0.072148,-0.003362,-0.007362,0.195351,0.250495,-0.138304,0.066699,0.245923,0.096811,0.193502,0.374104,0.036773,0.250387,0.222615,0.118676,0.031929,-0.052150,-0.006898,0.219055,0.061901,0.220976,0.111683,0.165867,0.024902,0.167295,-0.030310,0.247421,-0.151096,0.221621,-0.070204,0.188198,0.240367,0.057835,0.242531,-0.022756,0.087274,0.338903,0.034112,0.259812,0.133741,0.353504,0.158517,0.180092,0.295354,0.321972,0.044909,0.187715,-0.104360,0.071524,0.315260,0.275853,0.049246,0.091327,-0.073272,0.219541,-0.057198,0.241919,-0.068881,0.154383,-0.069933,0.094600,0.088984,0.067889,-0.131061,0.176524,0.298341,0.068076,-0.049418,0.192219,0.080210,-0.023845,0.185237,0.129431,0.034337,0.282062,0.086767,0.335592,0.309401,0.250073,0.238697,0.044116,0.247547,0.170547,0.240306,0.117655,0.393914,0.277864,0.272978,-0.047149,0.078903,0.194727,0.115352,0.027767,0.426631,0.053671,0.118994,0.287912,0.218535,0.099872,0.363548,0.025607,-0.021644,0.103898,0.294529,0.306947,0.478719,0.078467,-0.160285,0.134876,-0.189139,0.249636,-0.118305,0.146087,0.115102,0.328866,0.166943,0.061327,0.389000,0.218444,-0.049563,0.084092,-0.014951,0.161121,0.003628,0.222355,0.297574,0.198432,-0.066935,0.198543,-0.003609,0.366517,0.003271,0.018626,0.181750,0.363559,0.136620,0.118222,0.106967,-0.026736,0.161603,0.316533,0.243563,0.302280,0.248458,0.371114,0.427452,0.105197,0.051523,-0.045987,0.346226,0.136175,0.241000,0.108867,-0.314781,-0.009627,0.341982,0.205550,0.059925,0.022882,0.381760,0.372680,0.049828,0.101270,0.206368,0.027192,-0.182847,0.227621,0.110487,0.227330,0.089950,0.285279,#
9,0.172500,0.232086,0.184539,0.186600,0.426096,0.093557,-0.045865,0.293471,0.327300,1.000000,0.031693,0.186279,0.181560,0.068693,0.264235,0.118109,0.166382,0.043198,0.409806,0.379861,0.348049,0.274828,0.485734,0.511134,0.012337,0.269819,0.201751,0.181207,0.115187,0.104008,0.129913,0.180707,0.183333,0.408932,0.336959,0.277249,0.228674,0.144406,0.360896,0.080665,0.227329,0.051794,0.213550,0.153742,0.264944,-0.000480,0.244543,0.128269,-0.149316,0.061566,-0.041152,0.105118,0.109608,0.203214,0.123344,0.183177,0.091828,0.283860,0.320670,0.354243,0.177130,0.136915,0.370311,0.129622,0.286749,0.348603,0.189806,0.364775,0.119055,0.213315,0.438888,0.126042,0.292673,0.142329,0.281806,0.091674,0.002038,0.309646,0.387327,0.246090,-0.192756,0.127854,0.022692,0.201942,0.360541,0.239262,0.150675,0.402576,0.033546,-0.187740,0.141068,0.314227,0.165230,0.162881,0.275247,0.029436,0.240991,0.416870,0.397777,0.056415,0.199341,0.261061,0.192539,0.140034,0.240133,0.397446,0.233739,-0.004136,0.373071,0.357184,0.235241,0.407363,0.449491,0.298932,0.041679,0.294750,0.267711,-0.073873,0.040219,0.097511,0.223858,0.102036,0.401338,0.289791,0.304280,0.108651,0.329951,0.059067,0.432147,0.268814,0.225319,0.112439,0.354213,0.470379,0.301052,0.250149,0.084144,-0.011883,-0.000661,0.285759,-0.051189,0.400401,0.161849,0.257336,0.034896,0.059213,0.294701,0.029244,0.078223,0.091899,0.092896,0.139077,0.131429,0.180131,0.319868,0.229581,0.210364,0.256576,0.403375,0.207035,0.123072,0.125715,0.212539,0.277756,0.252570,0.192408,0.025592,0.115806,0.296001,0.250867,0.335712,0.446756,0.183279,0.263919,0.190295,0.382223,0.094203,0.211773,0.407940,0.236454,0.234018,0.138165,0.112367,0.165091,0.117588,0.383741,-0.147456,0.102191,0.517509,0.236735,0.112909,0.240480,0.063535,0.115241,0.087745,0.104615,0.039486,0.290346,0.107820,0.164486,#
10,0.345078,0.166231,-0.033197,0.042359,-0.027475,0.263980,0.084926,-0.000110,-0.024842,0.031693,1.000000,-0.125288,-0.305038,-0.106014,-0.036302,0.145772,0.065537,-0.073153,-0.129302,0.091498,0.000731,-0.178703,0.090702,0.258058,-0.050970,-0.170380,0.073933,0.250945,-0.122902,0.169443,0.146973,0.116222,0.038099,0.131364,0.154931,0.025071,-0.153354,0.108288,0.095692,-0.176646,0.184781,-0.012330,-0.170482,-0.071207,0.260510,0.039311,0.123415,0.251592,0.238398,0.370004,-0.225229,0.004439,0.160432,-0.085232,-0.011578,0.187744,0.162505,0.063303,-0.059721,0.095616,0.129483,0.118822,0.307776,0.329441,0.160081,-0.029901,0.017221,-0.226805,-0.179214,-0.023581,-0.060427,0.240313,0.145233,0.010029,-0.002757,0.149884,0.166567,0.185399,0.162786,0.061560,0.146986,0.091573,0.065999,0.196857,-0.075638,0.195713,0.097609,0.452888,-0.007664,0.119722,0.101765,0.217284,-0.001910,0.082523,0.165918,0.129893,-0.091269,0.093675,0.412428,0.210926,0.204552,0.204195,0.022488,0.142926,0.395502,-0.101390,0.156288,0.093058,0.129703,0.104649,-0.278164,0.098046,-0.134797,0.021091,0.057611,0.321516,0.177011,-0.037906,0.204322,-0.009702,0.088403,0.254440,0.008904,0.120019,-0.078463,0.229765,0.333309,0.312403,0.073365,-0.159628,-0.150415,-0.036076,0.127153,0.027696,0.229743,0.252030,0.095627,0.066356,-0.060173,0.079464,0.229768,-0.147448,-0.109447,0.051010,-0.171224,-0.199945,0.079035,0.089885,0.164143,-0.005981,0.060870,0.008262,0.185554,0.173206,-0.152171,0.076397,0.304887,0.223122,0.243904,0.056038,0.158126,0.090732,0.027080,0.128634,-0.195498,0.204879,0.048668,0.151486,0.411584,0.150266,0.028634,-0.048272,-0.028065,0.178221,0.145189,0.081141,0.268521,0.190844,0.014749,0.266356,0.003075,-0.029041,0.191827,-0.029252,0.012427,-0.054978,-0.015359,0.032834,0.036226,0.096765,-0.024035,0.143444,-0.073006,-0.032912,0.235526,0.092497,-0.075415,0.241736,0.080569,0.109741,#
11,0.101361,0.159719,-0.020462,0.114829,0.274795,0.000338,0.019203,-0.088175,0.159931,0.186279,-0.125288,1.000000,0.251090,-0.076681,0.072733,0.021543,-0.086118,0.155887,0.307684,0.125161,0.026521,0.073862,0.044702,-0.070238,0.002293,-0.024686,-0.229715,0.078740,0.006311,0.083516,0.101478,0.142734,0.046998,0.169435,0.142856,-0.039415,0.165046,0.114024,0.055995,0.356192,0.016861,0.129437,0.123169,0.015079,0.096188,0.085315,0.449721,-0.019845,0.079121,0.215000,0.083954,0.132376,0.273715,0.088384,0.155671,0.086407,0.081179,0.218870,0.076373,0.076158,0.017172,0.052917,0.175129,-0.082779,0.175868,0.114350,0.140757,0.097210,0.058476,0.128097,0.226867,0.118817,-0.081519,0.024871,0.186045,-0.052468,0.141616,0.155310,0.058573,-0.089583,0.001769,0.030019,-0.098012,0.040465,0.105170,0.167470,-0.036460,-0.048651,0.248416,-0.129848,-0.009390,0.276597,0.048102,-0.154566,0.210264,0.350928,0.049418,0.064374,-0.124900,-0.045763,-0.109034,0.113356,0.044022,0.063011,0.305306,0.257865,0.002269,0.079971,0.137697,0.243165,0.086423,0.131235,0.168464,-0.007512,-0.057404,0.111148,0.037146,0.236644,-0.009834,0.090450,-0.017892,0.155491,0.182928,-0.002448,0.084957,-0.035545,0.032007,-0.064695,0.201818,0.229199,0.096873,0.180308,0.220035,0.250891,0.100033,0.049282,0.144221,-0.015197,-0.057293,0.142481,0.154290,0.019309,0.189759,0.221733,0.277261,-0.116827,0.165877,0.192376,-0.071235,0.190940,-0.030200,0.038318,0.129104,0.261270,0.149160,0.083711,0.062850,0.134135,0.035434,0.036102,-0.165589,-0.019632,-0.043111,-0.051430,0.156833,-0.105715,0.097147,-0.091813,0.190403,0.204355,0.061218,0.165669,0.084251,0.173190,-0.045459,0.104094,0.032389,0.051889,0.010753,0.354060,0.092841,0.030970,0.030272,0.036201,0.238300,0.081795,-0.024339,0.178491,0.276371,0.114227,0.177315,-0.077147,0.223612,0.071523,0.052860,0.056688,0.032553,0.170680,-0.086109,0.219488,#
12,0.036679,0.131471,-0.063846,-0.128881,0.265456,-0.024021,0.269806,0.196877,0.050195,0.181560,-0.305038,0.251090,1.000000,0.154682,0.310836,0.019505,0.383394,0.226729,0.150095,0.221281,0.184007,0.196282,0.210342,0.191737,0.016588,0.069780,0.013429,-0.040547,0.294637,-0.023381,0.006504,0.092781,0.250398,0.119712,0.141339,0.077863,0.249185,-0.008755,0.117295,0.379093,-0.218063,-0.022893,0.145193,0.366191,0.048507,0.220697,0.189901,0.001852,0.009518,0.075972,0.178116,0.124787,0.083371,0.107772,0.147252,-0.014191,-0.025917,0.148525,0.268513,-0.023912,0.000664,0.307079,-0.110888,-0.029016,0.182020,0.171903,-0.010582,0.092407,0.265066,0.207682,0.237428,0.051376,0.202312,-0.004815,0.296767,0.243695,0.191866,-0.002754,-0.015211,-0.008945,0.100511,0.145365,0.082966,0.136850,-0.009691,0.090673,0.038046,-0.001365,0.324296,-0.019624,-0.012065,0.072235,-0.096306,-0.063744,0.007579,0.372385,0.406374,0.268963,-0.093793,0.006534,-0.044186,0.153430,0.134142,0.305276,0.001497,0.226802,-0.066796,-0.120516,0.193733,0.208707,0.111990,-0.017284,0.142869,0.001206,0.241262,0.078519,0.308548,-0.029582,0.050282,0.062378,0.150109,0.065044,0.148493,0.274512,0.277969,0.052043,0.035267,-0.215986,-0.010236,0.162220,0.039080,0.208728,0.054375,0.137847,-0.006371,-0.078948,-0.004864,0.244322,0.261178,-0.069658,0.147593,0.282051,0.206875,0.056603,0.223274,0.284079,0.194012,0.069294,0.043222,0.309722,-0.003043,0.391466,0.210004,-0.059704,0.203102,0.275954,0.202176,0.078416,0.070263,0.143659,0.165286,0.310031,0.250340,0.037420,0.247870,0.116738,0.129264,0.178465,-0.136796,0.043738,0.154608,0.281201,0.051768,0.231803,0.085286,0.069817,0.018670,0.212573,0.162787,-0.047476,0.078828,0.140691,0.156125,0.125187,-0.141263,0.418924,-0.125624,0.379023,0.050134,0.024489,-0.135004,-0.017729,0.017829,0.137660,-0.004959,0.030175,-0.001560,0.176973,0.122878,-0.124909,#
13,0.158343,-0.169219,0.371466,0.047769,0.154021,-0.116202,0.175254,0.136410,0.125280,0.068693,-0.106014,-0.076681,0.154682,1.000000,0.033400,0.069219,0.221639,0.200072,0.174155,-0.000492,0.137409,0.248252,0.375424,0.330370,-0.047356,0.054477,0.036826,0.188880,0.253864,0.142281,-0.012505,0.093533,0.320250,0.086898,0.086655,0.087369,0.042436,0.139101,0.262039,0.158502,0.088082,0.169961,0.224695,0.059107,0.264429,0.096906,0.004197,0.155891,0.175619,0.196427,0.009997,0.235685,0.220953,0.229371,0.202063,0.222886,-0.020552,0.001141,0.074253,0.057621,0.165883,0.122115,0.057752,0.026765,0.188290,0.095156,0.041374,0.004045,0.289581,0.170418,0.063121,0.135259,-0.164553,0.215457,0.344971,0.265744,-0.040009,0.017306,0.178538,0.290561,-0.073223,0.075278,0.350678,-0.060055,0.054938,-0.004920,-0.036336,0.089894,0.226298,0.172624,0.235360,-0.035291,0.162004,0.068434,0.152494,-0.050157,0.194468,0.057413,0.069082,0.320846,0.145114,0.135417,-0.085521,0.392803,0.012221,0.369606,-0.002892,-0.025020,0.121082,-0.021176,0.221957,0.223751,0.142022,0.134231,0.289770,0.135441,0.036595,0.331772,0.151967,0.226571,-0.064709,0.057865,-0.017075,-0.045456,0.052693,-0.144219,0.025122,-0.072620,0.090487,0.154590,-0.043789,0.164748,0.113185,0.116787,0.346942,0.137021,-0.176224,0.019488,0.309132,0.171584,-0.196512,0.206594,0.244728,0.022784,-0.170133,0.115296,0.334657,0.152034,0.024488,0.205092,-0.154326,0.152185,0.029322,0.052975,0.255704,0.266436,-0.163707,0.024316,0.221663,0.095940,0.161280,0.085609,0.153255,0.155019,-0.054583,0.261164,0.078275,0.075484,0.148412,-0.013646,0.142327,0.157295,0.171352,0.208788,0.321586,0.101192,0.045996,0.361076,0.230833,0.061946,-0.065328,0.144852,0.026750,0.066348,-0.037621,0.124589,0.101230,0.144763,-0.038419,-0.049090,0.169210,0.058885,0.280723,0.198692,0.077463,0.021210,0.108683,0.170794,0.030895,0.015208,#
14,0.148186,0.055398,0.006093,0.039127,0.272186,0.073889,0.040400,0.301125,0.156807,0.264235,-0.036302,0.072733,0.310836,0.033400,1.000000,0.306403,0.199706,-0.062168,0.249237,0.037928,0.192699,0.162443,0.020261,0.165180,0.089194,0.011636,-0.033401,0.006162,0.310199,0.081008,0.086832,0.352061,0.145468,0.217573,0.229320,0.083954,0.128764,0.141884,0.270241,0.125337,-0.214040,-0.130660,0.066137,0.297051,0.245972,0.078203,0.044475,0.036155,-0.123058,-0.000125,0.017616,-0.018361,0.119300,0.222204,0.086938,0.011282,0.047451,0.178518,0.169282,0.099392,0.127587,0.157076,0.128193,0.201747,-0.028781,0.077181,-0.158314,0.221079,-0.026272,0.228149,0.234243,0.263702,0.357150,0.091187,0.266057,0.095308,0.447098,0.136164,0.069926,-0.008807,0.200860,0.325443,0.121010,0.402358,0.138680,0.066084,0.140899,0.381860,0.131532,0.053267,-0.063912,-0.029680,0.094975,0.203839,0.072273,0.136716,0.387105,0.208716,0.263403,0.051215,0.108825,0.219477,0.232698,0.025471,0.169877,0.058577,-0.071707,-0.047959,-0.085319,0.181270,0.160139,-0.004909,0.195836,0.263746,0.161572,0.200853,0.294486,-0.090210,0.131465,-0.005571,0.157072,0.138414,0.315079,0.198998,0.188360,0.065859,0.014925,0.306202,0.148826,0.246703,0.026775,0.088394,0.008521,0.224973,0.214509,0.221329,-0.165385,0.158415,0.099483,0.068105,0.055677,0.057092,0.072848,0.252633,0.032611,0.313405,0.107543,0.087422,0.171790,0.080033,0.111051,0.006935,0.220265,0.077859,0.201853,0.210860,0.142699,0.245881,-0.058138,0.122938,-0.013784,0.006270,0.241776,0.174629,0.058869,0.245510,0.247070,0.063107,0.067782,0.299466,0.139607,0.161736,0.154395,0.265073,-0.023441,0.358234,0.236452,0.208806,0.116576,-0.029220,0.485347,0.285825,-0.079976,-0.142839,-0.084335,0.046304,0.018849,-0.091302,0.007259,0.260325,-0.275772,-0.064854,0.161042,0.358527,0.192358,0.067873,0.152047,0.142478,0.106287,-0.126399,#
15,0.277839,0.024979,0.022781,-0.193260,0.232405,0.331332,-0.079977,-0.102443,0.087871,0.118109,0.145772,0.021543,0.019505,0.069219,0.306403,1.000000,0.008083,0.197143,0.019882,0.198211,0.103425,-0.063985,0.103055,0.197017,-0.134763,-0.012317,-0.131494,0.027581,0.159072,0.306022,0.069826,0.201737,-0.015171,0.136395,-0.028490,0.352704,0.161083,0.028446,0.243097,0.077623,-0.072946,-0.071528,0.031382,0.036299,0.221849,0.023875,0.131202,0.312816,0.078937,0.027140,-0.197980,0.444082,-0.045169,-0.006543,0.150020,-0.065616,0.099759,-0.180214,-0.013694,0.105422,0.288452,0.138279,0.230183,0.188159,-0.096763,0.261071,-0.046919,0.008186,0.083407,-0.174757,0.104749,0.038720,-0.021677,0.065895,0.016582,0.136217,0.112297,0.253265,0.053106,-0.058527,0.250092,0.130796,-0.061425,0.243210,0.071437,0.071634,-0.047496,0.347062,0.003062,-0.220402,0.021849,-0.157954,0.079387,0.017252,-0.029264,0.043362,0.113138,0.010257,0.097041,0.150648,0.148927,0.082722,0.235990,0.142199,-0.025154,0.171407,0.272037,0.112398,0.056405,0.182322,-0.205859,0.166750,0.131919,0.152356,-0.015845,0.026599,0.141174,0.210837,-0.048794,0.014607,-0.054061,-0.014026,0.190320,-0.067263,-0.148674,-0.010404,0.218742,0.101221,0.174654,0.338881,-0.209781,-0.104328,-0.076062,0.212202,0.151053,-0.071138,-0.178443,-0.086479,-0.025908,-0.078951,-0.009066,-0.167307,0.033265,-0.021940,0.056031,-0.081334,0.174696,0.004517,-0.003973,-0.145628,0.135403,-0.050420,0.256241,0.069918,-0.041157,0.147332,0.241574,0.212128,-0.113417,0.212837,0.018790,0.032647,0.345979,-0.074144,0.095356,0.094975,0.126712,0.239222,0.210130,-0.021121,-0.113902,0.146311,-0.099349,0.326786,-0.078765,0.207818,0.146531,0.203173,0.264966,0.079129,0.109430,0.046668,0.120245,0.225622,0.074748,-0.031473,-0.219663,0.189032,-0.115866,0.118276,-0.284941,0.135827,0.165720,0.148681,0.022863,0.243354,0.255817,0.192812,0.116569,0.189070,#
16,0.337313,0.052278,-0.123733,-0.020080,0.193301,0.100185,0.255162,0.182750,0.110995,0.166382,0.065537,-0.086118,0.383394,0.221639,0.199706,0.008083,1.000000,0.128090,-0.011731,0.196118,0.430903,0.266725,-0.043495,0.240342,0.180296,0.167196,0.328187,-0.156873,0.071586,0.199014,-0.030610,0.343210,0.261733,0.277173,0.133777,0.140525,0.127007,-0.002816,0.339619,0.145612,0.017415,0.147840,0.244177,0.067806,0.144601,0.133300,0.006819,-0.004307,0.067164,0.174794,0.027157,0.119525,0.094889,0.279820,0.287120,0.070321,-0.224460,0.208845,0.305329,0.133439,0.097596,0.204122,0.019032,-0.137556,-0.000152,0.159484,-0.156451,0.248546,0.291960,0.192177,0.086715,0.002525,0.251780,0.210268,0.276683,0.209027,0.130434,0.247836,0.117770,0.264279,0.148557,0.031136,0.111937,0.274635,0.073677,0.189196,0.328848,0.150109,0.256681,0.261314,0.151340,-0.065496,0.087254,0.069653,0.169205,0.188028,0.182169,0.210962,0.201754,0.173988,-0.206971,0.116724,0.126641,0.346985,0.067865,0.266245,0.036890,-0.143114,0.267754,0.280558,0.240076,0.175978,0.203717,-0.038846,0.456170,0.326064,0.391153,-0.090845,0.174130,0.049933,0.302364,0.337718,0.203148,0.164524,0.473467,0.295617,0.263004,-0.080834,0.046312,0.098794,0.312873,0.133787,0.106324,0.075949,0.253376,0.142216,-0.111762,-0.073349,0.027410,0.128916,0.039205,0.247521,-0.011192,0.138829,0.188426,0.062103,0.200096,0.062904,0.185631,0.454138,-0.059146,0.231717,0.167640,0.059461,0.134281,0.310581,0.338907,0.155225,0.162074,0.333785,0.133524,0.256419,0.133436,0.084148,0.014748,0.241048,0.299373,0.253771,0.104975,-0.062446,0.158068,0.322315,0.197901,0.010171,0.011238,-0.181416,0.103592,0.372123,0.376636,-0.053268,0.021523,0.202439,0.135778,0.037675,0.142644,0.338869,0.019254,0.264233,0.090613,0.057882,-0.048769,-0.036682,0.130841,0.154208,0.101778,0.138127,0.074538,-0.044579,0.103688,0.209303,#
17,0.212937,0.002948,-0.012621,-0.145367,0.077118,0.185956,0.140868,0.081796,0.017789,0.043198,-0.073153,0.155887,0.226729,0.200072,-0.062168,0.197143,0.128090,1.000000,0.050326,0.147514,0.179155,0.023775,0.180518,0.268785,0.348856,0.245867,0.100789,-0.037522,-0.078788,0.092189,-0.023703,0.033496,-0.141205,0.011418,0.126218,0.285411,0.009843,0.000865,0.345330,0.101151,0.169470,0.231199,0.276741,0.052863,0.103314,0.083577,0.013834,0.417865,0.135563,0.193838,0.087381,0.202904,0.143908,-0.068031,0.105970,0.186987,0.012110,-0.014095,0.257653,0.016250,0.185496,0.140094,-0.157896,-0.004942,0.023860,0.329499,0.046766,0.225931,-0.066491,-0.036056,0.156944,0.023271,-0.121351,-0.022287,0.110285,0.141413,0.041362,0.105488,0.159395,0.074098,0.221296,-0.013802,-0.055240,0.103748,-0.076865,0.168245,0.234657,-0.013403,0.174348,0.014540,0.043694,-0.078195,0.099776,0.130433,-0.021243,0.101573,0.205522,0.100606,-0.249251,0.062423,0.168863,-0.231186,0.111571,0.187615,-0.108197,0.066302,0.096624,0.057429,0.082032,0.203875,0.068697,0.266984,-0.241665,0.176696,0.226240,-0.094633,-0.060296,0.026683,-0.050748,0.111992,0.072557,0.110911,-0.002611,0.033306,0.114559,0.281812,0.320786,-0.231942,0.034435,0.155865,0.296647,0.109206,0.159543,0.048262,-0.085343,0.212364,-0.175753,0.023591,0.298772,0.175774,0.040835,0.234771,0.384092,0.097749,0.154668,-0.056237,0.187297,0.219234,0.052263,-0.102609,0.091238,-0.093591,0.140774,-0.022519,0.125025,0.323555,0.303975,0.057959,0.079956,0.034532,0.121061,0.034300,0.350618,-0.005258,0.099404,0.208677,-0.072900,0.134715,0.068897,0.045838,0.287652,0.028687,0.056501,0.145939,0.087166,-0.104725,0.037991,0.136220,0.253285,0.377311,0.081173,0.226310,0.152630,0.208218,0.179312,0.113773,-0.004318,0.415695,-0.017339,-0.053876,-0.150807,0.020102,-0.017365,0.139087,0.066281,0.344551,-0.107642,0.311740,-0.013767,0.122192,#
18,0.171516,0.097880,0.222929,0.235644,0.317271,-0.147119,0.067585,0.268352,0.129216,0.409806,-0.129302,0.307684,0.150095,0.174155,0.249237,0.019882,-0.011731,0.050326,1.000000,0.335477,0.088170,0.204607,0.260379,0.133281,0.254759,0.016611,-0.062755,0.182797,-0.031739,0.168668,-0.039057,0.053841,0.128704,0.200273,0.161486,0.164780,0.119195,0.151111,0.145452,0.147008,0.028246,-0.160213,0.091936,0.075348,0.338540,0.009336,0.318594,0.157379,-0.192937,-0.097709,-0.057993,0.058780,0.323199,0.165202,0.061861,0.204397,0.052828,0.190816,0.105226,0.208229,0.360767,0.005735,0.143279,-0.092406,0.206703,0.213251,-0.008674,0.168168,-0.145849,0.156557,0.354420,0.027305,0.202246,0.144016,0.271465,0.004657,0.326507,0.087861,0.282949,0.214345,-0.089919,0.056461,0.183013,0.167438,0.320890,0.064227,0.102972,0.205955,-0.006546,-0.069249,0.264252,-0.026076,0.011946,0.002336,0.302579,-0.016517,0.198214,0.137278,0.069179,0.193907,0.247360,0.218598,0.135975,0.091165,0.116972,0.323371,-0.061913,-0.096558,0.135241,0.001073,0.135926,0.079484,0.380608,0.154976,-0.024659,0.033925,0.000697,0.028238,-0.080834,0.112395,0.099711,0.190834,0.263465,-0.037721,0.235617,-0.125259,0.030112,0.142390,0.400807,0.112574,-0.065996,0.226488,0.102930,0.301601,0.200085,0.312210,0.085940,0.150970,0.086226,0.041393,-0.096778,0.267404,0.135298,0.265277,0.078175,0.319910,0.289261,0.066095,0.103843,0.207758,-0.096597,0.293740,0.179339,0.039660,0.042276,0.175843,-0.023481,0.379514,0.166126,0.208117,0.075148,-0.025372,0.172762,0.123161,0.111473,0.375571,0.102486,-0.058008,0.047580,0.123363,0.138151,0.381742,0.316473,0.058731,0.040109,0.103028,0.017906,0.244354,-0.039376,0.253408,0.038377,0.151065,0.003298,0.195468,0.020894,0.174897,0.199202,-0.130329,0.124380,0.103398,0.117001,0.140809,-0.012504,0.319070,0.268765,0.186607,-0.095690,0.177112,0.162087,0.107704,#
19,0.295859,0.131413,0.199378,0.163365,0.419326,0.328123,0.082094,0.163208,0.174490,0.379861,0.091498,0.125161,0.221281,-0.000492,0.037928,0.198211,0.196118,0.147514,0.335477,1.000000,0.053848,0.193580,0.280822,0.299171,0.090203,-0.033377,0.290825,-0.124953,0.044287,0.186455,0.170071,0.110246,0.117598,0.159737,0.031917,0.065828,0.268464,0.009794,0.376952,0.236483,0.137544,-0.063300,0.048962,0.049022,0.174898,0.135668,0.266214,0.231987,0.280157,-0.057005,-0.155714,0.196096,0.035162,0.153806,0.102244,0.012316,0.169273,0.026379,0.209563,0.172105,0.301541,0.297883,0.285919,0.134378,0.301004,0.220134,-0.084785,0.279963,-0.011784,-0.079712,0.294927,0.126006,0.240929,0.146304,0.265389,0.210598,0.110324,0.162843,0.388932,0.130240,0.068122,-0.099984,0.117173,0.132095,0.023490,0.226594,0.073639,0.394875,0.159488,-0.188538,0.210825,0.017772,0.205156,-0.035942,0.134776,0.054471,0.183921,0.138774,0.064618,0.204714,0.297800,0.210341,0.113756,0.176394,0.053628,0.358296,0.268933,0.133114,0.290972,-0.009927,-0.035798,0.187412,0.239820,0.200867,0.097003,0.108627,0.251056,0.034661,0.043065,-0.092467,-0.124484,0.298589,0.301645,0.077463,0.388156,0.160476,0.438454,0.149035,0.275008,0.176151,0.079719,0.161806,0.119063,0.211464,0.225529,0.101121,0.201405,0.038807,-0.035464,0.088263,-0.051563,0.064456,0.060758,0.062169,0.266780,0.090809,0.176535,0.022686,0.193132,0.232572,0.094446,0.244038,0.153824,0.026444,0.014751,0.324919,0.139982,0.413349,0.329435,0.361831,0.220507,0.176304,0.159960,0.005557,0.220485,0.342224,0.006796,0.135722,0.200098,0.092173,0.125781,0.286925,0.278773,0.349654,0.212111,0.173297,0.208488,0.401439,0.071102,0.216379,-0.036598,0.389754,0.107813,0.327685,0.419401,0.125136,0.009938,0.120629,0.237788,0.147888,0.108771,0.187463,0.004940,0.371604,-0.013096,0.454649,-0.032975,0.140268,0.263811,0.133771,#
20,0.067795,-0.179730,0.241330,0.064350,0.361370,0.041517,0.379700,0.081061,0.020658,0.348049,0.000731,0.026521,0.184007,0.137409,0.192699,0.103425,0.430903,0.179155,0.088170,0.053848,1.000000,0.173680,0.080541,0.183709,-0.005103,0.254403,0.208964,-0.223401,0.053494,0.103589,0.061952,0.184579,0.215769,0.357188,0.245458,0.397658,0.283252,0.084528,0.470307,0.194101,-0.066261,0.183448,0.016695,0.071750,0.241064,0.135522,0.190547,-0.135212,-0.097288,0.114766,-0.030986,0.155803,0.207071,0.227859,0.246337,0.085718,0.105742,0.235191,0.267009,0.221183,0.313553,0.032848,0.174441,0.027893,0.277353,0.160547,0.050279,0.039194,0.065731,0.250388,0.392712,0.060059,-0.032556,0.126381,0.334924,0.081220,0.087773,0.098917,0.113806,0.112834,0.103098,0.305835,0.091119,0.144807,0.011450,0.121228,0.162720,0.077873,-0.011081,0.039665,0.229764,0.089200,0.193838,0.133511,0.348259,-0.086701,0.174984,0.252374,0.180113,0.007440,0.103393,0.045658,0.278354,0.077382,0.163679,0.080212,0.193280,-0.001529,-0.024536,0.340681,0.118280,0.124450,0.059063,-0.022492,0.225177,0.049950,0.287806,0.154687,0.038392,0.166798,0.355196,0.162383,0.125790,0.416016,0.153079,0.306317,0.364701,0.035141,0.369048,0.257554,0.370294,0.061439,0.227280,0.294196,0.172245,0.167023,-0.057209,-0.133111,0.221349,0.124171,-0.061752,0.331623,-0.017917,0.119151,0.107183,0.084881,0.116481,0.066691,-0.031865,0.373079,0.196649,0.089570,0.253126,0.260108,-0.000708,0.147785,0.169674,0.027603,0.308562,0.230964,-0.075597,0.163589,0.236171,0.188487,0.140638,-0.053730,0.088145,0.033101,0.259815,0.031979,0.273989,0.186855,0.310919,0.001874,-0.010678,0.095535,-0.103333,0.111288,0.405873,0.136794,0.259067,0.067814,0.096897,0.231830,-0.033672,0.186414,-0.073953,0.261564,0.087645,0.149908,-0.255848,-0.090609,0.118148,0.403871,0.029857,-0.155492,-0.053253,0.084949,0.235370,0.194333,#
