0,1.000000,-0.066569,0.184314,-0.031488,-0.230772,0.071176,-0.005238,0.071123,0.002624,-0.181482,-0.042035,0.050154,0.156935,-0.301025,0.224353,-0.109982,0.044184,0.131282,0.051275,0.033207,-0.033689,-0.129557,0.021753,0.062235,-0.066494,0.039191,-0.012664,0.056301,-0.316278,0.109991,0.025080,-0.060780,-0.173384,-0.228958,0.208646,0.024354,0.082349,-0.065759,-0.025229,-0.006207,-0.007126,-0.149035,0.205038,0.010987,-0.065743,-0.033051,-0.042317,0.155426,-0.117063,-0.069182,-0.196461,-0.105565,0.122716,0.179287,-0.139018,0.057657,-0.124591,-0.243623,-0.164770,-0.150654,0.235202,-0.253892,0.008522,0.138686,-0.214409,0.222610,-0.071193,0.234228,-0.166107,-0.069063,-0.042461,-0.128905,-0.069013,0.030562,0.030299,-0.179965,-0.040681,-0.160241,-0.146010,-0.151925,0.137002,-0.005086,-0.299308,-0.164600,0.032573,0.389002,-0.022529,-0.084752,-0.331889,-0.228528,-0.006759,0.089205,0.102062,0.147854,0.222132,0.120587,-0.204823,-0.097470,-0.044059,-0.067151,-0.094723,-0.071976,-0.212157,-0.114616,0.027873,-0.167189,-0.133823,0.027891,0.152910,-0.022883,0.070770,-0.173114,-0.008847,-0.094438,0.017738,0.021597,-0.256421,-0.213140,-0.064050,0.034584,0.033426,0.431316,-0.016354,0.007767,-0.060529,0.063357,-0.013654,-0.045006,-0.232523,-0.075834,-0.348378,0.041643,0.068675,-0.090384,-0.017508,-0.238969,0.023420,0.012128,-0.059403,0.198240,-0.206584,-0.044430,-0.074385,0.269384,0.247080,-0.121350,-0.153255,0.064860,0.091441,-0.022720,0.030973,-0.297940,-0.034793,0.065541,-0.127434,0.003162,-0.230128,-0.037702,0.178308,0.023622,0.160409,0.122204,-0.236980,-0.169231,-0.234395,0.185761,0.017479,-0.065543,0.124444,0.019035,0.041000,-0.112255,0.040924,0.059754,0.231247,-0.119594,0.102162,-0.076677,-0.090384,0.013335,-0.139159,0.140196,-0.186545,0.148249,-0.033376,-0.058837,0.258843,0.205657,0.096981,0.185657,-0.122525,0.105499,0.154722,-0.048299,-0.208188,-0.134192,-0.120220,0.072360,0.149742,-0.032066,#
1,-0.066569,1.000000,-0.425662,0.120231,0.122471,0.118042,-0.121655,-0.126686,-0.074811,-0.135440,0.084138,0.085854,0.202650,0.150306,0.098068,-0.083614,0.047242,-0.129430,-0.078100,0.179820,0.133296,0.154693,0.317594,0.261525,-0.071843,0.118901,0.221999,-0.192560,-0.218542,-0.351763,0.088037,0.134024,0.000729,0.051882,0.290760,-0.042243,-0.185692,0.060227,0.004936,0.184692,-0.091108,0.083709,-0.148544,0.059264,-0.175948,0.154761,0.143819,0.015340,0.245429,-0.021985,0.137163,0.297328,0.115766,-0.234612,0.026552,0.210804,-0.076083,0.218777,0.196256,0.088655,-0.149647,0.003276,-0.246874,-0.317742,-0.076709,-0.139036,0.026475,0.313905,0.145629,0.202775,-0.058211,0.001564,0.341883,-0.142998,-0.053376,0.192758,-0.077268,-0.006892,0.009821,-0.027141,0.144317,0.151188,0.297789,0.137035,-0.162218,-0.015800,-0.029701,-0.153721,0.024670,0.002843,-0.018149,-0.120030,-0.007907,0.001761,-0.322705,-0.022478,0.163445,0.074198,-0.318974,0.110906,-0.130586,0.274541,-0.046484,0.146917,0.038109,-0.142798,-0.053846,0.200150,-0.105136,-0.262159,0.128716,0.053730,-0.150436,0.124437,0.069219,0.104401,0.345342,0.228095,0.029784,-0.122888,0.368654,0.145375,0.062212,-0.000123,-0.167753,0.015648,0.178415,0.277320,0.151848,0.137196,-0.049581,-0.200703,-0.049689,0.102827,-0.061145,-0.076064,-0.038504,-0.036929,0.253079,-0.134914,-0.105703,-0.115238,0.046360,-0.161204,-0.103111,0.064519,0.059541,-0.055642,0.047990,-0.025474,0.096425,0.153068,-0.048296,-0.007639,0.268021,-0.097860,0.057690,0.187769,0.029543,-0.094449,-0.050798,0.203700,-0.004132,0.025652,0.199937,0.005422,-0.206961,0.237929,-0.001374,0.242322,-0.093800,0.026432,-0.001124,0.209377,0.122476,-0.010920,0.102689,-0.079679,0.022928,-0.012108,-0.014543,-0.135792,-0.018927,-0.332692,0.035966,0.137603,0.029047,-0.287992,-0.032998,0.006188,0.207170,-0.150471,-0.101957,0.106632,0.232574,-0.152934,-0.016908,-0.094696,0.052133,0.121676,#
2,0.184314,-0.425662,1.000000,-0.067445,-0.094830,0.057430,-0.140333,0.193207,-0.027228,0.072586,0.051745,-0.082512,-0.051815,-0.074494,0.097502,-0.127094,0.068571,-0.029427,-0.020724,0.032995,-0.016774,-0.019080,-0.228527,0.113330,-0.055908,-0.157771,-0.019016,0.060417,-0.109257,0.083307,-0.144131,0.042465,0.071112,-0.052384,-0.041795,0.067293,0.300363,-0.079328,0.250514,-0.132522,0.077591,0.158809,-0.034137,-0.092007,-0.002738,0.136923,0.127573,-0.186570,-0.174946,0.111948,-0.083212,-0.178030,-0.015194,0.331957,0.068109,0.146747,-0.099352,-0.055894,-0.352029,0.077864,0.285064,0.101246,0.063738,0.301657,0.044672,0.154458,0.231768,-0.177074,0.069780,0.006195,0.188788,-0.113254,-0.010906,0.108645,0.182621,-0.084706,0.188184,0.074473,0.095502,0.226538,-0.199240,0.043219,0.000034,0.035886,0.165186,0.267706,0.242962,0.238307,0.053673,-0.032291,0.226756,0.252763,-0.003522,-0.392899,0.452542,-0.172041,-0.050494,0.041463,0.254133,0.066268,0.192282,-0.206401,-0.221557,0.088961,0.044191,0.376234,0.069468,-0.138266,0.357795,0.030323,0.138733,-0.087562,0.277207,0.060416,0.077255,-0.134037,-0.121835,-0.207455,0.186274,-0.160999,-0.092764,0.108026,0.003180,-0.084213,0.197828,0.278091,-0.026700,-0.036978,0.063031,0.070342,0.108150,0.097431,0.123431,0.231114,-0.009566,-0.107862,-0.251529,0.053605,-0.220727,-0.055952,0.329325,-0.248910,0.031158,0.029407,-0.042162,0.125156,0.084319,0.037803,0.304991,-0.000177,0.157931,-0.064506,0.087948,0.169430,-0.068822,0.257567,0.025464,0.004739,-0.039545,-0.281168,-0.020334,-0.238835,0.090641,-0.038456,-0.089138,0.073553,0.147734,-0.072044,0.055829,-0.049797,-0.121465,0.038680,0.039168,-0.055195,0.043249,0.035940,0.093256,0.048830,0.034891,-0.064408,-0.225325,0.186822,-0.083818,0.196379,0.039748,0.130189,0.061908,0.193088,0.065623,-0.188016,-0.288840,-0.005170,0.098839,0.128175,-0.130114,0.096646,0.101284,-0.000279,-0.251680,-0.192686,#
3,-0.031488,0.120231,-0.067445,1.000000,0.026394,-0.013617,0.083698,0.113778,0.012164,-0.024253,0.098706,0.089760,0.362235,-0.250192,0.082901,0.065032,0.092905,-0.216033,0.115773,-0.125347,0.095000,0.351870,-0.022811,0.046104,0.143740,0.255525,0.089356,0.066456,0.091227,-0.200919,0.002926,0.180588,-0.018974,0.296122,0.380686,-0.013638,-0.023763,0.107717,-0.088713,0.102986,0.104197,0.088596,0.002298,-0.203387,0.114574,0.246792,0.151672,0.199503,0.254851,0.007084,0.127572,-0.008947,0.172599,-0.010909,0.138901,0.088542,-0.221005,0.107910,0.402966,-0.049023,0.180045,0.197890,-0.132075,-0.019600,0.190564,0.140205,-0.077727,-0.148861,-0.002713,0.290561,-0.023306,0.245554,0.358572,0.189862,-0.010339,0.037051,-0.014580,0.003490,0.096994,0.305829,0.027885,-0.008276,0.053520,0.346562,-0.104271,0.145225,0.039612,0.047269,-0.104284,0.093587,-0.154243,0.072037,0.250419,0.082740,0.172345,0.226606,-0.007089,0.016324,-0.231389,0.127733,-0.150837,-0.102142,-0.263904,0.144561,0.158332,0.205728,0.192442,0.300341,0.052659,0.031508,-0.025583,0.157299,-0.053225,0.107246,0.124153,-0.066461,0.189294,0.059953,0.148101,-0.032910,-0.079379,-0.110822,-0.130155,0.013646,0.054091,-0.058185,0.222851,0.192765,-0.008350,0.144307,-0.070715,-0.045582,-0.155462,0.400727,0.234743,0.131117,0.297632,-0.139959,0.000143,0.016365,0.129362,-0.132176,-0.000077,0.060430,-0.253838,0.177259,-0.018043,0.082257,0.012757,-0.163963,-0.022725,0.007460,0.204620,-0.074801,0.112245,0.025053,0.120175,0.177515,-0.109355,0.172234,0.180264,0.055109,-0.002299,0.328368,0.207577,0.080966,-0.075366,-0.039914,0.092164,0.163896,0.194932,0.173345,0.044364,0.079501,-0.291524,0.240229,-0.073161,-0.084573,0.195679,-0.151462,-0.111106,0.118875,-0.165621,-0.022234,-0.155447,0.030680,-0.089442,-0.123751,0.338231,0.129373,-0.234013,0.027730,0.018612,0.108298,-0.043015,0.063177,0.215648,-0.046798,-0.022721,0.289888,#
4,-0.230772,0.122471,-0.094830,0.026394,1.000000,-0.106347,0.126705,-0.034368,-0.143552,-0.076596,0.214478,-0.041528,-0.151834,-0.139884,0.014842,0.241483,-0.178615,-0.224668,-0.189474,0.009728,0.061602,0.210748,0.154085,0.173433,-0.123416,-0.287407,-0.036940,-0.130463,0.180873,-0.168195,0.250467,-0.153502,0.207267,0.041096,0.004068,0.121345,-0.262606,-0.099530,-0.009778,0.223648,-0.049104,0.174283,0.087687,0.133289,0.164866,-0.221305,0.070222,-0.159442,-0.046155,-0.132667,0.047309,0.253247,0.060914,-0.257342,-0.061312,-0.022533,-0.068239,-0.100176,0.164175,0.006634,-0.059691,0.244110,0.062222,-0.119155,0.243336,0.138490,0.099529,-0.091073,-0.168444,0.108825,0.146444,0.080594,0.110469,-0.144114,-0.171505,0.378082,0.108705,-0.105704,0.252376,0.012240,-0.396715,0.156909,0.201779,-0.233121,0.081030,-0.124615,-0.054568,-0.146436,0.064762,0.231033,-0.191099,-0.055122,-0.176544,-0.119528,0.058312,0.133313,0.157506,0.119328,-0.196444,0.068806,0.075153,0.044913,-0.188703,0.096870,0.069585,-0.089973,0.125039,0.053629,-0.164620,0.071734,-0.044859,0.047021,0.236385,0.253438,0.053496,0.032983,-0.082808,0.349672,-0.286004,0.130273,0.172292,0.020333,0.111259,0.085387,0.000017,0.045392,0.136024,0.019189,0.158897,0.231745,0.232649,-0.022912,-0.239510,-0.031730,-0.051636,0.131304,0.070977,0.051326,-0.053821,0.009987,-0.129238,0.305113,-0.037062,0.027997,-0.091083,0.204912,0.234793,-0.303978,-0.030772,0.059399,-0.124626,0.356162,0.046724,-0.058092,0.083613,-0.162009,0.132063,0.053314,0.251270,-0.012317,-0.203344,0.227315,0.041181,0.209269,0.066997,0.009168,0.068813,0.234147,-0.075154,0.217012,0.024188,-0.078127,-0.062243,0.017771,0.235602,0.097700,-0.262469,-0.003938,0.009304,-0.156164,0.186681,0.068242,0.051446,-0.032184,0.244968,-0.025119,-0.074958,0.031901,-0.202685,-0.206783,-0.074459,-0.093369,-0.048013,0.024498,0.265088,-0.386547,0.051795,-0.110078,-0.037506,0.113608,#
5,0.071176,0.118042,0.057430,-0.013617,-0.106347,1.000000,-0.187335,0.162561,-0.130501,0.032651,-0.014424,-0.086719,0.143728,-0.048622,-0.123479,-0.174270,-0.034853,-0.139112,0.163655,0.148412,0.003000,-0.272680,-0.201941,0.009626,0.057193,0.224641,0.051640,0.256342,-0.328367,0.109690,0.000019,0.146074,0.121264,0.337645,-0.043537,0.106282,0.000489,-0.289016,0.054701,0.063713,-0.107364,0.072575,-0.276603,-0.019906,0.044330,-0.021262,0.002264,0.344456,0.077525,0.072593,0.102725,-0.190762,0.076684,0.135885,-0.059270,0.391638,-0.008128,-0.083519,0.000197,0.143048,-0.378535,-0.200437,-0.024866,0.136049,-0.174513,-0.273240,-0.064193,0.072695,-0.004552,0.182713,0.201701,-0.007544,0.214498,-0.009390,-0.012458,-0.111989,-0.153115,0.119058,-0.025435,-0.012593,0.019280,0.232455,0.183932,-0.044275,-0.229514,0.099704,0.026138,-0.020464,0.127304,0.119210,0.106377,-0.205111,0.045406,-0.081901,-0.145068,-0.380680,0.076411,0.107216,0.156072,-0.274730,0.196098,-0.070491,0.144088,0.016103,0.051573,0.022834,0.143388,0.234626,-0.105745,-0.014722,0.016985,0.089824,-0.124710,-0.112785,-0.063276,-0.139102,0.115726,0.170586,0.079831,-0.221348,-0.066066,0.189537,0.173226,0.213566,-0.000040,0.156704,0.401598,-0.097921,0.063787,-0.170221,-0.125989,0.133874,0.213071,0.285327,-0.085881,-0.206183,-0.270989,0.214004,-0.105440,-0.110425,-0.037899,-0.088949,0.155853,0.049393,0.443450,-0.135996,-0.076473,0.149989,-0.053806,0.315458,0.242149,0.062492,0.231080,0.078708,-0.062348,0.003316,0.125802,0.053762,0.134560,-0.002242,0.015814,0.208635,0.107227,0.062427,0.098226,-0.086398,-0.234452,0.226737,0.044766,-0.138063,0.339664,-0.048424,0.072339,-0.003914,-0.194392,0.116877,0.113213,0.057680,0.146425,0.061250,-0.037529,0.062543,-0.385607,0.030600,-0.137740,0.047657,-0.175983,0.067188,0.330256,0.181672,-0.126974,0.223042,-0.066281,0.360594,-0.012906,0.034469,-0.114268,0.104317,0.105364,0.203380,#
6,-0.005238,-0.121655,-0.140333,0.083698,0.126705,-0.187335,1.000000,-0.123004,0.250069,0.320850,0.097927,0.042662,0.005556,-0.124069,-0.138429,0.387007,0.101877,0.076781,-0.117620,0.040091,0.020995,0.216733,-0.111993,-0.052679,0.259389,0.056853,-0.064899,0.029439,0.182514,0.052338,0.062132,0.145099,0.203848,0.032464,-0.083920,0.176274,0.181381,0.106900,-0.052462,-0.074007,0.114757,0.051985,0.313866,0.212082,0.071379,-0.140062,-0.023541,0.225654,0.175486,0.073268,0.017262,0.043643,0.128984,-0.201462,-0.027212,-0.180059,0.175153,0.045178,0.166220,-0.347190,0.363232,0.086619,0.081673,-0.076866,0.164087,0.173259,0.039904,0.221926,-0.058813,-0.044675,0.142694,0.340549,0.017632,0.012587,-0.162983,0.292254,0.295270,0.029173,0.256415,-0.045463,0.157932,0.040788,-0.173527,0.341876,0.204220,-0.159398,0.133872,0.227687,0.003946,0.197124,-0.036622,0.148950,-0.192896,0.106673,0.127160,0.061134,0.071247,0.138566,0.034795,0.008441,0.130850,0.255278,0.070193,0.061410,0.183450,-0.095925,-0.065406,0.153362,0.142355,-0.203573,-0.029278,-0.081370,-0.065867,0.124611,-0.025021,0.103100,-0.229465,0.019998,-0.096277,0.305269,0.005627,0.067811,-0.102476,0.157069,-0.024621,0.102844,-0.148786,0.022557,0.154216,0.103976,0.079877,0.042615,-0.169390,-0.081806,0.031931,-0.049859,0.171660,-0.027641,0.074934,0.256542,-0.039042,0.168575,-0.263296,0.065479,0.079090,0.224401,0.108788,0.124132,0.140801,-0.056397,-0.207286,0.133582,-0.187265,-0.078427,-0.082179,-0.131714,0.168866,-0.311214,-0.052229,0.219324,0.029482,0.183637,-0.177514,0.028063,0.083864,0.220438,0.196748,-0.190808,0.135522,0.033597,0.083440,0.136733,-0.135112,-0.145979,0.026136,0.241953,-0.067731,0.234446,-0.091808,-0.060384,0.040229,0.311585,0.052591,0.125994,0.081136,-0.036605,0.120092,-0.122364,0.138001,0.013226,-0.089172,0.102495,-0.074658,-0.110091,0.053881,0.176198,0.196456,-0.036573,-0.135435,0.068619,#
7,0.071123,-0.126686,0.193207,0.113778,-0.034368,0.162561,-0.123004,1.000000,0.113683,-0.266014,-0.018721,-0.121756,0.117676,0.008879,0.067482,-0.053446,0.061786,0.092414,0.064413,0.164995,0.172590,-0.029380,-0.003787,-0.160534,0.056841,0.275870,0.015420,0.071421,-0.147624,0.335674,-0.114780,-0.076764,-0.003049,0.004023,0.144701,0.157807,0.053697,0.091033,0.111945,0.027945,-0.048750,0.323334,-0.039798,-0.059759,0.017085,0.114036,0.038055,0.181406,0.262642,-0.090503,-0.117429,-0.059156,0.213466,0.350952,0.217426,0.072745,-0.055296,-0.288679,0.197786,0.357117,-0.189019,0.076219,0.007736,0.244120,0.050649,0.022402,0.194537,-0.107523,0.005453,-0.085648,0.114782,0.063037,0.095504,0.253068,0.154361,0.112850,0.057211,-0.041746,-0.155463,-0.088610,0.283797,0.040307,0.218858,0.153749,-0.081899,0.205375,0.198162,0.031386,0.150529,0.147165,-0.053420,0.125774,0.266691,-0.168637,0.097177,0.075949,0.123106,0.340862,0.187312,0.028421,0.043811,-0.158867,-0.199716,0.053431,0.018775,-0.082951,0.051677,0.250501,0.136825,0.221400,0.352687,0.083399,0.168120,0.202175,0.012114,-0.081679,-0.028046,0.044684,0.243658,0.029172,0.260035,0.082688,-0.002388,-0.007538,0.133027,0.267794,0.036216,-0.025111,0.043475,0.045646,0.149517,0.152556,0.278169,0.062140,-0.023684,0.087420,0.048910,0.269770,-0.130513,-0.033095,-0.086700,-0.175904,0.196587,0.163222,0.139587,0.034332,0.143899,-0.101348,0.066695,-0.205875,0.057302,0.231328,0.091406,-0.236586,-0.121990,0.154180,0.252023,0.062842,0.217871,0.008908,0.107753,-0.045235,0.311513,0.075948,0.057432,0.003613,0.056227,0.017841,-0.291656,-0.086896,0.139635,-0.030963,0.135122,0.097015,-0.005255,-0.002378,-0.060306,-0.132068,0.277582,-0.022553,0.023508,0.096126,0.030629,0.256884,-0.032952,0.116372,0.222909,-0.026468,0.217283,0.280982,0.070107,0.082002,0.049168,0.196383,0.154063,0.140529,0.133346,0.214257,0.159382,0.126764,#
8,0.002624,-0.074811,-0.027228,0.012164,-0.143552,-0.130501,0.250069,0.113683,1.000000,0.136790,0.131538,-0.058929,0.053458,0.169797,0.043303,0.166606,0.010868,0.110932,-0.201205,0.065973,0.230075,0.104034,-0.195499,0.029401,0.308198,0.210515,0.077934,-0.290267,0.112923,-0.102291,-0.029207,0.121912,-0.029713,-0.075927,0.059989,0.282623,0.103198,0.091306,-0.109386,0.033174,-0.030658,-0.050329,0.432239,0.111410,-0.124217,-0.028319,0.017224,0.091449,0.175735,-0.084880,0.330868,0.230329,-0.094309,0.054107,-0.068687,0.134059,0.234170,-0.045925,-0.042124,-0.053682,0.182345,0.065562,0.362873,0.044381,0.227399,0.187255,0.119371,0.104402,0.321136,-0.064572,0.215495,0.205429,0.083036,-0.012716,-0.016703,0.049694,-0.042678,0.018849,0.089688,-0.137337,0.270789,0.164420,-0.126122,0.014931,0.183497,0.115405,0.129429,0.175916,-0.033389,-0.039884,0.178375,-0.047565,-0.092283,0.063242,-0.061391,0.040609,0.231583,0.254529,0.275047,0.355817,0.052729,-0.260830,0.058636,0.273046,-0.072065,0.157039,-0.070388,-0.020828,-0.090915,0.110914,-0.102615,0.090701,-0.041048,-0.014033,-0.180942,0.065405,0.006863,0.117474,0.066280,0.172847,-0.045066,0.059133,-0.080105,0.096797,0.056747,0.108772,-0.126192,-0.065130,0.087054,0.097258,-0.044958,0.160934,0.076056,-0.015845,-0.021530,0.078665,0.068683,0.020952,0.252884,0.137016,-0.078832,-0.098925,0.016251,-0.288095,0.013578,-0.026109,-0.068582,0.346665,0.095408,0.033447,-0.069411,0.207628,-0.227415,0.162318,0.003541,-0.092464,0.098812,0.181774,0.236705,0.078253,-0.031717,-0.236517,0.123104,-0.143230,-0.169758,0.037573,0.089957,0.211675,0.047165,-0.193713,0.114290,0.150992,-0.200596,-0.005307,0.096988,0.148272,0.221455,-0.014915,0.161953,0.118174,0.067252,-0.085560,0.055322,-0.037407,0.068600,-0.018333,0.357602,0.060641,0.171043,0.291321,0.141465,0.198300,0.271339,0.114023,0.080799,-0.183318,-0.256084,0.121743,0.003163,0.285755,#
9,-0.181482,-0.135440,0.072586,-0.024253,-0.076596,0.032651,0.320850,-0.266014,0.136790,1.000000,0.051694,0.015360,0.120589,-0.042056,0.073203,0.274017,0.096716,-0.099581,-0.040112,-0.210886,0.006425,-0.110717,-0.394645,0.133660,0.040174,-0.240135,-0.040324,0.109837,-0.045506,-0.204562,-0.085970,0.310989,0.017223,0.053406,-0.176452,0.109671,0.152584,-0.028069,-0.019620,-0.045547,-0.020785,-0.127598,-0.032948,-0.037235,0.067002,-0.155270,-0.064452,0.069360,0.049994,0.003866,0.169606,-0.018210,-0.118497,-0.121304,-0.074428,-0.099529,0.162906,0.277513,-0.229047,-0.115063,0.140342,0.058603,0.063407,-0.206531,-0.208097,0.073827,0.041281,0.048315,0.180950,-0.044250,0.158502,0.070594,-0.003420,-0.022605,-0.300357,-0.116917,0.250809,-0.026077,0.048877,0.244200,-0.046441,0.221211,-0.037308,0.183919,0.100567,0.019048,0.110894,0.443124,-0.110672,-0.015381,0.096292,-0.087116,-0.126430,-0.124128,0.019333,-0.246863,0.158411,-0.066040,0.042696,0.041046,0.195829,0.122627,0.252944,0.106634,0.044604,0.160883,-0.103080,0.143498,0.242831,0.110108,-0.049159,0.072529,-0.207142,0.069149,-0.074016,0.026098,-0.090944,-0.041983,-0.170576,0.130189,-0.221944,0.054196,-0.082576,0.062538,0.255121,0.186270,0.012487,-0.000249,0.181888,0.045147,0.066213,0.047959,-0.113766,0.024210,0.161160,-0.176659,0.138160,-0.051984,0.041987,-0.104782,0.268519,-0.006203,0.056812,0.164100,0.014178,0.343670,0.106124,0.201320,0.146285,0.200342,-0.093763,-0.030696,0.120204,0.149251,0.107288,-0.058071,-0.084159,-0.069479,0.093022,0.030495,0.112978,0.141787,0.041855,-0.199571,0.105831,0.250715,-0.101130,0.053781,0.251466,-0.049391,0.128713,-0.000048,-0.160336,-0.362120,-0.055353,0.078172,0.251427,0.179105,-0.142609,0.064126,0.201611,0.010080,0.069645,-0.119669,-0.054948,-0.083547,-0.016876,0.023611,0.190519,-0.228642,-0.123224,-0.079228,0.010756,-0.169422,-0.135777,-0.082867,0.215856,0.110368,-0.095347,0.012541,#
10,-0.042035,0.084138,0.051745,0.098706,0.214478,-0.014424,0.097927,-0.018721,0.131538,0.051694,1.000000,0.108440,-0.018841,-0.024382,-0.009753,0.130685,0.301832,-0.104833,0.017570,0.068136,0.106072,0.040677,-0.012989,0.279711,0.056183,0.055213,0.090333,-0.008792,0.000072,0.040509,0.134340,0.044404,0.119184,0.169347,0.088703,0.119109,0.194613,0.076093,-0.014166,-0.023719,0.136225,-0.049943,0.116027,-0.115999,0.053586,0.113987,0.272539,-0.001287,0.088442,0.353084,0.088073,0.308761,0.012263,-0.214499,0.116423,0.395311,-0.003772,0.147396,-0.136645,0.023823,0.136791,0.103915,0.186785,0.158897,0.073560,-0.015649,0.284471,0.095420,0.273338,0.124802,0.510929,0.246026,0.222654,-0.157131,0.127538,0.234997,-0.127037,-0.000877,0.064426,-0.037715,0.108419,0.044305,-0.054444,-0.196304,0.159136,0.071655,0.063067,-0.140626,0.024171,0.407187,0.022723,0.160568,0.218389,-0.251068,-0.079943,0.020566,0.021497,0.316518,-0.046218,0.042928,-0.118832,-0.095460,-0.040735,0.152574,0.126076,0.042291,0.214743,-0.084165,-0.034796,-0.014095,-0.073607,-0.062951,0.290222,0.238652,0.019086,0.063464,-0.017198,0.236509,0.027614,0.004532,-0.005169,0.076721,0.117127,0.167684,-0.014221,0.052722,0.026850,0.018779,0.325026,0.168313,-0.095396,0.106087,-0.095137,0.185093,0.272052,0.343815,0.027424,0.056598,0.164774,0.153269,0.051975,0.130468,-0.063850,-0.068904,-0.057792,0.283872,0.297194,0.250028,0.092013,0.172600,-0.189973,-0.051503,-0.058219,0.183678,0.271688,-0.159068,0.289263,0.075095,-0.018625,-0.122249,0.098901,-0.104477,0.117460,0.073893,0.071495,0.027651,-0.011167,0.052892,0.090519,0.248222,-0.154482,0.112564,-0.156424,0.043450,0.245092,0.145977,-0.053572,-0.049330,-0.067760,0.123682,-0.133112,-0.046150,-0.013783,0.070572,-0.268762,0.164225,0.416982,0.110988,-0.152226,0.064655,-0.018188,-0.073118,0.181554,0.246129,0.155710,-0.076697,0.028853,0.045998,-0.045250,0.231931,#
11,0.050154,0.085854,-0.082512,0.089760,-0.041528,-0.086719,0.042662,-0.121756,-0.058929,0.015360,0.108440,1.000000,0.115220,-0.014199,0.205163,0.043656,0.063229,0.033566,0.400491,0.038194,0.013906,-0.102809,0.206758,0.175562,0.202066,0.099115,0.109784,0.007577,0.048169,-0.046633,0.152405,0.282556,0.138740,0.167306,0.003622,0.163933,0.131166,0.205839,-0.058005,0.006772,0.282601,-0.211270,0.117294,-0.144144,0.108563,-0.224881,0.223697,0.260671,0.105006,0.048344,-0.096991,0.125296,0.319134,-0.098828,0.104770,0.045103,-0.028487,0.382881,0.107045,0.181754,0.029636,-0.081809,0.325854,0.002337,0.031259,-0.020486,-0.111031,-0.092588,0.212187,-0.063255,0.079255,-0.144146,-0.025368,0.026583,0.230750,0.126111,0.056960,-0.014836,-0.202121,-0.221426,-0.135534,0.202309,0.011190,-0.007607,0.399042,0.040013,-0.093112,0.010042,0.065721,-0.098220,0.117315,0.045811,0.065828,-0.079471,-0.116409,0.236818,-0.126593,0.149853,-0.199546,0.138808,-0.168289,-0.048615,0.160615,0.132591,0.064009,0.014296,0.236228,0.067056,0.247748,-0.241311,0.025727,0.328123,0.044952,-0.177058,-0.008051,-0.013205,0.068584,0.000188,-0.044766,0.272127,0.024747,-0.069058,0.064952,0.147533,0.011284,0.167878,0.211266,0.176491,0.092139,0.383802,0.003410,0.068893,0.232476,0.129659,-0.010142,0.054546,0.198414,0.150993,0.260831,0.413504,-0.261637,-0.032744,0.194067,0.090832,-0.027931,0.169025,0.124295,0.138863,0.153431,-0.067729,0.002902,-0.020278,0.061829,0.338895,0.224520,0.017379,0.014593,-0.014380,-0.191175,0.020294,0.318567,0.188829,0.248711,0.032431,0.075272,0.354456,0.268055,0.024310,0.039070,0.291798,0.342992,-0.090500,0.248773,0.268068,-0.003033,0.119838,0.260243,-0.082788,0.048580,-0.025852,0.096231,-0.174028,0.091483,0.014240,0.156965,0.090566,0.275687,0.095741,-0.060999,-0.198152,0.093405,0.067059,0.050753,0.117789,0.017589,-0.123447,0.104680,0.019904,-0.027785,-0.053293,#
12,0.156935,0.202650,-0.051815,0.362235,-0.151834,0.143728,0.005556,0.117676,0.053458,0.120589,-0.018841,0.115220,1.000000,0.069085,0.174204,0.299764,0.046234,-0.012346,0.262244,0.001436,0.168041,-0.032885,0.112058,0.301768,0.150514,0.333624,0.015010,0.082681,-0.167084,0.052584,0.019185,0.251618,-0.006031,0.246672,0.260680,0.051351,0.216384,0.216060,0.075188,-0.051641,-0.152929,-0.024169,0.067090,-0.144486,0.298900,0.221331,0.206048,0.219914,0.313686,0.064675,0.312245,-0.196218,-0.003562,-0.003379,0.056121,0.230669,0.120469,-0.092428,0.151804,0.079464,0.121099,0.038289,0.169859,-0.019410,0.068243,0.110938,-0.069648,0.272879,0.264628,0.140271,0.093325,0.083955,0.092589,-0.025663,0.030793,0.099010,0.019710,-0.066299,0.079919,0.053097,0.123290,0.187327,0.010924,0.125498,-0.073719,0.221648,-0.065473,0.043293,-0.092082,-0.203594,0.133555,-0.070650,0.238143,0.146500,0.040189,0.024135,0.068503,-0.071900,-0.148492,0.074941,-0.199137,0.144538,-0.033000,0.199922,-0.076848,-0.080675,-0.031140,0.259987,0.197666,0.173869,0.088141,0.044786,0.127869,-0.079328,0.214024,0.038385,-0.117131,0.105291,0.111761,0.157066,0.065445,0.453050,-0.038204,0.071410,0.128240,0.243306,0.334965,0.074463,0.037395,0.084715,-0.272787,-0.140221,-0.034996,0.181074,-0.053700,-0.086536,0.070509,0.196567,0.002880,-0.082433,-0.058974,-0.353243,0.023204,0.034170,-0.180725,0.390362,0.080957,0.108660,0.050928,-0.112200,0.273005,-0.156934,0.231475,0.015914,0.301221,0.133368,0.128469,0.086190,0.203845,-0.204072,-0.047464,0.184024,0.195969,0.118289,0.254715,0.011951,-0.080054,0.242507,0.070977,0.140047,0.161666,-0.036982,0.111006,0.052679,0.034514,0.134711,0.219581,-0.048255,-0.109100,-0.023666,0.023683,0.101487,-0.074327,-0.009984,-0.117585,0.053927,0.038930,0.050587,0.392003,0.208030,-0.177967,0.206769,-0.049970,-0.096048,-0.006348,0.112926,-0.025781,0.185675,0.249658,0.102920,#
13,-0.301025,0.150306,-0.074494,-0.250192,-0.139884,-0.048622,-0.124069,0.008879,0.169797,-0.042056,-0.024382,-0.014199,0.069085,1.000000,0.140408,-0.124736,-0.204391,0.181200,-0.071944,0.067125,-0.183706,-0.099631,0.043418,-0.168538,0.109128,0.145641,-0.025217,-0.203308,0.111062,0.194724,-0.058959,-0.081943,0.014561,0.017325,-0.169406,0.033685,-0.085130,0.083377,-0.170000,0.096438,0.029854,-0.012923,0.107462,-0.112194,-0.169086,0.094514,-0.046034,0.111662,0.097106,0.275872,0.036768,-0.102958,0.058932,-0.176953,0.171992,0.138540,0.161193,0.191057,-0.077756,0.026240,-0.176815,-0.138879,0.046863,-0.131084,0.154533,-0.055515,0.026145,0.202609,0.354360,0.032163,-0.051225,-0.044455,0.157326,-0.142894,-0.021739,-0.024557,-0.063796,0.100821,0.171701,-0.143448,-0.090748,0.078956,0.079051,0.080968,-0.075398,0.147559,-0.017753,-0.029788,0.027205,-0.078591,-0.023231,-0.133930,-0.058963,0.021801,-0.111135,-0.056545,0.089810,0.046166,0.015235,-0.019337,-0.042100,0.001905,0.228917,-0.161482,-0.032824,0.117533,-0.083929,0.007652,-0.149269,-0.032685,0.011721,-0.084566,-0.009506,0.071350,0.003876,-0.198067,-0.117988,-0.067030,0.242735,-0.125728,0.086642,-0.071367,0.054709,-0.410338,-0.160016,0.036338,0.094190,0.092304,0.096353,-0.004676,-0.010530,-0.282880,-0.020138,0.071485,-0.082610,-0.103796,-0.106214,0.098434,0.305526,-0.020801,0.029768,-0.164608,0.059067,-0.418172,-0.244788,0.081905,0.022945,0.015515,-0.056358,-0.323948,0.151584,0.161327,-0.061706,-0.118512,0.164100,-0.199067,0.093739,-0.222000,0.008836,-0.135088,-0.097282,-0.161306,0.155607,-0.117890,0.044844,-0.067823,0.104428,0.048467,0.028158,-0.034934,0.029223,0.027701,0.010736,0.071465,0.083245,0.119928,0.066530,-0.144481,-0.109773,0.144187,-0.114718,-0.185339,0.250760,-0.137410,-0.086264,0.046501,-0.070852,-0.087762,-0.069903,0.016898,0.266334,0.020944,0.102648,-0.038263,0.036183,0.053418,-0.173059,0.090128,-0.010098,-0.190230,#
14,0.224353,0.098068,0.097502,0.082901,0.014842,-0.123479,-0.138429,0.067482,0.043303,0.073203,-0.009753,0.205163,0.174204,0.140408,1.000000,0.007820,-0.049888,-0.014605,-0.078444,0.064185,-0.032660,0.053310,0.113809,0.285423,0.140901,0.036035,0.140064,-0.256436,-0.088222,-0.039120,0.182802,-0.155744,-0.189323,-0.164224,0.185354,0.259595,-0.161198,0.058545,0.108578,-0.029805,0.029819,-0.125431,-0.048893,-0.075346,0.048152,0.090974,-0.069616,0.042014,0.057709,-0.156893,-0.182137,0.262535,0.134694,0.033196,0.113675,0.019464,-0.263129,-0.106915,-0.088656,-0.083904,-0.051547,0.120177,0.166222,0.129974,-0.052183,0.064653,-0.062858,-0.042198,0.170958,-0.068458,-0.034389,-0.167959,0.144262,0.260592,-0.043917,-0.127397,-0.095773,0.033618,0.034142,0.079022,-0.132197,0.066252,0.059716,-0.062356,0.111588,0.101531,-0.160021,-0.040154,-0.094914,-0.352877,0.003789,-0.159994,0.160819,0.143547,0.083851,0.070885,-0.131187,0.097024,-0.166835,0.167747,0.060152,-0.110843,0.010823,0.004971,-0.011437,-0.033631,-0.010935,0.010879,0.165570,0.173645,-0.001728,0.191816,-0.096298,0.101771,-0.222438,-0.050756,-0.069199,-0.254134,0.108389,0.006651,0.142578,0.097316,-0.009362,-0.072485,0.092956,0.214804,0.292980,0.091655,-0.180748,0.044587,-0.091165,0.205074,-0.057252,-0.043108,0.000684,0.026338,0.266318,0.223566,0.071423,-0.046196,-0.027552,-0.050313,0.009974,0.132313,-0.223047,0.242675,0.071977,-0.084350,-0.024076,-0.049010,0.203425,0.154836,0.219483,0.282879,0.177515,0.032856,-0.000143,-0.038845,-0.093202,-0.201584,-0.021158,0.032705,0.094127,-0.235011,0.332663,0.218159,-0.057147,-0.075276,-0.007032,0.124180,0.047066,-0.262735,0.092627,-0.042735,0.317250,0.086343,0.124945,-0.281158,0.028625,0.018091,-0.022130,-0.112211,-0.088145,-0.040321,0.111665,0.089995,0.138834,0.064050,0.109597,-0.174300,-0.054850,-0.084960,0.206939,0.117642,-0.055037,-0.373170,0.018549,0.129413,-0.001630,-0.146756,#
15,-0.109982,-0.083614,-0.127094,0.065032,0.241483,-0.174270,0.387007,-0.053446,0.166606,0.274017,0.130685,0.043656,0.299764,-0.124736,0.007820,1.000000,-0.064794,0.097364,-0.058181,-0.081594,0.016481,0.234364,0.185300,0.100412,0.140129,0.025706,-0.209007,-0.008915,0.158819,-0.109381,0.205812,0.174295,0.260621,0.303484,-0.057126,0.168995,0.066936,0.301641,-0.118481,-0.130907,-0.116589,-0.166406,0.149852,0.183271,0.239790,0.079553,-0.006052,-0.186887,0.114396,0.126200,0.192827,0.125197,-0.168056,0.075368,0.070145,0.089722,0.160318,-0.002073,0.133471,-0.028994,0.170904,0.241845,0.245669,0.036656,0.078044,0.064091,0.055391,0.122574,0.137646,-0.006600,0.181482,0.037927,-0.138191,0.090314,0.048296,0.334501,0.206592,-0.085713,0.222949,-0.060711,-0.049855,0.010896,-0.030181,0.078702,0.085750,-0.179976,-0.149325,0.097976,0.104564,-0.091840,-0.041872,0.155105,0.223916,0.190766,-0.046369,0.154193,0.058728,0.218352,0.046343,0.152613,-0.098156,0.083976,0.087334,0.268816,0.095881,-0.090306,-0.163276,0.053948,0.026488,0.124935,-0.000244,-0.028866,0.128522,0.143920,0.063457,-0.164813,-0.222435,0.003400,-0.142157,0.526646,-0.009971,0.213690,0.007062,0.220370,0.030265,0.201055,0.040051,-0.066001,0.026077,0.275721,0.131042,-0.086704,-0.101441,-0.098638,0.008811,0.210379,0.198609,-0.030930,-0.185938,0.180362,-0.091284,0.019469,-0.032177,0.099240,0.028573,0.305358,-0.120796,0.127264,0.055476,0.024928,0.148847,0.280856,-0.051754,0.110124,0.038603,-0.058335,0.175029,0.041270,0.145243,0.145387,-0.097634,0.076391,0.139961,0.125390,-0.017198,-0.070457,-0.048353,-0.110904,0.063001,0.191936,0.035715,-0.060356,-0.282521,0.052479,-0.085812,0.397046,0.178205,-0.041864,0.008708,0.131524,0.218069,0.155829,0.009115,0.159473,0.195929,-0.052219,-0.040461,0.008757,-0.090651,-0.058335,-0.119628,0.144979,-0.035949,-0.131505,-0.130608,-0.040854,0.162239,-0.207452,0.079322,0.115102,#
16,0.044184,0.047242,0.068571,0.092905,-0.178615,-0.034853,0.101877,0.061786,0.010868,0.096716,0.301832,0.063229,0.046234,-0.204391,-0.049888,-0.064794,1.000000,0.051486,0.175247,0.214857,0.384796,-0.126227,-0.073827,0.136332,0.224093,0.131512,0.143033,0.025451,-0.178912,0.010505,-0.065490,0.070510,-0.133856,-0.061651,0.212007,0.131994,0.339603,0.301936,0.051663,0.064719,0.070134,0.021254,0.053085,0.079647,0.172262,0.052870,0.067626,0.012030,0.072561,0.131300,-0.141071,0.143986,0.068797,-0.067577,0.009600,0.081758,-0.128284,0.103653,-0.021611,-0.188526,0.361319,0.214669,0.053572,-0.152532,-0.181556,0.034293,0.306103,-0.133793,0.112414,-0.008202,0.206361,0.016385,0.087425,-0.090293,-0.017936,-0.007746,-0.052256,0.033610,-0.279315,0.054688,0.417657,0.147459,0.062867,0.211192,0.031584,0.127785,0.162265,-0.106565,-0.117438,0.125042,-0.165832,0.127144,0.081003,-0.323151,0.119778,0.073706,0.056006,0.315871,0.165113,0.178053,0.145272,0.176958,-0.043314,0.289170,0.055141,0.078887,0.136093,-0.054149,0.266384,0.015702,0.062370,0.050209,0.003015,0.001101,0.190247,0.242354,0.319014,0.160072,0.072815,-0.213728,0.059575,-0.167957,0.049055,0.125398,0.220627,-0.042603,-0.176968,-0.142472,0.243069,0.026701,0.242655,0.033960,-0.145900,-0.017104,0.015836,0.248278,0.158954,-0.056317,-0.064097,-0.065855,0.024460,0.046600,0.144688,0.002883,-0.204757,0.146302,0.259845,0.164816,0.203908,-0.003406,-0.264504,0.003709,-0.232815,0.060599,0.393665,-0.088452,0.136437,0.122449,-0.054054,-0.009355,0.240932,-0.076148,0.057171,-0.109574,0.187486,0.040025,0.011490,0.033670,0.009585,0.092995,-0.077862,0.158869,0.166900,0.096677,-0.039766,0.194946,0.118292,0.447642,0.096306,0.105433,-0.004994,-0.134507,0.053063,0.124237,-0.350125,-0.086448,0.096706,-0.023589,0.216339,0.063450,-0.015188,-0.006336,0.104446,-0.012239,0.285083,0.099213,0.293005,0.155289,-0.067688,0.149419,#
17,0.131282,-0.129430,-0.029427,-0.216033,-0.224668,-0.139112,0.076781,0.092414,0.110932,-0.099581,-0.104833,0.033566,-0.012346,0.181200,-0.014605,0.097364,0.051486,1.000000,0.089046,0.103778,-0.043554,0.022428,0.129273,-0.338891,0.069499,0.274665,0.011140,-0.012563,-0.132225,0.060775,-0.013916,0.085167,0.021778,-0.075970,-0.133480,0.042852,0.138737,0.080265,-0.021319,0.208336,-0.071899,0.091284,0.056473,-0.002830,0.062704,0.121539,-0.128608,0.135964,-0.068529,0.038541,0.004019,-0.069814,-0.013317,0.083874,0.001354,-0.138062,0.167933,-0.077049,-0.174988,0.089768,-0.213343,0.014887,0.267525,-0.073639,0.036943,-0.085645,0.273634,0.161684,-0.121289,-0.173368,-0.041928,-0.176768,-0.306602,0.148977,0.289800,-0.202321,0.009582,-0.048402,0.056663,-0.057679,0.073891,0.066767,0.003639,0.055826,-0.095861,0.061440,0.011335,0.172066,0.000855,-0.222803,-0.165679,-0.114114,0.114802,0.115798,0.151020,-0.033104,-0.091073,0.065841,0.172137,-0.147076,-0.041968,-0.144706,0.014172,-0.127390,-0.067874,0.163876,-0.370391,-0.267436,0.056622,0.171650,0.230763,-0.111393,0.110542,-0.145701,0.188905,-0.189625,-0.172461,-0.080291,0.194024,0.217538,0.083422,0.156101,0.211113,-0.312146,-0.135948,-0.125300,-0.181907,-0.077892,0.044986,-0.107522,-0.036909,-0.080821,0.117254,-0.075905,0.016842,0.140237,0.239004,0.067762,-0.096873,0.232400,-0.037490,-0.045552,0.099545,0.016956,0.081288,-0.072500,-0.113478,-0.096249,0.193972,0.032579,-0.030908,0.116577,-0.018382,0.133075,-0.047910,-0.057773,0.175128,-0.076145,0.005918,0.007019,0.012878,-0.013200,0.156965,-0.252846,-0.105448,-0.201937,-0.160348,-0.216985,0.048897,-0.078033,-0.091888,-0.028621,0.228864,-0.052780,0.101631,-0.196133,0.098745,-0.026645,-0.019743,0.206314,0.020751,-0.027624,0.011127,0.423545,-0.154700,-0.068163,0.039861,0.075735,-0.193976,0.005671,0.251631,-0.071136,-0.106542,-0.014527,0.067057,0.063203,0.044043,-0.022588,0.210214,-0.323064,#
18,0.051275,-0.078100,-0.020724,0.115773,-0.189474,0.163655,-0.117620,0.064413,-0.201205,-0.040112,0.017570,0.400491,0.262244,-0.071944,-0.078444,-0.058181,0.175247,0.089046,1.000000,0.020008,-0.070335,-0.014067,0.118841,-0.109714,-0.027376,0.330136,0.063846,0.043910,-0.018232,0.235228,-0.321550,0.286845,0.135975,0.255088,0.004443,0.140641,0.112274,0.119601,-0.010718,0.157110,-0.057262,0.164715,0.101428,-0.142156,0.121372,-0.068356,0.019420,0.187672,0.112180,0.107707,-0.075749,-0.059725,0.122697,-0.233084,-0.007799,0.044375,0.054527,-0.175446,-0.103053,0.200012,-0.012756,-0.017925,0.172237,-0.037041,0.051337,-0.168715,0.015949,-0.279916,-0.214607,-0.089650,-0.008744,-0.202926,0.066417,-0.118911,0.410375,0.030296,0.033256,-0.111819,-0.463797,0.032964,0.040356,0.074312,0.124475,-0.108355,0.063873,0.117646,-0.188394,-0.046400,-0.024137,-0.173650,0.162305,-0.056258,0.118139,-0.099577,-0.168126,0.035822,0.142494,0.138733,-0.070037,0.080587,-0.194632,-0.049255,0.048271,0.038350,-0.070842,-0.043161,0.145502,0.117546,0.078856,0.156827,0.264322,-0.020081,-0.009026,-0.081238,-0.033697,0.076158,0.054325,0.203925,0.182754,0.083929,0.081532,-0.012868,-0.033491,0.180463,0.341098,-0.145494,0.312098,-0.042689,0.213020,0.025733,-0.084963,0.136730,0.223210,0.119424,0.013008,0.044265,0.156672,0.093416,-0.230740,0.119977,-0.123699,-0.043092,0.088458,0.236927,0.050224,-0.011864,-0.013500,0.191318,0.294331,-0.135041,0.091857,-0.329599,0.287031,0.021077,0.242456,0.142554,0.178194,0.149701,-0.157771,0.050601,0.216594,0.205102,0.356841,0.074109,-0.128021,-0.224340,0.345696,0.062033,-0.005853,0.050802,0.035851,-0.107412,0.225525,0.303842,-0.055301,-0.047414,0.080961,0.028902,0.059157,0.083939,-0.091906,0.137803,0.052451,0.009147,-0.165010,0.139316,0.125991,0.028638,-0.023477,0.178903,0.066385,0.176437,-0.032722,0.207698,-0.063270,0.022379,-0.059509,0.276774,-0.026634,0.045287,#
19,0.033207,0.179820,0.032995,-0.125347,0.009728,0.148412,0.040091,0.164995,0.065973,-0.210886,0.068136,0.038194,0.001436,0.067125,0.064185,-0.081594,0.214857,0.103778,0.020008,1.000000,0.173327,-0.156348,0.039288,0.203875,0.210652,0.097207,-0.067715,-0.282239,-0.438775,0.229507,0.162809,0.090757,0.220013,-0.032879,0.133707,0.177504,-0.000408,0.124248,0.077117,0.062365,0.199016,0.209624,0.118425,-0.095358,0.075440,0.226873,0.089564,0.099585,0.161779,0.188320,-0.100263,0.109255,0.007939,0.035907,0.050081,0.094549,0.079537,-0.152149,-0.136513,0.007178,0.013793,-0.029463,0.297710,-0.024981,0.023650,-0.028234,0.159066,0.099301,0.091826,-0.222446,0.138108,0.096853,0.115567,-0.071798,-0.033601,0.267115,-0.159207,0.049940,0.119424,-0.146580,0.166857,-0.022046,0.121608,-0.056874,-0.003514,-0.004732,0.047882,0.007566,0.236611,0.037655,-0.221195,0.052867,-0.104769,0.141416,0.020644,-0.062721,0.111442,0.396570,0.108332,0.036757,0.048920,-0.046625,-0.033518,0.075214,0.148347,-0.065522,0.243191,-0.243407,0.149439,-0.160281,0.179123,0.021033,-0.008743,0.134634,0.046149,0.232859,0.225826,0.040411,0.292389,-0.199150,0.411478,0.006982,-0.003399,0.158587,0.214957,0.243847,0.032854,0.131863,0.201403,0.186634,0.037560,0.156215,0.057793,0.031360,-0.052370,0.253710,0.040342,0.153900,0.099221,0.012725,0.107229,0.291696,0.087836,-0.001711,-0.008621,-0.064350,-0.082126,-0.035085,0.176911,0.126380,0.064862,0.057513,0.110866,0.152672,0.274176,-0.010890,0.172571,0.004322,0.265177,0.069933,-0.045047,0.214961,0.187005,0.130019,0.062887,0.026476,-0.068922,0.228891,-0.062289,-0.041826,-0.214776,-0.012248,0.136058,0.326771,0.232737,-0.039658,0.211874,0.100678,0.009023,-0.083469,-0.055081,0.277815,0.196246,0.159814,0.041361,-0.009244,-0.020450,-0.094254,0.057789,0.088784,0.122306,0.063004,-0.060051,0.234502,0.354229,-0.058974,0.166314,-0.039473,-0.046043,0.030203,#
20,-0.033689,0.133296,-0.016774,0.095000,0.061602,0.003000,0.020995,0.172590,0.230075,0.006425,0.106072,0.013906,0.168041,-0.183706,-0.032660,0.016481,0.384796,-0.043554,-0.070335,0.173327,1.000000,-0.023435,0.007193,0.258295,0.278821,0.105599,0.097162,-0.062764,-0.052519,-0.172025,0.105337,0.254108,0.043790,0.212143,0.074399,-0.032497,0.175394,0.097633,0.129180,0.069412,0.120867,0.106412,0.098675,0.090663,0.074754,-0.060727,0.171501,0.151052,0.019453,-0.246434,0.132591,0.241787,0.054337,-0.119624,0.117115,-0.091397,-0.295940,0.027500,-0.072845,-0.025066,0.181564,0.013403,0.231235,-0.168503,-0.042676,0.093749,0.169998,-0.056496,-0.002328,-0.024536,-0.018243,-0.019106,0.003421,-0.105500,-0.161285,-0.132524,-0.166143,-0.098493,0.098833,0.190164,0.295515,0.186408,0.013166,0.169321,-0.139465,-0.117434,-0.036813,0.105268,0.180099,0.288115,0.046384,-0.112018,0.196431,0.046680,0.013424,0.205613,0.166759,0.108073,0.148381,0.137537,0.187252,0.051531,-0.224008,0.252909,-0.039046,0.027620,0.298551,-0.062529,0.052027,0.149352,0.023513,0.164891,-0.119478,-0.154569,0.340961,0.274753,0.170186,0.191140,-0.054668,-0.016104,0.278155,0.106715,0.047632,0.080736,-0.086775,-0.011661,-0.183260,-0.070957,0.144254,0.233687,0.170864,0.019654,0.228335,-0.035248,-0.075793,0.219983,0.062519,0.129061,0.109660,0.120576,-0.007505,-0.233394,0.287522,-0.095353,0.028242,-0.013443,0.252372,0.171328,-0.149424,0.085839,-0.028894,0.244331,-0.168599,0.019495,0.099845,-0.152361,-0.120367,0.239615,0.201404,-0.153917,-0.060505,-0.011953,0.015195,-0.082615,0.268438,0.048283,-0.090987,0.169687,-0.278512,-0.088037,0.054025,0.089962,0.045363,0.076505,-0.021099,-0.020429,0.054003,0.183088,0.029355,-0.055441,-0.014888,-0.238960,-0.070270,-0.146931,-0.075373,0.061228,0.187259,-0.023032,0.182951,0.149780,-0.017326,0.234670,0.395776,-0.013157,0.255501,-0.078991,0.047756,0.211334,0.141450,0.168073,#
