0,1.000000,-0.052216,0.140045,0.064825,0.168595,-0.040737,0.102618,-0.065122,0.238783,0.185963,0.217434,0.070827,0.042710,-0.072231,0.256585,-0.225555,0.051460,0.293886,0.164011,0.335618,0.170298,0.214013,0.064607,0.228703,0.114340,0.002883,-0.004190,-0.005437,0.352718,0.342682,-0.024637,0.010157,0.119105,0.022388,-0.209676,0.112680,0.093868,0.109074,0.186136,0.183285,0.072603,-0.019609,0.066976,0.160836,-0.158571,0.045827,0.110988,0.140068,0.160029,0.100698,0.212415,-0.126886,-0.074047,0.104850,0.203169,0.173403,0.166011,0.184889,-0.059023,0.066954,0.287791,0.048291,-0.015854,0.094803,0.133985,0.048727,0.131814,0.028656,0.121912,0.057716,0.069515,0.046445,0.288017,0.038125,-0.086304,-0.130242,0.122007,0.046639,-0.047222,-0.111704,0.244228,-0.080313,0.017248,0.103378,0.334892,0.117451,-0.049765,0.076324,0.144694,-0.059554,0.006887,-0.138745,-0.136084,0.125947,0.276954,-0.019914,0.381782,-0.001407,0.255329,0.352779,0.147206,0.172922,0.022448,0.188501,0.151647,0.122345,0.084374,0.043874,-0.102685,-0.357576,-0.100916,0.066278,0.121545,0.303707,-0.198152,-0.042499,0.124220,0.254536,0.067380,0.022266,0.367097,0.131988,-0.054343,0.014169,0.044123,0.256004,-0.023793,-0.051030,-0.100545,0.165540,0.266349,-0.030609,0.343149,-0.020273,0.036046,-0.150057,0.414312,-0.091943,0.178311,0.386012,0.253053,0.065264,0.051916,0.193396,0.024823,0.070624,0.032163,0.056243,0.278090,0.040727,-0.011810,-0.050565,0.307313,0.091412,0.094210,-0.106026,-0.070433,-0.023080,0.236753,0.214442,0.144617,0.311424,0.070623,0.058595,0.014100,-0.128377,0.217656,0.256592,-0.032781,0.021277,0.462055,-0.167064,0.256660,0.108526,-0.075358,0.184012,0.306900,0.183986,0.102870,0.083210,0.018542,0.359646,-0.096807,-0.091787,0.169198,0.071337,0.351836,0.273081,0.100187,0.008484,0.234293,-0.000509,0.207132,0.063692,0.310313,-0.086308,0.042757,-0.081747,0.396777,0.162695,#
1,-0.052216,1.000000,0.068023,0.022078,0.220737,0.091713,0.153738,0.017016,0.124555,-0.082832,0.334587,0.116164,0.135614,0.165966,-0.015459,0.014836,0.167714,0.085093,0.039372,0.093739,-0.007415,0.089324,0.044194,0.310474,0.213300,0.228242,0.050179,0.019758,0.089929,0.010861,0.279165,0.151380,0.151809,0.255408,-0.001250,-0.146753,-0.034234,-0.010866,0.250652,0.125320,-0.017354,-0.030384,0.434306,0.123046,0.250498,0.253312,0.290785,0.237738,0.056163,-0.073453,0.148163,0.243372,0.226189,-0.088210,-0.127005,0.083338,0.188560,0.106551,0.316950,0.040456,0.096572,0.153354,0.116284,-0.041205,0.254456,0.185792,-0.053315,0.205277,0.196003,0.153341,0.023570,-0.012566,0.289900,0.105542,0.172724,-0.035747,0.039372,0.188480,0.228501,-0.024052,0.127741,0.329156,0.113070,0.310606,0.109263,-0.021470,0.209519,0.049100,0.000390,0.348387,0.153447,0.225332,0.003763,0.137000,-0.002789,0.196816,0.092054,-0.112636,0.198820,0.058744,0.044077,-0.254992,-0.076153,0.181551,-0.046937,0.139637,0.286979,0.297610,-0.041147,-0.013927,0.300882,0.234928,0.103292,-0.021028,0.195851,0.215056,0.024537,0.229423,0.125766,0.136109,0.102919,0.012025,0.226907,-0.003894,0.216472,0.050679,-0.048243,-0.068470,0.078219,0.082503,0.128562,0.048547,0.102513,0.112653,0.393365,0.486356,0.164428,0.274853,0.060246,0.342157,-0.032097,0.043147,0.203453,-0.125761,-0.015257,0.144071,0.102228,0.171032,0.415546,0.167235,0.026318,0.101157,0.018042,-0.120744,0.320033,0.045336,0.131581,0.084336,0.200397,0.128587,-0.190133,0.249687,0.093727,0.147600,0.212540,0.252145,0.191854,0.306908,0.240810,0.170769,-0.036888,-0.042875,0.163906,0.005284,0.140622,0.099611,-0.210088,0.262512,0.169915,0.037813,0.098887,0.172890,0.233014,0.051520,0.175810,0.028803,0.001063,0.051031,0.082282,0.191685,0.211281,-0.013849,0.074716,0.019273,0.070354,0.234773,-0.101118,0.192010,0.051977,0.076490,#
2,0.140045,0.068023,1.000000,0.293155,-0.006418,-0.130034,0.188756,0.279717,-0.003850,0.042245,0.190761,0.202721,-0.066964,0.233041,-0.011518,0.022976,-0.047128,-0.038541,-0.050763,0.047896,0.052562,0.299642,0.142641,-0.070897,0.143855,0.128081,0.096620,0.035501,0.231529,0.379442,-0.002186,-0.095559,0.108044,0.301705,-0.154432,0.145953,0.010819,0.098055,-0.107592,0.115634,0.199784,0.076982,0.155959,-0.036776,-0.283102,0.251920,0.045729,0.216004,-0.160348,0.055534,0.272421,0.153333,0.169318,0.014981,-0.126667,0.176316,-0.076143,-0.026186,-0.015251,0.244158,-0.190124,0.077275,0.157675,0.167500,0.150879,0.154719,-0.152196,-0.248414,0.066632,0.337054,0.096287,-0.291248,0.118317,0.086689,0.074352,0.103137,0.120312,-0.122524,0.057971,-0.000072,0.362483,0.004241,-0.079823,0.059931,0.032593,-0.028085,0.275595,0.066804,-0.227008,0.138372,-0.046144,0.131440,0.168949,-0.122216,-0.017010,0.018076,-0.029095,-0.232086,0.182089,0.129515,0.248022,-0.095437,-0.006909,-0.020514,0.050232,0.022643,0.075864,0.066255,0.011044,0.160511,-0.118593,0.111826,0.052665,-0.017835,0.067346,0.149849,-0.013924,0.237611,-0.084429,-0.123303,0.103868,0.163521,-0.135774,-0.096684,0.011685,0.047182,0.138202,0.116108,-0.109301,0.063102,0.262418,-0.072976,-0.113353,-0.035970,0.208090,0.212380,0.145983,0.140336,-0.133178,0.064098,-0.195088,-0.031941,0.195205,0.159789,0.018448,0.273966,0.193150,-0.001471,0.220921,0.015796,-0.127106,0.400523,0.104438,-0.083276,0.070387,-0.099252,-0.126645,-0.027403,0.165517,0.027630,0.124126,0.263924,0.124670,0.278540,0.021711,0.067146,-0.003207,0.277306,-0.115869,0.015576,0.074763,0.044345,0.094182,0.008272,0.130178,-0.112214,0.098056,0.072484,0.063216,0.186119,0.210438,-0.076245,-0.016556,0.263282,-0.058963,-0.017193,0.022988,0.035640,0.041648,-0.005511,-0.112988,-0.016668,0.327869,-0.111732,0.045384,-0.180272,-0.056385,-0.104678,0.211909,0.073964,#
3,0.064825,0.022078,0.293155,1.000000,0.232127,0.033230,0.279082,0.120308,0.045671,0.049951,0.143355,0.428268,0.012201,0.212044,-0.128028,0.081197,0.144938,0.109651,0.046159,-0.106375,0.074515,0.253255,-0.033370,0.212953,0.158077,0.000609,-0.049615,0.052593,0.155468,0.185451,0.268163,0.183038,0.297520,0.165686,-0.129905,0.144650,0.483053,0.287186,0.143597,-0.017547,0.187709,0.191734,0.107994,0.409753,0.004803,0.039657,0.140533,0.122669,-0.037612,0.160764,0.185503,0.053130,0.113625,-0.037292,-0.091010,0.281432,0.167520,0.246944,0.091903,0.194628,0.024885,-0.024425,0.298420,0.213299,0.208612,0.146427,0.219168,0.264794,-0.094064,0.108189,0.208084,-0.163987,0.274846,0.147206,0.267938,0.390304,0.314925,-0.081034,0.264527,0.232979,0.207640,0.184162,-0.109649,0.035031,0.204124,0.235738,0.391731,0.223786,0.010878,0.277939,0.183429,0.107098,0.161923,0.272031,0.040138,0.325003,0.294811,0.150147,0.175935,0.337004,0.272082,-0.055302,0.158959,0.227984,0.139840,0.177717,0.148700,0.007739,0.153712,0.099497,-0.019267,0.157103,0.238344,0.049938,-0.152593,0.083070,0.345589,-0.050846,0.035623,0.019508,0.218864,0.116994,0.158608,0.274599,0.111396,-0.236360,0.311321,0.101332,0.177830,0.327596,0.073142,0.288642,0.192125,0.231645,0.210750,0.074324,0.053234,0.099247,0.194854,0.306266,0.119326,0.322356,0.223815,0.269570,-0.010718,0.044342,0.239176,0.264416,0.200568,0.089218,-0.048994,0.194206,0.081574,0.094000,0.230357,-0.056132,-0.056496,0.041623,0.129737,0.406708,0.195200,0.186502,0.213405,0.096070,0.078123,0.252216,0.166323,0.217526,0.162387,0.094360,0.086051,0.096966,0.237541,0.122717,0.084525,0.347873,0.050272,0.270108,0.048018,0.012196,0.242302,0.104639,0.211315,0.390546,0.077175,0.078873,0.028646,0.135088,-0.123846,0.033398,-0.023176,0.190262,0.463736,-0.003241,0.095959,0.260552,0.152932,0.186364,0.203519,0.088143,#
4,0.168595,0.220737,-0.006418,0.232127,1.000000,0.217094,0.140700,-0.094970,0.210999,-0.116988,0.095180,0.006567,0.175856,0.179341,-0.028504,0.008220,0.247174,0.086967,0.154963,0.223974,0.115994,0.219692,0.094104,0.326649,0.101540,0.344545,-0.172886,0.010836,0.299764,-0.212982,-0.116391,0.167627,0.238446,0.177085,-0.148538,0.088055,0.161422,0.217740,0.040453,-0.026693,0.283485,0.183211,0.175063,0.078174,0.243812,-0.072859,0.246142,0.161858,0.164571,0.152007,-0.001326,-0.036515,0.013846,0.051787,0.052853,0.199856,0.076032,0.124650,0.220594,0.179003,0.272906,0.207892,-0.072072,-0.068129,0.087937,0.031856,0.246419,0.025270,0.112657,0.109398,-0.016338,0.099852,0.310591,0.122022,0.058583,-0.143374,0.029511,0.173415,0.122574,-0.165041,0.269900,0.013333,-0.073955,-0.035474,0.169154,0.063849,0.147543,0.130768,0.232794,0.243443,0.039870,0.066653,-0.139659,0.083615,-0.029374,0.104006,0.034891,0.108966,0.407042,0.241439,0.194065,-0.160645,0.062922,0.252119,0.081580,-0.037609,-0.016447,0.168722,-0.123995,0.085717,0.370419,-0.027474,0.199018,0.390498,0.089570,-0.108401,0.048368,-0.086407,0.019852,-0.254700,0.131544,0.197918,0.176841,-0.106084,0.192966,-0.013764,0.172985,-0.059594,-0.001520,0.122653,0.105530,-0.094961,0.203543,0.147707,0.268686,0.162494,0.217960,-0.252286,0.183971,0.262321,0.199783,-0.066728,0.093942,0.115016,0.010886,0.127830,0.074750,-0.067523,0.221874,0.164728,0.024370,-0.086364,0.245668,0.134255,0.155486,-0.080201,0.116903,-0.006391,0.213493,0.128091,0.051827,0.063020,0.158751,0.365489,-0.015234,0.434186,-0.008064,0.053781,-0.034466,0.086352,0.132109,0.104227,0.107038,0.029322,0.171674,0.044235,0.093889,0.200402,0.104168,-0.176251,0.009027,0.095371,0.146840,-0.056161,-0.098756,0.127928,0.247952,0.288106,0.060155,-0.004204,0.160937,-0.231018,0.109126,0.054865,-0.109059,0.241939,0.092763,0.308191,0.157792,0.141556,#
5,-0.040737,0.091713,-0.130034,0.033230,0.217094,1.000000,0.140531,-0.105034,0.169904,0.046183,-0.024980,-0.114269,-0.034441,0.056922,-0.046909,-0.038965,0.233624,0.036853,0.090074,-0.269252,0.159283,0.030749,-0.015920,0.136635,-0.006824,0.107821,-0.100164,0.019779,-0.009506,-0.230187,-0.159865,0.114180,0.227429,0.023783,-0.097123,-0.181590,0.181622,-0.128359,-0.124302,0.151170,-0.129940,0.115405,-0.012423,0.171087,-0.070021,-0.105276,0.015179,0.003513,0.053897,0.157848,-0.269268,-0.046880,0.077385,-0.207272,-0.233200,0.101354,-0.206523,0.009345,0.039674,-0.115730,0.123263,-0.026054,-0.139641,-0.220788,-0.227257,0.103436,0.178475,-0.001632,-0.109282,-0.045931,0.036752,0.021497,0.161187,0.237627,-0.071476,-0.064174,0.054890,0.027250,-0.047403,0.033962,-0.021974,0.251637,-0.066771,-0.213902,-0.183730,0.067784,-0.067537,0.051322,0.203258,0.014513,-0.177612,0.072212,-0.235893,-0.038639,-0.112928,-0.028404,0.057840,-0.254987,0.215556,-0.135178,0.128214,-0.025057,0.038050,0.017415,-0.140015,-0.191719,-0.249454,0.117656,-0.191830,0.031844,0.325587,-0.138985,0.203324,-0.058178,-0.113864,-0.129053,0.281802,0.012607,0.026670,-0.118431,-0.129414,-0.224647,-0.060243,0.084273,-0.058773,0.001454,-0.198990,-0.191828,0.171877,0.124111,-0.125677,0.225983,0.088506,-0.182088,0.248027,0.118742,-0.034580,-0.196413,-0.029453,0.046689,0.249444,-0.080615,-0.034931,0.131163,0.114115,0.017250,0.004898,0.019605,-0.132578,0.026921,0.016185,-0.305987,0.012270,0.151705,0.115227,0.135473,0.044884,-0.033134,0.267289,0.002038,-0.111608,0.085003,-0.198232,-0.140219,0.065763,-0.113796,0.016349,-0.011052,0.010793,0.083326,-0.156448,0.014287,-0.032115,-0.047452,-0.049412,0.149534,0.044181,-0.065495,0.246094,-0.295296,-0.002941,0.015418,0.263859,-0.149685,-0.086889,0.123777,0.166125,0.086587,-0.027864,0.034544,0.002554,-0.310584,0.077919,0.042136,0.107750,0.029981,-0.111229,0.296157,-0.256626,0.114578,#
6,0.102618,0.153738,0.188756,0.279082,0.140700,0.140531,1.000000,0.137389,0.081324,-0.095909,0.210825,0.119534,-0.094515,0.111742,-0.001401,0.096126,0.203513,0.109294,0.215024,0.099626,0.173026,0.040368,-0.108880,-0.053354,-0.137507,0.165180,-0.101216,-0.048925,0.273034,0.072094,-0.085511,0.113905,0.170984,0.132899,-0.192429,-0.161790,0.090353,-0.024698,0.132969,0.302274,0.198772,0.049303,-0.018704,0.052070,-0.044267,0.075594,0.216926,0.375102,0.113768,0.246249,-0.001035,0.161008,0.230908,0.043048,-0.236843,-0.120073,0.173060,0.275682,0.289064,0.212621,0.041461,0.182389,-0.169267,0.339909,0.176557,0.329579,0.229901,0.158519,0.192985,0.066499,0.078938,0.148068,0.383515,-0.032316,0.104787,0.171267,0.066971,0.078471,0.244024,0.154922,0.195345,0.087645,0.296018,-0.052673,0.215324,-0.002189,0.080366,0.119539,0.178680,0.273204,0.089503,0.152091,0.033477,0.093902,0.050052,0.006388,0.071400,-0.120173,0.162275,0.167121,0.315309,0.036095,0.170004,-0.057887,-0.408587,0.068807,-0.057525,0.072458,0.007146,0.173259,0.178457,0.171765,0.078323,-0.089330,-0.036800,0.080192,0.463469,0.030493,0.197494,0.125143,0.085810,0.176303,0.013569,-0.177404,0.091046,-0.108614,-0.029956,0.330818,0.074579,0.381170,0.073203,0.043889,0.261878,-0.057034,0.392916,0.030219,-0.027744,0.318092,0.114054,0.185523,0.191599,-0.202567,0.052052,0.444476,-0.117595,0.067381,0.102095,-0.093980,0.172324,-0.232827,0.006077,0.023639,0.166127,0.012133,0.394883,-0.089469,-0.160480,0.030900,0.198279,-0.001253,-0.023234,0.278441,0.170985,0.014885,0.303565,0.097274,0.188303,0.202065,0.240784,0.145245,-0.181718,-0.092838,0.179785,0.062212,-0.005298,0.156181,0.023059,0.308101,0.296513,-0.082749,-0.049715,0.229871,-0.000739,0.457049,0.423037,0.143131,0.042167,0.186055,0.169798,0.340031,0.048390,-0.135567,0.291600,0.100762,0.118736,0.113227,-0.067991,0.204022,0.084475,0.269745,#
7,-0.065122,0.017016,0.279717,0.120308,-0.094970,-0.105034,0.137389,1.000000,-0.028308,0.183081,0.173453,0.201791,-0.166977,0.241879,0.170751,0.115730,0.021310,0.131010,-0.077351,0.228534,0.012084,0.275532,0.235180,-0.120226,-0.006602,-0.086370,0.252399,0.133025,0.138192,0.154024,0.156410,0.185095,0.043810,0.066611,-0.119799,0.013019,-0.154894,0.048403,0.056885,-0.020010,-0.063925,0.166000,0.107395,0.163168,-0.064932,0.174041,-0.050867,0.316996,0.194125,0.192061,0.037188,0.060900,0.043403,0.210827,0.065572,0.095405,0.115629,0.006329,-0.027343,0.165994,0.193405,-0.042868,0.025000,0.152723,0.289748,-0.051187,-0.030916,-0.048743,0.100074,0.209695,0.123382,-0.236081,0.261364,0.137714,0.161937,0.241767,0.101522,0.315106,0.201263,0.080085,0.147212,0.007570,0.152406,0.123684,0.182025,-0.001088,0.033945,-0.061602,0.136707,0.143537,-0.007785,0.012102,0.075543,0.142957,-0.060878,-0.054242,-0.148924,-0.052463,0.062970,-0.026913,0.126449,-0.001415,0.069525,-0.042508,-0.153360,0.308280,0.359548,-0.099020,0.032263,0.026651,-0.219430,-0.127489,0.025991,-0.048024,0.233261,0.156216,-0.114834,-0.019807,0.196318,0.204879,0.130185,-0.031110,0.136344,0.272692,0.183814,-0.098312,0.027712,0.247843,0.070585,0.018119,-0.079434,-0.132594,0.016598,0.141547,0.237440,0.056040,0.078436,0.297422,0.008500,0.306322,0.161923,0.158143,-0.045479,0.103098,0.093851,-0.012845,0.251035,0.245632,0.278284,0.040733,-0.005213,0.281058,-0.158579,-0.046045,-0.186087,0.081031,0.097015,0.116779,0.096241,0.140391,-0.055386,0.249160,0.037806,0.160004,0.139078,0.142261,0.080375,0.179593,0.070440,0.060393,0.067913,0.077791,0.208514,-0.048868,0.080062,-0.029010,0.065817,0.081371,0.053990,-0.082401,0.076428,-0.001514,-0.023204,0.107511,-0.240824,0.074280,0.045609,0.020322,0.031137,0.113506,0.118608,-0.160847,0.182349,0.056484,0.049493,0.224570,0.080473,-0.028295,0.095496,0.043175,#
8,0.238783,0.124555,-0.003850,0.045671,0.210999,0.169904,0.081324,-0.028308,1.000000,-0.030248,0.017807,-0.006732,0.075528,0.175373,0.166791,-0.116965,0.059456,-0.083243,-0.054331,0.190183,0.348857,0.111244,0.126172,0.223793,0.141906,0.143866,-0.081593,-0.045604,0.004065,-0.058447,0.087025,0.119813,0.107065,0.101102,-0.068623,0.119811,0.240803,0.043144,0.038102,0.157252,0.037866,0.037810,-0.233979,-0.003002,0.201272,0.077317,0.061065,0.225643,-0.024048,0.060319,-0.151635,0.184506,-0.092790,0.288394,0.068223,0.217478,-0.088160,0.192637,0.039142,0.189482,0.091446,0.000175,0.247813,-0.075595,0.288218,0.119410,0.150853,0.070003,0.320461,0.085413,-0.112225,0.036721,0.402206,-0.086279,-0.113956,-0.204075,0.170177,0.013727,0.047332,0.033728,0.083720,0.190784,0.132412,-0.123892,0.215907,0.156166,0.088870,0.155243,0.220186,0.155899,0.034157,0.120269,-0.015172,0.035778,0.258097,0.219809,0.066400,0.056818,0.136372,-0.015910,0.176632,-0.063490,-0.007972,0.064356,0.175232,0.085649,0.266883,0.033886,-0.174961,-0.135771,-0.026797,0.071373,-0.195731,0.150713,0.006637,0.079248,0.155620,0.106529,-0.063486,0.043863,0.261507,0.016828,0.063378,-0.072020,0.107932,0.301149,0.089018,0.161685,0.025286,0.091105,0.015731,-0.039432,0.188778,-0.029691,0.273454,-0.012198,0.182777,0.051905,0.352998,0.198488,0.120328,0.090653,0.072183,0.157939,-0.072414,0.096518,0.039333,0.386760,0.115393,0.208782,0.137118,-0.011653,0.130681,0.111251,0.246289,0.066854,-0.073218,0.074734,0.003185,0.156904,-0.161736,0.075328,-0.086641,-0.017830,0.115695,0.055037,0.113779,0.204115,0.097886,-0.077596,0.285511,-0.067171,-0.021891,0.174439,-0.196056,0.327003,-0.047321,0.322426,0.201120,-0.081835,0.120101,0.148668,-0.313814,0.175947,0.161649,0.001771,-0.074027,-0.119714,0.119345,0.188120,0.164557,-0.194103,0.025352,0.006123,0.085721,-0.044136,0.069890,-0.270606,0.083722,0.102464,#
9,0.185963,-0.082832,0.042245,0.049951,-0.116988,0.046183,-0.095909,0.183081,-0.030248,1.000000,0.279451,-0.048412,-0.326333,0.074150,0.132600,0.039121,-0.034046,-0.103105,-0.137299,0.105775,-0.127778,0.111377,0.121792,-0.108559,-0.036713,-0.146931,0.145585,-0.037027,-0.055803,-0.106959,0.178203,0.172393,0.039514,-0.122661,-0.055891,0.021301,-0.001693,0.123852,0.088093,-0.085862,0.118303,0.240822,0.008780,-0.230926,-0.014333,0.101562,0.116777,0.152597,0.027987,-0.131130,-0.103234,0.231741,0.146603,-0.067867,0.226742,0.235403,0.283238,0.214195,-0.243119,-0.119959,-0.007524,-0.181462,0.129978,-0.081259,0.221775,-0.001047,-0.088163,-0.136807,-0.013648,-0.028108,0.062562,0.114862,0.056433,-0.034542,0.103322,0.135039,0.222618,0.083223,0.230843,-0.011772,-0.006149,0.247238,-0.267223,0.089204,0.038153,0.332246,0.135906,0.029577,-0.056146,-0.160109,-0.254035,-0.057721,-0.128107,-0.069840,0.007945,-0.059909,0.150134,-0.118114,0.047176,0.138336,0.094571,0.072271,0.261521,-0.022018,0.064190,-0.085386,-0.060857,0.082814,0.001733,-0.165649,-0.037292,0.103503,0.148033,-0.036713,0.043380,0.084732,0.094917,0.120352,0.250269,-0.202789,0.226501,0.151866,0.138464,0.137017,0.125066,-0.029089,-0.175124,-0.045415,0.092740,0.030012,0.134063,0.046668,-0.178870,0.017653,-0.073205,-0.179738,0.115413,0.135251,-0.025611,0.014045,-0.002544,0.261622,0.041617,-0.047792,0.083983,-0.188676,0.064868,0.219513,0.075590,0.244343,0.067180,-0.150680,0.169693,0.129884,-0.182140,0.345203,0.238311,0.108757,0.327909,0.130905,-0.080267,-0.072488,-0.200309,0.197883,0.044980,-0.027419,-0.181604,0.197282,0.146313,0.068491,0.095895,0.124076,0.158065,-0.001395,-0.096934,0.120924,0.212213,-0.202927,-0.144487,0.151603,-0.105434,-0.011104,0.218141,-0.077613,-0.135576,0.044814,0.294058,0.081933,0.165927,-0.003491,-0.015104,-0.064250,-0.062401,0.089066,0.104984,0.119458,-0.030116,-0.221379,0.107416,0.035790,#
10,0.217434,0.334587,0.190761,0.143355,0.095180,-0.024980,0.210825,0.173453,0.017807,0.279451,1.000000,0.036377,-0.148590,0.273152,0.143221,-0.140265,0.172703,0.058355,0.308028,0.198010,0.046079,0.046647,-0.043707,0.009467,0.119378,0.123836,0.242830,0.035643,-0.035351,0.024709,0.239462,0.184781,0.047474,0.015753,-0.033619,0.191504,-0.186998,0.140065,0.063881,0.000157,0.017055,-0.028880,0.283195,-0.095590,-0.151993,0.043205,0.232601,0.248905,0.279770,-0.020432,0.062847,0.266234,0.119319,0.009598,0.021104,0.219631,-0.019781,0.245492,0.153911,0.053039,-0.091648,0.131494,0.102509,0.032291,0.216971,0.255819,0.064792,-0.036894,0.139529,-0.029937,0.075388,-0.026929,0.292663,0.098748,0.056960,0.149602,0.238942,-0.089834,0.200451,0.025595,0.058434,0.194529,0.068370,0.217099,0.046538,0.074638,0.330455,-0.006821,0.015302,0.074736,-0.104103,-0.067529,0.039345,-0.097842,0.143540,0.040487,0.184082,-0.196485,0.340893,0.218439,0.187986,0.050484,0.138576,0.116067,0.260922,0.016769,0.201800,0.158927,0.030518,-0.021522,-0.015942,0.148495,0.238965,-0.054597,0.248278,0.218788,0.037105,0.002880,0.252204,-0.208804,-0.012401,-0.012194,0.112552,0.004910,0.172629,-0.158381,-0.073764,-0.011663,-0.028820,0.259996,0.275223,-0.016943,0.157515,-0.135698,0.036402,0.176534,0.236754,0.251315,0.114773,0.240109,0.101124,0.047019,0.162699,0.155843,-0.111806,0.070673,-0.154590,0.065648,0.100342,0.116493,-0.141588,0.122499,0.286695,-0.113649,0.032583,0.122195,0.164273,0.038264,0.111593,0.305870,-0.042319,0.235307,0.117077,0.152065,0.120883,0.029328,0.163089,0.343508,0.197126,-0.045831,0.139376,0.070188,0.083513,0.019588,-0.090525,-0.023470,-0.040556,0.068875,0.240892,0.223411,0.200102,0.075742,0.149016,-0.045755,0.112024,-0.089128,0.085000,0.114080,0.154162,-0.003449,0.093702,-0.037203,0.087172,-0.026457,0.119273,0.079309,0.040997,0.237936,0.474866,0.357206,#
11,0.070827,0.116164,0.202721,0.428268,0.006567,-0.114269,0.119534,0.201791,-0.006732,-0.048412,0.036377,1.000000,0.000361,-0.035614,-0.048519,0.078212,-0.004079,0.278233,0.098567,-0.037370,-0.044941,0.186575,0.012282,0.207710,0.259150,0.119898,-0.260211,0.042776,-0.194726,0.124379,0.288623,0.278756,0.194655,0.245558,-0.094344,0.031302,0.284774,0.189031,0.131081,0.011883,0.114175,0.119856,0.220647,0.329790,-0.178582,0.302005,0.272197,0.096696,0.034153,0.051330,0.319548,0.051478,0.153086,0.183464,-0.233062,0.109337,0.392802,0.015961,0.109812,0.040338,-0.198807,0.024994,0.300232,0.250109,0.212004,0.194528,0.078403,0.347405,-0.045311,0.253367,0.144721,-0.155424,0.184486,0.112875,0.159596,0.215702,0.126611,0.105959,0.310230,0.174023,0.195247,-0.151391,0.164030,0.120788,0.276770,-0.013868,0.264635,0.345603,0.093258,0.035017,0.295435,0.096748,0.255357,0.389520,0.007556,0.205697,-0.102018,0.075764,0.039988,0.239159,0.184739,-0.077705,-0.002354,-0.026596,0.112282,0.333968,0.250170,0.180191,0.170964,-0.177205,0.009395,0.081417,0.221647,0.022289,-0.230991,0.346046,0.129191,0.025080,0.184735,0.115365,0.087006,0.108042,0.267046,0.113723,0.271444,-0.075192,0.274174,0.352467,0.190549,0.199468,-0.107670,0.238029,0.018405,0.269021,-0.049919,-0.074439,-0.051156,0.238219,-0.132655,0.334666,0.012103,0.193861,0.068035,0.139748,-0.083056,0.129500,0.138633,0.143375,0.367592,0.108341,-0.155663,0.248248,-0.065435,0.095171,0.289981,-0.046796,-0.047420,-0.050936,0.136273,0.302658,0.092387,0.191654,-0.015961,0.086527,0.288035,0.138090,0.243751,0.267497,0.347643,0.118336,0.293702,-0.103923,0.097720,0.056358,0.098315,0.271134,0.394530,0.191239,0.119991,0.045252,0.192637,0.177075,0.060596,0.039962,-0.102801,0.213531,0.090548,-0.026230,-0.087338,0.063038,-0.081515,-0.046119,0.226239,-0.178513,0.135592,0.032731,0.116915,0.122198,-0.015074,0.260784,#
12,0.042710,0.135614,-0.066964,0.012201,0.175856,-0.034441,-0.094515,-0.166977,0.075528,-0.326333,-0.148590,0.000361,1.000000,-0.169628,-0.055120,-0.161159,-0.001020,0.045360,0.175954,0.251182,-0.068390,-0.194514,0.041086,0.100837,0.056868,-0.164169,-0.047826,-0.131690,0.080371,0.149872,-0.106513,0.089912,0.183890,0.031909,0.078770,0.083966,0.229221,-0.152149,0.062083,-0.062708,0.128610,-0.146616,0.192778,0.177357,0.076811,0.024820,0.106405,-0.290401,0.055747,0.001300,0.177443,-0.159972,-0.054209,0.080812,-0.255544,0.052428,-0.104245,0.140914,0.061701,-0.074317,-0.014315,0.026137,-0.048397,-0.062369,-0.136816,-0.000027,0.037941,0.041233,-0.119835,-0.128561,-0.183140,0.128566,-0.028645,-0.169647,0.114465,-0.049519,0.087067,-0.106685,-0.079229,-0.301947,0.039538,0.037294,0.015412,0.021826,0.093547,0.182024,-0.046178,0.093251,0.045600,-0.069975,-0.051454,-0.024099,-0.294216,0.088716,0.055703,-0.047269,0.010093,0.173430,0.104825,-0.133479,0.034450,-0.078741,-0.008095,0.085533,0.147236,0.061908,0.169018,-0.013608,-0.052394,0.075163,0.102582,-0.229861,0.081655,0.086960,-0.117384,-0.068134,-0.141879,0.213292,-0.047394,0.078345,-0.063175,0.022339,0.158356,-0.094819,-0.029897,0.190573,0.250579,-0.206126,0.015499,-0.154154,-0.083194,0.044658,-0.065535,-0.041818,-0.156898,0.045319,-0.042196,0.048551,0.013139,0.083591,0.094372,-0.116290,-0.006824,0.022188,-0.110884,0.054338,0.084068,0.057718,0.073680,-0.027532,-0.033262,0.233469,-0.106028,-0.071603,-0.058581,-0.087631,-0.021307,-0.228506,-0.136365,0.009110,-0.085149,0.072351,0.012542,0.107724,-0.155124,0.076173,0.155259,-0.225025,-0.181899,-0.021615,-0.098757,-0.036873,0.085313,-0.108019,0.111975,-0.143863,-0.192283,0.208386,-0.179744,0.101646,0.071660,-0.007872,0.060774,0.019248,0.025519,0.142462,-0.169248,0.052647,-0.168620,-0.277439,0.092086,0.067943,-0.013967,-0.027094,-0.123104,-0.083198,0.021440,-0.027709,0.018585,0.022602,#
13,-0.072231,0.165966,0.233041,0.212044,0.179341,0.056922,0.111742,0.241879,0.175373,0.074150,0.273152,-0.035614,-0.169628,1.000000,0.094324,0.161420,-0.044495,-0.120216,0.063332,0.013299,0.090016,0.226601,-0.080642,-0.027513,0.204590,0.186307,0.116509,0.120124,0.187919,0.071458,0.208001,0.179597,0.221595,0.170053,-0.163695,-0.151500,-0.178970,0.118033,-0.138945,-0.083953,0.072348,0.166993,0.238990,0.138295,-0.016324,-0.038132,0.093619,0.128815,0.104891,0.094193,0.006137,0.231181,0.288360,-0.047024,0.109979,0.385046,0.052290,0.232061,0.165198,0.230012,0.067551,-0.118946,0.302408,-0.068869,-0.024249,0.054055,0.336711,-0.103206,0.353864,0.050769,-0.225453,-0.111802,0.299577,0.175029,0.143712,-0.080686,0.247530,0.192594,0.032245,0.109806,0.248065,0.171494,-0.002435,0.388914,0.192484,-0.121140,0.300178,0.146991,0.183331,0.396370,-0.027628,0.146000,0.292110,0.075520,-0.053241,0.216915,-0.012673,-0.054627,0.287209,0.111121,0.366400,-0.055339,0.266611,0.013327,-0.008672,0.136886,0.188876,0.128608,0.302110,0.015430,-0.000739,0.043061,0.141543,-0.007018,0.254260,0.015605,0.189439,0.102714,0.158404,0.086233,0.309353,0.308741,-0.108056,0.295033,0.073983,0.066730,-0.002814,0.004377,0.246463,0.189533,0.201561,0.010854,-0.072246,0.183395,0.306906,0.241322,0.203568,0.111112,0.499659,0.084032,0.006675,0.025269,0.332365,-0.079994,0.115601,0.334801,0.277072,0.247117,-0.059893,0.349873,-0.100152,0.073665,0.100558,0.115192,0.158218,0.177871,-0.026363,0.283804,0.121720,0.163872,0.093416,0.162809,0.075375,0.321291,0.146836,0.250935,-0.082728,0.164365,0.058874,0.343353,0.169856,0.181337,0.094912,-0.016933,0.005521,0.082751,-0.240734,0.057769,0.292586,-0.165131,0.178901,0.038083,-0.039657,0.225027,-0.162386,0.027574,-0.035997,0.176564,0.059272,0.053521,-0.059224,0.082352,0.175608,-0.093689,0.146977,0.199286,0.238938,0.168529,0.304320,0.131810,#
14,0.256585,-0.015459,-0.011518,-0.128028,-0.028504,-0.046909,-0.001401,0.170751,0.166791,0.132600,0.143221,-0.048519,-0.055120,0.094324,1.000000,0.208665,-0.150752,0.103454,0.150136,0.247602,0.017607,0.036437,0.188294,0.076190,0.280872,0.003663,-0.072325,0.184276,0.253141,0.040520,0.048042,-0.134506,0.084128,-0.082650,-0.015354,0.081479,-0.033874,0.248627,0.030501,0.087521,0.155598,-0.011434,0.119574,-0.053730,-0.012888,0.065558,-0.014453,0.213493,0.045855,-0.167202,0.167845,-0.040043,-0.022554,0.079379,0.279159,0.197568,0.120035,0.058841,0.067657,0.038671,0.280231,0.109063,-0.087207,0.150922,0.142704,0.046903,0.139570,-0.061198,0.247584,0.005671,-0.232608,0.181690,0.037335,0.392480,-0.330661,-0.110086,0.036607,0.023251,-0.164532,0.240524,0.199231,-0.005961,0.082265,0.206184,0.165626,0.189496,-0.044848,-0.076573,0.123903,0.137960,0.174623,-0.101276,0.189559,0.143781,0.136877,-0.160106,0.103152,-0.049805,0.274049,0.086346,-0.039551,-0.021608,0.043906,0.025032,-0.041083,0.206158,0.265484,0.333156,0.024732,0.041047,-0.186032,-0.074956,0.043742,-0.165426,0.104574,0.052055,0.014178,0.218616,0.307659,0.070477,0.421335,0.037790,-0.037481,0.100984,0.001781,0.078970,0.159577,0.137003,-0.339515,0.129373,-0.119573,0.179431,0.165493,-0.094763,-0.015577,-0.282123,0.262705,-0.041370,-0.037386,0.039539,0.263612,0.225183,0.198722,-0.142063,0.016395,0.183415,-0.048074,-0.008070,0.060627,-0.056748,-0.068717,-0.203931,-0.024212,0.129339,-0.118640,-0.039284,0.161342,0.178438,-0.037892,-0.100132,0.018448,0.059788,-0.149599,-0.108611,0.108975,-0.069134,0.228141,0.182385,-0.113094,0.035895,0.202179,0.243671,0.207292,0.142103,0.047501,-0.033127,0.259474,0.262564,0.186953,0.203485,-0.016607,0.197494,-0.112306,0.080733,0.129076,0.045473,-0.012907,0.122838,-0.011342,-0.017386,-0.118866,0.049463,0.140039,0.279617,0.166760,-0.150444,0.030210,0.132480,0.325939,0.098030,#
15,-0.225555,0.014836,0.022976,0.081197,0.008220,-0.038965,0.096126,0.115730,-0.116965,0.039121,-0.140265,0.078212,-0.161159,0.161420,0.208665,1.000000,0.038094,0.195292,0.094832,0.118658,-0.124039,-0.001298,0.160117,-0.057837,-0.055458,0.087181,-0.013383,0.067186,0.132092,-0.042623,0.082341,0.135664,0.142399,0.200326,-0.091328,-0.263367,0.049952,0.240289,-0.029061,0.084084,0.160063,0.107817,-0.078040,0.032984,0.073249,0.059115,-0.109013,0.118786,-0.175734,-0.184625,-0.099839,0.124808,0.059787,-0.124430,0.051609,-0.102567,-0.118637,0.034411,0.109379,0.207007,0.169367,-0.073807,0.050424,0.044380,0.004376,0.108850,0.191573,0.108633,0.194202,-0.062056,-0.034063,0.206055,-0.022883,0.176348,0.105095,0.177659,-0.161310,0.308342,0.104333,0.175981,0.128291,0.039877,0.081023,0.067374,0.004769,-0.011589,0.027320,-0.077885,0.209431,0.108884,-0.065805,0.017321,0.158590,0.295191,-0.180041,0.073607,-0.088302,0.013822,0.191552,-0.020049,0.151563,-0.147818,0.253884,0.113661,-0.143841,0.195075,0.084756,0.118447,0.080915,0.196950,-0.150433,0.017143,-0.104613,-0.132651,0.153754,0.342572,0.238810,0.010009,0.117040,0.029176,0.172829,0.312055,-0.021860,0.244964,0.176206,-0.120580,0.149122,0.052959,0.090958,0.004423,-0.314455,0.368217,-0.063829,0.250454,0.156719,0.060378,0.069276,-0.173900,-0.171161,-0.101899,-0.030099,0.115186,0.042796,-0.103491,0.082691,-0.041513,0.142553,0.011552,0.082961,0.180860,0.162851,-0.138072,0.020761,0.477236,-0.180192,0.210447,-0.043969,0.129981,0.120650,-0.144327,-0.118050,-0.109194,0.164522,0.033947,0.077173,0.185551,0.063381,0.132301,0.069781,0.046069,-0.062737,0.130225,0.179468,-0.203463,0.147838,-0.137292,0.030055,-0.053525,-0.204976,0.044033,-0.072427,0.140530,-0.018912,0.221305,-0.023122,0.121361,-0.103868,0.006498,0.017257,-0.049473,-0.292204,0.200809,0.129993,0.193240,0.024724,0.076618,-0.027631,-0.076206,-0.005696,-0.127489,#
16,0.051460,0.167714,-0.047128,0.144938,0.247174,0.233624,0.203513,0.021310,0.059456,-0.034046,0.172703,-0.004079,-0.001020,-0.044495,-0.150752,0.038094,1.000000,0.141096,0.159974,-0.033108,0.239354,0.078860,0.228521,0.025716,-0.104588,0.311711,-0.103640,-0.226692,0.021698,-0.127882,0.257798,0.307112,-0.170853,0.251772,-0.236109,0.056185,0.059852,-0.116984,-0.021258,0.393224,-0.156885,0.238091,-0.025811,-0.075111,0.128362,0.197233,0.059265,-0.036603,0.202079,-0.011255,-0.126828,0.077693,0.197439,-0.066969,0.156833,-0.038443,-0.165212,0.118942,0.157683,0.017666,0.009909,0.273155,0.016870,0.084609,0.064016,0.045834,0.221550,0.239770,-0.193580,0.111456,0.015302,-0.035413,0.218028,0.125756,0.091544,0.154502,0.110546,0.067064,0.153853,0.009781,-0.094889,0.067520,-0.049435,-0.138605,-0.037999,0.014390,0.193251,0.139884,0.168271,-0.069134,-0.045471,-0.016975,-0.205498,0.060832,-0.007040,0.111668,0.024991,-0.177405,0.137248,0.149218,0.131399,-0.141379,-0.130855,-0.020171,0.007560,-0.003419,0.092934,-0.260149,-0.200643,0.015442,0.121314,0.162716,0.052084,0.018272,0.136945,0.239071,0.093816,-0.112569,-0.101123,0.098675,-0.128257,-0.187529,0.290788,-0.032450,0.136714,-0.181867,0.052832,-0.109456,0.079194,0.071726,-0.118123,0.218547,0.236438,-0.050068,0.351243,0.144105,-0.034327,0.113819,0.121823,0.348147,-0.119058,0.007888,-0.241631,0.157703,0.084979,-0.032911,-0.158184,-0.089705,0.127293,-0.220040,0.126225,-0.080591,0.122218,-0.027598,0.050793,0.192160,-0.084262,0.010767,0.011793,0.161610,-0.155208,0.166300,0.224325,0.210424,-0.108615,0.203752,0.260533,0.121350,-0.066604,-0.121599,-0.178628,-0.254951,0.178207,-0.217906,0.110966,0.170977,-0.033149,0.060317,0.102167,-0.003735,-0.117028,0.037755,0.213968,-0.257700,-0.030529,0.009924,0.075121,0.215236,0.028537,-0.022459,0.051591,-0.247704,-0.101285,-0.055672,0.231025,0.078802,-0.104911,0.230178,0.003214,0.079958,#
17,0.293886,0.085093,-0.038541,0.109651,0.086967,0.036853,0.109294,0.131010,-0.083243,-0.103105,0.058355,0.278233,0.045360,-0.120216,0.103454,0.195292,0.141096,1.000000,0.001472,0.257188,0.280412,0.219185,0.251422,0.261597,0.014087,-0.043910,-0.262651,-0.052885,0.043218,0.288084,-0.012241,0.121910,0.260729,0.127960,-0.252473,-0.045806,0.070722,0.306998,0.136235,-0.076923,0.153837,0.016868,0.054973,0.259894,-0.098015,0.166975,0.106902,0.106325,0.408874,0.117013,0.203121,-0.081297,-0.126625,0.140313,-0.041908,-0.013058,0.206624,0.144387,0.076807,0.204193,0.254508,-0.099897,0.002207,0.130184,0.019356,0.054451,0.158769,0.186291,0.082431,0.275029,0.136034,0.063183,0.179966,0.259204,0.070790,0.160512,0.171874,0.348051,0.004998,0.160415,0.055112,-0.001312,0.354696,0.029741,0.152001,-0.160494,0.100231,0.026125,0.200113,0.121747,0.002900,0.065461,0.028100,0.277650,0.006568,-0.030774,0.307266,0.424004,-0.055147,0.135069,0.098125,-0.100901,0.086598,0.224881,-0.036226,0.325903,0.204421,0.101176,-0.153975,-0.307846,-0.043776,-0.207082,-0.090124,0.280005,-0.089328,0.225719,0.116834,0.051794,-0.049320,0.110846,0.047789,0.056475,0.032515,0.280550,0.228476,-0.118571,0.198016,0.270952,-0.038390,0.057544,-0.380321,0.215305,0.323290,0.215499,0.048743,0.168583,0.268419,-0.056402,0.119406,0.480368,0.129486,0.225114,-0.059744,0.171829,0.225826,0.079346,-0.119796,-0.180054,0.196704,-0.141595,0.143217,-0.194297,-0.199779,0.214881,0.031844,0.005271,-0.032946,-0.029084,0.380242,0.216137,0.049320,0.336632,0.141321,0.004304,0.222620,0.143499,0.145276,0.347849,0.019178,0.122777,0.402969,-0.110807,-0.059112,0.029523,0.162790,-0.099023,0.278186,0.133327,-0.136979,0.247261,-0.149169,0.451410,0.053941,-0.049147,0.067240,-0.010005,0.148486,0.254911,0.167209,0.074348,0.007849,0.139827,0.123226,-0.009078,0.401910,0.195775,0.190133,0.073153,0.170322,0.155734,#
18,0.164011,0.039372,-0.050763,0.046159,0.154963,0.090074,0.215024,-0.077351,-0.054331,-0.137299,0.308028,0.098567,0.175954,0.063332,0.150136,0.094832,0.159974,0.001472,1.000000,0.198504,-0.032130,0.124554,-0.255692,0.137859,0.225094,0.091358,0.186406,0.152365,0.166897,0.068210,0.163247,0.261363,0.305306,-0.015055,-0.034866,0.103774,0.102661,-0.072907,-0.006090,0.046154,-0.035944,0.076613,0.089933,0.185853,0.001633,-0.027240,0.032772,-0.082174,-0.108321,0.057421,0.154563,-0.249443,0.121344,0.074357,-0.048301,-0.091304,0.031765,0.128195,0.186116,-0.093379,-0.091202,0.043795,0.109886,0.192627,-0.243535,0.244340,0.220604,0.185039,0.058743,-0.399005,-0.006116,-0.001215,0.123388,0.124516,-0.085232,-0.009951,-0.010542,-0.041097,0.225439,0.208231,0.387532,-0.114593,0.033365,0.123706,0.188974,-0.225646,0.153817,-0.020374,0.126954,-0.020241,0.154766,-0.043038,0.066016,0.163513,0.041266,-0.006036,0.128768,-0.054444,0.247181,0.339332,0.033682,0.304591,0.158876,0.114698,0.219077,0.205461,0.051165,0.130120,0.041865,0.115260,0.156058,0.207344,0.024224,0.039564,-0.057860,-0.073543,0.092859,0.001368,0.288474,-0.020122,-0.125595,0.081502,0.062001,-0.074539,0.098159,-0.008109,0.039598,0.017371,0.052756,0.214066,0.137025,0.095153,0.216759,-0.036221,0.077705,-0.267367,0.012660,0.179226,0.044020,0.275048,0.293142,-0.170106,0.169995,0.035921,-0.134700,0.114700,-0.086887,-0.121590,0.087871,-0.100315,-0.258666,0.157578,0.300874,0.058770,-0.133678,0.152934,0.132133,0.038883,-0.087155,0.128880,-0.000851,0.112259,-0.021026,0.114579,0.041172,-0.088092,0.112296,0.128397,0.014760,-0.075229,-0.143774,-0.150320,0.213800,-0.111005,-0.019734,-0.158492,-0.045028,0.332226,0.412210,0.121193,0.010828,0.203874,-0.018221,-0.078098,0.257296,0.048663,0.060559,0.314520,0.033300,0.083148,0.136632,0.034346,0.160540,0.086001,0.064178,-0.095592,0.034562,0.196234,0.196607,0.200291,#
19,0.335618,0.093739,0.047896,-0.106375,0.223974,-0.269252,0.099626,0.228534,0.190183,0.105775,0.198010,-0.037370,0.251182,0.013299,0.247602,0.118658,-0.033108,0.257188,0.198504,1.000000,0.043590,0.253897,0.204857,0.091037,0.049627,0.090456,0.166384,0.024093,0.243356,0.261327,-0.147894,0.157259,0.283515,-0.041535,0.023743,0.168149,-0.159175,0.039865,0.279050,-0.009952,0.013179,0.042560,0.035386,-0.027044,0.079568,0.150097,0.165673,0.311426,0.242994,0.027259,0.016390,-0.025519,-0.000008,0.384121,0.138012,0.064914,0.108270,0.247958,0.094629,0.113563,0.234215,0.032049,0.018410,0.045826,0.050950,0.088280,0.068641,0.076642,0.187612,0.177291,0.085339,0.068001,0.207620,-0.144399,0.023495,0.154926,0.200069,0.254920,0.156486,-0.037899,0.148450,0.016994,0.046709,0.033189,0.269225,0.010633,0.096453,-0.065748,0.198286,0.156949,-0.108519,0.072032,0.039458,-0.036345,0.092427,-0.159907,0.128353,0.213782,0.119315,0.161871,0.031354,-0.059774,0.185687,0.227742,0.077676,0.154691,0.222982,0.370144,-0.044039,-0.069901,-0.004342,0.156099,0.047821,0.131773,0.170330,0.269330,0.115446,0.177368,0.201383,-0.004180,0.309888,0.315126,-0.011019,0.071747,0.328525,0.201668,0.216105,0.152551,-0.192309,0.015816,-0.029363,-0.127069,0.217984,0.135975,-0.024135,0.011533,0.268329,0.121690,0.039401,0.360371,0.165788,0.200442,0.037149,0.074835,0.075536,0.014014,0.080783,0.208620,0.313668,-0.101054,0.077237,0.032869,0.075617,0.113686,-0.063752,-0.025532,0.157286,0.066589,0.141825,-0.127474,0.056125,0.189350,0.193070,0.078239,0.097230,0.220037,-0.024154,0.080298,0.000042,-0.006455,0.268287,-0.100485,0.262370,-0.054167,0.010006,-0.167656,0.108939,0.204806,-0.019019,0.136537,0.098022,0.360741,-0.188448,0.010106,0.164216,0.014162,0.076176,0.212516,0.175232,0.084344,0.111449,0.071353,0.090573,0.229293,0.185499,0.068471,0.070440,-0.145473,0.357918,0.330999,#
20,0.170298,-0.007415,0.052562,0.074515,0.115994,0.159283,0.173026,0.012084,0.348857,-0.127778,0.046079,-0.044941,-0.068390,0.090016,0.017607,-0.124039,0.239354,0.280412,-0.032130,0.043590,1.000000,0.119776,0.090422,0.226539,-0.016983,0.164224,-0.245593,0.126064,0.010779,0.223533,0.172880,0.114453,0.155292,0.177812,-0.086449,0.000089,0.045597,0.113348,-0.218762,0.160338,-0.084265,0.219499,-0.121182,-0.003676,0.066280,0.255860,0.053326,0.026792,0.176964,0.215599,-0.147587,0.110356,-0.000006,0.342861,-0.055143,-0.170440,0.026700,0.117900,0.061037,0.179134,0.022597,-0.138546,0.139639,0.143850,0.045869,-0.052351,0.211881,-0.036889,0.218998,-0.011869,0.124426,-0.074734,0.502115,0.190144,-0.144868,-0.023786,0.103163,0.038242,-0.157267,0.130576,0.035690,0.012529,0.363277,-0.032604,0.049886,0.211058,0.180308,0.176386,0.205178,0.272521,-0.064137,0.363264,-0.162962,0.138924,0.117263,0.107057,0.084249,0.038180,0.013488,0.039793,0.098899,-0.122237,-0.142510,0.166495,-0.062234,0.121145,0.004353,-0.035655,-0.238403,0.067785,0.089920,-0.070084,-0.105453,0.331908,-0.197117,0.110506,0.251563,-0.136861,-0.306754,-0.148219,-0.126017,-0.057584,-0.106612,0.052221,0.193211,0.026111,0.215517,0.243872,0.048687,0.069039,-0.148107,0.062332,0.175096,-0.141618,0.248865,0.168348,0.173529,0.230337,0.290368,0.262574,0.039680,0.138531,-0.260255,0.045009,0.310534,-0.023443,-0.289209,0.083145,0.133685,0.037974,0.085497,0.111911,0.071394,-0.082475,0.240945,0.074227,-0.097295,-0.274843,0.170707,0.210985,-0.021095,0.201172,0.134093,-0.027834,0.200576,0.101974,-0.068073,0.250713,-0.051681,-0.146328,0.195955,-0.064349,-0.077308,0.020084,0.007458,0.361406,-0.113626,0.077344,0.214629,0.108001,0.022880,0.040791,0.042217,0.153808,0.021104,-0.142542,0.115516,0.017383,0.010207,0.185798,0.166300,-0.021429,0.046643,0.062577,0.249160,0.198937,0.130694,0.087818,-0.014934,-0.091936,#
