0,1.000000,0.703453,0.758215,0.667341,0.588585,0.785149,0.665618,0.769696,0.746000,0.694240,0.791508,0.762047,0.650542,0.659990,0.650433,0.753647,0.773593,0.779484,0.728960,0.649285,0.765529,0.660663,0.735815,0.755020,0.618514,0.713574,0.692893,0.726123,0.622452,0.707851,0.716937,0.686416,0.720254,0.676435,0.669981,0.658390,0.729067,0.775664,0.729016,0.783308,0.707337,0.696267,0.766811,0.817618,0.692945,0.642014,0.741718,0.785988,0.666064,0.785957,0.731250,0.712127,0.684168,0.769036,0.731933,0.760262,0.687587,0.799139,0.718026,0.802382,0.781746,0.630262,0.783050,0.738841,0.723173,0.705400,0.812068,0.711293,0.768160,0.599438,0.772330,0.755097,0.828809,0.754041,0.697569,0.751346,0.758520,0.763115,0.761593,0.665673,0.789655,0.751222,0.742746,0.779124,0.738492,0.739875,0.796279,0.725772,0.613931,0.774404,0.742585,0.726665,0.697733,0.741693,0.745400,0.740452,0.677369,0.685404,0.733602,0.782393,0.751079,0.740289,0.742212,0.752659,0.720838,0.736158,0.673635,0.718104,0.697762,0.706421,0.764670,0.745440,0.782653,0.675810,0.706693,0.836766,0.658093,0.723299,0.671823,0.661600,0.584938,0.825691,0.758184,0.836619,0.783629,0.726187,0.646298,0.664606,0.678710,0.627549,0.776823,0.693159,0.739287,0.677384,0.712770,0.730668,0.664268,0.808421,0.757775,0.767865,0.744814,0.659447,0.605276,0.734968,0.769039,0.580943,0.748726,0.670237,0.747408,0.809961,0.728267,0.733853,0.739023,0.693182,0.709698,0.685845,0.717538,0.767332,0.769578,0.704676,0.731411,0.740790,0.729487,0.728426,0.727509,0.719157,0.720146,0.679148,0.658340,0.773940,0.751085,0.743963,0.721203,0.777550,0.804284,0.632187,0.668403,0.733508,0.689868,0.736502,0.668125,0.733163,0.611771,0.683925,0.691431,0.684407,0.721679,0.715473,0.727214,0.759252,0.751018,0.769783,0.743204,0.694921,0.687767,0.735752,0.749682,0.769478,0.822478,0.722134,#
1,0.703453,1.000000,0.757015,0.739736,0.646356,0.806780,0.594485,0.713938,0.817665,0.697106,0.736224,0.636978,0.596833,0.663418,0.701419,0.742012,0.685278,0.688053,0.744173,0.713000,0.750477,0.819135,0.720532,0.699364,0.687796,0.627817,0.797014,0.744056,0.574688,0.630123,0.759169,0.751459,0.703530,0.733636,0.716948,0.755700,0.606300,0.804387,0.762085,0.705262,0.665642,0.611522,0.696253,0.714079,0.640187,0.698703,0.687668,0.711257,0.762497,0.664518,0.633862,0.757101,0.727353,0.698916,0.774791,0.692005,0.628303,0.746609,0.745830,0.646392,0.757637,0.663666,0.615720,0.689902,0.753995,0.718158,0.761410,0.686553,0.715791,0.680046,0.649980,0.754697,0.790171,0.691724,0.708204,0.716261,0.601967,0.678928,0.669391,0.660085,0.747632,0.683969,0.764461,0.768725,0.772177,0.693203,0.715476,0.729944,0.702492,0.708502,0.701970,0.634376,0.758002,0.733839,0.746337,0.625311,0.658841,0.700069,0.689316,0.778509,0.742714,0.675021,0.631770,0.698771,0.696796,0.739261,0.622243,0.670414,0.720781,0.680612,0.730314,0.700374,0.658615,0.701205,0.601280,0.660169,0.623807,0.675859,0.654122,0.609836,0.761236,0.686333,0.595377,0.734903,0.695714,0.668350,0.684543,0.635178,0.716651,0.739852,0.699820,0.784730,0.643483,0.736061,0.797575,0.678123,0.670777,0.698611,0.686792,0.678727,0.791552,0.703670,0.738296,0.773868,0.705507,0.670328,0.724477,0.691716,0.726894,0.684370,0.731977,0.763838,0.739648,0.606624,0.682619,0.639260,0.672859,0.722489,0.619139,0.693769,0.698017,0.727193,0.760583,0.716617,0.720145,0.647693,0.720605,0.598395,0.569996,0.685619,0.749188,0.667759,0.722013,0.766475,0.710276,0.619816,0.677824,0.837418,0.615440,0.799208,0.653790,0.731010,0.596985,0.748976,0.715227,0.804013,0.758361,0.548818,0.747123,0.750307,0.696839,0.654622,0.675875,0.735672,0.744446,0.638137,0.610174,0.730519,0.644854,0.648003,#
2,0.758215,0.757015,1.000000,0.681274,0.553396,0.750730,0.655793,0.680941,0.759174,0.627754,0.768738,0.613184,0.611773,0.590942,0.622752,0.687373,0.681851,0.730298,0.644029,0.682613,0.603330,0.656418,0.637785,0.758692,0.625349,0.629204,0.754101,0.758654,0.694944,0.683280,0.765522,0.696415,0.649326,0.671602,0.657037,0.708150,0.673518,0.729129,0.775780,0.666106,0.579631,0.658568,0.728126,0.686792,0.587228,0.606812,0.802743,0.655523,0.686833,0.753327,0.669459,0.722930,0.728436,0.687391,0.791473,0.689555,0.642352,0.705824,0.649045,0.690963,0.748082,0.683791,0.693657,0.754327,0.694477,0.719022,0.726296,0.670115,0.682459,0.689026,0.691769,0.707405,0.805730,0.645313,0.699550,0.762324,0.665282,0.706614,0.704782,0.673580,0.770498,0.701408,0.673725,0.714316,0.751161,0.704093,0.674987,0.747821,0.639597,0.652322,0.723519,0.713959,0.718600,0.713399,0.707175,0.728786,0.621770,0.666111,0.803013,0.762473,0.613845,0.690258,0.649886,0.664471,0.601091,0.713492,0.652245,0.605872,0.719638,0.661884,0.715492,0.587335,0.697957,0.625858,0.637086,0.669964,0.588871,0.645781,0.745551,0.632051,0.663899,0.716033,0.640985,0.750944,0.726761,0.682114,0.652882,0.679466,0.681975,0.722146,0.746027,0.769265,0.723394,0.731858,0.697427,0.744175,0.648262,0.699951,0.719278,0.691289,0.725061,0.678206,0.605288,0.656578,0.675117,0.748676,0.656594,0.707451,0.652098,0.700137,0.723718,0.675679,0.704872,0.652702,0.658018,0.640187,0.692195,0.615105,0.613624,0.639544,0.621671,0.648889,0.649184,0.668157,0.635376,0.724690,0.763394,0.565303,0.612303,0.644406,0.721809,0.673480,0.673767,0.645657,0.728077,0.512523,0.605790,0.748963,0.618220,0.688975,0.633880,0.703882,0.521628,0.760439,0.653668,0.690726,0.673055,0.613431,0.758811,0.752792,0.710928,0.673239,0.812828,0.642160,0.682100,0.773825,0.603146,0.791350,0.679959,0.668904,#
3,0.667341,0.739736,0.681274,1.000000,0.626791,0.718042,0.635264,0.591694,0.726786,0.657045,0.685386,0.631271,0.609436,0.671526,0.585883,0.778296,0.660991,0.674212,0.749823,0.644919,0.620307,0.631617,0.611987,0.666108,0.720208,0.651636,0.663943,0.664917,0.581308,0.609477,0.674665,0.745185,0.634145,0.662840,0.638054,0.636301,0.626869,0.774684,0.568026,0.692013,0.645568,0.604644,0.668630,0.704710,0.573151,0.709091,0.764102,0.579032,0.760283,0.662689,0.658087,0.602528,0.679463,0.592175,0.644638,0.679024,0.524294,0.680674,0.699032,0.697553,0.667770,0.576768,0.575588,0.695711,0.739719,0.670115,0.656618,0.696244,0.613941,0.619426,0.637361,0.690592,0.706121,0.666895,0.623373,0.654327,0.603528,0.632894,0.652763,0.641992,0.715906,0.563317,0.614315,0.709069,0.751856,0.713807,0.733568,0.606781,0.654077,0.695529,0.688571,0.630882,0.707933,0.741792,0.634694,0.628025,0.553304,0.579122,0.673029,0.699248,0.630656,0.608546,0.598969,0.591517,0.650789,0.603410,0.599546,0.574190,0.654511,0.618829,0.651796,0.618199,0.554783,0.708809,0.682519,0.742286,0.539701,0.560936,0.671956,0.558076,0.627567,0.667656,0.593885,0.691810,0.673057,0.705435,0.687871,0.583042,0.635050,0.709306,0.607523,0.682651,0.597012,0.692207,0.715231,0.716647,0.753713,0.670634,0.670826,0.642654,0.673498,0.666770,0.652758,0.577563,0.658040,0.713547,0.578809,0.717241,0.662957,0.592018,0.654434,0.680825,0.617289,0.669750,0.623023,0.564166,0.678573,0.626160,0.585634,0.603061,0.677129,0.670040,0.660828,0.632855,0.599755,0.673973,0.694376,0.531259,0.622872,0.606051,0.647325,0.712827,0.718512,0.720015,0.683219,0.605648,0.692171,0.715305,0.660219,0.667518,0.584766,0.749858,0.557896,0.642004,0.617149,0.727556,0.660164,0.510503,0.740838,0.735937,0.617136,0.613179,0.644484,0.624112,0.660560,0.625873,0.595348,0.697636,0.635773,0.610536,#
4,0.588585,0.646356,0.553396,0.626791,1.000000,0.748236,0.662075,0.575773,0.591352,0.575519,0.556573,0.617376,0.518694,0.648927,0.527460,0.656000,0.690374,0.772055,0.632033,0.664237,0.635519,0.604514,0.531014,0.657793,0.698406,0.610454,0.633190,0.602926,0.462758,0.571590,0.763831,0.605235,0.653245,0.461988,0.553291,0.566959,0.612019,0.721488,0.542794,0.677324,0.593056,0.517947,0.599217,0.648995,0.541400,0.702671,0.591666,0.641030,0.712400,0.665525,0.615074,0.565957,0.653595,0.532185,0.672298,0.682935,0.530696,0.632919,0.679771,0.658841,0.628969,0.579220,0.545221,0.631342,0.643454,0.681289,0.691905,0.572116,0.621265,0.585469,0.646087,0.767903,0.597702,0.650495,0.607724,0.514661,0.529638,0.634601,0.639232,0.589930,0.634217,0.520869,0.618608,0.615755,0.693397,0.546858,0.537967,0.530364,0.583767,0.697334,0.610811,0.540074,0.532895,0.661508,0.524108,0.626399,0.587270,0.421007,0.500001,0.606147,0.691034,0.648849,0.610261,0.579430,0.602915,0.649457,0.596034,0.579461,0.683874,0.577872,0.548080,0.602997,0.546124,0.654364,0.545157,0.618284,0.546117,0.656665,0.609735,0.445515,0.584509,0.605039,0.697808,0.643770,0.645594,0.665797,0.523630,0.550633,0.683689,0.606570,0.707565,0.651968,0.574579,0.632506,0.736530,0.615621,0.613671,0.634482,0.594604,0.585401,0.607387,0.642702,0.626446,0.624247,0.615369,0.492706,0.654041,0.647285,0.583335,0.643704,0.697079,0.709752,0.532966,0.436136,0.664682,0.632622,0.665813,0.537927,0.595938,0.535209,0.581758,0.549967,0.698077,0.557518,0.633195,0.620609,0.588499,0.432413,0.605087,0.579933,0.605854,0.667953,0.647418,0.619749,0.697135,0.591675,0.643543,0.645821,0.599036,0.647566,0.652830,0.582256,0.629570,0.604138,0.668906,0.685632,0.617597,0.696662,0.665759,0.599358,0.525798,0.545934,0.584036,0.647624,0.578786,0.564365,0.542769,0.708274,0.631182,0.456115,#
5,0.785149,0.806780,0.750730,0.718042,0.748236,1.000000,0.675946,0.707750,0.801428,0.678120,0.730442,0.722684,0.593142,0.657600,0.677314,0.800299,0.751059,0.795014,0.755808,0.743661,0.724181,0.786358,0.706397,0.761143,0.718645,0.700682,0.808603,0.766283,0.581037,0.678721,0.795855,0.745851,0.764072,0.675304,0.732477,0.764481,0.739586,0.819981,0.709373,0.720307,0.738873,0.639453,0.694480,0.724897,0.709439,0.723951,0.786959,0.721088,0.771745,0.746577,0.722322,0.710985,0.714976,0.784332,0.752709,0.828318,0.652978,0.757680,0.823545,0.777153,0.767562,0.678957,0.746891,0.780719,0.717257,0.762939,0.806044,0.687045,0.703875,0.726778,0.801188,0.786916,0.781898,0.713635,0.723590,0.731521,0.759697,0.677649,0.684656,0.666022,0.772370,0.673837,0.751203,0.730231,0.774551,0.751126,0.723618,0.737518,0.728737,0.747298,0.709534,0.688483,0.707378,0.789233,0.730250,0.717863,0.739772,0.608436,0.757918,0.728922,0.761838,0.691447,0.813240,0.755089,0.724604,0.746863,0.687208,0.666492,0.709108,0.749793,0.740117,0.786111,0.725877,0.678206,0.562782,0.739744,0.719511,0.769808,0.643471,0.690595,0.673448,0.744039,0.717695,0.840830,0.729360,0.755227,0.705054,0.634435,0.782873,0.760300,0.781903,0.833489,0.750394,0.746662,0.787908,0.717423,0.752661,0.717968,0.739946,0.773404,0.758218,0.724063,0.711362,0.742639,0.819447,0.666849,0.723461,0.746037,0.758399,0.816237,0.732691,0.778503,0.638760,0.646705,0.755812,0.678303,0.739134,0.719804,0.707644,0.670991,0.726250,0.766733,0.757844,0.694927,0.716435,0.729334,0.689105,0.645556,0.652949,0.732540,0.771327,0.776058,0.771139,0.723554,0.829577,0.594169,0.649846,0.786560,0.713646,0.761501,0.702902,0.770544,0.624302,0.695288,0.731369,0.803559,0.780309,0.707049,0.768075,0.763840,0.675865,0.764571,0.700435,0.694469,0.632480,0.642567,0.664525,0.779528,0.702608,0.614840,#
6,0.665618,0.594485,0.655793,0.635264,0.662075,0.675946,1.000000,0.635069,0.676563,0.667552,0.676626,0.663699,0.564849,0.712123,0.535497,0.717218,0.701634,0.759273,0.706692,0.615308,0.700478,0.619858,0.577456,0.700009,0.686207,0.706110,0.717562,0.703947,0.511809,0.694386,0.695085,0.700467,0.677067,0.657738,0.650220,0.663551,0.720620,0.669016,0.634216,0.668246,0.681838,0.749243,0.697593,0.739048,0.714624,0.549912,0.729003,0.696539,0.732515,0.754023,0.706753,0.659548,0.687492,0.526630,0.736586,0.696016,0.666302,0.763617,0.757292,0.631255,0.711808,0.707793,0.633581,0.655581,0.723422,0.676808,0.757029,0.648988,0.732651,0.578664,0.708035,0.744338,0.724916,0.713251,0.620270,0.606219,0.670822,0.780014,0.716169,0.596423,0.712954,0.672709,0.629615,0.793582,0.727621,0.679483,0.650871,0.649877,0.720235,0.719064,0.711711,0.596104,0.561590,0.736226,0.620217,0.686592,0.614531,0.634018,0.664059,0.709949,0.719614,0.700423,0.621268,0.702366,0.733112,0.609080,0.734333,0.613766,0.727158,0.635498,0.591817,0.690392,0.637073,0.637104,0.522667,0.676579,0.565520,0.674764,0.592752,0.599996,0.615734,0.660117,0.645512,0.768618,0.750694,0.665630,0.653937,0.707811,0.549177,0.621905,0.744209,0.653167,0.576124,0.606684,0.696612,0.666082,0.712742,0.680710,0.775267,0.694417,0.686268,0.701208,0.649266,0.666575,0.639730,0.718587,0.708760,0.643034,0.650779,0.663555,0.683772,0.724924,0.615819,0.633823,0.597045,0.633256,0.670359,0.525424,0.649294,0.732366,0.710090,0.711616,0.651727,0.625409,0.727466,0.719817,0.755800,0.488534,0.593509,0.697358,0.699475,0.711114,0.691055,0.603415,0.651890,0.680245,0.687995,0.648911,0.685998,0.718388,0.673942,0.671641,0.679617,0.701647,0.620584,0.691737,0.653867,0.697121,0.692982,0.676897,0.697897,0.616552,0.679364,0.650088,0.733232,0.746403,0.727312,0.767780,0.660993,0.687606,#
7,0.769696,0.713938,0.680941,0.591694,0.575773,0.707750,0.635069,1.000000,0.737106,0.623235,0.745219,0.684394,0.619471,0.656467,0.649501,0.670066,0.647753,0.689521,0.688617,0.661276,0.704979,0.624943,0.829837,0.716098,0.627726,0.703281,0.721117,0.651475,0.569091,0.682505,0.657287,0.740301,0.636923,0.666132,0.685027,0.699060,0.705549,0.681216,0.663792,0.705962,0.665681,0.648360,0.696819,0.710896,0.640970,0.614646,0.701719,0.738325,0.708867,0.664385,0.742432,0.731116,0.759331,0.693418,0.704820,0.705280,0.664112,0.801079,0.705583,0.765733,0.660001,0.624481,0.755661,0.718281,0.746706,0.736249,0.797815,0.656675,0.758837,0.552495,0.737210,0.631626,0.711158,0.722396,0.727219,0.721098,0.724736,0.689570,0.631172,0.582458,0.740407,0.635528,0.737220,0.703805,0.695660,0.677864,0.721630,0.627848,0.649566,0.613949,0.730124,0.745510,0.597238,0.694776,0.693042,0.695931,0.722829,0.659960,0.644234,0.675468,0.653528,0.700128,0.687154,0.678695,0.704746,0.627199,0.649628,0.669135,0.715617,0.604663,0.750679,0.682699,0.680246,0.666007,0.542471,0.780019,0.573061,0.665570,0.581707,0.688766,0.683177,0.686556,0.619616,0.761396,0.843411,0.717945,0.637812,0.718371,0.593290,0.652516,0.714057,0.698267,0.706248,0.624059,0.759207,0.753604,0.676344,0.758191,0.644991,0.744849,0.665837,0.678224,0.654849,0.658961,0.739730,0.607057,0.720870,0.612035,0.675549,0.715717,0.702221,0.647849,0.697078,0.599790,0.635299,0.695222,0.681912,0.686378,0.704704,0.641975,0.718650,0.676488,0.727029,0.633002,0.700218,0.664674,0.746298,0.623830,0.623682,0.670663,0.751447,0.693592,0.641426,0.756762,0.685676,0.515034,0.604698,0.662153,0.672903,0.772060,0.626362,0.658628,0.675170,0.715051,0.668440,0.726482,0.689393,0.599018,0.692502,0.760983,0.691191,0.663429,0.624039,0.625834,0.692951,0.687208,0.646846,0.737199,0.717480,0.617773,#
8,0.746000,0.817665,0.759174,0.726786,0.591352,0.801428,0.676563,0.737106,1.000000,0.730283,0.727368,0.731740,0.695370,0.702733,0.657726,0.751670,0.674776,0.804796,0.710521,0.735477,0.683375,0.783088,0.756433,0.703035,0.674740,0.662674,0.740990,0.739300,0.637150,0.699539,0.754229,0.737501,0.673240,0.700968,0.691110,0.762082,0.690032,0.776278,0.730762,0.688340,0.621847,0.659982,0.757391,0.711972,0.703702,0.615862,0.740310,0.701252,0.760237,0.732833,0.719056,0.703676,0.684725,0.755818,0.775099,0.763212,0.668029,0.783605,0.762843,0.685825,0.731148,0.718438,0.684629,0.781915,0.748240,0.768158,0.762467,0.723142,0.761154,0.698525,0.719758,0.761883,0.837092,0.776377,0.742727,0.696760,0.769485,0.764154,0.638581,0.686932,0.750704,0.647780,0.771821,0.792665,0.803171,0.729384,0.700678,0.773145,0.694133,0.660901,0.767791,0.698417,0.711683,0.657306,0.747317,0.682364,0.669826,0.661927,0.791129,0.756800,0.744271,0.729646,0.769923,0.727570,0.723623,0.662768,0.696500,0.724000,0.660080,0.725231,0.722355,0.712289,0.762536,0.683271,0.597821,0.748175,0.589158,0.646347,0.738431,0.753511,0.677851,0.703778,0.669091,0.790464,0.750830,0.765642,0.673071,0.726832,0.708628,0.688170,0.702892,0.733441,0.675689,0.692363,0.777453,0.674167,0.714028,0.751866,0.696976,0.714180,0.815745,0.788347,0.738715,0.733960,0.787891,0.659286,0.689875,0.619626,0.736124,0.783537,0.705818,0.728355,0.715631,0.761124,0.591824,0.736686,0.744685,0.715194,0.727043,0.751861,0.771525,0.782163,0.778554,0.732533,0.727772,0.725259,0.718149,0.636005,0.663967,0.727241,0.780769,0.699262,0.720020,0.722419,0.763798,0.609815,0.643591,0.831726,0.616156,0.661451,0.666794,0.795958,0.650478,0.809916,0.688196,0.757131,0.777990,0.625579,0.716592,0.770363,0.741380,0.709390,0.707427,0.716042,0.710001,0.697000,0.743749,0.728759,0.714713,0.740474,#
9,0.694240,0.697106,0.627754,0.657045,0.575519,0.678120,0.667552,0.623235,0.730283,1.000000,0.667132,0.583028,0.641562,0.716927,0.697330,0.687273,0.711543,0.757440,0.660620,0.632078,0.767356,0.615140,0.629877,0.698870,0.662166,0.626398,0.669471,0.804256,0.528047,0.801582,0.667348,0.693951,0.705641,0.664564,0.699198,0.670556,0.676504,0.685437,0.692983,0.736272,0.687946,0.763840,0.678414,0.666419,0.707936,0.641141,0.618125,0.712228,0.728074,0.635986,0.662134,0.619160,0.568636,0.606683,0.740305,0.697776,0.678042,0.789438,0.620090,0.635868,0.755376,0.645395,0.699514,0.716487,0.659720,0.772382,0.745654,0.678769,0.744057,0.550034,0.613290,0.743840,0.658932,0.639091,0.699830,0.677155,0.678369,0.732399,0.631710,0.742027,0.748560,0.674445,0.677911,0.807124,0.721799,0.662788,0.632975,0.731939,0.711553,0.642998,0.681587,0.585421,0.696184,0.670403,0.692501,0.673459,0.589391,0.632221,0.657370,0.710927,0.770663,0.679987,0.691814,0.717825,0.710025,0.657472,0.652671,0.704151,0.724999,0.717910,0.740554,0.645620,0.666134,0.659683,0.626746,0.778462,0.434191,0.685981,0.604176,0.672536,0.633980,0.722962,0.658983,0.745389,0.702216,0.684547,0.666046,0.635603,0.704029,0.599654,0.615198,0.754158,0.644000,0.617986,0.717421,0.624374,0.691939,0.729325,0.699262,0.667947,0.717151,0.731955,0.763889,0.723797,0.716916,0.708912,0.694496,0.714210,0.698146,0.658697,0.610581,0.664523,0.615228,0.687912,0.644687,0.649182,0.617181,0.682421,0.616377,0.740621,0.716749,0.787977,0.693307,0.672383,0.695122,0.727913,0.600406,0.606057,0.667027,0.616786,0.705068,0.647396,0.740502,0.645182,0.725647,0.740171,0.661111,0.770822,0.561112,0.726592,0.712958,0.653326,0.730070,0.648854,0.669670,0.740421,0.686447,0.642995,0.730803,0.652277,0.734933,0.718017,0.626389,0.624068,0.680599,0.634560,0.727293,0.698162,0.704591,0.619006,#
10,0.791508,0.736224,0.768738,0.685386,0.556573,0.730442,0.676626,0.745219,0.727368,0.667132,1.000000,0.666957,0.698203,0.699586,0.630686,0.680975,0.695533,0.714107,0.807361,0.696039,0.709423,0.663655,0.745002,0.760949,0.639591,0.709031,0.740495,0.788932,0.710267,0.756406,0.692208,0.730452,0.675496,0.683921,0.731281,0.757128,0.690433,0.775801,0.735918,0.726406,0.701360,0.671828,0.775684,0.769968,0.655733,0.725846,0.779665,0.723527,0.743164,0.754767,0.691797,0.711234,0.718952,0.671947,0.787816,0.714082,0.677467,0.814528,0.701755,0.747750,0.811239,0.707825,0.768729,0.729980,0.757159,0.674645,0.789440,0.663226,0.778155,0.714251,0.772909,0.743743,0.826761,0.640221,0.696390,0.769453,0.733038,0.819181,0.748594,0.648038,0.800718,0.687463,0.671225,0.786198,0.736993,0.662991,0.784895,0.699109,0.688578,0.763230,0.641912,0.723759,0.786198,0.704943,0.731110,0.749218,0.679004,0.694178,0.709325,0.789660,0.704039,0.675635,0.697895,0.780768,0.743998,0.752949,0.644515,0.659387,0.742644,0.678565,0.783275,0.713104,0.736486,0.705793,0.629778,0.756889,0.581518,0.655126,0.648473,0.671947,0.664378,0.748961,0.604506,0.804009,0.716309,0.657007,0.733526,0.692312,0.700080,0.713497,0.760259,0.712544,0.699332,0.715558,0.740747,0.805782,0.708449,0.693621,0.751219,0.825499,0.811081,0.754382,0.614921,0.720713,0.717689,0.624586,0.687352,0.673059,0.746442,0.714422,0.701028,0.748983,0.725693,0.592173,0.714230,0.701150,0.712614,0.765135,0.667549,0.732264,0.821344,0.652946,0.651779,0.713063,0.725061,0.636481,0.753144,0.567765,0.663173,0.761334,0.772359,0.773194,0.659469,0.675003,0.728354,0.650727,0.680276,0.779446,0.640051,0.742112,0.705601,0.714278,0.691273,0.707583,0.667730,0.745494,0.664181,0.702185,0.721617,0.797447,0.718129,0.668458,0.720650,0.742823,0.700797,0.780530,0.732819,0.761103,0.751202,0.723936,#
11,0.762047,0.636978,0.613184,0.631271,0.617376,0.722684,0.663699,0.684394,0.731740,0.583028,0.666957,1.000000,0.694634,0.649791,0.631241,0.720400,0.707847,0.761973,0.740478,0.640384,0.663542,0.633793,0.697004,0.700204,0.662016,0.655269,0.690016,0.595881,0.635646,0.604463,0.642579,0.680063,0.722328,0.627852,0.546699,0.675030,0.729681,0.754759,0.647118,0.604463,0.633989,0.610593,0.671199,0.653926,0.624841,0.595588,0.702069,0.751681,0.658465,0.733908,0.673051,0.579380,0.618367,0.601316,0.697931,0.721869,0.551147,0.693615,0.667683,0.662291,0.694720,0.551871,0.739484,0.675001,0.650656,0.687542,0.695000,0.659255,0.709378,0.678362,0.754149,0.735051,0.749872,0.724899,0.708088,0.629569,0.775723,0.694578,0.646815,0.555444,0.714825,0.611260,0.707529,0.712537,0.742047,0.650425,0.607398,0.676565,0.534716,0.620033,0.743577,0.594512,0.606769,0.687416,0.596323,0.637027,0.689517,0.651983,0.709774,0.691134,0.657661,0.683104,0.708648,0.677051,0.726265,0.615874,0.624126,0.692679,0.727820,0.701398,0.768572,0.721538,0.672006,0.648750,0.528470,0.730543,0.618375,0.582012,0.653492,0.685916,0.541231,0.690541,0.660010,0.782677,0.785085,0.705644,0.718924,0.677046,0.674694,0.631383,0.739313,0.619357,0.658516,0.680750,0.751494,0.677077,0.714828,0.693470,0.702442,0.595604,0.690534,0.627166,0.603395,0.716167,0.701856,0.565612,0.732780,0.697860,0.665430,0.738770,0.647139,0.638172,0.633139,0.606459,0.645531,0.619604,0.761635,0.609260,0.684202,0.664798,0.693117,0.696316,0.779720,0.691171,0.752510,0.598936,0.679930,0.493561,0.589744,0.745497,0.691857,0.637609,0.751348,0.733021,0.702760,0.619088,0.655739,0.685774,0.605755,0.677451,0.669124,0.649361,0.682430,0.629728,0.651480,0.588618,0.681571,0.697252,0.658018,0.726932,0.615492,0.747869,0.662136,0.623566,0.601047,0.689552,0.683439,0.685574,0.726783,0.604860,#
12,0.650542,0.596833,0.611773,0.609436,0.518694,0.593142,0.564849,0.619471,0.695370,0.641562,0.698203,0.694634,1.000000,0.663594,0.641966,0.618706,0.578672,0.693012,0.707826,0.619566,0.636909,0.494735,0.686305,0.717759,0.633023,0.658698,0.610422,0.689093,0.568444,0.617353,0.622694,0.632672,0.639639,0.675353,0.619867,0.665095,0.660476,0.730112,0.703299,0.583418,0.532736,0.534400,0.610368,0.618267,0.651396,0.621623,0.711663,0.595939,0.624644,0.661342,0.766809,0.552949,0.573578,0.628076,0.745258,0.683708,0.550801,0.691907,0.544645,0.632545,0.668853,0.586031,0.706954,0.680715,0.712446,0.712064,0.651546,0.546096,0.723216,0.600694,0.647680,0.675262,0.664124,0.656856,0.711055,0.606396,0.666244,0.692836,0.674987,0.697398,0.665144,0.562334,0.642125,0.713265,0.664200,0.668349,0.571409,0.688434,0.587372,0.572363,0.788110,0.609899,0.697510,0.569476,0.562959,0.651087,0.682596,0.612097,0.653200,0.634122,0.566777,0.706439,0.689086,0.684787,0.614473,0.560471,0.586967,0.537740,0.720989,0.667467,0.650217,0.669072,0.607400,0.587039,0.721963,0.713596,0.433487,0.476918,0.700831,0.692020,0.564554,0.648192,0.571952,0.727073,0.684867,0.749219,0.659542,0.584882,0.657599,0.594822,0.606781,0.553576,0.564979,0.627317,0.638879,0.656184,0.580730,0.648084,0.581639,0.611987,0.746314,0.656366,0.587695,0.721261,0.565422,0.536607,0.648868,0.604150,0.680282,0.722920,0.642210,0.577573,0.638837,0.550583,0.536954,0.688016,0.716027,0.715599,0.689696,0.665180,0.645854,0.672737,0.663750,0.608369,0.732929,0.522127,0.610511,0.665286,0.487274,0.675685,0.638336,0.587063,0.692450,0.626819,0.643555,0.494720,0.749131,0.742767,0.576040,0.585212,0.625143,0.665578,0.671159,0.570410,0.532701,0.623626,0.585510,0.603283,0.690617,0.665399,0.608760,0.640329,0.577349,0.626732,0.548196,0.706582,0.671966,0.702052,0.725352,0.500414,#
13,0.659990,0.663418,0.590942,0.671526,0.648927,0.657600,0.712123,0.656467,0.702733,0.716927,0.699586,0.649791,0.663594,1.000000,0.587413,0.690689,0.598711,0.755198,0.742164,0.665045,0.691928,0.616997,0.697534,0.648182,0.686162,0.622788,0.603482,0.722131,0.603343,0.743684,0.575938,0.667778,0.697445,0.742576,0.502323,0.605977,0.705095,0.763223,0.696991,0.676805,0.805871,0.601284,0.710746,0.712367,0.733500,0.693487,0.685234,0.679032,0.750151,0.658873,0.715799,0.754562,0.599813,0.575250,0.731756,0.744399,0.673242,0.774898,0.752496,0.697946,0.776220,0.678765,0.648881,0.787338,0.765240,0.771287,0.712982,0.642642,0.711576,0.588660,0.633110,0.733510,0.700601,0.759004,0.680878,0.633485,0.683069,0.736482,0.732312,0.658433,0.741993,0.621187,0.643820,0.814590,0.700006,0.723048,0.596516,0.607502,0.725337,0.650883,0.630524,0.716830,0.642650,0.692964,0.691682,0.673943,0.612849,0.617892,0.637833,0.723827,0.681296,0.687758,0.696728,0.767830,0.740863,0.710635,0.657027,0.683778,0.722655,0.670594,0.659180,0.677056,0.689754,0.676279,0.624180,0.779324,0.509730,0.664792,0.728986,0.689809,0.708314,0.716338,0.600384,0.706899,0.729218,0.704307,0.730066,0.617525,0.647959,0.611845,0.707907,0.651695,0.616630,0.674993,0.716923,0.664611,0.692124,0.728486,0.717126,0.632749,0.753823,0.790898,0.697392,0.730396,0.678512,0.625137,0.729000,0.646007,0.702771,0.711130,0.738139,0.718164,0.631747,0.659320,0.548127,0.635033,0.778953,0.707437,0.720828,0.680936,0.732872,0.719167,0.648667,0.720275,0.749273,0.643058,0.692983,0.607045,0.696534,0.684154,0.685051,0.784096,0.760491,0.656612,0.745921,0.706257,0.710084,0.776860,0.648132,0.723572,0.689828,0.687794,0.740604,0.681507,0.750530,0.749197,0.611405,0.703833,0.681757,0.744393,0.612303,0.650965,0.643688,0.714880,0.727827,0.630193,0.704033,0.713560,0.691431,0.630662,#
14,0.650433,0.701419,0.622752,0.585883,0.527460,0.677314,0.535497,0.649501,0.657726,0.697330,0.630686,0.631241,0.641966,0.587413,1.000000,0.594187,0.661474,0.625181,0.578052,0.595881,0.688900,0.598590,0.640544,0.736084,0.580863,0.506220,0.632108,0.660026,0.477645,0.638168,0.647869,0.633709,0.615497,0.634718,0.630372,0.624372,0.641562,0.681816,0.692274,0.548006,0.583622,0.605274,0.643799,0.646861,0.569300,0.638831,0.652739,0.597680,0.575080,0.564145,0.594873,0.586808,0.529522,0.694801,0.640807,0.660896,0.554778,0.615403,0.645995,0.588869,0.674623,0.679045,0.658991,0.577832,0.646671,0.620370,0.676999,0.595576,0.711958,0.602752,0.572044,0.619634,0.630151,0.559791,0.709659,0.608499,0.543898,0.666427,0.616337,0.501558,0.664147,0.573869,0.646861,0.672047,0.633496,0.665973,0.561891,0.596213,0.662011,0.466532,0.645582,0.542531,0.624602,0.689048,0.744983,0.606282,0.710299,0.570367,0.619323,0.625055,0.672579,0.660135,0.649252,0.573372,0.605703,0.694669,0.550396,0.531396,0.765736,0.583649,0.700358,0.648715,0.685641,0.558270,0.524094,0.669526,0.417506,0.559739,0.572390,0.620162,0.597108,0.724380,0.521566,0.635860,0.712122,0.516514,0.635549,0.640583,0.596438,0.574147,0.550280,0.664421,0.561415,0.564436,0.621149,0.620254,0.643936,0.618544,0.623796,0.657332,0.720717,0.648076,0.521314,0.685256,0.625252,0.638027,0.799487,0.610051,0.631331,0.564646,0.610986,0.594183,0.474883,0.511604,0.640972,0.580900,0.570363,0.642526,0.568983,0.582696,0.639003,0.609812,0.666765,0.561393,0.588914,0.492158,0.505305,0.552591,0.435415,0.662143,0.614981,0.644503,0.651104,0.677230,0.716287,0.552620,0.609250,0.710089,0.502504,0.649268,0.496103,0.626079,0.696868,0.634945,0.644191,0.636377,0.723072,0.585421,0.697963,0.619084,0.581432,0.602332,0.650660,0.590018,0.505817,0.646512,0.598117,0.659061,0.579359,0.418434,#
15,0.753647,0.742012,0.687373,0.778296,0.656000,0.800299,0.717218,0.670066,0.751670,0.687273,0.680975,0.720400,0.618706,0.690689,0.594187,1.000000,0.734242,0.772438,0.821608,0.686497,0.691951,0.726712,0.649382,0.722443,0.746962,0.687611,0.715831,0.657508,0.548676,0.688000,0.750600,0.760951,0.721587,0.758233,0.681388,0.784114,0.802321,0.754480,0.778441,0.644100,0.689569,0.674341,0.712657,0.645174,0.755643,0.619597,0.776735,0.775320,0.829410,0.738747,0.731725,0.663047,0.711086,0.648228,0.694188,0.709082,0.647845,0.777670,0.729764,0.689685,0.752017,0.605106,0.663966,0.788752,0.741660,0.725800,0.746425,0.719878,0.636692,0.587946,0.727118,0.734178,0.692270,0.646822,0.765427,0.631979,0.739444,0.690061,0.732121,0.709630,0.704234,0.667573,0.723667,0.758669,0.808510,0.799806,0.663555,0.697380,0.662286,0.686545,0.706102,0.633000,0.639341,0.711777,0.652104,0.627306,0.617625,0.655275,0.666619,0.710535,0.791729,0.654638,0.767762,0.717925,0.702106,0.679377,0.658149,0.698159,0.724587,0.765033,0.676492,0.615838,0.696622,0.666702,0.634351,0.735965,0.639288,0.654218,0.741762,0.696800,0.655626,0.736632,0.654434,0.771275,0.762019,0.732406,0.764467,0.614826,0.788996,0.704983,0.708503,0.695526,0.666945,0.581271,0.719267,0.669451,0.733718,0.698086,0.775336,0.699571,0.710817,0.688742,0.687635,0.721325,0.729548,0.722843,0.679457,0.692194,0.749971,0.764388,0.701987,0.706124,0.703140,0.687063,0.680070,0.636516,0.762058,0.649987,0.727972,0.675963,0.718261,0.782929,0.735409,0.635989,0.742360,0.746145,0.717875,0.673420,0.689959,0.685453,0.687486,0.774573,0.745250,0.701126,0.761468,0.645593,0.713597,0.760701,0.617705,0.712830,0.683765,0.732235,0.649996,0.690400,0.661534,0.727312,0.698837,0.604008,0.711509,0.781369,0.679567,0.741560,0.655347,0.659625,0.708069,0.641184,0.678016,0.769931,0.765350,0.679788,#
16,0.773593,0.685278,0.681851,0.660991,0.690374,0.751059,0.701634,0.647753,0.674776,0.711543,0.695533,0.707847,0.578672,0.598711,0.661474,0.734242,1.000000,0.756727,0.727834,0.670712,0.746865,0.666739,0.574423,0.735726,0.638335,0.702859,0.697380,0.565114,0.537388,0.637202,0.780338,0.743836,0.727718,0.558285,0.627948,0.710577,0.716206,0.724445,0.662111,0.707149,0.644787,0.655653,0.665435,0.688690,0.614353,0.691538,0.671712,0.743344,0.707348,0.736743,0.614039,0.629894,0.684678,0.700983,0.723669,0.753357,0.529517,0.739125,0.692112,0.611116,0.741363,0.662812,0.685711,0.678604,0.690057,0.634938,0.793615,0.696569,0.762499,0.690103,0.691952,0.746669,0.728028,0.642153,0.687870,0.634825,0.687531,0.746482,0.704693,0.691878,0.751775,0.708170,0.697456,0.765768,0.736780,0.686607,0.685695,0.651022,0.617422,0.656243,0.632086,0.650254,0.696346,0.726314,0.685560,0.776293,0.710132,0.584559,0.686856,0.661063,0.739820,0.668930,0.700038,0.654723,0.680698,0.765870,0.728319,0.651255,0.800802,0.637170,0.722988,0.734897,0.682995,0.764404,0.672999,0.755962,0.656478,0.673923,0.600869,0.531770,0.578193,0.713949,0.670465,0.756149,0.706527,0.666531,0.699291,0.624714,0.714654,0.639195,0.753972,0.647144,0.759805,0.621935,0.757609,0.775321,0.706815,0.696100,0.725762,0.701507,0.701616,0.688110,0.713236,0.715460,0.660504,0.605323,0.704118,0.723075,0.652644,0.677599,0.653319,0.755949,0.601982,0.629899,0.760502,0.603555,0.643751,0.666256,0.659919,0.677378,0.621399,0.658478,0.761892,0.678640,0.699409,0.731383,0.647303,0.604017,0.662314,0.740969,0.676996,0.652603,0.689518,0.704002,0.733466,0.679392,0.578435,0.727180,0.600736,0.727668,0.683988,0.651955,0.701948,0.620923,0.675346,0.680118,0.737267,0.683879,0.717279,0.707153,0.736727,0.653010,0.746777,0.674445,0.631952,0.688878,0.705818,0.779723,0.771790,0.662506,#
17,0.779484,0.688053,0.730298,0.674212,0.772055,0.795014,0.759273,0.689521,0.804796,0.757440,0.714107,0.761973,0.693012,0.755198,0.625181,0.772438,0.756727,1.000000,0.688267,0.784091,0.742346,0.667584,0.720795,0.812427,0.768290,0.698355,0.760989,0.729709,0.605807,0.763817,0.797452,0.764190,0.700636,0.659862,0.640365,0.755051,0.758476,0.825343,0.742626,0.792757,0.677877,0.679266,0.750715,0.735631,0.704834,0.636327,0.759929,0.765578,0.796154,0.787165,0.743933,0.673168,0.676952,0.689142,0.769600,0.804463,0.677450,0.769831,0.730380,0.696802,0.765229,0.715869,0.735201,0.793968,0.744597,0.826433,0.844178,0.724397,0.809377,0.682262,0.763307,0.808215,0.778548,0.715491,0.746067,0.690140,0.795203,0.806295,0.706017,0.766709,0.768692,0.721422,0.798980,0.823227,0.792729,0.711349,0.712234,0.759581,0.676976,0.720199,0.802593,0.687844,0.701279,0.700586,0.670877,0.792262,0.713296,0.609351,0.701930,0.830942,0.775085,0.746406,0.754831,0.770618,0.728679,0.691531,0.734539,0.702726,0.712825,0.755502,0.703532,0.693841,0.781549,0.715078,0.661101,0.790565,0.622595,0.703102,0.719900,0.688503,0.694646,0.725360,0.715518,0.845153,0.796466,0.773734,0.706006,0.741641,0.723697,0.707934,0.783798,0.796315,0.750383,0.709986,0.752616,0.694559,0.746895,0.751285,0.763077,0.762967,0.820739,0.738069,0.771739,0.777941,0.775557,0.708848,0.778829,0.724125,0.749770,0.765871,0.748767,0.758323,0.701254,0.709347,0.709632,0.762333,0.824419,0.728870,0.740219,0.738122,0.749340,0.737758,0.787728,0.689162,0.799099,0.752891,0.639950,0.585189,0.705536,0.741329,0.765103,0.758206,0.756534,0.747210,0.847896,0.666775,0.713933,0.789384,0.671267,0.713080,0.741116,0.773797,0.740753,0.722413,0.765105,0.745379,0.740337,0.782234,0.726940,0.750444,0.718543,0.766729,0.775952,0.738501,0.716775,0.726245,0.769127,0.796409,0.767660,0.673144,#
18,0.728960,0.744173,0.644029,0.749823,0.632033,0.755808,0.706692,0.688617,0.710521,0.660620,0.807361,0.740478,0.707826,0.742164,0.578052,0.821608,0.727834,0.688267,1.000000,0.657208,0.702748,0.723136,0.681504,0.674530,0.673749,0.744067,0.772504,0.691106,0.605151,0.730471,0.673693,0.767059,0.759408,0.740093,0.707068,0.771161,0.716465,0.768078,0.728623,0.694230,0.742056,0.640659,0.725560,0.650021,0.756845,0.719728,0.752867,0.761033,0.791949,0.685728,0.695444,0.660149,0.684058,0.607780,0.797405,0.741135,0.625800,0.781431,0.712625,0.769063,0.758474,0.641129,0.680829,0.771289,0.782169,0.701068,0.746674,0.684835,0.758557,0.711845,0.742081,0.753895,0.732878,0.679708,0.749815,0.662893,0.737325,0.709165,0.757313,0.630164,0.746558,0.644518,0.647161,0.805770,0.780357,0.726408,0.699610,0.689154,0.747437,0.700920,0.707434,0.627890,0.784527,0.790895,0.683608,0.691700,0.676922,0.730712,0.725111,0.713385,0.728286,0.633369,0.717423,0.774943,0.739289,0.710548,0.670867,0.672993,0.761584,0.759655,0.734197,0.727456,0.736043,0.747208,0.606711,0.746136,0.652855,0.655856,0.729740,0.698617,0.633206,0.790463,0.639042,0.792413,0.723907,0.721882,0.803521,0.600812,0.778141,0.624631,0.783343,0.689295,0.718938,0.671612,0.734674,0.690000,0.788094,0.703350,0.728995,0.738982,0.749974,0.739466,0.651586,0.782540,0.707540,0.657386,0.658230,0.687031,0.725198,0.680335,0.705296,0.776456,0.732766,0.621457,0.680172,0.726246,0.736469,0.733398,0.719703,0.652564,0.760936,0.739880,0.792928,0.727502,0.754905,0.695730,0.826167,0.644680,0.606837,0.736050,0.682093,0.740121,0.721062,0.703121,0.680827,0.727611,0.695762,0.765935,0.718167,0.793214,0.748274,0.704417,0.710472,0.676216,0.713736,0.747669,0.631122,0.703321,0.700530,0.793027,0.666578,0.727838,0.651690,0.758265,0.719916,0.675971,0.706670,0.764702,0.775950,0.713768,#
19,0.649285,0.713000,0.682613,0.644919,0.664237,0.743661,0.615308,0.661276,0.735477,0.632078,0.696039,0.640384,0.619566,0.665045,0.595881,0.686497,0.670712,0.784091,0.657208,1.000000,0.706207,0.645880,0.610276,0.651175,0.618843,0.644960,0.687459,0.676372,0.607029,0.629457,0.731751,0.807785,0.649684,0.607684,0.491965,0.778849,0.626633,0.728090,0.673752,0.626604,0.631699,0.604219,0.664567,0.682622,0.612637,0.687792,0.763388,0.690595,0.674577,0.582204,0.578563,0.591974,0.653540,0.610409,0.676863,0.622850,0.650480,0.739634,0.688611,0.568472,0.703682,0.578334,0.684507,0.713909,0.642108,0.750394,0.690589,0.550815,0.751143,0.683530,0.648164,0.694252,0.697462,0.648053,0.700222,0.522735,0.614614,0.647257,0.563944,0.614413,0.728810,0.591092,0.739632,0.685805,0.696963,0.562585,0.686493,0.697080,0.681633,0.611063,0.711317,0.640818,0.660376,0.692121,0.661503,0.659083,0.649117,0.513584,0.614729,0.742031,0.685530,0.656150,0.671676,0.658263,0.653579,0.617767,0.620503,0.624186,0.664176,0.635698,0.668690,0.607964,0.665329,0.629847,0.648897,0.669098,0.564990,0.640176,0.616013,0.590793,0.670862,0.664169,0.545065,0.839480,0.713846,0.673762,0.664259,0.549150,0.776595,0.774918,0.678966,0.729647,0.691624,0.734249,0.730130,0.663079,0.597338,0.654185,0.693935,0.697557,0.735959,0.625190,0.624843,0.707520,0.666477,0.596815,0.613168,0.604497,0.652000,0.644188,0.644902,0.704445,0.597442,0.575673,0.683877,0.608427,0.748321,0.699986,0.561459,0.588497,0.635455,0.677450,0.671508,0.615516,0.674651,0.617292,0.601853,0.613403,0.595512,0.658184,0.708223,0.756229,0.699949,0.595053,0.730128,0.529377,0.633822,0.729485,0.628787,0.610557,0.573238,0.591440,0.663540,0.729804,0.581866,0.678781,0.644109,0.722774,0.735477,0.736182,0.624069,0.643931,0.683563,0.685940,0.642366,0.679837,0.589928,0.667938,0.635880,0.551152,#
20,0.765529,0.750477,0.603330,0.620307,0.635519,0.724181,0.700478,0.704979,0.683375,0.767356,0.709423,0.663542,0.636909,0.691928,0.688900,0.691951,0.746865,0.742346,0.702748,0.706207,1.000000,0.672137,0.617229,0.735167,0.684581,0.690436,0.722790,0.740697,0.519457,0.734982,0.712397,0.684359,0.646702,0.686298,0.659692,0.710497,0.674219,0.715240,0.688779,0.742607,0.681545,0.750271,0.672133,0.786434,0.697846,0.654336,0.712281,0.750976,0.703330,0.684230,0.655597,0.700873,0.617308,0.659878,0.684882,0.737764,0.620517,0.739127,0.694270,0.638710,0.762421,0.688983,0.774865,0.678309,0.747408,0.758280,0.810023,0.666952,0.778610,0.582889,0.667199,0.756484,0.683288,0.677939,0.705752,0.587481,0.654784,0.755299,0.710024,0.718726,0.701174,0.740709,0.686432,0.789835,0.687971,0.692995,0.745829,0.676971,0.706174,0.722049,0.706500,0.683411,0.648471,0.746920,0.726847,0.689569,0.590302,0.537933,0.627941,0.729902,0.772387,0.729134,0.733945,0.746607,0.776378,0.635167,0.695418,0.724968,0.765774,0.739453,0.720108,0.745582,0.651285,0.627606,0.646882,0.693501,0.584442,0.673331,0.581812,0.574489,0.694216,0.708947,0.624585,0.787924,0.737918,0.731859,0.648376,0.603050,0.656202,0.653225,0.694072,0.659508,0.726043,0.737892,0.763300,0.639835,0.624956,0.772318,0.740305,0.748797,0.734010,0.624130,0.690803,0.779229,0.721260,0.666602,0.723529,0.704478,0.695551,0.734119,0.702197,0.699449,0.720061,0.611386,0.767270,0.692950,0.664820,0.721748,0.640986,0.698906,0.700406,0.747240,0.699687,0.674353,0.789158,0.622663,0.622836,0.561192,0.622047,0.753464,0.694546,0.651385,0.770666,0.736738,0.743229,0.649912,0.667841,0.750605,0.638747,0.786617,0.619733,0.676675,0.680205,0.635356,0.637801,0.742570,0.682131,0.720665,0.681216,0.659574,0.634099,0.643950,0.674003,0.711663,0.669022,0.678930,0.750133,0.764984,0.740844,0.628589,#
21,0.660663,0.819135,0.656418,0.631617,0.604514,0.786358,0.619858,0.624943,0.783088,0.615140,0.663655,0.633793,0.494735,0.616997,0.598590,0.726712,0.666739,0.667584,0.723136,0.645880,0.672137,1.000000,0.653724,0.713765,0.612009,0.610791,0.762603,0.650927,0.548307,0.672613,0.677009,0.625954,0.685172,0.636361,0.643176,0.724182,0.631790,0.704066,0.677785,0.615324,0.677406,0.696125,0.680957,0.670914,0.672142,0.638002,0.639485,0.708937,0.758728,0.648347,0.535938,0.711048,0.643497,0.598106,0.682433,0.714236,0.645172,0.679606,0.754094,0.591847,0.689945,0.637890,0.629639,0.661674,0.760209,0.602164,0.723145,0.635548,0.688858,0.710136,0.616337,0.778720,0.702044,0.684868,0.724563,0.645854,0.682361,0.684070,0.720917,0.610685,0.625213,0.641758,0.717984,0.718543,0.793350,0.608068,0.609982,0.712834,0.736447,0.719824,0.589236,0.590790,0.663991,0.657608,0.706749,0.661131,0.602557,0.585664,0.619666,0.704939,0.748537,0.593093,0.618590,0.676785,0.591836,0.679980,0.594218,0.612262,0.654873,0.701259,0.672617,0.663415,0.709096,0.676701,0.487929,0.581111,0.581502,0.729813,0.585711,0.657909,0.631728,0.641963,0.624118,0.704721,0.645885,0.618958,0.649471,0.647941,0.681927,0.662112,0.690115,0.719409,0.618740,0.641141,0.769574,0.548753,0.638874,0.668950,0.681569,0.687242,0.774517,0.660231,0.606692,0.676123,0.649443,0.573383,0.700006,0.633516,0.620020,0.695362,0.652677,0.785436,0.689546,0.620413,0.582298,0.608506,0.707648,0.644471,0.547599,0.680694,0.704039,0.644869,0.743303,0.650444,0.730105,0.653370,0.666726,0.599689,0.554825,0.675440,0.717184,0.648350,0.671397,0.648576,0.649218,0.601384,0.558046,0.721410,0.593678,0.696228,0.642957,0.692130,0.605360,0.700454,0.651842,0.738539,0.756198,0.537810,0.645766,0.729491,0.632621,0.607743,0.631187,0.644312,0.676089,0.634486,0.626704,0.749567,0.632170,0.667131,#
