0,1.000000,-0.155028,0.331197,0.063512,0.130091,-0.121767,-0.026494,-0.103936,0.113191,0.041400,0.189851,-0.091926,0.004089,0.063669,0.229227,-0.063397,-0.041019,0.025765,0.264865,0.169251,0.094619,0.354879,0.020667,0.150555,0.211136,-0.075138,0.181413,0.055449,0.358764,0.349456,-0.122753,0.014093,0.030142,-0.008806,-0.178686,0.019782,0.123518,0.055865,0.146744,0.249913,0.142592,0.059919,0.134249,0.071364,-0.127671,0.109374,-0.034017,0.138349,0.237795,0.150998,0.228094,-0.106749,0.167265,0.261537,0.161642,0.278350,0.059799,0.136020,-0.328064,-0.165683,0.182906,-0.111310,0.113403,-0.019335,-0.042202,0.052217,-0.103299,0.032955,0.128827,-0.008842,0.031303,0.032136,0.224006,0.100881,0.037194,-0.128500,0.113795,0.078501,-0.014189,-0.023431,0.200167,-0.093708,-0.037555,0.172207,0.239088,-0.056026,-0.018853,0.150824,0.043828,-0.009591,-0.052514,-0.085939,0.080673,0.154785,0.395540,0.150832,0.385698,0.176258,0.126172,0.231215,0.201908,0.154016,0.165714,0.261389,0.086574,0.160963,0.171327,0.067508,0.173682,-0.037475,-0.006401,0.062927,-0.033777,0.220354,-0.158453,-0.161984,0.067400,0.239067,0.059238,-0.026322,0.307271,0.264164,0.036872,0.078148,-0.005235,0.309368,0.032630,-0.013435,0.128244,0.071377,0.316855,-0.053854,0.263098,0.169340,0.037279,-0.181628,0.350882,0.004073,0.143143,0.262997,0.145615,0.176600,0.131437,-0.174466,0.076526,0.093322,0.081318,0.194202,0.072432,0.048633,0.049186,0.070922,0.343452,0.062480,0.163812,0.054135,-0.021431,-0.037468,0.108311,0.261973,0.119335,0.150343,-0.081500,-0.006430,0.171067,-0.089118,0.170306,0.168004,-0.011991,0.114719,0.334921,-0.014831,0.099352,0.180653,-0.148515,0.129917,0.316485,0.089761,0.144842,-0.047398,-0.122407,0.208179,-0.088298,-0.030706,0.168512,0.062448,0.344477,0.187138,0.200008,0.026769,0.047503,0.139051,0.189494,0.168975,0.322617,-0.088340,-0.006582,0.074793,0.379871,0.256720,#
1,-0.155028,1.000000,0.010906,0.200037,0.091389,0.041935,0.091382,-0.007927,0.262728,-0.152961,0.385598,0.187673,0.059719,0.098911,-0.011548,-0.052978,0.157362,0.118069,-0.107056,0.141203,-0.118543,0.108990,-0.024147,0.121667,-0.050514,0.292251,0.152266,0.257619,0.037062,0.097480,0.218838,0.246007,0.061403,0.171093,0.077367,0.092169,0.079979,0.031705,0.377155,0.083344,-0.136801,0.025135,0.218400,0.084160,-0.012420,0.259244,0.334881,0.292954,0.041903,-0.031394,0.260059,0.293632,0.184549,0.069234,-0.042612,0.119644,0.121468,-0.137812,-0.027923,0.151859,-0.059550,0.134169,0.147804,0.113017,0.133538,0.104740,-0.289322,0.149227,0.098941,0.267656,0.012855,0.040215,0.294102,-0.086822,0.190152,0.217271,0.103156,-0.073217,0.208713,0.103362,0.151895,0.156417,0.275111,0.092562,0.063559,-0.293889,0.132747,0.060588,0.262093,0.168359,0.121696,0.112830,-0.029777,0.122768,-0.004623,-0.012914,-0.025795,-0.203780,0.075636,-0.012334,0.111473,-0.015458,0.052495,0.059132,-0.066533,0.168564,0.183041,0.250140,-0.092882,0.124140,0.264175,0.103013,-0.085863,0.173457,0.218404,0.245940,0.021389,0.124435,-0.085792,0.191816,0.106458,0.056424,0.254018,0.134136,0.088022,0.232434,0.101149,0.151029,-0.015162,0.151018,0.113520,0.141283,0.103520,0.298991,0.290403,0.397364,-0.216749,0.260864,0.304983,0.159304,-0.011448,-0.109276,0.193847,0.056292,0.053871,0.122177,0.194348,0.049659,0.112071,0.024815,-0.109033,0.125163,0.094525,-0.083034,0.410679,0.098340,-0.032697,-0.146907,0.016492,-0.093428,-0.068989,0.204178,0.170698,0.052942,0.094842,0.052180,0.063336,0.047116,0.156582,0.232950,0.074019,0.198429,0.064801,0.122633,-0.051591,-0.014923,0.048295,0.295490,0.126172,-0.010428,0.084249,0.163590,0.139108,-0.170250,0.154319,0.260011,-0.028819,0.033968,0.063280,0.117035,0.287927,-0.104435,0.031407,0.134108,0.224556,0.118765,-0.073716,0.081411,0.029071,0.033726,#
2,0.331197,0.010906,1.000000,0.264431,0.121735,-0.142170,0.076493,0.116923,-0.070230,-0.134334,-0.013628,0.010336,0.073574,0.249450,0.142008,0.137463,0.120931,-0.106472,0.010576,0.140005,0.297690,0.294542,0.163644,0.058672,0.249375,0.254989,0.256889,0.134082,0.193769,0.377802,-0.120155,-0.237219,0.029546,0.032339,-0.064852,0.030798,0.054090,-0.103079,-0.035313,0.193937,0.123106,0.112902,0.399034,-0.046473,-0.187567,0.153459,0.103394,0.270841,0.070579,0.076522,0.373580,0.039735,0.155339,-0.077800,-0.019116,0.072199,-0.043270,-0.015463,-0.019788,0.203988,0.077935,-0.067027,0.079018,0.171268,0.137791,0.065698,-0.093420,-0.097285,0.173409,0.305138,0.079588,-0.005828,0.107476,0.250895,0.062026,-0.020564,0.163166,0.106372,0.005077,-0.032582,0.306272,-0.036486,-0.039921,0.079985,0.038264,0.035978,0.219642,0.197407,0.079481,0.025535,0.030076,0.185831,0.174230,0.045312,-0.003778,-0.049546,0.314285,-0.118644,0.168071,-0.036261,0.165559,-0.042629,0.056461,0.101528,0.093095,0.089054,0.066255,0.102301,0.141666,0.231491,-0.025643,-0.157726,-0.002865,0.065628,0.168085,0.122438,0.157915,0.253747,-0.250848,-0.016998,0.221699,-0.037151,-0.055166,-0.061981,0.002183,-0.010203,0.286215,0.078995,-0.033521,0.196049,0.080661,0.161505,0.035347,-0.005230,0.174713,0.208771,0.212844,-0.103106,-0.047494,0.010943,-0.066538,-0.067079,0.301193,0.123526,0.231310,0.343285,0.144918,0.170676,0.307813,-0.054597,-0.044995,0.344961,0.004278,-0.042793,0.065728,-0.094436,-0.145984,-0.067436,-0.031400,0.128701,0.127504,0.448642,0.026881,0.081682,0.171314,-0.130620,-0.061156,0.153162,-0.321732,0.037274,0.149230,0.225743,0.094376,-0.118281,0.166042,-0.037703,0.317839,-0.008313,0.014955,0.099953,0.263350,0.012793,-0.045196,0.259839,0.034840,-0.032141,0.080370,0.069025,0.168085,-0.048990,-0.079647,0.151705,0.328132,0.017356,0.062272,0.072705,-0.025460,0.204168,0.294529,0.180528,#
3,0.063512,0.200037,0.264431,1.000000,0.306947,0.197037,0.338696,0.024987,0.132570,-0.205315,0.147389,0.302805,0.229518,0.081623,-0.065896,0.146255,0.221916,0.141814,0.219401,0.108018,0.189809,0.132658,-0.037511,0.297592,0.137094,0.223036,0.067018,0.241580,0.109793,0.321804,0.119214,0.284941,0.324678,0.090553,-0.206605,0.073490,0.473090,0.054202,0.300914,0.010763,0.178294,0.264157,0.114954,0.420612,-0.006196,0.161600,0.331847,0.207828,0.096220,0.235009,0.173955,0.139907,0.167613,-0.006296,-0.037487,0.263638,0.143679,0.224477,0.056824,0.049445,0.043676,-0.117964,0.226357,0.122273,0.213314,0.179227,0.197088,0.178415,0.011841,0.185824,0.147937,0.094552,0.273174,0.047569,0.142598,0.425055,0.216888,0.005674,0.266452,0.249886,0.388849,0.233965,-0.062413,0.052678,0.187739,0.055679,0.157087,0.086032,0.237241,0.160638,0.077984,0.267404,0.173130,0.321198,0.050559,0.114843,0.284243,0.088453,0.204274,0.336574,0.341501,0.011628,0.148049,0.182415,0.194776,0.105795,-0.019803,0.061703,0.038095,0.184838,0.229161,0.086627,0.160264,0.062448,0.044920,0.035773,0.352788,-0.075780,0.071720,0.104107,0.179241,0.021547,0.178530,0.314650,0.056741,-0.093697,0.250300,0.053462,0.109538,0.375987,0.146562,0.372758,0.303871,0.188131,0.282429,0.049682,-0.233907,0.079519,0.364613,0.217811,0.272781,0.112866,0.174005,0.331387,0.026419,0.033062,0.205542,0.221211,0.193425,-0.068353,-0.257677,0.103000,-0.005960,0.129757,0.153387,0.167623,0.036353,-0.120839,-0.018412,0.322038,0.116576,0.362623,0.203257,0.108268,0.111585,0.086453,0.099809,0.138596,-0.038552,0.101343,0.151314,0.051089,0.109007,-0.078950,-0.037010,0.175488,0.102727,0.327551,0.141320,0.061143,0.097639,0.247628,0.238799,0.126431,0.117546,0.129205,0.160265,0.170201,-0.095659,0.026185,-0.014147,0.132741,0.487716,0.161468,0.235864,0.257005,0.141574,0.303436,0.265653,0.095681,#
4,0.130091,0.091389,0.121735,0.306947,1.000000,0.236424,0.004011,0.030158,0.256057,-0.155004,-0.094000,0.005689,0.211514,0.069819,-0.058738,0.019352,0.090506,0.131756,0.250448,0.249710,0.262042,0.220880,0.015670,0.257089,0.360963,0.378552,0.039754,0.214685,-0.000248,-0.020285,-0.173064,0.207463,0.245040,-0.064047,-0.122263,0.141286,0.288152,0.005630,-0.086375,-0.097636,0.054589,0.345909,0.226608,0.119383,0.220583,-0.017624,0.270120,0.131956,0.243895,0.070267,0.080966,-0.037978,0.132680,0.137638,0.047257,0.158512,0.112285,-0.056349,0.042218,0.034555,0.188724,-0.032170,-0.004006,-0.168287,0.127016,0.008696,0.088917,0.018375,-0.011819,0.139697,0.131238,-0.000379,0.161192,0.169109,0.060267,-0.087545,0.157552,0.274074,0.140716,-0.155946,0.299112,0.074899,-0.098948,0.011195,0.203090,-0.055207,0.101997,0.154076,0.279747,0.184283,0.087838,0.150077,-0.141653,0.079570,-0.061593,0.152578,0.234117,0.044920,0.333398,0.176767,0.155348,-0.150076,0.106176,0.127479,0.061855,0.012006,-0.088994,0.249479,-0.270367,0.094039,0.475511,-0.025120,0.196382,0.318580,0.066518,-0.168019,0.097592,-0.285338,-0.114876,-0.119576,0.185324,-0.018928,0.240897,-0.101962,0.364611,-0.145935,0.129492,-0.034460,-0.005932,-0.007090,0.111559,-0.026583,0.147994,0.132529,0.214578,0.091424,0.139872,-0.133470,0.168668,0.275525,0.182877,-0.148281,0.096517,-0.043373,0.068764,-0.031049,0.101435,0.025545,0.136846,-0.102752,-0.004267,-0.138446,0.025399,0.091532,-0.127346,0.051202,0.283424,0.049784,0.077900,0.269732,-0.107606,0.174900,-0.079922,0.312336,-0.101017,0.267795,-0.233676,-0.052109,-0.083436,0.158978,0.046889,-0.031209,0.114214,0.079741,0.050638,-0.092130,0.271107,0.133080,0.295337,-0.081700,-0.211975,0.030049,0.129438,-0.056092,-0.120830,-0.020365,0.280418,0.305679,0.005093,0.028340,0.110832,-0.080154,0.239117,-0.070995,0.097690,0.208064,-0.011997,0.316751,0.070980,0.261761,#
5,-0.121767,0.041935,-0.142170,0.197037,0.236424,1.000000,0.243285,-0.030277,0.180627,0.040249,0.043155,-0.119528,0.107574,0.141887,0.119731,0.018498,0.000228,0.016899,-0.002371,-0.182471,0.111520,0.059853,-0.021896,0.078775,0.073429,-0.041999,-0.008088,0.126568,0.145611,0.104797,0.030909,0.247459,0.287539,0.105494,-0.090331,-0.072425,0.356728,0.284711,0.032363,-0.012935,-0.051738,0.124437,-0.083317,0.285451,-0.066497,-0.006640,0.185526,-0.030835,0.073282,0.283080,-0.030604,0.019853,0.179016,-0.019283,-0.154462,0.199643,-0.189425,-0.158804,-0.009431,0.021497,0.080378,0.045143,0.047174,-0.197178,-0.117280,0.134557,0.239471,-0.018190,0.029006,0.178983,0.147034,0.120652,0.165523,0.273544,0.012482,-0.003068,0.258019,0.102465,0.107423,0.066947,-0.028307,0.143058,0.060312,-0.268986,-0.005537,0.145712,-0.100748,-0.103935,0.149608,0.167582,-0.000289,0.106163,-0.024947,0.052264,0.023916,0.099941,0.012549,-0.048131,0.186950,-0.214637,0.196208,0.097125,0.146936,0.081507,-0.065022,-0.021927,-0.224939,0.131482,-0.161252,-0.029888,0.239007,-0.193784,0.130255,0.105775,0.080512,-0.159581,0.288502,-0.149665,0.166608,-0.061528,0.158860,0.161794,-0.153397,0.201900,-0.068386,0.003651,-0.137477,-0.054148,0.218719,0.105700,0.086482,0.152587,0.065500,0.131352,0.214229,0.204607,0.081818,-0.147629,0.057606,0.042971,0.346722,-0.020113,0.058917,0.187445,0.051824,0.048140,0.199585,-0.098885,-0.168969,0.172359,0.127041,-0.308877,-0.097504,0.126701,0.083919,-0.027425,0.116102,0.067413,0.312911,-0.065448,-0.036446,0.022365,0.057556,-0.044343,0.072760,0.019873,-0.043548,0.057622,0.123016,0.371072,-0.005963,0.085617,-0.080180,0.104711,-0.009979,-0.030521,0.068539,0.047478,0.312286,-0.211216,-0.071907,-0.076759,0.270021,0.010903,0.018186,0.223610,0.202469,0.015585,-0.160730,0.039295,-0.201192,0.007623,0.194156,0.140390,0.171074,0.010362,0.011584,0.347946,-0.125240,0.110302,#
6,-0.026494,0.091382,0.076493,0.338696,0.004011,0.243285,1.000000,0.025370,0.165162,-0.038235,0.103528,0.005157,-0.026119,0.265031,0.056713,0.064211,0.129921,0.000851,0.156225,0.031057,0.236499,-0.048906,-0.162446,-0.061074,-0.127241,0.129180,0.059483,0.103908,0.192949,0.341949,0.071503,0.162080,0.087047,0.275375,-0.210629,-0.022976,0.259118,0.223233,0.048089,0.316222,-0.033584,0.123806,-0.261632,0.101126,-0.073008,0.287676,0.165323,0.186757,0.036078,-0.005238,0.053602,0.182530,0.349420,0.170015,-0.040032,0.105327,-0.015903,0.148674,0.172463,0.190330,-0.000518,-0.069670,0.024506,0.368024,0.196220,0.212538,0.216586,0.258299,0.200558,0.043324,-0.048025,0.126890,0.234619,0.013689,0.191488,0.215292,0.264904,0.219548,0.296617,0.184306,0.040198,0.202313,0.275743,-0.032849,0.159367,0.019970,0.027341,0.183251,0.135350,0.156450,0.126233,0.274241,0.022126,0.171844,0.013524,0.160069,0.101285,-0.009342,0.151768,0.199338,0.116560,0.063542,0.143224,-0.094421,-0.213555,0.317910,-0.174145,0.018177,0.142059,0.138542,0.180698,0.125536,0.108621,-0.122823,-0.040782,0.131586,0.354731,0.008268,0.155644,0.175590,0.157201,0.199496,-0.114175,0.139113,0.034243,0.078642,0.038594,0.303513,0.230583,0.249282,0.137710,-0.008108,0.098953,-0.022793,0.403090,0.170111,-0.021370,0.301804,0.294178,0.144289,0.052106,-0.111122,0.053791,0.269021,-0.072603,0.101293,0.333028,0.087857,0.057926,-0.234326,0.011054,0.064406,0.047323,0.049958,0.308288,-0.061519,-0.019589,0.054982,0.210660,0.043340,0.071665,0.203822,0.288717,-0.022903,0.260433,0.056753,-0.026341,0.216684,0.206798,0.237685,-0.031195,0.041937,0.183341,0.093629,-0.130315,0.250852,-0.005246,0.321730,0.388557,-0.127528,-0.066986,0.011367,0.231207,0.428715,0.444634,0.146805,0.180605,0.089583,-0.009434,0.248614,-0.226593,0.027513,0.300015,0.216254,0.067753,0.055450,0.062324,0.310294,0.048545,0.235309,#
7,-0.103936,-0.007927,0.116923,0.024987,0.030158,-0.030277,0.025370,1.000000,0.088491,0.125739,0.085859,0.299033,-0.163311,0.135475,0.219177,0.153212,0.002492,0.255567,-0.001573,0.082068,0.159283,0.234982,0.305381,-0.040294,0.091798,-0.058105,0.212641,0.263866,-0.006950,0.142387,0.084669,-0.067343,0.035187,0.081224,-0.060783,0.008046,-0.136434,-0.125833,0.088890,0.160376,0.090177,0.324922,0.119295,0.078704,0.178739,0.153675,-0.013167,0.246221,0.164073,-0.070818,-0.080647,0.077471,-0.017678,-0.015656,0.071171,0.074760,0.239197,0.243802,0.103310,-0.043082,0.309063,-0.012000,0.035104,0.131812,0.241686,0.035121,0.088088,-0.130792,0.137801,0.213196,0.122240,-0.043330,0.203097,0.248860,-0.012081,0.098287,-0.066396,0.174016,0.185452,0.236448,0.227326,0.075180,0.095501,0.061416,0.152021,-0.022057,-0.150772,-0.084435,0.153057,0.309814,-0.046927,0.060872,0.177165,0.110357,-0.106540,-0.044794,-0.039013,0.024667,-0.015183,-0.023879,0.104256,-0.066788,0.117207,-0.026176,-0.287278,0.266025,0.455160,0.061273,0.066737,0.150670,-0.077367,-0.139468,-0.132816,-0.040655,0.329273,0.116557,-0.121009,-0.036841,0.049469,0.329916,0.234345,-0.007813,0.001952,0.126948,0.078821,0.026341,0.131402,0.247173,-0.075993,0.134829,-0.049925,0.110206,0.055310,0.038544,0.402015,0.135005,-0.131025,0.325978,0.061752,0.052780,0.351300,0.018503,-0.035359,-0.038506,-0.048623,0.058017,0.328634,0.139703,0.061575,0.003164,0.066788,0.143329,-0.087864,0.005303,-0.189827,0.076679,0.173066,0.061276,0.234591,0.134237,0.025202,0.120267,0.054553,-0.007075,0.023734,0.212094,0.231113,0.193531,0.065444,-0.029525,0.160302,0.028019,0.056620,-0.040274,0.131432,-0.081111,0.084864,-0.000580,-0.036703,-0.036995,0.058218,0.010200,0.060526,0.095106,-0.385478,-0.024663,0.019426,0.004010,0.066394,0.338950,0.085450,-0.045742,0.230271,0.040808,0.098332,0.190802,0.048927,0.073379,0.207892,-0.082310,#
8,0.113191,0.262728,-0.070230,0.132570,0.256057,0.180627,0.165162,0.088491,1.000000,-0.064130,0.274442,-0.076799,0.112660,0.135513,0.331407,-0.146255,-0.082605,0.089107,0.105254,0.186845,0.321146,0.101728,-0.048997,0.326765,0.117724,0.109436,0.090810,0.180479,0.116332,0.077419,-0.101276,0.121047,0.217984,0.008816,-0.017859,0.113880,0.318980,0.049296,0.292535,0.165263,0.119505,0.041713,-0.114319,-0.028776,0.270734,0.265578,0.199121,0.333073,0.067893,0.095639,-0.035610,0.413615,0.036900,0.345136,0.122815,0.252723,0.186229,0.211760,-0.047060,0.087651,0.000479,0.220380,0.119154,-0.178616,0.229712,0.266845,0.048225,0.009515,0.360926,0.041185,0.069151,0.165598,0.304062,-0.224580,-0.106105,0.083227,0.064613,0.061200,0.092070,0.033986,0.117525,0.454926,0.299348,0.174187,0.375125,0.179479,0.056482,0.123983,0.266527,0.528202,0.133902,0.289678,-0.053012,-0.062739,0.422026,0.195475,0.085176,0.096795,0.145475,-0.023052,0.058471,0.022987,0.039641,0.087496,-0.009702,0.176348,0.147709,0.284900,-0.169706,0.185824,0.186424,0.166994,-0.114307,0.203493,0.100806,0.103833,0.095675,0.196626,0.089643,0.178732,0.318006,0.057837,0.276830,0.080428,0.195276,0.189792,0.055536,0.275526,-0.019370,0.163955,0.165010,0.007402,0.138106,0.082750,0.304807,-0.043837,0.019216,0.329232,0.425041,0.228117,0.278043,0.129532,0.155730,0.060358,-0.013899,-0.106470,0.182443,0.224764,-0.118244,-0.031295,0.252868,-0.083162,0.064843,0.017872,0.364929,0.293093,0.080762,0.128944,0.060098,0.154438,-0.107012,0.094993,-0.051566,-0.016661,0.141219,0.001330,0.129895,0.190280,0.180612,-0.017416,0.015448,0.176650,0.093151,0.226920,0.018347,0.132929,0.045906,0.245945,0.356079,0.023698,0.061971,0.209668,0.011233,0.119679,0.081962,0.062785,-0.034236,-0.022036,0.096667,0.444770,0.251808,0.062326,0.263219,0.099699,0.268102,-0.076421,-0.057688,-0.003818,-0.129734,0.060866,#
9,0.041400,-0.152961,-0.134334,-0.205315,-0.155004,0.040249,-0.038235,0.125739,-0.064130,1.000000,0.176145,-0.157505,-0.107525,0.302702,0.180722,-0.027488,-0.113257,-0.143201,-0.334907,0.233861,-0.172727,0.003180,-0.007610,-0.164840,-0.154340,-0.189445,0.173736,-0.007653,0.090977,-0.091483,0.139300,0.074143,0.015045,-0.021416,0.067767,-0.075438,-0.246160,0.282469,-0.084690,-0.161754,0.209672,0.134773,-0.092120,-0.283792,0.008752,-0.085736,0.015975,0.018490,0.098678,-0.160584,-0.050096,0.135067,-0.202262,-0.049608,0.172459,0.236819,0.074413,0.223972,0.092705,-0.235444,0.159245,-0.091273,-0.001741,-0.061658,0.207284,0.090230,-0.110385,-0.126902,0.014347,-0.069088,-0.025442,0.247503,0.062792,0.046002,0.121749,0.054992,0.067116,-0.122698,0.231848,-0.027285,-0.164056,0.093947,-0.164450,-0.024812,0.058649,0.181922,0.024022,0.065430,-0.213816,0.059170,-0.215018,-0.162586,-0.032285,-0.093782,-0.112975,-0.023939,-0.048908,0.120510,-0.002411,0.059382,0.192789,0.127954,0.227342,-0.110074,0.178158,0.074879,-0.031269,0.037654,0.240431,-0.148036,-0.151139,-0.170180,-0.069158,0.070884,0.003561,-0.099904,-0.033970,0.133009,0.271646,-0.139553,0.265866,0.233503,-0.100581,0.177694,-0.079207,0.023422,-0.238223,0.040092,0.094647,0.201766,0.040608,-0.068041,-0.174618,0.027201,-0.152626,0.024761,0.210134,0.132931,0.097297,-0.171753,0.089331,0.083237,0.022272,-0.121031,-0.075090,0.106677,0.163220,-0.017833,-0.082370,0.373525,0.098015,-0.211448,0.174873,0.146005,-0.105633,0.045393,0.050004,0.001846,0.376351,-0.108938,0.085482,0.047579,-0.245336,0.147631,-0.007906,0.120597,-0.102948,0.148837,0.274644,0.120355,0.068838,0.276073,0.024300,0.055286,-0.061849,-0.020638,0.155636,-0.191573,-0.192325,0.015236,-0.121853,-0.032033,0.022753,0.178943,-0.001983,0.006945,0.067886,0.164159,0.128768,-0.163030,-0.000510,-0.025071,-0.079375,0.207046,-0.108055,0.170473,0.211467,-0.234359,0.110950,0.071699,#
10,0.189851,0.385598,-0.013628,0.147389,-0.094000,0.043155,0.103528,0.085859,0.274442,0.176145,1.000000,-0.038848,-0.213036,0.215604,0.160798,-0.099562,-0.040783,0.027336,0.085246,-0.042971,-0.087713,0.213603,-0.229717,0.084721,-0.083702,-0.118526,0.234010,0.230119,0.167702,0.091441,0.190618,0.134806,0.077439,0.137421,-0.168461,0.012528,-0.029706,0.101142,0.328965,0.137968,0.139809,0.053860,0.016815,-0.124658,-0.196769,0.068330,0.113550,0.152554,0.122942,-0.039741,-0.030045,0.163440,-0.034167,0.098133,-0.042510,0.318892,0.165521,0.157026,-0.219923,-0.011964,-0.198195,-0.106323,0.208444,-0.035951,0.277171,0.190899,-0.141860,-0.061987,0.222205,0.146292,0.097531,0.161798,0.295537,-0.001859,0.030664,0.035772,0.111078,-0.223128,0.126456,0.233954,0.089413,-0.042307,0.190596,0.141610,0.123468,-0.116926,0.149453,-0.124506,-0.039116,0.150114,-0.200163,-0.058322,0.029819,-0.107398,0.132715,-0.076511,0.202091,-0.033538,0.006880,0.103682,0.123311,-0.070692,0.070020,-0.150760,0.001034,0.025405,0.149942,0.282517,0.177804,0.100171,-0.008360,0.055275,-0.122653,0.026132,0.287776,0.120249,0.067015,-0.012517,0.074451,0.068230,0.093900,0.223427,-0.094136,0.118679,-0.019127,0.001160,0.001646,0.140921,-0.091210,0.219737,0.338424,-0.055537,-0.002844,0.044356,0.020787,0.130978,-0.130533,0.254244,0.325304,-0.034143,0.218005,0.058773,0.173910,0.062887,-0.167379,0.080687,0.242997,-0.107787,-0.133155,0.057989,-0.114404,0.111596,0.133739,-0.202790,0.283934,0.214446,0.104094,-0.228168,0.121881,0.134511,0.091595,0.018553,0.221731,-0.047377,0.087358,0.036970,0.018266,0.273686,0.187298,0.081767,0.273397,0.222346,-0.026081,0.171954,-0.232548,0.034219,0.029001,0.095483,0.119763,0.025001,0.023064,-0.021351,0.127890,-0.062456,0.132536,0.136843,-0.020228,-0.091811,0.119666,0.146729,0.046645,0.012653,0.029319,0.054075,0.185898,-0.089342,0.035772,0.050660,0.275181,0.180664,#
11,-0.091926,0.187673,0.010336,0.302805,0.005689,-0.119528,0.005157,0.299033,-0.076799,-0.157505,-0.038848,1.000000,0.021297,-0.074169,-0.083796,0.050827,-0.020363,0.352242,0.211723,-0.031460,0.062196,-0.035828,0.007732,0.133700,0.348059,0.193837,-0.091195,0.211921,-0.282914,0.126763,0.223199,0.072369,0.219472,0.079129,0.124166,0.012317,0.133540,0.020475,0.174855,0.085386,-0.017055,0.325934,0.213016,0.225088,-0.149747,0.208518,0.232803,0.088855,0.175163,-0.070005,0.234586,0.017501,0.190677,0.132645,-0.259459,-0.082212,0.391671,0.184848,0.156791,-0.214275,-0.148392,-0.001134,0.324840,0.159609,-0.126191,0.138011,0.138301,0.224181,-0.067677,0.120775,0.128812,-0.105112,0.255947,0.033002,-0.070997,0.326999,-0.054314,-0.053255,0.251151,0.212364,0.187609,0.002344,0.162640,0.220849,0.194432,-0.159899,0.171930,0.300524,0.134905,0.027710,0.179248,0.138550,0.272161,0.510066,-0.080511,0.039012,-0.074480,0.084183,-0.085088,0.069146,0.142234,-0.007662,-0.035202,0.136322,0.001633,0.356303,0.267430,0.296976,0.095940,-0.020051,0.165959,-0.040668,0.098249,0.046672,-0.116521,0.229780,0.120640,0.068350,0.115002,0.018656,-0.000314,-0.007998,0.297112,0.149132,0.116099,-0.009369,0.330668,0.235172,0.096255,0.152400,-0.140093,0.324104,0.046023,0.254562,0.059643,-0.001212,-0.414416,0.354847,-0.029617,0.234995,0.189937,0.108898,0.009021,0.035413,-0.089493,0.029696,0.108276,0.053732,0.095161,0.003109,-0.114091,0.308947,-0.004809,0.095283,0.146269,0.125619,0.004327,-0.239349,0.064915,0.222053,0.033885,0.118078,-0.061427,-0.123811,0.231407,0.055135,0.290977,0.154970,0.276490,-0.075513,0.251124,-0.076174,-0.162720,-0.109810,0.088778,0.169722,0.287513,0.140005,0.059717,-0.082593,0.018720,0.233433,0.141226,-0.087174,-0.172556,0.065456,0.113910,0.123539,-0.131844,0.118652,0.005976,0.067395,0.210847,0.072134,0.111118,0.140142,0.206297,0.135684,0.067576,0.065970,#
12,0.004089,0.059719,0.073574,0.229518,0.211514,0.107574,-0.026119,-0.163311,0.112660,-0.107525,-0.213036,0.021297,1.000000,-0.200342,0.048807,-0.118043,0.326272,-0.036612,0.051339,0.348754,0.099047,-0.067303,0.222561,0.130535,0.079924,0.142293,0.144210,-0.055785,0.092400,0.219749,-0.097596,0.225332,0.090747,0.111254,0.015967,0.302477,0.250742,-0.051335,0.200794,0.009260,0.151308,-0.034514,0.120728,0.148767,0.304671,0.149826,0.306392,-0.205786,0.011893,0.011284,0.298490,0.168657,0.141855,0.134029,-0.063961,0.170048,-0.037886,0.152658,0.050718,-0.162785,-0.104875,0.127869,0.082264,-0.000933,0.044623,0.216267,0.017456,0.024476,-0.011513,0.035538,-0.005135,0.259410,-0.100424,-0.103254,0.287302,0.185945,0.124643,0.033008,0.198839,-0.097680,0.025472,0.249143,-0.064778,-0.045564,0.109623,0.288871,-0.021609,0.252195,0.101548,-0.066089,0.116038,0.128711,-0.209429,0.163200,0.193384,0.006188,0.208722,0.132796,0.118353,0.012245,0.164085,0.175881,0.015735,0.089723,0.314578,0.065863,0.078837,-0.082342,-0.102258,0.066529,0.249854,-0.107984,0.075591,0.193804,-0.021069,-0.051538,0.016870,0.034417,0.185161,0.082406,0.097488,-0.047443,0.268961,0.117664,0.104272,0.188029,0.208297,-0.001544,-0.018665,0.016836,0.117396,0.158149,0.081456,0.034208,-0.072568,0.004588,0.110299,0.104266,0.133429,0.138339,0.031860,-0.113077,0.115677,0.100543,-0.140485,0.119496,-0.146601,0.136370,0.023842,-0.143638,-0.014363,0.150683,-0.043979,0.196137,-0.069379,-0.124233,0.033931,-0.177003,-0.075690,0.073306,-0.053214,0.307547,0.124489,0.299098,-0.114213,-0.071925,0.178710,-0.075479,-0.167690,0.086699,-0.036651,-0.022449,0.076292,-0.079906,0.092469,-0.175904,0.108387,0.160180,-0.018646,0.255305,0.068389,0.086902,0.244550,-0.012798,0.057585,0.117621,-0.036734,0.083155,0.032108,0.025558,-0.003284,0.015134,-0.064711,0.083492,-0.084142,-0.126186,0.230846,0.180731,0.056988,0.009890,#
13,0.063669,0.098911,0.249450,0.081623,0.069819,0.141887,0.265031,0.135475,0.135513,0.302702,0.215604,-0.074169,-0.200342,1.000000,0.179007,0.105606,0.172190,-0.153882,0.183655,0.042967,0.035397,0.197350,-0.109479,0.080381,0.003434,0.175775,0.276322,0.177750,0.236192,0.055535,0.189579,0.139012,0.234867,0.112666,-0.031862,-0.057618,-0.080872,0.067997,-0.027110,0.083149,-0.091714,0.127353,0.288472,0.097331,-0.184176,0.106252,0.148190,0.217933,0.166019,0.072192,0.200749,0.220586,0.279109,-0.012438,0.037730,0.294433,0.090263,0.160156,0.038820,0.190983,0.055911,-0.082157,0.228538,-0.010560,0.031543,0.176173,0.233679,0.070945,0.386396,0.060949,-0.122666,-0.062911,0.204092,0.099234,0.066510,-0.093620,0.236675,0.316324,0.257339,0.003802,0.130853,0.204192,-0.091282,0.448804,0.255730,0.032395,0.213023,0.191983,0.291501,0.084680,0.019157,0.101517,0.080521,0.062707,-0.138011,0.104926,0.249020,-0.079622,0.247429,0.117648,0.320361,0.155609,0.186050,0.027490,-0.019440,0.219432,-0.041354,0.080002,0.208142,0.064799,0.002690,-0.127256,0.207994,0.098771,0.205592,0.167524,0.351050,0.119997,0.163876,0.116449,0.315301,0.198460,-0.071368,0.174968,0.069157,0.017471,0.039168,-0.107659,0.281162,0.239252,0.162054,0.072216,-0.044108,0.114494,0.302369,0.055221,0.048601,0.076803,0.385179,0.182504,0.108828,-0.040210,0.273789,0.127050,0.132290,0.220434,0.404557,0.243037,0.044636,0.201620,0.057405,0.071731,0.034438,0.113836,0.245903,0.280416,-0.118538,0.286081,0.285073,0.108294,0.032614,0.343953,-0.079882,0.327154,0.238442,-0.100490,-0.051673,0.116043,0.008088,0.306403,0.090460,0.307457,0.260638,-0.156352,-0.022643,0.121219,0.008255,-0.075041,0.360451,-0.178368,0.154164,0.133767,0.115101,0.119271,-0.021960,0.112836,0.177644,0.271334,0.121561,0.190647,-0.038922,0.038474,0.283677,-0.042073,0.094877,0.256764,0.072582,0.142027,0.192221,0.224058,#
14,0.229227,-0.011548,0.142008,-0.065896,-0.058738,0.119731,0.056713,0.219177,0.331407,0.180722,0.160798,-0.083796,0.048807,0.179007,1.000000,0.209627,0.000338,-0.119466,0.173169,0.163775,0.103583,0.159419,0.098862,0.240255,0.187416,-0.115316,0.205882,0.252690,0.241236,0.193680,-0.080031,-0.053491,0.066240,-0.075266,0.139846,0.133087,0.161865,0.216210,0.098324,0.285894,0.151460,0.069477,0.221175,-0.131325,0.078683,0.273595,0.072313,0.109072,0.051718,0.010881,0.215209,0.164365,0.178544,0.205731,0.207569,0.213660,0.200785,0.017901,-0.069674,-0.093148,0.248470,0.163923,-0.051725,-0.031462,0.210478,0.169243,0.086170,-0.017231,0.208540,0.103800,-0.077673,0.135753,0.078944,0.355915,-0.021495,0.080457,0.076924,0.081946,0.048659,0.170811,0.202943,0.070511,0.063777,0.177023,0.106876,0.285267,-0.125997,0.065030,0.108399,0.196066,0.217936,0.097110,0.081200,0.099314,0.256725,-0.149051,0.125692,-0.053012,0.228441,0.063194,0.101366,0.111436,0.056106,0.070866,-0.134097,0.198951,0.200206,0.267001,0.018546,0.212192,-0.074804,-0.006774,0.012469,-0.006304,0.084265,0.082364,0.012264,0.261373,0.322767,0.207124,0.459326,0.229055,0.026740,0.105384,0.121762,0.235306,0.114741,0.153398,0.015822,0.187505,0.218411,0.148148,0.011018,-0.148167,0.077418,-0.235845,0.120253,0.098812,-0.035603,0.049547,0.354446,0.113826,0.243675,-0.034214,0.090821,0.246502,0.056972,0.149887,0.013628,0.070219,0.159853,-0.080567,-0.160133,0.047108,-0.009731,0.099336,0.303555,0.041433,0.104335,0.044136,-0.057136,0.228271,-0.152046,0.072236,0.220449,-0.028608,0.181011,0.140579,-0.067882,0.232110,0.148180,0.425360,0.212819,0.121031,-0.018558,0.094629,0.402411,0.213916,0.356801,0.152313,-0.008001,0.123319,0.093738,0.094286,0.074241,0.153433,0.157556,-0.100763,0.018482,0.215779,-0.116024,0.119980,0.194070,0.328490,0.121474,-0.202781,-0.132202,0.072982,0.229567,0.046368,#
15,-0.063397,-0.052978,0.137463,0.146255,0.019352,0.018498,0.064211,0.153212,-0.146255,-0.027488,-0.099562,0.050827,-0.118043,0.105606,0.209627,1.000000,0.116179,0.308564,0.064690,0.049230,0.190565,0.059866,0.038877,0.078854,0.086773,0.190372,0.134838,0.081000,0.210049,0.088765,0.016829,0.125518,0.124735,0.107642,-0.101685,-0.345736,0.026577,0.096933,0.047989,0.097303,0.037793,0.149680,0.154000,0.065916,0.161019,0.108472,-0.003190,0.103272,-0.081516,-0.064103,-0.123917,0.182085,0.160253,-0.085663,-0.053613,0.026897,0.109567,0.038062,-0.017617,0.149547,0.149909,-0.222292,0.005396,-0.054959,0.166729,0.002180,0.039902,0.109643,0.133669,-0.009619,0.168923,0.079624,0.175245,0.293026,0.114570,0.227327,-0.123865,0.298969,-0.016539,0.274156,0.109978,0.028297,0.191732,0.261068,-0.056529,0.085288,0.060728,-0.033620,0.295666,0.260477,-0.147122,0.079569,0.172056,0.265521,-0.109178,-0.157441,0.153633,0.095661,0.127192,-0.013866,0.080662,-0.051048,0.160141,0.101871,-0.354040,0.005624,0.070292,0.103999,-0.031821,0.188168,0.048088,0.161183,0.090179,-0.131863,0.036075,0.340964,0.301414,-0.171469,0.052143,0.087419,0.192145,0.285816,0.012021,0.231910,0.302472,-0.209907,0.037521,-0.043607,0.205390,0.002535,-0.054857,0.320897,-0.006230,0.080685,0.042705,0.152775,0.057855,-0.027075,-0.207457,-0.047845,0.019269,0.218921,0.073177,0.044328,0.250647,-0.003620,0.034027,0.252156,0.212468,0.130641,0.140099,-0.151657,-0.188675,0.384649,-0.165563,0.330230,-0.037342,-0.013646,0.167697,0.078888,-0.128422,0.016230,0.212425,-0.022484,0.137091,0.056856,0.035260,0.095332,-0.138066,0.099141,-0.075335,0.028595,0.252370,-0.274372,-0.011678,-0.090922,0.214891,-0.116288,-0.096584,0.010661,0.022573,0.081917,0.050088,0.254486,-0.105502,-0.027078,-0.103292,-0.062860,0.075470,0.093286,-0.253622,0.159112,0.168668,0.099586,0.153152,0.170576,-0.056059,0.039329,-0.075929,-0.120030,#
16,-0.041019,0.157362,0.120931,0.221916,0.090506,0.000228,0.129921,0.002492,-0.082605,-0.113257,-0.040783,-0.020363,0.326272,0.172190,0.000338,0.116179,1.000000,0.089344,0.012855,0.256559,0.253613,0.248327,0.097536,0.005796,-0.166941,0.181753,0.007765,-0.074314,0.217505,0.128340,0.189526,0.334428,-0.027440,0.283363,-0.104241,0.081146,0.181360,-0.032765,0.173771,0.033949,-0.117712,0.180231,0.169234,0.080347,0.114051,0.319702,0.081017,-0.101123,0.172915,-0.218670,0.042846,0.143471,0.239049,-0.032585,0.143348,-0.008226,-0.067066,0.048988,0.123502,-0.256036,0.063433,0.236848,0.217975,0.267296,0.207191,0.055979,0.122875,0.366936,0.022356,0.151234,-0.099401,0.235630,0.272991,0.003579,0.036591,0.218652,0.131394,0.150259,0.144408,-0.077828,-0.103190,-0.052100,-0.126524,-0.015737,-0.007191,0.104014,0.136320,0.072987,0.080043,-0.042995,-0.011741,0.212483,-0.026264,0.098526,-0.053751,-0.137626,0.170725,0.149524,0.116828,0.106313,0.042781,-0.127564,-0.186929,0.031272,0.008384,0.070772,-0.068962,-0.225799,-0.186565,0.139637,0.253840,-0.057742,0.013676,0.039227,0.093896,0.349881,0.121683,-0.097566,-0.050298,0.392783,-0.040381,-0.019599,-0.032351,0.144113,0.035331,-0.097967,0.195486,-0.141836,0.017951,0.021745,-0.053966,0.039841,0.222457,-0.080627,0.216633,0.185754,-0.195006,0.191954,0.259042,0.244493,-0.004824,0.032940,-0.028102,0.085130,0.169586,0.021479,0.030736,0.242103,0.299483,-0.073398,-0.104559,0.203674,-0.031264,-0.039578,0.192028,-0.030780,-0.119633,-0.002195,-0.007645,0.072668,-0.036152,0.320903,0.204423,0.210120,0.032797,0.089433,0.148395,-0.018116,-0.245705,0.107269,-0.128115,-0.028021,0.074987,-0.037055,0.038808,0.043488,-0.077080,0.017454,0.151558,0.102003,0.082109,0.177646,0.130089,-0.125564,-0.118343,0.135776,0.135489,0.072092,0.059511,0.042928,0.129768,-0.201423,0.094355,0.072627,0.093047,0.270155,-0.188769,0.212723,-0.099114,0.090539,#
17,0.025765,0.118069,-0.106472,0.141814,0.131756,0.016899,0.000851,0.255567,0.089107,-0.143201,0.027336,0.352242,-0.036612,-0.153882,-0.119466,0.308564,0.089344,1.000000,-0.043187,0.043867,0.312182,0.040356,0.115053,0.083624,-0.060683,0.059934,-0.101736,-0.021721,-0.005744,0.157084,-0.048330,0.097284,0.242779,0.243112,-0.165653,0.019634,0.038015,0.128674,0.122521,-0.093364,0.112346,0.072351,-0.054724,0.142888,0.006569,0.230666,0.122956,-0.068916,0.180993,-0.073102,-0.065053,0.132419,0.031435,0.108187,-0.060668,0.023874,0.182437,0.242613,-0.181835,0.008133,0.171824,-0.029471,0.225159,-0.091414,-0.057899,0.052773,0.021505,0.046381,0.039756,0.164397,-0.007661,-0.068028,0.215419,-0.054843,0.113562,0.306005,-0.014443,0.190307,-0.122400,0.194957,0.052436,0.111429,0.317398,0.048340,-0.063221,-0.175882,-0.047855,0.074131,0.203056,0.230454,-0.116806,0.082698,-0.041751,0.196058,-0.053400,-0.108198,0.151972,0.256874,0.144066,0.061907,-0.017563,-0.183704,0.194039,0.152349,-0.326401,0.229642,0.076487,0.164025,-0.082355,0.005740,0.115884,0.063290,-0.076829,0.271829,-0.105336,0.256338,-0.030618,-0.050053,-0.120920,0.103486,-0.127372,0.024161,0.102913,0.260681,0.312430,-0.105699,0.061095,0.201297,-0.024810,-0.011448,-0.119638,0.121778,0.110994,0.126956,0.092726,0.286900,-0.045697,0.046665,0.115154,0.211298,0.002877,0.165188,-0.072621,0.111357,0.149585,-0.045271,-0.004959,-0.090653,-0.006622,-0.043267,0.020140,-0.146765,-0.102140,0.201254,-0.032179,0.232398,0.056827,-0.217305,0.343310,0.289963,0.003457,0.138551,0.228476,0.020450,0.094784,0.317992,0.087714,0.268018,0.042991,0.044231,0.311176,-0.082668,-0.094500,-0.139245,0.083228,-0.242901,0.175482,0.039560,-0.126392,0.124611,-0.187367,0.238485,0.178436,-0.152175,-0.211625,0.000875,0.022795,0.150930,0.026503,0.248646,0.032787,0.099934,0.234965,-0.042332,0.341921,0.097301,0.094049,0.021238,-0.067345,-0.037912,#
18,0.264865,-0.107056,0.010576,0.219401,0.250448,-0.002371,0.156225,-0.001573,0.105254,-0.334907,0.085246,0.211723,0.051339,0.183655,0.173169,0.064690,0.012855,-0.043187,1.000000,-0.055918,0.168090,0.116208,-0.200809,0.323265,0.313143,-0.015406,0.166704,0.308356,0.138397,0.193114,0.111601,0.022119,0.137201,-0.077005,0.121476,0.201859,0.276523,0.000338,0.084991,0.327267,-0.039867,0.241635,0.088033,0.292947,0.038376,0.140344,0.142188,0.015514,-0.038931,0.189977,0.232994,-0.256776,0.308705,0.294743,-0.026554,0.132278,0.208945,0.118272,-0.085619,-0.092985,0.064271,-0.043772,0.096259,0.074389,-0.143804,0.142715,0.323046,0.259771,0.020035,-0.152916,-0.014639,-0.087287,0.100741,0.172442,-0.082078,-0.040012,0.060105,0.134829,0.165201,0.120903,0.299126,-0.117958,0.055135,0.368715,0.202264,-0.061428,0.227883,-0.007021,0.291560,0.021651,0.239766,0.050333,0.105138,0.300893,0.008007,0.087579,0.316002,0.160174,0.026653,0.310588,0.002841,0.240168,0.267554,0.252054,0.118932,0.232006,0.062385,0.118619,0.154332,0.314522,0.242633,0.289656,0.119796,0.113565,-0.070265,0.011708,0.139972,-0.078277,0.097651,0.169286,0.126250,0.178531,0.107789,-0.064089,0.176499,0.102854,0.325208,-0.019350,0.292663,0.157728,0.315372,0.199334,0.098620,0.149312,0.124583,-0.331215,-0.176537,0.122093,0.160658,0.160148,0.292432,-0.064729,0.115174,0.061372,0.064469,0.082320,0.146181,0.010517,0.032624,-0.050908,0.019791,0.275468,0.062568,-0.051556,0.083429,0.280524,0.180379,0.092646,-0.078570,0.439222,0.103667,0.044250,0.111176,0.071283,0.158314,0.027946,0.146624,0.021948,-0.157154,0.092608,0.054040,0.089090,0.284853,-0.117190,-0.118405,0.196691,0.188406,0.209301,0.412505,-0.042168,0.177594,0.120737,0.235295,-0.051475,0.139590,0.020139,0.154334,0.202187,0.044335,0.282350,0.070688,0.334586,0.296053,-0.052645,0.046150,-0.112056,0.017289,0.361973,0.274284,0.096536,#
19,0.169251,0.141203,0.140005,0.108018,0.249710,-0.182471,0.031057,0.082068,0.186845,0.233861,-0.042971,-0.031460,0.348754,0.042967,0.163775,0.049230,0.256559,0.043867,-0.055918,1.000000,0.137070,0.338709,0.234284,0.118288,-0.105424,0.290872,0.263725,0.029227,0.240272,0.142359,-0.179441,0.272102,0.116552,0.124212,-0.121691,0.237528,-0.081697,-0.042718,0.320724,0.077917,0.009115,0.205153,-0.038143,-0.000063,0.181720,0.351508,0.134618,0.368865,0.089875,-0.114199,0.165416,0.155522,0.020525,0.404965,0.199083,0.123620,0.132523,0.211499,0.137562,-0.108244,0.049297,0.096247,0.010428,0.177862,0.114627,0.210585,-0.213552,0.132116,0.150238,0.200934,0.012582,0.197366,0.133424,-0.243620,0.153153,0.373615,0.053279,0.233607,0.271703,-0.023521,0.201742,0.086456,-0.000043,0.174836,0.362038,-0.091157,0.127387,0.090597,0.167018,0.178654,-0.082693,0.205058,0.052514,0.035956,0.064648,0.011100,0.083451,0.218567,0.041736,0.126578,0.152037,0.014116,0.171205,0.067579,0.242024,0.342715,-0.085761,0.351543,-0.128967,0.067881,0.197643,0.100645,-0.132311,0.216719,0.122483,0.143339,0.079453,0.217396,0.279944,0.022000,0.421825,0.210159,0.235035,0.161741,0.298888,0.212593,0.219512,0.290027,-0.153668,0.219974,-0.092626,-0.131080,0.205024,0.199191,0.036037,0.005588,0.149583,0.244960,0.286558,0.201791,-0.002403,0.240006,0.235406,-0.125760,0.122550,0.023428,0.023017,0.124608,0.194067,-0.079211,0.149074,0.093579,0.014789,0.282963,0.021119,0.088780,0.128852,-0.090836,0.050663,-0.164305,0.193866,0.323413,0.219455,0.260573,0.156995,0.194402,-0.052612,0.048616,0.135320,0.139575,0.080840,0.181449,0.252456,-0.036083,0.084015,-0.054505,0.328424,0.026922,-0.027693,0.082957,0.077518,0.299136,0.069832,-0.004936,0.058776,0.048891,0.184967,0.329363,0.173903,0.175963,0.309476,-0.060536,-0.043618,0.311844,0.230741,0.069237,0.195192,-0.004868,0.067482,0.328347,#
20,0.094619,-0.118543,0.297690,0.189809,0.262042,0.111520,0.236499,0.159283,0.321146,-0.172727,-0.087713,0.062196,0.099047,0.035397,0.103583,0.190565,0.253613,0.312182,0.168090,0.137070,1.000000,0.102559,0.094150,0.204831,0.242331,0.159806,-0.115661,0.193104,0.010288,0.356270,0.060271,0.059858,0.095992,0.205523,-0.107772,-0.070985,0.180559,-0.001593,-0.035032,0.095262,0.205682,0.330353,-0.071268,-0.020878,0.191475,0.272852,0.189908,0.068454,0.190427,-0.111843,-0.018814,0.194771,0.158351,0.147359,0.059869,-0.122007,0.138577,0.136967,0.235986,-0.084728,0.138857,0.024330,0.276512,0.180898,0.312348,0.180427,0.199878,0.025391,0.331012,0.063453,0.016853,0.220821,0.258145,0.080869,-0.146340,-0.095200,0.165468,0.277528,0.124557,0.089783,0.180999,-0.064277,0.205627,-0.037740,0.122001,0.211059,0.138631,0.165633,0.261625,0.203602,0.018812,0.324616,0.109719,0.143571,0.093776,0.078904,0.294442,0.283312,0.031756,-0.103941,0.006227,-0.141181,0.074941,0.098575,-0.086121,0.182010,-0.096449,0.114973,-0.101853,0.187334,0.185143,0.020844,-0.182542,0.284613,-0.014895,0.223066,0.170023,-0.202840,-0.234505,0.093856,0.059599,0.027339,-0.034249,-0.160704,0.206012,-0.124292,0.280757,0.249920,0.042780,0.199146,-0.003213,0.105478,0.241831,-0.090340,0.248587,0.234117,0.133428,0.192826,0.206047,0.109159,0.175516,-0.001143,0.015301,0.123427,0.200542,0.019172,-0.200926,0.194147,0.340959,0.030018,0.157457,0.050058,-0.052225,-0.003122,0.092114,0.032136,0.096696,-0.091567,0.182121,0.349164,0.011351,0.161078,0.208681,0.036523,0.200567,0.143509,-0.125326,0.329574,-0.066680,-0.087333,0.187013,0.066043,-0.067623,-0.059792,0.099505,0.072441,0.139548,-0.038509,0.248126,0.240788,0.095867,0.097632,-0.015152,0.214749,0.012310,-0.168331,0.146296,0.068416,0.097769,0.317826,-0.022402,0.131836,0.335047,0.029078,0.255423,0.195689,-0.112439,0.239797,-0.009099,0.079691,#
