0,1.000000,-0.058984,0.167544,0.051042,0.198997,-0.128269,-0.013589,-0.110965,0.183862,0.102428,0.107615,0.043066,0.053252,-0.043623,0.248524,-0.232227,-0.052970,0.197734,0.124222,0.321827,0.106181,0.242895,0.027954,0.234703,0.094116,-0.033112,-0.035195,0.020998,0.295040,0.302294,-0.088439,-0.081844,0.025717,-0.014287,-0.205092,0.074102,0.110933,0.019372,0.137190,0.178719,0.116992,-0.040054,0.085423,0.114085,-0.188230,0.042350,0.091719,0.149589,0.154949,0.049031,0.223459,-0.171227,-0.131338,0.078983,0.154467,0.125752,0.158249,0.123561,-0.079327,-0.007448,0.274526,-0.030404,-0.075561,0.151887,0.096870,-0.017650,0.069316,0.046895,0.065943,0.038888,0.035145,0.051993,0.223243,0.107885,-0.127796,-0.218193,0.026270,-0.005459,-0.115923,-0.130022,0.309593,-0.115996,-0.034182,0.142032,0.334867,-0.015152,0.001826,0.090707,0.121397,-0.040110,-0.007481,-0.122015,-0.089569,0.120597,0.278213,0.034123,0.335197,0.015722,0.152491,0.293877,0.143159,0.095605,0.016696,0.197139,0.167459,0.103811,0.059929,0.059854,-0.079105,-0.282910,-0.080755,-0.080047,0.056493,0.295109,-0.205894,-0.145983,0.109604,0.244601,-0.016321,0.001042,0.371562,0.072487,-0.034295,0.027740,-0.060902,0.322710,0.072748,-0.053743,-0.166810,0.163596,0.109972,-0.007787,0.342995,0.007615,0.038696,-0.194745,0.317536,-0.132390,0.168917,0.275408,0.260067,0.077901,0.046611,0.043258,0.032213,0.104769,0.089506,0.025520,0.222327,-0.001433,-0.058967,-0.056298,0.271004,0.073356,0.146651,-0.166757,-0.127457,-0.054686,0.130209,0.124054,0.221637,0.253368,0.016011,-0.065723,-0.019792,-0.128938,0.174400,0.131372,-0.028081,-0.021978,0.433112,-0.075080,0.188298,0.148187,-0.074243,0.196030,0.321248,0.143012,0.050725,0.024588,-0.008767,0.378995,-0.185266,-0.079917,0.105585,0.030156,0.376984,0.296096,0.097164,-0.095246,0.242503,0.014678,0.236906,0.024708,0.276382,-0.107861,0.039752,-0.009065,0.421387,0.172205,#
1,-0.058984,1.000000,0.054559,0.034975,0.216450,0.048647,0.131683,0.043916,0.160231,-0.065529,0.323842,0.156449,0.144134,0.213050,0.002319,-0.037678,0.162609,0.086779,0.024745,0.135947,-0.025498,0.089410,0.054181,0.299033,0.173806,0.233876,0.075368,0.067303,0.065345,0.026874,0.332289,0.159709,0.145979,0.265835,0.038922,-0.097685,-0.017535,0.058132,0.267230,0.143421,-0.011911,-0.014642,0.354589,0.135749,0.236068,0.301928,0.276275,0.254250,0.065954,-0.112842,0.171979,0.279563,0.222663,-0.031487,-0.111375,0.088579,0.165895,0.116196,0.342714,0.017138,0.096863,0.165051,0.156552,0.002929,0.244292,0.207440,-0.057942,0.258929,0.199095,0.148975,0.006782,0.018939,0.310833,0.090870,0.171308,-0.003208,0.003081,0.198731,0.243419,-0.051049,0.113716,0.367233,0.125232,0.370435,0.140404,-0.057938,0.250799,0.074326,0.010002,0.393502,0.186007,0.272678,0.031777,0.173493,-0.002416,0.247774,0.067809,-0.067441,0.208996,0.067157,0.049123,-0.241908,-0.059283,0.209082,0.026523,0.212373,0.267230,0.325004,-0.021829,0.042478,0.325379,0.194222,0.078373,-0.022991,0.220801,0.251968,0.030835,0.260833,0.136564,0.161357,0.133425,0.013493,0.243192,0.040607,0.243852,0.131387,0.032097,-0.008504,0.052897,0.081003,0.085773,0.071026,0.104390,0.163861,0.402873,0.462014,0.140751,0.315811,0.093299,0.336516,0.006822,0.102400,0.195185,-0.213417,0.028071,0.110147,0.174817,0.173049,0.341207,0.182776,0.038055,0.171516,0.063452,-0.094779,0.360668,0.020818,0.123441,0.089746,0.193751,0.132504,-0.119325,0.233579,0.121693,0.122596,0.237220,0.275027,0.223249,0.312179,0.294821,0.187180,-0.044016,0.035881,0.141759,0.054416,0.182023,0.132061,-0.206929,0.232515,0.189773,0.058137,0.110607,0.193754,0.235087,0.029253,0.134191,0.070801,0.024931,0.095879,0.124685,0.193620,0.257526,0.016911,0.120238,0.047459,0.060319,0.219792,-0.051927,0.208678,0.031754,0.045728,#
2,0.167544,0.054559,1.000000,0.296835,0.031984,-0.194611,0.094506,0.262328,-0.079970,-0.024259,0.072300,0.190120,-0.042885,0.201826,-0.043238,0.022311,-0.120396,-0.108616,-0.097015,0.011576,0.008096,0.355581,0.133540,-0.048027,0.146101,0.098401,0.063022,0.026145,0.124647,0.321253,-0.054129,-0.169622,0.010507,0.236589,-0.128660,0.096976,0.010280,-0.056444,-0.147680,0.117066,0.229561,0.044286,0.242033,-0.085462,-0.274089,0.205794,0.046374,0.229649,-0.163834,0.051037,0.303453,0.104126,0.140026,-0.054411,-0.197702,0.096435,-0.056263,-0.055307,-0.033787,0.213012,-0.178742,-0.016884,0.094694,0.216807,0.130163,0.101844,-0.231312,-0.258632,0.001619,0.289828,0.084346,-0.291013,0.039307,0.171631,0.080221,0.036928,0.055125,-0.173925,-0.010022,0.000449,0.430257,-0.037310,-0.150964,0.048081,0.008629,-0.128742,0.247138,0.078461,-0.227391,0.108962,-0.055885,0.130074,0.176965,-0.146622,-0.023276,0.072378,-0.034537,-0.254418,0.084525,0.080732,0.285078,-0.179459,0.008436,-0.032981,-0.007339,-0.038607,0.101596,0.067920,0.016173,0.183645,-0.103245,-0.012395,0.006691,-0.001050,0.033556,0.051845,-0.005650,0.201211,-0.180510,-0.126457,0.079152,0.067519,-0.089520,-0.126029,-0.058828,0.067179,0.194276,0.090789,-0.169761,0.047128,0.130385,-0.032772,-0.085162,-0.044958,0.208349,0.153236,0.066049,0.057152,-0.176063,-0.053106,-0.184002,-0.102204,0.191505,0.052415,-0.013887,0.330120,0.182380,-0.014428,0.221812,-0.067574,-0.177042,0.339720,0.066297,-0.108168,0.057259,-0.140796,-0.160426,-0.039716,0.074178,-0.045390,0.134015,0.244315,0.036735,0.158846,-0.033315,0.056045,-0.065765,0.156220,-0.134742,-0.012783,0.048028,0.060588,0.048773,0.060788,0.099527,-0.083131,0.133542,0.057807,-0.003927,0.147004,0.166214,-0.077341,-0.099295,0.267583,-0.136300,-0.075419,0.031107,0.047217,0.057437,-0.082932,-0.088392,-0.039462,0.307079,-0.179809,0.009643,-0.186148,-0.118269,-0.036851,0.249566,0.142418,#
3,0.051042,0.034975,0.296835,1.000000,0.331291,0.063291,0.346711,0.103023,0.043111,-0.044010,0.134042,0.394688,0.091333,0.272575,-0.114972,0.094941,0.150341,0.130717,0.083842,-0.075682,0.084146,0.232166,-0.038216,0.250348,0.114309,0.077202,-0.067677,0.030003,0.147679,0.219357,0.185056,0.184210,0.308382,0.184040,-0.135676,0.090918,0.438381,0.238400,0.105958,0.018181,0.275347,0.176529,0.109425,0.380817,0.046082,0.027107,0.145003,0.116607,0.029483,0.176754,0.171381,0.096654,0.103422,-0.090926,-0.077902,0.335246,0.132746,0.312255,0.261484,0.181202,0.088436,-0.029403,0.236824,0.183659,0.174242,0.163696,0.250470,0.246988,-0.086884,0.082213,0.159733,-0.109150,0.286265,0.182212,0.263869,0.370820,0.290716,-0.111585,0.255645,0.239981,0.245725,0.175263,-0.088660,0.025760,0.165378,0.192280,0.295085,0.266413,0.046914,0.341692,0.143170,0.133436,0.170350,0.233113,0.025644,0.291629,0.235205,0.184579,0.226683,0.414846,0.340548,-0.060817,0.155756,0.270468,0.106220,0.149595,0.203255,0.023477,0.222319,0.124438,0.018847,0.123602,0.231520,0.045218,-0.146045,0.046492,0.291421,-0.016447,0.030366,0.042255,0.176555,0.187910,0.141506,0.277556,0.093853,-0.150779,0.302635,0.124830,0.208857,0.376896,0.092682,0.277398,0.206634,0.190540,0.257751,0.105508,0.038506,0.061855,0.244341,0.301727,0.152918,0.224330,0.222238,0.250750,-0.069021,0.193632,0.216822,0.259781,0.174550,0.032237,-0.105426,0.150092,0.070133,0.121657,0.230348,-0.043477,-0.031970,0.032868,0.185456,0.404936,0.218425,0.203323,0.184348,0.133516,0.066668,0.268225,0.165480,0.195791,0.096098,0.076628,0.113861,0.117862,0.191631,0.105272,0.090027,0.288984,0.003463,0.305121,0.050699,0.004266,0.248208,0.152335,0.182707,0.399037,0.087168,0.054934,0.005618,0.167639,-0.066110,0.013575,-0.089266,0.170851,0.467080,0.011036,0.093145,0.264943,0.190416,0.239722,0.277575,0.090758,#
4,0.198997,0.216450,0.031984,0.331291,1.000000,0.209570,0.101234,-0.012843,0.166852,-0.036528,0.013307,0.074784,0.180676,0.100181,-0.049559,-0.009606,0.255032,0.075905,0.077978,0.178158,0.121066,0.295347,0.129479,0.312620,0.137206,0.287060,-0.147026,0.038888,0.219368,-0.249245,-0.069234,0.166004,0.207825,0.174223,-0.088132,0.167929,0.250984,0.194238,0.071910,-0.046548,0.262749,0.175792,0.269251,0.092598,0.249614,-0.042423,0.266421,0.189235,0.108164,0.152522,0.099213,-0.058780,0.027398,0.011748,-0.006473,0.134308,0.128222,0.110245,0.151845,0.217448,0.256497,0.157143,-0.009071,0.023412,0.140943,0.051232,0.207974,0.037766,0.073214,0.063547,0.012599,0.050409,0.271064,0.164255,0.168999,-0.134605,0.035650,0.189749,0.116600,-0.130716,0.313989,0.038002,-0.133086,-0.041271,0.200304,0.077061,0.092709,0.174949,0.213765,0.197376,0.121392,0.058290,-0.174744,0.116765,-0.040368,0.200109,0.171081,0.079635,0.360873,0.205755,0.192583,-0.205744,0.104131,0.210877,0.025037,-0.044152,0.000378,0.179469,-0.148924,0.073464,0.368033,-0.049771,0.217518,0.441281,0.030771,-0.160690,0.105070,-0.124719,-0.031188,-0.195021,0.160069,0.077707,0.206025,-0.115765,0.238266,-0.083306,0.200312,-0.042419,-0.073251,0.100546,0.078406,-0.053854,0.223027,0.133842,0.270401,0.139099,0.227080,-0.228321,0.131017,0.225041,0.182624,-0.087122,0.149674,0.068336,-0.007575,0.069515,0.098310,-0.024617,0.272654,0.127691,0.049386,-0.066745,0.251782,0.105318,0.096151,-0.153897,0.120033,0.021811,0.174747,0.141760,0.037923,0.131283,0.134963,0.314831,-0.072020,0.443892,-0.048322,0.037208,0.010021,0.143603,0.115861,0.093741,0.168836,0.123987,0.162370,0.151682,0.206416,0.197441,0.074992,-0.163282,-0.004259,0.032527,0.196423,-0.014088,-0.171841,0.102653,0.282983,0.269412,0.065179,0.018931,0.246650,-0.272580,0.139088,0.002561,-0.151253,0.245714,0.014191,0.307359,0.123352,0.199537,#
5,-0.128269,0.048647,-0.194611,0.063291,0.209570,1.000000,0.113626,-0.105157,0.234086,0.073489,0.052149,-0.175971,-0.023923,0.162997,0.053569,0.030451,0.249883,0.097623,0.063193,-0.242686,0.256034,-0.073800,-0.034719,0.075721,0.112446,0.160667,-0.022046,0.048496,0.135031,-0.162317,-0.021217,0.154633,0.283027,0.045672,-0.057062,-0.063961,0.225919,0.139274,-0.127630,0.063215,-0.178030,0.044793,-0.085049,0.174715,0.025028,-0.030781,0.083991,-0.083488,0.010856,0.142296,-0.353292,-0.005639,0.119009,-0.123942,-0.134807,0.174229,-0.214814,-0.027729,-0.041827,0.032554,0.122232,0.026819,0.041686,-0.224234,-0.193235,0.066216,0.355399,0.023078,0.005711,-0.005453,0.069861,-0.027343,0.215685,0.208669,-0.110024,-0.038061,0.158952,0.161914,-0.021060,0.105130,-0.058283,0.287778,0.000358,-0.145455,-0.132880,0.193790,0.040792,0.005312,0.163600,0.074751,-0.128330,0.135889,-0.150591,0.023108,-0.041056,-0.073157,0.082457,-0.167456,0.291510,-0.147368,-0.036175,0.089095,0.024690,0.072919,-0.022051,-0.137284,-0.278568,0.072112,-0.243466,0.024418,0.261232,-0.080321,0.244942,-0.093175,-0.002512,-0.007266,0.269088,-0.052435,0.132223,-0.153445,-0.068432,-0.151332,-0.162058,0.216087,-0.002769,0.015350,-0.179111,-0.195687,0.141891,0.078428,-0.020253,0.178182,0.060270,-0.142043,0.223890,0.243960,0.081841,-0.144641,0.061244,0.118085,0.253617,0.113655,0.000205,0.255606,0.209700,-0.049429,0.041806,0.079432,-0.146350,0.191616,0.070686,-0.262634,0.019566,0.195210,0.073262,0.089680,0.053332,-0.011378,0.265766,0.011659,-0.068390,0.064237,-0.032541,-0.065457,0.057107,-0.116159,0.030633,0.073873,0.006011,0.110744,-0.086024,0.049900,-0.061799,-0.093358,-0.036019,0.142028,-0.049468,-0.008174,0.305635,-0.269278,0.056755,-0.006782,0.268922,-0.080138,-0.046860,0.125484,0.144512,0.034997,-0.085242,0.059635,-0.045530,-0.229709,0.173248,0.147158,0.073299,0.083602,0.012143,0.274782,-0.260655,-0.038192,#
6,-0.013589,0.131683,0.094506,0.346711,0.101234,0.113626,1.000000,0.173809,0.123421,-0.051851,0.175332,0.108213,-0.012986,0.185221,0.098091,0.106156,0.208574,0.179703,0.128456,0.092181,0.244835,-0.037625,-0.122780,-0.146730,-0.112300,0.146962,-0.009679,0.039210,0.362583,0.125072,-0.009610,0.174649,0.234901,0.199443,-0.116475,0.005918,0.171213,0.180113,0.151060,0.223617,0.197591,-0.002113,-0.070450,0.063883,0.054145,0.207879,0.245582,0.311124,0.036634,0.153269,0.017791,0.194549,0.236083,0.071389,-0.147548,-0.047899,0.169031,0.249647,0.293285,0.289879,0.032330,0.194408,0.006941,0.434300,0.223354,0.333765,0.309336,0.248548,0.257563,0.026307,0.050833,0.121462,0.359513,-0.031672,0.157139,0.182651,0.075059,0.183730,0.265672,0.223838,0.195746,0.159955,0.344284,0.041603,0.287746,0.078204,0.040640,0.186067,0.100131,0.360386,0.207738,0.204916,0.116308,0.175719,0.064057,0.044927,0.141051,0.003525,0.219615,0.148522,0.147104,0.098072,0.173518,-0.086515,-0.339891,0.156876,-0.096094,0.082309,0.046270,0.212859,0.159400,0.180607,0.120486,-0.097713,0.019607,0.124441,0.419340,-0.006414,0.256743,0.212458,0.152531,0.190247,-0.078306,-0.041284,0.148821,-0.082218,0.008909,0.377562,-0.000616,0.373574,0.135828,0.009252,0.225901,-0.044543,0.392048,0.127248,-0.008159,0.400380,0.210840,0.183663,0.191067,-0.100354,0.141651,0.418885,-0.085572,0.009262,0.218888,-0.012829,0.114571,-0.173538,0.064851,0.081864,0.171125,0.033869,0.362355,-0.219998,-0.120651,0.057215,0.189244,-0.029566,0.071260,0.317263,0.284946,0.051442,0.243855,0.128272,0.196680,0.242448,0.290173,0.223929,-0.156325,0.021187,0.175943,0.108911,0.033116,0.174988,0.005609,0.331174,0.332179,-0.061971,-0.004397,0.178136,0.096673,0.543356,0.419468,0.136650,0.059525,0.161295,0.140769,0.381098,0.043257,-0.091182,0.441761,0.190756,0.042167,0.134017,0.026146,0.190555,0.010074,0.125341,#
7,-0.110965,0.043916,0.262328,0.103023,-0.012843,-0.105157,0.173809,1.000000,-0.027504,0.125214,0.053525,0.188215,-0.004647,0.293780,0.210705,0.087720,0.014902,0.169011,-0.115665,0.261512,0.030557,0.257936,0.244084,-0.119824,-0.090741,-0.050918,0.272284,0.165105,0.091665,0.188353,0.036163,0.202969,0.070824,0.123064,-0.048909,0.038225,-0.207015,-0.006080,0.022857,0.013174,0.030777,0.126670,0.137209,0.119191,0.026358,0.231643,-0.052706,0.308750,0.238737,0.137466,0.091759,0.135192,0.015478,0.133753,0.071288,0.148055,0.069092,0.073742,0.155694,0.119280,0.262582,-0.075385,-0.009396,0.199354,0.256010,0.008633,-0.051180,-0.005008,0.096799,0.114722,0.025518,-0.161295,0.198336,0.202832,0.269176,0.197732,-0.000730,0.301072,0.181008,0.106891,0.219005,0.063986,0.161281,0.159310,0.158852,-0.066467,-0.141938,0.057073,0.149079,0.243743,0.018281,0.074566,0.087993,0.124967,-0.098454,-0.015544,-0.191124,0.026612,0.128001,0.030357,0.155466,-0.015812,0.089222,-0.048485,-0.186814,0.318285,0.409946,-0.042007,0.137797,0.094800,-0.147029,-0.225252,0.019286,-0.033871,0.243796,0.079691,-0.209225,0.025748,0.166822,0.310678,0.096628,-0.034445,0.113738,0.310270,0.194166,0.046882,0.078214,0.325326,0.026543,0.050078,-0.067462,-0.121955,0.029623,0.092183,0.307091,0.097475,0.016777,0.291957,0.080783,0.223677,0.208280,0.017567,0.003356,-0.019028,0.022442,0.118711,0.292124,0.271579,0.198203,-0.064696,-0.050829,0.267153,-0.146062,-0.014019,-0.149211,0.013243,0.138757,0.122245,0.134766,0.079841,0.023839,0.317539,-0.027534,0.164771,0.080438,0.183858,0.077615,0.116995,0.044808,0.097976,0.083806,0.171514,0.132937,0.025613,0.115527,-0.069432,0.062402,0.105189,0.054691,-0.073885,0.078253,0.018070,0.001046,0.148657,-0.268966,0.042164,0.048762,0.080272,0.131565,0.106059,0.095020,-0.199797,0.230896,0.077758,-0.012570,0.204796,0.120430,0.043660,0.112049,0.022603,#
8,0.183862,0.160231,-0.079970,0.043111,0.166852,0.234086,0.123421,-0.027504,1.000000,0.010553,-0.018616,0.033057,0.100932,0.205074,0.177608,-0.184387,0.078554,-0.043360,-0.063923,0.176874,0.304432,0.077728,0.113616,0.191254,0.026452,0.109524,-0.066338,0.029200,0.021111,-0.059995,0.040123,0.164115,0.147589,0.158122,-0.063959,0.162049,0.288923,0.085443,0.068918,0.174955,0.054360,0.094211,-0.299094,0.043316,0.163679,0.144538,-0.000268,0.233061,-0.038455,-0.021975,-0.112106,0.192750,-0.130104,0.302328,0.105561,0.250311,-0.122437,0.201147,0.114391,0.089511,0.073313,0.025835,0.269161,-0.048162,0.266808,0.170838,0.108612,0.163271,0.293573,0.049404,-0.173199,0.084947,0.397236,-0.122233,-0.066561,-0.193597,0.099787,0.002996,0.076179,-0.003709,0.044489,0.232457,0.166328,-0.073823,0.239683,0.126927,0.025183,0.233501,0.200043,0.207738,0.071450,0.117124,-0.021644,0.072067,0.201460,0.257684,0.052055,0.112470,0.151903,-0.012909,0.153013,-0.065675,-0.011362,0.022270,0.207179,0.187053,0.195902,0.094002,-0.101871,-0.074387,0.033519,0.061964,-0.185329,0.143050,-0.011292,0.059809,0.123083,0.165597,-0.041610,0.139712,0.276223,0.012886,0.061145,-0.030315,0.116619,0.333306,0.091206,0.224110,0.038504,0.137870,0.001528,-0.039447,0.158217,-0.012403,0.281507,-0.029118,0.115675,0.141809,0.388223,0.195977,0.132157,0.102771,0.086435,0.035308,-0.070751,0.066119,0.141782,0.370808,0.018285,0.192599,0.165488,0.041979,0.153210,0.118663,0.313029,0.043071,-0.039150,0.068085,0.040077,0.159587,-0.091622,0.087261,-0.103674,-0.016623,0.135445,0.088381,0.164987,0.211453,0.181325,-0.033102,0.238822,0.044491,-0.009219,0.210564,-0.134610,0.330801,-0.016512,0.258444,0.224312,-0.093444,0.125850,0.147642,-0.189856,0.143209,0.183080,0.058100,-0.028214,-0.068513,0.134600,0.217308,0.190967,-0.204737,0.084293,0.050621,0.083671,-0.075864,0.106540,-0.272069,-0.029750,0.050680,#
9,0.102428,-0.065529,-0.024259,-0.044010,-0.036528,0.073489,-0.051851,0.125214,0.010553,1.000000,0.275305,-0.141217,-0.213418,0.232546,0.213983,0.038463,-0.064672,-0.063246,-0.120240,0.175430,-0.128657,0.018240,0.087376,-0.118205,-0.151747,-0.075046,0.151671,-0.009116,0.013823,-0.063132,0.036073,0.193269,0.088746,-0.067647,-0.070167,-0.014537,-0.087151,0.154182,0.033980,-0.067502,0.248433,0.239384,-0.095695,-0.290279,0.036936,0.153127,0.098301,0.124470,0.102923,-0.230055,-0.166409,0.306280,0.103074,-0.088746,0.319278,0.368427,0.214451,0.272555,-0.048070,-0.230649,0.054635,-0.177055,0.070512,-0.125432,0.163238,0.009274,-0.069758,-0.091059,0.018364,-0.064589,-0.058842,0.227468,0.040409,-0.018202,0.067506,0.072823,0.136291,0.075502,0.233211,-0.013082,0.016519,0.269730,-0.203984,0.157938,0.013634,0.272246,0.057050,0.103789,-0.055763,-0.020025,-0.319293,-0.005094,-0.083321,-0.102173,-0.023171,-0.113917,0.000114,-0.000529,0.127587,0.212383,0.086290,0.095023,0.246289,0.010660,0.114583,-0.017120,-0.064443,0.131648,0.127086,-0.082141,0.028887,0.033293,0.131443,-0.078913,0.124655,0.048485,-0.046092,0.195284,0.294235,-0.155703,0.210365,0.294026,0.081506,0.218046,0.079854,0.155958,-0.157939,0.024054,0.121552,0.092445,0.143774,0.002854,-0.214548,0.004918,-0.021953,-0.128643,0.054807,0.150530,0.104933,-0.025141,0.050764,0.229791,0.044039,-0.127449,0.061178,-0.054126,0.130340,0.218313,-0.056033,0.240703,0.020793,-0.169954,0.167183,0.191273,-0.089937,0.366369,0.279045,0.087096,0.405237,0.063459,0.028110,-0.082271,-0.239163,0.250474,0.046818,0.005580,-0.147705,0.163955,0.113053,0.050267,0.123395,0.287769,0.050534,-0.029315,-0.054816,-0.006975,0.127936,-0.206640,-0.123684,0.129473,-0.094237,0.057921,0.215887,-0.068049,-0.084118,0.045422,0.307690,0.149133,0.222285,-0.044793,-0.119213,-0.060327,-0.017991,0.179501,0.088865,0.114042,0.098966,-0.167008,0.136409,-0.066780,#
10,0.107615,0.323842,0.072300,0.134042,0.013307,0.052149,0.175332,0.053525,-0.018616,0.275305,1.000000,-0.020665,-0.152111,0.319988,0.158918,-0.163038,0.101373,0.017416,0.273395,0.055263,-0.008521,-0.013235,-0.146742,-0.063023,0.034199,0.010893,0.216846,0.125944,0.060357,-0.053758,0.198565,0.147789,0.037545,0.040453,-0.116094,0.198820,-0.105426,0.104332,0.042135,-0.065840,0.038757,0.006102,0.139912,-0.085168,-0.237177,0.076850,0.156277,0.217292,0.194599,-0.186506,0.060052,0.136305,0.018851,-0.041980,0.062335,0.244280,-0.040644,0.138156,0.176429,-0.119792,-0.185080,0.086048,0.097603,0.065935,0.202684,0.194739,-0.046043,0.052694,0.064635,-0.080821,-0.002295,-0.043403,0.194049,0.099162,-0.042320,0.041924,0.140604,-0.144006,0.159481,0.014225,0.062119,0.127510,0.069336,0.262370,0.066201,0.026646,0.271775,0.069923,-0.116320,0.092925,-0.092002,-0.157911,0.081666,-0.079161,0.064782,0.065013,0.187610,-0.148564,0.233933,0.105820,0.040209,-0.038068,0.086543,0.001846,0.272442,0.046059,0.042135,0.199507,0.123027,0.043134,0.011564,0.098004,0.241611,-0.085616,0.240867,0.107682,-0.044215,-0.011714,0.217252,-0.150440,-0.004664,-0.091962,0.043883,0.053929,0.030936,-0.226482,-0.115494,-0.017658,-0.044339,0.338307,0.178331,-0.067342,0.086007,-0.161873,-0.008967,0.138627,0.090656,0.279194,0.137933,0.167793,0.042257,0.094866,0.217513,0.046684,-0.143009,0.050335,-0.031763,0.033711,0.005184,0.107657,-0.129732,0.083881,0.211649,-0.175378,0.112143,0.053255,0.152603,-0.012909,0.035963,0.229542,0.034230,0.187229,0.073386,0.068252,0.065020,0.020475,0.148617,0.268356,0.271251,-0.060850,0.047901,0.251695,0.096183,0.023477,-0.099249,-0.068798,-0.032056,-0.022672,0.210726,0.109581,0.188271,0.022312,0.246472,-0.014889,0.198824,-0.114901,0.147492,0.097160,0.038652,-0.064257,0.060125,-0.055288,0.179746,-0.013831,0.096603,0.043116,0.039462,0.248596,0.332135,0.294293,#
11,0.043066,0.156449,0.190120,0.394688,0.074784,-0.175971,0.108213,0.188215,0.033057,-0.141217,-0.020665,1.000000,0.073585,0.070667,-0.013824,0.026150,-0.039165,0.267771,0.110788,0.038286,-0.074582,0.164081,0.004427,0.224662,0.173846,0.182354,-0.254151,0.082439,-0.205699,0.157671,0.232806,0.263907,0.182599,0.267646,-0.060203,0.021001,0.250439,0.214291,0.102430,0.059416,0.194101,0.117380,0.154945,0.303143,-0.151426,0.348046,0.254138,0.113814,0.101795,-0.000448,0.318348,0.123740,0.123071,0.212942,-0.206230,0.152101,0.332679,0.051790,0.246238,-0.031671,-0.154774,0.027891,0.272927,0.276711,0.155555,0.212630,0.083311,0.400397,-0.042692,0.237725,0.073151,-0.068677,0.190588,0.133388,0.140872,0.204089,0.028810,0.086396,0.303666,0.129966,0.215934,-0.093718,0.192522,0.198953,0.279459,-0.124183,0.277344,0.394931,0.127785,0.149299,0.286372,0.179588,0.318689,0.396062,-0.001551,0.235063,-0.238703,0.157526,0.078217,0.286867,0.228408,-0.078413,0.000897,0.026195,0.188099,0.393297,0.262465,0.230626,0.249276,-0.074375,0.074496,-0.025612,0.166512,0.003144,-0.192068,0.353972,0.073689,0.099916,0.183352,0.144986,0.083278,0.166448,0.275985,0.166829,0.255564,0.115372,0.373367,0.410059,0.175579,0.225688,-0.161354,0.249162,0.025936,0.310227,0.006371,-0.066906,-0.137014,0.254619,-0.053995,0.292924,0.082383,0.193865,0.047034,-0.015949,-0.067634,0.209875,0.214816,0.128779,0.248069,0.084698,-0.197893,0.293247,-0.031321,0.141217,0.378534,-0.071333,-0.051166,-0.065066,0.144194,0.264126,0.208879,0.170466,-0.028404,0.062180,0.313501,0.177214,0.280315,0.220608,0.358710,0.105734,0.302946,0.022506,-0.007152,0.090514,0.154619,0.241072,0.368340,0.175233,0.140782,0.043563,0.203531,0.251753,0.012945,0.016020,-0.128508,0.233932,0.102202,0.061022,0.007426,0.022471,-0.085674,-0.019242,0.272414,-0.132788,0.117266,0.011934,0.213932,0.198295,0.011554,0.215990,#
12,0.053252,0.144134,-0.042885,0.091333,0.180676,-0.023923,-0.012986,-0.004647,0.100932,-0.213418,-0.152111,0.073585,1.000000,-0.214013,-0.016617,-0.150306,0.094715,0.144718,0.131045,0.295533,0.024863,-0.158850,0.119033,0.079914,0.090362,-0.148163,0.040265,-0.116307,0.036519,0.209174,-0.041819,0.187274,0.245169,0.089471,0.184473,0.213173,0.237370,-0.067457,0.111746,-0.053784,0.108535,-0.171286,0.263006,0.189924,0.191099,0.096397,0.159075,-0.265783,0.054766,0.032953,0.257379,-0.043899,0.014788,0.063838,-0.230879,0.076270,-0.078284,0.226701,0.091578,0.038581,0.040898,0.049169,0.073365,-0.006099,-0.067750,0.105748,0.095525,0.047400,-0.065032,-0.174032,-0.161062,0.115622,-0.012972,-0.146592,0.305296,0.037499,0.154456,-0.024489,-0.018873,-0.206788,0.052770,0.143392,0.033372,0.024137,0.113711,0.273337,-0.171337,0.148691,0.072339,-0.047854,0.044371,0.028355,-0.331890,0.116112,0.072399,-0.002926,0.141384,0.182717,0.217477,-0.053459,0.052479,-0.006525,0.050599,0.083087,0.097466,0.089347,0.255487,-0.001998,-0.054204,0.032458,0.093606,-0.159764,0.140607,0.128757,-0.130337,-0.009561,-0.122307,0.194832,-0.000681,0.174110,-0.043076,0.008744,0.147661,-0.065775,0.135594,0.181295,0.233328,-0.112850,-0.020689,-0.172328,0.056726,0.063599,-0.030473,-0.073971,-0.098536,0.117321,0.068974,0.108390,0.034729,0.125158,0.116055,-0.177445,0.059720,0.070273,-0.135435,0.042910,0.063689,0.147641,0.121873,-0.046525,0.003157,0.263101,-0.040994,-0.039429,-0.140984,-0.127760,0.056880,-0.152732,-0.044605,0.081202,-0.108720,0.203858,0.046118,0.194081,-0.174872,0.109270,0.154923,-0.129562,-0.162994,0.087223,-0.035496,-0.098520,0.134458,-0.027909,0.128504,-0.081080,-0.136400,0.267843,-0.130979,0.202954,0.099874,-0.044825,0.154089,0.071676,-0.028931,0.139308,-0.171577,0.047876,-0.072167,-0.153060,0.138170,0.040759,0.016611,-0.002124,-0.154440,-0.055572,0.017150,-0.052016,0.034525,0.030618,#
13,-0.043623,0.213050,0.201826,0.272575,0.100181,0.162997,0.185221,0.293780,0.205074,0.232546,0.319988,0.070667,-0.214013,1.000000,0.051047,0.082215,0.024589,-0.094621,0.073064,-0.029856,0.060822,0.269783,-0.053623,-0.037247,0.144411,0.126451,0.122600,0.161673,0.145067,0.041422,0.270001,0.242597,0.257988,0.205210,-0.172855,-0.119693,-0.125584,0.125973,-0.066861,-0.052572,0.027365,0.265737,0.198416,0.229078,-0.076832,-0.017356,0.046576,0.185628,0.082564,0.098805,0.080847,0.225328,0.315911,-0.030037,0.098919,0.369463,0.070202,0.265926,0.162819,0.189907,0.030076,-0.090203,0.357032,-0.056041,-0.000976,0.137136,0.299262,-0.056053,0.328310,0.038444,-0.225289,-0.111027,0.349756,0.110508,0.203253,-0.009397,0.275243,0.186976,0.089095,0.064277,0.189041,0.215841,-0.000927,0.386304,0.228225,-0.087575,0.252465,0.197157,0.199657,0.364210,0.015172,0.099812,0.234708,0.114104,-0.113511,0.281247,0.072783,-0.101390,0.287743,0.116548,0.428407,-0.067528,0.294615,-0.056392,-0.032839,0.190774,0.152090,0.174470,0.326145,-0.004480,0.033024,0.118485,0.173050,0.019744,0.190480,0.024111,0.267019,0.148988,0.173703,0.163265,0.346826,0.278713,-0.055371,0.277043,0.140144,-0.016108,-0.051829,0.042364,0.302292,0.231539,0.210205,0.038274,-0.078977,0.190453,0.310295,0.183541,0.213572,0.195003,0.473119,0.140905,-0.008098,0.018665,0.348972,-0.120002,0.115197,0.264907,0.325091,0.252742,-0.057094,0.352698,-0.045709,0.122061,0.147060,0.101124,0.181111,0.220038,0.006350,0.312143,0.180677,0.260138,0.063084,0.198585,0.051525,0.335852,0.192118,0.274001,-0.038383,0.240687,0.163275,0.408059,0.122779,0.179374,0.219568,0.030539,0.027910,0.162807,-0.151789,0.002869,0.322421,-0.156000,0.180309,0.007854,0.101033,0.175000,-0.144531,0.097759,0.008324,0.191191,0.067346,0.140059,0.029715,0.042498,0.180315,-0.109772,0.194318,0.179995,0.189463,0.113907,0.210741,0.184055,#
14,0.248524,0.002319,-0.043238,-0.114972,-0.049559,0.053569,0.098091,0.210705,0.177608,0.213983,0.158918,-0.013824,-0.016617,0.051047,1.000000,0.184444,-0.081848,0.162071,0.158793,0.236435,0.045457,0.030455,0.213697,0.066501,0.242703,-0.007469,-0.055471,0.194202,0.241328,0.050536,0.025183,-0.057686,0.146105,-0.030253,-0.007982,0.115890,-0.025619,0.253911,0.066266,0.103082,0.158355,0.017249,0.110411,-0.017676,0.011897,0.085398,-0.027819,0.216269,0.041993,-0.175061,0.211993,-0.017070,-0.011836,0.043516,0.288886,0.225488,0.121141,0.111291,0.141158,0.026901,0.293108,0.132910,-0.081848,0.147787,0.164509,0.116682,0.133889,-0.045262,0.252376,-0.034270,-0.256230,0.195149,0.038294,0.359911,-0.195375,-0.084614,0.048451,0.031908,-0.127296,0.249432,0.176289,0.030669,0.104235,0.178603,0.163489,0.243848,-0.187068,-0.017356,0.130655,0.133945,0.207048,-0.128611,0.138619,0.146676,0.101607,-0.160378,0.172902,-0.052602,0.320829,0.126055,-0.026660,-0.006553,0.054923,-0.023998,-0.101523,0.205237,0.273543,0.351894,0.057822,0.011330,-0.162726,-0.010995,0.090130,-0.143416,0.064941,0.049548,0.002581,0.233750,0.328196,0.153875,0.416188,0.033462,-0.044645,0.088699,0.060813,0.034761,0.083844,0.168839,-0.314274,0.163929,-0.034723,0.169159,0.162020,-0.145259,0.003305,-0.260206,0.305446,0.005075,-0.032209,0.077997,0.253793,0.155746,0.230641,-0.107611,-0.035758,0.204337,-0.055895,0.019627,0.074603,-0.098507,-0.042945,-0.204241,-0.010914,0.128733,-0.138245,-0.033740,0.217902,0.198446,0.043085,-0.060938,-0.016567,0.127724,-0.184539,-0.043263,0.097251,-0.051628,0.239216,0.240184,-0.095974,0.088852,0.202199,0.225592,0.280442,0.157581,0.054217,-0.032835,0.317912,0.268568,0.205397,0.229689,-0.010248,0.171882,0.004791,0.087041,0.153680,0.059182,-0.005608,0.116522,0.008739,0.056825,-0.111373,-0.003299,0.143075,0.286023,0.174001,-0.157496,0.003445,0.096914,0.285973,0.109624,#
15,-0.232227,-0.037678,0.022311,0.094941,-0.009606,0.030451,0.106156,0.087720,-0.184387,0.038463,-0.163038,0.026150,-0.150306,0.082215,0.184444,1.000000,0.034253,0.175963,0.066823,0.017440,-0.081789,0.000159,0.137107,-0.073871,0.003667,0.051432,-0.033393,0.028081,0.150223,-0.076271,0.087808,0.106726,0.126895,0.168441,-0.123785,-0.276490,0.070974,0.146213,-0.047407,0.027062,0.143686,0.073035,-0.006240,0.016519,0.077247,0.003240,-0.089341,0.072802,-0.232953,-0.170173,-0.096198,0.034677,0.056571,-0.222592,0.030619,-0.114720,-0.072588,-0.002120,0.080948,0.244457,0.146587,-0.116637,0.046848,0.025525,0.035758,0.059460,0.172749,0.039975,0.173712,-0.090013,-0.017654,0.132352,-0.086877,0.199210,0.101646,0.118159,-0.124178,0.297565,0.065040,0.226976,0.154743,-0.039916,0.042119,-0.011232,-0.024213,0.052782,-0.092722,-0.075045,0.155174,0.028448,-0.066685,-0.063504,0.125968,0.254564,-0.195280,0.031463,0.001507,-0.031797,0.135501,-0.062934,0.095732,-0.182754,0.226779,0.041680,-0.258825,0.053937,0.078093,0.071568,0.066562,0.116469,-0.187398,0.057737,-0.054717,-0.112345,0.108997,0.296591,0.220981,-0.069021,0.075696,0.025922,0.139593,0.262310,-0.072986,0.198919,0.131854,-0.258857,0.034036,-0.015579,0.089596,0.005660,-0.243145,0.315912,-0.077237,0.144928,0.114637,0.072054,0.096114,-0.223224,-0.213186,-0.116920,-0.096430,0.039921,0.086628,0.019983,0.007651,-0.007717,0.068760,0.024338,0.166181,0.146043,0.156179,-0.232637,-0.056793,0.412343,-0.270383,0.196773,-0.028265,0.123641,0.099736,-0.163153,-0.199758,-0.069534,0.123021,0.042018,-0.012314,0.138979,-0.015992,0.112928,0.002888,0.040888,-0.064362,0.047632,0.235239,-0.223932,0.072114,-0.153633,0.050208,-0.024138,-0.241966,0.007992,-0.088959,0.066252,0.010617,0.273051,0.011444,0.035594,-0.119170,-0.071944,-0.064566,-0.051033,-0.334261,0.143897,0.101087,0.138380,0.008260,0.087765,-0.115327,-0.103791,-0.022497,-0.089796,#
16,-0.052970,0.162609,-0.120396,0.150341,0.255032,0.249883,0.208574,0.014902,0.078554,-0.064672,0.101373,-0.039165,0.094715,0.024589,-0.081848,0.034253,1.000000,0.181543,0.107336,-0.054309,0.265213,0.012326,0.202228,-0.029808,-0.151067,0.324605,-0.063111,-0.159426,0.088438,-0.102095,0.257867,0.329683,-0.117235,0.307544,-0.200318,0.133886,0.088712,-0.051676,-0.038970,0.359802,-0.118976,0.209451,-0.078392,-0.085165,0.183646,0.285123,0.049322,-0.079367,0.175849,-0.119725,-0.116704,0.097397,0.165767,-0.085771,0.216432,0.033018,-0.201406,0.109526,0.249171,-0.015978,0.018982,0.264467,0.078539,0.136595,0.058358,0.053690,0.245874,0.313761,-0.185922,0.055652,-0.061049,-0.016173,0.163639,0.144315,0.120873,0.115524,0.050544,0.101823,0.147727,0.049851,-0.067108,0.103355,-0.008589,-0.071873,-0.015383,0.013351,0.100363,0.226923,0.114532,0.024469,0.008349,0.015800,-0.160442,0.093516,-0.033952,0.134600,0.015114,-0.071058,0.172445,0.144214,0.028385,-0.135612,-0.141552,-0.051722,0.036771,0.066822,0.060426,-0.229402,-0.126000,0.078572,0.146266,0.119423,0.064435,0.005757,0.179820,0.221900,0.003305,-0.108345,-0.084469,0.187571,-0.116024,-0.192764,0.214801,0.061568,0.130396,-0.113067,0.078566,-0.041654,0.036580,0.094657,-0.096887,0.184665,0.205654,-0.062583,0.370230,0.201048,-0.088121,0.163319,0.210613,0.313243,-0.108883,0.020131,-0.179657,0.086818,0.074490,-0.007738,-0.064341,-0.051366,0.041635,-0.232766,0.138265,-0.063144,0.107208,-0.011640,0.077461,0.107911,-0.052598,0.010179,0.011187,0.107704,-0.062002,0.194572,0.257369,0.219841,-0.158044,0.232613,0.264036,0.096060,-0.045439,-0.079503,-0.180891,-0.135654,0.140540,-0.181734,0.142717,0.140719,-0.062468,0.063011,0.116880,-0.022109,-0.096972,0.018745,0.276520,-0.189607,-0.010171,-0.003983,0.092288,0.222406,0.031217,-0.023566,0.018137,-0.246037,-0.003345,0.009866,0.173128,0.075186,-0.032585,0.255096,-0.061601,-0.024935,#
17,0.197734,0.086779,-0.108616,0.130717,0.075905,0.097623,0.179703,0.169011,-0.043360,-0.063246,0.017416,0.267771,0.144718,-0.094621,0.162071,0.175963,0.181543,1.000000,-0.043249,0.244331,0.321967,0.148653,0.247081,0.199374,-0.025260,-0.046610,-0.188899,0.004689,0.095010,0.320305,-0.037567,0.198773,0.327723,0.202656,-0.186176,0.058635,0.093359,0.391465,0.148136,-0.095516,0.175753,0.000569,0.019713,0.263708,-0.001966,0.246668,0.104684,0.066811,0.375638,0.047876,0.232858,-0.024377,-0.128087,0.104633,0.027385,0.069607,0.177874,0.176164,0.175763,0.211140,0.267211,-0.076831,0.085962,0.162399,0.039663,0.113629,0.185021,0.236421,0.111976,0.195627,0.076565,0.078084,0.142020,0.239764,0.173377,0.160577,0.153323,0.388680,0.034655,0.204160,0.056891,0.068487,0.383831,0.063636,0.167132,-0.084672,-0.067473,0.123895,0.158989,0.188239,0.076580,0.083503,0.033868,0.298196,-0.024731,-0.015816,0.357160,0.490105,0.038375,0.163885,0.019655,-0.057635,0.089311,0.180599,-0.047905,0.348238,0.193476,0.126788,-0.077185,-0.276044,-0.018785,-0.173383,-0.032730,0.275595,-0.080354,0.225784,0.040139,0.057176,-0.002628,0.228970,0.056356,0.070638,-0.033839,0.343171,0.281447,-0.087083,0.158306,0.320441,-0.055315,0.082590,-0.249345,0.172228,0.285417,0.157495,0.078257,0.232782,0.285178,0.026358,0.190380,0.475772,0.129390,0.189773,0.019471,0.152320,0.179448,0.101973,-0.055971,-0.105862,0.144149,-0.154208,0.168293,-0.162146,-0.180042,0.225338,0.013204,-0.063478,0.041759,-0.003646,0.428400,0.212080,0.091706,0.390890,0.161139,0.076071,0.162661,0.170644,0.154998,0.376446,0.037993,0.193175,0.409378,-0.045195,-0.049881,0.066554,0.183903,-0.119156,0.282934,0.151779,-0.094974,0.261804,-0.112423,0.398302,0.177893,0.017945,0.089656,-0.008261,0.152360,0.236902,0.173054,0.135582,-0.011180,0.116923,0.200479,0.057710,0.337675,0.189909,0.233215,0.056104,0.101642,0.070120,#
18,0.124222,0.024745,-0.097015,0.083842,0.077978,0.063193,0.128456,-0.115665,-0.063923,-0.120240,0.273395,0.110788,0.131045,0.073064,0.158793,0.066823,0.107336,-0.043249,1.000000,0.135945,-0.070428,0.119866,-0.307016,0.089213,0.232569,-0.004121,0.194857,0.228182,0.196046,0.023596,0.252814,0.225876,0.267267,-0.020614,-0.044802,0.159773,0.216566,-0.031626,0.004036,-0.005229,-0.071982,0.094351,0.025379,0.214641,-0.055359,0.015748,-0.000279,-0.093085,-0.208146,-0.026946,0.173844,-0.326564,0.086462,0.106626,-0.043291,-0.123670,0.045191,0.034084,0.092093,-0.158693,-0.170688,0.014488,0.188453,0.269427,-0.244971,0.195612,0.186636,0.255501,0.017875,-0.414097,-0.008469,-0.041662,0.077792,0.115937,-0.135088,-0.034359,-0.051690,-0.040451,0.211468,0.189230,0.381779,-0.123896,0.014483,0.181205,0.246770,-0.248704,0.230108,-0.009468,0.052437,-0.029145,0.212141,-0.066641,0.118490,0.226488,0.027293,0.055955,0.165238,-0.028523,0.158160,0.252771,-0.075974,0.282065,0.147801,0.072449,0.282110,0.238320,-0.052672,0.143983,0.045958,0.162682,0.151585,0.175818,0.008944,0.029243,-0.070173,-0.112786,0.110882,-0.024907,0.272239,-0.012294,-0.080823,0.009940,0.050577,-0.027138,0.047700,-0.049217,0.082427,0.010996,0.005783,0.216497,0.046840,0.096714,0.186198,0.009860,0.037164,-0.308451,-0.067145,0.216076,0.036239,0.244034,0.267752,-0.052480,0.196832,-0.048062,-0.090213,0.011000,0.015032,-0.130533,0.041790,-0.066700,-0.230183,0.193600,0.286375,0.029493,-0.078088,0.094845,0.095444,0.023467,-0.185658,0.095962,0.060665,0.067756,-0.004364,0.027694,0.024844,-0.093690,0.105305,0.092457,0.100393,-0.071397,-0.207518,-0.057445,0.242785,-0.077049,-0.012343,-0.123440,-0.016437,0.275010,0.402485,0.079424,0.005711,0.169291,0.013594,-0.066966,0.255959,0.055575,0.108283,0.301296,-0.035903,0.052057,0.180935,0.071641,0.240327,0.088976,0.042613,-0.114982,0.038384,0.192728,0.101264,0.157351,#
19,0.321827,0.135947,0.011576,-0.075682,0.178158,-0.242686,0.092181,0.261512,0.176874,0.175430,0.055263,0.038286,0.295533,-0.029856,0.236435,0.017440,-0.054309,0.244331,0.135945,1.000000,-0.018231,0.306347,0.210921,0.061987,-0.081154,-0.023210,0.174413,0.122538,0.176530,0.216525,-0.264786,0.170964,0.276060,0.007029,0.050266,0.228852,-0.083154,-0.043941,0.322731,0.010221,0.035633,0.102296,0.028518,0.008282,0.032534,0.226523,0.096766,0.369396,0.204535,-0.083478,0.136985,-0.057867,-0.062578,0.352718,0.111143,0.042649,0.105103,0.243023,0.145138,-0.040353,0.208641,-0.019706,0.008726,0.152384,0.043786,0.142475,-0.074199,0.185591,0.093073,0.096422,0.021666,0.097928,0.123417,-0.125795,0.120592,0.143240,0.083419,0.216465,0.154485,-0.070492,0.180430,0.059203,0.017839,0.071512,0.308780,-0.071630,-0.026359,0.064329,0.164973,0.183496,-0.041677,0.053293,0.015327,-0.000434,0.005098,-0.039616,0.186200,0.249645,0.065456,0.119176,0.026516,-0.149332,0.211365,0.143261,0.049027,0.235332,0.170025,0.466529,0.041480,0.003038,0.073765,0.077721,0.037480,0.163594,0.096959,0.177622,0.113720,0.228404,0.142614,0.139826,0.341309,0.207823,0.026621,0.092240,0.322514,0.218346,0.260296,0.234619,-0.249295,0.062546,-0.125671,-0.094343,0.213390,0.134292,0.000898,-0.060540,0.139799,0.197307,0.030350,0.286972,0.171593,0.169013,0.089106,-0.138874,0.040495,-0.030109,0.216260,0.219133,0.243093,-0.212404,0.099384,0.075368,0.084992,0.089985,0.017098,-0.110488,0.175833,0.063520,0.123381,-0.184504,0.133020,0.243269,0.108022,-0.010721,0.067124,0.264451,-0.013190,0.009253,0.114920,0.052180,0.192523,0.024923,0.313486,0.069512,0.049697,-0.119001,0.237984,0.127440,-0.042732,0.106708,0.077627,0.341727,-0.071159,0.008693,0.128322,0.034076,0.157393,0.265883,0.206142,0.095331,0.202486,0.024012,0.165336,0.210958,0.160003,0.017397,0.026668,-0.134117,0.233389,0.362485,#
20,0.106181,-0.025498,0.008096,0.084146,0.121066,0.256034,0.244835,0.030557,0.304432,-0.128657,-0.008521,-0.074582,0.024863,0.060822,0.045457,-0.081789,0.265213,0.321967,-0.070428,-0.018231,1.000000,0.083243,0.085771,0.189929,-0.034369,0.159523,-0.219177,0.130798,0.046907,0.228503,0.128459,0.154235,0.203218,0.217120,-0.073258,0.034823,0.050807,0.072001,-0.224225,0.126977,-0.054318,0.185346,-0.076712,-0.009864,0.128736,0.265775,0.055995,-0.012477,0.146311,0.184407,-0.111431,0.099582,-0.011338,0.230840,-0.025079,-0.111350,0.027504,0.138502,0.157123,0.183021,0.046037,-0.154981,0.161038,0.148690,0.064155,-0.020415,0.208486,-0.033930,0.220638,-0.087980,0.077344,-0.080005,0.441668,0.210622,-0.023912,-0.068888,0.092785,0.052619,-0.158337,0.194656,0.071298,0.011752,0.359644,-0.061326,0.029941,0.257803,-0.044017,0.253477,0.163484,0.276796,-0.028197,0.322445,-0.192734,0.121246,0.075370,0.087462,0.155333,0.065370,0.054541,0.052617,0.046468,-0.127162,-0.140045,0.096867,-0.161577,0.077858,0.021476,-0.027383,-0.177718,0.041030,0.095542,-0.045577,-0.045843,0.340441,-0.229396,0.050023,0.177646,-0.154907,-0.298943,-0.041632,-0.153664,-0.080172,-0.168026,0.062974,0.200889,-0.020274,0.121609,0.248675,0.042859,0.099029,-0.052036,0.023288,0.152018,-0.232876,0.254864,0.215716,0.186585,0.215150,0.305391,0.242494,0.012814,0.019460,-0.175329,0.087637,0.213835,0.050005,-0.293603,0.123395,0.145413,-0.024116,0.085953,0.043249,0.026914,-0.092065,0.149881,0.026768,-0.030018,-0.254860,0.214809,0.193280,-0.040631,0.271968,0.094468,0.029802,0.107631,0.104491,-0.094155,0.248545,-0.087315,-0.091638,0.202689,-0.069728,-0.052917,0.030680,-0.008776,0.325994,-0.101344,0.109394,0.198097,0.097540,0.025176,-0.012946,0.138857,0.222239,0.053934,-0.183740,0.106881,-0.014324,-0.000227,0.215873,0.110045,-0.085233,0.073863,0.072199,0.202936,0.197427,0.105075,0.073418,-0.060373,-0.108040,#
