0,1.000000,-0.103802,-0.331106,0.156462,0.188552,0.075742,-0.247078,0.142957,-0.083194,-0.021668,-0.420772,-0.161937,0.069862,-0.200887,0.314519,-0.187982,0.032644,-0.018960,0.003870,0.150402,-0.047127,-0.046908,-0.022221,-0.017984,0.191292,0.001205,0.231475,-0.251952,0.079898,-0.053847,-0.125857,-0.072049,0.010314,-0.191015,0.173041,-0.012684,-0.066064,0.029042,0.232856,0.079911,-0.045673,-0.009970,0.028654,0.054073,-0.233860,-0.042173,0.151848,-0.167434,0.115317,0.068171,0.242430,0.034258,-0.184948,0.078287,0.096127,0.221563,-0.140500,0.040704,0.016305,-0.043086,0.162835,-0.157508,-0.260293,-0.098402,0.098099,0.126252,-0.259954,0.009059,-0.073510,0.057594,-0.013479,-0.128983,0.017730,-0.373339,0.004639,-0.012311,-0.151702,-0.117324,-0.239970,-0.041946,0.155051,0.081957,-0.080003,-0.035071,-0.040098,0.178753,-0.096168,-0.251322,-0.030025,0.174717,-0.136877,-0.351260,-0.303051,0.059454,-0.057455,-0.076658,0.038215,-0.034417,0.060658,0.108945,-0.083993,-0.035704,-0.108632,-0.068906,0.219167,-0.233187,-0.352705,-0.094979,-0.015634,0.008291,0.115169,-0.180822,-0.125745,-0.071795,-0.093459,0.102313,0.013133,-0.195843,0.272336,0.108342,-0.079993,-0.373702,0.211492,0.017590,0.119988,0.126581,-0.072365,0.115903,0.068806,-0.129277,0.099634,-0.238932,-0.025185,-0.212921,-0.035393,0.001926,0.040294,0.169613,-0.012000,-0.149736,-0.127172,0.161042,-0.294739,-0.090912,-0.143832,0.100996,0.175537,-0.230106,0.046740,0.016793,0.119708,-0.237820,0.122125,-0.283136,-0.019389,-0.107965,0.009519,0.017346,-0.150933,0.036753,0.114682,0.264226,0.083339,-0.209648,0.366929,0.074540,-0.086504,-0.285726,0.260474,-0.032276,0.124489,-0.060158,0.233087,-0.056701,-0.007786,-0.375146,-0.162028,0.065526,-0.023553,-0.001009,-0.021748,-0.076156,-0.243889,-0.147174,0.158442,0.118364,-0.088838,0.021102,-0.164272,-0.134302,-0.188094,-0.158103,0.169782,-0.282070,0.128942,-0.159597,0.032632,-0.009151,-0.200826,0.127696,#
1,-0.103802,1.000000,0.294080,0.202028,-0.094143,0.005524,0.263279,0.036717,-0.087501,-0.027091,0.114809,-0.168706,0.164679,0.035894,-0.395732,0.066723,0.159282,0.152753,0.286574,-0.207988,0.334016,0.205252,-0.160959,0.177917,0.240757,-0.191145,-0.152525,0.076532,0.022253,0.007093,-0.110856,0.354958,0.175660,-0.079744,-0.040081,0.060080,-0.169006,0.059765,-0.064583,0.061684,0.254814,-0.046919,0.042933,0.038835,0.186887,0.367684,0.097031,0.070798,-0.345840,0.175546,0.035535,-0.112303,0.165535,0.246005,0.114246,0.143119,-0.276459,0.045690,0.059223,-0.040346,0.153155,-0.062088,0.141783,0.020532,-0.091305,0.056101,0.189750,-0.030770,0.315912,0.021994,0.055306,0.164503,0.117355,0.246197,-0.124832,-0.211872,0.131111,0.092803,0.276528,0.080676,-0.024378,0.281572,0.092126,-0.133818,0.107557,0.089165,0.130562,-0.077131,-0.122756,0.231433,0.078254,0.018950,0.116555,-0.042865,0.067601,0.010531,0.164916,-0.115892,0.039273,0.146753,0.211799,-0.076580,0.193179,0.292601,0.103168,0.227444,-0.025972,0.229501,0.069199,-0.041979,0.172553,0.110068,-0.087426,0.048576,0.152859,0.064771,0.104012,0.280743,0.039086,0.094955,-0.079946,0.160898,-0.195310,0.156965,0.043249,0.199529,0.207876,0.090047,0.155738,-0.042791,-0.034373,0.122543,0.013418,0.285239,0.040108,0.171858,0.056760,-0.189998,0.138873,0.035472,-0.104329,0.006749,-0.284099,-0.056920,-0.055694,-0.213166,0.204855,-0.130939,-0.256848,0.163507,-0.072882,0.118064,-0.255607,0.279562,0.118959,0.031930,-0.064196,-0.105756,0.026106,-0.026272,-0.049719,0.004312,0.283746,0.035600,-0.297888,-0.119825,0.155092,-0.047034,-0.053570,-0.010170,0.381167,-0.218479,0.199278,-0.086479,0.259736,0.113363,0.005497,0.217833,0.000428,-0.001892,-0.009437,-0.130864,-0.078130,0.044222,-0.142171,0.088228,0.088743,-0.020462,-0.031237,-0.204503,-0.240759,0.244266,0.093796,0.417180,0.109113,0.284646,0.252735,-0.229532,0.179518,0.035631,#
2,-0.331106,0.294080,1.000000,-0.116081,-0.341752,0.041112,0.183043,-0.060751,-0.144369,-0.053899,0.272514,-0.158682,0.154630,0.070081,-0.270035,0.060045,0.063066,0.188974,0.351368,0.093044,0.084323,0.020590,-0.136725,-0.160625,0.049451,-0.143608,0.074874,-0.119743,0.018651,0.112358,0.054952,-0.023432,0.152919,0.055020,0.203970,-0.012830,0.034836,-0.040762,-0.114210,0.129798,0.401138,0.029488,0.122520,-0.067750,-0.010655,0.167595,-0.031924,0.163662,-0.048560,0.155862,-0.103517,-0.014444,0.094849,0.185716,0.139955,0.116738,0.135333,0.055048,0.068982,-0.125708,-0.021403,0.225761,-0.003926,0.077870,-0.091844,-0.190378,0.258654,-0.144533,0.376729,0.110247,0.153551,0.370297,-0.078492,0.378419,-0.141499,-0.078586,-0.079602,0.387481,0.184799,0.195760,0.114595,0.128271,-0.032700,0.096571,0.176348,0.145206,0.035724,0.078944,-0.029466,-0.007956,0.055845,-0.005000,-0.029515,-0.032384,-0.040747,0.203628,0.075989,0.016124,-0.077347,-0.103119,0.112028,-0.198854,-0.030181,0.174133,0.176217,0.114464,0.070508,0.283604,0.146116,0.028151,0.187636,0.106326,-0.176641,-0.041405,-0.004231,-0.003300,-0.087840,0.068526,-0.068411,0.106459,0.019820,0.241850,-0.008033,-0.038354,0.135208,0.250674,-0.006198,0.129449,-0.140128,0.209893,0.034847,0.230590,0.180719,0.096625,-0.049796,-0.027640,-0.038084,-0.117247,0.069399,-0.099383,-0.169059,-0.019897,-0.135075,-0.088982,-0.076789,0.058169,0.234212,0.160759,0.100344,0.016300,-0.148071,0.004165,-0.265919,0.292794,0.089970,0.114996,-0.056256,-0.048425,0.094725,-0.086018,0.062174,-0.321470,-0.122523,-0.030238,-0.117920,0.054633,0.179321,-0.012425,-0.093272,0.194267,0.343460,-0.008329,0.170330,-0.037966,0.125738,0.143715,0.280081,0.119948,-0.251044,-0.128791,0.097658,0.188277,0.411767,0.222202,0.012540,-0.113702,-0.052486,0.218486,0.080067,-0.170926,-0.031453,0.220873,-0.321205,0.251980,0.032238,0.360472,0.165236,-0.121339,0.216294,0.003347,#
3,0.156462,0.202028,-0.116081,1.000000,0.076836,0.015843,-0.331379,-0.004074,-0.024485,0.068084,-0.170930,-0.061385,-0.063898,0.246318,-0.177370,-0.297273,0.300476,-0.010424,0.002042,0.067452,0.312200,-0.086639,0.038831,-0.159897,0.082901,0.295528,-0.003413,0.073412,-0.148600,0.177907,-0.067337,0.121047,0.123459,-0.139487,-0.136550,-0.025322,0.070991,0.125757,-0.039399,0.221246,-0.031529,-0.050316,-0.079976,-0.014255,0.059866,0.012125,-0.217007,0.207131,-0.042374,0.008661,-0.001983,0.191718,0.115139,0.130499,0.133252,0.110833,-0.126993,0.013171,0.012149,0.146835,0.027513,-0.063394,-0.235619,0.214225,0.080167,0.229224,-0.000850,0.162179,0.002015,0.041448,-0.196311,-0.351833,0.081438,0.015894,-0.182335,0.118407,0.047067,-0.063287,0.138242,0.143800,0.094679,0.108797,0.032508,-0.157118,0.005257,0.153513,-0.060931,0.122996,0.090676,0.068316,-0.143142,0.016889,0.090406,-0.160552,0.070634,-0.011007,-0.130478,0.111112,-0.142756,0.241927,0.125200,-0.109982,-0.021468,-0.047314,-0.091477,-0.281755,-0.129855,0.043128,-0.087148,-0.048754,0.142685,0.088738,-0.119063,0.057881,0.019344,0.112600,0.251375,0.032786,0.032456,-0.047745,0.068096,-0.229174,0.079363,0.034961,0.056607,0.178258,0.182558,0.066464,-0.033683,-0.088195,0.048208,-0.095367,0.264289,0.118361,-0.127693,-0.045147,-0.180357,0.002484,0.224508,0.228912,-0.034861,0.009819,-0.332950,-0.177907,-0.180810,-0.030628,0.261906,0.020491,0.062435,-0.110362,0.029938,-0.179993,-0.174301,0.196169,-0.041222,0.085790,-0.029524,-0.149425,-0.007410,0.067029,0.246574,0.355709,0.107183,0.265714,0.066565,-0.026057,0.009540,-0.005266,0.034846,0.094952,0.021019,-0.043675,-0.029502,0.078398,0.055688,0.006906,-0.018118,-0.023922,0.070849,0.205002,0.007796,0.163685,-0.085424,0.266533,-0.036562,0.320382,-0.093657,-0.255653,-0.083158,-0.138141,-0.034368,0.030843,0.241794,-0.041225,0.156089,0.020967,0.053257,0.005377,0.111883,0.154020,#
4,0.188552,-0.094143,-0.341752,0.076836,1.000000,0.162960,-0.062945,-0.006672,-0.052564,0.110219,-0.133712,-0.009477,-0.031167,-0.133381,0.105715,-0.197537,0.035628,0.009296,-0.202986,0.018900,0.103561,0.082668,0.309588,0.152068,-0.052850,0.023848,-0.242361,0.134141,0.059153,0.274469,0.024770,0.077872,-0.091239,-0.152027,0.092323,0.123848,0.098422,-0.081419,0.184074,0.258235,-0.173754,-0.130407,0.076002,-0.035451,0.235380,-0.119472,0.192305,0.105739,-0.034990,-0.001018,0.280345,-0.081679,-0.092824,-0.075365,-0.012084,0.039487,-0.031259,0.136012,0.242038,-0.111243,-0.152906,-0.181604,0.295068,0.068624,0.270530,0.383414,-0.111233,0.095137,0.072642,-0.112562,0.036383,-0.200878,-0.156336,0.128549,0.070437,-0.028616,0.046315,-0.001550,0.055691,0.021160,-0.097602,0.081957,0.090220,-0.143828,0.059718,-0.017252,0.033512,0.269461,0.081661,0.191972,0.070774,-0.286333,0.146345,0.071697,0.152569,-0.000320,-0.003118,-0.057994,-0.030835,-0.146456,-0.195680,0.287432,0.109216,0.052044,-0.178766,-0.168193,-0.036004,-0.043320,0.100083,0.166875,-0.155582,0.011991,0.201891,0.178701,-0.041260,-0.161413,-0.107824,0.139466,0.091095,-0.004832,-0.180239,-0.050412,-0.119538,-0.129147,0.135536,0.077323,0.092897,-0.075358,0.189553,-0.142527,-0.039995,-0.023944,0.099805,0.105746,0.055136,-0.035886,-0.021703,0.255801,-0.076194,0.092556,-0.031678,0.232080,0.092306,0.129622,0.015085,-0.117457,-0.063214,-0.134025,0.100500,-0.011999,0.075706,0.051544,-0.062029,-0.241912,0.116840,-0.060779,0.197200,0.303537,0.101243,-0.036605,0.063810,0.247278,-0.027725,0.019860,0.170318,-0.088875,0.046725,-0.147791,0.096849,-0.134785,-0.097052,0.138875,0.018144,0.184703,-0.227238,-0.066525,0.083376,0.178701,0.094767,0.397647,0.032338,-0.013678,-0.066684,0.185629,0.020692,0.235531,0.145663,0.163769,0.080136,0.224698,0.198996,-0.136866,0.187035,-0.002204,-0.063459,0.034174,-0.135394,-0.018223,0.047899,-0.042879,#
5,0.075742,0.005524,0.041112,0.015843,0.162960,1.000000,0.194645,-0.023883,0.138080,0.000136,0.038433,-0.264126,0.198014,-0.135040,-0.065392,-0.003318,0.142381,0.033724,0.221835,0.203108,-0.074016,0.014494,0.099762,0.010771,0.347434,0.148027,0.148699,-0.001373,0.198182,0.106994,-0.169143,-0.138900,-0.105024,0.010732,0.269969,0.029767,0.016859,0.085655,-0.099807,0.235337,-0.059593,0.034936,0.436512,0.135385,0.021757,0.131988,-0.162519,0.226798,-0.243282,0.173071,0.087562,0.150708,-0.010511,-0.144178,0.256655,0.087832,-0.116495,0.045457,0.137167,-0.193201,0.122619,-0.097359,0.072230,0.050895,0.053476,0.278439,-0.228982,-0.051405,0.082954,-0.036599,0.249359,0.214432,-0.143063,0.194779,0.129833,0.161261,-0.283609,0.268947,0.014832,0.093622,0.073248,-0.070194,-0.113451,-0.005980,0.052711,-0.102890,-0.014109,0.022283,0.034737,-0.216383,0.383008,0.014682,-0.191199,0.030754,0.102499,0.057578,0.186780,0.102617,0.029285,0.061680,0.005249,-0.035888,0.152974,0.035699,-0.002256,-0.096866,0.019007,0.137909,-0.039658,0.045365,-0.023313,-0.196745,0.217184,0.102017,-0.028309,-0.178289,0.328162,0.105148,0.218568,0.176471,-0.003051,-0.050163,-0.129585,-0.019319,0.049083,0.203075,0.178581,-0.012716,0.009337,-0.091006,0.096909,-0.021426,-0.020865,-0.034529,-0.030267,-0.191022,0.016208,-0.005745,-0.004426,0.014057,-0.056599,-0.056454,-0.108230,-0.045598,0.036910,0.171766,0.068498,0.253392,0.102415,0.042200,0.047872,-0.056456,0.332432,-0.077289,0.371065,0.065363,-0.010726,-0.084676,0.000390,-0.165634,-0.018120,0.162863,0.043353,-0.074806,-0.129924,-0.105910,-0.084206,0.032821,0.199803,0.115214,0.151702,0.267565,0.009557,0.145432,-0.045358,0.208029,0.246568,0.012128,0.040309,0.212486,0.155998,-0.156051,-0.164860,0.086293,0.046314,0.030972,0.311809,0.219725,0.100116,0.095030,-0.029694,0.001979,-0.141436,0.094595,0.015357,-0.010689,-0.004434,0.097348,-0.107926,0.309319,#
6,-0.247078,0.263279,0.183043,-0.331379,-0.062945,0.194645,1.000000,-0.052426,-0.070807,-0.058063,0.383584,-0.107242,0.161923,-0.120955,-0.259161,0.439129,0.273583,0.180302,0.125145,-0.290670,-0.210863,-0.068535,-0.174124,0.038581,0.121663,-0.066117,0.030965,0.075288,0.150714,-0.121360,-0.057985,0.096098,-0.083176,0.168780,-0.071741,-0.018812,-0.223351,-0.104103,-0.190887,0.027980,0.144888,0.121302,0.204966,0.152907,-0.182982,0.062630,0.164374,0.104297,-0.185582,0.222882,-0.215248,-0.202421,-0.182173,-0.172950,0.040417,-0.002319,-0.118692,-0.042856,-0.044097,-0.024118,-0.008579,0.119685,0.028945,-0.175459,0.040436,-0.117856,-0.048571,-0.117191,0.104663,-0.148649,0.194929,0.089329,-0.140078,-0.027112,0.154774,-0.192900,0.145284,0.156803,0.111941,0.207662,-0.113541,0.124073,-0.017613,-0.006995,-0.143551,-0.214785,0.073590,-0.059510,-0.102458,-0.021081,0.225170,-0.088996,0.114713,0.043687,-0.050737,0.051180,0.362974,-0.145727,-0.253810,0.072809,0.006457,-0.044425,0.079646,0.058623,0.155703,0.096174,0.155603,0.196693,0.282435,-0.003410,-0.100545,-0.057115,0.248332,0.131911,0.150380,0.194384,0.023070,0.110646,-0.208245,0.009354,-0.025847,0.372840,-0.411512,-0.217523,-0.039739,-0.044848,0.096896,-0.015319,-0.010841,0.021987,0.040137,0.176340,0.067119,0.086131,0.038923,-0.282698,0.290673,-0.119766,0.020888,0.049518,0.039066,-0.224666,0.145939,0.045041,-0.054662,0.022946,-0.061073,0.238974,0.006886,0.108803,0.101281,0.040486,-0.085077,-0.044460,0.012602,0.119391,-0.156877,-0.010722,-0.219478,-0.042131,-0.239794,-0.142044,0.102575,-0.031990,-0.438747,-0.171612,0.080730,0.081046,-0.052280,-0.009713,-0.076587,0.198576,-0.215902,-0.134828,0.038184,0.237634,0.117659,0.071934,0.000421,-0.170081,0.013616,-0.195498,0.020731,-0.054180,-0.124478,-0.030134,0.200110,-0.004770,-0.000093,0.090687,0.082913,0.043746,-0.139411,0.298770,0.092498,0.034582,-0.004665,-0.149400,0.066755,0.035165,#
7,0.142957,0.036717,-0.060751,-0.004074,-0.006672,-0.023883,-0.052426,1.000000,0.292870,0.094179,-0.218645,-0.183512,0.111152,-0.064427,0.036937,-0.048375,0.016469,0.198222,0.159922,0.122042,0.044636,0.057572,0.111109,-0.036522,0.028127,0.030444,-0.071259,-0.223628,0.210447,0.118806,-0.013975,0.136112,0.109931,-0.110295,-0.011187,0.073457,-0.171002,0.179611,0.354959,0.221750,0.043233,0.024523,-0.011720,-0.065501,-0.046190,0.108938,0.118771,0.212110,0.001454,0.112760,-0.058849,0.169221,0.133534,-0.119800,0.130791,-0.100964,-0.040179,-0.081923,0.072989,0.118526,0.199473,0.192303,-0.009897,-0.055901,0.160221,0.103207,-0.030371,-0.059896,-0.309646,-0.009452,0.121409,-0.040678,0.059267,-0.022678,-0.235999,-0.216693,-0.198240,-0.047781,0.167594,0.158709,0.098723,0.110376,-0.041287,0.039940,0.166245,0.183397,-0.152687,0.029206,-0.382739,0.078347,0.117154,-0.260460,0.177999,0.058752,0.150451,0.204943,0.251462,0.274745,0.216213,0.113284,0.006427,-0.034571,-0.364657,-0.027298,0.029923,0.159295,-0.291365,0.196130,0.011073,-0.323400,0.190146,-0.056712,0.039972,0.068733,0.351255,0.042067,-0.122767,-0.050412,0.060683,0.393978,-0.084367,0.003300,0.275029,-0.054352,0.005796,-0.023779,-0.146554,0.112067,0.010414,0.087130,-0.088862,0.148061,0.059872,-0.251862,-0.101199,-0.039324,-0.140222,0.139089,0.214120,-0.053946,-0.051645,0.055947,-0.145454,-0.137748,0.058435,0.092151,0.005100,0.117741,-0.162133,0.327386,-0.333227,0.185580,-0.145982,0.195116,0.189917,0.388427,-0.077765,-0.033527,-0.045821,-0.132430,0.126876,-0.037206,-0.073861,-0.147131,-0.032831,-0.047189,-0.085690,-0.195934,-0.111023,-0.128370,0.067449,0.104791,0.152317,0.158963,0.230809,-0.254487,-0.110743,0.213410,0.056830,0.063380,0.179758,-0.074494,-0.219453,-0.011033,0.180491,0.042403,0.097886,0.166387,-0.026825,-0.003001,0.120702,0.126731,-0.054658,-0.062054,-0.048632,-0.038024,-0.097196,-0.120655,-0.024735,-0.080922,#
8,-0.083194,-0.087501,-0.144369,-0.024485,-0.052564,0.138080,-0.070807,0.292870,1.000000,-0.075217,-0.132221,0.241130,0.165686,-0.003068,0.052394,0.055338,-0.016724,-0.137765,-0.047532,0.186156,0.135279,0.035005,-0.083616,0.164008,0.040966,0.116536,0.030370,-0.045856,-0.213399,0.181896,0.136674,-0.084328,0.268658,0.012644,0.005754,0.425476,-0.066049,-0.002374,0.071467,-0.008937,0.126885,-0.155440,0.015147,0.227485,0.108830,-0.129742,0.090568,-0.106213,0.114142,0.296946,-0.269561,0.097930,0.310510,-0.178111,0.025586,-0.049066,-0.155525,0.034290,0.012597,-0.062413,0.046076,0.205565,-0.022409,0.189152,-0.181151,0.034546,0.202103,0.027421,-0.071876,-0.121465,0.001331,0.228793,0.261923,-0.100677,0.000713,0.020826,-0.161794,-0.004011,0.042529,0.171669,-0.036326,0.047896,0.041787,-0.045281,-0.162144,-0.029334,0.288399,0.068160,-0.106008,-0.121783,0.252185,0.149315,0.016186,-0.015730,-0.054791,-0.098530,0.136083,0.132700,0.042126,0.003948,-0.144593,-0.194681,0.128328,0.046055,-0.144509,0.104468,0.140228,-0.010436,0.076293,0.095924,0.002198,-0.091828,0.065277,-0.031337,0.011214,-0.047689,0.168535,-0.073545,-0.075593,0.031986,0.068885,-0.008787,0.298544,0.154669,0.008518,-0.036090,-0.178713,0.007579,0.106017,0.238413,-0.045577,0.377504,0.052727,-0.220536,-0.294415,0.207882,-0.172450,-0.009811,0.082565,-0.072344,-0.007541,-0.121234,-0.121687,-0.287069,0.089336,0.081250,0.102654,0.239026,-0.219089,0.278075,0.064403,0.099064,0.185213,0.300334,0.090339,0.200042,0.002347,0.029121,0.114041,-0.324080,0.096844,-0.044745,-0.095500,-0.144995,-0.020556,0.028987,-0.149394,0.183279,-0.037275,-0.121074,-0.053557,0.160736,-0.175833,0.156246,0.058926,-0.076052,-0.074054,-0.111080,-0.075705,0.019831,0.242537,-0.007343,-0.098059,0.004141,-0.156999,-0.215406,0.195978,0.048605,-0.120887,0.092633,0.165022,0.032129,-0.174956,-0.012211,-0.032030,-0.045361,-0.153048,-0.061061,-0.098631,0.247515,#
9,-0.021668,-0.027091,-0.053899,0.068084,0.110219,0.000136,-0.058063,0.094179,-0.075217,1.000000,-0.011239,-0.099485,-0.015402,-0.106060,-0.008581,-0.095082,-0.084978,0.258915,-0.213827,-0.085621,0.017436,0.037580,0.110495,0.043167,0.077784,0.109953,0.068255,-0.047926,-0.204865,0.052658,0.013109,-0.096785,-0.116604,-0.159362,0.016057,0.021198,0.079742,0.055810,0.030025,-0.050137,-0.217454,0.017393,0.067224,-0.147839,-0.085342,0.017385,-0.071096,0.209676,0.281134,0.181465,0.045141,-0.118436,-0.155469,-0.121379,-0.088323,0.089463,0.057484,-0.002320,-0.171606,0.237016,0.000345,-0.064617,0.006600,-0.080914,-0.034593,0.058200,-0.206816,-0.096667,-0.019489,-0.069335,0.038909,0.002094,-0.013695,0.114539,-0.046919,-0.006940,0.110267,0.095990,0.044239,-0.001717,-0.020250,0.098548,0.055908,0.008748,0.110123,0.024804,0.178765,-0.095095,-0.000288,0.245171,0.038692,-0.208237,0.201062,-0.151700,0.277507,0.056275,-0.118859,0.119038,0.151477,0.115034,0.130488,0.148872,-0.256705,-0.032940,-0.075207,-0.097751,-0.171255,0.311373,-0.130372,-0.048840,0.064278,0.230474,-0.093041,-0.083500,0.071905,0.202488,-0.009006,0.124110,0.351081,0.183669,-0.258733,-0.091363,-0.000995,-0.180730,0.174967,0.115825,-0.046725,0.102178,-0.149678,-0.118664,-0.186335,-0.067449,0.175774,-0.065016,-0.005265,0.022430,-0.069583,0.033153,-0.124445,0.103938,-0.018332,0.034651,0.141815,0.116093,0.248758,0.201818,-0.048609,0.057877,-0.069360,0.003464,0.115890,0.273174,-0.150240,0.000936,-0.177061,-0.123200,0.085432,0.172493,0.395915,0.044182,-0.109554,-0.065983,0.217018,0.223212,-0.130324,-0.231053,-0.267606,0.035371,0.209467,0.175288,0.007968,0.118283,0.099288,-0.134635,-0.086944,0.263981,0.160317,0.034511,-0.021039,0.127867,0.101834,0.287035,0.059406,0.099396,0.229510,0.107208,0.136744,0.153956,-0.000435,0.045765,-0.311068,-0.176190,-0.112501,-0.047621,-0.210754,0.218954,-0.073464,0.071943,0.082728,-0.167835,#
10,-0.420772,0.114809,0.272514,-0.170930,-0.133712,0.038433,0.383584,-0.218645,-0.132221,-0.011239,1.000000,-0.160237,-0.030177,0.050462,-0.174399,0.135704,0.009373,0.232311,0.085190,-0.281932,-0.051761,0.011477,-0.148041,0.013369,0.159993,-0.056126,-0.047888,0.191154,0.198048,0.107095,-0.056757,-0.000273,0.000346,-0.115634,-0.282579,-0.178591,-0.108326,-0.144182,-0.304689,-0.163623,0.257506,0.000359,0.005389,-0.096754,-0.103696,0.122668,0.072957,0.056004,-0.117953,0.048451,-0.186276,0.071018,-0.052624,-0.025313,-0.118781,-0.012694,0.091220,0.061224,0.055897,0.034273,0.132236,0.098004,0.055280,0.119843,-0.121315,-0.033756,-0.013841,-0.294797,-0.055158,-0.357003,0.185002,0.196513,-0.168185,0.148594,0.219665,0.028174,0.007538,0.070438,0.343188,-0.083608,0.030702,-0.119218,-0.033517,0.015338,0.008692,-0.016667,0.194817,-0.029810,0.019745,0.161735,-0.005851,0.133865,0.011860,-0.093703,0.110159,-0.043613,0.142243,-0.081260,-0.047429,-0.003459,0.022672,0.011743,0.044475,0.068761,-0.118674,0.220616,0.322177,-0.084201,0.052232,0.229055,0.109735,0.042763,0.076592,0.108391,0.062457,0.144719,0.035249,0.062741,-0.144643,0.105317,0.225906,0.351371,-0.363225,-0.237185,-0.021767,-0.048982,0.235870,-0.031070,-0.116159,0.176340,0.057930,-0.003085,0.047193,0.189047,0.175260,-0.211429,-0.103143,0.110648,0.161903,0.053501,-0.130203,-0.048916,0.379123,0.306123,0.227043,0.055771,-0.151575,0.086433,0.097097,0.137254,-0.031212,-0.005544,0.021757,0.009043,-0.027376,0.062755,0.070119,-0.109512,0.005244,0.020821,-0.184012,-0.061634,-0.049179,0.139605,-0.307488,-0.017263,0.153396,0.013718,0.096334,-0.208313,-0.222508,0.051557,0.020530,-0.156570,0.134367,0.204196,0.159924,0.092060,-0.139254,-0.012258,-0.099710,-0.137042,0.199564,0.250366,0.121965,0.033784,-0.067476,0.128818,0.065931,0.040016,-0.054075,0.250548,-0.273772,0.359146,0.027840,-0.041107,0.047720,0.008986,-0.004123,0.081093,#
11,-0.161937,-0.168706,-0.158682,-0.061385,-0.009477,-0.264126,-0.107242,-0.183512,0.241130,-0.099485,-0.160237,1.000000,0.002194,0.172668,0.098865,-0.001133,-0.275266,-0.103572,-0.122243,-0.165513,-0.021072,0.128484,-0.025411,0.070839,-0.205355,0.029947,-0.058671,0.099873,-0.240543,-0.006032,0.270064,0.096079,0.071621,0.181924,-0.092864,0.110039,-0.100942,0.132314,0.079403,-0.162822,-0.018901,-0.072670,-0.021273,0.078992,0.103372,-0.243658,0.022123,-0.210353,0.260040,-0.060873,-0.311240,-0.064395,-0.009454,0.111608,-0.072723,-0.135810,-0.043032,0.087934,0.052038,0.282331,-0.096077,0.117694,-0.056958,-0.003542,0.021500,-0.169560,0.275989,0.253204,-0.186480,0.261194,-0.351414,-0.030992,0.200862,-0.195135,0.208283,0.276139,0.088907,0.063685,0.054945,0.001199,-0.151006,-0.093882,0.163885,0.018008,-0.333223,-0.112360,0.256061,0.163926,0.153191,-0.062448,0.075492,0.030819,-0.041893,0.170902,-0.095342,-0.079602,-0.013586,-0.081046,0.037250,0.035372,-0.049235,0.092768,0.089438,-0.262716,0.007526,0.125695,0.037375,-0.071070,-0.111287,0.035635,-0.096935,0.075971,0.059550,0.128296,0.024980,-0.068905,-0.047496,0.218567,0.029896,-0.051275,0.160123,-0.037003,-0.037726,0.418082,-0.037445,-0.273150,-0.110665,0.102960,0.393602,0.064081,0.068658,0.038045,-0.027154,-0.058185,0.015060,0.146517,-0.035278,0.117446,-0.184840,0.112848,0.101301,-0.193347,0.216227,0.060595,-0.060215,-0.086409,-0.187716,-0.100323,-0.297656,-0.421979,0.130483,-0.047751,0.044547,0.176075,-0.221613,-0.013036,0.095362,0.036718,0.027210,0.065525,-0.149946,-0.003677,-0.133979,0.099465,0.048938,-0.007521,-0.022936,0.314973,-0.172408,-0.102399,0.053665,-0.158356,-0.186035,-0.099305,-0.110680,0.058787,-0.102085,-0.155138,-0.000364,0.054448,-0.167255,0.110635,0.010085,0.010626,-0.166487,-0.099690,-0.006570,-0.172024,-0.079363,0.094540,0.191860,0.070004,0.213409,-0.112609,0.154390,-0.016480,-0.262270,0.195212,0.035797,0.133267,#
12,0.069862,0.164679,0.154630,-0.063898,-0.031167,0.198014,0.161923,0.111152,0.165686,-0.015402,-0.030177,0.002194,1.000000,-0.026239,-0.046840,-0.041052,-0.144578,-0.127855,0.078450,-0.174033,0.010695,0.108157,-0.056493,-0.232100,0.329831,-0.180297,0.138033,-0.001764,0.116656,0.006811,0.153752,-0.195712,0.008077,0.099531,0.257373,0.206076,-0.120466,-0.156568,-0.269694,-0.035789,0.196089,-0.190761,0.191508,0.239082,0.053252,-0.008120,0.308650,0.118424,-0.131634,0.354054,-0.031062,0.007197,0.143559,0.074319,0.148238,-0.086912,-0.143894,-0.116003,0.126411,0.038744,0.011496,0.368448,0.021124,0.045921,0.024721,0.068610,-0.071526,-0.025016,0.202613,0.119700,0.080062,0.179886,0.180283,0.096321,-0.028535,0.182954,-0.086233,0.328464,0.093045,0.457886,0.207772,0.320672,0.091845,-0.262555,0.248016,0.096030,0.025431,0.094841,-0.118197,0.198068,0.319545,-0.002283,0.055148,0.342224,-0.137034,0.149401,0.364175,-0.086687,0.045689,-0.046868,0.277152,-0.098653,0.159170,-0.026259,0.131438,0.175980,0.076576,0.276462,-0.018596,-0.226412,0.211407,0.182153,0.071922,0.079067,0.030916,0.053907,-0.083760,0.223138,0.142494,0.183715,0.113185,0.052139,0.101942,0.239026,0.067665,0.233381,-0.210003,0.160508,0.130084,0.123223,-0.231864,0.040549,0.202567,-0.101954,0.023608,-0.150956,0.023754,-0.162348,0.201858,-0.190785,-0.031570,-0.141440,-0.298895,0.022670,-0.202552,-0.046619,0.192571,0.270986,-0.108005,0.254436,0.026815,0.117083,-0.043131,0.129239,0.166783,0.110843,0.201251,0.275730,0.176405,-0.148977,0.097783,-0.011991,0.045215,-0.102649,-0.047309,-0.127987,0.095574,0.166096,0.077327,0.029696,0.180391,-0.162765,0.319990,-0.269896,0.209605,0.006889,0.108653,0.169121,-0.463764,-0.008935,-0.014748,-0.032198,0.018417,0.198858,-0.047685,0.117107,0.104956,0.061031,-0.134439,-0.248633,0.039793,-0.111419,0.008980,0.071346,0.023466,0.079024,-0.110860,-0.128986,0.079842,0.124317,#
13,-0.200887,0.035894,0.070081,0.246318,-0.133381,-0.135040,-0.120955,-0.064427,-0.003068,-0.106060,0.050462,0.172668,-0.026239,1.000000,0.000227,-0.062793,-0.169881,-0.056436,-0.007546,-0.135306,0.151112,0.034055,0.073161,0.101406,-0.068586,0.229781,0.130164,0.193918,-0.059014,-0.149114,-0.065723,0.000638,-0.003207,-0.083410,-0.174073,-0.123747,-0.003708,-0.071561,-0.160926,-0.007351,0.246620,0.216860,0.096080,-0.209694,0.171217,0.125788,-0.231540,-0.080692,0.053950,-0.062328,-0.208721,-0.046339,0.061174,0.000962,-0.080362,-0.284841,0.021406,0.129067,0.283099,0.037519,-0.129401,0.308172,-0.191507,-0.173964,-0.097457,0.018098,0.344404,0.274484,-0.142975,-0.026947,-0.244806,-0.013147,0.149255,0.172236,0.004021,0.178891,0.057734,-0.090921,-0.055668,0.116526,-0.021184,0.025173,-0.100166,0.109543,-0.269166,0.077660,-0.053695,0.272038,0.303303,0.007306,0.092657,0.258858,0.276963,-0.091388,-0.115696,-0.000063,-0.157170,-0.081080,-0.064242,0.135827,-0.062344,-0.260912,0.013147,0.012356,-0.117446,0.010087,-0.072489,0.039975,-0.031293,-0.151250,-0.177380,0.066580,0.089028,0.033218,0.369160,0.034826,0.140581,-0.034604,-0.228930,-0.045957,0.135831,0.149636,0.069925,0.210080,-0.076423,-0.048187,-0.081820,0.044939,0.058230,0.253100,-0.140411,-0.196434,-0.131282,0.171757,0.076418,0.127739,0.252384,-0.011673,0.130321,0.073552,-0.138568,-0.114318,-0.074906,0.221119,-0.128842,0.081750,0.071559,0.086192,0.138660,-0.220300,-0.233981,-0.264531,0.054099,0.022706,-0.036233,-0.076867,-0.031661,-0.202028,-0.097545,0.023385,-0.018184,0.067805,0.103267,-0.077181,-0.172753,0.091674,0.250076,0.222138,-0.244636,0.083904,-0.086591,-0.055076,-0.222074,0.150883,0.161106,0.104920,0.138048,-0.106979,-0.050323,-0.077644,0.017096,-0.034655,0.091542,0.246231,-0.203111,0.072037,-0.049215,-0.239392,-0.106024,0.123415,0.138444,-0.070820,0.013161,0.177671,0.042593,0.007159,-0.259910,0.323283,-0.080945,0.101589,#
14,0.314519,-0.395732,-0.270035,-0.177370,0.105715,-0.065392,-0.259161,0.036937,0.052394,-0.008581,-0.174399,0.098865,-0.046840,0.000227,1.000000,-0.137846,-0.170368,0.203651,-0.213310,0.168619,-0.246112,0.090265,-0.006680,0.130898,-0.073860,-0.045927,-0.025156,0.107293,-0.020891,0.018585,0.352137,0.005986,-0.057164,-0.046969,-0.027150,-0.055612,0.261807,-0.015716,0.175087,-0.231638,-0.106707,-0.023904,-0.105471,-0.027040,-0.145137,0.073915,0.167216,-0.045073,-0.044823,-0.187236,-0.087590,0.063373,0.131942,-0.210385,-0.001839,0.160021,0.208243,0.134073,0.214830,-0.170709,0.036124,-0.152810,0.046959,-0.006630,-0.061747,-0.020500,-0.057900,-0.107744,-0.137263,-0.150871,0.067676,-0.058177,0.133120,-0.085434,0.168257,0.264399,-0.113294,-0.121964,-0.287887,-0.160073,0.038301,-0.022363,0.111024,0.209036,-0.127432,-0.090389,0.049363,0.199833,-0.103934,0.224162,-0.005594,-0.079861,0.081269,0.167380,-0.108256,-0.148824,-0.099508,0.091371,-0.094779,-0.093381,-0.201396,-0.010954,-0.075797,-0.039369,-0.120221,-0.131847,0.055709,-0.168863,0.064406,0.048425,-0.153667,0.039892,0.052800,0.048150,-0.005755,-0.188417,-0.113613,-0.150567,0.035082,0.074488,0.086531,-0.353729,0.285011,0.203440,0.127475,-0.117193,-0.259717,0.027901,0.007344,0.002552,0.122636,-0.062202,0.002711,-0.005398,-0.034274,-0.156581,0.051732,0.091109,-0.023315,0.056618,0.002635,0.088484,-0.022774,0.389220,0.126827,0.136158,0.073596,-0.043253,0.015791,0.066940,0.283290,-0.211650,0.222510,-0.206905,0.050476,-0.197128,0.032467,-0.072197,0.085286,0.126203,-0.102725,0.023836,-0.136305,-0.136639,0.290208,0.211383,-0.022974,-0.048074,0.158850,-0.104427,0.084016,-0.130134,-0.183860,-0.048674,-0.269518,-0.108599,-0.243795,0.100513,0.037205,0.127157,0.121380,0.019711,-0.075670,-0.114804,-0.008987,0.092708,-0.058498,-0.085942,-0.158005,0.110648,0.042313,0.056480,0.002873,-0.241516,-0.241890,-0.148024,-0.230027,0.011405,-0.251804,-0.137346,#
15,-0.187982,0.066723,0.060045,-0.297273,-0.197537,-0.003318,0.439129,-0.048375,0.055338,-0.095082,0.135704,-0.001133,-0.041052,-0.062793,-0.137846,1.000000,0.315991,0.070894,0.099931,-0.132987,-0.086616,-0.074662,-0.343681,0.303472,0.025149,0.153483,-0.020842,0.195928,-0.036744,-0.317306,0.012716,0.136432,0.134456,0.342381,0.052622,0.013134,-0.132201,-0.088824,-0.126741,0.026657,0.110762,-0.114190,0.051242,0.024281,-0.118562,0.079759,0.350989,0.172646,0.035544,0.192536,-0.202503,0.122879,0.026275,0.009014,0.011934,0.045528,0.157856,0.010618,-0.168355,0.158520,0.190277,0.049752,0.205012,-0.025221,-0.016504,-0.240575,0.019354,0.030470,-0.013195,-0.037079,0.075008,0.138969,0.011492,0.181314,-0.059248,-0.193300,-0.229858,0.155578,0.085415,0.045515,-0.093881,0.119465,0.036239,0.059847,-0.117950,0.109850,0.081049,-0.044934,-0.157192,-0.235120,0.136832,0.187518,0.012589,0.047717,-0.187593,0.030853,0.136269,-0.003339,-0.065202,-0.066473,0.013505,0.209905,-0.003950,0.024381,0.259660,-0.042047,0.224290,0.020007,0.137224,0.011806,-0.242421,0.102020,0.278263,-0.135097,0.194487,0.201381,-0.056930,-0.082117,-0.041700,-0.064143,-0.201262,0.395168,-0.054607,0.006991,-0.093825,-0.031090,0.110265,0.185594,-0.015299,0.131496,0.169086,0.257123,-0.160738,-0.009946,0.056219,-0.079279,0.117642,-0.051733,-0.040965,0.242856,0.219320,-0.043369,0.183363,0.054180,0.043121,-0.021000,0.079447,0.017018,-0.076321,-0.055316,0.177547,0.297886,0.281212,-0.079392,0.019949,0.175207,-0.206041,0.017399,0.122527,0.021979,-0.068406,-0.122186,0.118842,0.212009,-0.124673,0.027509,0.040961,0.202138,0.018717,0.150963,-0.029913,0.146163,-0.005135,0.255875,0.027281,-0.011820,0.017545,0.003384,0.099028,-0.049964,-0.000168,-0.139679,0.043023,-0.000947,0.113252,-0.114804,0.000020,-0.001461,0.269402,0.288815,0.050034,0.086527,-0.115317,0.260847,0.060177,0.303158,-0.094769,-0.041276,0.138146,0.004207,#
16,0.032644,0.159282,0.063066,0.300476,0.035628,0.142381,0.273583,0.016469,-0.016724,-0.084978,0.009373,-0.275266,-0.144578,-0.169881,-0.170368,0.315991,1.000000,0.055056,0.319029,0.116856,0.181498,-0.412313,0.075066,-0.175536,-0.091722,0.178297,-0.176334,0.096297,-0.011304,-0.006652,0.109281,0.406676,0.120144,0.055889,0.066084,0.057687,-0.103565,0.102909,0.034084,0.116903,-0.000819,-0.251905,0.068552,-0.092417,0.010904,0.036476,0.226327,0.135584,-0.216373,0.040030,0.124250,0.061159,-0.159861,-0.070726,0.091009,0.330814,-0.009386,0.201531,-0.109501,0.076007,0.027464,-0.087157,0.159071,0.098333,0.129369,0.183606,-0.108716,0.212903,0.154929,-0.001827,0.160247,-0.172454,-0.198713,-0.048333,-0.012875,-0.133516,0.028810,0.140298,0.055269,0.137213,0.210023,0.014429,0.018111,-0.046314,-0.060129,-0.051128,-0.186169,0.100064,-0.089424,-0.181240,-0.325454,-0.053399,0.135819,-0.208428,0.048711,0.168154,-0.034007,0.122723,-0.178362,0.146069,0.039396,0.114256,0.117826,0.133761,0.175589,-0.229822,-0.010120,0.013531,0.363813,0.098124,-0.126138,-0.003577,0.128808,0.073182,0.089731,0.116270,0.108961,-0.103808,-0.106389,0.049641,-0.229475,0.023953,-0.017823,-0.096211,0.128696,0.186868,0.361255,0.030507,-0.178215,-0.064228,0.157318,0.202519,0.206527,0.099291,-0.081617,-0.016058,-0.004039,-0.086958,0.203822,0.023047,-0.180566,0.025114,-0.033815,-0.077847,0.042069,0.023747,0.181096,0.119572,-0.024976,-0.143024,0.113766,0.015964,-0.185506,0.003490,-0.048793,0.065222,-0.436411,-0.064767,-0.172528,0.119346,0.089975,-0.086218,0.184307,0.210278,0.177150,-0.053871,-0.070132,0.020248,0.108539,0.155541,-0.242356,0.228517,-0.159843,0.074806,-0.017083,-0.094598,0.196379,0.018084,0.244475,0.197217,0.067609,0.011261,-0.110185,0.191303,0.119077,-0.078639,0.035826,-0.051957,0.106052,0.153925,0.009488,0.200013,-0.009441,0.134343,0.249553,0.234810,0.069173,-0.089458,0.060504,0.176543,#
17,-0.018960,0.152753,0.188974,-0.010424,0.009296,0.033724,0.180302,0.198222,-0.137765,0.258915,0.232311,-0.103572,-0.127855,-0.056436,0.203651,0.070894,0.055056,1.000000,0.098335,-0.014005,-0.034294,0.024181,-0.107719,0.096313,0.242587,-0.066541,-0.200580,-0.072440,-0.025317,-0.012596,0.023919,0.228001,-0.089098,-0.241175,-0.248632,-0.306103,-0.056748,0.208094,0.236832,-0.075742,0.305834,0.000260,-0.026597,-0.004415,-0.151068,0.209865,0.187202,0.203455,0.048738,-0.004465,-0.134819,0.067152,0.165746,-0.163204,0.095169,0.191932,0.023412,-0.005770,0.128778,0.143755,0.243682,-0.068551,0.159143,-0.070159,-0.212269,-0.084977,0.290921,-0.276826,-0.069655,-0.126662,0.215807,0.006888,-0.003199,0.165148,-0.030249,-0.089342,-0.166478,0.186630,0.115139,0.013873,-0.013419,0.270339,0.003937,0.205769,-0.176254,-0.083358,0.214491,-0.208407,-0.117963,0.233048,0.040334,0.001223,0.291027,-0.045409,0.152962,0.165775,0.038787,-0.037891,0.136831,0.323007,-0.214224,-0.054114,-0.193275,-0.198157,0.017184,-0.092792,-0.104936,0.132707,-0.001077,0.030919,0.140233,-0.044486,0.035396,0.156462,0.241920,-0.001548,-0.129740,0.099805,-0.004674,0.159050,0.048936,-0.177883,-0.208659,-0.084803,0.112626,-0.006657,0.080964,0.253921,-0.061723,0.034250,0.022970,0.250276,0.140364,0.139173,0.009507,-0.070553,0.083328,0.128186,-0.051430,0.248439,-0.067343,-0.042476,0.052152,0.157984,0.266149,0.003378,-0.022124,0.123422,-0.157804,0.137177,0.212755,-0.098801,-0.106480,0.039242,0.011287,0.115723,-0.042921,-0.304885,0.029675,0.073789,-0.137525,0.011204,0.013400,0.008932,-0.149556,-0.138569,0.000250,0.022943,0.073554,-0.105590,0.236053,0.100718,-0.025841,-0.196857,-0.105165,0.181846,-0.017098,0.049521,0.136729,0.129081,-0.090368,-0.040890,-0.142461,-0.048619,0.057825,-0.027413,0.181203,0.123319,0.138084,-0.107186,-0.227069,0.079526,-0.061814,-0.142077,-0.317295,0.114386,0.012554,-0.155834,-0.037712,-0.033725,#
18,0.003870,0.286574,0.351368,0.002042,-0.202986,0.221835,0.125145,0.159922,-0.047532,-0.213827,0.085190,-0.122243,0.078450,-0.007546,-0.213310,0.099931,0.319029,0.098335,1.000000,0.145001,0.155331,-0.021228,0.025983,0.004678,0.021833,-0.065689,0.003984,-0.111793,-0.003997,-0.013641,0.008284,0.262536,0.030124,0.044546,0.141765,0.107747,-0.095778,0.289513,0.050742,-0.045964,0.352060,-0.209230,0.270641,-0.188713,-0.002727,0.127602,0.123217,0.080892,-0.067529,-0.069574,0.123241,0.061188,0.202800,0.105058,0.153781,0.135073,-0.039833,0.034581,0.180634,0.133588,0.174100,0.158362,-0.030967,0.036320,0.107995,0.029073,0.223612,-0.004780,0.074066,0.284615,0.150679,0.092410,-0.143247,0.281694,-0.029184,-0.181532,-0.190157,0.258917,0.118966,-0.095517,0.173031,-0.030306,0.047383,-0.010864,0.235535,0.356143,-0.381856,-0.026344,0.121231,-0.030950,-0.052721,0.027878,-0.045901,-0.020895,0.148632,0.076021,0.035654,0.090488,0.258886,0.146392,0.046550,-0.091530,-0.032738,0.023076,0.316611,0.170951,-0.298357,0.174678,0.123413,0.028269,0.087869,0.007793,0.048007,-0.054850,0.036012,-0.046302,0.093023,-0.181508,0.133860,0.225412,0.140329,-0.071845,-0.047858,0.086052,0.094873,-0.016317,0.189869,0.211575,0.024332,0.061127,-0.047584,-0.028914,0.114667,-0.030883,-0.173379,-0.011064,0.174753,0.101254,0.167565,-0.134443,-0.186725,0.234121,-0.187649,-0.201748,0.212754,0.102993,0.182489,0.085039,0.021927,-0.183593,-0.049100,-0.005809,-0.047109,0.122378,0.165626,0.333156,0.111428,-0.278739,-0.169443,-0.113560,0.130653,-0.046536,-0.006357,-0.043761,0.067133,-0.158995,0.033010,0.076771,-0.048377,0.154631,0.151605,0.163208,-0.154452,0.077062,0.211509,-0.060846,0.063395,0.022130,0.080596,0.001227,0.095921,-0.087441,-0.079766,0.143351,0.085148,-0.235857,-0.068879,0.096158,-0.100275,-0.014567,-0.024229,0.304627,-0.071217,0.170463,0.320701,0.201015,0.015102,0.131548,0.067594,0.186559,#
19,0.150402,-0.207988,0.093044,0.067452,0.018900,0.203108,-0.290670,0.122042,0.186156,-0.085621,-0.281932,-0.165513,-0.174033,-0.135306,0.168619,-0.132987,0.116856,-0.014005,0.145001,1.000000,-0.003274,-0.156847,-0.070547,-0.017006,0.042757,-0.018934,0.041490,0.064711,-0.175534,0.160392,-0.182556,0.166805,0.208471,-0.063211,0.131507,0.185959,0.180309,0.147495,0.238089,0.069739,0.068108,-0.114678,-0.098406,0.063643,-0.171547,-0.012882,-0.123532,-0.035645,0.179792,0.126346,0.257886,0.128311,0.236418,0.033684,-0.019856,0.140296,-0.042480,-0.216853,-0.007912,-0.113515,-0.099958,0.061879,-0.049151,0.095120,0.124631,-0.032104,0.150342,-0.028349,0.159343,0.196085,0.114463,-0.138080,-0.014667,0.018866,-0.249307,-0.042884,-0.147891,-0.025562,-0.130350,-0.129523,0.270962,-0.118883,-0.204082,0.021027,0.138782,0.036120,-0.201153,0.002102,0.037761,-0.026138,0.190097,0.036157,-0.152192,-0.141032,-0.007580,-0.083860,-0.212643,0.205828,0.060597,0.216880,-0.290212,-0.098411,0.124429,-0.142739,-0.130282,-0.127388,-0.251074,-0.017948,-0.061500,-0.091134,-0.100641,-0.178498,0.079081,-0.248377,-0.287671,-0.349332,-0.015483,-0.079963,0.197932,-0.060509,-0.096488,-0.255171,0.284804,-0.031256,-0.094573,0.069000,0.017804,0.136669,-0.097231,-0.169548,0.171612,0.148160,0.058795,-0.039432,-0.359338,-0.108098,-0.169060,0.130262,-0.179439,-0.205383,0.047179,-0.015752,-0.299003,-0.311323,0.097468,-0.101233,0.054259,0.124510,0.006482,-0.066651,-0.046703,-0.225002,-0.066176,0.004173,0.094020,-0.024345,0.144980,-0.274598,-0.019856,-0.184097,0.221555,0.086857,-0.194920,0.177300,0.374429,0.338928,-0.110218,-0.075181,-0.051035,-0.055121,0.040292,0.227417,-0.028627,0.188826,-0.010378,-0.317192,0.002612,-0.056001,0.110753,0.009895,0.010593,0.079685,-0.021321,-0.072793,0.042198,-0.102820,-0.056933,0.117668,0.046640,0.233363,-0.010619,0.055318,-0.257804,-0.104832,-0.117497,-0.066697,0.078693,-0.027107,0.064589,-0.020478,#
20,-0.047127,0.334016,0.084323,0.312200,0.103561,-0.074016,-0.210863,0.044636,0.135279,0.017436,-0.051761,-0.021072,0.010695,0.151112,-0.246112,-0.086616,0.181498,-0.034294,0.155331,-0.003274,1.000000,-0.004223,-0.016931,0.214979,-0.012254,0.326756,-0.303515,0.003758,0.039985,-0.052712,0.109905,0.140228,0.297821,-0.067678,-0.009014,0.241591,-0.090765,-0.009796,-0.081628,0.098209,0.008292,-0.069246,0.004330,-0.356549,0.261935,-0.045449,0.062662,0.056763,-0.113890,0.113371,0.130389,0.105169,0.090236,0.047509,0.140215,-0.081706,-0.338008,-0.054978,0.098589,0.137287,0.024788,0.025531,0.026696,0.184175,-0.106453,0.276668,0.115753,0.145611,-0.009375,-0.070579,0.105463,0.113351,0.283833,0.203681,-0.230418,-0.120188,0.289568,0.094166,0.104995,0.002450,0.016030,0.052956,0.117201,-0.238420,0.060563,0.323792,0.059196,0.251578,-0.037966,-0.054438,-0.058701,0.116753,0.080499,-0.163584,0.047740,0.041898,0.041589,-0.016000,0.110412,-0.038232,0.189746,-0.068213,0.260415,0.227290,0.006198,0.145724,0.104266,-0.070449,0.071384,0.267927,0.095451,0.087788,-0.126705,0.060032,-0.037314,-0.117504,0.202800,-0.141880,-0.027004,-0.192639,-0.122138,0.017661,-0.013547,0.124495,0.227185,0.215650,0.123479,0.098457,-0.068882,0.029975,0.069096,0.080175,0.327418,0.120608,0.029017,0.226511,-0.048649,0.091526,0.076576,0.016428,-0.052654,0.134019,-0.203937,-0.097522,-0.012263,-0.131923,0.069938,0.049700,-0.053705,-0.086496,0.073545,-0.127473,-0.147291,0.210146,0.036662,0.199280,0.002476,0.197038,-0.037431,-0.004501,0.348798,0.093033,0.121944,0.045103,-0.146094,0.089427,0.051274,0.134221,0.132357,-0.106469,0.144624,-0.085017,-0.076609,-0.037577,0.020546,-0.020952,-0.015583,0.114558,0.035752,0.210410,0.147217,0.210126,0.072754,0.203165,0.049465,0.181424,-0.038596,-0.197822,0.125277,0.037972,0.077931,0.155234,0.185810,0.114242,0.175609,0.258772,0.155786,0.000484,-0.020820,0.026087,#
