0,1.000000,-0.079031,0.192508,-0.043594,-0.217208,0.025968,0.079952,0.034406,-0.018686,-0.165644,-0.032854,0.023771,0.137543,-0.287969,0.202588,-0.128852,0.061133,0.114376,0.012997,0.024016,-0.059654,-0.118874,0.017652,0.000284,-0.035296,0.023217,-0.023537,0.065899,-0.308101,0.109961,0.035133,-0.083647,-0.194137,-0.276750,0.189972,-0.012865,0.077159,-0.056443,-0.038783,-0.076609,-0.008913,-0.157693,0.181130,0.046102,-0.054766,0.011319,-0.050425,0.137904,-0.161389,-0.033969,-0.268033,-0.112714,0.163885,0.159649,-0.198829,0.039589,-0.117423,-0.202607,-0.153504,-0.248412,0.271344,-0.234597,-0.035678,0.136756,-0.207998,0.218154,-0.103508,0.191466,-0.188809,-0.046355,-0.085503,-0.110864,-0.059488,-0.002155,-0.019118,-0.158871,-0.030744,-0.135663,-0.118824,-0.133265,0.147836,-0.055907,-0.303254,-0.132300,0.054446,0.391402,0.002855,-0.068594,-0.314231,-0.233435,-0.032415,0.081271,0.085850,0.123623,0.253653,0.145442,-0.272544,-0.122573,-0.049014,-0.079425,-0.088275,-0.068575,-0.255080,-0.130542,0.007917,-0.185938,-0.120505,0.003729,0.177436,-0.088980,0.053009,-0.184320,-0.024142,-0.083253,0.039509,0.050023,-0.309192,-0.232069,-0.037637,-0.007641,0.075548,0.400291,-0.026809,-0.024451,-0.074041,-0.002776,-0.041387,-0.042473,-0.254976,-0.068567,-0.361046,0.038190,-0.002722,-0.094504,-0.015654,-0.231436,0.000403,-0.008995,-0.027368,0.217574,-0.151797,0.007435,-0.098648,0.250023,0.187405,-0.110991,-0.117963,0.081612,0.052627,-0.039486,0.024855,-0.299538,-0.072428,0.018813,-0.160285,-0.026690,-0.253444,-0.115015,0.126353,0.034183,0.117758,0.110350,-0.256048,-0.168240,-0.218420,0.217161,0.053573,-0.099039,0.093809,-0.006172,0.051765,-0.086166,0.067813,0.036319,0.231543,-0.100900,0.092416,-0.029644,-0.158912,0.015504,-0.160316,0.115597,-0.165492,0.154806,-0.060634,-0.055455,0.257095,0.201410,0.100297,0.196612,-0.131809,0.068058,0.140455,-0.069847,-0.226236,-0.136196,-0.127918,0.029360,0.114232,-0.023890,#
1,-0.079031,1.000000,-0.349365,0.098196,0.137012,0.107964,-0.068059,-0.156844,-0.090780,-0.095472,0.024684,0.039795,0.233268,0.242695,0.184531,-0.078665,0.039400,-0.148446,-0.127802,0.218755,0.144945,0.118399,0.352690,0.281220,-0.065246,0.112921,0.209330,-0.127746,-0.242887,-0.283370,0.109799,0.138341,-0.019165,0.049031,0.281662,-0.055995,-0.121711,0.100296,0.066328,0.147731,-0.085790,0.114008,-0.136744,0.053990,-0.132477,0.232280,0.142948,-0.014878,0.192473,0.014857,0.143142,0.295558,0.113466,-0.303605,0.030484,0.188031,-0.059914,0.226640,0.186697,0.066438,-0.039880,0.058253,-0.283500,-0.249902,-0.033704,-0.095524,-0.005127,0.268837,0.169269,0.247059,-0.061752,0.002712,0.357961,-0.186807,-0.082206,0.173242,-0.036886,0.051048,0.048925,0.035853,0.123983,0.155626,0.271713,0.203680,-0.118163,0.034910,-0.031380,-0.130826,0.063675,-0.048823,0.027391,-0.111651,0.008966,0.029237,-0.242029,-0.012370,0.103309,0.019722,-0.305066,0.135493,-0.177368,0.336830,-0.038634,0.174850,0.034135,-0.182884,-0.061410,0.137654,-0.038338,-0.289822,0.098586,0.035959,-0.106719,0.095191,0.126415,0.121475,0.313748,0.225976,0.117214,-0.098451,0.437605,0.157849,0.046090,-0.013179,-0.155611,-0.063278,0.168419,0.281976,0.159001,0.135708,-0.069774,-0.216544,-0.149037,0.126456,-0.018588,-0.106017,-0.073617,0.002661,0.287494,-0.117157,-0.037533,-0.129845,-0.012231,-0.195576,-0.161669,0.089401,0.110522,-0.047616,0.044783,-0.042654,0.159021,0.154531,-0.040119,-0.027039,0.235318,-0.086828,0.074840,0.146922,-0.035986,-0.091679,-0.106237,0.148143,0.020952,0.027458,0.279440,-0.000616,-0.187360,0.260550,-0.086250,0.246984,-0.102394,0.052999,0.056042,0.153226,0.139757,0.004931,0.125794,0.008516,-0.017843,-0.035642,-0.023572,-0.201666,0.011790,-0.316540,0.020269,0.183162,-0.038685,-0.295883,0.005236,0.042179,0.190038,-0.135177,-0.056896,0.053328,0.231404,-0.090578,0.002915,-0.048401,0.079851,0.080329,#
2,0.192508,-0.349365,1.000000,-0.059125,-0.018753,0.141204,-0.073539,0.186280,-0.040066,0.086518,0.055858,-0.092899,-0.218474,-0.117306,0.078466,-0.127094,0.097838,-0.072351,-0.043598,0.042542,-0.057223,0.008005,-0.199737,0.077170,-0.055908,-0.135013,0.047254,0.089027,-0.081989,0.075193,-0.114645,0.076608,0.105006,-0.062341,0.039907,0.123818,0.282794,-0.079328,0.187797,-0.061855,0.096465,0.177294,-0.047461,-0.040724,-0.002738,0.136023,0.134536,-0.211545,-0.186812,0.157474,-0.065777,-0.101759,0.038456,0.393530,0.068109,0.201944,-0.116321,0.023026,-0.294146,0.083743,0.317211,0.101246,-0.037532,0.306533,0.062696,0.127296,0.303845,-0.210670,0.078661,0.122193,0.278234,-0.086809,0.053967,0.117510,0.169510,-0.023072,0.280288,0.110569,0.032068,0.249748,-0.146700,0.097957,0.049231,0.079189,0.177401,0.286708,0.285569,0.186731,0.123649,0.027501,0.205673,0.260076,0.038345,-0.416780,0.447885,-0.177926,-0.036623,0.093484,0.226359,0.085042,0.132140,-0.182398,-0.230491,0.132000,0.140337,0.354239,0.053838,-0.122898,0.347330,0.013093,0.172729,0.003584,0.282430,0.127691,0.033019,-0.124554,-0.089402,-0.108567,0.158153,-0.184973,-0.031403,0.034232,0.017768,-0.072609,0.168301,0.125323,-0.053115,-0.003083,0.081925,0.079295,0.175098,0.106503,0.091070,0.263135,0.047580,-0.100028,-0.240141,0.018920,-0.188221,-0.024398,0.314014,-0.157297,0.047350,0.008990,-0.018904,0.078603,0.068482,0.091928,0.338408,-0.033340,0.093149,-0.030430,0.088543,0.182090,-0.109089,0.290706,0.018148,-0.049099,-0.093067,-0.132468,0.026793,-0.245793,0.098387,0.035470,-0.067916,0.089083,0.160075,-0.035894,0.015091,-0.049797,-0.063156,0.031763,0.072628,-0.040488,-0.020915,0.098335,0.093256,0.092340,0.134777,-0.019699,-0.163362,0.152963,-0.098836,0.187376,0.065960,0.183103,0.068389,0.121936,0.049198,-0.079403,-0.201597,0.012098,0.083510,0.184370,-0.117279,0.101497,0.132819,-0.085715,-0.252395,-0.108206,#
3,-0.043594,0.098196,-0.059125,1.000000,-0.001172,-0.011183,0.048847,0.123046,0.029588,-0.037537,0.070551,0.089641,0.436251,-0.227547,0.119050,0.072980,0.081620,-0.205597,0.117114,-0.108877,0.113167,0.334732,-0.024701,0.097628,0.130335,0.253642,0.050152,0.058048,0.097697,-0.167720,-0.007565,0.183651,-0.017919,0.313172,0.346575,-0.018717,-0.002624,0.108520,-0.072632,0.095640,0.113602,0.107583,0.026395,-0.234636,0.115211,0.262932,0.130943,0.209358,0.273689,-0.009362,0.141679,-0.044720,0.147007,-0.034164,0.163813,0.074219,-0.208269,0.056915,0.404483,-0.049014,0.193571,0.195790,-0.094594,-0.005320,0.200422,0.163293,-0.111862,-0.132352,0.017006,0.251418,-0.036806,0.228466,0.358168,0.199937,-0.002886,-0.010928,-0.038913,0.018220,0.132228,0.289893,-0.007425,-0.004667,0.022492,0.329173,-0.101087,0.096330,-0.005443,0.062795,-0.122461,0.093077,-0.131128,0.080360,0.235977,0.123191,0.190202,0.210218,-0.005291,0.000677,-0.219096,0.143028,-0.135255,-0.082303,-0.226321,0.153663,0.131379,0.216120,0.198056,0.292711,0.045795,0.049558,-0.048250,0.128155,-0.035503,0.075819,0.141782,-0.071567,0.201801,0.033215,0.133679,-0.003852,-0.095063,-0.080681,-0.141411,0.030124,0.065280,-0.016318,0.240336,0.186732,-0.014390,0.144681,-0.102421,-0.041665,-0.168101,0.394589,0.235245,0.127282,0.303998,-0.125033,-0.012711,0.007027,0.108534,-0.190515,-0.011806,0.056298,-0.246146,0.175584,-0.014833,0.047691,0.031248,-0.154675,-0.003984,0.003477,0.205323,-0.075420,0.125386,0.015074,0.147503,0.206887,-0.101945,0.140475,0.188171,0.048343,-0.014296,0.317844,0.218078,0.048883,-0.083385,-0.068949,0.105448,0.174473,0.178221,0.185191,0.035747,0.069879,-0.278249,0.245136,-0.065741,-0.095486,0.195128,-0.179238,-0.116972,0.124887,-0.161846,-0.027504,-0.154920,0.028940,-0.118726,-0.112879,0.356431,0.084860,-0.257038,0.032159,0.043204,0.094783,-0.028623,0.098279,0.214392,0.017289,-0.021223,0.235485,#
4,-0.217208,0.137012,-0.018753,-0.001172,1.000000,-0.101830,0.182485,-0.053012,-0.167027,-0.023709,0.170346,-0.076956,-0.159860,-0.101822,0.078740,0.241903,-0.184522,-0.238012,-0.217274,0.040407,0.069756,0.181422,0.193454,0.164439,-0.114636,-0.282212,-0.004589,-0.057981,0.140461,-0.128800,0.273242,-0.142882,0.184575,0.044101,0.037179,0.124070,-0.206116,-0.059985,0.047229,0.224101,-0.058664,0.175626,0.080496,0.134215,0.203427,-0.179357,0.095825,-0.191601,-0.102099,-0.095288,0.066721,0.286232,0.062757,-0.290962,-0.056532,-0.031219,-0.068397,-0.042693,0.143720,0.010659,0.015432,0.291485,0.009465,-0.060659,0.259748,0.172497,0.113247,-0.132971,-0.145772,0.160103,0.167760,0.087433,0.105424,-0.189940,-0.182426,0.386107,0.154038,-0.077577,0.250446,0.079478,-0.378246,0.173936,0.199614,-0.157633,0.113025,-0.029379,-0.019540,-0.138700,0.119889,0.172422,-0.153611,-0.052316,-0.133417,-0.122483,0.128148,0.145168,0.112566,0.082030,-0.186901,0.074338,0.006489,0.091762,-0.187210,0.109989,0.092722,-0.141004,0.101534,0.006954,-0.090613,0.078752,-0.046485,0.056821,0.257159,0.244010,0.092103,0.039173,-0.108058,0.369366,-0.175055,0.146588,0.248394,0.021227,0.107513,0.061604,0.014619,-0.039315,0.115471,0.021668,0.180224,0.219172,0.242408,-0.045001,-0.308827,-0.006441,-0.026497,0.094768,0.027934,0.089874,-0.021098,0.027017,-0.053216,0.318022,-0.078746,0.014289,-0.137998,0.233211,0.266255,-0.260547,-0.043575,0.042129,-0.077615,0.350375,0.086919,-0.055856,0.051071,-0.120746,0.121809,0.020721,0.205109,0.006494,-0.259016,0.176836,0.092163,0.206970,0.126866,0.020705,0.081489,0.303117,-0.171104,0.217261,0.024477,-0.077531,-0.006196,-0.025101,0.240397,0.090220,-0.236799,0.077995,-0.011142,-0.152243,0.182353,-0.009264,0.066815,-0.008766,0.234323,0.025089,-0.108857,0.024771,-0.178020,-0.128915,-0.089729,-0.058929,-0.018886,-0.013397,0.248570,-0.341388,0.068084,-0.102934,0.010873,0.119620,#
5,0.025968,0.107964,0.141204,-0.011183,-0.101830,1.000000,-0.161060,0.141204,-0.106330,0.038370,-0.127599,-0.137296,0.130997,0.083226,0.030654,-0.146955,-0.044587,-0.162890,0.092217,0.220310,0.014983,-0.329806,-0.148296,0.146085,0.034202,0.222401,-0.015057,0.300817,-0.298486,0.234109,0.014326,0.184514,0.128520,0.346507,-0.092497,0.115598,0.090876,-0.243907,0.096141,0.031705,-0.053506,0.174640,-0.208835,-0.046963,0.083387,0.064901,-0.049248,0.313382,0.093629,0.104131,0.131381,-0.222675,0.047866,0.061935,0.000174,0.364795,0.027980,-0.119250,0.012264,0.116517,-0.189633,-0.149056,-0.055119,0.227159,-0.080726,-0.202049,-0.133589,0.039293,0.071213,0.259550,0.219605,-0.026310,0.289228,-0.012359,-0.044017,-0.191820,-0.093575,0.240629,0.046317,0.043638,-0.049240,0.268955,0.111173,0.033158,-0.163965,0.063920,-0.047852,-0.000501,0.149843,0.120100,0.185083,-0.160496,0.052068,0.030217,-0.038101,-0.394915,0.026369,0.051803,0.178023,-0.165810,0.124960,0.051409,0.206440,0.134417,0.050020,0.012324,0.139803,0.149057,-0.066881,-0.013413,-0.050762,0.060465,-0.031430,-0.172685,-0.012063,-0.120016,0.141178,0.166328,0.097669,-0.143872,0.012535,0.218778,0.134993,0.238852,0.012266,0.056909,0.403822,-0.077096,0.059908,-0.156776,-0.171663,0.135579,0.088477,0.323997,0.027374,-0.227669,-0.261063,0.262606,-0.075437,-0.086336,-0.027885,-0.162953,0.079552,-0.014947,0.427025,-0.155794,-0.028719,0.109763,0.037423,0.283316,0.285307,0.077568,0.210851,0.061235,-0.091216,0.000338,0.209632,-0.000205,0.051308,0.038882,0.027953,0.129190,0.094813,0.098304,0.222556,-0.145699,-0.212964,0.182454,-0.012134,-0.106196,0.328594,-0.000578,0.129362,-0.075752,-0.185781,0.192958,0.145425,0.135952,0.169289,0.000385,-0.013776,-0.000161,-0.343454,0.024438,-0.132212,0.132927,-0.300449,0.026918,0.389667,0.179127,-0.118025,0.250595,0.024389,0.306279,0.030596,0.189933,-0.062334,0.236103,0.127019,0.083354,#
6,0.079952,-0.068059,-0.073539,0.048847,0.182485,-0.161060,1.000000,-0.085463,0.219989,0.395226,0.096418,0.057468,0.096663,-0.202070,-0.087958,0.422239,0.067972,0.097036,-0.056449,0.057735,0.074132,0.192672,-0.053808,-0.047169,0.241147,0.084107,0.064116,0.099882,0.052599,0.022425,0.094671,0.161761,0.195697,0.102800,0.054016,0.245188,0.250307,0.139071,0.050396,0.039045,0.059199,0.014801,0.307876,0.181974,0.104932,-0.203977,0.082726,0.199275,0.122538,0.055419,0.144837,0.170893,0.093526,-0.167268,0.036349,-0.159743,0.134927,0.123425,0.083610,-0.218559,0.316421,0.122897,0.084960,-0.038552,0.139078,0.217707,0.170107,0.243650,-0.041796,-0.030920,0.248564,0.349174,-0.069943,-0.029007,-0.076887,0.377994,0.340250,-0.062757,0.143151,0.018743,0.212605,0.135759,-0.131154,0.363026,0.193741,-0.012358,0.207581,0.208120,0.084946,0.063547,0.018641,0.139673,-0.096937,0.042904,0.149994,0.074778,0.118986,0.145666,0.036428,-0.023223,0.038505,0.258455,0.085135,0.047360,0.269644,-0.162355,-0.137276,0.176414,0.220180,-0.101385,0.051680,-0.035196,-0.047884,0.128746,-0.024631,0.058604,-0.220518,0.102457,0.050280,0.371126,0.047422,0.181221,-0.067153,0.144611,0.015161,0.119321,-0.151549,0.009030,0.241380,0.068282,0.151703,-0.001528,-0.060156,-0.068024,-0.012908,-0.126746,0.132508,0.048337,0.063202,0.249925,0.006820,0.171571,-0.263433,0.132050,0.109637,0.294538,0.068272,0.183120,0.096223,-0.043120,-0.130666,0.122557,-0.042050,0.023516,-0.066908,-0.002654,0.142973,-0.235801,0.014892,0.211762,-0.033852,0.173837,-0.045365,-0.002841,0.086749,0.235762,0.154844,0.027043,0.011578,0.064617,0.069954,0.055313,-0.122912,-0.141141,0.044294,0.139283,-0.036821,0.255147,-0.046594,-0.018624,0.055197,0.245892,0.016844,0.169726,0.113506,-0.011028,0.153550,-0.095446,0.129937,0.095825,-0.124890,0.221134,-0.060692,-0.120237,0.039094,0.082959,0.213385,-0.051075,0.011452,0.157525,#
7,0.034406,-0.156844,0.186280,0.123046,-0.053012,0.141204,-0.085463,1.000000,0.122252,-0.283484,-0.031386,-0.142178,0.100596,0.062269,0.066416,-0.063505,0.077039,0.082244,0.025524,0.167598,0.158997,-0.026224,-0.019489,-0.149242,0.071963,0.266210,-0.043956,0.057292,-0.099607,0.364615,-0.122730,-0.084465,-0.004919,-0.027695,0.083013,0.128232,0.048907,0.090915,0.096038,-0.038624,-0.024615,0.334627,-0.032859,-0.045879,0.016927,0.163718,-0.005962,0.186899,0.261857,-0.072701,-0.179207,-0.113010,0.237134,0.332832,0.190996,0.053292,-0.031871,-0.305464,0.241682,0.315005,-0.139622,0.078970,-0.001982,0.244310,0.071878,0.019726,0.139258,-0.128142,0.002734,-0.074934,0.067792,0.064809,0.133634,0.256792,0.114236,0.071866,0.041639,0.010368,-0.096022,-0.097560,0.259737,-0.002106,0.194545,0.161404,-0.063409,0.149116,0.162429,0.053990,0.120817,0.203045,-0.067324,0.132937,0.230619,-0.132931,0.118703,0.076138,0.090491,0.340593,0.195337,0.045890,0.069548,-0.141918,-0.204623,0.061221,-0.019813,-0.066949,0.080743,0.235295,0.126385,0.181695,0.320372,0.057107,0.167741,0.201798,0.028349,-0.057884,-0.045041,0.007271,0.209225,0.011146,0.256431,0.045073,-0.023881,-0.007033,0.124051,0.232846,0.032442,-0.019091,0.011305,0.062279,0.116447,0.168690,0.225279,0.060623,0.003336,0.112520,0.056640,0.259963,-0.116677,-0.023438,-0.082790,-0.180459,0.180703,0.132416,0.112932,0.018015,0.184344,-0.123190,0.075849,-0.218676,0.038595,0.239517,0.031248,-0.300256,-0.139062,0.104162,0.258063,0.009279,0.179378,0.011955,0.114619,-0.053655,0.266804,0.087995,0.076966,-0.001382,0.085958,-0.071943,-0.250449,-0.100732,0.146562,0.011941,0.143988,0.078090,-0.006465,0.046749,-0.069397,-0.115223,0.247854,-0.047854,0.012111,0.104088,0.056817,0.248283,-0.051131,0.113301,0.193872,-0.038949,0.236810,0.243146,0.075968,0.039456,0.053977,0.190005,0.158783,0.178198,0.130750,0.235049,0.107654,0.081728,#
8,-0.018686,-0.090780,-0.040066,0.029588,-0.167027,-0.106330,0.219989,0.122252,1.000000,0.103755,0.107576,-0.053454,0.063274,0.201578,0.063024,0.171252,0.009166,0.114740,-0.206744,0.075222,0.236591,0.095500,-0.201440,0.082729,0.290694,0.209435,0.029144,-0.299765,0.146959,-0.071250,-0.042607,0.131535,-0.014553,-0.069465,0.016973,0.281605,0.106543,0.080999,-0.129951,0.029175,-0.006250,-0.015372,0.447681,0.095426,-0.132895,-0.027019,-0.018332,0.108859,0.214018,-0.097969,0.340704,0.179774,-0.113288,0.042739,-0.043580,0.129173,0.246618,-0.097130,-0.030290,-0.067853,0.192297,0.049354,0.382004,0.045545,0.237381,0.195397,0.086754,0.123517,0.330388,-0.070408,0.203168,0.187686,0.108126,0.018741,-0.018811,-0.005131,-0.062188,0.045316,0.126490,-0.154750,0.230964,0.165179,-0.155165,-0.002030,0.182454,0.040716,0.071833,0.182353,-0.061238,-0.007671,0.189688,-0.032970,-0.111883,0.109913,-0.065557,0.018493,0.250269,0.261583,0.281160,0.368236,0.070966,-0.238391,0.090546,0.280486,-0.092355,0.183473,-0.056295,-0.023642,-0.119890,0.120381,-0.127785,0.068874,-0.024977,-0.036426,-0.185725,0.065892,0.035822,0.093583,0.010012,0.193020,-0.075216,0.082098,-0.091307,0.121279,0.056452,0.134329,-0.104146,-0.061946,0.071676,0.104546,-0.074556,0.173301,0.073609,-0.012616,0.001985,0.088587,0.092957,0.020818,0.235884,0.129707,-0.118522,-0.146837,0.014774,-0.298800,0.040663,-0.049489,-0.070929,0.298280,0.128813,0.038065,-0.085471,0.208503,-0.262758,0.160965,0.016519,-0.117249,0.132482,0.200894,0.246180,0.070082,0.009880,-0.230257,0.088038,-0.133504,-0.155808,0.002846,0.085927,0.154754,0.090084,-0.181045,0.107054,0.168173,-0.210303,-0.005134,0.101672,0.175438,0.220275,-0.039771,0.181406,0.091841,0.071202,-0.054984,0.058849,-0.052177,0.073906,-0.017619,0.321625,0.055816,0.183010,0.229997,0.149162,0.191750,0.284549,0.117035,0.100474,-0.113715,-0.244717,0.176706,-0.015411,0.230482,#
9,-0.165644,-0.095472,0.086518,-0.037537,-0.023709,0.038370,0.395226,-0.283484,0.103755,1.000000,0.065334,-0.000727,0.061679,-0.065309,0.050870,0.261342,0.110424,-0.121473,-0.055298,-0.208017,-0.015812,-0.094587,-0.363820,0.063422,0.055748,-0.232680,0.016318,0.137698,-0.055870,-0.217905,-0.059251,0.300349,0.012653,0.036983,-0.120599,0.119811,0.145904,-0.016630,-0.039771,-0.030955,-0.030835,-0.135433,-0.060181,-0.000294,0.079104,-0.148853,-0.036445,0.038220,-0.007266,0.040035,0.165959,0.039884,-0.079839,-0.106513,-0.101687,-0.082333,0.146488,0.333655,-0.215683,-0.136781,0.152311,0.076176,-0.006657,-0.195455,-0.203347,0.058697,0.082828,0.009058,0.160596,0.015961,0.185634,0.092982,0.003409,-0.050427,-0.325423,-0.049357,0.291983,-0.024019,0.010038,0.268625,-0.001447,0.223511,-0.000609,0.214951,0.110524,0.086537,0.165729,0.424061,-0.053716,-0.021462,0.076666,-0.092724,-0.095434,-0.170570,0.026187,-0.221975,0.141711,-0.058497,0.025240,0.024642,0.148142,0.119169,0.206024,0.091258,0.088795,0.120216,-0.114759,0.143185,0.265444,0.091164,-0.026102,0.119531,-0.207085,0.109685,-0.082679,0.036031,-0.111206,0.006736,-0.125036,0.098394,-0.150386,0.000699,-0.071482,0.037588,0.241618,0.084888,-0.018290,0.011158,0.194123,0.043195,0.107953,0.037458,-0.150780,0.035017,0.158447,-0.179502,0.112603,-0.067391,0.071104,-0.082895,0.301559,0.071444,0.056275,0.157272,-0.013602,0.343656,0.112450,0.244460,0.118293,0.176759,-0.114164,-0.020957,0.136480,0.147675,0.073765,-0.033860,-0.115126,-0.116593,0.055558,0.092520,0.085407,0.128906,0.066757,-0.174825,0.110723,0.278872,-0.086466,0.104290,0.175674,-0.060802,0.155569,-0.006891,-0.123675,-0.366237,-0.081810,0.084727,0.246041,0.220420,-0.136832,0.097287,0.211273,-0.028889,0.068580,-0.107984,-0.055775,-0.053903,0.001575,-0.000316,0.174972,-0.140626,-0.097035,-0.073536,-0.007967,-0.161728,-0.146331,-0.109391,0.217729,0.032528,-0.086758,0.081075,#
10,-0.032854,0.024684,0.055858,0.070551,0.170346,-0.127599,0.096418,-0.031386,0.107576,0.065334,1.000000,0.105893,0.105459,-0.011765,-0.033636,0.113946,0.284153,-0.074812,0.030914,0.038684,0.126851,0.033692,-0.032295,0.204093,0.080349,0.027059,0.070156,-0.019077,-0.047955,0.011384,0.121548,-0.011885,0.066691,0.154146,0.045443,0.052671,0.205186,0.083184,0.061015,-0.116126,0.091494,-0.110600,0.090641,-0.134412,0.062317,0.130921,0.290337,0.001113,0.037957,0.331084,0.042173,0.272476,-0.004311,-0.257757,0.065985,0.347351,-0.000951,0.131712,-0.207921,0.007214,0.088283,0.118765,0.230255,0.136611,0.035542,-0.005473,0.256194,0.091956,0.222658,0.021536,0.412329,0.241747,0.134200,-0.199871,0.132650,0.230328,-0.191653,-0.057542,0.104478,-0.040647,0.099952,-0.032997,-0.069196,-0.210107,0.149189,0.096797,0.072369,-0.092549,-0.016710,0.345033,0.015984,0.132060,0.188434,-0.266205,-0.064566,0.057337,-0.022508,0.274809,-0.031890,-0.014867,-0.076609,-0.128450,-0.080214,0.052074,0.047586,0.020106,0.220803,-0.102664,0.004701,-0.027629,-0.083186,-0.126887,0.244565,0.211516,0.064892,0.063266,-0.092149,0.156469,0.102594,-0.016759,-0.018812,0.108685,0.110550,0.115864,0.008087,0.128017,0.019154,-0.013762,0.310938,0.154815,-0.128314,0.081560,-0.077541,0.138963,0.180434,0.332266,-0.011703,0.076746,0.154522,0.132543,0.113824,0.113525,-0.079373,-0.045029,-0.127151,0.348964,0.329269,0.232374,-0.014255,0.190593,-0.130941,-0.085483,-0.046462,0.168907,0.282942,-0.176941,0.227588,0.093485,0.005731,-0.248682,0.002744,-0.095429,0.131079,-0.001375,0.038019,0.057529,-0.005223,0.057043,0.074925,0.223786,-0.197660,0.113407,-0.164887,0.026649,0.296254,0.070528,-0.061485,-0.055156,-0.200404,0.111469,-0.200501,-0.044400,0.002504,0.091553,-0.304995,0.096144,0.433178,0.176437,-0.153669,0.014833,-0.109088,-0.102521,0.162156,0.203303,0.112823,-0.143849,-0.012801,0.044547,-0.055859,0.211963,#
11,0.023771,0.039795,-0.092899,0.089641,-0.076956,-0.137296,0.057468,-0.142178,-0.053454,-0.000727,0.105893,1.000000,0.159066,0.028213,0.197782,0.033296,0.065313,0.039997,0.389774,0.029634,0.010968,-0.107227,0.182717,0.159704,0.217928,0.080453,0.050725,-0.014095,0.073162,-0.034200,0.137860,0.255936,0.122385,0.146022,-0.067579,0.119002,0.131530,0.204889,-0.054692,-0.074221,0.286296,-0.207424,0.118081,-0.150212,0.107217,-0.202711,0.194102,0.269881,0.101792,0.046642,-0.156097,0.065709,0.325992,-0.144934,0.073372,0.010615,-0.009965,0.330468,0.109531,0.138101,0.043416,-0.081107,0.344945,-0.006425,0.032666,-0.018800,-0.179195,-0.098895,0.195350,-0.098792,0.009341,-0.148419,-0.028089,0.019564,0.211377,0.085121,0.008662,0.000015,-0.145831,-0.233919,-0.165234,0.144902,-0.020614,-0.017099,0.408518,0.002416,-0.119797,0.043790,0.021459,-0.094373,0.110066,0.042507,0.024472,-0.054149,-0.106198,0.243833,-0.169488,0.127873,-0.191437,0.130463,-0.123911,-0.052080,0.146154,0.102080,0.002589,0.025192,0.262586,0.047560,0.246054,-0.295275,-0.010766,0.286055,0.032312,-0.205199,0.017874,0.001856,0.035514,-0.061479,-0.056155,0.260045,0.009148,-0.088032,0.046322,0.134910,0.012017,0.187449,0.211359,0.168359,0.062294,0.394017,-0.041106,0.072649,0.211560,0.110230,-0.019799,0.070011,0.195315,0.148016,0.263239,0.411981,-0.245458,-0.053973,0.179768,0.077203,-0.066774,0.179108,0.158789,0.107551,0.123589,-0.064434,0.011148,-0.030658,0.019203,0.311424,0.225509,-0.032156,0.013852,-0.042808,-0.213676,-0.031360,0.296836,0.188935,0.214182,0.011429,0.073580,0.348321,0.291223,-0.048978,0.065730,0.278991,0.330992,-0.061634,0.241128,0.255471,0.017105,0.129134,0.251916,-0.085702,-0.021645,-0.052889,0.062595,-0.153793,0.115556,0.010495,0.133435,0.061595,0.259445,0.114423,-0.050572,-0.237860,0.064137,0.024878,0.049985,0.094532,0.011069,-0.102026,0.085798,0.044010,-0.077471,-0.106035,#
12,0.137543,0.233268,-0.218474,0.436251,-0.159860,0.130997,0.096663,0.100596,0.063274,0.061679,0.105459,0.159066,1.000000,-0.019937,-0.036575,0.280608,0.123212,-0.036909,0.280763,-0.089013,0.090993,0.083652,0.032124,0.139272,0.213122,0.353404,0.001743,-0.019875,-0.048696,-0.052836,-0.003243,0.235299,0.023454,0.183078,0.259057,0.024741,0.066001,0.167550,-0.129483,-0.084379,-0.142164,-0.080555,0.015334,-0.050377,0.252113,0.211578,0.174136,0.266526,0.341821,0.090180,0.210482,-0.241124,0.110293,0.063483,-0.064325,0.290431,0.127320,-0.074141,0.314790,-0.047148,0.030869,-0.041372,0.135833,-0.155177,0.025444,-0.007379,-0.086171,0.290017,0.195921,0.123612,0.043268,0.134156,0.152990,0.027469,-0.047029,0.153127,-0.001798,-0.081767,0.098281,-0.044533,0.192712,0.104332,0.071820,0.068686,-0.114926,0.138842,-0.030425,0.013976,-0.157316,-0.030268,-0.013575,-0.094531,0.180371,0.079305,-0.095254,0.038873,0.100440,0.019262,-0.214799,0.032113,-0.096490,0.041743,-0.132914,0.129351,-0.091441,-0.020126,0.023903,0.378975,0.094318,0.061133,0.110003,0.100617,0.033830,0.029118,0.148759,0.084743,-0.146563,0.106979,-0.074352,0.022462,-0.007540,0.341299,-0.036794,0.064265,0.061601,0.219530,0.326104,0.104538,-0.025588,0.132262,-0.270222,-0.105878,-0.063753,0.152929,-0.079393,0.014058,0.128963,0.062876,0.015696,-0.072848,-0.127129,-0.233463,0.104824,0.021650,-0.198714,0.350633,0.075221,0.134469,0.043702,-0.140703,0.123411,-0.148008,0.120245,-0.066216,0.312457,0.036776,0.059268,0.009645,0.203903,-0.131722,0.037215,0.285718,0.089925,0.180351,0.149205,0.079909,-0.049101,0.110085,0.223377,0.094358,0.246351,-0.008286,0.068885,0.135119,-0.037015,0.230643,0.169933,-0.121674,-0.118621,0.026683,0.036082,0.216995,-0.092174,-0.053956,-0.139789,-0.016420,0.153991,0.009086,0.358879,0.195558,-0.102205,0.095013,-0.174365,-0.006518,-0.026469,0.046050,-0.065398,0.009339,0.109013,0.214415,#
13,-0.287969,0.242695,-0.117306,-0.227547,-0.101822,0.083226,-0.202070,0.062269,0.201578,-0.065309,-0.011765,0.028213,-0.019937,1.000000,0.129883,-0.109130,-0.206224,0.183805,-0.028760,0.076986,-0.201746,-0.083262,0.055495,-0.123094,0.072789,0.196448,0.042246,-0.219435,0.136498,0.175575,-0.057745,-0.024878,0.079943,0.065598,-0.082483,0.135773,-0.127635,0.059519,-0.276494,0.283751,0.053069,0.019162,0.128627,-0.115524,-0.208428,0.014726,-0.035835,0.129982,0.165644,0.268842,0.136039,-0.039137,0.064657,-0.094727,0.255804,0.227239,0.141206,0.204109,-0.034387,0.137976,-0.235240,-0.192522,0.037142,-0.150793,0.157176,-0.086841,0.128429,0.258346,0.397201,0.087034,0.077297,-0.047745,0.206012,-0.074949,0.031397,0.002294,-0.003734,0.088587,0.077647,-0.168951,-0.058949,0.191661,0.133360,0.056366,-0.109983,0.112306,-0.009099,-0.108427,0.061532,-0.017650,-0.029727,-0.120477,-0.014013,0.013990,-0.197182,-0.101538,0.212914,0.143667,-0.008625,0.010901,-0.069674,-0.008887,0.282822,-0.095518,0.071719,0.155504,-0.113300,0.082300,-0.223547,0.032445,0.072881,0.004090,0.005801,0.126392,-0.082613,-0.237929,-0.013095,0.035527,0.154768,-0.106685,0.045665,-0.064285,0.087500,-0.363811,-0.186945,0.030061,0.116993,0.122276,0.136744,-0.003181,0.057509,-0.275297,0.072788,0.101721,-0.046965,-0.103082,-0.054266,0.086647,0.295793,-0.022273,-0.072842,-0.157887,0.128712,-0.419140,-0.132694,0.019788,-0.057524,0.033162,0.038107,-0.339105,0.091090,0.199500,-0.035238,-0.055245,0.191574,-0.156127,0.126859,-0.179731,0.063427,-0.024647,0.020942,-0.136713,0.175717,-0.060550,0.017594,-0.096772,0.068195,0.107781,0.066828,-0.003976,0.072818,-0.018700,-0.016243,0.145091,0.033365,0.154704,0.075041,-0.200716,0.070447,0.195225,-0.037347,-0.153464,0.213035,-0.166361,-0.025666,0.077397,-0.042585,-0.142392,-0.101494,0.059637,0.386350,0.079776,0.099249,0.051058,0.076184,0.066927,-0.145430,0.065058,0.034654,-0.126062,#
14,0.202588,0.184531,0.078466,0.119050,0.078740,0.030654,-0.087958,0.066416,0.063024,0.050870,-0.033636,0.197782,-0.036575,0.129883,1.000000,0.016894,-0.011284,-0.069748,-0.119443,0.093953,-0.084445,0.081097,0.132439,0.307356,0.120697,0.070123,0.162344,-0.236024,0.002922,-0.006732,0.199283,-0.085414,-0.119124,-0.170698,0.239250,0.340298,-0.196147,0.045435,-0.022757,0.072719,0.092753,-0.035594,-0.030288,-0.024153,0.032479,0.090415,-0.110319,0.031179,0.098673,-0.111325,-0.157709,0.297674,0.190838,0.083657,0.146973,0.088422,-0.264900,-0.072771,0.031538,-0.113664,0.025110,0.098027,0.061729,0.144566,0.001222,0.033594,-0.026715,-0.062387,0.211021,0.087798,0.079954,-0.151654,0.277058,0.315438,-0.080349,-0.117398,0.022517,0.128149,-0.008534,0.084059,-0.110262,0.148198,0.087994,-0.019599,0.130082,0.053432,-0.155324,-0.109796,-0.031611,-0.231720,-0.013454,-0.125513,0.185656,0.159608,0.060193,0.027074,-0.094727,0.173254,-0.196594,0.234770,0.012984,-0.061291,0.040827,0.119718,0.095360,-0.007903,-0.012186,0.032938,0.106904,0.159071,0.005028,0.294128,-0.056930,0.167217,-0.296462,-0.034640,0.017812,-0.145017,-0.010524,0.003185,0.172188,0.012833,-0.006710,-0.016707,0.047614,0.048959,0.282534,0.143437,-0.177586,0.068965,-0.040691,0.240960,-0.136853,0.013595,0.116343,0.056524,0.315368,0.176196,0.099655,-0.007447,-0.102225,0.013083,0.029038,0.083793,-0.154114,0.138777,0.047579,-0.057747,0.109870,-0.089722,0.089660,0.208555,0.177851,0.292117,0.136818,0.037794,0.048881,-0.106823,-0.163066,0.003632,0.107635,0.023618,0.054490,-0.117050,0.367032,0.188418,-0.048047,-0.108710,0.006429,0.137451,0.123382,-0.252528,0.119198,-0.022978,0.233561,0.217300,0.127111,-0.244497,0.199274,0.042973,0.074279,-0.110705,-0.103559,-0.075362,0.155877,0.170174,0.106577,-0.044911,0.107734,-0.085119,0.088269,-0.072517,0.211022,0.194712,-0.007279,-0.246736,0.072126,0.089612,-0.020426,-0.104210,#
15,-0.128852,-0.078665,-0.127094,0.072980,0.241903,-0.146955,0.422239,-0.063505,0.171252,0.261342,0.113946,0.033296,0.280608,-0.109130,0.016894,1.000000,-0.055900,0.082641,-0.082547,-0.069848,0.003692,0.239432,0.184017,0.109701,0.140129,0.027249,-0.226075,-0.006653,0.195427,-0.085857,0.205830,0.183652,0.271692,0.299490,-0.071190,0.174068,0.067200,0.301641,-0.156636,-0.147028,-0.095325,-0.132678,0.156289,0.198729,0.239790,0.100667,-0.029329,-0.186551,0.119521,0.141815,0.188935,0.111470,-0.159740,0.070490,0.070145,0.094337,0.169974,-0.007686,0.169857,-0.063285,0.206591,0.241845,0.219558,0.045013,0.097064,0.063764,0.040116,0.111325,0.145804,0.026817,0.186730,0.040185,-0.098728,0.099149,0.028075,0.308917,0.214684,-0.046750,0.250190,-0.056790,-0.058100,0.014531,-0.038598,0.091969,0.098595,-0.185982,-0.157606,0.095812,0.104609,-0.060517,-0.044055,0.163631,0.216428,0.203430,-0.039234,0.144005,0.052297,0.229504,0.044055,0.170197,-0.098033,0.101441,0.092536,0.279183,0.101313,-0.080890,-0.155528,0.045575,0.016143,0.111552,-0.016633,-0.023089,0.137586,0.151478,0.062257,-0.154968,-0.209197,0.010039,-0.169068,0.528553,0.003131,0.202882,-0.001330,0.227506,0.020198,0.152382,0.037593,-0.054375,0.016610,0.285761,0.126735,-0.076161,-0.154437,-0.084907,0.041256,0.222295,0.207171,-0.043787,-0.175054,0.190927,-0.099749,0.025359,-0.041304,0.077843,0.030185,0.282825,-0.114639,0.120174,0.082152,0.013268,0.133522,0.292544,-0.082612,0.097558,0.025450,-0.074419,0.185846,0.011488,0.118802,0.184162,-0.073539,0.067525,0.118491,0.150143,0.004645,-0.077662,-0.037948,-0.147783,0.065608,0.191936,0.049190,-0.043643,-0.266872,0.045299,-0.101969,0.442426,0.178205,-0.026235,0.026118,0.124908,0.230965,0.150240,0.016858,0.149935,0.198524,-0.030462,-0.062454,-0.015067,-0.082344,-0.048544,-0.097949,0.137727,-0.028055,-0.133280,-0.117064,0.001742,0.170841,-0.202491,0.062736,0.101827,#
16,0.061133,0.039400,0.097838,0.081620,-0.184522,-0.044587,0.067972,0.077039,0.009166,0.110424,0.284153,0.065313,0.123212,-0.206224,-0.011284,-0.055900,1.000000,0.066852,0.197883,0.226172,0.424694,-0.154859,-0.060234,0.159162,0.215967,0.134495,0.151505,0.041422,-0.229094,0.020282,-0.063822,0.070188,-0.147536,-0.039315,0.223192,0.137318,0.385861,0.316725,0.116438,0.076125,0.055263,0.017781,0.062166,0.050567,0.186692,0.051687,0.087716,0.010870,0.066948,0.116134,-0.114331,0.150129,0.037960,-0.081544,0.036255,0.073473,-0.132927,0.091514,-0.068448,-0.163960,0.354934,0.230452,0.082544,-0.132106,-0.183488,0.063003,0.326944,-0.123273,0.123691,-0.028309,0.211956,0.005380,0.054140,-0.102827,0.011666,-0.014038,-0.062159,0.012511,-0.302318,0.068939,0.409364,0.164004,0.053308,0.208274,0.030645,0.140158,0.152309,-0.098608,-0.110238,0.073876,-0.137130,0.126621,0.097466,-0.307285,0.144962,0.075077,0.061393,0.308764,0.180161,0.170906,0.125132,0.183583,-0.024728,0.269589,0.048182,0.064865,0.123689,-0.066516,0.294464,0.057257,0.069259,0.033982,0.016101,-0.028074,0.218597,0.231904,0.318534,0.154157,0.122303,-0.185255,0.058425,-0.124703,0.051780,0.123441,0.247729,-0.001969,-0.166921,-0.155655,0.263585,0.015080,0.239728,0.020263,-0.126162,-0.017014,-0.000077,0.226787,0.145854,-0.020351,-0.076273,-0.077712,0.039206,0.006184,0.138797,0.019466,-0.209487,0.176330,0.266573,0.156809,0.180193,0.008307,-0.231642,-0.008029,-0.202840,0.090267,0.412337,-0.063107,0.140357,0.171465,-0.029544,-0.055799,0.213040,-0.086432,0.091458,-0.136892,0.195908,0.028577,-0.004610,0.078999,-0.016462,0.106643,-0.103102,0.147269,0.166244,0.089943,-0.015895,0.159814,0.132763,0.441187,0.087909,0.098155,-0.016262,-0.147106,0.052436,0.137502,-0.353725,-0.083657,0.086005,0.001372,0.229506,0.053613,-0.051097,0.024004,0.125228,-0.034980,0.282876,0.086323,0.292133,0.198372,-0.027122,0.134128,#
17,0.114376,-0.148446,-0.072351,-0.205597,-0.238012,-0.162890,0.097036,0.082244,0.114740,-0.121473,-0.074812,0.039997,-0.036909,0.183805,-0.069748,0.082641,0.066852,1.000000,0.083277,0.077699,-0.064728,0.048398,0.096790,-0.357418,0.084805,0.264725,-0.018537,-0.048453,-0.096225,0.039754,-0.026483,0.065412,0.021778,-0.106448,-0.172791,0.016732,0.101154,0.063148,-0.067011,0.185976,-0.064588,0.072235,0.045305,0.018091,0.043222,0.126406,-0.151872,0.147825,-0.057777,0.038541,-0.048719,-0.102018,0.007982,0.086696,-0.037586,-0.148226,0.174585,-0.087151,-0.153888,0.045795,-0.232492,-0.006004,0.268308,-0.108307,0.025163,-0.114910,0.254158,0.161684,-0.144232,-0.188914,-0.085404,-0.170554,-0.296496,0.159376,0.273631,-0.204632,-0.020490,-0.048474,0.088188,-0.088533,0.072976,0.020587,0.003042,0.030995,-0.103522,0.019639,0.003752,0.181872,-0.033829,-0.186015,-0.207382,-0.118177,0.078692,0.105705,0.125927,-0.027511,-0.101084,0.080001,0.166435,-0.155851,0.004439,-0.170251,-0.010537,-0.145980,-0.097914,0.182680,-0.347233,-0.259999,0.026116,0.137415,0.222132,-0.125255,0.079305,-0.134390,0.183750,-0.176431,-0.186156,-0.109752,0.141386,0.181048,0.050501,0.125601,0.205309,-0.312369,-0.153813,-0.105011,-0.187324,-0.077892,0.017888,-0.096376,-0.051148,-0.068781,0.112841,-0.093670,0.003598,0.172234,0.249522,0.032111,-0.096873,0.232400,-0.049067,-0.024920,0.113375,0.009757,0.070821,-0.085204,-0.109281,-0.105958,0.171449,0.032579,-0.072049,0.116577,-0.069076,0.105047,-0.047910,-0.104454,0.152499,-0.105494,-0.000277,0.001543,0.025350,0.008575,0.113010,-0.252846,-0.134357,-0.185291,-0.149279,-0.287601,0.096912,-0.095753,-0.087862,-0.010569,0.207541,-0.043119,0.096852,-0.179800,0.078345,-0.048648,-0.048265,0.207560,0.007915,0.008500,0.017143,0.411692,-0.167115,-0.095625,0.059961,0.075735,-0.205975,-0.024461,0.264062,-0.119891,-0.133211,-0.002966,0.060211,0.047725,0.025975,-0.053325,0.159607,-0.326755,#
18,0.012997,-0.127802,-0.043598,0.117114,-0.217274,0.092217,-0.056449,0.025524,-0.206744,-0.055298,0.030914,0.389774,0.280763,-0.028760,-0.119443,-0.082547,0.197883,0.083277,1.000000,0.000014,-0.098918,0.002203,0.087998,-0.154859,0.006689,0.310205,0.000438,0.018128,0.031270,0.240908,-0.336073,0.253885,0.117440,0.211421,-0.077412,0.079671,0.093028,0.119102,-0.035484,0.058395,-0.049498,0.147813,0.088496,-0.120987,0.121307,-0.021672,-0.020174,0.193320,0.088846,0.130519,-0.177635,-0.123502,0.158001,-0.294483,-0.079777,0.007515,0.078644,-0.188309,-0.084772,0.108599,0.013527,-0.014889,0.164932,-0.059131,0.053925,-0.190785,-0.060857,-0.315417,-0.246905,-0.110144,-0.101994,-0.197589,0.079143,-0.136143,0.371911,0.006186,-0.006189,-0.082001,-0.411183,0.015583,0.022960,-0.012673,0.103035,-0.106421,0.080516,0.081480,-0.199160,-0.011328,-0.064664,-0.149768,0.131092,-0.064224,0.063744,-0.092142,-0.163533,0.056266,0.089062,0.120252,-0.069384,0.066934,-0.142290,-0.059621,0.005744,0.000962,-0.139890,-0.035519,0.186318,0.097833,0.076264,0.083857,0.228470,-0.065530,-0.036023,-0.087360,-0.009806,0.112962,-0.002935,0.141002,0.165204,0.036322,0.081727,-0.081296,-0.057852,0.154953,0.337536,-0.155438,0.299949,-0.046945,0.172621,0.042603,-0.130072,0.148031,0.162475,0.098121,0.007027,0.076737,0.151287,0.063410,-0.215778,0.131220,-0.092950,-0.021667,0.069464,0.213981,-0.015624,-0.008581,0.034352,0.174282,0.249624,-0.145996,0.081056,-0.341708,0.227628,-0.051310,0.228667,0.073031,0.154544,0.087662,-0.215395,0.022446,0.190785,0.209502,0.307845,0.065198,-0.132380,-0.202735,0.398042,-0.040021,0.025411,0.020482,0.034699,-0.061914,0.231806,0.292103,-0.049927,-0.018407,0.061779,0.043090,-0.035779,0.065363,-0.131666,0.151871,0.086820,0.003654,-0.206416,0.107987,0.120514,0.035063,-0.018745,0.135191,0.049107,0.107887,-0.052506,0.194022,-0.079777,0.027054,-0.083226,0.266392,-0.113710,0.009860,#
19,0.024016,0.218755,0.042542,-0.108877,0.040407,0.220310,0.057735,0.167598,0.075222,-0.208017,0.038684,0.029634,-0.089013,0.076986,0.093953,-0.069848,0.226172,0.077699,0.000014,1.000000,0.160371,-0.157266,0.058194,0.231151,0.192263,0.114464,-0.055130,-0.252003,-0.411648,0.254471,0.172018,0.127844,0.248675,-0.024627,0.160210,0.219860,0.005080,0.124587,0.037675,0.119736,0.225080,0.248648,0.132637,-0.082675,0.075548,0.235856,0.071726,0.089500,0.175458,0.207210,-0.071480,0.127268,0.021151,0.052260,0.081476,0.124538,0.080371,-0.133139,-0.093056,0.012194,0.065244,-0.030195,0.244626,-0.000048,0.056591,-0.027584,0.179636,0.089045,0.122612,-0.126451,0.199529,0.098015,0.176169,-0.046460,-0.043210,0.250898,-0.091117,0.100191,0.103302,-0.125736,0.166694,0.031457,0.126974,-0.026171,0.011352,-0.016603,0.037828,-0.022291,0.259513,0.086889,-0.209979,0.071276,-0.081248,0.156798,0.025754,-0.084328,0.131495,0.429814,0.099185,0.079180,0.011902,-0.006941,-0.004562,0.137831,0.198747,-0.057173,0.234493,-0.245726,0.131293,-0.162928,0.180014,0.064346,0.022650,0.153169,0.024458,0.236604,0.266837,0.093408,0.248748,-0.181296,0.413757,-0.015447,-0.003123,0.183949,0.201089,0.155348,0.033657,0.154396,0.209069,0.193169,0.057425,0.167121,0.025241,0.063864,0.012669,0.255794,0.059970,0.148815,0.111087,0.030103,0.073495,0.303329,0.088568,-0.025810,0.027401,-0.107243,-0.092659,-0.025049,0.233952,0.106433,0.027116,0.081638,0.103090,0.164911,0.253376,0.002736,0.198787,-0.019242,0.236726,0.162916,0.010730,0.196573,0.178733,0.181954,0.097821,0.004603,-0.067571,0.228320,-0.067541,-0.026864,-0.183968,-0.007018,0.153045,0.329764,0.198866,0.018398,0.218710,0.119598,0.093862,-0.077327,-0.007380,0.254572,0.191397,0.144651,0.065063,0.042615,-0.050685,-0.142457,0.065683,0.124141,0.185303,0.084631,-0.040656,0.264159,0.371869,0.007042,0.194081,-0.034071,-0.037274,0.036997,#
20,-0.059654,0.144945,-0.057223,0.113167,0.069756,0.014983,0.074132,0.158997,0.236591,-0.015812,0.126851,0.010968,0.090993,-0.201746,-0.084445,0.003692,0.424694,-0.064728,-0.098918,0.160371,1.000000,0.009018,-0.012823,0.211703,0.299225,0.105642,0.080208,-0.086037,0.010424,-0.182214,0.103774,0.255194,0.061493,0.185547,0.057492,-0.040403,0.135520,0.083516,0.060498,0.061611,0.145364,0.112175,0.089763,0.136859,0.058852,-0.054765,0.141719,0.156444,0.026590,-0.228545,0.090001,0.227513,0.099577,-0.117823,0.082974,-0.083942,-0.296740,0.032670,-0.012418,-0.096884,0.194031,-0.005867,0.194943,-0.196165,-0.036361,0.061044,0.162100,-0.073899,-0.016632,0.004637,-0.029941,-0.005217,0.052392,-0.086647,-0.215104,-0.129772,-0.148753,-0.066805,0.122160,0.167588,0.309762,0.164449,0.022865,0.168466,-0.138454,-0.144900,-0.034219,0.097223,0.167745,0.392468,0.003215,-0.110471,0.173190,0.039892,-0.012393,0.205153,0.170616,0.141104,0.136303,0.142871,0.207649,0.040529,-0.246183,0.245227,-0.035405,0.048375,0.327281,-0.052884,0.015647,0.102496,0.012802,0.190839,-0.136197,-0.125279,0.333186,0.306443,0.171440,0.199318,-0.126993,-0.059871,0.266562,0.037417,0.042127,0.084269,-0.120569,-0.062130,-0.201308,-0.056270,0.121958,0.257532,0.180431,0.040357,0.199889,-0.035373,-0.050114,0.263171,0.083457,0.083145,0.127559,0.138224,-0.028227,-0.190219,0.309293,-0.123857,0.026283,-0.052620,0.270272,0.174404,-0.121719,0.071393,-0.103597,0.265994,-0.241409,-0.018723,0.081743,-0.199278,-0.125250,0.201788,0.171739,-0.097758,-0.022144,0.000340,-0.035412,-0.048315,0.256428,0.060148,-0.071403,0.104950,-0.228383,-0.106300,0.086230,0.119621,0.045587,0.089896,-0.055799,0.037241,0.035976,0.182052,0.043096,-0.047788,-0.001500,-0.213569,-0.067523,-0.167788,-0.080441,0.059778,0.198125,-0.058025,0.176098,0.148852,0.029309,0.198921,0.376958,0.013732,0.260524,-0.059042,0.048037,0.166188,0.086214,0.188708,#
