0,1.000000,0.608125,0.597327,0.618999,0.471079,0.595809,0.601699,0.643414,0.590590,0.526667,0.646798,0.635530,0.594209,0.553063,0.431721,0.607910,0.639107,0.584023,0.642023,0.401705,0.654797,0.561549,0.590282,0.623903,0.408840,0.689161,0.541508,0.577181,0.532366,0.551836,0.564241,0.570505,0.570110,0.560515,0.598560,0.487887,0.593878,0.687512,0.612395,0.669946,0.594167,0.614141,0.567778,0.671802,0.623221,0.497659,0.545705,0.581252,0.589005,0.604321,0.683300,0.681550,0.582843,0.630900,0.626970,0.670682,0.649590,0.707729,0.650122,0.723013,0.703146,0.425610,0.682920,0.548789,0.652714,0.416112,0.688339,0.544841,0.578081,0.465409,0.593022,0.686436,0.747853,0.712166,0.515900,0.727623,0.574465,0.532604,0.690713,0.584010,0.604618,0.659220,0.671002,0.647065,0.510643,0.602381,0.661068,0.587830,0.489117,0.636079,0.605405,0.524447,0.509388,0.623979,0.584924,0.573574,0.559822,0.592499,0.538885,0.672321,0.632023,0.637312,0.543565,0.610339,0.630255,0.686138,0.485500,0.630731,0.609235,0.509167,0.622050,0.638584,0.637205,0.584164,0.613020,0.747033,0.606918,0.672756,0.568364,0.505189,0.450595,0.716468,0.599377,0.686509,0.690492,0.595424,0.555549,0.659430,0.495750,0.499613,0.680704,0.481166,0.573798,0.527471,0.593800,0.603985,0.561095,0.744910,0.609399,0.668196,0.594827,0.541460,0.484127,0.597808,0.590410,0.453088,0.676266,0.504573,0.620104,0.626858,0.631222,0.681631,0.638053,0.558196,0.642320,0.508602,0.684479,0.659133,0.655346,0.652546,0.597956,0.584273,0.610101,0.657702,0.653431,0.541929,0.598159,0.598556,0.542556,0.657124,0.628660,0.571903,0.597000,0.732915,0.680742,0.607771,0.614480,0.593726,0.546273,0.576654,0.619395,0.584424,0.465032,0.543292,0.618871,0.596615,0.612739,0.473666,0.563322,0.665821,0.586732,0.620516,0.534864,0.620204,0.612159,0.589254,0.631242,0.662353,0.656163,0.586852,#
1,0.608125,1.000000,0.692302,0.626601,0.564044,0.730739,0.525188,0.649830,0.755065,0.600350,0.682399,0.496448,0.574831,0.579769,0.562430,0.670658,0.585393,0.555304,0.649953,0.561554,0.676930,0.741345,0.580713,0.615000,0.551328,0.576786,0.709874,0.726357,0.538345,0.576286,0.702849,0.635861,0.631716,0.712584,0.640379,0.643730,0.547385,0.738970,0.751382,0.573230,0.601834,0.530348,0.597947,0.546775,0.617808,0.545942,0.568576,0.570868,0.671622,0.581517,0.569764,0.743386,0.604852,0.617846,0.767336,0.603089,0.661045,0.621436,0.575375,0.539067,0.702433,0.529552,0.576821,0.578666,0.651057,0.580741,0.721223,0.550144,0.615911,0.638264,0.585521,0.658774,0.697739,0.669836,0.623280,0.713281,0.445511,0.562318,0.608049,0.584621,0.657723,0.603263,0.668611,0.601532,0.653774,0.608576,0.608295,0.636520,0.627659,0.605147,0.599660,0.503095,0.667244,0.679395,0.625153,0.476851,0.522086,0.621234,0.632752,0.693941,0.683760,0.624462,0.534220,0.609988,0.611348,0.683545,0.521321,0.593787,0.653311,0.567640,0.607837,0.606957,0.556065,0.606221,0.564310,0.534009,0.523336,0.668055,0.579686,0.607779,0.596399,0.547128,0.445907,0.617497,0.624387,0.566924,0.565828,0.574151,0.590502,0.638082,0.585775,0.691835,0.531457,0.582787,0.726421,0.557159,0.549692,0.636514,0.604278,0.628833,0.696381,0.620836,0.638389,0.680179,0.566646,0.573451,0.665308,0.591608,0.690473,0.579081,0.711233,0.704177,0.700046,0.552564,0.626834,0.592342,0.649863,0.612458,0.569716,0.667868,0.635995,0.617678,0.641669,0.672898,0.626255,0.468489,0.631862,0.571214,0.518946,0.540070,0.674014,0.508416,0.635876,0.620787,0.658196,0.577639,0.628487,0.756142,0.493243,0.649061,0.632930,0.621004,0.489147,0.726714,0.621992,0.717107,0.669803,0.469340,0.657495,0.643260,0.575302,0.621739,0.617898,0.635075,0.678441,0.540600,0.521945,0.659211,0.567896,0.541039,#
2,0.597327,0.692302,1.000000,0.580479,0.438696,0.644332,0.529737,0.544644,0.692194,0.457946,0.562123,0.421685,0.432093,0.483854,0.486672,0.625918,0.477624,0.549533,0.444286,0.493664,0.432512,0.570177,0.460431,0.663373,0.493989,0.495647,0.665967,0.672983,0.663672,0.540856,0.687783,0.567308,0.507868,0.492804,0.540536,0.502030,0.511585,0.611528,0.651988,0.541674,0.465199,0.559826,0.602616,0.498585,0.437030,0.440394,0.666682,0.481869,0.581777,0.603096,0.611544,0.684601,0.607125,0.620459,0.724750,0.547215,0.605168,0.519043,0.536722,0.505088,0.699450,0.518405,0.498580,0.550864,0.531322,0.493899,0.599089,0.567170,0.506286,0.604311,0.497290,0.555291,0.640034,0.568950,0.507716,0.650014,0.449562,0.393970,0.529137,0.533761,0.592720,0.655998,0.612666,0.589243,0.648104,0.560913,0.502723,0.711798,0.574656,0.541559,0.538277,0.456246,0.675783,0.601742,0.539254,0.580382,0.568378,0.531831,0.684552,0.608326,0.512552,0.484354,0.484774,0.484406,0.421280,0.630847,0.562711,0.557048,0.509063,0.453510,0.593189,0.496828,0.526093,0.545066,0.479950,0.465763,0.585074,0.674526,0.588902,0.424049,0.580141,0.493207,0.413449,0.645014,0.564709,0.453655,0.550777,0.643942,0.505426,0.654740,0.644581,0.591131,0.632227,0.607082,0.635640,0.642212,0.594610,0.584886,0.677727,0.600809,0.509712,0.571225,0.493119,0.420992,0.545280,0.623612,0.465756,0.597954,0.461578,0.494951,0.642728,0.605723,0.536745,0.602636,0.609654,0.501552,0.597594,0.429315,0.518954,0.508067,0.478485,0.454683,0.508006,0.548065,0.490548,0.523426,0.605009,0.523616,0.485658,0.497482,0.603098,0.460106,0.546764,0.511619,0.610577,0.567700,0.512506,0.629513,0.487787,0.505286,0.560395,0.602416,0.316298,0.678707,0.553060,0.587018,0.523657,0.353343,0.618337,0.608952,0.562791,0.583199,0.743519,0.552868,0.530621,0.527640,0.493652,0.639400,0.472788,0.664085,#
3,0.618999,0.626601,0.580479,1.000000,0.639986,0.697425,0.600177,0.564478,0.672802,0.570720,0.666519,0.492449,0.556760,0.554648,0.460854,0.681593,0.563757,0.599783,0.631230,0.524170,0.548340,0.507441,0.454291,0.556658,0.513754,0.658655,0.610833,0.638287,0.443318,0.563785,0.659099,0.708091,0.558621,0.592337,0.666185,0.564886,0.514706,0.677639,0.499900,0.714608,0.610293,0.551041,0.618502,0.742647,0.521849,0.617471,0.726531,0.468655,0.667951,0.505674,0.717050,0.657506,0.610679,0.478084,0.610561,0.671434,0.560826,0.572345,0.636316,0.703716,0.576679,0.493444,0.596001,0.614389,0.722335,0.550693,0.566948,0.632884,0.421160,0.412484,0.495183,0.659069,0.612929,0.645929,0.470832,0.661777,0.411269,0.555298,0.531015,0.641218,0.747490,0.519855,0.533913,0.572591,0.595218,0.714383,0.667617,0.484201,0.572191,0.580095,0.576778,0.524689,0.606325,0.676531,0.515068,0.561181,0.466209,0.510741,0.584631,0.615263,0.501547,0.613552,0.527725,0.464016,0.664879,0.568884,0.428983,0.493171,0.615384,0.480938,0.562510,0.552362,0.447058,0.623761,0.570468,0.698070,0.422159,0.557647,0.532040,0.464304,0.567693,0.642472,0.503914,0.545061,0.582420,0.669726,0.541118,0.610740,0.477243,0.588610,0.619008,0.580788,0.550827,0.580277,0.635623,0.653086,0.614667,0.652362,0.518085,0.651391,0.477219,0.638075,0.609234,0.490944,0.642239,0.700253,0.585041,0.633857,0.556611,0.502328,0.663759,0.681147,0.513173,0.656264,0.560852,0.455867,0.689447,0.526040,0.577934,0.574940,0.581916,0.548764,0.542503,0.534280,0.539135,0.544547,0.617706,0.531626,0.599371,0.481826,0.611407,0.568745,0.600647,0.620838,0.635343,0.523695,0.669179,0.608028,0.577743,0.563054,0.586616,0.620740,0.441305,0.643124,0.659573,0.681068,0.612191,0.381902,0.629337,0.733506,0.583337,0.490072,0.536708,0.511710,0.629489,0.684823,0.560700,0.658660,0.488113,0.532464,#
4,0.471079,0.564044,0.438696,0.639986,1.000000,0.710961,0.608718,0.518021,0.522170,0.459157,0.438137,0.596117,0.511741,0.524331,0.371549,0.596910,0.652166,0.714450,0.588329,0.622819,0.608886,0.482772,0.361328,0.572556,0.556919,0.608250,0.561457,0.507254,0.429570,0.491349,0.700375,0.592268,0.544100,0.428988,0.545557,0.495570,0.543537,0.644512,0.446017,0.576619,0.604704,0.424770,0.418076,0.564823,0.423571,0.617894,0.531775,0.539292,0.685206,0.542162,0.602684,0.531795,0.594870,0.418437,0.618226,0.615020,0.489340,0.521940,0.570582,0.516737,0.521543,0.452144,0.521264,0.490788,0.563573,0.584401,0.630871,0.496182,0.448604,0.478448,0.462907,0.660703,0.528816,0.628632,0.454278,0.436347,0.336512,0.523477,0.536501,0.576654,0.521640,0.492797,0.558368,0.494192,0.535620,0.480294,0.448015,0.404641,0.470476,0.583794,0.523875,0.453896,0.487022,0.611624,0.400389,0.501984,0.487687,0.368497,0.395491,0.575659,0.604993,0.592506,0.580272,0.452753,0.559535,0.538808,0.527157,0.533268,0.638354,0.463264,0.471714,0.505391,0.359996,0.658442,0.539210,0.463438,0.542503,0.599680,0.521002,0.293265,0.500026,0.512841,0.637775,0.540205,0.539522,0.636124,0.453478,0.564889,0.608115,0.520019,0.651535,0.531286,0.508495,0.540594,0.685905,0.580955,0.596078,0.620489,0.508891,0.496502,0.479903,0.528342,0.617441,0.518489,0.513045,0.455078,0.586718,0.620793,0.483213,0.514719,0.686843,0.674608,0.424817,0.458858,0.636017,0.578529,0.672752,0.418860,0.530694,0.461927,0.484904,0.401468,0.678557,0.469929,0.583383,0.454030,0.461782,0.404037,0.542285,0.482172,0.514977,0.513896,0.600801,0.499266,0.635915,0.565497,0.654643,0.588515,0.500429,0.555200,0.622598,0.479777,0.510819,0.523761,0.632627,0.597014,0.572840,0.613636,0.582458,0.544550,0.420762,0.476746,0.514998,0.567061,0.491799,0.534405,0.476823,0.627811,0.569996,0.367228,#
5,0.595809,0.730739,0.644332,0.697425,0.710961,1.000000,0.564633,0.624732,0.714419,0.471549,0.565628,0.583591,0.453779,0.483203,0.591816,0.725506,0.656278,0.609409,0.562428,0.632096,0.638577,0.692708,0.458498,0.592476,0.484914,0.672364,0.738656,0.630456,0.485863,0.512914,0.727552,0.689330,0.624165,0.521957,0.650078,0.614087,0.613952,0.690810,0.610148,0.574127,0.684477,0.533592,0.554113,0.599008,0.576124,0.685775,0.639007,0.517701,0.706483,0.501963,0.682458,0.691015,0.585480,0.666396,0.633113,0.743383,0.592060,0.620257,0.680954,0.623579,0.693655,0.591374,0.689674,0.665618,0.636614,0.599858,0.690495,0.576689,0.476718,0.593631,0.569240,0.648927,0.680948,0.649728,0.502006,0.641191,0.518209,0.459774,0.559263,0.665215,0.648451,0.616357,0.648342,0.592328,0.597665,0.638829,0.638407,0.598457,0.583583,0.578450,0.510686,0.514132,0.629694,0.736025,0.594957,0.536732,0.610880,0.501569,0.636330,0.587870,0.634000,0.652148,0.714181,0.578286,0.619994,0.659575,0.546210,0.559452,0.603907,0.581048,0.601604,0.663252,0.512305,0.582217,0.439143,0.550277,0.655935,0.663750,0.499473,0.520797,0.598909,0.599171,0.565031,0.690734,0.628303,0.637991,0.576713,0.676798,0.609468,0.715091,0.723296,0.643889,0.643615,0.659599,0.703021,0.614132,0.684493,0.672522,0.531947,0.713723,0.588083,0.573754,0.607519,0.627604,0.689666,0.605633,0.657984,0.641893,0.607531,0.656007,0.692487,0.725125,0.517721,0.574705,0.732105,0.437227,0.723812,0.520076,0.589489,0.544866,0.561575,0.585881,0.647531,0.579992,0.659375,0.500542,0.496571,0.591522,0.553616,0.616644,0.627489,0.598698,0.652516,0.589038,0.763449,0.572796,0.586268,0.652022,0.581769,0.578401,0.662686,0.590128,0.487353,0.622505,0.721104,0.719426,0.716688,0.445494,0.617298,0.731673,0.480285,0.608842,0.588403,0.568190,0.475083,0.573258,0.530208,0.618121,0.523162,0.505471,#
6,0.601699,0.525188,0.529737,0.600177,0.608718,0.564633,1.000000,0.475970,0.569212,0.486659,0.540193,0.546293,0.539319,0.615439,0.350845,0.596617,0.607130,0.623166,0.617624,0.441986,0.686683,0.482610,0.423291,0.599932,0.496810,0.611550,0.589653,0.522707,0.398085,0.553756,0.577966,0.642800,0.559599,0.578563,0.601908,0.560326,0.574149,0.562226,0.512996,0.688534,0.558383,0.663853,0.512030,0.573842,0.577681,0.415270,0.628757,0.460277,0.730976,0.631611,0.675022,0.693136,0.617640,0.397303,0.678568,0.623944,0.524316,0.667549,0.680130,0.616371,0.564638,0.567559,0.465685,0.511318,0.629588,0.537114,0.758844,0.558382,0.620959,0.513115,0.496720,0.666707,0.616872,0.644765,0.469245,0.527889,0.465255,0.586135,0.577411,0.486395,0.482009,0.660822,0.557364,0.679582,0.540449,0.544057,0.499399,0.471067,0.651387,0.585274,0.539683,0.507906,0.502198,0.628400,0.540396,0.546184,0.538490,0.537989,0.534563,0.553192,0.616330,0.567709,0.520211,0.573324,0.666675,0.506578,0.630397,0.514404,0.593408,0.576091,0.433712,0.531658,0.466706,0.588386,0.457696,0.488222,0.612927,0.656866,0.533622,0.438564,0.507378,0.580853,0.509208,0.664528,0.662111,0.604254,0.583588,0.591119,0.367455,0.497390,0.620257,0.518973,0.514880,0.519368,0.619684,0.561184,0.653971,0.634595,0.657636,0.598140,0.631525,0.606624,0.602156,0.567543,0.566230,0.567270,0.560998,0.539195,0.479352,0.556670,0.669949,0.692668,0.541152,0.605934,0.566830,0.519748,0.628653,0.493190,0.653138,0.616460,0.625714,0.550067,0.549930,0.576278,0.626959,0.521129,0.627094,0.443412,0.548498,0.639504,0.580858,0.533015,0.573663,0.521692,0.546467,0.612523,0.616775,0.545514,0.616828,0.616054,0.606005,0.513381,0.572674,0.662211,0.529096,0.625484,0.559739,0.606638,0.549667,0.581838,0.425286,0.564642,0.637358,0.597715,0.618395,0.548835,0.547646,0.665096,0.592081,0.571500,#
7,0.643414,0.649830,0.544644,0.564478,0.518021,0.624732,0.475970,1.000000,0.685836,0.499662,0.641754,0.580925,0.476498,0.530706,0.498331,0.637332,0.554580,0.558505,0.608839,0.503507,0.590516,0.537459,0.711177,0.611411,0.544539,0.619469,0.599952,0.597259,0.505010,0.591244,0.608721,0.633600,0.524199,0.590595,0.618894,0.518102,0.676380,0.586783,0.497310,0.516406,0.675230,0.526862,0.503987,0.542262,0.524496,0.489590,0.547368,0.639970,0.632128,0.488665,0.678905,0.657155,0.623474,0.617164,0.608396,0.566665,0.612659,0.702317,0.556032,0.597967,0.582005,0.514220,0.694674,0.539693,0.652015,0.589411,0.719219,0.604585,0.582329,0.456351,0.608007,0.388453,0.619059,0.684257,0.503929,0.582341,0.575409,0.509036,0.544781,0.526097,0.600602,0.558423,0.618223,0.537696,0.619733,0.558645,0.691778,0.515990,0.519887,0.534111,0.583729,0.581156,0.504045,0.641915,0.621252,0.517849,0.593093,0.595181,0.566800,0.650636,0.663515,0.535165,0.628566,0.559717,0.605628,0.570191,0.568864,0.623303,0.597090,0.426962,0.659619,0.567595,0.540287,0.612567,0.498543,0.612249,0.522837,0.582279,0.447895,0.576532,0.553002,0.552779,0.477414,0.635579,0.661926,0.637639,0.545710,0.730129,0.421815,0.525070,0.552507,0.435994,0.500084,0.449590,0.709351,0.684871,0.686005,0.655695,0.535699,0.672458,0.542202,0.534776,0.620973,0.455050,0.595835,0.531663,0.617312,0.489619,0.603808,0.526957,0.638515,0.583393,0.615894,0.631148,0.644659,0.621622,0.616995,0.585172,0.603462,0.536739,0.594997,0.531663,0.705767,0.477398,0.645172,0.518235,0.563400,0.616835,0.574726,0.534456,0.677864,0.599502,0.533072,0.608290,0.584006,0.583796,0.578265,0.528203,0.518421,0.603659,0.536276,0.521680,0.489953,0.583957,0.591814,0.616298,0.635163,0.425273,0.580333,0.634909,0.574484,0.609511,0.554737,0.518154,0.570180,0.515019,0.583022,0.625897,0.664474,0.527803,#
8,0.590590,0.755065,0.692194,0.672802,0.522170,0.714419,0.569212,0.685836,1.000000,0.586867,0.646798,0.600349,0.655029,0.576497,0.507407,0.667969,0.592858,0.673340,0.561045,0.602489,0.608513,0.680356,0.556752,0.580808,0.415895,0.641857,0.631980,0.680091,0.595760,0.600484,0.674107,0.673566,0.534940,0.639913,0.671067,0.638279,0.566688,0.680856,0.612395,0.594620,0.579724,0.590495,0.655560,0.566995,0.610509,0.497659,0.608747,0.502896,0.679761,0.554115,0.703052,0.704285,0.575560,0.694341,0.747295,0.690524,0.614800,0.671856,0.650122,0.532286,0.678321,0.613177,0.627317,0.608682,0.638516,0.633017,0.702886,0.625996,0.627466,0.625884,0.530109,0.602311,0.761700,0.753117,0.552394,0.637407,0.574465,0.636326,0.500158,0.674508,0.626429,0.604037,0.662856,0.654805,0.658199,0.636125,0.588621,0.650950,0.541221,0.509233,0.581551,0.575323,0.693514,0.542065,0.636265,0.542913,0.540540,0.599885,0.716733,0.648474,0.617283,0.670468,0.701581,0.596932,0.623500,0.609726,0.629247,0.649320,0.566128,0.565080,0.615125,0.613036,0.621716,0.660668,0.537436,0.613863,0.552511,0.605856,0.623853,0.641940,0.551309,0.496017,0.512888,0.649298,0.633131,0.681167,0.568256,0.739541,0.512291,0.588066,0.611144,0.481166,0.581364,0.608967,0.732029,0.596831,0.649112,0.684896,0.557148,0.702513,0.686766,0.705712,0.700019,0.578535,0.646722,0.556079,0.568092,0.466377,0.605581,0.642750,0.695730,0.675073,0.651660,0.780791,0.563625,0.635080,0.710741,0.575415,0.703541,0.724550,0.651885,0.607944,0.676353,0.664741,0.653431,0.478635,0.542153,0.653036,0.625096,0.623501,0.661372,0.489894,0.590322,0.571310,0.680742,0.619872,0.582310,0.731597,0.517879,0.442989,0.619395,0.691949,0.513048,0.773615,0.650200,0.664442,0.693480,0.431305,0.570780,0.694153,0.638284,0.648395,0.687602,0.627720,0.612159,0.615951,0.680714,0.566086,0.590019,0.673226,#
9,0.526667,0.600350,0.457946,0.570720,0.459157,0.471549,0.486659,0.499662,0.586867,1.000000,0.546347,0.362267,0.508522,0.560691,0.496895,0.487605,0.558143,0.601996,0.559721,0.444209,0.685225,0.546120,0.463567,0.538551,0.500118,0.541051,0.544149,0.685187,0.367107,0.742133,0.518505,0.503550,0.581044,0.598088,0.634116,0.533759,0.458225,0.554430,0.521945,0.656904,0.583725,0.716908,0.472867,0.481066,0.564538,0.496526,0.449040,0.488877,0.592633,0.405080,0.567961,0.619691,0.398540,0.476479,0.613968,0.624220,0.552086,0.679898,0.508470,0.534691,0.630425,0.493301,0.499936,0.558271,0.610576,0.665103,0.673943,0.587198,0.551587,0.429276,0.438184,0.539038,0.528345,0.608455,0.571301,0.659044,0.401459,0.652350,0.514192,0.680534,0.585392,0.541065,0.477844,0.660565,0.535592,0.500652,0.529418,0.512436,0.552726,0.428155,0.525348,0.407567,0.640867,0.570952,0.560447,0.517973,0.412454,0.491542,0.470381,0.614615,0.607089,0.552014,0.539153,0.539479,0.593265,0.601285,0.533285,0.570865,0.638325,0.585750,0.584251,0.556720,0.537068,0.542163,0.456836,0.638827,0.298831,0.595967,0.477599,0.448659,0.479079,0.521291,0.517268,0.580290,0.559296,0.572825,0.613113,0.532597,0.514971,0.399032,0.470501,0.589840,0.526451,0.529906,0.573590,0.475484,0.492865,0.627475,0.514670,0.623558,0.576663,0.727743,0.630255,0.547646,0.636231,0.580814,0.551337,0.625823,0.523848,0.440365,0.504766,0.536209,0.521579,0.577660,0.513077,0.610648,0.574948,0.602426,0.489204,0.674499,0.595268,0.594889,0.566548,0.592776,0.521723,0.543383,0.438050,0.530573,0.586439,0.461410,0.572901,0.564276,0.587026,0.561238,0.645363,0.674997,0.520284,0.604954,0.454989,0.615872,0.575510,0.544551,0.548263,0.589934,0.604607,0.761470,0.540773,0.424443,0.574254,0.560285,0.552223,0.619058,0.457440,0.590510,0.587357,0.550263,0.512712,0.497220,0.526360,0.445668,#
10,0.646798,0.682399,0.562123,0.666519,0.438137,0.565628,0.540193,0.641754,0.646798,0.546347,1.000000,0.611969,0.622117,0.576387,0.439705,0.615786,0.571310,0.563743,0.714233,0.505378,0.599526,0.578006,0.633154,0.653554,0.470019,0.624359,0.596598,0.684816,0.553095,0.630548,0.566453,0.609437,0.561700,0.618329,0.653452,0.636988,0.645938,0.675613,0.673823,0.584903,0.573492,0.589692,0.590553,0.638575,0.524489,0.643508,0.643918,0.596214,0.691860,0.590192,0.613080,0.668960,0.587732,0.492513,0.705444,0.568248,0.627400,0.702259,0.568183,0.611947,0.680737,0.613367,0.685655,0.600828,0.690782,0.526949,0.614961,0.559187,0.604229,0.587148,0.573154,0.614607,0.719418,0.548283,0.500137,0.706751,0.540913,0.698540,0.630036,0.571919,0.681781,0.635644,0.585607,0.638781,0.565389,0.511601,0.708290,0.536859,0.578517,0.604644,0.481505,0.526049,0.696879,0.642765,0.571159,0.586320,0.517026,0.629049,0.603056,0.735072,0.625582,0.526675,0.595466,0.675978,0.691304,0.658239,0.418698,0.628902,0.618527,0.599378,0.677863,0.545450,0.599250,0.569768,0.475652,0.563980,0.473733,0.562522,0.600866,0.597479,0.584174,0.700822,0.385583,0.660867,0.522762,0.619011,0.673423,0.622074,0.565483,0.588281,0.576420,0.519364,0.527813,0.539740,0.650199,0.652866,0.592492,0.581444,0.601569,0.687003,0.733717,0.654404,0.568474,0.634099,0.658305,0.560646,0.582429,0.560128,0.594981,0.493635,0.660298,0.670302,0.668644,0.512171,0.659046,0.560661,0.721067,0.688149,0.579553,0.614514,0.753579,0.555866,0.639424,0.599992,0.668066,0.476850,0.657216,0.514001,0.584241,0.641496,0.725990,0.624491,0.518508,0.530475,0.611981,0.608353,0.632260,0.672597,0.495638,0.653539,0.645810,0.483381,0.612750,0.609812,0.616531,0.655175,0.554558,0.569430,0.602897,0.767882,0.611924,0.539882,0.563359,0.646687,0.618939,0.660151,0.594364,0.700722,0.634160,0.631026,#
11,0.635530,0.496448,0.421685,0.492449,0.596117,0.583591,0.546293,0.580925,0.600349,0.362267,0.611969,1.000000,0.668540,0.523409,0.418503,0.591451,0.546888,0.650672,0.596620,0.489601,0.530891,0.495898,0.589034,0.578569,0.405008,0.575004,0.568617,0.465615,0.534190,0.459077,0.538799,0.540614,0.576451,0.487512,0.529497,0.529537,0.607677,0.657534,0.448657,0.583829,0.482173,0.510873,0.459786,0.595750,0.499536,0.545777,0.611611,0.593540,0.554028,0.561372,0.638896,0.547064,0.549749,0.442351,0.649888,0.628636,0.487559,0.516713,0.547341,0.562620,0.560800,0.448913,0.689752,0.543808,0.613803,0.539783,0.600154,0.503798,0.593866,0.585755,0.592161,0.591991,0.646044,0.668986,0.513353,0.512668,0.537496,0.604402,0.535586,0.438063,0.611974,0.486565,0.500022,0.504538,0.516167,0.486295,0.406430,0.464976,0.357139,0.416384,0.614291,0.494256,0.516418,0.516269,0.455294,0.602593,0.588628,0.559225,0.503519,0.538719,0.542997,0.594328,0.581074,0.546452,0.618801,0.587939,0.479379,0.570409,0.661662,0.528626,0.604245,0.583164,0.585811,0.565893,0.326813,0.545771,0.520977,0.550720,0.543219,0.561253,0.396332,0.560198,0.488572,0.618512,0.556437,0.649817,0.617905,0.616398,0.552077,0.499602,0.621512,0.384009,0.529329,0.520297,0.626138,0.541795,0.592838,0.515306,0.537081,0.521652,0.647297,0.534748,0.518309,0.566027,0.573903,0.370043,0.706176,0.512696,0.499394,0.600967,0.578758,0.566086,0.588042,0.484334,0.566708,0.497762,0.689974,0.561866,0.610695,0.540759,0.536461,0.515390,0.735421,0.519844,0.721900,0.332464,0.515659,0.407905,0.528861,0.657388,0.581273,0.484374,0.544326,0.634900,0.569356,0.627519,0.552466,0.535644,0.453424,0.583528,0.576180,0.460273,0.589367,0.530501,0.680092,0.479416,0.499485,0.637802,0.500741,0.612045,0.500820,0.609253,0.483294,0.533371,0.496569,0.616221,0.613192,0.587199,0.583071,0.360288,#
12,0.594209,0.574831,0.432093,0.556760,0.511741,0.453779,0.539319,0.476498,0.655029,0.508522,0.622117,0.668540,1.000000,0.532488,0.422191,0.480418,0.497160,0.599004,0.603744,0.495877,0.573122,0.424638,0.608774,0.595768,0.505736,0.515803,0.472477,0.517602,0.569857,0.483243,0.521842,0.521901,0.531912,0.577792,0.587308,0.635916,0.489341,0.605200,0.545830,0.550669,0.383422,0.459329,0.387036,0.597956,0.488567,0.448705,0.610843,0.456583,0.585200,0.574542,0.707613,0.608176,0.546950,0.525072,0.687011,0.600539,0.455274,0.597237,0.522976,0.500993,0.491446,0.397602,0.527636,0.483393,0.640103,0.579539,0.615644,0.439161,0.535530,0.531932,0.482227,0.604401,0.596851,0.662856,0.600932,0.572331,0.517894,0.634361,0.578169,0.600210,0.493886,0.483647,0.617274,0.582966,0.454246,0.593627,0.453860,0.529722,0.481211,0.457019,0.610123,0.535438,0.584790,0.399292,0.416027,0.527521,0.607544,0.576980,0.533110,0.544305,0.487188,0.657193,0.573595,0.552968,0.603356,0.484097,0.434453,0.499863,0.621928,0.537069,0.505096,0.552905,0.461820,0.583700,0.679145,0.561656,0.384544,0.479855,0.605549,0.532617,0.442118,0.504630,0.478443,0.573549,0.516904,0.675317,0.575844,0.507530,0.531074,0.473516,0.486444,0.384272,0.442407,0.453927,0.577102,0.566955,0.471922,0.571178,0.428852,0.454767,0.729068,0.690867,0.553576,0.632333,0.542958,0.329104,0.625986,0.484964,0.587866,0.669439,0.505303,0.579637,0.517100,0.489772,0.423036,0.605367,0.726030,0.650210,0.664262,0.648085,0.632992,0.551561,0.564526,0.574465,0.655156,0.308050,0.487691,0.558221,0.464686,0.546251,0.609856,0.432921,0.611076,0.565387,0.554088,0.448303,0.690789,0.695180,0.487032,0.515152,0.535011,0.560979,0.581959,0.519663,0.479022,0.491789,0.536268,0.526539,0.585579,0.615413,0.490729,0.555225,0.419349,0.608737,0.468466,0.613929,0.545926,0.584493,0.599102,0.403487,#
13,0.553063,0.579769,0.483854,0.554648,0.524331,0.483203,0.615439,0.530706,0.576497,0.560691,0.576387,0.523409,0.532488,1.000000,0.332679,0.576389,0.489591,0.643052,0.613249,0.434466,0.591086,0.490523,0.586208,0.531580,0.541594,0.561818,0.410343,0.613353,0.542251,0.586733,0.430123,0.554250,0.577003,0.671688,0.380559,0.442161,0.604279,0.652032,0.642746,0.594830,0.709024,0.476147,0.487618,0.546688,0.641181,0.489128,0.572247,0.525780,0.657989,0.579204,0.607185,0.745336,0.452478,0.469400,0.676797,0.660527,0.559062,0.581148,0.579464,0.533058,0.651760,0.494294,0.494363,0.583752,0.601721,0.597071,0.617429,0.495819,0.574949,0.488737,0.449876,0.629148,0.484505,0.716867,0.591582,0.568478,0.526230,0.539784,0.621614,0.506859,0.567624,0.533921,0.590278,0.598183,0.518815,0.564637,0.417184,0.437057,0.670863,0.540261,0.498039,0.556363,0.532572,0.558198,0.556311,0.488437,0.520975,0.481454,0.472768,0.661176,0.593117,0.531888,0.503673,0.687369,0.659149,0.664084,0.492433,0.633792,0.577716,0.492469,0.598521,0.585710,0.514502,0.596527,0.512954,0.630629,0.417774,0.648624,0.600327,0.493855,0.539327,0.571301,0.344846,0.539189,0.553086,0.559262,0.577093,0.516904,0.519778,0.431051,0.610450,0.464724,0.490265,0.466019,0.606432,0.568657,0.550422,0.622106,0.684604,0.475629,0.555926,0.666955,0.669525,0.542405,0.513893,0.510444,0.534706,0.587874,0.564160,0.536580,0.611514,0.599284,0.476894,0.661514,0.487741,0.557533,0.680577,0.588272,0.628718,0.567468,0.634802,0.607000,0.498093,0.619120,0.602541,0.486667,0.591889,0.527785,0.627214,0.489809,0.562630,0.550748,0.659978,0.557863,0.659697,0.623611,0.636593,0.685191,0.514891,0.575074,0.563110,0.502602,0.626875,0.569806,0.604063,0.583168,0.502976,0.581759,0.481271,0.581167,0.518556,0.566972,0.567496,0.600020,0.610280,0.379603,0.620840,0.627680,0.580459,0.507163,#
14,0.431721,0.562430,0.486672,0.460854,0.371549,0.591816,0.350845,0.498331,0.507407,0.496895,0.439705,0.418503,0.422191,0.332679,1.000000,0.448134,0.460574,0.342703,0.345182,0.330202,0.489146,0.454340,0.382446,0.552293,0.382171,0.337774,0.519771,0.508780,0.334765,0.502510,0.541138,0.472667,0.497004,0.436461,0.486124,0.382531,0.396905,0.514344,0.500908,0.334493,0.471348,0.462101,0.538886,0.438603,0.391761,0.467003,0.407520,0.353422,0.375036,0.275204,0.496965,0.502308,0.250928,0.598876,0.455750,0.564323,0.467119,0.406001,0.504306,0.394316,0.555114,0.493417,0.474171,0.381931,0.469635,0.350435,0.526941,0.424232,0.506078,0.475223,0.360660,0.426097,0.448916,0.432088,0.506197,0.509563,0.285338,0.407946,0.372164,0.354162,0.500164,0.458209,0.489812,0.507414,0.461902,0.529541,0.418743,0.416945,0.490745,0.293771,0.366126,0.245065,0.495539,0.573301,0.492633,0.379952,0.616258,0.451603,0.434886,0.396243,0.498822,0.467177,0.511239,0.299878,0.478205,0.560304,0.377442,0.390041,0.572636,0.355622,0.512207,0.574303,0.521870,0.406947,0.281080,0.495847,0.288529,0.481321,0.299132,0.457062,0.415741,0.495916,0.320268,0.486804,0.609308,0.245372,0.490815,0.601546,0.307671,0.389724,0.428922,0.430026,0.419599,0.441708,0.466859,0.449902,0.533275,0.465537,0.418545,0.596012,0.448146,0.540797,0.290183,0.520175,0.511458,0.462108,0.659704,0.525790,0.456490,0.293991,0.464318,0.459959,0.246568,0.343782,0.525498,0.383391,0.468835,0.408742,0.418602,0.484729,0.508778,0.350847,0.456555,0.460455,0.355946,0.188886,0.246895,0.440520,0.265910,0.528249,0.444086,0.429856,0.492714,0.550400,0.558533,0.520917,0.466846,0.485143,0.357396,0.407567,0.415045,0.472507,0.529066,0.530385,0.525498,0.509231,0.614111,0.272725,0.502214,0.514411,0.314517,0.473965,0.508397,0.479706,0.272698,0.486783,0.401008,0.389377,0.334538,0.360964,#
15,0.607910,0.670658,0.625918,0.681593,0.596910,0.725506,0.596617,0.637332,0.667969,0.487605,0.615786,0.591451,0.480418,0.576389,0.448134,1.000000,0.578349,0.639142,0.628112,0.564433,0.564466,0.632612,0.515389,0.610263,0.572670,0.649014,0.685791,0.586825,0.487773,0.582104,0.701865,0.665166,0.590295,0.635795,0.619838,0.609605,0.683272,0.640826,0.681171,0.598591,0.593447,0.615333,0.627629,0.566128,0.669261,0.567049,0.731350,0.664380,0.702925,0.603991,0.712672,0.677218,0.631135,0.572266,0.647823,0.626510,0.658681,0.594410,0.599937,0.541480,0.691980,0.537189,0.568891,0.702325,0.687457,0.589727,0.668185,0.603550,0.530575,0.471173,0.575354,0.568368,0.561574,0.605491,0.637475,0.542202,0.513719,0.597664,0.639634,0.632700,0.663462,0.602978,0.548208,0.602773,0.673296,0.700314,0.540218,0.566412,0.545822,0.546854,0.570583,0.492374,0.642783,0.612063,0.465272,0.570774,0.499284,0.554125,0.471177,0.571433,0.702519,0.568558,0.647303,0.574899,0.561422,0.656563,0.587804,0.614746,0.604788,0.587433,0.528140,0.527506,0.607611,0.602337,0.455136,0.605088,0.557557,0.645039,0.628028,0.547953,0.567178,0.535183,0.457828,0.654231,0.603911,0.591270,0.659413,0.582599,0.632773,0.634154,0.638643,0.480173,0.605413,0.434356,0.612852,0.566227,0.601443,0.555619,0.726071,0.709359,0.582933,0.604610,0.578021,0.552514,0.625751,0.598625,0.596118,0.575335,0.597315,0.605446,0.664418,0.632048,0.650778,0.597523,0.606778,0.530253,0.696102,0.537714,0.647273,0.572829,0.585204,0.649528,0.639325,0.475155,0.653368,0.522902,0.618341,0.622321,0.609149,0.587959,0.541600,0.659284,0.554942,0.624583,0.699325,0.690036,0.626443,0.609671,0.535614,0.604922,0.602344,0.612550,0.510192,0.627834,0.677582,0.679951,0.533703,0.410824,0.589890,0.737930,0.646818,0.630020,0.550122,0.585039,0.616914,0.581615,0.624542,0.664642,0.637349,0.608276,#
16,0.639107,0.585393,0.477624,0.563757,0.652166,0.656278,0.607130,0.554580,0.592858,0.558143,0.571310,0.546888,0.497160,0.489591,0.460574,0.578349,1.000000,0.624998,0.650513,0.454605,0.656627,0.637148,0.408871,0.584559,0.473171,0.722830,0.592767,0.434562,0.372986,0.510037,0.682791,0.595694,0.685563,0.540819,0.557686,0.592953,0.627456,0.594172,0.553704,0.616530,0.576139,0.609582,0.490995,0.473875,0.561745,0.635440,0.531326,0.516291,0.643046,0.582984,0.564896,0.613174,0.580827,0.642043,0.648950,0.741599,0.445799,0.651215,0.675210,0.564233,0.611910,0.596857,0.565617,0.550038,0.654748,0.482462,0.672073,0.606980,0.637848,0.639535,0.547910,0.676334,0.631025,0.627449,0.535715,0.613631,0.530525,0.603621,0.628265,0.651006,0.622284,0.638081,0.609533,0.586744,0.575405,0.520385,0.605356,0.465610,0.554360,0.488012,0.496878,0.468421,0.590145,0.688212,0.561875,0.672744,0.613051,0.478410,0.587560,0.556315,0.643944,0.540892,0.633304,0.567978,0.560922,0.745607,0.603498,0.556297,0.693838,0.550616,0.621365,0.668605,0.617871,0.657372,0.504050,0.670507,0.623093,0.638564,0.541362,0.418523,0.430790,0.600594,0.536256,0.589640,0.566619,0.649955,0.606488,0.548129,0.557969,0.460856,0.613971,0.503364,0.643192,0.502182,0.660766,0.649912,0.529220,0.631695,0.574759,0.658756,0.577029,0.603281,0.664214,0.631854,0.523158,0.489144,0.586423,0.565800,0.524836,0.504707,0.652509,0.696137,0.489600,0.521570,0.715194,0.551251,0.661463,0.609368,0.616211,0.620257,0.476451,0.554808,0.728466,0.612233,0.599875,0.641848,0.534611,0.635157,0.601562,0.640764,0.600259,0.554543,0.507268,0.575690,0.661775,0.625775,0.470288,0.563456,0.530306,0.575556,0.642730,0.490754,0.628191,0.511247,0.649031,0.672489,0.654933,0.534630,0.578200,0.638228,0.613921,0.577596,0.623836,0.631745,0.548883,0.552602,0.519621,0.692617,0.656855,0.500941,#
17,0.584023,0.555304,0.549533,0.599783,0.714450,0.609409,0.623166,0.558505,0.673340,0.601996,0.563743,0.650672,0.599004,0.643052,0.342703,0.639142,0.624998,1.000000,0.580279,0.646305,0.604803,0.546531,0.543272,0.713018,0.638450,0.650382,0.639908,0.603538,0.499130,0.655953,0.639097,0.633024,0.480860,0.551329,0.556123,0.666101,0.631147,0.745625,0.575753,0.630159,0.600294,0.556170,0.529311,0.608299,0.533532,0.459395,0.607622,0.648286,0.709248,0.626375,0.636613,0.591046,0.598580,0.483901,0.653553,0.691931,0.565235,0.581256,0.629814,0.426820,0.642870,0.540024,0.547571,0.570936,0.635555,0.703987,0.697813,0.575458,0.579959,0.551286,0.565289,0.624578,0.645734,0.626351,0.508861,0.598144,0.605664,0.715394,0.579178,0.697464,0.560674,0.619677,0.722090,0.662180,0.579301,0.560999,0.560789,0.582514,0.518508,0.527413,0.717672,0.511275,0.592656,0.571457,0.493006,0.689516,0.583662,0.528891,0.470988,0.782944,0.656822,0.586121,0.605764,0.632082,0.609788,0.581787,0.623284,0.600477,0.568635,0.593963,0.563272,0.587393,0.587475,0.686667,0.539057,0.593722,0.525720,0.631397,0.529063,0.452103,0.586774,0.568968,0.527416,0.677004,0.615354,0.681201,0.621536,0.679039,0.591222,0.557715,0.678605,0.596177,0.618346,0.525082,0.608597,0.623720,0.614268,0.663398,0.653326,0.675977,0.635875,0.642715,0.736198,0.586423,0.609935,0.606364,0.688398,0.603998,0.622846,0.501047,0.670293,0.644583,0.551255,0.654320,0.622440,0.709850,0.809190,0.600747,0.652688,0.639988,0.624546,0.544196,0.739675,0.551384,0.680114,0.585992,0.425399,0.501208,0.619477,0.535421,0.687835,0.562013,0.613872,0.580426,0.741166,0.611673,0.616340,0.685822,0.518249,0.584865,0.594653,0.690596,0.607172,0.609738,0.745921,0.616873,0.601316,0.623081,0.533122,0.597473,0.602089,0.642885,0.624115,0.593229,0.633462,0.659597,0.633678,0.665891,0.587856,0.511819,#
18,0.642023,0.649953,0.444286,0.631230,0.588329,0.562428,0.617624,0.608839,0.561045,0.559721,0.714233,0.596620,0.603744,0.613249,0.345182,0.628112,0.650513,0.580279,1.000000,0.546297,0.644523,0.633953,0.520388,0.533436,0.504146,0.657053,0.620346,0.535672,0.477727,0.617223,0.541528,0.619209,0.608976,0.647650,0.651507,0.712760,0.613771,0.626075,0.635660,0.543548,0.676753,0.498728,0.482913,0.557341,0.613099,0.506218,0.638370,0.674960,0.688648,0.507220,0.600655,0.638587,0.624273,0.425234,0.668044,0.584673,0.535241,0.699973,0.619737,0.649284,0.631095,0.477355,0.568715,0.519707,0.737533,0.507640,0.633482,0.629564,0.488317,0.539206,0.587544,0.569284,0.641859,0.624483,0.569947,0.558666,0.533999,0.601081,0.712519,0.540180,0.605739,0.549273,0.554105,0.672146,0.593474,0.634412,0.604971,0.535051,0.624767,0.529280,0.563776,0.460374,0.642496,0.716517,0.652054,0.508907,0.523655,0.618932,0.631275,0.680857,0.637760,0.537261,0.592366,0.633972,0.661261,0.656223,0.519343,0.563131,0.732082,0.605967,0.608482,0.599786,0.594972,0.666625,0.527047,0.560112,0.555255,0.517934,0.618467,0.485380,0.556944,0.727411,0.506071,0.581519,0.543001,0.628211,0.719567,0.525428,0.648630,0.437174,0.685604,0.463648,0.537143,0.451616,0.633721,0.617667,0.644936,0.630468,0.590836,0.629294,0.621224,0.711282,0.562748,0.629246,0.596104,0.586171,0.656613,0.477926,0.571736,0.521327,0.609645,0.752283,0.579958,0.539794,0.574961,0.635962,0.691178,0.662552,0.642125,0.565580,0.634626,0.564050,0.698114,0.582419,0.701146,0.529612,0.712222,0.578787,0.509309,0.575751,0.610648,0.670328,0.610039,0.543609,0.589540,0.612425,0.641821,0.690814,0.544468,0.724349,0.627772,0.557266,0.551768,0.580575,0.641178,0.656043,0.530827,0.599153,0.548339,0.690573,0.577261,0.521820,0.470513,0.680183,0.666607,0.648176,0.587344,0.674208,0.618561,0.564842,#
19,0.401705,0.561554,0.493664,0.524170,0.622819,0.632096,0.441986,0.503507,0.602489,0.444209,0.505378,0.489601,0.495877,0.434466,0.330202,0.564433,0.454605,0.646305,0.546297,1.000000,0.548973,0.506045,0.354402,0.451755,0.382524,0.532365,0.587573,0.500944,0.536649,0.487740,0.619030,0.683790,0.445875,0.449612,0.423537,0.686525,0.444922,0.556649,0.436219,0.459706,0.522137,0.435659,0.409456,0.534016,0.448827,0.499226,0.627900,0.518455,0.579767,0.272736,0.499342,0.517241,0.483986,0.445446,0.560801,0.421827,0.608381,0.570666,0.491812,0.329518,0.541501,0.342908,0.565163,0.530967,0.511132,0.546964,0.564265,0.409330,0.481118,0.530956,0.486170,0.470065,0.542966,0.590753,0.459538,0.340957,0.287046,0.388567,0.358838,0.498289,0.521899,0.448630,0.573701,0.451177,0.457802,0.391550,0.568970,0.496678,0.550804,0.356885,0.539637,0.424421,0.541933,0.537231,0.467328,0.468447,0.542248,0.377676,0.408681,0.617303,0.546021,0.458546,0.539490,0.465757,0.512118,0.464060,0.500501,0.497428,0.504350,0.434169,0.488789,0.458427,0.430314,0.530797,0.511695,0.361132,0.488142,0.588098,0.373859,0.405996,0.487045,0.483525,0.378076,0.686263,0.514232,0.535856,0.560224,0.516373,0.682719,0.677955,0.547929,0.479055,0.572292,0.549629,0.560036,0.517440,0.499011,0.543074,0.502113,0.601471,0.564833,0.492985,0.494208,0.510990,0.496086,0.413523,0.494831,0.392749,0.539213,0.417079,0.486441,0.638687,0.434873,0.491436,0.588661,0.485572,0.710034,0.591335,0.420772,0.446757,0.495781,0.438686,0.574122,0.413489,0.559671,0.366432,0.303762,0.546991,0.479581,0.474242,0.616635,0.627112,0.506425,0.334930,0.566530,0.518477,0.550449,0.563654,0.439679,0.398248,0.469459,0.459835,0.456888,0.656459,0.560026,0.524876,0.499230,0.568600,0.557915,0.599284,0.401092,0.484486,0.466943,0.571522,0.493217,0.586342,0.458227,0.453744,0.452149,0.387210,#
20,0.654797,0.676930,0.432512,0.548340,0.608886,0.638577,0.686683,0.590516,0.608513,0.685225,0.599526,0.530891,0.573122,0.591086,0.489146,0.564466,0.656627,0.604803,0.644523,0.548973,1.000000,0.644358,0.432650,0.598503,0.549035,0.645334,0.591658,0.643465,0.482387,0.674305,0.602987,0.548125,0.560880,0.637548,0.619406,0.638457,0.564853,0.593234,0.538307,0.657066,0.623529,0.714350,0.482939,0.673503,0.669293,0.548652,0.582612,0.547544,0.690140,0.525813,0.605222,0.675807,0.556511,0.586901,0.602975,0.685266,0.586934,0.679102,0.684675,0.565465,0.675700,0.565156,0.678536,0.534313,0.707609,0.632185,0.763760,0.564549,0.633820,0.529660,0.526735,0.686770,0.583423,0.671359,0.530993,0.534198,0.498996,0.592363,0.635948,0.654642,0.495210,0.675852,0.631770,0.675722,0.525308,0.544717,0.643452,0.519617,0.671474,0.640609,0.540507,0.569369,0.519237,0.677893,0.647271,0.552553,0.493434,0.461258,0.517581,0.620680,0.736183,0.638462,0.686558,0.687352,0.703804,0.547058,0.602667,0.687765,0.656756,0.668012,0.595162,0.668120,0.534055,0.559327,0.550882,0.551228,0.563306,0.687392,0.459831,0.462820,0.587729,0.571094,0.509153,0.688515,0.624944,0.671358,0.566371,0.567273,0.535449,0.547426,0.567586,0.528424,0.604260,0.650701,0.706416,0.517503,0.554394,0.718862,0.614724,0.728097,0.639495,0.565091,0.626350,0.688026,0.627046,0.542434,0.627732,0.562262,0.634708,0.633033,0.654173,0.661979,0.634219,0.536743,0.735732,0.635809,0.676849,0.650933,0.608059,0.690515,0.649538,0.664132,0.610152,0.649711,0.743231,0.459040,0.461887,0.546921,0.609283,0.649675,0.654793,0.556502,0.698503,0.604984,0.649482,0.655526,0.586245,0.656177,0.551394,0.671778,0.593011,0.573873,0.627937,0.576691,0.576576,0.709524,0.597507,0.625214,0.531709,0.552123,0.431579,0.574536,0.542122,0.702009,0.574676,0.519592,0.626195,0.623809,0.608295,0.496450,#
21,0.561549,0.741345,0.570177,0.507441,0.482772,0.692708,0.482610,0.537459,0.680356,0.546120,0.578006,0.495898,0.424638,0.490523,0.454340,0.632612,0.637148,0.546531,0.633953,0.506045,0.644358,1.000000,0.479013,0.666104,0.379520,0.607298,0.675364,0.578918,0.379932,0.578438,0.602435,0.503899,0.611844,0.606859,0.635666,0.629202,0.545816,0.665485,0.639615,0.538241,0.651454,0.627983,0.557616,0.555414,0.618947,0.489565,0.539928,0.610703,0.610704,0.510169,0.493166,0.723214,0.513583,0.474358,0.645583,0.643520,0.581725,0.580615,0.638284,0.462935,0.668758,0.508492,0.643734,0.454903,0.698124,0.461381,0.652138,0.583196,0.530235,0.579397,0.461959,0.633099,0.559845,0.626504,0.589387,0.605057,0.455770,0.570798,0.650416,0.594491,0.500260,0.594980,0.605540,0.568136,0.695997,0.533934,0.496209,0.609371,0.607050,0.549322,0.458989,0.408711,0.640018,0.588000,0.634158,0.532345,0.484100,0.439521,0.547883,0.622905,0.595333,0.501548,0.548960,0.562905,0.481126,0.662976,0.526247,0.474792,0.643160,0.619917,0.613828,0.623832,0.562904,0.542015,0.400727,0.426390,0.540756,0.648645,0.423594,0.522082,0.536594,0.484511,0.456447,0.567555,0.531200,0.527017,0.588832,0.578059,0.534398,0.534602,0.628748,0.535120,0.553041,0.580869,0.725873,0.460164,0.461476,0.569361,0.603843,0.699599,0.599416,0.573893,0.540511,0.521832,0.510783,0.506880,0.603740,0.552175,0.408224,0.630883,0.644717,0.712325,0.596256,0.602191,0.527693,0.521339,0.655479,0.567874,0.503458,0.663387,0.541984,0.468998,0.638119,0.531343,0.697268,0.491949,0.530961,0.622628,0.464344,0.612671,0.647980,0.463935,0.558535,0.490763,0.557446,0.514246,0.489382,0.621549,0.485687,0.571025,0.588751,0.589294,0.462650,0.655538,0.565722,0.704334,0.622373,0.371791,0.494305,0.628366,0.547570,0.491718,0.586430,0.498652,0.601120,0.606718,0.544096,0.678760,0.517973,0.565622,#
