0,1.000000,0.015181,-0.265116,0.208958,0.172357,0.114445,-0.149589,0.111470,-0.032230,0.062614,-0.351220,-0.178105,0.011563,-0.055918,0.195197,-0.194522,0.037052,0.013874,-0.021993,0.121119,0.150828,-0.035387,-0.004011,0.022715,0.201664,0.128460,0.225877,-0.195661,0.082193,0.018015,-0.224035,-0.069266,0.138749,-0.217322,0.177432,-0.017699,-0.025431,-0.001579,0.125024,0.074777,-0.016747,-0.016117,-0.023477,0.023603,-0.209355,-0.048425,-0.010424,-0.098175,0.179123,0.154132,0.219593,0.005859,-0.195948,0.151325,0.003120,0.226864,-0.206807,-0.065943,0.037740,-0.081471,0.091096,-0.110120,-0.355864,-0.059487,0.139629,0.130370,-0.203154,0.047601,0.015246,0.076264,0.100936,-0.194720,0.037603,-0.351177,-0.101510,-0.037925,-0.111463,-0.071800,-0.132809,0.021765,0.116578,0.057906,-0.112526,-0.061781,-0.068175,0.141630,-0.029441,-0.212898,-0.025078,0.144645,-0.112288,-0.198728,-0.315859,0.025942,-0.104193,-0.038792,0.124760,-0.004601,0.033311,0.126155,-0.179623,-0.059773,-0.015898,0.055136,0.140110,-0.149769,-0.213253,-0.053913,-0.003597,0.044237,0.120842,-0.110009,-0.155843,-0.061629,-0.119374,0.120234,-0.024972,-0.227209,0.170458,0.028882,-0.011642,-0.274953,0.164014,-0.039758,0.144997,0.224310,0.087643,0.129775,0.071867,-0.098625,0.087255,-0.261693,0.002675,-0.129882,-0.001113,0.006455,-0.004391,0.106209,-0.036243,-0.076484,-0.024031,0.188121,-0.386503,-0.121894,-0.126299,0.030295,0.214992,-0.161484,0.095219,0.066516,0.098760,-0.181016,0.119999,-0.225961,-0.062008,-0.102654,0.059314,-0.028864,-0.124519,-0.008528,0.205235,0.361790,0.147530,-0.092140,0.196264,0.073196,-0.034965,-0.241298,0.292196,0.048256,0.133096,-0.057893,0.178293,0.047426,0.104964,-0.247069,-0.116783,0.090355,0.106288,-0.022415,-0.060305,-0.049149,-0.183590,-0.079908,0.091307,0.232597,-0.054234,0.040534,-0.173256,-0.103803,-0.175002,-0.120542,0.163800,-0.116196,0.134863,-0.054208,0.003163,-0.041959,-0.120548,0.160589,#
1,0.015181,1.000000,0.167100,0.151141,-0.103932,0.075862,0.306508,0.089190,-0.088593,0.072753,0.141326,-0.124712,0.235670,0.006535,-0.354045,0.136607,0.236232,0.206322,0.335057,-0.203658,0.308132,0.164153,-0.150521,0.155875,0.199201,-0.281145,-0.101069,0.045981,0.075132,0.092568,-0.099284,0.330602,0.186444,-0.122411,-0.013707,-0.017081,-0.126782,0.027164,-0.058500,0.019586,0.230891,-0.084498,0.038504,0.170963,0.121961,0.300709,0.141274,0.087686,-0.327523,0.116122,0.086400,-0.115945,0.196962,0.231798,0.080411,0.177215,-0.214397,0.048794,0.106381,-0.035338,0.122738,-0.077948,0.200508,-0.027827,-0.059377,0.096296,0.155871,0.003916,0.295029,0.007038,0.112100,0.173432,0.123911,0.184036,-0.045207,-0.195103,0.046030,0.151907,0.270742,0.013994,0.040296,0.237243,0.089255,-0.058438,0.161527,0.103865,0.094981,-0.124972,-0.106049,0.234017,0.036467,-0.062299,0.033079,0.038845,0.120129,-0.007851,0.133226,-0.126995,0.031330,0.120924,0.167219,-0.042637,0.200801,0.240460,0.145570,0.189431,0.021982,0.255423,0.097162,-0.107410,0.237997,0.146662,-0.027317,0.080844,0.197151,0.140058,0.086943,0.239002,0.091284,0.198949,-0.135720,0.185154,-0.135610,0.212382,0.070178,0.154584,0.212091,0.069839,0.135090,0.028414,-0.007295,0.068616,-0.027404,0.135772,0.094617,0.145235,0.003931,-0.241423,0.177210,0.057321,-0.065167,0.103966,-0.285891,-0.050479,-0.026670,-0.193776,0.198980,-0.136183,-0.221789,0.184449,-0.088737,0.181145,-0.229412,0.287219,0.140879,0.058567,-0.066640,-0.033244,0.000241,0.010377,-0.065348,-0.020200,0.325969,0.007785,-0.196575,-0.056923,0.239012,-0.083007,-0.040730,0.092563,0.413679,-0.202935,0.290142,-0.038531,0.254986,0.057531,-0.042202,0.232798,-0.013272,0.046822,-0.104121,-0.152704,-0.174577,-0.076440,-0.049800,0.114974,0.086548,0.098180,-0.053966,-0.233587,-0.270741,0.253668,0.119055,0.357853,0.051402,0.337730,0.179218,-0.191227,0.125194,0.062317,#
2,-0.265116,0.167100,1.000000,-0.149021,-0.320286,0.048113,0.094460,-0.038364,-0.076697,-0.172489,0.162798,-0.198757,0.087715,0.011990,-0.181317,0.072372,0.010619,0.162945,0.367608,0.041458,-0.022514,0.008751,-0.165745,-0.190764,0.079511,-0.222281,0.124519,-0.171014,-0.035810,0.081287,0.144371,-0.041758,0.049310,0.009089,0.304773,0.016528,-0.004428,0.001112,-0.077529,0.148634,0.415269,0.015238,0.159849,-0.085847,0.035990,0.170308,-0.008282,0.140438,-0.094743,0.132591,-0.087780,0.110437,0.060631,0.051397,0.149884,0.115207,0.184462,0.093244,0.023332,-0.118906,0.061814,0.201398,0.013721,0.018361,-0.046403,-0.190291,0.165765,-0.165664,0.347280,0.114042,0.095461,0.373680,-0.064767,0.398467,-0.117418,-0.044581,-0.121813,0.303621,0.127980,0.250709,0.118786,0.160898,0.003967,0.095184,0.203815,0.173366,0.028486,0.092618,-0.131379,-0.036273,0.040368,0.073463,-0.029957,0.027800,-0.096158,0.225152,0.093489,0.039715,0.000461,-0.137265,0.058271,-0.199146,-0.053452,0.086434,0.257645,0.180609,0.022255,0.248677,0.193409,0.007259,0.174121,0.066619,-0.158527,-0.108059,-0.029809,0.052966,-0.089614,0.114642,-0.034001,0.115472,0.045523,0.171139,0.050914,-0.055554,0.130216,0.288039,-0.068041,0.178155,-0.086549,0.204424,-0.015261,0.205938,0.091654,0.060861,-0.050156,0.009674,0.003705,-0.075985,0.006212,-0.207800,-0.258791,0.011434,-0.029295,-0.077121,-0.098654,0.075055,0.237905,0.141009,0.001739,-0.011003,-0.129521,0.046014,-0.189457,0.260932,0.142790,0.071453,-0.105461,-0.089586,0.045479,-0.123858,0.033697,-0.334115,-0.152340,-0.039921,-0.112964,-0.017020,0.092506,-0.056347,-0.122929,0.144088,0.238477,-0.062179,0.128537,-0.078538,0.089984,0.054831,0.283113,0.089459,-0.222545,-0.107955,0.179681,0.204523,0.412306,0.304947,0.023117,-0.209908,-0.048534,0.190136,0.103761,-0.171880,-0.002582,0.207815,-0.369761,0.267413,0.046177,0.261530,0.103109,-0.126447,0.184161,0.030520,#
3,0.208958,0.151141,-0.149021,1.000000,0.108746,0.078019,-0.397265,-0.047791,0.000140,0.012595,-0.276901,-0.064690,-0.098819,0.214282,-0.012521,-0.243584,0.322645,0.030955,0.022892,0.037204,0.274665,-0.103023,0.089535,-0.229618,0.060906,0.267574,0.058295,0.163373,-0.099258,0.200127,0.027912,0.056874,0.038642,-0.093330,-0.040314,-0.124174,-0.008675,0.203055,-0.126187,0.153478,0.004480,-0.078227,0.063683,-0.029483,0.027978,-0.012065,-0.134940,0.067304,-0.176220,-0.095675,0.067509,0.271604,0.130424,-0.012656,0.150463,0.051872,-0.037435,0.002877,-0.066134,0.172775,0.095685,-0.058158,-0.205552,0.105799,0.027671,0.156234,-0.110416,0.171041,-0.009065,-0.032905,-0.196976,-0.321385,0.145420,-0.082185,-0.210094,0.197187,0.042585,-0.100398,0.133122,0.166509,0.172559,0.110746,0.045404,-0.053107,-0.016144,0.208595,-0.042015,0.105277,-0.011584,0.083504,-0.194341,-0.022151,0.028074,-0.188185,0.092676,-0.127307,-0.110222,0.095596,-0.016076,0.297041,0.014089,-0.022039,-0.064553,-0.149693,-0.108114,-0.237468,0.002300,0.039399,-0.075732,-0.136966,0.083136,0.084531,-0.083878,0.047951,-0.054359,0.196374,0.224112,0.040064,0.038778,-0.024186,0.012486,-0.334362,0.065806,0.059449,0.063171,0.178405,0.117986,0.110091,-0.062741,-0.167183,0.076136,-0.160196,0.187524,-0.152510,-0.095856,-0.035582,-0.146343,-0.054962,0.190585,0.159453,-0.136212,0.034306,-0.283591,-0.117964,-0.215181,0.012572,0.190900,-0.024237,-0.003509,-0.172710,0.003117,-0.165762,-0.144716,0.184001,-0.057878,0.084982,-0.101620,-0.178817,-0.074717,0.100239,0.217686,0.255983,0.036902,0.255206,0.118504,-0.064529,-0.098082,-0.145720,-0.065624,0.128068,-0.055701,-0.166787,0.030356,-0.048822,-0.044457,-0.192394,-0.106605,0.014378,0.027207,0.158472,0.064619,0.078159,-0.119720,0.214153,-0.006033,0.250524,-0.226344,-0.203679,-0.108531,-0.092682,-0.117787,0.101145,0.137727,-0.074767,0.075624,0.049643,0.136532,0.019202,-0.012771,0.150180,#
4,0.172357,-0.103932,-0.320286,0.108746,1.000000,0.159986,-0.108728,-0.050090,-0.025971,0.077770,-0.158586,-0.022411,-0.062880,-0.114903,0.134421,-0.201524,0.006918,-0.017556,-0.221882,0.001466,0.151226,0.102954,0.326748,0.152405,-0.054392,0.041046,-0.227902,0.163183,0.046974,0.253108,0.055601,0.049367,-0.102877,-0.119165,0.145146,0.118019,0.098422,-0.064867,0.126040,0.253473,-0.153533,-0.139468,0.106141,-0.107834,0.267745,-0.121419,0.187217,0.039069,-0.088014,-0.003828,0.274132,-0.051596,-0.080284,-0.101126,0.000830,0.008976,-0.030563,0.131673,0.191165,-0.112165,-0.139575,-0.184101,0.281304,0.067574,0.245255,0.339544,-0.153510,0.096564,0.073970,-0.149674,0.022156,-0.176153,-0.142827,0.121253,0.048077,-0.013175,0.078570,-0.032269,0.074178,0.019403,-0.097602,0.094471,0.112428,-0.128502,0.031584,0.025813,0.047927,0.307918,0.066099,0.204898,0.069403,-0.247602,0.132595,0.037751,0.139316,-0.042027,0.015838,-0.046793,0.000147,-0.135320,-0.235241,0.287387,0.112404,0.060747,-0.226960,-0.139575,0.015050,-0.070430,0.098452,0.188738,-0.192130,0.026943,0.188528,0.153064,-0.066647,-0.142014,-0.107854,0.125198,0.076961,-0.037687,-0.178451,-0.062396,-0.141132,-0.116208,0.153960,0.101290,0.081709,-0.074388,0.170589,-0.163078,-0.051774,-0.045320,0.083979,0.043058,0.042699,-0.009944,-0.025129,0.235156,-0.091063,0.095030,-0.069162,0.249116,0.127265,0.141942,-0.004505,-0.101416,-0.075129,-0.155811,0.090467,-0.043328,0.088805,0.051090,-0.053836,-0.228854,0.117012,-0.096245,0.183891,0.262607,0.101589,-0.069469,0.065179,0.230661,-0.057979,0.022215,0.137505,-0.087272,-0.002488,-0.160705,0.064161,-0.153651,-0.135861,0.101025,0.003193,0.146262,-0.234502,-0.099424,0.065743,0.196989,0.094956,0.359347,0.068715,-0.044849,-0.035732,0.185906,0.006383,0.231389,0.090271,0.146459,0.064701,0.242081,0.166930,-0.114299,0.134611,-0.002080,-0.064927,0.051598,-0.110361,-0.018223,0.025971,-0.042080,#
5,0.114445,0.075862,0.048113,0.078019,0.159986,1.000000,0.225887,-0.040497,0.162381,0.052908,0.031149,-0.260117,0.143763,-0.055004,-0.094593,0.011804,0.162655,0.084170,0.216909,0.170182,0.000441,0.014907,0.127943,-0.000597,0.329148,0.199755,0.166551,0.045922,0.216337,0.173618,-0.206871,-0.149946,-0.042200,-0.014535,0.293251,-0.028218,0.017383,0.086047,-0.179990,0.200822,-0.031854,0.036935,0.413124,0.150933,0.015037,0.108022,-0.233731,0.235530,-0.223428,0.174963,0.109342,0.148921,-0.012746,-0.133229,0.191852,0.085760,-0.113952,-0.026240,0.136311,-0.201932,0.095097,-0.069184,0.033741,0.027935,0.071084,0.270887,-0.224954,-0.012883,0.129758,-0.047144,0.306666,0.171028,-0.118463,0.147176,0.053836,0.168167,-0.277079,0.277998,0.074906,0.129971,0.081375,-0.097984,-0.142198,0.025221,0.040064,-0.125167,0.024867,0.029850,0.016767,-0.224467,0.364588,0.059939,-0.220392,0.015661,0.115218,0.036194,0.227920,0.104382,0.042556,0.078593,-0.086840,-0.014050,0.189323,0.081412,-0.052114,-0.050608,0.126272,0.172117,-0.027658,0.017558,-0.012468,-0.152048,0.215798,0.114074,-0.060188,-0.118696,0.285810,0.091635,0.161103,0.156085,0.011803,-0.015281,-0.161189,-0.049586,0.061308,0.247291,0.260462,0.012843,-0.000068,-0.082428,0.107873,-0.067259,-0.033204,-0.080517,0.012797,-0.194637,-0.013634,-0.076946,-0.017173,0.040556,-0.012862,-0.014605,-0.140855,-0.052556,0.037135,0.145997,0.078160,0.284149,0.117342,0.061442,0.014319,-0.012986,0.338020,-0.044076,0.334904,0.082730,0.000281,-0.109462,-0.012867,-0.169766,0.029154,0.190423,0.076954,-0.000228,-0.204157,-0.111975,-0.059115,0.000322,0.176678,0.205721,0.147026,0.205190,0.016982,0.170657,0.000677,0.211400,0.227675,0.032373,0.113431,0.197533,0.115917,-0.151066,-0.152514,0.084771,0.028212,0.094676,0.257362,0.249326,0.083125,0.114675,-0.052407,0.047502,-0.160925,0.159319,-0.013155,0.067436,-0.000165,0.083364,-0.100490,0.325041,#
6,-0.149589,0.306508,0.094460,-0.397265,-0.108728,0.225887,1.000000,-0.003504,-0.058459,0.053685,0.442571,-0.081205,0.199910,-0.104643,-0.300437,0.475359,0.252363,0.165577,0.138870,-0.312696,-0.270570,-0.051842,-0.166451,0.044577,0.068568,-0.170129,0.095259,-0.035207,0.155125,-0.045138,-0.067637,0.064957,-0.015649,0.090718,-0.026556,-0.069315,-0.108764,-0.188419,-0.185698,0.030656,0.129765,0.173980,0.105845,0.241153,-0.166883,-0.002895,0.146962,0.112826,-0.150628,0.196387,-0.210939,-0.228340,-0.144030,-0.125332,0.012384,0.053904,-0.086731,-0.022901,0.005342,-0.060522,-0.061551,0.069484,0.067026,-0.188815,0.099023,-0.070854,-0.097650,-0.084189,0.077801,-0.180988,0.237634,0.111118,-0.197369,0.002953,0.241391,-0.214901,0.065879,0.189599,0.093863,0.069283,-0.109544,0.061441,-0.023646,0.065368,-0.089074,-0.157865,0.027219,-0.060365,-0.002394,-0.005441,0.187145,-0.139518,0.027515,0.147184,-0.008366,0.031574,0.335200,-0.155485,-0.294006,-0.041282,-0.051017,-0.057805,0.082235,0.065571,0.167624,0.064181,0.172005,0.176754,0.307117,-0.013278,-0.006296,-0.002142,0.259297,0.120315,0.223629,0.281041,0.012281,0.028340,-0.157560,0.089248,-0.066188,0.509918,-0.365422,-0.150945,0.005436,-0.051960,0.137142,-0.077459,-0.039179,0.156102,0.029667,0.095867,0.002048,0.042312,0.079044,-0.278807,0.173210,-0.205551,0.052999,0.112993,0.095306,-0.061363,0.220092,0.015496,-0.012305,0.083836,-0.028120,0.205920,0.082335,0.156587,0.116753,0.144578,-0.066862,-0.011550,0.080360,0.074442,-0.117897,0.057117,-0.213705,-0.091540,-0.260157,-0.143313,0.172398,-0.077907,-0.416321,-0.069983,0.226373,0.103595,-0.061191,0.092117,-0.003772,0.229904,-0.142243,-0.000844,0.104507,0.265000,0.105206,0.064097,0.053923,-0.155405,-0.084889,-0.194285,-0.013763,-0.189804,-0.040608,0.055657,0.243453,0.105345,-0.026176,0.037641,0.044142,0.040052,-0.138286,0.254183,0.072904,0.111141,-0.140736,-0.113191,0.042818,0.077189,#
7,0.111470,0.089190,-0.038364,-0.047791,-0.050090,-0.040497,-0.003504,1.000000,0.341182,0.145827,-0.123255,-0.184240,0.129508,0.004217,-0.061676,-0.048537,-0.016592,0.144992,0.139497,0.111578,0.183015,0.078605,0.090572,0.037833,0.035540,0.106097,-0.079656,-0.246409,0.173615,0.106902,-0.051161,0.134809,0.187361,-0.110208,0.002212,0.139137,-0.074333,0.102231,0.322391,0.248109,0.038362,0.015693,-0.083882,-0.131834,0.006811,0.104385,0.048633,0.238817,0.044525,0.210851,-0.138478,0.118410,0.155996,-0.033268,0.092227,-0.088191,-0.108855,-0.092281,0.087171,0.085059,0.128173,0.200155,-0.051420,0.026894,0.191890,0.098784,0.001228,-0.054366,-0.290312,-0.000885,0.159850,-0.003397,0.047906,0.045753,-0.216168,-0.273334,-0.174759,-0.018967,0.231276,0.116260,0.048849,0.115683,-0.017344,-0.003538,0.159726,0.216772,-0.144568,0.087171,-0.329994,0.086537,0.163870,-0.186070,0.170675,0.064204,0.090550,0.250779,0.276110,0.335233,0.152647,0.080823,-0.015181,-0.103852,-0.307106,0.048148,-0.011793,0.192124,-0.259422,0.177096,0.024456,-0.240520,0.195895,0.005940,0.009932,0.046041,0.384956,0.021227,-0.126159,-0.115542,0.033542,0.359260,-0.048879,0.111041,0.291952,-0.029379,0.048248,0.018130,-0.087627,0.063025,0.007638,0.148483,-0.137370,0.162716,0.085962,-0.131894,-0.114279,-0.007040,-0.196957,0.135222,0.211419,0.024966,0.010133,0.074478,-0.166968,-0.160787,0.082727,0.077780,0.037871,0.165620,-0.107884,0.351846,-0.298437,0.225758,-0.129716,0.250343,0.212197,0.360988,-0.030801,-0.020540,0.012808,-0.219320,0.157259,0.018597,-0.030817,-0.141969,-0.135417,0.019933,-0.005764,-0.096573,-0.053907,-0.159269,0.081348,0.168230,0.096971,0.243403,0.311207,-0.130331,-0.068208,0.232438,0.098753,0.045170,0.133666,-0.072408,-0.174094,0.000162,0.159336,0.099331,0.158231,0.167888,-0.039257,-0.018137,0.138047,0.103994,-0.043866,0.000883,-0.006543,0.013585,-0.176871,-0.125741,0.044428,-0.067631,#
8,-0.032230,-0.088593,-0.076697,0.000140,-0.025971,0.162381,-0.058459,0.341182,1.000000,-0.102171,-0.165827,0.202738,0.042236,0.035505,-0.000245,0.011855,-0.052825,-0.068221,-0.056523,0.150782,0.112508,0.058448,-0.068622,0.108434,0.043931,0.089561,0.032165,-0.089917,-0.210570,0.229425,0.077742,-0.052737,0.312283,-0.085498,-0.029478,0.371224,-0.133769,0.027633,0.099556,-0.000491,0.154462,-0.090729,-0.030774,0.320299,0.114058,-0.124061,-0.015760,-0.015361,0.184503,0.278919,-0.213497,0.132266,0.232069,-0.207865,-0.012913,-0.014153,-0.138344,-0.025924,0.043976,-0.084305,0.081287,0.215542,-0.049831,0.122006,-0.123298,0.097442,0.235184,0.038466,-0.042348,-0.091545,0.030039,0.083437,0.230588,-0.100076,-0.104564,0.040557,-0.209687,-0.028185,0.014540,0.266948,-0.064014,0.000000,-0.039276,-0.037075,-0.143176,-0.108786,0.314155,0.043976,-0.132204,-0.190958,0.221970,0.218398,0.047387,0.014594,0.013902,-0.070526,0.173970,0.087129,0.055697,-0.038294,-0.183941,-0.164142,0.100502,0.094929,-0.135074,0.122404,0.122754,0.038553,0.080965,0.016859,0.049531,-0.147725,0.060330,-0.024978,-0.046738,0.000237,0.138929,-0.000210,-0.117301,0.030547,0.115953,0.014312,0.271327,0.032068,-0.043976,0.012425,-0.093241,0.077361,0.144354,0.240322,-0.026257,0.346384,0.016121,-0.141907,-0.248234,0.177338,-0.170575,-0.044707,0.033099,-0.133122,0.024165,-0.072070,-0.123479,-0.331645,0.090114,0.053352,0.139204,0.238660,-0.239344,0.330877,-0.000264,0.116324,0.140964,0.271272,0.077677,0.240926,0.014324,-0.026684,0.063891,-0.315899,0.127289,-0.000501,-0.059944,-0.058292,-0.082801,-0.077835,-0.142673,0.136920,-0.100088,0.000234,-0.039063,0.106141,-0.181114,0.193372,0.093238,-0.047262,-0.028275,-0.173601,0.055051,0.055050,0.244197,0.088734,-0.088926,0.070645,-0.190195,-0.171434,0.211115,0.040129,-0.081526,0.112181,0.203414,0.046161,-0.188271,0.062090,-0.039065,-0.079464,-0.150502,-0.094882,-0.078670,0.278198,#
9,0.062614,0.072753,-0.172489,0.012595,0.077770,0.052908,0.053685,0.145827,-0.102171,1.000000,0.084805,-0.031822,0.112563,-0.117201,-0.021769,-0.025119,0.021817,0.300224,-0.150906,-0.051811,0.000748,-0.008118,0.101707,0.050332,0.034503,0.074367,0.080291,-0.066088,-0.119190,0.127445,-0.019596,-0.088653,-0.055618,-0.176255,-0.012503,-0.037932,0.139109,-0.009799,0.047171,-0.084363,-0.232365,-0.020244,0.023525,0.001292,-0.158794,-0.034906,-0.026067,0.247562,0.304008,0.144845,0.072164,-0.179605,-0.097745,-0.045194,-0.115396,0.130283,0.082515,-0.002518,-0.072243,0.219397,-0.066584,-0.067050,0.062364,-0.078796,-0.013420,0.109751,-0.178321,-0.053505,-0.023008,-0.060021,0.112767,0.013215,-0.017547,0.058643,0.044996,-0.027344,0.033541,0.188826,0.055988,-0.091903,0.031983,0.046627,0.041197,0.057040,0.155918,0.013294,0.129406,-0.144302,0.062869,0.243257,0.016361,-0.280376,0.119658,-0.070633,0.333283,0.054979,-0.146433,0.100909,0.081458,0.091085,0.136126,0.152346,-0.217882,-0.060626,-0.044297,-0.145791,-0.120485,0.335324,-0.107979,-0.084175,0.142775,0.266836,-0.034634,-0.015162,0.146832,0.217200,-0.014625,0.061292,0.375466,0.276934,-0.295440,-0.018896,0.048670,-0.105970,0.191436,0.042482,-0.007723,0.048858,-0.161027,-0.024083,-0.133904,-0.081481,0.177942,-0.112513,0.044954,-0.019606,-0.128147,-0.013483,-0.035576,0.166830,0.069258,0.100930,0.090833,0.103764,0.272686,0.196540,-0.037047,0.076036,0.005697,0.050226,0.093496,0.295639,-0.141599,0.022120,-0.155660,-0.069222,0.104113,0.250713,0.374110,0.093200,-0.108114,-0.065262,0.276026,0.173147,-0.019125,-0.116197,-0.075512,0.039336,0.254111,0.257754,0.104621,0.150656,0.190495,-0.045051,-0.042257,0.256114,0.108669,0.057106,-0.046657,0.177450,-0.051688,0.244656,-0.039909,-0.056761,0.301104,0.161285,0.153764,0.255724,-0.025452,-0.002242,-0.310723,-0.153289,-0.027722,-0.074498,-0.236056,0.282035,-0.114218,0.100462,0.062573,-0.139855,#
10,-0.351220,0.141326,0.162798,-0.276901,-0.158586,0.031149,0.442571,-0.123255,-0.165827,0.084805,1.000000,-0.101355,0.098704,-0.008889,-0.210617,0.161972,0.057089,0.227733,0.119000,-0.231190,-0.122336,-0.020137,-0.179895,0.043429,0.133919,-0.120816,-0.052242,0.074380,0.201085,0.112853,-0.084644,0.027828,0.027912,-0.153633,-0.330341,-0.151003,-0.026568,-0.212899,-0.183671,-0.147765,0.190556,-0.016551,-0.077637,0.033596,-0.142955,0.088273,0.114157,0.139930,-0.026657,0.049888,-0.183914,-0.011882,-0.028584,0.053506,-0.123009,0.053810,0.092467,0.102846,0.144962,0.025780,0.068991,0.064720,0.116867,0.143138,-0.075549,0.044699,0.018983,-0.274619,-0.084111,-0.304142,0.194523,0.205750,-0.207064,0.160900,0.337240,-0.025500,-0.072749,0.139941,0.296596,-0.177257,0.036104,-0.140672,-0.032463,0.007817,0.077698,-0.034753,0.124541,-0.074240,0.101784,0.158862,-0.003458,0.030066,-0.008187,0.010088,0.147206,0.019837,0.072077,-0.086247,-0.127517,-0.067545,0.110282,-0.015575,0.053982,0.043441,-0.042509,0.134233,0.196436,-0.068016,0.061682,0.228142,0.192685,0.051840,0.110212,0.135950,0.166873,0.119062,0.044191,0.026573,-0.065780,0.197467,0.174929,0.406341,-0.277877,-0.176084,-0.009827,-0.122235,0.213634,-0.086532,-0.102759,0.265663,0.060278,0.019403,0.062866,0.230925,0.178639,-0.231733,-0.144460,0.126605,0.211960,0.094358,-0.045249,-0.003875,0.360795,0.268591,0.263123,0.060789,-0.116149,0.094389,0.146604,0.182050,-0.016587,0.029259,0.032235,0.002749,0.017936,0.084377,0.101171,0.005367,0.029272,0.044705,-0.204909,-0.052857,0.027417,0.063490,-0.190366,0.066548,0.280959,0.075283,0.177439,-0.172211,-0.111274,0.143354,0.075558,-0.054288,0.162832,0.257046,0.157921,0.072072,-0.164589,0.066337,-0.202110,-0.107497,0.115390,0.123730,0.193154,0.059580,0.042294,0.184834,0.064918,-0.029273,-0.023254,0.183968,-0.157726,0.273994,0.029628,-0.033242,-0.051835,0.036757,0.017346,0.078012,#
11,-0.178105,-0.124712,-0.198757,-0.064690,-0.022411,-0.260117,-0.081205,-0.184240,0.202738,-0.031822,-0.101355,1.000000,0.062053,0.168762,0.088574,0.006739,-0.248912,-0.107040,-0.119550,-0.133480,-0.010338,0.131619,-0.015401,0.083573,-0.224142,0.028603,-0.068781,0.103680,-0.207375,-0.004788,0.263237,0.095127,0.096868,0.202418,-0.123708,0.095319,-0.066773,0.099809,0.079239,-0.169847,-0.038746,-0.076641,-0.032061,0.097627,0.076870,-0.251274,0.055469,-0.219679,0.254901,-0.067867,-0.321134,-0.118739,0.023490,0.160184,-0.057769,-0.131290,-0.047877,0.099152,0.068017,0.282018,-0.127035,0.111828,-0.038214,0.021304,-0.004620,-0.167758,0.307730,0.253591,-0.197352,0.246854,-0.326542,0.006580,0.190662,-0.201472,0.243432,0.252800,0.092052,0.093218,0.061820,-0.067402,-0.137006,-0.105066,0.168155,0.033578,-0.330563,-0.099096,0.232774,0.153230,0.209052,-0.031295,0.077301,-0.049870,-0.054907,0.157809,-0.072326,-0.101758,-0.045284,-0.091923,-0.000020,0.039378,-0.007940,0.092862,0.087235,-0.270778,-0.009818,0.068520,0.036806,-0.071653,-0.130244,0.046817,-0.085501,0.093211,0.061047,0.152930,0.059103,-0.088728,-0.034239,0.183838,0.048089,-0.026008,0.118347,-0.011254,-0.040966,0.463734,-0.025480,-0.306884,-0.115167,0.057746,0.353179,0.066947,0.088493,0.048251,0.003352,-0.069418,0.009573,0.134593,-0.060640,0.104068,-0.133526,0.161640,0.122849,-0.201336,0.197923,0.064073,-0.044240,-0.067708,-0.194733,-0.111282,-0.245828,-0.408688,0.136226,-0.061973,0.021360,0.187378,-0.223844,-0.002814,0.109485,0.079247,0.049652,0.084225,-0.160772,-0.021762,-0.117946,0.061997,0.096101,0.050741,0.022478,0.322237,-0.159864,-0.095815,0.098299,-0.112978,-0.142134,-0.082341,-0.109132,0.070333,-0.119900,-0.136988,-0.042791,0.047827,-0.201937,0.082516,-0.008506,-0.071733,-0.141047,-0.075745,-0.007396,-0.142357,-0.095960,0.080250,0.161787,0.063092,0.236386,-0.160824,0.138794,0.017912,-0.231585,0.210837,0.025756,0.112411,#
12,0.011563,0.235670,0.087715,-0.098819,-0.062880,0.143763,0.199910,0.129508,0.042236,0.112563,0.098704,0.062053,1.000000,-0.016454,-0.150556,-0.079392,-0.147207,-0.133837,0.054397,-0.112316,0.015843,0.158136,-0.023682,-0.218181,0.256631,-0.248646,0.098154,-0.053333,0.153621,0.011842,0.068193,-0.167851,0.113304,0.107445,0.144982,0.151912,-0.046572,-0.225464,-0.213553,-0.031686,0.142008,-0.097752,0.071939,0.307769,0.020003,-0.025501,0.308282,0.126332,-0.057503,0.330303,-0.037221,-0.149065,0.171331,0.219505,0.167021,-0.052643,-0.160354,-0.092384,0.187189,0.020817,-0.064920,0.328097,0.050776,0.090882,-0.009455,0.104310,0.006632,-0.011363,0.161561,0.096696,0.077118,0.192466,0.080941,0.083139,0.020050,0.124950,-0.097678,0.358921,0.066225,0.271288,0.174898,0.246470,0.037090,-0.221555,0.242469,0.124531,-0.025487,0.061963,0.081227,0.230426,0.299291,-0.167865,0.053614,0.323831,-0.010031,0.090050,0.268560,-0.152585,-0.073787,-0.105251,0.349207,-0.092552,0.108273,0.067870,0.086335,0.015106,0.028564,0.271530,-0.083422,-0.219386,0.257622,0.179700,0.039066,0.133182,0.102831,0.004789,-0.054792,0.160187,0.171926,0.239128,0.043398,0.176827,0.060817,0.278565,0.060616,0.093656,-0.175360,0.053446,0.056340,0.162166,-0.167178,0.045796,0.260363,-0.031995,0.015205,-0.193229,-0.060697,-0.205681,0.272906,-0.071912,0.063313,-0.099217,-0.346603,-0.010336,-0.150543,0.011848,0.174965,0.215152,0.028039,0.287121,0.018100,0.068693,-0.175210,0.132050,0.161928,0.125519,0.260811,0.345927,0.217725,-0.118757,0.066391,-0.032483,0.078430,-0.162624,0.020747,-0.018928,0.208054,0.222412,0.068411,0.090702,0.320242,-0.050393,0.395525,-0.165066,0.215506,0.102931,0.093773,0.147803,-0.451681,-0.021349,-0.124205,-0.025314,0.007912,-0.008428,-0.001679,0.228569,0.135507,0.085580,-0.147739,-0.267720,0.003235,-0.133422,0.069421,-0.064652,0.014155,0.121536,-0.099027,-0.094245,0.079464,0.086057,#
13,-0.055918,0.006535,0.011990,0.214282,-0.114903,-0.055004,-0.104643,0.004217,0.035505,-0.117201,-0.008889,0.168762,-0.016454,1.000000,0.098893,0.002219,-0.110495,0.019673,0.058808,-0.170778,0.044095,-0.035010,0.054139,0.055829,-0.063195,0.186383,0.192724,0.164262,-0.038148,-0.076570,-0.021538,-0.006461,-0.073512,-0.168754,-0.129377,-0.177678,-0.047618,-0.038187,-0.130033,-0.038065,0.260501,0.180108,0.143969,-0.094964,0.126376,0.097557,-0.201058,-0.032827,0.047381,-0.134205,-0.141622,0.045997,0.043027,-0.111527,-0.116920,-0.254343,0.106185,0.132001,0.313631,0.054613,-0.082427,0.317135,-0.148984,-0.284314,-0.045837,0.068441,0.300638,0.293557,-0.152335,-0.007047,-0.207920,-0.067649,0.197082,0.132606,0.038452,0.224429,-0.040362,-0.076039,-0.094197,0.182549,0.046289,0.018350,-0.106235,0.155244,-0.209452,0.044048,-0.066035,0.233534,0.203424,-0.030862,0.053208,0.268762,0.240712,0.004643,-0.122288,0.033700,-0.150496,-0.086286,-0.000158,0.137123,-0.111098,-0.227339,0.014691,-0.121594,-0.022670,0.054174,-0.061505,0.082282,0.029236,-0.264186,-0.126267,0.056511,0.173418,0.038199,0.365465,0.128330,0.117771,0.005142,-0.197365,0.035590,0.127995,0.089222,0.154870,0.205290,-0.086430,-0.023298,-0.093746,0.111176,0.105964,0.281098,-0.143057,-0.249851,-0.220279,0.056631,0.138612,0.116747,0.286645,-0.014326,0.115947,-0.012051,-0.166446,-0.061635,-0.045245,0.240321,-0.130701,0.066742,0.085491,0.106571,0.070614,-0.211081,-0.276650,-0.193399,0.145295,-0.004808,-0.012957,-0.046651,-0.080152,-0.196443,-0.174696,0.070602,-0.028892,0.057708,0.135211,-0.062965,-0.098923,0.042379,0.246891,0.134508,-0.256640,0.159331,-0.119787,-0.117692,-0.183288,0.132300,0.145406,-0.000951,0.116006,-0.120545,-0.041924,0.003144,0.001897,-0.022632,-0.003465,0.263385,-0.152313,0.020996,-0.046002,-0.165017,-0.096208,0.106521,0.153255,-0.047993,0.020402,0.217097,-0.000227,-0.010619,-0.298996,0.338575,-0.131889,0.145870,#
14,0.195197,-0.354045,-0.181317,-0.012521,0.134421,-0.094593,-0.300437,-0.061676,-0.000245,-0.021769,-0.210617,0.088574,-0.150556,0.098893,1.000000,-0.222728,-0.213031,0.225108,-0.289098,0.188608,-0.155815,0.163698,0.070086,0.112095,-0.087004,0.036634,-0.078228,0.236159,0.002528,0.001983,0.312349,0.010530,0.003938,0.036745,-0.092509,-0.104626,0.201811,0.039075,0.076723,-0.246991,-0.080349,0.056972,-0.075653,-0.143784,-0.138730,0.111751,0.099144,-0.114025,-0.073380,-0.195625,-0.093117,0.022631,0.121886,-0.173872,0.022999,0.095615,0.176961,0.063685,0.162846,-0.173806,0.036677,-0.118862,-0.029904,0.009411,-0.141136,-0.085449,0.007678,-0.098837,-0.101104,-0.196426,0.050667,-0.095497,0.139348,-0.138992,0.005173,0.290970,-0.003393,-0.162053,-0.250093,-0.119676,0.007685,-0.034033,0.061075,0.223057,-0.231041,-0.104390,0.108423,0.236023,-0.076080,0.239935,-0.003123,-0.075059,0.135112,0.008544,-0.067148,-0.246784,-0.071341,0.054910,-0.083258,-0.020610,-0.213855,0.027671,-0.112177,0.093185,-0.271383,-0.157468,0.137172,-0.161828,-0.013693,0.053177,-0.239392,0.025334,-0.016699,0.074748,-0.106560,-0.241834,-0.113630,-0.140303,-0.063448,-0.023993,0.100392,-0.379200,0.149473,0.149000,0.102136,-0.106368,-0.212507,0.040875,-0.046131,-0.128441,0.176304,-0.056997,0.070012,-0.011018,-0.060554,-0.176593,0.070088,0.043063,-0.037829,0.095204,0.003198,0.018282,-0.095991,0.399278,0.095277,0.141428,0.037624,-0.067950,0.047884,0.039119,0.253299,-0.316041,0.105957,-0.203874,-0.038525,-0.190484,0.046718,-0.147055,0.102273,0.151557,-0.065320,0.024971,-0.192714,-0.068759,0.197475,0.166866,-0.132717,-0.071011,0.075649,-0.087557,0.085237,-0.174057,-0.205264,-0.102106,-0.296322,-0.090789,-0.255756,0.118517,0.067581,0.030276,0.169731,0.009237,0.019029,-0.097023,-0.102707,0.157037,-0.154135,-0.168234,-0.172868,0.189933,-0.001353,0.098848,-0.051810,-0.248847,-0.255053,-0.114580,-0.060227,-0.015252,-0.256722,-0.178401,#
15,-0.194522,0.136607,0.072372,-0.243584,-0.201524,0.011804,0.475359,-0.048537,0.011855,-0.025119,0.161972,0.006739,-0.079392,0.002219,-0.222728,1.000000,0.319336,0.117087,0.081880,-0.133288,-0.055184,-0.040775,-0.305641,0.291454,-0.005048,0.170476,-0.032619,0.198987,-0.003093,-0.255802,-0.066160,0.153400,0.231546,0.314247,0.001403,-0.055242,-0.134091,-0.100610,-0.155124,0.016558,0.118276,-0.049151,-0.001262,0.067015,-0.133487,0.071754,0.282352,0.205463,0.085173,0.185466,-0.183312,0.067602,0.012650,0.067806,-0.009779,0.060315,0.160292,-0.043250,-0.136733,0.140785,0.160234,0.058376,0.187741,-0.037988,-0.014133,-0.218933,0.072192,0.057929,0.010391,-0.047565,0.116086,0.078744,-0.027115,0.150990,-0.129634,-0.197352,-0.239295,0.172641,0.106616,0.033199,-0.113460,0.065940,-0.030244,0.094481,-0.131489,0.097309,0.095818,-0.058790,-0.092232,-0.247106,0.118140,0.154791,0.013033,0.028660,-0.118844,-0.002555,0.146641,-0.049907,-0.097712,-0.087063,-0.008799,0.236555,-0.020481,0.118828,0.219812,-0.079227,0.257972,0.054962,0.109576,-0.023204,-0.211874,0.107974,0.263979,-0.102142,0.172967,0.220207,-0.069737,-0.090226,-0.081946,-0.068378,-0.203572,0.473379,-0.119619,-0.036358,-0.112735,-0.033827,0.195341,0.181558,-0.042262,0.134649,0.213628,0.233957,-0.152145,0.008611,0.083286,-0.115825,0.076372,-0.124361,-0.028978,0.291744,0.285041,-0.000352,0.159597,0.025154,0.057046,-0.021494,0.089103,0.001630,-0.016765,-0.014066,0.139215,0.290762,0.214009,-0.072605,-0.009617,0.210676,-0.171343,0.012945,0.124444,0.041020,-0.044634,-0.102251,0.151475,0.256425,-0.172454,0.025140,0.078389,0.196632,-0.025796,0.262160,0.036095,0.139813,0.030789,0.301251,0.063252,0.043847,0.023108,-0.009743,0.168628,-0.066232,-0.045411,-0.112102,0.065169,-0.053203,0.106252,-0.018962,0.002211,0.017741,0.270797,0.306643,0.030853,0.106970,-0.115535,0.253278,0.040500,0.350226,-0.068972,-0.048533,0.151544,0.010546,#
16,0.037052,0.236232,0.010619,0.322645,0.006918,0.162655,0.252363,-0.016592,-0.052825,0.021817,0.057089,-0.248912,-0.147207,-0.110495,-0.213031,0.319336,1.000000,0.043941,0.301099,0.106238,0.253473,-0.368053,0.147910,-0.203215,-0.168918,0.144448,-0.141868,0.094640,0.028287,0.049184,0.091754,0.372961,0.219339,0.068741,0.089419,-0.047649,-0.039061,0.057806,-0.049495,0.099311,0.004527,-0.180074,0.025567,-0.103237,0.023997,-0.011756,0.210355,0.048821,-0.248279,-0.016575,0.141455,-0.004010,-0.112981,-0.012944,0.103897,0.327825,0.012900,0.190283,-0.117739,0.051662,-0.020223,-0.121160,0.166360,0.091077,0.106328,0.166325,-0.142527,0.255041,0.142603,-0.091378,0.181822,-0.149093,-0.257709,-0.078936,-0.019064,-0.132585,0.031610,0.146325,0.069234,-0.003081,0.216028,-0.055050,-0.015398,0.060158,-0.085380,0.045161,-0.206294,0.119059,0.038988,-0.135645,-0.386491,-0.161605,0.068686,-0.230511,0.149797,0.038942,-0.047638,0.086542,-0.209547,0.099367,-0.032092,0.143456,0.083018,0.221630,0.085485,-0.296810,0.096090,-0.010610,0.336381,0.086301,-0.106178,0.044815,0.099045,0.084554,0.103432,0.184030,0.107494,-0.196788,-0.109683,0.078965,-0.296677,0.138990,-0.071492,-0.039327,0.166529,0.152738,0.406943,-0.038388,-0.270897,-0.033120,0.197245,0.122310,0.189315,-0.016982,-0.064201,-0.019911,-0.113908,-0.226131,0.240067,0.120876,-0.146992,0.151051,-0.002873,-0.092821,0.052559,0.113849,0.165310,0.048372,0.076649,-0.135757,0.110014,0.039040,-0.274872,0.046905,-0.043394,0.026491,-0.412527,-0.035425,-0.167533,0.097114,0.079075,-0.127769,0.196014,0.182672,0.178972,0.032478,0.003689,0.009848,0.022065,0.266138,-0.172445,0.220955,-0.076088,0.127792,-0.001329,-0.096691,0.147394,0.034800,0.278277,0.130990,0.004599,-0.034863,-0.096318,0.008337,0.165998,0.033753,-0.008984,0.013438,0.057735,0.156516,-0.092280,0.235008,-0.065010,0.045873,0.210141,0.348001,0.063509,-0.060662,0.002311,0.184921,#
17,0.013874,0.206322,0.162945,0.030955,-0.017556,0.084170,0.165577,0.144992,-0.068221,0.300224,0.227733,-0.107040,-0.133837,0.019673,0.225108,0.117087,0.043941,1.000000,0.092131,-0.054837,0.066032,0.039566,-0.075910,0.118301,0.223244,-0.044024,-0.145642,-0.025904,-0.020936,0.036869,0.057254,0.166301,-0.050649,-0.219922,-0.154758,-0.345598,0.011810,0.180759,0.102610,-0.095482,0.333184,-0.019438,-0.004500,-0.077677,-0.115058,0.169368,0.158251,0.117419,-0.019372,0.001117,-0.162881,0.084520,0.222552,-0.168236,0.068396,0.168520,0.029820,-0.031976,0.083504,0.126657,0.208215,-0.070468,0.136159,-0.067484,-0.196592,-0.142676,0.247328,-0.243604,-0.051939,-0.198073,0.261595,0.076534,0.030824,0.152188,-0.035348,-0.080593,-0.148828,0.189751,0.190959,-0.034949,0.003209,0.269138,0.038430,0.270292,-0.205421,-0.002149,0.237936,-0.160949,-0.113988,0.267170,0.031499,0.015829,0.210774,-0.061464,0.118835,0.098781,0.082229,0.000872,0.158796,0.331566,-0.341640,-0.059667,-0.155541,-0.203964,-0.062379,-0.037401,0.049129,0.105693,0.022330,0.061438,0.119177,0.045708,0.027014,0.128997,0.232666,0.077387,-0.149333,0.016146,-0.030877,0.140309,0.033197,-0.124900,-0.222001,-0.021466,0.183568,0.058491,0.122066,0.227292,-0.107099,0.051397,-0.000028,0.184349,0.101641,0.000789,0.026326,-0.028620,0.017585,0.039059,-0.055504,0.316492,-0.071024,0.033109,0.093790,0.173097,0.261457,0.033577,-0.026394,0.131177,-0.127736,0.116883,0.242433,-0.027024,-0.060936,0.108700,0.022693,0.061935,-0.043523,-0.311729,0.040103,0.004432,-0.121156,0.006441,0.023097,0.018941,-0.230020,-0.073645,0.020045,0.009220,0.047873,-0.072600,0.203589,0.064969,-0.020463,-0.159001,-0.070711,0.156911,-0.054526,0.104772,0.170295,0.068183,-0.099272,-0.111252,-0.119335,-0.095263,0.069459,0.016346,0.120630,0.181398,0.089109,-0.097682,-0.301140,0.126582,-0.137312,-0.103736,-0.339550,0.230218,-0.024880,-0.143679,-0.072584,-0.003784,#
18,-0.021993,0.335057,0.367608,0.022892,-0.221882,0.216909,0.138870,0.139497,-0.056523,-0.150906,0.119000,-0.119550,0.054397,0.058808,-0.289098,0.081880,0.301099,0.092131,1.000000,0.140358,0.259778,0.014870,0.052014,0.016139,0.003174,-0.052043,0.000161,-0.104581,0.000401,0.005498,-0.035589,0.263892,0.103416,0.046658,0.137522,0.089032,-0.062331,0.257402,0.005409,-0.043317,0.359505,-0.185727,0.223304,-0.227789,0.018970,0.121114,0.066165,0.074963,-0.048134,-0.057319,0.110662,0.017442,0.214089,0.162441,0.138720,0.134547,-0.065772,0.005296,0.184454,0.113017,0.136580,0.164589,-0.063095,0.061264,0.106616,0.023140,0.265574,0.011475,0.092078,0.272678,0.173630,0.091197,-0.172407,0.281102,-0.064381,-0.198136,-0.174172,0.263333,0.155263,-0.129918,0.148179,-0.058504,0.027189,0.001084,0.217905,0.402203,-0.375566,-0.004910,0.184423,-0.023525,-0.054176,0.024125,-0.055237,-0.047014,0.183178,0.048876,0.050552,0.086299,0.223168,0.131514,0.014399,-0.099610,-0.026143,0.106108,0.271362,0.158098,-0.237931,0.177705,0.106863,0.049480,0.091446,0.035310,0.016796,-0.051566,0.033386,-0.042775,0.088623,-0.221800,0.105213,0.208447,0.144335,0.001123,-0.092175,0.086454,0.109134,-0.003874,0.245464,0.185652,-0.003875,0.072372,-0.042138,-0.048910,0.131717,-0.007465,-0.171178,-0.010942,0.132337,0.052312,0.170755,-0.079928,-0.142992,0.281159,-0.214337,-0.223195,0.221817,0.117121,0.189380,0.081987,0.075960,-0.165951,-0.055159,-0.000584,-0.094779,0.153334,0.159516,0.335536,0.145712,-0.277189,-0.150848,-0.146278,0.152426,-0.029013,0.010808,-0.025755,0.006303,-0.130608,0.061520,0.101840,-0.071417,0.195134,0.182770,0.172023,-0.154681,0.122744,0.244639,-0.002296,0.070889,0.026594,0.126326,-0.034792,0.066025,-0.086360,-0.042539,0.103074,0.070863,-0.172493,-0.060236,0.100265,-0.115641,-0.005653,-0.045261,0.311498,-0.086791,0.170851,0.322503,0.250443,0.009243,0.130855,0.085539,0.190475,#
19,0.121119,-0.203658,0.041458,0.037204,0.001466,0.170182,-0.312696,0.111578,0.150782,-0.051811,-0.231190,-0.133480,-0.112316,-0.170778,0.188608,-0.133288,0.106238,-0.054837,0.140358,1.000000,-0.033385,-0.142133,-0.058275,-0.012593,0.013208,-0.065953,0.047467,0.046381,-0.162123,0.126190,-0.163527,0.149498,0.205325,-0.022106,0.134543,0.174839,0.216554,0.115874,0.244939,0.067559,0.046615,-0.100098,-0.101389,0.053825,-0.173153,-0.025926,-0.058345,-0.097957,0.143446,0.103423,0.246815,0.080727,0.274154,0.060303,0.024149,0.128675,-0.033934,-0.167485,-0.015889,-0.107551,-0.112095,0.033159,-0.016369,0.113849,0.084325,-0.049801,0.138434,-0.032530,0.116217,0.157830,0.073985,-0.072627,-0.041653,0.016492,-0.183234,-0.052050,-0.150746,-0.024820,-0.159728,-0.232088,0.275304,-0.124814,-0.193364,0.051744,0.133152,0.103042,-0.235504,0.001403,0.107267,0.017887,0.183546,-0.068941,-0.169992,-0.145123,0.021829,-0.133177,-0.253728,0.196806,0.031712,0.197254,-0.235149,-0.097086,0.093189,-0.164051,-0.149622,-0.186996,-0.249253,-0.054042,-0.083508,-0.077759,-0.101220,-0.173937,0.070762,-0.245549,-0.234744,-0.357757,0.007197,-0.125495,0.243505,-0.029312,-0.146347,-0.231397,0.294116,0.038078,-0.079568,0.001017,-0.033220,0.075936,-0.138659,-0.151489,0.179614,0.147293,0.064985,-0.074654,-0.373143,-0.104269,-0.199812,0.118806,-0.133252,-0.165367,0.030893,0.000576,-0.288787,-0.298863,0.099090,-0.043834,0.028885,0.081173,0.044193,-0.085251,-0.023065,-0.237109,-0.089547,0.008891,0.114000,-0.049821,0.146958,-0.217066,-0.000246,-0.191235,0.179839,0.035789,-0.204319,0.100539,0.446743,0.394489,-0.072895,-0.055805,-0.065451,-0.080460,0.069227,0.245259,0.014832,0.165865,-0.038917,-0.329635,-0.029162,-0.046687,0.044788,-0.016581,-0.011228,0.038331,-0.033198,-0.169713,0.083113,-0.102978,-0.066167,0.123220,0.023772,0.211038,-0.050849,0.041133,-0.255971,-0.197026,-0.119907,-0.050780,0.076220,0.001439,0.026622,-0.041734,#
20,0.150828,0.308132,-0.022514,0.274665,0.151226,0.000441,-0.270570,0.183015,0.112508,0.000748,-0.122336,-0.010338,0.015843,0.044095,-0.155815,-0.055184,0.253473,0.066032,0.259778,-0.033385,1.000000,-0.045561,-0.011436,0.119958,-0.058892,0.165104,-0.270084,-0.115449,0.098689,0.036459,0.186188,0.158725,0.264720,-0.207369,0.019292,0.130485,-0.174634,0.026296,0.024149,0.078186,0.005570,-0.042238,0.020940,-0.178733,0.222525,-0.107692,0.166876,0.099700,-0.134042,-0.054585,0.310322,0.199202,0.070366,-0.084390,0.169905,-0.023920,-0.234643,-0.021843,0.164380,0.176394,0.116988,-0.030937,0.155659,0.030914,-0.070774,0.417723,0.022823,0.181117,-0.078793,-0.091262,0.106409,0.040405,0.294573,0.160507,-0.192728,-0.068743,0.156014,0.099593,-0.022202,-0.016878,0.106673,-0.007448,0.085165,-0.148353,0.181286,0.388748,0.000394,0.179756,-0.083457,-0.097034,-0.186798,0.018117,0.031524,-0.027287,0.219183,0.012074,-0.008374,-0.105727,0.178601,-0.129528,0.189784,0.018236,0.190908,0.111496,0.156816,0.101889,0.064297,-0.045052,0.121443,0.117869,0.227135,0.025395,-0.058400,0.090445,-0.025208,0.010281,0.216561,-0.106565,0.087353,-0.037555,-0.215802,-0.025479,0.068829,0.134093,0.225027,0.175066,0.088523,0.163773,-0.055932,0.098053,0.133263,-0.004649,0.249012,-0.038945,0.116506,0.206143,-0.066341,0.057496,0.098293,-0.101746,-0.101536,0.328634,-0.140476,-0.116022,-0.006421,-0.090347,0.081402,-0.036337,-0.113789,-0.065255,0.021273,-0.075720,-0.168141,0.167214,0.101295,0.278999,-0.048213,0.265841,-0.164348,0.090874,0.331023,0.026519,0.166936,0.007365,0.042119,0.045688,0.105618,0.008190,0.068032,0.048595,0.199604,-0.165216,0.065776,-0.051139,-0.036548,-0.197630,-0.069454,0.069473,0.045659,0.353213,0.120958,0.279182,-0.071545,0.114466,0.198611,0.180083,-0.044266,-0.108019,0.165026,0.000088,0.067461,0.193143,0.214767,0.042659,0.119476,0.237272,0.122372,0.034424,-0.151273,0.072481,#
