0,1.000000,-0.228120,0.284764,0.101587,0.115415,-0.049787,-0.045668,-0.011953,0.066906,0.083055,0.174704,-0.095844,0.069274,0.142917,0.212903,0.140441,0.007351,0.102810,0.187402,0.175968,0.108865,0.287642,0.122401,0.174111,0.221531,0.035791,0.170708,0.082535,0.365621,0.303611,0.027727,0.124201,0.120142,0.146575,-0.103955,-0.030334,0.089551,0.029789,0.236136,0.313961,0.119120,0.047802,0.119101,0.117056,-0.076027,0.075480,-0.012440,0.159178,0.322762,0.281618,0.216874,-0.147518,0.143323,0.238102,0.211715,0.337989,0.006815,0.095007,-0.151418,-0.008740,0.176407,-0.103741,0.272699,-0.108482,-0.021622,0.117366,0.005803,0.050897,0.092483,0.063328,0.154993,0.015261,0.186276,0.127283,0.000969,-0.073158,0.204982,0.049095,-0.046737,0.054409,0.121642,-0.014003,-0.020690,0.241508,0.391922,0.007224,0.063940,0.361349,0.148347,-0.036764,-0.066482,0.008757,0.092504,0.237643,0.304701,0.147507,0.304333,0.079785,0.054018,0.152511,0.256727,0.220858,0.091919,0.165449,0.133015,0.168403,0.224187,-0.030825,0.100762,-0.066072,-0.096449,-0.018213,-0.077755,0.237336,-0.069222,-0.181465,0.091636,0.169662,0.136432,-0.017089,0.271123,0.304392,0.121539,0.152762,-0.055058,0.177528,0.101509,-0.073251,0.217386,0.118942,0.289178,0.092680,0.169513,0.275482,0.071629,-0.184910,0.277269,0.024489,0.145745,0.215937,0.169960,0.085170,0.048742,-0.129826,0.000233,0.119465,0.176249,0.271388,0.208483,0.046216,0.010648,0.064767,0.414775,0.010414,0.111370,0.141416,-0.052100,0.016013,0.148119,0.315634,0.075829,0.204855,-0.046378,0.026984,0.200338,-0.039547,0.130785,0.194410,0.051723,0.075891,0.285034,-0.018988,0.090069,0.233897,0.047778,0.108841,0.385886,0.068814,0.000569,0.016721,-0.031507,0.261936,-0.057059,0.016756,0.161855,0.019173,0.301766,0.261243,0.181930,0.072018,0.066565,0.023774,0.174020,0.194380,0.298454,-0.050215,-0.041433,0.136264,0.390813,0.164543,#
1,-0.228120,1.000000,0.079364,0.194009,0.136493,-0.010153,0.037552,-0.040009,0.204623,-0.169667,0.338121,0.160779,-0.009713,0.038400,-0.162856,-0.193002,0.119163,0.154522,-0.119983,0.212916,-0.110408,0.163295,0.017343,0.014294,-0.010365,0.284117,0.170448,0.290961,-0.026711,0.066018,0.076713,0.183191,-0.007741,-0.018296,-0.038483,0.160391,0.031841,0.032593,0.269195,-0.032925,-0.208931,0.106334,0.174520,0.069137,-0.111391,0.172030,0.288670,0.282198,0.004621,-0.019513,0.207173,0.130695,0.132740,0.016651,-0.136952,0.128590,0.050986,-0.183556,-0.097998,0.194255,-0.115102,0.038484,0.031051,0.094408,0.046712,0.047252,-0.348659,0.059721,0.091999,0.298289,0.019402,0.051472,0.263544,-0.091255,0.205271,0.202549,0.048691,0.010363,0.197852,-0.020551,0.194710,-0.010044,0.238236,0.021108,-0.026605,-0.353793,0.139064,-0.022152,0.197335,0.037648,0.042176,0.134980,-0.043909,0.055142,-0.104869,-0.041679,-0.051654,-0.115494,0.044851,-0.017138,0.129860,-0.044644,-0.003588,0.041647,0.026162,0.015051,0.056350,0.262476,-0.226533,0.119409,0.263939,0.096537,-0.085641,0.229229,0.241360,0.151779,-0.022470,0.103856,-0.177260,0.105432,-0.010331,0.066664,0.171049,0.112861,0.087182,0.221533,0.083643,0.152353,-0.106212,0.113489,0.055350,0.075889,0.080978,0.301805,0.236881,0.306162,-0.136487,0.187708,0.284488,0.109920,-0.137807,-0.176677,0.255611,0.096885,0.135538,0.137470,0.152487,-0.063289,0.001101,0.000250,-0.090925,0.127555,0.054858,-0.066527,0.336039,0.090460,-0.040875,-0.176165,-0.018850,-0.155107,0.054217,0.236469,0.247899,0.157149,0.014708,0.065135,-0.075991,-0.131218,0.089368,0.322773,0.081542,0.276432,-0.062478,0.063289,-0.027976,-0.178272,-0.033834,0.142185,0.072494,-0.046499,0.004174,0.112742,0.048926,-0.301780,0.002635,0.181974,-0.094814,-0.070610,0.062358,0.068988,0.316752,-0.185344,-0.078417,0.101985,0.185019,0.096366,-0.032060,-0.036522,0.049863,0.077357,#
2,0.284764,0.079364,1.000000,0.229362,0.068142,-0.080466,0.211139,0.125837,-0.063726,-0.090669,-0.026898,0.194016,0.039308,0.293263,0.064699,0.215987,0.165778,-0.023285,0.084213,0.092413,0.314542,0.295208,-0.029511,0.084001,0.319904,0.231191,0.283365,0.155079,0.157869,0.337004,-0.091921,-0.198753,0.024797,0.030442,-0.195418,0.074871,0.008946,-0.144789,0.013457,0.102661,0.097641,0.182163,0.427397,0.023458,-0.096871,0.074547,0.066165,0.157391,0.102067,0.178155,0.403060,0.082610,0.143158,-0.033706,-0.095058,0.066659,0.008213,0.032240,0.024675,0.199800,0.110700,-0.059187,0.052896,0.231807,0.155812,0.166598,0.015958,0.062256,0.211851,0.395408,-0.096608,0.146258,0.093661,0.102552,0.173505,0.059210,0.221678,0.204566,0.068955,-0.099103,0.187990,-0.116766,-0.033877,0.113895,-0.101766,-0.027914,0.155276,0.232891,0.169031,-0.013237,-0.022031,0.189209,0.240135,0.168088,0.042796,-0.009435,0.368408,-0.015463,0.286955,0.070544,0.226624,0.003004,0.045363,0.208464,-0.042079,0.063244,0.054328,0.075036,0.193527,0.199005,0.066267,-0.020811,0.210956,0.016202,0.088359,0.144887,0.220027,0.212960,-0.252148,-0.031959,0.236164,0.075121,0.001544,0.085760,0.099422,-0.001785,0.189700,0.041469,0.001665,0.193205,0.122198,0.228667,0.154509,0.025712,0.237327,0.225912,0.162368,-0.074374,0.070191,0.015179,-0.090076,-0.052047,0.295301,0.121550,0.304883,0.187152,0.057690,0.070080,0.277528,-0.068207,0.016402,0.171551,0.082599,0.060470,-0.016737,-0.021519,-0.090460,-0.046802,0.031678,0.177623,0.100949,0.492576,0.040336,0.140967,0.130067,0.013728,0.118995,0.136983,-0.210047,0.122406,-0.034632,0.290449,0.047918,-0.137518,0.130382,0.005326,0.317544,0.088652,0.021342,0.088335,0.150656,0.095796,-0.122665,0.335708,-0.020036,0.081888,0.196840,0.056816,0.150569,-0.185415,-0.205765,0.206853,0.381030,-0.027274,0.113183,-0.011351,-0.067473,0.205688,0.263129,0.114269,#
3,0.101587,0.194009,0.229362,1.000000,0.259191,0.025813,0.307913,-0.088969,0.136291,-0.111815,0.216560,0.142706,0.194953,0.054293,0.006577,-0.022389,0.137003,0.016342,0.200617,0.263310,0.200672,0.098782,0.026078,0.304053,0.184364,0.252857,0.229583,0.199074,0.171786,0.240396,0.121321,0.312679,0.341183,0.036405,-0.053955,0.136481,0.417925,-0.020416,0.264019,0.016622,0.167066,0.276484,0.199038,0.413743,-0.131389,0.218875,0.363327,0.250641,-0.031046,0.184011,0.161834,0.065145,0.206832,-0.020600,-0.108269,0.236004,0.112820,0.158105,-0.084419,0.173839,0.074647,-0.094471,0.150374,0.062443,0.204843,0.139569,0.017864,0.128530,0.059357,0.213936,0.166070,-0.024048,0.200015,0.064107,0.180819,0.313213,0.150839,0.097179,0.301514,0.047968,0.453207,0.209217,-0.110575,0.152157,0.247056,0.092670,0.082225,0.017728,0.148492,0.062356,0.148068,0.224637,0.222727,0.122318,0.018350,0.042586,0.403848,-0.121943,0.285968,0.379221,0.372255,0.044125,0.154963,0.232688,0.374958,0.106728,0.019001,0.164068,0.041444,0.220320,0.116826,0.046710,0.151213,0.090282,0.027702,-0.072452,0.289741,0.058270,0.011846,0.105989,0.308781,-0.017204,0.165182,0.300497,0.023290,0.046524,0.250965,0.158111,-0.133223,0.379284,0.236003,0.212827,0.195689,0.136300,0.251043,-0.044225,-0.114598,0.023726,0.433986,0.175812,0.215774,0.164531,0.159732,0.296815,-0.001971,0.052250,0.251574,0.215831,0.243778,-0.050949,-0.229509,0.129319,-0.046996,-0.021764,0.158207,0.108383,0.048682,-0.029847,0.068268,0.251659,0.156458,0.339227,0.187537,0.329730,0.167889,-0.030414,0.081151,-0.011603,-0.026478,-0.001893,0.294355,0.063266,0.048749,-0.100085,-0.125599,0.092010,0.097857,0.296234,0.232070,0.037588,0.137787,0.293637,0.299958,-0.022666,0.134748,0.039719,0.170524,0.209591,-0.156636,0.122600,0.016064,0.211184,0.360559,0.041304,0.185476,0.175069,0.232192,0.314861,0.300496,0.190252,#
4,0.115415,0.136493,0.068142,0.259191,1.000000,0.126860,-0.014901,0.008497,0.390720,-0.213445,-0.138996,-0.105034,0.243186,-0.076996,-0.020336,0.000303,0.021144,-0.035132,0.252539,0.184312,0.253293,0.174726,0.076001,0.152838,0.267930,0.377386,-0.014888,0.123984,0.018059,-0.084292,-0.065723,0.051720,0.155927,-0.214256,-0.105201,0.135378,0.339627,-0.056721,-0.045846,-0.011638,-0.028029,0.288454,0.144641,0.064831,0.358874,-0.101988,0.289319,0.183609,0.102465,0.041753,0.055010,-0.006279,0.156028,0.111750,0.137944,0.197067,0.061540,0.005044,0.091679,-0.056147,0.205837,-0.012862,0.009186,-0.178210,0.161807,-0.071277,0.002913,0.010094,-0.109763,0.069851,0.152668,-0.014244,0.128261,0.179155,-0.127199,-0.147931,0.005645,0.086261,0.087059,-0.050823,0.266884,0.092888,-0.104260,-0.058419,0.221190,0.097255,0.031081,0.131006,0.219488,0.308704,0.166638,0.107970,-0.105335,-0.079307,-0.085858,0.146666,0.129699,0.057347,0.209572,0.046619,0.034173,-0.157060,0.129680,0.061181,0.125739,-0.058022,-0.065533,0.150828,-0.278070,0.108759,0.468461,-0.016125,0.081815,0.271443,0.048377,-0.219745,0.039908,-0.280252,-0.015388,0.017981,0.198214,-0.052671,0.206708,-0.193974,0.165658,-0.107423,0.166669,0.001584,-0.025594,-0.103606,0.024322,-0.059930,0.023494,0.133526,0.191198,-0.091528,0.090528,-0.059468,0.110586,0.232496,0.210479,-0.249176,0.045893,-0.090910,-0.024770,-0.019265,0.097711,0.163293,0.215420,-0.181948,-0.024853,-0.091261,-0.022129,-0.062661,-0.080067,-0.038967,0.285716,0.115301,-0.100359,0.265364,-0.082397,0.104412,-0.211129,0.129830,-0.118340,0.134382,-0.211681,0.052903,-0.224240,0.053417,-0.114496,-0.060112,0.148823,0.205241,0.036945,-0.102023,0.178185,0.121319,0.268815,-0.034985,-0.200599,-0.036592,0.010819,-0.028406,0.018620,-0.126506,0.015728,0.319309,0.017351,0.063737,0.116404,-0.074058,0.223578,-0.058686,0.041235,0.237290,-0.010088,0.274755,0.048440,0.119776,#
5,-0.049787,-0.010153,-0.080466,0.025813,0.126860,1.000000,0.105205,-0.001816,0.185428,0.021660,0.123702,-0.056562,0.165607,0.137699,0.268889,-0.092291,-0.011245,-0.126123,-0.048224,-0.132653,-0.019477,-0.022060,-0.045843,0.113654,0.144121,0.006621,0.012047,0.065932,0.100826,0.120027,-0.048782,0.220896,0.235087,0.084435,0.008898,-0.054990,0.203921,0.133776,0.039842,-0.019188,-0.111000,0.059916,-0.046397,0.194404,-0.168994,0.042034,0.059550,-0.090820,0.054418,0.207028,-0.016030,-0.036644,0.022427,-0.044893,-0.066363,0.130992,-0.193708,-0.188034,-0.014319,-0.022711,-0.024764,0.130997,-0.062020,-0.222816,-0.133318,0.023875,0.182303,-0.088676,-0.035323,0.068105,0.049433,0.076034,0.048624,0.188844,-0.076454,-0.173242,0.185245,-0.088308,-0.013722,0.003245,-0.002510,0.010803,0.068438,-0.076842,0.054516,0.107697,-0.155226,-0.139484,0.018341,0.104617,0.041932,0.092369,-0.062661,0.027885,0.013622,-0.009025,-0.080043,-0.183963,0.193285,-0.196048,0.096364,0.031150,-0.122211,-0.016672,-0.040375,-0.044477,-0.135503,0.186055,-0.109074,-0.049955,0.130606,-0.177632,0.101822,0.042052,0.074057,-0.222882,0.069436,-0.135985,0.041428,-0.121990,0.175128,0.044129,-0.076975,0.017290,-0.088373,-0.116755,-0.280718,-0.072473,0.077321,0.058075,0.172438,-0.043200,-0.028831,0.015705,0.180008,0.145240,-0.046815,-0.159796,-0.012747,0.013273,0.255238,0.019437,0.123044,0.222597,0.013072,0.035215,0.081333,-0.172019,-0.234516,0.083794,0.091898,-0.274458,-0.096975,0.139674,-0.044245,0.010993,0.078083,-0.040407,0.243538,-0.269481,-0.162736,-0.029983,-0.004449,-0.019992,-0.134421,-0.008921,-0.017124,-0.012373,0.166488,0.264283,0.038219,0.051405,-0.093213,0.072210,-0.085956,-0.013512,0.150483,0.068416,0.314293,-0.281272,0.031569,-0.189745,0.162245,-0.025704,0.013559,0.194477,0.311941,-0.054906,-0.350948,-0.040983,-0.189847,-0.037112,0.129064,0.115647,0.104787,-0.195650,-0.151070,0.291481,-0.169166,0.128190,#
6,-0.045668,0.037552,0.211139,0.307913,-0.014901,0.105205,1.000000,0.121647,0.073435,-0.000152,0.091370,0.073991,-0.077609,0.255753,0.039574,0.005858,0.139724,-0.009878,0.156742,0.098387,0.267075,-0.034690,-0.073092,-0.054408,0.017051,0.264787,0.153238,0.223422,0.161188,0.297853,0.002803,0.159045,0.088812,0.239804,-0.241065,-0.006705,0.149978,0.100848,-0.009028,0.209186,-0.035906,0.181287,-0.131793,0.056987,-0.238002,0.259821,0.108704,0.160368,0.084073,0.040915,0.130844,0.136303,0.269935,0.171953,-0.066873,0.147173,-0.022986,0.029723,0.176390,0.257523,-0.132012,-0.113311,0.065762,0.245967,0.103461,0.143436,0.110403,0.180695,0.225087,0.108745,-0.067678,0.096377,0.088996,-0.083180,0.204124,0.144312,0.118260,0.342557,0.308725,0.016506,0.098208,0.066703,0.232251,0.095439,0.217987,-0.009311,-0.017336,0.214633,-0.016168,0.008159,0.173416,0.229391,-0.007496,0.084620,-0.000605,0.129018,0.022185,-0.066877,0.214972,0.214516,0.249277,0.020553,-0.174642,-0.197780,-0.075799,0.318001,-0.188581,0.044431,0.176875,0.167327,0.027189,0.045066,0.205948,-0.128376,0.052862,0.130599,0.171007,0.018819,0.042066,0.133775,0.118807,0.166505,-0.136396,0.134643,0.034329,-0.049206,0.036005,0.282225,0.003287,0.168750,0.195755,-0.118608,0.049287,-0.065225,0.366260,0.138490,-0.008964,0.274561,0.248759,0.136449,-0.087721,-0.068392,-0.013938,0.219416,-0.067629,0.132539,0.306074,0.020620,0.143710,-0.295996,-0.058933,0.079366,0.049301,-0.044584,0.211681,0.005870,0.037254,0.024782,0.171535,0.013537,0.121505,0.283144,0.274586,0.259316,0.181279,0.031980,-0.089473,0.091869,0.200510,0.115926,0.036926,0.092459,0.156440,0.008308,-0.065750,0.149597,0.020557,0.201091,0.416122,-0.178560,-0.124152,-0.054909,0.219919,0.330704,0.293765,0.122785,0.277390,0.051525,-0.169254,0.168203,-0.253777,-0.054268,0.169969,0.155315,0.012824,-0.085308,0.130963,0.257903,0.064583,0.278102,#
7,-0.011953,-0.040009,0.125837,-0.088969,0.008497,-0.001816,0.121647,1.000000,0.092501,0.116558,0.085997,0.268327,-0.140616,0.075631,0.216849,0.171228,0.063673,0.357374,0.071476,0.115782,0.173550,0.316467,0.217624,-0.058814,0.113175,-0.054431,0.233334,0.282970,0.018702,0.193782,-0.065093,-0.127337,0.012347,0.042949,-0.114611,0.077922,-0.173495,-0.148993,0.118048,0.135232,0.093553,0.245691,-0.007065,0.089372,0.225422,0.205234,-0.024658,0.166610,0.090536,-0.034736,-0.086969,-0.035400,-0.078398,-0.010499,0.092062,0.064763,0.317628,0.275981,0.120919,-0.095228,0.199832,-0.041190,0.005103,0.122428,0.246245,0.079741,0.101230,-0.134202,0.158078,0.138215,0.098251,0.065315,0.224219,0.119362,-0.104791,0.069730,-0.079222,0.144032,0.045341,0.321998,0.227901,0.057466,0.163254,0.062218,0.120511,-0.077764,-0.053668,-0.153017,0.128162,0.324645,-0.070292,0.125295,0.105288,0.174362,-0.152070,-0.095055,0.002281,0.085244,-0.043931,0.061761,0.090719,-0.053088,0.044230,-0.068897,-0.294084,0.281863,0.404141,0.048114,0.009541,0.135227,-0.046981,0.105631,-0.168215,-0.041656,0.313598,0.106813,-0.222874,-0.088530,0.024784,0.286754,0.231303,0.102660,-0.051450,0.041708,0.118492,-0.073367,0.001247,0.198705,-0.022299,0.152561,0.022292,0.139830,0.145476,-0.063326,0.480637,0.083049,-0.107676,0.437547,0.070603,0.074081,0.251261,0.014188,-0.012429,0.013241,0.041336,0.108600,0.286779,0.040814,-0.076056,-0.057881,0.079102,0.037743,-0.035571,0.072637,-0.182001,0.150617,0.145373,0.019557,0.189043,0.045392,0.000346,0.109942,0.166927,-0.082892,-0.040076,0.225915,0.246563,0.126444,0.114429,0.087823,0.018168,0.059923,0.086548,-0.006348,0.062062,-0.078955,0.066703,0.010535,-0.114593,0.060808,0.145870,-0.025516,0.034063,0.248524,-0.393319,-0.110469,0.066622,-0.033891,0.047306,0.334793,0.176710,-0.116208,0.246741,0.104918,0.087242,0.025015,-0.055839,0.045373,0.269923,-0.001275,#
8,0.066906,0.204623,-0.063726,0.136291,0.390720,0.185428,0.073435,0.092501,1.000000,-0.041959,0.255952,0.004784,0.119718,0.112760,0.266331,-0.195703,-0.104661,0.098782,0.148085,0.202429,0.228544,0.110180,-0.056614,0.243416,0.077691,0.103407,0.090127,0.158178,0.080023,0.024440,-0.191467,0.111871,0.185754,-0.123983,-0.140931,0.129059,0.274184,-0.023908,0.112376,0.005047,0.137492,0.149755,0.008986,0.040169,0.166486,0.093166,0.110850,0.366051,0.223848,0.165791,-0.000047,0.324246,0.093938,0.377618,0.037782,0.244843,0.180957,0.139608,-0.181697,0.071315,0.032272,0.237426,0.041648,-0.181703,0.042712,0.167216,-0.017376,-0.006809,0.303341,0.169371,0.068128,0.087463,0.243210,-0.204494,-0.017405,0.036519,0.126494,0.253169,0.223960,-0.154353,0.224312,0.370389,0.206148,0.138916,0.303093,0.074811,0.039464,0.167925,0.325837,0.433204,0.146024,0.280587,0.019675,-0.154447,0.411034,0.196230,0.066845,-0.038543,0.276271,0.011665,0.126089,0.072423,0.136565,0.090657,0.039973,0.082859,0.045768,0.317798,-0.125225,0.241940,0.129847,0.048093,-0.006669,0.260644,0.111076,-0.010821,0.051366,0.221385,0.066790,0.160450,0.289895,0.134967,0.277560,0.108060,0.137965,0.230545,0.040238,0.221486,-0.092470,0.170141,0.184180,-0.084952,0.114757,0.244762,0.203929,-0.093237,0.061425,0.164496,0.445066,0.237141,0.364720,0.087541,0.171316,-0.028054,0.005052,-0.115789,0.221814,0.145324,-0.113626,-0.097050,0.231203,-0.095495,0.057268,0.011100,0.280174,0.225662,0.248746,0.108145,0.145140,0.185298,-0.052693,0.079943,-0.073075,0.205715,0.064726,0.027693,0.143512,0.124466,0.150792,0.068676,0.092450,0.209643,0.014085,0.118678,0.020759,-0.008681,0.122800,0.243983,0.454106,-0.109483,-0.100497,0.276980,-0.029770,-0.086304,-0.042263,0.129936,0.034667,0.088331,0.061354,0.384230,0.180772,-0.033599,0.232166,0.001370,0.311732,0.040803,0.098407,0.085614,-0.074486,0.039555,#
9,0.083055,-0.169667,-0.090669,-0.111815,-0.213445,0.021660,-0.000152,0.116558,-0.041959,1.000000,0.198421,-0.173943,-0.091315,0.321220,0.225067,0.031132,-0.084641,-0.171418,-0.329068,0.301232,-0.114754,-0.018711,0.013003,-0.071664,-0.087438,-0.103546,0.305319,0.042743,0.150989,-0.082953,0.210522,0.172166,0.089166,0.048523,0.162732,-0.059923,-0.256312,0.260984,-0.031219,-0.123560,0.203818,0.132992,-0.011614,-0.219804,-0.013841,0.048403,0.049959,0.070256,0.059093,-0.059641,-0.028600,0.145282,-0.177338,-0.034510,0.168761,0.227626,0.091107,0.180673,0.094045,-0.051382,0.145690,-0.056748,0.083284,-0.132178,0.207205,0.160585,-0.129708,-0.099906,0.080202,-0.051545,0.050639,0.194597,0.076508,0.012124,0.154804,0.053642,0.078972,-0.042987,0.251610,-0.059637,-0.140620,0.142239,-0.114566,0.093527,0.175070,0.210234,0.010015,0.102666,-0.204934,0.077562,-0.156271,-0.072885,0.024439,-0.097121,-0.080695,-0.035566,-0.013313,-0.021675,0.035474,0.047186,0.263689,0.208099,0.203152,-0.089598,0.237630,0.131346,0.030331,0.062269,0.245734,-0.067324,-0.208387,-0.155519,-0.063191,0.104943,0.020476,-0.109789,-0.057135,0.176912,0.204998,-0.158975,0.338317,0.241529,-0.069191,0.243883,-0.044588,0.052851,-0.204052,0.086534,0.043433,0.281809,0.167791,-0.087418,-0.157917,0.053362,-0.063727,0.047846,0.203265,0.167899,0.187001,-0.207881,0.069126,0.131754,-0.024180,-0.103737,-0.097792,0.126429,0.231030,-0.008049,-0.015019,0.393879,0.103252,-0.197562,0.244102,0.088432,-0.076191,0.106958,0.021338,0.080867,0.434656,-0.116228,0.064129,0.085174,-0.195138,0.258843,0.025639,0.064532,-0.063227,0.102169,0.313853,0.068573,0.123305,0.259835,0.043255,0.066504,-0.023546,-0.024165,0.182739,-0.159870,-0.142713,0.028178,-0.013143,0.057091,0.097307,0.192053,-0.015996,-0.039455,0.118176,0.192456,0.106571,-0.067093,0.054556,0.002700,-0.137786,0.154585,-0.130112,0.109610,0.219359,-0.172582,0.138414,0.097838,#
10,0.174704,0.338121,-0.026898,0.216560,-0.138996,0.123702,0.091370,0.085997,0.255952,0.198421,1.000000,-0.018588,-0.161776,0.255684,0.122627,-0.083123,-0.017110,0.034392,0.019376,-0.017978,-0.115977,0.156505,-0.190108,0.047620,-0.033653,-0.112331,0.256332,0.225293,0.155880,0.155944,0.281915,0.266913,0.097145,0.116502,-0.110364,-0.004291,-0.060818,0.064013,0.316204,0.166461,0.061559,0.074080,0.018697,0.006239,-0.242821,0.088438,0.087635,0.222078,0.124513,0.023563,-0.071712,0.028901,-0.021058,0.040133,-0.077044,0.296253,0.130356,0.112519,-0.180939,0.118640,-0.173450,-0.097538,0.188272,-0.026215,0.327026,0.241066,-0.100023,-0.051550,0.186780,0.195168,0.179587,0.106358,0.336800,0.099633,0.035194,-0.002143,0.228032,-0.164665,0.162152,0.214092,0.100088,-0.047745,0.250392,0.194780,0.215643,-0.124997,0.197875,-0.012872,0.058316,0.098929,-0.216595,0.083191,0.122588,-0.069125,0.048969,-0.051445,0.168285,-0.155157,0.015819,0.069227,0.167403,-0.024814,0.118315,-0.136314,0.099687,-0.048362,0.188545,0.222443,0.135605,0.090535,-0.064201,0.036921,-0.184299,0.052250,0.326286,0.056888,0.081983,0.032749,0.060976,0.050972,0.085747,0.251115,-0.017253,0.152782,-0.025729,0.027773,-0.019131,0.107991,0.000304,0.314566,0.373461,-0.049151,-0.006828,0.130248,0.094127,0.080873,-0.123688,0.233898,0.353839,-0.116717,0.259703,-0.011205,0.225866,0.146883,-0.199246,0.084672,0.315800,-0.108929,-0.161831,0.062313,-0.094710,0.167967,0.166241,-0.205772,0.256648,0.236566,0.077953,-0.212418,0.214961,0.082701,0.081520,0.016812,0.283272,0.019205,0.057237,0.012784,-0.000067,0.182808,0.207091,0.111485,0.319622,0.238833,-0.085250,0.140611,-0.162120,0.061392,0.061574,0.079421,0.055873,-0.026457,0.070975,0.054579,0.093883,-0.076908,0.103275,0.084975,-0.036135,-0.093972,0.114747,0.212303,0.086177,-0.057250,0.018073,0.002875,0.202044,0.015086,-0.000817,0.088897,0.302620,0.173164,#
11,-0.095844,0.160779,0.194016,0.142706,-0.105034,-0.056562,0.073991,0.268327,0.004784,-0.173943,-0.018588,1.000000,0.085477,-0.077817,-0.144342,0.023025,0.008028,0.309776,0.253809,-0.023437,0.038806,0.022282,-0.218134,0.059041,0.287411,0.144444,-0.018336,0.122194,-0.367567,0.149390,0.096536,-0.064453,0.097484,0.002712,0.007527,0.084407,-0.006818,-0.128496,0.125800,0.056685,-0.113699,0.269454,0.241494,0.231396,-0.081725,0.183184,0.103073,0.041503,0.103761,0.031113,0.281276,-0.077672,0.124227,0.143615,-0.278990,-0.196299,0.379940,0.265622,0.133920,-0.146803,-0.282452,0.014184,0.198975,0.175928,-0.138163,0.160822,0.086830,0.262568,-0.022108,0.108287,-0.092506,-0.079948,0.270372,-0.060116,-0.086710,0.223715,-0.005241,-0.076338,0.111748,0.223569,0.162734,-0.141863,0.215204,0.199366,0.142348,-0.230965,0.088866,0.187966,0.220478,-0.016031,0.112535,0.262216,0.285427,0.499250,-0.082532,0.042893,-0.059952,0.054402,-0.053472,0.101405,0.106202,-0.011663,-0.081586,0.135506,-0.034221,0.218972,0.251004,0.265936,0.141933,0.022555,0.201706,0.155976,0.097989,0.075841,-0.188791,0.193786,0.013865,0.087888,-0.026254,-0.070217,0.022301,0.072934,0.232074,0.065831,0.221355,-0.009838,0.156357,0.275531,0.138752,0.124944,0.013195,0.212985,0.141204,0.151273,0.136971,-0.038726,-0.454365,0.389822,0.008896,0.201763,0.078563,0.039070,0.171908,0.075385,-0.002118,-0.039149,-0.006498,-0.088525,-0.060922,-0.158506,-0.031086,0.283712,0.024022,0.165907,0.062982,0.127158,-0.044310,-0.254958,-0.000681,0.070255,-0.001295,0.127070,-0.066391,-0.156019,0.071983,0.048102,0.370113,0.073835,0.197020,-0.017686,0.049263,-0.036413,-0.187585,-0.183117,0.011299,0.169884,0.222244,0.183639,0.012062,-0.102513,0.098595,0.155176,-0.102112,0.029752,-0.176558,-0.022849,0.108868,0.047119,-0.101176,0.034090,0.046450,0.034310,0.154411,0.030855,0.155839,0.081228,0.002556,0.092844,0.068215,0.046724,#
12,0.069274,-0.009713,0.039308,0.194953,0.243186,0.165607,-0.077609,-0.140616,0.119718,-0.091315,-0.161776,0.085477,1.000000,-0.173384,0.079843,-0.028432,0.332255,-0.043534,0.066071,0.342495,0.086792,-0.090741,0.174844,0.173153,0.039322,0.133002,0.148576,0.008114,0.110735,0.342122,-0.084473,0.278754,0.154425,0.179957,0.067667,0.272930,0.191161,-0.052641,0.171284,-0.017788,0.167790,-0.010349,0.163671,0.248850,0.249153,0.233317,0.152198,-0.140573,0.095787,0.088020,0.350519,0.170170,0.161721,0.204342,0.001945,0.111201,0.035809,0.094720,0.046118,-0.083620,-0.098839,0.188113,0.118232,0.034267,-0.027893,0.288674,0.041707,0.045605,-0.038095,0.015281,0.095136,0.155447,-0.080025,-0.063873,0.223588,0.105413,0.207979,0.077488,0.232621,-0.042926,0.114623,0.280616,-0.004667,0.011981,0.162611,0.210468,-0.055585,0.316741,0.172602,-0.052158,0.145284,0.271933,-0.048894,0.220874,0.256341,0.075291,0.216978,-0.029739,0.128621,0.022967,0.145327,0.251499,0.093969,0.014857,0.259158,0.099886,0.083590,-0.067329,-0.042766,0.096170,0.305004,-0.088493,0.045847,0.273241,-0.018082,-0.101143,-0.043353,0.057919,0.175232,0.011643,0.097248,-0.018073,0.283680,0.109338,0.150876,0.238190,0.207307,-0.015751,0.034762,0.123540,0.212466,0.118950,0.108380,0.140819,-0.077512,0.020475,0.067107,0.080126,0.161900,0.147265,0.170963,-0.094553,0.061652,0.076988,-0.185721,0.116876,-0.090607,0.077558,0.004249,-0.146121,0.010889,0.264429,0.078676,0.218524,-0.061095,-0.096031,0.070483,-0.191477,-0.012784,0.033940,-0.139824,0.193225,0.120858,0.282808,-0.127909,-0.104414,0.266760,-0.070570,-0.112773,0.124973,0.089030,-0.097448,0.116550,-0.069789,0.170191,-0.126547,0.241489,0.246847,0.063211,0.197947,0.149943,0.159800,0.336873,0.017917,0.053997,0.195558,0.072999,0.154750,-0.005908,0.046573,0.029028,-0.058628,-0.035690,0.043586,-0.110573,-0.050634,0.244733,0.294887,0.088088,0.016142,#
13,0.142917,0.038400,0.293263,0.054293,-0.076996,0.137699,0.255753,0.075631,0.112760,0.321220,0.255684,-0.077817,-0.173384,1.000000,0.248848,0.068321,0.165866,-0.206332,0.125413,0.178334,0.009811,0.081256,-0.147201,0.178504,0.127892,0.222602,0.363356,0.105731,0.236476,0.008982,0.174286,0.228442,0.233348,0.157496,0.092513,0.014088,-0.186641,0.008123,0.061649,0.125903,-0.165546,0.130566,0.259147,0.027749,-0.205456,0.178715,0.118577,0.132905,0.108580,0.095570,0.105605,0.156270,0.157890,-0.064740,0.055404,0.250892,0.054648,0.179928,0.064536,0.299211,0.073111,-0.030271,0.121847,0.004820,0.085546,0.185893,0.279571,0.094906,0.396608,0.007678,-0.166500,0.003998,0.128715,0.008427,0.148994,-0.067554,0.278054,0.178597,0.198201,-0.120988,0.039948,0.101171,-0.077973,0.585783,0.258517,0.029861,0.189364,0.185204,0.224925,0.004696,-0.020039,0.166295,0.057136,0.149906,-0.172518,-0.039646,0.290338,-0.151745,0.249410,0.213554,0.253851,0.180060,0.013238,0.073638,-0.030056,0.199708,0.033526,0.116991,0.141383,0.026378,-0.058892,-0.033907,0.223590,0.013759,0.131111,0.083271,0.341610,0.091218,0.012994,0.038023,0.334040,0.128519,0.054699,0.171024,0.121269,-0.065364,-0.046757,-0.070446,0.179632,0.298802,0.214431,-0.010134,-0.115898,0.003816,0.309716,0.035791,-0.026836,0.064844,0.442529,0.094347,-0.063032,0.002085,0.331549,0.257873,0.144896,0.153441,0.305295,0.181079,-0.008317,0.215281,0.081610,0.017141,0.105082,0.206881,0.083589,0.348743,-0.240107,0.275750,0.349823,-0.004287,-0.051797,0.379252,0.011946,0.377043,0.118901,0.003571,-0.031493,0.001518,0.165266,0.241748,0.085565,0.320823,0.154802,-0.132324,-0.062719,0.128899,0.090803,-0.024587,0.278003,-0.169194,0.267899,0.169459,0.048421,0.120979,-0.047577,0.030293,0.279899,0.187577,0.025589,0.129217,-0.055604,0.088986,0.235232,-0.051670,-0.001670,-0.012757,-0.089470,0.062080,0.143531,0.232056,#
14,0.212903,-0.162856,0.064699,0.006577,-0.020336,0.268889,0.039574,0.216849,0.266331,0.225067,0.122627,-0.144342,0.079843,0.248848,1.000000,0.276774,0.034026,-0.074751,0.153683,0.228244,0.122523,0.142078,0.155749,0.264952,0.055223,-0.094762,0.253714,0.326061,0.259771,0.204227,-0.127804,0.064997,0.123940,0.029860,0.209609,0.112250,0.171792,0.315926,0.002210,0.322822,0.177986,0.100139,0.214914,-0.103586,0.012895,0.328456,0.085917,0.177978,0.179911,0.113062,0.186663,0.095428,0.270774,0.201840,0.209453,0.179297,0.154132,-0.034754,-0.110209,0.069185,0.249749,0.170713,0.020687,-0.101528,0.084526,0.183017,0.116038,-0.041630,0.239718,0.086575,0.087195,0.033827,0.149794,0.349032,0.092701,0.164981,0.246516,0.176327,0.087346,0.168139,0.253571,0.115475,0.067654,0.152888,0.197512,0.257626,-0.054367,0.103524,0.193372,0.204327,0.203768,0.259948,0.041147,0.161143,0.236667,-0.196260,0.164273,-0.150737,0.200308,0.028614,0.136363,0.218527,0.167171,0.049857,-0.116523,0.214964,0.151028,0.300446,-0.047917,0.255821,-0.104418,-0.125327,-0.047382,0.083546,0.105294,0.039099,0.082806,0.223451,0.262036,0.128657,0.413833,0.273662,0.007299,0.182297,0.168650,0.204128,0.187758,0.166038,0.097267,0.346675,0.225882,0.179031,-0.002205,-0.066508,0.050944,-0.118429,0.119795,0.003045,-0.000291,0.015149,0.399854,0.110493,0.225377,-0.004898,0.085101,0.323107,0.177277,0.136067,0.008168,0.134226,0.134956,-0.021427,-0.091886,0.119933,-0.035721,0.135467,0.270489,0.083639,0.254754,0.066325,-0.045637,0.241923,-0.026192,0.162797,0.233377,0.007578,0.079575,0.114132,0.009091,0.371972,0.288087,0.384619,0.197943,0.076219,0.105682,-0.003232,0.434883,0.209671,0.352298,0.106018,0.082433,0.211816,0.201596,0.022506,-0.007250,0.125158,0.208244,-0.036647,0.076760,0.303350,-0.048279,0.030742,0.177395,0.339205,0.112780,-0.103598,-0.085765,0.116758,0.265756,0.070532,#
15,0.140441,-0.193002,0.215987,-0.022389,0.000303,-0.092291,0.005858,0.171228,-0.195703,0.031132,-0.083123,0.023025,-0.028432,0.068321,0.276774,1.000000,0.103530,0.232628,0.137074,0.168175,0.145902,0.038585,-0.039017,0.167992,0.070432,0.340704,0.274797,0.056931,0.254614,-0.040975,-0.022906,0.029834,0.173032,0.226205,-0.012237,-0.253402,-0.176348,-0.064515,0.084403,0.049935,0.038169,0.101401,0.258739,0.021712,0.132145,0.118163,-0.131294,0.040706,-0.115338,0.184620,-0.016223,0.133762,0.069271,0.032166,0.079523,0.028036,0.137389,0.005551,-0.007803,0.250906,0.035101,-0.129785,0.107705,-0.176183,-0.053294,-0.012336,-0.015116,0.109164,0.123268,-0.036700,0.182593,0.005405,-0.027813,0.055436,0.036010,0.132976,-0.153968,0.223990,-0.172099,0.259255,0.127874,-0.039511,0.138805,0.378251,0.046674,0.043331,-0.034472,0.040572,0.238556,0.181953,-0.077982,0.142650,0.206820,0.201649,-0.080422,-0.273834,0.152282,-0.097482,0.099988,0.021106,0.102373,0.074261,-0.033574,-0.071266,-0.288708,0.046183,0.043121,0.140349,0.021256,0.235270,-0.086089,0.260181,0.125797,-0.096566,-0.020886,0.191013,0.065649,-0.208042,0.013100,-0.015282,0.234552,0.333210,-0.001990,0.167833,0.233572,-0.312096,0.029686,-0.007756,-0.011157,0.013896,0.129790,0.202856,-0.120994,0.016843,-0.014454,0.069790,-0.032081,-0.020205,-0.107200,-0.074753,-0.074272,0.196943,-0.066287,-0.049931,0.199892,0.036078,0.036303,0.129050,0.327492,-0.010159,0.103133,-0.164745,0.009165,0.286060,-0.281970,0.349420,-0.016384,0.062710,0.131869,0.015600,-0.203072,0.043184,0.167217,0.105410,0.057579,0.052999,0.127457,0.073852,-0.048130,-0.005701,-0.132503,-0.041428,0.264194,-0.180036,0.019839,-0.257187,0.394814,-0.024530,-0.059923,0.086547,0.232426,0.101656,0.082342,0.266566,-0.090307,-0.113584,0.008085,0.102937,-0.054131,0.048544,-0.200788,0.052518,-0.011368,0.083545,-0.010697,-0.081189,-0.055383,0.155434,0.007460,-0.157489,#
16,0.007351,0.119163,0.165778,0.137003,0.021144,-0.011245,0.139724,0.063673,-0.104661,-0.084641,-0.017110,0.008028,0.332255,0.165866,0.034026,0.103530,1.000000,0.065027,0.080393,0.304099,0.260276,0.296173,0.019412,0.036451,-0.147786,0.224868,0.166289,-0.013983,0.246822,0.187182,0.122803,0.305904,-0.013733,0.314967,-0.037815,0.124957,0.086941,-0.154244,0.140950,0.021386,-0.134358,0.103101,0.200206,0.117145,0.033665,0.437636,0.063162,-0.075601,0.125889,-0.134153,0.142190,0.081454,0.261617,-0.001602,0.148621,-0.057543,0.015766,0.007952,0.060138,-0.165489,-0.079391,0.307503,0.311375,0.184275,0.089652,0.076820,0.046407,0.350353,0.092501,0.076073,-0.068208,0.172425,0.299180,-0.084035,0.005700,0.121592,0.119711,0.214172,0.091486,-0.045756,-0.000012,-0.079868,-0.051283,0.073736,0.107363,0.016418,0.128525,0.024206,0.040808,-0.039845,0.072503,0.308837,-0.036520,0.067023,-0.015682,-0.181743,0.220991,0.016732,0.146935,0.126675,0.086104,-0.066787,-0.309268,-0.035943,0.057587,0.141776,-0.056505,-0.187998,-0.111199,0.202722,0.254010,0.035980,-0.019171,0.103425,0.110525,0.382964,-0.054043,-0.035784,-0.146216,0.349812,-0.012632,0.005348,-0.073786,0.090450,0.089972,-0.113461,0.141969,-0.128923,-0.015319,0.085503,0.126798,-0.066306,0.287152,-0.101052,0.278024,0.247578,-0.196972,0.256556,0.262728,0.269592,-0.064543,0.092749,-0.024169,0.045048,0.195050,0.108216,0.067017,0.172115,0.276515,-0.112365,-0.115811,0.278862,0.043943,-0.064684,0.223245,0.048753,-0.128226,0.012777,0.012582,-0.023739,-0.039840,0.312776,0.239278,0.302842,-0.019968,0.023728,0.174905,-0.074330,-0.182586,0.106592,-0.082055,-0.027935,0.144654,-0.093705,0.060899,0.028463,-0.041161,0.043811,0.204185,0.077261,0.265894,0.174693,0.156013,-0.116740,-0.154675,0.086647,0.238059,0.101712,0.052310,0.109296,0.276190,-0.243056,0.025209,0.060710,0.079728,0.171974,-0.198549,0.229415,-0.038707,0.177525,#
17,0.102810,0.154522,-0.023285,0.016342,-0.035132,-0.126123,-0.009878,0.357374,0.098782,-0.171418,0.034392,0.309776,-0.043534,-0.206332,-0.074751,0.232628,0.065027,1.000000,-0.015121,0.049433,0.281447,0.026857,0.103683,0.003322,0.106241,0.141019,0.032350,-0.093475,0.058085,0.172288,0.020831,0.044386,0.177929,0.069411,-0.143889,0.109069,-0.072000,-0.099669,0.263790,-0.055000,-0.050461,-0.062928,-0.147903,0.168311,0.027683,0.229319,0.164682,-0.087264,-0.132956,-0.056896,-0.064622,-0.021751,-0.052842,0.019783,-0.013113,0.114872,0.268690,0.279817,-0.121809,-0.018642,0.092359,0.051587,0.280704,-0.134719,-0.071636,0.045086,-0.001422,0.029455,-0.015877,0.077065,0.008587,0.043711,0.134957,-0.105996,-0.106216,0.168936,-0.184727,0.051675,-0.270206,0.300964,0.035356,0.017105,0.452345,0.183290,0.033920,-0.146090,0.007902,0.094832,0.058576,0.268229,-0.010806,0.092791,-0.033921,0.110859,-0.162911,-0.232054,0.044738,0.212671,0.086170,0.022271,-0.051206,-0.140521,-0.049895,0.057616,-0.186746,0.224444,0.154270,0.063061,-0.069831,-0.013315,0.013956,0.283704,-0.173404,0.187420,-0.064438,0.248017,-0.274868,0.000546,-0.137671,0.207666,-0.147883,0.006638,0.147688,0.143423,0.155617,-0.170211,-0.043990,0.156460,-0.058027,-0.047932,-0.004584,0.059819,0.062930,0.087299,0.236258,0.104481,-0.075745,0.242266,0.087880,0.146096,-0.142673,0.087588,-0.027154,0.145816,0.160543,0.037598,-0.016977,-0.072740,0.008542,-0.136548,0.010587,-0.155021,-0.071836,0.063101,-0.057575,0.330363,0.019507,-0.180941,0.214489,0.162063,0.050954,0.182910,0.230449,0.011786,-0.015285,0.252974,0.130662,0.234531,0.031185,-0.112651,0.132713,0.025950,-0.078548,-0.063577,0.133135,-0.246393,0.145783,0.002996,-0.233260,0.178245,-0.028542,0.193860,0.009567,-0.100767,-0.169364,-0.192599,-0.098671,0.106016,-0.055857,0.305738,0.152935,0.053865,0.187475,-0.023044,0.263840,-0.125842,0.003956,-0.064756,-0.027886,-0.074725,#
18,0.187402,-0.119983,0.084213,0.200617,0.252539,-0.048224,0.156742,0.071476,0.148085,-0.329068,0.019376,0.253809,0.066071,0.125413,0.153683,0.137074,0.080393,-0.015121,1.000000,-0.093976,0.233174,0.130448,-0.107547,0.316462,0.293973,0.058740,0.099746,0.387839,0.051117,0.121628,0.083518,-0.054073,0.094777,-0.084096,0.032467,0.160708,0.300896,-0.025680,0.039146,0.305606,-0.007997,0.268924,0.122544,0.177810,0.114874,0.095981,0.123378,-0.021419,0.068602,0.202052,0.262006,-0.183999,0.243904,0.303484,0.015231,0.134211,0.152461,0.103723,0.002874,-0.107143,-0.046622,-0.139540,0.153475,-0.051825,-0.137087,0.076776,0.243885,0.246311,0.017555,-0.109547,-0.099678,-0.072171,0.058825,0.057200,-0.075252,0.008992,-0.074470,0.123789,0.098990,0.073548,0.242228,-0.155815,0.007058,0.344633,0.201725,0.010468,0.164519,-0.011671,0.248234,0.005430,0.225967,0.005306,0.005489,0.301175,0.031849,0.108666,0.235953,0.197619,-0.000978,0.261638,0.079795,0.149672,0.090902,0.205626,0.120686,0.192528,0.098455,0.070323,0.127216,0.334293,0.176669,0.276226,0.167834,0.107224,-0.019634,0.086482,0.076209,-0.161372,0.053135,0.190726,0.115056,0.189671,0.064660,-0.050738,0.215540,-0.068957,0.334989,-0.039711,0.225427,0.024914,0.231387,0.259512,0.089746,0.122546,0.113845,-0.343151,-0.240292,0.133516,0.089643,0.164503,0.195296,-0.045826,0.021092,0.031630,0.041963,0.046869,0.076254,0.033118,0.081546,-0.109632,-0.060211,0.228775,0.027293,-0.069926,0.040613,0.284575,0.189665,0.043376,-0.170222,0.498430,0.075177,0.079596,0.067929,0.081000,0.080673,0.011843,0.141241,0.031948,-0.190124,0.015493,-0.051438,0.075103,0.297389,-0.138019,-0.125413,0.147858,0.111889,0.124404,0.350345,-0.017857,0.086618,0.033725,0.164402,-0.036651,0.029845,-0.006902,0.115159,0.122407,-0.021764,0.179034,0.016560,0.283905,0.250637,-0.052313,0.078993,-0.151413,-0.031230,0.270433,0.230429,0.011578,#
19,0.175968,0.212916,0.092413,0.263310,0.184312,-0.132653,0.098387,0.115782,0.202429,0.301232,-0.017978,-0.023437,0.342495,0.178334,0.228244,0.168175,0.304099,0.049433,-0.093976,1.000000,0.174279,0.249208,0.294863,0.210571,-0.014952,0.339994,0.346306,0.107080,0.340390,0.185569,0.063352,0.483086,0.222960,0.240943,0.002193,0.197069,-0.019718,-0.043908,0.415508,0.172737,-0.015729,0.231215,0.011518,0.106301,0.220084,0.427973,0.245752,0.444395,0.109681,-0.049064,0.170936,0.249224,0.124617,0.378544,0.202622,0.191879,0.182227,0.174998,0.222398,0.022081,0.177311,0.179999,0.161011,0.189045,0.195277,0.333627,-0.108316,0.248056,0.172515,0.255009,0.132082,0.222105,0.201206,-0.168046,0.235254,0.457831,0.149325,0.304565,0.457829,-0.030024,0.157042,0.215919,0.072126,0.295285,0.475249,-0.043972,0.168836,0.262694,0.234273,0.279819,-0.002198,0.275935,0.131475,0.122931,0.101409,0.035533,0.079801,0.082130,0.114205,0.103612,0.236935,0.123284,0.233508,0.148336,0.250512,0.467606,0.039241,0.335781,-0.100301,0.080630,0.223967,0.072831,-0.089706,0.183844,0.171451,0.215465,0.195970,0.269554,0.305249,0.121924,0.493801,0.210372,0.373240,0.338437,0.300509,0.272073,0.285928,0.265375,-0.084148,0.365316,0.009289,-0.029459,0.219070,0.427499,0.151056,0.095065,0.132942,0.296381,0.379430,0.178381,0.090709,0.276709,0.168620,-0.096454,0.058565,0.026069,0.150737,0.254967,0.338959,0.047582,0.135664,0.110400,0.101170,0.243629,0.077154,0.162997,0.129001,0.002136,0.211980,-0.082236,0.166011,0.369289,0.262021,0.350780,0.250167,0.199167,0.035326,0.108005,0.243946,0.104488,0.141173,0.212199,0.290608,0.004971,0.206714,0.058418,0.381087,0.112611,0.005293,0.063012,0.123606,0.482205,0.181178,0.005396,0.084283,0.133817,0.247258,0.404434,0.175562,0.256927,0.293043,0.010138,0.028415,0.272689,0.260265,0.111537,0.238522,0.074509,0.069103,0.291311,#
20,0.108865,-0.110408,0.314542,0.200672,0.253293,-0.019477,0.267075,0.173550,0.228544,-0.114754,-0.115977,0.038806,0.086792,0.009811,0.122523,0.145902,0.260276,0.281447,0.233174,0.174279,1.000000,0.085414,0.122187,0.143258,0.316226,0.232942,-0.010934,0.095517,0.068043,0.229305,0.119304,0.040248,0.039114,0.072497,-0.162502,-0.019648,0.152124,-0.174284,-0.068550,0.031491,0.189330,0.359110,0.000201,-0.008651,0.179583,0.126750,0.285005,0.035459,0.136617,-0.067907,0.000142,0.104403,0.229918,0.096434,-0.005742,-0.045014,0.137042,0.109029,0.185819,-0.130684,0.199160,0.055323,0.269386,0.168559,0.250117,0.066549,0.117984,0.063946,0.290233,0.163558,-0.034857,0.272350,0.132938,0.014687,-0.095989,-0.128071,0.109420,0.373280,0.209169,-0.089181,0.186729,-0.178236,0.119976,0.035004,0.076086,0.234660,0.158291,0.188658,0.196759,0.089754,0.112332,0.203485,0.107949,0.015115,0.012354,-0.056474,0.327435,0.152795,0.165206,-0.068062,0.098915,-0.088137,0.016736,0.159598,0.027087,0.164774,-0.121078,0.080548,-0.044736,0.236014,0.053173,0.006810,-0.060302,0.207344,-0.017436,0.174677,0.104973,-0.183925,-0.231306,0.210689,0.132862,0.094822,-0.005391,-0.139332,0.036421,-0.150824,0.239304,0.197142,-0.102975,0.161470,0.061330,0.069961,0.180911,-0.070298,0.270720,0.140286,0.182508,0.166399,0.257795,0.071293,0.093519,-0.012338,0.000131,0.058125,0.234419,0.045790,-0.175944,0.219524,0.485463,-0.019949,0.088167,-0.072668,-0.088394,-0.122127,0.019938,0.018710,0.217147,-0.037468,0.240786,0.392119,0.087424,0.234757,0.210321,0.265343,0.156590,0.159159,-0.078636,0.298369,-0.045462,-0.145974,0.098617,0.171144,-0.117550,-0.088168,0.015510,-0.044204,0.155794,-0.043706,0.283012,0.228650,0.011260,0.159758,-0.091469,0.091768,0.006773,-0.237353,0.168293,0.175646,0.014302,0.296501,-0.113200,0.157599,0.277925,-0.040612,0.261893,0.103185,-0.012545,0.281838,0.065145,0.043416,#
