0,1.000000,-0.000607,-0.149470,0.058022,0.127817,0.054717,0.000372,0.196847,0.054473,-0.014902,0.078510,-0.047786,0.308741,-0.451775,0.147189,0.013382,0.145997,-0.071740,-0.099188,0.125837,-0.151574,-0.061740,0.027108,-0.014247,0.156618,-0.041288,0.284237,0.091043,-0.103257,0.103421,-0.045461,-0.058755,-0.129542,-0.206014,0.185620,0.092542,0.149787,-0.105274,0.157367,0.110342,-0.281249,0.000134,0.074016,0.171218,-0.048547,-0.032883,0.189755,-0.130448,-0.137649,0.063129,0.274789,-0.090512,0.271239,0.088838,-0.171814,0.096551,-0.042415,-0.031001,0.027079,-0.148546,0.230620,-0.033021,-0.030302,0.106718,0.077807,0.080345,-0.242019,0.355338,-0.206595,0.134988,0.154184,0.093218,0.035586,-0.127260,-0.017852,0.000339,-0.182902,-0.202271,-0.159597,0.112990,0.337210,0.136057,-0.145980,-0.168501,-0.030183,0.302089,0.109458,-0.279470,-0.159064,0.047109,-0.163130,-0.190757,-0.051354,-0.175842,0.014069,0.179927,-0.137717,0.029232,0.029469,-0.149804,-0.063695,0.081311,-0.388495,-0.077652,0.112137,-0.255587,-0.342787,0.082609,0.154758,0.065785,0.263745,-0.197372,-0.018381,0.026579,-0.063292,0.232816,-0.146602,0.047893,0.126025,0.106024,0.084331,0.323676,0.193968,-0.016401,-0.040926,0.043059,0.152993,-0.015646,-0.033951,0.056751,-0.065877,-0.032098,-0.252857,-0.174967,0.014795,-0.088977,0.095142,0.274405,-0.214693,-0.180265,-0.319108,0.158420,-0.098478,0.215009,0.118206,0.050679,-0.014999,-0.085812,0.050617,-0.093980,-0.217632,-0.092804,0.000205,-0.209270,0.098833,-0.059866,0.043973,0.071498,0.131765,0.092600,0.100739,0.359540,-0.105340,-0.142175,0.120544,0.064062,0.090964,-0.097477,0.177510,0.169876,-0.014339,-0.061322,0.344431,-0.070889,0.251782,-0.252488,-0.094117,0.057338,0.082602,0.183004,-0.000087,0.144810,-0.126002,0.137488,0.104665,0.069151,0.051699,0.137796,0.089965,0.222874,-0.000263,-0.123114,-0.142239,0.046352,0.100827,-0.162567,-0.142177,-0.097351,-0.036762,0.095368,#
1,-0.000607,1.000000,0.020620,0.215771,-0.094518,0.220589,-0.020291,0.106906,-0.071704,-0.008250,0.025727,-0.118556,0.256092,0.288517,0.079109,-0.290086,0.273719,-0.067233,0.014815,0.090227,0.224166,0.170155,0.331465,0.279122,-0.015196,0.384495,0.182439,-0.253424,-0.011677,0.150638,-0.001066,0.008049,0.059544,-0.011140,0.194807,0.308325,0.025932,0.159616,0.020333,0.105334,-0.072287,0.007640,-0.058277,0.022203,0.031994,0.279929,-0.049546,0.212300,0.176746,0.037309,0.088782,0.257305,0.101607,0.112993,0.098766,0.181830,-0.076742,-0.085692,0.128525,0.020490,-0.044967,0.079510,-0.141997,0.014028,-0.063438,-0.067099,0.107963,0.084596,0.206360,0.387809,0.172398,0.158896,0.422192,-0.032215,0.020801,0.128706,0.221244,0.174869,-0.045938,-0.067492,0.187868,0.141339,0.253546,-0.045213,0.063795,0.249442,0.019759,-0.130561,0.087547,0.073007,0.137026,-0.013032,0.039634,-0.143779,-0.026285,-0.042288,0.060592,0.166292,0.027346,0.204381,-0.008477,0.129929,0.082845,0.261748,0.275104,-0.059802,-0.175340,0.252026,-0.034767,-0.044564,0.222237,0.351314,0.085976,-0.001435,-0.074298,0.085998,0.452067,0.499174,0.250263,-0.146249,0.339421,0.118331,0.039612,0.068072,0.109214,-0.018170,0.289839,0.111123,-0.023475,-0.129172,-0.024182,-0.258141,-0.089030,0.322905,-0.081307,-0.306193,-0.038308,0.149730,0.197303,-0.038087,0.067570,-0.007942,-0.269653,-0.160126,-0.156109,0.081884,0.216116,0.077047,0.103872,-0.018758,0.135833,0.056258,-0.094626,0.061077,0.187749,0.034660,0.286542,-0.045558,0.044352,0.073183,-0.085763,0.099271,0.228802,0.055623,0.143028,-0.111332,-0.004444,0.368611,-0.102079,0.068285,0.318790,-0.161959,0.216845,-0.025272,0.241991,0.158427,0.130676,0.170535,-0.002324,-0.284093,0.027564,-0.143744,-0.056001,0.067545,-0.179254,0.255032,-0.058238,-0.081741,0.234954,0.139575,0.054363,0.239856,0.019185,0.244015,0.246298,0.092394,0.147924,-0.001077,0.002005,0.015311,#
2,-0.149470,0.020620,1.000000,0.048079,-0.085081,0.102966,0.119550,0.024031,-0.174206,0.084608,0.038717,-0.150729,-0.108587,-0.046856,-0.111761,-0.035418,-0.096797,0.096033,0.036373,0.057894,-0.004089,0.148221,-0.210890,0.007952,-0.049523,-0.179205,0.027793,0.072578,-0.203344,-0.046838,-0.058894,0.259582,0.316361,0.227679,0.020234,-0.129168,0.184653,-0.094271,0.155448,0.274649,0.305359,0.166185,-0.187120,0.024888,0.046338,0.231416,0.175549,-0.009928,0.065831,0.276386,0.018485,-0.157664,-0.104989,0.269501,0.145539,0.171580,0.155030,-0.036276,-0.032494,0.019028,0.078724,0.072167,-0.123381,0.251998,-0.054862,-0.264077,0.410146,-0.069886,0.256059,0.238634,0.201842,-0.010402,-0.135961,0.248373,-0.082123,0.015374,0.114159,0.176263,0.168513,0.292210,-0.050462,0.275324,0.077746,0.199244,-0.062712,0.242269,0.277389,0.392433,0.232277,0.054975,0.358341,0.031295,0.097495,-0.031922,0.277827,-0.153987,-0.025024,0.013733,-0.145293,-0.031425,0.005971,-0.157338,-0.143979,0.085535,0.102801,0.290424,-0.066265,-0.147116,0.135288,0.000350,0.078125,0.008159,0.071775,-0.122089,0.104692,-0.190857,-0.066171,-0.024581,-0.046720,-0.078692,0.142693,0.226000,0.016226,0.006685,-0.008211,0.203790,0.126030,0.032218,-0.051336,0.207542,-0.072249,0.127460,-0.125043,0.272106,0.073710,-0.088772,-0.213286,-0.141346,-0.085411,0.101173,0.103951,-0.022501,0.166674,-0.071814,0.114873,0.156276,0.005798,-0.026893,0.285594,-0.109096,0.189956,-0.039377,-0.006455,0.044130,-0.230904,0.102876,0.096048,-0.010237,-0.102447,0.041926,-0.073107,-0.077898,0.047053,0.044463,-0.155065,0.067764,0.079710,0.006078,-0.028472,0.075786,0.111793,-0.065000,0.019845,-0.063280,-0.093195,0.303133,0.308410,0.017318,0.059373,-0.066962,-0.043064,0.147725,0.128819,0.257439,-0.018655,0.196139,-0.014709,0.199211,0.054787,-0.075385,-0.175905,-0.019394,-0.029653,0.172856,0.171163,0.137226,0.210743,-0.014158,-0.108671,0.041744,#
3,0.058022,0.215771,0.048079,1.000000,0.191112,0.004273,-0.123927,0.089457,-0.169316,0.125905,-0.142802,0.098563,0.134426,-0.060777,-0.080633,-0.238311,0.143477,-0.126910,-0.157669,-0.074753,0.302480,0.102529,0.027248,-0.027246,0.267450,0.252522,0.224830,0.210059,0.068332,0.093457,-0.087549,0.180691,0.089557,0.095695,0.089544,-0.013505,-0.151055,-0.088011,-0.017090,0.361691,0.144851,0.222548,-0.037511,-0.030910,0.225055,-0.104019,0.056942,0.336068,0.070680,0.015799,-0.043437,0.077615,0.120803,0.051015,0.344055,0.037528,-0.299620,0.040323,0.225536,0.041271,0.192477,0.031885,-0.075407,0.001927,0.082632,0.055740,-0.058635,-0.096610,0.044744,0.250188,-0.126563,0.032576,0.259268,0.165822,0.035922,-0.012276,0.023387,0.032343,0.038488,0.118472,0.121228,0.398662,0.038511,-0.187086,-0.022949,0.046067,0.077242,0.094897,-0.001762,0.139651,-0.128041,-0.016213,0.042700,-0.086958,0.103375,0.102181,-0.051097,0.129976,-0.382071,0.149624,0.397564,0.050560,-0.167215,0.134823,0.162034,-0.033245,0.157859,0.342892,0.073671,-0.059703,-0.155734,0.368551,0.226696,0.090937,0.030385,0.141351,0.240152,0.285413,-0.047736,-0.020887,-0.102778,0.232027,-0.115066,0.292772,0.056895,0.085187,0.148383,0.241664,-0.096920,0.232204,0.238972,-0.002742,0.073399,0.195542,0.010741,-0.217733,0.111293,0.115991,0.133876,0.220624,0.065639,0.032396,-0.133247,0.159453,-0.203102,0.129538,0.258572,-0.021330,0.161002,-0.207059,-0.113288,-0.031442,0.107473,-0.050242,0.053689,-0.160016,0.292892,0.331050,0.044127,0.332342,0.324178,0.321366,0.171606,0.416936,0.014087,0.092282,0.127688,0.033657,0.071716,0.123216,0.382903,-0.106312,0.058111,-0.100522,-0.047487,0.114294,0.076431,0.044679,0.034139,-0.107863,0.107427,0.134468,0.086641,0.197408,0.135975,0.314908,-0.119192,-0.126740,0.316800,0.072993,0.092142,0.115299,0.317938,0.172485,0.360324,0.196969,0.223221,0.205983,0.016520,0.065131,#
4,0.127817,-0.094518,-0.085081,0.191112,1.000000,0.057137,0.165236,0.006413,0.154687,0.081815,0.027333,0.094178,0.096297,-0.315831,0.098055,0.031006,-0.194106,-0.069797,-0.312017,-0.070532,0.302049,0.321665,0.228901,0.100828,0.072539,-0.071008,-0.103954,-0.009169,0.255696,0.091307,0.068935,-0.036806,-0.001157,0.067697,0.119981,0.280283,-0.130965,-0.173585,-0.065496,0.156684,-0.077388,-0.053474,0.247932,0.201671,0.323959,-0.306084,0.313429,-0.003711,-0.193215,-0.085725,0.192977,0.121229,0.050414,-0.183227,0.072108,0.008221,-0.171906,0.139386,0.240575,-0.189445,0.198552,0.084016,0.196085,0.017884,0.035308,0.510902,0.058545,-0.203500,-0.007055,0.190469,0.057767,-0.025998,-0.001486,-0.185336,0.000447,0.149848,0.088074,-0.012320,0.045789,0.038928,-0.142454,0.333035,-0.030175,-0.152966,0.109604,-0.095650,0.119964,0.078014,-0.001210,0.090196,0.005778,-0.074586,0.071342,0.017046,0.201994,0.280897,0.250210,0.008878,-0.054542,-0.031536,-0.092545,0.216004,-0.109912,0.206797,-0.049850,-0.142801,0.196509,0.103560,0.069854,0.325639,-0.081920,0.114593,0.172247,0.197874,-0.035474,0.089887,-0.176352,0.342738,-0.103471,0.165608,0.173250,0.023256,0.081859,0.103028,-0.028102,0.003967,0.125924,-0.136830,0.198859,0.265127,0.232671,0.155449,-0.016415,0.066905,0.086468,-0.168553,0.060309,0.180640,0.128436,0.203713,-0.088884,0.165689,-0.082876,0.125840,-0.084502,0.187806,-0.036341,0.028716,0.076733,0.116855,-0.095164,0.083073,-0.048791,-0.154164,0.154380,-0.057060,0.178480,0.362290,0.267186,0.135409,-0.145949,0.230069,-0.059599,0.146851,0.088735,-0.039008,0.168685,0.107462,-0.168528,0.051818,0.180812,-0.038042,0.071979,-0.173807,-0.105958,0.061522,0.083594,0.199109,0.060739,0.135279,0.282447,-0.021847,0.013160,0.070134,0.218939,0.230261,-0.016347,0.073091,-0.005495,0.124821,0.054735,0.059620,0.263028,-0.050411,0.068820,-0.235278,-0.157495,-0.053136,0.019573,0.157236,#
5,0.054717,0.220589,0.102966,0.004273,0.057137,1.000000,-0.069272,0.105189,-0.020552,0.026819,-0.034994,0.043165,0.220435,-0.083843,0.195931,-0.279608,0.017258,-0.030664,0.067092,0.407033,0.090640,-0.053233,0.003049,0.171841,0.281313,0.159713,0.005301,-0.041481,-0.096954,0.356905,0.114033,0.209829,0.125553,0.422002,0.083468,0.120829,0.170552,-0.141932,-0.039932,-0.004602,-0.020292,0.261959,-0.011444,-0.007089,0.190552,0.153583,0.058551,0.258596,-0.077207,0.175412,0.145856,-0.064005,0.090741,0.015642,0.219093,0.240822,-0.103427,-0.054844,0.022005,0.026495,0.039802,-0.209490,0.164049,0.145010,0.096675,-0.135507,-0.005299,0.017354,0.020670,0.214021,0.285063,0.113992,0.236190,0.076766,0.170527,-0.089528,-0.049965,0.277443,0.082396,0.122446,0.031660,0.245116,0.167154,-0.043268,-0.049161,-0.143209,-0.122201,0.085701,0.178266,0.121275,0.194037,-0.233313,0.097949,0.076183,0.031774,-0.292529,0.272033,0.176901,0.127483,-0.263008,0.097689,0.060193,0.100525,0.206774,0.002700,0.177295,0.242277,0.069149,-0.140770,0.116099,-0.005603,0.086403,0.124198,0.007340,-0.195445,-0.100425,0.238481,0.415337,0.230899,-0.035126,0.156281,0.173449,-0.024437,0.205495,0.044149,-0.039123,0.234431,-0.079385,0.143209,-0.117126,-0.069252,0.191631,0.027171,0.249087,0.264031,-0.129953,-0.292967,0.148131,-0.121587,-0.049348,-0.025798,-0.135917,0.021910,0.034246,0.176181,-0.044257,-0.026766,0.033671,0.082346,0.060404,0.275582,-0.025195,0.288343,-0.024246,0.322679,-0.108872,0.390015,-0.052440,0.035820,0.095990,0.095706,0.248486,-0.154398,0.072361,0.204111,-0.085632,-0.168321,0.113786,0.090744,-0.089218,0.193893,0.011322,0.036239,-0.048690,-0.098827,0.235462,0.244307,0.275511,0.069499,0.168978,0.007757,-0.039802,-0.196270,-0.037782,-0.027808,0.422501,-0.012977,0.000036,0.234947,0.220209,0.028722,0.203322,0.105414,0.285128,0.161577,0.217635,-0.047032,0.107455,-0.132392,-0.015051,#
6,0.000372,-0.020291,0.119550,-0.123927,0.165236,-0.069272,1.000000,-0.144885,0.017990,0.132647,0.031295,0.023557,-0.147443,-0.265177,-0.148445,0.322743,0.110069,0.157361,-0.016153,0.013431,-0.112524,0.026913,-0.117811,-0.054338,-0.083821,-0.129524,-0.061912,-0.010603,-0.093254,-0.141501,0.040291,0.151648,-0.135549,-0.107949,0.120309,0.039825,0.003760,0.041804,-0.047091,0.074986,-0.142113,0.046710,0.277399,0.055745,-0.133267,-0.062554,-0.116904,-0.079513,-0.306675,-0.128296,-0.083785,-0.017444,-0.073208,-0.146460,-0.154504,-0.016165,-0.211457,-0.098564,-0.087829,-0.067286,0.018517,0.183814,-0.130308,0.019088,0.103352,0.184394,0.042402,-0.006342,-0.109159,0.047786,0.141929,0.111606,-0.140293,-0.118847,-0.079180,0.248452,0.435755,0.071515,0.168262,0.105044,-0.298236,0.124134,-0.075686,0.158388,0.110320,-0.061550,0.164151,-0.008632,-0.191951,-0.258386,-0.214876,-0.045712,0.031683,-0.084316,0.126582,0.178627,0.143292,-0.013354,-0.180232,0.030627,-0.109627,0.064720,-0.096288,-0.068638,0.039774,-0.079325,-0.094704,0.069652,0.121830,0.017273,-0.058589,-0.176981,-0.027216,0.416028,0.001526,0.200375,-0.126970,0.144921,-0.105332,0.134166,0.001127,-0.034102,-0.287635,-0.164853,0.127381,-0.024668,-0.038813,-0.098111,0.031818,0.140626,0.127012,0.049236,0.175629,-0.013591,0.088612,-0.069057,0.190133,-0.177951,0.044297,0.127071,0.049764,-0.035784,-0.223002,-0.047136,-0.031078,0.050579,-0.168434,0.291477,-0.068491,0.017951,0.097098,-0.029321,-0.135250,0.170050,-0.101073,0.063943,-0.253315,-0.176404,-0.114161,0.027066,-0.243985,0.133491,-0.045340,-0.024714,-0.193268,0.143818,0.003223,0.160339,-0.042360,0.003638,-0.093487,0.224397,-0.300457,-0.190756,0.003907,0.104026,0.096588,0.066342,0.069508,-0.088658,0.208266,0.207841,0.057794,0.101275,-0.024465,-0.129152,0.126749,-0.208450,0.060318,-0.055278,-0.151290,0.218651,-0.079608,0.017462,-0.102150,-0.117250,-0.018345,-0.198302,-0.034832,-0.039855,#
7,0.196847,0.106906,0.024031,0.089457,0.006413,0.105189,-0.144885,1.000000,-0.039446,-0.173030,-0.268923,0.030568,0.177463,-0.015968,0.133111,-0.006620,0.111851,0.164430,0.198773,0.120199,0.173577,0.104131,0.179790,-0.033784,0.199672,0.113456,0.000377,-0.122543,0.007275,0.139946,0.007268,0.105534,0.142791,0.077426,0.170707,-0.007250,-0.246598,0.223137,0.375493,-0.035228,0.074803,0.293924,-0.112242,0.023106,0.107103,0.242913,0.158684,0.164706,0.228985,0.143507,0.072951,0.049521,0.006126,-0.113686,0.170861,0.006126,0.061819,-0.095754,0.220764,0.305558,0.185626,0.158816,0.087358,-0.082451,0.208134,-0.038382,0.107092,-0.116954,-0.325989,-0.014267,0.155873,-0.142918,0.162049,0.022349,0.121954,-0.038500,-0.094846,-0.086791,-0.144763,-0.000495,0.296429,0.024233,0.130450,0.124499,-0.021488,0.199344,-0.045411,0.077356,0.020752,0.150999,0.156392,-0.098199,0.159332,-0.059122,0.259744,0.277371,0.144285,0.269568,0.133132,0.215048,0.114536,0.046297,-0.302330,-0.043165,0.244086,-0.013281,-0.063006,0.094948,0.118323,-0.195867,0.048906,0.067154,0.200459,-0.105450,0.391228,0.048928,0.133057,0.045431,0.234958,0.253303,0.174943,0.262542,0.158874,0.054372,-0.052593,0.062089,0.139156,0.237061,0.146858,0.224688,0.012866,0.052651,0.039613,-0.184461,-0.041289,0.025587,-0.020075,0.289982,-0.042589,0.061779,-0.119386,-0.006153,0.160732,0.038782,0.183769,0.248712,-0.042587,-0.116500,-0.132698,-0.134657,-0.019390,0.132753,-0.007031,-0.192743,0.158031,0.157929,0.153981,0.218660,-0.187644,0.066463,0.130636,0.146242,0.210404,0.143559,0.071974,0.106741,-0.164714,-0.166789,-0.163794,-0.026989,0.151867,-0.059001,0.274201,0.178413,0.044795,0.006189,0.113099,-0.220590,0.015759,-0.020197,0.154334,-0.000032,-0.060458,0.167461,0.168898,0.145026,0.220978,0.197482,0.171196,0.276476,0.046677,0.050959,0.088501,0.102924,0.282936,-0.028018,0.149047,0.293687,-0.123426,0.061016,#
8,0.054473,-0.071704,-0.174206,-0.169316,0.154687,-0.020552,0.017990,-0.039446,1.000000,0.107379,-0.087949,0.169596,0.008323,0.149294,0.172994,0.143089,-0.070721,-0.185579,-0.288236,-0.053148,-0.014989,0.005807,0.072699,0.057383,-0.025519,-0.041449,0.021614,-0.269887,0.044028,-0.179631,0.075790,-0.057794,0.002156,-0.076928,0.047840,0.407695,0.034453,-0.104297,-0.167734,-0.096344,-0.095606,0.005178,0.195393,0.228473,-0.021547,-0.107547,-0.144406,-0.388168,-0.032713,0.023598,0.139399,-0.055646,0.202398,-0.161668,-0.229674,0.045759,0.010789,0.042398,-0.112637,-0.133582,0.043157,0.145875,0.119682,0.099816,0.069642,0.180743,0.023591,0.145796,0.103245,0.053342,0.243296,0.125348,0.120008,-0.177783,0.136610,-0.081973,0.206911,0.064199,0.124952,0.141339,-0.122540,0.111265,-0.140167,-0.043213,-0.008779,-0.088583,0.035736,0.024535,-0.213472,-0.165028,0.072109,-0.069306,-0.177346,-0.184884,-0.304925,-0.062019,0.371417,0.223601,0.269193,0.233900,-0.232595,-0.267792,0.249314,0.373180,-0.250388,0.095522,-0.054516,0.055382,-0.034815,0.171243,-0.136591,-0.142665,-0.067278,0.048725,-0.159109,0.092188,0.242971,0.005958,-0.176404,0.212807,-0.031841,-0.010576,0.069592,0.370357,0.228081,0.179822,-0.072147,-0.023393,0.337667,0.105988,-0.059394,0.109144,0.002424,-0.144516,-0.185566,0.130234,0.111748,-0.023983,-0.026668,-0.016880,-0.119490,-0.111027,-0.163291,-0.296378,-0.011377,0.191100,0.036283,0.166179,0.058939,0.009612,-0.061112,0.181357,-0.165631,0.038959,0.314092,-0.100916,0.067954,0.301803,0.281396,-0.220098,0.166365,-0.072242,-0.283252,-0.286583,-0.148735,-0.050762,0.162649,0.145328,0.184695,-0.190256,-0.170676,0.313744,-0.249378,0.009484,0.184705,0.022809,0.158352,0.106826,0.070983,0.062655,0.191405,-0.072124,0.141103,-0.179534,0.041527,-0.095921,0.051291,0.099919,-0.185094,0.063389,0.209399,-0.100600,-0.021719,-0.005933,0.013054,-0.223524,-0.337133,0.101679,-0.178735,0.106946,#
9,-0.014902,-0.008250,0.084608,0.125905,0.081815,0.026819,0.132647,-0.173030,0.107379,1.000000,-0.009069,-0.230906,-0.080728,-0.059855,0.013897,-0.140461,-0.114048,0.053472,-0.230565,-0.078858,0.055931,-0.007589,-0.229508,0.009655,-0.062415,-0.252391,0.008985,0.091380,-0.053763,-0.399300,-0.205958,0.278381,-0.039031,-0.104666,-0.177413,0.032686,-0.060063,-0.273076,-0.017670,0.058612,-0.132751,-0.050009,-0.101842,0.070377,-0.057401,-0.066929,0.039887,-0.095372,-0.074110,0.135751,0.225121,-0.091809,-0.033542,-0.157933,-0.216241,0.035899,0.049889,0.044213,-0.298909,0.136199,0.169657,-0.062916,0.052219,-0.131550,-0.159956,0.049635,-0.024844,-0.063077,0.091389,0.191384,0.152795,0.074433,0.059737,-0.068342,-0.225671,-0.113589,0.198984,-0.102210,-0.011331,0.127642,0.043058,0.150854,-0.154600,-0.157692,0.067492,0.007934,0.255660,0.142272,0.048595,0.152028,0.160125,-0.034763,0.213981,-0.217756,0.139364,-0.254906,0.011500,-0.176193,0.059577,0.315467,-0.076746,0.024340,0.070010,-0.108826,0.070071,0.190570,-0.114777,0.115073,0.094474,-0.204811,-0.129122,0.186369,0.185753,0.072953,-0.022226,0.029779,0.077635,0.063893,0.083369,-0.064379,-0.283838,0.105242,-0.189997,0.071712,0.115269,-0.048867,0.040691,0.052912,0.025584,-0.164070,-0.067160,0.014171,-0.093239,0.293407,0.068130,-0.269341,0.035874,-0.022340,0.001388,0.031373,0.264509,0.271266,0.007374,0.112001,0.040108,0.091099,-0.182390,0.254683,-0.012932,0.052048,-0.116783,-0.144322,0.080784,-0.132272,-0.137939,0.021125,-0.036702,0.134257,0.075804,0.127006,-0.123277,0.074609,0.144037,0.135454,-0.257981,-0.017575,-0.053055,0.266767,-0.019726,0.013655,-0.049212,-0.044890,-0.205298,-0.363512,-0.082139,-0.064133,0.210128,0.090729,0.063892,-0.003503,-0.173009,0.215896,-0.020499,-0.054481,0.068832,-0.021357,0.004257,-0.062735,0.227070,0.127243,-0.219627,-0.113429,-0.001448,-0.009975,-0.267278,-0.003366,-0.062582,0.005903,-0.284879,-0.106080,#
10,0.078510,0.025727,0.038717,-0.142802,0.027333,-0.034994,0.031295,-0.268923,-0.087949,-0.009069,1.000000,0.214225,0.006946,-0.135603,-0.040142,-0.036838,0.142982,-0.003124,0.152531,-0.039468,-0.032343,-0.022556,-0.268360,0.173426,0.012184,0.092427,-0.183987,0.132773,0.012964,-0.123454,-0.070840,-0.059301,-0.140453,-0.131144,0.021567,-0.167552,0.209929,0.007086,-0.194035,-0.202970,0.108504,-0.302667,-0.112612,-0.091435,0.006734,-0.052445,0.232595,0.112327,-0.218813,-0.009487,-0.174289,0.077233,0.189565,-0.053499,0.022873,0.314115,0.018534,0.130778,-0.191241,0.010043,-0.063369,0.117182,0.091178,0.270289,-0.161944,0.085798,0.040684,-0.019674,0.050723,-0.076004,0.106463,0.175814,-0.212134,0.000395,-0.116692,0.041240,-0.268852,-0.137655,0.180391,-0.333337,-0.067353,-0.091047,0.081342,-0.064736,-0.070637,0.147409,0.105044,0.050443,-0.202923,0.104140,-0.034259,0.092921,-0.002447,-0.202358,-0.038728,0.027022,0.087518,0.068000,-0.040459,-0.020017,-0.142626,-0.088824,-0.024708,0.082273,-0.546233,-0.032605,0.118070,-0.045728,0.072960,-0.020354,0.093764,-0.017628,-0.003536,0.041832,0.063846,-0.027319,-0.151991,0.010745,-0.093282,-0.143542,-0.038124,0.057142,-0.005850,-0.023336,-0.025953,0.132001,0.260983,0.043504,-0.075317,-0.166902,-0.072326,0.213018,-0.003166,0.053040,0.134112,0.004733,-0.084056,0.058840,0.087535,0.046840,0.017944,0.154591,0.170519,0.151757,0.044113,0.175178,0.070268,-0.021138,0.040585,0.159628,0.098225,-0.288990,-0.104262,0.226286,-0.006721,0.003836,0.077918,-0.023814,0.098487,-0.111399,-0.021217,0.054647,-0.033599,0.040786,-0.181892,0.211101,0.124511,0.204765,0.032224,-0.068729,-0.143910,0.089559,-0.036608,-0.048891,0.173831,0.122460,0.054073,-0.020796,-0.010759,0.182805,-0.217975,-0.191606,-0.130924,0.043178,-0.171944,-0.008917,0.324580,0.163511,-0.028313,0.006521,-0.134438,-0.032334,-0.035841,0.219185,0.046657,-0.200828,-0.159651,-0.071224,0.027337,0.149100,#
11,-0.047786,-0.118556,-0.150729,0.098563,0.094178,0.043165,0.023557,0.030568,0.169596,-0.230906,0.214225,1.000000,-0.029287,-0.023987,0.068256,0.121534,-0.043088,-0.034889,0.168475,-0.005065,0.022657,-0.011395,0.091127,0.032061,0.100359,0.124872,-0.247202,0.169588,0.112099,-0.069582,0.327940,0.083692,0.089099,-0.052398,-0.042585,-0.145069,-0.072251,0.063607,-0.217091,-0.204341,0.203801,-0.094087,0.098293,-0.167542,0.064013,-0.088704,-0.086183,0.086312,-0.126190,-0.173312,-0.325836,-0.088376,0.291977,0.001250,0.124864,-0.004885,-0.259904,0.252659,0.202739,0.304703,-0.109553,0.100021,0.157747,0.168019,-0.023317,-0.017161,-0.076162,0.019515,-0.044673,-0.142223,-0.116975,-0.009012,-0.209225,0.140700,0.218066,0.124235,-0.190501,0.169267,0.251671,-0.102929,-0.174722,-0.196062,-0.042747,-0.216535,-0.090181,-0.212315,-0.097050,0.020010,0.018457,-0.098307,-0.306269,-0.034934,0.043863,0.030870,-0.234472,0.170495,-0.011791,0.173828,-0.043821,0.034493,-0.077081,-0.157650,-0.211142,0.296120,-0.256958,-0.056169,0.080736,0.116503,0.071181,-0.114331,-0.053930,0.084754,0.061845,0.051127,0.114961,-0.053051,-0.008699,0.084614,-0.264567,0.318301,-0.001483,-0.104203,0.031564,0.414409,0.066238,-0.060954,0.105621,0.244129,0.110541,0.095185,0.047582,0.187775,0.232920,0.040955,-0.026431,0.276928,0.133657,0.187424,-0.024362,0.306184,-0.240126,-0.171575,0.009699,0.184895,-0.052410,0.094337,0.260553,-0.100618,-0.095808,-0.162195,-0.121567,0.038374,-0.011788,0.247216,0.015927,0.134240,-0.089920,0.109401,-0.012068,-0.140661,0.095406,0.086388,-0.198323,0.135303,-0.105276,0.056915,0.080061,-0.033994,-0.059486,0.004001,0.179883,0.240688,-0.128401,0.116848,0.073055,0.121547,0.096224,-0.179501,0.044711,-0.003044,0.029858,-0.254828,-0.030095,0.104713,0.080756,-0.080123,0.151655,0.099856,-0.164601,-0.178167,0.292446,0.202188,0.075471,0.064485,0.140770,-0.051077,-0.085122,0.064085,0.045523,0.102854,#
12,0.308741,0.256092,-0.108587,0.134426,0.096297,0.220435,-0.147443,0.177463,0.008323,-0.080728,0.006946,-0.029287,1.000000,-0.086279,0.131430,-0.162942,0.063689,-0.198894,0.050551,-0.025313,0.152830,0.063566,0.087100,-0.028277,0.107253,0.178342,-0.019510,-0.172256,-0.021172,0.111498,0.096061,-0.198791,-0.024268,0.038567,0.413307,0.003621,-0.093342,-0.127807,-0.107365,-0.010121,-0.132196,-0.261335,-0.117182,0.045838,0.035213,0.000244,0.209850,0.222613,0.212962,0.281184,0.051149,-0.143414,-0.052718,-0.014560,-0.062935,0.103004,-0.117842,-0.229384,0.211953,-0.089426,-0.186984,-0.163184,0.059542,-0.148614,-0.069087,-0.135882,-0.235455,0.285547,0.059479,0.034394,-0.075182,0.118920,0.158676,-0.136680,-0.019738,0.249440,0.036737,-0.095842,-0.089109,0.017683,0.240577,0.081926,0.106534,-0.371299,-0.036932,0.089164,0.014026,0.079806,-0.039010,0.052609,0.103936,-0.285024,0.140828,0.217669,-0.112603,-0.011101,-0.075120,-0.080165,-0.223873,-0.215989,-0.004956,-0.073429,-0.177002,-0.057297,0.091465,-0.041186,-0.012378,0.233052,-0.024073,-0.016989,0.022113,-0.014409,0.273920,0.019331,-0.085849,-0.095861,-0.154145,0.138668,0.031920,-0.105176,0.117038,0.272829,0.001103,0.080377,0.042414,0.334642,0.057718,-0.037581,-0.221475,-0.017920,-0.301150,-0.228836,-0.038618,-0.084279,-0.124849,-0.034452,-0.181784,0.025233,0.065610,-0.218217,-0.286434,-0.207810,-0.146091,0.077112,-0.189366,0.148951,0.262617,0.085520,-0.172740,-0.062386,0.097159,-0.186824,0.109667,-0.295846,0.178133,-0.154700,0.009185,0.146388,0.136147,-0.329123,-0.059923,0.232951,0.013978,-0.084450,0.090074,0.159935,-0.063022,0.041108,0.161563,-0.007594,0.208050,-0.186156,0.052409,0.069833,0.173393,0.093619,0.061964,-0.049294,-0.467201,-0.036487,-0.060753,0.155953,-0.157149,0.046728,0.006838,0.089045,0.134196,-0.064277,0.212759,0.045968,-0.017883,-0.003393,-0.205547,-0.001306,0.000122,-0.177896,-0.129628,0.002569,-0.067474,0.043868,#
13,-0.451775,0.288517,-0.046856,-0.060777,-0.315831,-0.083843,-0.265177,-0.015968,0.149294,-0.059855,-0.135603,-0.023987,-0.086279,1.000000,-0.065547,0.058545,-0.017058,-0.114127,0.212739,-0.181455,0.147453,0.111093,0.243929,0.166113,-0.152258,0.395234,-0.108824,-0.099007,-0.019738,0.018447,-0.043790,0.049192,0.050711,0.148328,-0.079816,0.235681,-0.022330,0.128459,-0.176645,-0.169489,0.119362,-0.009033,0.044379,-0.187392,-0.005948,0.130108,-0.236426,0.139867,0.268240,0.009001,-0.174117,0.027158,0.077088,0.041293,0.148309,0.136457,0.129654,0.118473,-0.092527,0.078798,-0.068432,0.133713,-0.154453,-0.069991,-0.008268,-0.128398,0.195288,0.128922,0.136733,0.221278,-0.175547,-0.059279,0.316999,0.050175,0.020099,-0.030995,0.049533,0.042323,0.001376,-0.046522,-0.130963,-0.086233,0.172985,0.051641,-0.222953,0.183821,-0.237387,0.099924,0.306308,-0.090480,0.098348,0.118800,0.184043,0.070700,-0.207735,-0.181664,0.121347,0.054474,0.101461,0.128134,-0.035107,0.070690,0.129015,0.084399,-0.024655,-0.073928,-0.065017,0.300194,-0.191462,0.041568,-0.143574,0.035258,-0.198476,-0.068510,0.053496,-0.074055,0.095672,-0.097227,-0.065820,-0.141229,0.136109,-0.085575,0.101321,0.075371,0.011943,-0.107261,-0.077687,0.071779,0.074559,0.028815,-0.128148,-0.150425,0.077004,0.091976,-0.211479,0.080632,-0.091336,0.046700,0.220437,0.037046,0.175566,-0.165035,-0.052808,-0.215795,-0.066873,0.068989,0.055972,0.164003,0.042839,-0.147403,0.077247,0.037169,-0.099748,0.219682,-0.081197,0.050708,-0.040767,-0.222869,0.042160,-0.078334,0.105712,-0.138428,0.210801,-0.044374,0.001177,-0.143994,-0.076401,0.158495,-0.105848,-0.062738,-0.045424,0.053576,-0.230474,0.370232,0.001759,0.097348,0.045464,-0.139792,-0.059163,-0.042493,0.037278,-0.120588,0.097677,-0.134176,-0.194945,-0.021152,-0.162546,-0.279002,-0.147553,0.176964,0.283628,0.135070,0.026795,0.044156,0.064897,0.256881,-0.098373,0.301073,0.023322,0.158779,#
14,0.147189,0.079109,-0.111761,-0.080633,0.098055,0.195931,-0.148445,0.133111,0.172994,0.013897,-0.040142,0.068256,0.131430,-0.065547,1.000000,-0.161676,0.119114,0.213162,0.023553,-0.055569,-0.052136,0.076226,0.203846,0.203883,-0.175432,-0.074298,-0.052163,0.110000,-0.012697,0.200256,0.384902,-0.034238,-0.042409,-0.015020,0.042878,0.166248,0.135830,0.066538,0.227911,-0.009661,0.041046,-0.013423,-0.066917,0.056272,0.146147,0.172658,0.049538,-0.074568,0.064879,-0.025131,-0.043376,0.161587,0.325786,-0.282004,-0.000469,0.215362,0.138250,-0.118079,0.229295,-0.137682,0.102687,-0.221483,0.163452,0.145893,-0.128297,0.136995,-0.159254,-0.110772,0.048975,0.047596,0.331893,0.224556,0.177803,0.115870,0.164202,-0.012246,-0.078925,-0.060610,-0.220919,-0.095894,0.042689,0.052241,0.183379,-0.038606,0.048272,-0.051421,-0.116927,-0.078435,-0.029412,0.270100,0.202837,-0.127882,0.262016,0.198000,0.025419,0.017449,-0.195083,0.003092,0.029765,0.046435,-0.348370,-0.021571,0.032898,0.093773,-0.024565,-0.039529,0.054008,0.038531,0.270712,0.156182,-0.103548,0.056514,0.355660,0.037987,-0.050363,-0.011189,0.124239,0.052199,-0.102078,0.257687,0.139352,-0.099417,0.042496,0.246572,-0.013973,-0.150286,-0.044586,-0.066508,0.045316,0.046644,-0.286097,0.028379,-0.061678,0.113436,-0.088913,-0.203057,0.106819,0.125003,-0.000457,0.115477,-0.217080,0.085700,0.113363,0.207702,0.218934,0.016224,0.070714,-0.026139,0.038173,-0.079505,0.235371,-0.007830,0.285190,-0.019837,0.070689,0.017949,0.170439,0.010404,-0.050681,-0.011838,-0.092758,-0.090840,0.180586,-0.261822,0.355849,-0.007917,-0.032017,0.087852,-0.055767,-0.007195,0.080899,-0.214230,-0.021593,-0.067029,0.023720,-0.002099,-0.185023,0.106856,0.121651,0.211532,0.103832,-0.060096,-0.170166,-0.024206,-0.039482,0.139603,0.221962,0.191979,-0.111704,0.124694,0.130200,0.081097,0.181996,0.060127,0.007166,-0.080575,-0.095146,0.240039,-0.100937,-0.036985,#
15,0.013382,-0.290086,-0.035418,-0.238311,0.031006,-0.279608,0.322743,-0.006620,0.143089,-0.140461,-0.036838,0.121534,-0.162942,0.058545,-0.161676,1.000000,-0.084645,0.225887,0.113710,-0.061713,-0.142568,0.015427,-0.065705,0.085135,0.001552,0.038599,-0.209744,-0.088756,0.050027,-0.293684,0.010064,0.133730,-0.124688,0.041786,0.036393,-0.009691,-0.003733,0.125321,-0.166059,-0.038769,-0.096313,-0.102610,0.159938,0.072747,-0.175917,-0.051724,-0.060397,-0.188823,-0.204367,-0.053827,0.035093,-0.050426,0.058049,0.043757,-0.069475,-0.057201,0.155965,-0.051663,0.005285,0.187700,0.113572,0.148231,0.204553,-0.121332,0.156534,-0.022203,0.114938,0.099578,-0.156228,0.034865,-0.140561,-0.209012,-0.184676,0.046546,0.065540,0.189162,0.008312,-0.033609,0.193037,-0.112853,-0.315745,0.077761,-0.058587,0.172992,0.046310,-0.005293,-0.236022,-0.105422,-0.058533,-0.332982,-0.063967,0.140116,0.058270,0.009896,-0.118142,0.234878,0.058938,0.130347,0.169575,0.204069,-0.181785,-0.083665,-0.050681,-0.031910,-0.042844,-0.028063,-0.167747,-0.118787,-0.065590,0.001890,-0.001483,-0.195203,0.072812,0.022618,0.332350,0.047939,-0.371458,-0.165649,-0.126353,0.406767,-0.029111,0.121028,0.015463,-0.024056,-0.119609,-0.042006,-0.068116,0.026005,-0.011248,0.273535,0.128489,-0.086473,-0.016836,-0.221032,0.014464,0.308454,0.273499,-0.061843,-0.093704,0.183184,-0.128401,-0.113112,0.011331,-0.076479,-0.021167,-0.082633,-0.154991,0.043381,-0.034273,-0.139594,0.035840,0.227696,-0.051324,0.202930,-0.127362,0.088611,-0.271247,-0.212770,-0.057733,0.064792,-0.042303,0.008705,0.073922,0.088739,-0.069435,-0.024502,0.032645,-0.076589,-0.018495,0.105717,-0.283856,0.136621,-0.211058,0.080340,0.089236,0.053140,0.037499,-0.111103,0.151760,0.068788,-0.019547,0.012164,-0.035189,0.076831,0.297057,-0.189077,-0.053543,-0.173098,-0.176008,-0.036929,-0.034295,0.211666,-0.154655,-0.058972,-0.110948,0.012523,-0.216439,-0.080931,0.220362,-0.025257,#
16,0.145997,0.273719,-0.096797,0.143477,-0.194106,0.017258,0.110069,0.111851,-0.070721,-0.114048,0.142982,-0.043088,0.063689,-0.017058,0.119114,-0.084645,1.000000,0.081360,0.116097,0.231543,0.101939,-0.276141,0.057474,0.161620,0.121625,0.238682,0.133357,0.204957,-0.349821,0.022665,0.158477,-0.038901,-0.090877,-0.045948,0.228599,-0.047031,0.101415,0.214488,0.142845,0.069913,0.082134,0.082013,0.008252,-0.111888,0.078854,-0.130148,0.080543,0.054696,0.126168,0.194037,-0.010358,0.229383,0.053336,0.039069,-0.040970,0.204658,-0.108960,-0.100100,0.036579,0.165694,0.159091,0.353455,-0.114201,0.108724,0.140170,0.160218,0.047216,0.163551,0.027966,0.079228,0.131570,0.191606,0.344984,0.163139,0.073078,0.108109,-0.021368,-0.102421,-0.024054,0.122048,0.199836,0.114762,0.098930,0.030786,0.037314,0.128952,0.050175,-0.213983,-0.235576,0.160453,-0.174634,0.242463,0.184267,-0.103090,-0.047169,0.122109,-0.076021,0.097032,-0.113988,0.162640,0.101979,0.177940,0.007798,0.068730,0.072122,0.111887,-0.078962,0.091511,0.201614,-0.059934,0.017720,0.074567,0.135321,0.093200,0.182540,0.030277,0.416519,0.145622,0.202646,-0.058453,-0.189807,-0.020142,0.091362,-0.073234,0.267944,0.066091,-0.170392,-0.008462,0.019373,-0.008346,0.077413,0.035394,-0.021430,0.165962,0.116709,0.094646,0.160368,-0.040627,0.033321,-0.301881,-0.043023,-0.025766,0.027363,-0.121802,-0.121364,-0.090938,0.129745,0.077325,0.125181,-0.006715,0.184591,-0.043373,-0.153938,0.033929,-0.045182,-0.039657,0.274193,-0.045667,0.017647,0.124020,0.194852,-0.063831,0.124196,0.084665,0.275206,0.177088,-0.129957,0.299713,0.075004,0.072301,-0.152228,0.160669,0.026349,0.243335,0.064805,-0.002024,0.001298,0.262036,0.042076,-0.035078,0.145035,0.030622,-0.182280,0.197618,-0.209318,-0.000938,-0.092425,-0.014951,0.170088,0.020262,0.005878,0.097545,-0.066982,0.127719,0.243263,-0.022309,0.063778,-0.009775,-0.033484,-0.075978,#
17,-0.071740,-0.067233,0.096033,-0.126910,-0.069797,-0.030664,0.157361,0.164430,-0.185579,0.053472,-0.003124,-0.034889,-0.198894,-0.114127,0.213162,0.225887,0.081360,1.000000,0.015696,0.078754,-0.116248,0.060293,0.075111,-0.077922,-0.102316,-0.044391,-0.277812,0.100981,-0.001974,-0.105566,0.151825,0.182700,-0.252407,-0.055272,-0.169917,-0.301105,-0.066647,0.288539,0.350585,-0.158773,-0.166756,0.162599,-0.079395,0.133872,0.062650,0.272524,0.013931,-0.069413,-0.040461,-0.020841,-0.033795,-0.188165,0.019812,0.033791,0.118354,0.094239,0.191721,-0.156244,0.029910,0.083770,0.152686,-0.218528,0.365910,-0.041816,-0.122864,-0.158002,0.252121,-0.067266,0.018018,-0.092115,0.222450,-0.079321,-0.148221,0.318361,0.213967,-0.028215,-0.216794,-0.075798,0.086889,-0.121276,-0.092963,-0.064100,0.008936,0.194255,-0.051364,-0.140681,0.191328,-0.090688,-0.148942,-0.142870,-0.059647,0.079851,0.243785,0.032542,0.196236,-0.052955,-0.140143,0.003450,0.112028,0.212691,-0.131876,-0.001581,-0.078282,-0.156545,-0.054645,0.125641,-0.102729,-0.074300,0.103090,-0.037263,0.097631,-0.156266,0.295551,0.111853,0.219396,-0.100884,-0.095742,-0.050758,0.022472,0.187639,-0.087071,0.088796,-0.076980,-0.197694,-0.035771,-0.079744,-0.117192,0.054145,-0.018285,0.022247,0.039336,0.088607,0.086684,0.008526,-0.086294,-0.004914,0.227951,0.026296,-0.312006,0.108902,0.041762,0.064417,0.219178,0.080757,0.090439,-0.025063,-0.405198,-0.258114,0.012240,-0.046121,0.175820,0.012136,-0.074915,0.098078,-0.133338,0.142511,0.145816,-0.150123,-0.144571,0.073899,-0.079562,-0.040538,0.273904,-0.020760,-0.109504,-0.299395,-0.262420,-0.133043,-0.074138,0.038951,-0.161160,-0.158443,-0.137788,-0.239274,0.027911,0.028713,0.105873,-0.015746,0.234018,0.171879,-0.050341,0.189346,-0.053428,0.133272,0.014671,-0.216570,0.074524,0.074739,0.007392,-0.077855,0.076393,0.113533,-0.226120,-0.065742,-0.197880,0.223368,-0.022250,-0.194652,-0.056911,-0.327264,#
18,-0.099188,0.014815,0.036373,-0.157669,-0.312017,0.067092,-0.016153,0.198773,-0.288236,-0.230565,0.152531,0.168475,0.050551,0.212739,0.023553,0.113710,0.116097,0.015696,1.000000,0.038437,-0.009863,0.206967,-0.196240,0.079870,-0.024112,0.087618,-0.173791,-0.087586,-0.055014,0.011395,0.051664,0.043206,-0.057464,0.226629,0.086995,-0.120630,-0.193973,0.340177,0.034003,-0.121200,0.167507,-0.041394,0.139565,-0.229726,-0.140582,0.028334,0.244347,0.499730,0.178244,-0.088971,-0.326007,0.104769,0.013928,-0.008371,0.084094,0.012180,0.057693,0.011925,0.153338,0.198798,-0.053687,0.149730,-0.087201,-0.058150,0.254199,-0.245275,0.187245,-0.204425,-0.198526,0.017851,-0.204206,-0.046927,0.018369,0.102533,0.000189,0.058828,-0.247295,0.152209,-0.046247,-0.118003,0.019963,-0.252869,0.127078,0.043434,-0.009765,0.296565,-0.204207,0.259217,-0.083465,0.037297,-0.013571,0.027108,0.150397,0.197751,0.072617,0.025085,-0.059090,0.019555,-0.026486,-0.057641,0.170681,0.076266,-0.128317,-0.120717,0.133651,0.266396,-0.070471,0.170661,-0.106688,-0.124274,-0.063721,0.012667,-0.167779,-0.145077,0.177665,-0.083122,-0.168929,-0.083921,0.201408,0.065772,0.103824,-0.176747,0.008614,-0.101778,0.205825,-0.113797,0.067481,0.069002,0.003690,-0.020603,-0.006078,0.032721,-0.105724,-0.170937,0.045504,0.194007,-0.133359,0.117406,0.073969,-0.080089,-0.221735,-0.156094,-0.043372,0.062904,0.066181,-0.002016,-0.055270,-0.008857,-0.099784,-0.043097,0.129664,-0.089237,0.304413,0.094476,0.043864,0.035163,-0.159501,-0.312024,-0.208382,-0.105856,-0.048034,-0.064552,-0.021187,-0.035063,0.066848,0.052017,-0.057042,-0.070999,-0.017255,0.094121,0.161343,-0.052804,0.018152,0.225483,0.140214,0.100493,-0.054014,-0.120791,-0.130363,0.002688,-0.026971,-0.189530,-0.152496,0.055877,-0.123352,-0.183571,-0.001850,-0.129639,-0.175183,0.017323,-0.020570,0.151104,0.029607,0.164724,0.106769,0.027708,-0.046990,0.269803,0.059675,0.236202,#
19,0.125837,0.090227,0.057894,-0.074753,-0.070532,0.407033,0.013431,0.120199,-0.053148,-0.078858,-0.039468,-0.005065,-0.025313,-0.181455,-0.055569,-0.061713,0.231543,0.078754,0.038437,1.000000,0.022400,-0.097453,-0.088081,-0.061310,0.169771,0.042374,0.020357,0.116497,-0.311029,-0.039213,-0.001800,0.108119,0.163252,0.118289,0.068114,0.046107,0.131390,0.210977,0.041674,0.029737,0.190579,0.312426,-0.069487,-0.007810,-0.106107,0.175539,-0.027223,0.106999,0.204972,0.373287,0.128337,-0.172619,0.146279,0.317144,-0.119482,0.159957,0.043414,-0.128095,0.045677,0.170255,-0.009703,-0.029902,-0.027539,0.122785,-0.045480,-0.085842,0.152317,0.147935,0.277896,0.029787,0.333355,-0.040421,0.106633,0.070979,-0.117353,0.108598,-0.021821,0.140981,0.090971,0.067177,0.248380,-0.065778,0.047118,0.163783,0.200579,-0.043732,0.146764,-0.128277,0.070485,0.081849,-0.153055,0.143591,-0.019682,-0.146530,0.010097,-0.062611,0.120001,0.221000,0.180623,0.234985,0.057099,0.093160,0.194678,0.126787,0.095170,0.193616,0.195177,-0.076638,-0.074988,-0.229067,0.307337,-0.046049,-0.032904,-0.088834,-0.030866,0.003518,0.267201,0.182591,0.331642,0.007885,0.212135,-0.066651,-0.030876,0.006037,0.015264,0.152483,0.104430,0.204514,0.116525,-0.073339,0.165834,0.114331,-0.015008,0.255042,-0.029108,0.092737,-0.107975,0.021043,0.163026,-0.150472,-0.094591,-0.028288,-0.196931,-0.135704,0.334067,-0.205073,-0.122900,-0.194345,0.135397,0.206763,0.046006,0.156675,-0.017816,0.013422,0.206893,0.062289,0.305192,-0.025796,0.335021,0.136195,0.245175,0.232789,-0.070889,0.288946,0.294592,0.145181,-0.032857,0.106795,-0.042703,0.082819,-0.182664,0.242748,0.299471,0.138884,0.142674,0.083946,0.071212,0.151911,0.154167,0.051956,0.103040,0.167580,0.099141,0.148718,-0.006772,0.086842,-0.172383,-0.033122,0.118905,0.096518,0.002661,0.019333,-0.126408,0.149700,0.139337,0.101021,0.146303,-0.136301,0.049163,-0.112482,#
20,-0.151574,0.224166,-0.004089,0.302480,0.302049,0.090640,-0.112524,0.173577,-0.014989,0.055931,-0.032343,0.022657,0.152830,0.147453,-0.052136,-0.142568,0.101939,-0.116248,-0.009863,0.022400,1.000000,0.086790,0.219354,0.265390,0.329079,0.341662,-0.113453,0.172987,0.186510,0.014030,0.083095,-0.003393,0.323527,0.232884,-0.020885,0.194283,-0.271381,-0.053158,-0.120615,0.234589,0.147580,0.096039,0.002973,-0.328932,0.341502,-0.136088,0.035988,0.178781,0.176646,0.237495,-0.097424,0.152209,0.058244,0.144097,0.209564,-0.205622,-0.312649,-0.079565,0.142823,0.036741,0.077276,0.058066,0.022261,0.110312,0.044230,0.132919,0.075817,-0.163268,-0.065854,0.074344,0.127106,0.002914,0.426422,0.065107,-0.094946,0.059982,0.118901,-0.054817,0.335763,-0.010576,-0.098922,0.193139,0.183956,-0.269327,-0.150493,0.095037,0.024902,0.149014,0.106976,0.402328,0.156616,0.036259,-0.010552,-0.131130,-0.034747,0.259268,0.211848,0.068694,0.023667,0.159893,0.188014,0.069753,-0.020906,0.212337,-0.046274,0.266152,0.347461,0.010000,-0.102588,0.324649,-0.090908,0.307938,0.023489,-0.080613,0.116638,-0.003576,0.072064,0.055379,-0.013110,-0.093131,0.109824,0.118970,0.019690,0.157606,0.152914,0.139183,0.268578,-0.057809,0.056583,0.146688,0.070073,0.120359,0.177067,0.165977,-0.009252,-0.058772,-0.031199,0.240965,0.043834,0.180600,0.067860,0.095243,0.051757,0.005054,-0.058325,-0.065867,-0.068102,0.035590,0.077793,-0.085928,0.086022,0.072996,0.087090,0.027555,0.040621,0.012095,0.242221,0.111587,0.209690,0.060406,0.228083,0.194937,0.050299,0.172948,0.006017,0.141668,-0.045575,0.275139,0.059627,-0.210334,0.252954,-0.099257,0.020298,0.194314,0.025480,0.184596,-0.003259,0.236503,-0.007123,-0.061519,0.172843,-0.046659,0.054282,0.179128,0.018482,0.208086,-0.031873,-0.000127,0.089242,0.162368,0.130288,0.268445,0.270068,0.120067,0.223071,0.148606,0.008365,0.170251,-0.083861,-0.029634,#
