0,1.000000,-0.040306,0.101735,0.027091,-0.154413,0.038845,0.102335,0.023355,0.052913,-0.133216,-0.081843,0.159628,0.164643,-0.349574,0.188741,-0.093649,-0.060881,0.053797,-0.042019,0.108081,-0.247657,-0.038762,-0.056374,-0.038520,0.004377,0.095657,0.077235,0.077053,-0.235194,0.013156,-0.079502,-0.097333,-0.157638,-0.261008,0.222306,0.030709,0.193476,-0.195441,-0.095246,-0.101187,-0.063395,-0.115324,0.122772,0.019062,-0.004908,0.012699,-0.075706,-0.029400,-0.151481,-0.111683,-0.069676,-0.200701,0.360524,0.134352,-0.231865,0.025527,0.022990,-0.069341,-0.046669,-0.248340,0.179467,-0.232994,-0.014477,0.190805,-0.152811,0.158563,-0.225975,0.263489,-0.194467,-0.041811,-0.146150,0.000058,-0.109916,0.078381,0.037648,-0.155084,-0.099549,-0.204273,-0.105815,-0.047851,0.157920,-0.067034,-0.218236,-0.096000,-0.124494,0.256224,-0.063290,-0.198495,-0.237126,-0.220513,0.016201,-0.050370,0.040029,0.042128,0.014500,0.186351,-0.222198,-0.016216,-0.069993,-0.082121,-0.190414,-0.095017,-0.321083,-0.025386,-0.027489,-0.297612,-0.209978,0.066563,0.180238,-0.036646,0.113018,-0.112975,-0.064350,-0.070146,-0.085835,0.025166,-0.259142,-0.123966,-0.023744,0.137197,0.199366,0.423449,-0.098305,-0.039283,-0.140763,0.001722,0.090775,0.084078,-0.244451,-0.077807,-0.307959,0.090889,-0.020148,-0.039820,0.001967,-0.310495,0.104614,0.046732,-0.146743,0.146634,-0.273228,0.073369,-0.059159,0.372289,0.187790,-0.063480,-0.087721,-0.033172,0.118395,-0.225915,0.009586,-0.274137,-0.135682,-0.149489,-0.192786,-0.078255,-0.119871,-0.144282,0.197025,0.192769,0.106034,0.262705,-0.279587,-0.055503,-0.197779,0.210037,0.160642,0.027514,0.110083,-0.011381,0.018183,-0.027773,0.068194,0.021425,0.156194,-0.005293,0.115014,-0.080686,0.055440,0.048096,-0.134243,0.136539,-0.034567,0.138001,0.053198,0.038567,0.189109,0.126841,0.096134,0.286153,-0.092406,0.033562,-0.059976,0.053893,-0.077178,-0.171406,-0.200733,-0.121546,-0.055479,-0.015288,#
1,-0.040306,1.000000,-0.260390,0.125887,0.136426,0.158757,-0.099901,-0.119503,-0.153474,-0.076557,0.078898,0.006146,0.345599,0.245768,0.163220,-0.089284,0.092973,-0.163283,-0.033042,0.139932,0.136776,0.121983,0.275816,0.360657,-0.172585,0.144572,0.152828,-0.142748,-0.200296,-0.102773,0.174369,0.069870,0.087200,0.032400,0.287641,0.068105,-0.080937,0.108228,0.067166,0.091373,-0.057831,0.053612,-0.132099,0.098564,0.047148,0.184281,0.157859,0.030401,0.231407,0.120143,0.164280,0.317351,0.076302,-0.312062,0.034323,0.262585,-0.020758,0.101210,0.164856,0.106121,-0.044273,0.085432,-0.135821,-0.144766,-0.080512,-0.015429,0.084590,0.157882,0.128544,0.321669,0.060489,0.045351,0.399314,-0.153959,0.013068,0.189490,0.057448,0.110201,0.073058,-0.052258,0.124210,0.026645,0.215509,0.079546,0.041186,0.086459,-0.083656,-0.176427,0.024280,0.106238,0.125545,0.051464,0.056619,0.065134,-0.218046,0.010067,0.077528,-0.025980,-0.294130,0.056941,-0.219226,0.446064,0.036101,0.170853,0.066458,-0.198474,-0.073456,0.123636,0.061097,-0.300312,0.035476,0.106783,0.024372,0.024689,0.171761,0.081909,0.278463,0.306443,0.090329,-0.031473,0.272391,0.253016,0.074131,0.084697,-0.109917,-0.104159,0.136365,0.322791,0.133253,0.120664,-0.067027,-0.224864,-0.157214,0.189792,-0.087876,-0.173286,-0.114964,0.029320,0.269519,-0.021014,-0.037833,-0.074582,-0.116898,-0.135885,-0.215102,0.152315,0.024614,-0.011588,0.125220,0.019841,0.251990,0.002737,0.103151,-0.035874,0.166603,-0.035482,0.151756,0.139641,-0.006273,-0.029712,-0.109338,0.149331,-0.054300,0.120842,0.281380,0.051652,-0.190653,0.343462,-0.088606,0.240970,-0.071878,-0.061430,0.092281,0.095445,0.092984,0.003020,0.130720,0.011726,-0.126956,-0.202610,0.051603,-0.181821,0.063569,-0.168457,-0.061248,0.172448,-0.008081,-0.084642,0.054790,0.100921,0.115965,0.028590,0.084439,0.009111,0.256860,-0.046614,0.099222,-0.030604,0.092635,-0.015838,#
2,0.101735,-0.260390,1.000000,0.035851,0.011473,0.098097,-0.177532,0.289597,-0.055107,0.150011,-0.058526,-0.198519,-0.173977,-0.115492,0.182827,-0.205453,-0.005971,-0.014561,-0.156784,0.009970,-0.006957,0.055467,-0.152325,0.014306,-0.021658,-0.165145,0.137072,0.045024,-0.053668,-0.046693,-0.153012,0.042046,0.148843,-0.014129,0.039646,0.079591,0.157308,-0.127354,0.219253,0.071327,0.174844,0.222340,-0.161589,-0.060831,-0.004326,0.226925,0.154870,-0.264286,-0.051513,0.238566,-0.056724,-0.113740,-0.033558,0.328574,0.087185,0.103222,-0.002610,-0.033955,-0.166836,0.043178,0.243594,0.051670,-0.075351,0.242244,-0.022998,0.045183,0.251855,-0.201813,0.090960,0.130821,0.296868,-0.066207,0.083827,0.114817,0.104968,-0.005344,0.212980,0.030967,-0.087503,0.296809,-0.086902,0.192283,0.082115,0.108005,-0.002970,0.237256,0.324148,0.224201,0.227055,0.065886,0.294546,0.092619,0.050833,-0.347371,0.453484,-0.099405,-0.120505,0.011782,0.195004,0.076000,0.084934,-0.267328,-0.269039,0.039906,0.190917,0.380493,0.057627,-0.200995,0.361394,-0.003173,0.113389,0.008457,0.316101,0.046462,0.036784,-0.122733,-0.027691,-0.120536,0.234767,-0.207749,0.087195,0.109647,0.026908,-0.077948,0.063498,0.139919,0.059552,-0.025946,0.005154,0.154064,0.058017,0.097689,0.014039,0.295999,0.069765,-0.197460,-0.167248,-0.005378,-0.155541,0.015139,0.313014,0.076203,0.102304,0.031917,0.043888,0.078159,0.097360,0.017731,0.254890,-0.156162,0.086772,-0.020903,0.084205,0.006270,-0.109031,0.259351,0.086577,0.104821,-0.140845,-0.051152,-0.010296,-0.224604,0.221113,0.015179,-0.108409,0.033930,0.194403,0.055021,-0.004816,-0.070361,-0.001085,-0.100512,0.047427,-0.002461,-0.022661,0.197370,0.142800,0.016380,0.179011,0.010485,-0.165827,0.226020,-0.031584,0.126605,0.130099,0.259603,0.003016,0.021943,0.052382,-0.037396,-0.187937,-0.091612,0.021971,0.226579,-0.001198,0.069410,0.097050,-0.016278,-0.385888,-0.052867,#
3,0.027091,0.125887,0.035851,1.000000,0.108844,0.046711,0.051873,0.233783,0.030488,0.095997,0.040615,0.014519,0.411803,-0.254914,0.135238,0.026357,0.113852,-0.090870,-0.048113,-0.084413,0.247978,0.311854,-0.067639,0.062790,0.106809,0.216564,0.133847,0.046903,0.114157,-0.210690,-0.036111,0.233638,-0.034293,0.272001,0.335513,0.061974,-0.037223,-0.012881,-0.002422,0.157054,0.077684,0.136749,0.000042,-0.091257,0.208205,0.234583,0.112131,0.248381,0.240895,0.039053,0.166321,-0.029640,0.123800,-0.024949,0.288084,0.038846,-0.275960,0.046167,0.408578,-0.072789,0.261091,0.161253,0.009529,-0.061335,0.056363,0.207896,-0.022053,-0.176246,0.069734,0.210321,-0.006232,0.247650,0.314765,0.193480,0.069171,-0.119907,-0.019228,0.067348,0.159630,0.170932,0.143724,0.103982,-0.065748,0.327298,-0.023737,0.089930,-0.015419,0.091942,-0.131990,0.078098,-0.122835,0.067866,0.235671,0.071960,0.305322,0.219270,0.088476,0.007315,-0.174939,0.121031,-0.058251,-0.021181,-0.255285,0.152395,0.131796,0.276849,0.218834,0.317134,0.118846,0.024844,-0.090111,0.177281,0.044715,0.112375,0.178726,-0.007807,0.170092,0.079045,0.068740,0.015731,-0.100836,0.110867,-0.182253,0.106449,0.080998,0.010293,0.237144,0.194897,0.005722,0.218951,-0.043065,-0.031658,-0.106289,0.332924,0.300830,0.101233,0.234247,-0.083823,0.031695,0.056489,0.083302,-0.055280,0.022276,0.125782,-0.234557,0.293332,-0.011041,-0.016000,0.019381,-0.170753,-0.041317,-0.004108,0.254360,-0.104280,0.221349,-0.105821,0.177058,0.315691,-0.049691,0.195481,0.182960,0.110540,-0.055959,0.333840,0.240252,0.040691,-0.148346,-0.049944,0.083392,0.131134,0.194325,0.008510,-0.020068,-0.044116,-0.223014,0.252110,0.063011,-0.048359,0.131922,-0.121008,-0.080726,0.061623,0.007030,0.058912,-0.059622,0.015109,-0.061392,-0.007404,0.380475,0.144348,-0.167726,0.011071,0.246732,0.034796,0.113626,0.143733,0.267267,0.105783,-0.037741,0.187952,#
4,-0.154413,0.136426,0.011473,0.108844,1.000000,-0.008898,0.184669,0.018893,-0.138168,-0.027213,0.202140,-0.043805,-0.142022,-0.157024,-0.022833,0.228256,-0.246918,-0.201870,-0.190491,0.094016,0.106270,0.240246,0.166020,0.117955,-0.084893,-0.228139,0.148461,-0.077318,0.167210,-0.123161,0.156051,-0.052144,0.130912,0.106546,0.020227,0.165750,-0.251425,-0.104108,0.027780,0.158015,-0.032199,0.195075,0.051358,0.201443,0.249788,-0.161222,0.222134,-0.120159,-0.158618,-0.072520,0.088299,0.262089,0.051579,-0.238310,0.029557,0.064097,-0.169273,-0.011889,0.165025,0.011145,0.028488,0.268348,0.045658,-0.021862,0.198566,0.238109,0.178408,-0.195826,-0.080333,0.201330,0.130384,0.066772,0.141781,-0.170632,-0.059879,0.329730,0.167750,-0.001541,0.229517,-0.054206,-0.236612,0.248258,0.077410,-0.123224,0.138504,-0.040834,0.004712,-0.051636,0.089858,0.121983,-0.114475,0.012709,-0.071484,-0.096383,0.165520,0.132315,0.227462,0.115444,-0.149192,0.151506,0.036231,0.095437,-0.144071,0.115976,0.060546,-0.165017,0.192844,0.056888,-0.105297,0.075727,-0.069328,0.162697,0.305620,0.311252,0.103760,0.130734,-0.084808,0.394866,-0.158555,0.141867,0.280271,0.072361,0.062473,0.200883,0.047573,0.046866,0.198418,0.033361,0.181889,0.243236,0.328680,0.087348,-0.211012,0.008729,0.018305,0.122829,-0.006841,0.133611,0.100949,0.083489,-0.076046,0.295963,-0.121297,0.099481,-0.133538,0.363492,0.136628,-0.190629,-0.030503,0.043690,-0.121205,0.300810,0.099826,-0.061260,0.117955,-0.092881,0.178228,0.145870,0.177691,0.044146,-0.234817,0.240017,0.066189,0.318912,0.065981,0.021697,0.187623,0.207557,-0.249890,0.274033,0.007674,-0.091957,-0.003346,-0.077296,0.260032,0.107710,-0.097613,0.098898,0.016524,-0.057166,0.171819,-0.027344,0.109446,0.022322,0.276131,0.098228,-0.067877,0.014566,-0.137140,0.029700,-0.061341,-0.024080,0.167020,-0.001463,0.294721,-0.276370,0.030163,-0.077547,0.059037,0.113761,#
5,0.038845,0.158757,0.098097,0.046711,-0.008898,1.000000,-0.148512,0.177776,-0.064142,0.083294,-0.155869,-0.096089,0.101558,0.057973,0.005977,-0.144522,-0.061430,-0.129678,-0.009553,0.259534,0.021345,-0.298272,-0.139111,0.106105,0.034354,0.244761,0.062289,0.285113,-0.257045,0.203972,-0.036370,0.233081,0.104647,0.319674,-0.095015,0.186486,0.087824,-0.317852,0.090042,0.014214,-0.107671,0.183139,-0.163609,0.029740,0.139139,0.036793,-0.072443,0.278912,0.054003,0.051581,0.218405,-0.188598,0.138189,0.095862,0.063663,0.373046,-0.005427,-0.056540,0.061159,0.110430,-0.162962,-0.115227,0.021306,0.241067,-0.068604,-0.173165,-0.134012,0.043046,0.095448,0.256237,0.186490,0.044628,0.276274,0.022733,0.056907,-0.250539,-0.080708,0.249183,0.114292,-0.022484,0.019809,0.323352,0.114347,0.025417,-0.105042,0.029318,-0.078647,-0.042999,0.161337,0.067095,0.148352,-0.144848,0.065155,-0.007194,-0.065369,-0.384877,0.124337,0.119780,0.182001,-0.201181,0.150908,0.091204,0.174964,0.165232,-0.007688,0.004936,0.153061,0.226068,-0.094914,0.009763,-0.050276,0.121832,-0.025924,-0.098911,-0.070745,-0.078657,0.171320,0.235679,0.050795,-0.085701,0.037225,0.265734,0.063372,0.272483,0.041678,0.048320,0.398510,-0.039576,0.053067,-0.095352,-0.110995,0.176765,0.143229,0.320929,0.088959,-0.216687,-0.276009,0.305346,-0.080654,-0.118617,-0.050555,-0.121764,0.106402,0.061795,0.379848,-0.059818,-0.037462,0.034895,0.040630,0.183898,0.278345,0.090727,0.202588,0.017920,-0.041487,-0.112847,0.269282,0.043234,0.108812,0.119277,0.028679,0.228699,0.046343,0.172628,0.250570,-0.141337,-0.236718,0.217528,-0.043837,-0.111128,0.289851,-0.033391,0.047824,-0.122639,-0.184350,0.198879,0.228433,0.185385,0.179146,0.064166,0.050791,-0.031917,-0.242406,0.072161,-0.028890,0.178213,-0.267850,0.056878,0.401490,0.259149,-0.015112,0.236181,0.065468,0.316179,0.145096,0.221906,-0.080915,0.200390,0.050925,0.060873,#
6,0.102335,-0.099901,-0.177532,0.051873,0.184669,-0.148512,1.000000,-0.153882,0.224402,0.260592,0.113016,0.045570,-0.001474,-0.144417,-0.183673,0.441247,0.054474,0.096237,-0.099540,0.088507,0.026835,0.075991,0.060354,-0.116645,0.245422,0.017458,-0.068442,0.075046,0.055614,0.061081,0.110555,0.227645,0.164489,0.079106,-0.006905,0.153522,0.110498,0.257917,-0.055981,0.047351,0.072680,-0.134329,0.409051,0.149923,-0.025902,-0.162425,0.011660,0.156437,0.021628,0.013962,0.097328,0.156941,0.187512,-0.075297,-0.029477,-0.101332,-0.030543,0.121199,0.057790,-0.174425,0.344844,0.079394,0.043917,0.026460,0.255084,0.248382,0.160398,0.316106,0.013487,0.070031,0.179898,0.303700,-0.067891,-0.128250,-0.087654,0.410488,0.308788,-0.076788,0.182532,-0.037033,0.108815,0.132902,-0.194515,0.277591,0.210193,-0.022245,0.212322,0.128265,-0.045245,-0.019254,-0.153035,0.185614,0.032604,0.049266,0.169243,0.050901,0.133249,0.160880,0.070897,-0.097922,-0.031919,0.146781,0.115978,0.034361,0.129828,-0.175087,0.030475,0.126946,0.037916,-0.024614,0.020972,-0.102750,-0.131586,0.289701,-0.022791,0.120079,-0.178916,0.078489,0.056778,0.343163,-0.018775,0.024318,-0.129197,0.140089,0.027767,0.051495,-0.218896,-0.119942,0.190021,0.067748,0.103471,-0.003545,-0.006538,0.007779,0.085417,-0.011123,0.047580,-0.070562,0.060676,0.341706,0.082167,0.123417,-0.282244,-0.018217,0.095581,0.123032,0.016613,0.228118,0.026241,-0.058240,-0.021378,0.201864,-0.144676,-0.008651,-0.017080,-0.097520,0.097741,-0.168682,0.072835,0.189096,-0.053376,0.085126,-0.064901,0.081931,0.013883,0.142644,0.127313,0.001012,0.085797,0.109747,-0.012411,0.172400,-0.232570,-0.101610,0.052899,0.079593,-0.025856,0.355877,-0.078141,0.104451,0.084826,0.280558,-0.075354,0.169726,0.149791,0.045753,0.107209,-0.128316,0.033127,0.111694,-0.110944,0.215762,-0.030175,-0.104863,-0.049737,0.134068,0.063468,-0.127685,0.024590,0.173483,#
7,0.023355,-0.119503,0.289597,0.233783,0.018893,0.177776,-0.153882,1.000000,0.074932,-0.227854,-0.084617,-0.274318,0.152096,0.061363,0.142455,-0.118749,-0.024177,0.118106,-0.054390,0.058167,0.198975,0.050556,-0.074895,-0.136216,0.160419,0.194835,-0.017181,0.080158,-0.066472,0.379765,-0.005554,-0.218618,0.094308,0.010854,0.091971,0.053194,-0.063861,0.085016,0.076280,0.034571,0.127695,0.382987,-0.110257,-0.004507,0.057227,0.174152,0.092391,0.197300,0.273194,0.104388,-0.168192,-0.023623,-0.004908,0.256643,0.287195,0.015388,0.083085,-0.368046,0.316967,0.284400,-0.162568,0.133776,0.011420,0.239320,0.006116,-0.003591,0.200548,-0.160331,-0.088606,-0.056556,0.173292,0.056585,0.205068,0.265970,0.064313,0.078170,0.013310,0.049438,-0.127070,-0.056963,0.286199,0.022042,0.139096,0.129654,-0.085843,0.220789,0.266322,0.163677,0.160580,0.308020,0.056988,0.103068,0.209674,-0.060768,0.215886,0.100175,-0.043397,0.227602,0.208239,0.047157,0.204501,-0.174158,-0.152052,-0.081541,0.120644,0.039787,0.095913,0.140891,0.123224,0.117278,0.160499,0.099559,0.309023,-0.036026,0.119542,-0.124574,-0.005048,0.047309,0.297382,-0.023514,0.209304,0.176185,0.037058,-0.015740,-0.032052,0.261801,0.084877,-0.017035,-0.092360,0.053549,0.035474,0.164594,0.115346,0.044019,-0.053643,-0.011866,0.002541,0.245765,-0.048766,0.005845,-0.023500,-0.009465,0.094130,0.140961,0.146815,0.042855,0.141736,-0.164782,0.039449,-0.146246,0.040259,0.204436,0.087917,-0.296803,-0.108487,0.156045,0.325097,0.173321,0.105535,0.068730,0.055368,-0.076070,0.265319,0.085102,0.018969,0.048156,0.034932,-0.036587,-0.250182,-0.076234,0.261822,-0.123776,0.075192,0.022451,0.022095,0.205533,0.008267,-0.229346,0.118158,-0.158613,0.022862,0.169186,0.011300,0.250155,-0.085097,0.115030,0.163635,0.033320,0.247330,0.210069,-0.061312,0.073836,0.132720,0.138323,0.205152,0.128213,0.159187,0.341878,0.105483,0.089646,#
8,0.052913,-0.153474,-0.055107,0.030488,-0.138168,-0.064142,0.224402,0.074932,1.000000,0.086920,0.123006,-0.000327,0.014273,0.151485,0.018612,0.193899,0.032371,0.144724,-0.276668,0.114611,0.205077,0.011254,-0.190166,0.025329,0.308138,0.158777,-0.018392,-0.277283,0.159844,-0.062842,-0.016532,0.179895,-0.013241,-0.095736,0.003390,0.277331,0.105056,0.066145,-0.146176,0.037823,-0.042679,-0.045411,0.436409,0.096540,-0.147829,-0.028271,-0.095240,0.034593,0.117028,-0.112468,0.349517,0.092299,-0.036253,0.080403,-0.042181,0.143974,0.182947,-0.056415,-0.078898,-0.041013,0.229110,-0.018165,0.393227,0.098073,0.245160,0.218352,0.093043,0.166088,0.372917,-0.051243,0.199422,0.188417,0.066492,0.010132,0.006948,-0.034077,-0.087739,0.081343,0.193129,-0.145855,0.200533,0.146010,-0.231825,-0.052942,0.176792,-0.000817,0.035984,0.061157,-0.141784,-0.040367,0.074787,-0.042343,-0.130763,0.035835,-0.090739,0.029595,0.277866,0.288620,0.323615,0.360288,0.055473,-0.285682,0.079388,0.329288,-0.151146,0.174108,-0.019971,-0.041172,-0.156350,0.168392,-0.129646,0.047805,-0.035811,0.046952,-0.181236,0.087800,0.036726,0.114816,-0.038726,0.244834,-0.155279,0.087394,-0.122095,0.161784,0.054629,0.110546,-0.111888,-0.075445,0.121086,0.076390,-0.041930,0.157662,0.128253,0.022569,0.049395,0.126721,0.100140,0.002432,0.168960,0.159205,-0.132594,-0.135305,0.030272,-0.303566,0.044403,-0.115157,-0.080229,0.335482,0.154198,-0.018751,-0.071317,0.243050,-0.299594,0.126523,0.075974,-0.190289,0.138181,0.199083,0.321737,0.079235,0.021818,-0.239233,0.017541,-0.078877,-0.165112,-0.044423,0.061440,0.158770,0.175534,-0.197446,0.045860,0.207914,-0.246564,-0.044277,0.121051,0.140518,0.215127,0.001808,0.191421,0.137961,0.074729,-0.084711,0.096880,-0.016704,0.105549,-0.023508,0.309828,0.120505,0.132484,0.210265,0.172423,0.236432,0.342421,0.130835,0.087705,-0.070945,-0.306224,0.111489,0.003346,0.175991,#
9,-0.133216,-0.076557,0.150011,0.095997,-0.027213,0.083294,0.260592,-0.227854,0.086920,1.000000,0.053176,-0.050733,0.110144,-0.122888,0.055553,0.194793,0.025435,-0.109612,-0.077925,-0.214542,-0.017386,-0.091773,-0.306521,0.019226,0.086765,-0.269994,0.100224,0.080061,-0.032282,-0.245043,-0.095274,0.302059,0.096532,0.112597,-0.162408,0.059820,0.007704,-0.027214,-0.080019,0.043494,0.091044,-0.202072,-0.176371,-0.031895,0.051736,-0.056423,0.052808,-0.071911,-0.000076,0.174915,0.182818,0.011906,-0.127772,-0.092698,-0.148927,-0.046312,0.155845,0.234050,-0.144594,-0.148187,0.083002,0.007822,-0.005927,-0.148021,-0.254920,0.069542,0.084439,0.000003,0.203232,0.117089,0.163029,0.079390,0.110507,-0.042194,-0.296496,-0.045498,0.247898,-0.019979,-0.068445,0.249174,0.035622,0.259726,-0.109711,0.161340,0.024386,0.051760,0.220581,0.371102,-0.078973,0.089298,0.171599,-0.096737,0.055151,-0.114615,0.027996,-0.150233,0.063861,-0.131949,0.048694,0.059456,0.033198,-0.028503,0.255853,0.039424,0.085744,0.094539,-0.027856,0.015937,0.239399,0.127940,-0.084735,0.184360,-0.128123,0.098942,-0.048190,0.048960,-0.007220,-0.006902,-0.074332,0.075124,-0.181438,0.067330,-0.081255,0.161696,0.157828,0.100619,0.115856,-0.067768,0.081517,0.039363,0.035051,0.105979,-0.158571,0.218044,0.177463,-0.213469,0.126841,-0.093328,0.131080,0.036055,0.334932,0.216884,0.045149,0.172877,0.048059,0.315997,-0.008754,0.374470,0.065366,0.059759,-0.052063,-0.070738,0.115853,-0.039340,0.047249,0.014021,-0.027298,0.111296,0.014968,0.161419,0.039183,0.114348,0.110123,-0.070075,-0.015772,0.213614,0.027100,0.137240,0.164028,0.007574,0.143170,-0.059772,-0.124246,-0.326891,-0.086733,0.156566,0.311251,0.206253,-0.065504,0.111630,0.160192,0.059646,0.028990,-0.124248,-0.065426,0.083294,-0.053502,-0.007860,0.196943,-0.021359,-0.181709,-0.017427,0.079297,-0.090332,-0.086027,-0.094935,0.121247,0.017614,-0.131125,0.084323,#
10,-0.081843,0.078898,-0.058526,0.040615,0.202140,-0.155869,0.113016,-0.084617,0.123006,0.053176,1.000000,0.146822,0.068873,0.006688,-0.068034,0.144931,0.204896,-0.161462,0.038728,0.080435,0.018374,0.115112,-0.105597,0.209672,0.092224,0.072004,0.083298,-0.014309,-0.035490,-0.072186,0.029896,-0.067781,0.008726,0.149602,0.055747,0.022850,0.272714,0.060657,-0.027777,-0.143505,0.050430,-0.108555,0.117913,-0.140773,-0.020301,0.103628,0.303542,0.023686,0.008489,0.225341,0.054406,0.278369,0.078223,-0.290494,0.027230,0.334144,0.043241,0.241619,-0.173232,0.021633,0.019971,0.180210,0.153299,0.102035,0.093307,-0.074944,0.205452,0.138941,0.178496,0.001542,0.345567,0.225682,0.088304,-0.233670,0.084971,0.238636,-0.256332,-0.111567,0.042229,-0.019881,0.079889,-0.003562,0.056878,-0.145102,0.015844,0.057837,0.067289,-0.061989,0.035378,0.260912,-0.010264,0.073247,0.180119,-0.290062,-0.161689,0.032114,0.006797,0.323903,-0.069120,-0.008845,-0.064827,-0.108211,-0.094232,0.077062,0.014834,-0.008195,0.183131,-0.031226,-0.056285,-0.034860,-0.033118,-0.125201,0.136823,0.208376,0.014021,0.052109,-0.066347,0.189649,0.140843,-0.034222,0.117115,0.028024,0.059817,-0.004677,-0.037746,0.129602,0.037343,0.031433,0.269251,0.121735,-0.080419,0.101529,-0.133482,0.059406,0.191510,0.331827,-0.003394,0.067270,0.142264,0.039431,0.050786,0.062726,-0.072881,0.014327,-0.152281,0.351940,0.401494,0.170359,-0.009914,0.199803,-0.169841,-0.028759,-0.114849,0.155504,0.255426,-0.188168,0.199133,0.058476,0.025266,-0.212406,-0.033449,-0.029929,0.099567,0.014757,0.066177,0.060983,0.004058,0.060906,0.059458,0.259703,-0.185296,0.172439,-0.143084,0.019562,0.242337,0.129161,-0.097162,-0.096896,-0.116251,0.127720,-0.209979,-0.069913,0.002695,0.012140,-0.257032,0.122541,0.377460,0.050590,-0.189667,0.021666,-0.079894,-0.225578,0.037729,0.234741,0.106280,-0.224515,-0.040940,-0.036297,-0.106909,0.288864,#
11,0.159628,0.006146,-0.198519,0.014519,-0.043805,-0.096089,0.045570,-0.274318,-0.000327,-0.050733,0.146822,1.000000,0.008319,-0.012970,0.114429,0.078314,0.115083,0.027802,0.243864,0.113414,-0.067799,-0.221150,0.136057,0.107005,0.221558,-0.012838,-0.040846,0.013396,0.042340,-0.085720,0.160175,0.276274,0.065703,0.050918,-0.088958,0.038396,0.168839,0.171356,-0.137375,-0.039423,0.179876,-0.286950,0.182581,-0.126595,-0.038812,-0.240605,0.047162,0.186195,-0.099377,-0.045230,-0.084929,0.019030,0.467523,-0.094239,0.009592,0.009619,-0.148592,0.413141,0.029223,0.163402,0.079857,-0.112158,0.317414,-0.000291,0.089336,-0.016588,-0.188352,0.047129,0.214127,-0.116070,-0.107478,-0.150027,-0.107423,-0.034830,0.175933,-0.000690,-0.089394,0.032261,-0.021015,-0.216634,-0.200392,0.143419,-0.049855,-0.065668,0.341085,-0.055142,-0.158291,-0.104518,-0.096971,-0.142409,-0.103937,0.020937,0.030926,-0.186374,-0.166754,0.207739,-0.098760,0.198141,-0.134290,0.114207,-0.122552,-0.107910,0.120550,0.196339,-0.112588,0.016602,0.268121,0.049301,0.138511,-0.222364,0.040552,0.210783,-0.088916,-0.075271,0.017513,0.008659,0.064441,-0.044351,-0.150382,0.263471,-0.000260,-0.100671,-0.042707,0.073879,-0.035905,0.116539,0.131958,0.135028,0.066813,0.275295,0.007867,0.029402,0.248849,0.102810,0.055448,0.170384,0.162201,0.107855,0.164678,0.364216,-0.260722,-0.143187,0.225430,0.029298,-0.065999,0.032015,0.207048,0.063935,0.123167,-0.084287,0.001814,0.082292,-0.118442,0.279611,0.283313,-0.159960,-0.062936,-0.045712,-0.082255,-0.039907,0.252399,0.169394,0.038896,0.045742,0.091070,0.271224,0.203214,-0.066121,0.175705,0.296529,0.216070,0.097195,0.148827,0.204728,0.035098,0.079426,0.200841,-0.004676,0.021647,0.025075,0.012651,-0.244809,0.095366,-0.001960,0.160964,0.044171,0.220964,0.162860,-0.115921,-0.288958,0.105600,0.015673,0.063469,0.097518,-0.037324,-0.102800,-0.005178,-0.083846,-0.038341,-0.129187,#
12,0.164643,0.345599,-0.173977,0.411803,-0.142022,0.101558,-0.001474,0.152096,0.014273,0.110144,0.068873,0.008319,1.000000,0.008357,0.058251,0.192324,0.154639,-0.032482,0.170261,-0.137970,0.199712,0.067039,0.026230,0.172816,0.182265,0.307035,-0.005233,-0.072008,-0.093521,-0.126758,0.020904,0.161042,0.038795,0.130354,0.247566,-0.022590,-0.004816,0.143546,-0.124583,0.047958,-0.120982,-0.135630,-0.030081,-0.010137,0.181581,0.214929,0.168016,0.305273,0.363162,0.170013,0.151967,-0.125958,0.029700,0.026697,-0.071182,0.213867,0.136008,-0.137109,0.364943,-0.088056,0.011344,-0.009818,0.121423,-0.279386,-0.069343,-0.041575,-0.064724,0.301720,0.159974,0.085173,0.012049,0.108944,0.184603,-0.023878,-0.112911,0.098412,-0.045318,-0.120271,0.006578,-0.072172,0.243678,0.191798,0.107907,0.047998,-0.127857,0.175941,0.015043,0.077810,-0.144035,0.056499,0.025275,-0.103021,0.273084,0.097991,0.009184,0.052388,0.008493,-0.070518,-0.234900,-0.011051,-0.080996,0.039033,-0.142253,0.043640,-0.067144,0.057372,0.017243,0.323942,0.100290,0.016990,0.086418,0.085999,0.033634,-0.044379,0.209631,0.048261,-0.123809,0.066208,-0.081659,-0.083489,0.066541,0.367390,-0.047905,-0.005843,-0.019523,0.177064,0.293937,0.024360,-0.171023,0.139240,-0.351125,-0.160744,-0.135547,0.134775,-0.071113,-0.013915,0.062546,0.037487,0.067297,-0.065845,-0.071871,-0.132189,0.149720,0.033393,-0.176208,0.328635,0.128511,0.073331,-0.056713,-0.108595,0.145135,-0.149655,0.118971,-0.118866,0.287211,-0.009771,0.001817,0.147250,0.207792,-0.124546,-0.041792,0.268890,0.090182,0.112152,0.146809,0.060060,-0.139883,0.148530,0.197568,0.111776,0.299218,-0.129904,0.043097,0.152959,-0.031415,0.275346,0.176928,-0.121064,-0.178171,-0.018518,-0.012983,0.219527,-0.127128,-0.081563,-0.159259,-0.014235,0.149164,0.032230,0.393202,0.183379,-0.099821,0.029979,-0.127519,-0.055706,0.006573,-0.001066,-0.037113,0.081000,0.080209,0.253646,#
13,-0.349574,0.245768,-0.115492,-0.254914,-0.157024,0.057973,-0.144417,0.061363,0.151485,-0.122888,0.006688,-0.012970,0.008357,1.000000,0.105674,-0.103323,-0.132624,0.139966,0.121313,0.004090,-0.115886,-0.071806,0.144998,-0.046196,0.046828,0.246100,0.004023,-0.220667,0.093153,0.290026,0.009271,-0.018544,0.045797,0.064617,-0.079569,0.174620,-0.155898,0.167057,-0.227447,0.170164,0.078211,0.005329,0.190101,-0.108152,-0.198620,-0.012755,0.006631,0.242418,0.204176,0.225766,0.024901,0.081123,-0.034420,-0.054921,0.246711,0.273116,0.100949,0.108588,-0.064965,0.121936,-0.186878,-0.085018,0.024631,-0.149304,0.203246,-0.037070,0.152651,0.169260,0.329433,0.085993,0.113096,-0.069491,0.281168,-0.065349,0.039948,0.050918,0.110981,0.094455,0.086112,-0.209474,-0.100014,0.146199,0.163520,0.044837,0.076402,0.216669,0.026922,-0.000416,0.057625,-0.033196,-0.005388,0.029706,0.016626,0.123756,-0.097465,-0.171803,0.180156,0.100304,-0.043857,-0.011907,-0.006796,0.084360,0.318171,-0.164558,0.094184,0.181686,-0.080934,0.122296,-0.234533,-0.007255,0.055687,-0.011985,0.013278,0.103717,-0.085404,-0.228257,-0.055078,-0.018131,0.156079,-0.166762,-0.021543,-0.166605,0.147312,-0.375035,-0.061506,0.013409,0.003636,0.102616,0.115570,0.030578,0.024961,-0.256714,0.081936,0.060961,-0.097708,-0.053813,-0.151221,0.088441,0.349511,-0.039319,0.026856,-0.267913,0.066384,-0.434844,-0.169773,0.060898,-0.095747,0.113393,0.021589,-0.150796,0.139381,0.136137,0.043984,0.125672,0.113981,-0.082036,0.064029,-0.259704,-0.018813,-0.124297,0.057767,-0.172323,0.220065,-0.132525,0.029414,-0.007889,0.038529,0.025556,-0.020526,0.008037,0.092906,-0.023999,-0.011801,0.202374,0.043750,0.065044,0.036043,-0.149826,-0.079867,0.127596,0.022405,-0.126371,0.101247,-0.144215,-0.111908,0.026744,0.045072,-0.130517,-0.050673,0.030310,0.382465,0.113845,0.129566,-0.016637,-0.024053,0.094188,-0.073328,0.143220,0.099147,-0.110416,#
14,0.188741,0.163220,0.182827,0.135238,-0.022833,0.005977,-0.183673,0.142455,0.018612,0.055553,-0.068034,0.114429,0.058251,0.105674,1.000000,-0.052031,0.046643,-0.021510,-0.098443,0.014693,-0.035099,0.000127,0.196563,0.282576,0.074189,0.045004,0.136466,-0.269532,0.004448,0.058006,0.263518,-0.098981,0.023798,-0.148722,0.220998,0.371077,-0.231212,0.050672,0.056678,0.149364,0.161716,-0.071821,-0.133850,-0.090035,0.120295,0.149948,-0.143166,-0.094529,0.218837,0.031589,-0.130765,0.212782,0.138246,0.077712,0.052717,0.054162,-0.173995,-0.232463,0.057590,-0.123550,-0.006297,-0.000239,0.102829,0.203790,-0.066807,0.038591,-0.045065,-0.082343,0.213043,0.128143,0.159048,-0.101412,0.345295,0.351109,-0.072416,-0.067388,0.055665,0.091589,-0.053531,0.134247,-0.127632,0.067535,0.049496,-0.113408,0.114905,0.046855,-0.166068,-0.175143,-0.016549,-0.052686,0.111165,-0.114658,0.265676,0.197326,0.061505,0.102260,-0.224060,0.048108,-0.186441,0.185637,-0.143944,-0.126223,0.038623,0.073747,0.142771,-0.023120,-0.039262,-0.106041,0.194546,0.175313,-0.019122,0.260997,0.037555,0.114968,-0.265650,-0.087072,0.030287,-0.182047,-0.013653,0.036254,0.093568,0.083170,0.054467,0.073417,0.033969,-0.004775,0.288674,0.089213,-0.206510,0.075160,-0.170951,0.179273,-0.148016,0.184143,0.062855,-0.018978,0.333399,0.168122,0.037592,0.104370,-0.043212,0.131451,0.052596,0.040493,-0.092973,0.070158,0.023050,-0.010840,0.087906,-0.191050,0.189780,0.102965,0.228258,0.131967,0.017044,0.076632,0.113168,-0.059909,-0.180179,0.025616,0.099832,-0.042502,0.131041,-0.126921,0.320753,0.146789,0.001270,0.004720,0.028586,0.098373,0.115803,-0.310941,0.145937,0.061536,0.205844,0.189739,0.102131,-0.234894,0.189420,-0.049622,0.059644,-0.010585,-0.105596,-0.018624,0.074896,0.201238,0.097516,0.047290,0.150984,-0.070422,0.015666,0.033871,0.209093,0.229785,0.012876,-0.186146,0.089294,0.108145,-0.082699,-0.157696,#
15,-0.093649,-0.089284,-0.205453,0.026357,0.228256,-0.144522,0.441247,-0.118749,0.193899,0.194793,0.144931,0.078314,0.192324,-0.103323,-0.052031,1.000000,-0.051267,0.058381,-0.099105,-0.002431,-0.017550,0.188269,0.198357,0.069499,0.155120,0.013902,-0.258881,-0.006740,0.161443,-0.136124,0.159509,0.235527,0.175806,0.283685,-0.089689,0.117904,0.055040,0.312858,-0.202901,-0.152425,-0.144589,-0.168713,0.201529,0.182338,0.127743,0.098842,-0.048466,-0.158645,0.017222,0.048382,0.142112,0.089059,-0.081154,0.104837,0.032080,0.115082,0.054566,0.070442,0.130787,-0.046956,0.219558,0.210092,0.148391,0.028126,0.143467,0.059001,0.024217,0.165816,0.181929,0.025359,0.089961,-0.011722,-0.129690,0.040386,0.002743,0.283781,0.162844,-0.044453,0.238749,-0.077658,-0.077669,0.054198,-0.040893,0.118970,0.068225,-0.204328,-0.162452,0.076551,0.050771,-0.148905,-0.164719,0.145839,0.263818,0.154094,-0.051292,0.106165,0.110611,0.267819,0.053586,0.202910,-0.102724,0.059973,0.082647,0.304997,0.019276,-0.097597,-0.101180,0.068682,-0.072806,0.134276,0.032088,-0.061810,0.033637,0.267082,0.055331,-0.102629,-0.198320,-0.023326,-0.185128,0.486960,0.065716,0.073027,-0.047541,0.195013,0.031346,0.146201,0.008903,-0.096007,0.030728,0.250791,0.160082,-0.063154,-0.106654,-0.111537,0.097708,0.316226,0.176188,-0.077437,-0.155463,0.168876,-0.102384,-0.067077,-0.010887,0.027251,0.025736,0.215153,-0.107036,0.149331,0.060929,0.028414,0.089989,0.360839,-0.172716,0.122995,0.074231,-0.113717,0.105874,0.006573,0.147788,0.125101,-0.073094,0.049474,0.082095,0.150109,-0.002148,-0.123732,-0.054598,-0.224356,0.081740,0.226776,-0.009302,0.074829,-0.271477,0.059207,-0.080822,0.388093,0.140585,0.021666,0.062821,0.218713,0.181716,0.101403,-0.037056,0.096204,0.222165,-0.023679,-0.074546,-0.091671,-0.130064,-0.059552,-0.052214,0.084421,-0.031008,-0.122280,-0.171314,-0.004746,0.101519,-0.245686,0.116609,0.131670,#
16,-0.060881,0.092973,-0.005971,0.113852,-0.246918,-0.061430,0.054474,-0.024177,0.032371,0.025435,0.204896,0.115083,0.154639,-0.132624,0.046643,-0.051267,1.000000,0.020189,0.218554,0.179044,0.321561,-0.187577,0.064383,0.142610,0.295672,0.146704,0.109951,0.049495,-0.200382,0.044429,0.058620,0.010272,-0.035756,-0.029105,0.239160,0.094538,0.369110,0.359755,0.073714,0.045117,0.107687,-0.007146,0.076538,-0.063152,0.219076,0.076061,-0.002918,-0.149030,0.124053,0.089261,-0.011495,0.156661,0.083603,-0.055117,-0.056542,0.081101,0.006017,0.061804,0.026329,-0.175476,0.286890,0.263872,0.070492,-0.064500,-0.002186,0.009303,0.194978,-0.026564,0.046178,0.030841,0.228874,0.099503,0.156196,-0.014277,0.005719,0.085214,-0.064641,-0.063706,-0.224680,0.220650,0.243782,0.053491,0.183166,0.130998,0.002943,0.139319,0.162461,-0.229230,-0.064353,0.107865,-0.085281,0.093479,0.112164,-0.248229,-0.028736,0.058087,-0.077707,0.306963,0.141852,0.097395,0.051248,0.114800,-0.026988,0.228070,0.052426,0.035140,0.085138,-0.104772,0.191694,0.116891,0.051378,0.011433,-0.011733,-0.097831,0.117840,0.118648,0.450251,0.180926,0.165097,-0.123758,0.003236,-0.181452,0.089256,0.055779,0.215633,-0.095266,-0.173904,-0.136079,0.188103,-0.006464,0.086624,-0.007236,-0.166937,0.129832,-0.055793,0.182419,0.131257,-0.034450,-0.204793,-0.175057,0.112953,-0.030153,0.140124,-0.048933,-0.211206,0.076735,0.293922,0.115197,0.170641,-0.099840,-0.055939,0.007865,-0.245129,0.047276,0.260422,-0.075073,0.233527,0.102523,-0.052284,-0.011636,0.206501,-0.091611,0.146356,-0.130710,0.211801,0.056824,-0.015300,0.209608,0.017142,0.125511,-0.127969,0.214267,0.073701,0.223623,-0.070812,0.191654,0.105020,0.432731,0.110659,0.038795,0.065464,-0.037808,-0.042459,0.109829,-0.389657,-0.028296,0.042930,-0.021076,0.236736,0.005381,-0.122421,0.071290,-0.139803,0.049627,0.254775,0.088471,0.232360,0.111481,-0.181154,0.132208,#
17,0.053797,-0.163283,-0.014561,-0.090870,-0.201870,-0.129678,0.096237,0.118106,0.144724,-0.109612,-0.161462,0.027802,-0.032482,0.139966,-0.021510,0.058381,0.020189,1.000000,-0.021079,0.083830,-0.008907,-0.006398,0.214731,-0.446307,0.179494,0.206166,0.040079,-0.032268,-0.066324,-0.009954,0.009923,0.169715,0.041417,-0.041261,-0.162444,-0.023658,-0.037259,0.047717,0.010995,0.218390,-0.015270,0.138082,0.002644,-0.017046,0.099497,0.214583,-0.180263,-0.000298,-0.014332,0.059117,-0.016422,-0.192212,-0.017702,0.129240,0.041900,-0.158029,0.170171,-0.099244,-0.107487,0.024009,-0.166609,-0.105097,0.230365,-0.097260,0.037031,-0.114980,0.199558,0.167748,-0.048937,-0.146947,-0.036813,-0.124211,-0.258439,0.188123,0.261243,-0.163239,-0.016591,-0.051388,0.128257,-0.005013,0.062460,0.064297,-0.069980,0.032117,-0.115840,-0.013773,0.017363,0.136696,-0.023951,-0.231048,-0.198627,-0.214215,0.033389,0.110928,0.132916,0.004358,-0.087798,0.070351,0.181484,-0.134105,-0.016689,-0.276903,-0.059949,-0.156964,-0.089760,0.193173,-0.252646,-0.297099,-0.010609,0.167667,0.149282,-0.132809,0.126727,-0.079277,0.158411,-0.115263,-0.150300,-0.118312,0.162520,0.222910,0.033350,0.122708,0.217100,-0.219400,-0.147748,-0.065558,-0.109840,-0.077562,0.095476,0.001796,-0.094743,-0.057196,0.165851,-0.012652,0.059605,0.145354,0.258471,0.012728,-0.109401,0.269390,-0.001723,0.076140,0.152896,-0.071746,0.120873,-0.105085,-0.122968,-0.104284,0.130455,-0.120737,-0.051978,0.160823,-0.078458,0.040875,0.017740,-0.168173,0.224000,-0.046699,-0.029839,0.011457,0.076568,-0.027950,0.217372,-0.234854,-0.159799,-0.223814,-0.144279,-0.251759,0.137529,-0.136365,-0.104064,-0.016742,0.097826,-0.010641,0.155663,-0.172718,0.149253,-0.042269,-0.014060,0.305929,0.052750,0.063125,0.074255,0.383449,-0.072777,-0.055443,0.053952,0.028227,-0.216165,-0.029296,0.307983,-0.130304,-0.168300,0.045955,0.096634,0.122432,-0.060555,-0.001645,0.108096,-0.325612,#
18,-0.042019,-0.033042,-0.156784,-0.048113,-0.190491,-0.009553,-0.099540,-0.054390,-0.276668,-0.077925,0.038728,0.243864,0.170261,0.121313,-0.098443,-0.099105,0.218554,-0.021079,1.000000,-0.050633,-0.098909,0.028054,0.013064,-0.053167,-0.071756,0.274396,-0.170165,0.006982,-0.040269,0.186924,-0.337044,0.102073,0.005985,0.098879,-0.092462,-0.024732,0.093103,0.212019,-0.134246,0.105866,-0.097390,0.074490,0.206518,-0.091251,-0.098767,-0.090498,-0.038093,0.395342,0.061489,0.056716,-0.323334,0.068941,0.111121,-0.358017,-0.108116,-0.077918,0.050214,-0.131650,-0.122763,0.118559,-0.010022,0.134218,0.039906,-0.242369,0.084083,-0.287576,-0.054560,-0.270207,-0.367187,-0.203636,-0.191726,-0.299818,0.007526,-0.308478,0.186729,-0.020473,-0.077109,-0.162085,-0.472175,-0.020334,-0.038956,0.052794,0.298328,-0.079229,0.037921,0.169082,-0.174802,0.141655,-0.057016,-0.175370,0.020037,-0.046864,0.074281,-0.084341,-0.064663,-0.025922,0.031201,0.082966,-0.129507,-0.015575,-0.012811,0.024685,0.013168,-0.089688,-0.166094,0.074287,0.177409,0.138261,-0.015453,0.005046,0.245941,-0.179777,-0.196303,-0.176126,0.030670,0.071321,-0.027146,0.091756,0.197523,-0.155406,0.224443,-0.217076,-0.088091,-0.137889,0.296225,-0.222736,0.130749,-0.129491,0.028352,0.007447,-0.169440,0.052014,0.022427,-0.131323,0.015469,0.122135,0.012331,-0.039194,-0.163787,0.031473,-0.048921,-0.113804,0.077703,0.141783,-0.076394,-0.110920,0.182684,0.031584,0.165929,0.090313,0.059991,-0.260154,0.177320,0.077695,0.226082,0.025743,-0.065523,0.064901,-0.208402,-0.061347,0.103452,0.155800,0.260498,-0.074752,-0.089291,-0.199231,0.234540,-0.081782,0.014816,0.039732,0.113924,-0.043274,0.207163,0.295479,-0.081968,-0.001766,-0.052437,0.026461,-0.175355,0.019253,-0.162539,0.088891,-0.019121,-0.104672,-0.237425,0.021481,0.075081,-0.055949,-0.085744,0.006843,0.096453,-0.107425,-0.116280,0.082045,-0.189633,-0.109620,-0.036066,0.294009,-0.097432,0.136063,#
19,0.108081,0.139932,0.009970,-0.084413,0.094016,0.259534,0.088507,0.058167,0.114611,-0.214542,0.080435,0.113414,-0.137970,0.004090,0.014693,-0.002431,0.179044,0.083830,-0.050633,1.000000,0.057978,-0.158514,-0.033043,0.161460,0.260514,0.062693,-0.081850,-0.186216,-0.383587,0.246151,0.182046,0.129086,0.225373,-0.020084,0.161574,0.172040,0.048528,0.093486,-0.030134,0.097394,0.204018,0.265065,0.141070,-0.067849,0.066929,0.204098,0.050615,0.029298,0.027182,0.170475,-0.013158,0.036914,0.064495,0.046603,0.099666,0.143149,0.048194,-0.022175,-0.143828,0.043424,0.084325,-0.061153,0.231672,0.046656,0.083991,-0.024784,0.195060,0.141772,0.133389,-0.110249,0.195043,0.080688,0.109267,-0.059393,-0.040692,0.224152,-0.153788,0.162365,0.158729,-0.087648,0.141850,0.012971,0.048658,-0.028440,-0.037661,-0.062554,0.022845,-0.077547,0.195294,0.036701,-0.287793,0.024941,-0.164326,0.056410,-0.034128,-0.071022,0.174193,0.467013,0.150086,0.123131,0.060044,-0.054974,0.005358,0.202197,0.177953,-0.068009,0.242471,-0.239799,0.092529,-0.129483,0.161006,0.058484,0.012103,0.172864,0.048350,0.238589,0.273471,0.148467,0.228736,-0.125041,0.395744,0.007565,-0.032327,0.196593,0.135554,0.177163,0.059065,0.202509,0.271354,0.111875,0.136981,0.174687,0.045844,0.038080,0.036438,0.267079,0.093512,0.133207,0.060594,0.019081,0.004366,0.249340,0.058210,-0.019404,0.035169,-0.150844,-0.107376,-0.019538,0.297097,0.089871,-0.043524,0.137989,0.035396,0.161107,0.322058,-0.016825,0.205204,-0.022423,0.293665,0.177579,0.011236,0.188666,0.060455,0.247902,0.087219,-0.016388,-0.083159,0.195648,0.034009,-0.013121,-0.208483,0.097665,0.114994,0.234307,0.214325,0.052043,0.198350,0.091364,0.130287,-0.036854,-0.026541,0.205258,0.214464,0.143152,0.096807,0.024803,-0.093489,-0.110911,-0.010127,0.085201,0.153026,0.118811,-0.024711,0.272873,0.323435,-0.007172,0.135553,-0.104781,0.019634,0.007862,#
20,-0.247657,0.136776,-0.006957,0.247978,0.106270,0.021345,0.026835,0.198975,0.205077,-0.017386,0.018374,-0.067799,0.199712,-0.115886,-0.035099,-0.017550,0.321561,-0.008907,-0.098909,0.057978,1.000000,0.043350,0.039902,0.153154,0.353488,0.091930,0.004781,-0.075158,0.140909,-0.097906,0.197702,0.193322,0.196809,0.257864,0.065943,-0.037559,0.020033,0.139585,0.053964,0.046596,0.276686,0.128627,0.085491,0.087044,0.279252,0.018401,0.116265,0.052397,0.173766,-0.141569,0.122149,0.183682,0.027612,-0.119805,0.147685,-0.081945,-0.142475,-0.070329,0.081106,-0.065826,0.163141,-0.003071,0.236606,-0.107238,0.036713,0.034107,0.124827,-0.134279,-0.053747,0.127161,0.144676,0.069551,0.087881,-0.045048,-0.192292,-0.010821,-0.105960,-0.120658,0.126696,0.250760,0.205012,0.072849,0.041481,0.068621,-0.143506,-0.120839,-0.064744,0.067657,0.235428,0.407504,0.099476,-0.146600,0.145999,0.136653,-0.039991,0.242961,0.068950,0.091611,0.134960,0.017365,0.198399,-0.005034,-0.243390,0.146890,0.005494,0.084859,0.392216,-0.125621,-0.019608,0.138071,-0.152010,0.186804,-0.010283,-0.267276,0.325188,0.273968,0.205537,0.291667,-0.008506,0.039069,0.126913,0.068991,0.105966,0.108887,-0.147034,-0.094065,-0.169453,-0.016488,0.109360,0.355531,0.055142,0.025213,0.144680,0.043602,-0.075857,0.133901,0.066667,0.025603,0.055457,0.223037,0.031177,0.006066,0.251736,-0.186173,0.010340,-0.082633,0.245727,0.120614,-0.128584,-0.011239,0.039825,0.229002,-0.154312,-0.095438,0.038101,-0.231097,0.035527,0.221398,0.160963,0.010614,-0.002525,-0.044872,0.077606,0.032064,0.233357,0.072088,-0.091219,0.273762,-0.174233,-0.184285,0.152140,0.027435,-0.048204,0.097789,-0.104201,0.123959,0.086708,0.102844,-0.036773,-0.102769,0.176721,-0.073804,0.004273,-0.114845,-0.041289,0.098872,0.135734,-0.026242,0.128707,0.159578,-0.033770,0.243136,0.308760,0.042461,0.319507,-0.010018,0.016273,0.203666,-0.061406,0.166263,#
