0,1.000000,0.692497,0.761737,0.645899,0.586539,0.785158,0.665474,0.762224,0.735055,0.696777,0.777492,0.758239,0.638255,0.657039,0.659984,0.729198,0.764893,0.777550,0.734786,0.644782,0.758956,0.642869,0.726077,0.739305,0.610410,0.713782,0.690280,0.722082,0.620452,0.702869,0.725733,0.658474,0.713999,0.657807,0.661589,0.654431,0.728005,0.774557,0.731142,0.779700,0.717139,0.692963,0.758546,0.802597,0.676398,0.609433,0.732176,0.787914,0.670037,0.777838,0.707685,0.710966,0.688682,0.780297,0.726089,0.758388,0.682175,0.788263,0.707105,0.799425,0.783445,0.631734,0.775611,0.741415,0.715830,0.713593,0.810669,0.720178,0.771218,0.599563,0.763222,0.752428,0.827868,0.753984,0.706436,0.747497,0.758070,0.755580,0.752392,0.674765,0.780962,0.745878,0.733967,0.773838,0.736908,0.740270,0.799268,0.728644,0.614324,0.774751,0.729702,0.726852,0.687405,0.738398,0.737806,0.706032,0.668160,0.682810,0.757820,0.776198,0.747494,0.747619,0.743566,0.744077,0.722746,0.732111,0.677770,0.721741,0.693004,0.702810,0.764268,0.739257,0.784445,0.677694,0.708535,0.832527,0.643720,0.712301,0.667801,0.647322,0.579180,0.821675,0.754571,0.835978,0.778637,0.725841,0.642703,0.655321,0.667369,0.632872,0.774539,0.703721,0.735650,0.672544,0.701070,0.711057,0.663241,0.818326,0.748482,0.740308,0.742278,0.656024,0.617221,0.737667,0.768060,0.575387,0.750864,0.660214,0.750100,0.807424,0.723567,0.744235,0.738782,0.706739,0.705717,0.676653,0.712514,0.762471,0.781726,0.693960,0.724160,0.738027,0.725018,0.718513,0.717125,0.718283,0.734071,0.679431,0.660472,0.764738,0.752739,0.726137,0.724489,0.769490,0.811654,0.624065,0.661020,0.731983,0.704669,0.710032,0.669130,0.723386,0.610107,0.679118,0.697841,0.675238,0.718191,0.715174,0.727136,0.747141,0.749556,0.754564,0.740911,0.685182,0.682448,0.732932,0.734345,0.772597,0.824471,0.697869,#
1,0.692497,1.000000,0.760320,0.751767,0.637221,0.794391,0.597865,0.671106,0.809605,0.704518,0.736801,0.636923,0.606008,0.640325,0.710538,0.733579,0.685257,0.692613,0.737989,0.710063,0.753571,0.811695,0.719954,0.698151,0.691311,0.587510,0.799733,0.738869,0.569809,0.594335,0.775097,0.740814,0.699014,0.731636,0.727173,0.765748,0.590846,0.789810,0.749068,0.710735,0.622434,0.595151,0.685289,0.714375,0.641030,0.690273,0.694434,0.695357,0.742898,0.667010,0.643941,0.746030,0.740276,0.713808,0.761494,0.699677,0.618025,0.739001,0.750874,0.635918,0.750170,0.694404,0.617256,0.668893,0.736068,0.739726,0.735820,0.704992,0.724940,0.687964,0.667791,0.747200,0.790624,0.680015,0.696384,0.719458,0.607292,0.674275,0.663213,0.669325,0.754890,0.677848,0.757890,0.767475,0.755130,0.702048,0.714444,0.730075,0.702290,0.704660,0.669626,0.606708,0.761730,0.733538,0.742734,0.614354,0.658823,0.692858,0.731117,0.772146,0.702663,0.720105,0.614815,0.716089,0.695017,0.737931,0.634740,0.690932,0.698117,0.668033,0.738153,0.699801,0.670840,0.697327,0.611008,0.654425,0.597705,0.683443,0.645525,0.602666,0.750416,0.653297,0.604218,0.734227,0.689207,0.655198,0.678156,0.635754,0.713772,0.752730,0.702519,0.785315,0.607490,0.746233,0.795578,0.692777,0.670580,0.694025,0.670272,0.669379,0.779547,0.704771,0.752228,0.752452,0.683238,0.670350,0.724720,0.676173,0.737950,0.672729,0.732904,0.755317,0.719277,0.623908,0.698251,0.634985,0.663688,0.732011,0.637693,0.654595,0.690585,0.754057,0.746053,0.728578,0.721083,0.631279,0.727832,0.582707,0.565356,0.677596,0.735068,0.663280,0.728199,0.769254,0.710828,0.619758,0.673363,0.829203,0.664329,0.795201,0.632911,0.718148,0.584772,0.769551,0.711075,0.768385,0.748947,0.544953,0.749531,0.731829,0.692404,0.625394,0.671097,0.742756,0.739957,0.643102,0.604261,0.703123,0.611146,0.655840,#
2,0.761737,0.760320,1.000000,0.675289,0.590609,0.748530,0.665441,0.690771,0.741291,0.628677,0.765649,0.636087,0.606499,0.612859,0.653833,0.684168,0.695572,0.736188,0.684597,0.705314,0.605101,0.678373,0.644862,0.768065,0.632671,0.648693,0.762573,0.748814,0.721106,0.697683,0.787250,0.672978,0.666430,0.672720,0.663897,0.708343,0.699208,0.758196,0.793205,0.680858,0.638319,0.686550,0.739048,0.713115,0.600212,0.584496,0.809971,0.669918,0.729406,0.766711,0.647944,0.744981,0.739276,0.709135,0.817792,0.686001,0.658810,0.704779,0.655114,0.699377,0.770853,0.707825,0.700756,0.782848,0.744560,0.725473,0.763698,0.683773,0.691551,0.701662,0.698938,0.733717,0.810956,0.682217,0.739274,0.779656,0.681259,0.719256,0.705085,0.700776,0.767798,0.705725,0.702511,0.715724,0.772315,0.722506,0.702586,0.759338,0.669064,0.674834,0.694072,0.745420,0.722165,0.721551,0.725252,0.697338,0.626531,0.680553,0.826920,0.778109,0.638769,0.704974,0.666182,0.665233,0.622663,0.731290,0.669908,0.621191,0.724476,0.688285,0.738594,0.602682,0.715236,0.666431,0.654684,0.674084,0.632879,0.659045,0.759153,0.618231,0.676130,0.713590,0.652831,0.754991,0.740892,0.695448,0.673362,0.672576,0.673605,0.733620,0.767080,0.796416,0.732710,0.712843,0.696822,0.754120,0.666159,0.731111,0.700408,0.643430,0.743335,0.700392,0.633423,0.681332,0.677041,0.761085,0.663635,0.677144,0.666593,0.696827,0.732769,0.724712,0.740238,0.686904,0.670459,0.668720,0.714864,0.619278,0.643958,0.669051,0.637132,0.663091,0.652767,0.677412,0.642275,0.735475,0.811435,0.607141,0.635348,0.658826,0.721598,0.668922,0.697760,0.676761,0.745997,0.519839,0.612221,0.768823,0.627580,0.669339,0.664143,0.735322,0.554164,0.758197,0.677171,0.682181,0.677849,0.634714,0.766344,0.745282,0.734297,0.644058,0.804355,0.640886,0.708648,0.786671,0.636898,0.818336,0.698383,0.670963,#
3,0.645899,0.751767,0.675289,1.000000,0.658191,0.698071,0.623397,0.536063,0.698775,0.677625,0.695910,0.646875,0.632791,0.642994,0.616470,0.802259,0.699493,0.699617,0.745362,0.664309,0.648287,0.687547,0.630930,0.700500,0.742656,0.622308,0.689354,0.642464,0.592966,0.571060,0.718810,0.759005,0.656784,0.701043,0.656606,0.667724,0.652841,0.763221,0.571121,0.720457,0.631186,0.590924,0.681446,0.716543,0.604936,0.732707,0.777108,0.590771,0.759697,0.674962,0.684964,0.621835,0.682654,0.591773,0.639634,0.709645,0.547329,0.691381,0.718226,0.688751,0.687267,0.619071,0.614416,0.692925,0.758758,0.704637,0.645954,0.712123,0.646121,0.651085,0.667053,0.703603,0.694005,0.668612,0.651906,0.659743,0.617731,0.647150,0.671660,0.667425,0.729891,0.576913,0.650579,0.701080,0.737174,0.712028,0.696991,0.605002,0.657327,0.684292,0.618674,0.621526,0.734344,0.731403,0.646633,0.674884,0.580615,0.587448,0.680806,0.712594,0.586121,0.647682,0.587142,0.612676,0.632577,0.638338,0.604061,0.589217,0.633162,0.618256,0.672107,0.631357,0.585717,0.694363,0.693116,0.748055,0.548913,0.612324,0.670767,0.552690,0.628977,0.631858,0.647034,0.690657,0.692700,0.673077,0.683475,0.614595,0.679034,0.710494,0.629237,0.701665,0.562402,0.704908,0.726075,0.740357,0.743506,0.704486,0.662926,0.649822,0.662536,0.684834,0.668597,0.568903,0.639905,0.735128,0.606017,0.724751,0.665729,0.600425,0.651081,0.686848,0.591514,0.660963,0.678898,0.586358,0.684882,0.656618,0.578311,0.564857,0.685681,0.716925,0.651388,0.669526,0.629463,0.649861,0.678847,0.520819,0.664912,0.623276,0.647070,0.732069,0.729196,0.736376,0.695367,0.638407,0.693821,0.697400,0.698911,0.691429,0.548553,0.725493,0.565941,0.654518,0.644764,0.670879,0.654391,0.506688,0.742237,0.733832,0.608971,0.573489,0.633846,0.641747,0.664963,0.644333,0.616933,0.681348,0.610175,0.642122,#
4,0.586539,0.637221,0.590609,0.658191,1.000000,0.729100,0.684234,0.544140,0.576234,0.569654,0.562890,0.632179,0.530320,0.641981,0.554280,0.644590,0.690678,0.773583,0.644899,0.681301,0.629034,0.595811,0.535523,0.668960,0.703885,0.571700,0.635062,0.598566,0.488601,0.548895,0.784623,0.578681,0.653547,0.462474,0.580181,0.575305,0.597817,0.724536,0.526611,0.686656,0.564801,0.533527,0.586094,0.683948,0.556597,0.681468,0.622399,0.611161,0.697921,0.687932,0.621466,0.527260,0.684431,0.575837,0.691180,0.675173,0.520095,0.618685,0.693298,0.656381,0.621492,0.658774,0.544244,0.618774,0.654476,0.698691,0.689381,0.600028,0.623891,0.599924,0.678837,0.775625,0.611252,0.661540,0.585225,0.549355,0.549615,0.639577,0.627167,0.613152,0.648391,0.511915,0.633418,0.619973,0.691422,0.582985,0.582591,0.547021,0.619030,0.714778,0.575116,0.526554,0.544575,0.672371,0.536648,0.588907,0.586412,0.418848,0.581053,0.606561,0.666578,0.718357,0.600877,0.611157,0.625161,0.651068,0.630988,0.619384,0.658871,0.586276,0.586873,0.612576,0.573289,0.689109,0.570512,0.610952,0.564473,0.670028,0.613658,0.435472,0.570714,0.563792,0.698636,0.647728,0.641537,0.672443,0.535042,0.537476,0.650336,0.638596,0.730645,0.663345,0.541956,0.628262,0.733369,0.674861,0.633289,0.625038,0.556019,0.545383,0.610167,0.665544,0.660617,0.602831,0.583562,0.507082,0.638898,0.584661,0.612278,0.616691,0.706851,0.713936,0.542946,0.488073,0.679321,0.654668,0.673229,0.545152,0.649225,0.535057,0.578269,0.596057,0.677142,0.586306,0.635248,0.617161,0.636337,0.449227,0.593618,0.576896,0.565747,0.660450,0.673676,0.659901,0.700448,0.583004,0.642889,0.660327,0.655191,0.636141,0.661568,0.624590,0.634336,0.639266,0.655200,0.645978,0.605298,0.716718,0.676784,0.559052,0.551985,0.501002,0.578019,0.658147,0.604095,0.588691,0.569659,0.687675,0.603351,0.486992,#
5,0.785158,0.794391,0.748530,0.698071,0.729100,1.000000,0.690269,0.701623,0.802186,0.667223,0.721159,0.710171,0.578425,0.662507,0.666961,0.773961,0.726262,0.781130,0.772741,0.725179,0.705922,0.751918,0.692062,0.731802,0.700456,0.704337,0.793658,0.767711,0.568572,0.669197,0.779894,0.715802,0.748132,0.644124,0.725176,0.748420,0.727623,0.819564,0.699722,0.703248,0.738763,0.628835,0.684634,0.713345,0.688423,0.685449,0.770027,0.711519,0.778731,0.738248,0.696841,0.705051,0.718390,0.792348,0.745716,0.813384,0.636586,0.743947,0.807387,0.773393,0.755202,0.672597,0.725349,0.771445,0.701352,0.755927,0.798482,0.686944,0.691181,0.711555,0.787123,0.768886,0.785833,0.714739,0.717592,0.728046,0.752515,0.665079,0.666197,0.656261,0.761379,0.660589,0.722484,0.730172,0.765424,0.754358,0.733580,0.735375,0.719456,0.755268,0.702429,0.678488,0.686716,0.796479,0.722108,0.667900,0.722495,0.597236,0.787254,0.716247,0.758829,0.702824,0.807163,0.752802,0.732013,0.727124,0.693692,0.674160,0.701289,0.741428,0.726713,0.776655,0.716367,0.688610,0.559201,0.728404,0.680651,0.740537,0.636173,0.683717,0.662883,0.743526,0.693697,0.836838,0.713985,0.756585,0.703018,0.612089,0.756960,0.763390,0.764805,0.821501,0.744272,0.735660,0.774701,0.687891,0.755123,0.704521,0.724288,0.740825,0.753847,0.707462,0.708725,0.734652,0.813771,0.648379,0.709436,0.723835,0.760921,0.805539,0.743688,0.796579,0.642175,0.677655,0.729913,0.660416,0.728914,0.704338,0.730956,0.653189,0.723943,0.748551,0.750378,0.675591,0.696783,0.724896,0.720246,0.651498,0.633816,0.721634,0.762087,0.754441,0.760487,0.702444,0.822563,0.571551,0.640749,0.788637,0.724445,0.731156,0.717610,0.757963,0.612418,0.702557,0.720445,0.794132,0.773797,0.713902,0.762471,0.752301,0.677217,0.752609,0.696004,0.683274,0.626787,0.632124,0.642408,0.776211,0.695433,0.599628,#
6,0.665474,0.597865,0.665441,0.623397,0.684234,0.690269,1.000000,0.617440,0.666441,0.700729,0.668696,0.675042,0.570705,0.702228,0.569370,0.712812,0.723457,0.785164,0.699386,0.625230,0.723419,0.633508,0.582411,0.708671,0.699502,0.705512,0.741145,0.704517,0.520033,0.691170,0.737599,0.698776,0.690558,0.668072,0.648933,0.686940,0.741669,0.665097,0.651864,0.691305,0.693910,0.746387,0.697638,0.724436,0.711791,0.545860,0.730940,0.715763,0.747295,0.751876,0.707205,0.674969,0.696411,0.544413,0.726222,0.729899,0.680799,0.770084,0.761742,0.632936,0.735410,0.702921,0.655775,0.670932,0.720088,0.715862,0.756224,0.676448,0.767580,0.602117,0.715198,0.759985,0.723840,0.708118,0.650282,0.603972,0.684314,0.785714,0.730205,0.629362,0.719866,0.685331,0.647587,0.792542,0.733610,0.678541,0.641723,0.660538,0.718026,0.710947,0.700102,0.600083,0.575173,0.729818,0.616917,0.699421,0.627046,0.644847,0.680690,0.716324,0.710136,0.713596,0.633377,0.699373,0.728111,0.630816,0.737036,0.620114,0.734459,0.636012,0.612963,0.695817,0.660898,0.619969,0.538265,0.689153,0.565307,0.695081,0.594100,0.591183,0.625069,0.647787,0.681360,0.781856,0.766235,0.661465,0.650442,0.732195,0.579114,0.631047,0.759530,0.689490,0.572002,0.628598,0.701055,0.661518,0.710014,0.718925,0.793707,0.703178,0.686866,0.710099,0.673561,0.681656,0.651394,0.730159,0.743951,0.680027,0.658971,0.683437,0.670157,0.730767,0.597306,0.622045,0.632628,0.632979,0.673107,0.548247,0.646399,0.716543,0.706078,0.736994,0.659378,0.640060,0.740693,0.724228,0.741139,0.468651,0.629271,0.697789,0.728727,0.714710,0.710193,0.620303,0.682073,0.703656,0.691964,0.641363,0.719035,0.717373,0.654189,0.652408,0.687982,0.694105,0.655867,0.690267,0.662886,0.689912,0.706356,0.679011,0.691146,0.609987,0.688869,0.655123,0.726001,0.757340,0.721013,0.780473,0.664095,0.666454,#
7,0.762224,0.671106,0.690771,0.536063,0.544140,0.701623,0.617440,1.000000,0.711225,0.609378,0.698041,0.665080,0.580932,0.635424,0.652180,0.595301,0.606482,0.666599,0.662576,0.637196,0.672418,0.552283,0.794736,0.669831,0.592038,0.677928,0.696474,0.639653,0.556230,0.674970,0.653295,0.671303,0.602272,0.607914,0.651979,0.672960,0.667627,0.657669,0.648601,0.681852,0.650996,0.644880,0.645664,0.672154,0.590103,0.536506,0.672936,0.703640,0.686663,0.635602,0.687179,0.685454,0.757203,0.716243,0.682610,0.680357,0.627877,0.758673,0.668798,0.747466,0.634394,0.613160,0.719536,0.705290,0.700786,0.732604,0.779145,0.660937,0.744786,0.531780,0.709246,0.615623,0.698768,0.692819,0.703646,0.703639,0.713289,0.655768,0.589227,0.585786,0.710739,0.604993,0.705596,0.678111,0.683404,0.668458,0.738238,0.627159,0.639590,0.592738,0.729758,0.730744,0.559975,0.669706,0.658284,0.608981,0.687041,0.638881,0.679367,0.638602,0.638934,0.698195,0.683490,0.647153,0.702300,0.594390,0.646084,0.662780,0.698400,0.584293,0.746160,0.654940,0.673647,0.652492,0.535568,0.754574,0.555590,0.626885,0.557217,0.652422,0.659454,0.652897,0.585339,0.750229,0.812652,0.718850,0.614817,0.681379,0.536577,0.650476,0.706119,0.703460,0.693976,0.602959,0.719593,0.716033,0.661248,0.740434,0.613173,0.690061,0.649393,0.657561,0.663219,0.645949,0.727131,0.574811,0.699921,0.575630,0.671756,0.687345,0.664006,0.613813,0.683451,0.599787,0.606019,0.664578,0.654707,0.660394,0.719132,0.636872,0.674033,0.659344,0.704851,0.602708,0.661235,0.661244,0.746530,0.603796,0.593198,0.623394,0.735663,0.639540,0.640037,0.743493,0.684375,0.474348,0.574274,0.649127,0.681579,0.706784,0.615208,0.648366,0.657571,0.685956,0.650433,0.723675,0.669624,0.581279,0.680971,0.714436,0.681001,0.638188,0.611973,0.592324,0.667369,0.671614,0.611941,0.723041,0.703654,0.549490,#
8,0.735055,0.809605,0.741291,0.698775,0.576234,0.802186,0.666441,0.711225,1.000000,0.741459,0.710838,0.716400,0.685899,0.685199,0.653805,0.730866,0.664573,0.804685,0.693994,0.713245,0.682464,0.764126,0.744255,0.679892,0.664535,0.649640,0.736985,0.734001,0.612012,0.677608,0.756008,0.723154,0.660770,0.684131,0.675439,0.761187,0.682652,0.756177,0.726228,0.681954,0.597450,0.630994,0.747286,0.676944,0.680224,0.595901,0.717105,0.700949,0.755864,0.711771,0.705443,0.706025,0.677468,0.749481,0.742823,0.773122,0.658418,0.775583,0.747755,0.674106,0.725505,0.686748,0.678815,0.771745,0.713960,0.779983,0.735526,0.726881,0.768079,0.692827,0.705096,0.743393,0.826963,0.756815,0.750210,0.674417,0.759636,0.749407,0.630264,0.683254,0.740169,0.639875,0.746914,0.783377,0.785234,0.712890,0.675382,0.763501,0.667255,0.641819,0.754988,0.679240,0.698897,0.643061,0.727623,0.670295,0.661208,0.651419,0.792975,0.741926,0.719248,0.727007,0.761476,0.715330,0.707265,0.653394,0.685511,0.718019,0.649285,0.703290,0.705454,0.698859,0.755953,0.654634,0.590294,0.743216,0.543262,0.633724,0.723898,0.745361,0.669334,0.691858,0.670744,0.785867,0.741462,0.747971,0.654393,0.728834,0.718333,0.680714,0.685170,0.730727,0.659111,0.699886,0.767320,0.634477,0.698289,0.756821,0.698659,0.712483,0.799478,0.765639,0.733013,0.725767,0.788352,0.642930,0.697497,0.636345,0.728082,0.789078,0.694143,0.719848,0.685899,0.752542,0.591296,0.705546,0.725246,0.714630,0.716531,0.707163,0.760216,0.773659,0.775259,0.717172,0.717269,0.711017,0.698681,0.606657,0.668449,0.711692,0.793593,0.684873,0.708246,0.695453,0.765346,0.606739,0.632047,0.811677,0.633398,0.644471,0.641585,0.746414,0.631444,0.800920,0.694358,0.744037,0.773882,0.607431,0.709410,0.768157,0.717871,0.701764,0.704725,0.706212,0.682938,0.681541,0.705605,0.716531,0.701236,0.708764,#
9,0.696777,0.704518,0.628677,0.677625,0.569654,0.667223,0.700729,0.609378,0.741459,1.000000,0.687096,0.584408,0.650748,0.735814,0.688832,0.697804,0.708202,0.755671,0.695412,0.630315,0.766195,0.615153,0.636722,0.695296,0.664590,0.633826,0.667488,0.810917,0.525874,0.788204,0.660442,0.694897,0.707092,0.663120,0.717083,0.671106,0.682080,0.694593,0.686634,0.733481,0.685193,0.748740,0.697127,0.683879,0.716910,0.639603,0.626425,0.719284,0.743751,0.649341,0.668098,0.631657,0.583349,0.614682,0.747365,0.693841,0.680417,0.799040,0.629484,0.640242,0.754282,0.664647,0.697416,0.708081,0.670357,0.772959,0.745087,0.683533,0.741161,0.550655,0.626580,0.733437,0.672872,0.659833,0.706371,0.690248,0.681363,0.740029,0.632659,0.732769,0.757088,0.675755,0.665889,0.824837,0.715366,0.680706,0.642784,0.732294,0.712483,0.665505,0.661579,0.577197,0.697705,0.693920,0.706238,0.659683,0.591451,0.632190,0.692758,0.718052,0.764709,0.713490,0.681166,0.742661,0.724202,0.654317,0.671021,0.726422,0.720545,0.719515,0.732316,0.653219,0.666124,0.687046,0.631996,0.781390,0.417391,0.680574,0.610084,0.685098,0.632805,0.731793,0.653864,0.747373,0.704568,0.684756,0.678687,0.631577,0.697217,0.613944,0.609193,0.739490,0.631374,0.617426,0.725163,0.626254,0.707860,0.726855,0.689587,0.654119,0.719975,0.728429,0.761993,0.714787,0.707067,0.708586,0.689699,0.693694,0.710151,0.652713,0.645282,0.697256,0.628361,0.738356,0.639920,0.650167,0.622362,0.682855,0.648074,0.712205,0.743183,0.786494,0.691317,0.675278,0.696747,0.721235,0.648326,0.627054,0.663440,0.630020,0.694992,0.652817,0.734777,0.637130,0.718061,0.738360,0.668595,0.781847,0.588766,0.728244,0.736195,0.654870,0.726232,0.685376,0.664021,0.716458,0.685506,0.664378,0.733280,0.656025,0.745797,0.705201,0.625920,0.634722,0.693011,0.636557,0.722072,0.694347,0.697402,0.649251,#
10,0.777492,0.736801,0.765649,0.695910,0.562890,0.721159,0.668696,0.698041,0.710838,0.687096,1.000000,0.671093,0.709972,0.671354,0.650700,0.681821,0.711605,0.730413,0.795781,0.698793,0.725155,0.676199,0.749032,0.768548,0.652346,0.677929,0.754182,0.779277,0.703836,0.722516,0.724367,0.730484,0.680578,0.696881,0.737842,0.777058,0.694049,0.758538,0.731649,0.742622,0.670861,0.652227,0.773320,0.762111,0.660996,0.729629,0.783522,0.722807,0.729189,0.753684,0.706145,0.711735,0.726215,0.679250,0.768213,0.738341,0.679867,0.814846,0.710476,0.739223,0.817445,0.724907,0.785119,0.719572,0.744640,0.707326,0.765692,0.684859,0.801038,0.731666,0.786821,0.744117,0.819513,0.624480,0.703899,0.765087,0.739238,0.818810,0.754857,0.667204,0.808639,0.689471,0.680312,0.780310,0.721857,0.663586,0.763398,0.697746,0.684146,0.750958,0.602650,0.704305,0.797714,0.696252,0.726788,0.763942,0.688436,0.692642,0.732362,0.788601,0.660598,0.710333,0.686501,0.790126,0.730917,0.765441,0.648787,0.672099,0.724909,0.666822,0.791045,0.714671,0.752630,0.686997,0.640686,0.759725,0.564457,0.677566,0.641163,0.664058,0.658293,0.719243,0.634555,0.805171,0.720574,0.636795,0.724143,0.709512,0.723605,0.720789,0.765271,0.726033,0.668389,0.733356,0.742934,0.804681,0.701594,0.709053,0.748012,0.830359,0.797333,0.757484,0.633330,0.706469,0.704347,0.633714,0.704089,0.683178,0.751578,0.717479,0.691370,0.739392,0.694255,0.587842,0.746623,0.696940,0.706217,0.784435,0.666878,0.687956,0.818375,0.690074,0.640053,0.731194,0.735564,0.619464,0.738059,0.542785,0.684079,0.759636,0.775193,0.777515,0.670882,0.686099,0.739143,0.666822,0.678052,0.762418,0.686572,0.747413,0.671879,0.689796,0.684041,0.716238,0.681049,0.709358,0.657633,0.691289,0.725715,0.790755,0.704826,0.642222,0.717435,0.751040,0.692147,0.785140,0.724618,0.741506,0.726681,0.725851,#
11,0.758239,0.636923,0.636087,0.646875,0.632179,0.710171,0.675042,0.665080,0.716400,0.584408,0.671093,1.000000,0.696341,0.650110,0.653715,0.717055,0.715784,0.766275,0.762331,0.657283,0.663475,0.644307,0.701127,0.711056,0.668584,0.643659,0.696795,0.589379,0.652715,0.593444,0.668068,0.662511,0.728832,0.632188,0.565426,0.681676,0.737395,0.763564,0.647225,0.618550,0.640534,0.621881,0.672697,0.678616,0.636441,0.582855,0.718735,0.749335,0.665160,0.747358,0.669576,0.572813,0.637786,0.626872,0.713346,0.720762,0.555418,0.688804,0.676949,0.662687,0.702058,0.604752,0.743382,0.678773,0.674476,0.701851,0.703597,0.676923,0.716229,0.690829,0.768058,0.746215,0.755667,0.742175,0.719735,0.651138,0.784447,0.701666,0.644713,0.580423,0.721316,0.611186,0.722367,0.713861,0.744732,0.671578,0.630937,0.685577,0.563533,0.633583,0.706287,0.598379,0.617916,0.694043,0.610263,0.616831,0.691703,0.656283,0.752259,0.698802,0.647407,0.721299,0.706028,0.691290,0.736457,0.627794,0.644826,0.712584,0.715545,0.710717,0.785267,0.728399,0.690030,0.674237,0.549541,0.728752,0.632679,0.600182,0.660108,0.675843,0.539932,0.669524,0.670166,0.783390,0.789218,0.706500,0.728366,0.672407,0.663800,0.650357,0.754524,0.637864,0.642965,0.674701,0.749806,0.705652,0.725978,0.704916,0.679580,0.564144,0.695411,0.646659,0.629034,0.713522,0.686708,0.581699,0.732188,0.663839,0.681229,0.727797,0.654207,0.655975,0.645485,0.641121,0.662581,0.639520,0.770295,0.617147,0.713127,0.662037,0.699755,0.720300,0.770358,0.705943,0.754884,0.598661,0.716504,0.513562,0.598170,0.750849,0.676564,0.635832,0.765994,0.752663,0.711100,0.620203,0.656857,0.696062,0.639164,0.667717,0.677586,0.672646,0.691148,0.647739,0.657185,0.560153,0.676578,0.710009,0.666736,0.709961,0.633075,0.713074,0.656462,0.629571,0.621952,0.704916,0.699967,0.683146,0.717842,0.622070,#
12,0.638255,0.606008,0.606499,0.632791,0.530320,0.578425,0.570705,0.580932,0.685899,0.650748,0.709972,0.696341,1.000000,0.653480,0.647778,0.636806,0.596834,0.703040,0.718064,0.624399,0.649171,0.522205,0.694566,0.726869,0.645868,0.647671,0.621792,0.678537,0.566966,0.587148,0.640820,0.642495,0.648666,0.691138,0.634801,0.678837,0.673825,0.725081,0.698127,0.597721,0.514106,0.519758,0.622887,0.628890,0.665202,0.635293,0.717298,0.601994,0.624471,0.668413,0.776464,0.565306,0.581305,0.625104,0.735901,0.697798,0.559870,0.699581,0.560699,0.628633,0.675241,0.609115,0.720645,0.672132,0.720633,0.727516,0.639559,0.559261,0.734815,0.614270,0.663569,0.673300,0.661993,0.662684,0.728646,0.611555,0.669271,0.698776,0.683926,0.700626,0.675384,0.567387,0.648730,0.714423,0.651495,0.671892,0.557499,0.681616,0.587479,0.573886,0.741467,0.597884,0.708792,0.573733,0.572266,0.669043,0.692446,0.612767,0.668209,0.641787,0.535333,0.731910,0.673631,0.700804,0.607827,0.574876,0.593730,0.553844,0.706386,0.661622,0.652694,0.674499,0.617703,0.587703,0.723809,0.716746,0.427628,0.503361,0.699354,0.692078,0.562939,0.631928,0.596076,0.724550,0.693124,0.727386,0.659417,0.598902,0.678113,0.601702,0.609799,0.557415,0.538603,0.635764,0.647412,0.662655,0.582920,0.661740,0.574144,0.612655,0.736645,0.660030,0.595243,0.708923,0.549883,0.550281,0.659353,0.601453,0.682800,0.725040,0.654852,0.587472,0.625060,0.564243,0.564807,0.687490,0.716258,0.727063,0.691109,0.624175,0.658678,0.694044,0.656719,0.626257,0.742694,0.506885,0.618294,0.661415,0.505089,0.687285,0.633799,0.600553,0.692043,0.630003,0.644671,0.511279,0.750482,0.733099,0.609116,0.600034,0.610406,0.648292,0.665801,0.592006,0.541668,0.583776,0.580875,0.604755,0.690886,0.667404,0.604533,0.614403,0.571772,0.638310,0.554252,0.708240,0.670997,0.689449,0.706775,0.530324,#
13,0.657039,0.640325,0.612859,0.642994,0.641981,0.662507,0.702228,0.635424,0.685199,0.735814,0.671354,0.650110,0.653480,1.000000,0.614780,0.645415,0.588280,0.763431,0.718807,0.661918,0.690748,0.578749,0.684260,0.633131,0.679538,0.584901,0.603583,0.722833,0.603744,0.737926,0.605279,0.628069,0.687647,0.720806,0.488205,0.610628,0.688813,0.748180,0.698307,0.681944,0.800155,0.602961,0.677554,0.688777,0.708780,0.652018,0.680151,0.658344,0.735394,0.646755,0.696897,0.730277,0.612141,0.608871,0.716156,0.756769,0.659324,0.754972,0.742711,0.690225,0.777368,0.688220,0.643172,0.789938,0.732442,0.803173,0.695530,0.670546,0.728456,0.595199,0.634440,0.737837,0.697423,0.737334,0.672951,0.628883,0.691647,0.723659,0.720117,0.685764,0.737760,0.610224,0.641677,0.806598,0.696687,0.725791,0.611251,0.618699,0.727151,0.633683,0.626415,0.707736,0.634364,0.676020,0.672289,0.634461,0.601567,0.612105,0.682509,0.707394,0.660170,0.712283,0.703948,0.759689,0.743256,0.708097,0.665016,0.694645,0.714776,0.660882,0.679887,0.668270,0.708645,0.660130,0.635835,0.776774,0.505999,0.662419,0.720878,0.669632,0.701225,0.685838,0.604407,0.712782,0.719514,0.707396,0.719288,0.611179,0.634492,0.624226,0.722405,0.679401,0.600261,0.685082,0.699953,0.663837,0.686301,0.736955,0.711174,0.611533,0.748501,0.791925,0.726869,0.730517,0.675036,0.617360,0.738899,0.645361,0.714704,0.706466,0.709880,0.691547,0.608565,0.658135,0.559107,0.623027,0.768857,0.714049,0.737880,0.671995,0.702553,0.739475,0.636206,0.720677,0.740737,0.645040,0.680507,0.581878,0.701426,0.655949,0.686119,0.761229,0.779583,0.672723,0.768619,0.702331,0.699847,0.770933,0.689089,0.692198,0.670227,0.679153,0.738654,0.668915,0.763506,0.749118,0.603142,0.693739,0.688854,0.715105,0.605919,0.634756,0.646387,0.707492,0.713652,0.635466,0.686744,0.702915,0.679456,0.585536,#
14,0.659984,0.710538,0.653833,0.616470,0.554280,0.666961,0.569370,0.652180,0.653805,0.688832,0.650700,0.653715,0.647778,0.614780,1.000000,0.606436,0.672647,0.631772,0.631262,0.625129,0.685347,0.620465,0.654386,0.750951,0.594061,0.514676,0.641515,0.659470,0.517324,0.642824,0.666255,0.621047,0.632626,0.641828,0.657088,0.629433,0.660522,0.714441,0.699274,0.565696,0.618338,0.632087,0.663363,0.695268,0.595945,0.626308,0.682450,0.602070,0.604893,0.599959,0.594991,0.597843,0.561250,0.720895,0.682900,0.651593,0.568964,0.621016,0.663163,0.602225,0.689592,0.729900,0.664908,0.595213,0.700757,0.627523,0.710052,0.613583,0.712785,0.618570,0.601798,0.643596,0.652471,0.606304,0.732541,0.648243,0.568075,0.686069,0.618794,0.528961,0.677651,0.580291,0.671417,0.687185,0.652608,0.701486,0.608217,0.615740,0.696971,0.506770,0.614601,0.565885,0.638190,0.714402,0.772602,0.579965,0.714459,0.584894,0.676028,0.647668,0.687194,0.704166,0.654447,0.602729,0.637592,0.707871,0.587005,0.567574,0.762895,0.613477,0.724448,0.667613,0.703115,0.618764,0.551052,0.673411,0.468319,0.578700,0.595130,0.620396,0.605376,0.723306,0.530221,0.645029,0.725056,0.538521,0.664707,0.631649,0.576497,0.603947,0.582498,0.680059,0.560754,0.552965,0.630140,0.664577,0.673523,0.632959,0.598208,0.612311,0.740488,0.674692,0.553552,0.693609,0.614783,0.658679,0.792900,0.556196,0.656683,0.553416,0.643006,0.644799,0.522620,0.578170,0.650711,0.618624,0.600039,0.645838,0.622007,0.605700,0.667500,0.634537,0.664768,0.586149,0.600348,0.506368,0.583008,0.605592,0.444286,0.684510,0.596601,0.649234,0.674642,0.705707,0.722907,0.553690,0.621180,0.739758,0.534388,0.643433,0.538135,0.676136,0.717196,0.668356,0.650289,0.614571,0.724158,0.621819,0.710234,0.610655,0.621001,0.570722,0.648240,0.602717,0.552412,0.670546,0.637399,0.673774,0.585617,0.466393,#
15,0.729198,0.733579,0.684168,0.802259,0.644590,0.773961,0.712812,0.595301,0.730866,0.697804,0.681821,0.717055,0.636806,0.645415,0.606436,1.000000,0.741114,0.780792,0.798446,0.683545,0.700070,0.727103,0.650109,0.728051,0.755860,0.624811,0.720299,0.640880,0.539209,0.628594,0.773431,0.757939,0.716421,0.766895,0.695913,0.801361,0.789918,0.721142,0.753414,0.655116,0.615248,0.641334,0.697151,0.645401,0.760870,0.627129,0.783848,0.753926,0.790575,0.738308,0.755115,0.634643,0.720827,0.655921,0.667509,0.725061,0.635451,0.768876,0.739744,0.670301,0.738565,0.651138,0.672995,0.754040,0.712510,0.754951,0.700061,0.739383,0.650178,0.602708,0.751203,0.721569,0.681672,0.619352,0.746895,0.631658,0.741681,0.682805,0.728793,0.718010,0.715287,0.658868,0.720584,0.749588,0.775718,0.800731,0.645466,0.689099,0.657560,0.668432,0.651355,0.586953,0.651937,0.701225,0.643301,0.637634,0.621936,0.641359,0.704558,0.698739,0.721987,0.711137,0.737422,0.740422,0.686074,0.680301,0.665440,0.718415,0.685270,0.740890,0.686828,0.613414,0.710697,0.644922,0.643094,0.728645,0.602461,0.674842,0.725199,0.688259,0.632682,0.684830,0.675892,0.764919,0.754600,0.701441,0.748181,0.623896,0.799330,0.714578,0.709539,0.691973,0.609010,0.597878,0.716877,0.697399,0.724204,0.690393,0.756903,0.701459,0.684115,0.690382,0.701626,0.679838,0.693288,0.724385,0.679807,0.678684,0.756384,0.751649,0.691562,0.671475,0.657128,0.691488,0.710926,0.630479,0.745792,0.667609,0.733409,0.612434,0.704203,0.822733,0.708339,0.661560,0.748378,0.713772,0.701607,0.639200,0.692361,0.674460,0.661491,0.776228,0.748742,0.710582,0.757103,0.652932,0.705417,0.736069,0.680701,0.720503,0.636295,0.705518,0.628927,0.713187,0.651661,0.665667,0.679139,0.589652,0.709836,0.756780,0.662294,0.701249,0.643380,0.671558,0.696274,0.645996,0.668089,0.722356,0.713759,0.696782,#
16,0.764893,0.685257,0.695572,0.699493,0.690678,0.726262,0.723457,0.606482,0.664573,0.708202,0.711605,0.715784,0.596834,0.588280,0.672647,0.741114,1.000000,0.759876,0.745770,0.681960,0.746257,0.674219,0.584331,0.746856,0.649459,0.675061,0.700667,0.558519,0.549935,0.603600,0.793041,0.736236,0.730549,0.569764,0.655919,0.720132,0.713506,0.723138,0.645402,0.715883,0.612527,0.649512,0.667683,0.718818,0.635048,0.690377,0.695793,0.729366,0.694467,0.755270,0.633010,0.615129,0.706066,0.719393,0.732136,0.751910,0.526025,0.736652,0.708925,0.607269,0.736082,0.722251,0.690259,0.660876,0.701862,0.651148,0.782700,0.713642,0.765313,0.701495,0.721632,0.745907,0.736357,0.653260,0.677246,0.658934,0.698502,0.752885,0.701772,0.700992,0.765852,0.704091,0.704578,0.771948,0.724999,0.711507,0.700736,0.655490,0.638463,0.670237,0.585826,0.632139,0.708659,0.739037,0.699057,0.762457,0.714288,0.582201,0.742004,0.665501,0.705690,0.730904,0.681493,0.688587,0.691369,0.768548,0.751582,0.684160,0.776087,0.638784,0.738861,0.743307,0.698738,0.787799,0.688473,0.752178,0.646978,0.689901,0.603249,0.531031,0.566432,0.684253,0.678545,0.755256,0.706865,0.659611,0.707396,0.621934,0.701037,0.662153,0.762022,0.646700,0.724982,0.622921,0.760970,0.805406,0.720299,0.690503,0.697233,0.677973,0.697845,0.702239,0.730215,0.690362,0.628882,0.618346,0.695175,0.678733,0.672652,0.658777,0.670908,0.768324,0.602815,0.675676,0.774689,0.621182,0.649405,0.675701,0.696829,0.649827,0.629955,0.695761,0.743814,0.702533,0.706544,0.715848,0.686832,0.616106,0.659125,0.748564,0.645051,0.657355,0.702291,0.723083,0.728978,0.679222,0.581026,0.732248,0.652587,0.730216,0.684162,0.670198,0.699076,0.660953,0.664507,0.629732,0.725500,0.699197,0.722437,0.686669,0.748196,0.612027,0.737845,0.689186,0.651161,0.702797,0.718515,0.756744,0.742484,0.701262,#
17,0.777550,0.692613,0.736188,0.699617,0.773583,0.781130,0.785164,0.666599,0.804685,0.755671,0.730413,0.766275,0.703040,0.763431,0.631772,0.780792,0.759876,1.000000,0.715307,0.786412,0.742395,0.674772,0.728487,0.814210,0.773374,0.694409,0.763209,0.728411,0.611308,0.743909,0.801936,0.760097,0.704878,0.664327,0.661929,0.759814,0.765248,0.833076,0.735972,0.796239,0.669030,0.672958,0.764101,0.756947,0.718010,0.634547,0.771619,0.767350,0.806762,0.801093,0.750053,0.678735,0.693990,0.702355,0.778106,0.803417,0.679856,0.773598,0.741552,0.698680,0.766180,0.747664,0.737947,0.786955,0.759558,0.833615,0.843079,0.735407,0.811407,0.689185,0.779261,0.804742,0.789077,0.734397,0.752896,0.707780,0.800641,0.813705,0.706852,0.768460,0.778813,0.722063,0.795705,0.834130,0.786720,0.731169,0.723388,0.762062,0.688285,0.738983,0.769467,0.680814,0.708546,0.717835,0.685093,0.778650,0.717225,0.610208,0.744105,0.838521,0.759876,0.787088,0.743703,0.794780,0.740599,0.694804,0.753858,0.727763,0.700410,0.758309,0.710801,0.702566,0.787881,0.740551,0.672178,0.791066,0.610229,0.708978,0.725490,0.692922,0.691833,0.716663,0.719082,0.846087,0.800262,0.770381,0.717141,0.739400,0.716796,0.724137,0.783399,0.791241,0.732013,0.709450,0.758070,0.711065,0.760958,0.753112,0.746732,0.742782,0.821721,0.743904,0.779488,0.767181,0.760069,0.715230,0.776248,0.695167,0.763725,0.758176,0.776923,0.787174,0.710772,0.754752,0.716402,0.767693,0.830042,0.733486,0.771035,0.713629,0.768491,0.753968,0.781183,0.701846,0.802885,0.744161,0.682950,0.603329,0.707102,0.753705,0.750665,0.762500,0.760345,0.750255,0.844492,0.667285,0.719476,0.797779,0.705919,0.714182,0.754566,0.777329,0.740152,0.755542,0.764124,0.711803,0.736445,0.800430,0.731697,0.746355,0.730646,0.741357,0.772509,0.748501,0.731812,0.733722,0.772015,0.789766,0.754689,0.703366,#
18,0.734786,0.737989,0.684597,0.745362,0.644899,0.772741,0.699386,0.662576,0.693994,0.695412,0.795781,0.762331,0.718064,0.718807,0.631262,0.798446,0.745770,0.715307,1.000000,0.676540,0.721714,0.714201,0.684201,0.686145,0.688217,0.709769,0.799428,0.695376,0.625255,0.725214,0.736135,0.745963,0.770167,0.743412,0.714284,0.803219,0.713976,0.760067,0.742247,0.723846,0.728728,0.656359,0.700164,0.645825,0.753779,0.698923,0.771896,0.753686,0.781463,0.691158,0.699589,0.626656,0.714544,0.658848,0.795593,0.775288,0.622893,0.773227,0.722656,0.773409,0.774958,0.686437,0.698920,0.783941,0.765917,0.757358,0.738267,0.735591,0.800088,0.744983,0.768903,0.780465,0.739601,0.659238,0.759513,0.675014,0.765929,0.710259,0.761520,0.682920,0.761363,0.647521,0.673158,0.805220,0.791041,0.744530,0.724689,0.716310,0.769957,0.691197,0.701134,0.620505,0.802610,0.784608,0.677373,0.677398,0.686209,0.742697,0.790436,0.710875,0.705763,0.685566,0.735105,0.784831,0.749553,0.730393,0.693686,0.700349,0.758994,0.765472,0.782141,0.735853,0.780532,0.740411,0.637357,0.755667,0.668713,0.683820,0.732577,0.684698,0.630780,0.758825,0.671908,0.815200,0.730135,0.731565,0.805774,0.612942,0.793487,0.653652,0.824079,0.741746,0.708000,0.698931,0.732794,0.725811,0.796239,0.729097,0.730394,0.735916,0.753785,0.764897,0.704667,0.792999,0.709688,0.671984,0.681129,0.698739,0.753747,0.683948,0.674838,0.754971,0.715531,0.621517,0.724987,0.736011,0.739497,0.763603,0.747290,0.652167,0.738557,0.795649,0.795600,0.756539,0.767738,0.706863,0.822583,0.623986,0.626433,0.721986,0.689780,0.732976,0.764481,0.749556,0.719866,0.745460,0.696025,0.767419,0.787989,0.783234,0.727523,0.712922,0.722418,0.676136,0.740579,0.745525,0.631827,0.699599,0.724157,0.770648,0.671921,0.714228,0.663364,0.769436,0.720548,0.703394,0.712874,0.760463,0.770455,0.688589,#
19,0.644782,0.710063,0.705314,0.664309,0.681301,0.725179,0.625230,0.637196,0.713245,0.630315,0.698793,0.657283,0.624399,0.661918,0.625129,0.683545,0.681960,0.786412,0.676540,1.000000,0.703757,0.660022,0.617426,0.669768,0.628900,0.625327,0.694969,0.663954,0.631177,0.615500,0.757086,0.783341,0.658865,0.615521,0.516965,0.781219,0.632625,0.736592,0.671723,0.642623,0.637010,0.619755,0.663579,0.712100,0.628667,0.670311,0.780604,0.681342,0.678848,0.605522,0.581347,0.581016,0.673419,0.638645,0.696668,0.621753,0.653651,0.731081,0.698599,0.568985,0.710792,0.640590,0.690659,0.716414,0.671898,0.762338,0.700473,0.575365,0.755996,0.697948,0.672504,0.710439,0.702751,0.666526,0.709094,0.554594,0.631777,0.656427,0.561916,0.641202,0.735099,0.590151,0.758131,0.684770,0.700535,0.591091,0.708632,0.705697,0.706536,0.624973,0.665098,0.644251,0.671475,0.696257,0.675684,0.636736,0.652140,0.520923,0.666919,0.748663,0.671685,0.701755,0.667652,0.674709,0.665870,0.632044,0.643807,0.648956,0.646609,0.648747,0.698022,0.619105,0.686861,0.659546,0.667346,0.666267,0.594647,0.660054,0.623583,0.577761,0.666820,0.633851,0.561583,0.835997,0.718512,0.674196,0.674990,0.546124,0.760945,0.788793,0.703170,0.746662,0.670763,0.722467,0.727127,0.705761,0.612651,0.665660,0.663187,0.656522,0.739103,0.650225,0.653571,0.701682,0.644986,0.615808,0.610402,0.557673,0.669533,0.627663,0.648604,0.723401,0.611613,0.613148,0.702985,0.635277,0.758087,0.704749,0.597889,0.593716,0.639938,0.708575,0.657084,0.640016,0.680218,0.615206,0.640840,0.634722,0.604508,0.663792,0.685620,0.750190,0.721115,0.635983,0.737406,0.532878,0.634056,0.738922,0.663798,0.603005,0.580273,0.627786,0.674502,0.744943,0.585923,0.642331,0.636448,0.734341,0.741141,0.711658,0.644330,0.600454,0.673315,0.689476,0.665572,0.699227,0.620242,0.662303,0.622085,0.575633,#
20,0.758956,0.753571,0.605101,0.648287,0.629034,0.705922,0.723419,0.672418,0.682464,0.766195,0.725155,0.663475,0.649171,0.690748,0.685347,0.700070,0.746257,0.742395,0.721714,0.703757,1.000000,0.674445,0.622987,0.734734,0.689215,0.678849,0.721932,0.738129,0.517366,0.705374,0.713621,0.683667,0.646240,0.688661,0.678618,0.715184,0.672759,0.712464,0.674693,0.743234,0.656221,0.729233,0.680471,0.797850,0.707917,0.655607,0.720170,0.749047,0.698557,0.694885,0.668300,0.705565,0.630917,0.666701,0.684163,0.737964,0.617567,0.741761,0.704005,0.635665,0.756733,0.715799,0.775014,0.660067,0.749379,0.765690,0.796662,0.675788,0.778983,0.587774,0.684367,0.745247,0.689874,0.687107,0.702687,0.600315,0.658196,0.758846,0.709713,0.714370,0.711214,0.738767,0.678416,0.799028,0.673301,0.707176,0.744463,0.674521,0.706272,0.734396,0.671974,0.665099,0.654184,0.761600,0.735226,0.681945,0.593165,0.533064,0.666201,0.732018,0.745554,0.769161,0.715725,0.771368,0.781021,0.633693,0.710500,0.746611,0.749736,0.733679,0.718034,0.749843,0.656129,0.642856,0.653145,0.691394,0.557865,0.676689,0.581003,0.578881,0.686458,0.696419,0.627186,0.785984,0.737251,0.721718,0.653029,0.601612,0.650312,0.666172,0.689109,0.647930,0.699582,0.740224,0.767925,0.653247,0.634235,0.768030,0.724956,0.736656,0.727880,0.626597,0.694704,0.759788,0.700448,0.668294,0.718888,0.680340,0.706193,0.724949,0.727155,0.714829,0.717708,0.649050,0.769864,0.691877,0.664283,0.725881,0.666384,0.660519,0.714817,0.760626,0.688182,0.684612,0.791312,0.607146,0.654368,0.567325,0.617794,0.762193,0.675833,0.656060,0.766630,0.730550,0.734896,0.649508,0.670368,0.751071,0.675780,0.789228,0.620194,0.672493,0.671386,0.669823,0.628509,0.703328,0.673930,0.732968,0.682203,0.651843,0.638862,0.617796,0.668679,0.722307,0.676634,0.681389,0.744108,0.747999,0.719041,0.659073,#
21,0.642869,0.811695,0.678373,0.687547,0.595811,0.751918,0.633508,0.552283,0.764126,0.615153,0.676199,0.644307,0.522205,0.578749,0.620465,0.727103,0.674219,0.674772,0.714201,0.660022,0.674445,1.000000,0.661268,0.731421,0.627400,0.534222,0.766588,0.638373,0.559013,0.615349,0.706455,0.614393,0.683398,0.648778,0.677466,0.742865,0.608274,0.682947,0.645490,0.631029,0.600341,0.681958,0.665151,0.703042,0.693662,0.641341,0.673765,0.669227,0.712348,0.670044,0.571340,0.669607,0.673453,0.630217,0.681296,0.718446,0.630669,0.666697,0.775518,0.577198,0.672926,0.728535,0.636651,0.624163,0.751532,0.632312,0.689199,0.666086,0.697306,0.728257,0.664444,0.775712,0.706252,0.676006,0.689473,0.671396,0.697284,0.685928,0.712598,0.630148,0.647743,0.631188,0.727800,0.718810,0.768787,0.638127,0.628920,0.716386,0.756548,0.721986,0.528662,0.547968,0.683355,0.660444,0.713235,0.652150,0.608076,0.574683,0.697163,0.699952,0.681552,0.686266,0.588385,0.720808,0.598132,0.682149,0.625745,0.656415,0.607246,0.691839,0.703820,0.671106,0.734501,0.689016,0.513761,0.571227,0.575207,0.755328,0.578043,0.651599,0.606053,0.576584,0.639629,0.703122,0.638202,0.603446,0.648532,0.646989,0.662688,0.691763,0.709300,0.718561,0.554512,0.650393,0.770183,0.630750,0.648629,0.650509,0.641643,0.668375,0.759082,0.680890,0.639847,0.628069,0.598532,0.588109,0.686710,0.574445,0.646232,0.665639,0.654022,0.764595,0.667113,0.661036,0.617806,0.625885,0.703755,0.662089,0.590024,0.636611,0.697065,0.708851,0.709359,0.690428,0.739143,0.627887,0.688995,0.590701,0.541758,0.670575,0.669152,0.650937,0.692842,0.687781,0.644160,0.601465,0.553875,0.716254,0.674838,0.703504,0.616040,0.708399,0.594763,0.746824,0.628462,0.667838,0.735114,0.543960,0.652957,0.687872,0.640658,0.551024,0.618967,0.664992,0.689398,0.655786,0.643965,0.698026,0.571716,0.710920,#
