0,1.000000,-0.038253,-0.237162,0.005344,0.136202,0.136051,-0.173916,0.039264,0.079076,0.015682,-0.214087,-0.078883,0.118043,-0.312362,0.226854,-0.125739,0.083198,-0.051619,-0.081158,0.301792,-0.204541,-0.069909,0.005762,-0.071875,0.263339,-0.063323,0.382673,-0.036538,0.034349,-0.057863,-0.169363,-0.090284,0.015784,-0.189897,0.277582,0.034218,0.059658,-0.090027,0.241549,0.163906,-0.130263,-0.035452,-0.057051,0.137746,-0.148410,0.015123,0.112562,-0.348787,-0.130076,0.158410,0.307381,0.034712,0.090161,0.141443,0.050891,0.175366,-0.104964,0.205222,-0.021426,-0.164959,0.148257,-0.085765,-0.114338,-0.043927,-0.007557,0.142258,-0.213769,0.131872,0.037433,0.148474,0.003811,0.115267,0.038053,-0.287432,0.074855,0.080912,-0.380390,-0.074836,-0.186724,0.040895,0.286187,0.128231,-0.134795,-0.024417,-0.174951,0.055606,0.030190,-0.394477,-0.042228,0.135126,-0.019515,-0.240612,-0.322553,-0.133847,-0.194113,0.155366,0.099942,-0.018520,0.075537,0.206069,-0.155097,-0.074675,-0.034215,0.027100,0.228128,-0.202373,-0.380016,-0.011158,0.091034,-0.050269,0.229025,-0.124246,-0.071243,0.073804,-0.074646,0.065026,0.047092,-0.047738,0.292519,0.157099,-0.026094,-0.053875,0.212024,0.110236,-0.050383,0.029102,0.050980,0.111906,0.162846,-0.229467,0.264098,-0.138399,-0.154504,-0.090922,-0.115883,-0.064447,0.206251,0.224966,-0.094581,-0.257405,-0.106776,0.264368,-0.196766,-0.012728,-0.124830,0.009464,0.092160,-0.038243,0.085266,-0.065347,-0.110908,-0.157726,0.023369,-0.257730,0.057622,-0.042671,0.066268,0.035451,0.004188,0.150983,0.046482,0.250833,-0.007977,-0.176514,0.326895,-0.040057,-0.030562,0.005386,0.169977,0.034291,0.074521,-0.002198,0.296852,-0.035581,-0.001724,-0.351093,-0.107499,0.059610,0.154177,-0.010348,-0.210288,-0.124256,-0.148412,-0.139267,0.091006,-0.009960,-0.138917,0.127587,-0.089098,-0.000164,-0.066139,-0.006008,-0.047713,-0.111152,0.098975,-0.159588,-0.048544,-0.150146,-0.111607,0.179251,#
1,-0.038253,1.000000,0.287359,0.246505,-0.037771,0.039442,0.193897,-0.001174,-0.090491,0.039732,0.022370,-0.222349,0.007265,0.075519,-0.257405,-0.037312,0.236190,0.063951,0.191394,-0.160958,0.372682,0.158810,-0.022964,0.261289,0.123685,-0.090576,-0.055397,0.002791,-0.045649,0.037924,-0.072509,0.298100,0.165076,-0.108996,0.025297,0.175307,-0.025993,0.110554,-0.021729,0.003808,0.262574,-0.060887,-0.005569,0.067360,0.157880,0.402112,0.075265,-0.009605,-0.255485,0.160338,0.154170,0.143472,0.141662,0.178848,0.100960,0.233812,-0.246028,-0.036059,0.142157,-0.058935,0.181380,-0.027375,0.049397,0.109219,-0.121789,0.120686,0.158527,-0.009720,0.258763,0.145212,0.179940,0.188691,0.169431,0.192991,-0.072944,-0.238844,0.234210,0.155748,0.169244,0.008000,0.029485,0.240858,0.055557,0.005839,0.127822,0.097786,0.095304,-0.070737,0.047218,0.187307,0.194114,0.098138,0.119372,-0.142554,0.159633,0.055209,-0.069118,-0.147068,0.094838,0.093696,0.054038,0.090985,0.185524,0.136854,0.171517,0.074567,-0.177362,0.159307,0.128144,0.129119,0.060132,0.100598,-0.037310,-0.054838,-0.054209,-0.022099,0.234157,0.336851,0.109512,-0.041040,0.075380,0.106224,-0.144647,0.236849,0.012018,0.084387,0.290739,0.072890,0.111225,-0.076669,0.003986,0.078321,-0.028273,0.275809,-0.039098,0.019449,-0.031930,-0.066498,0.017810,0.063842,-0.050307,0.067734,-0.303086,-0.039938,-0.034667,-0.107899,0.151349,-0.134563,-0.223352,-0.016362,-0.006619,-0.096709,-0.195393,0.124485,0.056175,-0.016226,0.028158,-0.111723,-0.054542,0.128662,-0.057338,0.040223,0.298452,0.122630,-0.236862,-0.104546,0.124714,0.128843,-0.162679,-0.025023,0.347099,-0.186146,0.081043,-0.111882,0.126933,0.043957,0.069301,0.243419,0.063723,-0.073823,0.046974,-0.141192,-0.054427,0.036687,-0.121905,0.239521,0.016490,-0.103839,0.160286,0.088347,-0.210851,0.295054,0.072453,0.316586,0.166499,0.256097,0.301809,-0.062560,0.055493,0.073572,#
2,-0.237162,0.287359,1.000000,0.136754,-0.057765,0.027553,0.113691,0.108117,-0.209042,0.087116,-0.162717,-0.108717,0.038856,-0.121668,-0.123072,-0.033642,0.009847,0.115650,0.248291,0.153991,0.206833,0.095647,-0.172823,-0.028914,-0.056698,-0.203184,0.022975,-0.112142,-0.104274,0.160966,0.095508,0.103586,0.277137,0.240415,0.203920,0.069995,0.028966,-0.034169,-0.002877,0.288309,0.432037,0.076998,-0.119266,-0.090933,0.081744,0.152110,0.067601,0.173789,0.127686,0.258737,-0.062606,-0.034407,-0.014835,0.119735,0.179097,0.043163,0.149116,-0.071613,0.097161,-0.102835,-0.078107,0.052066,-0.122809,0.066649,-0.049739,-0.162173,0.293675,-0.222979,0.348634,0.095583,0.135947,0.054360,-0.028084,0.293616,-0.282633,-0.132919,0.064310,0.315236,0.125067,0.250776,0.077244,0.230523,0.052672,0.212742,0.143192,0.223703,-0.019700,0.181722,0.055743,0.064457,0.233900,-0.230682,-0.012095,0.003989,0.161055,0.122240,-0.131339,-0.025080,-0.065982,-0.048658,0.028340,-0.127563,-0.140019,0.118345,0.194132,0.126996,0.048482,0.079709,0.160832,0.045802,0.062293,0.286462,-0.118474,-0.330725,-0.027847,-0.050585,-0.101354,0.141605,0.057621,0.026423,0.082198,0.121412,0.063082,0.084952,0.103612,0.217346,0.062987,0.109914,-0.150366,0.268292,-0.044805,0.233271,0.194981,0.065825,-0.218789,-0.118611,-0.066335,-0.120887,-0.017432,0.148262,0.018998,0.194362,-0.043075,-0.159865,0.000454,0.024238,0.231345,-0.008886,0.133255,-0.237909,0.127031,0.043707,-0.130615,0.180340,-0.078680,0.180883,0.022446,0.041840,-0.037621,-0.054278,0.013990,-0.277221,0.003723,0.196595,0.012363,0.004459,0.080416,-0.034535,-0.128274,0.158106,0.365700,-0.188870,0.133071,-0.053128,0.089804,0.233921,0.180773,0.130060,-0.004029,-0.174340,0.057473,0.200923,0.268815,0.215083,0.006728,0.117971,-0.049982,0.124519,-0.022038,-0.040148,-0.070000,0.186634,-0.029180,0.230896,0.129411,0.404387,0.250397,-0.135498,0.159052,-0.089513,#
3,0.005344,0.246505,0.136754,1.000000,0.107109,0.199816,-0.283363,0.108531,0.084113,0.103036,-0.199856,-0.078624,0.076408,0.186598,-0.160000,-0.231872,0.156570,0.079181,-0.109592,0.134514,0.330606,0.006240,0.023601,-0.184140,0.228476,0.282437,0.141965,0.161868,-0.014477,0.177372,-0.143264,0.176187,0.261199,-0.059435,-0.105704,0.048891,-0.124954,-0.076869,-0.004202,0.303890,0.090652,0.060575,-0.111683,0.120821,0.224601,0.086758,-0.121899,0.170541,-0.000377,0.160898,0.053754,0.132367,0.086356,0.148376,0.360367,0.079788,-0.142391,0.043839,0.168565,0.071237,0.101895,-0.043060,0.038860,0.192485,-0.044264,0.251303,0.032534,0.088986,0.161452,0.105374,-0.125074,-0.125958,0.177944,0.140210,0.008849,0.136260,-0.045390,0.088856,0.175019,0.084832,0.230850,0.238264,-0.078709,-0.231725,-0.018245,0.051207,-0.004632,0.138790,0.139162,0.067773,0.081606,0.062667,0.075156,-0.094164,0.109417,0.122951,0.050358,0.138346,-0.180280,0.249742,0.191283,-0.144888,0.073177,-0.001803,-0.005566,-0.132219,0.028401,0.181499,-0.018222,-0.179715,0.062536,0.184569,0.147703,0.148522,0.097831,0.148038,0.247700,0.172841,-0.010934,0.137796,-0.012968,0.158173,0.019553,0.213059,-0.033638,0.230965,0.295030,0.139976,-0.014695,0.090380,0.102730,0.162615,0.220385,0.178756,-0.011339,-0.111996,-0.164547,0.078221,0.317608,0.207650,-0.068325,0.056464,-0.264744,-0.090670,-0.090172,0.085491,0.166345,0.159869,0.096395,-0.245602,-0.055705,-0.152446,-0.109131,0.206663,0.092553,0.003825,0.158476,0.054000,-0.005178,0.164503,0.209499,0.374812,0.137184,0.331729,0.056912,-0.020035,0.090219,0.089971,-0.019104,0.106952,0.116720,-0.183971,-0.073970,0.047367,0.101606,0.165317,0.232459,-0.066214,0.006924,0.264886,0.074794,0.183064,0.086388,0.328900,0.176019,0.262904,-0.008138,-0.136548,0.042497,0.008030,0.096485,0.126298,0.324708,0.108059,0.296207,0.182360,-0.007424,0.074975,0.041852,0.155501,#
4,0.136202,-0.037771,-0.057765,0.107109,1.000000,0.333648,0.063248,0.016083,-0.060962,0.178157,0.010320,-0.124365,-0.028560,-0.175803,0.080645,-0.137152,-0.038221,0.066161,-0.272758,0.064630,0.047740,0.142090,0.277186,0.028276,0.114233,0.005154,-0.077289,0.202003,0.118380,0.270221,-0.021850,0.067137,-0.052282,-0.073398,0.161719,0.132496,-0.028145,-0.177741,0.089620,0.174296,-0.137058,-0.070710,0.053241,0.043696,0.296622,-0.014170,0.300467,0.107879,-0.194449,0.108536,0.262427,0.016482,-0.137427,-0.155389,0.153352,0.138562,-0.060625,0.320463,0.291092,-0.172851,-0.038663,-0.115796,0.250176,0.170671,0.150138,0.366772,-0.046138,-0.151713,0.173672,-0.031489,0.130255,-0.067072,-0.220528,-0.004872,0.225894,0.021172,0.013415,0.149953,0.018976,0.061323,0.000537,0.165466,-0.066801,-0.105880,0.005301,-0.127828,0.072936,0.214363,0.161082,0.094746,0.020788,-0.270629,0.194679,-0.088096,0.129460,0.177010,0.115842,-0.021598,-0.051043,-0.145645,-0.169969,0.295382,0.039003,0.106393,-0.059381,-0.297896,0.057270,0.001892,0.186014,0.238835,-0.184158,0.052105,0.203994,0.260336,-0.024491,-0.018326,-0.202748,0.248244,0.089404,0.095925,-0.062119,0.073620,-0.072420,-0.042870,0.092026,0.092241,0.225599,-0.116499,0.234941,-0.071689,0.153027,0.211262,0.056600,0.170642,0.171033,-0.138084,-0.205565,0.307912,0.081228,0.169928,-0.151941,0.136085,-0.038632,0.237277,0.038106,0.092751,-0.117335,0.106346,0.091747,0.010388,-0.061680,-0.003158,-0.015558,-0.267522,0.216601,-0.026061,0.102943,0.319697,0.080888,0.061409,-0.095929,0.155675,-0.067176,0.187535,0.090914,-0.094927,0.099073,-0.173717,0.014418,-0.135189,0.056065,0.043038,0.109708,-0.059002,-0.248169,-0.004437,0.303597,0.139781,0.010803,0.414922,0.061792,-0.104929,0.022280,0.242046,0.186240,0.368285,0.087016,0.166255,0.091532,0.318629,0.199725,-0.022335,0.321014,0.004170,-0.070632,0.000979,-0.107318,-0.004617,0.078650,0.141578,#
5,0.136051,0.039442,0.027553,0.199816,0.333648,1.000000,0.111174,0.042691,0.126331,0.121122,-0.239482,-0.166113,0.018815,-0.244040,0.031409,0.002011,0.141517,0.079437,0.110626,0.236619,0.034807,-0.051532,0.091514,0.041559,0.271342,0.188341,0.118204,0.014264,0.147124,0.199019,-0.036594,0.028272,0.051673,0.103230,0.292270,0.032684,0.086865,0.046616,-0.042722,0.235448,-0.104638,0.054824,0.335765,0.030678,0.170012,0.145917,-0.156662,0.093242,-0.194306,0.076425,0.223570,0.106361,-0.125175,-0.113729,0.297017,0.138415,-0.087574,0.094002,0.114949,-0.042255,0.146734,-0.186531,0.077270,0.170826,0.135331,0.350908,-0.172324,-0.084700,0.052638,0.024110,0.227710,0.116529,-0.136590,0.234859,0.155943,0.064321,-0.094099,0.346881,0.086304,0.089673,0.035610,0.122677,-0.126001,-0.001190,0.061107,-0.085850,-0.045657,-0.082276,0.049376,-0.166863,0.259000,-0.097331,-0.093384,0.038326,0.228932,-0.079041,0.213175,0.214648,0.039265,0.029549,0.006304,0.034099,0.182513,0.244614,0.056527,-0.133774,0.001014,-0.011679,-0.070739,0.145837,-0.009732,0.038194,0.255487,0.060282,-0.053069,-0.097806,0.414347,0.215920,0.175854,0.308484,-0.037460,-0.042276,-0.215401,0.083304,0.092340,0.118463,0.225334,0.017672,-0.048469,-0.146247,0.087265,0.021021,0.071735,0.069866,0.073492,-0.066722,-0.119487,-0.033309,-0.010637,0.144138,-0.126423,-0.037730,-0.105950,-0.040061,0.120960,0.221344,0.071715,0.068041,0.139742,-0.198906,0.218336,0.040585,0.273802,-0.106138,0.232741,0.003815,0.088311,0.005134,-0.024015,0.022077,0.043707,0.170386,-0.035995,0.081654,0.042924,-0.191310,-0.159103,0.045843,0.126845,0.162278,0.133559,0.157122,-0.044599,0.041249,-0.080480,0.309866,0.347944,0.070503,0.211279,0.199000,0.223181,-0.150819,-0.092816,0.122352,0.160162,0.211880,0.228784,0.166215,0.154339,0.077374,-0.101795,0.070883,0.184789,0.022455,0.261951,0.139793,0.102810,0.130786,-0.038870,0.155040,#
6,-0.173916,0.193897,0.113691,-0.283363,0.063248,0.111174,1.000000,-0.098807,-0.106803,-0.000439,0.284526,-0.064633,-0.080316,-0.168148,-0.257224,0.416993,0.295792,0.189426,0.140508,-0.256491,-0.140721,-0.139139,0.030631,-0.050502,0.025776,0.037968,-0.028711,0.007244,0.055509,-0.080306,-0.001614,0.156407,-0.119458,0.131797,0.058498,-0.091863,-0.105312,0.071550,-0.130790,-0.049290,-0.045275,0.054540,0.237229,0.068581,-0.099894,0.114040,0.080033,0.034278,-0.302219,-0.044923,-0.145926,-0.052767,-0.169044,-0.057847,0.022431,0.174746,-0.171317,0.014670,-0.182244,0.137139,0.046957,0.051820,-0.070305,0.034285,0.177231,-0.099226,-0.038047,-0.083310,0.035923,-0.039478,0.265330,0.047219,-0.263472,-0.007422,0.167693,-0.148675,0.252519,0.212899,0.204011,0.107968,-0.221000,0.192609,-0.001664,0.092732,0.019248,-0.142867,0.078889,-0.090364,-0.076423,-0.265901,-0.081361,-0.119923,0.158056,-0.162056,0.064963,-0.020289,0.298070,-0.018041,-0.124811,-0.053255,0.002050,0.016360,-0.149934,0.072855,0.079282,0.056060,0.128149,0.141676,0.229646,0.153729,-0.023494,0.049601,0.188343,0.208446,0.007590,0.206661,0.005652,0.075735,-0.050216,-0.062480,-0.028470,0.131595,-0.441902,-0.246190,0.121602,-0.071873,0.085004,-0.110417,0.074098,-0.022996,0.147089,0.105634,0.170622,0.013204,0.088977,-0.077381,0.147700,-0.119225,0.002283,0.077605,0.082423,-0.156680,0.119528,-0.067276,-0.126487,0.047044,-0.024698,0.170054,0.025072,0.077702,0.177019,0.041413,-0.014654,0.040520,0.064286,0.077739,-0.220009,-0.134385,-0.230297,-0.018661,-0.134718,-0.101611,0.082112,-0.067460,-0.302667,-0.149201,-0.050498,0.110713,-0.075563,-0.002358,-0.128857,0.267803,-0.270143,-0.057699,-0.027046,0.119678,0.166783,0.092887,0.081483,-0.148486,0.107068,-0.194767,-0.018066,-0.007373,-0.038643,-0.038481,0.128483,-0.167142,0.094970,0.046230,0.061491,0.069474,-0.154113,0.180730,0.002148,0.045795,0.006026,-0.146306,0.135325,-0.068892,#
7,0.039264,-0.001174,0.108117,0.108531,0.016083,0.042691,-0.098807,1.000000,0.177424,0.088674,-0.357025,-0.130162,0.214095,-0.047183,0.072974,-0.015258,-0.083737,0.218016,0.139610,0.106617,0.157726,0.070676,0.018780,-0.018781,0.019316,0.050510,0.032434,-0.244659,0.181455,0.045423,-0.029582,0.115536,0.209120,0.074271,-0.073263,0.113435,-0.312188,0.084924,0.385675,0.192737,0.149384,0.112292,-0.093917,-0.049852,-0.059024,0.122407,0.173757,0.222118,0.236387,0.197806,-0.044488,0.245803,0.022466,-0.188783,0.114430,-0.167994,-0.019389,-0.253130,0.205498,0.217502,0.123943,0.216436,-0.013482,-0.143091,0.135250,0.067387,0.021781,-0.122742,-0.391371,-0.028047,0.118443,-0.120103,0.048426,-0.035775,-0.193840,-0.230105,-0.167252,0.070615,0.072462,0.133210,0.103693,0.082247,-0.038855,0.029037,0.109043,0.187040,-0.223317,0.166423,-0.204600,0.098907,0.271209,-0.259479,0.107384,0.043108,0.280076,0.206707,0.107527,0.095045,0.193577,0.071505,-0.019803,-0.062567,-0.339389,-0.229554,0.151908,0.070678,-0.206713,0.125462,0.088079,-0.392772,-0.001821,0.046938,0.225434,-0.017308,0.316355,0.147161,-0.065232,-0.080180,0.045566,0.278711,-0.002838,0.092730,0.206195,0.092049,-0.014467,0.067623,-0.008419,0.189361,0.019924,0.209297,-0.150992,0.165435,0.065505,-0.266425,-0.125509,-0.236218,-0.218759,0.193822,0.153987,0.079662,-0.066763,0.089648,-0.104465,-0.132427,0.131989,0.172218,0.029821,0.136809,-0.142859,0.086241,-0.228926,0.050401,-0.039954,0.025374,0.223015,0.358262,0.046581,0.095267,-0.146340,-0.167250,0.063264,-0.013624,-0.013275,-0.006131,-0.064173,-0.038948,-0.060088,-0.130784,-0.175810,-0.144189,0.202745,-0.085427,0.119784,0.068757,0.208194,-0.173955,-0.033666,0.041489,-0.066752,0.007391,0.097019,0.024329,-0.208386,0.033482,0.275585,0.213071,0.079930,0.131222,0.067246,0.126242,0.146782,0.047364,0.099252,-0.112319,0.014299,-0.071155,-0.028152,0.015971,-0.127300,-0.068389,#
8,0.079076,-0.090491,-0.209042,0.084113,-0.060962,0.126331,-0.106803,0.177424,1.000000,-0.151160,-0.060616,0.286223,0.157794,0.086699,0.039223,0.030406,0.030092,-0.119936,-0.101226,0.093832,0.166950,-0.202306,0.038026,-0.024758,0.069620,0.115455,0.050358,-0.114455,-0.088034,0.091690,0.141747,-0.039058,0.119743,-0.067335,0.010563,0.336885,0.049925,-0.005669,-0.054881,-0.053980,0.142087,-0.090590,0.125375,0.207789,0.034364,-0.113022,-0.002776,-0.235059,-0.024222,0.194133,-0.138742,-0.065771,0.331355,-0.125473,-0.059729,-0.009784,-0.130166,0.082886,0.061055,-0.032214,0.153918,0.188769,-0.056997,0.290541,-0.080839,0.076466,0.089082,0.179908,-0.057013,-0.082935,0.111876,0.270746,0.145215,-0.070994,-0.035086,-0.116539,-0.039329,0.069470,0.171208,0.239504,0.041028,0.014450,-0.114472,0.008614,-0.090046,-0.002825,0.212908,-0.029078,-0.118108,-0.173353,0.056061,-0.021134,-0.061899,-0.020602,-0.194500,-0.017658,0.278477,0.219562,0.200383,0.059579,-0.152344,-0.270532,0.202322,0.125209,-0.139882,0.063206,0.058321,-0.018114,0.012000,0.209883,0.035113,-0.228842,0.068847,0.074022,0.015766,0.050841,0.297069,-0.175765,-0.181706,0.031553,0.174107,0.018414,0.222918,0.229911,-0.028942,0.057787,-0.184650,0.048491,0.237180,0.164179,-0.075574,0.223176,0.161217,-0.177437,-0.104478,0.241187,-0.035066,0.000453,0.099701,-0.118610,-0.183793,-0.130569,-0.118104,-0.290392,0.169201,0.143868,0.124414,0.175525,-0.171361,0.089170,-0.104847,0.101057,0.003073,0.150558,0.259895,0.126244,0.036326,0.040731,0.223067,-0.259667,0.194677,0.029881,-0.193841,-0.215207,-0.067632,-0.032881,0.044759,0.161371,0.116405,-0.074340,-0.117229,0.279973,-0.263566,0.153802,0.128123,-0.074049,0.045632,0.017718,0.075511,0.131907,0.263962,0.004876,0.095354,0.016390,-0.110601,-0.135796,0.038559,0.027924,-0.106125,0.050443,0.189341,0.019585,-0.175755,0.039898,0.029709,-0.035816,-0.273954,0.019322,-0.143099,0.230011,#
9,0.015682,0.039732,0.087116,0.103036,0.178157,0.121122,-0.000439,0.088674,-0.151160,1.000000,-0.068074,-0.135351,0.064518,-0.114567,0.012828,-0.090789,-0.085431,0.227803,-0.273341,-0.024037,0.020020,0.038431,0.094668,-0.061762,0.072324,0.108526,0.262697,0.043973,-0.153116,-0.066336,-0.007796,-0.111683,-0.113522,-0.065886,0.158646,0.080652,0.050692,-0.050461,0.026989,0.070053,-0.203414,0.120872,-0.007370,-0.000060,0.040722,0.054085,-0.015936,0.140624,0.180320,0.308544,0.078949,-0.006695,-0.095741,-0.099288,-0.113568,0.067806,0.117351,0.006861,-0.135443,0.166878,0.044522,0.021838,0.032164,-0.087633,-0.045149,0.134223,-0.128767,-0.082939,0.038996,0.013974,0.167159,0.065587,0.008754,0.155707,0.009675,0.029241,0.078835,0.131751,-0.034399,0.088279,0.133295,0.072735,-0.010192,0.033718,0.121226,0.050349,0.218840,-0.034658,0.074373,0.205073,0.214106,-0.144881,0.212180,-0.113731,0.234196,0.131197,-0.183411,0.015004,0.131669,0.167421,0.051975,0.169060,-0.184354,-0.120698,0.025587,-0.077230,-0.151500,0.344802,0.014688,-0.123657,-0.006950,0.289264,0.133285,-0.070312,0.132334,0.244453,0.014905,0.247428,0.373183,0.140933,-0.171810,0.126012,-0.000067,-0.080523,0.104159,0.164864,-0.000244,0.122743,-0.088827,-0.076192,-0.134839,-0.068087,0.062579,-0.043864,0.028987,-0.153487,0.012642,0.071843,-0.093954,0.100925,0.053380,0.178054,0.187642,0.174215,0.144553,0.256306,-0.131401,0.079148,-0.036502,-0.178204,0.030370,0.233639,-0.015283,-0.105291,-0.158595,-0.038676,0.154251,0.248663,0.376585,0.088563,-0.171723,-0.007865,0.332409,0.317740,-0.140162,-0.196846,-0.211369,0.233986,0.000401,0.190608,0.020251,-0.038688,0.150635,-0.154457,-0.077441,0.188513,0.317255,0.096428,0.074739,0.117367,0.027869,0.272856,0.170267,0.149717,0.173317,0.146587,0.113805,0.141064,0.088282,0.231620,-0.182908,-0.158582,-0.104518,0.000335,-0.128422,0.206043,-0.068784,0.062536,0.010094,-0.100716,#
10,-0.214087,0.022370,-0.162717,-0.199856,0.010320,-0.239482,0.284526,-0.357025,-0.060616,-0.068074,1.000000,0.060407,-0.113420,-0.057677,-0.312449,0.224386,0.055797,0.064851,0.062916,-0.318780,-0.093148,0.200632,-0.228111,0.066418,-0.074647,0.071616,-0.175991,0.074561,0.205709,0.003174,-0.138889,-0.083266,-0.149339,-0.150541,-0.191936,-0.187184,0.067585,-0.049756,-0.337221,-0.194472,-0.011653,-0.244112,0.007720,-0.009415,-0.091166,-0.063417,0.175091,0.065749,-0.195869,-0.117349,-0.246941,0.012876,0.074421,0.000366,-0.184648,0.078168,0.032493,0.105846,-0.063296,0.016420,0.026946,-0.068589,0.030413,0.167744,-0.101564,-0.065976,-0.033381,-0.186650,-0.021538,-0.340038,-0.043329,0.119197,-0.248404,0.057489,-0.024867,0.058517,-0.121423,-0.036802,0.316226,-0.255341,-0.090888,-0.235531,0.121842,-0.012635,-0.110596,0.050290,0.250653,-0.016443,-0.176136,0.030078,-0.091952,0.113493,0.033289,-0.166181,0.003530,0.003931,0.242568,-0.042515,0.025711,-0.047645,0.115994,0.105792,0.013394,-0.066609,-0.364894,0.174120,0.250015,-0.124000,0.020909,0.222344,0.173736,0.054730,-0.011813,0.126480,-0.044099,0.064616,-0.081847,-0.034494,-0.031894,-0.174812,0.110171,0.135801,-0.417675,-0.313634,0.014405,0.051878,0.190542,-0.089714,-0.052320,-0.092669,0.176145,0.046656,0.044272,-0.016466,0.087630,-0.030100,-0.094296,-0.007105,0.048299,0.050586,-0.043289,0.011874,0.380529,0.221192,0.099677,0.023146,-0.258459,-0.024588,-0.057199,0.268084,0.071161,-0.010549,-0.023829,0.035430,-0.018806,0.014829,-0.104265,-0.100374,0.088857,-0.053429,-0.170876,0.049821,-0.072063,0.083639,-0.336279,0.042428,0.099602,0.022496,0.114344,-0.112216,-0.357210,0.180060,-0.055067,0.028078,0.008148,0.147491,-0.034679,0.045804,-0.025489,0.023339,-0.137934,-0.203608,0.073598,0.146526,-0.071249,-0.118558,0.026728,0.000139,0.034203,0.123140,-0.068718,0.145483,-0.170774,0.159699,-0.123311,-0.069235,-0.114642,-0.181749,-0.009357,0.101574,#
11,-0.078883,-0.222349,-0.108717,-0.078624,-0.124365,-0.166113,-0.064633,-0.130162,0.286223,-0.135351,0.060407,1.000000,-0.044549,0.115699,0.068711,-0.036252,-0.320855,-0.069123,-0.094985,-0.139242,-0.094685,0.112577,-0.056665,0.001750,-0.026719,-0.022912,-0.182889,-0.036772,-0.095174,-0.043554,0.201748,0.118431,0.090835,-0.009117,-0.147566,-0.010119,-0.060816,0.046209,-0.055887,-0.163207,-0.021550,-0.039317,0.023394,0.043740,-0.051620,-0.298455,-0.049684,-0.108954,0.006292,-0.135166,-0.316205,-0.215774,0.035822,0.094667,-0.029320,-0.068686,-0.127702,0.240127,-0.001755,0.298674,0.048145,0.040924,-0.001270,0.070618,0.003421,-0.218786,0.189290,0.223366,-0.174790,0.107522,-0.376406,0.024977,0.130984,-0.196452,0.314139,0.178903,0.043973,0.074014,0.166782,0.032215,-0.138788,-0.118957,0.049631,0.012252,-0.204265,-0.239944,0.167470,0.025101,0.049441,-0.042663,-0.188042,-0.081661,0.019506,0.101505,-0.342303,-0.063623,0.115725,0.170181,0.099334,0.054914,-0.008305,-0.034574,-0.177142,0.051103,-0.109326,0.180360,0.071101,0.058188,-0.227791,0.146035,0.084228,-0.028919,-0.159112,0.223030,0.161214,-0.145403,-0.159782,0.183673,-0.169208,0.232729,0.148502,-0.086058,-0.029858,0.319482,-0.051916,-0.175871,-0.177747,0.062685,0.392187,0.090890,0.113266,0.058838,0.102607,0.019304,0.199466,0.348298,-0.008150,0.199138,-0.083778,0.051578,-0.074406,-0.410355,0.164835,0.174261,-0.044613,-0.084751,-0.089825,-0.034917,-0.233167,-0.286525,-0.002848,-0.003102,0.013502,0.188914,-0.141634,-0.025793,-0.062218,-0.073224,0.093880,-0.004963,-0.193528,0.081153,-0.289292,0.066580,0.043051,0.080615,0.047275,-0.032531,0.064063,-0.147350,0.029963,-0.007717,-0.090623,-0.142956,-0.047618,0.119005,-0.079190,-0.066752,0.083095,0.104931,-0.136845,0.031650,-0.021120,0.042885,-0.022222,-0.126209,0.023129,-0.094086,-0.204879,-0.178522,0.089901,0.179259,0.151323,0.059644,0.053960,-0.067965,-0.317957,0.089743,0.019920,0.102471,#
12,0.118043,0.007265,0.038856,0.076408,-0.028560,0.018815,-0.080316,0.214095,0.157794,0.064518,-0.113420,-0.044549,1.000000,-0.128144,0.036374,-0.235172,-0.084982,-0.107218,0.071492,-0.177391,0.146625,0.175629,-0.053693,-0.205097,0.248635,-0.073149,0.023789,-0.247993,0.096555,-0.026512,0.125014,-0.273650,0.085594,0.025179,0.247912,0.145092,-0.078096,-0.079260,-0.186381,-0.090670,0.201390,-0.267095,0.030794,0.178621,0.007269,-0.041130,0.331576,0.173400,0.064128,0.295387,-0.058853,0.052420,-0.014297,-0.016112,0.168819,-0.054422,-0.152659,-0.239039,0.129131,0.048444,-0.061715,0.209455,0.074488,-0.006860,-0.142714,0.084193,-0.171241,-0.003160,0.061817,-0.028590,0.084781,0.036922,0.193855,0.036240,-0.047670,0.142948,-0.126017,0.291453,0.018195,0.268113,0.240419,0.281065,0.119225,-0.188740,0.233896,0.015839,-0.024092,0.198087,-0.116505,0.212976,0.281105,-0.071297,0.033784,0.293684,-0.042470,0.170696,0.070579,-0.047276,0.065113,-0.162068,0.285486,-0.081009,-0.037008,-0.172646,0.041236,0.235081,0.025218,0.241568,-0.026161,-0.126215,0.175936,0.118900,0.015709,-0.102438,-0.116869,-0.094349,-0.107112,0.043372,0.176135,0.065425,0.095347,-0.072525,0.132059,0.264413,0.075543,0.355665,-0.158317,0.084881,-0.064228,0.110529,-0.262963,0.065280,0.256724,-0.279557,-0.121181,-0.106866,-0.067214,-0.154834,0.090257,-0.143563,-0.067624,-0.090148,-0.249729,0.045654,-0.207094,0.043690,0.167933,0.157726,-0.108795,0.229201,0.150147,-0.086838,0.019408,-0.033247,0.055526,-0.006715,0.194508,0.285362,0.121963,-0.162238,0.120072,0.110998,0.060947,-0.134436,-0.014743,-0.065382,0.011383,0.042385,0.130725,0.011405,0.147183,-0.192565,0.157027,-0.231863,0.109676,0.031002,0.066600,0.104645,-0.421872,-0.079305,-0.036885,0.096382,-0.059254,0.156470,0.026525,0.040962,0.139609,-0.033280,-0.077617,-0.263132,-0.068141,-0.148158,-0.053913,-0.096293,0.034244,0.041286,-0.081724,-0.021816,-0.218194,0.056471,#
13,-0.312362,0.075519,-0.121668,0.186598,-0.175803,-0.244040,-0.168148,-0.047183,0.086699,-0.114567,-0.057677,0.115699,-0.128144,1.000000,0.041056,-0.079164,-0.035528,-0.127905,-0.013011,-0.237261,0.109910,0.072760,0.191246,0.231235,-0.230228,0.253684,-0.053817,0.133269,-0.120857,-0.021349,0.054588,0.018078,-0.060348,-0.054507,-0.145906,-0.033126,0.027697,0.088188,-0.161637,-0.131919,0.186425,0.028967,0.155703,-0.257631,0.202991,0.162053,-0.213686,-0.052893,0.135486,-0.122441,-0.256932,0.041383,-0.026296,-0.041181,0.022398,-0.164001,0.041438,0.110585,0.208721,0.006882,-0.063046,0.285901,-0.193669,-0.061659,-0.020624,-0.002892,0.261390,0.151452,-0.092807,0.079653,-0.211436,-0.090205,0.213853,0.036968,-0.090454,0.260984,0.123728,-0.143880,0.008405,-0.002090,-0.198374,0.011474,-0.000637,0.125903,-0.257702,0.056973,-0.008195,0.237610,0.201853,-0.070733,0.116098,0.322506,0.308391,-0.014642,-0.061906,-0.010403,-0.081068,-0.032376,-0.047059,0.082771,0.009433,-0.038282,0.032381,-0.070328,-0.173166,-0.031457,-0.117029,-0.026888,-0.149659,-0.108054,-0.221314,-0.073867,-0.045576,-0.017924,0.323699,-0.008862,0.107723,-0.014529,-0.157696,-0.143484,0.034811,-0.067626,0.211504,0.181548,-0.012223,-0.180337,-0.080563,-0.048181,0.053528,0.217707,-0.118623,-0.123587,-0.148288,0.148746,-0.019764,0.169153,0.058616,-0.107764,0.140599,0.109585,-0.034027,-0.160420,-0.189872,0.067318,-0.059261,0.087222,-0.031356,0.069586,0.047946,-0.048917,-0.097966,-0.256166,0.000293,0.246686,-0.118213,-0.100011,-0.127811,-0.266723,-0.089350,0.064566,0.033088,-0.128134,0.104979,-0.120341,-0.140654,0.049210,0.066704,0.305511,-0.178326,0.061089,-0.110203,0.020894,-0.328391,0.242382,0.096264,0.081927,0.076443,-0.144880,-0.096200,-0.102016,0.233947,-0.070205,-0.000404,0.112178,-0.283387,0.086487,-0.063338,-0.330046,-0.079766,0.109528,0.147948,0.014242,0.083761,-0.002942,-0.016677,0.089573,-0.178894,0.424296,0.018475,0.143765,#
14,0.226854,-0.257405,-0.123072,-0.160000,0.080645,0.031409,-0.257224,0.072974,0.039223,0.012828,-0.312449,0.068711,0.036374,0.041056,1.000000,-0.151508,-0.119039,0.181462,-0.222029,0.164020,-0.200033,0.001667,0.063305,0.198983,-0.105062,-0.080499,0.033889,0.257070,-0.032604,0.080251,0.384392,0.013333,0.051486,0.004562,0.018891,-0.007292,0.215032,-0.032092,0.215228,-0.059659,-0.014060,0.083381,-0.141565,-0.025613,-0.031570,0.103589,0.096928,-0.116618,0.082427,-0.019970,-0.020404,0.060489,0.112040,-0.167215,0.008664,0.047519,0.274879,0.030406,0.293837,-0.214476,0.056119,-0.098654,0.080115,0.010952,-0.029381,-0.001837,-0.040007,-0.071167,-0.082254,-0.034745,0.157346,0.026508,0.251617,0.051132,0.141782,0.272456,-0.072963,-0.091581,-0.241568,-0.028938,0.024502,0.049542,0.140472,0.178588,-0.091184,-0.060065,0.067263,0.121747,0.023852,0.343418,0.239262,-0.036026,0.090376,0.270181,-0.036271,-0.083145,-0.169390,-0.044826,-0.130623,-0.021203,-0.288933,0.005273,0.085899,0.007204,0.025476,-0.021957,0.008692,-0.218565,0.140748,-0.045823,-0.162792,0.102913,0.258323,0.009267,0.049048,-0.217138,-0.018472,-0.109406,0.025286,0.132858,0.115071,-0.131950,0.274691,0.263421,0.052933,-0.231098,-0.258753,0.047616,0.032497,0.019275,-0.000971,-0.120673,-0.121453,0.133383,-0.015852,-0.272007,0.120097,0.110005,-0.027380,0.050234,0.054370,0.152601,0.060377,0.301272,0.167483,0.038676,0.064810,-0.047033,0.072973,-0.081708,0.292556,-0.184022,0.253129,-0.203215,-0.022779,-0.089566,0.180981,-0.026321,0.062511,0.169098,-0.068173,-0.027926,-0.059966,-0.137016,0.349465,0.129850,-0.010730,0.143796,0.048710,-0.052126,0.120008,-0.245601,-0.097889,0.021583,-0.236953,-0.029072,-0.198029,0.135478,0.091957,0.034197,0.091970,0.049730,-0.074859,-0.062125,-0.059481,0.125407,-0.092182,-0.025701,-0.081238,0.126746,0.130134,0.133355,0.011077,-0.151526,-0.175069,-0.040549,-0.133393,0.041839,-0.250628,-0.176595,#
15,-0.125739,-0.037312,-0.033642,-0.231872,-0.137152,0.002011,0.416993,-0.015258,0.030406,-0.090789,0.224386,-0.036252,-0.235172,-0.079164,-0.151508,1.000000,0.258754,0.026521,0.217084,-0.073911,-0.123010,-0.185339,-0.288708,0.266012,0.020056,0.188764,-0.154027,0.163686,-0.059476,-0.266277,-0.063473,0.171697,0.009904,0.240928,0.066477,-0.137207,0.033420,0.043418,-0.204097,-0.013666,0.081121,-0.100057,0.089954,-0.106431,-0.260314,0.106321,0.245178,0.218838,-0.080210,0.037951,-0.138320,0.059326,0.001972,0.017466,-0.012798,0.134687,0.122371,0.038280,-0.239708,0.308575,0.223318,0.014976,0.076260,0.112518,0.105170,-0.234666,-0.038399,0.078392,-0.114546,-0.041365,0.113514,-0.033537,-0.143484,0.196567,-0.050093,-0.302043,-0.167724,0.153994,0.199810,-0.027486,-0.171254,0.169317,-0.047200,0.232989,0.076011,0.142243,-0.021830,-0.034717,-0.167650,-0.289465,-0.109762,0.063065,-0.019360,-0.036055,-0.138512,-0.068083,0.127699,0.203513,0.063645,-0.058231,-0.022240,0.209751,-0.164379,0.208173,0.124983,-0.015806,0.172299,-0.013102,-0.009058,0.137078,-0.181941,0.048839,0.176628,-0.145567,0.236796,0.217161,-0.029995,-0.168367,-0.021605,-0.010611,-0.126087,0.177261,-0.086357,-0.082318,-0.093563,-0.051981,0.049739,0.157540,0.035455,0.070697,0.204034,0.134985,-0.063953,-0.121053,0.125863,0.048108,0.129763,-0.034783,0.057848,0.233347,0.127985,-0.093865,0.177350,0.040513,0.020783,-0.015887,0.151664,-0.114408,0.063541,-0.008107,0.058503,0.363294,0.241105,-0.074950,0.108956,0.219884,-0.250050,-0.114953,0.154400,0.011646,0.041148,-0.031654,-0.015675,0.224292,-0.044378,0.004553,0.047874,-0.021270,0.135733,0.130906,-0.136518,0.297900,-0.016913,0.271227,0.067371,0.006870,-0.002551,0.063651,0.240322,-0.021621,0.005405,-0.186620,0.017349,0.034843,0.203696,-0.068224,-0.132042,-0.118506,0.239191,0.139872,-0.018919,0.105388,-0.164334,0.367076,0.016977,0.207582,-0.101400,0.003322,0.216232,-0.128802,#
16,0.083198,0.236190,0.009847,0.156570,-0.038221,0.141517,0.295792,-0.083737,0.030092,-0.085431,0.055797,-0.320855,-0.084982,-0.035528,-0.119039,0.258754,1.000000,0.098178,0.342855,0.089181,0.152617,-0.502297,0.176621,-0.121373,-0.082552,0.148063,-0.099611,0.155765,-0.048607,0.025699,0.173438,0.275620,-0.024454,-0.127474,0.104843,0.030787,-0.056432,0.173124,0.070767,0.246074,-0.005025,-0.166826,0.118584,-0.057959,-0.003613,-0.046210,0.009845,0.032903,-0.164363,0.131235,0.159605,0.027302,-0.001449,0.062179,0.045332,0.265900,0.018781,0.074344,-0.042282,0.035532,0.021742,-0.014772,0.173321,0.131828,0.165708,0.154140,-0.101366,0.380977,0.216538,0.060720,0.150457,0.090878,-0.064710,0.232082,-0.002022,-0.126462,-0.015878,0.026183,0.142132,0.163208,0.160928,-0.044531,0.099782,-0.110434,0.095408,0.076253,-0.107938,-0.051586,-0.057915,-0.040072,-0.229310,0.084818,0.122273,-0.169292,0.040164,0.104895,-0.059088,-0.047211,-0.131182,0.155095,-0.076036,0.069528,0.169460,0.111522,0.143794,-0.186822,-0.103483,0.053488,0.331394,0.083475,-0.033865,-0.001455,0.156750,0.159992,0.043842,-0.002331,0.210792,-0.172291,-0.099682,0.074308,-0.253109,0.068061,-0.054240,-0.214258,0.165579,-0.014100,0.146682,0.099724,-0.132175,-0.135205,0.019893,0.019991,0.122760,0.235654,-0.087596,-0.008328,0.163768,-0.045775,0.176009,-0.171605,-0.104768,0.080216,-0.035453,-0.141967,-0.010281,-0.138491,0.228317,0.086788,-0.048572,-0.039371,0.106845,0.024235,-0.161704,0.038059,0.004411,0.059266,-0.280423,-0.165149,-0.107295,0.118310,0.221819,-0.048853,0.172129,-0.036233,0.159150,-0.014337,-0.115482,0.188383,0.082718,0.173093,-0.332680,0.250657,-0.155070,0.239605,0.048964,-0.168413,0.090308,0.097506,0.127833,0.159846,0.123884,-0.012795,-0.153297,0.260918,-0.104840,-0.189359,0.123984,0.087299,0.157447,0.113420,0.109119,0.209265,-0.221216,0.140836,0.101189,0.257826,0.011567,-0.179789,0.055324,0.058557,#
17,-0.051619,0.063951,0.115650,0.079181,0.066161,0.079437,0.189426,0.218016,-0.119936,0.227803,0.064851,-0.069123,-0.107218,-0.127905,0.181462,0.026521,0.098178,1.000000,0.062323,0.129519,-0.044287,-0.024388,-0.061532,-0.086581,0.204898,-0.132777,-0.120005,0.098057,-0.034485,-0.024000,0.047746,0.247711,-0.188240,-0.143984,-0.138345,-0.366208,-0.133478,0.224873,0.324469,0.060548,0.249447,0.129157,-0.070404,0.059706,0.081183,0.241091,0.049987,0.107365,0.020818,0.038997,-0.125100,-0.029307,0.161635,-0.067708,0.143137,0.130410,0.097564,-0.091818,0.022493,0.003086,0.200177,-0.076186,0.234481,-0.080521,-0.116907,0.030981,0.286862,-0.149012,0.009927,-0.116222,0.256054,-0.052383,-0.002057,0.316973,0.012002,-0.061773,-0.305190,0.080679,0.206896,0.052858,-0.069518,0.231580,-0.126777,0.246163,-0.107352,-0.116628,0.223355,-0.137512,-0.253661,0.156875,0.075278,0.015288,0.173862,0.073314,0.191024,0.074619,-0.053520,-0.095048,0.103703,0.366935,-0.186764,-0.032339,-0.115565,-0.261987,-0.114557,0.157389,-0.045212,0.073348,0.011133,-0.027296,0.034705,-0.071296,0.236910,0.147260,0.285894,0.024491,-0.114126,0.105926,0.056252,0.141686,-0.035114,-0.060686,-0.160685,-0.021496,0.100804,0.036155,0.002592,0.202691,0.095487,0.002651,0.009871,0.267387,0.068215,0.020313,-0.084244,-0.120743,0.184399,0.013687,-0.110595,0.169455,0.072379,0.110748,0.172048,0.072049,0.088696,-0.027223,-0.202977,-0.104862,-0.116631,-0.013930,0.099880,-0.055927,-0.008776,0.085485,0.023358,0.097854,0.055133,-0.269103,0.056345,0.011462,-0.025152,0.053261,0.127252,0.057031,-0.127150,-0.189612,-0.163673,0.065514,-0.043702,-0.089051,0.018883,-0.009847,-0.156793,-0.153023,0.017358,0.019400,0.071416,0.088254,0.215764,0.118685,-0.141835,-0.004652,-0.094136,-0.015491,-0.106263,-0.169159,0.193324,0.048508,0.086395,-0.143887,-0.077306,0.048213,-0.109310,-0.146783,-0.223961,0.143860,-0.030441,-0.148722,-0.135452,-0.151722,#
18,-0.081158,0.191394,0.248291,-0.109592,-0.272758,0.110626,0.140508,0.139610,-0.101226,-0.273341,0.062916,-0.094985,0.071492,-0.013011,-0.222029,0.217084,0.342855,0.062323,1.000000,0.143842,0.154657,0.127055,-0.106652,0.083864,-0.078330,0.014837,-0.139792,-0.143338,-0.001316,-0.044828,0.009365,0.172391,0.050715,0.100075,0.173900,0.069250,-0.131041,0.358547,0.042815,-0.073224,0.309161,-0.239110,0.274823,-0.186021,0.003606,0.010900,0.212723,0.233196,0.033627,-0.062099,-0.073389,0.061146,0.106057,0.033223,0.182931,0.148081,-0.072888,0.040465,0.081054,0.113697,0.141493,0.108151,-0.081371,-0.044022,0.096691,-0.009755,0.218764,-0.105167,0.080565,0.166810,0.046220,-0.033576,-0.107699,0.142832,-0.127777,-0.106494,-0.247864,0.189814,0.003441,-0.131415,0.035084,-0.113605,0.184973,-0.054181,0.153008,0.355290,-0.333939,0.062070,0.018963,-0.046050,-0.086557,0.115187,0.007597,0.082856,0.142953,-0.013956,-0.027971,0.052137,0.100845,0.087994,0.104503,-0.007622,-0.010791,-0.025942,0.248157,0.211112,-0.191100,0.184522,0.156978,-0.024198,0.076253,-0.044448,-0.011075,-0.106855,0.054236,-0.068383,-0.077314,-0.280385,0.118943,0.148099,0.036244,-0.225217,-0.031837,-0.033371,0.172232,0.033714,0.057093,0.186094,-0.064632,-0.007644,-0.027108,0.117906,0.030614,-0.176049,-0.237909,0.084992,0.023875,-0.038690,0.149361,-0.093044,-0.156375,0.047306,-0.206287,-0.229773,0.064157,0.066884,0.118684,0.061310,-0.037467,0.011648,0.078611,-0.038182,0.039382,0.238068,-0.017499,0.337542,-0.110254,-0.319652,-0.240579,-0.223093,0.061330,-0.141228,0.081696,-0.026223,0.078009,-0.060782,-0.079625,-0.080117,-0.106231,0.174381,0.139616,0.113478,-0.085839,0.106609,0.124184,-0.038875,-0.074915,-0.010056,-0.023118,-0.048485,0.075713,-0.101655,-0.261123,0.061664,-0.001864,-0.335495,0.037976,-0.007020,-0.221490,-0.082032,-0.071772,0.224469,-0.020802,0.013167,0.214967,0.207818,0.051265,0.039474,0.021055,0.237688,#
19,0.301792,-0.160958,0.153991,0.134514,0.064630,0.236619,-0.256491,0.106617,0.093832,-0.024037,-0.318780,-0.139242,-0.177391,-0.237261,0.164020,-0.073911,0.089181,0.129519,0.143842,1.000000,0.022210,-0.222830,-0.151964,-0.184370,0.115804,-0.083456,0.105507,0.175674,-0.168657,0.059421,-0.088397,0.203996,0.160131,0.003490,0.142051,0.024216,0.174146,0.087309,0.176865,0.154211,0.044324,0.026929,-0.118853,0.021773,-0.094410,-0.079643,-0.110135,-0.108919,0.032777,0.174372,0.232017,-0.097502,0.230635,0.126169,-0.048374,0.115597,-0.007292,-0.058651,-0.092306,-0.002770,-0.036816,0.007828,-0.096061,0.141695,0.185163,-0.088732,0.235296,-0.069246,0.227114,0.150502,0.088378,-0.209150,-0.053880,0.081027,-0.270563,-0.090184,-0.096916,-0.077058,-0.058980,0.019546,0.316362,-0.012539,-0.182145,-0.019341,0.140321,0.103200,-0.138919,-0.114110,-0.030536,0.051615,-0.036700,-0.106323,-0.074578,-0.103507,-0.077350,-0.140684,-0.047344,0.177341,0.050032,0.294574,-0.279035,-0.210816,0.155167,0.117058,-0.072696,-0.121280,-0.169139,-0.084605,-0.076718,-0.115166,0.050439,-0.024559,-0.001929,-0.156779,-0.138694,-0.190916,-0.028804,-0.069059,0.129587,0.092799,-0.085127,-0.190445,0.154707,-0.063593,-0.035285,0.064262,-0.078580,0.236962,-0.076340,-0.254515,0.165992,0.161929,0.076171,0.070246,-0.185937,0.044158,-0.102916,0.002000,-0.016191,-0.168030,-0.113426,0.011504,-0.353189,-0.268374,0.085020,-0.077694,0.099405,0.006381,0.014303,-0.062635,-0.065860,-0.050675,-0.087856,-0.015852,0.065111,0.073541,0.123282,-0.235361,0.039199,-0.132319,0.249341,0.072731,-0.255325,0.189474,0.385452,0.293775,-0.080895,-0.147232,-0.047118,0.048176,0.022337,0.140574,0.113529,0.046024,0.092362,-0.161737,0.017514,0.051947,0.243790,0.075187,0.022064,0.022951,0.028283,-0.056579,-0.008465,-0.037917,-0.153343,0.122779,-0.117754,0.064495,-0.049326,0.031959,-0.045748,-0.141191,-0.068700,-0.010680,0.070102,-0.224681,0.180232,-0.105309,#
20,-0.204541,0.372682,0.206833,0.330606,0.047740,0.034807,-0.140721,0.157726,0.166950,0.020020,-0.093148,-0.094685,0.146625,0.109910,-0.200033,-0.123010,0.152617,-0.044287,0.154657,0.022210,1.000000,0.026415,-0.015401,0.221669,0.080542,0.209436,-0.289272,0.138930,0.033543,-0.001277,0.124031,0.139970,0.332067,0.020428,-0.017249,0.272934,-0.263067,-0.058770,-0.104369,0.161629,0.088677,-0.036901,-0.092693,-0.326908,0.353399,-0.017017,0.045522,0.109267,-0.048386,0.356791,0.083904,0.085722,0.063191,0.000154,0.267107,-0.162446,-0.321245,-0.128464,0.161301,0.024789,0.035735,0.059247,0.134533,0.194476,-0.104378,0.278088,0.108772,0.009847,0.057867,-0.075361,0.130987,0.141953,0.370054,0.216209,-0.162193,-0.042876,0.226919,0.048959,0.197302,0.031999,-0.053622,0.031602,0.125731,-0.272243,0.134143,0.268423,0.068814,0.257661,-0.028477,0.014107,0.161970,0.146863,0.034089,-0.112262,0.085545,0.125967,0.027600,-0.080449,0.060471,0.018863,0.187151,-0.067037,0.272801,0.161441,-0.020288,0.276762,0.172499,-0.075950,0.045527,0.181342,0.013675,0.047687,-0.092263,0.014929,0.037256,-0.137262,0.139910,-0.099672,-0.044905,-0.131086,-0.147317,0.122908,0.095843,0.188151,0.143075,0.142664,0.120556,0.055455,-0.016623,0.146392,0.029387,0.203989,0.254399,0.171298,-0.086571,0.092257,-0.101749,0.097428,0.143126,0.047818,0.052841,0.122919,-0.186357,-0.133170,0.008047,-0.106987,-0.006005,0.129772,-0.033449,-0.087671,0.096268,-0.119291,-0.051969,0.316790,0.037724,0.268477,0.033983,0.179517,-0.046205,-0.052803,0.268256,0.028940,0.161299,0.136913,-0.170688,0.080600,-0.038331,0.189621,0.107615,-0.153022,0.175823,-0.217827,-0.093145,-0.066087,0.113511,0.019192,0.014138,0.062180,-0.058291,0.154704,0.146398,0.200300,-0.028421,0.240176,0.021683,0.228425,0.026622,-0.128299,0.088880,0.022221,0.161465,0.269723,0.224980,0.247676,0.131983,0.247507,0.163929,0.013443,-0.060219,0.040355,#
