0,1.000000,0.039554,0.245676,0.092142,-0.052563,0.148182,0.037245,0.116907,0.165967,0.008004,0.043414,0.315229,0.204806,-0.209460,0.446330,-0.016502,0.041905,0.250657,0.080284,0.167253,0.082104,-0.061149,0.133311,0.122937,0.025708,0.062862,0.012275,0.166671,0.029945,0.172072,0.078339,0.072162,-0.041859,-0.163374,0.240434,0.127002,0.054344,0.015807,0.028896,0.073880,0.095878,-0.112356,0.314706,0.183628,0.046531,-0.066369,0.099630,0.347301,-0.036716,0.090541,-0.059896,-0.071494,0.248691,0.248071,-0.088113,0.029704,-0.024652,-0.028891,-0.110362,-0.044695,0.293535,-0.119311,0.138191,0.151283,-0.207028,0.358462,0.066266,0.189167,-0.075089,0.084299,0.086223,-0.120454,0.156478,0.103859,0.161201,-0.125033,0.093115,0.115077,-0.133171,-0.062108,0.176335,-0.015961,-0.043468,-0.071740,0.093689,0.256006,-0.051735,0.040843,-0.369671,-0.112173,0.165692,0.157271,0.120475,0.282149,0.304021,0.211099,-0.121250,0.004107,0.056128,0.115439,0.058211,0.151376,-0.060971,0.003637,0.071171,-0.092908,-0.054133,0.217394,0.082477,0.177482,0.089693,-0.053013,0.157420,-0.165544,0.025766,0.186407,-0.063841,-0.203309,0.063632,0.070210,0.007211,0.482815,0.074032,0.195389,0.078619,-0.055929,0.033455,0.016994,-0.003724,-0.022185,-0.157462,0.214209,0.140155,-0.041387,-0.017000,-0.156372,0.084688,0.110636,0.013931,0.237790,-0.085361,-0.020632,-0.116816,0.337052,0.361571,-0.068017,-0.056207,0.163591,0.209168,0.089736,0.036472,-0.291100,0.038506,0.203415,-0.058495,0.068442,-0.248958,-0.008968,0.162614,0.159348,0.268568,0.212200,-0.168780,-0.028291,-0.140162,0.219215,0.223435,0.035439,0.198311,0.171904,0.166745,0.034015,0.073247,0.081984,0.410204,-0.121784,0.138960,0.047139,0.029281,0.058960,-0.142636,0.186611,-0.038967,0.151654,0.073432,-0.153081,0.188361,0.348054,0.082997,0.261257,0.096264,0.293514,0.229725,0.023687,-0.233206,-0.080663,-0.152681,-0.017493,0.242012,0.049696,#
1,0.039554,1.000000,-0.168888,0.245759,0.308428,0.353952,-0.063187,-0.064049,0.022583,0.033100,0.095359,0.258104,0.147939,0.162923,0.217566,0.066688,0.041339,-0.005204,0.049433,0.408707,0.216217,0.302066,0.249269,0.294333,0.094810,0.042686,0.254734,0.021815,-0.109501,-0.307428,0.238106,0.290162,0.211973,0.196193,0.150840,0.114626,-0.152768,0.119944,0.014350,0.136491,0.002300,0.116649,-0.065056,0.184609,-0.120700,0.281017,0.289008,0.217211,0.274916,0.128244,0.037793,0.218946,0.307179,-0.134705,0.083356,0.097621,-0.037817,0.218668,0.261644,0.174221,-0.163555,0.017787,-0.173630,-0.156258,-0.052452,0.079879,0.137713,0.350898,0.154412,0.251005,0.008352,0.119506,0.348917,-0.059092,0.044842,0.077535,-0.033053,0.068903,0.057446,-0.024445,0.119607,0.098585,0.450498,0.098086,0.100865,-0.104559,-0.023097,0.093283,0.113849,0.215370,0.168616,-0.021350,0.089992,0.119294,-0.173442,-0.023048,0.205901,0.063762,-0.172901,0.180685,0.027142,0.329064,-0.023075,0.160737,0.067943,-0.059513,0.084561,0.239187,-0.105911,-0.089691,0.179343,0.076491,-0.010661,0.108903,0.155285,0.115795,0.330892,0.261306,0.118368,-0.077867,0.415005,0.300997,0.240181,0.170126,-0.108280,0.022966,0.242493,0.222420,0.333653,0.289253,-0.048560,0.146945,0.083909,0.277828,0.258931,-0.022226,-0.005371,0.062581,0.229104,-0.165737,-0.037979,-0.097125,0.135129,-0.054300,0.042022,0.091575,0.031549,0.042311,0.171280,0.197722,0.211233,0.157451,0.145015,0.133330,0.335798,-0.077242,0.096702,0.169477,0.028980,-0.042873,-0.067696,0.314046,0.108990,0.211099,0.249934,0.053258,-0.047454,0.298666,-0.010328,0.157050,-0.039504,0.084874,0.136938,0.311957,0.111278,-0.061343,0.139670,0.006358,0.087097,0.159062,-0.061538,-0.000415,0.026711,-0.178959,0.019070,0.195343,0.069312,-0.036606,-0.001372,0.008164,0.191121,-0.046560,0.048369,0.120029,0.279764,-0.203521,-0.068656,-0.071206,0.121171,0.194169,#
2,0.245676,-0.168888,1.000000,0.175209,0.064805,0.109278,-0.069181,0.232105,0.093191,0.215239,0.124340,0.060912,-0.070657,-0.086783,0.286386,-0.077468,0.231079,0.045740,-0.046601,0.301809,0.018698,-0.000875,-0.226294,0.144372,-0.010243,-0.040178,0.132311,0.190869,0.293841,0.112153,0.087821,0.102290,0.073054,-0.092980,-0.002973,0.142543,0.291759,-0.035641,0.196041,-0.077732,0.193392,0.222557,0.167947,0.081741,-0.127536,0.141247,0.422874,-0.027296,-0.099439,0.238235,-0.042961,-0.090939,0.142291,0.363365,0.148520,-0.003821,0.112623,0.142773,-0.222244,0.016276,0.197568,0.146130,0.201410,0.215092,0.086217,0.322756,0.245583,-0.090293,0.121063,0.111461,0.159504,-0.042874,0.210749,0.194893,0.273305,0.039487,0.102229,0.217726,-0.044403,0.328498,0.153446,0.052375,0.161307,0.095161,0.156714,0.284412,0.347632,0.203796,0.068629,0.069195,0.260332,0.487669,0.038037,-0.062372,0.457366,-0.003385,-0.005756,-0.015984,0.331907,0.149540,0.163520,0.077146,-0.041128,-0.056592,0.033786,0.432953,0.070884,-0.003486,0.352975,0.085966,0.181169,-0.068100,0.348083,0.052946,0.199120,0.037523,0.045189,-0.106198,0.348519,-0.194291,-0.027866,0.137523,0.115303,0.034824,0.316934,0.071901,-0.008747,-0.008249,0.261262,0.137527,0.302415,0.303590,0.326739,0.320607,0.056110,0.103470,-0.088421,0.064119,0.010021,-0.124677,0.199077,-0.100311,-0.239789,-0.035812,0.050674,0.264245,0.027748,0.139006,0.127590,0.121098,0.002539,-0.070815,-0.006559,0.287732,0.003729,0.242122,0.035835,-0.017745,-0.073973,-0.001154,-0.005207,-0.154663,-0.000131,0.044952,-0.222091,0.167062,0.434065,0.154332,0.165306,-0.025241,-0.112144,0.244073,0.018162,-0.029624,0.174609,-0.058353,-0.007320,0.092377,0.168385,-0.103244,-0.148030,0.149262,0.001063,0.294780,-0.154758,-0.101478,-0.106651,0.197355,0.196998,-0.011990,0.070690,0.089389,0.132627,0.015146,-0.101939,0.315509,0.027087,0.039773,-0.141396,-0.021838,#
3,0.092142,0.245759,0.175209,1.000000,0.152216,0.171467,0.041067,0.092458,0.128611,0.116502,0.099798,0.208461,0.219091,-0.233074,0.257910,0.227907,0.185404,-0.041139,0.173027,0.110134,0.047320,0.465202,-0.048610,0.077031,0.256105,0.149660,0.167677,0.129104,0.189529,-0.131223,0.173310,0.314352,0.160674,0.327256,0.280310,0.070020,0.079471,0.132249,-0.018079,0.017902,0.135353,0.130892,0.038747,-0.011370,0.052184,0.387740,0.296586,0.291088,0.309358,0.181189,0.017702,-0.032114,0.284681,0.110670,0.192852,0.048472,-0.171584,0.085065,0.445407,0.046527,0.096761,0.214720,-0.079792,0.105999,0.152749,0.221545,-0.001204,-0.025258,-0.000872,0.361131,0.039151,0.310572,0.291349,0.248728,0.159170,-0.006891,0.015769,0.031848,0.078365,0.295082,0.078922,-0.035614,0.213881,0.301653,0.105521,0.147161,0.109465,0.156693,0.026379,0.218055,-0.009312,0.144132,0.416679,0.247568,0.243213,0.195759,0.028906,0.032634,-0.061295,0.162127,0.016200,-0.023542,-0.171869,0.112782,0.086141,0.292872,0.223804,0.360069,0.024593,0.193514,0.056831,0.048150,0.118410,0.165205,0.225316,-0.059450,0.251477,0.025882,0.296818,-0.053014,-0.023957,0.121806,0.027044,0.045755,0.072700,-0.118928,0.319990,0.145677,0.186352,0.196918,-0.057626,0.273021,-0.011140,0.434018,0.433291,0.162820,0.371434,-0.084726,0.036364,-0.091233,0.140726,-0.105073,0.016744,0.081530,-0.055075,0.237660,-0.100854,0.172138,0.037627,0.009297,0.040662,0.045852,0.205371,0.123937,0.150977,0.032218,0.149886,0.081459,-0.137276,0.187172,0.135840,0.113386,0.107937,0.365482,0.091952,0.165677,0.022724,0.047678,0.110099,0.146333,0.125975,0.233824,0.087289,0.136594,-0.164420,0.204907,-0.060210,0.015237,0.266982,-0.002858,-0.126401,0.180972,-0.057636,0.142419,-0.205814,0.032026,-0.005599,0.055009,0.361264,0.202093,-0.122099,0.091132,0.128504,0.083661,-0.033062,0.022608,0.139491,0.014547,0.053663,0.347364,#
4,-0.052563,0.308428,0.064805,0.152216,1.000000,0.173259,0.216441,-0.022424,-0.094710,0.000600,0.202217,0.135871,-0.115478,-0.053896,0.156358,0.332910,-0.049610,0.134255,-0.015181,0.348777,0.020814,0.348598,0.146859,0.213337,0.009537,-0.245383,0.198438,0.167074,0.051184,-0.132554,0.479005,0.013669,0.361144,0.058207,0.036135,0.163830,-0.145461,0.046381,0.147441,0.183986,0.073928,0.184358,0.151481,0.291418,0.204399,0.060032,0.306453,0.005358,0.057989,0.159140,-0.047912,0.063662,0.213688,-0.075842,0.042564,-0.095224,0.007624,-0.053720,0.423352,0.260765,-0.001813,0.297341,0.098180,0.016967,0.153255,0.161692,0.186121,0.045424,-0.004158,0.166745,0.274412,0.309538,0.128534,-0.015070,-0.002693,0.282183,0.162299,0.129768,0.252793,-0.070075,-0.111411,0.059969,0.332911,0.004874,0.342108,-0.147138,0.090532,0.125024,0.229152,0.435939,0.029861,0.036689,0.074789,0.077765,0.174907,0.200231,0.107925,0.148376,-0.068579,0.120422,0.301404,0.247350,-0.072146,0.138251,0.131137,0.069004,0.181472,-0.018366,-0.057762,0.185191,-0.006841,0.011010,0.472379,0.321552,0.172813,0.024592,0.174043,0.262975,-0.016911,0.106252,0.344878,0.249662,0.276137,0.187886,0.060204,0.006173,0.091421,0.016783,0.384405,0.279323,0.382636,0.407843,-0.074169,0.149383,0.203696,0.189830,0.236068,0.070111,0.061852,-0.034339,-0.039866,0.307992,-0.049239,0.143958,0.029258,0.183527,0.196405,-0.294335,0.117617,0.296540,0.027496,0.440956,0.112234,0.051870,0.146554,-0.009959,0.090056,0.064981,0.238330,0.075841,-0.093769,0.252816,0.155444,0.336323,0.140458,0.033105,0.078022,0.241752,-0.132869,0.242855,-0.045026,0.125722,0.034511,0.136136,0.276065,0.092166,-0.184126,0.150203,0.157331,-0.015379,0.265269,0.236215,0.231794,0.235997,0.304308,0.061467,-0.141393,0.259873,-0.052125,-0.212303,0.045089,-0.073396,-0.032342,-0.025389,0.333502,-0.224580,0.157130,-0.153255,0.053986,0.123168,#
5,0.148182,0.353952,0.109278,0.171467,0.173259,1.000000,-0.070238,0.154243,0.094399,0.156489,0.028089,0.094589,0.180686,0.083151,0.074274,-0.036499,0.080293,0.098676,0.228576,0.351806,0.057869,-0.019254,-0.100446,0.064056,0.188786,0.265939,0.201836,0.363308,-0.149906,0.049709,0.109416,0.242625,0.157729,0.302064,0.078728,0.292969,0.000236,-0.108070,0.089267,0.162660,-0.041685,0.073949,-0.106643,0.169571,0.073578,0.071554,0.153163,0.447185,0.177797,0.177527,0.123316,-0.227522,0.238256,0.148530,0.006490,0.352140,0.082251,0.056792,0.198095,0.239054,-0.257850,-0.100066,0.020754,0.116120,-0.179325,-0.035589,0.073598,0.088300,0.155737,0.351712,0.264960,0.170848,0.406577,0.055029,0.074520,-0.112228,-0.007819,0.295557,-0.002358,-0.009976,0.143671,0.178260,0.365842,0.117112,0.046256,0.085744,0.090665,0.112064,0.150991,0.231486,0.241361,-0.163264,0.064450,0.060545,-0.034858,-0.297049,0.135028,0.180812,0.213837,-0.054924,0.319124,0.143453,0.238175,0.134085,0.119691,0.109449,0.122827,0.261572,-0.118789,0.144484,0.053986,0.156310,0.103739,-0.035532,0.009536,-0.073168,0.314410,0.241547,0.219959,-0.162970,0.065146,0.312154,0.253105,0.359244,0.092886,0.096772,0.319986,-0.069909,0.309060,-0.016526,0.097474,0.346752,0.269254,0.383495,0.026144,-0.147446,-0.093746,0.257214,0.049836,-0.127453,0.078156,-0.083769,0.077416,0.049275,0.404908,-0.061305,-0.051551,0.250742,0.119277,0.393897,0.269837,0.159903,0.212028,0.193746,0.083155,0.052994,0.133123,0.159505,0.133603,0.084665,0.107538,0.270233,0.209881,0.134868,0.148295,-0.025954,-0.078747,0.332444,0.059815,-0.081869,0.373716,0.108123,0.150656,0.066628,-0.021605,0.179306,0.115604,0.214353,0.273947,0.154555,0.059397,0.118053,-0.203326,0.129866,-0.115820,0.050941,-0.257186,0.178075,0.440423,0.176586,0.036816,0.365508,-0.002819,0.312816,0.097130,-0.007495,-0.082887,0.049666,0.162206,0.230514,#
6,0.037245,-0.063187,-0.069181,0.041067,0.216441,-0.070238,1.000000,-0.088151,0.227646,0.259948,0.151940,0.197551,0.058050,-0.015749,-0.000282,0.367301,0.069699,0.224590,-0.073305,0.115957,0.120010,0.197768,-0.050970,-0.026922,0.221658,0.128143,0.014990,0.144310,0.158430,0.016025,0.166379,0.213143,0.306607,0.143415,-0.101514,0.170560,0.206297,0.101890,0.087805,-0.031950,0.190900,0.012656,0.340129,0.381582,0.124767,-0.150264,0.097857,0.289903,0.163665,0.240083,0.046282,0.025613,0.230992,-0.167134,0.079476,-0.154826,0.182915,0.090744,0.227333,-0.142788,0.346551,0.115283,0.237971,-0.075464,0.099275,0.089889,0.112776,0.188275,0.043005,-0.012595,0.293456,0.371601,0.063008,0.090646,-0.105738,0.282297,0.198923,0.257930,0.250670,-0.089336,0.232348,0.086271,0.014096,0.346422,0.182764,-0.229808,0.110869,0.265442,0.014090,0.327785,0.165687,0.072965,-0.068310,0.226100,0.084664,0.120086,0.077217,0.186882,0.055936,0.029529,0.154872,0.357451,0.098530,0.099729,0.230502,-0.049448,0.013225,0.082046,0.168612,-0.106005,-0.098426,0.039175,0.042118,0.022881,-0.044660,0.111887,-0.043980,0.013527,-0.108673,0.288189,0.095003,0.083952,-0.047871,0.230307,0.025577,0.031005,-0.195144,0.067776,0.153436,0.129280,0.231569,0.182720,-0.113367,-0.025996,0.061559,0.037815,0.205534,0.041042,0.125087,0.292888,-0.054091,0.103635,-0.264297,0.112339,0.106626,0.158447,0.231558,0.142310,0.136375,0.089170,-0.044000,0.240286,-0.087356,-0.034457,-0.123572,-0.098882,0.096114,-0.324268,-0.012835,0.286844,0.105957,0.113944,-0.154487,0.058845,0.198466,0.054882,0.189079,-0.209538,0.025910,0.129796,0.138356,0.181969,-0.099966,-0.134031,0.128377,0.180772,0.014213,0.222887,0.014036,0.047069,0.108256,0.256534,0.129796,0.214087,0.134831,0.050538,0.048788,0.063194,0.136482,-0.027459,0.012255,0.028814,-0.038291,-0.130779,0.114456,0.326798,0.238787,-0.070797,-0.083952,0.083304,#
7,0.116907,-0.064049,0.232105,0.092458,-0.022424,0.154243,-0.088151,1.000000,0.263337,-0.069622,0.129980,-0.030876,0.117328,0.010102,0.194219,-0.119520,0.060296,0.049572,-0.018563,0.251790,0.228136,-0.074741,0.022001,-0.130059,0.014270,0.328937,0.022861,0.197378,0.143403,0.296122,-0.092819,-0.050087,-0.059213,0.029198,0.138319,0.213057,0.055070,0.119575,0.036236,0.024738,0.005520,0.329542,0.074300,0.122364,-0.011845,0.089846,0.110091,0.187611,0.215063,0.002159,-0.047055,0.048469,0.293606,0.347290,0.218356,-0.046863,0.110067,-0.083325,0.175657,0.308168,-0.172560,0.067510,0.111222,0.291203,0.068907,0.236951,0.284487,-0.230851,0.130637,-0.061695,0.201601,0.101784,0.228587,0.297565,0.124840,0.112298,0.006065,0.045453,-0.279691,-0.058471,0.337990,-0.020333,0.231240,-0.011157,-0.085527,0.034578,0.227589,0.086900,-0.047973,0.144699,0.111799,0.250679,0.143184,-0.066837,0.094552,0.093278,0.229139,0.285232,0.189337,0.134784,-0.003623,-0.029043,-0.101693,0.028839,0.060816,-0.014738,0.059975,0.248005,0.147770,0.183333,0.379807,0.157604,0.102046,0.077526,-0.002207,0.038956,0.026155,0.108532,0.233035,0.024031,0.111926,0.036192,0.039773,0.132182,0.331653,0.167187,0.025480,-0.042127,0.116706,0.070253,0.143520,0.251677,0.251146,0.160422,0.092894,0.160447,-0.015519,0.331180,-0.126709,-0.028493,-0.120386,-0.162934,0.131385,0.231546,0.156567,0.027404,0.070956,0.000088,0.105179,0.006003,-0.062652,0.079703,0.169383,-0.132156,-0.047823,0.100834,0.256170,0.118075,0.151766,0.180637,0.069804,-0.033179,0.162119,0.050223,0.010631,-0.029056,0.258170,0.243596,-0.164589,-0.063381,0.213984,0.060847,0.063504,0.043736,0.043799,-0.168983,0.015326,-0.067739,0.188745,0.087157,-0.056953,0.065993,0.125622,0.162971,-0.173109,0.026018,0.115992,0.038928,0.169227,0.300755,0.174852,0.066970,0.102304,0.098948,0.157950,0.061586,0.005853,0.247971,0.254457,0.170525,#
8,0.165967,0.022583,0.093191,0.128611,-0.094710,0.094399,0.227646,0.263337,1.000000,0.222285,0.096489,0.123331,0.111775,0.137780,0.098159,0.261316,0.003875,0.270578,-0.098032,0.361709,0.273592,0.124783,-0.097301,0.037139,0.414240,0.162613,0.128225,-0.041425,0.119589,0.047606,0.161471,0.234998,0.126126,0.007441,0.036783,0.309562,0.162645,0.196390,-0.073115,0.029271,0.083633,0.083307,0.491518,0.044643,0.026134,0.160899,0.161056,0.265207,0.232246,0.055936,0.273022,0.060170,0.040762,0.296503,-0.022326,0.060116,0.293640,0.014192,0.053911,0.007789,0.177529,0.139132,0.369439,0.226867,0.224458,0.303764,0.200269,0.281383,0.308113,-0.054095,0.180703,0.215287,0.150090,0.111724,0.132515,0.032128,0.089985,0.083850,0.104383,-0.090583,0.308556,0.068763,0.013609,0.098904,0.251789,0.038242,0.251757,0.383742,0.120193,0.100184,0.223112,0.208632,0.012282,0.127596,0.131123,0.063604,0.189300,0.260109,0.321400,0.391612,0.227250,-0.077736,0.101176,0.265924,0.016790,0.161977,0.045898,0.090509,-0.038167,0.215460,0.030053,0.068859,0.112946,-0.013574,-0.072150,0.183476,0.016924,0.089075,0.267780,0.201923,0.038988,0.251711,0.104898,0.219853,0.101073,0.191727,-0.070607,-0.006265,0.264550,0.208372,-0.057081,0.302634,0.214639,0.104728,0.122347,0.106828,0.133452,0.027462,0.207703,0.109095,-0.010863,-0.034128,0.086560,-0.092968,0.176416,0.006007,-0.115627,0.264520,0.227984,0.196838,-0.031364,0.166656,-0.045511,0.197888,0.065884,0.029294,0.166425,0.220200,0.255708,0.177106,0.031933,-0.038059,0.273793,0.171172,-0.084957,0.185783,0.167455,0.226974,0.069539,-0.132801,0.134856,0.305170,-0.036269,0.142150,0.084126,0.097449,0.268634,0.020612,0.162742,0.078619,-0.015998,0.172229,0.113433,0.113861,0.078749,-0.076981,0.384748,0.194983,0.179167,0.358137,0.200653,0.353855,0.241612,0.184425,0.079556,-0.097739,-0.182846,0.048100,0.093440,0.363304,#
9,0.008004,0.033100,0.215239,0.116502,0.000600,0.156489,0.259948,-0.069622,0.222285,1.000000,0.055056,0.183299,0.286527,0.048650,0.235487,0.402090,0.133510,0.161609,-0.008629,0.075997,0.038031,-0.027165,-0.193315,0.152365,0.171806,-0.114431,-0.023543,0.240875,0.110109,-0.027472,0.069632,0.422737,0.163143,0.049366,-0.021598,0.177076,0.242837,0.123024,0.075549,0.044063,0.065279,-0.004929,0.046084,0.030350,0.188803,0.038370,0.121367,0.184006,0.131150,0.147078,0.236384,-0.177860,0.042110,0.139191,0.112247,0.033791,0.280205,0.387491,-0.046970,-0.034790,0.210297,0.134181,0.165104,-0.080482,-0.216215,0.143646,0.098691,0.189103,0.294122,0.173329,0.136202,0.048863,0.179643,0.131266,-0.037396,0.011323,0.485082,0.140505,0.143315,0.318377,0.073679,0.213598,0.195063,0.405612,0.117182,0.096781,0.248914,0.567784,0.130048,0.038045,0.204698,0.102949,0.031065,0.005477,0.188852,-0.164866,0.110338,0.097784,0.158229,0.161112,0.352208,0.254767,0.349466,0.194882,0.103562,0.177046,-0.053922,0.330314,0.251686,0.279973,0.139711,0.004709,0.098589,0.152824,0.070020,0.171639,-0.038277,-0.082207,0.075724,0.214813,-0.050263,0.284170,0.038662,0.196982,0.244553,0.287181,0.041113,0.158451,0.355490,0.143458,0.159862,0.150085,0.084213,0.075604,0.116471,-0.119057,0.219538,-0.036494,0.073133,-0.075255,0.324411,-0.043314,0.077438,0.272644,0.111999,0.467263,0.054215,0.150610,0.281483,0.234634,-0.024093,0.026391,0.127630,0.240454,0.182514,0.117933,-0.030625,0.026837,0.093342,0.149253,0.228967,0.314371,0.240046,-0.006018,0.124097,0.419273,-0.030267,0.050233,0.333834,0.085138,0.167134,0.149308,-0.021093,-0.208021,0.018453,0.194099,0.309111,0.242612,-0.034979,0.023865,0.223446,0.230380,0.146113,0.058861,0.032367,-0.110140,-0.001132,0.189650,0.233790,-0.093969,0.061578,0.196762,-0.041481,-0.020714,-0.180268,0.059547,0.345420,0.036190,-0.021163,0.104329,#
10,0.043414,0.095359,0.124340,0.099798,0.202217,0.028089,0.151940,0.129980,0.096489,0.055056,1.000000,0.169360,0.110171,-0.067326,0.074595,0.089674,0.296441,0.012756,0.004597,0.206389,0.127827,-0.034908,0.081483,0.341761,0.030234,0.157921,0.150841,0.173953,0.051141,0.110411,0.183241,0.100196,0.207742,0.164325,0.220734,0.086512,0.191149,0.117138,0.044735,0.073642,0.201665,0.027718,0.182640,-0.084269,0.163537,0.147466,0.325071,0.089803,0.112530,0.399646,0.179072,0.311889,0.070808,-0.081625,0.134616,0.387129,0.125312,0.259818,-0.044632,0.150130,0.198695,0.163948,0.279691,0.133764,0.087166,0.001498,0.367153,0.031970,0.323612,0.092826,0.526738,0.183983,0.348071,-0.051635,0.179473,0.310859,-0.036746,0.168005,-0.019516,0.014041,0.271379,0.012250,0.025039,-0.118250,0.111075,-0.015486,0.091713,-0.064347,0.015567,0.384373,0.061841,0.279045,0.237995,-0.209443,0.004715,0.067420,-0.003660,0.370429,-0.076588,0.080805,-0.038661,0.047608,0.018732,0.194923,0.185721,0.105091,0.248094,-0.097769,0.001597,-0.011553,-0.025407,0.084613,0.366296,0.164315,0.023668,0.192034,0.095126,0.224001,0.103877,0.027608,0.010350,0.092030,0.110958,0.258561,0.120898,0.062201,-0.013959,0.083600,0.329333,0.238524,0.028965,0.140289,-0.033887,0.192419,0.151955,0.421320,0.046524,0.063801,0.201794,0.263301,0.089451,0.113881,-0.143191,0.000568,-0.037107,0.238277,0.371549,0.191761,0.200581,0.208627,-0.160412,-0.032526,-0.012261,0.160467,0.266914,-0.040953,0.265512,0.169059,-0.056889,-0.039975,0.120375,-0.058154,0.073988,0.206081,0.096658,0.032663,0.010239,0.061664,0.149753,0.317985,-0.047549,0.223972,-0.136044,-0.004056,0.305135,0.119818,-0.038852,-0.057802,-0.011911,-0.002804,-0.133201,0.065896,0.031382,0.138887,-0.217099,0.165554,0.247498,0.134499,-0.115418,0.034628,0.133166,-0.041094,0.091028,0.246627,0.120740,0.073401,0.171484,-0.091797,0.008225,0.160212,#
11,0.315229,0.258104,0.060912,0.208461,0.135871,0.094589,0.197551,-0.030876,0.123331,0.183299,0.169360,1.000000,0.177678,0.101631,0.355576,0.235927,0.196306,0.335453,0.366045,0.287196,0.123657,0.086592,0.284218,0.235054,0.307470,0.076928,0.109153,0.095636,0.148546,-0.078266,0.208621,0.360985,0.237804,0.246958,0.150434,0.317291,0.230580,0.374602,0.190526,0.035383,0.346561,-0.043986,0.211026,0.098654,0.187723,-0.129526,0.282513,0.452350,0.143853,0.338064,-0.020996,0.063762,0.425016,0.022382,0.156313,0.032133,0.100261,0.399510,0.126780,0.215551,0.111885,0.106040,0.274673,0.126715,0.033725,0.271039,0.229453,0.088045,0.259516,0.085099,0.231226,0.035518,0.160956,0.235060,0.377503,0.164490,0.242762,0.202943,-0.072589,-0.080548,-0.099836,0.142902,0.321966,0.170205,0.450524,0.051683,0.059197,0.159371,-0.109754,0.081719,0.300587,0.184815,0.132696,0.121992,0.023425,0.126688,-0.091867,0.286896,-0.029487,0.385413,0.091777,0.301619,0.268923,0.175282,0.265246,-0.027495,0.202106,0.207327,0.228598,0.049673,0.078214,0.287914,0.176417,-0.150081,0.073942,0.020841,0.276498,-0.035525,0.191513,0.239844,0.061461,0.249481,0.191801,0.316716,0.140075,0.141264,0.229023,0.233691,0.233787,0.355621,0.142657,0.223276,0.197240,0.206626,0.194775,0.006851,0.226856,0.237120,0.247846,0.217028,-0.064365,0.066830,0.113566,0.252455,0.222687,0.274893,0.097843,0.237079,0.308357,0.172242,0.106866,-0.027692,0.146342,0.431506,0.298851,0.015614,0.251205,0.003086,-0.068111,0.146427,0.484885,0.298513,0.359273,0.279211,0.123726,0.267410,0.400425,0.151191,0.079897,0.371669,0.286915,0.074266,0.358480,0.365462,0.236415,0.062354,0.380482,0.130689,0.160642,0.245935,0.136003,0.054653,0.295083,0.129184,0.072729,0.060873,0.225161,0.292647,0.013040,-0.028277,0.165986,0.219457,0.068540,0.169670,0.191375,-0.065035,0.134656,-0.066153,0.053477,0.082966,#
12,0.204806,0.147939,-0.070657,0.219091,-0.115478,0.180686,0.058050,0.117328,0.111775,0.286527,0.110171,0.177678,1.000000,0.141485,0.272035,0.182930,-0.025132,0.081430,0.257840,0.084609,0.221962,-0.105924,0.130423,0.302365,0.115735,0.357108,0.059364,0.237763,-0.020314,0.092287,0.022351,0.260509,-0.015603,0.316832,0.286977,0.065926,0.153270,0.255292,0.108631,-0.022489,-0.054433,-0.015040,0.125023,-0.044816,0.386794,0.217473,0.202077,0.195705,0.235602,0.097847,0.384252,-0.202002,0.066218,0.059468,0.062075,0.216941,0.264035,0.067857,0.136092,0.143939,0.221429,0.115675,0.256275,0.034048,0.072622,0.214506,0.031981,0.170913,0.393977,0.186296,0.176777,0.135461,0.233726,0.009881,0.055588,0.063659,0.080199,0.088953,0.071749,0.060495,0.187708,0.122958,-0.013582,0.134758,-0.090547,0.036956,-0.109424,0.205660,-0.203537,-0.121426,0.283566,0.034499,0.204349,0.185633,0.082720,0.074910,0.069723,-0.070469,-0.118108,0.155947,-0.085091,0.270064,0.082459,0.247856,-0.043824,-0.020774,0.075601,0.218251,0.211083,0.229306,0.060055,0.148003,0.184102,-0.166310,0.159765,0.223757,-0.043473,0.082792,0.138493,0.202339,-0.000940,0.408025,0.059747,0.192350,0.268284,0.176260,0.327302,0.081863,0.113598,0.009094,-0.172227,0.051720,-0.016717,0.194907,-0.039298,-0.067165,0.045558,0.221946,-0.003388,0.042100,0.032911,-0.251018,-0.003400,0.245178,-0.147286,0.314302,0.103835,0.034478,0.160244,0.068837,0.216860,-0.249530,0.313516,0.033454,0.309872,0.215407,0.045441,0.160734,0.200751,-0.032113,0.062691,0.237054,0.129029,0.147657,0.299480,-0.004251,-0.008853,0.321768,0.062459,0.225780,0.176767,0.032516,0.061032,0.049456,0.126410,0.059219,0.287091,0.069444,-0.095243,0.033250,0.015788,0.186789,0.072735,-0.120870,-0.082700,0.004376,-0.081237,0.214291,0.274105,0.160660,-0.057093,0.197277,-0.036647,-0.056915,-0.001996,0.083714,-0.029953,0.114787,0.324409,0.088222,#
13,-0.209460,0.162923,-0.086783,-0.233074,-0.053896,0.083151,-0.015749,0.010102,0.137780,0.048650,-0.067326,0.101631,0.141485,1.000000,0.108510,-0.089567,-0.228405,0.317235,0.051978,0.202560,-0.088897,-0.033351,-0.019584,-0.109550,0.168838,0.076620,-0.032225,-0.074082,-0.041953,0.187903,-0.051643,-0.030373,0.132078,0.117756,-0.197262,0.107450,-0.156649,0.159190,-0.027912,0.081450,0.098131,0.034807,0.099110,-0.161807,-0.036441,0.135204,0.005699,0.171422,0.075154,0.274688,0.022008,-0.184216,0.071287,-0.141817,0.131876,0.097017,0.192909,0.163911,-0.058602,0.094566,-0.080657,-0.072874,-0.007361,-0.047058,0.239389,0.082517,0.118520,0.259251,0.356816,0.007215,-0.074170,0.049337,0.189407,-0.111808,0.048180,-0.069216,0.071977,0.241049,0.313623,-0.118909,-0.103969,0.060149,0.073338,0.221445,0.072953,0.116327,-0.036700,0.181222,-0.016336,0.019829,0.039717,-0.055070,-0.028134,0.006796,-0.038634,-0.101996,-0.067237,0.067271,0.063254,0.089484,0.111591,0.138227,0.244945,-0.095278,0.074675,0.103480,0.058036,-0.036299,-0.082307,0.009731,-0.022211,-0.002544,0.072892,0.065505,0.077571,-0.130605,-0.100865,-0.093082,0.335104,-0.062457,0.125424,0.003060,0.179009,-0.224668,-0.091521,0.166603,0.116985,0.074567,0.154399,0.001823,0.057083,-0.106474,0.037219,0.130609,0.035538,-0.164285,-0.133496,0.151162,0.271964,0.030231,0.181330,-0.017389,0.103070,-0.184023,-0.188144,0.061356,0.076627,-0.046888,0.134172,-0.198905,0.255026,0.135900,0.089407,-0.110527,0.200955,-0.056605,0.140503,-0.145821,0.078695,-0.156676,0.002376,-0.004056,0.204545,0.125265,0.208667,-0.047369,0.097418,-0.014844,-0.014297,-0.014461,0.029317,-0.033210,0.171664,0.218750,0.110357,0.146600,0.120471,-0.027978,-0.059434,0.202042,-0.075790,0.052735,0.268470,-0.075769,0.027048,0.091097,-0.112633,0.091665,-0.108101,-0.081146,0.176856,0.034642,0.146595,0.086653,0.100359,0.035787,-0.059300,-0.044936,0.003635,-0.205116,#
14,0.446330,0.217566,0.286386,0.257910,0.156358,0.074274,-0.000282,0.194219,0.098159,0.235487,0.074595,0.355576,0.272035,0.108510,1.000000,0.116242,0.072132,0.175220,-0.003796,0.379112,0.004507,0.074613,0.199940,0.365780,0.252068,0.081864,0.222226,0.015312,0.111962,0.078096,0.280742,-0.011594,-0.030900,-0.160974,0.380277,0.306685,-0.093389,0.229960,0.191335,0.037421,0.211895,0.059791,0.103728,-0.009306,0.151336,0.220736,0.226277,0.273641,0.123781,0.101603,-0.067245,0.126365,0.276567,0.235415,0.208897,-0.071268,-0.049668,0.079728,0.075804,-0.002902,0.095936,0.279261,0.186206,0.230811,0.005782,0.277081,0.154971,0.095474,0.206333,0.049911,0.060162,-0.049831,0.366406,0.398573,0.148546,-0.013597,0.152099,0.216852,0.081195,0.214347,0.083202,0.005239,0.278724,0.145004,0.204382,0.104350,-0.002107,0.120183,-0.046569,-0.153515,0.103022,0.186741,0.253720,0.261873,0.308602,0.181102,-0.090000,0.212406,-0.054602,0.298902,0.261151,0.232803,0.157742,0.042036,0.094650,0.022596,0.036877,0.155253,0.181865,0.290910,0.119686,0.175005,0.175986,0.149462,-0.057629,0.120715,0.107474,-0.295158,0.369252,0.025092,0.235838,0.368000,0.147331,0.132166,0.178984,0.149365,0.343042,0.159180,0.109946,0.108398,0.080402,0.402046,0.104501,0.088937,0.135561,0.108255,0.316139,0.227937,0.187672,-0.055803,0.085036,0.082319,-0.132684,0.218362,0.046591,0.381919,0.052399,-0.055978,0.134584,0.095727,0.195613,0.092119,0.209161,0.342981,0.285367,0.145518,0.126477,0.060392,-0.043998,0.022087,0.122343,0.241439,0.148629,0.078491,0.262293,0.329703,0.195543,0.075844,0.119437,0.267803,0.057489,0.043873,0.153798,0.099333,0.434459,0.131365,0.140785,-0.103714,0.170221,0.040435,0.054467,0.174534,0.054193,0.089069,0.126894,-0.004662,0.009317,0.196739,0.243541,0.005113,0.172588,0.161698,0.132040,0.211634,-0.021365,-0.129088,0.090753,0.020417,0.050567,-0.041781,#
15,-0.016502,0.066688,-0.077468,0.227907,0.332910,-0.036499,0.367301,-0.119520,0.261316,0.402090,0.089674,0.235927,0.182930,-0.089567,0.116242,1.000000,0.037350,0.213361,0.054415,0.110556,0.043828,0.332973,0.152207,0.125270,0.226658,-0.100033,-0.101959,0.058097,0.236765,-0.095590,0.316583,0.222436,0.324476,0.322981,-0.136765,0.255303,0.056042,0.351006,-0.071578,-0.162958,-0.040746,-0.151725,0.220597,0.219780,0.197296,0.092526,0.097786,0.006074,0.190909,0.224157,0.103807,0.097669,-0.087353,0.089692,0.028583,-0.065049,0.120950,0.040149,0.191850,-0.004334,0.148246,0.295151,0.175136,0.063423,0.054631,0.227744,0.107096,0.236277,0.108525,0.041076,0.166593,0.153116,-0.063975,0.097764,0.138056,0.245263,0.218320,0.058704,0.200031,-0.043879,-0.019965,-0.062582,0.059031,0.144282,0.268246,-0.170579,-0.104589,0.182933,0.071606,0.036239,0.003201,0.218098,0.242048,0.303248,0.048981,0.184082,0.040192,0.174295,0.150018,0.260508,0.070487,0.247355,0.164195,0.224244,0.136193,-0.047888,-0.121745,0.155604,0.031721,0.244075,-0.019055,-0.035557,0.207311,0.149244,0.118558,-0.122935,-0.050190,-0.000638,0.058489,0.448263,-0.015833,0.289658,0.144224,0.263172,0.121228,0.089554,0.070906,-0.090779,0.210160,0.251612,0.231531,0.141119,-0.014274,-0.007866,0.182681,0.165404,0.331446,0.017951,-0.108704,0.059143,0.000305,0.160414,-0.071697,0.164729,0.163914,0.325213,-0.113948,0.201203,0.102472,0.148139,0.102101,0.241113,0.012772,0.212728,0.108230,-0.022425,0.192496,-0.011456,0.163895,0.191254,0.014334,0.143072,0.201375,0.282159,0.021356,0.016534,0.100499,-0.029324,0.065704,0.173760,0.004246,0.052071,-0.156844,0.153106,0.058684,0.359035,0.143817,0.103351,0.084330,0.197723,0.188212,0.211069,0.135256,0.231134,0.206694,-0.191676,-0.038888,0.108025,-0.050236,0.006702,-0.028441,0.244141,0.053720,-0.143288,-0.083803,-0.058354,0.141723,-0.245453,0.152830,0.203107,#
16,0.041905,0.041339,0.231079,0.185404,-0.049610,0.080293,0.069699,0.060296,0.003875,0.133510,0.296441,0.196306,-0.025132,-0.228405,0.072132,0.037350,1.000000,0.010175,0.230324,0.207917,0.464579,-0.066743,-0.131482,0.168360,0.297345,0.065288,0.109244,0.014482,-0.036491,0.079202,0.012393,0.198938,0.091528,0.068881,0.034811,0.158431,0.357818,0.210872,0.047686,0.032110,0.121996,0.013239,0.052960,0.149170,0.116649,0.034307,0.192869,0.152330,0.102229,0.183756,-0.175143,0.181250,0.166101,-0.044754,0.085220,0.094975,-0.198915,0.073453,-0.059548,-0.145594,0.286086,0.194051,0.168813,-0.124881,-0.166947,0.003810,0.272441,-0.119130,0.009005,0.042610,0.174139,-0.045985,0.051440,-0.098691,0.058845,-0.029104,-0.099126,0.077225,-0.221154,0.098211,0.354434,0.230930,0.201387,0.150678,0.076112,0.117666,0.074362,-0.055500,0.037184,0.243520,-0.081084,0.103274,0.224826,-0.204638,0.146487,0.131312,0.092365,0.354401,0.245767,0.130341,0.147466,0.139514,-0.069652,0.261756,-0.042915,0.124113,0.287467,0.071575,0.205537,0.112845,0.050670,0.083083,0.055861,-0.037861,0.229558,0.257472,0.249758,0.167569,0.050806,-0.209987,0.106197,-0.109522,0.123271,0.134349,0.177267,-0.108402,-0.054667,-0.171960,0.264707,0.095728,0.226522,0.179509,-0.012620,0.002096,0.097529,0.300093,0.164308,0.005143,-0.045126,-0.044591,-0.000700,0.025150,0.198037,-0.044494,-0.082015,0.191210,0.338193,0.267472,0.124882,0.015210,-0.177279,0.066546,-0.172139,0.167390,0.356882,-0.101236,0.100252,-0.015124,-0.063404,-0.023917,0.167988,-0.030997,0.092876,-0.046611,0.184874,0.082508,0.104701,-0.009900,-0.008318,0.092733,-0.018051,0.121837,0.196281,0.131537,-0.007125,0.231408,0.075916,0.399790,0.178031,0.159053,-0.044686,-0.173080,-0.027607,0.204992,-0.332922,-0.069559,0.195559,0.099094,0.202693,0.113458,0.021041,0.048874,0.266335,0.060548,0.231565,0.165433,0.230869,0.213766,-0.064119,0.236250,#
17,0.250657,-0.005204,0.045740,-0.041139,0.134255,0.098676,0.224590,0.049572,0.270578,0.161609,0.012756,0.335453,0.081430,0.317235,0.175220,0.213361,0.010175,1.000000,0.261796,0.265995,0.152919,0.140778,0.163432,-0.230510,0.274133,0.224775,0.024930,0.142515,0.124832,0.107025,-0.027284,0.240347,0.278004,0.051483,-0.123377,0.237240,0.052885,0.221599,-0.000355,0.270804,0.135923,0.093501,0.188284,0.090781,0.181898,0.106703,0.117468,0.422718,-0.012202,0.176243,0.115802,-0.197087,0.190441,0.081788,0.126048,-0.218291,0.163344,0.094064,-0.055196,0.165616,0.019844,0.141478,0.310277,0.047173,0.118948,0.181559,0.408295,0.184299,-0.047658,0.060631,0.046743,0.028097,-0.020696,0.129952,0.333196,-0.238640,0.248777,0.232791,0.326062,0.007231,0.040170,0.077958,0.259324,0.226294,0.167842,-0.011711,-0.061628,0.381567,0.064365,0.060367,0.087384,-0.030712,0.159704,0.217324,0.331530,0.189678,0.029177,0.229082,0.286129,0.063267,0.196330,0.174319,0.128251,0.053278,-0.013511,0.193326,-0.171399,-0.034166,-0.034394,0.378002,0.193753,-0.029722,0.307333,-0.113122,0.235039,-0.014771,-0.059742,-0.090617,0.283900,0.310268,0.208242,0.365782,0.403817,0.019991,-0.137955,-0.232025,-0.068043,-0.077636,0.320161,-0.063076,0.142896,0.274601,0.236449,0.056579,0.298770,0.099800,0.239182,0.201852,0.043672,0.292817,0.151132,0.074540,0.096885,0.121890,0.300874,0.065356,0.013946,0.063060,0.379920,0.160832,0.036308,0.084074,0.094544,0.252457,0.110393,0.028252,0.185891,-0.009004,0.131223,0.156390,0.172052,0.254146,0.237381,0.014074,0.107886,-0.076544,0.190708,-0.110754,0.069723,0.085512,0.013303,0.111439,0.309592,0.177985,0.273521,-0.007441,0.137663,0.207098,0.157663,0.427098,0.143367,0.155575,0.100301,0.382675,0.078411,-0.075364,0.012673,0.361191,-0.128441,0.098792,0.340359,0.254021,0.064442,0.223075,0.101554,0.079402,-0.040962,-0.091051,0.215616,-0.166384,#
18,0.080284,0.049433,-0.046601,0.173027,-0.015181,0.228576,-0.073305,-0.018563,-0.098032,-0.008629,0.004597,0.366045,0.257840,0.051978,-0.003796,0.054415,0.230324,0.261796,1.000000,0.065027,-0.088966,0.157661,0.141159,-0.108173,0.084968,0.293589,0.158342,0.058218,-0.081722,0.195736,-0.271249,0.321095,0.165392,0.232517,0.081341,0.216132,0.129268,0.202557,0.060234,0.191320,-0.055984,0.133917,0.108274,-0.070458,0.164530,0.033730,0.027729,0.199496,0.171762,0.124360,-0.077740,-0.154150,0.160311,-0.205754,0.045221,0.120821,0.023127,-0.172538,0.010492,0.279319,0.058033,0.047300,0.128842,-0.024013,0.000782,-0.137744,0.048863,-0.199499,-0.118965,0.059202,0.036309,-0.061310,0.101596,-0.110621,0.412642,-0.021582,0.140793,-0.057329,-0.327793,-0.012457,0.037558,0.058587,0.185957,0.072265,0.217730,0.152975,-0.169304,0.045123,0.085563,-0.072894,0.201037,-0.140528,0.204183,-0.043912,-0.103087,0.072955,0.138159,0.222398,-0.018462,0.132961,-0.018023,0.010781,0.086688,0.149762,-0.067065,-0.008445,0.127887,0.123050,0.045775,0.279880,0.231160,-0.060869,0.145220,0.040984,-0.003781,0.039305,0.159734,0.186289,0.242734,0.116813,0.205437,0.127700,0.026006,0.178036,0.279632,-0.143378,0.284851,-0.030275,0.292923,0.037339,0.019761,0.243981,0.202653,0.126278,0.053692,-0.023293,0.284266,0.082369,-0.146148,0.092059,0.004571,-0.044765,0.108393,0.222716,0.040736,0.017945,0.000483,0.184654,0.345474,-0.116353,0.161349,-0.197716,0.223827,0.064700,0.283806,0.181922,0.162745,0.173456,-0.108787,0.026098,0.282911,0.230507,0.478906,0.061045,-0.050663,-0.154278,0.293119,0.037654,-0.076591,0.079610,-0.024223,-0.054006,0.249442,0.340049,0.017957,0.077037,0.082930,0.146544,0.156756,0.167152,0.017158,0.180884,0.148957,0.064386,-0.085089,0.210917,0.137961,0.112375,0.045423,0.155580,0.068354,0.253681,-0.009298,0.231652,0.014910,-0.046088,-0.007929,0.248279,-0.023097,0.042047,#
19,0.167253,0.408707,0.301809,0.110134,0.348777,0.351806,0.115957,0.251790,0.361709,0.075997,0.206389,0.287196,0.084609,0.202560,0.379112,0.110556,0.207917,0.265995,0.065027,1.000000,0.315169,0.111619,0.080486,0.253665,0.355586,0.196324,0.026772,0.031390,0.038620,0.169318,0.303475,0.311680,0.405785,0.105207,0.126063,0.421164,0.038676,0.225681,0.081494,0.128880,0.272213,0.218300,0.280917,0.295652,0.062237,0.311805,0.356251,0.314831,0.195340,0.346054,-0.013216,0.103792,0.365929,0.116230,0.237554,0.078483,0.236693,0.084849,0.018986,0.117302,0.039557,0.011697,0.462994,0.099946,0.067177,0.305230,0.325634,0.050911,0.277971,0.098513,0.240729,0.224408,0.364179,0.084729,0.124908,0.223226,-0.013072,0.244903,0.156375,-0.049488,0.233808,0.019150,0.481134,0.003152,0.220035,-0.062915,0.053309,0.246958,0.280151,0.251260,0.192507,0.141478,-0.000722,0.341166,0.124887,0.043067,0.249250,0.447571,0.240202,0.246491,0.158931,0.170219,0.088473,0.175282,0.157197,0.071061,0.315896,-0.019038,0.064687,0.099370,0.269779,0.101999,0.196323,0.102258,0.157302,0.300644,0.288635,0.164320,0.325465,-0.056151,0.462283,0.224966,0.183623,0.416906,0.291378,0.166849,0.080615,0.139511,0.453289,0.392172,0.153245,0.489015,0.240638,0.270205,0.218855,0.303580,0.071346,0.284139,0.180821,0.015217,0.136858,0.181830,0.080140,0.046535,0.091469,0.081691,-0.086244,0.186438,0.304122,0.354126,0.173202,0.117995,0.209926,0.371117,0.380363,-0.002167,0.195356,0.096269,0.193203,0.231233,-0.015508,0.331162,0.257568,0.213470,0.099795,0.077049,0.242855,0.398780,0.026805,-0.001290,-0.044006,0.112223,0.213996,0.354466,0.280691,-0.030687,0.264977,0.213119,0.163672,0.186528,-0.016225,0.302302,0.260232,0.245627,-0.007181,0.063249,-0.047391,0.220563,0.127552,0.134740,0.274444,0.250192,0.149072,0.228783,0.381050,-0.090033,0.033688,0.016966,0.067516,0.165352,#
20,0.082104,0.216217,0.018698,0.047320,0.020814,0.057869,0.120010,0.228136,0.273592,0.038031,0.127827,0.123657,0.221962,-0.088897,0.004507,0.043828,0.464579,0.152919,-0.088966,0.315169,1.000000,0.011005,0.014054,0.304800,0.245938,0.154204,0.064031,0.042443,-0.115251,-0.219105,0.185124,0.256017,0.046988,0.253599,0.134721,0.016905,0.279946,0.198910,0.297152,0.017910,0.171600,0.144323,0.125671,0.227146,0.071492,0.004533,0.219963,0.140494,-0.000938,-0.016319,0.105484,0.218289,0.091651,-0.064968,0.159353,-0.108299,-0.148121,0.066684,-0.011533,0.030135,0.184949,0.022311,0.240010,-0.047905,-0.032937,0.197209,0.269569,0.022248,0.136971,-0.038902,0.070394,0.101912,0.019285,0.026415,-0.062344,-0.072575,-0.103250,0.105447,0.131895,0.156831,0.335895,0.162472,0.086360,0.252586,-0.069107,-0.098720,0.100736,0.227483,0.053091,0.309988,0.205495,-0.012496,0.233574,0.135247,-0.003764,0.145990,0.055235,0.139001,0.215336,0.259256,0.227603,0.210950,-0.141526,0.204768,0.149523,0.021346,0.307175,-0.112151,0.189959,0.108893,0.052452,0.147694,-0.059190,-0.169214,0.398584,0.207916,0.228244,0.150543,0.082525,-0.024177,0.274638,0.164120,0.111722,0.174903,0.034102,0.084142,-0.243621,-0.031611,0.154460,0.206551,0.235139,0.118144,0.214299,0.060457,0.082420,0.200640,0.019711,0.198020,0.082672,0.050466,-0.011921,-0.210748,0.276733,0.092852,0.077534,0.000835,0.182391,0.203458,-0.031686,0.284186,0.051018,0.204943,-0.064842,0.073006,0.133065,-0.095040,-0.014485,0.213357,0.229054,-0.082321,0.035407,-0.002904,0.018984,0.027025,0.311759,-0.026369,-0.077387,0.202725,-0.241173,-0.038281,0.024689,0.100162,0.142184,0.172389,0.018943,-0.113242,0.205574,0.262171,0.009038,0.123955,0.025603,-0.111790,0.046343,-0.009608,-0.140644,0.087470,0.141089,0.129945,0.168452,0.134800,-0.016640,0.147891,0.396148,-0.036448,0.345624,-0.004916,0.109500,0.169050,0.201210,0.210646,#
