0,1.000000,0.666880,0.654193,0.693604,0.558341,0.670773,0.645594,0.705019,0.673501,0.623089,0.683291,0.691907,0.660579,0.636451,0.541803,0.681318,0.683464,0.681855,0.708694,0.530993,0.699450,0.629877,0.676166,0.687469,0.523781,0.703801,0.628667,0.657954,0.601384,0.650245,0.633360,0.650761,0.624438,0.617393,0.636927,0.575234,0.667762,0.753492,0.659722,0.715455,0.659050,0.668186,0.656405,0.751277,0.691699,0.616466,0.628104,0.671989,0.663018,0.670835,0.724624,0.693458,0.658388,0.679739,0.684380,0.711582,0.696764,0.753717,0.734020,0.766067,0.756535,0.546910,0.717871,0.669574,0.712319,0.531934,0.734338,0.619966,0.656605,0.553940,0.648174,0.756152,0.799053,0.738796,0.601156,0.732667,0.658596,0.640003,0.749545,0.654035,0.654002,0.682577,0.714464,0.725859,0.613293,0.671628,0.700703,0.671976,0.592934,0.675622,0.682331,0.601050,0.598541,0.677470,0.682651,0.661918,0.627948,0.636677,0.611577,0.724720,0.704098,0.690537,0.641407,0.681031,0.669811,0.729642,0.577805,0.672878,0.663044,0.608432,0.683017,0.664794,0.713216,0.638884,0.670198,0.787370,0.658858,0.707512,0.648473,0.606614,0.549997,0.783748,0.678394,0.747809,0.730748,0.659156,0.624463,0.709720,0.606824,0.600977,0.712379,0.600219,0.637436,0.607956,0.664641,0.652509,0.638792,0.786093,0.673008,0.705234,0.692674,0.586807,0.559233,0.668009,0.640557,0.533295,0.744618,0.541609,0.692095,0.696395,0.706460,0.728159,0.699031,0.629245,0.699968,0.589041,0.734007,0.715695,0.709854,0.664624,0.641644,0.660242,0.707623,0.702464,0.724430,0.620336,0.656552,0.676364,0.590527,0.711383,0.683639,0.667990,0.659707,0.766906,0.733874,0.674456,0.660195,0.677315,0.588910,0.647114,0.658889,0.669031,0.586747,0.601853,0.721997,0.659449,0.655626,0.561682,0.644948,0.716232,0.626513,0.695700,0.611795,0.650567,0.674063,0.641690,0.698922,0.724877,0.725644,0.606857,#
1,0.666880,1.000000,0.708446,0.717292,0.643482,0.794735,0.555894,0.693136,0.814400,0.673941,0.698002,0.573494,0.598965,0.636718,0.621494,0.742021,0.638226,0.647492,0.720811,0.654438,0.695956,0.800656,0.664329,0.657470,0.644221,0.580992,0.768990,0.759050,0.600680,0.652481,0.742140,0.702900,0.677887,0.735012,0.668606,0.716957,0.606343,0.784321,0.735561,0.636901,0.647878,0.581160,0.663313,0.625579,0.674866,0.640579,0.619912,0.664603,0.739670,0.636147,0.607941,0.740853,0.674366,0.674350,0.782858,0.650290,0.670285,0.668854,0.681374,0.615031,0.730410,0.609063,0.588999,0.675836,0.684598,0.656864,0.760042,0.627410,0.665516,0.701105,0.638982,0.727814,0.744037,0.692632,0.684461,0.704228,0.564530,0.637982,0.657755,0.631331,0.676556,0.617101,0.715588,0.668464,0.737358,0.661648,0.653863,0.690959,0.703050,0.655328,0.640958,0.556367,0.733084,0.704811,0.697557,0.560200,0.606509,0.669872,0.679208,0.738934,0.750348,0.645113,0.615554,0.681958,0.653724,0.722613,0.592390,0.657100,0.670677,0.661115,0.677480,0.633702,0.637490,0.676059,0.600055,0.596890,0.594110,0.707291,0.634981,0.667130,0.654918,0.638690,0.543567,0.678375,0.650623,0.618654,0.625813,0.624137,0.691100,0.711349,0.617045,0.753298,0.590323,0.645924,0.776620,0.592264,0.642374,0.670783,0.649899,0.649783,0.756886,0.656497,0.705590,0.726874,0.630626,0.617682,0.708272,0.622304,0.758536,0.638663,0.739680,0.743499,0.742232,0.629038,0.685217,0.652217,0.689902,0.672340,0.625261,0.674398,0.682781,0.692267,0.741955,0.716268,0.683817,0.566728,0.669494,0.643104,0.570626,0.595431,0.723160,0.604132,0.688197,0.678540,0.692568,0.651656,0.657075,0.798414,0.550243,0.711629,0.658975,0.698712,0.594011,0.753143,0.727594,0.745465,0.719710,0.534126,0.703630,0.697166,0.615188,0.703470,0.669287,0.672529,0.721219,0.543896,0.595100,0.698172,0.643202,0.577664,#
2,0.654193,0.708446,1.000000,0.645817,0.484460,0.657864,0.593497,0.561840,0.714129,0.523477,0.599824,0.485493,0.557631,0.561010,0.580827,0.662427,0.520445,0.614248,0.474509,0.564991,0.491096,0.569934,0.535118,0.713275,0.546971,0.506586,0.695705,0.721825,0.684733,0.630128,0.729521,0.643616,0.550722,0.548120,0.558597,0.543512,0.560392,0.683890,0.702947,0.586731,0.514527,0.619618,0.696986,0.564577,0.516283,0.551911,0.702910,0.550418,0.599257,0.663920,0.645237,0.701462,0.625180,0.598736,0.761444,0.596553,0.657001,0.552620,0.608178,0.557102,0.729715,0.596405,0.572789,0.667250,0.579979,0.573187,0.617631,0.574735,0.580183,0.636537,0.502504,0.656892,0.686794,0.556293,0.585805,0.684551,0.520765,0.544620,0.586007,0.619648,0.634844,0.658559,0.623584,0.652133,0.661911,0.658519,0.511600,0.752297,0.595242,0.552803,0.594907,0.545590,0.693451,0.633671,0.583755,0.657454,0.551605,0.557334,0.709624,0.626719,0.546766,0.574624,0.561441,0.518852,0.499380,0.658989,0.594679,0.558248,0.588151,0.527844,0.589691,0.476871,0.601732,0.549075,0.570614,0.557437,0.602656,0.675686,0.675419,0.540142,0.636633,0.578413,0.489144,0.672630,0.621033,0.521421,0.594558,0.666518,0.540865,0.685638,0.654479,0.673524,0.676328,0.672116,0.675965,0.645732,0.600281,0.628787,0.698096,0.604716,0.609909,0.588395,0.525789,0.520139,0.582061,0.673305,0.561728,0.638404,0.498697,0.573875,0.726702,0.642323,0.594485,0.622466,0.633430,0.524342,0.647932,0.485910,0.550112,0.517645,0.486862,0.503121,0.556742,0.612848,0.553707,0.558954,0.677521,0.542673,0.522114,0.566094,0.609005,0.495978,0.595267,0.570042,0.658488,0.582764,0.557281,0.671290,0.505611,0.550990,0.596207,0.629723,0.441841,0.703261,0.613193,0.616567,0.545639,0.458168,0.680947,0.658139,0.556056,0.645092,0.783043,0.527338,0.598801,0.612805,0.537074,0.717630,0.540607,0.650483,#
3,0.693604,0.717292,0.645817,1.000000,0.677341,0.733656,0.618848,0.598634,0.748833,0.655895,0.631941,0.559913,0.566144,0.663729,0.550827,0.755746,0.633761,0.651884,0.694354,0.604527,0.602126,0.630992,0.581791,0.611993,0.640032,0.624006,0.629514,0.658757,0.548239,0.601676,0.700674,0.736470,0.626094,0.630667,0.635080,0.622951,0.610777,0.723664,0.575494,0.739669,0.618598,0.589631,0.647563,0.743312,0.602156,0.669519,0.758043,0.546609,0.752040,0.611089,0.697859,0.665162,0.665791,0.584057,0.651846,0.674459,0.552401,0.627449,0.684269,0.756100,0.622866,0.575632,0.578396,0.688003,0.731230,0.614962,0.640630,0.726288,0.528829,0.544317,0.569502,0.726268,0.633312,0.687872,0.609194,0.643218,0.540565,0.563852,0.626364,0.641343,0.695141,0.533580,0.626863,0.624936,0.720775,0.712933,0.695224,0.581311,0.688000,0.641702,0.629052,0.549108,0.670878,0.713796,0.655913,0.573380,0.563092,0.513037,0.678995,0.674504,0.633255,0.636476,0.573456,0.576584,0.658369,0.634695,0.502405,0.584727,0.627438,0.591830,0.655448,0.556340,0.547423,0.652224,0.632699,0.709158,0.512843,0.602995,0.653264,0.539678,0.604722,0.706765,0.554088,0.607317,0.621910,0.677092,0.590245,0.625548,0.610590,0.677913,0.607494,0.663417,0.573221,0.617709,0.714447,0.656080,0.694833,0.683753,0.597741,0.619215,0.608107,0.646088,0.663722,0.542092,0.668540,0.730069,0.596422,0.645114,0.637501,0.592653,0.679115,0.708941,0.582179,0.732532,0.644431,0.521476,0.703288,0.596566,0.619314,0.557022,0.630388,0.647906,0.632190,0.595347,0.611767,0.641543,0.668232,0.612594,0.633799,0.534056,0.644583,0.668751,0.679165,0.691490,0.697215,0.590804,0.691654,0.688287,0.600185,0.605395,0.593552,0.663689,0.570020,0.683687,0.684350,0.693614,0.669493,0.466162,0.673185,0.743305,0.593366,0.596615,0.631608,0.576743,0.652989,0.568129,0.613982,0.702935,0.592664,0.556145,#
4,0.558341,0.643482,0.484460,0.677341,1.000000,0.744396,0.659967,0.544815,0.584401,0.536853,0.496195,0.602249,0.560256,0.622299,0.451922,0.622765,0.703098,0.737183,0.643004,0.645336,0.646024,0.554946,0.480427,0.618750,0.635560,0.618766,0.610454,0.580602,0.484400,0.542923,0.734226,0.651404,0.612954,0.490123,0.571681,0.540065,0.590046,0.700613,0.503873,0.656802,0.629800,0.485627,0.493907,0.582126,0.530294,0.676217,0.571022,0.566209,0.732333,0.618941,0.627518,0.567288,0.640830,0.503212,0.671292,0.668695,0.514589,0.592643,0.671208,0.624154,0.584021,0.527329,0.543302,0.564835,0.586933,0.606373,0.690020,0.537940,0.561629,0.585008,0.532989,0.760932,0.579001,0.653767,0.562594,0.475472,0.472100,0.559813,0.602061,0.599795,0.556553,0.510921,0.610728,0.550246,0.618157,0.520610,0.476145,0.502590,0.586993,0.657361,0.555663,0.497925,0.527047,0.625187,0.504273,0.553098,0.556264,0.403591,0.461658,0.603593,0.675833,0.612042,0.614471,0.551052,0.600322,0.630124,0.566381,0.568892,0.667864,0.542570,0.543584,0.530938,0.473944,0.688850,0.584097,0.562291,0.604956,0.643187,0.597589,0.414889,0.555263,0.572054,0.674514,0.589086,0.579236,0.659903,0.495964,0.580053,0.664881,0.593380,0.656076,0.640536,0.535785,0.602104,0.744191,0.601313,0.646569,0.633681,0.577782,0.524847,0.589426,0.559776,0.673767,0.585270,0.533777,0.491043,0.612326,0.628694,0.559534,0.593081,0.703738,0.718473,0.490007,0.500239,0.693594,0.622866,0.668252,0.522202,0.571525,0.508205,0.526675,0.506744,0.705674,0.537821,0.630298,0.535911,0.531976,0.466212,0.583515,0.544449,0.544997,0.585832,0.642559,0.585663,0.670333,0.614898,0.681472,0.644721,0.552699,0.585200,0.660180,0.527930,0.600282,0.530728,0.666277,0.650742,0.620472,0.655208,0.636962,0.567541,0.454534,0.562647,0.582161,0.618403,0.551885,0.467470,0.537591,0.685320,0.633707,0.382788,#
5,0.670773,0.794735,0.657864,0.733656,0.744396,1.000000,0.614617,0.643016,0.759343,0.563708,0.618751,0.581356,0.515731,0.592357,0.633939,0.733213,0.703372,0.645175,0.637468,0.649771,0.662461,0.751838,0.582526,0.634147,0.597749,0.670020,0.779238,0.697336,0.534901,0.569352,0.753027,0.739294,0.687266,0.573101,0.671707,0.655669,0.647563,0.745126,0.628268,0.670002,0.698320,0.582438,0.616795,0.610168,0.672802,0.743982,0.661767,0.550968,0.757196,0.583640,0.696362,0.700566,0.645522,0.743876,0.684831,0.785045,0.598626,0.688637,0.792742,0.732165,0.735261,0.651698,0.674639,0.715519,0.645042,0.616987,0.747722,0.615352,0.601808,0.699328,0.642253,0.760043,0.718916,0.663575,0.607157,0.650492,0.649426,0.496503,0.624490,0.667654,0.671215,0.617775,0.692059,0.642040,0.690653,0.654511,0.653248,0.673383,0.707735,0.665887,0.539657,0.547102,0.662908,0.721431,0.680008,0.593999,0.687089,0.538577,0.671867,0.610085,0.719615,0.648522,0.733363,0.680563,0.648001,0.746471,0.587836,0.599552,0.627669,0.657424,0.675353,0.682932,0.619495,0.640791,0.495659,0.648291,0.713696,0.705634,0.581423,0.615137,0.649016,0.652806,0.615733,0.727117,0.647485,0.655427,0.608838,0.678825,0.686820,0.769477,0.714403,0.750292,0.655346,0.710053,0.761896,0.630123,0.739608,0.667265,0.604066,0.722853,0.691368,0.603189,0.684154,0.682379,0.692468,0.617989,0.669299,0.632303,0.689281,0.713979,0.699083,0.765253,0.577190,0.608826,0.781479,0.508433,0.696522,0.633735,0.627709,0.592895,0.603371,0.682752,0.686252,0.635949,0.699206,0.594697,0.559144,0.651256,0.593890,0.663152,0.653966,0.675629,0.683216,0.670041,0.769351,0.634678,0.612196,0.706276,0.636094,0.608261,0.695311,0.641705,0.600603,0.607358,0.756507,0.765698,0.751991,0.508848,0.670600,0.731207,0.521312,0.688445,0.644521,0.629498,0.543908,0.471641,0.597145,0.675973,0.602508,0.514206,#
6,0.645594,0.555894,0.593497,0.618848,0.659967,0.614617,1.000000,0.567835,0.618217,0.567767,0.605686,0.572189,0.614368,0.667432,0.449293,0.619047,0.643260,0.705514,0.675289,0.542828,0.728812,0.517689,0.498940,0.662057,0.549127,0.666115,0.655041,0.618514,0.450031,0.642792,0.626709,0.688365,0.600899,0.637531,0.654302,0.618658,0.637958,0.627489,0.568735,0.712005,0.645180,0.712798,0.600246,0.656326,0.636312,0.515262,0.698301,0.534378,0.755040,0.667696,0.730935,0.705313,0.676853,0.460293,0.720953,0.672235,0.600419,0.725754,0.757778,0.663181,0.646973,0.636133,0.547720,0.594994,0.694799,0.614204,0.782123,0.613024,0.673653,0.559871,0.558730,0.708290,0.686156,0.683409,0.517830,0.565405,0.537566,0.686024,0.638934,0.571708,0.565308,0.705775,0.595046,0.753983,0.605164,0.613190,0.550498,0.559121,0.682860,0.625900,0.621173,0.579541,0.583638,0.684025,0.620246,0.634534,0.591080,0.590842,0.591184,0.613658,0.651558,0.624269,0.619947,0.624033,0.700253,0.570737,0.706090,0.538981,0.656313,0.618385,0.499599,0.590307,0.556634,0.626966,0.521962,0.577252,0.645862,0.682753,0.571480,0.529293,0.599923,0.637782,0.584880,0.725013,0.704782,0.670821,0.642819,0.653554,0.451803,0.562360,0.673895,0.585662,0.575899,0.597097,0.666457,0.634791,0.687869,0.687241,0.711497,0.674694,0.671707,0.649154,0.630486,0.626361,0.598988,0.636478,0.641729,0.551608,0.541487,0.615811,0.740525,0.726925,0.596819,0.650225,0.618397,0.604136,0.678734,0.565885,0.714729,0.650461,0.650960,0.595587,0.622824,0.610905,0.687003,0.569047,0.661839,0.540590,0.581993,0.691546,0.640911,0.622614,0.618973,0.552324,0.607903,0.661864,0.658077,0.607924,0.654115,0.666215,0.649659,0.598285,0.624935,0.697198,0.625987,0.688341,0.586608,0.656175,0.619449,0.624483,0.489680,0.614402,0.687246,0.630395,0.676091,0.653402,0.617260,0.707749,0.641154,0.587765,#
7,0.705019,0.693136,0.561840,0.598634,0.544815,0.643016,0.567835,1.000000,0.686474,0.530912,0.689710,0.601135,0.578937,0.620433,0.555060,0.642225,0.584463,0.571326,0.611025,0.522198,0.623739,0.527694,0.770816,0.647642,0.579101,0.633197,0.641009,0.641783,0.549316,0.635376,0.654022,0.704006,0.574246,0.627312,0.639167,0.528690,0.684348,0.647402,0.552894,0.617099,0.684331,0.574547,0.577598,0.577890,0.603566,0.581884,0.584943,0.646672,0.657150,0.574765,0.707648,0.704621,0.638437,0.628238,0.674485,0.626857,0.664534,0.728073,0.614379,0.670938,0.614350,0.571631,0.740620,0.649232,0.679611,0.599076,0.760483,0.579877,0.684082,0.537373,0.630683,0.546114,0.656802,0.685278,0.608506,0.636266,0.631544,0.589563,0.594601,0.564572,0.643238,0.555891,0.623747,0.562439,0.616482,0.619198,0.683929,0.571108,0.588850,0.569989,0.616012,0.652579,0.511316,0.633359,0.633598,0.590042,0.599615,0.610131,0.574782,0.633639,0.682135,0.586199,0.646230,0.598224,0.674059,0.634278,0.589111,0.606872,0.647731,0.481158,0.660966,0.550430,0.600897,0.612824,0.559919,0.692101,0.556905,0.618331,0.540527,0.678888,0.583951,0.599094,0.513462,0.649720,0.698909,0.665335,0.561399,0.733516,0.455195,0.576269,0.553912,0.570617,0.539584,0.504981,0.735819,0.684341,0.683931,0.661210,0.581991,0.671460,0.650435,0.548602,0.647817,0.549055,0.598173,0.536476,0.674629,0.520396,0.628698,0.607518,0.669417,0.633304,0.658411,0.607088,0.670298,0.624350,0.615982,0.636121,0.610015,0.569785,0.612863,0.584872,0.699832,0.542371,0.676215,0.552254,0.644755,0.608118,0.611935,0.598739,0.676130,0.604990,0.544247,0.688571,0.608288,0.613809,0.618664,0.571272,0.539537,0.633590,0.598414,0.529106,0.581509,0.582146,0.629153,0.647693,0.645414,0.510924,0.632646,0.660208,0.568410,0.649481,0.584090,0.518137,0.623868,0.516146,0.623835,0.708701,0.717237,0.503256,#
8,0.673501,0.814400,0.714129,0.748833,0.584401,0.759343,0.618217,0.686474,1.000000,0.660379,0.658385,0.649822,0.689965,0.676262,0.594315,0.730881,0.642690,0.716112,0.620676,0.665322,0.644360,0.737749,0.671015,0.632991,0.548376,0.620739,0.680887,0.714223,0.660783,0.656198,0.719708,0.736471,0.601269,0.668644,0.664030,0.682004,0.626675,0.744891,0.655580,0.674456,0.593048,0.631203,0.708173,0.605265,0.690426,0.617013,0.654297,0.571033,0.744578,0.648593,0.705828,0.711481,0.631259,0.735143,0.780565,0.718320,0.629618,0.705578,0.719481,0.635564,0.709492,0.683855,0.637942,0.719164,0.663776,0.679459,0.751237,0.670125,0.713800,0.715623,0.585549,0.723105,0.780107,0.752842,0.671741,0.640018,0.675390,0.683213,0.590969,0.689689,0.634120,0.594988,0.705154,0.695262,0.733627,0.673534,0.605271,0.715434,0.662207,0.571887,0.629007,0.623121,0.729579,0.568351,0.718365,0.605236,0.605829,0.609256,0.753870,0.668182,0.707184,0.696460,0.729301,0.678847,0.653221,0.674558,0.668712,0.685619,0.602617,0.660827,0.670052,0.599098,0.697595,0.687335,0.608561,0.678745,0.615582,0.647147,0.720057,0.719766,0.600578,0.601247,0.575854,0.688878,0.665991,0.697793,0.608040,0.736862,0.623429,0.677702,0.603989,0.631009,0.615790,0.657948,0.781984,0.598679,0.707253,0.699228,0.620524,0.679467,0.790905,0.707211,0.744242,0.649509,0.668762,0.587020,0.616202,0.503905,0.682232,0.716666,0.720178,0.717589,0.702215,0.801784,0.632077,0.662624,0.715074,0.658875,0.718195,0.706870,0.682522,0.695719,0.733317,0.715371,0.706884,0.577042,0.618744,0.684326,0.658680,0.671039,0.677295,0.575732,0.644449,0.658945,0.719101,0.673388,0.618966,0.785018,0.550764,0.506888,0.647793,0.724082,0.642171,0.777847,0.702425,0.693916,0.725459,0.524388,0.639627,0.717769,0.636289,0.724830,0.735376,0.650006,0.657668,0.549498,0.722901,0.653516,0.677300,0.661583,#
9,0.623089,0.673941,0.523477,0.655895,0.536853,0.563708,0.567767,0.530912,0.660379,1.000000,0.600526,0.444320,0.621370,0.668991,0.600227,0.576936,0.602479,0.669441,0.616701,0.548981,0.720028,0.605009,0.602673,0.611360,0.601932,0.559584,0.627139,0.736992,0.455424,0.796974,0.596256,0.604062,0.635090,0.638124,0.649340,0.593583,0.543273,0.652365,0.596695,0.734077,0.614428,0.749502,0.574086,0.553301,0.665751,0.636763,0.542002,0.564613,0.667352,0.528992,0.614013,0.642035,0.489052,0.530368,0.686143,0.671667,0.616634,0.717748,0.595852,0.639556,0.688845,0.608754,0.573521,0.704246,0.665976,0.721108,0.729407,0.626248,0.670880,0.547281,0.510271,0.678973,0.605531,0.622280,0.682183,0.670945,0.534007,0.731725,0.614592,0.717150,0.630011,0.548552,0.532409,0.715213,0.618653,0.571789,0.552500,0.618564,0.670067,0.492882,0.612391,0.510989,0.696431,0.602978,0.660383,0.619886,0.494181,0.519833,0.538979,0.635170,0.691499,0.626265,0.609349,0.635077,0.631277,0.667198,0.605569,0.601807,0.683580,0.673933,0.635113,0.557285,0.640049,0.584037,0.558378,0.716496,0.396648,0.641884,0.613266,0.590563,0.557438,0.632296,0.588941,0.640199,0.618192,0.620115,0.654596,0.564731,0.623929,0.530671,0.493932,0.722427,0.586292,0.599794,0.641099,0.509662,0.571098,0.663220,0.595848,0.642823,0.719972,0.731927,0.677129,0.638477,0.654854,0.617511,0.635137,0.642790,0.618857,0.566486,0.587315,0.608432,0.601353,0.613429,0.585903,0.651856,0.606879,0.696376,0.536309,0.675336,0.632117,0.683087,0.641497,0.649683,0.615792,0.622481,0.538698,0.572563,0.626366,0.555099,0.606482,0.643953,0.633790,0.641936,0.698517,0.729336,0.577515,0.691081,0.492936,0.670433,0.628470,0.608110,0.679303,0.624231,0.684663,0.787735,0.579920,0.538375,0.656691,0.605633,0.567686,0.692202,0.536250,0.607976,0.647224,0.551585,0.599791,0.615144,0.633276,0.447490,#
10,0.683291,0.698002,0.599824,0.631941,0.496195,0.618751,0.605686,0.689710,0.658385,0.600526,1.000000,0.576375,0.667404,0.650879,0.493550,0.594482,0.589863,0.602613,0.745613,0.554515,0.628924,0.589431,0.690745,0.680865,0.525193,0.676259,0.664711,0.742966,0.603790,0.667065,0.600868,0.646645,0.601310,0.647869,0.693715,0.654734,0.670529,0.703679,0.682230,0.666116,0.617748,0.622196,0.633555,0.674067,0.615429,0.695607,0.699676,0.595677,0.723076,0.636534,0.662497,0.678519,0.647395,0.576913,0.747540,0.625836,0.679316,0.755342,0.651721,0.697885,0.735410,0.660496,0.715404,0.658231,0.724366,0.543868,0.674174,0.578162,0.699794,0.653790,0.650555,0.695683,0.757250,0.585488,0.561699,0.713710,0.612984,0.713038,0.679894,0.591103,0.731139,0.656644,0.603933,0.678204,0.614380,0.529533,0.714236,0.605741,0.676197,0.661120,0.551818,0.577268,0.747964,0.644820,0.640384,0.658136,0.600913,0.648974,0.619847,0.732952,0.670341,0.553004,0.637214,0.733464,0.687624,0.724673,0.503913,0.615009,0.645882,0.621158,0.722157,0.601976,0.660519,0.607554,0.508985,0.651760,0.531787,0.612782,0.603850,0.667436,0.641401,0.707865,0.442154,0.702291,0.559006,0.641911,0.686117,0.645395,0.620363,0.646824,0.607260,0.618616,0.565555,0.591087,0.674354,0.704192,0.633190,0.592685,0.673339,0.750160,0.768776,0.672966,0.603934,0.673933,0.630062,0.573783,0.627013,0.528984,0.651886,0.569684,0.672665,0.707275,0.688533,0.516183,0.696099,0.629392,0.692315,0.756540,0.620272,0.662330,0.764385,0.623266,0.656849,0.611656,0.707167,0.534013,0.673324,0.581913,0.603362,0.687084,0.754666,0.696367,0.527209,0.572344,0.633103,0.668524,0.656161,0.705189,0.542021,0.673952,0.695254,0.552953,0.664441,0.600422,0.679718,0.718692,0.563951,0.610375,0.647548,0.745762,0.654939,0.571396,0.588753,0.690676,0.654433,0.654878,0.663777,0.728394,0.676819,0.606602,#
11,0.691907,0.573494,0.485493,0.559913,0.602249,0.581356,0.572189,0.601135,0.649822,0.444320,0.576375,1.000000,0.644644,0.612450,0.493570,0.631173,0.626220,0.670511,0.632714,0.509324,0.584369,0.569288,0.628674,0.623654,0.506057,0.545198,0.539774,0.507314,0.574793,0.490702,0.578768,0.575410,0.639247,0.551136,0.502342,0.557858,0.665539,0.695442,0.529380,0.589782,0.504743,0.559877,0.514215,0.575999,0.544754,0.561826,0.618009,0.625109,0.592670,0.632246,0.621712,0.571253,0.563731,0.505156,0.667458,0.640821,0.461042,0.565894,0.612928,0.611439,0.592121,0.494000,0.652942,0.567783,0.610735,0.579968,0.628347,0.572205,0.623995,0.647355,0.609590,0.650041,0.639951,0.694262,0.614374,0.535963,0.604797,0.624376,0.592184,0.474668,0.576684,0.502637,0.575501,0.552491,0.611131,0.529414,0.434685,0.533863,0.429720,0.481815,0.618598,0.500070,0.529719,0.567563,0.550315,0.571714,0.595992,0.550334,0.595439,0.599617,0.602361,0.618438,0.605390,0.577155,0.651059,0.639297,0.487801,0.619844,0.689799,0.584185,0.650144,0.569407,0.632744,0.562614,0.421793,0.583694,0.563181,0.557454,0.642339,0.585438,0.439039,0.596850,0.518588,0.641685,0.597473,0.669019,0.648097,0.617853,0.585044,0.538997,0.603740,0.456055,0.524649,0.569723,0.702526,0.535820,0.617493,0.553899,0.577588,0.481426,0.677370,0.548738,0.557720,0.594503,0.605794,0.444397,0.687049,0.545827,0.515868,0.642460,0.621203,0.587982,0.623059,0.559784,0.622734,0.523140,0.712250,0.542645,0.641760,0.524724,0.548744,0.560144,0.753237,0.588192,0.728778,0.412738,0.578846,0.476486,0.559960,0.666238,0.583852,0.539505,0.632291,0.693664,0.631354,0.620557,0.579402,0.579503,0.484553,0.585754,0.566240,0.472757,0.627029,0.557191,0.650091,0.501582,0.560065,0.661876,0.548948,0.631130,0.496392,0.680771,0.588477,0.565901,0.537710,0.535529,0.609133,0.632822,0.621656,0.386801,#
12,0.660579,0.598965,0.557631,0.566144,0.560256,0.515731,0.614368,0.578937,0.689965,0.621370,0.667404,0.644644,1.000000,0.654032,0.564803,0.521147,0.543148,0.680682,0.656543,0.613446,0.652258,0.474058,0.678540,0.685602,0.583583,0.589255,0.550358,0.647113,0.614692,0.601580,0.587805,0.581510,0.577037,0.643598,0.610596,0.660449,0.613741,0.681952,0.657939,0.588646,0.496804,0.546439,0.520624,0.645103,0.606676,0.582805,0.710148,0.522875,0.626866,0.649879,0.748108,0.605711,0.618729,0.585140,0.739494,0.636102,0.571551,0.676639,0.606367,0.607985,0.633247,0.553200,0.639047,0.601108,0.715223,0.663563,0.658421,0.515450,0.654765,0.593990,0.561195,0.668750,0.670628,0.681689,0.657842,0.590769,0.602308,0.720297,0.689949,0.671191,0.584336,0.538103,0.644461,0.689265,0.568186,0.642694,0.496133,0.657826,0.591417,0.516191,0.726608,0.619414,0.660614,0.507794,0.597541,0.635651,0.644619,0.575374,0.623066,0.602111,0.579562,0.731800,0.675399,0.635753,0.592352,0.573707,0.554137,0.509889,0.700034,0.597667,0.572205,0.588109,0.596374,0.584301,0.745925,0.674499,0.455318,0.514603,0.689535,0.642509,0.572222,0.604605,0.547741,0.655108,0.605422,0.720953,0.630242,0.561116,0.608553,0.572178,0.530050,0.529437,0.502273,0.549335,0.639043,0.641268,0.532031,0.643305,0.555860,0.566710,0.783166,0.689258,0.566870,0.674898,0.535179,0.460593,0.703814,0.470082,0.631187,0.739093,0.640794,0.624639,0.588454,0.545965,0.516688,0.686122,0.740571,0.719598,0.712313,0.646120,0.626475,0.614559,0.623014,0.594291,0.734849,0.418822,0.560881,0.657700,0.497327,0.630292,0.644967,0.582623,0.658169,0.580830,0.654693,0.515563,0.717774,0.752774,0.514645,0.554147,0.583547,0.634259,0.674968,0.566691,0.548425,0.599074,0.542463,0.619198,0.676062,0.617864,0.534696,0.610058,0.536291,0.619927,0.548920,0.682555,0.631960,0.677916,0.669249,0.397593,#
13,0.636451,0.636718,0.561010,0.663729,0.622299,0.592357,0.667432,0.620433,0.676262,0.668991,0.650879,0.612450,0.654032,1.000000,0.492031,0.667659,0.557778,0.769035,0.694766,0.589445,0.657439,0.568157,0.675089,0.633012,0.633725,0.608816,0.546607,0.719729,0.593949,0.722831,0.534712,0.659560,0.632365,0.731418,0.469470,0.556193,0.687548,0.750050,0.694890,0.649893,0.795407,0.571011,0.629166,0.670371,0.717209,0.639816,0.663844,0.655899,0.715328,0.647620,0.683599,0.750100,0.556954,0.513167,0.737035,0.721607,0.649217,0.654291,0.703593,0.614712,0.736686,0.627115,0.596530,0.724841,0.688889,0.723395,0.667607,0.576249,0.656269,0.563101,0.517801,0.715833,0.607557,0.733257,0.653339,0.604963,0.630718,0.711200,0.699337,0.630356,0.656427,0.580139,0.640187,0.718002,0.621047,0.680322,0.489196,0.573985,0.720691,0.586935,0.610662,0.657326,0.627597,0.637508,0.664410,0.632086,0.583699,0.562576,0.558816,0.727042,0.670140,0.636152,0.648036,0.741755,0.722073,0.711075,0.598001,0.673925,0.666720,0.611524,0.655656,0.624062,0.639941,0.660916,0.610236,0.719528,0.498600,0.683797,0.684261,0.622469,0.656751,0.693066,0.488939,0.638549,0.632026,0.659912,0.665190,0.602565,0.629161,0.550508,0.669217,0.601744,0.585128,0.583637,0.684539,0.635628,0.631680,0.701422,0.736857,0.568048,0.673158,0.712670,0.720972,0.645250,0.594512,0.611245,0.664495,0.631136,0.654095,0.633600,0.737169,0.669649,0.578769,0.731232,0.570498,0.646415,0.762492,0.672236,0.703868,0.602642,0.670443,0.677067,0.634193,0.681876,0.701198,0.577089,0.663041,0.621038,0.671253,0.592149,0.635148,0.657698,0.727365,0.613633,0.731688,0.690335,0.690138,0.763602,0.571124,0.664238,0.622311,0.619626,0.724122,0.638842,0.743098,0.666374,0.564967,0.671605,0.602659,0.665899,0.575624,0.669305,0.651585,0.617460,0.697933,0.520100,0.702003,0.716734,0.669076,0.540951,#
14,0.541803,0.621494,0.580827,0.550827,0.451922,0.633939,0.449293,0.555060,0.594315,0.600227,0.493550,0.493570,0.564803,0.492031,1.000000,0.544274,0.518752,0.459764,0.435904,0.473903,0.570457,0.521473,0.525312,0.636272,0.506148,0.393473,0.580213,0.595863,0.432458,0.602238,0.611605,0.559240,0.554342,0.508694,0.504787,0.460866,0.524083,0.614754,0.609515,0.430609,0.530639,0.535913,0.627606,0.511936,0.520441,0.598665,0.525946,0.455920,0.477789,0.426181,0.552917,0.528483,0.366261,0.634529,0.551064,0.598645,0.550932,0.490091,0.567626,0.512481,0.639592,0.612266,0.564798,0.549554,0.559664,0.479901,0.591820,0.504726,0.620216,0.564142,0.440837,0.553091,0.534466,0.473056,0.618464,0.532850,0.427571,0.526968,0.517412,0.450073,0.550577,0.488836,0.549859,0.602295,0.569285,0.597560,0.460518,0.553408,0.600420,0.368262,0.508850,0.378748,0.576092,0.637043,0.632077,0.499569,0.650629,0.466342,0.537837,0.464349,0.598638,0.579177,0.600638,0.437637,0.506979,0.616863,0.483466,0.446841,0.640400,0.483609,0.571931,0.569868,0.623574,0.446560,0.444693,0.593917,0.379147,0.523549,0.497621,0.582556,0.515217,0.612751,0.416125,0.568014,0.671388,0.349161,0.556058,0.631533,0.454357,0.516668,0.459712,0.571626,0.487352,0.522888,0.553860,0.501828,0.593133,0.548273,0.523841,0.620005,0.606851,0.559646,0.374267,0.596813,0.537635,0.546292,0.725111,0.544503,0.542899,0.451526,0.580630,0.530838,0.375015,0.431796,0.594880,0.466905,0.533316,0.533359,0.486275,0.490782,0.542034,0.473438,0.550575,0.524530,0.492144,0.330616,0.380369,0.515881,0.342700,0.605199,0.494043,0.549101,0.571244,0.605401,0.649703,0.580025,0.535765,0.597646,0.395166,0.479489,0.476075,0.545935,0.653071,0.591089,0.594243,0.576472,0.628527,0.421369,0.601570,0.558491,0.357249,0.565064,0.599752,0.502275,0.378026,0.524792,0.503299,0.530653,0.476219,0.371175,#
15,0.681318,0.742021,0.662427,0.755746,0.622765,0.733213,0.619047,0.642225,0.730881,0.576936,0.594482,0.631173,0.521147,0.667659,0.544274,1.000000,0.652795,0.675090,0.672887,0.600105,0.611937,0.707621,0.602669,0.657846,0.674314,0.602286,0.673618,0.629273,0.531016,0.624304,0.733459,0.708441,0.654639,0.681050,0.591653,0.647663,0.730584,0.704009,0.722963,0.627140,0.607092,0.656485,0.681233,0.562760,0.709575,0.624660,0.727879,0.707323,0.740122,0.678467,0.689529,0.681671,0.651615,0.622493,0.674503,0.649132,0.621199,0.638389,0.683149,0.618776,0.711505,0.598804,0.556011,0.742490,0.679040,0.642035,0.696912,0.663784,0.596877,0.570740,0.598775,0.661808,0.586032,0.612211,0.735264,0.555369,0.619411,0.637897,0.691166,0.658700,0.631223,0.597366,0.620283,0.652404,0.760893,0.734034,0.561455,0.641590,0.621608,0.604935,0.587624,0.517384,0.654471,0.646587,0.580855,0.575578,0.533363,0.553898,0.566346,0.621367,0.759796,0.606738,0.676903,0.630545,0.600451,0.705638,0.598082,0.665095,0.638331,0.667135,0.587849,0.508509,0.676828,0.614960,0.546267,0.653967,0.608970,0.650943,0.732038,0.607835,0.605747,0.610430,0.515295,0.681116,0.640301,0.618175,0.688051,0.584538,0.686877,0.682048,0.612717,0.584883,0.606165,0.508808,0.698450,0.552061,0.646617,0.591410,0.745816,0.650673,0.669607,0.612842,0.633646,0.603672,0.659882,0.650217,0.605798,0.606073,0.635292,0.664773,0.703980,0.660599,0.690624,0.666789,0.665805,0.559062,0.711968,0.568796,0.671529,0.556429,0.600473,0.700598,0.686022,0.559920,0.684534,0.603614,0.678205,0.674013,0.637244,0.618412,0.550374,0.705949,0.643705,0.695986,0.744515,0.691486,0.646425,0.666716,0.565340,0.620326,0.598097,0.630454,0.605424,0.645039,0.671917,0.687183,0.600600,0.483566,0.644356,0.752509,0.629229,0.720402,0.649171,0.607039,0.656898,0.488637,0.635824,0.715857,0.689054,0.616778,#
16,0.683464,0.638226,0.520445,0.633761,0.703098,0.703372,0.643260,0.584463,0.642690,0.602479,0.589863,0.626220,0.543148,0.557778,0.518752,0.652795,1.000000,0.681985,0.683495,0.552695,0.678898,0.668006,0.508413,0.616666,0.536879,0.716790,0.647965,0.472704,0.467641,0.568159,0.723030,0.657272,0.712243,0.564933,0.578808,0.645243,0.664200,0.640763,0.583066,0.678362,0.598566,0.636855,0.544438,0.559045,0.608254,0.693592,0.598199,0.590617,0.711006,0.648561,0.595777,0.642518,0.633039,0.677757,0.688102,0.755543,0.500111,0.667892,0.697133,0.605781,0.629638,0.643016,0.593906,0.669598,0.700907,0.547503,0.717960,0.656831,0.684379,0.688913,0.590846,0.743953,0.667696,0.663905,0.619495,0.627122,0.577883,0.666071,0.672485,0.678974,0.636254,0.647920,0.645044,0.621266,0.619534,0.571564,0.637483,0.519544,0.623412,0.518557,0.564437,0.536504,0.662575,0.710813,0.611216,0.716972,0.664178,0.512268,0.622628,0.588345,0.689127,0.580839,0.674219,0.614368,0.601537,0.756549,0.665921,0.599356,0.703397,0.613838,0.662226,0.672292,0.648309,0.687500,0.550309,0.681494,0.659907,0.683000,0.598467,0.503710,0.475457,0.663267,0.592193,0.631721,0.600836,0.679238,0.644535,0.588993,0.637564,0.547498,0.638781,0.588023,0.701229,0.542726,0.690587,0.671302,0.591510,0.663813,0.621262,0.657823,0.660480,0.626782,0.692871,0.685286,0.568454,0.517557,0.644118,0.606389,0.591893,0.571930,0.670036,0.730121,0.550054,0.564912,0.743382,0.586074,0.698579,0.645749,0.643842,0.619840,0.534797,0.616177,0.794660,0.653508,0.649707,0.683938,0.592203,0.665878,0.640865,0.676275,0.644386,0.607066,0.545793,0.636000,0.687645,0.690490,0.519731,0.624492,0.550237,0.645300,0.675401,0.550551,0.688243,0.568367,0.744685,0.682593,0.680977,0.596861,0.619292,0.688521,0.632386,0.624772,0.650204,0.653310,0.588878,0.583174,0.583296,0.729507,0.718610,0.521067,#
17,0.681855,0.647492,0.614248,0.651884,0.737183,0.645175,0.705514,0.571326,0.716112,0.669441,0.602613,0.670511,0.680682,0.769035,0.459764,0.675090,0.681985,1.000000,0.621347,0.683798,0.665700,0.597379,0.659655,0.763835,0.715545,0.658859,0.669854,0.665278,0.577696,0.697505,0.697143,0.701422,0.562921,0.610951,0.563805,0.686413,0.692941,0.805595,0.666759,0.719374,0.615772,0.615615,0.605321,0.623363,0.641806,0.572791,0.667348,0.665946,0.765182,0.736034,0.662381,0.637944,0.641087,0.555167,0.727767,0.736661,0.607743,0.644948,0.695026,0.563817,0.700457,0.624925,0.599598,0.679623,0.672879,0.726959,0.762855,0.609145,0.707564,0.664867,0.624441,0.764563,0.682913,0.653393,0.656122,0.639227,0.695964,0.755258,0.673826,0.721267,0.590947,0.628915,0.765927,0.703744,0.654272,0.607906,0.572182,0.671539,0.644269,0.598058,0.765122,0.578511,0.629573,0.601095,0.604017,0.728704,0.631109,0.529137,0.547645,0.797259,0.731187,0.647425,0.636396,0.704969,0.649144,0.673924,0.664914,0.623608,0.629625,0.663277,0.618863,0.582047,0.675237,0.688997,0.631540,0.688817,0.589333,0.673701,0.664603,0.579068,0.633865,0.642105,0.567093,0.714072,0.673404,0.706244,0.651667,0.681544,0.658603,0.643424,0.671517,0.722988,0.645899,0.588820,0.682106,0.635557,0.654820,0.689577,0.728358,0.672196,0.759168,0.656928,0.766775,0.665246,0.613946,0.640893,0.725161,0.624273,0.673926,0.615929,0.711660,0.699502,0.617956,0.675815,0.687439,0.735744,0.805434,0.677213,0.678939,0.655589,0.655027,0.636831,0.754551,0.623988,0.734890,0.655826,0.533167,0.542299,0.660882,0.609961,0.697104,0.629967,0.665497,0.677635,0.791505,0.656497,0.666317,0.749685,0.550256,0.614806,0.645411,0.708270,0.714147,0.629311,0.759830,0.667078,0.637746,0.703064,0.614381,0.617499,0.604944,0.710852,0.698283,0.628254,0.685240,0.597431,0.687041,0.758666,0.677790,0.500682,#
18,0.708694,0.720811,0.474509,0.694354,0.643004,0.637468,0.675289,0.611025,0.620676,0.616701,0.745613,0.632714,0.656543,0.694766,0.435904,0.672887,0.683495,0.621347,1.000000,0.596840,0.666329,0.675896,0.633777,0.579261,0.589611,0.655932,0.689510,0.595806,0.545031,0.665630,0.601614,0.696591,0.662599,0.672209,0.673572,0.744048,0.639444,0.692760,0.655681,0.655649,0.682530,0.546860,0.557906,0.606531,0.693908,0.619595,0.677937,0.706173,0.746319,0.596583,0.630984,0.668434,0.671830,0.485769,0.723350,0.644948,0.577194,0.732475,0.700256,0.732328,0.665874,0.562450,0.599614,0.642395,0.755033,0.545831,0.697503,0.645656,0.608967,0.641055,0.639526,0.709022,0.688464,0.635300,0.674370,0.585734,0.632994,0.655042,0.751367,0.566911,0.639896,0.546941,0.590186,0.698967,0.647197,0.673165,0.615952,0.607184,0.724786,0.589954,0.602454,0.529825,0.681376,0.704113,0.697731,0.589740,0.591040,0.644828,0.651211,0.679568,0.705540,0.574422,0.625215,0.704475,0.705720,0.721207,0.567666,0.591508,0.744464,0.676239,0.653981,0.601913,0.667115,0.703122,0.575782,0.642368,0.615650,0.580626,0.681901,0.600061,0.599804,0.772348,0.565121,0.623059,0.579984,0.651667,0.736522,0.543055,0.716843,0.541499,0.687328,0.618044,0.584723,0.517637,0.683252,0.624729,0.695672,0.637617,0.645827,0.638058,0.734693,0.724535,0.631295,0.703966,0.616770,0.589985,0.699870,0.509116,0.653316,0.610481,0.632397,0.795109,0.635826,0.558076,0.630453,0.661898,0.686740,0.733448,0.660746,0.598264,0.674777,0.654849,0.736895,0.642294,0.739491,0.603311,0.763239,0.599245,0.559000,0.636164,0.634756,0.710663,0.632813,0.636501,0.619726,0.675884,0.673078,0.740645,0.582221,0.764368,0.678723,0.603878,0.658406,0.590019,0.711717,0.695644,0.574681,0.660444,0.611716,0.717628,0.592508,0.600951,0.519004,0.703914,0.710437,0.605266,0.649742,0.737707,0.692863,0.560701,#
19,0.530993,0.654438,0.564991,0.604527,0.645336,0.649771,0.542828,0.522198,0.665322,0.548981,0.554515,0.509324,0.613446,0.589445,0.473903,0.600105,0.552695,0.683798,0.596840,1.000000,0.632342,0.567933,0.482197,0.554264,0.512908,0.544343,0.606888,0.609683,0.564595,0.569223,0.685418,0.756652,0.546676,0.548777,0.439128,0.710767,0.533748,0.667567,0.564619,0.539700,0.567496,0.531785,0.535599,0.528667,0.574270,0.602786,0.661007,0.552604,0.617346,0.412996,0.536755,0.565952,0.520210,0.499371,0.643904,0.507799,0.632319,0.652342,0.622103,0.482704,0.631340,0.464541,0.617605,0.616725,0.543271,0.603237,0.621678,0.446191,0.612810,0.640428,0.528817,0.632081,0.598011,0.597758,0.606224,0.413922,0.450982,0.490951,0.476769,0.574139,0.563861,0.470599,0.637395,0.542564,0.562403,0.485604,0.580296,0.621665,0.638522,0.450882,0.584380,0.494003,0.546695,0.586472,0.587603,0.529785,0.553920,0.391500,0.509053,0.657968,0.628800,0.556047,0.598821,0.552603,0.587239,0.581788,0.521428,0.527559,0.606203,0.535627,0.538905,0.450951,0.568726,0.539553,0.632730,0.520049,0.553112,0.610210,0.566519,0.543643,0.568077,0.572462,0.443830,0.726492,0.597791,0.594821,0.608755,0.523025,0.709657,0.727108,0.542121,0.627013,0.588121,0.645509,0.667749,0.524747,0.533259,0.591571,0.579078,0.600437,0.689300,0.522753,0.561201,0.607951,0.523357,0.498725,0.552341,0.437474,0.580063,0.542463,0.597775,0.694025,0.517444,0.542404,0.663082,0.526447,0.732128,0.642301,0.473158,0.483192,0.507650,0.531979,0.594011,0.522997,0.626560,0.461905,0.434933,0.605551,0.531747,0.560295,0.614812,0.683495,0.602896,0.456305,0.656938,0.532010,0.604846,0.639556,0.492396,0.418424,0.519552,0.484855,0.586523,0.664421,0.547297,0.595655,0.561206,0.658112,0.655243,0.628635,0.405703,0.604571,0.595099,0.594621,0.582060,0.537600,0.506202,0.591091,0.542592,0.387503,#
20,0.699450,0.695956,0.491096,0.602126,0.646024,0.662461,0.728812,0.623739,0.644360,0.720028,0.628924,0.584369,0.652258,0.657439,0.570457,0.611937,0.678898,0.665700,0.666329,0.632342,1.000000,0.643037,0.520403,0.650051,0.593776,0.656125,0.636473,0.686316,0.539183,0.734633,0.650581,0.615060,0.596142,0.672759,0.634011,0.672225,0.617534,0.654905,0.599437,0.694131,0.662345,0.747556,0.568538,0.740320,0.707602,0.632670,0.645299,0.608633,0.718670,0.597453,0.642397,0.691799,0.597233,0.598896,0.654663,0.710619,0.644594,0.701917,0.721240,0.611935,0.710013,0.632251,0.722565,0.650586,0.751867,0.691157,0.780158,0.593767,0.690851,0.579384,0.555714,0.754858,0.634872,0.682438,0.606684,0.565145,0.556122,0.693401,0.687512,0.710221,0.545523,0.685329,0.650297,0.722645,0.567943,0.616560,0.657405,0.588489,0.697569,0.649445,0.613720,0.641275,0.572416,0.708957,0.690684,0.628779,0.519991,0.488682,0.563906,0.646006,0.747145,0.693410,0.740223,0.701997,0.740652,0.586913,0.655556,0.687457,0.702989,0.703162,0.614889,0.660771,0.599915,0.572618,0.617642,0.615418,0.590684,0.701432,0.555986,0.561943,0.639025,0.640258,0.569693,0.720384,0.669482,0.713187,0.608858,0.601520,0.589132,0.606935,0.589685,0.614673,0.653764,0.696169,0.732631,0.547423,0.584059,0.751547,0.657579,0.732244,0.710644,0.585335,0.640906,0.742854,0.649679,0.590959,0.698334,0.590393,0.659739,0.690378,0.713716,0.693301,0.679017,0.567250,0.752880,0.665104,0.714967,0.674340,0.638955,0.683705,0.664015,0.690094,0.661436,0.687411,0.778020,0.510993,0.537704,0.582562,0.635518,0.695620,0.676811,0.606439,0.723756,0.647001,0.691506,0.686439,0.627534,0.700548,0.564688,0.713607,0.628687,0.617471,0.690553,0.616717,0.648785,0.726425,0.610704,0.689091,0.598710,0.596871,0.449997,0.623523,0.593437,0.691520,0.625967,0.589488,0.670520,0.691063,0.666554,0.495054,#
21,0.629877,0.800656,0.569934,0.630992,0.554946,0.751838,0.517689,0.527694,0.737749,0.605009,0.589431,0.569288,0.474058,0.568157,0.521473,0.707621,0.668006,0.597379,0.675896,0.567933,0.643037,1.000000,0.596998,0.673165,0.509180,0.565031,0.721583,0.603334,0.453723,0.621144,0.646622,0.592796,0.654221,0.614558,0.631536,0.677053,0.574317,0.715074,0.628110,0.627554,0.636346,0.642085,0.607321,0.599713,0.673767,0.597967,0.566755,0.668820,0.683275,0.586281,0.509347,0.717722,0.570941,0.526356,0.673426,0.670854,0.574880,0.604040,0.707109,0.559517,0.665734,0.577596,0.615402,0.583458,0.691541,0.519470,0.696731,0.620453,0.607407,0.666576,0.513081,0.736440,0.600066,0.621677,0.682206,0.594306,0.573188,0.610871,0.677405,0.599764,0.511924,0.566719,0.642858,0.597708,0.747276,0.573378,0.518009,0.651237,0.698679,0.595426,0.490273,0.463295,0.670594,0.579402,0.678137,0.582767,0.557329,0.477263,0.579051,0.628967,0.678484,0.525395,0.579901,0.639272,0.530654,0.698233,0.560399,0.540789,0.633675,0.701281,0.659265,0.599790,0.628088,0.600938,0.461715,0.501158,0.601462,0.683888,0.535430,0.604233,0.564399,0.579847,0.526970,0.602577,0.551010,0.548328,0.614134,0.585081,0.639883,0.624865,0.613286,0.658913,0.589136,0.618587,0.760433,0.455395,0.554671,0.575814,0.630337,0.654671,0.706531,0.586443,0.621531,0.593203,0.559500,0.513983,0.629048,0.585075,0.530400,0.680639,0.642998,0.740678,0.642710,0.637707,0.586431,0.544523,0.655290,0.637759,0.526173,0.648809,0.590210,0.579883,0.706211,0.595307,0.719214,0.581556,0.589210,0.632414,0.516134,0.641554,0.661819,0.528866,0.598148,0.589192,0.583604,0.584183,0.521007,0.678482,0.521971,0.624504,0.611272,0.630980,0.585869,0.660799,0.642583,0.704766,0.667684,0.450868,0.553667,0.665243,0.550209,0.591988,0.618832,0.529923,0.635191,0.521896,0.594947,0.714378,0.603164,0.572518,#
