0,1.000000,-0.111159,-0.086353,0.182072,0.108008,0.009345,-0.095870,-0.276148,0.012600,-0.125208,-0.094270,-0.089343,0.015561,-0.229444,0.225775,0.276233,0.259003,0.209037,0.277100,0.087315,0.023506,-0.082316,0.271444,0.300826,-0.030646,-0.030165,0.184426,-0.162713,-0.078513,-0.035550,-0.097313,0.181142,0.079199,0.111625,0.213723,0.136014,0.082981,0.077466,-0.021993,0.002472,-0.014264,0.072787,0.241605,0.046641,0.030446,-0.047586,-0.121540,0.307008,-0.129710,0.189061,-0.056337,-0.019881,0.079968,0.087556,0.134328,-0.115532,0.327087,0.111248,-0.016385,0.071962,0.013437,0.098742,0.173469,-0.000729,-0.181183,-0.149396,-0.136074,0.105251,0.008918,0.163395,-0.109704,-0.108443,0.010284,0.084514,0.074770,-0.326172,0.246502,0.257208,0.013192,-0.179697,-0.236179,-0.146567,0.025179,0.184638,0.156666,-0.017909,0.150600,-0.103509,0.171744,0.391298,0.172382,0.027667,0.239665,-0.050135,0.035761,0.300627,-0.000577,-0.256376,0.025569,0.088767,0.178750,0.137405,-0.201102,0.120250,0.121119,0.067156,0.213935,0.121691,0.077261,-0.044888,-0.048777,-0.013012,-0.094800,0.020969,0.035763,0.090925,-0.086273,-0.124568,-0.017984,-0.052931,0.193467,-0.100039,0.131263,0.079076,0.166909,0.090019,0.080097,-0.115919,-0.093333,0.249641,0.178671,-0.117156,-0.194800,-0.179048,-0.119144,0.238099,-0.033641,0.017287,-0.117145,-0.093816,0.269537,0.114766,0.012382,0.131000,-0.080501,0.054765,0.014945,-0.227282,0.082343,0.091921,-0.311040,0.036263,-0.115461,-0.089993,0.014667,0.142900,0.261840,0.029547,-0.029348,-0.074325,0.131799,0.184404,-0.133506,-0.120473,-0.111405,0.236777,-0.140380,0.210614,0.222333,0.042098,-0.199182,-0.259057,0.188080,-0.095577,-0.275604,0.094959,0.095857,0.124226,0.063317,-0.094175,0.143156,0.148381,-0.020474,0.051445,-0.186545,-0.139213,0.149633,0.372695,0.056242,-0.206657,-0.066712,0.216268,-0.115615,-0.074047,0.171513,0.130683,-0.052728,-0.048046,0.058057,-0.008387,#
1,-0.111159,1.000000,0.131579,-0.126716,0.004018,0.164593,0.383873,0.198371,0.170410,-0.060170,0.103907,0.198713,0.056029,0.082505,-0.063957,-0.053960,-0.005231,0.046565,-0.109635,-0.133206,0.083591,0.216304,0.035756,-0.274325,0.060665,-0.141617,0.020398,0.116058,-0.399952,0.119949,0.065915,-0.119916,-0.063816,0.178297,-0.186519,0.249344,-0.007066,0.021926,0.056313,0.105645,0.047076,-0.145446,0.069250,0.096000,0.172333,-0.044427,0.340306,-0.113408,0.143406,-0.219319,0.015156,-0.217517,0.349390,0.268322,0.054842,0.190042,-0.015376,-0.137961,-0.003382,-0.080248,-0.042166,-0.004296,0.213664,-0.097621,-0.163974,0.162540,0.227316,0.218001,0.105624,0.057045,0.154754,0.174906,0.076324,0.028808,0.118795,-0.011370,0.035379,0.110502,0.284698,0.123336,-0.081427,0.257465,-0.115615,0.058783,0.136390,-0.074826,0.127640,0.145987,-0.120394,0.004075,0.116967,0.031876,-0.131266,0.051598,-0.028411,0.112920,-0.116891,0.083433,-0.111569,0.208247,0.111107,0.083084,0.043288,0.000842,-0.012860,0.053929,0.192894,0.124788,0.163256,-0.062405,-0.053214,0.103450,-0.162994,-0.256294,0.192075,0.257066,0.227689,-0.141021,0.067242,0.019840,-0.266683,0.045529,0.005638,0.036018,-0.096394,-0.096493,0.186154,-0.013944,0.317938,0.159767,-0.079701,0.127191,-0.061532,0.078609,0.175209,-0.078803,0.361611,0.098334,0.127131,0.160997,0.112826,0.124325,-0.015286,0.227019,0.242624,0.050378,-0.017373,-0.181141,0.185944,0.044037,0.362514,-0.025378,-0.304016,-0.213464,0.064518,0.209380,-0.174939,0.121335,-0.323835,-0.243226,-0.175192,-0.014867,0.208327,0.226424,0.237490,-0.057952,-0.109619,-0.005825,0.028360,0.155527,0.280082,0.121703,0.005707,-0.142109,0.077495,0.128012,-0.039674,0.079236,0.075754,0.018558,0.146384,-0.156235,0.088236,0.078441,0.315462,-0.065132,0.144988,-0.184073,-0.000771,0.292112,0.046601,0.191006,-0.218505,0.073233,-0.091947,-0.091483,-0.168355,0.177524,-0.116000,0.344950,#
2,-0.086353,0.131579,1.000000,0.036451,0.147392,0.033270,0.202592,0.064406,0.062746,0.123336,0.440218,0.218206,-0.007050,-0.039102,-0.182347,0.138938,-0.155370,-0.001766,-0.087269,-0.101233,0.091167,0.216289,-0.053626,-0.059630,0.040615,0.103302,0.093320,-0.056984,-0.088800,-0.069346,0.109244,0.065088,0.002381,0.008726,0.063371,0.024003,0.153565,0.032016,0.166242,-0.160691,0.130974,-0.096015,0.128068,0.025638,-0.028527,-0.083215,0.032569,-0.026613,-0.080301,-0.131128,-0.147363,0.126614,0.040714,-0.059496,-0.008810,-0.056617,0.090876,-0.147445,0.221786,0.141799,0.299605,-0.138006,-0.329199,0.068139,0.110853,0.108478,0.185220,0.028395,-0.010359,-0.089576,0.226377,0.123055,-0.134220,0.091217,0.169998,0.000087,-0.033772,-0.126866,0.059267,-0.084687,-0.005124,-0.234955,-0.062880,-0.079306,0.294971,0.263622,0.112575,0.082628,-0.015420,0.037903,-0.075910,0.220874,-0.004866,0.198239,-0.162810,0.142706,-0.045280,-0.047685,0.003815,0.045535,0.072455,0.046050,-0.178142,0.071369,-0.017946,0.161628,0.127539,0.258984,0.093206,0.197615,0.101399,0.193175,0.007992,0.066839,-0.067916,0.233416,0.074093,-0.125130,-0.221058,0.094883,0.082099,-0.239547,-0.114382,-0.056002,-0.024205,-0.060190,0.194417,0.027867,0.132227,0.091433,-0.019979,0.124180,-0.118458,0.152726,0.097827,-0.059433,0.043125,-0.000393,0.125015,-0.101462,0.269041,0.161028,-0.065587,-0.081535,0.233413,-0.184928,-0.263836,-0.054662,0.069835,-0.177916,0.157269,-0.036033,0.244742,-0.075953,0.066744,-0.104488,0.025189,-0.310869,0.146110,-0.054606,-0.170672,-0.136806,0.278478,0.215671,0.064964,0.154620,0.115817,-0.150916,-0.048637,-0.110131,-0.043149,0.268502,0.097624,0.022826,-0.009268,-0.064240,0.053962,0.108821,-0.338934,-0.028035,0.188399,0.115490,-0.118896,0.159194,0.016265,0.108498,-0.050187,-0.066037,0.025354,0.061644,0.016757,-0.065960,0.074044,0.019134,0.080068,-0.027515,-0.222813,0.032359,0.159956,0.211950,#
3,0.182072,-0.126716,0.036451,1.000000,-0.069891,0.175475,0.140188,0.180536,0.261871,0.202515,0.213070,0.066751,0.072165,-0.188910,0.185725,0.131475,0.081073,0.272056,0.227275,-0.034234,0.052139,0.094701,0.261216,0.410557,0.041574,0.102074,0.133067,-0.046612,0.199260,0.142544,0.171308,-0.002964,0.433125,0.310067,-0.171075,0.079088,-0.235318,0.364477,0.311629,0.102697,-0.045333,0.123463,0.234821,0.117745,-0.080830,-0.052779,-0.237067,-0.021698,-0.069138,0.094162,0.141693,0.156229,0.053333,-0.087262,0.182098,0.143308,0.075371,-0.127219,0.211427,0.100057,0.083091,0.208096,-0.008304,-0.061120,0.301829,0.036499,0.048262,-0.160583,-0.214630,0.182415,-0.020881,0.184911,0.076176,-0.016154,0.048956,0.001700,0.090128,0.007190,-0.065188,-0.097001,0.053236,-0.139257,0.291834,-0.079806,0.133488,0.044500,0.069078,0.125863,0.272510,0.193268,0.158957,0.077434,-0.064888,0.035704,0.063302,0.085717,0.000347,-0.121428,0.097958,-0.020085,0.122600,-0.020209,-0.121517,-0.084834,0.214749,0.026087,0.376526,0.231385,0.056708,0.005941,0.066234,-0.044229,-0.053903,-0.038524,0.010841,-0.008656,-0.062837,0.078009,-0.048887,-0.039174,-0.061397,-0.025597,-0.150180,0.147860,-0.050299,0.044197,0.191989,0.210073,-0.105419,0.061562,0.301847,0.228585,0.046649,0.237433,-0.119738,0.252897,-0.052948,0.086761,-0.050977,0.031591,0.098113,0.274606,0.039916,-0.065692,0.133796,-0.062737,0.246275,0.092892,-0.097559,0.135852,0.166171,-0.144825,0.076336,0.143371,0.107083,0.019614,-0.042133,0.121176,0.246639,-0.063927,0.073321,-0.025475,0.211942,0.091536,-0.045458,0.065944,0.018033,0.210180,-0.040785,-0.063706,-0.032151,-0.213869,-0.036236,-0.113994,0.057465,0.137169,0.343948,-0.056881,-0.246441,0.116984,0.042297,0.224851,0.064619,-0.164123,-0.172742,-0.039433,0.095248,0.098025,0.115859,-0.073853,0.096990,-0.059883,0.059688,0.036982,0.017998,-0.009625,0.181344,0.030329,-0.184107,-0.175354,#
4,0.108008,0.004018,0.147392,-0.069891,1.000000,0.138669,0.011994,0.028613,0.000113,0.108575,0.012605,0.020786,-0.090480,-0.067686,0.051440,0.045958,-0.134011,0.173483,-0.030198,0.223581,0.347226,-0.023030,0.127727,0.129487,-0.082759,0.065357,0.006471,-0.161472,0.177753,-0.005396,0.085412,0.035541,-0.011818,0.130689,-0.049088,0.141708,0.303319,0.147600,0.256065,0.121720,-0.061718,0.252891,-0.000487,-0.052803,0.177386,0.190773,0.310513,0.051178,-0.052875,0.023692,-0.086192,0.023846,0.003943,0.044467,0.289845,0.260160,0.070836,0.045258,0.075747,0.082523,0.049692,0.253745,-0.061121,0.045023,-0.095531,-0.016232,-0.031889,0.083920,-0.099345,0.103575,0.142363,0.289235,0.155998,-0.025776,0.090068,-0.131589,0.143091,0.051546,0.147790,0.004890,0.025476,0.058988,-0.043549,0.021420,0.348596,0.022726,0.120300,0.062846,-0.095321,0.167907,0.272575,-0.156837,0.043627,0.091559,0.182356,0.139934,-0.041161,-0.017539,-0.290805,-0.011537,0.118737,-0.055898,0.068439,0.147031,0.012717,0.197394,-0.053441,0.115216,0.236965,0.200032,-0.000408,0.215542,0.045746,0.087573,-0.056892,-0.072281,0.176900,0.023143,-0.097001,-0.000245,-0.174300,-0.179591,-0.155595,0.011033,0.233142,-0.086040,0.245074,0.013008,0.240401,0.162577,0.347938,-0.043788,0.149852,0.204828,0.098838,0.134766,-0.097205,0.004076,0.255563,-0.010129,0.215492,0.075211,0.233865,-0.016506,0.227762,0.263812,0.006952,0.236653,-0.054775,0.094275,0.096444,0.177361,0.264818,0.379072,0.305576,-0.051351,0.169788,0.002659,-0.117700,-0.074480,0.225092,-0.060320,-0.024471,-0.122145,-0.239755,0.060717,-0.019872,0.076093,0.109575,-0.004068,-0.259095,-0.064904,0.440018,0.084538,0.103862,0.132915,0.200626,0.167800,-0.075157,0.246719,0.154097,-0.100470,0.150454,-0.006038,0.061231,0.110918,-0.188473,0.109308,0.155017,0.307624,-0.241625,0.208898,-0.191093,0.021649,0.194312,0.109788,-0.021713,0.035821,0.129944,0.386435,#
5,0.009345,0.164593,0.033270,0.175475,0.138669,1.000000,-0.003730,0.258939,0.136266,-0.007995,0.082736,-0.010893,0.069192,-0.241618,-0.039343,-0.087435,-0.069528,0.018551,-0.119203,0.175106,-0.057292,-0.084915,0.176488,-0.242552,0.161098,-0.060554,0.085845,0.086427,0.177832,-0.011710,0.180204,0.008405,0.191997,0.064715,-0.326766,0.185828,0.075430,-0.041860,0.201499,0.043237,0.086165,0.121307,0.169183,0.197522,0.107842,-0.120046,0.221971,-0.047904,0.141653,-0.208840,0.138183,0.032466,0.102202,-0.238769,0.204391,0.344176,0.097869,-0.170469,0.221796,0.163365,-0.028076,-0.069735,-0.011692,0.123702,0.185095,0.097456,-0.178471,-0.081998,0.138314,-0.184581,-0.039455,0.150962,0.331440,0.132126,-0.078823,-0.041206,0.080198,0.070350,0.163439,-0.008616,0.003313,-0.032065,0.173050,0.169310,-0.161388,-0.000606,0.117713,0.048543,0.012819,-0.090168,-0.032916,-0.034296,0.140122,0.293630,-0.109942,0.129184,-0.179013,0.200712,0.119467,0.022905,-0.060594,0.024721,-0.290909,0.002197,-0.073227,0.254265,0.139736,0.140905,0.072312,0.066847,0.098878,0.164220,-0.266134,-0.157631,0.156040,0.118678,-0.039006,0.188913,0.065871,0.055815,-0.311081,0.062250,-0.133753,0.030686,-0.268842,-0.107947,0.147577,-0.183219,0.076879,-0.034053,0.239882,0.157703,0.145390,0.238297,0.168015,0.208818,0.124354,0.204075,0.053076,-0.224804,-0.061008,0.175998,-0.046618,0.077406,0.342550,0.009059,0.122942,0.169286,0.120131,0.115617,0.133577,0.061441,0.249732,-0.038988,0.003341,0.156535,-0.057255,-0.059250,-0.155727,-0.164094,0.223590,-0.164230,0.257930,0.158632,0.070222,0.116724,-0.177027,0.212907,-0.036892,0.175631,0.327014,0.155732,0.344731,-0.133254,-0.128346,-0.045066,0.200584,-0.103308,0.052226,0.223873,0.222720,0.037228,0.283837,-0.061991,-0.207086,-0.001302,0.107512,-0.051914,0.258483,-0.004950,0.025963,0.362841,0.035530,-0.139677,0.050923,-0.084614,-0.117535,0.062139,0.028491,0.370367,#
6,-0.095870,0.383873,0.202592,0.140188,0.011994,-0.003730,1.000000,0.134596,0.393691,0.113681,0.091502,0.293342,0.214446,0.108042,0.027572,0.150749,-0.069162,0.106935,0.023700,-0.142669,0.091599,0.439829,-0.018183,-0.073902,0.095446,0.139945,0.002074,0.125069,-0.006125,0.149000,0.017854,0.027459,-0.029262,0.077149,-0.037001,-0.005371,-0.170296,0.157714,0.042979,0.070177,-0.064217,-0.028335,0.208573,0.118626,0.197510,-0.110275,0.004996,-0.101314,0.033124,-0.079688,-0.051663,-0.111707,-0.027828,0.130061,0.040996,0.057494,-0.047579,0.048974,0.017885,0.158580,0.350361,-0.001487,0.219998,-0.086471,0.145280,0.457844,-0.000255,0.117584,-0.047026,0.105620,0.171128,0.152707,-0.009879,0.308176,0.240556,0.070216,0.220218,-0.092884,0.158013,-0.053070,0.115494,-0.047009,0.050354,-0.121626,0.128277,0.025459,0.065069,0.171041,-0.102363,0.018221,-0.075124,0.048723,0.111632,0.060356,0.019543,0.010840,0.197925,0.014052,-0.031706,0.172154,0.030612,0.326366,0.129324,0.057952,-0.224989,0.035161,0.204683,0.014368,0.119072,0.168184,0.121196,0.168076,-0.153337,-0.308842,-0.067490,0.241532,0.319922,-0.158741,-0.053206,-0.046639,0.121801,0.043676,-0.063302,0.182687,-0.101451,0.132873,0.014812,0.000327,-0.067847,0.020983,0.044124,0.034456,0.007947,-0.004014,-0.062956,0.089564,-0.056373,-0.058537,0.124722,0.155795,0.159277,0.274244,0.015037,-0.014436,-0.079527,0.019159,0.098178,-0.044385,0.107791,-0.222410,0.405257,-0.157723,0.177751,-0.054288,0.256214,0.056575,-0.069655,0.182829,-0.105519,-0.126146,-0.203355,0.234117,0.266578,0.178022,0.120266,0.176826,-0.060380,0.067503,-0.197117,0.012340,-0.083452,-0.036213,-0.021946,-0.114714,0.242809,0.065228,0.016435,0.034233,0.108246,-0.044155,0.135610,0.056079,0.120829,-0.011277,0.010249,0.180703,-0.049069,0.093182,0.112933,0.145435,0.153089,0.066462,-0.061066,0.167456,-0.066076,-0.044234,0.073278,0.127867,0.111779,0.149263,#
7,-0.276148,0.198371,0.064406,0.180536,0.028613,0.258939,0.134596,1.000000,0.281901,-0.100196,0.196362,0.254654,-0.063756,-0.034137,0.175846,-0.109830,0.000131,0.146968,-0.251410,-0.045177,-0.116868,-0.084072,0.205557,-0.039587,0.094553,0.021635,0.058903,0.180397,-0.016909,0.196124,-0.017726,-0.016029,0.078526,0.062805,-0.259634,-0.067375,-0.025148,0.131388,0.314017,0.176106,-0.079577,-0.072060,0.028445,0.156988,0.113009,0.005827,0.192472,0.018094,0.073967,0.000075,0.344300,0.065332,0.019503,0.104865,-0.036400,-0.002754,-0.084469,0.000749,0.225792,0.130530,0.111731,0.019613,-0.019037,0.007024,0.150732,0.158481,-0.022186,-0.026769,-0.037493,0.372274,-0.105273,0.090246,0.305947,-0.006159,0.065704,-0.021272,-0.082664,0.094687,0.037237,0.199815,0.066979,-0.074940,0.105336,0.021559,0.014773,0.065752,0.107719,0.012330,-0.041052,0.015005,-0.057583,-0.002374,-0.052667,0.201190,-0.036701,-0.300436,-0.236741,0.113728,-0.061737,0.131515,0.113531,-0.048311,-0.058826,0.069789,0.049300,0.114141,-0.026650,0.041468,0.010377,0.111054,-0.069544,-0.002977,-0.112297,0.048857,0.351036,0.017597,0.049510,-0.112037,-0.018547,0.287377,-0.094183,0.069488,-0.231579,0.177691,-0.019506,0.092451,0.287781,0.063091,-0.005798,-0.108903,0.046356,-0.003070,0.265681,0.190306,0.074049,0.116964,-0.128489,0.037601,0.084668,0.063261,0.072123,-0.111247,0.103877,-0.097005,0.229182,-0.023851,0.034481,0.056125,0.052638,0.110651,0.236020,0.011700,-0.078362,0.040538,-0.003641,0.037953,0.027296,0.160459,0.081971,0.032878,0.004212,-0.105015,0.198915,0.020012,-0.155447,0.249614,-0.161047,-0.185954,-0.261924,0.043108,0.104219,0.181684,0.243451,-0.057952,0.148715,-0.122431,-0.024526,0.026192,-0.185695,0.307583,0.312934,0.123862,0.151448,0.004793,-0.025627,0.259767,-0.154402,-0.274550,0.015131,0.203878,0.099424,0.143942,0.022536,-0.129900,-0.079277,-0.106806,-0.141602,0.098266,-0.165939,0.298645,#
8,0.012600,0.170410,0.062746,0.261871,0.000113,0.136266,0.393691,0.281901,1.000000,0.244192,0.054529,0.166046,0.118688,-0.125380,0.222360,0.317964,-0.163209,0.095968,-0.083147,-0.171803,-0.198980,0.196904,0.375781,0.123612,-0.055510,0.026497,-0.022263,0.122394,0.012773,0.291201,0.032222,0.170982,-0.099191,0.123706,0.000113,0.068855,-0.057157,0.072509,0.072857,0.012094,-0.092971,0.152586,0.188890,0.106388,0.184945,0.015678,0.023482,-0.248677,0.146226,-0.010775,0.310539,0.205739,-0.077787,0.117252,-0.014276,0.330339,0.199688,0.152809,0.264490,0.325404,0.187368,0.028413,0.287935,-0.134502,0.157559,0.300584,0.100163,-0.012144,0.200860,0.038993,0.151694,-0.010528,0.050017,0.139686,0.313614,0.116516,0.169832,-0.023492,-0.011463,0.126394,0.117733,0.055680,0.012726,-0.127325,0.151338,0.106942,0.075612,-0.043240,-0.217005,0.064968,-0.011471,0.077726,0.013677,0.063732,0.099369,0.071227,0.236550,0.020632,0.025394,0.122273,0.154380,0.050425,-0.015432,0.066513,0.190025,0.060774,0.085799,-0.042285,-0.041462,0.175077,-0.095812,-0.011231,-0.293292,-0.157970,0.236508,0.219058,0.027730,-0.224467,0.023271,0.268893,0.012805,-0.011787,-0.193309,0.100641,-0.101182,0.055243,0.064750,0.183243,-0.204846,0.341387,0.066149,-0.073313,0.263217,0.208151,0.114631,0.268184,-0.011502,-0.013369,0.051206,-0.219139,0.000146,0.188634,0.314101,-0.075900,-0.064909,0.106415,0.233097,-0.012980,0.361212,0.073609,0.327786,-0.136960,0.080287,0.163799,0.202034,0.315560,0.013906,0.296846,0.104761,-0.082871,-0.034851,0.014851,0.181910,0.093757,0.216474,0.239557,0.012861,-0.225945,0.113450,0.153778,0.078482,0.066632,0.028356,-0.215042,0.201418,-0.063153,-0.013352,-0.000564,-0.107476,0.199131,0.298758,0.036386,0.093200,0.151803,0.024610,0.119845,0.000191,-0.024063,-0.042584,-0.068834,0.090995,-0.051266,0.073442,0.073065,0.211441,-0.187715,0.014541,-0.000260,0.111519,-0.049629,#
9,-0.125208,-0.060170,0.123336,0.202515,0.108575,-0.007995,0.113681,-0.100196,0.244192,1.000000,0.343490,-0.102673,0.059124,-0.277265,0.023769,0.253971,-0.174788,-0.018924,0.024317,-0.005998,0.097837,-0.037816,-0.025969,-0.027707,-0.048467,-0.259972,-0.021975,-0.020632,-0.036004,0.101623,0.120160,-0.183652,-0.178481,0.171498,-0.061646,-0.073931,-0.150132,0.186296,0.168718,-0.124870,0.105149,-0.170193,0.164935,-0.086351,-0.062416,0.135289,-0.032208,-0.125624,0.009918,0.004137,-0.031529,0.051277,0.060804,-0.106433,-0.281845,0.108409,0.016118,-0.055930,0.126133,-0.061656,0.099227,0.020912,0.092894,-0.029336,-0.046106,0.109563,-0.176426,-0.202883,-0.111545,-0.216743,0.255980,0.107556,-0.191473,-0.044199,-0.111140,-0.017812,-0.253520,-0.221881,-0.015198,0.148673,0.215339,0.048375,-0.101276,-0.188921,0.121399,-0.083846,-0.107032,-0.008075,-0.146573,-0.277232,-0.020565,0.293478,0.077446,-0.267344,0.230358,-0.013799,0.092516,0.130594,-0.009048,-0.415648,-0.195697,-0.129332,0.300153,-0.104377,0.236489,-0.107120,0.053296,-0.272550,-0.110088,-0.142518,0.132057,-0.058046,-0.078803,0.166522,-0.161214,-0.028694,-0.178643,-0.057533,0.057497,-0.136211,-0.187317,0.100341,-0.236599,-0.085697,-0.249498,0.053085,-0.211278,0.245985,0.010969,0.174970,0.010117,-0.101026,-0.015451,0.269368,0.014465,-0.109775,-0.111095,0.071783,0.021633,-0.272623,-0.248743,-0.000689,0.246474,-0.017316,-0.026093,-0.080087,-0.018016,0.177393,-0.092858,0.237804,-0.006661,-0.336654,0.307175,0.188676,0.110291,0.010869,-0.052634,0.110722,-0.092531,-0.057798,0.007281,-0.259001,0.074189,0.278675,0.001135,-0.155465,0.073035,-0.104978,0.064486,-0.165107,0.036312,-0.183111,-0.037622,-0.021889,0.043477,-0.009343,0.055529,-0.035515,-0.014155,-0.078242,-0.085075,-0.105067,-0.015563,-0.067684,-0.196768,0.024185,-0.106985,-0.164588,0.234741,0.039009,-0.078575,-0.182087,0.096620,-0.051056,-0.089940,-0.080346,-0.178800,-0.039575,-0.155307,0.005501,#
10,-0.094270,0.103907,0.440218,0.213070,0.012605,0.082736,0.091502,0.196362,0.054529,0.343490,1.000000,0.096413,-0.017650,-0.186251,0.076762,0.187806,0.078558,0.033747,0.156985,0.146028,0.029950,-0.118971,-0.099700,0.043334,0.118174,-0.159028,-0.120525,0.101808,-0.147585,0.126021,0.046546,-0.056798,0.172543,0.015875,0.031764,0.204695,0.096763,-0.012545,0.198026,0.007283,0.148708,-0.145555,0.097160,-0.138580,-0.009333,0.073162,0.101577,-0.078218,0.058011,0.184440,0.123617,0.116315,0.112321,0.131358,-0.134976,0.061156,-0.123111,-0.306199,0.258346,0.185086,0.070554,0.252871,-0.128882,0.189229,0.197394,0.161397,0.296180,0.055776,-0.139270,-0.096721,-0.030792,0.237312,-0.099664,0.018539,0.029409,0.054848,-0.113463,0.060224,-0.065977,-0.125119,0.275185,-0.076992,0.075827,0.058321,0.335218,-0.086665,-0.052008,0.242894,-0.116079,0.100056,0.082682,0.193786,-0.006588,0.118871,-0.108841,0.319971,-0.032874,-0.018474,0.263437,0.054019,-0.145644,0.016103,0.000618,-0.152016,0.075001,-0.154030,0.026674,0.170325,-0.127478,-0.117185,0.098531,0.211316,-0.000694,0.032312,0.210227,0.310041,-0.031609,-0.099406,-0.079512,-0.015668,0.038239,0.074086,-0.186011,-0.094960,-0.152299,-0.115965,0.188456,0.123465,0.215739,0.079396,0.048647,0.156894,-0.085510,0.095087,0.051529,-0.041007,-0.150478,0.317564,-0.116799,-0.140472,0.068791,-0.043623,-0.043908,-0.035151,0.355908,-0.190235,-0.290392,-0.166314,0.146375,0.061453,0.167088,0.091152,0.051264,-0.077673,0.025922,-0.213034,0.161265,-0.148485,0.068008,-0.127912,0.146415,-0.181999,0.372372,0.266039,0.176363,0.110256,0.229787,-0.022680,-0.097296,0.250345,0.027067,0.058753,-0.043665,-0.035626,0.223474,-0.186174,0.058115,0.221920,-0.254664,0.077918,0.068321,0.025681,0.173832,0.029539,0.041225,0.015409,-0.147438,-0.362416,0.075550,0.142291,0.181347,-0.019007,0.146788,-0.066633,-0.053076,-0.136952,-0.228693,0.039530,-0.067533,0.378915,#
11,-0.089343,0.198713,0.218206,0.066751,0.020786,-0.010893,0.293342,0.254654,0.166046,-0.102673,0.096413,1.000000,-0.002785,0.076046,-0.131950,-0.068903,0.008779,0.080143,-0.158686,-0.455829,0.034208,0.274441,-0.017829,-0.002597,0.120974,0.278497,-0.143581,0.307798,-0.000395,0.139565,0.157182,0.166385,0.023866,0.070917,0.041876,0.079358,0.209941,0.011847,0.038358,0.325111,-0.066697,-0.012452,0.278962,0.116263,0.046563,0.099326,0.030792,-0.045953,0.105986,-0.167627,-0.133291,0.312267,-0.083117,0.325083,0.033329,-0.046733,-0.429709,0.173127,0.118891,-0.007644,0.158814,-0.101473,0.068248,-0.147720,0.073736,0.284379,0.074017,0.168610,0.212755,0.151656,0.023408,0.086498,0.199962,0.004332,-0.076577,-0.118564,-0.024966,-0.109942,-0.009378,-0.156824,0.013031,0.103309,0.142314,-0.085561,0.142379,0.039737,-0.052160,0.197256,-0.039067,-0.038830,-0.118708,0.119088,0.130871,0.260457,0.100395,0.051336,-0.099545,-0.086430,0.175467,0.309759,0.055490,0.126954,-0.112321,0.097628,-0.141714,0.254684,0.030783,0.179678,0.146366,0.135258,0.080590,0.005557,-0.126644,0.024322,-0.064748,0.270022,0.057331,-0.010283,-0.202188,0.301446,-0.045850,-0.060056,-0.069880,0.027230,-0.138549,-0.086039,-0.021314,-0.015453,0.126894,-0.079835,0.016113,0.190503,0.165620,0.184157,-0.041288,-0.030503,-0.167642,0.303908,0.025555,0.236736,0.009518,-0.054505,-0.066782,0.034516,0.228794,0.093780,0.202374,-0.043003,0.053480,0.002870,0.228286,0.194166,0.002702,-0.142623,0.151118,0.125426,0.013538,-0.041668,0.211849,-0.033305,0.166206,0.279606,0.047454,0.093879,0.039252,0.005610,0.121192,0.057099,-0.145040,0.166243,0.035505,0.019909,0.043234,-0.156337,0.193102,-0.112535,-0.051674,-0.040294,-0.126796,0.182728,0.272088,-0.026262,0.206711,-0.186873,-0.071264,0.111323,-0.234225,0.000998,0.049043,0.409067,-0.075871,-0.123205,0.170674,0.352082,0.297154,-0.036331,0.140029,0.071661,-0.048431,0.094939,#
12,0.015561,0.056029,-0.007050,0.072165,-0.090480,0.069192,0.214446,-0.063756,0.118688,0.059124,-0.017650,-0.002785,1.000000,0.014640,0.228353,0.169264,0.246312,0.316942,0.337524,0.041929,0.066667,0.272389,0.032388,0.120609,-0.108303,0.049968,0.183401,0.315684,-0.059227,0.074757,-0.139817,0.172537,0.017926,0.049738,0.143933,0.210795,-0.065109,0.126821,0.062330,0.206629,0.009665,0.004869,0.227541,0.224017,0.256557,-0.023732,0.205207,-0.115528,0.165345,-0.012938,0.093289,-0.094889,-0.009806,0.129906,0.226617,0.190564,-0.120037,0.080080,-0.181013,-0.099755,0.186707,0.165512,-0.140633,0.343973,0.325696,0.200882,0.040258,0.166417,0.122311,0.082922,-0.015513,0.192519,0.352233,0.055893,0.216709,0.273925,0.098934,-0.247305,-0.067855,-0.071926,0.173028,-0.032140,-0.163984,0.073257,-0.080704,0.072970,0.132863,0.236615,0.109465,0.035836,-0.048813,-0.236935,0.022073,0.161172,0.103097,0.101998,0.354343,0.146632,-0.034535,-0.026947,0.079636,0.003236,0.149357,0.126917,0.115536,-0.137022,0.074064,-0.007022,-0.157734,-0.007544,0.163600,0.052080,0.035756,-0.184575,0.117278,-0.026749,0.409036,-0.211545,0.081894,-0.125783,0.189795,0.228857,0.123072,0.170402,0.034927,-0.258808,0.082443,-0.079361,-0.124908,-0.095122,0.110712,0.026126,-0.066504,0.149296,0.270610,-0.107697,0.241955,-0.049137,0.307397,0.020987,0.136602,0.215021,0.061464,-0.003342,-0.024095,0.106811,0.084682,0.236584,-0.032223,0.200340,0.103192,0.059787,0.213015,-0.114981,-0.076651,0.544996,-0.103083,-0.007957,-0.005182,0.024908,0.018525,0.304370,0.189186,0.269180,0.302569,0.067109,0.304129,0.081431,0.109260,0.011865,0.112927,0.203389,0.009102,0.107451,0.154888,0.081670,0.178719,0.020227,0.071803,0.177700,0.238208,0.101869,0.121812,-0.083178,0.095263,-0.099753,0.302074,0.221814,0.037148,-0.186909,0.100539,0.024278,0.163254,0.159132,0.053368,0.076189,0.014235,0.099821,0.112872,-0.001493,#
13,-0.229444,0.082505,-0.039102,-0.188910,-0.067686,-0.241618,0.108042,-0.034137,-0.125380,-0.277265,-0.186251,0.076046,0.014640,1.000000,0.202793,-0.151388,0.184337,-0.039188,0.003592,0.077605,0.165303,0.029582,-0.126162,-0.156409,-0.293880,0.191322,-0.033167,0.062810,-0.195391,0.003879,0.006809,-0.058629,-0.071746,-0.056763,-0.037048,-0.268416,0.017704,0.118334,-0.388324,0.092788,-0.305948,0.042423,0.023958,0.059092,0.130087,-0.038526,0.143745,-0.103318,0.124978,-0.184973,0.072857,-0.109368,-0.123132,0.356200,-0.127344,0.015021,-0.136897,0.051744,-0.116949,0.023002,0.080240,0.118014,0.028448,-0.024383,-0.047618,-0.120980,0.173376,0.076055,-0.004495,0.122544,0.069979,-0.024442,-0.122840,-0.081335,0.195060,0.139224,0.098515,0.122927,0.144680,0.064334,0.095924,0.141838,0.015192,0.072229,0.011897,0.148645,-0.029564,-0.082601,0.033571,-0.127248,-0.102763,-0.206065,-0.034634,0.183335,-0.014270,-0.213069,-0.037303,-0.010469,-0.133173,0.258765,-0.156868,0.133631,0.281937,0.187763,-0.142611,0.007501,0.043364,0.095232,0.303342,0.282716,-0.112407,0.040385,0.349541,-0.023239,0.266734,0.066449,0.082734,-0.029915,-0.112106,0.137740,0.144178,0.061277,0.067203,-0.069845,0.163782,-0.245126,-0.175616,-0.280819,0.003637,-0.145473,-0.248372,0.076803,0.018959,-0.052436,0.001442,-0.227359,0.116029,0.062491,-0.050686,0.210780,-0.304801,0.010447,0.246231,0.050934,0.011712,0.102775,-0.075782,0.011484,-0.030294,-0.263180,0.085852,0.037386,-0.034795,0.154916,0.065564,-0.029240,-0.094117,-0.007594,-0.081143,0.178623,-0.089123,0.075200,-0.055260,0.079517,0.019944,0.002454,-0.012106,-0.150584,-0.183761,-0.145776,-0.053654,-0.000171,-0.011975,0.116905,0.038853,-0.164780,0.041079,-0.033367,0.042917,-0.204213,-0.183269,0.176889,0.031612,-0.088573,0.335662,0.189154,0.136225,-0.123359,-0.395363,0.059330,0.039220,0.032933,-0.103374,0.147208,0.033272,0.145947,0.108879,-0.193396,0.105946,-0.075894,#
14,0.225775,-0.063957,-0.182347,0.185725,0.051440,-0.039343,0.027572,0.175846,0.222360,0.023769,0.076762,-0.131950,0.228353,0.202793,1.000000,0.181946,0.162603,0.276145,0.219984,0.465119,0.175683,-0.192806,0.171442,0.195408,-0.094755,-0.043662,0.207438,0.055167,-0.049707,0.007345,-0.094332,0.219176,0.000811,-0.026553,-0.028901,0.008693,-0.198694,0.005668,0.035311,0.180691,-0.036248,-0.152779,0.195874,-0.105318,0.255781,0.146802,0.130642,-0.264017,-0.044636,0.246470,0.186772,-0.137541,0.165024,0.255347,0.284153,0.213425,0.126623,0.103220,0.134089,0.080993,0.169995,0.275463,0.135596,0.169047,0.053001,-0.188185,0.299945,0.151631,-0.113796,0.264456,-0.078001,-0.010704,-0.046526,-0.029928,0.309000,0.111407,0.164493,0.005136,-0.014406,0.006000,0.067611,0.021374,0.020669,0.102546,0.032097,0.101891,-0.102916,-0.025494,0.012601,-0.098663,-0.118082,-0.022318,0.175012,-0.021114,0.042832,0.161154,0.172029,0.166708,-0.276885,-0.000605,0.216756,0.120444,0.061496,0.393640,0.290894,-0.182753,0.186591,0.021340,-0.102864,0.018308,-0.000587,-0.243253,0.127318,0.011829,0.130168,-0.025000,0.172134,-0.211653,0.005743,-0.017638,0.263045,0.163809,-0.330056,-0.084495,0.105293,-0.111732,0.033539,-0.058989,-0.197607,0.204124,-0.073532,-0.132625,0.073744,0.063479,0.022028,0.004038,-0.138138,0.049495,-0.038672,-0.152795,-0.000182,0.192878,0.216948,0.023074,-0.191736,0.157100,0.058289,-0.068081,-0.272445,-0.057314,0.153558,0.234780,0.007586,0.104604,0.139772,0.177724,0.105073,0.033262,-0.164731,0.141005,0.090909,-0.003481,0.175599,0.004733,0.069727,0.008751,-0.022321,-0.077872,0.014909,0.053037,0.024197,-0.074675,0.108272,-0.077320,0.020703,-0.216717,0.097502,0.059488,0.101148,0.014938,-0.004612,0.076460,0.015513,0.148958,0.112025,-0.022315,0.036387,-0.104491,-0.107647,-0.044916,0.030330,-0.010288,-0.001324,-0.099289,0.048835,-0.008960,-0.167235,-0.108746,0.086832,0.041272,#
15,0.276233,-0.053960,0.138938,0.131475,0.045958,-0.087435,0.150749,-0.109830,0.317964,0.253971,0.187806,-0.068903,0.169264,-0.151388,0.181946,1.000000,0.200785,0.023483,0.161424,0.069466,-0.175503,0.007852,0.292489,0.236575,0.006232,0.080487,0.079840,-0.008777,0.004089,0.144600,-0.049556,0.284008,0.042741,0.140263,0.110039,0.165395,0.032497,-0.048439,0.118070,-0.044193,0.031228,0.072997,0.100879,0.157400,0.107521,0.050606,-0.246750,0.120330,0.060337,0.299857,-0.184204,0.221250,0.191705,0.187608,0.115288,0.133100,-0.060423,0.095228,0.252155,0.253937,0.103927,-0.040581,0.202967,-0.022890,0.019072,0.302183,0.007534,0.069009,-0.041685,-0.063292,0.116933,0.032151,-0.096219,-0.076854,0.206099,-0.050359,0.131539,-0.043044,0.005469,-0.191585,0.219050,-0.064387,-0.379213,0.211291,0.270952,0.151329,-0.091849,0.384281,0.003605,0.179463,0.092817,0.083641,-0.046443,-0.118858,0.195334,0.196918,0.350319,-0.177715,-0.009101,0.058949,0.271625,0.174183,-0.046555,0.192170,0.082593,-0.036180,0.095692,0.045318,-0.054156,0.062234,-0.036559,0.053148,-0.091509,-0.067886,-0.006613,0.099831,-0.208917,-0.116995,-0.010816,-0.203345,0.262339,0.028800,0.094691,0.091595,0.036584,0.172112,0.035772,0.457344,-0.191768,0.302317,-0.057157,-0.038838,0.015678,0.195168,0.062204,0.041355,-0.123675,-0.142361,0.167499,-0.196494,0.011517,0.182717,0.134324,-0.062431,0.024346,-0.087689,-0.011576,0.038794,0.223237,0.039602,-0.042259,0.007548,0.170790,0.092204,-0.011653,0.061090,0.208082,0.091877,0.011103,0.075911,0.061006,-0.078390,0.160423,0.088942,0.072999,0.249274,0.153154,0.049575,0.291665,-0.039855,-0.027286,0.127100,-0.188943,-0.086552,0.190016,0.005316,0.277974,0.117805,-0.128638,0.112405,0.197145,0.008014,0.082651,0.164397,-0.042091,0.170426,0.022887,0.194661,-0.170718,-0.061793,-0.158493,-0.070033,0.115972,-0.140330,-0.083771,0.073575,0.109967,0.063641,0.063090,-0.266344,#
16,0.259003,-0.005231,-0.155370,0.081073,-0.134011,-0.069528,-0.069162,0.000131,-0.163209,-0.174788,0.078558,0.008779,0.246312,0.184337,0.162603,0.200785,1.000000,0.061212,0.185726,0.293431,-0.081052,-0.082279,0.040768,0.054438,-0.119922,0.047083,0.110129,-0.022603,-0.236451,0.434456,-0.176559,0.096937,-0.027373,0.231550,0.251626,0.168691,-0.085348,0.142357,0.000174,-0.013775,-0.064374,0.014851,0.012722,0.164070,0.135143,0.083496,-0.050202,0.174971,-0.123439,0.177937,0.047180,-0.035857,0.316951,0.253946,-0.087979,0.121093,-0.072614,0.053716,-0.056877,0.049716,-0.003459,0.229593,0.143547,0.223514,0.176415,0.015301,-0.057381,0.221769,-0.102674,0.277839,-0.217718,0.285876,0.165824,-0.045111,-0.024693,0.079707,-0.090010,0.189746,-0.071851,0.113654,0.022318,0.060448,-0.072502,0.331605,0.130868,0.134217,0.078660,0.259571,0.268801,0.085060,0.033011,-0.012325,0.148306,-0.022465,0.007909,0.079753,0.195474,-0.173924,-0.100179,0.180670,-0.054714,-0.008456,0.064628,0.032276,0.015481,-0.069966,0.285061,0.263258,0.003889,0.061909,-0.131004,0.023423,0.114858,0.026958,0.113350,-0.104795,0.111075,0.019450,0.147156,0.066852,0.312004,0.232633,0.273075,0.209732,0.188584,-0.249352,0.018647,-0.049726,-0.058148,0.191245,-0.063325,0.008900,0.074554,-0.371236,0.163909,0.126117,-0.026369,0.218921,-0.071182,0.043423,-0.023455,0.019282,0.100695,0.028775,0.057166,-0.031983,-0.023188,0.041092,0.101636,0.214317,-0.198396,0.190366,-0.120464,-0.003285,-0.024062,0.244276,0.102448,0.095986,0.023164,0.136225,0.000279,0.161107,-0.038291,0.069487,0.155912,0.046580,0.044992,0.110953,-0.004593,-0.007211,0.055142,0.042110,-0.245369,-0.078283,0.123714,0.143118,0.076291,0.028800,0.019310,-0.038279,-0.002262,0.043126,0.116874,-0.246812,0.094472,0.115060,0.226198,0.143683,-0.011094,-0.069045,0.183153,0.048702,-0.303108,-0.028813,-0.004185,0.217139,0.125053,-0.053132,-0.190807,-0.154004,#
17,0.209037,0.046565,-0.001766,0.272056,0.173483,0.018551,0.106935,0.146968,0.095968,-0.018924,0.033747,0.080143,0.316942,-0.039188,0.276145,0.023483,0.061212,1.000000,0.114975,0.037486,0.084066,0.083986,-0.021741,0.269721,-0.224670,-0.065209,0.075997,-0.132552,-0.073344,0.054890,0.134747,-0.013496,0.259788,-0.050101,0.074947,0.103552,-0.223888,0.297378,0.198123,0.221759,0.093524,0.034277,0.112756,0.173815,0.026685,0.111466,0.198913,0.029626,-0.010651,-0.044546,0.190040,-0.022046,-0.009588,0.093257,0.170821,0.135936,0.065083,-0.090368,0.061839,-0.141406,0.173561,0.134174,-0.267300,0.136530,0.166163,0.324464,0.179380,0.285576,0.034546,0.192571,-0.001285,0.429215,0.117011,0.003695,0.168037,0.131337,0.102045,-0.193223,0.016651,0.004929,-0.082698,-0.027669,0.031058,0.003972,0.022670,-0.023861,0.230080,0.123134,0.047469,0.115263,0.041735,-0.246537,0.156079,-0.069286,0.066285,0.208435,-0.016075,0.103913,0.007027,0.132653,0.119917,-0.073041,-0.035593,0.161182,0.154070,0.043255,0.027269,-0.012048,0.200087,-0.117348,0.130332,-0.086101,0.077624,0.069524,0.107599,-0.023570,0.164956,-0.143491,0.097949,-0.086555,0.067529,0.174829,-0.080641,0.074995,0.341410,0.065373,-0.025152,0.031044,0.003486,0.113799,0.205149,0.122725,0.120171,0.046485,-0.102798,0.132780,0.178983,0.067473,0.049367,0.191999,0.258773,0.122974,0.092728,0.097951,0.080387,0.296539,-0.094747,0.143682,-0.141914,0.047359,0.167130,0.011051,-0.110999,0.102601,0.342554,0.123019,0.019046,0.199947,0.144844,-0.044052,0.024486,0.076689,0.092738,0.238433,0.001779,0.033280,0.017608,0.070868,0.035218,-0.142728,0.103392,-0.019665,0.106243,-0.091521,0.120371,0.037121,0.197016,-0.091856,-0.212252,0.265044,0.229562,0.112293,0.050291,0.127389,-0.031781,0.109044,0.177803,-0.135690,0.225634,-0.018548,-0.048767,0.323782,0.103719,0.120167,0.096391,0.194738,-0.030100,0.086193,-0.199224,0.131463,#
18,0.277100,-0.109635,-0.087269,0.227275,-0.030198,-0.119203,0.023700,-0.251410,-0.083147,0.024317,0.156985,-0.158686,0.337524,0.003592,0.219984,0.161424,0.185726,0.114975,1.000000,0.189831,0.104235,0.050771,0.167406,0.298202,-0.056257,0.054337,-0.068542,0.072685,0.059682,-0.154485,-0.095905,-0.067447,0.230307,0.172628,0.308832,0.189915,0.056551,0.107608,0.057134,0.333279,0.156627,-0.067971,0.204682,-0.016056,0.082285,-0.106233,-0.143307,-0.029459,-0.104379,0.190529,0.023546,0.169162,-0.034668,-0.091754,0.157060,0.068087,-0.056818,-0.071941,-0.014081,-0.029342,0.025724,0.129690,0.174447,0.167446,0.382737,0.042861,0.198834,0.002314,-0.213504,0.034892,-0.119032,-0.035358,-0.163947,-0.297674,0.144482,0.233537,0.134470,0.032486,-0.011616,-0.126481,0.044791,-0.061195,0.093908,0.078683,-0.041275,-0.065641,0.171062,0.051466,0.016314,0.130853,0.126566,-0.136600,-0.036638,-0.102103,0.000067,0.404673,0.285170,-0.157466,0.134037,0.146171,-0.055607,0.054806,0.122074,-0.030055,0.357050,-0.093120,0.090036,-0.040288,-0.013635,-0.165435,0.142994,0.059135,0.046528,-0.180797,0.068641,0.007982,-0.047952,-0.395784,0.005257,0.049027,0.115457,-0.044425,0.091579,-0.117694,-0.020622,-0.139485,-0.060732,0.174391,-0.012047,0.073279,-0.075007,0.123733,-0.223951,0.108149,0.027258,-0.068850,0.150905,0.133517,-0.142165,0.071218,-0.053507,0.038561,0.190365,0.059227,0.102021,0.215174,-0.103762,0.008510,-0.135720,0.052920,-0.036420,0.008791,-0.023813,0.071875,0.055843,-0.040055,0.185116,-0.082558,-0.080135,0.092125,0.206821,0.173630,0.208875,0.110231,-0.036680,0.317059,0.116597,0.164914,0.200068,0.236807,-0.242097,-0.051087,-0.072459,0.222861,-0.014987,0.248348,0.314987,0.036371,0.026989,-0.212056,-0.068417,-0.012474,0.162562,-0.033946,0.070812,-0.089639,0.344198,0.123365,-0.065777,-0.201411,-0.058661,-0.129769,0.094973,0.068035,0.130002,0.195444,0.078475,-0.092711,0.131462,-0.106238,#
19,0.087315,-0.133206,-0.101233,-0.034234,0.223581,0.175106,-0.142669,-0.045177,-0.171803,-0.005998,0.146028,-0.455829,0.041929,0.077605,0.465119,0.069466,0.293431,0.037486,0.189831,1.000000,0.099551,-0.259736,0.044726,-0.110335,-0.086481,0.036999,0.037412,-0.040206,-0.082811,0.120124,0.151234,-0.017859,0.012252,0.031793,0.011252,0.109087,-0.120604,0.006350,0.078143,0.022214,-0.016071,-0.013241,-0.074642,-0.058624,-0.045671,-0.014934,0.159810,-0.006018,-0.191316,0.330969,0.139024,-0.219214,0.085405,-0.034384,0.052935,0.352541,0.175825,-0.150966,0.031354,0.215096,0.034947,0.320811,0.118982,0.296041,0.228825,-0.241202,0.214168,0.136742,-0.436849,0.054334,0.130573,0.117894,-0.022719,0.064863,0.172118,0.223731,0.088913,0.132423,0.220483,0.078581,0.147036,0.089447,0.142763,0.173949,-0.034271,0.188912,-0.138132,0.187475,0.061273,-0.138749,-0.017402,-0.110226,0.115388,-0.080949,-0.141341,0.187698,0.189900,0.152518,-0.300288,-0.099865,0.017281,0.084717,0.110217,0.076446,0.195775,0.094896,0.088791,0.166138,-0.078937,-0.122755,-0.133516,-0.000104,0.148122,0.029325,0.081651,-0.129350,0.200908,0.106469,0.122498,-0.367163,0.192084,0.233203,-0.144514,0.180414,0.217524,-0.254481,0.144195,-0.074358,0.027493,0.212142,0.085383,-0.043221,-0.008256,-0.123472,0.199038,0.083526,-0.156405,0.197574,-0.023809,-0.164064,-0.078602,0.219431,0.145194,0.146020,-0.041514,0.115044,-0.080336,0.070469,-0.096643,-0.085747,0.055277,0.261120,0.039043,0.121751,0.214717,-0.089477,0.088398,-0.199113,-0.059588,0.076761,0.237510,-0.271316,0.138122,0.031954,0.111267,-0.064531,0.008583,0.140580,0.098248,-0.007792,0.008974,0.056567,0.273227,0.120895,-0.048712,-0.066019,0.138916,0.038521,0.208601,-0.101486,-0.067922,-0.097574,0.181663,0.230714,0.058979,0.072797,0.059227,-0.130477,-0.027434,-0.028227,0.195534,0.199193,-0.218444,-0.260633,-0.088719,0.098220,-0.250727,0.051531,0.227985,0.093976,#
20,0.023506,0.083591,0.091167,0.052139,0.347226,-0.057292,0.091599,-0.116868,-0.198980,0.097837,0.029950,0.034208,0.066667,0.165303,0.175683,-0.175503,-0.081052,0.084066,0.104235,0.099551,1.000000,0.192788,0.007760,0.071439,0.021000,0.242348,0.123071,-0.168023,0.055506,-0.156663,-0.092376,-0.227908,0.057586,0.090654,0.053804,0.067579,0.090818,0.331824,0.290999,0.306809,-0.010393,0.068387,0.044366,-0.218244,0.138965,0.101064,0.322808,-0.096784,-0.159515,0.118967,-0.203794,-0.077958,-0.173181,0.218585,0.368027,0.211935,0.139515,0.164503,-0.065922,-0.097984,0.064439,0.328821,0.014006,-0.021483,-0.215112,-0.118538,-0.053798,0.233841,-0.038961,0.215282,0.380941,0.291032,0.147281,0.019153,0.023560,-0.100922,0.048615,-0.024028,0.078876,-0.036764,0.049553,0.135206,0.152464,-0.046077,0.202653,-0.002381,0.013989,0.015601,0.332705,-0.065458,0.104650,-0.010278,-0.000318,0.243409,0.298054,-0.054435,-0.073067,0.142016,-0.002703,-0.021935,0.281434,0.085798,0.171612,-0.139453,0.139497,0.074464,0.145622,0.078526,0.084508,0.156470,0.209981,0.375257,0.117045,-0.212591,-0.034505,0.212756,0.345423,0.150007,0.088458,0.151034,-0.093089,0.148886,-0.103976,0.061142,0.044609,-0.045724,0.015244,-0.051645,0.375151,0.042794,0.263750,0.032143,-0.144364,0.195754,0.035099,-0.252743,0.097005,-0.104218,-0.030258,0.040058,0.216472,0.140686,0.251088,0.201179,0.067593,0.101747,0.011779,0.008184,-0.220506,0.141173,0.227977,0.156194,-0.069389,0.254513,0.103661,0.073035,-0.153929,-0.145210,-0.220304,0.112861,0.101460,0.115826,0.122434,0.111488,0.074602,-0.064285,-0.153632,0.115902,0.046392,0.055580,0.064959,-0.262566,0.134712,0.021227,0.049453,0.114062,-0.007550,0.050291,0.173849,-0.014498,0.002055,0.054236,-0.097671,-0.068574,0.206529,-0.145602,0.192673,0.089889,0.074511,0.318277,-0.090349,0.029765,-0.208859,0.231702,-0.020433,0.128911,-0.003200,0.120942,0.257677,0.241191,#
