0,1.000000,0.411122,0.539264,0.455457,0.244410,0.513985,0.348556,0.463310,0.427053,0.421856,0.375444,0.618550,0.471688,0.344335,0.702645,0.366982,0.358623,0.522080,0.473318,0.393852,0.437625,0.361494,0.568143,0.480911,0.364441,0.480595,0.374492,0.511821,0.400747,0.539515,0.494403,0.315587,0.411402,0.381645,0.582054,0.463120,0.486436,0.474120,0.474623,0.498870,0.540632,0.376864,0.541987,0.492465,0.401188,0.330372,0.529474,0.592711,0.432708,0.606244,0.300946,0.365187,0.497996,0.509733,0.529777,0.411778,0.282484,0.482006,0.362840,0.479966,0.513921,0.385632,0.458173,0.439242,0.348302,0.635799,0.500617,0.510506,0.447477,0.323391,0.435863,0.354349,0.466967,0.441497,0.558977,0.302155,0.503763,0.571114,0.436744,0.348516,0.502423,0.223923,0.431034,0.430965,0.591178,0.557961,0.257868,0.345698,0.274185,0.380965,0.459854,0.534630,0.482080,0.584403,0.545088,0.467830,0.353014,0.425920,0.466460,0.436037,0.416684,0.427105,0.399035,0.397790,0.427587,0.355396,0.336180,0.469446,0.508269,0.367161,0.527887,0.414048,0.491901,0.184737,0.415348,0.562918,0.265110,0.196965,0.445585,0.437261,0.222893,0.678438,0.490093,0.509214,0.377420,0.302447,0.383772,0.327270,0.353427,0.358521,0.277279,0.472988,0.406147,0.277858,0.456810,0.357286,0.441728,0.422451,0.408675,0.483769,0.401988,0.436600,0.312353,0.560832,0.643816,0.287674,0.392620,0.402525,0.467079,0.637584,0.481029,0.178845,0.434391,0.559087,0.186267,0.427774,0.327385,0.446946,0.459204,0.522030,0.561139,0.501288,0.352773,0.456376,0.282877,0.428402,0.517611,0.467238,0.458686,0.455760,0.481221,0.396079,0.433992,0.511927,0.595029,0.185841,0.483156,0.479398,0.474220,0.539201,0.274291,0.516764,0.417370,0.365680,0.355061,0.285300,0.472898,0.526789,0.403459,0.483666,0.501595,0.578969,0.524404,0.427947,0.238720,0.463893,0.390780,0.457848,0.619359,0.353877,#
1,0.411122,1.000000,0.293079,0.498833,0.430584,0.553079,0.239872,0.323677,0.327894,0.398840,0.365992,0.469595,0.393206,0.369788,0.543508,0.424437,0.229239,0.257329,0.332035,0.429810,0.444050,0.627244,0.576751,0.567579,0.410083,0.228036,0.499155,0.438160,0.279682,0.145097,0.467472,0.395862,0.366631,0.525741,0.439577,0.411806,0.306486,0.437855,0.425669,0.435452,0.400565,0.350356,0.338529,0.482626,0.238211,0.366439,0.577388,0.423864,0.428929,0.495591,0.409779,0.480820,0.578257,0.308276,0.500081,0.373340,0.300032,0.524217,0.544105,0.493502,0.226155,0.448076,0.196238,0.116919,0.359865,0.445302,0.472982,0.574729,0.449192,0.440420,0.309428,0.332625,0.540155,0.291952,0.312193,0.421132,0.377075,0.404771,0.486787,0.318622,0.386794,0.344948,0.602905,0.479710,0.472029,0.404287,0.261982,0.354098,0.497189,0.530376,0.392199,0.431169,0.429579,0.390669,0.220781,0.304134,0.431655,0.427459,0.294201,0.369789,0.354740,0.607418,0.225993,0.349620,0.274317,0.266628,0.279721,0.431070,0.340522,0.163286,0.469352,0.353765,0.339880,0.258715,0.463234,0.404329,0.471122,0.436516,0.371773,0.363469,0.475888,0.476060,0.478760,0.367603,0.192792,0.289318,0.403166,0.429986,0.479374,0.532283,0.270430,0.461285,0.271800,0.390950,0.528351,0.319432,0.352391,0.265165,0.414921,0.167997,0.324747,0.406172,0.420229,0.311473,0.365065,0.392582,0.389738,0.238142,0.454338,0.559278,0.431091,0.371639,0.436763,0.426286,0.248130,0.278002,0.339066,0.474178,0.348017,0.356038,0.341799,0.555739,0.421884,0.515194,0.469567,0.384138,0.349717,0.497195,0.244018,0.449718,0.331050,0.382991,0.376708,0.550653,0.305997,0.060711,0.441169,0.411057,0.460111,0.592093,0.241963,0.459091,0.336304,0.178159,0.302894,0.409035,0.422079,0.149965,0.321929,0.300299,0.427722,0.179579,0.332749,0.242145,0.507305,0.244355,0.359135,0.396187,0.431801,0.400930,#
2,0.539264,0.293079,1.000000,0.357709,0.220146,0.408947,0.229935,0.501725,0.321379,0.310865,0.391613,0.323709,0.347937,0.336515,0.571107,0.265246,0.334934,0.285647,0.269506,0.414586,0.203690,0.436327,0.398147,0.545359,0.254653,0.274926,0.409514,0.433989,0.571148,0.529130,0.375935,0.109346,0.279560,0.349892,0.349137,0.457745,0.539639,0.367426,0.538338,0.202368,0.413602,0.426493,0.404058,0.317511,0.235415,0.344946,0.602009,0.303751,0.361120,0.627642,0.218900,0.355177,0.418769,0.500774,0.549386,0.296438,0.314492,0.344481,0.340526,0.299243,0.417940,0.458818,0.450926,0.375248,0.394633,0.605908,0.443010,0.277851,0.413488,0.239680,0.394817,0.283873,0.527995,0.296921,0.494826,0.510926,0.465294,0.471361,0.297182,0.439136,0.416393,0.311273,0.478857,0.405010,0.476606,0.564086,0.356294,0.308862,0.377313,0.337376,0.334128,0.627991,0.435397,0.243839,0.469453,0.403932,0.376766,0.359065,0.563805,0.496227,0.301167,0.371377,0.271336,0.349342,0.242392,0.529238,0.404251,0.383784,0.512559,0.348814,0.456742,0.217431,0.545346,0.293910,0.424227,0.352849,0.271079,0.290831,0.593402,0.310824,0.357296,0.416677,0.373704,0.280922,0.482459,0.226117,0.456285,0.262473,0.357695,0.428924,0.464082,0.543053,0.425260,0.440579,0.313660,0.396821,0.308609,0.307749,0.385086,0.118448,0.420569,0.391863,0.075691,0.268126,0.363739,0.480616,0.373345,0.314718,0.279547,0.476982,0.459634,0.273029,0.333392,0.456957,0.097235,0.475993,0.401243,0.294992,0.325198,0.282923,0.258511,0.249079,0.277784,0.433157,0.266675,0.381289,0.648991,0.470540,0.257819,0.308669,0.324048,0.414007,0.322272,0.340926,0.472715,0.122195,0.188429,0.417744,0.410034,0.315827,0.213363,0.462746,0.314238,0.394028,0.170594,0.265678,0.315797,0.347789,0.451213,0.344480,0.403186,0.426487,0.544828,0.224824,0.224771,0.525548,0.385817,0.500969,0.340715,0.319366,#
3,0.455457,0.498833,0.357709,1.000000,0.379037,0.472421,0.310405,0.362737,0.359393,0.419473,0.376608,0.439455,0.524496,0.231757,0.536048,0.528444,0.361271,0.287488,0.421704,0.365188,0.346744,0.613551,0.365504,0.432486,0.463947,0.465146,0.389024,0.403868,0.438698,0.268714,0.487118,0.470850,0.416458,0.554846,0.481904,0.383674,0.403562,0.423722,0.263577,0.337042,0.415058,0.405059,0.390862,0.346283,0.314653,0.546366,0.521036,0.475737,0.602431,0.533640,0.306405,0.230219,0.477667,0.382630,0.428834,0.407248,0.138083,0.377370,0.638838,0.401346,0.349227,0.449691,0.227706,0.334456,0.446861,0.541556,0.279954,0.496516,0.359666,0.468737,0.422068,0.539883,0.461810,0.402357,0.421322,0.356561,0.359940,0.434803,0.456556,0.517961,0.401543,0.135795,0.447548,0.509624,0.503265,0.472804,0.283124,0.318816,0.377970,0.497648,0.275558,0.423445,0.570004,0.487009,0.443567,0.447295,0.351858,0.274166,0.291963,0.345669,0.292340,0.313603,0.166462,0.302731,0.356332,0.433750,0.457625,0.534240,0.349765,0.317229,0.472919,0.299981,0.374502,0.379567,0.508457,0.421928,0.336042,0.280418,0.467399,0.296633,0.258424,0.397619,0.376808,0.319960,0.345189,0.302370,0.542511,0.272176,0.400796,0.465671,0.084518,0.471543,0.165987,0.544386,0.603329,0.441130,0.541373,0.272698,0.330354,0.225060,0.388371,0.332701,0.293924,0.366738,0.331326,0.452419,0.299834,0.319103,0.322392,0.414862,0.363505,0.221364,0.402944,0.440350,0.314623,0.366672,0.420401,0.337963,0.300894,0.413413,0.410765,0.477228,0.333810,0.569158,0.363051,0.385341,0.315174,0.425455,0.376295,0.381411,0.375272,0.423870,0.344354,0.517320,0.294611,0.415652,0.258380,0.376198,0.466724,0.448296,0.203666,0.591687,0.331550,0.302299,0.156958,0.299884,0.358615,0.216578,0.554244,0.442632,0.280629,0.308749,0.351887,0.332465,0.289694,0.390751,0.380750,0.296870,0.416306,0.503396,#
4,0.244410,0.430584,0.220146,0.379037,1.000000,0.527298,0.333044,0.159167,0.048007,0.353917,0.385515,0.312172,0.191198,0.384933,0.393063,0.387595,0.265249,0.304761,0.313269,0.471622,0.256055,0.400512,0.198578,0.432207,0.241737,0.202785,0.311896,0.440834,0.191595,0.241063,0.530351,0.167185,0.437988,0.277555,0.239196,0.242151,0.249049,0.246673,0.296323,0.462135,0.287177,0.449206,0.303591,0.395606,0.311152,0.388189,0.427746,0.289016,0.400851,0.501463,0.097855,0.216472,0.364956,0.096895,0.357079,0.356942,0.155130,0.254243,0.516943,0.523601,0.219872,0.424919,0.229064,0.272326,0.351469,0.284934,0.318564,0.349053,0.269543,0.318777,0.494686,0.634734,0.343455,0.217248,0.197497,0.336832,0.309648,0.434730,0.443943,0.249727,0.243520,0.144522,0.492453,0.225825,0.486070,0.210221,0.222741,0.241434,0.434774,0.586946,0.211509,0.153081,0.273034,0.406742,0.203210,0.194053,0.270582,0.211106,0.149046,0.255426,0.477974,0.414708,0.269971,0.234208,0.403074,0.258368,0.301864,0.313014,0.273247,0.290366,0.281091,0.284590,0.509933,0.483321,0.291893,0.293659,0.296371,0.455434,0.261059,0.152737,0.277482,0.501462,0.473981,0.393376,0.295335,0.311987,0.248200,0.087911,0.589789,0.400735,0.429455,0.416042,0.130194,0.369651,0.462092,0.428457,0.285923,0.353899,0.268433,0.081685,0.215484,0.406663,0.239332,0.326573,0.230949,0.333437,0.366926,0.061347,0.274361,0.418209,0.392159,0.497768,0.370680,0.216638,0.375035,0.260257,0.396267,0.244504,0.355465,0.189754,0.225949,0.408428,0.383455,0.497119,0.313821,0.238772,0.269263,0.377518,0.252932,0.301077,0.191731,0.325319,0.261889,0.386102,0.478329,0.342391,0.042001,0.308050,0.272919,0.396314,0.416641,0.453135,0.445388,0.255223,0.338822,0.301687,0.168583,0.463136,0.280835,0.116100,0.342101,0.122875,0.240703,0.355570,0.430277,0.223861,0.429562,0.267107,0.329713,0.330680,#
5,0.513985,0.553079,0.408947,0.472421,0.527298,1.000000,0.306027,0.450078,0.343957,0.458139,0.290406,0.403029,0.433257,0.378320,0.454252,0.366617,0.269089,0.324320,0.437043,0.403379,0.369102,0.463161,0.404688,0.451099,0.401886,0.408696,0.442309,0.675178,0.294938,0.373491,0.403529,0.319525,0.407852,0.536173,0.369587,0.481215,0.404244,0.316500,0.430667,0.465382,0.382999,0.363111,0.335023,0.501012,0.350703,0.324602,0.479211,0.540592,0.422913,0.540355,0.390477,0.204805,0.553420,0.436412,0.446560,0.530950,0.287482,0.357978,0.627895,0.609848,0.169568,0.391487,0.279963,0.393962,0.241668,0.425844,0.384054,0.414294,0.429656,0.530974,0.512248,0.484798,0.578186,0.378165,0.329120,0.341903,0.433609,0.545915,0.438500,0.242969,0.420676,0.390073,0.537505,0.455863,0.500748,0.479046,0.322083,0.340303,0.456316,0.559560,0.370625,0.347282,0.396035,0.393188,0.317869,0.241892,0.423495,0.428947,0.485550,0.341430,0.548643,0.476002,0.410387,0.460172,0.383813,0.364251,0.384075,0.554647,0.383340,0.398912,0.450656,0.424423,0.396773,0.271328,0.375363,0.330727,0.482667,0.488928,0.419814,0.307527,0.292771,0.552022,0.555903,0.542560,0.302902,0.375998,0.504040,0.196425,0.500779,0.394391,0.438657,0.588774,0.427728,0.577015,0.399393,0.265036,0.371026,0.436715,0.338911,0.227716,0.297204,0.389854,0.380485,0.458932,0.607375,0.298766,0.320666,0.354038,0.372590,0.713715,0.478187,0.481036,0.428690,0.428621,0.149072,0.419593,0.348094,0.466100,0.504041,0.418943,0.402090,0.589620,0.477850,0.507159,0.413236,0.371633,0.389974,0.575834,0.261134,0.324451,0.628191,0.473581,0.452959,0.361147,0.289566,0.302608,0.337749,0.528130,0.562459,0.509107,0.424677,0.536891,0.280135,0.311393,0.296890,0.288177,0.227801,0.460574,0.625595,0.403502,0.364544,0.520710,0.395959,0.409145,0.387959,0.293807,0.373687,0.478258,0.505769,0.494861,#
6,0.348556,0.239872,0.229935,0.310405,0.333044,0.306027,1.000000,0.299612,0.373936,0.495186,0.408666,0.456810,0.396834,0.471526,0.294887,0.543513,0.353014,0.414070,0.393815,0.252527,0.362427,0.346830,0.312274,0.273051,0.470079,0.505901,0.322711,0.396905,0.334769,0.391587,0.439222,0.391775,0.615767,0.499842,0.209512,0.385134,0.539953,0.341937,0.389388,0.280760,0.476178,0.400238,0.477474,0.488172,0.376566,0.207816,0.495734,0.524695,0.568116,0.613435,0.360906,0.334424,0.450816,0.054616,0.483041,0.278914,0.423784,0.492055,0.519950,0.286729,0.539653,0.388642,0.357672,0.269378,0.489323,0.394235,0.417561,0.511111,0.402976,0.184325,0.482724,0.611960,0.393404,0.295223,0.287558,0.410649,0.442693,0.591119,0.513250,0.254725,0.521487,0.306315,0.311651,0.591030,0.440559,0.290735,0.344838,0.446332,0.373723,0.525272,0.367662,0.353941,0.344893,0.459793,0.305000,0.272624,0.420164,0.436848,0.308481,0.306562,0.374808,0.417235,0.359266,0.433154,0.462247,0.286576,0.374168,0.386396,0.437399,0.146353,0.284520,0.375117,0.371781,0.215038,0.233254,0.357305,0.175444,0.288054,0.256946,0.352488,0.229560,0.449033,0.365655,0.445543,0.363616,0.280951,0.215643,0.310284,0.441226,0.294393,0.449531,0.391006,0.112811,0.193901,0.388755,0.384284,0.383375,0.400227,0.427825,0.352995,0.340602,0.398043,0.177809,0.393402,0.351911,0.434261,0.505824,0.349908,0.350875,0.417832,0.333510,0.382507,0.198080,0.189367,0.174208,0.202501,0.431269,0.082034,0.282434,0.506816,0.410576,0.403081,0.170501,0.426652,0.356581,0.307148,0.518326,0.176532,0.342601,0.364831,0.398740,0.415555,0.199610,0.300006,0.405877,0.501272,0.275799,0.348313,0.328515,0.438947,0.302884,0.403434,0.436909,0.333982,0.298358,0.325046,0.347184,0.271085,0.350554,0.397018,0.390374,0.361694,0.270463,0.234228,0.441733,0.590348,0.542254,0.400946,0.350424,0.408872,#
7,0.463310,0.323677,0.501725,0.362737,0.159167,0.450078,0.299612,1.000000,0.512558,0.339140,0.439752,0.265091,0.452915,0.308002,0.494450,0.306309,0.168999,0.343652,0.252512,0.363983,0.376907,0.294295,0.479228,0.360703,0.286728,0.491420,0.359032,0.417822,0.410813,0.529937,0.310774,0.280157,0.178827,0.419312,0.402574,0.543707,0.417963,0.296038,0.377738,0.348527,0.300266,0.464954,0.345521,0.329833,0.274085,0.257975,0.439499,0.437957,0.505768,0.448190,0.393271,0.309819,0.525939,0.575441,0.422424,0.301302,0.323886,0.278978,0.451408,0.467915,0.159376,0.415894,0.375654,0.465427,0.399006,0.528220,0.528601,0.367813,0.475897,0.176665,0.481624,0.400475,0.429976,0.366346,0.363433,0.381996,0.439647,0.477522,0.261977,0.241694,0.431556,0.197814,0.496827,0.324746,0.433577,0.430136,0.459071,0.298390,0.311302,0.355107,0.346332,0.514749,0.371624,0.206392,0.370997,0.287459,0.408385,0.440363,0.477559,0.303011,0.237205,0.322178,0.279388,0.297246,0.303031,0.218675,0.301603,0.449644,0.402953,0.329936,0.555638,0.350783,0.458538,0.315230,0.233650,0.424097,0.210546,0.285107,0.382649,0.360226,0.342399,0.301491,0.365863,0.396895,0.527351,0.357812,0.318791,0.248001,0.248037,0.346825,0.228782,0.491557,0.395386,0.340176,0.386804,0.401131,0.321205,0.522071,0.260072,0.276819,0.290584,0.340495,0.324403,0.460740,0.461395,0.377667,0.419817,0.154049,0.414308,0.525439,0.247201,0.204872,0.466006,0.299727,0.052411,0.475628,0.440162,0.365835,0.450630,0.470007,0.375273,0.373908,0.410338,0.371695,0.329477,0.259839,0.495495,0.475664,0.264316,0.300345,0.472719,0.325324,0.247877,0.362806,0.364480,0.002341,0.264788,0.314622,0.424100,0.450118,0.179331,0.542917,0.366096,0.395504,0.117881,0.300644,0.394506,0.168173,0.453253,0.477370,0.473990,0.347649,0.304879,0.367045,0.390854,0.462169,0.385401,0.486346,0.515795,0.398402,#
8,0.427053,0.327894,0.321379,0.359393,0.048007,0.343957,0.373936,0.512558,1.000000,0.415797,0.337276,0.362873,0.482168,0.433744,0.382396,0.478540,0.173616,0.475816,0.214572,0.441435,0.400271,0.420015,0.406380,0.386165,0.600119,0.360469,0.390395,0.250620,0.426007,0.378576,0.366067,0.345642,0.333109,0.358200,0.327955,0.520416,0.407020,0.446887,0.285520,0.313148,0.313167,0.268077,0.608731,0.285387,0.274054,0.298725,0.464133,0.491836,0.463243,0.449946,0.499118,0.336599,0.299104,0.495037,0.397700,0.334247,0.409343,0.271774,0.385560,0.321278,0.331340,0.408367,0.524319,0.377864,0.516836,0.515853,0.457265,0.555105,0.552175,0.155648,0.413577,0.429168,0.430465,0.313401,0.383149,0.334269,0.471833,0.418564,0.373533,0.228399,0.518938,0.235662,0.343333,0.421998,0.525323,0.393277,0.351956,0.505311,0.403794,0.373007,0.392057,0.467581,0.381682,0.318830,0.291265,0.396773,0.434129,0.451216,0.529174,0.513210,0.418583,0.245077,0.348486,0.461478,0.245303,0.316143,0.297488,0.365800,0.220370,0.409146,0.313554,0.351666,0.408983,0.258025,0.256289,0.437591,0.200049,0.247967,0.461981,0.459584,0.280889,0.432831,0.331541,0.368424,0.266231,0.357770,0.252002,0.238285,0.346298,0.413959,0.163558,0.503396,0.389209,0.248812,0.407407,0.407262,0.363370,0.292247,0.433753,0.285666,0.330123,0.348289,0.393015,0.213636,0.413663,0.283529,0.243474,0.384305,0.387581,0.487687,0.288622,0.348076,0.285893,0.451164,0.118899,0.340939,0.404048,0.454737,0.495547,0.410009,0.321633,0.287650,0.477394,0.445301,0.311540,0.381224,0.384782,0.452402,0.345627,0.172219,0.456523,0.437554,0.218681,0.416709,0.319749,0.201012,0.395359,0.321061,0.347215,0.396835,0.223393,0.508881,0.424654,0.259151,0.266951,0.206112,0.540394,0.299166,0.412322,0.517853,0.500651,0.531248,0.475203,0.316272,0.297068,0.299880,0.249186,0.402652,0.450003,0.539244,#
9,0.421856,0.398840,0.310865,0.419473,0.353917,0.458139,0.495186,0.339140,0.415797,1.000000,0.352556,0.480803,0.609670,0.492200,0.590666,0.665496,0.434272,0.367312,0.410824,0.295824,0.441781,0.364377,0.375799,0.478464,0.413183,0.335040,0.296990,0.489991,0.412456,0.421830,0.450684,0.453138,0.511398,0.444226,0.380583,0.417734,0.497320,0.531253,0.391123,0.377442,0.439107,0.414560,0.423521,0.406821,0.521649,0.356641,0.445551,0.420688,0.547249,0.562987,0.429226,0.281016,0.354880,0.382907,0.507548,0.406590,0.427326,0.571655,0.468090,0.466706,0.444900,0.516372,0.393669,0.252578,0.290163,0.538163,0.390114,0.540963,0.537207,0.316539,0.457584,0.436589,0.466864,0.368529,0.343646,0.444267,0.687980,0.517923,0.491423,0.500760,0.495305,0.361451,0.428261,0.637218,0.507304,0.456616,0.312733,0.618617,0.451041,0.430481,0.343939,0.462875,0.470068,0.376752,0.414315,0.382127,0.466697,0.378113,0.435677,0.447736,0.580579,0.509056,0.588864,0.561303,0.411096,0.361405,0.399836,0.608937,0.534643,0.465210,0.566265,0.397434,0.398717,0.442420,0.429013,0.592237,0.188798,0.316045,0.377936,0.529475,0.284258,0.602626,0.454867,0.435783,0.485098,0.541140,0.426057,0.275954,0.567256,0.442195,0.367251,0.435248,0.284750,0.304846,0.423591,0.331012,0.517516,0.379827,0.390474,0.235742,0.442630,0.415854,0.403853,0.560952,0.427600,0.618491,0.423102,0.321622,0.480964,0.578889,0.400793,0.350775,0.350972,0.457974,0.442963,0.390076,0.353665,0.375283,0.494692,0.409810,0.479531,0.625491,0.464411,0.470815,0.435291,0.625466,0.395922,0.499845,0.491200,0.425370,0.496132,0.418464,0.343738,0.312841,0.450772,0.487148,0.525529,0.513322,0.276505,0.467511,0.486339,0.563277,0.575339,0.185579,0.382367,0.273642,0.402494,0.418074,0.490164,0.300084,0.458717,0.440210,0.355218,0.269576,0.253179,0.350971,0.592975,0.455627,0.483057,0.452849,#
10,0.375444,0.365992,0.391613,0.376608,0.385515,0.290406,0.408666,0.439752,0.337276,0.352556,1.000000,0.427393,0.417794,0.324507,0.389461,0.396467,0.423788,0.326076,0.339034,0.362404,0.348433,0.379177,0.484764,0.585341,0.287744,0.396361,0.412742,0.466571,0.450596,0.488769,0.416424,0.277762,0.463419,0.420737,0.468701,0.428899,0.509103,0.435404,0.407035,0.447278,0.483029,0.326274,0.471386,0.196979,0.379953,0.398719,0.590992,0.407813,0.465077,0.639173,0.397948,0.541311,0.334811,0.190594,0.570203,0.507900,0.328342,0.531785,0.379059,0.495805,0.410895,0.468206,0.478015,0.377553,0.428182,0.368520,0.585707,0.415094,0.587824,0.266945,0.675182,0.463728,0.579530,0.177555,0.437166,0.547933,0.459632,0.506419,0.400446,0.312630,0.527746,0.261401,0.352368,0.342112,0.515548,0.365133,0.300091,0.201924,0.377912,0.651763,0.270484,0.488446,0.546923,0.181170,0.215162,0.400779,0.330324,0.575805,0.304484,0.386436,0.282209,0.371268,0.317681,0.414927,0.443165,0.357193,0.521770,0.286360,0.326830,0.284619,0.369697,0.387495,0.565049,0.438831,0.366943,0.517922,0.282872,0.398987,0.382909,0.364253,0.242675,0.339047,0.395663,0.433572,0.334651,0.315735,0.312637,0.376176,0.500098,0.497638,0.337540,0.410274,0.201737,0.344556,0.501187,0.633035,0.397833,0.308374,0.497175,0.478389,0.428195,0.473418,0.249949,0.326448,0.295047,0.484910,0.550673,0.323916,0.337045,0.532989,0.220771,0.312769,0.328045,0.433282,0.354630,0.315150,0.486341,0.450238,0.316166,0.281442,0.424891,0.279097,0.330870,0.461807,0.464689,0.368193,0.363727,0.314512,0.453209,0.547489,0.303050,0.488355,0.210588,0.311795,0.525742,0.290721,0.206562,0.301561,0.315867,0.366520,0.259189,0.470471,0.425780,0.317405,0.092526,0.425683,0.494870,0.346806,0.243648,0.335914,0.426435,0.311066,0.457193,0.413934,0.417680,0.463282,0.558689,0.391483,0.420419,0.445025,#
11,0.618550,0.469595,0.323709,0.439455,0.312172,0.403029,0.456810,0.265091,0.362873,0.480803,0.427393,1.000000,0.572870,0.473364,0.559923,0.442651,0.418824,0.560686,0.610332,0.463039,0.321103,0.379145,0.521059,0.514795,0.484760,0.412990,0.412858,0.370473,0.428600,0.333466,0.424211,0.466526,0.530659,0.428988,0.361452,0.569078,0.536498,0.560294,0.408859,0.430780,0.522936,0.278452,0.493148,0.331164,0.402335,0.263461,0.585235,0.653694,0.522288,0.610316,0.276744,0.313047,0.575797,0.213062,0.498009,0.399096,0.307715,0.582646,0.429986,0.457041,0.305340,0.354321,0.452717,0.376042,0.409056,0.524263,0.468224,0.562165,0.582157,0.367171,0.555358,0.394039,0.498278,0.409090,0.583075,0.438253,0.604730,0.546818,0.318356,0.327192,0.379834,0.333112,0.581000,0.478251,0.675907,0.445412,0.289462,0.388966,0.280572,0.432049,0.513732,0.399533,0.491012,0.372500,0.244666,0.386759,0.349663,0.514358,0.327748,0.539515,0.364038,0.516494,0.466088,0.399446,0.484195,0.248517,0.422288,0.479667,0.451757,0.323278,0.434929,0.526366,0.472323,0.237446,0.375143,0.470206,0.355634,0.266500,0.461187,0.462225,0.213230,0.526008,0.435883,0.526094,0.385889,0.433665,0.539714,0.407710,0.474314,0.525902,0.381620,0.425623,0.352960,0.354131,0.499721,0.357501,0.443792,0.471420,0.483681,0.375694,0.350260,0.434080,0.402978,0.525170,0.472677,0.487730,0.425049,0.445596,0.454938,0.516942,0.400539,0.272103,0.441599,0.630033,0.397961,0.329231,0.527260,0.339078,0.333147,0.413223,0.623152,0.566542,0.523010,0.493160,0.488203,0.511239,0.579125,0.447090,0.459300,0.552572,0.517790,0.366089,0.536816,0.565613,0.534837,0.328335,0.535361,0.400700,0.387834,0.514613,0.405065,0.471450,0.578636,0.318188,0.287311,0.309015,0.522079,0.441912,0.323705,0.361794,0.493316,0.501497,0.369295,0.432892,0.377199,0.425724,0.472652,0.385642,0.450007,0.386039,#
12,0.471688,0.393206,0.347937,0.524496,0.191198,0.433257,0.396834,0.452915,0.482168,0.609670,0.417794,0.572870,1.000000,0.496501,0.558641,0.482395,0.335229,0.495730,0.498180,0.387322,0.449163,0.334295,0.550293,0.573479,0.497053,0.552826,0.430418,0.515431,0.362273,0.401023,0.393787,0.489755,0.407219,0.577521,0.460537,0.501150,0.556122,0.626588,0.450753,0.459916,0.414703,0.356979,0.500173,0.380181,0.582592,0.425677,0.590197,0.443183,0.512568,0.561678,0.580430,0.265428,0.432032,0.402242,0.569093,0.587870,0.428457,0.465742,0.444779,0.543851,0.409744,0.545673,0.539027,0.410390,0.503585,0.619904,0.477658,0.528914,0.705038,0.506365,0.625768,0.444072,0.549641,0.460285,0.473365,0.483626,0.583086,0.554138,0.463985,0.533862,0.547844,0.330239,0.509986,0.598521,0.513649,0.466149,0.266709,0.546706,0.336696,0.400197,0.557298,0.547428,0.544847,0.353872,0.423541,0.548810,0.562479,0.448176,0.398409,0.483018,0.329126,0.535795,0.431447,0.557185,0.277968,0.334524,0.366127,0.422856,0.548956,0.408639,0.481612,0.517153,0.523974,0.230955,0.547800,0.628088,0.274800,0.320882,0.489776,0.601203,0.245890,0.518654,0.392279,0.545519,0.475794,0.543652,0.574984,0.343732,0.430145,0.448065,0.290668,0.423183,0.292589,0.442536,0.425408,0.445814,0.427867,0.430863,0.333484,0.356334,0.504585,0.386553,0.410087,0.552000,0.318807,0.523824,0.444879,0.272559,0.506571,0.616839,0.494402,0.245903,0.580621,0.498801,0.297440,0.538809,0.521980,0.599213,0.565029,0.470077,0.423417,0.578385,0.516928,0.513853,0.604779,0.331086,0.366215,0.649675,0.374840,0.499509,0.513103,0.448249,0.395138,0.458277,0.383459,0.295836,0.550840,0.509864,0.372409,0.456085,0.410638,0.599903,0.546624,0.247160,0.245491,0.272299,0.382819,0.449288,0.491867,0.423948,0.400903,0.498612,0.370037,0.309122,0.352238,0.545800,0.517505,0.521296,0.605341,0.395424,#
13,0.344335,0.369788,0.336515,0.231757,0.384933,0.378320,0.471526,0.308002,0.433744,0.492200,0.324507,0.473364,0.496501,1.000000,0.481368,0.337905,0.168233,0.563033,0.358986,0.381560,0.258395,0.353542,0.448798,0.382146,0.427202,0.345912,0.374065,0.419992,0.339264,0.493075,0.304975,0.266429,0.489892,0.424085,0.131766,0.452854,0.400792,0.449221,0.358129,0.457367,0.508418,0.421951,0.562139,0.264233,0.386031,0.457594,0.499258,0.344294,0.504663,0.630187,0.441107,0.340186,0.389027,0.253987,0.471020,0.517052,0.431799,0.523428,0.466062,0.465707,0.323623,0.503092,0.322938,0.428269,0.552027,0.589880,0.463269,0.647604,0.526395,0.389766,0.419370,0.458398,0.509601,0.265081,0.453956,0.447173,0.568566,0.648067,0.638024,0.396935,0.413488,0.454237,0.426939,0.544758,0.500183,0.555190,0.233759,0.446261,0.415485,0.400584,0.252520,0.502824,0.404223,0.220096,0.435828,0.435446,0.460566,0.461173,0.452237,0.435837,0.430820,0.450762,0.503666,0.493389,0.414456,0.425122,0.466626,0.358838,0.438233,0.348686,0.399802,0.396656,0.423479,0.442578,0.434698,0.478209,0.178868,0.391566,0.594709,0.442645,0.394366,0.447850,0.526021,0.280341,0.294897,0.516930,0.462343,0.281926,0.541658,0.498598,0.387386,0.325809,0.298421,0.478532,0.449729,0.358105,0.461430,0.399839,0.473982,0.257560,0.477039,0.539254,0.455123,0.418807,0.234868,0.435968,0.482119,0.254038,0.516701,0.503999,0.475503,0.455511,0.358141,0.303488,0.378342,0.358051,0.487843,0.334407,0.559022,0.357128,0.306850,0.459148,0.389493,0.555562,0.448058,0.417601,0.530728,0.478187,0.368504,0.465795,0.436434,0.508095,0.504934,0.438261,0.525843,0.431085,0.467721,0.485932,0.360449,0.502851,0.405407,0.529023,0.581533,0.250859,0.479305,0.317064,0.498919,0.426093,0.368867,0.414018,0.496712,0.377518,0.531819,0.436585,0.401405,0.415393,0.430031,0.439976,0.417401,0.315833,#
14,0.702645,0.543508,0.571107,0.536048,0.393063,0.454252,0.294887,0.494450,0.382396,0.590666,0.389461,0.559923,0.558641,0.481368,1.000000,0.464575,0.312165,0.412534,0.370730,0.452781,0.385787,0.456426,0.593061,0.630125,0.491903,0.400532,0.485972,0.461520,0.435833,0.444368,0.568577,0.230741,0.336191,0.373473,0.640508,0.502845,0.377207,0.548924,0.522238,0.402461,0.554943,0.405528,0.456196,0.420438,0.476835,0.437722,0.595322,0.459436,0.464372,0.583240,0.376209,0.428996,0.522550,0.565218,0.602166,0.378293,0.312575,0.481793,0.463528,0.470456,0.432884,0.602775,0.466962,0.428576,0.470366,0.578601,0.517720,0.530743,0.544386,0.323107,0.405000,0.359217,0.557660,0.611932,0.462658,0.393192,0.494210,0.583564,0.556811,0.512203,0.444837,0.251186,0.532424,0.490105,0.593748,0.560678,0.287694,0.372511,0.449431,0.342231,0.409234,0.574876,0.518162,0.532071,0.592448,0.443863,0.334428,0.471733,0.379610,0.454476,0.533015,0.525399,0.428712,0.357746,0.390571,0.373546,0.326377,0.438230,0.572526,0.436282,0.538372,0.479926,0.481502,0.365765,0.368024,0.511794,0.300453,0.158982,0.561059,0.406917,0.401610,0.617928,0.529439,0.392896,0.430420,0.465422,0.518242,0.379788,0.388828,0.434158,0.348728,0.595384,0.317579,0.338935,0.504045,0.466346,0.546306,0.505506,0.435617,0.259104,0.449015,0.495717,0.294609,0.507410,0.415575,0.613097,0.485998,0.209686,0.465037,0.577698,0.518233,0.312461,0.497788,0.597463,0.352830,0.488095,0.439681,0.429072,0.379690,0.392746,0.466840,0.565951,0.498358,0.525546,0.483681,0.530394,0.497618,0.499840,0.405225,0.515402,0.411864,0.364774,0.463262,0.502074,0.653055,0.291577,0.491314,0.406053,0.498708,0.563085,0.355924,0.599147,0.429191,0.306619,0.454269,0.342278,0.419822,0.346771,0.511612,0.316118,0.526076,0.339659,0.377070,0.437725,0.338695,0.374198,0.452500,0.440773,0.479588,0.293913,#
15,0.366982,0.424437,0.265246,0.528444,0.387595,0.366617,0.543513,0.306309,0.478540,0.665496,0.396467,0.442651,0.482395,0.337905,0.464575,1.000000,0.282336,0.393276,0.442190,0.326383,0.297688,0.514409,0.415513,0.421644,0.477934,0.291409,0.298179,0.349581,0.373941,0.373805,0.564823,0.454865,0.565296,0.592314,0.251648,0.522589,0.467803,0.534735,0.324856,0.282379,0.317352,0.286351,0.442775,0.408704,0.446758,0.367353,0.509059,0.374136,0.631646,0.559610,0.364014,0.389308,0.262831,0.209694,0.430901,0.316493,0.353110,0.437026,0.402822,0.354361,0.395987,0.527948,0.332774,0.429090,0.443345,0.493855,0.399031,0.587728,0.429226,0.264392,0.485718,0.477146,0.344216,0.283876,0.440284,0.388891,0.515217,0.493524,0.478700,0.344295,0.401701,0.221372,0.448170,0.451585,0.562471,0.423745,0.290637,0.449451,0.369677,0.365838,0.321288,0.406141,0.465364,0.456708,0.271468,0.295153,0.420484,0.499672,0.385057,0.509587,0.391173,0.456069,0.425116,0.503586,0.439497,0.194501,0.258953,0.494072,0.347505,0.456686,0.368771,0.244674,0.431729,0.388062,0.341033,0.341525,0.201773,0.293741,0.381064,0.553455,0.226015,0.505472,0.425173,0.488515,0.468145,0.413928,0.368470,0.304077,0.539248,0.410945,0.403247,0.437750,0.177394,0.205319,0.459961,0.421386,0.532895,0.361775,0.238865,0.268136,0.414064,0.396882,0.251838,0.406112,0.468776,0.597384,0.357937,0.419494,0.407334,0.489727,0.490044,0.385688,0.386886,0.395262,0.321173,0.329908,0.510207,0.340217,0.440326,0.421134,0.374579,0.457320,0.430862,0.515972,0.318948,0.332760,0.387731,0.299286,0.445418,0.337765,0.330229,0.406866,0.209593,0.492740,0.406604,0.494238,0.415139,0.335656,0.410991,0.493339,0.368291,0.516584,0.412216,0.438698,0.329659,0.165232,0.362191,0.286425,0.320809,0.395258,0.306678,0.425576,0.426715,0.317249,0.335726,0.408156,0.494085,0.336869,0.435319,0.552080,#
16,0.358623,0.229239,0.334934,0.361271,0.265249,0.269089,0.353014,0.168999,0.173616,0.434272,0.423788,0.418824,0.335229,0.168233,0.312165,0.282336,1.000000,0.235924,0.421204,0.257965,0.567812,0.240424,0.172530,0.420279,0.339546,0.336441,0.255280,0.245088,0.252495,0.267091,0.250881,0.257973,0.349019,0.198784,0.202753,0.288326,0.526928,0.375512,0.170752,0.330137,0.303147,0.210422,0.278170,0.335792,0.219034,0.348479,0.360549,0.291642,0.325079,0.465296,0.070747,0.258900,0.349681,0.188180,0.324913,0.380077,-0.075070,0.222382,0.247638,0.172505,0.423044,0.336583,0.292406,0.098567,0.146501,0.237993,0.412124,0.344356,0.386312,0.293894,0.423734,0.359056,0.263034,0.136920,0.204294,0.214462,0.281061,0.378916,0.179729,0.237929,0.453890,0.208527,0.340531,0.324287,0.450113,0.309079,0.232134,0.110611,0.254465,0.460340,0.120912,0.294523,0.398478,0.225208,0.315110,0.344253,0.265642,0.282220,0.398544,0.279900,0.269025,0.334092,0.142685,0.372421,0.200157,0.327538,0.315313,0.327075,0.456447,0.258996,0.353750,0.335106,0.345315,0.268757,0.368039,0.489667,0.268013,0.308674,0.184056,0.000051,0.081829,0.247010,0.414700,0.330234,0.284156,0.161780,0.207318,-0.050280,0.356138,0.263006,0.385837,0.237725,0.137703,0.214234,0.387280,0.470894,0.277211,0.265091,0.230453,0.188410,0.214041,0.303144,0.340277,0.277061,0.128332,0.363152,0.433875,0.380500,0.236044,0.331775,0.074653,0.266284,0.087028,0.392295,0.410653,0.229389,0.259180,0.186179,0.235945,0.201281,0.303100,0.300093,0.368415,0.250924,0.401375,0.288412,0.377443,0.244522,0.317040,0.314204,0.163773,0.289321,0.334914,0.314720,0.263614,0.393031,0.172513,0.464101,0.268049,0.413941,0.207164,0.266631,0.333055,0.219524,-0.050626,0.122382,0.325296,0.336366,0.320952,0.233545,0.375596,0.297688,0.348840,0.212997,0.244773,0.441526,0.458353,0.403532,0.320524,0.366952,#
17,0.522080,0.257329,0.285647,0.287488,0.304761,0.324320,0.414070,0.343652,0.475816,0.367312,0.326076,0.560686,0.495730,0.563033,0.412534,0.393276,0.235924,1.000000,0.450533,0.459902,0.259875,0.367572,0.485417,0.295156,0.482014,0.456819,0.341353,0.354872,0.364877,0.431618,0.287516,0.378032,0.401526,0.308576,0.135081,0.497362,0.429814,0.454343,0.293917,0.531755,0.316972,0.347984,0.441231,0.294480,0.338729,0.321708,0.478759,0.581800,0.420763,0.532556,0.287646,0.140042,0.439313,0.202567,0.407123,0.216942,0.268002,0.324536,0.297819,0.403815,0.266089,0.404665,0.444248,0.391000,0.438201,0.494824,0.529286,0.524433,0.305186,0.286380,0.466948,0.387660,0.331569,0.287793,0.527643,0.172162,0.577856,0.549424,0.419468,0.363153,0.431332,0.261860,0.574720,0.436901,0.541944,0.425674,0.243305,0.570801,0.259012,0.317848,0.322109,0.279643,0.435532,0.302827,0.399445,0.509957,0.422710,0.439332,0.439954,0.456129,0.371490,0.373012,0.360500,0.412991,0.267725,0.272048,0.175090,0.363864,0.287731,0.498180,0.442051,0.217498,0.507935,0.266572,0.456400,0.392290,0.143174,0.194827,0.484185,0.535901,0.439399,0.519383,0.526663,0.347625,0.202553,0.191262,0.326702,0.203720,0.500776,0.326090,0.298460,0.476434,0.354502,0.299449,0.529377,0.445000,0.502795,0.384673,0.330131,0.449640,0.417432,0.369149,0.393213,0.404654,0.493375,0.373336,0.384425,0.210864,0.515633,0.448511,0.355865,0.348860,0.403165,0.420961,0.217515,0.396848,0.565207,0.347923,0.476153,0.371362,0.435938,0.510854,0.421683,0.314292,0.441196,0.242130,0.399958,0.270583,0.363164,0.311026,0.404936,0.441854,0.465982,0.456192,0.589340,0.240888,0.289454,0.435046,0.324728,0.498355,0.426365,0.479477,0.445747,0.449021,0.292561,0.153953,0.410688,0.546364,0.234042,0.427219,0.587203,0.464288,0.456030,0.519801,0.361363,0.449869,0.423067,0.370613,0.486527,0.251084,#
18,0.473318,0.332035,0.269506,0.421704,0.313269,0.437043,0.393815,0.252512,0.214572,0.410824,0.339034,0.610332,0.498180,0.358986,0.370730,0.442190,0.421204,0.450533,1.000000,0.260265,0.245688,0.505444,0.440084,0.325261,0.261267,0.538074,0.422800,0.357447,0.313054,0.437068,0.205916,0.477542,0.526849,0.415107,0.315731,0.530632,0.502367,0.450432,0.349451,0.557977,0.379459,0.432490,0.483943,0.257335,0.378156,0.372016,0.384916,0.431734,0.471676,0.481472,0.269556,0.154308,0.429386,0.092896,0.393079,0.428042,0.299404,0.262677,0.371373,0.538099,0.338969,0.361616,0.356527,0.248995,0.372777,0.325331,0.340751,0.399704,0.404729,0.350453,0.420553,0.332902,0.390532,0.177010,0.561636,0.345951,0.509136,0.398529,0.300626,0.266428,0.375534,0.272124,0.391290,0.433779,0.618413,0.454913,0.186381,0.325558,0.441923,0.346012,0.392722,0.255536,0.515839,0.367405,0.279900,0.334204,0.408391,0.449155,0.372842,0.363651,0.275015,0.316819,0.301276,0.367658,0.223511,0.342961,0.333397,0.361240,0.426760,0.422971,0.582851,0.289227,0.478891,0.331643,0.309248,0.470660,0.255582,0.417222,0.419796,0.391755,0.210457,0.432268,0.425388,0.468146,0.494177,0.223997,0.546062,0.196081,0.495339,0.351983,0.333730,0.438007,0.304770,0.308649,0.398116,0.301139,0.522236,0.339696,0.258470,0.419017,0.349830,0.449082,0.310069,0.550186,0.365899,0.318529,0.350783,0.304420,0.487513,0.403546,0.333605,0.200600,0.428724,0.412547,0.342790,0.425940,0.398866,0.458466,0.308946,0.385898,0.487132,0.559402,0.622868,0.373305,0.286624,0.251580,0.616066,0.353354,0.314068,0.413860,0.241045,0.330753,0.431278,0.530539,0.350065,0.359985,0.377133,0.396089,0.478830,0.514027,0.311257,0.536665,0.496163,0.327887,0.241451,0.396640,0.434408,0.348383,0.300793,0.423883,0.397941,0.527740,0.244444,0.438647,0.310122,0.398710,0.406020,0.521340,0.378428,0.318168,#
19,0.393852,0.429810,0.414586,0.365188,0.471622,0.403379,0.252527,0.363983,0.441435,0.295824,0.362404,0.463039,0.387322,0.381560,0.452781,0.326383,0.257965,0.459902,0.260265,1.000000,0.348679,0.299480,0.353945,0.420951,0.437680,0.327732,0.256977,0.274812,0.348487,0.340446,0.391401,0.445653,0.451648,0.242613,0.259196,0.508085,0.264699,0.361938,0.287669,0.416145,0.383664,0.337648,0.502580,0.366942,0.183818,0.424447,0.622689,0.444344,0.347902,0.454233,0.213019,0.204161,0.440834,0.168565,0.411178,0.270716,0.366522,0.293398,0.281191,0.323661,0.217244,0.184965,0.509582,0.272299,0.343302,0.449405,0.417119,0.336010,0.424542,0.260210,0.396243,0.437570,0.437581,0.255557,0.315371,0.326761,0.292089,0.410272,0.317315,0.236079,0.503148,0.209264,0.534742,0.195356,0.432011,0.245353,0.227948,0.422604,0.398766,0.352026,0.318957,0.311561,0.312488,0.417123,0.288370,0.240286,0.355000,0.483458,0.326838,0.415256,0.319759,0.343891,0.178680,0.367404,0.349399,0.174693,0.381561,0.251743,0.295348,0.241394,0.385317,0.268714,0.386896,0.378192,0.395670,0.463762,0.299358,0.289252,0.410571,0.169103,0.455834,0.421492,0.295154,0.541306,0.397363,0.339992,0.238880,0.266410,0.557114,0.593679,0.329403,0.537946,0.336477,0.405853,0.447581,0.489456,0.367517,0.351382,0.278744,0.182520,0.320221,0.316900,0.350959,0.349325,0.171549,0.321042,0.243336,0.252340,0.367530,0.450786,0.199615,0.315458,0.413953,0.458001,0.412307,0.249267,0.405841,0.338827,0.384433,0.335125,0.207756,0.430792,0.350823,0.319636,0.309363,0.314142,0.353657,0.477607,0.317808,0.222226,0.303180,0.397987,0.342646,0.392394,0.454549,0.125214,0.411285,0.374326,0.297143,0.258427,0.199398,0.453776,0.465099,0.334789,0.187029,0.147866,0.274952,0.389747,0.395695,0.381100,0.460853,0.379902,0.352105,0.308352,0.459312,0.252609,0.392464,0.263392,0.285308,0.330692,#
20,0.437625,0.444050,0.203690,0.346744,0.256055,0.369102,0.362427,0.376907,0.400271,0.441781,0.348433,0.321103,0.449163,0.258395,0.385787,0.297688,0.567812,0.259875,0.245688,0.348679,1.000000,0.280963,0.271917,0.497988,0.373867,0.412952,0.281562,0.322284,0.118991,0.136508,0.421417,0.406408,0.248984,0.459656,0.391538,0.212054,0.480825,0.339762,0.414647,0.345660,0.412493,0.382602,0.360299,0.429735,0.280722,0.265654,0.401818,0.320293,0.301520,0.365634,0.363072,0.344088,0.345894,0.251942,0.344906,0.324813,0.053776,0.312363,0.235163,0.357415,0.399351,0.325279,0.349471,0.211075,0.280398,0.396590,0.422330,0.444467,0.399656,0.203349,0.347794,0.454934,0.227624,0.260908,0.152683,0.149237,0.213098,0.432874,0.460018,0.342639,0.459972,0.218798,0.262536,0.392399,0.343065,0.305255,0.291422,0.327960,0.311463,0.473766,0.350004,0.272885,0.369670,0.438474,0.279308,0.266741,0.205926,0.181911,0.380639,0.295456,0.410984,0.446664,0.166496,0.336921,0.380343,0.209600,0.372195,0.200195,0.478112,0.196355,0.354122,0.367346,0.237229,0.129055,0.459918,0.500888,0.313564,0.346701,0.223632,0.157336,0.258147,0.429167,0.421363,0.373176,0.272623,0.350319,0.017213,0.085022,0.307399,0.348198,0.262863,0.274366,0.334807,0.281391,0.338983,0.380644,0.214180,0.470039,0.290651,0.295723,0.201628,0.179791,0.395203,0.368135,0.306553,0.259344,0.422788,0.363674,0.282999,0.545429,0.293287,0.254295,0.215720,0.319393,0.276227,0.264627,0.192989,0.375582,0.422690,0.172352,0.311781,0.348240,0.305976,0.350805,0.402520,0.242149,0.258256,0.417588,0.195311,0.218454,0.261374,0.331502,0.320533,0.409502,0.310861,0.100433,0.395088,0.414359,0.229867,0.493414,0.171844,0.361702,0.325730,0.133790,0.097561,0.313421,0.365802,0.294392,0.432625,0.306170,0.320013,0.248473,0.453729,0.257960,0.439012,0.332355,0.368557,0.409828,0.434880,0.386661,#
21,0.361494,0.627244,0.436327,0.613551,0.400512,0.463161,0.346830,0.294295,0.420015,0.364377,0.379177,0.379145,0.334295,0.353542,0.456426,0.514409,0.240424,0.367572,0.505444,0.299480,0.280963,1.000000,0.523006,0.447281,0.350434,0.347102,0.450027,0.370753,0.495555,0.267357,0.345300,0.189051,0.447010,0.565671,0.373491,0.524574,0.422869,0.355281,0.415188,0.341179,0.335848,0.438625,0.422832,0.383832,0.380910,0.461843,0.458837,0.404946,0.466303,0.570163,0.359375,0.299112,0.466601,0.332810,0.552565,0.327148,0.344446,0.323217,0.555450,0.424892,0.297742,0.511768,0.150448,0.243222,0.460149,0.451870,0.394780,0.447624,0.371447,0.443608,0.395816,0.455867,0.550442,0.418638,0.515401,0.447506,0.516290,0.459636,0.515482,0.419315,0.412140,0.172776,0.551605,0.549546,0.530574,0.482273,0.220102,0.466705,0.589261,0.538599,0.258014,0.376711,0.548606,0.402258,0.367114,0.460710,0.460242,0.434012,0.485432,0.466727,0.366650,0.421860,0.067212,0.481143,0.299112,0.504033,0.260576,0.501921,0.237950,0.387266,0.536070,0.218227,0.443425,0.369058,0.299848,0.285995,0.321364,0.522711,0.539828,0.438784,0.368061,0.389400,0.487246,0.270575,0.321961,0.149132,0.429862,0.328906,0.452291,0.461678,0.362400,0.546013,0.219033,0.319821,0.604398,0.342946,0.441981,0.231061,0.266071,0.214726,0.495896,0.533648,0.226688,0.343031,0.417359,0.400555,0.359108,0.239491,0.449740,0.479357,0.464556,0.414237,0.428052,0.424739,0.131890,0.367245,0.491532,0.398792,0.315035,0.365786,0.467333,0.509367,0.449879,0.556949,0.516807,0.329924,0.501736,0.354024,0.272927,0.219476,0.308218,0.504219,0.422391,0.491435,0.315853,0.308412,0.316425,0.360607,0.480946,0.527384,0.233917,0.575539,0.363100,0.380555,0.362908,0.375670,0.390249,0.249921,0.295551,0.399093,0.414468,0.293534,0.304743,0.379163,0.356157,0.362880,0.443458,0.355428,0.252797,0.496193,#
