0,1.000000,0.005016,0.038468,0.053022,0.127329,0.002568,0.003109,-0.048938,0.054659,0.023884,0.046008,-0.057755,-0.031650,-0.090675,0.259392,0.381394,0.394730,0.254505,0.226537,0.195401,-0.164416,-0.121017,0.218649,0.424092,-0.077882,-0.009266,0.165197,-0.120542,-0.162348,0.044710,-0.022211,0.251251,-0.038047,0.004124,0.285231,0.089969,0.031192,-0.073831,0.045480,0.049582,-0.031939,0.019115,0.410187,-0.038852,-0.069365,-0.030627,-0.196644,0.235130,0.040408,0.220920,-0.029034,0.182059,0.019924,0.161973,0.281378,-0.079251,0.083795,0.075594,0.024185,0.135412,0.092058,0.225914,0.161429,0.197999,-0.014999,0.036778,0.061935,0.159678,0.010829,0.170179,-0.204421,-0.117764,0.150367,0.224361,0.009259,-0.286062,0.228598,0.214233,0.073705,0.056707,-0.090003,-0.119440,-0.007031,0.125033,0.241139,0.081029,0.243988,0.064658,0.136028,0.172723,-0.010297,-0.057471,0.236194,-0.119273,-0.075458,0.245457,0.093553,-0.143520,0.110403,0.187844,0.196780,0.044451,-0.013412,0.205609,0.029687,0.098501,0.241858,0.149770,0.259854,0.004780,0.027085,0.028537,-0.006838,0.127414,0.118763,0.119001,0.014094,-0.185379,-0.082165,0.048467,0.091066,-0.100933,0.210687,0.025440,0.328295,0.172543,0.048624,-0.084092,-0.101191,0.140939,0.015448,-0.211217,-0.124403,-0.173533,0.075269,0.131877,0.043146,-0.012433,-0.370100,0.059507,0.249077,0.070105,-0.107764,0.132204,-0.042667,-0.207057,0.049002,-0.096630,0.064290,-0.078419,-0.334663,0.092603,0.040847,-0.124895,0.052818,0.145742,0.352319,0.220871,0.087565,0.040100,0.265361,0.147519,0.138621,-0.125892,-0.167983,0.287639,0.034331,0.141802,0.238813,0.137405,-0.214466,-0.008891,0.199365,-0.029667,-0.160627,0.195369,0.345050,-0.103962,0.073435,-0.028693,0.031762,0.181989,0.089205,-0.001692,-0.064035,0.044324,-0.056353,0.286455,0.181005,-0.135313,0.043061,0.268280,-0.048690,0.036758,0.242675,0.256482,-0.005585,-0.056633,-0.002207,0.040905,#
1,0.005016,1.000000,0.035523,-0.118718,-0.055081,0.084067,0.098823,0.096427,0.192851,0.160651,0.246832,0.205418,0.050620,-0.351696,-0.180718,0.032686,-0.095697,0.084667,-0.060536,0.122016,-0.320362,-0.001211,0.041383,-0.136295,0.029403,-0.022959,-0.263939,0.118341,-0.205648,-0.091378,0.178012,-0.105748,-0.115975,0.108440,-0.003984,0.009140,0.015415,-0.143859,0.070640,0.150111,0.146425,-0.005314,0.170220,-0.041308,-0.133899,-0.041088,0.196628,-0.069612,0.248088,0.058406,0.065972,0.077443,0.032891,-0.061473,0.056668,0.066667,-0.086618,-0.209431,-0.083280,0.143797,-0.026504,-0.074417,0.085790,-0.001162,0.006659,0.313911,0.295521,0.250398,0.054069,0.067769,0.201637,0.236241,0.188424,0.079132,0.081320,-0.022857,-0.075706,0.017483,0.256101,-0.129605,-0.046453,0.023691,-0.173346,0.175797,0.193285,0.083578,0.021986,0.273949,-0.058832,-0.038296,-0.009057,0.165378,-0.227730,-0.001955,-0.069952,0.169455,-0.040661,-0.039906,-0.084019,-0.033162,0.136666,-0.013535,-0.065697,-0.119482,-0.105856,0.117065,-0.039890,0.024825,0.193875,-0.009163,-0.195973,0.105011,0.024761,0.013653,-0.063851,0.331704,0.047814,-0.123787,0.065328,-0.180389,-0.106312,0.053659,0.178714,0.114328,0.192453,0.023561,0.001657,0.066490,0.271795,0.102546,-0.082064,0.087106,-0.012052,0.104978,0.068095,-0.031033,0.249869,0.199145,-0.001743,0.266653,0.131024,-0.034087,-0.114853,0.146205,0.206175,-0.145740,-0.096295,0.066668,0.073883,-0.196631,0.312828,-0.002380,-0.035559,-0.140970,0.192328,0.171070,-0.034711,0.161840,-0.167340,-0.033834,-0.139988,0.136009,-0.007463,0.205583,0.096641,-0.036410,0.106676,-0.133496,0.040821,0.142734,-0.065658,0.086169,0.014757,0.055137,0.072577,0.123048,0.142808,-0.144055,0.043848,0.026362,0.039667,-0.138854,0.207071,0.147877,0.147355,0.134320,0.012815,-0.259845,0.452545,0.224156,0.076918,0.387015,-0.010376,-0.204417,-0.119392,-0.109330,-0.093358,0.410173,-0.065425,0.376998,#
2,0.038468,0.035523,1.000000,-0.066966,0.259930,0.027758,0.144063,0.173581,-0.010881,0.102044,0.314638,0.193385,-0.039960,0.105621,0.010716,0.066440,-0.172425,-0.042825,-0.027222,0.004326,0.100472,0.098819,0.062808,-0.052582,-0.081348,0.122640,0.236782,-0.027227,-0.187318,0.000480,0.057722,-0.001964,0.094711,0.028388,0.179393,-0.025782,0.051658,0.101834,0.149026,-0.181682,0.103412,-0.049725,0.195006,-0.096888,0.093298,0.120277,0.114651,-0.094072,-0.076075,-0.045384,-0.178178,0.104760,0.142857,-0.041284,0.266397,-0.140863,0.078275,-0.099256,0.217372,0.085447,0.300199,-0.008518,-0.140582,0.087449,0.173599,0.053863,0.023797,0.043906,0.017323,-0.126288,0.235699,0.207271,-0.050271,0.215866,0.137968,-0.075844,-0.008871,-0.118331,0.032585,0.186520,-0.006683,-0.129646,0.103216,-0.284071,0.183088,0.120456,0.135785,0.070524,0.186723,-0.055572,0.035080,0.249363,0.059080,0.067411,-0.088142,0.013410,0.020176,0.005280,-0.044235,0.028668,0.167733,0.149718,-0.125519,0.239040,0.013265,0.190221,0.188237,0.281629,0.108563,0.098663,0.245608,0.064306,0.212539,0.057552,-0.091116,0.130718,0.092668,-0.009042,-0.138880,0.146891,0.004933,-0.297852,-0.141549,0.067254,0.029925,-0.057387,0.000214,-0.011882,0.085297,0.125553,-0.133004,0.158870,-0.054657,0.094769,0.155973,-0.200609,0.077018,0.011814,-0.076669,-0.024941,0.314501,0.101799,-0.108864,0.078294,0.297432,-0.259235,-0.098120,-0.096244,-0.108734,0.019194,0.018685,0.034192,0.299186,0.086646,-0.044115,0.037265,-0.033114,-0.195827,0.180989,-0.023224,-0.184705,-0.008792,0.377986,0.044690,0.062782,0.224838,0.025745,-0.105410,-0.052479,-0.023603,0.031204,0.225721,0.189310,-0.059917,-0.003697,-0.048527,-0.001502,0.080838,-0.240492,-0.166455,0.084431,0.242933,0.062851,0.008098,0.082518,0.083330,0.008946,-0.162632,0.126218,0.072761,0.031032,0.069896,0.079096,0.123846,0.159052,0.003484,-0.338823,0.091584,0.110783,0.182878,#
3,0.053022,-0.118718,-0.066966,1.000000,-0.120698,-0.189665,0.070570,-0.008463,0.193393,0.039675,-0.074726,0.094581,0.020546,-0.117338,0.096017,-0.028448,-0.019602,0.130592,0.263857,-0.129602,-0.063464,0.129475,0.192795,0.079576,-0.094388,0.057095,0.101698,-0.011463,-0.048089,0.172390,0.160229,-0.113555,0.220647,0.283293,-0.081879,0.095209,-0.081880,0.221400,0.162805,0.109043,-0.218910,0.255603,0.065453,0.071154,-0.106369,-0.141605,-0.372196,0.059104,-0.165910,-0.027425,0.041605,-0.106380,0.102677,-0.144044,0.091256,-0.072755,0.199906,0.020470,0.019459,0.008450,0.063653,-0.090673,-0.016587,-0.059170,0.399421,-0.222472,0.023103,-0.345992,-0.385415,0.280254,0.010788,0.078551,-0.010540,-0.016339,-0.041420,-0.262068,0.005679,-0.133527,-0.147951,-0.072886,-0.013643,-0.115526,0.186396,-0.182320,-0.022542,-0.089288,0.008800,-0.105755,0.099172,0.277757,0.329021,0.052067,-0.242203,-0.088996,0.034745,-0.051373,-0.068030,-0.179601,-0.227233,-0.300115,0.192800,-0.111758,-0.062793,-0.241209,0.182075,-0.193986,0.351639,0.270319,-0.087846,-0.127602,0.103146,-0.305427,-0.011796,-0.002209,-0.076837,-0.043403,-0.152877,0.137479,-0.083401,-0.127918,0.051636,-0.108514,-0.033743,-0.067800,-0.039218,0.051745,0.102095,0.251201,-0.065231,-0.077964,0.121816,0.143116,-0.071651,0.042465,-0.161326,0.196050,-0.199198,0.018396,-0.132721,0.169629,-0.068519,0.184457,-0.026242,-0.165731,-0.037717,0.058116,0.189173,0.279712,-0.258880,0.047024,-0.048819,-0.387357,-0.034932,-0.020828,-0.074661,-0.019830,-0.066179,0.009386,0.396133,-0.014366,-0.142559,0.033596,-0.109317,-0.028844,0.081618,-0.018610,0.172798,0.154302,0.011056,0.040578,-0.115821,-0.295922,0.016891,0.114655,-0.039745,0.152158,0.060280,-0.096848,-0.231659,0.137387,-0.076504,0.080561,0.063391,-0.156555,-0.112679,-0.294221,0.080092,0.043167,-0.074780,-0.087029,0.168731,-0.012207,0.076798,0.221762,0.071489,-0.053811,-0.024484,0.015624,-0.171524,-0.160394,#
4,0.127329,-0.055081,0.259930,-0.120698,1.000000,0.141237,0.195740,0.150327,0.040805,0.132116,-0.132951,0.244396,0.064250,0.002083,0.009203,0.065292,0.017990,0.030671,0.050965,0.157868,0.281409,0.184306,0.137633,0.124962,-0.042508,0.099228,0.053792,-0.070142,0.152862,-0.037477,0.091718,0.118883,0.061352,0.269656,0.041891,0.025775,0.210037,0.062436,0.339551,0.141345,-0.066658,0.021164,0.160497,0.155775,0.171077,0.241203,0.192980,0.158333,-0.082020,-0.138679,-0.060332,0.029983,0.144723,0.196887,0.308314,0.098921,-0.021410,0.037217,0.125366,0.171831,0.245938,0.225835,0.055985,-0.102084,0.066695,0.109184,-0.268285,0.126561,-0.076690,0.202349,0.245020,0.162126,0.186042,0.164807,0.148086,-0.192459,0.107330,0.048604,-0.022267,0.202273,-0.083977,0.039875,0.054520,-0.031725,0.211637,0.005266,0.214369,0.084927,0.148880,0.085048,0.256027,-0.069385,0.133582,-0.152251,0.260914,-0.051129,0.054941,-0.013255,-0.177717,0.178445,0.261232,0.233700,0.070834,0.110028,0.002389,0.258305,0.010690,0.058827,0.151859,0.275424,0.051498,0.164739,-0.015134,0.083230,-0.210259,-0.046136,0.215828,0.086224,-0.110962,0.132366,-0.182065,-0.130921,-0.040769,0.120732,0.145439,-0.163759,0.056092,0.060487,0.192750,0.190878,0.227409,-0.054688,0.217073,0.301210,0.067351,0.102585,-0.136452,-0.142118,0.114283,-0.017092,0.131034,0.000624,0.123349,0.045840,0.210025,0.056265,0.123840,0.142671,-0.103666,0.193787,-0.039417,0.116443,0.364907,0.206332,0.328166,-0.047355,0.103749,0.143344,0.055687,0.088701,0.203545,0.144256,0.100424,-0.123249,-0.271565,0.025638,-0.014877,0.183476,0.007900,0.088497,-0.289550,-0.012552,0.494098,0.029456,0.143136,0.144345,0.190396,0.177645,-0.059996,0.151431,0.083380,-0.031386,0.151069,0.096010,-0.090060,0.253707,-0.234322,0.152273,0.163692,0.298505,-0.295202,0.167907,-0.143201,0.128216,0.111850,0.205234,-0.057536,0.070542,0.120311,0.332330,#
5,0.002568,0.084067,0.027758,-0.189665,0.141237,1.000000,-0.051448,0.227967,0.050363,0.122658,0.093904,-0.091109,0.126973,-0.040836,-0.049900,0.089884,0.110898,0.112114,-0.169197,0.336980,-0.123003,-0.101365,0.255676,0.015117,0.062957,-0.035162,0.189393,0.134533,0.137443,-0.013563,0.332311,0.098664,0.175842,0.099264,-0.311794,0.165414,0.034183,-0.083237,0.092761,-0.089545,0.182300,-0.005776,0.033835,0.308910,0.093817,0.068988,0.247220,0.085263,0.086672,-0.178869,0.165461,-0.026775,0.145125,-0.035179,-0.134714,0.209791,0.088273,-0.268203,0.339840,0.253031,-0.025765,0.134316,0.061980,0.138635,0.278160,0.126804,-0.123265,0.150986,0.183117,-0.271624,-0.037700,-0.000572,0.156773,0.013619,0.033728,0.067858,-0.026757,0.346856,0.224345,0.203882,0.056136,-0.097204,0.043074,0.145839,-0.200182,0.101352,0.139762,0.120637,0.157146,-0.083927,-0.149236,0.180919,0.331785,0.309420,-0.063636,0.032487,-0.038017,0.197399,0.115485,0.222720,0.078633,0.074640,-0.123976,0.100297,-0.029299,0.290246,0.147054,0.266645,0.066753,0.209015,0.000035,0.321833,-0.031797,0.026957,0.070409,-0.083342,0.240406,-0.087260,-0.259859,-0.006616,-0.090495,0.068830,-0.141444,0.195641,-0.045542,-0.148883,0.299683,-0.199123,-0.102442,-0.001598,0.333219,0.158162,0.184415,0.193570,0.095455,0.097169,0.080127,0.053191,0.080019,-0.173637,0.068934,0.042764,0.057430,0.149528,0.398334,-0.029670,-0.080205,-0.089863,0.134963,-0.057466,0.036555,-0.054962,0.201468,-0.108848,-0.052413,0.083239,0.260927,0.073716,0.034429,-0.086119,0.165831,-0.066961,0.207237,0.105984,0.170095,0.086942,-0.180015,0.318425,0.017806,0.098361,0.304579,0.211356,0.155471,0.029517,-0.034857,-0.077935,0.191562,0.075579,0.125800,0.135348,0.293430,-0.040967,0.386056,0.055511,0.056372,0.225332,0.080670,0.085043,0.039920,-0.092511,0.127801,0.276789,-0.166158,-0.153825,-0.083326,-0.081794,-0.138087,0.172261,0.089433,0.204944,#
6,0.003109,0.098823,0.144063,0.070570,0.195740,-0.051448,1.000000,0.002979,0.222634,-0.000130,-0.049337,0.076956,0.121368,0.115456,-0.034849,0.200356,-0.047092,0.193337,0.127994,-0.028647,0.219913,0.170122,-0.019960,0.085275,0.093715,0.097319,0.002268,0.039636,-0.069870,0.268238,0.046024,-0.144640,-0.051746,-0.067830,0.023991,0.232263,-0.083839,-0.060598,0.051825,0.097617,0.046276,0.115524,0.391867,-0.096659,0.329365,0.009134,-0.042801,-0.259096,0.132865,0.014945,-0.215360,0.013898,-0.075316,0.048873,0.213920,-0.054790,-0.059276,-0.000140,0.127307,-0.013764,0.312317,-0.125023,0.046524,-0.048153,0.267733,0.249682,0.018346,0.111786,-0.123536,-0.031514,0.113577,0.117743,-0.079203,0.240216,0.112684,-0.030672,0.058409,-0.229627,0.145301,0.039845,0.145840,-0.093200,0.062237,-0.229930,-0.053656,-0.029904,0.044505,0.124804,-0.154961,-0.134000,0.060860,-0.025028,0.116432,-0.077534,-0.031041,-0.144384,0.209591,0.081427,-0.099572,0.322174,-0.115628,-0.011859,0.215492,-0.088015,-0.207466,-0.064919,0.109155,0.006735,-0.020175,0.035741,0.211766,0.154712,-0.103586,-0.202245,-0.051355,-0.222062,0.345467,-0.159640,-0.087072,-0.072005,0.152758,-0.189681,0.122268,0.070424,0.017691,0.164768,0.056546,0.000246,-0.048402,-0.075222,0.102649,0.038229,0.098173,0.010403,0.061143,-0.061737,0.014150,-0.233952,-0.007951,0.270566,0.041272,0.147635,-0.070149,-0.208144,0.000597,0.014151,-0.011581,0.053000,0.073259,-0.203162,0.282170,-0.162249,0.201368,-0.067531,0.182170,-0.022092,-0.038956,0.223793,-0.003137,-0.149290,-0.216562,0.106268,0.107539,-0.036851,0.000173,0.200553,0.122312,0.005076,-0.110090,-0.130055,-0.006053,0.149518,0.012414,0.016050,0.268138,0.085440,-0.107644,-0.087334,0.052528,-0.003186,0.065449,0.026275,0.235261,-0.074158,0.178018,-0.073703,-0.118806,-0.037503,0.017034,0.097159,-0.018926,0.159381,-0.022194,0.232081,0.012094,-0.089818,-0.014747,0.136075,0.058785,0.174620,#
7,-0.048938,0.096427,0.173581,-0.008463,0.150327,0.227967,0.002979,1.000000,0.333114,0.005785,0.246125,0.007429,0.071212,0.004598,0.238453,-0.019313,0.139012,-0.004158,-0.090887,0.003651,-0.041281,0.036361,0.266389,0.142320,0.079245,0.075894,0.107410,0.007875,0.028740,-0.100297,-0.084402,0.201317,0.053355,0.185100,-0.144331,0.004985,0.018132,0.026678,0.299488,0.090756,-0.202624,0.000697,-0.072927,0.226363,0.204421,0.108598,0.203388,0.202248,-0.090775,0.139491,0.265626,0.002905,0.058040,0.046431,0.021090,0.056076,-0.080085,0.004293,0.100648,0.129406,0.157094,0.152807,0.011580,-0.034521,0.046974,0.036686,-0.217685,0.038729,0.116861,0.397897,-0.051981,0.001258,0.411109,0.111562,0.238900,0.019078,-0.108462,0.059061,0.146104,0.230779,0.091731,-0.008255,-0.045747,0.171076,-0.017748,0.107413,0.035350,0.081193,0.023499,0.180138,-0.192600,0.004279,-0.013093,0.174394,-0.007478,-0.300639,-0.076747,-0.003385,-0.027265,0.071159,0.219205,0.145167,-0.044206,0.137716,0.024457,0.180492,-0.044798,0.013545,0.014855,0.130588,-0.004009,-0.046699,0.081111,-0.003311,0.321590,-0.035779,0.150259,-0.180977,-0.063607,0.273215,0.068118,-0.012901,-0.122577,0.368639,0.166477,0.030440,0.388368,0.204135,0.089719,-0.250268,0.083044,-0.156253,0.234365,0.186244,0.258684,0.103234,-0.162157,0.039039,0.092907,-0.001329,0.140056,-0.081586,0.059499,-0.060780,0.060517,-0.054023,0.033902,-0.026260,0.111790,0.156408,0.086918,0.044048,0.186217,0.223381,-0.279990,0.285710,0.016640,0.161325,0.012362,0.205951,0.034631,-0.153071,0.211951,0.050455,-0.165941,0.239223,-0.010591,-0.118354,-0.094806,-0.019562,0.112649,0.170619,0.377260,0.078569,0.188017,0.008008,0.102651,-0.050715,-0.087870,0.285073,0.326946,0.088370,-0.002408,-0.042900,0.060944,0.164918,-0.067454,-0.197286,-0.020163,0.128948,-0.103660,0.053858,-0.096186,-0.168952,0.044935,0.027731,-0.113925,0.231991,0.076698,0.163700,#
8,0.054659,0.192851,-0.010881,0.193393,0.040805,0.050363,0.222634,0.333114,1.000000,0.114550,0.005145,-0.064759,0.038963,0.065323,0.184045,0.362406,-0.121344,0.161644,0.065214,0.080805,-0.210233,0.423935,0.366530,0.051331,-0.113414,0.130476,0.062525,0.161998,0.052138,0.260226,0.159306,-0.023656,-0.059092,0.252985,-0.083095,0.180367,0.093524,0.133570,0.099085,0.137557,-0.168486,0.341645,0.021934,0.123666,0.015242,-0.005790,-0.053363,0.168511,0.148748,0.214778,0.288932,0.232693,-0.160347,-0.005349,0.040509,0.391177,0.183487,0.061669,-0.047740,0.316126,0.330627,0.018912,0.378245,-0.058203,0.247131,0.251813,0.050805,0.040143,0.154334,0.262054,0.231670,0.044648,0.213190,0.320439,0.222199,0.062418,0.093937,-0.003514,0.095314,0.254951,0.184517,0.103352,-0.053410,-0.022647,-0.009660,0.026175,-0.052041,-0.076387,-0.142318,0.339752,0.077932,-0.016884,-0.161605,0.140223,0.086391,0.021585,0.205126,-0.075356,-0.205139,0.021800,0.342758,0.175989,0.119645,0.157915,0.191646,0.114830,0.134332,0.094305,0.126304,0.037507,-0.131578,0.006064,-0.104832,-0.099235,0.359319,0.215276,0.219247,-0.213277,-0.018575,0.112379,0.108332,0.076282,0.039484,0.222611,0.155896,0.202718,0.240553,0.266476,-0.000686,0.113106,0.041444,-0.071759,0.326111,0.185166,0.248589,0.114169,-0.117578,-0.039793,-0.111055,0.003072,0.105382,0.138588,0.341404,0.188515,0.063624,0.189102,0.274118,0.257242,0.189137,-0.081137,0.153317,-0.147930,0.162130,0.247201,0.243072,0.312435,0.102529,0.366030,0.029787,0.169277,-0.012921,0.001746,0.201822,0.111005,0.161027,0.170505,0.133080,-0.075024,0.188160,0.177249,-0.030625,0.143359,0.257396,0.045313,0.217487,0.064051,0.059349,0.026944,0.026215,0.196586,0.225601,0.006458,0.017227,0.300412,0.122101,0.177009,0.090855,0.005020,0.025395,0.051648,0.075432,0.127666,0.061920,0.009944,0.192706,0.146188,-0.077721,0.362052,0.359024,0.045066,#
9,0.023884,0.160651,0.102044,0.039675,0.132116,0.122658,-0.000130,0.005785,0.114550,1.000000,0.281717,-0.103933,0.091189,-0.244541,0.150577,0.286812,-0.121330,0.034816,0.236643,0.179736,0.090889,0.129806,0.214487,0.258598,0.064923,-0.173698,-0.041773,0.097033,0.020476,0.093466,0.286862,-0.058739,-0.165212,0.222911,0.141381,0.105855,-0.095143,0.122833,0.303375,-0.103336,0.249530,-0.156163,0.068939,-0.055947,0.053305,0.112590,0.162002,0.044990,-0.128815,-0.000177,0.000101,0.039554,-0.006248,-0.079121,-0.124334,0.329845,0.124420,-0.053038,0.184878,0.037570,0.094354,0.135244,0.214299,0.133789,0.220187,0.242011,0.013679,0.146504,0.026651,-0.085210,0.394994,0.208329,0.129007,0.067910,-0.080137,0.044605,-0.132899,-0.012851,0.090794,0.290271,0.126176,-0.023714,-0.120317,-0.190930,0.217835,-0.140391,0.042250,0.307757,0.108729,-0.276682,-0.059460,0.313846,0.029687,-0.037698,0.087523,-0.137585,0.239501,0.332435,0.063246,-0.267035,0.133300,-0.019379,0.443324,-0.191177,0.263556,-0.000228,0.034081,-0.157001,0.084095,-0.111962,0.131620,0.167825,0.321754,0.332386,-0.128695,-0.055320,0.029080,-0.173003,-0.028462,-0.071428,0.055374,0.282155,0.016794,0.088818,-0.034151,-0.168003,-0.152292,0.232098,0.162535,0.138870,0.101610,0.064659,0.219647,0.318265,0.000058,-0.078908,0.030555,0.033967,-0.134917,-0.143593,-0.062277,-0.044848,0.195587,0.274902,0.052014,-0.104222,-0.026133,0.062327,-0.178238,-0.080239,0.118266,-0.197773,0.161001,0.078201,0.140935,-0.014823,0.156630,0.234009,0.007697,0.027087,0.102405,-0.077386,0.175094,0.317672,0.212610,-0.063463,0.057619,-0.011577,0.100971,0.018926,0.175927,0.014977,-0.020381,0.157823,0.144012,0.295237,-0.043034,0.006882,0.020631,0.175035,0.064977,-0.191124,0.170105,0.005947,-0.006003,-0.025440,-0.075647,-0.235477,0.332516,0.112063,-0.000328,0.000132,-0.043041,-0.000074,0.026603,0.047610,-0.136764,0.251653,-0.049613,-0.080149,#
10,0.046008,0.246832,0.314638,-0.074726,-0.132951,0.093904,-0.049337,0.246125,0.005145,0.281717,1.000000,-0.055012,-0.188398,-0.221931,0.063134,0.171887,-0.028215,0.000386,-0.069672,0.073726,0.013093,-0.129647,-0.062394,0.069051,0.140102,-0.018576,-0.026435,0.209892,-0.332753,-0.000126,-0.048764,0.018752,-0.079654,0.000482,-0.010369,0.110539,-0.080741,-0.024730,0.093066,-0.153016,0.210645,-0.101470,-0.039362,-0.120068,0.085368,-0.036437,0.105411,0.045937,0.054469,0.322519,-0.189174,0.109423,0.118675,-0.005887,0.026580,-0.023005,-0.295346,-0.224940,0.043052,0.144927,-0.068875,0.020428,0.071853,0.168488,-0.115146,0.111321,0.195834,0.071198,-0.074016,-0.067301,-0.175792,0.232679,0.085543,0.041536,-0.010283,-0.089511,-0.153134,-0.018760,0.034741,0.041439,0.238932,0.016577,-0.013181,-0.038673,0.035802,-0.077223,-0.087667,0.242885,-0.048777,0.083890,-0.010152,0.255456,0.010628,0.152190,-0.084613,0.079619,-0.129472,-0.094525,0.254694,-0.068880,0.056199,-0.057771,-0.046038,-0.037205,0.142197,-0.221860,0.145520,0.135251,-0.023810,-0.072262,0.122286,0.006409,-0.005604,0.015330,0.069324,0.275794,0.022471,-0.085406,-0.045982,-0.025544,0.034517,0.147821,-0.221623,-0.037632,-0.121844,-0.173946,0.230515,0.131482,0.106436,-0.026408,-0.121127,-0.044643,-0.091198,-0.022113,-0.027331,-0.109834,-0.224192,0.332242,-0.203868,0.021708,0.237778,0.031682,-0.173456,0.028103,0.203420,-0.197091,-0.184033,-0.184574,-0.030355,0.028717,0.011582,-0.004572,0.203210,-0.039760,-0.172648,0.057887,0.188953,-0.093214,-0.151188,-0.061728,0.116877,-0.061905,0.264490,0.147698,0.099016,0.042170,0.303999,-0.081506,0.098374,0.251122,0.100147,-0.047030,-0.059373,0.162885,0.102718,-0.178150,0.145736,0.144918,-0.146246,0.037269,-0.023139,-0.036948,0.196987,-0.021479,0.104672,-0.143943,-0.061545,-0.309961,0.125330,0.026143,0.048939,0.109312,0.115940,-0.091000,0.073052,-0.138255,-0.290169,0.269667,-0.055253,0.268530,#
11,-0.057755,0.205418,0.193385,0.094581,0.244396,-0.091109,0.076956,0.007429,-0.064759,-0.103933,-0.055012,1.000000,-0.006036,-0.016998,-0.107867,-0.312099,-0.163686,0.075725,0.107443,-0.214445,0.036246,0.254000,-0.108040,-0.190854,-0.026588,0.238451,-0.292628,0.062604,-0.057762,0.022046,0.041230,0.007451,0.049147,0.159953,0.056220,-0.125959,0.287907,0.163007,-0.023299,0.297566,-0.165810,0.020810,0.149332,-0.082180,-0.099131,0.087632,0.251778,-0.018653,0.007649,-0.040098,-0.085085,0.122806,-0.040336,0.138945,-0.018716,-0.131541,-0.223224,0.117867,0.049474,-0.059692,0.226093,-0.131843,-0.085190,-0.234453,0.121888,0.118180,0.164410,0.189849,0.206847,0.219184,0.108985,0.188187,0.077116,-0.021752,-0.007081,-0.173943,0.031557,-0.093844,-0.138151,-0.314221,-0.071101,0.086440,0.238560,-0.154689,0.325571,-0.055959,-0.150658,0.007659,0.019180,0.044559,0.014237,0.183015,0.017920,0.164914,0.062900,0.103973,-0.255607,-0.105713,-0.042092,0.096715,0.028919,0.224176,-0.142749,0.039260,-0.146687,0.300999,-0.137516,0.188795,0.146272,0.103805,-0.017594,0.000215,0.138829,0.064724,-0.261334,0.184206,0.087852,0.016630,-0.351385,0.069666,-0.080679,-0.181701,-0.040373,-0.007776,0.120845,-0.186894,-0.118976,-0.096810,0.131550,0.008338,0.067243,0.249103,0.075272,0.145640,-0.141333,-0.079803,-0.137291,0.204858,0.058910,0.363642,0.222188,-0.215604,-0.038041,0.171135,0.151270,0.137712,0.006311,-0.029387,-0.198148,-0.095560,0.052254,0.218585,-0.036248,0.043724,0.186382,-0.017354,-0.024268,-0.139873,0.202987,-0.162069,0.015469,0.260570,-0.224762,0.007528,-0.080635,-0.050319,-0.022658,0.068731,-0.139552,0.146935,-0.163894,-0.071187,-0.024435,-0.137571,0.062573,-0.123227,-0.068296,-0.060994,-0.142947,0.116312,0.162319,-0.137293,0.246612,-0.191288,-0.007179,0.068215,-0.078462,-0.038139,0.102990,0.339957,0.102633,0.109192,0.207895,0.154490,0.207193,-0.170940,0.038555,0.122287,-0.075604,0.313045,#
12,-0.031650,0.050620,-0.039960,0.020546,0.064250,0.126973,0.121368,0.071212,0.038963,0.091189,-0.188398,-0.006036,1.000000,0.082001,0.184803,0.034957,0.297863,0.264384,0.089206,0.160955,-0.076304,0.167625,0.178379,0.095298,-0.104945,-0.076171,0.231951,0.223198,0.108659,-0.007504,0.114347,0.037535,0.267750,-0.011444,0.023040,-0.034654,-0.008006,0.022862,-0.101783,0.220609,-0.015483,-0.149029,0.242386,0.363611,0.135506,0.145641,0.229188,-0.132162,0.152756,-0.061009,0.270872,-0.228419,-0.026204,0.292279,0.040940,0.066592,-0.075196,0.088512,-0.010397,-0.191731,0.036340,0.472147,-0.197075,0.157491,0.303180,0.016704,-0.159377,0.030810,0.017314,0.020738,0.200004,0.138597,0.322057,0.007751,0.267437,0.182962,0.105694,-0.182596,0.046965,0.058424,0.252174,-0.039625,-0.064880,0.027589,-0.044408,0.090303,0.071712,0.142137,0.250479,-0.039077,-0.079820,-0.138959,0.044262,-0.054913,0.053144,0.133460,0.360156,0.248396,-0.173288,0.113855,-0.088808,0.143596,0.096181,0.384507,0.042666,-0.002762,-0.002184,0.006602,-0.053859,0.022933,0.268192,0.091971,0.015792,-0.091237,0.062671,-0.015809,0.259547,-0.258144,-0.001662,-0.215237,0.100248,0.161045,0.042670,0.302612,0.112952,-0.143854,0.034801,-0.225119,-0.184351,-0.134062,0.047128,0.102946,-0.072792,0.176914,0.142675,-0.175981,0.190419,0.080180,0.346568,-0.018214,-0.059564,0.227121,0.167243,0.000353,0.175098,0.136582,0.097635,0.129979,0.044735,0.237953,0.068788,0.144826,0.177091,-0.036550,0.040244,0.381753,-0.027924,-0.093767,-0.027151,0.026878,0.067294,0.304913,0.151144,0.095939,0.245229,0.053416,0.090846,0.205000,-0.102109,-0.124299,0.063456,0.254544,0.193779,0.066872,0.226383,0.043036,0.057508,0.017293,0.051099,-0.105632,0.055711,0.230776,0.050145,-0.021744,-0.017079,0.062618,0.136107,0.183597,0.049609,-0.192835,0.035458,-0.062862,0.125710,0.118495,-0.144108,0.032550,-0.082840,0.019314,0.002575,-0.070948,#
13,-0.090675,-0.351696,0.105621,-0.117338,0.002083,-0.040836,0.115456,0.004598,0.065323,-0.244541,-0.221931,-0.016998,0.082001,1.000000,0.144505,-0.144676,0.055257,0.042229,0.172466,-0.108296,0.275976,0.009004,0.064866,0.032726,-0.309580,0.100583,0.063820,0.134253,0.010988,-0.008670,-0.126460,-0.087428,0.280902,-0.074377,0.150276,-0.061533,-0.179741,0.149643,-0.314877,0.119838,-0.020647,0.181321,0.128756,0.061731,0.274321,0.095660,0.018949,-0.057721,0.099145,-0.238407,0.108105,0.001844,-0.111260,0.299769,-0.011250,0.014146,-0.055150,0.165564,-0.015673,0.037736,0.080901,0.163112,0.047042,0.022385,0.002948,-0.051942,-0.063846,0.114116,0.144955,-0.060193,0.088844,-0.027210,-0.061586,0.054240,0.118106,0.225114,-0.006858,0.027992,-0.017309,0.377423,0.143575,0.096183,0.273875,-0.034823,-0.201882,0.012970,0.099604,-0.264100,0.162063,-0.058571,0.090866,-0.028464,0.189323,0.122309,0.128109,-0.186705,-0.048918,0.104561,0.132133,0.340545,0.009596,0.181554,0.035996,0.212997,-0.023185,0.068416,0.019233,-0.069854,0.118577,0.036627,0.033099,0.187145,0.230384,-0.135620,0.286126,0.096650,0.034743,0.189108,0.044925,0.543031,0.062924,-0.138671,0.085729,-0.071455,-0.146088,-0.197737,-0.172933,-0.201952,0.022512,-0.014385,-0.164296,0.193620,0.084940,0.112843,0.269937,-0.189465,0.082084,-0.057520,-0.075674,-0.008773,-0.300597,0.065802,0.279849,0.158110,0.004142,0.038065,0.216831,-0.007586,-0.076169,0.048502,-0.091445,0.054438,0.063721,0.111046,-0.029304,0.174390,-0.188747,-0.027194,0.049644,0.155912,0.077865,0.036154,0.132344,0.148143,0.007945,0.147673,-0.134468,-0.059070,-0.081454,-0.077871,0.066960,0.156253,0.221736,0.000307,0.199473,-0.214099,-0.103991,0.075136,0.208947,-0.131406,-0.020550,0.328957,-0.089799,-0.081443,0.290864,0.073645,0.246661,-0.096977,-0.319237,0.002609,-0.037572,-0.116602,0.014105,0.316479,0.091359,0.277664,0.074301,-0.287435,0.224493,0.034577,#
14,0.259392,-0.180718,0.010716,0.096017,0.009203,-0.049900,-0.034849,0.238453,0.184045,0.150577,0.063134,-0.107867,0.184803,0.144505,1.000000,0.291029,0.026173,-0.044258,0.405507,0.132085,0.098187,0.033158,0.234002,0.167599,0.097833,-0.090204,0.136309,0.117728,0.249213,0.077344,0.044646,0.307442,0.059271,0.171731,0.328721,0.151156,0.028129,0.122763,0.089223,0.242600,-0.252338,-0.100343,0.036039,0.110604,0.284493,0.171839,0.040822,-0.026770,-0.163337,0.159739,0.069919,-0.035007,0.103951,0.209007,0.217928,0.021717,0.141510,0.190710,0.184611,0.114760,0.137700,0.161323,0.151300,0.353697,0.001355,-0.160218,-0.037509,0.036426,-0.167365,0.311950,0.149829,0.061189,0.156415,0.167316,0.241305,-0.049179,0.389588,0.098550,0.031207,0.047941,0.095984,0.198409,0.108919,0.112218,0.024449,-0.012386,-0.079427,0.118788,-0.067508,0.027312,-0.214749,0.000497,0.255688,0.213173,-0.049310,0.069033,0.362252,0.098553,0.176555,0.062989,0.225942,0.201536,0.174217,0.116937,0.296914,-0.184212,-0.076927,-0.078765,-0.288027,-0.063328,0.100422,-0.052920,0.047375,0.131753,0.151806,0.145208,0.193700,-0.387047,0.066837,0.063419,0.186175,0.180383,-0.039954,0.049098,0.055044,-0.021058,-0.004334,0.229963,0.066436,0.100792,-0.172174,-0.107657,-0.129016,0.163134,0.258309,0.024925,-0.236398,0.051259,-0.016517,-0.219350,-0.137841,0.065513,0.185927,0.173018,-0.202976,0.257837,0.014621,-0.049681,0.052898,-0.025997,0.093647,0.020899,0.123734,0.047535,-0.118653,0.313600,0.210518,0.061776,-0.106309,0.169643,0.120107,0.056858,0.205534,-0.010620,0.083795,0.202225,0.200867,0.003355,0.088246,0.242626,-0.051399,-0.080655,0.338938,0.030112,-0.026252,0.043025,0.210134,0.048602,0.148213,-0.156344,0.329831,0.327815,-0.016404,0.046090,-0.031865,-0.195181,0.004231,-0.217358,-0.115059,0.099578,-0.195295,0.035315,0.074289,0.178391,0.155093,0.102373,-0.085588,0.064248,0.269890,-0.212746,#
15,0.381394,0.032686,0.066440,-0.028448,0.065292,0.089884,0.200356,-0.019313,0.362406,0.286812,0.171887,-0.312099,0.034957,-0.144676,0.291029,1.000000,0.138839,0.325330,0.135583,0.072248,-0.028284,0.084235,0.297083,0.304134,0.066815,-0.018613,0.210647,0.063365,-0.041127,0.246469,-0.041428,0.225403,0.009561,0.138698,0.049472,0.328971,0.031012,-0.104890,0.213263,0.056119,0.096756,0.083401,0.165165,0.084007,0.110243,-0.011451,-0.234647,0.256143,0.047328,0.228882,-0.145536,0.390254,0.101661,0.044456,0.219374,0.070474,0.032201,-0.048467,0.215876,0.164029,0.246618,-0.036688,0.177488,0.228399,-0.002325,0.295279,0.087918,0.199664,-0.026541,-0.105666,0.057274,0.105107,0.072962,0.130962,0.073175,-0.118650,-0.068901,-0.069802,0.001437,0.124952,0.210721,-0.046220,-0.293680,0.073317,0.153005,0.138728,0.116405,0.316158,-0.129104,0.138173,0.105224,0.044620,-0.037068,-0.026223,0.141244,0.155121,0.277848,0.068344,0.149587,0.135863,0.359995,0.024379,0.141488,0.148934,0.166648,-0.122595,0.197312,0.048215,0.038375,-0.089231,0.052238,0.246871,-0.054707,0.088466,0.118555,0.024159,0.034151,-0.285555,-0.027168,-0.052985,0.164844,0.092657,0.147313,-0.072941,0.132112,0.283868,0.202637,0.366572,-0.055318,0.326411,-0.195395,-0.077844,0.028699,0.222916,0.169814,0.007329,-0.128634,-0.283422,-0.138722,-0.044599,0.184509,0.128034,0.073890,0.139309,0.080448,-0.093602,0.031431,0.021631,-0.028943,-0.121687,-0.070411,-0.152078,0.102944,-0.101074,0.110753,0.057049,0.356587,0.262911,-0.127369,0.127771,0.073975,-0.033101,0.304825,-0.039664,0.017522,0.292425,0.122122,0.144567,0.373006,0.084295,0.056395,0.313093,-0.139967,0.129549,0.114394,0.107131,0.305383,0.178330,0.093469,0.001789,0.151741,-0.110712,0.067937,0.304603,0.041679,0.081384,-0.075884,0.149099,-0.029490,-0.017502,-0.289179,0.149624,0.085334,-0.025313,-0.157315,0.272676,0.064353,0.137865,0.080383,-0.045399,#
16,0.394730,-0.095697,-0.172425,-0.019602,0.017990,0.110898,-0.047092,0.139012,-0.121344,-0.121330,-0.028215,-0.163686,0.297863,0.055257,0.026173,0.138839,1.000000,0.156265,-0.099208,0.231591,0.112172,-0.152649,-0.109223,0.164171,0.016197,-0.028832,0.209238,-0.192623,-0.151023,0.236949,-0.209543,0.044438,0.097431,0.122586,0.066158,-0.064899,0.020797,0.050371,0.074426,0.094661,-0.168158,-0.067536,0.245566,0.180595,-0.048354,-0.038948,-0.106455,0.019096,0.069324,0.131703,-0.036689,-0.039444,0.097201,0.301077,0.049478,-0.043034,-0.120017,-0.003755,0.015200,-0.173667,-0.178694,0.414928,-0.052306,0.023498,-0.175474,0.017668,-0.411982,0.217372,0.031458,0.196779,-0.242333,0.025103,0.253408,0.154820,0.043982,-0.062062,-0.163847,0.012630,-0.001822,0.090368,-0.046929,-0.183237,-0.148925,0.271299,0.126848,0.172891,0.086665,0.153579,0.334980,0.020057,-0.060322,-0.136286,0.141902,-0.184026,0.065328,0.064631,-0.068920,-0.005911,0.047210,0.115847,-0.180754,-0.011636,0.094334,0.104213,-0.070370,0.124750,0.163141,0.020403,0.074369,-0.059149,0.092391,0.050822,0.009411,-0.083133,0.184064,-0.141674,0.249268,-0.083442,0.093368,0.060979,0.244590,0.196302,0.200337,0.086471,0.272146,0.050149,0.235891,-0.136941,-0.017785,0.081459,0.093799,-0.172434,-0.095451,-0.179703,0.233157,0.007361,0.022935,-0.136262,-0.144355,-0.030012,0.029440,-0.049035,-0.069945,-0.053727,-0.054739,-0.165991,0.159850,-0.105920,0.129417,0.383494,-0.276568,0.217946,-0.010982,-0.075627,-0.109174,0.203706,0.087285,0.110260,-0.122400,0.221635,0.099034,0.057418,0.016275,-0.111555,-0.050690,-0.051215,0.043074,0.163785,-0.024828,-0.185160,0.174145,0.047559,0.019652,0.018792,-0.082520,0.027073,0.040775,-0.112602,0.239615,-0.070567,-0.115346,0.096098,-0.126512,-0.187055,0.097578,0.121381,0.034904,0.235529,0.002120,-0.066568,0.035021,0.014059,-0.213285,-0.021696,-0.131704,0.262274,0.044370,-0.160804,-0.205676,0.036714,#
17,0.254505,0.084667,-0.042825,0.130592,0.030671,0.112114,0.193337,-0.004158,0.161644,0.034816,0.000386,0.075725,0.264384,0.042229,-0.044258,0.325330,0.156265,1.000000,-0.120299,-0.163304,0.095470,0.135381,0.157318,0.237269,-0.200212,0.101081,0.242378,0.021031,-0.150264,0.099056,0.168834,0.089347,0.159551,0.041750,0.056814,0.270447,-0.140540,0.242221,0.298034,0.102394,0.194980,0.206067,0.186689,0.234425,-0.083908,0.174254,-0.007737,0.343940,0.093266,0.019437,0.109663,0.154495,0.071373,0.130502,-0.055446,0.068610,-0.036229,-0.016851,0.016966,-0.003076,0.134347,-0.003039,-0.079671,0.235556,0.161237,0.369997,0.204725,0.276811,0.134417,0.088892,-0.038796,0.288582,-0.005766,-0.113266,-0.052212,0.130288,0.018505,-0.110806,-0.063973,0.045216,0.033661,0.084953,-0.151660,0.052848,-0.028391,-0.031118,0.370856,-0.031573,0.109603,0.132128,0.088301,-0.050634,0.170475,0.120082,0.167369,0.252406,0.034371,-0.054725,-0.078334,-0.011510,0.286308,-0.114700,-0.084853,0.200272,0.103623,-0.030552,0.269517,0.126508,0.298399,0.038023,-0.007140,0.042000,-0.197401,-0.038632,0.123275,-0.038259,0.096490,-0.066538,-0.023113,0.073614,0.154113,0.012667,0.083096,0.096940,0.143260,0.288339,0.094566,-0.070387,-0.047407,0.056061,0.277486,0.041885,0.143726,-0.023378,-0.069950,0.023280,0.152325,-0.087330,0.108919,0.148860,0.208819,0.189682,0.215792,0.180852,0.160344,0.069115,0.004089,0.246391,-0.078259,-0.044488,0.072117,-0.113470,0.010070,-0.099944,0.221968,0.211985,0.204831,0.125513,0.112388,-0.125852,-0.028656,0.137526,0.089190,0.319827,0.029909,0.015324,-0.070937,0.053971,0.242399,-0.081036,0.104736,-0.094348,0.000394,-0.000400,0.137631,0.080700,0.310864,-0.095515,0.029409,0.183425,0.326139,0.152076,0.063350,0.118426,0.037469,0.193661,0.073377,0.218407,0.057360,-0.006500,-0.119467,0.199403,0.093525,0.110088,0.086741,0.203321,-0.036758,0.222953,-0.091661,0.170747,#
18,0.226537,-0.060536,-0.027222,0.263857,0.050965,-0.169197,0.127994,-0.090887,0.065214,0.236643,-0.069672,0.107443,0.089206,0.172466,0.405507,0.135583,-0.099208,-0.120299,1.000000,0.201924,-0.051218,0.105617,0.180888,0.186617,-0.065006,-0.027106,-0.085365,0.175424,0.019257,-0.119183,-0.007478,0.007196,0.087672,0.132851,0.296915,-0.113417,-0.076094,0.063629,-0.081526,0.335495,0.064356,-0.208510,0.165613,-0.048941,0.261891,-0.130233,-0.036992,-0.160740,-0.272686,0.080029,-0.142003,-0.128831,0.098222,0.189735,0.215328,0.056441,-0.025736,0.203261,-0.021807,0.139192,0.092863,-0.068757,0.359609,0.038445,0.322625,-0.010933,0.103235,-0.133051,-0.286268,0.090395,0.137839,-0.023518,-0.013937,0.032686,0.205746,-0.063426,0.252971,0.001131,-0.006398,0.149896,0.007289,-0.065664,0.037242,0.073321,-0.095017,-0.094837,0.017429,0.132280,0.081615,-0.000205,0.096575,-0.051436,-0.011886,-0.236666,0.011014,0.013726,0.190914,-0.013531,-0.044867,0.142028,0.229714,0.311575,0.118826,0.076737,0.369796,0.043389,0.046437,-0.295786,-0.157057,-0.224157,0.225652,-0.172872,0.266120,0.035053,-0.143163,0.082416,-0.081573,-0.244760,-0.039210,-0.018347,0.125952,0.080209,0.102633,-0.254052,-0.057188,-0.159841,-0.297154,0.339548,0.084599,0.028859,-0.279298,0.218640,-0.099103,0.283538,0.049762,0.120917,-0.101891,0.146507,-0.182184,0.061617,-0.163735,0.088807,0.133057,0.203226,-0.141990,0.197054,0.138995,0.049285,-0.301561,-0.006696,-0.135092,-0.035066,0.031085,-0.001005,-0.008790,0.067700,0.061623,0.040296,0.046943,0.156161,0.143133,0.063931,0.016895,0.179391,0.017027,0.294502,0.046804,-0.037977,0.121137,0.242731,-0.148738,-0.052655,0.181357,0.210063,0.064229,0.182918,0.049377,-0.081239,0.038158,0.068832,-0.016469,0.003465,0.033578,-0.069186,0.204103,-0.184474,0.300212,-0.248217,-0.041832,-0.073052,0.089852,0.086522,0.154517,0.341097,0.157089,0.094403,-0.031030,-0.066875,0.101950,-0.044290,#
19,0.195401,0.122016,0.004326,-0.129602,0.157868,0.336980,-0.028647,0.003651,0.080805,0.179736,0.073726,-0.214445,0.160955,-0.108296,0.132085,0.072248,0.231591,-0.163304,0.201924,1.000000,-0.119842,-0.197129,0.146926,0.044907,-0.006919,-0.077564,0.089931,0.185415,-0.105606,0.074309,0.245312,-0.101899,-0.093012,0.003550,-0.120014,-0.128471,0.050084,-0.039666,0.113030,0.147285,0.060324,-0.198399,0.040033,0.064449,-0.058587,0.028451,0.176028,-0.111819,0.161944,0.123992,-0.159753,-0.092795,-0.019201,0.240783,-0.003772,0.092304,-0.053735,-0.043934,0.158560,0.059968,-0.025061,0.365527,0.251823,0.138048,0.096249,-0.160103,-0.153255,0.064210,-0.150232,-0.052657,0.218900,-0.079761,0.097306,0.181156,0.062807,0.080854,0.114960,0.093151,0.370217,0.155188,-0.042813,-0.265946,0.153092,0.113431,-0.151679,0.113498,-0.075965,0.242639,0.203176,-0.260375,-0.053593,-0.028796,0.105083,-0.163201,-0.065718,0.114097,0.185247,0.106561,-0.184814,0.077163,0.157342,0.084123,0.033742,0.068594,0.249709,0.365803,0.077761,0.032818,-0.073720,-0.199600,-0.057018,0.032206,0.057834,-0.116411,-0.021479,0.001977,0.313963,-0.038785,0.053938,-0.370995,-0.057072,0.154268,-0.040515,-0.041496,0.185798,-0.118034,0.150669,0.000549,0.008251,0.044703,0.050074,-0.053456,-0.155441,0.233411,0.340528,-0.115641,0.096053,0.116447,-0.239377,-0.212501,-0.051957,-0.062879,0.055075,0.043587,0.043812,0.083403,0.029000,-0.090406,0.027670,0.138300,0.041354,0.211265,0.090177,-0.129053,0.056216,0.170334,0.118580,0.115387,0.026835,0.249668,0.325864,-0.169736,-0.003992,-0.065598,0.202035,0.111744,0.030341,0.159172,0.258490,-0.030060,-0.004927,0.009532,0.427108,0.252953,-0.013999,-0.127936,0.052100,0.130427,0.161801,-0.033138,-0.019380,0.036291,0.090560,0.232033,0.242280,-0.027578,0.026910,-0.102401,0.044483,-0.072841,0.260196,0.232028,-0.073567,0.052199,-0.000819,0.159164,-0.398236,0.056432,0.254602,0.045889,#
20,-0.164416,-0.320362,0.100472,-0.063464,0.281409,-0.123003,0.219913,-0.041281,-0.210233,0.090889,0.013093,0.036246,-0.076304,0.275976,0.098187,-0.028284,0.112172,0.095470,-0.051218,-0.119842,1.000000,0.082400,-0.056890,-0.039162,0.026489,0.327940,0.134274,-0.173625,-0.087398,0.019200,-0.093766,-0.171201,-0.040576,0.009307,0.207325,0.206865,0.141637,0.107338,0.267600,0.185137,-0.091873,0.090988,0.131185,-0.180813,0.234779,0.118916,0.100916,-0.204215,-0.332737,-0.021190,-0.165702,0.007958,-0.089462,0.301642,0.146028,0.092161,0.056900,0.198447,0.075092,-0.000046,0.130551,0.006502,0.009846,0.033158,-0.008852,-0.113534,-0.044153,0.057298,-0.143320,0.055245,0.258653,0.176003,-0.174608,-0.019560,0.041755,-0.076734,-0.279753,-0.007295,-0.073907,0.049973,0.141434,0.126723,0.027606,-0.168960,0.003509,0.123103,0.080949,0.010235,0.122112,-0.195363,0.043633,-0.004938,0.058686,0.085726,0.303456,-0.217360,0.081384,0.171763,0.014638,0.014803,0.034439,-0.041526,0.321642,-0.208301,0.107540,-0.108337,0.099539,-0.053079,-0.207805,0.241642,0.230822,0.194486,0.010605,-0.109971,0.020147,-0.123460,0.242852,0.150541,-0.036284,0.256151,0.203165,0.086645,-0.005257,0.103931,-0.025206,0.051779,-0.097526,-0.015478,0.364175,0.061179,0.260536,-0.109474,0.057904,0.095194,0.026700,-0.172490,-0.127523,-0.259490,-0.061241,-0.029219,-0.118568,0.067403,0.248677,-0.029574,-0.039376,-0.033028,-0.069874,-0.010220,-0.158695,0.166168,0.150532,-0.036679,-0.006616,0.255548,0.038844,-0.119629,-0.050143,-0.159967,-0.011675,0.139144,-0.010374,0.062240,0.063050,0.025400,-0.015060,-0.185774,0.030108,-0.012454,0.016074,-0.034947,0.150365,-0.255050,-0.010772,-0.000159,-0.014181,-0.051445,-0.158425,-0.177427,0.150611,-0.044819,0.015140,0.006604,-0.060804,-0.078008,0.177230,-0.022979,-0.050681,-0.022803,-0.119468,0.291811,-0.275429,-0.085960,-0.156325,0.298483,0.006994,-0.037872,-0.017956,0.017683,0.246454,0.139846,#
