0,1.000000,0.507962,0.633104,0.510188,0.279937,0.606550,0.468445,0.542717,0.534934,0.591539,0.429665,0.609484,0.437959,0.467282,0.599768,0.460758,0.467708,0.598113,0.506626,0.439287,0.569184,0.471888,0.639684,0.548178,0.416544,0.603684,0.541796,0.550282,0.460573,0.605086,0.555148,0.396585,0.490590,0.442012,0.595263,0.454556,0.548033,0.546635,0.460899,0.667924,0.659156,0.515318,0.657663,0.595994,0.471630,0.421463,0.581834,0.678150,0.494654,0.662645,0.460156,0.428263,0.561102,0.564470,0.518697,0.559211,0.462780,0.611000,0.491358,0.605540,0.627037,0.453843,0.536106,0.567845,0.437455,0.728168,0.651452,0.623116,0.589651,0.364579,0.531977,0.412492,0.650697,0.509095,0.547934,0.482873,0.643592,0.608402,0.499995,0.511652,0.622911,0.454087,0.516980,0.595643,0.586902,0.603128,0.465322,0.526715,0.353596,0.539301,0.568363,0.672833,0.519012,0.627112,0.610501,0.561170,0.510982,0.521035,0.597723,0.621933,0.538456,0.516967,0.528827,0.568907,0.543538,0.432002,0.510374,0.605030,0.482407,0.468258,0.577289,0.495904,0.563454,0.323027,0.456780,0.656423,0.451722,0.410235,0.575152,0.493444,0.312156,0.738090,0.609699,0.614059,0.545245,0.517011,0.432507,0.493674,0.420714,0.442063,0.459523,0.571538,0.558929,0.447138,0.536182,0.370347,0.539453,0.523052,0.493749,0.531603,0.453850,0.499997,0.458749,0.543780,0.704571,0.441064,0.450939,0.506303,0.556378,0.663095,0.619896,0.449158,0.570973,0.594501,0.381646,0.524812,0.404704,0.489622,0.533762,0.569526,0.609356,0.566149,0.418443,0.572122,0.476591,0.612892,0.580518,0.518637,0.508357,0.520758,0.556280,0.535439,0.421852,0.591529,0.647018,0.353975,0.417381,0.565162,0.526538,0.623720,0.442961,0.562623,0.511718,0.426345,0.536736,0.450564,0.548985,0.568506,0.479950,0.571186,0.595325,0.677224,0.580298,0.404345,0.370332,0.500637,0.545430,0.497088,0.672902,0.507630,#
1,0.507962,1.000000,0.437931,0.569756,0.488003,0.608364,0.430897,0.390138,0.452903,0.531355,0.456819,0.552842,0.431774,0.398041,0.617754,0.540515,0.354205,0.404446,0.444660,0.469647,0.573576,0.729762,0.617642,0.635826,0.483693,0.354279,0.645153,0.536184,0.425122,0.362908,0.621780,0.527004,0.503060,0.579045,0.585464,0.522099,0.380932,0.546536,0.495656,0.534850,0.463789,0.508557,0.517475,0.621973,0.390966,0.456357,0.657506,0.554424,0.537451,0.608587,0.465978,0.524204,0.635097,0.416118,0.576062,0.522357,0.420383,0.604872,0.655531,0.512236,0.404159,0.578684,0.344757,0.308796,0.535160,0.547401,0.581348,0.668494,0.563258,0.532787,0.418246,0.460348,0.608446,0.378840,0.486811,0.519463,0.504748,0.560572,0.559450,0.511035,0.503487,0.521125,0.654642,0.597620,0.563111,0.491815,0.415457,0.531907,0.578109,0.564553,0.507311,0.518077,0.528189,0.522291,0.428199,0.460861,0.565077,0.498971,0.432680,0.490950,0.514610,0.671529,0.403219,0.494615,0.430844,0.333287,0.502252,0.551361,0.446658,0.396861,0.560364,0.470078,0.456671,0.418759,0.473380,0.444884,0.519531,0.514305,0.431603,0.511202,0.575879,0.575295,0.507283,0.511689,0.341981,0.426863,0.512266,0.601884,0.497404,0.647287,0.375544,0.558418,0.424802,0.500237,0.615690,0.393676,0.504771,0.370583,0.504915,0.370359,0.480109,0.484529,0.537310,0.523292,0.510562,0.517153,0.492843,0.391592,0.523929,0.573794,0.603489,0.510409,0.576535,0.463210,0.419937,0.406366,0.394652,0.568306,0.401754,0.507348,0.448991,0.650764,0.507471,0.636389,0.527732,0.483241,0.446237,0.509375,0.324994,0.571955,0.476006,0.403984,0.437517,0.613419,0.423557,0.247305,0.428453,0.549546,0.526076,0.685158,0.412650,0.579553,0.510030,0.335869,0.524430,0.558139,0.591617,0.329986,0.414860,0.420422,0.528477,0.298530,0.505881,0.396873,0.570694,0.390929,0.507062,0.507289,0.518846,0.565276,#
2,0.633104,0.437931,1.000000,0.465850,0.311134,0.524492,0.424317,0.589635,0.439170,0.476588,0.519155,0.456696,0.398188,0.403263,0.627645,0.366564,0.492752,0.455308,0.404474,0.486748,0.411168,0.561376,0.517271,0.644070,0.413268,0.440612,0.617853,0.564111,0.663538,0.659784,0.547130,0.298150,0.440820,0.405913,0.519276,0.552243,0.587307,0.512920,0.558679,0.421868,0.548611,0.570848,0.531776,0.470045,0.393336,0.486187,0.691963,0.500956,0.496584,0.704777,0.353296,0.479840,0.536737,0.568957,0.653594,0.491692,0.443063,0.511477,0.487446,0.435517,0.557860,0.605491,0.580635,0.565426,0.549954,0.699562,0.615012,0.483622,0.561492,0.418113,0.519730,0.426728,0.631931,0.423693,0.617374,0.611726,0.607974,0.581649,0.425844,0.581907,0.562870,0.510741,0.553271,0.549587,0.589821,0.637674,0.531296,0.513146,0.495436,0.451193,0.486384,0.714037,0.534946,0.464322,0.611403,0.582876,0.522825,0.486251,0.693838,0.636364,0.447440,0.493535,0.435667,0.533397,0.420230,0.551305,0.604623,0.513430,0.593446,0.538911,0.567576,0.411887,0.626115,0.438709,0.454907,0.462793,0.433498,0.447774,0.625880,0.466459,0.483022,0.564359,0.459942,0.490923,0.590874,0.450143,0.573381,0.489607,0.400138,0.542132,0.543801,0.659221,0.609892,0.579740,0.503932,0.476775,0.501289,0.445480,0.490953,0.329207,0.551061,0.493171,0.304419,0.435121,0.513103,0.632454,0.524185,0.482315,0.407703,0.531650,0.602058,0.466996,0.492715,0.547956,0.375428,0.588614,0.487073,0.423966,0.364896,0.421330,0.411381,0.370334,0.428435,0.567918,0.435971,0.578126,0.711107,0.504424,0.327867,0.491802,0.496886,0.461380,0.411386,0.447304,0.587823,0.281348,0.182662,0.533413,0.529680,0.539453,0.434627,0.561330,0.468937,0.493216,0.406179,0.459805,0.519631,0.518451,0.558912,0.471511,0.520287,0.538247,0.665621,0.363783,0.421766,0.602001,0.525137,0.634856,0.454887,0.479832,#
3,0.510188,0.569756,0.465850,1.000000,0.399694,0.539073,0.427910,0.453394,0.484550,0.510552,0.431347,0.475841,0.513113,0.375611,0.519886,0.641147,0.435779,0.427025,0.497733,0.411591,0.406533,0.689850,0.483909,0.492454,0.518746,0.529191,0.540697,0.431474,0.518626,0.383665,0.533519,0.527439,0.496447,0.583933,0.521878,0.468833,0.469222,0.528055,0.282118,0.463369,0.491648,0.480098,0.471434,0.446377,0.393483,0.651309,0.588018,0.526561,0.645083,0.583401,0.480139,0.322998,0.534368,0.461001,0.482493,0.485288,0.314615,0.489256,0.649163,0.498533,0.477745,0.548545,0.340493,0.499560,0.554128,0.650046,0.453491,0.599947,0.475930,0.509608,0.493267,0.557414,0.547398,0.477021,0.519510,0.445154,0.533566,0.495928,0.521973,0.563470,0.534261,0.273132,0.511795,0.596124,0.593332,0.556700,0.425632,0.449218,0.457149,0.524623,0.422341,0.599214,0.602034,0.557140,0.517998,0.543610,0.506007,0.375670,0.499511,0.504675,0.361794,0.423369,0.345122,0.443392,0.455898,0.462432,0.495968,0.562161,0.405364,0.436346,0.574847,0.382915,0.431214,0.494104,0.516918,0.510659,0.457191,0.389943,0.575549,0.462590,0.354783,0.487613,0.476832,0.434941,0.449894,0.464969,0.583817,0.374563,0.490520,0.498729,0.258641,0.556099,0.365541,0.619699,0.681804,0.507347,0.602220,0.334145,0.410011,0.308129,0.433079,0.401520,0.399320,0.348632,0.432980,0.561014,0.364577,0.451010,0.428116,0.471208,0.486835,0.402908,0.441837,0.498914,0.434026,0.476286,0.512860,0.428132,0.354097,0.443656,0.437287,0.507806,0.425421,0.664240,0.498247,0.486410,0.463216,0.444427,0.422584,0.468514,0.419484,0.560364,0.400798,0.574920,0.406549,0.469216,0.262176,0.435014,0.574853,0.557797,0.325720,0.627918,0.425465,0.350503,0.358191,0.374177,0.453792,0.341979,0.575510,0.546327,0.400430,0.399856,0.440480,0.373448,0.389521,0.477140,0.415945,0.391125,0.496990,0.573904,#
4,0.279937,0.488003,0.311134,0.399694,1.000000,0.609444,0.445092,0.280261,0.188878,0.347464,0.405282,0.419851,0.198292,0.476895,0.397256,0.468421,0.360114,0.449492,0.413258,0.509988,0.335524,0.474395,0.295377,0.440466,0.343020,0.246809,0.425890,0.395970,0.319911,0.339008,0.547010,0.250893,0.497232,0.253331,0.336431,0.341315,0.346828,0.378458,0.269022,0.496296,0.355668,0.387521,0.347278,0.462418,0.395176,0.505937,0.484399,0.373650,0.483392,0.565881,0.239415,0.271001,0.482295,0.177194,0.434028,0.478853,0.302298,0.323823,0.547666,0.556873,0.296259,0.514440,0.325125,0.390137,0.448510,0.415941,0.429159,0.492811,0.369687,0.389481,0.591720,0.627690,0.392612,0.339306,0.293737,0.351297,0.443330,0.482284,0.474830,0.340835,0.367273,0.219291,0.527850,0.312543,0.583289,0.334559,0.303519,0.307307,0.505446,0.525470,0.314933,0.355491,0.280965,0.470804,0.336357,0.288963,0.379797,0.292123,0.358880,0.324498,0.497563,0.512919,0.434903,0.358132,0.462193,0.269798,0.401603,0.403716,0.372012,0.369973,0.358093,0.392254,0.511810,0.562493,0.311189,0.336596,0.456460,0.478284,0.378488,0.291388,0.421816,0.460998,0.504042,0.436840,0.337025,0.422256,0.311901,0.207297,0.586402,0.432933,0.556117,0.467684,0.289649,0.436191,0.568289,0.515263,0.417488,0.402640,0.322187,0.194540,0.256789,0.408104,0.382810,0.410162,0.346811,0.428864,0.445333,0.197722,0.343467,0.513481,0.474259,0.543900,0.406980,0.301077,0.448164,0.398282,0.471841,0.353694,0.424354,0.240214,0.236519,0.459937,0.481799,0.539226,0.432206,0.356125,0.431881,0.325903,0.361671,0.412715,0.304618,0.437910,0.361879,0.386687,0.567924,0.365699,0.104506,0.379431,0.432676,0.471685,0.435225,0.533830,0.525105,0.285135,0.492657,0.326741,0.297029,0.559244,0.290133,0.209579,0.399913,0.176894,0.344580,0.466341,0.448355,0.258672,0.433132,0.419251,0.376607,0.372122,#
5,0.606550,0.608364,0.524492,0.539073,0.609444,1.000000,0.501490,0.546971,0.489927,0.540692,0.399160,0.512280,0.433885,0.486877,0.496535,0.535460,0.389465,0.489212,0.555942,0.428281,0.442052,0.573135,0.546830,0.513938,0.472933,0.490342,0.656208,0.723325,0.455040,0.535290,0.589214,0.442745,0.515767,0.534572,0.530364,0.578021,0.491297,0.490390,0.465579,0.586418,0.511354,0.463643,0.459216,0.618471,0.536457,0.472335,0.594477,0.639024,0.547423,0.632251,0.536627,0.336251,0.615000,0.527902,0.572239,0.659364,0.478508,0.550528,0.723947,0.672243,0.404422,0.585823,0.433755,0.621005,0.445256,0.628871,0.531176,0.616469,0.575689,0.593254,0.624922,0.569325,0.629644,0.503436,0.508254,0.418248,0.625945,0.601628,0.512359,0.398023,0.583290,0.515069,0.565734,0.578002,0.658996,0.572778,0.478796,0.481023,0.543231,0.560446,0.550435,0.573586,0.465375,0.564755,0.484123,0.451841,0.558552,0.477401,0.639499,0.488706,0.615407,0.592032,0.644566,0.571759,0.529010,0.374030,0.540060,0.638152,0.499547,0.561281,0.547792,0.562152,0.507503,0.439943,0.403368,0.451132,0.604960,0.549882,0.465009,0.545026,0.409404,0.623487,0.609421,0.693826,0.425563,0.593867,0.615290,0.415934,0.551728,0.470163,0.561297,0.651814,0.595194,0.646333,0.571969,0.417114,0.559442,0.528623,0.481746,0.377193,0.399184,0.501009,0.526433,0.549986,0.744387,0.491212,0.443525,0.503820,0.453476,0.745446,0.651848,0.585123,0.531961,0.492645,0.322010,0.561301,0.447195,0.612905,0.543501,0.483912,0.449878,0.638346,0.595661,0.685694,0.522552,0.534736,0.549263,0.540432,0.362909,0.508293,0.717162,0.532545,0.541521,0.445304,0.474353,0.393117,0.288028,0.589679,0.706128,0.667130,0.560807,0.611368,0.446195,0.420573,0.554966,0.449744,0.447570,0.619257,0.648098,0.506212,0.480354,0.552784,0.565145,0.494687,0.497498,0.428051,0.468379,0.623135,0.646295,0.608740,#
6,0.468445,0.430897,0.424317,0.427910,0.445092,0.501490,1.000000,0.450251,0.497233,0.579645,0.538529,0.591393,0.441399,0.552926,0.417311,0.592786,0.568347,0.576261,0.517289,0.405622,0.556486,0.510890,0.474237,0.436011,0.598429,0.615279,0.575490,0.496507,0.468646,0.564791,0.597762,0.511039,0.702684,0.544447,0.412184,0.520418,0.622876,0.494411,0.430950,0.471688,0.623882,0.528216,0.563869,0.585021,0.539123,0.398058,0.638507,0.675142,0.666610,0.713111,0.499046,0.467752,0.613852,0.238137,0.611133,0.541572,0.546581,0.631170,0.642046,0.432404,0.648593,0.570441,0.493470,0.506265,0.600854,0.556264,0.620660,0.682721,0.582180,0.419530,0.640855,0.696945,0.565598,0.450506,0.446625,0.487725,0.581749,0.669291,0.588525,0.447139,0.657380,0.507533,0.450992,0.700830,0.562678,0.433059,0.500886,0.570143,0.525312,0.584384,0.503807,0.537685,0.433442,0.603691,0.495485,0.480714,0.568078,0.562554,0.540388,0.464422,0.529404,0.571674,0.535900,0.605196,0.592582,0.351608,0.606434,0.549112,0.562611,0.398374,0.431586,0.552763,0.509132,0.364769,0.309033,0.471419,0.447302,0.484110,0.405667,0.481054,0.395303,0.549308,0.478842,0.594902,0.467854,0.502105,0.394213,0.506730,0.510095,0.424758,0.596863,0.545038,0.372699,0.413447,0.590616,0.487871,0.565206,0.514849,0.545906,0.506188,0.468466,0.519821,0.429174,0.545108,0.502637,0.597693,0.656001,0.494911,0.494445,0.518713,0.513390,0.574775,0.366090,0.339024,0.430063,0.410496,0.559338,0.274473,0.388551,0.582143,0.520795,0.524436,0.375806,0.557966,0.582399,0.546622,0.633830,0.265900,0.435428,0.567819,0.581456,0.538866,0.357061,0.388725,0.546758,0.577350,0.272581,0.512560,0.518943,0.613883,0.489430,0.515797,0.562274,0.445814,0.494261,0.503562,0.529018,0.494163,0.479191,0.523710,0.516724,0.469349,0.481642,0.402778,0.605870,0.645506,0.641736,0.586876,0.462174,0.535947,#
7,0.542717,0.390138,0.589635,0.453394,0.280261,0.546971,0.450251,1.000000,0.582234,0.445018,0.476128,0.322584,0.432799,0.423604,0.438057,0.407214,0.310870,0.439925,0.343282,0.405531,0.469906,0.397334,0.575085,0.429302,0.362623,0.576786,0.542091,0.457160,0.492526,0.601348,0.454162,0.395606,0.317178,0.466327,0.486890,0.547440,0.502764,0.391006,0.385053,0.520952,0.452472,0.538586,0.463932,0.444194,0.435932,0.344190,0.529646,0.532341,0.587653,0.544316,0.523846,0.391492,0.582065,0.607307,0.486389,0.488768,0.442995,0.443669,0.558094,0.553668,0.375753,0.503145,0.468455,0.589041,0.502981,0.676507,0.615400,0.521723,0.581194,0.295636,0.586756,0.450313,0.533435,0.472059,0.415619,0.473715,0.590016,0.504580,0.344509,0.414857,0.544223,0.370034,0.529453,0.481973,0.495860,0.497411,0.586427,0.437747,0.403167,0.433001,0.478267,0.656300,0.413593,0.400721,0.490273,0.435142,0.537259,0.477531,0.598484,0.434843,0.381996,0.438632,0.443825,0.423445,0.437358,0.282110,0.469184,0.553591,0.429554,0.454644,0.588954,0.445582,0.518747,0.435361,0.285191,0.531410,0.406019,0.420695,0.451214,0.454305,0.409236,0.395992,0.456611,0.514508,0.641188,0.554728,0.411025,0.394496,0.309552,0.425940,0.406421,0.567011,0.501028,0.441037,0.494638,0.460509,0.470994,0.583947,0.369444,0.358835,0.348693,0.418370,0.488349,0.501997,0.584647,0.510510,0.475405,0.285225,0.478463,0.554577,0.435723,0.397241,0.552980,0.344345,0.219158,0.544258,0.508867,0.441488,0.529810,0.493866,0.429361,0.449792,0.479982,0.518232,0.461086,0.467664,0.592444,0.501908,0.385462,0.421862,0.575942,0.442793,0.305875,0.439808,0.463524,0.147529,0.208342,0.417701,0.554849,0.561417,0.326745,0.591297,0.466570,0.422205,0.368716,0.451828,0.472177,0.348306,0.525462,0.564563,0.518805,0.448391,0.445829,0.360092,0.469683,0.500912,0.475979,0.564632,0.591961,0.503025,#
8,0.534934,0.452903,0.439170,0.484550,0.188878,0.489927,0.497233,0.582234,1.000000,0.487460,0.469454,0.483796,0.521629,0.474380,0.484024,0.542276,0.397288,0.583814,0.337474,0.547064,0.557416,0.538481,0.514966,0.484446,0.651383,0.495187,0.557734,0.368987,0.509728,0.537815,0.539607,0.449925,0.440361,0.465191,0.478353,0.607972,0.500995,0.534590,0.384658,0.423260,0.456921,0.432142,0.678190,0.396919,0.475484,0.399829,0.592634,0.625479,0.545833,0.550300,0.537326,0.431125,0.441467,0.588920,0.511089,0.541541,0.475728,0.436974,0.551074,0.382680,0.488189,0.531832,0.586886,0.558539,0.598639,0.604267,0.569712,0.658769,0.658213,0.352104,0.547229,0.555540,0.556182,0.428141,0.505700,0.357118,0.513724,0.518681,0.426124,0.420958,0.606121,0.437676,0.470258,0.543835,0.571807,0.458864,0.440168,0.553581,0.502497,0.446426,0.467364,0.536933,0.449101,0.442039,0.450082,0.516043,0.509112,0.530464,0.597248,0.538528,0.594912,0.396983,0.473054,0.542468,0.387745,0.384546,0.510606,0.522834,0.360267,0.542132,0.396974,0.473290,0.552802,0.335334,0.329399,0.501530,0.380737,0.415723,0.542329,0.532826,0.368162,0.504659,0.439023,0.491465,0.357927,0.478412,0.397494,0.414202,0.420213,0.527622,0.314410,0.600456,0.481548,0.390020,0.530297,0.484378,0.498660,0.434700,0.553457,0.448736,0.440288,0.486143,0.553288,0.435956,0.544969,0.403850,0.395938,0.446151,0.488311,0.533524,0.458665,0.495650,0.422466,0.549530,0.277919,0.452994,0.520955,0.551712,0.578829,0.516553,0.442882,0.457063,0.580820,0.557636,0.487179,0.509661,0.440978,0.513742,0.451397,0.391677,0.614636,0.507839,0.371821,0.469298,0.444008,0.355370,0.349887,0.481886,0.486035,0.514400,0.394686,0.560811,0.530587,0.407879,0.413614,0.426743,0.644905,0.455428,0.525068,0.594828,0.588486,0.562196,0.620373,0.477305,0.457799,0.426292,0.435284,0.506413,0.555969,0.644591,#
9,0.591539,0.531355,0.476588,0.510552,0.347464,0.540692,0.579645,0.445018,0.487460,1.000000,0.517470,0.548122,0.605239,0.508758,0.654322,0.683996,0.587132,0.525193,0.483482,0.368668,0.586792,0.510350,0.520510,0.598117,0.506849,0.548656,0.557080,0.652254,0.504037,0.601990,0.563959,0.508505,0.585994,0.532783,0.516881,0.527362,0.550202,0.635368,0.477222,0.520648,0.559875,0.619898,0.558115,0.526891,0.608205,0.467773,0.580448,0.576800,0.586193,0.616031,0.472718,0.431656,0.438425,0.497694,0.607067,0.547686,0.496981,0.695211,0.552570,0.544296,0.585626,0.625861,0.499547,0.535232,0.448223,0.606356,0.605509,0.638901,0.636629,0.459910,0.533800,0.538746,0.623896,0.464557,0.525753,0.523876,0.704885,0.617557,0.554632,0.621956,0.621491,0.582811,0.551903,0.720802,0.556893,0.520558,0.474399,0.706053,0.509705,0.553273,0.467888,0.539922,0.557742,0.506159,0.558343,0.574935,0.547410,0.532711,0.577340,0.580723,0.681229,0.594958,0.608348,0.665181,0.514824,0.372077,0.552157,0.665923,0.575557,0.628649,0.652056,0.529570,0.543341,0.491518,0.460726,0.652574,0.319460,0.495172,0.462800,0.632411,0.368556,0.728993,0.628621,0.598593,0.542171,0.627755,0.537215,0.457317,0.589401,0.539271,0.429809,0.596204,0.484712,0.466687,0.562051,0.384408,0.597051,0.544965,0.490133,0.426537,0.554508,0.526438,0.528535,0.666173,0.548650,0.715650,0.554329,0.436136,0.597025,0.562711,0.553280,0.559902,0.487780,0.553093,0.575335,0.490869,0.486179,0.456263,0.488138,0.527814,0.598634,0.712699,0.554523,0.568794,0.610745,0.699894,0.461884,0.533918,0.494693,0.560329,0.579167,0.444828,0.468473,0.422481,0.548995,0.599040,0.435809,0.606597,0.428647,0.648424,0.654471,0.575393,0.617761,0.357049,0.496017,0.486410,0.548010,0.548540,0.575352,0.435984,0.605487,0.557545,0.520383,0.407476,0.495935,0.515797,0.688810,0.515150,0.591601,0.602787,#
10,0.429665,0.456819,0.519155,0.431347,0.405282,0.399160,0.538529,0.476128,0.469454,0.517470,1.000000,0.448135,0.457974,0.402982,0.452219,0.514749,0.500187,0.432605,0.438260,0.448017,0.476545,0.539836,0.538508,0.661127,0.365803,0.473398,0.555260,0.511581,0.527801,0.598220,0.545592,0.432215,0.589379,0.548080,0.538994,0.548693,0.542974,0.485571,0.482816,0.538610,0.506534,0.519237,0.609854,0.357262,0.468526,0.460136,0.667942,0.491257,0.540175,0.699511,0.523063,0.568741,0.406890,0.314431,0.592065,0.569161,0.440846,0.585170,0.481444,0.515131,0.555764,0.555672,0.569369,0.473138,0.558968,0.447200,0.668387,0.504422,0.669354,0.420081,0.666127,0.535673,0.640666,0.240069,0.563760,0.638875,0.593142,0.641274,0.488883,0.464519,0.603816,0.428956,0.441846,0.479519,0.564372,0.446171,0.461993,0.426159,0.500851,0.658985,0.398096,0.550857,0.638972,0.340966,0.370316,0.515197,0.525329,0.651343,0.469226,0.519165,0.460206,0.467021,0.457330,0.536463,0.566406,0.458222,0.614543,0.393616,0.407397,0.468434,0.497299,0.424239,0.613154,0.568366,0.360028,0.545600,0.368187,0.511241,0.471316,0.493597,0.346867,0.473786,0.423600,0.525235,0.499981,0.430910,0.426593,0.491004,0.581282,0.602444,0.437035,0.519623,0.368159,0.455838,0.547450,0.641692,0.481850,0.362677,0.562005,0.605284,0.554129,0.539884,0.372102,0.441678,0.420102,0.553350,0.578282,0.469317,0.440359,0.557908,0.409275,0.501467,0.422178,0.449394,0.489779,0.396538,0.525185,0.523892,0.385178,0.416583,0.515706,0.379225,0.408972,0.575584,0.525916,0.435855,0.457101,0.415380,0.486542,0.608566,0.414255,0.587168,0.245132,0.406691,0.569787,0.417867,0.226624,0.449140,0.391827,0.478502,0.388390,0.567055,0.564219,0.413713,0.341108,0.541559,0.574901,0.436439,0.363991,0.494390,0.520911,0.432703,0.566423,0.501335,0.483065,0.583815,0.608464,0.458417,0.475330,0.588873,#
11,0.609484,0.552842,0.456696,0.475841,0.419851,0.512280,0.591393,0.322584,0.483796,0.548122,0.448135,1.000000,0.570478,0.568419,0.547535,0.552478,0.516394,0.650249,0.667407,0.504158,0.442377,0.525474,0.595903,0.582365,0.534981,0.469768,0.602554,0.389932,0.520559,0.459129,0.533837,0.548441,0.655172,0.508982,0.459598,0.643732,0.616828,0.619325,0.441343,0.536481,0.565576,0.400710,0.614698,0.457946,0.532007,0.342418,0.667855,0.677307,0.619675,0.714026,0.421138,0.359174,0.617922,0.322141,0.547879,0.565075,0.432206,0.636142,0.509921,0.477883,0.482049,0.483211,0.521874,0.488011,0.541374,0.652879,0.584888,0.681330,0.676817,0.483202,0.640511,0.449740,0.578060,0.484044,0.662571,0.509742,0.727933,0.636262,0.408073,0.482544,0.493161,0.467399,0.633681,0.610822,0.732028,0.537563,0.415289,0.516279,0.419225,0.450608,0.625297,0.554629,0.529313,0.495334,0.411178,0.472646,0.550256,0.558353,0.532355,0.648798,0.501616,0.630788,0.628239,0.525844,0.587463,0.324475,0.538415,0.568809,0.494423,0.496040,0.526537,0.597584,0.525480,0.404746,0.386582,0.506220,0.499098,0.385894,0.572206,0.573139,0.325747,0.545468,0.503836,0.585382,0.488545,0.557111,0.588061,0.476774,0.549169,0.596627,0.539475,0.509930,0.448019,0.459775,0.595186,0.417205,0.545076,0.449848,0.558252,0.449893,0.420546,0.469678,0.558924,0.589039,0.559106,0.601550,0.481082,0.550057,0.545972,0.546551,0.566833,0.470679,0.487729,0.618955,0.490666,0.452502,0.602724,0.418417,0.448565,0.488795,0.626067,0.610953,0.576492,0.617922,0.594107,0.559560,0.698020,0.468542,0.537269,0.628646,0.587719,0.514608,0.611407,0.604192,0.572716,0.433057,0.541123,0.540610,0.519257,0.605068,0.471310,0.578340,0.675514,0.355626,0.513501,0.416272,0.577600,0.587304,0.382973,0.492227,0.552474,0.567247,0.523423,0.479349,0.418858,0.511696,0.515796,0.475592,0.488945,0.506429,#
12,0.437959,0.431774,0.398188,0.513113,0.198292,0.433885,0.441399,0.432799,0.521629,0.605239,0.457974,0.570478,1.000000,0.489194,0.592648,0.531960,0.367945,0.535879,0.519549,0.392757,0.449600,0.415099,0.566778,0.598707,0.502785,0.534788,0.506244,0.539284,0.403825,0.456769,0.431677,0.516547,0.463729,0.617282,0.500622,0.572163,0.544637,0.635943,0.494422,0.420831,0.384270,0.418906,0.530120,0.421657,0.596562,0.454718,0.607069,0.429226,0.526439,0.559895,0.604553,0.308066,0.413435,0.451204,0.595389,0.545194,0.465395,0.472015,0.426031,0.477438,0.480761,0.592914,0.555323,0.470743,0.573465,0.609881,0.502538,0.521677,0.694924,0.538565,0.566233,0.469514,0.510966,0.446013,0.579157,0.473560,0.599265,0.598809,0.492779,0.530534,0.553633,0.375768,0.523463,0.598780,0.554896,0.486341,0.302585,0.570878,0.393906,0.355670,0.597175,0.552101,0.576171,0.384683,0.462334,0.547031,0.639028,0.476326,0.478501,0.528449,0.369227,0.551664,0.485859,0.555751,0.327124,0.347990,0.370920,0.384071,0.567667,0.497254,0.541455,0.531793,0.533894,0.309854,0.514944,0.575705,0.269081,0.340735,0.494746,0.700889,0.285413,0.521165,0.399117,0.556054,0.496521,0.523484,0.590426,0.369968,0.468777,0.472412,0.294072,0.450914,0.348682,0.460943,0.458889,0.465651,0.431402,0.399978,0.374499,0.419046,0.542938,0.398248,0.423687,0.589508,0.336243,0.547731,0.476053,0.344464,0.546495,0.590985,0.522013,0.319887,0.526547,0.483260,0.348343,0.561432,0.552404,0.610017,0.540640,0.496745,0.434632,0.570050,0.526753,0.561648,0.602873,0.293903,0.408222,0.646474,0.338882,0.512563,0.498066,0.465513,0.449548,0.469185,0.387377,0.329044,0.553618,0.536654,0.399192,0.486658,0.431816,0.600981,0.571357,0.292145,0.328912,0.315261,0.436524,0.490714,0.502828,0.478714,0.443333,0.493765,0.442428,0.373680,0.390088,0.613695,0.465287,0.507867,0.587737,0.438541,#
13,0.467282,0.398041,0.403263,0.375611,0.476895,0.486877,0.552926,0.423604,0.474380,0.508758,0.402982,0.568419,0.489194,1.000000,0.454129,0.413357,0.325197,0.634336,0.452824,0.457194,0.342495,0.399925,0.544368,0.407532,0.485464,0.457909,0.474681,0.455388,0.419553,0.561798,0.445967,0.385554,0.516966,0.463906,0.255892,0.474472,0.480809,0.520276,0.381108,0.537136,0.646122,0.470764,0.576177,0.345893,0.543598,0.521406,0.569276,0.465519,0.555039,0.634275,0.507339,0.427968,0.505348,0.315199,0.553009,0.609199,0.485592,0.643852,0.589941,0.544715,0.474629,0.543696,0.412505,0.572149,0.596678,0.681624,0.506499,0.675312,0.581487,0.442403,0.532837,0.515858,0.545872,0.397656,0.480190,0.432475,0.622588,0.612109,0.619466,0.503031,0.497326,0.496883,0.479286,0.600042,0.538675,0.573488,0.364131,0.465108,0.459162,0.440494,0.342582,0.581857,0.423387,0.377390,0.503287,0.529924,0.470479,0.497008,0.490735,0.427288,0.539901,0.524859,0.575536,0.492886,0.498371,0.452971,0.549461,0.461968,0.493485,0.406618,0.418585,0.456628,0.501360,0.464078,0.492085,0.573056,0.355916,0.483555,0.602047,0.512432,0.435021,0.486255,0.594853,0.398088,0.389317,0.630524,0.542395,0.420699,0.548823,0.556223,0.484040,0.416089,0.396123,0.510635,0.520577,0.451361,0.565679,0.570321,0.554616,0.377710,0.481759,0.602466,0.562564,0.539035,0.419601,0.486104,0.539697,0.310906,0.538239,0.554437,0.560189,0.514271,0.460242,0.421982,0.409764,0.398524,0.566822,0.431215,0.608268,0.372227,0.392523,0.600598,0.488191,0.637182,0.550168,0.557342,0.562819,0.510959,0.503932,0.537446,0.575296,0.561773,0.599723,0.481019,0.640011,0.473862,0.400122,0.513922,0.514830,0.553590,0.490195,0.531477,0.623261,0.332102,0.589247,0.469142,0.554254,0.513658,0.460927,0.472701,0.526318,0.418395,0.593230,0.492348,0.505317,0.446225,0.505204,0.525869,0.541152,0.402062,#
14,0.599768,0.617754,0.627645,0.519886,0.397256,0.496535,0.417311,0.438057,0.484024,0.654322,0.452219,0.547535,0.592648,0.454129,1.000000,0.520146,0.421507,0.444275,0.422184,0.502458,0.511064,0.590238,0.584905,0.693354,0.495989,0.401628,0.617904,0.505335,0.471294,0.545224,0.663544,0.349523,0.471236,0.483002,0.699045,0.614104,0.383309,0.534935,0.592978,0.412687,0.509783,0.543659,0.555996,0.488595,0.556390,0.461230,0.650648,0.498612,0.525373,0.638892,0.444805,0.445300,0.517395,0.639640,0.607410,0.483170,0.389848,0.510223,0.521843,0.380558,0.545848,0.684409,0.502806,0.476288,0.558428,0.581188,0.568955,0.581728,0.631203,0.491767,0.418329,0.464014,0.580229,0.547829,0.602592,0.438009,0.540639,0.682902,0.592723,0.580703,0.486909,0.437163,0.559769,0.572647,0.615229,0.567403,0.364654,0.511573,0.558891,0.331991,0.485459,0.565383,0.588803,0.552766,0.642639,0.496543,0.528344,0.478121,0.487868,0.553252,0.632405,0.567951,0.563267,0.474420,0.495505,0.457196,0.492634,0.473310,0.623664,0.603250,0.613152,0.525974,0.545957,0.489049,0.331039,0.451123,0.356381,0.281911,0.571356,0.501354,0.440861,0.619376,0.454259,0.469019,0.517591,0.498242,0.578247,0.481330,0.471639,0.510248,0.386671,0.600166,0.392055,0.446139,0.547400,0.464451,0.564220,0.404859,0.522541,0.369106,0.576653,0.544041,0.393430,0.607671,0.422832,0.637372,0.546756,0.348334,0.537730,0.532423,0.602454,0.449009,0.493208,0.521396,0.487378,0.563833,0.452679,0.487724,0.415471,0.520424,0.514562,0.555972,0.517728,0.620693,0.513323,0.478833,0.513811,0.551416,0.347848,0.600636,0.486912,0.414573,0.481241,0.516126,0.596418,0.396206,0.459596,0.553393,0.467690,0.584930,0.440557,0.640174,0.540706,0.410773,0.555724,0.462527,0.528633,0.443506,0.573585,0.442030,0.566186,0.376786,0.532274,0.522873,0.392870,0.517599,0.497689,0.486158,0.460731,0.437925,#
15,0.460758,0.540515,0.366564,0.641147,0.468421,0.535460,0.592786,0.407214,0.542276,0.683996,0.514749,0.552478,0.531960,0.413357,0.520146,1.000000,0.489808,0.477827,0.511530,0.468089,0.461793,0.580342,0.522073,0.504441,0.541775,0.416665,0.436007,0.420556,0.423554,0.480282,0.637823,0.519748,0.605129,0.677769,0.367840,0.570740,0.557734,0.586375,0.393203,0.383492,0.482880,0.390284,0.496217,0.456703,0.590609,0.457169,0.605071,0.513638,0.673560,0.620142,0.444323,0.477416,0.420634,0.328370,0.516991,0.508423,0.429942,0.566488,0.547159,0.431247,0.504306,0.587879,0.397807,0.560172,0.473660,0.580069,0.504666,0.658211,0.559910,0.391457,0.603385,0.579916,0.494617,0.392056,0.483131,0.392901,0.540046,0.536208,0.506822,0.467077,0.494961,0.387291,0.568263,0.557920,0.584836,0.473073,0.365902,0.470420,0.459019,0.452385,0.385356,0.491130,0.497913,0.503786,0.375185,0.393496,0.488510,0.578512,0.461876,0.539998,0.541428,0.558973,0.522789,0.565142,0.528433,0.287406,0.444397,0.594675,0.442718,0.515496,0.421550,0.369234,0.559915,0.417657,0.432863,0.433637,0.404669,0.467411,0.492650,0.571864,0.290891,0.531768,0.530415,0.560880,0.543490,0.524110,0.459017,0.438407,0.612553,0.496609,0.513469,0.524612,0.283034,0.351642,0.555463,0.485466,0.602920,0.480638,0.380176,0.369528,0.467251,0.515262,0.419822,0.544972,0.548586,0.627130,0.490532,0.452835,0.509701,0.576448,0.564754,0.510400,0.474090,0.515714,0.417885,0.438731,0.628215,0.431290,0.553981,0.486917,0.479148,0.599520,0.530572,0.603533,0.521840,0.480751,0.427814,0.405463,0.528092,0.476532,0.496839,0.532840,0.344409,0.529381,0.498867,0.573463,0.388251,0.467970,0.510301,0.535290,0.475490,0.542055,0.483155,0.525382,0.401171,0.355139,0.455485,0.406388,0.448182,0.476149,0.401162,0.467736,0.538663,0.427733,0.481588,0.469993,0.603278,0.435929,0.523881,0.611933,#
16,0.467708,0.354205,0.492752,0.435779,0.360114,0.389465,0.568347,0.310870,0.397288,0.587132,0.500187,0.516394,0.367945,0.325197,0.421507,0.489808,1.000000,0.442025,0.581529,0.386431,0.653958,0.464288,0.328378,0.505810,0.440195,0.435098,0.504438,0.318347,0.425040,0.488226,0.527491,0.467639,0.503725,0.307257,0.383981,0.488249,0.579614,0.515185,0.272463,0.497351,0.405361,0.443625,0.456298,0.515263,0.419400,0.495345,0.526230,0.466386,0.463975,0.580323,0.298056,0.355376,0.490002,0.349322,0.431722,0.541749,0.176550,0.414159,0.457916,0.301177,0.611567,0.537748,0.473287,0.361856,0.386532,0.421476,0.576534,0.555021,0.554189,0.487767,0.538862,0.485068,0.415368,0.281986,0.439406,0.344365,0.519341,0.542571,0.304603,0.441139,0.610563,0.415643,0.441940,0.485231,0.584527,0.435497,0.461644,0.382616,0.434959,0.471427,0.331840,0.486511,0.508900,0.448396,0.504812,0.551861,0.473740,0.386647,0.591483,0.430590,0.474382,0.488710,0.436175,0.536596,0.423258,0.397185,0.554451,0.496089,0.600860,0.490060,0.507800,0.424653,0.469918,0.456875,0.361478,0.561383,0.444495,0.440333,0.307846,0.279592,0.276967,0.434272,0.425943,0.508788,0.482921,0.407996,0.407306,0.247180,0.469070,0.408874,0.543768,0.393449,0.417630,0.371988,0.530595,0.575741,0.484681,0.407669,0.379944,0.421828,0.406998,0.478326,0.499374,0.457295,0.385673,0.497558,0.514665,0.563294,0.363071,0.402922,0.375426,0.472735,0.284731,0.466578,0.575604,0.388861,0.350347,0.400781,0.331066,0.369248,0.414931,0.443860,0.524201,0.447850,0.503778,0.463488,0.530132,0.312305,0.432913,0.530393,0.374332,0.404478,0.401459,0.419206,0.464720,0.513460,0.182879,0.586913,0.449045,0.578371,0.410940,0.423531,0.559101,0.400946,0.345207,0.356772,0.533498,0.483479,0.425905,0.429583,0.521395,0.398477,0.528107,0.399055,0.378961,0.590616,0.571810,0.566542,0.477813,0.564385,#
17,0.598113,0.404446,0.455308,0.427025,0.449492,0.489212,0.576261,0.439925,0.583814,0.525193,0.432605,0.650249,0.535879,0.634336,0.444275,0.477827,0.442025,1.000000,0.530608,0.545017,0.476809,0.489568,0.593509,0.442768,0.562105,0.559287,0.576748,0.459407,0.468540,0.557400,0.511485,0.523994,0.546955,0.392532,0.343999,0.524381,0.535462,0.540758,0.347266,0.685614,0.527558,0.481301,0.581587,0.429513,0.540320,0.428229,0.601654,0.719435,0.576976,0.685113,0.448819,0.269717,0.558223,0.333238,0.510441,0.516763,0.425332,0.528488,0.511968,0.514388,0.487963,0.549305,0.552285,0.520816,0.542619,0.690129,0.644348,0.691773,0.526527,0.426177,0.627460,0.517976,0.523870,0.419005,0.562730,0.350711,0.723532,0.605369,0.521449,0.565798,0.567345,0.499976,0.626129,0.637290,0.622059,0.515665,0.438514,0.697254,0.412448,0.453733,0.482504,0.483164,0.512839,0.504226,0.551761,0.613134,0.609111,0.480199,0.569831,0.626427,0.542166,0.510038,0.577131,0.581077,0.463559,0.404086,0.502275,0.556670,0.385869,0.625245,0.511688,0.417965,0.624469,0.438496,0.539090,0.517894,0.422051,0.402699,0.561486,0.593599,0.515169,0.584064,0.572087,0.527220,0.399505,0.480715,0.455951,0.448516,0.553243,0.458213,0.489602,0.564478,0.475833,0.484406,0.663009,0.515710,0.669746,0.431152,0.502040,0.525593,0.517989,0.489884,0.593480,0.521719,0.601814,0.556191,0.530295,0.368045,0.603792,0.526265,0.551867,0.534313,0.561268,0.470963,0.435821,0.552317,0.630883,0.459544,0.600008,0.482156,0.542144,0.589470,0.517398,0.528844,0.607826,0.525479,0.518482,0.373533,0.455874,0.495127,0.606685,0.572917,0.514468,0.549035,0.662358,0.385199,0.239225,0.594474,0.447003,0.620127,0.567330,0.592056,0.586748,0.515962,0.512124,0.403928,0.566807,0.687754,0.400933,0.541369,0.631138,0.563045,0.632940,0.525327,0.477373,0.506732,0.588770,0.543636,0.570772,0.420145,#
18,0.506626,0.444660,0.404474,0.497733,0.413258,0.555942,0.517289,0.343282,0.337474,0.483482,0.438260,0.667407,0.519549,0.452824,0.422184,0.511530,0.581529,0.530608,1.000000,0.369303,0.393906,0.594903,0.556870,0.434836,0.354714,0.589022,0.611753,0.419026,0.397556,0.548577,0.410894,0.565794,0.612972,0.488472,0.448015,0.602378,0.570142,0.517602,0.400112,0.617306,0.515506,0.522873,0.542109,0.346934,0.553941,0.469468,0.520971,0.533833,0.567032,0.574821,0.422358,0.283490,0.520759,0.236712,0.497101,0.600339,0.414153,0.439244,0.497087,0.571361,0.518256,0.514592,0.445789,0.433946,0.469942,0.491498,0.482775,0.560255,0.555842,0.498311,0.545201,0.436226,0.503067,0.300968,0.632055,0.389122,0.615358,0.453184,0.379564,0.402996,0.498150,0.435854,0.457561,0.560519,0.679774,0.515187,0.338941,0.431540,0.553866,0.387455,0.512110,0.427587,0.551592,0.504880,0.413128,0.472350,0.553672,0.489926,0.526486,0.475897,0.419125,0.452232,0.490940,0.484286,0.377943,0.409985,0.513884,0.474683,0.515587,0.558567,0.637836,0.423951,0.571356,0.440119,0.352849,0.543651,0.460028,0.547578,0.487331,0.496425,0.292881,0.482432,0.477884,0.574668,0.580529,0.436652,0.628282,0.357038,0.574853,0.426946,0.475007,0.514263,0.428207,0.439787,0.537260,0.396604,0.623081,0.368683,0.409367,0.491630,0.431667,0.548976,0.483185,0.609623,0.464415,0.466946,0.471244,0.415345,0.575429,0.450849,0.480586,0.383765,0.474159,0.462842,0.471923,0.540439,0.502050,0.548697,0.407246,0.444704,0.541777,0.608807,0.690668,0.527100,0.460949,0.438056,0.682728,0.421625,0.385361,0.559313,0.405837,0.461457,0.527736,0.563181,0.444461,0.433384,0.324085,0.514249,0.596051,0.603262,0.436624,0.574413,0.577858,0.402390,0.418108,0.537473,0.538879,0.510693,0.411939,0.533706,0.468297,0.558216,0.435170,0.487651,0.442262,0.494031,0.483628,0.622379,0.462685,0.429722,#
19,0.439287,0.469647,0.486748,0.411591,0.509988,0.428281,0.405622,0.405531,0.547064,0.368668,0.448017,0.504158,0.392757,0.457194,0.502458,0.468089,0.386431,0.545017,0.369303,1.000000,0.397708,0.426939,0.472881,0.466450,0.446245,0.380641,0.475739,0.326143,0.429722,0.484993,0.573282,0.538289,0.519758,0.330025,0.386141,0.621391,0.323398,0.437548,0.374981,0.459558,0.455014,0.470965,0.555555,0.437418,0.408350,0.495308,0.703535,0.500256,0.423742,0.497454,0.351275,0.306420,0.471867,0.302371,0.496081,0.417027,0.478581,0.462204,0.410434,0.331953,0.444721,0.381059,0.576083,0.485431,0.474053,0.567809,0.494309,0.488727,0.536384,0.421637,0.467409,0.513607,0.474148,0.333016,0.493231,0.307622,0.418147,0.456397,0.351132,0.346793,0.589694,0.354800,0.557862,0.317232,0.520239,0.296444,0.347845,0.486171,0.489673,0.315005,0.447503,0.443689,0.376004,0.520130,0.400172,0.413651,0.468652,0.479456,0.442543,0.464956,0.445955,0.448930,0.404011,0.419324,0.469892,0.202446,0.491966,0.357602,0.418949,0.426944,0.464844,0.337159,0.493235,0.467400,0.384271,0.515324,0.409222,0.373688,0.423263,0.370964,0.474848,0.477840,0.314502,0.627914,0.484358,0.489817,0.391226,0.407414,0.643571,0.622533,0.418559,0.564389,0.444885,0.452344,0.535933,0.581366,0.476989,0.391278,0.425972,0.311917,0.408941,0.469121,0.462638,0.430016,0.324255,0.421425,0.323495,0.356765,0.436320,0.428656,0.384464,0.425504,0.431786,0.475781,0.460579,0.346282,0.487968,0.476431,0.429970,0.395607,0.262595,0.483876,0.451593,0.485363,0.398296,0.394853,0.436275,0.496801,0.380372,0.414904,0.411547,0.460141,0.434270,0.430683,0.555856,0.226922,0.322413,0.455650,0.445216,0.396477,0.337713,0.464288,0.564492,0.446912,0.396633,0.337730,0.412281,0.503722,0.445908,0.494422,0.534635,0.377884,0.512004,0.394285,0.544154,0.425641,0.439464,0.377203,0.422488,0.457266,#
20,0.569184,0.573576,0.411168,0.406533,0.335524,0.442052,0.556486,0.469906,0.557416,0.586792,0.476545,0.442377,0.449600,0.342495,0.511064,0.461793,0.653958,0.476809,0.393906,0.397708,1.000000,0.497489,0.413250,0.589387,0.462062,0.537004,0.570827,0.461679,0.333768,0.420953,0.613801,0.503008,0.421283,0.482302,0.571618,0.400614,0.542311,0.527503,0.470215,0.520022,0.499302,0.554574,0.560288,0.598167,0.442512,0.434436,0.547151,0.523047,0.446983,0.534521,0.457899,0.431780,0.453234,0.410993,0.460607,0.546869,0.298252,0.488280,0.435686,0.444491,0.555725,0.545485,0.499229,0.485933,0.504853,0.548058,0.632568,0.657199,0.577190,0.388653,0.496056,0.572765,0.455945,0.388503,0.418545,0.332619,0.419437,0.605626,0.539720,0.550218,0.623823,0.499676,0.394994,0.557623,0.491805,0.442652,0.469325,0.541585,0.439706,0.542248,0.509366,0.476700,0.475128,0.566653,0.516976,0.488363,0.408613,0.334063,0.573707,0.497025,0.557620,0.574627,0.427513,0.562087,0.538163,0.255545,0.610201,0.462186,0.576533,0.473649,0.496696,0.533479,0.421818,0.343739,0.457742,0.542861,0.457169,0.478493,0.368545,0.392540,0.429154,0.575362,0.504673,0.564560,0.414010,0.525663,0.236714,0.387607,0.374705,0.481767,0.426493,0.437797,0.555121,0.467757,0.535425,0.463527,0.447986,0.573125,0.428051,0.505535,0.404284,0.353927,0.550125,0.554095,0.487997,0.478148,0.559113,0.526828,0.422569,0.555691,0.549194,0.486265,0.436526,0.390480,0.504687,0.472426,0.315714,0.519685,0.462877,0.399051,0.420148,0.452569,0.451515,0.517178,0.546931,0.448628,0.422008,0.391135,0.292288,0.474840,0.426644,0.380950,0.402252,0.493991,0.482024,0.329197,0.355041,0.571480,0.393153,0.675173,0.427300,0.508563,0.526839,0.352576,0.414468,0.507478,0.608824,0.483116,0.474576,0.441929,0.508171,0.373232,0.625115,0.452361,0.556576,0.495196,0.562798,0.546227,0.555633,0.592000,#
21,0.471888,0.729762,0.561376,0.689850,0.474395,0.573135,0.510890,0.397334,0.538481,0.510350,0.539836,0.525474,0.415099,0.399925,0.590238,0.580342,0.464288,0.489568,0.594903,0.426939,0.497489,1.000000,0.614492,0.575572,0.459274,0.462570,0.646703,0.509276,0.584421,0.474431,0.580807,0.361701,0.560558,0.607455,0.568048,0.619223,0.491587,0.483878,0.494146,0.476431,0.499386,0.571693,0.538141,0.493770,0.560151,0.579991,0.599484,0.591397,0.584479,0.673201,0.463207,0.431102,0.591128,0.470121,0.659184,0.555590,0.482067,0.521549,0.701842,0.489184,0.476773,0.672353,0.323910,0.460005,0.576356,0.585547,0.554792,0.621124,0.573234,0.584326,0.535503,0.610256,0.662353,0.504998,0.643177,0.514898,0.613532,0.568895,0.581729,0.569538,0.551000,0.443536,0.622003,0.670005,0.632043,0.549433,0.389593,0.595401,0.675422,0.586052,0.412662,0.510289,0.627240,0.546570,0.527007,0.600493,0.593056,0.508215,0.587522,0.593281,0.526851,0.540269,0.333459,0.621421,0.480367,0.566250,0.561012,0.622084,0.422510,0.570139,0.615713,0.429335,0.596119,0.492906,0.363256,0.392184,0.499105,0.642011,0.578965,0.560467,0.465923,0.512252,0.503939,0.483997,0.462708,0.396985,0.569836,0.579157,0.513419,0.573816,0.470413,0.622046,0.414452,0.500380,0.727077,0.445938,0.604759,0.339891,0.453158,0.399656,0.627636,0.649669,0.426059,0.539520,0.530254,0.554960,0.547887,0.403861,0.553054,0.535334,0.609305,0.547587,0.561217,0.509121,0.401459,0.535065,0.567300,0.537888,0.392663,0.511652,0.589815,0.596584,0.572566,0.699802,0.654440,0.533697,0.561551,0.431839,0.327606,0.475665,0.523258,0.546900,0.507969,0.554352,0.460822,0.440008,0.273882,0.527741,0.550662,0.648747,0.452722,0.641465,0.527608,0.531407,0.523258,0.579891,0.614504,0.442063,0.445193,0.507867,0.529237,0.379552,0.522017,0.522103,0.523460,0.496729,0.602993,0.540879,0.393927,0.619635,#
