0,1.000000,0.568818,0.593401,0.594887,0.449013,0.499537,0.502201,0.590856,0.505832,0.447080,0.519419,0.505978,0.510662,0.481782,0.340953,0.523480,0.574546,0.499469,0.579036,0.442687,0.584161,0.517234,0.438780,0.520988,0.301809,0.602906,0.432355,0.484214,0.507562,0.446993,0.528879,0.518472,0.507057,0.454053,0.492264,0.409871,0.504175,0.586851,0.523585,0.554384,0.486452,0.542965,0.463684,0.587398,0.495455,0.457995,0.505327,0.465503,0.501788,0.449954,0.595295,0.605628,0.545202,0.543195,0.547648,0.571024,0.625526,0.608957,0.569534,0.612959,0.627735,0.209719,0.617741,0.447188,0.598746,0.364932,0.577937,0.434992,0.491513,0.380963,0.426437,0.620248,0.660326,0.636993,0.460973,0.651004,0.421586,0.331844,0.626515,0.515037,0.523714,0.584243,0.611426,0.585728,0.425668,0.543193,0.593336,0.562475,0.447327,0.558971,0.507546,0.441487,0.447204,0.586973,0.493763,0.467867,0.462027,0.487712,0.468128,0.618378,0.533504,0.531425,0.451671,0.472483,0.468053,0.652985,0.362357,0.550266,0.532205,0.435599,0.564653,0.506483,0.573070,0.561759,0.619331,0.687241,0.501258,0.649125,0.486122,0.396597,0.411716,0.683084,0.565771,0.631525,0.622690,0.553262,0.481964,0.576514,0.482752,0.461235,0.608499,0.458507,0.592234,0.456817,0.513224,0.549304,0.444836,0.683136,0.563129,0.581557,0.484049,0.443850,0.338426,0.508914,0.462361,0.405368,0.560866,0.415775,0.504025,0.503658,0.527058,0.632839,0.566535,0.477921,0.597201,0.430774,0.616144,0.555054,0.555277,0.533847,0.476695,0.535710,0.566680,0.577117,0.534025,0.504159,0.535547,0.529285,0.427243,0.496661,0.520273,0.436368,0.544210,0.685664,0.557746,0.560648,0.505597,0.504956,0.479478,0.397528,0.531947,0.489277,0.272807,0.507699,0.493841,0.488712,0.518268,0.403829,0.480607,0.564591,0.512325,0.573667,0.458679,0.571865,0.539233,0.463479,0.526857,0.603516,0.555790,0.503293,#
1,0.568818,1.000000,0.647706,0.631783,0.578046,0.672194,0.475889,0.612977,0.712601,0.581414,0.657769,0.420804,0.585564,0.550519,0.590167,0.673874,0.600380,0.511938,0.649132,0.590522,0.660688,0.729931,0.547006,0.561225,0.474995,0.462200,0.666754,0.670460,0.560402,0.566543,0.698317,0.628336,0.608166,0.671487,0.578376,0.609940,0.508354,0.710275,0.778093,0.477819,0.537790,0.476017,0.522378,0.534693,0.582230,0.498452,0.579516,0.522833,0.634063,0.505802,0.519865,0.679736,0.584883,0.569893,0.727774,0.523741,0.642584,0.530387,0.501846,0.439053,0.699847,0.511739,0.511741,0.516792,0.634784,0.557135,0.673401,0.501326,0.578852,0.612426,0.518969,0.614993,0.671845,0.570367,0.622264,0.684490,0.437393,0.479312,0.587474,0.560389,0.624937,0.587397,0.657213,0.647274,0.620127,0.579274,0.585311,0.658419,0.663218,0.565294,0.561263,0.449590,0.662742,0.685293,0.595590,0.470514,0.485675,0.610658,0.629451,0.643716,0.676480,0.603786,0.518603,0.556361,0.546708,0.678260,0.474670,0.563738,0.618621,0.609362,0.541629,0.511487,0.543450,0.614837,0.560421,0.510771,0.548998,0.643869,0.529394,0.513299,0.606996,0.566860,0.419922,0.582017,0.575044,0.534064,0.533569,0.560672,0.591609,0.621448,0.568262,0.718533,0.518082,0.490770,0.685429,0.539314,0.504593,0.564542,0.614188,0.571801,0.699187,0.588211,0.596767,0.666007,0.532857,0.576062,0.626675,0.543231,0.646974,0.500926,0.682249,0.692313,0.680144,0.526385,0.620890,0.588138,0.637249,0.554328,0.549427,0.598443,0.643746,0.610083,0.642470,0.638411,0.571742,0.472459,0.604609,0.539165,0.431497,0.438189,0.610345,0.468663,0.610531,0.576564,0.611254,0.601041,0.578510,0.781226,0.444438,0.519505,0.611169,0.589312,0.458932,0.681204,0.566472,0.694458,0.619702,0.423829,0.581286,0.586352,0.572831,0.595363,0.582575,0.646356,0.683440,0.454977,0.506243,0.635930,0.516812,0.498682,#
2,0.593401,0.647706,1.000000,0.543523,0.408833,0.608697,0.510599,0.528481,0.686257,0.432448,0.520842,0.377976,0.407570,0.495267,0.406761,0.560216,0.430788,0.562095,0.422866,0.482441,0.413147,0.544898,0.447831,0.654210,0.477745,0.445803,0.633718,0.623192,0.629600,0.509321,0.660304,0.539499,0.470328,0.477695,0.525243,0.488900,0.477360,0.567399,0.664048,0.523524,0.433488,0.545645,0.581837,0.410050,0.428600,0.421240,0.613783,0.437019,0.564451,0.565148,0.623381,0.679902,0.569698,0.584027,0.714662,0.573303,0.604601,0.493037,0.507615,0.470296,0.732077,0.473941,0.447851,0.550036,0.523097,0.485244,0.597569,0.570422,0.499478,0.590372,0.461935,0.524269,0.607624,0.542232,0.511851,0.606497,0.426092,0.339759,0.556323,0.525894,0.555298,0.634988,0.566429,0.603346,0.626861,0.563235,0.459986,0.721821,0.527610,0.511382,0.479422,0.415662,0.678773,0.579573,0.478545,0.509830,0.530534,0.498423,0.687147,0.616049,0.513920,0.481489,0.485101,0.447948,0.355430,0.582075,0.539981,0.547036,0.491405,0.452428,0.574809,0.466986,0.502048,0.535398,0.480072,0.455094,0.534772,0.664980,0.587207,0.419207,0.552923,0.470168,0.389738,0.653059,0.547523,0.458376,0.539437,0.631585,0.485359,0.630904,0.645397,0.570764,0.646036,0.552366,0.593636,0.605282,0.569573,0.556554,0.663639,0.597249,0.523500,0.589109,0.486573,0.441045,0.533757,0.613509,0.433799,0.557118,0.452496,0.445971,0.620749,0.577003,0.538951,0.552344,0.573425,0.507233,0.578828,0.387529,0.525232,0.472407,0.517369,0.475475,0.503571,0.526306,0.509093,0.525160,0.570858,0.469570,0.434834,0.490899,0.591915,0.373940,0.559072,0.507108,0.639907,0.549432,0.488467,0.630121,0.468524,0.468584,0.533045,0.612092,0.280899,0.661860,0.559994,0.544898,0.519846,0.357023,0.587292,0.598987,0.522667,0.596746,0.711742,0.600574,0.494382,0.496500,0.475486,0.615513,0.440262,0.660873,#
3,0.594887,0.631783,0.543523,1.000000,0.637950,0.669764,0.570412,0.575858,0.666575,0.558446,0.658756,0.450049,0.584768,0.557190,0.454082,0.661071,0.565647,0.600035,0.630479,0.563522,0.560225,0.498481,0.424201,0.515905,0.496560,0.606788,0.583191,0.598851,0.472174,0.558736,0.662702,0.705014,0.515106,0.593052,0.641682,0.556603,0.478046,0.658437,0.514698,0.696103,0.573373,0.531284,0.584297,0.714878,0.511001,0.608850,0.710626,0.418911,0.647757,0.424637,0.724190,0.618841,0.602695,0.460447,0.606549,0.668923,0.579244,0.537014,0.605982,0.666653,0.578315,0.437508,0.540231,0.623423,0.732782,0.548997,0.536949,0.618502,0.408163,0.424072,0.433781,0.622109,0.614712,0.606261,0.469223,0.630393,0.428303,0.506644,0.537057,0.640594,0.735875,0.515050,0.516242,0.594185,0.574522,0.710064,0.668381,0.540356,0.589634,0.561264,0.572881,0.503026,0.587075,0.677525,0.462147,0.535054,0.414299,0.479909,0.600345,0.604527,0.501401,0.610840,0.521103,0.405859,0.676731,0.538578,0.400748,0.469518,0.607918,0.499875,0.542124,0.508650,0.427713,0.614449,0.588712,0.722106,0.384006,0.552906,0.517661,0.420039,0.553342,0.642821,0.471706,0.554429,0.570479,0.703956,0.514235,0.627741,0.480296,0.577802,0.618784,0.588050,0.559635,0.520655,0.606638,0.637455,0.591954,0.609105,0.502897,0.615468,0.492264,0.639193,0.637437,0.507919,0.623452,0.700753,0.536271,0.609957,0.569105,0.472881,0.646294,0.656236,0.527330,0.636196,0.557125,0.486097,0.704624,0.516255,0.583590,0.548467,0.618046,0.571348,0.547315,0.504729,0.542737,0.568915,0.612066,0.521392,0.556599,0.380406,0.592203,0.524958,0.623298,0.615440,0.615833,0.517023,0.681498,0.631930,0.515144,0.506640,0.548716,0.637831,0.431489,0.623537,0.650505,0.676778,0.602091,0.374078,0.552847,0.725983,0.568088,0.493000,0.503487,0.541008,0.627139,0.643110,0.557682,0.644873,0.475360,0.520428,#
4,0.449013,0.578046,0.408833,0.637950,1.000000,0.699124,0.589247,0.551113,0.526662,0.455247,0.430987,0.596694,0.538229,0.524839,0.378252,0.592144,0.647606,0.710786,0.588300,0.653593,0.637319,0.467393,0.348698,0.562936,0.517558,0.585252,0.534827,0.495668,0.452761,0.494910,0.696686,0.587880,0.519163,0.422551,0.522710,0.497069,0.533137,0.652221,0.447435,0.563423,0.587310,0.405087,0.389753,0.562837,0.411943,0.601671,0.529191,0.528281,0.679698,0.525020,0.602405,0.508122,0.604418,0.407266,0.612683,0.613295,0.504276,0.511904,0.549844,0.477316,0.519552,0.429852,0.495245,0.492947,0.568403,0.594505,0.639740,0.480276,0.455060,0.481288,0.443587,0.646254,0.539367,0.600917,0.447625,0.421245,0.350783,0.514998,0.548599,0.573525,0.504812,0.494555,0.562625,0.510724,0.524193,0.464916,0.450129,0.447883,0.480804,0.558346,0.528632,0.448101,0.462422,0.610901,0.372649,0.494444,0.480008,0.347225,0.402609,0.574279,0.612069,0.596558,0.577418,0.431252,0.594291,0.529077,0.524566,0.531432,0.648293,0.473944,0.472629,0.488869,0.339808,0.643110,0.549890,0.471976,0.548447,0.613479,0.505147,0.247130,0.490544,0.501971,0.620355,0.561592,0.529125,0.674893,0.430268,0.570731,0.613226,0.545730,0.643588,0.528006,0.509715,0.518758,0.694983,0.588372,0.581928,0.607620,0.494318,0.466127,0.488577,0.520447,0.667212,0.548651,0.495651,0.452432,0.576088,0.621522,0.500045,0.522339,0.699315,0.665330,0.450930,0.452775,0.647041,0.588365,0.696443,0.427892,0.541731,0.442888,0.503083,0.407801,0.685205,0.460074,0.625649,0.466093,0.461369,0.406345,0.533407,0.427839,0.525558,0.503267,0.630064,0.497184,0.630174,0.562559,0.681429,0.605709,0.445053,0.519388,0.608188,0.483392,0.521062,0.504344,0.631300,0.606271,0.572865,0.612209,0.532274,0.526203,0.409877,0.466905,0.503818,0.583951,0.490581,0.490035,0.480435,0.631774,0.587127,0.357440,#
5,0.499537,0.672194,0.608697,0.669764,0.699124,1.000000,0.467784,0.586790,0.676030,0.401227,0.490441,0.515156,0.382620,0.401422,0.524094,0.664630,0.604008,0.564097,0.502009,0.635845,0.584975,0.600132,0.312597,0.507930,0.439977,0.623010,0.704857,0.574990,0.459950,0.444700,0.672694,0.640408,0.549995,0.466426,0.589813,0.552817,0.511707,0.624948,0.552878,0.500567,0.628527,0.473099,0.478647,0.534520,0.508890,0.666329,0.601599,0.429768,0.635610,0.379519,0.622162,0.614540,0.545656,0.640283,0.590413,0.714323,0.567106,0.559522,0.622470,0.550229,0.647816,0.485608,0.605714,0.632707,0.572490,0.522514,0.631995,0.506690,0.397441,0.599671,0.487150,0.580818,0.644707,0.603041,0.441282,0.561079,0.473931,0.328610,0.517859,0.616679,0.602390,0.574910,0.595281,0.536202,0.544652,0.593329,0.596440,0.604093,0.547618,0.526235,0.477159,0.466056,0.586647,0.698100,0.510419,0.471719,0.510665,0.411169,0.605380,0.530583,0.602265,0.587785,0.645013,0.479186,0.573183,0.605113,0.490784,0.477663,0.528369,0.543869,0.553130,0.605159,0.487672,0.511437,0.425019,0.495281,0.599449,0.600833,0.471657,0.439673,0.535133,0.534994,0.489678,0.644156,0.527232,0.610865,0.517570,0.612239,0.596310,0.661963,0.698330,0.644740,0.635152,0.614572,0.652812,0.552354,0.652325,0.589442,0.473739,0.625579,0.554456,0.528401,0.568666,0.592595,0.627085,0.556120,0.564851,0.600999,0.562854,0.616424,0.636350,0.663298,0.444710,0.528163,0.685605,0.404917,0.671894,0.450645,0.519514,0.485519,0.517528,0.536697,0.584434,0.490326,0.620486,0.475425,0.450408,0.558191,0.472273,0.514322,0.563125,0.538950,0.619596,0.544518,0.747379,0.503847,0.544645,0.598480,0.490714,0.509715,0.599652,0.555395,0.394545,0.586967,0.691241,0.676962,0.666982,0.417321,0.521756,0.691530,0.415991,0.550916,0.521504,0.521894,0.372336,0.512258,0.430081,0.541925,0.457939,0.442859,#
6,0.502201,0.475889,0.510599,0.570412,0.589247,0.467784,1.000000,0.399271,0.473731,0.389753,0.389281,0.395089,0.467555,0.577732,0.243384,0.487654,0.553028,0.581180,0.556263,0.494584,0.639748,0.454248,0.234620,0.493624,0.452513,0.498940,0.512964,0.398462,0.373699,0.451243,0.562231,0.610543,0.480453,0.501554,0.513110,0.500296,0.494159,0.419393,0.439273,0.591622,0.448550,0.614854,0.402849,0.452090,0.462089,0.394442,0.573174,0.323947,0.685068,0.467371,0.615570,0.618236,0.575340,0.289315,0.632969,0.537454,0.495993,0.562014,0.626274,0.489100,0.478643,0.372452,0.339973,0.441120,0.586171,0.507608,0.690222,0.461464,0.558507,0.445661,0.309641,0.579479,0.509764,0.572372,0.420969,0.393467,0.311565,0.401199,0.493176,0.420113,0.406733,0.587361,0.474953,0.612952,0.466725,0.476861,0.418851,0.446123,0.621152,0.532024,0.440368,0.417459,0.443040,0.592284,0.410520,0.416281,0.434859,0.411388,0.474431,0.480451,0.540422,0.469031,0.449567,0.416284,0.521088,0.423153,0.529265,0.408117,0.526753,0.520536,0.335452,0.386986,0.371117,0.567904,0.450974,0.384939,0.495980,0.631262,0.455899,0.334867,0.464482,0.550507,0.440822,0.628348,0.628942,0.578384,0.514094,0.540981,0.333512,0.443478,0.563221,0.504349,0.527987,0.415631,0.526698,0.491379,0.563911,0.531279,0.622119,0.497058,0.564387,0.537277,0.518959,0.496159,0.446711,0.532228,0.406052,0.455160,0.363941,0.423332,0.572967,0.632746,0.465390,0.512316,0.500506,0.485484,0.565499,0.350837,0.570628,0.504362,0.547042,0.516676,0.508427,0.471246,0.528656,0.497099,0.571295,0.355515,0.421479,0.469730,0.459018,0.373915,0.531172,0.425219,0.407695,0.553937,0.522856,0.473118,0.553696,0.478571,0.496330,0.436028,0.463548,0.652047,0.401723,0.533039,0.473755,0.573998,0.457054,0.491160,0.325595,0.543626,0.548328,0.578508,0.559981,0.436174,0.438479,0.603203,0.493190,0.489581,#
7,0.590856,0.612977,0.528481,0.575858,0.551113,0.586790,0.399271,1.000000,0.626186,0.453072,0.576598,0.502041,0.417429,0.480941,0.482181,0.618136,0.555874,0.546974,0.611098,0.516246,0.522036,0.502471,0.637653,0.536614,0.521453,0.515002,0.586388,0.506929,0.502063,0.557889,0.592196,0.627094,0.487719,0.537773,0.572110,0.440945,0.610427,0.502137,0.495602,0.399677,0.640559,0.471844,0.394635,0.477119,0.449491,0.467259,0.547315,0.587962,0.581204,0.336800,0.644962,0.573252,0.586599,0.586082,0.576554,0.502217,0.593951,0.618581,0.475857,0.523397,0.568978,0.440894,0.619434,0.462242,0.620265,0.517245,0.668326,0.568840,0.503158,0.464402,0.518148,0.298628,0.568079,0.626155,0.502340,0.504442,0.551693,0.362478,0.529256,0.494608,0.577904,0.530682,0.575163,0.560755,0.591679,0.545633,0.664425,0.523936,0.550410,0.516298,0.530759,0.522892,0.525058,0.658366,0.577109,0.477760,0.494827,0.563917,0.556834,0.605322,0.692641,0.489026,0.611889,0.454388,0.469378,0.547419,0.517241,0.575186,0.523288,0.452896,0.575681,0.439939,0.574414,0.632546,0.512104,0.582903,0.506032,0.503247,0.429591,0.488596,0.554567,0.572987,0.434920,0.559038,0.573921,0.588621,0.527353,0.706495,0.423877,0.394438,0.569208,0.502072,0.514406,0.326450,0.647159,0.648422,0.691995,0.562729,0.556220,0.611167,0.539151,0.519441,0.529300,0.365163,0.558299,0.528591,0.548120,0.406579,0.515633,0.390213,0.580802,0.556781,0.510508,0.602013,0.610494,0.647067,0.558660,0.461333,0.568652,0.448787,0.606727,0.505106,0.708019,0.370333,0.563100,0.529905,0.522798,0.570637,0.451972,0.435354,0.562264,0.543653,0.466900,0.570562,0.571237,0.599453,0.497041,0.515539,0.503294,0.493361,0.507582,0.483868,0.422777,0.566102,0.560921,0.555538,0.573343,0.411643,0.510798,0.599307,0.565250,0.598506,0.495703,0.529411,0.520607,0.465460,0.521994,0.566426,0.598323,0.463577,#
8,0.505832,0.712601,0.686257,0.666575,0.526662,0.676030,0.473731,0.626186,1.000000,0.540433,0.589392,0.525012,0.577050,0.485772,0.474368,0.641215,0.541571,0.597278,0.507085,0.601087,0.520736,0.599158,0.433247,0.504519,0.295438,0.574254,0.575283,0.648573,0.559267,0.544024,0.614171,0.629769,0.496052,0.559031,0.604664,0.574294,0.474719,0.627992,0.542159,0.496098,0.508396,0.517673,0.590597,0.530507,0.524418,0.434146,0.615224,0.422020,0.611327,0.482490,0.620379,0.639593,0.542887,0.644612,0.681121,0.610713,0.559358,0.594404,0.571381,0.434446,0.621634,0.575152,0.571357,0.505497,0.564283,0.561031,0.632837,0.561883,0.545874,0.590266,0.438983,0.555126,0.711286,0.686658,0.498216,0.587733,0.491757,0.560762,0.420258,0.617885,0.567285,0.551518,0.628770,0.635252,0.616286,0.594363,0.525978,0.613561,0.510433,0.426659,0.513861,0.522543,0.690860,0.503184,0.607573,0.503940,0.467315,0.554339,0.678972,0.582441,0.556936,0.606330,0.631893,0.518875,0.528297,0.600164,0.576785,0.589590,0.474045,0.537608,0.553272,0.514945,0.616902,0.625862,0.512200,0.545683,0.539046,0.535692,0.580599,0.549656,0.526026,0.436341,0.467820,0.558626,0.502815,0.619649,0.521104,0.639587,0.503961,0.548403,0.555149,0.490137,0.561948,0.575399,0.706519,0.566338,0.606909,0.623074,0.529955,0.632736,0.627862,0.668012,0.623382,0.483536,0.598501,0.519190,0.486971,0.404735,0.494477,0.566266,0.652599,0.648434,0.566166,0.765281,0.515689,0.560879,0.642458,0.479718,0.649106,0.661218,0.600278,0.534884,0.619185,0.601310,0.559256,0.424360,0.486610,0.612735,0.560770,0.560185,0.595032,0.441544,0.512092,0.508958,0.635345,0.593760,0.492515,0.677455,0.471022,0.284872,0.592027,0.623741,0.388727,0.746420,0.585642,0.608897,0.618333,0.362516,0.515482,0.621445,0.613218,0.563662,0.656137,0.559642,0.527705,0.548455,0.612283,0.496722,0.500128,0.619628,#
9,0.447080,0.581414,0.432448,0.558446,0.455247,0.401227,0.389753,0.453072,0.540433,1.000000,0.488887,0.248024,0.440601,0.479764,0.478016,0.462775,0.509481,0.500574,0.505736,0.462303,0.635560,0.480672,0.362455,0.473882,0.364973,0.471954,0.465997,0.676362,0.342474,0.710539,0.470045,0.455967,0.555565,0.517277,0.558782,0.480156,0.386448,0.507001,0.434716,0.578522,0.514155,0.661888,0.395682,0.465606,0.470746,0.431677,0.454137,0.423901,0.527067,0.323412,0.467240,0.561553,0.375839,0.404702,0.533503,0.518987,0.502946,0.620817,0.422172,0.437998,0.557526,0.436068,0.455785,0.459899,0.550833,0.633469,0.610218,0.515271,0.483982,0.357282,0.339514,0.489828,0.459520,0.521032,0.516154,0.633503,0.291445,0.597402,0.428236,0.624427,0.522736,0.484712,0.445574,0.633311,0.485503,0.434680,0.477690,0.470664,0.523651,0.333130,0.464782,0.352123,0.609732,0.537500,0.535614,0.485954,0.363504,0.437691,0.408552,0.552216,0.524840,0.462195,0.453175,0.469632,0.527481,0.603218,0.471084,0.513781,0.584163,0.545942,0.550114,0.465404,0.492880,0.501542,0.424916,0.580575,0.251998,0.565003,0.393371,0.333245,0.460250,0.463881,0.483480,0.513192,0.459046,0.520651,0.565640,0.431621,0.507872,0.401861,0.376760,0.580907,0.499822,0.511367,0.553432,0.460761,0.414492,0.581593,0.476506,0.554178,0.480782,0.672574,0.567767,0.459330,0.587411,0.551232,0.480930,0.606722,0.419015,0.355088,0.443970,0.501529,0.458055,0.550530,0.486505,0.519789,0.516052,0.551568,0.393878,0.602298,0.510487,0.527700,0.510860,0.541957,0.409255,0.491396,0.387990,0.496764,0.546453,0.330590,0.528722,0.543635,0.530309,0.500279,0.558139,0.652752,0.438838,0.537316,0.389988,0.488849,0.536303,0.450684,0.438312,0.546156,0.513278,0.737712,0.452289,0.337740,0.529851,0.462037,0.520734,0.531549,0.421292,0.505438,0.529298,0.452176,0.435886,0.449272,0.448584,0.372741,#
10,0.519419,0.657769,0.520842,0.658756,0.430987,0.490441,0.389281,0.576598,0.589392,0.488887,1.000000,0.500433,0.567571,0.485469,0.407720,0.578583,0.522653,0.473209,0.673349,0.548113,0.516334,0.494872,0.457992,0.542671,0.377305,0.533071,0.512356,0.633416,0.559440,0.572023,0.517890,0.559411,0.479150,0.539650,0.550319,0.574862,0.521633,0.607128,0.609820,0.443075,0.456798,0.509121,0.479790,0.597685,0.369003,0.619297,0.642591,0.477178,0.595258,0.427466,0.488903,0.553985,0.557625,0.427224,0.650363,0.430167,0.610592,0.606374,0.444631,0.449106,0.599494,0.483988,0.599060,0.515308,0.630041,0.452860,0.461054,0.449119,0.516502,0.595147,0.384929,0.530307,0.680754,0.438181,0.434284,0.641207,0.466016,0.570360,0.571992,0.496827,0.621157,0.592454,0.522234,0.606969,0.491991,0.434843,0.672533,0.560986,0.582143,0.527716,0.434140,0.467951,0.666114,0.616897,0.496586,0.539822,0.357721,0.550811,0.570861,0.687635,0.555914,0.376548,0.488912,0.560870,0.605265,0.629988,0.317340,0.545556,0.520582,0.575463,0.626898,0.373770,0.582063,0.519741,0.476753,0.484354,0.358559,0.486052,0.564949,0.484299,0.551953,0.658761,0.309807,0.582275,0.367673,0.578398,0.622209,0.533544,0.580928,0.520085,0.505521,0.532196,0.531388,0.479551,0.587012,0.591422,0.515310,0.459991,0.550998,0.566577,0.693538,0.596380,0.464601,0.558485,0.532712,0.526979,0.406697,0.488504,0.482555,0.361994,0.569161,0.607232,0.592407,0.467742,0.632881,0.521081,0.662249,0.613709,0.459210,0.514711,0.711557,0.489433,0.587229,0.496438,0.549002,0.451393,0.626199,0.464770,0.478352,0.447191,0.634959,0.542673,0.445978,0.459507,0.467756,0.568460,0.563353,0.618454,0.375665,0.511856,0.576896,0.391647,0.474866,0.568326,0.503834,0.578191,0.428488,0.538793,0.471652,0.694691,0.561768,0.456597,0.508503,0.596121,0.531732,0.556780,0.472940,0.634077,0.547387,0.569627,#
11,0.505978,0.420804,0.377976,0.450049,0.596694,0.515156,0.395089,0.502041,0.525012,0.248024,0.500433,1.000000,0.570639,0.393494,0.343623,0.525454,0.460648,0.549132,0.508450,0.509243,0.404908,0.373890,0.403907,0.459060,0.276908,0.497052,0.476213,0.385828,0.497390,0.339422,0.458517,0.461636,0.503337,0.359188,0.398539,0.432666,0.479637,0.571974,0.290327,0.452588,0.349384,0.407078,0.331251,0.539292,0.319839,0.498659,0.600321,0.488241,0.426114,0.426667,0.505769,0.418912,0.511773,0.352246,0.564241,0.499799,0.419401,0.378504,0.430275,0.415874,0.421584,0.262676,0.622257,0.424737,0.512669,0.449951,0.453418,0.369388,0.487800,0.551895,0.453720,0.508394,0.563993,0.594377,0.420141,0.404031,0.400882,0.453676,0.420588,0.315240,0.531491,0.389705,0.415721,0.390744,0.430637,0.388461,0.300889,0.416855,0.296492,0.294758,0.555115,0.425021,0.443003,0.447601,0.360083,0.535967,0.475566,0.451036,0.416321,0.437656,0.420331,0.448919,0.441756,0.395993,0.502903,0.549938,0.374327,0.457662,0.565094,0.441681,0.547050,0.445233,0.546700,0.489826,0.280213,0.430130,0.418305,0.464468,0.475962,0.440254,0.321351,0.465356,0.414666,0.512518,0.392467,0.591953,0.547819,0.481265,0.549150,0.435804,0.531353,0.356720,0.515943,0.487491,0.571315,0.472122,0.508258,0.391769,0.461520,0.362138,0.539323,0.426281,0.380351,0.435525,0.430202,0.283141,0.591749,0.445042,0.338006,0.505979,0.470220,0.481793,0.474927,0.421988,0.505267,0.392933,0.600233,0.445741,0.475924,0.419778,0.374755,0.401184,0.665297,0.390065,0.616953,0.244118,0.448089,0.332951,0.428318,0.507267,0.466969,0.383218,0.451209,0.569390,0.414512,0.558338,0.445288,0.405466,0.338009,0.435546,0.488480,0.329092,0.415422,0.479557,0.578942,0.357601,0.351360,0.595929,0.388935,0.495206,0.418178,0.503530,0.406785,0.405679,0.357508,0.514446,0.473627,0.492977,0.471283,0.224975,#
12,0.510662,0.585564,0.407570,0.584768,0.538229,0.382620,0.467555,0.417429,0.577050,0.440601,0.567571,0.570639,1.000000,0.445762,0.445200,0.467288,0.513792,0.522499,0.572399,0.567999,0.513181,0.405177,0.524187,0.514164,0.425027,0.386831,0.430340,0.451507,0.597829,0.431071,0.526695,0.513718,0.491300,0.500591,0.494985,0.574712,0.425998,0.530140,0.513466,0.417979,0.262005,0.381984,0.269542,0.593783,0.359846,0.418518,0.642607,0.378929,0.524390,0.467471,0.635204,0.508113,0.542530,0.469887,0.643516,0.454433,0.417057,0.471235,0.446513,0.373890,0.408575,0.275237,0.438205,0.386978,0.594502,0.526280,0.521512,0.321655,0.450894,0.486955,0.364592,0.533217,0.540801,0.566786,0.564213,0.506284,0.443316,0.493753,0.480570,0.551921,0.468221,0.437004,0.614032,0.548180,0.402727,0.526396,0.422161,0.523212,0.530453,0.417451,0.573729,0.471889,0.564031,0.389926,0.350173,0.502751,0.581002,0.518573,0.493156,0.442892,0.413481,0.589759,0.507073,0.428281,0.500827,0.478219,0.335972,0.406870,0.559238,0.525440,0.420647,0.418473,0.425423,0.571504,0.678672,0.489729,0.382150,0.434679,0.530603,0.379594,0.438444,0.512137,0.409958,0.510974,0.445543,0.621836,0.516035,0.463701,0.538442,0.459086,0.438537,0.430436,0.422354,0.365592,0.527402,0.571333,0.401124,0.459533,0.425699,0.320792,0.685044,0.618106,0.458432,0.534954,0.468022,0.300546,0.523305,0.443590,0.489315,0.593158,0.430697,0.549098,0.435123,0.450944,0.396884,0.572633,0.700905,0.567356,0.596290,0.559578,0.549927,0.481645,0.525404,0.485926,0.534907,0.279794,0.459196,0.543114,0.348459,0.356467,0.515721,0.386827,0.546853,0.465408,0.430465,0.426568,0.621490,0.676869,0.408422,0.342449,0.465342,0.486651,0.507401,0.493704,0.345272,0.448189,0.430753,0.447557,0.510206,0.536881,0.477452,0.494913,0.347447,0.551530,0.445064,0.527453,0.475732,0.542320,0.525977,0.313502,#
13,0.481782,0.550519,0.495267,0.557190,0.524839,0.401422,0.577732,0.480941,0.485772,0.479764,0.485469,0.393494,0.445762,1.000000,0.262582,0.505271,0.450381,0.579919,0.566517,0.482050,0.519614,0.466549,0.518922,0.455495,0.461529,0.462691,0.344627,0.550800,0.515906,0.506519,0.409410,0.531303,0.551602,0.599853,0.271946,0.364708,0.576683,0.551164,0.587617,0.494971,0.657745,0.405483,0.403580,0.479239,0.553013,0.462615,0.565419,0.464003,0.627685,0.491460,0.534894,0.712966,0.421232,0.374913,0.623816,0.564829,0.511605,0.472513,0.534797,0.448070,0.593167,0.360189,0.421294,0.499180,0.550666,0.563286,0.549205,0.396570,0.498306,0.387088,0.341453,0.573364,0.362949,0.658988,0.552949,0.482794,0.367478,0.387964,0.529392,0.444740,0.531485,0.452227,0.558528,0.521282,0.468647,0.501873,0.343588,0.359133,0.645812,0.493160,0.393833,0.482525,0.511827,0.531287,0.480776,0.395351,0.497954,0.385677,0.392822,0.596881,0.510862,0.446328,0.431708,0.600389,0.530031,0.653140,0.375893,0.559984,0.520019,0.428118,0.544133,0.487857,0.445781,0.587435,0.491240,0.547069,0.364456,0.630674,0.516189,0.382520,0.526314,0.554674,0.271957,0.471872,0.505082,0.493627,0.525025,0.440561,0.505656,0.426447,0.555642,0.473131,0.481232,0.393359,0.557696,0.571367,0.469778,0.547757,0.692159,0.377631,0.453553,0.600118,0.588954,0.430647,0.445939,0.477055,0.440097,0.556059,0.454648,0.423662,0.548670,0.572620,0.383538,0.596698,0.429798,0.483863,0.631959,0.483163,0.550073,0.459123,0.547077,0.548125,0.443910,0.543328,0.488917,0.435135,0.546209,0.473161,0.551685,0.340138,0.481738,0.484007,0.604726,0.455305,0.590561,0.585992,0.538434,0.627155,0.484208,0.434385,0.490534,0.399416,0.547273,0.563137,0.505621,0.523619,0.408479,0.511718,0.452048,0.501880,0.475103,0.517061,0.491389,0.541445,0.567038,0.273171,0.550686,0.591009,0.488484,0.417959,#
14,0.340953,0.590167,0.406761,0.454082,0.378252,0.524094,0.243384,0.482181,0.474368,0.478016,0.407720,0.343623,0.445200,0.262582,1.000000,0.480469,0.464691,0.246114,0.310696,0.382732,0.466754,0.414907,0.294463,0.476285,0.270863,0.239723,0.437726,0.480910,0.388409,0.495650,0.520782,0.445208,0.440073,0.376115,0.379297,0.341749,0.327357,0.508612,0.468868,0.209637,0.373606,0.386753,0.454371,0.475945,0.299324,0.399413,0.431598,0.275129,0.292086,0.168087,0.402251,0.400685,0.256537,0.558638,0.395485,0.436906,0.451283,0.308184,0.401473,0.237500,0.488541,0.463876,0.409871,0.310239,0.429955,0.329767,0.424495,0.338912,0.464264,0.460840,0.230631,0.358975,0.447195,0.312803,0.459616,0.491364,0.298900,0.306660,0.304883,0.300794,0.442675,0.444426,0.485570,0.521043,0.409815,0.463412,0.408599,0.468888,0.532272,0.223071,0.382776,0.219123,0.426272,0.555491,0.470371,0.407853,0.577742,0.423975,0.425362,0.321775,0.438287,0.380082,0.444051,0.217861,0.467033,0.553455,0.342784,0.343268,0.518943,0.359619,0.467983,0.470099,0.486310,0.372344,0.279275,0.467602,0.288810,0.457559,0.230636,0.329192,0.408854,0.466536,0.289213,0.447840,0.523364,0.216802,0.423412,0.562821,0.320261,0.395755,0.360246,0.426065,0.384982,0.391281,0.441172,0.431164,0.466485,0.387522,0.379310,0.496395,0.397702,0.461887,0.243851,0.469750,0.419606,0.444863,0.574635,0.486889,0.396141,0.241027,0.414335,0.415014,0.207982,0.351293,0.538418,0.355887,0.453936,0.374473,0.356065,0.408042,0.443039,0.305570,0.429314,0.413767,0.247661,0.192033,0.237765,0.441300,0.199790,0.357218,0.376344,0.410329,0.463761,0.502748,0.419077,0.515412,0.434746,0.476849,0.233513,0.251470,0.361632,0.419637,0.462825,0.456099,0.418257,0.485839,0.534798,0.201965,0.365707,0.417561,0.302828,0.398076,0.490013,0.420022,0.274051,0.352975,0.362053,0.356978,0.289632,0.319175,#
15,0.523480,0.673874,0.560216,0.661071,0.592144,0.664630,0.487654,0.618136,0.641215,0.462775,0.578583,0.525454,0.467288,0.505271,0.480469,1.000000,0.549657,0.541896,0.584950,0.589819,0.524958,0.565650,0.426985,0.536472,0.443822,0.571568,0.598744,0.559051,0.503587,0.559211,0.659468,0.621871,0.536374,0.572509,0.521517,0.567802,0.614144,0.626631,0.631855,0.494562,0.504693,0.540443,0.551550,0.576264,0.603246,0.495132,0.739141,0.602309,0.624693,0.535899,0.625803,0.592846,0.621787,0.525386,0.575791,0.514815,0.634171,0.511949,0.496854,0.400650,0.628610,0.496131,0.509530,0.632183,0.640135,0.558618,0.577386,0.528542,0.477500,0.448909,0.478042,0.506106,0.538647,0.495007,0.589088,0.513416,0.500192,0.522917,0.594359,0.572535,0.594110,0.575615,0.526022,0.605452,0.621656,0.646777,0.508610,0.593122,0.555146,0.453362,0.555759,0.457769,0.581392,0.585259,0.436797,0.570718,0.434444,0.517984,0.444737,0.504743,0.645159,0.478218,0.574742,0.510693,0.533509,0.646690,0.552594,0.570449,0.544169,0.576857,0.483946,0.413971,0.573865,0.554361,0.440263,0.569549,0.545656,0.614286,0.564397,0.436112,0.547051,0.484164,0.423348,0.608542,0.501016,0.564940,0.600861,0.517465,0.631524,0.643899,0.562755,0.464980,0.574103,0.392717,0.586873,0.537729,0.532758,0.483958,0.681169,0.624860,0.522295,0.533490,0.537722,0.496834,0.540210,0.573349,0.503229,0.533958,0.532535,0.561288,0.618875,0.585700,0.631415,0.588501,0.605021,0.477487,0.666464,0.498474,0.594189,0.492725,0.520663,0.606154,0.599789,0.417501,0.590015,0.499340,0.589643,0.606192,0.559935,0.443911,0.477206,0.639155,0.519112,0.586186,0.589019,0.674726,0.588960,0.577420,0.426551,0.463562,0.554898,0.552861,0.412225,0.557444,0.589049,0.645777,0.444593,0.339933,0.472456,0.648769,0.620312,0.546573,0.530741,0.520837,0.576692,0.455644,0.579311,0.626867,0.593758,0.565917,#
16,0.574546,0.600380,0.430788,0.565647,0.647606,0.604008,0.553028,0.555874,0.541571,0.509481,0.522653,0.460648,0.513792,0.450381,0.464691,0.549657,1.000000,0.593140,0.626010,0.527681,0.654627,0.624254,0.320542,0.510148,0.447068,0.631548,0.556988,0.361776,0.423172,0.480299,0.693779,0.589781,0.622701,0.509915,0.483391,0.556860,0.583955,0.533761,0.552609,0.533820,0.493538,0.568575,0.411499,0.447774,0.503302,0.624498,0.518259,0.448955,0.596592,0.465332,0.517898,0.527755,0.572061,0.613437,0.632904,0.677053,0.451690,0.576271,0.628074,0.455496,0.577008,0.497706,0.472700,0.529352,0.638513,0.459601,0.617670,0.539266,0.614568,0.630081,0.456958,0.600352,0.612758,0.555527,0.510960,0.547540,0.525349,0.488663,0.585867,0.626350,0.604405,0.618780,0.594692,0.565584,0.536204,0.463236,0.599292,0.516448,0.593526,0.465176,0.492090,0.422418,0.544347,0.680661,0.480325,0.633677,0.566773,0.410567,0.581982,0.496897,0.622052,0.483474,0.600630,0.467511,0.517858,0.708917,0.548147,0.495959,0.665212,0.548624,0.579031,0.595486,0.579462,0.632194,0.514107,0.652647,0.603234,0.626298,0.489911,0.313489,0.409744,0.602824,0.468213,0.585252,0.546611,0.651972,0.548304,0.560781,0.555813,0.439889,0.591696,0.519955,0.636406,0.412728,0.612691,0.633178,0.472775,0.538808,0.555265,0.568988,0.566404,0.549839,0.664502,0.612990,0.443359,0.471441,0.475014,0.526817,0.497931,0.448903,0.602879,0.648768,0.476402,0.483345,0.702866,0.571414,0.660688,0.574964,0.579011,0.563110,0.422982,0.540946,0.715286,0.548645,0.551096,0.654455,0.521945,0.628392,0.519601,0.482890,0.538341,0.495946,0.492548,0.515501,0.580168,0.598483,0.434913,0.566980,0.423010,0.470085,0.565050,0.469379,0.613241,0.485798,0.578936,0.656628,0.607607,0.496162,0.464166,0.590711,0.590628,0.561601,0.560880,0.629964,0.543606,0.464041,0.479090,0.661482,0.635621,0.456699,#
17,0.499469,0.511938,0.562095,0.600035,0.710786,0.564097,0.581180,0.546974,0.597278,0.500574,0.473209,0.549132,0.522499,0.579919,0.246114,0.541896,0.593140,1.000000,0.514488,0.713277,0.545788,0.504976,0.458799,0.661792,0.617334,0.583029,0.627331,0.536559,0.479755,0.574298,0.630122,0.614142,0.406745,0.488558,0.487283,0.611041,0.590457,0.636858,0.506541,0.559196,0.525259,0.509755,0.461780,0.530554,0.423868,0.466754,0.578044,0.608752,0.677984,0.527386,0.580768,0.519841,0.584139,0.421110,0.626932,0.617196,0.536917,0.493617,0.614533,0.329677,0.575451,0.355805,0.451609,0.528452,0.582701,0.657387,0.663818,0.479717,0.511953,0.486861,0.509924,0.542473,0.562487,0.591205,0.442787,0.486318,0.480801,0.598823,0.473342,0.658273,0.545238,0.551464,0.700444,0.543379,0.538029,0.482739,0.520085,0.537244,0.488051,0.506255,0.661018,0.441246,0.555418,0.532532,0.367368,0.589534,0.547138,0.406350,0.394568,0.735585,0.597021,0.504786,0.529772,0.504493,0.507309,0.530025,0.523373,0.496513,0.507409,0.514917,0.515795,0.515621,0.523736,0.645168,0.526887,0.506484,0.458913,0.603747,0.455833,0.342794,0.536008,0.537447,0.423897,0.654507,0.589627,0.651144,0.556281,0.639219,0.573835,0.555513,0.645125,0.610418,0.617616,0.458254,0.552709,0.622727,0.553830,0.572491,0.635729,0.583699,0.567800,0.568713,0.706917,0.494878,0.548639,0.556953,0.596625,0.583929,0.569466,0.416877,0.611454,0.591186,0.498210,0.579798,0.561917,0.678373,0.781251,0.523348,0.570580,0.574754,0.534790,0.470699,0.687611,0.439378,0.615782,0.551962,0.379077,0.467329,0.538768,0.364865,0.653733,0.492164,0.562068,0.475477,0.698521,0.525300,0.546682,0.619275,0.440141,0.500778,0.487642,0.643003,0.537991,0.621880,0.686058,0.576557,0.533418,0.574130,0.485501,0.545287,0.553891,0.607562,0.523583,0.529042,0.570798,0.620069,0.545984,0.617581,0.522747,0.427545,#
18,0.579036,0.649132,0.422866,0.630479,0.588300,0.502009,0.556263,0.611098,0.507085,0.505736,0.673349,0.508450,0.572399,0.566517,0.310696,0.584950,0.626010,0.514488,1.000000,0.611358,0.616942,0.606245,0.440112,0.456873,0.432115,0.592774,0.567782,0.484888,0.483450,0.568582,0.531770,0.600033,0.565683,0.600454,0.586536,0.692295,0.572971,0.561750,0.587589,0.446579,0.614354,0.439130,0.406526,0.520241,0.536008,0.484653,0.634810,0.634422,0.649810,0.396413,0.532156,0.579834,0.624931,0.360622,0.628602,0.486140,0.518476,0.643716,0.571676,0.567915,0.570018,0.347036,0.506728,0.461518,0.716123,0.485707,0.567261,0.561910,0.429754,0.490230,0.512767,0.501481,0.590845,0.559530,0.529836,0.493077,0.450488,0.490830,0.665589,0.490343,0.568946,0.498427,0.527804,0.628822,0.554131,0.584690,0.576856,0.532317,0.617765,0.474406,0.520279,0.407350,0.606118,0.702966,0.592227,0.448352,0.481425,0.554398,0.600641,0.638419,0.576191,0.450506,0.533051,0.550408,0.606639,0.638627,0.443601,0.496916,0.709504,0.568750,0.583967,0.519270,0.541995,0.643535,0.525272,0.500030,0.511631,0.500329,0.556428,0.389561,0.536810,0.704820,0.453970,0.553509,0.496070,0.617704,0.679702,0.477094,0.653117,0.441620,0.636539,0.457662,0.536315,0.398609,0.604662,0.615394,0.582805,0.566559,0.562010,0.552100,0.559963,0.660661,0.514939,0.582553,0.523005,0.563346,0.576095,0.438080,0.511691,0.452221,0.553926,0.727600,0.558430,0.494214,0.553117,0.599898,0.669686,0.628231,0.582709,0.484787,0.569201,0.523758,0.673653,0.518827,0.659549,0.508064,0.698073,0.558593,0.437352,0.424367,0.567635,0.628711,0.586262,0.474839,0.478378,0.574728,0.595347,0.654815,0.467360,0.632472,0.559914,0.497277,0.465639,0.562548,0.556527,0.624636,0.457037,0.551074,0.478353,0.631686,0.540667,0.473730,0.410933,0.646273,0.635715,0.567431,0.525940,0.649036,0.571476,0.511961,#
19,0.442687,0.590522,0.482441,0.563522,0.653593,0.635845,0.494584,0.516246,0.601087,0.462303,0.548113,0.509243,0.567999,0.482050,0.382732,0.589819,0.527681,0.713277,0.611358,1.000000,0.600133,0.556424,0.407993,0.468210,0.416276,0.476095,0.631257,0.466573,0.576174,0.535124,0.659996,0.727370,0.462878,0.483964,0.445808,0.706544,0.479512,0.564793,0.550742,0.463310,0.541098,0.455131,0.396358,0.536206,0.517938,0.508723,0.646676,0.554049,0.621249,0.237856,0.560937,0.512981,0.487106,0.457810,0.600324,0.450629,0.636656,0.568779,0.505750,0.332777,0.635298,0.386844,0.541222,0.562832,0.558739,0.554064,0.619496,0.440575,0.510779,0.560133,0.538645,0.474899,0.575649,0.573809,0.520059,0.339416,0.367323,0.389347,0.411301,0.546432,0.563859,0.489796,0.602665,0.551874,0.478399,0.421748,0.599970,0.553521,0.614983,0.407888,0.544334,0.410922,0.600389,0.587441,0.462696,0.490690,0.577972,0.415504,0.459921,0.631838,0.638596,0.540651,0.618355,0.482282,0.525897,0.476145,0.513780,0.528128,0.535311,0.538625,0.461605,0.458148,0.475310,0.584230,0.538639,0.410074,0.579792,0.601521,0.394704,0.387791,0.522161,0.567795,0.375747,0.735828,0.555639,0.560948,0.593141,0.593021,0.693913,0.673939,0.628428,0.548379,0.586434,0.467263,0.546839,0.541448,0.538050,0.522203,0.573062,0.630109,0.674945,0.545305,0.531763,0.582011,0.572663,0.454424,0.541807,0.384293,0.591949,0.402409,0.514949,0.675157,0.463640,0.492003,0.605783,0.568719,0.767473,0.612023,0.496079,0.456847,0.625167,0.500177,0.630438,0.423886,0.633943,0.424780,0.321473,0.551760,0.442605,0.518643,0.629475,0.657921,0.538667,0.335977,0.662276,0.581224,0.574849,0.664780,0.459935,0.376561,0.498944,0.515119,0.574659,0.661327,0.621689,0.562632,0.530461,0.600622,0.545623,0.648286,0.447408,0.542008,0.452578,0.682188,0.557067,0.615571,0.531323,0.475946,0.478558,0.403585,#
20,0.584161,0.660688,0.413147,0.560225,0.637319,0.584975,0.639748,0.522036,0.520736,0.635560,0.516334,0.404908,0.513181,0.519614,0.466754,0.524958,0.654627,0.545788,0.616942,0.600133,1.000000,0.617587,0.252129,0.514613,0.481912,0.542049,0.556038,0.577702,0.480541,0.628090,0.591915,0.527144,0.522814,0.566427,0.542755,0.577163,0.494122,0.496742,0.493697,0.554176,0.547513,0.672104,0.372976,0.638296,0.589153,0.525339,0.593406,0.472486,0.643831,0.393460,0.520880,0.594654,0.531698,0.527829,0.549392,0.588198,0.550856,0.574057,0.631424,0.460421,0.630887,0.463243,0.606883,0.438359,0.667201,0.577634,0.708737,0.476298,0.556786,0.486126,0.407952,0.634545,0.503372,0.593210,0.494187,0.445075,0.393077,0.441722,0.568674,0.615927,0.452834,0.636885,0.605781,0.653728,0.473307,0.485240,0.605926,0.494065,0.691029,0.611397,0.473826,0.502238,0.503968,0.677806,0.591158,0.500570,0.415111,0.373880,0.466257,0.540943,0.710494,0.574339,0.640193,0.591015,0.594019,0.527965,0.521256,0.622742,0.593249,0.670947,0.515027,0.563224,0.509348,0.549353,0.548585,0.469526,0.554252,0.649261,0.385197,0.318541,0.583210,0.569652,0.448729,0.629364,0.548347,0.617719,0.516061,0.504309,0.539703,0.506728,0.532351,0.575892,0.608587,0.581361,0.660396,0.485803,0.492913,0.635373,0.623902,0.652039,0.587099,0.493587,0.528807,0.615353,0.572251,0.520873,0.533257,0.513881,0.535724,0.531961,0.592845,0.638563,0.552488,0.483429,0.712158,0.605834,0.627874,0.549806,0.527960,0.610125,0.588720,0.618939,0.571686,0.567949,0.658839,0.429982,0.409807,0.504179,0.506924,0.530856,0.558196,0.498347,0.647156,0.521101,0.579549,0.643232,0.488912,0.622573,0.506298,0.541156,0.536043,0.500873,0.556001,0.558494,0.477977,0.672333,0.504837,0.582771,0.462444,0.467335,0.390432,0.523184,0.469967,0.678396,0.528143,0.433908,0.554312,0.572364,0.520251,0.408277,#
21,0.517234,0.729931,0.544898,0.498481,0.467393,0.600132,0.454248,0.502471,0.599158,0.480672,0.494872,0.373890,0.405177,0.466549,0.414907,0.565650,0.624254,0.504976,0.606245,0.556424,0.617587,1.000000,0.432857,0.607470,0.327891,0.472700,0.618550,0.476421,0.387797,0.520530,0.614564,0.495890,0.572732,0.543450,0.568781,0.590742,0.532042,0.568836,0.637340,0.428678,0.574329,0.576281,0.476210,0.477910,0.557537,0.460193,0.507551,0.554046,0.584579,0.384278,0.446594,0.666072,0.478571,0.384752,0.598597,0.561497,0.553936,0.466333,0.590116,0.349965,0.643434,0.403986,0.568915,0.391740,0.683947,0.458238,0.596180,0.516932,0.481984,0.486381,0.353680,0.560139,0.470708,0.529116,0.577977,0.523179,0.359109,0.438382,0.588782,0.564496,0.462472,0.533481,0.568181,0.542891,0.648996,0.480225,0.448361,0.582290,0.604628,0.512729,0.367150,0.321055,0.617503,0.573808,0.546897,0.446312,0.462000,0.366348,0.508203,0.559121,0.542938,0.455909,0.539645,0.460741,0.335502,0.620711,0.425811,0.411198,0.614545,0.609158,0.543318,0.525894,0.484143,0.555825,0.387254,0.360472,0.510746,0.641252,0.327275,0.432021,0.533268,0.505475,0.408773,0.544106,0.536194,0.492580,0.536508,0.571671,0.508352,0.537019,0.589712,0.532508,0.543167,0.460281,0.657014,0.436966,0.371607,0.481425,0.600370,0.650779,0.555110,0.508687,0.469989,0.468721,0.459336,0.493895,0.534539,0.487923,0.321800,0.525044,0.580943,0.682642,0.569604,0.516588,0.490263,0.499452,0.632588,0.472523,0.450348,0.561092,0.489708,0.453563,0.634392,0.465479,0.646216,0.475095,0.479445,0.558749,0.350985,0.498562,0.574887,0.359696,0.523059,0.397109,0.467314,0.499898,0.393704,0.610765,0.443332,0.420177,0.513479,0.532292,0.414718,0.626482,0.473069,0.654664,0.569767,0.301415,0.432982,0.562753,0.508973,0.486754,0.504533,0.498992,0.606682,0.512797,0.512754,0.650417,0.440142,0.499012,#
