0,1.000000,0.437286,0.555005,0.429942,0.252644,0.518021,0.373960,0.471089,0.487702,0.429923,0.363239,0.611143,0.450291,0.411134,0.700971,0.424084,0.368978,0.552341,0.486231,0.405371,0.445753,0.411699,0.592590,0.473563,0.341701,0.470641,0.421578,0.457933,0.409380,0.555048,0.499407,0.299576,0.421508,0.392477,0.576411,0.501826,0.504665,0.491393,0.476179,0.514806,0.533952,0.384259,0.562462,0.508674,0.414352,0.357476,0.544849,0.588782,0.433960,0.621282,0.375057,0.349822,0.499414,0.545679,0.511193,0.429082,0.362264,0.493240,0.366251,0.481393,0.536526,0.419854,0.460813,0.474416,0.365296,0.661684,0.552655,0.552574,0.481446,0.345536,0.452069,0.351738,0.500344,0.448491,0.591014,0.278717,0.550254,0.591872,0.428693,0.355401,0.541997,0.246731,0.453000,0.453367,0.605363,0.578852,0.263267,0.350712,0.300444,0.364364,0.489457,0.611468,0.465976,0.573287,0.557227,0.471360,0.415647,0.431789,0.558037,0.470100,0.427457,0.463443,0.470683,0.442446,0.446203,0.362485,0.338779,0.481129,0.519773,0.394671,0.557900,0.407190,0.503739,0.216810,0.404575,0.568912,0.310791,0.221816,0.512489,0.486954,0.244263,0.673855,0.507827,0.507020,0.390103,0.328897,0.381475,0.325752,0.420850,0.347587,0.345819,0.471024,0.442487,0.298843,0.477482,0.373042,0.447266,0.409339,0.428323,0.480835,0.394946,0.453618,0.336775,0.554599,0.645121,0.294234,0.385648,0.423855,0.501656,0.644662,0.515238,0.244981,0.424352,0.552636,0.192760,0.473910,0.355388,0.472119,0.491173,0.533360,0.536908,0.496111,0.369415,0.475672,0.326598,0.422197,0.569006,0.455902,0.470608,0.478914,0.472918,0.472613,0.440072,0.503934,0.604520,0.216357,0.489113,0.501735,0.501374,0.548266,0.277879,0.527740,0.441562,0.380991,0.408030,0.283767,0.480499,0.538617,0.374301,0.517935,0.542189,0.560157,0.538850,0.438273,0.226467,0.499894,0.393800,0.457532,0.629407,0.384523,#
1,0.437286,1.000000,0.304869,0.530054,0.459561,0.576673,0.272367,0.347579,0.363481,0.404829,0.378590,0.501292,0.392829,0.401139,0.559562,0.452741,0.270862,0.287887,0.359066,0.458335,0.474503,0.644733,0.589209,0.562317,0.412319,0.244387,0.518709,0.416673,0.297308,0.183520,0.499572,0.413996,0.373871,0.537014,0.461256,0.436239,0.332686,0.454057,0.437342,0.452977,0.428113,0.364698,0.358063,0.496249,0.283741,0.387092,0.595384,0.461790,0.442351,0.514553,0.438673,0.475518,0.607421,0.337258,0.508240,0.411018,0.339497,0.545281,0.577262,0.502949,0.251337,0.468837,0.211095,0.160906,0.370063,0.465911,0.495875,0.590687,0.475102,0.464089,0.350218,0.361974,0.560965,0.318588,0.330576,0.390787,0.392281,0.424202,0.473822,0.355147,0.412718,0.373623,0.619774,0.497870,0.477896,0.416476,0.271142,0.350623,0.514464,0.536298,0.399533,0.464882,0.423631,0.400048,0.250836,0.321577,0.448669,0.431475,0.324233,0.359013,0.393544,0.624331,0.278063,0.372593,0.303229,0.283853,0.334105,0.460075,0.372862,0.183043,0.474813,0.363027,0.372800,0.269978,0.476807,0.417788,0.496096,0.460196,0.408179,0.380614,0.492262,0.474930,0.485781,0.379436,0.214181,0.315548,0.423788,0.463540,0.507285,0.552298,0.318157,0.469785,0.293479,0.409760,0.544303,0.343778,0.384398,0.307236,0.439335,0.200872,0.336482,0.438486,0.450379,0.375696,0.399948,0.388684,0.408204,0.244249,0.469590,0.575363,0.459520,0.402393,0.473357,0.451425,0.259204,0.310030,0.361912,0.499027,0.382559,0.380287,0.356684,0.596093,0.448035,0.528839,0.494579,0.418072,0.367949,0.502711,0.289623,0.478262,0.380380,0.418421,0.397538,0.546148,0.342025,0.104362,0.435876,0.439475,0.484503,0.595119,0.266909,0.473422,0.368117,0.222787,0.340120,0.447131,0.445624,0.172018,0.334578,0.320186,0.450955,0.166486,0.359879,0.285248,0.519151,0.266184,0.403316,0.422989,0.459861,0.429195,#
2,0.555005,0.304869,1.000000,0.378997,0.237894,0.421662,0.245542,0.510405,0.337867,0.315920,0.400129,0.342303,0.349580,0.353372,0.581033,0.283320,0.349894,0.299161,0.283480,0.426410,0.223164,0.446470,0.407183,0.544799,0.256608,0.284096,0.420753,0.424975,0.577175,0.535366,0.386399,0.118680,0.284909,0.357972,0.362455,0.467062,0.545977,0.376541,0.544497,0.214687,0.430341,0.433442,0.412758,0.326905,0.255425,0.355702,0.606718,0.324759,0.369479,0.632101,0.238594,0.353877,0.433436,0.508420,0.558299,0.309508,0.334901,0.357028,0.357522,0.306365,0.426440,0.467465,0.457338,0.386026,0.400773,0.610597,0.455019,0.294478,0.422895,0.255242,0.403693,0.299743,0.530542,0.309758,0.502094,0.493159,0.475395,0.479223,0.292362,0.452229,0.426510,0.324295,0.486153,0.414419,0.480923,0.569220,0.360481,0.308265,0.387430,0.342402,0.340300,0.641465,0.433753,0.249976,0.478163,0.412253,0.391261,0.362764,0.590052,0.496599,0.316870,0.382605,0.291592,0.361827,0.256574,0.535673,0.418738,0.384107,0.519662,0.357107,0.461977,0.223454,0.551248,0.301362,0.433894,0.360928,0.286356,0.304589,0.598371,0.322469,0.366940,0.417679,0.379349,0.288261,0.489459,0.240122,0.467642,0.281831,0.374214,0.442383,0.465267,0.548503,0.435051,0.449031,0.324953,0.407238,0.324641,0.332997,0.395995,0.136007,0.427628,0.401358,0.101841,0.306097,0.378506,0.479919,0.384403,0.318428,0.290204,0.485984,0.465004,0.290803,0.354603,0.472500,0.104342,0.485399,0.410908,0.309163,0.338027,0.295898,0.268484,0.273537,0.292545,0.441071,0.282997,0.399566,0.659743,0.475813,0.276027,0.321636,0.350942,0.431519,0.333627,0.340671,0.480299,0.142534,0.188143,0.426351,0.419507,0.320609,0.226592,0.470095,0.327729,0.405564,0.192285,0.286669,0.328804,0.356141,0.465634,0.354893,0.414290,0.417952,0.551364,0.245097,0.232674,0.533135,0.400955,0.514119,0.354456,0.332687,#
3,0.429942,0.530054,0.378997,1.000000,0.363419,0.460386,0.326001,0.359858,0.428276,0.435892,0.354508,0.402728,0.506513,0.307304,0.527557,0.594277,0.344695,0.317124,0.425126,0.357094,0.331621,0.670403,0.394068,0.433469,0.441612,0.446650,0.446774,0.346669,0.446506,0.273679,0.462840,0.445996,0.434206,0.572075,0.461388,0.427132,0.416768,0.441991,0.256009,0.349750,0.384330,0.411914,0.414077,0.362108,0.301461,0.578916,0.532256,0.442523,0.607872,0.548790,0.401191,0.211081,0.451466,0.422388,0.400206,0.394082,0.225841,0.376489,0.594703,0.400817,0.372732,0.486873,0.221510,0.365809,0.474643,0.575276,0.341877,0.533930,0.389725,0.480870,0.414839,0.521665,0.489821,0.396827,0.465634,0.355010,0.425444,0.458431,0.465990,0.501590,0.445767,0.138871,0.462179,0.534271,0.530355,0.504789,0.288947,0.337296,0.402391,0.481290,0.318492,0.520311,0.567147,0.470228,0.448893,0.447642,0.444272,0.280698,0.409579,0.417353,0.275934,0.345510,0.246059,0.355975,0.366687,0.440276,0.409003,0.512013,0.345830,0.351461,0.524385,0.284771,0.369607,0.431830,0.493264,0.426479,0.353925,0.290646,0.543621,0.362620,0.272913,0.395079,0.402706,0.309260,0.354566,0.322376,0.533496,0.237928,0.481166,0.442635,0.150782,0.470692,0.204650,0.568564,0.628744,0.450855,0.529348,0.210976,0.340408,0.192272,0.375158,0.330433,0.296412,0.289513,0.312088,0.478900,0.275248,0.355516,0.365045,0.414848,0.394201,0.293150,0.360406,0.413484,0.322710,0.418045,0.448979,0.352836,0.325847,0.416976,0.361316,0.435058,0.334206,0.595310,0.396881,0.350016,0.383677,0.410296,0.365320,0.388114,0.320399,0.516942,0.339038,0.520674,0.291055,0.430208,0.273958,0.388787,0.489231,0.466046,0.188028,0.608193,0.343803,0.294074,0.208417,0.261491,0.352423,0.220551,0.519589,0.489034,0.325374,0.298615,0.357140,0.316977,0.265283,0.437841,0.345100,0.273520,0.416416,0.524413,#
4,0.252644,0.459561,0.237894,0.363419,1.000000,0.542612,0.370698,0.183313,0.133995,0.360292,0.378990,0.317729,0.169062,0.452920,0.397333,0.449181,0.301594,0.349286,0.342008,0.496102,0.292309,0.455407,0.232621,0.418713,0.220827,0.199756,0.362251,0.376931,0.209422,0.280018,0.557283,0.162852,0.444510,0.294082,0.243739,0.294171,0.283388,0.273320,0.303083,0.481860,0.293791,0.458113,0.332061,0.415679,0.353554,0.418852,0.455031,0.311590,0.406202,0.523168,0.172314,0.199733,0.392776,0.154923,0.339114,0.408774,0.245416,0.285172,0.542573,0.523891,0.254170,0.462811,0.237095,0.327036,0.367452,0.324610,0.375683,0.423581,0.324509,0.353870,0.527919,0.642173,0.396851,0.240880,0.235120,0.297869,0.350505,0.460556,0.424530,0.281772,0.297942,0.187955,0.521750,0.261178,0.494930,0.235192,0.230509,0.240371,0.463311,0.571002,0.236213,0.241441,0.252626,0.395897,0.234729,0.207188,0.322794,0.217149,0.226122,0.266790,0.508299,0.461612,0.365629,0.283834,0.431378,0.271950,0.343870,0.374541,0.309869,0.319642,0.304456,0.281290,0.535270,0.507172,0.287754,0.305073,0.364301,0.484326,0.344403,0.199924,0.305551,0.489136,0.486483,0.394052,0.315233,0.347155,0.258691,0.114284,0.650253,0.400903,0.501567,0.414975,0.174414,0.395152,0.486763,0.450584,0.313134,0.362904,0.304484,0.101039,0.214404,0.445498,0.289153,0.344905,0.266864,0.332608,0.368256,0.080594,0.311061,0.433625,0.445104,0.558398,0.380124,0.222877,0.381502,0.319020,0.428021,0.295526,0.409162,0.219770,0.200403,0.430107,0.413136,0.517071,0.370330,0.253567,0.315055,0.366558,0.301773,0.359767,0.214066,0.406715,0.280612,0.372524,0.508039,0.382058,0.044876,0.352596,0.321309,0.403070,0.429341,0.466702,0.481139,0.297126,0.403136,0.325246,0.195531,0.477570,0.256805,0.157862,0.391012,0.097345,0.274123,0.391130,0.425015,0.264386,0.459611,0.283734,0.365121,0.376746,#
5,0.518021,0.576673,0.421662,0.460386,0.542612,1.000000,0.341516,0.463890,0.410213,0.462929,0.284427,0.407088,0.411104,0.442440,0.456813,0.425568,0.301242,0.364758,0.458484,0.427959,0.395548,0.511900,0.430791,0.438712,0.381427,0.403815,0.485889,0.616521,0.308768,0.403270,0.435631,0.313673,0.414865,0.546300,0.371771,0.520668,0.430005,0.339183,0.434071,0.483794,0.387375,0.373354,0.360279,0.516930,0.385787,0.355367,0.502419,0.554031,0.427412,0.559464,0.457362,0.188718,0.569777,0.476296,0.429496,0.557172,0.367300,0.381833,0.640802,0.609690,0.203239,0.428283,0.286194,0.437646,0.259017,0.457690,0.435826,0.476276,0.471258,0.554065,0.539959,0.494108,0.612513,0.394998,0.361172,0.305825,0.470911,0.566804,0.421403,0.271832,0.463995,0.418807,0.563000,0.480840,0.509936,0.496837,0.327755,0.338295,0.482835,0.545467,0.392158,0.424264,0.375887,0.382486,0.342707,0.252963,0.474368,0.431225,0.562055,0.354024,0.570128,0.515786,0.487556,0.500865,0.410684,0.374876,0.413879,0.578374,0.411182,0.424385,0.471025,0.419445,0.424069,0.298056,0.370912,0.340395,0.524775,0.513920,0.489527,0.350273,0.318295,0.540360,0.567256,0.540707,0.320615,0.406265,0.508726,0.216263,0.561545,0.393745,0.503576,0.585611,0.461664,0.594854,0.423951,0.290670,0.391668,0.444659,0.368850,0.241313,0.294578,0.425808,0.416635,0.477818,0.622746,0.299267,0.322028,0.367858,0.404805,0.720741,0.521032,0.539237,0.436279,0.431588,0.160122,0.467435,0.379417,0.499970,0.542497,0.438724,0.380272,0.604096,0.500449,0.525943,0.459224,0.382067,0.432743,0.564513,0.303879,0.375277,0.642686,0.545075,0.465422,0.349359,0.325927,0.340453,0.335884,0.556957,0.591812,0.514155,0.436125,0.548178,0.321698,0.345276,0.359558,0.309266,0.250220,0.474289,0.607675,0.435197,0.409682,0.490754,0.420869,0.437321,0.383126,0.330083,0.402375,0.488146,0.529420,0.527865,#
6,0.373960,0.272367,0.245542,0.326001,0.370698,0.341516,1.000000,0.327039,0.423381,0.496376,0.415584,0.484886,0.386570,0.512901,0.313970,0.579163,0.396616,0.446651,0.423353,0.296784,0.404498,0.390585,0.337762,0.267013,0.461446,0.513489,0.358060,0.355583,0.352181,0.426552,0.485055,0.403691,0.614789,0.511130,0.232846,0.420537,0.561706,0.364943,0.399577,0.307617,0.499819,0.413032,0.496344,0.503384,0.423892,0.241573,0.521616,0.561224,0.575303,0.630698,0.403486,0.323278,0.491099,0.108305,0.481359,0.345518,0.475848,0.518456,0.564516,0.298496,0.557851,0.420166,0.368184,0.318768,0.496705,0.424038,0.453606,0.554587,0.443661,0.228797,0.522369,0.634173,0.437399,0.325408,0.312651,0.368076,0.461980,0.606889,0.490578,0.301673,0.551302,0.344724,0.351047,0.608924,0.446511,0.309061,0.350873,0.436022,0.401128,0.522150,0.377066,0.407993,0.331724,0.460917,0.337757,0.291589,0.444655,0.438353,0.352059,0.294366,0.423904,0.456632,0.424360,0.461916,0.488707,0.304296,0.433419,0.441941,0.472434,0.173279,0.295730,0.379430,0.411289,0.231455,0.245781,0.371620,0.253718,0.325963,0.319905,0.376750,0.259005,0.441911,0.375643,0.452623,0.382512,0.315297,0.240480,0.350002,0.484837,0.313611,0.501773,0.397067,0.148811,0.225543,0.414050,0.410600,0.418827,0.440639,0.457980,0.383373,0.348034,0.442392,0.236659,0.458155,0.395035,0.425575,0.518273,0.353769,0.374552,0.439435,0.383811,0.426554,0.236227,0.216415,0.187486,0.252175,0.456395,0.144845,0.337734,0.529342,0.415143,0.450872,0.216575,0.446210,0.402243,0.342996,0.538445,0.181004,0.393615,0.417768,0.449039,0.467182,0.229044,0.293496,0.445884,0.531339,0.270083,0.391286,0.371290,0.443033,0.328937,0.420631,0.473167,0.379266,0.352294,0.369773,0.376327,0.293740,0.353163,0.419653,0.425554,0.335375,0.307226,0.289503,0.449238,0.606929,0.582922,0.428080,0.390591,0.447226,#
7,0.471089,0.347579,0.510405,0.359858,0.183313,0.463890,0.327039,1.000000,0.553175,0.345077,0.437954,0.273515,0.439457,0.357958,0.499493,0.352051,0.199615,0.373510,0.275038,0.385031,0.398386,0.335982,0.497012,0.353490,0.274400,0.491629,0.392962,0.376307,0.420571,0.546339,0.340731,0.280135,0.188421,0.429821,0.408415,0.569840,0.437624,0.314499,0.382778,0.365697,0.308512,0.472377,0.364765,0.346164,0.305328,0.283423,0.458281,0.454023,0.510300,0.465366,0.443181,0.298180,0.540918,0.599238,0.413751,0.337934,0.381987,0.301093,0.470653,0.471175,0.186372,0.442336,0.381009,0.493630,0.410206,0.548676,0.563088,0.412965,0.502974,0.207172,0.501564,0.412258,0.460936,0.381280,0.387134,0.352511,0.467491,0.495261,0.251292,0.266384,0.462709,0.227467,0.516219,0.347733,0.441887,0.444333,0.462550,0.297686,0.335159,0.348460,0.362539,0.566574,0.358290,0.202385,0.389546,0.297307,0.447101,0.442835,0.536159,0.310947,0.270743,0.357883,0.342763,0.330930,0.326620,0.230555,0.331078,0.469882,0.424207,0.350314,0.569389,0.349954,0.477041,0.334988,0.234136,0.431718,0.262815,0.310960,0.433895,0.391452,0.361256,0.296847,0.377592,0.399606,0.537812,0.380965,0.327309,0.266583,0.300161,0.350885,0.291088,0.492099,0.421426,0.359940,0.406252,0.418086,0.340813,0.537591,0.286554,0.290145,0.291224,0.369418,0.354449,0.488273,0.478682,0.377374,0.423430,0.166704,0.437698,0.535326,0.290604,0.255822,0.478218,0.307204,0.062980,0.508343,0.461322,0.395070,0.479379,0.484934,0.365804,0.393252,0.430302,0.389122,0.366929,0.273794,0.526221,0.470329,0.297424,0.338786,0.491527,0.382043,0.263137,0.355340,0.389092,0.044714,0.264309,0.345401,0.450483,0.455713,0.194561,0.552083,0.393567,0.418473,0.173855,0.320400,0.409389,0.185281,0.444916,0.499602,0.503475,0.327548,0.327085,0.390830,0.391140,0.485804,0.408226,0.496941,0.532786,0.426257,#
8,0.487702,0.363481,0.337867,0.428276,0.133995,0.410213,0.423381,0.553175,1.000000,0.424328,0.372142,0.438067,0.491642,0.463718,0.426022,0.511844,0.265469,0.512327,0.276066,0.504745,0.474254,0.457925,0.432734,0.385852,0.611682,0.399219,0.416228,0.237366,0.454842,0.435559,0.459328,0.392474,0.346202,0.386263,0.382322,0.549745,0.450608,0.476350,0.316679,0.351221,0.380281,0.299603,0.628615,0.318594,0.366093,0.336129,0.510202,0.576651,0.491878,0.490326,0.513999,0.338049,0.391488,0.527997,0.425036,0.430317,0.445340,0.333327,0.494467,0.348333,0.367215,0.443200,0.543976,0.429541,0.524118,0.546094,0.482663,0.600660,0.592050,0.221517,0.490501,0.493137,0.484138,0.368710,0.402479,0.288495,0.474849,0.451183,0.355713,0.314260,0.550212,0.299561,0.397966,0.458068,0.529886,0.409593,0.365776,0.488815,0.438600,0.396097,0.390364,0.497724,0.379952,0.348008,0.346292,0.430401,0.430754,0.457783,0.535181,0.465066,0.501539,0.306539,0.409264,0.482739,0.301119,0.348229,0.421524,0.458885,0.296476,0.425819,0.314437,0.375926,0.474269,0.263115,0.296979,0.464145,0.297578,0.305802,0.502176,0.464663,0.319444,0.436542,0.344283,0.396626,0.302758,0.399329,0.304767,0.323514,0.381972,0.464641,0.250817,0.522645,0.411127,0.289010,0.443088,0.449774,0.433565,0.391499,0.480721,0.356198,0.359907,0.425825,0.462091,0.356989,0.489963,0.275932,0.291733,0.379721,0.406416,0.526511,0.355546,0.382586,0.373739,0.509711,0.144703,0.382490,0.437313,0.509400,0.547698,0.456753,0.368350,0.395676,0.530203,0.472921,0.370826,0.459720,0.392832,0.472218,0.430578,0.271364,0.567021,0.471049,0.270820,0.416429,0.393652,0.267688,0.382786,0.384920,0.403068,0.408204,0.278220,0.535180,0.480469,0.341449,0.325650,0.304004,0.585615,0.334085,0.454376,0.532284,0.529629,0.502632,0.520968,0.402211,0.333556,0.324177,0.361578,0.462770,0.509430,0.583565,#
9,0.429923,0.404829,0.315920,0.435892,0.360292,0.462929,0.496376,0.345077,0.424328,1.000000,0.356533,0.492961,0.611718,0.503126,0.595674,0.666231,0.436722,0.374033,0.415369,0.302711,0.443670,0.372794,0.381783,0.477610,0.414668,0.340010,0.308831,0.482541,0.416785,0.425261,0.444778,0.460219,0.514253,0.448186,0.387653,0.423828,0.499434,0.534221,0.394913,0.382651,0.448201,0.418043,0.428501,0.411634,0.515122,0.363429,0.448515,0.429722,0.550517,0.564346,0.447834,0.279225,0.361317,0.389425,0.512882,0.396644,0.441503,0.572379,0.464020,0.470054,0.449263,0.519808,0.397010,0.262674,0.295486,0.540264,0.401127,0.524804,0.534751,0.323107,0.451954,0.443774,0.465626,0.374311,0.351512,0.431273,0.698072,0.521243,0.487413,0.503048,0.498835,0.366473,0.431390,0.637503,0.510256,0.461235,0.315308,0.617830,0.455603,0.433237,0.350675,0.477676,0.468392,0.380222,0.418747,0.386663,0.484446,0.380311,0.462238,0.453390,0.569848,0.508089,0.579445,0.567844,0.415354,0.365988,0.399131,0.570672,0.533301,0.470747,0.572103,0.400415,0.402320,0.449878,0.434550,0.595182,0.201023,0.322779,0.388193,0.540697,0.291200,0.602986,0.459054,0.439379,0.488666,0.542959,0.431821,0.285712,0.575969,0.449842,0.369150,0.438303,0.294333,0.311405,0.428448,0.336857,0.520095,0.395622,0.395055,0.243959,0.446466,0.414592,0.403999,0.596522,0.430034,0.618327,0.429368,0.326096,0.487971,0.581425,0.402718,0.364226,0.362978,0.466770,0.446109,0.398265,0.360512,0.378560,0.489464,0.414197,0.491674,0.633377,0.466784,0.474830,0.437109,0.635575,0.408173,0.502732,0.485050,0.418541,0.510843,0.432930,0.349169,0.312567,0.450867,0.487573,0.525266,0.510942,0.285220,0.470297,0.491141,0.565987,0.570612,0.196358,0.388033,0.283983,0.407425,0.422422,0.500825,0.309386,0.464674,0.433484,0.360416,0.276973,0.256924,0.359542,0.585538,0.462612,0.483859,0.453921,#
10,0.363239,0.378590,0.400129,0.354508,0.378990,0.284427,0.415584,0.437954,0.372142,0.356533,1.000000,0.412876,0.402648,0.365418,0.381785,0.427478,0.415092,0.341588,0.340608,0.359124,0.342411,0.405005,0.497216,0.582521,0.269665,0.385403,0.440517,0.432557,0.452014,0.489352,0.401991,0.261371,0.469436,0.424438,0.458833,0.448398,0.513063,0.442079,0.404827,0.452643,0.471777,0.327218,0.480869,0.204255,0.372048,0.411069,0.591421,0.393735,0.462042,0.641264,0.448921,0.533389,0.323756,0.213173,0.558449,0.485512,0.377011,0.529447,0.359547,0.494194,0.421286,0.483661,0.477227,0.391620,0.438413,0.382241,0.616056,0.428588,0.594442,0.273397,0.654821,0.453945,0.583539,0.175511,0.456959,0.536366,0.492279,0.515536,0.396979,0.305750,0.545831,0.266740,0.358768,0.351658,0.524368,0.377304,0.301455,0.205277,0.388821,0.644236,0.290263,0.536748,0.537869,0.165186,0.218208,0.398912,0.376574,0.579878,0.368304,0.417843,0.276835,0.386299,0.355761,0.441957,0.446826,0.357723,0.492270,0.283270,0.325774,0.300975,0.390294,0.380163,0.557873,0.462999,0.355854,0.518628,0.293299,0.404135,0.419952,0.398595,0.251465,0.333086,0.405864,0.428693,0.338836,0.326497,0.304470,0.364383,0.538867,0.487982,0.363709,0.406386,0.223969,0.353253,0.508416,0.634535,0.390793,0.287798,0.500040,0.468295,0.420909,0.466022,0.254690,0.301697,0.288475,0.492430,0.543501,0.339127,0.358139,0.532128,0.240714,0.351640,0.310867,0.421880,0.357360,0.341368,0.497903,0.453719,0.328492,0.283016,0.404315,0.261578,0.332073,0.470368,0.476501,0.354443,0.398559,0.302774,0.442884,0.535438,0.282252,0.533991,0.208315,0.304752,0.519322,0.299063,0.210231,0.308911,0.327286,0.370938,0.254926,0.473295,0.429332,0.315016,0.126519,0.411716,0.491599,0.350289,0.216306,0.356611,0.448266,0.299323,0.458461,0.404663,0.408271,0.485416,0.535439,0.382981,0.418874,0.451581,#
11,0.611143,0.501292,0.342303,0.402728,0.317729,0.407088,0.484886,0.273515,0.438067,0.492961,0.412876,1.000000,0.550780,0.552225,0.557246,0.510260,0.427207,0.597979,0.624701,0.474644,0.331856,0.438988,0.552027,0.508633,0.461008,0.399094,0.469587,0.303824,0.439026,0.356432,0.434074,0.449596,0.545223,0.442676,0.348691,0.615769,0.558704,0.581758,0.410611,0.450912,0.512192,0.286553,0.519543,0.351306,0.416599,0.295712,0.604255,0.647448,0.524866,0.630416,0.364213,0.294768,0.574761,0.261516,0.474671,0.421361,0.402112,0.595505,0.428035,0.458947,0.334663,0.395418,0.456823,0.420441,0.430962,0.558878,0.532484,0.612917,0.619955,0.391559,0.569069,0.388731,0.538377,0.416609,0.624029,0.415899,0.664188,0.573730,0.310247,0.333285,0.429966,0.356299,0.604957,0.505960,0.696539,0.472091,0.296165,0.397999,0.311197,0.413102,0.552351,0.493846,0.474324,0.353931,0.261425,0.390524,0.425772,0.523695,0.432608,0.587073,0.378077,0.557909,0.549291,0.453601,0.506162,0.255840,0.417211,0.496107,0.467032,0.356754,0.471720,0.520533,0.486596,0.276791,0.360483,0.478211,0.401236,0.292988,0.541956,0.523610,0.237244,0.520486,0.458251,0.524980,0.401178,0.463443,0.537321,0.402970,0.553933,0.514907,0.455119,0.423409,0.397425,0.378654,0.524832,0.375588,0.448337,0.451689,0.506440,0.368998,0.340719,0.454686,0.427465,0.504794,0.478715,0.500077,0.416059,0.473797,0.497410,0.526550,0.446704,0.348721,0.425375,0.622218,0.407690,0.386800,0.559525,0.372950,0.377809,0.427633,0.594764,0.556946,0.538865,0.516935,0.532602,0.501834,0.643074,0.433038,0.473555,0.575706,0.503000,0.458293,0.544579,0.559082,0.550006,0.358566,0.546413,0.429997,0.423584,0.527530,0.408293,0.485544,0.603305,0.335974,0.352269,0.302821,0.530924,0.456988,0.282451,0.403520,0.543379,0.482725,0.388744,0.443526,0.363774,0.470068,0.471189,0.383240,0.467694,0.421355,#
12,0.450291,0.392829,0.349580,0.506513,0.169062,0.411104,0.386570,0.439457,0.491642,0.611718,0.402648,0.550780,1.000000,0.517126,0.544880,0.492118,0.307627,0.491238,0.482408,0.364788,0.420541,0.341667,0.551605,0.571326,0.484687,0.539579,0.444306,0.494952,0.354776,0.385064,0.353069,0.472733,0.407794,0.573399,0.441573,0.502965,0.544769,0.622041,0.442378,0.454201,0.391413,0.350426,0.498190,0.377006,0.541864,0.425389,0.575198,0.410930,0.503399,0.551125,0.619158,0.255331,0.397931,0.403654,0.556356,0.526918,0.453742,0.448067,0.393502,0.537301,0.408013,0.545135,0.532515,0.402877,0.507816,0.615986,0.493416,0.502882,0.687802,0.492069,0.582238,0.420686,0.532050,0.443848,0.483382,0.482464,0.608975,0.550433,0.464934,0.504094,0.548435,0.316430,0.495911,0.592330,0.517563,0.471061,0.263547,0.554409,0.334559,0.385967,0.575599,0.574811,0.538591,0.338050,0.409636,0.539637,0.606726,0.447529,0.453248,0.521358,0.295901,0.525219,0.432564,0.570394,0.268304,0.326873,0.313933,0.370848,0.524349,0.415805,0.498839,0.508104,0.498811,0.247060,0.534782,0.622258,0.254284,0.310501,0.499680,0.628887,0.242370,0.514584,0.397041,0.536861,0.470297,0.537520,0.559622,0.314804,0.450836,0.429195,0.289220,0.414458,0.302946,0.438603,0.420135,0.435432,0.403580,0.399737,0.322713,0.332194,0.493786,0.358998,0.385569,0.520454,0.290890,0.532306,0.428556,0.284038,0.517234,0.604758,0.478675,0.267330,0.555631,0.478635,0.294536,0.542757,0.520039,0.576306,0.541193,0.456141,0.401906,0.541093,0.497641,0.511468,0.589794,0.302306,0.391458,0.641826,0.342917,0.462378,0.475786,0.473230,0.381460,0.453372,0.359878,0.284845,0.558638,0.490183,0.362373,0.456345,0.395223,0.593928,0.526375,0.224909,0.250855,0.239148,0.366537,0.443462,0.474122,0.433662,0.406567,0.494473,0.356575,0.280504,0.336020,0.556715,0.469887,0.500945,0.580629,0.382953,#
13,0.411134,0.401139,0.353372,0.307304,0.452920,0.442440,0.512901,0.357958,0.463718,0.503126,0.365418,0.552225,0.517126,1.000000,0.526946,0.371685,0.254192,0.592992,0.410930,0.446035,0.336894,0.388378,0.472904,0.388531,0.452341,0.391086,0.395943,0.421113,0.372998,0.541474,0.396534,0.319623,0.501404,0.451804,0.192946,0.482078,0.443228,0.479206,0.390180,0.489673,0.576565,0.450446,0.586305,0.297101,0.463111,0.486029,0.543067,0.435532,0.536539,0.663024,0.451287,0.349145,0.473799,0.294322,0.507253,0.581176,0.456546,0.572260,0.564105,0.492856,0.357395,0.530778,0.352323,0.470613,0.562373,0.616034,0.483430,0.672092,0.563609,0.438472,0.489703,0.524649,0.550763,0.321194,0.469240,0.408274,0.568781,0.671655,0.622020,0.471378,0.445734,0.502977,0.473667,0.574515,0.510062,0.567808,0.253444,0.438134,0.448288,0.430878,0.254771,0.522401,0.410645,0.256638,0.482689,0.470879,0.454150,0.472336,0.453054,0.393539,0.508319,0.491468,0.535255,0.510261,0.459052,0.455932,0.570697,0.440088,0.498140,0.366832,0.398764,0.425520,0.485575,0.442055,0.477400,0.507268,0.264306,0.438122,0.616498,0.446155,0.427100,0.457913,0.534987,0.314318,0.329618,0.549099,0.512481,0.365154,0.559873,0.554040,0.434873,0.354767,0.320690,0.508030,0.482548,0.401793,0.526887,0.503074,0.517303,0.329786,0.508958,0.596656,0.513942,0.569724,0.317959,0.428180,0.528905,0.253848,0.529910,0.545324,0.518681,0.477421,0.448042,0.368783,0.397178,0.391172,0.516303,0.391488,0.599709,0.405751,0.363208,0.561285,0.445490,0.580035,0.490046,0.497492,0.533128,0.505163,0.445496,0.524563,0.549961,0.528787,0.547402,0.445135,0.582670,0.479147,0.458925,0.534409,0.409310,0.515678,0.454740,0.558031,0.623964,0.328112,0.513590,0.409237,0.548008,0.457322,0.421421,0.431618,0.522271,0.363269,0.574727,0.509679,0.440818,0.432763,0.524504,0.501250,0.476609,0.369613,#
14,0.700971,0.559562,0.581033,0.527557,0.397333,0.456813,0.313970,0.499493,0.426022,0.595674,0.381785,0.557246,0.544880,0.526946,1.000000,0.502198,0.320591,0.434177,0.380687,0.458738,0.392290,0.488715,0.608782,0.624745,0.477886,0.393480,0.517851,0.421073,0.441424,0.455432,0.562886,0.219547,0.342663,0.381286,0.638262,0.528327,0.390964,0.559435,0.523055,0.413766,0.552298,0.410541,0.470202,0.431535,0.480116,0.455389,0.602838,0.458119,0.465410,0.592056,0.430747,0.417653,0.521572,0.587382,0.592008,0.387433,0.369955,0.488546,0.459347,0.471138,0.448757,0.621967,0.468297,0.451541,0.481995,0.595429,0.553707,0.551152,0.562295,0.338605,0.414490,0.358665,0.573243,0.614558,0.485343,0.372693,0.527402,0.596364,0.549554,0.513752,0.472240,0.267442,0.543947,0.504399,0.602725,0.574633,0.291077,0.375289,0.465762,0.330178,0.430021,0.628489,0.506271,0.523848,0.598383,0.446651,0.380757,0.474682,0.446608,0.478165,0.532054,0.544943,0.474193,0.390251,0.403515,0.378527,0.328451,0.440122,0.576468,0.455461,0.558836,0.475490,0.487748,0.389307,0.360897,0.515591,0.328035,0.178496,0.601688,0.442491,0.414914,0.613052,0.541072,0.391296,0.438804,0.481253,0.517565,0.380217,0.436610,0.429008,0.390100,0.594498,0.344198,0.353460,0.516882,0.475965,0.548004,0.502926,0.448231,0.258652,0.444587,0.502001,0.312169,0.510434,0.419570,0.617571,0.483105,0.223972,0.488997,0.581884,0.536731,0.358807,0.495024,0.595172,0.357153,0.518361,0.457676,0.445171,0.402619,0.401186,0.450859,0.563292,0.506288,0.537671,0.505610,0.528151,0.533830,0.492048,0.413128,0.521727,0.408794,0.420293,0.467391,0.495280,0.653535,0.310746,0.494111,0.421351,0.514813,0.568813,0.359365,0.605415,0.443988,0.318446,0.485617,0.342487,0.425332,0.355505,0.497209,0.341182,0.552672,0.323562,0.388470,0.442268,0.332242,0.399967,0.451041,0.441089,0.487761,0.317162,#
15,0.424084,0.452741,0.283320,0.594277,0.449181,0.425568,0.579163,0.352051,0.511844,0.666231,0.427478,0.510260,0.492118,0.371685,0.502198,1.000000,0.358733,0.431653,0.486739,0.390343,0.370856,0.543973,0.440209,0.420880,0.491483,0.328805,0.327387,0.336119,0.402797,0.425802,0.630623,0.495888,0.570591,0.609835,0.303525,0.549814,0.504846,0.558155,0.352048,0.318913,0.378551,0.314890,0.469243,0.434572,0.515443,0.398918,0.548586,0.455539,0.653041,0.591264,0.384329,0.389631,0.348448,0.256378,0.456443,0.404119,0.390391,0.484976,0.498407,0.378484,0.426701,0.554174,0.357680,0.472831,0.453903,0.523111,0.426089,0.623060,0.473729,0.318335,0.547887,0.534034,0.399341,0.335539,0.456630,0.345896,0.518675,0.520450,0.460064,0.415887,0.437473,0.280736,0.492065,0.483587,0.566699,0.438733,0.306254,0.437463,0.403619,0.387567,0.323451,0.438516,0.462420,0.481316,0.322219,0.329839,0.420639,0.505307,0.395750,0.468660,0.467514,0.497578,0.473232,0.522238,0.480320,0.228554,0.373549,0.558288,0.408996,0.471385,0.369309,0.270128,0.489072,0.389781,0.376219,0.369343,0.289758,0.343984,0.424064,0.557288,0.264471,0.507442,0.434350,0.511275,0.493611,0.449471,0.413310,0.378987,0.563752,0.457320,0.457063,0.458027,0.207153,0.244432,0.490187,0.459933,0.587985,0.451604,0.292211,0.333343,0.439530,0.463224,0.324618,0.539212,0.534261,0.581926,0.398587,0.415298,0.425110,0.525274,0.533882,0.416535,0.464533,0.450024,0.338203,0.368884,0.536432,0.397497,0.491618,0.463610,0.417639,0.548226,0.481300,0.538499,0.372380,0.405341,0.396953,0.321284,0.513293,0.410574,0.433959,0.440446,0.257421,0.491275,0.467224,0.536996,0.404250,0.392908,0.457558,0.501676,0.413154,0.540970,0.463584,0.500975,0.379131,0.255869,0.411327,0.319253,0.359755,0.414867,0.344161,0.403170,0.470854,0.394434,0.368469,0.427292,0.577326,0.394435,0.489997,0.591035,#
16,0.368978,0.270862,0.349894,0.344695,0.301594,0.301242,0.396616,0.199615,0.265469,0.436722,0.415092,0.427207,0.307627,0.254192,0.320591,0.358733,1.000000,0.292018,0.450683,0.302524,0.595157,0.312685,0.213090,0.401410,0.313877,0.332635,0.313305,0.171600,0.271367,0.314058,0.316438,0.255094,0.356840,0.221239,0.212448,0.345922,0.553635,0.400738,0.182285,0.357620,0.313613,0.228338,0.311664,0.360130,0.282806,0.384931,0.396824,0.323520,0.333253,0.492281,0.154447,0.237431,0.389205,0.251616,0.304321,0.446816,0.040184,0.263157,0.310219,0.182509,0.453811,0.383824,0.300059,0.176357,0.169998,0.286604,0.471141,0.436105,0.443074,0.338036,0.475634,0.378094,0.334512,0.171016,0.245744,0.169320,0.323723,0.410479,0.161072,0.281730,0.504362,0.258359,0.385355,0.361490,0.457541,0.333117,0.240656,0.110856,0.295551,0.441382,0.149257,0.386885,0.370414,0.215683,0.348703,0.355836,0.318956,0.286732,0.478570,0.284004,0.329031,0.395232,0.267499,0.422114,0.245356,0.341843,0.373687,0.406598,0.491719,0.292216,0.373675,0.329798,0.388065,0.297024,0.363314,0.495633,0.356805,0.350989,0.285661,0.056506,0.123913,0.236655,0.427104,0.331862,0.307400,0.210564,0.222721,-0.006481,0.433508,0.267633,0.477882,0.240976,0.187630,0.250519,0.418355,0.494870,0.313018,0.281404,0.276504,0.212833,0.214389,0.362602,0.395036,0.305437,0.182586,0.356943,0.434683,0.390614,0.277625,0.353967,0.165945,0.343930,0.108103,0.399250,0.415198,0.298574,0.301644,0.253316,0.312442,0.238312,0.276748,0.335919,0.406381,0.283221,0.461804,0.309045,0.422330,0.234449,0.374838,0.387443,0.199502,0.381896,0.355589,0.298695,0.316687,0.437769,0.170611,0.507970,0.326994,0.418064,0.230844,0.289101,0.385338,0.276040,0.054892,0.164346,0.352570,0.356682,0.294974,0.275890,0.429376,0.261949,0.384615,0.270450,0.243025,0.476916,0.499408,0.420437,0.365527,0.420405,#
17,0.552341,0.287887,0.299161,0.317124,0.349286,0.364758,0.446651,0.373510,0.512327,0.374033,0.341588,0.597979,0.491238,0.592992,0.434177,0.431653,0.292018,1.000000,0.480357,0.497312,0.312801,0.405923,0.503227,0.292029,0.481179,0.473033,0.371532,0.325114,0.384080,0.466055,0.351901,0.399261,0.408088,0.328177,0.167241,0.523965,0.458034,0.474249,0.310529,0.549820,0.352761,0.365432,0.461588,0.317730,0.393684,0.350216,0.507755,0.626531,0.436720,0.555343,0.322728,0.137678,0.487713,0.245694,0.414842,0.293444,0.319007,0.362600,0.368653,0.416310,0.295977,0.433387,0.455787,0.430389,0.447160,0.518426,0.554303,0.561429,0.350756,0.326760,0.510719,0.424594,0.378382,0.322402,0.541998,0.139295,0.588151,0.567793,0.401973,0.410156,0.463143,0.305104,0.600382,0.462595,0.545048,0.438336,0.254545,0.557089,0.290936,0.325507,0.329398,0.327434,0.424891,0.314210,0.430471,0.524750,0.438382,0.442050,0.470707,0.435342,0.425124,0.413093,0.416546,0.438560,0.305764,0.293397,0.259841,0.424112,0.334729,0.510874,0.445843,0.230490,0.542966,0.277602,0.471876,0.408682,0.223446,0.238728,0.524368,0.549486,0.461249,0.513768,0.531323,0.361919,0.228959,0.229779,0.354153,0.254999,0.533774,0.352889,0.360632,0.484864,0.378021,0.326811,0.549419,0.471027,0.538666,0.438123,0.366790,0.484867,0.429077,0.418683,0.438470,0.487539,0.534255,0.365810,0.406159,0.216431,0.530520,0.472322,0.402844,0.387062,0.449650,0.451994,0.231783,0.431489,0.583628,0.392466,0.514096,0.402638,0.453102,0.565393,0.457378,0.338614,0.479023,0.289019,0.417663,0.279163,0.416059,0.369993,0.468517,0.482586,0.489653,0.449642,0.620197,0.287404,0.283419,0.472694,0.367427,0.502735,0.452771,0.496587,0.482535,0.491048,0.341980,0.214713,0.442075,0.560442,0.247836,0.446141,0.609385,0.438666,0.486150,0.560238,0.377394,0.468518,0.480653,0.405443,0.521615,0.299683,#
18,0.486231,0.359066,0.283480,0.425126,0.342008,0.458484,0.423353,0.275038,0.276066,0.415369,0.340608,0.624701,0.482408,0.410930,0.380687,0.486739,0.450683,0.480357,1.000000,0.294845,0.283156,0.542339,0.461124,0.316748,0.249699,0.539258,0.457356,0.310816,0.328236,0.464041,0.258787,0.480846,0.529771,0.427506,0.327681,0.559937,0.522837,0.467704,0.357019,0.571911,0.393831,0.441985,0.502208,0.278909,0.414874,0.398203,0.411837,0.457999,0.478241,0.501462,0.322621,0.143998,0.458647,0.142433,0.385159,0.466131,0.363752,0.293279,0.411605,0.540566,0.364920,0.394162,0.363922,0.296331,0.384840,0.357126,0.383661,0.452950,0.442755,0.380860,0.456103,0.353578,0.431862,0.203699,0.580540,0.309926,0.534010,0.421784,0.286068,0.300822,0.413769,0.306518,0.421209,0.457262,0.621348,0.469002,0.194950,0.321184,0.465277,0.340403,0.406764,0.319701,0.497866,0.364705,0.308077,0.346684,0.443492,0.450605,0.428412,0.363977,0.319595,0.360171,0.373145,0.402115,0.256640,0.355518,0.377366,0.408946,0.454575,0.442355,0.592401,0.290794,0.504740,0.349945,0.313043,0.478908,0.317360,0.444193,0.475183,0.422176,0.238061,0.424499,0.435452,0.471108,0.506588,0.257912,0.555150,0.226439,0.542051,0.360774,0.397675,0.440189,0.335035,0.332804,0.420991,0.326561,0.542694,0.362714,0.292416,0.437668,0.352512,0.481277,0.351484,0.594272,0.397032,0.315691,0.359012,0.313664,0.509365,0.420915,0.380777,0.256598,0.449388,0.425056,0.350260,0.464944,0.424746,0.490345,0.357254,0.408319,0.482052,0.585928,0.640145,0.394038,0.334706,0.275159,0.642010,0.349830,0.356486,0.454104,0.275503,0.391700,0.446745,0.518183,0.385003,0.394126,0.372046,0.430489,0.509018,0.516637,0.329829,0.547362,0.524095,0.364677,0.298843,0.424881,0.454439,0.364956,0.292053,0.448052,0.434005,0.499375,0.276163,0.469114,0.313804,0.425197,0.441390,0.536219,0.409693,0.358487,#
19,0.405371,0.458335,0.426410,0.357094,0.496102,0.427959,0.296784,0.385031,0.504745,0.302711,0.359124,0.474644,0.364788,0.446035,0.458738,0.390343,0.302524,0.497312,0.294845,1.000000,0.386965,0.359261,0.382718,0.405579,0.416561,0.327559,0.307261,0.212693,0.363522,0.378939,0.438545,0.443503,0.455802,0.262069,0.269217,0.547242,0.301049,0.385663,0.296548,0.437948,0.395023,0.350295,0.523232,0.387758,0.244010,0.453430,0.642526,0.471028,0.356218,0.479488,0.281474,0.187832,0.473403,0.225074,0.395467,0.341365,0.444331,0.327237,0.336289,0.329760,0.253676,0.234139,0.511387,0.329622,0.357574,0.482206,0.467692,0.415473,0.471731,0.301780,0.444230,0.454774,0.487065,0.282646,0.347924,0.282477,0.328649,0.437100,0.297464,0.277176,0.544181,0.254375,0.563392,0.234754,0.439434,0.268884,0.236491,0.413841,0.429377,0.340726,0.337666,0.390681,0.291309,0.408105,0.320861,0.255292,0.399458,0.482172,0.396657,0.415172,0.369751,0.396849,0.283956,0.410776,0.382585,0.193517,0.429908,0.330838,0.336514,0.271180,0.402175,0.267906,0.423540,0.399108,0.393837,0.471425,0.372955,0.328694,0.483628,0.212796,0.478446,0.409305,0.310500,0.538913,0.414557,0.374827,0.254091,0.296782,0.614237,0.594447,0.413844,0.534682,0.372598,0.430441,0.473024,0.510690,0.397542,0.370825,0.317795,0.207046,0.319874,0.368525,0.398720,0.383933,0.219096,0.317059,0.251222,0.264747,0.399269,0.467683,0.270277,0.380705,0.431894,0.466458,0.417439,0.308803,0.437129,0.387886,0.439248,0.363281,0.189346,0.462109,0.386128,0.345849,0.368486,0.335811,0.392977,0.466474,0.369479,0.295441,0.337002,0.472694,0.362352,0.377892,0.490333,0.181183,0.402946,0.418560,0.347177,0.267918,0.222762,0.468108,0.502892,0.377890,0.262843,0.186944,0.303466,0.406977,0.377725,0.412863,0.503222,0.346839,0.384675,0.354927,0.456139,0.290578,0.435028,0.286235,0.328412,0.379810,#
20,0.445753,0.474503,0.223164,0.331621,0.292309,0.395548,0.404498,0.398386,0.474254,0.443670,0.342411,0.331856,0.420541,0.336894,0.392290,0.370856,0.595157,0.312801,0.283156,0.386965,1.000000,0.348575,0.306882,0.477937,0.348503,0.407570,0.336278,0.250367,0.142988,0.190163,0.469712,0.401176,0.259697,0.471748,0.396862,0.272469,0.508710,0.366073,0.418154,0.372472,0.421157,0.393632,0.388883,0.449722,0.337768,0.305306,0.435073,0.350369,0.310475,0.396541,0.435042,0.320966,0.384870,0.309800,0.325962,0.395733,0.158250,0.347734,0.297214,0.361476,0.429841,0.371813,0.355205,0.278586,0.298432,0.435407,0.478605,0.521017,0.453953,0.251448,0.404778,0.470272,0.299601,0.288673,0.194740,0.107805,0.256492,0.460852,0.433151,0.379587,0.508390,0.266760,0.310720,0.425335,0.354195,0.328521,0.297217,0.320975,0.348532,0.455636,0.369900,0.363421,0.343290,0.424733,0.313733,0.280713,0.258684,0.189409,0.458292,0.298161,0.457627,0.498057,0.284642,0.386535,0.414845,0.227766,0.423978,0.294739,0.510748,0.230836,0.373403,0.361826,0.285259,0.160702,0.453565,0.507058,0.393883,0.385585,0.319412,0.206650,0.291332,0.414084,0.433406,0.373539,0.295547,0.388236,0.039197,0.121941,0.384651,0.351294,0.365353,0.276436,0.374835,0.313970,0.371023,0.408192,0.252836,0.485658,0.332559,0.316498,0.202323,0.247793,0.443804,0.398613,0.348384,0.256715,0.424624,0.373994,0.321546,0.558089,0.363260,0.329800,0.234592,0.328422,0.285573,0.329282,0.237680,0.427111,0.480882,0.209756,0.287121,0.382307,0.346257,0.377645,0.460974,0.264388,0.305788,0.404308,0.261606,0.299612,0.294694,0.418913,0.341394,0.391237,0.359541,0.162602,0.386108,0.460536,0.289260,0.495081,0.196660,0.380016,0.376976,0.194594,0.188879,0.346413,0.391316,0.316127,0.408153,0.344372,0.374903,0.215410,0.482660,0.311284,0.432656,0.371526,0.415570,0.426455,0.471651,0.436670,#
21,0.411699,0.644733,0.446470,0.670403,0.455407,0.511900,0.390585,0.335982,0.457925,0.372794,0.405005,0.438988,0.341667,0.388378,0.488715,0.543973,0.312685,0.405923,0.542339,0.359261,0.348575,1.000000,0.541295,0.443362,0.361069,0.377455,0.472911,0.351091,0.516964,0.321330,0.423771,0.227816,0.454472,0.581285,0.415689,0.550793,0.458832,0.384123,0.436110,0.372714,0.388441,0.458580,0.447700,0.408678,0.448598,0.487263,0.497490,0.476540,0.488852,0.597821,0.383341,0.298652,0.532598,0.371418,0.570187,0.407472,0.385187,0.372603,0.628721,0.443150,0.330960,0.537827,0.177478,0.298172,0.468950,0.481427,0.423470,0.497797,0.417752,0.484082,0.460488,0.506645,0.586803,0.459447,0.528582,0.402249,0.521627,0.485868,0.494247,0.479736,0.446473,0.230818,0.586207,0.574648,0.534559,0.493951,0.235727,0.453814,0.610090,0.552041,0.263167,0.413420,0.540269,0.422586,0.409313,0.485613,0.463868,0.439709,0.500725,0.431217,0.438323,0.463683,0.151445,0.501239,0.343651,0.524089,0.364920,0.558787,0.300399,0.403627,0.532494,0.240546,0.494907,0.373024,0.330262,0.312730,0.391320,0.556790,0.572728,0.448255,0.397342,0.391758,0.493258,0.295511,0.350602,0.195602,0.467001,0.395202,0.482956,0.500511,0.420054,0.559293,0.247059,0.351830,0.625206,0.381540,0.495408,0.311138,0.314325,0.274406,0.514542,0.583228,0.296852,0.460540,0.479244,0.390379,0.394221,0.241349,0.465810,0.511268,0.508411,0.445272,0.495729,0.471824,0.152930,0.403818,0.516811,0.448520,0.374091,0.406538,0.502198,0.587922,0.494422,0.575820,0.553435,0.394430,0.509637,0.370083,0.348903,0.300075,0.400932,0.535612,0.457660,0.487337,0.377654,0.359217,0.308669,0.412683,0.519910,0.532650,0.278311,0.594335,0.414350,0.441264,0.409658,0.448600,0.433427,0.281132,0.326919,0.418388,0.445770,0.273880,0.351394,0.445529,0.382878,0.383853,0.521261,0.405769,0.313830,0.535818,#
