0,1.000000,0.026724,0.043590,0.012738,0.034857,0.077160,0.162146,-0.055431,-0.045306,-0.079133,0.179284,-0.017799,0.014529,-0.133275,0.178602,0.369519,0.397550,0.220928,0.080944,0.213681,-0.154580,-0.145059,0.115463,0.469580,-0.067275,-0.046886,0.109636,-0.179102,-0.154611,0.056104,-0.034667,0.325804,-0.007388,0.071134,0.289688,0.091389,-0.015412,-0.079245,0.049305,0.035570,-0.046900,0.013272,0.208916,-0.229833,0.047777,-0.095391,-0.143426,0.177424,0.105840,0.187066,-0.040492,0.227053,-0.017245,0.042056,0.299112,-0.101375,0.100174,0.155730,0.071100,0.061169,0.215299,0.240189,0.120666,0.170315,0.085724,0.001697,0.148327,0.102619,-0.072046,0.036740,-0.170649,-0.102482,0.134910,0.205409,-0.042850,-0.182782,0.262125,0.142050,-0.064861,-0.013815,0.086332,-0.138401,-0.114656,0.142540,0.218901,0.169938,0.234159,0.147979,0.211816,0.206295,-0.093307,-0.160873,0.140723,-0.149669,-0.188398,0.144140,0.087960,-0.095786,0.053872,0.243077,0.218992,0.004199,0.012087,0.277684,-0.022023,0.083695,0.189533,0.094516,0.217310,-0.089179,-0.066033,-0.009159,-0.034204,0.080496,0.126478,0.101306,0.041503,-0.025335,0.002377,0.057635,0.083427,-0.072526,0.214626,0.133237,0.252390,0.218637,0.145337,-0.055409,-0.062952,0.084297,0.036760,-0.159088,-0.194564,-0.189595,0.043290,0.136995,0.039629,-0.047220,-0.309150,0.067706,0.258666,-0.067252,-0.166552,0.054088,0.072982,-0.376914,-0.007713,0.043154,-0.014135,-0.119637,-0.143479,0.084972,0.120557,-0.177240,-0.180504,0.144100,0.304031,0.176553,0.214676,0.046518,0.209746,0.221609,0.152937,-0.086199,-0.067348,0.276498,0.099505,0.166683,0.179933,-0.012254,-0.237093,0.065902,0.107639,0.001166,-0.163829,0.191361,0.361969,0.017530,0.062084,0.066819,0.042943,0.243418,0.167464,0.084607,0.024251,-0.160948,-0.119239,0.247871,0.122596,-0.196111,-0.085936,0.120309,0.004039,0.074653,0.119957,0.255614,0.030879,-0.068504,0.054460,0.091190,#
1,0.026724,1.000000,-0.030751,-0.121090,-0.119173,0.075694,-0.022808,0.101529,0.174207,0.043643,0.144448,0.201531,0.007335,-0.395332,-0.169128,-0.042229,-0.109128,0.075621,-0.079430,0.073656,-0.346436,-0.002631,0.043981,-0.213998,0.078697,-0.048075,-0.274570,-0.014301,-0.223645,-0.164990,0.127997,-0.119373,-0.151131,0.095388,-0.047353,-0.058595,0.047095,-0.165947,0.069172,0.201311,0.123527,-0.026405,0.154354,-0.079121,-0.199650,-0.029641,0.229138,-0.041054,0.218536,0.014841,0.100345,0.121179,-0.001274,-0.073238,0.027857,0.023097,-0.097711,-0.234434,-0.133176,0.095694,-0.056090,-0.049561,0.018831,-0.056992,-0.054322,0.315161,0.217603,0.259167,0.097147,0.019503,0.158460,0.225986,0.219971,-0.013687,0.085578,0.038157,-0.096380,0.014153,0.234543,-0.156639,-0.101200,0.071378,-0.164073,0.139759,0.190150,0.123065,0.035609,0.169893,0.001608,-0.053651,-0.021031,0.157433,-0.244491,0.007953,-0.001260,0.156338,-0.065607,-0.080985,-0.136450,-0.027233,0.135137,-0.077674,-0.117863,-0.185076,-0.158169,0.061455,-0.088370,0.076490,0.162601,-0.039710,-0.291092,0.088256,0.009161,0.011481,-0.018761,0.268316,0.027302,-0.113073,0.017279,-0.119115,-0.153267,0.035843,0.159597,0.110086,0.140582,0.071194,-0.043759,0.067137,0.233780,0.074251,-0.106723,0.107516,-0.014313,-0.006130,0.053474,-0.006641,0.282555,0.178155,-0.026055,0.142137,0.129602,-0.089719,-0.068214,0.150932,0.198537,-0.150138,-0.109091,0.023147,0.022104,-0.202631,0.265740,0.004549,-0.065343,-0.169178,0.191762,0.105590,-0.066198,0.183695,-0.201414,-0.014729,-0.156620,0.107793,-0.011109,0.170411,0.080216,-0.068381,0.093883,-0.165923,-0.026826,0.154094,-0.087310,0.027501,0.033081,-0.025035,0.022584,0.118875,0.111520,-0.247595,-0.001373,0.004872,0.009448,-0.155274,0.177699,0.073772,0.149918,0.114152,0.011499,-0.241137,0.367183,0.211951,0.059755,0.302385,-0.104124,-0.137051,-0.067729,-0.104600,-0.046559,0.400076,-0.082042,0.302722,#
2,0.043590,-0.030751,1.000000,0.080409,0.284636,0.100283,0.086882,0.110801,0.002513,0.168407,0.281738,0.132962,-0.087788,0.156698,0.014255,0.142435,-0.127279,0.032820,0.056478,0.073292,0.224482,0.081663,0.095170,0.013310,-0.091190,0.108608,0.220293,-0.097641,-0.184474,0.177307,0.021835,-0.078882,0.158588,0.172731,0.226596,0.059325,0.075142,0.175802,0.184067,-0.145160,0.058188,-0.047360,0.070104,-0.046840,0.170890,0.192851,0.126221,-0.038004,-0.113494,-0.031750,-0.176277,0.248504,0.111324,-0.086060,0.176715,0.012313,0.216996,-0.248602,0.216144,0.130164,0.404619,0.090391,-0.040660,0.076597,0.128867,0.143437,-0.160364,-0.033930,-0.009657,-0.021101,0.240774,0.175948,-0.073538,0.196150,0.244212,-0.038881,0.037661,-0.030027,0.038025,0.235346,0.050560,-0.010893,0.215175,-0.360180,0.205942,0.063507,0.096421,0.073052,-0.016930,-0.059511,0.099805,0.241229,0.127117,0.107675,0.005441,0.016282,-0.077666,-0.007891,-0.016026,-0.025377,0.242816,0.142470,-0.028796,0.246902,-0.011395,0.186990,0.303119,0.312667,0.147624,0.075722,0.128098,0.048414,0.216930,0.160075,-0.072410,0.072804,0.041279,-0.020163,-0.210356,0.144183,-0.049096,-0.290889,-0.136370,0.148147,0.014255,-0.044001,0.167583,-0.039422,0.129270,0.155681,-0.151628,0.177226,0.039165,0.148618,0.131634,-0.183524,0.097243,0.091811,-0.015546,-0.099349,0.163446,0.115006,-0.089501,0.103568,0.158292,-0.094535,0.017260,-0.077096,0.035282,0.075263,0.045908,0.132424,0.339299,0.157875,-0.165076,0.077758,-0.024469,-0.093859,0.247370,0.061214,-0.266648,0.084561,0.352853,0.107457,0.076065,0.231506,-0.047817,-0.053875,-0.026594,0.018598,-0.013528,0.157032,0.218825,-0.114739,-0.087717,0.082413,-0.073452,0.053683,-0.153593,-0.063711,0.027169,0.288800,0.089867,0.029560,-0.053721,0.073509,0.147227,-0.070343,0.021438,0.108276,0.045316,0.102578,0.106035,0.211174,0.141938,0.011343,-0.283591,0.121179,0.099171,0.133351,#
3,0.012738,-0.121090,0.080409,1.000000,-0.039021,-0.194279,-0.122044,-0.030572,0.237172,0.117730,-0.002252,0.092224,-0.066172,-0.021138,0.098446,0.027826,-0.135303,0.104580,0.302540,0.019356,0.058152,0.250549,0.266287,0.086102,-0.066418,0.165981,0.225013,0.041519,-0.016499,0.084168,0.137614,0.043680,0.086226,0.040386,-0.009502,0.226086,0.098212,0.063162,0.197557,0.153666,-0.123118,0.244949,0.081772,-0.076408,-0.069850,-0.038459,-0.299666,0.016725,-0.252317,-0.052060,-0.107536,-0.246606,-0.012519,0.010136,0.209486,-0.036642,0.232396,0.136280,0.027512,0.031018,0.164459,-0.145504,-0.029080,0.040419,0.230334,-0.242505,-0.033377,-0.313847,-0.292992,0.213129,0.081999,0.072785,0.002651,-0.008244,0.020998,-0.259104,-0.021259,-0.080152,-0.086776,-0.104909,-0.053309,0.016764,0.194246,-0.021192,0.085508,-0.142297,-0.063938,0.062221,-0.063267,0.221204,0.350282,0.066263,-0.065116,0.084682,0.025048,0.055282,-0.001905,-0.186263,-0.210869,-0.233347,0.217441,-0.034672,-0.145854,-0.043422,0.363310,-0.098538,0.321853,0.261260,-0.125238,0.071747,0.161606,-0.244702,-0.002232,0.098329,-0.074328,0.157370,-0.186054,0.109099,-0.032079,-0.148788,-0.072424,0.026831,0.112558,-0.097024,-0.050762,0.114945,0.169401,0.134444,-0.005305,-0.192424,0.152590,0.067351,-0.106977,-0.008491,-0.082443,0.127354,-0.222611,-0.044025,-0.200397,0.218300,-0.195856,0.274605,0.083306,-0.100138,-0.075718,-0.064476,0.069028,0.269999,-0.179693,0.034599,-0.030844,-0.348146,-0.056397,0.097168,0.054338,0.004553,-0.024404,-0.151989,0.418216,0.056953,-0.106306,0.002247,-0.104211,0.004913,0.064790,0.029374,0.209283,0.182355,0.162736,0.116507,-0.125774,-0.232747,0.138936,0.029597,0.000179,0.096534,-0.027554,-0.053338,-0.205568,0.140854,-0.048062,0.187615,-0.040415,-0.011868,-0.101052,-0.243871,0.050827,0.052265,0.128831,0.061473,0.262148,0.131569,0.268001,0.247497,0.103428,-0.159294,-0.047786,0.106713,-0.021802,-0.009953,#
4,0.034857,-0.119173,0.284636,-0.039021,1.000000,0.046326,0.014853,0.213103,-0.019509,0.134433,-0.197888,0.283483,0.063943,0.216250,0.040708,0.076644,0.104428,0.016741,0.101943,0.170121,0.393434,0.137930,0.142252,0.172622,-0.033093,0.212757,0.092363,-0.087154,0.150655,-0.058594,-0.001644,0.209800,0.236158,0.259536,-0.013025,0.030639,0.268524,-0.008497,0.405924,0.137251,0.012594,0.026729,0.135363,0.082633,0.309085,0.301902,0.224959,0.201745,-0.132846,-0.173516,-0.156215,0.083150,0.184141,0.223313,0.382622,-0.054117,-0.043104,0.104274,0.142767,0.223121,0.270907,0.184722,-0.056737,-0.063092,-0.032848,0.090393,-0.206590,0.108312,-0.037903,0.197187,0.217365,0.147785,0.140040,0.040792,0.200263,-0.159541,0.051681,0.061024,0.015815,0.236105,-0.160781,0.143268,0.059926,0.051757,0.246375,0.033128,0.150882,0.079920,0.166739,0.051192,0.198158,-0.096464,0.143903,-0.113518,0.265720,-0.122476,-0.003662,-0.038488,-0.067956,0.135674,0.282931,0.267258,0.004215,0.137479,-0.030576,0.277742,0.045695,0.095729,0.152305,0.400377,0.076842,0.194680,0.164894,0.139884,-0.273831,-0.011490,0.212464,0.217260,-0.147146,0.165482,-0.147556,-0.183537,0.001947,0.090524,0.228669,-0.168381,0.127210,0.052251,0.319923,0.175455,0.164017,-0.073854,0.113146,0.364023,0.192653,0.083028,-0.145368,-0.240870,0.094490,-0.011153,-0.011421,-0.004461,0.152007,-0.028721,0.159716,-0.024469,0.162896,0.010363,-0.109349,0.277265,-0.080554,0.153846,0.296135,0.250466,0.195447,0.034266,0.059253,0.021396,0.114426,0.190435,0.127553,0.094874,0.096168,-0.221758,-0.226598,0.016414,-0.007880,0.193024,-0.019811,0.000443,-0.282049,0.092199,0.365121,0.085349,0.156169,0.118804,0.166217,0.194438,0.008187,0.123515,-0.013576,0.065191,-0.008992,0.104680,0.019992,0.252471,-0.167763,0.107771,0.139017,0.288187,-0.328760,0.190358,-0.072117,0.186681,-0.049286,0.231506,0.022706,0.035104,0.136946,0.367220,#
5,0.077160,0.075694,0.100283,-0.194279,0.046326,1.000000,-0.082838,0.229687,-0.002146,0.006941,0.097504,-0.047568,0.157927,-0.006784,0.035006,0.227997,0.144813,0.186168,-0.164158,0.354960,-0.064599,-0.116207,0.234025,0.105512,0.163357,0.007584,0.187512,0.037175,0.135790,-0.063208,0.309388,0.239961,0.156932,0.206368,-0.183133,0.170506,0.097623,-0.147548,0.135220,-0.050324,0.112208,-0.028100,-0.098363,0.286048,0.224890,0.077075,0.305488,0.073605,0.119640,-0.181495,0.068815,0.083240,0.046798,-0.017680,-0.050722,0.147419,0.159471,-0.199790,0.401440,0.206993,0.098697,0.227568,0.002270,0.113336,0.221116,0.142232,-0.115148,0.183543,0.181029,-0.364076,0.046994,-0.022796,0.172436,-0.096930,0.251347,0.224581,0.099980,0.326017,0.119226,0.091450,0.159896,0.003736,0.024840,0.261269,-0.185026,0.188062,0.150079,0.208204,0.168164,-0.126882,-0.189057,0.094262,0.298858,0.239184,-0.093520,0.003805,0.009363,0.200550,0.151521,0.277806,0.148063,0.151401,-0.143874,0.253506,-0.020512,0.318227,0.179024,0.244872,0.035431,0.152649,-0.132974,0.196605,-0.069449,0.033018,0.086440,-0.021354,0.196310,-0.037538,-0.227466,0.039087,-0.055052,0.015039,-0.090236,0.240946,-0.083968,-0.107428,0.410701,-0.159046,-0.117747,0.076026,0.227688,0.199048,0.130025,0.137329,0.075490,0.146439,0.056289,0.061012,0.145688,-0.178066,0.099444,0.045948,0.087843,0.108403,0.358113,-0.107098,-0.080261,-0.061483,0.106607,-0.129996,0.116238,-0.012870,0.232507,-0.098498,-0.162939,0.136820,0.301152,0.001293,0.150521,-0.037585,0.086568,-0.048946,0.245111,0.094025,0.235877,0.112915,-0.141336,0.303261,0.065046,0.052465,0.289412,0.223480,0.069034,0.079217,-0.085290,-0.080416,0.121407,0.080676,0.126012,0.160602,0.347967,0.055995,0.417073,0.108063,0.121538,0.097093,0.073484,0.129312,-0.074458,-0.082199,0.033768,0.230662,-0.084428,0.010060,-0.044301,-0.028524,-0.052783,0.245492,0.169226,0.229122,#
6,0.162146,-0.022808,0.086882,-0.122044,0.014853,-0.082838,1.000000,-0.081870,0.048049,-0.188921,-0.119454,-0.061707,0.185188,0.035454,-0.002337,0.146031,0.074908,0.166297,-0.000991,-0.109537,0.258867,0.061806,-0.159430,-0.073715,-0.119602,0.033003,0.060451,-0.132358,0.013740,0.263022,-0.048811,-0.171613,-0.102291,-0.070116,0.132920,0.162285,-0.239508,0.025667,-0.042588,0.076123,-0.024091,-0.093620,0.242993,-0.156904,0.284194,-0.076882,0.061716,-0.320513,0.119805,0.016985,-0.064125,0.151687,0.043084,0.023566,0.241931,-0.041521,0.081795,0.024806,-0.046387,-0.107856,0.185200,-0.075866,-0.062361,0.022885,0.283541,0.012906,0.153739,-0.111820,-0.061422,0.005920,0.101315,0.072088,-0.097848,0.298183,0.069183,0.007358,-0.008789,-0.159941,-0.029642,0.005598,0.110029,-0.037226,-0.012417,-0.243179,-0.146976,0.180341,0.038851,-0.144504,-0.040044,-0.031688,-0.048529,-0.232614,-0.184377,-0.208418,-0.103185,-0.245405,0.267197,-0.038673,-0.298740,0.393423,0.042328,-0.067928,0.223715,0.010848,-0.195706,-0.172059,0.085087,-0.057388,-0.242482,-0.016481,0.036707,0.137644,-0.171068,-0.283010,0.051921,-0.258945,0.407680,-0.107701,0.008336,0.027838,0.155807,-0.188527,0.011028,0.217273,0.115777,0.313863,-0.131881,-0.040586,-0.063445,0.067520,0.064745,0.017499,0.118404,-0.032067,0.045722,-0.094501,0.035561,-0.262901,0.178109,0.095604,0.117637,-0.032325,-0.128866,-0.220131,-0.009440,0.029185,-0.034528,0.074540,-0.089809,-0.123167,0.301946,-0.043360,0.027540,-0.144132,-0.131728,-0.007252,-0.207823,0.271280,0.005913,0.054562,-0.238670,0.105971,0.091602,0.039016,0.043342,0.080617,0.155685,-0.012174,-0.009332,-0.309968,0.103451,0.071570,-0.157454,-0.229529,0.173149,-0.002495,0.014553,-0.125778,-0.050245,-0.069277,0.112380,-0.063058,0.112468,0.010872,0.200051,-0.058754,-0.062649,0.030649,-0.293471,-0.106200,-0.180686,0.063629,-0.145485,0.208803,0.003548,-0.133768,0.037442,0.133650,0.120926,0.025253,#
7,-0.055431,0.101529,0.110801,-0.030572,0.213103,0.229687,-0.081870,1.000000,0.396721,0.023665,0.077595,-0.006984,0.076946,0.035050,0.289266,0.018598,0.138323,0.013326,-0.014474,0.009542,-0.021626,0.142865,0.271106,0.110671,0.142748,0.124501,0.058474,-0.032799,0.045347,-0.153808,-0.093556,0.213440,0.001936,0.171335,-0.136126,0.076730,0.134894,0.045207,0.346735,0.142756,-0.203309,-0.005285,0.037463,0.275718,0.129753,0.173977,0.199534,0.244447,-0.105522,0.027309,0.213663,0.025181,-0.030403,0.066261,0.076708,0.008151,-0.061779,0.056928,0.102916,0.143510,0.048337,0.121297,-0.047510,-0.062479,0.026095,0.148253,-0.192703,0.099822,0.208662,0.377403,-0.017994,-0.015202,0.457787,0.061779,0.253116,0.080606,-0.048535,0.097536,0.219586,0.169811,0.021657,0.078631,0.036711,0.139260,0.026842,0.014451,0.024937,0.060357,0.028309,0.103619,-0.129238,0.006656,0.058014,0.127205,0.016329,-0.283800,-0.043808,0.010259,-0.042261,0.059197,0.173678,0.179820,-0.039778,0.112654,0.022591,0.265875,-0.038902,-0.017125,0.048690,0.158490,0.062479,-0.052830,0.108804,-0.002472,0.315556,0.004341,0.165585,-0.233087,-0.067929,0.343485,0.028972,-0.054567,-0.022766,0.328805,0.168734,-0.031749,0.242154,0.197845,0.097973,-0.107696,0.101437,-0.145844,0.231400,0.154640,0.179077,0.118938,-0.196677,0.088606,-0.002311,-0.020424,0.127197,0.014889,0.179148,-0.052026,0.058552,0.049859,0.030334,-0.081061,0.089581,0.139472,0.010783,0.020203,0.121527,0.231309,-0.167551,0.267273,0.064199,0.174460,-0.096771,0.255598,0.150683,-0.134474,0.253005,0.004372,-0.151163,0.209280,0.018998,-0.132940,-0.080583,0.017881,0.117877,0.094162,0.302462,0.122679,0.156604,0.001799,0.063020,-0.124010,-0.058656,0.176844,0.353502,0.063950,0.041242,-0.069553,0.036037,0.293655,-0.099347,-0.151163,0.033648,0.218876,-0.068092,0.132780,-0.128689,-0.125679,0.092012,0.030622,-0.036934,0.263208,0.050946,0.177780,#
8,-0.045306,0.174207,0.002513,0.237172,-0.019509,-0.002146,0.048049,0.396721,1.000000,0.074873,-0.053242,-0.028003,-0.009409,0.232960,0.191186,0.263027,-0.161531,0.108948,0.061035,0.084728,-0.120703,0.439717,0.363111,-0.002982,-0.127610,0.222948,0.106872,0.172551,0.055319,0.207031,0.056776,0.018850,0.025987,0.031241,-0.192322,0.170447,0.148601,0.062741,0.140533,0.169657,-0.104138,0.328645,0.046816,0.000697,0.032606,0.066543,-0.029617,0.205685,0.048024,0.135213,0.261657,0.204372,-0.160749,0.018111,0.111847,0.269089,0.101927,0.142467,-0.070702,0.283982,0.348229,-0.044300,0.270630,-0.013873,0.107912,0.187409,0.064253,0.055832,0.226001,0.253195,0.201315,0.029998,0.159030,0.251085,0.136481,0.024415,-0.066043,0.008574,0.209083,0.244842,0.118027,0.121524,-0.059626,-0.035394,0.006268,0.054695,-0.087446,-0.105041,-0.116167,0.278298,0.049711,-0.010584,-0.093908,0.257329,0.101904,-0.002443,0.157134,-0.028208,-0.220944,-0.031462,0.360100,0.108097,0.028879,0.158442,0.139903,0.118660,0.089070,0.148661,0.066216,0.171858,-0.076572,0.065480,0.047712,-0.067551,0.351684,0.213407,0.204539,-0.097121,-0.090320,0.155238,0.088588,0.050068,0.097123,0.165048,0.169021,0.261901,0.217377,0.225961,0.113308,-0.005434,0.077842,-0.055218,0.241601,0.184931,0.341032,0.014695,-0.062962,-0.157452,-0.194510,-0.013084,0.006603,0.126070,0.355485,0.166756,0.047346,0.087705,0.261600,0.144717,0.121237,-0.050753,0.131600,-0.145219,0.127165,0.286917,0.154287,0.308855,0.051602,0.296842,0.014485,0.292005,-0.011601,-0.023020,0.227998,0.093559,0.133486,0.171573,0.115498,-0.028741,0.144395,0.126743,-0.012312,0.206787,0.239956,0.031874,0.225727,-0.050317,0.034320,0.024890,0.096182,0.185144,0.157146,0.087296,-0.140482,0.348419,0.213377,0.193029,0.136670,-0.032913,0.041905,0.053111,0.068728,0.111287,0.109629,0.027193,0.069973,0.095101,-0.016822,0.313901,0.412689,0.073133,#
9,-0.079133,0.043643,0.168407,0.117730,0.134433,0.006941,-0.188921,0.023665,0.074873,1.000000,0.226761,-0.012354,0.025164,0.048485,0.173392,0.245494,-0.126020,-0.053398,0.249078,0.180011,0.244745,0.127434,0.280051,0.334861,-0.007728,-0.009938,0.072690,0.150511,0.121961,0.089153,0.177500,0.087290,-0.052752,0.130394,0.198312,0.053667,0.030252,-0.020921,0.290998,-0.062198,0.274255,-0.116778,0.067302,-0.122471,0.180125,0.228324,0.197585,0.049486,-0.113567,-0.032877,-0.161258,0.016850,-0.095703,0.053304,0.000030,0.171860,0.093996,-0.011260,0.163088,0.156403,0.177714,-0.008885,0.148417,0.201760,0.093752,0.224148,0.122699,0.036137,0.193984,-0.039313,0.416058,0.101842,0.029677,0.041819,0.065554,0.029885,-0.194773,0.027292,0.142536,0.218447,0.008980,0.142991,-0.026091,-0.089227,0.278844,-0.127441,-0.113036,0.326916,-0.009659,-0.183081,-0.064423,0.361114,0.091146,0.111233,0.029575,-0.212566,0.172500,0.300835,0.286164,-0.183365,0.096678,0.099075,0.336472,-0.069305,0.255450,0.014124,0.048352,-0.163129,0.076203,0.136884,0.083868,0.229161,0.520473,0.318247,-0.166695,0.194677,0.082223,-0.141706,-0.045163,-0.099204,0.051290,0.201250,0.108571,0.084481,-0.016083,-0.126050,-0.037589,0.156529,0.226256,0.082217,-0.002443,0.016444,0.195338,0.401826,0.119272,-0.077338,0.032626,-0.045995,-0.148675,0.094143,-0.140881,0.041290,0.168130,0.231550,-0.147787,-0.074419,0.065294,-0.051438,-0.148516,-0.100612,0.077175,-0.129550,0.151040,0.158266,0.104936,0.110009,0.158984,0.020125,0.138930,0.120590,0.004560,-0.066466,0.117000,0.150796,0.232629,-0.023395,-0.018424,0.085180,0.128581,0.019761,0.102464,0.170735,-0.104183,0.131097,0.225153,0.263988,-0.130895,0.131956,0.192505,0.153743,-0.004445,-0.157198,-0.002885,0.059706,0.042196,0.091213,-0.059463,-0.162263,0.398691,0.207239,-0.002931,0.120848,0.126189,0.023307,-0.077321,0.007304,-0.068311,0.265370,0.020334,-0.014792,#
10,0.179284,0.144448,0.281738,-0.002252,-0.197888,0.097504,-0.119454,0.077595,-0.053242,0.226761,1.000000,-0.010351,-0.327956,-0.112282,0.056630,0.112062,0.017395,-0.007342,-0.101553,0.092756,0.100895,-0.182962,0.011394,0.074134,0.029973,-0.074692,0.064330,0.095546,-0.296039,-0.002031,-0.071812,0.038540,-0.073424,0.079380,0.126937,-0.032238,-0.063142,-0.093465,0.019459,-0.069263,0.221287,-0.034666,-0.125935,-0.198741,0.105408,-0.030815,0.105458,0.027534,0.107124,0.332481,-0.205318,0.145201,0.063602,0.034630,-0.006514,0.004957,-0.212358,-0.236670,0.010216,0.149731,0.040218,0.005768,0.201085,0.227792,-0.093832,0.031934,0.185906,-0.017833,-0.036315,-0.060432,-0.158400,0.170785,-0.056638,0.020297,0.088053,-0.091930,-0.202540,-0.003788,-0.061863,0.027291,0.147876,0.108441,0.010531,0.006623,0.026876,0.007369,-0.119560,0.174228,-0.058791,0.180285,-0.070352,0.347355,0.074308,0.211673,-0.013700,0.085033,-0.234261,-0.178548,0.367457,0.058611,0.099443,-0.028039,-0.073914,0.051479,0.227450,-0.307938,0.194893,0.154903,0.008358,-0.083770,-0.072145,0.047477,-0.008817,0.001794,0.114865,0.387041,0.000154,-0.151621,-0.075800,0.026629,0.032352,0.188037,-0.245426,0.014869,-0.204621,-0.018599,0.281699,0.134680,0.060010,-0.087206,-0.221285,-0.080011,-0.058294,-0.084062,0.029995,-0.097627,-0.134506,0.281411,-0.278009,0.082740,0.127379,-0.056367,-0.191932,0.049010,0.032332,-0.171689,-0.117025,-0.170222,-0.071710,-0.006207,0.036058,0.028889,0.253705,-0.003925,-0.209470,0.064982,0.212900,-0.108309,0.019802,-0.009352,-0.032502,-0.000216,0.152226,0.125249,0.106247,0.065395,0.140701,0.007263,0.130399,0.268229,0.012297,-0.054972,-0.005872,0.032117,0.103855,-0.113149,0.106402,0.118893,-0.025744,0.111290,-0.103532,-0.026523,0.157937,-0.038897,0.097285,-0.151492,0.015851,-0.236098,0.097304,0.014989,0.026805,0.087687,0.117705,-0.036625,0.096672,-0.079258,-0.285905,0.272061,-0.014987,0.210068,#
11,-0.017799,0.201531,0.132962,0.092224,0.283483,-0.047568,-0.061707,-0.006984,-0.028003,-0.012354,-0.010351,1.000000,0.026907,-0.019396,-0.001515,-0.125421,-0.035799,0.216664,0.113747,-0.120524,0.070536,0.287795,-0.133744,-0.237461,0.040056,0.152837,-0.315747,0.118156,-0.061535,-0.022449,0.197294,0.089278,-0.001545,0.216219,-0.007843,0.000918,0.303750,0.040184,0.080532,0.189517,0.012311,0.173018,0.188558,-0.186452,-0.007517,0.062379,0.317067,-0.036974,0.033430,0.064761,-0.038186,0.197251,0.016249,0.208066,0.125747,-0.079747,-0.248174,0.233402,0.070101,0.036433,0.085394,-0.059370,0.020155,-0.190662,0.008401,0.026567,0.120121,0.265532,0.160274,0.079980,0.104766,0.229861,0.066350,-0.050156,-0.022823,-0.200578,-0.023573,0.026278,-0.093577,-0.159973,-0.005762,0.152914,0.111702,-0.008792,0.304236,-0.060975,-0.025497,0.009554,0.271291,-0.036053,-0.145194,0.129738,0.036684,0.046098,0.150453,0.195483,-0.111319,-0.188730,-0.098332,0.005265,0.016952,0.244570,-0.051030,0.013849,0.124851,0.310801,-0.064451,0.181393,0.156812,0.240876,0.164575,0.113525,0.134499,0.177389,-0.223745,0.183278,0.030906,0.239577,-0.300220,0.120528,-0.043213,0.056089,-0.112846,-0.031986,0.248299,-0.245646,-0.092336,-0.011304,0.117675,0.080414,0.106570,0.149621,0.017154,0.113094,-0.019414,-0.122938,-0.146309,0.178999,-0.051691,0.219607,0.164194,-0.265857,0.104044,0.133378,0.335736,-0.028302,0.063856,-0.040106,-0.132443,0.049360,0.042103,0.088440,-0.058565,0.136119,0.319950,0.121533,0.028363,-0.109136,0.128013,-0.104571,-0.044863,0.065960,-0.203460,-0.003980,0.003338,-0.110819,0.053405,0.008014,0.030611,0.136296,-0.042927,-0.047736,0.017708,-0.056866,-0.026088,-0.060400,-0.033978,-0.040532,-0.101466,0.197823,0.132725,0.014208,0.246472,-0.153081,0.134470,-0.043497,-0.024352,-0.113921,0.156244,0.265242,0.161027,0.054274,0.306718,0.233663,0.260378,-0.086237,0.023976,0.152627,-0.067948,0.346446,#
12,0.014529,0.007335,-0.087788,-0.066172,0.063943,0.157927,0.185188,0.076946,-0.009409,0.025164,-0.327956,0.026907,1.000000,0.166439,0.234366,0.015627,0.317500,0.275881,0.105246,0.109733,0.003131,0.203650,0.133106,0.074794,-0.108905,-0.026999,0.141855,0.153774,0.221420,-0.049344,0.090282,0.019807,0.313977,-0.049422,0.096807,0.000218,0.031535,0.070923,-0.084996,0.262359,-0.045591,-0.152021,0.228183,0.338168,0.169434,0.203053,0.261264,-0.118079,0.179058,-0.145637,0.277528,-0.108267,-0.149490,0.212049,0.101781,0.018888,0.006504,0.130592,-0.014422,-0.132116,-0.004453,0.390941,-0.223435,0.105768,0.311747,0.103088,-0.088114,-0.038374,0.136149,0.011003,0.245306,0.067525,0.268215,0.039098,0.303278,0.223874,0.183291,-0.086901,0.094102,-0.026918,0.241994,0.036064,0.034321,-0.006752,-0.051150,0.019884,0.037977,0.037161,0.241602,-0.013917,-0.132337,-0.188029,0.048944,-0.087436,-0.011608,0.107051,0.374819,0.197405,-0.214742,0.172845,-0.126404,0.184223,0.147981,0.417752,-0.048642,0.075447,0.010923,-0.084299,-0.056649,0.065227,0.260095,0.080728,0.091266,-0.134013,0.072703,0.062162,0.329390,-0.237117,0.033800,-0.136407,0.076831,0.089699,0.096314,0.390576,0.112400,-0.134144,-0.088452,-0.267144,-0.153697,-0.009570,0.076603,0.122950,0.008573,0.174259,0.048901,-0.156627,0.171524,0.175482,0.293507,0.028092,-0.011354,0.222784,0.201213,0.007513,0.132783,0.291577,0.124529,0.089274,-0.014603,0.182585,0.098025,0.117221,0.135845,-0.031778,0.011827,0.381895,0.033264,-0.115101,-0.092543,0.126807,0.090431,0.344311,0.153563,0.048335,0.259975,0.035399,0.069551,0.255898,-0.110944,-0.171531,0.050283,0.176386,0.077111,0.041498,0.169124,0.042263,0.011656,-0.014782,0.128785,-0.148734,0.079450,0.183227,0.071928,-0.020668,-0.053582,0.195638,0.161141,0.269742,0.027995,-0.135312,-0.042055,-0.041863,0.099736,0.135506,-0.109616,0.002785,0.048804,0.023852,0.028897,-0.084350,#
13,-0.133275,-0.395332,0.156698,-0.021138,0.216250,-0.006784,0.035454,0.035050,0.232960,0.048485,-0.112282,-0.019396,0.166439,1.000000,0.112120,0.011838,0.103180,-0.010159,0.141117,0.004643,0.296809,0.170494,0.113381,0.091338,-0.362174,0.079828,0.114456,0.309021,0.042980,0.218329,-0.062391,-0.023599,0.229071,0.058815,0.155246,0.092999,-0.094806,0.151420,-0.210041,0.074878,-0.005093,0.231535,0.198093,0.068091,0.259422,0.139623,0.080251,-0.059945,0.170720,-0.179320,0.052866,0.011724,-0.101559,0.412207,0.084723,0.181132,-0.065636,0.133385,-0.069997,0.176539,0.091504,0.166811,0.127264,0.088829,0.045778,-0.038436,0.014425,0.019801,0.173572,0.058030,0.126468,-0.017550,0.072789,0.188887,0.128134,0.157313,-0.033169,0.079204,-0.023672,0.456659,0.178237,0.234386,0.298694,-0.050685,-0.054047,-0.029638,0.029087,-0.111959,0.061762,0.056589,0.200761,-0.008850,0.173798,0.128272,0.112211,-0.257566,-0.007247,0.162543,0.171384,0.336765,0.004551,0.266912,0.135146,0.307161,0.164437,0.105008,0.055151,-0.101373,0.154875,0.178696,0.106145,0.322976,0.272580,-0.038181,0.326106,0.205210,0.108135,0.235427,0.083600,0.475577,-0.046505,-0.000141,0.123493,-0.016126,-0.052067,-0.339078,-0.029470,-0.202116,0.047001,0.067089,-0.101637,0.123373,0.110783,0.264189,0.313558,-0.188453,0.015154,-0.055003,-0.010543,0.090723,-0.279749,0.186433,0.329156,0.132347,-0.003628,0.092269,0.372480,0.136401,0.102819,0.240570,-0.129532,0.093459,0.145545,0.195504,0.096984,0.329901,-0.261800,-0.013813,0.156465,0.182254,0.142557,0.073735,0.161353,0.118775,0.104949,0.108379,-0.052080,-0.030935,0.055005,0.001879,0.045650,0.297053,0.228045,0.022742,0.244881,-0.112172,-0.052068,0.362499,0.259851,-0.038826,-0.001276,0.326634,0.013090,0.035188,0.248919,0.096357,0.167798,-0.045056,-0.128529,0.077967,0.092146,0.022329,0.169064,0.275646,0.084152,0.278876,-0.011317,-0.197436,0.212333,0.139725,#
14,0.178602,-0.169128,0.014255,0.098446,0.040708,0.035006,-0.002337,0.289266,0.191186,0.173392,0.056630,-0.001515,0.234366,0.112120,1.000000,0.328332,0.016320,0.037474,0.330321,0.084200,0.124595,0.077970,0.184284,0.191909,0.139610,-0.041286,0.025784,0.123205,0.301660,0.131506,0.064624,0.282285,0.023849,0.248930,0.300782,0.233677,0.066248,0.112180,0.157783,0.174909,-0.272660,-0.063063,-0.011858,0.078499,0.321818,0.199230,0.103491,-0.027505,-0.141317,0.168017,0.119402,0.055461,-0.025060,0.206715,0.216537,0.031109,0.098864,0.194856,0.226187,0.196297,0.105418,0.155532,0.193740,0.285331,-0.063778,-0.097122,-0.083024,-0.023787,-0.116363,0.227486,0.251699,0.039009,0.177624,0.224554,0.300369,-0.062831,0.413496,0.193828,0.032679,-0.013382,0.248995,0.230373,0.126455,0.109831,0.053648,-0.118672,-0.025366,0.172714,0.023631,0.027678,-0.229380,-0.050079,0.252708,0.201948,-0.134608,0.040436,0.438193,0.061463,0.094974,0.047957,0.120585,0.221344,0.265315,0.015152,0.270051,-0.148960,-0.093724,-0.127285,-0.372090,0.062424,0.096997,-0.040640,0.085597,0.150354,0.170344,0.177475,0.200900,-0.181029,0.087378,0.028461,0.143014,0.188819,0.040179,0.162960,0.062006,-0.081366,0.107517,0.270932,0.016735,0.130498,-0.085248,-0.122901,-0.002569,0.190154,0.177614,0.065922,-0.266709,0.145208,0.017210,-0.166429,0.027292,0.052115,0.216029,0.103424,-0.108369,0.297967,0.092403,-0.020871,0.137982,0.013502,0.159284,-0.082284,0.226354,0.056829,-0.146064,0.344247,0.242924,0.088655,-0.090181,0.173339,0.067236,0.030686,0.230638,-0.043868,0.132776,0.186126,0.279307,0.019477,0.123079,0.253578,-0.050495,-0.085313,0.279323,0.068589,-0.083176,0.077711,0.097712,0.114861,0.194205,0.023476,0.367100,0.343149,0.027061,0.054721,-0.064844,-0.226606,-0.025404,-0.139792,-0.083140,0.157117,-0.174300,-0.009890,0.156720,0.273424,0.257785,0.057016,0.011404,0.084597,0.261747,-0.176119,#
15,0.369519,-0.042229,0.142435,0.027826,0.076644,0.227997,0.146031,0.018598,0.263027,0.245494,0.112062,-0.125421,0.015627,0.011838,0.328332,1.000000,0.136837,0.375715,0.098852,0.146603,0.190016,0.177345,0.228575,0.372563,0.107454,0.057980,0.093006,-0.045654,0.079587,0.315822,-0.086230,0.320802,0.068215,0.159116,0.133618,0.454899,0.189345,-0.127538,0.333625,0.102659,0.052224,0.129547,-0.008312,-0.114016,0.307701,0.142811,-0.089410,0.270342,0.070757,0.111577,-0.203469,0.597577,-0.147685,-0.015667,0.351408,0.026606,0.137437,-0.004425,0.258625,0.243035,0.416127,-0.003723,0.156210,0.150278,-0.077334,0.395442,0.046132,0.084344,0.067298,-0.171819,0.197786,0.009665,0.002688,0.106976,0.168922,0.005259,0.010331,0.085116,0.031784,-0.001137,0.389151,0.177656,-0.166085,0.039000,0.235033,0.062020,0.065466,0.367159,-0.075242,0.127622,0.028435,-0.041242,0.058159,0.009075,0.066990,0.061502,0.245565,0.069348,0.118565,0.160477,0.335279,0.059486,0.235391,0.189102,0.079804,0.024235,0.232996,0.001204,0.004579,0.068820,-0.039140,0.241493,0.102817,0.162571,0.135978,0.156621,0.074347,-0.012307,-0.034259,0.020557,0.033542,0.062554,0.263373,0.098940,0.074095,0.271347,0.361574,0.308947,0.037518,0.365486,-0.149701,-0.017548,0.085406,0.247674,0.099709,0.036146,-0.125245,-0.169172,-0.149941,0.008826,0.172614,0.104671,0.126009,0.070667,0.104684,-0.034641,0.152399,0.059419,0.011364,-0.128842,0.086686,-0.119214,0.219262,0.000889,-0.068900,0.236499,0.401745,0.203173,0.024755,0.307848,-0.014205,0.099327,0.344503,-0.092732,0.142076,0.274086,0.121211,0.264604,0.376376,0.027836,-0.042715,0.307349,-0.187127,0.133159,-0.019310,0.177615,0.138025,0.312070,0.278944,0.163839,0.134024,0.055288,0.137717,0.402187,0.025764,0.026185,-0.061398,0.288750,-0.027323,0.109558,-0.341745,0.115843,0.271181,0.192891,-0.125071,0.221745,0.265725,0.188160,0.151402,0.038570,#
16,0.397550,-0.109128,-0.127279,-0.135303,0.104428,0.144813,0.074908,0.138323,-0.161531,-0.126020,0.017395,-0.035799,0.317500,0.103180,0.016320,0.136837,1.000000,0.111008,-0.175590,0.251520,0.143997,-0.057722,-0.138431,0.210584,0.000315,0.000069,0.197046,-0.086918,0.000256,0.232429,-0.162726,0.237703,0.081185,0.021429,0.141656,-0.041857,0.054836,-0.037999,0.034247,0.120523,-0.213477,0.000146,0.271912,0.071204,0.019962,0.017951,-0.034034,-0.042953,0.170344,0.119656,-0.096539,-0.061250,-0.038401,0.306020,0.201783,-0.113022,-0.119792,0.042034,0.017119,-0.118127,-0.087200,0.332176,-0.072250,-0.021573,-0.180510,0.016232,-0.217722,0.192207,0.115612,0.130907,-0.158970,-0.043373,0.261176,0.286228,0.094821,-0.067383,-0.132458,0.053726,0.067859,-0.018237,0.065278,-0.167180,-0.114153,0.343275,0.166316,0.200434,0.018754,0.221845,0.262698,0.143394,-0.108251,-0.153656,0.143847,-0.139226,-0.047805,0.052637,0.000210,0.016010,0.060717,0.251883,-0.249601,0.054373,0.118933,0.291719,-0.103970,0.209114,0.116300,-0.075940,0.075823,0.046952,0.146304,0.106384,0.074621,-0.122185,0.202949,0.047931,0.356661,-0.019840,0.164310,0.018211,0.204156,0.208299,0.239174,0.137213,0.242155,0.047869,0.255536,-0.245111,-0.027904,0.057330,0.180537,-0.164137,-0.064606,-0.135289,0.211560,0.036673,-0.000393,-0.110094,-0.138575,0.190650,0.139073,-0.000286,-0.141472,-0.015912,-0.035004,-0.179268,0.198353,-0.035417,0.121187,0.353590,-0.185313,0.200247,0.085093,-0.042154,-0.047890,0.290948,0.181001,-0.017153,-0.091260,0.249762,0.123314,0.111428,0.017737,-0.207268,-0.014565,-0.015016,0.037364,0.276594,0.000169,-0.182261,0.080309,0.146271,0.000301,0.000461,-0.051882,0.000252,0.019148,0.130557,0.339455,-0.069891,-0.049894,0.068312,-0.073960,-0.072204,0.118382,0.153987,-0.103214,0.331150,0.146491,0.036795,-0.000075,0.034923,-0.018668,-0.066324,-0.135468,0.210453,0.054100,-0.116378,-0.102499,0.142188,#
17,0.220928,0.075621,0.032820,0.104580,0.016741,0.186168,0.166297,0.013326,0.108948,-0.053398,-0.007342,0.216664,0.275881,-0.010159,0.037474,0.375715,0.111008,1.000000,-0.147183,-0.141907,0.118536,0.166014,0.087973,0.229554,-0.053565,0.081788,0.141836,0.003741,-0.065533,0.091236,0.226198,0.211170,0.111467,0.045113,0.064929,0.301852,-0.075725,0.145691,0.300764,0.079172,0.112903,0.233315,0.077671,0.157077,0.031832,0.210238,0.124901,0.301913,0.108707,0.062539,0.133742,0.293039,-0.040038,0.103374,0.036712,0.056550,-0.002078,-0.058718,0.032129,0.024326,0.193679,0.101136,-0.086347,0.102303,-0.001264,0.343075,0.095974,0.268476,0.133430,-0.056412,0.065312,0.243153,0.025651,-0.111157,0.097645,0.182101,0.085331,-0.006070,-0.043931,-0.020991,0.240720,0.145885,-0.124723,0.069391,-0.020672,-0.002721,0.397296,-0.009801,0.150435,0.120264,-0.007161,-0.129656,0.114999,0.092243,0.162657,0.258565,0.138040,-0.091826,-0.174327,-0.020088,0.268732,-0.103950,-0.019440,0.260030,0.087863,0.016352,0.249913,0.130756,0.208741,0.098870,-0.047460,0.016765,-0.189516,0.033785,0.169241,-0.026299,0.064580,0.153237,-0.043517,0.064197,0.111805,0.025162,0.033801,0.159257,0.106017,0.256517,0.220838,-0.081961,-0.100133,0.079338,0.323711,0.094466,0.197808,-0.038919,-0.089464,0.076433,0.139660,-0.001107,0.208244,0.080572,0.319253,0.160440,0.210609,0.181915,0.257778,0.037960,0.087688,0.274169,-0.024441,-0.021328,0.168023,-0.113500,0.115039,-0.046960,0.197551,0.273057,0.264110,0.109062,0.101066,-0.087204,-0.135774,0.080554,0.122761,0.276850,0.081237,0.018510,-0.037098,0.059952,0.273234,-0.045542,0.053045,-0.098622,0.026829,-0.018660,-0.010874,0.104379,0.191076,0.006308,0.036901,0.278415,0.367845,0.209193,0.099936,0.166878,0.047155,0.037966,0.045653,0.289012,-0.027605,0.025419,-0.143805,0.068444,0.227388,0.248670,0.188701,0.181394,0.034470,0.277381,-0.010468,0.162335,#
18,0.080944,-0.079430,0.056478,0.302540,0.101943,-0.164158,-0.000991,-0.014474,0.061035,0.249078,-0.101553,0.113747,0.105246,0.141117,0.330321,0.098852,-0.175590,-0.147183,1.000000,0.217054,-0.026863,0.151894,0.140606,0.163200,-0.029614,0.001713,-0.111314,0.189446,0.034486,-0.030961,-0.077509,0.046269,0.135275,0.016729,0.156439,-0.000333,-0.029300,0.066998,-0.016503,0.305427,0.058823,-0.243573,0.092228,-0.164048,0.278777,-0.043984,0.071184,-0.132863,-0.372471,0.054917,-0.122590,-0.053026,0.104964,0.122389,0.231498,0.113899,-0.005006,0.086927,-0.079528,0.159979,0.172704,-0.035173,0.228931,-0.038730,0.171704,0.007093,-0.011244,-0.210860,-0.282692,0.086960,0.112883,-0.027004,0.094036,0.031155,0.168283,-0.039449,0.226606,0.052206,0.065693,0.201156,0.062576,0.005829,0.077877,-0.000593,-0.009906,-0.131513,-0.035975,0.124963,-0.022710,0.007033,0.150371,-0.148149,-0.061404,-0.123034,0.030370,-0.036525,0.186532,0.000472,-0.146000,0.058342,0.242501,0.219348,0.131336,0.069192,0.285132,0.065419,-0.015377,-0.215633,-0.254223,-0.105275,0.241903,-0.121078,0.339112,0.157758,-0.122243,-0.023753,-0.070009,-0.080568,-0.087565,-0.070032,-0.002617,0.116383,0.118461,-0.220502,-0.026361,-0.193185,-0.168636,0.225620,0.179669,-0.052071,-0.212166,0.249196,-0.085493,0.299256,0.079288,0.132119,-0.120582,0.130743,-0.052504,-0.069873,-0.190697,0.081307,0.141084,0.219020,-0.046180,0.180770,0.151545,0.042257,-0.176875,0.136507,-0.125032,0.054498,0.031543,0.027320,-0.192388,0.076762,-0.023736,0.011412,0.020010,0.209559,0.125296,0.060171,0.056373,0.175230,0.024181,0.274168,0.118767,-0.057252,0.051361,0.240267,-0.148380,0.005775,0.218033,0.137061,-0.007289,0.192848,0.012744,0.025073,-0.028806,0.090333,-0.058292,0.048095,-0.035794,-0.014643,0.153160,-0.230150,0.307348,-0.239654,-0.048756,-0.048002,0.107220,0.043920,0.209937,0.359983,0.065240,-0.018733,-0.004576,-0.078437,0.140657,-0.041291,#
19,0.213681,0.073656,0.073292,0.019356,0.170121,0.354960,-0.109537,0.009542,0.084728,0.180011,0.092756,-0.120524,0.109733,0.004643,0.084200,0.146603,0.251520,-0.141907,0.217054,1.000000,-0.014729,-0.137696,0.168250,0.153760,0.054732,-0.062866,0.078374,0.096150,-0.114335,0.152708,0.185064,0.012390,0.005376,0.082577,-0.087546,-0.054040,0.168778,-0.081980,0.197738,0.207637,0.065999,-0.112326,-0.082692,-0.087742,0.094148,0.105058,0.217219,-0.062993,0.180180,0.056331,-0.281392,0.058654,-0.105671,0.156142,0.075499,0.096331,0.025341,-0.060740,0.190001,0.094357,0.202279,0.375389,0.200962,0.092157,0.091041,-0.069557,-0.145176,0.033655,-0.166485,-0.083419,0.188225,-0.098592,0.095826,0.058818,0.139575,0.198299,0.181475,0.074295,0.319764,0.148529,0.007364,-0.079507,0.195162,0.102155,-0.032933,0.122110,-0.146227,0.320196,0.120652,-0.230441,-0.034377,-0.036319,0.161134,-0.099274,-0.016164,0.030331,0.074658,0.140863,-0.079671,0.090161,0.199419,0.091422,0.039505,0.151974,0.216363,0.387378,0.123673,0.082889,0.002592,-0.163874,-0.150554,0.040184,0.135373,-0.007722,-0.017878,0.047550,0.287170,0.033785,0.015822,-0.312963,-0.117975,0.157846,0.023348,0.010546,0.118662,-0.098156,0.337774,-0.024334,0.115096,0.025841,0.005433,-0.012105,-0.219368,0.214083,0.349067,-0.074498,0.085551,0.076567,-0.250295,-0.191506,-0.184547,-0.064766,0.092704,0.007926,0.053890,0.035305,0.084212,-0.041211,0.082234,0.148982,0.091853,0.279738,0.151470,-0.062780,-0.080407,0.228978,0.109872,0.053121,0.184659,0.301294,0.228619,-0.040425,0.014489,-0.120710,0.269233,0.126954,0.018777,0.196626,0.182849,-0.059377,-0.096132,0.096206,0.367870,0.277962,-0.040444,-0.021503,0.006957,0.222894,0.221558,0.019640,-0.098915,0.156945,0.133267,0.261855,0.250161,-0.119678,0.034292,-0.073752,0.071333,-0.011291,0.203158,0.213048,0.028813,0.159007,-0.115361,0.191990,-0.313625,0.086480,0.290208,0.105689,#
20,-0.154580,-0.346436,0.224482,0.058152,0.393434,-0.064599,0.258867,-0.021626,-0.120703,0.244745,0.100895,0.070536,0.003131,0.296809,0.124595,0.190016,0.143997,0.118536,-0.026863,-0.014729,1.000000,0.159827,-0.012188,0.129614,0.030828,0.335347,0.149184,-0.062892,-0.028866,0.215937,-0.025232,-0.052922,-0.030056,0.253557,0.307708,0.297186,0.179873,0.096026,0.309439,0.176521,-0.175148,0.136312,0.081143,-0.102427,0.357134,0.169836,0.145971,-0.200010,-0.213010,0.031153,-0.263861,0.109921,-0.147841,0.328772,0.215476,0.172177,0.128747,0.115239,0.103239,0.113840,0.260199,0.077419,0.071069,0.028482,0.033187,-0.043007,-0.003627,-0.006331,-0.161041,0.105687,0.335995,0.143448,-0.105227,0.045481,0.263025,-0.016159,-0.152713,0.024789,-0.101773,0.038991,0.273817,0.248619,0.096865,-0.152913,0.088365,0.128547,0.018159,0.183285,-0.007636,-0.091969,0.107114,-0.006667,0.034915,0.049699,0.247860,-0.275728,0.108861,0.219365,0.125866,0.032999,0.073668,0.097623,0.404667,-0.080786,0.179006,-0.016901,0.199295,-0.079951,-0.158158,0.264631,0.184403,0.180757,0.038070,-0.041488,0.019765,0.005387,0.269595,0.163771,-0.017509,0.172166,0.195131,0.075215,0.014575,0.180436,-0.002604,-0.046432,0.142371,0.001603,0.330497,0.183639,0.233884,-0.094588,0.094921,0.245631,0.026839,-0.094326,-0.189132,-0.179075,0.077792,0.116076,-0.059956,0.207080,0.218491,-0.050401,-0.074937,0.057835,0.104075,0.122466,-0.006743,0.206421,0.192834,0.042970,0.124781,0.316364,0.073787,0.080563,-0.017393,-0.189273,0.169034,0.148695,-0.054421,0.136058,0.098996,-0.022142,0.096193,-0.151479,0.063501,0.040091,0.121745,0.022300,0.044337,-0.139632,-0.050150,0.087504,-0.004838,0.074645,-0.174041,0.060874,0.230413,0.041925,0.072550,0.044808,0.072310,0.040296,0.128900,-0.052078,-0.102919,0.082215,-0.075593,0.367657,-0.239415,0.018829,0.048477,0.325977,0.006842,-0.006563,-0.034034,0.145957,0.277831,0.217265,#
