0,1.0,0.242148,0.397621,-0.578987,-0.174567,0.100456,0.100456,0.100456,-0.148006,0.421327,0.057088,-0.253613,0.253613,0.421327,0.253861,0.587032,-0.408064,-0.148006,0.279819,-0.408162,0.342289,-0.163796,0.093089,-0.525498,-0.396118,-0.804509,-0.012799,-0.51844,0.66608,0.621817,0.478123,0.097997,0.116083,-0.272108,-0.03262,0.60228,0.597857,-0.328956,-0.169265,-0.121602,0.358609,0.473889,-0.109884,-0.128321,0.121505,-0.478812,-0.501332,0.245861,0.253978,0.253645,-0.204248,0.024212,0.401921,0.094292,0.445377,-0.001264,-0.34578,-0.436491,-0.603514,0.265729,0.68199,0.417679,-0.000965,-0.182649,0.408019,0.191874,-0.092763,0.595246,-0.584733,0.17452,0.346723,-0.159159,-0.401565,-0.128376,0.016737,0.318932,-0.283134,-0.408162,-0.461518,0.193198,0.031237,-0.797719,-0.238482,0.346921,-0.253769,-0.232338,-0.563168,-0.164959,-0.457589,0.135126,-0.392018,-0.212884,0.016737,0.041928,-0.164959,-0.402185,-0.497237,-0.093154,0.179053,-0.093154,0.397463,-0.068143,-0.57873,0.116083,-0.402185,-0.402404,0.016737,0.336762,-0.408162,0.346921,0.475175,0.621605,-0.333243,-0.093154,0.310307,0.14756,-0.408162,-0.563168,-0.164959,-0.39501,-0.407954,0.109485,-0.142997,-0.093154,-0.281544,-0.445999,-0.639353,0.357408,-0.870942,-0.272108,0.382717,-0.461518,-0.040222,0.001567,-0.582857,-0.407954,-0.408064,0.174275,0.523542,-0.57873,-0.076811,0.318781,-0.076811,0.3701,-0.19474,-0.201641,-0.272108,0.410195,-0.423673,-0.534138,0.04729,-0.558567,-0.033671,-0.815913,0.195836,0.135126,0.359939,0.344373,-0.423673,-0.068143,0.758491,-0.247833,0.05114,-0.437429,0.195836,-0.106091,-0.666196,-0.302909,-0.408162,-0.534128,0.197789,0.390603,-0.666196,0.071527,-0.191132,-0.110817,-0.205344,0.490211,0.224209,-0.247833,0.230725,-0.196572,-0.406678,0.544452,0.371077,0.43636,0.609644,-0.110817,-0.370905,0.380536,-0.423673,-0.186689,0.371077,0.303372,-0.211945,0.068074,-0.148959,-0.139025,0.014198,0.391885,#
1,0.242148,1.0,-0.202418,-0.308999,-0.275234,-0.153225,-0.153225,-0.153225,-0.24946,0.335374,-0.182059,0.296103,0.443144,0.335374,0.41563,0.294265,-0.641144,-0.24946,0.075174,0.180199,0.23588,-0.263048,0.55229,0.201981,-0.308731,-0.342498,-0.251404,-0.146065,-0.277468,0.180162,0.499165,0.429578,0.180199,0.120133,-0.148539,0.118299,0.509731,-0.120487,-0.258378,0.212597,0.235875,0.641547,-0.140118,-0.280743,0.45236,-0.168097,0.5303,-0.317622,0.125611,-0.081831,0.388934,-0.071667,0.120133,-0.170273,-0.15803,-0.007157,-0.252793,-0.313846,-0.208001,-0.132158,0.363341,0.158076,-0.315062,-0.143923,0.685214,-0.222337,-0.303329,-0.317733,-0.233966,-0.24429,-0.001216,-0.146996,0.177287,-0.161296,-0.30471,-0.089524,-0.378222,0.180199,-0.272939,0.466044,-0.172443,-0.205587,0.320538,-0.169193,0.267991,-0.359807,-0.241007,-0.106851,-0.333275,0.266696,-0.278691,-0.28172,-0.330729,-0.206492,-0.140358,-0.252322,-0.184862,0.179761,-0.056393,0.179761,-0.152775,-0.466548,-0.294498,0.180199,-0.252322,-0.337028,-0.330729,0.351865,0.212378,-0.135945,0.34961,0.180199,-0.205587,0.179761,-0.197945,-0.442578,0.212378,-0.214262,-0.140358,-0.241646,0.148864,0.236588,-0.294498,0.179761,-0.239915,-0.090636,0.440677,0.950509,-0.218425,0.120133,0.305688,0.333426,-0.35339,-0.247723,-0.236187,-0.632214,0.148616,0.241717,-0.329319,-0.267753,0.235936,0.379147,0.235936,-0.120487,-0.135945,0.661473,0.120133,-0.009503,-0.083924,-0.466548,-0.226223,-0.197969,0.358697,0.361663,-0.105256,0.239727,0.352674,-0.160772,-0.083924,-0.466548,0.367949,-0.413068,0.179276,0.094774,-0.105256,0.240839,-0.333177,0.264207,0.212378,-0.507579,-0.053524,0.416176,-0.359807,-0.252322,-0.204178,-0.188625,-0.287269,0.523963,-0.236774,-0.413068,0.340408,-0.20999,-0.592566,0.264646,-0.138057,-0.360737,0.410803,-0.155662,-0.18308,0.360764,-0.083924,0.339278,-0.138057,0.446123,0.344531,0.179276,-0.123739,-0.124028,0.460388,0.260817,#
2,0.397621,-0.202418,1.0,0.114452,0.092774,-0.371827,-0.371827,-0.371827,0.058371,-0.01386,-0.357434,-0.104977,-0.436985,-0.01386,0.077176,-0.123614,-0.371071,0.097485,-0.3375,-0.38322,0.302652,0.049762,-0.345377,-0.260331,0.520842,-0.043307,0.205608,-0.22352,0.073919,0.208556,0.188801,0.106639,-0.38322,0.15455,-0.326626,0.278857,-0.364918,-0.217777,0.587801,-0.220618,0.283365,-0.141949,-0.26423,0.244545,0.186417,0.198277,-0.411323,0.940233,-0.184684,-0.209202,-0.529439,-0.523438,0.123009,0.155888,-0.243629,-0.42593,0.221365,-0.018304,-0.283999,0.646871,0.103524,0.043757,-0.0308,-0.379564,-0.265798,-0.387477,0.091478,0.250862,-0.21927,0.537582,-0.223724,0.335461,0.247562,0.339112,-0.01477,-0.10551,-0.127288,-0.38322,-0.580036,0.062282,0.166234,-0.320666,-0.104299,0.332946,-0.606481,-0.130622,0.094375,0.327473,-0.034921,-0.100232,-0.01477,0.069404,0.50167,0.160609,0.327473,0.193447,-0.312914,0.344826,-0.240519,0.344826,0.323581,0.303375,0.114037,0.231824,0.193447,-0.001934,0.50167,0.591557,-0.998264,0.332946,0.567232,0.25548,0.224257,0.344826,0.534432,0.397303,-0.38322,0.094375,0.327473,0.171454,0.254674,0.400117,0.114037,0.344826,0.200945,-0.229283,-0.450569,-0.21053,-0.361205,0.15455,0.484191,-0.029133,0.484532,-0.024899,-0.406686,0.231706,-0.371998,0.417197,0.741617,0.114037,-0.212677,0.004915,0.324177,0.602355,-0.30253,-0.296805,-0.665509,-0.086223,-0.165472,0.324402,-0.136844,-0.309226,-0.041892,-0.494018,-0.252826,0.435073,0.113837,0.109662,-0.165472,0.324402,0.546705,-0.111045,0.209241,-0.322939,-0.220436,-0.223489,-0.639624,-0.163334,-0.38322,-0.233599,-0.214315,-0.073162,-0.111045,0.172071,-0.438809,0.386377,-0.426953,0.219002,0.040956,0.417534,-0.135272,-0.490679,-0.412108,0.404134,-0.314046,0.890452,0.03747,-0.267906,0.259679,-0.531033,-0.165472,-0.031177,-0.314046,0.668278,-0.278075,0.25631,-0.293281,-0.307053,0.208092,-0.217917,#
3,-0.578987,-0.308999,0.114452,1.0,0.133077,-0.552335,-0.552335,-0.552335,0.155709,-0.40224,-0.121293,-0.182801,-0.666564,-0.40224,-0.242133,-0.575216,-0.101804,0.155709,-0.425985,0.408067,-0.358831,0.172261,-0.542949,0.537227,0.377046,0.799176,0.44476,-0.018317,-0.266385,-0.611974,-0.107639,0.301812,-0.092392,0.259212,0.05187,-0.113068,-0.568147,0.341472,0.161248,0.065154,-0.358594,-0.435747,-0.366599,0.404586,0.348245,0.621204,-0.011989,0.329945,0.020663,-0.320257,-0.584592,-0.559366,-0.408067,-0.510626,-0.387013,-0.535731,0.808493,0.369225,0.636547,0.370251,-0.241893,-0.473371,0.00273,-0.352808,-0.386441,-0.230122,0.120483,-0.129872,0.409627,0.419774,-0.235817,0.152156,0.382534,0.124066,-0.016515,-0.255273,0.271802,0.408067,0.025488,-0.63844,-0.042817,0.793386,-0.182309,0.172141,0.257747,0.236379,0.566705,-0.380042,0.454193,-0.142503,0.388147,0.628245,0.388147,-0.036427,0.161126,0.855254,0.510973,0.525884,-0.189603,0.525884,-0.457305,0.063971,0.998667,-0.111641,0.855254,0.398484,0.388147,-0.029299,-0.092392,-0.364832,-0.023799,-0.6121,0.33293,0.525884,0.374384,0.289778,-0.111641,0.134744,0.161126,0.376869,0.407309,0.312375,0.582704,0.525884,0.302176,0.453296,0.205145,-0.31391,0.760352,0.259212,0.034087,0.457714,0.442564,-0.428185,0.571379,0.38862,0.427213,0.242031,-0.027038,0.566705,0.089047,-0.015763,0.072246,-0.351533,0.172141,0.07576,0.284877,-0.401061,0.430629,0.508824,0.190884,0.553733,0.034087,0.402846,-0.180832,0.27694,0.111098,-0.725225,0.430629,0.063971,-0.442465,0.666482,-0.065806,0.446643,-0.180832,0.119589,0.236379,0.309265,-0.111641,0.542722,-0.184946,-0.34095,0.650553,0.403035,-0.205843,0.638646,0.214387,-0.482366,-0.211702,0.650553,-0.20721,-0.211702,-0.120105,-0.139806,-0.350845,0.133265,-0.201109,0.125977,0.356142,-0.375657,0.430629,-0.091077,-0.350845,0.132666,-0.307994,-0.065806,0.145482,0.135289,0.446664,-0.796992,#
4,-0.174567,-0.275234,0.092774,0.133077,1.0,-0.077003,-0.077003,-0.077003,-0.273277,-0.416598,-0.100166,-0.148716,-0.223701,-0.416598,-0.670296,-0.574152,0.426622,-0.273277,-0.390439,-0.611296,-0.800182,-0.248843,-0.052677,0.027807,-0.023344,-0.075014,0.173635,0.149563,-0.296403,-0.082433,-0.568249,-0.474255,-0.091894,-0.407531,0.064567,-0.150875,-0.10948,-0.359937,0.177771,0.544555,-0.340788,-0.328702,0.144475,-0.249994,-0.61575,0.475063,0.032832,0.139967,-0.120872,0.384833,-0.256804,0.008611,-0.407531,0.541457,0.057168,-0.296691,0.309592,0.403644,0.162701,-0.354147,-0.273267,-0.418191,0.001159,-0.210984,-0.367738,0.296158,0.980525,-0.19807,0.434051,-0.325726,-0.265107,-0.445972,-0.173596,0.658408,0.403197,0.387365,-0.595228,-0.611296,-0.374408,-0.145325,-0.47973,0.333143,0.290339,-0.36511,-0.166374,-0.177543,0.151467,0.203281,0.016384,-0.142316,-0.000628,-0.249237,0.387044,-0.512267,-0.358371,-0.101589,0.502581,0.071493,-0.162675,0.071493,0.073466,0.080993,0.118258,-0.091894,-0.101589,0.382536,0.387044,-0.369245,-0.071917,0.192187,-0.024105,-0.091894,0.793328,0.071493,-0.045825,0.197377,-0.071917,0.599778,-0.358371,0.380066,-0.126076,-0.13356,0.549966,0.071493,0.762599,0.454205,-0.198678,-0.321339,0.320576,-0.407531,0.033732,-0.391056,0.008509,-0.396531,0.15897,-0.126076,-0.121635,0.241405,-0.015264,0.56657,0.106368,-0.809185,0.106368,0.33266,-0.344469,-0.425186,-0.407531,0.183669,0.431569,0.080993,0.192761,0.009613,-0.361179,0.015525,-0.205912,-0.159059,-0.308363,0.056806,0.431569,0.542684,-0.184453,-0.210608,-0.608163,0.454007,0.505283,-0.36009,-0.16101,-0.166047,-0.071917,0.054698,0.388488,-0.403282,-0.177543,-0.101589,0.159094,0.086406,0.181651,0.364975,-0.285341,0.219242,-0.281813,0.163622,0.427973,0.228611,0.065494,0.091663,-0.70454,0.10687,0.353123,-0.415957,0.431569,0.336448,0.065494,0.05875,0.046229,0.425317,-0.458264,0.15513,-0.516088,0.150215,#
5,0.100456,-0.153225,-0.371827,-0.552335,-0.077003,1.0,1.0,1.0,0.328804,0.649538,0.088544,0.097636,0.816541,0.649538,0.34556,0.543813,0.33211,0.328804,0.655495,-0.214985,-0.048515,0.336737,0.540081,0.040979,-0.2437,-0.16533,0.005352,0.277433,0.377304,0.332948,-0.376217,-0.172775,0.333016,-0.508658,-0.23697,-0.192872,0.156773,-0.124337,-0.13653,-0.475646,-0.048766,0.171469,0.762149,0.105222,-0.361883,-0.626565,-0.100756,-0.463453,0.263283,0.546775,0.337873,0.949416,0.222011,0.333556,0.755198,0.934062,-0.466477,-0.63315,-0.29258,-0.22901,0.351506,0.288251,-0.234625,0.782725,-0.29599,0.701378,-0.032373,0.472131,-0.535919,-0.061372,0.345751,0.149028,-0.750655,-0.38734,-0.219563,0.466289,0.059843,-0.214985,0.20727,-0.103912,-0.005328,-0.45689,-0.33386,-0.400216,-0.33386,0.073551,-0.129052,0.158874,0.167426,-0.358206,-0.236606,-0.592107,-0.679709,0.47102,0.136927,-0.510097,-0.18246,-0.998984,-0.271618,-0.998984,0.243197,-0.069008,-0.584531,-0.214985,-0.510097,-0.245835,-0.679709,-0.263865,0.354093,-0.378439,-0.717024,0.333016,-0.45689,-0.998984,-0.106801,-0.41911,-0.193908,-0.111534,0.136927,-0.532676,-0.250989,-0.869978,-0.129052,-0.998984,-0.377102,-0.285243,-0.11202,-0.08803,-0.38495,-0.508658,-0.691243,-0.266992,-0.72369,0.219161,-0.537891,-0.250989,0.312278,-0.798511,-0.455973,-0.567012,-0.042314,-0.23134,-0.520649,-0.124337,-0.378439,-0.255336,0.222011,0.499769,-0.272945,-0.55612,-0.274029,-0.204285,-0.239866,-0.219563,0.436905,-0.83516,-0.110185,0.769851,-0.272945,-0.069008,-0.26571,-0.379967,-0.263446,-0.447126,0.436905,0.392142,0.090994,0.1052,-0.193908,0.399722,0.444937,-0.250078,-0.379967,-0.014919,0.774675,-0.398239,0.328933,0.010499,0.779181,-0.833486,0.575505,0.796725,0.306772,-0.391518,0.751004,-0.171061,-0.120278,0.184725,-0.421404,0.222433,-0.272945,-0.044855,0.751004,-0.590407,-0.19079,-0.263446,0.178866,-0.354822,-0.504014,0.45076,#
6,0.100456,-0.153225,-0.371827,-0.552335,-0.077003,1.0,1.0,1.0,0.328804,0.649538,0.088544,0.097636,0.816541,0.649538,0.34556,0.543813,0.33211,0.328804,0.655495,-0.214985,-0.048515,0.336737,0.540081,0.040979,-0.2437,-0.16533,0.005352,0.277433,0.377304,0.332948,-0.376217,-0.172775,0.333016,-0.508658,-0.23697,-0.192872,0.156773,-0.124337,-0.13653,-0.475646,-0.048766,0.171469,0.762149,0.105222,-0.361883,-0.626565,-0.100756,-0.463453,0.263283,0.546775,0.337873,0.949416,0.222011,0.333556,0.755198,0.934062,-0.466477,-0.63315,-0.29258,-0.22901,0.351506,0.288251,-0.234625,0.782725,-0.29599,0.701378,-0.032373,0.472131,-0.535919,-0.061372,0.345751,0.149028,-0.750655,-0.38734,-0.219563,0.466289,0.059843,-0.214985,0.20727,-0.103912,-0.005328,-0.45689,-0.33386,-0.400216,-0.33386,0.073551,-0.129052,0.158874,0.167426,-0.358206,-0.236606,-0.592107,-0.679709,0.47102,0.136927,-0.510097,-0.18246,-0.998984,-0.271618,-0.998984,0.243197,-0.069008,-0.584531,-0.214985,-0.510097,-0.245835,-0.679709,-0.263865,0.354093,-0.378439,-0.717024,0.333016,-0.45689,-0.998984,-0.106801,-0.41911,-0.193908,-0.111534,0.136927,-0.532676,-0.250989,-0.869978,-0.129052,-0.998984,-0.377102,-0.285243,-0.11202,-0.08803,-0.38495,-0.508658,-0.691243,-0.266992,-0.72369,0.219161,-0.537891,-0.250989,0.312278,-0.798511,-0.455973,-0.567012,-0.042314,-0.23134,-0.520649,-0.124337,-0.378439,-0.255336,0.222011,0.499769,-0.272945,-0.55612,-0.274029,-0.204285,-0.239866,-0.219563,0.436905,-0.83516,-0.110185,0.769851,-0.272945,-0.069008,-0.26571,-0.379967,-0.263446,-0.447126,0.436905,0.392142,0.090994,0.1052,-0.193908,0.399722,0.444937,-0.250078,-0.379967,-0.014919,0.774675,-0.398239,0.328933,0.010499,0.779181,-0.833486,0.575505,0.796725,0.306772,-0.391518,0.751004,-0.171061,-0.120278,0.184725,-0.421404,0.222433,-0.272945,-0.044855,0.751004,-0.590407,-0.19079,-0.263446,0.178866,-0.354822,-0.504014,0.45076,#
7,0.100456,-0.153225,-0.371827,-0.552335,-0.077003,1.0,1.0,1.0,0.328804,0.649538,0.088544,0.097636,0.816541,0.649538,0.34556,0.543813,0.33211,0.328804,0.655495,-0.214985,-0.048515,0.336737,0.540081,0.040979,-0.2437,-0.16533,0.005352,0.277433,0.377304,0.332948,-0.376217,-0.172775,0.333016,-0.508658,-0.23697,-0.192872,0.156773,-0.124337,-0.13653,-0.475646,-0.048766,0.171469,0.762149,0.105222,-0.361883,-0.626565,-0.100756,-0.463453,0.263283,0.546775,0.337873,0.949416,0.222011,0.333556,0.755198,0.934062,-0.466477,-0.63315,-0.29258,-0.22901,0.351506,0.288251,-0.234625,0.782725,-0.29599,0.701378,-0.032373,0.472131,-0.535919,-0.061372,0.345751,0.149028,-0.750655,-0.38734,-0.219563,0.466289,0.059843,-0.214985,0.20727,-0.103912,-0.005328,-0.45689,-0.33386,-0.400216,-0.33386,0.073551,-0.129052,0.158874,0.167426,-0.358206,-0.236606,-0.592107,-0.679709,0.47102,0.136927,-0.510097,-0.18246,-0.998984,-0.271618,-0.998984,0.243197,-0.069008,-0.584531,-0.214985,-0.510097,-0.245835,-0.679709,-0.263865,0.354093,-0.378439,-0.717024,0.333016,-0.45689,-0.998984,-0.106801,-0.41911,-0.193908,-0.111534,0.136927,-0.532676,-0.250989,-0.869978,-0.129052,-0.998984,-0.377102,-0.285243,-0.11202,-0.08803,-0.38495,-0.508658,-0.691243,-0.266992,-0.72369,0.219161,-0.537891,-0.250989,0.312278,-0.798511,-0.455973,-0.567012,-0.042314,-0.23134,-0.520649,-0.124337,-0.378439,-0.255336,0.222011,0.499769,-0.272945,-0.55612,-0.274029,-0.204285,-0.239866,-0.219563,0.436905,-0.83516,-0.110185,0.769851,-0.272945,-0.069008,-0.26571,-0.379967,-0.263446,-0.447126,0.436905,0.392142,0.090994,0.1052,-0.193908,0.399722,0.444937,-0.250078,-0.379967,-0.014919,0.774675,-0.398239,0.328933,0.010499,0.779181,-0.833486,0.575505,0.796725,0.306772,-0.391518,0.751004,-0.171061,-0.120278,0.184725,-0.421404,0.222433,-0.272945,-0.044855,0.751004,-0.590407,-0.19079,-0.263446,0.178866,-0.354822,-0.504014,0.45076,#
8,-0.148006,-0.24946,0.058371,0.155709,-0.273277,0.328804,0.328804,0.328804,1.0,0.410566,-0.535276,-0.187493,0.156306,0.410566,0.60503,0.266122,-0.105501,0.572801,0.305308,0.421326,0.112302,0.998863,-0.099877,0.17681,-0.031168,0.487198,0.635055,0.656417,0.188657,0.421238,-0.02959,-0.126767,0.421325,0.280884,0.175713,-0.611503,-0.470876,-0.214551,0.56639,-0.800097,0.551501,0.037081,0.128679,0.890097,-0.019462,-0.217169,0.175543,0.124356,0.401475,-0.287006,-0.038678,0.161339,0.280884,-0.267549,0.120261,0.387442,0.348337,-0.415574,0.047533,0.425675,0.172508,0.283649,-0.022802,0.468473,-0.380925,0.089368,-0.227455,0.2673,-0.394628,0.413099,0.234851,0.566823,-0.011095,0.040165,-0.00857,-0.274881,0.280163,0.421326,0.392534,-0.244434,0.372759,-0.120908,-0.155778,0.107005,-0.155778,0.672147,0.570435,0.07611,0.371621,-0.564473,0.409239,0.139158,-0.00857,0.822573,0.614167,0.311873,0.213542,-0.350416,-0.275329,-0.350416,0.093582,0.53468,0.140957,0.421326,0.311873,-0.033579,-0.00857,-0.191387,-0.095394,-0.42688,-0.228358,-0.095394,-0.120908,-0.350416,0.252422,0.22411,-0.095394,0.140957,0.614167,-0.198583,0.401814,-0.20366,0.140957,-0.350416,-0.051297,0.338558,0.139158,-0.176979,-0.074155,0.280884,-0.01255,0.392534,-0.038094,-0.09943,-0.260823,0.401814,0.401745,-0.155778,-0.106911,-0.288521,0.100614,-0.158378,0.100614,-0.214551,-0.42688,-0.386341,0.280884,-0.458112,-0.26845,0.075373,0.11728,-0.280967,0.413061,-0.00857,0.388532,-0.564473,0.536873,0.006368,-0.26845,0.075373,-0.007641,0.244517,0.419166,-0.159781,-0.31899,0.069163,0.244517,0.273036,-0.095394,0.517344,-0.342171,-0.447019,0.244517,0.778785,0.132752,0.110842,-0.252302,-0.578258,0.566633,-0.183114,0.587641,0.566633,-0.156924,-0.615595,0.069446,0.0247,0.161362,0.110842,-0.532763,-0.405881,-0.26845,-0.710213,0.069446,0.052354,-0.354033,-0.141639,0.096187,0.070969,-0.09746,0.128091,#
9,0.421327,0.335374,-0.01386,-0.40224,-0.416598,0.649538,0.649538,0.649538,0.410566,1.0,-0.192984,-0.024688,0.800596,1.0,0.811028,0.828956,-0.49976,0.410566,0.495675,0.003875,0.219167,0.410157,0.637786,0.297099,-0.193637,-0.143178,0.259985,-0.004569,0.452559,0.507525,0.264663,0.412171,0.50763,-0.333253,-0.435989,0.024001,0.281584,-0.271173,-0.022332,-0.653395,0.218931,0.41699,0.511336,0.378583,0.27148,-0.751383,-0.040422,-0.183561,0.387619,0.349606,0.135947,0.540081,0.33842,-0.127681,0.541026,0.645157,-0.229276,-0.998177,-0.476882,0.364631,0.81642,0.385225,-0.609201,0.443321,0.015474,0.348426,-0.383055,0.586514,-0.903736,0.426821,0.238103,0.456396,-0.4918,-0.564241,-0.591929,0.359774,-0.005583,0.003875,-0.22552,-0.050096,0.190029,-0.67387,-0.404986,-0.042484,-0.404986,0.017905,-0.005726,-0.076554,0.169344,-0.439346,-0.184602,-0.439144,-0.591929,0.624528,0.448003,-0.270297,-0.401935,-0.654496,-0.395752,-0.654496,0.006409,-0.206382,-0.424428,0.003875,-0.270297,-0.624982,-0.591929,0.226911,0.003875,-0.562975,-0.203867,0.50763,-0.67387,-0.654496,0.386854,-0.451428,-0.49988,-0.424428,0.448003,-0.790404,-0.029325,-0.473493,-0.005726,-0.654496,-0.629855,-0.400249,-0.053213,0.385281,-0.646514,-0.333253,-0.23433,0.155729,-0.645343,-0.180986,-0.808851,-0.499625,0.488517,-0.404986,-0.279936,-0.84313,0.22493,0.255288,-0.214783,-0.271173,-0.562975,0.006171,0.33842,0.410931,-0.381472,-0.654164,-0.308508,-0.437069,0.180602,-0.222028,0.246873,-0.439346,0.382059,0.449485,-0.381472,-0.206382,0.211816,-0.398995,-0.041706,-0.498934,0.246873,0.63473,-0.398995,0.423111,-0.49988,0.216685,0.309245,-0.190664,-0.398995,0.184899,0.401225,-0.031977,-0.041912,0.182259,0.831955,-0.815896,0.914688,0.412645,-0.523009,-0.032867,0.505554,0.040498,0.379868,-0.031977,-0.613851,0.204072,-0.381472,-0.090631,0.505554,0.02244,-0.375169,-0.041706,-0.003854,-0.527148,0.147909,0.251016,#
10,0.057088,-0.182059,-0.357434,-0.121293,-0.100166,0.088544,0.088544,0.088544,-0.535276,-0.192984,1.0,-0.310341,-0.033892,-0.192984,-0.518443,0.103732,0.337877,-0.535276,-0.082812,-0.211743,-0.043195,-0.54426,0.111527,-0.077438,-0.219431,-0.268806,-0.250626,-0.402111,0.321684,-0.221707,0.004399,0.152161,-0.211743,-0.508183,0.159456,0.297836,0.504563,0.455146,-0.552869,0.427735,-0.530357,-0.351077,0.219678,-0.584122,0.0,-0.235129,-0.342437,-0.427337,-0.444276,0.520952,0.086753,0.091273,0.225859,-0.189808,0.199612,-0.052987,-0.457098,0.199516,0.280524,-0.258688,-0.103673,0.237572,0.198584,-0.286124,0.22017,0.10523,-0.135991,0.157868,0.090032,-0.209418,-0.187865,-0.271676,-0.296493,-0.363863,-0.246354,0.491607,0.067021,-0.211743,0.216658,-0.094083,0.007494,0.048985,-0.328486,0.139774,0.086444,-0.374809,-0.534822,-0.344204,0.219304,0.072958,-0.229233,0.308634,-0.263475,-0.478487,-0.366252,0.005315,-0.407472,-0.07393,0.443057,-0.07393,-0.336197,-0.553145,-0.11244,-0.762274,0.005315,-0.231775,-0.263475,-0.057884,0.359963,0.161652,-0.256549,-0.211743,-0.43878,-0.07393,-0.073404,-0.371629,-0.190568,-0.517223,-0.366252,0.074943,-0.761885,0.040332,-0.11244,-0.07393,-0.486398,-0.250362,-0.059543,-0.241599,0.030612,-0.508183,-0.267425,-0.217639,0.163719,0.228473,0.342033,-0.247915,-0.2009,-0.380352,0.043307,-0.094841,-0.036965,0.424441,-0.517508,-0.278961,0.730472,0.222296,0.225859,0.541406,-0.237814,-0.063784,0.272337,0.134636,-0.232544,-0.171211,-0.278655,0.055211,-0.423085,-0.00106,-0.237814,-0.063784,-0.215334,0.045756,-0.260449,-0.244398,0.475163,-0.043694,0.098327,0.07503,-0.190568,-0.045826,0.541409,0.214321,0.080803,-0.492149,-0.055981,-0.374771,0.347791,0.06789,-0.075199,0.045756,-0.297627,-0.057574,0.347839,0.098971,0.22997,-0.147528,-0.087737,-0.35308,-0.015788,0.653816,-0.237814,0.146396,0.22997,-0.537354,0.32108,-0.160866,0.17548,0.17883,0.014987,-0.079264,#
11,-0.253613,0.296103,-0.104977,-0.182801,-0.148716,0.097636,0.097636,0.097636,-0.187493,-0.024688,-0.310341,1.0,0.250923,-0.024688,0.217931,-0.249846,0.111203,0.234148,0.36373,0.101999,0.350263,-0.187814,0.090286,-0.067783,0.407756,0.031323,-0.73713,0.009416,-0.574165,-0.407913,-0.317863,0.034004,-0.407997,0.407997,-0.536408,0.122277,-0.295864,0.343794,-0.176699,-0.047815,-0.082995,0.45372,-0.135917,-0.25614,0.116507,0.29293,0.204907,-0.043217,0.091884,-0.37756,0.333527,0.208563,-0.271998,0.484017,-0.145155,0.362142,-0.37035,0.045166,-0.176159,-0.423195,-0.197296,-0.271234,0.022379,0.456952,-0.097559,-0.076099,-0.13451,-0.380817,0.135947,-0.331424,0.254013,-0.080255,0.182031,-0.074581,0.025024,-0.465509,0.154198,0.101999,0.054127,0.277043,-0.360967,0.086315,0.18258,-0.620617,0.18258,-0.24386,-0.189663,0.420079,-0.421941,0.586355,-0.403209,-0.564097,-0.403209,0.071441,-0.131402,-0.359807,-0.016161,-0.089032,-0.373985,-0.089032,0.438158,-0.080592,-0.189663,0.101999,-0.359807,0.413205,-0.403209,0.299796,0.121614,-0.073411,-0.212724,0.101999,0.086315,-0.089032,-0.618937,-0.224383,0.631611,0.25053,-0.131402,0.087737,0.592638,-0.223427,-0.613553,-0.089032,0.132707,-0.374924,0.273407,0.331239,0.134767,0.407997,-0.392068,-0.001271,-0.387244,0.518673,-0.142537,0.116511,0.072751,-0.249846,-0.401489,0.25053,-0.534193,-0.137137,-0.089032,0.343794,-0.073411,0.474792,-0.271998,-0.180799,0.224445,-0.080592,-0.867128,0.474395,-0.392068,0.399508,0.273059,0.142479,-0.260772,0.343107,0.224445,-0.533922,-0.290948,-0.24386,0.147602,-0.032788,-0.425256,0.336285,0.194439,-0.238901,0.631611,-0.114325,-0.388047,0.416936,-0.24386,-0.359807,0.269668,-0.164099,0.213365,0.110958,-0.163489,-0.24386,-0.166314,-0.147162,0.131543,-0.234669,-0.075687,-0.091357,-0.138068,0.378434,0.571056,0.010976,0.224445,0.534417,-0.075687,-0.063031,0.114837,-0.405906,0.439561,-0.558139,0.060492,-0.100245,#
12,0.253613,0.443144,-0.436985,-0.666564,-0.223701,0.816541,0.816541,0.816541,0.156306,0.800596,-0.033892,0.250923,1.0,0.800596,0.56173,0.666256,-0.092746,0.156306,0.65095,-0.101999,0.083231,0.156024,0.802042,0.164408,-0.407756,-0.353731,-0.119535,0.142559,0.199001,0.407913,-0.052977,0.117125,0.407997,-0.407997,-0.316351,-0.081518,0.440222,-0.178489,-0.281784,-0.314463,0.082995,0.545135,0.597884,-0.056546,-0.042733,-0.659093,0.189598,-0.582572,0.340736,0.460696,0.490244,0.813112,0.271998,0.195866,0.618771,0.836169,-0.555525,-0.775901,-0.383442,-0.264115,0.567227,0.352525,-0.401684,0.614126,0.116172,0.528918,-0.193434,0.2775,-0.644707,-0.173624,0.33103,0.041296,-0.602104,-0.447265,-0.382767,0.387827,-0.178291,-0.101999,0.002179,0.142045,-0.128917,-0.536236,-0.150548,-0.462535,-0.150548,-0.154758,-0.265022,0.05424,-0.039528,-0.173532,-0.398627,-0.702731,-0.811,0.31078,0.033815,-0.595345,-0.269432,-0.80129,-0.304641,-0.80129,0.140455,-0.347553,-0.688911,-0.101999,-0.595345,-0.411423,-0.811,-0.017062,0.427612,-0.442268,-0.445708,0.407997,-0.536236,-0.80129,-0.182585,-0.629248,-0.082384,-0.248718,0.033815,-0.62905,-0.135556,-0.650852,-0.265022,-0.80129,-0.479637,-0.313471,0.134773,0.482805,-0.483162,-0.407997,-0.448077,-0.053219,-0.864216,0.029026,-0.641957,-0.611683,0.388673,-0.582974,-0.602234,-0.672608,0.089032,0.012467,-0.356129,-0.178489,-0.442268,0.149934,0.271998,0.461298,-0.298372,-0.800883,-0.386304,-0.296862,-0.028005,-0.008283,0.35065,-0.617408,0.132714,0.603531,-0.298372,-0.347553,-0.0253,-0.576823,-0.147602,-0.357563,0.35065,0.512631,-0.138524,0.256774,-0.082384,0.080758,0.388047,0.015442,-0.576823,-0.134509,0.583364,-0.454344,0.1506,0.327032,0.583641,-0.998889,0.737672,0.599968,-0.08911,-0.191815,0.626143,-0.334647,0.140126,0.088189,-0.487805,0.417876,-0.298372,0.154265,0.626143,-0.259919,-0.006208,-0.147602,0.101437,-0.413601,-0.171559,0.5472,#
13,0.421327,0.335374,-0.01386,-0.40224,-0.416598,0.649538,0.649538,0.649538,0.410566,1.0,-0.192984,-0.024688,0.800596,1.0,0.811028,0.828956,-0.49976,0.410566,0.495675,0.003875,0.219167,0.410157,0.637786,0.297099,-0.193637,-0.143178,0.259985,-0.004569,0.452559,0.507525,0.264663,0.412171,0.50763,-0.333253,-0.435989,0.024001,0.281584,-0.271173,-0.022332,-0.653395,0.218931,0.41699,0.511336,0.378583,0.27148,-0.751383,-0.040422,-0.183561,0.387619,0.349606,0.135947,0.540081,0.33842,-0.127681,0.541026,0.645157,-0.229276,-0.998177,-0.476882,0.364631,0.81642,0.385225,-0.609201,0.443321,0.015474,0.348426,-0.383055,0.586514,-0.903736,0.426821,0.238103,0.456396,-0.4918,-0.564241,-0.591929,0.359774,-0.005583,0.003875,-0.22552,-0.050096,0.190029,-0.67387,-0.404986,-0.042484,-0.404986,0.017905,-0.005726,-0.076554,0.169344,-0.439346,-0.184602,-0.439144,-0.591929,0.624528,0.448003,-0.270297,-0.401935,-0.654496,-0.395752,-0.654496,0.006409,-0.206382,-0.424428,0.003875,-0.270297,-0.624982,-0.591929,0.226911,0.003875,-0.562975,-0.203867,0.50763,-0.67387,-0.654496,0.386854,-0.451428,-0.49988,-0.424428,0.448003,-0.790404,-0.029325,-0.473493,-0.005726,-0.654496,-0.629855,-0.400249,-0.053213,0.385281,-0.646514,-0.333253,-0.23433,0.155729,-0.645343,-0.180986,-0.808851,-0.499625,0.488517,-0.404986,-0.279936,-0.84313,0.22493,0.255288,-0.214783,-0.271173,-0.562975,0.006171,0.33842,0.410931,-0.381472,-0.654164,-0.308508,-0.437069,0.180602,-0.222028,0.246873,-0.439346,0.382059,0.449485,-0.381472,-0.206382,0.211816,-0.398995,-0.041706,-0.498934,0.246873,0.63473,-0.398995,0.423111,-0.49988,0.216685,0.309245,-0.190664,-0.398995,0.184899,0.401225,-0.031977,-0.041912,0.182259,0.831955,-0.815896,0.914688,0.412645,-0.523009,-0.032867,0.505554,0.040498,0.379868,-0.031977,-0.613851,0.204072,-0.381472,-0.090631,0.505554,0.02244,-0.375169,-0.041706,-0.003854,-0.527148,0.147909,0.251016,#
14,0.253861,0.41563,0.077176,-0.242133,-0.670296,0.34556,0.34556,0.34556,0.60503,0.811028,-0.518443,0.217931,0.56173,0.811028,1.0,0.671795,-0.611967,0.5886,0.486669,0.421326,0.534619,0.596252,0.333501,0.17681,-0.000611,0.088835,0.149836,0.154313,0.204548,0.421238,0.417707,0.351739,0.421325,0.280884,-0.309681,-0.095299,-0.027122,-0.18805,0.166488,-0.800097,0.551501,0.543093,0.109866,0.581826,0.421261,-0.528771,0.175543,-0.007006,0.449962,-0.261326,0.215784,0.250576,0.280884,-0.240557,0.138775,0.525588,-0.078064,-0.80312,-0.457311,0.451505,0.577949,0.308759,-0.407107,0.488104,0.11016,-0.030108,-0.632659,0.285729,-0.711514,0.440551,0.328642,0.586559,-0.011095,-0.442042,-0.387992,-0.250285,0.256691,0.421326,0.001472,0.13133,0.347641,-0.536653,-0.155778,0.078486,-0.155778,0.283808,0.180418,0.047367,-0.024216,-0.194327,0.029818,-0.256706,-0.387992,0.797229,0.585425,-0.112139,-0.263114,-0.350416,-0.31286,-0.350416,0.112917,0.117575,-0.249061,0.421326,-0.112139,-0.417208,-0.387992,0.302514,-0.095394,-0.4554,0.018356,0.401452,-0.536653,-0.350416,0.215776,-0.17982,-0.095394,-0.249061,0.585425,-0.631838,0.401814,-0.20366,-0.249061,-0.350416,-0.479959,-0.297548,0.139158,0.48221,-0.501709,0.280884,-0.01255,0.392534,-0.429155,0.009978,-0.647328,-0.08059,0.401745,-0.155778,-0.183604,-0.678539,0.100614,0.327444,0.100614,-0.18805,-0.4554,0.121591,0.280884,-0.149203,-0.305901,-0.341732,-0.374279,-0.309428,0.413061,-0.00857,0.350737,-0.194327,0.536873,0.205355,-0.305901,-0.341732,0.300453,-0.143823,0.419166,-0.357531,-0.356785,0.512518,-0.143823,0.273036,-0.095394,0.092226,-0.298213,0.0,-0.143823,0.354773,0.159559,0.082566,-0.299338,-0.123116,0.594203,-0.571453,0.755923,0.180643,-0.627157,-0.198101,0.102963,-0.006487,0.578317,0.082566,-0.504267,0.005972,-0.305901,-0.280822,0.102963,0.221599,-0.321277,-0.141639,0.129127,-0.407789,0.304437,0.128091,#
15,0.587032,0.294265,-0.123614,-0.575216,-0.574152,0.543813,0.543813,0.543813,0.266122,0.828956,0.103732,-0.249846,0.666256,0.828956,0.671795,1.0,-0.40815,0.266122,0.415129,0.102062,0.350479,0.258038,0.534146,-0.03047,-0.392314,-0.361423,0.119608,-0.120332,0.698563,0.612246,0.565438,0.223053,0.612372,-0.272165,-0.058164,0.122352,0.579752,-0.337515,-0.17744,-0.533623,0.350238,0.328466,0.425094,0.228944,0.13399,-0.963906,-0.10723,-0.337304,0.249006,0.305967,0.31363,0.476605,0.408248,-0.243971,0.463962,0.522967,-0.353734,-0.815204,-0.59431,0.318357,0.681709,0.474555,-0.421034,0.334705,0.40755,0.229066,-0.551446,0.541364,-0.748587,0.315795,0.250464,0.364878,-0.40165,-0.658425,-0.403457,0.318304,0.154293,0.102062,-0.033078,0.188149,0.490186,-0.793739,-0.25,0.34565,-0.25,0.178315,-0.150809,-0.171223,-0.023916,-0.285133,0.00917,-0.205687,-0.403457,0.505003,0.36016,-0.394514,-0.506853,-0.534522,0.177322,-0.534522,-0.079436,-0.080642,-0.57496,0.102062,-0.394514,-0.815865,-0.403457,0.031705,0.102062,-0.181613,0.015204,0.612372,-0.793739,-0.534522,0.308646,-0.297735,-0.408248,-0.57496,0.36016,-0.85858,-0.40804,-0.320767,-0.150809,-0.534522,-0.766819,-0.453498,-0.205687,0.330402,-0.779913,-0.272166,-0.042033,-0.033078,-0.458364,0.00899,-0.579123,-0.40804,0.112041,-0.25,0.011816,-0.999111,0.356348,0.486513,-0.089087,-0.337515,-0.181613,-0.088287,0.408248,0.412465,-0.43082,-0.534251,0.041579,-0.549567,0.378298,-0.403457,0.194096,-0.285133,0.282677,0.342336,-0.43082,-0.080642,0.436691,-0.24401,0.055385,-0.446839,0.194096,0.352911,-0.24401,0.165327,-0.408248,-0.071917,0.243808,0.0,-0.24401,0.066606,0.2423,-0.116169,-0.198075,0.052591,0.673964,-0.666336,0.685609,0.249197,-0.40708,0.139363,0.406211,-0.134532,0.637029,-0.116169,-0.801952,0.417727,-0.43082,-0.319745,0.406211,-0.133271,-0.208595,0.055385,-0.1015,-0.144627,0.025799,0.382062,#
16,-0.408064,-0.641144,-0.371071,-0.101804,0.426622,0.33211,0.33211,0.33211,-0.105501,-0.49976,0.337877,0.111203,-0.092746,-0.49976,-0.611967,-0.40815,1.0,-0.105501,0.119345,-0.24994,-0.327169,-0.09539,-0.208147,-0.321791,-0.009796,0.018173,-0.280944,0.320477,-0.102119,-0.249888,-0.757259,-0.708254,-0.24994,-0.166627,0.269115,-0.24969,-0.202922,0.19265,-0.098772,0.234853,-0.327163,-0.358667,0.237522,-0.308048,-0.749371,0.216235,-0.101508,-0.262385,-0.184133,0.186054,0.17946,0.399615,-0.166627,0.524907,0.191375,0.254717,-0.216363,0.513921,0.259326,-0.666249,-0.611876,-0.152822,0.486948,0.339733,-0.392555,0.364644,0.436989,-0.155516,0.502194,-0.54928,0.09205,-0.360146,-0.2459,0.256146,0.482236,0.087217,0.104302,-0.24994,0.514388,-0.087218,-0.210599,0.31311,0.092034,-0.368236,0.092034,0.090017,-0.111565,0.274011,0.009761,0.106108,-0.013099,-0.101523,-0.013099,-0.206117,-0.363883,-0.215392,0.28846,-0.327248,0.178436,-0.327248,0.266528,0.207769,-0.111565,-0.24994,-0.215392,0.49326,-0.013099,-0.582324,0.362658,0.264713,-0.564701,-0.24994,0.31311,-0.327248,-0.556129,0.11156,0.362658,0.397604,-0.363883,0.371169,-0.249813,-0.404665,-0.111565,-0.327248,0.349974,0.168486,-0.092335,-0.626412,0.360495,-0.166627,-0.497519,-0.497598,0.003857,0.47279,0.388305,0.368771,-0.24988,-0.40815,-0.137681,0.397604,-0.327248,-0.580436,-0.327248,0.19265,0.264713,-0.337317,-0.166627,0.057322,0.159216,0.207769,0.084994,0.307122,-0.497519,-0.004293,0.189197,-0.40732,-0.599536,0.318459,0.159216,0.207769,-0.565705,0.090017,-0.248659,0.094602,0.189197,-0.3422,0.596994,-0.404869,0.362658,0.21805,0.12054,-0.081297,0.090017,-0.215392,0.38368,-0.379316,0.425331,-0.247339,-0.115307,0.090017,-0.480402,0.394601,0.996072,-0.407561,0.226791,-0.206564,-0.610231,0.248229,0.278831,-0.02958,0.159216,0.029913,0.226791,-0.703096,0.209533,-0.248659,0.206323,0.24723,-0.758158,0.173088,#
17,-0.148006,-0.24946,0.097485,0.155709,-0.273277,0.328804,0.328804,0.328804,0.572801,0.410566,-0.535276,0.234148,0.156306,0.410566,0.5886,0.266122,-0.105501,1.0,0.305308,0.421326,0.094734,0.596896,-0.099877,0.17681,0.397853,0.487198,0.150612,0.134229,0.188657,-0.085982,0.006193,-0.011926,0.421326,0.280884,-0.329097,-0.074651,-0.452416,-0.18699,0.167127,-0.800097,0.112775,0.058131,0.167809,0.742127,-0.001128,-0.217169,-0.115288,0.147125,0.451901,-0.287006,-0.03868,0.346952,-0.408076,0.013172,0.120262,0.449015,0.348337,-0.415574,-0.437118,0.425675,0.172508,-0.39534,-0.422479,0.693051,-0.360496,0.172205,-0.227455,0.2673,-0.174921,0.584399,0.332394,0.607874,-0.011095,-0.402331,-0.00857,-0.274881,0.67074,0.421326,0.033677,-0.22001,0.398883,-0.120908,-0.155778,0.136666,-0.155778,0.672147,0.570435,0.106002,0.008382,-0.179521,0.409239,-0.224105,-0.00857,0.848931,0.644059,-0.07722,0.213542,-0.350416,-0.236297,-0.350416,0.093582,0.53468,0.140957,0.421326,-0.07722,-0.033579,-0.00857,-0.159283,-0.095394,-0.39722,-0.2027,0.421326,-0.120908,-0.350416,0.290535,0.22411,-0.095394,0.140957,0.644059,-0.569653,0.401814,-0.54814,0.140957,-0.350416,-0.051297,-0.245163,-0.224105,-0.149557,-0.074155,0.280884,-0.367226,0.033677,-0.39695,0.082625,-0.260823,0.401814,0.401745,-0.155778,-0.086971,-0.288521,0.100614,-0.1268,0.100614,-0.18699,-0.39722,-0.345707,0.280884,-0.136847,0.354738,0.075373,-0.333797,0.192624,0.058385,-0.00857,0.427839,-0.179521,0.025753,0.213315,0.354738,0.075373,-0.167849,0.244517,-0.048172,0.045879,-0.279683,0.530252,0.244517,-0.093158,-0.095394,0.517344,-0.296455,-0.388906,0.244517,0.389692,0.57883,0.581355,0.11458,-0.548674,0.595306,-0.183114,0.325121,0.165204,-0.121992,-0.181401,0.104303,0.057133,0.188464,0.581355,-0.088224,-0.37911,0.354738,-0.263646,0.104303,-0.211669,-0.728769,-0.141639,0.130445,-0.368362,-0.071337,-0.29241,#
18,0.279819,0.075174,-0.3375,-0.425985,-0.390439,0.655495,0.655495,0.655495,0.305308,0.495675,-0.082812,0.36373,0.65095,0.495675,0.486669,0.415129,0.119345,0.305308,1.0,0.123848,0.287885,0.30044,0.081785,-0.230358,-0.383851,-0.264362,-0.204977,-0.003294,0.366089,0.186029,-0.220059,-0.021489,0.156439,-0.026073,-0.097113,0.164097,0.134133,0.231898,-0.411533,-0.476018,0.143664,0.722539,0.028383,0.092708,0.051575,-0.321992,-0.226729,-0.258507,0.712455,0.034365,0.08012,0.625165,0.234658,0.159001,0.71844,0.764051,-0.449679,-0.493996,-0.204046,-0.238903,0.486404,0.282654,0.205454,0.675283,-0.059531,0.633249,-0.239442,0.473166,-0.475323,-0.112008,0.882247,-0.179953,-0.60222,-0.361712,0.081401,-0.028396,0.196465,0.123848,0.331066,-0.196883,-0.285051,-0.326296,-0.436417,-0.343851,0.228853,0.072525,-0.425294,-0.183261,-0.302423,0.245839,-0.498361,-0.423726,-0.630125,0.45486,-0.217198,-0.359289,-0.043038,-0.648618,-0.213203,-0.648618,0.573281,-0.049571,-0.452383,-0.006518,-0.359289,0.157206,-0.630125,-0.026324,0.319396,-0.310177,-0.486479,0.18903,-0.441798,-0.648618,-0.291352,-0.066709,0.156439,-0.398206,-0.217198,-0.363108,0.087487,-0.519601,-0.425294,-0.648618,-0.270878,-0.282759,-0.12892,0.314445,-0.319277,-0.026073,-0.480523,-0.274027,-0.538096,0.364009,-0.389549,-0.070734,0.254791,-0.596082,-0.366749,-0.425294,-0.477929,0.010755,-0.62017,0.058062,-0.17548,0.032549,0.191203,0.100304,-0.269743,-0.686915,-0.400972,0.104175,-0.346299,-0.242153,0.892521,-0.491678,0.334956,0.500253,-0.269743,-0.657945,-0.173401,0.045553,0.137951,-0.373586,-0.044626,0.360988,0.207386,-0.183788,0.156439,0.180113,-0.035755,0.384863,-0.520864,0.288609,0.459318,-0.383947,0.427639,-0.10972,0.472392,-0.655725,0.42536,0.472392,0.109723,-0.471043,0.732561,-0.063009,0.362742,0.517493,-0.270294,0.501826,-0.269743,-0.245402,0.732561,-0.376356,-0.313284,-0.752246,0.687132,-0.319591,-0.174655,0.299174,#
19,-0.408162,0.180199,-0.38322,0.408067,-0.611296,-0.214985,-0.214985,-0.214985,0.421326,0.003875,-0.211743,0.101999,-0.101999,0.003875,0.421326,0.102062,-0.24994,0.421326,0.123848,1.0,0.225249,0.421374,-0.218064,0.28455,0.0,0.572106,0.073245,0.189484,-0.091953,-0.249948,0.3679,0.194469,0.375,0.666667,0.295121,-0.24975,-0.192025,0.226687,-0.088537,-0.326776,0.225531,0.137491,-0.331311,0.48324,0.381428,-0.013834,0.379918,-0.247867,0.304969,-0.652551,0.192058,-0.157156,-0.166667,-0.658722,-0.344667,0.034756,0.350713,0.0078,0.185633,0.194953,-0.102004,-0.15162,0.004029,0.217311,0.261927,-0.285557,-0.60317,-0.259649,0.172736,0.193384,0.212368,0.297922,0.469039,-0.349679,0.005615,-0.655922,0.655486,1.0,0.544016,-0.076812,0.37917,0.344552,0.102062,0.301356,0.612373,0.626437,0.427125,-0.339867,0.02929,0.116405,0.510978,0.445245,0.005615,0.388953,0.310942,0.370228,0.324491,0.218218,0.226617,0.218218,-0.364835,0.228395,0.427125,0.375,0.370228,0.011355,0.005615,-0.194155,0.375,-0.344407,-0.006207,-0.25,-0.209192,0.218218,-0.064539,0.131513,0.375,-0.092351,0.310942,-0.17312,0.392657,0.130952,-0.092351,0.218218,-0.18873,0.216519,0.445245,0.218913,0.361425,0.666667,0.01716,0.544016,0.02315,0.005505,0.417559,0.392657,0.387162,0.102062,-0.246013,-0.092351,0.218218,0.374319,0.218218,-0.606721,0.301356,0.289983,0.666667,-0.62174,0.207289,0.228395,0.116395,0.3437,0.531959,0.510978,0.237718,0.116405,0.32766,-0.588236,0.207289,-0.327161,-0.178279,0.626437,0.429605,0.34826,-0.618067,0.25097,0.626437,0.164517,0.375,0.239074,-0.597204,0.07029,0.626437,0.370228,-0.053955,0.284555,-0.076919,-0.737145,-0.055491,0.109195,0.119957,-0.055491,-0.228159,-0.374191,-0.320427,-0.494304,0.472053,0.284555,-0.222247,0.045332,0.207289,-0.432117,-0.320427,-0.099353,-0.107135,-0.248719,0.331497,0.28341,0.37917,-0.325515,#
20,0.342289,0.23588,0.302652,-0.358831,-0.800182,-0.048515,-0.048515,-0.048515,0.112302,0.219167,-0.043195,0.350263,0.083231,0.219167,0.534619,0.350479,-0.327169,0.094734,0.287885,0.225249,1.0,0.076661,-0.053753,-0.421323,0.228709,-0.183582,-0.405505,-0.127775,0.10052,0.215159,0.443317,0.23921,-0.327248,0.518497,-0.176807,0.225024,-0.033859,0.267262,0.088665,-0.427747,0.529394,0.357438,-0.27598,0.027586,0.450655,-0.263092,-0.095523,0.218177,-0.105763,-0.497221,0.251402,-0.165641,0.518497,-0.099168,-0.214419,0.170417,-0.506777,-0.205267,-0.320059,0.255192,0.083235,0.499609,0.218606,0.096807,0.288672,-0.489618,-0.789544,0.068023,-0.380389,0.143359,0.173693,0.346084,0.310096,-0.257555,-0.207428,-0.503566,0.33801,0.225249,0.192638,0.46697,0.358819,-0.50917,-0.083282,0.238343,-0.083282,-0.07689,-0.341664,0.24967,-0.263407,0.325525,-0.207428,0.056968,-0.207428,0.37039,0.24967,-0.07862,-0.676108,0.05379,0.091175,0.05379,0.350215,0.062858,-0.341664,0.225249,-0.07862,-0.202297,-0.207428,0.623815,-0.327248,0.238343,0.265167,0.203999,-0.50917,0.05379,-0.128367,-0.056502,0.225249,-0.341664,0.24967,-0.075101,0.240911,0.31207,-0.800878,0.05379,-0.485766,-0.561563,0.056968,0.257234,-0.496801,0.518497,0.182907,0.192638,0.192638,0.652021,-0.346074,0.240911,-0.327169,-0.083282,0.31965,-0.341664,-0.428468,0.603612,0.05379,0.267262,0.238343,0.336138,-0.218165,-0.258127,-0.558376,0.062858,-0.376943,-0.180642,0.182907,-0.207428,0.104263,0.325525,0.171415,0.202339,-0.558376,-0.42825,0.445252,-0.07689,0.773759,-0.626712,-0.652247,0.012088,-0.07689,-0.138548,0.225249,-0.428242,-0.550486,0.581929,-0.07689,-0.07862,-0.376756,-0.253964,-0.420549,-0.06582,0.072402,-0.07689,0.004678,-0.369792,-0.336008,-0.100328,-0.243118,0.239956,0.532092,-0.253964,-0.062401,0.194753,-0.558376,-0.165054,-0.243118,0.218604,0.155369,-0.325571,0.325445,-0.264987,0.358819,0.023518,#
