0,1.0,0.475808,-0.02743,-0.206604,0.642375,0.165516,0.212224,-0.021254,0.815926,0.0078,-0.229857,0.236014,0.637261,0.174586,0.412579,-0.006288,-0.005573,0.218017,0.132191,-0.332806,-0.203297,0.197977,0.022214,0.020299,0.231489,-0.0117,-0.296956,-0.004606,0.245588,0.0078,-0.37628,0.033689,0.0,0.343206,-0.549247,-0.332806,0.995459,-0.004606,0.476438,-0.372719,-0.01845,-0.65312,0.221141,0.593659,-0.002871,0.493883,0.666293,0.138887,0.503736,0.255943,0.024666,-0.028956,0.015863,0.172796,-0.321915,0.311087,-0.523909,0.689368,-0.21019,0.279386,-0.206555,-0.318684,-0.230633,0.024666,0.020199,0.33371,0.0,-0.046008,0.453815,0.099734,0.183954,-0.553543,0.0,-0.275948,0.343206,-0.275306,-0.058604,-0.030916,-0.653285,0.493096,0.425159,-0.653617,0.002235,-0.248771,-0.031237,-0.231807,-0.417155,-0.219945,-0.007559,-0.49665,0.432283,-0.021976,0.160505,0.343206,-0.0117,-0.058604,-0.653617,-0.006682,0.196378,-0.236516,0.024666,-0.653617,-0.417681,-0.498954,0.160505,-0.499208,-0.661686,0.177691,0.163032,-0.41278,0.039392,-0.332806,-0.202603,-0.228085,-0.052695,-0.332806,-0.498954,-0.57945,-0.219185,-0.801928,-0.499208,0.007945,-0.275948,-0.653285,-0.310877,0.291205,-0.332806,0.183954,-0.276082,0.0,0.210681,0.0,-0.032676,-0.27399,-0.278117,-0.499208,0.0,-0.332806,0.205448,-0.250152,-0.332806,-0.386623,0.0,-0.247675,-0.65041,-0.064294,0.0,0.248605,-0.587576,-0.49665,-0.005223,-0.278117,0.343206,0.343206,0.039392,0.0,0.599367,0.255917,-0.275948,-0.332806,-0.16687,0.0,-0.446498,0.215415,0.000179,0.210619,-0.058604,-0.516868,-0.499208,0.0,-0.330598,0.255623,-0.332806,-0.538774,0.400492,0.205119,0.343206,0.484137,0.336406,-0.653285,-0.021979,0.01028,-0.015908,-0.366639,0.462843,-0.19255,0.135326,0.484116,-0.314107,0.406584,-0.052695,-0.384494,0.284937,0.369792,0.56597,-0.011276,-0.320652,-0.624127,-0.019952,0.257588,#
1,0.475808,1.0,0.601944,0.514863,0.321045,0.003875,-0.218064,-0.24994,0.407997,-0.25,-0.217911,0.321269,0.003873,0.00781,0.414467,-0.374308,-0.385423,0.518311,0.019798,-0.166667,0.019987,0.196247,0.243698,0.096986,0.218218,-0.25,-0.033661,-0.13168,0.327096,-0.25,-0.407596,0.2964,0.0,0.666667,-0.747226,-0.166667,0.463248,-0.13168,0.999777,-0.407909,0.61216,-0.327078,0.363041,0.0,-0.408117,0.076194,0.333016,0.400033,-0.0,-0.214985,2e-06,-0.06629,-0.249501,0.271483,-0.673983,0.029412,-0.386449,0.342998,-0.762338,0.136364,-0.669901,-0.17312,-0.239857,2e-06,0.117243,0.166121,0.0,0.249769,0.252644,0.314255,-0.324973,-0.494535,0.0,0.175882,-0.166667,-0.156172,0.337506,0.367876,-0.32716,-0.249461,-0.407661,-0.327327,-0.101478,0.458435,0.09386,-0.02925,-0.408248,-0.32716,-0.249857,-0.248719,0.194532,-0.249461,-0.040145,0.666667,-0.25,0.337506,-0.327327,0.356961,-0.326637,-0.012148,2e-06,-0.327327,-0.406217,-0.249873,-0.040145,-0.25,-0.216794,0.518344,0.195949,0.087422,0.413055,-0.166667,-0.497255,-0.327327,0.566907,-0.166667,-0.249873,-0.497717,-0.325972,-0.10119,-0.25,-0.406217,0.175882,-0.32716,0.11776,0.666667,-0.166667,-0.324973,0.37563,0.0,0.293309,0.0,-0.116366,-0.322763,0.268415,-0.25,0.0,-0.166667,0.269902,-0.040145,-0.166667,0.424537,0.0,-0.67184,-0.325721,-0.35796,0.0,0.0,-0.497717,-0.248719,-0.121211,0.268415,0.666667,-0.166667,0.413055,0.0,0.277892,0.0,0.175882,-0.166667,0.539524,0.0,-0.135897,0.229677,-0.408046,-0.217757,0.337506,-0.984747,-0.25,0.0,-0.71259,0.161915,-0.166667,0.202474,-0.101874,0.217859,-0.166667,0.217606,-0.210675,-0.32716,0.207185,0.107589,-0.417165,-0.665459,0.207185,-0.499613,0.0,0.220089,-0.270841,0.384283,0.566907,0.11003,0.11003,-0.192543,-0.105694,-0.125097,-0.395273,-0.498946,-0.121806,-0.327106,#
2,-0.02743,0.601944,1.0,0.422134,-0.369132,-0.400647,-0.364426,-0.407798,0.229434,-0.407896,0.083906,0.06021,-0.00227,0.020165,0.659355,-0.107487,-0.095005,0.434238,0.056765,-0.271931,-0.387214,0.382366,0.377177,0.583607,-0.101973,-0.407896,0.196022,-0.157959,0.51575,-0.407896,-0.220663,0.354484,0.0,0.388095,-0.44561,-0.271931,-0.036753,0.237097,0.601436,-0.250154,0.158054,0.383057,0.049684,-0.403697,0.175184,-0.245315,0.525315,0.339893,-0.461123,0.073919,-0.338113,0.261995,-0.407082,0.248566,-0.384248,-0.478479,-0.097498,0.498505,-0.783096,-0.457938,-0.437575,-0.256052,0.102586,-0.338113,0.209057,0.243714,0.0,-0.126608,-0.052925,0.394894,-0.144139,0.092047,0.0,0.364578,-0.271931,0.066795,0.076475,0.216271,0.381446,-0.407017,-0.665133,0.364683,-0.166043,0.819216,0.230454,-0.008804,0.174606,-0.53379,-0.407662,-0.405805,0.405845,-0.407017,0.414168,0.388095,0.126725,0.599484,0.364683,0.622558,-0.532936,0.020591,-0.338113,0.364683,-0.230594,0.141927,-0.027345,0.621745,0.136659,0.48939,0.400409,0.590858,0.117775,-0.271931,0.056064,0.364683,0.542832,-0.271931,-0.407688,0.046021,-0.019706,0.292674,0.087123,-0.230594,0.364578,-0.058571,0.246543,0.414496,0.388095,-0.144139,0.137193,0.0,0.556837,0.0,0.257602,-0.526615,0.514574,0.087123,0.0,0.440897,0.529269,-0.027345,0.388095,0.573276,0.0,-0.409576,-0.07618,-0.036934,0.0,-0.518977,-0.399525,0.174428,0.246134,0.514574,0.388095,-0.271931,0.117775,0.0,-0.39821,0.037865,0.328757,-0.271931,0.690771,0.0,0.272457,-0.07508,-0.223316,-0.363913,0.076475,-0.62547,0.087123,0.0,-0.451842,0.318039,-0.271931,0.419127,-0.577719,0.391488,-0.271931,-0.10699,-0.471264,-0.093773,-0.158846,0.598945,-0.148928,-0.404426,-0.651138,0.02662,-0.137411,0.449158,0.198504,-0.192076,0.542832,0.22571,-0.427891,0.176674,-0.478524,-0.597124,-0.313069,0.036248,0.310648,-0.533701,#
3,-0.206604,0.514863,0.422134,1.0,-0.205517,-0.18157,-0.640859,-0.49971,-0.395592,-0.49983,0.211286,-0.20566,-0.211733,-0.205682,-0.00445,-0.007502,0.028546,0.218163,0.264582,0.318188,0.219034,0.214045,-0.017024,0.004678,-0.211583,-0.011274,-0.05117,0.368364,0.211434,-0.49983,-0.018381,0.532926,0.0,0.343242,-0.309229,-0.33322,-0.216054,-0.021534,0.514748,0.383973,0.434824,-0.210767,0.205795,-0.593432,-0.409362,0.042093,-0.223879,-0.261523,-0.327279,-0.223879,2e-06,0.102889,-0.021159,0.484014,-0.301203,0.288712,-0.025929,-0.281008,-0.212505,-0.260335,-0.255311,-0.347086,0.210767,2e-06,-0.180154,-0.342119,0.0,0.030037,-0.389708,0.061782,-0.192615,0.119565,0.0,0.655697,-0.33322,0.298156,0.513753,0.400576,0.190319,-0.498753,-0.416715,0.214864,-0.369344,0.573297,0.033393,-0.186874,-0.003068,0.207022,0.003528,0.053364,0.010398,0.03728,-0.22165,0.343242,-0.011274,-0.02228,0.214864,0.495283,-0.194141,-0.197776,2e-06,0.214864,-0.369213,0.477038,-0.206132,-0.011274,0.261004,0.435453,0.230739,0.383739,0.496037,-0.33322,-0.582608,-0.227985,0.407726,0.318188,0.496356,-0.165124,-0.183706,0.445964,0.007516,-0.812159,0.655697,0.641294,0.299858,0.343242,-0.33322,-0.192615,0.292535,0.0,-0.21442,0.0,0.014432,-0.240674,0.623446,0.007516,0.0,0.318188,-0.246079,0.174923,-0.33322,0.93434,0.0,-0.34946,-0.184623,0.03185,0.0,0.055662,-0.187744,0.03297,0.002777,0.623446,0.343242,-0.33322,0.03913,0.0,-0.150815,-0.515047,0.213781,-0.33322,0.177136,0.0,0.0143,-0.20203,0.00838,-0.610496,0.513753,-0.395389,0.007516,0.0,-0.299936,-0.245346,0.343242,0.50536,-0.367539,0.239554,-0.33322,0.007927,-0.599915,0.207022,0.043603,0.010412,0.007316,-0.2374,0.043603,-0.22224,0.037935,-0.481385,0.266827,0.015783,0.407726,0.372982,0.372982,-0.517348,-0.213799,0.002716,0.308984,0.20596,-0.393676,-0.221061,#
4,0.642375,0.321045,-0.369132,-0.205517,1.0,0.188904,0.035949,0.300535,0.344933,0.321045,-0.399488,0.058521,0.223022,0.202273,-0.08591,-0.297243,-0.327355,0.208102,-0.27835,0.241826,0.225005,-0.053458,0.268803,-0.352681,0.420347,0.321045,0.021122,-0.083785,-0.401167,0.321045,0.08957,-0.310895,0.0,0.21403,-0.320346,0.21403,0.638303,-0.532991,0.320974,-0.300303,0.072647,-0.544398,0.588077,0.642993,-0.377424,0.253195,0.049001,0.17261,0.739794,-0.426247,0.38235,-0.549881,-0.211902,-0.282528,-0.23752,0.555758,-0.352592,0.102968,0.065505,0.526105,0.02563,0.221248,-0.420754,0.38235,0.292366,0.537907,0.0,0.20155,0.074983,0.307665,-0.105299,-0.655692,0.0,-0.561097,0.21403,-0.111997,-0.252318,-0.107764,-0.525964,0.298327,0.539508,-0.999006,-0.167849,-0.248532,0.033916,-0.292208,-0.82044,-0.062696,0.342328,-0.268869,-0.41143,-0.252318,-0.255472,0.21403,-0.241826,-0.252318,-0.999006,-0.236345,-0.089675,0.182749,0.38235,-0.999006,-0.424787,-0.216104,-0.255472,-0.763003,-0.50055,0.203817,-0.090414,-0.36936,0.339761,0.21403,-0.292208,-0.544085,-0.398574,0.241826,-0.216104,-0.699581,-0.10063,-0.597219,-0.763003,0.030234,-0.561097,-0.525964,-0.224874,0.21403,-0.508669,-0.105299,-0.026411,0.0,-0.022013,0.0,-0.595312,0.431752,-0.484715,-0.763003,0.0,-0.508669,0.007074,-0.255472,-0.508669,-0.451291,0.0,-0.215827,-0.578696,-0.387401,0.0,0.549528,-0.265238,-0.268869,-0.566796,-0.484715,0.21403,0.21403,0.320264,0.0,0.413785,0.557344,-0.561097,0.21403,-0.065594,0.0,-0.619727,0.420075,-0.374097,0.003027,-0.252318,-0.365815,-0.763003,0.0,-0.255255,-0.307841,-0.508669,-0.422219,0.313751,-0.080469,0.21403,0.756958,0.482614,-0.525964,0.20594,-0.348436,-0.33975,-0.255261,0.724246,-0.229519,-0.060499,0.125411,-0.531353,0.819774,-0.398574,-0.257823,0.457842,-0.085155,0.143993,0.350733,-0.329609,-0.685882,-0.151343,-0.024668,#
5,0.165516,0.003875,-0.400647,-0.18157,0.188904,1.0,0.637786,0.488517,-0.021526,0.50763,-0.240853,0.222018,-0.21796,0.606343,-0.427368,-0.022463,-0.552096,0.193409,0.255014,-0.333253,0.611864,-0.232195,-0.494835,-0.8161,0.22493,-0.0155,-0.304376,0.000186,-0.207872,0.50763,0.006318,-0.386081,0.0,-0.333253,-0.149205,0.33842,0.204277,0.000186,-0.005629,-0.408564,0.409106,-0.232195,0.225022,0.581508,-0.009179,0.4107,-0.233849,0.264909,0.516935,-0.233849,-0.306336,0.012587,0.486185,-0.266789,-0.394734,-0.059721,0.508567,-0.233484,0.179429,0.184593,-0.404959,0.298849,-0.225435,-0.306336,-0.366855,-0.362071,0.0,0.480805,0.393681,-0.44973,-0.020149,-0.640059,0.0,0.20758,0.33842,-0.778253,0.506536,-0.408991,-0.654164,0.486065,-0.010407,-0.214783,0.377689,-0.623693,0.371955,0.568996,-0.009492,0.224178,-0.011384,0.505028,-0.033726,0.506536,-0.227834,-0.333253,-0.0155,-0.025702,-0.214783,-0.499625,0.645718,0.154594,-0.306336,-0.214783,0.385022,-0.499625,0.188188,-0.49988,-0.258054,-0.727526,0.189321,-0.815746,-0.498664,0.33842,0.144629,-0.231695,-0.005583,-0.333253,0.018259,-0.22552,0.179316,-0.446367,0.003875,0.368106,0.20758,-0.206382,-0.334943,0.33842,-0.333253,-0.020149,0.161238,0.0,-0.275844,0.0,-0.018488,0.238156,-0.232019,0.003875,0.0,-0.333253,-0.186798,0.188188,-0.333253,-0.337984,0.0,-0.320699,0.198088,-0.019944,0.0,0.471498,0.178155,-0.041706,-0.402062,-0.232019,-0.333253,0.33842,-0.027542,0.0,0.655603,-0.284061,0.20758,0.33842,0.023149,0.0,0.362031,0.664214,0.001871,0.653116,0.506536,-0.0032,0.003875,0.0,-0.335519,0.228885,0.33842,-0.048533,0.814793,-0.240253,0.33842,-0.020886,0.126888,-0.206382,0.015415,-0.413888,-0.486277,0.292083,0.497126,-0.602982,0.788411,-0.079031,-0.310146,-0.004361,-0.005583,-0.335126,0.33001,-0.38002,0.218198,0.385433,1e-06,-0.211833,-0.064192,0.234331,#
6,0.212224,-0.218064,-0.364426,-0.640859,0.035949,0.637786,1.0,0.306466,0.357194,0.327096,0.048924,0.544781,-0.206448,0.211827,-0.076145,0.219272,-0.37561,-0.234423,0.194611,-0.508817,0.217925,-0.048281,-0.29721,-0.347876,-0.047586,-0.239032,-0.478952,-0.090763,0.084834,0.327096,-0.355529,-0.199585,0.0,-0.508817,0.151146,0.218064,0.222318,0.344309,-0.2283,-0.329736,0.079912,-0.066569,-0.428262,0.655096,0.063492,0.015337,0.062083,0.311811,0.347417,0.062083,0.026517,0.324416,0.304333,-0.162119,-0.269854,-0.349297,0.21708,0.116987,0.023073,0.423928,-0.326538,0.169504,0.046818,0.026517,-0.111501,-0.215208,0.0,0.176772,0.788596,-0.358453,-0.104355,-0.180426,0.0,-0.065749,0.218064,-0.804241,0.326391,-0.063301,-0.514201,0.304238,0.087891,-0.047586,0.336038,-0.663082,0.040935,0.632937,0.071904,-0.048252,-0.23445,0.32542,0.199896,0.326391,0.201635,-0.508817,-0.239032,0.326391,-0.047586,-0.762836,0.408402,0.201331,0.026517,-0.047586,0.531489,-0.762836,0.651853,-0.218064,-0.453284,-0.499839,-0.085459,-0.787966,-0.761369,0.218064,0.17369,-0.065888,0.095292,-0.508817,-0.202385,0.21338,-0.095744,-0.555545,0.327096,0.513183,-0.065749,-0.514201,-0.2287,0.218064,0.218064,-0.104355,0.005441,0.0,0.018396,0.0,-0.106381,-0.029216,-0.438098,0.327096,0.0,-0.508817,0.113256,0.210294,0.218064,-0.622543,0.0,-0.219483,0.426168,0.218434,0.0,-0.061325,0.204642,-0.266253,-0.081523,-0.438098,-0.508817,0.218064,-0.251524,0.0,0.522077,-0.053462,0.427368,0.218064,-0.057973,0.0,0.31458,0.427993,0.08175,0.997188,0.326391,0.180103,0.327096,0.0,-0.216196,0.420435,0.218064,-0.365591,0.79974,-0.550526,0.218064,-0.339464,0.327391,-0.029614,0.237715,0.096101,-0.313337,0.445956,0.216863,-0.213896,0.330703,0.174746,-0.106598,-0.081496,0.095292,-0.215942,-0.215942,-0.043542,0.267934,0.345535,-3e-06,-0.222607,0.336107,0.445873,#
7,-0.021254,-0.24994,-0.407798,-0.49971,0.300535,0.488517,0.306466,1.0,-0.131198,0.387162,-0.249075,-0.210447,-0.024977,0.496176,-0.128063,-0.409966,-0.420344,-0.029353,0.009703,-0.166627,-0.010579,-0.326999,-0.365226,-0.40805,0.22886,0.362658,-0.022518,-0.062813,-0.763042,0.387162,0.081312,-0.42893,0.0,-0.166627,0.393772,0.682842,0.040249,-0.062813,-0.249884,-0.407811,0.10139,0.206458,0.321163,0.480746,0.0822,0.354367,-0.246335,0.02703,0.321291,-0.246335,-0.387428,-0.178356,0.39654,-0.309735,0.113971,-0.045548,0.249256,-0.237015,0.294498,0.02495,0.311309,0.708024,-0.762998,-0.387428,0.370032,0.134769,0.0,0.226169,0.045888,-0.386082,0.353106,-0.494417,0.0,-0.326559,-0.166627,-0.347477,-0.249401,-0.611003,-0.327082,0.397834,0.121282,-0.327248,0.374222,-0.498936,0.071758,0.466172,0.092034,0.21745,-0.249797,0.327556,-0.358463,-0.249401,0.007083,-0.166627,0.362658,-0.249401,-0.327248,-0.249812,0.227557,-0.033578,-0.387428,-0.327248,0.057406,-0.249812,0.007083,-0.24994,-0.271114,-0.578014,-0.326503,-0.407873,-0.249332,0.682842,0.466172,0.207471,-0.407367,-0.166627,-0.249812,-0.055137,0.182704,-0.182262,-0.24994,0.592243,-0.326559,-0.327082,0.213277,-0.166627,-0.166627,0.353106,0.206095,0.0,0.291364,0.0,-0.097518,0.329132,-0.210715,-0.24994,0.0,-0.166627,-0.23406,0.007083,-0.166627,-0.590518,0.0,0.20612,0.162633,-0.488734,0.0,0.333527,0.455394,0.327556,-0.102513,-0.210715,-0.166627,-0.166627,0.346498,0.0,0.277126,0.333527,-0.326559,0.682842,0.120938,0.0,0.364507,0.205063,0.09903,0.289562,-0.249401,0.165953,-0.24994,0.0,0.112562,0.256463,-0.166627,0.200299,0.372781,-0.32671,-0.166627,0.216733,0.175816,-0.327082,-0.402899,-0.43091,-0.390563,0.063317,0.206323,0.001336,0.354012,0.217879,-0.247467,-0.120934,-0.407367,0.108925,0.108925,0.0137,-0.016964,0.395363,-0.402927,-0.498827,-0.143267,-0.327027,#
8,0.815926,0.407997,0.229434,-0.395592,0.344933,-0.021526,0.357194,-0.131198,1.0,-0.101999,-0.087592,0.378564,0.42151,-0.012133,0.597119,0.103317,0.055171,0.031329,-0.052194,-0.407997,-0.391427,0.08828,0.129422,0.253272,0.089032,-0.121615,-0.20257,-0.242827,0.390755,-0.101999,-0.557587,0.102658,0.0,0.271998,-0.432468,-0.407997,0.811828,0.164181,0.407906,-0.554143,-0.166506,-0.355858,-0.07512,0.408962,0.225907,0.022119,0.816541,0.388931,0.291739,0.369375,0.024809,0.093882,-0.09367,0.092019,-0.311556,-0.218767,-0.408374,0.844137,-0.546385,0.340948,-0.353706,-0.39864,-0.089649,0.024809,0.159823,0.408667,0.0,0.063465,0.624133,0.127444,0.129672,-0.320114,0.0,-0.38955,0.271998,-0.370055,-0.131714,0.165921,-0.347553,0.386393,0.248546,-0.356129,0.173105,-0.014206,-0.178708,0.007344,-0.18258,-0.364989,-0.117386,-0.608859,0.563266,-0.131714,0.392198,0.271998,-0.121614,0.407117,-0.356129,-0.116511,0.054016,0.019826,0.024809,-0.356129,-0.153367,-0.611683,0.392198,-0.101999,-0.530707,0.229211,0.053298,-0.166451,-0.069954,-0.407997,0.007344,0.071911,0.231296,-0.407997,-0.611683,-0.376528,-0.363702,-0.636281,-0.101999,0.274767,-0.38955,-0.800883,-0.248648,0.271998,0.271998,0.129672,-0.104627,0.0,0.378819,0.0,0.125996,-0.417421,-0.124597,-0.101999,0.0,-0.407997,0.380375,-0.020879,0.271998,-0.366502,0.0,-0.237261,-0.328324,0.074086,0.0,-0.305968,-0.384701,-0.608859,0.14981,-0.124597,0.271998,0.271998,-0.069954,0.0,0.302344,0.275077,0.071759,-0.407997,-0.019141,0.0,-0.252936,0.107905,-0.179108,0.355377,-0.131714,-0.466576,-0.101999,0.0,-0.311802,0.340467,-0.407997,-0.409866,0.166256,0.062743,0.271998,0.088783,0.177341,-0.347553,0.087132,0.279203,0.05043,-0.304616,0.067625,0.003742,-0.173248,0.627418,-0.204834,0.172939,0.231296,-0.314243,-0.314243,0.517894,0.361154,-0.249524,-0.322542,-0.425856,0.190185,0.115381,#
9,0.0078,-0.25,-0.407896,-0.49983,0.321045,0.50763,0.327096,0.387162,-0.101999,1.0,-0.762689,0.321269,0.003873,0.515436,-0.611831,-0.374308,-0.385423,0.479918,-0.494957,-0.166667,0.479693,-0.327078,0.243698,-0.408148,0.763763,-0.25,0.513331,-0.610517,-0.218064,1.0,0.611394,-0.973885,0.0,-0.166667,-0.219772,0.666667,-0.007852,-0.610517,-0.249944,-0.407909,0.091616,0.196247,0.341934,0.499704,0.112032,0.076194,-0.214985,0.548981,0.366935,-0.214985,2e-06,-0.604899,-0.249501,-0.868744,0.144875,-0.044117,0.249778,-0.157207,0.314879,0.136364,-0.078812,0.660419,-0.218052,2e-06,-0.341535,0.166121,0.0,0.249769,0.072184,0.265152,-0.324973,-0.494535,0.0,-0.326637,0.666667,-0.156172,-0.249461,-0.61115,-0.32716,0.337506,0.07194,-0.327327,0.316374,-0.499056,0.56316,-0.058501,-0.408248,-0.32716,0.355856,0.316551,-0.417883,0.337506,-0.498946,-0.166667,-0.25,-0.249461,-0.327327,-0.249873,0.175882,0.443411,2e-06,-0.327327,0.533539,-0.249873,-0.498946,-0.25,0.229546,-0.578153,0.195949,-0.407971,-0.249392,0.666667,0.409504,-0.327327,-0.407465,-0.166667,-0.249873,-0.063661,0.705164,-0.190476,-0.25,0.533539,-0.326637,-0.32716,-0.70002,-0.166667,-0.166667,-0.324973,-0.243306,0.0,-0.280556,0.0,-0.145457,0.773413,-0.761549,-0.25,0.0,-0.166667,0.334164,-0.498946,-0.166667,-0.59066,0.0,0.110886,0.15328,-0.333774,0.0,0.562445,-0.063661,0.316551,-0.611828,-0.761549,-0.166667,0.666667,0.33512,0.0,0.277892,0.328093,-0.326637,0.666667,0.109469,0.0,-0.16544,0.751669,-0.408046,0.290343,-0.249461,0.166772,-0.25,0.0,0.113601,-0.064766,-0.166667,-0.448335,0.373536,0.185821,0.666667,0.217606,0.729839,-0.32716,0.207185,-0.430355,-0.378539,0.064923,0.207185,-0.499613,0.35487,0.146726,-0.733253,0.384283,-0.407465,-0.715193,0.11003,0.021394,-0.006606,-0.125097,-0.395273,-0.040145,0.334968,0.241774,#
10,-0.229857,-0.217911,0.083906,0.211286,-0.399488,-0.240853,0.048924,-0.249075,-0.087592,-0.762689,1.0,-0.401165,-0.23941,-0.264173,0.337447,0.7645,0.2392,-0.669309,0.625901,0.245848,-0.183598,0.426912,-0.295399,0.092666,-0.998594,0.326867,-0.680331,0.795555,0.048924,-0.762689,-0.355949,0.769388,0.0,-0.508459,0.520168,-0.508459,-0.205579,0.778833,-0.228139,0.552212,-0.355724,-0.047516,-0.478201,-0.216494,0.046009,-0.166675,0.026003,-0.597218,-0.064241,0.026003,0.053003,0.775606,0.304119,0.610704,-0.188364,-0.018734,0.196388,-0.024436,0.060559,-0.140196,0.18891,-0.530295,0.540219,0.053003,0.316666,-0.212914,0.0,-0.324954,-0.1108,-0.359024,0.292597,0.660404,0.0,0.408115,-0.508459,-0.123039,0.326162,0.393263,0.426717,-0.207602,0.13104,0.40968,-0.470683,0.221585,-0.332495,0.250055,0.499555,0.426717,-0.179712,-0.167523,0.240817,-0.185465,0.63409,-0.508459,0.284961,0.326162,0.40968,-0.223784,-0.029903,-0.152114,0.053003,0.40968,-0.288018,0.325503,0.651394,0.305914,-0.342877,0.290291,-0.048174,0.100625,-0.231751,-0.508459,-0.175529,0.39139,0.095225,0.245848,0.347044,0.271436,-0.492659,-0.011374,0.326867,-0.306311,0.408115,0.426717,0.540203,0.217911,0.217911,0.292597,0.041928,0.0,0.082513,0.0,-0.073146,-0.51612,0.513336,0.326867,0.0,0.189974,-0.372278,0.651394,0.217911,0.315384,0.0,-0.163567,0.00835,0.723438,0.0,-0.510679,0.271436,-0.190263,0.353918,0.513336,-0.508459,-0.508459,-0.760834,0.0,-0.378861,-0.298551,0.427067,-0.508459,-0.241428,0.0,0.373784,-0.512624,0.515203,0.079086,0.326162,0.286472,0.326867,0.0,-0.124295,-0.05971,0.217911,0.263758,-0.059198,-0.513621,-0.508459,-0.264871,-0.6238,0.445341,-0.209765,0.548021,0.260542,0.589837,-0.230603,0.651324,-0.170523,-0.263164,0.950952,-0.451826,0.095225,0.601261,-0.11804,-0.18576,-0.135313,0.393055,0.702322,0.251483,-0.027564,-0.050301,#
11,0.236014,0.321269,0.06021,-0.20566,0.058521,0.222018,0.544781,-0.210447,0.378564,0.321269,-0.401165,1.0,-0.180778,-0.20489,-0.052373,-0.299052,-0.350332,0.208247,-0.24418,-0.509023,0.208483,-0.053495,0.226724,0.08545,0.420639,-0.763535,0.00639,-0.56666,0.544781,0.321269,-0.360531,-0.173311,0.0,0.214179,-0.375587,0.214179,0.180112,-0.13379,0.321197,-0.334874,0.524448,-0.071691,-0.384457,0.242493,-0.360993,-0.220308,0.084915,0.634386,-0.140169,0.084915,0.356228,-0.050338,-0.251332,-0.133207,-0.239788,-0.283225,-0.331601,0.181749,-0.421929,0.518887,-0.658312,0.166827,0.033844,0.356228,-0.324217,-0.184687,0.0,0.200087,0.808182,0.202166,-0.686468,-0.187766,0.0,-0.070867,0.214179,-0.301038,0.320576,0.364514,-0.517059,-0.252493,-0.369594,-0.052808,0.316206,-0.239988,0.03394,0.182086,-0.361109,-0.517059,-0.237433,0.319622,0.172671,0.320576,-0.238422,0.214179,-0.763535,0.320576,-0.052808,-0.236509,-0.070867,0.192,0.356228,-0.052808,0.52202,-0.763145,0.209516,-0.221133,0.006704,-0.016747,-0.090477,-0.360863,-0.186777,0.214179,-0.274837,-0.526254,0.523622,-0.509023,-0.205531,0.203993,-0.1007,-0.123779,0.321269,0.048468,-0.070867,-0.517059,-0.30692,0.214179,0.214179,-0.686468,0.118897,0.0,-0.002873,0.0,-0.123806,-0.034454,-0.456924,0.321269,0.0,-0.509023,0.509005,-0.229808,0.214179,-0.175385,0.0,-0.297622,0.418575,-0.222979,0.0,-0.060232,-0.239344,-0.269056,-0.099027,-0.456924,0.214179,0.214179,0.320487,0.0,0.524668,-0.05241,0.419753,0.214179,0.273651,0.0,-0.140914,0.420368,-0.357093,0.525144,0.320576,-0.334261,0.321269,0.0,-0.257156,0.340483,0.214179,-0.389928,0.360442,-0.080525,0.214179,-0.369733,0.48295,-0.034924,0.723367,0.088994,-0.341276,-0.258147,0.183954,-0.647535,-0.00658,0.147537,-0.531723,0.325596,0.523622,-0.259838,-0.259838,-0.067362,0.189295,-0.101373,-0.343033,-0.229808,0.324241,0.438157,#
12,0.637261,0.003873,-0.00227,-0.211733,0.223022,-0.21796,-0.206448,-0.024977,0.42151,0.003873,-0.23941,-0.180778,1.0,0.166224,0.400819,-0.020963,0.48871,0.22422,0.139545,-0.333053,-0.596016,0.241513,0.007328,0.420732,0.224795,-0.015491,0.038,0.03171,0.232692,0.003873,0.022409,-0.062805,0.0,0.338217,-0.250568,-0.333053,0.630463,0.03171,0.013369,-0.000301,-0.396217,-0.214491,0.143145,0.210194,0.393705,0.637664,0.650454,-0.249456,0.066947,0.650454,-0.281662,-0.021436,0.011887,0.195976,0.340246,0.364035,-0.51673,0.6345,0.19665,-0.336573,0.388844,-0.270461,-0.190846,-0.281662,-0.094205,0.3092,0.0,-0.525458,-0.062619,0.103522,0.533616,-0.142363,0.0,-0.214851,0.338217,0.316922,-0.498503,-0.39312,-0.22347,0.485773,0.415862,-0.231556,-0.007213,-0.195428,0.026656,-0.585873,-0.025296,-0.22347,-0.011377,-0.497019,0.487511,-0.025687,0.210285,0.338217,0.468598,-0.498503,-0.231556,0.48716,0.18994,-0.603891,-0.281662,-0.231556,-0.421044,-0.001659,-0.189496,-0.015491,-0.224316,0.029545,0.223609,-0.009931,0.035253,-0.333053,0.198916,0.190991,-0.409912,-0.333053,-0.499325,-0.179662,0.24104,-0.390775,-0.49958,0.001597,-0.214851,-0.22347,-0.256706,-0.333053,-0.333053,0.533616,-0.698457,0.0,0.26264,0.0,0.363675,-0.277068,-0.224144,-0.49958,0.0,0.312399,0.209515,-0.597273,-0.333053,-0.330156,0.0,0.387801,-0.650894,-0.059647,0.0,0.282438,-0.591165,0.028371,0.387693,-0.224144,0.338217,0.338217,0.035253,0.0,0.21259,0.289699,-0.652726,-0.333053,-0.335397,0.0,-0.392384,-0.205171,0.394482,-0.207455,-0.498503,-0.067169,-0.49958,0.0,0.288605,0.306001,-0.333053,-0.47641,0.009469,0.645286,0.338217,0.484761,0.356425,-0.653771,-0.499395,0.019687,0.447451,-0.361804,-0.017973,0.196828,0.140485,0.540385,-0.104275,0.011587,-0.409912,-0.379241,0.285496,0.797805,0.579294,-0.382403,-0.318401,-0.227698,0.03302,0.250714,#
13,0.174586,0.00781,0.020165,-0.205682,0.202273,0.606343,0.211827,0.496176,-0.012133,0.515436,-0.264173,-0.20489,0.166224,1.0,-0.035759,-0.045272,-0.523155,0.592482,0.232545,-0.333211,0.21853,0.213885,-0.016569,-0.405727,0.231772,-0.011714,0.047713,0.009723,-0.230954,0.515436,0.418432,-0.520163,0.0,-0.333211,-0.275988,0.343624,0.213634,0.009723,-0.001768,-0.436279,-0.004163,0.213885,0.584714,0.593782,0.403344,0.48556,0.18778,0.274656,0.529823,-0.257309,-0.617389,-0.011519,0.015882,-0.405379,-0.350839,-0.060639,0.489803,0.167864,0.17589,-0.43734,-0.096018,0.354925,-0.215247,-0.617389,0.003503,0.282223,0.0,-0.007052,-0.132719,0.060742,0.162425,-0.57031,0.0,0.196617,0.343624,-0.476885,-0.022003,-0.836316,-0.220213,0.493697,-0.00412,-0.228363,-0.046245,-0.212819,0.820975,0.153508,-0.01913,-0.220213,-0.007569,-0.038142,-0.038712,-0.022003,0.181304,-0.333211,0.476388,-0.022003,-0.228363,0.00223,0.196617,0.163562,-0.617389,-0.228363,-0.048865,0.00223,-0.221792,-0.011714,-0.266112,-0.464595,0.654964,-0.406001,-0.498601,0.343624,0.564689,0.197688,-0.430928,-0.333211,-0.499562,-0.235751,0.653368,-0.45705,-0.499817,0.37728,0.196617,-0.220213,-0.314322,0.343624,-0.333211,0.162425,-0.293753,0.0,0.182056,0.0,-0.025446,0.245027,-0.239457,-0.499817,0.0,0.317592,0.258561,-0.221792,-0.333211,-0.348654,0.0,-0.299935,-0.262157,-0.043973,0.0,0.474389,-0.235751,0.491604,-0.411823,-0.239457,-0.333211,0.343624,-0.023859,0.0,0.151582,0.284048,-0.244888,0.343624,0.336102,0.0,0.357707,0.674428,-0.007899,0.198404,-0.022003,-0.103202,-0.499817,0.0,-0.382619,0.2529,-0.333211,-0.053762,0.389312,0.213376,0.343624,0.484727,0.133504,-0.654082,-0.507419,-0.017015,-0.525127,0.226133,-0.022006,-0.200765,0.756286,0.451476,-0.13599,0.005145,-0.430928,-0.384963,0.285285,0.044999,-0.202025,-0.025401,-0.321043,-0.221792,0.372896,-0.191927,#
14,0.412579,0.414467,0.659355,-0.00445,-0.08591,-0.427368,-0.076145,-0.128063,0.597119,-0.611831,0.337447,-0.052373,0.400819,-0.035759,1.0,0.081074,0.089056,0.007881,0.361677,-0.407888,-0.796214,0.541562,0.107512,0.676017,-0.353162,-0.118419,-0.294639,0.174836,0.371453,-0.611831,-0.587407,0.557412,0.0,0.276311,-0.111041,-0.407888,0.421812,0.58436,0.414374,-0.167761,-0.161092,0.094679,-0.164298,0.009104,0.217322,0.094739,0.799691,-0.037628,-0.199557,0.349761,-0.287086,0.529222,-0.090309,0.556387,-0.266042,-0.220584,-0.433817,0.787527,-0.554735,-0.287076,-0.040445,-0.373061,-0.078153,-0.287086,0.538049,0.383351,0.0,-0.433044,0.198638,0.103501,0.315192,0.108666,0.0,0.059508,-0.407888,-0.061646,-0.12859,0.176596,0.094053,-0.089202,-0.137252,0.077523,-0.208294,0.405896,-0.1398,0.015241,0.225607,-0.36208,-0.611481,-0.608696,0.621126,-0.610513,0.809982,0.276311,0.374993,0.413573,0.077523,0.393965,-0.353079,-0.371154,-0.287086,0.077523,-0.546134,-0.104268,0.402501,0.39473,-0.487777,0.502071,0.093847,0.25306,-0.066449,-0.407888,0.046646,0.508209,0.23916,-0.407888,-0.61152,0.040206,-0.325091,-0.207703,-0.098682,-0.115353,0.059508,-0.36208,0.444692,0.276311,0.276311,0.315192,-0.093344,0.0,0.846185,0.0,0.167655,-0.789906,0.330174,-0.098682,0.0,0.249996,0.359525,-0.01313,0.276311,0.077717,0.0,-0.215246,-0.325211,0.050409,0.0,-0.501011,-0.379221,-0.073186,0.570503,0.330174,0.276311,-0.407888,-0.066449,0.0,-0.12263,0.276037,0.07736,-0.407888,0.296918,0.0,0.174922,-0.34341,0.234569,-0.07736,-0.12859,-0.472721,-0.098682,0.0,-0.316339,0.551183,-0.407888,0.117029,-0.241275,0.102689,-0.407888,0.085235,-0.279179,-0.344536,-0.406949,0.685335,0.046961,-0.308805,-0.426577,0.415042,-0.180545,0.686318,0.379136,-0.238909,0.23916,0.358748,-0.318791,0.514565,-0.035984,-0.24141,-0.324535,-0.389823,0.233672,-0.345813,#
15,-0.006288,-0.374308,-0.107487,-0.007502,-0.297243,-0.022463,0.219272,-0.409966,0.103317,-0.374308,0.7645,-0.299052,-0.020963,-0.045272,0.081074,1.0,0.386516,-0.498194,0.469722,0.198352,0.039134,0.325637,-0.216649,-0.097583,-0.762354,0.249539,-0.533383,0.606327,0.219272,-0.374308,-0.072563,0.395013,0.0,-0.665437,0.222742,-0.665437,0.005577,0.587179,-0.385993,0.428783,-0.611031,-0.21765,-0.376956,0.001476,0.368195,-0.105304,0.195978,-0.399295,0.251998,0.195978,0.0607,0.586287,0.223739,0.265771,-0.143398,-0.006773,0.361311,0.143202,0.226498,-0.092486,0.078668,-0.693663,0.781865,0.0607,-0.113113,-0.160909,0.0,-0.247464,-0.065123,-0.242042,0.28873,0.509445,0.0,0.304332,0.166359,-0.218834,0.249001,0.14533,0.325372,0.22365,0.425321,0.305779,-0.366207,0.004678,-0.084078,0.03818,0.368313,0.325372,0.274103,-0.315967,0.354878,0.249001,0.47711,-0.665437,0.201551,0.249001,0.305779,-0.380969,0.304332,0.062262,0.0607,0.305779,-0.048414,0.248041,0.496925,0.225545,-0.262169,0.043881,0.303411,-0.08838,-0.389854,-0.665437,0.017967,0.284836,-0.09431,0.198351,0.272708,0.062433,-0.195631,-0.316037,0.249539,-0.069362,0.304332,0.325372,-0.122566,0.166359,0.166359,0.28873,-0.329053,0.0,-0.2842,0.0,0.075945,-0.296217,0.20777,0.249539,0.0,0.134367,-0.227464,0.496925,0.166359,0.066374,0.0,-0.115689,-0.152998,0.987775,0.0,-0.327487,0.062433,-0.342008,0.099937,0.20777,-0.665437,0.166359,-0.995727,0.0,-0.277379,-0.31849,0.326035,-0.665437,-0.514514,0.0,0.124305,-0.194518,0.386333,0.253582,0.249001,0.4311,0.249539,0.0,-0.059867,-0.197669,0.166359,-0.192384,0.135581,-0.239597,0.166359,-0.173827,-0.331317,0.3467,-0.116128,0.429561,0.417879,0.748352,-0.13999,0.496512,0.001514,-0.209825,0.723024,-0.308493,-0.09431,-0.052801,-0.052801,-0.006297,0.105499,0.144876,0.804263,0.496925,0.150808,0.346978,#
16,-0.005573,-0.385423,-0.095005,0.028546,-0.327355,-0.552096,-0.37561,-0.420344,0.055171,-0.385423,0.2392,-0.350332,0.48871,-0.523155,0.089056,0.386516,1.0,-0.450428,-0.022334,0.213079,-0.488517,-0.153326,-0.19567,0.426837,-0.237959,0.249115,0.05411,0.157097,0.216503,-0.385423,-0.024342,0.293758,0.0,0.150409,0.227258,-0.664306,-0.012843,0.119586,-0.373811,0.463801,-0.608818,-0.173824,-0.333183,-0.524675,0.388618,-0.000718,0.194014,-0.553038,-0.337274,0.729772,0.029721,0.06294,0.200381,0.324626,0.679294,0.150409,-0.228072,0.136497,0.247085,-0.165792,0.500829,-0.626135,0.281234,0.029721,-0.256274,-0.147514,0.0,-0.293135,-0.261929,-0.192206,0.528934,0.538498,0.0,-0.154001,0.150409,0.59605,-0.348726,0.144354,0.376486,0.200297,0.40509,0.336424,0.09158,0.07288,-0.538814,-0.457548,0.387614,0.313816,0.273883,-0.328183,0.381183,0.225127,0.039464,0.150409,0.249115,-0.348726,0.336424,0.273819,0.273517,-0.432134,0.029721,0.336424,-0.077969,0.319456,0.000647,0.272616,0.301142,0.090708,-0.171923,0.444878,0.269023,-0.664306,0.039595,0.315911,-0.09415,0.213079,0.271135,0.082478,-0.148588,0.218899,0.225613,-0.098488,-0.154001,0.376486,-0.073063,-0.664306,0.150409,0.528934,-0.338186,0.0,-0.239523,0.0,0.571017,-0.294943,0.260071,0.225613,0.0,0.213079,-0.300763,0.018977,0.150409,0.132798,0.0,0.698281,-0.174351,0.372154,0.0,-0.271415,0.042218,-0.27717,0.590128,0.260071,0.150409,0.150409,-0.346388,0.0,-0.293654,-0.262602,-0.196517,-0.664306,-0.72505,0.0,-0.326154,-0.759476,0.406061,-0.341174,-0.348726,0.440761,0.225613,0.0,0.71298,-0.174127,0.150409,-0.13106,-0.411159,0.338281,0.150409,-0.190084,-0.130994,0.334706,-0.204115,-0.04526,0.995212,-0.046384,-0.227487,0.524529,-0.376595,-0.169655,0.301552,-0.36099,-0.09415,-0.091023,-0.091023,0.527719,0.487849,-0.36011,0.416163,0.525753,-0.312598,0.315252,#
17,0.218017,0.518311,0.434238,0.218163,0.208102,0.193409,-0.234423,-0.029353,0.031329,0.479918,-0.669309,0.208247,0.22422,0.592482,0.007881,-0.498194,-0.450428,1.0,-0.166011,-0.332743,0.185399,0.217666,0.467454,0.023583,0.653495,-0.499115,0.494975,-0.422224,0.234423,0.479918,0.401965,-0.468198,0.0,0.358339,-0.787079,0.281552,0.194738,-0.422224,0.518558,-0.426577,0.384361,0.185518,0.615882,0.18418,0.031953,0.272058,0.24406,0.557485,0.063865,-0.193565,-0.315659,-0.347408,-0.498118,-0.350218,-0.314388,0.006776,-0.036912,0.258987,-0.248148,-0.362992,-0.405466,0.295407,-0.200922,-0.315659,-0.216849,0.306143,0.0,0.0,-0.120358,0.582905,-0.356481,-0.559481,0.0,0.200652,0.358339,0.011993,-0.029296,-0.42281,-0.209505,-0.011268,-0.416146,-0.217832,-0.068755,0.200517,0.79856,-0.295579,-0.407525,-0.653163,0.003488,-0.079866,-0.021023,-0.011268,-0.217545,0.358339,0.0,-0.029296,-0.217832,0.517499,-0.23538,0.132461,-0.315659,-0.217832,-0.073558,0.014253,-0.629735,0.0,0.168428,0.004082,0.668055,0.015216,0.051466,0.281552,0.139254,-0.217832,-0.019952,-0.332743,-0.49886,-0.25775,0.636487,-0.05759,-0.499115,-0.073558,0.200652,-0.209505,-0.401887,0.332743,-0.332743,-0.356481,-0.20977,0.0,0.15276,0.0,-0.005361,0.205754,-0.232949,-0.499115,0.0,0.332743,0.625038,-0.629735,-0.332743,0.089765,0.0,-0.362622,-0.29719,-0.424186,0.0,0.457797,-0.673706,0.461832,-0.399776,-0.232949,0.358339,0.358339,0.482341,0.0,0.144445,0.263449,-0.250815,0.281552,0.616021,0.0,-0.086203,0.638108,-0.401587,-0.260846,-0.029296,-0.586631,-0.499115,0.0,-0.410779,0.176051,-0.332743,-0.086621,-0.040677,0.684894,0.358339,0.452435,0.261144,-0.653163,-0.064909,-0.011359,-0.503034,-0.441193,-0.064909,-0.589406,0.431146,0.428132,-0.514346,0.370957,-0.019952,-0.441029,0.243326,0.051473,-0.247536,-0.473885,-0.619177,-0.203453,0.351678,-0.181282,#
18,0.132191,0.019798,0.056765,0.264582,-0.27835,0.255014,0.194611,0.009703,-0.052194,-0.494957,0.625901,-0.24418,0.139545,0.232545,0.361677,0.469722,-0.022334,-0.166011,1.0,-0.329972,-0.133909,0.595753,-0.564976,-0.055364,-0.648051,0.019798,-0.827374,0.815609,0.194611,-0.494957,-0.379118,0.584306,0.0,-0.329972,0.17126,-0.329972,0.164465,0.815609,0.010084,0.356571,0.048809,-0.180626,-0.244378,0.146725,0.03232,0.574744,0.169252,-0.556756,0.016789,0.186611,-0.400679,0.854394,0.552127,0.723246,-0.341699,0.184007,0.099277,0.117707,0.175866,-0.406765,0.028085,-0.343763,0.198584,-0.400679,-0.014129,-0.413898,0.0,-0.43516,0.09228,-0.513679,0.389709,0.158613,0.0,0.716329,-0.329972,-0.346298,0.554319,-0.04276,-0.190161,0.04997,-0.03988,0.267861,-0.303492,-0.175551,0.070862,0.28492,0.468792,0.284998,-0.494674,0.08774,0.516943,0.070888,0.549096,-0.329972,0.534554,-0.010459,0.267861,0.034488,0.30245,-0.585893,-0.400679,0.267861,-0.337541,0.034488,0.565447,0.019798,-0.53879,-0.075257,0.267941,-0.375702,-0.493753,-0.329972,-0.117211,0.25058,0.036945,-0.329972,0.054842,0.200746,-0.152254,-0.302631,0.039597,-0.354826,0.716329,0.284998,0.378731,0.356369,-0.329972,0.389709,-0.176794,0.0,0.206528,0.0,0.100908,-0.639016,0.309457,0.039597,0.0,0.356369,-0.244618,0.256608,-0.329972,0.165666,0.0,-0.279973,-0.153252,0.442076,0.0,0.054192,-0.110914,0.066253,0.399505,0.309457,-0.329972,-0.329972,-0.493753,0.0,0.242643,-0.398649,0.250715,-0.329972,-0.107126,0.0,0.515179,-0.189054,0.796028,0.229357,0.554319,0.020125,0.039597,0.0,-0.309151,0.464689,0.382767,0.143738,0.416293,-0.172022,-0.329972,-0.023198,-0.3885,-0.172563,-0.496168,0.364775,-0.001835,0.358616,0.015752,0.158264,0.564564,0.005229,0.673282,-0.459206,0.036945,0.373813,0.373813,-0.108431,0.218149,0.395171,0.338073,-0.121264,-0.02508,0.146417,#
19,-0.332806,-0.166667,-0.271931,0.318188,0.241826,-0.333253,-0.508817,-0.166627,-0.407997,-0.166667,0.245848,-0.509023,-0.333053,-0.333211,-0.407888,0.198352,0.213079,-0.332743,-0.329972,1.0,0.33312,-0.218052,0.194322,-0.272099,-0.218218,0.666667,0.187941,0.25804,-0.508817,-0.166667,0.394276,0.091743,0.0,-0.111111,0.234424,-0.111111,-0.332387,-0.407011,-0.16663,0.427333,-0.272071,-0.218052,0.284241,-0.333136,-0.272078,-0.39367,-0.508658,-0.329105,0.217443,-0.508658,0.527029,-0.403266,-0.166334,-0.144791,0.138576,0.411764,0.150809,-0.533552,0.265161,0.242424,0.341516,-0.115413,0.218052,0.527029,0.214096,0.153343,0.0,0.198535,-0.639345,0.160401,-0.061901,0.247268,0.0,-0.217758,-0.111111,0.41646,-0.166307,0.265029,0.481481,-0.166307,0.407661,-0.218218,-0.405914,0.324967,-0.271151,-0.331503,-0.272166,0.481481,0.691522,-0.165812,-0.662849,-0.166307,-0.332631,-0.111111,-0.166667,-0.166307,-0.218218,-0.166582,-0.217758,0.356348,0.527029,-0.218218,-0.270812,0.642529,-0.332631,-0.166667,0.216794,0.367714,-0.217721,0.388544,0.613088,-0.111111,-0.331503,-0.218218,-0.271643,1.0,0.642529,-0.331812,-0.217315,0.269841,-0.166667,-0.270812,-0.217758,0.481481,0.100314,-0.111111,-0.111111,-0.061901,0.207734,0.0,-0.505852,0.0,-0.40728,0.47501,0.19975,-0.166667,0.0,-0.111111,-0.505531,0.317338,-0.111111,0.303534,0.0,0.095667,-0.217147,0.148344,0.0,0.031247,0.324095,-0.165812,-0.407886,0.19975,-0.111111,-0.111111,-0.166261,0.0,-0.50353,0.031247,-0.217758,-0.111111,-0.31798,0.0,-0.405723,-0.218077,-0.272031,-0.508101,-0.166307,0.24354,-0.166667,0.0,0.179008,-0.949901,-0.111111,0.159086,-0.407494,-0.217859,-0.111111,0.228765,-0.240772,0.481481,0.220998,-0.264489,0.211158,0.205589,0.220998,0.310366,-0.525734,-0.660267,0.171753,0.324811,-0.271643,0.183383,0.183383,-0.437382,-0.312678,0.287259,0.52703,0.317338,-0.406021,-0.218071,#
20,-0.203297,0.019987,-0.387214,0.219034,0.225005,0.611864,0.217925,-0.010579,-0.391427,0.479693,-0.183598,0.208483,-0.596016,0.21853,-0.796214,0.039134,-0.488517,0.185399,-0.133909,0.33312,1.0,-0.21861,0.009551,-0.815775,0.200632,0.0,0.023884,-0.024565,-0.200491,0.479693,0.384013,-0.358838,0.0,-0.33312,-0.210144,0.306471,-0.212487,-0.42334,0.01018,0.007765,0.399522,-0.252081,0.278434,0.199754,-0.399859,-0.114218,-0.631231,0.255177,0.431565,-0.648756,0.316016,-0.314015,-0.028227,-0.438435,-0.366111,0.176358,0.489817,-0.612431,0.214643,0.363404,-0.41271,0.241444,0.217215,0.316016,-0.41773,-0.30649,0.0,0.51842,-0.01484,0.031013,-0.556741,-0.296531,0.0,0.216949,0.33312,-0.324631,0.517374,0.003321,-0.234418,-0.02933,-0.023965,-0.218078,-0.062041,-0.217125,0.363694,0.15294,-0.407987,0.209742,0.499394,0.479042,-0.528788,0.498603,-0.615776,-0.33312,-0.49968,-0.010559,-0.218078,-0.499426,0.200879,0.559433,0.316016,-0.218078,0.36112,-0.014269,-0.203119,-0.49968,0.150384,-0.261928,0.199479,-0.419359,-0.031154,0.306471,-0.282962,-0.654235,0.003305,0.33312,0.499426,-0.245229,0.156898,-0.060913,-0.0,-0.075132,0.216949,0.209742,-0.40536,0.35977,-0.33312,-0.556741,0.231718,0.0,-0.725412,0.0,-0.430278,0.624664,-0.233559,-0.0,0.0,-0.33312,-0.195575,0.186613,-0.33312,0.089526,0.0,-0.416144,0.17616,0.078121,0.0,0.457912,0.148063,-0.06327,-0.807558,-0.233559,-0.33312,0.33312,-0.049846,0.0,0.227868,-0.291535,0.216949,0.306471,0.016879,0.0,-0.058103,0.654925,-0.402042,0.218779,0.517374,0.045714,-0.0,0.0,-0.313752,-0.491907,0.33312,-0.07111,0.40832,-0.243334,0.33312,0.018066,0.102263,0.209742,0.531381,-0.399436,-0.44778,0.359442,0.531381,-0.612769,0.316499,-0.600019,-0.288888,0.426282,0.003305,-0.284135,0.375621,-0.803888,-0.171643,0.38894,0.328657,0.17194,-0.072063,0.227407,#
21,0.197977,0.196247,0.382366,0.214045,-0.053458,-0.232195,-0.048281,-0.326999,0.08828,-0.327078,0.426912,-0.053495,0.241513,0.213885,0.541562,0.325637,-0.153326,0.217666,0.595753,-0.218052,-0.21861,1.0,0.318,0.38313,-0.428245,-0.327078,-0.386443,0.507787,0.427212,-0.327078,-0.06204,0.383167,0.0,-0.218052,-0.139548,-0.218052,0.17018,0.507787,0.186331,0.364252,-0.115503,0.086345,-0.127027,0.217252,-0.062119,0.230938,0.434954,-0.218255,0.015647,-0.023899,-0.013791,0.599871,-0.326425,0.427168,-0.411497,0.233443,-0.238411,0.446255,-0.020959,-0.444033,0.01031,-0.224257,0.429441,-0.013791,0.236977,0.216224,0.0,-0.784262,-0.086344,0.357609,-0.105279,0.288277,0.0,0.506237,-0.218052,-0.00681,0.165106,0.037779,0.075914,-0.326373,-0.088891,0.066616,-0.796593,0.209542,0.397866,-0.258695,-0.071215,-0.428028,-0.32689,-0.325401,0.304153,-0.326373,0.624765,-0.218052,0.239857,0.165106,0.066616,0.255925,-0.427343,-0.244763,-0.013791,0.066616,-0.531458,0.255925,0.156566,0.239857,-0.472166,0.482823,0.543487,-0.05795,-0.326282,-0.218052,-0.172973,0.066616,-0.137522,-0.218052,-0.326911,0.250372,0.116627,-0.308388,-0.327078,-0.531458,0.506237,0.075914,0.199146,0.479714,-0.218052,-0.105279,-0.523831,0.0,0.427675,0.0,-0.324276,-0.422274,-0.068601,-0.327078,0.0,0.537861,0.446532,-0.268614,-0.218052,0.141674,0.0,-0.465374,-0.426144,0.333311,0.0,0.022076,-0.651169,0.289903,0.098673,-0.068601,-0.218052,-0.218052,-0.326282,0.0,-0.10441,0.226479,-0.006574,-0.218052,0.254384,0.0,0.081941,0.038244,0.361415,-0.066475,0.165106,-0.228579,-0.327078,0.0,-0.475603,0.256462,-0.218052,-0.22138,0.071084,0.095568,-0.218052,0.339445,-0.011813,-0.428028,-0.238535,0.80057,-0.204163,0.191113,-0.238535,0.230758,0.171956,0.338495,0.519129,0.080801,-0.137522,0.215929,0.215929,0.063443,-0.20915,0.061829,0.0,-0.184578,0.559887,0.037214,#
