0,1.0,0.387162,-0.327252,0.015255,0.720193,0.232517,-0.327327,-0.327241,-0.408107,0.387162,0.268839,0.331318,0.041211,0.232517,0.110859,0.560112,-0.25,-0.322523,-0.081057,-0.762154,0.375,-0.327327,-0.058859,-0.995636,-0.24994,-0.202248,0.222161,-0.354787,0.127716,0.763763,-0.611451,0.427349,0.666667,-0.407885,0.024172,-0.249935,-0.498933,-0.358239,-0.24994,0.110859,0.225249,0.389135,-0.611243,0.318173,-0.25,0.242536,-0.305888,-0.214516,-0.16044,0.136643,0.060086,-0.352958,0.387654,-0.037573,0.414725,0.567017,0.645511,0.363242,0.149261,-0.323847,-0.060193,-0.134175,-0.239131,-0.51733,0.342218,0.101453,-0.25,0.266111,0.088324,0.42945,-0.354787,0.769333,0.399601,-0.406816,-0.189889,0.173405,-0.762738,0.109195,0.133631,-0.418754,-0.611807,-0.053001,0.011355,-0.166667,-0.404368,-0.407971,-0.204642,-0.092351,-0.404368,-0.34058,0.222132,-0.759555,0.005615,0.064958,-0.248675,-0.194527,0.247865,-0.760015,-0.499604,0.376605,-0.305888,-0.609741,-0.13647,0.239074,-0.620315,-0.087393,0.231036,-0.356416,-0.071734,0.375,-0.408248,-0.166667,0.133631,-0.327161,-0.762738,0.334656,-0.082359,0.133631,0.194501,-0.204642,-0.992753,-0.327154,-0.200062,0.017228,0.198942,-0.204642,-0.406494,-0.665165,0.339951,-0.762738,-0.704927,-0.327327,0.153338,-0.327161,-0.611749,-0.499604,0.0,-0.408034,-0.96955,-0.620315,-0.611749,-0.358609,-0.762738,0.176414,0.197693,0.214795,-0.189889,0.666667,0.133631,-0.407971,-0.408034,-0.356416,-0.327161,0.109195,-0.200062,-0.49973,-0.611464,0.243404,-0.759555,-0.759555,-0.674596,-0.087393,0.218218,0.07194,-0.404368,0.130347,-0.499613,0.34534,-0.249873,-0.499604,-0.288886,-0.196884,-0.408046,0.222132,0.762835,0.164161,-0.25,0.248082,0.523734,-0.361884,0.248082,0.288185,-0.181033,0.626906,0.43925,-0.620315,0.133685,-0.408248,-0.196228,0.412805,-0.704927,0.255543,0.784476,0.523734,-0.068277,-0.248549,0.133685,-0.053001,0.140544,0.230447,#
1,0.387162,1.0,-0.327173,-0.499473,0.305767,0.243434,-0.327248,-0.327163,0.102206,1.0,-0.2459,0.480288,0.051704,0.770987,0.26768,0.177395,-0.24994,0.289205,0.445709,-0.761971,0.387162,-0.327248,0.466967,-0.412782,-0.24988,-0.255344,0.223352,-0.415558,0.138184,0.763579,-0.611304,-0.091921,-0.166627,-0.407787,-0.025587,0.375062,-0.498813,-0.418759,-0.24988,0.26768,-0.327169,0.030513,-0.611096,0.464998,-0.24994,0.002377,0.365028,0.311185,-0.745648,0.314193,0.294335,-0.996628,0.40006,-0.089532,0.414625,0.045851,0.329006,0.365028,0.158978,-0.323769,-0.060179,0.680609,0.089066,-0.350527,-0.085294,0.139879,-0.24994,-0.135092,0.116438,0.148728,-0.415558,0.593784,0.412234,0.039636,-0.294071,0.173363,-0.762555,-0.407948,-0.71028,-0.40733,-0.61166,-0.842606,-0.499493,-0.166627,0.147728,-0.407873,-0.762572,-0.611681,0.147728,-0.459821,-0.411429,-0.294071,-0.499628,0.074203,0.230116,-0.297809,0.139194,-0.290336,-0.499484,-0.152574,0.365028,-0.170152,-0.127132,-0.327075,-0.777312,-0.611602,-0.40733,-0.997726,-0.170152,-0.24994,0.139194,-0.166627,-0.71028,-0.327082,-0.762555,0.238694,-0.61166,-0.71028,-0.326405,-0.762572,-0.459821,-0.327075,-0.762555,-0.499484,0.133246,-0.762572,0.033046,0.125745,0.101865,-0.762555,0.020255,-0.327248,-0.173053,-0.327082,-0.611602,-0.499484,0.0,-0.407936,-0.323725,-0.777312,-0.611602,-0.347276,-0.762555,-0.656815,-0.596813,-0.621194,-0.294071,0.682842,-0.71028,-0.407873,-0.407936,-0.997726,-0.327082,-0.407948,-0.762555,-0.49961,-0.129097,0.77641,-0.294071,-0.294071,-0.674434,-0.611602,-0.327248,0.081325,0.147728,0.109631,-0.499493,0.185459,-0.249812,-0.499484,-0.327081,0.32849,-0.407948,-0.411429,0.219452,0.020255,-0.24994,0.751428,0.493412,-0.507138,0.751428,0.249944,-0.224364,0.596336,0.407946,-0.777312,0.611607,0.139194,-0.244264,0.997486,0.020255,-0.330759,0.225678,0.493412,-0.088945,-0.24849,0.112438,-0.842606,0.025956,-0.327007,#
2,-0.327252,-0.327173,1.0,0.661048,0.068146,0.053225,-0.428473,0.505153,0.326932,-0.327173,0.317792,-0.350365,0.150912,-0.428367,-0.422728,-0.074537,0.231976,0.251903,-0.359279,0.428265,-0.327252,-0.428473,0.456568,0.318539,0.7496,0.411912,-0.503264,-0.220289,-0.107927,-0.428473,0.542856,0.534392,-0.218168,-0.069116,-0.220017,0.200222,0.643396,-0.204667,0.7496,-0.422728,0.029366,0.256557,0.094529,-0.78914,0.211264,-0.596784,-0.226181,-0.072976,0.406813,-0.71253,0.139495,0.319213,0.200222,0.5267,0.10046,-0.191429,-0.28879,-0.226181,-0.225061,-0.03974,-0.338117,-0.24498,0.259713,-0.178145,0.113409,0.194442,0.211264,0.390155,0.382705,-0.576384,-0.220289,-0.552298,-0.326925,-0.087832,0.442594,0.19932,0.420795,0.349583,0.217627,0.334729,0.534557,0.167737,-0.196801,0.499853,-0.222327,-0.107194,0.409266,0.08665,0.369733,0.345443,0.32283,-0.020976,-0.201993,-0.057829,-0.012784,-0.029009,0.357072,0.454944,0.649609,0.077458,-0.226181,0.558848,0.546934,0.493297,0.230079,0.052613,0.334729,0.311822,0.077458,-0.327252,0.357072,-0.218168,0.217627,0.068836,0.420795,-0.051399,0.060825,0.217627,0.081376,-0.044903,0.345443,0.078394,0.420795,0.187166,0.218112,0.409266,-0.050714,0.207992,-0.391887,0.420795,0.25809,0.059661,0.298721,-0.428256,0.521788,-0.23341,0.0,-0.101023,0.133935,0.230079,0.09509,0.407625,0.420795,0.189246,-0.01072,0.199518,-0.067123,-0.218168,0.217627,-0.064702,-0.101023,0.311822,0.068836,-0.534135,0.420795,0.196996,0.519051,0.030627,0.442594,0.442594,0.442324,0.521788,0.059661,-0.094568,0.369733,-0.088552,0.219003,-0.798178,0.195778,0.187166,0.429127,0.006525,-0.071326,0.32283,-0.423168,0.25809,-0.327252,0.044773,-0.233289,0.185886,-0.435173,-0.226754,-0.054772,-0.532856,-0.374355,0.230079,-0.107697,-0.176845,0.419061,-0.34239,0.25809,0.027809,0.026997,0.207765,0.079296,0.26185,-0.107697,0.167737,-0.343066,-0.428158,#
3,0.015255,-0.499473,0.661048,1.0,0.158435,-0.210586,-0.65412,0.627101,-0.022742,-0.499473,0.521534,-0.097325,-0.253353,-0.653959,0.153157,0.336968,0.015255,-0.081329,-0.813005,0.188962,-0.499593,-0.65412,-0.059901,-0.024256,0.491847,0.646129,-0.361655,0.005111,-0.045816,-0.204725,0.390853,0.816622,0.353401,-0.387184,0.216691,-0.013928,0.196559,0.014748,0.491847,0.153157,0.222569,0.149966,-0.024267,-0.894347,0.472897,-0.353333,-0.620027,-0.254044,0.595858,-0.592369,0.117018,0.488296,-0.013928,0.790717,0.029825,-0.131908,-0.246178,-0.068828,-0.293726,-0.293477,-0.129473,-0.357314,-0.461292,-0.091497,-0.11485,0.199646,0.472897,0.109745,0.504921,-0.408355,0.005111,-0.034662,-0.041909,-0.009911,0.684587,0.345548,0.187692,0.424239,0.345671,-0.014098,0.388215,0.330678,0.211496,0.327977,-0.515353,-0.422308,0.231483,0.022364,0.029721,0.537564,0.502929,-0.211459,0.197955,-0.376459,-0.613667,-0.163784,0.08274,0.230025,0.201746,0.030822,-0.620027,0.418382,0.40342,0.661069,0.364679,0.372838,0.52117,0.486071,0.418382,0.015255,-0.457738,0.302552,0.345671,0.204056,0.187692,0.244652,0.388215,0.345671,0.2451,0.215401,0.000332,0.220548,0.651199,0.574052,0.359624,0.231483,-0.369139,-0.361271,-0.276332,0.187692,-0.308316,-0.204725,0.486872,-0.653788,-0.004888,-0.238889,0.0,-0.033287,-0.143401,0.364679,-0.019997,-0.118163,0.187692,0.315164,0.183961,0.305883,0.215321,-0.333062,0.345671,-0.005334,-0.033287,0.486071,-0.196146,-0.389347,0.651199,0.161684,-0.007183,-0.231254,-0.195045,-0.195045,0.318384,0.427053,0.244671,-0.410438,0.029721,-0.395693,-0.194694,-0.395963,-0.01797,-0.223997,0.136137,-0.583998,-0.389347,0.038367,-0.207176,0.407601,-0.499593,-0.213053,-0.198796,0.211258,-0.65491,-0.009862,-0.203234,-0.395693,-0.020491,0.364679,-0.421364,-0.476643,0.650374,-0.511739,-0.308316,0.640261,0.212439,0.207255,-0.398723,0.043909,-0.421364,0.330678,0.002144,0.202532,#
4,0.720193,0.305767,0.068146,0.158435,1.0,0.129918,-0.421848,0.081129,-0.071348,0.305767,0.034257,0.491395,-0.109348,0.129918,-0.120217,0.788201,-0.322192,-0.171153,-0.264233,-0.486992,0.293763,-0.421848,0.217367,-0.719866,0.257468,-0.110589,0.267065,-0.845742,0.451936,0.48802,-0.321487,0.538864,0.353779,-0.525669,0.171639,0.234717,-0.192722,-0.290554,0.257468,-0.120217,0.4385,0.122659,-0.324368,0.016504,0.246382,0.239025,-0.104352,0.055425,-0.04898,-0.29964,0.17866,-0.281317,0.306254,-0.010444,0.067372,0.247166,0.538295,0.352187,-0.18482,-0.417364,-0.351374,-0.182608,-0.044497,-0.387139,0.5374,0.233298,0.246382,0.41252,0.247745,0.423234,-0.845742,0.421824,0.318083,-0.524291,-0.100768,0.194266,-0.499553,-0.172968,0.157747,-0.156539,-0.333586,-0.148664,-0.295257,-0.214794,-0.130981,-0.075111,-0.1227,-0.434071,-0.130981,-0.274124,0.275412,-0.489444,-0.299255,-0.059541,-0.475167,-0.107986,0.308387,-0.485625,-0.199823,0.485355,-0.104352,-0.32357,0.138993,0.451196,-0.582398,0.019876,0.286805,-0.297218,0.043505,0.104239,-0.139272,-0.214794,0.157747,-0.421634,-0.499553,0.421536,0.02765,0.157747,0.471842,-0.602219,-0.719094,-0.421625,-0.115646,0.152806,0.23628,-0.1227,-0.523876,-0.357975,0.327666,-0.499553,-0.396044,-0.421848,0.164403,-0.421634,-0.337886,-0.199823,0.0,-0.068591,-0.770167,-0.582398,-0.788401,-0.081558,-0.499553,0.207543,0.241156,0.248084,-0.100768,0.606478,0.157747,-0.525779,-0.525861,-0.297218,-0.421634,-0.172968,-0.115646,-0.194708,-0.340469,0.625076,-0.489444,-0.489444,-0.5876,0.019876,-0.049629,-0.05272,-0.130981,-0.010823,-0.643885,0.335471,-0.322027,-0.199823,0.053863,0.077946,-0.525876,0.275412,0.478954,0.196924,-0.322192,0.126566,0.198521,-0.265645,0.126566,0.335974,-0.589118,0.327974,0.537135,-0.582398,-0.0111,-0.70299,-0.115575,0.307632,-0.396044,-0.037175,0.980508,0.646945,-0.266802,-0.320322,-0.0111,-0.148664,-0.031964,-0.041139,#
5,0.232517,0.243434,0.053225,-0.210586,0.129918,1.0,0.041343,-0.428354,-0.085926,0.243434,0.293781,-0.29498,0.276113,0.072975,-0.42272,-0.017485,0.210987,0.399285,0.112385,-0.060009,0.232517,0.041343,0.60217,-0.236834,-0.327167,-0.51525,0.291898,-0.242051,-0.054212,0.060135,0.082891,0.11169,-0.218164,0.327666,-0.237579,-0.327161,0.19942,-0.247481,-0.327167,-0.42272,-0.428362,0.273734,0.077203,0.148971,-0.327246,-0.572291,0.435964,-0.054591,-0.005377,0.400263,0.370717,-0.236923,0.243877,-0.301567,0.100682,0.691351,0.011117,0.435964,0.632412,-0.423911,-0.078794,-0.21635,0.256105,-0.177852,0.535528,0.42869,-0.327246,0.549054,-0.168668,-0.424073,-0.242051,0.005546,0.254653,-0.532515,-0.503663,0.226984,-0.056209,-0.088691,0.173276,0.301179,0.085718,-0.078507,0.201632,-0.218164,-0.234265,-0.107408,-0.063871,0.068993,0.335568,-0.20743,-0.234984,-0.040337,-0.218956,0.779705,0.424571,-0.048203,0.323195,-0.03234,0.211463,0.040978,0.435964,-0.334824,0.085026,-0.428239,-0.498037,-0.800769,0.301179,-0.232044,-0.798141,-0.327246,0.323195,-0.218164,0.173276,0.050182,-0.056209,-0.532943,-0.370229,0.173276,-0.427361,-0.063871,-0.20743,0.519912,-0.056209,-0.653974,0.21701,-0.063871,0.3688,0.206896,0.235878,-0.056209,0.213221,0.041343,0.196943,0.023602,0.077267,-0.233619,0.0,-0.101241,-0.225437,-0.498037,0.077267,0.374296,-0.056209,0.18816,0.25723,0.226758,-0.994245,0.528186,0.173276,0.344307,-0.101241,-0.232044,0.502032,-0.113437,-0.056209,-0.228788,-0.346451,0.082797,-0.040337,-0.040337,-0.082755,0.077267,0.041343,0.334753,0.335568,0.793883,0.201632,-0.258943,-0.327079,-0.233619,-0.411766,0.326292,0.331997,0.289533,0.072094,0.213221,-0.327246,0.536067,-0.189962,-0.183338,0.074139,0.343691,-0.044114,-0.061364,-0.329589,-0.498037,-0.062936,0.323195,-0.510338,0.24925,0.213221,-0.418485,0.074139,0.234534,0.533888,0.157978,0.375639,-0.078507,-0.298888,-0.42815,#
6,-0.327327,-0.327248,-0.428473,-0.65412,-0.421848,0.041343,1.0,-0.42846,-0.079969,-0.327248,-0.322036,-0.326275,0.251805,0.041343,-0.422824,-0.527102,0.218218,-0.177017,0.495269,0.445945,0.218218,1.0,-0.333945,0.361028,-0.327248,-0.490171,0.207769,0.352695,-0.084509,-0.428571,0.094692,-0.800797,-0.218218,0.792674,-0.232085,-0.327242,0.228121,0.344823,-0.327248,-0.422824,0.05379,-0.160894,0.550637,0.581028,-0.327327,0.370479,0.350438,-0.022928,0.00757,0.377693,-0.387525,0.339312,-0.327242,-0.787116,-0.370621,0.140918,0.0,-0.233626,0.195427,0.600177,0.183896,-0.217504,0.445925,0.395676,0.234702,-0.339463,-0.327327,0.028034,-0.655309,0.312379,0.352695,-0.476317,-0.327,-0.05565,-0.497245,-0.529761,0.447486,-0.082772,0.25828,0.365518,0.097563,0.39323,0.213093,-0.218218,0.401092,0.813957,0.435739,0.534047,-0.176481,-0.192917,-0.178256,0.46962,0.22791,0.368551,0.481431,0.457356,-0.184538,-0.019512,0.223058,0.114794,0.350438,-0.328727,-0.334057,-0.428345,0.270728,0.114424,-0.201665,0.342216,-0.328727,0.218218,0.388165,-0.218218,0.25828,0.056575,0.447486,-0.488726,0.097563,0.25828,0.027285,0.435739,0.376347,0.038441,-0.043657,-0.203007,-0.506481,0.435739,0.380906,0.264433,0.233148,0.447486,0.299227,0.52381,-0.37285,0.999492,0.546692,0.674185,0.0,0.369066,0.409348,0.270728,0.546692,0.438228,0.447486,0.245238,0.337278,0.226089,0.0,-0.218218,0.25828,0.356106,0.369066,0.342216,0.514563,0.795116,-0.043657,0.233316,0.119629,-0.428241,0.46962,0.46962,0.228324,0.088996,0.047619,0.382,-0.176481,0.360291,0.659103,0.259376,0.233686,0.674185,0.132895,0.362804,0.795116,0.353386,0.059756,-0.459376,0.763763,-0.406751,-0.201685,0.219574,0.061452,-0.200558,0.436014,-0.073142,-0.341734,0.270728,-0.075015,0.388165,-0.503964,-0.309336,0.299227,-0.418985,-0.406751,-0.631947,0.533664,0.164463,0.369517,0.39323,-0.041969,0.058398,#
7,-0.327241,-0.327163,0.505153,0.627101,0.081129,-0.428354,-0.42846,1.0,0.332069,-0.327163,-0.321952,0.112103,-0.314917,-0.428354,0.08884,0.40188,-0.327241,0.205381,-0.36562,0.391261,-0.327241,-0.42846,-0.007139,0.29668,0.756445,0.392918,-0.520971,-0.256085,0.340619,-0.42846,0.507993,0.499744,-0.218161,-0.533908,0.236871,0.214194,0.188137,-0.218923,0.756445,0.08884,0.041498,-0.226062,0.083586,-0.789115,0.778304,0.055772,-0.305708,0.416933,0.273979,-0.741403,0.111716,0.277071,0.19254,0.394637,-0.365401,-0.64943,-0.285455,-0.305708,-0.45588,-0.045329,-0.078792,-0.244572,-0.412994,-0.193347,-0.419414,0.166298,0.778304,-0.115894,0.359727,-0.06077,-0.256085,-0.236725,0.203217,0.362166,0.414263,0.226982,0.392813,-0.119348,0.174918,0.302419,0.508222,-0.069376,-0.227164,0.489388,0.33683,-0.095876,-0.084682,-0.384299,0.33683,0.313014,0.290764,-0.042546,-0.232023,-0.533357,-0.533038,-0.522133,-0.223605,0.426357,0.192187,0.082689,-0.305708,0.532087,0.520371,0.49879,0.187378,0.495707,0.302419,0.279922,0.532087,-0.327241,-0.223605,0.518869,0.174918,0.035814,0.392813,0.438053,0.508222,0.174918,0.094859,-0.084682,0.313014,0.044738,0.392813,0.623897,0.188855,-0.084682,-0.532087,0.178935,-0.598752,0.392813,0.214882,-0.42846,0.200714,-0.428242,0.057712,0.209456,0.0,0.355022,0.226866,0.187378,0.057712,0.121792,0.392813,0.160419,-0.046414,0.143708,0.414263,-0.218161,0.174918,-0.095876,0.33724,0.279922,-0.428242,-0.534118,0.392813,0.638917,0.052464,0.042786,-0.06158,-0.06158,0.405226,0.057712,-0.42846,-0.100954,0.33683,-0.560607,-0.244237,-0.181554,0.188163,0.192187,0.399411,-0.48989,-0.534118,-0.247922,-0.452323,0.214882,-0.327241,-0.465155,-0.267027,-0.161437,-0.465155,-0.253778,-0.571422,-0.560607,0.059231,0.187378,-0.142558,-0.223605,0.385283,-0.377223,0.214882,0.478657,0.009251,-0.249588,-0.398991,0.253296,-0.142558,-0.069376,0.212753,0.032085,#
8,-0.408107,0.102206,0.326932,-0.022742,-0.071348,-0.085926,-0.079969,0.332069,1.0,0.102206,-0.401511,-0.13486,-0.494261,-0.085926,-0.025371,-0.237332,-0.408107,0.293203,0.273417,0.04562,-0.408107,-0.079969,0.609832,0.33516,0.591196,0.029675,-0.374292,-0.167117,-0.270525,-0.079969,0.216846,-0.199058,-0.272071,-0.265235,0.392435,0.612426,0.356974,-0.154824,0.591196,-0.025371,-0.109447,-0.409389,-0.166302,-0.112414,0.091616,-0.101,-0.098085,0.489176,0.031348,-0.540704,0.238207,-0.158266,0.081396,0.204312,-0.161192,-0.399971,-1e-06,-0.098085,-0.560246,-0.172154,-0.338905,0.368457,0.05142,-0.039077,-0.321669,0.138576,0.091616,0.05304,-0.18225,-0.119226,-0.167117,-0.416045,-0.407699,0.127843,0.015815,0.257396,0.04728,-0.275518,-0.45759,-0.133975,0.217345,-0.527943,-0.413654,0.394226,0.35883,0.142711,0.036774,-0.197868,0.35883,0.33001,-0.651943,0.033739,-0.815801,-0.247097,0.044397,0.023205,0.343904,0.478522,0.37153,0.240375,-0.098085,0.190588,-0.19115,0.321104,0.154198,-0.206714,-0.133975,-0.155549,0.190588,-0.408107,0.343904,-0.272071,-0.45759,-0.534066,0.04728,0.037092,0.217345,-0.45759,-0.060863,-0.384678,0.33001,-0.08866,0.04728,-0.03501,0.18889,0.036774,0.133033,0.17684,-0.626133,0.04728,0.187555,-0.534337,0.067869,-0.097065,0.205744,-0.018749,0.0,0.154455,0.35706,0.154198,-0.190216,-0.039425,0.04728,-0.498909,-0.600834,-0.488071,0.015815,-0.272071,-0.45759,-0.253384,0.154455,-0.155549,-0.097065,-0.259243,0.04728,0.38543,0.198323,0.335255,0.463914,0.463914,-0.127735,0.205744,-0.534337,0.166369,0.35883,-0.28557,-0.027804,-0.21351,0.077299,0.37153,0.212513,-0.029881,-0.259243,-0.144664,-0.564097,0.187555,-0.408107,-0.133354,-0.050292,0.20613,-0.133354,-0.15491,0.041771,-0.28557,-0.218231,0.154198,0.114311,-0.151551,0.040481,0.048523,0.187555,-0.155772,-0.151224,-0.050292,-0.212782,0.606605,0.114311,-0.527943,0.2935,-0.533943,#
9,0.387162,1.0,-0.327173,-0.499473,0.305767,0.243434,-0.327248,-0.327163,0.102206,1.0,-0.2459,0.480288,0.051704,0.770987,0.26768,0.177395,-0.24994,0.289205,0.445709,-0.761971,0.387162,-0.327248,0.466967,-0.412782,-0.24988,-0.255344,0.223352,-0.415558,0.138184,0.763579,-0.611304,-0.091921,-0.166627,-0.407787,-0.025587,0.375062,-0.498813,-0.418759,-0.24988,0.26768,-0.327169,0.030513,-0.611096,0.464998,-0.24994,0.002377,0.365028,0.311185,-0.745648,0.314193,0.294335,-0.996628,0.40006,-0.089532,0.414625,0.045851,0.329006,0.365028,0.158978,-0.323769,-0.060179,0.680609,0.089066,-0.350527,-0.085294,0.139879,-0.24994,-0.135092,0.116438,0.148728,-0.415558,0.593784,0.412234,0.039636,-0.294071,0.173363,-0.762555,-0.407948,-0.71028,-0.40733,-0.61166,-0.842606,-0.499493,-0.166627,0.147728,-0.407873,-0.762572,-0.611681,0.147728,-0.459821,-0.411429,-0.294071,-0.499628,0.074203,0.230116,-0.297809,0.139194,-0.290336,-0.499484,-0.152574,0.365028,-0.170152,-0.127132,-0.327075,-0.777312,-0.611602,-0.40733,-0.997726,-0.170152,-0.24994,0.139194,-0.166627,-0.71028,-0.327082,-0.762555,0.238694,-0.61166,-0.71028,-0.326405,-0.762572,-0.459821,-0.327075,-0.762555,-0.499484,0.133246,-0.762572,0.033046,0.125745,0.101865,-0.762555,0.020255,-0.327248,-0.173053,-0.327082,-0.611602,-0.499484,0.0,-0.407936,-0.323725,-0.777312,-0.611602,-0.347276,-0.762555,-0.656815,-0.596813,-0.621194,-0.294071,0.682842,-0.71028,-0.407873,-0.407936,-0.997726,-0.327082,-0.407948,-0.762555,-0.49961,-0.129097,0.77641,-0.294071,-0.294071,-0.674434,-0.611602,-0.327248,0.081325,0.147728,0.109631,-0.499493,0.185459,-0.249812,-0.499484,-0.327081,0.32849,-0.407948,-0.411429,0.219452,0.020255,-0.24994,0.751428,0.493412,-0.507138,0.751428,0.249944,-0.224364,0.596336,0.407946,-0.777312,0.611607,0.139194,-0.244264,0.997486,0.020255,-0.330759,0.225678,0.493412,-0.088945,-0.24849,0.112438,-0.842606,0.025956,-0.327007,#
10,0.268839,-0.2459,0.317792,0.521534,0.034257,0.293781,-0.322036,-0.321952,-0.401511,-0.2459,1.0,-0.278537,0.102777,-0.321957,0.039591,-0.071686,0.469039,-0.211652,-0.598105,-0.103095,-0.245959,-0.322036,0.005579,-0.242874,-0.2459,0.351389,0.156121,0.281182,-0.401275,0.127317,0.007672,0.439728,0.522425,0.192987,-0.060097,-0.245895,0.098029,0.2752,-0.2459,0.039591,0.13312,0.429237,-0.018647,-0.282762,-0.245959,-0.613187,-0.287822,-0.749441,0.418079,0.137908,0.063697,0.286249,-0.245895,0.517522,0.408022,0.535329,-0.103385,0.263326,0.226533,-0.318613,-0.059223,-0.163437,-0.041284,0.149655,0.340042,0.104456,-0.245959,0.264959,0.253615,-0.56007,0.281182,0.142864,-0.245714,-0.400241,0.373639,0.170602,-0.106711,0.616312,0.225378,-0.236883,0.003769,0.469293,0.513881,-0.163973,-0.976498,-0.401377,0.347759,0.420222,-0.219523,0.306558,0.289039,-0.095582,0.502719,0.207127,-0.090014,0.364244,0.315582,-0.09016,0.099725,-0.156742,-0.287822,0.015592,0.009639,0.144523,0.234726,-0.169961,0.298334,0.280524,-0.156742,0.268839,-0.224844,-0.163973,0.225378,0.313681,-0.106711,-0.270053,-0.165824,0.225378,0.107917,0.347759,-0.230623,0.325897,0.356752,-0.065826,0.228347,0.347759,0.215554,-0.484897,0.334455,-0.106711,-0.459336,0.302065,0.366372,-0.321873,-0.002,-0.491529,0.0,-0.401439,-0.320934,0.234726,-0.002,-0.178868,-0.106711,0.205704,0.282906,0.211323,-0.278057,-0.163973,0.225378,0.198688,-0.401439,0.280524,0.313681,0.024589,0.356752,-0.491653,0.001447,-0.321788,-0.095582,-0.095582,0.045044,0.429901,0.751418,-0.401072,-0.219523,0.207769,0.093008,-0.368607,-0.245834,-0.491529,-0.284217,-0.081085,0.190272,0.289039,0.153801,0.256513,-0.245959,0.329981,-0.048637,0.425505,-0.283652,0.283526,0.349617,0.048711,-0.150459,0.234726,-0.36952,-0.224844,0.363837,-0.206898,-0.459336,0.162921,0.158164,0.515269,0.012355,-0.244532,-0.36952,0.469293,-0.332227,0.137428,#
11,0.331318,0.480288,-0.350365,-0.097325,0.491395,-0.29498,-0.326275,0.112103,-0.13486,0.480288,-0.278537,1.0,-0.282184,0.162268,0.469747,0.628696,-0.60317,0.189139,-0.192122,-0.487671,0.479987,-0.326275,-0.119864,-0.340182,-0.083434,-0.179421,0.413056,-0.460814,0.733034,0.489413,-0.202417,0.113777,0.107608,-0.542783,0.347171,0.43783,-0.800087,0.029516,-0.083434,0.469747,0.451024,-0.508055,-0.193862,0.145961,0.416272,0.366755,0.165011,-0.015472,-0.628007,0.073433,0.46031,-0.472304,-0.039692,0.018584,-0.273135,-0.05098,-0.054841,0.005846,-0.400698,-0.282935,0.366137,0.333057,-0.32578,0.01201,-0.066452,-0.326366,0.416272,-0.077488,0.000187,0.442662,-0.460814,0.59156,0.459988,-0.173731,-0.20326,-0.290917,-0.495434,-0.228691,-0.339274,-0.340535,-0.210699,-0.425043,-0.065209,-0.402113,0.174885,-0.134673,-0.594884,-0.717085,0.174885,-0.529913,0.039203,-0.067753,-0.078041,-0.565688,-0.486219,-0.171868,-0.505616,-0.052955,-0.807297,0.125538,0.165011,0.19562,0.221186,-0.006841,-0.382668,0.098001,-0.4951,-0.482038,0.067644,0.31008,-0.349546,0.277515,-0.339274,0.110544,-0.495434,0.279272,0.113146,-0.339274,0.012511,-0.594884,-0.37478,-0.353183,-0.629277,-0.093082,0.420266,-0.594884,-0.142804,-0.122192,0.316853,-0.495434,-0.189666,-0.326275,-0.497242,-0.317369,-0.626612,0.029856,0.0,-0.164578,-0.208423,-0.382668,-0.626612,-0.433823,-0.495434,-0.299296,-0.145962,-0.283588,0.280691,0.33415,-0.339274,-0.580283,-0.122379,-0.482038,-0.789333,-0.228691,-0.629277,-0.400053,-0.208262,0.601472,-0.506535,-0.506535,-0.371458,-0.305882,-0.456044,-0.55982,0.174885,-0.521821,-0.771321,0.614866,-0.057011,-0.36823,0.1507,0.06393,-0.545069,-0.457528,0.465713,0.341924,-0.07221,0.150831,-0.035595,-0.430706,0.150831,0.59869,-0.574619,0.203751,0.548164,-0.382668,-0.102537,-0.349546,0.298525,0.475882,-0.189666,-0.013612,0.460697,0.366413,-0.579192,-0.59967,-0.102537,-0.425043,0.395644,0.449897,#
12,0.041211,0.051704,0.150912,-0.253353,-0.109348,0.276113,0.251805,-0.314917,-0.494261,0.051704,0.102777,-0.282184,1.0,0.276113,-0.638816,-0.308734,0.535747,0.092638,0.368121,0.218139,0.556352,0.251805,-0.045741,0.015514,-0.110678,-0.243309,-0.17474,0.005686,0.076743,-0.179861,-0.02276,-0.02973,-0.32969,0.477643,-0.988171,-0.494407,0.17559,-0.37293,-0.110678,-0.638816,-0.191961,0.669155,0.066528,0.136644,-0.494535,-0.135935,0.25212,-0.221554,-0.238744,0.19605,-0.269631,-0.00629,0.435549,-0.397776,0.380893,0.23692,0.010642,-0.299394,0.557711,0.6058,0.128995,-0.294908,0.677299,-0.352094,0.343313,-0.192884,-0.494535,0.259421,0.039129,-0.037756,0.005686,-0.197605,0.062579,-0.031029,-0.226419,-0.371604,0.215396,0.35148,0.34144,0.515341,-0.024243,0.323263,-0.146,0.192319,0.023027,0.057645,0.201383,0.381543,0.023027,-0.502897,0.497288,-0.093907,0.261027,0.475047,0.694777,-0.10551,0.008412,-0.215827,0.169448,-0.060111,0.25212,-0.000985,0.394177,-0.31217,-0.294182,-0.035535,-0.020233,-0.008225,-0.444424,0.020606,0.549198,-0.32969,0.34144,0.268636,0.215396,-0.240823,-0.460628,0.34144,-0.216422,0.201383,0.034641,-0.180457,-0.248376,-0.256538,-0.321387,0.201383,0.082775,0.400599,0.140097,0.215396,0.402734,0.701457,-0.241936,0.268636,0.396652,-0.136315,0.0,-0.368481,-0.089468,-0.294182,0.396652,0.625437,0.215396,0.371591,0.238491,0.38532,-0.226419,0.384639,0.34144,0.057645,-0.053615,-0.008225,0.268636,0.045474,-0.248376,-0.248092,0.402029,-0.157988,0.243114,0.243114,0.337016,-0.035535,0.251805,0.368617,0.023027,0.500341,0.577447,-0.428943,0.415433,0.169448,0.23682,0.42192,0.471798,0.497288,0.302014,-0.313591,0.535747,0.310582,0.204157,-0.365204,0.310582,-0.358219,0.22216,0.091064,-0.309571,-0.294182,0.412412,0.549198,-0.243848,0.093728,0.402734,-0.262997,-0.131527,-0.104618,0.827762,-0.064762,0.412412,0.323263,-0.510916,-0.187489,#
13,0.232517,0.770987,-0.428367,-0.653959,0.129918,0.072975,0.041343,-0.428354,-0.085926,0.770987,-0.321957,0.162268,0.276113,1.0,0.096133,-0.017485,0.210987,-0.168838,0.601017,-0.510796,0.232517,0.041343,0.149601,-0.215506,-0.327167,-0.052029,0.237235,-0.220833,-0.054212,0.529944,-0.800379,-0.344117,-0.218164,-0.086556,-0.237579,0.221914,-0.192737,-0.226351,-0.327167,0.096133,-0.428362,0.291372,-0.378323,0.599631,-0.327246,0.26317,0.435964,0.454375,-0.472155,0.400263,-0.34795,-0.750365,0.243877,-0.337519,0.525861,-0.173347,0.567014,0.435964,0.41818,0.081322,-0.337981,0.55397,0.349711,-0.177852,0.009262,0.253952,-0.327246,-0.438738,0.282951,0.315588,-0.220833,0.390737,0.254653,0.33026,-0.094846,0.19933,-0.513851,-0.534126,-0.525419,-0.227315,-0.800845,-0.534931,-0.653985,-0.218164,0.272253,-0.082313,-0.517802,-0.353514,-0.297579,-0.269834,-0.234984,-0.094846,-0.218956,0.347439,0.36966,-0.102242,0.260415,-0.582344,-0.208892,-0.396599,0.435964,-0.412043,-0.374852,-0.428239,-0.580222,-0.349208,-0.227315,-0.753835,0.051274,-0.327246,0.260415,-0.218164,-0.525419,-0.428248,-0.513851,0.381528,-0.800845,-0.525419,0.021296,-0.517802,-0.269834,-0.428239,-0.513851,-0.208892,-0.525392,-0.517802,-0.145996,0.235254,0.235878,-0.513851,0.130062,0.041343,0.0083,0.050182,-0.349208,-0.208892,0.0,-0.075778,-0.225437,-0.580222,-0.349208,-0.150707,-0.513851,-0.45892,-0.400548,-0.453298,-0.094846,0.528186,-0.525419,-0.082313,-0.53411,-0.753835,0.050182,-0.088691,-0.513851,-0.203768,0.077231,0.541326,-0.094846,-0.094846,-0.586635,-0.800769,0.041343,0.360566,-0.297579,0.36626,-0.213953,0.259773,-0.327079,-0.208892,-0.411766,0.477005,-0.088691,-0.234984,0.072094,-0.618374,0.210987,0.536067,0.659029,-0.259349,0.997995,-0.192907,-0.044114,0.793883,0.54756,-0.580222,0.814213,0.260415,-0.542836,0.785848,0.130062,-0.418485,0.074139,0.234534,0.106264,-0.325347,-0.062936,-0.534931,-0.362589,-0.42815,#
14,0.110859,0.26768,-0.422728,0.153157,-0.120217,-0.42272,-0.422824,0.08884,-0.025371,0.26768,0.039591,0.469747,-0.638816,0.096133,1.0,0.239263,-0.322937,-0.11466,-0.277392,-0.500088,-0.322937,-0.422824,-0.27543,-0.1401,-0.32286,0.39997,0.175612,0.298881,-0.069343,0.481725,-0.333505,0.03084,0.363104,-0.526886,0.650259,0.291778,-0.644496,0.291316,-0.32286,1.0,-0.039249,-0.379072,-0.336317,-0.012753,0.255458,0.123915,-0.207148,0.028867,-0.155833,0.22627,0.14326,-0.289027,-0.322853,0.504024,0.06054,-0.271934,-0.074672,0.257277,-0.219666,-0.41833,0.200771,0.586112,-0.757364,0.242241,-0.641882,0.001956,0.255458,-0.673522,0.22265,0.0138,0.298881,0.65574,0.23209,0.391114,0.369763,0.253714,-0.493477,-0.168089,-0.576373,-0.719099,-0.327553,-0.395451,0.155871,-0.215292,-0.172224,-0.526996,-0.597916,-0.429773,-0.172224,0.26419,-0.275335,-0.025627,0.146908,-0.526342,-0.519149,-0.135137,-0.298253,-0.017608,-0.645364,-0.414216,-0.207148,0.114791,-0.322713,-0.029597,0.126035,0.032013,-0.268096,-0.283112,0.488208,0.110859,-0.753645,0.555902,-0.576373,0.062957,-0.493477,0.392587,0.039923,-0.576373,-0.060133,-0.110114,-0.188467,0.072293,-0.102938,0.165078,0.205203,-0.597916,-0.092893,-0.398949,-0.019663,-0.493477,-0.450733,-0.422824,0.062928,-0.42261,-0.790226,-0.193642,0.0,-0.061909,-0.007924,0.126035,-0.331929,-0.905726,-0.493477,-0.578966,-0.449757,-0.603154,0.369763,-0.215292,-0.576373,-0.068543,-0.061909,-0.283112,-0.42261,-0.168089,-0.102938,-0.188437,-0.315591,0.090776,-0.523527,-0.523527,-0.32993,-0.426284,-0.044176,-0.526596,-0.172224,-0.531693,-0.645375,0.409705,-0.322773,-0.645364,-0.446929,-0.454664,-0.527093,-0.83899,-0.061721,0.152479,-0.322937,0.081311,0.162154,0.063474,0.081311,0.298681,-0.100701,0.291635,0.507261,0.126035,-0.054371,-0.180189,0.406408,0.255433,-0.450733,0.445945,-0.063471,0.162154,-0.788265,-0.321064,-0.545309,-0.395451,0.422566,0.446018,#
15,0.560112,0.177395,-0.074537,0.336968,0.788201,-0.017485,-0.527102,0.40188,-0.237332,0.177395,-0.071686,0.628696,-0.308734,-0.017485,0.239263,1.0,-0.40258,-0.057479,-0.499413,-0.330137,0.166283,-0.527102,-0.053572,-0.562869,0.132789,0.029827,0.286645,-0.681723,0.661412,0.313205,-0.139478,0.652485,0.256718,-0.656827,0.371752,0.111779,-0.387582,-0.171449,0.132789,0.239263,0.267504,-0.093206,-0.144847,-0.238007,0.647629,0.271695,-0.06425,0.190958,0.005768,-0.17681,0.246333,-0.177659,0.177846,0.088565,-0.19496,0.01985,0.225974,0.357386,-0.107988,-0.521498,-0.096931,-0.238432,-0.506841,-0.252108,0.188257,0.314906,0.647629,0.068744,0.381855,0.330742,-0.681723,0.562441,0.692447,-0.221486,0.039885,0.279238,-0.335297,-0.331158,0.201823,-0.047516,-0.14498,-0.159563,-0.077115,-0.268387,-0.012869,-0.240751,-0.433741,-0.657905,-0.012869,-0.152712,0.347671,-0.319077,-0.085311,-0.226159,-0.75759,-0.418692,-0.131686,-0.311668,-0.394422,0.192107,-0.06425,-0.128071,0.295369,0.279269,-0.477738,0.177443,0.361933,-0.184661,0.210941,-0.008752,-0.54512,0.431753,0.201823,-0.086005,-0.335297,0.529892,0.188639,0.201823,0.298618,-0.433741,-0.563663,-0.077526,0.01926,0.34135,0.28786,-0.433741,-0.654586,-0.264209,0.241413,-0.335297,-0.296805,-0.527102,0.216249,-0.526834,-0.56904,0.01568,0.0,0.187556,-0.565192,-0.477738,-0.56904,-0.19584,-0.335297,0.252061,0.305767,0.266272,0.039885,0.490098,0.201823,-0.240751,-0.234755,-0.184661,-0.526834,-0.331158,0.01926,0.025224,-0.571306,0.439889,-0.771102,-0.771102,-0.334474,-0.23863,-0.18334,-0.219941,-0.012869,-0.18991,-0.804538,0.471764,-0.402375,-0.394422,-0.10441,-0.240466,-0.657085,-0.164052,0.297174,0.250831,-0.40258,-0.032391,-0.036669,-0.397357,-0.032391,0.398631,-0.873625,0.122985,0.653849,-0.477738,-0.194773,-0.54512,0.016909,0.163052,-0.296805,0.276111,0.756265,0.377472,-0.509758,-0.400245,-0.194773,-0.159563,0.122742,0.261795,#
16,-0.25,-0.24994,0.231976,0.015255,-0.322192,0.210987,0.218218,-0.327241,-0.408107,-0.24994,0.469039,-0.60317,0.535747,0.210987,-0.322937,-0.40258,1.0,-0.322524,-0.060793,0.368514,-0.25,0.218218,-0.07988,0.317018,-0.24994,0.378678,0.126949,0.310439,-0.407867,-0.327327,-0.078897,-0.082333,-0.166667,0.631068,-0.499545,-0.249935,0.55041,0.304258,-0.24994,-0.322937,-0.327248,0.593943,0.387904,-0.079543,-0.25,-0.363803,0.267652,-0.170738,0.424948,0.288468,-0.57415,0.290952,-0.249935,-0.037573,0.394976,0.01575,1e-06,0.267652,0.646797,0.262833,-0.361163,-0.134175,0.52174,0.302203,0.342218,0.30436,-0.25,-0.169761,0.419538,-0.429449,0.310439,-0.304155,-0.24975,0.139653,0.379777,0.141293,0.362613,0.109195,0.229081,0.303235,-0.082359,0.477003,0.011355,-0.166667,-0.330846,0.116563,0.353472,0.427125,-0.330846,0.311594,0.293788,0.379777,0.510978,0.655486,0.388954,0.370228,0.320766,-0.185214,0.53406,-0.609741,0.267652,-0.071734,-0.077135,-0.327154,0.238583,-0.087393,0.303235,0.285133,-0.071734,-0.25,0.320766,-0.166667,0.229081,0.228395,0.362613,-0.180199,-0.611807,0.229081,0.194501,0.353472,0.311594,0.239074,0.362613,0.017228,-0.629982,0.353472,0.131513,0.256846,0.339951,0.362613,0.260727,0.763763,0.372391,0.228395,0.436963,0.017228,0.0,0.124184,0.137002,0.238583,0.436963,0.35861,0.362613,0.241753,0.287554,0.214795,-0.189889,-0.166667,0.229081,0.641097,-0.408034,0.285133,0.783951,0.109195,0.362613,0.023243,0.442785,-0.327074,0.379777,0.379777,0.289113,-0.087393,0.763763,0.13189,-0.330846,0.626906,0.522323,-0.377464,-0.249873,0.017228,-0.288886,0.415644,0.626437,0.293788,-0.280358,-0.608362,0.375,0.248082,0.030808,0.432495,0.248082,-0.334917,0.355361,0.130347,-0.070025,0.238583,0.133685,0.320766,-0.196228,-0.210297,0.260727,-0.296983,-0.288311,0.030808,0.428282,-0.248549,-0.37559,0.477003,-0.895045,-0.327086,#
17,-0.322523,0.289205,0.251903,-0.081329,-0.171153,0.399285,-0.177017,0.205381,0.293203,0.289205,-0.211652,0.189139,0.092638,-0.168838,-0.11466,-0.057479,-0.322524,1.0,0.122,0.159455,0.337184,-0.177017,0.565064,0.279724,0.114858,-0.446389,-0.116008,-0.22269,0.376158,-0.177018,0.568682,0.05012,-0.654821,-0.035803,-0.131821,0.119743,-0.101086,-0.336981,0.114858,-0.11466,-0.287186,-0.348292,0.089915,-0.218821,0.117281,-0.519119,0.423772,0.087799,-0.494316,0.022456,0.803739,-0.324357,0.289238,-0.012567,-0.317701,0.069579,-0.656124,-0.282516,-0.026262,-0.217337,0.457693,0.130386,0.042069,-0.159292,-0.169143,-0.117003,0.117281,0.33703,-0.272348,-0.450501,-0.22269,-0.173813,0.289981,-0.144441,-0.446645,-0.193705,0.164734,-0.033814,-0.217548,0.346041,0.571038,-0.446515,0.059039,0.159633,0.279519,-0.177719,-0.376131,-0.348175,0.977957,-0.393346,-0.279988,0.154655,-0.430144,-0.050674,0.295513,-0.392627,-0.357104,0.711711,-0.081605,0.035989,0.423772,0.568818,0.607394,-0.344584,-0.286342,-0.494824,-0.339832,-0.316294,-0.566948,-0.322524,0.335444,0.159633,-0.217548,0.400228,0.164734,-0.47149,0.012189,-0.217548,-0.821071,-0.273098,0.295044,0.357619,-0.429188,-0.627138,0.624135,-0.376131,0.473469,0.593968,-0.301873,0.164734,0.601563,-0.134363,-0.420902,-0.186178,0.05865,-0.081605,0.0,-0.227599,0.383771,-0.286342,0.155451,0.288799,0.164734,-0.228357,-0.273662,-0.199556,-0.446645,0.224789,-0.217548,-0.080885,0.432427,-0.316294,-0.186178,-0.579779,-0.429188,-0.129031,0.056739,0.253798,0.154655,0.154655,0.346072,0.05865,-0.710202,-0.099372,0.977957,-0.050836,0.059039,-0.372366,0.289565,-0.081605,0.233961,0.159925,-0.033814,-0.279988,-0.153316,0.601563,-0.322524,0.366575,-0.476339,-0.495332,-0.199605,0.340575,-0.270902,-0.57497,-0.494129,-0.286342,-0.091957,0.456569,0.162129,0.257752,0.601563,-0.248809,-0.304453,-0.052391,0.17823,0.23806,0.445599,-0.446515,0.222523,-0.188027,#
18,-0.081057,0.445709,-0.359279,-0.813005,-0.264233,0.112385,0.495269,-0.36562,0.273417,0.445709,-0.598105,-0.192122,0.368121,0.601017,-0.277392,-0.499413,-0.060793,0.122,1.0,-0.124914,0.344494,0.495269,0.181296,0.067454,-0.111229,-0.489719,-0.231528,0.05512,-0.189681,0.123817,-0.324875,-0.660381,-0.405287,0.206482,-0.415368,-0.070287,0.025036,-0.434376,-0.111229,-0.277392,-0.419591,0.118865,-0.271231,0.672583,-0.60793,0.290958,0.26654,0.420864,-0.510351,0.210032,-0.231614,-0.455438,0.425854,-0.598964,0.225391,-0.077878,0.334871,-0.189058,0.20971,0.486961,-2e-06,0.299346,0.472249,-0.323842,-0.16485,-0.142541,-0.60793,-0.095951,-0.39913,0.338817,0.05512,-0.130521,-0.059923,0.291365,-0.512036,-0.174916,-0.11757,-0.244104,-0.324953,0.070227,-0.316622,-0.386648,-0.475844,0.270191,0.589986,0.225814,-0.131696,0.116029,0.010727,-0.386491,-0.441424,-0.124161,-0.42875,0.279541,0.759762,-0.13835,0.120548,-0.172908,0.02886,0.085281,0.26654,-0.326586,-0.313582,-0.362076,-0.341912,-0.27013,-0.372203,-0.446064,-0.221923,-0.182379,0.567283,-0.405287,-0.324953,-0.417296,-0.11757,-0.055296,-0.316622,-0.324953,-0.337837,-0.131696,0.057563,-0.362076,-0.500686,-0.366797,-0.381642,-0.131696,0.167654,0.383288,-0.263745,-0.11757,0.35223,0.053064,-0.330259,0.49435,0.131287,-0.014895,0.0,-0.118875,0.12728,-0.341912,0.131287,0.209289,-0.11757,-0.312474,-0.422465,-0.299054,-0.124161,0.29721,-0.324953,-0.131331,0.185024,-0.446064,0.116082,0.208699,-0.500686,0.043333,0.146982,0.134409,0.311942,0.311942,-0.191942,-0.327745,-0.318387,0.711417,0.010727,0.288792,0.362635,-0.007812,0.32175,0.380761,0.037973,0.300737,0.208699,0.052274,0.032766,-0.408587,0.364758,0.120653,0.462483,-0.327675,0.590223,-0.445724,0.329351,0.304892,-0.182666,-0.341912,0.725505,0.567283,-0.594629,0.443199,0.35223,-0.35941,-0.331525,-0.368588,0.546391,0.402935,0.60992,-0.386648,0.075548,-0.415767,#
19,-0.762154,-0.761971,0.428265,0.188962,-0.486992,-0.060009,0.445945,0.391261,0.04562,-0.761971,-0.103095,-0.487671,0.218139,-0.510796,-0.500088,-0.330137,0.368514,0.159455,-0.124914,1.0,-0.19682,0.445945,-0.156198,0.788075,0.306036,0.06098,-0.236039,0.232434,0.067078,-0.997894,0.785014,-0.12097,-0.508103,0.569018,-0.257644,-0.228809,0.655196,0.257621,0.306036,-0.500088,-0.035168,-0.104978,0.816996,-0.452875,0.305699,-0.162506,0.172287,0.02728,0.456578,-0.222612,-0.185862,0.746383,-0.249314,-0.172588,-0.525319,-0.263303,-0.562265,-0.432963,0.038331,0.447494,0.078644,-0.531056,0.261455,0.341305,0.056504,-0.064578,0.305699,0.096528,-0.108927,-0.311721,0.232434,-0.855326,-0.259376,0.118591,0.08482,-0.256684,0.999697,0.100889,0.536895,0.802301,0.784575,0.557529,0.209601,0.189841,0.285715,0.551583,0.531217,0.366239,0.285715,0.237422,0.264301,0.600102,0.247558,0.139671,0.151879,0.129076,-0.257906,0.559724,0.654681,-0.078504,0.172287,0.408141,0.387023,-0.083676,0.565892,0.3445,0.214543,0.748663,-0.078504,-0.19682,0.335571,0.18984,0.536895,0.447097,0.999697,-0.398436,0.305671,0.536895,-0.009774,0.513558,0.827335,0.410581,0.490738,0.187189,-0.239933,0.531217,0.159612,0.545844,-0.187915,0.999697,0.631484,0.482498,-0.027886,0.447097,0.818798,0.654681,0.0,0.517268,0.692166,0.565892,0.802207,0.731645,0.999697,0.501701,0.42357,0.468579,0.08482,-0.508103,0.536895,0.534986,0.500428,0.748663,0.447097,0.100889,0.490738,0.620801,0.406871,-0.533345,0.600102,0.600102,0.884852,0.3445,-0.010966,0.098813,0.285715,0.092742,0.671789,-0.365106,0.327667,0.654681,0.419295,0.083548,0.568751,0.264301,-0.493208,-0.154636,0.368514,-0.5072,-0.654354,0.258439,-0.5072,-0.338692,0.05346,-0.772297,-0.542978,0.565892,-0.36554,0.314811,0.045258,-0.772885,0.631484,-0.096717,-0.525169,-0.63784,0.352253,0.283108,0.060994,0.557529,-0.256732,-0.05703,#
20,0.375,0.387162,-0.327252,-0.499593,0.293763,0.232517,0.218218,-0.327241,-0.408107,0.387162,-0.245959,0.479987,0.556352,0.232517,-0.322937,0.166283,-0.25,0.337184,0.344494,-0.19682,1.0,0.218218,-0.058859,-0.351692,-0.24994,-0.761659,0.222161,-0.354788,0.6427,0.218218,-0.078897,-0.101937,-0.166667,0.111591,-0.499545,-0.249935,-0.498933,-0.358239,-0.24994,-0.322937,0.225249,0.020481,-0.062692,0.4647,-0.25,0.242536,0.363242,-0.214516,-0.745827,0.313772,0.293751,-0.352958,0.387654,-0.60117,-0.098744,0.448888,0.0,-0.305888,0.14926,0.262833,0.541744,-0.134175,0.304348,-0.338057,0.342218,-0.507266,-0.25,0.426695,-0.408497,0.42945,-0.354788,0.232589,0.399601,-0.406816,-0.759555,-0.661508,-0.200062,0.109195,0.133631,0.231036,-0.082359,-0.053001,0.011355,-0.166667,0.257325,0.116563,-0.204642,-0.092351,0.257325,-0.992753,0.222132,-0.189889,0.005615,0.064958,0.325191,-0.194527,-0.408248,-0.185214,-0.499604,0.376605,0.363242,-0.071734,0.397544,-0.327154,-0.620315,-0.087393,-0.418754,-0.356416,-0.609741,0.375,0.247865,-0.166667,0.133631,0.228395,-0.200062,-0.244556,-0.082359,0.133631,-0.326483,-0.204642,-0.34058,-0.327154,-0.762738,-0.499604,0.198942,-0.204642,0.131513,0.190988,0.33995,-0.200062,0.164161,0.218218,-0.722876,0.228395,-0.087393,0.017228,0.0,-0.408034,-0.258195,-0.620315,-0.087393,0.286888,-0.200062,0.176414,0.197693,0.214794,-0.189889,0.666667,0.133631,-0.407971,0.124184,-0.356416,-0.327161,0.109195,-0.762738,-0.49973,-0.08434,0.243404,-0.189889,-0.189889,-0.055069,-0.087393,-0.327327,0.07194,0.257325,0.130347,0.011355,0.224872,0.392657,0.017228,0.335733,0.371892,0.109195,0.222132,0.762835,0.164161,0.375,0.248082,0.030808,-0.714941,0.248082,0.288184,-0.181033,0.130347,-0.070025,-0.620315,0.133685,0.247865,-0.196228,0.412805,0.164161,-0.296983,0.248082,0.030808,0.428282,-0.248549,0.64296,-0.053001,0.140544,0.230447,#
