0,1.0,0.503651,-0.324213,-0.350215,0.035217,0.264828,0.348915,0.058294,0.064441,0.798204,-0.104689,-0.222339,0.457141,0.260226,0.093813,-0.232353,0.246321,0.418855,-0.057715,-0.074694,-0.326927,0.456474,0.347325,-0.062553,-0.327012,-0.588609,0.096148,-0.526207,-0.208889,0.797798,-0.202238,0.471059,0.203852,0.315789,-0.466382,-0.239053,-0.422201,-0.151009,0.113422,0.029112,0.150515,0.042062,0.042626,0.055054,-0.067094,-0.63846,0.323412,0.20701,-0.502569,-0.481862,-0.493339,-0.672225,0.198253,-0.86289,-0.027092,-0.072164,0.257167,-0.203321,0.159376,0.355026,0.164113,0.027073,-0.5595,-0.129712,-0.000258,0.504854,0.546435,-0.179419,0.352823,-0.013383,-0.420249,0.021383,-0.326933,-0.800196,-0.341575,0.054975,-0.514187,-0.070116,-0.07263,-0.257207,-0.07263,-0.205739,-0.205739,-0.137432,-0.271925,-0.218008,-0.653517,-0.205739,-0.205739,-0.428159,-0.341575,-0.749567,-0.341575,0.066425,0.066425,-0.653506,-0.079205,-0.74459,-0.125876,-0.278144,0.312853,-0.533645,-0.077742,0.06263,-0.210831,-0.205739,-0.34591,0.170257,-0.510213,-0.533728,0.229822,0.223322,-0.510213,-0.34591,-0.515003,0.194003,-0.653517,-0.341575,0.341562,-0.800196,-0.533645,-0.515978,-0.34591,-0.427933,-0.721254,0.355751,0.246321,-0.206621,-0.279038,0.049353,-0.200583,-0.341575,-0.341575,0.297558,-0.653506,-0.079205,0.0,-0.011077,0.146938,-0.510213,0.072287,-0.326845,-0.653506,-0.791961,-0.34591,-0.681409,-0.07263,0.809404,-0.205739,-0.800196,-0.653517,-0.341575,0.06263,-0.427933,-0.249713,-0.427933,0.643062,0.628649,-0.514187,-0.427933,-0.298655,0.229822,0.734169,-0.786385,-0.257207,0.995614,-0.533645,-0.838801,-0.297844,-0.327012,0.288947,-0.415208,-0.533645,-0.341575,0.377153,-0.99772,0.053375,0.493308,0.30761,0.071025,0.328504,0.645952,-0.436353,-0.261138,0.30761,-0.183739,0.806036,-0.200583,-0.161348,0.806036,-0.215863,0.713132,0.316552,0.501939,-0.008101,0.526835,-0.297329,-0.582814,0.173663,-0.218008,#
1,0.503651,1.0,-0.275055,-0.324983,0.023471,-0.142459,0.819125,0.102749,0.572182,0.819125,-0.115463,-0.233113,0.480233,0.295455,0.570072,-0.242848,-0.326804,-0.084822,0.375356,-0.53351,-0.326719,0.001978,0.373633,-0.019438,-0.326804,-0.61153,0.552828,-0.190894,0.373633,0.778023,-0.653382,-0.035605,0.190291,0.343748,-0.474241,0.187135,-0.443774,-0.150913,0.153181,0.499172,-0.321522,0.042035,0.283363,-0.041547,0.413906,-0.638054,0.547032,-0.179817,-0.502249,0.295455,-0.528794,-0.7932,-0.14289,-0.362065,-0.086989,-0.490579,0.3457,0.38143,0.640666,0.38143,0.133508,0.018557,-0.759395,-0.112268,0.578188,0.377707,-0.217869,0.142522,0.215355,-0.529977,-0.442016,-0.422366,-0.326725,-0.799686,-0.799763,0.510442,-0.516858,-0.525368,-0.533388,-0.215913,-0.533388,-0.65309,-0.65309,0.349597,-0.848094,-0.217869,-0.653101,-0.65309,-0.65309,-0.427886,-0.799763,-0.752537,-0.799763,-0.35905,0.10044,-0.65309,-0.533305,-0.525321,-0.088486,0.209862,0.540531,-0.533305,-0.529039,-0.42766,-0.653101,-0.208384,-0.799686,0.21562,-0.512911,-0.533388,-0.326637,0.790974,-0.512911,-0.799686,-0.514675,-0.222195,-0.213442,-0.799763,-0.149502,-0.799686,-0.533305,-0.51565,-0.799686,-0.42766,-0.708014,0.382092,-0.326804,-0.23956,-0.131457,-0.381616,-0.653254,-0.799763,-0.799763,0.329467,-0.65309,-0.533305,0.0,0.026974,0.201099,-0.997063,-0.427886,-0.326637,-0.65309,-0.791457,-0.348507,-0.802863,-0.533388,0.834251,-0.65309,-0.348507,-0.213442,-0.799763,-0.42766,-0.42766,-0.767221,-0.42766,0.296718,0.660344,-0.516858,-0.42766,0.231936,-0.326637,0.771003,-0.474439,-0.215913,0.553818,-0.533305,-0.365791,-0.306541,-0.326804,0.347281,-0.380519,-0.081973,-0.799763,0.379632,-0.516858,-0.427669,0.997877,0.763541,0.139745,0.389378,0.648163,-0.404622,-0.241791,0.763541,-0.142151,0.808209,-0.653254,-0.220653,0.808209,-0.21844,0.786704,0.785738,0.504227,-0.442029,0.05738,0.257246,-0.602439,-0.108459,-0.217869,#
2,-0.324213,-0.275055,1.0,-0.129837,0.200381,-0.003933,0.140157,0.764752,0.264523,-0.370917,0.086415,-0.033242,-0.181313,0.228795,-0.060937,0.490027,-0.28174,-0.455827,-0.395865,0.104138,-0.255054,0.327704,0.302685,0.103014,-0.28174,-0.198984,0.442597,0.144258,0.302685,-0.375382,-0.029871,0.34983,-0.255653,-0.41818,-0.128654,0.516182,0.509866,-0.518428,0.483846,-0.322064,-0.277186,0.456784,-0.115759,0.435358,-0.350474,0.024411,-0.135838,0.745648,-0.405917,0.228795,0.178436,0.352235,0.223199,0.360834,-0.804442,0.414337,0.133804,-0.325795,0.026302,-0.325795,0.288097,-0.318873,0.301425,0.343942,-0.063962,-0.011347,-0.187826,0.299071,0.402776,0.319804,0.495683,0.450734,-0.25508,0.404895,-0.137012,0.483452,0.351758,-0.219987,-0.437623,0.325105,0.095522,-0.023729,0.494002,0.170053,0.242269,0.68174,0.503326,-0.023729,-0.002157,-0.368884,-0.114913,0.267778,-0.137012,0.443062,-0.069592,0.494002,0.613021,0.493319,0.12111,-0.458459,0.299129,0.109468,0.366003,0.222159,0.503326,-0.498316,0.404895,-0.23226,-0.225462,-0.437623,0.388871,-0.17724,-0.225462,0.404895,0.706642,0.021315,0.012796,-0.114913,-0.459026,0.404895,0.087575,-0.420645,0.404895,-0.345055,0.332364,-0.160098,-0.28174,0.442613,0.238069,-0.065871,-0.039291,-0.137012,-0.137012,-0.145651,-0.023729,0.087575,0.0,0.261274,0.267146,0.314708,-0.368884,0.362052,-0.023729,0.422557,-0.076602,0.342855,-0.437623,-0.373574,-0.002157,-0.098488,0.012796,-0.137012,-0.345055,-0.345055,0.281463,0.222159,-0.02561,0.058255,0.351758,-0.345055,0.436614,0.362052,-0.227597,0.267324,0.325105,-0.286166,0.109468,0.230908,-0.004438,-0.28174,-0.358676,-0.102818,-0.394085,-0.114913,-0.112042,0.351758,0.211015,-0.23254,0.221649,0.417856,0.197925,-0.450249,0.25719,0.520476,-0.307004,0.380886,-0.336609,-0.541346,-0.384952,-0.336609,0.533664,-0.181978,-0.338596,-0.546135,0.106258,-0.324978,0.33365,0.197173,0.317885,-0.187826,#
3,-0.350215,-0.324983,-0.129837,1.0,-0.798596,-0.465493,-0.546803,-0.366781,-0.324983,-0.164423,-0.191019,-0.458015,-0.081364,0.359997,-0.60204,-0.429212,-0.121988,-0.14903,-0.151414,0.242357,0.42809,-0.187488,0.09941,0.212293,0.365963,0.751478,-0.210363,0.276501,-0.373971,-0.125603,0.78156,-0.465697,-0.060994,-0.183522,0.244841,-0.361797,0.525808,0.513615,-0.039975,-0.306753,0.360048,0.183056,-0.193323,-0.167362,-0.116626,0.358327,-0.14688,-0.203344,0.411475,-0.271577,0.415268,0.623101,-0.136635,0.173975,0.370572,0.22479,0.34306,0.092663,-0.444126,0.567859,0.425204,-0.407339,0.355972,0.109262,0.355363,-0.179716,0.243975,0.557951,0.044822,-0.103335,0.468927,0.155493,0.428049,0.150673,0.556876,-0.642373,0.789761,0.353228,0.64924,0.632855,0.181787,0.781783,0.327845,0.335119,0.10254,-0.406625,0.382301,0.781783,0.378282,0.05324,0.143525,0.612175,0.556876,0.107124,0.576154,-0.05324,0.187694,0.543092,0.22232,0.488795,-0.223642,0.238883,0.334805,0.036839,0.382301,0.832221,0.537305,-0.091268,0.811471,0.25681,-0.13586,-0.081255,0.811471,0.537305,0.137225,0.419071,0.831089,0.143525,0.234885,0.150673,0.648397,0.211106,0.537305,0.534163,0.370813,-0.062806,0.365962,0.301933,-0.063253,0.175014,0.345917,0.556876,0.556876,0.377271,0.400699,0.648397,0.0,0.09545,0.405764,0.317267,0.479157,0.365776,0.400699,0.171763,0.588477,0.620739,0.64924,-0.223256,0.378282,0.61122,0.831089,0.556876,0.534163,0.116656,0.084551,0.036839,-0.460827,-0.393927,0.789761,0.116656,-0.319954,0.365776,-0.609485,0.338447,0.632855,-0.37411,-0.14788,0.212149,0.063415,0.365962,-0.52854,0.251915,0.699587,0.143525,-0.491182,0.378238,0.533131,-0.331351,-0.55686,-0.170688,-0.635301,-0.421089,-0.310808,0.018236,-0.093347,0.525302,-0.161717,0.396954,0.49875,-0.161717,0.435646,-0.603778,-0.573049,-0.20933,0.173711,0.070236,-0.426435,0.470322,0.336186,-0.406625,#
4,0.035217,0.023471,0.200381,-0.798596,1.0,0.203891,0.32149,0.017829,0.023471,-0.106023,0.34699,0.675675,-0.063444,-0.528179,0.498658,0.643291,0.218218,0.299016,0.406287,-0.080659,-0.327242,-0.063351,-0.243458,-0.533392,-0.327327,-0.487554,0.067321,-0.073627,0.285798,-0.101973,-0.654429,0.355946,0.218218,-0.09779,-0.016562,0.623358,-0.289703,-0.506812,-0.321788,0.511152,-0.322036,-0.191798,-0.134491,-0.013434,-0.106023,-0.178481,-0.007616,0.357756,-0.263504,0.177943,0.207308,-0.248417,-0.007885,-0.17053,-0.058924,0.056064,-0.470117,-0.238016,0.336124,-0.769301,-0.49523,0.537302,0.207392,-0.087954,-0.523122,0.176051,-0.218218,-0.528576,-0.118159,0.362308,-0.286573,-0.323356,-0.327248,0.088996,-0.364577,0.508325,-0.511519,-0.52656,-0.534242,-0.741171,-0.069684,-0.654135,-0.203007,-0.533435,0.281469,0.509175,-0.208138,-0.654135,-0.203007,0.047619,0.097563,-0.217774,-0.364577,-0.334057,-0.800183,0.223058,-0.076308,-0.300707,-0.533754,-0.651952,-0.218216,-0.076308,-0.502761,0.065899,-0.208138,-0.654135,-0.343271,-0.326531,-0.534801,-0.095493,0.233686,-0.327047,-0.534801,-0.343271,-0.024548,-0.653418,-0.654147,0.097563,-0.129285,0.088996,-0.534159,-0.044428,-0.343271,-0.428345,-0.331666,-0.06741,-0.327327,-0.051538,0.29904,-0.328727,-0.223172,-0.364577,-0.364577,-0.567379,-0.22807,-0.534159,0.0,-0.426867,-0.413498,-0.043657,-0.428571,-0.32716,-0.22807,0.067597,-0.343271,-0.255915,-0.534242,0.021883,-0.203007,-0.368699,-0.654147,-0.364577,-0.428345,0.038441,-0.201665,0.065899,0.12339,0.212001,-0.511519,0.038441,0.299643,-0.32716,0.199258,0.231951,-0.741171,0.032174,0.356106,0.219197,0.149534,-0.327327,0.340946,-0.405575,-0.534159,0.097563,0.439327,-0.051423,-0.428354,0.041428,0.359878,0.210827,0.382808,0.235396,0.500392,0.184851,-0.100766,-0.671657,-0.096429,-0.223172,-0.624534,-0.096429,-0.213206,0.199342,0.37034,0.093615,0.002932,-0.428327,0.325428,0.145776,-0.43885,0.509175,#
5,0.264828,-0.142459,-0.003933,-0.465493,0.203891,1.0,0.054269,0.252115,0.263546,0.054269,-0.051778,0.168393,-0.152139,-0.303154,0.048718,-0.217897,0.482877,0.343116,-0.403196,0.364464,-0.037085,0.234245,0.004951,-0.325517,-0.027481,-0.284941,-0.332225,-0.394723,-0.433801,0.041603,-0.239274,0.214725,-0.49858,0.01797,-0.407947,-0.230172,-0.441723,-0.371002,-0.03988,-0.230031,-0.08632,-0.004881,0.136185,0.354032,0.054269,-0.260811,0.155098,-0.003524,-0.174656,-0.303154,-0.434285,-0.133296,0.344969,-0.042951,-0.237721,-0.32408,-0.355826,-0.46322,-0.105547,-0.46322,-0.329696,-0.206038,-0.337478,0.091775,-0.393363,-0.000826,0.321918,-0.556851,-0.250077,0.125306,-0.027246,0.361923,-0.49846,-0.046203,-0.058014,0.053202,-0.271788,0.181483,-0.040209,-0.038595,0.37767,-0.245192,0.160606,-0.403062,-0.0363,0.321918,-0.231445,-0.245192,0.160606,0.186757,0.357691,-0.078357,-0.058014,0.394039,-0.025251,0.160606,-0.012813,-0.130668,-0.007155,-0.231358,0.060197,-0.028372,0.192067,0.212017,-0.216288,-0.245192,-0.046203,0.016644,-0.286086,-0.040209,0.482631,0.071331,-0.286086,-0.046203,0.056822,-0.199748,-0.632639,0.357691,-0.005039,-0.046203,-0.440218,-0.122289,-0.046203,-0.249362,0.20806,0.234867,-0.007852,-0.199159,-0.217229,0.382622,0.151291,-0.058014,-0.058014,-0.235307,-0.245192,-0.424659,0.0,-0.220146,-0.549201,0.155708,0.186757,-0.498326,-0.245192,-0.062131,-0.046203,-0.03137,-0.040209,-0.042125,0.160606,-0.457909,-0.632639,-0.058014,-0.232566,-0.232566,0.457359,0.195221,0.268553,0.234103,-0.271788,-0.232566,-0.475956,-0.021861,0.069936,-0.507679,-0.038595,0.246582,-0.012813,-0.536425,-0.216884,-0.027481,0.022783,-0.080377,-0.440218,0.357691,0.247648,-0.271788,-0.240493,-0.171191,0.049205,-0.015433,0.400515,0.245622,0.189416,-0.224767,-0.365153,0.076358,0.038166,0.151291,0.100256,0.038166,-0.225114,0.037167,0.050636,0.030315,-0.10453,0.24453,0.023544,-0.390389,-0.180125,0.321918,#
6,0.348915,0.819125,0.140157,-0.546803,0.32149,0.054269,1.0,0.369436,0.819125,0.616188,-0.269077,-0.018596,0.575482,0.333098,0.689185,-0.037509,-0.407495,-0.238824,0.196531,-0.257913,-0.407389,0.122316,0.439423,-0.178034,-0.407495,-0.869234,0.683247,-0.338434,0.439423,0.5771,-0.81471,0.112458,0.082283,0.165679,-0.685447,0.363795,-0.214286,-0.667128,0.048791,0.344581,-0.400909,0.220406,0.285643,0.100208,0.232375,-0.795597,0.6583,0.140102,-0.62626,0.333098,-0.438821,-0.605848,0.169036,-0.208978,-0.386574,-0.285893,0.380512,-0.027932,0.798854,-0.027932,0.23208,-0.091454,-0.569801,-0.044921,0.500085,0.553606,-0.271664,0.153551,0.294905,-0.349302,-0.209094,-0.215884,-0.407398,-0.58623,-0.997234,0.660374,-0.351057,-0.796184,-0.665088,-0.089395,-0.248018,-0.814346,-0.409333,0.171494,-0.681203,0.381374,-0.413943,-0.814346,-0.409333,-0.533537,-0.582335,-0.601062,-0.997234,-0.161067,-0.144328,-0.409333,-0.253937,-0.31067,-0.243542,0.003673,0.446674,-0.253937,-0.355569,-0.089533,-0.413943,-0.393132,-0.58623,0.106512,-0.784674,-0.665088,0.096227,0.651318,-0.784674,-0.58623,-0.200989,-0.405999,-0.397926,-0.582335,-0.301199,-0.58623,-0.664985,-0.64297,-0.58623,-0.533255,-0.528204,0.51825,-0.407495,-0.032574,0.158471,-0.178761,-0.814551,-0.997234,-0.997234,0.017158,-0.814346,-0.664985,0.0,-0.102195,0.209171,-0.802311,-0.533537,-0.407288,-0.814346,-0.545519,-0.158885,-0.616367,-0.665088,0.633009,-0.409333,-0.569794,-0.397926,-0.997234,-0.533255,-0.533255,-0.607877,-0.089533,0.443674,0.831875,-0.351057,-0.533255,0.379883,-0.407288,0.632391,-0.332903,-0.089395,0.409019,-0.253937,-0.290662,-0.484776,-0.407495,0.182319,-0.597382,-0.237495,-0.582335,0.51844,-0.351057,-0.533266,0.833584,0.994602,0.282478,0.653416,0.429007,-0.075872,-0.019134,0.581046,0.004077,0.619424,-0.814551,-0.591007,0.619424,-0.006688,0.663797,0.597938,0.251717,-0.163387,-0.073832,0.372459,-0.477132,0.021305,-0.271664,#
7,0.058294,0.102749,0.764752,-0.366781,0.017829,0.252115,0.369436,1.0,0.525236,-0.030733,-0.052099,-0.238375,-0.01048,0.323605,0.114746,0.224024,-0.326817,-0.528757,-0.53047,-0.108845,-0.326732,0.498114,0.394738,0.410408,-0.326817,-0.460501,0.551304,-0.048772,0.394738,-0.080243,-0.202334,0.448728,-0.326817,-0.075843,-0.323153,0.210438,0.155661,-0.44055,0.779789,-0.427798,-0.321534,0.382707,0.266164,0.564786,-0.030733,-0.153053,0.046337,0.470694,-0.502269,0.323605,-0.489433,-0.126172,0.33211,0.290512,-0.995556,0.049221,0.207639,-0.094686,0.177334,-0.094686,0.266351,-0.363767,-0.327008,0.281747,0.084296,0.009314,-0.217878,0.178006,0.386316,-0.013842,0.162722,0.486881,-0.326738,0.091396,-0.332607,0.590193,-0.04864,-0.026979,-0.533409,0.318488,-0.098565,-0.197061,0.225212,0.355703,-0.189459,0.46299,0.215235,-0.197061,-0.230843,-0.427903,-0.367213,-0.214328,-0.332607,0.542966,0.106654,0.225212,0.358091,0.138571,0.382058,-0.248887,0.721712,-0.104761,0.427915,0.034954,0.215235,-0.653116,0.091396,0.208858,-0.500594,-0.533409,0.198323,0.266067,-0.500594,0.091396,0.441168,0.233271,-0.202247,-0.367213,-0.532468,0.091396,-0.070475,-0.51567,0.091396,-0.427677,0.204088,-0.048376,-0.326817,0.065608,-0.057496,0.052749,-0.191806,-0.332607,-0.332607,0.02907,-0.197061,-0.070475,0.0,0.539145,0.211625,-0.040865,-0.427903,0.240321,-0.197061,0.103538,-0.371298,-0.133172,-0.533409,-0.094225,-0.230843,-0.337024,-0.202247,-0.332607,-0.427677,-0.427677,0.330341,0.034954,0.309633,0.235893,-0.04864,-0.427677,0.428595,0.240321,0.264638,-0.353272,0.318488,0.120466,-0.104761,-0.229063,-0.179547,-0.326817,-0.038619,0.069901,-0.533327,-0.367213,0.004569,-0.04864,0.062539,0.128863,0.409621,0.348411,0.434467,-0.154238,0.061356,0.244274,-0.021559,0.396699,-0.013539,-0.65328,-0.214563,-0.013539,0.205534,0.298547,-0.022186,-0.293552,-0.114152,0.051319,0.393049,-0.474074,0.328625,-0.217878,#
8,0.064441,0.572182,0.264523,-0.324983,0.023471,0.263546,0.819125,0.525236,1.0,0.413906,-0.532842,-0.233113,0.480233,0.295455,0.570072,-0.242848,-0.326804,-0.528736,-0.085446,-0.103465,-0.326719,0.001978,0.373633,-0.019438,-0.326804,-0.61153,0.56919,-0.190894,0.373633,0.368468,-0.653382,-0.017659,-0.326804,-0.070047,-0.788215,0.187135,0.019828,-0.656578,0.153181,0.053864,-0.321522,0.219397,0.465471,0.413218,0.413906,-0.638054,0.547032,-0.028265,-0.502249,0.295455,-0.528794,-0.240376,0.342877,0.183457,-0.523328,-0.472255,0.292335,-0.122148,0.640666,-0.122148,0.211309,-0.40003,-0.5379,0.258254,0.60957,0.377707,-0.217869,0.142522,0.215355,-0.512456,0.025688,0.022542,-0.326725,-0.36586,-0.799763,0.557525,-0.055103,-0.525368,-0.533388,0.317645,-0.093057,-0.65309,-0.225488,0.349597,-0.758165,0.47159,-0.230352,-0.65309,-0.225488,-0.427886,-0.361723,-0.221751,-0.799763,0.082767,0.10044,-0.225488,-0.099332,0.132427,-0.088486,0.209862,0.540531,-0.099332,-0.06031,0.040809,-0.230352,-0.208384,-0.36586,0.21562,-0.512911,-0.533388,0.20496,0.790974,-0.512911,-0.36586,-0.049327,-0.222195,-0.213442,-0.361723,-0.532447,-0.36586,-0.533305,-0.51565,-0.36586,-0.42766,0.002734,0.46196,-0.326804,-0.08324,-0.05485,0.063504,-0.653254,-0.799763,-0.799763,-0.066799,-0.65309,-0.533305,0.0,0.026974,0.060116,-0.531532,-0.427886,-0.326637,-0.65309,-0.325483,0.085319,-0.247832,-0.533388,0.315696,-0.225488,-0.348507,-0.213442,-0.799763,-0.42766,-0.42766,-0.229617,0.040809,0.321602,0.688646,-0.055103,-0.42766,0.327672,-0.326637,0.27211,-0.362648,0.317645,0.126866,-0.099332,-0.334781,-0.648662,-0.326804,-0.032914,-0.380519,-0.081973,-0.361723,0.437468,-0.055103,-0.427669,0.574997,0.818119,0.346468,0.446072,0.257704,0.066901,-0.190258,0.381498,0.395846,0.408332,-0.653254,-0.220653,0.408332,0.199672,0.30575,0.392588,0.116019,-0.10859,0.05738,0.323581,-0.484004,0.007087,-0.217869,#
9,0.798204,0.819125,-0.370917,-0.164423,-0.106023,0.054269,0.616188,-0.030733,0.413906,1.0,-0.269077,-0.416632,0.575482,0.333098,0.30057,-0.425635,0.082283,0.181641,0.196531,-0.272999,-0.407389,0.122316,0.439423,-0.178034,-0.407495,-0.545,0.295813,-0.338434,-0.035732,0.996053,-0.428957,0.129456,0.082283,0.165679,-0.685447,-0.018471,-0.349398,-0.188175,0.048791,0.344581,0.00251,0.052414,0.113154,0.100208,0.232375,-0.795597,0.487366,-0.003445,-0.62626,-0.300843,-0.438821,-0.625242,0.027465,-0.725683,0.059778,-0.407388,0.355239,-0.027932,0.387357,0.449045,0.207516,-0.124493,-0.648474,0.042816,0.470361,0.553606,0.381374,0.020997,0.38962,-0.365897,-0.345401,-0.231492,-0.407398,-0.997139,-0.605385,0.244147,-0.375354,-0.373211,-0.271188,-0.117471,-0.271188,-0.431834,-0.431834,0.171494,-0.709596,-0.271664,-0.81436,-0.431834,-0.431834,-0.533537,-0.605385,-0.628992,-0.605385,-0.184316,0.250901,-0.814346,-0.276773,-0.518337,-0.243542,0.003673,0.446674,-0.664985,-0.380234,-0.114184,-0.436188,-0.01062,-0.609058,0.106512,-0.368232,-0.665088,0.068254,0.651318,-0.368232,-0.609058,-0.641755,-0.019463,-0.397926,-0.605385,0.109879,-0.997139,-0.664985,-0.64297,-0.609058,-0.533255,-0.735343,0.493033,0.082283,-0.180636,-0.349448,-0.202184,-0.427493,-0.605385,-0.605385,0.392491,-0.814346,-0.276773,0.0,-0.102195,0.182464,-0.826808,-0.106023,-0.407288,-0.814346,-0.986877,-0.181713,-0.635838,-0.271188,0.976822,-0.431834,-0.569794,-0.397926,-0.605385,-0.114184,-0.533255,-0.636166,-0.533255,0.420104,0.805068,-0.375354,-0.533255,-0.164188,0.068254,0.632391,-0.650558,-0.117471,0.813417,-0.664985,-0.731237,-0.484776,-0.407495,0.156597,-0.597382,-0.237495,-0.605385,0.46366,-0.788419,-0.122094,0.804974,0.555199,0.21721,0.19697,0.79884,-0.522485,-0.434021,0.555199,-0.024233,0.998177,-0.427493,-0.067283,0.998177,-0.02869,0.631258,0.571339,0.619417,-0.216024,0.361983,-0.1616,-0.514525,-0.015176,-0.271664,#
10,-0.104689,-0.115463,0.086415,-0.191019,0.34699,-0.051778,-0.269077,-0.052099,-0.532842,-0.269077,1.0,0.382888,-0.809477,-0.400032,-0.195591,0.45184,0.096859,0.522496,0.205383,-0.277587,0.066779,0.091112,-0.11002,-0.233243,0.07668,0.184719,-0.182418,0.234418,-0.07165,-0.2655,0.012103,0.029834,0.096859,0.141326,0.599487,0.432292,-0.500161,0.367582,0.224164,0.335319,-0.401028,-0.028031,-0.468324,-0.250512,-0.269077,0.415912,-0.349168,0.182082,-0.018285,0.252932,0.290108,-0.208143,-0.648022,-0.033115,0.028334,0.123209,-0.430977,0.388787,-0.348119,-0.102503,-0.417669,0.347389,0.115284,-0.225925,-0.59347,-0.529873,-0.271744,-0.157612,-0.238976,0.482173,-0.076306,-0.117162,-0.407518,0.243127,0.25508,0.247982,-0.348677,0.109685,-0.275794,-0.589827,-0.275794,0.014184,0.014184,-0.207646,0.362988,-0.271744,0.004766,0.014184,-0.436356,0.329376,-0.206457,-0.10932,0.25508,-0.140134,-0.140134,0.408174,-0.207928,-0.283203,0.200526,-0.42603,-0.069954,-0.281315,-0.333416,-0.533413,-0.369173,-0.436356,-0.156599,-0.406625,0.087604,0.129926,-0.407408,-0.407267,0.087604,-0.156599,0.259986,-0.358415,0.004766,-0.206457,0.115965,0.243127,0.175939,0.039851,-0.156599,-0.119033,-0.208554,-0.424714,-0.407616,0.121623,0.104332,-0.600434,0.422498,0.25508,0.25508,0.146906,0.408174,-0.207928,0.0,-0.02,-0.210496,0.087604,-0.110966,0.152706,0.408174,0.165248,-0.613697,-0.101559,-0.275794,-0.148128,-0.436356,0.243127,0.004766,0.25508,-0.533413,-0.101767,-0.087181,-0.119033,-0.45456,-0.427756,-0.348677,-0.101767,-0.08929,0.152706,0.079405,0.304357,-0.589827,-0.12258,-0.26532,0.418581,0.782553,0.07668,0.132788,0.221215,-0.281315,-0.206457,-0.371497,0.076783,-0.049127,-0.109505,-0.271021,-0.160536,0.07478,-0.00653,-0.117223,0.371633,-0.271021,-0.500491,-0.272414,-0.033395,-0.046201,-0.272414,-0.374279,0.06502,0.159449,-0.18136,-0.634665,-0.53339,0.407839,0.197966,-0.309019,0.40089,#
11,-0.222339,-0.233113,-0.033242,-0.458015,0.675675,0.168393,-0.018596,-0.238375,-0.233113,-0.416632,0.382888,1.0,-0.252539,-0.43622,-0.012381,0.580387,0.008127,0.38144,0.061688,-0.003004,-0.022136,0.147527,-0.548347,-0.428728,0.475421,-0.134724,-0.421785,-0.382404,-0.055584,-0.413173,-0.231167,-0.257507,0.008127,0.402168,0.336577,0.190668,-0.313445,-0.191065,-0.491344,0.220597,0.066102,-0.383454,-0.434322,-0.592294,-0.416632,0.070544,-0.170461,0.022256,0.233494,0.221213,0.265072,-0.096136,-0.31742,0.069859,0.195307,0.166243,-0.382346,-0.084843,-0.124041,-0.579495,-0.348589,0.661433,0.255752,-0.658393,-0.433784,-0.301314,-0.333201,-0.24403,-0.230711,0.608288,0.11655,0.034573,-0.021746,0.378315,-0.036526,-0.003268,-0.248859,-0.242546,-0.03143,-0.516764,0.401096,-0.237172,0.18285,-0.814512,0.448626,0.344037,0.169425,-0.237172,0.18285,0.640207,0.39375,-0.035917,-0.036526,-0.000868,-0.434854,0.579537,-0.002842,-0.321322,-0.019878,-0.21852,-0.658268,0.383653,-0.227448,0.223334,-0.207075,-0.237172,-0.024148,0.018241,-0.263799,0.377067,0.022628,-0.499374,-0.263799,-0.024148,0.328198,-0.612891,-0.245832,0.39375,0.380371,0.378315,-0.042628,0.320989,-0.024148,0.180385,-0.076796,0.198329,-0.01219,0.302108,0.697405,0.011077,0.173027,-0.036526,-0.036526,-0.207967,0.159515,-0.429123,0.0,-0.219384,-0.40094,0.19348,0.19685,-0.026109,0.159515,0.359535,-0.024148,0.009854,-0.03143,-0.292578,0.18285,-0.047822,-0.245832,-0.036526,-0.236832,0.197769,-0.00751,0.640551,0.133655,-0.192268,-0.248859,0.197769,0.026206,-0.499547,-0.009381,0.377597,-0.516764,-0.257622,0.399757,0.432168,0.143832,0.475421,-0.025715,-0.043875,-0.042628,0.39375,-0.201791,0.179513,-0.654062,-0.240567,0.000536,-0.544469,0.361759,-0.201632,0.188644,0.152667,-0.428346,-0.405506,-0.434537,0.173027,-0.483324,-0.434537,-0.588398,-0.041169,0.000552,-0.414884,0.039413,-0.220134,0.496902,0.247407,-0.234259,0.344037,#
12,0.457141,0.480233,-0.181313,-0.081364,-0.063444,-0.152139,0.575482,-0.01048,0.480233,0.575482,-0.809477,-0.252539,1.0,0.508907,0.402885,-0.282437,-0.226603,-0.313683,0.075113,0.07454,-0.21564,0.048628,0.257998,0.11878,-0.247981,-0.548627,0.416271,-0.397556,0.217349,0.570669,-0.259423,0.150461,0.307839,0.091283,-0.609641,-0.235192,0.266557,-0.446673,-0.257795,-0.038145,0.278407,0.068559,0.374934,0.014891,0.15667,-0.672169,0.536884,0.001097,-0.205318,-0.182843,-0.305536,-0.23278,0.531107,-0.379224,0.019338,0.005606,0.587738,-0.287467,0.611868,0.233005,0.48826,-0.091429,-0.252276,-0.026807,0.577605,0.786756,0.205226,0.193936,0.384801,-0.412447,-0.201241,-0.133931,0.286811,-0.558981,-0.571653,-0.052426,0.012302,-0.439825,0.055421,0.214211,0.055421,-0.260846,-0.260846,0.119447,-0.409707,0.205226,-0.250896,-0.260846,0.1811,-0.548603,-0.118918,-0.354757,-0.571653,-0.103911,-0.085645,-0.67824,0.036879,-0.179471,-0.363358,0.233433,0.105464,0.061798,0.029283,0.384551,0.161762,0.198778,-0.13551,0.34441,-0.449713,-0.374399,0.307682,0.394594,-0.449713,-0.13551,-0.46108,0.198685,-0.233419,-0.118918,0.035041,-0.558981,-0.386735,-0.267236,-0.13551,-0.072735,-0.369556,0.521264,0.286461,-0.113903,0.060808,0.344938,-0.693455,-0.571653,-0.571653,-0.046807,-0.67824,0.036879,0.0,-0.069139,0.406365,-0.468959,-0.082104,-0.262506,-0.67824,-0.475345,0.330805,-0.355069,0.055421,0.558247,0.1811,-0.541046,-0.233419,-0.571653,0.384551,-0.072735,-0.340051,-0.072735,0.647294,0.685189,0.012302,-0.072735,0.207658,-0.24175,0.373905,-0.370655,0.214211,0.484142,0.061798,-0.459983,-0.702348,-0.247981,0.119457,-0.488894,0.079739,-0.118918,0.531287,-0.438431,-0.072209,0.488017,0.570855,0.174915,0.187274,0.246748,-0.045179,-0.230302,0.570855,0.144819,0.589,-0.246257,-0.351227,0.589,0.200513,0.391991,0.123063,0.377387,0.56128,0.437513,-0.341703,-0.298676,0.345846,-0.507363,#
13,0.260226,0.295455,0.228795,0.359997,-0.528179,-0.303154,0.333098,0.323605,0.295455,0.333098,-0.400032,-0.43622,0.508907,1.0,-0.196772,-0.338893,-0.673058,-0.34211,-0.422034,0.195953,0.104181,0.512586,0.716375,0.333067,0.071189,-0.29026,0.501391,-0.377027,-0.068435,0.325283,0.273679,-0.010781,0.135906,0.245685,-0.327135,-0.279022,0.371342,-0.200935,0.287359,-0.489779,0.096691,0.641516,0.044447,-0.128745,-0.300843,-0.401715,0.495546,0.275861,-0.198017,-0.047076,-0.202206,-0.077517,0.279196,-0.152987,-0.34033,0.418199,0.983308,-0.101597,0.18668,0.686222,0.97811,-0.558156,-0.257634,-0.171,0.619785,0.40362,0.090604,0.855264,0.524638,-0.136176,0.344122,0.393078,0.104157,-0.305413,-0.311577,-0.14329,0.446758,-0.202189,0.169769,0.667592,0.169769,0.27457,0.27457,0.375163,-0.253803,0.090604,0.274541,0.27457,0.221053,-0.584669,-0.3664,-0.204828,-0.311577,0.409035,0.436683,-0.357223,0.250448,0.028811,0.29921,0.314668,0.263183,0.170486,0.495548,0.150162,0.299526,0.247812,0.335578,0.192065,-0.240823,-0.480833,0.135837,0.267508,-0.240823,0.335578,0.228595,0.371946,0.300996,-0.3664,0.167108,-0.305413,0.2248,-0.530007,0.335578,0.122475,-0.166788,0.466146,0.103547,0.42002,0.283317,0.348492,-0.364627,-0.311577,-0.311577,0.518975,-0.357223,0.250448,0.0,0.285264,0.92159,-0.269955,0.121453,0.170951,-0.357223,-0.217603,0.308429,-0.082844,0.169769,0.315413,0.221053,-0.278265,0.300996,-0.311577,0.150162,-0.542015,-0.159239,0.122475,0.336509,0.377771,0.446758,-0.542015,-0.008587,0.202369,0.236153,-0.224559,0.667592,0.297711,-0.445074,-0.257895,-0.35111,0.071189,-0.353986,-0.175268,0.197643,-0.3664,-0.180599,-0.235499,0.235379,0.317366,0.344096,-0.057351,0.305821,-0.291463,-0.49068,0.319899,0.344096,0.641723,0.356404,-0.418779,-0.310597,0.356404,0.350168,0.267649,-0.348826,-0.231479,0.249174,0.230347,-0.133041,-0.196402,0.883576,-0.988015,#
14,0.093813,0.570072,-0.060937,-0.60204,0.498658,0.048718,0.689185,0.114746,0.570072,0.30057,-0.195591,-0.012381,0.402885,-0.196772,1.0,-0.041122,-0.11505,-0.235262,0.634598,-0.172546,-0.104903,-0.479125,0.137017,-0.11122,-0.610957,-0.555468,0.607064,0.196184,0.618118,0.260676,-0.815892,0.306624,0.380856,-0.156069,-0.336038,0.359058,-0.244328,-0.389896,-0.145605,0.516301,-0.601083,0.03606,0.673441,0.296849,0.689185,-0.320574,0.517695,-0.174266,-0.206509,0.445101,-0.318682,-0.456341,0.321661,0.020927,-0.120249,-0.401941,-0.095806,0.149443,0.919953,-0.333502,-0.297261,0.071322,-0.327338,0.256555,0.109069,0.522264,-0.407305,-0.343799,-0.284478,-0.615802,-0.684403,-0.698994,-0.105301,-0.269971,-0.678307,0.575319,-0.517822,-0.529034,-0.574876,-0.369104,-0.574876,-0.810866,-0.810866,0.266002,-0.471241,0.253904,-0.410113,-0.810866,-0.400785,-0.367068,-0.258216,-0.410624,-0.678307,-0.648,-0.631051,-0.423568,-0.580819,-0.146344,-0.570049,0.026959,0.320023,-0.164627,-0.514854,-0.350234,-0.410113,-0.384382,-0.662907,-0.090035,-0.53158,-0.176048,-0.10083,0.461276,-0.53158,-0.662907,-0.515901,-0.392661,-0.393896,-0.258216,-0.628152,-0.269971,-0.580819,-0.080569,-0.662907,-0.350234,-0.298866,-0.077822,-0.610957,-0.6139,-0.148111,-0.237915,-0.829354,-0.678307,-0.678307,-0.579817,-0.423568,-0.580819,0.0,-0.362159,-0.155974,-0.549438,-0.799931,-0.610646,-0.423568,-0.2507,-0.230215,-0.568879,-0.574876,0.322653,-0.400785,-0.253329,-0.393896,-0.678307,-0.350234,0.07408,-0.403524,-0.350234,0.06262,0.446004,-0.517822,0.07408,0.494812,-0.610646,0.442089,-0.136943,-0.369104,0.150915,0.228443,-0.032594,-0.064308,-0.610957,0.695064,-0.265444,-0.147979,-0.258216,0.818896,-0.099589,-0.358718,0.589095,0.693,0.523916,0.3408,0.461122,0.519022,-0.014431,0.693,-0.46023,0.303945,-0.4144,-0.311429,0.303945,-0.002317,0.474426,0.713145,0.62185,-0.101476,-0.334325,0.097207,-0.33166,-0.392124,0.253904,#
15,-0.232353,-0.242848,0.490027,-0.429212,0.643291,-0.217897,-0.037509,0.224024,-0.242848,-0.425635,0.45184,0.580387,-0.282437,-0.338893,-0.041122,1.0,-0.003962,-0.055471,0.040858,-0.403118,-0.499116,0.211248,-0.464351,-0.014292,-0.023774,-0.111916,-0.017678,0.070751,0.458969,-0.422282,-0.186163,0.177115,-0.003962,-0.022956,0.34965,0.613058,0.127202,-0.169195,0.122699,0.199545,0.052762,-0.354541,-0.442349,-0.104819,-0.425635,0.214934,-0.599323,0.492674,-0.170188,0.302173,0.347558,0.055696,-0.328415,0.102954,-0.247685,0.301744,-0.369454,-0.011885,-0.147586,-0.494222,-0.255554,0.66381,0.44255,-0.159702,-0.371044,-0.322166,-0.332831,-0.135974,0.298679,0.627783,0.137012,0.071213,-0.033089,0.411834,0.008018,0.422349,-0.202269,-0.194239,-0.432443,-0.462674,-0.010685,-0.184031,0.225534,-0.365293,0.479836,0.327548,0.211637,-0.184031,-0.216797,0.193679,-0.025547,0.005649,0.008018,0.043447,-0.379735,0.612346,0.426753,-0.089041,0.035346,-0.615563,-0.134716,-0.022169,-0.180182,0.202219,0.211637,-0.626362,0.019391,0.005929,-0.216209,-0.034116,0.010183,-0.498818,-0.216209,0.019391,0.378565,-0.174379,-0.193281,-0.025547,-0.047536,0.411834,0.011084,0.052234,0.019391,-0.246491,-0.060745,-0.258876,-0.023774,0.315922,0.388596,-0.404744,0.216794,0.008018,0.008018,-0.15399,0.20278,0.011084,0.0,0.272828,-0.187755,0.229685,-0.23864,0.512569,0.20278,0.36866,-0.429379,0.045995,-0.432443,-0.304367,-0.216797,-0.003694,-0.193281,0.008018,-0.246491,0.17729,0.034557,0.202219,0.10716,-0.211228,-0.202269,0.17729,0.573172,0.050917,-0.021025,0.416594,-0.462674,-0.237187,0.370407,0.467387,0.189686,-0.023774,-0.017896,-0.022444,-0.437838,-0.025547,-0.204079,0.215439,-0.177862,-0.220344,0.008364,-0.005808,0.022373,-0.193407,0.195743,0.198028,-0.409841,-0.351094,-0.415183,-0.230793,-0.431664,-0.415183,-0.164996,-0.018427,0.008607,-0.406467,0.043861,-0.230208,0.530659,0.288892,-0.177961,0.327548,#
16,0.246321,-0.326804,-0.28174,-0.121988,0.218218,0.482877,-0.407495,-0.326817,-0.326804,0.082283,0.096859,0.008127,-0.226603,-0.673058,-0.11505,-0.003962,1.0,0.544804,0.111392,0.092406,-0.249935,-0.226273,-0.388057,-0.407385,-0.25,0.225264,-0.60119,0.116792,-0.388057,0.126725,-0.007573,0.264628,-0.25,-0.408118,-0.096982,-0.011707,-0.206897,0.088282,-0.24577,0.210987,0.268839,-0.450184,-0.176088,0.356183,0.082283,0.039576,-0.405715,0.013738,-0.109775,-0.673058,0.158334,0.173233,0.009033,-0.366311,0.362847,-0.296786,-0.703065,-0.384675,-0.385078,-0.384675,-0.639452,0.206591,0.214173,0.380665,-0.538621,-0.048231,0.666667,-0.798391,-0.130534,0.220244,-0.204379,-0.087633,-0.24994,-0.116523,0.388262,-0.11761,-0.235648,0.3175,0.094617,-0.38694,0.094617,-0.011485,-0.011485,-0.407418,0.23913,-0.166667,-0.499613,-0.011485,-0.011485,0.218218,0.388262,0.21385,0.388262,-0.106803,-0.106803,-0.011485,0.087422,-0.053001,-0.407661,-0.497937,-0.166664,-0.407971,-0.226617,0.207617,-0.017032,-0.011485,-0.116523,-0.249392,0.300094,0.094617,0.356961,-0.249786,0.300094,-0.116523,-0.393719,-0.005803,-0.499613,0.388262,0.117257,-0.116523,-0.407971,0.146334,-0.116523,-0.327154,0.033041,-0.212378,0.375,-0.307028,-0.574075,-0.101623,0.488108,0.388262,0.388262,-0.27369,-0.011485,0.087422,0.0,-0.326025,-0.702062,0.300094,0.218218,-0.249873,-0.011485,-0.183044,-0.116523,0.168956,0.094617,0.037606,-0.011485,-0.116523,-0.499613,0.388262,0.207617,0.207617,0.231036,-0.327154,-0.066169,-0.020525,-0.235648,0.207617,-0.439712,0.356961,-0.249814,-0.153134,-0.38694,0.184303,0.087422,-0.344823,0.005907,-0.25,0.085342,-0.162257,-0.407971,0.388262,0.300589,-0.235648,0.197531,-0.357788,-0.428784,0.216547,-0.438562,0.50565,0.181033,-0.523204,-0.428784,-0.332358,0.075951,0.488108,0.440304,0.075951,-0.022461,-0.290659,0.101827,0.395484,0.013434,0.228998,-0.392868,0.14315,-0.56794,0.666667,#
17,0.418855,-0.084822,-0.455827,-0.14903,0.299016,0.343116,-0.238824,-0.528757,-0.528736,0.181641,0.522496,0.38144,-0.313683,-0.34211,-0.235262,-0.055471,0.544804,1.0,0.163145,0.199084,0.121092,0.126587,-0.068069,-0.659109,0.132074,0.015331,-0.563253,-0.308075,-0.687899,0.223988,0.036508,0.033518,0.132074,0.215606,0.136858,-0.067261,-0.629342,0.151801,-0.397631,0.288042,0.044005,-0.105466,-0.495657,-0.367482,-0.335854,-0.10149,0.012676,0.063053,-0.012027,-0.502375,0.227851,-0.257395,-0.294075,-0.632167,0.514609,0.058065,-0.313284,-0.181035,-0.339829,-0.060452,-0.331816,0.259767,0.027182,-0.345276,-0.577117,-0.023743,0.445749,-0.399222,-0.255089,0.478001,-0.16124,-0.090488,-0.404378,-0.237578,0.198901,-0.255421,-0.329042,0.05032,0.202871,-0.565699,0.202871,0.029769,0.029769,-0.659162,0.324681,-0.26965,-0.39404,0.029769,0.029769,0.299016,0.198901,-0.174171,0.198901,-0.122838,-0.122838,-0.066933,-0.234772,-0.540746,-0.222095,-0.378145,-0.448494,-0.234772,-0.313643,-0.070214,-0.39404,0.029769,-0.139469,-0.403492,0.029313,0.10329,0.116684,-0.404129,0.029313,-0.139469,-0.180968,-0.383977,-0.39404,0.198901,0.639025,-0.237578,-0.234772,-0.007983,-0.139469,-0.070214,-0.448384,0.124948,0.132074,0.052247,0.025069,-0.114085,0.365692,0.198901,0.198901,0.103923,-0.066933,-0.234772,0.0,-0.527477,-0.307654,0.029313,0.407094,-0.404269,-0.066933,-0.277551,-0.139469,-0.138482,0.202871,0.265721,0.029769,-0.237578,-0.39404,0.198901,-0.070214,-0.176157,-0.153046,-0.070214,-0.065345,0.014232,-0.329042,-0.176157,-0.731788,0.116684,0.113488,-0.051455,-0.565699,0.352952,-0.332915,-0.170535,0.314813,0.132074,0.057874,-0.243034,-0.234772,0.198901,0.002769,-0.433468,-0.078877,-0.108733,-0.268997,-0.293151,0.114035,0.351724,-0.220722,-0.017687,-0.268997,-0.476888,0.174176,0.365692,-0.037903,0.174176,-0.398802,0.064438,0.081812,0.176175,-0.216684,-0.051848,-0.18293,0.149675,-0.241015,0.280656,#
18,-0.057715,0.375356,-0.395865,-0.151414,0.406287,-0.403196,0.196531,-0.53047,-0.085446,0.196531,0.205383,0.061688,0.075113,-0.422034,0.634598,0.040858,0.111392,0.163145,1.0,-0.298506,0.040747,-0.757916,-0.127364,-0.315076,-0.405786,0.015948,0.218149,0.492443,0.374372,0.205063,-0.453369,0.011874,0.588787,-0.216736,0.161978,0.44737,-0.252141,0.171392,-0.398919,0.857048,-0.399227,-0.196835,0.18354,-0.097825,0.508288,0.044644,0.147452,-0.279397,0.057647,0.247371,0.284294,-0.23865,-0.234011,-0.174098,0.519126,-0.268847,-0.291298,0.383711,0.505822,-0.119948,-0.468282,0.370886,0.103736,0.137543,-0.042494,0.24895,-0.270524,-0.315039,-0.381898,-0.38256,-0.643127,-0.98276,0.040397,-0.216021,-0.20857,0.247406,-0.385451,-0.390048,-0.289649,-0.63148,-0.662297,-0.449054,-0.810929,0.138928,-0.160746,-0.270524,-0.453174,-0.449054,-0.449054,-0.079868,-0.20857,-0.13839,-0.20857,-0.991983,-0.550094,-0.407018,-0.662195,-0.153499,-0.661692,-0.002797,-0.098129,-0.294927,-0.839641,-0.531018,-0.453174,-0.021383,-0.625812,-0.404798,0.061285,0.126286,-0.405579,0.092158,0.061285,-0.625812,-0.639062,-0.444358,-0.030356,-0.20857,-0.24866,-0.216021,-0.294927,0.208159,-0.625812,-0.134556,-0.449021,-0.323213,-0.405786,-0.45776,-0.153828,-0.612995,-0.402422,-0.20857,-0.20857,-0.370199,-0.045143,-0.294927,0.0,-0.529185,-0.191551,-0.40432,-0.531298,-0.405579,-0.045143,-0.23885,-0.191916,-0.334654,-0.289649,0.296422,-0.449054,0.217875,-0.030356,-0.20857,-0.134556,0.307958,-0.65442,-0.531018,-0.415632,0.040718,-0.385451,0.307958,0.256073,-0.405579,0.131871,0.324818,-0.63148,-0.049272,0.115003,0.338538,0.350825,-0.405786,0.577279,-0.202337,0.139117,-0.20857,0.509034,0.050722,-0.14204,0.385999,0.177406,0.33028,-0.201516,0.463478,0.293842,-0.036475,0.546914,-0.745269,0.196894,-0.036248,-0.06356,0.196894,-0.039137,0.146688,0.63195,0.662193,-0.218694,-0.530995,-0.086504,0.220203,-0.612194,0.419047,#
19,-0.074694,-0.53351,0.104138,0.242357,-0.080659,0.364464,-0.257913,-0.108845,-0.103465,-0.272999,-0.277587,-0.003004,0.07454,0.195953,-0.172546,-0.403118,0.092406,0.199084,-0.298506,1.0,0.612424,0.040897,0.336924,-0.25389,0.092406,0.080289,-0.142661,-0.189066,-0.61483,-0.237741,0.397606,0.174781,0.111657,-0.249692,-0.106372,-0.409773,0.271642,-0.280504,-0.401221,-0.534232,0.010747,0.559286,0.085425,0.049844,-0.257913,-0.00447,0.391837,0.174769,0.311848,-0.451908,0.232064,0.447457,0.653286,0.010531,0.067318,0.496512,0.223115,-0.647484,-0.040977,-0.160034,0.287529,-0.556865,0.327993,0.080008,-0.289285,0.377074,0.395293,0.050226,-0.313616,0.126678,0.24632,0.28821,0.12182,0.270085,0.242447,-0.555431,0.527383,0.095841,0.581602,0.422226,0.581602,0.396041,0.396041,-0.229473,0.450647,0.420961,0.420752,0.396041,0.825867,-0.097463,0.682766,0.408395,0.242447,0.254224,-0.189892,0.00513,0.166953,0.354255,-0.257414,0.024359,-0.438925,0.603184,0.555901,0.365098,0.420752,0.396041,0.666687,-0.407134,0.073948,0.179053,0.612429,-0.407778,0.073948,0.666687,0.25044,0.014657,-0.004197,0.682766,0.175265,0.270085,0.166953,0.087012,0.666687,0.365098,0.355187,0.118147,0.092406,0.128762,0.200784,0.71332,-0.0247,0.242447,0.242447,-0.37936,0.00513,0.166953,0.0,-0.532239,0.193365,0.541901,0.339439,-0.407919,0.00513,0.343058,0.666687,0.457203,0.581602,-0.303485,0.825867,-0.165999,-0.004197,0.242447,0.365098,-0.063175,0.437214,0.365098,-0.083008,-0.005058,0.527383,-0.063175,-0.540811,0.078065,-0.407824,0.124581,0.422226,-0.097643,0.206447,-0.06419,0.034208,0.092406,-0.226675,-0.083146,0.166953,0.682766,0.130053,0.105247,0.348139,-0.523367,-0.206239,0.025141,0.15366,-0.419488,0.367822,0.425533,-0.206239,0.279745,-0.249256,0.410233,-0.125209,-0.249256,0.40697,-0.405439,-0.663886,-0.146181,0.552624,-0.088674,-0.574681,0.31306,0.442218,-0.272085,#
20,-0.326927,-0.326719,-0.255054,0.42809,-0.327242,-0.037085,-0.407389,-0.326732,-0.326719,-0.407389,0.066779,-0.022136,-0.21564,0.104181,-0.104903,-0.499116,-0.249935,0.121092,0.040747,0.612424,1.0,-0.258007,0.194473,0.097079,0.362151,0.432496,-0.096272,0.17148,-0.375585,-0.40779,0.50387,-0.179323,0.387654,0.101391,0.472566,-0.499382,-0.023041,0.394465,-0.245706,-0.327161,-0.245895,0.43454,0.277537,-0.294364,0.092254,0.482771,0.336272,-0.398309,0.766292,0.104181,0.125988,0.201464,0.20162,0.317886,0.299912,0.3043,0.169634,0.200086,-0.024285,0.200086,0.113455,-0.362494,0.119212,-0.167668,-0.195643,-0.037036,-0.166623,0.179874,-0.734666,-0.214483,-0.063258,-0.098176,0.40006,0.408321,0.418167,-0.610654,0.323014,0.349807,0.627275,0.258624,0.084336,0.505801,-0.021441,0.127062,0.27603,-0.166623,0.494386,0.505801,0.505801,0.20703,0.418167,0.250154,0.418167,-0.117065,-0.117065,-0.021441,-0.407865,0.217353,0.091492,0.527688,-0.370648,0.612392,0.340479,-0.327069,0.021777,0.505801,0.408321,-0.249327,0.331905,0.627275,-0.249808,-0.249721,0.331905,0.408321,0.126615,0.033862,0.494386,0.418167,0.106524,0.408321,0.612392,0.501325,0.408321,0.774286,0.330997,-0.223484,-0.249935,-0.153715,0.159067,0.436879,-0.015887,0.418167,0.418167,-0.182878,0.505801,0.127235,0.0,-0.325941,0.222927,0.331905,0.20703,-0.249808,0.505801,0.451889,0.408321,0.216564,0.627275,-0.401025,0.505801,0.408321,0.494386,0.418167,0.250565,0.250565,0.267803,0.196652,-0.487118,-0.499308,0.323014,0.250565,-0.389232,-0.249808,-0.249749,0.253075,0.258624,-0.330906,0.127235,0.33051,0.538031,0.362151,0.12952,0.502896,0.612392,0.418167,-0.17657,0.323014,0.239671,-0.320451,-0.395024,-0.269509,0.032716,-0.504831,0.226129,0.505023,0.143339,0.023734,-0.406561,0.517621,0.165873,-0.406561,0.015925,-0.248224,-0.406508,-0.06209,0.092232,-0.327055,-0.364957,0.19179,0.270884,-0.166623,#
