0,1.0,0.5898,0.201125,-0.218664,0.17765,0.030729,0.413145,0.667715,0.804829,-0.027521,-0.488852,0.440402,0.187741,0.653434,0.209683,-0.122537,-0.429179,0.553815,0.248263,0.322715,0.011807,0.502668,0.76417,0.322715,-0.496316,-0.258084,0.651095,0.161586,0.510822,0.587519,-0.74626,0.596929,0.322715,-2.4e-05,0.297953,-0.241999,-0.463098,-0.19693,0.322715,0.483625,0.352854,0.526268,-0.010362,0.220523,0.0,-0.636555,0.293102,0.656862,-0.166702,-0.130905,0.086712,-0.134381,-0.019497,0.106127,-0.399267,-0.215523,0.028909,-0.449628,0.37261,0.467188,0.383735,0.345294,-0.463098,0.290608,0.410754,0.653434,-0.387684,0.410037,0.535231,0.631241,0.354893,-0.413563,-0.333209,-0.025925,-0.442778,0.291804,-0.437521,-0.234543,-0.459763,0.001238,0.004152,-0.475286,-0.386258,-0.395348,-0.213877,0.203121,0.188144,-0.014001,0.188847,-0.437521,-0.646797,-0.437521,-0.646047,0.821709,-0.444523,-0.437521,0.381103,-0.242045,-0.249506,-0.628355,0.077603,-0.249855,-0.195581,0.167447,-0.437521,-0.20481,0.082326,-0.342904,-0.242045,-0.307561,0.576381,0.348952,-0.249506,-0.037703,-0.539448,-0.437521,-0.499814,-0.190194,0.224628,-0.646047,-0.499814,-0.833276,-0.199304,-0.663301,-0.047204,-0.022479,-0.233716,-0.026615,-0.134381,-0.654065,-0.41108,-0.499559,-0.190194,-0.161392,-0.049823,-0.190554,0.482147,-0.628355,0.168011,-0.245014,0.222217,-0.492405,-0.814326,-0.125938,-0.646797,0.253845,-0.628355,0.586923,-0.521158,-0.575762,-0.276551,-0.454887,-0.007716,-0.333209,-0.41108,0.0,0.584372,0.583209,-0.245014,0.194373,-0.234543,-0.021601,-0.242045,0.068946,-0.228902,0.500906,-0.333209,0.02049,-0.84822,-0.03673,-0.028754,0.449894,-0.257495,-0.521158,0.806731,-0.395348,-0.499559,0.21503,0.476114,-0.80037,-0.359535,0.26355,-0.233884,0.1819,0.474991,-0.195756,0.202426,0.188144,-0.684002,0.638541,0.188144,-0.025113,0.595604,0.476114,0.016617,0.218527,0.476114,-0.2256,-0.347986,0.322715,#
1,0.5898,1.0,0.162184,-0.215104,0.575806,0.058183,0.403428,0.284955,0.321144,0.461252,-0.487593,0.044695,0.145352,0.656853,0.209065,-0.095548,-0.406896,0.529031,0.223575,0.306786,0.0,0.503034,0.757587,0.28122,-0.495038,-0.266264,0.632856,0.203909,0.51537,0.580978,-0.771513,0.211159,0.28122,0.0,0.292181,-0.266912,-0.455234,-0.208807,0.357917,0.499541,-0.012378,0.520881,-0.007169,0.5541,0.0,-0.616203,0.297284,0.635047,-0.128862,0.339095,0.607988,-0.149794,0.334891,-0.084438,0.308956,-0.476896,-0.385093,0.053958,-0.007762,-0.178465,0.375858,0.357582,-0.455234,0.74982,-0.152789,0.656853,-0.396321,0.403472,0.546846,0.530524,0.020168,-0.431022,-0.332352,-0.463123,-0.026269,0.313985,-0.445083,-0.222344,-0.490968,-0.431569,-0.459797,-0.463123,-0.813538,-0.429685,-0.231364,-0.236924,0.164146,-0.490968,-0.231255,-0.014714,-0.634396,-0.014714,-0.625145,0.354049,-0.431569,-0.014714,0.337925,-0.266963,0.1458,-0.213553,-0.45978,-0.258499,-0.635251,0.155125,-0.445083,-0.639118,-0.472739,-0.332414,-0.250905,0.149744,0.553258,0.383482,-0.280664,-0.470103,-0.589245,-0.445083,-0.498527,-0.179808,0.408045,-0.625145,-0.498527,-0.384996,-0.209258,-0.682033,-0.079992,-0.020904,-0.21132,-0.432774,-0.123299,-0.200733,-0.428683,-0.498273,-0.596391,-0.644905,-0.038454,-0.652381,0.482031,-0.213553,0.084887,-0.289476,-0.258499,0.053871,-0.443034,-0.136616,-0.634396,0.105459,-0.22797,0.387618,-0.517957,-0.584018,-0.288543,-0.434025,-0.040762,-0.332351,-0.428683,0.0,0.583731,0.579601,-0.289476,0.239098,-0.236924,-0.024651,-0.250905,0.260417,-0.685911,0.497052,-0.332352,0.376283,-0.443246,0.479445,-0.441897,0.296472,0.169582,-0.535779,0.804838,-0.429685,-0.498273,-0.187192,0.475108,-0.332414,-0.346219,0.312693,-0.209272,0.593167,0.473995,-0.221641,0.204716,-0.298627,-0.265242,0.63709,0.164146,0.379033,0.234697,0.475108,0.390787,-0.158468,0.475108,-0.213271,-0.663962,0.357917,#
2,0.201125,0.162184,1.0,0.562467,0.632699,-0.761792,0.020039,-0.042257,0.192736,0.292049,0.325481,-0.116436,0.216046,0.008314,0.400185,-0.636608,-0.384504,-0.242272,0.12417,0.221853,0.353842,-0.304689,0.473793,0.165688,-0.15548,0.134926,0.492641,-0.617478,-0.356919,0.208225,-0.016473,0.234137,0.165688,5.1e-05,-0.499507,-0.096629,-0.446766,-0.510282,0.221853,0.332473,0.515906,0.034156,-0.533989,-0.136355,0.0,-0.152361,0.181218,0.149657,-0.508507,-0.061575,-0.440159,-0.193085,-0.156285,0.348417,-0.321219,-0.352981,-0.508394,0.138993,-0.550718,-0.333051,-0.109946,0.177341,-0.446766,-0.061575,-0.346055,0.008314,-0.414509,-0.200518,-0.066801,0.116199,-0.137204,0.313531,0.221853,0.376146,0.076716,-0.268552,-0.376579,-0.663042,-0.146908,-0.04292,0.082023,-0.123327,0.101148,-0.214438,-0.197807,-0.208602,0.545485,0.348562,-0.62913,0.096165,-0.373462,0.096165,-0.246291,0.095043,-0.538391,0.096165,0.527745,0.400184,0.189784,0.227156,0.160698,-0.070286,0.244972,0.205095,-0.376579,-0.207876,-0.417287,0.333338,0.435462,0.488387,0.233497,-0.508297,-0.27867,-0.095654,0.19369,-0.376579,-0.214833,-0.157031,0.453027,-0.246291,-0.214833,-0.512182,0.454211,-0.284651,0.016523,-0.493492,-0.519424,-0.44582,-0.13488,-0.033075,0.389611,-0.762056,-0.614632,-0.402555,0.075503,0.454563,0.292857,0.227156,0.083255,0.521807,0.454429,-0.065736,0.082565,-0.578153,-0.373462,0.630813,0.195482,0.115813,-0.276157,0.25477,-0.475649,0.062715,0.528454,-0.508297,0.389611,0.0,0.514192,0.085768,0.521807,-0.042206,-0.695073,0.076442,0.435462,-0.524365,-0.396556,0.271692,-0.508297,-0.064952,-0.128271,0.332062,-0.128537,0.123116,-0.09441,-0.315311,0.327912,-0.214438,-0.230361,-0.522235,0.199411,-0.175143,-0.08962,-0.089331,-0.055363,0.178103,0.180855,-0.154932,-0.215388,-0.442949,-0.029793,0.026871,0.065389,0.494705,-0.198478,0.199411,0.233888,-0.636684,0.199411,-0.205163,-0.381946,0.221853,#
3,-0.218664,-0.215104,0.562467,1.0,0.239528,-0.762733,-0.382021,-0.057905,-0.24617,-0.180709,0.308396,-0.096709,0.253712,-0.411394,-0.033107,-0.642842,0.040575,-0.245176,-0.324222,0.210208,0.3568,-0.758842,0.060256,-0.508925,-0.165493,0.163137,0.056602,-0.624161,-0.321301,-0.188051,0.420451,0.205736,-0.508925,-5e-05,-0.4534,-0.528323,0.089515,-0.484892,0.210208,0.315021,0.077371,0.071844,-0.10264,-0.573383,0.0,0.221037,0.17127,-0.284275,-0.048531,-0.48858,-0.40079,-0.203952,0.297952,0.35165,-0.280817,0.10469,-0.09657,0.171017,-0.119372,-0.320616,-0.503897,0.16502,0.089515,-0.48858,-0.301564,-0.411394,0.030595,-0.163814,-0.418184,0.04383,-0.112878,0.822081,0.210208,0.787502,0.072912,-0.280801,0.048551,-0.242128,-0.116878,0.371117,0.118194,0.295566,0.079311,-0.162785,0.21814,-0.173118,0.107836,0.371117,-0.214171,0.53207,0.074798,0.53207,0.167755,-0.319951,-0.116878,0.53207,0.135906,-0.039089,0.237002,0.6473,0.171017,-0.085495,0.6473,-0.211099,0.048551,0.196072,-0.3867,0.773265,0.412605,0.525814,-0.155153,-0.508925,-0.242128,0.317973,0.232825,0.048551,0.315312,0.263484,0.014532,0.167755,0.315312,-0.081926,0.449509,-0.199814,0.053807,-0.064111,-0.527856,-0.423427,0.541301,0.431416,0.80626,-0.239325,-0.204547,-0.309554,0.513789,0.431416,-0.18017,0.6473,0.0164,0.556717,0.431302,0.202214,0.529087,-0.504084,0.074798,0.498903,0.241763,-0.316556,0.232825,0.664433,-0.443736,0.041515,0.141512,-0.508925,0.80626,0.0,0.080333,-0.537764,0.556717,-0.057835,-0.652248,-0.338903,0.412605,-0.469642,0.040766,-0.259034,0.210208,-0.576788,-0.081926,0.336549,-0.095171,-0.447874,-0.490779,-0.268495,-0.085539,-0.162785,-0.239325,-0.051781,-0.305516,0.272456,-0.101188,-0.104519,-0.071123,-0.225534,0.224116,-0.401104,0.215812,-0.412087,0.349748,-0.407341,0.107836,0.077733,-0.219919,-0.305516,-0.163846,-0.238659,-0.305516,0.214553,-0.336124,0.210208,#
4,0.17765,0.575806,0.632699,0.239528,1.0,-0.498769,0.332943,-0.190295,0.02231,0.484561,0.083846,-0.023835,0.172548,0.193697,0.652202,-0.635319,-0.012814,0.045058,-0.208342,0.322316,0.011792,-0.073319,0.49595,0.296111,-0.495702,0.073329,0.177998,-0.290311,-0.017306,0.175788,-0.435298,-0.210191,0.296111,-2.4e-05,0.115435,0.17039,-0.610683,-0.339612,0.374724,0.523808,0.006344,0.378862,-0.424303,0.471006,0.0,-0.248319,0.118438,0.18863,-0.23932,0.275429,0.069803,-0.295064,-0.106176,0.247527,0.282993,-0.533432,-0.826349,0.587728,-0.424658,-0.273994,-0.025543,0.321028,-0.610683,0.275429,-0.134153,0.193697,-0.07365,0.090456,0.204951,0.122928,-0.413851,-0.001969,0.322316,-0.038359,-0.007706,0.28945,-0.036384,-0.622807,-0.070111,-0.435411,-0.452061,-0.038359,-0.425184,-0.405527,-0.213613,-0.637751,0.180817,-0.070111,-0.626713,0.004147,-0.63709,0.004147,-0.220865,-0.052591,-0.435411,0.004147,0.365572,0.178995,0.172981,0.197186,0.061149,-0.249546,-0.235053,0.160535,-0.436979,-0.631553,-0.467093,-0.093528,0.195454,0.627135,0.172738,-0.332797,-0.264142,-0.453112,-0.071815,-0.036384,-0.499196,-0.569511,0.153426,-0.220865,-0.499196,-0.387249,-0.199057,-0.275775,0.363703,-0.409995,-0.652527,-0.584216,-0.267907,0.230084,-0.014087,-0.498941,-0.996507,-0.608749,-0.0202,-0.232853,0.505824,0.197186,-0.310747,0.166661,-0.249546,0.365276,-0.022511,-0.52622,-0.63709,0.233877,0.182409,0.202513,-0.510238,-0.191322,-0.283372,-0.019952,-0.022562,-0.332797,-0.014087,0.0,0.639814,0.39266,0.166661,-0.218961,-0.240791,-0.028376,0.195454,-0.163791,-0.690281,0.485421,-0.332797,0.418944,-0.029013,0.503196,-0.029774,0.298323,0.189228,-0.528505,0.3891,-0.405527,-0.498941,-0.663916,0.47428,0.101729,-0.375548,0.190272,0.220118,0.583219,0.473118,-0.205152,-0.211524,-0.293523,0.114064,0.200592,-0.24994,0.806365,-0.186211,0.47428,0.277394,-0.59066,0.47428,-0.216804,-0.654306,0.374724,#
5,0.030729,0.058183,-0.761792,-0.762733,-0.498769,1.0,0.172202,0.258986,-0.016751,-0.249537,-0.244307,-0.038613,-0.499132,0.36923,-0.326482,0.892671,0.120636,0.151762,0.235156,-0.166524,-0.249786,0.45855,-0.234372,-0.166524,0.285566,-0.488355,-0.16347,0.869959,0.304334,0.0225,-0.182429,0.03071,-0.166524,1.4e-05,0.382156,0.218672,0.372356,0.377205,-0.166524,-0.249555,-0.403116,-0.237758,0.438287,0.496528,0.0,-0.04748,0.088394,0.080087,0.402959,0.416793,0.351227,0.104478,-0.034123,-0.49104,0.241168,0.229679,0.414904,-0.345593,0.438021,0.297654,0.424519,-0.088369,0.372356,0.416793,0.191319,0.36923,0.13005,0.085305,0.411326,-0.214862,-0.059358,-0.469865,-0.166524,-0.609415,0.104237,0.219268,0.111811,0.508256,-0.08665,-0.10904,-0.407312,-0.081255,0.097053,0.161049,-0.00191,-0.006155,-0.225669,-0.610578,0.496024,-0.407312,0.305857,-0.407312,0.015806,0.104596,0.414888,-0.407312,-0.406728,-0.32686,-0.498584,-0.498882,-0.345593,0.228343,-0.498882,0.005861,0.111811,0.003865,0.313286,-0.583182,-0.32686,-0.759356,-0.006147,0.696934,0.015828,-0.086397,-0.36519,0.111811,-0.249786,-0.017609,-0.232964,0.015806,-0.249786,0.395008,-0.32688,0.021924,-0.264084,0.394453,0.759483,0.340055,0.104478,-0.326874,-0.610626,0.368544,0.484885,0.288608,-0.407017,-0.326874,-0.248793,-0.498882,-0.182845,-0.760606,-0.326509,-0.185619,-0.406966,0.449846,0.305857,-0.663791,-0.498882,0.345724,0.236742,-0.499176,0.342267,0.119311,-0.407116,0.635258,-0.610626,0.0,-0.191,0.36432,-0.760606,0.237777,0.508256,0.104756,-0.32686,0.386969,0.323607,-0.206107,-0.166524,0.337633,-0.096831,-0.249247,-0.092441,0.316181,0.217572,0.236742,-0.047685,0.161049,0.368544,0.261717,0.269102,-0.045496,0.437955,0.309906,0.229962,0.05102,-0.320359,0.346744,0.042833,0.332539,-0.128458,0.346391,-0.225669,-0.373045,0.511709,0.269102,0.053746,0.526353,0.269102,-0.000223,0.286775,-0.166524,#
6,0.413145,0.403428,0.020039,-0.382021,0.332943,0.172202,1.0,-0.027206,0.513208,0.052628,0.182717,0.253943,-0.053292,0.08585,0.292253,0.04278,-0.272591,-0.052059,0.08909,0.393773,-0.407076,0.634594,0.130417,0.367167,-0.404227,-0.065192,0.112831,-0.000933,-0.096988,0.393937,-0.650174,0.036166,0.367167,-2.4e-05,0.369656,0.303537,-0.063284,0.450379,-0.271384,0.072537,0.16746,0.530934,-0.154442,0.666457,0.0,-0.430127,0.38476,0.537376,0.095543,0.150735,-0.026829,-0.39132,-0.053686,-0.413943,0.216677,0.273242,-0.127158,-0.128918,-0.154348,0.336725,-0.18013,-0.293274,-0.063284,0.150735,0.250376,0.08585,0.08617,-0.253354,-0.047053,0.05287,0.291325,-0.670855,0.393773,-0.18987,-0.286394,0.231671,0.125754,-0.008345,0.172701,0.234518,-0.296297,-0.18987,-0.268884,0.149163,-0.446227,-0.023519,0.466588,0.172701,-0.017793,-0.280984,-0.362972,-0.280984,-0.408918,0.550526,0.234518,-0.280984,0.086391,0.312299,-0.069039,-0.039385,-0.128918,-0.122952,-0.039385,0.798061,-0.280984,-0.442066,0.424586,-0.72738,0.32901,0.026985,0.355318,0.473592,-0.069039,-0.606928,-0.218399,0.125754,-0.407076,-0.3976,0.187018,-0.408918,-0.407076,-0.168224,-0.532717,-0.081775,-0.091754,-0.191635,-0.073853,0.364231,-0.363747,-0.105858,-0.21369,-0.406869,-0.3976,0.290138,-0.263125,-0.105858,0.033391,-0.039385,-0.391234,-0.004902,-0.122952,-0.354911,-0.244525,0.176599,-0.362972,0.267396,-0.054389,0.334705,-0.144209,-0.423897,0.481711,-0.250467,-0.301477,-0.271384,-0.21369,0.0,0.547211,0.528957,-0.004902,-0.045203,0.379528,0.576034,0.32901,0.105244,0.060456,0.056531,-0.271384,0.695094,-0.228846,0.062312,-0.204966,0.281262,-0.146804,-0.162756,0.252125,0.149163,-0.406869,-0.068627,0.408206,-0.52913,-0.105065,0.356508,-0.093502,0.410845,0.407944,0.218083,0.022012,0.466588,-0.61061,0.095193,0.029226,0.135462,0.032703,0.408206,0.677574,-0.354522,0.408206,0.409701,0.107777,-0.271384,#
7,0.667715,0.284955,-0.042257,-0.057905,-0.190295,0.258986,-0.027206,1.0,0.286024,-0.326787,-0.319939,0.593755,-0.220702,0.482859,0.07876,0.151222,-0.105954,0.343211,-0.016391,-0.218076,0.197883,0.291949,0.470889,-0.218076,-0.324824,-0.300841,0.439105,0.469114,0.397772,0.224649,-0.317531,0.650147,-0.218076,-4.9e-05,0.059587,-0.427966,-0.24985,-0.483244,0.508843,0.238824,-0.189005,0.235325,0.083236,-0.044847,0.0,-0.262036,0.298703,0.202856,0.002494,0.077302,-0.071246,0.331053,0.045124,-0.200542,-0.493428,-0.110123,0.111523,-0.68067,0.507601,0.388784,0.523058,0.573118,-0.24985,0.077302,0.150941,0.482859,-0.527682,0.233453,0.427174,0.33149,0.015717,-0.185689,-0.218075,0.062072,-0.533148,0.17966,-0.533405,-0.223018,-0.799597,0.095686,-0.080185,-0.399037,-0.093205,-0.506205,-0.219283,0.226089,-0.041445,-0.342182,0.215579,-0.533405,-0.065181,-0.533405,-0.26391,0.380224,-0.361729,-0.533405,-0.08007,-0.428047,-0.652932,-0.653323,-0.139656,-0.427588,-0.209234,-0.212764,-0.533405,-0.214289,-0.133906,0.11194,-0.428047,-0.565798,0.22577,0.535766,-0.652932,0.053502,-0.752732,-0.533405,-0.327113,0.205665,-0.176492,-0.26391,-0.327113,-0.370261,0.038589,-0.649901,-0.389789,0.078198,0.036124,-0.280947,0.331053,-0.428066,-0.351092,-0.326946,0.205665,-0.272531,-0.123004,0.047563,0.26065,-0.653323,0.338421,-0.512451,0.056825,-0.609368,-0.532952,-0.380118,-0.065181,0.044423,-0.653323,0.551884,-0.227215,-0.219573,-0.525399,-0.135061,-0.086712,-0.218075,-0.351092,0.0,0.406989,0.360326,-0.512451,0.510402,-0.223018,-0.086465,-0.428047,-0.203922,-0.049499,0.254918,-0.218076,-0.361488,-0.799661,-0.326408,0.077451,0.276994,-0.42739,-0.227215,0.533201,-0.506205,-0.326946,0.514108,0.317859,-0.357486,0.116989,0.612268,0.062307,0.244986,0.317324,-0.193801,0.212418,-0.041445,-0.21548,0.423383,-0.041445,-0.07402,0.642199,0.317859,-0.23346,0.659459,0.317859,-0.21808,-0.29581,0.508843,#
8,0.804829,0.321144,0.192736,-0.24617,0.02231,-0.016751,0.513208,0.286024,1.0,0.10088,-0.391657,0.207031,0.495483,0.494067,-0.092223,-0.138253,-0.652709,0.482605,0.548544,0.458474,0.165399,0.474069,0.597675,0.429457,-0.397637,-0.343889,0.555899,-0.168875,0.375409,0.779574,-0.457759,0.393469,0.429457,-2.6e-05,0.335096,-0.086557,-0.135021,0.048525,-0.26696,0.122597,0.61815,0.499289,0.202478,0.135909,0.0,-0.782906,0.448093,0.83487,-0.377274,-0.402482,-0.122286,-0.262546,-0.162431,0.22956,-0.521986,0.009645,0.241073,-0.511509,0.202355,0.330011,0.205413,-0.249457,-0.135021,0.063699,0.471258,0.494067,-0.183019,0.311131,0.253151,0.670764,0.57868,-0.385445,-0.26696,-0.05522,-0.241406,0.252665,-0.235471,-0.104256,-0.152956,0.22206,0.236306,-0.552202,-0.178588,0.196431,0.067498,0.36324,0.492034,0.340043,0.365632,-0.235471,-0.409016,-0.235471,-0.798168,0.985075,-0.270939,-0.235471,0.652871,-0.086574,0.011584,-0.390682,0.071594,-0.077199,0.087955,0.319896,-0.235471,0.077593,0.455379,-0.428972,-0.068348,-0.323044,0.775859,0.226335,0.011584,-0.064281,-0.01062,-0.235471,-0.400439,-0.051729,0.477691,-0.798168,-0.400439,-0.697925,-0.021064,-0.44551,0.082503,0.198479,-0.219995,0.336881,-0.232474,-0.524021,-0.08223,-0.400235,-0.051729,0.218385,-0.216045,-0.011392,0.079769,-0.390682,0.147965,0.175084,0.444899,-0.538605,-0.652419,0.110991,-0.409016,0.449411,-0.407045,0.528448,-0.152219,-0.332335,-0.023118,-0.65162,0.223311,-0.26696,-0.08223,0.0,0.474951,0.508121,0.175084,-0.200987,-0.120804,0.052514,-0.068348,0.339052,0.050342,0.13498,-0.26696,0.219864,-0.582224,0.111391,-0.105457,0.446274,-0.103239,-0.172448,0.660394,0.196431,-0.400235,0.27524,0.398306,-0.934917,-0.190901,-0.177986,-0.518581,-0.089158,0.397944,0.233272,0.377498,0.492034,-0.957945,0.526337,0.492034,-0.230469,0.392335,0.398306,0.194554,-0.031685,0.398306,-0.095988,0.125444,-0.26696,#
9,-0.027521,0.461252,0.292049,-0.180709,0.484561,-0.249537,0.052628,-0.326787,0.10088,1.0,-0.244273,-0.156556,0.492723,0.285749,0.168372,-0.317854,-0.407089,0.296167,0.362515,-0.1665,0.399601,0.289154,0.43445,0.632701,-0.248002,0.015516,0.30953,-0.321054,0.208397,0.508366,-0.040729,-0.499006,0.632701,0.0,0.092304,0.175139,-0.445802,-0.242476,-0.1665,-0.24952,0.09136,0.217384,-0.084821,0.195187,0.0,-0.488291,0.048602,0.44526,-0.753046,0.331263,0.254271,0.29864,-0.173399,0.182442,0.181989,-0.711528,-0.611516,0.274199,-0.610493,-0.67727,0.389047,-0.181762,-0.445802,0.331263,-0.350643,0.285749,-0.402884,0.26769,0.107828,0.397864,-0.120839,-0.299226,-0.1665,-0.609329,0.145125,0.221582,-0.407254,-0.498513,-0.146276,-0.610491,0.052703,-0.609329,-0.407563,0.168486,0.037813,-0.04273,0.337453,-0.146276,-0.498124,0.153319,-0.172308,0.153319,-0.49781,0.066585,-0.610491,0.153319,0.612397,0.175172,0.512756,0.050468,-0.394965,-0.326463,-0.498811,-0.031647,-0.407254,-0.498558,-0.368869,-0.002481,-0.326813,0.356061,0.512034,-0.1665,-0.04273,-0.608711,0.242297,-0.407254,-0.24975,0.044059,0.5527,-0.49781,-0.24975,-0.055719,0.250367,-0.094457,0.209517,-0.055641,-0.326463,-0.376159,-0.529589,0.261462,-0.055719,-0.249623,-0.498558,-0.460851,-0.406959,-0.326827,0.300499,0.050468,0.394889,0.328484,-0.326463,0.196779,0.073983,-0.187313,-0.172308,0.249752,0.501158,0.124058,-0.314841,0.037863,-0.261396,-0.40641,0.598198,-0.1665,-0.055719,0.0,0.300054,0.349929,0.328484,-0.326393,-0.04273,0.066687,-0.326813,0.391997,-0.760498,0.370941,-0.1665,0.487623,0.399518,0.436854,-0.12612,0.259014,0.742985,0.242297,0.397416,0.168486,-0.249623,-0.310322,0.231078,-0.002481,-0.06405,-0.317629,-0.319681,0.493219,0.230299,0.353434,0.013901,-0.265326,-0.090918,0.313093,0.337453,0.611706,-0.47838,0.231078,0.350443,-0.498939,0.231078,-0.499066,-0.083401,-0.1665,#
10,-0.488852,-0.487593,0.325481,0.308396,0.083846,-0.244307,0.182717,-0.319939,-0.391657,-0.244273,1.0,-0.02384,-0.488603,-0.744394,0.306178,-0.009601,0.171723,-0.966538,-0.297568,-0.163011,-0.244517,-0.243061,-0.585153,-0.163011,0.300862,0.452736,-0.320575,-0.314326,-0.97314,-0.488623,0.322608,-0.083715,-0.163011,3.5e-05,-0.582935,0.314826,0.171265,0.204599,-0.163011,-0.244291,0.049066,-0.329645,-0.598063,-0.080629,0.0,0.559395,-0.061848,-0.480871,0.168983,0.186963,-0.613759,-0.071162,-0.136208,-0.424379,0.112928,0.431503,-0.199928,0.109606,-0.5977,-0.033098,-0.597261,-0.210083,0.171265,-0.436578,-0.360084,-0.744394,0.069972,-0.944261,-0.680105,-0.757577,-0.157783,0.143468,0.807294,0.417592,-0.0011,-0.53423,0.194613,-0.088261,0.408328,0.408328,0.004747,0.417592,0.570033,0.161163,-0.488003,-0.088261,0.32786,0.408328,-0.487686,0.004747,0.301686,0.004747,0.498983,-0.398381,0.408328,0.004747,-0.398148,0.767916,-0.088261,0.488358,0.109606,0.111614,0.488358,0.524349,0.004747,-0.097568,0.076394,0.172363,0.767916,0.346037,-0.487379,-0.163011,-0.088261,-0.189941,0.234379,0.194613,0.250339,-0.097568,-0.118024,0.498983,0.250339,0.388825,0.095449,0.509213,-0.331846,-0.596905,0.111614,0.142581,-0.071162,0.302691,0.388825,-0.244392,-0.097568,0.324437,0.023351,0.726106,-0.243545,0.488358,-0.303768,0.319098,0.111614,-0.156812,0.627752,-0.117164,0.301686,0.244519,0.488358,-0.315415,0.234379,0.46618,0.337405,0.611687,-0.0011,-0.163011,0.388825,0.0,-0.020033,-0.318298,0.319098,0.138537,0.099882,0.62871,0.767916,-0.71717,0.319098,-0.285826,-0.163011,0.031769,0.388825,-0.24399,-0.005004,-0.304632,-0.319473,0.234379,-0.614009,0.161163,0.23608,-0.339084,-0.238338,0.264907,0.351017,0.226021,0.316042,0.097849,-0.253952,0.065258,-0.501093,-0.105984,0.305187,-0.745984,-0.310146,0.200768,-0.500915,-0.238338,0.38036,-0.488484,-0.238338,0.512156,0.284013,-0.163011,#
11,0.440402,0.044695,-0.116436,-0.096709,-0.023835,-0.038613,0.253943,0.593755,0.207031,-0.156556,-0.02384,1.0,-0.047458,-0.036884,0.509232,-0.223386,0.208586,0.154865,-0.491625,-0.406875,-0.098437,0.41865,0.136144,0.223125,-0.60604,0.289581,-0.069575,0.082827,0.137402,0.002745,-0.275523,0.051725,0.223125,0.0,0.269219,0.026444,-0.458892,-0.18351,0.301875,-0.058251,-0.264771,0.566393,-0.232793,-0.071922,0.0,-0.103445,0.002198,0.024244,-0.07152,0.02193,-0.271586,0.488092,-0.224254,-0.251425,-0.321269,-0.047186,-0.208075,-0.364797,0.196482,0.553198,0.161204,0.308451,-0.458892,-0.399792,0.41046,-0.036884,-0.251628,0.034135,-0.080095,0.209638,0.105609,-0.431912,0.249375,0.166193,-0.994722,0.358822,-0.19262,-0.401391,-0.315904,0.191067,0.21056,-0.283392,-0.176243,-0.338143,-0.411437,0.395778,-0.105592,0.130078,0.021712,-0.593911,-0.108564,-0.593911,-0.043913,0.269244,-0.254915,-0.593911,-0.190458,0.035037,-0.461273,-0.432526,0.162696,-0.797772,0.000463,-0.013433,-0.593911,-0.402146,0.210261,0.064547,-0.360671,-0.164073,-0.001869,0.328125,-0.461273,-0.254172,-0.482073,-0.19262,-0.118125,0.007312,-0.443522,-0.043913,-0.118125,-0.278955,-0.34368,-0.094723,-0.053119,-0.238435,-0.345651,-0.05334,-0.16479,0.0436,-0.260265,-0.13212,0.007312,0.033412,-0.175206,0.086208,0.39689,-0.432526,0.245916,-0.143575,-0.325467,-0.540508,-0.168156,-0.361758,-0.108564,0.211641,-0.077253,0.241072,-0.408876,-0.027586,-0.134807,-0.199393,-0.202293,-0.406875,-0.260265,0.0,0.386942,0.222436,-0.143575,0.116853,0.355545,0.227795,-0.360671,-0.211727,-0.079092,0.395292,0.249375,-0.160654,-0.338765,-0.608996,0.551031,0.10116,-0.417498,0.030308,0.162883,-0.338143,-0.610001,0.53402,0.094821,-0.197551,-0.182896,0.56965,0.0945,0.412581,0.592906,-0.089651,0.008468,0.325913,-0.190436,-0.082997,-0.105592,0.226131,0.02924,0.094821,-0.210625,0.438025,0.094821,0.010902,0.015721,0.301875,#
12,0.187741,0.145352,0.216046,0.253712,0.172548,-0.499132,-0.053292,-0.220702,0.495483,0.492723,-0.488603,-0.047458,1.0,0.172297,-0.260197,-0.635782,-0.410368,0.593188,0.280516,0.327753,0.531278,-0.070013,0.475058,0.301322,-0.496063,-0.142134,0.243733,-0.642183,0.434346,0.600417,0.116118,-0.186627,0.301322,-4.8e-05,0.317185,-0.255207,-0.070084,-0.220858,-0.33304,-0.023005,0.34552,0.541618,0.400743,-0.276421,0.0,-0.613343,0.27017,0.539097,-0.60608,-0.630372,0.005546,-0.08639,0.003441,0.665316,-0.352181,-0.247065,0.006882,0.035357,-0.001358,-0.306989,0.016202,-0.351063,-0.070084,-0.20573,0.207111,0.172297,0.037531,0.553379,-0.061228,0.799147,0.334452,0.155691,-0.33304,0.031921,-0.001311,0.341709,-0.030234,-0.219891,-0.061028,0.019575,0.399506,-0.420777,-0.382656,0.333875,0.604648,0.205948,0.238408,0.388043,0.206529,0.414718,-0.163324,0.414718,-0.5959,0.411458,-0.429495,0.414718,0.819511,-0.255256,0.582797,0.206814,0.035357,-0.246527,0.206814,-0.240765,-0.030234,0.19271,0.089586,0.173907,-0.238654,0.223811,0.62243,-0.33304,0.141884,0.019518,0.482301,-0.030234,-0.003965,0.25529,0.43744,-0.5959,-0.003965,-0.380915,0.262555,-0.270289,0.524799,0.435256,-0.653002,-0.051257,-0.058998,0.237267,0.435869,-0.018115,-0.175409,-0.121362,0.005963,-0.18678,-0.061604,0.206814,0.322844,0.654976,0.229049,0.133671,-0.016247,-0.08326,-0.163324,0.50452,0.191909,0.040304,0.040077,0.241158,-0.273752,-0.812915,0.421996,-0.33304,0.435869,0.0,0.179897,0.011583,0.654976,-0.652864,-0.234965,-0.438748,-0.238654,0.564043,-0.209397,-0.022355,0.327753,0.010321,-0.019573,0.511515,-0.008094,0.049529,0.196049,0.021651,0.413958,0.333875,-0.499305,0.233121,0.005527,-0.286956,-0.352555,-0.651642,-0.654752,-0.214487,0.507946,0.183321,0.613291,0.194448,-0.432169,0.226523,0.6729,-0.018302,-0.168535,0.005527,-0.086344,-0.195086,0.005527,-0.210761,0.033387,-0.33304,#
13,0.653434,0.656853,0.008314,-0.411394,0.193697,0.36923,0.08585,0.482859,0.494067,0.285749,-0.744394,-0.036884,0.172297,1.0,-0.05624,0.125782,-0.321019,0.748809,0.483148,0.189575,0.32618,0.332389,0.7723,0.161696,-0.27336,-0.715497,0.529272,0.472246,0.783584,0.636913,-0.497554,0.240528,0.161696,-0.000101,0.466988,-0.082431,-0.31271,-0.38022,0.245332,0.327486,-0.013498,0.189464,0.374992,0.481716,0.0,-0.698528,0.348462,0.624562,-0.282713,0.209539,0.375699,-0.01889,-0.153789,0.262799,-0.176395,-0.549546,-0.059361,-0.221271,0.374113,0.007785,0.814078,0.313005,-0.31271,0.657426,0.213864,1.0,-0.301117,0.714182,0.916793,0.560293,-0.160985,-0.273969,-0.507391,-0.558079,0.079221,0.535321,-0.370634,-0.211458,-0.593281,-0.528508,-0.386679,-0.558079,-0.329512,-0.240929,0.211623,-0.227358,0.021997,-0.593281,0.232554,-0.370634,-0.368747,-0.370634,-0.650748,0.514914,-0.528508,-0.370634,0.483055,-0.575668,-0.275055,-0.667181,-0.221271,-0.064523,-0.667181,-0.265358,-0.370634,-0.222479,-0.176431,-0.384094,-0.558157,-0.497771,0.634276,0.273211,-0.275055,-0.098087,-0.37096,-0.370634,-0.761087,-0.175886,0.23147,-0.650748,-0.761087,-0.486923,-0.029531,-0.707307,0.149428,0.374045,-0.013076,-0.314205,0.01,-0.503458,-0.534564,-0.201818,-0.175886,-0.448277,-0.396265,-0.503458,0.309055,-0.667181,0.092568,-0.477032,-0.064523,-0.080711,-0.837407,-0.162568,-0.368747,-0.211186,-0.682902,0.780647,-0.293221,-0.621874,-0.467511,-0.351823,0.063416,0.217453,-0.534564,0.0,0.452655,0.781139,-0.477032,-0.023454,-0.227358,-0.381709,-0.558157,0.45061,-0.408549,0.362596,-0.507391,0.296023,-0.550444,0.30584,-0.108058,0.758957,0.392547,-0.312656,0.820179,-0.240929,-0.201818,0.006959,0.752365,-0.384094,0.003721,0.096188,-0.010753,0.247093,0.218238,0.139157,0.245245,0.021997,-0.385365,0.996286,0.021997,0.08857,0.701405,0.752365,-0.063988,0.285416,0.752365,-0.667096,-0.392528,0.245332,#
14,0.209683,0.209065,0.400185,-0.033107,0.652202,-0.326482,0.292253,0.07876,-0.092223,0.168372,0.306178,0.509232,-0.260197,-0.05624,1.0,-0.415865,0.343397,-0.210741,-0.545401,-0.217841,-0.326762,0.13777,0.144048,0.470078,-0.324475,0.508911,-0.111661,-0.035674,-0.221704,-0.253357,-0.43071,-0.214559,0.470078,-5.2e-05,0.01149,0.473256,-0.826691,-0.187922,0.556068,0.27574,-0.101768,0.196373,-0.799225,0.302728,0.0,0.157087,-0.332483,-0.206408,-0.088716,0.453272,-0.166906,0.157662,-0.423045,-0.05591,0.150912,-0.444856,-0.800079,0.38172,-0.346888,0.254385,0.04399,0.511297,-0.826691,-0.007221,0.104957,-0.05624,-0.18414,-0.156378,0.084425,-0.214853,-0.374447,-0.28771,0.498741,0.073428,-0.532575,0.17656,-0.094648,-0.65223,0.043079,-0.356497,-0.13692,0.073428,-0.107249,-0.58977,-0.652146,-0.259911,-0.097339,0.043079,-0.651722,-0.532832,-0.535453,-0.532832,0.195475,-0.124816,-0.356497,-0.532832,-0.136723,0.482723,-0.259911,-0.223265,0.38172,-0.427128,-0.223265,0.194667,-0.532832,-0.65229,-0.197588,-0.09013,0.050635,0.37454,-0.259545,-0.217841,-0.259911,-0.376208,-0.289984,-0.094648,-0.326762,-0.65229,-0.316248,0.195475,-0.326762,-0.365114,-0.427614,0.133998,0.186973,-0.797678,-0.427128,-0.342677,-0.555244,0.032244,-0.365114,-0.326595,-0.65229,-0.270911,-0.095926,0.032244,0.771688,-0.223265,-0.176751,-0.104957,-0.427128,0.003151,-0.0813,-0.485306,-0.535453,0.036545,0.16467,0.113241,-0.769545,-0.233273,-0.089776,0.334992,-0.142589,-0.217841,-0.365114,0.0,0.43706,0.311201,-0.104957,0.047058,0.174296,0.32676,0.050635,-0.522141,-0.527425,0.748854,-0.217841,0.188769,0.026735,-0.326057,0.502834,0.248283,-0.012099,-0.289984,0.048868,-0.58977,-0.326595,-0.453137,0.282551,0.123448,-0.345191,0.487676,0.522081,0.62891,0.280898,-0.269583,-0.669639,-0.097339,0.21331,-0.084665,-0.568515,0.783376,-0.223501,0.282551,-0.003549,-0.208026,0.282551,-0.213028,-0.374236,0.556068,#
15,-0.122537,-0.095548,-0.636608,-0.642842,-0.635319,0.892671,0.04278,0.151222,-0.138253,-0.317854,-0.009601,-0.223386,-0.635782,0.125782,-0.415865,1.0,-0.007304,-0.154111,0.337871,-0.212114,-0.318171,0.36851,-0.409368,-0.212114,0.619486,-0.274058,-0.064452,0.744874,-0.008357,-0.130438,-0.030947,0.189156,-0.212114,-5.4e-05,-0.043444,0.112177,0.482855,0.487766,-0.212114,-0.317878,-0.171964,-0.520004,0.238274,0.258107,0.0,0.192934,-0.063833,-0.072233,0.451266,0.399867,0.298819,0.091095,0.129476,-0.607933,0.268824,0.367203,0.522373,-0.37255,0.23813,0.186794,0.225186,-0.151065,0.482855,0.399867,-0.098909,0.125782,0.003098,-0.211552,0.186593,-0.406167,0.092071,-0.35599,-0.212114,-0.460289,0.282734,-0.241392,-0.015904,0.648075,0.043274,0.021583,-0.208261,0.051386,0.271623,0.206234,-0.153893,0.14972,-0.116477,-0.464301,0.328598,-0.208261,0.390304,-0.208261,0.170776,-0.022789,0.529158,-0.208261,-0.51808,-0.077405,-0.327339,-0.331157,-0.37255,0.453573,-0.331157,0.169045,0.294659,0.152284,0.220577,-0.421175,-0.077405,-0.627843,-0.157803,0.624393,0.171017,0.043148,-0.280768,-0.015904,0.062738,0.13148,-0.057909,0.170776,0.062738,0.503821,-0.096597,0.17989,-0.544298,0.196168,0.968135,0.441582,0.091095,-0.416364,-0.470425,0.280897,0.61829,0.380682,-0.193786,-0.090445,-0.316906,-0.331157,-0.056684,-0.637447,-0.083961,-0.228682,-0.19868,0.597692,0.390304,-0.56689,-0.331157,0.05332,0.302376,-0.338352,0.436707,0.306165,-0.212659,0.564642,-0.470425,0.0,-0.416075,0.064525,-0.637447,0.483405,0.34033,0.297368,-0.077405,0.151448,0.412925,-0.288727,-0.212114,0.144029,0.027334,-0.317486,-0.286001,0.019012,0.111245,0.302376,-0.237498,0.206234,0.650735,0.147903,-0.043451,-0.051645,0.498048,0.191293,0.113953,-0.110623,-0.626727,0.22918,-0.114625,0.090362,-0.029364,0.103159,-0.116477,-0.495862,0.339672,-0.043451,0.170573,0.357732,-0.043451,0.159352,0.366311,-0.212114,#
16,-0.429179,-0.406896,-0.384504,0.040575,-0.012814,0.120636,-0.272591,-0.105954,-0.652709,-0.407089,0.171723,0.208586,-0.410368,-0.321019,0.343397,-0.007304,1.0,-0.187406,-0.837198,-0.271664,-0.407495,-0.405069,-0.538676,-0.271664,0.082121,0.276494,-0.852714,0.334723,-0.075182,-0.814306,0.149965,-0.444324,-0.271664,4.7e-05,0.236823,0.391646,-0.047871,0.056989,0.381374,0.101027,-0.657635,-0.204088,-0.10548,0.055974,0.0,0.677164,-0.518249,-0.801387,0.534913,0.153628,-0.00472,0.106199,-0.229391,0.042832,0.298785,0.040399,-0.145243,0.504722,0.291725,0.353654,-0.147232,0.373676,-0.047871,-0.266029,0.340473,-0.321019,0.574834,0.011271,0.007645,-0.553232,-0.557197,0.243356,0.381374,0.193102,-0.197693,0.264199,0.623702,0.067409,0.304022,-0.173916,-0.24918,0.6749,0.183602,-0.334514,0.037032,-0.401848,-0.810491,-0.173916,0.057002,-0.24918,0.111091,-0.24918,0.811117,-0.663915,0.304022,-0.24918,-0.663527,-0.097417,-0.401848,-0.015651,0.504722,-0.026512,-0.015651,-0.408469,0.224375,0.04693,0.05787,0.062674,-0.097417,0.036556,-0.812233,-0.271664,0.067409,0.255859,-0.06123,0.623702,0.101874,-0.411456,-0.940718,0.811117,0.101874,0.278799,-0.533266,0.47627,0.410612,-0.116266,-0.026512,-0.090611,0.106199,0.321649,-0.189896,0.651213,0.04693,0.060694,0.138497,-0.114184,0.120982,-0.015651,-0.489424,-0.371569,-0.53266,0.46858,0.174684,-0.116077,0.111091,-0.650432,-0.015651,-0.238987,-0.06123,-0.034021,0.157305,0.577836,-0.66416,0.459738,-0.189896,0.0,-0.350314,-0.234546,-0.371569,-0.132497,0.463112,-0.253223,-0.097417,-0.215763,0.133749,0.066548,0.407495,-0.150452,0.278799,-0.406617,0.674209,-0.082194,-0.036229,-0.06123,-0.605881,-0.334514,0.156649,-0.082591,-0.10851,0.7478,-0.122223,0.28516,0.787004,-0.02984,-0.130429,-0.259401,-0.394942,0.145286,0.689957,-0.348837,-0.793315,0.135121,-0.00903,-0.10851,-0.608755,0.40189,-0.10851,0.003585,-0.091307,0.381374,#
17,0.553815,0.529031,-0.242272,-0.245176,0.045058,0.151762,-0.052059,0.343211,0.482605,0.296167,-0.966538,0.154865,0.593188,0.748809,-0.210741,-0.154111,-0.187406,1.0,0.235384,0.197642,0.321169,0.267733,0.672771,0.197642,-0.520921,-0.482108,0.313497,0.204987,0.979434,0.592429,-0.352735,0.029539,0.197642,0.0,0.686911,-0.284435,-0.232267,-0.285457,0.131762,0.244926,-0.081513,0.525142,0.597338,0.134706,0.0,-0.6883,0.211225,0.577581,-0.267451,-0.22523,0.488649,0.063022,0.053602,0.450539,-0.190166,-0.445768,0.088823,-0.128275,0.557741,0.043504,0.581442,0.174804,-0.232267,0.325145,0.431226,0.748809,-0.062189,0.950161,0.633827,0.845134,0.128196,-0.17522,-0.658808,-0.37732,-0.137722,0.681364,-0.167066,-0.071621,-0.460397,-0.35038,-0.039101,-0.507513,-0.617413,-0.136015,0.490798,0.055183,-0.22169,-0.331246,0.469556,-0.060428,-0.327209,-0.060428,-0.606162,0.485455,-0.47953,-0.060428,0.50403,-0.75519,0.052835,-0.45395,-0.102816,-0.28621,-0.433052,-0.491257,-0.167066,-0.017204,-0.027621,-0.17304,-0.75519,-0.304304,0.593265,0.164702,-0.052835,0.053655,-0.216716,-0.167066,-0.370579,0.067668,0.104889,-0.606162,-0.370579,-0.456184,-0.129322,-0.583093,0.413389,0.600754,-0.306473,-0.197116,0.063022,-0.182787,-0.310768,0.145334,-0.035554,-0.349147,-0.122627,-0.688872,0.242134,-0.45395,0.265624,-0.213674,-0.149437,0.092045,-0.615966,-0.03397,-0.327209,-0.098823,-0.45395,0.432368,-0.23968,-0.409726,-0.392362,-0.722436,-0.011671,0.03294,-0.310768,0.0,0.22189,0.427163,-0.213674,-0.269057,-0.071621,-0.615685,-0.75519,0.721997,-0.347694,0.287092,0.164702,0.05442,-0.43742,0.295824,0.065033,0.394806,0.27561,-0.23968,0.698741,-0.136015,-0.454346,0.382342,0.360096,-0.305582,-0.356874,-0.159354,-0.319051,0.018166,0.476626,0.012116,0.581296,0.205127,-0.391864,0.753722,0.319794,-0.081843,0.468152,0.360096,-0.329404,0.434054,0.360096,-0.498434,-0.288752,0.131761,#
18,0.248263,0.223575,0.12417,-0.324222,-0.208342,0.235156,0.08909,-0.016391,0.548544,0.362515,-0.297568,-0.491625,0.280516,0.483148,-0.545401,0.337871,-0.837198,0.235384,1.0,0.212109,0.404153,0.316268,0.356217,0.212108,0.26325,-0.517081,0.639576,-0.03065,0.191614,0.70639,-0.002862,0.282606,0.212108,-5.2e-05,-0.109521,-0.130502,0.232286,0.064439,-0.504474,-0.239723,0.560495,-0.171949,0.337453,0.076893,0.0,-0.579315,0.386937,0.6826,-0.45264,-0.040376,0.108765,-0.103965,0.00995,0.064375,-0.238504,-0.068634,0.329946,-0.440512,-0.132677,-0.33507,0.363013,-0.462189,0.232286,0.420117,-0.219521,0.483148,-0.363249,0.127407,0.24328,0.365537,0.363443,-0.201569,-0.504474,-0.453155,0.499264,-0.18201,-0.431792,0.144668,-0.163993,-0.051612,0.13527,-0.566444,0.074172,0.498755,0.215804,0.255008,0.595565,-0.051612,0.169488,0.13527,0.067554,0.13527,-0.671716,0.556578,-0.163993,0.13527,0.592193,-0.042759,0.255008,-0.169722,-0.440512,0.355279,-0.169722,0.208287,0.02392,0.192014,0.07944,-0.25672,-0.042759,-0.353357,0.707628,0.212108,0.144668,-0.074287,0.225793,-0.431792,-0.197777,0.299798,0.817774,-0.671716,-0.197777,-0.108983,0.510844,-0.299284,-0.260475,0.343609,0.355279,0.229674,-0.103965,-0.464393,0.001224,-0.292217,0.192014,0.08597,-0.325503,0.01385,-0.261226,-0.169722,0.336504,0.131581,0.474293,-0.302781,-0.333904,0.323537,0.067554,0.203153,-0.169722,0.324325,0.225793,-0.115747,-0.04388,-0.375091,0.608947,0.097455,0.001224,0.0,0.068455,0.307356,0.131581,-0.003278,-0.306908,0.085464,-0.042759,0.432164,0.012762,-0.182409,-0.504474,0.274866,-0.108983,0.362903,-0.571203,0.296926,0.376805,0.225793,0.440952,0.498755,0.250471,-0.0,0.214433,-0.594173,0.33889,-0.460728,-0.571219,-0.172753,-0.246314,0.483441,0.282171,-0.014191,-0.598342,0.523492,0.595565,-0.308214,0.205885,0.214433,0.425036,-0.223323,0.214433,-0.226485,0.268738,-0.504474,#
19,0.322715,0.306786,0.221853,0.210208,0.322316,-0.166524,0.393773,-0.218076,0.458474,-0.1665,-0.163011,-0.406875,0.327753,0.189575,-0.217841,-0.212114,-0.271664,0.197642,0.212109,1.0,-0.166667,-0.165674,0.288823,-0.111111,-0.1655,-0.325849,0.232859,-0.21425,0.137789,0.312399,-0.40215,0.322515,-0.111111,-1.9e-05,0.232175,-0.218052,0.231067,0.236874,-0.111111,0.63403,0.448291,0.2825,0.241474,0.269597,0.0,-0.325853,0.337631,0.407414,0.254293,-0.494106,0.168388,-0.952176,0.325449,0.358342,0.076974,0.278866,0.263447,0.181661,0.241327,0.113201,-0.407102,-0.143196,0.231067,0.21992,0.256482,0.189575,0.440218,0.177325,0.159136,0.265508,0.298016,0.217047,-0.111111,0.243975,0.358254,0.063373,0.367694,0.300991,0.237986,0.237986,-0.271774,0.243975,-0.271981,0.045233,0.279104,-0.332674,0.180499,0.237986,0.293307,0.367694,-0.50779,0.367694,-0.332205,0.386743,0.237986,0.367694,0.367167,-0.218093,0.300991,0.293711,0.181661,0.465621,0.293711,0.316791,0.367694,0.28628,0.161817,-0.389121,0.479805,0.192186,0.300567,-0.111111,0.300991,0.237293,0.111345,0.367694,-0.166667,-0.332704,0.322841,-0.332205,-0.166667,-0.407433,-0.218107,-0.33113,0.275857,0.225156,-0.217859,0.209779,0.199293,-0.218103,0.225473,-0.166582,-0.332704,0.066857,0.39692,-0.218103,-0.166004,0.293711,-0.527045,0.174855,0.465621,0.2494,-0.271543,0.25,-0.50779,0.166668,-0.332873,0.057759,0.111345,-0.333069,0.186588,-0.271211,-0.271643,-0.111111,0.225473,0.0,0.174964,0.06459,0.174855,-0.217813,-0.332674,-0.271957,0.479805,0.215792,0.174855,-0.194824,-0.111111,0.183563,-0.407433,0.616316,-0.429772,0.039284,-0.217758,-0.66323,0.286355,0.045233,-0.166582,-0.231125,0.179555,-0.389121,-0.405619,-0.238333,-0.238095,-0.35015,0.179845,-0.233523,0.33312,0.180499,-0.398706,0.231125,0.180499,-0.294166,0.341432,0.179555,0.206349,-0.332959,0.179555,0.308968,-0.290382,-0.111111,#
20,0.011807,0.0,0.353842,0.3568,0.011792,-0.249786,-0.407076,0.197883,0.165399,0.399601,-0.244517,-0.098437,0.531278,0.32618,-0.326762,-0.318171,-0.407495,0.321169,0.404153,-0.166667,1.0,-0.248512,0.474494,-0.166667,-0.24825,-0.488773,0.369835,-0.321374,0.254749,0.526689,0.499221,0.011799,-0.166667,-2.1e-05,-0.078182,-0.327078,0.021662,-0.752151,-0.166667,-0.249769,-0.0,0.080169,0.401158,-0.322607,0.0,-0.488779,0.546324,0.335428,-0.753798,-0.184219,-0.330299,0.332154,-0.189845,0.407992,-0.622204,-0.373078,-0.089107,-0.322035,-0.105094,-0.584871,0.445509,-0.120032,0.021662,-0.184219,-0.247698,0.32618,-0.403287,0.315244,0.083028,0.503068,-0.210365,0.350614,-0.166667,-0.060994,0.124011,0.190117,-0.407661,-0.499011,-0.611101,-0.066556,0.13189,-0.609938,0.116563,0.261705,0.533356,0.035644,0.399676,-0.066556,0.029331,0.13189,0.3714,0.13189,-0.498308,0.148114,-0.611101,0.13189,0.670478,-0.32714,0.035644,0.029371,-0.322035,-0.326789,0.029371,-0.499554,-0.407661,0.023212,-0.272147,0.534007,-0.32714,-0.170346,0.569495,-0.166667,-0.499011,-0.066361,0.312251,-0.407661,-0.25,0.54548,0.351588,-0.498308,-0.25,-0.077135,0.783951,-0.496694,0.073688,0.456237,-0.326789,-0.485335,0.332154,0.239074,0.456879,-0.249873,0.023212,-0.401141,-0.407365,0.239074,-0.249006,0.029371,0.494105,0.390225,0.249897,-0.160329,0.055543,-0.5625,0.3714,0.406255,0.029371,0.411534,0.312251,0.53406,-0.761541,-0.406816,0.655486,-0.166667,0.456879,0.0,0.335347,0.171413,0.390225,-0.32672,-0.499011,-0.407936,-0.32714,0.19157,-0.185517,-0.206284,-0.166667,-0.131414,-0.077135,0.410877,-0.073867,0.294628,0.238697,0.312251,0.429532,0.261705,-0.249873,0.242681,0.269333,-0.024837,0.43833,-0.281436,-0.285714,0.032827,0.269768,0.437856,0.49968,-0.180499,-0.110511,0.346688,0.399676,0.135769,0.032009,0.269333,-0.087302,0.013683,0.269333,-0.499565,0.018149,-0.166667,#
