0,1.0,0.02463,0.207637,-0.587761,0.240702,0.218105,0.815861,-0.314708,0.193879,-0.209985,0.432285,-0.400802,0.665987,0.203079,-0.005691,0.252391,0.014896,0.294438,0.356795,0.590902,-0.208792,0.184924,0.224344,-0.412215,-0.809413,0.014816,0.225907,-0.36849,0.815861,-0.333074,-0.554109,0.2693,0.49955,4.5e-05,0.4157,0.240829,0.437485,0.061619,-0.554109,0.362901,-0.178128,0.058583,0.413828,-0.189933,0.202953,-0.54264,0.614952,0.298903,-0.178944,-0.28967,0.665987,-0.406431,0.084283,-0.101889,0.443161,-0.165504,0.004757,0.240702,0.599715,0.449687,0.564057,-0.325424,-0.134596,0.361317,0.164112,0.196181,-0.208802,0.303968,0.180785,0.11239,0.374344,0.086848,0.252857,-0.591727,-0.37859,0.505459,-0.793179,-0.4093,-0.181222,-0.423866,-0.002936,0.222254,-0.6068,-0.393945,-0.189828,0.382343,-0.6068,-0.19981,-0.591727,-0.576653,-0.653811,-0.296059,-0.227936,-0.214006,-0.512607,-0.808534,-0.084731,-0.793179,-0.227198,-0.333074,0.218105,-0.383472,-0.477457,-0.623804,0.014915,-0.499356,-0.181222,0.434213,-0.423866,-0.041814,-0.221626,-0.333074,-0.512607,-0.653811,0.381072,-0.189828,-0.653811,0.028968,0.10637,-0.412136,-0.499356,-0.333074,-0.212695,-0.22297,-0.4157,-0.315124,0.188507,0.521266,-0.119151,-0.197454,0.014914,-0.815456,0.017656,0.240189,0.337434,-0.408371,0.240829,-0.009133,0.308064,0.506734,-0.591727,0.397353,-0.214794,-0.4157,-0.623804,0.294204,-0.333074,0.420107,-0.623804,0.0,-0.458701,-0.512607,0.0,0.197408,0.014915,0.0181,-0.094328,0.099801,-0.673151,-0.014914,0.592397,-0.246905,0.0,0.014915,0.506734,0.238033,0.208285,0.022968,-0.654144,0.217078,0.233481,-0.427271,-0.499356,-0.002936,-0.63301,0.009985,-0.591727,-0.307918,0.01716,-0.730603,0.422559,-0.258743,0.292788,0.815819,0.254454,-0.423866,0.54936,0.01594,0.224953,0.262462,-0.296059,0.331073,0.5463,0.030096,0.092076,0.134435,-0.188339,-0.002936,-0.032407,-0.028748,#
1,0.02463,1.0,0.230955,-0.002487,0.252023,0.025224,0.114342,-0.151416,0.009658,0.20725,0.417939,0.398705,0.210467,-0.012949,-0.410597,-0.19858,-0.080192,0.144167,-0.162928,-0.026028,0.492552,-0.047253,0.210467,-0.626321,-0.149821,-0.596509,-0.331852,-0.131262,0.114342,0.13843,-0.032402,-0.314139,0.395923,-0.000117,0.11087,0.335096,-0.192076,-0.428103,-0.032402,0.170623,-0.274556,-0.277555,0.082336,0.017549,-0.219923,0.123182,-0.438659,0.184939,0.62071,0.691722,-0.298793,0.324904,0.251798,0.736058,0.790582,-0.162812,-0.250173,0.252023,-0.005109,-0.083669,0.02463,-0.68656,0.223631,-0.151416,0.188796,0.749158,-0.197999,0.65997,0.259127,0.313812,-0.078697,-0.39175,-0.197999,0.01269,0.11833,-0.220621,0.11833,0.11833,0.238841,-0.379289,-0.202922,0.032213,0.032213,0.11833,-0.192085,0.138218,0.01269,0.01269,0.01269,0.01269,-0.192085,0.706696,-0.457956,0.238841,-0.202922,0.11833,-0.014609,0.11833,-0.290931,0.170623,0.025224,-0.072934,0.402046,0.238841,0.999483,-0.378534,0.260071,-0.072934,-0.379289,0.254622,0.489564,-0.666395,-0.202922,-0.192085,-0.072934,-0.192085,-0.192085,0.426338,-0.530626,-0.362169,-0.353712,0.170623,-0.457956,-0.192085,0.361293,-0.09752,0.238841,-0.225688,-0.167181,-0.457956,0.999592,-0.092916,-0.072934,-0.265539,-0.09752,-0.379289,0.335096,0.417939,-0.143266,-0.178474,0.01269,-0.359221,0.335096,0.361293,0.238841,-0.415292,-0.666395,0.094628,0.238841,0.0,0.402046,-0.202922,0.0,-0.222929,0.999483,-0.353712,-0.042823,0.15759,-0.290931,0.255934,0.032213,-0.213547,0.0,0.999483,-0.202922,0.339175,0.335096,0.123105,0.314021,-0.192085,0.529798,-0.025559,-0.353712,-0.202922,0.339566,-0.359221,0.01269,0.213007,0.097616,0.074426,-0.083802,-0.174816,0.340238,-0.07595,0.511523,-0.379289,0.209446,-0.202922,0.036778,0.339252,0.706696,0.210409,-0.254494,0.103194,0.285686,-0.354876,0.010391,-0.202922,-0.406575,-0.378534,#
2,0.207637,0.230955,1.0,-0.662275,0.073465,-0.200945,0.35151,-0.184205,0.649827,0.533952,0.096168,0.092444,0.055647,0.224615,-0.073096,-0.51479,-0.35959,0.157614,0.128403,0.281768,0.211194,-0.256159,0.055647,-0.350747,-0.357576,0.118224,0.063385,-0.425432,0.35151,-0.509031,-0.197592,0.52386,0.763448,9.8e-05,0.364984,-0.042541,-0.28408,0.344176,-0.197592,-0.509031,0.416105,0.170616,-0.068643,-0.197183,0.435942,-0.597096,-0.361325,-0.012623,-0.096974,-0.184205,0.073465,-0.246389,0.310927,-0.126937,0.095154,-0.033994,-0.314281,0.073465,0.214376,-0.02559,0.648594,-0.488867,0.014853,-0.184205,0.514573,0.429503,-0.029599,0.491304,0.603961,0.166947,-0.222907,-0.006523,-0.514527,-0.196309,-0.514433,-0.327601,-0.531159,-0.079544,-0.402749,-0.087956,-0.325116,-0.196309,0.230609,-0.062817,-0.511839,0.798598,-0.212729,-0.196309,-0.212729,-0.639647,-0.024469,-0.194648,0.242205,0.079359,-0.325116,-0.079544,-0.27167,-0.531159,0.071768,0.222024,-0.200945,-0.355537,-0.313739,-0.420605,0.215241,-0.763157,0.061504,-0.338732,-0.087956,0.331329,-0.181761,-0.509031,-0.325116,-0.04252,0.526771,-0.511839,-0.04252,0.237915,-0.070215,-0.509923,-0.220365,0.222024,0.225603,-0.024469,-0.387357,-0.208087,0.516828,-0.134512,0.023796,-0.222652,0.215255,-0.355537,-0.338732,-0.386368,-0.208087,-0.543675,-0.042541,0.527265,-0.133613,0.250635,-0.196309,0.367764,0.418321,-0.387357,-0.420605,-0.312228,-0.509031,-0.096168,-0.420605,0.0,-0.313739,0.230072,0.0,-0.051906,0.215241,-0.199488,0.163132,0.258383,0.053776,0.333036,0.205979,-0.051545,0.0,0.215241,-0.304554,-0.000896,0.418321,-0.528525,-0.042541,-0.051545,0.237905,0.083988,-0.199488,-0.325116,-0.037658,-0.071077,-0.212729,0.226711,0.375135,-0.616481,0.557091,-0.204411,-0.459342,0.107574,-0.194212,-0.071077,0.494887,-0.325116,-0.19327,-0.504331,-0.194648,0.25161,-0.294277,0.379744,-0.259566,-0.500805,-0.177278,-0.304554,0.155878,-0.230803,#
3,-0.587761,-0.002487,-0.662275,1.0,-0.230782,-0.221153,-0.420475,0.30964,-0.605852,-0.224821,0.003092,-0.005162,-0.231421,-0.20648,-0.019145,0.199294,0.416096,0.093463,-0.020596,-0.263297,-0.196902,-0.152803,-0.231421,0.396705,0.812932,-0.020919,-0.248424,0.371091,-0.420475,0.348365,0.560606,-0.659025,-0.503549,-9.1e-05,-0.399405,0.221448,-0.422403,-0.069148,0.203135,0.323121,-0.303991,-0.570617,-0.002714,0.193371,-0.219764,0.587172,-0.350122,-0.268933,0.314167,0.30964,-0.230782,0.410576,-0.08629,0.256861,-0.142812,0.167017,0.479166,-0.230782,-0.188184,-0.440512,-0.587761,0.314395,0.154792,-0.376928,-0.626813,-0.18417,0.215809,-0.288482,-0.673446,-0.014083,-0.267405,0.313269,0.199064,0.203436,0.406845,-0.488889,0.812305,-0.014208,0.214568,0.422082,0.506541,0.188128,0.188128,0.001386,0.196715,-0.397142,0.601464,0.203436,0.188128,0.601464,0.213544,0.316737,-0.200877,-0.218268,0.506541,0.406845,0.099943,0.812305,-0.207629,0.348365,-0.221153,0.383706,0.489347,0.647404,0.007571,0.503898,0.197921,-0.023677,0.422082,0.057535,0.169461,0.323121,0.506541,0.651104,-0.408428,0.651104,0.196715,-0.024976,-0.11638,0.426215,0.484434,0.348365,-0.216356,0.213544,0.450543,0.337031,-0.643704,0.146682,0.104875,0.186086,0.007573,0.822427,0.399375,-0.246245,0.337031,0.406346,0.221448,-0.414291,-0.328697,-0.509524,0.203436,-0.427678,0.221448,0.450543,0.647404,0.075845,0.323121,-0.003092,0.647404,0.0,0.489347,0.008094,0.0,-0.2153,0.007571,-0.021627,-0.314062,-0.084696,0.228504,0.01136,-0.203096,0.254682,0.0,0.007571,0.008094,-0.238196,-0.224753,0.389667,0.237974,0.237853,-0.196278,0.429739,0.503898,0.506541,0.205207,-0.002798,0.188128,0.298717,-0.427978,0.746145,-0.818889,0.322292,0.173601,-0.415531,-0.201814,0.012939,-0.228551,0.506541,0.186327,0.21431,0.316737,-0.350311,-0.518756,-0.436337,0.460367,-0.139658,0.19147,0.008094,-0.449668,0.025952,#
4,0.240702,0.252023,0.073465,-0.230782,1.0,0.65,-0.079219,-0.211591,-0.21092,-0.415048,0.5442,-0.342544,-0.407218,-0.642677,-0.543524,0.418298,0.52704,-0.448988,-0.44993,-0.254364,-0.21092,-0.255896,-0.407218,-0.824478,-0.376468,0.066712,-0.457523,-0.316262,-0.079219,-0.50902,-0.215554,0.020944,0.236205,-5.1e-05,0.365433,0.436331,-0.116077,-0.014489,-0.215554,0.222169,-0.47879,-0.258603,-0.084648,0.201287,-0.048549,0.163639,0.034261,-0.351745,0.262876,0.524944,0.518827,0.207766,-0.123831,0.611678,0.420642,-0.135085,-0.335056,1.0,0.214727,0.568582,-0.217298,0.19372,0.625781,-0.211591,-0.451088,-0.137473,0.418309,0.07033,-0.31519,-0.391386,0.370594,-0.179579,0.418309,0.206645,0.34775,0.225635,-0.103948,-0.103948,0.517743,-0.543067,-0.324156,0.650063,0.206645,0.34775,0.418402,-0.062446,-0.236774,0.206645,-0.236774,0.206645,0.418402,0.500562,0.226276,0.517743,-0.324156,-0.103948,0.625939,-0.103948,0.054608,0.222169,0.65,0.073604,0.208323,0.035546,0.236206,-0.251168,0.517743,0.527445,-0.543067,0.331545,-0.240037,0.194046,-0.324156,-0.069057,-0.338538,0.418402,-0.069057,0.760077,-0.733344,0.000913,-0.251168,0.222169,-0.222061,0.418402,0.299471,-0.206664,-0.402345,0.034871,-0.320172,-0.222061,0.23623,-0.380238,0.527445,0.153464,-0.206664,-0.543067,0.436331,0.096441,-0.16248,0.786423,0.206645,-0.087265,-0.042344,0.299471,0.035546,0.040744,0.194046,-0.526979,0.035546,0.0,0.208323,-0.324156,0.0,0.415892,0.236206,0.312604,-0.486308,-0.426143,-0.431261,0.333253,-0.196033,-0.511728,0.0,0.236206,0.231133,-0.029769,-0.042344,-0.105452,-0.042344,-0.024269,0.650086,0.018693,0.312604,-0.324156,-0.524027,0.368538,-0.236774,-0.517001,-0.525212,-0.171734,0.073425,-0.204522,0.012797,0.080827,0.228284,-0.087265,-0.008941,-0.324156,0.65007,-0.039792,0.500562,0.208197,0.215259,-0.51098,-0.165709,-0.006966,0.228217,0.231133,-0.138931,-0.76314,#
5,0.218105,0.025224,-0.200945,-0.221153,0.65,1.0,0.009492,0.336491,-0.193752,-0.637632,0.006328,-0.400898,-0.200669,-0.593489,-0.005915,0.202698,0.398103,-0.653218,-0.087931,-0.246363,0.209252,0.164566,-0.200669,-0.428423,-0.387947,-0.016838,-0.251814,-0.402087,0.009492,-0.333253,-0.587188,0.166563,0.0155,4.7e-05,0.00121,-0.214783,0.385281,-0.383331,0.201235,0.33842,-0.179528,0.037226,-0.396659,-0.220872,-0.209022,0.123285,0.308429,-0.168341,-0.085461,0.336491,0.207992,-0.004967,0.084494,0.285479,0.44398,0.169643,-0.01287,0.65,-0.199527,0.340936,-0.202616,0.303352,0.268411,0.336491,-0.257854,-0.329376,0.20248,-0.250687,-0.172083,-0.497576,0.189451,-0.488662,0.20248,0.185299,-0.017111,0.504361,-0.017111,0.39782,0.204911,-0.424428,-0.513143,0.185299,0.185299,-0.017111,0.64804,-0.393919,-0.222028,0.185299,0.185299,0.185299,0.200258,0.31736,0.198706,0.204911,-0.003052,-0.017111,0.291787,-0.017111,-0.227548,-0.333253,0.59397,0.396501,0.489841,-0.238037,0.015504,-0.029325,0.204911,0.813402,-0.84313,-0.041706,0.180602,0.312586,-0.003052,-0.247524,0.017905,0.200258,0.200258,0.489841,-0.480117,0.054172,-0.029325,-0.333253,0.198706,0.200258,0.037226,-0.340558,-0.197339,-0.178203,-0.428267,0.198706,0.0155,-0.4373,0.396501,0.289531,-0.340558,-0.005726,0.22493,0.417642,0.419575,0.50704,-0.222028,-0.005726,-0.654496,0.549876,-0.238037,-0.203157,0.312586,-0.401822,0.204911,0.0,-0.017003,-0.513143,0.0,0.250651,0.015504,-0.029325,-0.105111,-0.53923,-0.67387,0.003875,-0.184602,-0.654164,0.0,0.015504,-0.003052,-0.216201,-0.214783,-0.019288,-0.214783,-0.206382,0.184609,-0.503693,-0.029325,-0.513143,-0.226069,-0.005726,0.185299,-0.350731,-0.002939,0.077447,-0.032162,-0.369593,0.265486,0.394269,0.189069,-0.424428,-0.272872,-0.513143,0.183564,0.218771,0.31736,0.316084,0.483,-0.40683,0.039173,0.187716,-0.213612,-0.003052,-0.032667,-0.499625,#
6,0.815861,0.114342,0.35151,-0.420475,-0.079219,0.009492,1.0,-0.242522,0.408248,-0.069254,0.25,-0.158539,0.8163,0.420806,0.188232,0.100633,-0.158751,0.458695,0.659222,0.810696,-0.0,-0.010037,0.368541,-0.150279,-0.52983,-0.141787,0.374785,-0.22604,1.0,-0.408248,-0.329669,0.43731,0.612291,-4.7e-05,0.177802,0.089087,0.34665,0.135358,-0.329669,0.272166,0.055097,0.058164,0.176764,-0.388576,0.100633,-0.773691,0.408089,0.313576,-0.151287,-0.242522,0.368541,-0.270122,0.40165,-0.120788,0.408259,-0.220767,0.099584,-0.079219,0.410939,-0.137796,0.815861,-0.407562,-0.121952,0.442867,0.334727,0.300692,-0.350238,0.297368,0.386684,0.239732,-0.2103,0.245934,0.1011,-0.8115,-0.658519,0.106668,-0.658519,-0.238188,-0.523497,-0.249778,0.109087,0.013754,-0.398873,-0.658519,-0.347767,0.579123,-0.398873,-0.398873,-0.398873,-0.8115,-0.801376,-0.250649,-0.412568,-0.523497,-0.407642,-0.658519,-0.306338,-0.658519,-0.537532,-0.408248,0.009492,-0.154853,-0.393637,-0.523497,0.102051,-0.61206,-0.074785,0.267473,-0.249778,-0.147693,-0.028022,-0.408248,-0.407642,-0.347767,0.666336,-0.347767,-0.347767,0.119803,0.029045,-0.677791,-0.087437,-0.408248,0.004636,-0.347767,-0.461157,-0.267183,0.348998,0.447787,0.02718,0.004636,0.102062,-0.577179,-0.154853,-0.062272,0.419859,-0.249778,0.089087,0.25,0.459878,0.109087,-0.8115,0.598524,0.089087,-0.461157,-0.523497,0.003638,-0.408248,0.583333,-0.523497,0.0,-0.393637,-0.407642,0.0,0.07986,0.102051,-0.087437,0.133099,0.168408,-0.537532,-0.102062,0.816085,-0.372968,0.0,0.102051,0.109087,0.123791,0.534522,0.185247,-0.801784,0.080642,0.03058,-0.175881,-0.61206,0.109087,-0.335039,-0.249778,-0.398873,0.29654,0.197508,-0.568914,0.276166,-0.236678,0.163567,0.674515,0.036577,-0.673929,0.712911,0.109087,0.016539,0.114954,-0.250649,0.295067,0.151055,0.20596,0.422391,-0.16855,-0.386931,-0.407642,-0.048096,-0.116583,#
7,-0.314708,-0.151416,-0.184205,0.30964,-0.211591,0.336491,-0.242522,1.0,-0.309942,-0.215789,-0.390144,-0.422293,-0.211591,-0.340094,0.391349,-0.532826,0.269407,-0.26095,0.291947,-0.328908,0.33577,0.332116,-0.211591,0.243478,0.241168,0.269946,-0.246853,-0.491143,-0.242522,0.077486,-0.418001,-0.250981,-0.11621,-0.000156,-0.247053,-0.495989,-0.158318,-0.303461,0.30877,0.120533,0.233548,-0.213431,-0.260107,-0.376276,0.236665,0.308205,-0.324344,-0.237144,-0.267482,-0.127419,-0.211591,-0.261152,0.177877,-0.228909,0.070106,0.807058,0.658386,-0.211591,-0.304774,-0.148205,-0.314708,0.092424,-0.244557,-0.127419,-0.235177,-0.137172,0.209248,-0.223673,-0.28275,-0.179476,-0.13547,-0.259324,-0.533171,0.310656,-0.300501,-0.187755,0.390916,0.390916,-0.241302,0.390294,-0.191428,-0.341983,0.336762,-0.300501,0.209498,-0.248792,0.310656,0.310656,0.310656,0.310656,0.209498,-0.12542,0.33639,-0.241302,0.658557,0.390916,-0.397157,0.390916,-0.24759,0.120533,-0.340094,0.269863,0.659417,-0.241302,-0.1485,0.116169,-0.212914,0.269863,-0.307406,0.179873,0.333298,0.077485,0.658557,0.209498,0.295098,0.209498,0.209498,-0.152673,0.150682,0.389663,0.14936,0.120533,0.33639,0.209498,-0.213431,-0.132816,-0.214491,-0.176544,-0.221829,0.33639,-0.148514,0.243144,0.269863,-0.273814,-0.132816,0.390294,0.236722,0.295244,-0.011919,-0.158737,-0.368088,-0.280571,-0.495989,0.640817,-0.241302,-0.28951,0.077485,-0.268883,0.496799,0.0,-0.185157,-0.191428,0.0,-0.449668,-0.1485,-0.71361,-0.057261,-0.102995,-0.24759,0.1808,-0.317327,0.207903,0.0,-0.1485,-0.191428,-0.536126,-0.495989,-0.301523,0.208541,0.236602,-0.316972,-0.439533,0.14936,-0.191428,0.203043,-0.280571,0.310656,0.114272,0.406616,0.372546,-0.41026,-0.157503,0.205488,0.288796,-0.359023,-0.307406,-0.254816,-0.191428,-0.343199,0.203637,-0.12542,0.114674,-0.205262,-0.288006,0.17392,-0.20794,-0.37646,-0.191428,-0.325588,0.147516,#
8,0.193879,0.009658,0.649827,-0.605852,-0.21092,-0.193752,0.408248,-0.309942,1.0,0.678551,0.0,0.42004,0.227793,0.612256,0.015899,-0.212499,-0.815844,0.374523,0.093486,0.661931,0.2,-0.172102,0.227793,0.016005,-0.357116,0.024231,0.245902,-0.060559,0.408248,-0.333333,-0.124874,0.646113,0.499937,0.0,-0.008217,-0.218218,0.225547,0.374065,0.224774,-0.333333,0.645875,0.427416,-0.40312,-0.589966,-0.212499,-0.578607,0.087466,0.589474,0.110171,-0.309942,-0.21092,-0.434214,0.491919,-0.416906,-0.14286,-0.164581,-0.497241,-0.21092,-0.191032,-0.22502,0.611464,-0.350059,-0.289667,0.361599,0.733604,0.193827,-0.212265,0.296756,0.673954,0.0,-0.374636,0.080322,-0.212265,-0.190915,-0.400399,0.0,-0.400399,0.01144,-0.207611,-0.0,-0.506289,-0.595205,-0.190915,0.01144,-0.209877,0.400399,-0.595205,-0.595205,0.213375,-0.595205,-0.209877,-0.316283,-0.204387,-0.207611,-0.506289,0.01144,-0.107196,-0.400399,0.221498,-0.333333,-0.193752,0.011494,-0.489092,-0.207611,2e-06,-0.499745,0.232035,-0.402299,-0.0,-0.045222,0.240239,-0.333333,-0.506289,-0.209877,0.402299,-0.654321,0.234568,0.013974,0.124505,-0.421076,0.014278,-0.333333,0.613161,-0.654321,-0.590241,0.336581,0.647256,-0.334405,-0.133156,0.204387,0.0,-0.402299,-0.816092,-0.216092,-0.336581,-0.0,-0.218218,0.408248,0.285009,0.0,-0.190915,0.415581,0.218218,-0.590241,-0.207611,-0.552427,-0.333333,0.408248,-0.207611,0.0,0.013974,0.506289,0.0,-0.26082,2e-06,0.014278,0.495559,0.550019,0.221498,-0.5,0.190915,-0.234568,0.0,2e-06,-0.506289,-0.192961,0.218218,-0.39876,-0.218218,-0.234568,-0.19975,0.0,-0.499745,-0.506289,0.230365,-0.0,0.213375,0.35218,0.405341,-0.321588,0.819565,0.322078,-0.6296,-0.0,0.204792,-0.0,0.19403,0.0,-0.594161,-0.211184,-0.316283,-0.309756,0.0,0.413947,-0.033923,-0.275241,-0.589163,-0.506289,0.706864,-0.014278,#
9,-0.209985,0.20725,0.533952,-0.224821,-0.415048,-0.637632,-0.069254,-0.215789,0.678551,1.0,0.086568,0.537099,0.050808,0.661954,-0.080238,-0.511879,-0.809046,0.571799,-0.239323,0.308793,0.220529,-0.175865,0.050808,0.095703,0.038417,0.108926,0.093857,0.068976,-0.069254,0.197911,0.18359,0.070666,0.233219,0.0,-0.0927,-0.055527,-0.240821,0.351169,0.198418,-0.508913,0.438259,0.203707,-0.108908,-0.223513,-0.061281,-0.14723,-0.406972,0.506045,0.359341,-0.215789,-0.415048,-0.382326,0.333792,-0.311409,-0.21811,-0.041879,-0.321488,-0.415048,-0.213756,-0.176546,0.250464,-0.517954,-0.476797,-0.187309,0.625895,0.400044,-0.04276,0.430187,0.465037,0.145271,-0.154911,0.003406,-0.511615,0.222894,-0.087329,-0.312639,-0.087329,-0.069863,0.055935,0.362283,-0.331615,-0.651537,-0.205749,0.366783,-0.508913,0.35902,-0.222894,-0.222894,0.24004,-0.222894,-0.037697,-0.198834,-0.215736,0.055935,-0.331615,0.366783,-0.274788,-0.087329,0.536478,0.197911,-0.637632,-0.333426,-0.320021,0.055935,0.212027,-0.217995,0.074581,-0.789693,0.362283,0.314523,0.279454,-0.508913,-0.331615,-0.037697,0.097493,-0.527762,-0.018849,-0.298687,0.310776,-0.137759,-0.196195,0.197911,0.252333,-0.527762,-0.37893,0.529732,0.532422,-0.317676,-0.146824,-0.1984,0.212047,0.087744,-0.807242,-0.475468,-0.212527,-0.078332,-0.055527,0.103882,-0.284335,-0.310143,0.222894,-0.060707,0.425707,-0.37893,0.055935,-0.450425,-0.508913,0.363585,0.055935,0.0,0.234682,0.784901,0.0,-0.564123,0.212027,-0.196195,0.380507,0.761983,0.536478,-0.233252,-0.213369,0.406293,0.0,0.212027,-0.331615,-0.043255,-0.037018,-0.521331,0.407198,-0.064923,-0.209665,0.156607,-0.217995,-0.331615,0.443298,-0.078332,0.24004,0.257642,0.358224,-0.147496,0.567151,0.500836,-0.566789,-0.336769,0.220384,0.362283,-0.013926,0.226643,-0.649422,-0.053737,-0.198834,-0.472917,-0.334303,0.363174,-0.238815,-0.420221,-0.231392,-0.331615,0.457438,0.317303,#
10,0.432285,0.417939,0.096168,0.003092,0.5442,0.006328,0.25,-0.390144,0.0,0.086568,1.0,-0.245897,0.096441,0.006328,-0.577678,0.367829,0.189879,0.487818,-0.294915,0.363526,-0.408248,-0.374722,-0.351319,-0.666453,-0.288028,0.174761,-0.341322,-0.215444,0.25,-0.272165,-0.010196,-0.298481,0.408196,4.7e-05,0.258317,0.801784,-0.319569,0.315835,-0.367054,0.408248,-0.527355,-0.556712,0.234669,0.003211,-0.100633,0.054775,-0.076517,0.142203,0.682834,0.295244,0.5442,-0.151943,0.182144,0.422758,0.466581,-0.163175,-0.099584,0.5442,0.413939,0.367455,0.006089,-0.280529,0.158907,-0.390144,-0.31711,0.226838,0.368291,0.446053,-0.368093,-0.139843,0.305889,0.245935,0.368291,0.00917,0.26154,-0.068572,-0.158792,-0.579123,0.548426,-0.150809,-0.08038,0.421797,-0.403457,0.26154,-0.080642,0.26154,-0.403457,0.00917,-0.403457,0.00917,-0.080642,0.288625,-0.398661,0.099714,-0.59711,-0.158792,0.330651,-0.158792,0.110521,0.408248,0.006328,-0.24401,-0.091278,0.099714,0.408207,-0.40804,0.548426,0.178315,-0.150809,0.609234,-0.042033,-0.272166,-0.59711,-0.080642,-0.24401,0.372968,-0.534251,0.422162,-0.392108,-0.108054,-0.40804,0.408248,-0.398661,-0.080642,-0.037391,0.305353,-0.348998,0.425944,-0.434885,-0.398661,0.408248,-0.24401,0.178315,-0.300983,0.305353,-0.57496,0.801784,-0.25,-0.432174,0.436349,0.00917,-0.150809,0.356348,-0.037391,0.099714,0.01455,-0.272166,0.25,0.099714,0.0,0.422162,-0.08038,0.0,-0.133099,0.408207,0.116583,-0.505777,0.299393,-0.341609,0.102062,0.00917,-0.080642,0.0,0.408207,0.436349,-0.067522,-0.089087,-0.157179,-0.089087,0.372968,0.428126,0.175882,0.116583,-0.08038,-0.517253,0.273342,-0.403457,-0.25161,-0.571173,-0.282026,0.175259,0.324337,-0.046733,0.162093,0.433706,-0.150809,0.292477,0.436349,0.424489,0.3736,0.288625,-0.252915,-0.085378,-0.549228,0.166186,-0.393283,0.020915,-0.08038,-0.192384,-0.40804,#
11,-0.400802,0.398705,0.092444,-0.005162,-0.342544,-0.400898,-0.158539,-0.422293,0.42004,0.537099,-0.245897,1.0,0.075356,0.398196,-0.179683,-0.078884,-0.665977,0.103604,-0.203748,0.033849,0.404189,0.001754,0.527356,0.158805,0.167813,-0.665912,0.089127,0.555436,-0.158539,0.388339,0.429712,0.061043,-0.087166,2.4e-05,-0.169782,-0.084743,0.164978,-0.23218,0.343941,-0.272101,0.307048,0.334223,-0.184709,0.011159,-0.534268,0.04579,-0.128241,0.468307,0.356636,0.269587,-0.794545,0.398696,0.022757,0.149537,-0.116617,-0.404908,-0.626733,-0.342544,-0.406912,-0.439593,0.029431,-0.306922,0.0231,0.269587,0.581744,0.385774,-0.534257,0.258065,0.58422,0.378516,-0.373364,-0.15596,-0.078646,0.001157,0.257398,-0.092592,0.257398,0.257398,0.095335,-0.159008,-0.085377,-0.399357,0.017178,0.257398,-0.07622,-0.150595,0.001157,-0.415378,0.417692,0.001157,-0.07622,0.288557,-0.394518,0.095335,-0.085377,0.257398,0.096,0.257398,0.106106,-0.272101,0.014311,0.186472,-0.09624,0.548296,0.408109,0.101279,0.112756,-0.666179,0.26916,-0.40606,0.444168,-0.272101,-0.085377,-0.07622,-0.239854,-0.534125,0.381686,-0.076306,-0.03961,-0.18812,0.121648,-0.272101,0.026637,-0.534125,0.334223,0.30528,0.548296,-0.615177,0.274378,0.026637,0.408152,0.170075,-0.666179,0.085932,-0.388269,0.26916,-0.534397,0.174716,0.150908,-0.586938,0.417692,-0.14254,0.364912,-0.190017,0.548296,-0.373837,-0.272101,0.245897,0.095335,0.0,0.422062,0.436247,0.0,-0.129192,0.408109,0.121648,0.475427,0.299322,0.562518,-0.408152,0.017178,-0.093831,0.0,0.408109,-0.607,0.34649,0.364912,0.259688,0.347617,-0.534125,0.002573,0.245346,-0.407944,-0.085377,0.800801,-0.14254,0.417692,0.428787,0.225597,0.345771,0.183208,0.237048,-0.145383,-0.648219,0.403932,0.26916,-0.123374,-0.085377,-0.398329,-0.098748,0.288557,-0.252855,-0.122651,0.639111,0.066674,0.105796,-0.012587,-0.085377,0.346085,0.101279,#
12,0.665987,0.210467,0.055647,-0.231421,-0.407218,-0.200669,0.8163,-0.211591,0.227793,0.050808,0.096441,0.075356,1.0,0.65,0.363243,-0.029904,-0.342676,0.571918,0.538123,0.661772,0.21092,0.212198,0.518827,0.088308,-0.354422,-0.324428,0.547977,0.061822,0.8163,0.194046,-0.194483,0.150767,0.236205,-5.1e-05,-0.06718,-0.042344,0.492849,-0.109166,-0.194483,0.222169,-0.07702,0.208462,0.356857,-0.196907,-0.029904,-0.578504,0.425364,0.510287,-0.097089,-0.211591,0.073955,-0.242306,0.327867,-0.126965,0.408592,-0.291791,0.219809,-0.407218,0.230844,-0.171811,0.665987,-0.517279,-0.44799,0.524944,0.496233,0.402169,-0.514417,0.256967,0.450117,0.381477,-0.048201,0.010165,-0.029399,-0.656506,-0.531517,0.224848,-0.531517,-0.079819,-0.420891,-0.088239,0.229947,-0.196033,-0.639451,-0.531517,-0.511728,0.364157,-0.213087,-0.213087,-0.213087,-0.656506,-0.999187,-0.194794,-0.654112,-0.420891,-0.325343,-0.531517,-0.532686,-0.531517,-0.432299,-0.50902,-0.200669,-0.338538,-0.313958,-0.420891,0.215115,-0.221052,-0.402345,0.115303,-0.088239,-0.263634,0.194288,-0.50902,-0.325343,-0.511728,0.54393,-0.511728,-0.511728,-0.292736,0.305072,-0.604032,-0.199368,-0.50902,-0.205775,-0.511728,-0.349612,-0.208242,0.516712,0.421955,0.029209,-0.205775,0.215138,-0.355994,-0.338538,0.016194,0.53007,-0.088239,-0.042344,0.096441,0.497058,-0.303986,-0.656506,0.385095,-0.042344,-0.349612,-0.420891,0.082841,-0.50902,0.799079,-0.420891,0.0,-0.313958,-0.325343,0.0,-0.051711,0.215115,-0.199368,0.36308,0.258315,-0.432299,-0.215138,0.66617,-0.070098,0.0,0.215115,0.229947,0.435367,0.436331,0.375984,-0.53943,-0.05135,-0.172528,-0.305836,-0.76314,0.229947,-0.038142,-0.52651,-0.213087,0.253672,0.374962,-0.40788,0.1294,-0.204522,0.435327,0.557361,0.239082,-0.544041,0.448157,0.229947,-0.192993,0.435332,-0.194794,0.251752,0.250548,0.379579,0.353741,0.02206,-0.221302,-0.325343,-0.073773,0.3114,#
13,0.203079,-0.012949,0.224615,-0.20648,-0.642677,-0.593489,0.420806,-0.340094,0.612256,0.661954,0.006328,0.398196,0.65,1.0,0.410566,-0.209022,-0.815648,0.751768,0.100445,0.674596,0.193752,-0.165074,0.207992,0.410066,0.000878,0.030735,0.688359,0.381034,0.420806,0.312586,0.220591,0.302949,0.0155,4.7e-05,-0.39619,-0.214783,0.276287,0.38623,0.220591,-0.333253,0.18954,0.466275,-0.006133,-0.19039,-0.209022,-0.558452,0.164141,0.623527,0.108592,-0.340094,-0.200669,-0.439238,0.499425,-0.420141,-0.142824,-0.400693,0.005308,-0.642677,-0.184722,-0.339191,0.6238,-0.349774,-0.71796,0.336491,0.716706,0.166341,-0.208786,0.083841,0.53093,0.094054,-0.195258,0.090263,-0.208786,-0.200269,-0.409878,-0.00405,-0.409878,0.005054,-0.214375,0.412082,-0.004142,-0.591929,-0.591929,0.005054,-0.654164,0.412892,-0.200269,-0.200269,0.207058,-0.607595,-0.654164,-0.321397,-0.610022,-0.214375,-0.514233,0.005054,-0.532528,-0.409878,0.21782,-0.333253,-0.593489,-0.398995,-0.496772,-0.214375,-0.00387,-0.00166,-0.197339,-0.398995,0.412082,-0.041706,0.233798,-0.333253,-0.514233,-0.206382,0.411645,-0.654164,-0.206382,-0.477278,0.473776,-0.501533,0.018259,-0.333253,0.213666,-0.654164,-0.559025,0.33621,0.646912,0.177373,-0.134156,-0.198178,-0.003875,0.001871,-0.815896,-0.297609,0.33621,-0.00662,-0.214783,0.006328,0.287045,-0.494614,-0.200269,0.428186,0.22493,-0.559025,-0.214375,-0.182441,-0.333253,0.8163,-0.214375,0.0,0.010072,0.50595,0.0,-0.257725,-0.00387,0.018259,0.67514,0.551308,0.21782,-0.49988,0.200095,0.199301,0.0,-0.00387,-0.004142,0.211074,0.22493,0.007353,-0.231695,-0.231258,-0.571048,0.066301,-0.499625,-0.004142,0.220267,-0.409219,0.207058,0.357213,0.402406,-0.33148,0.43867,0.322666,-0.269035,0.006154,0.198989,-0.00662,0.056795,0.50595,-0.590878,0.201313,-0.321397,-0.309682,-0.003241,0.411241,-0.030497,-0.201582,-0.213612,-0.514233,0.50197,0.487453,#
14,-0.005691,-0.410597,-0.073096,-0.019145,-0.543524,-0.005915,0.188232,0.391349,0.015899,-0.080238,-0.577678,-0.179683,0.363243,0.410566,1.0,-0.378936,-0.195052,-0.005813,0.311456,0.071163,0.413376,-0.027623,-0.09014,0.655994,0.272674,0.254646,0.79339,0.196555,0.188232,0.254385,-0.004368,0.414824,-0.381525,4.8e-05,-0.649722,-0.801446,0.344044,0.12246,0.443006,-0.408076,0.066058,0.575354,-0.234174,-0.018635,0.112302,-0.484498,0.174822,-0.120133,-0.564179,-0.302649,-0.09014,-0.301786,0.414516,-0.427212,-0.163538,-0.071772,0.616644,-0.543524,-0.403251,-0.370281,0.425858,0.263233,-0.603312,0.391349,0.327954,-0.396919,0.077621,-0.622795,0.251374,-0.272307,-0.218897,-0.242637,-0.379385,-0.02464,-0.702803,0.061867,-0.277192,0.574029,-0.565022,0.569518,0.074011,-0.42638,-0.00857,-0.277192,-0.383933,0.180248,0.39317,0.39317,0.39317,-0.44245,-0.383933,-0.296392,-0.018234,-0.110674,0.074011,0.148418,-0.778684,-0.277192,-0.121887,-0.408076,-0.422395,-0.183114,0.085315,-0.565022,-0.401403,0.381383,-0.547547,0.244517,0.140039,-0.141639,0.042015,0.254385,0.074011,0.075373,0.687681,-0.383933,0.075373,-0.414578,0.390529,-0.349464,0.401814,-0.408076,0.40421,0.075373,-0.476333,-0.313647,0.360177,0.259031,-0.13655,-0.018234,-0.401451,0.228069,-0.183114,-0.176431,0.382025,0.140039,-0.350416,0.266122,0.573328,-0.429085,-0.44245,0.586036,-0.350416,0.04951,-0.565022,-0.023516,0.254385,0.172005,-0.110674,0.0,-0.434574,0.074011,0.0,0.127514,-0.401403,-0.129398,0.692516,-0.290765,-0.121887,-0.095394,0.006606,0.074392,0.0,-0.401403,0.074011,0.063111,0.100614,0.146911,-0.367763,-0.367249,-0.804085,-0.181515,-0.129398,0.074011,0.07142,-0.702399,0.39317,0.261419,0.582712,-0.171947,-0.16381,-0.332165,0.04368,0.2466,-0.437932,-0.289439,-0.270996,0.074011,-0.428962,0.052603,-0.296392,0.262658,0.079801,0.159598,-0.159375,-0.042667,-0.035839,-0.449209,0.189181,0.400679,#
15,0.252391,-0.19858,-0.51479,0.199294,0.418298,0.202698,0.100633,-0.532826,-0.212499,-0.511879,0.367829,-0.078884,-0.029904,-0.209022,-0.378936,1.0,0.35911,-0.05427,-0.134003,0.168657,-0.654496,-0.178121,-0.029904,-0.109103,-0.067447,-0.121996,-0.073295,0.392606,0.100633,-0.218165,0.27222,-0.031506,-0.203966,2.6e-05,0.106658,0.536049,0.258362,0.113163,-0.206129,0.518497,-0.422723,-0.197567,0.089597,0.199317,-0.428365,0.124094,0.586799,0.004859,0.211722,0.209223,0.418298,0.350977,-0.321959,0.277436,-0.08136,-0.427073,-0.250481,0.418298,0.239068,0.175007,-0.209037,0.470237,0.478427,0.209223,-0.492612,-0.384092,0.022703,-0.233208,-0.442339,-0.156395,0.145685,0.440362,1.0,-0.248474,0.522271,0.342811,0.067192,-0.387887,0.413662,-0.383856,0.319889,0.645002,-0.248474,0.067192,0.508843,-0.346074,-0.248474,-0.248474,-0.248474,0.198264,0.017734,0.191824,-0.243798,-0.072144,-0.239558,-0.387887,0.746443,0.067192,-0.06464,-0.218165,0.648015,0.338337,-0.247179,0.413662,-0.203976,0.188724,0.413662,0.338337,0.075358,-0.325571,-0.272172,0.490164,-0.239558,0.017734,-0.534129,0.508843,0.017734,0.308706,-0.31431,0.117907,0.188724,-0.218165,-0.243798,0.017734,0.364685,0.205033,-0.513314,0.313008,0.118841,0.207895,-0.203999,-0.118902,0.338337,0.480478,0.205033,0.075358,0.05379,-0.534394,0.124243,0.319889,0.198264,0.075358,0.05379,-0.197567,0.413662,0.419121,0.490164,0.100633,-0.072144,0.0,0.308706,-0.239558,0.0,0.476646,-0.203976,0.756717,-0.374666,-0.247003,-0.06464,-0.327248,0.23931,-0.42825,0.0,-0.203976,0.319889,0.043113,0.05379,0.519753,-0.428468,0.062858,0.219025,0.304464,0.188724,0.319889,-0.44522,0.534573,-0.248474,-0.248461,-0.806553,0.132321,-0.087023,0.249491,0.063489,-0.094061,0.241307,0.075358,0.037171,0.319889,0.643,0.053253,0.191824,-0.246616,0.34486,-0.348994,0.252875,0.418776,0.207282,0.319889,0.068317,-0.327081,#
16,0.014896,-0.080192,-0.35959,0.416096,0.52704,0.398103,-0.158751,0.269407,-0.815844,-0.809046,0.189879,-0.665977,-0.342676,-0.815648,-0.195052,0.35911,1.0,-0.43691,0.07614,-0.456756,-0.419359,-0.029181,-0.342676,-0.269321,0.147369,0.134437,-0.415109,-0.244791,-0.158751,-0.271948,-0.035737,-0.375056,-0.087671,-2.3e-05,0.269858,0.381021,-0.351937,-0.142866,-0.395642,0.439691,-0.526933,-0.605539,0.260807,0.369522,0.341612,0.361313,-0.077646,-0.747459,-0.152196,0.269407,0.52704,0.390512,-0.401329,0.426265,0.188444,0.23538,0.39766,0.52704,0.411087,0.25564,-0.430858,0.413908,0.602403,-0.421834,-0.890027,-0.254884,0.342034,-0.217423,-0.734279,-0.106711,0.212808,0.177605,0.358893,-0.020807,0.250427,-0.109429,0.250427,-0.204895,0.087994,-0.181495,0.408121,0.811493,0.37993,-0.189194,0.356667,-0.166515,0.37993,0.37993,-0.436958,0.410756,0.339723,0.251512,0.393407,0.054473,0.408121,-0.189194,0.317218,0.250427,-0.374175,0.414276,0.398103,0.163274,0.394122,0.087994,-0.087671,0.073486,0.087994,0.57343,-0.181495,0.152747,-0.44564,0.38886,0.408121,0.339723,-0.255647,0.814149,-0.117759,0.394122,-0.391795,0.322251,0.073486,0.414276,-0.43254,0.780262,0.46137,-0.399207,-0.809642,0.399086,0.131986,0.003809,-0.087684,0.147499,0.999362,0.136366,0.268039,-0.165652,0.381021,-0.261473,-0.306616,0.408121,-0.020807,-0.197339,-0.084856,0.46137,0.087994,0.481946,0.38886,-0.563412,0.087994,0.0,-0.104524,-0.634163,0.0,0.372877,-0.087671,0.073486,-0.739788,-0.609489,-0.374175,0.602352,0.016869,-0.076341,0.0,-0.087671,0.408121,-0.107403,-0.101495,0.232435,-0.084856,0.398085,0.414457,0.106524,0.602589,0.408121,-0.545382,0.262121,-0.436958,-0.295044,-0.581932,0.142308,-0.6732,-0.355756,0.400625,0.170508,-0.381781,-0.181495,0.123247,-0.09372,0.810512,-0.063872,0.251512,0.361355,-0.089297,-0.586269,0.158294,0.078699,0.393946,0.408121,-0.71223,-0.407714,#
17,0.294438,0.144167,0.157614,0.093463,-0.448988,-0.653218,0.458695,-0.26095,0.374523,0.571799,0.487818,0.103604,0.571918,0.751768,-0.005813,-0.05427,-0.43691,1.0,0.189462,0.759745,-0.196178,-0.189861,0.063346,0.135153,-0.003417,0.148512,0.203342,0.07838,0.458695,0.124841,0.174305,-0.157987,0.280865,0.000108,-0.093941,0.342477,-0.155694,0.441514,-0.153073,0.124841,0.014957,-0.214706,0.268804,-0.271179,-0.05048,-0.276373,-0.057939,0.550813,0.401719,-0.290892,0.079145,-0.445646,0.403562,-0.252079,0.040766,-0.09812,0.174516,-0.448988,0.21503,-0.213697,0.38753,-0.507772,-0.501106,-0.111244,0.242428,0.365498,-0.053787,0.401025,0.056362,0.221673,-0.111079,0.458399,-0.053787,-0.271587,-0.199536,-0.278092,-0.199536,-0.493332,-0.03267,0.381082,0.179835,-0.271587,-0.650126,-0.107725,-0.564096,0.452324,-0.271587,-0.271587,-0.181459,-0.361715,-0.564096,-0.276727,-0.64944,-0.444313,-0.407074,-0.107725,-0.323728,-0.199536,0.074397,0.124841,-0.653218,-0.355458,-0.414202,-0.03267,0.147123,-0.26738,0.06534,-0.355458,0.381082,0.287114,0.170769,-0.499363,-0.407074,-0.048879,0.207248,-0.147959,-0.465016,-0.302053,0.341635,-0.236876,-0.152788,0.124841,-0.084445,-0.564096,-0.464259,0.515234,0.15355,0.414135,-0.147235,-0.175573,0.147134,0.031979,-0.447705,-0.491028,0.515234,-0.100675,0.342477,-0.276673,-0.19872,-0.294207,-0.271587,0.084616,0.439772,-0.464259,-0.03267,-0.075004,-0.499363,0.84094,-0.03267,0.0,0.168971,0.292702,0.0,-0.523302,0.147123,-0.152788,0.056982,0.770027,0.074397,-0.280892,0.278197,0.357349,0.0,0.147123,0.179835,-0.051374,0.031134,-0.104467,-0.163455,0.357349,-0.247588,0.169036,-0.26738,0.179835,-0.043908,-0.100675,-0.181459,0.30384,-0.002099,-0.243433,0.24732,0.535731,-0.166131,0.132941,0.205673,-0.100675,0.372926,0.766745,-0.268766,0.357802,-0.276727,-0.464042,-0.278585,0.008536,0.30794,-0.441788,-0.277988,-0.407074,0.059064,0.317036,#
18,0.356795,-0.162928,0.128403,-0.020596,-0.44993,-0.087931,0.659222,0.291947,0.093486,-0.239323,-0.294915,-0.203748,0.538123,0.100445,0.311456,-0.134003,0.07614,0.189462,1.0,0.434642,-0.008499,0.361135,0.538123,0.278158,-0.153602,-0.176756,0.146986,-0.305496,0.659222,-0.269126,-0.321565,0.168346,0.403636,0.0,0.216148,-0.139093,0.148274,-0.148839,-0.321565,0.325784,0.41496,-0.134921,0.223959,-0.441563,0.373113,-0.417981,0.181058,0.054652,-0.517951,-0.47853,0.053418,-0.089621,0.057849,-0.373176,0.066775,0.324704,0.394286,-0.44993,0.373411,-0.382475,0.445518,-0.250676,-0.045389,0.291947,0.099388,0.258623,-0.528415,0.153615,0.193505,0.514034,-0.421871,0.382275,-0.133795,-0.806971,-0.620782,-0.156233,-0.165769,-0.165769,-0.840177,-0.078487,0.399205,-0.085421,0.000477,-0.988293,-0.131678,0.280494,0.000477,-0.446196,-0.360297,-0.446196,-0.528285,-0.483049,0.000965,-0.840177,0.399205,-0.53328,-0.396298,-0.165769,-0.751932,-0.269126,-0.087931,0.167532,-0.159734,-0.354442,-0.169955,-0.403483,-0.354442,0.079614,-0.078487,-0.40162,-0.042293,-0.269126,0.399205,-0.037248,0.615913,-0.131678,-0.037248,-0.159734,0.306102,-0.180464,0.164427,-0.269126,0.087817,-0.131678,-0.264653,-0.341672,0.121953,0.214288,0.473031,0.452592,-0.169974,-0.201723,0.079614,0.032949,0.259035,0.292364,-0.139093,0.156131,0.306237,-0.16016,-0.806971,0.292364,-0.046364,-0.264653,-0.354442,0.106772,-0.269126,0.294915,-0.354442,0.0,-0.608653,-0.504385,0.0,-0.107507,-0.169955,-0.403483,-0.042116,0.097384,-0.262497,0.042494,0.799336,-0.04669,0.0,-0.169955,-0.16016,-0.118309,0.343096,0.203921,-0.528553,0.349916,-0.07321,-0.219684,-0.403483,0.399205,-0.034262,-0.166785,-0.360297,0.480764,0.326153,-0.095658,-0.163076,-0.296535,0.308887,0.560581,-0.419888,-0.537635,0.677995,-0.05259,-0.083778,-0.109482,-0.483049,0.339597,-0.101173,0.312224,0.588131,-0.011696,-0.440845,-0.16016,-0.341534,0.153506,#
19,0.590902,-0.026028,0.281768,-0.263297,-0.254364,-0.246363,0.810696,-0.328908,0.661931,0.308793,0.363526,0.033849,0.661772,0.674596,0.071163,0.168657,-0.456756,0.759745,0.434642,1.0,-0.173363,-0.178629,0.212347,0.058519,-0.340303,0.067084,0.318047,-0.036677,0.810696,-0.330965,-0.096697,0.361225,0.496385,-4.8e-05,-0.017743,0.158202,0.244436,0.437999,-0.096697,0.220643,0.22698,0.019086,-0.024354,-0.572882,-0.179642,-0.627229,0.341667,0.599081,0.16937,-0.355367,0.212347,-0.469094,0.519435,-0.338489,0.083303,-0.19565,-0.022771,-0.254364,0.192454,-0.2447,0.673167,-0.345734,-0.319994,0.35903,0.357055,0.177583,-0.196818,0.274027,0.266834,0.082521,-0.299647,0.471545,0.169079,-0.578233,-0.452725,-0.001765,-0.452725,-0.371592,-0.251174,0.054035,-0.017953,-0.243718,-0.578233,-0.371592,-0.281933,0.464084,-0.578233,-0.578233,-0.164072,-0.65788,-0.649673,-0.361537,-0.581425,-0.614943,-0.536605,-0.371592,-0.163875,-0.452725,-0.162325,-0.330965,-0.246363,-0.04402,-0.537153,-0.251174,-0.035455,-0.496195,0.199207,-0.04402,0.054035,-0.030646,0.13955,-0.330965,-0.536605,-0.194376,0.453243,-0.281933,-0.194376,-0.021803,0.166509,-0.464159,0.030379,-0.330965,0.256085,-0.649673,-0.622455,0.331538,0.277157,0.326127,-0.130111,0.175555,-0.035461,-0.386398,-0.467917,-0.248814,0.331538,-0.027836,0.158202,0.025736,0.291541,-0.017953,-0.578233,0.479763,0.244181,-0.622455,-0.251174,-0.190137,-0.330965,0.810696,-0.251174,0.0,-0.021803,0.081787,0.0,-0.246636,-0.035455,0.030379,0.179838,0.559114,-0.162325,-0.496448,0.57664,-0.203132,0.0,-0.035455,-0.017953,-0.177688,0.244181,-0.028605,-0.650003,0.164607,-0.227058,0.027159,-0.496195,-0.017953,-0.186523,-0.027836,-0.164072,0.370492,0.067386,-0.376744,0.481193,0.359721,-0.246262,0.380296,0.185989,-0.371694,0.507386,0.500698,-0.241977,0.1764,-0.361537,-0.307556,0.014705,0.080325,0.429308,-0.299313,-0.572058,-0.536605,0.303472,0.020253,#
20,-0.208792,0.492552,0.211194,-0.196902,-0.21092,0.209252,-0.0,0.33577,0.2,0.220529,-0.408248,0.404189,0.21092,0.193752,0.413376,-0.654496,-0.419359,-0.196178,-0.008499,-0.173363,1.0,0.139321,0.21092,0.0,0.00871,-0.395767,0.213115,-0.043256,-0.0,0.333333,-0.208124,0.187033,2e-06,0.0,-0.41909,-0.654654,0.252082,-0.476083,0.574422,-0.333333,0.163879,0.447769,-0.40312,-0.180923,-0.212499,-0.142555,-0.262397,0.160766,0.010015,0.33577,-0.649633,0.020677,0.491919,0.174832,0.42858,-0.023511,0.009382,-0.21092,-0.61718,-0.337529,0.208793,-0.350059,-0.289667,0.33577,0.612775,0.297201,-0.212265,0.053956,0.619309,0.0,-0.280977,-0.803219,-0.654483,0.213375,-0.400399,0.0,0.01144,0.835118,-0.207611,0.023088,-0.478162,-0.595205,0.213375,0.01144,-0.209877,0.01144,0.213375,0.213375,0.617666,-0.190915,-0.209877,0.353492,-0.181678,0.232035,0.028127,0.423279,-0.53598,0.01144,-0.196887,-0.333333,-0.193752,0.011494,0.51704,-0.207611,0.499949,0.014278,-0.207611,0.011494,-0.392494,-0.045222,0.652078,-0.333333,0.028127,-0.209877,0.425287,-0.654321,0.234568,0.013974,-0.124505,-0.421076,0.014278,-0.333333,0.227097,-0.209877,-0.061059,-0.299183,0.671681,-0.49492,-0.266312,-0.181678,0.5,0.011494,-0.402299,-0.216092,-0.299183,0.023088,-0.218218,0.816497,0.447872,-0.478162,-0.190915,0.023088,-0.218218,0.447769,-0.207611,-0.641529,-0.333333,0.0,0.232035,0.0,0.013974,0.028127,0.0,-0.182574,0.499949,-0.499745,0.678133,-0.09167,-0.196887,0.0,-0.190915,-0.209877,0.0,0.499949,-0.478162,0.220527,0.218218,0.01375,0.218218,-0.654321,-0.19975,-0.369273,-0.499745,-0.478162,0.662299,-0.808075,0.617666,0.35218,0.797607,0.107196,-0.013009,-0.407966,0.200327,-0.0,0.179193,-0.392494,-0.283582,-0.478162,-0.594161,0.211184,0.353492,0.351057,-0.032174,0.388075,-0.033923,-0.192669,-0.204926,-0.478162,0.05236,0.014278,#
