0,1.0,0.0,-0.39609,0.435681,0.658111,0.360215,0.317592,-0.18048,0.790712,0.496181,0.492879,-0.233958,0.674865,0.073435,-0.333211,-0.157888,0.160468,0.160883,0.395102,-0.291819,0.686301,0.433995,0.244009,0.262503,0.00781,-0.578377,-0.432105,-0.222732,0.371016,-0.018505,-0.411402,0.242858,-0.333211,0.012749,-0.800586,0.220026,-0.012483,-0.381043,-0.235353,0.015373,0.397588,0.343624,0.001807,-0.33362,-0.333211,-0.02419,0.243684,0.330609,0.338083,0.247579,0.518244,-0.295711,0.343624,-0.118791,0.17882,0.204571,-0.611789,0.436641,-0.152064,0.165197,-0.214725,0.593533,0.602938,-0.971916,-0.35695,0.401455,0.082797,0.508359,0.590482,0.520519,-0.615115,-0.00912,0.0,-0.316923,-0.353353,-0.258422,-0.316923,0.020027,-0.185927,0.232606,-0.212199,-0.470139,-0.228273,-0.434841,-0.33221,-0.418934,-0.003188,0.006505,0.416972,-0.210546,-0.380604,-0.403557,-0.403557,0.397333,-0.198764,-0.631211,-0.241094,0.397333,-0.003188,-0.57907,0.258647,0.495464,0.006505,-0.189508,-0.683067,-0.014963,-0.196865,0.020027,-0.014963,-0.523535,0.417306,-0.333211,-0.380604,-0.198764,-0.417923,-0.507846,0.306078,-0.129746,0.495923,-0.196865,-0.014963,-0.595215,-0.316923,-0.021941,-0.158146,-0.228273,-0.333211,0.424209,-0.024448,-0.387663,-0.038569,0.343624,-0.646805,0.008258,0.01456,0.512794,-0.333211,-0.333211,-0.031269,-0.507846,-0.019117,0.020027,-0.406001,-0.008959,-0.129746,-0.487542,-0.038569,0.495912,-0.316923,0.218152,-0.316923,0.006505,0.003492,-0.211321,0.208294,0.390866,-0.333211,0.411287,-0.427437,-0.019117,0.008128,-0.216286,-0.418934,0.407852,-0.199679,0.418246,-0.57907,0.200861,-0.613361,-0.012338,0.214732,0.502011,0.168451,0.021019,0.325251,-0.129746,0.00781,-0.212359,-0.21086,0.377556,0.371882,0.201898,0.197058,0.006982,0.228058,-0.023169,-0.197922,-0.210546,-0.443955,0.647383,-0.129746,0.484311,0.002667,0.009543,0.218549,-0.498601,0.015956,-0.129746,-0.361901,-0.011714,#
1,0.0,0.0,0.0,0.0,0.0,0.0,0.0,0.0,0.0,0.0,0.0,0.0,0.0,0.0,0.0,0.0,0.0,0.0,0.0,0.0,0.0,0.0,0.0,0.0,0.0,0.0,0.0,0.0,0.0,0.0,0.0,0.0,0.0,0.0,0.0,0.0,0.0,0.0,0.0,0.0,0.0,0.0,0.0,0.0,0.0,0.0,0.0,0.0,0.0,0.0,0.0,0.0,0.0,0.0,0.0,0.0,0.0,0.0,0.0,0.0,0.0,0.0,0.0,0.0,0.0,0.0,0.0,0.0,0.0,0.0,0.0,0.0,0.0,0.0,0.0,0.0,0.0,0.0,0.0,0.0,0.0,0.0,0.0,0.0,0.0,0.0,0.0,0.0,0.0,0.0,0.0,0.0,0.0,0.0,0.0,0.0,0.0,0.0,0.0,0.0,0.0,0.0,0.0,0.0,0.0,0.0,0.0,0.0,0.0,0.0,0.0,0.0,0.0,0.0,0.0,0.0,0.0,0.0,0.0,0.0,0.0,0.0,0.0,0.0,0.0,0.0,0.0,0.0,0.0,0.0,0.0,0.0,0.0,0.0,0.0,0.0,0.0,0.0,0.0,0.0,0.0,0.0,0.0,0.0,0.0,0.0,0.0,0.0,0.0,0.0,0.0,0.0,0.0,0.0,0.0,0.0,0.0,0.0,0.0,0.0,0.0,0.0,0.0,0.0,0.0,0.0,0.0,0.0,0.0,0.0,0.0,0.0,0.0,0.0,0.0,0.0,0.0,0.0,0.0,0.0,0.0,0.0,0.0,0.0,0.0,0.0,0.0,0.0,0.0,0.0,0.0,0.0,0.0,0.0,0.0,0.0,0.0,0.0,0.0,0.0,#
2,-0.39609,0.0,1.0,-0.464755,-0.078928,-0.098619,0.441003,0.766735,-0.09869,0.11644,-0.402117,0.317691,-0.532579,0.019401,0.331437,0.483764,0.296592,-0.018802,0.191104,0.780487,-0.039192,0.266132,-0.10589,-0.099295,0.12737,-0.070637,0.234459,0.419706,-0.092966,0.191104,-0.192444,-0.320682,-0.271176,0.13954,0.073824,0.408256,0.063211,-0.262126,0.387011,0.020048,0.217467,-0.271176,-0.08183,0.409911,0.441003,-0.047927,-0.53244,-0.174015,-0.522497,0.056655,0.386505,-0.409278,-0.271176,-0.516012,-0.033156,-0.171514,0.058272,-0.19991,-0.079358,-0.032639,0.523604,0.024653,-0.27105,0.424901,-0.121448,0.294352,0.0466,-0.273803,0.030741,-0.797148,-0.003252,-0.102356,0.0,0.257583,0.307926,0.121766,0.257583,-0.305555,-0.395727,-0.325265,0.818054,-0.129926,0.528569,-0.174658,-0.40866,0.240522,0.1409,0.391668,-0.14077,0.070566,0.307926,-0.198779,0.228558,-0.214416,-0.035203,-0.00563,0.854453,0.23389,0.207995,0.028974,0.104164,-0.10614,-0.129926,-0.033807,0.103615,0.566511,-0.394355,0.117816,0.632599,-0.096535,0.195251,-0.271176,0.307926,-0.035203,-0.115733,0.406422,-0.301201,0.149383,-0.405774,-0.394355,0.203027,-0.035203,0.257583,-0.181762,0.076424,0.070566,-0.271176,-0.438499,-0.264743,0.21688,-0.096535,-0.271176,0.070566,-0.238873,-0.564462,-0.404679,-0.271176,0.413612,-0.574482,0.406422,0.190613,0.117816,0.125479,-0.093603,0.149383,-0.120645,-0.096535,0.127371,0.257583,0.059801,0.257583,-0.129926,0.294302,-0.138076,-0.015209,-0.553962,0.331437,0.207995,-0.174682,0.613983,0.129163,-0.00563,0.672152,-0.115082,0.073171,-0.226769,0.381951,-0.476376,0.818054,-0.214416,-0.084281,-0.20176,0.058887,-0.128657,-0.423019,0.149383,-0.406764,-0.084123,0.394438,-0.093289,-0.28465,0.02991,-0.386704,0.38746,0.12796,-0.446243,0.830793,0.070566,0.281198,-0.518896,0.149383,-0.391019,-0.191265,0.209189,0.059398,0.553585,0.242798,0.149383,0.204547,0.106827,#
3,0.435681,0.0,-0.464755,1.0,0.280164,-0.272631,0.128247,0.120773,0.514132,0.192321,0.253565,-0.239048,0.279859,-0.16053,-0.042749,-0.310257,0.124605,0.381781,0.341116,0.127775,0.432718,-0.251724,-0.129649,0.320029,0.192371,-0.333261,-0.261887,-0.400736,-0.210943,0.25961,0.310912,-0.211186,0.128247,0.207307,0.136203,0.348781,0.058935,0.320016,-0.47276,0.10489,-0.387171,0.128247,-0.232424,-0.288169,0.128247,-0.257778,0.225719,0.278576,-0.293392,0.484576,-0.187594,-0.274872,0.170996,0.484893,0.251395,0.133641,-0.337599,0.422246,0.348554,-0.529532,-0.657656,-0.230846,-0.169946,-0.523703,-0.268515,-0.210334,0.189721,0.362338,0.410492,0.225684,-0.324097,-0.269571,0.0,-0.162177,-0.231211,-0.55961,-0.162177,0.266091,0.480301,0.59027,-0.414343,-0.21548,-0.250662,-0.413758,-0.177573,-0.397779,0.209427,-0.152862,0.473794,-0.305647,-0.231211,-0.362135,-0.310832,0.313422,-0.378545,0.226611,-0.432131,0.313422,0.31414,-0.328465,-0.255003,0.704575,-0.21548,0.310012,-0.357148,-0.499024,-0.269403,0.266091,-0.395882,-0.269838,0.341278,0.042749,-0.231211,-0.378545,-0.272925,-0.256092,-0.009865,-0.324229,0.221888,-0.269403,-0.395882,-0.428625,-0.162177,-0.29619,0.008532,-0.305647,0.128247,-0.011929,0.211885,-0.276461,-0.269838,0.128247,-0.305647,-0.372949,-0.225652,0.226182,0.042749,-0.983229,-0.286946,-0.256092,-0.4096,0.266091,-0.511252,-0.237451,-0.324229,-0.259622,-0.269838,0.192371,-0.162177,-0.214881,-0.162177,-0.21548,-0.208228,0.139929,0.307361,0.44475,-0.042749,0.31414,0.310224,-0.358774,0.238136,0.226611,-0.345961,0.497438,0.45026,0.263268,-0.378545,0.918861,-0.465018,0.259602,-0.419794,0.490996,-0.328663,0.645796,-0.172634,-0.324229,0.192371,0.170431,0.172218,0.458901,0.086993,-0.284551,-0.302695,-0.231284,-0.20806,0.204152,-0.433249,-0.305647,-0.28727,0.272239,-0.324229,0.214489,0.320065,0.242027,-0.270446,-0.723634,0.372631,-0.324229,-0.34039,-0.609175,#
4,0.658111,0.0,-0.078928,0.280164,1.0,0.575132,0.489388,0.080624,0.575545,0.756447,0.297472,0.384032,0.53654,0.364701,-0.218161,0.475333,-0.042011,0.152026,0.333367,-0.036702,0.722932,0.150813,0.168569,0.266028,-0.327241,-0.488633,-0.352898,0.190079,0.130704,0.333367,-0.358915,0.430629,-0.218161,-0.074172,-0.524161,0.304201,-0.326915,-0.349621,0.176495,-0.326612,0.340042,0.518869,-0.199336,0.222579,-0.218161,0.293763,0.060544,0.130503,0.058436,0.020133,0.409615,-0.449528,0.518869,0.020958,0.627775,0.554972,-0.500373,0.493954,-0.183433,-0.423187,0.187206,0.654483,0.407656,-0.636335,-0.445393,0.516707,0.304199,0.600017,0.202084,0.156937,-0.977073,0.254758,0.0,-0.502275,0.172824,0.030553,-0.502275,-0.070103,-0.496736,-0.041711,-0.234763,-0.734884,-0.543577,-0.397981,-0.535084,-0.372278,-0.1011,-0.21668,0.091988,-0.041711,-0.598712,-0.800834,-0.800834,0.321599,-0.653965,-0.254298,0.169363,0.321599,-0.1011,-0.19686,0.381395,0.292832,-0.21668,-0.654129,-0.568089,-0.107323,-0.500747,-0.070103,-0.107323,-0.815949,0.363391,-0.218161,-0.598712,-0.653965,0.07423,-0.78476,0.158859,-0.344981,-0.326445,-0.500747,-0.107323,-0.653965,-0.502275,0.047591,0.327605,-0.543577,-0.218161,0.283689,0.043838,-0.336998,-0.288696,-0.218161,-0.998603,-0.076651,-0.336998,0.774315,-0.218161,-0.218161,-0.217328,-0.78476,-0.113402,-0.070103,-0.53402,0.320212,-0.344981,-0.19763,-0.288696,0.756193,-0.502275,-0.049544,-0.502275,-0.21668,0.091988,-0.42846,0.213435,0.038045,-0.218161,0.350238,-0.394386,-0.113402,-0.534103,-0.254298,-0.372278,0.518957,-0.033752,0.799316,-0.19686,0.045134,-0.234763,-0.123793,0.054041,0.608729,0.169363,-0.20886,0.186879,-0.344981,-0.327241,0.048306,0.049276,0.465375,0.533541,0.636334,0.207888,0.312731,-0.064016,-0.313898,0.211323,-0.041711,0.032907,0.510952,-0.344981,0.217297,0.532998,0.363839,-0.049266,-0.326445,0.547049,-0.344981,-0.322297,-0.327241,#
5,0.360215,0.0,-0.098619,-0.272631,0.575132,1.0,0.273844,-0.29702,0.102003,0.432259,0.339473,0.608867,0.131221,0.286494,-0.403708,0.536376,-0.418756,-0.434311,0.183274,-0.414402,0.459231,0.217593,0.395907,0.019078,-0.605563,0.043778,-0.293945,0.045436,0.150973,0.272984,-0.636235,0.453302,-0.403708,-0.548027,-0.527597,-0.00828,-0.604958,-0.255638,0.460429,-0.180568,0.31188,0.302076,0.072582,-0.071868,-0.403708,0.237494,0.106967,-0.249697,0.565481,-0.107224,0.17728,-0.057049,0.302076,-0.016675,0.435851,0.159987,-0.437983,-0.288145,-0.416653,0.028164,0.450949,0.804594,0.811244,-0.2403,-0.012749,0.24671,0.003132,0.290926,-0.066372,0.443399,-0.494179,0.619784,0.0,-0.2512,-0.129541,0.308744,-0.2512,-0.206329,-0.566349,-0.130614,-0.348239,-0.388839,-0.547125,-0.19782,-0.259294,-0.190124,-0.573965,-0.388839,0.120374,0.003951,-0.306859,-0.26825,-0.674809,-0.168095,-0.42226,-0.41119,0.050042,-0.168095,-0.573965,0.079666,0.469953,-0.457627,0.107396,-0.873846,-0.476523,-0.110886,-0.08112,-0.206329,-0.110886,-0.435352,-0.128917,0.273844,-0.306859,-0.42226,0.245449,-0.425746,0.405229,0.05812,-0.227854,-0.08112,-0.110886,-0.025388,-0.2512,0.152651,-0.078541,-0.11139,-0.403708,0.551201,-0.08727,-0.238333,0.069548,-0.403708,-0.547125,0.6354,0.164317,0.450791,0.273844,0.330307,0.193821,-0.425746,0.617013,-0.206329,0.214227,0.207606,0.05812,-0.272774,0.069548,0.43194,-0.2512,-0.08112,-0.2512,0.107396,-0.160631,-0.792867,-0.378025,0.090774,-0.403708,-0.141762,-0.669453,0.214227,-0.645785,-0.41119,-0.600769,-0.216241,-0.48481,0.736379,-0.317205,-0.330203,0.053348,-0.168095,0.500865,-0.119087,0.050042,-0.447805,0.423552,0.05812,-0.605563,0.158686,0.14882,0.138011,0.359254,0.498718,0.800007,0.637456,0.372397,-0.212037,0.095043,0.003951,-0.245661,0.493842,0.05812,0.342839,0.235399,0.325992,0.352148,-0.08924,-0.177653,0.05812,0.187732,0.347246,#
6,0.317592,0.0,0.441003,0.128247,0.489388,0.273844,1.0,0.571311,0.274041,0.649491,-0.164763,0.165388,-0.218218,0.162825,-0.111111,0.221835,0.38384,0.215956,0.381843,0.393043,0.377718,0.303766,0.161749,-0.32658,-0.166667,-0.492725,-0.407868,0.343583,-0.403549,0.381843,-0.408052,0.182048,-0.111111,-0.272078,-0.26696,0.385128,-0.1665,-0.400163,0.292803,-0.166346,0.428874,-0.111111,0.202438,0.202669,-0.111111,0.186723,-0.218161,-0.213709,-0.402615,0.251897,0.185419,-0.918553,-0.111111,-0.499477,0.302552,0.282652,-0.505902,0.182913,-0.33157,-0.215533,0.218214,0.333333,0.240063,-0.324091,-0.319305,0.244786,-0.164371,0.286252,0.311747,-0.415499,-0.497631,0.12975,0.0,0.089414,0.109851,-0.39393,0.089414,-0.271981,-0.508597,0.205961,0.325405,-0.665376,0.205961,-0.406805,-0.987179,0.265403,0.408248,0.148393,0.258841,0.205961,0.109851,-0.407871,-0.407871,0.427886,-0.333069,-0.332562,0.340115,0.427886,0.408248,-0.333069,0.124274,0.165596,0.148393,-0.333153,-0.507115,0.398178,-0.508492,-0.271981,0.398178,-0.662383,0.398178,-0.111111,0.109851,-0.333069,-0.406494,0.154346,0.102564,-0.04013,-0.166261,-0.508492,0.398178,-0.333069,0.089414,-0.404762,0.181835,0.205961,-0.111111,0.159448,-0.565215,-0.407832,0.165596,-0.111111,-0.508597,-0.272031,-0.407832,-0.165812,-0.111111,-0.111111,-0.641137,0.154346,0.388544,-0.271981,-0.271981,0.174418,-0.04013,-0.665155,0.165596,0.666667,0.089414,0.200062,0.089414,0.148393,0.258841,-0.218218,-0.332205,0.277916,-0.111111,0.408248,-0.407232,0.388544,-0.272023,-0.332562,0.265403,0.277916,0.212009,0.407098,-0.333069,-0.0,0.325405,-0.271543,-0.218222,0.319763,0.340115,0.154346,0.095178,-0.04013,-0.166667,-0.238525,0.523809,0.266009,-0.135665,0.32409,-0.332543,0.159276,0.217237,-0.832111,0.340843,0.205961,-0.396529,-0.223921,-0.04013,-0.172674,0.27146,0.429935,0.198942,-0.166261,0.278617,-0.04013,-0.406494,-0.166667,#
7,-0.18048,0.0,0.766735,0.120773,0.080624,-0.29702,0.571311,1.0,0.041983,0.256312,-0.316528,0.109361,-0.419221,-0.268913,0.602702,0.286429,0.603542,0.078928,0.26585,0.962527,0.099704,-0.029542,-0.459761,0.133586,0.080046,-0.275391,0.056623,0.355101,-0.441098,0.26585,0.045661,-0.487977,-0.213457,0.307014,0.278236,0.601776,0.316102,0.010498,0.298788,0.257431,-0.027401,-0.213457,-0.027779,0.18397,0.320185,0.017377,-0.419112,-0.15013,-0.773469,0.338956,0.196149,-0.606476,-0.213457,-0.232668,0.313316,0.11776,-0.1531,0.182014,0.098395,-0.414062,0.244541,-0.16951,-0.401505,0.099052,-0.394342,0.003842,0.019736,0.072784,0.138033,-0.708455,-0.138726,-0.124632,0.0,0.171773,0.211037,-0.166082,0.171773,-0.037322,-0.109012,-0.129199,0.62514,-0.289678,0.395673,-0.278561,-0.572639,0.186445,0.457503,0.28508,0.007534,0.052487,0.211037,-0.293837,0.02637,-0.027664,-0.161805,0.188588,0.653399,0.308256,0.284498,-0.327287,-0.24401,0.318128,-0.105755,0.160006,-0.08669,0.443062,-0.456407,0.279913,0.272654,-0.266666,0.272654,-0.213457,0.211037,-0.161805,-0.455537,0.296517,-0.603426,-0.077093,-0.319406,-0.456407,-0.049229,-0.161805,0.171773,-0.282068,0.211499,0.052487,-0.213457,-0.677202,-0.099085,0.018655,-0.079532,-0.213457,-0.109012,-0.522601,-0.783492,-0.318544,-0.213457,-0.213457,-0.655032,0.296517,-0.055983,0.279913,-0.037322,-0.043022,-0.077093,-0.278336,-0.079532,0.268391,0.171773,0.044039,0.171773,-0.105755,0.007534,0.11508,0.178545,-0.297906,0.602702,0.284498,0.058675,0.261252,0.291588,0.188588,0.509869,0.030951,0.407293,-0.059708,0.150772,0.149938,0.62514,-0.185744,-0.419228,-0.025392,-0.16335,0.296517,-0.339577,-0.077093,-0.320185,-0.107545,0.423775,0.006788,-0.260627,-0.185,-0.638852,0.281311,-0.148078,-0.353309,0.634077,0.052487,0.172568,-0.430176,-0.077093,-0.331726,0.18505,0.272334,0.042465,0.329388,0.514013,-0.077093,-0.006305,-0.320185,#
8,0.790712,0.0,-0.09869,0.514132,0.575545,0.102003,0.274041,0.041983,1.0,0.43257,0.339717,-0.103312,0.593691,0.284975,-0.403998,0.058844,0.057491,0.434206,0.615652,0.069491,0.764166,0.495506,0.393907,0.320725,0.453439,-0.614523,-0.311326,-0.401655,0.557269,0.27451,-0.212185,-0.004348,-0.403998,0.299373,-0.657092,0.462505,-0.097371,-0.383006,-0.414817,-0.180698,0.276468,0.302292,-0.438827,-0.082002,0.302292,-0.390707,0.143774,0.581423,0.073693,0.425646,0.678547,-0.385798,0.302292,-0.108245,0.01726,-0.092736,-0.422309,0.29042,-0.002058,-0.011743,-0.251525,0.364447,0.262471,-0.710179,-0.302715,0.643842,0.447194,0.3268,0.787742,0.223102,-0.666035,-0.455273,0.0,-0.293602,-0.172352,-0.2766,-0.293602,-0.206477,-0.09437,0.341678,0.027777,-0.420763,-0.139257,-0.659841,-0.301857,-0.64451,-0.141864,0.075828,0.561216,-0.478049,-0.349798,-0.718173,-0.294369,0.276384,-0.46442,-0.394166,0.006838,0.720984,0.290649,-0.35929,0.465023,0.594673,-0.441454,-0.037233,-0.505276,-0.154069,-0.559133,0.213393,0.271952,-0.467863,0.723033,-0.403998,-0.349798,-0.46442,-0.211375,-0.457938,0.363142,-0.20713,0.333439,-0.559133,-0.154069,-0.878125,-0.293602,-0.319445,-0.156406,-0.593474,-0.403998,0.298209,0.111656,-0.28097,-0.488915,0.302292,-0.575305,-0.217538,-0.28097,0.451115,-0.403998,-0.403998,-0.474749,-0.457938,-0.24797,0.213393,-0.651045,-0.346599,-0.20713,-0.335064,-0.488915,0.43225,-0.293602,-0.126748,-0.293602,-0.441454,0.220179,-0.331061,0.47644,0.10825,-0.403998,0.723162,-0.212266,0.1719,0.205793,0.038815,-0.216448,0.654106,-0.008625,0.285425,-0.35929,0.174736,-0.390844,0.294168,0.020345,0.63161,0.006838,0.093942,-0.312533,-0.20713,-0.076279,0.11548,0.106549,0.517748,0.309686,0.032117,-0.051145,0.048729,0.312728,0.066846,0.021611,-0.478049,-0.288741,0.46459,-0.20713,0.31047,-0.220872,0.285951,-0.12646,-0.604523,0.214664,-0.20713,-0.270147,-0.203412,#
9,0.496181,0.0,0.11644,0.192321,0.756447,0.432259,0.649491,0.256312,0.43257,1.0,-0.24708,0.282217,0.229292,0.270128,-0.166623,0.355603,0.116737,0.428425,0.592626,0.123178,0.523296,-0.080809,0.276937,0.001452,-0.249935,-0.186621,-0.611643,0.473843,-0.072824,0.592626,-0.101782,0.315209,-0.166623,0.122616,-0.400335,0.033546,-0.249685,-0.097099,0.458238,-0.249454,0.600251,0.683496,0.278993,0.034249,-0.166623,0.111937,-0.327156,-0.32048,-0.052959,-0.193299,0.304328,-0.726738,-0.166623,-0.193565,0.473163,0.397812,-0.19008,0.352048,-0.497226,-0.323215,0.327235,0.49987,0.213062,-0.486009,0.044673,0.387893,0.476636,0.451168,0.488061,-0.155585,-0.746252,0.095302,0.0,-0.696619,0.065854,-0.358896,-0.696619,-0.407865,-0.762696,-0.237852,-0.015887,-0.997805,-0.237852,-0.147797,-0.744704,-0.11723,0.091624,-0.400089,-0.121945,-0.237852,0.065854,-0.611648,-0.611648,0.578704,-0.499474,-0.038872,0.449522,0.578704,0.091624,-0.499474,0.265597,0.1738,-0.400089,-0.4996,-0.267258,0.084336,-0.76254,-0.407865,0.084336,-0.434352,0.084336,-0.166623,0.065854,-0.499474,-0.152213,-0.395902,0.055715,-0.674244,-0.249327,-0.76254,0.084336,-0.499474,-0.696619,-0.181925,0.204816,-0.237852,-0.166623,0.171335,-0.293179,-0.611589,0.1738,-0.166623,-0.762696,-0.40794,-0.611589,0.328002,-0.166623,-0.166623,-0.460906,-0.395902,0.077292,-0.407865,-0.407865,0.210233,-0.674244,-0.382842,0.1738,0.99974,-0.696619,-0.242105,-0.696619,-0.400089,-0.121945,-0.327242,-0.044299,0.355133,-0.166623,0.612213,-0.143325,0.077292,-0.407928,-0.038872,-0.11723,0.355133,-0.233582,0.577353,-0.499474,-0.0,-0.015887,0.064972,-0.327247,0.435438,0.449522,-0.395902,0.090715,-0.674244,-0.249935,0.200971,0.202571,0.267603,0.661539,0.454218,-0.033262,0.199541,0.290407,-0.555827,0.478122,-0.237852,-0.142786,0.178176,-0.674244,-0.258943,0.373585,0.610108,-0.242862,-0.249327,0.383979,-0.674244,-0.609583,-0.249935,#
10,0.492879,0.0,-0.402117,0.253565,0.297472,0.339473,-0.164763,-0.316528,0.339717,-0.24708,1.0,0.139797,0.289268,-0.25128,-0.164763,-0.106485,-0.320165,-0.490484,0.048831,-0.320782,0.583854,0.381539,-0.131131,0.574017,-0.247144,-0.228247,0.379238,-0.493441,0.326405,-0.403336,-0.605086,-0.125123,-0.164763,-0.403456,-0.395865,0.501204,-0.246898,-0.135824,-0.493563,0.315499,-0.403192,-0.164763,-0.471942,-0.302312,-0.164763,-0.122895,0.297472,0.38183,0.250347,0.300165,0.193948,0.403583,0.77139,0.422002,0.063064,-0.11913,-0.750185,0.031507,0.553617,0.054997,-0.448601,0.494288,0.436886,-0.480583,-0.527292,-0.032082,-0.24374,0.008682,-0.063944,0.652372,-0.258029,0.384804,0.0,0.227294,-0.486071,0.18178,0.227294,0.633774,0.367741,0.367741,-0.494021,0.29103,-0.269714,-0.603237,0.247144,-0.605021,-0.403585,0.29103,0.441983,-0.116725,-0.721266,-0.152791,-0.152791,-0.402662,-0.052641,-0.493145,-0.492616,-0.402662,-0.403585,0.086703,-0.060031,0.317779,0.29103,-0.047522,-0.751984,-0.403373,0.358471,0.633774,-0.403373,-0.42086,0.194512,-0.164763,-0.721266,-0.052641,0.001612,-0.431091,0.247144,0.535558,0.252497,0.358471,-0.403373,-0.052641,0.227294,0.458982,-0.40296,-0.269714,-0.164763,0.273757,0.202208,0.431972,-0.42086,-0.164763,-0.269714,0.619281,0.431972,0.516139,-0.164763,-0.164763,0.407452,-0.431091,0.044521,0.633774,0.044521,-0.250047,0.535558,-0.255356,-0.42086,-0.247144,0.227294,0.358471,0.227294,0.29103,-0.010045,-0.323588,0.10716,-0.139,-0.164763,-0.403585,-0.603869,0.044521,0.05102,-0.493145,-0.605021,0.007601,-0.111462,0.224187,0.086703,0.231603,-0.494021,-0.402662,0.755049,0.037281,-0.492616,0.300398,0.241949,0.535558,-0.247144,-0.281517,-0.282451,0.521698,-0.08941,0.116505,0.529198,0.312374,-0.232409,0.375537,-0.454243,-0.116725,-0.054876,0.796905,0.535558,0.987629,0.018887,-0.369099,0.36056,-0.246543,0.025636,0.535558,0.460946,0.286463,#
11,-0.233958,0.0,0.317691,-0.239048,0.384032,0.608867,0.165388,0.109361,-0.103312,0.282217,0.139797,1.0,-0.318963,0.176587,-0.147508,0.750367,-0.630454,-0.284058,0.317538,0.12956,0.419801,-0.114918,0.129781,0.215488,-0.522983,0.348338,0.21809,0.219958,-0.035268,0.459578,-0.345374,-0.007989,-0.102809,-0.379446,0.036655,0.28961,-0.767616,0.123038,0.387711,-0.150198,-0.162498,0.210087,-0.315547,0.240699,0.210087,-0.061419,-0.357227,-0.365838,-0.07648,-0.219813,0.001658,-0.015055,0.210087,0.315892,0.355633,-0.078227,-0.199037,-0.382643,0.080769,-0.475653,0.348223,0.469345,0.07533,0.304615,0.064228,0.089723,0.310791,-0.173888,-0.233746,-0.128806,-0.417031,0.51154,0.0,-0.181908,0.06005,0.257224,-0.181908,-0.053145,-0.399573,-0.198349,-0.242805,-0.257471,-0.369136,-0.331038,-0.162981,-0.337681,-0.607674,-0.257471,-0.123379,-0.215259,-0.220702,-0.470481,-0.443659,-0.415113,-0.556144,0.190366,0.413344,-0.218149,-0.388692,0.448027,0.202481,-0.324862,-0.290208,-0.598129,-0.215075,-0.373818,-0.358154,0.132863,-0.158123,-0.289594,-0.186671,0.165388,-0.220702,-0.556144,0.579411,-0.301538,0.143898,-0.004841,-0.762083,-0.358154,-0.346856,0.072233,-0.181908,0.214558,-0.044068,-0.397882,-0.102809,0.111898,-0.074045,0.23204,-0.322903,-0.907399,-0.369136,0.349426,-0.246103,0.313516,0.165388,0.254787,-0.135279,-0.301538,0.320434,0.132863,0.134426,-0.094995,-0.004841,-0.05313,-0.322903,0.281607,-0.181908,-0.358154,-0.181908,-0.290208,-0.085513,-0.757903,-0.264425,-0.342381,-0.147508,-0.197083,-0.371887,0.347006,-0.546691,-0.302876,-0.31059,-0.139837,-0.25587,0.475989,0.26475,-0.235405,0.393039,-0.218149,0.266296,-0.161899,-0.235787,-0.336465,-0.193637,-0.004841,-0.757656,0.409876,0.379307,0.391119,0.241353,0.44864,0.463989,0.746796,0.026219,-0.219288,0.429931,-0.215259,0.311916,0.24142,-0.004841,0.126031,0.323394,0.488841,-0.185855,0.061452,0.346755,-0.004841,0.393435,0.147508,#
12,0.674865,0.0,-0.532579,0.279859,0.53654,0.131221,-0.218218,-0.419221,0.593691,0.229292,0.289268,-0.318963,1.0,0.386403,-0.218218,0.003925,0.066747,0.245171,-0.089032,-0.424855,0.262037,0.175916,0.200014,0.253998,0.218218,-0.495146,-0.358964,-0.246181,0.573919,-0.089032,0.071585,0.46588,-0.218218,0.356234,-0.524298,-0.155154,0.1962,-0.355529,-0.227728,-0.326697,0.328476,0.509175,-0.212464,0.051917,-0.218218,0.222906,0.53654,0.624353,0.500964,0.046825,0.431593,0.089086,0.509175,0.007604,0.211382,0.421354,-0.020583,0.558809,-0.189717,0.080628,-0.047619,0.218218,0.345748,-0.636501,-0.268759,0.534166,0.295917,0.618407,0.225199,0.544016,-0.506326,-0.254824,0.0,-0.493366,0.173441,0.218214,-0.493366,-0.076308,-0.035772,-0.035772,-0.223172,-0.209961,-0.531076,0.044825,0.159467,-0.360461,-0.089087,-0.209961,0.097563,-0.035772,-0.588007,-0.364577,-0.364577,0.328599,-0.22807,-0.259682,-0.264082,0.328599,-0.089087,-0.203007,0.447459,0.293339,-0.209961,-0.223172,-0.095657,-0.095493,-0.043657,-0.076308,-0.095493,-0.280585,0.369066,-0.218218,-0.588007,-0.22807,0.062615,-0.770456,0.159467,-0.341522,0.251701,-0.043657,-0.095493,-0.654135,-0.493366,0.03637,0.299049,-0.531076,-0.218218,0.255159,0.502847,-0.343271,-0.280585,0.509175,-0.531076,-0.082772,0.088996,0.759848,-0.218218,-0.218218,0.197012,-0.770456,-0.534159,-0.076308,-0.534159,0.298634,-0.341522,0.313437,-0.280585,0.218218,-0.493366,-0.043657,-0.493366,-0.209961,0.097563,0.047619,0.642082,0.044825,-0.218218,0.356348,0.053319,-0.534159,-0.095493,0.186236,-0.360461,0.519449,-0.027759,0.345894,-0.203007,0.044544,-0.6543,0.328599,0.047619,0.590283,0.176055,-0.202087,0.186927,-0.341522,0.218218,0.041428,-0.436436,0.016853,0.523012,0.201286,0.196461,-0.225359,-0.057491,0.339478,-0.234433,-0.035772,0.022093,0.498407,-0.341522,0.209934,0.074525,-0.103695,-0.043413,-0.326531,0.083961,-0.341522,-0.328728,-0.327327,#
13,0.073435,0.0,0.019401,-0.16053,0.364701,0.286494,0.162825,-0.268913,0.284975,0.270128,-0.25128,0.176587,0.386403,1.0,-0.651301,0.472066,-0.253962,0.417116,-0.077291,-0.240176,0.019621,0.281605,0.768432,-0.508234,0.295121,-0.318485,-0.43805,-0.086394,0.333071,0.440113,0.023938,0.732799,-0.040706,-0.047559,-0.274095,-0.258673,-0.365991,-0.572448,0.055316,-0.975072,0.481461,0.196747,-0.294697,0.686265,0.196747,0.195832,0.364701,0.378419,0.266022,-0.024495,0.189532,-0.274201,0.196747,-0.363846,0.025459,0.203359,0.259686,-0.032266,-0.534353,-0.040421,0.335317,0.081412,0.252119,0.080055,0.100268,0.724074,0.291056,0.296259,0.057597,-0.051487,-0.439485,-0.324821,0.0,-0.205123,0.645888,0.24423,-0.205123,-0.697493,-0.396781,0.126785,0.088464,-0.272993,-0.373682,0.05263,-0.195312,0.04523,-0.203574,-0.272993,0.142721,0.181964,-0.241863,-0.466718,-0.446363,0.31,-0.55097,-0.097371,0.076308,0.459474,0.315747,0.451856,0.86757,-0.330398,-0.297838,-0.585665,0.185522,-0.028645,-0.363163,-0.556334,0.482881,-0.303633,0.461216,0.162825,-0.241863,-0.55097,0.57622,-0.308646,0.603157,-0.222979,-0.30043,-0.363163,0.339653,-0.570839,-0.205123,-0.465699,0.491769,-0.395497,-0.040706,0.57225,0.067252,-0.435192,-0.328911,0.196747,-0.373682,-0.043514,0.048618,0.293608,0.162825,0.230669,-0.326762,-0.308646,-0.071173,-0.556334,-0.555148,0.312738,-0.222979,0.362583,-0.328911,0.269679,-0.205123,-0.363163,-0.205123,-0.297838,0.580943,-0.324224,0.0751,-0.02115,-0.651301,0.461157,0.023622,-0.051007,-0.571465,0.048196,0.065789,0.553104,0.152753,0.432091,-0.025012,-0.442461,0.068359,0.459474,-0.146572,0.539299,0.445771,-0.335152,-0.218349,-0.222979,0.11703,0.362917,0.340188,-0.009955,0.185,0.430785,0.063886,-0.143997,0.303951,-0.266191,0.060327,0.181964,-0.089893,-0.183211,-0.222979,-0.332869,0.000535,0.443513,-0.233498,-0.355948,0.014311,-0.222979,-0.311958,-0.315474,#
14,-0.333211,0.0,0.331437,-0.042749,-0.218161,-0.403708,-0.111111,0.602702,-0.403998,-0.166623,-0.164763,-0.147508,-0.218218,-0.651301,1.0,0.011991,0.593752,-0.330768,-0.271998,0.575853,-0.32698,-0.397233,-0.916579,0.399153,-0.166667,0.072183,0.294421,0.370637,-0.403549,-0.271998,0.28537,-0.507529,-0.111111,0.421455,0.487491,0.177751,0.699301,0.342997,0.342855,0.619177,-0.271901,-0.111111,0.202438,-0.10574,-0.111111,0.29656,-0.218161,-0.213709,-0.402615,0.034208,-0.054939,0.102061,-0.111111,0.110349,0.353401,0.282651,0.122903,0.284532,0.242803,-0.215533,0.218214,-0.333333,-0.432114,0.176777,-0.319305,-0.407976,-0.164371,0.085876,-0.333247,-0.293293,0.281791,0.12975,0.0,0.089413,0.109851,0.212116,0.089413,0.388544,0.20596,-0.508597,0.325405,0.148393,0.20596,0.277916,0.102564,0.265403,0.408248,0.148393,-0.407871,0.20596,0.109851,0.258841,0.258841,-0.271543,0.317756,0.348589,0.340115,-0.271543,-0.272166,-0.333069,-0.600655,0.165596,0.148393,0.325405,0.223475,0.398178,0.200063,0.388544,-0.272023,0.165596,-0.272023,-0.111111,0.109851,0.317756,-0.406494,0.154346,-0.987179,-0.040129,-0.166261,0.200063,-0.272023,0.317756,0.089413,0.269841,0.226185,0.20596,-0.111111,-0.947831,0.304346,0.252468,0.165596,-0.111111,0.20596,-0.272031,-0.407832,-0.165812,-0.111111,-0.111111,0.143929,0.154346,-0.271981,0.388544,0.388544,0.20796,-0.040129,0.170305,0.165596,-0.166667,0.089413,0.200063,0.089413,0.148393,-0.407871,0.509175,0.340115,-0.406805,1.0,-0.272166,0.285062,-0.271981,0.398178,0.348589,0.265403,-0.406805,0.212009,-0.285835,0.317756,0.204124,0.325405,-0.271543,-0.218221,-0.400423,-0.332205,0.154346,0.095178,-0.040129,-0.166667,-0.238525,-0.238095,-0.420465,-0.135665,-0.34071,-0.332543,0.159276,-0.522292,0.192953,0.340843,0.20596,0.489334,-0.223921,-0.040129,-0.172674,0.27146,-0.294166,0.198942,0.717002,0.278617,-0.040129,0.231144,-0.166667,#
15,-0.157888,0.0,0.483764,-0.310257,0.475333,0.536376,0.221835,0.286429,0.058844,0.355603,-0.106485,0.750367,0.003925,0.472066,0.011991,1.0,-0.207282,-0.205476,0.122497,0.302838,0.246709,0.034989,0.17165,0.112812,-0.184363,-0.042506,-0.119954,0.164376,0.108126,0.579742,-0.161037,0.166401,-0.497631,0.017128,-0.04713,0.230994,-0.348593,-0.217471,0.592284,-0.384723,0.162448,0.251813,-0.349555,0.479757,0.251813,0.219884,-0.021794,-0.032013,0.049925,0.043294,0.304233,-0.199177,0.251813,-0.058135,0.570988,0.201949,0.010642,-0.228108,-0.305846,-0.403732,0.741814,0.305773,0.183943,0.270268,-0.137838,0.467439,0.372518,0.283437,-0.168508,-0.169471,-0.5165,0.147027,0.0,-0.243995,0.493732,0.565751,-0.243995,-0.443427,-0.495124,-0.360172,0.169736,-0.345347,-0.474711,-0.148442,-0.244549,-0.146204,-0.466282,-0.345347,-0.037457,0.01633,-0.2908,-0.594024,-0.576036,-0.346997,-0.709807,0.128858,0.608837,0.124768,-0.319422,0.316893,0.578934,-0.408144,-0.367303,-0.745834,0.007189,0.020847,-0.461277,0.002097,0.165504,-0.384491,0.146358,0.221835,-0.2908,-0.709807,0.465353,-0.38103,-0.038741,-0.168901,-0.744631,-0.461277,-0.286547,-0.288385,-0.243995,-0.14582,0.378831,-0.493989,-0.497631,-0.062617,0.295605,-0.116321,-0.40683,-0.497631,-0.474711,0.15237,-0.436989,0.375784,0.221835,0.281791,-0.301478,-0.38103,0.127891,0.002097,0.003145,0.208322,-0.168901,0.222633,-0.40683,0.355237,-0.243995,-0.461277,-0.243995,-0.367303,0.02603,-0.643702,0.15429,-0.527698,0.011991,0.139517,-0.17909,0.145712,-0.458858,0.128858,-0.128036,-0.020213,-0.013728,0.582359,0.193978,-0.396523,0.596165,0.124768,0.02355,-0.044613,-0.153009,-0.404454,-0.259727,-0.168901,-0.746446,0.488041,0.467653,-0.047229,0.258656,0.296845,0.28973,0.714733,0.136176,-0.136329,0.615081,0.01633,0.297733,-0.004833,-0.168901,-0.173039,0.282565,0.598297,-0.002386,0.207185,0.294478,-0.168901,0.30192,-0.16188,#
16,0.160468,0.0,0.296592,0.124605,-0.042011,-0.418756,0.38384,0.603542,0.057491,0.116737,-0.320165,-0.630454,0.066747,-0.253962,0.593752,-0.207282,1.0,0.113469,-0.175616,0.485817,-0.255005,0.099168,-0.441148,-0.105768,0.2384,-0.545812,-0.280809,0.231019,-0.31472,-0.175616,0.162241,-0.111516,-0.21591,0.426617,0.031012,0.117533,0.8466,-0.236055,0.183308,0.249165,0.303819,-0.21591,0.371695,-0.009275,-0.21591,0.368766,0.07336,0.101237,-0.314612,0.351837,0.208324,-0.467348,-0.21591,-0.5262,0.196109,0.411382,-0.02345,0.498048,-0.22576,0.10055,0.178644,-0.28788,-0.088114,-0.264789,-0.435807,0.018351,-0.319404,0.429542,0.153912,-0.30607,0.086408,-0.27314,0.0,0.173747,0.213462,-0.119401,0.173747,-0.047188,0.01452,-0.120474,0.632324,-0.150896,0.40022,0.170449,-0.388914,0.515728,0.793303,0.288356,0.017147,0.40022,0.213462,0.143103,0.143103,0.321792,0.266161,-0.149879,0.207281,0.321792,0.297489,-0.647216,-0.216891,0.321784,0.288356,0.276851,0.039899,0.773735,0.006299,-0.047188,0.285363,-0.125138,0.285363,-0.21591,0.213462,0.266161,-0.789894,0.299924,-0.59479,-0.07798,0.272877,0.006299,0.285363,-0.172963,0.173747,-0.294948,0.355733,0.40022,-0.21591,-0.526915,0.024251,-0.311337,0.321784,0.533777,0.01452,-0.528607,-0.346979,-0.322205,-0.21591,-0.21591,-0.232361,0.299924,-0.171975,-0.047188,-0.047188,0.340738,-0.07798,-0.141706,0.321784,0.125947,0.173747,0.388759,0.173747,0.288356,0.017147,0.596795,0.298006,0.04109,0.593752,0.297489,0.180247,-0.171975,0.411978,0.309706,0.515728,0.04109,0.411974,-0.181403,-0.172963,0.148744,0.187983,-0.055742,-0.424046,0.077126,0.170991,0.299924,0.18495,-0.07798,0.2384,-0.4635,-0.051407,-0.446502,-0.263622,-0.303221,-0.646194,-0.245162,-0.11676,-0.178359,0.196554,0.40022,-0.125006,-0.43512,-0.07798,-0.335538,0.05483,-0.180768,0.386581,0.320553,0.063975,-0.07798,-0.325251,-0.323865,#
17,0.160883,0.0,-0.018802,0.381781,0.152026,-0.434311,0.215956,0.078928,0.434206,0.428425,-0.490484,-0.284058,0.245171,0.417116,-0.330768,-0.205476,0.113469,1.0,0.348491,0.124359,0.066853,-0.08307,0.391975,-0.285472,0.528955,-0.212874,-0.349616,0.14024,0.082508,0.348491,0.45911,0.185669,0.379973,0.436936,-0.045832,-0.164722,-0.004096,-0.049225,-0.282792,-0.495197,0.345714,0.352637,-0.011621,0.279225,0.352637,-0.257526,-0.196125,0.168171,-0.32937,-0.148353,0.088194,-0.512239,-0.330768,-0.200187,-0.272159,0.041305,0.340556,0.422012,-0.151395,-0.16817,-0.263062,-0.254227,-0.426426,-0.172517,0.269339,0.361342,0.52167,0.025353,0.56505,-0.40709,-0.265216,-0.651206,0.0,-0.401621,0.247529,-0.613558,-0.401621,-0.387146,-0.177971,0.173628,0.142389,-0.459183,0.173628,0.01972,-0.30974,-0.038301,0.378322,-0.058767,-0.065997,-0.265871,0.247529,-0.377651,0.03242,0.792973,-0.174907,0.234317,0.120261,0.775765,0.79682,-0.174907,0.163573,0.433051,-0.559288,0.239602,0.25291,-0.067798,-0.62469,-0.403397,0.344419,0.025643,0.344419,-0.330768,0.247529,-0.174907,0.007648,-0.044856,0.22647,-0.613105,0.048318,-0.62469,0.360908,-0.575206,-0.401621,-0.431716,0.212878,-0.265871,0.379973,0.14667,-0.252799,-0.385582,-0.076209,0.352637,-0.177971,-0.809811,-0.385582,-0.030039,-0.330768,-0.330768,-0.601651,-0.044856,-0.48465,-0.403397,-0.809662,-0.079881,-0.613105,0.036603,-0.076209,0.426444,-0.401621,-0.276045,-0.401621,-0.559288,0.360477,0.263067,0.202965,0.356638,-0.330768,0.78008,0.457865,-0.078385,0.014646,0.217559,0.37589,0.777785,0.187775,-0.110385,-0.174907,0.130571,-0.262667,0.43161,-0.649626,0.738575,0.550322,-0.044856,-0.427517,-0.613105,0.549457,0.188146,0.105439,0.264102,0.291492,0.121442,-0.615801,-0.62053,0.116785,-0.312718,0.095426,-0.265871,-0.049193,-0.253415,-0.613105,-0.514034,-0.080574,0.315655,-0.730365,-0.494945,0.339796,-0.613105,-0.817908,-0.496152,#
18,0.395102,0.0,0.191104,0.341116,0.333367,0.183274,0.381843,0.26585,0.615652,0.592626,0.048831,0.317538,-0.089032,-0.077291,-0.271998,0.122497,-0.175616,0.348491,1.0,0.295189,0.752138,0.096664,0.30818,0.327327,0.101999,0.060723,-0.173191,-0.035788,0.199804,0.551219,-0.182806,-0.380855,-0.271998,0.166511,-0.351618,0.431646,-0.407589,0.174254,-0.048421,0.150747,0.14133,0.407997,-0.095906,-0.36463,0.407997,-0.703738,-0.534054,-0.191303,-0.172215,0.080081,0.38682,-0.450841,-0.271998,0.075326,-0.036745,-0.433496,-0.328851,-0.123902,0.035766,-0.155822,-0.150664,0.407997,-0.0,-0.342591,0.20615,0.217669,0.603567,-0.1388,0.813125,-0.099527,-0.430008,-0.155758,0.0,-0.404993,-0.50832,-0.593435,-0.404993,-0.221325,-0.326891,0.093595,-0.024985,-0.583205,0.093595,-0.626105,-0.427914,-0.602522,-0.265862,-0.104337,0.250538,-0.824548,0.230889,-0.549818,-0.141793,0.12454,-0.377396,-0.029425,0.356906,0.552587,0.150548,-0.417046,0.101894,0.376715,-0.60236,0.030638,-0.399776,-0.271522,-0.76798,0.182913,0.138638,-0.110515,0.138638,-0.271998,0.230889,-0.377396,-0.214627,-0.093324,0.213353,-0.33438,0.088298,-0.76798,-0.271522,-0.377396,-0.404993,-0.1969,-0.530938,-0.34371,-0.271998,0.119266,-0.312478,-0.149938,-0.130004,-0.271998,-0.326891,-0.227627,-0.554038,0.055351,-0.271998,-0.271998,-0.587019,-0.093324,0.167365,0.182913,-0.221325,-0.660196,-0.33438,-0.645022,-0.130004,0.59238,-0.404993,-0.351026,-0.404993,-0.60236,-0.198104,-0.534193,-0.038725,0.237586,-0.271998,0.566958,-0.199379,0.571603,0.195244,-0.029425,-0.190398,0.195871,-0.380263,0.133134,-0.417046,0.17297,-0.024985,0.141004,-0.071912,0.14877,-0.054551,-0.093324,-0.431106,-0.33438,-0.407997,0.340765,0.332899,0.600689,0.40768,-0.035013,-0.003627,0.359671,0.504592,-0.166343,0.370271,-0.824548,-0.247837,0.346812,-0.33438,0.110321,-0.208387,0.56565,-0.350686,-0.407004,0.206322,-0.33438,-0.148963,0.121614,#
19,-0.291819,0.0,0.780487,0.127775,-0.036702,-0.414402,0.393043,0.962527,0.069491,0.123178,-0.320782,0.12956,-0.424855,-0.240176,0.575853,0.302838,0.485817,0.124359,0.295189,1.0,0.078378,-0.048537,-0.42309,0.206891,0.246794,-0.190793,0.169543,0.22456,-0.308702,0.295189,0.157018,-0.609938,-0.216326,0.421902,0.356315,0.622276,0.293118,0.083866,0.176846,0.236183,-0.145045,-0.216326,-0.200636,0.204902,0.545385,-0.160534,-0.424744,-0.044345,-0.783864,0.356542,0.213172,-0.477642,-0.216326,-0.139513,0.189564,-0.056683,-0.027197,0.080252,0.211411,-0.419627,0.175524,-0.283356,-0.538482,0.231064,-0.308957,0.029833,0.158883,-0.056516,0.165518,-0.72182,-0.06379,-0.281079,0.0,0.174082,0.213873,-0.127134,0.174082,-0.0586,0.009106,-0.10846,0.633542,-0.157385,0.400991,-0.303842,-0.397964,0.055072,0.328381,0.288912,0.028606,-0.088866,0.213873,-0.318757,0.1383,-0.145087,-0.18445,0.305114,0.66218,0.334399,0.309723,-0.202297,-0.203899,0.322404,-0.26896,0.272368,0.034411,0.315777,-0.484828,0.394216,0.297399,-0.131686,0.297399,-0.216326,0.213873,-0.18445,-0.32697,0.300502,-0.577259,-0.07813,-0.323699,-0.484828,-0.16205,-0.18445,0.174082,-0.307078,0.14241,-0.088866,-0.216326,-0.721919,0.016294,0.129408,-0.245208,-0.216326,0.009106,-0.529625,-0.794022,-0.322825,-0.216326,-0.216326,-0.688529,0.300502,-0.167275,0.394216,-0.0586,-0.211364,-0.07813,-0.148648,-0.245208,0.132538,0.174082,-0.096234,0.174082,-0.26896,0.028606,0.093747,0.293459,-0.416499,0.575853,0.309723,0.175321,0.28554,0.407666,0.305114,0.516722,0.052904,0.412767,-0.176475,0.261716,0.145532,0.633542,-0.04919,-0.424862,-0.048898,-0.278059,0.300502,-0.560394,-0.07813,-0.324489,0.036174,0.443968,0.028471,-0.26413,-0.298742,-0.647439,0.274877,-0.135996,-0.186511,0.634022,-0.088866,0.264433,-0.435958,-0.07813,-0.336184,0.048265,0.289773,-0.097589,0.306033,0.512129,-0.07813,0.10032,-0.324489,#
20,0.686301,0.0,-0.039192,0.432718,0.722932,0.459231,0.377718,0.099704,0.764166,0.523296,0.583854,0.419801,0.262037,0.019621,-0.32698,0.246709,-0.255005,0.066853,0.752138,0.078378,1.0,0.323368,0.201296,0.539449,-0.131074,-0.301115,-0.05249,-0.187231,0.312779,0.304279,-0.524227,-0.130435,-0.32698,-0.108408,-0.572868,0.656869,-0.48998,-0.131248,-0.203036,0.067286,0.02048,0.321342,-0.410203,-0.202755,0.152215,-0.372829,-0.155865,0.151967,-0.023404,0.2411,0.494261,-0.299486,0.405906,0.218653,0.244713,-0.109028,-0.734673,0.123226,0.217775,-0.263239,-0.2159,0.693423,0.326434,-0.636076,-0.325177,0.3519,0.369041,0.145966,0.536295,0.240579,-0.769332,0.138249,0.0,-0.287756,-0.406222,-0.252147,-0.287756,0.104484,-0.209642,0.243551,-0.278713,-0.492314,-0.255494,-0.844629,-0.381187,-0.773597,-0.369396,0.023802,0.423445,-0.544471,-0.435729,-0.75257,-0.465033,0.004593,-0.543111,-0.33422,0.08488,0.306239,-0.075951,-0.244944,0.210706,0.493496,-0.327157,-0.254144,-0.801124,-0.375453,-0.525728,0.389352,-0.086412,-0.60989,0.381654,-0.32698,-0.435729,-0.543111,-0.082095,-0.534484,0.309959,-0.067192,0.005009,-0.525728,-0.375453,-0.543111,-0.287756,0.057181,-0.343611,-0.563665,-0.32698,0.293941,-0.075005,-0.010839,-0.441849,-0.32698,-0.708686,0.091756,-0.29561,0.548377,-0.32698,-0.32698,-0.319991,-0.534484,0.062099,0.389352,-0.356824,-0.397214,-0.067192,-0.56998,-0.441849,0.524295,-0.287756,-0.076343,-0.287756,-0.327157,-0.024276,-0.642176,0.128022,0.049456,-0.32698,0.321064,-0.543416,0.346967,-0.061409,-0.33422,-0.483172,0.363152,-0.225896,0.490457,-0.244944,0.217495,-0.278713,-0.137359,0.298949,0.370233,-0.205075,0.038177,-0.140737,-0.067192,-0.49047,0.102006,0.152215,0.7937,0.357936,0.274906,0.268316,0.483059,0.164395,-0.07465,0.121932,-0.544471,-0.150252,0.718037,-0.067192,0.576985,0.083529,0.340989,-0.075144,-0.489277,0.383481,-0.067192,0.006875,0.038054,#
