0,1.0,0.529773,-0.804172,-0.022618,-0.00228,-0.008574,0.167092,-0.347879,-0.057594,0.529773,-0.119481,-0.380689,-0.119186,0.211478,0.11998,-0.051339,-0.532979,-0.299554,0.417631,-0.415046,0.171063,-0.024404,0.382038,-0.076728,0.56432,-0.407057,-0.629171,0.145128,0.12029,0.363307,-0.333382,-0.494263,0.273964,-0.407072,0.498667,0.130599,0.215416,-0.207904,0.329312,0.0,-0.271442,0.457633,-0.255597,0.256538,0.368751,0.285096,0.278468,0.259329,0.187249,-0.138751,-0.00228,-0.206731,0.059233,0.106914,0.233689,0.108309,0.320556,0.112728,-0.595032,0.195616,0.392631,0.052202,0.093364,0.576904,-0.533291,-0.283207,-0.339602,-0.032218,-0.239699,-0.086631,0.215416,0.584126,0.130599,-0.37909,-0.225813,0.131783,-0.374049,0.273131,0.006,0.273509,0.006,-0.164711,-0.156514,-0.278004,-0.003315,-0.164711,-0.283865,0.069057,-0.164711,-0.368503,-0.35711,-0.35711,-0.003315,-0.364587,-0.064118,-0.164711,-0.540125,-0.086524,-0.120693,-0.53282,0.399124,0.14589,-0.213123,-0.438692,-0.615877,-0.438692,0.179287,0.012839,0.059233,-0.049396,0.515644,0.368751,-0.164711,-0.213123,-0.374049,0.233821,0.101183,-0.54442,0.191752,0.468519,-0.05482,-0.271442,-0.172579,0.235653,-0.238982,-0.142381,-0.009464,-0.065727,-0.334404,-0.121992,-0.438692,-0.172579,-0.349301,0.428866,-0.599363,-0.53283,-0.407163,0.0,0.523194,-0.164711,-0.121992,-0.173944,0.145521,-0.581604,0.005992,0.405807,-0.271442,-0.049972,0.058404,-0.406955,-0.341998,-0.04559,-0.53282,-0.407163,-0.083043,-0.121992,0.482226,0.032621,-0.120693,0.072982,-0.3775,0.050998,-0.271442,-0.04559,-0.04559,0.226153,0.365202,0.191945,-0.063704,-0.664564,0.255603,0.408005,0.376226,-0.003315,0.609872,-0.599363,-0.121992,-0.230345,-0.00388,-0.349301,0.145839,0.373994,-0.417057,0.417993,0.142018,-0.075306,0.158257,-0.361968,-0.014938,0.700522,-0.349301,0.172047,0.518487,-0.044907,-0.233403,0.664936,0.593893,-0.04559,0.006291,0.166223,#
1,0.529773,1.0,-0.226255,0.23359,-0.209267,-0.219502,0.529728,-0.188727,-0.056035,0.508328,-0.043626,-0.632598,-0.059186,0.304652,0.068849,-0.043626,0.433758,0.089036,0.66368,-0.187769,0.331307,0.207567,0.186413,-0.488412,0.081785,-0.19758,-0.686036,0.076273,0.053749,-0.043112,-0.186792,-0.090056,0.35349,-0.219355,0.187899,0.345398,-0.115712,-0.521562,0.34602,0.0,0.230265,0.614432,-0.420914,0.523163,0.201837,0.14591,0.341111,-0.370768,0.206892,0.209997,0.207003,-0.0615,0.324521,0.029466,0.435537,0.023064,0.491708,-0.411594,-0.512007,-0.276433,0.20017,0.280916,0.258016,0.121457,-0.212455,-0.486575,-0.494621,-0.290227,-0.382086,-0.280704,-0.115712,0.038216,-0.208944,-0.654244,-0.793823,0.042126,-0.232605,-0.110823,0.198543,0.341559,0.198543,-0.118753,-0.110823,-0.396955,-0.232605,-0.118753,-0.383719,0.010845,-0.118753,-0.242888,-0.467199,-0.467199,-0.232605,-0.283935,0.182012,-0.118753,-0.110823,-0.36962,0.161077,-0.068464,0.236503,0.345222,0.081515,-0.259859,-0.583829,-0.259859,0.074435,-0.294035,-0.245369,-0.283048,0.019408,0.201837,-0.118753,0.081515,-0.232605,-0.119794,0.52679,-0.549296,-0.041794,-0.03036,-0.058645,-0.508857,-0.553686,-0.091849,-0.4705,-0.390289,0.192874,-0.426417,-0.408702,-0.068464,-0.259859,-0.553686,-0.460807,0.215589,-0.38145,-0.533495,-0.208944,0.0,0.563604,-0.118753,-0.068464,-0.137336,0.055035,-0.392407,-0.242888,0.156555,-0.508857,0.363069,0.00128,-0.224668,0.010845,-0.715217,-0.068464,-0.763286,0.088145,-0.068464,0.21613,-0.013325,0.161077,0.324077,-0.339848,0.215195,-0.508857,-0.715217,-0.715217,0.300277,0.43375,-0.12173,-0.515507,-0.812545,-0.114722,0.797685,-0.059806,-0.232605,0.499843,-0.38145,-0.086707,-0.372649,0.166963,-0.460807,0.021502,0.406809,0.300241,0.168653,0.037735,-0.360673,0.046185,0.002166,-0.224108,0.377307,-0.478908,0.499602,0.009855,-0.081184,-0.347644,0.343627,0.503542,-0.715217,-0.444096,0.529215,#
2,-0.804172,-0.226255,1.0,0.211512,-0.26058,-0.169624,0.042793,0.279622,-0.217881,-0.705529,0.2719,0.233651,-0.026149,-0.31057,-0.437986,0.236051,0.633787,0.208802,-0.221933,0.19518,0.029599,0.208717,-0.598731,0.192072,-0.402188,0.556638,0.337957,-0.33185,-0.155252,-0.659279,0.326738,0.359157,-0.043529,0.417697,-0.664457,0.036024,-0.306542,0.069384,0.012197,0.0,0.224151,-0.407654,0.151305,-0.337365,-0.336226,-0.085703,-0.404102,-0.456264,0.204303,-0.017564,-0.146795,0.260657,-0.072012,-0.310435,-0.318749,-0.241328,0.294026,-0.162962,0.363532,-0.325524,-0.520659,0.039799,0.345672,-0.568232,0.662844,0.232805,-0.042886,0.050359,0.329684,0.013117,-0.306542,-0.386176,-0.484326,0.154273,0.026145,-0.1441,0.569215,0.054177,0.157039,-0.040877,0.157039,0.38432,0.389962,0.028932,0.167437,-0.052238,0.366721,0.201976,0.38432,0.655425,0.183879,0.183879,0.167437,0.307786,0.494982,-0.052238,0.805695,-0.033098,0.494982,0.616269,-0.007023,-0.075441,0.359256,0.570782,0.367529,0.570782,0.028932,0.080274,0.010287,-0.139495,-0.712902,-0.336226,0.38432,0.359256,0.569215,-0.004547,0.005365,0.374484,-0.383573,-0.097353,0.239371,0.357574,-0.039368,-0.396817,0.032657,-0.033098,0.153881,-0.175229,0.215208,0.152909,0.140489,-0.039368,0.187692,-0.246441,0.476801,0.600107,0.536361,0.0,-0.537895,0.38432,0.152909,0.469489,0.067177,0.432247,0.249572,-0.030742,0.330889,0.272118,0.197995,0.418354,0.647452,-0.160026,0.598138,0.516347,0.477713,0.152909,-0.619521,-0.190397,0.494982,-0.084057,0.549851,0.157039,0.330889,-0.160026,-0.160026,-0.500647,-0.282247,0.031614,0.248062,0.350028,-0.352952,0.039839,-0.160132,0.167437,-0.387702,0.476801,0.23853,0.030542,-0.278551,0.187692,-0.404971,-0.293601,0.469146,-0.319029,-0.378594,-0.030288,-0.491761,0.17182,-0.132317,-0.412021,0.272643,0.032223,-0.601743,-0.019461,0.133823,-0.480033,-0.361777,-0.160026,-0.108737,-0.055559,#
3,-0.022618,0.23359,0.211512,1.0,-0.193474,-0.199742,0.009644,0.285944,-0.653963,-0.223052,0.234101,-0.199742,0.006225,-0.335945,0.042939,-0.227007,0.250302,0.245705,0.177114,-0.570153,0.456578,-0.120632,-0.608582,-0.181785,-0.029317,0.51129,-0.134572,-0.061612,-0.223052,-0.242892,0.326904,-0.122576,-0.403459,0.005539,-0.189071,0.015255,0.34956,0.104895,0.372048,0.0,0.353401,-0.071021,-0.300355,0.269252,0.327977,-0.112225,-0.087621,-0.113149,-0.061785,0.023607,-0.193474,0.266552,0.029949,0.15179,0.369719,-0.603041,0.266946,0.190202,-0.383863,-0.292812,-0.513806,-0.003075,0.57501,0.247699,0.263827,-0.203877,0.006955,0.327872,-0.121753,0.031978,0.34956,0.39304,-0.022882,0.180823,-0.021797,0.221771,0.194174,-0.011112,-0.202097,-0.406881,-0.202097,0.001333,0.400225,0.394656,0.194174,-0.41461,0.008891,0.639445,0.001333,0.183983,-0.221645,-0.221645,0.194174,-0.341595,0.001322,-0.41461,0.400225,-0.496945,0.488129,0.235904,0.49701,0.490625,-0.007113,0.20087,-0.398612,-0.186328,0.378441,0.057599,-0.499338,-0.170739,-0.235759,0.327977,0.001333,-0.007113,0.194174,0.025002,-0.002261,0.384759,-0.137895,0.192647,-0.230045,0.327977,0.378966,0.002189,0.261531,-0.016311,-0.591777,-0.41781,-0.260806,-0.213254,-0.596303,0.378966,0.20073,0.115411,-0.013008,0.219122,0.015255,0.0,-0.362816,0.001333,0.210951,-0.006608,0.356895,0.142681,0.183983,-0.018574,-0.333062,0.47066,0.210581,0.000545,0.215005,-0.182249,-0.213254,-0.003814,0.468415,-0.213254,-0.580614,0.015557,0.488129,0.015255,0.277458,-0.202097,-0.333062,-0.182249,-0.182249,-0.434681,0.218629,0.427803,0.194738,-0.002718,0.369836,0.531093,0.24347,0.194174,-0.009975,-0.013008,-0.653775,-0.00459,-0.612605,0.20073,-0.421328,0.204757,0.528611,-0.322799,-0.004707,-0.013008,-0.412858,-0.659669,0.206613,0.015719,-0.236344,-0.406642,0.177959,0.05594,0.149007,0.02035,0.395868,-0.182249,-0.611924,0.009341,#
4,-0.00228,-0.209267,-0.26058,-0.193474,1.0,-0.181092,-0.393469,-0.265678,0.243222,0.240971,0.18643,0.197191,0.01913,-0.575955,0.385246,0.220729,-0.21688,0.236939,0.277043,0.159514,-0.454791,-0.435213,0.216007,0.268894,0.414791,-0.02167,-0.092621,0.074105,0.207003,0.2538,-0.370044,-0.112218,0.003601,-0.001768,-0.120276,0.00781,-0.054158,-0.036606,-0.391908,0.0,0.343624,-0.450431,0.212928,0.422865,-0.333211,0.457899,-0.423035,0.228358,-0.0184,0.510046,-0.205782,-0.40883,0.496217,0.809947,0.371794,0.195205,-0.384517,-0.216607,0.40274,0.276981,-0.005955,-0.499645,-0.469861,0.166628,-0.455352,-0.4099,0.792087,-0.214252,-0.082414,-0.076776,-0.054158,-0.072175,0.00781,0.193652,-0.003188,-0.184046,-0.207859,-0.01303,-0.221188,-0.020398,-0.221188,-0.02457,-0.01303,0.032098,0.169019,-0.00819,0.383243,-0.227911,-0.02457,-0.594432,0.203985,0.203985,0.169019,0.343198,-0.008345,-0.00819,-0.402999,0.484326,-0.506786,0.222478,-0.016747,-0.006691,-0.413283,-0.198764,0.401313,0.182439,-0.814631,0.471803,-0.025647,0.604446,0.21034,-0.333211,-0.02457,-0.413283,-0.207859,0.359132,0.025765,0.01454,-0.106289,-0.223024,-0.654082,0.317592,0.002885,-0.019102,-0.18149,-0.007794,0.188964,0.535394,0.221408,0.197911,0.198585,0.002885,0.217812,-0.134391,0.006492,0.205943,-0.499817,0.0,-0.208947,-0.02457,-0.219726,-0.395174,-0.809413,-0.039382,-0.21373,-0.10094,-0.333211,-0.073334,-0.238854,-0.006691,-0.227911,0.153676,-0.219726,-0.011714,-0.470476,0.197911,0.1018,0.355648,-0.506786,0.495912,-0.09066,-0.20594,-0.333211,0.153676,0.153676,0.453519,0.197911,0.079421,-0.228363,0.405024,0.003595,-0.045873,0.186742,0.169019,-0.411285,0.006492,-0.236432,0.400336,0.633784,0.217812,0.026745,0.209539,-0.028135,0.332357,0.026044,0.501182,0.831973,0.23903,0.17696,-0.378118,-0.213132,0.009916,0.213583,-0.064423,-0.297366,-0.038142,-0.400509,0.153676,0.363225,0.012753,#
5,-0.008574,-0.219502,-0.169624,-0.199742,-0.181092,1.0,0.410066,0.401649,0.236294,-0.219502,-0.203161,0.624602,0.420824,0.486225,-0.376294,-0.203161,-0.203604,0.135214,-0.14586,-0.230484,0.018997,-0.549212,0.206612,-0.288159,-0.000903,0.014152,0.55356,0.503439,-0.185794,0.647551,-0.466851,-0.377084,-0.390974,0.013377,0.261372,0.50763,0.481368,0.035984,-0.062544,0.0,-0.333253,0.464188,-0.176064,0.050656,0.312586,-0.00307,0.609846,-0.236141,-0.654688,0.016244,-0.181092,0.269041,-0.499625,-0.003889,-0.324875,-0.009092,-0.27422,0.661954,-0.433582,-0.251207,-0.002594,0.003868,0.081374,0.188053,-0.018982,0.198779,-0.319188,0.088365,-0.020963,-0.557608,0.481368,0.061859,0.003875,-0.184602,0.006328,0.200995,-0.587142,-0.014205,-0.582398,-0.393549,-0.582398,-0.800568,-0.41668,0.383431,-0.587142,-0.377933,-0.392967,-0.245784,-0.800568,-0.211833,-0.625456,-0.625456,-0.587142,-0.323122,-0.508292,-0.377933,-0.41668,-0.472897,-0.527317,-0.654151,0.006421,-0.499625,-0.392967,-0.204102,-0.377933,-0.582398,0.383431,-0.495068,0.018259,0.23647,0.222109,0.312586,-0.800568,-0.392967,-0.587142,-0.431689,-0.072612,-0.002255,0.327063,0.128484,-0.206382,-0.333253,-0.005726,0.335319,-0.172089,-0.491681,-0.179597,0.173085,-0.709047,-0.197766,-0.165827,-0.005726,-0.214603,0.189757,-0.489917,-0.206382,0.50763,0.0,0.222991,-0.800568,0.216685,0.388389,0.363778,-0.351477,-0.211833,-0.474716,0.33842,0.090625,-0.659737,0.018259,-0.660466,-0.153711,-0.197766,0.003875,-0.035029,-0.197766,-0.065959,0.145963,-0.527317,-0.49988,-0.504921,-0.18897,0.33842,-0.153711,-0.153711,0.022364,-0.654151,-0.082616,-0.214783,0.017905,0.407102,-0.45428,-0.265206,-0.587142,0.004911,-0.489917,-0.197766,0.432308,-0.165529,-0.214603,0.4396,-0.639148,0.076573,0.371258,0.824925,0.001,0.033741,0.242128,-0.182726,0.371915,-0.214603,0.020623,0.217924,0.101932,-0.305637,-0.041706,0.401626,-0.153711,-0.355421,-0.009492,#
6,0.167092,0.529728,0.042793,0.009644,-0.393469,0.410066,1.0,0.190288,0.350707,0.068383,-0.068362,0.022451,-0.150287,0.338115,-0.660294,0.362348,0.36212,0.537995,0.061489,-0.400552,-0.164715,-0.250798,0.397195,-0.528671,0.175229,0.122616,-0.198917,0.243457,0.103189,0.362286,-0.469569,-0.494724,-0.171632,-0.408027,0.349144,0.632182,0.255755,-0.514516,0.610492,0.0,-0.272078,0.477373,-0.307788,0.045996,0.39478,0.170014,0.477566,-0.457004,-0.318184,0.40851,-0.002875,0.276455,-0.407909,-0.117083,0.203842,-0.175357,0.350931,0.095703,-0.597336,-0.383616,-0.115194,0.611048,0.459115,0.141027,0.135769,-0.029846,-0.651248,0.055234,-0.304253,-0.610077,0.255755,0.129983,-0.408118,-0.815823,-0.666453,0.503115,-0.429428,-0.190675,-0.424981,-0.182465,-0.424981,-0.602367,-0.606249,0.12967,-0.815603,-0.602367,-0.666,-0.39614,-0.602367,-0.042589,-0.823368,-0.823368,-0.815603,-0.470821,-0.143977,-0.602367,-0.206659,-0.640023,-0.163621,-0.106129,-0.088922,-0.407909,-0.269572,-0.034373,-0.602367,-0.424981,0.12967,-0.404189,-0.407909,0.010903,-0.377627,0.39478,-0.602367,-0.269572,-0.429428,-0.625567,0.538746,-0.609932,-0.07193,-0.02828,-0.114206,-0.272078,-0.606185,-0.249064,-0.394988,-0.659417,-0.009486,-0.030231,-0.73755,-0.534069,-0.424981,-0.606185,-0.827605,-0.015805,-0.661485,-0.53408,0.112032,0.0,0.178713,-0.602367,-0.106129,0.624288,0.091106,-0.567591,-0.432682,-0.181376,-0.272078,0.705046,-0.394637,-0.407909,-0.39614,-0.707343,-0.106129,-0.408118,0.269622,-0.534069,-0.195456,0.367667,-0.163621,-0.408118,-0.55619,-0.018749,-0.272078,-0.707343,-0.707343,0.213592,-0.534069,-0.225965,-0.534351,-0.666123,0.212222,0.402803,-0.133086,-0.815603,0.548745,-0.661485,-0.106129,0.152242,-0.031482,-0.827605,0.548745,-0.556239,0.135866,0.391416,0.550127,-0.641989,-0.267242,0.059961,-0.394204,0.243947,-0.403013,0.565959,0.048658,0.30755,-0.451745,0.064414,0.550127,-0.707343,-0.541669,0.574979,#
7,-0.347879,-0.188727,0.279622,0.285944,-0.265678,0.401649,0.190288,1.0,0.214211,-0.188727,-0.522241,0.401649,0.627065,0.138392,-0.14933,0.090142,0.212561,0.382656,-0.075101,-0.307525,-0.054934,0.025895,-0.383741,-0.602889,-0.496955,0.116648,0.305472,0.412243,-0.188727,0.216977,-0.222447,-0.119934,-0.164614,0.255939,0.30503,0.255997,0.514576,-0.02264,0.2695,0.0,0.170664,0.209791,0.505752,0.149024,-0.018963,-0.475378,0.491327,0.009756,-0.25324,-0.230676,-0.265678,0.923944,-0.572654,-0.322832,-0.084415,0.236423,-0.247145,0.540422,-0.307772,0.055429,-0.049728,-0.033852,0.575326,-0.215187,-0.125745,0.262916,-0.272336,0.693357,0.153876,-0.271406,0.514576,0.262878,0.255997,0.396739,0.301918,0.418027,0.285512,-0.176457,-0.265922,-0.170007,-0.265922,-0.281725,-0.176457,0.18208,-0.263551,-0.162405,-0.377971,-0.201256,-0.281725,0.282537,-0.185563,-0.185563,-0.263551,0.036924,-0.105148,-0.162405,0.391679,-0.089215,-0.244793,0.084466,-0.085949,0.255866,0.305028,0.171836,-0.281725,-0.383528,0.303019,-0.644396,-0.572653,-0.185612,-0.065443,-0.018963,-0.281725,0.305028,0.285512,-0.183784,0.188416,0.506416,0.553243,-0.218781,0.215613,-0.018963,0.396653,0.520384,0.394303,-0.227089,-0.275032,-0.094813,-0.33345,-0.39513,-0.265922,0.396653,-0.072441,0.415216,-0.097016,0.208589,0.255997,0.0,-0.111641,-0.281725,0.213313,0.274761,0.316857,0.062007,-0.272096,-0.19182,0.170665,0.249096,-0.314406,0.255866,-0.201256,0.15105,0.213313,0.113776,0.634714,-0.39513,-0.343774,0.265309,-0.244793,-0.597327,0.298451,0.400516,0.170665,0.15105,0.15105,-0.306208,-0.39513,0.386179,0.211038,0.300134,0.416089,-0.14619,0.202737,-0.263551,0.224734,-0.097016,-0.516818,0.322645,-0.282021,-0.072441,0.224734,-0.39899,0.300313,0.218647,0.330883,0.041578,-0.270324,-0.079472,-0.248896,-0.194891,-0.193179,-0.397268,-0.190953,0.440539,0.262273,0.254684,0.330883,0.15105,-0.146189,0.185796,#
8,-0.057594,-0.056035,-0.217881,-0.653963,0.243222,0.236294,0.350707,0.214211,1.0,0.434,-0.428362,0.236294,0.100635,0.250311,-0.055149,0.52396,0.029366,0.407669,-0.118829,0.151242,-0.794048,-0.074996,0.668436,-0.423913,-0.053132,-0.327163,0.004469,0.429695,0.434,0.559571,-0.591095,-0.136442,0.077841,-0.327175,0.615775,0.225249,0.143518,-0.292802,0.099758,0.0,-0.218165,0.135352,0.48859,0.00454,-0.218165,-0.015584,0.378463,0.146259,-0.306513,0.338173,0.209367,0.186737,-0.327081,-0.039048,0.217569,0.57518,-0.476346,-0.024512,0.073013,0.269992,0.340832,0.203623,-0.246936,-0.087271,-0.442283,0.192282,0.002584,0.164496,-0.056021,-0.313358,0.143518,-0.099979,0.225249,-0.207428,-0.083282,0.407476,-0.243798,-0.358327,-0.239079,0.066204,-0.239079,-0.379835,-0.799744,-0.063546,-0.653989,0.083693,-0.534031,-0.997039,-0.379835,-0.238764,-0.057033,-0.057033,-0.653989,0.21711,-0.240074,0.083693,-0.375304,0.311435,-0.782573,0.026311,-0.747743,-0.327081,-0.112949,-0.239079,0.083693,-0.239079,-0.533368,-0.324098,-0.327081,0.275198,-0.031247,-0.218165,-0.379835,-0.112949,-0.243798,-0.405461,0.36138,-0.336789,0.277557,-0.555712,0.017734,-0.218165,-0.341664,0.035111,-0.064173,-0.224184,0.202308,0.416497,-0.034504,-0.428242,0.217797,-0.341664,-0.500234,-0.14463,-0.215976,-0.42825,-0.327248,0.0,0.1957,-0.379835,-0.428242,0.074542,-0.529952,-0.202803,-0.653117,-0.272265,-0.218165,0.017426,-0.546717,-0.327081,-0.542234,0.038498,0.026311,-0.327248,-0.220031,-0.428242,0.256287,0.504588,-0.782573,-0.327248,-0.387843,0.192415,-0.218165,0.038498,0.038498,0.564122,-0.428242,-0.366169,-0.428468,-0.07689,0.112384,-0.263853,-0.002931,-0.653989,0.345069,-0.215976,0.026311,0.372279,0.670939,-0.500234,0.821817,-0.430607,-0.318039,0.511575,0.381784,-0.195267,0.377278,0.443672,-0.206375,-0.338059,-0.049238,0.345698,-0.023153,0.510678,-0.173948,0.174125,-0.082473,0.038498,0.38237,0.350479,#
9,0.529773,0.508328,-0.705529,-0.223052,0.240971,-0.219502,0.068383,-0.188727,0.434,1.0,-0.540106,-0.632598,-0.059186,0.304652,0.54474,-0.043626,-0.062248,0.089036,0.269629,0.179167,-0.126202,0.207567,0.640193,-0.488412,0.081785,-0.763088,-0.647813,0.076273,0.053749,0.433869,-0.186792,-0.090056,0.35349,-0.219355,0.650881,-0.208944,-0.115712,-0.521562,-0.023483,0.0,0.230265,0.395121,0.068151,0.494966,0.201837,-0.221812,0.367672,0.421472,0.045077,0.209997,0.207003,-0.0615,0.324521,0.222068,0.462957,0.486033,-0.275527,-0.411594,-0.06707,0.472541,0.736285,0.259635,-0.337123,0.024827,-0.609852,-0.486575,0.031916,-0.19336,-0.593273,0.168094,-0.115712,0.038216,0.345398,-0.206013,-0.341205,0.024082,-0.232605,-0.527662,0.198543,0.341559,0.198543,-0.118753,-0.527662,-0.344578,-0.232605,0.346323,-0.383719,-0.435816,-0.118753,-0.64982,0.027818,0.027818,-0.232605,-0.199275,-0.330281,0.346323,-0.527662,0.1994,-0.351216,-0.068464,-0.325451,0.345222,0.081515,-0.259859,-0.118753,-0.259859,-0.344578,-0.294035,-0.245369,-0.230047,0.518472,0.201837,-0.118753,0.081515,-0.232605,-0.119794,0.52679,-0.497691,0.464933,-0.491307,-0.058645,-0.508857,-0.092937,0.323227,0.065377,0.178731,0.192874,0.189519,0.023846,-0.068464,0.198543,-0.092937,-0.405442,0.215589,-0.317896,-0.533495,-0.763286,0.0,0.563604,-0.118753,-0.068464,-0.558352,-0.38022,-0.392407,-0.64982,0.156555,-0.508857,-0.057849,0.00128,-0.224668,-0.435816,-0.022639,-0.068464,-0.763286,-0.332362,-0.068464,0.742288,0.383393,-0.351216,0.324077,-0.339848,0.215195,-0.508857,-0.022639,-0.022639,0.792456,0.43375,-0.12173,-0.515507,-0.353779,-0.086368,0.164547,-0.059806,-0.232605,0.499843,-0.317896,-0.086707,-0.344261,0.638495,-0.405442,0.499843,0.406809,-0.29294,0.168653,0.066848,-0.297118,0.517094,0.058488,-0.224108,-0.067792,-0.423543,0.05034,0.040359,-0.0509,0.093629,0.343627,0.066848,-0.022639,0.119453,0.529215,#
10,-0.119481,-0.043626,0.2719,0.234101,0.18643,-0.203161,-0.068362,-0.522241,-0.428362,-0.540106,1.0,0.213974,-0.344559,-0.4631,-0.17402,0.035153,0.072489,-0.083873,0.119808,-0.208742,0.023312,-0.401845,-0.2306,0.586555,0.335689,0.770989,0.214363,-0.042349,0.415398,-0.427781,0.141299,0.116418,-0.373377,-0.327173,-0.645019,0.232517,0.007789,0.494294,0.022688,0.0,-0.218164,-0.439747,-0.517371,-0.222744,-0.218164,0.719467,-0.579132,-0.496977,-0.080981,0.31681,0.220729,-0.676117,0.19551,0.301036,0.216171,-0.688574,0.316296,-0.048939,0.067393,-0.654489,-0.801944,-0.28449,-0.095044,0.45305,0.407457,0.141046,0.316231,-0.216695,0.361217,-0.214143,0.007789,-0.110941,-0.327246,-0.218956,-0.094925,-0.013455,-0.213953,0.506515,-0.233619,-0.370229,-0.233619,0.077267,0.506515,0.347439,0.201632,-0.374294,0.344307,0.402673,0.077267,0.202295,-0.063871,-0.063871,0.201632,0.173276,0.301179,-0.374294,0.076493,-0.232044,0.301179,0.059381,0.308907,-0.327079,-0.534027,-0.208892,0.077267,0.211463,-0.110253,0.74201,0.19551,0.602303,-0.540771,-0.218164,0.077267,-0.534027,-0.213953,0.09396,-0.531387,0.068143,-0.947269,0.458069,-0.428248,0.499481,-0.353514,-0.792273,-0.468525,-0.232044,-0.228788,-0.255482,0.061117,0.032291,-0.233619,-0.353514,0.39113,-0.646345,0.289533,0.050182,0.232517,0.0,-0.403689,0.077267,-0.428239,0.085026,-0.090438,0.355946,0.622097,-0.279074,-0.218164,0.055145,-0.056209,-0.327079,0.402673,-0.320086,-0.428239,0.210987,-0.27818,0.032291,-0.581981,-0.387655,0.301179,0.210988,-0.144403,-0.653974,-0.218164,-0.320086,-0.320086,-0.351,0.032291,-0.293854,0.041343,-0.088691,0.078404,0.278213,0.068641,0.201632,-0.532016,0.289533,0.032291,0.338256,-0.205794,0.39113,-0.532016,0.059051,0.280447,-0.200813,-0.077112,0.289533,-0.075213,-0.077652,0.642618,0.128382,0.39113,0.385955,0.414172,0.039049,-0.535848,-0.325569,-0.077112,-0.320086,-0.155883,-0.53439,#
11,-0.380689,-0.632598,0.233651,-0.199742,0.197191,0.624602,0.022451,0.401649,0.236294,-0.632598,0.213974,1.0,0.420824,-0.13396,-0.376294,0.213974,-0.203604,0.135214,-0.14586,-0.230484,-0.36478,-0.549212,-0.174647,0.166523,0.014142,0.488523,0.753956,0.503439,0.227302,0.246799,-0.466851,-0.162099,-0.390974,0.013377,-0.126996,0.50763,0.481368,0.447235,-0.062544,0.0,-0.333253,-0.192837,0.251276,-0.195727,-0.333253,0.336093,0.029615,-0.236141,-0.4325,0.016244,-0.181092,0.144068,-0.499625,0.033509,-0.253,-0.009092,-0.27422,0.661954,-0.0448,-0.251207,-0.453029,-0.461023,0.081374,0.188053,-0.018982,0.512971,0.122493,0.342288,0.569545,-0.557608,0.481368,0.061859,0.003875,0.207058,0.401822,0.248295,-0.191138,0.395555,-0.582398,-0.393549,-0.582398,-0.394188,-0.00692,0.406314,-0.191138,-0.377933,0.013551,-0.221391,-0.394188,0.188188,-0.192914,-0.192914,-0.191138,0.342651,-0.0047,-0.377933,-0.00692,0.024308,-0.49934,-0.21532,0.006421,-0.499625,-0.392967,-0.181849,0.028447,-0.181849,-0.005583,0.044614,0.018259,0.653281,-0.189742,-0.333253,-0.394188,-0.392967,-0.191138,-0.018984,-0.422186,0.403575,-0.091113,0.229177,-0.206382,0.312586,0.016641,-0.003192,-0.172089,-0.464058,-0.179597,0.173085,-0.2411,-0.197766,-0.165827,0.016641,0.220795,-0.118147,0.009885,0.224178,0.50763,0.0,-0.31253,-0.394188,-0.197766,0.411382,0.030996,0.160507,0.188188,-0.474716,0.33842,-0.056493,-0.635511,0.018259,-0.221391,0.148873,-0.197766,0.488255,0.02621,-0.197766,-0.495062,0.007303,-0.49934,-0.49988,-0.072379,-0.18897,0.33842,0.148873,0.148873,-0.353941,-0.654151,0.017403,0.208018,0.418771,0.431877,-0.45428,0.180269,-0.191138,-0.360813,0.009885,-0.197766,0.829193,-0.139778,0.220795,0.073876,-0.611585,0.111127,0.41286,0.468784,0.500802,0.059458,0.242128,0.209727,0.008919,0.220795,0.046793,0.244578,0.393014,-0.3699,-0.041706,0.045484,0.148873,0.137004,-0.404986,#
12,-0.119186,-0.059186,-0.026149,0.006225,0.01913,0.420824,-0.150287,0.627065,0.100635,-0.059186,-0.344559,0.420824,1.0,0.365913,0.323527,-0.344559,0.094708,-0.164496,0.456048,-0.025741,0.249337,0.063266,-0.388835,-0.429222,-0.554784,-0.091629,0.418746,0.657449,-0.059186,0.111468,-0.354762,0.249152,0.18824,0.408173,0.088652,0.408267,0.307752,0.234696,-0.272133,0.0,0.272177,0.478792,0.325551,0.482829,-0.408267,-0.173026,0.552627,-0.227555,-0.131945,-0.367881,0.01913,0.405531,-0.087442,-0.153666,-0.176697,0.523627,-0.350552,0.380916,-0.245775,-0.132598,0.16325,-0.630864,0.113964,-0.096071,-0.512189,0.143445,-0.143483,0.213999,0.396619,-0.432839,0.307752,-0.057161,0.408265,0.403477,0.25001,-0.053166,0.004634,0.158294,0.018754,0.182532,0.018754,-0.237866,0.158294,-0.178409,0.004634,0.190292,-0.16656,-0.092521,-0.237866,-0.00468,-0.070895,-0.070895,0.004634,0.405278,0.094318,0.190292,0.158294,0.116407,-0.406775,-0.364738,0.139284,0.408057,0.261736,-0.403254,-0.237866,-0.403254,0.255558,-0.606504,-0.087441,0.029271,0.377761,-0.408267,-0.237866,0.261736,0.004634,0.149768,-0.152587,0.570094,0.507969,-0.068961,0.105846,-0.408267,0.174376,0.631774,-0.094717,-0.378331,0.009486,-0.340218,-0.257893,0.097607,0.018754,0.174376,0.351693,0.481965,0.10532,0.080642,0.408267,0.0,0.417506,-0.237866,0.097607,-0.261629,0.310542,0.211262,-0.00468,-0.305933,0.272178,-0.320336,-0.5156,0.408057,-0.092521,0.063824,0.097607,-0.102067,0.116123,0.097607,0.025832,-0.253223,-0.406775,-0.102068,0.096208,0.417321,0.272178,0.063824,0.063824,-0.220892,0.097607,0.147534,0.08909,0.244019,0.214046,-0.23314,0.062581,0.004634,-0.115598,0.10532,-0.33905,0.28225,0.032563,0.351693,-0.115598,0.121969,0.458717,0.324347,0.289456,0.602642,0.27637,0.362951,0.01654,0.174827,-0.081551,-0.143383,-0.039308,0.144982,-0.108336,0.406172,0.289456,0.063824,0.023058,-0.166675,#
13,0.211478,0.304652,-0.31057,-0.335945,-0.575955,0.486225,0.338115,0.138392,0.250311,0.304652,-0.4631,-0.13396,0.365913,1.0,0.088779,-0.468613,0.088044,-0.318479,0.036839,0.163449,0.322298,0.274049,0.307376,-0.546849,-0.469266,-0.495034,0.164431,0.376894,-0.065516,0.243643,-0.065446,0.214287,0.182192,-0.02536,0.44699,0.160046,0.034745,-0.05775,-0.094488,0.0,-0.256074,0.864744,-0.196594,0.048846,0.170716,-0.393995,0.846621,-0.212262,-0.264292,-0.308498,0.464964,0.150306,-0.228521,-0.499223,-0.253318,0.336074,-0.173928,0.103169,-0.363639,-0.184635,0.513166,0.237169,-0.136085,-0.094855,-0.14686,0.211087,-0.612939,-0.145427,-0.06829,-0.178935,0.034745,-0.233072,0.320092,-0.301957,-0.156812,0.017712,-0.337291,-0.203086,0.189698,0.194328,0.189698,-0.371491,-0.356528,-0.211706,-0.460867,0.326733,-0.607422,-0.272422,-0.371491,-0.073429,-0.252489,-0.252489,-0.460867,-0.193095,-0.312451,0.326733,-0.228659,-0.290235,-0.186732,-0.66376,-0.269574,-0.021938,0.217896,-0.373513,-0.371491,-0.498507,0.495998,-0.776678,0.133456,-0.33971,0.350611,0.170716,-0.371491,0.217896,-0.337291,-0.480303,0.036301,-0.193688,0.442148,-0.131418,0.392014,-0.896258,-0.209883,0.333949,-0.122534,-0.166109,0.058032,-0.342854,-0.324694,-0.046721,0.189698,-0.209883,-0.234974,0.194752,-0.144958,-0.616474,0.320092,0.0,0.821019,-0.371491,0.09022,-0.109398,0.496372,-0.122646,-0.198259,-0.239839,0.213395,-0.298141,-0.289774,-0.021938,-0.272422,-0.219951,0.09022,-0.512147,-0.174016,-0.046721,0.471931,-0.281,-0.186732,-0.224065,-0.443046,0.214696,0.213395,-0.219951,-0.219951,0.16519,-0.046721,-0.452757,-0.307339,-0.441507,-0.034381,-0.266359,-0.471013,-0.460867,0.343532,-0.144958,0.227161,-0.263913,0.056157,-0.234974,0.343532,-0.04918,-0.009134,-0.00275,0.359747,-0.269732,-0.045886,0.339849,-0.179812,0.450628,0.036765,0.204074,-0.065171,-0.001749,-0.016988,0.173701,0.359747,-0.219951,-0.200668,0.052271,#
14,0.11998,0.068849,-0.437986,0.042939,0.385246,-0.376294,-0.660294,-0.14933,-0.055149,0.54474,-0.17402,-0.376294,0.323527,0.088779,1.0,-0.529452,-0.067157,-0.335172,0.338932,0.32992,0.212147,0.2675,-0.044571,-0.136528,-0.326254,-0.40437,-0.092918,0.14765,0.068849,-0.067065,0.241765,0.518717,0.224946,0.121923,0.099,-0.404475,-0.119465,0.231422,-0.505285,0.0,0.445749,0.086075,0.11232,0.477399,-0.26965,-0.268156,0.069019,0.313331,0.05628,-0.119011,0.385246,-0.257485,0.548062,0.237087,0.312341,0.361442,-0.537598,-0.28846,0.249857,0.239142,0.390561,-0.444927,-0.555122,0.012087,-0.509897,-0.228005,0.49772,-0.161551,-0.041511,0.346081,-0.119465,-0.191875,0.668623,0.468884,0.215675,-0.287903,0.044615,-0.204833,0.376756,0.224152,0.376756,0.21257,0.223843,-0.202977,0.363296,0.662718,0.092369,0.066719,0.21257,-0.364141,0.524789,0.524789,0.363296,0.298143,-0.122055,0.662718,-0.105908,0.407183,-0.122055,-0.070214,-0.126324,0.668282,0.215529,-0.389271,0.21257,-0.066933,-0.202977,-0.04292,-0.003536,-0.06452,0.539194,-0.26965,0.21257,0.215529,0.044615,0.235024,-0.186591,0.335233,0.273318,-0.352631,-0.052381,-0.26965,0.323225,0.35993,0.214333,0.407183,-0.058327,-0.190773,0.424952,0.282932,0.376756,0.323225,0.538353,0.053783,0.420903,-0.078877,-0.404475,0.0,0.351812,0.21257,-0.070214,-0.98878,-0.181071,0.392808,-0.042228,-0.098959,-0.26965,-0.582071,0.056149,0.116684,0.066719,0.291343,-0.070214,-0.404476,-0.492064,0.282932,0.454948,-0.212865,-0.122055,0.544804,0.07924,0.054418,-0.26965,0.291343,0.291343,0.249184,0.769027,-0.095026,-0.061244,0.203234,-0.080641,-0.119196,-0.03353,0.363296,-0.209902,0.420903,-0.176157,-0.199314,0.400006,0.538353,-0.209902,0.773411,0.083619,-0.272598,-0.204403,0.420903,0.560539,0.077577,0.373192,-0.16879,0.082855,-0.317323,0.098568,-0.141374,0.236005,0.179924,-0.204403,0.291343,0.252217,-0.222415,#
15,-0.051339,-0.043626,0.236051,-0.227007,0.220729,-0.203161,0.362348,0.090142,0.52396,-0.043626,0.035153,0.213974,-0.344559,-0.468613,-0.529452,1.0,0.035388,0.504446,-0.111938,-0.208742,-0.794043,-0.068225,0.227618,0.081322,0.387847,0.199951,-0.305957,-0.042349,0.415398,0.090914,-0.459551,-0.421875,0.089408,-0.327173,0.164851,0.232517,0.072703,-0.324452,0.555711,0.0,-0.218164,-0.409328,0.489318,-0.269834,-0.218164,0.367985,-0.294415,0.109783,0.200925,0.31681,-0.233911,0.190415,-0.327079,-0.023937,0.216171,0.127406,0.260011,-0.048939,0.067393,0.241657,-0.178904,0.231262,0.321004,-0.016062,-0.081286,0.129409,-0.03141,0.351376,0.106954,-0.214143,0.072703,0.28097,-0.327246,-0.218956,-0.094925,0.442759,0.201632,0.1028,-0.233619,0.077612,-0.233619,0.077267,-0.344422,-0.075672,-0.213953,-0.374294,-0.082313,-0.509142,0.077267,0.211185,-0.063871,-0.063871,-0.213953,0.21602,0.333511,-0.374294,0.0856,0.310619,-0.216123,0.519912,-0.215731,-0.327079,-0.107408,0.211463,0.077267,0.211463,-0.533364,0.275588,-0.327079,0.268834,-0.522465,-0.218164,0.077267,-0.107408,0.201632,0.058292,0.373125,-0.348734,-0.218012,-0.046545,0.023602,0.499481,-0.353514,-0.373138,-0.093905,-0.232044,0.213576,0.390399,0.061117,-0.428239,-0.233619,-0.353514,-0.513049,-0.138028,-0.223876,0.050182,-0.327246,0.0,-0.427492,0.077267,-0.428239,0.545927,-0.529948,-0.236665,-0.208617,0.245195,-0.218164,0.436586,-0.056209,-0.327079,-0.048355,0.029587,0.032291,0.210987,0.336972,-0.428239,-0.255026,0.505986,-0.216123,-0.327246,0.095913,0.203551,-0.218164,0.029587,0.029587,0.085062,-0.428239,0.139592,0.041343,-0.088691,0.078404,0.278213,0.497644,-0.213953,0.356225,-0.223876,0.032291,0.338256,0.211975,-0.513049,0.356225,-0.431002,-0.318536,0.520337,-0.077112,-0.202896,-0.086644,-0.049216,-0.217927,-0.332594,-0.056121,0.356875,-0.059709,0.48011,-0.178807,0.180698,-0.077112,0.029587,0.381562,0.36212,#
16,-0.532979,0.433758,0.633787,0.250302,-0.21688,-0.203604,0.36212,0.212561,0.029366,-0.062248,0.072489,-0.203604,0.094708,0.088044,-0.067157,0.035388,1.0,0.406496,0.228979,0.232809,0.12971,0.24497,-0.23039,-0.423919,-0.533634,0.243326,-0.008783,-0.042822,-0.043877,-0.427788,0.141441,0.434973,0.072052,0.201058,-0.321201,0.231976,-0.317243,-0.286858,0.02255,0.0,0.499853,0.138014,-0.115121,0.242735,-0.218168,-0.153652,0.065401,-0.650271,0.009242,0.337893,0.220504,0.185004,0.226535,-0.1145,0.189526,-0.06738,0.150659,-0.505953,0.101089,-0.485958,-0.220804,0.21167,0.182161,-0.485678,0.330124,-0.150246,-0.153924,-0.216794,-0.090269,-0.2136,-0.317243,-0.563233,-0.327252,-0.242931,-0.5344,-0.066273,0.17761,-0.37924,0.187166,0.060825,0.187166,0.052613,0.051007,-0.110667,-0.238193,0.052613,-0.107194,-0.085426,0.052613,0.177417,-0.090115,-0.090115,-0.238193,0.132221,0.270128,0.052613,0.481254,-0.262214,0.270128,0.493297,-0.195025,0.195778,0.31965,0.187166,0.052613,0.187166,-0.110667,-0.324102,-0.327085,-0.221499,-0.540549,-0.218168,0.052613,0.31965,0.17761,-0.364417,0.412454,0.042901,-0.236243,-0.521413,0.023832,-0.218168,-0.37816,-0.335298,-0.218403,-0.262214,0.196996,-0.37466,-0.058412,0.032525,0.187166,-0.37816,-0.092882,-0.230687,0.258716,0.023832,0.231976,0.0,0.012823,0.052613,0.032525,0.059285,-0.090867,0.23726,-0.242605,-0.278567,-0.218168,0.40932,-0.082667,0.195778,0.375602,-0.655982,0.493297,-0.327252,0.198228,0.032525,-0.309041,-0.053461,0.270128,0.211264,0.069564,0.187166,-0.218168,-0.655982,-0.655982,0.037699,0.032525,-0.321406,-0.428473,-0.113226,-0.362519,0.365996,-0.426371,-0.238193,-0.125442,0.258716,0.032525,-0.103204,0.166601,-0.092882,-0.125442,-0.002004,0.740847,-0.247091,-0.105839,-0.266077,-0.132181,0.387202,-0.200929,-0.361878,-0.092882,0.32755,-0.534079,0.009392,-0.106894,-0.325575,-0.105839,-0.655982,-0.429077,0.344993,#
17,-0.299554,0.089036,0.208802,0.245705,0.236939,0.135214,0.537995,0.382656,0.407669,0.089036,-0.083873,0.135214,-0.164496,-0.318479,-0.335172,0.504446,0.406496,1.0,-0.111325,-0.258265,-0.508455,-0.474686,0.232737,-0.441328,0.168664,0.273586,-0.128635,0.076132,-0.008067,0.409562,-0.337105,-0.462915,-0.450339,-0.194626,0.192677,0.275891,0.264077,-0.501941,0.356816,0.0,0.256915,-0.17053,0.069544,0.254161,0.256915,0.020657,0.031685,-0.070847,-0.419471,0.759367,-0.314369,0.373759,-0.167577,0.411995,0.497109,-0.203247,-0.136711,-0.020801,-0.079222,-0.025033,-0.287344,0.402314,0.279646,-0.022748,0.111971,-0.276484,0.143256,0.213499,-0.461466,-0.321622,0.264077,0.087076,-0.293409,-0.238818,-0.389743,0.465127,-0.160713,-0.558571,-0.616027,-0.476905,-0.616027,-0.463338,-0.558571,0.45225,-0.600286,-0.555189,-0.300149,-0.433572,-0.463338,-0.251552,-0.418866,-0.418866,-0.600286,-0.292935,-0.308082,-0.555189,-0.103729,-0.294685,-0.308082,0.504304,-0.280021,-0.200091,-0.326692,0.299363,-0.077563,-0.145255,-0.422873,-0.11168,-0.752844,0.205584,-0.431927,0.256915,-0.463338,-0.326692,-0.160713,-0.48879,0.625773,-0.185492,-0.025353,-0.497509,-0.507775,0.256915,-0.094232,-0.172041,0.065533,-0.294685,-0.155939,0.423325,-0.371159,-0.498574,-0.235788,-0.094232,-0.518729,-0.16941,-0.407684,-0.00173,-0.293408,0.0,-0.431386,-0.463338,-0.011462,0.372508,-0.46763,-0.319387,-0.695584,-0.296953,-0.502152,0.833738,-0.333364,-0.200091,-0.433572,-0.35016,-0.011462,-0.183928,0.225892,-0.498574,-0.417598,0.83177,-0.308082,-0.183928,-0.195963,-0.171409,-0.502152,-0.35016,-0.35016,0.369861,-0.498574,0.053352,-0.489281,0.067249,0.256914,0.240796,-0.02148,-0.600286,0.131786,-0.407684,-0.498574,0.417801,0.200687,-0.518729,0.528563,-0.532793,0.25336,0.230938,0.428469,-0.407684,0.046966,-0.026696,-0.29899,-0.541733,-0.518729,0.043299,-0.055184,0.327042,-0.142926,-0.234474,0.042088,-0.35016,-0.378911,0.62931,#
18,0.417631,0.66368,-0.221933,0.177114,0.277043,-0.14586,0.061489,-0.075101,-0.118829,0.269629,0.119808,-0.14586,0.456048,0.036839,0.338932,-0.111938,0.228979,-0.111325,1.0,-0.177115,0.308562,0.030489,-0.163324,-0.238625,0.056511,-0.037467,-0.359003,0.384059,0.175807,-0.092699,-0.451584,0.049453,0.44642,0.048848,-0.081845,0.545827,0.015309,-0.131722,-0.011953,0.0,0.406197,0.437145,-0.135822,0.76469,-0.327214,0.443469,0.179019,-0.415796,0.269783,0.069292,0.070847,-0.165499,0.485737,0.265598,0.344272,0.267389,0.270687,-0.192363,-0.377886,-0.285841,0.072084,-0.511033,0.139186,0.22245,-0.585423,-0.426323,-0.133752,-0.229574,0.092204,-0.501607,0.015309,0.033179,-0.046543,-0.201855,-0.438756,-0.158525,-0.192948,0.321747,0.146566,0.427731,0.146566,-0.057192,0.287942,-0.46415,0.133757,-0.057192,-0.029592,0.098443,-0.057192,-0.286534,-0.280021,-0.280021,0.133757,0.262355,0.45359,-0.057192,-0.050111,0.014477,-0.128061,-0.171648,0.509768,0.500237,0.007891,-0.551275,-0.429927,-0.220821,-0.086353,-0.119429,-0.079748,0.13067,0.233636,-0.327214,-0.057192,0.007891,-0.192948,0.385746,0.143085,-0.061054,-0.028364,0.141173,-0.247395,-0.327214,-0.400137,0.121237,-0.639556,-0.559797,0.256096,-0.436285,-0.303902,0.190389,-0.220821,-0.400137,0.085364,0.356185,-0.141165,-0.180532,-0.046543,0.0,0.506154,-0.057192,-0.171648,-0.384421,-0.053571,-0.117027,0.043485,0.034873,-0.327214,0.00921,-0.270036,0.043499,0.098443,-0.459909,-0.171648,-0.490821,-0.024608,0.190389,0.112183,-0.226502,-0.128061,0.482359,-0.142949,0.278748,-0.327214,-0.459909,-0.459909,0.074195,0.592889,0.094579,-0.254838,-0.37118,0.004545,0.611676,0.223105,0.133757,0.055679,-0.141165,-0.280259,0.030119,0.266786,0.085364,-0.327687,0.603391,0.495931,0.447719,0.030888,0.436109,0.461878,0.217095,0.058965,0.393416,-0.381602,0.397553,0.161353,-0.062181,-0.565854,0.529635,0.404209,-0.459909,-0.123309,0.131281,#
19,-0.415046,-0.187769,0.19518,-0.570153,0.159514,-0.230484,-0.400552,-0.307525,0.151242,0.179167,-0.208742,-0.230484,-0.025741,0.163449,0.32992,-0.208742,0.232809,-0.258265,-0.177115,1.0,0.029787,0.44891,0.152458,0.217175,-0.395895,-0.496319,0.116686,-0.441275,-0.275135,-0.292992,0.352841,0.644994,0.462057,0.547918,-0.32499,-0.496448,-0.845838,-0.154019,-0.782761,0.0,0.351979,-0.125148,0.170329,-0.064533,-0.330965,-0.323945,-0.21843,0.053156,0.290652,-0.037356,0.143513,-0.266948,0.527699,-0.054605,-0.422897,0.426841,-0.289223,-0.681751,0.821873,0.265148,0.483348,-0.003933,-0.671559,-0.756457,0.122397,-0.164843,0.281881,-0.644083,-0.110777,0.467091,-0.845838,-0.840819,-0.082741,0.163364,-0.038605,-0.743983,0.233715,-0.354048,0.647831,0.465052,0.647831,0.44901,0.055181,-0.45734,0.233715,0.796097,0.448244,-0.153378,0.44901,-0.152028,0.625689,0.625689,0.233715,0.33757,0.083292,0.796097,0.055181,0.478586,0.083292,0.226865,-0.4263,0.001125,0.448244,0.247801,0.796097,0.647831,-0.356826,-0.047801,0.547952,-0.286115,0.207706,-0.330965,0.44901,0.448244,0.233715,0.067327,0.091602,-0.015589,0.103647,-0.546313,0.253137,-0.330965,-0.026927,0.020455,0.035194,0.478586,0.667068,0.239906,0.623223,0.708756,0.989938,-0.026927,0.207382,-0.150453,0.495315,0.253137,0.035461,0.0,0.194715,0.44901,0.270493,-0.345812,-0.334112,0.226797,-0.152028,0.084137,0.378246,-0.455142,0.270767,0.547952,0.285128,0.125526,0.708756,0.035461,-0.408969,0.708756,0.537027,-0.192118,0.083292,0.527968,0.187453,0.247801,0.378246,0.125526,0.125526,0.377372,0.226865,-0.343129,-0.185715,0.37263,-0.857288,-0.471869,-0.646814,0.233715,-0.431571,0.495315,0.708756,-0.464279,0.559487,0.207382,-0.074585,0.20874,-0.059588,-0.36649,-0.476133,-0.00384,0.348511,0.678527,-0.269644,-0.416119,0.207382,0.010431,-0.689893,-0.563736,0.301618,-0.493903,-0.823766,0.125526,0.354709,0.025736,#
20,0.171063,0.331307,0.029599,0.456578,-0.454791,0.018997,-0.164715,-0.054934,-0.794048,-0.126202,0.023312,-0.36478,0.249337,0.322298,0.212147,-0.794043,0.12971,-0.508455,0.308562,0.029787,1.0,0.277286,-0.498191,-0.015727,-0.271405,-0.080237,-0.00562,-0.195856,-0.566819,-0.383272,0.450121,0.274272,0.173339,0.466202,-0.350578,-0.090785,-0.201563,0.090874,-0.243693,0.0,0.31087,0.436948,-0.512074,0.261538,0.255849,-0.250089,0.158874,-0.277893,0.229815,-0.463029,-0.035837,-0.020974,0.345868,-0.154208,-0.329637,-0.209575,0.337079,-0.030801,-0.252681,-0.299682,0.086111,-0.1326,0.174022,-0.094808,0.210531,-0.263879,-0.334579,-0.319802,-0.077977,0.167443,-0.201563,-0.099966,-0.070152,0.064602,-0.114558,-0.500957,0.079094,0.142738,0.416219,0.183719,0.416219,0.167815,0.571341,-0.201091,0.397721,0.167815,0.212606,0.776492,0.167815,0.054053,-0.092227,-0.092227,0.397721,-0.276035,0.106542,0.167815,0.241647,-0.400054,0.592773,-0.334808,0.615019,0.466068,0.335744,0.037062,-0.282257,-0.027394,0.711274,-0.243169,0.345868,-0.532741,0.343234,0.255849,0.167815,0.335744,0.079094,0.199141,-0.157523,0.225211,0.11547,0.32898,0.159867,-0.404407,0.217035,0.296732,-0.048747,0.080011,-0.01362,-0.569471,-0.179934,0.504289,-0.027394,0.217035,0.334456,0.407617,0.088353,0.133376,0.445673,0.0,0.369089,0.167815,0.574906,-0.233197,0.710593,0.057521,0.375912,0.172375,0.31087,-0.144971,0.343234,0.466068,0.352554,-0.220404,0.151204,-0.070152,0.151559,0.504289,0.113065,-0.578143,0.592773,0.342508,0.172068,0.093936,0.31087,-0.220404,-0.220404,-0.336158,0.504289,0.187676,0.142279,-0.126834,-0.224363,0.16799,-0.296971,0.397721,-0.146773,0.088353,0.045278,-0.563077,-0.475077,0.334456,-0.609681,0.497712,0.427148,-0.4106,-0.187355,0.088353,-0.232897,-0.11949,-0.0477,0.524397,-0.120965,-0.237339,-0.145102,-0.593017,0.154116,-0.021274,0.263424,-0.220404,-0.501552,-0.148252,#
