0,1.0,-0.007573,0.440785,0.221709,0.178456,0.065685,-0.120282,-0.333219,0.39894,0.197381,0.084299,0.281919,-0.650343,0.039553,-0.497787,-0.384577,0.323121,0.410329,0.039731,-0.267023,-0.174231,-0.212924,-0.400553,0.239114,0.667274,-0.410127,-0.31832,-0.495641,0.597293,0.323121,-0.365958,-0.450308,-0.497266,0.151584,0.219068,0.233223,-0.005491,0.007558,-0.333219,0.022208,-0.418168,-0.224582,-0.475902,-0.431893,0.323121,0.024859,-0.197931,-0.090503,0.101814,0.55918,0.416423,-0.020525,0.216478,0.31004,-0.138478,-0.156735,0.381842,0.122283,-0.011645,0.508308,0.325138,0.239045,0.599747,-0.44035,-0.129328,-0.191118,-0.017221,-0.191118,0.043503,0.248182,-0.30982,-0.01256,0.0,-0.200877,-0.206125,0.335438,-0.200877,-0.575389,0.235639,0.193826,0.024624,0.207001,-0.493845,-0.216036,0.192745,-0.221084,-0.493845,0.012635,-0.379693,-0.003244,0.022705,-0.211546,-0.205823,0.426524,-0.006308,-0.392759,-0.11378,-0.006308,0.221009,-0.216623,0.132388,0.213544,-0.315975,0.192745,0.651415,-0.244147,0.492468,0.122754,-0.420384,-0.499573,-0.329438,0.0,0.22136,-0.200877,-0.003087,-0.333219,-0.493845,-0.002866,0.423008,-0.10646,0.411297,0.009346,-0.315975,0.000882,0.254202,0.027604,-0.231792,-0.439484,-0.081608,0.408713,0.349503,-0.19663,0.012653,0.307191,-0.157178,0.503898,0.323121,0.022705,0.017735,-0.315975,0.206653,-0.322141,0.38064,0.254202,0.235639,0.213086,0.484682,0.060413,0.307326,-0.020303,-0.211546,0.235639,0.196902,-0.379955,0.327624,-0.002491,-0.372018,0.432408,0.235639,0.651123,0.233892,0.323121,0.235639,0.211027,-0.231792,0.030661,-0.037281,-0.278372,0.027604,-0.007573,0.418339,-0.21986,0.207531,-0.315975,-0.377093,-0.315975,-0.008778,0.546501,0.233283,-0.116715,0.251842,-0.406025,-0.196345,0.010632,0.030661,-0.315975,0.635624,-0.475255,-0.002737,0.427407,-0.461938,-0.022967,-0.179678,0.34645,-0.585591,0.176082,0.000997,-0.475255,0.007569,-0.333219,#
1,-0.007573,1.0,-0.108589,0.00387,0.524379,0.472316,0.066922,-0.166667,0.428854,0.49968,0.483212,0.392143,0.263998,0.455076,-0.248979,-0.080164,0.666667,0.402467,-0.283582,0.183843,0.278303,0.233102,0.44723,-0.327078,0.225249,0.107189,0.214452,0.255653,0.01229,0.666667,-0.757087,-0.172613,-0.248719,-0.495565,0.015859,0.225531,0.086517,-0.998006,-0.166667,0.439874,-0.408148,0.196247,0.144572,-0.340915,-0.166667,0.493247,0.354385,0.292705,-0.164374,0.299697,0.282467,-0.451697,0.20342,0.365089,0.071428,0.416954,-0.618148,0.359545,0.271896,-0.078107,0.124805,0.227996,0.289957,0.278575,-0.533067,0.362693,-0.24994,0.362693,0.416789,0.150989,-0.693395,-0.386592,0.0,-0.499613,-0.49973,0.180003,-0.499613,-0.040145,-0.254,-0.499613,-0.13647,-0.762738,-0.418754,0.196284,-0.499604,-0.249897,-0.418754,-0.140991,0.019313,-0.249873,-0.41479,-0.762738,-0.254,-0.408034,-0.998065,-0.408046,-0.364662,-0.998065,-0.258092,-0.258092,-0.315863,-0.327161,-0.721021,-0.499604,-0.327154,0.229546,-0.383455,-0.35861,-0.611807,-0.249873,-0.308079,0.0,-0.762895,-0.499613,-0.13189,-0.166667,-0.418754,-0.895072,0.596807,-0.48369,-0.408034,-0.13647,-0.721021,-0.611749,0.0,0.07194,-0.254,-0.040004,0.039044,-0.407971,0.10656,-0.029371,-0.611807,0.274075,-0.624127,-0.249873,-0.166667,-0.41479,0.191869,-0.721021,-0.49973,-0.209801,0.041845,0.0,-0.254,-0.284751,-0.25,0.518258,-0.680182,-0.407971,-0.762738,-0.254,-0.5,0.064958,0.096136,-0.140991,0.178429,0.695055,-0.254,-0.327327,0.173658,-0.166667,-0.254,0.48187,-0.254,0.576468,-0.165672,-0.361157,0.07194,-0.25,0.088728,0.325972,-0.499604,-0.721021,0.34279,-0.721021,-0.408034,0.199004,0.458782,-0.932958,0.735914,-0.115271,-0.492827,0.35097,0.576468,-0.721021,-0.248024,-0.418754,-0.090348,0.609233,-0.624127,0.359139,0.458782,0.337479,0.256771,0.020809,0.559744,-0.418754,-0.583352,0.666667,#
2,0.440785,-0.108589,1.0,0.822008,-0.003559,0.106376,-0.459342,-0.407543,0.160487,0.017363,-0.215786,0.322173,-0.321407,-0.221406,-0.167144,-0.179732,-0.407543,0.074997,-0.511764,0.490794,-0.793944,-0.384804,-0.654174,0.535298,0.107068,-0.616002,-0.342154,-0.482885,0.029394,-0.407543,0.280127,0.087008,-0.608182,0.393039,-0.007781,-0.355561,0.21222,0.090712,-0.407543,-0.188703,-0.591718,0.059633,-0.456625,0.169115,0.262758,0.185103,-0.523074,-0.522355,-0.20083,0.534265,-0.045441,0.534496,0.533697,0.045592,-0.698631,-0.282331,-0.27721,-0.256603,-0.449774,-0.285231,0.406573,0.52219,0.670558,-0.357705,0.075496,-0.517778,-0.118418,-0.50049,-0.125063,0.198122,0.373471,0.515743,0.0,-0.001461,-0.030101,0.364265,-0.389631,-0.026202,0.778414,-0.001461,0.552103,0.333512,0.073638,0.515752,0.028269,0.300172,0.073638,0.16274,-0.255701,-0.12289,0.589549,-0.111037,0.344259,0.661361,0.084554,-0.548446,0.462273,0.084554,0.343095,0.32588,-0.412507,0.104666,0.355709,0.405188,0.569417,-0.074676,0.102889,0.482291,-0.305489,-0.142414,0.038658,0.0,0.351755,-0.016988,0.136564,0.235946,0.073638,0.126901,0.226897,0.133167,0.289393,0.56833,0.355709,0.15465,-0.488071,0.283929,0.281945,-0.249053,-0.397588,0.255024,0.382124,-0.03969,0.170536,0.273365,0.526901,0.454807,0.28957,0.589549,-0.498771,0.355709,0.424212,0.255876,-0.101553,-0.488071,0.778414,0.756701,0.414246,-0.351646,-0.285423,-0.200644,-0.093939,0.361625,0.386094,0.232939,0.355709,0.16274,-0.705926,0.111401,0.778414,0.533599,0.220485,0.262758,0.778414,-0.025648,0.281945,-0.21114,-0.234728,-0.295665,0.677417,-0.108589,-0.147022,-0.19178,0.012564,0.355709,-0.271847,0.355709,0.199017,0.60253,-0.02425,-0.015124,0.037744,-0.699106,-0.017864,0.14339,-0.21114,0.355709,-0.089377,0.053892,-0.260054,0.206709,0.203207,-0.64837,-0.462865,0.430709,-0.638493,-0.42448,-0.206579,0.053892,-0.380746,0.262758,#
3,0.221709,0.00387,0.822008,1.0,0.205619,-0.082428,-0.267301,-0.332854,0.001096,0.224958,-0.120595,0.61091,-0.175235,-0.375771,-0.072195,0.059702,-0.332854,-0.091905,-0.617697,0.618445,-0.64844,-0.253794,-0.381202,0.648488,-0.191664,-0.447479,-0.383174,-0.556512,0.221475,-0.332854,0.193092,0.312216,-0.496721,0.567176,0.185738,-0.653541,-0.001977,-0.001545,-0.332854,0.050912,-0.408468,0.206936,-0.071995,0.056875,0.338014,0.407289,-0.630254,-0.594413,0.086589,0.406649,-0.147225,0.409089,0.663674,-0.068879,-0.719875,0.02582,-0.331296,-0.377497,-0.512964,-0.386244,0.32364,0.208255,0.560966,-0.463035,-0.180381,-0.628124,-0.005994,-0.628124,-0.309792,0.109459,0.322458,0.336898,0.0,0.176494,-0.233357,0.284534,-0.182119,0.166653,0.63507,-0.182119,0.388842,0.197645,0.462526,0.629028,0.220215,0.171517,0.462526,0.002183,0.329345,-0.499026,0.480718,-0.230167,0.63507,0.408225,-0.016785,-0.382501,0.339862,-0.016785,0.219371,0.616988,-0.555061,0.233466,0.289481,0.582944,0.681028,0.214113,-0.002464,0.360869,-0.447721,-0.048079,-0.134978,0.0,0.211911,0.176494,-0.014664,0.286409,0.462526,-0.018814,-0.00594,0.300384,0.439352,0.794862,0.289481,-0.016687,-0.22985,0.433247,0.157293,-0.295621,-0.493232,0.022557,0.311047,-0.216897,-0.0051,0.548953,0.429331,0.526657,0.338014,0.480718,-0.568877,0.289481,0.601476,0.541206,0.047014,-0.22985,0.63507,0.593687,0.507021,-0.452868,-0.347647,-0.415955,-0.230167,0.233973,0.178038,0.383885,0.289481,0.404175,-0.731929,-0.071538,0.63507,0.224661,0.478138,0.338014,0.63507,-0.207777,0.157293,-0.451004,0.006687,-0.120212,0.811921,0.00387,-0.385016,-0.095678,-0.172741,0.289481,-0.030859,0.289481,-0.036712,0.343254,-0.2283,-0.132198,-0.271968,-0.845888,0.169399,0.381068,-0.451004,0.289481,-0.208885,-0.031521,-0.032493,-0.06195,0.117825,-0.524497,-0.650401,0.113202,-0.326535,-0.215632,-0.032114,-0.031521,-0.319962,0.338014,#
4,0.178456,0.524379,-0.003559,0.205619,1.0,0.488309,0.318024,0.322275,0.808238,0.197171,0.107422,0.73017,0.277488,0.458169,-0.497757,0.013966,0.349586,0.359436,0.060411,0.148728,0.282752,0.228013,0.446081,-0.22511,-0.201549,-0.393725,0.304702,0.037951,0.580424,0.349586,-0.499673,-0.013739,0.036311,-0.27769,-0.186593,0.216092,0.416007,-0.503708,-0.333199,0.03913,-0.00543,0.649604,-0.042643,-0.471436,0.322275,0.007582,0.150989,0.446241,0.207264,0.059765,0.342527,-0.636562,0.650161,-0.194893,-0.419024,0.311813,-0.371136,0.525978,0.45139,0.189429,-0.364039,0.223338,0.079525,-0.458986,-0.447996,0.249622,0.483296,0.249622,0.396726,0.276039,-0.33738,-0.585577,0.0,-0.619241,-0.222055,0.311038,-0.239658,-0.621576,-0.25806,-0.619241,-0.436179,-0.688872,-0.070513,0.212287,0.153011,0.180811,-0.070513,-0.443597,0.20951,-0.499544,-0.056523,-0.688872,0.166491,-0.42037,-0.555133,-0.43152,-0.442199,-0.555133,-0.268406,-0.268406,-0.417643,-0.241352,-0.420623,-0.230928,0.187223,-0.280861,-0.041021,-0.434859,-0.436498,-0.499544,-0.119143,0.0,-0.260567,-0.619241,0.372917,-0.333199,-0.070513,-0.558792,0.414742,-0.148289,0.370368,-0.039476,-0.420623,-0.833476,0.253868,0.379597,-0.25806,0.260902,0.00128,-0.425952,0.270183,0.172306,-0.436498,0.211088,-0.258587,-0.022228,0.322275,-0.056523,0.460978,-0.420623,0.166446,0.276757,-0.045648,0.253868,-0.25806,-0.333048,0.483412,0.442691,-0.399059,-0.425952,-0.688872,0.166491,0.180255,-0.427525,-0.393842,-0.050829,0.175231,0.453059,-0.25806,0.203826,0.452248,0.322275,-0.25806,0.600705,-0.25806,-0.033831,-0.459195,-0.603658,-0.02122,0.483412,-0.420823,0.442376,-0.230928,-0.420623,-0.438145,-0.420623,-0.42037,0.020016,0.169692,-0.660778,0.181725,-0.431934,-0.23696,0.363091,-0.033831,-0.420623,0.147941,-0.553223,-0.412948,-0.007261,-0.258587,0.466889,0.169692,0.261763,0.224809,0.573559,0.367976,-0.553223,-0.674613,0.349586,#
5,0.065685,0.472316,0.106376,-0.082428,0.488309,1.0,0.403052,0.286252,0.692941,-0.343283,0.32597,0.309345,0.190275,0.32798,-0.264665,-0.17319,0.314877,0.294498,0.060882,0.024097,0.195976,0.45194,-0.137682,-0.480867,0.143798,-0.24995,0.366158,0.599225,0.04855,0.314877,-0.311626,0.110821,-0.038834,-0.470549,-0.480753,0.600017,0.309926,-0.486801,-0.400753,-0.146781,-0.548307,0.130328,0.015726,-0.381903,-0.400753,0.128948,-0.03728,0.334572,-0.042347,0.05758,0.084091,-0.463753,0.124561,-0.235939,-0.122677,-0.442695,-0.398403,0.348059,0.186794,-0.163215,-0.323675,0.606234,0.136296,0.127008,-0.260768,0.065369,-0.075754,0.508342,0.267662,0.375459,-0.348114,-0.448426,0.0,-0.521681,0.325353,0.407234,-0.803486,-0.521063,-0.172318,-0.786909,-0.33426,-0.629236,-0.529491,0.446123,-0.396491,0.290537,-0.529491,-0.225002,-0.434533,-0.079701,0.014998,-0.629236,-0.190859,-0.255946,-0.513023,-0.578427,-0.373282,-0.513023,-0.498415,-0.645453,0.077373,-0.786664,-0.396276,-0.51386,-0.345779,-0.212456,0.02858,-0.534616,-0.337464,-0.24646,0.01799,0.0,-0.177592,-0.919524,0.219316,0.085876,-0.529491,-0.479937,0.326334,-0.001051,-0.152349,-0.351584,-0.396276,-0.348227,-0.19956,0.271828,-0.172318,0.295438,0.533108,-0.555551,0.331097,0.043383,0.074768,-0.216535,-0.20479,-0.100546,0.286252,0.014998,0.198568,-0.396276,-0.098804,-0.070941,-0.173513,-0.19956,-0.172318,-0.132964,-0.085876,0.295203,-0.376793,-0.555551,-0.191133,-0.042534,0.343503,-0.280945,-0.368207,-0.653816,-0.022192,0.366973,-0.172318,0.131177,0.342999,-0.400753,-0.172318,0.492484,-0.172318,0.292422,-0.790624,-0.599615,0.1493,-0.085876,-0.134976,0.316493,-0.379724,-0.396276,-0.351067,-0.396276,-0.255946,0.341792,0.466025,-0.606698,0.580662,0.092391,-0.11893,0.491336,0.292422,-0.396276,-0.071566,-0.50841,-0.3378,0.335313,-0.20479,0.402993,0.466025,0.66206,0.275944,0.046462,0.253349,-0.50841,-0.758594,0.314878,#
6,-0.120282,0.066922,-0.459342,-0.267301,0.318024,0.403052,1.0,0.386658,0.118885,-0.535031,0.469605,0.213197,0.182561,0.021252,0.338646,-0.024094,0.416401,0.157862,0.395821,-0.254695,0.708559,0.644782,0.0128,-0.324535,-0.149413,0.326661,0.321924,0.530481,0.318024,0.416401,-0.285358,0.449594,0.496313,-0.22361,-0.232074,0.30541,-0.341878,-0.060554,-0.327172,0.004486,0.009375,-0.15643,0.54094,-0.536654,-0.327172,-0.013243,-0.212654,0.23596,0.773488,-0.553869,-0.399906,-0.522166,-0.168883,-0.385396,0.407894,-0.328075,0.2809,-0.122493,0.107083,-0.116156,-0.408699,-0.158983,-0.422131,-0.107563,-0.17667,-0.206162,0.055099,0.254107,-0.086506,0.414722,-0.395021,-0.57392,0.0,0.090173,0.16488,0.354459,-0.202636,-0.315225,-0.705988,-0.616013,-0.512496,-0.317977,-0.068287,0.171639,-0.144498,0.178384,-0.068287,-0.394188,0.270556,-0.490508,-0.522053,-0.317977,-0.24364,-0.495999,-0.082008,-0.013333,-0.485473,-0.082008,-0.63246,-0.307805,0.388109,-0.642227,-0.411749,-0.26645,-0.184131,0.139961,0.480304,-0.651485,-0.091335,-0.122309,0.013195,0.0,-0.254286,-0.323204,-0.327376,0.178458,-0.068287,-0.103891,-0.339076,0.257862,0.060153,-0.46167,-0.411749,-0.101893,0.368629,0.07275,-0.298034,0.245104,0.498183,-0.800861,-0.283519,-0.552455,-0.040943,-0.267787,-0.252684,0.029303,0.386658,-0.054543,0.182616,-0.411749,0.16488,-0.148592,0.037338,0.368629,-0.705988,-0.648698,0.044614,0.158048,0.297475,-0.426432,0.137232,-0.163182,0.178458,-0.495306,-0.382584,-0.394188,0.073566,-0.209027,-0.705988,-0.175242,0.460091,-0.327172,-0.298034,-0.09661,-0.298034,0.01914,-0.115094,0.196934,-0.054563,0.044614,-0.006786,0.255245,-0.562619,-0.411749,-0.072502,-0.411749,-0.116085,-0.277987,0.261994,-0.213518,-0.154735,0.340564,0.179237,0.464432,0.01914,-0.411749,-0.100917,-0.593973,0.348509,-0.323696,-0.252684,0.596759,0.261994,-0.068256,0.672938,0.687011,0.104591,-0.593973,-0.029746,-0.327172,#
7,-0.333219,-0.166667,-0.407543,-0.332854,0.322275,0.286252,0.386658,1.0,0.258145,-0.33312,-0.163011,0.23103,0.537425,0.27503,-0.165986,0.270025,-0.111111,-0.402467,0.232942,-0.216096,0.525684,0.499077,0.270025,-0.218052,-0.218165,-0.272096,0.01682,0.203854,0.322275,-0.111111,0.169692,0.337007,0.738619,-0.330377,-0.33304,0.489388,0.442199,0.199601,-0.111111,-0.404963,0.428354,0.537861,0.208826,0.162825,-0.111111,-0.398672,0.059064,0.228781,0.279725,-0.646804,0.06277,-0.652451,-0.218161,-0.829185,0.047618,0.02527,-0.008497,0.130744,0.087507,0.143196,-0.998441,-0.24207,-0.654523,0.15195,-0.069806,0.211944,0.682842,0.211944,0.172152,0.18819,0.160014,-0.649924,0.0,-0.333075,0.325405,0.120002,0.310366,-0.332631,-0.508001,-0.333075,-0.407433,-0.508492,0.154024,-0.218093,0.317756,0.217859,0.154024,-0.407308,0.109441,-0.166582,0.160094,0.200062,0.211667,-0.272023,0.148393,0.37931,-0.632082,0.148393,-0.50779,-0.50779,0.186411,-0.218107,0.096136,-0.333069,-0.218103,-0.505852,0.154346,-0.62159,0.258841,-0.166582,0.308079,0.0,0.205961,-0.333075,0.271774,-0.111111,0.154024,0.228013,-0.272014,0.371441,0.398178,-0.407433,0.096136,-0.407832,0.430339,0.407661,-0.508001,0.195573,0.286318,-0.271981,0.103331,0.332873,0.258841,-0.479632,0.142835,-0.166582,-0.111111,0.160094,0.193509,0.096136,0.325405,0.25351,-0.270996,0.430339,-0.508001,-0.501281,-0.166667,0.214301,0.089414,-0.271981,0.200062,0.211667,0.333333,-0.271643,-0.993406,-0.407308,0.426588,-0.266009,-0.508001,-0.218218,0.293882,-0.111111,-0.508001,0.341077,-0.508001,-0.285999,-0.40629,-0.307652,-0.271774,0.666667,-0.278861,-0.137485,0.317756,0.096136,-0.40627,0.096136,-0.272023,-0.324811,-0.349548,0.185167,-0.238018,0.264696,0.316075,0.278127,-0.285999,0.096136,0.198419,0.154024,-0.407722,-0.286155,0.142835,0.665072,0.349548,-0.274983,0.268998,0.314451,-0.28536,0.154024,-0.111116,-0.111111,#
8,0.39894,0.428854,0.160487,0.001096,0.808238,0.692941,0.118885,0.258145,1.0,-0.007656,0.007369,0.430739,0.146585,0.65513,-0.609555,-0.23877,0.285903,0.550336,0.185796,0.016195,0.152183,0.095487,0.200404,-0.364971,0.101288,-0.570093,0.372707,0.124143,0.381808,0.285903,-0.42903,-0.265508,-0.066653,-0.488561,-0.39764,0.54368,0.664668,-0.42883,-0.408036,-0.213149,-0.175457,0.524033,-0.454669,-0.35626,0.258145,-0.241283,0.301008,0.55439,-0.10093,0.185524,0.46573,-0.532029,0.524531,-0.071831,-0.396133,0.017044,-0.329439,0.684271,0.552453,0.309056,-0.29204,0.550449,0.180371,-0.350496,-0.18184,0.404712,0.387125,0.404712,0.623898,0.370748,-0.298476,-0.41785,0.0,-0.837377,-0.022452,0.391065,-0.451594,-0.839472,-0.13008,-0.435519,-0.277782,-0.575177,-0.486507,0.079546,-0.052506,0.319828,-0.486507,-0.289409,-0.402224,-0.106416,0.042539,-0.575177,-0.148059,-0.178557,-0.471523,-0.608465,-0.327957,-0.471523,-0.144363,-0.589928,-0.286485,-0.381512,-0.367453,-0.442717,0.054067,-0.601377,0.054705,-0.322514,-0.281971,-0.611742,0.07132,0.0,-0.136192,-0.837377,0.548743,-0.408036,-0.486507,-0.425516,0.682684,-0.352102,0.206527,-0.294581,-0.367453,-0.689414,-0.010754,0.216063,-0.13008,0.331787,0.098838,-0.190248,0.339131,0.383014,-0.281971,-0.085016,-0.173605,-0.126629,0.258145,0.042539,0.568879,-0.367453,-0.038904,-0.024459,-0.215643,-0.010754,-0.13008,-0.188436,0.387218,0.583763,-0.349736,-0.190248,-0.575177,0.301406,0.391381,-0.604162,-0.340234,-0.306041,0.239576,0.669468,-0.13008,0.525159,0.170417,0.258145,-0.13008,0.823536,-0.13008,0.233545,-0.720443,-0.805662,-0.191301,0.387218,-0.17965,0.363737,-0.036248,-0.367453,-0.699036,-0.367453,-0.178557,0.274631,0.390772,-0.555927,0.521439,-0.273676,-0.459013,0.101575,0.233545,-0.367453,0.274279,-0.466065,-0.674335,0.275108,-0.173605,0.358213,0.390772,0.593905,-0.092248,0.374987,0.195768,-0.466065,-0.755032,0.285903,#
9,0.197381,0.49968,0.017363,0.224958,0.197171,-0.343283,-0.535031,-0.33312,-0.007656,1.0,0.09309,0.310597,-0.179027,0.026182,-0.49764,0.084329,0.33312,-0.080442,-0.35506,0.129575,-0.166875,-0.206074,0.456051,0.236043,0.24702,0.00824,-0.303571,-0.49094,0.213548,0.33312,-0.45031,-0.503708,-0.497119,0.172974,0.618741,-0.212129,-0.024703,-0.477939,0.33312,0.494018,-0.024231,0.183046,-0.028125,-0.080547,0.306471,0.480543,0.248619,-0.094413,-0.319201,0.599823,0.567583,-0.085467,0.194452,0.458605,-0.131342,0.751553,-0.22825,0.245641,0.01799,0.27424,0.324286,-0.220087,0.478683,0.091112,-0.436836,0.260256,-0.029386,-0.152144,0.027889,-0.384711,-0.318758,-0.088691,0.0,-0.165221,-0.58071,-0.333971,0.205164,0.211372,0.229469,0.205164,-0.010911,-0.198935,0.001154,-0.23539,0.218997,-0.696191,0.001154,0.016908,0.291055,0.014269,0.015708,-0.198935,0.229469,0.012765,-0.47245,0.028028,-0.124781,-0.47245,0.214897,0.214897,-0.331185,0.65489,-0.325116,0.218997,0.227352,0.209518,-0.490508,0.115829,-0.415763,0.014269,-0.546306,0.0,-0.188018,0.205164,-0.016296,-0.33312,0.001154,-0.478812,0.38512,-0.26384,0.012765,0.416028,-0.325116,-0.367513,0.268361,0.017255,-0.245715,-0.453084,-0.309025,0.420291,0.350069,0.183628,-0.359324,0.730218,-0.463979,0.034817,-0.33312,-0.507901,-0.049166,-0.325116,-0.184898,0.123703,0.423439,0.268361,0.229469,0.155446,-0.019987,0.050875,-0.304833,-0.015842,-0.606802,-0.227439,-0.615606,0.430102,0.328191,0.400159,-0.013773,0.422941,0.229469,-0.235525,0.036311,0.306471,-0.227439,0.174076,-0.245715,0.001072,0.391208,-0.187681,0.017255,-0.019987,0.042562,-0.039889,0.218997,-0.325116,0.423265,-0.325116,-0.429758,0.087231,-0.208547,-0.354724,0.219614,-0.382967,-0.157604,0.004765,0.001072,-0.325116,0.239537,0.001154,0.04445,0.402944,-0.475895,0.017228,-0.208547,-0.163685,-0.189449,-0.209623,0.409076,0.001154,0.013324,0.33312,#
10,0.084299,0.483212,-0.215786,-0.120595,0.107422,0.32597,0.469605,-0.163011,0.007369,0.09309,1.0,0.23913,-0.318149,0.024166,0.209357,-0.594232,0.807294,0.068536,0.250947,0.180938,0.384536,0.758294,0.019847,0.094448,0.323238,0.592548,0.2215,0.259384,0.107422,0.807294,-0.738963,-0.16787,-0.243264,-0.069993,0.488234,0.323566,-0.398921,-0.502003,-0.163011,0.015609,-0.399197,-0.319904,0.259236,-0.45193,-0.163011,0.490561,-0.091811,-0.183806,0.39326,0.132249,-0.320124,-0.440621,-0.320064,0.02565,0.485697,-0.152708,0.161165,-0.165934,-0.207856,-0.370449,0.146772,-0.289265,0.293075,0.272465,-0.069162,-0.088424,-0.244458,-0.088424,-0.061822,0.314312,-0.827239,-0.509892,0.0,-0.106563,-0.0977,0.212191,-0.488655,-0.102035,-0.31793,-0.488655,-0.198419,-0.325251,-0.488591,0.120368,-0.488647,-0.314548,-0.488591,-0.597562,0.048123,-0.244392,-0.485339,-0.325251,-0.31793,-0.001102,-0.492936,-0.399097,-0.436489,-0.492936,-0.744979,-0.321329,0.160135,-0.319985,-0.810428,-0.102169,-0.319979,0.243815,0.226442,-0.656393,-0.202477,0.23608,-0.157835,0.0,-0.321839,-0.106563,-0.59808,0.496796,-0.488591,-0.385696,0.203649,-0.061024,-0.399085,-0.198419,-0.810428,-0.206228,0.120258,-0.39872,-0.31793,-0.076389,0.533709,-0.399023,0.151597,-0.488358,-0.202477,0.138819,-0.712395,-0.244392,-0.163011,-0.485339,-0.193848,-0.810428,-0.0977,-0.276958,0.124452,0.120258,-0.31793,-0.27747,-0.244517,0.179963,0.131179,-0.399023,-0.325251,-0.745288,-0.093149,-0.0011,0.141041,-0.597562,-0.16076,0.359089,-0.31793,-0.320148,0.431155,-0.163011,-0.31793,0.100023,-0.31793,0.2048,0.31884,-0.096252,0.004747,-0.244517,0.18124,0.331216,-0.488647,-0.810428,0.397359,-0.810428,-0.001102,-0.236827,0.097681,-0.433195,0.329514,0.388336,-0.081063,0.408041,0.2048,-0.810428,-0.14093,-0.488591,0.393924,0.225064,-0.712395,0.470208,0.097681,-0.141462,0.307517,0.117271,0.194757,-0.488591,-0.163016,-0.163011,#
11,0.281919,0.392143,0.322173,0.61091,0.73017,0.309345,0.213197,0.23103,0.430739,0.310597,0.23913,1.0,0.059673,0.044061,-0.39005,0.031089,0.261428,-0.062396,-0.359659,0.307255,0.065988,0.336693,0.031089,0.340439,0.028836,-0.444096,-0.292667,-0.348894,0.73017,0.261428,-0.361168,0.246769,-0.150114,0.113755,0.17471,-0.010163,0.150587,-0.362236,-0.498538,0.055779,-0.318704,0.472478,0.155576,-0.29865,0.23103,0.392659,-0.408829,-0.245581,0.420359,0.170102,0.130517,-0.458615,0.472973,-0.366128,-0.411673,0.227456,-0.286861,-0.066173,-0.258903,-0.079303,-0.26178,-0.01648,0.318058,-0.297468,-0.552806,-0.30185,0.346461,-0.30185,-0.019996,0.373815,-0.232996,-0.51463,0.0,-0.30672,-0.323677,0.484088,-0.183493,-0.301045,-0.015056,-0.605984,-0.153892,-0.508348,0.131421,0.330559,0.258917,-0.045112,0.131421,-0.479597,0.40298,-0.747425,0.154229,-0.508348,0.457485,0.01661,-0.414629,-0.321177,-0.501496,-0.414629,-0.365568,-0.033755,-0.339432,-0.01261,-0.313866,0.134277,0.474149,-0.034424,0.164686,-0.409451,-0.644424,-0.371108,-0.256231,0.0,-0.024609,-0.30672,-0.05336,0.018239,0.131421,-0.326773,0.149062,0.289678,0.585023,0.287654,-0.313866,-0.611022,0.376756,0.602268,-0.536242,-0.31666,-0.114651,-0.308272,0.463631,-0.190711,-0.161589,0.437405,-0.081214,0.369806,0.23103,0.154229,-0.244429,-0.313866,0.58567,0.390074,0.128439,0.376756,-0.015056,-0.060538,0.346545,0.035417,-0.297743,-0.786626,-0.508348,0.122768,0.127674,0.00797,-0.284058,-0.042431,-0.351699,0.19861,-0.015056,-0.023881,0.871516,0.23103,-0.015056,0.285803,-0.536242,-0.335724,-0.18044,-0.472815,0.472148,0.346545,-0.297543,-0.036886,-0.168422,-0.313866,-0.147506,-0.313866,-0.468751,0.180983,-0.182896,-0.490228,-0.038008,-0.614616,0.127891,0.753917,-0.335724,-0.313866,0.099522,-0.405853,-0.151097,0.105058,-0.421022,0.342077,-0.182896,0.009575,-0.010705,0.255813,0.111702,-0.405853,-0.498553,0.261428,#
12,-0.650343,0.263998,-0.321407,-0.175235,0.277488,0.190275,0.182561,0.537425,0.146585,-0.179027,-0.318149,0.059673,1.0,0.492667,0.183613,0.483251,-0.216856,0.040635,-0.26155,0.057201,0.431208,0.061116,0.483251,-0.425572,-0.425794,-0.142344,0.16366,0.331693,-0.205335,-0.216856,0.177348,0.541487,0.716731,-0.644797,-0.649994,0.054537,0.420217,-0.240888,-0.216856,0.019354,0.325461,0.580998,0.253082,0.380153,-0.216856,-0.284221,0.357521,0.379898,-0.004649,-0.663704,-0.072795,-0.284395,0.07455,-0.282264,0.025591,0.388837,-0.611422,0.085674,0.285706,-0.125561,-0.548354,0.060987,-0.701883,0.24403,-0.140729,0.367212,0.251459,0.367212,0.481217,0.212551,0.224293,-0.164394,0.0,-0.26465,-0.203151,0.204947,0.172151,0.172708,-0.512496,-0.26465,0.055161,-0.568009,0.293802,0.067858,-0.208238,0.419155,0.293802,0.04697,0.204491,-0.325118,-0.188407,-0.087005,-0.023948,-0.530907,-0.258748,0.301387,-0.188415,-0.258748,-0.088909,-0.088909,-0.300155,-0.42568,0.178565,-0.650052,-0.425671,-0.073465,-0.251305,-0.185287,0.055909,-0.325118,0.392138,0.0,-0.507549,-0.26465,0.117796,-0.216856,0.293802,-0.110739,-0.071543,-0.158289,-0.075939,-0.347636,0.178565,-0.400455,-0.012172,0.383007,-0.081425,0.293693,-0.269464,-0.530825,-0.465087,0.245357,-0.343443,-0.483877,0.269989,-0.325118,-0.216856,0.305595,0.261708,0.178565,-0.203151,0.043519,-0.528903,-0.012172,-0.512496,-0.537879,-0.325284,0.442993,-0.557127,-0.135179,-0.087005,0.407123,-0.197999,-0.084742,-0.561074,0.04697,0.600529,-0.094416,-0.512496,-0.425896,-0.106553,-0.216856,-0.081425,0.25622,-0.081425,0.288699,-0.39129,0.004919,-0.078229,0.240427,-0.161818,-0.023709,-0.208238,0.178565,0.009098,0.178565,-0.129465,-0.155151,0.145836,-0.182508,0.04383,0.033571,-0.206569,0.105767,0.288699,0.178565,-0.501373,0.293802,-0.402594,-0.075457,0.269989,0.244555,0.620419,-0.013435,0.331326,0.182074,-0.097479,0.293802,-0.295435,0.568853,#
13,0.039553,0.455076,-0.221406,-0.375771,0.458169,0.32798,0.021252,0.27503,0.65513,0.026182,0.024166,0.044061,0.492667,1.0,-0.147791,-0.328882,0.303384,0.546179,0.203915,0.038601,0.493182,0.119806,0.533159,-0.350551,0.125732,-0.203884,0.391871,0.109413,0.022581,0.303384,-0.428916,-0.272048,0.333499,-0.876582,-0.372185,0.577624,0.706697,-0.455017,-0.405457,-0.301823,0.192287,0.557544,-0.482469,0.152697,0.27503,-0.526568,0.750594,0.546378,-0.096327,-0.242222,0.213039,-0.545162,0.106678,0.053372,0.125161,0.388842,-0.326973,0.463198,0.580905,0.212492,-0.285571,0.135899,-0.268189,0.053854,0.17441,0.7696,0.412447,0.33083,0.986581,0.520322,-0.316682,-0.322357,0.0,-0.867723,-0.392255,0.412558,-0.079586,-0.472313,-0.521773,-0.063167,0.121231,-0.586678,-0.488111,-0.350618,-0.418227,0.32626,-0.488111,-0.30202,-0.389176,-0.091697,-0.393801,-0.152732,-0.540138,-0.154626,-0.472365,-0.241788,-0.330037,-0.472365,-0.147035,-0.602169,-0.382137,-0.367442,-0.352447,-0.816818,-0.359196,-0.614725,0.064742,-0.324559,0.11389,-0.607876,0.490043,0.0,-0.524825,-0.473655,0.186027,-0.405457,-0.488111,-0.195477,0.72511,-0.751721,-0.171728,-0.671161,-0.352447,-0.710166,-0.010979,-0.167669,-0.132874,0.323487,-0.180665,-0.166571,-0.22446,0.425217,-0.654714,-0.513471,-0.160217,-0.607876,-0.405457,0.051872,0.581431,-0.352447,-0.40906,-0.430086,-0.607534,-0.010979,-0.521773,-0.595463,-0.09782,0.971736,-0.333777,0.190368,-0.586678,0.307878,0.025518,-0.589409,-0.324644,-0.31901,0.753841,0.710997,-0.521773,0.113227,-0.242252,0.27503,-0.132874,0.875227,-0.132874,0.632664,-0.332073,-0.491183,-0.583781,0.412546,0.189977,0.190924,-0.003028,-0.352447,-0.327002,-0.352447,0.207542,-0.111254,0.363485,-0.329912,0.581723,0.111778,-0.819515,-0.262601,0.632664,-0.352447,-0.077637,0.0339,-0.689762,0.333781,-0.160217,0.412068,0.791639,0.170324,-0.171609,0.374544,-0.178686,0.0339,-0.476357,0.303384,#
14,-0.497787,-0.248979,-0.167144,-0.072195,-0.497757,-0.264665,0.338646,-0.165986,-0.609555,-0.49764,0.209357,-0.39005,0.183613,-0.147791,1.0,-0.150815,-0.165986,-0.014444,0.072651,0.252761,0.176038,0.16639,-0.150815,0.153187,-0.325912,0.601116,0.184715,0.231671,-0.497757,-0.165986,0.253499,0.48464,0.360904,-0.014206,-0.06211,-0.325905,-0.406201,0.225649,-0.165986,-0.153919,0.137379,-0.325742,0.263966,0.321307,-0.165986,-0.116199,-0.129967,-0.285805,0.39808,-0.571105,-0.914901,0.324894,-0.325905,-0.061127,0.455652,-0.207116,0.153692,-0.680081,-0.283152,-0.641048,0.186443,-0.319573,-0.419125,0.141104,0.504244,-0.271542,-0.248919,-0.271542,-0.112308,0.281132,0.142133,0.326048,0.0,0.494211,-0.045671,0.179268,0.052569,0.504936,-0.264927,0.052569,0.427862,0.332525,0.26896,0.183155,-0.497564,0.359949,0.26896,-0.039215,0.215475,-0.248852,-0.426807,0.332525,-0.264927,0.053641,0.260335,0.150517,0.329801,0.260335,-0.148597,0.341079,0.001115,-0.325824,0.195369,-0.050854,-0.325818,0.358188,0.269523,0.061777,0.418346,0.306501,0.493401,0.0,-0.269325,0.494211,-0.608994,0.596653,0.26896,0.379797,-0.406355,-0.005438,-0.406368,-0.147093,0.195369,0.408519,-0.295374,-0.405996,0.350388,0.195253,-0.097735,-0.406305,-0.732185,-0.49727,-0.151694,-0.434332,0.263525,-0.248852,-0.165986,0.278335,-0.296229,0.195369,-0.045671,-0.221297,-0.404834,-0.295374,-0.264927,-0.219517,-0.248979,-0.064805,0.185145,0.158443,0.332525,-0.143574,-0.040375,0.053566,0.195369,-0.039215,0.017886,-0.397384,-0.264927,-0.32599,-0.172229,-0.165986,0.350388,-0.497676,0.350388,0.150114,0.426662,0.67994,0.060351,-0.248979,0.129308,0.043512,-0.497564,0.195369,0.40461,0.195369,0.626663,-0.448285,0.042339,0.314956,-0.316345,0.395423,-0.031568,-0.119245,0.150114,0.195369,-0.737027,0.26896,0.397327,-0.39021,0.263525,-0.235226,0.042339,-0.370417,0.222152,0.062733,-0.390841,0.26896,0.282633,-0.165986,#
15,-0.384577,-0.080164,-0.179732,0.059702,0.013966,-0.17319,-0.024094,0.270025,-0.23877,0.084329,-0.594232,0.031089,0.483251,-0.328882,-0.150815,1.0,-0.405038,-0.303246,-0.470384,-0.35909,-0.02505,-0.359504,0.144831,-0.316477,-0.329074,-0.191753,-0.326156,0.091705,0.013966,-0.405038,0.454466,0.500224,0.326643,0.105257,-0.344193,-0.365395,-0.140171,0.121269,0.326281,0.575503,0.217966,0.105983,0.583132,0.042249,-0.405038,0.149691,-0.12784,0.178176,-0.130089,-0.212945,0.298737,0.138063,0.100305,-0.071431,-0.175993,0.252044,-0.266506,0.054612,0.067406,0.244082,-0.279083,0.075246,-0.373622,0.080351,-0.591832,-0.11834,-0.09131,0.316933,-0.331973,-0.499445,0.448282,0.085479,0.0,0.401275,0.044718,-0.349246,0.401275,0.41154,-0.002143,0.010348,-0.273574,-0.074702,0.617521,0.09717,0.466355,-0.148799,0.617521,0.583362,0.473915,-0.043375,0.197972,-0.074702,0.435096,-0.542515,0.11197,0.643638,0.017232,0.11197,0.365029,0.365029,0.15258,0.161265,0.425082,0.070942,0.115946,0.400739,-0.441032,0.25903,-0.259719,-0.043375,-0.389949,0.0,-0.008938,0.010348,0.217729,-0.405038,0.617521,-0.09481,-0.58048,0.401332,0.271856,0.243133,0.425082,0.171087,0.261459,0.694873,-0.098593,-0.153478,-0.18845,-0.088523,-0.136676,0.051551,0.2347,0.189644,0.266001,0.426519,0.270025,0.065336,0.042012,0.425082,0.027066,0.3554,0.349872,0.261459,-0.002143,0.013065,-0.10126,-0.359157,-0.246397,-0.177047,0.355785,0.319356,-0.405038,0.3233,-0.236877,0.583362,0.039043,-0.589549,-0.002143,-0.353546,-0.007439,-0.405038,-0.117883,-0.403202,-0.098593,-0.22693,-0.204905,0.354871,0.282077,-0.10126,-0.191886,-0.310318,0.070942,0.425082,0.165626,0.425082,-0.632335,0.21147,-0.051986,0.01875,-0.349965,-0.2596,0.468924,0.214799,-0.22693,0.425082,0.013395,0.120385,0.156933,-0.171519,0.278578,-0.065998,-0.051986,0.016454,0.37515,-0.075857,0.316738,0.120385,0.241906,0.298153,#
16,0.323121,0.666667,-0.407543,-0.332854,0.349586,0.314877,0.416401,-0.111111,0.285903,0.33312,0.807294,0.261428,-0.216856,0.303384,-0.165986,-0.405038,1.0,0.352159,0.266702,-0.216096,0.587529,0.528962,0.298153,-0.218052,0.518497,0.415015,0.185018,0.203854,0.349586,1.0,-0.961588,-0.402764,-0.165812,-0.330377,0.354185,0.518869,-0.271911,-0.665337,-0.111111,0.293249,-0.272099,-0.218052,0.176699,-0.6513,-0.111111,0.357932,0.236257,0.228781,0.279725,0.199798,0.188311,-0.652451,-0.218161,0.284646,0.523799,0.15162,0.161441,0.239697,0.212517,0.186588,0.083203,-0.185775,0.227218,0.185716,-0.355378,0.241795,-0.166627,0.241795,0.202354,0.231955,-0.995644,-0.649924,0.0,-0.333075,-0.333153,0.161382,-0.333075,-0.332631,-0.508001,-0.333075,-0.407433,-0.508492,-0.66423,-0.218093,-0.333069,-0.508338,-0.66423,-0.407308,-0.019313,-0.166582,-0.664634,-0.508492,-0.508001,-0.272023,-0.665376,-0.272031,-0.632082,-0.665376,-0.50779,-0.50779,0.220932,-0.218107,-0.993406,-0.333069,-0.218103,0.131777,0.154346,-0.62159,-0.407871,-0.166582,-0.390233,0.0,-0.508596,-0.333075,-0.407661,-0.111111,-0.66423,-0.596715,0.418171,-0.32246,-0.272023,-0.407433,-0.993406,-0.407832,0.430341,-0.271774,-0.508001,-0.160014,0.416463,-0.271981,0.103331,-0.332873,-0.407871,0.205557,-0.912903,-0.166582,-0.111111,-0.664634,0.226307,-0.993406,-0.333153,-0.489536,0.326789,0.430341,-0.508001,-0.501281,-0.166667,0.47671,0.089414,-0.271981,-0.508492,-0.508001,-0.333333,-0.271643,0.096136,-0.407308,0.139461,0.592084,-0.508001,-0.218218,0.293882,-0.111111,-0.508001,0.341077,-0.508001,0.428999,0.185395,-0.17389,-0.271774,-0.166667,0.397166,0.261665,-0.333069,-0.993406,0.270846,-0.993406,-0.272023,-0.050323,0.349548,-0.621972,0.539184,0.264696,-0.307757,0.278127,0.428999,-0.993406,0.198419,-0.66423,0.287259,0.45231,-0.912903,0.665072,0.349548,0.024998,0.268998,0.360694,0.417064,-0.66423,-0.111115,-0.111111,#
17,0.410329,0.402467,0.074997,-0.091905,0.359436,0.294498,0.157862,-0.402467,0.550336,-0.080442,0.068536,-0.062396,0.040635,0.546179,-0.014444,-0.303246,0.352159,1.0,0.144024,-0.100439,0.166456,-0.282801,0.089432,-0.424167,0.155511,-0.06955,0.450166,0.18107,-0.001237,0.352159,-0.454646,-0.240392,-0.107684,-0.504162,-0.407166,0.173826,0.123253,-0.422585,-0.402467,0.162984,-0.206281,-0.05558,-0.390327,-0.391484,0.156515,-0.231895,0.395942,0.555339,-0.025533,0.131692,0.129473,-0.034507,0.417804,0.581726,0.016774,0.015255,-0.122682,0.388622,0.626703,0.232709,0.375678,0.536405,0.129494,-0.393259,0.009737,0.293896,-0.192638,0.384003,0.588623,0.381123,-0.387521,0.128156,0.0,-0.356266,-0.378473,0.394077,-0.437192,-0.431625,-0.215102,-0.032561,0.085372,-0.103584,-0.50633,0.044985,-0.469751,0.301297,-0.50633,0.154077,-0.371154,-0.094579,-0.545237,-0.549162,-0.667668,-0.226695,-0.413729,-0.53431,0.149211,-0.413729,0.265595,-0.183045,-0.224378,-0.438076,-0.383692,-0.469751,0.017092,-0.085114,0.157482,0.146734,-0.26103,-0.603393,0.055796,0.0,-0.584053,-0.437192,0.057505,-0.402467,-0.50633,-0.382203,0.607841,-0.731652,-0.226695,-0.380295,-0.383692,-0.189542,-0.205672,-0.219363,0.283253,0.284659,-0.200348,-0.237496,-0.37786,-0.121164,-0.638862,-0.124095,-0.19183,-0.094579,0.29626,0.025871,0.578828,-0.383692,-0.461301,-0.5627,-0.149566,-0.205672,-0.215102,-0.255618,0.339582,0.598023,-0.207884,0.219904,-0.460046,0.283253,-0.033539,-0.651211,0.356286,0.070339,0.237928,0.616457,-0.215102,0.490359,-0.273966,0.156515,0.283253,0.349565,0.283253,0.697377,-0.268099,-0.071331,-0.219363,-0.184464,0.316291,0.367697,-0.469751,-0.383692,-0.25591,-0.383692,0.237405,0.298736,0.86827,-0.511634,0.545443,-0.175261,-0.791503,-0.271847,0.697377,-0.383692,-0.098158,-0.50633,-0.142417,0.300923,-0.19183,-0.061564,0.428639,0.616239,-0.078736,0.451554,0.23853,-0.50633,-0.332607,0.184464,#
18,0.039731,-0.283582,-0.511764,-0.617697,0.060411,0.060882,0.395821,0.232942,0.185796,-0.35506,0.250947,-0.359659,-0.26155,0.203915,0.072651,-0.470384,0.266702,0.144024,1.0,-0.2349,0.384273,0.349313,0.229552,-0.267218,-0.123707,0.366684,0.648264,0.337209,0.060411,0.266702,-0.209011,-0.431808,0.233122,-0.108787,0.060553,0.45737,0.029291,0.263811,0.232942,-0.439985,0.46813,-0.094078,-0.218168,-0.288795,0.232942,-0.513438,0.352637,0.437314,0.204767,-0.234696,-0.093454,-0.343106,-0.23594,-0.154296,0.30528,-0.267961,0.601271,0.361496,0.467946,0.224529,-0.222467,-0.239978,-0.268215,-0.209808,0.485705,0.3774,0.349329,0.246793,0.149302,0.001728,-0.26659,-0.325033,0.0,-0.178021,0.438325,-0.210091,0.05658,-0.552609,-0.35629,0.03703,-0.459478,0.079529,-0.330221,-0.364457,0.035245,0.122134,-0.330221,-0.446709,-0.20988,0.324651,-0.235401,0.2087,-0.334424,-0.13284,0.261943,-0.079277,-0.132958,0.261943,-0.3291,-0.437482,0.301443,-0.127912,-0.244388,-0.083402,-0.269149,-0.441588,0.278739,-0.363197,0.606048,0.201732,0.265217,0.0,0.186331,-0.06072,0.20498,0.030384,-0.330221,0.173492,0.057114,-0.157381,-0.112477,-0.453468,-0.244388,-0.064318,0.104601,-0.627571,0.129911,0.596114,0.558345,-0.002361,-0.049841,0.182646,0.03408,-0.344895,-0.340963,-0.475046,0.030384,-0.368063,0.560947,-0.244388,-0.092515,-0.142365,-0.103892,0.104601,-0.35629,-0.348686,0.197494,0.258989,0.610097,0.443883,0.079529,-0.340855,0.4355,-0.609924,-0.211284,-0.42648,0.408033,0.090992,-0.35629,0.302783,-0.23189,0.232942,-0.472052,0.197142,0.129911,-0.038561,0.078742,-0.082503,-0.751433,0.349413,-0.085499,0.522702,0.134118,-0.244388,-0.390379,-0.244388,0.319942,-0.593668,-0.018586,0.249422,-0.083978,0.615119,-0.073795,-0.42615,-0.038561,-0.244388,0.339617,-0.205913,-0.015204,-0.427992,0.051513,0.366158,0.108861,-0.18457,0.235535,0.495694,-0.035348,-0.205913,0.148544,-0.64481,#
19,-0.267023,0.183843,0.490794,0.618445,0.148728,0.024097,-0.254695,-0.216096,0.016195,0.129575,0.180938,0.307255,0.057201,0.038601,0.252761,-0.35909,-0.216096,-0.100439,-0.2349,1.0,-0.420982,0.117025,0.032823,0.524511,-0.424303,-0.031354,0.196274,-0.199156,-0.267488,-0.216096,0.045848,0.105063,-0.322483,0.196403,0.214679,-0.424294,0.271631,-0.208584,-0.216096,-0.36198,-0.138184,0.423238,-0.239207,0.362953,0.428968,0.177475,-0.114872,-0.432058,-0.069562,0.164456,-0.464633,0.204447,0.434906,-0.162499,-0.474109,0.118832,-0.506118,-0.254911,-0.321509,-0.772007,0.21737,0.01291,0.329684,-0.128893,0.325687,-0.110308,0.150131,-0.526237,0.099857,0.207203,0.164119,0.211645,0.0,-0.162167,-0.150908,0.18414,-0.274233,0.216529,0.385858,-0.274233,0.491334,-0.042829,0.270216,0.560908,-0.269934,0.397667,0.270216,-0.410177,0.173605,-0.323979,0.281789,-0.042829,0.385858,0.365859,-0.207457,-0.529064,0.348612,-0.207457,-0.16409,0.374349,-0.805855,-0.018038,0.147903,0.22126,-0.010227,-0.023815,-0.199656,0.05413,0.096994,0.286677,0.398852,0.0,-0.035018,0.211388,-0.008585,0.622487,0.270216,-0.059287,0.267639,-0.103437,-0.139958,0.491334,0.147903,-0.294835,-0.587115,-0.138754,0.385858,0.233276,-0.293158,-0.145494,0.161597,0.121067,-0.290071,0.138564,0.239939,-0.323979,-0.216096,0.281789,-0.386251,0.147903,0.231423,0.466399,-0.527051,-0.587115,0.385858,0.331232,0.159653,-0.045322,-0.487951,-0.145494,-0.454186,-0.157292,0.241899,0.360777,0.147903,-0.023647,-0.241944,0.197525,0.385858,-0.002111,0.147608,0.428968,0.385858,0.130321,0.385858,-0.17486,0.105228,-0.295482,0.374032,0.159653,-0.542348,0.362141,-0.269934,0.147903,0.082061,0.147903,0.365859,-0.241292,-0.306936,-0.131895,-0.048364,-0.298172,-0.177222,0.077018,-0.17486,0.147903,-0.606686,0.270216,-0.303414,-0.162646,0.239939,-0.362174,-0.306936,-0.108122,-0.161138,-0.271688,-0.180323,0.270216,-0.554771,0.461221,#
20,-0.174231,0.278303,-0.793944,-0.64844,0.282752,0.195976,0.708559,0.525684,0.152183,-0.166875,0.384536,0.065988,0.431208,0.493182,0.176038,-0.02505,0.587529,0.166456,0.384273,-0.420982,1.0,0.594669,0.483771,-0.424792,0.108027,0.34956,0.224688,0.378531,0.282752,0.587529,-0.488,0.121241,0.700582,-0.643614,-0.151534,0.580894,-0.052742,-0.255528,-0.216458,0.027204,0.312651,0.080104,0.36569,-0.234126,-0.216458,-0.229192,0.358343,0.426967,0.544938,-0.647462,-0.066383,-0.786844,-0.425004,-0.212396,0.702368,0.210981,0.201,0.090966,0.330511,0.213751,-0.537214,-0.41518,-0.637074,0.245271,-0.148354,0.368031,0.242775,0.368031,0.374038,0.398284,-0.549234,-0.725582,0.0,-0.269661,-0.209154,0.26372,0.160111,-0.264948,-0.989647,-0.269661,-0.397415,-0.57302,-0.26523,-0.424872,-0.214156,-0.077275,-0.26523,-0.401103,0.155872,-0.324522,-0.743929,-0.099756,-0.508961,-0.529934,-0.273102,0.288966,-0.744236,-0.273102,-0.568782,-0.568782,0.311273,-0.424899,-0.565422,-0.64886,-0.424891,-0.098191,0.327533,-0.731883,0.043658,-0.324522,0.117749,0.0,-0.513536,-0.269661,-0.34036,-0.216458,-0.26523,-0.125563,-0.030507,-0.164716,-0.082288,-0.793729,-0.565422,-0.405361,0.598825,-0.075636,-0.565513,0.098961,0.289757,-0.529851,-0.409793,-0.203807,-0.349267,-0.438587,-0.451093,-0.324522,-0.216458,-0.257877,0.400712,-0.565422,-0.209154,-0.457375,-0.095383,0.598825,-0.989647,-0.976556,-0.324687,0.631704,0.209737,-0.140573,-0.099756,-0.084827,-0.204089,-0.529194,-0.504777,-0.401103,0.623284,0.102688,-0.989647,-0.425115,0.151185,-0.216458,-0.565513,0.289183,-0.565513,0.358175,0.031836,0.093066,-0.529449,0.231919,0.32219,0.045668,-0.214156,-0.565422,0.075377,-0.565422,-0.134952,-0.408692,0.214017,-0.196881,0.125723,0.515661,-0.182874,0.173237,0.358175,-0.565422,0.018407,-0.26523,0.095418,0.002569,-0.451093,0.851422,0.680963,-0.290809,0.469595,0.671789,-0.023214,-0.26523,0.092769,-0.216458,#
