0,1.0,0.519981,-0.653458,-0.193224,-0.00228,-0.175991,0.15903,-0.389816,0.130599,0.655657,-0.119481,-0.555283,0.256377,0.373928,-0.053034,0.14111,-0.532982,-0.270783,0.417631,-0.25531,0.171063,0.194216,0.551319,-0.076728,0.56432,-0.532962,-0.766138,0.145128,0.112728,0.363307,-0.284032,-0.459825,0.424867,-0.407072,0.431777,0.130599,0.295166,-0.207904,0.489374,0.0,-0.271442,0.365766,-0.255597,0.072958,0.368751,0.092648,0.38375,0.364483,0.206209,-0.146021,-0.008574,-0.156368,0.059233,-0.105681,0.21232,0.099599,0.308328,-0.076471,-0.595032,0.184122,0.392631,0.340057,0.03133,0.445748,-0.541429,-0.299685,-0.339602,-0.143248,-0.33692,-0.04812,0.046111,0.443153,0.130599,-0.37909,-0.373567,0.117415,-0.21952,0.129553,0.167454,0.425987,0.167454,-0.003315,-0.334111,-0.429024,-0.003315,-0.003315,-0.433856,0.069057,-0.003315,-0.212834,-0.172579,-0.172579,-0.003315,-0.350256,0.118384,-0.003315,-0.53512,-0.075306,-0.109564,-0.530981,0.256377,0.14589,-0.206326,-0.283865,-0.442961,-0.283865,0.025237,-0.16516,0.059233,-0.210473,0.420634,0.368751,-0.156514,-0.05482,-0.21952,0.233821,0.307304,-0.54442,0.118384,0.468519,0.130599,-0.271442,-0.349301,0.235653,-0.28344,0.04783,0.154097,-0.124669,-0.306884,-0.272465,-0.283865,-0.172579,-0.590918,0.428866,-0.349301,-0.53283,-0.407163,0.0,0.511696,-0.003315,-0.121992,-0.009451,-0.014123,-0.6233,-0.14821,0.519566,-0.271442,-0.120371,0.069057,-0.406955,-0.334111,0.258701,-0.530981,-0.531978,0.199527,-0.266069,0.577724,0.022761,-0.109564,-0.105554,-0.428151,0.213123,-0.271442,0.069809,0.258701,0.198942,0.365202,0.191945,-0.063704,-0.664564,0.083751,0.367815,0.376226,-0.156514,0.805694,-0.349301,0.059233,-0.3972,0.149126,-0.590918,0.119934,0.36602,-0.549562,0.088299,-0.038679,-0.075306,0.149126,-0.173944,-0.18317,0.70121,-0.341458,0.145251,0.376613,0.10644,-0.0406,0.664936,0.589589,0.069809,0.17967,0.355401,#
1,0.519981,1.0,-0.367726,0.369133,-0.216607,-0.091794,0.537099,-0.147915,-0.212047,0.341181,-0.048939,-0.510562,-0.224337,0.071388,0.200601,-0.201189,0.444117,0.06708,0.651739,-0.325884,0.319212,0.061873,0.061087,-0.491246,0.074424,-0.024005,-0.569159,0.069028,0.064029,-0.048421,-0.227591,-0.124472,0.217584,-0.2224,0.221066,0.339276,-0.221622,-0.528849,0.207963,0.0,0.226184,0.656783,-0.41229,0.6922,0.197911,0.279852,0.153,-0.423152,0.198208,0.218266,0.217584,-0.102077,0.318514,0.203346,0.448398,0.034364,0.498199,-0.31188,-0.502083,-0.262056,0.203497,0.169083,0.29979,0.297301,-0.184635,-0.452423,-0.498695,-0.169333,-0.282897,-0.312126,0.018956,-0.170996,-0.212047,-0.659158,-0.673306,0.05675,-0.358774,0.007528,0.074151,0.205547,0.074151,-0.239813,0.007528,-0.271667,-0.239813,-0.239813,-0.260867,-0.002136,-0.239813,-0.371238,-0.561049,-0.561049,-0.239813,-0.294095,0.016018,-0.239813,-0.112575,-0.375605,0.155213,-0.075216,0.519054,0.339103,0.084148,-0.388549,-0.690546,-0.388549,0.194048,-0.112533,-0.248272,-0.164351,0.154887,0.197911,-0.120584,-0.046075,-0.358774,-0.12948,0.425311,-0.556668,0.016018,-0.042978,-0.212047,-0.508913,-0.471216,-0.101616,-0.40461,-0.477594,0.067212,-0.357767,-0.445135,0.060002,-0.388549,-0.561049,-0.387444,0.206038,-0.471216,-0.536139,-0.212047,0.0,0.569405,-0.239813,-0.073641,-0.260867,0.178501,-0.32611,-0.129662,-1e-06,-0.508913,0.395186,-0.002136,-0.227683,0.007528,-0.307648,-0.075216,-0.5541,-0.153904,0.052531,0.058497,-0.001005,0.155213,0.425094,-0.265298,0.090958,-0.508913,-0.702761,-0.307648,0.316247,0.425838,-0.131357,-0.518252,-0.815041,0.024273,0.80812,-0.065005,-0.120584,0.399405,-0.471216,-0.248272,-0.22435,0.047823,-0.387444,0.047608,0.411915,0.413188,0.30099,0.17667,-0.375605,0.047823,-0.129844,-0.095635,0.379709,-0.482974,0.507946,0.178166,-0.196977,-0.455985,0.337537,0.507748,-0.702761,-0.534318,0.425707,#
2,-0.653458,-0.367726,1.0,0.266156,-0.05407,-0.128918,-0.214257,0.25038,-0.412113,-0.634254,0.420202,0.294297,0.282116,-0.13122,-0.439917,0.113102,0.320306,0.088149,-0.018135,0.147649,0.290466,0.09961,-0.672762,0.336555,-0.239365,0.407497,0.364947,-0.169122,-0.29502,-0.53872,0.29878,0.279367,-0.043437,0.537182,-0.807225,0.144239,0.17519,0.327297,0.000644,0.0,0.302216,-0.45975,-0.004195,-0.291079,-0.274742,-0.100988,-0.191156,-0.18133,0.110186,-0.122118,-0.358995,0.216714,0.032952,-0.239019,-0.372903,-0.377914,0.205832,-0.025589,0.194014,-0.413411,-0.647662,-0.241193,0.28184,-0.507617,0.486167,0.094052,0.126827,-0.059238,0.29313,-0.061307,-0.244735,0.149549,-0.391507,0.373028,0.052343,-0.269089,0.552326,0.175574,0.120093,-0.042599,0.120093,0.386525,0.548669,0.04835,0.386525,-0.051474,0.396986,0.534408,0.386525,0.640906,0.221695,0.221695,0.386525,0.276313,0.534408,-0.051474,0.678829,-0.114577,0.424952,0.349334,0.282116,0.029422,0.131417,0.552427,0.369678,0.552427,0.04835,-0.01339,0.117686,-0.090972,-0.651019,-0.274742,0.245006,0.300181,0.552326,0.256521,-0.120253,0.647403,-0.399509,0.222742,0.123634,0.439587,0.075117,-0.149146,-0.075257,0.064402,0.114054,-0.259196,0.064963,0.125508,0.102799,0.221695,0.409753,-0.042102,0.519643,0.758084,0.65938,0.0,-0.559011,0.386525,0.297651,0.46873,0.079751,0.348498,0.330136,0.070604,0.412113,0.065426,0.086128,0.537827,0.548669,0.25962,0.329986,0.412118,0.476525,0.137126,-0.450209,-0.308669,0.424952,-0.154232,0.439437,0.120093,0.412113,0.055072,0.25962,-0.677204,-0.150381,0.292522,0.395694,0.535273,-0.292029,-0.052792,-0.025268,0.245006,-0.510068,0.519643,0.117686,0.034964,-0.327514,0.409753,-0.657363,-0.153953,0.300527,-0.38955,-0.374954,0.395705,-0.327514,0.204424,-0.090667,-0.162621,0.163695,-0.22201,-0.546736,0.0,0.177742,-0.387637,-0.196924,0.055072,-0.025909,-0.161875,#
3,-0.193224,0.369133,0.266156,1.0,-0.405433,-0.241631,0.261812,0.324106,-0.61176,-0.265445,0.100832,-0.241631,-0.296982,-0.40519,0.058656,-0.118254,0.567658,0.382353,-0.025426,-0.551114,0.209884,-0.016356,-0.595887,-0.319982,-0.200235,0.551199,-0.143264,-0.230899,-0.091955,-0.383257,0.370818,-0.034165,-0.411823,-0.098894,-0.031574,-0.089054,-0.165224,-0.143136,0.3703,0.0,0.289102,-0.012523,-0.148857,0.230867,0.263289,-0.077666,-0.234856,-0.281358,0.035051,0.126055,0.009483,0.324355,-0.074081,0.079287,0.420232,-0.480095,0.363088,0.074528,-0.213837,-0.217029,-0.412768,0.263418,0.63648,0.14875,0.441721,-0.063704,-0.159759,0.417105,-0.077056,0.103073,0.302622,-0.158613,-0.127773,-0.025394,-0.035478,0.343205,0.227151,-0.111934,-0.17782,-0.414098,-0.17782,-0.011783,0.338749,0.391574,-0.011783,-0.423293,0.00018,0.330696,-0.011783,0.219946,-0.266215,-0.266215,-0.011783,-0.308556,-0.100223,-0.423293,0.563079,-0.429704,0.583021,0.547349,0.407823,0.393627,0.229378,0.237395,-0.407466,-0.161573,0.37522,0.14845,-0.611448,-0.220515,-0.458567,0.263289,0.150852,0.068451,0.227151,-0.229461,0.105521,0.135167,-0.125571,-0.119526,-0.127773,0.263289,0.312653,-0.250875,0.365072,-0.119477,-0.578094,-0.322146,-0.116709,-0.170284,-0.584009,0.128906,0.067621,-0.089308,-0.114658,0.08566,-0.089054,0.0,-0.361973,-0.011783,0.077367,-0.015099,0.358155,0.224825,0.141871,-0.125087,-0.40784,0.624847,0.330696,-0.103935,0.338749,-0.31606,0.07473,0.076272,0.053725,-0.182999,-0.629559,0.127564,0.583021,0.102346,0.373227,-0.17782,-0.40784,-0.358057,-0.31606,-0.260379,0.085162,0.180689,0.060834,-0.17339,0.321856,0.622479,0.110982,0.150852,0.063455,-0.114658,-0.611448,0.004638,-0.603149,0.067621,-0.164965,0.063198,0.556932,-0.077089,0.00475,-0.429704,-0.603149,-0.676718,0.179738,-0.245091,-0.126346,-0.150059,0.063842,0.024181,0.074794,-0.083344,0.231885,-0.358057,-0.638745,0.094631,#
4,-0.00228,-0.216607,-0.05407,-0.405433,1.0,-0.389896,-0.397605,-0.318954,0.515436,0.423282,0.18643,-0.004319,0.325226,-0.202734,0.165233,0.496176,-0.222349,0.288045,0.277043,0.374753,-0.454791,-0.217162,0.419592,0.268894,0.414791,-0.239816,-0.263767,0.074105,0.197397,0.2538,-0.309091,-0.058117,0.197191,-0.001768,-0.171078,0.00781,0.219282,-0.036606,-0.1827,0.0,0.343624,-0.532804,0.212928,0.201841,-0.333211,0.216253,-0.161772,0.377466,0.002466,0.497849,-0.21196,-0.349179,0.496217,0.606492,0.345073,0.184132,-0.395031,-0.499919,0.40274,0.262689,-0.005955,-0.333119,-0.530826,-0.068048,-0.469424,-0.429,0.792087,-0.335523,-0.208668,-0.029045,-0.280761,0.240993,0.00781,0.193652,-0.184566,-0.198432,-0.015081,-0.21686,-0.026399,0.175264,-0.026399,0.169019,-0.21686,-0.155762,0.169019,0.184981,0.19596,-0.227911,0.169019,-0.40545,0.386039,0.386039,0.169019,0.363542,0.206673,0.184981,-0.394619,0.501182,-0.495199,0.256651,-0.359247,-0.006691,-0.406946,-0.003641,0.584028,0.383243,-0.996878,0.196233,-0.025647,0.424093,0.026485,-0.333211,-0.01303,-0.227926,-0.015081,0.359132,0.269033,0.01454,-0.193498,-0.223024,-0.499817,0.317592,-0.196557,-0.019102,-0.240115,0.203985,0.393291,0.442065,0.27714,-0.003184,0.399629,0.002885,0.020931,-0.134391,0.217812,0.205943,-0.499817,0.0,-0.222655,0.169019,-0.219726,-0.189253,-0.991411,-0.112619,-0.410352,0.115957,-0.333211,-0.158663,-0.227911,-0.006691,-0.21686,0.343198,-0.201654,-0.21153,0.03751,0.008915,0.2818,0.341521,-0.495199,0.23198,-0.16951,-0.010924,-0.333211,0.265083,0.343198,0.416125,0.197911,0.079421,-0.228363,0.405024,-0.227747,-0.085036,0.186742,-0.01303,-0.234871,0.217812,-0.025647,0.178117,0.82802,0.020931,-0.000204,0.197264,-0.274147,-0.023789,-0.191808,0.501182,0.82802,0.425016,-0.025987,-0.398072,-0.202027,-0.016543,-0.023188,0.12173,-0.059774,-0.038142,-0.418163,0.265083,0.537141,0.231772,#
5,-0.175991,-0.091794,-0.128918,-0.241631,-0.389896,1.0,0.661432,0.439941,0.414725,-0.25747,-0.341504,0.609984,-0.257583,0.265546,-0.35977,-0.088655,0.105991,0.266583,-0.35029,-0.193375,-0.229817,-0.504,0.250329,-0.426744,-0.168378,0.106895,0.550755,0.347775,-0.057623,0.525796,-0.443801,-0.300658,-0.396412,-0.089036,0.40325,0.414725,-0.093043,-0.208543,-0.059524,0.0,-0.408142,0.513169,-0.026135,-0.004179,0.250152,0.022123,0.360151,-0.371278,-0.576665,0.116655,0.017448,0.328604,-0.611901,-0.09676,-0.283587,0.1167,-0.186201,0.622319,-0.269165,-0.177687,0.104312,0.275579,0.145799,0.077435,0.156704,0.33541,-0.489216,0.190037,0.018196,-0.507171,0.442632,-0.276043,-0.098744,-0.393446,-0.01075,0.320624,-0.574305,-0.118192,-0.568129,-0.397839,-0.568129,-0.803693,-0.560911,0.377669,-0.803693,-0.383907,-0.41165,-0.563405,-0.803693,-0.184828,-0.644724,-0.644724,-0.803693,-0.291305,-0.546498,-0.383907,-0.277559,-0.408118,-0.457188,-0.396619,-0.257583,-0.611901,-0.173068,-0.176792,-0.383907,-0.568129,0.377669,-0.350782,-0.084031,0.201021,0.079568,0.250152,-0.675683,-0.344751,-0.574305,-0.690354,0.030212,-0.253249,0.341623,-0.178584,-0.098744,-0.408142,-0.112428,0.09316,-0.063296,-0.534448,-0.149018,0.254777,-0.592245,-0.161016,-0.137198,-0.25716,-0.42231,-0.009415,-0.531566,-0.344751,0.414725,0.0,0.232966,-0.803693,0.086477,0.383229,0.362109,-0.265018,-0.277559,-0.523624,0.276483,0.268997,-0.563405,-0.084031,-0.560911,-0.300097,0.085505,0.077408,-0.223437,-0.173154,-0.167801,0.25745,-0.457188,-0.371098,-0.391215,-0.161139,0.276483,-0.327255,-0.300097,0.189572,-0.801152,-0.333371,-0.353383,-0.149365,0.360084,-0.363668,-0.404118,-0.675683,0.0826,-0.531566,-0.084031,0.433662,-0.141571,-0.42231,0.677977,-0.80245,0.16967,0.430409,0.822699,-0.408118,-0.141571,0.185143,-0.227561,0.128449,-0.106744,0.26494,0.107919,0.074106,-0.343101,-0.144678,0.24221,-0.327255,-0.401781,0.077572,#
6,0.15903,0.537099,-0.214257,0.261812,-0.397605,0.661432,1.0,0.255908,0.106991,-0.179683,-0.072892,0.270145,-0.413374,-0.047014,-0.3807,0.117064,0.376069,0.497084,0.053117,-0.661675,-0.172745,-0.604356,0.158805,-0.528716,0.167081,0.376966,0.011493,0.234733,0.116965,0.353619,-0.54626,-0.56696,-0.400898,-0.408061,0.404565,0.622135,-0.193774,-0.519027,0.348965,0.0,-0.272101,0.576971,-0.298909,0.333766,0.388339,0.426149,0.157098,-0.601441,-0.339953,0.418314,0.014311,0.200293,-0.407944,0.200622,0.232286,-0.155768,0.364529,0.408441,-0.58492,-0.359401,-0.109959,0.4134,0.534129,0.465339,0.166861,0.008412,-0.651303,0.223566,-0.133627,-0.67016,0.536181,-0.28802,-0.408152,-0.815892,-0.440745,0.517673,-0.666179,0.038186,-0.666057,-0.413336,-0.666057,-0.815673,-0.405977,0.354725,-0.815673,-0.815673,-0.432125,-0.4044,-0.815673,-0.281376,-0.998876,-0.998876,-0.815673,-0.489623,-0.387438,-0.815673,-0.214976,-0.651598,-0.177371,-0.129192,0.281234,-0.407944,-0.275845,-0.273443,-0.815673,-0.666057,0.354725,-0.084119,-0.407944,0.247163,-0.176998,0.388339,-0.610098,-0.534125,-0.666179,-0.629206,0.298837,-0.613745,0.036618,-0.039952,-0.408152,-0.272101,-0.411205,-0.25626,-0.293881,-0.827533,-0.25186,0.065412,-0.80808,-0.270249,-0.666057,-0.610048,-0.673103,-0.02348,-0.83171,-0.534125,0.106991,0.0,0.193877,-0.815673,-0.110293,0.365347,0.323414,-0.450227,-0.214976,-0.407657,-0.272101,0.753458,-0.4044,-0.407944,-0.405977,-0.489891,-0.129192,-0.11908,-0.224165,-0.288824,-0.407096,0.380391,-0.177371,-0.10267,-0.421786,-0.257739,-0.272101,-0.768906,-0.489891,0.246066,-0.534114,-0.233405,-0.534397,-0.666179,0.501658,0.443535,-0.136968,-0.610098,0.334973,-0.83171,-0.407944,0.404225,-0.258212,-0.673103,0.567219,-0.544531,0.41965,0.613,0.793784,-0.651598,-0.258212,-0.190826,-0.148969,0.252236,-0.412727,0.583732,0.375131,0.068941,-0.669664,0.059852,0.560267,-0.768906,-0.739914,0.347617,#
7,-0.389816,-0.147915,0.25038,0.324106,-0.318954,0.439941,0.255908,1.0,0.225019,-0.231649,-0.553244,0.439941,-0.110863,0.017114,-0.093491,0.087118,0.294553,0.412544,-0.129487,-0.34655,-0.122572,0.002449,-0.420457,-0.632611,-0.537288,0.175134,0.335971,0.362357,-0.147915,0.177792,-0.226423,-0.108654,-0.204038,0.224968,0.34181,0.225019,0.088342,-0.089554,0.217874,0.0,0.150013,0.237456,0.542115,0.190482,-0.037503,-0.390908,0.317804,-0.087507,-0.230943,-0.197401,-0.204038,0.92573,-0.594391,-0.310959,-0.065013,0.26905,-0.215025,0.626551,-0.257023,0.078538,-0.01988,-0.044569,0.588255,-0.222802,-0.068472,0.298566,-0.314187,0.68732,0.186588,-0.264273,0.567553,-0.042341,0.225018,0.336095,0.33428,0.445313,0.250882,-0.171189,-0.301633,-0.209334,-0.301633,-0.316827,-0.171189,0.217799,-0.316827,-0.201851,-0.334281,-0.284714,-0.316827,0.248836,-0.22859,-0.22859,-0.316827,0.043106,-0.164313,-0.201851,0.429312,-0.070946,-0.223859,0.161395,-0.110863,0.224904,0.366748,0.137701,-0.316827,-0.419663,0.336598,-0.484373,-0.59439,-0.157294,-0.076638,-0.037503,-0.243231,0.294469,0.250882,-0.250304,0.18168,0.432043,0.565171,-0.301128,0.225019,-0.037503,0.439643,0.446493,0.419298,-0.269314,-0.311375,-0.050719,-0.309287,-0.321061,-0.301633,0.3234,-0.07782,0.355038,-0.157318,0.169458,0.225019,0.0,-0.105677,-0.316827,0.17413,0.220676,0.351081,0.098259,-0.250656,-0.238652,0.150012,0.295107,-0.284714,0.224904,-0.171189,-0.131021,0.293447,0.166788,0.230165,-0.330641,-0.369351,0.29334,-0.223859,-0.456399,0.327916,0.367204,0.150012,0.045084,-0.131021,-0.24407,-0.427538,0.313635,0.171861,0.250882,0.467623,-0.108092,0.163832,-0.243231,0.211278,-0.157318,-0.59439,0.359357,-0.315667,-0.07782,0.287847,-0.434851,0.330507,0.259691,0.368053,-0.070946,-0.315667,-0.130846,-0.215039,-0.26332,-0.164053,-0.307465,-0.19724,0.37052,0.174282,0.223865,0.286727,0.045084,-0.198055,0.171861,#
8,0.130599,-0.212047,-0.412113,-0.61176,0.515436,0.414725,0.106991,0.225019,1.0,0.421325,-0.327246,0.414725,0.187995,0.25351,0.02397,0.387162,-0.327254,0.305563,0.101549,0.020264,-0.60661,-0.370178,0.632182,-0.323847,0.135888,-0.327241,0.098681,0.679635,0.339276,0.79012,-0.748216,-0.2935,0.003875,-0.249944,0.519668,0.375,0.324918,-0.04422,0.011713,0.0,-0.166667,0.130198,0.373257,0.185175,-0.166667,0.056886,0.446004,0.25,-0.473684,0.268054,0.003875,0.124271,-0.249873,0.188443,0.202855,0.503963,-0.637059,0.261951,-0.119624,0.219762,0.260378,-0.166121,-0.313711,0.173276,-0.684644,0.066343,0.194718,0.109802,-0.046068,-0.464883,0.367167,0.181441,0.375,0.005615,0.01134,0.326475,-0.408046,-0.221893,-0.407971,-0.011485,-0.407971,-0.499613,-0.760775,0.029331,-0.499613,0.011355,-0.499056,-0.761685,-0.499613,-0.407418,-0.092351,-0.092351,-0.499613,0.191565,-0.226617,0.011355,-0.610291,0.25796,-0.994845,-0.326025,-0.654741,-0.249873,-0.407465,-0.407971,0.011355,-0.407971,-0.498622,-0.324918,-0.249873,0.466021,0.275362,-0.166667,-0.610962,-0.32716,-0.408046,-0.165672,0.20539,-0.087274,0.339925,-0.266346,-0.25,-0.166667,-0.19975,0.330708,-0.163047,-0.204642,0.094617,0.391749,-0.245102,-0.407661,0.116563,-0.092351,-0.345834,0.073783,-0.19975,-0.32716,-0.25,0.0,0.22101,-0.499613,-0.327154,-0.005803,-0.495887,-0.282234,-0.610291,-0.244746,-0.166667,-0.155306,-0.761685,-0.249873,-0.760775,0.181356,-0.326025,-0.326637,-0.044473,-0.406816,0.289662,0.444418,-0.994845,-0.32714,-0.497608,0.087422,-0.166667,0.200454,0.181356,0.44064,-0.327154,-0.122604,-0.327327,0.109195,0.34068,-0.380303,0.15328,-0.610962,0.227621,-0.19975,-0.249873,0.505303,0.644368,-0.345834,0.626555,-0.316097,-0.302618,0.368994,0.517532,0.25796,0.644368,0.427211,-0.096252,-0.081642,-0.194834,0.104604,0.268492,0.498578,-0.21261,0.316551,0.112823,0.200454,0.377217,0.218218,#
9,0.655657,0.341181,-0.634254,-0.265445,0.423282,-0.25747,-0.179683,-0.231649,0.421325,1.0,-0.373377,-0.649955,0.408764,0.454649,0.39279,-0.085242,-0.361611,-0.017004,0.44642,0.21393,0.123476,0.211012,0.655994,-0.326543,0.238271,-0.801237,-0.662907,0.231115,-0.080238,0.53432,-0.183977,-0.151883,0.410566,-0.105121,0.413747,-0.095394,0.357523,-0.248883,0.060956,0.0,0.280884,0.26431,-0.084836,0.435518,0.254385,-0.312936,0.512131,0.56795,-0.042676,0.09376,-0.005915,-0.079448,0.401815,0.199239,0.374516,0.324273,-0.349438,-0.40059,-0.229702,0.35824,0.58282,0.20073,-0.399848,0.053524,-0.736659,-0.588575,0.188317,-0.327885,-0.626964,0.112035,-0.134011,0.417541,0.421326,0.006606,-0.377907,-0.09843,-0.16758,-0.517088,0.238142,0.399171,0.238142,-0.018234,-0.517088,-0.387987,-0.018234,0.40421,-0.422006,-0.103486,-0.018234,-0.564473,0.156558,0.156558,-0.018234,-0.216245,-0.086472,0.40421,-0.63701,0.118939,-0.403856,-0.340038,-0.287969,0.421111,-0.143274,-0.195517,-0.018234,-0.195517,-0.387987,-0.418868,-0.129398,-0.257961,0.64541,0.254385,-0.249008,0.092058,-0.16758,0.130573,0.533291,-0.221088,0.381918,-0.158438,-0.095394,-0.408076,-0.075228,0.541867,-0.071103,0.329108,0.231665,0.057336,-0.107279,-0.171758,0.238142,0.156558,-0.369083,0.397222,-0.075228,-0.367249,-0.612114,0.0,0.513683,-0.018234,0.066218,-0.422006,-0.427667,-0.464135,-0.653025,0.311948,-0.408076,-0.266859,-0.103486,-0.110102,-0.517088,0.406103,-0.340038,-0.799757,0.149901,-0.159093,0.790367,0.244007,-0.403856,0.100904,-0.434756,0.253895,-0.408076,0.225214,0.406103,0.548606,0.534349,0.127627,-0.350416,-0.16758,-0.103997,0.045826,0.07372,-0.249008,0.500774,-0.075228,-0.129398,-0.406255,0.652469,-0.369083,0.203799,0.516728,-0.433491,-0.146292,-0.035148,0.118939,0.652469,0.179995,-0.262997,0.178696,-0.502023,-0.202276,0.072318,0.05674,0.225514,0.419166,0.223484,0.225214,0.265885,0.534297,#
10,-0.119481,-0.048939,0.420202,0.100832,0.18643,-0.341504,-0.072892,-0.553244,-0.327246,-0.373377,1.0,0.083675,0.190256,-0.200851,-0.304407,0.200386,0.066228,-0.056653,0.119808,-0.076785,0.023312,-0.273595,-0.103508,0.586555,0.335689,0.523713,0.101091,-0.042349,0.407584,-0.427781,0.18486,0.156381,-0.2372,-0.327173,-0.654073,0.232517,0.16299,0.494294,0.1552,0.0,-0.218164,-0.489329,-0.517371,-0.387506,-0.218164,0.540236,-0.35592,-0.255482,-0.067987,0.308907,0.213974,-0.642788,0.19551,0.148398,0.198833,-0.690826,0.306129,-0.221074,0.067393,-0.659716,-0.801944,-0.161327,-0.140483,0.346192,0.383792,0.121122,0.316231,-0.289523,0.265011,-0.185423,-0.138026,0.133335,-0.327246,-0.218956,-0.213678,-0.023881,-0.088691,0.413842,-0.107408,-0.233619,-0.107408,0.201632,0.413842,0.222277,0.201632,-0.2384,0.221284,0.402673,0.201632,0.334818,0.068993,0.068993,0.201632,0.186417,0.402673,-0.2384,0.084907,-0.223876,0.312427,0.078614,0.190256,-0.327079,-0.533364,-0.082313,0.201632,0.344307,-0.232381,0.50739,0.19551,0.489616,-0.769065,-0.218164,0.0856,-0.428248,-0.088691,0.09396,-0.426455,0.068143,-0.997033,0.458069,-0.327246,0.499481,-0.513049,-0.792273,-0.494248,-0.063871,-0.101241,-0.295956,0.094694,-0.094788,-0.107408,-0.353514,0.300553,-0.646345,0.39113,0.050182,0.232517,0.0,-0.412537,0.201632,-0.428239,0.212288,-0.215814,0.295516,0.518627,-0.109601,-0.218164,-0.010105,-0.048355,-0.327079,0.413842,0.173276,-0.426762,0.059288,0.041363,-0.088055,-0.381064,-0.392927,0.312427,0.05071,-0.192225,-0.534027,-0.218164,-0.186436,0.173276,-0.360786,0.032291,-0.293854,0.041343,-0.088691,-0.068065,0.246837,0.068641,0.0856,-0.431002,0.39113,0.19551,0.190823,-0.084855,0.300553,-0.532153,0.050236,0.067885,-0.321554,-0.21723,0.289533,-0.084855,0.059478,0.519365,0.121633,0.402036,0.356501,0.299767,0.157734,-0.35154,-0.325569,-0.086644,-0.186436,0.001083,-0.428465,#
11,-0.555283,-0.510562,0.294297,-0.241631,-0.004319,0.609984,0.270145,0.439941,0.414725,-0.649955,0.083675,1.0,-0.257583,-0.235106,-0.35977,0.395269,0.105991,0.266583,-0.35029,-0.193375,-0.620995,-0.504,-0.144761,0.036705,-0.153043,0.526093,0.754111,0.347775,0.361146,0.117315,-0.443801,-0.076287,-0.396412,-0.089036,0.024315,0.414725,-0.093043,0.210639,-0.059524,0.0,-0.408142,-0.136412,0.409447,-0.265392,-0.408142,0.350513,-0.129185,-0.371278,-0.347995,0.116655,0.017448,0.199436,-0.611901,-0.055409,-0.210748,0.1167,-0.186201,0.622319,0.127114,-0.177687,-0.354808,-0.355325,0.145799,0.077435,0.156704,0.649858,-0.039017,0.426597,0.600457,-0.507171,0.442632,-0.276043,-0.098744,0.005766,0.392371,0.368383,-0.165708,0.33254,-0.568129,-0.397839,-0.568129,-0.400052,-0.110179,0.400838,-0.400052,-0.383907,0.000917,-0.538542,-0.400052,0.228967,-0.234362,-0.234362,-0.400052,0.389668,-0.098956,-0.383907,0.143694,0.101322,-0.428506,0.066962,-0.257583,-0.611901,-0.173068,-0.153772,0.019733,-0.153772,-0.016219,0.130474,-0.084031,0.636969,-0.406997,-0.408142,-0.258022,-0.344751,-0.165708,-0.269692,-0.361422,0.160406,-0.081055,-0.07595,-0.098744,0.250152,-0.087772,-0.251878,-0.063296,-0.509955,-0.149018,0.254777,-0.098708,-0.161016,-0.137198,-0.234362,0.089926,-0.323257,-0.087772,0.094112,0.414725,0.0,-0.312621,-0.400052,-0.335967,0.406149,0.027708,0.239778,0.143694,-0.523624,0.276483,0.132681,-0.538542,-0.084031,-0.110179,-0.262397,0.085505,0.523995,-0.188305,-0.173154,-0.549166,0.117023,-0.428506,-0.371098,0.029949,-0.161139,0.276483,-0.063341,-0.262397,-0.185288,-0.801152,-0.231423,0.077572,0.259232,0.386997,-0.363668,0.049947,-0.258022,-0.310734,-0.087772,-0.084031,0.827899,-0.11506,0.089926,0.317077,-0.774075,0.198823,0.461419,0.469393,0.101322,-0.11506,0.185143,0.179768,-0.247762,0.34009,0.290763,0.13911,0.359131,-0.403084,-0.144678,-0.124775,-0.063341,0.045194,-0.353383,#
12,0.256377,-0.224337,0.282116,-0.296982,0.325226,-0.257583,-0.413374,-0.110863,0.187995,0.408764,0.190256,-0.257583,1.0,0.646185,-0.348484,0.15618,-0.498541,-0.132483,0.347144,0.277444,0.409076,0.265662,0.25502,0.182675,0.229035,-0.526788,-0.245536,0.302737,-0.224337,0.218933,0.028266,-0.034616,0.350779,0.187953,-0.322886,0.187995,0.914138,0.401898,0.320215,0.0,0.12533,-0.217846,-0.22129,-0.278152,0.082113,-0.418924,0.589816,0.616566,-0.12624,-0.19778,-0.328473,0.056646,0.156428,-0.323587,-0.124649,-0.18231,-0.188319,-0.161761,-0.288276,-0.151848,-0.158424,0.080187,-0.218957,-0.21952,-0.348537,-0.251163,0.249499,-0.393174,-0.25444,-0.055831,-0.234709,0.925631,0.187995,0.349592,-0.262886,-0.216239,0.280018,-0.169325,0.281094,0.350378,0.281094,0.324173,-0.169325,-0.311067,0.324173,0.350672,-0.303354,0.487892,0.324173,0.279204,0.407698,0.407698,0.324173,-0.003726,0.515641,0.350672,-0.207877,-0.089,-0.133126,-0.444677,-0.136325,0.187899,-0.330599,0.253892,0.324173,0.253892,-0.283687,-0.542024,0.156428,-0.255833,-0.05017,0.082113,-0.227583,0.246018,0.280018,0.404584,0.219277,0.432242,-0.134011,0.484125,0.187995,0.082113,-0.15733,0.432489,-0.282662,0.48996,0.280766,-0.280673,-0.181446,-0.366558,0.281094,0.407698,-0.094907,0.350706,0.516017,0.217206,0.187995,0.0,-0.00591,0.324173,0.21828,0.322614,-0.301391,-0.24137,-0.233996,0.488139,0.12533,-0.465656,-0.191142,0.187899,-0.169325,0.991015,-0.414243,-0.461279,0.834917,-0.334887,0.499305,-0.208967,-0.133126,-0.488612,-0.292471,0.306786,0.12533,0.533637,0.991015,-0.323442,0.21828,0.402581,0.217851,0.280018,-0.246467,-0.225254,0.215126,-0.227583,0.206027,0.516017,0.156428,-0.346817,0.27343,-0.094907,-0.436463,0.211619,-0.564792,-0.677505,-0.35521,0.683949,0.27343,0.433416,-0.286845,0.393939,-0.163135,-0.438904,-0.223402,0.3591,0.443406,0.187031,0.267084,0.533637,0.486623,0.217851,#
13,0.373928,0.071388,-0.13122,-0.40519,-0.202734,0.265546,-0.047014,0.017114,0.25351,0.454649,-0.200851,-0.235106,0.646185,1.0,-0.123154,-0.395082,-0.321893,-0.375014,0.278032,0.253162,0.56282,0.321277,0.373274,-0.268902,-0.164961,-0.644838,-0.003045,0.502616,-0.220185,0.358659,-0.042515,0.107527,0.315534,0.106642,0.10823,0.25351,0.606792,0.256939,0.095413,0.0,-0.118305,0.515597,-0.344949,-0.091205,0.219709,-0.513841,0.905537,0.267031,-0.313285,-0.375108,0.111203,0.114077,-0.054296,-0.546726,-0.276765,0.100705,-0.260986,0.062964,-0.501259,-0.251687,0.274406,0.199553,-0.2476,-0.131531,-0.350689,-0.02691,-0.283174,-0.357314,-0.210216,-0.188564,-0.066371,0.528797,0.380265,0.014235,-0.257588,-0.145093,-0.142782,-0.219865,0.278951,0.324352,0.278951,-0.111688,-0.351013,-0.313486,-0.111688,0.427179,-0.621399,0.170434,-0.111688,0.067282,0.044483,0.044483,-0.111688,-0.185513,0.083621,0.427179,-0.358698,-0.313172,-0.239317,-0.886015,-0.242566,0.109316,-0.102398,-0.173753,-0.111688,-0.274223,0.243294,-0.834683,0.232386,-0.386134,0.362262,0.219709,-0.468229,0.263525,-0.142782,-0.071399,0.099109,0.156349,0.258523,0.27799,0.380265,-0.625325,-0.219013,0.571362,-0.279654,0.186763,0.172101,-0.430445,-0.417162,-0.237088,0.278951,0.143984,-0.201647,0.404596,0.200023,-0.322365,0.380265,0.0,0.63102,-0.111688,0.237327,0.088267,0.226896,-0.258117,-0.256556,0.134431,0.25351,-0.521455,-0.360656,0.109316,-0.351013,0.602037,-0.267127,-0.629324,0.431131,-0.217347,0.625223,-0.366535,-0.239317,-0.437888,-0.529824,0.299045,0.25351,0.203266,0.602037,-0.101739,0.128871,-0.051039,-0.077449,-0.142782,-0.125058,-0.353167,-0.207891,-0.468229,0.361373,0.200023,0.232386,-0.389675,0.16948,-0.201647,-0.060226,0.126757,-0.349529,-0.418757,0.086819,0.291373,0.16948,0.479539,-0.273988,0.668516,-0.100059,-0.167728,-0.106503,0.186931,0.240235,0.263675,0.488586,0.203266,0.138342,0.121705,#
14,-0.053034,0.200601,-0.439917,0.058656,0.165233,-0.35977,-0.3807,-0.093491,0.02397,0.39279,-0.304407,-0.35977,-0.348484,-0.123154,1.0,-0.495263,0.252325,-0.217434,0.124141,0.325121,-0.046688,0.350405,-0.056777,-0.266705,-0.485174,-0.189104,-0.05814,-0.02435,0.200601,-0.200697,0.257272,0.593984,0.156295,0.014168,0.255518,-0.495382,-0.429223,-0.024026,-0.528317,0.0,0.362215,0.159438,0.263801,0.481066,-0.330255,-0.166985,-0.147295,0.0,0.148026,-0.010903,0.574897,-0.217817,0.426679,0.222839,0.352848,0.477518,-0.421462,-0.408057,0.416606,0.311519,0.486226,-0.382267,-0.439483,-0.064873,-0.29998,-0.072091,0.316018,0.000638,0.032392,0.398812,-0.144898,-0.441574,0.543322,0.24622,0.236308,-0.153035,0.027184,-0.267459,0.355773,0.157105,0.355773,0.144072,0.180332,-0.15936,0.144072,0.568668,0.122035,-0.251885,0.144072,-0.372032,0.372266,0.372266,0.144072,0.32449,-0.251885,0.568668,0.046206,0.469933,-0.038062,0.2209,-0.348484,0.543045,0.443902,-0.396752,0.144072,-0.080095,-0.15936,0.109037,-0.10724,-0.06232,0.473844,-0.330255,0.353353,0.249368,0.027184,-0.025718,-0.14532,0.070662,0.295341,-0.654421,0.02397,-0.330255,0.280499,0.09692,0.323082,0.191058,-0.069551,-0.074436,0.571076,0.339901,0.355773,0.058662,0.486789,-0.153095,0.204689,-0.212278,-0.495382,0.0,0.349645,0.144072,-0.20389,-0.988894,-0.128335,0.468713,-0.050372,-0.237271,-0.330255,-0.302228,0.166582,0.009127,0.180332,-0.330076,0.2209,-0.229666,-0.548646,0.331063,0.22571,-0.090903,-0.038062,0.604324,0.195387,0.039116,-0.330255,0.012814,-0.330076,0.411655,0.608452,-0.343997,-0.19528,0.027184,-0.108882,-0.011515,-0.167786,0.353353,-0.185507,0.204689,-0.10724,-0.13119,0.373697,0.486789,0.056737,0.613498,0.235424,0.028605,-0.134365,-0.006412,0.373697,-0.02579,0.380575,-0.422706,0.192432,-0.043461,0.027257,-0.202957,0.098043,0.070819,-0.370341,0.012814,0.084391,-0.19528,#
15,0.14111,-0.201189,0.113102,-0.118254,0.496176,-0.088655,0.117064,0.087118,0.387162,-0.085242,0.200386,0.395269,0.15618,-0.395082,-0.495263,1.0,-0.327175,0.417802,0.113137,-0.40519,-0.606464,-0.370089,0.122202,0.251269,0.641221,0.192969,-0.249544,0.149098,0.31841,0.263635,-0.603259,-0.630288,0.013749,-0.249884,0.03017,0.387162,0.291666,-0.076716,0.519137,0.0,-0.166627,-0.469622,0.373999,-0.133792,-0.166627,0.475055,-0.185547,0.218902,0.104722,0.244104,-0.49976,0.127446,-0.249812,0.214051,0.202204,-0.001259,0.191072,0.238114,-0.129429,0.188033,-0.331227,-0.134769,0.314148,0.272711,-0.288727,-0.005202,0.159759,0.305456,0.134558,-0.354933,0.288844,0.349358,-0.24994,-0.004293,0.001334,0.366692,0.09903,0.347983,-0.407873,-0.001914,-0.407873,0.001336,-0.201333,0.018974,0.001336,-0.499493,0.012968,-0.206201,0.001336,0.106109,-0.102513,-0.102513,0.001336,0.190581,0.339227,-0.499493,-0.087462,0.257196,-0.354027,0.249254,0.15618,-0.249812,-0.407367,0.106253,0.001336,0.106253,-0.498502,0.272293,-0.249812,0.465308,-0.364647,-0.166627,-0.09259,-0.327082,0.09903,0.365017,0.215753,-0.097518,-0.216073,0.316329,-0.24994,0.650171,-0.210715,-0.128068,-0.197253,-0.215533,0.104447,0.365355,-0.137171,-0.407563,-0.407873,-0.102513,-0.358463,0.084891,-0.210715,0.21745,-0.24994,0.0,-0.486458,0.001336,-0.327075,0.515772,-0.495768,-0.321313,-0.087462,0.265078,-0.166627,0.276033,-0.206201,-0.249812,-0.201333,0.180377,-0.325947,0.227557,0.310364,-0.406718,-0.217397,0.447215,-0.354027,-0.327061,0.025084,0.097113,-0.166627,0.193855,0.180377,-0.091695,-0.327075,0.456143,0.207471,0.09903,0.306539,0.222085,0.726029,-0.09259,0.238024,-0.210715,-0.249812,0.473998,0.117237,-0.358463,0.113996,-0.316021,-0.302545,0.380448,0.015782,0.257196,0.117237,-0.09689,-0.106337,-0.07162,-0.205875,0.114191,0.228953,0.465665,-0.22149,0.327556,0.122553,0.193855,0.37651,0.22886,#
16,-0.532982,0.444117,0.320306,0.567658,-0.222349,0.105991,0.376069,0.294553,-0.327254,-0.361611,0.066228,0.105991,-0.498541,-0.321893,0.252325,-0.327175,1.0,0.348518,0.218087,-0.082232,0.118164,-0.137176,-0.534232,-0.423921,-0.533637,0.54848,0.252031,-0.048874,-0.024982,-0.427791,0.044327,0.357085,-0.225725,0.194457,-0.212579,0.224987,-0.523901,-0.293042,-0.286837,0.0,0.490881,0.280315,-0.107575,0.609238,-0.218169,0.189743,-0.239206,-0.810862,-0.018946,0.350886,0.235871,0.087757,0.219616,0.287787,0.225307,-0.046082,0.170954,-0.193674,0.106708,-0.454776,-0.213785,-0.21641,0.289167,-0.158775,0.361931,-0.099871,-0.158528,0.021233,0.111561,-0.285853,0.005224,-0.634457,-0.327254,-0.248073,-0.252357,-0.035613,-0.118488,-0.099587,-0.11253,-0.238668,-0.11253,-0.243392,0.358927,0.176614,-0.243392,-0.243392,0.176611,-0.096822,-0.243392,-0.121901,-0.383446,-0.383446,-0.243392,0.103439,-0.096822,-0.243392,0.467306,-0.27905,0.249522,0.476918,0.246088,0.189243,0.311137,-0.11253,-0.243392,-0.11253,0.176614,0.053165,-0.327087,0.07224,-0.29524,-0.218169,0.040373,0.018181,-0.118488,-0.369835,0.085757,0.032369,-0.096822,-0.527229,-0.327254,-0.218169,-0.104182,-0.341012,-0.104428,-0.549964,-0.106438,-0.239719,-0.126607,0.323712,-0.11253,-0.383446,0.23814,-0.235885,-0.104182,0.018181,0.224987,0.0,0.033903,-0.243392,0.026766,-0.243078,0.20582,0.343309,0.038781,-0.553984,-0.218169,0.514833,-0.096822,0.189243,0.358927,-0.584123,0.476918,0.016445,-0.358027,0.308986,-0.564244,-0.030057,0.249522,0.507454,0.195801,-0.11253,-0.218169,-0.765323,-0.584123,0.084302,0.026766,-0.327315,-0.428476,-0.118488,-0.032332,0.419219,-0.426373,0.040373,-0.430645,-0.104182,-0.327087,0.223546,-0.118615,0.23814,-0.070483,0.014106,0.991537,0.233801,0.228956,-0.27905,-0.118615,0.048544,0.110246,-0.352896,-0.106952,0.362647,-0.202865,-0.271578,-0.422434,-0.325576,-0.092304,-0.765323,-0.705697,0.035706,#
17,-0.270783,0.06708,0.088149,0.382353,0.288045,0.266583,0.497084,0.412544,0.305563,-0.017004,-0.056653,0.266583,-0.132483,-0.375014,-0.217434,0.417802,0.348518,1.0,-0.070121,-0.402847,-0.467214,-0.729558,0.121254,-0.423747,0.209705,0.348306,-0.031541,0.114301,-0.032016,0.449627,-0.393838,-0.538947,-0.558811,-0.177245,0.188609,0.305563,0.051831,-0.461396,0.244282,0.0,0.278602,-0.127111,0.037814,0.419139,0.278602,0.138902,-0.046318,-0.129815,-0.467805,0.759066,-0.359609,0.340694,-0.149496,0.633394,0.511128,-0.229213,-0.152295,0.15154,-0.119091,-0.035086,-0.318248,0.301807,0.306841,0.150386,0.087404,-0.293348,0.182849,0.256033,-0.393317,-0.378216,0.430693,-0.052664,-0.278602,-0.200141,-0.293112,0.456195,-0.2848,-0.480883,-0.761584,-0.587212,-0.761584,-0.571059,-0.480883,0.569902,-0.571059,-0.662902,-0.198387,-0.376439,-0.571059,-0.381845,-0.500268,-0.500268,-0.571059,-0.321084,-0.376439,-0.662902,-0.147077,-0.328816,-0.34445,0.457086,-0.132483,-0.18286,-0.397295,0.191705,-0.185319,-0.271321,-0.322118,0.00292,-0.750045,0.338032,-0.350238,0.278602,-0.518248,-0.491631,-0.2848,-0.446782,0.544595,-0.135431,0.021837,-0.442775,-0.750427,0.278602,0.032089,-0.122138,0.078709,-0.361253,-0.285181,0.443802,-0.455411,-0.385336,-0.365602,-0.041706,-0.446267,-0.129457,-0.463832,0.027627,-0.278602,0.0,-0.435859,-0.571059,0.017641,0.262639,-0.362399,-0.292509,-0.61781,-0.358897,-0.500285,0.789482,-0.376439,-0.18286,-0.480883,-0.166762,-0.091417,-0.072711,0.003197,-0.39497,-0.45941,0.830762,-0.34445,-0.067033,-0.166958,-0.298558,-0.500285,-0.341086,-0.166762,0.349707,-0.48219,0.109258,-0.472639,0.105676,0.430481,0.245365,0.007232,-0.518248,0.012658,-0.463832,-0.750045,0.537324,0.094949,-0.446267,0.48649,-0.51238,0.334719,0.291261,0.550328,-0.328816,0.094949,-0.13022,-0.186971,-0.50126,-0.567889,0.004348,0.119655,0.223686,-0.242393,-0.218244,0.088751,-0.341086,-0.450319,0.547163,#
18,0.417631,0.651739,-0.018135,-0.025426,0.277043,-0.35029,0.053117,-0.129487,0.101549,0.44642,0.119808,-0.35029,0.347144,0.278032,0.124141,0.113137,0.218087,-0.070121,1.0,0.024694,0.308562,0.301467,0.030338,-0.238625,0.056511,-0.249533,-0.525881,0.384059,0.166524,-0.092699,-0.392567,0.106399,0.625413,0.048848,-0.133283,0.545827,0.246089,-0.131722,0.187531,0.0,0.406197,0.329842,-0.135822,0.561668,-0.327214,0.206482,0.332975,-0.126937,0.293067,0.05939,0.062699,-0.103614,0.485737,0.020908,0.318152,0.256053,0.256615,-0.46765,-0.377886,-0.297118,0.072084,-0.354259,0.063714,0.0,-0.59641,-0.444648,-0.133752,-0.347012,-0.037425,-0.461318,-0.203179,0.276605,-0.046543,-0.201855,-0.616869,-0.172861,-0.003502,0.148074,0.34327,0.609201,0.34327,0.133757,0.111592,-0.645343,0.133757,0.133757,-0.211751,0.098443,0.133757,-0.096537,-0.067992,-0.067992,0.133757,0.282072,0.605576,0.133757,-0.03891,0.028621,-0.114545,-0.152295,0.347144,0.500237,0.019589,-0.364971,-0.229462,-0.029592,-0.270051,-0.31712,-0.079748,-0.058532,0.057397,-0.327214,-0.046134,0.214381,-0.003502,0.385746,0.393649,-0.061054,-0.114638,0.141173,-0.046543,-0.327214,-0.628819,0.121237,-0.680424,-0.280021,0.457993,-0.495184,-0.267282,-0.0069,-0.029592,-0.400137,-0.127795,0.356185,0.085364,-0.180532,-0.046543,0.0,0.492353,0.133757,-0.171648,-0.182286,-0.242778,-0.186384,-0.141198,0.230587,-0.327214,-0.081971,-0.259533,0.043499,0.111592,0.262355,-0.152295,-0.641282,0.283015,0.004933,0.287379,-0.236683,-0.114545,0.223687,-0.217968,0.477421,-0.327214,-0.262367,0.262355,0.045894,0.592889,0.094579,-0.254838,-0.37118,-0.222566,0.560998,0.223105,-0.046134,0.254262,0.085364,-0.079748,-0.178857,0.453956,-0.127795,-0.342874,0.595298,0.164146,0.065375,-0.183185,0.436109,0.453956,0.40089,-0.142426,0.386668,-0.371877,0.359172,-0.078321,0.12058,-0.309462,0.529635,0.395606,-0.262367,0.100021,0.354557,#
19,-0.25531,-0.325884,0.147649,-0.551114,0.374753,-0.193375,-0.661675,-0.34655,0.020264,0.21393,-0.076785,-0.193375,0.277444,0.253162,0.325121,-0.40519,-0.082232,-0.402847,0.024694,1.0,0.286324,0.379483,0.114162,0.359894,-0.2354,-0.530507,0.137718,-0.284219,-0.415262,-0.163633,0.326247,0.581711,0.463612,0.668957,-0.469832,-0.405287,-0.079011,0.093194,-0.803824,0.0,0.432306,-0.176633,0.017878,0.0,-0.270191,-0.333415,-0.035348,0.223358,0.201364,-0.140638,-0.059051,-0.332941,0.648129,0.044976,-0.47834,0.307576,-0.389353,-0.638564,0.668115,0.192804,0.387438,-0.296238,-0.736581,-0.729552,-0.05597,-0.305448,0.458101,-0.710406,-0.144885,0.414107,-0.833325,-0.034861,0.020264,0.378684,-0.014707,-0.878186,0.203109,-0.279554,0.633036,0.465478,0.633036,0.450993,0.174722,-0.448866,0.450993,0.798902,0.479782,0.16328,0.450993,-0.20192,0.643776,0.643776,0.450993,0.30745,0.16328,0.798902,-0.097977,0.415868,0.0,-0.06131,-0.29636,0.106478,0.227845,0.215421,0.798902,0.633036,-0.34616,-0.127296,0.668961,-0.246528,0.444053,-0.270191,0.31428,0.398282,0.203109,0.326131,-0.020667,0.241467,0.097968,-0.244328,0.14185,-0.270191,0.087028,0.276156,-0.070989,0.520754,0.651897,0.154856,0.501747,0.670597,0.990182,0.230187,0.42983,0.053366,0.534311,0.398282,0.14185,0.0,0.194821,0.450993,0.416133,-0.35184,-0.327445,0.145033,-0.097977,0.171933,0.459325,-0.611717,0.16328,0.668961,0.174722,0.29091,0.452426,-0.034623,-0.040375,0.689039,0.585863,-0.30836,0.0,0.407303,0.084511,0.215421,0.459325,0.303298,0.29091,0.208808,0.371256,-0.097287,-0.053065,0.55529,-0.846113,-0.567854,-0.528041,0.31428,-0.555818,0.534311,0.668961,-0.461163,0.544071,0.42983,-0.323766,0.365696,-0.148373,-0.422554,-0.472324,0.415868,0.544071,0.690649,-0.235173,-0.170957,0.097813,-0.23953,-0.652897,-0.538136,0.334824,-0.40321,-0.679968,0.303298,0.397491,-0.070753,#
20,0.171063,0.319212,0.290466,0.209884,-0.454791,-0.229817,-0.172745,-0.122572,-0.60661,0.123476,0.023312,-0.620995,0.409076,0.56282,-0.046688,-0.606464,0.118164,-0.467214,0.308562,0.286324,1.0,0.641941,-0.263782,-0.015727,-0.271405,-0.337818,-0.213806,-0.195856,-0.574022,-0.383272,0.532662,0.34975,0.404054,0.466202,-0.403488,-0.090785,0.205143,0.090874,0.006509,0.0,0.31087,0.307434,-0.512074,-0.016811,0.255849,-0.503009,0.359916,0.026594,0.257586,-0.472628,-0.044966,0.058083,0.345868,-0.497509,-0.35757,-0.22028,0.319672,-0.341265,-0.252681,-0.313884,0.086111,0.226537,0.080694,-0.420035,0.177822,-0.291293,-0.334579,-0.461843,-0.231926,0.229398,-0.484585,0.287736,-0.070152,0.064602,-0.334689,-0.515806,0.317131,-0.092089,0.66283,0.416219,0.66283,0.397721,0.37045,-0.427499,0.397721,0.397721,-0.013602,0.776492,0.397721,0.294939,0.152248,0.152248,0.397721,-0.253755,0.352554,0.397721,0.258102,-0.384757,0.613821,-0.315356,0.409076,0.466068,0.354516,0.278023,-0.040859,0.212606,0.478818,-0.47554,0.345868,-0.784718,0.134085,0.255849,0.183465,0.610227,0.317131,0.199141,0.119009,0.225211,0.007585,0.32898,0.466306,-0.404407,-0.007625,0.296732,-0.126107,0.325404,0.230069,-0.641233,-0.127877,0.247786,0.212606,0.217035,0.10632,0.407617,0.334456,0.133376,0.445673,0.0,0.352154,0.397721,0.574906,0.011303,0.465764,-0.034808,0.158343,0.39759,0.31087,-0.243441,0.360867,0.466068,0.37045,0.366786,0.188352,-0.307321,0.452198,0.265696,0.332868,-0.588815,0.613821,0.050759,0.063754,0.335744,0.31087,-0.026472,0.366786,-0.361431,0.504289,0.187676,0.142279,-0.126834,-0.520165,0.116298,-0.296971,0.183465,0.086768,0.334456,0.345868,-0.806065,-0.251834,0.10632,-0.62193,0.485239,0.049098,-0.624108,-0.445902,0.088353,-0.251834,0.133101,-0.298804,0.516698,-0.106543,-0.261478,-0.492325,-0.34684,0.399071,-0.021274,0.250206,-0.026472,-0.187314,0.106259,#
