0,1.0,0.143498,-0.571771,-0.016008,0.571641,0.671905,-0.171663,0.086069,-0.592514,-0.006473,0.189959,0.413277,0.546392,0.189373,0.409476,-0.272091,0.612366,-0.349752,0.114635,-0.396995,-0.240985,0.418997,0.12352,0.191993,0.102186,-0.249072,-0.322969,-0.189761,0.304151,-0.534027,0.510871,-0.016225,0.345724,-0.405279,-0.397358,0.082917,0.077137,-0.105147,-0.056006,-0.272091,0.092758,0.269848,0.314129,0.266915,-0.272091,0.252175,-0.157826,0.416724,-0.637312,-0.100931,0.242452,-0.24626,0.092758,-0.29903,0.331582,0.207001,-0.491196,0.027817,0.396719,0.304151,0.496321,0.403195,-0.542649,-0.490805,0.066887,-0.02797,-0.179552,0.255295,0.275653,-0.306982,-0.275269,0.302277,-0.272091,-0.257505,-0.998801,0.444333,-0.645324,0.070372,-0.815625,-0.257505,0.510917,-0.419989,-0.097159,0.066569,-0.438522,-0.152122,0.232222,0.190604,-0.415557,-0.648002,-0.408136,-0.4043,-0.080966,-0.123048,-0.140471,-0.404961,-0.665282,-0.397507,-0.170594,0.554357,0.418079,-0.114582,0.055583,-0.36342,0.244607,-0.191294,0.141468,-0.407928,-0.263294,-0.405328,0.039291,-0.272091,-0.496725,-0.257505,-0.191294,-0.263294,-0.664145,-0.123048,0.039291,-0.0524,-0.37055,-0.388119,0.495452,-0.409396,-0.005058,-0.123048,0.063157,-0.203287,0.555376,0.331124,-0.400579,0.34666,-0.382292,0.140865,-0.646922,-0.122676,0.092758,-0.424572,0.516591,-0.174606,-0.66603,-0.110482,-0.407928,0.493717,-0.009486,0.51761,-0.237368,0.257861,-0.594367,-0.534375,-0.123048,-0.191294,-0.36342,-0.097159,0.0,-0.533108,-0.314759,0.163434,-0.648002,-0.408136,-0.133682,-0.534093,-0.272091,0.249215,0.190604,0.410221,-0.097159,-0.091615,-0.408136,-0.442676,0.069704,0.110665,-0.105511,0.361648,0.506109,-0.665282,-0.03836,0.297955,0.20639,0.157187,-0.332532,-0.392834,0.207518,0.559296,0.399999,-0.560227,0.126948,-0.140471,-0.182185,-0.091411,0.20827,0.36427,0.57951,-0.255903,0.159903,0.138588,0.249045,-0.140471,-0.320196,0.357008,#
1,0.143498,1.0,0.253083,-0.435334,0.150807,0.246213,0.246213,0.090097,0.270644,0.426834,-0.666353,0.417006,0.090031,0.189519,0.398196,-0.272101,0.087837,0.587006,-0.25947,0.040635,-0.22892,-0.01077,0.116103,-0.257748,0.096502,-0.253732,0.137973,-0.197176,-0.394871,-0.068044,-0.564892,-0.095937,0.353674,-0.405295,-0.633826,0.602565,0.40772,-0.238206,-0.04187,-0.272101,0.106991,0.052361,0.262981,-0.173669,0.414757,-0.65776,-0.156587,0.245986,0.415014,0.427921,0.246213,-0.728495,0.106991,-0.7623,0.22999,-0.186024,-0.503268,-0.816006,-0.229247,-0.394871,0.419024,0.395903,-0.174271,-0.320092,0.064948,0.481509,-0.183434,0.060959,-0.01182,0.415797,-0.329947,-0.263353,0.414756,-0.245897,-0.150311,0.368105,0.012531,-0.795961,0.012652,0.174716,-0.375245,-0.408761,-0.084743,-0.341263,-0.031192,-0.105371,-0.578318,-0.410061,0.007925,-0.068169,-0.408152,0.51936,-0.534397,-0.056753,-0.135835,-0.021816,0.39321,0.534534,0.407559,0.610432,-0.103903,-0.119263,-0.834555,-0.354865,-0.574635,-0.133604,-0.245543,0.121648,-0.25186,-0.815863,0.549205,0.414757,0.271575,-0.245897,-0.133604,-0.25186,-0.288824,-0.601023,0.549205,-0.478918,0.105633,-0.465639,-0.382172,-0.031218,-0.561522,-0.601023,0.057916,-0.237471,0.554728,0.339122,0.096822,-0.075706,-0.347046,0.081039,-0.116614,-0.12726,0.106991,-0.379423,0.355209,-0.582892,-0.23372,-0.497822,-0.407944,-0.437473,-0.408761,0.516926,0.135172,0.217673,-0.166608,-0.084743,-0.601023,-0.578318,0.116944,-0.084743,-0.399057,-0.533129,0.437308,0.620305,-0.068169,-0.408152,0.351541,-0.534114,0.414757,0.494151,0.271575,0.414758,-0.084743,0.390818,-0.408152,-0.016373,0.057613,0.078794,-0.09334,-0.124651,0.506433,0.39321,-0.031192,0.258839,0.660583,-0.726738,0.499349,-0.012769,-0.311317,-0.273691,-0.033486,-0.098651,0.10728,0.408435,-0.971065,0.302753,0.28994,-0.096661,0.136639,0.578354,-0.238887,0.102965,0.225825,-0.135835,0.630779,0.482842,#
2,-0.571771,0.253083,1.0,0.416618,-0.576554,-0.257937,0.149993,-0.117487,0.58081,0.420674,-0.607838,-0.01211,-0.555387,0.242422,0.000918,0.249996,-0.611308,0.786495,-0.007622,0.386266,0.224813,0.010481,0.22829,0.237105,0.434479,0.249857,0.754448,0.513814,-0.308635,0.524456,-0.393046,0.150645,0.09994,0.394052,0.213472,0.413593,0.265608,-0.341689,0.03672,0.249996,-0.098683,0.213472,-0.29352,-0.262596,0.276311,-0.571134,0.146722,-0.034674,0.908909,0.087292,-0.257937,-0.137981,-0.098683,-0.071814,-0.335315,-0.308561,0.04881,-0.437127,-0.400768,-0.335428,-0.49926,-0.441474,-0.00323,0.472717,-0.042477,-0.004826,0.054414,0.421343,-0.4775,0.424768,-0.183939,-0.144247,0.276311,0.241722,0.547087,-0.431259,-0.024967,-0.541772,0.387617,0.241722,-0.074635,-0.02202,0.077523,-0.076806,0.392794,0.095946,-0.675847,-0.277283,0.402625,0.089046,0.414466,0.331866,0.077523,0.107737,0.086885,0.37721,0.585406,0.797735,0.095946,-0.132103,-0.444397,0.558883,-0.089719,-0.109462,-0.245401,0.168489,-0.579298,0.374802,-0.173201,-0.02202,0.386401,0.249996,0.401715,0.241722,0.168489,-0.189074,0.195096,-0.413573,0.369069,-0.039212,-0.115975,-0.05244,-0.54035,-0.056199,-0.49639,-0.413573,-0.110054,0.05007,-0.163784,0.084711,0.819701,-0.344008,-0.094595,-0.238779,0.585406,0.067279,-0.098683,0.409488,0.175991,-0.269725,0.213491,-0.345329,-0.113286,-0.616723,-0.427546,-0.091779,0.220469,-0.271038,0.144948,0.525437,-0.413573,-0.257466,0.342445,0.077523,0.022543,0.131004,0.209044,0.31367,0.089046,0.39473,0.546504,0.060595,0.249996,0.222688,-0.251167,-0.438918,0.077523,-0.003749,0.39473,0.381157,-0.123593,-0.117733,-0.361585,-0.389993,-0.55348,0.585406,-0.017159,0.124612,0.213824,-0.639486,0.278954,-0.081768,-0.656125,-0.586386,-0.035378,0.533015,-0.167181,0.608196,-0.196818,0.032781,0.429198,-0.390249,-0.193115,0.646856,-0.582396,0.271374,-0.302065,0.086885,0.727227,-0.315911,#
3,-0.016008,-0.435334,0.416618,1.0,-0.435334,-0.015879,-0.015879,-0.229971,-0.056614,0.143183,0.007915,0.149896,-0.28019,0.017381,-0.224465,0.35954,0.018479,0.166537,0.241244,0.18006,0.408107,0.187192,-0.105513,0.401915,0.498497,0.414572,0.588326,0.743478,0.274811,0.201018,0.517395,0.592376,0.206418,0.535535,0.324601,-0.029367,-0.245822,0.084394,-0.265748,0.35954,-0.019974,0.324601,-0.388309,-0.096958,-0.332907,0.069278,0.060349,-0.015875,0.189167,-0.057854,-0.428726,0.196916,-0.019974,0.2717,-0.346224,-0.158895,-0.049401,0.218391,0.02835,0.274811,-0.545582,-0.344353,0.080081,0.183445,0.186288,-0.560797,0.168291,0.471364,-0.257075,-0.368109,0.195954,0.269473,-0.332908,0.424036,-0.00752,-0.518157,-0.303192,0.234987,-0.217939,0.032618,0.665227,0.201494,0.252809,0.151426,0.192898,-0.00819,0.032571,0.293063,0.215724,-0.488972,0.499361,-0.235411,0.688688,0.019931,0.470146,0.244421,-0.042443,0.193007,-0.545182,-0.429128,-0.009735,0.636716,0.645919,0.220547,0.440075,0.016286,-0.390855,0.005134,-0.011812,0.596124,-0.248669,-0.332907,-0.367689,0.424036,0.016286,0.020317,0.045117,0.019931,-0.248669,0.580928,-0.239281,0.259625,0.224937,-0.157359,-0.020421,0.019931,-0.04807,0.058339,-0.271101,0.210148,0.207396,-0.226876,-0.200174,-0.039434,0.451761,0.193007,0.019974,0.215426,0.204153,0.407803,0.008382,-0.085038,0.005134,0.166346,0.185708,-0.236287,0.071381,-0.432004,0.004273,0.252809,0.019931,0.016286,0.220547,0.252809,0.213891,0.25292,-0.242283,0.051287,-0.488972,0.53931,-0.137392,0.23525,-0.332907,0.054725,-0.39412,-0.619064,0.252809,-0.297823,0.53931,0.147439,-0.243639,-0.080508,-0.243293,-0.033629,-0.696112,-0.042443,0.192898,0.265595,-0.435131,0.126932,-0.388322,-0.228849,-0.39153,-0.053951,0.180046,0.310914,-0.069669,0.470146,0.45096,-0.265406,0.315194,-0.233457,-0.041806,-0.073222,-0.430417,0.435756,-0.474733,0.470146,0.100814,-0.568726,#
4,0.571641,0.150807,-0.576554,-0.435334,1.0,0.246213,-0.179683,0.547002,-0.163208,-0.422812,0.18284,-0.004426,0.546604,0.189519,-0.017014,-0.272101,0.087837,-0.342117,-0.006261,-0.385247,-0.22892,-0.01077,0.116103,0.183695,0.096502,0.175316,-0.817944,-0.65458,0.304455,-0.534048,0.388953,-0.157375,0.353674,-0.405295,-0.414246,0.077447,0.082603,-0.096644,-0.059954,-0.272101,0.106991,-0.414246,0.339721,0.276071,-0.272101,0.11828,-0.689045,-0.120341,-0.44592,-0.096317,0.672109,-0.363792,0.106991,-0.411941,0.305875,0.513353,-0.203499,0.020796,0.375179,0.304455,0.476769,0.395903,-0.532539,-0.320092,0.045996,0.523491,0.31316,-0.451179,0.272729,0.256464,-0.266776,0.303422,-0.272101,-0.245897,-0.562454,0.42505,-0.313278,0.101869,-0.38967,-0.245897,0.054669,0.022289,-0.084743,0.075302,-0.006983,-0.135544,0.261697,0.231479,-0.404189,-0.098158,-0.408152,0.074482,-0.534397,-0.631261,-0.105598,-0.393347,-0.116614,-0.389703,0.377386,0.558776,0.418314,-0.119263,0.070211,-0.328653,-0.175089,-0.183017,0.594473,-0.407944,0.18681,-0.384813,0.043601,-0.272101,0.231479,-0.245897,-0.183017,0.18681,-0.213755,-0.08699,0.043601,-0.035001,-0.336086,-0.36699,0.522594,0.042125,0.000271,-0.08699,0.602186,-0.215506,0.075296,0.339122,-0.408782,0.355715,0.101869,0.15927,-0.626437,0.348062,0.106991,-0.42784,-0.20891,-0.142121,-0.23372,-0.092153,0.121648,0.495152,0.022289,0.012608,-0.225287,0.246314,-0.142121,-0.534397,-0.08699,0.261697,-0.800463,-0.084743,-0.423574,-0.121161,0.156188,-0.177882,-0.098158,-0.408152,-0.141675,-0.067412,-0.272101,-0.264644,0.231479,0.023761,-0.084743,-0.025026,-0.408152,-0.016373,0.085664,0.106478,0.373362,0.392679,0.534484,-0.116614,0.404562,-0.160838,0.2105,0.189327,0.108796,0.039928,0.227222,0.574395,-0.007103,-0.553961,0.141504,-0.649868,-0.188757,0.359794,-0.478464,-0.068328,0.163594,-0.260932,0.179014,-0.287444,0.683271,-0.105598,-0.312229,0.358145,#
5,0.671905,0.246213,-0.257937,-0.015879,0.246213,1.0,0.145602,-0.104813,-0.659463,0.006682,0.246213,0.013257,-0.070186,-0.298384,0.410566,0.254385,0.420965,-0.144867,-0.502385,-0.030333,-0.155026,0.423282,0.245744,0.24655,-0.10587,-0.188167,-0.131958,-0.380172,0.443501,-0.800923,0.128717,0.103973,0.089408,-0.166947,-0.435421,-0.12498,-0.189322,0.126977,0.042836,0.254385,-0.095394,0.252866,-0.271977,-0.041641,0.280884,0.336432,0.081061,0.657084,-0.430307,-0.380068,0.572801,-0.492168,-0.095394,-0.498896,0.371023,-0.08887,-0.239393,0.003601,0.063486,-0.257965,0.555458,0.243214,-0.474816,-0.334761,-0.011114,0.279553,-0.44585,0.468366,0.432081,-0.134413,-0.537135,0.391917,0.280884,-0.172005,-0.687074,0.09564,-0.641039,-0.109618,-0.819706,0.249895,0.335033,-0.422576,0.083267,0.113098,-0.039226,0.035619,0.146976,-0.357639,0.0,-0.445205,-0.612114,-0.140333,0.083267,0.08469,0.066026,-0.392926,-0.463716,-0.125918,0.035619,0.670591,0.09376,-0.38489,-0.137773,-0.098089,0.16339,-0.274317,-0.180336,-0.129398,-0.583487,-0.422576,-0.12032,-0.408076,-0.357639,-0.172005,-0.274317,-0.183903,-0.585788,0.08469,0.315995,-0.058228,-0.112672,-0.044908,0.315995,-0.402357,-0.396082,0.08469,-0.144183,-0.098126,0.715185,0.517002,-0.137773,0.091542,-0.109618,-0.194767,-0.463716,0.040343,-0.095394,-0.437088,0.46988,-0.261871,-0.605085,-0.371697,-0.611802,0.319214,-0.014228,0.328161,0.22846,0.153368,-0.261871,0.083267,0.08469,-0.274317,-0.098089,0.083267,0.006053,-0.799545,-0.534184,0.009326,-0.445205,-0.115268,0.050875,-0.375904,-0.408076,0.496951,-0.331342,0.418944,0.083267,-0.14986,-0.115268,-0.460757,0.322711,-0.510522,-0.3589,0.073963,0.340026,-0.463716,-0.039226,-0.034695,0.090523,0.016215,-0.286062,-0.401315,-0.127567,0.210625,0.381688,-0.529113,-0.093745,0.066026,-0.319515,-0.377399,0.352925,0.084605,0.230231,-0.170529,0.23337,0.19365,-0.254753,0.066026,-0.000416,0.087315,#
6,-0.171663,0.246213,0.149993,-0.015879,-0.179683,0.145602,1.0,-0.104813,0.210894,0.432805,0.246213,0.013257,-0.070186,-0.609673,0.410566,0.254385,-0.076191,-0.127283,0.005582,-0.457518,-0.59351,0.003601,-0.210638,-0.196244,-0.10587,0.242194,0.338746,0.078632,-0.257965,-0.333493,-0.50234,0.06289,-0.373377,-0.166947,0.252866,0.401745,-0.668898,0.126977,0.060975,0.254385,-0.612114,-0.435421,-0.271977,-0.961918,0.280884,0.209713,-0.288692,-0.034583,0.145405,0.145773,0.145602,-0.089766,-0.612114,-0.112323,0.371023,-0.527319,0.36198,0.003601,-0.405888,-0.257965,0.555458,-0.412757,0.053661,0.366287,0.197999,0.237442,0.052264,-0.207561,0.603333,-0.24096,-0.093584,-0.44731,0.280884,-0.593906,0.18837,0.09564,0.339374,-0.506931,0.034877,-0.172005,-0.55438,-0.398556,-0.367763,-0.748696,0.397862,0.640913,-0.224753,-0.236982,-0.413376,-0.35496,-0.612114,0.358405,0.083267,-0.370256,0.096355,-0.442615,0.10783,-0.09943,0.126413,-0.158431,0.09376,-0.38489,-0.084388,-0.071797,-0.663195,-0.646046,-0.552066,0.401814,-0.559042,0.009793,-0.520703,0.280884,-0.236982,-0.593906,-0.646046,-0.159458,0.242502,-0.370256,-0.084388,0.387047,0.382525,0.400367,-0.084388,-0.009998,-0.396082,-0.370256,0.401753,0.60689,0.394585,0.057213,-0.084388,-0.800988,-0.506931,0.668405,0.619214,0.517119,-0.612114,-0.388522,-0.203746,-0.237309,0.262234,0.136941,-0.08059,-0.148525,0.009793,-0.009079,-0.21058,0.5843,-0.237309,0.083267,-0.370256,-0.646046,-0.071797,-0.367763,-0.387415,-0.386316,-0.22657,0.169452,-0.35496,-0.115268,0.102951,0.092226,0.280884,0.222949,-0.210685,0.02675,-0.367763,0.807054,-0.115268,0.402816,0.801042,-0.093987,-0.332893,-0.383901,0.368163,0.10783,-0.014943,0.446404,-0.360937,-0.389168,0.609361,0.02155,0.250564,0.263793,0.408151,-0.300761,-0.60868,0.096355,-0.319515,0.538041,-0.255566,0.113025,0.257269,0.278459,0.285768,0.19365,-0.227762,0.096355,0.02661,0.087315,#
7,0.086069,0.090097,-0.117487,-0.229971,0.547002,-0.104813,-0.104813,1.0,-0.08695,-0.645419,0.090097,-0.198775,0.090777,0.351364,-0.219502,0.201837,-0.229279,0.01219,-0.035931,-0.262025,0.094639,-0.243235,-0.39799,0.512207,0.302689,0.511984,-0.488287,-0.207182,-0.218303,-0.049526,0.135149,-0.414813,0.415398,0.300637,-0.139955,0.324417,0.121817,-0.004394,0.432901,0.201837,-0.208944,-0.139955,-0.125033,0.253149,-0.508857,0.053183,-0.371586,-0.424168,0.104524,-0.311772,0.35349,-0.038566,-0.208944,0.009281,-0.153687,-0.148258,0.044044,0.207003,-0.333359,0.534236,0.239794,0.194338,-0.218932,-0.078769,-0.588064,0.33379,0.411638,-0.354315,-0.053467,0.58614,0.059088,-0.220168,-0.508857,0.076597,-0.075857,-0.260358,0.013484,0.050165,-0.192274,0.076597,0.015236,0.218644,0.415011,0.374557,0.196883,0.209295,0.358097,0.506649,-0.230265,0.237941,-0.230265,0.519888,-0.068858,-0.323378,-0.343402,0.201234,0.218082,0.032679,0.230524,0.073224,0.75606,-0.078119,0.02401,-0.420922,-0.10325,0.358097,0.545837,0.32452,0.100764,-0.219437,0.042733,0.230265,0.506649,0.076597,0.358097,0.529442,0.526841,-0.323378,0.042733,0.186077,-0.390266,-0.171174,0.510816,0.654055,0.230481,-0.323378,0.32463,-0.318448,0.047954,0.415146,0.02401,-0.041291,0.050165,0.067347,-0.330536,0.415422,0.324077,0.212914,-0.085164,-0.084829,0.52985,0.316385,0.32452,0.485275,-0.202587,-0.421979,0.136933,-0.065434,-0.084829,-0.068858,-0.323378,0.358097,-0.420922,0.415011,-0.672342,-0.07059,0.195363,-0.436446,0.237941,0.302756,-0.167282,0.415507,0.230265,-0.394574,-0.198643,-0.189769,0.415011,-0.105088,0.302756,0.219339,0.051316,-0.194786,-0.022321,-0.334395,0.069892,0.218082,0.639744,0.010546,-0.033282,-0.012155,0.138781,0.253217,0.096066,0.104754,0.21948,0.163109,-0.187684,-0.343402,-0.029788,0.429666,-0.242371,-0.022398,0.097504,-0.371101,-0.321492,-0.345095,0.386008,-0.343402,0.193028,-0.295338,#
8,-0.592514,0.270644,0.58081,-0.056614,-0.163208,-0.659463,0.210894,-0.08695,1.0,0.417644,-0.564328,-0.025926,-0.10345,0.205033,0.018263,-0.407601,-0.610878,0.405241,0.344734,0.023496,-0.220694,-0.020111,0.201162,-0.196107,0.380905,0.25036,0.378953,0.181629,-0.322296,0.508145,-0.447359,0.107364,0.053977,-0.073313,0.245077,0.421393,0.23833,-0.310159,-0.295217,-0.407601,-0.125519,-0.456067,0.370046,-0.299056,0.294228,-0.653373,-0.347364,-0.538941,0.712782,0.593192,-0.224284,-0.126057,-0.125519,-0.132045,-0.275562,0.207773,0.223247,-0.415378,0.069806,-0.322296,-0.334356,-0.413785,0.040583,0.503703,0.393787,0.048507,0.518582,-0.275845,-0.402132,0.324255,-0.110725,-0.19824,0.294228,-0.204972,0.594151,0.086087,0.345713,-0.532279,0.818741,-0.171912,-0.581526,-0.013741,-0.3764,-0.535739,0.41338,0.156996,-0.644909,-0.249446,-0.024294,0.147677,0.360362,0.384641,-0.3764,-0.389294,0.086034,-0.046042,0.619113,0.341534,0.156996,-0.141597,-0.409277,0.48851,-0.102279,-0.08859,-0.695897,-0.248759,-0.14642,-0.069954,0.231874,-0.013741,0.359964,0.294228,0.447048,-0.204972,-0.248759,-0.158892,0.25008,-0.389294,-0.066722,-0.02646,-0.041969,-0.012891,-0.528966,-0.002306,-0.414797,-0.389294,0.421378,0.10298,-0.444349,-0.376185,0.359964,-0.367707,-0.073579,0.247597,0.619113,0.101599,-0.125519,0.000476,-0.396312,-0.261085,0.270908,-0.090176,0.401804,-0.608864,-0.397718,-0.091502,-0.211984,0.185948,0.164273,0.083055,-0.389294,-0.248759,-0.08859,-0.3764,-0.01002,0.503087,0.648113,0.30329,0.147677,-0.12552,0.320029,0.092522,0.294228,-0.27423,0.447048,-0.374013,-0.3764,0.470859,-0.12552,0.418611,-0.046522,0.541818,0.092522,0.104645,-0.046522,0.619113,-0.007136,0.153741,0.232069,-0.61848,0.773791,-0.020917,-0.165295,-0.144255,-0.405407,0.105572,-0.156694,0.086034,-0.194101,0.535762,-0.268923,-0.331713,-0.158261,0.67232,-0.11558,0.236721,0.151646,0.086034,0.27308,0.159147,#
9,-0.006473,0.426834,0.420674,0.143183,-0.422812,0.006682,0.432805,-0.645419,0.417644,1.0,-0.407101,0.578094,0.183538,0.041533,0.615527,-0.33304,0.014378,0.276052,0.37236,-0.173344,-0.442556,0.209436,0.356913,-0.406658,0.005385,-0.402728,0.710164,0.448214,-0.370965,0.227618,-0.436098,0.101977,-0.227122,-0.496063,0.154422,0.51172,0.102003,-0.474624,-0.160334,-0.33304,-0.023789,0.154422,0.308698,-0.552437,0.354185,-0.371004,0.085428,0.371996,0.289339,0.490843,-0.403052,-0.090102,-0.023789,-0.163004,0.317135,-0.177125,-0.205339,-0.59623,-0.027311,-0.370965,0.059998,-0.292933,-0.062447,0.238749,0.419506,-0.131024,-0.301326,0.336698,0.086943,-0.308412,-0.195935,-0.295379,0.354185,-0.427312,0.00709,0.477287,0.012536,-0.677187,0.201997,-0.39494,-0.249401,-0.622592,-0.654077,-0.743003,-0.213335,0.024847,-0.817836,-0.349949,-0.206168,-0.471089,-0.023789,-0.203424,-0.221486,0.03421,-0.044915,-0.236191,-0.009463,0.222139,0.005109,0.02286,-0.488487,0.184697,-0.259901,-0.239057,-0.422438,-0.389048,-0.814604,0.03057,-0.432715,-0.230938,0.236757,0.354185,-0.323719,-0.427312,-0.389048,-0.81535,-0.437368,-0.510352,0.236757,-0.257002,0.218378,-0.243715,-0.677708,-0.628828,-0.456159,-0.510352,-0.033046,0.453725,0.295193,-0.238654,0.236757,-0.230353,-0.659912,0.359853,0.481014,-0.246527,-0.49956,-0.181661,0.341754,-0.437992,-0.382656,-0.296609,-0.499305,-0.729703,-0.230938,0.694777,-0.450815,0.408024,-0.421972,-0.204183,-0.510352,-0.833999,0.233005,-0.654077,0.204352,-0.221314,-0.033634,0.858641,-0.471089,-0.49956,0.545624,-0.653732,0.354185,0.604558,0.332051,0.212054,-0.654077,0.56649,-0.49956,0.177065,0.21136,0.422943,-0.246646,-0.030447,0.21136,-0.009463,-0.625101,0.57448,0.354254,-0.586429,0.348679,-0.235438,-0.044764,-0.018358,0.185794,-0.10396,-0.039511,0.499646,-0.475055,0.204138,0.354526,0.216541,0.398934,0.832198,0.010453,0.357351,-0.034793,-0.044915,0.132092,0.530727,#
10,0.189959,-0.666353,-0.607838,0.007915,0.18284,0.246213,0.246213,0.090097,-0.564328,-0.407101,1.0,-0.394064,0.124477,-0.535268,0.014311,0.388339,0.125963,-0.882194,0.029912,-0.480378,-0.2619,0.020796,-0.203601,0.16737,-0.408061,0.158814,-0.415523,-0.214769,0.304455,-0.534048,0.311678,-0.173128,-0.534265,0.034242,0.430292,-0.408054,-0.726511,0.31171,0.305195,0.388339,-0.408152,-0.255895,-0.349953,-0.191658,-0.272101,0.985946,-0.032924,0.003978,-0.729218,-0.581004,0.246213,0.496768,-0.408152,0.482147,0.306848,-0.08179,0.534398,0.826032,0.003975,0.304455,0.384969,-0.258066,-0.046202,0.190649,-0.18216,-0.022283,-0.030636,-0.235542,0.664531,-0.459511,0.097672,0.038719,-0.272101,-0.262074,-0.166163,-0.048769,-1e-06,0.533518,-0.38967,-0.262074,0.080506,0.006632,-0.102037,0.058279,0.016294,0.406398,0.665551,0.270033,-0.42004,-0.117767,-0.408152,-0.345234,0.347617,-0.136998,-0.076524,-0.409541,-0.597601,-0.813227,-0.106532,-0.27765,0.418314,-0.534091,0.548182,0.099806,0.2331,-0.199171,0.174465,0.072989,-0.22749,0.413734,-0.818179,-0.272101,-0.411603,-0.262074,-0.199171,0.170875,0.195276,0.407272,-0.383195,0.455394,0.088644,0.455394,0.548182,0.02614,0.405409,0.407272,0.136998,0.460326,0.078368,-0.093336,-0.383195,-0.10267,0.084603,0.251542,-0.087777,0.373453,-0.408152,-0.032123,-0.311196,0.258153,0.158893,0.558282,0.121648,0.602763,0.413734,-0.30744,-0.242122,0.290377,-0.158132,-0.102037,0.407272,0.245543,-0.372003,-0.102037,-0.006789,-0.121161,-0.724521,-0.615569,-0.117767,0.087178,-0.316397,0.356409,-0.272101,-0.23546,-0.385387,0.023761,-0.102037,0.012607,0.087178,0.006623,0.561457,-0.310916,-0.067412,-0.075493,0.129899,-0.597601,0.016294,-0.113566,-0.672355,0.629743,-0.265662,0.050062,0.658054,0.616188,0.440392,-0.36814,-0.37186,-0.620794,0.553433,-0.023036,-0.439577,0.38501,0.206099,-0.636458,0.596915,-0.244542,-0.108462,-0.076524,-0.744355,-0.183809,#
11,0.413277,0.417006,-0.01211,0.149896,-0.004426,0.013257,0.013257,-0.198775,-0.025926,0.578094,-0.394064,1.0,0.640673,0.33975,0.206484,-0.333003,0.522655,0.261936,0.376292,-0.179776,-0.011553,-0.199409,-0.103881,-0.409829,0.00141,-0.405933,0.262477,0.452738,-0.36482,0.220655,0.096611,0.087404,0.227477,-0.496009,-0.30554,0.503702,0.241437,-0.322897,-0.164162,-0.333003,0.483772,0.375533,0.384452,-0.089964,-0.333003,-0.357157,-0.072863,0.395843,-0.010225,0.491235,-0.409465,-0.082351,0.483772,-0.15555,0.393593,-0.179966,-0.799343,-0.583361,-0.041161,0.329293,0.121978,0.40893,0.110219,-0.460141,0.198167,-0.144562,-0.304001,0.124714,0.094288,-0.328557,0.313019,-0.293948,-0.333003,-0.012845,-0.411663,0.534636,0.01244,-0.221071,-0.206799,-0.39821,0.211407,-0.221415,-0.207702,-0.305324,-0.627966,-0.480542,-0.388017,0.332002,-0.212388,-0.483012,-0.027532,-0.213788,-0.207702,0.037861,-0.040631,0.175777,-0.025072,0.208369,-0.010597,0.016269,0.037954,0.178076,-0.252543,-0.232145,0.008866,0.021315,-0.397637,0.026395,-0.024468,-0.221415,0.22288,0.348736,-0.344553,-0.012845,0.021315,-0.404048,-0.440277,-0.502353,0.22288,-0.24676,0.221495,-0.576275,-0.218004,-0.219135,0.109645,-0.502353,-0.036707,0.08561,0.300463,0.213074,-0.226131,0.221308,-0.66664,0.367533,-0.025072,-0.2497,0.011799,-0.188066,0.504744,-0.01505,-0.386019,-0.286982,-0.49925,-0.255059,0.182654,0.696611,-0.37694,0.013558,-0.428232,-0.654005,-0.502353,-0.420084,0.236148,-0.207702,-0.202908,-0.224684,0.13278,0.855617,-0.483012,-0.499505,0.094043,-0.65366,0.348736,0.604482,0.332002,0.218222,-0.207702,0.22841,-0.499505,0.1678,-0.230662,0.424851,0.187665,-0.026138,0.214813,-0.025072,-0.219488,0.58191,0.340888,-0.12106,-0.103726,0.177633,-0.034333,-0.0086,0.192369,0.115297,0.501046,0.499582,-0.465687,0.198154,0.354475,0.226818,0.405627,0.375397,-0.395044,-0.02342,0.383979,-0.040631,0.11962,0.528751,#
12,0.546392,0.090031,-0.555387,-0.28019,0.546604,-0.070186,-0.070186,0.090777,-0.10345,0.183538,0.124477,0.640673,1.0,0.316169,0.227136,-0.508488,0.344851,-0.387312,0.563257,-0.635109,-0.374107,-0.209115,0.019179,-0.330807,-0.219999,-0.340129,-0.395924,-0.036775,-0.215919,-0.050867,0.261792,-0.306098,-0.043594,-0.757393,-0.083095,0.324181,0.121728,-0.406906,0.039938,-0.508488,0.302536,-0.083095,0.614556,0.037945,-0.508488,0.090465,-0.369622,0.155427,-0.504821,0.211311,-0.070186,0.169613,0.302536,0.046224,0.605933,0.223355,-0.414709,-0.175172,0.232158,0.536073,0.401224,0.302385,-0.175193,-0.278827,0.100566,0.082649,-0.081578,-0.351828,0.402009,-0.287421,0.189677,-0.225589,-0.508488,-0.375748,-0.518984,0.820073,0.013474,0.050129,-0.208774,-0.793246,0.015225,-0.219277,-0.515132,-0.308387,-0.654297,-0.299988,-0.05906,0.506281,-0.673249,-0.310451,-0.251403,-0.400456,-0.515132,-0.323143,-0.343152,-0.251692,-0.330296,-0.450068,0.209143,0.073171,0.278696,-0.09702,0.023992,-0.420616,-0.103175,-0.093802,0.111173,-0.192867,0.083557,-0.219277,0.023992,0.230098,-0.22669,-0.375748,-0.093802,-0.327675,-0.353214,-0.323143,0.023992,-0.230209,0.066734,-0.5872,0.061412,-0.205861,0.375531,-0.323143,0.324394,0.272251,0.153672,-0.059104,-0.46246,0.413729,-0.432594,0.543992,-0.330296,-0.049037,-0.208792,-0.22978,0.061549,-0.084767,-0.314897,0.098045,-0.192867,0.060635,0.218485,0.537779,-0.768291,0.396586,-0.532402,-0.99865,-0.323143,-0.093802,-0.420616,-0.515132,-0.240918,-0.089848,-0.004545,0.407079,-0.310451,-0.762732,0.029309,-0.496273,0.230098,0.139212,0.506281,0.258842,-0.515132,0.289542,-0.762732,0.202365,0.069841,0.549585,0.415206,0.200743,0.552462,-0.330296,-0.211758,0.340322,0.259611,0.210717,-0.004384,0.237777,0.559275,0.560656,0.236779,-0.299409,0.358817,-0.343152,-0.190462,0.460022,-0.242195,0.465096,0.561186,0.075786,0.128114,-0.385211,0.815302,-0.343152,-0.513588,0.733747,#
13,0.189373,0.189519,0.242422,0.017381,0.189519,-0.298384,-0.609673,0.351364,0.205033,0.041533,-0.535268,0.33975,0.316169,1.0,0.077426,-0.401621,-0.239651,0.377846,0.459005,-0.038577,0.156342,0.054105,0.2551,0.327754,0.443358,-0.129758,0.017785,0.275181,-0.357797,0.580918,0.166793,-0.381192,0.449337,-0.023688,-0.050376,0.464673,0.862298,-0.6941,0.229394,-0.401621,0.276114,0.451159,0.465749,0.571966,-0.401621,-0.494513,0.045404,-0.02765,0.28511,0.026527,-0.298384,0.069158,0.276114,0.063166,-0.225761,0.197549,-0.404122,-0.354295,0.063654,0.380515,-0.31811,0.114717,-0.373106,-0.020521,-0.326451,-0.129389,0.068721,0.260932,-0.581644,0.44728,-0.09337,-0.093811,-0.401621,0.160545,-0.193539,0.119162,-0.330739,-0.170061,0.046319,-0.249357,0.294805,-0.096656,-0.003652,0.283959,-0.392219,-0.305557,-0.322835,0.357864,-0.083671,0.061131,0.422539,-0.137078,-0.332305,0.079316,-0.514941,0.33572,0.041647,0.314603,0.048517,0.167802,0.096238,0.561676,-0.054244,-0.626897,0.102007,0.555983,0.16834,-0.043009,0.143886,-0.394208,0.782101,0.323528,0.357864,0.160545,0.555983,-0.259865,-0.152209,-0.495296,0.322868,-0.420797,-0.591265,-0.771294,-0.16446,-0.087954,0.127747,-0.495296,-0.110011,-0.33963,-0.087605,-0.015328,0.451453,0.448903,-0.170061,-0.192291,-0.330984,-0.358565,0.297032,0.484622,0.457475,-0.342246,-0.112159,-0.060742,-0.094381,-0.182078,-0.509923,0.301029,-0.214323,-0.159563,-0.342246,-0.332305,-0.495296,0.086477,-0.128785,-0.003652,0.039224,0.142079,0.305301,0.278364,0.061131,-0.079488,0.371877,-0.340903,0.323528,-0.019226,0.357864,-0.049112,-0.003652,-0.282884,-0.079488,0.036513,-0.462223,0.386704,-0.036638,0.013592,-0.134179,0.041647,-0.091419,0.213016,0.653304,-0.26629,-0.079067,-0.097147,-0.151762,-0.128063,0.058921,0.349016,0.272381,0.059671,-0.10864,0.112334,0.384601,0.145424,0.312373,0.273774,-0.539195,-0.100779,0.516383,-0.514941,0.23697,0.141269,#
14,0.409476,0.398196,0.000918,-0.224465,-0.017014,0.410566,0.410566,-0.219502,0.018263,0.615527,0.014311,0.206484,0.227136,0.077426,1.0,-0.333253,0.022513,-0.176837,0.294548,-0.576955,-0.815757,0.606343,0.395896,0.015262,-0.006359,-0.412592,0.284488,0.014726,-0.304603,-0.198368,-0.411497,-0.386202,-0.2372,-0.496381,0.163935,0.488517,0.101349,-0.475198,0.287974,-0.333253,-0.49988,0.163935,0.334712,-0.345748,0.33842,0.076839,0.135255,0.379625,-0.0993,0.016229,-0.005915,-0.068653,-0.49988,-0.142448,0.343637,-0.162677,0.079487,-0.181092,0.006527,-0.304603,0.560344,-0.316312,-0.561983,0.286324,0.002352,-0.005369,-0.309524,0.391731,0.27783,-0.17249,-0.606815,-0.281284,0.33842,-0.8163,-0.393549,0.497328,-0.306349,-0.67249,-0.18897,-0.404986,-0.253964,-0.999219,-0.654496,-0.552671,-0.231726,0.469361,-0.425404,-0.373549,-0.596756,-0.497763,-0.49988,-0.234254,-0.214783,0.015467,-0.534967,-0.634129,-0.51581,-0.223567,-0.032229,0.382254,0.006421,-0.248465,-0.264428,-0.654606,-0.417856,-0.401244,-0.428564,0.018259,-0.815872,-0.601117,0.203976,0.33842,-0.373549,-0.8163,-0.401244,-0.815872,-0.446388,-0.516771,0.203976,-0.258514,-0.204152,-0.245528,-0.264428,-0.637769,-0.432365,-0.516771,-0.043898,0.311197,0.737812,-0.248465,0.203976,-0.232239,-0.67249,0.349552,-0.017258,-0.256144,-0.49988,-0.193484,0.494463,-0.816649,-0.392967,0.095838,-0.499625,-0.274584,-0.601117,0.694546,-0.459497,0.80663,-0.816649,-0.214783,-0.516771,-0.836127,-0.193227,-0.654496,0.199544,-0.652944,-0.389576,0.392501,-0.497763,-0.49988,0.513848,-0.654151,0.33842,0.397152,0.293018,0.606962,-0.654496,0.544838,-0.49988,-0.217132,0.626906,0.239485,-0.654151,-0.047499,0.626906,-0.51581,-0.634173,0.590231,0.376031,-0.581569,0.346454,-0.58449,0.374923,0.393237,0.586447,-0.512031,-0.480776,-0.002729,-0.424288,0.212391,0.315169,0.656341,0.808401,0.442458,0.415146,0.346118,-0.005465,-0.534967,-0.123529,0.499605,#
15,-0.272091,-0.272101,0.249996,0.35954,-0.272101,0.254385,0.254385,0.201837,-0.407601,-0.33304,0.388339,-0.333003,-0.508488,-0.401621,-0.333253,1.0,-0.166524,0.090748,-0.497382,0.22523,0.407976,-0.333211,-0.268932,0.387268,-0.16663,0.394225,0.078724,0.10655,0.091373,-0.218075,0.036113,0.04638,-0.218164,0.573969,0.142083,-0.166627,-0.491902,0.286252,0.397845,1.0,-0.166667,0.142083,-0.98898,-0.261911,-0.111111,0.432084,0.178894,0.195209,0.092848,-0.665389,0.254385,0.120944,-0.166667,0.204036,0.073654,-0.604573,0.218218,0.317592,-0.659201,0.091373,0.0,-0.148107,0.170459,0.121758,-0.469076,0.230908,-0.215292,0.156973,0.294596,0.115987,0.143066,-0.039294,-0.111111,0.408248,0.258841,-0.663264,0.0,0.217859,-0.333069,0.408248,0.230372,0.325405,0.509175,0.395896,0.332873,0.16595,0.271774,0.110266,0.333333,0.160094,-0.166667,0.211667,0.509175,0.166307,0.166307,0.348589,0.160094,0.217859,0.16595,-0.271577,0.146211,-0.218093,0.223847,0.212009,0.278732,0.271774,-0.271774,0.642529,-0.272023,0.325405,-0.50796,-0.111111,0.110266,0.408248,0.271774,0.398178,0.416936,0.166307,0.223847,0.347088,0.20596,0.347088,0.223847,0.340115,0.07952,0.166307,-0.166307,0.223848,0.06463,0.523424,0.223847,-0.218093,0.217859,-0.269977,0.160094,0.508338,-0.166667,0.332873,-0.017382,0.265403,0.388544,-0.020507,-0.166582,0.223285,0.325405,-0.50309,0.437329,-0.407722,0.265403,0.509175,0.166307,0.271774,0.212009,0.509175,-0.333145,-0.2177,-0.483698,-0.391051,0.160094,0.666667,-0.012598,0.494925,-0.111111,0.201307,-0.992398,-0.341553,0.509175,-0.324478,0.666667,0.324967,0.217813,-0.895682,-0.218103,-0.664573,-0.508231,0.160094,0.332873,-0.266711,-0.495099,0.257152,-0.324918,0.33246,-0.270066,-0.278672,0.341432,0.376455,-0.193773,0.166307,0.194046,-0.230682,0.11776,-0.224589,-0.279064,-0.294166,-0.278861,-0.270666,-0.417881,0.166307,0.257152,-0.660631,#
16,0.612366,0.087837,-0.611308,0.018479,0.087837,0.420965,-0.076191,-0.229279,-0.610878,0.014378,0.125963,0.522655,0.344851,-0.239651,0.022513,-0.166524,1.0,-0.224472,-0.131547,0.000735,0.102662,0.026588,-0.403053,-0.407518,-0.24973,-0.407757,-0.134839,-0.019386,0.202152,-0.326833,0.32565,0.297534,0.211604,-0.248038,-0.521512,-0.249726,-0.17911,0.471912,-0.324433,-0.166524,0.351551,0.279487,0.160095,0.153459,-0.166524,0.164648,0.126516,0.344805,-0.565195,0.273749,-0.114434,-0.128209,0.351551,-0.16139,0.203512,-0.066136,-0.561229,0.026588,0.221822,0.202152,0.304197,0.66826,0.306563,-0.804746,0.226169,-0.289142,-0.322661,0.048891,0.244776,-0.62975,0.367569,0.098635,-0.166524,0.083091,-0.611283,0.272373,1e-06,0.326509,-0.499176,0.083091,0.345262,-0.024083,0.197843,0.036937,-0.498882,-0.35004,0.407312,0.165258,-0.018503,-0.40097,-0.249786,-0.242034,0.238219,0.249248,0.249248,-0.006895,-0.40097,-0.237827,-0.396098,0.105523,0.267824,-0.32686,-0.192592,0.317741,0.417739,-0.120685,0.082971,-0.249659,0.075935,0.012472,-0.233213,-0.166524,-0.691635,0.083091,-0.120685,0.075935,-0.406467,0.249248,-0.233213,0.030782,0.308676,0.030782,0.335483,-0.012732,0.289431,0.249248,-0.249247,-0.252254,0.391038,0.208222,-0.761288,0.208222,-0.237827,0.152669,-0.355191,-0.326509,0.351551,-0.498882,0.333354,0.397764,-0.407621,-0.042118,-0.249659,0.379862,0.48769,0.370579,0.105193,-0.070982,-0.125552,-0.327046,0.249248,-0.120685,0.317741,0.197843,0.024656,-0.326271,-0.098447,0.216655,-0.40097,-0.249786,-0.585297,-0.326874,-0.166524,0.301702,0.165258,0.499252,0.197843,-0.02504,-0.249786,-0.498629,-0.197476,0.077062,0.18765,0.258224,0.32644,-0.40097,-0.018477,0.203226,-0.143876,0.385398,-0.451891,0.00142,0.136852,0.115419,0.018952,-0.212597,0.391823,0.249248,-0.10256,-0.309873,0.176489,0.233301,0.123922,-0.405702,0.107415,0.120193,-0.089883,0.249248,-0.190401,0.216383,#
17,-0.349752,0.587006,0.786495,0.166537,-0.342117,-0.144867,-0.127283,0.01219,0.405241,0.276052,-0.882194,0.261936,-0.387312,0.377846,-0.176837,0.090748,-0.224472,1.0,-0.277789,0.622193,0.482457,-0.200919,0.074419,0.011076,0.348735,0.023808,0.493273,0.293702,-0.305615,0.475646,-0.33282,0.192952,0.456591,0.252005,-0.384623,0.37041,0.535986,-0.198723,-0.109904,0.090748,0.348813,0.351986,-0.124835,0.065362,0.232542,-0.844688,0.132073,0.09502,0.840466,0.288705,-0.144867,-0.463929,0.348813,-0.40677,-0.287829,-0.236239,-0.462893,-0.733116,-0.357585,-0.276741,-0.407693,0.199807,0.14183,-0.138289,-0.05587,0.142483,-0.082505,0.330307,-0.562512,0.557636,-0.02556,-0.086025,0.232542,0.482779,0.318108,-0.2812,0.013454,-0.474487,0.257372,0.482779,0.018194,0.150484,0.363878,0.131357,0.14393,-0.346068,-0.586131,-0.229118,0.61255,0.213466,0.348813,0.485131,-0.118817,0.237451,0.150061,0.624426,0.728559,0.990842,0.204552,0.152492,-0.369856,0.456443,-0.487162,-0.011904,-0.118361,0.360492,-0.33295,0.267246,0.098407,-0.286533,0.625818,0.260901,0.502605,0.482779,0.360492,0.01288,0.011778,-0.369284,0.532429,-0.320134,0.016307,-0.320134,-0.487162,0.152216,-0.389677,-0.369284,-0.236202,-0.373266,-0.042887,0.361814,0.532429,-0.00668,0.007414,-0.398578,0.181273,-0.146969,0.348813,0.213896,0.331401,-0.152058,0.038675,-0.600875,-0.219871,-0.54586,-0.286533,0.081206,0.476242,-0.512508,0.294815,0.363878,-0.369284,-0.135261,0.514053,0.363878,-0.171271,0.013381,0.534334,0.470978,0.213466,0.242468,0.34254,-0.135526,0.260901,0.361912,-0.088402,-0.191353,0.363878,-0.166239,0.242468,0.168054,-0.485969,-0.117731,-0.044533,-0.275158,-0.393315,0.728559,0.14393,-0.001238,0.476217,-0.557099,0.129461,0.124452,-0.836705,-0.809734,-0.289751,0.598008,0.296739,0.756796,-0.505167,-0.080072,0.536664,-0.514958,-0.35301,0.544039,-0.789162,0.117439,-0.089768,0.150061,0.937991,-0.133603,#
18,0.114635,-0.25947,-0.007622,0.241244,-0.006261,-0.502385,0.005582,-0.035931,0.344734,0.37236,0.029912,0.376292,0.563257,0.459005,0.294548,-0.497382,-0.131547,-0.277789,1.0,-0.630055,-0.39462,0.169313,0.036526,0.012295,0.28727,0.009503,0.231727,0.560355,-0.343717,0.464352,0.199695,-0.188426,-0.088438,-0.234588,0.597445,0.439622,0.117308,-0.509542,0.033893,-0.497382,-0.175547,-0.016368,0.552436,-0.08889,-0.497382,0.010763,-0.180575,-0.280877,-0.032597,0.263674,-0.611236,0.556157,-0.175547,0.498464,-0.016162,0.135922,0.095768,0.098023,0.230057,0.49037,-0.141846,-0.435681,-0.157996,0.409925,0.135627,-0.501623,0.302914,-0.067742,-0.100603,-0.346138,0.15607,-0.311555,-0.497382,-0.37625,-0.089845,0.345258,0.027758,-0.057367,0.203634,-0.842083,0.024036,-0.29072,-0.574611,-0.40479,-0.303173,0.177363,-0.21469,0.497017,-0.667077,-0.398566,0.285263,-0.429168,-0.057461,-0.275633,-0.334881,-0.202572,-0.29637,-0.34195,-0.303316,-0.411467,0.181379,0.419227,0.433007,-0.451076,-0.130836,-0.099978,-0.089454,-0.114047,0.004152,0.177492,0.055543,0.321836,-0.286937,-0.37625,-0.099978,-0.454689,0.017054,-0.437921,-0.349126,0.154426,-0.303265,-0.227963,-0.068012,-0.284298,0.257251,-0.437921,0.278208,0.362083,-0.190606,-0.498478,0.055543,-0.082697,-0.573667,0.59205,0.289983,-0.082113,-0.285263,0.200053,0.034328,-0.119954,0.050132,0.452523,0.175457,-0.099317,-0.186673,0.236303,-0.820361,0.394065,-0.598725,-0.574611,-0.437921,-0.232582,-0.310394,-0.574611,0.173359,0.328741,-0.023949,0.274914,-0.398566,-0.285263,0.129373,-0.164561,0.321836,-0.209447,0.497017,-0.155448,-0.574611,0.355312,-0.285263,0.283197,0.070498,0.773591,-0.070684,0.120552,0.070498,-0.29637,-0.303173,0.642288,0.005112,-0.095258,0.172303,-0.169475,0.498944,0.494468,0.300061,-0.024782,-0.157446,-0.172592,0.268811,0.477441,-0.12059,0.487593,0.618865,0.228804,0.03449,0.125914,0.362204,-0.334881,-0.431529,0.253633,#
19,-0.396995,0.040635,0.386266,0.18006,-0.385247,-0.030333,-0.457518,-0.262025,0.023496,-0.173344,-0.480378,-0.179776,-0.635109,-0.038577,-0.576955,0.22523,0.000735,0.622193,-0.630055,1.0,0.794565,-0.170102,0.075949,-0.071723,0.010122,-0.064221,0.164942,-0.031056,0.299359,0.234671,-0.014484,0.446376,0.257399,0.444648,-0.40237,-0.496711,0.279252,0.320846,-0.337652,0.22523,0.536577,0.285895,-0.305422,0.392112,0.357718,-0.449768,0.389492,0.106407,0.372725,0.059116,-0.030333,-0.316213,0.536577,-0.235181,-0.4401,0.104971,-0.251528,-0.263845,0.010154,-0.402085,-0.637123,0.319397,0.402443,-0.311106,0.065437,-0.027533,-0.163606,0.278681,-0.548867,0.292483,0.109665,0.424286,0.357718,0.795094,0.35821,-0.492097,0.0,0.19916,0.217748,0.795094,0.228566,0.561692,0.61581,0.527305,0.166705,-0.534271,-0.032406,-0.354998,0.993661,0.477238,0.536577,0.18475,0.164794,0.495759,0.495759,0.616794,0.477238,0.649435,-0.019788,0.071242,-0.551305,0.269415,-0.240222,0.631995,0.405091,0.388874,0.032406,-0.09137,0.435768,0.153357,0.300791,-0.33122,0.328702,0.795094,0.388874,0.355854,-0.037166,0.495759,0.213531,-0.226912,0.170908,0.119402,-0.240222,0.18014,-0.115137,0.495759,-0.495759,-0.522391,-0.368371,0.180997,0.213531,0.269415,0.649435,-0.804798,-0.03413,-0.285751,0.536577,0.166705,0.029017,0.373618,-0.070421,-0.544323,0.005108,-0.213714,0.153357,-0.235088,0.787169,-0.813221,0.791162,0.61581,0.495759,0.388874,0.631995,0.61581,0.261043,0.287662,0.352464,-0.044869,0.477238,0.437211,-0.089629,0.149037,-0.33122,0.082549,-0.223517,-0.18151,0.61581,-0.623768,0.437211,-0.254635,-0.701241,-0.365258,0.234058,0.094505,-0.614668,0.477238,0.166705,-0.614654,0.119228,0.090948,-0.352992,0.118927,-0.805062,-0.830717,-0.67582,0.487916,0.486532,0.495759,0.029174,-0.687659,0.351041,-0.669495,-0.831884,-0.007015,-0.412113,0.060245,-0.409004,0.495759,0.550368,-0.374624,#
20,-0.240985,-0.22892,0.224813,0.408107,-0.22892,-0.155026,-0.59351,0.094639,-0.220694,-0.442556,-0.2619,-0.011553,-0.374107,0.156342,-0.815757,0.407976,0.102662,0.482457,-0.39462,0.794565,1.0,-0.417386,-0.259165,0.141188,0.092351,0.149508,0.004129,0.206482,0.225797,0.321609,0.389761,0.355192,0.380148,0.607681,-0.304325,-0.407878,0.196898,0.315317,-0.153957,0.407976,0.611965,0.402144,-0.420363,0.525008,-0.271984,-0.228688,0.270854,0.008533,0.219701,-0.130142,-0.155026,-0.011553,0.611965,0.082548,-0.420689,-0.035483,-0.367983,-0.019117,-0.13048,0.225797,-0.665406,0.414337,0.458985,-0.419392,-0.198126,-0.152114,-0.05506,0.164373,-0.485636,0.211362,0.475279,0.304588,-0.271984,0.999334,0.209282,-0.608841,0.0,0.533288,-0.034674,0.5996,0.563917,0.796546,0.819055,0.771153,0.0,-0.609335,0.266106,0.269917,0.815953,0.391888,0.591566,0.095336,0.356111,0.407097,0.407097,0.853296,0.391888,0.533288,-0.101556,-0.21273,-0.098622,0.355552,0.082192,0.518968,0.682295,0.665264,0.182948,0.087379,0.564545,0.377411,0.100106,-0.271984,0.269917,0.999334,0.665264,0.58095,0.178357,0.407097,0.100106,0.019531,0.066879,0.019531,0.118019,0.437575,0.333691,0.407097,-0.407097,-0.495763,-0.455634,0.391854,0.082192,0.373703,0.533288,-0.660866,-0.133004,-0.088881,0.632363,0.391116,0.070206,0.64967,0.142665,-0.301196,0.087379,0.140335,0.393532,-0.399403,0.654546,-0.998046,0.64967,0.356111,0.407097,0.665264,0.518968,0.819055,-0.006796,0.37303,0.239841,-0.173386,0.391888,0.611965,-0.305293,0.338811,-0.271984,-0.018028,-0.404875,-0.406683,0.819055,-0.794277,0.611965,-0.025569,-0.799764,-0.392458,0.338811,-0.090377,-0.781991,0.391888,0.423709,-0.474815,-0.111688,0.416091,-0.629655,0.371434,-0.661083,-0.68215,-0.417888,0.713168,0.577325,0.407097,0.279835,-0.564677,0.28826,-0.549761,-0.683109,-0.321265,-0.682612,-0.193244,-0.196059,0.407097,0.424627,-0.567848,#
