0,1.0,-0.161223,0.001564,-0.175742,-0.159872,-0.068055,0.043752,-0.154104,-0.35823,0.20846,-0.529919,-0.018967,0.03669,0.525027,-0.169066,0.237531,0.004573,-0.532071,-0.514633,-0.530292,0.341814,0.058164,0.120382,-0.40492,-0.284861,-0.350882,0.276759,-0.393272,0.661072,0.517679,0.025883,0.132821,0.650379,-0.167879,0.082043,0.261639,0.126216,-0.800661,-0.198531,-0.404927,0.31003,0.321992,0.412239,0.281102,-0.661178,-0.129728,0.156617,-0.442881,-0.507623,0.251631,-0.253021,-0.338841,0.338838,-0.030458,0.237377,-0.263155,0.235456,0.024905,-0.385236,0.404629,0.522468,0.544111,0.17208,-0.416784,0.046612,0.001567,-0.198163,0.367437,-0.68222,-0.574226,-0.489425,0.051117,-0.270011,-0.067107,-0.170701,0.249119,-0.456825,-0.146673,-0.809625,0.438079,-0.360131,-0.529155,0.2464,-0.170701,-0.207495,-0.002344,-0.354927,0.267935,-0.087863,-0.405017,-0.201002,-0.360131,-0.035884,-0.529155,0.409854,-0.809407,-0.354187,0.251416,-0.171124,0.150889,0.394412,-0.035884,-0.629254,0.150889,-0.160771,-0.452764,0.259058,0.090142,-0.045057,0.261477,-0.045057,0.535231,-0.044074,-0.146673,0.008033,0.218756,-0.405017,0.041309,-0.354187,-0.137464,-0.404811,0.347466,0.303522,-0.270011,-0.064314,-0.332661,-0.456825,-0.178504,-0.540027,0.038553,0.150889,-0.661062,-0.002344,-0.201002,-0.661062,-0.404811,-0.136917,0.150889,0.458813,-0.452764,0.150889,-0.302488,0.440177,0.266967,-0.465486,-0.286018,0.150889,-0.04251,-0.529155,-0.187205,0.07966,-0.529155,-0.045057,-0.360131,-0.044074,0.150889,0.130996,-0.063581,0.267935,0.166687,0.34659,-0.530022,-0.005407,-0.489011,-0.160771,-0.313889,-0.661062,0.089647,-0.045057,-0.530012,0.10028,0.147669,-0.530022,0.041309,-0.223831,0.142226,-0.452764,-0.045194,-0.017093,0.167549,0.117353,-0.005211,0.177314,0.396725,0.204869,0.274197,0.250892,-0.044074,0.003705,0.067028,-0.084295,0.163807,-0.223831,0.147988,-0.036388,0.471196,-0.609554,-0.171124,-0.267433,0.4679,#
1,-0.161223,1.0,-0.002485,-0.404922,0.132162,-0.222221,0.229808,0.39168,0.002562,0.587708,-0.169621,0.004067,0.76166,0.204653,0.587708,-0.079606,-0.54328,0.108306,0.525029,0.334784,-0.226181,0.201415,0.253236,0.231991,-0.099488,-0.502831,-0.380956,0.197773,-0.396891,0.396926,0.089358,0.096826,0.108306,0.314658,-0.336211,0.3142,-0.007676,0.213172,-0.103775,0.280211,0.328167,0.507073,-0.301459,-0.159673,0.398112,-0.402893,0.559732,-0.051138,0.464978,-0.123266,0.589217,0.290859,0.170464,-0.377758,-0.226437,-0.226932,-0.180354,-0.28133,-0.199599,-0.254033,0.164533,0.238733,-0.439433,-0.193172,0.512138,-0.22893,-0.083256,-0.392166,0.448295,0.075589,0.602479,-0.116163,0.170464,-0.386733,0.15349,-0.234351,0.026733,0.314363,0.051688,0.005093,0.032183,-0.386733,-0.074844,0.13344,-0.074844,0.026733,0.008107,-0.161675,-0.022652,0.279818,-0.072866,-0.474941,-0.191906,0.114505,-0.277873,0.008107,0.252385,0.313968,0.418425,-0.371483,-0.222221,-0.191906,0.109621,0.255696,-0.277873,0.022275,-0.59191,-0.375796,-0.191606,-0.409454,0.334784,0.398333,-0.220893,0.314363,-0.473602,-0.634015,0.279818,0.227544,0.2105,-0.419727,0.232144,-0.222878,-0.416562,0.170464,-0.312967,-0.120275,0.512091,0.95938,-0.17463,0.255565,0.255696,0.398488,-0.486016,-0.571947,-0.052903,-0.353383,0.293155,0.255696,-0.326217,0.022275,0.255696,0.029475,-0.212662,-0.256586,0.252385,0.459107,-0.371483,-0.218605,0.134554,-0.251119,-0.506611,-0.386733,0.334784,0.005093,-0.220893,-0.371483,0.182733,-0.384377,-0.161675,-0.353383,-0.152698,-0.191906,0.232331,0.692319,0.390673,0.390065,-0.052903,-0.08279,-0.191606,-0.222667,-0.341949,-0.048767,-0.191906,0.205827,0.40144,-0.329214,0.022275,0.516968,0.2175,-0.625336,0.389111,0.233983,-0.599603,-0.218069,-0.177979,-0.588869,0.503899,-0.244116,-0.307816,0.42944,0.133926,-0.123718,0.40144,0.602035,0.318835,0.170464,-0.232123,0.418425,0.587459,-0.157829,#
2,0.001564,-0.002485,1.0,0.409235,0.392801,-0.519927,0.209896,-0.011892,0.583984,0.012161,-0.241109,-0.200138,-0.214656,-0.200089,-0.003492,-0.410293,-0.597298,0.387828,-0.363403,-0.224753,-0.213393,0.651696,-0.214656,0.001336,0.822505,0.171627,0.505175,0.658635,0.00509,0.009608,-0.179399,-0.385679,-0.39421,-0.212763,0.120875,-0.202384,-0.588271,-0.20943,0.806379,-0.499717,0.634385,-0.326951,-0.032123,0.291086,-0.012969,0.366503,-0.332269,0.621743,-0.079419,-0.339354,-0.158495,0.127891,0.348365,0.239839,-0.342389,0.041801,0.315458,-0.223376,-0.411776,0.508991,-0.256554,-0.036906,-0.09818,-0.281544,-0.160939,-0.391674,0.39636,0.007233,0.249398,0.335661,0.247669,0.411832,0.323121,0.382742,0.382742,-0.332056,0.178347,-0.216536,-0.225209,-0.203096,0.172819,-0.026402,-0.012367,0.382742,-0.414291,0.580789,0.580789,0.301338,0.197852,-0.007573,0.383706,-0.225209,0.634275,0.382742,0.483695,0.178347,0.631559,0.229272,-0.025947,-0.007573,0.496327,0.634275,0.390043,0.484682,-0.021594,0.591108,0.383706,0.095058,-0.654428,0.016421,0.204922,0.011043,0.466186,-0.216536,0.305873,0.364342,-0.007573,0.649222,0.200438,0.361167,0.502817,0.212609,0.390043,0.323121,0.451593,0.28078,0.192966,-0.047856,-0.285407,0.502817,0.484682,-0.008879,0.178347,-0.023677,-0.023677,0.484434,-0.214045,0.484682,0.243402,0.591108,-0.007573,-0.486592,0.204922,0.232585,-0.239136,-0.410853,-0.499828,-0.044411,0.382742,0.264268,-0.029701,-0.026402,0.204922,-0.210751,0.466186,-0.007573,-0.226067,-0.031158,0.301338,0.484434,-0.108682,0.196715,0.053439,0.301338,-0.021594,-0.421909,-0.023677,-0.007476,-0.224753,0.204496,-0.274336,-0.573514,0.196715,0.649222,-0.059348,0.631559,0.184047,0.169411,0.169035,-0.012359,-0.037167,0.185906,-0.038188,-0.27981,-0.429739,0.240928,-0.128991,-0.025947,0.240934,-0.436406,-0.420478,-0.415754,-0.059348,0.382788,-0.438688,0.323121,-0.524011,-0.025947,-0.0,-0.170097,#
3,-0.175742,-0.404922,0.409235,1.0,-0.274045,-0.42406,-0.092601,-0.414423,0.411849,-0.23419,0.077724,-0.012942,-0.527047,-0.082734,-0.23419,-0.169119,-0.372848,0.166188,-0.227605,0.094688,0.083543,0.359241,-0.10243,0.433809,0.661125,0.820981,0.692699,0.263711,0.16156,-0.620821,-0.031413,0.248168,-0.249589,-0.349152,0.29665,-0.356047,-0.356354,-0.050794,0.241449,-0.611991,0.024787,-0.351172,0.098744,0.388359,0.257571,0.610915,-0.207674,0.115698,-0.453492,-0.297665,-0.382408,-0.140332,0.263447,-0.007061,-0.229669,0.243077,0.407759,-0.126095,0.347835,0.61154,-0.124266,-0.139848,0.086158,-0.180564,-0.246995,-0.294869,-0.178373,0.174319,-0.227778,0.183077,-0.303918,0.509414,0.263447,0.145084,-0.288737,-0.242088,0.393809,0.111539,-0.008876,-0.409155,-0.008876,0.579799,-0.177144,0.145978,0.2499,0.393809,0.408766,-0.31857,0.423413,-0.108478,0.24421,0.398365,0.069449,0.161184,0.610882,0.408766,0.339811,0.086188,-0.427612,0.395171,0.066401,0.069449,0.576035,-0.108478,0.610882,0.388362,0.228178,0.514676,0.094688,-0.227727,-0.361842,-0.584242,0.056167,-0.353367,0.52868,0.281249,-0.108478,-0.112969,-0.084953,0.540915,0.413777,0.517137,0.576035,0.263447,0.081207,0.368278,0.408766,-0.430306,0.466187,0.394969,-0.108478,0.25935,0.377972,0.228178,0.24421,0.394969,0.117574,-0.108478,-0.090861,0.388362,-0.089107,0.099209,0.077779,-0.316746,-0.10129,0.124711,0.414542,0.069216,0.161184,0.139507,0.212521,0.579799,0.094688,0.413158,0.58931,0.395171,-0.073887,-0.278298,0.393597,-0.122806,-0.269617,0.534356,-0.045084,-0.292193,-0.423088,-0.148881,0.24421,0.674443,0.077779,0.551251,-0.040288,-0.261353,0.534356,0.357896,-0.39013,0.78956,0.40438,-0.400922,-0.07128,0.245666,-0.120768,-0.05385,0.226074,-0.345788,-0.232293,0.223076,-0.194197,0.104435,0.365812,-0.164645,-0.249898,-0.151597,-0.39013,-0.241415,-0.555351,-0.408085,0.116213,-0.427612,0.176964,-0.387164,#
4,-0.159872,0.132162,0.392801,-0.274045,1.0,0.118009,0.361999,0.622877,-0.035759,0.166937,0.096008,-0.388183,0.383705,-0.081803,-0.257309,-0.152976,0.010443,0.134931,0.383547,-0.353162,-0.800878,-0.106298,0.383705,-0.128063,0.2218,-0.455731,0.00198,0.370105,-0.249185,0.293191,-0.367439,-0.452223,-0.225303,-0.322659,-0.156273,0.106359,-0.019747,-0.15872,0.217954,0.434479,0.040453,-0.336743,0.029503,-0.314085,-0.17689,-0.011332,-0.153207,0.327641,0.037453,0.435811,0.289748,0.774474,0.276311,0.307278,0.37093,0.039981,-0.318772,-0.056207,-0.218666,-0.433013,-0.124624,-0.108347,-0.330674,0.162728,-0.217701,0.398174,0.661463,0.152474,0.297875,0.165694,0.227406,-0.198137,-0.407888,0.146727,0.58873,0.388749,-0.025996,-0.800668,-0.000443,-0.377242,-0.016402,-0.279784,-0.145033,0.145815,-0.564017,-0.025996,-0.041235,0.395647,-0.037617,-0.078946,-0.188291,-0.431324,0.069687,0.130323,-0.461457,-0.041235,0.332415,-0.361585,0.115681,-0.611832,0.118009,0.069687,0.121888,-0.098682,-0.461457,0.389431,-0.188291,-0.35678,-0.335935,-0.202345,0.094751,0.269976,0.590702,-0.344536,-0.191086,-0.225581,-0.078946,0.350432,-0.117985,0.11466,-0.132449,-0.369877,0.121888,-0.407888,0.493817,0.370326,-0.009861,-0.009344,-0.190134,-0.113286,-0.098682,-0.188291,-0.025996,-0.171957,-0.171957,-0.132449,-0.375964,-0.098682,0.03937,0.389431,-0.098682,-0.407897,-0.353162,0.209518,-0.083716,-0.271888,-0.611832,0.586106,0.146727,-0.350113,-0.245605,-0.279784,-0.353162,-0.415365,0.06762,-0.611832,-0.54532,0.571703,-0.30308,0.395092,-0.05432,-0.386446,-0.605943,0.395647,0.612275,-0.179822,-0.171957,-0.202813,-0.335935,0.043708,-0.144907,-0.619833,-0.386446,-0.129315,0.590791,-0.143442,0.389431,0.81055,0.317154,-0.607345,-0.208092,0.326135,0.224058,0.057172,0.342327,-0.274923,-0.381134,-0.426401,-0.078272,-0.175096,-0.225608,-0.178139,0.590791,0.138185,-0.220469,0.276311,-0.442151,0.115681,-0.269073,0.138127,#
5,-0.068055,-0.222221,-0.519927,-0.42406,0.118009,1.0,0.219553,0.386054,-0.016731,0.093671,0.352018,-0.015201,0.243427,0.193923,0.093671,0.417917,0.494051,0.093671,0.26567,-0.201879,-0.258296,-0.352439,0.243427,0.243873,-0.645591,-0.02471,-0.102593,-0.218499,0.070513,-0.051218,-0.007354,-0.045603,0.093671,-0.234958,-0.17275,-0.229697,0.530678,0.201017,-0.128581,0.292539,-0.674811,-0.005814,0.441267,-0.232973,-0.088837,-0.399045,-0.310292,-0.075643,0.411896,0.657325,-0.17491,0.2006,-0.665441,0.300453,0.743519,0.443857,-0.219681,-0.338408,-0.05103,-0.314755,0.276232,-0.358739,-0.291119,0.734401,-0.20744,0.88384,0.418508,0.234583,-0.047005,0.164407,0.025265,-0.32179,-0.665441,0.091057,-0.366478,0.741648,-0.489848,-0.232634,0.024607,0.004921,0.004921,0.091057,-0.079512,-0.386713,-0.079512,-0.489848,-0.019904,-0.169432,-0.022635,-0.340835,-0.105777,-0.014764,-0.232634,0.091057,-0.290162,-0.019904,-0.30134,-0.785441,-0.207494,-0.389526,-0.282124,-0.232634,-0.415876,-0.365181,-0.290162,-0.500503,-0.125925,-0.089189,0.350632,0.077461,-0.201879,-0.103804,-0.232311,-0.232634,0.266198,-0.15019,-0.340835,-0.331201,0.190225,-0.440536,-0.406708,-0.765227,0.09475,-0.66544,-0.119003,-0.127246,-0.469945,-0.088698,-0.215772,-0.997652,-0.365181,-0.105777,-0.509752,-0.105777,-0.085629,-0.406708,0.308614,-0.365181,-0.365362,-0.500503,0.267799,0.030602,-0.223129,-0.001286,-0.30134,-0.296775,0.243454,0.417515,0.111292,-0.296307,0.263789,0.091057,-0.201879,0.004921,-0.232311,-0.389526,0.192499,0.617226,-0.169432,0.244025,0.088542,-0.232634,-0.461124,-0.136282,0.409559,0.409944,-0.085629,-0.054225,-0.201879,0.308785,0.762976,0.017108,-0.232634,-0.353118,0.420876,-0.34482,0.022928,0.043415,0.228988,-0.15324,0.408991,0.245443,-0.083374,0.324673,0.705209,0.201964,-0.386256,0.353637,-0.322306,-0.062366,0.139147,0.408454,0.420876,-0.424824,0.079795,0.178533,0.355164,-0.207494,-0.415876,0.348691,#
6,0.043752,0.229808,0.209896,-0.092601,0.361999,0.219553,1.0,0.759102,0.197255,0.340936,0.445006,-0.214996,0.535218,0.040479,-0.114544,-0.337209,-0.266446,-0.114544,0.076022,-0.51788,-0.542325,0.508103,0.088607,0.318181,0.065158,-0.246657,0.205518,0.473659,0.355351,0.056489,-0.605041,-0.30832,-0.08018,-0.577111,0.008332,-0.061237,-0.141103,0.100952,0.061043,-0.179871,-0.092545,-0.241773,0.722994,-0.26999,-0.362868,-0.26137,-0.386765,-0.248302,0.176923,0.520006,0.079419,0.459826,0.226021,0.084486,0.415184,0.274086,-0.280647,-0.420259,-0.167084,0.191768,-0.008943,0.327337,-0.147125,-0.102523,0.005146,0.343871,0.537208,0.046771,0.353802,-0.079537,0.528893,-0.260432,-0.508548,-0.101758,-0.085124,0.409373,-0.239641,-0.06383,-0.212264,-0.212264,-0.229397,-0.101758,-0.328722,-0.102736,-0.328722,0.210768,0.194407,-0.277305,0.627461,-0.190705,0.080861,-0.674866,-0.06383,-0.11937,0.160712,-0.256002,0.525606,-0.073588,0.211196,-0.762821,0.219553,-0.06383,-0.128392,-0.211895,-0.404802,0.206373,-0.375078,-0.516667,-0.018496,-0.124852,-0.51788,0.082623,-0.350394,-0.553543,0.022454,-0.414456,-0.190705,0.503408,-0.003154,-0.1342,-0.248093,-0.535754,0.333819,-0.508548,-0.334429,-0.235844,0.228092,0.262566,-0.277619,-0.22752,-0.211895,-0.375078,-0.69005,-0.357542,0.098397,-0.248093,0.407291,-0.211895,-0.414783,0.206373,0.339032,-0.698699,-0.51788,-0.222705,0.033639,-0.285604,-0.211895,0.206621,0.356152,-0.120239,-0.007458,-0.101758,-0.036991,-0.212264,0.211196,-0.762821,-0.469377,-0.104851,0.472861,0.318285,-0.712322,-0.06383,-0.296421,0.472861,0.747977,0.030978,0.098397,0.112626,-0.499384,0.407402,0.460068,-0.444407,-0.06383,0.484331,0.712679,0.014717,0.661951,0.180046,0.456086,-0.405066,0.489106,0.996078,0.049139,-0.570962,0.395514,-0.07338,-0.270833,0.190797,0.027188,0.524532,-0.501735,0.039376,0.712679,-0.17803,0.145988,0.226021,-0.411275,0.211196,-0.128392,0.010346,#
7,-0.154104,0.39168,-0.011892,-0.414423,0.622877,0.386054,0.759102,1.0,-0.026343,0.602246,0.344036,-0.497631,0.779913,0.22038,0.081368,-0.072055,-0.045856,0.081368,0.444827,-0.207283,-0.785133,0.196346,0.269178,0.237891,-0.131205,-0.533862,-0.114758,0.167836,0.097871,0.406592,-0.421466,-0.141846,0.120665,-0.240187,-0.366585,0.321972,0.001908,0.18541,-0.135893,0.28633,-0.267552,-0.299892,0.327642,-0.195503,-0.096335,-0.595284,-0.270462,-0.084842,0.391099,0.689264,0.208905,0.700605,0.17447,-0.195259,0.588167,-0.044854,-0.21584,-0.30972,-0.046438,-0.284238,0.179992,0.245699,-0.470447,0.050727,-0.108877,0.542414,0.408646,0.267433,0.408028,0.151865,0.567948,-0.154304,-0.66557,-0.424744,0.117935,0.585433,-0.010786,-0.237892,0.014804,-0.494626,-0.004789,-0.424744,-0.581687,0.097794,-0.581687,-0.010786,-0.029496,-0.212269,0.465677,-0.344093,-0.113194,-0.514219,-0.237892,0.078772,-0.319211,-0.029496,0.216627,-0.249048,0.380669,-0.998355,-0.252021,-0.237892,0.073413,-0.368325,-0.319211,-0.015808,-0.634598,-0.749769,-0.186132,-0.448666,-0.207283,0.408057,-0.261555,-0.237892,-0.271727,-0.678847,-0.344093,0.19125,0.174552,-0.459483,-0.409656,-0.777575,0.073413,-0.66557,-0.345909,-0.170207,0.009025,0.333982,-0.210657,-0.386129,-0.368325,-0.113194,-0.525866,-0.614544,-0.09314,-0.409656,0.300831,-0.368325,-0.241777,-0.015808,0.261705,-0.331225,-0.757218,-0.294611,0.216627,-0.169262,-0.368325,0.37806,0.098913,-0.301222,-0.296796,-0.424744,-0.207283,-0.494626,-0.261555,-0.998355,-0.361388,0.097272,-0.212269,0.238044,-0.455413,-0.237892,-0.463774,0.645607,0.999087,0.367672,-0.09314,-0.075316,-0.736067,0.301004,0.155345,-0.583139,-0.237892,0.169434,0.993004,-0.367617,0.505183,0.496695,0.733345,-0.668853,0.365657,0.755736,-0.137481,-0.246608,0.596526,-0.37374,-0.07514,-0.284884,-0.351047,0.40617,-0.368011,-0.148983,0.993004,0.040718,0.032093,0.17447,-0.315486,0.380669,0.073413,-0.152236,#
8,-0.35823,0.002562,0.583984,0.411849,-0.035759,-0.016731,0.197255,-0.026343,1.0,0.003601,0.198203,-0.205657,-0.223729,-0.209267,0.423282,0.020796,-0.600636,0.811301,-0.147682,0.231772,-0.199612,0.652088,-0.223729,0.496176,0.391539,0.580996,0.515988,0.698583,0.011622,-0.354188,0.265707,-0.334374,-0.384418,-0.199022,0.287826,-0.654256,-0.159346,0.235552,0.810187,-0.499706,0.330912,-0.264838,0.049178,0.292331,0.403344,0.035726,-0.456109,0.622023,0.451614,-0.358644,-0.141489,0.119779,-0.333211,0.239025,-0.233435,0.527295,0.34189,-0.663915,-0.435743,0.510046,-0.198773,-0.528307,-0.380096,0.319254,0.115384,-0.107477,0.387403,-0.114368,0.44896,0.777349,0.466751,0.410005,0.343624,0.386941,0.003786,-0.247929,0.208037,0.248366,0.194529,-0.178216,0.604986,0.386941,0.012753,0.425707,0.012753,0.623046,0.999924,-0.349148,0.197132,0.00781,0.826026,0.194529,0.658131,0.808861,0.514388,0.584915,0.658255,-0.194177,0.026757,0.00781,-0.016731,0.658131,0.402223,0.515436,-0.00668,0.183336,0.405922,0.084893,-0.211321,0.039205,0.231772,-0.397605,-0.020787,-0.202858,0.744455,0.385244,0.00781,0.219129,0.658255,-0.0582,0.496217,-0.202858,0.402223,0.343624,0.096406,0.321264,0.208037,0.125707,-0.304552,0.022302,0.515436,0.405922,-0.206973,-0.014183,0.405922,0.496217,0.220729,0.515436,-0.231348,0.183336,0.515436,-0.032418,0.231772,-0.220256,-0.206698,-0.421516,0.00781,-0.023432,0.808861,0.275212,0.447836,0.386941,0.674864,0.194529,0.496665,0.00781,0.233126,-0.039513,0.342059,0.496217,-0.087512,0.658131,0.070577,0.342059,-0.00668,0.01101,0.405922,0.072938,-0.211321,0.641097,0.208162,-0.451271,0.658131,0.676136,-0.007092,0.658255,0.183336,-0.212592,0.214841,-0.002731,0.421604,0.232243,-0.426026,-0.238607,-0.361334,0.232911,-0.048173,0.496665,-0.189247,-0.382855,0.019127,-0.406761,-0.007092,0.003786,-0.396492,0.343624,0.010089,0.026757,0.01547,-0.155072,#
9,0.20846,0.587708,0.012161,-0.23419,0.166937,0.093671,0.340936,0.602246,0.003601,1.0,-0.350169,-0.44747,0.781866,0.811794,0.572801,0.278344,-0.445495,0.177831,0.297683,0.100614,-0.373377,0.365973,0.362985,0.401745,-0.163932,-0.403052,0.098771,-0.194758,0.188778,0.668722,0.065089,0.471325,0.60503,0.072762,-0.589516,0.534619,-0.028294,-0.129995,-0.171632,-0.10512,0.045836,0.177401,0.084819,0.444039,0.258403,-0.672706,0.145726,-0.085674,0.278681,0.408079,-0.047179,0.281465,0.280884,-0.60887,0.374902,-0.35694,0.408094,-0.53566,-0.145403,0.106204,0.77501,0.410984,-0.740079,-0.237842,-0.025743,0.198217,-0.171615,0.481694,-0.066583,0.210474,0.277748,0.403452,-0.408076,-0.678539,-0.23346,0.366757,0.020581,0.075373,-0.387992,-0.42638,0.029818,-0.678539,-0.577679,0.196018,-0.577679,0.020581,0.005235,-0.308496,0.402436,-0.612114,-0.143823,-0.387992,-0.341732,0.180418,0.0816,0.005235,-0.089918,0.066218,0.112097,-0.612114,-0.429647,-0.341732,0.172293,-0.095394,0.0816,-0.431674,-0.571453,-0.35425,-0.350416,-0.719647,0.100614,0.672109,-0.414624,0.075373,-0.14187,-0.624618,-0.612114,-0.118087,0.354742,-0.737036,-0.129398,-0.367249,0.172293,-0.408076,-0.537099,-0.265441,-0.018234,0.517234,-0.350035,-0.110102,-0.095394,0.244517,-0.401863,-0.999083,-0.571453,-0.611802,0.517279,-0.095394,-0.041052,-0.431674,0.421326,0.048568,-0.350416,-0.422792,-0.089918,0.093912,-0.095394,0.111397,-0.249061,-0.426432,-0.465051,-0.678539,0.100614,-0.42638,-0.414624,-0.612114,0.33406,-0.248836,-0.308496,-0.08059,-0.048447,-0.341732,-0.175667,0.395092,0.612002,0.645847,-0.571453,0.273036,-0.801446,0.092226,-0.121729,-0.484278,-0.341732,0.347106,0.625383,-0.089918,-0.004382,0.401528,0.818971,-0.605085,0.644377,0.353538,-0.604291,0.062132,0.387404,-0.267694,0.500082,-0.433757,-0.536184,0.243517,-0.233667,-0.204913,0.625383,0.549951,-0.25763,0.280884,-0.416298,0.112097,0.565974,-0.29241,#
10,-0.529919,-0.169621,-0.241109,0.077724,0.096008,0.352018,0.445006,0.344036,0.198203,-0.350169,1.0,-0.17635,-0.004808,-0.515144,-0.350169,-0.084683,0.213145,0.06654,0.299023,0.047586,-0.428164,-0.062866,-0.004808,0.228699,-0.118583,0.194994,-0.013885,0.413773,0.072205,-0.530561,-0.199347,-0.437651,-0.350169,-0.4269,0.46651,-0.428167,0.262194,0.455765,-0.1145,0.249658,-0.419805,-0.495843,0.33256,-0.53965,-0.080271,-0.061824,-0.382058,-0.197903,0.185961,0.247728,0.332711,0.460488,-0.218064,0.220869,0.238748,0.554593,-0.526376,-0.035544,0.211169,-0.238392,-0.515024,-0.31131,0.112248,0.44017,0.186723,0.389296,0.356673,-0.207377,0.485577,0.119462,0.31156,-0.43499,-0.218064,0.081522,0.081522,0.221111,0.196754,0.056535,0.645009,-0.196102,0.187249,0.53464,-0.071904,0.064095,0.373218,0.196754,0.196754,-0.509786,0.216582,0.239032,0.327,0.187249,0.012011,0.064095,-0.237948,0.196754,0.436472,-0.428044,0.331528,-0.327097,-0.200103,0.012011,0.07232,-0.327097,-0.237948,0.223864,-0.124168,-0.412534,0.541743,0.106347,-0.42827,-0.534021,-0.224185,-0.428052,0.129883,-0.105688,0.239032,-0.042578,-0.06907,0.115223,-0.32693,-0.428052,0.07232,-0.218064,-0.152697,0.218869,0.254846,-0.115321,0.279453,-0.32693,-0.327097,-0.082714,-0.248942,0.344353,0.79552,0.182027,0.060093,-0.327097,-0.493156,0.223864,0.218064,-0.028685,-0.42827,-0.419264,0.436472,-0.109389,0.218064,0.332281,0.53464,0.047592,0.477786,0.53464,0.047586,0.244704,0.331528,-0.327097,-0.513395,0.079972,0.232529,0.182027,-0.514429,0.496599,-0.323948,0.232529,0.343171,-0.075759,0.79552,-0.033116,0.065888,0.51437,0.440397,-0.11742,0.496599,-0.061455,0.353457,-0.06907,0.674674,-0.199717,-0.046244,-0.118293,-0.060612,0.469561,0.351004,-0.404086,0.23224,-0.291749,-0.389646,0.331528,-0.068725,0.397367,0.106143,-0.080599,0.353457,-0.803365,0.18289,-0.218064,0.300207,0.331528,-0.34303,0.034809,#
11,-0.018967,0.004067,-0.200138,-0.012942,-0.388183,-0.015201,-0.214996,-0.497631,-0.205657,-0.44747,-0.17635,1.0,-0.222277,-0.277034,-0.028044,-0.428909,0.189239,-0.415827,-0.130092,-0.211192,0.64068,-0.253286,-0.222277,-0.021267,0.004701,0.193217,-0.369233,-0.080243,-0.442375,-0.449861,-0.247553,0.105081,-0.44747,0.186436,-0.113414,-0.239226,-0.143247,0.287831,-0.002873,0.037249,-0.155189,0.595832,-0.009917,-0.405218,-0.019112,0.549592,0.299453,-0.118342,-0.024165,-0.356405,-0.117022,-0.590252,-0.333008,0.37373,-0.385441,0.168695,-0.376403,0.232196,0.219881,-0.04602,-0.233492,-0.020596,0.520056,-0.014257,-0.04423,-0.273918,0.013391,-0.624498,-0.094661,-0.447946,-0.130636,-0.466815,0.343415,0.425447,-0.362919,-0.375397,-0.583495,0.206781,-0.16233,0.604617,-0.588314,0.425447,0.426968,-0.8008,0.426968,-0.583495,-0.206847,0.34185,-0.227489,0.534634,-0.395447,-0.193884,-0.202734,-0.417879,-0.026705,-0.206847,-0.189148,0.223324,-0.470506,0.49561,0.498594,-0.202734,-0.410163,0.007805,-0.026705,0.237905,0.008253,0.612172,0.23163,0.400643,-0.211192,-0.428909,0.026741,0.206781,-0.112221,0.044417,0.534634,0.236562,-0.248196,0.416632,0.495914,0.23087,-0.426533,0.343415,0.156969,-0.302579,0.223862,0.145712,0.275092,0.022288,0.007805,-0.014174,-0.184691,0.44425,0.040549,0.022288,0.186316,0.007805,-0.356342,0.237905,-0.499512,-0.192105,0.214599,0.527014,-0.189148,0.412595,-0.011707,-0.489102,0.020002,0.197436,-0.181301,0.425447,-0.211192,0.604617,0.026741,0.49561,0.169422,0.003905,0.34185,-0.499258,-0.10472,-0.202734,0.493255,-0.322366,-0.507398,-0.030767,0.040549,-0.018964,0.674453,-0.236288,0.235906,0.789348,-0.202734,-0.237733,-0.499287,-0.223996,-0.181611,-0.170502,-0.68279,0.406663,-0.004841,-0.204399,0.026729,-0.200069,-0.318165,0.42439,-0.351755,0.496363,0.698489,0.000421,0.019116,0.815926,-0.499287,0.015343,0.621784,-0.333008,0.488401,-0.470506,-0.023646,0.175302,#
12,0.03669,0.76166,-0.214656,-0.527047,0.383705,0.243427,0.535218,0.779913,-0.223729,0.781866,-0.004808,-0.222277,1.0,0.513443,0.328804,0.109378,-0.256372,-0.090076,0.638972,-0.042314,-0.544964,0.040635,0.555761,0.312278,-0.359673,-0.654883,-0.230227,-0.013293,-0.07845,0.524592,-0.157159,0.176255,0.362985,-0.071376,-0.456359,0.418,0.210807,0.027256,-0.367823,0.354412,-0.097464,0.318004,0.17077,-0.209051,0.088245,-0.601708,0.339608,-0.315167,0.329654,0.54769,0.412132,0.549206,0.222011,-0.325907,0.44311,-0.131066,-0.249003,-0.394446,-0.108764,-0.342193,0.476447,0.341595,-0.580637,-0.04433,0.21457,0.373027,0.106169,0.076047,0.180088,-0.053331,0.412679,-0.226333,-0.508658,-0.525163,-0.053139,0.437633,-0.205629,-0.069008,-0.178851,-0.219563,-0.195893,-0.525163,-0.33386,-0.070658,-0.33386,-0.205629,-0.221903,-0.232464,0.19929,-0.193908,-0.338298,-0.638997,-0.511364,-0.087203,-0.367796,-0.221903,0.065561,-0.078714,0.24457,-0.762987,-0.311571,-0.511364,-0.095783,-0.214985,-0.367796,-0.21467,-0.791816,-0.51924,-0.023917,-0.556663,-0.042314,0.526981,-0.314038,-0.069008,-0.419092,-0.847493,-0.193908,0.039848,0.028964,-0.570283,-0.250989,-0.538426,-0.095783,-0.508658,-0.418742,-0.191636,0.218457,0.696139,-0.245498,-0.230525,-0.214985,0.073551,-0.653647,-0.774373,-0.320855,-0.762598,0.399611,-0.214985,-0.385154,-0.21467,0.333016,-0.124827,-0.520649,-0.334176,0.065561,0.264285,-0.214985,0.246197,-0.069684,-0.600128,-0.467453,-0.525163,-0.042314,-0.219563,-0.314038,-0.762987,0.007115,-0.067733,-0.232464,-0.199226,-0.230379,-0.511364,-0.299022,0.513718,0.778862,0.509637,-0.320855,0.1052,-0.502252,-0.051132,0.023724,-0.27366,-0.511364,0.020873,0.78574,-0.442616,0.23849,0.658653,0.522895,-0.82745,0.508448,0.537893,-0.355448,-0.064742,0.491024,-0.545685,0.236248,-0.33433,-0.415973,0.543686,-0.061956,0.060652,0.78574,0.313531,0.175948,0.222011,-0.337501,0.24457,0.321731,0.004803,#
13,0.525027,0.204653,-0.200089,-0.082734,-0.081803,0.193923,0.040479,0.22038,-0.209267,0.811794,-0.515144,-0.277034,0.513443,1.0,0.35349,0.547002,-0.22576,-0.070237,0.144062,-0.031638,-0.081082,0.067143,0.513443,0.324417,-0.349911,-0.205852,0.291363,-0.52521,0.367994,0.544496,0.213891,0.701765,0.811794,-0.061071,-0.455237,0.434,0.212687,-0.462142,-0.358157,-0.219355,-0.087646,0.34024,0.22645,0.544004,0.103189,-0.459089,0.273756,-0.302005,-0.116266,0.490224,-0.28371,0.01496,0.230265,-0.475085,0.524755,-0.27,0.499781,-0.448163,-0.060225,0.209997,0.992368,0.352611,-0.584781,-0.165685,-0.124709,0.312559,-0.358133,0.675145,-0.619339,-0.033227,-0.30058,0.413061,-0.508858,-0.54581,-0.511352,0.5195,-0.190964,-0.058645,-0.629342,-0.239535,-0.181112,-0.54581,-0.358613,-0.050604,-0.358613,-0.190964,-0.207427,-0.242251,0.218644,-0.763286,-0.328292,-0.198351,-0.50612,-0.06734,0.209127,-0.207427,-0.421717,-0.068464,-0.305356,-0.230265,-0.367497,-0.50612,-0.076022,-0.208944,0.209127,-0.676144,-0.345937,0.061719,-0.050248,-0.578581,-0.031638,0.547002,-0.32709,-0.058645,0.058333,-0.384602,-0.763286,-0.45193,0.055319,-0.592719,-0.245369,-0.059698,0.371167,-0.508857,-0.412812,-0.200588,-0.232605,0.14456,-0.285146,-0.224668,-0.208944,0.088322,-0.208395,-0.804703,-0.787058,-0.762897,0.415398,-0.208944,0.053342,-0.676144,0.345398,0.198569,-0.050248,-0.318449,-0.421717,0.12822,0.324077,0.239451,-0.528089,-0.595991,-0.26039,-0.54581,-0.031638,-0.239535,-0.32709,-0.230265,0.506761,-0.083216,-0.242251,-0.193008,0.251906,-0.50612,-0.294035,-0.213219,0.231013,0.52867,-0.787058,0.52496,-0.534117,-0.040563,0.043003,-0.23718,-0.50612,0.047134,0.247829,0.054261,-0.217741,0.229472,0.554846,-0.375766,0.527439,0.054946,-0.352201,0.410425,0.537629,-0.036477,0.409124,-0.347616,-0.432225,0.097393,-0.076595,0.068825,0.247829,0.337368,-0.39048,0.230265,-0.315609,-0.305356,0.346323,-0.018739,#
14,-0.169066,0.587708,-0.003492,-0.23419,-0.257309,0.093671,-0.114544,0.081368,0.423282,0.572801,-0.350169,-0.028044,0.328804,0.35349,1.0,0.278344,-0.445495,0.60503,0.143197,0.551645,0.089408,0.348247,-0.090076,0.401745,-0.163932,0.006682,-0.160454,-0.040494,-0.241188,0.286996,0.492275,0.281199,0.177831,0.53418,-0.441746,0.077841,-0.028294,0.332748,0.258403,-0.10512,0.204206,0.396779,-0.359328,0.416721,0.671898,-0.519584,0.145726,0.37304,0.75347,-0.287487,-0.047179,-0.140082,-0.408076,-0.373412,-0.21914,-0.126466,0.434215,-0.53566,-0.300129,0.106204,0.389182,-0.12648,-0.601422,0.119314,0.204333,-0.158613,-0.171615,-0.088578,0.270656,0.57414,0.497746,0.403452,0.280884,-0.249061,-0.2096,-0.231172,0.04405,0.53468,0.029818,-0.00857,0.447628,-0.249061,-0.155778,0.219878,-0.155778,0.04405,0.427679,-0.269408,-0.005913,-0.095394,0.283808,0.029818,0.117575,0.609896,0.111067,0.427679,-0.064284,0.092226,0.141359,-0.095394,-0.429647,0.117575,0.196377,0.421326,0.111067,-0.407936,-0.143823,-0.043923,-0.350416,-0.281226,0.551645,0.246213,-0.385362,0.53468,0.107025,-0.17982,-0.095394,-0.092243,0.816164,-0.71243,0.401814,-0.341732,-0.237135,0.280884,-0.36586,-0.226581,0.005235,0.68741,-0.350035,-0.08059,0.421326,0.672147,-0.378394,-0.571453,-0.143823,-0.08059,0.517279,0.421326,-0.137383,-0.407936,0.421326,0.350665,0.100614,-0.204468,-0.064284,0.093912,-0.095394,-0.381892,0.180418,0.066821,-0.205246,-0.249061,0.551645,-0.00857,-0.385362,-0.095394,0.793127,-0.248836,-0.269408,-0.08059,0.205507,0.117575,0.400048,0.434181,0.111067,0.672826,-0.143823,-0.093158,-0.350416,0.092226,-0.092205,-0.037384,0.117575,0.37295,0.138766,-0.064284,-0.407936,0.022099,0.392375,-0.171425,0.672244,-0.078011,-0.994433,0.090374,-0.24952,-0.000616,0.557512,0.092964,-0.506048,-0.146625,0.188231,-0.177479,0.138766,0.60561,-0.015686,0.280884,0.137263,0.141359,0.590058,-0.29241,#
15,0.237531,-0.079606,-0.410293,-0.169119,-0.152976,0.417917,-0.337209,-0.072055,0.020796,0.278344,-0.084683,-0.428909,0.109378,0.547002,0.278344,1.0,0.035521,0.278344,0.25294,0.364912,-0.107699,-0.327201,0.526981,0.117064,-0.666353,0.017722,0.244651,-0.365037,0.254339,0.248001,0.797269,0.233949,0.672109,-0.054984,0.16283,-0.078884,0.795333,-0.405048,-0.237573,0.09725,-0.030439,0.191265,-0.020437,0.31342,0.191149,-0.482991,0.233406,-0.109263,0.036015,0.280762,0.073025,0.161962,-0.272101,-0.120078,0.443479,0.145154,0.289361,-0.371467,-0.301784,-0.096409,0.599424,-0.357903,-0.546886,0.495168,0.29554,0.458751,-0.237231,0.431445,-0.416707,0.285862,-0.37254,0.224518,-0.272101,-0.159008,-0.14254,0.430731,0.026637,-0.07622,0.017178,0.001157,0.433713,-0.159008,0.158539,0.285628,0.158539,0.026637,0.026637,-0.361812,-0.384813,-0.408152,0.186472,0.417692,-0.07622,0.285628,-0.063273,0.026637,-0.325253,-0.534114,-0.054195,0.087178,-0.625525,-0.07622,-0.134367,0.106991,-0.063273,-0.815658,0.170075,0.020705,0.347617,-0.13346,0.364912,0.18284,-0.074391,-0.07622,0.359415,0.132274,-0.408152,-0.781479,0.13476,-0.566658,-0.407944,-0.093831,0.2812,-0.272101,-0.078628,0.322296,-0.394518,-0.086541,-0.342146,-0.407944,0.106991,0.186472,0.010439,-0.256251,-0.239854,-0.407944,-0.072892,0.106991,0.084734,-0.815658,0.622135,0.651117,0.347617,-0.380482,-0.325253,-0.119467,0.602322,0.459223,-0.14254,-0.53031,0.446996,-0.159008,0.364912,0.001157,-0.074391,0.087178,0.568093,0.273854,-0.361812,0.121648,0.707733,-0.07622,-0.404224,-0.334834,-0.042935,0.23204,-0.239854,0.184344,-0.102037,-0.067412,0.134829,-0.088464,-0.07622,-0.317705,-0.025856,0.117068,-0.38967,0.039905,0.15785,-0.250349,0.206123,-0.319838,-0.199925,0.809371,0.376453,-0.211679,0.399792,-0.074391,-0.80448,-0.182829,0.66651,-0.207654,-0.025856,-0.134881,-0.436821,0.414757,-0.017855,-0.054195,-0.134367,0.374716,#
16,0.004573,-0.54328,-0.597298,-0.372848,0.010443,0.494051,-0.266446,-0.045856,-0.600636,-0.445495,0.213145,0.189239,-0.256372,-0.22576,-0.445495,0.035521,1.0,-0.399102,-0.071537,-0.210552,0.202503,-0.702967,-0.17437,-0.497878,-0.412191,-0.160917,-0.500837,-0.570742,-0.020794,-0.038614,-0.207833,-0.044898,-0.012495,0.172508,-0.11168,0.175535,0.20688,0.142016,-0.408227,0.49363,-0.639145,-0.184382,0.013377,-0.326853,-0.392037,-0.004035,-0.201411,-0.191205,-0.099475,0.321484,-0.16528,-0.194884,-0.331999,0.163547,0.311929,-0.126825,-0.324125,0.641053,0.398818,-0.522975,-0.164578,-0.040018,0.485854,0.254704,-0.381116,0.385163,-0.0035,0.1123,-0.197001,-0.345535,-0.34558,-0.415933,-0.331999,0.035212,0.002874,0.326498,-0.191199,-0.276089,0.192947,0.179839,-0.200287,0.035212,0.02859,-0.401342,0.02859,-0.604698,-0.604698,0.342286,-0.242173,-0.011672,-0.417503,0.240135,-0.227096,-0.401342,-0.50475,-0.191199,-0.658562,-0.268861,-0.059269,0.046687,-0.018186,-0.227096,-0.393506,-0.497998,0.014421,-0.19804,0.033271,-0.039255,0.247908,0.366418,-0.210552,-0.041564,0.065217,0.173492,-0.288977,0.070331,-0.011672,-0.271066,-0.263849,0.083741,-0.497744,-0.167536,-0.360865,-0.331999,0.093638,-0.250458,-0.59763,-0.521018,0.283253,-0.497744,-0.497998,-0.394248,0.254108,0.435748,-0.015026,-0.006666,-0.266565,-0.497998,0.22717,-0.19804,-0.497998,0.079157,-0.176592,0.391854,0.170431,-0.094546,0.046687,0.068182,-0.41751,0.141129,0.030516,0.035212,-0.652032,-0.161838,-0.450352,0.046687,-0.214765,0.457067,-0.346406,-0.006666,0.146087,-0.227096,-0.10548,-0.399382,-0.045483,-0.043878,-0.015026,-0.393103,0.247908,-0.218926,0.21185,0.446264,-0.227096,-0.708896,-0.043705,-0.606448,-0.19804,-0.183249,-0.248244,0.399988,-0.4549,-0.283851,0.455739,0.29494,0.359334,0.198883,-0.365823,-0.019609,0.169952,-0.061479,0.034943,0.388961,-0.043705,-0.434165,0.340137,-0.331999,0.461177,-0.059269,-0.439747,0.190601,#
17,-0.532071,0.108306,0.387828,0.166188,0.134931,0.093671,-0.114544,0.081368,0.811301,0.177831,0.06654,-0.415827,-0.090076,-0.070237,0.60503,0.278344,-0.399102,1.0,0.143197,0.551645,-0.338463,0.348247,-0.090076,0.401745,0.229833,0.384898,0.238354,0.404498,-0.241188,-0.080047,0.492275,-0.167523,-0.217138,0.141702,-0.015488,-0.344475,-0.028294,0.297152,0.655994,-0.10512,0.204206,-0.288778,-0.359328,0.390452,0.671898,-0.206715,-0.323349,0.796468,0.614527,-0.287487,-0.047181,0.265252,-0.408076,0.003924,-0.144636,0.242885,0.434215,-0.53566,-0.324925,0.106204,-0.046325,-0.643273,-0.634753,0.462734,0.023329,0.01294,0.225642,0.059052,0.459813,0.990425,0.444862,0.535058,0.280884,0.140957,0.180418,-0.156181,0.427679,0.117575,0.409239,-0.387992,0.827049,0.140957,-0.155778,0.609896,-0.155778,0.427679,0.811309,-0.269408,-0.005913,-0.095394,0.672147,0.409239,0.53468,0.999914,0.111067,0.811309,0.354742,-0.332892,0.141359,-0.095394,-0.429647,0.53468,0.590058,0.421326,0.111067,-0.019904,0.244517,-0.043923,-0.350416,-0.210967,0.551645,-0.147552,0.092964,0.117575,0.513873,0.22411,-0.095394,-0.092243,0.816164,-0.310221,0.401814,-0.341732,0.156546,0.280884,0.1281,0.408624,0.005235,0.155612,-0.222396,-0.08059,0.421326,0.672147,0.005235,-0.183114,0.244517,0.401814,0.089408,0.421326,-0.044757,-0.019904,0.421326,0.350665,0.100614,-0.25695,-0.064284,-0.300015,-0.095394,0.092424,0.570435,0.145868,0.219435,0.140957,0.551645,-0.00857,0.092964,-0.095394,0.381144,0.137898,-0.269408,0.401814,0.205507,0.53468,-0.030508,0.434181,0.111067,0.283699,0.244517,-0.093158,-0.350416,0.517344,-0.092205,-0.520803,0.53468,0.37295,0.138766,0.354742,-0.019904,0.022099,0.392375,-0.171425,0.270313,-0.078011,-0.592501,0.090374,-0.24952,-0.000616,0.143354,0.092964,-0.506048,-0.548556,0.188232,-0.573166,0.138766,0.204225,-0.514197,0.280884,0.137263,0.141359,0.196377,-0.29241,#
18,-0.514633,0.525029,-0.363403,-0.227605,0.383547,0.26567,0.076022,0.444827,-0.147682,0.297683,0.299023,-0.130092,0.638972,0.144062,0.143197,0.25294,-0.071537,0.143197,1.0,0.358829,-0.618571,-0.4282,0.717741,0.431505,-0.283152,-0.210996,-0.253732,0.091349,-0.534038,-0.027609,0.109919,0.143758,0.000594,-0.090491,-0.191708,0.043202,0.471368,0.231599,-0.369042,0.709908,-0.31642,0.191388,-0.182964,-0.430739,0.483283,-0.202112,0.467501,-0.113465,0.253811,0.327962,0.618662,0.707339,-0.024915,-0.086568,0.309155,0.199336,-0.44586,-0.240735,0.201431,-0.698404,0.129211,-0.293701,-0.565976,0.428064,0.249604,0.426749,0.097735,-0.118977,0.234763,0.200398,0.178007,-0.308856,-0.274061,-0.242459,0.076792,0.298019,0.090811,-0.201163,0.391159,-0.364297,0.013431,0.068163,-0.137313,-0.000864,0.167827,-0.291106,-0.146826,-0.322285,-0.13551,0.149488,-0.280075,-0.062115,-0.533358,0.145818,-0.703295,0.23509,0.140905,-0.458019,0.073015,-0.411091,-0.585933,-0.533358,0.226444,-0.317661,-0.223777,0.006868,-0.666682,-0.204244,0.35883,-0.57957,0.03262,-0.052129,0.04656,-0.118114,-0.254721,-0.677361,0.149488,-0.347668,-0.095483,-0.193088,-0.048025,-0.381102,-0.165479,-0.274061,-0.031736,0.41596,0.45151,0.433084,0.266899,-0.229454,-0.317661,0.471659,-0.291106,-0.280075,0.106531,-0.501596,0.121654,-0.317661,-0.589424,0.006868,0.149488,0.362696,-0.456692,-0.451012,0.16408,0.54298,0.056058,0.526239,0.145818,-0.687729,-0.231123,0.068163,-0.048931,0.294627,-0.048678,-0.411091,-0.025455,0.225443,-0.449504,-0.405545,-0.06796,-0.201163,-0.488099,0.313806,0.44755,0.444896,0.106531,0.213772,-0.048931,0.125086,-0.067264,-0.18383,-0.201163,-0.431781,0.505296,-0.359681,0.393167,0.644893,0.128925,-0.818963,0.068528,0.10924,-0.122947,0.069448,0.371814,-0.733061,-0.018692,-0.31852,-0.385784,0.280155,0.366142,0.036707,0.505296,-0.043274,0.003749,-0.149488,0.175452,0.073015,0.226444,0.012165,#
19,-0.530292,0.334784,-0.224753,0.094688,-0.353162,-0.201879,-0.51788,-0.207283,0.231772,0.100614,0.047586,-0.211192,-0.042314,-0.031638,0.551645,0.364912,-0.210552,0.551645,0.358829,1.0,0.060135,-0.044915,-0.042314,0.22886,-0.084743,0.228408,-0.2153,-0.075327,-0.347447,-0.057825,0.702544,0.273724,0.100614,0.565853,-0.00195,0.05379,0.155693,0.377165,-0.080327,0.207878,0.102413,0.055009,-0.725812,0.265356,0.810258,-0.264724,0.303308,0.226653,0.381405,-0.488636,0.306729,0.008902,-0.218218,-0.509615,-0.414484,-0.160193,0.273026,-0.036991,0.157912,-0.196635,-0.019482,-0.334163,-0.32755,0.166992,0.386449,-0.312153,-0.534337,-0.1621,0.27594,0.539363,0.194527,0.372825,0.509175,-0.347635,0.105802,-0.43641,0.683881,0.541504,0.669027,-0.213206,0.669027,0.105802,-0.089087,0.559238,0.356348,0.237872,0.237872,-0.470464,-0.197812,0.218218,0.368713,0.669027,0.056575,0.559238,-0.186663,0.683881,-0.024358,0.065899,0.361468,0.218218,-0.754389,0.056575,0.572119,0.218218,0.373327,-0.203008,-0.082772,-0.085186,0.047619,-0.331729,0.523809,-0.084743,-0.194637,0.541504,-0.036789,-0.062615,0.218218,-0.507515,0.462803,-0.327327,0.233686,0.056575,-0.343272,0.509175,-0.244069,0.258472,0.237872,0.312174,0.277494,0.233686,0.218218,0.820198,0.237872,-0.082772,0.368713,0.233686,0.060135,0.218218,-0.026443,-0.203008,0.218218,0.864351,0.047619,-0.535919,0.462803,0.408749,0.218218,-0.189722,0.105802,0.095474,0.019201,0.105802,0.523809,0.22791,-0.194637,0.218218,0.455595,-0.345779,-0.470464,-0.32716,0.235946,0.541504,0.283654,0.272374,-0.186663,0.407328,0.368713,-0.033139,0.047619,0.065899,-0.464445,0.041284,0.541504,-0.016371,-0.124771,-0.024358,-0.203008,-0.160238,0.035388,-0.076308,-0.032364,-0.47515,-0.503113,0.101379,-0.393867,-0.470901,0.609368,-0.194637,-0.515432,-0.032364,0.534523,-0.503986,-0.124771,0.164538,-0.131369,-0.218218,0.402233,0.361468,0.572119,-0.4262,#
20,0.341814,-0.226181,-0.213393,0.083543,-0.800878,-0.258296,-0.542325,-0.785133,-0.199612,-0.373377,-0.428164,0.64068,-0.544964,-0.081082,0.089408,-0.107699,0.202503,-0.338463,-0.618571,0.060135,1.0,-0.05746,-0.544964,-0.327167,-0.072892,0.233814,-0.216447,-0.448637,0.060083,-0.133185,0.171827,0.284459,0.054494,0.497932,0.023704,0.029133,-0.190401,0.012031,-0.068362,-0.327173,0.116134,0.430516,-0.190044,0.207618,-0.08628,0.266998,0.192193,-0.148007,-0.179761,-0.563569,-0.365834,-0.968828,-0.218164,-0.073742,-0.541724,-0.260716,0.218541,0.407291,0.126356,0.31681,-0.032291,0.204197,0.623357,-0.318455,0.020044,-0.569425,-0.534205,-0.267764,-0.363458,-0.401175,-0.347862,0.05908,0.528186,0.11174,-0.335619,-0.537037,-0.196352,0.521169,-0.201548,0.644684,-0.201548,0.11174,0.36212,-0.335619,0.36212,-0.196352,-0.196352,0.231591,-0.228788,0.232517,-0.070874,0.233657,0.069319,-0.335619,0.342541,-0.196352,-0.498576,0.539417,-0.217754,0.77075,0.308614,0.069319,-0.331145,0.232517,0.342541,-0.191088,0.374561,0.5053,0.041343,0.492397,0.060135,-0.107699,-0.187273,0.521169,-0.036089,0.413073,0.232517,-0.036827,-0.044645,0.146399,0.248383,0.547749,-0.349208,0.528186,-0.101314,-0.470187,-0.196352,-0.10742,0.111501,0.248383,0.232517,-0.070874,0.24368,0.374561,-0.070874,0.248383,0.035153,0.232517,0.27887,-0.191088,-0.327246,0.134932,0.529944,0.385238,-0.044645,0.17394,0.210987,-0.754884,-0.335619,0.508766,0.019918,0.11174,0.060135,0.233657,-0.187273,0.77075,0.423604,-0.351678,0.231591,-0.327079,0.236593,0.069319,0.765997,-0.501292,-0.784529,-0.110612,-0.070874,-0.121407,0.529944,-0.428239,-0.040348,0.806245,0.069319,-0.036827,-0.791886,-0.017944,-0.653974,-0.64614,-0.54948,0.81409,-0.096604,-0.546099,-0.067576,0.06566,-0.508766,0.510326,0.220381,0.330898,0.407573,-0.096604,0.094924,0.353435,-0.791886,0.112705,0.378458,-0.218164,0.334297,-0.217754,0.09533,0.011914,#
