0,1.0,0.39478,0.157226,0.401151,0.394528,0.312399,0.312399,-0.166667,0.312399,0.63403,-0.400368,0.161881,0.436585,0.388339,0.499481,0.312399,-0.218075,0.190107,0.245391,-0.166667,0.251897,0.138221,0.254225,-0.328661,0.527469,-0.508431,0.188646,0.099658,0.077228,0.333151,-0.218168,-0.185187,-0.21799,-0.111111,-0.496257,-0.111111,-0.166667,-0.333242,0.490164,-0.267373,0.393952,-0.214225,-0.080635,-0.910597,0.518869,-0.876268,0.249996,-0.493912,-0.407072,0.077228,0.16599,0.077357,0.0,-0.099003,-0.664392,0.152117,-0.660973,0.14045,-0.101896,0.197768,0.11044,0.664825,0.143621,0.149807,-0.361158,0.174576,0.0,0.30751,0.146072,0.155729,0.204979,0.109231,0.0,0.494925,0.317756,0.078261,-0.218218,-0.407871,-0.272166,0.265403,-0.166582,-0.272023,-0.218103,0.200063,0.205961,-0.218107,0.200063,-0.271981,0.317756,-0.271981,-0.272162,-0.407832,-0.111111,0.258842,-0.407885,-0.111111,0.148393,-0.218103,-0.333069,-0.166582,-0.0,-0.333069,0.212009,1.0,0.252468,-0.333069,0.089414,0.236991,-0.166582,-0.508492,0.334103,0.0,-0.218218,0.398178,-0.272023,-0.271981,0.408248,0.089414,0.666667,-0.407832,-0.272023,-0.218103,-0.66531,-0.272023,0.116819,0.317756,-0.166582,0.227602,-0.49815,-0.218103,-0.508492,0.0,0.148393,0.162168,-0.218103,-0.218218,0.0,-0.272023,0.157378,-0.508492,-0.166582,0.128468,-0.333153,-0.933533,-0.333069,-0.508459,-0.272162,0.568267,0.089414,-0.165812,0.089414,-0.333069,0.0,-0.218103,-0.272023,-0.166582,0.148839,0.384405,0.252468,-0.272023,-0.271981,-0.166582,0.310366,0.317756,0.388544,-0.140309,-0.166582,-0.217194,-0.218218,-0.166667,0.289264,-0.021462,0.325405,0.154346,0.165082,-0.333153,-0.111111,0.165082,0.220779,-0.7693,0.289264,-0.230722,0.106209,0.17032,0.088596,0.281974,0.165082,0.265403,-0.407697,0.289837,-0.333153,0.102142,0.106209,0.374032,0.096126,0.491879,0.104275,0.24692,0.205961,0.585479,#
1,0.39478,1.0,-0.024692,-0.261895,0.134135,0.37821,0.40982,-0.408118,0.37821,0.072723,-0.544314,-0.048967,-0.232612,0.587528,0.362348,-0.009173,-0.534003,0.534646,0.241785,0.092027,0.071821,0.2539,0.65558,-0.050847,-0.086718,-0.322462,0.498923,0.004785,0.24267,0.414707,-0.534229,-0.902238,-0.074115,-0.272078,-0.860055,-0.272078,0.112032,-0.386254,0.350707,-0.202727,0.166773,0.418007,0.244726,-0.43284,-0.091866,0.02471,0.645017,0.100787,0.112113,0.24267,-0.569451,-0.428576,0.0,-0.751056,-0.591627,0.639301,-0.0014,0.469158,0.167362,0.519546,0.269453,0.130906,0.265487,-0.274354,0.28612,0.468604,0.0,0.400494,0.398211,0.461559,-0.117423,0.178972,0.0,0.365108,0.005147,0.2925,-0.09779,-0.157986,-0.258087,0.25429,0.126829,-0.666103,-0.534069,0.073644,0.556809,0.390631,0.541925,-0.229462,0.395754,0.166966,0.18295,0.270413,-0.272078,0.682785,-0.134133,-0.272078,0.423129,-0.062832,0.044667,-0.407909,0.169881,0.005147,0.095686,0.39478,0.270413,0.005147,-0.418883,-0.274108,0.612436,-0.351611,0.176457,0.0,-0.09779,0.179066,-0.22317,-0.229462,0.150279,0.298676,0.592171,-0.562271,0.179066,-0.534069,-0.076438,-0.666103,0.199764,0.005147,0.612436,0.499048,-0.268727,-0.062832,-0.308585,0.0,-0.114688,-0.652104,-0.062832,-0.534351,0.0,-0.22317,0.36412,-0.776866,0.126829,-0.233217,-0.380555,-0.380991,0.435275,-0.338296,0.18295,0.237938,0.298676,0.628942,-0.418883,0.005147,0.0,-0.062832,0.179066,0.126829,0.031712,0.589041,0.270413,-0.22317,-0.229462,0.126829,-0.00418,0.435275,0.603504,0.447193,-0.407909,-0.050101,-0.534351,-0.408118,-0.40899,-0.216571,-0.420545,-0.103751,0.087188,-0.380555,-0.272078,0.087188,0.241316,-0.282721,0.409819,-0.057779,-0.086691,0.089955,0.398444,0.030462,0.545148,-0.190765,-0.998331,0.41503,0.014694,0.407051,0.423258,0.180442,0.08282,-0.107859,-0.637949,-0.044302,0.084561,-0.050101,#
2,0.157226,-0.024692,1.0,-0.129529,-0.61878,0.016136,0.095291,0.235839,0.016136,0.261109,0.085709,0.38655,-0.102964,0.425529,-0.176188,0.016136,-0.272392,0.228788,-0.365707,-0.353758,-0.397697,0.539179,-0.296501,-0.064096,0.308715,-0.389875,-0.314211,-0.387071,-0.138372,-0.510704,0.286734,0.274406,-0.256011,0.189981,0.125423,0.12447,0.309538,-0.013965,0.308711,-0.055175,-0.146888,0.410806,0.509453,-0.169119,-0.213625,-0.161008,0.153603,-0.366742,-0.404015,-0.138372,0.310104,-0.207016,0.0,0.415608,-0.285814,-0.416592,-0.29209,0.182771,-0.257584,-0.255696,0.622692,-0.398009,-0.307752,-0.272548,-0.515192,-0.175174,0.0,0.531079,-0.20287,0.399406,0.342353,-0.287399,0.0,-0.172364,0.491619,-0.139885,-0.2273,0.067288,-0.617802,-0.432775,0.262377,0.324487,0.309859,-0.322414,0.240141,0.4166,0.263681,0.388298,-0.007223,-0.059562,0.465356,0.152289,0.12447,-0.361644,0.157451,0.189981,0.420809,0.353135,0.514191,0.234315,-0.020058,-0.007223,-0.34,0.157226,0.638928,0.011963,-0.186773,0.67519,-0.310082,-0.343302,-0.39574,0.0,-0.2273,0.407003,0.387245,0.405479,-0.597743,-0.152882,-0.378325,0.579386,-0.067175,0.223306,0.399269,0.324487,-0.277889,0.513063,-0.310082,-0.397213,-0.351586,0.353135,0.221905,0.0,-0.207159,0.003585,0.353135,-0.2273,0.0,0.387245,0.375604,0.199789,0.262377,0.606312,-0.011649,-0.291875,0.072908,-0.287762,0.465356,0.00271,-0.152882,0.332392,-0.186773,0.011963,0.0,0.353135,-0.067175,0.310082,0.773889,-0.575731,0.638928,-0.086933,0.405479,0.310082,0.473544,0.533377,0.447859,0.220208,0.18661,-0.285623,-0.2273,0.235839,-0.070765,-0.396701,0.45315,-0.289501,-0.374187,-0.011649,0.12447,-0.374187,-0.464276,-0.323302,-0.540411,0.337148,0.388246,-0.38606,-0.184567,-0.440565,-0.309299,-0.456131,0.048634,-0.018094,-0.458176,-0.252935,-0.21291,-0.07771,0.312661,-0.192244,-0.36435,-0.390265,-0.311267,-0.200715,#
3,0.401151,-0.261895,-0.129529,1.0,0.158122,-0.424086,-0.017454,0.601727,-0.424086,0.077435,-0.251905,-0.217305,0.534737,-0.26584,0.352926,-0.017454,-0.0927,0.058799,-0.190145,0.117115,0.18243,-0.309961,-0.179924,0.012456,0.787665,0.062171,-0.490621,0.243892,-0.486743,-0.007475,0.335984,0.379887,0.323061,0.428074,0.182513,0.374228,-0.407882,0.401664,-0.104833,0.100148,0.544643,-0.524271,-0.474989,-0.132386,0.822643,-0.666072,-0.599697,0.175029,-0.379749,-0.486743,0.262694,0.241381,0.0,0.32769,-0.154726,-0.282159,-0.103946,-0.414704,0.141557,-0.371726,-0.477026,0.581477,0.194881,0.177865,-0.378241,0.281978,0.0,-0.4272,-0.153768,-0.213198,0.008392,-0.559787,0.0,0.347371,0.367624,-0.45721,0.347216,-0.190437,0.586932,0.225273,0.062852,0.14625,-0.084556,-0.368824,0.053877,-0.093034,0.043225,-0.281498,-0.042393,-0.281498,-0.666067,-0.198111,-0.271921,-0.174282,-0.205685,-0.271921,-0.14951,0.330094,-0.026623,0.102063,-0.600121,-0.405101,0.518848,0.401151,0.201876,-0.026623,0.218821,-0.086547,-0.407674,-0.385993,0.736692,0.0,0.347216,0.162489,0.14625,0.134629,0.603418,0.218821,0.096922,-0.198111,0.14625,-0.11911,-0.649441,0.14625,0.28589,-0.010853,-0.407674,0.098166,-0.047572,0.330094,0.060394,0.0,0.363162,0.62085,0.330094,0.80547,0.0,0.14625,-0.091521,0.060394,0.062852,0.314397,0.39743,-0.301021,-0.026623,0.075682,-0.666067,0.220311,0.218821,-0.405791,0.218821,-0.026623,0.0,0.330094,0.14625,0.102063,-0.336753,0.145622,0.201876,0.178729,0.134629,0.102063,-0.425358,-0.010853,0.118625,-0.343377,0.062852,-0.115094,0.80547,0.601727,-0.049482,0.408576,0.381473,0.377731,-0.400448,0.39743,0.374228,-0.400448,-0.219124,-0.63252,-0.049482,-0.564644,-0.136396,0.027054,-0.223977,-0.217356,-0.400448,0.257907,0.224454,-0.468058,0.39743,-0.645965,-0.136396,0.134219,0.494048,0.343671,0.356255,0.604285,0.504045,0.371138,#
4,0.394528,0.134135,-0.61878,0.158122,1.0,-0.040758,-0.040758,-0.407856,-0.040758,0.072677,-0.106885,-0.047382,0.18989,-0.269745,0.326993,-0.040758,0.374506,-0.389963,0.666896,0.091968,0.673876,-0.247961,0.19327,0.08869,-0.086662,0.120988,0.558949,0.474006,0.244573,0.383654,-0.050884,-0.268755,-0.074067,-0.271904,-0.247523,-0.271904,-0.407856,-0.419044,-0.109033,-0.236676,0.166666,-0.524239,-0.310345,-0.439118,0.350255,-0.37797,-0.208975,-0.264397,-0.145681,0.244573,-0.039667,0.270756,0.0,-0.477898,-0.071729,0.17488,-0.083797,-0.412056,0.248743,0.026435,-0.341114,0.630033,0.434371,0.172517,0.148745,-0.10621,0.0,-0.430978,-0.168216,-0.0439,0.015771,0.526091,0.0,0.321605,0.021676,0.294289,-0.097727,-0.140948,0.150183,0.213262,-0.407648,-0.206002,-0.533727,0.51658,-0.387439,-0.533738,0.091596,-0.665574,0.412034,-0.269399,-0.225271,-0.149098,0.447842,0.201543,-0.157127,-0.271904,-0.652088,-0.533727,-0.815067,0.147302,0.176301,0.021676,0.051882,0.394528,-0.149098,0.021676,0.260179,-0.255656,0.077647,0.091596,0.268833,0.0,-0.097727,-0.263698,-0.665677,-0.212536,0.558287,0.260179,0.591792,-0.545138,-0.263698,-0.044679,-0.589447,-0.206002,0.368874,-0.424709,0.077647,0.121588,0.189816,-0.533727,-0.333387,0.0,0.394147,0.234413,-0.533727,-0.097727,0.0,-0.665677,-0.617806,-0.333387,-0.407648,-0.586779,-0.420276,-0.211694,-0.424709,0.09893,-0.225271,0.197687,0.260179,-0.405766,0.260179,0.021676,0.0,-0.533727,-0.263698,-0.407648,-0.296383,0.543676,-0.149098,-0.263698,-0.212536,-0.407648,0.012168,-0.424709,-0.269399,-0.260001,0.147302,0.408709,-0.097727,-0.407856,0.427166,0.476117,-0.420276,0.408951,0.545899,-0.420276,-0.271904,0.545899,0.674256,-0.028587,0.39402,-0.03929,-0.085362,0.072871,0.399606,0.718569,0.07063,0.675138,-0.138985,-0.009613,-0.02528,0.408016,-0.126132,0.164303,-0.497631,0.318017,0.425027,0.632308,0.531242,0.805185,#
5,0.312399,0.37821,0.016136,-0.424086,-0.040758,1.0,0.219509,-0.49958,1.0,0.508345,0.099212,0.09479,0.084102,0.397957,-0.237057,0.625053,-0.214514,0.181373,0.387978,-0.015491,0.110487,0.110753,0.411291,-0.25541,-0.220808,-0.648948,0.278347,-0.477031,0.337166,0.594924,-0.653954,-0.218156,-0.208498,-0.333053,-0.328528,-0.333053,0.526689,-0.599563,0.647626,-0.329664,-0.009154,0.136359,0.114294,-0.531088,-0.225787,-0.030272,0.814173,-0.329954,0.037047,0.337166,0.105046,0.308767,0.0,-0.014263,0.052604,0.433607,-0.494335,0.668093,-0.485968,0.662395,0.380464,-0.016191,-0.355829,-0.117855,0.309104,0.087023,0.0,0.612718,0.5178,0.015228,-0.139439,0.571714,0.0,0.216555,-0.6203,0.382936,-0.231556,-0.432498,-0.420554,-0.03378,-0.499325,-0.410485,0.250666,0.651013,0.194458,-0.206258,-0.247737,0.022571,-0.242231,0.007223,0.022134,-0.416515,-0.333053,0.381284,-0.369632,0.364035,0.503757,-0.653758,-0.188856,-0.499325,0.335178,0.189212,-0.252227,0.312399,-0.416515,-0.6203,-0.347856,0.344567,-0.029307,0.239408,-0.335216,0.0,-0.231556,-0.021161,-0.410485,-0.815256,-0.025296,-0.374568,0.468598,-0.384927,-0.426058,-0.222987,0.016564,-0.410485,-0.437024,0.205225,0.488266,0.15055,-0.591014,-0.653758,-0.642877,0.0,-0.508429,-0.469139,-0.653758,-0.654103,0.0,-0.410485,0.530399,-0.625445,-0.499325,-0.143711,-0.600756,-0.474717,-0.203979,-0.66396,0.022134,0.455746,-0.374568,-0.041681,0.346669,-0.6203,0.0,-0.653758,-0.426058,-0.499325,0.125153,0.39955,-0.416515,-0.410485,-0.815256,-0.499325,0.191551,0.189212,-0.009028,-0.299478,-0.499325,-0.184756,-0.654103,-0.49958,0.20395,-0.200642,0.219275,-0.547156,0.632283,-0.600756,-0.333053,0.632283,0.384153,0.141527,0.59018,0.226113,-0.016041,0.652344,0.050094,0.473588,0.632283,-0.03378,-0.374969,0.996543,-0.616059,0.459253,0.477538,0.410345,-0.35713,0.236012,-0.020276,-0.611698,-0.237237,-0.184756,#
6,0.312399,0.40982,0.095291,-0.017454,-0.040758,0.219509,1.0,-0.49958,0.219509,0.508345,0.067369,0.564979,0.493159,0.397957,0.63073,0.594457,-0.247045,-0.223988,0.372813,-0.49958,0.074357,-0.4829,0.827259,-0.67968,-0.220808,-0.665433,0.546467,-0.546502,0.337166,0.163712,-0.653954,-0.276613,-0.653422,-0.333053,-0.346155,-0.333053,0.526689,-0.198958,0.202576,0.512294,-0.428174,0.666779,-0.370886,-0.343832,0.202359,-0.244657,0.432004,0.118353,0.010773,0.337166,0.066476,-0.391251,0.0,-0.287558,-0.484867,0.715657,-0.434858,0.376706,-0.483995,0.662395,-0.309561,0.486614,-0.380858,-0.117855,0.432652,0.604416,0.0,0.612718,0.5178,0.054429,0.374631,0.16244,0.0,0.630758,-0.203979,0.310197,-0.654103,-0.796102,-0.420554,-0.009849,0.018248,-0.815382,-0.180105,0.222944,-0.195239,0.241256,-0.206093,0.046044,-0.203979,0.046044,0.433201,-0.377706,-0.333053,0.404977,0.428823,0.364035,0.059953,-0.197648,-0.165728,-0.499325,0.335178,-0.582048,-0.22661,0.312399,0.005866,-0.582048,-0.309271,-0.090075,0.018248,-0.18866,-0.151086,0.0,-0.654103,0.002657,-0.386668,-0.392731,-0.025296,-0.335984,-0.015491,-0.361461,-0.386668,-0.653758,-0.424027,-0.815382,-0.46208,0.228354,0.018248,0.133626,-0.13005,-0.197648,-0.206093,0.0,0.012124,-0.485153,-0.197648,-0.231556,0.0,-0.386668,-0.044035,-0.18866,0.018248,0.497375,-0.194791,-0.499746,-0.165728,-0.224479,0.433201,0.795566,-0.335984,0.504725,-0.309271,-0.582048,0.0,-0.197648,-0.386668,0.018248,0.153253,0.372318,0.005866,0.002657,-0.392731,0.018248,0.214417,0.212341,0.413496,0.347916,-0.499325,-0.651034,-0.231556,-0.49958,0.188902,-0.2422,-0.178589,-0.518016,0.19009,-0.194791,-0.333053,0.19009,-0.033295,-0.103088,0.173854,0.227164,0.478772,0.196121,0.443982,0.23403,0.633348,-0.440617,-0.390391,0.189365,-0.194791,0.460439,0.478772,0.825242,0.11317,0.648414,-0.5495,-0.349987,-0.237237,0.199238,#
7,-0.166667,-0.408118,0.235839,0.601727,-0.407856,-0.49958,-0.49958,1.0,-0.49958,-0.249769,-0.237803,-0.534207,-0.021125,-0.408152,-0.327246,-0.49958,-0.327113,0.327097,-0.610868,0.375,-0.181925,0.240772,-0.611728,0.518273,0.74978,0.301511,-0.896067,0.149487,-0.688619,-0.499726,0.74978,0.50839,0.733509,0.666667,0.393528,0.666667,-0.25,0.491601,-0.327248,-0.025066,0.590928,-0.321338,0.197344,0.341474,0.20342,-0.097363,-0.611832,0.370434,-0.228978,-0.688619,0.078113,0.180499,0.0,0.564318,0.203009,-0.703155,0.223564,-0.316013,0.165582,-0.762822,0.104304,-0.297254,0.013464,-0.0,-0.466496,0.088935,0.0,-0.499704,-0.389526,0.136263,-0.328673,-0.860198,0.0,-0.327154,0.476634,-0.716705,0.763763,0.388262,0.612373,-0.106954,0.356961,0.597267,0.207617,-0.762738,0.308941,0.197531,0.300094,0.087422,-0.011485,0.087422,-0.408248,0.378701,-0.166667,-0.611807,-0.121211,-0.166667,0.22259,0.742388,0.476634,0.356961,-0.714435,-0.011485,0.318014,-0.166667,0.378701,0.476634,0.13412,0.101567,-0.249873,-0.231322,0.501155,0.0,0.763763,0.094617,0.597267,0.582816,0.102062,0.13412,-0.25,0.378701,0.597267,0.207617,0.21385,0.597267,0.175228,-0.011485,-0.249873,-0.204842,0.131863,0.742388,0.300094,0.0,0.22259,0.425691,0.742388,0.763763,0.0,0.597267,0.285248,0.300094,0.356961,0.192701,0.488108,0.215431,0.476634,0.326867,-0.408248,-0.40113,0.13412,-0.248719,0.13412,0.476634,0.0,0.742388,0.597267,0.356961,-0.160467,-0.407844,0.378701,0.094617,0.582816,0.356961,-0.499613,-0.011485,0.087422,-0.210464,0.356961,0.169978,0.763763,1.0,-0.537512,0.343392,0.488108,0.23152,-0.78414,0.488108,0.666667,-0.78414,-0.642857,-0.373082,-0.537512,-0.346083,-0.398283,-0.241287,-0.48728,-0.700529,-0.78414,-0.106954,0.383994,-0.524264,0.488108,-0.995884,-0.398283,-0.440824,0.46461,-0.327074,0.238734,0.37038,0.308941,-0.325791,#
8,0.312399,0.37821,0.016136,-0.424086,-0.040758,1.0,0.219509,-0.49958,1.0,0.508345,0.099212,0.09479,0.084102,0.397957,-0.237057,0.625053,-0.214514,0.181373,0.387978,-0.015491,0.110487,0.110753,0.411291,-0.25541,-0.220808,-0.648948,0.278347,-0.477031,0.337166,0.594924,-0.653954,-0.218156,-0.208498,-0.333053,-0.328528,-0.333053,0.526689,-0.599563,0.647626,-0.329664,-0.009154,0.136359,0.114294,-0.531088,-0.225787,-0.030272,0.814173,-0.329954,0.037047,0.337166,0.105046,0.308767,0.0,-0.014263,0.052604,0.433607,-0.494335,0.668093,-0.485968,0.662395,0.380464,-0.016191,-0.355829,-0.117855,0.309104,0.087023,0.0,0.612718,0.5178,0.015228,-0.139439,0.571714,0.0,0.216555,-0.6203,0.382936,-0.231556,-0.432498,-0.420554,-0.03378,-0.499325,-0.410485,0.250666,0.651013,0.194458,-0.206258,-0.247737,0.022571,-0.242231,0.007223,0.022134,-0.416515,-0.333053,0.381284,-0.369632,0.364035,0.503757,-0.653758,-0.188856,-0.499325,0.335178,0.189212,-0.252227,0.312399,-0.416515,-0.6203,-0.347856,0.344567,-0.029307,0.239408,-0.335216,0.0,-0.231556,-0.021161,-0.410485,-0.815256,-0.025296,-0.374568,0.468598,-0.384927,-0.426058,-0.222987,0.016564,-0.410485,-0.437024,0.205225,0.488266,0.15055,-0.591014,-0.653758,-0.642877,0.0,-0.508429,-0.469139,-0.653758,-0.654103,0.0,-0.410485,0.530399,-0.625445,-0.499325,-0.143711,-0.600756,-0.474717,-0.203979,-0.66396,0.022134,0.455746,-0.374568,-0.041681,0.346669,-0.6203,0.0,-0.653758,-0.426058,-0.499325,0.125153,0.39955,-0.416515,-0.410485,-0.815256,-0.499325,0.191551,0.189212,-0.009028,-0.299478,-0.499325,-0.184756,-0.654103,-0.49958,0.20395,-0.200642,0.219275,-0.547156,0.632283,-0.600756,-0.333053,0.632283,0.384153,0.141527,0.59018,0.226113,-0.016041,0.652344,0.050094,0.473588,0.632283,-0.03378,-0.374969,0.996543,-0.616059,0.459253,0.477538,0.410345,-0.35713,0.236012,-0.020276,-0.611698,-0.237237,-0.184756,#
9,0.63403,0.072723,0.261109,0.077435,0.072677,0.508345,0.508345,-0.249769,0.508345,1.0,-0.035467,0.292983,0.698108,0.068064,0.190111,0.508345,-0.326811,-0.258954,0.367747,-0.249769,0.232306,-0.001028,0.422197,-0.492536,0.210273,-0.761942,0.282707,-0.432252,0.182506,-0.019202,-0.32695,0.103115,-0.326684,-0.166513,-0.300977,-0.166513,0.39867,-0.499402,0.183397,0.184452,0.072279,0.170844,0.044276,-0.726931,0.204082,-0.66381,0.415601,-0.307817,-0.170109,0.182506,0.299407,0.115928,0.0,0.15978,-0.325507,0.252122,-0.990544,0.366607,-0.813439,0.340347,0.197335,0.349669,-0.622931,0.291113,0.005204,0.312883,0.0,0.50072,0.269423,0.233378,0.142185,0.163696,0.0,0.186876,-0.030231,0.149334,-0.327025,-0.611242,-0.407871,-0.126262,-0.249642,-0.407657,0.260611,0.332249,-0.247361,-0.326858,-0.251529,0.136611,-0.030231,0.136611,0.121579,-0.611184,-0.166513,-0.130884,-0.072305,0.698073,0.259632,-0.326852,-0.499143,-0.249642,0.21178,-0.499143,-0.243178,0.63403,-0.135445,-0.499143,0.183693,0.388088,-0.249642,-0.178256,-0.065919,0.0,-0.327025,0.075214,-0.407657,-0.407594,0.082359,-0.710844,0.350638,-0.067163,-0.407657,-0.326852,-0.331435,-0.407657,-0.66401,0.505983,-0.249642,-0.225643,-0.1765,-0.326852,-0.762034,0.0,0.259632,-0.198628,-0.326852,-0.327025,0.0,-0.407657,0.235849,-0.178256,-0.249642,0.240125,-0.499268,-0.770385,-0.499143,-0.218515,0.121579,0.689046,-0.710844,-0.248489,0.183693,-0.499143,0.0,-0.326852,-0.407657,-0.249642,0.259245,0.065389,-0.135445,-0.407657,-0.407594,-0.249642,0.49457,-0.030231,0.068306,-0.15828,-0.249642,-0.32549,-0.327025,-0.249769,0.46709,-0.00433,0.517801,-0.406731,0.283076,-0.499268,-0.166513,0.283076,-0.140729,-0.342732,-0.03683,0.217471,0.200488,0.292058,0.178731,0.456853,0.283076,-0.126262,-0.057655,0.46752,-0.499268,0.192811,0.200488,0.595178,-0.313045,0.776596,0.198972,-0.202996,-0.247361,0.252826,#
10,-0.400368,-0.544314,0.085709,-0.251905,-0.106885,0.099212,0.067369,-0.237803,0.099212,-0.035467,1.0,0.609929,0.178806,-0.116721,-0.352238,0.489442,0.586693,-0.602939,0.273739,-0.237803,0.219527,-0.462686,-0.169454,-0.11433,-0.473573,-0.165704,0.02281,-0.517562,-0.022619,0.025364,0.01329,0.56217,-0.477733,0.083298,0.722897,-0.400368,0.467544,-0.097839,0.140258,0.166768,-0.689841,0.038303,-0.352134,0.204798,-0.032511,0.210678,-0.145416,-0.278455,-0.326505,-0.022619,0.624876,0.407614,0.0,0.38164,0.593297,-0.169596,0.020686,-0.304234,-0.319934,0.016398,-0.251945,-0.109606,-0.325832,-0.376256,0.26105,-0.463046,0.0,0.089239,-0.273574,-0.447062,0.489896,0.446427,0.0,0.119892,-0.466896,0.42245,-0.469674,-0.299325,-0.273148,-0.63963,-0.600246,0.196304,0.465774,0.493091,-0.596579,-0.015625,-0.562236,-0.108057,-0.750201,-0.523373,0.335676,-0.28602,0.325131,-0.203533,0.26577,0.325131,-0.42728,-0.475512,-0.074344,0.311345,0.111892,0.37561,-0.630632,-0.400368,-0.28602,-0.466896,-0.277085,0.353493,-0.600246,0.493091,-0.740434,0.0,-0.469674,-0.267045,-0.267045,-0.235847,-0.273148,-0.304887,-0.600553,0.146063,-0.688445,0.155393,0.117223,0.196304,-0.423325,-0.057679,-0.061579,-0.562527,-0.102045,-0.475512,0.311659,0.0,-0.426122,0.165695,-0.475512,-0.029904,0.0,-0.267045,-0.408185,0.329803,-0.600246,0.261708,-0.101553,0.201664,-0.483561,-0.145123,0.335676,0.193407,-0.304887,-0.123578,0.445746,-0.466896,0.0,-0.475512,-0.688445,-0.24804,0.384463,-0.140803,-0.28602,0.138147,-0.235847,-0.24804,0.094095,-0.074344,-0.540286,-0.376315,-0.04086,-0.032428,-0.029904,-0.237803,0.518179,0.033391,-0.044406,-0.46331,0.47064,-0.101553,-0.400368,0.47064,0.254292,0.681643,0.051473,0.598552,0.608731,-0.008695,0.16212,0.332003,-0.008428,0.119074,0.567035,0.071329,-0.515632,0.229722,0.053938,0.314003,-0.26062,0.140168,0.09171,-0.488917,-0.119844,0.079472,#
11,0.161881,-0.048967,0.38655,-0.217305,-0.047382,0.09479,0.564979,-0.534207,0.09479,0.292983,0.609929,1.0,0.330758,0.456474,0.339597,0.564979,0.382833,-0.401611,0.200058,-0.534207,0.073399,-0.284527,0.193682,-0.626169,-0.351652,-0.395353,0.379284,-0.381136,0.120017,0.020853,-0.308199,0.110976,-0.899571,-0.064752,0.13355,-0.647524,0.315668,-0.091485,0.360782,0.352212,-0.750191,0.392952,-0.286898,-0.209615,0.173526,-0.170221,0.216235,-0.484827,-0.313012,0.120017,0.383144,-0.207875,0.0,-0.017309,-0.272466,0.186345,-0.294562,-0.08185,-0.279591,0.33506,-0.170438,0.250533,-0.145163,-0.198303,0.005846,-0.27354,0.0,0.58392,-0.087964,-0.258084,0.921664,0.389899,0.0,0.339759,-0.061355,0.625313,-0.890198,-0.431966,-0.733573,-0.346275,-0.321748,-0.167717,0.237098,0.35463,-0.380905,0.21824,-0.348558,-0.004529,-0.402709,-0.504944,0.515482,-0.421021,0.226633,0.16913,0.238825,0.226633,-0.258043,-0.325093,-0.06247,0.12759,0.237915,-0.04239,-0.412666,0.161881,0.059984,-0.535458,-0.152601,0.233063,-0.321748,-0.161527,-0.622809,0.0,-0.890198,0.299823,-0.188395,-0.158503,-0.237916,-0.186099,-0.364232,0.099596,-0.696141,-0.136881,-0.199401,-0.167717,-0.302426,0.431713,-0.321748,-0.316567,-0.263839,-0.325093,0.188245,0.0,-0.256648,0.010632,-0.325093,-0.360318,0.0,-0.188395,-0.332468,0.210106,-0.321748,0.552591,-0.089175,-0.29425,-0.555537,-0.358998,0.515482,0.444401,-0.186099,0.289892,-0.152601,-0.535458,0.0,-0.325093,-0.696141,0.102626,0.719663,-0.095618,0.059984,0.299823,-0.158503,0.102626,0.603275,0.411633,-0.044154,0.198579,-0.296785,-0.361838,-0.360318,-0.534207,0.596302,-0.452353,-0.068856,-0.292334,0.326029,-0.089175,-0.647524,0.326029,0.175336,0.116295,0.033967,0.412602,0.971759,-0.259172,0.416493,0.251624,0.30465,0.027702,0.077356,0.064583,-0.588101,0.505966,0.303288,0.4619,0.031122,0.36201,-0.316635,-0.45189,-0.37968,0.35771,#
12,0.436585,-0.232612,-0.102964,0.534737,0.18989,0.084102,0.493159,-0.021125,0.084102,0.698108,0.178806,0.330758,1.0,-0.236735,0.384223,0.493159,-0.081559,-0.450741,0.293167,-0.021125,0.478921,-0.528412,0.346398,-0.483873,0.274779,-0.451107,0.095644,-0.271582,-0.244719,0.026587,-0.197771,0.327287,-0.202374,0.239418,0.021234,-0.267584,0.169001,-0.082034,-0.076493,0.540823,0.071032,-0.08324,-0.490049,-0.391269,0.731657,-0.679921,-0.079051,0.017999,-0.270882,-0.244719,0.340342,0.205905,0.0,0.195258,-0.152829,0.202647,-0.673515,-0.162762,-0.595185,0.19266,-0.443279,0.638484,-0.391385,0.282651,0.101726,0.360303,0.0,0.077305,0.025921,-0.213014,0.348506,-0.048458,0.0,0.378519,-0.092683,0.19787,-0.193615,-0.678038,0.086243,-0.129037,-0.401172,-0.349287,0.31685,0.187015,-0.445926,-0.206035,-0.452218,-0.176308,-0.389655,-0.176308,-0.189733,-0.68087,-0.267584,-0.137198,-0.093645,0.492919,-0.125595,-0.199892,-0.505145,-0.031973,-0.24838,-0.505145,0.017198,0.436585,-0.262403,-0.505145,0.259045,-0.010728,-0.401172,-0.262033,0.224769,0.0,-0.193615,0.075454,-0.349287,-0.353601,0.517457,-0.527804,0.12675,-0.202341,-0.349287,-0.525248,-0.648124,-0.349287,-0.456734,0.37898,-0.401172,-0.282717,0.033427,-0.199892,-0.452218,0.0,0.390134,0.134635,-0.199892,0.267373,0.0,-0.349287,-0.125505,0.061282,-0.401172,0.351254,-0.084455,-0.521089,-0.505145,0.02762,-0.189733,0.685327,-0.527804,-0.399319,0.259045,-0.505145,0.0,-0.199892,-0.349287,-0.031973,0.041268,0.177068,-0.262403,0.075454,-0.353601,-0.031973,0.071962,-0.092683,-0.236391,-0.29217,-0.401172,-0.221432,0.267373,-0.021125,0.458031,0.245735,0.392812,-0.189521,0.144145,-0.084455,-0.267584,0.144145,-0.151991,-0.279331,0.014775,-0.060209,0.350013,0.148718,0.318173,0.367455,0.144145,0.178242,0.228335,0.030254,-0.084455,-0.03625,0.350013,0.654693,-0.073105,0.895339,0.348508,0.090597,0.006926,0.404563,#
13,0.388339,0.587528,0.425529,-0.26584,-0.269745,0.397957,0.397957,-0.408152,0.397957,0.068064,-0.116721,0.456474,-0.236735,1.0,0.353674,0.397957,-0.084687,0.534685,-0.173666,-0.408152,-0.421231,0.22824,0.246058,-0.492294,-0.09107,-0.34972,0.170438,-0.140983,0.268693,0.403968,-0.534274,-0.431907,-0.53384,-0.272101,-0.394625,-0.272101,0.106991,0.018138,0.797528,-0.207133,-0.270047,0.40889,0.038646,-0.316093,-0.096169,-0.025023,0.66102,-0.388993,-0.018282,0.268693,-0.056258,-0.42159,0.0,-0.21797,-0.600267,0.353332,-0.076419,0.529998,0.144149,0.536713,0.245172,0.086937,0.212992,-0.241693,-0.202268,-0.040802,0.0,0.80059,0.417917,-0.059859,0.392741,0.183093,0.0,0.356409,-0.002822,0.268042,-0.534397,-0.150311,-0.66651,0.258153,0.121648,-0.25186,-0.09334,0.077692,0.556346,0.381686,0.103457,0.174597,-0.002822,-0.23372,0.174715,-0.134367,-0.272101,0.682367,-0.14254,-0.272101,0.422585,-0.067412,0.43864,-0.407944,0.252367,0.012652,0.099806,0.388339,0.258113,-0.38967,-0.412725,0.161795,0.121648,-0.34347,-0.267434,0.0,-0.534397,0.585175,0.18681,-0.23372,-0.262074,0.297927,0.087178,-0.158377,-0.22749,-0.09334,-0.072312,-0.25186,0.147206,0.3995,0.121648,0.463579,-0.730841,-0.067412,0.120304,0.0,-0.613106,-0.229413,-0.067412,-0.534397,0.0,0.18681,0.365137,-0.34347,0.121648,0.390239,0.022289,-0.427264,0.036318,-0.77888,0.174715,0.22929,0.297927,0.618946,-0.412725,-0.38967,0.0,-0.067412,-0.22749,0.121648,0.421998,0.158939,0.258113,0.18681,-0.23372,0.121648,0.385698,0.825488,0.591229,0.399839,-0.407944,-0.531889,-0.534397,-0.408152,-0.012215,-0.782255,-0.017316,-0.099083,0.064108,0.022289,-0.272101,0.064108,0.219541,-0.274912,0.388116,-0.089598,0.391407,0.066142,-0.038618,-0.181013,0.517659,-0.182619,-0.588139,0.393605,-0.384813,0.376419,0.391407,0.145251,0.466492,-0.112005,-0.660646,-0.493244,-0.353076,-0.054783,#
14,0.499481,0.362348,-0.176188,0.352926,0.326993,-0.237057,0.63073,-0.327246,-0.237057,0.190111,-0.352238,0.339597,0.384223,0.353674,1.0,0.179827,0.023927,-0.040592,0.043434,-0.327246,-0.006749,-0.359861,0.516952,-0.645317,0.053225,-0.043683,0.433759,0.279353,0.180456,0.190629,-0.428367,-0.418675,-0.428019,-0.218164,-0.484418,-0.218164,-0.327246,0.235086,0.029133,0.411148,-0.103785,0.169121,-0.478485,-0.257604,0.523713,-0.432888,0.083623,0.047054,0.13701,0.180456,-0.220642,-0.569802,0.0,-0.486998,-0.787987,0.544904,-0.166076,0.019179,0.16519,0.407291,-0.523938,0.768621,0.312143,0.322892,-0.053392,0.3649,0.0,0.207221,0.308614,-0.174511,0.42621,-0.060674,0.0,0.492822,0.229267,0.153663,-0.428465,-0.326661,-0.094925,0.547721,0.248383,-0.53411,-0.428239,-0.083129,-0.028886,0.069319,-0.036827,-0.064244,0.229267,-0.064244,-0.077347,-0.331145,-0.218164,0.534572,0.086887,-0.218164,-0.202077,0.078886,-0.191088,-0.327079,0.091408,-0.653974,0.444757,0.499481,0.09533,-0.191088,0.218462,-0.4826,0.248383,-0.540771,0.371602,0.0,-0.428465,0.375425,-0.057444,-0.064244,0.344541,0.218462,0.210988,-0.331145,-0.057444,-0.428239,-0.731736,-0.53411,0.259551,0.229267,-0.327079,0.467276,0.026497,0.078886,-0.036827,0.0,0.323521,0.015711,0.078886,0.041343,0.0,-0.057444,-0.286476,-0.036827,0.248383,0.293335,0.239597,-0.383569,-0.191088,-0.040563,-0.077347,0.392509,0.218462,0.281952,-0.553744,-0.191088,0.0,0.078886,-0.057444,0.248383,-0.097093,0.313922,0.09533,0.375425,-0.064244,0.248383,0.219234,0.229267,0.362376,0.487464,-0.327079,-0.426455,0.041343,-0.327246,0.189841,-0.288882,-0.228788,0.335454,-0.07748,0.239597,-0.218164,-0.07748,0.054355,-0.486864,0.189841,-0.422629,0.31418,-0.079938,0.291454,0.050539,0.415356,0.068772,-0.371838,-0.244682,0.239597,0.302149,0.31418,0.344424,0.368101,0.488923,-0.275918,0.281134,-0.07558,0.518919,#
15,0.312399,-0.009173,0.016136,-0.017454,-0.040758,0.625053,0.594457,-0.49958,0.625053,0.508345,0.489442,0.564979,0.493159,0.397957,0.179827,1.0,0.192118,-0.240878,0.372813,-0.49958,0.074357,-0.536774,0.411291,-0.67968,-0.220808,-0.683291,0.223555,-0.621762,0.337166,0.566253,-0.653954,0.187792,-0.653422,-0.333053,0.112153,-0.333053,0.526689,-0.215597,0.647626,0.074812,-0.428174,0.136359,-0.576003,-0.398845,0.202359,-0.272668,0.432004,-0.347887,-0.160012,0.337166,0.577717,0.283802,0.0,0.238788,0.016867,0.415573,-0.513156,0.376706,-0.535295,0.662395,-0.284849,0.447994,-0.407973,-0.117855,0.250827,0.087023,0.0,0.612718,0.5178,-0.474786,0.353279,0.492397,0.0,0.630758,-0.6203,0.335081,-0.654103,-0.819796,-0.420554,-0.03378,-0.499325,-0.410485,0.250666,0.651013,-0.220633,-0.206258,-0.659342,0.022571,-0.6203,-0.37648,0.022134,-0.800088,-0.333053,0.381284,0.010372,0.364035,0.031033,-0.653758,-0.188856,-0.499325,0.335178,-0.188856,-0.252227,0.312399,-0.416515,-0.998369,-0.347856,0.344567,-0.499325,0.239408,-0.409863,0.0,-0.654103,-0.021161,-0.410485,-0.815256,-0.025296,-0.374568,-0.015491,-0.384927,-0.815382,-0.222987,-0.452737,-0.410485,-0.489225,0.205225,0.018248,0.115292,-0.608036,-0.653758,-0.231273,0.0,-0.508429,-0.068769,-0.653758,-0.231556,0.0,-0.410485,0.035197,-0.21384,-0.499325,0.460417,-0.218195,-0.526861,-0.582048,-0.680189,0.022134,0.795566,-0.374568,-0.041681,0.346669,-0.998369,0.0,-0.653758,-0.815382,-0.499325,0.125153,0.372318,-0.416515,-0.021161,-0.815256,-0.499325,0.191551,0.189212,-0.009028,-0.338291,-0.499325,-0.651034,-0.231556,-0.49958,0.580148,-0.2422,0.219275,-0.547156,0.605645,-0.218195,-0.333053,0.605645,0.359005,0.141527,0.5651,0.199833,0.446689,0.624861,0.015783,0.473588,0.605645,-0.03378,0.010575,0.575622,-0.616059,0.429585,0.446689,0.798341,-0.015884,0.648414,-0.052157,-0.611698,-0.237237,0.199238,#
16,-0.218075,-0.534003,-0.272392,-0.0927,0.374506,-0.214514,-0.247045,-0.327113,-0.214514,-0.326811,0.586693,0.382833,-0.081559,-0.084687,0.023927,0.192118,1.0,-0.523099,0.107787,-0.327113,0.027203,-0.372623,-0.383333,-0.168598,-0.428194,0.414569,0.124941,0.280114,0.237862,0.186264,0.077689,0.323162,-0.427846,-0.218076,0.536359,-0.218075,-0.327113,0.194793,0.053755,-0.086112,-0.533618,-0.420455,-0.491442,0.231676,0.036146,0.102343,-0.352932,-0.483199,-0.033153,0.237862,0.391242,0.238257,0.0,0.117546,0.327488,-0.207689,0.248559,-0.451166,0.302042,-0.072565,-0.451257,0.198111,0.312331,0.11875,-0.130294,-0.754789,0.0,-0.217947,-0.242647,-0.69195,0.426285,0.488986,0.0,0.021139,-0.186178,0.23644,-0.428292,0.114605,-0.105516,0.064021,-0.326946,0.38602,0.038416,0.420936,-0.53073,-0.428074,-0.489005,-0.101678,-0.186178,-0.533811,-0.072542,-0.326107,0.535766,0.055687,0.081491,-0.218075,-0.773531,-0.428066,-0.227921,0.254292,0.273681,0.23961,-0.072947,-0.218075,-0.326107,-0.186178,0.218821,0.040607,-0.326946,0.420936,-0.395643,0.0,-0.428292,-0.09543,-0.09543,-0.059312,-0.105516,0.218821,-0.327113,0.105879,-0.533893,0.550631,-0.196905,0.38602,0.259761,-0.227921,-0.326946,-0.047429,0.020591,-0.428066,0.420936,0.0,-0.208664,0.584503,-0.428066,0.029963,0.0,-0.09543,-0.742176,0.420936,-0.326946,-0.038392,0.191863,0.312331,-0.653708,-0.046167,-0.072542,-0.156324,0.218821,-0.325437,0.218821,-0.186178,0.0,-0.428066,-0.533893,-0.326946,0.008114,-0.120178,-0.326107,0.326794,-0.059312,-0.326946,0.229462,-0.227921,-0.533811,-0.230051,0.254292,0.054229,0.029963,-0.327113,0.68176,-0.08806,-0.223026,0.335657,0.445115,0.191863,-0.218075,0.445115,0.547654,0.459288,0.213096,0.06895,0.34871,-0.054338,-0.095172,0.352723,-0.052667,0.547777,0.534602,-0.210895,-0.238984,0.335357,-0.227755,-0.097751,-0.174949,0.019291,0.349606,0.032224,-0.03473,0.470672,#
17,0.190107,0.534646,0.228788,0.058799,-0.389963,0.181373,-0.223988,0.327097,0.181373,-0.258954,-0.602939,-0.401611,-0.450741,0.534685,-0.040592,-0.240878,-0.523099,1.0,-0.549256,0.327097,-0.411425,0.576868,-0.099814,0.185605,0.409411,0.068872,-0.408996,0.215019,-0.262759,0.217324,-0.059619,-0.400544,0.427824,0.218064,-0.411497,0.218064,-0.218064,0.238932,0.410344,-0.404488,0.516838,0.028983,0.388905,-0.029786,-0.072547,0.111057,0.336361,0.120391,0.081939,-0.262759,-0.43141,-0.235081,0.0,-0.101635,-0.346103,-0.008749,0.25941,0.383176,0.430725,0.037676,0.451195,-0.258477,0.394568,-0.152927,-0.333703,0.153822,0.0,0.201816,0.202553,0.184162,-0.285799,-0.403328,0.0,-0.056355,0.203828,-0.234432,0.42827,0.356427,0.089024,0.361204,0.348486,0.069635,-0.065853,-0.465,0.999219,0.44669,0.508207,0.093852,0.203828,0.093852,-0.338976,0.360621,-0.508817,0.365308,-0.516244,-0.508817,0.74338,0.44704,0.671014,-0.233521,-0.352675,0.202865,0.528107,0.190107,0.344007,0.220204,-0.257437,-0.067935,0.348486,-0.447172,0.373548,0.0,0.42827,0.534858,0.551721,0.093852,0.071904,0.494626,0.306129,-0.096752,0.551721,-0.065853,0.208055,0.069635,0.447906,0.203828,0.32693,0.507009,-0.478508,0.44704,0.062503,0.0,-0.35266,-0.146893,0.44704,-0.047586,0.0,0.551721,0.761112,-0.428295,0.348486,-0.010467,0.24056,-0.106829,0.671014,-0.390412,-0.338976,-0.28891,0.494626,0.348177,-0.286362,0.220204,0.0,0.44704,0.551721,0.348486,-0.017087,0.087757,0.344007,0.11328,0.093852,0.348486,-0.236752,0.654638,0.534761,0.216528,-0.233521,-0.037066,-0.047586,0.327097,-0.695887,-0.347587,0.181102,0.203158,-0.460135,0.24056,0.218064,-0.460135,-0.137025,-0.481149,0.179675,-0.522701,-0.344733,0.020475,-0.325463,-0.629887,0.038306,-0.123192,-0.564439,0.196902,0.24056,-0.331533,0.211115,-0.400197,0.586659,-0.551958,-0.367592,-0.038803,0.017767,-0.4897,#
18,0.245391,0.241785,-0.365707,-0.190145,0.666896,0.387978,0.372813,-0.610868,0.387978,0.367747,0.273739,0.200058,0.293167,-0.173666,0.043434,0.372813,0.107787,-0.549256,1.0,-0.101811,0.753743,-0.392213,0.544164,0.024288,-0.361664,-0.491157,0.710632,-0.313757,0.417127,0.391947,-0.309108,-0.189472,-0.331109,-0.407246,-0.158332,-0.407245,0.407246,-0.833163,0.083743,-0.129303,-0.164781,-0.012872,-0.239707,-0.542349,0.066218,-0.207404,0.144677,-0.187847,-0.269921,0.417127,0.213043,0.393587,0.0,-0.345189,0.160001,0.391972,-0.326881,-0.060341,-0.343546,0.311319,-0.167988,0.407623,-0.19276,-0.276548,0.632632,0.15772,0.0,-0.015654,0.06025,0.177454,-0.002657,0.750025,0.0,0.517161,-0.385156,0.467813,-0.355473,-0.623258,-0.182244,-0.292982,-0.610557,-0.530188,-0.355942,0.811612,-0.527948,-0.329509,-0.045242,-0.586069,0.012413,-0.182576,0.281357,-0.18799,0.323708,0.143375,0.191122,0.245392,-0.410956,-0.799392,-0.783624,-0.046966,0.425235,0.067281,-0.577812,0.245391,-0.203503,-0.369865,-0.281503,0.086106,-0.116297,0.395426,-0.219591,0.0,-0.355473,-0.603362,-0.99702,-0.536774,0.217413,-0.227483,0.387666,-0.624198,-0.587616,-0.302728,-0.337192,-0.530188,-0.291777,-0.433727,0.427166,-0.151156,0.020654,-0.799392,-0.478076,0.0,0.087275,-0.267662,-0.799392,-0.372563,0.0,-0.99702,-0.403037,-0.513329,-0.610557,-0.371399,-0.834257,-0.350933,-0.386055,-0.103184,0.281357,0.620055,-0.227483,-0.129622,0.447763,-0.369865,0.0,-0.799392,-0.587616,-0.610557,-0.055514,0.650053,-0.203503,-0.603362,-0.536774,-0.610557,0.005513,-0.401346,-0.165231,-0.347865,-0.046966,0.160188,-0.372563,-0.610868,0.415077,0.497021,-0.424683,-0.404339,0.804377,-0.834257,-0.407246,0.804377,0.615954,0.315559,0.413049,0.572266,0.101062,0.331915,0.58145,0.892713,0.321707,0.176087,-0.218977,0.398368,-0.431964,0.596355,0.061136,0.660554,-0.704144,0.481567,0.098513,0.03379,0.389492,0.529598,#
19,-0.166667,0.092027,-0.353758,0.117115,0.091968,-0.015491,-0.49958,0.375,-0.015491,-0.249769,-0.237803,-0.534207,-0.021125,-0.408152,-0.327246,-0.49958,-0.327113,0.327097,-0.101811,1.0,0.424493,0.240772,-0.115195,0.560409,0.211264,0.345851,-0.235807,0.336346,-0.688619,0.018508,0.211264,-0.172957,0.777696,0.666667,-0.175428,-0.166667,-0.25,-0.004131,-0.327248,-0.025066,0.632543,-0.321338,0.292833,0.170737,0.20342,0.180817,-0.118419,0.416738,0.025442,-0.688619,-0.532144,0.180499,0.0,-0.207906,0.226078,-0.09779,0.296466,-0.316013,0.229267,-0.233084,0.134982,-0.249309,0.282753,0.0,0.135434,0.088935,0.0,-0.499704,-0.389526,0.136263,-0.328673,-0.245771,0.0,-0.327154,-0.011485,0.148284,0.763763,0.388262,0.612373,-0.106954,-0.249873,0.094617,0.207617,-0.231322,0.308941,0.197531,0.300094,-0.407971,-0.011485,0.087422,-0.408245,0.378702,-0.166667,-0.111772,-0.611828,-0.166667,0.22259,0.207617,-0.011485,0.356961,-0.714434,0.476634,0.318014,-0.166667,-0.116523,0.476634,0.13412,-0.438009,0.356961,-0.231322,0.501155,0.0,0.763763,0.094617,0.094617,0.087422,0.612373,0.13412,0.375,-0.116523,0.597267,-0.327154,0.21385,0.094617,0.242624,-0.011485,0.356961,-0.159321,0.263727,0.207617,-0.231322,0.0,0.22259,-0.09122,0.207617,0.218218,0.0,0.094617,0.285247,-0.231322,-0.249873,-0.587279,-0.005811,0.282753,0.476634,0.326867,-0.408245,-0.40113,0.13412,-0.248719,0.13412,0.476634,0.0,0.207617,0.597267,0.356961,-0.160467,0.119541,-0.116523,0.094617,0.087422,0.356961,-0.499613,-0.011485,-0.407971,-0.160353,-0.249873,0.771983,0.218218,0.375,-0.505132,0.397047,-0.005811,0.23152,-0.199474,-0.005811,-0.166667,-0.199474,-0.090909,-0.026029,0.012952,-0.312153,-0.358455,-0.205803,0.265789,-0.138784,-0.199474,0.398105,-0.113776,0.01918,0.488108,-0.344729,0.278798,-0.407428,-0.136179,-0.327074,0.279895,0.37038,0.308941,-0.325791,#
20,0.251897,0.071821,-0.397697,0.18243,0.673876,0.110487,0.074357,-0.181925,0.110487,0.232306,0.219527,0.073399,0.478921,-0.421231,-0.006749,0.074357,0.027203,-0.411425,0.753743,0.424493,1.0,-0.309612,0.263417,0.267864,0.01229,-0.233144,0.360794,-0.041142,-0.251936,0.234491,0.033159,-0.031978,0.062167,0.251897,-0.063078,-0.494464,0.09796,-0.594999,-0.123946,-0.006548,0.209497,-0.316404,-0.203236,-0.429444,0.494586,-0.342707,-0.191865,-0.038016,-0.499725,-0.251936,0.088271,0.486185,0.0,-0.270999,0.178722,0.096533,-0.188261,-0.523383,-0.150439,-0.045863,-0.226333,0.400955,0.057533,-0.240191,0.414439,0.095602,0.0,-0.367939,-0.413832,0.124584,0.106037,0.386739,0.0,0.367671,-0.125688,0.500451,0.046825,-0.388134,0.198055,-0.420971,-0.741318,-0.263825,-0.111287,0.48552,-0.402223,-0.127503,0.107556,-0.858019,-0.089257,-0.377354,-0.04951,-0.049463,0.282995,-0.078593,-0.193212,0.065307,-0.407426,-0.491637,-0.697873,0.40163,-0.24376,0.257912,-0.287197,0.251897,-0.086425,-0.089257,-0.072216,-0.107313,-0.152526,0.009566,0.15729,0.0,0.046825,-0.310168,-0.760359,-0.277307,0.655106,-0.072216,0.424493,-0.529965,-0.272652,-0.442332,-0.369761,-0.263825,-0.062374,-0.260698,0.279077,-0.400476,0.145986,-0.491637,-0.40806,0.0,0.308015,0.013617,-0.491637,0.006108,0.0,-0.760359,-0.361375,-0.40806,-0.741318,-0.423084,-0.59785,-0.259021,-0.224267,0.102589,-0.04951,0.395753,-0.072216,-0.358189,0.506946,-0.089257,0.0,-0.491637,-0.272652,-0.197818,0.02187,0.537684,-0.086425,-0.310168,-0.277307,-0.197818,-0.230091,-0.260698,-0.414329,-0.461708,-0.141869,0.557148,0.006108,-0.181925,0.219077,0.711417,-0.246556,-0.105568,0.480522,-0.59785,-0.494464,0.480522,0.415466,0.079813,0.238411,0.273624,0.130796,-0.033898,0.70175,0.649366,-0.032856,0.530288,-0.066873,0.118341,-0.118616,0.171528,0.154577,0.400798,-0.536293,0.366599,0.335012,0.387133,0.607158,0.512217,#
