0,1.0,-0.277342,-0.647878,0.208725,0.490494,-0.194307,0.366088,-0.325577,0.182843,-0.601934,0.995737,0.642022,-0.433756,0.292802,0.412618,-0.193684,0.352674,-0.992145,0.479538,0.463175,0.239819,0.255793,0.040928,-0.333081,0.001713,0.198006,0.022887,0.489266,0.003828,-0.498625,0.069127,0.096333,0.220465,-0.388964,0.071087,-0.499622,-0.403257,-0.130717,0.328183,0.0,-0.171816,0.436163,-0.24246,0.225215,-0.003674,0.403367,-0.118175,0.475585,-0.838873,-0.189075,-0.189075,0.36566,-0.174851,-0.203684,0.040757,0.103441,-0.383268,0.674991,-0.303534,-0.340694,-0.290142,0.221513,0.203833,-0.371283,-0.70614,-0.331589,0.0,0.284102,-0.397287,-0.278795,0.436163,-0.009631,0.660176,-0.377485,0.017129,0.390201,-0.221149,0.344203,-0.176413,-0.199199,-0.295254,0.202866,-0.003674,-0.649451,0.034179,0.023553,0.0221,-0.20965,0.260515,0.035808,-0.815879,0.162939,0.238932,-0.21035,0.234401,-0.18786,0.818874,-0.484727,-0.448326,0.510907,0.674991,0.51062,0.04547,-0.568346,-0.295254,-0.196656,-0.176413,0.021377,-0.246319,0.014695,-0.408768,0.001279,-0.390216,0.260515,0.162939,0.352674,0.352674,-0.216196,-0.053589,-0.336596,-0.147844,0.23649,0.023553,0.642232,0.387594,-0.346111,-0.62496,0.28372,-0.334155,0.021377,-0.500665,-0.499622,0.249143,-0.156447,0.249143,0.260515,-0.333081,-0.434134,0.600623,-0.500665,0.396223,0.234401,0.441063,0.504308,-0.390216,-0.289909,0.0,-0.166836,-0.176413,-0.196656,0.434387,-0.176576,-0.196656,0.029375,-0.346111,0.021377,-0.301988,-0.008987,-0.176576,0.260515,0.137066,-0.383682,0.387916,-0.484727,-0.2996,-0.013998,0.23649,0.021651,-0.333081,0.352674,0.411986,-0.33643,0.328183,0.365888,0.204164,0.04547,0.328183,0.218933,0.208356,0.01435,-0.672736,-0.020803,0.293678,0.019832,-0.416439,-0.210107,-0.393514,0.365888,0.635161,0.313293,-0.295254,0.489354,0.411227,-0.008267,0.400417,-0.249125,-0.763826,-0.20965,-0.306522,-0.654159,#
1,-0.277342,1.0,0.410453,-0.260919,0.245109,-0.11272,-0.324063,0.208581,-0.503813,-0.193676,-0.246159,0.270671,0.725019,0.167143,-0.217195,0.264875,0.161968,0.282941,-0.109763,-0.462599,-0.313973,0.009707,-0.039898,0.076722,0.243409,-0.424645,-0.268223,-0.271855,-0.106339,0.114852,0.090228,0.335298,-0.248266,0.295528,0.388545,0.115082,-0.223771,-0.216951,0.034099,0.0,-0.611974,-0.032741,0.210981,-0.214029,-0.684101,0.296597,-0.100364,-0.101462,0.412715,0.470295,0.470295,-0.151771,-0.289716,0.305564,-0.150906,-0.301687,0.415251,-0.173992,-0.122158,-0.0273,-0.164124,-0.57438,0.330203,0.406633,0.347353,-0.186731,0.0,0.066815,-0.118538,-0.17874,-0.032741,-0.075426,-0.510839,0.242274,0.295116,-0.090227,-0.212737,-0.068838,0.308801,-0.260005,-0.122929,-0.547152,0.14705,-0.185129,-0.192106,-0.148821,-0.238577,0.49341,0.235848,0.267203,0.240131,0.726887,0.495435,-0.247112,-0.233751,0.208521,0.31248,0.622868,0.718257,0.149713,-0.173992,-0.568167,0.388449,0.334064,-0.122929,0.179017,0.308801,0.216564,-0.50504,0.14705,0.320914,-0.359688,0.361368,0.235848,0.726887,0.119345,0.161968,0.28432,-0.125108,0.357051,0.359219,0.235873,-0.148821,-0.325702,-0.324621,-0.03442,-0.319983,0.030479,-0.204299,0.216564,-0.186846,0.115082,-0.183506,0.51081,-0.183506,0.235848,0.076722,-0.425604,0.144299,-0.186846,-0.387822,-0.233751,0.242949,-0.174445,0.361368,-0.174724,0.0,-0.090953,0.231526,0.179017,-0.217902,0.410269,0.207432,0.147888,-0.03442,0.267983,-0.135711,-0.180577,0.464631,0.235848,-0.242218,0.292135,-0.26191,0.622868,0.055655,-0.174661,0.181169,0.389947,0.076722,0.119345,0.321172,0.315134,0.034098,0.009834,-0.457503,0.388449,0.034098,0.262105,-0.377995,0.391457,-0.198875,0.242322,0.264663,-0.297033,0.411571,0.462264,-0.252085,0.009834,0.36126,0.24263,-0.122929,0.214503,-0.30108,-0.202093,-0.251145,0.200105,0.317347,0.49341,0.351586,0.206485,#
2,-0.647878,0.410453,1.0,-0.675781,-0.240581,-0.433832,-0.339725,-0.174643,-0.006402,-0.006571,-0.689176,-0.565327,0.160078,-0.210872,-0.538215,-0.044006,-0.507865,0.655152,-0.341896,-0.395581,-0.272153,-0.325321,-0.378487,0.213534,0.576424,-0.45304,0.170555,-0.092394,-0.352107,0.340038,0.135031,-0.175063,-0.722798,0.096138,-0.163344,0.341943,0.157597,0.435335,0.213534,0.0,-0.096072,-0.180242,0.060594,0.052744,-0.220748,-0.393994,-0.301861,-0.263315,0.369443,0.518325,0.481491,-0.25755,-0.228853,0.248569,-0.379006,0.122758,0.372298,-0.507021,0.485032,-0.159122,0.464881,-0.065977,0.259538,-0.147546,0.690088,0.534017,0.0,-0.398062,0.451194,0.518349,-0.180242,-0.195739,-0.512085,0.04464,0.068616,-0.16718,0.079158,-0.268712,0.221735,-0.197525,0.52264,-0.053241,0.363585,0.060468,-0.055269,0.256504,-0.081776,0.52693,-0.043605,0.05811,0.54072,-0.037853,-0.025553,0.552032,0.04948,-0.07102,-0.333057,0.740433,0.188828,-0.236086,-0.48873,-0.760156,0.360148,0.204632,0.52264,0.400991,0.221735,0.062045,-0.043932,0.320301,0.096856,-0.402517,0.360148,-0.079942,-0.037853,0.213534,-0.507865,0.192685,-0.389613,0.31229,0.226489,-0.033985,0.256504,-0.989146,-0.040136,-0.226367,0.267481,-0.070158,0.59838,0.062045,0.227792,0.320301,0.079158,0.034605,0.041778,-0.079942,0.184678,0.107117,-0.412208,0.227792,-0.347008,0.012424,0.08577,-0.341638,0.360148,0.517901,0.0,0.05901,0.623153,0.400991,-0.072733,0.471726,-0.079942,0.299125,-0.226367,0.07945,-0.219291,-0.069549,0.52693,-0.079942,0.214391,0.120078,-0.749584,0.740433,-0.212523,0.176391,-0.089538,0.351593,0.213534,0.213534,-0.390207,0.024851,0.213534,-0.226367,-0.516056,0.360148,0.213534,-0.016439,-0.300172,-0.150129,0.047332,-0.195805,-0.103856,-0.121788,0.322509,0.491307,-0.064532,-0.226367,-0.333415,-0.507549,0.52264,-0.235802,-0.123198,-0.08944,-0.072836,0.013547,0.461271,0.52693,0.318772,0.457154,#
3,0.208725,-0.260919,-0.675781,1.0,0.046761,0.654589,0.030403,0.286976,-0.233281,0.280289,0.250664,0.287946,0.034044,-0.345427,0.000634,-0.199677,0.343206,-0.192266,0.050645,0.030518,0.175697,-0.132817,0.01538,-0.332806,-0.404839,0.185256,-0.066741,-0.09942,0.523905,-0.020857,0.056008,0.350145,0.609968,0.004344,0.104075,0.0078,-0.01957,-0.396611,-0.332805,0.0,0.302975,-0.072005,-0.265196,-0.201179,-0.0117,0.41988,0.243888,-0.078513,-0.02109,-0.623417,-0.656606,0.36261,0.561788,0.199167,0.521108,-0.384114,-0.018948,0.249849,-0.340363,0.269489,-0.353476,-0.253312,-0.608645,0.261642,-0.271516,-0.331011,0.0,0.370898,-0.069846,-0.344768,-0.072005,-0.388521,0.202522,0.401115,0.400051,-0.19843,0.180293,0.308532,0.196892,-0.210749,-0.398933,0.171477,-0.499208,0.180293,-0.007775,-0.054514,-0.019429,-0.220032,0.223026,-0.395207,-0.019106,-0.126685,-0.205478,-0.273092,0.166158,0.640317,0.002425,-0.49645,0.013345,0.022275,0.678349,0.495385,-0.012114,0.196892,-0.398933,-0.653285,-0.172961,0.401115,-0.2527,-0.499208,0.041329,0.408838,-0.386546,0.190285,-0.126685,-0.332806,0.343206,0.199239,0.571684,0.061457,0.183113,-0.19394,-0.514053,0.669524,0.198756,0.329945,-0.225433,-0.43507,-0.398837,0.401115,-0.040414,0.475808,0.180293,-0.112209,-0.257561,0.190285,0.291205,0.355016,0.349947,-0.040414,-0.014003,-0.267896,0.012729,0.303474,-0.012114,-0.485212,0.0,-0.489559,-0.227351,-0.653285,-0.039247,-0.237588,0.190285,-0.498954,0.329945,-0.383033,0.074975,-0.402668,-0.635519,-0.202611,0.039813,0.012729,0.411627,-0.49645,0.308532,-0.52945,0.206503,-0.798396,-0.332806,-0.332806,0.39819,0.154552,-0.332806,0.329945,0.670058,-0.012114,-0.332806,-0.228503,0.193252,0.433901,0.193132,0.518494,-0.198507,-0.041045,-0.007865,-0.193487,-0.008306,0.329945,0.298538,0.335925,-0.398933,0.012955,0.034516,-0.395368,-0.410329,0.195306,-0.343134,-0.617963,-0.302804,-0.211064,#
4,0.490494,0.245109,-0.240581,0.046761,1.0,-0.15382,0.161037,0.268908,-0.326482,-0.119856,0.537835,0.273184,0.298225,0.276036,0.3624,-0.326747,-0.166524,-0.496023,0.316549,-0.40614,-0.010975,-0.072493,0.298225,-0.166524,0.097038,-0.326482,-0.412444,-0.088279,-0.293106,-0.249287,0.205005,0.187085,0.058217,-0.40505,0.004913,-0.249786,-0.281595,-0.582095,-0.166524,0.0,-0.321759,0.286126,-0.249782,-0.246367,-0.249786,0.172202,0.18808,0.311987,-0.092806,-0.22878,-0.22878,0.218649,0.057953,-0.499386,-0.319965,-0.244282,-0.130257,0.381558,0.257978,0.079726,0.233391,-0.312452,-0.018491,-0.320899,-0.283546,0.14023,0.0,-0.244122,-0.012214,-0.630158,0.286126,-0.230403,-0.326959,-0.407685,0.640548,0.075587,-0.761348,0.228885,-0.499302,-0.498629,-0.656368,-0.32686,-0.249786,-0.761348,-0.096831,-0.370304,-0.10174,0.362303,0.207641,0.089961,-0.407899,0.54613,0.353169,-0.207002,-0.21594,-0.326874,0.576037,0.294141,0.284889,-0.249659,0.381558,-0.249247,-0.101881,-0.499302,-0.656368,0.207641,-0.499302,-0.407685,-0.326509,0.351551,0.143773,0.166708,-0.611283,0.207641,0.54613,0.635258,-0.166524,0.036338,-0.414726,-0.606504,-0.001913,-0.326874,-0.370304,0.212387,-0.172442,-0.592332,-0.498882,0.238161,-0.606046,-0.407685,-0.996097,-0.249786,-0.211486,-0.225667,-0.211486,0.207641,-0.166524,-0.407312,0.285191,-0.996097,-0.407116,-0.21594,0.097053,0.278992,-0.611283,-0.632773,0.0,0.273342,0.003871,0.207641,-0.096831,-0.220713,-0.32688,0.368544,-0.592332,-0.407685,0.125513,0.430519,-0.220713,0.207641,-0.407019,-0.407622,0.072513,0.294141,0.228885,0.258112,-0.326874,-0.109559,-0.166524,0.635258,0.154493,-0.314792,-0.166524,0.240135,0.252367,-0.101881,-0.166524,-0.286,0.046297,-0.062696,-0.185557,0.416124,0.253846,-0.592497,0.417567,-0.294848,-0.577427,0.240135,0.422215,0.721895,-0.656368,0.43792,0.429849,0.396055,-0.100788,-0.325746,-0.246598,0.362303,-0.583997,-0.327047,#
5,-0.194307,-0.11272,-0.433832,0.654589,-0.15382,1.0,0.160509,0.496622,-0.021,0.623579,-0.146252,0.051964,0.265286,-0.148536,-0.091762,0.013987,0.245332,0.171883,0.28051,0.055103,-0.228861,-0.113839,0.265286,0.189575,-0.345707,0.445031,-0.420744,-0.13841,0.801072,0.283794,-0.261952,0.553861,0.254809,0.532355,0.042472,0.284362,0.282841,-0.180825,-0.507391,0.0,0.014088,0.232183,0.085725,-0.380466,0.284362,0.133915,0.336836,-0.327522,0.379158,-0.391306,-0.391306,-0.3137,0.650491,0.222902,0.22979,-0.467412,0.348461,0.079167,-0.217027,0.481883,-0.278037,-0.555491,-0.201935,0.52556,-0.212921,-0.301033,0.0,0.281879,-0.048728,-0.318216,0.232183,0.084276,-0.060437,0.079331,0.077991,-0.338565,0.489664,-0.238216,0.223362,0.223061,-0.283023,-0.093026,-0.196544,0.489664,-0.103816,0.161105,-0.129515,0.04455,-0.055344,-0.342427,0.071703,0.005226,-0.387534,-0.489605,-0.017058,0.410006,-0.331576,-0.320444,0.239666,-0.180323,0.079167,0.327931,-0.096237,0.223362,-0.283023,-0.531346,-0.189732,0.079331,-0.083816,-0.238362,0.130768,0.518953,-0.071637,-0.055344,0.005226,-0.507391,0.245332,0.211902,0.61298,-0.044138,0.203257,-0.001473,-0.352161,0.462803,-0.440887,0.527452,0.183745,-0.179423,-0.357057,0.079331,0.184533,0.284362,0.011684,0.103257,-0.439741,-0.055344,0.189575,0.463693,-0.126611,0.184533,0.079221,-0.464567,-0.353884,-0.153023,0.346572,-0.309033,0.0,0.054914,-0.695164,-0.531346,-0.103816,-0.454285,0.409299,-0.760699,0.527452,-0.307434,0.403211,-0.059985,-0.418729,-0.494175,-0.220056,0.532288,0.581129,-0.320444,0.494632,-0.264133,-0.037254,-0.484301,0.189575,-0.507391,0.140804,0.027521,-0.507391,-0.196187,0.449451,-0.096237,-0.507391,0.018451,-0.19692,-0.051956,0.544008,0.365699,-0.44904,-0.052903,-0.070351,-0.380208,0.371691,-0.196187,-0.092901,0.290649,-0.283023,-0.152803,-0.500773,-0.026308,-0.04235,0.403558,0.16748,-0.399905,0.074142,-0.047452,#
6,0.366088,-0.324063,-0.339725,0.030403,0.161037,0.160509,1.0,-0.356169,0.766985,0.228726,0.379985,0.348167,-0.487082,0.22755,-0.202915,-0.060005,-0.271331,-0.358587,0.386279,0.150194,-0.431401,0.19439,-0.018878,-0.271331,0.144125,0.379319,-0.671911,0.273939,0.431614,-0.406183,0.11046,0.532232,0.034237,-0.192687,-0.073777,-0.406996,0.536681,-0.299934,0.354817,0.0,-0.058941,0.400285,0.121314,0.052778,0.082182,0.201913,-0.405857,-0.106959,-0.101962,-0.370722,-0.370722,-0.433322,0.512017,-0.028215,0.405318,-0.336633,-0.539243,0.074748,0.321321,-0.398179,0.255189,0.298523,-0.015644,0.17602,-0.223189,0.288121,0.0,0.204488,0.310895,-0.420297,0.400285,0.439865,0.309315,-0.664273,-0.20436,-0.444731,0.018886,-0.463785,-0.024923,-0.032157,-0.519185,0.294967,0.590927,-0.38667,-0.197094,-0.190096,-0.626797,0.100019,-0.532612,-0.664292,-0.233257,-0.344693,-0.356451,0.029489,-0.443818,-0.532601,0.113039,-0.083849,-0.550112,0.049172,0.074748,0.053292,-0.197618,-0.396043,-0.519185,-0.532612,-0.024923,-0.286593,-0.130795,-0.406996,0.227164,0.209144,-0.197618,-0.532612,-0.344693,-0.271331,-0.271331,0.006472,0.175434,-0.199933,-0.400741,0.321255,-0.190096,0.304015,-0.319217,0.239277,-0.022988,0.294772,-0.379395,-0.286593,-0.179753,-0.406996,0.018886,0.083647,0.018886,-0.532612,-0.271331,-0.288289,0.394231,-0.179753,0.083565,-0.443818,-0.291943,-0.273916,-0.197618,-0.428193,0.0,0.27051,-0.442433,-0.532612,0.181861,-0.842432,-0.532612,-0.406788,0.239277,0.138298,0.385367,0.282637,-0.393226,-0.532612,-0.41468,-0.245414,0.571615,-0.083849,-0.387583,0.424354,-0.130787,-0.189512,-0.271331,-0.271331,0.16896,-0.647173,0.354817,0.239277,0.36933,-0.197618,0.354817,0.346004,0.420147,-0.156179,0.134591,0.126668,-0.516213,0.254154,-0.55431,-0.363477,-0.144949,0.239277,-0.071819,0.44554,-0.519185,0.612285,0.2418,0.288034,0.227985,-0.530764,-0.137765,0.100019,-0.125234,-0.071734,#
7,-0.325577,0.208581,-0.174643,0.286976,0.268908,0.496622,-0.356169,1.0,-0.550364,0.431304,-0.267949,-0.302506,0.82149,0.028162,0.3624,0.296396,0.177858,0.331564,0.015435,-0.525874,0.234599,-0.157761,0.669497,0.093164,-0.308953,0.157528,-0.291154,-0.339303,-0.097806,0.139466,0.099082,0.033877,0.291505,0.334816,-0.18574,0.139745,-0.283433,-0.277709,-0.965512,0.0,0.028953,-0.147234,0.235023,-0.217861,-0.019056,-0.272367,0.854924,-0.22588,0.472104,-0.078055,-0.078055,-0.16666,0.281351,-0.245588,-0.176414,-0.181703,0.474689,-0.177159,-0.134487,0.94994,-0.180553,-0.648203,-0.230559,0.128672,0.133705,-0.166734,0.0,-0.245616,-0.301536,-0.191972,-0.147234,-0.091588,-0.61095,0.282174,0.334668,-0.099073,-0.275895,-0.130477,-0.244791,0.264218,-0.185641,-0.656651,-0.590741,0.409809,0.353682,-0.208026,0.302708,-0.080379,0.26757,0.306943,0.280067,0.349194,-0.073109,-0.311285,-0.295574,0.24042,-0.267928,-0.024081,0.815031,-0.565951,-0.177159,0.057418,-0.161727,0.382689,-0.185641,0.211108,-0.244791,-0.356399,0.052424,0.171506,0.360305,0.186518,-0.188631,0.26757,0.349194,0.13551,0.177858,-0.262052,-0.196616,-0.225685,0.407669,-0.384608,-0.208026,0.200754,-0.390996,-0.097705,0.210448,-0.115069,-0.220027,-0.356399,-0.24702,0.139745,-0.246854,-0.12057,-0.246854,0.26757,0.093163,0.106016,-0.262251,-0.24702,-0.475935,-0.295574,-0.32134,-0.235478,-0.188631,-0.187245,0.0,0.374201,-0.321565,0.211108,-0.287046,-0.162981,0.239339,0.172325,-0.097705,-0.305313,0.370153,0.37718,-0.108972,0.26757,-0.321017,0.331706,0.282133,-0.024081,0.982702,-0.150556,-0.438958,-0.143738,0.093164,0.13551,-0.256998,0.362902,-0.965512,-0.053738,0.156775,-0.161727,-0.965512,-0.342007,-0.388748,-0.158737,0.460316,0.270183,0.299165,-0.297187,0.474303,-0.131688,0.342846,-0.053738,-0.107369,0.262727,-0.185641,-0.516959,-0.301211,0.382724,-0.250817,0.231944,0.364683,-0.080379,-0.222456,0.238415,#
8,0.182843,-0.503813,-0.006402,-0.233281,-0.326482,-0.021,0.766985,-0.550364,1.0,0.029075,0.140476,-0.017335,-0.701057,0.087423,-0.359908,0.091554,-0.217841,-0.154902,0.294913,0.360753,-0.233423,0.138492,-0.186663,-0.217841,0.354769,0.57409,-0.246298,0.591762,0.302303,-0.326109,0.166064,0.236952,-0.239544,-0.016479,-0.352763,-0.326762,0.42488,0.336384,0.470078,0.0,0.090318,0.301874,0.253666,0.424729,0.210675,-0.120251,-0.476877,-0.267876,-0.298812,-0.040539,-0.040539,-0.551276,0.287925,0.209683,0.297403,0.06675,-0.298076,-0.121367,0.228685,-0.415521,0.16788,0.488335,0.223431,-0.062277,-0.005503,0.310187,0.0,0.130303,0.231001,0.244826,0.301874,0.40436,0.49741,-0.53332,-0.533237,-0.309769,0.387686,-0.619851,0.21326,0.204988,0.147148,0.481598,0.76961,-0.05788,0.077757,0.270933,-0.394428,-0.064728,-0.427614,-0.533335,-0.059679,-0.641912,-0.561828,0.399579,-0.120818,-0.427606,-0.111854,-0.233884,-0.741686,0.174348,-0.121367,0.178675,0.077497,-0.194472,0.147148,-0.427614,0.21326,-0.11838,0.013665,-0.326762,-0.066512,-0.107338,0.077497,-0.427614,-0.641912,-0.217841,-0.217841,-0.250062,0.021415,0.072651,-0.199694,0.510487,0.270933,-0.008552,0.00551,0.147148,0.215183,0.209069,0.279214,-0.11838,0.282588,-0.326762,0.387686,-0.035778,0.387686,-0.427614,-0.217841,-0.120423,0.168042,0.282588,0.288021,-0.120818,-0.124288,-0.435401,0.077497,0.234998,0.0,0.165458,-0.245439,-0.427614,0.494097,-0.558249,-0.427614,-0.326595,0.147148,0.348427,0.043695,0.103028,-0.064728,-0.427614,0.115597,-0.07317,0.378754,-0.233884,-0.536132,0.341819,0.01385,0.086295,-0.217841,-0.217841,-0.12492,-0.559303,0.470078,0.147148,0.03861,0.077497,0.470078,0.517978,0.201522,-0.38688,-0.009013,-0.341132,-0.431291,0.564784,-0.810244,-0.033038,0.119046,0.147148,-0.282393,-0.229164,0.147148,0.172814,0.058486,0.125568,0.521405,-0.42613,-0.109682,-0.064728,0.143872,0.078811,#
9,-0.601934,-0.193676,-0.006571,0.280289,-0.119856,0.623579,0.228726,0.431304,0.029075,1.0,-0.555698,-0.415265,0.197806,-0.235275,-0.19558,-0.13404,-0.497404,0.572443,-0.138978,-0.373114,-0.346299,-0.236326,0.197806,0.221388,-0.293202,0.029075,-0.463755,-0.527756,0.373802,0.331419,-0.159634,0.200305,0.155555,0.135137,-0.108216,0.332082,0.713417,-0.364029,-0.497404,0.0,0.326061,-0.145008,0.030193,-0.480068,0.332082,-0.244823,0.247498,-0.357739,0.783984,-0.4901,-0.4901,-0.327564,0.747506,-0.150788,0.17485,-0.428273,-0.029568,-0.331689,0.487734,0.413096,0.459595,-0.180854,-0.577539,0.396181,0.216521,0.425488,0.0,-0.206198,0.560221,-0.330179,-0.145008,0.125074,-0.512631,-0.038459,0.143774,-0.579801,0.090922,-0.310881,-0.179233,0.127336,-0.359053,-0.045148,-0.163884,0.426126,-0.196426,-0.284473,-0.221131,0.164367,-0.523813,-0.468256,0.454253,-0.321943,-0.473805,-0.048305,-0.427098,-0.053832,-0.780029,0.203515,0.180767,-0.745725,-0.331689,-0.238209,-0.497472,0.127508,-0.359053,-0.171339,-0.298522,-0.350624,0.302542,-0.207012,0.510378,0.598455,-0.161561,-0.523813,-0.321943,-0.497404,-0.497404,0.296106,0.328363,-0.201314,-0.194267,-0.478198,-0.432688,-0.051352,-0.617826,0.476803,0.57711,-0.185041,-0.254026,-0.350624,0.119134,0.332082,-0.402026,-0.050782,-0.532383,-0.523813,0.221388,0.541507,-0.42971,0.119134,-0.350134,-0.556325,-0.790256,-0.335356,-0.040796,-0.319703,0.0,0.394665,-0.332604,-0.171339,-0.509643,-0.544223,-0.044618,-0.36886,0.476803,-0.437336,0.77921,0.335216,-0.507553,-0.650533,-0.545045,0.123666,0.145846,0.203515,0.444916,0.226447,-0.515099,-0.587946,0.221388,-0.497404,-0.292183,-0.085754,-0.497404,-0.269497,0.48764,-0.497472,-0.497404,-0.445986,0.169475,-0.141265,0.983294,0.384644,-0.661354,-0.142396,0.305436,-0.474185,0.301669,-0.269497,-0.639426,0.2832,-0.359053,-0.151141,-0.127346,0.33816,-0.422865,0.011249,0.527246,0.036023,-0.173094,0.340685,#
10,0.995737,-0.246159,-0.689176,0.250664,0.537835,-0.146252,0.379985,-0.267949,0.140476,-0.555698,1.0,0.672971,-0.378051,0.306817,0.433832,-0.189225,0.357917,-0.989971,0.484226,0.423477,0.21909,0.259942,0.080749,-0.332352,-0.037542,0.187961,-0.038009,0.436883,0.026638,-0.497532,0.061716,0.136351,0.263685,-0.384417,0.101825,-0.498527,-0.391206,-0.210081,0.28122,0.0,-0.186192,0.43669,-0.239672,0.17458,-0.019174,0.432201,-0.082896,0.476159,-0.788831,-0.225824,-0.225824,0.363332,-0.13578,-0.226986,0.057821,0.046879,-0.390396,0.680614,-0.303975,-0.304518,-0.29325,0.176525,0.167398,-0.321581,-0.718568,-0.345323,0.0,0.292556,-0.398423,-0.357363,0.43669,-0.0,0.61817,-0.372816,0.055428,0.363168,-0.259096,0.348466,-0.19966,-0.206512,-0.373089,0.158572,-0.038348,-0.656507,0.013652,-0.035439,0.001802,-0.197555,0.250921,0.027329,-0.814092,0.203625,0.253978,-0.266362,0.182497,-0.183361,0.823431,-0.470302,-0.395823,0.480751,0.680614,0.499704,0.009024,-0.563326,-0.373089,-0.209258,-0.19966,-0.002721,-0.258499,0.0,-0.356488,0.042469,-0.413287,0.250921,0.203625,0.332352,0.357917,-0.192911,-0.030016,-0.361051,-0.155914,0.210383,-0.035439,0.683326,0.330296,-0.320001,-0.635251,0.285195,-0.413743,-0.002721,-0.54361,-0.498527,0.196757,-0.134526,0.196757,0.250921,-0.332352,-0.445083,0.614301,-0.54361,0.359614,0.182497,0.404087,0.503788,-0.413287,-0.367978,0.0,-0.145128,-0.215704,-0.209258,0.384996,-0.214817,-0.192215,0.014236,-0.320001,-0.002721,-0.245736,0.017057,-0.214817,0.250921,0.063406,-0.379055,0.423456,-0.470302,-0.248904,-0.016098,0.210383,-0.013859,-0.332351,0.332352,0.438387,-0.324874,0.28122,0.37014,0.243657,0.009024,0.28122,0.195979,0.218123,0.041509,-0.631194,0.040717,0.286972,-0.015683,-0.3765,-0.247208,-0.399419,0.37014,0.648204,0.394077,-0.373089,0.517187,0.408524,0.016672,0.355018,-0.245049,-0.74341,-0.197555,-0.330613,-0.652725,#
11,0.642022,0.270671,-0.565327,0.287946,0.273184,0.051964,0.348167,-0.302506,-0.017335,-0.415265,0.672971,1.0,-0.102961,0.311259,0.107437,0.071756,0.526027,-0.648077,0.252262,0.361457,-0.181978,0.408501,-0.102961,-0.217571,-0.147327,0.033818,-0.245509,0.094906,0.367942,-0.325706,-0.121205,0.474625,0.308151,-0.07247,0.613175,-0.326357,-0.131568,-0.434168,0.443405,0.0,-0.420393,0.298681,-0.047505,-0.071551,-0.326357,0.808654,-0.333816,0.325677,-0.335151,-0.076708,-0.076708,0.203874,-0.152178,0.176694,0.382493,-0.302332,-0.334532,0.465755,-0.491724,-0.482172,-0.48737,-7e-05,0.172074,0.416386,-0.50881,-0.578403,0.0,0.650825,-0.347632,-0.559593,0.298681,0.213891,0.497262,-0.057751,-0.04719,0.113533,-0.056662,0.261195,0.206059,-0.185453,-0.52503,0.014055,0.169375,-0.484777,-0.321301,-0.234075,-0.325783,-0.053514,0.068648,-0.071131,-0.532939,0.403871,0.436839,-0.563399,-0.064388,0.07818,0.767327,-0.220809,-0.136638,0.728473,0.465755,0.263578,0.070379,-0.185703,-0.52503,-0.427085,0.206059,0.340937,-0.426599,-0.326357,-0.040162,-0.019411,0.070379,0.068648,0.403871,-0.217571,0.526027,0.213224,0.429176,0.12262,-0.191019,0.502345,-0.234075,0.610238,0.005995,0.275621,-0.651813,0.20482,-0.642547,0.340937,-0.226428,-0.326357,-0.056662,0.491042,-0.056662,0.068648,-0.217571,-0.532172,0.718615,-0.226428,0.340461,-0.064388,0.328406,0.334855,0.070379,-0.56459,0.0,-0.36335,-0.260599,-0.427085,0.078732,-0.07211,0.068648,-0.326191,0.275621,0.340937,-0.130913,-0.316044,-0.07211,0.068648,-0.220952,-0.064526,0.391616,-0.220809,-0.382328,-0.235051,0.502345,0.052597,-0.217571,-0.217571,0.814952,-0.012148,0.443405,0.275621,0.074895,0.070379,0.443405,0.481194,0.220403,0.560314,-0.498091,0.253338,0.099122,0.060484,-0.319319,-0.040692,-0.345618,0.275621,0.71624,0.558398,-0.52503,0.766417,0.077523,-0.316099,0.048387,0.010775,-0.419894,-0.053514,0.136426,-0.427302,#
12,-0.433756,0.725019,0.160078,0.034044,0.298225,0.265286,-0.487082,0.82149,-0.701057,0.197806,-0.378051,-0.102961,1.0,0.087064,0.117458,0.348507,0.197806,0.439864,-0.09131,-0.645838,-0.005528,-0.126642,0.427446,0.133997,-0.076597,-0.167733,-0.312286,-0.417961,-0.154945,0.200595,0.110195,0.174411,0.043336,0.407456,0.088791,0.200996,-0.324673,-0.290676,-0.663606,0.0,-0.310124,-0.15607,0.272776,-0.282078,-0.397206,-0.049352,0.545574,-0.219403,0.589471,0.232782,0.232782,-0.185352,0.009939,0.006328,-0.232682,-0.277299,0.591664,-0.24672,-0.150748,0.658368,-0.201924,-0.780464,0.0176,0.310627,0.32534,-0.206498,0.0,-0.16004,-0.260141,-0.198837,-0.15607,-0.131731,-0.746895,0.368805,0.408329,-0.110187,-0.305103,-0.112919,0.006896,0.034658,-0.158264,-0.770259,-0.34935,0.211505,0.13698,-0.217537,0.102109,0.231457,0.32684,0.38747,0.3673,0.651716,0.23694,-0.335101,-0.316675,0.306383,-0.04623,0.363966,0.996113,-0.330723,-0.24672,-0.310676,0.112385,0.479638,-0.158264,0.284301,0.006896,-0.112294,-0.227898,0.224924,0.427669,-0.082072,0.092116,0.32684,0.651716,0.165901,0.197806,-0.006156,-0.216236,0.062368,0.49841,-0.164512,-0.217537,-0.094662,-0.444298,-0.092014,-0.01012,-0.086693,-0.229999,-0.112294,-0.250182,0.200996,-0.283223,0.198073,-0.283223,0.32684,0.133997,-0.131285,-0.144891,-0.250182,-0.564304,-0.316675,-0.085905,-0.258859,0.092116,-0.192502,0.0,0.199004,-0.050945,0.284301,-0.345743,0.169225,0.305571,0.225493,-0.092014,-0.073806,0.168665,0.145808,0.209915,0.32684,-0.338182,0.406098,-0.009201,0.363966,0.725748,-0.212332,-0.205459,0.125853,0.133997,0.165901,-0.02469,0.461043,-0.663606,-0.058889,-0.173792,0.112385,-0.663606,-0.121349,-0.499652,0.114638,0.222072,0.314417,0.361818,-0.388302,0.603691,0.19201,0.106651,-0.058889,0.104004,0.279562,-0.158264,-0.278197,-0.39164,0.136584,-0.340724,0.299565,0.460807,0.231457,0.056177,0.304938,#
13,0.292802,0.167143,-0.210872,-0.345427,0.276036,-0.148536,0.22755,0.028162,0.087423,-0.235275,0.306817,0.311259,0.087064,1.0,0.378959,0.30557,0.182609,-0.307406,0.649319,0.130331,0.247992,0.870667,0.696759,0.097674,-0.34893,0.1663,-0.265953,0.329898,-0.13299,-0.603469,-0.09542,0.02972,0.305042,0.346095,-0.171045,-0.649748,-0.259935,-0.243262,0.055207,0.0,-0.720194,-0.047645,0.640181,-0.252494,-0.01274,0.347374,-0.132783,-0.117472,-0.122618,-0.111994,0.565606,-0.212564,-0.355886,-0.283689,-0.124267,0.463853,-0.170114,0.461921,-0.179278,-0.046273,-0.107136,0.028678,0.392655,0.042665,-0.14541,-0.212962,0.0,-0.341177,-0.357605,-0.23712,-0.047645,0.425835,0.080983,-0.347013,-0.285126,0.489707,-0.284768,-0.134253,-0.257923,0.277684,-0.189843,0.030008,0.178362,-0.257262,-0.272288,-0.214503,-0.317038,-0.088253,-0.391799,0.318211,-0.358879,0.356144,0.590799,-0.320495,-0.304272,-0.431868,0.363125,-0.029822,0.070836,0.181,-0.211041,0.063937,-0.172079,-0.232753,-0.189843,0.220043,-0.257923,-0.372629,0.060899,0.178362,-0.26866,0.197427,-0.19906,0.276665,0.356144,0.140142,0.182609,-0.27494,-0.203974,-0.237689,-0.200316,0.27669,-0.214503,0.209594,-0.373256,-0.101658,-0.41236,0.030368,-0.266031,-0.372629,-0.253841,-0.649748,-0.255644,-0.131133,0.432006,0.276665,0.097674,-0.532503,0.073639,-0.253841,0.147007,0.377412,-0.337102,-0.200911,-0.19906,-0.028199,0.0,0.390075,-0.334915,0.220043,0.344555,-0.17109,0.248354,0.179181,-0.101658,0.318987,0.386191,0.393833,-0.116927,0.276665,-0.33063,-0.288096,0.293296,-0.029822,-0.010215,0.615868,0.222186,0.466437,0.097675,0.140142,0.376213,-0.404069,0.055207,-0.057565,-0.552968,-0.172079,0.055207,0.306509,0.251364,-0.169081,-0.239653,-0.541489,0.309094,0.344054,-0.184074,-0.140603,-0.301627,-0.057565,-0.116903,0.268905,-0.189843,0.250749,-0.354789,0.399775,0.350902,-0.465205,-0.30041,-0.088253,-0.234568,-0.447601,#
14,0.412618,-0.217195,-0.538215,0.000634,0.3624,-0.091762,-0.202915,0.3624,-0.359908,-0.19558,0.433832,0.107437,0.117458,0.378959,1.0,0.113713,0.325085,-0.457906,0.110877,0.264974,0.46622,0.273243,0.603625,0.270904,-0.551259,0.092947,0.203027,-0.151065,-0.388114,-0.072692,-0.342076,-0.532786,0.40228,-0.189696,0.120711,-0.101589,-0.450771,-0.158854,-0.406356,0.0,0.040265,0.076667,-0.081269,-0.028514,0.406356,-0.172554,0.642077,0.60607,-0.304639,-0.020748,-0.020748,0.356446,-0.408119,-0.786823,-0.369129,0.33034,-0.206516,0.392201,-0.318959,0.379812,-0.235804,0.11374,0.047432,-0.287657,-0.592383,-0.413136,0.0,-0.099797,-0.607624,-0.254196,0.076667,0.30294,0.111481,-0.119189,-0.176202,0.648929,-0.478916,0.442171,-0.759381,0.444262,-0.150012,-0.372219,-0.609535,-0.040254,0.22568,-0.312161,0.638813,-0.524364,0.159532,0.713693,-0.58063,0.380768,0.383028,-0.512424,-0.011255,-0.300651,0.256517,-0.403819,0.144832,-0.045257,-0.037091,0.448414,-0.579456,-0.357967,-0.150012,0.549835,-0.357967,-0.5277,0.531171,0.426674,-0.205697,0.206367,-0.190284,0.159532,0.380768,0.297995,0.325085,-0.428437,-0.206742,-0.638316,-0.327628,-0.300651,0.186593,0.517525,-0.024507,-0.26252,0.0,0.379695,-0.305217,-0.5277,-0.34775,-0.609535,-0.460337,-0.137025,-0.021675,0.159532,-0.406356,-0.165656,-0.176716,-0.34775,0.288918,0.423601,-0.090943,0.435499,-0.596668,-0.112299,0.0,0.407622,-0.374968,0.549835,-0.184209,-0.001016,0.141472,0.427037,-0.26252,-0.119189,0.151557,0.536579,-0.001016,0.585956,-0.220553,-0.107995,0.226361,-0.403819,0.442171,0.098415,-0.300651,0.225928,0.270904,0.297995,-0.154478,0.190619,-0.406356,-0.234393,0.057376,-0.579456,-0.406356,-0.295049,-0.011112,-0.241918,-0.120875,-0.143817,0.603352,-0.193885,0.150957,-0.491424,0.205817,-0.234393,0.111861,0.225252,-0.150012,-0.128235,0.155397,0.545585,0.233822,0.111285,-0.119028,-0.092475,-0.27611,-0.354697,#
15,-0.193684,0.264875,-0.044006,-0.199677,-0.326747,0.013987,-0.060005,0.296396,0.091554,-0.13404,-0.189225,0.071756,0.348507,0.30557,0.113713,1.0,0.527108,0.250264,-0.119052,-0.058474,0.221511,0.379035,0.348507,-0.218018,-0.064648,0.552881,-0.160604,0.148289,-0.135306,-0.326375,0.283394,0.00644,0.207762,0.421681,-0.044379,-0.327028,-0.303504,0.11537,-0.218018,0.0,-0.072602,-0.258569,0.769952,0.479497,-0.327028,-0.10428,0.250344,-0.324519,0.079429,0.471267,0.471267,-0.496077,-0.170107,0.225931,0.320093,0.113692,0.147068,-0.484905,-0.521592,0.312229,-0.571836,0.018078,0.222071,0.403717,0.343829,-0.4025,0.0,0.215224,-0.58834,0.269395,-0.258569,0.482243,0.052924,0.358284,-0.533671,-0.086092,-0.003154,-0.507974,0.255554,0.663582,0.231615,-0.427935,0.231817,0.443715,0.546558,-0.173586,0.086963,-0.522579,0.068789,0.333166,0.344756,0.04267,-0.062328,-0.059522,-0.489793,0.07834,-0.05068,-0.254553,0.311608,0.247658,-0.484905,0.26412,0.120203,0.664478,0.231615,0.006439,0.664478,-0.05787,0.023448,-0.327028,0.331846,-0.532905,0.53419,0.068789,0.04267,-0.218018,0.527108,-0.653537,-0.1841,0.478771,0.245041,0.556506,0.334499,0.131173,-0.130525,0.231615,0.206694,0.106568,0.18848,-0.05787,0.346665,-0.327028,-0.003154,0.409873,0.443715,0.068789,-0.218018,-0.533265,0.189138,0.346665,-0.057789,-0.046801,-0.064658,-0.627711,0.120203,0.259412,0.0,0.130426,-0.244777,0.006439,0.129001,-0.05466,0.068789,0.175547,0.231615,0.807729,0.012849,0.068816,0.420507,0.50319,-0.091955,0.378298,0.432213,-0.254553,0.217477,-0.200779,0.07834,0.53488,-0.218018,-0.218018,-0.061261,0.49213,-0.218018,0.231615,-0.417093,0.120203,-0.218018,0.564261,-0.238741,0.087084,-0.04644,-0.306868,0.497613,0.563982,-0.370503,0.467314,0.520298,0.231615,-0.037985,-0.183573,0.231615,-0.305959,-0.3814,0.091891,0.123651,0.010797,0.313391,-0.082611,0.414958,0.511286,#
16,0.352674,0.161968,-0.507865,0.343206,-0.166524,0.245332,-0.271331,0.177858,-0.217841,-0.497404,0.357917,0.526027,0.197806,0.182609,0.325085,0.527108,1.0,-0.330965,0.179249,0.434716,0.369431,0.329885,0.197806,-0.111111,-0.27194,0.470078,0.195536,0.282671,0.205814,-0.166334,-0.061898,0.111112,0.358128,0.412222,0.265526,-0.166667,-0.63586,0.141832,-0.111111,0.0,-0.21469,0.078612,0.249995,0.262425,-0.166667,0.367167,0.257342,0.085717,-0.407103,0.25813,0.25813,0.104116,-0.329105,0.322715,0.20476,0.108663,0.285005,0.253546,-0.989763,0.186588,-0.991737,-0.222011,0.306471,0.263191,-0.331855,-0.959468,0.0,0.566073,-0.899284,0.09439,0.078612,0.109231,0.499077,0.437602,-0.271981,0.371381,0.254,0.152721,0.364144,0.363653,0.160227,-0.218093,-0.166667,0.254,0.304586,0.202157,0.297648,-0.508492,0.522634,0.417625,-0.272166,0.364398,0.235648,-0.508338,0.2476,0.536868,0.446346,-0.665376,0.190089,0.690124,0.253546,0.714144,0.29806,0.364144,0.160227,-0.218107,0.364144,0.437602,-0.217859,-0.166667,-0.272023,-0.27159,0.29806,0.522634,0.364398,-0.111111,1.0,-0.333069,0.237189,0.338612,0.35604,0.536868,0.202157,0.612383,0.260716,0.160227,-0.332873,-0.0,-0.060226,0.437602,0.208608,-0.166667,0.254,0.31273,0.254,0.522634,-0.111111,-0.271774,0.366987,0.208608,0.436991,0.2476,0.427398,0.141832,0.29806,0.08956,0.0,-0.387567,-0.333153,-0.218107,0.304586,0.241742,0.522634,-0.166582,0.160227,0.437602,-0.392157,-0.407722,0.241742,0.522634,0.287554,0.427398,0.468316,-0.665376,0.152721,-0.63507,0.536868,0.287259,-0.111111,-0.111111,0.429935,0.490097,-0.111111,0.160227,-0.197674,0.29806,-0.111111,0.507328,-0.323594,0.29806,-0.491047,-0.139423,0.55432,0.286278,-0.384756,0.26645,0.264069,0.160227,0.563436,-0.071067,0.160227,-0.138409,-0.396073,-0.375083,0.264263,0.4347,-0.279603,-0.508492,0.340957,-0.218218,#
17,-0.992145,0.282941,0.655152,-0.192266,-0.496023,0.171883,-0.358587,0.331564,-0.154902,0.572443,-0.989971,-0.648077,0.439864,-0.307406,-0.457906,0.250264,-0.330965,1.0,-0.489354,-0.512909,-0.192383,-0.259811,-0.050382,0.220643,0.050205,-0.154902,-0.03443,-0.427677,-0.031626,0.423045,0.049752,-0.0718,-0.2044,0.386319,-0.132343,0.429467,0.356683,0.140615,-0.330965,0.0,0.192863,-0.480001,0.29156,-0.144171,-0.082741,-0.39953,0.11052,-0.543649,0.812658,0.200236,0.200236,-0.388276,0.204833,0.264723,0.02391,-0.100987,0.394309,-0.72793,0.28485,0.352676,0.259445,-0.215517,-0.223022,0.359155,0.778074,0.344603,0.0,-0.279997,0.382443,0.329844,-0.480001,-0.036152,-0.649829,0.425546,0.001837,-0.437517,0.209162,-0.393531,0.237558,0.178706,0.318177,-0.193858,0.03546,0.651506,0.042268,-0.020254,-0.044811,0.181102,-0.219671,-0.06757,0.878254,-0.206749,-0.281277,0.288415,-0.260524,0.226865,-0.807212,0.465782,0.448253,-0.496195,-0.644681,-0.495378,0.030225,0.642341,0.318177,0.148068,0.237558,0.013607,0.179149,-0.082741,0.44139,-0.076547,0.380683,-0.219671,-0.206749,-0.330965,-0.330965,0.150056,0.002803,0.40825,0.223365,-0.194541,-0.020254,-0.644606,-0.329855,0.318177,0.601766,-0.326833,0.381978,0.013607,0.500955,0.527968,-0.169131,0.136503,-0.169131,-0.219671,0.351979,0.382845,-0.522713,0.500955,-0.45734,-0.260524,-0.404154,-0.56665,0.380683,0.311131,0.0,0.121085,0.221989,0.148068,-0.371061,0.164352,0.148068,0.001125,0.318177,0.029451,0.259975,-0.027164,0.181102,-0.219671,-0.092338,0.364657,-0.361852,0.465782,0.296953,-0.021375,-0.211397,-0.027164,0.220644,-0.330965,-0.407623,0.350893,-0.330965,-0.254542,-0.212737,0.030225,-0.330965,-0.178911,-0.207517,0.014463,0.642488,0.013184,-0.256003,0.040606,0.374077,0.302961,0.383363,-0.254542,-0.612713,-0.34273,0.318177,-0.514365,-0.396273,-0.02902,-0.421994,0.195253,0.736743,0.181102,0.291132,0.708469,#
18,0.479538,-0.109763,-0.341896,0.050645,0.316549,0.28051,0.386279,0.015435,0.294913,-0.138978,0.484226,0.252262,-0.09131,0.649319,0.110877,-0.119052,0.179249,-0.489354,1.0,0.260922,0.111299,0.456041,0.504396,0.046472,-0.077373,0.39767,-0.33559,0.643507,0.332796,-0.422663,-0.054242,0.418249,0.07795,0.43274,-0.393652,-0.453101,-0.198634,-0.016949,0.013278,0.0,-0.665063,0.409983,0.331103,-0.259739,0.16929,0.358322,-0.139666,-0.244372,-0.321569,-0.336768,0.21406,-0.270349,0.080011,-0.010346,-0.187593,0.234544,0.162491,0.697709,-0.129847,0.008815,-0.131245,-0.299219,0.434699,-0.161593,-0.387005,-0.181188,0.0,-0.205538,-0.229789,-0.184318,0.409983,0.06037,0.240343,-0.542246,0.006964,0.30696,0.14797,-0.212157,0.006249,0.001618,-0.15892,0.263226,0.194186,-0.282028,-0.264475,0.359775,-0.379555,0.203959,-0.126384,-0.088823,-0.516312,0.220839,0.166982,-0.262127,0.155964,-0.159386,0.378843,-0.242254,-0.112157,0.147876,0.255854,0.268294,0.16239,-0.387237,-0.15892,-0.214902,-0.505283,-0.141804,-0.282801,0.219082,-0.522224,0.379059,-0.482013,0.417018,0.220839,0.245637,0.179249,-0.108882,-0.024801,-0.350111,0.150742,0.287947,-0.275799,0.349115,-0.219777,-0.227849,-0.501905,-0.071213,-0.212568,-0.141804,-0.313345,-0.328623,0.284557,-0.393479,0.284557,0.417018,0.212443,-0.134683,0.109637,-0.313345,0.253573,0.155964,-0.111434,-0.083155,0.035852,-0.047651,0.0,0.212045,-0.483294,-0.214902,0.65965,-0.367575,0.284241,-0.284377,-0.227849,-0.121782,0.176482,0.173297,-0.346407,-0.126384,0.019329,-0.098665,0.479125,-0.242254,0.014067,0.408714,0.266645,0.076406,0.046472,0.245637,0.393438,-0.717436,0.013278,-0.021062,-0.167603,0.16239,0.013278,0.323149,0.003268,-0.417573,-0.248825,-0.329373,-0.052934,0.163991,-0.356991,-0.278349,-0.35229,-0.021062,0.050498,0.229296,-0.15892,0.188553,-0.402853,0.193805,0.575812,-0.294796,-0.547325,-0.346407,-0.308733,-0.691037,#
19,0.463175,-0.462599,-0.395581,0.030518,-0.40614,0.055103,0.150194,-0.525874,0.360753,-0.373114,0.423477,0.361457,-0.645838,0.130331,0.264974,-0.058474,0.434716,-0.512909,0.260922,1.0,0.04706,0.324673,-0.139251,0.321803,-0.252005,0.360753,0.416086,0.341951,0.365527,0.063148,-0.591278,-0.161846,0.033794,0.080175,0.273065,0.038108,0.004039,0.421362,0.434716,0.0,-0.020139,0.382886,-0.141845,0.138558,0.567389,0.166147,-0.208123,0.417493,-0.610411,0.058805,0.058805,0.161352,-0.370194,0.02053,-0.003468,0.329722,-0.198815,0.498856,-0.47339,-0.390474,-0.401047,0.401675,0.386594,-0.031358,-0.696456,-0.524191,0.0,0.455779,-0.371624,0.138649,0.382886,0.412099,0.853537,-0.212735,-0.663341,0.512642,0.538825,0.251226,0.048618,0.395499,0.268662,0.382313,0.122793,0.081738,-0.139488,0.401333,0.228449,-0.389884,-0.061475,0.142504,-0.663792,-0.103157,0.075832,-0.344461,0.523915,-0.052426,0.22497,-0.646252,-0.622979,0.651742,0.123104,0.650669,-0.122951,-0.369657,0.268662,-0.136751,0.048618,0.212935,0.312989,0.038108,-0.663444,0.107986,0.253674,-0.061475,-0.103157,-0.270992,0.434716,-0.031318,0.465501,-0.069031,-0.374653,0.400444,0.401333,0.408015,0.253613,0.268662,-0.037807,0.270491,0.071695,0.212935,0.416341,-0.406488,0.132287,0.143241,0.132287,-0.061475,-0.270992,0.127125,-0.032632,0.416341,0.990776,0.523915,0.200384,0.421362,0.253674,0.263936,0.0,-0.161402,-0.394261,-0.136751,0.287618,0.086617,0.333721,-0.406281,0.268662,0.212935,-0.251617,-0.211641,0.086617,-0.061475,0.331485,0.15399,0.225849,-0.646252,-0.435847,-0.098173,0.400444,0.229768,0.321803,-0.270992,0.197758,-0.091308,0.434716,-0.346819,-0.063612,-0.122951,0.434716,0.362309,0.050253,-0.122951,-0.374738,-0.408159,-0.050044,0.305698,-0.617056,-0.281472,0.227219,-0.346819,0.134964,-0.263602,0.268662,0.119556,-0.127458,-0.171958,0.640187,0.301495,-0.359457,-0.389884,0.341743,-0.532218,#
20,0.239819,-0.313973,-0.272153,0.175697,-0.010975,-0.228861,-0.431401,0.234599,-0.233423,-0.346299,0.21909,-0.181978,-0.005528,0.247992,0.46622,0.221511,0.369431,-0.192383,0.111299,0.04706,1.0,0.367584,0.461362,-0.333008,-0.389319,0.201476,0.526042,0.363157,-0.49531,-0.498515,0.307256,-0.542882,0.563022,0.036946,-0.4988,-0.499512,-0.712218,0.11478,-0.333008,0.0,0.14926,-0.550622,0.251704,0.234162,-0.011707,-0.020309,0.343458,-0.098631,-0.440758,-0.173484,0.241628,0.415651,-0.288837,-0.184667,0.030364,0.727987,-0.003991,0.231531,-0.420172,0.380399,-0.330662,0.190692,-0.188445,-0.458577,0.053004,-0.24671,0.0,-0.367045,-0.494378,0.385363,-0.550622,-0.324818,0.219439,0.417975,-0.002729,0.569573,-0.223025,0.308719,-0.172159,0.190406,0.330146,0.188943,-0.499512,0.198244,0.426609,0.0142,0.41064,-0.652497,0.265559,0.421822,-0.019118,-0.126766,0.222253,0.194842,0.226199,0.241002,0.07801,-0.516927,0.013353,0.042348,0.231531,0.516302,0.043894,0.213339,0.330146,0.206781,-0.172159,0.025662,0.172237,0.007805,-0.42296,-0.04223,-0.385863,0.675074,-0.126766,0.343415,0.369431,-0.617263,-0.355437,0.006381,0.237905,-0.176381,0.0142,0.252707,0.561474,-0.372164,-0.241159,-0.461382,0.329176,0.025662,-0.019992,-0.011707,0.240867,-0.620605,0.662136,0.675074,0.317399,-0.042486,0.070891,-0.019992,0.002581,0.643813,0.052766,0.11478,-0.385863,0.370272,0.0,-0.191815,0.197012,0.206781,0.426609,0.236562,0.224125,0.495914,-0.372164,0.025662,-0.149651,-0.039489,-0.178202,0.675074,0.44101,-0.373002,0.039629,-0.516927,0.308719,-0.057211,0.241002,0.020178,-0.333008,0.343415,0.00106,0.154645,-0.333008,0.330146,-0.234288,0.043894,-0.333008,-0.212295,0.177362,0.004408,-0.283241,-0.51203,0.647337,0.389843,-0.050326,0.216951,-0.034666,0.330146,-0.037693,-0.337793,0.330146,-0.512047,-0.025157,-0.036327,-0.006387,-0.239191,-0.526237,-0.652497,-0.492119,-0.228224,#
