0,1.0,0.179793,-0.479458,0.08933,0.816526,0.180599,0.191276,-0.376022,-0.068975,0.034834,0.436709,0.406997,-0.315863,-0.062003,-0.100177,-0.09852,0.055554,-0.544987,0.45922,-0.356053,0.236314,-0.429815,0.170352,-0.288982,0.018975,-0.326228,-0.174801,0.263289,0.016651,0.289102,-0.265602,-0.171266,0.003387,-0.394494,0.356139,0.163827,0.254493,0.094506,0.111529,0.512852,0.289102,-0.159113,-0.681409,-0.058177,0.267582,0.218496,-0.43968,0.026549,0.084424,0.6309,0.348427,-0.579275,0.263289,0.547663,0.430671,-0.398504,-0.233655,-0.073265,-0.339973,0.134078,-0.306955,-0.089633,-0.300111,0.359566,-0.412875,0.092841,0.433549,0.407482,0.221825,-0.43196,0.229819,-0.258175,0.0,0.045048,-0.335947,0.409146,-0.633635,-0.61176,-0.599354,-0.611448,-0.406586,-0.688566,-0.153382,0.278013,0.069438,-0.628743,-0.183684,-0.011162,-0.16067,-0.56592,-0.186758,-0.183684,-0.089054,-0.566617,-0.183684,-0.377602,-0.56592,-0.537136,-0.221072,0.243937,0.110177,0.289102,-0.255143,-0.633635,0.103672,-0.16067,0.090555,0.219599,-0.61176,0.413921,0.020751,0.289102,-0.688566,-0.5361,0.096956,0.169505,-0.403948,0.062652,-0.205604,-0.122815,-0.800575,0.413921,0.41938,-0.344726,0.229819,-0.056412,-0.50845,0.438663,0.111756,-0.61176,-0.406586,-0.599354,-0.1725,-0.311655,-0.160178,0.069438,-0.109753,0.289102,-0.230746,-0.432748,-0.153382,0.288977,-0.61176,-0.046925,-0.19536,-0.43196,-0.40784,0.450365,-0.255143,-0.361118,-0.081894,0.045048,-0.611448,-0.40784,0.354914,-0.344726,0.188196,0.167463,-0.534326,0.263289,-0.498267,-0.559637,-0.153382,-0.346411,-0.218366,-0.331646,0.0,0.018358,-0.40784,-0.089054,0.265445,0.278919,0.289102,-0.255143,-0.228024,-0.131151,-0.335947,0.678215,0.18445,-0.145424,-0.14158,-0.153341,0.085024,0.596923,0.596329,-0.081894,0.118852,-0.419141,0.516708,0.000674,-0.419141,0.366804,0.627215,0.212133,-0.583416,0.170711,0.372158,-0.62826,-0.271822,-0.148553,#
1,0.179793,1.0,-0.137063,-0.378865,0.030286,0.211983,0.611202,0.138992,-0.05167,0.390634,-0.039864,0.061938,-0.269837,0.387316,0.442569,0.400733,0.110672,0.211909,0.823237,0.077849,0.303554,-0.032305,0.201948,0.163338,0.002861,0.100976,0.326728,-0.407049,0.394626,0.280176,-0.346683,0.376659,0.003592,-0.333326,-0.245727,-0.243083,0.029874,-0.368238,0.083057,0.117074,0.280176,0.285562,-0.265752,-0.083059,0.672375,-0.200419,0.095981,-0.174352,-0.177476,0.619851,-0.074442,-0.161062,0.280176,-0.050453,0.408443,-0.262009,0.171983,-0.587268,-0.300789,0.033139,0.358349,-0.130748,-0.478905,-0.02776,0.479051,0.573049,-0.125443,0.015093,-0.2088,-0.488104,-0.265487,0.070422,0.0,-0.040607,0.039941,0.375804,-0.589864,-0.610573,-0.195025,-0.129072,-0.018188,-0.285448,-0.607443,0.204268,-0.357947,-0.175063,-0.146186,-0.79084,0.237542,-0.215464,-0.177564,-0.180315,-0.134802,-0.558122,-0.146186,-0.040607,-0.215464,0.315993,0.531286,0.257298,-0.391953,0.280176,-0.256989,-0.589864,-0.422821,0.204268,-0.24937,-0.270462,-0.610573,-0.091081,-0.050602,0.280176,-0.285448,0.167966,0.066563,0.534564,-0.356761,0.11476,0.191525,-0.549914,-0.382966,-0.091081,-0.398958,-0.38414,-0.265487,-0.139143,-0.13198,-0.390081,-0.350798,-0.610573,-0.050602,-0.195025,-0.19997,-0.730161,-0.08656,-0.321484,-0.034919,0.227313,-0.015159,-0.428993,-0.607443,-0.169383,-0.610573,-0.172696,-0.588929,-0.488104,-0.407049,0.440446,-0.691807,-0.409429,-0.119012,-0.040607,-0.129072,-0.407049,-0.259375,-0.38414,0.605252,0.17681,-0.578588,-0.407049,-0.327094,0.188555,-0.607443,-0.410045,-0.062396,0.528849,0.0,0.077617,-0.407049,-0.610573,0.21731,0.211022,0.280176,-0.256989,0.184325,-0.075166,0.039941,-0.158304,0.60669,-0.187758,0.233768,-0.142238,-0.319614,0.590446,0.574587,-0.119012,0.494432,-0.457472,0.120722,-0.016327,0.07617,-0.136603,0.107864,0.273983,-0.614495,-0.215144,0.349697,-0.320748,0.145238,0.215138,#
2,-0.479458,-0.137063,1.0,-0.009491,-0.655775,-0.135417,-0.124286,0.161931,-0.454422,0.20954,-0.225635,-0.235064,-0.154674,-0.013741,-0.273213,0.33592,-0.521767,0.53122,-0.289142,0.412181,-0.390562,0.480555,-0.11303,-0.143898,0.224713,-0.077333,0.090754,-0.508225,0.174171,-0.508225,0.55459,0.067263,-0.228566,-0.040448,0.095917,-0.102896,0.265795,0.678817,-0.039781,-0.53993,-0.508225,0.703574,0.325896,-0.177817,-0.389276,-0.248597,0.356942,0.45422,-0.046058,-0.358067,0.064476,0.048768,0.23754,-0.336868,-0.208255,-0.384796,-0.139956,0.036785,0.63792,-0.41062,0.545994,-0.243199,0.260178,-0.428755,-0.029403,0.116742,0.356224,-0.09616,-0.604405,0.827594,0.456188,0.2025,0.0,0.194862,0.394672,-0.153243,0.125619,0.314879,0.530265,0.293421,0.204927,0.38615,-0.196353,0.548617,-0.00254,0.084728,-0.372695,-0.169493,0.06085,0.531084,0.106086,0.125619,0.314879,0.566449,-0.355853,0.210682,0.531084,0.045725,0.31863,0.155166,-0.371144,-0.508225,-0.048157,0.125619,0.297323,0.530265,0.02253,0.065567,0.314879,-0.151386,0.646206,-0.508225,0.38615,0.496113,0.274696,-0.041157,0.008645,-0.52758,0.211766,0.086811,0.412063,-0.151386,-0.169493,0.430355,0.456188,0.53777,0.498233,0.338457,0.2913,0.314879,0.662201,0.513845,0.547275,0.367259,0.140966,-0.51694,-0.263401,0.23754,0.684944,0.270089,-0.196353,0.029786,0.314879,-0.341212,0.148733,0.827594,0.182298,-0.086611,0.423701,0.389392,0.089068,0.210682,0.293421,0.182298,-0.067761,0.430355,0.214067,0.061279,0.570509,-0.508225,0.910486,0.497425,-0.196353,0.4568,0.680804,-0.07332,0.0,-0.264239,0.182298,0.314879,-0.185579,0.168239,-0.508225,-0.064662,-0.086916,-0.360272,0.412063,-0.32436,-0.086916,0.091337,0.547053,0.095361,-0.505335,-0.528284,-0.068061,0.071624,0.435834,0.827897,-0.498453,0.494795,0.248798,-0.311951,-0.282876,0.628435,0.086794,-0.528889,0.078157,0.788781,0.381611,0.531565,#
3,0.08933,-0.378865,-0.009491,1.0,0.168256,-0.800429,-0.800127,-0.754684,-0.066122,-0.654268,0.188135,-0.653907,-0.486007,-0.997671,-0.3266,-0.327175,0.041725,-0.060102,-0.261317,-0.42838,-0.533637,-0.480025,-0.380598,-0.423203,-0.222605,0.034252,-0.089745,0.490881,-0.239655,-0.218169,0.038857,-0.214571,-0.238961,0.053522,0.411935,0.498233,-0.092294,0.2707,-0.428476,0.472905,-0.218169,-0.253954,0.094527,0.540016,-0.087669,0.886422,-0.596323,0.073648,0.036433,-0.271704,0.387489,0.338372,-0.218169,0.171896,0.217832,-0.285856,0.100719,0.403852,0.258448,-0.455896,-0.476613,0.182956,0.482534,-0.071262,-0.128777,-0.770565,0.235759,0.261217,0.311735,0.200233,0.525394,-0.669263,0.0,-0.207646,0.062623,0.2453,0.324742,0.224987,-0.07057,-0.327087,-0.202517,0.520868,0.155389,-0.07057,0.489075,-0.145054,-0.150633,0.16847,-0.53404,0.379915,-0.533377,0.324742,0.224987,-0.086998,-0.150633,0.238885,0.379915,-0.004086,-0.337475,0.337798,0.278352,-0.218169,0.508061,0.324742,0.291923,-0.07057,0.545289,0.245276,0.224987,0.754745,-0.202517,-0.218169,0.520868,-0.049458,-0.172275,-0.296088,0.507859,-0.427573,-0.742852,0.485769,0.062623,0.754745,0.16847,0.535595,0.525394,-0.020135,-0.505317,0.619558,0.201443,0.224987,0.248966,-0.07057,0.379915,0.120869,0.427766,-0.018811,-0.326974,0.518152,-0.071401,0.638262,0.155389,-0.258124,0.224987,0.652839,0.780499,0.200233,-0.218169,-0.101412,0.508061,-0.424918,-0.012158,-0.207646,-0.327087,-0.218169,0.189818,0.535595,-0.642331,-0.436354,0.404546,0.490881,-0.106866,-0.07057,0.155389,0.252711,-0.105387,-0.445675,0.0,-0.22836,-0.218169,-0.327254,0.52181,-0.079769,-0.218169,0.508061,-0.35421,0.415684,0.062623,0.345891,-0.80675,0.367402,-0.547854,-0.085091,0.515853,0.081569,-0.344697,-0.012158,0.051228,0.30353,0.507224,-0.064061,0.30353,0.003529,0.318352,-0.134886,0.340326,0.073916,-0.036746,0.117112,0.058688,-0.534123,#
4,0.816526,0.030286,-0.655775,0.168256,1.0,0.066668,0.074886,-0.405673,0.27735,-0.180658,0.568686,0.253502,-0.320015,-0.137149,0.073012,-0.498563,0.234415,-0.805961,0.239188,-0.652784,0.063337,-0.583395,0.052122,-0.162116,-0.181135,-0.196573,-0.332749,0.311838,0.231779,0.33761,-0.465556,-0.358079,-0.211452,-0.198555,0.451023,0.413456,0.027071,-0.167823,0.224392,0.649846,0.33761,-0.313581,-0.821719,-0.085534,0.437958,0.3662,-0.585452,-0.08337,0.328108,0.519912,0.221672,-0.320046,-0.332455,0.377224,0.375157,0.053942,0.02522,0.170151,-0.451457,0.166945,-0.342022,0.006827,0.06782,0.267563,-0.095669,0.090342,0.466887,0.293615,0.42769,-0.625365,-0.01181,-0.376214,0.0,0.190933,-0.24025,0.335739,-0.464213,-0.498683,-0.813793,-0.498429,-0.585736,-0.477316,-0.059088,-0.002704,0.147248,-0.459402,-0.031613,0.166902,-0.392026,-0.430033,0.02365,-0.06489,-0.034792,-0.69002,-0.031613,-0.215418,-0.430033,-0.21795,-0.409461,-0.053799,0.507862,0.33761,-0.060333,-0.464213,-0.055285,-0.42447,-0.070599,0.332866,-0.498683,0.444382,-0.206483,0.33761,-0.477316,-0.404101,0.011,-0.008973,-0.272233,0.238165,-0.414205,0.177912,-0.652598,0.444382,0.548999,-0.248012,-0.01181,-0.220343,-0.623959,0.167119,-0.103886,-0.498683,-0.617341,-0.813793,-0.430033,-0.453449,-0.27617,0.1828,0.062514,0.286066,-0.340108,-0.270621,-0.059088,0.093274,-0.498683,0.231702,-0.075671,-0.625365,-0.332455,0.286989,-0.060333,-0.231001,0.219539,0.190933,-0.498429,-0.332455,0.28157,-0.248012,0.089541,-0.033353,-0.277413,0.311838,-0.678957,-0.42447,-0.059088,-0.2516,-0.376393,-0.205699,0.0,-0.116475,-0.332455,0.003866,0.059895,0.376475,0.33761,-0.060333,0.055648,0.171008,-0.24025,0.819481,0.055648,-0.025251,-0.397752,0.051903,0.256918,0.41995,0.424085,0.219539,-0.232824,-0.561675,0.646471,-0.133635,-0.561675,0.500527,0.506513,-0.081494,-0.419891,0.445766,0.237873,-0.417165,-0.470313,-0.385974,#
5,0.180599,0.211983,-0.135417,-0.800429,0.066668,1.0,0.602971,0.632939,-0.052922,0.391399,-0.000741,0.834596,0.392022,0.819145,0.423092,-0.095207,-0.336943,-0.223998,0.459925,0.094318,0.688021,0.285204,0.201145,0.500788,0.390454,0.083906,0.38344,-0.407649,0.045757,0.267439,-0.182279,-0.001876,0.011193,0.115897,-0.545918,-0.20556,0.042859,-0.048115,0.08329,-0.280517,0.267439,0.29218,-0.289072,-0.308949,0.264019,-0.641085,0.510047,-0.153519,-0.186418,0.165274,-0.454573,-0.508895,0.267439,0.207589,-0.221936,0.211731,-0.255434,-0.094525,-0.335682,0.605353,0.385523,-0.588666,-0.456581,0.378127,0.010631,0.632243,-0.115058,0.067198,0.06042,-0.350237,-0.251815,0.603581,0.0,0.377643,0.058565,-0.260929,-0.558399,-0.105158,-0.171606,-0.090646,-0.003184,-0.667463,-0.058826,0.21428,-0.331029,-0.150309,0.273239,0.033951,0.253322,-0.579018,0.276638,-0.558399,-0.105158,-0.079873,-0.122557,-0.403536,-0.579018,-0.103471,0.140233,-0.576926,0.152687,0.267439,-0.635962,-0.558399,-0.373885,-0.171606,-0.239625,-0.065847,-0.105158,-0.60834,0.372721,0.267439,-0.667463,-0.220282,0.106394,0.531831,-0.797424,0.555448,0.661279,-0.137517,-0.350142,-0.60834,0.033951,-0.358658,-0.251815,-0.09662,0.328374,-0.370419,-0.336696,-0.105158,-0.417122,0.21428,-0.183277,0.105655,-0.506911,0.13462,0.44117,-0.407649,0.019261,-0.795407,-0.058826,0.072418,-0.105158,-0.655764,-0.564492,-0.350237,0.267439,0.157618,-0.635962,0.505815,-0.076301,0.005861,-0.090646,0.267439,-0.20665,-0.358658,0.545967,0.317263,-0.526626,-0.407649,0.125251,-0.187041,-0.058826,-0.354258,-0.01865,0.094477,0.0,0.440205,0.267439,0.401158,-0.197819,-0.110796,0.267439,-0.248069,0.195857,-0.492256,-0.350142,-0.115632,0.610763,-0.171722,0.254422,0.278925,-0.299904,0.195857,0.594359,0.333658,0.091423,-0.407276,-0.313614,0.394648,-0.407276,-0.244635,0.131302,-0.102521,-0.552011,0.182328,0.370198,-0.272641,-0.248095,0.231883,#
6,0.191276,0.611202,-0.124286,-0.800127,0.074886,0.602971,1.0,0.614063,0.371036,0.784093,0.007084,0.446505,0.365994,0.802557,0.429554,0.388195,0.099115,0.196757,0.470436,0.066677,0.287213,0.40576,0.598114,0.151287,0.400643,0.089539,-0.039489,-0.407495,0.435416,0.271664,-0.213656,0.009164,-0.012118,-0.339667,-0.237826,-0.19723,0.02135,-0.362483,0.516436,-0.277095,0.271664,0.267788,-0.281821,-0.302204,0.272,-0.638642,0.533792,-0.175908,-0.244671,0.657473,-0.031151,-0.536852,0.271664,0.223053,0.409499,0.188077,-0.247389,-0.537126,-0.315777,0.41172,0.359777,-0.09943,-0.481352,0.392352,0.005704,0.612299,-0.111835,0.141462,-0.412167,-0.377947,-0.306833,0.58518,0.0,-0.024114,-0.388727,0.377908,-0.595683,-0.611243,-0.205524,-0.13539,-0.033635,-0.701813,-0.60811,0.221966,-0.796378,-0.18576,-0.157212,-0.377601,0.221966,-0.614846,0.244895,-0.595683,-0.611243,-0.111108,-0.157212,-0.43598,-0.614846,-0.134227,0.111402,-0.169582,-0.342816,0.271664,-0.669731,-0.595683,-0.408688,-0.205524,-0.67277,-0.060082,-0.611243,-0.60811,-0.033635,0.271664,-0.701813,-0.256003,0.074702,0.086842,-0.362793,0.103175,0.431319,-0.610462,-0.388727,-0.60811,-0.377601,-0.800305,-0.306833,-0.12671,0.300517,-0.425221,-0.241621,-0.611243,-0.450069,-0.205524,-0.599534,-0.351314,-0.541048,-0.32792,-0.042339,-0.407495,-0.002931,-0.831407,-0.60811,0.040734,-0.611243,-0.682678,-0.993472,-0.377947,-0.407495,0.638475,-0.669731,0.007361,-0.106553,-0.024114,-0.13539,-0.407495,-0.248879,-0.800305,0.513646,0.635719,-0.560192,-0.407495,-0.111778,-0.221053,-0.60811,-0.396405,-0.05135,0.512737,0.0,0.061125,-0.407495,-0.101874,-0.217042,0.173488,0.271664,-0.669731,0.580947,-0.525929,-0.388727,-0.136758,0.998355,-0.582258,0.64321,0.260178,-0.325448,0.179592,0.580967,-0.106553,0.068239,-0.442637,-0.310379,-0.004318,-0.442637,0.155283,0.115054,0.290203,-0.619681,0.193013,0.356152,-0.303595,-0.280321,0.633576,#
7,-0.376022,0.138992,0.161931,-0.754684,-0.405673,0.632939,0.614063,1.0,0.23992,0.460994,-0.489512,0.538804,0.658497,0.764867,0.276799,0.225753,-0.205065,0.366925,0.08337,0.305953,0.448233,0.704843,0.122482,0.300263,0.478991,0.305266,0.323442,-0.664825,0.035559,0.166206,0.032988,-0.177441,-0.007039,0.366404,-0.692182,-0.336226,-0.419626,-0.045597,0.305498,-0.664463,0.166206,0.450942,0.055762,-0.33066,-0.073713,-0.659268,0.920549,-0.49697,-0.324056,-0.188088,-0.248972,-0.214035,0.166206,0.011024,-0.150321,0.424946,-0.423913,-0.306842,-0.20035,0.652641,0.650361,-0.370514,-0.391152,0.262933,0.143079,0.401892,-0.386092,-0.087137,-0.097212,-0.103833,-0.468711,0.962619,0.0,-0.023906,-0.247889,-0.178298,-0.061218,0.24931,0.387843,0.225907,0.479723,-0.404412,-0.315677,-0.135242,-0.72607,-0.088032,-0.061218,0.06845,0.387843,-0.127631,0.423326,-0.597739,-0.373964,0.242775,-0.061218,-0.023906,-0.127631,0.196805,0.049162,-0.613196,-0.159226,0.166206,-0.37548,-0.061218,-0.208297,-0.135242,-0.349312,0.08577,0.24931,-0.992126,-0.029833,0.166206,-0.404412,-0.174594,0.375176,0.062704,-0.183821,0.364284,0.534129,-0.312756,0.306132,-0.992126,-0.444926,-0.217615,-0.468711,0.188555,0.720213,-0.520308,-0.085188,0.24931,-0.029833,0.387843,-0.108894,0.109911,-0.274156,-0.152857,0.298773,-0.664825,0.250257,-0.474811,-0.315677,-0.098446,0.24931,-0.496293,-0.563771,-0.103833,0.166206,0.104724,-0.37548,0.305169,0.221575,-0.023906,0.225907,0.166206,-0.067471,-0.217615,0.254902,0.191246,-0.316256,-0.664825,0.338677,-0.154243,-0.315677,-0.204194,0.265292,0.312254,0.0,0.532358,0.166206,0.24931,-0.389009,-0.11659,0.166206,-0.37548,0.629138,-0.265413,-0.247889,-0.551235,0.629138,-0.10178,0.39219,0.43959,-0.158619,-0.372716,0.134326,0.221575,-0.221453,-0.240474,-0.705968,0.226082,-0.240474,-0.254539,-0.20161,-0.080532,-0.098607,0.146076,0.246833,0.054461,-0.414542,0.368349,#
8,-0.068975,-0.05167,-0.454422,-0.066122,0.27735,-0.052922,0.371036,0.23992,1.0,0.187513,0.214558,-0.16134,0.455169,0.064728,0.356452,-0.245985,0.433866,0.023433,-0.174542,-0.549642,-0.287965,0.120778,0.351485,0.02644,0.220018,0.416713,-0.382243,0.193633,0.257893,0.221696,-0.308964,-0.432479,-0.256944,-0.025278,0.012163,0.399609,-0.422811,-0.615837,0.417031,0.010917,0.221696,-0.311856,-0.108867,0.218643,0.120612,0.046271,0.179575,-0.392957,-0.169127,0.245664,0.09114,-0.001964,-0.507936,0.357693,0.519538,0.773914,-0.094136,0.040548,-0.301027,0.295715,-0.215067,0.313346,0.186158,0.541379,-0.001532,-0.208228,-0.225356,0.235975,0.029786,-0.413183,-0.27321,0.200622,0.0,-0.23627,-0.555331,0.494552,0.037443,-0.21468,-0.367016,-0.250633,-0.221588,-0.170659,-0.282108,-0.367016,-0.589409,0.012575,0.037443,0.196764,-0.367016,-0.379428,0.091576,-0.433614,-0.761904,-0.011723,0.037443,-0.23627,-0.379428,0.027117,-0.571428,-0.421929,0.271297,0.221696,-0.144414,0.037443,-0.374775,-0.826276,-0.572361,0.254051,-0.21468,-0.282108,-0.668971,0.221696,-0.170659,-0.445521,-0.307838,-0.625861,0.398538,-0.026653,-0.250046,-0.035991,-0.06891,-0.282108,-0.253973,-0.519911,-0.27321,-0.430343,0.028923,-0.365207,-0.266769,-0.21468,-0.668971,-0.367016,-0.790693,-0.146359,-0.470137,-0.086137,-0.15063,-0.507936,-0.296169,-0.281231,-0.282108,-0.336701,-0.21468,-0.012375,-0.40247,-0.413183,-0.507936,0.409524,-0.144414,-0.128734,0.052857,-0.23627,-0.250633,-0.507936,-0.245761,-0.519911,-0.39782,0.250452,-0.030746,0.193633,-0.385657,-0.409213,-0.282108,-0.103866,-0.416455,0.386147,0.0,-0.143568,-0.507936,-0.21468,-0.086061,-0.042974,0.221696,-0.144414,0.793719,0.012769,-0.555331,0.08904,0.34529,-0.350571,0.038948,0.532533,0.42883,-0.103139,-0.083585,0.052857,-0.564172,-0.407738,-0.033044,-0.397724,-0.407738,0.402895,0.20275,-0.364444,0.017453,0.815853,0.051756,-0.128869,-0.625257,0.068803,#
9,0.034834,0.390634,0.20954,-0.654268,-0.180658,0.391399,0.784093,0.460994,0.187513,1.0,0.225537,0.200027,0.216365,0.620331,-0.039264,0.496176,-0.222776,0.372788,0.213032,0.20957,-0.010916,0.731785,0.380547,0.292161,0.617868,0.232276,-0.099321,-0.333211,0.174982,0.343624,0.401791,0.336312,0.206514,-0.653954,-0.061077,-0.415033,0.437846,-0.144913,0.657823,-0.652374,0.343624,0.317929,-0.013147,-0.060969,-0.026076,-0.804866,0.55829,0.147185,-0.449412,0.495968,-0.215986,-0.209354,0.343624,0.163776,0.299272,-0.020051,-0.442012,-0.20172,-0.246707,-0.090147,0.334153,-0.010943,-0.484395,0.21153,-0.233062,0.44072,-0.002143,-0.147692,-0.738086,0.044936,-0.026294,0.531361,0.0,0.194529,-0.244316,0.340803,-0.415869,-0.499817,-0.026399,-0.025647,0.184981,-0.432881,-0.497255,0.399629,-0.651203,-0.007208,0.021101,-0.158671,0.399629,-0.434288,0.009039,-0.415869,-0.499817,0.221456,0.021101,-0.215928,-0.434288,-0.237507,0.378563,0.008915,-0.498047,0.343624,-0.400976,-0.415869,0.026528,-0.026399,-0.799376,0.112076,-0.499817,-0.497255,0.184981,0.343624,-0.432881,-0.077992,0.012223,-0.058087,-0.218968,-0.19387,0.678029,-0.741094,-0.244316,-0.497255,-0.158671,-0.654414,-0.026294,0.207386,0.633072,-0.195585,0.183343,-0.499817,-0.230029,-0.026399,-0.419028,-0.085539,-0.653529,-0.184348,-0.499389,-0.333211,0.419653,-0.610891,-0.497255,0.360102,-0.499817,-0.7525,-0.812368,0.044936,-0.333211,0.438497,-0.400976,0.1493,-0.20638,0.194529,-0.025647,-0.333211,-0.26882,-0.654414,0.408595,0.523286,-0.226211,-0.333211,0.194228,-0.041875,-0.497255,0.196957,0.356031,0.649188,0.0,-0.139749,-0.333211,0.00781,-0.082562,0.348476,0.343624,-0.400976,0.390808,-0.63468,-0.244316,-0.41098,0.806788,-0.401722,0.814174,-0.015401,-0.66823,-0.009173,0.395881,-0.20638,0.201743,-0.007187,-0.653932,-0.169184,-0.007187,0.349709,-0.00332,0.480256,-0.444584,0.003908,0.207611,-0.03498,-0.012698,0.809858,#
10,0.436709,-0.039864,-0.225635,0.188135,0.568686,-0.000741,0.007084,-0.489512,0.214558,0.225537,1.0,-0.186773,-0.420491,-0.209996,-0.031953,-0.49944,-0.215816,-0.483753,0.118808,-0.653931,-0.398376,-0.131292,-0.016881,0.3069,0.240308,0.246216,-0.245862,0.327753,0.163213,0.354185,0.098325,0.128599,-0.193087,-0.653617,0.481713,0.353119,0.579422,-0.148587,0.245712,0.155113,0.354185,-0.152692,-0.404089,0.405028,0.370668,0.044969,-0.402321,0.4052,-0.110906,0.458151,-0.262223,0.062888,-0.33304,0.360872,0.348261,0.010622,-0.026488,0.635516,-0.307693,-0.475003,-0.304292,-0.021462,0.196596,0.205081,-0.178201,0.01587,0.490735,0.08715,-0.136503,-0.199456,0.389085,-0.411909,0.0,0.598065,0.185218,0.390388,-0.456761,-0.49956,-0.815223,-0.499305,-0.576966,-0.061744,-0.048768,0.40946,0.166515,-0.042562,0.38983,0.194853,-0.382656,-0.421632,-0.37592,-0.047212,-0.023789,-0.244931,-0.013083,-0.197158,-0.421632,-0.210068,0.001848,-0.035821,0.44637,0.354185,-0.03289,-0.456761,-0.009507,-0.41593,-0.444173,0.360096,-0.49956,0.467595,0.194663,0.354185,-0.061744,-0.059632,-0.446765,-0.049676,-0.263693,-0.186485,0.031954,0.115716,-0.653745,0.467595,0.586735,-0.23879,0.389085,-0.189688,-0.185677,0.196222,-0.060405,-0.49956,-0.60938,-0.4224,-0.421632,-0.082812,-0.700167,0.202978,-0.499132,0.301322,0.109078,-0.253871,-0.048768,0.130421,-0.49956,-0.127025,-0.058277,-0.199456,-0.33304,0.239615,-0.03289,0.161888,-0.178519,0.219599,-0.499305,-0.33304,-0.316679,-0.23879,0.048306,0.06486,0.174551,0.327753,-0.222896,-0.023107,-0.048768,0.41869,-0.091928,0.221706,0.0,-0.520279,-0.33304,0.015859,0.335779,0.405217,0.354185,0.361977,0.00953,-0.237524,-0.230837,0.382157,0.00953,-0.006474,-0.003525,-0.003428,-0.235785,0.383161,0.388679,0.23881,0.179898,-0.044242,0.18344,-0.183739,-0.044242,0.506047,0.474238,0.048941,-0.438863,0.409126,0.200113,-0.009703,-0.050435,0.022133,#
11,0.406997,0.061938,-0.235064,-0.653907,0.253502,0.834596,0.446505,0.538804,-0.16134,0.200027,-0.186773,1.0,0.325199,0.688175,0.060145,0.002077,-0.203554,-0.373649,0.319741,0.215492,0.822807,0.148643,0.053711,0.171988,0.184548,-0.207289,0.223391,-0.333028,-0.135386,0.322936,-0.130966,-0.158024,0.200027,0.236401,-0.378212,-0.343777,-0.081196,0.140444,0.204805,-0.149083,0.322936,0.172151,-0.440146,-0.537741,0.043491,-0.470571,0.332,-0.305007,0.046689,0.077907,-0.153633,-0.552197,0.322936,0.169828,-0.286276,0.047315,-0.387668,-0.208602,-0.408539,0.720007,0.306586,-0.459393,-0.569452,0.25965,-0.144615,0.523367,-0.017211,-0.010224,0.290456,-0.353546,-0.356757,0.561139,0.0,0.19482,-0.216412,-0.332201,-0.388747,-0.007569,-0.012351,0.006484,0.18598,-0.798579,0.036965,-0.012351,-0.198386,-0.382729,0.034748,0.221316,0.400539,-0.408194,0.423003,-0.388747,-0.007569,-0.19738,0.034748,-0.20298,-0.408194,-0.21393,-0.007056,-0.406627,0.067889,0.322936,-0.387369,-0.388747,0.012099,-0.012351,-0.002914,0.084813,-0.007569,-0.496981,0.18598,0.322936,-0.798579,-0.381047,0.480285,0.415226,-0.651453,0.663325,0.447089,-0.198535,-0.216412,-0.496981,0.221316,-0.224624,-0.356757,0.194844,0.208772,-0.162474,0.039859,-0.007569,-0.216232,-0.012351,-0.023663,-0.005784,-0.205398,0.254073,0.523201,-0.333028,-0.008807,-0.584518,0.036965,0.346844,-0.007569,-0.359047,-0.394728,-0.353546,0.322936,0.013692,-0.387369,0.248409,0.214075,0.19482,0.006484,0.322936,0.35697,-0.224624,0.47194,0.106858,-0.62807,-0.333028,-0.03401,-0.402303,0.036965,-0.416422,0.095801,-0.187247,0.0,0.615845,0.322936,0.484404,-0.324473,0.044279,0.322936,-0.387369,0.05334,-0.191324,-0.216412,0.058887,0.456493,-0.01236,0.029022,0.058887,-0.148129,0.05334,0.444232,0.214075,-0.181193,-0.48281,-0.180947,0.26823,-0.48281,-0.041794,0.056428,-0.040956,-0.360886,0.040398,0.258788,-0.404715,-0.3949,-0.000716,#
12,-0.315863,-0.269837,-0.154674,-0.486007,-0.320015,0.392022,0.365994,0.658497,0.455169,0.216365,-0.420491,0.325199,1.0,0.483161,0.248189,0.179821,0.27434,0.293337,-0.294532,0.249288,0.245052,0.403001,0.497159,0.05913,0.240473,0.074258,-0.116958,0.098153,-0.195094,-0.115224,-0.074446,-0.228767,0.216365,0.330077,-0.455332,-0.111468,-0.353302,-0.301528,0.081019,-0.367736,-0.115224,-0.246003,0.437888,-0.090909,-0.451831,-0.403812,0.605714,-0.28665,-0.197646,-0.152293,-0.025987,-0.252922,0.140829,0.168628,-0.149731,0.626681,-0.211018,-0.266174,0.056525,0.625499,-0.115367,0.182593,-0.162826,0.483161,-0.302858,-0.139047,-0.637092,0.098653,-0.040071,0.031845,-0.338048,0.610838,0.0,-0.430326,-0.490136,-0.177253,0.294496,0.211244,0.319356,0.18006,0.240445,-0.268311,0.181213,-0.379048,-0.514638,0.267568,0.129186,0.240344,0.158185,-0.368922,0.366978,-0.421846,-0.620928,0.562389,0.129186,-0.430326,-0.368922,-0.280348,-0.393092,-0.433612,-0.116568,-0.115224,-0.397221,0.294496,-0.272812,-0.379048,-0.184368,-0.246653,0.211244,-0.721958,-0.282894,-0.115224,-0.268311,-0.430159,-0.180332,-0.354532,0.222056,0.153762,0.260737,-0.150005,0.249572,-0.721958,-0.445098,-0.449796,-0.338048,-0.289562,0.419033,-0.375977,-0.142947,0.211244,-0.282894,0.319356,-0.343906,0.46389,-0.12294,0.07408,0.27739,-0.968733,-0.343445,-0.320383,0.181213,-0.044862,0.211244,-0.390334,-0.384958,0.031845,0.140829,0.061762,-0.235213,0.249528,-0.245898,-0.430326,0.18006,0.140829,-0.157041,-0.449796,-0.326781,0.47124,-0.189114,0.098153,0.112211,-0.404418,0.181213,-0.310085,-0.292366,0.041614,0.0,0.292734,0.140829,0.211244,-0.360554,-0.596969,-0.115224,-0.397221,0.349883,-0.291263,-0.490136,-0.318018,0.349883,-0.491306,0.286542,0.356408,0.291947,-0.332049,-0.297608,-0.245898,-0.491053,-0.113407,-0.435506,-0.090222,-0.312236,-0.07806,-0.19027,-0.365148,0.287059,0.360174,-0.22534,-0.224941,-0.276129,0.293296,#
13,-0.062003,0.387316,-0.013741,-0.997671,-0.137149,0.819145,0.802557,0.764867,0.064728,0.620331,-0.209996,0.688175,0.483161,1.0,0.35043,0.306036,-0.036592,0.034319,0.287802,0.409758,0.569051,0.448826,0.373112,0.403065,0.210508,-0.046752,0.110821,-0.508103,0.248208,0.217758,-0.085792,0.17083,0.21153,-0.012363,-0.429382,-0.476707,0.048311,-0.258876,0.409392,-0.438261,0.217758,0.265266,-0.134579,-0.562184,0.11316,-0.857888,0.591946,-0.112931,-0.020859,0.269199,-0.3648,-0.37059,0.217758,-0.156548,-0.212577,0.286088,-0.103895,-0.421035,-0.269785,0.505034,0.489781,-0.214945,-0.48643,0.087402,0.144784,0.780453,-0.228378,-0.229871,-0.26271,-0.236438,-0.538373,0.677019,0.0,0.196768,-0.074034,-0.246262,-0.345058,-0.217758,0.059551,0.306141,0.191532,-0.551652,-0.167405,0.059551,-0.492326,0.100284,0.123564,-0.171889,0.516438,-0.384302,0.54721,-0.345058,-0.217758,0.046651,0.123564,-0.24342,-0.384302,0.01422,0.309367,-0.358418,-0.252733,0.217758,-0.521873,-0.345058,-0.309363,0.059551,-0.512069,-0.235449,-0.217758,-0.758247,0.191532,0.217758,-0.551652,0.023897,0.203767,0.318368,-0.52973,0.460438,0.713683,-0.462808,-0.074034,-0.758247,-0.171889,-0.522706,-0.538373,0.014635,0.475124,-0.616769,-0.221033,-0.217758,-0.253538,0.059551,-0.367936,-0.139735,-0.408856,0.008344,0.369748,-0.508103,0.051166,-0.651649,-0.167405,0.232187,-0.217758,-0.63599,-0.777105,-0.236438,0.217758,0.113355,-0.521873,0.407921,0.039827,0.196768,0.306141,0.217758,-0.162463,-0.522706,0.65183,0.423238,-0.437473,-0.508103,0.088176,0.042955,-0.167405,-0.301008,0.088419,0.410366,0.0,0.265157,0.217758,0.326637,-0.523693,0.073014,0.217758,-0.521873,0.36215,-0.396959,-0.074034,-0.313818,0.808262,-0.355598,0.514998,0.110413,-0.481007,-0.066803,0.369121,0.039827,-0.060248,-0.341558,-0.474173,0.096427,-0.341558,-0.028183,-0.293585,0.119909,-0.359361,-0.06007,0.068887,-0.138452,-0.096528,0.499438,#
14,-0.100177,0.442569,-0.273213,-0.3266,0.073012,0.423092,0.429554,0.276799,0.356452,-0.039264,-0.031953,0.060145,0.248189,0.35043,1.0,-0.249441,0.233602,-0.018982,0.466553,-0.3266,0.166322,-0.234899,0.436138,0.2209,-0.021159,0.186822,0.257874,-0.166334,0.535895,-0.166334,-0.798494,-0.200135,-0.498819,0.226315,-0.401482,0.442569,-0.3494,-0.493662,-0.326673,0.29996,-0.166334,0.077459,-0.124632,0.00591,0.623251,0.013513,0.171769,-0.194935,-0.035561,0.29485,-0.13537,-0.320812,-0.166334,0.1102,0.219054,0.447201,0.409147,-0.256906,0.020492,0.439388,0.114015,-0.24633,0.162148,0.35043,0.480569,0.317482,-0.249441,0.441954,0.106342,-0.491801,-0.197531,0.093994,0.0,-0.049378,0.167496,0.141027,-0.405682,-0.249501,-0.407156,-0.249374,-0.498616,-0.134702,-0.248222,0.059263,-0.32507,0.07992,0.072717,-0.496645,-0.407156,-0.407231,0.091516,-0.405682,-0.249501,-0.251487,-0.405682,-0.49875,-0.407231,0.266116,-0.144267,-0.406004,0.28866,-0.166334,-0.608066,-0.405682,-0.989966,-0.407156,-0.130601,-0.392394,-0.249501,-0.248222,-0.04426,-0.166334,-0.134702,-0.005805,-0.393831,0.300673,-0.325374,0.203918,-0.056071,0.240754,-0.326507,-0.248222,-0.496645,-0.326673,-0.197531,-0.761413,-0.264954,-0.520708,-0.967876,-0.249501,-0.498616,0.059263,-0.407231,-0.184064,-0.219363,-0.32507,0.433596,-0.166334,-0.475209,-0.496724,-0.248222,-0.729111,-0.249501,-0.258997,-0.405521,-0.491801,-0.166334,0.411937,-0.608066,0.131223,-0.237731,-0.49875,-0.249374,-0.166334,-0.668759,-0.326673,0.197375,0.383476,-0.255582,-0.166334,-0.174757,0.059263,-0.248222,-0.623896,-0.632629,0.180502,0.0,0.00792,-0.166334,-0.249501,0.00329,-0.400675,-0.166334,-0.13922,0.397211,-0.223716,-0.326507,0.118144,0.397211,-0.407433,0.062655,0.595044,0.236361,0.397211,0.386543,0.257785,0.174666,-0.414832,0.261482,0.342126,-0.414832,-0.478735,0.230746,-0.303291,-0.426833,0.397311,0.303151,-0.148685,-0.130125,0.066033,#
15,-0.09852,0.400733,0.33592,-0.327175,-0.498563,-0.095207,0.388195,0.225753,-0.245985,0.496176,-0.49944,0.002077,0.179821,0.306036,-0.249441,1.0,0.214364,0.677726,0.05619,0.756994,0.087145,0.361606,0.394531,-0.323221,-0.001694,-0.326999,-0.130029,-0.166627,-0.021228,-0.166627,0.295794,0.390739,0.496176,-0.327018,-0.020605,-0.610426,0.19517,0.03512,0.207471,-0.326228,-0.166627,0.128295,0.401241,-0.274165,-0.407565,-0.402484,0.299176,0.124465,-0.096674,0.243182,0.317498,-0.172881,0.682842,-0.224686,0.093901,-0.42945,-0.111903,-0.762537,0.24929,-0.094606,0.148096,0.361989,-0.481184,-0.207034,-0.214921,0.140302,-0.24988,-0.173626,-0.608891,0.360026,-0.082805,0.25074,0.0,-0.499628,-0.327082,0.113971,0.091638,-0.24994,0.582676,0.344979,0.465437,-0.116337,-0.248659,0.097113,-0.325642,0.09915,-0.406396,-0.497519,0.582676,0.070864,0.084622,0.091638,-0.24994,0.316405,0.091638,-0.031811,0.070864,-0.241307,0.378611,0.625253,-0.995314,-0.166627,-0.121046,0.091638,0.221172,0.582676,-0.0862,-0.393084,-0.24994,-0.248659,-0.007568,-0.166627,-0.116337,0.098714,0.213365,-0.064462,0.217298,-0.326559,0.266365,-0.751906,0.187198,-0.248659,-0.497519,-0.327248,-0.082805,0.282957,0.291389,0.010228,0.362201,-0.24994,0.465437,0.097113,0.090017,-0.117967,0.325112,-0.325642,-0.249726,-0.166627,0.099187,-0.015429,-0.248659,0.368429,-0.24994,-0.293738,-0.406235,0.360026,-0.166627,0.164839,-0.121046,-0.324531,-0.245547,-0.031811,0.344979,-0.166627,0.142597,-0.327248,0.196216,0.39592,-0.236304,-0.166627,0.1553,0.07769,-0.248659,-0.133391,0.258964,0.2003,0.0,-0.009744,-0.166627,-0.24994,-0.148722,0.020238,-0.166627,-0.609136,-0.125433,-0.231659,0.187198,-0.417965,0.396647,-0.40815,0.611822,-0.417965,-0.341405,-0.105353,-0.102524,-0.761401,0.215234,0.230024,-0.327007,-0.191586,0.230024,0.04764,-0.371303,0.585347,0.072454,-0.611436,-0.213514,-0.1308,0.406396,0.597124,#
16,0.055554,0.110672,-0.521767,0.041725,0.234415,-0.336943,0.099115,-0.205065,0.433866,-0.222776,-0.215816,-0.203554,0.27434,-0.036592,0.233602,0.214364,1.0,-0.059876,-0.187789,0.041725,-0.071612,-0.499014,0.540518,-0.423196,-0.654274,-0.428142,-0.597026,0.518497,0.241306,-0.218165,-0.534958,-0.086101,0.208704,0.017395,0.27642,0.110672,-0.258989,-0.647492,0.05379,0.545424,-0.218165,-0.699184,0.111867,-0.198742,-0.071612,0.271968,-0.393216,-0.076353,0.487734,0.347903,0.441399,-0.062684,-0.218165,-0.197207,0.188244,0.324978,0.550399,-0.524911,0.098842,0.178463,-0.557017,0.796706,0.156231,-0.036592,0.051042,-0.164868,-0.327169,0.049841,0.077499,-0.246325,-0.42317,-0.345824,0.0,-0.654166,-0.42825,0.135029,0.313405,-0.327248,-0.096106,0.209356,-0.227391,0.039128,0.174125,-0.534031,-0.002931,0.326283,-0.135768,-0.272172,-0.096106,-0.102293,0.311909,0.313405,-0.327248,-0.098995,0.313405,-0.232246,-0.102293,-0.103358,-0.362998,0.326283,-0.194054,-0.218165,0.031073,0.313405,-0.289097,-0.096106,-0.012987,-0.514668,-0.327248,0.174125,-0.653989,-0.218165,0.039128,-0.075945,-0.285407,-0.394495,0.49549,-0.000427,-0.489192,-0.09847,0.035574,0.174125,-0.272172,-0.428468,-0.42317,-0.536365,-0.53248,-0.287631,-0.247813,-0.327248,-0.227391,-0.534031,-0.534129,-0.369692,0.342207,-0.002931,0.223483,-0.218165,-0.805577,0.167058,0.174125,-0.041875,-0.327248,0.348565,-0.141456,-0.246325,-0.218165,0.073753,0.031073,-0.424911,-0.110627,-0.232246,0.209356,-0.218165,0.062234,-0.428468,-0.266799,0.280484,-0.106355,0.518497,-0.654951,-0.096106,0.174125,-0.486957,-0.692765,0.018675,0.0,-0.244403,-0.218165,-0.327248,-0.303742,-0.208652,-0.218165,-0.40913,0.050035,0.330887,0.035574,0.314699,0.050035,-0.534394,-0.119152,-0.133067,0.482223,0.050035,-0.391899,-0.575872,-0.464647,-0.281859,0.505746,-0.531957,-0.281859,0.306305,-0.261126,-0.166969,0.32622,0.072542,-0.551663,-0.367175,0.047356,-0.089773,#
17,-0.544987,0.211909,0.53122,-0.060102,-0.805961,-0.223998,0.196757,0.366925,0.023433,0.372788,-0.483753,-0.373649,0.293337,0.034319,-0.018982,0.677726,-0.059876,1.0,-0.051534,0.409364,-0.231028,0.586357,0.204342,-0.145518,0.368907,0.271605,0.183134,-0.269363,-0.074529,-0.269363,0.327847,0.155399,0.054057,-0.065858,-0.31968,-0.225631,-0.129523,0.082041,-0.065905,-0.527369,-0.269363,0.332631,0.663292,0.233922,-0.341946,-0.204879,0.606653,-0.070821,-0.535417,-0.140691,0.169827,0.079529,0.465264,-0.00542,0.221393,-0.15171,-0.235793,-0.410058,0.379167,-0.132391,0.263153,0.110618,-0.166485,0.052093,-0.071295,-0.218545,-0.403948,0.064402,-0.553724,0.465021,0.150385,0.398363,0.0,-0.496012,-0.186126,0.25471,0.23109,0.126519,0.643179,0.111303,0.461381,0.222453,-0.401974,0.100854,-0.526423,0.11766,-0.325165,-0.367259,0.197901,0.194305,-0.23243,-0.225625,-0.404045,0.538356,-0.225625,0.026492,0.194305,0.043004,0.191652,0.235617,-0.681182,-0.269363,-0.114385,0.23109,-0.008271,0.197901,-0.071589,-0.166083,0.126519,-0.401974,-0.066918,-0.269363,0.222453,0.05793,-0.019743,-0.225426,0.441757,-0.527904,0.158117,-0.409907,0.388274,-0.401974,-0.804273,-0.065905,0.150385,0.142027,0.497371,-0.00365,0.139701,0.126519,0.461381,0.546131,0.210255,0.220911,0.198714,-0.526423,-0.403699,-0.269363,0.272735,0.055365,-0.401974,-0.229771,0.126519,-0.296529,-0.206789,0.465021,-0.269363,0.24146,-0.114385,-0.208926,-0.311024,-0.402511,0.111303,-0.269363,-0.256906,-0.065905,-0.197973,0.266606,0.053371,-0.269363,0.47094,0.084679,-0.401974,0.066592,0.265488,0.280301,0.0,0.02372,-0.269363,-0.404045,0.164265,-0.2837,-0.269363,-0.211938,0.192528,-0.286802,-0.083338,-0.67288,0.20925,-0.226599,0.549655,0.087873,-0.085342,-0.225526,-0.219469,-0.414126,0.289069,0.402367,-0.528629,0.031721,0.402367,-0.316682,-0.145865,0.270532,0.177898,-0.228273,0.044911,0.18902,0.225625,0.538589,#
18,0.45922,0.823237,-0.289142,-0.261317,0.239188,0.459925,0.470436,0.08337,-0.174542,0.213032,0.118808,0.319741,-0.294532,0.287802,0.466553,0.05619,-0.187789,-0.051534,1.0,-0.169686,0.518263,-0.140686,0.038922,0.262853,0.209082,0.205142,0.59637,-0.329085,0.134954,0.389924,-0.412237,0.205743,-0.110922,-0.193576,-0.402433,-0.06618,0.012273,-0.151804,-0.175608,0.221984,0.389924,0.305036,-0.436744,0.107567,0.773369,-0.058666,0.070003,-0.269015,-0.352622,0.519218,-0.164189,-0.34119,0.389924,0.32749,0.368497,-0.33386,-0.056857,-0.311551,-0.428715,0.21216,0.274662,-0.504661,-0.555323,0.287802,0.294384,0.457519,-0.049522,0.27431,0.128704,-0.624633,-0.046295,0.084363,0.0,0.118232,0.089415,0.328908,-0.802626,-0.493627,-0.378112,-0.493376,-0.129246,-0.498436,-0.491097,0.316221,-0.242568,-0.460719,-0.00119,-0.538418,0.074462,-0.445232,-0.396931,-0.427697,-0.058074,-0.678457,-0.338428,-0.198544,-0.445232,0.155568,0.365899,0.02287,-0.034802,0.389924,-0.380662,-0.802626,-0.433496,-0.012571,0.008085,-0.085217,-0.493627,-0.018383,0.106261,0.389924,-0.498436,-0.139725,0.044854,0.751343,-0.64374,0.276406,0.20197,-0.309348,-0.645981,-0.018383,-0.179663,-0.266128,-0.046295,-0.191519,-0.219885,-0.164485,-0.398288,-0.493627,-0.214028,-0.049319,-0.023745,-0.48657,-0.190543,-0.147194,0.065546,0.251653,-0.039133,-0.619762,-0.491097,-0.241045,-0.493627,-0.221748,-0.432959,-0.624633,-0.329085,0.473323,-0.835591,-0.320071,-0.20722,-0.198544,-0.493376,-0.329085,-0.221672,-0.266128,0.52446,0.080409,-0.751634,-0.329085,-0.304836,-0.111209,-0.491097,-0.493075,-0.133235,0.212485,0.0,0.338152,-0.329085,-0.493627,0.495554,0.039969,0.389924,-0.050159,0.027987,-0.174062,-0.258823,0.007508,0.469887,-0.010161,-0.009566,-0.009301,-0.156808,0.826806,0.8046,0.142085,0.58616,-0.575263,0.223747,0.251184,-0.01694,-0.313519,0.505531,0.05518,-0.803588,0.01476,0.641846,-0.520422,-0.053363,-0.038365,#
19,-0.356053,0.077849,0.412181,-0.42838,-0.652784,0.094318,0.066677,0.305953,-0.549642,0.20957,-0.653931,0.215492,0.249288,0.409758,-0.3266,0.756994,0.041725,0.409364,-0.169686,1.0,0.341147,0.329038,0.072249,-0.035519,-0.222605,-0.42815,0.042068,-0.218169,-0.23838,-0.218169,0.401171,0.502308,0.658102,0.072049,-0.19535,-0.799249,0.195037,0.160516,0.035706,-0.42714,-0.218169,0.089895,0.517084,-0.480638,-0.533637,-0.526984,0.281149,0.184119,0.160577,-0.228803,-0.060891,0.056518,0.518152,-0.595959,-0.578172,-0.285856,0.066077,-0.506217,0.284904,-0.016283,0.235264,0.204156,-0.388659,-0.516651,-0.045407,0.249631,-0.327175,-0.537505,-0.347919,0.482193,-0.285651,0.269728,0.0,-0.207646,0.062623,-0.560685,0.375605,0.224987,0.788663,0.756973,0.634493,0.100688,0.27378,-0.096318,0.081513,0.389461,-0.056732,-0.196548,0.788663,0.338538,0.363315,0.375605,0.224987,0.442242,0.375605,0.198458,0.338538,-0.049027,0.521466,0.362636,-0.748071,-0.218169,0.092026,0.375605,0.321115,0.788663,0.134846,-0.514677,0.224987,-0.325576,0.223884,-0.218169,0.100688,0.387749,0.310794,0.172548,0.044811,0.071947,0.487236,-0.459861,0.509061,-0.325576,-0.196548,0.053559,-0.285651,0.397666,0.408921,-0.156109,0.351908,0.224987,0.634493,0.367153,0.354525,0.136499,0.453849,0.081513,0.204359,-0.218169,0.141102,0.227274,0.27378,0.510958,0.224987,-0.159528,-0.063596,0.482193,0.518152,-0.434425,0.092026,0.124311,-0.056736,0.198458,0.756973,0.518152,0.228715,0.053559,0.274523,0.083421,-0.041071,-0.218169,0.345177,0.350941,0.27378,0.008919,0.369998,0.034472,0.0,0.193949,0.518152,0.224987,-0.425311,-0.096192,-0.218169,-0.331677,-0.370971,-0.033089,0.509061,-0.53265,0.081569,-0.083501,0.355764,-0.53265,-0.431267,-0.35421,-0.344697,-0.504542,0.051228,0.332942,-0.42816,-0.064062,0.332942,-0.155294,-0.745052,0.314735,0.370453,-0.800572,-0.501817,0.075556,0.558516,0.337697,#
20,0.236314,0.303554,-0.390562,-0.533637,0.063337,0.688021,0.287213,0.448233,-0.287965,-0.010916,-0.398376,0.822807,0.245052,0.569051,0.166322,0.087145,-0.071612,-0.231028,0.518263,0.341147,1.0,-0.008112,-0.118471,0.312009,-0.025972,-0.075516,0.530366,-0.271776,-0.33877,0.401192,-0.245697,0.13421,0.399024,0.379684,-0.655987,-0.512902,-0.24172,-0.084243,-0.093196,-0.016124,0.401192,0.023996,-0.21033,-0.329759,0.215556,-0.313963,0.246872,-0.500454,-0.049308,-0.032046,-0.29947,-0.254275,0.375309,0.013468,-0.370986,-0.015169,-0.141259,-0.344039,-0.486248,0.676084,0.240135,-0.386044,-0.725271,0.129418,0.156842,0.419385,-0.407565,-0.158529,0.483433,-0.503809,-0.555544,0.417204,0.0,0.001308,-0.08484,-0.426994,-0.228377,0.097063,0.143008,0.111427,0.385305,-0.563738,0.142214,-0.280585,-0.06695,-0.222068,0.206096,0.019987,0.566602,-0.247677,0.175623,-0.228377,0.097063,-0.360758,0.206096,0.001308,-0.247677,0.09985,0.233893,-0.262616,-0.020264,0.401192,-0.141932,-0.228377,-0.109165,0.143008,0.235883,-0.194631,0.097063,-0.405574,-0.027333,0.401192,-0.563738,-0.221092,0.374523,0.663307,-0.531634,0.817483,0.422337,-0.2879,-0.08484,-0.405574,0.019987,-0.093196,-0.555544,0.056376,0.066932,-0.385461,-0.101058,0.097063,-0.027333,0.143008,0.131648,-0.152793,0.090607,0.397237,0.641502,-0.271775,-0.166192,-0.390972,0.142214,0.175207,0.097063,-0.060176,-0.234581,-0.503809,0.401192,-0.175593,-0.56773,-0.027351,0.088946,0.001308,0.111427,0.401192,0.268022,-0.093196,0.385138,-0.137035,-0.78205,-0.271775,-0.233791,-0.241665,0.142214,-0.534021,-0.038596,-0.059593,0.0,0.82539,0.401192,0.097063,-0.068974,-0.191502,0.401192,-0.141932,-0.109764,0.121696,-0.08484,-0.187219,0.287931,0.158503,-0.241109,-0.187219,-0.023745,0.287931,0.280198,0.088946,-0.074628,-0.620832,-0.048488,0.117099,-0.098261,-0.291434,-0.055225,-0.302001,-0.204395,-0.123041,0.124247,-0.57817,-0.165248,-0.275053,#
