0,1.0,0.475808,-0.035007,-0.411505,0.488116,-0.036354,0.212224,-0.021254,0.999026,-0.211064,-0.011499,0.236014,0.4446,-0.028647,0.605845,-0.006288,0.207779,0.019071,0.132191,-0.332806,-0.411149,0.197977,0.022214,0.236582,0.037248,-0.228085,-0.310436,-0.004606,0.245588,0.0078,-0.37628,0.012453,0.0,0.038751,-0.310879,-0.499208,0.995459,0.189961,0.476438,-0.372719,-0.01845,-0.65312,0.031431,0.40221,-0.010756,0.406166,0.666293,0.138887,0.283264,0.255943,0.024666,0.138804,0.015863,0.020252,-0.285475,0.333908,-0.516961,0.689368,-0.463744,0.279386,-0.355202,-0.304308,-0.012093,0.024666,0.244965,0.409859,0.0,-0.046008,0.531782,0.26341,0.183954,-0.350165,0.0,-0.275948,0.343206,-0.407126,-0.058604,0.017053,-0.498954,0.493096,0.425159,-0.499208,0.215141,-0.041525,-0.031237,-0.022322,-0.228085,-0.219945,-0.007559,-0.49665,0.60825,-0.021976,0.214972,0.343206,-0.0117,0.291205,-0.499208,-0.006682,0.196378,-0.019075,0.024666,-0.499208,-0.219185,-0.498954,0.377524,-0.332806,-0.409209,0.294204,0.163032,-0.219459,-0.183064,-0.332806,0.007945,-0.0117,0.173132,-0.332806,-0.498954,-0.383655,-0.219185,-0.583533,-0.332806,0.033189,-0.275948,-0.653285,-0.310877,0.0,0.0,0.183954,-0.043569,0.0,0.416173,-0.332806,0.173925,-0.468336,-0.050588,-0.332806,0.0,-0.332806,0.274137,-0.045325,0.0,-0.248771,0.0,-0.247675,-0.49665,-0.054953,0.0,-0.264132,-0.392049,-0.650912,0.042158,-0.257146,0.343206,0.343206,0.039392,0.0,0.337497,0.155006,-0.058604,-0.332806,-0.01058,0.0,-0.231807,0.215415,0.000179,0.227059,-0.058604,-0.50375,-0.332806,0.0,-0.311508,0.255623,-0.332806,-0.245894,0.227059,0.205119,0.343206,0.334097,0.120466,-0.498954,-0.005468,0.024087,-0.000485,-0.335824,0.308481,0.01182,-0.098812,0.521563,-0.302745,0.231181,0.173132,-0.36438,-0.147085,0.536737,0.571675,-0.221052,-0.147085,-0.430403,0.198423,0.257588,#
1,0.475808,1.0,0.59238,0.427315,0.243698,-0.098744,-0.218064,-0.24994,0.499704,-0.327327,-0.101937,0.321269,-0.098682,-0.095394,0.507325,-0.374308,-0.229354,0.427087,0.019798,-0.166667,-0.081595,0.196247,0.243698,0.210987,0.116962,-0.327327,-0.04163,-0.13168,0.327096,-0.25,-0.407596,0.283599,0.0,0.4123,-0.600735,-0.25,0.463248,-0.031163,0.999777,-0.407909,0.61216,-0.327078,0.306592,-0.101999,-0.408152,0.144425,0.333016,0.400033,-0.117254,-0.214985,2e-06,0.019861,-0.249501,0.188443,-0.658069,0.103616,-0.383563,0.342998,-0.993129,0.136364,-0.730761,-0.165851,-0.122393,2e-06,0.218218,0.204257,0.0,0.249769,0.292487,0.359705,-0.324973,-0.405022,0.0,0.175882,-0.166667,-0.221164,0.337506,0.405312,-0.249873,-0.249461,-0.407661,-0.25,0.005924,0.581516,0.09386,0.078818,-0.327327,-0.32716,-0.249857,-0.248719,0.285291,-0.249461,-0.017927,0.666667,-0.25,0.666667,-0.25,0.356961,-0.326637,0.101896,2e-06,-0.25,-0.325972,-0.249873,0.064958,-0.166667,-0.096526,0.554304,0.195949,0.207617,0.251846,-0.166667,-0.406217,-0.25,0.730469,-0.166667,-0.249873,-0.406494,-0.325972,0.005907,-0.166667,-0.406727,0.175882,-0.32716,0.11776,0.415514,0.0,-0.324973,0.465469,0.0,0.386103,-0.166667,-0.01147,-0.40256,0.358353,-0.166667,0.0,-0.166667,0.309844,0.064958,0.0,0.458435,0.0,-0.67184,-0.248719,-0.355173,0.0,-0.393749,-0.406494,-0.325972,-0.10119,0.285291,0.666667,-0.166667,0.413055,0.0,0.145144,-0.044757,0.337506,-0.166667,0.608846,0.0,-0.02925,0.229677,-0.408046,-0.212319,0.337506,-0.982147,-0.166667,0.0,-0.705734,0.161915,-0.166667,0.293309,-0.212319,0.217859,-0.166667,0.134131,-0.301979,-0.249873,0.216998,0.116144,-0.412055,-0.652327,0.121653,-0.407971,-0.128144,0.238487,-0.265841,0.31027,0.730469,0.121653,-0.285708,-0.116334,-0.097808,-0.239152,-0.285708,-0.407465,-0.012148,-0.327106,#
2,-0.035007,0.59238,1.0,0.665356,-0.128672,-0.161149,-0.355878,-0.407899,-0.015683,-0.089032,-0.166974,0.064687,0.240954,0.265334,0.400726,-0.102564,-0.339598,0.680399,0.048466,-0.271998,-0.149808,0.373651,0.377468,0.362572,0.12506,-0.089032,0.216887,-0.166059,0.51605,-0.407997,-0.224991,0.376296,0.0,0.589799,-0.66443,0.101999,-0.044232,-0.003179,0.591878,-0.254211,0.150169,0.391444,0.317075,-0.166461,0.190776,-0.379302,0.525618,0.345657,-0.191358,0.078452,-0.334944,0.048619,-0.407182,0.413499,-0.426566,-0.466185,-0.104328,0.499216,-0.642046,-0.451507,-0.239,-0.270666,-0.149808,-0.334944,-0.089032,0.150046,0.0,-0.121502,-0.12601,0.120196,-0.144243,-0.181239,0.0,0.356036,-0.271998,0.240625,0.071844,0.169028,0.136677,-0.407117,-0.665298,0.121615,-0.417014,0.583076,0.221912,-0.267155,-0.071911,-0.533922,-0.407763,-0.405906,0.078593,-0.407117,0.377714,0.381843,0.121615,0.407997,0.121615,0.612804,-0.533068,-0.24944,-0.334944,0.121615,-0.531982,0.136677,-0.279483,0.43415,-0.131968,0.306613,0.391533,0.365485,0.365081,-0.271998,-0.200557,0.121615,0.312307,-0.271998,-0.407789,-0.207498,-0.024637,0.03467,-0.271998,-0.255297,0.356036,-0.063156,0.246594,0.610302,0.0,-0.144243,-0.132746,0.0,0.261854,0.407997,0.00558,-0.206991,0.226224,-0.271998,0.0,0.43415,0.472321,-0.279483,0.0,0.393932,0.0,-0.403486,-0.405906,-0.043671,0.0,-0.160648,-0.663393,0.409635,0.200075,0.492452,0.381843,-0.271998,0.112758,0.0,-0.061616,0.146086,0.071844,-0.271998,0.490526,0.0,0.016524,-0.079509,-0.227627,-0.376373,0.071844,-0.639286,-0.271998,0.0,-0.472621,0.318108,-0.271998,0.089452,-0.376373,0.382692,-0.271998,0.220654,-0.205118,-0.407789,-0.174974,0.59587,-0.163725,-0.440167,-0.502587,-0.221325,0.141335,0.420785,0.185637,0.038023,0.312307,0.200272,-0.455063,-0.010725,-0.491141,-0.390294,-0.455063,-0.214616,0.046896,-0.533833,#
3,-0.411505,0.427315,0.665356,1.0,-0.398149,-0.233858,-0.525514,-0.611953,-0.392436,-0.36459,0.166387,-0.082045,-0.26532,-0.257434,0.001729,0.092222,-0.061427,0.182576,0.072864,0.259212,0.183444,0.088308,0.08013,0.094551,-0.189982,0.072246,0.07276,0.132907,0.347544,-0.6121,-0.182017,0.612682,0.0,0.40829,-0.326959,-0.111641,-0.420933,-0.021714,0.42722,0.230015,0.282025,0.089651,0.068344,-0.66596,-0.174333,-0.329246,-0.096004,-0.039581,-0.396709,-0.096004,3e-06,0.073093,-0.121567,0.508135,-0.281203,-0.250046,0.075908,-0.150529,-0.433891,-0.212082,-0.243414,-0.432591,0.165853,3e-06,-0.226679,-0.343231,0.0,0.130769,-0.303811,-0.068423,-0.234481,0.208096,0.0,0.540897,-0.408067,0.34397,0.426394,0.575807,0.38862,-0.610781,-0.590082,0.408067,-0.356308,0.664488,-0.128634,-0.137522,0.089047,0.081081,-0.09642,-0.044915,-0.061504,-0.061688,-0.051254,0.284877,-0.111641,0.284877,0.408067,0.407309,-0.329645,-0.140825,3e-06,0.408067,-0.300252,0.38862,-0.162863,0.259212,0.23141,0.357622,0.105608,0.525284,0.525957,-0.408067,-0.557649,-0.111641,0.558567,0.259212,0.408408,-0.117089,-0.318691,0.472476,0.284877,-0.594993,0.540897,0.525934,0.367407,0.408218,0.0,-0.234481,0.264891,0.0,-0.229366,0.259212,0.026229,-0.168729,0.572986,0.284877,0.0,0.259212,-0.143818,0.239065,0.0,0.821742,0.0,-0.300521,-0.044915,0.153813,0.0,-0.410784,-0.141023,0.10746,0.142255,0.776117,0.284877,-0.408067,-0.059765,0.0,-0.252206,-0.416279,0.426394,-0.408067,0.179321,0.0,0.031079,-0.337919,-0.154784,-0.510259,0.426394,-0.336536,0.284877,0.0,-0.25842,-0.173533,0.284877,0.38774,-0.510259,0.114555,-0.408067,-0.278317,-0.568861,0.408408,0.132247,0.249125,0.091945,-0.210945,-0.230926,-0.182185,-0.12206,-0.389849,0.368425,-0.084976,0.558567,0.433244,0.174885,-0.49588,-0.411671,-0.09759,0.174885,0.271802,-0.37769,-0.357409,#
4,0.488116,0.243698,-0.128672,-0.398149,1.0,0.067567,0.203751,0.220222,0.488578,0.319076,-0.375737,0.226724,0.107512,0.083873,0.007328,-0.216649,-0.333011,0.08957,-0.564976,0.194322,0.109171,-0.223809,0.429172,-0.21678,0.397083,0.319076,0.17068,-0.399422,-0.29721,0.243699,-0.099903,-0.275446,0.0,0.24313,-0.282304,0.243698,0.483762,-0.503457,0.243644,-0.546877,-0.119553,-0.244647,0.45318,0.598069,-0.133076,-0.214187,0.221652,0.481214,0.693798,-0.323011,0.438193,-0.559164,-0.366842,-0.344774,-0.219632,-0.089687,-0.274154,0.28846,-0.244202,0.670716,-0.03014,0.160451,-0.398473,0.438193,0.330372,0.661011,0.0,0.355111,0.253096,0.236185,-0.166821,-0.584104,0.0,-0.805375,0.162466,-0.122592,-0.413142,0.083222,-0.371843,0.21793,0.415719,-0.998686,-0.065219,-0.119399,-0.163254,-0.167222,-0.786221,-0.234437,0.268161,-0.431742,-0.393823,-0.413142,-0.052197,0.162466,-0.401386,0.162466,-0.998686,-0.395041,-0.265096,0.418005,0.438193,-0.998686,-0.277321,-0.371843,-0.132172,-0.665791,-0.465736,0.200698,-0.265915,-0.223428,0.337999,0.162466,-0.167222,-0.401386,-0.254621,0.194322,-0.371843,-0.653786,-0.277321,-0.55394,-0.665791,0.374947,-0.805375,-0.76537,-0.182942,0.243024,0.0,-0.166821,0.051833,0.0,0.053158,0.162466,-0.559375,0.410331,-0.456553,-0.665791,0.0,-0.665791,0.182743,-0.132172,0.0,-0.53284,0.0,-0.176038,-0.431742,-0.291725,0.0,0.287868,-0.139624,-0.277321,-0.474199,-0.393823,0.162466,0.162466,0.243106,0.0,0.254936,0.675822,-0.413142,0.162466,0.000147,0.0,-0.582,0.31887,-0.631518,0.160089,-0.413142,-0.326151,-0.665791,0.0,-0.221578,-0.256247,-0.665791,-0.402305,0.160089,-0.254621,0.162466,0.650116,0.455156,-0.371843,0.353984,-0.103423,-0.279667,-0.236898,0.599063,-0.105827,-0.410432,0.298145,-0.490334,0.785492,-0.254621,-0.225335,-0.41093,0.032102,-0.073532,0.207412,-0.41093,-0.640093,-0.03808,-0.190827,#
5,-0.036354,-0.098744,-0.161149,-0.233858,0.067567,1.0,0.784448,0.395269,-0.023077,0.543003,-0.273166,0.358268,-0.265357,0.591553,-0.427378,0.079608,-0.586243,0.160951,0.056616,-0.408142,0.596222,-0.371028,-0.404271,-0.801377,0.245005,0.077572,-0.178572,-0.250596,-0.077517,0.414725,-0.160991,-0.31696,0.0,-0.129877,-0.179021,0.414725,0.003411,-0.006154,-0.108408,-0.584002,0.249355,0.076824,0.092264,0.564642,0.238216,-0.21625,-0.101564,0.504266,0.494884,-0.101564,-0.312247,-0.021651,0.393072,-0.226599,-0.375887,-0.445506,0.62582,-0.097091,0.032215,0.244167,-0.385856,0.221717,-0.25847,-0.312247,-0.404379,-0.364053,0.0,0.592676,0.522595,-0.526847,-0.058677,-0.616158,0.0,0.077408,0.276483,-0.68719,0.413831,-0.277972,-0.611901,0.392966,-0.178065,-0.098744,0.394958,-0.604285,0.212055,0.656632,0.077572,0.094112,-0.114238,0.412599,-0.110179,0.413831,-0.053342,-0.408142,-0.118493,0.276483,-0.098744,-0.611901,0.523995,0.231418,-0.312247,-0.098744,0.540755,-0.611901,0.246773,-0.408142,-0.277839,-0.773743,0.05882,-0.801152,-0.352727,0.276483,0.208341,-0.118493,0.094654,-0.408142,-0.084031,-0.185111,0.048873,-0.438653,0.276483,0.656925,0.077408,-0.344751,-0.279592,0.413578,0.0,-0.058677,0.129174,0.0,-0.294995,0.276483,-0.013138,0.282718,-0.258022,0.276483,0.0,-0.408142,-0.079023,0.246773,0.0,-0.41165,0.0,-0.267937,0.412599,0.103388,0.0,0.489893,0.239889,0.048873,-0.281185,-0.110179,-0.408142,0.276483,-0.130518,0.0,0.63725,-0.183851,0.413831,0.276483,0.018873,0.0,0.375709,0.542652,-0.165708,0.794655,0.413831,0.068754,0.276483,0.0,-0.292686,0.313112,0.276483,-0.121391,0.794655,-0.379123,0.276483,-0.315221,0.148809,-0.084031,0.104829,-0.184577,-0.412715,0.332373,0.387895,-0.584704,0.769331,0.031203,-0.222602,-0.103291,0.094654,-0.293541,-0.118488,-0.354382,0.018543,0.325886,-0.118488,-0.173068,-0.047023,0.104483,#
6,0.212224,-0.218064,-0.355878,-0.525514,0.203751,0.784448,1.0,0.306466,0.219225,0.42827,-0.0876,0.544781,-0.076145,0.350836,-0.206448,0.219272,-0.466614,-0.105949,0.194611,-0.508817,0.35586,-0.048281,-0.29721,-0.511515,0.075636,-0.065888,-0.462985,-0.090763,0.084834,0.327096,-0.355529,-0.184295,0.0,-0.250855,0.006949,0.327096,0.222318,0.208699,-0.2283,-0.329736,0.079912,-0.066569,-0.347264,0.802042,0.068065,-0.149321,0.062083,0.311811,0.510256,0.062083,0.026517,0.201887,0.304333,-0.06041,-0.295919,-0.291996,0.211923,0.116987,0.171096,0.423928,-0.218065,0.160287,-0.08965,0.026517,-0.248147,-0.265106,0.0,0.176772,0.771616,-0.425202,-0.104355,-0.344517,0.0,-0.065749,0.218064,-0.662828,0.326391,-0.097655,-0.762836,0.304238,0.087891,-0.218064,0.193968,-0.826213,0.040935,0.513183,-0.065888,-0.048252,-0.23445,0.32542,0.026586,0.326391,0.178824,-0.508817,-0.239032,0.218064,-0.218064,-0.762836,0.408402,0.061105,0.026517,-0.218064,0.426497,-0.762836,0.53213,-0.508817,-0.57095,-0.556189,-0.085459,-0.998769,-0.52247,0.218064,0.037222,-0.239032,-0.047507,-0.508817,-0.202385,0.079617,-0.095744,-0.690465,0.218064,0.513263,-0.065749,-0.514201,-0.2287,0.326192,0.0,-0.104355,-0.137826,0.0,-0.124674,0.218064,-0.239923,0.117847,-0.550654,0.218064,0.0,-0.508817,0.076475,0.077462,0.0,-0.663082,0.0,-0.219483,0.32542,0.213336,0.0,0.386382,0.070593,-0.095744,-0.115223,-0.461536,-0.508817,0.218064,-0.251524,0.0,0.759617,0.007508,0.326391,0.218064,-0.157977,0.0,0.17369,0.427993,0.08175,0.996231,0.326391,0.17064,0.218064,0.0,-0.230843,0.420435,0.218064,-0.472536,0.996231,-0.550526,0.218064,-0.248617,0.444553,-0.202385,0.228478,0.088701,-0.325511,0.426747,0.491976,-0.356833,0.551503,0.158017,-0.115941,0.047584,-0.047507,-0.231518,-0.093454,-0.149039,0.25594,0.508469,-0.093454,-0.368291,0.192161,0.445873,#
7,-0.021254,-0.24994,-0.407899,-0.611953,0.220222,0.395269,0.306466,1.0,-0.028634,0.22886,-0.131118,-0.210447,-0.128063,0.401745,-0.024977,-0.409966,-0.259808,-0.131805,0.009703,-0.166627,-0.112766,-0.326999,-0.365226,-0.327167,0.127212,0.207471,-0.030603,-0.062813,-0.763042,0.387162,0.081312,-0.436105,0.0,-0.249356,0.474706,0.387162,0.040249,0.036042,-0.249884,-0.407811,0.10139,0.206458,0.258342,0.388673,0.077447,0.240264,-0.246335,0.02703,0.212781,-0.246335,-0.387428,-0.0876,0.39654,-0.37187,0.133468,0.065869,0.255183,-0.237015,0.230706,0.02495,0.226942,0.710762,-0.611818,-0.387428,0.443639,0.172926,0.0,0.226169,0.079229,-0.243893,0.353106,-0.404925,0.0,-0.326559,-0.166627,-0.401757,-0.249401,-0.607823,-0.249812,0.397834,0.121282,-0.24994,0.477979,-0.407563,0.071758,0.592243,0.207471,0.21745,-0.249797,0.327556,-0.201333,-0.249401,0.031277,-0.166627,0.362658,-0.166627,-0.24994,-0.249812,0.227557,0.0794,-0.387428,-0.24994,0.182704,-0.249812,0.113563,-0.166627,-0.147947,-0.484899,-0.326503,-0.327075,-0.326641,0.682842,0.592243,0.362658,-0.32671,-0.166627,-0.249812,0.050624,0.182704,-0.074577,-0.166627,0.623743,-0.326559,-0.327082,0.213277,-0.249249,0.0,0.353106,0.304684,0.0,0.384236,-0.166627,0.007083,0.187773,-0.09259,-0.166627,0.0,-0.166627,-0.210851,0.113563,0.0,-0.498936,0.0,0.20612,0.327556,-0.486708,0.0,0.306819,0.577954,0.182704,-0.081913,-0.201333,-0.166627,-0.166627,0.346498,0.0,0.14436,0.273743,-0.249401,0.682842,0.196252,0.0,0.466172,0.205063,0.09903,0.299385,-0.249401,0.174844,-0.166627,0.0,0.123494,0.256463,-0.166627,0.291364,0.299385,-0.32671,-0.166627,0.133003,0.067372,-0.249812,-0.397408,-0.430984,-0.385285,0.079923,0.12054,0.106253,0.282782,0.236239,-0.242326,-0.233587,-0.32671,0.12054,-0.292641,0.093928,-0.010226,0.320552,-0.292641,-0.407367,-0.033578,-0.327027,#
8,0.999026,0.499704,-0.015683,-0.392436,0.488578,-0.023077,0.219225,-0.028634,1.0,-0.218089,0.001206,0.242493,0.41938,-0.015278,0.612718,0.001476,0.18136,0.031327,0.146725,-0.333136,-0.391426,0.217252,0.029388,0.223111,0.024185,-0.234865,-0.324526,0.006135,0.252109,0.0,-0.383393,0.024225,0.0,0.030523,-0.324874,-0.499704,0.99476,0.200641,0.499593,-0.379893,-0.0,-0.653769,0.039657,0.408962,-0.023153,0.403746,0.666935,0.153113,0.293606,0.228793,0.024312,0.153295,0.007962,0.024145,-0.326894,0.330008,-0.502378,0.689985,-0.487603,0.279555,-0.384384,-0.306986,-0.000627,0.024312,0.25234,0.410235,0.0,-0.037665,0.537204,0.270026,0.164173,-0.357575,0.0,-0.251111,0.333136,-0.430733,-0.029331,0.028327,-0.49945,0.478321,0.406498,-0.499704,0.19674,-0.023966,-0.012507,-0.004661,-0.234865,-0.226836,-0.015134,-0.497143,0.607285,-0.029331,0.226024,0.333136,-0.019219,0.333136,-0.499704,-0.01427,0.183504,-0.0,0.024312,-0.499704,-0.226051,-0.49945,0.38861,-0.333136,-0.422051,0.306043,0.182777,-0.226357,-0.190474,-0.333136,-0.004661,-0.019219,0.192115,-0.333136,-0.49945,-0.390628,-0.226051,-0.590385,-0.333136,0.020204,-0.251111,-0.653934,-0.303783,0.033221,0.0,0.164173,-0.02925,0.0,0.421123,-0.333136,0.156077,-0.473968,-0.039743,-0.333136,0.0,-0.333136,0.282438,-0.028147,0.0,-0.231982,0.0,-0.289839,-0.497143,-0.045633,0.0,-0.275462,-0.398901,-0.651559,0.02288,-0.245643,0.333136,0.333136,0.031156,0.0,0.335924,0.15002,-0.029331,-0.333136,0.015405,0.0,-0.214975,0.236497,-0.012371,0.234144,-0.029331,-0.526694,-0.333136,0.0,-0.352658,0.255923,-0.333136,-0.234312,0.234144,0.192115,0.333136,0.335128,0.102811,-0.49945,0.002567,0.043069,-0.03108,-0.325971,0.309479,-0.000896,-0.087255,0.520237,-0.292252,0.238528,0.192115,-0.353689,-0.142768,0.508659,0.547399,-0.209135,-0.142768,-0.436733,0.210134,0.243818,#
9,-0.211064,-0.327327,-0.089032,-0.36459,0.319076,0.543003,0.42827,0.22886,-0.218089,1.0,-0.800797,0.420639,0.094751,0.551645,-0.654104,-0.217815,-0.532666,0.516436,-0.648051,-0.218218,0.516361,-0.428245,0.319076,-0.428466,0.78682,0.047619,0.590494,-0.799354,-0.047586,0.763763,0.355779,-0.751803,0.0,0.184386,-0.35259,0.763763,-0.224452,-0.652823,-0.327254,-0.534079,-0.098144,0.504378,0.305846,0.534193,0.364912,-0.512852,-0.042314,0.728071,0.431324,-0.042314,-2e-06,-0.650093,-0.326673,-0.598548,0.132556,-0.57496,0.324468,0.012474,0.270113,0.178542,0.050357,0.478843,-0.356111,-2e-06,-0.488095,0.100288,0.0,0.327025,0.139257,-0.055408,-0.324184,-0.530299,0.0,-0.427669,0.509175,0.032174,-0.326621,-0.420791,-0.32716,0.185726,-0.115123,-0.327327,0.149953,-0.533754,0.314056,-0.13495,-0.428571,-0.428354,0.201571,0.167759,-0.553382,0.185726,-0.284274,-0.218218,-0.327327,-0.218218,-0.327327,-0.32716,0.010966,0.327975,-2e-06,-0.327327,0.473252,-0.32716,-0.533496,-0.218218,0.018431,-0.635035,0.028506,-0.428345,0.047531,0.509175,0.288423,-0.327327,-0.427867,-0.218218,-0.32716,-0.140883,0.473252,-0.288756,-0.218218,0.751005,-0.427669,-0.428354,-0.545356,0.181345,0.0,-0.324184,-0.370964,0.0,-0.402842,0.509175,-0.2528,0.820696,-0.799937,-0.218218,0.0,-0.218218,0.386363,-0.533496,0.0,-0.653418,0.0,0.159418,0.167759,-0.167751,0.0,0.988116,-0.140883,0.473252,-0.43124,-0.553382,-0.218218,0.509175,0.183673,0.0,0.373408,0.42974,-0.326621,0.509175,-0.010091,0.0,-0.268083,0.513346,-0.534258,0.377045,-0.326621,0.21258,-0.218218,0.0,0.140415,0.028266,-0.218218,-0.576048,0.377045,0.019576,0.509175,0.151226,0.765662,-0.32716,0.265905,-0.131197,-0.251091,0.071175,0.135148,-0.534159,0.351539,0.230937,-0.551107,0.390117,-0.427867,-0.588857,-0.529947,-0.041252,-0.227663,-0.084804,-0.529947,-0.121132,0.169662,0.068277,#
10,-0.011499,-0.101937,-0.166974,0.166387,-0.375737,-0.273166,-0.0876,-0.131118,0.001206,-0.800797,1.0,-0.506317,-0.271757,-0.296961,0.390276,0.613501,0.375357,-0.680595,0.787396,0.297968,-0.216896,0.532775,-0.375737,0.094132,-0.996574,0.088977,-0.763861,0.99324,-0.0876,-0.611619,-0.166822,0.632869,0.0,-0.610191,0.576958,-0.611619,0.010959,0.795496,-0.111528,0.682962,-0.166404,-0.355639,-0.434412,-0.248308,-0.206195,0.39863,-0.111458,-0.791265,-0.109543,-0.111458,0.049591,0.796106,0.38626,0.456917,-0.189931,0.474023,0.084213,-0.162718,0.155597,-0.186765,0.094093,-0.407751,0.597583,0.049591,0.425495,-0.172976,0.0,-0.405863,-0.189316,-0.087603,0.311606,0.674244,0.0,0.515008,-0.407746,-0.228917,0.406867,0.248089,0.406418,-0.092512,0.28882,0.388143,-0.364547,0.248393,-0.145234,0.274598,0.499643,0.532625,-0.066256,-0.055317,0.368863,-0.0718,0.450016,-0.407746,0.36854,0.271831,0.388143,-0.107483,0.105208,-0.123245,0.049591,0.388143,-0.309228,0.406418,0.663642,0.245693,-0.187897,0.378141,0.088092,0.096495,-0.366992,-0.407746,-0.13806,0.36854,0.088831,0.297968,0.426571,0.296431,-0.328007,0.0617,0.271831,-0.553459,0.515008,0.532625,0.444048,-0.06777,0.0,0.311606,0.151073,0.0,0.188653,-0.407746,0.009713,-0.587902,0.571754,0.271831,0.0,0.245693,-0.4519,0.663642,0.0,0.410799,0.0,-0.211542,-0.055317,0.561733,0.0,-0.802749,0.296431,-0.328007,0.220116,0.368863,-0.407746,-0.407746,-0.610131,0.0,-0.423618,-0.394471,0.406867,-0.407746,-0.15664,0.0,0.420186,-0.34622,0.648392,-0.041794,0.406867,0.204366,0.271831,0.0,-0.15918,-0.135087,0.271831,0.386586,-0.041794,-0.347286,-0.407746,-0.171436,-0.663237,0.426571,-0.279315,0.284145,0.166063,0.534525,-0.125569,0.663566,-0.125458,-0.3504,0.805671,-0.440009,0.088831,0.524825,0.76843,-0.153478,0.079761,0.407634,0.76843,0.278385,0.043628,0.086315,#
11,0.236014,0.321269,0.064687,-0.082045,0.226724,0.358268,0.544781,-0.210447,0.242493,0.420639,-0.506317,1.0,-0.052373,-0.075756,-0.180778,-0.299052,-0.442106,0.343441,-0.24418,-0.509023,0.343846,-0.053495,0.226724,-0.047285,0.523476,-0.526254,0.017022,-0.56666,0.544781,0.321269,-0.360531,-0.15847,0.0,0.320519,-0.487117,0.321269,0.180112,-0.25575,0.321197,-0.334874,0.524448,-0.071691,-0.299373,0.378564,-0.352426,-0.227777,0.084915,0.634386,0.00671,0.084915,0.356228,-0.155455,-0.251332,-0.034245,-0.265274,-0.256673,-0.339274,0.181749,-0.346786,0.518887,-0.543678,0.157772,-0.099409,0.356228,-0.435207,-0.233723,0.0,0.200087,0.792561,0.060032,-0.686468,-0.349533,0.0,-0.070867,0.214179,-0.189475,0.320576,0.345701,-0.763145,-0.252493,-0.369594,-0.221133,0.176772,-0.386603,0.03394,0.048468,-0.526254,-0.517059,-0.237433,0.319622,0.00529,0.320576,-0.279145,0.214179,-0.763535,0.214179,-0.221133,-0.236509,-0.070867,0.053993,0.356228,-0.221133,0.418898,-0.763145,0.07914,-0.509023,-0.133205,-0.096819,-0.090477,-0.535076,-0.023174,0.214179,-0.425083,-0.763535,0.419948,-0.509023,-0.205531,0.07243,-0.1007,-0.259487,0.214179,0.03394,-0.070867,-0.517059,-0.30692,0.32038,0.0,-0.686468,-0.027696,0.0,-0.142267,0.214179,-0.254693,0.110532,-0.565906,0.214179,0.0,-0.509023,0.48608,-0.373227,0.0,-0.239988,0.0,-0.297622,0.319622,-0.230526,0.0,0.379498,-0.385496,-0.1007,-0.132719,-0.480361,0.214179,0.214179,0.320487,0.0,0.758832,0.00747,0.320576,0.214179,0.170683,0.0,-0.274837,0.420368,-0.357093,0.520277,0.320576,-0.34635,0.214179,0.0,-0.271764,0.340483,0.214179,-0.491321,0.520277,-0.080525,0.214179,-0.292689,0.590857,-0.205531,0.717763,0.08164,-0.353447,-0.280337,0.444451,-0.799541,0.157037,0.130724,-0.543495,0.48342,0.419948,-0.275382,-0.401723,-0.171461,0.178469,0.025445,-0.401723,-0.373227,0.182876,0.438157,#
12,0.4446,-0.098682,0.240954,-0.26532,0.107512,-0.265357,-0.076145,-0.128063,0.41938,0.094751,-0.271757,-0.052373,1.0,0.134931,0.400819,0.081074,0.338205,0.193021,-0.060957,-0.407888,-0.660266,0.111893,0.107512,0.54185,0.244852,0.077523,0.166629,-0.218308,0.371453,-0.098682,-0.144486,0.009951,0.0,0.413499,-0.276377,-0.098682,0.437929,0.025217,-0.088981,-0.167761,-0.571383,0.094679,-0.003842,0.178392,0.644752,-0.136302,0.799691,-0.020158,0.023803,0.799691,-0.287086,-0.054877,-0.090309,0.228111,0.376652,-0.227873,-0.424305,0.787527,0.052648,-0.287076,0.403837,-0.355532,-0.225457,-0.287086,-0.156483,0.319482,0.0,-0.433044,0.042823,-0.040758,0.505774,-0.080109,0.0,-0.353079,0.276311,0.36666,-0.610513,-0.261315,-0.104268,0.392721,0.256519,-0.118419,0.005612,-0.153344,-0.1398,-0.563365,0.060296,-0.36208,-0.114167,-0.608696,0.357358,-0.12859,0.411845,0.276311,0.374993,-0.407888,-0.118419,0.393965,0.059508,-0.57919,-0.287086,-0.118419,-0.360804,-0.104268,-0.14965,0.249996,-0.245279,-0.042268,0.093847,0.085429,0.122518,-0.407888,0.265648,0.374993,-0.352582,-0.407888,-0.61152,-0.136859,0.111865,-0.382416,-0.407888,0.271201,-0.353079,-0.36208,-0.199879,-0.132525,0.0,0.505774,-0.701706,0.0,0.224323,0.276311,0.370808,-0.19286,-0.25044,-0.407888,0.0,0.249996,0.33826,-0.57762,0.0,-0.404064,0.0,0.45418,-0.608696,0.062609,0.0,0.085484,-0.570088,0.111865,0.548863,-0.102102,0.276311,0.276311,-0.066449,0.0,0.153182,0.37454,-0.610513,-0.407888,-0.341329,0.0,-0.385635,-0.34341,0.234569,-0.090166,-0.610513,0.003152,-0.407888,0.0,0.34658,0.391657,-0.407888,-0.505899,-0.090166,0.523561,0.276311,0.373264,0.372358,-0.61152,-0.423666,0.264287,0.545033,-0.337316,-0.312566,0.25214,0.002891,0.672499,-0.011543,-0.085731,-0.352582,-0.338759,-0.411638,0.869617,0.381958,-0.515664,-0.411638,-0.189743,0.051789,0.121259,#
13,-0.028647,-0.095394,0.265334,-0.257434,0.083873,0.591553,0.350836,0.401745,-0.015278,0.551645,-0.296961,-0.075756,0.134931,1.0,-0.037313,0.05707,-0.562215,0.576613,0.032107,-0.408076,0.188107,0.08251,0.083873,-0.356262,0.253032,0.083267,0.177386,-0.242476,-0.099877,0.421326,0.257437,-0.451229,0.0,-0.126734,-0.302343,0.421325,0.01136,0.001734,-0.105121,-0.612714,-0.172939,0.533197,0.514689,0.577946,0.655728,-0.194343,0.328804,0.515307,0.509203,-0.124257,-0.628444,-0.046733,-0.086971,-0.36086,-0.330581,-0.449973,0.606517,0.312659,0.028376,-0.388804,-0.077047,0.277481,-0.250377,-0.628444,-0.069968,0.291057,0.0,0.09607,-0.030438,-0.080738,0.126955,-0.541609,0.0,0.065115,0.280884,-0.394999,-0.125519,-0.727011,-0.101021,0.39942,-0.172711,-0.115268,-0.035413,-0.172711,0.66755,0.216118,0.06592,-0.359398,-0.110989,-0.141639,-0.116924,-0.125519,0.381744,-0.408076,0.381578,0.280884,-0.115268,-0.101021,0.065115,0.239363,-0.628444,-0.115268,0.054365,-0.101021,-0.184585,0.254385,-0.287175,-0.520563,0.531696,-0.350897,-0.349766,0.280884,0.649896,0.381578,-0.376327,-0.408076,-0.611802,-0.196928,0.530323,-0.450446,-0.408076,0.66755,0.065115,-0.359398,-0.257751,0.42016,0.0,0.126955,-0.312109,0.0,0.144451,0.280884,-0.021701,0.290908,-0.266754,-0.408076,0.0,0.254385,0.389876,-0.184585,0.0,-0.422929,0.0,-0.245989,-0.141639,0.079521,0.0,0.49769,-0.196928,0.530323,-0.290347,-0.116924,-0.408076,0.280884,-0.127379,0.0,0.088177,0.370031,-0.125519,0.280884,0.331574,0.0,0.369252,0.551288,-0.176717,0.327557,-0.125519,-0.033262,-0.408076,0.0,-0.340246,0.337748,-0.408076,-0.128343,0.327557,0.082111,0.280884,0.372841,0.156839,-0.611802,-0.430728,0.227891,-0.451421,0.264471,-0.317555,-0.164939,0.731126,0.580371,-0.043323,-0.091848,-0.376327,-0.34393,-0.415637,0.086237,-0.40535,-0.123337,-0.415637,-0.184585,0.395176,-0.330583,#
14,0.605845,0.507325,0.400726,0.001729,0.007328,-0.427378,-0.206448,-0.024977,0.612718,-0.654104,0.390276,-0.180778,0.400819,-0.037313,1.0,-0.020963,0.209747,0.009469,0.554193,-0.333053,-0.795675,0.663064,0.007328,0.663413,-0.39167,-0.231556,-0.414988,0.417425,0.232692,-0.49958,-0.412144,0.466653,0.0,0.034615,-0.029201,-0.49958,0.614651,0.602092,0.507212,-0.000301,0.006322,-0.214491,-0.058651,0.010696,-0.032964,0.429452,0.650454,-0.266596,-0.199282,0.209026,-0.281662,0.562092,0.011887,0.464144,-0.282885,0.330879,-0.528813,0.6345,-0.4952,-0.336573,-0.084006,-0.282016,0.008848,-0.281662,0.582552,0.385429,0.0,-0.525458,0.10627,0.249763,0.346634,0.084532,0.0,0.18994,-0.333053,-0.145035,-0.025687,0.037957,-0.001659,0.012957,0.029532,-0.015491,-0.175824,0.400075,0.026656,0.001597,0.190991,-0.22347,-0.499293,-0.497019,0.657016,-0.498503,0.651963,0.338217,0.468598,0.338217,-0.015491,0.48716,-0.214851,-0.404086,-0.281662,-0.015491,-0.651396,-0.001659,0.397837,0.312399,-0.384003,0.55979,0.223609,0.21558,-0.186841,-0.333053,0.03353,0.468598,0.198618,-0.333053,-0.499325,0.029447,-0.187659,-0.175333,-0.333053,-0.376579,0.18994,-0.22347,0.375685,0.037333,0.0,0.346634,-0.020064,0.0,0.854264,-0.333053,0.195182,-0.804443,0.378937,-0.333053,0.0,0.312399,0.260558,-0.022046,0.0,0.178528,0.0,-0.268975,-0.497019,-0.069867,0.0,-0.669421,-0.395596,-0.187659,0.44739,0.206238,0.338217,-0.333053,0.035253,0.0,-0.10816,0.151145,-0.025687,-0.333053,0.320076,0.0,0.198916,-0.205171,0.394482,-0.194618,-0.025687,-0.533985,-0.333053,0.0,-0.358037,0.462512,-0.333053,0.220168,-0.194618,0.232367,-0.333053,0.334698,-0.323889,-0.499325,-0.486252,0.446408,-0.035167,-0.330942,-0.333386,0.411691,-0.093014,0.578747,0.283119,-0.194199,0.198618,0.309059,-0.144944,0.504703,0.164643,-0.198895,-0.144944,-0.402594,0.251417,-0.207533,#
15,-0.006288,-0.374308,-0.102564,0.092222,-0.216649,0.079608,0.219272,-0.409966,0.001476,-0.217815,0.613501,-0.299052,0.081074,0.05707,-0.020963,1.0,0.230503,-0.406744,0.469722,0.198352,0.141745,0.325637,-0.216649,-0.211425,-0.640092,0.326723,-0.519422,0.606327,0.219272,-0.374308,-0.072563,0.402435,0.0,-0.41154,0.106565,-0.374308,0.005577,0.475999,-0.385993,0.428783,-0.611031,-0.21765,-0.322841,0.103317,0.368607,-0.154239,0.195978,-0.399295,0.375873,0.195978,0.0607,0.478827,0.223739,0.329368,-0.162999,-0.092059,0.358314,0.143202,0.372427,-0.092486,0.153562,-0.696464,0.629631,0.0607,-0.214325,-0.198979,0.0,-0.247464,-0.099017,-0.297306,0.28873,0.420995,0.0,0.304332,0.166359,-0.133019,0.249001,0.125896,0.248041,0.22365,0.425321,0.225545,-0.469854,-0.102878,-0.084078,-0.069362,0.284836,0.325372,0.274103,-0.315967,0.198362,0.249001,0.473276,-0.665437,0.201551,0.166359,0.225545,-0.380969,0.304332,-0.049143,0.0607,0.225545,-0.172646,0.248041,0.405579,0.134367,-0.35644,-0.02128,0.303411,-0.208442,-0.231784,-0.665437,-0.090311,0.201551,-0.217457,0.198351,0.272708,-0.042915,-0.195631,-0.419782,0.166359,-0.084078,0.304332,0.325372,-0.122566,0.248849,0.0,0.28873,-0.421101,0.0,-0.377285,0.166359,-0.028182,-0.158144,0.089987,0.166359,0.0,0.134367,-0.26594,0.405579,0.0,0.004678,0.0,-0.115689,-0.315967,0.988654,0.0,-0.294766,-0.042915,-0.195631,0.079295,0.198362,-0.665437,0.166359,-0.995727,0.0,-0.144876,-0.259456,0.249001,-0.665437,-0.584053,0.0,0.017967,-0.194518,0.386333,0.248467,0.249001,0.425487,0.166359,0.0,-0.070522,-0.197669,0.166359,-0.2842,0.248467,-0.239597,0.166359,-0.075952,-0.216129,0.272708,-0.12528,0.429624,0.412788,0.735646,-0.032267,0.404981,0.129665,-0.228033,0.720784,-0.228869,-0.217457,-0.06411,0.655374,-0.086252,0.097627,0.26023,0.655374,0.405579,0.041275,0.346978,#
16,0.207779,-0.229354,-0.339598,-0.061427,-0.333011,-0.586243,-0.466614,-0.259808,0.18136,-0.532666,0.375357,-0.442106,0.338205,-0.562215,0.209747,0.230503,1.0,-0.494007,0.191363,0.256658,-0.528008,0.005716,-0.2743,0.451037,-0.347942,-0.050049,-0.097527,0.396933,0.049327,-0.229354,0.152402,0.163816,0.0,-0.196297,0.361081,-0.761783,0.201176,0.237519,-0.21926,0.577881,-0.356666,-0.476534,-0.304712,-0.560169,0.073487,0.53042,0.027209,-0.72479,-0.409429,0.494044,0.025901,0.198473,0.280876,0.138579,0.590455,0.614001,-0.302238,-0.02716,0.289085,-0.202546,0.306223,-0.449984,0.409708,0.025901,0.025173,-0.082401,0.0,-0.361812,-0.305795,0.110231,0.500438,0.575911,0.0,0.004939,0.20205,0.328503,-0.197608,0.003622,0.384791,0.280786,0.526618,0.344031,0.207295,0.154391,-0.296255,-0.325987,0.414693,0.412797,0.345074,-0.180024,0.526576,0.302422,-0.128049,0.20205,0.323553,-0.507856,0.344031,0.345025,0.37746,-0.311327,0.025901,0.344031,-0.029862,0.384791,0.090551,0.256658,0.422412,0.231974,-0.0107,0.468757,-0.034345,-0.507856,0.122965,0.323553,-0.040519,0.256658,0.342686,0.162763,0.009373,0.317041,0.20205,-0.351611,0.004939,0.467405,-0.127757,-0.759676,0.0,0.500438,-0.106757,0.0,-0.023325,-0.507856,0.621785,-0.444298,0.390353,0.20205,0.0,0.256658,-0.351694,0.106998,0.0,0.276074,0.0,0.547328,-0.180024,0.204209,0.0,-0.480568,0.126528,-0.444001,0.415217,0.11217,0.20205,0.20205,-0.1956,0.0,-0.394967,-0.373948,-0.197608,-0.507856,-0.51589,0.0,-0.152383,-0.52244,0.527628,-0.417876,-0.197608,0.322061,0.20205,0.0,0.585224,-0.234487,0.20205,0.132245,-0.417876,0.433956,0.20205,-0.131476,-0.268795,0.342686,-0.260333,-0.284067,0.793754,-0.053433,-0.171033,0.560464,-0.381475,-0.247607,0.174205,-0.373719,-0.040519,-0.116679,0.545291,0.532917,0.636658,-0.376119,0.545291,0.561689,-0.145482,0.414025,#
17,0.019071,0.427087,0.680399,0.182576,0.08957,0.160951,-0.105949,-0.131805,0.031327,0.516436,-0.680595,0.343441,0.193021,0.576613,0.009469,-0.406744,-0.494007,1.0,-0.371115,-0.407496,0.151542,0.088855,0.576364,0.111621,0.663975,-0.355691,0.627025,-0.679681,0.372529,0.387904,0.24413,-0.40135,0.0,0.427286,-0.790882,0.368313,-0.00443,-0.425404,0.427361,-0.601563,0.225956,0.500323,0.552063,0.150271,0.277738,-0.260103,0.384777,0.801317,0.019165,-0.061839,-0.322143,-0.372284,-0.610023,-0.31044,-0.293945,-0.406686,0.06635,0.404079,-0.473123,-0.314884,-0.388201,0.219346,-0.233387,-0.322143,-0.265913,0.317329,0.0,0.10178,-0.018337,0.383358,-0.401643,-0.528853,0.0,0.071671,0.297785,0.071635,-0.131553,-0.293944,-0.087276,-0.113154,-0.590816,-0.101874,-0.05515,0.265153,0.649228,-0.255804,-0.355691,-0.799899,-0.098256,-0.182858,-0.096382,-0.113154,-0.043831,0.297785,-0.101874,0.271664,-0.101874,0.426309,-0.373319,0.209209,-0.322143,-0.101874,0.028777,-0.087276,-0.61122,0.271664,0.135588,-0.065354,0.548701,0.114184,0.13463,0.219421,0.204111,-0.101874,0.079738,-0.407496,-0.610932,-0.218111,0.516732,-0.043885,-0.407495,0.190257,0.071671,-0.347126,-0.348828,0.406368,0.0,-0.401643,-0.227739,0.0,0.12046,0.271664,0.001618,0.250815,-0.257251,-0.407495,0.0,0.271664,0.77629,-0.61122,0.0,0.001273,0.0,-0.311597,-0.182858,-0.312492,0.0,0.459754,-0.656582,0.500049,-0.28006,-0.11228,0.297785,0.297785,0.390625,0.0,0.077104,0.347931,-0.131553,0.219421,0.616511,0.0,-0.075184,0.517921,-0.576114,-0.146187,-0.131553,-0.530374,-0.407495,0.0,-0.37054,0.258843,-0.407495,-0.1533,-0.146187,0.565801,0.297785,0.329697,0.278113,-0.610932,0.021714,0.230431,-0.431109,-0.419179,-0.376824,-0.569987,0.346591,0.55623,-0.433316,0.308211,0.079738,-0.402824,-0.687356,0.095039,-0.448637,-0.617518,-0.687356,-0.163263,0.37775,-0.318301,#
18,0.132191,0.019798,0.048466,0.072864,-0.564976,0.056616,0.194611,0.009703,0.146725,-0.648051,0.787396,-0.24418,-0.060957,0.032107,0.554193,0.469722,0.191363,-0.371115,1.0,-0.329972,-0.338598,0.595753,-0.564976,0.15413,-0.806485,-0.198736,-0.835093,0.815609,0.194611,-0.494957,-0.379118,0.558981,0.0,-0.493802,0.366485,-0.494957,0.164465,0.988998,0.010084,0.356571,0.048809,-0.180626,-0.503328,-0.052194,0.024164,0.432024,0.169252,-0.556756,-0.214899,0.186611,-0.400679,0.984277,0.552127,0.552165,-0.305672,0.268442,0.109127,0.117707,-0.014818,-0.406765,-0.12488,-0.329367,0.387707,-0.400679,0.212417,-0.337669,0.0,-0.43516,0.15835,-0.266764,0.389709,0.40042,0.0,0.716329,-0.329972,-0.472897,0.554319,0.004377,0.034488,0.04997,-0.03988,0.554352,-0.090073,0.032284,0.070862,0.511353,0.717177,0.284998,-0.494674,0.08774,0.680804,0.070888,0.619466,-0.329972,0.534554,0.356369,0.554352,0.034488,0.30245,-0.387336,-0.400679,0.554352,-0.133288,0.034488,0.79268,0.356369,-0.294779,0.053375,0.267941,-0.181359,-0.646849,-0.329972,0.094588,0.534554,0.268436,-0.329972,0.054842,0.420384,-0.152254,-0.089822,0.382767,-0.341426,0.716329,0.284998,0.378731,0.053966,0.0,0.389709,0.048722,0.0,0.410397,-0.329972,0.303842,-0.797,0.500588,0.382767,0.0,0.356369,-0.191392,0.474673,0.0,0.271138,0.0,-0.279973,0.08774,0.454275,0.0,-0.665741,0.098468,-0.152254,0.459132,0.339398,-0.329972,-0.329972,-0.493753,0.0,-0.042348,-0.469287,0.554319,-0.329972,0.046996,0.0,0.718554,-0.189054,0.796028,0.245835,0.554319,0.036044,0.382767,0.0,-0.290131,0.464689,0.382767,0.353976,0.245835,-0.172022,-0.329972,-0.340796,-0.570535,0.054842,-0.483157,0.384145,0.013545,0.392615,-0.285519,0.370163,0.401576,0.034822,0.690531,-0.69911,0.268436,0.397624,0.446867,0.047792,0.22824,0.217801,0.446867,0.085581,0.191449,0.146417,#
19,-0.332806,-0.166667,-0.271998,0.259212,0.194322,-0.408142,-0.508817,-0.166627,-0.333136,-0.218218,0.297968,-0.509023,-0.407888,-0.408076,-0.333053,0.198352,0.256658,-0.407496,-0.329972,1.0,0.271984,-0.218052,0.194322,-0.218164,-0.271567,0.509175,0.180399,0.25804,-0.508817,-0.166667,0.394276,0.084029,0.0,-0.166278,0.29001,-0.166667,-0.332387,-0.332401,-0.16663,0.427333,-0.272071,-0.218052,0.25306,-0.407997,-0.272101,-0.056894,-0.508658,-0.329105,0.145172,-0.508658,0.527029,-0.331011,-0.166334,-0.188443,0.151862,0.26644,0.154688,-0.533552,0.233489,0.242424,0.282048,-0.110567,0.271984,0.527029,0.266711,0.178725,0.0,0.198535,-0.638154,0.197485,-0.061901,0.339696,0.0,-0.217758,-0.111111,0.344033,-0.166307,0.290679,0.642529,-0.166307,0.407661,-0.166667,-0.331739,0.407661,-0.271151,-0.270812,-0.218218,0.481481,0.691522,-0.165812,-0.507183,-0.166307,-0.330656,-0.111111,-0.166667,-0.111111,-0.166667,-0.166582,-0.217758,0.450042,0.527029,-0.166667,-0.217315,0.642529,-0.271643,-0.111111,0.277512,0.390532,-0.217721,0.494925,0.462853,-0.111111,-0.270812,-0.166667,-0.217859,1.0,0.642529,-0.270996,-0.217315,0.338688,-0.111111,-0.271151,-0.217758,0.481481,0.100314,-0.166206,0.0,-0.061901,0.269837,0.0,-0.406213,-0.111111,-0.332631,0.356606,0.258484,-0.111111,0.0,-0.111111,-0.501652,0.397622,0.0,0.324967,0.0,0.095667,-0.165812,0.152449,0.0,-0.196875,0.406494,-0.217315,-0.404762,0.211326,-0.111111,-0.111111,-0.166261,0.0,-0.641689,0.0,-0.166307,-0.111111,-0.262035,0.0,-0.331503,-0.218077,-0.272031,-0.507613,-0.166307,0.250195,-0.111111,0.0,0.186812,-0.949901,-0.111111,0.216794,-0.507613,-0.217859,-0.111111,0.201195,-0.297186,0.642529,0.228126,-0.264172,0.21769,0.217442,0.191695,0.388544,-0.695639,-0.660809,0.177227,0.28072,-0.217859,0.191695,0.523799,-0.392626,-0.30429,0.239153,0.523799,0.397622,-0.332052,-0.218071,#
20,-0.411149,-0.081595,-0.149808,0.183444,0.109171,0.596222,0.35586,-0.112766,-0.391426,0.516361,-0.216896,0.343846,-0.660266,0.188107,-0.795675,0.141745,-0.528008,0.151542,-0.338598,0.271984,1.0,-0.356552,0.109171,-0.801052,0.219831,0.089028,0.1515,-0.274147,-0.071172,0.387578,0.225632,-0.290539,0.0,-0.132906,-0.235958,0.387578,-0.420272,-0.426542,-0.091582,-0.158493,0.241252,0.054088,0.154864,0.166453,-0.158433,-0.396383,-0.508368,0.493084,0.404564,-0.526253,0.322524,-0.339664,-0.130599,-0.397215,-0.346954,-0.320065,0.60662,-0.485108,0.073596,0.426521,-0.395419,0.164474,0.165779,0.322524,-0.448848,-0.307287,0.0,0.630996,0.092859,-0.102208,-0.606087,-0.245194,0.0,0.088157,0.271984,-0.252644,0.426254,0.156338,-0.116505,-0.131708,-0.190774,-0.101994,-0.048336,-0.175121,0.205249,0.218661,-0.356111,0.080588,0.407742,0.387436,-0.552473,0.407097,-0.467111,-0.407976,-0.611965,0.299183,-0.101994,-0.611653,0.071756,0.66618,0.322524,-0.101994,0.515671,-0.116505,-0.162863,-0.407976,0.118141,-0.322768,0.070349,-0.364479,0.061093,0.244786,-0.242407,-0.611965,0.105612,0.271984,0.407768,-0.204861,0.027141,-0.047237,0.271984,0.188911,0.088157,0.080588,-0.352319,0.428546,0.0,-0.606087,0.199478,0.0,-0.72755,0.271984,-0.425835,0.638041,-0.257886,0.271984,0.0,-0.407976,-0.088847,0.246704,0.0,0.000947,0.0,-0.366169,0.387436,0.20326,0.0,0.459431,0.209739,0.027141,-0.709102,-0.112771,-0.407976,0.271984,-0.152619,0.0,0.168296,-0.192824,0.426254,0.244786,0.013835,0.0,-0.046779,0.534957,-0.576794,0.347679,0.426254,0.118579,0.271984,0.0,-0.270986,-0.422768,0.271984,-0.139434,0.347679,-0.381667,0.271984,-0.262665,0.1232,0.407768,0.634694,-0.171698,-0.37428,0.401863,0.434952,-0.594437,0.210613,-0.509594,-0.20173,0.368898,0.105612,-0.241841,0.1865,-0.794978,-0.37243,0.329294,0.1865,0.231285,-0.053527,0.098638,#
21,0.197977,0.196247,0.373651,0.088308,-0.223809,-0.371028,-0.048281,-0.326999,0.217252,-0.428245,0.532775,-0.053495,0.111893,0.08251,0.663064,0.325637,0.005716,0.088855,0.595753,-0.218052,-0.356552,1.0,0.318,0.54907,-0.532942,-0.428245,-0.393242,0.507787,0.427212,-0.327078,-0.06204,0.366454,0.0,-0.326314,0.003975,-0.327078,0.17018,0.623108,0.186331,0.364252,-0.115503,0.086345,-0.29288,0.08828,-0.066706,0.234186,0.434954,-0.218255,-0.137334,-0.023899,-0.013791,0.684243,-0.326425,0.315939,-0.388535,0.233682,-0.233357,0.446255,-0.16864,-0.444033,-0.090573,-0.214759,0.535183,-0.013791,0.360043,0.266118,0.0,-0.784262,-0.047311,0.424468,-0.105279,0.458483,0.0,0.506237,-0.218052,-0.10288,0.165106,0.071239,0.255925,-0.326373,-0.088891,0.239857,-0.651026,0.357656,0.397866,-0.125329,0.066616,-0.428028,-0.32689,-0.325401,0.416933,-0.326373,0.682259,-0.218052,0.239857,0.479714,0.239857,0.255925,-0.427343,-0.10665,-0.013791,0.239857,-0.426473,0.255925,0.300282,0.537861,-0.304664,0.540056,0.543487,0.085604,-0.427451,-0.218052,-0.036488,0.239857,0.001677,-0.218052,-0.326911,0.399387,0.116627,-0.166939,-0.218052,-0.532125,0.506237,0.075914,0.199146,0.230496,0.0,-0.105279,-0.353737,0.0,0.546712,-0.218052,-0.184578,-0.526673,0.073784,-0.218052,0.0,0.537861,0.501889,-0.137522,0.0,0.209542,0.0,-0.465374,-0.325401,0.341612,0.0,-0.468783,-0.53182,0.116627,0.132908,-0.053084,-0.218052,-0.218052,-0.326282,0.0,-0.311825,0.157712,0.165106,-0.218052,0.351562,0.0,0.218895,0.038244,0.361415,-0.057471,0.165106,-0.219382,-0.218052,0.0,-0.464376,0.256462,-0.218052,-0.045048,-0.057471,0.095568,-0.218052,0.248603,-0.142982,-0.326911,-0.229305,0.822335,-0.195295,0.213362,-0.520886,0.374135,0.031934,0.363368,0.530979,-0.048325,0.001677,0.231505,0.09345,0.169323,-0.197916,-0.070399,0.09345,-0.050991,0.701441,0.037214,#
