0,1.0,0.634029,-0.413761,-0.215505,0.197053,0.019201,0.077486,-0.326795,-0.326944,0.999077,0.077385,-0.23261,0.326776,0.153196,0.197053,-0.019176,0.698073,0.491797,0.250491,-0.206111,-0.249704,0.209969,0.158188,-0.407871,-0.407779,-0.213915,-0.246903,-0.249709,-0.124626,1.0,-0.089025,0.273782,0.19011,0.068064,-0.24034,0.077385,-0.339336,-0.040669,-0.249718,0.362796,-0.002301,-0.04544,-0.133506,0.136663,-0.249769,-0.595192,0.204928,0.076944,-0.491147,-0.693161,-0.0,-0.33516,-0.010603,-0.762617,0.322127,-0.07968,0.206967,-0.397085,-0.019212,0.165341,-0.275064,0.322415,-0.522375,-0.07446,-0.410252,0.401009,0.698073,-0.430776,0.239892,0.145203,-0.507604,-0.206111,-0.326944,-0.997044,-0.092455,-0.051376,-0.210688,-0.363927,-0.087447,-0.368413,-0.206174,-0.092455,-0.092455,-0.326858,0.061334,-0.326858,-0.762051,-0.363927,-0.092455,-0.327025,-0.092455,-0.653412,-0.206174,-0.363927,-0.087447,-0.499143,-0.097386,-0.665586,-0.499268,-0.611242,0.172882,-0.762034,-0.653412,0.106378,-0.210688,0.113844,-0.653412,-0.249769,-0.363927,-0.499268,0.007282,0.0,-0.206174,-0.210688,-0.731644,0.106378,-0.499143,-0.363927,0.358451,-0.997044,-0.762034,-0.3941,-0.653412,-0.326852,-0.507604,0.177982,0.227974,-0.040669,-0.405774,-0.363927,-0.087447,-0.210688,-0.092455,0.268062,-0.762034,0.007282,0.0,-0.407657,0.013008,-0.363927,0.019213,-0.407594,-0.611184,-0.21496,0.007282,-0.582675,0.113844,0.671449,-0.363927,-0.499152,-0.722999,-0.363927,-0.092455,-0.326852,-0.368413,-0.499143,0.348339,0.593461,-0.653412,-0.249642,-0.459925,0.379949,0.121251,-0.862452,-0.653412,0.559533,-0.611184,-0.667405,0.001858,-0.249769,0.295188,-0.083001,-0.499268,-0.363927,0.544263,-0.997044,-0.097386,0.60412,0.032661,0.143876,0.047819,0.736801,-0.267961,-0.279495,0.152907,-0.313485,0.559533,0.013174,-0.004991,0.99612,-0.102247,0.60412,0.157821,0.559533,-0.135215,0.39867,-0.464572,-0.665586,-0.665586,0.0,#
1,0.634029,1.0,-0.276095,-0.506671,0.509175,-0.33312,0.401413,-0.218064,-0.218164,0.666667,0.40089,0.226325,0.218052,0.102225,0.509175,0.332695,-0.111111,0.328168,0.581728,-0.508878,-0.166623,0.140108,0.105556,-0.272166,-0.272104,-0.401594,0.18551,-0.166627,0.267235,0.634029,-0.408085,0.149043,0.499481,0.388339,0.100476,0.40089,-0.499366,-0.027137,-0.166632,0.683496,-0.268051,-0.030322,-0.089086,-0.269622,-0.166667,-0.397161,0.297832,0.051344,-0.327734,0.110329,0.0,-0.654966,-0.26756,-0.508881,0.186105,0.268226,0.427912,0.166004,0.333333,0.110329,-0.52298,0.648636,-0.640128,-0.404209,-0.273754,0.267586,-0.111111,-0.061045,0.069656,0.096891,-0.650488,-0.508878,-0.218164,-0.66531,-0.407871,0.288012,-0.508492,-0.665376,-0.408008,-0.66531,-0.508596,-0.407871,-0.407871,-0.218107,-0.025641,-0.218107,-0.508503,-0.665376,-0.407871,-0.218218,-0.407871,-0.995968,-0.508596,-0.665376,-0.408008,-0.333069,-0.407832,-0.841207,-0.333153,-0.407871,0.115361,-0.508492,-0.995968,-0.271981,-0.508492,-0.272023,-0.995968,-0.166667,-0.665376,-0.333153,-0.333069,0.0,-0.508596,-0.508492,-0.488214,-0.271981,-0.333069,-0.665376,0.197361,-0.66531,-0.508492,-0.262976,-0.995968,-0.218103,-0.650488,0.068186,-0.218103,-0.027137,0.169637,-0.665376,-0.408008,-0.508492,-0.407871,0.178873,-0.508492,-0.333069,0.0,-0.272023,0.328243,-0.665376,-0.333333,-0.271981,-0.407832,-0.143439,-0.333069,-0.959345,-0.272023,0.57992,-0.665376,-0.333075,-0.482445,-0.665376,-0.407871,-0.218103,-0.66531,-0.333069,0.232441,0.396007,-0.995968,-0.166582,0.073206,-0.166582,0.402163,-0.178434,-0.995968,0.373366,-0.407832,0.019171,0.294199,-0.166667,0.610314,-0.055385,-0.333153,-0.665376,0.363177,-0.66531,-0.407832,0.994223,0.353627,0.0,0.381181,0.491654,-0.178806,0.1603,0.461364,-0.631413,0.373366,-0.333153,-0.405632,0.664694,-0.407885,0.994223,0.47619,0.373366,-0.349389,-0.166667,0.100026,-0.841207,-0.841207,0.0,#
2,-0.413761,-0.276095,1.0,0.10789,0.388337,0.024587,0.185519,0.333727,0.376,-0.414143,0.200502,0.093068,-0.316513,-0.338805,-0.076952,0.384047,-0.276095,-0.38873,-0.085311,0.10794,-0.39312,0.143482,0.288261,0.143963,-0.228568,-0.571351,0.568153,0.089143,0.297454,-0.413761,-0.188598,0.364771,-0.524451,-0.270571,-0.568825,0.548683,0.611339,0.024369,0.569842,0.067849,-0.173568,0.057275,-0.248766,0.214252,-0.393641,-0.112476,-0.175859,0.67298,0.119998,0.300211,0.220053,0.475947,0.280037,0.064214,-0.802494,0.382237,-0.566212,-0.078415,0.041004,-0.378385,0.710881,-0.385365,0.50921,0.237326,0.251646,-0.133063,-0.276095,0.298872,0.497837,0.264599,0.478058,0.10591,-0.100003,0.412716,-0.136433,0.45667,0.130024,-0.102342,-0.15135,-0.123932,0.098137,-0.185642,0.231184,0.326718,0.333712,0.378353,0.066824,-0.102342,-0.119065,-0.112743,-0.168274,0.282959,0.098137,0.406423,0.25212,0.435431,0.268044,0.280333,0.410202,-0.15959,0.312854,0.105414,0.282959,-0.245671,0.548399,-0.65848,0.282959,0.077908,-0.102342,0.01563,0.412826,0.0,0.098137,0.077727,0.613621,-0.245671,-0.019497,-0.081143,-0.606552,0.412716,0.086956,-0.208915,0.282959,-0.52338,-0.076736,-0.067822,-0.541954,0.044399,0.16068,-0.081143,0.25212,-0.383715,-0.185642,-0.142973,0.086956,0.028539,0.0,0.58399,-0.208957,0.427621,0.008201,0.127137,-0.144772,-0.294401,-0.38683,0.243613,-0.65848,-0.269,-0.081143,-0.408608,-0.027487,-0.102342,-0.15959,-0.102365,-0.123932,-0.019497,-0.163598,0.20812,0.282959,-0.392855,0.480879,0.09192,-0.039033,0.346805,0.282959,-0.172343,0.26231,0.055497,-0.224776,-0.414143,-0.375382,-0.397655,0.01563,-0.081143,-0.213379,0.412716,0.245109,-0.264957,0.243499,0.13647,0.278583,-0.532821,0.125129,0.090488,-0.498297,-0.039071,-0.172343,-0.373223,-0.210693,-0.413622,0.273028,-0.264957,-0.08318,-0.236862,0.119114,-0.414143,0.458376,0.280333,0.280333,0.0,#
3,-0.215505,-0.506671,0.10789,1.0,-0.480384,-0.226285,-0.764209,-0.519611,-0.487036,-0.235864,0.099844,-0.467727,-0.395444,-0.349035,-0.480384,-0.261569,0.192186,-0.219608,-0.078021,0.060554,0.355041,-0.380035,-0.21024,0.524251,0.083535,0.298319,-0.34739,0.354995,-0.037776,-0.215505,0.76068,-0.303648,-0.487036,0.055248,-0.002633,-0.376107,0.50557,0.857702,0.288219,-0.246497,0.073537,-0.223029,-0.126075,0.072991,-0.170346,0.290373,-0.320018,-0.397496,0.681632,-0.218591,-0.234402,0.723432,0.120956,0.009034,0.044987,-0.244947,-0.593874,0.214044,-0.576555,0.475349,0.159329,-0.263567,0.18895,0.016319,-0.035219,-0.479836,0.192186,0.36613,-0.052027,-0.306697,0.123266,0.002163,0.436031,0.205494,0.813402,-0.60553,0.52234,0.740659,0.814722,0.141978,-0.015863,0.760984,0.261473,0.435491,0.553373,-0.499553,0.00195,0.740659,0.369392,0.377445,0.316974,0.460848,0.995368,0.13097,0.758664,0.193839,-0.12215,0.162335,0.628022,0.369392,0.498143,0.050465,0.460848,-0.409341,0.52234,0.526301,0.460848,0.288278,0.740659,0.682844,-0.23959,0.0,0.995368,0.466633,-0.060079,0.525423,0.630279,0.198714,-0.132368,0.205494,0.52234,0.514888,0.460848,0.436603,0.123266,-0.351523,-0.097609,-0.299769,-0.515699,0.198714,0.758664,0.466633,0.760984,0.331632,0.52234,0.681448,0.0,0.523202,-0.350006,0.740659,0.628971,0.030548,0.372557,-0.196158,0.196849,0.383438,0.526301,-0.423992,0.198714,0.201163,0.471802,0.740659,0.369392,0.436603,0.141978,-0.290759,-0.509545,-0.347357,0.460848,0.355487,-0.303124,0.288131,-0.455864,-0.12225,0.460848,-0.324298,-0.067182,-0.093447,0.1692,0.288278,-0.175245,0.128456,0.682844,0.198714,-0.346041,0.205494,0.372557,-0.55612,-0.732248,-0.312547,-0.363154,-0.563361,-0.186659,-0.406795,-0.467922,0.046634,-0.324298,0.682844,0.755359,-0.271207,-0.059902,-0.55612,-0.542862,0.091558,-0.023545,0.288278,-0.322019,0.162335,0.162335,0.0,#
4,0.197053,0.509175,0.388337,-0.480384,1.0,0.218078,0.78836,0.029283,0.511152,0.218218,0.34699,0.444493,0.428245,-0.468451,0.52381,0.2178,-0.218218,0.211505,0.097074,-0.045019,-0.327242,0.074525,0.207308,-0.534522,-0.093308,-0.788715,0.437938,-0.327248,0.524839,0.197053,-0.801463,0.250292,0.041343,-0.102037,-0.460437,0.34699,0.013382,-0.275368,-0.327259,0.229292,-0.04107,0.293341,-0.466569,-0.074607,-0.327327,-0.78001,0.584931,0.417188,-0.156858,0.216682,0.0,-0.177785,0.423301,-0.515831,-0.543707,0.189102,-0.133978,-0.21735,0.654654,-0.505592,0.042797,0.222827,-0.080872,0.010728,-0.081461,0.525529,-0.218218,-0.234072,0.250804,0.217869,-0.141948,-0.045019,-0.428466,-0.217774,-0.364577,0.646916,-0.043657,-0.774036,-0.360461,-0.746653,-0.035772,-0.801043,-0.338903,-0.428354,0.159467,0.514563,-0.511519,-0.774036,0.097563,-0.428571,-0.338903,-0.502508,-0.531076,-0.209961,-0.360461,0.223058,0.088996,-0.40051,-0.223172,-0.364577,0.226564,-0.043657,-0.502508,-0.076308,-0.043657,-0.534242,-0.502508,-0.327327,-0.774036,-0.223172,0.223058,0.0,-0.531076,-0.507515,0.013896,-0.534159,-0.654135,-0.209961,-0.40343,-0.217774,-0.534801,-0.516475,-0.502508,-0.428345,-0.709741,0.293339,-0.428345,0.302017,0.425705,-0.209961,-0.360461,-0.998659,-0.801043,-0.411212,-0.534801,-0.22807,0.0,-0.095493,-0.094012,-0.209961,-0.218218,-0.534159,-0.368699,-0.566262,-0.203007,-0.41777,-0.534242,0.418443,-0.209961,-0.654147,-0.476522,-0.774036,-0.364577,-0.428345,-0.746653,-0.203007,0.486342,0.808976,-0.502508,-0.32716,0.303521,-0.32716,0.471585,0.06675,-0.502508,0.384098,0.088996,0.079484,-0.160939,-0.327327,0.191086,-0.078559,-0.223172,-0.209961,0.345311,-0.217774,-0.368699,0.511754,0.806078,0.302614,0.866057,0.041428,0.201596,-0.06413,0.030203,-0.676402,0.384098,-0.223172,-0.796646,0.217572,0.080611,0.511754,0.031174,-0.110574,0.098027,-0.327327,0.334306,-0.40051,-0.40051,0.0,#
5,0.019201,-0.33312,0.024587,-0.226285,0.218078,1.0,0.428726,0.218595,0.671974,0.0,-0.039687,0.23934,0.253476,-0.299472,-0.218078,-0.598468,0.33312,0.603137,-0.649751,0.652157,-0.029769,0.238382,0.318575,-0.815975,0.412401,-0.05746,-0.167864,-0.49956,-0.412735,0.019201,-0.434255,0.000777,-0.188649,-0.420405,-0.368175,-0.411389,-0.271412,-0.528843,-0.499577,-0.49955,0.39327,0.515137,-0.395293,0.025,0.019987,-0.438394,0.495574,0.26259,-0.219634,-0.328659,0.017878,-0.082377,0.36766,-0.212609,-0.224182,-0.554254,-0.265508,-0.496101,0.215861,-0.328659,0.007838,-0.499837,-0.014815,0.377311,0.096101,0.430133,0.33312,-0.620172,-0.091888,0.342018,0.45005,0.652157,-0.654073,0.00114,-0.039507,0.22391,0.18294,-0.013203,-0.028028,0.00114,0.668902,-0.439279,-0.015991,-0.653903,-0.333632,0.671669,-0.209717,-0.013203,0.383781,-0.235525,-0.015991,0.324845,-0.256572,0.503449,-0.028028,0.179513,0.42434,0.238443,-0.224851,0.000941,-0.371402,0.225926,0.324845,0.436133,-0.224926,-0.027894,0.324845,-0.49968,-0.013203,-0.224851,0.624852,0.0,-0.256572,-0.241921,0.319215,-0.419359,-0.623934,0.503449,0.037193,0.00114,-0.223927,-0.544267,0.324845,-0.243448,-0.070008,0.556046,0.244454,0.528843,0.17292,0.503449,-0.028028,-0.223927,-0.439279,-0.453466,-0.223927,-0.218078,0.0,-0.413683,-0.351816,-0.033869,0.183882,-0.379287,-0.010713,-0.325789,0.179513,0.46982,-0.027894,0.307119,0.503449,-0.203349,-0.125863,-0.013203,0.016932,-0.65389,0.00114,0.218997,0.385332,0.414826,0.324845,-0.499426,-0.403251,-0.014269,0.297322,-0.226212,0.324845,0.443489,0.028414,-0.29044,-0.41516,-0.019987,-0.491969,0.047601,-0.224851,0.503449,0.001037,0.00114,0.005124,-0.339488,0.437877,0.294912,0.403883,0.237595,0.001191,-0.213596,-0.203608,0.115876,0.443489,0.170032,-0.384239,0.001374,0.408855,-0.339488,-0.210151,-0.425366,0.168797,-0.0,0.015784,0.238443,0.238443,0.0,#
6,0.077486,0.401413,0.185519,-0.764209,0.78836,0.428726,1.0,0.347876,0.806261,0.096986,0.149977,0.572774,0.552313,-0.277247,0.347443,-0.008067,-0.272099,0.418755,-0.04674,0.105711,-0.408042,0.184931,0.286221,-0.666503,0.18316,-0.529504,0.540165,-0.40805,0.229007,0.077486,-0.999355,0.346136,0.371253,-0.266013,-0.239828,0.149977,-0.302413,-0.657001,-0.408064,0.107267,0.242409,0.401169,-0.347766,-0.239052,0.117191,-0.515719,0.53378,0.551929,-0.351845,0.298005,0.234939,-0.577511,0.223274,-0.332743,-0.3686,0.01901,0.145705,-0.07567,0.816296,-0.370768,-0.084008,0.109156,0.017154,0.202767,0.285415,0.672328,-0.272099,-0.530098,0.166359,0.289368,-0.015772,0.105711,-0.534259,-0.081809,-0.594697,0.796213,-0.360981,-0.592975,-0.590971,-0.571513,0.123215,-0.998832,-0.570924,-0.53412,-0.474671,0.805919,-0.325075,-0.592975,-0.166789,-0.534392,-0.570924,-0.373305,-0.81236,-0.070683,-0.590971,-0.003435,0.266047,-0.178005,-0.416663,-0.149673,-0.416766,0.111973,-0.373305,0.198779,-0.360981,-0.666154,-0.373305,-0.408148,-0.592975,-0.416663,0.430985,0.0,-0.81236,-0.790479,0.186826,-0.66605,-0.81565,-0.070683,-0.172954,-0.081809,-0.34279,-0.644,-0.373305,-0.534109,-0.541506,0.406707,-0.05817,0.412229,0.590228,-0.070683,-0.590971,-0.772288,-0.998832,-0.635125,-0.34279,-0.421145,0.0,-0.259904,0.184543,-0.613867,-0.412189,-0.225157,-0.157745,-0.422931,-0.397939,-0.272263,-0.666154,0.619608,-0.070683,-0.386174,-0.265145,-0.592975,-0.149673,-0.534109,-0.571513,0.03648,0.625581,0.577609,-0.373305,-0.40794,0.419485,-0.40794,0.801619,0.190361,-0.373305,0.619039,0.266047,0.125966,-0.319239,-0.408148,0.093291,-0.107655,-0.416663,-0.070683,0.1671,-0.081809,-0.157745,0.430786,0.996156,0.455041,0.646416,0.378989,0.105254,0.069744,0.347898,-0.481554,0.619039,-0.416663,-0.993349,0.11476,0.254148,0.430786,0.359078,-0.259298,0.216627,-0.408148,0.405788,-0.178005,-0.178005,0.0,#
7,-0.326795,-0.218064,0.333727,-0.519611,0.029283,0.218595,0.347876,1.0,0.511514,-0.327097,-0.039806,-0.035795,-0.046818,0.494579,0.029283,0.25381,-0.218064,-0.2047,-0.425335,-0.045679,-0.327011,0.363107,0.295693,-0.071904,-0.076289,0.153311,0.400147,0.227877,0.119673,-0.326795,-0.327144,0.334086,0.060093,-0.534021,0.141714,0.383302,-0.006466,-0.675474,0.249274,-0.327011,-0.059696,0.424528,0.110955,0.417813,0.218064,0.187024,-0.145349,0.534682,-0.643204,0.305363,0.75017,-0.156759,-0.069285,0.451035,-0.525153,0.323948,0.226571,-0.129483,0.201291,-0.388644,0.470426,-0.260482,0.357167,0.515804,0.081403,0.083786,-0.218064,0.009654,0.188409,0.272834,0.38106,0.458868,-0.428164,0.373064,-0.320902,0.678946,-0.01636,-0.156818,-0.800748,0.373064,-0.027286,-0.320902,0.123151,0.075173,-0.427742,0.522485,0.462478,-0.156818,-0.356427,-0.42827,-0.356427,0.286352,-0.484168,0.38518,-0.316352,0.247946,0.571717,0.600339,-0.180128,-0.338664,-0.438966,-0.035237,0.286352,0.363677,-0.01636,-0.533866,0.286352,-0.327097,-0.156818,-0.65384,0.230607,0.0,-0.484168,-0.01636,0.541568,-0.058658,-0.185526,-0.200178,-0.324098,0.373064,0.002517,-0.516112,0.286352,-0.428044,0.38106,-0.174997,0.065853,0.434099,0.130183,-0.200178,-0.316352,0.002517,-0.320902,-0.283229,0.002517,-0.185526,0.0,-0.05178,0.458376,-0.178498,-0.654193,0.398871,0.131935,0.342974,-0.220204,0.356652,-0.533866,-0.107999,-0.200178,0.254846,0.069,-0.156818,-0.338664,-0.428044,0.373064,0.230607,0.081191,-0.083554,0.286352,-0.32693,0.431015,0.255077,0.095407,0.400219,0.286352,-0.05234,0.096752,0.293273,-0.037114,-0.327097,-0.260389,0.110787,-0.65384,-0.200178,-0.040033,0.373064,0.131935,-0.134055,0.370273,0.544321,-0.032722,0.105089,0.246444,0.460249,0.090546,0.450617,-0.05234,-0.65384,-0.331645,-0.269899,0.558845,-0.134055,0.093456,-0.488508,-0.085399,-0.327097,0.368511,0.600339,0.600339,0.0,#
8,-0.326944,-0.218164,0.376,-0.487036,0.511152,0.671974,0.806261,0.511514,1.0,-0.327246,-0.099122,0.464127,0.447668,-0.361439,0.041343,-0.223476,-0.218164,0.234237,-0.425529,0.441312,-0.327161,0.106556,0.2368,-0.53439,0.370909,-0.304818,0.455742,-0.327167,0.071412,-0.326944,-0.801265,0.272552,0.072975,-0.534265,-0.320438,-0.099122,0.000302,-0.682524,-0.327178,-0.327161,0.431422,0.44704,-0.313014,-0.080573,0.232517,-0.292993,0.376392,0.554933,-0.163223,0.246273,0.250333,-0.192324,0.410716,-0.02587,-0.512954,-0.152986,-0.121128,-0.187847,0.654491,-0.466322,0.248269,-0.302633,0.431724,0.477124,0.480929,0.543554,-0.218164,-0.525405,0.13227,0.245749,0.403332,0.441312,-0.42836,0.342541,-0.370229,0.662365,-0.056209,-0.202077,-0.366171,-0.179251,0.459781,-0.800845,-0.344898,-0.428248,-0.489213,0.999599,-0.017944,-0.202077,0.085718,-0.428465,-0.344898,0.24551,-0.537099,0.354438,-0.366171,0.211463,0.546891,0.35365,-0.228788,0.103956,-0.518585,0.447735,0.24551,0.387471,-0.056209,-0.53411,0.24551,-0.327246,-0.202077,-0.228788,0.674348,0.0,-0.537099,-0.513851,0.514395,-0.534027,-0.653974,0.354438,-0.311759,0.342541,-0.036827,-0.516348,0.24551,-0.428239,-0.156851,0.389316,0.078886,0.456769,0.519338,0.354438,-0.366171,-0.494468,-0.800845,-0.792273,-0.036827,-0.233619,0.0,-0.101241,-0.01537,-0.224337,-0.223905,-0.064244,0.09533,-0.358,-0.208892,0.329518,-0.53411,0.285649,0.354438,-0.196352,0.029083,-0.202077,0.103956,-0.428239,-0.179251,0.253993,0.516444,0.359684,0.24551,-0.327079,0.399691,-0.327079,0.594397,0.318082,0.24551,0.418453,0.546891,0.121838,-0.530175,-0.327246,-0.294785,-0.078937,-0.228788,0.354438,-0.05652,0.342541,0.09533,-0.183135,0.83303,0.484858,0.442576,0.086273,0.227638,-0.02922,0.072708,-0.105291,0.418453,-0.228788,-0.796449,-0.307032,0.534247,-0.183135,0.075045,-0.517439,0.456485,-0.327246,0.367772,0.35365,0.35365,0.0,#
9,0.999077,0.666667,-0.414143,-0.235864,0.218218,0.0,0.096986,-0.327097,-0.327246,1.0,0.096859,-0.211628,0.327078,0.153337,0.218218,0.0,0.666667,0.492252,0.273754,-0.226932,-0.249935,0.210163,0.158334,-0.408248,-0.408156,-0.228493,-0.227672,-0.24994,-0.105274,0.999077,-0.108478,0.272166,0.210987,0.087178,-0.22607,0.096859,-0.354813,-0.040706,-0.249948,0.387654,-0.01711,-0.045482,-0.13363,0.116744,-0.25,-0.595742,0.214067,0.077015,-0.491601,-0.661976,0.0,-0.359432,-0.025084,-0.763322,0.320822,-0.061898,0.223258,-0.373509,0.0,0.165494,-0.294176,0.346796,-0.539056,-0.094224,-0.410631,0.401379,0.666667,-0.418596,0.23509,0.145337,-0.525394,-0.226932,-0.327246,-0.997965,-0.111772,-0.033519,-0.231322,-0.387737,-0.106954,-0.392058,-0.226977,-0.111772,-0.111772,-0.327161,0.057692,-0.327161,-0.762755,-0.387737,-0.111772,-0.327327,-0.111772,-0.685125,-0.226977,-0.387737,-0.106954,-0.499604,-0.116524,-0.68826,-0.49973,-0.611807,0.173041,-0.762738,-0.685125,0.087422,-0.231322,0.094617,-0.685125,-0.25,-0.387737,-0.49973,-0.011485,0.0,-0.226977,-0.231322,-0.732321,0.087422,-0.499604,-0.387737,0.356458,-0.997965,-0.762738,-0.394465,-0.685125,-0.327154,-0.525394,0.175337,0.207617,-0.040706,-0.381682,-0.387737,-0.106954,-0.231322,-0.111772,0.26831,-0.762738,-0.011485,0.0,-0.408034,0.030773,-0.387737,0.0,-0.407971,-0.611749,-0.215158,-0.011485,-0.61491,0.094617,0.679396,-0.387737,-0.499613,-0.723667,-0.387737,-0.111772,-0.327154,-0.392058,-0.499604,0.348661,0.59401,-0.685125,-0.249873,-0.439234,0.356961,0.13921,-0.84119,-0.685125,0.56005,-0.611749,-0.642215,0.018136,-0.25,0.318425,-0.083077,-0.49973,-0.387737,0.544766,-0.997965,-0.116524,0.637517,0.051127,0.138675,0.067267,0.737482,-0.268209,-0.260487,0.173011,-0.337232,0.56005,-0.005811,-0.027346,0.99704,-0.121211,0.637517,0.178571,0.56005,-0.149738,0.375,-0.442222,-0.68826,-0.68826,0.0,#
10,0.077385,0.40089,0.200502,0.099844,0.34699,-0.039687,0.149977,-0.039806,-0.099122,0.096859,1.0,0.056014,-0.364326,-0.262741,-0.093353,0.058971,-0.271744,0.37016,-0.046679,-0.395982,0.066779,0.188931,0.290108,-0.22078,0.133975,-0.12709,0.096376,0.126504,0.296688,0.077385,-0.151853,-0.165075,-0.099122,0.133505,0.18288,0.217539,-0.284341,0.391156,0.147093,0.107127,-0.206739,0.380251,-0.622359,-0.168741,-0.407616,-0.194239,0.203287,0.094123,-0.031277,0.301891,0.270732,-0.163627,-0.215694,-0.348209,-0.419238,-0.010992,-0.318514,0.430114,-0.008073,0.301891,-0.242197,0.091907,-0.507713,-0.093117,-0.274195,-0.180053,-0.271744,0.346954,0.030361,0.264509,-0.035946,0.089587,-0.533563,-0.10932,0.25508,0.422418,0.087604,-0.09841,-0.198844,-0.598385,-0.396032,-0.148528,-0.148528,-0.049127,0.215139,-0.109913,-0.348677,-0.09841,-0.206457,-0.110966,-0.610066,-0.409685,0.098626,-0.09841,0.267331,0.408174,-0.14061,-0.399988,0.422498,-0.206457,0.31437,-0.402899,-0.409685,-0.665182,-0.324176,-0.275794,-0.409685,-0.407616,-0.09841,-0.033395,-0.420596,0.0,0.098626,-0.341334,0.16191,-0.207928,0.014184,-0.66175,-0.231248,-0.10932,0.087604,-0.39666,-0.409685,-0.119033,-0.560994,-0.195304,-0.533413,0.391156,0.045185,-0.66175,0.267331,-0.341334,-0.148528,0.266229,0.087604,0.029943,0.0,0.204387,0.139593,-0.09841,-0.024215,-0.207928,0.243127,-0.448693,-0.436356,-0.296469,-0.275794,0.219045,-0.66175,0.004766,0.171751,-0.09841,-0.593921,-0.533413,-0.598385,-0.436356,-0.219512,0.143607,-0.409685,-0.407408,-0.091588,0.152706,0.299747,0.116043,-0.409685,0.17264,-0.597708,0.325413,0.553621,0.07668,0.062327,0.291473,-0.033395,-0.66175,-0.27702,-0.10932,-0.14061,0.386118,0.155063,0.024625,0.523952,-0.109505,-0.404832,0.07181,-0.11507,-0.508725,0.17264,-0.033395,-0.174263,0.08131,-0.148712,0.386118,-0.118768,-0.284792,-0.767479,-0.407616,0.407808,-0.399988,-0.399988,0.0,#
11,-0.23261,0.226325,0.093068,-0.467727,0.444493,0.23934,0.572774,-0.035795,0.464127,-0.211628,0.056014,1.0,0.076525,-0.385927,-0.03656,0.168626,-0.508496,0.242064,0.00694,0.05421,-0.244407,0.385231,-0.240606,-0.381586,0.537116,-0.463408,0.086103,-0.762561,-0.11518,-0.23261,-0.588548,-0.325874,-0.010479,0.49974,-0.141166,0.056014,-0.354044,-0.316227,-0.243242,0.31781,0.206541,-0.240367,-0.266303,-0.774351,-0.189584,-0.196399,0.1451,0.143892,0.145928,0.451216,-0.453499,-0.417095,-0.266011,0.022581,0.022852,-0.254346,-0.089083,0.170386,0.25572,-0.278434,-0.25767,0.314803,-0.202312,-0.548653,0.485198,-0.04383,-0.508496,-0.030221,0.04883,0.500254,0.332242,0.05421,-0.087176,0.182284,-0.579113,0.235005,-0.46264,-0.364314,-0.139264,-0.351996,0.526715,-0.59675,-0.129891,-0.554,-0.322529,0.463862,0.01542,-0.364314,-0.112254,0.386767,-0.129891,-0.250212,-0.494024,0.20552,-0.139264,0.188269,-0.0673,-0.339863,0.165194,0.329707,-0.319489,0.503216,-0.250212,0.118201,-0.46264,-0.393901,-0.250212,0.295398,-0.364314,0.165194,0.249034,0.0,-0.494024,-0.481384,0.459886,-0.825352,-0.284682,0.20552,0.340637,0.182284,0.007057,-0.018626,-0.250212,-0.092757,-0.241349,0.759132,-0.026185,0.311921,0.967057,0.20552,-0.139264,-0.461538,-0.59675,-0.114554,0.007057,-0.680665,0.0,0.049329,-0.345698,-0.387107,0.185175,0.075032,-0.110455,-0.155113,-0.242147,-0.192404,-0.393901,0.168079,0.20552,-0.238699,-0.05284,-0.364314,-0.093579,-0.092757,-0.351996,0.645016,0.401848,0.112204,-0.250212,-0.248662,0.25627,-0.762355,0.462138,0.353342,-0.250212,0.116641,0.351914,0.214516,-0.427617,0.295398,-0.252002,-0.340154,0.165194,0.20552,-0.36119,0.182284,-0.529669,0.195349,0.543136,-0.442659,0.520195,-0.040821,-0.225729,0.0139,-0.059803,-0.179179,0.116641,-0.252915,-0.641051,-0.245865,-0.499598,0.195349,0.421997,-0.390136,0.109591,-0.233673,0.733514,-0.339863,-0.339863,0.0,#
12,0.326776,0.218052,-0.316513,-0.395444,0.428245,0.253476,0.552313,-0.046818,0.447668,0.327078,-0.364326,0.076525,1.0,-0.19297,0.428245,-0.251759,0.218052,0.239302,-0.059693,0.082412,-0.206873,-0.272667,-0.177229,-0.373881,0.093915,-0.11704,0.07796,-0.207313,0.306188,0.326776,-0.551473,0.217037,0.447668,-0.382606,-0.12415,-0.364326,0.005731,-0.434927,-0.763024,-0.206873,0.526041,0.1697,-0.110724,0.038184,0.348883,-0.504819,0.462718,-0.001976,-0.199976,-0.214208,0.019504,-0.262086,0.525078,-0.414499,0.051967,-0.186259,0.270185,-0.32404,0.671599,-0.214208,-0.051319,0.301638,0.227737,0.329447,0.060561,0.819342,0.218052,-0.756447,0.060147,-0.216601,-0.360056,0.045704,-0.06009,-0.309625,-0.114934,0.215041,0.025084,-0.321278,-0.09795,-0.309625,0.06434,-0.551068,-0.551068,-0.514172,-0.271726,0.44741,-0.407282,-0.321278,0.346855,-0.542444,-0.089279,-0.20168,-0.450384,-0.321278,-0.564378,-0.239918,0.344027,-0.090047,-0.68117,-0.070808,-0.254255,0.07198,-0.20168,0.534769,0.025084,0.077883,-0.20168,-0.239857,-0.321278,-0.22503,0.245928,0.0,-0.450384,-0.438421,-0.477108,0.058967,-0.665658,0.242368,-0.096433,-0.309625,-0.41879,-0.251937,-0.20168,-0.057069,-0.360056,0.217925,0.429117,0.142017,0.04069,0.242368,-0.564378,-0.41879,-0.551068,-0.641656,-0.41879,0.185823,0.0,-0.386322,0.112729,-0.343824,-0.235496,-0.354818,-0.087912,-0.315614,0.210867,-0.134359,0.077883,0.539962,0.242368,-0.211941,-0.270193,-0.321278,0.365326,-0.057069,-0.309625,-0.196843,0.793655,0.533705,-0.20168,0.30574,0.176866,-0.233508,0.445786,-0.230112,-0.20168,0.56524,0.369435,-0.124569,-0.392813,-0.239857,0.331196,0.221005,-0.22503,0.242368,0.532845,-0.309625,-0.070635,0.235327,0.550168,0.503166,0.162519,0.456634,0.319709,-0.412452,0.441841,-0.386758,0.56524,0.20577,-0.502668,0.346351,0.365494,0.235327,-0.042364,0.082576,0.620363,0.305273,-0.334052,-0.090047,-0.090047,0.0,#
13,0.153196,0.102225,-0.338805,-0.349035,-0.468451,-0.299472,-0.277247,0.494579,-0.361439,0.153337,-0.262741,-0.385927,-0.19297,1.0,0.200766,0.327076,0.102225,-0.298578,0.101943,-0.280183,0.046034,0.199112,0.087865,0.250399,-0.454701,0.46412,-0.067234,0.368006,-0.139428,0.153196,0.293977,0.160972,0.298809,-0.020485,0.461465,0.356096,-0.239117,-0.336162,0.268782,0.046034,-0.435506,0.00133,0.667416,0.445336,0.262864,0.41874,-0.310709,-0.071053,-0.621504,-0.0551,0.391878,-0.237252,-0.420525,0.47897,0.274173,0.444736,0.706687,-0.117816,-0.219053,-0.0551,0.008597,0.078499,-0.134318,0.030872,-0.363069,-0.153821,0.102225,0.18224,-0.128169,-0.07253,-0.199486,-0.084959,0.012073,-0.112425,-0.22783,-0.043074,-0.173105,-0.117649,-0.509699,0.630838,-0.371795,0.297933,0.297933,0.303429,-0.220735,-0.345616,0.484136,-0.117649,-0.413393,-0.086042,0.11237,-0.05086,-0.272354,-0.117649,-0.322271,-0.282278,-0.043391,0.221122,-0.375752,-0.408239,-0.211102,-0.364836,-0.05086,0.255335,-0.173105,0.074096,-0.05086,-0.065716,-0.117649,-0.559046,-0.28731,0.0,-0.272354,0.385655,-0.159022,0.347255,0.230957,-0.344143,0.199576,-0.112425,-0.167626,-0.003344,-0.05086,0.013231,0.598462,-0.363596,0.206172,-0.113242,-0.286124,-0.344143,-0.322271,0.484258,0.297933,0.289224,-0.167626,-0.196739,0.0,-0.355969,0.54736,-0.230895,-0.569536,0.352362,-0.130176,0.851789,0.135353,-0.078319,0.074096,-0.21642,-0.344143,0.405928,-0.156852,-0.117649,-0.320611,0.013231,0.630838,0.140385,-0.22583,-0.364334,-0.05086,0.046916,-0.028864,0.378455,-0.387424,-0.020098,-0.05086,-0.320138,-0.313955,0.049555,0.349064,-0.065716,0.191818,0.117682,-0.559046,-0.344143,0.27958,-0.112425,-0.043391,0.162593,-0.302945,0.13366,-0.492151,0.334611,0.18409,0.572359,0.321381,0.599775,-0.320138,-0.472491,0.301308,0.201836,0.046529,0.162593,0.23157,0.193952,-0.321443,0.043811,-0.175056,0.221122,0.221122,0.0,#
14,0.197053,0.509175,-0.076952,-0.480384,0.52381,-0.218078,0.347443,0.029283,0.041343,0.218218,-0.093353,-0.03656,0.428245,0.200766,1.0,0.2178,-0.218218,-0.221498,0.507774,-0.027011,0.229292,-0.441414,0.207308,-0.089087,-0.534401,-0.317299,0.401137,0.22886,0.524839,0.197053,-0.344933,0.335137,0.511152,-0.102037,0.014617,0.34699,0.013382,-0.275368,-0.327259,0.229292,-0.526442,0.293341,0.408247,0.28933,0.218218,-0.286573,0.584931,-0.096882,-0.174887,0.216682,0.0,-0.156869,0.423301,-0.032239,-0.070918,0.661858,0.596808,-0.21735,0.654654,-0.505592,-0.171184,0.222827,-0.080872,0.010728,-0.472473,0.525529,-0.218218,-0.119891,-0.319206,-0.499169,-0.709741,-0.513214,0.060135,-0.186663,-0.338903,0.208053,-0.016371,-0.742698,-0.334528,-0.186663,-0.503559,-0.338903,-0.338903,0.056575,0.201432,0.056575,-0.024358,-0.742698,0.123238,-0.428571,0.123238,-0.460978,-0.503559,-0.742698,-0.801312,-0.203007,-0.343271,-0.150192,-0.6543,-0.338903,0.226564,-0.016371,-0.460978,-0.076308,-0.016371,-0.069684,-0.460978,-0.327327,-0.742698,-0.197812,-0.203007,0.0,-0.503559,-0.016371,-0.458572,-0.076308,-0.203007,-0.178624,-0.40343,-0.186663,-0.507515,-0.01666,-0.460978,0.065899,-0.141948,-0.248701,-0.428345,-0.275368,0.055527,-0.178624,-0.801312,-0.507515,-0.338903,-0.411212,-0.507515,-0.203007,0.0,-0.534242,0.37605,-0.178624,-0.654654,-0.534159,-0.343271,0.173578,0.24812,-0.528438,-0.069684,0.030483,-0.178624,-0.208138,-0.448817,-0.742698,-0.338903,0.065899,-0.186663,-0.203007,0.068625,0.371692,-0.460978,0.233686,0.239622,-0.32716,-0.020252,0.150188,-0.460978,-0.081475,0.114424,0.246819,0.313962,-0.327327,0.781717,0.132946,-0.197812,-0.178624,0.826483,-0.186663,-0.343271,0.561439,0.359806,0.363137,0.396331,0.073296,0.754361,0.431423,0.54366,-0.363253,-0.081475,-0.197812,-0.349092,0.255085,0.105802,0.561439,0.062348,0.384098,0.098027,-0.327327,-0.217127,-0.150192,-0.150192,0.0,#
15,-0.019176,0.332695,0.384047,-0.261569,0.2178,-0.598468,-0.008067,0.25381,-0.223476,0.0,0.058971,0.168626,-0.251759,0.327076,0.2178,1.0,-0.332695,-0.601759,0.25547,-0.667797,-0.498913,0.425814,-0.284456,0.407467,-0.427394,-0.356596,0.200641,0.029348,0.431607,-0.019176,0.001237,0.037254,-0.223476,0.37051,-0.050142,0.833006,0.271065,-0.020314,0.519986,0.479364,-0.392768,-0.474129,0.122705,0.094215,-0.499043,-0.003819,-0.50163,0.244169,-0.252999,0.336697,0.053564,0.068496,-0.367191,0.214304,-0.243857,0.575788,0.055707,0.004772,-0.199617,-0.324011,0.407142,0.520736,0.033626,-0.40627,-0.099555,-0.412751,-0.332695,0.613113,0.526428,0.342591,0.069918,-0.187458,0.171905,0.002277,-0.381412,0.241467,-0.18071,-0.499367,-0.447396,0.002277,-0.24819,0.001879,0.424627,0.228204,0.310174,-0.209475,0.21242,-0.499367,-0.415232,0.182952,-0.031941,-0.319873,-0.211943,0.016627,0.013759,0.235224,0.029308,-0.210663,0.210645,-0.454689,0.351797,-0.258585,-0.319873,-0.015822,0.226636,-0.429209,-0.319873,0.459119,-0.499367,-0.240339,-0.210464,0.0,-0.211943,0.226636,0.14898,0.017684,0.196708,-0.540646,-0.068984,0.002277,-0.222643,0.041657,-0.319873,-0.243138,0.069918,-0.068834,-0.243138,0.020314,0.226878,-0.540646,0.013759,-0.222643,0.001879,0.437941,-0.222643,-0.17745,0.0,0.415044,0.0344,0.016627,-0.231556,0.397417,-0.389374,0.325374,-0.210464,-0.333567,-0.429209,-0.291518,-0.540646,-0.18677,-0.319324,-0.499367,-0.454689,0.16678,0.002277,0.163694,0.022381,0.014286,-0.319873,-0.033633,0.513796,0.055294,-0.277888,0.235082,-0.319873,-0.423758,-0.043264,0.187512,-0.001448,-0.019962,-0.013348,-0.248755,-0.240339,-0.540646,0.002071,0.002277,-0.389374,0.344509,-0.010716,-0.239172,0.015576,-0.216302,0.002379,0.232523,-0.21882,0.116874,-0.423758,-0.618943,-0.038757,0.002745,-0.358559,0.344509,0.212165,-0.014906,-0.18532,-0.019962,0.491187,-0.210663,-0.210663,0.0,#
16,0.698073,-0.111111,-0.276095,0.192186,-0.218218,0.33312,-0.272099,-0.218064,-0.218164,0.666667,-0.271744,-0.508496,0.218052,0.102225,-0.218218,-0.332695,1.0,0.328168,-0.216722,0.206302,-0.166623,0.140109,0.105556,-0.272166,-0.272104,0.096937,-0.489073,-0.166627,-0.407601,0.698073,0.263447,0.213844,-0.218164,-0.272101,-0.401902,-0.271744,0.026282,-0.027137,-0.166632,-0.166623,0.245238,-0.030322,-0.089086,0.425281,-0.166667,-0.397161,-0.01241,0.051344,-0.327734,-0.992964,-0.0,0.175722,0.234115,-0.508881,0.241658,-0.350757,-0.130235,-0.664016,-0.333333,0.110329,0.130745,-0.186242,-0.078612,0.278576,-0.273754,0.267586,1.0,-0.497083,0.243797,0.096891,-0.050038,0.206302,-0.218164,-0.66531,0.258841,-0.332704,0.200063,0.148393,0.265403,0.142567,0.205961,0.258841,0.258841,-0.218107,0.102564,-0.218107,-0.508503,0.148393,0.258841,-0.218218,0.258841,0.082469,0.205961,0.148393,0.265403,-0.333069,0.252468,-0.076473,-0.333153,-0.407871,0.115361,-0.508492,0.082469,0.388544,0.200063,0.398178,0.082469,-0.166667,0.148393,-0.333153,0.317756,0.0,0.205961,0.200063,-0.488214,0.388544,-0.333069,0.148393,0.277916,-0.66531,-0.508492,-0.262976,0.082469,-0.218103,-0.050038,0.165596,0.494925,-0.027137,-0.678547,0.148393,0.265403,0.200063,0.258841,0.178873,-0.508492,0.317756,0.0,-0.272023,-0.287213,0.148393,0.333333,-0.271981,-0.407832,-0.143439,0.317756,0.139464,0.398178,0.325941,0.148393,-0.333075,-0.482445,0.148393,0.258841,-0.218103,0.142567,-0.333069,0.232441,0.396007,0.082469,-0.166582,-0.65885,0.642529,-0.216549,-0.943152,0.082469,0.373367,-0.407832,-0.875457,-0.270019,-0.166667,-0.185748,-0.055385,-0.333153,0.148393,0.363177,-0.66531,0.252468,-0.1442,-0.285458,0.1849,-0.291492,0.491654,-0.178806,-0.507615,-0.230682,0.18177,0.373367,0.325405,0.369171,0.664694,0.24627,-0.1442,-0.238095,0.373367,0.149738,0.666667,-0.689655,-0.076473,-0.076473,0.0,#
17,0.491797,0.328168,-0.38873,-0.219608,0.211505,0.603137,0.418755,-0.2047,0.234237,0.492252,0.37016,0.242064,0.239302,-0.298578,-0.221498,-0.601759,0.328168,1.0,-0.174713,0.210032,-0.013936,0.238784,0.317601,-0.816306,0.418592,-0.050412,-0.195892,-0.499763,-0.419084,0.491797,-0.424469,-0.034421,0.234237,-0.014093,-0.059683,-0.414636,-0.732862,-0.155953,-0.49978,0.006306,0.383637,0.355675,-0.527258,-0.395016,0.015264,-0.432557,0.498355,0.104899,-0.212434,-0.324849,0.008531,-0.595074,-0.07249,-0.646195,0.19505,-0.619784,-0.045579,0.004561,0.206058,0.331921,-0.588215,-0.041759,-0.5649,0.039519,0.057549,0.417035,0.328168,-0.608381,-0.106055,0.316648,-0.065301,0.210032,-0.654339,-0.504851,-0.032684,0.169743,-0.259753,-0.009754,-0.021132,-0.504851,0.218359,-0.429566,-0.429566,-0.654169,-0.442351,0.220192,-0.646769,-0.009754,-0.032684,-0.221498,-0.429566,-0.355409,-0.249347,-0.009754,-0.021132,-0.224127,-0.004891,-0.44823,-0.215172,0.006824,-0.366116,-0.217765,-0.355409,0.009785,-0.681543,-0.017962,-0.355409,-0.499884,-0.009754,-0.215172,0.201864,0.0,-0.249347,-0.681543,-0.132676,-0.422554,-0.611551,-0.009754,0.402899,-0.504851,-0.217765,-0.536254,-0.355409,-0.229703,-0.581599,0.468794,0.237002,0.36829,0.091272,-0.009754,-0.021132,-0.217765,-0.429566,-0.095908,-0.217765,-0.224127,0.0,-0.41692,-0.051197,-0.542399,0.190795,-0.383412,-0.004891,-0.526749,-0.224127,-0.20968,-0.017962,0.802176,-0.009754,-0.194807,-0.119566,-0.009754,0.006824,-0.654156,-0.504851,-0.18556,0.345502,0.377198,-0.355409,-0.499629,-0.503381,-0.01798,0.657794,-0.450553,-0.355409,0.803345,-0.397955,-0.321435,-0.066159,-0.003816,-0.050426,0.053681,-0.215172,-0.009754,-0.057018,-0.504851,-0.004891,0.292098,0.376826,0.116418,0.354739,0.635387,-0.505589,-0.260375,0.176404,-0.393391,0.803345,0.176856,-0.375555,0.474396,-0.016387,0.292098,0.182073,-0.058618,-0.203414,-0.003816,-0.043513,-0.44823,-0.44823,0.0,#
18,0.250491,0.581728,-0.085311,-0.078021,0.097074,-0.649751,-0.04674,-0.425335,-0.425529,0.273754,-0.046679,0.00694,-0.059693,0.101943,0.507774,0.25547,-0.216722,-0.174713,1.0,-0.096009,0.154994,-0.373964,0.176539,0.307339,-0.530738,-0.376728,0.415219,0.154621,0.07094,0.250491,0.04587,0.352243,0.49537,0.402186,-0.01318,0.384201,-0.058159,0.258739,0.220824,0.830475,-0.522834,-0.311621,0.500714,-0.212014,0.145432,0.134517,0.063379,-0.06573,0.242862,0.185749,-0.248681,-0.236151,-0.11273,-0.10083,0.41575,0.581423,0.462204,0.301637,0.205314,0.185749,-0.399305,0.236683,-0.216742,-0.402896,-0.007664,0.071033,-0.216722,0.113697,-0.164468,-0.429436,-0.712296,-0.992566,0.474741,-0.275637,-0.396971,-0.202889,-0.568218,-0.26831,0.056118,-0.275637,-0.515211,0.04791,-0.350671,0.459637,0.144116,-0.425418,-0.102706,-0.26831,-0.396971,0.059738,0.04791,-0.578297,-0.088026,-0.754807,-0.346468,-0.649652,-0.795477,-0.482813,-0.210375,0.04791,0.195404,-0.095416,-0.578297,-0.530498,-0.095416,-0.129913,-0.578297,0.23098,-0.26831,0.183332,-0.215372,0.0,-0.088026,-0.095416,-0.470683,-0.135616,0.173712,-0.26831,0.097582,-0.275637,-0.095416,0.399288,-0.578297,0.000861,-0.222593,-0.214496,-0.425409,-0.805119,0.01161,-0.26831,-0.346468,-0.095416,0.04791,0.103344,-0.095416,-0.260568,0.0,-0.083371,0.287475,-0.26831,-0.205316,-0.089746,-0.400729,0.119586,-0.260568,-0.782234,-0.129913,0.088214,-0.26831,-0.264994,-0.256757,-0.26831,0.04791,0.476648,-0.275637,-0.215372,-0.332663,-0.050449,-0.578297,0.158794,0.207919,-0.324918,0.02223,0.037944,-0.578297,-0.067989,0.039874,-0.031488,0.288366,-0.325083,0.719153,-0.453908,0.183332,-0.26831,0.324451,-0.275637,0.039874,0.579666,-0.07348,-0.213541,-0.059848,0.086952,0.127981,0.392659,0.490203,-0.418871,-0.067989,-0.256108,0.020587,0.270003,-0.404506,0.579666,0.584172,0.808103,0.023058,-0.325083,-0.185914,-0.482813,-0.482813,0.0,#
19,-0.206111,-0.508878,0.10794,0.060554,-0.045019,0.652157,0.105711,-0.045679,0.441312,-0.226932,-0.395982,0.05421,0.082412,-0.280183,-0.027011,-0.667797,0.206302,0.210032,-0.096009,1.0,0.330418,-0.314338,0.456215,-0.353734,0.088855,-0.110047,0.109943,-0.195333,-0.530261,-0.206111,-0.106141,0.247053,-0.020609,-0.361989,-0.440131,-0.37933,0.024942,-0.278806,-0.236636,-0.237817,0.056476,0.314021,0.192976,0.048513,0.350713,-0.028348,0.437784,0.116266,0.271699,-0.232164,-0.230654,0.168868,0.532662,0.066376,0.049855,-0.173669,-0.085209,-0.349319,0.239309,-0.259477,-0.040458,-0.78858,0.240487,0.323865,0.24336,0.373711,0.206302,-0.514904,-0.397481,-0.232045,0.176314,0.043241,-0.038375,0.228235,-0.108741,-0.196078,0.042305,0.199681,0.341758,0.228235,0.521847,-0.108741,-0.108741,-0.053486,-0.172976,0.441639,0.06806,0.199681,0.363116,-0.063026,0.363116,0.504906,0.016129,0.199681,-0.13484,-0.226989,-0.083175,0.416501,-0.254142,0.363116,-0.270212,0.543775,0.504906,0.114465,0.042305,0.091254,0.504906,-0.226932,0.199681,0.211944,0.652535,0.0,0.016129,0.042305,0.179193,-0.353013,-0.226989,0.775616,-0.056338,0.228235,0.042305,0.043052,0.504906,-0.035304,0.197786,0.270086,-0.035304,-0.257812,0.041997,0.775616,-0.13484,0.042305,-0.108741,-0.562797,0.042305,-0.226989,0.0,-0.383072,-0.28695,0.199681,0.189798,-0.353013,-0.083175,-0.100612,0.233624,0.41902,0.091254,-0.034058,0.775616,-0.20052,-0.019906,0.199681,0.363116,-0.035304,0.228235,0.233624,-0.122421,0.092721,0.504906,-0.19029,-0.285738,-0.242134,0.023522,-0.050484,0.504906,0.106736,0.384144,-0.314021,-0.310786,-0.226932,-0.17671,-0.303932,0.211944,0.775616,0.122019,0.228235,0.341835,-0.508234,0.127098,0.139612,0.100472,-0.036756,0.343058,0.080471,-0.007995,0.149209,0.106736,0.211944,-0.080674,-0.224132,0.362946,-0.508234,-0.027114,0.107837,0.467076,-0.226932,-0.301715,0.416501,0.416501,0.0,#
20,-0.249704,-0.166623,-0.39312,0.355041,-0.327242,-0.029769,-0.408042,-0.327011,-0.327161,-0.249935,0.066779,-0.244407,-0.206873,0.046034,0.229292,-0.498913,-0.166623,-0.013936,0.154994,0.330418,1.0,-0.659535,0.125988,0.112447,0.086844,0.457291,-0.21643,0.40006,-0.094921,-0.249704,0.414829,-0.346663,0.221914,0.096453,0.465006,-0.40751,-0.167932,0.341345,-0.249883,-0.24987,-0.401972,0.333966,0.377612,0.021012,0.387654,0.364379,0.423845,-0.738249,0.460962,0.133036,-0.273736,0.147158,0.153193,0.324541,0.300337,0.026521,0.231742,0.224555,0.010201,0.133036,-0.534181,-0.279291,-0.272551,-0.083752,-0.409001,-0.095045,-0.166623,0.164672,-0.940117,-0.692717,-0.362933,-0.237817,0.243877,0.250154,0.418167,-0.498926,0.331905,0.259157,0.428309,0.250154,-0.237852,0.418167,-0.121945,0.239671,0.202851,-0.327075,0.323014,0.259157,0.418167,0.20703,0.418167,0.172207,0.34102,-0.400089,-0.11723,-0.021441,-0.611589,0.17787,-0.015887,0.418167,0.140407,0.331905,0.172207,-0.407865,-0.18853,0.627275,0.172207,-0.249935,0.259157,0.517621,-0.499474,0.0,0.34102,0.331905,-0.202034,0.127235,0.505801,0.259157,-0.107119,0.250154,0.331905,0.501325,0.172207,0.774286,0.300658,-0.385163,-0.327069,-0.333455,-0.178245,0.259157,-0.11723,0.331905,0.418167,-0.085679,0.331905,0.027768,0.0,-0.407928,0.118664,0.259157,-0.010201,-0.407865,0.408321,0.274432,0.505801,0.079802,0.627275,-0.399914,0.259157,0.494386,0.387772,0.259157,-0.071535,0.250565,0.250154,-0.021441,-0.60829,-0.407828,0.172207,0.405664,-0.427917,-0.249808,-0.324739,0.212193,0.172207,-0.405917,-0.076672,0.365124,0.653328,0.362151,0.411733,0.436749,0.517621,0.259157,0.134436,0.250154,-0.076672,-0.158176,-0.395478,-0.127322,0.02539,-0.320451,0.377888,0.341229,0.254155,0.016396,-0.405917,0.517621,0.383442,-0.248318,-0.081729,-0.158176,-0.320616,0.138208,-0.248989,-0.249935,-0.375243,0.17787,0.17787,0.0,#
