0,1.0,-0.270191,0.302376,-0.272158,0.246939,0.361015,-0.332837,-0.217851,-0.330466,0.242377,-0.407495,-0.218052,0.461165,-0.166524,-0.271775,-0.407531,0.363233,0.211329,-0.33547,-0.218169,-0.214076,-0.496828,0.361015,-0.272096,-0.218218,-0.508246,-0.503509,-0.329129,-0.404692,-0.217878,0.18384,0.20077,-0.111111,-0.271831,-0.507446,-0.217395,0.243543,0.428874,0.536388,-0.407049,-0.217984,0.379898,0.159785,0.300784,0.349351,0.202907,0.479714,0.132847,-0.53796,0.127298,0.055661,0.216412,0.518869,-0.145719,0.12272,0.276775,0.138044,0.104617,-0.656984,0.038509,0.136638,-0.523809,0.199027,-0.648261,-0.493654,0.063771,-0.111111,0.182905,0.159855,0.111112,0.257949,0.240069,-0.218023,0.210987,0.217147,0.172692,0.494925,-0.166582,0.270996,0.258842,0.258842,0.317756,-0.272031,0.509175,0.217147,0.340115,-0.331958,-0.270888,0.398178,-0.331958,-0.506676,0.325405,0.310366,0.340115,0.427886,-0.21735,0.340115,0.398178,0.408248,-0.407871,0.069886,-0.218107,0.258842,0.354263,0.325405,-0.166582,0.148393,0.303994,-0.333069,-0.271211,0.416936,-0.111111,0.270996,-0.218103,-0.333075,-0.272031,-0.333069,-0.271981,0.270996,-0.504605,-0.218107,0.15942,0.15942,-0.218103,-0.954652,0.270996,-0.218103,0.176295,0.195336,-0.218107,0.258842,-0.165812,0.258842,0.176418,0.200063,-0.270996,0.650171,0.388544,-0.379324,0.223475,0.537587,-0.040129,-0.218107,0.117394,0.252468,0.09439,-0.218103,0.127714,0.217147,0.340115,-0.506676,0.102564,0.494925,0.398178,-0.50637,-0.166582,0.360888,0.111111,-0.50637,-0.111111,-0.383346,0.717002,-0.218218,0.277916,0.317756,-0.52276,-0.111111,-0.392157,-0.166582,-0.217147,0.271983,-0.048225,0.494925,0.252468,-0.301664,0.217147,0.642529,-0.341044,-0.237287,0.104246,-0.245144,0.131802,-0.301393,0.102225,-0.219286,-0.112674,0.334887,0.205961,-0.397545,0.407718,0.258842,-0.358341,-0.285925,0.204765,0.180817,-0.218057,-0.417706,0.102564,0.24365,0.537587,#
1,-0.270191,1.0,-0.034602,0.43018,-0.246134,-0.226841,0.052118,-0.028208,-0.079712,0.226589,-0.132122,-0.052317,0.436874,0.101985,0.190082,0.35689,-0.227306,0.147223,0.454409,0.866748,0.262518,0.60844,-0.226841,-0.310781,-0.530645,0.0632,0.483635,-0.018791,0.184437,0.324514,-0.574658,0.03386,0.432306,0.162712,0.129779,-0.195599,0.085223,0.189495,-0.527601,-0.555333,0.39429,0.526018,-0.087226,-0.515414,-0.412816,-0.380476,0.318852,0.279473,0.455436,0.406388,0.262374,-0.242076,-0.530507,0.611717,-0.483443,0.233674,-0.51914,-0.30935,-0.04343,-0.23827,0.194325,0.138956,-0.122664,0.316879,0.097625,-0.030276,0.432306,0.529559,-0.052694,0.222909,-0.278208,-0.205404,0.365819,0.033862,0.044521,0.317203,-0.034678,-0.40508,-0.13955,-0.52834,-0.187875,-0.025136,-0.2087,-0.159194,0.044521,0.034621,-0.436853,0.177569,0.146677,0.363728,0.502157,-0.473835,-0.362635,-0.089438,-0.27013,0.397458,0.459694,-0.319238,-0.31437,-0.229837,0.299524,-0.530376,-0.99183,-0.420945,-0.810136,0.157403,-0.537785,-0.160833,-0.477581,-0.275616,0.202774,-0.270191,0.206418,-0.530365,-0.034055,0.123915,-0.066098,-0.202194,0.206418,-0.017678,-0.044031,0.358297,-0.16094,-0.530365,0.297402,-0.13955,-0.530365,0.170409,0.042586,-0.044031,-0.187875,0.073311,-0.187875,0.295311,-0.382102,0.189943,-0.40519,0.135111,-0.210551,0.009405,-0.108038,-0.341543,-0.530376,0.099915,-0.195513,-0.321343,-0.166249,0.202402,-0.370664,-0.432766,-0.001035,-0.47855,-0.034678,0.228164,0.033862,0.157403,0.132734,0.130939,0.48741,-0.270191,-0.275468,-0.404301,-0.159194,0.218416,-0.025136,0.507367,0.432306,0.315505,-0.40508,0.378947,-0.57031,-0.035181,-0.034678,-0.11523,0.201456,0.502157,0.157403,0.374695,-0.06214,0.162962,0.40209,0.170373,-0.232805,-0.479411,0.055864,-0.140732,-0.029407,0.076659,-0.249312,0.212151,-0.52834,0.377951,0.134907,-0.012448,-0.563715,-0.060256,0.637432,-0.47855,-0.055091,0.277658,#
2,0.302376,-0.034602,1.0,0.234952,0.391643,0.004038,0.263984,0.273233,-0.20929,0.39724,-0.349819,-0.653243,0.207238,0.034274,-0.366696,-0.776828,-0.012024,0.277822,-0.132338,-0.198947,0.145471,0.164542,0.004038,0.001948,-0.204606,-0.218327,0.269315,-0.258856,-0.427254,0.203664,0.011084,-0.101306,-0.332868,0.428337,-0.61985,-0.278408,0.601239,-0.413917,0.655227,-0.338136,-0.192095,0.172719,0.497331,-0.056121,-0.186125,0.232527,0.161233,0.863585,0.119835,-0.017243,0.331247,0.218089,0.222891,-0.176969,-0.316195,-0.248985,0.053814,0.189962,-0.017213,-0.233961,0.356316,0.151369,-0.463156,0.098808,-0.083378,0.543136,-0.332868,0.198945,0.035338,-0.108628,0.207852,-0.198524,-0.181987,0.241251,-0.217039,0.534982,0.22042,0.029932,-0.387517,0.442699,-0.023678,0.597358,0.036713,0.17799,0.256182,-0.171297,-0.56043,0.061141,0.389569,-0.180856,-0.630863,-0.245042,0.211373,0.188662,-0.413614,-0.168004,-0.171297,0.389569,0.382782,-0.404851,-0.377975,-0.196032,0.006816,-0.150247,-0.214922,0.029932,0.038424,-0.12927,-0.200228,0.0623,0.455727,0.353196,-0.000182,-0.653395,0.211373,0.409097,-0.200228,-0.382966,0.418139,-0.620798,-0.196032,0.03016,0.537251,-0.187232,-0.384017,0.473733,-0.653395,0.147156,0.062231,0.261344,0.387989,0.061705,-0.023678,0.247979,0.213318,-0.368925,0.492308,0.372304,0.131818,-0.683837,-0.220377,0.375343,-0.196032,-0.282562,0.396604,0.305342,-0.245742,0.679708,-0.183933,-0.171297,-0.630863,0.386424,0.22042,0.006401,-0.168876,0.029932,0.406464,0.172591,-0.168876,-0.332868,0.466998,0.006892,0.211259,0.434669,0.597358,-0.186035,-0.332868,-0.430663,0.029932,-0.177312,0.019476,-0.157079,0.22042,0.019097,-0.377575,0.256182,0.492517,0.214903,-0.177613,-0.239419,-0.172692,0.275873,-0.384966,-0.32829,-0.369185,0.149684,-0.1136,-0.239445,-0.444521,0.439432,0.442699,-0.174066,0.427753,-0.147506,0.304193,-0.653258,0.031387,0.386424,0.307632,0.211436,#
3,-0.272158,0.43018,0.234952,1.0,-0.076435,0.206549,0.82916,-0.048509,0.063648,0.131932,0.481471,-0.284855,0.159391,0.366345,0.396248,0.086448,-0.237981,-0.033226,0.036912,0.584489,0.196636,0.313402,0.19848,-0.666478,0.133628,-0.122014,0.222685,-0.508243,0.313465,0.333548,-0.266084,0.055528,0.068041,0.366528,0.09644,-0.522985,0.241896,-0.039477,0.142088,0.095498,-0.095084,0.574639,-0.067891,-0.020653,-0.205569,-0.110442,-0.302657,0.249728,0.522602,0.031983,0.437856,0.335723,-0.308704,0.089245,-0.425838,0.31612,-0.035385,0.076881,-0.066402,0.395643,0.550203,0.174978,-0.636696,0.205537,0.329611,-0.104134,0.06804,0.203008,-0.315417,0.18711,-0.213705,-0.264977,0.584099,-0.116279,-0.563171,0.640164,-0.071914,-0.145724,-0.361177,-0.146493,-0.554759,-0.182857,0.17831,-0.757221,-0.563171,-0.402013,-0.406552,0.382248,-0.436958,-0.191319,-0.119933,-0.804177,-0.178466,-0.002419,-0.690319,0.146406,0.215539,-0.65423,-0.249995,-0.362633,-0.270143,-0.080639,-0.362633,-0.352521,-0.4009,0.11658,0.172951,-0.186155,-0.593117,-0.044616,0.38917,0.408238,-0.361177,-0.521385,-0.178466,0.17831,0.004691,-0.226031,0.261123,-0.358751,0.146159,0.168625,0.168625,-0.521385,0.167025,0.261123,-0.521385,0.391341,-0.490838,0.146159,0.057642,0.101537,-0.554759,0.042713,-0.543635,0.178148,-0.14805,-0.023792,-0.196937,-0.584229,-0.125149,0.147444,-0.29484,-0.341466,-0.142707,-0.399345,-0.303071,0.609472,0.310269,-0.619971,-0.354587,-0.376833,-0.071914,0.178646,-0.33592,0.11658,-0.055248,0.193654,0.323,-0.272159,-0.081764,-0.168624,-0.311797,-0.157853,-0.182857,0.306076,0.40824,-0.206929,-0.145724,0.36763,-0.166547,-0.381795,-0.071914,0.261632,0.405296,0.101689,0.11658,0.598849,0.592397,-0.018222,0.621067,0.662671,-0.236127,-0.420297,0.485973,-0.307346,0.108239,-0.332036,-0.474065,0.595986,-0.146493,-0.19035,0.384151,-0.282124,-0.423022,-0.06373,0.660348,-0.376833,0.086382,-0.125149,#
4,0.246939,-0.246134,0.391643,-0.076435,1.0,0.322622,0.104196,0.072345,-0.405233,-0.28545,-0.12019,0.095502,-0.394751,-0.015515,-0.066058,-0.668538,0.672279,-0.172551,-0.826471,-0.326355,-0.496687,0.254079,-0.112432,0.201305,-0.296672,-0.139219,0.344315,-0.059063,-0.22837,0.530783,0.564494,0.02594,-0.404329,-0.180396,-0.493303,-0.01972,-0.162626,-0.1337,0.589646,0.269444,-0.355669,0.017725,0.01999,-0.258617,-0.378477,0.36065,-0.011716,0.146906,-0.503475,0.046315,0.362536,-0.516905,0.106129,-0.595822,0.463558,-0.438156,-0.37344,0.244771,-0.505814,-0.160824,-0.167156,-0.208172,0.13761,0.049586,0.054181,0.400413,-0.404329,0.300546,-0.123629,-0.02985,-0.07745,-0.645736,0.178377,-0.571966,-0.62402,0.19687,-0.375732,-0.062188,-0.685006,0.201524,-0.360712,-0.059185,-0.551987,0.431684,-0.137365,-0.420732,-0.372457,-0.537029,0.139513,-0.478328,-0.588665,-0.102557,-0.025143,-0.010238,-0.168206,-0.790929,-0.387893,0.590115,0.222674,0.12011,-0.418802,-0.323322,0.201524,-0.009635,0.010029,-0.606184,0.153032,0.03672,-0.059185,0.34967,-0.112998,0.355484,-0.337539,-0.375732,-0.072287,-0.217932,-0.027395,-0.602566,-0.271355,-0.086893,-0.793683,-0.432173,-0.392058,0.103664,-0.326948,-0.163319,-0.375732,-0.215279,-0.549278,-0.323322,-0.295581,-0.029083,-0.360712,-0.375046,-0.179969,-0.986143,0.411812,-0.2638,-0.427758,-0.1503,0.073676,0.108787,0.086735,-0.275238,-0.314461,-0.348092,-0.427974,0.211991,0.021733,0.031294,-0.10201,-0.278041,-0.375732,-0.171479,-0.571966,-0.606184,0.241278,-0.508907,-0.536927,-0.404329,0.40279,-0.087301,0.502744,0.141749,-0.059185,-0.075707,0.301211,0.21641,-0.062188,-0.79019,0.64672,-0.592764,-0.375732,-0.23383,-0.095996,-0.10201,-0.131931,0.010336,0.151789,-0.282599,0.177381,-0.277675,0.272566,0.409442,0.006631,0.645669,0.106552,-0.192888,0.187538,0.317677,0.201524,0.384122,0.665681,0.421325,0.479082,0.085208,-0.221933,-0.278041,-0.462159,0.461042,#
5,0.361015,-0.226841,0.004038,0.206549,0.322622,1.0,0.06004,-0.532162,0.067503,0.265061,0.296248,0.364411,-0.145672,0.166604,0.616008,-0.173657,0.120423,-0.32835,-0.475751,-0.078906,-0.522942,-0.394516,0.186926,-0.273573,0.381249,-0.385446,-0.384778,-0.05464,0.336686,0.373335,0.491887,0.432071,-0.27142,-0.230102,-0.375014,-0.53105,-0.441227,0.565672,0.419084,0.31268,-0.532488,0.37599,-0.574075,0.15407,-0.036637,0.259324,-0.135491,-0.290226,-0.002835,0.457269,-0.306765,0.102992,0.306104,-0.263196,0.24642,0.105247,-0.096009,0.443131,-0.56259,0.285861,0.254236,-0.387367,-0.103845,-0.078121,0.167293,-0.303707,-0.27142,0.151282,-0.453678,0.449295,0.003239,-0.36249,0.411072,-0.40331,-0.396545,-0.051341,0.295833,0.072806,-0.205665,0.221182,-0.221554,-0.057292,-0.278326,-0.119033,-0.396545,-0.030202,-0.41726,-0.661722,-0.283019,-0.810901,-0.362212,-0.04851,-0.447389,0.017633,0.149486,-0.092786,0.384368,-0.283019,0.577702,-0.18993,-0.445642,-0.117996,0.221182,-0.416845,0.388811,0.072806,0.362493,0.278837,-0.427737,-0.20554,0.186148,0.466421,-0.607355,-0.110017,-0.813631,-0.664512,-0.026421,-0.272759,-0.157462,-0.353342,-0.117996,-0.155932,-0.116978,-0.110017,-0.501959,0.244227,-0.110017,0.199646,-0.681001,-0.117996,0.221182,-0.405044,-0.221554,0.176992,-0.418724,-0.260295,0.057882,-0.288424,-0.45333,0.060746,0.756862,-0.098028,-0.532788,-0.482357,-0.228911,-0.402336,-0.110017,0.00282,0.530443,-0.030202,-0.362212,-0.421421,0.295833,0.527611,-0.811624,0.072806,0.147642,0.072771,-0.369284,0.387367,-0.450186,0.096606,-0.050028,-0.149304,-0.057292,-0.337355,0.413718,-0.045711,0.072806,-0.530443,0.664395,-0.313055,0.295833,0.178247,0.61282,0.049783,0.053617,0.008868,0.355404,0.254649,0.386113,0.321963,0.150948,0.249714,0.187471,0.028423,0.50919,0.02861,-0.2367,0.580071,0.221182,-0.420729,0.176005,-0.325371,-0.289517,-0.074282,-0.14698,-0.421421,0.147098,0.309046,#
6,-0.332837,0.052118,0.263984,0.82916,0.104196,0.06004,1.0,0.249501,-0.137771,-0.285408,0.416018,-0.207171,-0.184525,0.049827,0.043466,0.006286,0.010145,-0.156316,-0.182949,0.232079,0.295652,0.232151,0.029541,-0.409657,0.221194,0.214163,0.158064,-0.658578,0.055833,0.213845,0.000759,-0.162111,-0.332837,0.404054,0.233755,-0.210729,0.193035,-0.40101,0.221293,0.436794,-0.195569,0.191596,0.038333,-0.069279,-0.207738,0.279348,-0.653182,0.106989,0.182821,-0.343845,0.479603,0.208232,-0.218639,-0.206766,-0.289634,0.133242,0.057263,0.347571,-0.010277,0.428018,0.353866,0.419288,-0.571897,0.081099,0.344045,-0.142513,-0.332837,-0.087036,-0.245875,-0.165159,-0.240348,-0.222493,0.249859,-0.172369,-0.613368,0.534799,-0.190746,0.006481,-0.37116,0.050908,-0.388752,-0.168893,0.405873,-0.653679,-0.595976,-0.558954,-0.180798,0.439405,-0.38005,-0.164845,-0.186291,-0.60237,0.208206,-0.16406,-0.813416,-0.171648,-0.162265,-0.396154,-0.382935,-0.011392,-0.248597,0.203961,0.018868,-0.150191,-0.183911,0.025922,0.529249,-0.107396,-0.20017,0.054749,0.071284,0.373181,-0.37116,-0.225012,0.208206,0.405873,0.183836,0.010581,0.059328,-0.19176,0.220771,0.041221,0.078495,-0.207879,0.289124,0.075607,-0.225012,0.193036,-0.484862,0.237581,0.034888,0.036944,-0.388752,-0.424001,-0.195224,0.034728,0.002076,0.010581,-0.187508,-0.64914,-0.258916,0.590117,0.203961,-0.134536,0.015866,-0.371546,-0.225012,0.703378,0.256246,-0.575109,-0.203683,-0.222279,-0.190746,0.015388,-0.172369,0.025922,-0.380825,-0.159824,0.250893,-0.332837,0.282683,-0.055888,-0.191482,-0.339292,-0.168893,0.252041,0.322751,-0.263952,0.006481,0.253927,0.025498,-0.449329,-0.190746,0.405462,0.058853,-0.168898,0.025922,0.607408,0.678907,-0.12707,0.293211,0.434172,0.014484,-0.323452,0.601428,-0.318922,-0.115685,-0.209088,-0.094015,0.460239,0.050908,-0.179884,0.433479,-0.153345,-0.02441,0.207161,0.438558,-0.222279,-0.077216,-0.258916,#
7,-0.217851,-0.028208,0.273233,-0.048509,0.072345,-0.532162,0.249501,1.0,-0.64793,-0.292126,-0.349328,-0.00111,0.098048,-0.326496,-0.532858,0.086068,0.35709,-0.106313,-0.171242,0.078468,0.105906,0.515786,-0.532162,0.341311,-0.42785,0.418981,0.436622,-0.208059,-0.793462,-0.427183,-0.404704,0.154521,-0.217851,-0.047786,0.434566,0.029259,0.023747,-0.533104,-0.006445,0.044555,0.542053,-0.157517,0.294187,-0.32289,-0.201123,0.39783,-0.427525,0.273054,-0.174524,-0.201715,0.254132,-0.053268,0.060205,-0.322809,-0.49164,-0.100329,0.316434,0.042089,0.256455,0.220408,-0.444814,0.234018,-0.199568,0.388872,0.512491,0.355458,-0.217851,-0.036531,-0.028493,-0.956285,0.50575,0.342397,-0.427469,0.032234,-0.024177,-0.192223,0.09142,0.240564,0.110203,0.560426,0.093072,0.276948,0.397361,0.01667,0.483212,0.248935,0.220267,0.422556,0.364095,0.238166,-0.024177,-0.250745,0.6596,-0.65134,-0.104972,0.111795,-0.161929,0.346026,-0.533623,0.075096,0.284943,0.062767,0.075096,0.176927,-0.250745,0.262378,0.355549,-0.501258,0.200911,0.371164,-0.030819,-0.217851,0.110203,0.008117,0.6596,0.397361,-0.196817,0.35122,-0.30382,-0.035498,0.081629,-0.124117,-0.124117,0.507938,0.284643,0.171089,0.008117,-0.539805,0.237201,0.572028,-0.314366,0.273668,0.093072,-0.357177,0.448503,-0.038155,0.235685,-0.052436,0.039475,-0.547806,-0.426836,0.462884,0.490295,0.230169,0.143902,0.156662,-0.427624,0.144994,-0.48603,0.230809,-0.043692,0.287602,0.09142,-0.045474,0.470621,0.262378,-0.530683,-0.514485,0.032234,-0.217851,0.505278,-0.325981,0.01667,0.119277,0.276948,-0.041801,-0.217851,0.002337,0.240564,0.101152,0.073456,-0.124376,0.09142,0.143902,-0.530697,0.040873,0.262378,-0.189479,-0.403656,-0.383372,-0.415774,-0.419862,0.342413,-0.552573,-0.359484,0.017736,-0.277846,-0.04035,0.173152,-0.064635,0.560426,0.206565,-0.079217,-0.126438,0.087715,-0.003533,-0.321904,0.287602,-0.418068,-0.426836,#
8,-0.330466,-0.079712,-0.20929,0.063648,-0.405233,0.067503,-0.137771,-0.64793,1.0,0.398549,0.470277,-0.230123,-0.189194,0.584625,0.470584,0.002428,-0.808355,0.283305,0.524146,-0.206699,0.135703,-0.313996,0.510571,-0.083458,0.694384,-0.28149,-0.143581,0.533381,0.80585,0.193358,0.081776,-0.233943,0.362446,0.377657,-0.215866,0.147491,0.155868,-0.019363,-0.119114,0.063017,-0.220024,-0.228752,0.042705,0.409806,0.187357,-0.631602,0.18898,-0.076918,0.607087,0.006733,-0.296587,0.317672,-0.241552,0.398077,0.229593,-0.217357,0.107185,-0.216802,0.551226,-0.184115,0.269336,0.086804,-0.149633,0.045936,-0.2642,-0.051423,0.362446,-0.192893,0.194266,0.650276,-0.267861,-0.138338,0.305919,0.118419,0.13215,0.01213,-0.238225,-0.029681,-0.016059,-0.381536,-0.070174,-0.288148,-0.020585,-0.282639,-0.327412,-0.231074,0.181724,-0.01469,-0.471472,0.133952,0.13215,0.138074,-0.582104,0.598934,-0.020131,0.185591,-0.231074,-0.471472,0.381888,-0.070174,-0.456355,0.198201,0.041766,-0.170715,0.248645,-0.029681,-0.44732,0.024239,0.125066,0.034176,0.034176,0.415747,-0.064808,0.214483,-0.258007,-0.067453,0.125066,-0.009319,0.390188,0.118775,0.198201,-0.108687,0.442861,-0.238225,0.197532,0.008794,0.214483,0.289654,-0.007109,-0.245974,0.377585,-0.023139,-0.070174,0.47845,-0.297712,0.386938,-0.49558,-0.056848,0.683556,0.146167,-0.212702,-0.379232,-0.204518,-0.432217,-0.081051,0.379527,0.573631,-0.281398,0.253678,-0.231074,0.13215,0.263532,-0.238225,-0.423247,0.118419,-0.029681,0.429557,0.736373,0.118419,0.309145,-0.021282,-0.027167,0.205873,-0.028403,-0.288148,0.227015,-0.330466,-0.150697,-0.029681,0.212011,-0.373878,0.492757,-0.238225,-0.41364,0.472146,-0.327412,-0.495446,0.197899,0.272751,0.213604,0.290074,0.285517,-0.409503,0.339065,0.116715,0.061667,-0.115131,-0.287733,-0.152565,-0.354158,-0.381536,-0.237345,-0.000819,-0.181721,-0.011565,-0.202789,0.413841,0.263532,0.537037,-0.267049,#
9,0.242377,0.226589,0.39724,0.131932,-0.28545,0.265061,-0.285408,-0.292126,0.398549,1.0,-0.177275,-0.369956,0.566422,0.485834,0.304267,-0.187223,-0.618739,0.456838,0.384318,0.135503,0.002224,-0.101559,0.313602,-0.255806,0.123412,-0.604738,-0.004746,0.33158,0.153303,0.058089,-0.348367,0.380664,0.296239,0.276213,-0.537919,-0.458418,0.27499,0.216731,0.181135,-0.593237,0.128829,0.437717,0.16835,0.143762,-0.037045,-0.373768,0.45945,0.485982,0.619751,0.625786,-0.206515,0.495159,0.047161,0.429404,-0.438237,-0.051255,0.217871,-0.096356,0.205618,-0.103708,0.278994,-0.19621,-0.483229,0.219335,-0.052618,0.279691,0.296239,0.392061,0.099877,0.363568,0.351589,0.050285,0.171743,0.25467,0.272446,0.062037,0.530665,-0.13497,0.156481,0.207223,0.094106,0.328481,-0.158799,-0.0,0.272446,0.414098,-0.451517,-0.151297,0.206396,-0.039756,-0.148607,-0.109856,-0.390806,0.355626,0.215397,0.56263,0.414098,-0.257995,0.610192,-0.755699,-0.35783,-0.386008,-0.254751,-0.421521,0.001878,0.425674,-0.356191,-0.26585,-0.501073,-0.136376,0.740748,0.3501,0.107218,-0.378175,-0.437593,-0.20616,-0.501073,-0.146912,0.567001,-0.664385,0.098746,-0.007025,0.550325,-0.378175,-0.401993,0.616263,-0.378175,0.148487,0.159993,0.098746,0.546575,-0.127875,0.094106,0.96955,-0.172748,0.255006,-0.130662,0.18929,0.371756,-0.215619,0.087225,-0.389057,-0.792963,-0.54062,0.079079,0.499157,-0.015249,-0.0,-0.106295,-0.051762,-0.650154,0.334045,0.530665,0.255129,-0.16262,0.425674,0.630885,0.816211,-0.16262,0.242377,-0.242204,-0.09067,0.070521,0.587697,0.328481,-0.09225,-0.403962,-0.399412,-0.13497,0.114551,-0.238834,0.439163,0.530665,-0.257008,0.289192,0.272446,0.425674,-0.007967,-0.314109,0.288763,0.140971,0.329545,-0.601595,-0.353958,-0.523907,-0.031034,0.060877,-0.158929,-0.785047,0.297528,0.207223,-0.463569,-0.178944,-0.58812,-0.374207,-0.792781,0.162195,0.334045,0.698301,0.032305,#
10,-0.407495,-0.132122,-0.349819,0.481471,-0.12019,0.296248,0.416018,-0.349328,0.470277,-0.177275,1.0,0.089539,-0.349328,0.447745,0.683347,0.134757,-0.142841,-0.48111,-0.087986,0.083347,-0.299811,-0.077117,0.296248,-0.190224,0.533537,-0.115819,-0.102589,-0.061901,0.649223,0.098602,0.124158,-0.015073,0.271664,-0.182745,0.314424,-0.340965,-0.135318,0.22063,0.106832,0.611202,-0.379647,-0.038391,-0.451235,0.544683,0.365608,-0.311653,-0.33765,-0.279776,0.352713,-0.287453,-0.104886,0.318829,0.066259,-0.310842,0.346209,0.319053,0.134945,-0.249883,0.06553,0.461111,0.370677,-0.185836,0.002259,0.160757,0.29601,-0.245871,0.271664,-0.409573,-0.53866,0.329132,-0.158383,-0.11455,0.56894,-0.137893,-0.591979,0.125856,-0.380812,0.388266,-0.305618,-0.233635,-0.689102,-0.417793,0.212035,-0.800305,-0.573961,-0.4606,0.373679,0.213757,-0.997632,-0.446212,-0.149546,-0.424943,-0.404689,0.005207,-0.20757,0.035768,-0.049649,-0.563879,-0.150363,0.149917,-0.222211,0.499404,0.181265,0.027257,0.008561,-0.13539,0.104209,0.076682,-0.01278,0.274834,-0.170534,0.323907,-0.703801,0.06291,-0.404689,-0.170781,0.385032,-0.198217,-0.257836,0.309844,0.046632,0.04293,0.081544,0.080659,0.301794,0.157212,0.06291,0.415495,-0.493427,0.064046,-0.250231,0.405407,-0.689102,-0.117865,-0.548919,0.191315,-0.091864,-0.586429,0.047302,-0.135183,0.052851,-0.156609,0.088233,-0.338774,-0.269374,-0.35989,0.06291,-0.162133,0.795377,-0.025475,0.318912,-0.291456,-0.380812,-0.194077,-0.137893,-0.13539,-0.161201,0.052846,0.300587,0.245542,-0.196851,-0.151706,-0.32149,-0.671923,-0.417793,-0.079129,0.271664,0.205572,0.388266,0.044443,0.168344,-0.399565,-0.380812,0.13423,0.698396,-0.131529,-0.610932,0.019513,0.540467,-0.349406,0.57564,0.481746,0.233615,0.37319,0.466184,0.08645,0.483532,-0.563846,0.022627,-0.134193,-0.233635,-0.020097,0.26065,-0.068598,-0.292767,0.091576,0.17656,-0.291456,-0.178675,-0.391057,#
11,-0.218052,-0.052317,-0.653243,-0.284855,0.095502,0.364411,-0.207171,-0.00111,-0.230123,-0.369956,0.089539,1.0,-0.427525,-0.326798,0.347778,0.508435,0.363894,-0.627692,-0.298314,0.072785,-0.420118,-0.01488,-0.532653,0.329018,0.047583,0.400478,-0.114183,0.252746,0.118165,0.072688,0.278565,0.346555,-0.218052,-0.533458,0.41589,0.041444,-0.979206,0.383236,-0.425788,0.499348,0.041021,-0.163202,-0.774335,-0.347547,-0.224959,0.368701,-0.427919,-0.769998,-0.241557,0.315582,-0.504711,-0.519079,0.034714,-0.183622,0.241905,-0.005289,-0.274267,0.289621,-0.246179,0.161781,-0.460997,-0.09345,0.368137,0.209664,0.471551,-0.489866,-0.218052,-0.050851,-0.405732,-0.123564,-0.029777,-0.126022,0.054196,-0.524471,-0.066289,-0.728638,0.038412,0.202373,0.070909,0.054388,0.054388,-0.227897,-0.107773,0.02855,-0.066289,0.21007,0.19978,-0.531609,-0.112957,-0.234524,0.426144,0.190566,-0.249575,-0.651942,0.363875,0.056872,0.245254,-0.112957,-0.089019,0.507968,0.225152,0.029612,0.054388,-0.293893,0.190566,0.202373,0.291217,0.158013,0.180815,-0.100093,-0.532242,-0.218052,-0.372274,0.486186,-0.249575,-0.533851,0.214874,0.313135,-0.797731,0.436391,0.029612,-0.202883,-0.761601,0.486186,0.256127,-0.354547,0.486186,-0.374805,-0.383341,0.029612,-0.3643,-0.325401,0.054388,-0.324743,-0.089429,-0.088637,-0.326999,-0.533753,-0.442332,0.438561,0.520232,-0.078753,0.011306,0.134389,-0.368418,-0.517542,0.038412,-0.50991,-0.02841,0.21007,0.426144,-0.540097,0.038412,0.360532,-0.073978,0.202373,-0.531173,-0.564698,-0.036437,0.508788,-0.292469,-0.326282,0.02855,-0.368344,-0.227897,-0.065993,0.537861,0.603668,0.202373,-0.426144,0.533757,-0.162241,0.038412,0.080798,0.369341,-0.02841,-0.326911,-0.222021,0.031045,0.204579,0.042134,-0.438354,0.800229,0.200614,0.137983,0.071026,0.189859,0.404191,0.581979,-0.099228,0.054388,0.20052,-0.096591,-0.133948,-0.330585,0.513516,-0.355776,-0.540097,-0.472562,0.026157,#
12,0.461165,0.436874,0.207238,0.159391,-0.394751,-0.145672,-0.184525,0.098048,-0.189194,0.566422,-0.349328,-0.427525,1.0,0.204315,-0.087327,0.153891,-0.144815,0.472517,0.279887,0.547887,0.105906,0.096634,0.307917,-0.533487,-0.42785,-0.50016,-0.00641,-0.209516,-0.332139,-0.427183,-0.767278,0.436518,0.517749,-0.047786,-0.049605,-0.426238,0.438179,0.321975,0.034989,-0.798083,0.540532,0.707311,0.337364,0.125191,0.179718,-0.34846,0.499334,0.430389,0.155245,0.360128,0.254132,0.483088,0.022671,0.388035,-0.62705,0.477729,0.336053,-0.373475,-0.104109,0.220408,0.101319,-0.372245,-0.245004,-0.093762,-0.100862,0.244112,0.517749,0.455399,0.21754,-0.072146,0.465568,0.531067,0.041637,0.386812,0.398647,0.214523,0.527162,-0.32661,0.505961,0.093072,0.093072,0.218458,-0.059219,0.01667,0.398647,0.641673,-0.263027,0.344583,0.364095,0.220267,-0.043692,-0.250745,0.208558,0.152262,0.303601,0.543479,0.641673,-0.123774,-0.117813,-0.799696,0.284943,-0.427633,-0.392258,0.170777,-0.250745,0.262378,-0.21489,-0.346446,-0.653035,-0.129768,0.7917,-0.217851,0.505961,-0.427624,-0.184657,-0.059219,-0.653035,-0.052436,0.505961,-0.593005,0.081629,0.281816,0.281816,-0.427624,-0.445728,0.505961,-0.427624,0.075191,0.451592,0.081629,0.093072,0.173873,0.093072,0.564234,-0.048183,0.357603,0.172458,0.35122,-0.050814,-0.121029,0.034731,-0.334134,-0.427633,0.035871,0.084561,0.272466,-0.427624,0.084439,-0.128256,0.152262,-0.570595,0.160287,0.527162,0.364095,-0.051575,0.262378,0.273382,0.445277,-0.051575,-0.217851,-0.455485,0.213793,-0.42785,0.519259,0.218458,-0.065154,-0.217851,-0.382212,-0.32661,0.523976,-0.398842,0.231735,0.527162,0.084561,-0.113385,0.398647,0.756837,-0.216682,-0.433866,0.10959,0.029742,0.212492,-0.560456,-0.600914,-0.394049,-0.334372,0.146148,-0.04035,-0.77945,0.335007,0.093072,-0.244162,-0.531262,-0.160329,-0.427007,-0.427535,0.07315,0.160287,0.280707,0.034731,#
13,-0.166524,0.101985,0.034274,0.366345,-0.015515,0.166604,0.049827,-0.326496,0.584625,0.485834,0.447745,-0.326798,0.204315,1.0,0.641502,-0.111036,-0.407336,0.359522,0.009311,0.18468,-0.320839,0.235575,0.661002,-0.407795,0.238219,-0.761716,0.35557,0.382067,0.479472,0.202574,-0.301499,0.372797,0.635258,0.100398,-0.276493,-0.325814,0.160575,0.057726,0.283688,-0.034919,0.168901,0.374222,0.217752,0.318158,-0.046056,-0.754617,0.218672,0.223109,0.511693,0.339352,0.278304,0.367585,-0.326961,0.113666,0.002271,-0.166924,0.27995,-0.437854,0.281121,0.252469,0.020915,-0.414988,-0.417904,0.361846,0.158138,0.506865,0.635258,0.404204,0.105493,0.374681,0.177715,-0.194622,0.777556,-0.302156,-0.298499,0.193769,-0.326874,-0.249659,-0.177855,-0.093173,-0.611283,-0.499176,-0.407697,-0.327047,-0.298499,-0.069809,-0.074789,0.018959,-0.407685,-0.074789,-0.298499,-0.499302,-0.499185,0.452659,0.038367,0.144776,-0.069809,-0.407685,0.120859,-0.611283,-0.646859,-0.32688,-0.093173,-0.058993,0.012472,-0.249659,-0.36482,-0.59105,-0.499176,0.566448,0.566448,0.696934,-0.177855,-0.326874,-0.499185,-0.407697,-0.499176,-0.407622,0.348631,-0.324247,-0.32688,-0.469002,0.169205,-0.326874,-0.085225,0.348631,-0.326874,-0.039143,-0.337246,-0.32688,-0.093173,0.295362,-0.611283,0.503522,-0.762085,0.025218,-0.249726,-0.407622,0.358402,-0.294848,-0.326271,-0.639293,-0.32688,-0.834089,-0.611225,0.205766,-0.326874,-0.219274,0.263993,-0.069809,-0.298499,0.061201,-0.326874,-0.407685,-0.302156,-0.249659,0.575925,0.581648,-0.302156,-0.166524,-0.005499,-0.249178,0.238219,0.358388,-0.499176,0.283046,-0.166524,-0.166269,-0.249659,0.135423,-0.107166,0.103634,-0.326874,-0.611225,0.595064,-0.298499,-0.249659,-0.000228,0.211754,-0.058691,0.750545,0.147476,-0.417259,0.100517,-0.085205,0.371278,0.106886,-0.762241,-0.595807,0.104884,-0.093173,-0.036187,0.102097,-0.127869,-0.199964,-0.326806,0.365298,0.061201,0.118399,-0.326271,#
14,-0.271775,0.190082,-0.366696,0.396248,-0.066058,0.616008,0.043466,-0.532858,0.470584,0.304267,0.683347,0.347778,-0.087327,0.641502,1.0,0.22989,-0.249408,-0.295374,-0.070211,0.341782,-0.523626,0.060657,0.232346,-0.281391,0.36431,-0.402278,0.05604,0.329685,0.733895,0.356552,-0.014405,0.472976,0.401192,-0.238679,0.014267,-0.531745,-0.458019,0.54165,-0.019655,0.288161,-0.11721,0.352668,-0.595934,0.182373,-0.052771,-0.418577,-0.075516,-0.278881,0.515196,0.494616,-0.246857,0.128722,-0.121558,0.0134,0.148656,0.135108,-0.068428,-0.168157,-0.061664,0.334407,0.155773,-0.40489,-0.134294,0.411261,0.429507,-0.148201,0.401192,0.191735,-0.481202,0.530612,-0.021561,-0.326914,0.822776,-0.437431,-0.43096,-0.117094,-0.118224,0.063752,-0.237661,-0.174496,-0.609367,-0.435656,-0.286056,-0.533756,-0.43096,-0.061726,-0.070507,-0.305915,-0.665362,-0.457155,0.007439,-0.431357,-0.814695,-0.01474,0.116928,0.293665,0.345479,-0.665362,0.174353,-0.205559,-0.38156,-0.126062,-0.174496,-0.4417,-0.001805,0.063752,-0.12991,-0.134933,-0.435656,0.153232,0.153232,0.452959,-0.632215,-0.118224,-0.814695,-0.665381,-0.04147,-0.280585,-0.190314,-0.007969,-0.126062,-0.204253,-0.165991,-0.118224,0.075324,0.20424,-0.118224,0.150925,-0.639404,-0.126062,-0.174496,0.050916,-0.609367,0.356011,-0.831116,0.093765,-0.407565,-0.665259,-0.088364,0.01802,0.311008,-0.58426,-0.533485,-0.646074,-0.613007,-0.364805,-0.118224,-0.364706,0.479561,-0.061726,0.007439,-0.486807,-0.118224,0.130868,-0.437431,0.063752,0.161833,0.257838,-0.002949,0.375309,-0.460049,-0.406672,-0.059306,-0.182494,-0.435656,0.060889,0.401192,0.290581,0.063752,-0.144315,0.23318,-0.184561,-0.118224,-0.213082,0.996929,0.007439,-0.407455,-0.007179,0.338035,0.074587,0.804529,0.280369,0.134224,0.205816,0.173925,0.208786,0.487576,-0.395089,-0.251017,0.163914,-0.174496,-0.037715,0.159557,-0.341056,-0.641003,-0.083122,0.223404,-0.486807,-0.051282,-0.128853,#
15,-0.407531,0.35689,-0.776828,0.086448,-0.668538,-0.173657,0.006286,0.086068,0.002428,-0.187223,0.134757,0.508435,0.153891,-0.111036,0.22989,1.0,-0.174821,-0.125145,0.374833,0.577266,0.204544,0.065434,-0.173657,-0.207346,0.071493,0.351117,-0.122715,0.026414,0.187411,-0.340804,-0.462743,0.2481,0.285005,-0.148625,0.794061,0.096785,-0.443142,0.24453,-0.795783,0.092384,0.541244,0.100721,-0.348883,-0.193336,-0.028527,-0.120523,-0.328618,-0.611826,0.150774,0.161737,-0.196146,-0.015564,-0.376125,0.423417,-0.34126,0.377001,0.087657,-0.058685,0.176761,0.382288,-0.298869,0.122146,0.008555,0.088273,0.325223,-0.545033,0.285005,-0.024527,-0.014051,-0.178462,-0.037466,0.390276,0.083625,-0.085984,0.345301,-0.442961,0.116031,-0.126076,0.571685,-0.255911,0.16716,-0.385549,0.252307,-0.381878,-0.114011,0.401791,0.34874,0.254389,-0.152819,0.405849,0.796448,-0.03046,-0.002178,-0.422079,0.210278,0.558556,0.434025,-0.612127,-0.590464,0.125793,0.502389,0.063236,-0.289757,-0.075854,-0.03046,0.428431,0.096737,-0.149492,-0.044144,-0.220374,-0.144684,-0.407531,0.165659,0.490066,-0.002178,-0.138048,-0.01294,0.65014,-0.224126,0.290729,0.542684,0.112219,-0.399656,0.037605,0.504004,-0.24801,0.490066,-0.215537,0.078637,0.098751,-0.216424,-0.1384,0.16716,-0.106319,-0.097518,0.678876,-0.611149,-0.125743,-0.116236,0.318961,0.069549,-0.147184,0.046465,0.335596,-0.228589,-0.215373,0.079834,-0.358208,-0.116053,-0.05897,0.30039,-0.303035,0.116031,0.280972,0.326739,0.428431,-0.599106,-0.069868,0.361132,0.258369,-0.447819,-0.142737,-0.381878,-0.252299,-0.385549,0.332863,0.285005,0.183819,-0.126076,0.556993,-0.280791,0.274817,0.116031,0.182964,0.25138,-0.079308,-0.056478,0.003054,0.079199,0.38235,0.089533,-0.156815,0.224829,-0.33573,0.282116,-0.528672,-0.098566,0.362443,0.166025,-0.159852,-0.255911,-0.028876,-0.569932,-0.238072,-0.589398,0.508241,0.167163,-0.303035,-0.137209,-0.383103,#
16,0.363233,-0.227306,-0.012024,-0.237981,0.672279,0.120423,0.010145,0.35709,-0.808355,-0.618739,-0.142841,0.363894,-0.144815,-0.407336,-0.249408,-0.174821,1.0,-0.468882,-0.820595,-0.079177,-0.523654,0.168863,-0.302474,0.19836,-0.533785,0.110116,0.062669,-0.36345,-0.559813,-0.079071,0.281583,0.181666,-0.27179,-0.664927,0.125474,-0.071708,-0.320884,0.167957,0.304904,0.259949,-0.072429,0.038109,-0.195836,-0.131804,0.012229,0.496332,-0.134591,-0.165198,-0.81487,-0.14976,0.243822,-0.435037,0.359358,-0.701843,0.351621,0.136713,-0.156983,0.066487,-0.686218,0.201795,-0.32931,-0.388633,0.486843,-0.144361,0.167785,0.086569,-0.27179,0.043643,-0.281391,-0.426738,0.162686,-0.037469,-0.095946,-0.342458,-0.378931,-0.071767,-0.125993,0.140903,-0.188953,0.246735,-0.205134,-0.001663,-0.223966,0.330913,0.111645,-0.013381,0.047765,-0.210284,0.131313,-0.402208,-0.345837,-0.032059,0.386257,-0.428365,0.167232,-0.531662,-0.013381,0.585546,-0.276876,0.277218,0.280786,-0.059363,0.246735,0.395366,-0.032059,-0.407477,0.393627,0.128473,0.028094,0.227738,-0.270121,-0.27179,-0.188953,-0.093392,0.018517,-0.223966,0.028094,-0.257591,-0.607129,0.15583,-0.533514,-0.086032,-0.592946,0.389868,-0.273455,-0.147956,-0.093392,-0.248868,-0.232054,-0.059363,-0.616657,0.173334,-0.205134,-0.645195,0.078704,-0.662886,0.602978,-0.287791,-0.714847,0.07899,0.310492,0.158708,0.372453,0.287159,-0.172705,-0.514546,-0.533503,-0.012786,0.111645,0.442289,0.14474,-0.380721,-0.125993,0.131313,-0.309659,-0.407477,-0.301132,-0.849758,-0.309659,-0.27179,0.010536,0.09811,-0.084807,-0.181118,-0.001663,-0.343636,0.414035,0.36833,0.140903,-0.531166,0.6653,-0.684163,-0.125993,0.234861,-0.264427,0.111645,0.054947,-0.402133,-0.100563,-0.412283,-0.094173,-0.362681,0.592143,0.250054,0.012652,0.303947,0.359823,0.046412,0.359224,0.14342,0.246735,0.418384,0.15912,0.500878,0.214419,0.353706,-0.573531,-0.380721,-0.766222,0.310492,#
17,0.211329,0.147223,0.277822,-0.033226,-0.172551,-0.32835,-0.156316,-0.106313,0.283305,0.456838,-0.48111,-0.627692,0.472517,0.359522,-0.295374,-0.125145,-0.468882,1.0,0.376686,-0.002103,0.474763,-0.001231,0.552803,-0.400816,-0.033652,-0.424993,0.130131,0.159624,-0.042432,-0.0014,-0.323882,-0.075572,0.239886,0.606358,-0.460533,0.351216,0.579546,-0.348845,0.026178,-0.596063,0.374687,0.236381,0.833434,-0.088723,-0.209886,-0.410257,0.471516,0.357167,0.10481,0.203357,0.45097,0.18615,-0.513286,0.639853,-0.320674,-0.352169,0.180537,-0.059155,0.315914,-0.250301,-0.124726,0.127286,-0.424404,-0.242906,-0.514092,0.417255,0.239886,0.501249,0.898418,0.138506,-0.029639,0.061398,-0.002802,0.106287,0.498582,0.289773,-0.004528,-0.753545,0.302985,-0.138499,0.332235,-0.158617,-0.308819,0.358954,0.006128,0.165279,-0.31719,0.112609,0.502177,0.63137,0.033487,0.159705,0.148062,0.698927,-0.006979,-0.004469,-0.180322,0.009727,0.132909,-0.586049,-0.297946,-0.510658,-0.174786,0.105332,0.142779,-0.159027,-0.373282,-0.375461,-0.277678,-0.007491,0.586578,0.239886,0.773134,-0.134968,0.181137,0.143183,-0.61223,0.04394,0.877611,-0.509765,0.003385,-0.249819,0.298989,-0.620077,-0.25803,-0.053468,-0.134968,-0.191442,0.3504,-0.472581,0.435051,-0.246406,0.332235,0.409986,0.013712,0.132338,-0.228912,0.5872,0.416259,-0.014139,-0.499472,-0.181529,-0.15104,-0.162933,-0.027952,0.625474,-0.006684,0.181557,-0.423948,-0.328728,-0.498363,0.463956,-0.004528,-0.307426,0.014099,-0.159027,0.58784,0.653097,-0.354653,-0.502619,0.215434,0.316222,0.37765,0.791325,-0.158617,0.513398,-0.502619,-0.649148,-0.753545,0.468816,-0.604395,0.688451,-0.004528,-0.486172,-0.340456,-0.365948,0.360869,0.286412,-0.023691,0.471563,-0.015567,-0.120527,-0.879221,-0.248853,-0.139829,-0.151643,-0.626182,0.032842,-0.507661,0.136117,-0.138499,-0.237244,-0.276625,0.085522,0.317452,-0.152087,0.435134,0.463956,0.557236,0.024665,#
18,-0.33547,0.454409,-0.132338,0.036912,-0.826471,-0.475751,-0.182949,-0.171242,0.524146,0.384318,-0.087986,-0.298314,0.279887,0.009311,-0.070211,0.374833,-0.820595,0.376686,1.0,0.245083,0.691069,-0.080339,0.006589,-0.040972,0.147555,0.205164,-0.077198,0.234927,0.321901,-0.138117,-0.444673,-0.365413,0.345953,0.495563,0.15464,0.232219,0.361211,-0.092302,-0.636588,-0.494531,0.238493,-0.129599,0.161681,-0.004907,0.106481,-0.449893,0.285284,0.152597,0.623809,-0.020634,-0.262179,0.232092,-0.308199,0.802851,-0.404291,0.10871,-0.016357,-0.253677,0.598957,-0.377264,0.287528,0.462768,-0.125945,0.018939,-0.302187,-0.222909,0.345953,-0.156259,0.291594,0.253569,-0.226913,0.273906,-0.205707,0.620098,0.638543,0.033315,0.175508,-0.102161,0.354766,-0.435894,0.404996,0.185482,0.347218,-0.178438,0.186602,0.147204,0.10041,0.410048,0.073277,0.65773,0.638543,0.166487,-0.169986,0.240489,-0.094912,0.608038,0.147204,-0.37866,-0.019259,-0.044588,0.28415,0.12483,-0.469196,-0.199031,-0.252928,0.443447,-0.529781,0.052519,0.152973,-0.430238,0.0338,-0.309261,0.466629,0.139892,0.254979,0.454764,0.152973,0.363845,0.482609,0.137786,0.596584,0.461954,0.481326,-0.305309,0.407193,-0.052265,0.139892,0.304603,0.611213,0.159775,0.420723,-0.0384,0.404996,0.485226,0.203901,0.763864,-0.503083,0.472906,0.573216,0.164828,-0.283162,-0.121159,-0.221705,0.2506,0.389374,0.423632,0.610815,-0.017452,-0.310534,-0.306162,0.150446,0.309664,0.175508,-0.037382,0.620098,0.443447,0.092574,0.605619,0.620098,0.21491,-0.128217,-0.042404,-0.161281,0.072394,0.185482,0.302643,-0.33547,-0.123203,-0.102161,0.676104,-0.878391,0.662041,0.175508,-0.046725,-0.037808,0.186602,0.042661,0.277776,-0.18255,0.314741,-0.189118,0.258856,-0.474014,-0.342399,-0.063547,-0.436832,-0.344933,0.218319,-0.125358,-0.368761,-0.435894,-0.146034,-0.315675,-0.255987,-0.245843,-0.22,0.487208,0.309664,0.578344,-0.158453,#
19,-0.218169,0.866748,-0.198947,0.584489,-0.326355,-0.078906,0.232079,0.078468,-0.206699,0.135503,0.083347,0.072785,0.547887,0.18468,0.341782,0.577266,-0.079177,-0.002103,0.245083,1.0,0.086321,0.55241,-0.095722,-0.534267,-0.428476,-0.041109,0.346028,-0.226189,0.111826,0.059492,-0.703898,0.349709,0.490881,-0.066077,0.39798,-0.426861,-0.051757,0.341933,-0.426018,-0.343833,0.504972,0.709754,-0.203292,-0.322896,-0.253216,-0.320943,0.054232,0.076586,0.374105,0.399764,0.305806,0.003541,-0.428364,0.414124,-0.568273,0.501474,-0.197774,-0.296829,-0.148726,0.271998,0.107723,-0.081813,-0.221507,0.298027,0.359109,-0.122234,0.490881,0.490308,-0.202278,0.03068,-0.035007,0.038554,0.493646,-0.086998,-0.079422,0.219496,0.072061,-0.327087,0.058688,-0.333052,-0.333052,-0.197324,-0.077112,-0.428476,-0.079422,0.198017,-0.277976,0.3122,-0.063862,0.187874,0.400248,-0.654154,-0.202517,-0.27373,-0.139354,0.507859,0.643557,-0.534123,-0.534403,-0.359041,0.337695,-0.428258,-0.800865,-0.262828,-0.654154,0.240643,-0.196207,-0.311558,-0.653989,-0.145054,0.337798,-0.218169,0.058688,-0.42825,-0.202517,-0.077112,-0.222695,-0.07057,0.058688,-0.126999,0.062623,0.283383,-0.260854,-0.42825,0.228911,0.058688,-0.42825,0.085458,-0.108286,0.062623,-0.333052,0.155389,-0.333052,0.176221,-0.501264,0.324742,-0.327175,-0.07057,-0.377466,-0.100206,0.014176,-0.325029,-0.428258,0.043219,-0.337475,-0.441229,-0.42825,0.11998,-0.107638,-0.27373,-0.107638,-0.560107,0.072061,0.380272,-0.086998,0.240643,-0.128436,0.040907,0.388386,-0.218169,-0.467272,-0.326458,-0.428476,0.067223,-0.197324,0.384919,0.518152,0.210933,-0.327087,0.489075,-0.36442,-0.168247,0.072061,0.100099,0.345891,0.400248,0.240643,0.201701,0.04816,0.11331,0.520279,0.214528,-0.092467,-0.571698,0.157621,-0.29666,0.165531,-0.023728,-0.364617,0.352937,-0.333052,0.196037,-0.080652,-0.139465,-0.766976,0.064467,0.491687,-0.560107,-0.193043,0.014176,#
20,-0.214076,0.262518,0.145471,0.196636,-0.496687,-0.522942,0.295652,0.105906,0.135703,0.002224,-0.299811,-0.420118,0.105906,-0.320839,-0.523626,0.204544,-0.523654,0.474763,0.691069,0.086321,1.0,-0.089792,-0.033364,-0.183826,0.120125,0.454643,-0.10086,-0.279647,-0.002951,-0.041978,-0.187681,-0.615884,-0.214076,0.797109,0.109167,0.481254,0.513375,-0.523867,-0.418025,-0.293186,0.093696,-0.145921,0.439795,-0.252233,-0.134468,0.067018,-0.060017,0.158165,0.222103,-0.318034,0.163808,0.099276,-0.420328,0.639614,-0.472887,-0.029958,-0.06362,0.256851,0.399404,-0.314445,0.25756,0.825722,-0.33435,-0.295267,-0.398618,-0.280002,-0.214076,-0.140803,0.496696,-0.030583,-0.442694,0.136232,-0.420063,0.466902,0.479314,0.328478,0.099282,-0.320951,0.243512,-0.300087,0.554838,0.154898,0.462953,-0.060062,-0.090238,-0.150217,-0.117167,0.4895,0.296232,0.695475,0.479314,0.202587,0.333367,0.22206,-0.523178,0.119647,-0.150217,-0.192062,-0.187278,0.069085,0.192354,0.130258,-0.261227,-0.097508,-0.123685,0.268551,-0.048749,0.135684,0.192832,-0.522538,-0.021169,-0.214076,0.579163,0.140841,0.65215,0.785649,0.192832,0.476966,0.579163,-0.040019,0.639963,0.376296,0.376296,-0.420215,0.345098,-0.289581,0.140841,0.192882,0.456071,0.089482,0.554838,-0.319469,0.554838,-0.038394,0.445112,0.504574,-0.321037,0.804212,0.308677,-0.040218,-0.41944,0.497035,0.130258,0.444285,0.542018,0.283419,0.4941,0.543038,-0.406655,-0.640055,-0.048049,0.289356,0.099282,-0.035808,0.466902,0.268551,-0.141547,0.296413,0.466902,-0.214076,0.240664,0.258841,-0.060062,0.054322,0.154898,0.463208,-0.214076,-0.44553,-0.320951,0.67854,-0.764562,0.489227,0.099282,0.214883,-0.494464,-0.090238,0.268551,0.660478,0.173326,0.413994,-0.379705,0.202388,-0.495294,-0.466263,0.298908,-0.673817,-0.698991,0.456981,0.011518,-0.02896,-0.300087,-0.264995,-0.130381,-0.07045,0.195245,0.132313,0.561945,0.289356,0.530617,-0.045246,#
