0,1.0,-0.238792,0.176688,-0.41371,0.438345,0.161897,0.434087,-0.264672,0.00769,-0.051438,0.575606,-0.574535,0.636182,0.167439,-0.241082,0.146649,0.106897,0.149121,0.212738,0.181463,-0.279598,0.010169,0.110461,-0.111509,-0.391743,0.100469,-0.010208,-0.007654,0.15549,0.233271,-0.381937,0.028828,0.15549,4.6e-05,0.355813,0.446035,0.52967,0.347084,-0.381937,0.310174,-0.54746,-0.189432,0.201674,-0.028007,0.230502,-0.324162,0.684707,0.207271,-0.274896,-0.238792,0.405426,-0.331458,-0.007654,-0.19151,0.170368,-0.234474,0.101624,0.129932,0.198146,0.500719,0.046453,-0.116839,-0.324496,0.370422,-0.362521,-0.238893,0.28454,-0.154678,-0.460558,-0.013853,0.438494,0.415188,0.446035,-0.092283,-0.110108,0.402398,-0.330596,-0.388256,0.052596,0.080985,0.418778,0.558825,-0.577394,-0.231851,-0.073057,0.174533,-0.346646,0.238443,-0.347378,-0.073057,-0.407584,-0.040854,0.063896,-0.205375,-0.00095,-0.347378,-0.110108,-0.775609,-0.082199,-0.407584,-0.075434,-0.330596,-0.201608,-8.6e-05,0.138652,0.0,-0.355599,0.308839,0.080985,-0.108957,-0.254336,0.233271,-0.504812,-0.407584,-0.002794,0.310174,-0.444025,0.197791,-0.185738,-0.011623,-0.407584,0.0,-0.271607,0.093772,-0.324496,0.351463,0.158973,0.510745,0.004696,-0.385731,0.197791,-0.144393,0.140281,0.369782,0.602374,-0.161672,0.446035,-0.166395,-0.107333,0.602374,0.064845,0.55183,-0.201336,-0.152202,-0.356861,0.396511,0.0,-0.018478,-0.227747,0.0,-0.185649,0.13636,-0.407584,0.096077,0.598301,-0.044862,0.032281,-0.028816,-0.55274,-0.081928,-0.038211,0.258905,0.0,0.326719,0.815773,-0.01048,0.088942,0.40334,-0.407584,0.42769,-0.060378,-0.251323,0.0,0.20627,-0.61885,0.267922,-0.347378,-0.80064,-0.222295,-0.545168,-0.09086,0.224315,0.110734,0.195847,-0.055575,0.080985,0.457372,0.434324,0.27314,0.28118,-0.026079,-0.101568,0.449734,-0.175156,0.149996,0.422964,0.254408,0.369824,-0.133539,0.055379,#
1,-0.238792,1.0,-0.231429,0.298222,0.375359,0.434038,-0.132519,-0.132519,-0.297699,-0.260843,0.24573,0.30648,-0.19474,-0.315968,-0.285248,0.192024,0.24557,-0.261239,-0.469161,-0.327302,0.382619,-0.402223,-0.19474,-0.653643,0.160957,-0.498053,-0.275644,0.184646,-0.15883,0.081975,0.294235,-0.191621,-0.15883,7.8e-05,-0.196804,0.18768,-0.168753,-0.426169,0.294235,0.12512,-0.491095,-0.168753,-0.298622,0.27772,-0.476818,0.245666,-0.309226,-0.225544,0.606058,1.0,-0.221606,0.632397,0.184646,0.940545,0.371804,-0.298305,-0.201543,0.657325,-0.303198,-0.150572,-0.168305,0.066053,0.636321,-0.052737,-0.169412,0.318747,0.12512,0.175949,-0.027634,-0.216508,-0.156857,-0.241847,0.18768,0.18768,0.305856,-0.096846,0.24573,0.374586,0.325748,-0.46069,-0.267314,0.24573,0.305856,0.381102,0.18768,-0.251919,0.245213,0.229326,0.24573,0.18768,0.12512,0.51926,-0.46069,0.407419,-0.267314,0.24573,0.305856,0.324091,-0.23156,0.12512,0.492074,0.24573,0.4587,0.350459,-0.116864,0.0,0.653754,0.305856,-0.46069,0.187558,0.429629,0.081975,-0.197464,0.12512,-0.324511,0.12512,0.220002,0.459719,-0.470893,-0.328047,0.12512,0.0,-0.239367,0.166574,0.636321,-0.158319,-0.195011,-0.162912,-0.242718,-0.281631,0.459719,0.156166,0.245213,-0.165911,-0.195011,-0.351258,0.18768,0.30648,0.240704,-0.195011,0.21844,-0.226518,0.281701,0.453137,0.374586,-0.310792,0.0,-0.094016,0.433024,0.0,0.4587,-0.226518,0.12512,0.244713,-0.085919,0.186718,-0.088515,-0.40797,-0.23156,0.187275,-0.197464,-0.996644,0.0,0.279769,-0.218804,0.302575,0.24573,0.350616,0.12512,-0.629284,0.493044,0.291559,0.0,-0.207099,0.229723,-0.351258,0.24573,0.187088,-0.310931,0.305856,-0.279498,-0.245708,0.23626,-0.294527,0.492553,-0.46069,-0.281986,-0.267314,0.30648,0.230641,0.571885,0.178899,-0.160379,-0.307874,0.212901,-0.297699,0.231645,-0.169994,-0.298951,-0.573371,#
2,0.176688,-0.231429,1.0,-0.8318,0.41829,-0.234004,-0.231429,-0.231429,0.813765,0.43748,0.094598,0.242178,0.135903,0.193805,0.182832,-0.341367,-0.369851,-0.285305,0.28601,0.231379,0.193805,-0.026399,0.135903,0.395474,-0.364401,0.106211,0.430397,0.392128,0.123401,-0.40815,-0.376985,0.856332,0.640888,-4.6e-05,-0.075369,-0.098869,0.343792,0.655616,-0.031334,-0.40815,0.206359,0.343792,-0.218859,-0.191214,-0.136429,-0.365512,0.043677,0.051342,-0.213352,-0.231429,-0.058015,-0.332865,0.392128,-0.321173,0.347443,0.293453,-0.394406,-0.364752,-0.241901,-0.046543,0.126513,-0.601647,-0.474548,0.478392,0.414037,0.192186,0.276325,-0.114789,0.59698,-0.136023,-0.235367,0.280529,-0.098869,0.414488,-0.13722,-0.244053,0.078002,0.439162,0.021438,0.525515,0.398093,0.094598,0.277097,-0.193367,-0.098869,0.5956,0.111596,-0.137407,0.526096,-0.098869,0.276325,0.37105,0.542416,0.224346,0.398093,0.526096,-0.13722,-0.389669,-0.029778,-0.40815,-0.502886,0.078002,0.192365,0.006064,0.625488,0.0,-0.354916,-0.13722,0.525515,-0.115353,-0.170276,-0.40815,-0.061906,0.250974,0.416412,-0.40815,0.147031,0.580605,-0.57403,-0.361852,0.250974,0.0,0.200695,-0.272638,-0.474548,0.363676,0.999068,-0.329221,0.459076,0.01073,0.580605,-0.103705,-0.335554,0.011381,0.576228,0.235938,-0.098869,0.661331,0.356079,0.591889,0.11145,0.5956,-0.101328,0.116252,0.020009,-0.413279,0.0,-0.613964,-0.221691,0.0,0.192365,0.5956,-0.40815,0.103313,0.625488,-0.051932,0.698535,-0.249493,-0.047013,-0.068523,-0.061906,0.276325,0.0,0.606537,-0.059708,-0.358364,0.526096,0.008832,0.276325,-0.113478,-0.489891,-0.186761,0.0,0.184521,-0.148457,0.251673,0.526096,-0.347925,0.617354,-0.153156,-0.03555,0.579912,-0.314079,-0.208415,-0.506638,0.542416,0.572537,0.398093,-0.161452,-0.571997,0.388356,-0.059566,-0.188796,0.581738,-0.385315,0.41829,-0.105176,-0.044815,0.548767,-0.353496,#
3,-0.41371,0.298222,-0.8318,1.0,-0.602913,-0.001507,0.298222,0.298222,-0.602913,-0.294098,-0.221498,0.009347,-0.04422,-0.033136,-0.009337,0.199913,0.244037,0.393928,-0.014594,-0.065189,-0.033136,-0.171564,-0.04422,-0.003816,0.644354,-0.216471,-0.288039,-0.083204,-0.015239,0.328168,0.57785,-0.683184,-0.534531,-4.6e-05,-0.213697,-0.003816,-0.446125,-0.495756,0.230993,0.328168,-0.058287,-0.420638,-0.016215,0.01373,-0.030266,0.240025,-0.272979,-0.086078,0.279069,0.298222,-0.230281,0.452281,-0.083204,0.30751,-0.314682,-0.24465,0.471745,-0.024897,0.006224,-0.488499,0.004165,0.477281,0.441647,-0.384645,-0.307831,-0.025796,-0.333256,-0.023137,-0.432298,0.228804,-0.331991,-0.190499,-0.003816,-0.499884,-0.015102,-0.331655,0.211505,-0.21879,-0.219325,-0.21322,-0.197041,-0.221498,-0.015102,-0.041606,-0.003816,-0.421652,0.209782,-0.029356,-0.221498,-0.003816,-0.333256,-0.241861,-0.654169,-0.445372,-0.197041,-0.221498,-0.015102,0.586761,-0.25856,0.353607,0.199736,0.211505,-0.018125,0.181785,-0.517549,0.0,0.453879,-0.015102,-0.21322,0.031861,0.350646,0.328168,0.2018,0.328168,-0.210406,0.328168,0.17527,-0.414385,0.407415,0.153578,0.328168,0.0,-0.018292,0.134753,0.441647,-0.231401,-0.815192,0.227515,-0.28697,0.199847,-0.414385,0.492001,0.209782,-0.308375,-0.406592,0.005176,-0.003816,-0.411269,-0.120681,-0.815192,-0.237717,-0.421652,0.373956,-0.043601,0.186248,0.114541,0.0,0.63908,0.385871,0.0,-0.018125,-0.421652,0.353607,-0.213135,-0.517549,-0.031406,-0.455292,0.25569,0.191109,-0.015007,0.2018,-0.333256,0.0,-0.460758,-0.245437,0.164406,-0.221498,0.179938,-0.333256,0.010352,0.18886,0.437295,0.0,-0.006661,0.384458,-0.405363,-0.221498,0.639942,-0.454306,0.40066,-0.250154,-0.42569,0.19752,-0.018924,0.205069,-0.654169,-0.39906,-0.197041,0.009347,0.390913,-0.240428,-0.015237,-0.379237,-0.427711,0.619432,-0.602913,-0.060015,-0.244104,-0.534691,0.211505,#
4,0.438345,0.375359,0.41829,-0.602913,1.0,0.418675,-0.297699,-0.297699,0.2,-0.163982,0.654654,0.0,0.029214,-0.391799,-0.397226,0.24095,0.218075,-0.514978,-0.093486,-0.040253,0.023988,0.165295,0.029214,-0.5,-0.654496,-0.212499,-0.175311,0.08008,0.019386,-0.333333,-0.577128,0.241847,0.523409,0.0,0.220618,0.5,0.427465,0.060604,-0.24047,0.333333,-0.385372,-0.240449,0.007508,-0.008776,-0.395767,0.212265,0.257151,0.071709,0.256427,0.375359,0.237322,-0.030303,0.08008,0.384756,0.74198,0.221981,-0.49013,0.535599,-0.0,0.496187,-0.489262,-0.504498,0.071709,0.3907,-0.365024,0.354102,0.333333,0.358589,-0.059638,-0.257342,0.337964,0.143831,0.5,0.5,0.442339,0.387228,0.218218,0.226805,0.617666,-0.209877,0.213375,0.654654,0.023281,0.046997,0.5,0.023088,-0.201008,0.023313,0.218218,0.5,0.333333,0.671681,0.234568,0.453826,0.213375,0.218218,0.442339,-0.17205,-0.163668,-0.333333,0.247142,0.218218,0.438086,0.213375,0.534417,0.0,0.056911,0.442339,-0.209877,-0.016119,0.012031,-0.333333,-0.174782,-0.333333,-0.181678,0.333333,-0.18165,0.816497,-0.816042,-0.087438,-0.333333,0.0,-0.375977,-0.140803,0.071709,0.246108,0.423279,-0.225945,0.185841,-0.17205,0.816497,-0.499745,0.251259,0.377388,0.423279,0.011494,0.5,0.408248,0.115987,0.835118,0.234568,0.023088,-0.36805,0.476083,0.226805,-0.21726,0.0,-0.635224,0.03491,0.0,0.438086,0.023088,-0.333333,0.226185,0.534417,0.045222,0.027799,-0.477567,-0.616902,0.029348,-0.174782,-0.333333,0.0,0.745346,0.260453,-0.157243,0.218218,0.216059,0.333333,0.014278,0.269755,-0.430819,0.0,0.03491,-0.393781,0.425287,0.218218,-0.632194,0.026398,0.023281,-0.200739,0.420152,0.240879,0.025828,0.258093,0.234568,0.39315,0.213375,0.408248,0.041408,0.688062,0.030715,0.385871,-0.02805,-0.149805,0.6,0.054233,0.274657,0.120421,-0.654654,#
5,0.161897,0.434038,-0.234004,-0.001507,0.418675,1.0,-0.257151,0.434038,-0.402876,-0.501449,0.09481,-0.161248,-0.403481,-0.676169,-0.225301,-0.341251,0.542648,-0.509292,-0.255452,-0.711325,0.162015,-0.026115,-0.403481,-0.612213,-0.381722,0.088968,-0.581316,-0.602318,-0.374419,0.250152,-0.459703,-0.154885,-0.374419,0.0,0.343327,-0.098744,-0.183612,-0.541325,-0.03166,0.276483,-0.554885,-0.183612,-0.233969,-0.16187,-0.16876,0.542861,-0.247151,-0.353233,0.068467,0.434038,-0.057581,-0.001197,-0.014911,0.361059,0.364235,-0.033524,0.108708,0.636569,-0.241597,0.498665,-0.431832,-0.123391,0.172773,0.368157,-0.36044,0.077559,0.276483,0.155797,-0.318,-0.294768,0.337533,-0.444665,-0.098744,0.414725,0.245518,0.424794,0.09481,0.408496,0.021735,-0.344751,-0.393446,0.09481,0.245518,0.153143,0.414725,-0.644724,0.077408,0.254139,0.09481,0.414725,0.276483,-0.063189,0.111666,0.176952,0.021735,0.09481,0.245518,0.003171,-0.097962,0.276483,0.373294,0.09481,0.587403,-0.016412,-0.365505,0.0,0.084294,0.675865,-0.801168,0.414456,0.546939,0.250152,-0.070021,-0.408142,-0.383907,0.276483,0.044073,0.177373,-0.190023,0.060685,-0.408142,0.0,0.153143,0.116789,0.172773,-0.090402,-0.229992,-0.171661,-0.195391,0.003171,0.177373,-0.132532,0.541859,-0.029298,-0.229992,-0.149365,0.414725,0.257997,-0.102313,0.192941,0.06973,-0.25716,-0.249069,0.687023,-0.01075,-0.163044,0.0,-0.251989,0.567627,0.0,0.161194,-0.25716,0.276483,0.130853,0.106652,-0.144678,-0.377713,-0.258275,-0.563405,0.413831,-0.531566,-0.408142,0.0,0.005886,-0.07593,0.00414,-0.353383,-0.018134,0.276483,-0.084031,0.369549,-0.247952,0.0,-0.253249,-0.176642,-0.149365,0.09481,-0.330287,-0.233557,0.245518,-0.109869,-0.240879,0.539136,0.190771,0.361322,-0.344751,-0.301467,-0.393446,0.257997,0.263318,0.35524,0.414901,0.404733,-0.644795,0.13609,0.0079,-0.175649,0.349118,-0.554589,-0.370621,#
6,0.434087,-0.132519,-0.231429,0.298222,-0.297699,-0.257151,1.0,-0.132519,-0.297699,-0.260843,0.24573,-0.380458,0.657325,0.383654,0.409878,0.192024,0.24557,0.638613,0.303057,0.404203,-0.317003,-0.346596,-0.19474,0.18768,0.160957,0.245671,0.510985,0.184646,0.689264,0.081975,0.294235,-0.046284,-0.15883,7.8e-05,-0.167107,0.18768,-0.123798,0.302229,-0.27224,0.12512,-0.46162,-0.123798,0.408821,0.27772,0.229889,-0.468666,0.144073,-0.191069,-0.118822,-0.132519,0.520006,-0.081452,0.184646,0.002919,0.015088,-0.254362,0.654892,-0.19474,0.408369,-0.150572,0.654949,0.098702,-0.191069,-0.052737,-0.169412,-0.222915,0.12512,-0.372576,-0.228334,0.043301,0.005624,0.022171,0.18768,-0.653643,-0.39927,-0.138883,-0.488636,-0.312351,-0.354529,0.245605,0.37517,0.24573,-0.39927,-0.330613,-0.653643,0.408508,0.245213,0.229326,-0.488636,-0.653643,-0.996644,-0.220508,-0.502237,-0.297469,-0.305107,-0.488636,-0.39927,-0.370708,-0.273928,0.12512,-0.253593,-0.488636,-0.239646,-0.329818,-0.164192,0.0,-0.208096,0.305856,0.245605,0.187558,-0.299137,0.081975,-0.239478,0.12512,0.325099,0.12512,-0.56596,-0.227218,0.225909,-0.454157,0.12512,0.0,-0.278907,0.166574,-0.191069,-0.19973,-0.23351,0.955279,-0.06403,-0.320231,-0.227218,0.156166,0.245213,-0.297292,0.459469,-0.389939,0.18768,-0.380458,0.240704,-0.23351,-0.529402,0.43391,0.281701,-0.233502,-0.312351,0.478842,0.0,0.603063,-0.271864,0.0,-0.239646,-0.265367,0.12512,0.244713,-0.133247,0.186718,-0.088515,-0.037088,-0.273928,0.187275,0.516768,0.12512,0.0,-0.221888,0.490743,0.302575,0.24573,0.350616,-0.996644,0.187584,-0.223644,0.291559,0.0,0.458629,-0.480198,-0.389939,-0.488636,0.187088,-0.266513,-0.39927,-0.231244,-0.202862,0.23626,0.400836,-0.231244,-0.502237,0.219867,0.37517,0.30648,0.230641,-0.172392,0.178899,-0.088236,-0.260676,0.212901,-0.297699,0.231645,-0.212007,-0.339476,0.160996,#
7,-0.264672,-0.132519,-0.231429,0.298222,-0.297699,0.434038,-0.132519,1.0,-0.297699,-0.260843,-0.488636,-0.380458,-0.19474,-0.315968,0.409878,-0.560924,0.24557,-0.227911,0.303057,-0.300209,0.382619,0.320922,-0.19474,0.18768,0.160957,0.245671,-0.24755,-0.777824,-0.15883,0.081975,-0.407116,-0.220688,-0.15883,7.8e-05,-0.196804,-0.653643,-0.168753,-0.426169,0.294235,0.12512,0.245774,-0.168753,-0.273357,-0.490127,0.229889,0.245666,-0.309226,-0.225544,-0.291412,-0.132519,-0.221606,-0.251416,0.184646,-0.220325,0.015088,0.360838,0.654892,-0.19474,-0.277785,-0.150572,-0.199968,0.098702,-0.225544,-0.052737,-0.169412,-0.222915,0.12512,-0.372576,-0.228334,-0.173207,-0.156857,-0.197844,-0.653643,0.18768,-0.39927,-0.138883,0.24573,0.374586,-0.354529,0.245605,-0.305107,-0.488636,0.305856,-0.330613,0.18768,-0.290767,0.245213,0.229326,0.24573,0.18768,0.12512,-0.220508,0.245605,-0.297469,0.37517,0.24573,-0.39927,0.324091,-0.273928,0.12512,-0.253593,0.24573,0.4587,-0.329818,-0.164192,0.0,-0.208096,0.305856,-0.502237,0.187558,0.429629,0.081975,0.516768,0.12512,0.325099,0.12512,0.220002,-0.227218,0.225909,0.302502,0.12512,0.0,0.432808,0.166574,-0.225544,-0.19973,-0.23351,-0.162912,-0.212937,0.374569,-0.227218,0.156166,0.245213,-0.297292,-0.23351,0.306327,0.18768,0.30648,0.240704,-0.23351,-0.529402,-0.265367,-0.461456,0.453137,-0.312351,-0.281546,0.0,-0.094016,0.433024,0.0,-0.239646,-0.265367,0.12512,-0.426914,-0.133247,-0.726385,-0.088515,-0.037088,-0.273928,0.187275,-0.239478,0.12512,0.0,-0.221888,-0.260542,-0.402982,-0.488636,-0.33104,0.12512,0.187584,-0.271423,-0.433355,0.0,-0.246259,0.229723,-0.389939,0.24573,0.187088,0.399769,0.305856,-0.279498,-0.245708,0.23626,0.400836,-0.279498,-0.502237,-0.281986,-0.305107,-0.380457,0.230641,-0.172392,0.178899,-0.160379,-0.307874,0.212901,-0.297699,-0.498389,-0.212007,-0.339476,0.160996,#
8,0.00769,-0.297699,0.813765,-0.602913,0.2,-0.402876,-0.297699,-0.297699,1.0,0.733604,0.218218,0.408248,0.029214,0.439775,0.015889,-0.206529,-0.654226,0.118841,0.093486,0.474989,0.023988,-0.165295,0.029214,0.5,-0.212499,0.229499,0.292184,0.491919,0.019386,-0.333333,-0.160313,0.690992,0.523409,0.0,-0.220618,0.0,0.240449,0.805172,0.176345,-0.333333,0.367855,0.240449,-0.397912,-0.465109,-0.395767,-0.229953,0.012245,0.440499,0.153856,-0.297699,-0.203419,-0.474747,0.491919,-0.464361,0.105996,0.248096,-0.49013,-0.47717,-0.39268,-0.165396,0.037636,-0.504498,-0.583917,0.3907,0.469317,0.032191,0.333333,0.032599,0.441321,-0.257342,-0.337964,0.300737,0.0,0.5,0.023281,-0.31228,0.218218,0.226805,0.213375,0.654321,0.190915,-0.218218,0.023281,0.046997,0.0,0.415581,-0.201008,-0.396315,0.654654,0.0,0.333333,0.232035,0.209876,0.03491,0.190915,0.654654,0.023281,-0.17205,0.264386,-0.333333,-0.639161,0.218218,0.023057,0.213375,0.506289,0.0,0.056911,-0.395777,0.654321,-0.016119,0.084215,-0.333333,-0.19975,0.333333,0.204387,-0.333333,0.28545,0.408248,-0.401931,-0.162386,0.333333,0.0,0.446472,-0.647695,-0.583917,0.664493,0.812238,-0.412017,0.274336,0.217931,0.408248,0.014278,-0.653275,-0.169174,0.400399,0.402299,0.0,0.408248,0.038662,0.400399,0.234568,0.415581,0.07361,-0.068012,0.226805,-0.582256,0.0,-0.220947,0.03491,0.0,0.438086,0.831163,-0.333333,-0.252795,0.506289,0.045222,0.639382,0.293887,0.264386,-0.498922,-0.19975,0.333333,0.0,0.447207,-0.210843,-0.576557,0.218218,-0.189051,0.333333,-0.014278,-0.638893,0.0,0.0,0.011637,0.028127,0.402299,0.654654,-0.201153,0.422371,0.023281,0.258093,0.802109,-0.615581,-0.387428,-0.200739,0.654321,0.366037,0.595205,-0.408248,-0.400276,0.245737,-0.460721,-0.300122,0.392695,-0.239689,0.2,-0.379628,-0.19975,0.770693,-0.218218,#
9,-0.051438,-0.260843,0.43748,-0.294098,-0.163982,-0.501449,-0.260843,-0.260843,0.733604,1.0,-0.009417,0.140938,0.186163,0.780846,-0.128219,-0.129229,-0.988119,0.354712,-0.208679,0.408208,0.310889,-0.228256,0.186163,0.366802,0.347359,0.003301,0.11564,0.360874,-0.352186,0.215766,0.229679,0.191584,0.21332,0.0,-0.38348,-0.194189,0.417352,0.590678,0.607403,-0.503454,0.477736,0.417352,-0.584791,-0.311668,0.009411,-0.512191,0.273195,0.706867,0.073033,-0.260843,-0.469633,-0.287252,0.360874,-0.473484,-0.480282,-0.259764,-0.374204,-0.381991,-0.576794,-0.302149,0.197327,0.210171,-0.44251,-0.108386,0.630078,-0.470922,0.244535,-0.324959,0.216695,-0.222103,-0.314603,0.523061,-0.194189,0.366802,-0.290344,-0.275447,-0.009417,-0.133108,0.180764,0.480012,-0.173979,-0.49909,-0.290344,0.353899,-0.194189,0.32978,-0.479245,0.008048,0.480257,-0.194189,0.244535,0.025823,-0.018646,-0.093903,-0.173979,0.480257,-0.290344,-0.244019,0.536228,-0.503454,-0.49684,-0.009417,-0.44874,0.26315,0.205128,0.0,0.229626,-0.76052,0.480012,-0.212148,0.063857,0.215766,-0.449311,0.244535,0.174439,-0.503454,0.460248,-0.017617,0.036266,0.113737,0.244535,0.0,0.457331,-0.212664,-0.44251,0.604299,0.435912,-0.320611,-0.273049,-0.143046,-0.017617,0.345666,-0.986681,-0.063457,-0.026165,0.13442,-0.194189,0.140938,-0.058394,-0.026165,0.461899,0.414467,0.138707,-0.545163,-0.133108,-0.374643,0.0,0.077469,-0.008537,0.0,0.016915,0.880742,-0.503454,-0.536832,0.3083,-0.142456,0.760563,0.564357,0.536228,-0.753553,-0.449311,0.244535,0.0,0.212282,-0.010169,-0.321182,-0.009417,-0.192299,0.244535,-0.210111,-0.534863,0.116859,0.0,-0.46148,0.479442,0.13442,0.480257,-0.155007,0.303018,-0.290344,0.478913,0.400528,-0.981723,-0.611906,-0.035888,0.480012,-0.100039,0.279627,-0.775157,-0.014891,-0.316009,-0.755501,-0.32008,0.377654,-0.086625,-0.163982,-0.004681,-0.357725,0.759734,0.348421,#
10,0.575606,0.24573,0.094598,-0.221498,0.654654,0.09481,0.24573,-0.488636,0.218218,-0.009417,1.0,-0.089087,0.350631,0.106436,-0.350194,0.54833,0.065213,0.29391,-0.139093,0.486633,-0.347225,-0.180352,-0.201879,-0.327327,-0.428468,0.05379,-0.005465,0.302065,0.342652,-0.218218,-0.195906,0.033927,0.342652,-2.5e-05,-0.036588,0.763763,0.297332,0.417531,-0.195906,0.509175,-0.527506,-0.431423,0.083555,-0.105325,-0.534043,0.05404,0.366084,0.395676,0.593144,0.24573,0.443897,-0.24026,0.302065,0.263463,0.532,0.014247,-0.218024,0.350631,0.105464,0.32483,-0.197106,-0.342974,-0.163189,0.255773,-0.432412,0.035123,0.509175,0.291661,-0.382614,-0.393097,0.284463,0.208292,0.763763,0.218218,0.381025,0.280758,0.047619,-0.20787,0.669027,0.056575,0.22791,0.523809,-0.533435,0.123067,0.218218,0.105802,-0.427669,-0.076308,0.047619,0.218218,-0.218218,0.439719,-0.428354,0.114269,-0.213206,0.047619,0.381025,-0.20274,-0.008242,-0.218218,-0.031615,0.047619,0.105661,0.22791,0.349858,0.0,0.37257,0.381025,0.056575,0.200489,0.070884,-0.218218,-0.506724,-0.218218,-0.208138,0.509175,-0.424706,0.534523,-0.534225,-0.155371,-0.218218,0.0,-0.338435,-0.424016,-0.163189,0.451124,0.09736,0.28713,-0.071452,-0.20274,0.534523,-0.32716,0.065795,0.042596,0.546713,-0.082772,0.763763,-0.089087,-0.059057,0.546713,0.056575,0.105802,-0.048189,0.137283,0.237566,-0.092924,0.0,0.126563,0.114269,0.0,0.558494,0.105802,-0.218218,0.00871,0.349858,0.26644,-0.078862,0.048099,-0.502761,-0.326621,-0.016346,-0.218218,0.0,0.487943,0.462803,-0.194441,0.047619,0.229846,-0.218218,0.233686,-0.003098,-0.094012,0.0,0.114269,-0.533994,0.368713,0.047619,-0.413868,-0.345633,-0.076205,-0.025031,0.54733,0.064245,0.095816,0.475595,0.056575,0.322461,0.669027,0.356348,0.400593,0.450443,-0.301613,0.261968,-0.39174,0.111147,0.218218,-0.059173,-0.016346,0.173435,-0.428571,#
11,-0.574535,0.30648,0.242178,0.009347,0.0,-0.161248,-0.380458,-0.380458,0.408248,0.140938,-0.089087,1.0,-0.596338,-0.150158,-0.15568,-0.077289,-0.089029,-0.125334,-0.208175,-0.13804,-0.150158,-0.404888,-0.079512,0.102062,-0.083282,-0.100633,0.027265,0.602475,-0.087055,-0.272166,0.382869,0.447828,-0.087055,4.7e-05,0.086464,0.102062,-0.52899,0.102501,-0.042541,-0.272166,0.092966,0.152698,-0.171642,0.035826,-0.666068,0.350238,-0.634889,-0.196562,0.439681,0.30648,-0.346023,0.346393,0.018681,0.238323,0.086546,0.053308,-0.611828,-0.079512,-0.166477,-0.27009,-0.053776,-0.427764,0.326209,0.319005,0.356585,0.657099,-0.272166,0.585573,0.59407,0.15759,-0.433629,-0.389678,0.102062,0.102062,0.570266,-0.372265,0.356348,0.388889,0.00917,-0.080642,0.00917,-0.089087,0.570266,0.249424,0.102062,-0.150809,0.338502,-0.666214,0.356348,0.102062,0.408248,0.099714,-0.080642,0.23753,0.00917,0.356348,0.570266,0.402705,0.092516,0.408248,0.111333,0.356348,0.225913,0.421797,-0.08038,0.0,0.406592,-0.285133,0.372968,0.118447,0.260311,-0.272166,0.081548,0.408248,-0.398661,-0.272166,0.423761,0.25,-0.268507,-0.346767,0.408248,0.0,0.249424,-0.52884,0.326209,0.110521,0.26154,-0.510042,0.476892,0.402705,0.25,0.116583,-0.123091,-0.265634,-0.158792,0.178315,-0.408248,0.166667,-0.205189,-0.158792,0.372968,-0.150809,0.641091,0.177006,0.805556,-0.39381,0.0,-0.067651,0.23753,0.0,0.6495,0.273342,0.408248,0.309609,-0.08038,0.609234,-0.022698,0.05999,0.555096,0.071889,0.081548,-0.272166,0.0,0.0,-0.789876,0.042796,0.356348,0.011026,0.408248,-0.40804,0.121719,0.615585,0.0,0.23753,0.195209,0.178315,0.356348,0.393004,-0.161655,0.570266,0.134634,0.249493,-0.065559,-0.548311,0.134634,0.372968,0.033207,0.00917,0.166667,-0.664918,0.51164,0.125393,-0.358821,0.217573,-0.1162,0.0,-0.221404,0.081548,0.167149,-0.534522,#
12,0.636182,-0.19474,0.135903,-0.04422,0.029214,-0.403481,0.657325,-0.19474,0.029214,0.186163,0.350631,-0.596338,1.0,0.598396,0.095159,0.310061,-0.201747,0.45038,0.432431,0.6119,0.071247,-0.009658,0.358938,0.267799,0.286811,-0.187483,0.323149,0.263471,0.386054,0.146072,0.046835,-0.113552,0.386054,0.0,-0.297769,0.267799,0.637417,0.431249,0.046835,0.178533,-0.143289,-0.208136,0.104184,0.042302,0.379505,-0.746728,0.700574,0.351651,-0.232233,-0.19474,0.219553,-0.104759,0.263471,-0.155686,-0.015485,-0.240964,0.3543,-0.282124,0.100747,-0.238914,0.354589,0.206908,-0.296784,-0.138598,-0.213279,-0.371475,0.178533,-0.585702,-0.356008,0.065157,-0.105787,0.741706,0.267799,-0.365181,-0.565652,-0.202533,-0.201879,-0.441732,-0.01367,0.350453,0.535328,0.350632,-0.565652,-0.415331,-0.365181,0.617167,-0.159042,0.379127,-0.201879,-0.365181,-0.66544,0.220608,-0.212196,-0.38585,0.023513,-0.201879,-0.565652,-0.490908,-0.330412,-0.665441,-0.365571,-0.201879,-0.337924,0.004921,0.3821,0.0,-0.228611,-0.035141,0.350453,-0.385349,-0.374317,0.146072,-0.300291,0.178533,0.497588,0.178533,-0.261549,0.139146,-0.116829,-0.091839,0.178533,0.0,-0.376429,0.289316,-0.296784,0.236069,0.134242,0.607667,-0.14004,-0.452931,0.139146,0.244025,-0.159042,0.15524,0.655614,-0.086748,0.267799,-0.079512,0.367086,0.134242,-0.232634,0.636278,-0.080045,-0.408149,-0.441732,0.278851,0.0,0.160026,-0.366586,0.0,-0.337924,0.110168,-0.665441,-0.189814,0.405382,-0.30606,0.397948,-0.046506,-0.330412,-0.32724,0.268681,0.178533,0.0,0.399206,0.755464,-0.051042,0.350632,0.516798,-0.66544,0.267663,-0.358782,-0.107881,0.0,0.18301,-0.154757,-0.086748,-0.201879,-0.281236,0.100257,-0.565652,-0.370021,0.140723,-0.208509,0.079229,-0.370021,-0.212196,0.464048,0.535328,-0.079512,0.379714,-0.241695,-0.37089,-0.185796,0.14477,0.319483,0.029214,0.38025,-0.279623,0.043389,0.28688,#
13,0.167439,-0.315968,0.193805,-0.033136,-0.391799,-0.676169,0.383654,-0.315968,0.439775,0.780846,0.106436,-0.150158,0.598396,1.0,0.157412,0.061376,-0.800363,0.75275,-0.051306,0.656404,0.134966,-0.385931,0.072026,0.427781,0.507629,0.118191,0.442358,0.420867,0.099358,0.258534,0.451724,0.064782,0.099358,9.6e-05,-0.527024,-0.091953,0.334534,0.688875,0.451724,-0.407791,0.217379,0.334534,-0.264078,-0.056486,0.214218,-0.800677,0.376669,0.569857,0.00123,-0.315968,-0.101657,-0.28341,0.420867,-0.414687,-0.497505,-0.415021,0.083204,-0.454344,-0.256379,-0.402476,0.611941,0.367552,-0.49499,-0.276249,0.497013,-0.639631,0.285187,-0.575794,0.04988,-0.187249,-0.26753,0.522022,-0.091953,-0.091953,-0.561251,-0.327302,-0.347225,-0.372132,-0.015894,0.559812,0.014637,-0.347225,-0.561251,0.167036,-0.611687,0.583547,-0.329082,0.214366,0.106436,-0.611687,-0.407791,-0.098137,-0.364159,-0.244243,-0.40561,0.106436,-0.561251,-0.417387,0.3621,-0.407791,-0.587182,-0.347225,-0.63218,-0.000628,0.091536,0.0,0.108076,-0.561251,0.559812,-0.108648,-0.17729,0.258534,-0.547635,0.285187,0.399123,-0.407791,0.054986,-0.225238,0.243373,-0.132539,0.285187,0.0,0.198978,-0.02004,-0.49499,0.367793,0.191087,0.316586,-0.376232,-0.386205,-0.225238,0.408154,-0.799199,-0.224236,0.191087,-0.162032,-0.091953,-0.150158,0.124584,-0.237006,0.081045,0.599239,0.270942,-0.716886,-0.372132,-0.013133,0.0,0.48164,-0.228425,0.0,-0.200771,0.599239,-0.407791,-0.382668,0.110652,-0.044475,0.656171,0.504053,0.3621,-0.610368,-0.080458,0.285187,0.0,0.017882,0.326367,-0.063703,0.106436,-0.002375,-0.407791,-0.106748,-0.60746,0.269678,0.0,-0.212607,0.212083,-0.162032,0.106436,0.031938,0.137201,-0.561251,0.328126,0.173778,-0.805517,-0.300077,-0.148815,0.097826,-0.03046,0.434884,-0.574519,0.191262,-0.484541,-0.623804,-0.348649,0.212171,0.025634,-0.391799,0.199474,-0.530665,0.526307,0.507751,#
14,-0.241082,-0.285248,0.182832,-0.009337,-0.397226,-0.225301,0.409878,0.409878,0.015889,-0.128219,-0.350194,-0.15568,0.095159,0.157412,1.0,-0.406364,0.083802,0.118646,0.311259,0.210168,0.172657,-0.049901,-0.427828,0.421059,0.077117,0.551163,0.772384,-0.176499,0.603406,-0.407819,-0.055784,0.409249,0.082857,4.8e-05,-0.500712,-0.611728,-0.32729,0.230969,0.027001,-0.407819,0.20958,0.362524,0.162117,0.088542,0.239086,-0.344013,-0.404114,-0.466661,-0.300689,-0.285248,0.342067,-0.35967,0.414254,-0.221558,0.146526,0.376565,0.631402,-0.427828,0.141104,-0.286449,0.630283,-0.119931,-0.466661,-0.160516,0.360836,-0.181577,0.280706,-0.513304,0.458065,-0.288269,-0.166468,-0.314337,-0.611728,-0.095334,-0.612206,-0.298305,-0.350194,0.418751,-0.441278,0.551016,0.006602,-0.350194,0.25339,-0.288988,-0.611728,0.570075,0.550135,0.246326,0.100551,-0.611728,-0.407819,-0.109634,0.091999,0.132199,0.006602,0.100551,-0.612206,-0.043557,-0.129426,0.280706,-0.560998,-0.350194,0.171821,-0.805292,0.075082,0.0,-0.447609,0.25339,0.091999,0.420786,-0.219257,-0.407819,0.320558,0.280706,0.810796,-0.407819,-0.311302,-0.23352,0.226617,-0.486855,0.280706,0.0,0.179591,0.106939,-0.466661,-0.519695,0.180134,0.344433,0.016452,-0.012575,-0.23352,-0.080539,0.083039,-0.596531,0.180134,-0.167474,-0.095334,0.265954,0.673893,-0.245208,-0.800533,0.195895,-0.129045,0.156153,-0.424517,-0.078845,0.0,0.087327,-0.244984,0.0,-0.256815,-0.233313,0.280706,0.136778,-0.380771,-0.14155,0.250887,-0.286596,-0.129426,0.420152,0.320558,0.280706,0.0,-0.296071,-0.106612,-0.002498,0.100551,-0.385779,-0.407819,-0.110032,-0.541182,-0.105613,0.0,0.163631,-0.18681,-0.594834,0.100551,0.5301,0.589316,-0.179408,-0.084751,-0.232035,0.10589,0.571673,-0.558626,-0.367017,-0.012709,0.006602,-0.15568,-0.20023,-0.087461,0.422144,-0.257507,0.088691,-0.396076,-0.397226,-0.185266,-0.548281,0.06582,0.065878,#
15,0.146649,0.192024,-0.341367,0.199913,0.24095,-0.341251,0.192024,-0.560924,-0.206529,-0.129229,0.54833,-0.077289,0.310061,0.061376,-0.406364,1.0,0.078123,0.270326,-0.128717,0.467216,-0.387249,0.241812,0.310061,-0.327003,0.02838,-0.428045,-0.035632,0.318174,0.302277,-0.218002,0.230109,-0.46113,0.302277,-5.2e-05,-0.011239,0.791693,0.297038,-0.042318,-0.236179,0.527795,-0.074767,-0.450156,0.509879,0.360974,-0.13317,0.066671,0.502007,0.395285,0.443095,0.192024,0.408448,0.30875,-0.321718,0.380418,0.087565,-0.015731,-0.252416,0.310061,0.534685,0.096783,-0.230917,0.178331,0.395285,-0.436113,-0.478354,0.127427,-0.218002,0.384881,-0.365813,0.177162,0.284182,0.323606,0.791693,-0.327004,0.404689,0.255399,0.060091,-0.65266,0.645173,-0.427931,0.250879,0.54833,-0.532908,0.086547,0.232345,0.069935,-0.427246,-0.12438,-0.428148,0.232345,-0.218002,0.414062,-0.427931,0.078107,-0.201399,-0.428148,0.404689,0.212015,-0.047236,-0.218002,0.416255,0.060091,-0.334925,0.250879,0.320467,0.0,0.342818,-0.064109,0.069268,-0.326791,-0.390925,-0.218002,-0.055006,-0.218002,-0.254834,0.527795,-0.424286,0.11242,-0.106069,0.218852,-0.218002,0.0,-0.799147,-0.016479,0.395285,-0.006777,-0.339832,0.286847,-0.04752,-0.190696,0.11242,-0.326837,0.078703,0.445699,0.12089,-0.070821,0.232345,-0.533994,-0.161028,0.12089,0.069268,-0.335371,-0.035473,-0.313995,0.260752,0.379304,0.0,0.211998,-0.330451,0.0,0.129366,-0.335371,-0.218002,0.020151,-0.173304,0.281743,-0.331562,0.010116,-0.047236,-0.326299,0.447779,-0.218002,0.0,0.17959,0.436731,0.196655,0.060091,0.252859,-0.218002,0.248199,0.433479,-0.018007,0.0,0.138189,-0.126831,0.392088,-0.428148,0.001978,-0.395268,-0.064109,-0.066136,0.12753,0.048827,0.058677,0.447157,0.069268,0.17126,0.250879,0.379417,0.360605,-0.006767,-0.333032,0.219895,0.027034,0.093849,0.24095,0.345351,0.009454,0.135958,0.022534,#
16,0.106897,0.24557,-0.369851,0.244037,0.218075,0.542648,0.24557,0.24557,-0.654226,-0.988119,0.065213,-0.089029,-0.201747,-0.800363,0.083802,0.078123,1.0,-0.358989,0.250204,-0.412968,-0.36379,0.184239,-0.201747,-0.327113,-0.428189,0.035219,-0.150429,-0.321826,0.342428,-0.218076,-0.283179,-0.116086,-0.207148,-4.9e-05,0.444549,0.238268,-0.431141,-0.526765,-0.650263,0.535766,-0.527162,-0.458115,0.541327,0.22079,-0.0927,0.554048,-0.295821,-0.700897,-0.056749,0.24557,0.443607,0.239614,-0.321826,0.435818,0.531653,0.275791,0.336339,0.350403,0.534784,0.324618,-0.237254,-0.322376,0.395418,0.255606,-0.652196,0.526506,-0.218075,0.378359,-0.225334,0.223441,0.284277,-0.527941,0.238268,-0.327113,0.346929,0.255352,0.065213,0.171463,-0.19674,-0.428074,0.227762,0.523468,0.313083,-0.389459,0.238268,-0.364191,0.485836,-0.093205,-0.428292,0.238268,-0.218075,-0.039948,0.038589,0.046524,0.227762,-0.428292,0.346929,0.214281,-0.557343,0.508843,0.451608,0.065213,0.507848,-0.19674,-0.202417,0.0,-0.227533,0.786938,-0.428074,0.235509,0.006705,-0.218075,0.419272,-0.218075,-0.22451,0.535766,-0.424429,0.089029,-0.1089,-0.137109,-0.218075,0.0,-0.389459,0.108494,0.395418,-0.497344,-0.368395,0.286943,0.348878,0.214281,0.089029,-0.326946,0.997242,0.042568,0.097296,-0.066008,0.238268,-0.105516,0.006558,0.097296,-0.428074,-0.364191,-0.101666,0.600685,0.204437,0.319861,0.0,-0.097705,0.080359,0.0,0.072071,-0.800548,0.508843,0.540644,-0.202417,0.167649,-0.762507,-0.53052,-0.557343,0.740285,0.419272,-0.218075,0.0,-0.162543,-0.024342,0.245962,0.029963,0.229696,-0.218075,0.254292,0.492288,-0.093951,0.0,0.520218,-0.533645,-0.066008,-0.428292,0.087733,-0.333681,0.346929,-0.494046,-0.297293,0.998068,0.574521,0.024783,-0.428074,0.174429,-0.19674,0.801261,-0.033333,0.396559,0.750439,0.308547,-0.409609,0.130433,0.218075,-0.076655,0.419272,-0.772068,-0.428292,#
17,0.149121,-0.261239,-0.285305,0.393928,-0.514978,-0.509292,0.638613,-0.227911,0.118841,0.354712,0.29391,-0.125334,0.45038,0.75275,0.118646,0.270326,-0.358989,1.0,-0.029458,0.664302,-0.339236,-0.432164,-0.201561,0.331765,0.379982,0.318532,0.283741,0.302044,0.329443,0.204671,0.507095,-0.190069,-0.194671,0.000119,-0.372651,0.183213,-0.079111,0.515821,0.157019,0.039614,-0.046492,-0.079111,0.010856,-0.121672,-0.038235,-0.363671,0.177298,0.44152,0.27833,-0.261239,0.15277,-0.286499,0.302044,-0.279079,-0.390497,-0.31165,0.325216,-0.35201,0.041431,-0.293744,0.469068,0.27268,-0.370097,-0.206726,0.088826,-0.490954,0.204671,-0.233736,-0.292002,-0.14272,-0.142487,0.178441,0.183213,-0.336716,-0.235173,-0.211784,-0.267977,-0.528292,-0.025803,0.422546,0.012012,-0.267977,-0.670934,0.092854,-0.460509,0.216302,-0.280683,-0.058873,-0.159921,-0.460509,-0.653625,-0.324131,-0.721849,-0.440223,-0.508489,-0.159921,-0.235173,-0.131313,0.252108,0.039614,-0.444104,-0.267977,-0.512405,-0.006895,-0.202788,0.0,0.300124,-0.235173,0.422546,0.179103,0.00977,0.204671,-0.432239,0.204671,0.087263,0.039614,-0.203025,-0.400262,0.404563,-0.08313,0.204671,0.0,0.132415,-0.274424,-0.370097,0.27761,-0.289581,0.586258,-0.33584,-0.092691,-0.400262,0.306849,-0.392658,-0.402096,0.138673,-0.114743,0.183213,-0.549855,-0.161578,-0.391547,-0.170437,0.235737,0.399972,-0.541871,-0.103772,0.139941,0.0,0.89604,0.014982,0.0,0.021921,0.235737,0.039614,-0.32177,-0.179111,0.19347,0.054236,0.677052,0.252108,-0.490034,0.146388,0.237682,0.0,-0.310018,0.251305,-0.050351,-0.159921,-0.008291,-0.653625,0.203624,-0.445155,0.419344,0.0,0.034573,-0.061839,-0.114743,-0.159921,0.25442,-0.321561,-0.235173,0.268664,0.140211,-0.38407,-0.004604,0.132344,-0.149652,-0.093445,0.532513,-0.226411,0.371532,-0.41031,-0.46996,-0.230135,-0.29001,0.269122,-0.495171,-0.077878,-0.411221,0.166484,0.401965,#
18,0.212738,-0.469161,0.28601,-0.014594,-0.093486,-0.255452,0.303057,0.303057,0.093486,-0.208679,-0.139093,-0.208175,0.432431,-0.051306,0.311259,-0.128717,0.250204,-0.029458,1.0,0.281549,-0.157316,0.370866,0.432431,0.722391,-0.040092,-0.02131,0.183402,0.057849,0.422589,-0.269126,-0.341977,0.198932,0.422589,0.0,0.061124,0.042494,0.160075,0.19094,-0.341977,0.325784,0.200232,-0.435949,0.231298,-0.336737,0.198035,-0.133795,0.118119,-0.127546,-0.497317,-0.469161,0.060508,-0.128339,0.057849,-0.410997,0.220707,0.454437,0.403731,-0.708028,0.225266,-0.330328,-0.030386,-0.383409,-0.25814,0.315442,-0.365621,0.280423,-0.269126,-0.181467,-0.10289,0.468035,-0.395962,0.346155,0.042494,-0.403689,-0.283927,-0.461262,0.343096,0.009638,-0.446196,0.444347,0.799336,0.250367,0.179062,-0.986555,0.042494,0.292364,0.375828,-0.284313,-0.046364,0.042494,-0.269126,0.037883,0.349916,-0.61266,0.799336,-0.046364,-0.283927,0.019009,-0.738817,-0.269126,-0.44072,0.343096,0.212612,0.000477,0.399205,0.0,-0.585242,0.090026,0.444347,-0.403427,-0.180464,-0.269126,0.555972,0.46743,0.452592,0.325784,-0.007719,0.190827,-0.183734,0.034502,0.46743,0.0,-0.060911,-0.070602,-0.25814,0.132817,0.280494,0.148536,0.60732,0.466445,0.190827,0.164427,0.279735,0.075759,0.648005,0.615913,0.042494,0.156131,0.248077,0.192992,-0.528285,0.292364,-0.165781,0.122105,0.009638,0.069057,0.0,-0.213596,-0.149827,0.0,-0.157745,-0.078487,-0.269126,-0.098941,0.399205,-0.40162,0.044889,-0.17952,-0.238069,0.068591,0.555972,0.495759,0.0,0.259714,0.049013,-0.429863,0.343096,0.363801,-0.269126,0.612203,-0.415679,-0.219684,0.0,0.677931,-0.192431,0.15874,-0.046364,-0.034191,0.339891,0.179062,-0.700688,0.317581,0.267269,0.252435,-0.817672,-0.04669,0.769069,0.438561,0.069392,-0.263349,0.048034,0.066564,-0.377133,0.293215,0.350117,0.365445,-0.269631,0.059417,-0.216966,-0.027819,#
19,0.181463,-0.327302,0.231379,-0.065189,-0.040253,-0.711325,0.404203,-0.300209,0.474989,0.408208,0.486633,-0.13804,0.6119,0.656404,0.210168,0.467216,-0.412968,0.664302,0.281549,1.0,-0.214553,0.023953,0.081926,0.458887,0.111746,0.14733,0.506008,0.431669,0.597265,-0.405216,0.0675,0.107504,0.597265,-4.9e-05,-0.541574,0.338127,0.356397,0.723981,0.0675,0.15833,0.267097,-0.208204,0.129166,-0.200998,-0.145069,-0.421806,0.388317,0.584645,0.270437,-0.327302,0.328896,-0.40359,0.431669,-0.296189,0.086188,0.246513,0.077248,-0.468431,0.151865,-0.311138,0.214214,-0.108099,-0.508111,-0.199057,-0.028757,-0.231948,0.292507,-0.168751,-0.088247,-0.201998,-0.179187,0.516964,0.338127,-0.084532,-0.197736,-0.26639,0.029866,-0.358612,0.357214,0.591077,0.387954,0.029866,-0.551974,-0.19807,-0.185165,0.638843,-0.320817,-0.153899,0.117705,-0.185165,-0.405216,0.314125,-0.339221,-0.210316,-0.03517,0.117705,-0.197736,-0.03943,-0.007196,-0.405216,-0.604375,0.029866,-0.266001,-0.027033,0.590788,0.0,0.106525,-0.197736,0.591077,-0.101346,-0.265481,-0.405216,-0.11277,0.292507,0.449025,0.15833,-0.299792,0.13804,-0.125216,-0.060237,0.292507,0.0,-0.16591,-0.390624,-0.508111,0.36516,0.227761,0.338442,-0.021302,-0.008034,0.13804,-0.069545,-0.411843,-0.141958,0.575896,0.215517,0.338127,-0.13804,0.227528,0.144872,-0.330276,0.243864,-0.059853,-0.343034,-0.013512,-0.098858,0.0,0.3184,-0.254347,0.0,0.168362,0.243864,-0.405216,-0.374791,0.109598,-0.03677,0.331003,0.291903,-0.007196,-0.606514,0.357606,0.319343,0.0,0.282025,0.340183,-0.402559,0.117705,-0.024352,-0.405216,0.354623,-0.58716,-0.083737,0.0,0.175654,-0.153755,0.215517,0.117705,0.087448,0.215711,-0.197736,-0.014545,0.579022,-0.413273,0.123514,-0.125362,0.125928,0.398695,0.811078,-0.220207,0.205683,-0.089421,-0.590985,-0.27579,0.156266,0.017849,-0.024152,-0.152813,-0.539927,0.581873,0.117705,#
20,-0.279598,0.382619,0.193805,-0.033136,0.023988,0.162015,-0.317003,0.382619,0.023988,0.310889,-0.347225,-0.150158,0.071247,0.134966,0.172657,-0.387249,-0.36379,-0.339236,-0.157316,-0.214553,1.0,-0.060797,0.071247,-0.091953,0.508309,-0.341251,-0.043588,-0.173707,-0.405958,0.231881,0.017818,-0.042957,0.117959,9.6e-05,-0.562305,-0.611687,0.307831,-0.211072,0.801028,-0.407791,0.216679,0.307831,-0.66989,-0.045961,0.213572,-0.359392,-0.057083,0.016956,-0.098007,0.382619,-0.543529,0.177768,0.420867,0.197425,-0.048306,-0.176971,0.083204,0.071247,-0.695955,-0.406884,0.084561,0.367552,0.016956,-0.298563,0.335442,-0.302441,0.285187,-0.640958,0.184354,-0.327172,-0.364041,0.221961,-0.611687,0.427781,-0.561251,-0.326303,0.106436,0.47659,-0.000628,0.123492,-0.382263,-0.347225,0.309944,0.167036,-0.091953,0.191254,0.141035,0.650555,0.560097,-0.091953,0.285187,0.375461,0.123492,0.207025,0.037984,0.560097,-0.561251,0.027422,-0.082849,-0.407791,-0.127221,0.106436,0.230638,-0.015894,0.139889,0.0,0.108076,-0.125653,-0.338493,-0.108648,0.256557,0.231881,-0.037534,0.285187,0.438163,-0.407791,0.525996,0.199123,-0.187082,-0.054633,0.285187,0.0,0.207433,0.506857,0.016956,-0.083831,0.21487,-0.373123,-0.46822,-0.362359,0.199123,0.388745,-0.329082,-0.143074,-0.213223,-0.138136,-0.091953,0.698563,0.622298,-0.213223,0.064263,0.175562,-0.201882,0.149142,-0.372132,-0.483564,0.0,-0.382927,0.191207,0.0,-0.200771,0.175562,-0.407791,-0.299688,0.120773,-0.608552,0.656171,-0.30813,-0.082849,-0.061248,-0.504711,-0.407791,0.0,0.327785,-0.111962,-0.063703,0.106436,-0.017492,0.285187,-0.611375,-0.164722,-0.190447,0.0,-0.623866,0.650643,-0.568261,0.560097,0.049171,0.564632,-0.125653,-0.178623,-0.276191,-0.360385,-0.284588,-0.178623,-0.338493,-0.340484,-0.382263,-0.574519,0.191262,-0.024757,-0.112972,-0.393216,0.194228,0.007666,-0.391799,0.199474,-0.521681,0.117085,0.05409,#
