0,1.0,-0.111789,0.232225,-0.429258,-0.230187,-0.089036,0.554252,-0.477062,0.362146,-0.141959,0.585986,-0.106762,0.012746,0.487506,-0.1452,-0.099933,-0.534098,-0.659004,0.853059,0.18237,0.174017,0.256704,0.018674,-0.534085,0.091648,-0.082999,-0.088367,0.416289,0.382372,-0.121323,0.457343,0.427236,-0.414286,-0.529399,-0.181874,-0.099933,-0.133475,0.268099,-0.214831,0.0,0.333331,0.255712,0.274899,-0.087918,-0.245588,-0.372939,0.012372,0.375312,-0.759489,0.091435,0.249587,0.024862,0.408015,-0.382242,-0.110816,0.171066,-0.626307,0.090783,0.397455,-0.398393,0.666667,0.354069,-0.145316,-0.005419,0.065964,0.379696,-0.534078,0.103918,0.197317,0.412619,-0.174864,-0.241915,0.175111,-0.665956,-0.365588,0.295197,-0.667591,-0.125778,-0.400523,-0.439915,0.202596,-0.206137,-0.097546,-0.617226,-0.00312,0.062316,-0.144053,-0.349782,-0.228238,-0.365588,-0.533946,-0.125778,-0.158573,0.202596,-0.443389,-0.533946,-0.086803,-0.443505,-0.624397,0.127706,0.660093,-0.279496,0.01081,-0.61301,-0.596962,-0.173401,-0.261577,-0.097546,-0.617226,-0.234434,-0.12164,-0.089036,-0.81839,-0.387953,0.394675,-0.228238,0.052291,-0.033497,0.2754,-0.570691,-0.063805,0.087387,0.504362,-0.107314,0.268099,0.024923,0.114939,0.244851,0.545112,-0.097546,-0.409265,-0.436183,0.363616,-0.162882,0.202596,-0.228238,-0.407917,0.071847,0.503248,-0.206137,-0.519529,0.241292,0.364359,-0.399185,-0.598182,0.287389,-0.27201,0.064757,-0.349782,-0.072548,0.073011,-0.443505,-0.27201,-0.063805,-0.182133,-0.097546,-0.242074,0.010451,-0.443505,-0.072548,0.587804,-0.666286,0.071847,-0.443505,-0.351741,0.519771,0.408015,-0.110411,-0.534217,-0.234434,-0.036262,-0.383126,-0.097546,0.073011,0.093455,0.01081,-0.097546,0.335544,0.564328,-0.369467,0.142012,-0.557509,0.125417,0.402991,-0.1027,0.023913,-0.082829,0.073011,0.249535,-0.300161,-0.443389,0.075853,0.65641,0.087563,0.519771,-0.533946,-0.823788,-0.126015,-0.134913,-0.12164,#
1,-0.111789,1.0,0.612372,-0.454591,-0.056766,-0.772975,-0.10464,0.050849,-0.25371,0.095748,-0.10464,0.296153,0.509558,0.296758,-0.393104,-0.181983,-0.182526,0.405647,-0.036181,-0.139471,-0.076929,0.405556,0.008626,-0.232071,-0.044447,-0.743926,-0.236266,-0.49638,-0.013501,0.315026,-0.056408,-0.22673,-0.472746,0.337719,0.609993,0.337849,-0.231128,-0.098675,-0.130785,0.0,-0.181394,-0.124739,0.67833,-0.236003,-0.097302,0.112579,-0.270393,0.318116,0.240009,0.205112,0.100969,-0.314815,-0.665389,0.061168,-0.250682,-0.324556,0.419608,-0.322006,0.414727,-0.078983,0.091036,-0.793707,0.107997,-0.101264,0.543679,0.606894,-0.181394,0.617459,0.277882,0.622404,0.620662,0.033631,-0.621535,-0.070183,0.282242,-0.166647,-0.200477,-0.200477,0.23641,-0.456575,-0.090549,-0.355941,-0.227534,-0.348428,-0.41617,0.267552,-0.153142,0.219628,-0.070183,0.260567,-0.175408,-0.200477,0.112507,-0.05715,-0.079658,-0.197152,0.085783,0.696147,0.436512,0.408329,-0.391274,-0.545018,-0.001333,0.150913,0.758506,0.13058,-0.095809,-0.227534,-0.348428,0.42744,0.336802,-0.772975,0.219628,0.061978,0.021549,-0.049938,-0.400824,-0.007642,0.071764,0.082119,-0.175408,0.22634,-0.286301,-0.409836,-0.098675,-0.308476,-0.075813,0.065125,0.301367,-0.227534,0.245741,0.036444,-0.159303,0.025892,-0.05715,-0.070183,0.273918,-0.349782,-0.280175,-0.376635,-0.090549,-0.376635,0.317473,-0.124739,0.092174,0.056861,-0.665389,0.195015,0.241302,0.337376,-0.277062,0.696147,0.150039,-0.175408,-0.209787,-0.227534,-0.283118,0.458412,0.696147,0.358729,0.224172,0.407466,-0.323936,0.696147,-0.087212,0.215412,0.117422,0.395198,0.316023,0.447413,0.548133,0.061262,-0.227534,-0.277062,-0.352517,0.018666,-0.249697,0.369552,-0.109905,-0.054345,-0.069097,-0.17818,0.30623,0.014783,0.356562,0.220493,-0.202616,-0.277062,0.137098,0.224849,-0.079658,0.289738,-0.436745,0.058024,0.236421,-0.218897,0.026759,0.384573,0.046719,0.336802,#
2,0.232225,0.612372,1.0,-0.788977,0.277738,-0.372792,0.271151,-0.131331,-0.378547,0.1724,0.238238,-0.389596,0.417505,0.410189,-0.691868,0.135084,0.134637,0.293221,0.354468,0.227153,-0.594231,0.024586,-0.002591,-0.361452,0.006911,-0.332265,-0.423798,-0.432128,0.412232,0.087599,0.0389,0.101027,-0.789029,0.05694,0.613841,0.551393,-0.376641,0.468892,-0.099027,0.0,0.135567,-0.255387,0.417621,-0.40598,-0.157917,-0.345127,-0.366401,-0.023894,-0.232875,0.349738,0.572588,-0.480048,-0.407496,-0.343943,-0.368725,-0.068631,0.107718,-0.124414,0.616308,-0.211186,0.563248,-0.352971,0.161267,-0.304317,0.018572,0.291496,0.135567,0.330399,-0.100515,0.271681,0.454514,0.245938,-0.58573,-0.559901,-0.051494,-0.272553,-0.375739,-0.415877,-0.061037,-0.378593,-0.266292,-0.207532,0.098408,-0.196969,-0.378593,0.367015,0.163898,-0.118996,-0.592328,0.382445,-0.329711,0.125989,0.142389,-0.212796,-0.247796,-0.329711,0.096443,0.406052,0.127622,0.253937,-0.264407,-0.546432,-0.0105,-0.201372,0.303726,-0.266505,0.2786,-0.380812,-0.196969,0.233543,0.114354,-0.372792,-0.084281,0.02957,-0.028943,-0.154567,-0.115062,0.416533,0.310893,-0.232561,-0.36454,0.408407,-0.102212,-0.3674,-0.214164,-0.066694,-0.154934,0.640419,0.249066,-0.380812,-0.069677,-0.380664,0.154532,0.14596,-0.212796,-0.592328,0.446571,-0.092455,-0.370336,-0.240678,-0.212796,-0.273824,0.516819,-0.255387,-0.264696,0.237345,-0.407496,0.281796,-0.084281,0.054722,-0.530453,0.406052,0.245542,-0.36454,-0.391271,-0.380812,-0.289015,0.221969,0.406052,0.088923,0.293446,-0.166359,-0.051057,0.406052,-0.308236,0.337847,0.245542,0.091715,0.088923,0.265535,0.453976,-0.044205,0.098408,-0.530453,-0.592066,-0.0105,-0.380812,0.575809,-0.160402,-0.523218,0.263367,-0.305278,-0.054198,0.010359,0.085731,-0.125988,0.080451,-0.054982,0.176674,-0.359802,-0.247796,-0.094298,-0.278436,0.049015,0.337847,-0.36454,0.030643,0.617305,0.292828,0.114354,#
3,-0.429258,-0.454591,-0.788977,1.0,-0.004559,0.188288,-0.432939,0.254673,0.209952,0.030103,-0.00379,0.255481,-0.599727,-0.728392,0.393555,-0.235722,0.216111,-0.036674,-0.593486,-0.418868,0.401539,-0.40009,-0.22424,0.209751,0.134244,0.634068,-0.039716,0.176364,-0.623097,-0.207972,-0.330872,-0.54067,0.999426,-0.170877,-0.40575,-0.202268,-0.040066,-0.402535,-0.06315,0.0,-0.252235,-0.386347,-0.315308,0.503994,0.400156,0.585566,-0.044523,-0.393889,0.493979,-0.201841,-0.398661,0.46396,0.297707,0.594364,0.508372,0.212965,0.055669,0.223499,-0.50734,0.313349,-0.836422,0.175651,-0.012307,-0.263097,-0.299879,-0.159123,0.215685,-0.097697,-0.277976,-0.288701,-0.40872,-0.137596,0.376811,0.837615,0.245137,-0.374508,0.486746,-0.036614,0.259463,0.577837,0.326662,0.39235,0.230093,0.376961,0.155919,-0.23582,-0.036614,0.245137,0.414806,-0.20751,0.66755,-0.036614,0.012931,0.326662,0.305799,0.66755,-0.087134,-0.282897,0.02725,0.042348,-0.017911,0.372943,0.216919,0.437568,-0.112828,0.012931,0.003529,0.230093,0.376961,0.01854,-0.199592,0.188288,0.245137,0.20332,-0.227801,0.414806,0.023123,-0.191591,-0.556217,0.459362,0.213422,0.025937,-0.256521,0.623048,0.30997,0.206589,-0.022169,-0.55496,-0.460896,0.230093,0.219699,0.6346,-0.022562,-0.386602,0.326662,0.414806,0.021366,-0.0542,-0.140972,0.39235,0.326662,-0.03984,-0.199592,0.294907,0.437568,-0.627748,0.322936,-0.518774,0.245137,-0.208108,0.651617,-0.282897,-0.333028,0.213422,0.5046,0.230093,0.050753,-0.111746,-0.282897,0.237838,-0.601449,0.435684,-0.0542,-0.282897,0.427608,-0.656083,-0.333028,-0.491044,0.237838,0.01854,-0.163162,0.357978,0.230093,0.651617,0.476001,0.216919,0.230093,-0.667507,-0.011997,0.573886,-0.418529,0.655554,-0.03926,-0.200515,-0.223317,0.302777,0.159797,0.192386,0.013045,0.320329,0.305799,-0.00307,-0.004996,-0.282403,-0.656083,0.213422,0.21781,-0.479207,-0.523986,-0.199592,#
4,-0.230187,-0.056766,0.277738,-0.004559,1.0,-0.102037,-0.233194,0.345432,-0.534253,-0.220119,0.199524,-0.53399,0.020796,-0.292156,-0.168896,0.342144,0.797526,0.228275,-0.344097,-0.201652,-0.241756,-0.652937,0.027385,-0.107699,0.426778,0.341919,-0.110718,-0.017369,-0.390762,-0.534048,0.130713,-0.125926,-0.004429,-0.04833,-0.158433,-0.078884,-0.635407,0.268987,0.190668,0.0,-0.078646,-0.430328,-0.395672,0.408025,-0.241586,-0.086462,-0.11719,-0.651315,-0.138972,0.105127,0.262429,-0.084188,-0.272101,-0.032655,-0.116234,0.169831,0.39762,0.105127,-0.056153,0.293027,-0.158358,-0.079252,0.237743,-0.500019,-0.392745,-0.377175,0.797531,-0.391323,-0.599322,-0.46886,-0.166432,-0.130098,-0.266173,0.147301,0.538137,-0.420732,-0.091335,-0.091335,0.092494,-0.002818,-0.384879,0.269851,0.356409,0.257763,0.422609,0.134554,0.436377,0.081725,0.147301,0.538137,0.339613,0.436377,0.246288,0.318453,0.301085,0.339613,0.583692,0.285045,0.408382,-0.23372,-0.168786,0.170637,0.409096,0.246288,0.313074,-0.18188,0.591229,-0.110293,0.257763,0.174716,-0.07622,-0.102037,0.081725,0.811976,-0.389157,0.573627,0.117849,-0.002822,-0.507905,0.243872,0.339613,0.121648,-0.352516,0.046326,0.268987,-0.352516,-0.66523,0.248176,-0.09,-0.110293,-0.324754,-0.012059,0.451246,-0.157483,0.318453,0.147301,0.621985,-0.407272,-0.420204,-0.165933,-0.384879,-0.165933,0.381686,0.256591,-0.18188,-0.071873,0.388339,-0.088857,0.538137,-0.084743,0.103296,0.285045,-0.272101,0.339613,-0.611846,-0.110293,-0.234719,-0.152278,0.285045,0.364912,-0.242425,-0.245897,0.136998,0.285045,0.133828,-0.376502,-0.272101,-0.114469,-0.084743,0.595329,0.013925,0.132397,0.356409,0.103296,-0.40636,0.409096,-0.110293,-0.098315,-0.674007,-0.133005,-0.271823,0.373271,0.147308,-0.430393,-0.08528,0.047154,-0.137444,0.566347,0.246314,-0.25482,0.301085,-0.40598,-0.165315,-0.079827,-0.376502,-0.118292,0.397804,0.422672,-0.102416,-0.07622,#
5,-0.089036,-0.772975,-0.372792,0.188288,-0.102037,1.0,-0.093413,0.070874,0.060649,0.112574,-0.093413,-0.428245,-0.228363,-0.126532,0.516716,0.035242,0.035706,-0.117485,0.186342,0.299835,-0.102037,-0.344566,0.204396,0.529944,-0.194247,0.51724,0.289434,0.189888,0.211104,0.065213,-0.2446,0.306062,0.204396,-0.028314,-0.338305,0.035242,0.31285,0.207765,-0.088383,0.0,0.03474,0.197869,-0.531844,-0.228831,0.365254,-0.33121,0.390386,-0.130377,0.091664,-0.058306,0.077281,0.296961,0.509175,-0.284036,-0.218024,0.365963,-0.253746,0.411904,-0.262705,0.170457,0.105464,0.5315,0.094975,0.178874,-0.581254,-0.603496,0.03474,-0.535053,-0.166127,-0.574334,-0.218218,0.167759,0.347072,-0.107855,-0.542423,0.235317,0.279428,0.279428,-0.538584,0.623239,0.161382,0.04615,0.038441,0.495165,0.172705,-0.078367,0.279428,-0.059076,-0.107855,-0.059076,0.029634,0.279428,0.080611,-0.583457,0.148039,0.029634,-0.325847,-0.521048,-0.233239,-0.534159,0.077281,0.317005,-0.232916,-0.372826,-0.487943,0.080611,-0.101745,0.038441,0.495165,-0.089087,-0.428354,1.0,-0.059076,-0.237713,0.197734,-0.107855,0.251701,0.223058,0.139634,-0.345033,0.029634,-0.32716,0.403857,0.168669,-0.553064,0.403857,0.342778,0.166667,-0.483345,0.038441,-0.078367,-0.232916,-0.272076,0.107556,-0.583457,-0.107855,-0.327248,0.762116,0.050524,0.507652,0.161382,0.507652,-0.428354,0.197869,0.080611,0.134491,0.509175,0.126166,-0.542423,0.047619,-0.098075,-0.521048,0.509175,0.029634,0.29084,0.038441,0.392919,-0.288713,-0.521048,-0.428571,-0.229786,-0.089087,0.185726,-0.521048,0.229049,-0.028111,-0.218218,-0.236203,0.047619,-0.534523,-0.67529,-0.074398,0.038441,-0.098075,0.199929,-0.232916,0.038441,-0.464715,-0.101379,-0.184428,0.364955,0.024341,-0.35844,-0.223708,0.033157,-0.52487,0.550578,-0.098075,-0.37611,-0.26441,0.148039,-0.372491,0.099019,0.194983,-0.028111,0.514563,0.217504,-0.225531,0.156812,-0.428354,#
6,0.554252,-0.10464,0.271151,-0.432939,-0.233194,-0.093413,1.0,-0.44123,0.335778,0.232797,0.118012,-0.127861,0.037342,0.490185,-0.592099,0.394274,-0.070044,-0.150021,0.387775,0.626554,-0.26584,0.500049,0.011634,-0.533911,-0.404435,-0.087436,-0.08062,-0.0341,0.820041,-0.0927,0.466894,0.426127,-0.418125,-0.038775,0.253728,-0.06982,0.396861,0.268283,0.222449,0.0,0.823357,0.255898,0.278229,-0.121182,-0.24967,-0.393983,-0.088247,0.214158,-0.759241,-0.372929,-0.184107,-0.585824,0.401151,-0.403042,0.406377,-0.384537,-0.55519,-0.408433,0.399552,-0.363826,0.633592,0.32681,-0.600189,0.296688,0.317309,0.217336,-0.069577,0.247206,0.298871,0.279492,-0.171923,0.342968,0.149736,-0.665738,-0.340309,0.24117,-0.158584,-0.158584,0.075831,-0.443477,-0.514155,0.214088,-0.11911,-0.180925,-0.009913,0.033707,-0.119512,-0.839243,-0.665738,-0.340309,-0.533771,-0.158584,-0.6178,0.202629,-0.486749,-0.533771,-0.110685,-0.437188,-0.595438,0.134629,0.222202,0.163216,-0.440949,-0.149742,-0.595988,-0.586099,0.159108,-0.11911,-0.180925,-0.666068,0.37363,-0.093413,-0.374101,-0.39085,-0.065498,-0.665738,0.084097,-0.026623,0.743829,-0.20826,-0.533771,0.062852,0.02837,-0.086035,0.268283,0.02837,0.138414,0.245873,0.553453,-0.11911,0.033707,-0.409767,0.363572,0.249962,0.202629,-0.665738,0.106795,0.067083,0.265547,-0.230031,0.202629,-0.230031,-0.126937,-0.44416,-0.6178,0.297963,-0.271921,0.24878,-0.374101,-0.534043,-0.427742,-0.437188,-0.271921,-0.533771,-0.17814,-0.11911,0.171006,0.047844,-0.437188,-0.534043,0.587679,-0.666068,0.621763,-0.437188,-0.590617,0.490988,0.374228,-0.103544,-0.534043,-0.237411,0.357759,-0.349715,-0.11911,-0.427742,0.09012,-0.440949,-0.11911,0.78292,0.568589,-0.390069,0.556617,-0.555638,-0.421049,0.803819,-0.539204,-0.370134,-0.08573,0.044166,-0.182768,-0.297442,-0.486749,0.052281,0.224451,0.062546,0.490988,-0.533771,-0.446284,-0.121325,0.3328,0.37363,#
7,-0.477062,0.050849,-0.131331,0.254673,0.345432,0.070874,-0.44123,1.0,-0.603917,0.33618,-0.44123,-0.43795,0.403803,-0.21914,0.321224,0.269992,0.269969,0.318242,-0.295652,-0.514005,0.189962,-0.207145,0.250017,0.212569,-0.302078,0.097666,-0.215704,-0.429164,-0.368796,0.239764,-0.031206,-0.225891,0.250017,0.271387,-0.160066,0.269992,-0.225977,-0.110625,-0.418838,0.0,0.132136,-0.148981,-0.084869,-0.1716,0.183708,-0.308847,0.591536,-0.260959,0.358992,-0.089019,-0.148483,-0.257273,-0.108262,-0.295652,-0.21429,-0.208189,0.811209,-0.228987,-0.117598,0.980975,-0.318841,-0.637303,-0.190431,-0.128122,0.09934,-0.099613,0.270017,-0.225174,-0.373132,-0.123801,0.027843,0.032312,-0.523124,0.318812,0.63786,-0.163443,-0.186687,-0.186687,-0.074924,0.231713,-0.102236,-0.291541,-0.452808,0.330318,0.285357,-0.201903,0.630299,-0.097517,0.318812,0.609084,0.270253,-0.186687,-0.15897,-0.057893,-0.09303,0.241383,-0.181474,0.150216,0.811213,-0.29832,-0.27919,0.197165,-0.249301,0.503905,0.416371,0.47691,-0.324064,-0.452808,0.330318,0.344742,0.268649,0.070874,-0.097517,0.429667,-0.374764,0.345691,0.192372,-0.257384,-0.367689,-0.195931,0.270253,-0.592662,-0.244522,0.291832,-0.110625,-0.273962,0.168012,-0.113401,-0.084501,-0.452808,-0.230861,0.402716,-0.127534,-0.26961,-0.057893,0.318812,0.227295,0.009532,-0.307476,-0.319016,-0.102236,-0.319016,-0.411394,-0.148981,-0.185965,0.051471,0.108262,0.352731,-0.068742,0.269321,-0.236797,0.150216,0.108262,0.270253,-0.194559,-0.452808,0.318616,0.638699,0.150216,0.29767,-0.248578,0.318223,0.043847,0.150216,0.907883,-0.229651,-0.974355,0.010986,0.240971,0.37126,-0.178869,0.473117,-0.452808,-0.236797,0.042509,-0.222748,-0.482233,-0.413061,-0.470415,-0.309001,0.213824,0.282573,0.241472,-0.352232,0.273665,-0.093743,0.128099,-0.236797,-0.126403,0.168658,-0.09303,-0.576354,-0.308147,0.314827,-0.201758,0.212514,0.406728,-0.002759,-0.233392,0.268649,#
8,0.362146,-0.25371,-0.378547,0.209952,-0.534253,0.060649,0.335778,-0.603917,1.0,-0.328829,0.335778,0.510238,-0.654239,-0.141463,0.100658,-0.428353,-0.428361,-0.528539,0.175638,0.378168,0.353208,0.350395,-0.213186,-0.428351,-0.200411,0.067241,0.310477,0.212953,0.19991,-0.428177,0.277075,0.347608,0.227158,0.077939,0.059255,-0.428353,0.290595,0.178054,-0.059552,0.0,0.047418,0.168326,0.180888,0.299763,0.353575,0.242007,-0.131665,0.386224,-0.130628,-0.55336,-0.385053,0.429206,0.528962,0.281928,0.337511,-0.052624,-0.756289,0.411793,0.298172,-0.501897,0.095055,0.519311,0.06501,0.174999,0.075093,0.283081,-0.428345,0.413879,0.610556,0.301872,-0.534087,0.165011,0.805694,-0.088933,-0.522052,0.208583,0.278077,0.278077,-0.064382,-0.241763,0.159638,0.506463,0.032038,-0.382359,0.20248,0.379812,-0.793413,-0.071931,-0.088933,-0.99865,0.049919,-0.272975,0.068515,0.159638,0.14631,-0.428239,0.134522,-0.540574,-0.762319,0.343819,0.516243,0.347627,-0.238622,-0.353751,-0.501177,-0.353751,-0.107639,0.519382,-0.382359,-0.095163,-0.428239,0.060649,-0.071931,-0.21919,0.622043,-0.088933,-0.326443,-0.233844,0.118267,0.119948,0.049919,0.195219,0.40262,0.19858,0.178054,-0.084994,-0.109805,0.045976,0.358392,0.519382,0.379812,-0.21419,0.289477,-0.323512,0.159638,-0.088933,-0.327161,0.199709,0.300758,0.506463,0.159638,0.506463,0.023354,0.168326,0.068515,0.131824,-0.218159,-0.408482,-0.071931,0.041085,0.391078,-0.540574,-0.218159,0.049919,0.289477,0.519382,-0.382423,-0.282794,-0.540574,0.041085,0.469505,-0.095163,0.199709,-0.540574,-0.446253,-0.052486,0.499077,-0.250797,-0.428457,-0.095163,0.170932,-0.28371,0.032038,0.391078,0.215032,0.201159,0.032038,0.015621,0.352323,0.277109,-0.086157,-0.462763,-0.35886,0.659575,-0.44942,-0.040859,0.057721,-0.092453,0.066794,-0.264986,0.14631,0.718064,0.075569,-0.265087,0.409491,-0.428239,-0.675021,-0.788619,-0.3277,-0.428239,#
9,-0.141959,0.095748,0.1724,0.030103,-0.220119,0.112574,0.232797,0.33618,-0.328829,1.0,-0.134141,-0.341094,0.375071,0.317841,-0.230665,0.05078,0.031995,0.598037,0.061119,0.178515,-0.150878,0.131726,0.354183,0.118517,-0.475825,0.12481,-0.418566,-0.375697,0.400094,0.583605,-0.498306,-0.432273,0.029996,-0.021592,0.159547,0.584754,0.120624,-0.257523,-0.266232,0.0,0.492763,-0.244537,0.442379,-0.411767,0.294733,-0.302259,-0.010597,0.010628,0.154334,-0.005881,-0.179617,-0.509708,0.288449,-0.387958,0.098661,-0.008528,0.107294,-0.490683,0.072489,0.393221,0.129311,-0.340527,-0.615228,-0.159002,0.077023,0.308416,0.032821,0.29336,-0.1288,0.25934,0.470711,0.197167,-0.571505,-0.130644,-0.110989,-0.281142,0.078133,-0.454594,-0.096799,0.457911,-0.158097,-0.301496,-0.323724,0.558672,-0.486924,-0.139926,0.60139,-0.471398,-0.561021,0.34976,-0.33262,0.078133,-0.622038,-0.3001,-0.308578,0.129637,-0.822423,-0.265004,0.09221,-0.126084,-0.614931,-0.243123,-0.363557,0.148305,-0.037213,-0.197485,-0.205614,-0.794861,0.558672,-0.142669,0.491225,0.112574,-0.102798,-0.45731,-0.40103,-0.561021,-0.100123,0.068615,0.512354,-0.339022,-0.794877,-0.072471,-0.497169,-0.007235,-0.257523,0.445629,0.721901,-0.150706,-0.224084,-0.794861,0.323747,0.054042,-0.450027,0.072956,-0.3001,-0.561021,0.330625,0.43174,-0.448872,-0.213511,0.409916,-0.653437,-0.33262,-0.272275,-0.1898,-0.319411,-0.404937,0.567097,-0.563548,-0.341354,-0.499862,-0.265004,0.288448,-0.794877,0.193891,-0.794861,0.597213,0.634745,-0.265004,-0.341354,-0.22695,0.281941,0.321851,-0.265004,0.317781,0.376586,-0.404937,-0.39797,0.566502,-0.227591,-0.006765,0.033009,-0.323724,-0.499862,0.464474,-0.788715,-0.323724,0.057495,0.33335,-0.470154,0.660665,0.12483,-0.093513,-0.006959,0.14045,-0.431865,0.587335,-0.1259,-0.601168,0.3147,-0.308578,-0.589497,-0.182372,0.474469,-0.070029,0.129637,0.371715,0.110026,0.086952,0.491225,#
10,0.585986,-0.10464,0.238238,-0.00379,0.199524,-0.093413,0.118012,-0.44123,0.335778,-0.134141,1.0,-0.127861,-0.389062,0.010502,-0.152351,-0.533914,-0.070044,-0.263081,0.405185,0.15724,0.166878,-0.30183,0.011634,-0.533911,0.434134,0.37689,-0.141612,0.388899,-0.045857,-0.533694,-0.037508,-0.098385,0.011634,-0.529226,-0.174644,-0.06982,-0.65582,0.268283,-0.236842,0.0,-0.105295,-0.44416,0.251847,0.408174,0.183207,0.046259,-0.512747,-0.023795,-0.309537,0.09767,0.255357,0.43785,0.401151,0.049619,-0.088462,0.652433,-0.594896,0.532765,0.380253,-0.363826,0.252998,0.34482,0.262056,-0.698479,-0.469624,0.382483,-0.069577,0.276798,-0.06447,0.252265,-0.171923,-0.321785,0.149736,-0.231259,-0.314468,-0.383529,-0.158584,-0.158584,-0.366936,-0.009913,0.24245,0.214088,0.356518,-0.180925,-0.009913,0.501799,-0.089634,0.091041,-0.231259,-0.314468,-0.067108,0.379222,0.254915,0.24245,0.225567,-0.067108,0.142197,-0.397706,-0.565905,0.159108,0.222202,-0.28322,0.417471,-0.561857,-0.282944,-0.561857,0.159108,-0.11911,-0.180925,0.191247,-0.533771,-0.093413,-0.374101,0.033652,0.368066,0.203221,-0.40689,-0.002505,-0.160613,-0.131636,-0.067108,0.602573,0.054809,-0.00995,0.268283,0.054809,-0.28322,0.245873,0.110463,-0.11911,0.033707,-0.385922,0.393668,-0.567181,0.24245,-0.231259,0.127378,0.067083,-0.220666,0.214088,-0.474334,0.214088,0.806391,0.255898,-0.181443,-0.256719,-0.271921,-0.274967,0.091041,-0.075788,0.516073,-0.397706,-0.271921,-0.067108,-0.148045,-0.11911,-0.61131,-0.173163,-0.397706,0.382466,0.129235,-0.237411,0.067083,-0.397706,-0.281253,0.070174,0.374228,-0.636293,-0.075788,0.191247,-0.000212,-0.349715,0.356518,0.516073,0.09012,0.417471,-0.11911,-0.124012,0.138174,-0.136524,-0.251721,-0.087163,0.123591,-0.01765,-0.104092,0.055213,0.310127,0.516073,0.255067,-0.297442,0.225567,0.052281,0.224451,-0.051174,0.070174,-0.533771,-0.392614,-0.091595,-0.562405,-0.533771,#
11,-0.106762,0.296153,-0.389596,0.255481,-0.53399,-0.428245,-0.127861,-0.43795,0.510238,-0.341094,-0.127861,1.0,-0.228189,-0.068198,0.113099,-0.428142,-0.42815,-0.117395,-0.298282,-0.097462,0.382606,0.467623,-0.224836,0.041312,0.168703,-0.428134,0.331434,0.224881,-0.255207,0.047552,-0.06285,-0.197741,0.239253,0.105247,0.070456,-0.428142,0.333599,-0.524573,0.29886,0.0,-0.428134,0.225631,0.208193,0.320999,-0.085221,0.72884,-0.270197,0.430366,0.272626,-0.095098,-0.395942,0.342795,-0.218052,0.675744,0.336241,-0.158463,-0.169448,-0.056758,-0.220824,-0.481459,-0.373454,0.006732,0.07628,0.320612,0.445657,0.285228,-0.428134,0.358889,0.565409,0.33303,0.080993,-0.218907,0.364423,0.386478,-0.012879,0.207029,0.342504,0.342504,0.436489,-0.202586,0.24561,0.098379,0.019755,-0.342545,-0.184578,-0.050225,-0.744573,0.425022,0.386478,-0.515178,0.075914,-0.238263,0.081556,0.24561,0.231751,0.056532,0.148095,0.218919,-0.180316,0.356852,0.078627,-0.050991,0.196095,0.123845,0.175527,0.123845,-0.118951,0.533378,-0.342545,-0.071215,0.056532,-0.428245,0.425022,-0.195413,0.223595,-0.064664,-0.326282,-0.244926,-0.066544,0.531477,0.075914,0.181202,-0.03459,-0.154847,0.235678,-0.054356,-0.069533,-0.551965,0.059797,0.533378,0.435819,0.255517,-0.20812,0.088242,0.24561,0.386478,-0.326999,-0.326373,0.326475,0.098379,0.24561,0.098379,0.011306,0.225631,0.534648,-0.2419,-0.218052,-0.393042,0.425022,0.066616,0.447537,0.218919,-0.218052,0.075914,0.354367,0.533378,-0.176002,-0.23604,0.218919,0.066616,0.023521,0.373881,-0.326373,0.218919,-0.344516,-0.076779,0.479714,0.318631,0.047583,-0.071215,0.212726,-0.123,0.019755,0.447537,0.201203,0.213921,0.513623,0.037019,0.328934,0.76453,-0.531388,0.025538,0.171166,0.218831,0.034337,0.470367,-0.428744,-0.062067,0.080014,0.49256,0.231751,0.771685,0.05217,-0.276311,-0.058052,0.056532,-0.22737,-0.246352,-0.073832,0.056532,#
12,0.012746,0.509558,0.417505,-0.599727,0.020796,-0.228363,0.037342,0.403803,-0.654239,0.375071,-0.389062,-0.228189,1.0,0.738532,-0.012328,0.243222,-0.205737,0.420457,0.245906,-0.017712,0.004704,0.423298,0.600197,0.203243,-0.192441,-0.654243,0.04098,-0.180717,0.225537,0.639732,0.02251,0.011704,-0.615073,0.180367,0.019117,0.209367,0.04134,-0.266423,-0.033529,0.0,0.243684,0.398639,0.351831,-0.460184,-0.413533,-0.555082,0.396405,0.406422,-0.142412,0.226437,0.019738,-0.55962,-0.333211,-0.646297,-0.505409,-0.215376,0.48226,-0.649291,0.040478,0.339587,0.416597,-0.651418,-0.38941,0.27847,0.54117,0.198989,-0.20528,-0.056565,0.134582,0.326238,0.700638,-0.221788,-0.815981,-0.411846,0.231411,0.358352,-0.471122,0.04889,-0.207666,-0.191336,-0.295591,-0.792051,-0.654069,0.021811,-0.159088,-0.182203,0.540013,-0.210653,0.008258,0.663865,-0.654082,0.04889,-0.395595,-0.268935,-0.274322,-0.220213,-0.299437,0.356503,0.505665,-0.413283,-0.373128,-0.382965,-0.184803,0.002885,0.442387,0.408578,-0.389615,-0.654069,0.021811,-0.003188,0.657167,-0.228363,-0.210653,-0.178216,-0.175212,-0.395689,-0.023859,-0.198764,0.366337,-0.489176,-0.202858,-0.499562,-0.185632,-0.622123,-0.266423,-0.20333,0.42318,-0.096289,0.195496,-0.654069,-0.199611,-0.207859,-0.449027,0.331035,-0.268935,0.008258,-0.002143,0.016961,0.029936,-0.808567,-0.295591,-0.379142,-0.202858,-0.278256,-0.411823,0.276415,-0.333211,0.848693,-0.193355,0.21473,-0.627502,0.356503,0.317592,-0.202858,-0.489318,-0.654069,0.474226,0.574394,0.356503,-0.211321,0.169287,-0.01913,0.037589,0.356503,0.2347,0.67137,-0.333211,0.54101,0.197688,0.012753,-0.17163,-0.214457,-0.654069,-0.627502,0.02121,-0.583851,-0.211865,0.266567,0.024117,-0.541229,0.426663,-0.204927,0.533372,-0.176556,0.663005,-0.251115,-0.155822,-0.171208,-0.376021,0.374117,-0.274322,-0.456151,0.016967,0.698445,0.252183,0.213656,0.191409,0.523201,0.35042,0.657167,#
13,0.487506,0.296758,0.410189,-0.728392,-0.292156,-0.126532,0.490185,-0.21914,-0.141463,0.317841,0.010502,-0.068198,0.738532,1.0,-0.133309,0.020611,-0.48445,0.160818,0.609057,0.466419,0.037877,0.639029,0.634531,-0.024362,-0.160647,-0.60048,0.22948,0.174983,0.617088,0.466768,0.087222,0.226523,-0.732587,-0.047876,-0.021506,-0.017474,0.226541,-0.183315,0.110307,0.0,0.394104,0.559039,0.502631,-0.336265,-0.418553,-0.561672,0.143672,0.693951,-0.519982,0.101165,-0.043418,-0.401853,0.081998,-0.671405,-0.357234,-0.016371,-0.228569,-0.505373,0.198289,-0.203591,0.783916,-0.142705,-0.47818,0.361874,0.476746,0.363415,-0.483927,0.120582,0.462708,0.512345,0.592393,-0.266983,-0.435015,-0.778776,-0.329516,0.542078,-0.389992,0.194996,-0.378752,-0.278527,-0.270552,-0.611904,-0.537696,-0.120635,-0.24225,-0.001741,0.237495,-0.385732,-0.306179,0.156974,-0.988744,0.194996,-0.504254,-0.240565,-0.254296,-0.500663,-0.361397,-0.080606,-0.203125,-0.362518,-0.131809,-0.4138,-0.187145,-0.469772,-0.052389,-0.013387,-0.335892,-0.537696,-0.120635,-0.319212,0.486346,-0.126532,-0.385732,-0.586849,0.150751,-0.760599,-0.21965,-0.198172,0.742491,-0.584492,-0.48114,-0.243359,0.007521,-0.785589,-0.183315,-0.012388,0.493073,-0.03547,0.34224,-0.537696,-0.021324,-0.620093,-0.358579,0.366017,-0.240565,-0.306179,-0.195645,0.238759,0.248839,-0.630484,-0.270552,-0.147402,-0.038613,-0.202435,-0.522509,0.276917,-0.5037,0.782236,-0.366273,-0.011503,-0.496198,-0.080606,0.228422,-0.48114,-0.403905,-0.537696,0.382928,0.283721,-0.080606,-0.490789,0.445864,-0.337145,0.261964,-0.080606,-0.293147,0.98513,0.199137,0.336399,-0.030674,-0.301279,-0.193997,-0.68455,-0.537696,-0.496198,0.243486,-0.636054,-0.040239,0.477287,0.484262,-0.549455,0.50423,-0.521579,0.366086,0.179655,0.462848,-0.415953,-0.05911,0.01711,-0.485528,0.236855,-0.254296,-0.220345,0.314329,0.705789,0.513565,-0.012582,-0.199609,0.324388,0.374088,0.486346,#
14,-0.1452,-0.393104,-0.691868,0.393555,-0.168896,0.516716,-0.592099,0.321224,0.100658,-0.230665,-0.152351,0.113099,-0.012328,-0.133309,1.0,-0.373375,-0.372954,-0.229816,0.028846,-0.226394,0.677498,-0.070818,0.393424,0.516588,0.028945,0.071375,0.580754,0.399221,-0.424828,0.093544,-0.113493,0.089286,0.393424,0.060611,-0.661115,-0.373375,0.080101,-0.286857,-0.241392,0.0,-0.37383,0.396509,-0.294037,0.113205,0.24518,-0.053625,0.629903,0.287724,0.321333,-0.09677,-0.24919,0.642568,0.263099,-0.05462,-0.414795,0.333924,0.072182,0.3725,-0.401458,0.373283,-0.218589,0.07225,0.171433,0.225497,-0.105389,-0.233719,-0.37383,-0.416067,0.167779,-0.162063,-0.124264,-0.426864,0.236948,0.244213,-0.073142,0.440047,0.074484,0.61077,-0.526023,0.371923,0.419386,-0.272343,-0.370307,0.120901,0.405179,-0.08338,0.074484,0.372846,0.677466,-0.090982,0.086904,0.074484,0.185765,-0.267882,0.393702,0.069006,-0.124726,-0.23592,0.116214,-0.559528,0.189031,0.23229,0.004938,-0.24936,0.012003,0.604154,-0.599896,0.103978,0.120901,0.266332,-0.353583,0.516716,-0.090982,0.007417,0.428274,0.260877,-0.077081,-0.413854,-0.355998,-0.246855,0.552249,-0.611796,0.377002,-0.003307,-0.286857,-0.115798,0.238949,-0.348875,-0.238426,0.103978,-0.101333,0.004938,-0.40606,-0.265135,-0.267882,0.677466,-0.611961,0.393798,0.254023,0.153488,-0.295373,0.596353,-0.335685,0.396509,0.169029,0.083675,0.263099,0.090757,-0.073142,0.551867,0.358561,-0.23592,0.263099,0.552249,0.092569,0.103978,0.181025,-0.042624,-0.23592,0.112482,-0.151831,0.249892,-0.138042,-0.23592,0.542526,-0.058332,-0.408072,0.117691,0.077332,-0.144674,-0.796717,-0.135797,-0.370307,0.358561,0.394514,0.0214,0.085736,-0.807455,-0.17234,0.123497,-0.140685,0.06311,0.396881,-0.385022,0.513316,-0.092782,0.130334,-0.112013,-0.232405,0.248504,0.393702,-0.095828,0.179629,0.35917,-0.04104,0.516453,0.000206,-0.399323,-0.342748,-0.353583,#
15,-0.099933,-0.181983,0.135084,-0.235722,0.342144,0.035242,0.394274,0.269992,-0.428353,0.05078,-0.533914,-0.428142,0.243222,0.020611,-0.373375,1.0,0.511822,0.006864,-0.169338,-0.037007,-0.534268,-0.03658,-0.201983,0.029133,-0.205986,0.022703,-0.20219,-0.242987,0.257335,0.035906,0.458686,0.306532,-0.236104,0.091538,0.100566,0.060039,0.313343,0.208475,0.383512,0.0,0.54894,0.198577,-0.457679,-0.235346,-0.534257,-0.339209,0.300945,-0.434466,-0.416623,-0.045349,0.089349,-0.73667,-0.218165,-0.293363,0.296112,-0.579697,0.34497,-0.540599,-0.167864,0.227959,0.06714,0.032512,-0.38202,0.375154,0.162962,-0.529078,0.511351,-0.488211,-0.382766,-0.471339,-0.210068,0.37016,-0.105076,-0.118902,0.397672,0.154136,-0.22373,-0.22373,0.408927,-0.238764,-0.55108,0.092079,0.026311,0.083579,0.217511,-0.504296,0.310804,-0.554146,-0.118902,0.397672,0.017734,-0.22373,-0.383856,0.20325,-0.518332,0.017734,0.141662,0.176908,0.288808,-0.096106,0.089349,0.363108,-0.243798,0.509061,-0.158385,0.049846,0.350736,0.026311,0.083579,-0.534394,0.526682,0.035242,-0.06464,0.198264,-0.653117,-0.118902,0.75333,0.192415,0.178649,0.046522,0.017734,-0.327081,-0.069237,0.188475,0.208475,-0.069237,-0.089648,0.169719,0.144341,0.026311,-0.504296,0.1828,0.322441,0.530521,0.20325,-0.118902,0.214364,-0.326543,0.24294,-0.375304,0.20325,-0.375304,-0.42825,-0.538151,-0.383856,0.331532,0.490164,0.162753,-0.06464,-0.428468,-0.545865,0.176908,-0.218165,0.017734,-0.247647,0.026311,0.42062,-0.010479,0.176908,-0.428468,0.035147,-0.534394,0.257193,0.176908,-0.015183,-0.077986,-0.218165,0.318279,-0.428468,-0.083282,0.194602,0.326936,0.026311,-0.545865,-0.334587,-0.243798,0.026311,0.523169,-0.094773,-0.196014,0.31861,0.042902,-0.319652,0.200188,-0.418101,-0.061334,-0.429411,-0.049238,0.073723,-0.215915,-0.518332,-0.334572,0.093151,-0.151438,-0.077986,0.017734,0.18378,0.300007,0.608843,0.526682,#
16,-0.534098,-0.182526,0.134637,0.216111,0.797526,0.035706,-0.070044,0.269969,-0.428361,0.031995,-0.070044,-0.42815,-0.205737,-0.48445,-0.372954,0.511822,1.0,0.42285,-0.645721,-0.037245,-0.534277,-0.629874,-0.202204,0.029591,0.180365,0.511577,-0.223363,-0.24258,-0.198515,-0.428196,-0.072054,-0.245214,0.216371,0.091291,0.100134,0.059805,-0.240327,0.20845,0.383717,0.0,0.060058,-0.537835,-0.486159,0.321721,-0.078926,0.124176,-0.279494,-0.844452,0.056603,-0.04513,0.089556,-0.265045,-0.218169,0.183135,0.316938,-0.044211,0.344956,-0.04513,-0.188714,0.227936,-0.366983,0.051922,0.071887,-0.360463,-0.419271,-0.529728,0.999999,-0.302053,-0.637938,-0.64386,-0.210377,0.270081,-0.104649,0.338538,0.424848,-0.557738,0.342222,-0.223492,0.436318,0.217709,-0.50886,0.559447,0.527076,0.546464,0.217709,-0.012158,0.342222,-0.064432,-0.118488,0.424848,0.509061,0.342222,0.075556,0.245121,0.23126,0.509061,0.407874,0.218422,0.319864,-0.07057,-0.372712,0.363315,0.208091,0.534558,0.170741,-0.383446,0.814411,0.026766,0.546464,-0.083501,0.062623,0.035706,0.424848,0.64499,-0.653128,0.338538,0.237192,0.217996,-0.283903,0.53037,0.018181,0.240643,-0.541789,0.268756,0.20845,-0.041201,-0.533377,0.169606,-0.322158,0.026766,-0.012158,0.208091,0.354088,0.100811,0.245121,-0.118488,0.777041,-0.326548,-0.524073,0.09228,0.245121,-0.374887,0.062623,0.198552,0.075556,-0.252115,0.490881,-0.213322,0.424848,-0.428476,-0.049027,0.218422,-0.218169,0.018181,-0.215736,0.026766,0.009144,-0.243547,0.218422,0.053559,-0.447563,-0.083501,0.256917,0.218422,0.025612,-0.552729,-0.218169,-0.242146,0.053559,0.367402,0.223139,0.327107,0.527076,-0.049027,-0.334627,0.208091,0.026766,0.029241,-0.547773,0.071121,-0.121625,0.536132,-0.319694,-0.247201,-0.418138,-0.033142,-0.013049,0.44737,0.073916,-0.215965,0.23126,-0.334614,-0.362238,-0.30127,-0.552729,0.018181,0.635639,0.331271,0.151463,0.062623,#
17,-0.659004,0.405647,0.293221,-0.036674,0.228275,-0.117485,-0.150021,0.318242,-0.528539,0.598037,-0.263081,-0.117395,0.420457,0.160818,-0.229816,0.006864,0.42285,1.0,-0.468666,0.213902,-0.270944,-0.002778,0.430122,0.299048,-0.141085,-0.111899,-0.026061,-0.412095,0.066171,0.308739,-0.581919,-0.537885,-0.050852,0.384202,0.289934,0.288302,-0.02159,-0.314053,0.19625,0.0,0.007142,-0.297931,0.270547,-0.032571,0.117637,0.013544,-0.250311,-0.088735,0.412392,0.00232,-0.214501,-0.369061,-0.269191,-0.062489,-0.060895,-0.010032,0.414813,-0.403712,-0.069267,0.266347,-0.113837,-0.514825,-0.198951,-0.179284,0.070885,0.067037,0.423786,0.216219,-0.052786,0.038391,0.653752,0.097386,-0.659205,0.120672,0.139125,-0.347006,0.459598,-0.02298,0.150239,0.361253,-0.474726,-0.075907,-0.101616,0.704803,-0.305675,0.150009,0.459598,0.019875,-0.269191,0.556501,-0.10967,0.459598,-0.205096,-0.290961,0.334802,0.309071,-0.20098,0.318849,0.43158,-0.263573,-0.988002,-0.143068,-0.036679,0.298322,0.601921,-0.205096,0.244746,-0.528401,0.704803,0.109897,0.428712,-0.117485,0.556501,0.063485,-0.41683,-0.269191,-0.402804,-0.027825,0.231875,0.216088,-0.528412,0.080716,-0.803209,-0.390127,-0.314053,0.050836,0.143068,-0.161543,-0.369106,-0.528401,0.570032,-0.036679,-0.497657,0.219969,-0.290961,-0.269191,0.670177,0.094804,-0.737527,-0.189768,0.352216,-0.58828,-0.10967,0.330237,0.186451,-0.355515,-0.269191,0.451653,0.139125,-0.117485,-0.383119,0.318849,0.358921,-0.528412,-0.150454,-0.528401,0.364361,0.291397,0.318849,-0.117485,-0.380254,0.494535,0.237009,0.318849,0.118969,0.131004,-0.269191,-0.040975,0.704907,0.219794,0.077655,-0.091776,-0.101616,-0.383119,0.092486,-0.421814,-0.101616,0.012027,-0.253799,-0.143005,0.228675,0.319028,0.07447,-0.326798,0.327217,-0.368037,0.300559,0.161313,-0.594923,0.401892,0.334802,-0.36851,-0.599637,0.397237,-0.273567,0.309071,0.801491,0.445902,0.219671,0.428712,#
18,0.853059,-0.036181,0.354468,-0.593486,-0.344097,0.186342,0.387775,-0.295652,0.175638,0.061119,0.405185,-0.298282,0.245906,0.609057,0.028846,-0.169338,-0.645721,-0.468666,1.0,0.274353,0.066559,0.261901,0.222326,-0.255883,-0.129044,-0.187418,-0.053697,0.199995,0.53026,0.200952,0.230995,0.508761,-0.578361,-0.323785,-0.060206,0.200626,-0.059928,0.352758,-0.43652,0.0,0.270861,0.337622,0.326835,-0.481667,-0.019209,-0.620339,0.213759,0.491571,-0.516706,0.197722,0.383159,0.008588,0.362021,-0.629665,-0.493709,0.224776,-0.477237,0.161278,0.470616,-0.225581,0.81839,0.172207,-0.03547,0.067109,-0.000756,0.325665,-0.645697,0.07804,0.224919,0.39459,0.093568,-0.097102,-0.037884,-0.805137,-0.558654,0.377234,-0.646399,-0.073133,-0.700949,-0.244674,0.279364,-0.484702,-0.290841,-0.454873,-0.141974,0.14404,0.047182,-0.277083,-0.342009,-0.173024,-0.645537,-0.073133,-0.054935,-0.314894,-0.431509,-0.645537,-0.33964,-0.3836,-0.447491,-0.049285,0.449888,-0.412325,-0.208233,-0.784211,-0.45109,0.042685,-0.476422,-0.290841,-0.454873,0.006769,-0.193139,0.186342,-0.772894,-0.533586,0.540793,-0.342009,0.011889,0.118737,0.42603,-0.857095,-0.148104,-0.090558,0.632627,-0.236098,-0.254257,0.125356,0.390587,0.412489,0.376302,-0.290841,-0.354916,-0.569723,0.016515,-0.079145,-0.314894,-0.342009,-0.493169,0.454267,0.353406,-0.1165,-0.484682,0.356903,0.199894,-0.380957,-0.520064,0.453295,-0.328859,0.358371,-0.662713,0.222525,-0.233709,-0.3836,0.25148,-0.148104,-0.111803,-0.290841,-0.077728,0.177744,-0.3836,-0.157396,0.555105,-0.450152,-0.005596,-0.3836,-0.138775,0.66489,0.223845,-0.019911,-0.265945,-0.348614,-0.230249,-0.365648,-0.290841,-0.233709,0.029569,-0.208233,-0.290841,0.193963,0.401927,-0.612594,0.430048,-0.657264,0.089591,0.210465,0.211058,-0.252934,0.229853,-0.233709,0.032036,-0.336882,-0.431509,-0.092897,0.445618,0.33425,0.66489,-0.258645,-0.62463,-0.037443,0.005756,-0.193139,#
19,0.18237,-0.139471,0.227153,-0.418868,-0.201652,0.299835,0.626554,-0.514005,0.378168,0.178515,0.15724,-0.097462,-0.017712,0.466419,-0.226394,-0.037007,-0.037245,0.213902,0.274353,1.0,-0.252163,0.364926,0.395724,-0.141707,-0.372668,-0.073353,0.42808,0.006536,0.798899,-0.137585,0.030485,0.425087,-0.403673,0.31145,0.253943,-0.161537,0.411434,0.289255,0.284287,0.0,0.402489,0.276814,0.224194,-0.033717,0.12271,-0.362039,-0.152093,0.370216,-0.354096,-0.4349,-0.242903,-0.160218,0.419378,-0.371385,-0.019972,-0.001542,-0.636803,0.010987,0.361616,-0.433195,0.657807,0.386452,-0.196574,0.264397,0.006036,0.040575,-0.03675,0.22931,0.52454,0.12792,0.068582,0.322653,0.191132,-0.661985,-0.742722,0.285419,0.373318,0.373318,-0.302225,-0.070825,-0.52675,0.283778,-0.088111,0.226347,0.03171,0.495692,-0.127187,-0.419844,-0.661985,-0.357712,-0.530762,0.373318,-0.22531,-0.357236,0.219307,-0.530762,-0.049239,-0.41893,-0.614164,-0.251817,-0.176281,0.205097,-0.411096,-0.528208,-0.320808,-0.631403,0.217083,-0.088111,0.226347,-0.307503,-0.034131,0.299835,0.075168,-0.358993,0.332669,-0.661985,-0.404596,-0.047152,0.762074,-0.151008,-0.530762,0.096912,0.017924,-0.453441,-0.316782,0.017924,0.099518,0.335961,0.169368,-0.088111,0.495692,-0.810537,-0.060734,0.240272,-0.357236,-0.661985,0.142139,0.540259,-0.108811,0.178747,0.236064,0.178747,-0.096465,0.276814,-0.22531,0.278389,-0.270388,0.37215,-0.309841,-0.151723,-0.382963,-0.41893,0.309015,-0.530762,-0.188845,-0.088111,0.142871,-0.205085,-0.41893,-0.531032,0.42921,-0.307503,0.671437,-0.41893,-0.617002,0.508971,0.419378,-0.120952,-0.151723,-0.206128,-0.002822,-0.699334,-0.088111,-0.382963,0.102377,-0.411096,-0.088111,0.371277,0.177115,-0.358769,0.544494,-0.555339,-0.422189,0.443698,-0.154809,-0.78692,0.329341,0.11925,-0.589515,-0.300163,0.219307,0.084494,-0.167534,0.335728,0.508971,-0.144493,-0.064732,-0.108749,0.341155,-0.034131,#
20,0.174017,-0.076929,-0.594231,0.401539,-0.241756,-0.102037,-0.26584,0.189962,0.353208,-0.150878,0.166878,0.382606,0.004704,0.037877,0.677498,-0.534268,-0.534277,-0.270944,0.066559,-0.252163,1.0,0.287659,0.401045,-0.090637,0.014703,-0.096169,0.407195,0.414294,-0.422812,-0.084687,0.130713,-0.106892,0.401045,-0.04833,-0.595579,-0.534268,-0.118945,-0.449444,-0.310719,0.0,-0.113693,0.256591,0.251501,0.428002,0.14984,0.063069,0.382649,0.517754,0.054897,-0.339563,-0.567469,0.480821,0.388339,0.014652,-0.097559,0.166139,-0.089384,0.105127,-0.094026,0.2662,-0.158956,-0.114595,-0.169668,0.032888,0.309588,0.407091,-0.534257,0.108999,0.428192,0.4405,-0.166432,-0.59601,0.149993,0.186472,0.12366,0.293422,-0.119525,0.408188,-0.325253,-0.025544,0.280882,-0.189212,-0.534114,-0.196896,0.399883,0.067817,-0.119525,0.12366,0.612797,-0.332752,-0.07622,-0.119525,-0.14254,0.280882,0.263748,-0.07622,-0.070051,-0.348223,-0.065314,-0.23372,0.262429,0.147236,0.026637,-0.14254,0.01772,0.285628,-0.666057,-0.067412,-0.196896,0.174716,-0.07622,-0.102037,-0.332752,0.017178,0.399883,0.186472,-0.407159,-0.815658,-0.320659,-0.165794,0.381686,-0.407944,0.089501,-0.02546,0.268987,-0.37746,0.147236,-0.538725,0.258298,-0.067412,0.067817,0.026637,-0.108694,-0.594365,0.280882,0.612797,-0.408054,0.057916,0.247515,-0.189212,-0.42245,0.246572,-0.07622,0.256591,-0.14254,-0.071873,-0.272101,0.062083,0.12366,0.364912,0.541611,-0.348223,-0.272101,0.381686,-0.108694,-0.067412,-0.055604,0.264759,-0.348223,0.364912,0.16467,0.174716,0.057916,-0.348223,0.362955,0.106746,-0.272101,-0.060854,-0.084743,0.174716,-0.391366,-0.297464,-0.534114,0.541611,0.617967,0.026637,-0.067412,-0.527927,0.181497,0.107169,-0.233953,-0.097461,0.61047,0.025015,0.341666,0.090295,-0.066194,0.07856,-0.13924,0.413953,0.263748,0.116396,0.259688,0.377248,0.106746,-0.07622,-0.40226,-0.579309,-0.713437,-0.07622,#
