0,1.0,-0.018832,-0.091755,0.189172,0.000596,-0.23847,0.327318,-0.470387,-0.255595,-0.1102,0.418764,0.800692,0.312903,0.222272,-0.014891,-0.499179,0.045523,-0.556379,0.212728,-0.667713,0.023372,-0.201568,-0.23847,0.441995,0.283484,-0.137557,0.300402,0.221779,0.215921,0.018488,-0.361865,-0.046023,-0.288834,0.245478,0.578444,-0.499059,0.294117,0.055682,0.375509,0.028632,0.254305,-0.150539,-0.00236,-0.233699,0.332786,0.409514,-0.019667,0.374754,-0.144884,-0.229256,-0.653417,0.07323,0.153345,0.106646,-0.288945,-0.244463,-0.032232,0.634765,-0.163446,-0.360569,-0.014354,-0.045939,-0.800778,-0.211495,-0.424245,0.301651,0.668978,-0.598273,-0.144543,0.981088,-0.175757,-0.224669,-0.332786,-0.035624,0.463078,-0.302473,-0.498924,-0.208846,-0.653247,-0.052315,-0.226119,-0.21786,0.627781,-0.581982,0.394578,-0.21786,0.007475,-0.217888,0.015516,0.397238,-0.011808,-0.188937,0.015516,-0.493419,-0.251849,-0.21786,-0.031694,-0.581982,-0.251849,-0.226119,0.000724,-0.630334,0.015662,0.363195,-0.043782,-0.208056,-0.226119,-0.103269,-0.418938,-0.0,-0.061979,0.357437,0.210215,-0.234183,-0.075801,-0.022787,-0.0,0.187232,-0.513899,0.576644,-0.0,0.332786,-0.208846,0.638777,-0.367507,0.414628,-0.721097,0.449008,-0.498822,-0.226119,-0.276603,-0.430429,-0.179639,0.555361,-0.179639,-0.198076,0.357437,-0.653247,0.225149,-0.391652,-0.226119,-0.375903,0.033262,-0.380684,0.173374,0.266745,-0.0,0.050207,-0.399532,-0.498924,0.214572,0.179098,-0.811653,0.242869,-0.513899,-0.21786,-0.154363,0.156056,0.015516,-0.418938,-0.40551,-0.207158,-0.332786,-0.40094,-0.446792,0.190196,-0.226119,-0.1212,-0.440308,0.0,0.38903,-0.633402,0.0,-0.04135,-0.011433,0.003878,-0.653234,0.365114,-0.276355,-0.607713,0.151178,0.183493,-0.161952,0.365114,0.154328,-0.288977,0.441952,-0.04135,-0.003552,-0.022213,-0.674102,0.324794,0.155082,-0.409363,-0.263018,-0.087973,0.144486,-0.721097,0.060971,-0.46644,#
1,-0.018832,1.0,-0.25144,-0.480458,0.099553,-0.339526,-0.183906,-0.32057,0.228311,0.061815,-0.096409,-0.12133,-0.14409,0.484029,-0.433712,0.274246,0.427133,-0.318014,0.483566,-0.025413,0.102503,0.337442,-0.339526,-0.106392,0.150182,-0.282721,-0.075206,0.337902,0.203772,0.24976,-0.228573,-0.256959,-0.14409,-0.205001,0.366199,-0.34983,0.052737,0.36964,0.385937,-0.34983,0.484768,-0.236513,-0.10063,-0.378673,-0.666027,-0.065727,-0.330375,0.297241,-0.456736,0.252598,-0.210363,-0.377596,0.021207,0.463586,-0.192063,0.123335,0.165635,-0.030683,0.249826,0.051653,0.118012,0.255448,-0.398101,-0.187507,0.57878,0.644723,-0.202592,-0.266968,-0.256485,0.05685,-0.126756,-0.172584,0.182831,0.123594,-0.443536,0.717344,0.250332,-0.496746,0.338334,-0.426059,-0.206801,0.012599,0.198497,-0.227986,-0.110625,-0.239382,-0.227986,0.254584,-0.076492,-0.110625,-0.103793,0.037591,-0.076492,-0.187113,-0.295207,0.012599,0.114503,-0.227986,0.228866,-0.206801,-0.248081,0.002295,-0.386737,0.123594,-0.227986,-0.287559,0.316981,-0.003507,-0.561706,-0.99904,0.592438,0.150183,-0.46549,-0.175576,-0.270199,-0.434819,-0.386883,-0.50746,0.172773,-0.029541,-0.386883,0.150183,-0.496746,-0.23582,-0.398101,-0.243168,-0.295207,0.483178,-0.292605,-0.206801,-0.222307,-0.357224,-0.46549,-0.209323,-0.46549,0.062037,0.150183,0.338334,-0.302285,-0.357224,-0.206801,-0.236206,0.250332,-0.208299,0.007502,0.247117,-0.386883,-0.009842,0.632723,0.250332,0.007502,0.752593,0.426011,-0.206801,0.172773,-0.773716,0.287046,0.433969,-0.076492,-0.076492,-0.102744,-0.295207,0.150183,-0.112935,-0.165613,0.509653,0.316981,0.470137,-0.403762,0.0,0.138005,-0.263321,0.0,0.368708,0.281038,0.127825,-0.206801,0.430886,0.231968,-0.46549,0.522783,-0.727751,0.357391,0.430886,-0.277329,0.155452,0.413967,-0.235848,-0.350308,0.449685,-0.287559,0.200467,0.015279,0.664366,0.5338,0.387224,-0.003596,-0.295207,0.587683,0.098564,#
2,-0.091755,-0.25144,1.0,-0.021625,-0.441292,0.176747,-0.238591,-0.389767,0.243412,0.611565,-0.652934,-0.125045,-0.197208,0.501068,0.581272,0.303953,-0.662983,0.523642,-0.508444,0.566378,-0.415183,-0.276845,0.176747,-0.148926,0.202635,0.27718,-0.193768,-0.181106,0.218078,-0.443473,0.0119,-0.255636,-0.229643,0.242805,-0.354523,-0.356431,-0.188215,0.290854,-0.107526,-0.356431,0.021109,-0.237161,-0.158034,0.113109,0.102979,-0.650573,-0.716028,-0.427975,-0.155952,-0.306051,-0.203741,-0.206977,0.530304,-0.058437,-0.335011,-0.125403,0.113248,-0.101424,-0.353552,-0.304428,0.05907,0.232558,0.091924,-0.07496,-0.154712,-0.243899,0.220015,-0.329516,-0.614927,-0.099908,-0.255688,-0.050368,-0.661056,0.115216,0.220689,-0.185544,-0.386329,0.509133,-0.198944,0.641893,0.312488,-0.025524,0.138851,0.415589,-0.14482,0.354474,0.323492,-0.402857,-0.126618,0.337914,-0.155699,-0.528677,-0.126618,-0.237269,-0.333614,0.510136,-0.469573,0.415589,0.296226,0.312488,-0.303173,-0.030941,0.095443,-0.432762,-0.257873,0.238254,0.355123,-0.047577,0.436773,0.229211,0.625462,0.06976,-0.006066,0.335019,0.993161,0.567291,0.204296,-0.020489,-0.476775,-0.055701,0.204296,0.169416,-0.032892,-0.29081,-0.450238,0.511279,0.253567,-0.280477,-0.148561,0.312488,0.512023,0.121349,-0.541726,0.270664,-0.006066,-0.497025,0.06976,-0.198944,-0.392521,0.121349,0.312488,-0.292397,-0.386329,-0.321685,-0.013185,0.110286,0.204296,-0.103381,-0.372049,0.279608,-0.628503,0.209758,0.009293,-0.274368,-0.476775,0.310981,0.771041,-0.132582,-0.126618,-0.126618,0.170174,-0.413913,0.169416,-0.132031,0.62017,0.45702,-0.231733,-0.204019,0.588823,0.0,-0.537207,0.281357,0.0,0.390349,-0.481307,0.101608,0.376441,-0.672514,0.196639,-0.006066,-0.523969,0.214999,0.247743,-0.672514,-0.383741,-0.199244,0.313139,-0.336218,-0.402249,-0.596513,0.238254,0.012748,-0.537502,-0.153556,-0.549413,0.395252,-0.061156,0.253567,0.10252,0.702834,#
3,0.189172,-0.480458,-0.021625,1.0,0.038781,-0.234187,0.324741,0.034234,-0.657327,-0.331626,0.377342,0.388994,-0.359833,-0.584265,-0.010971,-0.498933,-0.386483,-0.036034,-0.274155,0.176259,0.393621,-0.652759,-0.234187,0.434224,-0.332622,0.180782,-0.416837,0.21599,0.253294,-0.498933,0.311251,0.441877,0.310343,-0.265472,-0.141846,0.005744,-0.540135,-0.657472,0.399027,0.530483,0.167198,0.345248,0.025143,0.172407,0.274545,0.370152,0.295215,-0.306094,-0.138073,-0.627724,0.233521,0.525389,-0.252591,-0.495856,0.441378,-0.507502,0.354964,0.59144,0.199279,-0.205282,-0.854535,-0.032645,-0.099288,0.38948,-0.287911,-0.362564,0.137277,0.166579,0.413775,0.049547,0.142561,-0.374458,-0.332622,-0.008747,0.000508,-0.300565,0.001131,0.567324,-0.22077,0.393877,0.177179,0.147169,0.229602,-0.04437,0.421794,0.677451,0.490819,-0.233533,0.386791,-0.038742,0.363983,0.172837,0.386791,0.456142,0.217758,0.147169,0.344878,-0.04437,0.251658,0.177179,0.002793,-0.173512,0.799093,-0.024565,0.490819,0.624653,0.21106,0.080344,-0.045233,0.471214,-0.396536,-0.332622,0.57285,-0.270634,-0.015771,0.408999,0.471214,0.625247,0.008466,0.644732,0.471214,0.327342,0.567324,0.253677,0.331559,0.487685,-0.248866,-0.653645,0.498155,0.177179,-0.502263,-0.059983,0.588313,0.443113,0.588313,-0.233376,-0.332622,-0.22077,0.22513,0.387582,0.177179,0.331884,0.53034,-0.131754,0.199821,-0.35236,0.471214,-0.68563,-0.000549,0.001131,0.199821,-0.177738,-0.392749,0.643544,0.008466,0.642887,-0.257823,-0.603021,0.386791,-0.045233,0.035874,0.217758,0.353741,0.305999,-0.367489,-0.275588,0.21106,-0.615526,-0.009658,0.0,0.346529,0.354228,0.0,0.058429,-0.523532,0.371895,0.228001,-0.427631,-0.666352,0.162632,-0.609284,0.146754,-0.662159,-0.427631,-0.271021,-0.25711,-0.062244,0.019323,0.37455,-0.053852,0.161213,-0.381591,-0.203749,-0.313087,0.094546,-0.365215,-0.224515,-0.248866,0.122207,0.010526,#
4,0.000596,0.099553,-0.441292,0.038781,1.0,0.32492,0.390914,-0.193975,-0.106787,-0.365227,-0.136342,-0.160741,-0.282059,-0.389167,0.122989,-0.612108,0.28911,-0.408409,0.81187,-0.385891,-0.241395,0.113099,0.32492,0.254387,0.263099,0.507319,-0.29325,-0.350643,0.337347,0.414783,-0.237716,0.022398,-0.282059,-0.33978,0.096613,0.415078,-0.093304,-0.431346,0.320314,0.415078,-0.048161,-0.141751,0.225887,-0.188175,-0.408072,-0.135729,0.164929,-0.219058,0.074438,0.347697,0.534622,0.170866,-0.820943,-0.067073,-0.343187,-0.290997,-0.647692,-0.002789,0.34731,0.001201,-0.234367,0.423834,-0.296744,-0.351078,0.213232,-0.291877,-0.319408,-0.097235,0.255933,0.046139,-0.282671,0.546312,0.289946,-0.272343,-0.15653,0.390334,0.415147,-0.427944,0.086904,-0.290091,-0.370307,-0.397203,-0.119327,-0.44147,0.250498,0.077332,-0.44147,-0.093914,-0.160536,-0.611857,-0.148409,0.0214,-0.160536,-0.392697,0.351652,-0.830113,-0.1816,-0.44147,-0.122896,-0.370307,0.592587,0.378394,-0.249029,-0.231652,0.102808,-0.540193,-0.370307,-0.502745,-0.599896,-0.10873,-0.313782,0.263099,-0.397203,-0.80103,-0.492016,-0.301886,-0.10873,0.403092,-0.305672,-0.01793,-0.10873,-0.408072,0.010109,0.078164,0.14142,-0.152838,-0.122896,-0.247051,-0.387515,-0.370307,-0.442608,-0.659756,0.428839,0.169736,-0.00407,-0.376992,0.263099,0.086904,0.83062,-0.260899,-0.370307,-0.478077,0.415147,0.083497,-0.013274,-0.065707,-0.10873,0.096017,-0.232624,-0.123049,0.424189,-0.13378,-0.210494,0.103978,-0.305672,0.077332,-0.231776,0.228414,-0.160536,-0.160536,-0.474277,0.351652,0.263099,-0.28475,-0.346369,-0.053343,0.103978,0.10157,-0.313334,0.0,0.196189,0.375572,0.0,0.041642,0.399441,-0.659756,0.0604,0.659036,-0.083312,-0.00407,0.388122,0.129443,-0.300696,0.659036,0.352235,-0.062729,-0.411588,0.589067,0.610385,-0.139387,-0.540193,0.254135,0.810092,0.406238,0.060006,0.180612,0.418846,-0.122896,-0.164718,-0.301642,#
5,-0.23847,-0.339526,0.176747,-0.234187,0.32492,1.0,0.506641,-0.02295,0.043101,-0.167389,-0.327201,-0.353166,-0.213256,-0.269935,0.791853,-0.205828,0.092865,0.285988,0.258008,-0.16475,-0.530008,-0.025433,0.502795,-0.379702,0.205829,0.396888,-0.201801,-0.49932,0.018789,0.330183,-0.143149,0.279703,-0.213256,-0.033657,-0.352111,0.330524,-0.072066,0.205407,-0.323188,-0.237722,-0.7374,-0.241409,0.059107,0.485229,0.234416,-0.345165,0.185505,-0.10558,0.560254,0.029842,0.423342,-0.250416,-0.205686,-0.25456,-0.431186,0.172429,-0.537718,-0.225868,0.04858,0.156592,0.376326,0.337492,0.348881,-0.269011,-0.332403,-0.21694,-0.033422,0.053726,0.253781,-0.152562,-0.220837,0.569413,0.234416,-0.117087,0.33033,-0.274906,0.330627,-0.23801,-0.053363,0.354142,0.441795,0.250581,-0.495083,0.212507,0.058201,-0.06363,-0.367057,0.03362,0.08897,0.102417,0.108329,-0.22534,-0.378874,-0.322787,0.006694,-0.210393,-0.012864,0.212507,-0.470545,-0.063237,0.753309,0.65111,-0.564251,-0.545334,-0.367057,-0.441383,-0.540212,-0.295817,0.08897,0.330183,-0.125887,0.205829,-0.210393,-0.035364,0.174805,-0.135547,0.330183,0.180355,-0.385084,-0.267286,0.330183,-0.508854,0.228442,-0.091191,0.348881,-0.062397,0.512007,-0.192554,-0.270242,0.441795,0.35864,-0.065955,0.208227,-0.282566,-0.252748,-0.198597,0.205829,-0.053363,0.356891,-0.108927,0.441795,-0.389432,-0.24246,0.205407,-0.262573,0.073206,0.330183,0.326289,-0.520557,-0.24246,0.20325,-0.481729,0.07444,-0.063237,-0.385084,0.422954,-0.169005,-0.176843,0.08897,0.556815,0.006645,0.006694,0.205829,-0.243616,0.474769,0.188327,-0.03518,0.33733,0.327495,0.0,-0.078056,0.205401,0.0,-0.399321,0.301236,-0.533641,-0.081582,0.075993,0.056606,0.208227,0.213163,0.408618,-0.037304,0.075993,0.520389,0.124179,-0.318284,0.151209,0.346989,-0.310877,0.060481,0.175531,0.201122,-0.184579,-0.560731,0.519657,0.206244,0.512007,-0.658319,-0.117447,#
6,0.327318,-0.183906,-0.238591,0.324741,0.390914,0.506641,1.0,-0.22609,-0.251413,-0.357923,0.304975,0.278537,-0.107244,-0.403079,0.390914,-0.647238,0.303533,-0.215795,0.322238,-0.385309,-0.263322,-0.475,-0.251413,0.25162,0.091529,0.17649,-0.102018,0.237152,0.477861,0.169982,-0.143916,0.669035,-0.107244,-0.487481,-0.179485,0.170582,-0.028267,-0.174266,0.250627,0.170582,-0.386038,0.014452,0.251574,0.497085,0.135114,0.303149,0.402217,0.220867,0.413357,-0.218676,0.208991,-0.080399,-0.326661,-0.0492,-0.111812,-0.27331,-0.28557,0.328002,0.504766,-0.191258,-0.242661,0.142679,-0.270403,-0.139332,-0.220077,-0.11558,0.205668,-0.193659,0.416052,0.297654,-0.09697,-0.024556,0.135114,-0.274379,0.172141,-0.138581,0.170829,-0.383544,-0.517694,0.390685,0.237249,0.353961,-0.276198,-0.202402,0.278748,0.179759,-0.202402,-0.200459,0.304825,0.278748,0.278207,-0.315054,-0.408465,-0.158451,-0.23524,-0.348855,0.443945,-0.202402,-0.263225,-0.532739,0.681836,0.328603,-0.30245,-0.274379,-0.202402,-0.230201,-0.560709,-0.357377,-0.408465,0.169982,-0.340968,0.091529,0.353961,-0.490251,-0.24775,-0.349013,0.169982,0.327973,-0.311032,0.327544,0.169982,0.091529,0.327623,0.239059,0.440944,0.268723,-0.23524,-0.082696,-0.181873,0.237249,-0.215664,-0.268916,0.353961,-0.130019,-0.348855,-0.282083,0.091529,-0.517694,0.433573,-0.268916,0.237249,-0.187944,0.170829,-0.142119,-0.355711,-0.200997,0.169982,-0.041545,-0.261735,-0.702918,0.354497,-0.268583,-0.428649,0.237249,-0.311032,0.208292,-0.441879,-0.112851,0.304825,0.304825,-0.314459,-0.23524,0.091529,-0.128301,-0.185757,0.283758,0.209279,-0.037047,-0.313905,0.0,0.395011,-0.133769,0.0,-0.239843,0.140693,-0.268916,-0.560709,0.250748,-0.231529,-0.348855,0.321409,0.184075,-0.468819,0.250748,0.502766,-0.301664,-0.179736,-0.20756,0.414359,0.27693,-0.230201,0.055754,0.302959,-0.128553,-0.325816,0.252181,0.284956,-0.23524,-0.354623,-0.334695,#
7,-0.470387,-0.32057,-0.389767,0.034234,-0.193975,-0.02295,-0.22609,1.0,-0.199488,-0.221678,0.223501,-0.27509,0.25459,-0.533446,-0.193975,0.411694,0.287015,0.104752,-0.356295,0.117768,0.266812,0.134656,-0.02295,-0.201306,-0.548925,-0.208485,0.219239,0.051674,-0.518456,-0.051462,0.414122,0.208169,0.589577,0.114442,-0.343657,0.361154,0.083964,-0.333179,-0.547952,0.361154,-0.392956,0.29087,-0.198682,0.10744,0.274463,0.195606,0.697986,0.123759,0.38915,0.291419,0.184361,0.091779,-0.123423,-0.169065,0.652534,0.40197,0.259367,-0.27058,-0.008425,0.588872,0.122935,-0.553119,0.734016,0.52687,-0.069939,-0.115529,-0.382947,0.930856,0.584035,-0.473245,0.553628,0.250148,0.274462,0.253948,-0.145237,-0.233659,0.061723,0.050238,0.236343,-0.264087,0.230522,0.099296,-0.437187,0.109978,-0.096256,-0.314436,0.252653,0.578222,0.386306,-0.145619,-0.073037,0.544604,0.386306,0.695521,0.404286,0.099296,0.330825,0.109978,-0.080339,0.230522,0.183472,0.16641,0.225236,0.089486,0.109978,0.424692,-0.253834,0.631406,0.631046,0.360232,-0.576709,-0.343078,0.340442,0.538759,-0.346628,-0.134315,0.051462,0.029021,0.797743,-0.349844,0.051462,-0.480309,0.050238,0.076416,0.734016,-0.289495,0.404286,-0.071602,0.745586,0.230522,-0.071359,0.518098,0.501207,-0.433815,0.501207,0.822972,-0.343078,0.236343,0.025067,0.681202,0.230522,0.758588,0.061723,0.780229,0.078838,0.015553,0.051462,0.282296,0.280401,0.061723,0.193513,-0.422829,0.37654,0.230522,0.797743,0.179678,-0.569593,-0.243494,0.386306,0.386306,0.180965,0.528681,-0.205847,0.428329,-0.170853,-0.737544,-0.253834,0.142949,0.337163,0.0,-0.090126,0.089784,0.0,-0.331842,-0.0,0.27344,0.18649,-0.160468,-0.151278,0.501207,0.010263,0.111101,0.124356,-0.160468,0.319683,0.311279,-0.312159,0.227208,0.127131,0.247321,0.424692,-0.280875,-0.031586,-0.17432,0.156988,-0.432435,-0.477756,0.404286,-0.288766,-0.251607,#
8,-0.255595,0.228311,0.243412,-0.657327,-0.106787,0.043101,-0.251413,-0.199488,1.0,0.764063,-0.361865,-0.388167,0.484572,0.645086,-0.106787,0.351624,0.092865,0.17902,-0.113099,0.216028,-0.530008,0.441333,0.043101,0.05351,0.205829,0.041927,0.54274,-0.037983,0.018789,0.330183,-0.282291,-0.242342,-0.213256,-0.033657,-0.174465,0.330524,0.631097,0.381997,-0.412645,-0.237722,-0.140094,-0.125024,0.520878,0.140962,-0.508854,-0.325693,-0.548151,0.13259,0.091874,0.524272,-0.038257,-0.388252,0.241395,0.744679,-0.273126,-0.034095,-0.484028,-0.682195,0.083681,-0.37676,0.376326,-0.220039,0.050545,-0.269011,0.593305,-0.21694,-0.031909,-0.391024,-0.712315,-0.24953,0.008679,-0.021554,0.234416,-0.519136,-0.277521,0.494365,-0.189804,-0.212096,-0.007835,-0.100361,-0.493809,-0.184784,-0.466554,0.244704,-0.833324,-0.06363,-0.334859,-0.393584,-0.777741,0.084937,-0.339997,-0.613891,-0.777741,-0.290997,-0.424117,-0.184784,-0.540708,0.244704,0.034767,-0.493809,-0.339526,0.22407,-0.538016,-0.090889,-0.334859,-0.413501,-0.03518,-0.499512,0.114962,-0.227269,0.354661,0.205829,-0.227138,-0.007835,0.207456,-0.108603,-0.763281,-0.693208,-0.087102,-0.720975,-0.763281,0.205829,-0.212096,-0.593763,-0.416025,-0.355082,0.081195,0.352564,-0.377209,-0.493809,0.712273,0.384741,-0.645758,-0.444213,-0.645758,-0.173556,0.205829,-0.007835,-0.326454,-0.507658,-0.493809,-0.115764,-0.762892,-0.145138,-0.659717,-0.331691,-0.763281,0.356566,-0.057224,-0.189804,-0.659717,0.027186,0.11853,-0.998842,-0.087102,-0.5315,0.550145,0.749957,-0.777741,-0.309897,0.03987,-0.424117,-0.508854,-0.201048,0.51781,0.276788,-0.03518,-0.137934,-0.081617,0.0,-0.520677,-0.124465,0.0,0.183593,0.335708,-0.507658,-0.03518,0.104963,0.997254,-0.184784,0.240957,0.007458,0.434173,0.104963,0.087525,-0.333746,-0.316886,-0.345763,-0.522837,0.128692,0.088363,0.223071,0.229635,0.508036,-0.134334,0.058391,0.657192,0.081195,-0.164421,0.358853,#
9,-0.1102,0.061815,0.611565,-0.331626,-0.365227,-0.167389,-0.357923,-0.221678,0.764063,1.0,-0.547352,-0.309437,0.363002,0.746165,0.08929,0.496714,-0.10835,0.085297,-0.458946,0.516424,-0.571953,0.139437,-0.167389,0.304226,-0.002783,0.239345,0.409412,0.165182,0.291843,-0.066785,-0.28627,-0.22015,-0.01739,0.169268,-0.357718,-0.076997,0.487977,0.188229,-0.350888,-0.076997,-0.024232,-0.329243,0.290871,0.079539,-0.392362,-0.52139,-0.713776,0.047801,-0.202535,0.304789,-0.321069,-0.4992,0.360111,0.701118,-0.267095,-0.322602,-0.094205,-0.355288,0.054258,-0.559042,0.105695,-0.328276,-0.052258,0.074785,0.407782,-0.322781,0.170467,-0.36989,-0.825311,-0.13655,0.161946,-0.109978,-0.392362,-0.300531,-0.322751,0.366579,-0.588243,0.102258,-0.287856,0.103898,-0.278575,-0.31995,-0.171854,0.07739,-0.735493,0.140272,0.289549,-0.400419,-0.505031,0.334515,-0.540963,-0.73255,-0.505031,-0.223751,-0.619153,0.128766,-0.61637,0.07739,0.319403,-0.278575,-0.490922,0.067976,-0.145759,-0.342707,-0.486761,0.068685,0.167859,-0.191303,0.363933,-0.066785,0.546531,0.303315,0.087538,0.19448,0.601905,0.271248,-0.588543,-0.538937,-0.169574,-0.548833,-0.588543,0.303315,-0.35179,-0.547758,-0.506421,0.224478,-0.127278,0.176874,-0.217908,-0.278575,0.53523,0.297176,-0.768666,-0.109029,-0.31995,-0.298975,0.303315,-0.287856,-0.377029,-0.116244,-0.278575,-0.08864,-0.588243,-0.099117,-0.504399,-0.111302,-0.588543,0.226024,-0.128751,-0.030396,-0.787312,0.310143,-0.022756,-0.770177,-0.169574,-0.315156,0.764204,0.568235,-0.505031,-0.505031,-0.009454,-0.434174,-0.392362,-0.302159,0.384475,0.3842,-0.323743,-0.348535,0.297228,0.0,-0.598871,0.02582,0.0,0.579902,-0.071758,-0.116244,0.167859,-0.291332,0.75207,-0.31995,-0.081375,0.201629,0.604438,-0.291332,-0.133467,-0.606173,0.071193,-0.502792,-0.780128,-0.081841,0.068685,0.302571,-0.100556,0.366584,-0.35029,0.144314,0.307379,-0.127278,0.024038,0.552497,#
10,0.418764,-0.096409,-0.652934,0.377342,-0.136342,-0.327201,0.304975,0.223501,-0.361865,-0.547352,1.0,0.587528,0.293027,-0.403808,-0.567837,-0.408152,0.189854,-0.234707,-0.009145,-0.489755,0.666507,-0.066706,-0.327201,0.166987,-0.272101,-0.524679,0.277765,0.335445,-0.356905,0.106991,0.114592,0.419539,0.293027,-0.095898,0.437444,0.117064,0.099893,-0.080132,0.11699,0.117064,0.041519,0.468239,0.206345,0.181406,0.414757,0.998292,0.63863,0.467414,0.122358,-0.332338,-0.072892,0.387793,-0.025079,-0.133061,0.512975,0.061141,0.196452,0.417264,0.105875,0.026417,-0.153352,-0.396067,-0.119813,0.196433,-0.26782,0.303891,0.304519,0.123627,0.502685,0.336928,0.293452,-0.53539,0.414756,-0.150103,0.155934,-0.343513,0.121648,-0.017316,-0.07622,-0.174465,-0.09334,0.3995,0.110828,-0.098876,0.199171,-0.102037,-0.098876,0.120116,0.174597,0.158311,0.585175,0.424394,0.174597,0.407887,0.131408,-0.026488,0.639117,-0.098876,-0.352516,-0.09334,-0.056821,-0.37838,0.245981,0.681425,0.4367,0.077692,-0.110293,0.081348,-0.257739,0.106991,-0.59362,-0.272101,0.3995,-0.101659,-0.619461,-0.165959,0.106991,0.032123,0.332556,0.455394,0.106991,0.388339,0.413734,0.425866,0.311347,-0.250855,-0.335553,0.258138,0.299868,-0.09334,-0.244083,0.234103,0.43864,-0.092921,0.012652,0.410572,-0.272101,-0.07622,-0.002482,-0.158377,-0.09334,0.496171,0.121648,-0.060647,0.022259,-0.314001,0.106991,-0.276344,0.246288,-0.407944,0.452728,-0.344678,-0.294111,0.373362,0.332556,-0.084743,-0.711575,-0.229971,0.174597,0.174597,0.165563,0.131408,-0.272101,0.29684,-0.384276,-0.415938,0.356409,-0.196811,-0.576663,0.0,0.65602,-0.548697,0.0,-0.596339,0.119093,0.234103,-0.534114,0.183491,-0.352648,0.012652,0.013237,-0.136285,-0.504878,0.183491,0.09242,0.082937,-0.130652,-0.038098,0.247234,0.54995,0.077692,-0.26021,0.013579,-0.409565,0.40531,-0.661151,-0.001663,-0.335553,-0.093428,-0.598059,#
11,0.800692,-0.12133,-0.125045,0.388994,-0.160741,-0.353166,0.278537,-0.27509,-0.388167,-0.309437,0.587528,1.0,0.266704,0.010369,-0.160741,-0.408117,-0.233838,-0.138296,-0.034957,-0.486584,0.266607,-0.533945,-0.353166,0.175142,0.39478,-0.524634,0.202172,0.343942,0.083243,-0.408118,0.246783,-0.127147,-0.384428,-0.091596,0.415965,-0.40802,0.015015,-0.106406,0.558651,0.122202,0.46833,0.439091,-0.233245,-0.298599,0.421455,0.577112,0.101798,0.06415,0.115983,-0.358157,-0.534219,0.493373,0.382511,-0.173635,0.219455,0.054238,0.208127,0.429318,-0.357787,-0.028665,-0.176707,0.065047,-0.564838,-0.321652,-0.327728,0.263376,0.312699,-0.378803,-0.006391,0.724438,-0.37355,-0.403124,-0.272078,0.234301,0.610549,-0.424753,-0.407909,-0.009486,-0.53408,0.217418,-0.089011,-0.018749,0.533623,-0.162465,0.591423,-0.09779,-0.08389,-0.334079,0.182824,0.166374,0.154459,0.011267,0.182824,-0.1061,0.076367,-0.018749,0.209203,-0.162465,0.05924,-0.089011,-0.081357,-0.812867,0.258163,0.633891,0.378316,0.090655,-0.106129,0.089779,-0.253714,0.112032,-0.206375,-0.272078,0.411379,-0.097411,-0.140845,-0.157805,0.112032,0.416485,-0.207462,0.802985,0.112032,0.39478,-0.009486,0.806538,-0.129488,0.368835,-0.395132,0.192322,-0.117536,-0.089011,-0.324421,-0.190221,0.020771,0.515439,0.020771,0.001977,-0.272078,-0.53408,-0.03926,-0.150126,-0.089011,-0.012881,0.126829,-0.578593,0.40196,0.070725,0.112032,-0.14473,-0.173855,-0.407909,0.030463,0.070011,-0.663589,0.382226,-0.207462,-0.080327,-0.225473,-0.088582,0.182824,-0.253714,-0.377032,-0.326624,-0.272078,0.219676,-0.469258,-0.032365,-0.106129,-0.148043,-0.572508,0.0,0.203422,-0.550221,0.0,-0.121333,-0.422113,0.246169,-0.534069,0.122477,-0.41788,-0.409357,-0.045286,-0.162923,-0.535648,0.122477,0.031513,0.022274,0.340046,-0.101576,0.270394,0.110057,-0.377627,-0.303685,-0.046456,-0.500486,-0.101168,-0.306648,-0.063378,-0.395132,0.309004,-0.214237,#
12,0.312903,-0.14409,-0.197208,-0.359833,-0.282059,-0.213256,-0.107244,0.25459,0.484572,0.363002,0.293027,0.266704,1.0,0.307486,-0.282059,0.195284,0.291598,-0.174071,-0.255386,-0.343042,-0.224995,0.227103,-0.213256,0.239903,0.086793,-0.371483,0.991574,0.227605,-0.245925,0.162736,-0.094627,-0.150648,-0.059322,0.225655,0.063058,0.163335,0.90279,0.066684,-0.439984,0.163335,-0.171359,0.151176,0.239892,-0.049419,0.130189,0.291216,0.0981,0.492004,0.396526,0.512957,-0.501155,-0.076946,0.338256,0.574422,0.134369,0.167586,-0.246573,-0.326888,-0.183299,-0.100396,0.424713,-0.679585,-0.059022,-0.090105,0.086764,-0.044362,0.196283,-0.116125,-0.284557,0.284587,0.211474,-0.023371,0.130189,-0.223325,0.164923,-0.093165,-0.626447,-0.329836,-0.454858,-0.29034,-0.46851,-0.296057,-0.223199,-0.146632,-0.396486,-0.539781,-0.146632,-0.149531,-0.352065,0.266926,-0.388018,-0.263133,-0.352065,-0.103939,-0.183575,-0.296057,-0.23248,-0.146632,-0.211438,-0.46851,-0.14409,-0.334044,-0.251205,0.426765,-0.146632,-0.179066,-0.496359,0.009323,0.292882,0.162736,-0.288365,0.086793,0.33942,0.255556,-0.190632,-0.295746,-0.650945,-0.336494,0.139177,-0.34903,-0.650945,0.086793,-0.329836,0.229566,-0.059022,-0.170887,-0.183575,0.642241,-0.140296,-0.46851,0.327795,0.426279,-0.296057,-0.2222,-0.296057,0.39037,0.086793,-0.454858,-0.095127,-0.218449,-0.46851,0.235291,-0.626447,0.098692,-0.302194,-0.06884,-0.650945,0.624006,-0.211908,-0.626447,-0.302194,-0.216247,-0.370447,-0.46851,0.139177,-0.511372,-0.150362,0.60459,-0.352065,-0.352065,-0.252185,-0.183575,-0.998115,-0.059648,-0.115595,-0.259736,-0.496359,-0.124764,-0.261492,0.0,-0.269455,-0.645294,0.0,-0.183405,0.185168,-0.218449,-0.496359,0.282477,0.500047,-0.296057,0.348903,0.224461,0.239883,0.282477,0.527125,-0.24391,-0.171952,-0.151262,-0.273375,0.307847,-0.179066,0.122128,0.331278,-0.123694,-0.263496,-0.459671,0.314108,-0.183575,-0.29958,-0.282726,#
13,0.222272,0.484029,0.501068,-0.584265,-0.389167,-0.269935,-0.403079,-0.533446,0.645086,0.746165,-0.403808,0.010369,0.307486,1.0,-0.045707,0.446947,-0.067513,-0.020948,-0.102742,0.137253,-0.361081,0.24427,-0.160217,0.018492,0.352637,-0.138646,0.363595,0.159327,0.179175,0.016402,-0.362115,-0.521686,-0.359802,0.27356,0.189479,-0.496033,0.439225,0.598241,-0.016219,-0.496033,0.326472,-0.376212,0.010336,-0.262738,-0.330768,-0.378403,-0.828408,0.194876,-0.357973,0.195901,-0.649455,-0.48189,0.595515,0.641757,-0.467938,-0.003806,0.00234,-0.185064,-0.225288,-0.379856,0.387283,0.006871,-0.390239,-0.283155,0.300923,0.294403,0.274472,-0.661065,-0.910717,0.261483,-0.194685,-0.200901,-0.330768,-0.029292,-0.033008,0.329757,-0.495899,-0.140674,-0.175458,-0.048378,-0.277788,-0.252141,0.265562,-0.019894,-0.415733,-0.202222,-0.019894,-0.254114,-0.465532,0.356146,-0.397571,-0.555737,-0.362293,-0.515603,-0.615458,0.188659,-0.511772,-0.019894,0.195034,-0.166342,-0.560978,-0.282002,-0.352565,0.033338,-0.446201,-0.228875,0.272216,-0.137031,-0.018162,-0.496152,0.803959,0.352637,-0.252141,0.189025,0.489216,0.045484,-0.496152,-0.605543,-0.309052,-0.225063,-0.496152,0.352637,-0.586711,-0.2641,-0.83639,0.120562,-0.243767,0.560161,-0.552835,-0.277788,0.428531,-0.016723,-0.991518,0.051119,-0.550718,-0.229232,0.352637,-0.175458,-0.527316,-0.42285,-0.277788,-0.398558,-0.495899,-0.409889,-0.164279,0.249961,-0.496152,0.233172,-0.028022,0.052107,-0.609715,0.62494,0.005098,-0.649272,-0.309052,-0.649615,0.772428,0.60372,-0.465532,-0.465532,-0.074051,-0.615458,-0.330768,-0.367278,0.300128,0.623397,-0.210714,0.067657,-0.030591,0.0,-0.383754,-0.384371,0.0,0.470816,0.013185,-0.016723,-0.166342,0.023867,0.61258,-0.550718,0.152108,-0.180613,0.603684,0.023867,-0.257336,-0.235514,0.49384,-0.464146,-0.761863,-0.046855,-0.228875,0.356679,-0.179527,0.277117,-0.180535,0.322351,0.219155,-0.243767,0.334432,0.395798,#
14,-0.014891,-0.433712,0.581272,-0.010971,0.122989,0.791853,0.390914,-0.193975,-0.106787,0.08929,-0.567837,-0.160741,-0.282059,-0.045707,1.0,-0.088595,-0.176811,0.239323,0.000664,0.052828,-0.660259,-0.361777,0.32492,-0.185648,0.263099,0.507319,-0.29325,-0.331869,0.337347,-0.10873,-0.101819,0.103847,-0.282059,0.105358,-0.464471,-0.118571,-0.178723,0.062045,-0.134013,-0.118571,-0.486242,-0.376125,-0.225117,0.268887,0.289946,-0.593576,-0.113522,-0.27901,0.328205,-0.116632,0.065753,-0.28511,0.016097,-0.26706,-0.497561,-0.034276,-0.249427,-0.002789,-0.115506,0.001201,0.172077,0.383498,0.123163,-0.187003,-0.443515,-0.291877,0.105238,-0.097235,-0.008125,0.046139,-0.310552,0.517395,-0.408072,0.145918,0.414314,-0.358932,-0.123049,-0.014227,-0.378441,0.58868,0.551913,0.011655,-0.146119,0.07257,0.22539,0.077332,0.07257,-0.120057,0.254416,0.266915,-0.173175,-0.430375,-0.184945,-0.422551,-0.14926,0.011655,-0.206529,0.07257,-0.122896,0.077629,0.592587,0.378394,-0.273667,-0.69912,-0.471707,-0.095067,-0.370307,-0.077863,0.254416,0.414783,0.137509,0.263099,0.011655,0.103808,0.581173,0.128267,0.414783,0.37849,-0.585513,-0.042992,0.414783,-0.408072,-0.014227,0.050401,0.123163,0.514694,0.325288,-0.313271,-0.283042,0.551913,0.206903,-0.244945,-0.028121,0.138658,-0.028121,-0.400509,0.263099,-0.378441,0.284159,0.153912,0.551913,-0.507644,-0.123049,0.062045,-0.037577,0.329749,0.414783,0.266617,-0.667749,-0.123049,-0.037577,-0.13378,-0.135386,0.077629,-0.585513,0.534291,0.146119,-0.230296,0.254416,0.254416,-0.193455,-0.14926,0.263099,-0.324726,0.340772,0.372961,-0.370307,0.188822,0.562922,0.0,-0.276118,0.292537,0.0,0.041642,-0.150911,-0.244945,0.0604,-0.211587,-0.112349,-0.028121,-0.029516,0.506179,0.078823,-0.211587,0.323198,-0.090752,0.100598,0.011229,0.150551,-0.567636,-0.095067,0.209489,-0.046756,-0.285798,-0.830641,0.657623,-0.047947,0.325288,-0.370864,0.14566,#
15,-0.499179,0.274246,0.303953,-0.498933,-0.612108,-0.205828,-0.647238,0.411694,0.351624,0.496714,-0.408152,-0.408117,0.195284,0.446947,-0.088595,1.0,0.074166,0.319298,-0.494535,0.551971,-0.092012,0.196247,-0.205828,-0.408148,-0.166667,-0.321374,0.216728,0.233102,-0.202699,-0.25,0.246608,-0.32575,0.195284,0.204397,-0.350385,-0.24994,0.163164,0.286837,-0.404715,-0.24994,0.030509,-0.062957,-0.406817,-0.147093,-0.166667,-0.407851,-0.254864,0.071575,-0.032316,0.345398,-0.327246,-0.425127,0.520472,0.305608,0.221162,0.468488,0.459623,-0.499814,-0.208736,0.348263,0.395655,-0.255221,0.466436,0.235058,0.313625,0.210463,-0.326222,0.352639,-0.30474,-0.452266,0.213031,0.041428,-0.166667,0.446472,-0.248549,0.178903,-0.249873,0.023243,0.228395,-0.07194,0.239074,0.017228,-0.185517,0.303235,-0.407661,-0.327327,0.303235,0.362048,0.116563,0.13189,-0.408034,0.011355,0.116563,0.285133,-0.195142,0.53406,-0.071429,0.303235,0.3714,0.239074,-0.362397,0.02929,-0.082359,-0.082245,-0.346555,0.362613,0.239074,0.596762,0.641097,-0.25,0.46694,-0.166667,0.017228,0.783951,0.322139,-0.066458,-0.25,-0.499309,0.534541,-0.496694,-0.25,-0.166667,-0.49973,-0.324824,-0.05667,-0.056254,0.3714,0.237171,0.319298,0.239074,0.310169,0.436963,-0.499604,-0.408136,0.017228,0.510978,-0.166667,0.228395,-0.661095,0.436963,0.239074,0.338869,-0.249873,0.286837,0.023212,0.32104,-0.25,0.332664,0.427125,0.392657,-0.499056,0.380387,0.669519,-0.327154,0.534541,-0.327327,0.384984,0.153338,0.116563,0.116563,0.178806,-0.195142,-0.166667,0.229081,0.25093,0.074645,-0.327154,0.340278,0.466272,0.0,-0.577134,-0.039653,0.0,0.312251,-0.200978,0.436963,0.239074,-0.36379,0.36052,0.017228,0.04986,-0.29235,0.709843,-0.36379,-0.159461,0.227497,0.309815,-0.341297,-0.610736,0.14699,0.362613,-0.1066,-0.46033,0.216875,0.029333,0.164517,-0.472053,0.3714,0.270719,0.456879,#
16,0.045523,0.427133,-0.662983,-0.386483,0.28911,0.092865,0.303533,0.287015,0.092865,-0.10835,0.189854,-0.233838,0.291598,-0.067513,-0.176811,0.074166,1.0,-0.660107,0.459692,-0.404592,-0.151317,0.390068,-0.337111,0.190015,-0.271941,-0.018779,0.352704,0.345098,0.100435,0.630408,-0.433181,0.357704,0.291598,-0.058212,0.045859,0.121399,0.517324,0.020514,-0.209802,0.121399,-0.369143,-0.362126,0.164466,0.097128,-0.271941,0.190223,0.450365,0.760161,0.115642,0.545856,-0.068979,-0.569845,-0.413805,0.531227,-0.098416,0.037019,-0.15516,0.018097,0.57796,0.103316,0.258006,-0.35643,-0.10863,0.193703,0.213219,0.301777,-0.037926,0.187692,0.324211,0.12299,0.429551,0.239656,0.420272,-0.14988,-0.405544,0.368773,0.126017,-0.815382,-0.072334,-0.581569,-0.097054,0.012777,-0.338755,-0.584731,-0.216977,-0.534081,-0.104952,0.538882,0.174629,0.149394,-0.223677,0.033686,-0.229957,-0.067671,-0.301596,-0.416532,0.312555,-0.584731,-0.33521,-0.533799,0.427133,0.397104,-0.558463,-0.118509,-0.546177,-0.343123,-0.533799,0.081437,-0.261078,-0.407911,-0.182922,0.420272,0.012777,-0.105297,-0.629872,-0.619252,-0.407911,-0.375544,0.317156,-0.363051,-0.407911,-0.271941,-0.380971,-0.034415,0.32589,-0.258673,-0.33521,0.58164,-0.121365,-0.097054,-0.25169,-0.15815,0.043442,-0.556962,-0.385867,0.413952,0.420272,-0.072334,0.294183,-0.15815,-0.097054,0.025132,0.126017,0.531076,-0.380458,0.21009,-0.407911,0.507544,0.265411,-0.407703,0.43899,0.094039,0.124138,-0.063459,0.317156,-0.534081,-0.464872,0.432151,0.174629,0.174629,-0.256385,0.116717,-0.271941,-0.339799,-0.392249,0.077506,-0.063459,0.432633,-0.207489,0.0,0.325701,-0.388195,0.0,-0.09371,0.667314,-0.15815,-0.533799,0.647537,0.155287,-0.385867,0.843121,-0.010007,0.405487,0.647537,0.587213,-0.121085,-0.03749,-0.054934,-0.141485,0.622812,-0.343123,0.490178,0.470382,0.352332,0.122914,0.172699,0.07391,-0.33521,-0.266491,-0.585282,#
17,-0.556379,-0.318014,0.523642,-0.036034,-0.408409,0.285988,-0.215795,0.104752,0.17902,0.085297,-0.234707,-0.138296,-0.174071,-0.020948,0.239323,0.319298,-0.660107,1.0,-0.518946,0.516348,0.002555,-0.261088,0.285988,-0.669025,0.212866,-0.237684,-0.210074,-0.26909,-0.316895,-0.454002,0.64081,-0.1729,-0.206547,-0.176212,-0.420363,0.192081,-0.38748,0.226513,-0.166693,-0.341911,-0.053752,0.507577,-0.192775,0.231424,0.212866,-0.233434,-0.198579,-0.58277,0.381459,-0.264139,0.284767,0.284314,0.5185,-0.409379,0.298648,0.459772,0.10564,-0.540501,-0.44155,0.302324,0.13527,0.272151,0.644793,-0.218125,-0.010692,-0.202802,-0.327618,0.172621,-0.12037,-0.588161,-0.330536,-0.094248,0.046564,0.211727,0.317446,-0.297437,0.166691,0.500257,0.286038,0.638624,0.396495,0.398578,-0.308176,0.971395,-0.059579,0.265642,-0.172609,-0.261847,-0.043034,-0.09906,0.274495,-0.013369,-0.043034,0.311536,0.250491,0.501717,-0.007365,0.971395,0.235416,0.396495,-0.171419,0.054945,0.092274,0.006565,0.297095,0.241794,0.268431,0.041682,0.521058,0.319298,0.140731,-0.651901,-0.015127,0.417847,0.490039,0.165661,0.294353,0.069164,0.104005,-0.066638,0.294353,0.013304,0.395892,-0.204257,0.101956,-0.128353,0.838402,-0.441748,0.326961,0.396495,0.577834,0.558086,-0.020857,-0.188071,0.082283,0.012999,-0.651901,0.286038,-0.547853,0.217421,0.396495,0.247678,-0.37185,-0.264129,0.075736,-0.274358,0.294353,-0.19049,0.001612,0.294915,-0.510237,-0.297317,0.40942,-0.191091,0.104005,0.396286,0.299389,-0.392558,-0.043034,0.396609,0.406486,-0.272098,0.179605,0.61221,0.694514,-0.060127,0.155434,-0.023005,0.293227,0.0,-0.532448,0.303864,0.0,-0.182882,-0.457533,0.098828,0.396495,-0.6412,0.146936,0.515469,-0.487805,-0.199559,-0.229967,-0.6412,-0.268137,0.415807,-0.21184,-0.165492,0.122701,-0.240024,0.713406,-0.678619,-0.500404,-0.20898,-0.116488,0.003283,-0.120633,0.838402,0.033643,0.639649,#
18,0.212728,0.483566,-0.508444,-0.274155,0.81187,0.258008,0.322238,-0.356295,-0.113099,-0.458946,-0.009145,-0.034957,-0.255386,-0.102742,0.000664,-0.494535,0.459692,-0.518946,1.0,-0.631615,-0.075838,0.324222,0.258008,0.005995,0.357164,0.192644,-0.22967,-0.274892,0.175601,0.597563,-0.424708,-0.08736,-0.362691,-0.137471,0.49605,0.051704,-0.013449,0.057416,0.383097,-0.053319,0.075438,-0.319417,0.065089,-0.296446,-0.32969,-0.006931,0.09864,0.117987,-0.091893,0.262895,0.205132,-0.052133,-0.576558,0.017318,-0.522554,-0.019487,-0.493789,0.144024,0.217924,0.096366,0.117522,0.507245,-0.466368,-0.454215,0.101245,0.295724,-0.115546,-0.266718,0.187082,0.323067,-0.346781,0.40861,0.384639,-0.10943,-0.029077,0.356947,0.47663,-0.646572,0.192319,-0.461512,-0.276908,-0.207313,0.14658,-0.51296,0.315251,-0.269791,-0.58199,0.175959,-0.100878,-0.379488,-0.002924,0.137577,-0.100878,-0.560508,0.156691,-0.650339,-0.020606,-0.51296,-0.328946,-0.276908,0.483566,0.202792,-0.497479,-0.001937,-0.063079,-0.75131,-0.276908,-0.386607,-0.807024,-0.494535,-0.034539,0.412113,-0.630459,-0.64717,-0.534651,-0.448172,-0.061817,0.111359,-0.319423,0.087796,-0.061817,-0.32969,-0.198282,0.152988,-0.104196,-0.285926,-0.235555,0.208514,-0.604478,-0.276908,-0.395505,-0.76065,0.150515,0.097861,-0.29251,-0.20549,0.412113,0.192319,0.587909,-0.504219,-0.276908,-0.63891,0.370712,-0.023642,0.098529,0.249044,-0.061817,0.15668,-0.065652,-0.074142,0.576825,0.132726,-0.067994,0.115119,-0.319423,-0.269791,-0.230052,0.269621,-0.100878,-0.014411,-0.364757,0.189896,0.247268,-0.423259,-0.30387,0.200235,0.208459,0.472785,-0.455264,0.0,0.417731,-0.058829,0.0,-0.092173,0.589972,-0.504219,-0.276908,0.849203,-0.098288,-0.207313,0.617465,-0.134692,-0.090873,0.849203,0.261721,0.179788,-0.025536,0.468045,0.398183,0.001054,-0.658556,0.419984,0.633413,0.328567,0.19704,0.358817,0.309101,-0.235555,-0.017242,-0.468513,#
19,-0.667713,-0.025413,0.566378,0.176259,-0.385891,-0.16475,-0.385309,0.117768,0.216028,0.516424,-0.489755,-0.486584,-0.343042,0.137253,0.052828,0.551971,-0.404592,0.516348,-0.631615,1.0,-0.052158,-0.209792,-0.16475,-0.060111,-0.330377,0.186139,-0.331314,0.167677,0.190371,-0.495565,0.337189,0.025387,0.312619,-0.202913,-0.650543,0.017929,-0.368465,-0.120271,-0.113032,0.017929,0.097703,0.078125,-0.041523,0.198972,-0.330377,-0.469658,-0.411451,-0.436021,-0.247966,-0.137236,0.236075,-0.127919,0.186547,0.030936,0.28989,-0.179862,0.42132,-0.277231,0.151181,-0.113455,-0.368865,-0.037173,0.439501,0.391235,0.388975,-0.369385,-0.305638,0.246045,-0.261139,-0.732514,0.196443,-0.240575,-0.330377,0.077444,-0.49269,0.278079,-0.006328,0.577987,0.239849,0.40617,0.256928,0.150759,-0.237842,0.518479,-0.397475,0.599612,0.518479,-0.140436,0.030056,-0.027439,-0.079768,-0.173295,0.030056,0.483643,-0.15552,0.583879,-0.078277,0.518479,0.664183,0.256928,-0.440553,0.273312,0.375243,-0.44611,-0.026064,0.647257,0.601661,0.170228,0.485598,0.028203,0.430672,-0.330377,0.166492,0.282626,0.55479,0.421307,0.008058,-0.168984,0.295051,-0.246795,0.008058,0.206821,0.139721,-0.643886,0.001124,0.210329,0.319258,-0.530016,0.516348,0.256928,0.216413,0.400459,-0.187963,-0.167427,0.245157,-0.143613,-0.330377,0.239849,-0.512802,0.480269,0.256928,0.363397,-0.006328,-0.001403,-0.154122,-0.279693,0.008058,-0.379442,0.369478,0.53213,-0.591798,0.229886,0.505393,-0.217588,0.295051,0.247933,0.593972,-0.191458,0.030056,0.030056,0.360443,-0.15552,0.341121,0.344881,0.386976,0.132656,0.127146,-0.319857,0.528321,0.0,-0.471575,0.608366,0.0,0.535872,-0.486838,0.384497,0.705081,-0.795458,0.205701,0.245157,-0.542992,-0.162728,0.197397,-0.795458,-0.565258,-0.162613,-0.005387,-0.409716,-0.393372,-0.05778,0.647257,-0.333285,-0.557016,0.337531,0.096553,0.10789,-0.25422,0.319258,0.309567,0.83776,#
20,0.023372,0.102503,-0.415183,0.393621,-0.241395,-0.530008,-0.263322,0.266812,-0.530008,-0.571953,0.666507,0.266607,-0.224995,-0.361081,-0.660259,-0.092012,-0.151317,0.002555,-0.075838,-0.052158,1.0,0.088279,-0.066148,-0.157978,-0.408052,-0.45567,-0.240784,0.076826,-0.539749,-0.112014,0.292229,0.10223,0.426033,0.083732,0.510886,-0.102185,-0.424606,-0.016147,0.21158,-0.081795,0.379472,0.388761,-0.13441,-0.105389,0.28537,0.664689,0.376981,0.059558,-0.355456,-0.50269,0.077309,0.486906,-0.009328,-0.462903,0.547373,0.173827,0.567343,0.414954,-0.111209,0.255558,-0.242022,-0.104721,0.112029,0.366529,-0.202419,0.435094,0.046418,0.365464,0.455361,-0.021711,0.25258,-0.50736,0.2587,0.199105,-0.041441,-0.229322,0.387852,0.413039,0.525598,-0.257675,0.071883,0.377588,0.416941,0.113916,0.282617,0.071585,0.134712,0.385967,0.246213,-0.166347,0.649437,0.82365,0.682681,0.611403,0.404638,0.394129,0.547118,0.113916,-0.065778,0.543045,-0.387285,-0.398869,0.599459,0.622133,0.65461,0.361559,0.52593,0.361923,-0.150152,-0.092012,-0.232398,-0.408052,0.003584,0.097889,-0.375838,0.20757,0.408052,0.03243,0.496118,0.469323,0.408052,0.2587,0.396302,0.170044,0.112029,-0.320766,-0.066785,-0.058193,0.542238,0.071883,-0.326705,0.166417,0.417102,0.102121,0.433643,0.418988,-0.408052,0.525598,-0.230786,0.183199,0.071883,0.517859,0.408415,0.003525,0.452412,-0.120575,0.408052,-0.610334,0.567295,0.408415,0.435697,-0.050725,0.217717,0.543045,0.496118,0.089044,-0.389172,-0.547646,0.246213,0.229426,0.518842,0.404638,0.2587,0.44478,-0.225788,-0.468778,0.507808,-0.068675,-0.215804,0.0,0.581613,-0.103427,0.0,-0.36034,-0.091286,0.579429,0.098058,-0.148445,-0.540184,0.417102,-0.386564,-0.401485,-0.348986,-0.148445,-0.523542,0.453126,0.102937,0.18232,0.156259,0.221817,0.343552,-0.390634,-0.396548,-0.282924,0.781168,-0.561152,-0.422384,-0.066785,0.312302,-0.244871,#
