0,1.0,0.39478,0.153322,0.401151,0.509175,0.312399,0.312399,-0.166667,0.312399,0.63403,-0.327531,0.166149,0.436585,0.388339,0.499481,0.312399,-0.16663,0.190107,0.245391,-0.166667,0.315225,0.132686,0.197768,-0.325878,0.527469,-0.500725,0.184123,0.166206,0.146072,0.333151,-0.218168,-0.101262,-0.21799,-0.111111,-0.493624,-0.111111,-0.166667,-0.403142,0.490164,-0.267373,0.351547,-0.214225,-0.084126,-0.636358,0.518869,-0.871042,0.193908,-0.631921,-0.485797,0.081975,0.226164,0.077357,0.0,-0.143278,-0.664392,0.152117,-0.661686,0.145299,-0.098315,0.142161,0.11044,0.663922,0.177418,0.115413,-0.394362,0.115413,0.0,0.245844,0.081975,0.155729,0.236614,0.193108,0.0,0.388544,0.317756,0.078261,-0.218218,-0.333153,-0.333153,0.265403,-0.166582,-0.218218,-0.218103,0.258842,0.148393,-0.272031,0.258842,-0.333075,0.398178,-0.271981,-0.272162,-0.407832,0.0,0.200063,-0.333075,-0.166667,0.082469,-0.271981,-0.333069,-0.111111,0.106299,-0.333069,0.154346,1.0,0.317756,-0.272023,0.089414,0.236991,-0.166582,-0.407871,0.265841,0.0,-0.218218,0.398178,-0.333069,-0.218103,0.408248,0.089414,0.537587,-0.407832,-0.272023,-0.166667,-0.66531,-0.218218,0.149126,0.317756,-0.166582,0.227602,-0.49815,-0.218103,-0.508492,0.0,0.148393,0.162168,-0.271981,-0.218218,-0.111111,-0.333069,0.117963,-0.508492,-0.218107,0.082469,-0.333153,-0.914383,-0.407832,-0.508459,-0.272162,0.568267,0.089414,-0.165812,0.089414,-0.333069,0.0,-0.271981,-0.272023,-0.166582,0.225555,0.278114,0.252468,-0.333069,-0.271981,-0.166582,0.388544,0.317756,0.388544,-0.185518,-0.111111,-0.216549,-0.218218,-0.166667,0.297731,0.003706,0.325405,0.154346,0.227676,-0.407871,-0.166582,0.227676,0.289264,-0.742982,0.289264,-0.18622,0.112538,0.112538,0.095421,0.281974,0.108154,0.333333,-0.407697,0.289837,-0.407871,0.165082,0.106209,0.374032,0.017786,0.491879,0.110804,0.311891,0.205961,0.585479,#
1,0.39478,1.0,-0.032579,-0.261895,0.338772,0.37821,0.40982,-0.408118,0.37821,0.072723,-0.366339,-0.041295,-0.232612,0.587528,0.362348,-0.009173,-0.408027,0.534646,0.241785,0.092027,0.25073,0.241028,0.519546,-0.002845,-0.086718,-0.27903,0.487572,0.194185,0.398211,0.414707,-0.534229,-0.65439,-0.074115,-0.272078,-0.839008,-0.272078,0.112032,-0.534599,0.350707,-0.202727,0.045465,0.418007,0.232254,-0.170663,-0.091866,0.036038,0.509906,-0.040568,-0.013246,0.254593,-0.315607,-0.428576,0.0,-0.810901,-0.591627,0.639301,-0.009298,0.462492,0.178968,0.388443,0.269453,0.123506,0.347074,-0.357729,0.104362,0.335975,0.0,0.242232,0.254593,0.461559,-0.058552,0.383458,0.0,0.166966,0.005147,0.2925,-0.09779,0.014694,-0.420545,0.25429,0.126829,-0.534351,-0.534069,0.242157,0.423129,0.194815,0.682785,-0.390356,0.581303,0.166966,0.18295,0.270413,0.0,0.541925,0.034892,-0.408118,0.281134,-0.229462,0.044667,-0.272078,0.370877,0.005147,-0.103751,0.39478,0.435275,0.179066,-0.418883,-0.274108,0.612436,-0.157986,-0.012764,0.0,-0.09779,0.179066,-0.385461,-0.062832,0.150279,0.298676,0.373522,-0.562271,0.179066,-0.408118,-0.076438,-0.534351,0.278376,0.005147,0.612436,0.499048,-0.268727,-0.062832,-0.308585,0.0,-0.114688,-0.652104,-0.229462,-0.534351,-0.272078,-0.385461,0.260536,-0.776866,-0.071724,-0.366114,-0.380555,-0.308195,0.270413,-0.338296,0.18295,0.237938,0.298676,0.628942,-0.418883,0.005147,0.0,-0.229462,0.179066,0.126829,0.229591,0.354488,0.270413,-0.385461,-0.229462,0.126829,0.166966,0.435275,0.603504,0.155632,-0.272078,-0.079359,-0.534351,-0.408118,-0.404049,-0.160867,-0.420545,-0.103751,0.254791,-0.558129,-0.407909,0.254791,0.409819,-0.174086,0.409819,0.140504,-0.074361,-0.094945,0.416918,0.030462,0.423097,-0.016005,-0.998331,0.41503,-0.157986,0.545148,0.423258,0.180442,-0.125822,-0.107859,-0.630433,0.140766,0.084561,-0.050101,#
2,0.153322,-0.032579,1.0,-0.136984,-0.766679,0.006292,0.085124,0.229984,0.006292,0.255155,-0.005202,0.389575,-0.1104,0.415805,-0.181874,0.006292,-0.419897,0.212917,-0.354711,-0.357208,-0.473396,0.544088,-0.22645,-0.084369,0.30105,-0.420985,-0.298966,-0.444055,-0.221579,-0.518402,0.30105,0.160171,-0.261367,0.185944,0.107246,0.120701,0.303382,0.047089,0.301047,-0.0628,-0.087231,0.402841,0.514974,-0.22327,-0.219159,-0.166499,0.251403,-0.348545,-0.363261,-0.139718,0.173153,-0.201376,0.0,0.44695,-0.278867,-0.428655,-0.281926,0.105645,-0.258402,-0.192373,0.624596,-0.397289,-0.348997,-0.228283,-0.384776,-0.097763,0.0,0.623656,-0.139718,0.404254,0.323298,-0.392009,0.0,-0.068445,0.500067,-0.134597,-0.23278,-0.021382,-0.507032,-0.442989,0.256416,0.258407,0.302192,-0.39287,0.374261,0.475491,0.156365,0.462945,-0.094564,-0.067304,0.475448,0.160221,0.0,-0.291974,0.068453,0.25445,0.687076,0.416373,0.502315,0.185944,-0.154483,0.00326,-0.282372,0.153322,0.540531,-0.074888,-0.18151,0.680636,-0.313708,-0.412444,-0.309598,0.0,-0.23278,0.397356,0.461851,0.345291,-0.603296,-0.147758,-0.253968,0.585575,-0.074888,0.156585,0.403222,0.258407,-0.317226,0.501191,-0.313708,-0.410294,-0.341548,0.345291,0.228098,0.0,-0.200552,0.013093,0.416373,-0.23278,0.153322,0.461851,0.599156,0.206071,0.323922,0.687076,-0.021382,-0.33297,0.160221,-0.27937,0.475448,-0.005152,-0.147758,0.326168,-0.18151,0.022368,0.0,0.416373,-0.074888,0.303927,0.645003,-0.430975,0.644874,0.00326,0.416373,0.303927,0.398121,0.521423,0.438048,0.274152,0.120701,-0.23446,-0.23278,0.229984,-0.066331,-0.437102,0.441521,-0.282372,-0.445289,0.075765,0.206111,-0.445289,-0.547459,-0.388283,-0.547459,0.296018,0.389094,-0.340948,-0.187702,-0.429196,-0.255087,-0.538259,0.057344,-0.02703,-0.374447,-0.322039,-0.23075,-0.084714,0.4524,-0.197862,-0.367606,-0.468228,-0.302716,-0.185479,#
3,0.401151,-0.261895,-0.136984,1.0,0.364841,-0.424086,-0.017454,0.601727,-0.424086,0.077435,-0.074289,-0.210688,0.534737,-0.26584,0.352926,-0.017454,0.107185,0.058799,-0.190145,0.117115,0.356396,-0.318292,-0.371726,0.063887,0.787665,0.115814,-0.494611,0.406754,-0.153768,-0.007475,0.335984,0.506675,0.323061,0.428074,0.246393,0.374228,-0.407882,0.29523,-0.104833,0.100148,0.43168,-0.524271,-0.481067,0.061251,0.822643,-0.654283,-0.819244,0.044903,-0.534934,-0.478909,0.42562,0.241381,0.0,0.164906,-0.154726,-0.282159,-0.111449,-0.29056,0.15298,-0.630682,-0.477026,0.575643,0.275463,0.093943,-0.502894,0.093943,0.0,-0.602413,-0.478909,-0.213198,0.071005,-0.362966,0.0,0.150634,0.367624,-0.45721,0.347216,-0.017459,0.39743,0.225273,0.062852,0.347216,-0.084556,-0.174282,-0.14951,-0.255396,0.213434,-0.440949,0.130011,-0.281498,-0.666067,-0.198111,0.0,-0.368824,-0.035584,-0.407882,-0.477586,0.134629,-0.026623,0.428074,-0.130501,-0.405101,0.377731,0.401151,0.367624,0.14625,0.218821,-0.086547,-0.407674,-0.190437,0.566851,0.0,0.347216,0.162489,-0.026623,0.330094,0.603418,0.218821,-0.07525,-0.198111,0.14625,0.07673,-0.649441,0.347216,0.364955,-0.010853,-0.407674,0.098166,-0.047572,0.330094,0.060394,0.0,0.363162,0.62085,0.134629,0.80547,-0.271921,-0.026623,-0.34649,0.060394,-0.126937,0.201825,0.39743,-0.227182,-0.198111,0.075682,-0.666067,0.220311,0.218821,-0.405791,0.218821,-0.026623,0.0,0.134629,0.14625,0.102063,-0.127889,-0.056438,0.201876,0.004917,0.134629,0.102063,-0.265493,-0.010853,0.118625,-0.454016,0.374228,-0.140173,0.80547,0.601727,-0.039466,0.486828,0.381473,0.377731,-0.210909,0.229589,0.062852,-0.210909,-0.049482,-0.533606,-0.049482,-0.455735,-0.124527,-0.166079,-0.211557,-0.217356,-0.638812,0.428074,0.224454,-0.468058,0.229589,-0.400448,-0.136396,0.134219,0.330845,0.343671,0.373193,0.763289,0.504045,0.371138,#
4,0.509175,0.338772,-0.766679,0.364841,1.0,0.190992,0.190992,-0.327327,0.190992,0.197053,-0.203874,-0.206876,0.396449,-0.102037,0.511152,0.190992,0.207878,-0.065888,0.499029,0.218218,0.658026,-0.405363,0.38841,-0.13576,0.059661,0.009933,0.422899,0.471498,0.28688,0.654295,-0.428473,-0.240306,0.073283,-0.218218,-0.452414,-0.218218,-0.327327,-0.336069,0.035242,-0.069285,0.282109,-0.42073,-0.495659,-0.214051,0.53654,-0.406441,-0.079109,-0.055778,-0.011779,0.160996,-0.030371,0.18006,0.0,-0.539336,-0.217473,0.522309,-0.179609,0.005596,0.142716,0.279198,-0.479321,0.778991,0.408004,0.226667,0.126084,0.226667,0.0,-0.373251,0.160996,-0.203898,-0.107239,0.469556,0.0,0.33067,-0.22807,0.207632,0.047619,-0.223172,0.207956,0.521242,-0.32716,-0.428571,-0.428345,0.508355,-0.241299,-0.534258,0.071889,-0.654147,0.343257,-0.101745,-0.534519,-0.368699,0.0,0.392915,-0.232916,-0.327327,-0.544037,-0.534159,-0.654135,-0.218218,0.208767,-0.22807,0.30313,0.509175,-0.22807,-0.095493,0.175605,-0.476522,0.202528,0.071889,0.435084,0.0,0.047619,-0.095493,-0.654135,-0.428345,0.801784,0.175605,0.561348,-0.800967,-0.095493,-0.327327,-0.777764,-0.428571,0.352045,-0.22807,0.202528,0.486735,0.0,-0.428345,-0.534801,0.0,0.291439,0.026541,-0.534159,0.047619,-0.218218,-0.654135,-0.454766,-0.534801,-0.428354,-0.544037,-0.223172,-0.306748,-0.368699,-0.065841,-0.534519,0.404843,0.175605,-0.325649,0.175605,-0.22807,0.0,-0.534159,-0.095493,-0.32716,-0.383917,0.574653,-0.368699,-0.22807,-0.534159,-0.32716,-0.101745,-0.22807,-0.101745,-0.330614,-0.218218,0.066543,0.047619,-0.327327,0.212108,0.395486,-0.223172,0.30313,0.533137,-0.364577,-0.32716,0.533137,0.652894,-0.136191,0.652894,-0.330898,-0.235053,0.326268,0.30453,0.553786,0.313558,0.654654,-0.366213,0.206485,0.071889,0.414274,0.312885,0.355632,-0.392012,0.501274,0.326421,0.612543,0.404498,0.531655,#
5,0.312399,0.37821,0.006292,-0.424086,0.190992,1.0,0.219509,-0.49958,1.0,0.508345,0.316402,0.105147,0.084102,0.397957,-0.237057,0.625053,0.013369,0.181373,0.387978,-0.015491,0.328504,0.096605,0.21861,-0.207202,-0.220808,-0.602551,0.266924,-0.191812,0.5178,0.594924,-0.653954,0.001618,-0.208498,-0.333053,-0.272986,-0.333053,0.526689,-0.787883,0.647626,-0.329664,-0.162319,0.136359,0.100671,-0.209872,-0.225787,-0.016364,0.650454,-0.571006,-0.122497,0.351986,0.328248,0.308767,0.0,-0.173953,0.052604,0.433607,-0.502129,0.646048,-0.476461,0.505702,0.380464,-0.025861,-0.265216,-0.220203,0.090144,-0.220203,0.0,0.42151,0.351986,0.015228,-0.067245,0.825629,0.0,-0.009028,-0.6203,0.382936,-0.231556,-0.218195,-0.616059,-0.03378,-0.499325,-0.214654,0.250666,0.82417,-0.036817,-0.398756,-0.021506,-0.182228,-0.036734,0.007223,0.022134,-0.416515,0.0,0.180331,-0.159362,0.023236,0.325323,-0.815256,-0.188856,-0.333053,0.536811,0.189212,-0.547156,0.312399,-0.203979,-0.426058,-0.347856,0.344567,-0.029307,0.436872,-0.5858,0.0,-0.231556,-0.021161,-0.605177,-0.653758,-0.025296,-0.374568,0.22495,-0.384927,-0.426058,0.003873,0.016564,-0.214654,-0.344728,0.205225,0.488266,0.15055,-0.591014,-0.653758,-0.642877,0.0,-0.508429,-0.469139,-0.815256,-0.654103,-0.333053,-0.605177,0.43176,-0.625445,-0.653771,-0.301149,-0.600756,-0.38572,-0.416515,-0.66396,0.022134,0.455746,-0.374568,-0.041681,0.346669,-0.6203,0.0,-0.815256,-0.426058,-0.499325,0.364778,0.135911,-0.416515,-0.605177,-0.815256,-0.499325,0.406274,0.189212,-0.009028,-0.462686,-0.333053,-0.212671,-0.654103,-0.49958,0.219956,-0.130125,0.219275,-0.547156,0.813697,-0.819796,-0.499325,0.813697,0.59018,0.287966,0.59018,0.521102,-0.000124,0.497963,0.068457,0.473588,0.478565,0.178145,-0.374969,0.996543,-0.835288,0.632283,0.477538,0.410345,-0.663054,0.236012,-0.003862,-0.362843,-0.237237,-0.184756,#
6,0.312399,0.40982,0.085124,-0.017454,0.190992,0.219509,1.0,-0.49958,0.219509,0.508345,0.284587,0.578268,0.493159,0.397957,0.63073,0.594457,-0.024619,-0.223988,0.372813,-0.49958,0.293954,-0.492274,0.662395,-0.654649,-0.220808,-0.619474,0.53305,-0.253604,0.5178,0.163712,-0.653954,-0.051324,-0.653422,-0.333053,-0.291338,-0.333053,0.526689,-0.366007,0.202576,0.512294,-0.590514,0.666779,-0.380202,-0.065273,0.202359,-0.230604,0.242329,-0.055434,-0.150369,0.351986,0.293887,-0.391251,0.0,-0.42115,-0.484867,0.715657,-0.442878,0.397797,-0.474474,0.505702,-0.309561,0.478686,-0.290585,-0.220203,0.20309,0.451233,0.0,0.42151,0.351986,0.054429,0.462258,0.412174,0.0,0.374675,-0.203979,0.310197,-0.654103,-0.577352,-0.616059,-0.009849,0.018248,-0.654103,-0.180105,0.42138,-0.480621,0.017895,0.017679,-0.159362,0.002657,0.046044,0.433201,-0.377706,0.0,0.205512,0.626014,0.023236,-0.262823,-0.392731,-0.165728,-0.333053,0.536811,-0.582048,-0.518016,0.312399,0.212341,-0.386668,-0.309271,-0.090075,0.018248,0.034082,-0.395338,0.0,-0.654103,0.002657,-0.582048,-0.197648,-0.025296,-0.335984,-0.213801,-0.361461,-0.386668,-0.49958,-0.424027,-0.654103,-0.369929,0.228354,0.018248,0.133626,-0.13005,-0.197648,-0.206093,0.0,0.012124,-0.485153,-0.392731,-0.231556,-0.333053,-0.582048,-0.333692,-0.18866,-0.206258,0.363648,-0.194791,-0.41109,-0.377706,-0.224479,0.433201,0.795566,-0.335984,0.504725,-0.309271,-0.582048,0.0,-0.392731,-0.386668,0.018248,0.392031,0.110667,0.005866,-0.203979,-0.392731,0.018248,0.429747,0.212341,0.413496,0.036641,-0.333053,-0.649102,-0.231556,-0.49958,0.204696,-0.173185,-0.178589,-0.518016,0.391486,-0.408804,-0.499325,0.391486,0.173854,0.0366,0.173854,0.522339,0.499208,-0.018803,0.466171,0.23403,0.479762,-0.224617,-0.390391,0.189365,-0.408804,0.633348,0.478772,0.825242,-0.140932,0.648414,-0.538105,-0.111607,-0.237237,0.199238,#
7,-0.166667,-0.408118,0.229984,0.601727,-0.327327,-0.49958,-0.49958,1.0,-0.49958,-0.249769,-0.128865,-0.532652,-0.021125,-0.408152,-0.327246,-0.49958,-0.249944,0.327097,-0.610868,0.375,-0.06245,0.232201,-0.762822,0.577692,0.74978,0.341403,-0.894087,0.249309,-0.389526,-0.499726,0.74978,0.560104,0.733509,0.666667,0.444262,0.666667,-0.25,0.439396,-0.327248,-0.025066,0.527321,-0.321338,0.189283,0.363884,0.20342,-0.090348,-0.762987,0.330161,-0.323865,-0.686002,0.18702,0.180499,0.0,0.429834,0.203009,-0.703155,0.217872,-0.230769,0.17312,-0.998355,0.104304,-0.303095,0.061414,-0.051295,-0.52276,-0.051295,0.0,-0.611995,-0.686002,0.136263,-0.300318,-0.744845,0.0,-0.407971,0.476634,-0.716705,0.763763,0.488108,0.488108,-0.106954,0.356961,0.763763,0.207617,-0.611807,0.22259,0.08046,0.388262,-0.017032,0.094617,0.087422,-0.408248,0.378701,0.0,-0.762738,-0.017032,-0.25,0.123703,0.582816,0.476634,0.666667,-0.305609,-0.011485,0.23152,-0.166667,0.476634,0.597267,0.13412,0.101567,-0.249873,-0.111772,0.398761,0.0,0.763763,0.094617,0.476634,0.742388,0.102062,0.13412,-0.326551,0.378701,0.597267,0.375,0.21385,0.763763,0.223689,-0.011485,-0.249873,-0.204842,0.131863,0.742388,0.300094,0.0,0.22259,0.425691,0.582816,0.763763,-0.166667,0.476634,0.242478,0.300094,0.197531,0.123703,0.488108,0.266126,0.378701,0.326867,-0.408248,-0.40113,0.13412,-0.248719,0.13412,0.476634,0.0,0.582816,0.597267,0.356961,-0.033833,-0.49539,0.378701,-0.011485,0.582816,0.356961,-0.407971,-0.011485,0.087422,-0.278277,0.666667,0.13921,0.763763,1.0,-0.538542,0.394713,0.488108,0.23152,-0.643623,0.388262,0.356961,-0.643623,-0.537512,-0.312053,-0.537512,-0.27933,-0.393883,-0.393883,-0.483068,-0.700529,-0.996562,-0.0,0.383994,-0.524264,0.388262,-0.78414,-0.398283,-0.440824,0.382407,-0.327074,0.249308,0.467837,0.308941,-0.325791,#
8,0.312399,0.37821,0.006292,-0.424086,0.190992,1.0,0.219509,-0.49958,1.0,0.508345,0.316402,0.105147,0.084102,0.397957,-0.237057,0.625053,0.013369,0.181373,0.387978,-0.015491,0.328504,0.096605,0.21861,-0.207202,-0.220808,-0.602551,0.266924,-0.191812,0.5178,0.594924,-0.653954,0.001618,-0.208498,-0.333053,-0.272986,-0.333053,0.526689,-0.787883,0.647626,-0.329664,-0.162319,0.136359,0.100671,-0.209872,-0.225787,-0.016364,0.650454,-0.571006,-0.122497,0.351986,0.328248,0.308767,0.0,-0.173953,0.052604,0.433607,-0.502129,0.646048,-0.476461,0.505702,0.380464,-0.025861,-0.265216,-0.220203,0.090144,-0.220203,0.0,0.42151,0.351986,0.015228,-0.067245,0.825629,0.0,-0.009028,-0.6203,0.382936,-0.231556,-0.218195,-0.616059,-0.03378,-0.499325,-0.214654,0.250666,0.82417,-0.036817,-0.398756,-0.021506,-0.182228,-0.036734,0.007223,0.022134,-0.416515,0.0,0.180331,-0.159362,0.023236,0.325323,-0.815256,-0.188856,-0.333053,0.536811,0.189212,-0.547156,0.312399,-0.203979,-0.426058,-0.347856,0.344567,-0.029307,0.436872,-0.5858,0.0,-0.231556,-0.021161,-0.605177,-0.653758,-0.025296,-0.374568,0.22495,-0.384927,-0.426058,0.003873,0.016564,-0.214654,-0.344728,0.205225,0.488266,0.15055,-0.591014,-0.653758,-0.642877,0.0,-0.508429,-0.469139,-0.815256,-0.654103,-0.333053,-0.605177,0.43176,-0.625445,-0.653771,-0.301149,-0.600756,-0.38572,-0.416515,-0.66396,0.022134,0.455746,-0.374568,-0.041681,0.346669,-0.6203,0.0,-0.815256,-0.426058,-0.499325,0.364778,0.135911,-0.416515,-0.605177,-0.815256,-0.499325,0.406274,0.189212,-0.009028,-0.462686,-0.333053,-0.212671,-0.654103,-0.49958,0.219956,-0.130125,0.219275,-0.547156,0.813697,-0.819796,-0.499325,0.813697,0.59018,0.287966,0.59018,0.521102,-0.000124,0.497963,0.068457,0.473588,0.478565,0.178145,-0.374969,0.996543,-0.835288,0.632283,0.477538,0.410345,-0.663054,0.236012,-0.003862,-0.362843,-0.237237,-0.184756,#
9,0.63403,0.072723,0.255155,0.077435,0.197053,0.508345,0.508345,-0.249769,0.508345,1.0,0.073193,0.299693,0.698108,0.068064,0.190111,0.508345,-0.249714,-0.258954,0.367747,-0.249769,0.33356,-0.007648,0.340347,-0.488365,0.210273,-0.750394,0.275929,-0.268238,0.269423,-0.019202,-0.32695,0.192974,-0.326684,-0.166513,-0.27883,-0.166513,0.39867,-0.604155,0.183397,0.184452,-0.002615,0.170844,0.037579,-0.461224,0.204082,-0.656417,0.334329,-0.449767,-0.261342,0.189993,0.384057,0.115928,0.0,0.064003,-0.325507,0.252122,-0.991613,0.35076,-0.812565,0.263325,0.197335,0.346074,-0.583679,0.239483,-0.091451,0.239483,0.0,0.409128,0.189993,0.233378,0.18464,0.289395,0.0,0.068306,-0.030231,0.149334,-0.327025,-0.499268,-0.499268,-0.126262,-0.249642,-0.327025,0.260611,0.418421,-0.410832,-0.407669,-0.130884,0.030979,0.075214,0.136611,0.121579,-0.611184,0.0,-0.251529,0.030979,0.39867,0.172951,-0.407594,-0.499143,-0.166513,0.297157,-0.499143,-0.406731,0.63403,-0.030231,-0.407657,0.183693,0.388088,-0.249642,-0.061938,-0.187704,0.0,-0.327025,0.075214,-0.499143,-0.326852,0.082359,-0.710844,0.217926,-0.067163,-0.407657,-0.249769,-0.331435,-0.327025,-0.620437,0.505983,-0.249642,-0.225643,-0.1765,-0.326852,-0.762034,0.0,0.259632,-0.198628,-0.407594,-0.327025,-0.166513,-0.499143,0.17678,-0.178256,-0.326858,0.172951,-0.499268,-0.733139,-0.611184,-0.218515,0.121579,0.689046,-0.710844,-0.248489,0.183693,-0.499143,0.0,-0.407594,-0.407657,-0.249642,0.373122,-0.056607,-0.135445,-0.499143,-0.407594,-0.249642,0.612511,-0.030231,0.068306,-0.237921,-0.166513,-0.324524,-0.327025,-0.249769,0.480253,0.034393,0.517801,-0.406731,0.375269,-0.611242,-0.249642,0.375269,-0.03683,-0.28093,-0.03683,0.383341,0.21035,0.21035,0.189405,0.456853,0.202156,-0.019213,-0.057655,0.46752,-0.611242,0.283076,0.200488,0.595178,-0.480814,0.776596,0.209162,-0.082695,-0.247361,0.252826,#
10,-0.327531,-0.366339,-0.005202,-0.074289,-0.203874,0.316402,0.284587,-0.128865,0.316402,0.073193,1.0,0.474026,0.353216,0.060894,-0.209604,0.706289,0.535855,-0.27047,0.06232,-0.128865,0.252351,-0.589901,-0.113319,-0.316388,-0.330831,-0.261769,-0.149449,-0.36143,0.160785,0.242682,-0.330831,0.607547,-0.335102,0.155712,0.620205,-0.327531,0.575864,-0.027891,0.282462,0.34105,-0.673502,0.178025,-0.50105,0.377853,0.109841,0.220986,-0.086371,-0.13776,-0.262581,-0.116965,0.65267,0.300718,0.0,0.221562,0.464352,0.136368,-0.064731,0.128865,-0.437504,0.150511,-0.350458,-0.031464,-0.36075,-0.378633,0.144924,-0.378633,0.0,0.112357,-0.116965,-0.590596,0.417788,0.442594,0.0,0.036613,-0.69876,0.317282,-0.326902,-0.281927,-0.297839,-0.372894,-0.491046,0.130058,0.607652,0.523265,-0.554943,-0.085354,-0.468873,-0.133155,-0.801864,-0.34548,0.069052,-0.475812,0.0,-0.154485,0.279296,0.052351,-0.327096,-0.514465,0.143008,0.155712,0.270539,0.143008,-0.595063,-0.327531,-0.265851,-0.510381,-0.37684,0.170968,-0.491046,0.523265,-0.734396,0.0,-0.326902,-0.08935,-0.289901,-0.33281,-0.095353,-0.404616,-0.641733,-0.044109,-0.510381,0.032216,-0.006889,0.130058,-0.438281,0.159658,0.04715,-0.235372,-0.293121,-0.33281,0.153679,0.0,-0.553786,-0.04604,-0.514465,0.112482,-0.327531,-0.289901,-0.238152,0.171806,-0.642932,0.324337,0.115878,0.17345,-0.475812,-0.305382,0.069052,0.367696,-0.404616,-0.015297,0.345359,-0.69876,0.0,-0.514465,-0.510381,-0.139149,0.400022,-0.196555,-0.475812,0.103232,-0.514465,-0.139149,0.069472,0.143008,-0.362379,-0.480873,-0.327531,-0.369251,0.112482,-0.128865,0.289445,-0.067879,0.172975,-0.595063,0.495526,-0.09078,-0.491046,0.495526,0.257037,0.657763,0.257037,0.541223,0.489707,0.116794,0.044959,0.119016,0.112245,0.128865,0.368605,0.271473,-0.509619,0.302701,0.469621,0.476401,-0.195397,0.282296,-0.032127,-0.430052,-0.281525,-0.240946,#
11,0.166149,-0.041295,0.389575,-0.210688,-0.206876,0.105147,0.578268,-0.532652,0.105147,0.299693,0.474026,1.0,0.340667,0.4673,0.348112,0.578268,0.274056,-0.389197,0.191814,-0.532652,-0.070278,-0.281406,0.35206,-0.713138,-0.347449,-0.453344,0.377074,-0.485697,-0.069002,0.030751,-0.325587,-0.022082,-0.89879,-0.061898,0.089734,-0.648305,0.322523,0.006718,0.369429,0.362249,-0.671981,0.401684,-0.284891,-0.281317,0.181005,-0.17959,0.375816,-0.430102,-0.226669,0.108918,0.197406,-0.21396,0.0,0.081919,-0.279937,0.201252,-0.292905,-0.101994,-0.296659,0.552854,-0.175938,0.262655,-0.210612,-0.133728,0.124503,-0.133728,0.0,0.731252,0.108918,-0.266162,0.902422,0.236996,0.0,0.447714,-0.072176,0.624503,-0.889352,-0.562691,-0.582,-0.336472,-0.31887,-0.33484,0.244972,0.202842,-0.265407,0.333757,-0.462948,0.125181,-0.554953,-0.500118,0.50673,-0.432188,0.0,0.327757,0.106315,0.322524,-0.114018,-0.172022,-0.053094,-0.061898,-0.039478,-0.053094,-0.300096,0.166149,-0.072176,-0.692507,-0.158047,0.226327,-0.31887,-0.285864,-0.493654,0.0,-0.889352,0.309669,-0.053094,-0.320726,-0.231419,-0.191754,-0.208556,0.091676,-0.692507,-0.337184,-0.206218,-0.33484,-0.367416,0.444171,-0.31887,-0.303861,-0.274076,-0.320726,0.182332,0.0,-0.264004,0.001189,-0.172022,-0.356167,0.198727,-0.053094,-0.255815,0.204329,-0.143223,0.676484,-0.079963,-0.362669,-0.432188,-0.368445,0.50673,0.455013,-0.191754,0.296562,-0.158047,-0.549236,0.0,-0.172022,-0.692507,0.108151,0.547585,0.0581,0.051817,0.423966,-0.172022,0.108151,0.487587,0.423966,-0.036455,0.294032,-0.648305,-0.330552,-0.356167,-0.532652,0.589502,-0.52606,-0.059518,-0.300096,0.180753,0.045306,-0.31887,0.180753,0.043419,0.027013,0.043419,0.317462,0.970882,-0.135285,0.406376,0.243635,0.498166,-0.107508,0.068943,0.073984,-0.462948,0.320533,0.323864,0.472092,0.209818,0.370661,-0.337875,-0.578558,-0.38932,0.345544,#
12,0.436585,-0.232612,-0.1104,0.534737,0.396449,0.084102,0.493159,-0.021125,0.084102,0.698108,0.353216,0.340667,1.0,-0.236735,0.384223,0.493159,0.11676,-0.450741,0.293167,-0.021125,0.637017,-0.534814,0.19266,-0.460365,0.274779,-0.411959,0.087417,-0.054774,0.025921,0.026587,-0.197771,0.456444,-0.202374,0.239418,0.077583,-0.267584,0.169001,-0.212114,-0.076493,0.540823,-0.050308,-0.08324,-0.495829,-0.141264,0.731657,-0.668303,-0.260384,-0.133194,-0.417342,-0.235697,0.491739,0.205905,0.0,0.047217,-0.152829,0.202647,-0.678726,-0.076917,-0.588939,0.018019,-0.443279,0.632973,-0.320019,0.199925,-0.06161,0.199925,0.0,-0.084864,-0.235697,-0.213014,0.420335,0.150356,0.0,0.182218,-0.092683,0.19787,-0.193615,-0.501818,-0.084455,-0.129037,-0.401172,-0.193615,0.31685,0.345978,-0.715346,-0.357912,-0.255507,-0.335821,-0.23036,-0.176308,-0.189733,-0.68087,0.0,-0.326485,0.071962,0.169001,-0.441436,-0.353601,-0.505145,0.239418,0.094314,-0.505145,-0.189521,0.436585,-0.092683,-0.349287,0.259045,-0.010728,-0.401172,-0.076553,0.040435,0.0,-0.193615,0.075454,-0.505145,-0.199892,0.517457,-0.527804,-0.045614,-0.202341,-0.349287,-0.401377,-0.648124,-0.193615,-0.383191,0.37898,-0.401172,-0.282717,0.033427,-0.199892,-0.452218,0.0,0.390134,0.134635,-0.353601,0.267373,-0.267584,-0.505145,-0.388193,0.061282,-0.525258,0.242026,-0.084455,-0.451485,-0.68087,0.02762,-0.189733,0.685327,-0.527804,-0.399319,0.259045,-0.505145,0.0,-0.353601,-0.349287,-0.031973,0.235575,-0.024235,-0.262403,-0.092683,-0.353601,-0.031973,0.242301,-0.092683,-0.236391,-0.411503,-0.267584,-0.239187,0.267373,-0.021125,0.475049,0.317092,0.392812,-0.189521,0.30634,-0.255507,-0.401172,0.30634,0.014775,-0.172526,0.014775,0.134203,0.366115,-0.025132,0.335626,0.367455,-0.024153,0.346451,0.228335,0.030254,-0.255507,0.144145,0.350013,0.654693,-0.295331,0.895339,0.365155,0.267239,0.006926,0.404563,#
13,0.388339,0.587528,0.415805,-0.26584,-0.102037,0.397957,0.397957,-0.408152,0.397957,0.068064,0.060894,0.4673,-0.236735,1.0,0.353674,0.397957,0.116685,0.534685,-0.173666,-0.408152,-0.220741,0.215573,0.082623,-0.468403,-0.09107,-0.307009,0.161529,0.064544,0.417917,0.403968,-0.534274,-0.22842,-0.53384,-0.272101,-0.354437,-0.272101,0.106991,-0.108746,0.797528,-0.207133,-0.40093,0.40889,0.028002,-0.080498,-0.096169,-0.01366,0.526981,-0.603848,-0.151579,0.280762,0.141601,-0.42159,0.0,-0.328733,-0.600267,0.353332,-0.084033,0.51433,0.155597,0.408057,0.245172,0.079384,0.293872,-0.325118,-0.342126,-0.325118,0.0,0.650554,0.280762,-0.059859,0.466933,0.387637,0.0,0.158893,-0.002822,0.268042,-0.534397,0.022289,-0.815863,0.258153,0.121648,-0.084743,-0.09334,0.245981,0.422585,0.186472,0.270224,0.00324,0.170875,-0.23372,0.174715,-0.134367,0.0,0.541466,0.026637,-0.408152,0.280389,-0.23372,0.43864,-0.272101,0.424594,0.012652,-0.099083,0.388339,0.423166,-0.22749,-0.412725,0.161795,0.121648,-0.150311,-0.471938,0.0,-0.534397,0.585175,0.012652,-0.067412,-0.262074,0.297927,-0.084189,-0.158377,-0.22749,0.106991,-0.072312,-0.084743,0.225521,0.3995,0.121648,0.463579,-0.730841,-0.067412,0.120304,0.0,-0.613106,-0.229413,-0.23372,-0.534397,-0.272101,0.012652,0.261872,-0.34347,-0.07622,0.280389,0.022289,-0.355091,-0.134367,-0.77888,0.174715,0.22929,0.297927,0.618946,-0.412725,-0.38967,0.0,-0.23372,-0.22749,0.121648,0.608137,-0.04422,0.258113,0.012652,-0.23372,0.121648,0.567211,0.825488,0.591229,0.119093,-0.272101,-0.53031,-0.534397,-0.408152,-0.001666,-0.746981,-0.017316,-0.099083,0.232768,-0.150311,-0.407944,0.232768,0.388116,-0.166051,0.388116,0.103098,0.408105,-0.121935,-0.024389,-0.181013,0.392208,-0.007925,-0.588139,0.393605,-0.562454,0.517659,0.391407,0.145251,0.300108,-0.112005,-0.653344,-0.290193,-0.353076,-0.054783,#
14,0.499481,0.362348,-0.181874,0.352926,0.511152,-0.237057,0.63073,-0.327246,-0.237057,0.190111,-0.209604,0.348112,0.384223,0.353674,1.0,0.179827,0.200787,-0.040592,0.043434,-0.327246,0.139522,-0.365651,0.407291,-0.639853,0.053225,-0.003136,0.424407,0.400769,0.308614,0.190629,-0.428367,-0.248695,-0.428019,-0.218164,-0.459104,-0.218164,-0.327246,0.145064,0.029133,0.411148,-0.206256,0.169121,-0.482496,-0.06776,0.523713,-0.423498,-0.054162,-0.071357,0.039356,0.189937,-0.042849,-0.569802,0.0,-0.545989,-0.787987,0.544904,-0.171782,0.066685,0.174707,0.300831,-0.523938,0.764988,0.378912,0.255323,-0.174862,0.255323,0.0,0.077974,0.189937,-0.174511,0.489038,0.101205,0.0,0.319212,0.229267,0.153663,-0.428465,-0.185753,-0.228788,0.547721,0.248383,-0.428465,-0.428239,0.060388,-0.202077,-0.070874,0.103956,-0.196352,0.375425,-0.064244,-0.077347,-0.331145,0.0,0.420815,0.219234,-0.327246,-0.492004,-0.064244,-0.191088,-0.218164,0.268217,-0.653974,0.335454,0.499481,0.229267,-0.057444,0.218462,-0.4826,0.248383,-0.370229,0.22779,0.0,-0.428465,0.375425,-0.191088,0.078886,0.344541,0.218462,0.060375,-0.331145,-0.057444,-0.327246,-0.731736,-0.428465,0.32316,0.229267,-0.327079,0.467276,0.026497,0.078886,-0.036827,0.0,0.323521,0.015711,-0.064244,0.041343,-0.218164,-0.191088,-0.561884,-0.036827,0.069319,0.204537,0.239597,-0.32626,-0.331145,-0.040563,-0.077347,0.392509,0.218462,0.281952,-0.553744,-0.191088,0.0,-0.064244,-0.057444,0.248383,0.065265,0.137415,0.09533,0.229267,-0.064244,0.248383,0.362376,0.229267,0.362376,0.224201,-0.218164,-0.425189,0.041343,-0.327246,0.201121,-0.248378,-0.228788,0.335454,0.063572,0.103956,-0.327079,0.063572,0.189841,-0.406936,0.189841,-0.3299,0.327571,-0.248378,0.305995,0.050539,0.314811,0.206682,-0.371838,-0.244682,0.103956,0.415356,0.31418,0.344424,0.234046,0.488923,-0.267657,0.416856,-0.07558,0.518919,#
15,0.312399,-0.009173,0.006292,-0.017454,0.190992,0.625053,0.594457,-0.49958,0.625053,0.508345,0.706289,0.578268,0.493159,0.397957,0.179827,1.0,0.488218,-0.240878,0.372813,-0.49958,0.293954,-0.545714,0.21861,-0.654649,-0.220808,-0.637808,0.212538,-0.320546,0.5178,0.566253,-0.653954,0.369265,-0.653422,-0.333053,0.185814,-0.333053,0.526689,-0.383529,0.647626,0.074812,-0.590514,0.136359,-0.583499,-0.107754,0.202359,-0.258595,0.242329,-0.591629,-0.331536,0.351986,0.749339,0.283802,0.0,0.054933,0.016867,0.415573,-0.520879,0.397797,-0.526123,0.505702,-0.284849,0.439932,-0.318069,-0.220203,0.036867,-0.220203,0.0,0.42151,0.351986,-0.474786,0.440265,0.745502,0.0,0.374675,-0.6203,0.335081,-0.654103,-0.600756,-0.616059,-0.03378,-0.499325,-0.214654,0.250666,0.82417,-0.509541,-0.398756,-0.408804,-0.182228,-0.426058,-0.37648,0.022134,-0.800088,0.0,0.180331,0.214417,0.023236,-0.301149,-0.815256,-0.188856,-0.333053,0.536811,-0.188856,-0.547156,0.312399,-0.203979,-0.815382,-0.347856,0.344567,-0.499325,0.436872,-0.663014,0.0,-0.654103,-0.021161,-0.605177,-0.653758,-0.025296,-0.374568,-0.213801,-0.384927,-0.815382,0.003873,-0.452737,-0.214654,-0.39723,0.205225,0.018248,0.115292,-0.608036,-0.653758,-0.231273,0.0,-0.508429,-0.068769,-0.815256,-0.231556,-0.333053,-0.605177,-0.228112,-0.21384,-0.653771,0.325323,-0.218195,-0.438573,-0.800088,-0.680189,0.022134,0.795566,-0.374568,-0.041681,0.346669,-0.998369,0.0,-0.815256,-0.815382,-0.499325,0.364778,0.110667,-0.416515,-0.227108,-0.815256,-0.499325,0.406274,0.189212,-0.009028,-0.492622,-0.333053,-0.649102,-0.231556,-0.49958,0.601472,-0.173185,0.219275,-0.547156,0.788262,-0.432498,-0.499325,0.788262,0.5651,0.287966,0.5651,0.490195,0.466833,0.466833,0.033813,0.473588,0.448648,0.178145,0.010575,0.575622,-0.835288,0.605645,0.446689,0.798341,-0.284206,0.648414,-0.036045,-0.362843,-0.237237,0.199238,#
16,-0.16663,-0.408027,-0.419897,0.107185,0.207878,0.013369,-0.024619,-0.249944,0.013369,-0.249714,0.535855,0.274056,0.11676,0.116685,0.200787,0.488218,1.0,-0.207732,-0.130597,-0.249944,-0.072534,-0.581938,-0.243025,-0.488708,-0.327179,0.341327,-0.057662,0.249253,0.243859,0.481459,-0.327179,0.323595,-0.326913,-0.16663,0.444163,-0.16663,-0.249944,0.439299,0.235621,0.111276,-0.49319,-0.321266,-0.745061,0.336943,0.215054,0.122709,-0.2046,-0.294728,0.172588,0.155897,0.361322,0.148842,0.0,0.08615,0.226463,0.128864,0.192251,-0.031198,0.205738,0.237877,-0.646867,0.334065,0.266067,0.205738,-0.119113,-0.643339,0.0,-0.092356,0.155897,-0.982823,0.354842,0.394976,0.0,0.078058,-0.499493,0.148833,-0.327254,0.003508,-0.015127,0.398016,-0.249817,0.22846,0.217659,0.388176,-0.376138,-0.407955,-0.611671,-0.007925,-0.407943,-0.40788,-0.408155,-0.611612,0.0,0.300027,-0.026132,-0.249944,-0.669715,-0.40788,-0.002275,-0.16663,0.227088,-0.002275,0.231468,-0.16663,-0.499493,-0.407943,0.13409,-0.173871,-0.249817,0.388176,-0.274558,0.0,-0.327254,0.104077,-0.002275,-0.327081,0.092413,0.13409,-0.326478,-0.107156,-0.407943,0.386706,-0.380541,0.22846,0.223639,-0.002275,-0.249817,0.341327,-0.208115,-0.327081,0.300027,0.0,-0.399164,0.425596,-0.40788,0.207878,-0.16663,-0.002275,-0.593266,0.300027,-0.327088,0.123675,0.488,0.266067,-0.611612,-0.248692,-0.408155,0.029321,0.13409,-0.248663,0.13409,-0.499493,0.0,-0.40788,-0.407943,-0.249817,-0.126368,-0.047708,-0.611612,0.476528,-0.40788,-0.249817,0.096748,-0.002275,-0.40788,-0.278215,-0.16663,-0.324752,0.207878,-0.249944,0.512158,-0.284931,0.003508,0.231468,0.4071,0.388176,-0.249817,0.4071,0.498545,0.401121,0.498545,-0.279268,0.249135,0.249135,-0.268649,0.153588,0.239431,0.499889,0.383909,-0.003136,-0.12118,0.316337,0.238917,0.083408,0.071968,0.195283,0.249253,-0.072366,-0.237036,0.160588,#
17,0.190107,0.534646,0.212917,0.058799,-0.065888,0.181373,-0.223988,0.327097,0.181373,-0.258954,-0.27047,-0.389197,-0.450741,0.534685,-0.040592,-0.240878,-0.207732,1.0,-0.549256,0.327097,-0.052976,0.551974,-0.442874,0.290709,0.409411,0.167985,-0.420246,0.546441,0.202553,0.217324,-0.059619,-0.058442,0.427824,0.218064,-0.322926,0.218064,-0.218064,0.012552,0.410344,-0.404488,0.294465,0.028983,0.366191,0.282901,-0.072547,0.132199,0.024607,-0.154176,-0.160261,-0.244472,-0.025827,-0.235081,0.0,-0.337974,-0.346103,-0.008749,0.243642,0.44387,0.453229,-0.341598,0.451195,-0.274061,0.545759,-0.309323,-0.599052,-0.309323,0.0,-0.105421,-0.244472,0.184162,-0.17769,-0.028461,0.0,-0.372475,0.203828,-0.234432,0.42827,0.671384,-0.233152,0.361204,0.348486,0.42827,-0.065853,-0.11427,0.74338,0.100067,0.801467,-0.220562,0.534858,0.093852,-0.338976,0.360621,0.0,0.044675,-0.195801,-0.763225,0.46225,0.093852,0.671014,0.218064,0.257208,0.202865,0.203158,0.190107,0.654638,0.551721,-0.257437,-0.067935,0.348486,-0.097494,0.021181,0.0,0.42827,0.534858,0.220204,0.44704,0.071904,0.494626,-0.027724,-0.096752,0.551721,0.327097,0.208055,0.42827,0.595349,0.203828,0.32693,0.507009,-0.478508,0.44704,0.062503,0.0,-0.35266,-0.146893,0.093852,-0.047586,-0.508817,0.220204,0.594057,-0.428295,-0.037897,-0.243257,0.24056,0.037543,0.360621,-0.390412,-0.338976,-0.28891,0.494626,0.348177,-0.286362,0.220204,0.0,0.093852,0.551721,0.348486,0.355271,-0.276846,0.344007,-0.205562,0.093852,0.348486,0.077232,0.654638,0.534761,-0.186974,0.218064,-0.095407,-0.047586,0.327097,-0.685673,-0.24134,0.181102,0.203158,-0.118539,-0.079732,-0.233521,-0.118539,0.179675,-0.276677,0.179675,-0.224906,-0.323342,-0.344915,-0.301314,-0.629887,-0.310746,0.20129,-0.564439,0.196902,-0.079732,0.038306,0.211115,-0.400197,0.244052,-0.551958,-0.345708,0.305533,0.017767,-0.4897,#
18,0.245391,0.241785,-0.354711,-0.190145,0.499029,0.387978,0.372813,-0.610868,0.387978,0.367747,0.06232,0.191814,0.293167,-0.173666,0.043434,0.372813,-0.130597,-0.549256,1.0,-0.101811,0.50418,-0.376173,0.794561,-0.034802,-0.361664,-0.566122,0.714441,-0.505046,0.06025,0.391947,-0.309108,-0.365198,-0.331109,-0.407246,-0.231953,-0.407245,0.407246,-0.725309,0.083743,-0.129303,-0.019716,-0.012872,-0.225324,-0.613412,0.066218,-0.220762,0.367374,-0.029861,-0.129075,0.406892,-0.038286,0.393587,0.0,-0.155692,0.160001,0.391972,-0.316234,-0.12611,-0.358336,0.600754,-0.167988,0.41838,-0.288155,-0.176557,0.765375,0.528465,0.0,0.182131,0.406892,0.177454,-0.076974,0.516576,0.0,0.682835,-0.385156,0.467813,-0.355473,-0.818784,0.026759,-0.292982,-0.610557,-0.799814,-0.355942,0.55802,-0.350224,-0.105862,-0.248234,-0.372427,-0.193958,-0.182576,0.281357,-0.18799,0.0,0.370944,-0.010493,0.426825,-0.211944,-0.536774,-0.783624,-0.407246,-0.032884,0.067281,-0.404339,0.245391,-0.401346,-0.587616,-0.281503,0.086106,-0.116297,0.166411,0.005205,0.0,-0.355473,-0.603362,-0.767433,-0.799392,0.217413,-0.227483,0.545515,-0.624198,-0.587616,-0.610868,-0.337192,-0.799814,-0.38562,-0.433727,0.427166,-0.151156,0.020654,-0.799392,-0.478076,0.0,0.087275,-0.267662,-0.536774,-0.372563,0.323708,-0.767433,-0.269761,-0.513329,-0.312106,-0.237281,-0.834257,-0.448479,-0.18799,-0.103184,0.281357,0.620055,-0.227483,-0.129622,0.447763,-0.369865,0.0,-0.536774,-0.587616,-0.610557,-0.290407,0.830464,-0.203503,-0.385156,-0.536774,-0.610557,-0.198095,-0.401346,-0.165231,-0.043103,-0.407246,0.188561,-0.372563,-0.610868,0.408188,0.439393,-0.424683,-0.404339,0.563933,-0.638922,-0.046966,0.563933,0.413049,0.185735,0.413049,0.425023,0.086373,0.61015,0.569724,0.892713,0.586382,-0.031327,-0.218977,0.398368,-0.231648,0.321707,0.061136,0.660554,-0.522642,0.481567,0.083306,-0.185639,0.389492,0.529598,#
19,-0.166667,0.092027,-0.357208,0.117115,0.218218,-0.015491,-0.49958,0.375,-0.015491,-0.249769,-0.128865,-0.532652,-0.021125,-0.408152,-0.327246,-0.49958,-0.249944,0.327097,-0.101811,1.0,0.517445,0.232201,-0.233084,0.62213,0.211264,0.386924,-0.238735,0.415514,-0.389526,0.018508,0.211264,-0.05696,0.777696,0.666667,-0.148087,-0.166667,-0.25,-0.082659,-0.327248,-0.025066,0.569847,-0.321338,0.283924,0.232042,0.20342,0.187645,-0.236062,0.383413,-0.053977,-0.686002,-0.356643,0.180499,0.0,-0.268646,0.226078,-0.09779,0.290496,-0.230769,0.237238,-0.392557,0.134982,-0.254985,0.334364,-0.051294,0.027514,-0.051294,0.0,-0.611995,-0.686002,0.136263,-0.300318,-0.124141,0.0,-0.407971,-0.011485,0.148284,0.763763,0.488108,0.488108,-0.106954,-0.249873,0.218218,0.207617,-0.111772,0.22259,0.08046,0.388262,-0.499613,0.094617,0.087422,-0.408245,0.378702,0.0,-0.231322,-0.499613,-0.25,0.123703,0.087422,-0.011485,0.666667,-0.305608,0.476634,0.23152,-0.166667,-0.011485,0.597267,0.13412,-0.438009,0.356961,-0.111772,0.398761,0.0,0.763763,0.094617,-0.011485,0.207617,0.612373,0.13412,0.239915,-0.116523,0.597267,-0.25,0.21385,0.218218,0.291474,-0.011485,0.356961,-0.159321,0.263727,0.207617,-0.231322,0.0,0.22259,-0.09122,0.087422,0.218218,-0.166667,-0.011485,0.242478,-0.231322,-0.327161,-0.685125,-0.005811,0.334364,0.378702,0.326867,-0.408245,-0.40113,0.13412,-0.248719,0.13412,0.476634,0.0,0.087422,0.597267,0.356961,-0.033833,-0.006518,-0.116523,-0.011485,0.087422,0.356961,-0.407971,-0.011485,-0.407971,-0.239627,-0.166667,0.702681,0.218218,0.375,-0.505704,0.450306,-0.005811,0.23152,-0.085379,-0.111772,-0.249873,-0.085379,0.012952,0.044579,0.012952,-0.239426,-0.35369,-0.35369,0.277317,-0.138784,-0.339913,0.5,-0.113776,0.01918,0.388262,-0.199474,0.278798,-0.407428,-0.284582,-0.327074,0.29086,0.467837,0.308941,-0.325791,#
20,0.315225,0.25073,-0.473396,0.356396,0.658026,0.328504,0.293954,-0.06245,0.328504,0.33356,0.252351,-0.070278,0.637017,-0.220741,0.139522,0.293954,-0.072534,-0.052976,0.50418,0.517445,1.0,-0.430887,0.296417,0.080876,0.157731,-0.311079,0.164209,0.109727,0.049521,0.447149,-0.321226,0.111119,0.205307,0.315225,-0.184962,-0.398492,0.205194,-0.551602,0.027451,0.17264,0.207604,-0.159225,-0.351246,-0.054012,0.618928,-0.31398,-0.166526,0.109079,-0.451701,-0.336492,0.218223,0.355649,0.0,-0.391145,0.039186,0.40597,-0.268668,-0.014182,-0.261074,0.037702,-0.317699,0.46338,0.042127,-0.251921,0.230244,0.283498,0.0,-0.375473,-0.336492,-0.028481,0.030203,0.411996,0.0,0.210062,-0.35842,0.371076,0.190789,-0.313534,0.109488,-0.129557,-0.597433,-0.315385,0.039515,0.537844,-0.359499,-0.224985,0.197755,-0.866333,-0.078714,-0.178865,-0.320506,-0.242217,0.0,-0.0589,-0.124804,-0.196272,-0.335838,-0.551154,-0.44449,0.315225,0.110956,0.008402,-0.236499,0.315225,-0.026436,-0.078714,-0.171619,-0.289508,-0.034394,0.109584,0.142301,0.0,0.190789,-0.114589,-0.776475,-0.324199,0.808562,-0.171619,0.229973,-0.701703,-0.078714,-0.597738,-0.480779,-0.315385,-0.055394,-0.026436,0.378332,-0.047921,-0.056468,-0.324199,-0.551965,0.0,0.163222,-0.203995,-0.551154,0.151852,-0.398492,-0.776475,-0.19902,-0.551965,-0.782225,-0.393565,-0.348786,-0.264697,-0.242217,-0.066398,-0.320506,0.557377,-0.171619,-0.231576,0.382212,-0.323582,0.0,-0.551154,-0.078714,-0.077704,0.094175,0.364734,-0.277563,-0.35842,-0.551154,-0.077704,-0.214222,-0.026436,-0.214222,-0.579833,-0.398492,0.143594,0.151852,-0.06245,-0.026718,0.614412,-0.012857,-0.236499,0.525926,-0.606281,-0.597433,0.525926,0.438866,0.062043,0.438866,0.189395,0.002008,0.047906,0.5593,0.402814,0.046039,0.553131,-0.266958,0.318506,-0.142333,0.287682,0.574208,0.550114,-0.523329,0.496464,0.198695,0.437413,0.414668,0.161249,#
