0,1.0,0.571553,0.268183,-0.172451,0.041014,0.270728,-0.026812,-0.063946,0.442549,0.110314,-0.06204,0.181145,0.562379,0.425368,-0.031759,-0.40749,0.035468,0.665927,-0.523119,-0.258693,0.131869,0.771829,0.46233,0.119943,0.152477,-0.175448,0.270741,-0.196376,0.379374,0.568217,0.20678,0.266356,-0.407498,-0.108885,0.264749,0.272648,-0.096227,-0.224615,0.394276,-0.533262,0.0,-0.157458,-0.118046,0.015266,0.326079,-0.399348,0.181309,0.273245,-0.437058,0.704022,-0.034984,-0.470106,-0.18449,0.125174,-0.630918,-0.192982,-0.124852,0.163577,0.281732,0.36749,0.511223,-0.193615,-0.29864,-0.645366,0.206377,0.287041,-0.271731,0.459928,0.414144,0.247545,0.159777,0.566033,-0.407189,-0.123089,-0.665149,0.264145,-0.237553,-0.28676,-0.533397,-0.28676,-0.015962,-0.088898,0.0,0.054399,-0.247461,-0.271731,-0.088898,-0.034329,0.116397,-0.407596,-0.182451,-0.394132,-0.279599,0.640687,0.375578,0.338339,0.415014,-0.620498,-0.123109,-0.456209,0.704022,-0.097286,-0.03265,0.420916,-0.533397,-0.43521,-0.407388,0.229822,-0.665149,0.334858,0.304861,0.365916,-0.403673,-0.407388,0.031924,0.384099,-0.25339,-0.664644,0.651354,-0.208164,-0.407388,-0.270198,-0.015962,0.101859,-0.050709,0.329589,-0.271731,0.102572,0.438658,0.31997,0.009699,-0.123089,-0.408834,0.137861,-0.577207,-0.271731,-0.271731,-0.124683,0.431002,-0.009474,0.071929,0.031924,-0.270198,-0.459429,-0.386578,-0.149194,-0.407388,0.117651,-0.403673,-0.408834,-0.20581,-0.577207,0.372687,-0.533387,-0.19784,-0.271731,0.597615,0.64327,-0.189978,-0.532791,-0.549582,-0.271731,0.614074,-0.831313,0.067213,0.819545,-0.407388,-0.027209,-0.025264,-0.271731,-0.184542,0.324189,-0.664323,-0.577207,-0.170693,-0.797103,-0.271731,0.561162,0.690938,-0.380175,0.582777,0.00063,-0.516466,0.111209,0.422556,-0.391675,0.561162,-0.102824,-0.365961,0.430846,-0.113788,0.545721,0.439683,0.294169,-0.366522,0.4574,0.439683,-0.377144,0.736682,0.117648,#
1,0.571553,1.0,0.371608,-0.108881,-0.214052,0.381798,0.474524,0.423867,0.675438,0.363215,-0.08746,-0.306992,0.585973,0.282887,-0.250432,-0.272246,0.18175,0.18611,-0.120256,-0.374671,-0.22052,0.475251,0.785798,-0.145649,0.280112,-0.409891,0.411853,-0.645666,-0.11782,0.571553,-0.351403,0.017105,-0.209863,-0.005018,-0.108768,0.377514,0.266718,-0.132413,0.269062,-0.505524,0.0,0.113138,-0.287054,0.295379,0.548396,-0.690242,0.521822,0.28458,-0.387249,0.630022,-0.311911,-0.262362,-0.12964,0.085292,-0.374575,-0.28284,0.235622,-0.33923,-0.119292,0.582468,0.554643,-0.443891,-0.314116,-0.340324,0.52378,0.125262,-0.507611,0.779038,0.917543,0.117245,0.463407,0.498821,-0.281817,-0.515792,-0.788593,0.522624,-0.359862,-0.340742,-0.515624,-0.340742,0.193085,-0.533592,0.0,0.024807,-0.807724,-0.507611,-0.533592,-0.213225,-0.235853,-0.761417,-0.580291,-0.411626,-0.790993,0.391517,0.255655,-0.034502,0.625205,-0.507629,-0.018449,-0.261464,0.630022,-0.061538,-0.208417,0.213585,-0.515624,-0.253809,-0.761028,0.256293,-0.788593,-0.405574,0.472296,0.457199,-0.270228,-0.761028,0.176465,-0.23862,-0.359862,-0.858464,0.320378,-0.759594,-0.761028,-0.844914,-0.264453,-0.410193,-0.324539,0.452909,-0.507611,0.445353,-0.064612,-0.057516,-0.249701,-0.515792,-0.651908,0.575767,-0.58352,-0.507611,0.158108,-0.084283,0.461903,-0.65066,-0.199716,0.176465,-0.844914,-0.333459,0.007019,-0.120639,-0.761028,0.548485,-0.270228,-0.651908,-0.081935,-0.58352,-0.070783,-0.996402,-0.520319,-0.507611,0.570192,0.962353,-0.081935,-0.585784,-0.085312,0.213585,0.519957,-0.456047,0.056259,0.695259,-0.761028,-0.101517,-0.65066,-0.507611,-0.498304,-0.467097,-0.403642,-0.58352,-0.060554,-0.473857,-0.507611,0.99436,0.827341,-0.463878,0.568292,0.259488,-0.543026,0.024597,0.235673,0.35112,0.550418,-0.377988,-0.492767,0.696643,0.165341,0.53834,0.758953,-0.187369,-0.270249,0.644049,0.758953,-0.411626,0.323922,-0.144514,#
2,0.268183,0.371608,1.0,0.147961,0.391261,0.160623,0.220039,0.086912,0.006726,-0.579618,0.047727,0.221491,-0.049365,-0.365502,-0.429475,-0.138422,0.393714,0.312255,-0.262458,0.230087,-0.106971,0.082022,0.130108,-0.598324,0.406938,-0.545436,-0.178461,-0.264532,-0.324374,-0.125082,0.199792,-0.163059,-0.075894,0.114832,0.14796,0.192008,0.236732,-0.52252,-0.386743,-0.398684,0.0,0.291578,-0.423303,-0.270469,-0.272461,-0.056905,-0.100381,0.97287,0.23437,-0.164236,0.070828,0.1249,-0.318765,-0.357257,0.083198,0.403388,0.121278,-0.583892,-0.303354,0.398567,-0.039556,-0.410427,0.499975,-0.241661,-0.041028,0.224756,0.244114,0.268254,0.418987,0.802161,0.907334,0.872154,-0.127416,-0.372947,-0.189911,0.386172,-0.197585,-0.558711,0.076901,-0.583007,0.81447,0.03189,0.0,-0.09254,-0.23639,0.244114,0.03189,0.38965,-0.121603,-0.148114,0.09945,-0.118528,-0.203301,0.618406,0.024652,0.066438,0.830905,-0.654908,0.128545,-0.416674,-0.164236,0.076901,0.001337,0.244114,0.076901,-0.029223,-0.141577,0.526508,-0.621528,0.040054,0.637539,-0.356562,-0.46757,-0.141577,0.798036,-0.045729,-0.21389,-0.232642,0.386743,-0.345117,-0.141577,-0.245518,0.36204,0.196894,0.593876,-0.345985,0.244114,0.891979,-0.003305,-0.356266,0.381433,-0.372947,-0.044134,0.467351,0.109073,-0.414171,0.271543,0.110002,0.429686,-0.038826,0.407314,0.798036,-0.245518,-0.041217,0.328297,0.573581,-0.141577,0.42228,0.368059,-0.469413,0.151973,0.109073,0.049492,-0.40815,-0.265896,0.244114,0.178964,0.460893,0.168273,-0.408202,-0.420466,0.298971,0.274867,-0.111988,-0.087125,0.419818,-0.640914,-0.177889,-0.055083,0.244114,-0.183669,-0.192271,-0.20982,0.109073,-0.630993,-0.14721,-0.414171,0.416921,0.219501,-0.593665,0.280317,-0.369863,-0.397943,0.773734,0.136163,-0.281144,0.39863,0.557238,-0.644954,0.068171,0.576508,0.816159,0.141682,-0.254651,-0.164494,0.392628,0.141682,-0.101037,-0.136834,-0.052911,#
3,-0.172451,-0.108881,0.147961,1.0,-0.023633,-0.264108,-0.080561,-0.399611,-0.410031,-0.114677,0.08409,0.258676,-0.086229,-0.003473,0.05488,-0.124893,-0.425333,-0.087727,-0.248128,0.656387,-0.095646,0.077521,0.076165,-0.124632,-0.13378,-0.206698,-0.249617,0.099307,0.35359,-0.172451,0.254451,-0.642813,-0.105748,-0.378252,0.194073,-0.21793,0.1339,-0.200818,-0.408089,0.08409,0.0,0.667326,-0.437999,0.002284,-0.261144,0.414149,-0.045853,0.299111,0.349372,-0.36086,0.606803,0.722096,0.172571,-0.026436,0.032731,-0.028233,0.607633,-0.114545,-0.241467,0.336574,-0.091474,-0.456111,0.36242,-0.290147,0.599523,0.056166,0.255056,0.26311,0.068111,0.001455,0.311785,0.014759,0.402076,0.108796,-0.171245,-0.372242,0.262219,-0.55849,0.075572,0.280149,0.373964,0.534353,0.0,0.376905,0.256106,0.255056,0.534353,0.398978,-0.080848,-0.114775,0.577985,0.363568,0.256106,-0.249543,0.024272,0.100184,-0.023373,-0.224754,-0.366737,0.440586,-0.36086,0.091631,0.009769,0.280561,0.075572,0.810789,0.402054,-0.436413,0.262219,0.111265,-0.085846,0.077573,0.418271,0.402054,-0.038655,0.054187,0.671602,0.234864,-0.095646,-0.226842,0.402054,-0.133805,0.810856,0.280133,0.19261,0.126495,0.255056,0.37487,-0.065557,0.144689,-0.024581,0.108796,-0.004394,-0.059639,0.140743,0.280561,0.255056,0.093748,0.463973,0.009782,0.401713,-0.038655,-0.133805,0.474575,0.782225,0.5126,0.402054,-0.279643,0.379197,0.422706,0.581323,0.140743,0.108796,0.092429,-0.236994,0.255056,-0.603886,-0.070052,0.172079,0.08433,-0.344168,-0.408089,-0.158249,0.340056,-0.06069,-0.370367,-0.080848,0.146748,0.417946,0.255056,-0.316849,0.198162,0.65609,0.140743,-0.246239,0.340056,0.280561,-0.073349,-0.226571,0.376905,-0.16177,-0.423131,0.081873,0.3766,0.126499,-0.072041,-0.073349,0.077954,0.247967,-0.401781,0.596637,-0.067868,-0.399797,-0.234437,0.399604,-0.438936,-0.399797,-0.075584,0.146779,-0.045398,#
4,0.041014,-0.214052,0.391261,-0.023633,1.0,-0.022067,-0.361651,-0.269637,-0.591744,-0.498505,0.176832,0.408118,-0.599407,-0.154681,0.459785,0.471496,0.187605,0.412428,0.056895,0.384147,0.015839,-0.18053,-0.484969,-0.497937,0.492081,0.062014,-0.348782,0.432247,0.275901,0.041014,-0.02892,-0.01763,-0.498813,-0.249024,0.416752,0.040017,-0.374255,-0.291952,-0.332622,0.176832,0.0,-0.376213,-0.035078,-0.386372,-0.312717,0.142461,-0.151867,0.458293,-0.196418,-0.374831,0.485183,-0.058371,-0.210734,-0.118566,0.482754,-0.04091,-0.521389,-0.261893,-0.331678,-0.37084,-0.620464,0.304028,0.407944,0.239036,-0.157663,-0.479629,0.300943,-0.282827,-0.276948,0.579292,0.29711,0.312736,-0.042723,0.228001,-0.045233,0.259961,-0.02954,-0.415668,-0.254013,-0.431568,0.167477,-0.246336,0.0,0.196165,-0.034094,0.300943,-0.246336,-0.208474,0.001131,0.471214,0.371087,-0.242811,0.39583,0.022599,0.221442,0.245403,0.199111,-0.444216,-0.238098,-0.249962,-0.374831,-0.652924,-0.620972,-0.332622,-0.254013,0.153864,-0.037316,-0.018488,-0.045233,0.3367,0.073172,-0.652674,-0.252396,-0.037316,0.15166,-0.235555,-0.437563,0.342031,0.015839,0.301446,-0.037316,0.364304,0.167477,0.379991,0.45278,-0.652182,0.300943,0.255976,-0.149487,-0.650659,0.998431,0.228001,-0.2394,0.258041,-0.075937,-0.332622,0.300943,0.201823,-0.292714,0.598616,0.510812,0.15166,0.364304,-0.175708,-0.272796,0.415211,-0.037316,-0.273647,-0.268022,-0.2394,-0.420804,-0.075937,-0.212455,0.177179,-0.436825,0.300943,-0.03514,-0.025175,-0.012919,0.168881,-0.52502,-0.332622,0.006949,0.150955,-0.672617,-0.197973,-0.018093,0.472733,0.191808,0.300943,0.129226,0.046551,-0.072396,-0.075937,-0.391966,-0.306696,-0.332622,-0.211029,-0.383194,-0.286142,0.395102,-0.182252,0.160558,0.17049,-0.481372,-0.587479,-0.211029,0.451595,-0.22354,-0.177223,-0.052375,0.186203,0.008403,-0.317556,-0.12134,-0.230841,0.008403,0.194882,-0.291999,0.531342,#
5,0.270728,0.381798,0.160623,-0.264108,-0.022067,1.0,0.009218,0.536628,0.045496,-0.042287,0.482643,0.274481,-0.003502,-0.323383,-0.367163,0.348603,0.351375,0.234449,-0.313422,-0.180067,-0.610494,0.585129,0.146979,-0.03154,-0.158798,-0.579694,-0.168567,-0.710788,-0.2146,-0.152128,-0.569203,0.143461,-0.091752,0.133491,0.124564,0.167281,-0.227009,0.216843,0.32351,-0.372051,0.0,0.137955,-0.384275,0.787678,0.437879,-0.062575,-0.098496,0.169932,0.065164,0.374394,-0.430799,0.102467,0.01424,0.23796,-0.455796,-0.489742,0.133188,-0.478599,-0.228231,-0.178345,-0.064312,0.326388,-0.220171,-0.484823,0.249957,-0.440028,-0.406996,0.05191,0.432123,0.389461,-0.023902,0.322113,-0.159508,0.071696,-0.181552,0.405101,-0.996255,0.244595,-0.3467,-0.58089,0.392641,-0.363603,0.0,-0.566184,-0.193839,-0.406996,-0.363603,0.010607,-0.610183,-0.121316,0.111487,-0.10687,-0.178102,0.2119,-0.385285,0.532883,0.392641,-0.258775,0.120765,-0.46959,0.374394,0.080394,0.014897,0.271331,-0.3467,-0.452919,-0.610183,0.023254,-0.608518,-0.150464,0.154961,0.135662,-0.082299,-0.610183,-0.029425,-0.380291,-0.593009,-0.236299,-0.101749,-0.513172,-0.610183,-0.589483,-0.037701,-0.595586,0.02375,0.094686,-0.406996,0.031018,-0.250419,0.083697,-0.039485,0.071696,-0.019956,0.072006,0.104212,-0.406996,0.219152,0.058815,-0.266638,-0.416236,-0.082182,-0.029425,-0.589483,0.409289,-0.132633,-0.287038,-0.610183,-0.06041,-0.043239,-0.440653,-0.245331,0.104212,-0.363603,-0.380345,0.163656,-0.406996,0.335329,0.334392,-0.64844,0.013441,-0.033619,0.271331,0.227602,-0.149385,-0.521861,0.438394,-0.135224,-0.251364,-0.01419,-0.406996,0.15181,0.048283,-0.640051,0.104212,0.198623,-0.166136,-0.406996,0.390586,0.227508,-0.157618,0.265591,0.455229,0.036364,-0.117422,-0.33183,0.080671,-0.026967,0.046476,-0.052925,0.059262,-0.451846,0.361435,0.641234,-0.199569,-0.193007,0.410441,0.641234,-0.539438,-0.129666,0.4084,#
6,-0.026812,0.474524,0.220039,-0.080561,-0.361651,0.009218,1.0,0.570977,0.604014,0.478597,-0.098446,-0.40404,0.034602,-0.203563,-0.293599,-0.202707,0.067166,-0.504282,-0.12449,-0.346461,-0.392591,-0.01458,0.197786,-0.067121,0.134914,-0.514245,-0.049591,-0.60545,-0.278658,0.084431,-0.125825,-0.450689,-0.135817,0.566048,-0.713118,-0.19658,0.183633,-0.473849,0.347979,0.022958,0.0,0.233903,-0.221547,-0.119122,-0.207186,-0.240754,0.051559,0.155762,0.036752,0.066876,-0.499952,-0.311287,-0.024013,-0.714146,-0.315752,0.076487,0.38788,0.009056,-0.23377,0.475078,0.039587,-0.481634,-0.440994,-0.023161,0.08616,0.212717,0.229012,0.106063,0.552657,-0.154215,0.347173,0.351012,-0.213035,-0.951607,-0.27561,0.557016,-0.0104,-0.219928,0.013329,0.210023,0.224852,-0.111822,0.0,0.026599,-0.397522,0.229012,-0.111822,-0.207105,-0.401946,-0.191834,-0.567643,-0.339831,-0.756315,0.2743,0.202838,-0.562699,0.064468,0.101479,0.563375,0.328554,0.066876,-0.061576,0.27152,0.110045,0.013329,-0.14684,-0.207024,0.668903,-0.27561,-0.810909,0.307378,0.493138,-0.217257,-0.207024,0.492158,0.072933,0.078003,-0.338489,0.053535,-0.614887,-0.207024,-0.497449,-0.265734,-0.475496,-0.511045,0.485621,0.229012,0.360735,-0.256808,-0.063997,-0.342049,-0.951607,-0.207105,0.397318,-0.083542,-0.484791,0.229012,0.521815,0.170174,-0.766093,-0.191834,0.492158,-0.497449,-0.156308,0.107503,-0.303003,-0.207024,0.890246,0.205245,-0.207105,-0.028591,-0.083542,-0.283596,-0.493542,-0.015777,0.229012,0.137592,0.279663,-0.116964,-0.511462,0.432786,0.288495,0.379689,-0.27443,0.465845,0.132045,-0.726815,-0.709292,-0.677953,0.229012,-0.396944,-0.568339,0.142579,-0.083542,-0.361441,0.107503,-0.484791,0.466213,0.291776,0.123632,0.042236,-0.055787,-0.499337,-0.090567,0.158951,0.548914,0.466213,-0.490995,0.047441,0.224076,0.094826,0.456627,0.165393,-0.266953,-0.246565,0.565873,0.165393,-0.434663,-0.272852,-0.722966,#
7,-0.063946,0.423867,0.086912,-0.399611,-0.269637,0.536628,0.570977,1.0,0.272644,0.280911,-0.00657,-0.532171,0.017199,-0.155491,-0.193875,0.165467,0.187867,-0.527083,0.00501,-0.138604,-0.326408,0.109411,0.331318,0.292031,0.1563,-0.524581,0.140561,-0.77856,-0.47464,-0.063946,-0.53258,0.163062,0.228218,0.569703,-0.391867,-0.35513,0.088858,0.062115,0.563543,-0.427044,0.0,0.244955,-0.131631,0.433632,0.250286,-0.250923,0.350363,-0.0117,0.09682,0.22132,-0.827521,-0.279637,0.435892,-0.175422,-0.231085,-0.03634,0.333873,-0.438869,-0.427093,0.242292,-0.006905,-0.184208,-0.503154,0.112462,0.087988,-0.20455,-0.217606,0.08796,0.437247,-0.151817,-0.050672,0.273118,0.155516,-0.427143,-0.076094,0.301593,-0.53266,0.373447,0.056416,-0.089161,0.18584,-0.427143,0.0,-0.103012,-0.532743,-0.217606,-0.427143,-0.202438,-0.326242,-0.326408,-0.41304,-0.506091,-0.532743,0.120821,-0.211405,-0.427369,0.18584,0.103055,0.555803,0.147549,0.22132,0.056416,0.238176,-0.217606,0.056416,-0.278585,-0.326242,0.480904,-0.53266,-0.764253,0.194426,0.109484,-0.278585,-0.326242,0.18584,-0.200314,-0.53266,-0.146912,-0.326408,-0.509757,-0.326242,-0.531152,-0.274335,-0.530207,-0.273018,0.053843,-0.217606,-0.022213,-0.596062,0.032744,-0.27006,-0.427143,-0.202438,0.401028,0.048269,-0.217606,0.45195,0.489469,-0.057245,-0.652464,-0.326408,0.18584,-0.531152,0.110184,-0.09673,-0.588388,-0.326242,0.469295,0.176009,-0.6523,-0.342308,0.048269,-0.427143,-0.427143,0.111834,-0.217606,0.469984,0.264988,-0.342308,-0.014801,0.543313,0.507746,0.311569,-0.09673,-0.029293,0.229104,-0.326242,-0.458747,-0.652464,-0.217606,0.162335,-0.466137,-0.152423,0.048269,0.109494,-0.09673,-0.217606,0.426268,0.116229,-0.103012,0.364574,0.246692,0.010605,-0.089621,-0.183883,0.717069,-0.020232,-0.263839,-0.092288,0.251963,-0.271194,0.413593,0.325352,-0.459507,0.123311,0.656115,0.325352,-0.506091,-0.305459,-0.324514,#
8,0.442549,0.675438,0.006726,-0.410031,-0.591744,0.045496,0.604014,0.272644,1.0,0.523201,-0.207289,-0.405528,0.664302,0.225352,-0.418148,-0.499411,0.193511,0.035444,-0.018377,-0.814744,-0.007569,0.233756,0.537816,0.060145,0.011343,-0.062632,0.414724,-0.449476,-0.230454,0.442549,-0.004705,0.08437,0.002077,0.247895,-0.425158,0.382918,0.327767,-0.122606,0.373395,-0.207289,0.0,-0.161443,0.046593,0.012951,0.351699,-0.605118,0.207344,-0.128538,-0.310433,0.609369,-0.484049,-0.51995,-0.282305,-0.118544,-0.488599,-0.008053,0.016891,0.279101,0.343651,0.411904,0.679771,-0.278801,-0.46952,-0.232686,-0.002457,0.507371,-0.333028,0.429392,0.599946,-0.190829,0.125782,0.150504,-0.499043,-0.653708,-0.402303,0.415281,-0.012351,0.004648,-0.216412,0.004648,-0.188514,-0.23276,0.0,-0.20607,-0.419655,-0.333028,-0.23276,-0.207239,-0.021614,-0.499542,-0.820745,-0.219943,-0.81532,0.411643,0.209856,-0.224624,0.20452,0.00996,0.235507,-0.198,0.609369,0.196602,0.195715,0.322936,-0.216412,-0.586091,-0.499287,0.456584,-0.402303,-0.345105,0.351653,0.668322,-0.197823,-0.499287,0.20452,0.167524,-0.012351,-0.814574,0.484404,-0.38947,-0.499287,-0.454422,-0.604669,-0.442603,-0.538691,0.66423,-0.333028,0.084757,0.287759,0.199384,-0.600479,-0.653708,-0.207239,0.145066,-0.403826,-0.333028,-0.333028,-0.220086,0.282737,-0.609752,-0.499542,0.20452,-0.454422,-0.522434,-0.208876,-0.342709,-0.499287,0.736222,-0.197823,-0.207239,-0.007056,-0.403826,0.188189,-0.653708,-0.001437,-0.333028,0.455855,0.544721,-0.007056,-0.652978,0.287688,0.322936,0.42312,-0.630058,0.639205,0.624051,-0.499287,-0.431182,-0.609752,-0.333028,-0.442746,-0.364722,-0.395827,-0.403826,0.012328,-0.208876,-0.333028,0.652368,0.81387,-0.20607,0.044684,0.222298,-0.63297,-0.214438,0.478529,0.3323,0.652368,-0.502755,-0.225532,0.615084,-0.001749,0.24509,0.497925,0.308161,-0.449202,0.632638,0.497925,-0.219943,0.318664,-0.496643,#
9,0.110314,0.363215,-0.579618,-0.114677,-0.498505,-0.042287,0.478597,0.280911,0.523201,1.0,-0.326798,-0.407247,0.357538,0.522902,0.316524,-0.249721,-0.4994,-0.403353,-0.086462,-0.407397,-0.249786,0.266067,0.298225,0.433596,-0.249555,-0.031318,0.408831,-0.216123,0.252469,0.610131,-0.40756,-0.078622,-0.249726,0.223322,-0.611279,-0.120784,-0.239819,0.186684,0.696934,0.218672,0.0,-0.040671,0.273639,0.212051,0.253306,-0.499252,0.407873,-0.599226,-0.569162,0.562517,-0.38154,-0.422496,0.119929,-0.061794,-0.38675,-0.544422,0.255498,0.38183,0.219979,0.245109,0.310451,-0.163083,-0.867394,0.033903,0.406889,0.008417,-0.166524,0.144427,0.236268,-0.740912,-0.36514,-0.294759,-0.249537,-0.326874,-0.407622,0.209024,0.097053,0.082385,-0.32688,0.593738,-0.498882,-0.326874,0.0,0.323607,-0.407685,-0.166524,-0.326874,-0.499176,-0.249659,-0.249786,-0.610968,-0.220713,-0.407685,-0.11403,0.496708,-0.327047,-0.498882,0.38522,0.204631,0.476137,0.562517,-0.32688,-0.017609,-0.166524,-0.32688,0.003865,-0.249659,-0.054483,0.097053,-0.584849,-0.395634,0.777556,0.003865,-0.249659,-0.498882,-0.000222,0.097053,-0.407312,-0.249786,-0.390095,-0.249659,-0.406468,-0.498882,-0.405744,-0.981918,0.759483,-0.166524,-0.351156,-0.002477,0.18097,-0.499289,-0.326874,-0.499176,0.223415,-0.610626,-0.166524,-0.166524,0.202514,-0.002434,-0.499302,-0.249786,-0.498882,-0.406468,-0.209622,-0.21594,-0.721426,-0.249659,0.229817,-0.498629,-0.001913,-0.106722,-0.610626,-0.326874,-0.326874,-0.118788,-0.166524,0.259753,0.222329,-0.106722,-0.326509,0.283411,-0.166524,0.080012,-0.21594,0.305857,0.030165,-0.249659,-0.185826,-0.499302,-0.166524,-0.170895,-0.172828,0.104237,-0.610626,0.375247,-0.21594,-0.166524,0.292787,0.375858,0.323607,0.131377,0.480239,-0.316504,-0.738335,0.202115,0.567079,0.292787,-0.996097,0.301364,0.4805,-0.370304,-0.191466,0.210307,0.104629,-0.224615,0.052947,0.210307,-0.220713,0.224713,-0.248337,#
10,-0.06204,-0.08746,0.047727,0.08409,0.176832,0.482643,-0.098446,-0.00657,-0.207289,-0.326798,1.0,0.373632,-0.508806,-0.653182,-0.284467,0.741628,0.634114,0.318306,0.112411,-0.123106,-0.327078,0.035631,-0.257122,-0.326425,0.175956,-0.078289,-0.800259,-0.321241,0.161781,-0.533262,-0.057942,-0.437587,-0.326999,-0.427833,0.507114,0.089649,0.12415,-0.324038,-0.218052,0.047547,0.0,-0.142017,-0.76937,0.364437,0.160071,0.636304,-0.549928,0.156177,0.460162,-0.370942,0.30347,0.341409,0.05455,0.077344,-0.234038,-0.281786,-0.2129,-0.036146,-0.53769,-0.544259,-0.500423,0.507697,0.237458,-0.398438,0.114423,-0.594237,-0.218052,-0.12059,0.221365,0.424555,-0.01355,0.014912,0.175139,0.038412,-0.101667,0.188645,-0.533753,-0.095287,-0.428028,-0.53309,0.193158,0.057069,0.0,-0.567447,0.360532,-0.218052,0.057069,-0.210867,-0.326911,0.218052,0.508249,-0.052349,-0.09542,-0.337787,-0.653252,0.542444,0.193158,-0.363797,-0.427541,-0.25421,-0.370942,0.047918,-0.205493,0.537861,-0.428028,-0.264205,-0.326911,-0.195515,-0.101667,0.166062,0.432864,0.054196,0.613442,-0.326911,0.193158,-0.188967,-0.084384,0.312688,0.239857,-0.020201,-0.326911,-0.082087,0.193158,-0.531294,0.218052,0.066506,-0.218052,0.015856,-0.435523,0.076209,0.185758,0.038412,0.214874,-0.533272,0.49527,-0.218052,0.479714,0.028497,-0.450867,-0.223002,-0.327078,0.193158,-0.082087,0.297359,-0.089495,0.218827,-0.326911,-0.143778,0.183223,0.214874,-0.351141,0.49527,0.057069,0.038412,0.097812,-0.218052,-0.523411,-0.151385,-0.800357,0.476723,0.139607,-0.218052,0.370066,-0.108162,-0.511163,-0.198964,0.202373,-0.02623,0.225029,-0.218052,-0.3746,-0.036801,-0.137522,0.49527,-0.354009,0.377195,-0.218052,-0.026053,-0.321988,0.400059,-0.115975,-0.21653,0.48812,-0.053508,-0.708169,-0.217183,-0.491364,0.283714,0.487611,-0.657578,-0.263225,-0.044821,0.362477,-0.440307,0.102564,0.189804,0.362477,-0.534394,-0.293884,0.164338,#
11,0.181145,-0.306992,0.221491,0.258676,0.408118,0.274481,-0.40404,-0.532171,-0.405528,-0.407247,0.373632,1.0,-0.312448,-0.373255,-0.124713,0.102076,-0.012347,0.587848,-0.557675,0.168076,-0.407596,0.367631,-0.548156,-0.406782,-0.407219,-0.245135,-0.540999,0.209412,0.256268,-0.250639,0.143442,-0.241422,-0.407498,-0.125855,0.266692,0.275156,-0.547919,-0.066259,-0.271731,0.303925,0.0,0.027978,-0.180294,0.020036,-0.362515,0.3674,-0.722498,0.368419,0.091754,-0.103652,0.41997,0.393138,-0.525296,-0.053383,-0.151514,-0.262933,-0.102557,0.027713,0.212325,-0.393856,-0.351357,0.42123,0.333664,-0.524347,-0.041506,-0.131044,0.367636,-0.393059,-0.250688,0.62289,0.161905,0.200963,-0.407189,0.355591,0.110858,0.180973,-0.285064,-0.263162,-0.130833,-0.279208,0.415014,0.3214,0.0,-0.354612,0.539915,0.367635,0.3214,0.386988,-0.407388,0.571433,0.664644,0.489268,0.555984,0.257387,0.0,0.826663,0.031924,-0.213906,-0.114916,-0.424962,-0.103652,-0.097286,-0.02523,0.420916,-0.130833,-0.009461,0.058198,-0.221766,0.110858,0.564334,-0.17933,-0.091479,-0.009461,0.058198,-0.015962,0.003262,0.126695,0.13358,0.111889,0.041463,0.058198,0.145193,0.415014,0.149793,0.370943,-0.080093,0.367635,0.20282,0.416191,-0.070873,0.413831,0.355591,0.355779,-0.248149,0.212825,-0.271731,-0.271731,-0.08878,-0.242833,0.38527,0.611394,-0.015962,0.145193,0.408288,0.075263,0.357642,0.058198,-0.446092,-0.02523,0.355779,0.221641,0.212825,-0.088898,0.304304,0.212825,0.367635,-0.259858,-0.192066,-0.189978,-0.097504,-0.677505,-0.271731,-0.221387,0.058158,-0.386578,0.027675,0.077598,-0.047162,0.795804,0.367635,0.147633,0.645121,-0.279208,0.212825,-0.148648,0.041052,-0.271731,-0.309338,-0.119256,0.062579,-0.250369,0.022675,-0.121521,0.083351,-0.071373,-0.787705,0.117029,0.391523,0.122884,-0.381524,-0.113788,0.095642,-0.053708,0.294169,-0.434243,-0.398895,-0.053708,0.047568,-0.067695,0.631555,#
12,0.562379,0.585973,-0.049365,-0.086229,-0.599407,-0.003502,0.034602,0.017199,0.664302,0.357538,-0.508806,-0.312448,1.0,0.665175,-0.226483,-0.762139,-0.218883,0.178632,-0.164256,-0.331112,0.294163,0.467823,0.804838,0.338435,-0.202826,0.045618,0.806705,-0.180498,-0.089772,0.562379,0.077902,0.444606,0.294499,-0.010416,-0.084873,0.365774,0.290289,0.326354,0.265161,-0.508806,0.0,0.138969,0.241984,0.195701,0.548103,-0.662479,0.541959,-0.155595,-0.358741,0.789954,-0.28725,-0.213928,-0.076324,0.416064,-0.368963,0.001564,0.238863,0.087602,0.565962,0.607341,0.993115,-0.445812,-0.282237,-0.30915,0.250882,0.644903,-0.508225,0.695842,0.396022,-0.273674,0.00765,0.048385,-0.223506,-0.049839,-0.357374,-0.152519,0.069543,0.094343,-0.058515,0.094343,-0.189834,-0.067564,0.0,0.082057,-0.370057,-0.508225,-0.067564,0.207659,0.293421,-0.762338,-0.522397,0.043724,-0.353397,0.379726,0.246298,-0.039781,0.240457,-0.077497,-0.023787,-0.20381,0.789954,0.393649,0.21696,0.209919,-0.058515,-0.197534,-0.229531,0.008353,-0.357374,0.045951,0.043749,0.449844,-0.213883,-0.229531,-0.206384,0.201705,0.069543,-0.796014,0.314879,-0.269344,-0.229531,-0.395261,-0.207358,0.050734,-0.248018,0.445576,-0.508225,-0.020787,0.522473,0.423601,-0.635513,-0.049839,-0.229167,0.154582,-0.526279,0.182298,-0.508225,-0.522507,0.649594,-0.222838,-0.203014,-0.206384,-0.395261,-0.300756,0.063219,-0.198568,-0.229531,0.178313,-0.213883,-0.229167,0.342769,-0.526279,0.393288,-0.528415,-0.085746,-0.508225,0.561149,0.592143,0.342769,-0.518636,-0.120544,0.209919,0.112172,-0.397887,0.512851,0.709806,-0.229531,-0.003761,-0.222838,-0.508225,-0.121179,0.064621,-0.344096,-0.526279,0.391613,-0.415622,0.182298,0.563861,0.840233,-0.40456,0.162847,0.276676,-0.499313,0.05846,0.762278,0.204073,0.563861,-0.313315,-0.457784,0.711851,0.2271,0.103829,0.260306,0.512874,-0.112342,0.262485,0.260306,0.043724,0.777219,-0.148022,#
13,0.425368,0.282887,-0.365502,-0.003473,-0.154681,-0.323383,-0.203563,-0.155491,0.225352,0.522902,-0.653182,-0.373255,0.665175,1.0,0.574807,-0.499126,-0.596013,0.051914,-0.01585,0.018506,0.465215,0.282449,0.538956,0.505238,0.011336,0.35773,0.816635,0.304343,0.428018,0.834049,-0.020571,0.450619,-0.035737,-0.203291,0.005394,0.012939,-0.084112,0.338947,0.373181,-0.207171,0.0,-0.121321,0.505129,-0.040487,0.404106,-0.604771,0.764142,-0.400015,-0.706693,0.62176,0.0196,-0.399519,0.183794,0.425122,-0.050009,-0.211218,0.016882,0.246312,0.415624,0.413602,0.628435,-0.326816,-0.417642,0.108191,0.346066,0.255261,-0.332837,0.474685,-0.013627,-0.563962,-0.275864,-0.193793,-0.007557,0.211877,-0.417944,-0.301988,0.384438,-0.011436,-0.233098,0.406679,-0.589214,-0.225012,0.0,0.673795,-0.412258,-0.332837,-0.225012,-0.207989,0.464438,-0.499256,-0.396714,-0.220763,-0.00161,0.002358,0.617653,-0.207989,-0.196405,-0.006044,-0.21831,0.205415,0.62176,-0.233098,-0.208245,-0.332837,-0.233098,0.212284,-0.012961,-0.274115,-0.00529,0.090422,-0.349455,0.249859,-0.190687,-0.012961,-0.604322,0.174692,-0.00529,-0.405966,-0.007565,0.06127,-0.012961,-0.040786,-0.189295,0.365789,-0.402743,0.235372,-0.332837,-0.326456,0.318987,0.207162,-0.187025,0.211877,-0.606764,0.266769,-0.816525,0.297536,-0.332837,-0.21996,0.437792,0.189713,0.011347,-0.604322,-0.040786,-0.470556,-0.209708,-0.311467,-0.012961,-0.1941,-0.601558,-0.20017,-0.007933,-0.816525,0.195696,-0.225012,-0.414367,-0.332837,0.46935,0.365505,0.381663,-0.216372,-0.253499,-0.332837,0.003793,-0.209708,0.200756,0.240338,-0.012961,0.465273,-0.198856,-0.332837,0.040756,0.150561,0.006433,-0.816525,0.424668,-0.646839,0.297536,0.230573,0.421178,-0.198209,0.45202,0.237075,-0.206609,-0.215369,0.477086,0.127821,0.230573,-0.503568,-0.241321,0.629444,-0.00284,-0.182114,0.009973,0.306429,0.074301,-0.153035,0.009973,0.197306,0.758514,0.060407,#
14,-0.031759,-0.250432,-0.429475,0.05488,0.459785,-0.367163,-0.293599,-0.193875,-0.418148,0.316524,-0.284467,-0.124713,-0.226483,0.574807,1.0,0.19429,-0.53583,-0.11347,0.128139,0.35872,0.242308,-0.100571,-0.183679,0.294295,0.219738,0.386935,0.180783,0.566061,0.66126,0.491881,-0.151742,0.114577,-0.399474,-0.229274,0.083645,-0.37415,-0.473935,0.097286,0.242308,0.287003,0.0,-0.325493,0.398372,-0.236236,-0.058044,-0.087175,0.397029,-0.357554,-0.560616,-0.012247,0.305836,-0.314265,0.308604,0.097109,0.303417,-0.323111,-0.246497,0.222968,-0.06876,-0.141286,-0.272945,0.09012,-0.279133,0.457559,0.18308,-0.397807,0.113077,-0.157739,-0.438056,-0.426631,-0.382459,-0.289349,0.194621,0.326844,-0.171724,-0.182895,0.376212,-0.104741,-0.273419,0.411525,-0.559669,-0.25367,0.0,0.768216,-0.150741,0.113077,-0.25367,-0.519297,0.241492,0.193846,0.040674,-0.352668,0.375419,-0.388145,0.549421,-0.200928,-0.520954,0.076298,-0.235377,0.468517,-0.012247,-0.761624,-0.514073,-0.662308,-0.273419,0.456703,0.194439,-0.356107,0.357006,0.053151,-0.516836,-0.142638,-0.040496,0.194439,-0.579027,-0.006399,-0.123144,0.317256,-0.363462,0.348271,0.194439,0.352515,-0.047256,0.388146,-0.282415,-0.160851,0.113077,-0.415819,-0.153106,-0.195916,0.456664,0.326844,-0.557145,0.193815,-0.511257,0.145385,0.113077,0.300833,-0.169557,0.474216,0.242308,-0.579027,0.352515,-0.282143,-0.380106,-0.23162,0.194439,-0.447112,-0.586065,-0.036178,-0.415048,-0.511257,-0.212205,0.264646,-0.437645,0.113077,0.035251,-0.152203,0.084139,0.265187,-0.208159,-0.662308,-0.105086,0.138498,-0.322755,-0.434232,0.217966,0.590101,-0.023655,0.113077,0.202913,0.136786,0.338264,-0.511257,0.142588,-0.421594,0.145385,-0.298259,-0.347779,0.177949,0.434313,0.050924,0.257222,-0.38244,-0.223879,-0.058835,-0.298259,-0.339254,0.188323,0.063459,-0.305101,-0.330909,-0.232953,-0.154459,0.177664,-0.468921,-0.232953,0.183,0.134614,0.269654,#
15,-0.40749,-0.272246,-0.138422,-0.124893,0.471496,0.348603,-0.202707,0.165467,-0.499411,-0.249721,0.741628,0.102076,-0.762139,-0.499126,0.19429,1.0,0.484556,0.008237,0.453467,0.072313,-0.249935,-0.326732,-0.432742,-0.249436,0.338296,0.121567,-0.611515,-0.059401,0.090486,-0.40749,-0.407803,-0.190715,-0.249875,-0.326927,0.380345,-0.111578,-0.0902,-0.063211,-0.166623,0.229117,0.0,-0.333455,-0.372198,0.278483,0.122317,0.47916,-0.24584,-0.071394,0.212781,-0.50087,0.206557,0.180601,0.234717,0.121008,0.267782,-0.313648,-0.384662,-0.221738,-0.680796,-0.731535,-0.761706,0.647861,0.169853,0.235994,-0.002483,-0.919881,-0.166623,-0.34402,-0.092429,0.2091,-0.206572,-0.212781,0.33733,0.218474,0.097507,0.144152,-0.407865,0.104701,-0.327075,-0.407359,-0.038952,-0.327069,0.0,-0.259865,0.104847,-0.166623,-0.327069,-0.499474,-0.249808,0.387654,0.378199,-0.22042,0.104847,-0.611332,-0.49918,0.229292,-0.038952,-0.101401,-0.326704,-0.033359,-0.50087,-0.327075,-0.498926,-0.166623,-0.327075,-0.044281,-0.249808,-0.277929,0.097507,-0.050914,0.121185,-0.32695,0.458908,-0.249808,-0.038952,-0.497994,-0.407865,0.581977,-0.249935,0.183485,-0.249808,0.119796,-0.038952,-0.405986,0.136136,-0.326704,-0.166623,-0.188788,-0.722436,-0.325941,0.482351,0.218474,-0.001523,-0.233977,0.368386,-0.166623,0.649491,0.206646,-0.736664,0.004268,-0.249935,-0.038952,0.119796,0.215632,-0.268299,0.062804,-0.249808,-0.290181,-0.044281,-0.001523,-0.611589,0.368386,-0.327069,0.218474,-0.096485,-0.166623,-0.399962,-0.295102,-0.611589,0.730933,0.281513,-0.166623,0.083753,0.277546,-0.761486,-0.52434,0.369249,0.285369,0.004268,-0.166623,-0.029837,-0.251431,0.055302,0.368386,-0.107466,0.277546,-0.166623,-0.240511,-0.626963,0.294844,0.068908,-0.002412,0.738951,-0.262284,-0.996303,0.002275,-0.784745,0.204446,0.410312,-0.524953,-0.430429,-0.257807,0.249126,-0.651338,0.239214,-0.04277,0.249126,-0.22042,-0.59152,0.324061,#
16,0.035468,0.18175,0.393714,-0.425333,0.187605,0.351375,0.067166,0.187867,0.193511,-0.4994,0.634114,-0.012347,-0.218883,-0.596013,-0.53583,0.484556,1.0,0.369318,0.420512,-0.429221,0.01136,-0.251216,-0.030153,-0.49883,0.503877,0.055158,-0.389113,-0.32953,-0.386125,-0.373683,0.010591,0.006891,0.021378,-0.18487,0.371766,0.398587,0.475066,-0.335255,-0.333219,-0.224582,0.0,-0.39043,-0.472165,0.048369,0.244614,0.165897,-0.305359,0.321006,0.324549,-0.24491,-0.020515,-0.04302,-0.196349,0.020931,0.047121,0.21159,-0.49647,-0.222896,-0.38053,-0.347065,-0.162708,0.347062,0.38076,-0.065143,-0.345234,-0.211082,-0.333219,0.056409,0.349902,0.58808,0.281828,0.241556,-0.027236,-0.232893,0.003531,0.365193,-0.410479,0.015384,-0.199707,-0.814649,0.19752,-0.232893,0.0,-0.67418,-0.024004,-0.333219,-0.232893,-0.191701,-0.003244,-0.007573,-0.042132,-0.227644,-0.419896,0.036866,-0.58989,0.204922,0.605905,-0.395779,-0.181681,-0.621616,-0.24491,0.213544,-0.182116,0.323121,-0.199707,-0.632132,-0.499573,0.305167,-0.425486,0.083059,0.794672,-0.235285,0.144849,-0.499573,0.605905,-0.225978,-0.425486,-0.035958,0.503615,0.068357,-0.499573,-0.034396,-0.234888,-0.428662,0.380224,-0.224384,-0.333219,0.241062,-0.284883,-0.2153,0.1876,-0.232893,0.192745,-0.204177,0.383207,-0.333219,0.323121,-0.224336,-0.27991,-0.206125,-0.499828,0.605905,-0.034396,-0.198012,-0.241413,0.303803,-0.499573,0.344709,0.183522,-0.229972,-0.404162,0.383207,0.204496,-0.232893,0.009346,-0.333219,-0.056188,0.148295,-0.389161,0.179352,0.284784,0.348365,0.435702,-0.241413,-0.200415,0.201373,-0.021627,-0.057581,-0.221087,-0.333219,-0.333416,-0.444265,-0.442565,0.383207,-0.390538,0.180011,-0.333219,0.242411,0.025068,-0.262386,0.003423,-0.180447,0.198316,0.201467,-0.464294,-0.119712,-0.195276,0.481219,-0.174664,-0.175952,-0.02034,0.217508,0.529866,-0.298994,-0.07491,0.578571,0.529866,-0.211546,-0.332997,-0.05489,#
17,0.665927,0.18611,0.312255,-0.087727,0.412428,0.234449,-0.504282,-0.527083,0.035444,-0.403353,0.318306,0.587848,0.178632,0.051914,-0.11347,0.008237,0.369318,1.0,-0.177234,-0.196895,0.12111,0.398445,0.020865,-0.402893,0.141164,0.149085,-0.098773,0.181254,0.307812,0.212942,0.2227,0.170557,-0.403602,-0.528057,0.652299,0.663266,-0.077744,-0.131912,-0.269132,-0.176054,0.0,-0.413291,-0.189415,-0.028916,0.25372,-0.061323,-0.238462,0.353243,-0.248364,0.251583,0.457239,-0.026302,-0.520273,0.357054,-0.16484,-0.187062,-0.519542,0.053263,0.237018,-0.219904,0.164496,0.322913,0.335812,-0.512666,-0.01092,0.002504,-0.269132,0.211725,0.125773,0.647849,0.241548,0.300145,-0.403296,0.283446,-0.338806,0.204492,-0.242811,-0.333754,-0.528297,-0.657972,0.064503,-0.061972,0.0,-0.298538,0.104086,-0.269132,-0.061972,0.044511,0.106061,-0.0,0.230401,0.038363,0.104086,0.329144,0.048377,0.77523,0.483769,-0.664043,-0.527697,-0.803535,0.251583,-0.070772,-0.375762,0.457525,-0.528297,-0.375762,-0.403493,-0.158497,-0.338806,0.746227,0.320773,-0.064692,-0.057161,-0.403493,0.048377,0.018413,-0.226812,-0.329144,0.666103,0.149601,-0.403493,0.058829,0.064503,0.146284,0.381425,-0.05277,-0.269132,0.188606,0.469094,-0.04317,0.385218,0.283446,-0.065839,-0.171255,-0.22133,-0.269132,-0.269132,-0.527585,0.036108,0.357502,0.141295,0.048377,0.058829,-0.27844,-0.296818,0.410479,-0.403493,-0.248649,-0.375762,-0.065839,-0.124187,-0.22133,0.387072,-0.182868,-0.22133,-0.269132,0.132141,0.352137,-0.14018,-0.175899,-0.670706,-0.269132,0.254016,-0.417781,-0.314098,0.486725,-0.011528,0.346345,0.373454,-0.269132,-0.205076,0.345366,-0.657972,-0.22133,-0.185593,-0.417781,-0.269132,0.198543,0.351828,-0.403905,0.209347,-0.015908,-0.170509,0.165483,0.021207,-0.780174,0.198543,0.387779,-0.322818,0.068042,-0.023317,0.178466,0.437439,0.293863,-0.390942,0.048358,0.437439,0.021201,0.412344,0.555425,#
18,-0.523119,-0.120256,-0.262458,-0.248128,0.056895,-0.313422,-0.12449,0.00501,-0.018377,-0.086462,0.112411,-0.557675,-0.164256,-0.01585,0.128139,0.453467,0.420512,-0.177234,1.0,-0.195206,0.390799,-0.793492,0.008913,-0.175203,0.453541,0.687773,0.095315,0.239453,-0.235452,-0.073896,-0.169909,0.125384,0.286387,-0.393523,0.179496,0.176407,0.513518,0.136426,-0.404657,0.167528,0.0,-0.469454,0.110642,-0.081396,0.324899,-0.002659,0.246289,-0.363352,0.018946,-0.379535,0.153587,-0.006264,0.141198,0.314083,0.649125,0.168955,-0.464684,-0.053446,-0.278059,-0.360644,-0.087922,0.258837,0.290847,0.699576,-0.206017,-0.286084,-0.404657,0.076357,-0.077539,-0.213908,-0.147186,-0.550112,0.367151,0.082444,0.188026,-0.175356,0.275255,0.204852,0.000205,-0.140824,-0.452291,-0.379997,0.0,-0.033404,-0.166589,-0.404657,-0.379997,-0.473859,0.388226,-0.066519,-0.250435,-0.101057,-0.166589,-0.667163,-0.323344,-0.322973,-0.020514,0.161781,-0.390639,0.037041,-0.379535,0.000205,-0.464754,-0.404657,0.000205,0.008106,-0.136532,-0.232267,0.275255,-0.109638,0.193158,-0.334468,0.434645,-0.136532,-0.020514,-0.424962,-0.153135,0.244454,-0.066519,0.40343,-0.136532,0.252233,-0.434707,-0.16935,0.010895,-0.294737,-0.404657,-0.19378,-0.415191,-0.362171,0.056984,0.082444,-0.05176,-0.128555,0.110711,0.2051,0.288249,-0.340485,-0.309513,0.023578,-0.606986,-0.020514,0.252233,-0.306591,-0.130435,0.197052,-0.136532,0.033576,-0.078746,0.034188,-0.281944,0.110711,0.082444,0.082444,-0.283979,-0.404657,-0.260677,-0.137445,0.146301,0.525753,0.574138,0.177384,-0.111517,0.332263,-0.086468,-0.432733,0.388226,0.508597,-0.403537,-0.404657,-0.221435,-0.650369,0.25199,0.110711,0.12145,0.332263,0.2051,-0.099114,-0.271153,-0.033404,-0.119185,-0.007864,0.538497,-0.164161,-0.471997,0.337038,-0.561185,0.069947,0.0021,-0.020052,0.083085,-0.560739,0.129132,-0.316309,0.354293,-0.044267,0.129132,0.358483,-0.299325,-0.118133,#
19,-0.258693,-0.374671,0.230087,0.656387,0.384147,-0.180067,-0.346461,-0.138604,-0.814744,-0.407397,-0.123106,0.168076,-0.331112,0.018506,0.35872,0.072313,-0.429221,-0.196895,-0.195206,1.0,0.12154,-0.065988,-0.11948,0.091397,0.063426,-0.184739,-0.134296,0.274085,0.202917,-0.258693,0.159622,-0.127161,0.111135,-0.117087,0.291397,-0.549649,-0.112007,-0.014174,-0.271831,-0.123106,0.0,0.557623,-0.110962,-0.096418,-0.377084,0.408739,0.123514,0.342656,0.326418,-0.454329,0.37926,0.492847,0.44197,-0.005418,0.355246,0.207373,0.398842,-0.39592,-0.360241,0.191708,-0.35146,-0.319998,0.387244,0.11654,0.243772,-0.138786,0.381608,-0.044005,-0.331545,0.079467,0.135322,0.13791,0.612575,0.398806,0.167262,-0.508096,0.167262,-0.214484,0.348307,0.179107,0.368491,0.36526,0.0,0.534121,0.179358,0.381608,0.36526,0.418951,0.136592,0.082333,0.666769,0.099223,0.605031,-0.166222,0.0,-0.071866,-0.023031,-0.157172,-0.105914,0.406353,-0.454329,-0.063117,0.015107,-0.271831,0.348307,0.796844,0.612427,-0.254191,0.167262,0.175865,-0.231835,-0.533389,-0.007644,0.612427,-0.054352,0.044989,0.167262,0.567675,-0.407746,0.10108,0.612427,0.203967,0.816208,0.627057,0.511575,-0.532987,0.381608,0.175616,-0.247731,-0.034768,0.382885,0.398806,0.005584,0.148284,0.223139,0.433884,0.381608,0.347777,0.282601,0.433406,0.611619,-0.054352,0.203967,0.461864,0.505053,0.349855,0.612427,-0.486572,0.379129,0.005584,0.254006,0.223139,-0.054069,0.36526,-0.14907,0.381608,-0.267503,-0.251256,0.254006,0.357335,-0.379386,-0.271831,-0.271266,0.505053,-0.342954,-0.400554,0.136592,0.300768,0.433406,0.381608,0.328321,0.307575,0.549547,0.223139,-0.132041,0.051927,0.433884,-0.344462,-0.557448,0.073637,0.158272,-0.4056,0.346645,0.529809,-0.061303,-0.137161,-0.344462,0.393949,-0.00858,-0.389777,0.379081,0.06955,-0.608379,-0.349889,0.592021,-0.448769,-0.608379,0.099223,-0.041999,0.171758,#
20,0.131869,-0.22052,-0.106971,-0.095646,0.015839,-0.610494,-0.392591,-0.326408,-0.007569,-0.249786,-0.327078,-0.407596,0.294163,0.465215,0.242308,-0.249935,0.01136,0.12111,0.390799,0.12154,1.0,-0.326817,0.224924,0.338945,0.39867,0.709531,0.388904,0.521769,0.154036,0.131869,0.621576,0.471233,0.362658,-0.327012,0.421374,-0.101999,0.4647,-0.030416,-0.166667,-0.327078,0.0,-0.29512,0.295595,-0.467575,0.122349,0.019987,0.342431,-0.168272,0.0,-0.084217,0.255184,-0.274867,0.293763,0.287909,0.267356,0.592084,-0.371952,0.317159,0.189589,0.14705,0.353591,-0.197424,0.236168,0.29903,-0.329096,0.39803,-0.166667,0.22958,-0.31791,-0.242429,-0.195303,-0.179735,0.399601,0.239074,0.116563,-0.639452,0.611956,0.124011,0.228395,0.124011,-0.499309,0.239074,0.0,0.358239,0.124184,-0.166667,0.239074,0.017228,0.99949,-0.25,-0.07194,-0.200062,0.124184,-0.101915,0.0,-0.327327,0.0,-0.082245,-0.326789,0.035543,-0.084217,0.228395,0.023212,-0.166667,0.228395,0.023212,0.392657,-0.006632,0.116563,0.492926,0.164989,-0.327035,0.023212,0.392657,0.0,0.492122,0.116563,0.13189,0.375,0.701449,0.392657,0.595044,0.029371,0.624756,0.310345,-0.326789,-0.166667,-0.290861,0.200805,0.26082,0.005949,0.239074,0.017228,-0.255551,-0.077135,0.666667,-0.166667,-0.32672,0.361717,0.517162,-0.25,0.0,0.595044,-0.537615,-0.195142,0.165494,0.392657,-0.121396,0.023212,0.017228,-0.087393,-0.077135,0.773845,0.239074,-0.077135,-0.166667,0.054554,-0.127154,0.407832,0.249897,0.030392,-0.166667,0.125343,-0.195142,0.339925,0.012638,0.392657,0.45393,0.023243,-0.166667,0.038484,0.101846,0.124011,-0.077135,-0.052541,-0.195142,0.666667,-0.194501,-0.077583,-0.185517,0.113022,-0.472866,0.246381,0.341598,0.27811,-0.173435,-0.194501,0.276526,-0.224463,0.02593,0.267136,-0.211184,-0.35369,0.205629,0.466907,0.0,-0.35369,0.331354,0.498251,-0.248549,#
