0,1.0,0.334141,-0.606006,-0.34986,0.82593,0.093855,-0.074704,0.289745,-0.665452,0.396299,-0.534047,0.306496,0.682559,0.361359,0.0,0.38451,-0.241774,0.016518,-0.65988,0.281097,-0.302502,0.34556,0.159376,-0.407886,-0.080611,-0.06817,-0.328755,-0.650734,0.306496,-0.074926,-0.065755,-0.658277,-0.074704,-0.52978,-0.802661,0.111591,-0.253784,0.268627,0.165687,-0.407885,-0.074464,-0.222398,-0.370751,-0.178585,-0.335235,-0.023926,0.331064,0.444592,-0.479315,0.317071,0.258967,-0.260493,-0.074464,-0.237999,0.290663,0.224194,-0.114928,0.101431,0.243876,0.5913,0.590916,0.402696,-0.260311,-0.359367,0.127564,0.438889,-0.271924,0.147184,0.000481,-0.289919,0.068938,-0.310371,-0.400652,0.333401,-0.558131,0.520712,0.254432,-0.5681,-0.380141,0.309784,-0.629708,-0.312051,0.254432,0.344264,0.266751,-0.273342,0.266489,-0.142521,-0.134258,-0.134258,0.163473,-0.142521,-0.216661,0.132604,0.333401,0.297537,0.31518,-0.04686,0.31518,0.424049,0.305508,-0.380141,-0.605506,0.254432,-0.327623,-0.125678,-0.00586,-0.11791,-0.125678,-0.666074,0.172226,0.0,0.437869,-0.174033,-0.103342,0.19442,-0.063138,-0.023745,0.452285,-0.375225,0.254432,-0.000537,0.452285,-0.125678,-0.260311,0.437869,0.369406,-0.305995,0.622735,0.162911,-0.815309,0.19442,-0.391254,-0.223053,-0.606182,-0.114199,0.111591,-0.666074,0.459605,-0.312051,0.206325,-0.49336,-0.063138,0.158053,0.31518,0.581397,0.19442,0.013024,-0.103342,-0.665703,0.298448,-0.492083,-0.241923,0.107107,0.099886,0.266751,0.557434,0.412711,0.420723,-0.534047,-0.099899,-0.533765,-0.271924,-0.09207,0.31518,0.446534,-0.080611,-0.158149,-0.534047,-0.407886,-0.200937,0.09193,0.039783,0.422845,0.153141,-0.391254,-0.080611,-0.316583,0.406285,0.070877,0.330706,-0.54946,-0.238048,-0.373587,0.041301,-0.56911,0.456235,-0.3137,-0.564826,-0.013357,0.298448,-0.221656,0.010839,-0.035278,0.11868,-0.531541,-0.100098,-0.391254,0.528771,0.559871,#
1,0.334141,1.0,0.100571,-0.532567,0.209367,0.442048,0.060039,0.112302,-0.060442,-0.428045,-0.428468,-0.338242,0.542971,0.130907,0.0,-0.428365,0.384943,0.245612,-0.130052,0.111819,-0.497453,0.029133,0.359261,-0.327248,-0.428468,-0.428353,-0.023965,-0.428126,-0.338242,-0.428373,-0.191055,0.330683,0.548443,0.098615,-0.643978,0.225249,0.47227,0.289359,-0.324957,-0.327248,0.060292,0.344706,0.446787,0.55968,0.354871,-0.308226,0.173491,0.141453,0.363988,0.246764,0.089407,-0.540683,0.060292,-0.521261,0.218552,0.089732,-0.313905,-0.541001,0.1684,0.383617,0.450487,0.503966,0.000507,-0.039942,-0.571672,0.462985,-0.218165,0.000913,0.324804,0.188951,0.149432,0.171398,-0.321444,-0.52501,-0.332821,0.426308,0.074647,-0.179253,-0.191578,-0.35415,0.358972,-0.51665,0.074647,0.141931,-0.375824,-0.100633,0.083162,0.109207,-0.35465,-0.35465,-0.106863,0.109207,-0.533625,-0.031247,-0.52501,-0.358823,0.231254,-0.19567,0.231254,0.212205,0.237509,-0.191578,0.10966,0.074647,-0.023259,-0.349975,0.222694,-0.332361,-0.349975,-0.534394,0.283781,0.0,-0.240576,0.091987,0.335036,-0.089773,-0.428242,-0.758209,-0.232448,-0.653592,0.074647,-0.234314,-0.232448,-0.349975,0.000507,-0.240576,0.490164,0.083416,0.031002,0.363484,-0.654125,-0.089773,0.245707,-0.063546,-0.200284,0.035242,0.225249,-0.534394,0.261532,-0.51665,-0.534031,-0.275588,-0.428242,0.221891,0.231254,-0.025745,-0.089773,0.322637,0.335036,-0.534096,0.217906,-0.3514,-0.083282,-0.053702,-0.049315,-0.375824,0.359716,0.315787,0.150171,-0.428468,0.159189,0.072301,-0.218165,0.346507,0.231254,0.653033,0.05379,-0.014026,-0.428468,-0.327248,-0.092379,-0.108182,-0.212205,0.323105,0.767863,0.245707,0.05379,0.315347,0.637269,-0.678564,-0.27518,0.105938,-0.216407,0.207654,-0.212167,-0.203133,0.229141,-0.463325,-0.775033,0.065419,0.217906,0.496425,0.217661,0.045146,0.229948,0.043103,0.103007,0.245707,-0.163719,0.37643,#
2,-0.606006,0.100571,1.0,0.316231,-0.825254,-0.1008,0.083898,-0.265334,0.682443,-0.379184,0.071911,-0.692902,-0.257722,0.054521,0.0,-0.384276,-0.14984,0.376096,0.217814,0.124771,-0.141551,0.077298,0.253741,0.388382,0.089032,0.059933,0.753459,0.619569,-0.298203,0.083449,0.059811,0.643292,0.100571,0.534056,0.487308,-0.082384,0.559918,0.103835,-0.172566,0.388382,0.082995,0.219993,0.356036,0.495121,0.335313,-0.132094,0.197509,-0.257987,0.578655,-0.288894,-0.281967,0.274262,0.082995,0.38147,-0.312544,-0.327125,0.115057,-0.126014,-0.193667,-0.561175,-0.601921,-0.438379,0.282239,0.343794,-0.488873,-0.439764,0.271998,-0.15975,-0.140956,0.299467,0.405919,0.323984,-0.014662,-0.318319,0.567358,-0.517692,0.134453,0.113964,0.025861,-0.688824,0.641762,-0.105979,0.134453,0.05898,0.118715,0.65024,-0.265479,0.159333,0.134453,0.134453,0.23162,0.159333,-0.182317,-0.106152,-0.318319,-0.28931,-0.273054,0.077295,-0.273054,-0.407433,-0.303056,0.025861,0.607536,0.134453,0.345689,-0.265479,0.014563,-0.248349,-0.249487,0.65024,0.280611,0.0,0.04564,0.166779,0.59741,-0.194316,0.055089,-0.44101,-0.44101,-0.015671,0.134453,0.373309,-0.44101,-0.265479,0.282239,0.04564,0.271998,0.294919,-0.549703,-0.170294,0.411313,-0.17854,0.420473,-0.137518,0.618693,0.517072,-0.101999,0.65024,-0.386757,-0.105979,-0.205777,0.109093,0.071873,-0.148169,-0.273054,-0.490688,-0.194316,0.017427,0.59741,0.252096,0.368913,-0.082152,0.23383,-0.105979,0.344159,0.134408,-0.195497,-0.395723,-0.054929,0.517072,0.515354,0.534899,-0.407997,0.113964,-0.247408,-0.411841,0.071911,0.079203,0.517072,0.388382,-0.183665,-0.066946,-0.407433,0.09645,-0.122318,0.420473,0.071911,0.337676,0.038512,-0.533314,-0.315799,0.147948,-0.450257,0.394797,-0.407361,0.620139,-0.417153,-0.273054,0.190669,0.041077,0.368913,0.249767,0.016073,0.062026,-0.112981,0.548357,-0.265988,0.420473,-0.048495,-0.141004,#
3,-0.34986,-0.532567,0.316231,1.0,-0.207122,-0.449268,-0.532567,-0.526008,0.040332,-0.070759,0.435711,-0.117447,-0.566733,-0.182804,0.0,-0.029862,-0.367791,0.17379,0.104833,0.33317,0.502601,-0.05485,-0.409705,0.33278,0.454095,0.454478,-0.060461,0.744561,-0.117447,-0.085469,0.737819,0.185371,-0.532567,-0.086801,0.618507,-0.762445,-0.176531,-0.270494,-0.271178,0.33278,-0.085987,-0.394152,-0.014253,-0.238469,0.004599,0.666528,-0.042789,-0.178162,0.180811,-0.274851,0.373739,0.526576,-0.085987,0.506922,-0.276692,-0.269069,0.188717,0.543776,-0.174104,-0.674925,-0.474477,-0.550826,-0.058802,-0.007012,-0.070664,-0.3189,0.221853,0.169044,-0.338788,-0.211254,-0.178162,-0.206513,0.326878,0.474338,0.334637,-0.46829,0.35612,0.191647,0.191058,-0.078282,0.16121,0.520504,0.39016,0.320285,0.368338,0.543427,0.38567,-0.103484,0.35612,0.35612,0.042945,-0.069782,0.560828,-0.453186,0.474338,-0.103484,-0.274565,-0.357996,-0.274565,0.244972,-0.212496,0.191058,0.306879,0.35612,0.031764,0.351325,0.222129,-0.095422,0.351325,0.509033,-0.340833,0.0,0.200171,0.328654,0.200171,0.120665,0.454563,0.191647,0.191647,0.682457,0.35612,0.682824,0.233336,0.38567,-0.058802,0.200171,0.221853,-0.136167,-0.000716,0.08958,0.631102,0.086787,0.474338,0.094626,0.733605,0.435711,-0.214833,0.509033,0.195329,0.520504,0.101148,0.311507,0.454563,-0.195049,-0.274565,0.013511,0.120665,-0.745941,0.200171,0.543125,-0.260854,-0.377802,0.061909,0.557213,0.01243,0.334637,-0.542502,-0.365161,-0.494272,0.435711,-0.217079,-0.060637,0.221853,-0.404261,-0.274565,-0.673648,-0.042284,0.433752,0.435711,0.290656,-0.37221,0.070086,0.211319,-0.357996,-0.785367,0.474338,-0.042284,0.13916,-0.691867,0.113578,-0.441475,-0.145509,0.173728,-0.230111,-0.220806,0.104196,-0.689757,-0.274565,0.774037,-0.582131,-0.260854,-0.529994,0.222209,-0.578012,0.302036,-0.031743,-0.599157,0.474338,0.141685,0.062808,#
4,0.82593,0.209367,-0.825254,-0.207122,1.0,0.216737,-0.205517,0.035263,-0.815435,0.25484,-0.228363,0.444661,0.433744,0.168673,0.0,0.243222,-0.003186,-0.170102,-0.371777,0.043536,-0.17901,0.220729,0.005172,-0.499817,-0.211321,-0.199128,-0.617181,-0.547344,0.051795,-0.205737,0.03168,-0.540962,-0.205517,-0.649185,-0.697099,0.00781,-0.480862,-0.112226,0.06138,-0.499817,-0.20528,-0.2282,-0.230629,-0.398884,-0.158874,0.216815,-0.044365,0.340778,-0.418942,0.368246,0.41287,-0.168199,-0.20528,-0.269397,0.341787,0.322475,-0.071447,0.226606,0.30023,0.482955,0.710271,0.344819,-0.580491,-0.22127,0.209855,0.558434,-0.333211,0.263475,0.230146,-0.205717,-0.478179,-0.231184,-0.093363,0.350733,-0.793147,0.628761,0.015406,-0.504203,-0.211006,0.425943,-0.542975,-0.213376,0.015406,0.114525,0.027382,-0.417664,0.402081,-0.387017,-0.379026,-0.379026,0.009052,-0.387017,-0.002247,-0.179287,0.350733,0.043002,0.328845,-0.449952,0.328845,0.59363,0.354135,-0.211006,-0.450023,0.015406,-0.629079,0.00412,0.178219,0.004404,0.00412,-0.816198,-0.113063,0.0,0.04136,-0.024418,-0.487505,0.024754,-0.194177,0.027733,0.510796,-0.201853,0.015406,-0.188601,0.510796,0.00412,-0.580491,0.04136,0.317592,-0.215591,0.680291,0.389419,-0.627391,0.024754,-0.357391,-0.01402,-0.523526,-0.228363,0.00781,-0.816198,0.587928,-0.213376,0.036413,-0.334406,-0.194177,0.074904,0.328845,0.625468,0.024754,-0.086318,-0.487505,-0.435266,-0.289989,-0.453374,-0.401722,0.211975,-0.195888,0.027382,0.264178,0.491663,0.018221,-0.654414,-0.31934,-0.654069,0.317592,-0.021141,0.328845,0.613708,-0.211321,0.160702,-0.654414,-0.499817,0.011049,0.046644,0.203688,0.026692,0.040583,-0.357391,-0.211321,-0.088008,0.177498,0.143396,0.22474,-0.404652,0.34716,-0.474129,0.203709,-0.527714,0.243671,-0.309325,-0.43988,-0.148433,-0.289989,-0.29333,0.192985,-0.170635,0.504122,-0.651343,0.030799,-0.357391,0.156035,0.397333,#
5,0.093855,0.442048,-0.1008,-0.449268,0.216737,1.0,0.442048,-0.060132,-0.325909,-0.499486,0.404239,-0.071513,-0.048276,-0.237374,0.0,-0.050736,0.539528,-0.254973,-0.352179,-0.578134,-0.44025,-0.038257,0.12413,-0.227269,-0.5315,-0.537765,0.038101,-0.270856,-0.50294,-0.506589,-0.394614,0.155312,-0.013559,-0.067888,-0.299192,0.351624,-0.122993,0.138398,0.330137,0.308743,-0.050972,0.094896,0.046258,0.014606,0.511411,0.113357,-0.467093,0.354676,0.022205,-0.174756,0.32492,-0.235576,-0.050972,-0.391526,0.472573,-0.276196,0.008078,0.018789,-0.267894,0.32947,0.508115,0.253031,-0.432823,0.070041,-0.33569,0.351725,-0.508854,-0.386779,0.631662,0.575632,-0.335356,0.422681,0.303267,-0.259542,-0.538016,0.054824,-0.551779,-0.347743,-0.659717,-0.100145,0.206643,-0.468419,-0.118631,-0.421686,-0.109177,0.066523,-0.127096,-0.520863,-0.551779,-0.551779,-0.339997,-0.092024,-0.396302,-0.395271,-0.259542,-0.520863,-0.216014,-0.303219,0.484795,0.180355,0.506641,-0.659717,-0.100361,-0.551779,-0.425872,-0.564118,0.200814,0.337358,-0.564118,-0.371129,0.009585,0.0,-0.3368,-0.109961,-0.3368,-0.36637,-0.540212,-0.347743,0.182734,-0.264991,-0.118631,-0.254954,0.182734,-0.127096,-0.432823,-0.3368,0.205829,0.261166,0.510651,0.521652,-0.250201,-0.36637,-0.259542,0.065636,-0.368962,0.404239,-0.205829,-0.371129,0.23915,-0.468419,-0.352882,-0.182559,-0.540212,0.320428,0.484795,0.018338,-0.36637,0.344012,-0.3368,0.059958,-0.203429,0.018215,-0.353623,-0.001319,-0.413501,-0.538016,-0.329649,-0.091702,-0.122929,-0.06363,0.315595,-0.03518,0.205829,0.766882,-0.216014,0.657699,-0.044915,0.402422,-0.06363,-0.227269,0.525053,-0.567106,-0.247862,-0.303219,0.343488,-0.259542,-0.044915,0.417303,0.143445,-0.169144,0.038354,0.373419,0.206713,0.321749,0.223704,0.188382,-0.160553,-0.216014,-0.648637,0.422634,-0.203429,0.219563,0.211927,-0.016714,0.313398,-0.095726,0.381006,-0.259542,-0.159024,-0.325821,#
6,-0.074704,0.060039,0.083898,-0.532567,-0.205517,0.442048,1.0,0.534619,-0.060442,0.066416,0.035242,-0.338242,0.118191,-0.165125,0.0,0.511596,-0.065891,-0.295612,-0.130052,-0.436662,-0.535234,0.066465,0.394274,0.203999,-0.428468,0.028882,0.413208,-0.428126,0.089349,0.059805,-0.858167,-0.257085,0.060039,0.490241,-0.203802,0.777745,-0.312414,0.2831,0.753445,0.203999,-0.428356,0.338314,-0.497901,-0.270453,0.008874,-0.173005,0.196826,0.141453,-0.171592,-0.449837,-0.373375,0.076632,-0.428356,0.205068,0.245322,-0.301001,0.429404,-0.045383,-0.440956,0.383617,0.398014,-0.205999,-0.01724,0.458222,-0.277443,0.308316,-0.218165,0.030594,0.480695,0.161213,0.141453,0.033085,-0.321444,-0.482192,0.092206,-0.006861,-0.371822,-0.200284,-0.191578,0.100768,-0.192333,-0.535168,-0.371822,-0.321047,0.092206,-0.100633,-0.3673,0.092206,-0.371822,-0.371822,-0.063635,0.092206,-0.100488,0.448087,-0.482192,0.092206,0.273746,0.354842,0.273746,-0.653592,0.237509,-0.191578,0.10966,-0.371822,-0.04148,-0.3673,-0.654125,0.559462,-0.800437,-0.100633,-0.156969,0.0,-0.208598,-0.363312,-0.208598,-0.106863,0.026311,-0.200284,-0.200284,-0.229182,-0.371822,-0.234314,-0.200284,-0.3673,-0.01724,-0.208598,-0.218165,0.595214,-0.059118,-0.094106,-0.224312,-0.534113,-0.482192,-0.063546,-0.200284,0.035242,-0.327248,-0.100633,-0.594573,-0.535168,0.350736,-0.040266,-0.428242,0.213831,0.273746,-0.499017,-0.106863,0.76091,-0.208598,-0.094106,0.260249,0.362802,-0.100633,-0.535168,-0.003614,-0.332821,0.004366,-0.059819,0.518511,0.035242,0.43658,0.526853,-0.218165,0.378672,-0.420833,0.25153,0.035242,-0.426542,0.035242,0.203999,0.828134,-0.59047,-0.653592,-0.163933,0.242667,-0.482192,0.035242,-0.122602,0.213255,-0.123453,0.455329,0.117354,-0.166437,0.242667,0.681058,0.437476,0.256723,0.273746,-0.392112,0.599899,0.260249,0.542953,-0.189365,0.560769,-0.293807,0.043103,0.131867,-0.482192,-0.131952,-0.533171,#
7,0.289745,0.112302,-0.265334,-0.526008,0.035263,-0.060132,0.534619,1.0,-0.162838,0.12423,-0.367763,-0.200143,0.221075,-0.032002,0.0,0.534619,-0.139466,-0.046763,-0.257627,0.129106,-0.064434,0.089408,-0.130598,0.381578,0.083267,0.517287,-0.078784,-0.668548,0.599662,0.078045,-0.454732,-0.444648,0.534619,0.514447,-0.381209,0.421325,-0.174764,0.681739,0.400741,-0.115268,-0.344231,0.233142,-0.515195,-0.046822,-0.478307,-0.287472,0.499108,-0.18101,-0.238951,-0.189923,-0.232926,-0.428762,-0.344231,-0.160067,-0.192082,-0.17103,0.108019,-0.084888,-0.254907,0.717547,0.379071,0.252112,0.399302,-0.07471,-0.141469,0.224609,0.254385,0.22378,-0.049372,-0.239079,0.458602,-0.373789,-0.601258,-0.221171,0.17247,-0.029687,0.164189,0.136755,0.033768,0.605455,-0.390087,-0.073961,0.164189,0.290951,0.17247,-0.188232,0.180336,0.585875,0.164189,0.164189,-0.159458,0.585875,0.258114,0.812299,-0.221171,0.585875,0.472299,0.634047,-0.177303,-0.372645,0.444258,0.033768,-0.240957,0.164189,0.365483,0.180336,-0.403494,0.212395,-0.224753,-0.188232,-0.150007,0.0,0.11825,-0.253756,0.11825,0.655694,0.517344,0.136755,-0.35496,0.008406,-0.237309,-0.005913,0.136755,0.180336,0.399302,0.11825,-0.408076,-0.165557,-0.00944,-0.159565,-0.419573,-0.143474,-0.221171,-0.118863,-0.374629,-0.367763,0.401452,-0.188232,-0.295775,-0.073961,0.656049,0.120312,0.092226,0.595968,-0.177303,-0.473078,0.655694,0.412205,0.11825,-0.176025,0.447193,0.332052,0.233668,-0.073961,-0.049501,-0.225034,0.506675,-0.14008,0.625381,0.06592,-0.307249,0.517344,-0.408076,-0.35496,-0.177303,0.052811,0.51695,-0.797842,0.06592,-0.115268,0.289354,-0.249833,-0.372645,0.148865,0.453907,-0.221171,0.51695,-0.520639,0.116847,0.047657,0.40034,-0.207552,-0.358053,-0.070026,0.438527,-0.31339,0.454402,0.472299,-0.155324,0.181174,0.447193,0.319338,-0.38067,0.141179,-0.583616,0.120036,-0.1852,-0.221171,0.258243,-0.180933,#
8,-0.665452,-0.060442,0.682443,0.040332,-0.815435,-0.325909,-0.060442,-0.162838,1.0,-0.125078,-0.084509,-0.201481,-0.173078,0.005368,0.0,-0.533895,0.192268,0.006878,0.527114,-0.163888,0.031239,-0.108141,0.167776,0.086517,0.347025,-0.108372,0.575846,0.429591,-0.218061,0.323578,-0.082188,0.514185,0.359782,0.429098,0.46041,0.127716,0.735897,0.020977,-0.405012,0.107117,0.340619,0.082764,0.533589,0.649843,0.338009,-0.475114,-0.106058,-0.421312,0.255675,0.237481,-0.583864,0.180069,0.340619,0.16829,-0.385419,0.247743,0.04268,-0.374762,0.296489,-0.356425,-0.749181,-0.239504,0.512187,0.078295,0.05997,-0.683267,0.387268,-0.408788,-0.468899,0.120569,0.416229,0.253463,0.191582,-0.452743,0.658643,-0.319332,-0.199461,0.422963,0.413696,-0.598125,0.438425,0.066419,-0.182814,-0.321373,-0.190593,0.158101,-0.594546,0.246628,0.216694,0.216694,0.129514,0.263108,-0.262003,0.078508,-0.452743,-0.207074,-0.39686,0.393914,-0.369927,-0.403189,-0.394432,0.413696,0.270895,-0.199461,0.531042,-0.191464,0.001373,-0.132244,0.228413,0.561764,0.409374,0.0,-0.149274,-0.183634,0.408716,-0.26809,-0.11073,-0.138269,-0.627548,-0.008228,-0.182814,-0.01762,-0.627548,-0.174669,0.512187,-0.149274,-0.271911,0.002006,-0.754098,-0.665673,0.401362,0.146081,0.294379,0.204266,0.422963,-0.084509,0.086517,0.561764,-0.412345,0.066419,-0.273728,0.365496,0.329908,-0.160849,-0.369927,-0.336196,-0.26809,0.224084,0.408716,0.170307,0.25986,0.38946,0.141282,-0.364406,0.516381,0.204941,0.031593,-0.196887,0.085146,0.347025,0.351776,0.37449,-0.271911,-0.066316,0.276456,-0.401596,-0.102489,-0.046044,0.347025,0.086517,-0.2411,0.483342,-0.008228,0.393914,0.103651,0.294379,-0.102489,0.291844,0.064513,-0.27216,-0.124166,0.249655,-0.283559,0.625823,-0.386664,0.436822,-0.016454,0.276456,0.296111,0.323179,0.25986,0.41253,0.02532,0.328966,-0.421653,0.808364,0.242748,0.294379,-0.281882,-0.249576,#
9,0.396299,-0.428045,-0.379184,-0.070759,0.25484,-0.499486,0.066416,0.12423,-0.125078,1.0,-0.428148,0.535264,0.526516,0.255286,0.0,0.560876,-0.533666,-0.223005,-0.066943,0.105649,-0.0585,0.072921,0.336679,-0.327004,0.060091,0.073448,-0.029408,-0.280122,0.535264,0.522393,-0.198315,-0.777836,-0.428045,-0.424727,-0.197862,0.232345,-0.342892,-0.240079,0.289807,-0.327003,0.028617,-0.242207,-0.529878,-0.503493,-0.519909,-0.127667,0.336564,0.377115,-0.655191,0.22026,-0.332124,0.362052,0.028617,0.377721,0.271889,0.436977,0.155134,0.005047,0.279177,0.06988,0.039053,-0.180024,0.040041,-0.063863,0.630508,0.079497,-0.218002,0.208494,-0.20302,-0.588148,0.167094,-0.442266,-0.321204,0.289435,0.086667,0.442611,0.09531,-0.206901,0.222118,0.156447,-0.789986,-0.031319,-0.321926,-0.040297,0.147415,-0.533995,-0.316964,0.086667,0.09531,0.09531,0.357845,-0.326419,-0.050351,0.448479,0.289435,0.5605,0.274659,0.355412,0.274659,-0.179957,-0.437026,0.222118,-0.378871,0.09531,-0.047311,0.104004,-0.653636,0.147211,0.104004,-0.11242,0.019235,0.0,0.367581,-0.375014,-0.215169,-0.057402,0.078828,0.379234,0.379234,-0.179957,0.09531,-0.185615,-0.131755,-0.316964,0.040041,0.367581,-0.218002,0.088963,-0.026277,-0.533697,-0.235899,0.357845,-0.490839,-0.057322,-0.206901,-0.428148,-0.327003,-0.11242,-0.233845,-0.031319,0.405239,-0.268947,0.078828,-0.459777,0.274659,0.466108,-0.057402,0.123783,-0.215169,-0.533697,0.261168,0.030141,-0.11242,-0.481261,0.448479,0.5605,0.362223,0.543635,0.527808,-0.428148,0.153409,-0.427922,-0.218002,-0.206901,0.274659,-0.160419,-0.428148,-0.426223,-0.428148,0.189318,-0.028777,0.381804,0.232529,0.355412,-0.281397,-0.490839,-0.428148,-0.578054,0.191451,0.453084,0.465158,-0.367061,-0.164999,-0.281397,0.268498,-0.137472,0.655135,0.274659,0.029684,0.135644,0.261168,-0.153637,-0.182899,0.538079,-0.29263,-0.426139,0.110577,-0.490839,0.202857,0.31482,#
10,-0.534047,-0.428468,0.071911,0.435711,-0.228363,0.404239,0.035242,-0.367763,-0.084509,-0.428148,1.0,0.077281,-0.800886,-0.645178,0.0,0.035242,0.339007,-0.286222,-0.041312,-0.427179,0.408901,-0.428466,-0.534043,0.218218,0.047619,0.041085,-0.130505,0.431517,-0.361818,-0.428476,0.24375,0.265907,-0.428468,-0.022981,0.580096,-0.327327,-0.337313,-0.151512,0.15906,0.763763,0.03474,-0.26959,-0.065795,-0.29616,0.336498,0.652643,-0.675128,0.084862,0.057383,-0.526497,0.516716,0.189834,0.03474,0.005729,0.162195,-0.524891,0.132111,0.41221,-0.542468,-0.306697,-0.132892,-0.207505,-0.143196,-0.052973,-0.092,-0.126541,-0.218218,-0.345829,0.188739,0.2763,-0.412604,0.144877,0.750217,0.16066,0.071889,-0.535573,-0.360461,0.282659,-0.248198,0.054381,0.294599,0.399902,0.08039,-0.30925,0.071889,0.356348,0.062795,-0.364577,0.08039,0.08039,-0.534242,0.071889,0.329671,-0.534801,0.16066,-0.364577,-0.566423,-0.241299,0.14685,0.192279,0.179759,-0.248198,0.062795,-0.360461,-0.063289,0.062795,0.202516,0.482013,0.062795,0.356348,-0.479269,0.0,-0.233663,0.071402,-0.233663,-0.095493,0.038441,0.282659,0.282659,0.628112,0.08039,0.207956,0.282659,0.507589,-0.143196,-0.233663,-0.218218,0.06539,0.314653,0.342861,0.643897,-0.095493,0.16066,0.317005,0.282659,0.523809,-0.327327,0.356348,0.181001,0.399902,-0.101745,0.362483,0.038441,0.156678,0.14685,-0.116643,-0.095493,-0.320241,-0.233663,0.794693,-0.535177,0.239867,-0.089087,0.399902,-0.534801,-0.364577,-0.94617,-0.547619,-0.581934,0.523809,-0.074403,0.038441,0.509175,0.282659,-0.566423,-0.256315,0.047619,0.571885,0.523809,0.218218,0.322768,-0.449961,0.192279,-0.774036,-0.352639,0.16066,0.047619,0.291607,-0.759669,0.357072,-0.318228,0.533396,0.473671,0.200521,0.190643,0.224906,-0.653633,0.14685,0.404462,-0.034149,-0.535177,-0.248093,0.19558,-0.440252,0.172573,0.006182,0.062692,0.16066,-0.156833,-0.5333,#
11,0.306496,-0.338242,-0.692902,-0.117447,0.444661,-0.071513,-0.338242,-0.200143,-0.201481,0.535264,0.077281,1.0,0.179172,-0.049476,0.0,0.124241,0.233788,-0.383895,-0.107219,-0.206971,0.345835,-0.332155,-0.184107,-0.611711,0.094845,-0.331654,-0.503366,-0.1988,0.190205,0.088239,0.142429,-0.439996,-0.338242,-0.794518,-0.074888,-0.088537,-0.192153,-0.337337,-0.03265,-0.108659,0.516246,-0.447032,-0.09532,-0.270736,-0.182396,0.03556,-0.456559,0.462602,-0.596374,0.40992,0.189031,-0.066412,0.516246,-0.324557,0.432562,0.461419,-0.29454,-0.061372,0.341358,0.105581,0.020681,0.362413,-0.028329,-0.556998,0.818695,-0.016256,-0.407807,-0.315865,-0.159193,-0.26497,-0.192554,-0.145222,0.387398,0.421358,-0.264967,0.368571,-0.23683,0.070988,-0.029145,0.202874,-0.463228,0.34472,-0.220569,-0.315415,-0.208148,-0.58818,-0.232,-0.248868,0.169683,0.169683,-0.164495,-0.232769,-0.159814,-0.068839,0.421358,0.194322,-0.263087,0.113506,0.394629,0.418906,-0.213432,-0.029145,-0.716458,-0.23683,-0.097638,0.161743,-0.009385,0.170411,0.571892,-0.193869,0.026569,0.0,0.132073,-0.27819,-0.41299,-0.132129,-0.326518,0.619217,0.619217,0.000946,0.169683,-0.387445,0.141274,0.178149,-0.028329,0.132073,-0.407807,-0.318216,0.357047,-0.172929,-0.041945,0.660837,-0.308455,0.232139,-0.446783,-0.361818,-0.088537,-0.193869,0.354151,0.34472,-0.120089,-0.149546,0.10391,-0.252748,0.394629,0.782297,-0.132129,-0.183457,-0.41299,-0.189595,-0.247054,0.252824,-0.17744,-0.076123,-0.085948,0.178223,-0.020382,0.391238,-0.045613,-0.361818,-0.155053,-0.800495,0.262928,0.070988,0.394629,0.02826,-0.344254,0.123437,-0.361818,-0.128781,-0.150108,0.426931,0.804717,0.113506,-0.062229,-0.308455,-0.344254,-0.27965,-0.084167,0.75782,0.137722,0.155446,0.279173,-0.082632,0.017077,-0.456773,0.419896,0.394629,0.028593,0.090001,-0.247054,-0.37552,0.00103,0.091907,-0.119083,-0.398124,0.588394,-0.308455,0.049748,0.23525,#
12,0.682559,0.542971,-0.257722,-0.566733,0.433744,-0.048276,0.118191,0.221075,-0.173078,0.526516,-0.800886,0.179172,1.0,0.360351,0.0,0.118191,-0.133754,0.023836,-0.184542,0.203355,-0.522311,0.095163,0.650792,-0.611687,-0.347225,-0.334706,-0.049869,-0.663021,0.179172,0.082426,-0.363996,-0.411675,0.118191,-0.30188,-0.789639,0.427781,0.125658,0.049124,-0.036405,-0.611687,0.083307,0.099212,-0.072058,0.058657,-0.149261,-0.408574,0.475931,0.483472,-0.266385,0.436792,-0.224496,-0.17221,0.083307,-0.139381,0.458225,0.490441,-0.151141,-0.50423,0.417819,0.425802,0.46006,0.306807,0.037684,-0.096913,0.048082,0.509397,-0.407791,0.194587,0.116901,-0.368748,0.29583,-0.249709,-0.600838,-0.22494,-0.232556,0.812293,0.15878,-0.360871,0.02617,-0.187782,-0.396352,-0.515114,-0.228906,0.096071,-0.216563,-0.590841,-0.216285,0.18326,-0.24506,-0.24506,0.231976,-0.20057,-0.548766,0.387323,-0.22494,0.18326,0.472748,0.146174,0.472748,0.032409,-0.18265,0.02617,-0.248881,0.15878,-0.06584,-0.232583,-0.397856,-0.175867,-0.232583,-0.607163,0.284826,0.0,0.115238,-0.261922,0.115238,-0.137786,-0.329602,-0.360871,0.133712,-0.782047,0.15878,-0.392889,-0.341088,-0.623737,0.037684,0.115238,0.258534,0.161132,0.004748,-0.15397,-0.834528,0.248052,-0.22494,-0.11304,-0.380655,-0.364674,-0.091953,-0.607163,0.02874,-0.515114,-0.125824,-0.509145,-0.329602,-0.218481,0.472748,0.408879,-0.137786,0.418521,0.115238,-0.998324,0.447656,-0.302556,-0.182802,-0.497694,0.370326,0.167267,0.674955,0.802195,0.631697,-0.800886,0.292294,-0.329602,-0.407791,0.133712,0.472748,0.46525,-0.347225,-0.409231,-0.800886,-0.131932,-0.11364,0.252997,0.01644,0.634186,0.460862,-0.22494,-0.347225,-0.240468,0.777372,-0.217329,0.173353,-0.241409,-0.356887,-0.066127,0.049897,-0.318823,0.82429,-0.180643,-0.701492,0.187578,0.447656,0.324231,0.034808,0.54244,-0.055593,-0.355412,0.199645,-0.22494,0.03448,0.646632,#
13,0.361359,0.130907,0.054521,-0.182804,0.168673,-0.237374,-0.165125,-0.032002,0.005368,0.255286,-0.645178,-0.049476,0.360351,1.0,0.0,-0.165125,-0.497503,0.608813,0.028605,0.410555,-0.288251,0.740247,0.462218,0.029232,-0.189544,-0.195733,0.372474,0.128472,0.370668,0.721564,0.006874,-0.028297,0.130907,-0.163597,-0.104667,0.050111,0.303387,-0.179765,0.107109,-0.492763,0.130597,0.428874,0.165362,0.22833,-0.443482,-0.635934,0.448176,-0.159709,0.201547,0.306204,-0.471271,-0.107222,0.130597,0.05613,-0.353105,0.231027,-0.329226,-0.117136,0.345195,-0.200854,-0.206793,0.147677,-0.249615,0.307885,0.318016,-0.22696,0.367484,0.239145,-0.009748,0.344719,0.112446,0.474686,-0.484024,0.347579,-0.387359,0.173247,0.345992,-0.580542,-0.176222,-0.016254,-0.050004,-0.283848,-0.058956,0.258334,0.089224,0.047735,-0.047666,-0.086669,-0.075828,-0.075828,0.900664,-0.487589,-0.377927,0.174818,0.347579,0.373209,0.325986,-0.03982,-0.356497,-0.266892,-0.336572,-0.176222,0.054476,0.345992,-0.304153,-0.06469,0.163764,-0.744994,-0.06469,0.030687,0.758258,0.0,0.487759,0.376722,-0.077829,-0.082184,-0.198201,-0.011669,-0.011669,-0.567146,-0.075828,-0.15996,0.008995,-0.47326,-0.249615,0.487759,0.367484,0.004849,-0.200478,-0.060628,-0.157205,-0.098976,-0.409716,-0.803134,-0.435892,-0.189544,0.405068,0.030687,-0.265224,-0.283848,0.065226,-0.715252,-0.198201,-0.458455,-0.356497,0.237351,-0.082184,-0.051456,-0.077829,-0.371903,0.305964,-0.198548,0.337556,-0.265653,0.299092,0.490144,0.705505,0.252421,0.033406,-0.189544,0.171062,-0.198201,-0.328509,-0.011669,0.325986,0.183753,0.138513,-0.236945,-0.189544,0.008352,-0.349117,0.256541,-0.283573,0.46992,-0.115383,-0.409716,0.138513,-0.301226,0.683318,-0.139324,0.482314,-0.514633,-0.352004,-0.496465,-0.523266,0.126966,0.152185,-0.356497,-0.241447,-0.133788,0.305964,-0.327765,-0.553925,0.256531,0.034126,-0.139361,-0.04668,-0.409716,0.367354,0.371317,#
14,0.0,0.0,0.0,0.0,0.0,0.0,0.0,0.0,0.0,0.0,0.0,0.0,0.0,0.0,0.0,0.0,0.0,0.0,0.0,0.0,0.0,0.0,0.0,0.0,0.0,0.0,0.0,0.0,0.0,0.0,0.0,0.0,0.0,0.0,0.0,0.0,0.0,0.0,0.0,0.0,0.0,0.0,0.0,0.0,0.0,0.0,0.0,0.0,0.0,0.0,0.0,0.0,0.0,0.0,0.0,0.0,0.0,0.0,0.0,0.0,0.0,0.0,0.0,0.0,0.0,0.0,0.0,0.0,0.0,0.0,0.0,0.0,0.0,0.0,0.0,0.0,0.0,0.0,0.0,0.0,0.0,0.0,0.0,0.0,0.0,0.0,0.0,0.0,0.0,0.0,0.0,0.0,0.0,0.0,0.0,0.0,0.0,0.0,0.0,0.0,0.0,0.0,0.0,0.0,0.0,0.0,0.0,0.0,0.0,0.0,0.0,0.0,0.0,0.0,0.0,0.0,0.0,0.0,0.0,0.0,0.0,0.0,0.0,0.0,0.0,0.0,0.0,0.0,0.0,0.0,0.0,0.0,0.0,0.0,0.0,0.0,0.0,0.0,0.0,0.0,0.0,0.0,0.0,0.0,0.0,0.0,0.0,0.0,0.0,0.0,0.0,0.0,0.0,0.0,0.0,0.0,0.0,0.0,0.0,0.0,0.0,0.0,0.0,0.0,0.0,0.0,0.0,0.0,0.0,0.0,0.0,0.0,0.0,0.0,0.0,0.0,0.0,0.0,0.0,0.0,0.0,0.0,0.0,0.0,0.0,0.0,0.0,0.0,0.0,0.0,0.0,0.0,0.0,0.0,0.0,0.0,0.0,0.0,0.0,0.0,#
15,0.38451,-0.428365,-0.384276,-0.029862,0.243222,-0.050736,0.511596,0.534619,-0.533895,0.560876,0.035242,0.124241,0.118191,-0.165125,0.0,1.0,-0.534065,-0.295612,-0.529424,0.026226,-0.034448,0.066465,-0.06982,0.203999,0.05379,0.52422,-0.096585,-0.428126,0.551832,0.059805,-0.295161,-0.848221,-0.428365,-0.033419,-0.203802,0.225249,-0.786874,0.2831,0.753445,0.203999,-0.428356,-0.255219,-0.997653,-0.760541,-0.520298,0.329244,0.360175,0.348902,-0.640975,-0.449837,0.089407,0.222279,-0.428356,0.350111,0.245322,-0.301001,0.429404,0.450235,-0.440956,0.383617,0.398014,-0.234398,-0.01724,-0.039942,0.090343,0.308316,-0.218165,0.238361,0.043136,-0.444584,0.141453,-0.571067,-0.321444,0.288525,0.092206,-0.024881,0.10091,-0.200284,-0.191578,0.572833,-0.776069,-0.02538,0.10091,0.169165,0.560235,-0.100633,0.10966,0.092206,0.10091,0.10091,-0.063635,0.092206,0.376473,0.448087,0.288525,0.560235,0.273746,0.354842,0.273746,-0.186241,0.237509,-0.191578,-0.3673,0.10091,-0.04148,0.10966,-0.654125,0.559462,-0.323477,-0.100633,-0.444174,0.0,0.367014,-0.363312,-0.208598,0.363615,0.526853,0.378672,0.378672,0.238169,0.10091,0.227992,0.378672,0.10966,-0.01724,0.367014,-0.218165,0.077844,0.409504,-0.094106,-0.224312,-0.063635,-0.482192,-0.063546,-0.200284,0.035242,-0.327248,-0.100633,-0.158127,-0.02538,0.814421,-0.040266,0.072301,0.213831,0.273746,-0.006815,0.363615,0.118109,-0.208598,-0.094106,0.260249,0.033414,-0.100633,-0.02538,-0.003614,0.135209,0.004366,-0.059819,0.518511,0.035242,-0.047819,0.026311,-0.218165,-0.200284,-0.420833,-0.16715,0.035242,-0.426542,0.035242,0.203999,0.401768,-0.370479,-0.186241,-0.163933,-0.282528,-0.482192,0.035242,-0.579288,-0.2289,0.452581,0.455329,-0.327861,-0.166437,-0.282528,0.681058,-0.131955,0.256723,0.273746,0.034572,0.128299,0.260249,-0.154976,-0.189365,0.105808,-0.293807,-0.426458,-0.301029,-0.482192,0.439842,-0.124008,#
16,-0.241774,0.384943,-0.14984,-0.367791,-0.003186,0.539528,-0.065891,-0.139466,0.192268,-0.533666,0.339007,0.233788,-0.133754,-0.497503,0.0,-0.534065,1.0,-0.389194,0.179194,-0.565325,0.072485,-0.534061,-0.220788,-0.407997,-0.106154,-0.53405,-0.313047,-0.184692,-0.571398,-0.534074,-0.095944,0.433266,0.384943,-0.027956,-0.097245,0.121614,0.316007,0.026578,-0.405141,0.082384,0.333367,-0.044673,0.551468,0.409655,0.641618,-0.045505,-0.746791,0.026514,0.086338,0.289923,0.23394,-0.413876,0.333367,-0.679108,0.26411,0.197114,-0.241729,-0.382914,0.17101,0.267112,0.147011,0.46661,0.087528,-0.325427,-0.069118,0.073425,-0.271998,-0.538893,0.151585,0.250512,-0.23968,0.228587,0.578585,-0.484319,-0.157487,0.121042,-0.586671,0.39305,0.006921,-0.198509,0.408269,0.04565,-0.190398,-0.52792,-0.606129,-0.265862,-0.190784,-0.141793,-0.190398,-0.190398,-0.665907,0.250538,-0.273946,-0.334348,-0.484319,-0.590436,-0.404301,-0.104337,0.236848,0.367796,0.278434,0.006921,-0.149391,-0.586671,0.093595,-0.190784,0.382187,0.226224,0.209034,-0.265862,-0.038951,0.0,-0.645093,-0.182943,-0.093324,-0.255747,-0.533911,-0.161924,-0.161924,-0.039637,-0.190398,-0.428019,-0.161924,0.209034,0.087528,-0.645093,-0.271998,-0.142096,0.08718,0.154048,-0.030433,0.138638,0.254473,0.564712,-0.11168,-0.106154,0.101999,-0.265862,0.371263,0.04565,-0.665803,0.327278,-0.114325,0.316109,0.236848,0.018874,-0.255747,0.21701,-0.093324,0.137802,-0.404993,0.351119,-0.249846,0.04565,-0.351026,-0.606129,-0.288091,0.010487,-0.25893,-0.106154,-0.083504,-0.054102,0.407997,0.39305,0.236848,0.392022,-0.089032,0.383177,-0.106154,-0.407997,0.147336,0.051325,0.367796,-0.104337,0.614571,0.254473,-0.089032,0.522728,-0.059442,-0.066579,-0.355465,0.673985,0.40768,0.594682,-0.009792,-0.155161,0.015668,0.236848,-0.245204,0.299368,-0.404993,0.404385,0.39179,-0.083562,0.081957,0.307409,0.655338,0.254473,-0.546981,-0.236685,#
17,0.016518,0.245612,0.376096,0.17379,-0.170102,-0.254973,-0.295612,-0.046763,0.006878,-0.223005,-0.286222,-0.383895,0.023836,0.608813,0.0,-0.295612,-0.389194,1.0,0.032151,0.805284,0.199185,0.2396,0.007384,0.437211,-0.199488,0.153585,0.148735,0.395252,0.367899,0.245836,0.482913,0.435893,0.245612,0.133945,0.242193,-0.49683,0.420513,-0.045994,-0.123023,-0.079493,0.263649,0.582836,0.285619,0.348689,-0.453395,-0.282911,0.549371,-0.170025,0.744489,-0.260589,-0.031372,-0.404441,0.263649,-0.153385,-0.363021,-0.385603,-0.63366,-0.265696,-0.245517,-0.46552,-0.311351,0.284996,0.165976,0.171608,-0.219605,-0.087425,0.357718,0.365126,0.094019,0.322187,0.301141,0.369949,-0.488019,0.308029,-0.055181,-0.183757,0.791162,-0.03413,-0.176215,-0.043865,0.495759,0.19916,0.373618,0.714621,-0.055181,0.373208,0.388874,0.35821,0.373618,0.373618,0.435768,-0.055181,-0.048609,0.157047,0.308029,0.35821,0.28658,-0.062215,-0.388985,-0.166705,-0.375747,-0.176215,0.388874,0.791162,0.170908,0.388874,0.261043,-0.880746,0.048609,0.373208,0.367257,0.0,0.460104,0.830894,0.460104,0.355854,0.149037,-0.03413,-0.03413,-0.246088,0.373618,0.153357,-0.03413,-0.032406,0.165976,0.460104,0.357718,0.015632,-0.276443,0.390669,0.180649,0.020214,0.308029,-0.809763,-0.03413,0.164794,0.536577,0.373208,-0.167978,0.19916,-0.070421,-0.544323,-0.208051,-0.288067,-0.388985,-0.123931,0.355854,-0.486076,0.460104,-0.037276,0.26654,-0.228815,0.795094,0.19916,-0.1978,0.024317,0.291975,-0.082397,-0.331231,0.164794,-0.122934,0.149037,-0.33122,-0.03413,-0.259068,-0.18122,0.61581,-0.246355,0.164794,0.437211,-0.487184,-0.174652,-0.166705,0.034818,-0.011335,0.308029,0.61581,-0.345512,0.308012,-0.158277,-0.241896,-0.061922,-0.404414,-0.535251,-0.658762,-0.08449,-0.19247,-0.388985,0.055252,-0.664398,0.26654,-0.376566,-0.594396,-0.242746,-0.011787,-0.149758,-0.409004,0.308029,0.333648,0.491566,#
18,-0.65988,-0.130052,0.217814,0.104833,-0.371777,-0.352179,-0.130052,-0.257627,0.527114,-0.066943,-0.041312,-0.107219,-0.184542,0.028605,0.0,-0.529424,0.179194,0.032151,1.0,-0.136845,0.115499,-0.140359,0.153327,0.047329,-0.135205,-0.140569,0.067639,0.352115,-0.193798,0.349201,-0.022597,0.480308,0.25396,0.315222,0.389485,0.047329,0.268254,-0.617217,-0.401621,-0.404452,-0.034706,0.440039,0.547175,0.139384,0.153962,-0.298672,-0.139387,-0.549056,0.439347,0.227708,-0.53977,0.180119,-0.034706,0.172369,-0.30658,0.389829,-0.016208,-0.362814,0.317208,-0.446151,-0.329079,-0.233545,0.039529,0.515234,0.142829,-0.162092,0.33274,0.302339,0.095412,0.089413,-0.307878,0.242865,0.058345,-0.387803,0.201886,0.146087,-0.17303,0.38224,0.783607,-0.199337,0.397266,0.10631,-0.625036,-0.320256,-0.628335,-0.291589,-0.191705,0.201886,-0.17303,-0.17303,0.153071,-0.245624,0.138053,0.032495,-0.387803,-0.180826,0.225022,-0.160157,-0.36566,-0.387212,-0.485634,0.783607,0.654358,-0.17303,0.042971,0.264343,-0.016996,-0.185632,0.264343,0.165117,-0.059495,0.0,-0.620355,0.276984,-0.149672,-0.296779,-0.142713,-0.091176,-0.538292,-0.026286,-0.538112,-0.451437,-0.644748,-0.191705,0.039529,-0.620355,-0.269634,0.348599,-0.813106,-0.224086,0.435553,-0.21027,0.242419,0.147776,0.38224,-0.529551,0.04733,0.165117,-0.469729,0.10631,-0.301923,0.273182,-0.142713,-0.465839,-0.36566,-0.328115,-0.296779,0.129927,-0.149672,0.150089,-0.47716,0.338603,0.165117,-0.381127,0.032495,-0.180826,-0.017885,0.246232,-0.341356,-0.135205,-0.086345,0.266585,0.476163,-0.064875,0.225022,-0.038474,-0.135205,-0.030785,-0.135205,0.154896,0.127282,0.287577,0.059649,-0.160157,0.022359,0.242419,-0.135205,0.218845,0.039254,-0.206355,-0.147244,0.246864,0.47048,0.022359,-0.027924,0.350884,-0.027924,0.225022,0.336941,-0.129523,-0.47716,0.302201,-0.028647,0.313446,0.129585,0.292056,0.240034,0.242419,-0.780505,-0.189487,#
19,0.281097,0.111819,0.124771,0.33317,0.043536,-0.578134,-0.436662,0.129106,-0.163888,0.105649,-0.427179,-0.206971,0.203355,0.410555,0.0,0.026226,-0.565325,0.805284,-0.136845,1.0,0.35702,0.105728,-0.163382,0.338347,0.117782,0.488022,-0.171377,0.153634,0.554904,0.112043,0.608421,0.028811,0.111819,-0.000283,0.039354,-0.608219,0.174334,0.103222,-0.228666,-0.185285,0.130101,0.196884,-0.029822,0.109975,-0.625981,-0.014427,0.731457,-0.05153,0.377399,-0.176196,0.150397,-0.293913,0.130101,-0.034472,-0.280813,-0.250827,-0.458995,-0.119308,-0.1594,-0.242799,-0.160014,0.213456,0.330634,-0.145692,-0.166778,0.066367,0.292697,0.521925,-0.208105,-0.277715,0.425954,-0.233125,-0.597432,0.417668,0.131367,-0.04447,0.99343,0.096493,0.049927,0.146935,0.084404,0.365566,0.570287,0.943598,0.131367,0.207194,0.589973,0.550302,0.570287,0.570287,0.270683,0.131367,0.23201,0.311054,0.417668,0.550302,0.391102,0.060273,-0.29352,0.064831,-0.295885,0.049927,0.137931,0.99343,0.329028,0.589973,0.055209,-0.705526,0.245146,0.207194,0.064595,0.0,0.593566,0.585666,0.593566,0.635596,0.488381,0.096493,0.096493,-0.015616,0.570287,0.384226,0.096493,0.163044,0.330634,0.593566,0.292697,-0.23129,-0.120261,0.224986,-0.026263,0.295455,0.417668,-0.546034,0.096493,0.029885,0.439045,0.207194,0.053138,0.365566,0.197194,-0.332559,0.126505,-0.14722,-0.29352,0.023683,0.635596,-0.595053,0.593566,-0.208698,0.366429,-0.415289,0.634738,0.365566,-0.048552,0.211932,0.368443,0.036477,-0.056396,0.029885,-0.369432,0.013988,-0.405479,-0.452216,-0.161862,-0.371472,0.486948,-0.386161,0.029885,0.338347,-0.641883,0.016611,0.064831,0.158608,-0.091128,0.417668,0.486948,-0.526161,0.097027,-0.005716,-0.306229,-0.304673,-0.447724,-0.622069,-0.458469,-0.4634,0.014076,-0.29352,0.212358,-0.783557,0.366429,-0.416894,-0.387825,-0.358111,-0.094766,-0.288242,-0.649716,0.417668,0.488655,0.715318,#
20,-0.302502,-0.497453,-0.141551,0.502601,-0.17901,-0.44025,-0.535234,-0.064434,0.031239,-0.0585,0.408901,0.345835,-0.522311,-0.288251,0.0,-0.034448,0.072485,0.199185,0.115499,0.35702,1.0,-0.529139,-0.838739,0.326829,0.42792,0.44734,-0.521228,0.377832,0.363372,-0.07273,0.738678,0.142033,-0.034448,-0.091784,0.606295,-0.762601,-0.017963,-0.099938,-0.273904,0.305041,0.409308,-0.175552,0.029198,-0.061461,-0.37689,0.305424,-0.181754,-0.142001,0.129577,-0.242277,0.380455,-0.248132,0.409308,-0.2574,-0.21465,-0.262046,-0.430911,0.040219,-0.281217,-0.333448,-0.427881,0.234068,0.470528,-0.47528,0.274614,-0.276224,0.217886,-0.011705,-0.343755,-0.213309,0.062527,-0.202518,0.295977,0.474492,0.321981,-0.405422,0.378556,0.733797,0.198256,0.369748,0.163702,0.997955,0.378556,0.336705,-0.096389,0.071161,0.391869,0.356845,0.801129,0.801129,-0.386028,0.356845,0.551752,0.035963,0.474492,0.356845,-0.242144,0.179604,-0.270632,0.236016,-0.205696,0.198256,-0.132713,0.378556,0.503893,0.818223,0.212578,-0.121856,0.800458,0.498129,-0.333563,0.0,0.203041,0.351188,0.203041,0.569507,0.447434,0.733797,0.194707,0.65378,0.360948,0.223846,0.216271,0.818223,0.470528,0.203041,-0.508401,-0.473357,-0.014785,0.100314,0.618031,0.534461,0.474492,0.07051,0.173143,-0.066565,0.348618,0.498129,0.184169,0.997955,0.094479,0.282575,0.428791,0.021843,-0.270632,0.019411,0.569507,-0.746094,0.203041,0.515367,-0.257162,0.317443,0.53371,0.542258,-0.464243,-0.113821,-0.333649,-0.335204,-0.493892,0.408901,-0.678159,-0.065799,0.217886,-0.398927,-0.270632,-0.661003,0.446938,-0.017523,0.408901,0.305041,-0.377204,0.068786,0.65378,-0.352324,-0.211262,0.474492,0.446938,-0.369208,-0.663191,0.654372,-0.443148,0.328915,0.169474,-0.255447,-0.227336,-0.477199,-0.226248,0.441557,0.759458,-0.600725,-0.257162,-0.530296,-0.251077,-0.563981,-0.278568,-0.054319,-0.135438,0.474492,0.13655,0.091437,#
21,0.34556,0.029133,0.077298,-0.05485,0.220729,-0.038257,0.066465,0.089408,-0.108141,0.072921,-0.428466,-0.332155,0.095163,0.740247,0.0,0.066465,-0.534061,0.2396,-0.140359,0.105728,-0.529139,1.0,0.371011,0.210987,0.041343,0.034898,0.485595,0.067626,0.10106,0.524189,-0.198462,-0.181209,0.029133,0.066205,-0.198009,0.232517,-0.028842,0.099473,0.290022,-0.327246,-0.428354,0.150797,-0.096072,0.041556,-0.169747,-0.303903,0.334995,-0.373238,-0.024213,0.218165,-0.367743,0.220434,-0.428354,0.378001,-0.514455,0.120833,0.282695,0.431421,0.279384,0.043034,-0.016236,-0.262047,-0.537879,0.439311,0.065352,-0.253651,0.499481,0.206335,-0.078433,0.333186,-0.092617,0.315241,-0.321442,0.246269,-0.370229,-0.066146,0.068772,-0.772317,-0.22848,0.112619,-0.232016,-0.529073,0.068772,0.135838,0.534572,0.344541,0.077235,-0.370229,-0.366171,-0.366171,0.808295,-0.370229,-0.094788,-0.036827,0.246269,0.103956,0.231811,-0.202077,-0.471902,-0.223596,0.208991,-0.22848,0.077235,0.068772,-0.537099,-0.361599,0.216811,-0.326209,-0.361599,-0.094925,0.513919,0.0,0.335454,0.085996,-0.247728,-0.101241,0.032291,-0.185747,-0.185747,-0.223596,-0.366171,0.196562,0.346928,-0.361599,-0.537879,0.335454,0.499481,-0.052095,0.043095,-0.088316,-0.218655,-0.53411,-0.534584,-0.533364,-0.239641,0.041343,0.210987,-0.094925,-0.169391,-0.529073,0.362376,-0.31471,0.032291,-0.022633,-0.471902,-0.013042,-0.101241,0.123875,-0.247728,-0.088316,0.218462,-0.359712,-0.094925,-0.060037,0.420815,0.534572,0.515759,-0.094901,0.155014,0.041343,0.17135,0.032291,-0.218164,-0.185747,0.231811,0.246245,0.041343,-0.008598,0.041343,-0.327246,-0.057596,0.106543,-0.653588,0.323521,-0.317079,-0.534584,0.041343,0.043184,0.37997,-0.358397,0.673138,-0.813776,-0.215748,-0.317079,-0.178415,0.367232,-0.178415,-0.471902,-0.193092,0.103891,0.218462,-0.200891,-0.200677,0.082261,0.237796,0.091976,-0.323432,-0.534584,0.40849,-0.081421,#
