0,1.0,-0.186943,-0.442424,0.095637,0.421807,0.209181,0.77221,-0.058365,0.275351,-0.553555,0.698363,0.822547,0.310962,-0.186942,0.490094,0.087179,0.557504,-0.522407,0.205371,0.260607,-0.127804,-0.114315,0.073031,0.424013,0.004464,0.349762,-0.382582,0.203628,0.091115,-0.215776,-0.267031,-0.297229,0.131108,0.112509,0.642398,-0.257321,-0.002873,-0.171591,0.50446,0.260607,-0.278474,0.719644,-0.434002,-0.093004,0.329681,0.529027,0.215461,-0.106169,-0.406704,0.054857,-0.218491,-0.267031,-0.047606,-0.219752,0.259901,0.018095,0.090946,0.40451,-0.405382,-0.168253,-0.378308,0.045249,0.440885,-0.178201,-0.43155,-0.281634,0.233174,0.090716,-0.274938,-0.394722,0.079864,0.134063,0.260607,-0.196171,-0.14814,-0.221334,-0.474272,-0.396939,-0.338233,0.103608,-0.600634,-0.205742,0.442428,-0.429372,-0.0376,-0.474272,0.091975,-0.065842,0.164996,0.108526,-0.789542,-0.249958,0.10599,-0.501265,-0.0376,-0.194154,0.684102,-0.474067,-0.375588,0.370735,0.538826,0.330782,-0.13469,-0.196171,-0.280776,0.001036,-0.474272,-0.13469,-0.053845,0.233174,-0.384829,-0.050569,0.091975,0.107184,-0.406572,0.233174,0.441135,0.037626,0.075076,-0.334236,-0.305139,0.260607,-0.305139,0.822724,-0.232416,-0.25906,-0.381396,0.431009,-0.466473,-0.194154,-0.517053,-0.369573,-0.030984,0.619488,-0.030984,0.164996,-0.507497,-0.761246,0.035668,-0.35958,0.370735,-0.037129,0.02794,-0.09164,0.075252,-0.284123,0.233174,0.523012,-0.633152,-0.507497,0.393088,-0.404481,-0.168623,0.001036,0.146958,0.119396,-0.072074,0.363597,-0.030984,0.108526,-0.484921,0.164996,0.425724,-0.253821,-0.253821,-0.357989,-0.168623,0.391607,0.233174,0.0,0.562406,-0.518696,0.205742,-0.209684,0.05858,0.091975,0.205742,0.669129,-0.228679,-0.396939,-0.426633,0.18309,0.032243,-0.053913,-0.256036,-0.30955,0.238485,-0.170102,0.56673,0.455112,-0.506112,0.338398,0.018395,0.346267,0.467581,0.127107,-0.351075,-0.015942,0.210014,-0.565374,#
1,-0.186943,1.0,-0.285775,-0.075428,0.295455,-0.165883,-0.275316,-0.07626,0.107461,0.382534,-0.2315,-0.184782,0.016127,0.408246,-0.243908,0.227819,0.254028,-0.36585,0.424546,0.176893,-0.299854,0.408634,-0.172839,0.152592,0.170329,0.168264,-0.200425,0.277246,0.56665,0.102888,-0.074291,-0.101378,-0.14135,-0.420271,-0.041736,0.104181,-0.180551,-0.288906,0.197004,0.133749,0.246647,-0.007527,0.498997,-0.27568,-0.735745,-0.124633,-0.21759,-0.044588,-0.250531,0.449987,0.277492,-0.074291,-0.268974,0.07669,0.018531,-0.34986,-0.197358,-0.184782,0.485642,-0.094447,-0.239457,0.165853,-0.487687,-0.097256,0.523276,-0.24189,-0.988015,-0.186376,-0.312411,-0.211741,-0.0938,0.416112,0.176893,-0.20829,-0.280218,0.987847,0.23648,-0.159787,0.250903,-0.382083,-0.313483,-0.673058,-0.497453,-0.262767,-0.237618,0.23648,-0.24986,-0.230865,-0.337954,-0.399699,-0.438583,-0.078254,-0.125914,-0.324041,-0.237618,-0.339055,-0.249459,-0.229071,0.590061,-0.583081,-0.085078,0.170951,-0.279921,-0.20829,-0.19218,-0.485012,0.23648,-0.279921,-0.569091,-0.988015,0.305418,0.243209,-0.24986,-0.420485,-0.136437,-0.988015,-0.483384,-0.19397,-0.062346,-0.219244,-0.373675,0.176893,-0.373675,-0.225263,-0.257575,-0.050837,-0.448191,0.093207,-0.276073,-0.339055,-0.271276,-0.465003,-0.258277,-0.087056,-0.258277,-0.337954,0.090604,0.135906,0.090842,-0.218544,-0.583081,-0.269238,0.264142,-0.108026,-0.223559,-0.23557,-0.988015,-0.154546,0.273169,0.090604,-0.288306,0.475063,0.202369,-0.485012,0.168266,-0.406913,0.329364,0.366974,-0.258277,-0.399699,-0.35782,-0.337954,0.296254,-0.162955,-0.117619,0.324032,0.202369,-0.211697,-0.988015,0.0,-0.150225,0.306739,0.047459,0.995354,0.27014,-0.24986,0.047459,0.314186,0.348836,-0.159787,0.522426,-0.250621,0.229368,0.404385,-0.141014,-0.26366,-0.202934,-0.021153,-0.049805,0.275778,-0.291789,0.222835,0.494429,0.404385,0.246421,0.273617,0.278201,-0.261095,0.429311,0.177841,#
2,-0.442424,-0.285775,1.0,-0.489501,-0.531251,0.153093,-0.112306,-0.493407,0.362106,0.239341,-0.700859,-0.581082,-0.851564,-0.29699,0.061683,0.088103,-0.3378,0.974244,-0.619595,-0.506275,-0.322545,-0.075359,-0.06527,-0.010465,0.609428,-0.1802,-0.050255,-0.406951,-0.462691,0.37789,-0.290852,-0.338007,-0.546599,0.068618,-0.334332,0.377025,0.361008,0.700401,0.15148,-0.506275,0.062569,-0.410951,0.072531,0.32235,0.309462,-0.488107,-0.330284,-0.410611,0.659583,0.060021,0.194243,-0.290852,0.306998,-0.159822,-0.758069,0.411669,0.038447,-0.614663,0.042088,-0.266817,0.720827,0.573456,-0.071402,-0.43482,0.083232,0.532935,0.151596,-0.470131,0.283116,-0.004127,-0.386649,-0.176163,-0.506275,0.413929,0.306837,-0.238742,-0.076013,-0.036465,0.089004,0.011729,0.12645,0.248847,-0.105238,0.452573,-0.169139,-0.076013,0.008718,-0.14215,-0.406089,0.037246,0.458912,-0.434131,-0.529394,0.283553,-0.169139,0.17731,-0.658005,0.459331,-0.505268,-0.279963,-0.306349,-0.196648,-0.294576,0.413929,0.112831,-0.131079,-0.076013,-0.294576,0.388511,0.151596,0.0642,-0.083564,0.008718,0.009278,-0.064297,0.151596,-0.076013,-0.008718,-0.437119,-0.106066,0.019993,-0.506275,0.019993,-0.610954,-0.078498,-0.467872,0.492363,-0.371695,0.026598,0.17731,0.267091,0.51146,-0.14215,-0.130451,-0.176476,-0.440096,0.180199,0.313204,-0.497152,-0.036465,-0.279963,-0.209257,-0.525555,-0.497794,-0.008718,0.118842,0.151596,0.118868,0.194263,0.180199,-0.135536,0.009808,-0.259134,-0.131079,-0.866681,0.028191,0.12108,0.031742,-0.14215,0.037246,0.080477,-0.406089,-0.538006,0.413929,0.413929,-0.005977,-0.259134,-0.080772,0.151596,0.0,-0.480516,-0.12259,0.266009,-0.266336,0.107408,0.008718,0.266009,-0.203558,0.155564,-0.036465,0.002103,0.189269,-0.125683,-0.151952,0.438058,0.633328,0.181395,-0.362147,-0.531713,-0.53548,0.290522,-0.251267,0.057786,-0.099795,-0.501631,0.290648,0.427415,0.50909,0.000336,0.427812,#
3,0.095637,-0.075428,-0.489501,1.0,0.01824,0.248646,-0.047295,0.612531,-0.738572,-0.280497,0.260374,-0.029962,0.475438,-0.16787,-0.421038,-0.316116,0.131063,-0.514018,0.22536,0.233558,0.185181,-0.068452,-0.395749,-0.012988,-0.378336,-0.205076,-0.003186,0.538301,0.129991,-0.215914,0.437645,0.217451,0.079163,0.02614,0.019517,0.350247,-0.114301,-0.305499,-0.33478,0.233559,-0.259567,0.334668,0.078216,-0.091209,-0.24926,0.537096,0.285724,-0.125608,-0.355624,-0.355651,-0.204001,0.437645,-0.134779,0.342666,0.20437,-0.481158,0.483825,0.788637,0.121078,-0.207837,-0.360343,-0.787292,0.403442,0.461983,0.026748,-0.239417,0.14811,0.079012,0.280155,0.001586,0.63021,-0.668142,0.233558,-0.173587,0.404277,-0.120637,0.421901,0.520642,0.537438,-0.360019,0.176961,0.243528,-0.053438,-0.43191,-0.065302,0.421901,0.08139,0.789999,0.520914,0.073572,0.031396,0.774049,0.52503,-0.109214,0.348415,0.615888,0.661744,0.055628,0.127157,0.287936,0.563865,0.350159,0.616703,-0.173587,-0.305041,-0.071607,-0.016773,0.616703,-0.557952,0.14811,-0.289326,-0.010573,0.08139,0.0968,0.064026,0.14811,0.403623,0.543682,0.100089,0.145296,0.485898,0.233559,0.073572,0.024928,0.587797,0.254914,-0.374249,-0.110013,0.447344,0.615888,-0.109214,0.484889,0.771902,-0.225163,0.327541,0.487049,0.176593,0.307614,-0.129738,0.501247,0.287936,-0.064559,0.458467,0.866135,0.524149,0.106747,0.14811,-0.561538,0.227606,-0.506993,0.348415,0.099838,0.308677,-0.071607,0.74707,-0.360019,-0.60815,-0.596051,0.361722,0.073572,0.33629,0.520914,0.472596,-0.143658,-0.143658,-0.323733,0.308677,-0.190636,0.14811,0.0,0.526754,-0.011489,-0.506993,-0.044862,0.173058,0.524149,-0.506993,-0.156459,-0.627477,0.520642,-0.35758,0.253933,0.051761,-0.053554,-0.176304,-0.275257,-0.282254,0.568454,0.520405,0.023507,0.322505,-0.144454,-0.320614,-0.451745,0.472089,-0.139089,-0.728065,-0.374528,-0.173775,-0.500927,#
4,0.421807,0.295455,-0.531251,0.01824,1.0,-0.16324,0.578232,-0.265397,0.295044,0.054003,0.267793,0.552105,0.484387,0.242541,-0.091279,-0.532604,-0.07391,-0.523046,0.612106,-0.217869,-0.219865,-0.374135,-0.00909,0.066829,-0.097553,-0.326804,-0.081832,-0.059423,0.463595,-0.326725,0.25733,-0.240388,0.020936,-0.533542,0.387936,-0.326719,0.388277,-0.717617,0.34441,0.499168,0.389398,0.47002,-0.500446,-0.797956,-0.326477,0.047947,-0.302491,0.196508,0.015232,-0.06403,-0.652356,0.25733,0.15907,0.019711,0.193004,-0.369167,-0.513929,0.147383,-0.00104,0.151744,-0.16784,-0.105627,-0.427762,-0.291846,0.232296,0.180497,-0.217869,0.089323,0.100276,-0.072524,-0.304869,0.28222,-0.217869,-0.548501,0.064402,0.216496,-0.42766,-0.471456,-0.533388,-0.136102,-0.653254,-0.326804,0.493132,-0.568635,0.053313,-0.42766,-0.504354,0.146403,-0.081973,-0.533388,-0.533668,-0.149823,0.008483,-0.335096,0.053313,-0.653254,0.209862,-0.038276,0.433418,-0.326637,0.285776,-0.326637,-0.208384,-0.548501,-0.250046,0.059548,-0.42766,-0.208384,-0.427642,-0.217869,0.363864,0.123204,-0.504354,-0.53003,-0.046232,-0.217869,-0.42766,0.445512,0.329982,-0.097937,-0.533388,-0.217869,-0.533388,0.498968,-0.470283,0.33666,-0.130294,0.411639,-0.490316,-0.653254,-0.402552,-0.533668,-0.344202,0.249267,-0.344202,-0.081973,-0.217869,-0.326804,0.32411,-0.509014,-0.326637,-0.328371,0.050356,-0.073523,-0.084059,-0.183599,-0.217869,0.47591,-0.203265,-0.217869,-0.339414,-0.084059,-0.326637,0.059548,0.24939,-0.5329,0.371648,0.552825,-0.344202,-0.533388,-0.625833,-0.081973,0.055656,0.262901,-0.490544,0.396958,-0.326637,0.175548,-0.217869,0.0,0.012617,-0.329561,-0.217869,0.24817,-0.035113,-0.504354,-0.217869,0.220391,0.259806,-0.471456,0.450858,-0.151192,-0.385733,0.094208,0.269648,-0.761143,-0.22257,0.234638,0.374343,0.562978,-0.800031,0.288527,0.450858,0.563571,0.012972,-0.260679,0.028165,-0.030131,-0.009612,0.005413,#
5,0.209181,-0.165883,0.153093,0.248646,-0.16324,1.0,0.089943,-0.097224,0.199078,0.190867,0.068664,0.158238,0.113227,0.082957,0.229759,-0.126177,-0.150412,0.114309,0.128026,0.21425,-0.453785,0.099497,0.282311,-0.307767,0.325224,0.248335,-0.350958,-0.146435,0.240335,0.199116,-0.162905,-0.055423,-0.24758,0.404276,0.065421,0.200086,-0.065815,0.437737,-0.179865,-0.662226,-0.541683,0.415411,0.204788,0.068123,0.22571,0.252668,-0.286724,-0.194498,0.128812,-0.387298,-0.034214,-0.162905,0.606525,0.111608,-0.260811,-0.107366,0.156783,0.158238,-0.319262,-0.151087,0.329757,-0.17332,0.336888,-0.160289,-0.442551,-0.273127,0.181787,-0.088088,-0.184616,-0.321585,-0.000544,-0.08257,0.21425,-0.286526,0.608817,-0.246408,0.337229,0.27213,0.387463,-0.069126,0.02671,0.248335,-0.247609,0.194687,-0.402408,0.337229,-0.374752,0.094414,-0.085137,-0.082468,-0.111322,-0.203625,-0.272523,-0.47267,0.088756,0.488479,0.025102,0.220152,-0.280035,0.297572,0.657704,0.250294,0.003579,-0.286526,-0.302882,-0.758274,-0.183564,0.003579,-0.247225,0.181787,-0.067958,0.341879,-0.374752,0.409944,0.289413,0.181787,0.337229,0.192942,0.155651,-0.277691,0.426624,0.21425,-0.062888,0.092581,-0.258651,-0.18731,-0.118376,-0.174262,-0.397988,0.488479,0.113497,0.365771,0.073789,-0.044863,-0.413175,-0.085137,0.149326,0.223988,-0.137244,-0.346794,0.297572,-0.435143,-0.204631,-0.087596,0.170679,-0.332719,0.181787,-0.243683,-0.561818,-0.662226,0.050619,-0.375989,0.273933,-0.758274,-0.200339,-0.087808,0.112729,-0.319316,-0.413175,-0.082468,0.223317,-0.085137,0.380964,-0.252416,0.668562,-0.08007,0.273933,-0.344138,0.181787,0.0,0.222483,-0.222605,0.116863,-0.206023,0.378516,0.15089,0.116863,-0.046306,-0.008144,0.27213,-0.335073,0.479964,-0.17375,-0.430408,-0.226616,0.022144,-0.301134,-0.134817,0.28428,-0.197107,0.09814,0.257622,-0.356138,-0.430408,-0.142509,0.447836,-0.107641,0.195945,-0.205172,-0.248499,#
6,0.77221,-0.275316,-0.112306,-0.047295,0.578232,0.089943,1.0,-0.207107,0.360552,-0.234883,0.429761,0.593146,0.076169,-0.354992,0.295475,-0.245663,0.191272,-0.186884,0.002862,-0.406752,-0.384048,-0.318199,-0.062687,0.490424,0.162988,-0.131596,-0.537325,-0.13448,-0.062687,-0.122184,-0.284353,-0.407672,-0.038419,-0.174392,0.532551,-0.141326,0.61328,-0.342035,0.616144,0.284461,-0.09923,0.567525,-0.546219,-0.338424,0.388021,0.361941,-0.033701,-0.202333,0.195527,-0.165564,-0.484303,-0.284353,0.249276,-0.453267,0.012762,-0.089804,-0.127645,0.203001,-0.065867,-0.286791,0.106014,0.200349,0.058908,-0.304362,-0.273522,0.371449,0.284461,-0.12067,0.288341,-0.5163,-0.054902,-0.024106,-0.406752,-0.370758,0.168786,-0.321098,-0.798424,-0.500135,-0.610958,-0.189724,-0.809914,-0.091719,0.541398,-0.596771,-0.251662,-0.798424,-0.135728,0.216574,-0.149674,-0.194031,-0.573056,-0.348984,-0.044477,-0.254941,-0.251662,-0.431744,0.408812,-0.068173,-0.481268,-0.106476,0.405003,-0.145195,-0.385729,-0.370758,-0.451718,0.114806,-0.798424,-0.385729,0.063663,0.284461,-0.130435,0.122958,-0.135728,-0.22715,-0.496318,0.284461,0.054593,0.390977,-0.052095,-0.521078,-0.578886,-0.406752,-0.578886,0.548795,-0.439544,-0.3425,-0.177863,0.332419,-0.549274,-0.431744,-0.687175,-0.182336,-0.256361,0.473966,-0.256361,-0.149674,-0.406752,-0.610128,-0.105484,-0.536341,-0.106476,-0.287183,-0.337631,-0.215041,-0.119521,-0.411272,0.284461,0.813202,-0.407645,-0.406752,0.119348,-0.567221,-0.609817,0.114806,-0.117354,-0.205024,0.182472,0.605642,-0.256361,-0.194031,-0.735661,-0.149674,0.040652,0.41142,-0.314888,-0.125157,-0.609817,0.189135,0.284461,0.0,0.362158,-0.813667,0.231291,-0.295884,0.230082,-0.135728,0.231291,0.362051,0.016783,-0.500135,-0.079011,0.384064,-0.348285,-0.262749,0.410105,-0.490413,0.042484,-0.229254,0.240221,0.548076,-0.688001,0.429135,0.335022,0.577532,0.044659,-0.11804,-0.143932,0.342572,-0.039873,-0.380931,#
7,-0.058365,-0.07626,-0.493407,0.612531,-0.265397,-0.097224,-0.207107,1.0,-0.860636,-0.032113,0.508012,-0.032878,0.45305,-0.123504,-0.175248,0.1467,0.201923,-0.470839,-0.124127,0.236402,0.387476,0.36238,-0.062244,0.053998,-0.598181,0.150025,-0.129926,0.253622,-0.062244,0.012298,0.023273,0.735171,0.629705,0.241688,-0.018323,0.015026,-0.25671,-0.399311,-0.543081,0.145478,-0.459897,-0.052888,0.427386,0.265061,0.0872,0.571514,0.669042,0.269346,-0.290089,-0.324447,0.176418,0.023273,-0.257282,-0.146397,0.647811,-0.389992,0.364072,0.554231,0.388796,0.02869,-0.28155,-0.58757,0.229525,0.954456,-0.347935,-0.261809,0.145478,0.385555,0.146935,-0.17352,0.931623,-0.295517,0.236402,-0.245219,-0.132705,-0.074558,0.230647,0.55928,0.194856,-0.268839,0.331587,0.150025,-0.385918,-0.240244,-0.139838,0.230647,0.381063,0.431331,0.359285,0.2497,0.18931,0.749749,0.618022,0.262298,-0.139838,0.277697,0.479376,-0.176879,0.015797,0.288212,0.017578,0.15579,0.385964,-0.245219,-0.157368,0.227215,0.230647,0.385964,0.110651,0.145478,-0.265568,0.245522,0.381063,0.263428,0.010393,0.145478,0.230647,-0.110854,0.102521,-0.04995,0.304543,0.236402,0.304543,0.019208,0.434361,0.125253,-0.394688,-0.011905,0.422996,0.277697,-0.202119,0.13363,0.373564,-0.236241,0.373564,0.359285,0.054555,0.081831,0.180002,0.435454,0.288212,0.385921,0.288936,0.748438,-0.17321,-0.235158,0.145478,-0.407204,0.166745,0.054555,0.32305,-0.232102,0.222001,0.227215,0.724803,0.254448,-0.354918,-0.451885,0.373564,0.2497,0.334177,0.359285,0.358699,-0.149679,-0.054139,-0.283878,0.222001,-0.424857,0.145478,0.0,0.561537,0.20172,-0.03637,-0.045279,0.217608,0.381063,-0.036369,-0.348258,-0.302446,0.55928,-0.191164,0.297671,0.199761,-0.269699,-0.19307,-0.304958,-0.249472,0.131117,-0.021715,0.305521,0.317024,0.248851,-0.250166,-0.269699,0.244382,-0.394185,-0.456906,-0.236721,-0.314753,-0.52113,#
8,0.275351,0.107461,0.362106,-0.738572,0.295044,0.199078,0.360552,-0.860636,1.0,0.189267,-0.138063,0.342428,-0.358998,0.083619,0.311543,-0.025093,-0.020475,0.339876,0.120541,-0.161863,-0.485182,-0.214802,0.271263,0.084362,0.63578,0.230951,-0.125777,-0.392416,0.271263,0.240183,-0.423489,-0.487718,-0.356555,-0.005913,0.170261,-0.242732,0.237974,0.320245,0.598798,-0.161863,0.251587,0.208971,-0.334514,-0.217671,0.21179,-0.347409,-0.546172,-0.023621,0.25937,0.294666,-0.12152,-0.423489,0.424983,-0.030314,-0.376033,0.295909,-0.315444,-0.592899,-0.340111,0.134695,0.246945,0.594573,-0.317801,-0.762939,-0.055107,0.156424,-0.161863,-0.109964,-0.303043,-0.092029,-0.754275,0.516509,-0.161863,0.066143,-0.08643,0.10291,-0.317725,-0.740908,-0.396274,0.172111,-0.485327,-0.242795,0.289747,0.263383,-0.031342,-0.317725,-0.354978,-0.594174,-0.396213,-0.396274,-0.396482,-0.9693,-0.740756,-0.230333,-0.031342,-0.485327,-0.483586,-0.133414,-0.143294,-0.242671,0.100747,-0.242671,-0.485205,0.066143,0.170648,-0.317725,-0.317725,-0.485205,0.07904,-0.161863,0.172111,0.06856,-0.354978,-0.067813,-0.138381,-0.161863,-0.317725,-0.138381,0.124036,-0.188222,-0.396274,-0.161863,-0.396274,0.268674,-0.722267,-0.283551,0.180748,0.108549,-0.729142,-0.485327,-0.025845,-0.396482,-0.594174,0.367742,-0.594174,-0.396213,-0.161863,-0.242795,0.11889,-0.740908,-0.242671,-0.27087,-0.317732,-0.934446,-0.138381,-0.18152,-0.161863,0.548824,-0.485327,-0.161863,-0.233732,-0.138381,-0.242671,-0.317725,-0.763076,-0.032377,0.565779,0.591386,-0.594174,-0.396274,-0.464955,-0.396213,-0.315254,0.066143,0.066143,0.18877,-0.242671,0.189091,-0.161863,0.0,-0.339137,-0.308543,0.469798,0.056238,-0.03563,-0.354978,0.469798,0.459238,0.471605,-0.740908,0.287095,-0.121996,-0.336592,-0.010078,0.123554,0.138022,0.211482,-0.536282,-0.080146,0.071814,-0.594374,0.20274,0.287095,0.373865,-0.326288,0.430429,0.560241,0.263383,0.310587,0.302214,#
9,-0.553555,0.382534,0.239341,-0.280497,0.054003,0.190867,-0.234883,-0.032113,0.189267,1.0,-0.260622,-0.257741,-0.050323,0.310245,-0.247849,-0.2215,-0.533892,0.289142,0.04603,-0.38667,-0.438242,0.213358,0.272899,-0.317951,0.234195,-0.060598,-0.234932,-0.583713,0.400935,0.479912,-0.219787,0.357719,0.006987,-0.072861,-0.274482,-0.027906,0.302916,-0.108677,-0.279037,-0.38667,0.03864,-0.238343,0.470446,-0.237223,-0.081293,-0.244667,-0.431814,0.320914,0.630393,-0.267836,-0.016589,-0.219787,0.613308,-0.11393,-0.071447,-0.362809,-0.370602,-0.461685,0.492834,0.258364,0.595041,0.034297,-0.759183,0.105314,-0.021937,0.309211,-0.38667,0.078739,0.160969,-0.214286,-0.103228,0.300392,-0.38667,-0.482105,0.221107,0.338865,0.166876,0.042136,-0.076379,-0.395667,0.003622,-0.038956,-0.509653,0.204363,-0.436808,0.166876,-0.542011,-0.040333,-0.517649,-0.633351,0.254457,-0.251866,-0.432758,0.179773,-0.314559,-0.304232,-0.729241,0.321057,0.286201,-0.579709,-0.136119,-0.579709,-0.313983,-0.482105,-0.074027,-0.425687,0.037253,-0.313983,0.022656,-0.38667,0.56859,0.699368,-0.542011,-0.131254,0.303438,-0.38667,-0.759004,-0.032982,0.264717,-0.275151,-0.076379,-0.38667,-0.198216,-0.364022,-0.584222,0.043501,0.06031,-0.183239,-0.397866,-0.304232,0.013701,-0.063614,-0.553665,-0.389228,-0.674869,-0.517649,0.334729,0.502094,0.312499,-0.508034,-0.579709,-0.298279,-0.304805,-0.308092,-0.587087,-0.535026,-0.38667,-0.09129,0.003622,0.132737,-0.586794,-0.250666,-0.054386,-0.425687,-0.289387,-0.229595,0.717079,0.115113,-0.674869,-0.633351,-0.035281,-0.517649,-0.250874,0.366885,0.366885,0.542447,-0.054386,-0.788746,-0.38667,0.0,-0.322932,0.096028,0.305873,0.341544,0.407389,-0.411181,0.305873,-0.508504,0.721409,0.042136,0.751994,0.207551,-0.462303,-0.42469,0.401283,-0.293628,-0.570746,-0.321241,-0.551346,0.200241,-0.230646,0.517734,0.283871,0.048877,-0.743265,-0.040227,0.596052,0.292682,-0.330409,0.322846,#
10,0.698363,-0.2315,-0.700859,0.260374,0.267793,0.068664,0.429761,0.508012,-0.138063,-0.260622,1.0,0.832771,0.635473,-0.11102,0.221003,-0.003102,0.409568,-0.667988,0.20044,0.352786,0.230649,-0.002968,0.261908,0.190159,-0.410893,0.472074,-0.186049,0.073353,0.261908,-0.032912,-0.22993,0.46905,0.684855,0.377571,0.465451,-0.498593,-0.16915,-0.424127,-0.03668,0.327406,-0.372809,0.51523,-0.215053,-0.022485,0.454107,0.6646,0.500459,0.491353,-0.425347,-0.213956,-0.202147,-0.22993,0.037186,-0.123337,0.771401,-0.220915,0.184197,0.489508,-0.1995,0.32585,-0.47756,-0.430697,0.234208,0.512839,-0.715603,-0.370697,0.327406,0.66406,-0.212568,-0.221045,0.519782,0.12284,0.352786,-0.332325,-0.33709,-0.256521,-0.187015,-0.146995,-0.376329,0.033961,-0.175737,-0.003807,0.236037,-0.229896,0.042196,-0.187015,0.201134,0.046225,0.425123,0.021703,-0.410314,0.08649,0.287331,-0.038526,0.042196,-0.175737,0.626685,-0.598046,-0.121838,0.510428,0.420014,0.029897,0.224132,-0.332325,-0.001784,0.219206,-0.187015,0.224132,0.170376,0.327406,-0.353122,0.226705,0.201134,0.373651,-0.135379,0.327406,0.236452,-0.152785,0.515953,-0.11005,0.021703,0.352786,0.021703,0.856355,-0.09941,0.10137,-0.404058,0.343936,-0.214687,-0.175737,-0.372659,-0.410314,0.0301,0.338838,0.0301,0.425123,-0.332482,-0.498723,0.558658,-0.18156,0.510428,0.374565,0.244121,0.196076,-0.17019,-0.410715,0.327406,0.177881,-0.582783,-0.332482,0.389164,-0.5976,0.029897,0.219206,0.477516,0.384527,-0.077782,-0.004398,0.0301,0.021703,-0.087673,0.425123,0.305322,-0.305656,-0.278987,-0.337242,0.029897,-0.045735,0.327406,0.0,0.678588,-0.216273,0.276645,-0.257784,0.023111,0.201134,0.276645,0.214227,-0.165151,-0.146995,-0.194231,0.19716,-0.133781,-0.352042,-0.316844,-0.472516,0.00204,-0.191049,0.330363,0.664947,-0.381208,0.533676,-0.194231,0.033631,0.237051,-0.233562,-0.350192,-0.212197,-0.11539,-0.652609,#
11,0.822547,-0.184782,-0.581082,-0.029962,0.552105,0.158238,0.593146,-0.032878,0.342428,-0.257741,0.832771,1.0,0.571982,0.066071,0.359419,-0.162635,0.26156,-0.543107,0.410295,0.29742,0.041587,-0.241583,0.384987,0.067509,-0.172555,0.387429,-0.080134,-0.082723,0.384987,-0.131644,-0.150352,0.096684,0.406247,0.228394,0.557324,-0.610335,-0.067321,-0.298554,0.209695,0.271331,-0.116262,0.643444,-0.519577,-0.261999,0.369058,0.386595,0.118994,0.442316,-0.323468,-0.094587,-0.403092,-0.150352,0.216218,-0.003743,0.512817,-0.060994,-0.108505,0.264273,-0.508584,0.39927,-0.384218,-0.203145,0.112692,-0.006374,-0.562679,-0.307816,0.271331,0.542109,-0.360396,-0.096805,-0.014863,0.364376,0.29742,-0.314958,-0.251314,-0.231795,-0.32027,-0.449655,-0.546526,0.250751,-0.376213,-0.101749,0.515958,-0.130188,0.175731,-0.32027,-0.091449,-0.191909,0.277346,-0.137372,-0.581544,-0.301678,-0.003132,-0.278905,0.175731,-0.376213,0.449333,-0.511946,-0.029167,0.426904,0.482188,-0.067053,0.034878,-0.314958,0.06693,0.097302,-0.32027,0.034878,0.047113,0.271331,-0.147148,0.105342,-0.091449,0.225416,-0.03976,0.271331,0.115029,-0.057653,0.580351,-0.04914,-0.137372,0.29742,-0.137372,0.988547,-0.393229,0.166362,-0.193708,0.438944,-0.514498,-0.376213,-0.246998,-0.581544,-0.208485,0.51056,-0.208485,0.277346,-0.406996,-0.610494,0.568797,-0.485186,0.426904,0.14727,0.12291,-0.174985,-0.075545,-0.297237,0.271331,0.414145,-0.794632,-0.406996,0.16087,-0.514897,-0.067053,0.097302,0.183373,0.235736,0.156335,0.243166,-0.208485,-0.137372,-0.277479,0.277346,0.18682,-0.287544,-0.26013,-0.114166,-0.067053,0.227736,0.271331,0.0,0.399168,-0.320978,0.219152,-0.242326,-0.144432,-0.091449,0.219152,0.405265,0.020271,-0.449655,-0.083972,-0.002343,-0.27315,-0.211228,-0.27591,-0.430103,0.087315,-0.177576,0.469408,0.5517,-0.631366,0.443017,-0.083972,0.185221,0.112196,-0.066644,-0.134225,-0.111994,0.006539,-0.389192,#
12,0.310962,0.016127,-0.851564,0.475438,0.484387,0.113227,0.076169,0.45305,-0.358998,-0.050323,0.635473,0.571982,1.0,0.46523,0.083825,-0.297751,-0.129653,-0.763322,0.575662,0.415226,0.266936,-0.010331,0.35093,-0.433004,-0.654868,-0.0,0.123175,0.033934,0.35093,-0.419196,0.472359,0.438632,0.527105,-0.009872,0.312403,-0.410882,-0.284098,-0.574131,-0.498414,0.138409,-0.15382,0.370348,-0.09245,-0.308266,-0.190813,0.355397,0.190723,0.52699,-0.352063,-0.402586,-0.374645,0.472359,0.047672,0.128711,0.664402,-0.411912,-0.282105,0.571982,-0.233254,0.387605,-0.359108,-0.670334,0.100936,0.41497,-0.252002,-0.455155,0.138408,0.517862,-0.215069,0.080574,0.272495,0.211899,0.415225,-0.622141,0.040401,-0.078095,0.104495,0.30892,-0.152239,0.189184,0.096511,-0.0,0.101103,-0.235944,0.192172,0.104495,-0.23203,0.195415,0.348481,0.014732,-0.169515,0.459146,0.488045,-0.318629,0.192172,-0.067561,0.549727,-0.058531,0.496623,0.420943,0.288989,0.017786,0.262292,-0.622141,-0.15808,0.094045,0.104495,0.262292,-0.260806,0.138408,0.199142,0.151327,-0.23203,0.061223,0.495698,0.138408,0.104495,0.126562,0.545464,0.146642,0.181704,0.415225,0.181704,0.563911,-0.036329,0.671526,-0.166891,0.362424,-0.083863,-0.067561,0.019916,-0.33903,0.019544,0.038257,0.019544,0.348481,-0.138409,-0.207613,0.522468,-0.068067,0.420943,0.064939,0.281943,0.520724,-0.063281,-0.13258,0.138408,-0.159932,-0.405352,-0.138409,-0.133043,-0.242574,0.219364,0.094045,0.77112,0.029871,0.022588,-0.219426,0.019544,0.014732,0.14272,0.348481,0.498996,-0.331266,-0.040396,0.221171,0.219364,-0.010797,0.138408,0.0,0.316595,0.153531,-0.415226,-0.032059,-0.122686,-0.23203,-0.415226,-0.196342,-0.033602,0.30892,-0.041909,-0.050854,-0.025031,-0.117777,-0.355364,-0.668791,-0.36167,0.487,0.539928,0.314716,-0.152967,0.264763,-0.221539,-0.117777,0.130202,-0.390364,-0.337116,-0.225219,-0.373985,-0.271674,#
13,-0.186942,0.408246,-0.29699,-0.16787,0.242541,0.082957,-0.354992,-0.123504,0.083619,0.310245,-0.11102,0.066071,0.46523,1.0,0.233052,0.033769,-0.371128,-0.215257,0.665896,0.358128,0.179508,0.435301,0.679717,-0.652429,-0.407283,0.019185,0.213339,-0.041112,0.274352,-0.498701,0.383925,0.089102,0.264516,-0.008515,-0.281474,-0.498691,-0.469341,-0.138954,-0.415139,-0.332547,-0.091528,-0.303543,0.254405,-0.360833,-0.498323,-0.104684,-0.474093,0.223694,-0.072504,-0.20528,0.216916,0.383925,-0.02101,0.10059,0.284367,0.169525,-0.659314,0.066071,-0.221342,0.297647,0.038235,-0.038304,-0.187983,-0.104154,0.211627,-0.405219,-0.332547,-0.039638,-0.503814,0.176107,-0.417907,0.596449,0.358128,-0.377804,-0.019601,0.363714,0.226923,0.258376,0.012707,0.392897,0.194426,-0.019185,-0.258651,0.200194,-0.025499,0.226923,-0.632528,-0.381929,-0.379278,0.012707,-0.03133,0.036368,0.243731,-0.437984,-0.025499,-0.184616,-0.178924,0.203577,0.644432,0.033968,-0.224522,0.033968,-0.193906,-0.377804,-0.035959,-0.242373,0.226923,-0.193906,-0.225947,-0.332547,0.40946,0.265373,-0.632528,0.049974,0.662742,-0.332547,-0.183469,-0.225137,0.198824,0.116439,0.012707,0.358128,0.012707,0.00772,-0.347659,0.494227,-0.042996,-0.075359,-0.239899,-0.184616,0.377255,-0.42295,-0.398181,-0.366259,-0.014446,0.000895,0.306967,-0.019185,0.267156,-0.229345,0.033968,0.021235,-0.192328,-0.075498,-0.24268,0.058962,-0.332547,-0.176329,-0.239019,0.306967,-0.389776,0.171533,0.499662,-0.242373,0.186375,0.024844,0.550192,0.008488,-0.398181,0.012707,0.114931,-0.379278,0.312713,-0.350925,0.374818,0.818577,0.499662,0.058867,-0.332547,0.0,-0.16145,0.301818,-0.332547,0.352547,-0.367949,-0.632528,-0.332547,-0.180434,0.606604,0.258376,0.202514,-0.549263,0.216246,0.389753,-0.367449,-0.216673,-0.516759,0.331994,-0.016292,-0.160493,-0.002736,0.057716,-0.212474,0.016585,-0.143239,-0.213349,0.052468,-0.203168,-0.332573,0.175737,#
14,0.490094,-0.243908,0.061683,-0.421038,-0.091279,0.229759,0.295475,-0.175248,0.311543,-0.247849,0.221003,0.359419,0.083825,0.233052,1.0,0.555003,0.086162,0.021589,-0.186532,0.28379,-0.137119,0.325281,0.543733,-0.09944,0.03728,0.359857,-0.307897,-0.270725,-0.421337,-0.222211,-0.259601,-0.259862,0.066925,0.134321,0.422157,-0.243274,-0.245477,0.318038,0.059982,-0.50614,-0.408178,0.110617,0.03438,0.393574,0.339331,0.019564,0.144325,-0.139426,-0.068677,0.065495,0.24073,-0.259601,-0.054338,-0.599091,0.021436,0.395762,-0.388051,-0.069933,-0.486063,-0.204829,0.185149,0.524406,0.481694,-0.261308,-0.443989,-0.32688,0.254533,-0.158227,-0.535074,-0.35566,-0.186651,0.562614,0.28379,-0.174034,-0.143047,-0.27303,-0.456778,0.070501,-0.311107,0.606793,-0.1375,-0.188705,-0.045329,0.108361,-0.030101,-0.456778,0.076913,-0.571267,-0.28953,0.588893,-0.326071,-0.312209,0.050923,-0.540494,-0.472766,-0.15484,0.201038,0.013835,-0.426865,0.404163,-0.204751,0.361553,-0.581746,-0.174034,-0.277343,-0.036003,0.01259,-0.581746,0.44333,0.254533,0.046935,-0.104219,0.076913,0.131782,0.081372,0.254533,0.481959,-0.479312,-0.308747,-0.415013,-0.275813,0.28379,0.165363,0.312567,-0.361698,-0.302143,0.115347,0.413705,-0.451098,-0.15484,-0.012207,-0.343987,-0.478328,0.469839,-0.039447,-0.28953,-0.50614,-0.75921,-0.183575,-0.367778,0.404163,-0.061561,-0.466915,-0.290736,-0.378991,-0.227526,0.254533,0.484588,-0.667915,0.225276,-0.064473,-0.397941,-0.149759,-0.036003,-0.216917,0.589956,0.239004,0.317018,-0.039447,0.588893,-0.211609,-0.28953,0.410876,-0.327745,0.502293,0.046871,-0.149759,0.414684,0.254533,0.0,0.031726,-0.063432,0.19602,-0.279875,-0.009666,-0.396826,0.19602,0.230114,0.165276,0.070501,-0.502089,0.125281,0.45391,-0.05323,-0.336406,0.060705,0.24817,-0.210103,0.140915,-0.112598,-0.021799,0.241224,-0.04645,0.284648,0.046526,0.173046,0.094137,0.468809,-0.01982,-0.045941,#
15,0.087179,0.227819,0.088103,-0.316116,-0.532604,-0.126177,-0.245663,0.1467,-0.025093,-0.2215,-0.003102,-0.162635,-0.297751,0.033769,0.555003,1.0,0.564739,-0.014066,-0.362174,0.461759,0.040394,0.700084,0.08953,0.296696,0.091117,0.631523,-0.276947,0.22937,-0.340901,0.091052,-0.479295,-0.071346,0.082206,0.173722,0.084299,0.07149,-0.547288,0.372889,0.117375,-0.271623,-0.342366,-0.230674,0.555054,0.68966,0.061868,0.037779,0.422938,-0.261391,-0.409611,0.526239,0.817212,-0.479295,-0.588681,-0.443838,0.061761,0.33918,0.126141,-0.162635,0.050558,-0.342836,-0.169291,0.551624,0.380929,0.080432,-0.129275,-0.482561,-0.271623,-0.22071,-0.580339,-0.333432,0.190015,0.367843,0.461759,0.274315,-0.586727,0.291185,-0.034861,0.112001,0.196605,0.225694,0.048297,-0.407434,-0.53258,0.121019,-0.115073,-0.034861,0.520547,-0.60592,-0.203265,0.606199,-0.249502,-0.083084,0.100872,-0.206153,-0.52605,0.032198,0.042007,-0.372806,-0.306746,0.158237,-0.440051,0.632946,-0.359381,0.274315,-0.077557,-0.097407,0.400907,-0.359381,0.329488,-0.271623,-0.249143,-0.133984,0.520547,0.162197,-0.299081,-0.271623,0.383476,-0.819628,-0.542664,-0.334676,-0.196605,0.461759,0.212989,-0.141407,0.075257,-0.55185,-0.24316,0.142255,-0.009302,0.032198,-0.106496,-0.266135,-0.139975,0.225235,0.267487,-0.203265,-0.271623,-0.407434,-0.279119,0.112001,0.158237,0.232342,-0.044265,-0.136547,-0.316674,-0.126028,-0.271623,0.034632,-0.025569,0.407434,0.239817,0.123151,0.158237,-0.097407,-0.081488,0.600873,-0.074467,0.172248,0.267487,0.606199,-0.069021,-0.203265,0.396208,-0.496303,0.274315,-0.253746,0.158237,0.181163,-0.271623,0.0,0.08284,0.312263,0.380272,0.25638,0.117101,0.080721,0.380272,0.398168,-0.019785,0.112001,-0.38542,-0.025502,0.806732,0.260859,-0.505147,0.390657,0.391742,-0.361923,-0.183807,-0.106368,0.279858,0.07594,0.037602,0.211329,0.416133,0.368813,0.083568,0.038937,0.418021,-0.079973,#
16,0.557504,0.254028,-0.3378,0.131063,-0.07391,-0.150412,0.191272,0.201923,-0.020475,-0.533892,0.409568,0.26156,-0.129653,-0.371128,0.086162,0.564739,1.0,-0.474897,-0.010807,0.439181,0.061171,0.257112,-0.351437,0.78087,0.087765,0.620692,-0.306022,0.668495,0.117146,0.097265,-0.48261,-0.141262,0.109676,0.16532,0.276266,0.058813,-0.325086,-0.031925,0.555569,0.439181,-0.192882,0.323386,0.080075,0.249031,0.067713,0.473951,0.469442,-0.244406,-0.721744,0.543782,0.390706,-0.48261,-0.583751,-0.062256,0.244367,0.039022,0.58167,0.247255,0.081415,-0.299891,-0.692594,0.132987,0.354597,0.111161,-0.103712,-0.431053,-0.271632,9.6e-05,-0.348314,-0.326857,0.389528,-0.03677,0.439181,0.314026,-0.597455,0.318076,-0.050214,-0.351199,0.17177,-0.204179,-0.368373,-0.407448,-0.040699,-0.336958,-0.085045,-0.050214,0.546476,-0.164693,0.229922,0.17177,-0.66536,-0.059387,0.121511,-0.156513,-0.085045,0.007789,0.467112,-0.827933,-0.274895,0.140822,0.242447,0.602977,0.067439,0.314026,-0.034793,-0.050214,-0.050214,0.067439,-0.118593,-0.271632,-0.664403,-0.129032,0.546476,0.151404,-0.754427,-0.271632,0.357059,-0.343361,-0.192034,-0.221644,-0.211042,0.439181,-0.211042,0.33021,0.208714,-0.515325,-0.66499,0.143756,-0.009162,0.007789,-0.53638,-0.276715,0.286914,0.376808,0.286914,0.229922,-0.271632,-0.407448,-0.088801,0.132816,0.140822,0.266902,0.414547,0.011856,0.144115,-0.128578,-0.271632,0.077177,0.007789,-0.271632,0.675028,0.144115,0.140822,-0.050214,0.209981,0.175689,-0.379722,0.21162,0.286914,0.17177,-0.309078,0.229922,0.369354,-0.432878,-0.432878,-0.642916,0.140822,0.203577,-0.271632,0.0,0.543469,-0.111361,0.388409,0.295771,0.139311,0.546476,0.388409,0.826694,-0.399207,-0.351199,-0.329797,-0.003005,0.411763,0.283818,-0.433889,0.10607,0.42634,-0.330204,0.211199,0.376698,-0.156664,0.115675,0.082038,0.252957,0.802296,0.350015,-0.317079,-0.414657,0.657408,-0.53317,#
17,-0.522407,-0.36585,0.974244,-0.514018,-0.523046,0.114309,-0.186884,-0.470839,0.339876,0.289142,-0.667988,-0.543107,-0.763322,-0.215257,0.021589,-0.014066,-0.474897,1.0,-0.56941,-0.503454,-0.188177,-0.137777,0.055436,-0.163987,0.488653,-0.215766,0.110821,-0.493317,-0.437653,0.34472,-0.195248,-0.199182,-0.429175,0.136459,-0.40816,0.239922,0.329597,0.673393,0.011051,-0.503454,0.103326,-0.490308,0.004626,0.276233,0.345743,-0.532487,-0.356776,-0.235323,0.699366,-0.037357,0.132657,-0.195248,0.374633,-0.076055,-0.665061,0.447065,-0.021896,-0.624168,-0.032925,-0.069786,0.728573,0.466794,-0.134755,-0.36365,0.04273,0.543407,0.244535,-0.325638,0.288333,0.154731,-0.422391,-0.150758,-0.503454,0.413976,0.293919,-0.317606,-0.028235,-0.010339,0.016842,0.11383,0.263794,0.366802,-0.038158,0.578468,-0.061964,-0.028235,-0.037267,-0.156378,-0.343051,0.016842,0.598985,-0.40219,-0.506129,0.396334,-0.061964,0.161486,-0.713387,0.488316,-0.408012,-0.210111,-0.354842,-0.335807,-0.194779,0.413976,0.257807,-0.028235,-0.028235,-0.194779,0.461912,0.244535,0.11383,-0.07132,-0.037267,0.083774,0.092072,0.244535,-0.139005,-0.01973,-0.281868,0.046849,0.120959,-0.503454,0.120959,-0.568694,-0.071737,-0.287883,0.598652,-0.409633,0.084502,0.161486,0.412892,0.493282,-0.156378,-0.205954,-0.156378,-0.343051,0.244535,0.366802,-0.342686,-0.010339,-0.210111,-0.095007,-0.517306,-0.487988,-0.01973,0.189458,0.244535,0.06935,0.161486,0.244535,-0.182819,-0.01973,-0.210111,-0.028235,-0.844576,0.097273,0.155395,-0.062049,-0.156378,0.016842,0.206597,-0.343051,-0.646749,0.413976,0.413976,0.079565,-0.210111,-0.092012,0.244535,0.0,-0.530094,-0.062375,0.215766,-0.354839,-0.033615,-0.037267,0.215766,-0.340095,0.209552,-0.010339,0.066584,0.095711,-0.217188,-0.183609,0.436204,0.632091,0.131557,-0.312803,-0.573729,-0.563294,0.313334,-0.285742,-0.045426,-0.201095,-0.628255,0.163437,0.446856,0.464781,-0.124487,0.479982,#
18,0.205371,0.424546,-0.619595,0.22536,0.612106,0.128026,0.002862,-0.124127,0.120541,0.04603,0.20044,0.410295,0.575662,0.665896,-0.186532,-0.362174,-0.010807,-0.56941,1.0,0.347955,0.187728,0.055186,0.312914,-0.25715,-0.380003,0.012233,0.19934,0.360028,0.689239,-0.497347,0.384586,-0.005743,0.248736,0.028697,-0.173116,-0.497337,-0.290602,-0.428852,-0.031586,0.239219,0.013411,0.164447,-0.154678,-0.760577,-0.49697,0.276298,-0.506806,0.193812,-0.328345,-0.212641,-0.130233,0.384586,0.015557,0.482617,0.395598,-0.047039,-0.238035,0.426252,-0.229745,0.322737,-0.390523,-0.402345,-0.193667,-0.125976,0.248858,-0.367824,-0.331644,0.110546,-0.311732,0.198705,-0.290602,0.21512,0.347955,-0.311984,0.021821,0.382013,0.264337,-0.138005,0.048419,0.019947,-0.148989,0.032621,0.162828,-0.155449,-0.027678,0.264337,-0.658711,0.001151,-0.024715,-0.377899,-0.379545,0.028342,0.236167,-0.414982,0.400078,-0.148989,0.158609,-0.167008,0.661005,0.026782,0.409921,0.026782,0.195382,-0.311984,0.012897,-0.263106,-0.189223,0.195382,-0.650964,-0.331644,0.019947,0.283803,-0.658711,0.086975,0.287927,-0.331644,-0.189223,0.213356,0.504112,0.231474,0.048419,0.347955,-0.377899,0.391538,-0.233562,0.513901,-0.414595,-0.148597,-0.242905,-0.148989,0.046544,-0.379545,0.001151,-0.28252,0.001151,0.395447,0.375139,0.032621,0.400883,-0.212047,0.026782,0.037087,0.182636,0.022394,0.213356,0.086093,-0.331644,-0.17785,-0.217228,-0.331644,0.012968,0.213356,0.541461,-0.263106,0.393782,-0.371176,0.291186,0.006615,-0.422948,-0.377899,-0.059666,-0.024715,0.283425,-0.311984,-0.197727,0.492749,0.541461,0.071675,-0.331644,0.0,0.239968,-0.090464,-0.331644,0.379682,-0.366697,-0.200928,-0.331644,0.197529,0.285352,-0.138005,0.230731,-0.547515,-0.141567,0.431146,-0.320307,-0.412603,-0.514725,0.359076,0.32246,0.200772,-0.353348,0.057867,-0.227908,0.001542,0.181443,-0.194739,-0.314559,-0.620955,-0.134342,-0.224103,#
19,0.260607,0.176893,-0.506275,0.233558,-0.217869,0.21425,-0.406752,0.236402,-0.161863,-0.38667,0.352786,0.29742,0.415226,0.358128,0.28379,0.461759,0.439181,-0.503454,0.347955,1.0,0.364035,0.340006,0.253546,-0.21799,-0.26981,0.666667,0.245789,0.457028,0.253546,-0.166627,0.103418,0.199855,0.249405,0.388339,0.134352,-0.166623,-0.935532,0.234107,-0.272078,-0.111111,-0.268052,0.193891,0.23365,0.335459,-0.1665,0.208035,0.32152,0.172011,-0.855953,0.271246,0.385926,0.103418,-0.403309,0.357212,0.364939,0.112497,0.237932,0.29742,-0.489092,0.197215,-0.664306,-0.267764,0.529803,0.201523,-0.2023,-0.989221,-0.111111,0.306547,-0.845992,0.194046,0.181521,0.274774,1.0,0.175129,-0.40542,0.179715,0.536868,0.247993,0.437602,0.447628,0.364144,-0.166667,-0.217859,0.266894,0.304586,0.536868,0.254,-0.407871,0.427398,0.437602,-0.272166,0.196262,0.241742,-0.407661,0.304586,0.364144,0.371012,-0.508338,0.2476,0.690124,0.171846,0.690124,0.35604,0.175129,0.214759,-0.218103,0.536868,0.35604,-0.218093,-0.111111,-0.271774,-0.217538,0.254,0.4669,0.254,-0.111111,0.536868,-0.508,0.20678,0.2834,0.437602,1.0,0.437602,0.352097,0.281926,0.202157,-0.272014,0.145479,0.114154,0.364144,0.311741,-0.272166,0.29806,0.153559,0.29806,0.427398,-0.111111,-0.166667,0.223694,0.247993,0.690124,0.31681,0.522634,0.223427,0.254,0.179605,-0.111111,-0.491415,-0.333153,-0.111111,0.304586,0.254,0.690124,-0.218103,0.428575,0.447628,-0.32275,-0.397364,0.29806,0.437602,0.417374,0.427398,0.612383,-0.992397,0.175129,-0.241286,0.690124,0.251358,-0.111111,0.0,0.244739,0.504219,-0.111111,0.167286,-0.241747,0.254,-0.111111,0.359028,-0.305748,0.247993,-0.475868,-0.30389,0.572611,0.301664,-0.994635,0.221072,0.201007,0.160227,0.486516,-0.177788,0.305016,-0.125347,-0.475868,-0.373703,0.572394,0.340236,-0.280125,-0.50796,0.300224,-0.218093,#
20,-0.127804,-0.299854,-0.322545,0.185181,-0.219865,-0.453785,-0.384048,0.387476,-0.485182,-0.438242,0.230649,0.041587,0.266936,0.179508,-0.137119,0.040394,0.061171,-0.188177,0.187728,0.364035,1.0,0.053119,0.217984,-0.190701,-0.80875,0.023236,0.6862,0.403617,-0.191146,-0.49946,0.412121,0.428049,0.648612,0.412689,-0.430815,-0.49945,-0.536319,-0.126985,-0.396556,0.338217,-0.069353,-0.473058,-0.196407,0.027346,0.023987,0.208551,0.248676,0.325477,-0.419173,-0.161189,0.226661,0.412121,-0.492033,0.338116,0.598153,0.452858,0.194968,0.420476,-0.281519,0.43636,-0.497156,-0.425078,0.248386,0.458804,0.015422,-0.271067,0.338217,0.355857,-0.101698,0.648303,0.164497,-0.191845,0.364035,0.410401,-0.398485,-0.216856,0.234098,0.212038,0.019146,0.441865,0.601836,0.487962,0.250233,0.255867,0.452497,0.234098,0.268542,-0.006014,0.445096,0.424043,0.385771,0.503757,0.651013,0.412519,0.452497,0.219275,0.271786,-0.2413,0.237055,0.526973,-0.260548,0.038154,0.621545,0.410401,0.557543,0.647326,0.234098,0.621545,0.225005,0.338217,-0.419948,-0.241775,0.268542,0.477356,0.226244,0.338217,0.250666,-0.209522,0.229782,0.696507,0.424043,0.364035,0.424043,0.153499,0.580771,0.520961,0.002547,-0.307615,0.68904,0.219275,0.429235,-0.009486,0.436872,-0.36181,0.82417,0.828799,0.312399,-0.015491,0.28718,0.669127,0.526973,0.878811,0.258468,0.375805,0.268542,0.617193,0.338217,-0.337313,0.18777,0.312399,0.452497,0.25182,0.508173,0.647326,0.443707,0.441865,-0.377587,-0.486698,0.436872,0.424043,0.543671,0.445096,-0.128707,-0.322081,-0.294952,-0.010261,0.508173,0.324457,0.338217,0.0,0.240378,0.240833,-0.333053,-0.272995,-0.803689,0.268542,-0.333053,-0.160948,-0.212298,0.212038,-0.238013,-0.634777,0.221289,0.416702,-0.376414,0.245837,0.017386,0.367095,-0.072967,-0.191554,0.413556,-0.471966,-0.656854,-0.399335,0.219166,-0.571716,-0.509802,-0.655373,-0.255689,-0.222978,#
