0,1.0,0.408637,-0.519901,-0.382464,-0.00228,-0.008574,0.004109,-0.296324,0.130599,0.574725,-0.119481,-0.380689,0.279377,0.395854,-0.214515,-0.044894,-0.532982,-0.513797,0.417631,-0.2474,0.179112,0.128855,0.391331,0.072982,0.392598,-0.532962,-0.766138,0.145128,-0.06119,0.363307,-0.266595,-0.234018,0.444045,-0.271442,0.431777,0.130599,0.225332,-0.06805,0.337962,0.0,-0.400582,0.291973,-0.255597,-0.195887,0.082759,0.092648,0.328243,0.299928,0.287558,-0.450654,-0.165116,-0.137192,0.059233,-0.391547,-0.362339,0.108309,0.296774,-0.06119,-0.595032,0.206912,0.411857,0.052202,-0.01936,0.377268,-0.549752,-0.172222,-0.339602,-0.177181,-0.25647,0.007875,-0.117291,0.393725,0.130599,-0.21952,-0.212834,-0.061224,-0.05482,0.297828,0.179538,0.612028,0.365202,0.167454,-0.139992,-0.603566,0.167454,0.006,-0.272465,0.080004,0.167454,-0.045554,-0.003315,-0.164711,0.167454,-0.337203,0.285531,0.167454,-0.35782,-0.064118,-0.098541,-0.530981,0.279377,0.14589,-0.036033,-0.121992,-0.438692,-0.121992,0.035232,-0.16516,0.368751,-0.210473,0.557961,0.368751,-0.148418,0.14589,-0.213123,0.403232,0.307304,-0.368503,0.129762,0.527486,0.445574,-0.271442,-0.156514,0.288219,-0.319611,0.215736,0.355401,-0.172407,-0.132483,-0.105554,-0.121992,-0.003315,-0.334111,0.484963,-0.156514,-0.406955,-0.271442,0.0,0.458045,0.167454,0.072982,0.165984,0.170994,-0.39957,0.025237,0.615368,0.0,-0.304639,0.239037,-0.271442,-0.139992,0.407338,-0.406172,-0.406285,0.380008,-0.09666,0.593204,-0.121538,-0.098541,-0.105554,-0.423985,0.414501,0.0,0.19096,0.276217,0.047818,0.365202,0.339955,0.130599,-0.53283,-0.080995,0.367815,0.376226,0.015514,0.609872,-0.156514,0.368751,-0.552856,-0.00388,-0.334111,-0.028609,0.373994,-0.532289,-0.081408,-0.18918,0.118384,0.158257,-0.0,-0.18317,0.684139,-0.14821,0.154233,0.254837,-0.044907,0.166718,0.664936,0.432958,0.293014,0.191752,0.166223,#
1,0.408637,1.0,-0.221024,0.224266,-0.484645,0.016229,0.491235,-0.103929,-0.36205,0.177063,-0.210162,-0.457743,-0.180862,0.257335,0.067987,-0.237264,0.358649,-0.221862,0.521346,-0.059328,0.588736,0.347916,-0.053072,-0.386512,-0.033864,-0.181394,-0.36844,-0.109455,-0.245691,-0.209356,-0.124875,-0.071384,0.491235,0.182656,0.02034,0.273984,-0.260942,-0.531498,0.077528,0.0,0.213584,0.749813,-0.320246,0.565907,0.201042,0.092659,0.21607,-0.398845,0.42814,-0.180862,0.084344,0.039526,0.250092,-0.124051,-0.519663,0.192826,0.636553,-0.245691,-0.399796,-0.209971,0.376073,0.175808,0.372493,-0.069382,-0.031001,-0.396116,-0.762693,-0.272547,-0.177196,-0.229327,-0.200751,-0.169586,-0.36205,-0.605553,-0.619637,-0.251175,-0.206817,0.100988,0.388157,0.427505,0.337608,-0.106074,0.100988,-0.487133,-0.106074,-0.035738,-0.122252,0.169009,-0.106074,-0.217341,-0.511322,-0.454939,-0.106074,-0.235338,0.106598,-0.106074,0.009184,-0.302654,0.323241,-0.239903,0.682576,0.273844,0.358139,-0.238616,-0.561693,-0.238616,0.487591,-0.282434,0.150039,-0.474728,0.205482,0.150039,0.067117,0.273844,-0.125464,-0.010318,0.337641,-0.503714,0.190135,0.131539,0.182656,-0.665389,-0.426071,0.113114,-0.370602,-0.435556,0.337376,-0.347799,-0.430173,0.336756,-0.238616,-0.511322,-0.34864,0.488894,-0.426071,-0.380028,0.182656,0.0,0.686097,-0.106074,0.249521,-0.122252,0.427164,-0.363814,-0.010332,0.201191,0.0,0.26699,0.086858,0.182656,0.100988,-0.278634,0.273317,-0.398602,-0.101748,0.335706,0.200109,-0.239108,0.323241,0.336756,-0.043692,0.358539,0.0,-0.648621,-0.255871,0.156414,0.337608,-0.04863,-0.36205,-0.772179,-0.272392,0.518635,-0.22798,-0.003861,0.367031,-0.426071,0.150039,-0.424412,-0.063986,-0.34864,-0.060985,0.318504,0.326121,0.28846,0.045935,-0.339274,-0.134037,-0.010346,-0.397726,0.575216,-0.436229,0.395939,-0.21439,-0.422576,-0.354017,0.272579,0.464732,-0.203229,-0.43307,0.387492,#
2,-0.519901,-0.221024,1.0,0.451415,0.162621,-0.181553,-0.173863,0.241687,-0.330875,-0.561564,0.594197,0.262927,0.237832,-0.298896,-0.388938,0.067338,0.487261,0.313372,0.197121,-0.138126,0.111515,-0.187845,-0.661168,0.242642,-0.206151,0.580594,0.120004,-0.003438,-0.131233,-0.432525,0.200167,0.288674,-0.264091,0.39705,-0.643692,0.2647,0.166892,0.339231,0.092318,0.0,0.056021,-0.516361,-0.150447,-0.203205,-0.330789,0.108108,-0.260233,-0.277742,-0.024785,0.207887,-0.29596,0.094964,0.145511,-0.033467,0.344067,-0.547411,0.155086,-0.131233,0.039155,-0.52682,-0.824567,-0.304013,0.243595,-0.315129,0.335756,0.030832,0.311765,-0.006215,0.21197,-0.176017,-0.136817,0.116909,-0.308817,0.314902,-0.040056,-0.104249,0.485284,0.16163,-0.148705,-0.148705,-0.016653,0.327055,0.538766,0.142614,0.327055,-0.281211,0.333245,0.420212,0.327055,0.585274,0.183343,0.057061,0.327055,0.204373,0.52615,-0.154271,0.659926,-0.244622,0.329453,0.517794,0.237832,0.141731,-0.00848,0.482949,0.174807,0.482949,-0.188697,0.129009,-0.220583,0.170426,-0.583242,-0.220583,0.073818,0.141731,0.327055,0.212437,0.014998,0.629995,-0.588297,0.092331,-0.191172,0.544106,0.065311,-0.370425,-0.174116,0.057061,-0.028881,-0.341546,0.082387,-0.020783,-0.036637,0.183343,0.419536,-0.25806,0.513155,0.708657,0.573517,0.0,-0.644139,0.327055,0.13235,0.412589,-0.033552,0.417234,0.290368,-0.081259,0.0,0.202227,0.073818,0.39705,0.538766,0.305777,0.160909,0.275782,0.466513,-0.012348,-0.604941,-0.193435,0.329453,-0.020783,0.230346,-0.016653,0.0,-0.094538,0.190854,-0.626557,-0.016653,0.274066,0.2647,0.465676,-0.139401,0.332022,0.116648,0.202758,-0.514515,0.513155,-0.220583,0.128619,-0.297279,0.419536,-0.648599,-0.015691,0.460445,-0.417762,-0.319322,0.408235,-0.165132,0.157046,0.172887,-0.309444,0.152134,-0.05821,-0.401993,0.111468,0.117864,-0.305239,-0.161975,0.204373,-0.201637,-0.162095,#
3,-0.382464,0.224266,0.451415,1.0,-0.649646,-0.205386,0.222553,0.370828,-0.762862,-0.489299,-0.033134,-0.205386,-0.255006,-0.286607,-0.030709,-0.076663,0.466736,0.257539,-0.23886,-0.30989,0.423747,0.261829,-0.686707,-0.223883,-0.258146,0.449117,0.111141,-0.420833,-0.345323,-0.5513,0.524112,-0.047741,-0.235337,0.237703,-0.249263,-0.203153,-0.158167,-0.147744,0.312728,0.0,0.327077,0.02021,-0.016741,0.135921,0.315013,-0.294486,-0.18857,-0.204358,0.185606,-0.198723,-0.090966,0.490734,-0.187066,-0.175487,0.07545,-0.379897,0.449971,0.182074,-0.064251,-0.15523,-0.324606,0.31531,0.71744,-0.189449,0.634309,0.003121,-0.343082,0.393163,0.027619,0.220667,0.2029,-0.128326,-0.244613,0.067289,0.059844,0.196711,0.411323,-0.094116,0.079829,-0.35364,-0.049873,0.086022,0.361572,0.336752,0.086022,-0.237896,0.107176,0.510745,0.086022,0.409604,-0.228041,-0.109182,0.086022,-0.241041,-0.084821,-0.366318,0.658611,-0.345074,0.755941,0.445519,0.504818,0.313751,0.427818,0.430076,-0.220754,-0.031092,0.642736,0.01886,-0.508575,-0.497876,-0.459253,0.210063,0.35011,0.313751,0.513232,-0.181671,-0.027484,0.198018,0.017902,0.019134,0.182423,0.210063,0.328711,-0.080094,0.472576,-0.109182,-0.510267,-0.267005,-0.130401,-0.031467,-0.519388,0.18812,0.034696,0.10759,-0.101906,0.335062,0.237703,0.0,-0.325775,0.086022,0.335825,0.090274,0.525945,0.122673,0.212079,0.01776,0.0,0.57618,0.35011,0.237703,0.361572,-0.345074,0.355688,0.333884,0.007551,-0.041556,-0.561944,-0.015521,0.755941,-0.031467,0.64574,-0.049873,0.0,-0.253501,-0.253496,-0.455067,-0.049873,0.221035,0.294365,-0.049342,0.176891,0.286799,-0.021607,0.218071,0.058359,-0.101906,-0.508575,-0.086095,-0.691222,0.034696,-0.225374,-0.076913,0.45211,-0.03482,-0.088288,-0.435743,-0.815779,-0.655623,-0.071375,-0.126614,-0.111233,-0.331659,-0.264874,-0.085163,0.150493,-0.196488,0.197017,-0.241041,-0.520686,0.0914,#
4,-0.00228,-0.484645,0.162621,-0.649646,1.0,-0.181092,-0.583361,-0.205189,0.515436,0.288735,0.18643,0.197191,0.353531,-0.184989,-0.027131,0.232276,-0.222349,0.071846,0.277043,0.399502,-0.449878,-0.258098,0.225537,0.476388,0.209078,-0.239816,-0.263767,0.074105,-0.00703,0.2538,-0.287148,0.169583,0.215873,0.343624,-0.171078,0.00781,0.135859,0.12579,-0.386478,0.0,-0.073618,-0.600946,0.212928,-0.128427,-0.499687,0.216253,-0.216546,0.300537,0.090674,0.353531,-0.410514,-0.328119,0.496217,0.423541,0.192875,0.195205,-0.406155,-0.484645,0.40274,0.290976,0.012763,-0.499645,-0.581463,-0.352757,-0.48338,-0.273321,0.792087,-0.378467,-0.101956,0.040499,-0.50409,0.184604,0.00781,0.405024,0.02,-0.468961,0.205943,0.010659,-0.014963,0.393291,0.197911,0.383243,0.010659,-0.362419,0.383243,0.198585,0.418187,-0.21721,0.383243,-0.21153,0.584028,0.401313,0.383243,0.385603,0.408334,0.399629,-0.179585,0.519416,-0.484633,0.256651,-0.33559,-0.006691,-0.210974,0.222478,0.602212,0.640115,-0.997656,0.196233,0.317592,0.424093,0.253179,-0.333211,-0.001297,-0.006691,-0.003641,0.566379,0.269033,0.220717,-0.182496,-0.176648,-0.333211,0.317592,0.026426,0.032126,-0.287582,0.401313,0.657822,0.367664,0.445208,0.23198,0.657803,0.20715,0.246567,-0.092657,0.416396,0.495102,-0.333211,0.0,-0.272733,0.383243,0.00781,0.020226,-0.810935,0.078136,-0.195161,0.207408,0.0,-0.385453,-0.001297,0.343624,0.010659,0.519416,0.03944,0.016961,0.295235,0.249612,0.29772,0.190035,-0.484633,0.23198,-0.159731,0.214616,0.0,0.426187,0.364883,0.243966,0.197911,0.265416,-0.011714,0.657167,-0.47332,-0.085036,0.186742,0.19596,-0.411285,0.416396,0.317592,0.003595,0.633784,0.246567,-0.181162,0.209539,-0.256857,-0.218558,-0.38033,0.66682,0.831973,0.632166,-0.025987,-0.408101,0.022766,-0.003435,-0.31663,-0.064423,0.194891,-0.038142,-0.596609,0.385603,0.555045,0.012753,#
5,-0.008574,0.016229,-0.181553,-0.205386,-0.181092,1.0,0.618599,0.450572,0.50763,-0.180076,-0.203161,0.624602,-0.304603,0.129317,-0.35382,-0.197044,0.235871,0.384251,-0.14586,-0.461033,-0.408169,-0.736005,0.216074,-0.49988,-0.199035,0.236753,0.293078,0.503439,0.054905,0.647551,-0.544277,-0.16114,-0.586654,-0.333253,0.596994,0.50763,-0.137507,-0.1289,-0.054967,0.0,-0.4918,0.427812,-0.158971,-0.036107,-0.005613,0.219216,0.268129,-0.459939,-0.692624,0.379262,0.033649,0.209457,-0.499625,0.012855,0.012955,-0.009092,-0.245788,0.528877,-0.418031,-0.239047,-0.002766,0.003868,0.068357,0.367366,-0.017882,0.332067,-0.319188,0.224755,-0.040204,-0.582363,0.513188,-0.325317,0.003875,-0.398995,-0.017141,0.473643,-0.654164,-0.038786,-0.815872,-0.410732,-0.654151,-0.815746,-0.448919,0.379698,-0.815746,-0.582398,-0.428564,-0.695872,-0.815746,-0.248083,-0.587142,-0.800568,-0.815746,-0.365907,-0.432903,-0.392967,-0.240499,-0.508292,-0.564459,-0.257725,-0.304603,-0.499625,-0.240253,-0.239699,-0.582398,-0.654151,0.159667,-0.213203,-0.333253,0.441863,0.187991,0.312586,-0.83941,-0.499625,-0.815746,-0.64151,0.160935,-0.211833,0.199805,-0.300277,-0.333253,-0.333253,-0.029685,-0.07032,-0.169353,-0.416765,-0.214783,0.15328,-0.449776,-0.232239,-0.197766,-0.213138,-0.243704,-0.183809,-0.41668,-0.499625,0.33842,0.0,0.150981,-0.815746,-0.0155,0.377084,0.350113,-0.072721,-0.240499,-0.652333,0.0,0.309206,-0.448538,-0.333253,-0.448919,-0.032677,-0.027542,-0.025702,-0.035058,-0.250084,-0.269501,0.352132,-0.564459,-0.232239,-0.609028,-0.223121,0.0,-0.430687,-0.370296,0.260904,-0.654151,-0.271464,-0.49988,-0.206382,0.509968,-0.001861,-0.265206,-0.623693,0.004911,-0.41668,-0.333253,0.447732,-0.165529,-0.243704,0.631635,-0.639148,0.300213,0.261231,0.840222,-0.229197,0.033741,0.208963,0.023338,-0.005436,-0.026358,0.423873,0.349922,0.101932,-0.293693,-0.041706,0.204466,0.269868,-0.551598,-0.009492,#
6,0.004109,0.491235,-0.173863,0.222553,-0.583361,0.618599,1.0,0.237456,0.011799,-0.292876,-0.195909,0.237576,-0.36482,0.079982,-0.404496,0.205486,0.249702,0.463976,-0.132602,-0.419988,-0.002747,-0.284696,0.172655,-0.499505,0.187866,0.250597,0.243065,0.080975,0.01016,0.227589,-0.451841,-0.595489,-0.223315,-0.333003,0.212881,0.523103,-0.148369,-0.548375,0.340273,0.0,0.048504,0.615834,-0.171763,0.344779,0.464387,0.237922,0.222693,-0.479339,-0.254669,0.329293,-0.009497,0.313773,-0.49925,0.107917,-0.354944,-0.038636,0.41958,0.491235,-0.436316,-0.299236,-0.0099,0.48288,0.583661,0.350148,0.319381,0.017339,-0.797078,0.18728,-0.077247,-0.612751,0.511763,-0.229717,-0.499505,-0.815284,-0.433111,0.47418,-0.653673,-0.020155,-0.43568,-0.404048,-0.65366,-0.815133,-0.436434,0.348093,-0.815133,-0.629612,-0.422159,-0.274728,-0.815133,-0.241524,-0.998236,-0.848312,-0.815133,-0.415727,-0.42016,-0.815133,-0.228414,-0.552711,-0.071644,-0.251329,0.329293,-0.49925,-0.233571,-0.232997,-0.629612,-0.65366,0.559079,-0.206174,-0.333003,0.01611,-0.255516,0.322515,-0.451899,-0.49925,-0.441034,-0.635456,0.173598,-0.621565,0.166835,0.07345,-0.333003,-0.333003,-0.443442,-0.107623,-0.183853,-0.83273,-0.207702,0.144564,-0.821307,-0.225426,-0.65366,-0.618628,-0.690203,0.141201,-0.836237,-0.49925,0.348736,0.0,0.25498,-0.815133,-0.007866,0.395562,0.368123,-0.525144,-0.228414,-0.315049,0.0,0.748826,-0.43603,-0.333003,-0.436434,-0.533402,-0.020108,-0.018238,-0.307771,-0.243556,-0.309166,0.325944,-0.071644,-0.225426,-0.217256,-0.216171,0.0,-0.727068,-0.419706,0.196771,-0.65366,-0.259934,-0.499505,-0.653673,0.449468,0.107696,-0.258932,-0.617337,0.373432,-0.836237,-0.333003,0.391677,-0.236385,-0.690203,0.57458,-0.66596,0.286314,0.646902,0.78845,-0.672146,-0.413048,-0.204701,-0.378895,0.369676,-0.443806,0.417607,0.269797,0.037495,-0.675908,-0.034505,0.568955,-0.389915,-0.597016,0.388576,#
7,-0.296324,-0.103929,0.241687,0.370828,-0.205189,0.450572,0.237456,1.0,0.279509,-0.199007,-0.476596,0.450572,-0.13864,-0.057472,-0.091604,0.009752,0.36588,0.511998,-0.018924,-0.500068,-0.223112,-0.155716,-0.429975,-0.69877,-0.545452,0.247207,0.196672,0.450104,-0.103929,0.249752,-0.285065,-0.038202,-0.312211,0.186339,0.451396,0.279509,0.059573,-0.04734,0.223241,0.0,-0.044767,0.19464,0.464735,0.169692,-0.136867,-0.278864,0.26575,-0.144139,-0.295583,-0.13864,-0.201142,0.869058,-0.534785,-0.309065,0.67475,0.200087,-0.248303,0.579826,-0.340832,0.043728,-0.078756,-0.144861,0.532578,-0.146805,-0.160425,0.300528,-0.22301,0.708768,0.160514,-0.308992,0.628697,-0.074069,0.279508,0.340549,0.338376,0.569832,0.24155,-0.120473,-0.442972,-0.21818,-0.351701,-0.325803,-0.120473,0.22087,-0.325803,-0.314598,-0.348537,-0.362075,-0.325803,0.238779,-0.203122,-0.319178,-0.325803,-0.0,-0.112776,-0.208514,0.439422,-0.129153,-0.286492,0.233284,-0.13864,0.279365,0.365361,0.119579,-0.430165,-0.478312,0.21918,-0.408678,-0.931693,-0.020566,-0.0,0.0,-0.338326,0.279365,0.117289,-0.229233,0.253387,0.442423,0.489866,-0.374984,0.186339,-0.0,0.453195,0.371135,0.344097,-0.208444,-0.365961,-0.099286,-0.234765,-0.380383,-0.351701,0.336419,0.0,0.270845,-0.105087,0.135692,0.186339,0.0,-0.143994,-0.325803,0.139754,0.221186,0.35429,0.171215,-0.229548,-0.31129,0.0,0.325394,-0.22555,0.186338,-0.120473,0.008073,0.278828,0.13125,0.270937,-0.394898,-0.42715,0.358343,-0.286492,-0.380383,0.208005,0.365769,0.0,2e-06,-0.171974,-0.228703,-0.351701,0.329739,0.139754,0.24155,0.585926,0.089519,0.235637,-0.22059,0.158279,-0.105087,-0.931693,0.371702,-0.326909,0.0,0.267448,-0.34992,0.400402,0.165425,0.381168,0.007036,-0.215179,-0.111649,-0.076867,-0.33178,-0.112617,-0.209708,-0.137362,0.397013,0.1919,0.278075,0.263883,0.183436,-0.283889,0.114109,#
8,0.130599,-0.36205,-0.330875,-0.762862,0.515436,0.50763,0.011799,0.279509,1.0,0.373363,-0.327246,0.50763,0.202325,0.267304,-0.073741,0.239857,-0.327254,0.218796,0.101549,0.02899,-0.606986,-0.368091,0.531278,-0.25,0.034303,-0.327241,0.098681,0.679635,0.273984,0.79012,-0.745305,-0.153762,0.011799,-0.166667,0.519668,0.375,0.279727,0.038108,-0.087857,0.0,-0.245959,0.087047,0.373257,0.019797,-0.249935,0.056886,0.407479,0.209496,-0.451642,0.202325,-0.091953,0.139517,-0.249873,0.070717,0.324959,0.512039,-0.640886,0.273984,-0.119624,0.234658,0.272375,-0.249539,-0.338057,0.09848,-0.683006,0.147841,0.194718,0.090563,0.009571,-0.442194,0.289679,0.152375,0.375,0.109195,0.116405,0.254837,-0.32716,-0.101769,-0.408034,0.094617,-0.327154,-0.407971,-0.610614,-0.071837,-0.407971,0.017228,-0.407661,-0.762001,-0.407971,-0.326637,0.011355,-0.087393,-0.407971,0.202674,-0.106803,0.116563,-0.498622,0.267136,-0.995703,-0.326025,-0.646134,-0.249873,-0.326789,-0.327154,0.017228,-0.327154,-0.499011,-0.324918,-0.166667,0.466021,0.357654,-0.166667,-0.61115,-0.249873,-0.407971,-0.058581,0.20539,0.017205,0.34925,-0.248194,-0.166667,-0.166667,-0.082245,0.371007,-0.185568,-0.087393,0.218218,0.350004,-0.13403,-0.32714,0.239074,0.011355,-0.190194,0.100446,-0.082245,-0.249873,-0.166667,0.0,0.189797,-0.407971,-0.25,0.101915,-0.405616,-0.15778,-0.498622,-0.214176,0.0,-0.272853,-0.61115,-0.166667,-0.610614,0.267136,-0.249392,-0.249461,0.095465,-0.326551,0.298698,0.391026,-0.995703,-0.32714,-0.498124,0.207617,0.0,0.285716,0.192272,0.37259,-0.327154,-0.0251,-0.25,0.228395,0.277449,-0.380303,0.15328,-0.499056,0.121345,-0.082245,-0.166667,0.428362,0.544926,-0.190194,0.530148,-0.305866,-0.292353,0.23251,0.439271,0.339925,0.643755,0.528681,-0.096252,-0.087678,-0.077027,0.109955,0.204765,0.423388,-0.08209,0.316551,0.019669,0.202674,0.387225,0.102062,#
9,0.574725,0.177063,-0.561564,-0.489299,0.288735,-0.180076,-0.292876,-0.199007,0.373363,1.0,-0.521477,-0.600655,0.509347,0.632729,0.307904,-0.112841,-0.508628,-0.258723,0.317131,0.479556,0.297163,0.417564,0.612498,-0.21273,0.161236,-0.988804,-0.510969,0.112611,-0.353955,0.470106,-0.098319,-0.098945,0.630557,0.248909,0.278368,-0.191023,0.374502,-0.215739,-0.06297,0.0,0.218331,0.286279,0.022244,0.292449,0.22357,-0.512022,0.57755,0.651677,0.093925,-0.256827,-0.142465,0.030458,0.352096,-0.048675,-0.267645,0.469804,-0.333222,-0.353955,-0.118209,0.465683,0.746361,0.17767,-0.405072,-0.319232,-0.658429,-0.547548,0.067133,-0.418338,-0.587723,0.231942,-0.329051,0.466173,0.373363,0.142319,-0.285025,-0.373345,-0.013078,-0.457209,0.487175,0.591921,0.470015,0.118416,-0.457209,-0.563246,0.118416,0.627463,-0.329189,0.013233,0.118416,-0.476472,0.267974,0.319715,0.118416,-0.158548,-0.015662,0.592079,-0.579638,0.230446,-0.338702,-0.484638,-0.256827,0.373173,0.025148,-0.041298,0.160755,-0.041298,-0.23583,-0.570356,0.219966,-0.492595,0.664791,0.219966,-0.120762,0.373173,0.032387,0.250255,0.469334,-0.135247,0.548054,-0.041703,0.248909,-0.503606,-0.006733,0.793256,-0.016034,0.405715,0.469899,0.098701,-0.067498,-0.003409,0.470015,0.267974,-0.313771,0.631852,-0.006733,-0.207043,-0.503606,0.0,0.579382,0.118416,0.351656,-0.329189,-0.325336,-0.462247,-0.596956,0.509548,0.0,-0.472775,-0.033179,0.248909,-0.457209,0.337017,-0.15537,-0.75378,0.177513,0.016665,0.967695,0.106198,-0.338702,-0.003409,-0.283687,0.488589,0.0,0.429185,0.522545,0.463578,0.470015,0.215108,-0.191023,-0.013078,-0.360822,-0.255827,-0.032607,-0.162647,0.460315,-0.006733,0.219966,-0.578673,0.611404,-0.313771,0.12889,0.446914,-0.57623,-0.167381,-0.166455,0.152605,0.565648,0.30399,-0.499776,0.297256,-0.443681,-0.354033,-0.263136,-0.079691,0.371419,0.371449,0.150516,-0.016089,0.433672,0.485632,#
10,-0.119481,-0.210162,0.594197,-0.033134,0.18643,-0.203161,-0.195909,-0.476596,-0.327246,-0.521477,1.0,0.213974,0.208635,-0.190176,-0.440856,0.041312,0.066228,-0.230663,0.119808,-0.067621,0.028929,-0.289061,-0.227122,0.749221,0.199828,0.523713,0.101091,-0.042349,0.316507,-0.427781,0.204487,0.286459,-0.230457,-0.218164,-0.654073,0.232517,0.108058,0.578614,0.028063,0.0,-0.321957,-0.530733,-0.517371,-0.60261,-0.327161,0.540236,-0.386503,-0.289215,-0.013471,0.208635,0.095163,-0.635528,0.19551,-0.028124,-0.078357,-0.688574,0.296612,-0.210162,0.067393,-0.648233,-0.797675,-0.28449,-0.177852,0.287217,0.361414,0.228244,0.316231,-0.318202,0.350471,-0.14436,-0.28116,0.096761,-0.327246,-0.088691,-0.082201,-0.185144,0.050182,0.531825,-0.101241,-0.101241,0.032291,0.344307,0.531825,0.093621,0.344307,-0.233619,0.369859,0.414509,0.344307,0.509354,0.201632,0.077267,0.344307,0.200469,0.519356,-0.107408,0.222277,-0.216123,0.324578,0.078614,0.208635,-0.327079,-0.427761,0.059381,0.211463,0.519912,-0.227555,0.50739,0.499481,0.489616,-0.527344,-0.218164,0.094224,-0.327079,-0.082313,0.231053,-0.426455,0.202295,-0.997447,0.508118,-0.218164,0.499481,-0.344422,-0.792363,-0.515745,0.077267,0.041343,-0.329126,0.21084,0.05071,0.032291,-0.213953,0.413842,-0.641942,0.506515,0.22625,0.528186,0.0,-0.440376,0.344307,-0.327246,0.360566,-0.076847,0.372939,0.651677,-0.059022,0.0,-0.153516,0.094224,-0.218164,0.531825,0.301179,-0.32645,0.242125,0.207173,0.060375,-0.374719,-0.542539,0.324578,0.05071,-0.186887,-0.428239,0.0,-0.105804,0.187105,-0.522695,0.032291,-0.16255,0.210987,0.050182,-0.218224,0.246837,0.068641,0.221284,-0.532016,0.506515,0.499481,0.078404,-0.205794,0.413842,-0.645627,0.059051,0.076789,-0.417694,-0.343057,0.402673,-0.075213,0.19729,0.519365,0.111749,0.518627,0.361159,0.201026,0.039049,-0.179433,-0.325569,-0.205744,0.200469,0.009403,-0.53439,#
11,-0.380689,-0.457743,0.262927,-0.205386,0.197191,0.624602,0.237576,0.450572,0.50763,-0.600655,0.213974,1.0,-0.304603,-0.368669,-0.35382,0.225435,0.235871,0.384251,-0.14586,-0.461033,-0.794814,-0.736005,-0.168016,-0.0155,-0.184265,0.64802,0.492586,0.503439,0.528877,0.246799,-0.544277,0.037471,-0.586654,-0.333253,0.225228,0.50763,-0.137507,0.264889,-0.054967,0.0,-0.4918,-0.194913,0.26837,-0.291819,-0.49975,0.541393,-0.201811,-0.459939,-0.457851,0.379262,0.033649,0.080735,-0.499625,0.062678,0.552623,-0.009092,-0.245788,0.528877,-0.029248,-0.239047,-0.457708,-0.461023,0.068357,0.367366,-0.017882,0.644552,0.122493,0.458713,0.553218,-0.582363,0.513188,-0.325317,0.003875,0.001871,0.388826,0.527507,-0.223604,0.37877,-0.815872,-0.410732,-0.654151,-0.409228,-0.031363,0.402896,-0.409228,-0.582398,-0.010407,-0.671266,-0.409228,0.190055,-0.191138,-0.394188,-0.409228,0.307267,-0.019038,-0.392967,0.168668,-0.0047,-0.536089,0.197084,-0.304603,-0.499625,-0.240253,-0.21532,-0.181849,-0.21532,-0.231674,0.258949,-0.333253,0.869564,-0.232736,-0.333253,-0.425545,-0.499625,-0.409228,-0.232905,-0.223289,0.188188,-0.218506,-0.196303,-0.333253,0.312586,-0.00692,-0.42343,-0.169353,-0.394188,-0.214783,0.15328,0.000346,-0.232239,-0.197766,-0.191138,0.198501,-0.504353,-0.00692,-0.00166,0.33842,0.0,-0.374354,-0.409228,-0.49988,0.400315,0.006287,0.358858,0.168668,-0.652333,0.0,0.168231,-0.425545,-0.333253,-0.031363,-0.0047,-0.027542,0.486065,-0.006602,-0.250084,-0.646349,0.203092,-0.536089,-0.232239,-0.19042,-0.223121,0.0,-0.153897,-0.333043,-0.135434,-0.654151,-0.1742,-0.0155,0.224178,0.539832,-0.001861,0.180269,-0.218931,-0.360813,-0.00692,-0.333253,0.844131,-0.139778,0.198501,0.280894,-0.611585,0.328535,0.288533,0.48454,0.209878,0.059458,0.208963,0.422961,-0.371326,0.386925,0.448936,0.389595,0.393014,-0.35153,-0.041706,-0.151216,0.307267,-0.108824,-0.404986,#
12,0.279377,-0.180862,0.237832,-0.255006,0.353531,-0.304603,-0.36482,-0.13864,0.202325,0.509347,0.208635,-0.304603,1.0,0.636506,-0.305023,0.181593,-0.48484,-0.070138,0.375129,0.246293,0.38921,0.223877,0.302858,0.137059,0.275725,-0.513279,-0.279238,0.325813,-0.180862,0.237483,0.008364,-0.0785,0.329293,0.134883,-0.298989,0.202325,0.92118,0.352184,0.384912,0.0,0.124391,-0.200678,-0.240067,-0.193465,0.105064,-0.396179,0.587107,0.603855,-0.170103,-0.151815,-0.286711,0.035382,0.170537,-0.295553,-0.014537,-0.203498,-0.193652,-0.180862,-0.310181,-0.169489,-0.179976,0.102981,-0.208469,-0.186823,-0.359764,-0.300346,0.272023,-0.383277,-0.305092,-0.086187,-0.18995,0.925655,0.202325,0.303225,-0.329723,-0.169951,0.235764,-0.210671,0.251487,0.303977,0.236844,0.276917,-0.210671,-0.263807,0.276917,0.327871,-0.375934,0.47412,0.276917,0.23483,0.352461,0.390139,0.276917,-0.019148,0.440387,0.304305,-0.26111,-0.107814,-0.153672,-0.430675,-0.151815,0.202222,-0.431416,0.20728,0.300886,0.20728,-0.320412,-0.52874,0.091373,-0.225874,-0.09187,0.091373,-0.256673,0.202222,0.251052,0.349453,0.237777,0.376848,-0.157487,0.473175,0.134883,0.091373,-0.197228,0.418523,-0.275783,0.415996,0.236421,-0.26962,-0.20936,-0.47485,0.236844,0.352461,-0.130753,0.332105,0.440774,0.168674,0.134883,0.0,-0.000531,0.276917,0.169692,0.275142,-0.383196,-0.239996,-0.287145,0.478063,0.0,-0.430559,-0.23034,0.134883,-0.210671,0.708329,-0.591663,-0.629418,0.640697,-0.443826,0.489094,-0.168353,-0.153672,-0.47485,-0.33012,0.264766,0.0,0.523997,0.990105,-0.287233,0.236844,0.348771,0.169692,0.235764,-0.207437,-0.1808,0.233594,-0.279357,0.238824,0.440774,0.091373,-0.307449,0.31974,-0.130753,-0.389384,0.225254,-0.549525,-0.573523,-0.315278,0.558913,0.290729,0.378021,-0.256845,0.379968,-0.20372,-0.419097,-0.185762,0.431965,0.374257,0.201288,0.311856,0.023684,0.471316,0.250461,#
13,0.395854,0.257335,-0.298896,-0.286607,-0.184989,0.129317,0.079982,-0.057472,0.267304,0.632729,-0.190176,-0.368669,0.636506,1.0,0.008087,-0.224625,-0.312895,-0.246495,0.302069,0.223618,0.550691,0.3097,0.503158,-0.426658,-0.031583,-0.640315,-0.028318,0.526136,-0.083699,0.377067,-0.072188,-0.043736,0.294293,-0.11309,0.130279,0.267304,0.655419,0.145571,0.236815,0.0,0.097737,0.559531,-0.363334,0.131481,0.31915,-0.500806,0.930813,0.295127,-0.403286,-0.270679,0.249986,0.087155,-0.044772,-0.446396,-0.242446,0.083205,-0.261338,0.042051,-0.523914,-0.281726,0.257239,0.30332,-0.210955,0.031049,-0.350152,-0.138728,-0.270692,-0.333738,-0.30642,-0.252002,0.07393,0.559054,0.395815,-0.127979,-0.412878,0.008098,-0.313377,-0.351549,0.253278,0.191266,0.144111,-0.261245,-0.477103,-0.184145,-0.261245,0.409612,-0.800505,0.151459,-0.261245,-0.087311,-0.09269,0.020964,-0.261245,-0.210748,-0.05966,0.299594,-0.502376,-0.340553,-0.266155,-0.884885,-0.270679,0.121106,-0.277075,-0.35135,-0.142992,-0.461309,0.219625,-0.832886,0.058259,-0.36652,0.177678,0.229607,-0.504972,0.121106,-0.179756,-0.213803,0.113881,0.01757,0.24155,0.241925,0.263877,-0.627135,-0.346918,0.551533,-0.249225,0.04133,0.024678,-0.390878,-0.513057,-0.430502,0.144111,0.006537,-0.32459,0.376744,0.052908,-0.565895,0.263877,0.0,0.657722,-0.261245,0.087388,-0.057197,0.081838,-0.333679,-0.39985,0.072666,0.0,-0.403945,-0.484231,-0.11309,-0.477103,0.302252,-0.529781,-0.938675,0.193876,-0.41342,0.618318,-0.270467,-0.266155,-0.430502,-0.574928,0.166102,0.0,0.113094,0.594008,0.035752,0.144111,-0.175089,-0.272444,-0.313377,0.016323,-0.321843,-0.197376,-0.609485,0.469767,0.052908,0.058259,-0.280538,0.295284,-0.32459,0.061284,0.13178,-0.347152,-0.257295,0.217852,0.116103,0.178219,0.338801,-0.25262,0.667874,-0.235014,-0.160122,0.078944,0.331516,0.068591,0.277556,0.612573,-0.177013,0.117212,0.247633,#
14,-0.214515,0.067987,-0.388938,-0.030709,-0.027131,-0.35382,-0.404496,-0.091604,-0.073741,0.307904,-0.440856,-0.35382,-0.305023,0.008087,1.0,-0.381616,0.130044,-0.394892,-0.065731,0.605085,0.130259,0.592425,-0.073286,-0.196642,-0.496415,-0.322617,0.181674,-0.1833,0.067987,-0.334332,0.373681,0.496375,0.35345,0.305888,0.065506,-0.606313,-0.40425,-0.053288,-0.603101,0.0,0.404549,0.204527,0.400631,0.45028,-0.124708,-0.363983,-0.084897,0.090842,0.276544,-0.305023,0.550054,-0.10582,0.339269,0.083014,0.133889,0.616187,-0.371004,-0.332881,0.577456,0.389658,0.611328,-0.155388,-0.385092,-0.406671,-0.142208,-0.03788,0.167167,-0.044191,0.117319,0.505256,-0.252423,-0.401247,0.458831,0.308148,0.301387,-0.343189,0.127049,-0.280169,0.617086,0.221717,0.495276,0.204381,0.153426,-0.213462,0.204381,0.788957,0.188227,-0.122787,0.204381,-0.310448,0.386653,0.546103,0.204381,0.415623,-0.266802,0.651344,0.065367,0.591083,0.073424,0.098302,-0.305023,0.458598,0.599764,-0.337744,0.348556,0.012784,0.047506,-0.015973,0.142019,-0.302651,0.362952,-0.404209,0.534382,0.458598,0.269324,-0.00768,-0.277147,0.084957,0.443281,-0.564558,0.305888,-0.404209,0.245288,0.27689,0.416229,0.156575,0.028607,-0.000342,0.497835,0.491048,0.495276,0.070334,0.371923,0.017041,0.172125,-0.088912,-0.404209,0.0,0.411431,0.204381,-0.073741,-0.98868,-0.065637,0.307828,-0.032683,-0.126348,0.0,-0.405388,0.137679,0.305888,0.153426,-0.383801,0.457715,-0.104842,-0.548248,0.487936,0.337393,-0.217651,0.073424,0.491048,0.420525,0.144748,0.0,0.131098,-0.264661,0.350532,0.495276,-0.346737,-0.073741,0.127049,-0.281883,-0.358173,-0.300158,0.373904,-0.152007,0.172125,0.142019,-0.189002,0.365461,0.371923,0.044073,0.489095,0.110187,0.097446,-0.193816,-0.075096,0.214897,-0.007701,0.149616,-0.305477,0.162731,-0.203922,-0.234882,-0.284681,0.118866,-0.025195,-0.386343,-0.229636,0.240085,-0.153868,#
15,-0.044894,-0.237264,0.067338,-0.076663,0.232276,-0.197044,0.205486,0.009752,0.239857,-0.112841,0.041312,0.225435,0.181593,-0.224625,-0.381616,1.0,-0.42815,0.431377,-0.10481,-0.097529,-0.358989,0.018222,0.212327,0.218052,0.677843,0.034714,0.034802,-0.035869,0.296153,0.09778,-0.447629,-0.70409,0.205486,-0.218052,-0.182349,0.239857,0.336924,-0.19943,0.547551,0.0,0.27689,-0.309531,0.471318,0.046621,0.185518,0.21755,-0.057542,0.326092,0.166698,0.181593,-0.398569,0.227151,-0.326911,0.228214,0.12957,0.124008,0.240751,0.296153,0.044764,0.224001,-0.19497,0.216813,0.373038,0.15003,-0.067582,-0.067991,-0.024854,0.25189,0.139413,-0.278307,0.304678,0.388306,-0.327078,-0.082709,-0.076147,0.355229,0.056532,0.132623,-0.112957,-0.077883,-0.428019,-0.07625,-0.328948,0.097118,-0.07625,-0.244926,-0.062747,-0.046524,-0.07625,0.065745,-0.207979,0.071651,-0.07625,0.244116,0.123688,-0.533753,-0.191868,0.333754,-0.206898,0.085309,0.181593,-0.326911,-0.427541,0.065849,0.205858,0.065849,-0.230056,0.106273,-0.218052,0.159913,-0.501903,-0.218052,0.088496,-0.326911,0.338552,0.206933,0.055596,-0.202586,-0.055385,0.393168,-0.218052,0.508788,-0.338177,0.032359,-0.035529,-0.34301,0.066616,0.435133,-0.282513,-0.428001,-0.428019,-0.207979,-0.497665,0.240669,-0.338177,0.233508,-0.218052,0.0,-0.326946,-0.07625,-0.327078,0.399488,-0.530672,-0.479635,-0.191868,0.330647,0.0,0.314139,-0.333803,-0.218052,-0.328948,-0.180101,-0.326282,0.249579,-0.029463,-0.42723,-0.092699,0.420449,-0.206898,-0.428001,0.246547,0.057069,0.0,0.218053,0.230589,-0.068818,-0.428019,0.270921,0.218052,0.056532,0.280308,-0.171089,0.509702,-0.197395,0.351029,-0.338177,-0.218052,0.491841,0.206924,-0.497665,0.201313,-0.429948,-0.413087,0.505148,0.075483,-0.01702,-0.079882,-0.200331,-0.350799,0.07765,-0.333334,-0.077851,0.158059,0.480663,-0.333912,0.187352,0.212726,-0.442776,0.49277,0.356077,#
16,-0.532982,0.358649,0.487261,0.466736,-0.222349,0.235871,0.249702,0.36588,-0.327254,-0.508628,0.066228,0.235871,-0.48484,-0.312895,0.130044,-0.42815,1.0,0.228127,0.218087,-0.073186,0.124489,-0.16441,-0.653931,-0.327254,-0.653594,0.54848,0.252031,-0.048874,-0.182526,-0.427791,0.062046,0.467549,-0.218811,0.490881,-0.212579,0.224987,-0.567776,-0.175288,-0.424084,0.0,0.116057,0.221317,-0.107575,0.391956,-0.327169,0.189743,-0.272254,-0.826216,0.037851,0.264847,0.117751,0.106534,0.219616,0.143061,0.121536,-0.039858,0.161972,-0.182526,0.106708,-0.441559,-0.20363,-0.325865,0.243052,-0.382438,0.33997,0.004399,-0.158528,-0.00494,0.191066,-0.247487,-0.128256,-0.660172,-0.327254,-0.118488,-0.121901,-0.198635,0.018181,0.047018,-0.106438,-0.106438,0.026766,-0.11253,0.479974,0.047018,-0.11253,-0.238668,0.323712,-0.089357,-0.11253,0.016445,-0.243392,-0.379421,-0.11253,0.11686,0.048544,-0.11253,0.600871,-0.271715,0.261157,0.476918,0.264847,0.189243,0.488582,0.026766,-0.238668,0.026766,0.186632,0.053165,-0.218169,0.07224,-0.109728,-0.218169,0.048544,0.189243,-0.11253,-0.228132,0.085757,0.167036,-0.089357,-0.509286,-0.218169,-0.218169,0.040373,-0.321639,-0.137008,-0.379421,0.035706,-0.274384,0.005117,0.507454,0.026766,-0.243392,0.358927,-0.21463,0.040373,0.189243,0.518152,0.0,-0.002218,-0.11253,0.204534,-0.109866,0.365033,0.414591,0.176614,-0.525675,0.0,0.39983,0.048544,0.490881,0.479974,-0.271715,0.753658,0.192087,-0.122561,0.496159,-0.55922,-0.149991,0.261157,0.507454,0.206221,0.026766,0.0,-0.72464,-0.575735,-0.043035,0.026766,-0.195086,-0.327254,0.018181,-0.177809,0.419219,-0.426373,0.176611,-0.531681,0.040373,-0.218169,0.111937,-0.239222,0.358927,-0.188303,0.023278,0.991417,0.080701,0.114788,-0.096822,-0.108593,0.186469,0.110246,-0.358661,0.038781,0.367239,-0.450643,-0.407844,-0.249104,-0.325576,-0.211339,0.11686,-0.704236,-0.100201,#
17,-0.513797,-0.221862,0.313372,0.257539,0.071846,0.384251,0.463976,0.511998,0.218796,-0.258723,-0.230663,0.384251,-0.070138,-0.246495,-0.394892,0.431377,0.228127,1.0,-0.329145,-0.117671,-0.298867,-0.436144,0.042607,-0.315474,0.146462,0.227893,0.276469,-0.075419,-0.351315,0.342846,-0.30445,-0.533934,-0.389368,0.230669,-0.04068,0.218796,0.064253,-0.476749,0.142728,0.0,0.311306,-0.11366,0.21116,0.292258,0.320998,-0.092091,0.007701,-0.049418,-0.368142,0.655152,-0.569271,0.558727,-0.296423,0.501401,0.079369,-0.097538,-0.099703,0.295949,0.059533,0.057312,-0.217352,0.340482,0.389688,-0.287294,0.294614,-0.226497,0.00406,0.218731,-0.311298,-0.30232,0.320458,-0.020766,-0.442681,-0.087963,-0.191906,0.290457,-0.135185,-0.458615,-0.551004,-0.530543,-0.712471,-0.514816,-0.458615,0.519779,-0.514816,-0.497205,-0.072723,-0.246853,-0.514816,-0.248536,-0.464062,-0.3593,-0.514816,-0.254967,-0.349736,-0.621575,-0.059697,-0.233059,-0.241698,0.351689,-0.070138,-0.334203,-0.262395,0.452786,0.049791,-0.113196,-0.089232,-0.162021,-0.6513,0.073883,-0.345511,0.230669,-0.370266,-0.334203,-0.010676,-0.395845,0.450899,-0.054161,0.208081,-0.330943,-0.6513,0.230669,0.082741,0.099887,0.187739,-0.339142,-0.12436,0.560751,-0.467386,-0.242363,-0.228442,0.046683,-0.443879,0.099093,-0.445747,0.345827,0.061059,0.0,-0.428237,-0.514816,0.346003,0.466594,-0.248699,-0.36439,-0.58742,-0.226678,0.0,0.756497,-0.349736,0.230669,-0.458615,-0.208078,0.226195,0.225791,-0.003587,-0.249305,-0.383711,0.797425,-0.241698,-0.242363,0.094543,-0.14649,0.0,-0.206445,-0.084137,0.21293,-0.712471,0.187999,-0.315474,0.339721,0.266976,-0.170288,-0.157547,-0.478577,-0.022502,-0.445747,-0.6513,0.488497,0.016772,-0.443879,0.458451,-0.742117,0.214211,0.312045,0.500937,-0.329528,-0.100768,-0.04065,-0.523063,-0.407145,-0.554257,-0.196938,-0.285482,0.102017,-0.146118,-0.373683,0.014144,-0.221575,-0.312408,0.544248,#
18,0.417631,0.521346,0.197121,-0.23886,0.277043,-0.14586,-0.132602,-0.018924,0.101549,0.317131,0.119808,-0.14586,0.375129,0.302069,-0.065731,-0.10481,0.218087,-0.329145,1.0,0.041495,0.319031,0.216867,-0.156753,-0.067699,-0.139081,-0.249533,-0.525881,0.384059,-0.038422,-0.092699,-0.372229,0.314023,0.650229,0.406197,-0.133283,0.545827,0.163673,0.031819,-0.004191,0.0,-0.029818,0.243427,-0.135822,0.236552,-0.490693,0.206482,0.2688,-0.186012,0.393198,-0.227994,-0.123691,-0.07916,0.485737,-0.289859,0.032999,0.267389,0.243142,-0.452452,-0.377886,-0.274038,0.091244,-0.511033,0.00208,-0.257792,-0.60752,-0.292073,-0.133752,-0.389324,0.073868,-0.40465,-0.4176,0.220666,-0.046543,-0.003502,-0.42752,-0.435229,0.214381,0.351375,0.359909,0.836317,0.592889,0.34327,0.316927,-0.858377,0.34327,0.146566,-0.0069,0.111772,0.34327,0.117795,0.133757,-0.057192,0.34327,0.303167,0.780491,0.34327,0.168782,0.043013,-0.101113,-0.152295,0.375129,0.500237,0.247696,-0.171648,-0.220821,0.190389,-0.261816,-0.31712,0.236948,-0.058532,0.276287,-0.327214,-0.034947,0.500237,0.007891,0.588934,0.393649,0.14249,-0.103174,0.198452,0.265156,-0.327214,-0.384187,0.177581,-0.714397,-0.057192,0.723888,-0.543572,-0.064273,0.223687,0.190389,-0.192948,0.111592,0.417208,0.287942,0.043499,0.265156,0.0,0.429987,0.34327,0.059237,0.02354,-0.030463,0.010682,0.067513,0.326241,0.0,-0.300683,-0.034947,0.406197,0.316927,0.45359,0.093388,-0.489763,0.493168,0.240924,0.30309,-0.432235,-0.101113,0.223687,-0.20904,0.737704,0.0,-0.140236,0.283113,-0.151345,0.592889,0.276769,-0.046543,-0.180532,-0.463578,0.560998,0.223105,0.1595,0.055679,0.287942,0.236948,-0.359036,0.266786,0.111592,-0.517351,0.603391,0.176892,-0.134989,-0.368179,0.605576,0.461878,0.604477,-0.142426,0.370071,-0.141198,0.368033,-0.382951,-0.062181,-0.055069,0.529635,0.21061,0.303167,0.113455,0.131281,#
19,-0.2474,-0.059328,-0.138126,-0.30989,0.399502,-0.461033,-0.419988,-0.500068,0.02899,0.479556,-0.067621,-0.461033,0.246293,0.223618,0.605085,-0.097529,-0.073186,-0.117671,0.041495,1.0,0.268735,0.411018,0.368591,0.132526,0.026645,-0.531258,0.120401,-0.277092,-0.164691,-0.156382,0.294367,0.247076,0.443965,0.447275,-0.463544,-0.405861,0.023831,-0.119104,-0.571977,0.0,0.63638,-0.073875,0.007307,0.439891,0.101228,-0.324464,0.036322,0.298281,0.088869,0.246293,0.196435,-0.390924,0.67057,0.498195,-0.279926,0.29268,-0.384516,-0.69151,0.670058,0.158515,0.365947,0.090944,-0.66082,-0.614491,-0.039173,-0.532566,0.481329,-0.674779,-0.31267,0.334299,-0.63061,0.031168,0.02899,0.118245,-0.296964,-0.699245,-0.079147,-0.552969,0.619904,0.203565,0.390208,0.191164,-0.11464,-0.194967,0.191164,0.793765,0.216103,0.139906,0.191164,-0.530277,0.375826,0.635068,0.191164,0.284264,-0.123259,0.556115,-0.379962,0.400191,-0.028866,-0.051848,-0.344032,0.117084,-0.061353,-0.070454,0.793765,0.390208,-0.391871,-0.119312,0.447275,-0.231803,0.101356,-0.270574,0.294485,0.117084,0.174751,0.049492,-0.010325,-0.030972,0.072583,-0.339589,-0.270574,-0.270574,-0.193857,0.210905,-0.006598,0.22488,0.408488,0.230712,0.232392,0.427042,0.784167,-0.039878,0.09032,-0.020946,0.236287,0.117084,-0.270574,0.0,0.262085,0.191164,0.132526,-0.661814,-0.658494,-0.09471,-0.379962,0.060316,0.0,-0.363609,-0.123259,0.447275,-0.11464,-0.108121,0.165771,-0.404986,-0.376626,0.445791,0.575826,-0.09366,-0.028866,0.427042,0.053289,-0.070454,0.0,0.132526,0.267551,0.50927,0.390208,-0.345325,-0.405861,0.307386,-0.679463,-0.551084,-0.528789,0.039606,-0.291028,0.236287,0.447275,-0.241904,0.797687,0.09032,-0.08718,0.36246,-0.158609,-0.132592,-0.248064,0.079461,0.545967,0.417464,-0.22004,-0.165802,-0.185905,-0.245793,-0.46302,-0.313808,-0.000989,-0.40378,-0.442693,-0.395219,0.380464,0.199507,#
20,0.179112,0.588736,0.111515,0.423747,-0.449878,-0.408169,-0.002747,-0.223112,-0.606986,0.297163,0.028929,-0.794814,0.38921,0.550691,0.130259,-0.358989,0.124489,-0.298867,0.319031,0.268735,1.0,0.633302,-0.092043,-0.191242,-0.090385,-0.3349,-0.225607,-0.190625,-0.449444,-0.380702,0.515991,0.121032,0.391001,0.315965,-0.398194,-0.087306,0.273791,-0.055346,0.187809,0.0,0.442507,0.372803,-0.521402,0.280713,0.411055,-0.498618,0.404479,0.079861,0.187584,-0.344493,0.127784,0.030493,0.352608,-0.319016,-0.446215,-0.23743,0.329652,-0.368082,-0.260922,-0.345138,0.066225,0.389281,0.132368,-0.312254,0.189558,-0.443434,-0.330445,-0.431064,-0.349213,0.170637,-0.333809,0.331397,-0.066519,-0.120996,-0.536213,-0.374475,0.139813,-0.279942,0.656522,0.238574,0.513499,0.220979,0.160081,-0.255054,0.220979,0.386574,-0.210158,0.771929,0.220979,0.113652,-0.032856,0.137581,0.220979,-0.2783,0.144259,0.220979,0.067311,-0.407981,0.605595,-0.312291,0.38921,0.473706,0.176246,0.094999,-0.060355,0.023854,0.468861,-0.47369,0.149668,-0.780488,-0.08433,0.260533,0.168927,0.473706,0.303362,0.008768,0.125317,0.037958,-0.009504,0.288695,0.315965,-0.404657,-0.195778,0.257831,-0.07873,0.12111,0.039918,-0.575793,-0.286041,0.056579,0.023854,0.031345,-0.107538,0.377508,0.128565,-0.081919,0.288249,0.0,0.394309,0.220979,0.432374,-0.184238,0.284146,-0.183978,-0.032192,0.338361,0.0,-0.059491,0.152153,0.315965,0.160081,0.051868,-0.03266,-0.605678,0.142635,0.07381,0.320909,-0.475867,0.605595,0.056579,0.045111,0.157774,0.0,-0.161548,0.351718,-0.204593,0.513499,0.015235,-0.066519,-0.340602,-0.392695,0.131813,-0.293774,-0.005404,0.250897,0.128565,0.149668,-0.669614,-0.083768,-0.107538,-0.457798,0.476946,0.041325,-0.390407,-0.294161,-0.12206,-0.255828,-0.057635,-0.290861,0.522883,-0.291463,-0.265458,-0.374571,-0.189421,0.166794,-0.017297,0.414094,-0.305585,-0.208385,0.281746,#
