0,1.0,-0.315893,-0.653165,0.421309,0.317829,0.013907,0.554168,-0.366893,0.201554,-0.581464,0.836655,0.670738,-0.475006,-0.000951,0.392483,-0.008255,0.497704,-0.893902,0.211813,0.491597,0.044671,0.387089,-0.164264,-0.048752,-0.07952,0.217048,-0.18691,0.470829,0.048674,-0.49827,-0.25025,-0.269733,0.247748,-0.379193,0.286176,-0.255114,-0.205752,-0.171523,0.477746,0.0,-0.16106,0.380573,-0.125711,0.209776,0.007508,0.590474,-0.160037,-0.12272,-0.759301,-0.226047,-0.226047,0.284976,-0.15643,-0.185615,0.388597,0.022984,-0.399493,0.666444,-0.335119,-0.496611,-0.34323,0.395146,0.174333,-0.323583,-0.529014,-0.378899,0.0,-0.011519,-0.278939,-0.460446,0.380573,-0.015383,0.689328,-0.187418,-0.021932,0.124233,-0.191651,0.326961,0.016149,-0.181066,-0.466685,0.222031,0.007508,-0.629302,-0.171558,-0.191651,-0.007929,-0.24359,0.041272,-0.00175,-0.815299,0.005007,0.219108,-0.411525,0.022363,0.010034,0.808609,-0.525153,-0.61076,0.533316,0.666444,0.656852,-0.157753,-0.393372,-0.466685,-0.499012,-0.157753,0.040224,-0.236975,-0.332844,-0.399311,0.019658,-0.209508,0.041272,-0.286541,0.0,0.496868,-0.02756,0.001336,-0.316599,-0.367345,0.256389,-0.191651,0.670874,0.365251,-0.286541,-0.61611,0.196318,-0.441707,0.21307,-0.466685,-0.244111,0.228316,0.087208,0.228316,0.041272,-0.332844,-0.425247,0.052959,-0.331939,0.423227,0.022363,0.256389,0.485072,-0.209508,-0.391002,0.0,-0.193914,-0.217725,-0.499012,0.417145,-0.209508,-0.186211,-0.332844,0.005007,0.040224,-0.282082,-0.041264,-0.209508,0.22427,-0.139023,-0.37368,0.569909,-0.525153,-0.335622,-0.218958,0.256389,-0.009604,-0.332844,0.0,0.592652,-0.35079,0.342855,0.348813,0.374286,0.016149,0.342855,0.38581,0.219679,0.233555,-0.652627,0.165171,0.255725,0.229427,-0.460779,-0.198646,-0.231006,0.348813,0.625384,0.304208,-0.331939,0.490821,0.393141,-0.037895,0.383694,-0.07715,-0.764212,-0.24359,-0.110622,-0.653693,#
1,-0.315893,1.0,0.393899,-0.214533,0.214452,-0.055861,-0.27934,0.197631,-0.490154,-0.156489,-0.305148,0.289166,0.71999,0.087778,-0.246972,0.295174,0.165969,0.346396,-0.146441,-0.444578,-0.377646,0.042323,-0.074255,0.097693,0.217588,-0.41049,-0.27047,-0.304289,-0.055861,0.128414,0.005971,-0.001592,-0.22415,0.318247,0.477995,0.141114,-0.187403,-0.23891,0.064276,0.0,-0.599237,-0.057408,0.239391,-0.233486,-0.675524,0.342279,-0.122535,-0.086624,0.509856,0.458118,0.458118,-0.181897,-0.266125,0.333205,-0.094388,-0.352732,0.396375,-0.196662,-0.138697,-0.062218,-0.183976,-0.498726,0.309117,0.472943,0.340907,-0.207978,0.0,0.028715,-0.088223,-0.182312,-0.057408,-0.044774,-0.4972,0.285615,0.266316,-0.149612,-0.174852,-0.084116,0.370041,-0.23595,-0.136706,-0.533746,0.160839,-0.147071,-0.24187,-0.174852,-0.267214,0.480267,0.194746,0.238473,0.262649,0.729154,0.482668,-0.28224,-0.267214,0.238923,0.282822,0.614417,0.592073,0.163513,-0.196662,-0.460058,0.336458,0.396035,-0.136706,0.128606,0.336458,0.238923,-0.491388,0.085781,0.343928,-0.340976,0.451061,0.194746,0.042058,0.0,0.163513,0.345165,-0.061802,0.390532,0.316535,0.254191,-0.174852,-0.311037,-0.357,0.042058,-0.296291,0.006162,-0.236515,0.260194,-0.136706,0.140392,-0.207768,0.658336,-0.207768,0.194746,0.085781,-0.407292,0.035386,-0.139605,-0.369282,-0.267214,0.199143,-0.195629,0.451061,-0.203066,0.0,-0.107681,0.205874,0.128606,-0.246843,0.395895,0.225572,0.085781,0.729154,0.290665,-0.106287,-0.207999,0.451061,0.199143,-0.261461,0.314965,-0.22184,0.614417,0.042058,-0.192487,0.199143,0.37259,0.085781,0.0,0.359513,0.320112,0.04289,-0.004986,-0.39705,0.370041,0.04289,0.286895,-0.352205,0.483511,-0.160576,0.251828,0.227064,-0.260635,0.395024,0.451748,-0.214101,-0.004986,0.343519,0.245284,-0.139605,0.222593,-0.330494,-0.227558,-0.277388,0.234483,0.335222,0.480267,0.43231,0.224627,#
2,-0.653165,0.393899,1.0,-0.53444,-0.507363,-0.342197,-0.200545,-0.186939,-0.0175,-0.03201,-0.837402,-0.569586,0.152784,-0.353173,-0.536344,0.097134,-0.216087,0.790318,-0.479149,-0.404653,-0.420975,-0.238839,-0.490325,0.348535,0.582359,-0.458684,-0.025741,-0.090107,-0.381795,0.327351,-0.142117,-0.27388,-0.731032,0.081097,-0.033894,0.458159,0.400361,0.423621,0.348627,0.0,-0.105913,-0.225386,0.148488,0.056184,-0.226603,-0.258114,-0.311677,-0.356228,0.508107,0.515801,0.479031,-0.321073,-0.242943,0.228437,-0.301089,0.085009,0.384808,-0.50774,0.480637,-0.315425,0.443128,0.084402,0.264837,-0.188115,0.736654,0.522249,0.0,-0.387634,0.535487,0.189478,-0.225386,-0.234067,-0.517024,0.18504,0.081716,-0.35182,0.052128,-0.27457,0.36542,-0.212182,0.19091,-0.063781,0.350594,0.033666,-0.204942,0.052128,-0.075498,0.527492,-0.220993,0.070769,0.520153,-0.151072,-0.023095,0.356689,-0.109999,0.081716,-0.320457,0.735721,-0.004918,-0.24175,-0.489486,-0.491813,0.201935,0.348145,0.19091,0.286925,0.201935,0.047331,-0.054573,0.205226,0.081716,-0.411536,0.527492,-0.262506,-0.27457,0.0,-0.200237,0.334823,-0.427448,0.287713,0.081716,-0.04476,0.052128,-0.988169,-0.040087,-0.27457,0.247136,-0.136779,0.539352,0.201935,0.19091,0.440375,0.081969,0.214944,0.04471,-0.262506,0.176722,0.091865,-0.430578,0.513257,-0.356707,-0.144501,-0.063052,-0.352979,0.527492,0.455071,0.0,0.059014,0.632779,0.286925,-0.066233,0.4725,-0.090156,0.176722,-0.151072,0.064524,-0.236733,-0.065629,0.527492,-0.063052,-0.023777,0.104658,-0.622589,0.735721,-0.21867,-0.017455,-0.099635,0.355069,0.205226,0.0,-0.243699,-0.013405,0.205226,-0.232274,-0.344739,0.36542,0.205226,0.120715,-0.319388,-0.012724,0.010197,-0.020767,-0.087938,0.010218,0.3258,0.5058,0.063554,-0.232274,-0.32753,-0.518364,0.513257,-0.251054,-0.119028,-0.085659,-0.069101,0.141546,0.425753,0.527492,0.482048,0.440375,#
3,0.421309,-0.214533,-0.53444,1.0,0.306994,0.600979,0.020881,0.357302,-0.372354,-0.022736,0.299148,0.158353,0.122248,-0.415813,0.173844,-0.163418,0.419954,-0.280877,-0.02019,-0.136757,0.226165,-0.165829,-0.079551,-0.115801,-0.205124,0.053662,-0.161671,0.078279,0.123014,-0.124237,-0.06782,-0.248987,0.414927,-0.162948,0.021309,0.094376,-0.274552,-0.314488,-0.115017,0.0,0.175436,-0.011989,-0.265886,-0.085213,-0.115123,0.412914,0.364375,-0.265328,-0.1577,-0.511958,-0.546098,0.416852,0.368018,-0.003625,0.420913,-0.269648,0.146495,0.383569,-0.252208,0.059231,-0.297719,-0.186633,-0.433154,-0.245132,-0.149699,-0.24754,0.0,-0.13289,-0.074624,-0.406539,-0.011989,-0.661192,0.071039,0.401928,0.671769,-0.198836,-0.131081,0.395376,0.163982,-0.420553,-0.452732,0.039479,-0.611342,-0.131081,0.000933,-0.131081,0.156213,-0.085499,0.420579,-0.155476,-0.187995,-0.037055,-0.074257,-0.293847,0.124179,0.654867,0.273049,-0.398879,-0.074257,-0.080488,0.824218,0.533764,-0.005905,0.163982,-0.452732,-0.61103,-0.382367,0.239824,-0.392132,-0.407561,-0.126391,0.247953,-0.511993,0.382036,-0.279358,0.0,0.420579,0.16478,0.067794,-0.188058,0.239824,-0.332473,-0.542475,0.547471,0.372962,-0.279358,-0.435603,-0.42662,-0.365681,0.401928,-0.452732,0.516298,0.333119,-0.261297,-0.116602,0.382036,0.227599,0.193055,-0.065066,-0.325493,-0.182477,-0.292264,0.109093,0.40657,-0.10352,-0.466072,0.0,-0.397205,-0.015879,-0.61103,0.140127,-0.10352,0.058615,-0.407561,-0.037055,-0.558336,-0.166541,-0.246419,-0.511993,0.109093,-0.045609,-0.155476,0.398834,-0.398879,0.395376,-0.562555,0.075126,-0.65377,-0.407561,0.0,0.402892,-0.002165,-0.407561,0.422096,0.686833,0.163982,-0.407561,-0.175978,-0.014988,0.383043,-0.116916,0.560303,0.131894,-0.134674,0.154975,-0.088876,-0.100402,0.422096,0.472709,0.278147,-0.325493,-0.08581,0.203489,-0.251921,-0.267294,0.211401,-0.527351,-0.493972,-0.395241,-0.349974,#
4,0.317829,0.214452,-0.507363,0.306994,1.0,0.237973,0.394248,0.230391,-0.217841,0.307643,0.459175,0.553568,0.237973,0.256633,0.197707,-0.27159,-0.166334,-0.401888,0.240069,-0.270992,-0.271904,0.063957,0.273211,-0.1665,-0.269467,-0.217841,-0.507485,-0.402838,0.237973,-0.166334,0.061898,0.160887,0.383708,-0.270265,0.334752,-0.218161,0.19152,-0.923888,-0.166513,0.0,-0.21469,0.21736,-0.206722,-0.507397,-0.166667,0.411494,0.052182,0.188502,0.226667,-0.507397,-0.507397,0.136521,0.380173,-0.333209,0.16992,-0.608002,-0.407561,0.290312,0.177489,0.062498,0.16992,-0.271998,-0.332762,0.353946,-0.352176,0.017811,0.0,0.139482,0.109512,-0.659243,0.21736,0.115987,-0.218159,-0.333153,0.437602,-0.149072,-0.508001,0.160227,-0.408008,-0.332704,-0.664634,-0.218093,-0.166667,-0.508001,-0.332873,-0.508001,-0.407433,0.247993,-0.166582,-0.271981,-0.272166,0.444456,0.241742,-0.407998,-0.407433,-0.272023,0.335977,0.20258,0.241742,-0.166582,0.290312,-0.217859,-0.333153,-0.408008,-0.664634,-0.166582,-0.333153,-0.272023,-0.217859,-0.111111,0.437602,0.466713,-0.508597,-0.166582,0.160227,0.0,-0.166582,0.29806,0.237189,-0.404682,-0.272023,-0.218103,-0.508001,0.474252,-0.49431,0.160227,-0.332873,0.191564,-0.949702,-0.333153,-0.664634,-0.218218,-0.508338,0.112674,-0.508338,-0.166582,-0.111111,-0.271774,0.27959,-0.994563,-0.271643,-0.407433,-0.218103,0.197335,-0.508597,-0.957253,0.0,0.187245,-0.333333,-0.166582,-0.407661,-0.508597,-0.218107,-0.111111,0.444456,-0.272023,0.525657,0.29519,-0.508597,-0.218103,-0.580576,-0.271981,0.289414,0.20258,0.160227,0.223694,-0.218103,-0.407643,-0.111111,0.0,0.359234,-0.19312,-0.111111,0.167913,0.41856,-0.408008,-0.111111,-0.241878,0.359573,0.247993,0.217237,0.523809,-0.187624,-0.490609,0.285999,-0.508822,-0.476072,0.167913,0.288511,0.995503,-0.994563,0.691973,0.294596,0.271086,-0.374357,-0.269977,-0.052632,0.247993,-0.483025,-0.218218,#
5,0.013907,-0.055861,-0.342197,0.600979,0.237973,1.0,0.057954,0.663602,-0.175542,0.373802,-0.003322,-0.091188,0.41828,-0.139715,0.097118,-0.067005,0.23998,0.021033,0.362509,-0.124675,-0.094281,-0.241434,0.296771,0.188903,-0.127173,0.362034,-0.392736,0.05167,0.463886,0.211822,-0.150486,-0.054445,0.062931,0.426348,-0.176796,0.257345,-0.047955,-0.089046,-0.436705,0.0,-0.132878,0.385405,0.023934,-0.300512,0.212246,0.026125,0.536401,-0.195887,0.224023,-0.300512,-0.300512,-0.26308,0.521749,0.025667,-0.160013,-0.361823,0.580297,0.244823,-0.135818,0.412612,-0.227184,-0.65734,-0.006891,0.03257,-0.199154,-0.230171,0.0,-0.072666,-0.139462,-0.27206,0.385405,-0.207386,-0.221253,-0.030945,0.388632,-0.215726,0.211967,-0.176221,0.093095,0.026201,-0.248808,-0.2588,-0.342488,0.211967,0.021535,0.211967,0.054038,0.21703,0.261728,-0.110206,-0.106342,0.221898,-0.289758,-0.434461,0.073501,0.368094,-0.077558,-0.239833,0.28445,-0.323717,0.244823,0.300929,0.026236,0.093095,-0.248808,-0.373308,-0.450275,-0.097443,-0.248013,0.141497,-0.03811,0.409969,-0.321896,0.261728,-0.081618,0.0,0.238311,0.079002,0.130433,-0.332016,0.426286,-0.153199,-0.30876,0.383531,-0.316592,-0.081618,-0.019268,-0.128445,-0.309323,-0.030945,-0.248808,0.256843,0.187432,-0.174616,-0.33802,0.261728,0.141497,0.346098,-0.167679,-0.223179,-0.097307,-0.41307,-0.194473,-0.056595,0.195133,-0.267321,0.0,0.187355,-0.559558,-0.373308,0.088838,-0.363259,0.320632,-0.662465,0.221898,-0.543583,0.19271,0.127204,-0.321896,-0.215109,-0.136196,0.425079,0.542074,-0.239833,0.675203,-0.233615,-0.194473,-0.36778,0.141497,0.0,0.050831,-0.12231,-0.662465,-0.122244,0.421936,0.093095,-0.662465,-0.044549,-0.450103,-0.297566,0.275843,0.354203,-0.141189,-0.291864,0.10916,-0.330123,0.235711,-0.122244,0.085384,0.27709,-0.223179,-0.275617,-0.387152,0.150443,0.131762,0.363344,-0.005332,-0.299999,-0.12347,-0.206316,#
6,0.554168,-0.27934,-0.200545,0.020881,0.394248,0.057954,1.0,-0.302572,0.640468,-0.051277,0.39818,0.224244,-0.411232,0.012285,-0.049613,-0.008248,-0.057437,-0.423969,0.256542,-0.002504,-0.423523,0.182571,-0.124691,-0.04975,0.355982,0.255063,-0.689792,0.438253,0.057954,-0.497004,-0.053463,-0.237667,-0.152272,-0.342979,-0.139413,-0.255459,0.496361,-0.219648,0.435346,0.0,-0.178877,0.454521,0.135117,0.160871,-0.011672,0.208228,-0.31001,-0.289583,-0.213739,-0.257367,-0.257367,-0.409364,0.324652,-0.214731,0.312293,-0.232234,-0.381918,0.187761,0.407048,-0.462868,0.312293,0.346044,0.159526,-0.287701,-0.093594,0.371287,0.0,-0.217068,0.31833,-0.473771,0.454521,0.148013,0.185288,-0.626502,0.026504,-0.459343,-0.26583,-0.394973,-0.040132,-0.218366,-0.551065,0.171061,0.494107,-0.669022,-0.209346,-0.26583,-0.471301,0.225872,-0.497744,-0.442617,-0.384377,-0.293102,-0.235066,-0.024329,-0.471301,-0.437322,0.357562,0.014187,-0.582412,-0.044441,0.187761,0.154763,-0.211426,-0.417409,-0.551065,-0.497744,-0.211426,-0.437322,-0.252088,-0.331999,0.073439,0.055767,-0.268652,-0.497744,-0.318672,0.0,-0.044441,-0.010254,-0.290685,-0.42549,-0.390387,0.197191,-0.26583,0.181002,-0.172713,-0.318672,-0.209346,0.300357,-0.351034,-0.257546,-0.551065,-0.244512,0.151372,0.003108,0.151372,-0.497744,-0.331999,-0.438869,-0.055851,-0.446545,-0.069109,-0.471301,-0.252216,-0.193474,-0.268652,-0.410277,0.0,0.363238,-0.248999,-0.497744,0.344639,-0.719022,-0.651701,-0.331999,-0.293102,-0.014909,0.163415,0.434668,-0.268652,-0.252216,-0.453185,-0.39636,0.570399,0.014187,-0.318672,0.253912,-0.252216,-0.040032,-0.331999,0.0,0.190286,-0.770624,0.290499,0.313275,0.405589,-0.040132,0.290499,0.384976,0.221385,-0.224498,-0.150406,0.216762,-0.220885,0.211136,-0.4108,-0.258341,-0.215144,0.313275,0.076645,0.382037,-0.446545,0.512543,0.393491,0.4273,0.367032,-0.47582,-0.301625,0.225872,-0.17103,-0.193572,#
7,-0.366893,0.197631,-0.186939,0.357302,0.230391,0.663602,-0.302572,1.0,-0.537766,0.472741,-0.338006,-0.288068,0.817956,-0.031933,0.343943,0.335337,0.190645,0.406303,-0.045978,-0.509011,0.177902,-0.122091,0.539316,0.122752,-0.375664,0.17544,-0.301822,-0.374356,-0.047665,0.153287,-0.003565,-0.05164,0.319233,0.358085,-0.131043,0.173881,-0.25004,-0.302406,-0.707257,0.0,0.045658,-0.178347,0.269886,-0.237982,-0.0064,-0.220191,0.851908,-0.149589,0.584112,-0.100389,-0.100389,-0.20191,0.308738,-0.221842,-0.113625,-0.230187,0.456891,-0.200874,-0.151932,0.671197,-0.202742,-0.55877,-0.264693,0.19306,0.151873,-0.189104,0.0,-0.149965,-0.265472,-0.206038,-0.178347,-0.062352,-0.598783,0.335285,0.306697,-0.171723,-0.238954,-0.147659,-0.189828,0.291753,-0.197834,-0.644833,-0.582377,0.451899,0.291726,-0.238954,0.282822,-0.10265,0.219308,0.278994,0.303072,0.315727,-0.094746,-0.354591,-0.336895,0.279448,-0.311179,-0.042228,0.667062,-0.557408,-0.200874,0.100714,-0.221044,0.456621,-0.197834,0.153516,-0.221044,-0.338184,0.069548,0.102396,0.383901,0.208775,-0.131702,0.219308,-0.022149,0.0,0.188239,-0.20842,-0.134339,-0.196301,0.356652,-0.370746,-0.238954,0.21888,-0.426149,-0.022149,0.237591,-0.14589,-0.257455,-0.296907,-0.197834,0.173171,-0.272943,-0.046805,-0.272943,0.219308,0.102396,0.127684,-0.183741,-0.204339,-0.458648,-0.336895,-0.425505,-0.259353,-0.131702,-0.220543,0.0,0.363018,-0.358386,0.153516,-0.317982,-0.186578,0.257886,0.102396,0.315727,-0.286715,0.403048,0.359476,-0.131702,0.231596,-0.343003,0.355084,0.338155,-0.042228,0.981933,-0.182885,-0.425505,-0.171282,0.102396,0.0,-0.201632,0.36554,-0.964229,-0.070428,0.19731,-0.189828,-0.964229,-0.278633,-0.364161,-0.099422,0.488425,0.287074,0.262477,-0.251058,0.458839,-0.136766,0.435181,-0.070428,-0.133252,0.264599,-0.204339,-0.509061,-0.331585,0.366473,-0.277912,0.274718,0.381964,-0.10265,-0.16545,0.256963,#
8,0.201554,-0.490154,-0.0175,-0.372354,-0.217841,-0.175542,0.640468,-0.537766,1.0,0.029075,0.276346,-0.017335,-0.694037,0.232466,-0.354041,-0.036596,-0.326109,-0.270265,0.42021,0.360753,-0.103289,0.059396,-0.021,-0.326435,0.41439,0.57409,-0.063673,0.612006,0.302303,-0.326109,0.336922,0.236678,-0.239544,-0.016479,-0.51141,-0.42772,0.346764,0.357965,0.208829,0.0,0.090318,0.352369,0.170646,0.432464,0.210675,-0.2397,-0.466435,0.121801,-0.436311,-0.029728,-0.029728,-0.499192,0.287925,0.209683,0.194153,0.118689,-0.301352,-0.111457,0.238538,-0.14731,0.194153,0.326277,0.237428,-0.062277,-0.100635,0.331279,0.0,0.206298,0.145922,0.360774,0.352369,0.406927,0.49741,-0.65317,-0.53332,-0.123059,0.387686,-0.611738,0.086042,0.204988,0.282588,0.481598,0.76961,-0.05788,0.215183,0.387686,-0.390625,-0.057035,-0.326595,-0.533237,-0.059679,-0.576152,-0.558249,0.52042,0.025715,-0.53332,-0.105677,-0.226209,-0.503413,0.174348,-0.111457,0.013665,0.21326,-0.330885,0.282588,-0.326595,0.21326,-0.11838,0.013665,-0.217841,-0.066512,-0.107338,-0.057035,-0.326595,0.147148,0.0,-0.326595,-0.38688,0.021415,0.072651,-0.066512,0.510487,0.387686,-0.008552,0.018099,0.147148,0.215183,0.272622,0.344121,-0.245439,0.282588,-0.427831,0.399579,-0.211128,0.399579,-0.326595,-0.217841,-0.120423,0.272659,0.160938,0.288021,0.025715,0.01385,-0.422987,-0.057035,0.296775,0.0,0.173893,-0.240772,-0.326595,0.507056,-0.554737,-0.427614,-0.217841,-0.576152,0.348427,0.043695,0.113379,-0.057035,-0.427606,0.277996,-0.07317,0.26771,-0.226209,-0.527418,0.442175,0.01385,0.096457,-0.217841,0.0,-0.24415,-0.522221,0.470078,0.160938,-0.085691,0.086042,0.470078,0.368711,0.207548,-0.554737,0.000238,-0.433635,-0.431949,0.470411,-0.809957,-0.049223,0.000238,0.160938,-0.277162,-0.213826,0.160938,0.182192,0.06816,0.135202,0.534813,-0.529309,-0.099794,-0.057035,0.009042,0.078811,#
9,-0.581464,-0.156489,-0.03201,-0.022736,0.307643,0.373802,-0.051277,0.472741,0.029075,1.0,-0.263426,-0.415265,0.228175,0.19813,-0.173658,-0.411365,-0.744616,0.353439,0.234144,-0.373114,-0.044561,-0.422966,0.497334,-0.185263,-0.225124,0.029075,-0.061033,-0.509727,0.373802,0.331419,0.365191,0.502464,0.155555,0.135137,-0.420922,-0.023039,0.460896,-0.328199,-0.745417,0.0,0.326061,-0.045292,-0.155122,-0.469626,0.332082,-0.517631,0.289861,0.371175,0.606303,-0.469626,-0.469626,-0.194526,0.747506,-0.150788,-0.230248,-0.337017,-0.041226,-0.309623,0.510025,0.696008,0.520447,-0.461012,-0.562077,0.396181,-0.020329,0.470336,0.0,0.202121,0.365807,0.144025,-0.045292,0.175745,-0.512631,-0.332604,0.163529,-0.158154,0.090922,-0.284423,-0.484737,0.127336,0.119134,-0.045148,-0.163884,0.426126,0.121097,0.090922,-0.205638,0.184576,-0.222301,-0.457464,0.454253,-0.094883,-0.45902,0.279828,-0.083832,-0.350624,-0.774177,0.226656,0.494396,-0.745725,-0.309623,-0.533124,-0.179233,-0.171078,0.119134,0.185354,-0.298522,-0.350624,0.302542,0.221388,0.510378,0.598455,-0.493037,-0.222301,0.476803,0.0,-0.745725,0.004871,0.328363,-0.201314,0.117623,-0.478198,-0.039436,-0.051352,-0.598702,0.476803,0.57711,-0.04296,-0.121289,-0.639345,0.119134,-0.035762,-0.386551,-0.447148,-0.518091,-0.222301,0.221388,0.541507,0.216214,-0.332894,-0.350134,-0.205638,-0.515099,-0.299185,-0.363605,-0.188121,0.0,0.414022,-0.319143,0.185354,-0.497036,-0.530017,-0.044618,0.020126,-0.094883,-0.437336,0.77921,0.359978,-0.493037,-0.644254,-0.052977,0.123666,-0.112335,0.226656,0.476803,0.529882,-0.515099,-0.573613,0.221388,0.0,-0.564285,-0.032629,-0.497404,-0.242651,0.182281,-0.484737,-0.497404,-0.69702,0.187253,-0.471283,0.983253,0.043128,-0.654907,-0.456652,0.328636,-0.505814,0.032413,-0.242651,-0.627429,0.312959,-0.332894,-0.125341,-0.108153,0.360648,-0.407636,-0.253463,0.540682,0.055144,-0.507592,0.340685,#
10,0.836655,-0.305148,-0.837402,0.299148,0.459175,-0.003322,0.39818,-0.338006,0.276346,-0.263426,1.0,0.81959,-0.475259,0.380317,0.277762,-0.211868,0.150919,-0.981402,0.502732,0.597595,0.183522,0.298847,0.160509,-0.40659,-0.27065,0.324804,0.065403,0.27383,0.431614,-0.406183,0.151154,0.295048,0.472107,-0.227301,0.205338,-0.532744,-0.264381,-0.310026,0.080602,0.0,-0.058941,0.391106,-0.242696,0.060041,0.082182,0.4563,-0.197266,0.405518,-0.744853,-0.360649,-0.360649,0.333382,0.062353,-0.028215,0.367257,-0.08883,-0.559023,0.576611,-0.407199,-0.092993,-0.368424,0.118153,-0.019819,0.17602,-0.769678,-0.448952,0.0,0.485809,-0.398905,-0.146631,0.391106,0.283238,0.764024,-0.371483,-0.197727,0.357028,0.045725,0.279909,-0.164817,-0.00763,-0.148997,0.294967,0.062615,-0.359832,0.001839,0.045725,-0.172016,-0.34188,0.136341,-0.220782,-0.664622,0.120016,0.126443,-0.22992,0.206939,-0.214389,0.586632,-0.592546,-0.272851,0.592302,0.576611,0.356677,-0.000364,-0.544307,-0.148997,-0.406788,-0.000364,0.163291,-0.130795,-0.271331,-0.197727,0.209144,-0.359645,0.136341,0.279909,0.0,0.136341,-0.156179,0.476178,-0.121395,-0.214389,0.347845,0.045725,0.829446,0.176721,0.279909,-0.445054,0.272882,-0.477641,-0.000364,-0.148997,-0.532883,0.056571,-0.020684,0.056571,0.136341,-0.271331,-0.288289,0.548225,-0.46645,0.532821,0.206939,0.347845,0.427128,-0.359645,-0.413897,0.0,-0.251594,-0.438303,-0.406788,0.218844,-0.359645,-0.063001,-0.271331,0.120016,0.163291,-0.011363,-0.148306,-0.359645,-0.053969,0.129626,-0.220782,0.460159,-0.592546,-0.334084,0.076817,0.347845,-0.180211,-0.271331,0.0,0.435705,-0.170179,0.354817,0.297825,0.197188,-0.164817,0.354817,0.148698,0.425315,0.137778,-0.325802,-0.050315,-0.034291,0.074822,-0.549195,-0.352449,-0.342081,0.297825,0.504167,0.459873,-0.46645,0.620773,0.255723,-0.135186,0.213387,-0.258125,-0.57033,-0.34188,-0.282237,-0.532883,#
11,0.670738,0.289166,-0.569586,0.158353,0.553568,-0.091188,0.224244,-0.288068,-0.017335,-0.415265,0.81959,1.0,-0.091188,0.403484,0.119653,-0.055358,0.262385,-0.786955,0.381934,0.361457,-0.050745,0.332455,0.051964,-0.326031,-0.118726,0.033818,-0.06318,0.10768,0.367942,-0.325706,0.121206,0.26289,0.308151,-0.07247,0.523322,-0.42719,-0.370166,-0.421761,0.188268,0.0,-0.420393,0.34906,-0.128098,-0.066294,-0.326357,0.687318,-0.321412,0.339078,-0.475891,-0.066294,-0.066294,0.267329,-0.152178,0.176694,0.308073,-0.267829,-0.337566,0.481699,-0.486182,-0.198043,-0.46853,-0.128096,0.185279,0.416386,-0.560686,-0.567738,0.0,0.484021,-0.429945,-0.254374,0.34906,0.227119,0.497262,-0.185703,-0.040162,0.284513,-0.056662,0.275621,0.078843,-0.185453,-0.226428,0.014055,0.169375,-0.484777,-0.180061,-0.056662,-0.321301,-0.045737,0.24715,-0.064526,-0.532939,0.539814,0.448572,-0.390398,0.078732,-0.057751,0.787323,-0.213045,0.027067,0.728473,0.481699,0.087988,0.206059,-0.321755,-0.226428,-0.326191,0.206059,0.340937,-0.426599,-0.217571,-0.040162,-0.019411,-0.064491,0.24715,0.275621,0.0,0.24715,0.087877,0.429176,0.12262,-0.057751,0.502345,-0.056662,0.610238,0.018576,0.275621,-0.651813,0.268276,-0.593704,0.206059,-0.226428,-0.427302,-0.048812,0.384392,-0.048812,0.24715,-0.217571,-0.532172,0.547477,-0.516408,0.340461,0.078732,0.502345,0.356396,-0.064491,-0.511735,0.0,-0.357939,-0.256128,-0.326191,0.087375,-0.064491,0.068648,-0.217571,0.539814,0.340937,-0.130913,-0.310439,-0.064491,0.07818,-0.008331,-0.064526,0.280795,-0.213045,-0.372525,-0.057525,0.502345,0.062367,-0.217571,0.0,0.677049,0.010418,0.443405,0.29038,-0.051211,0.078843,0.443405,0.334104,0.226157,0.460602,-0.478538,0.094425,0.111488,-0.068508,-0.313908,-0.056754,-0.495723,0.29038,0.731135,0.568579,-0.516408,0.771009,0.087396,-0.310688,0.057274,-0.105187,-0.40637,-0.045737,0.001377,-0.427302,#
12,-0.475006,0.71999,0.152784,0.122248,0.237973,0.41828,-0.411232,0.817956,-0.694037,0.228175,-0.475259,-0.091188,1.0,-0.022189,0.097118,0.409969,0.23998,0.538883,-0.17362,-0.635301,-0.094281,-0.076159,0.296771,0.188903,-0.127173,-0.156461,-0.351009,-0.451605,-0.117833,0.211822,-0.038517,-0.084294,0.062931,0.426348,0.187599,0.257345,-0.273546,-0.316204,-0.436705,0.0,-0.300169,-0.194026,0.323086,-0.300512,-0.390726,0.026125,0.536401,-0.195887,0.730222,0.218041,0.218041,-0.231215,0.029068,0.025667,-0.160013,-0.336096,0.580297,-0.27003,-0.167141,0.412612,-0.227184,-0.65734,-0.006891,0.360908,0.349694,-0.230171,0.0,-0.139949,-0.208366,-0.248328,-0.194026,-0.114137,-0.740222,0.445566,0.388632,-0.215726,-0.278129,-0.129847,0.093095,0.054193,-0.213705,-0.763776,-0.342488,0.242598,0.049871,-0.278129,0.08266,0.21703,0.261728,0.367727,0.385982,0.623892,0.222928,-0.405232,-0.384448,0.368094,-0.077558,0.353467,0.797137,-0.323717,-0.27003,-0.193614,0.026236,0.580352,-0.213705,0.212138,0.026236,-0.097443,-0.217104,0.141497,0.446824,-0.067005,0.195133,0.261728,-0.035244,0.0,0.238311,0.079002,-0.169906,0.086291,0.426286,-0.153199,-0.278129,-0.08289,-0.478119,-0.035244,0.009067,-0.128445,-0.277656,-0.030945,-0.213705,0.256843,-0.307111,0.344192,-0.307111,0.261728,0.141497,-0.1166,-0.167679,-0.17645,-0.553079,-0.384448,-0.194473,-0.283753,0.195133,-0.236121,0.0,0.187355,-0.077181,0.212138,-0.37386,0.153771,0.320632,0.141497,0.623892,-0.058649,0.19271,0.127204,0.195133,0.300813,-0.394143,0.425079,0.063421,0.353467,0.721577,-0.267335,-0.194473,0.106863,0.141497,0.0,0.050831,0.45307,-0.662465,-0.075514,-0.093563,0.093095,-0.662465,-0.044549,-0.482625,0.219464,0.242399,0.354203,0.3358,-0.327011,0.594175,0.191446,0.202267,-0.075514,0.085384,0.27709,-0.17645,-0.275617,-0.420458,0.119308,-0.366394,0.363344,0.470699,0.21703,0.154894,0.320001,#
13,-0.000951,0.087778,-0.353173,-0.415813,0.256633,-0.139715,0.012285,-0.031933,0.232466,0.19813,0.380317,0.403484,-0.022189,1.0,0.096499,0.009791,-0.2838,-0.306302,0.747026,0.305692,0.334194,0.594891,0.781497,-0.345622,-0.515145,0.292804,0.161354,0.050076,0.401844,-0.335183,0.381848,0.654791,0.486128,0.470188,-0.216268,-0.74333,-0.235306,-0.278768,-0.371861,0.0,-0.387714,-0.050505,0.368672,-0.334155,0.116947,0.112157,-0.217147,0.568438,-0.093187,-0.229391,0.294429,-0.131203,-0.022064,0.036283,-0.061674,0.269134,-0.339985,0.217353,-0.244145,0.393241,-0.129529,-0.226641,0.07965,0.660428,-0.363544,-0.25464,0.0,0.464891,-0.386581,0.277029,-0.050505,0.696678,0.227782,-0.444656,-0.527782,0.614525,0.168325,-0.182696,-0.338523,0.46532,0.311048,0.188739,0.26313,0.189366,-0.021182,0.168325,-0.450227,-0.228698,-0.302654,-0.052255,-0.067636,0.321611,0.299526,0.008149,0.021627,-0.548529,-0.0387,-0.144967,0.361673,0.265083,-0.30273,-0.273638,0.05595,-0.318835,0.311048,0.238644,0.05595,-0.078263,0.212191,0.159177,0.001268,0.357472,-0.250818,0.288739,0.677378,0.0,-0.302654,-0.347883,0.475021,0.125801,-0.019479,0.377445,0.168325,0.324831,-0.477848,0.677378,-0.0624,0.08961,-0.180032,-0.46391,0.311048,-0.750709,-0.367057,-0.192861,0.163733,0.288739,0.159177,-0.200747,0.593774,-0.231111,0.318943,0.51314,-0.185412,-0.245987,-0.250818,0.021179,0.0,0.183114,-0.516514,0.238644,0.055854,-0.292601,0.355773,0.159177,0.321611,0.450787,0.593516,0.111373,-0.250818,-0.164565,0.137877,-0.013632,0.093077,-0.144967,-0.087132,0.73276,0.335752,0.167539,0.159177,0.0,0.102564,-0.078715,0.126692,-0.12915,-0.624363,-0.338523,0.126692,-0.003215,0.458617,-0.22624,0.213106,-0.665482,-0.159672,0.202943,-0.330025,-0.259095,-0.313915,-0.12915,-0.282635,0.299515,-0.231111,0.326907,-0.467795,0.131213,0.093472,-0.532053,0.00872,-0.228698,-0.304061,-0.176512,#
14,0.392483,-0.246972,-0.536344,0.173844,0.197707,0.097118,-0.049613,0.343943,-0.354041,-0.173658,0.277762,0.119653,0.097118,0.096499,1.0,0.264305,0.443332,-0.344083,-0.092436,0.281976,0.309236,0.384084,0.362676,0.399956,-0.659419,0.10498,-0.001283,-0.184212,-0.360655,-0.06546,-0.519338,-0.302587,0.424193,-0.17892,0.307047,0.077084,-0.315467,-0.192634,-0.134215,0.0,0.051425,0.017529,0.020436,-0.045765,0.420127,-0.022307,0.629319,-0.033718,-0.188244,-0.045765,-0.045765,0.287109,-0.397409,-0.781066,-0.220411,0.277845,-0.214656,0.377439,-0.343633,0.092022,-0.277767,0.264872,0.01979,-0.250753,-0.43651,-0.453156,0.0,-0.19993,-0.506689,-0.405114,0.017529,0.280911,0.123782,0.04423,-0.211615,0.412616,-0.460328,0.429236,-0.617133,0.466755,-0.319634,-0.366507,-0.609596,-0.015693,0.051294,-0.460328,0.630145,-0.557612,-0.037639,0.703842,-0.575083,0.266365,0.370198,-0.668673,-0.184175,-0.123929,0.232488,-0.433174,-0.05006,-0.037639,-0.06218,0.569229,-0.753254,-0.201077,-0.319634,0.419913,-0.346374,-0.521439,0.549171,0.280085,-0.195053,0.222601,-0.022645,-0.037639,-0.216994,0.0,0.442261,-0.276421,-0.168525,-0.627005,-0.521439,-0.293965,-0.015693,0.535267,-0.054381,-0.216994,0.016453,0.306146,-0.394344,-0.362649,-0.319634,-0.366717,-0.493219,0.069108,-0.04455,-0.037639,-0.406397,-0.154478,-0.308327,-0.175883,0.306278,0.231294,-0.293965,0.416967,-0.464122,-0.192452,0.0,0.397773,-0.411889,0.419913,-0.212951,-0.022645,0.154179,0.280085,0.266365,-0.107367,0.173004,0.525017,-0.022645,0.569479,-0.410553,-0.096022,0.376012,-0.433174,0.429236,-0.090525,-0.293965,0.206579,0.280085,0.0,-0.000219,0.172377,-0.406397,-0.262069,0.206,-0.617133,-0.406397,-0.133681,-0.005554,-0.078739,-0.106687,0.028244,0.586996,-0.034573,0.130537,-0.478886,0.390198,-0.262069,0.091185,0.214266,-0.175883,-0.134636,0.134461,0.535318,0.216296,0.254163,-0.115546,-0.116135,-0.10923,-0.34874,#
15,-0.008255,0.295174,0.097134,-0.163418,-0.27159,-0.067005,-0.008248,0.335337,-0.036596,-0.411365,-0.211868,-0.055358,0.409969,0.009791,0.264305,1.0,0.603341,0.23203,-0.236817,-0.210212,0.191933,0.377492,0.137876,0.048205,0.130244,0.404183,-0.296154,0.304882,-0.506585,-0.406572,0.000734,-0.364475,0.009106,0.248968,-0.066857,-0.13027,-0.507455,0.189661,0.048938,0.0,-0.191645,-0.215288,0.770199,0.568654,-0.407385,-0.055126,0.338066,-0.434982,0.011489,0.568654,0.568654,-0.471027,-0.349971,0.026088,0.240272,0.219129,0.294428,-0.3569,-0.416785,0.009914,-0.503263,0.125869,0.390412,-0.084642,0.440378,-0.311513,0.0,-0.262599,-0.523276,-0.012687,-0.215288,0.158116,-0.073686,0.398248,-0.283196,-0.166269,-0.292345,-0.422063,0.274588,0.444533,-0.047318,-0.533088,0.126566,0.134619,0.459563,-0.292345,0.242285,-0.378347,0.14175,0.551392,0.174388,0.084378,0.06172,-0.149836,-0.539673,0.17149,0.19587,-0.148115,0.112165,0.14175,-0.3569,0.373765,0.054423,0.67411,-0.047318,0.072851,0.445133,-0.210222,-0.101678,-0.27159,0.162134,-0.663851,0.530364,0.14175,-0.344495,0.0,0.602578,-0.617239,-0.648717,0.226958,0.219204,0.407497,0.134619,0.002076,0.021569,-0.344495,0.007899,0.089406,0.198268,0.007538,-0.047318,-0.119107,0.129049,0.401812,0.559887,0.14175,-0.27159,-0.6643,-0.222653,0.293954,-0.209929,-0.140715,-0.049369,-0.528753,0.106432,0.253159,0.0,0.217371,-0.039552,0.072851,0.286814,0.072517,-0.058498,0.387609,0.084378,0.61682,-0.211076,0.216716,0.530364,0.779759,-0.233496,0.206541,0.448392,-0.148115,0.276052,-0.323599,-0.049369,0.667051,-0.27159,0.0,0.005578,0.304363,-0.27159,0.293954,-0.280869,0.274588,-0.27159,0.60688,-0.421322,0.072517,-0.332241,-0.114136,0.794116,0.556431,-0.211885,0.545385,0.506863,0.293954,0.112151,-0.237417,0.293954,-0.386032,-0.218254,0.226591,0.257226,0.081888,0.124276,0.045585,0.420064,0.364226,#
16,0.497704,0.165969,-0.216087,0.419954,-0.166334,0.23998,-0.057437,0.190645,-0.326109,-0.744616,0.150919,0.262385,0.23998,-0.2838,0.443332,0.603341,1.0,-0.212879,-0.163828,0.152447,0.162184,0.34091,-0.164261,0.315092,-0.015067,0.217946,-0.187158,0.417723,-0.305017,-0.249003,-0.453696,-0.607422,0.04841,0.135171,0.302817,0.173037,-0.656822,0.196603,0.31602,0.0,-0.321392,0.07335,0.309461,0.338372,-0.249501,0.438292,0.311483,-0.545615,-0.354655,0.338372,0.338372,0.048885,-0.492672,0.019935,0.166576,0.182478,0.419954,0.331697,-0.68926,-0.287371,-0.751172,0.072985,0.454743,-0.375029,0.008417,-0.685195,0.0,-0.329624,-0.597262,-0.338413,0.07335,-0.281381,0.240655,0.517771,0.066033,0.037895,-0.157835,0.194604,0.428638,0.052669,-0.304339,-0.326487,-0.249501,-0.157835,0.059178,-0.157835,0.428034,-0.256798,0.42817,0.612381,-0.407433,0.273046,0.332458,-0.610776,-0.046815,0.627254,0.656169,-0.417429,-0.167877,0.42817,0.331697,0.794769,0.05274,0.428638,-0.304339,-0.249374,0.05274,0.154002,-0.326136,-0.166334,-0.407219,-0.406572,0.341566,0.42817,-0.57476,0.0,0.999511,-0.139797,-0.398621,-0.017962,0.154002,0.270584,-0.157835,0.331504,0.383279,-0.57476,-0.498313,-0.06493,-0.076766,0.517771,-0.304339,0.186964,0.35992,0.362518,0.35992,0.42817,-0.166334,-0.406847,-0.390584,0.205763,0.153787,-0.046815,0.270584,0.196603,0.341566,0.028499,0.0,-0.200004,-0.028245,-0.249374,0.438456,0.341566,0.259323,-0.166334,0.273046,0.154002,-0.587061,-0.147035,0.341566,0.774077,-0.144135,0.145962,0.502155,-0.417429,0.194604,-0.74451,0.270584,0.408814,-0.166334,0.0,0.506459,0.169738,-0.166334,0.205763,0.06691,0.428638,-0.166334,0.594378,-0.502736,0.341566,-0.74532,0.185612,0.821997,0.322014,-0.133542,0.350913,0.292566,0.205763,0.628169,-0.144979,0.205763,-0.236092,-0.137556,-0.135029,0.375433,0.513299,-0.438051,-0.256798,0.398551,-0.326673,#
17,-0.893902,0.346396,0.790318,-0.280877,-0.401888,0.021033,-0.423969,0.406303,-0.270265,0.353439,-0.981402,-0.786955,0.538883,-0.306302,-0.344083,0.23203,-0.212879,1.0,-0.456265,-0.671773,-0.124949,-0.326627,-0.071277,0.244192,0.254905,-0.270265,-0.062576,-0.306145,-0.36138,0.360915,0.024535,-0.166177,-0.378971,0.270932,-0.268756,0.419668,0.212739,0.230439,-0.205624,0.0,0.095737,-0.44666,0.276551,-0.053406,-0.169289,-0.470254,0.213519,-0.321114,0.785189,0.31944,0.31944,-0.358292,0.05159,0.112319,-0.26736,0.017969,0.541299,-0.665487,0.380296,0.219537,0.336356,-0.212132,-0.076942,-0.032827,0.794625,0.446104,0.0,-0.376652,0.366617,0.214023,-0.44666,-0.257335,-0.789082,0.393865,0.211548,-0.384081,-0.032512,-0.347724,0.175859,0.022427,0.195664,-0.311215,-0.045419,0.431042,0.098959,-0.032512,0.096233,0.306564,-0.081359,0.132835,0.785514,-0.112865,-0.185037,0.310637,-0.236958,0.211548,-0.640006,0.583364,0.394235,-0.602525,-0.577348,-0.42818,0.083879,0.609618,0.195664,0.364345,0.083879,-0.120522,0.079794,0.17617,0.327773,-0.214785,0.306564,-0.081359,-0.158778,0.0,-0.201628,0.081225,-0.40839,0.227315,0.327773,-0.311935,-0.032512,-0.78274,-0.212528,-0.158778,0.465689,-0.307687,0.466003,-0.030327,0.195664,0.508175,-0.05757,-0.003553,-0.05757,-0.081359,0.313803,0.266544,-0.402421,0.407347,-0.613863,-0.236958,-0.329599,-0.519543,0.306564,0.376875,0.0,0.213385,0.412899,0.364345,-0.245751,0.288861,0.047101,0.313803,-0.112865,-0.103919,0.078136,0.108883,0.306564,0.023691,-0.083775,0.247382,-0.439415,0.583364,0.381067,-0.045258,-0.329599,0.108883,0.17617,0.0,-0.456409,0.241468,-0.401888,-0.197434,-0.220184,0.175859,-0.401888,-0.184126,-0.378592,-0.104757,0.414743,0.04011,-0.000251,-0.072926,0.529629,0.391822,0.311687,-0.197434,-0.512811,-0.401247,0.407347,-0.61007,-0.282354,0.095728,-0.320017,0.173062,0.620218,0.306564,0.215184,0.634318,#
18,0.211813,-0.146441,-0.479149,-0.02019,0.240069,0.362509,0.256542,-0.045978,0.42021,0.234144,0.502732,0.381934,-0.17362,0.747026,-0.092436,-0.236817,-0.163828,-0.456265,1.0,0.428139,0.160843,0.380927,0.615885,-0.265588,-0.313331,0.511958,-0.017998,0.38181,0.774255,-0.257588,0.262524,0.545906,0.309102,0.581027,-0.376373,-0.570605,-0.100154,-0.110539,-0.289388,0.0,-0.439194,0.335974,0.226078,-0.368795,0.271189,0.239,-0.243816,0.370887,-0.245654,-0.445261,0.051767,-0.245633,0.308463,0.230742,-0.052068,0.095886,-0.052663,0.491053,-0.221824,0.313327,-0.175882,-0.413416,0.174854,0.450518,-0.512336,-0.258216,0.0,0.400584,-0.267097,0.174186,0.335974,0.405984,0.371715,-0.580111,-0.288243,0.409568,0.497983,-0.272677,-0.052515,0.24106,0.198897,0.392099,0.293417,0.11405,-0.133187,0.497983,-0.540973,0.027021,-0.179642,-0.367927,-0.264984,0.180796,-0.002001,-0.071009,0.284151,-0.288243,0.035308,-0.33863,0.1303,0.252007,0.092471,-0.01356,0.245519,-0.41177,0.198897,-0.271051,-0.211212,0.0693,-0.095601,0.121516,-0.270366,0.534052,-0.468547,0.381502,0.512018,0.0,-0.179642,-0.154408,0.575744,-0.021149,0.19444,0.414178,-0.001129,0.467571,-0.384077,0.512018,-0.208399,-0.034917,-0.199976,-0.228779,0.198897,-0.479247,0.091043,-0.380059,0.091043,0.381502,0.269707,0.075479,0.482806,-0.23015,0.422047,0.284151,-0.099349,-0.170355,0.027021,-0.034276,0.0,0.075531,-0.684641,-0.271051,0.391467,-0.487608,0.410872,-0.500884,0.180796,0.087177,0.44001,-0.031621,-0.468547,-0.47974,0.251859,0.107787,0.366145,-0.33863,-0.069238,0.544727,0.395159,-0.119109,0.121516,0.0,0.240032,-0.425137,0.091878,-0.106117,-0.287909,-0.052515,0.091878,0.124933,0.252972,-0.406882,0.149551,-0.472516,-0.434601,0.154319,-0.504695,-0.38116,-0.33128,-0.106117,-0.141018,0.286072,-0.23015,0.290639,-0.55179,0.001951,0.346286,-0.36975,-0.26417,-0.468547,-0.322337,-0.459844,#
19,0.491597,-0.444578,-0.404653,-0.136757,-0.270992,-0.124675,-0.002504,-0.509011,0.360753,-0.373114,0.597595,0.361457,-0.635301,0.305692,0.281976,-0.210212,0.152447,-0.671773,0.428139,1.0,0.217259,0.227944,0.055103,0.055836,-0.220607,0.360753,0.538718,0.361219,0.365527,0.063148,-0.179272,0.243567,0.033794,0.080175,0.126288,-0.138862,-0.244641,0.448243,0.143018,0.0,-0.020139,0.445839,-0.241586,0.14624,0.567389,0.016862,-0.189797,0.426676,-0.803642,0.073411,0.073411,0.238984,-0.370194,0.02053,-0.257329,0.405947,-0.203993,0.517877,-0.465657,-0.087413,-0.375254,0.21435,0.405654,-0.031358,-0.755694,-0.508609,0.0,0.413421,-0.47443,0.321969,0.445839,0.420396,0.853537,-0.369657,-0.663444,0.711998,0.538825,0.268662,-0.114525,0.395499,0.416341,0.382313,0.122793,0.081738,0.033827,0.538825,0.240385,-0.382936,0.137845,0.15399,-0.663792,0.025404,0.086617,-0.1484,0.667491,-0.212735,0.238382,-0.639408,-0.363412,0.651742,0.138255,0.391127,0.048618,-0.542234,0.416341,0.050785,0.048618,0.212935,0.312989,0.321803,-0.663444,0.107986,0.097603,0.137845,0.268662,0.0,0.137845,-0.194689,0.465501,-0.069031,-0.212735,0.400444,0.538825,0.408015,0.273039,0.268662,-0.037807,0.349598,0.147656,0.048618,0.416341,-0.532218,0.143905,-0.050485,0.143905,0.137845,-0.270992,0.127125,0.21845,0.286473,0.990776,0.667491,0.400444,0.448243,0.097603,0.340472,0.0,-0.153003,-0.389551,0.050785,0.300348,0.097603,0.333721,-0.270992,0.025404,0.212935,-0.251617,-0.202604,0.097603,-0.052426,0.505375,0.15399,0.086132,-0.639408,-0.423347,0.096849,0.400444,0.243791,0.321803,0.0,0.042365,-0.061185,0.434716,-0.333726,-0.212222,-0.114525,0.434716,0.192172,0.06052,-0.30605,-0.355565,-0.525047,-0.038906,0.160923,-0.612611,-0.298395,0.084781,-0.333726,0.146182,-0.244661,0.286473,0.131989,-0.117645,-0.163104,0.656787,0.148538,-0.344534,-0.382936,0.182661,-0.532218,#
20,0.044671,-0.377646,-0.420975,0.226165,-0.271904,-0.094281,-0.423523,0.177902,-0.103289,-0.044561,0.183522,-0.050745,-0.094281,0.334194,0.309236,0.191933,0.162184,-0.124949,0.160843,0.217259,1.0,0.414076,0.500034,-0.407449,-0.659423,0.342326,0.558129,0.194824,-0.094281,-0.407042,0.337104,0.218531,0.78433,0.206442,-0.448043,-0.53387,-0.68004,0.023457,-0.40748,0.0,0.286857,-0.640048,0.257897,0.119394,0.091968,-0.001274,0.242456,0.189943,-0.353006,-0.310452,0.119394,0.386915,-0.090665,0.018632,0.341245,0.6379,-0.170671,0.111577,-0.530514,0.437045,-0.410448,0.134403,-0.393722,0.045289,-0.049396,-0.350612,0.0,0.129394,-0.496232,0.432626,-0.640048,-0.025354,0.36093,0.42641,-0.263698,0.557927,0.088361,0.238334,-0.132671,0.402631,0.394101,0.329641,-0.407856,0.52001,0.417158,0.088361,0.247126,-0.816023,0.147302,0.183639,0.150183,-0.245256,0.091596,0.213021,0.247126,0.195977,-0.191707,-0.64525,0.091596,0.147302,0.111577,0.374893,0.031414,0.271234,0.394101,0.077647,0.031414,0.195977,0.312377,-0.271904,-0.263698,0.126142,-0.325925,0.632597,0.238334,0.0,0.147302,-0.598231,0.153645,0.258972,0.195977,-0.044679,0.088361,0.393923,0.414692,0.238334,-0.039461,-0.49636,0.292528,0.031414,0.394101,-0.097727,0.099616,-0.577015,0.535181,0.632597,0.394528,0.125995,0.271831,0.255965,0.17209,0.650461,-0.044679,0.023457,-0.325925,0.347179,0.0,-0.302727,-0.015994,0.077647,0.259469,0.102658,0.365698,0.394528,-0.245256,0.195977,0.091282,-0.210663,-0.325925,0.382988,0.455989,-0.212536,0.069435,-0.64525,0.238334,0.038685,0.382988,-0.148836,-0.271904,0.0,0.001277,0.30961,-0.271904,0.255965,-0.263012,-0.132671,-0.271904,-0.243727,0.389281,0.102658,0.027057,-0.551806,0.337726,0.524194,-0.216783,0.113936,0.060325,0.255965,-0.206485,-0.282539,0.255965,-0.421362,-0.19569,-0.193462,-0.162491,-0.250788,-0.349772,-0.816023,-0.452875,-0.097727,#
