0,1.0,0.495912,0.278384,0.218052,0.49561,0.39473,0.39473,-0.166667,0.39473,0.350638,-0.105222,0.225545,0.203852,0.087178,0.210987,-0.015491,-0.327113,0.306129,0.334905,-0.166667,0.393586,-0.337281,0.317842,0.029232,0.777228,-0.611674,0.247585,0.220415,-0.200433,0.408015,-0.249944,0.115305,-0.24975,5.6e-05,-0.155246,0.387162,0.337141,-0.40814,0.203999,0.101999,0.601501,0.181178,0.063296,-0.721073,0.375,-0.488049,-0.118419,-0.1655,-0.103804,-0.688619,0.231358,-0.392557,0.0,0.141186,-0.380174,-0.237489,-0.758829,0.196429,-0.483324,0.237473,0.176306,0.371137,0.240772,0.205179,-0.466495,0.243454,0.0,0.388382,0.155321,0.225545,0.326388,0.171602,0.666667,0.207617,0.087422,0.15901,-0.25,-0.499604,0.079168,-0.106954,-0.249873,-0.327154,-0.249873,-0.231322,-0.111772,-0.25,-0.116523,-0.407971,-0.011485,-0.407971,-0.685124,-0.499613,-0.166667,-0.111772,-0.611828,-0.166667,-0.231322,-0.249873,-0.407971,-0.166667,-0.200433,-0.407971,-0.106954,0.666667,-0.017032,-0.407971,0.096136,-0.116523,-0.249873,-0.762738,0.481332,0.0,-0.25,0.207617,-0.327154,-0.32716,0.218218,-0.387737,0.375,-0.190476,-0.327154,-0.327154,-0.762755,-0.327154,0.201075,0.087422,0.185821,0.283039,-0.605548,-0.249873,-0.258091,0.0,-0.231322,0.410906,0.185821,-0.25,0.0,-0.327154,0.260657,-0.611748,-0.249873,0.15687,-0.408034,-0.961048,-0.407971,-0.611619,-0.685124,0.577897,-0.387737,-0.248719,-0.387737,-0.407971,0.666667,-0.249873,0.07194,-0.166667,-0.13995,0.591332,0.358353,-0.327154,0.064958,-0.166667,-0.017032,0.087422,0.087422,0.334917,-0.249873,0.169978,-0.25,-0.166667,0.373866,0.175681,0.094617,-0.226977,0.199142,-0.408034,-0.166667,0.199142,0.281022,-0.892664,0.373866,0.083217,0.199142,0.207757,0.177193,0.315767,-0.245894,0.377686,-0.113776,0.374352,-0.408034,0.09178,0.199142,0.25852,-0.170119,0.59401,0.197573,-0.067783,0.28575,0.276214,#
1,0.495912,1.0,0.101152,-0.228189,0.175302,0.381022,0.412465,-0.333211,0.381022,-0.030459,-0.400281,-0.007046,-0.239199,0.407631,0.220729,-0.211832,-0.653987,0.654609,0.225901,0.317592,0.231436,0.00081,0.644719,0.168021,0.225544,-0.383706,0.470707,0.102134,-0.254624,0.416245,-0.499706,-0.674058,0.007802,2.4e-05,-0.664552,0.017759,0.277447,-0.3888,0.209367,0.012745,0.407203,0.484125,0.330206,-0.391896,-0.011714,0.083006,0.381022,0.256489,0.126194,-0.369515,-0.506363,-0.51913,0.0,-0.558474,-0.49107,0.338357,-0.132773,0.431762,-0.074882,0.485369,0.315449,0.017014,0.358101,-0.252774,0.120342,0.497377,0.0,0.402088,0.32468,0.499645,0.02105,0.094193,0.343624,0.22346,-0.002731,0.34274,-0.011715,-0.197867,-0.01579,-0.000371,0.022302,-0.654069,-0.499562,-0.237878,0.417891,0.515436,0.402223,-0.389615,0.183336,-0.002731,-0.33233,0.208037,-0.333211,0.417891,-0.379368,-0.333211,0.219129,0.022302,0.036413,-0.333211,-0.254624,-0.002731,-0.000371,0.317592,0.208037,-0.002731,-0.375394,-0.410413,0.496217,-0.652895,0.366963,0.0,-0.011715,0.22346,-0.194177,-0.202858,0.197688,0.007626,0.476388,-0.440315,0.22346,-0.654069,-0.206698,-0.654069,0.278471,-0.002731,0.656741,0.471023,-0.358151,0.022302,-0.193498,0.0,-0.237878,-0.3934,0.231391,-0.499817,0.0,-0.194177,0.471193,-0.797166,0.022302,-0.169208,-0.3835,-0.479043,0.423297,-0.394859,-0.33233,0.250775,0.007626,0.512794,-0.517243,-0.002731,0.343624,0.022302,0.410695,0.343624,-0.036224,0.625174,0.409055,-0.194177,0.000738,0.343624,-0.206973,0.423297,0.423297,0.529686,-0.499562,0.221466,-0.499817,-0.333211,-0.416274,-0.060369,-0.423217,-0.227288,-0.007465,-0.3835,-0.333211,-0.007465,0.204105,-0.488222,0.407514,0.025396,0.012442,-0.007788,0.478798,-0.040833,0.232636,-0.037081,-0.818354,0.414017,0.009052,0.326844,0.510113,0.097783,0.021016,-0.017438,-0.525639,-0.114341,0.196381,-0.181199,#
2,0.278384,0.101152,1.0,-0.273904,-0.475261,0.140732,0.220929,0.12047,0.140732,0.254668,0.125543,0.428055,-0.195883,0.415011,-0.181527,0.00628,-0.277153,0.233811,-0.244903,-0.660957,-0.379021,0.255959,-0.182966,-0.047643,0.322853,-0.485568,-0.199206,-0.351293,0.542972,-0.394557,0.180665,0.282697,-0.42838,0.000118,0.137489,0.255339,0.402072,-0.136532,0.300472,-0.003985,-0.127729,0.506593,0.515635,-0.229626,-0.380946,-0.087531,0.140732,-0.348732,-0.251964,-0.166713,0.35301,-0.31698,0.0,0.424298,-0.267013,-0.427837,-0.395091,0.38304,-0.353552,-0.142774,0.638018,-0.397266,-0.290972,-0.207805,-0.519753,-0.12223,0.0,0.662318,-0.073708,0.428993,0.350795,-0.169531,0.218148,-0.177724,0.375728,-0.112546,-0.405365,-0.055083,-0.618761,-0.442142,0.255926,0.215579,0.207112,-0.335386,0.097456,0.327223,0.120078,0.378005,-0.01694,-0.067176,-0.169349,0.028394,0.12047,-0.371433,0.144557,0.185589,0.228883,0.255926,0.398499,0.12047,0.542972,-0.12752,-0.442142,0.15303,0.499771,-0.108164,-0.19626,0.544621,-0.313109,-0.356149,-0.396838,0.0,-0.405365,0.302844,0.281949,0.301597,-0.765215,-0.271707,-0.380946,0.572582,-0.198618,0.215579,0.210915,0.215579,-0.262531,0.397361,-0.146833,-0.294564,-0.424295,0.255926,0.219757,0.0,-0.314623,0.041607,0.363891,-0.405365,0.0,0.281949,0.37893,0.060893,0.255926,0.597772,-0.133662,-0.385902,-0.046681,-0.395063,-0.169349,0.109951,-0.271707,0.325545,-0.296957,-0.108164,0.218149,0.255926,-0.063711,0.218148,0.594585,-0.338981,0.640159,-0.219512,0.412195,0.218148,0.460952,0.417855,0.437211,0.330033,0.180613,-0.270908,-0.405365,0.12047,0.056474,-0.37763,0.336524,-0.387126,-0.281662,-0.133662,0.12047,-0.281662,-0.365768,-0.357495,-0.424789,0.443817,0.390593,-0.293848,-0.179136,-0.348031,-0.320476,-0.457458,0.055845,0.108544,-0.585365,-0.147024,-0.206967,-0.025797,0.156955,-0.054666,-0.357507,-0.498132,-0.313851,-0.205879,#
3,0.218052,-0.228189,-0.273904,1.0,0.214435,-0.370108,0.077464,0.479714,-0.370108,0.196903,-0.358603,-0.238577,0.516734,-0.101959,0.529541,0.207735,0.048256,-0.084857,-0.075731,-0.218052,0.019386,-0.169719,-0.055445,-0.225094,0.498794,0.064886,-0.35405,0.168217,-0.699277,0.089627,0.186331,0.179654,0.175139,0.0,0.01231,0.185941,-0.42041,0.346808,0.035215,-0.088964,0.311546,-0.522697,-0.607281,-0.24119,0.784987,-0.713605,-0.370108,0.014836,-0.305567,0.151558,0.271158,0.299275,0.0,0.169322,-0.248493,0.014215,-0.061724,-0.264777,0.219296,-0.228261,-0.55359,0.760505,0.103252,0.226494,-0.231003,0.286662,0.0,-0.372966,0.160873,-0.260342,-0.13637,-0.449013,-0.218052,0.5235,0.313135,-0.53769,0.196247,-0.244926,0.369158,0.520845,0.181202,0.019755,-0.326911,-0.052349,0.054388,-0.327078,0.046243,-0.118951,0.180815,-0.118951,0.161842,-0.249575,-0.218052,0.089279,0.055378,-0.218052,-0.089429,0.181202,-0.118951,-0.218052,-0.699277,-0.533753,0.520845,0.508788,0.171335,-0.118951,0.188664,0.046243,-0.326911,-0.070889,0.583778,0.0,0.196247,0.038412,0.019755,0.011306,0.542444,0.291217,0.218052,-0.370688,0.019755,0.019755,-0.556564,0.019755,0.219224,-0.101667,-0.427541,0.336639,0.003521,0.181202,-0.063141,0.0,0.392616,0.424017,0.028503,0.763181,0.0,0.019755,-0.228205,0.06352,0.181202,0.265598,0.342996,-0.164002,-0.118951,0.071128,0.161842,0.305715,0.291217,-0.325401,0.291217,-0.118951,-0.218052,0.181202,-0.106669,-0.218052,-0.386541,0.130553,0.054313,0.057069,-0.112799,-0.218052,-0.232739,-0.101667,0.313135,-0.377035,0.181202,-0.426236,0.763181,0.479714,0.056483,0.276279,0.325459,0.404191,-0.255676,0.342996,0.479714,-0.255676,-0.087627,-0.341574,0.056483,-0.561119,-0.255676,0.289931,-0.342325,-0.061488,-0.087627,0.106669,0.068225,-0.412437,0.342996,-0.540787,-0.255676,0.296785,0.463347,0.357676,0.276437,0.596579,0.415389,0.548547,#
4,0.49561,0.175302,-0.475261,0.214435,1.0,-0.035738,-0.035738,-0.333008,-0.035738,-0.030441,0.01241,-0.005543,0.175279,-0.428909,0.186316,-0.242534,0.23274,-0.247833,0.663994,0.317399,0.814594,-0.379072,0.163397,0.302853,0.225406,0.019741,0.542322,0.552221,-0.23361,0.385326,0.037249,-0.05596,0.007797,2.4e-05,-0.071526,0.017748,-0.107556,-0.421403,-0.239226,-0.018494,0.406955,-0.326905,-0.208476,-0.398214,0.476098,-0.300078,-0.452264,-0.097452,-0.130439,-0.367281,0.004063,-0.005901,0.0,-0.294586,0.012584,-0.114704,-0.203231,-0.588711,-0.01387,-0.064909,-0.275019,0.506806,0.52179,0.182759,-0.013625,-0.055484,0.0,-0.426093,-0.409947,0.013184,0.150051,0.499759,0.343415,0.181095,0.013646,0.344441,-0.011707,-0.181611,0.388231,-0.040254,-0.499258,-0.176381,-0.499258,0.194597,-0.441879,-0.499512,-0.007276,-0.815146,0.19936,-0.428498,-0.369262,-0.190894,0.369431,-0.051608,-0.401661,-0.333008,-0.694461,-0.499258,-0.815146,0.369431,-0.23361,0.013646,-0.040254,0.317399,-0.190894,0.013646,0.289628,-0.393793,-0.025632,-0.220166,0.458119,0.0,-0.011707,-0.236288,-0.65367,-0.18539,0.623358,-0.020399,0.476098,-0.423322,-0.236288,-0.176381,-0.642173,-0.176381,0.442562,-0.428498,0.18824,0.054625,0.052934,-0.499258,-0.217945,0.0,0.194597,0.429838,-0.236851,-0.011707,0.0,-0.65367,-0.487181,-0.393793,-0.499258,-0.516246,-0.42296,-0.350747,-0.428498,0.004406,-0.369262,0.211401,-0.020399,-0.496952,-0.020399,0.013646,0.343415,-0.499258,-0.027513,-0.333008,-0.342045,0.586332,-0.003851,-0.236288,0.01733,-0.333008,-0.190894,-0.428498,-0.428498,-0.006809,0.042348,0.669077,-0.011707,-0.333008,0.424982,0.610295,-0.42296,0.208843,0.511046,-0.42296,-0.333008,0.511046,0.661293,-0.282281,0.391634,0.042367,0.013678,-0.027242,0.47989,0.705427,-0.240171,0.815463,0.020202,-0.011687,-0.030647,0.328237,-0.026112,0.081363,-0.525793,0.373575,0.511697,0.511913,0.635373,0.6536,#
5,0.39473,0.381022,0.140732,-0.370108,-0.035738,1.0,0.189156,-0.407888,1.0,0.415601,0.199056,0.119716,0.107624,0.238067,-0.375964,0.432004,-0.352932,0.319145,0.344692,0.249996,0.273434,-0.052844,0.361999,-0.04022,0.088486,-0.665609,0.155003,-0.387169,0.084392,0.578608,-0.611695,-0.013654,-0.098584,0.0,-0.164157,-0.088599,0.547706,-0.584296,0.525757,-0.128219,0.237756,0.198779,0.206875,-0.492436,-0.118419,0.006957,0.578685,-0.175297,-0.002049,-0.269278,0.132039,0.083407,0.0,0.15233,0.132348,0.153299,-0.527716,0.634387,-0.529951,0.622877,0.431957,-0.131278,-0.261359,-0.127053,0.15444,0.118009,0.0,0.597119,0.435811,0.0591,-0.007065,0.518664,0.276311,0.086423,-0.607345,0.439363,-0.118419,-0.436579,-0.189904,-0.285674,-0.61152,-0.361585,0.434545,0.350432,0.137469,-0.098682,-0.284711,-0.144474,-0.451993,-0.160118,-0.281708,-0.422213,-0.407888,0.137469,-0.627918,0.302626,0.350432,-0.61152,-0.161038,-0.407888,0.084392,0.230055,-0.285674,0.249996,-0.422213,-0.607345,-0.316485,0.178002,-0.132449,-0.069099,-0.148402,0.0,-0.118419,0.060595,-0.361585,-0.800668,0.060296,-0.447251,0.374994,-0.271612,-0.378472,-0.361585,-0.083716,-0.361585,-0.360342,0.246619,0.524573,0.038189,-0.637408,-0.61152,-0.546157,0.0,-0.547859,-0.250377,-0.378886,-0.611831,0.0,-0.361585,0.657714,-0.643475,-0.61152,-0.083048,-0.585897,-0.514603,-0.176682,-0.676607,-0.281708,0.446308,-0.447251,-0.144588,0.103735,-0.607345,0.276311,-0.61152,-0.201618,-0.407888,0.103646,0.424526,-0.28105,-0.361585,-0.609321,-0.407888,-0.009861,0.230055,-0.176682,-0.097768,-0.61152,0.084987,-0.611831,-0.407888,0.163915,-0.054217,0.264704,-0.580872,0.584837,-0.585897,-0.407888,0.584837,0.324464,-0.114802,0.569748,0.253185,0.081751,0.610139,0.141985,0.411611,0.341103,0.120214,-0.224554,0.996528,-0.60177,0.3494,0.584837,0.329304,-0.359564,0.266113,0.077338,-0.620735,-0.12633,-0.322058,#
6,0.39473,0.412465,0.220929,0.077464,-0.035738,0.189156,1.0,-0.407888,0.189156,0.415601,0.167675,0.593276,0.526719,0.238067,0.508537,0.400819,-0.386089,-0.094022,0.328371,-0.407888,0.236879,-0.522299,0.814331,-0.468798,0.088486,-0.68127,0.488646,-0.456773,0.084392,0.130038,-0.611695,-0.073237,-0.611221,0.0,-0.181984,-0.088599,0.547706,-0.168413,0.072136,0.677643,-0.185066,0.675555,-0.284828,-0.296788,0.374994,-0.206026,0.189156,0.278369,-0.029365,-0.269278,0.093227,-0.453001,0.0,-0.123536,-0.411507,0.440782,-0.47454,0.28195,-0.528409,0.622877,-0.264934,0.383941,-0.286703,-0.127053,0.280367,0.63771,0.0,0.597119,0.435811,0.098501,0.513263,0.019354,0.276311,0.508603,-0.176682,0.365975,-0.611831,-0.798355,-0.189904,-0.261281,-0.083978,-0.800653,-0.063688,-0.085881,-0.233139,0.414467,-0.245155,-0.120549,-0.413005,-0.120549,-0.242644,-0.383668,-0.407888,0.161618,0.185915,0.302626,-0.043434,-0.083978,-0.137113,-0.407888,0.084392,-0.567775,-0.261281,0.249996,-0.002689,-0.567775,-0.277019,-0.228597,-0.083978,-0.505412,0.041594,0.0,-0.611831,0.086423,-0.335758,-0.344536,0.060296,-0.417774,-0.118419,-0.247176,-0.335758,-0.800653,-0.474388,-0.800653,-0.38574,0.270544,0.094595,0.018688,-0.205883,-0.083978,-0.097901,0.0,-0.085881,-0.265912,0.094595,-0.118419,0.0,-0.335758,0.072216,-0.228597,-0.083978,0.574048,-0.164798,-0.534395,-0.137113,-0.257519,-0.242644,0.793437,-0.417774,0.412342,-0.397367,-0.567775,0.276311,-0.083978,-0.160916,0.276311,0.131004,0.400212,0.153047,0.086423,-0.17296,0.276311,0.013446,0.253981,0.253981,0.415052,-0.61152,-0.390271,-0.118419,-0.407888,0.148103,-0.096245,-0.147992,-0.554989,0.062886,-0.164798,-0.407888,0.062886,-0.135887,-0.321672,0.132291,0.254195,0.586095,0.065606,0.543459,0.140296,0.342212,-0.298168,-0.240273,0.151398,-0.164798,0.35101,0.586095,0.771686,0.103168,0.661611,-0.462078,-0.367771,-0.12633,0.069332,#
7,-0.166667,-0.333211,0.12047,0.479714,-0.333008,-0.407888,-0.407888,1.0,-0.407888,-0.166513,-0.407897,-0.665437,-0.218008,-0.272101,-0.218164,-0.333053,-0.218076,0.218064,-0.507182,-0.111111,-0.493912,0.224854,-0.508548,0.339645,0.490881,0.253487,-0.83296,0.085717,-0.356327,-0.408015,0.650799,0.338927,0.632701,-2.1e-05,0.257176,0.650171,-0.214225,0.401127,-0.218165,-0.271998,0.387268,-0.266347,0.126592,0.266027,-0.166667,-0.076823,-0.407888,0.242121,0.0173,0.077228,0.138172,0.17447,0.0,0.486308,0.158788,-0.46877,0.176208,0.071428,0.16599,-0.66557,0.097272,-0.202438,-0.129303,0.115413,-0.361158,0.146072,0.0,-0.407997,0.081975,0.166359,-0.642248,-0.78446,-0.111111,-0.218103,0.388544,-0.994833,0.666667,0.317756,0.418171,0.265403,0.642529,0.494925,-0.166582,-0.508492,0.258841,-0.166667,0.252468,0.388544,0.317756,0.388544,0.082469,0.310366,-0.111111,-0.407871,0.24627,-0.111111,0.200062,0.642529,0.388544,-0.111111,-0.356327,-0.271981,0.265403,-0.111111,0.310366,0.388544,0.096136,0.252468,-0.166582,0.200062,0.34257,0.0,0.666667,-0.218103,0.494925,0.481481,-0.218218,0.148393,-0.166667,0.269841,0.494925,0.494925,0.194306,0.494925,0.111708,-0.271981,-0.217859,0.171539,0.134566,0.642529,0.205634,0.0,0.200062,0.254646,0.508338,0.666667,0.0,0.494925,0.190165,0.252468,0.642529,0.135339,0.398178,0.194995,0.388544,0.271831,0.082469,-0.326637,0.148393,-0.165812,0.148393,0.388544,-0.111111,0.642529,0.407661,-0.111111,-0.404301,-0.324411,0.258484,-0.218103,0.397622,-0.111111,-0.333075,-0.271981,0.388544,-0.192123,0.642529,-0.217194,0.666667,1.0,-0.440627,0.223594,0.398178,0.205961,-0.690357,0.398178,1.0,-0.690357,-0.538626,-0.163175,-0.440627,-0.285926,-0.690357,0.166206,-0.797367,-0.597265,-0.538626,-0.407661,0.255996,-0.429082,0.398178,-0.992578,-0.690357,-0.340035,0.376324,-0.271956,0.159156,0.303994,0.211667,-0.217194,#
8,0.39473,0.381022,0.140732,-0.370108,-0.035738,1.0,0.189156,-0.407888,1.0,0.415601,0.199056,0.119716,0.107624,0.238067,-0.375964,0.432004,-0.352932,0.319145,0.344692,0.249996,0.273434,-0.052844,0.361999,-0.04022,0.088486,-0.665609,0.155003,-0.387169,0.084392,0.578608,-0.611695,-0.013654,-0.098584,0.0,-0.164157,-0.088599,0.547706,-0.584296,0.525757,-0.128219,0.237756,0.198779,0.206875,-0.492436,-0.118419,0.006957,0.578685,-0.175297,-0.002049,-0.269278,0.132039,0.083407,0.0,0.15233,0.132348,0.153299,-0.527716,0.634387,-0.529951,0.622877,0.431957,-0.131278,-0.261359,-0.127053,0.15444,0.118009,0.0,0.597119,0.435811,0.0591,-0.007065,0.518664,0.276311,0.086423,-0.607345,0.439363,-0.118419,-0.436579,-0.189904,-0.285674,-0.61152,-0.361585,0.434545,0.350432,0.137469,-0.098682,-0.284711,-0.144474,-0.451993,-0.160118,-0.281708,-0.422213,-0.407888,0.137469,-0.627918,0.302626,0.350432,-0.61152,-0.161038,-0.407888,0.084392,0.230055,-0.285674,0.249996,-0.422213,-0.607345,-0.316485,0.178002,-0.132449,-0.069099,-0.148402,0.0,-0.118419,0.060595,-0.361585,-0.800668,0.060296,-0.447251,0.374994,-0.271612,-0.378472,-0.361585,-0.083716,-0.361585,-0.360342,0.246619,0.524573,0.038189,-0.637408,-0.61152,-0.546157,0.0,-0.547859,-0.250377,-0.378886,-0.611831,0.0,-0.361585,0.657714,-0.643475,-0.61152,-0.083048,-0.585897,-0.514603,-0.176682,-0.676607,-0.281708,0.446308,-0.447251,-0.144588,0.103735,-0.607345,0.276311,-0.61152,-0.201618,-0.407888,0.103646,0.424526,-0.28105,-0.361585,-0.609321,-0.407888,-0.009861,0.230055,-0.176682,-0.097768,-0.61152,0.084987,-0.611831,-0.407888,0.163915,-0.054217,0.264704,-0.580872,0.584837,-0.585897,-0.407888,0.584837,0.324464,-0.114802,0.569748,0.253185,0.081751,0.610139,0.141985,0.411611,0.341103,0.120214,-0.224554,0.996528,-0.60177,0.3494,0.584837,0.329304,-0.359564,0.266113,0.077338,-0.620735,-0.12633,-0.322058,#
9,0.350638,-0.030459,0.254668,0.196903,-0.030441,0.415601,0.415601,-0.166513,0.415601,1.0,-0.065441,0.251153,0.778098,0.068064,0.190111,0.508345,-0.326811,-0.258954,0.272634,-0.166513,0.22597,0.123622,0.340347,-0.492308,0.203559,-0.61111,0.189832,-0.443246,0.159173,-0.121508,-0.249714,0.103115,-0.24952,2.9e-05,-0.303337,-0.249709,0.170844,-0.407763,0.183397,0.141853,0.06744,0.034631,0.0377,-0.696197,0.350638,-0.701183,0.415601,-0.310203,-0.303146,0.182506,0.257074,0.213044,0.0,0.152358,-0.332301,0.252122,-0.758128,0.292313,-0.501637,0.263325,0.177311,0.346717,-0.625531,0.239483,0.005204,0.269423,0.0,0.409128,0.189993,0.201365,0.135937,0.048984,-0.166513,0.186876,0.068306,0.129488,-0.249769,-0.499143,-0.407644,-0.126262,-0.249642,-0.326852,0.416984,0.332249,-0.130884,-0.249769,-0.135445,0.136611,-0.030231,0.136611,0.172951,-0.499152,-0.166513,-0.130884,-0.072305,0.698073,0.332249,-0.249642,-0.407594,-0.166513,0.159173,-0.407594,-0.126262,0.63403,-0.03556,-0.407594,0.193942,0.408575,-0.249642,-0.178256,-0.060236,0.0,-0.249769,0.186876,-0.326852,-0.326858,0.197053,-0.410832,0.350638,-0.050777,-0.326852,-0.326852,-0.183007,-0.326852,-0.667056,0.612511,-0.326487,-0.383629,-0.081441,-0.249642,-0.760981,0.0,0.332249,-0.212157,-0.326487,-0.249769,0.0,-0.326852,0.235849,-0.067163,-0.249642,0.25069,-0.407657,-0.472454,-0.407594,-0.102596,0.172951,0.602707,-0.410832,-0.248489,0.259632,-0.407594,-0.166513,-0.249642,-0.407285,-0.166513,0.36082,-0.071955,-0.130703,-0.326852,-0.407088,-0.166513,0.49457,0.068306,0.068306,-0.247514,-0.249642,-0.32549,-0.249769,-0.166513,0.374803,-0.009615,0.627392,-0.247361,0.200488,-0.407657,-0.166513,0.200488,-0.264565,-0.21964,-0.144688,0.102819,0.200488,0.209162,0.178731,0.390253,0.282112,-0.121402,-0.057655,0.375269,-0.407657,0.093654,0.200488,0.57375,-0.186304,0.630587,0.198972,-0.087847,-0.242786,0.252826,#
10,-0.105222,-0.400281,0.125543,-0.358603,0.01241,0.199056,0.167675,-0.407897,0.199056,-0.065441,1.0,0.632411,0.09606,-0.163756,-0.381385,0.410935,0.526474,-0.542185,0.384909,-0.407897,0.264904,-0.526982,-0.079275,-0.038798,-0.35327,-0.273553,0.140107,-0.444093,0.629055,0.125204,-0.075793,0.606957,-0.611234,-9.4e-05,0.749774,-0.095265,0.530723,-0.196049,0.094804,0.242904,-0.580761,0.183795,-0.3039,0.167951,-0.124707,0.269552,-0.216901,-0.214059,-0.191345,-0.208069,0.646992,0.110903,0.0,0.422567,0.603627,-0.251669,-0.13065,-0.244404,-0.417276,0.111659,-0.206788,-0.136071,-0.275551,-0.308946,0.203614,-0.388994,0.0,0.188232,-0.246863,-0.381212,0.516911,0.624417,0.267601,0.075124,-0.556921,0.44064,-0.611845,-0.391998,-0.20021,-0.694775,-0.611533,0.10945,0.421229,0.381646,-0.662828,-0.105222,-0.630751,-0.155356,-0.787666,-0.556921,-0.234219,-0.378435,0.293582,-0.273091,0.180671,0.293582,-0.506197,-0.611533,-0.17171,0.293582,0.629055,0.26983,-0.694775,-0.407897,-0.378435,-0.556921,-0.267502,0.212067,-0.611533,0.381646,-0.671942,0.0,-0.611845,-0.367186,-0.367186,-0.333034,-0.375885,-0.404402,-0.611845,0.163864,-0.800671,0.10945,-0.047464,0.10945,-0.374566,-0.155356,0.083204,-0.514214,-0.205153,-0.611533,0.330985,0.0,-0.505222,0.240156,-0.384256,-0.124707,0.0,-0.367186,-0.359098,0.173014,-0.611533,0.263811,-0.199391,-0.029148,-0.573274,-0.256811,-0.234219,0.27848,-0.404402,-0.150503,0.139577,-0.556921,0.267601,-0.611533,-0.608938,-0.407897,0.224705,0.043881,-0.240662,0.049625,-0.166894,-0.407897,0.028675,-0.17171,-0.573274,-0.103081,-0.070669,0.051669,-0.124707,-0.407897,0.618909,0.08307,-0.14316,-0.537317,0.618377,-0.199391,-0.407897,0.618377,0.359764,0.404215,0.153712,0.669667,0.618377,0.085499,0.184373,0.448273,-0.096923,0.156627,0.596147,0.172405,-0.606839,0.392328,0.081953,0.338622,-0.373555,0.250011,0.118445,-0.572689,-0.088098,0.036212,#
11,0.225545,-0.007046,0.428055,-0.238577,-0.005543,0.119716,0.593276,-0.665437,0.119716,0.251153,0.632411,1.0,0.307659,0.388383,0.285316,0.481561,0.32806,-0.346617,0.225239,-0.665437,0.134213,-0.317735,0.213944,-0.53017,-0.225357,-0.419988,0.444743,-0.329306,0.584811,0.044526,-0.338016,0.18773,-0.997159,0.000116,0.195597,-0.361989,0.338946,-0.115981,0.30625,0.408751,-0.639932,0.414835,-0.245428,-0.207483,0.201551,-0.129594,0.119716,-0.414576,-0.281613,-0.110688,0.398209,-0.259361,0.0,0.047653,-0.234225,0.076157,-0.329289,-0.106945,-0.314124,0.370436,-0.142138,0.207801,-0.102961,-0.178954,-0.054304,-0.240201,0.0,0.612373,-0.151308,-0.224207,0.956542,0.449859,0.166359,0.28549,-0.086142,0.63839,-0.998156,-0.455913,-0.645972,-0.43615,-0.356302,-0.185496,0.274079,0.233296,-0.406743,0.249539,-0.376885,-0.067124,-0.474652,-0.561603,-0.119822,-0.445073,0.198352,0.073173,0.142039,0.198352,-0.29834,-0.356302,-0.087261,0.198352,0.584811,-0.067124,-0.43615,0.134367,0.018091,-0.561603,-0.140247,0.137557,-0.356302,-0.276739,-0.551612,0.0,-0.998156,0.306021,-0.207234,-0.175838,-0.259703,-0.244232,-0.398303,0.142137,-0.741019,-0.185496,-0.248069,-0.185496,-0.263746,0.408337,-0.217457,-0.355616,-0.301441,-0.356302,0.227407,0.0,-0.29714,0.095316,-0.217457,-0.398303,0.0,-0.207234,-0.284722,0.137557,-0.356302,0.569643,-0.113739,-0.325039,-0.581741,-0.386674,-0.119822,0.466143,-0.244232,0.24826,-0.219423,-0.561603,0.166359,-0.356302,-0.610364,0.166359,0.629638,-0.008513,0.11254,0.306021,-0.073906,0.166359,0.519398,0.3882,-0.10628,0.251771,-0.331635,-0.255312,-0.398303,-0.665437,0.628966,-0.385868,-0.093307,-0.327735,0.360852,-0.113739,-0.665437,0.360852,0.192847,-0.016858,0.05613,0.436699,0.996929,-0.312656,0.445566,0.274025,0.191498,0.083315,0.135406,0.087743,-0.615463,0.624829,0.336387,0.455466,-0.017218,0.389324,-0.276218,-0.474076,-0.336417,0.303438,#
12,0.203852,-0.239199,-0.195883,0.516734,0.175279,0.107624,0.526719,-0.218008,0.107624,0.778098,0.09606,0.307659,1.0,-0.113158,0.486278,0.648474,0.018043,-0.553095,0.356947,-0.218008,0.357116,-0.29838,0.426911,-0.644557,0.041,-0.378847,0.248538,-0.337301,-0.086257,0.049802,-0.326939,0.173528,-0.326685,2.6e-05,-0.104372,-0.326933,0.014586,-0.105001,0.023175,0.368671,-0.113589,-0.139053,-0.558056,-0.446089,0.734715,-0.697693,0.107624,-0.10051,-0.257013,0.210564,0.315319,0.278929,0.0,0.069754,-0.212111,0.418706,-0.521856,-0.07523,-0.337793,0.323386,-0.478376,0.730285,-0.465026,0.285266,0.22189,0.33127,0.0,0.101831,0.220208,-0.245866,0.247627,0.064133,-0.218008,0.480516,-0.112867,0.156047,-0.327012,-0.653506,-0.094038,0.057434,-0.326845,-0.427933,0.262568,0.421212,-0.375552,-0.327012,-0.379561,-0.052473,-0.238907,-0.052473,0.205454,-0.653517,-0.218008,0.049168,0.092953,0.546435,-0.030162,-0.326845,-0.533645,-0.218008,-0.086257,-0.533645,0.057434,0.48981,-0.243622,-0.533645,0.23272,0.101447,-0.326845,-0.030162,0.082098,0.0,-0.327012,0.026292,-0.427933,-0.427941,0.498592,-0.268714,0.203852,-0.302744,-0.427933,-0.427933,-0.485744,-0.427933,-0.518631,0.368304,-0.427455,-0.229918,0.099439,-0.326845,-0.541843,0.0,0.421212,-0.025365,-0.427455,0.203852,0.0,-0.427933,-0.213377,0.101447,-0.326845,0.307869,-0.106786,-0.293512,-0.533645,0.065803,0.205454,0.698294,-0.268714,-0.325336,0.324092,-0.533645,-0.218008,-0.326845,-0.53324,-0.218008,0.061473,0.095954,-0.375034,0.026292,-0.532983,-0.218008,0.225105,-0.112867,-0.112867,-0.341234,-0.326845,-0.42615,0.203852,-0.218008,0.504344,0.133936,0.381435,-0.087505,0.278754,-0.106786,-0.218008,0.278754,-0.099655,-0.053564,0.045025,-0.091236,0.278754,0.290814,0.252094,0.494748,0.383702,0.065789,0.112102,0.058462,-0.106786,0.143439,0.278754,0.765452,-0.056354,0.809819,0.277314,0.115984,-0.079825,0.506279,#
13,0.087178,0.407631,0.415011,-0.101959,-0.428909,0.238067,0.238067,-0.272101,0.238067,0.068064,-0.163756,0.388383,-0.113158,1.0,0.353674,0.397957,-0.084687,0.534685,-0.372377,-0.272101,-0.42569,0.380396,0.082623,-0.494714,-0.096611,-0.164035,-0.045724,-0.168571,-0.046595,0.245756,-0.408061,-0.431907,-0.407745,2.4e-05,-0.399237,-0.408054,-0.133848,0.18334,0.797528,-0.245745,-0.274074,0.170981,0.028092,-0.244013,0.087178,-0.112922,0.66102,-0.393709,-0.230486,0.268693,-0.118495,-0.111232,0.0,-0.225467,-0.610874,0.353332,0.113927,0.395698,0.309766,0.408057,0.213156,0.079532,0.200677,-0.325118,-0.202268,-0.103804,0.0,0.650554,0.280762,-0.106033,0.381416,-0.020983,-0.272101,0.356409,0.158893,0.235367,-0.408152,0.012652,-0.666139,0.258153,0.121648,-0.09334,0.092226,0.077692,0.682367,0.622135,0.258113,0.174597,-0.002822,-0.23372,0.280389,0.026637,-0.272101,0.682367,-0.14254,-0.272101,0.541466,0.121648,0.606934,-0.272101,-0.046595,0.174597,0.258153,0.388339,0.409096,-0.23372,-0.398477,0.234103,0.121648,-0.34347,-0.260121,0.0,-0.408152,0.797183,0.373362,-0.07622,-0.102037,0.422585,0.087178,-0.132654,-0.067412,-0.09334,0.109204,-0.09334,0.135454,0.567211,-0.058196,0.314043,-0.539423,0.121648,0.131408,0.0,-0.360317,-0.25612,-0.058196,-0.408152,0.0,0.373362,0.365137,-0.158377,0.121648,0.407491,0.18681,-0.126833,0.198616,-0.562281,0.280389,0.086223,0.422585,0.618946,-0.110056,-0.23372,-0.272101,0.121648,-0.220837,0.414757,0.588058,-0.071957,0.269851,0.373362,-0.227172,0.414757,0.385698,0.999547,0.591229,0.107284,-0.407944,-0.531889,-0.408152,-0.272101,-0.186986,-0.784848,0.146505,0.088644,-0.133836,0.18681,-0.272101,-0.133836,0.054009,-0.122322,0.225716,-0.251734,0.391407,-0.139626,-0.038618,-0.392957,0.517262,-0.174465,-0.588139,0.232768,-0.22749,0.2347,0.391407,0.072097,0.639679,-0.268963,-0.660646,-0.296728,-0.345234,-0.054783,#
14,0.210987,0.220729,-0.181527,0.529541,0.186316,-0.375964,0.508537,-0.218164,-0.375964,0.190111,-0.381385,0.285316,0.486278,0.353674,1.0,0.179827,0.023927,-0.040592,-0.10568,-0.218164,-0.01276,-0.116183,0.407291,-0.645019,0.047205,0.089122,0.326068,0.250556,-0.400453,0.061034,-0.327173,-0.418675,-0.326919,-5.2e-05,-0.486809,-0.327167,-0.420626,0.371626,0.029133,0.345005,-0.108141,-0.002881,-0.48404,-0.199916,0.749221,-0.492912,0.083623,0.040698,-0.030096,0.180456,-0.268309,-0.263436,0.0,-0.489991,-0.794271,0.544904,-0.000587,-0.164238,0.286397,0.300831,-0.543027,0.766408,0.301343,0.255323,-0.053392,0.308614,0.0,0.077974,0.189937,-0.209772,0.416356,-0.265156,-0.218164,0.492822,0.362376,0.128087,-0.327246,-0.191088,-0.088316,0.547721,0.248383,-0.428239,-0.327079,-0.083129,0.103956,0.232517,0.09533,-0.064244,0.229267,-0.064244,0.204537,-0.196352,-0.218164,0.534572,0.086887,-0.218164,-0.036827,0.248383,-0.064244,-0.218164,-0.400453,-0.534027,0.547721,0.499481,0.219234,-0.064244,0.231811,-0.374294,0.248383,-0.540771,0.38471,0.0,-0.327246,0.539417,0.078886,0.069319,0.511152,0.323521,0.210988,-0.314943,0.078886,-0.428239,-0.498576,-0.428239,0.249351,0.362376,-0.427761,0.359857,0.130023,0.248383,-0.02884,0.0,0.420815,-0.015351,0.088731,0.210988,0.0,0.078886,-0.286476,0.09533,0.248383,0.307057,0.375425,-0.1335,-0.064244,0.095483,0.204537,0.278262,0.323521,0.281952,-0.255255,-0.064244,-0.218164,0.248383,-0.050388,0.528186,0.055555,0.105667,0.103812,0.539417,-0.057364,0.528186,0.219234,0.362376,0.362376,0.215712,-0.327079,-0.426455,0.210988,-0.218164,0.055884,-0.293598,-0.101241,0.432633,-0.256557,0.375425,-0.218164,-0.256557,-0.088333,-0.31915,0.055884,-0.532742,0.31418,-0.267657,0.291454,-0.097642,0.415045,0.077235,-0.371838,-0.388895,0.375425,0.188637,0.31418,0.296279,0.507163,0.328868,-0.275918,0.403726,-0.067809,0.518919,#
15,-0.015491,-0.211832,0.00628,0.207735,-0.242534,0.432004,0.400819,-0.333053,0.432004,0.508345,0.410935,0.481561,0.648474,0.397957,0.179827,1.0,0.192118,-0.240878,0.1623,-0.333053,0.064556,-0.167595,0.21861,-0.681953,-0.226224,-0.438683,-0.037729,-0.647884,0.028981,0.37408,-0.499469,0.187792,-0.499081,4.7e-05,0.10188,-0.49946,0.136359,-0.017794,0.647626,0.007536,-0.432127,-0.111832,-0.585366,-0.310917,0.468598,-0.374129,0.432004,-0.354579,-0.422504,0.337166,0.493314,0.465162,0.0,0.224724,-0.001561,0.415573,-0.228626,0.161548,-0.166455,0.505702,-0.318694,0.440749,-0.418665,-0.220203,0.250827,0.00792,0.0,0.42151,0.351986,-0.525717,0.340304,0.295445,-0.333053,0.630758,-0.431553,0.295016,-0.49958,-0.605177,-0.414423,-0.03378,-0.499325,-0.222987,0.526973,0.651013,-0.006014,0.003873,-0.416515,0.022571,-0.6203,-0.37648,0.325323,-0.586789,-0.333053,0.381284,0.010372,0.364035,0.239408,-0.499325,0.00632,-0.333053,0.028981,0.00632,-0.03378,0.312399,-0.21301,-0.815256,-0.329864,0.421028,-0.499325,0.239408,-0.401932,0.0,-0.49958,0.191216,-0.222987,-0.653771,0.190992,-0.036817,-0.015491,-0.35758,-0.653758,-0.222987,-0.183192,-0.222987,-0.499929,0.406274,-0.188494,-0.126752,-0.397106,-0.499325,-0.220283,0.0,-0.230305,-0.111706,-0.653028,-0.015491,0.0,-0.222987,0.035197,-0.001354,-0.499325,0.481437,-0.021161,-0.15826,-0.392731,-0.432669,0.325323,0.621588,-0.036817,-0.041681,0.503757,-0.815256,-0.333053,-0.499325,-0.814637,-0.333053,0.345943,0.067652,-0.40824,0.191216,-0.814244,-0.333053,0.191551,0.390023,-0.009028,-0.511937,-0.499325,-0.651034,-0.015491,-0.333053,0.384617,-0.250951,0.424043,-0.262631,0.446689,-0.021161,-0.333053,0.446689,0.163792,0.246899,0.369104,-0.016163,0.446689,0.466015,0.015783,0.291442,0.60456,-0.022102,0.010575,0.381312,-0.426058,0.245804,0.446689,0.737405,0.216453,0.409865,-0.052157,-0.370749,-0.226244,0.199238,#
16,-0.327113,-0.653987,-0.277153,0.048256,0.23274,-0.352932,-0.386089,-0.218076,-0.352932,-0.326811,0.526474,0.32806,0.018043,-0.084687,0.023927,0.192118,1.0,-0.523099,-0.037669,-0.218076,0.020944,-0.12615,-0.55314,-0.172556,-0.428196,0.516207,-0.050876,0.251313,0.196423,0.056633,0.24888,0.323162,-0.326787,-4.9e-05,0.526032,-0.327035,-0.420455,0.330533,0.053755,-0.121927,-0.533675,-0.522754,-0.496921,0.301605,0.197883,0.028798,-0.352932,-0.485751,-0.203594,0.237862,0.335812,0.343994,0.0,0.108713,0.313129,-0.207689,0.363055,-0.722303,0.391242,-0.247857,-0.471,0.19286,0.301534,0.051477,-0.130294,-0.794797,0.0,-0.355897,-0.54268,-0.719996,0.416434,0.392831,-0.218075,0.021139,-0.059312,0.210033,-0.327113,0.23961,-0.099063,0.064021,-0.326946,0.550631,0.202395,0.420936,-0.36434,-0.327113,-0.326107,-0.101678,-0.186178,-0.533811,0.204899,-0.191494,0.535766,0.055687,0.081491,-0.218075,-0.534452,-0.326946,-0.101678,0.535766,0.196423,0.37282,0.064021,-0.218075,-0.191494,-0.059312,0.232167,0.105879,-0.326946,0.420936,-0.392023,0.0,-0.327113,0.038416,0.038416,0.074487,0.029963,0.323725,-0.327113,0.131538,-0.428066,0.550631,-0.033358,0.550631,0.249563,-0.101678,-0.427588,-0.221957,0.124556,-0.326946,0.432065,0.0,-0.042619,0.525965,-0.427588,0.197883,0.0,0.038416,-0.742176,0.521865,-0.326946,-0.026533,0.326794,0.406338,-0.533811,0.090186,0.204899,-0.271735,0.323725,-0.325437,0.323725,-0.059312,-0.218075,-0.326946,-0.533405,-0.218075,0.15599,-0.274527,-0.321133,0.487621,-0.05237,-0.218075,0.229462,-0.101678,-0.533811,-0.341847,0.254292,0.054229,0.197883,-0.218075,0.563059,-0.094339,-0.09543,0.432752,0.34871,0.326794,-0.218075,0.34871,0.445444,0.465855,0.079913,-0.068971,0.34871,-0.237609,-0.095172,0.238196,-0.062986,0.560521,0.534602,-0.354132,-0.11167,0.23293,-0.227755,-0.166253,-0.017113,-0.112949,0.349606,0.167626,-0.02667,0.470672,#
17,0.306129,0.654609,0.233811,-0.084857,-0.247833,0.319145,-0.094022,0.218064,0.319145,-0.258954,-0.542185,-0.346617,-0.553095,0.534685,-0.040592,-0.240878,-0.523099,1.0,-0.428476,0.218064,-0.402339,0.284622,0.037676,0.18941,0.409647,-0.065583,-0.295928,0.235393,-0.455008,0.35526,-0.2283,-0.400544,0.32677,-0.000101,-0.402141,0.327018,0.006892,0.111233,0.410344,-0.338769,0.517062,0.177515,0.394968,-0.09465,-0.239032,0.179196,0.336361,0.125543,0.253348,-0.262759,-0.375472,-0.341598,0.0,-0.092955,-0.33161,-0.008749,0.082522,0.641611,0.1705,0.20795,0.470937,-0.253549,0.400734,-0.085612,-0.333703,0.202553,0.0,0.339427,0.489378,0.219272,-0.276924,-0.290314,0.218064,-0.056355,0.077232,-0.208047,0.327097,0.220204,0.082335,0.361204,0.348486,-0.065853,-0.233521,-0.465,0.801467,0.348064,0.344007,0.093852,0.203828,0.093852,-0.243257,0.225133,-0.508817,0.365308,-0.516244,-0.508817,0.508207,0.348486,0.551381,-0.508817,-0.455008,0.076255,0.361204,0.190107,0.208943,0.093852,-0.270918,-0.130957,0.348486,-0.447172,0.369656,0.0,0.327097,0.429099,0.44704,-0.037897,-0.065888,0.211018,0.306129,-0.122212,0.44704,-0.065853,0.043065,-0.065853,0.454213,0.077232,0.427566,0.741512,-0.545123,0.348486,0.054696,0.0,-0.446123,-0.109505,0.446913,-0.218064,0.0,0.44704,0.761112,-0.528716,0.348486,-0.022599,0.11328,-0.246894,0.551381,-0.498634,-0.243257,-0.174488,0.211018,0.348177,-0.37434,0.093852,0.218064,0.348486,0.551479,0.246021,-0.164552,0.246118,0.339182,-0.019418,0.087368,0.246021,-0.236752,0.534761,0.534761,0.331329,-0.233521,-0.037066,-0.218064,0.218064,-0.57763,-0.337912,0.052772,0.036804,-0.366112,0.11328,0.218064,-0.366112,-0.001179,-0.483989,0.324987,-0.359068,-0.344733,0.197945,-0.325463,-0.546179,0.048318,-0.132138,-0.564439,0.339752,0.11328,-0.22785,0.211115,-0.354652,0.414551,-0.388237,-0.367592,-0.173857,0.009586,-0.4897,#
18,0.334905,0.225901,-0.244903,-0.075731,0.663994,0.344692,0.328371,-0.507182,0.344692,0.272634,0.384909,0.225239,0.356947,-0.372377,-0.10568,0.1623,-0.037669,-0.428476,1.0,0.209488,0.971039,-0.444535,0.485714,0.269903,-0.027738,-0.510731,0.656293,-0.22844,0.152486,0.348145,-0.170964,0.035366,-0.201569,-5e-05,0.022408,-0.170533,0.447459,-0.824478,-0.063119,0.074224,0.105203,0.041181,-0.150743,-0.502723,0.272886,-0.186992,-0.130565,-0.019312,-0.373109,-0.250978,0.240899,0.175212,0.0,-0.174542,0.25438,0.088258,-0.368178,-0.311868,-0.413076,0.172006,-0.12709,0.301961,-0.092471,-0.314097,0.486802,0.187629,0.0,-0.091093,-0.262658,0.226033,0.146964,0.704641,0.264616,0.394561,-0.346037,0.543558,-0.22327,-0.621888,0.08279,-0.592763,-0.760384,-0.471142,-0.22906,0.503756,-0.54542,-0.202597,-0.072267,-0.807741,-0.21825,-0.381701,-0.246763,-0.175774,0.264616,-0.131928,-0.081523,0.181924,-0.456813,-0.760384,-0.773041,0.264616,0.152486,0.1388,-0.592763,0.181924,-0.191736,-0.329651,-0.251212,-0.064559,-0.238506,0.064314,-0.010112,0.0,-0.22327,-0.553343,-0.995559,-0.481047,0.375336,-0.32728,0.293559,-0.522539,-0.535654,-0.471142,-0.390958,-0.471142,-0.215048,-0.398087,0.463736,-0.369378,-0.052077,-0.760384,-0.378331,0.0,0.001241,-0.044603,-0.51969,-0.243943,0.0,-0.995559,-0.293466,-0.532851,-0.760384,-0.319264,-0.826029,-0.409106,-0.347001,-0.122161,-0.246763,0.609606,-0.32728,-0.252042,0.207103,-0.329651,0.264617,-0.760384,-0.358125,-0.507182,-0.044528,0.641186,-0.049162,-0.553343,-0.310183,-0.507182,-0.225539,-0.363387,-0.363387,-0.163337,-0.165301,0.477433,-0.243943,-0.507182,0.364808,0.686932,-0.385924,-0.448795,0.765412,-0.826029,-0.507182,0.765412,0.560047,0.030241,0.3626,0.581429,0.217371,0.182795,0.716509,0.873464,-0.012781,0.364074,-0.053393,0.349534,-0.393748,0.483366,0.175215,0.593723,-0.694172,0.49499,0.21457,0.030166,0.548203,0.408324,#
19,-0.166667,0.317592,-0.660957,-0.218052,0.317399,0.249996,-0.407888,-0.111111,0.249996,-0.166513,-0.407897,-0.665437,-0.218008,-0.272101,-0.218164,-0.333053,-0.218076,0.218064,0.209488,1.0,0.308695,0.224854,0.197769,0.395324,-0.218169,0.308593,0.241827,0.330623,-0.356325,0.297196,-0.16663,-0.569537,0.699301,-1.9e-05,-0.495534,-0.166627,-0.214225,-0.272093,-0.218165,-0.271998,0.442199,-0.266347,0.253185,0.03267,-0.166667,0.284695,0.249996,0.303417,0.363313,0.077228,-0.665155,0.17447,0.0,-0.53337,0.189324,0.338384,0.261469,0.071428,0.231084,0.142161,0.137802,-0.138172,0.227396,0.115413,0.441415,0.146072,0.0,-0.407997,0.081975,0.166359,-0.642247,0.196116,-0.111111,-0.218103,-0.271981,0.146779,0.666667,0.317756,0.418171,0.265403,-0.166582,-0.218103,-0.166582,0.200063,0.258841,-0.166667,0.252468,-0.271981,0.317756,0.388544,0.082469,0.310366,-0.111111,0.258841,-0.407885,-0.111111,0.200063,-0.166582,-0.271981,-0.111111,-0.356325,0.388544,0.265403,-0.111111,-0.333075,0.388544,0.096136,-0.407832,0.642529,0.200063,0.34257,0.0,0.666667,-0.218103,-0.218103,-0.218107,0.509175,0.148393,0.666667,-0.404762,0.494925,-0.218103,0.194306,-0.218103,0.201075,-0.271981,0.508338,0.240155,0.296046,-0.166582,-0.50779,0.0,0.200063,-0.40126,-0.217859,-0.166667,0.0,-0.218103,0.190165,-0.407832,-0.166582,-0.910463,-0.272023,0.264637,0.388544,0.271831,0.082469,-0.326637,0.148393,-0.165812,0.148393,0.388544,-0.111111,-0.166582,0.407661,-0.111111,-0.404301,0.29156,-0.407308,-0.218103,-0.271643,-0.111111,-0.333075,-0.271981,-0.271981,-0.140198,-0.166582,0.585479,-0.166667,-0.111111,-0.396119,0.294576,-0.272023,0.205961,0.212418,-0.272023,-0.111111,0.212418,0.257604,0.220766,0.316005,-0.24325,-0.637253,0.221608,0.206725,0.234989,0.257604,0.271774,-0.407697,0.315244,0.398178,0.163163,0.212418,-0.293455,-0.396944,-0.271956,0.214037,0.303994,0.211667,-0.217194,#
20,0.393586,0.231436,-0.379021,0.019386,0.814594,0.273434,0.236879,-0.493912,0.273434,0.22597,0.264904,0.134213,0.357116,-0.42569,-0.01276,0.064556,0.020944,-0.402339,0.971039,0.308695,1.0,-0.443058,0.45055,0.279992,0.032579,-0.375855,0.676123,-0.006803,0.012376,0.398149,-0.15111,-0.022327,-0.11472,0.0,-0.047052,-0.15068,0.28978,-0.76062,-0.129095,0.052316,0.223579,-0.088626,-0.186404,-0.512177,0.370434,-0.243564,-0.201786,-0.02299,-0.301211,-0.277736,0.149087,0.15529,0.0,-0.249516,0.194277,0.082799,-0.344264,-0.396893,-0.31558,0.141826,-0.191425,0.402625,0.071848,-0.15676,0.404142,0.156919,0.0,-0.212172,-0.290078,0.169765,0.118955,0.685613,0.277825,0.358906,-0.282822,0.523329,-0.138913,-0.531811,0.200774,-0.429208,-0.74049,-0.445136,-0.312064,0.467819,-0.533897,-0.32413,-0.06043,-0.85926,-0.097853,-0.382133,-0.274943,-0.201899,0.277825,-0.089346,-0.203122,0.061739,-0.525717,-0.74049,-0.85926,0.277825,0.012376,0.103629,-0.429208,0.246956,-0.237651,-0.24612,-0.085469,-0.187764,-0.156032,-0.004632,0.156616,0.0,-0.138913,-0.494078,-0.969511,-0.455039,0.525429,-0.255344,0.416738,-0.560061,-0.454459,-0.445136,-0.491592,-0.445136,-0.047174,-0.418836,0.41538,-0.25068,0.000748,-0.74049,-0.412737,0.0,0.092638,0.058956,-0.493709,-0.185217,0.0,-0.969511,-0.353433,-0.537395,-0.74049,-0.434117,-0.76232,-0.405343,-0.382133,-0.068986,-0.274943,0.532854,-0.255344,-0.360159,0.175549,-0.24612,0.277825,-0.74049,-0.273153,-0.493912,-0.160464,0.676543,-0.089223,-0.494078,-0.277815,-0.493912,-0.237651,-0.418836,-0.418836,-0.151474,-0.145453,0.565378,-0.185217,-0.493912,0.391983,0.715861,-0.407447,-0.266253,0.748015,-0.76232,-0.493912,0.748015,0.620697,-0.048001,0.411768,0.4209,0.134259,0.164695,0.700687,0.897683,-0.036435,0.52854,-0.059269,0.285861,-0.278203,0.474086,0.157865,0.489176,-0.698925,0.503709,0.336968,0.196306,0.602178,0.502413,#
