0,1.0,0.059657,0.226164,-0.068364,0.371009,-0.167359,-0.163518,0.0,0.416632,0.144314,-0.296622,0.261782,-0.346399,0.204197,-0.608747,-0.222581,-0.120636,-0.08286,0.056219,-0.208622,-0.169531,-0.182873,-0.381004,0.221572,0.567379,-0.349592,0.072894,-0.136192,0.797202,0.369511,-0.398855,-0.423065,-0.4578,-0.039046,0.123627,0.427087,0.21117,-0.054639,-4.7e-05,0.204197,-0.101874,0.021674,-0.364897,-0.156313,0.271664,-0.121737,-0.000627,0.261398,0.112819,0.51857,0.554521,-0.398855,-0.077016,0.08485,-0.243464,-0.264868,0.44793,0.278428,0.078676,0.635799,-0.351794,0.236452,0.357034,-0.342471,-0.10385,0.156956,0.271664,0.204197,0.175204,-0.211219,-0.357,-0.237164,0.219421,-0.04296,-0.162565,-0.25053,-0.161773,-0.684225,-0.042795,0.012635,-0.085623,-0.072706,-0.102668,-0.346601,0.253937,-0.526477,-0.436124,-0.216739,-0.413156,-0.097346,-0.042795,-0.229196,-0.102668,0.026821,-0.072706,-0.082283,-0.474372,0.06812,0.206635,-0.510662,0.266794,0.218055,-0.366401,0.272115,0.375076,-0.243567,0.357095,-0.223694,-0.162565,-0.610932,-0.177084,0.0,0.190485,-0.149804,0.143571,-0.407496,-0.510662,-0.156599,0.015651,-0.149804,0.375076,-0.220212,-0.286489,-0.229196,-0.128024,-0.137349,-0.526477,-0.43847,0.028253,0.269465,0.152601,-0.150147,0.152698,0.196603,-0.286489,0.097907,0.271664,-0.042795,0.36274,-0.286489,0.272115,-0.320171,0.354718,-0.128024,-0.042795,0.088582,0.071784,0.183427,0.115462,0.210657,-0.135192,0.206635,0.265535,-0.310919,-0.14106,-0.117248,-0.095913,0.13051,0.104879,0.247091,0.114898,-0.116368,0.104879,0.143571,-0.526477,0.002706,-0.007345,-0.461635,-0.124778,-0.116368,0.026544,0.081254,0.269465,-0.286489,-0.254928,-0.366401,-0.162565,0.110194,0.04417,-0.156599,0.25555,-0.157672,-0.033421,-0.105192,0.002706,-0.366401,0.721212,-0.49389,-0.112681,0.280812,-0.474372,0.351954,0.002706,0.337495,-0.46896,-0.022303,0.10803,-0.49389,-0.14106,-0.407496,#
1,0.059657,1.0,-0.367267,-0.030634,0.682484,0.130928,0.195171,0.0,0.220597,0.534275,0.095514,0.137554,0.599342,0.594548,-0.32591,0.143586,0.190889,-0.075202,-0.434072,0.369299,0.38581,0.380148,0.248458,-0.192815,0.047433,0.047679,0.316485,0.341425,0.248819,0.76912,-0.828043,-0.274693,-0.032209,-0.648034,-0.00172,0.210987,0.275092,-0.998233,-5.2e-05,0.594548,-0.327246,0.453214,0.272618,-0.155615,-0.218164,0.419289,0.206549,0.392821,-0.137582,0.322595,0.423751,-0.828043,0.110344,0.442912,-0.525788,-0.133857,-0.462085,0.513459,0.349388,0.078203,-0.756382,0.367598,0.048145,0.378782,-0.531378,0.486299,-0.218164,0.594548,0.547875,0.0733,-0.787746,-0.388505,0.528186,-0.279188,-0.53411,-0.368119,-0.534126,0.033881,-0.55997,-0.653985,-0.0974,-0.998412,-0.0974,0.022538,-0.534027,-0.55997,-0.281659,-0.395013,-0.324702,-0.327079,-0.55997,-0.800769,-0.0974,-0.653974,-0.998412,-0.327246,-0.738617,-0.786896,-0.391204,-0.563352,-0.106534,-0.110253,-0.806793,-0.53411,-0.237475,0.007689,-0.558004,-0.726357,-0.53411,-0.327079,-0.078742,0.0,-0.800845,-0.534027,0.050438,-0.218164,-0.563352,-0.947269,0.181102,-0.534027,-0.237475,-0.391204,-0.589106,-0.800769,-0.502657,-0.126527,-0.55997,-0.101683,0.192758,-0.534027,-0.270975,-0.120602,-0.374852,0.246803,-0.589106,-0.428248,-0.218164,-0.55997,0.333542,-0.589106,-0.53411,-0.34541,0.120438,-0.502657,-0.55997,-0.247743,-0.428239,0.59026,-0.780853,-0.104081,-0.780343,-0.391204,-0.53439,0.013685,-0.720933,-0.104826,0.130808,0.54448,-0.274391,-0.53411,0.184116,-0.327079,-0.274391,0.493333,-0.55997,0.617176,-0.273429,-0.517673,-0.120602,-0.327079,-0.234198,0.324901,-0.534027,-0.589106,0.474097,-0.806793,-0.53411,-0.184506,0.160294,-0.947269,0.775791,-0.113871,-0.234492,0.347037,0.617176,-0.806793,-0.285489,-0.563352,-0.046597,0.332441,-0.738617,0.754251,0.617176,0.444068,0.382748,-0.21187,0.473869,-0.563352,-0.720933,0.499481,#
2,0.226164,-0.367267,1.0,0.371293,-0.023202,0.095146,-0.737042,0.0,0.395092,-0.24822,-0.470254,0.555364,-0.333941,-0.238574,-0.167144,-0.188703,-0.610792,-0.211004,-0.117659,0.164302,-0.989271,-0.619567,-0.392017,0.353328,0.107068,-0.39042,0.056116,-0.059703,0.009203,-0.610705,0.518604,0.359333,-0.782845,0.379715,-0.19128,-0.108589,0.327999,0.345611,-9.7e-05,-0.188703,-0.108589,0.173744,-0.447363,0.421671,0.262758,-0.007619,-0.032154,-0.094565,-0.296915,0.290083,-0.090281,0.518604,0.065157,-0.6202,0.330564,0.108664,-0.293629,-0.291473,-0.460731,-0.299251,0.196245,0.220009,0.477634,-0.368225,0.272037,-0.143363,0.262758,-0.2224,-0.193028,-0.706192,0.587235,0.201344,-0.407543,0.056259,0.21519,-0.109798,-0.15551,-0.258887,0.778414,-0.001461,0.344961,0.333512,0.362456,0.515752,0.270963,0.281945,0.09182,0.16274,0.110007,-0.12289,0.778414,0.138716,0.362456,0.389483,0.333512,-0.068371,0.462273,0.102675,0.584557,0.32588,-0.422526,-0.13091,0.567267,0.677533,0.042756,0.19488,-0.262916,0.482291,0.199017,-0.142414,0.054309,0.0,0.572745,0.239085,0.152623,0.235946,0.32588,0.250401,-0.03969,0.255024,0.042756,0.56833,0.380698,0.15465,0.237937,0.265239,0.281945,-0.118291,-0.428355,0.255024,0.589549,0.208703,0.186516,0.043956,0.380698,0.121548,0.28957,0.778414,-0.102845,0.380698,0.677533,0.50197,-0.309307,0.237937,0.778414,0.518604,0.077528,-0.351646,0.084554,-0.17707,0.265593,0.584557,0.643623,0.534784,-0.151682,-0.072413,-0.147869,-0.385594,0.611044,0.231362,-0.062492,-0.12289,0.611044,-0.277602,0.281945,-0.452751,0.025445,-0.295665,0.677417,-0.12289,-0.379674,0.171942,0.255024,0.380698,-0.265905,0.567267,0.199017,0.3235,-0.02425,0.250401,-0.217073,-0.201202,-0.002639,-0.10483,-0.452751,0.567267,0.522149,0.308664,-0.535497,0.206709,0.462273,-0.649098,-0.452751,0.149457,-0.627412,-0.435408,0.056498,0.308664,-0.151682,0.262758,#
3,-0.068364,-0.030634,0.371293,1.0,0.233388,-0.166736,-0.098267,0.0,-0.21751,0.385849,-0.14034,0.335305,0.03716,-0.468362,-0.294089,0.454169,-0.213128,-0.510157,-0.535812,0.50858,-0.333278,0.053214,-0.171816,0.526436,-0.492426,-0.566314,-0.392311,-0.519792,0.250448,-0.233531,0.159567,0.158468,-0.036154,0.635047,0.301626,-0.762274,0.072551,0.057577,0.0,0.010645,-0.211743,0.435512,0.187176,-0.011354,0.225859,0.418793,-0.660892,-0.539558,-0.019722,0.439544,0.107023,0.159567,0.646316,-0.415546,-0.28,-0.070685,-0.255487,-0.078904,-0.360124,-0.170918,-0.123985,0.086402,0.429254,-0.257804,-0.35048,-0.55301,0.225859,-0.468362,-0.416742,-0.447227,0.229268,0.280285,0.225859,0.188126,0.0581,-0.448757,0.097353,0.323187,0.520617,-0.198115,0.028175,0.03389,0.507142,0.405642,0.552863,-0.002151,0.730668,-0.07762,0.242042,-0.217682,0.520617,-0.10264,0.994778,0.214007,0.03389,-0.190568,0.108718,0.195681,-0.068347,0.496906,-0.312063,0.552177,0.195681,0.536921,0.676298,-0.067448,-0.23776,0.136072,-0.392674,0.27573,-0.202578,0.0,0.354756,0.075031,0.356672,0.169394,0.496906,-0.03441,-0.220903,0.519297,0.676298,0.794028,0.470836,-0.10264,-0.208225,0.552177,-0.002151,-0.171182,-0.139957,0.116496,0.219418,0.085304,0.349774,0.715313,0.470836,0.443353,0.225859,0.036572,-0.509081,0.470836,0.536921,0.757498,0.272091,-0.208225,0.520617,0.730297,0.424161,-0.606751,-0.333267,-0.371681,-0.157658,-0.068347,0.069155,0.425482,-0.217796,0.528371,-0.71656,-0.160779,0.758998,0.092158,0.608546,0.316848,0.200911,-0.096343,-0.002151,-0.69294,-0.192511,-0.190331,0.536195,0.316848,-0.610927,-0.203772,0.116496,0.470836,-0.098164,0.195681,-0.392674,0.110318,-0.675011,-0.03441,-0.403912,-0.828921,0.619844,0.498734,-0.69294,0.195681,-0.252933,0.025592,0.010128,-0.409284,0.108718,-0.237223,-0.69294,-0.046358,0.012565,-0.244534,-0.061713,0.025592,-0.217796,0.225859,#
4,0.371009,0.682484,-0.023202,0.233388,1.0,0.053284,0.12525,0.0,0.574125,0.40026,-0.158816,0.460816,0.309759,0.475253,-0.497505,0.053331,-0.01461,0.112744,-0.15389,0.369009,0.048037,0.040103,0.235688,-0.069298,-0.208744,-0.208509,0.48409,0.179411,0.594261,0.526414,-0.662922,-0.241066,-0.277766,-0.294402,-0.06275,0.004029,0.378159,-0.681153,4.9e-05,0.475253,-0.016114,0.646245,-0.022335,-0.308038,0.311544,0.154168,0.177789,0.554281,0.055307,0.424079,0.453957,-0.662922,0.53457,0.185386,-0.411129,-0.059677,-0.298861,0.61706,0.497125,0.233259,-0.707675,0.424065,0.211751,-0.409612,-0.406,0.403798,0.311544,0.475253,0.445826,-0.220977,-0.539274,-0.363487,0.365259,-0.25664,-0.426531,-0.552796,-0.437496,-0.440354,-0.278328,-0.625046,-0.259363,-0.702,0.161226,0.198214,-0.048837,-0.278328,-0.078167,-0.455911,-0.112072,-0.499291,-0.278328,-0.839333,0.161226,-0.620745,-0.702,-0.499545,-0.465403,-0.55752,-0.058516,-0.288491,-0.366353,-0.030071,-0.576135,-0.037736,0.154855,-0.067468,-0.41053,-0.457678,-0.426531,-0.499291,-0.117032,0.0,-0.448958,-0.432018,0.37011,-0.33303,-0.288491,-0.807708,0.16944,-0.432018,0.154855,-0.058516,-0.431729,-0.839333,-0.347605,-0.045296,-0.278328,0.120848,-0.022996,-0.432018,-0.067779,-0.034005,-0.433325,0.44706,-0.431729,-0.247883,0.311544,-0.278328,0.5906,-0.431729,-0.037736,0.038138,0.126695,-0.347605,-0.278328,-0.119991,0.173567,0.44569,-0.558399,-0.018548,-0.791261,-0.058516,-0.026315,-0.239964,-0.729756,0.147113,0.079953,0.391954,-0.06418,-0.037736,0.223091,-0.029911,-0.06418,0.386685,-0.278328,0.171646,-0.255822,-0.608493,-0.034005,-0.029911,-0.605517,0.608645,-0.432018,-0.431729,-0.040324,-0.576135,-0.426531,-0.208606,0.149972,-0.807708,0.384683,-0.438734,-0.234031,0.152001,0.171646,-0.576135,0.094544,-0.70236,-0.228578,-0.020973,-0.465403,0.489038,0.171646,0.471179,0.220407,0.156332,0.618066,-0.70236,-0.729756,0.338402,#
5,-0.167359,0.130928,0.095146,-0.166736,0.053284,1.0,0.136269,0.0,0.496374,-0.166819,0.485089,0.10319,-0.29297,-0.121028,-0.266892,-0.156016,0.464059,0.514734,0.308867,-0.254607,-0.028671,0.172451,0.140225,-0.659671,0.137125,-0.007839,0.096736,0.409999,-0.375869,-0.046825,0.087838,-0.087802,-0.206401,-0.021367,-0.228613,0.464457,-0.052469,-0.155605,-5.1e-05,-0.156016,-0.600811,-0.274378,0.01206,-0.517663,-0.400541,0.326533,0.07665,0.175848,-0.42519,0.358527,0.118454,0.087838,0.143141,0.094077,0.399769,0.051452,-0.357609,0.372601,0.216056,-0.145298,0.178811,0.327777,0.499036,0.138633,-0.207052,-0.02143,-0.400541,0.290254,-0.164786,-0.061791,0.044514,-0.391695,-0.400541,-0.490746,0.603845,0.439286,-0.539834,-0.316402,0.303048,-0.353976,-0.614845,-0.157922,-0.633381,0.437148,-0.128144,0.303048,-0.476142,0.216879,0.005467,0.46422,0.303048,-0.314294,-0.142726,-0.06137,-0.157922,-0.600811,0.172788,-0.45999,-0.221783,-0.170702,0.090602,-0.526306,0.032241,-0.278085,-0.350727,0.049253,-0.308871,0.003667,-0.260951,0.298731,-0.410212,0.0,0.105882,-0.69337,0.266994,0.082381,-0.170702,-0.246039,0.502112,0.158939,-0.350727,0.095772,-0.328007,0.090862,0.323732,0.286957,0.303048,0.425164,0.550814,-0.111257,0.577118,0.323095,0.121055,0.076869,-0.328007,0.116469,0.281231,-0.183993,0.031901,-0.328007,-0.278085,0.22027,0.079045,0.323732,0.303048,0.087838,0.133827,-0.092918,0.045404,-0.545441,0.01576,-0.221783,0.166999,-0.032873,-0.171663,-0.468968,-0.040413,0.350079,0.067884,0.312556,0.113129,-0.052932,-0.493658,0.284526,0.303048,0.069157,-0.533681,-0.260932,0.141214,-0.052932,0.071439,0.182716,-0.111257,-0.328007,-0.328303,0.032241,-0.260951,0.546285,0.481465,-0.246039,0.320197,0.184556,-0.069142,0.299428,0.069157,0.032241,0.047815,-0.152463,-0.145469,0.354942,0.172788,-0.076381,0.069157,0.395258,0.333254,0.066118,0.58133,-0.152463,-0.171663,0.309638,#
6,-0.163518,0.195171,-0.737042,-0.098267,0.12525,0.136269,1.0,0.0,-0.343197,-0.09226,0.518936,-0.320627,0.082368,-0.20867,0.21379,0.212325,0.49245,0.097363,0.201563,-0.118161,0.740389,0.686164,0.014346,-0.311653,-0.300227,0.400578,0.055455,0.268075,0.12525,0.513295,-0.389738,-0.044578,0.55758,0.012677,0.128619,-0.05234,-0.615698,-0.182088,-2.6e-05,0.212325,-0.161383,-0.392657,0.670681,-0.702333,-0.398369,0.254918,-0.395789,0.022197,0.563823,-0.193263,-0.136814,-0.389738,0.065178,0.164926,-0.30672,-0.417357,0.396828,0.150486,0.25972,0.059131,-0.285193,-0.052003,-0.253986,0.057853,-0.354962,-0.31442,-0.398369,0.212325,-0.257535,0.430375,-0.49702,-0.245501,0.357659,0.27848,0.208099,0.021935,-0.163138,0.107407,-0.550613,-0.391853,-0.630928,-0.179322,-0.175561,0.013698,-0.102699,-0.151779,0.058405,-0.211957,0.023912,-0.036744,-0.550613,-0.345095,-0.075113,-0.453759,-0.179322,-0.161383,-0.348648,0.040812,-0.66574,-0.165508,0.564802,-0.081701,-0.483198,-0.256177,0.096991,0.050838,0.376547,-0.51304,-0.3057,0.323224,-0.242116,0.0,-0.285121,-0.315216,-0.115801,0.095957,-0.165508,-0.273335,-0.296698,0.191163,0.096991,-0.273397,-0.314537,0.069629,-0.226224,-0.089944,-0.151779,0.23245,0.700111,-0.517565,-0.387103,-0.503724,0.157248,0.16211,-0.314537,0.142051,0.299503,-0.650321,-0.000233,-0.314537,-0.256177,-0.167882,0.498956,-0.226224,-0.550613,-0.254086,0.159818,-0.094654,0.034701,-0.162748,-0.01125,-0.66574,-0.245731,-0.458014,0.06605,-0.011061,-0.284256,0.028924,-0.383458,-0.090069,0.420779,-0.036744,-0.498418,-0.097856,-0.151779,0.061058,-0.143598,0.325204,-0.245377,-0.036744,0.022958,0.045318,-0.517565,-0.314537,0.12121,-0.483198,-0.3057,-0.24684,0.037735,-0.273335,-0.050258,0.128063,0.417058,0.434065,0.061058,-0.483198,-0.432339,-0.613598,0.770077,-0.488459,-0.348648,0.530625,0.061058,0.012565,0.873774,0.460627,0.200472,-0.613598,0.06605,-0.398369,#
7,0.0,0.0,0.0,0.0,0.0,0.0,0.0,0.0,0.0,0.0,0.0,0.0,0.0,0.0,0.0,0.0,0.0,0.0,0.0,0.0,0.0,0.0,0.0,0.0,0.0,0.0,0.0,0.0,0.0,0.0,0.0,0.0,0.0,0.0,0.0,0.0,0.0,0.0,0.0,0.0,0.0,0.0,0.0,0.0,0.0,0.0,0.0,0.0,0.0,0.0,0.0,0.0,0.0,0.0,0.0,0.0,0.0,0.0,0.0,0.0,0.0,0.0,0.0,0.0,0.0,0.0,0.0,0.0,0.0,0.0,0.0,0.0,0.0,0.0,0.0,0.0,0.0,0.0,0.0,0.0,0.0,0.0,0.0,0.0,0.0,0.0,0.0,0.0,0.0,0.0,0.0,0.0,0.0,0.0,0.0,0.0,0.0,0.0,0.0,0.0,0.0,0.0,0.0,0.0,0.0,0.0,0.0,0.0,0.0,0.0,0.0,0.0,0.0,0.0,0.0,0.0,0.0,0.0,0.0,0.0,0.0,0.0,0.0,0.0,0.0,0.0,0.0,0.0,0.0,0.0,0.0,0.0,0.0,0.0,0.0,0.0,0.0,0.0,0.0,0.0,0.0,0.0,0.0,0.0,0.0,0.0,0.0,0.0,0.0,0.0,0.0,0.0,0.0,0.0,0.0,0.0,0.0,0.0,0.0,0.0,0.0,0.0,0.0,0.0,0.0,0.0,0.0,0.0,0.0,0.0,0.0,0.0,0.0,0.0,0.0,0.0,0.0,0.0,0.0,0.0,0.0,0.0,0.0,0.0,0.0,0.0,0.0,0.0,0.0,0.0,0.0,0.0,0.0,0.0,0.0,0.0,0.0,0.0,0.0,0.0,#
8,0.416632,0.220597,0.395092,-0.21751,0.574125,0.496374,-0.343197,0.0,1.0,-0.02852,-0.154975,0.474572,-0.184447,0.454509,-0.497761,-0.396632,-0.010676,0.571232,0.330128,-0.097951,-0.358896,-0.401184,0.245799,-0.376086,0.226506,-0.204993,0.524602,0.309328,0.164878,0.028416,-0.146466,-0.235113,-0.640042,-0.288901,-0.352439,0.516056,0.502529,-0.249673,2.5e-05,0.028939,-0.01219,0.307238,-0.559437,-0.165664,0.316947,-0.172822,0.593531,0.69024,-0.357418,0.396275,0.375125,-0.146466,0.245949,0.138523,0.283747,0.248932,-0.330219,0.549034,0.478057,0.203527,-0.099138,0.417629,0.404341,-0.438874,0.040511,0.566836,0.316947,0.454509,0.423724,-0.308073,-0.038864,-0.402259,-0.333201,-0.600294,-0.01509,0.008757,-0.434647,-0.834875,0.170298,-0.230144,-0.239875,-0.263799,-0.257551,0.205245,-0.042628,0.170298,-0.553673,-0.044114,-0.096926,-0.006382,0.170298,-0.434186,-0.257551,-0.221305,-0.263799,-0.499802,0.049788,-0.535586,0.360787,-0.278606,-0.396537,-0.422996,-0.066185,-0.03143,-0.228066,-0.058148,-0.375798,0.048961,-0.01509,-0.499547,-0.099416,0.0,-0.036526,-0.429123,0.392094,-0.333201,-0.278606,-0.364424,0.584803,-0.429123,-0.228066,-0.049089,-0.397187,-0.434186,0.236533,-0.039065,0.170298,0.315105,-0.105907,-0.026524,0.450523,0.386452,-0.418459,0.006687,-0.397187,-0.244709,0.316947,0.170298,0.683791,-0.397187,-0.03143,0.048084,-0.221425,0.236533,0.170298,-0.146466,0.180385,0.44432,-0.051001,-0.003313,-0.368203,0.360787,0.394815,-0.236728,-0.433049,-0.267917,0.43522,0.390613,-0.037842,0.377067,-0.254334,-0.026109,-0.037842,0.408813,0.170298,0.192451,-0.249941,-0.606255,-0.027673,-0.026109,-0.206555,0.614427,-0.026524,-0.397187,-0.447939,-0.066185,-0.01509,0.23104,0.585901,-0.364424,0.40638,-0.012481,-0.627464,-0.276241,0.192451,-0.066185,0.597665,-0.261212,-0.660324,0.435927,0.049788,-0.024369,0.192451,0.495153,-0.235333,0.165802,0.629214,-0.261212,-0.433049,0.344037,#
9,0.144314,0.534275,-0.24822,0.385849,0.40026,-0.166819,-0.09226,0.0,-0.02852,1.0,0.197814,0.240537,0.163179,0.200964,-0.609213,0.267727,0.414904,-0.153275,-0.440194,0.186758,0.329056,0.283058,0.448309,0.223933,0.106453,-0.355791,-0.444004,-0.594503,0.416472,0.413297,-0.478343,-0.499544,0.131213,-0.017224,0.572739,-0.108659,0.196783,-0.496656,-9.7e-05,0.250867,-0.128781,0.50072,0.100016,-0.176518,0.236099,0.405606,-0.047619,-0.225429,-0.140649,0.55001,0.642537,-0.478343,0.3642,0.405791,-0.286463,0.318646,-0.220776,0.359923,0.086236,0.380449,-0.20423,-0.163446,0.363346,0.200213,-0.588553,0.134933,0.236099,-0.187476,0.173004,0.048209,-0.381523,-0.30392,0.289758,-0.42298,-0.552887,-0.109868,0.24498,0.17779,-0.081776,0.005849,-0.120279,-0.513676,-0.120279,-0.379165,0.262695,-0.560167,0.090711,-0.231502,0.060789,-0.073552,-0.081776,-0.236345,0.361661,0.019967,-0.513676,-0.088537,-0.516579,-0.39237,-0.276612,-0.096469,-0.199968,0.676075,-0.410966,-0.164495,0.42298,-0.28377,-0.264634,-0.267857,-0.610004,-0.073552,-0.380811,0.0,-0.224246,-0.176381,0.152721,-0.407807,-0.096469,-0.397304,0.386756,-0.120089,0.42298,0.170399,-0.280892,-0.618999,-0.109791,0.273016,-0.560167,-0.421243,-0.087057,0.262695,0.101446,0.23393,-0.204021,0.690013,-0.280892,0.129576,-0.407807,-0.560167,-0.178055,-0.280892,-0.164495,0.092238,0.416629,-0.109791,-0.081776,0.064025,0.086693,0.176148,-0.397386,-0.202276,-0.720327,-0.276612,-0.604609,0.095721,-0.163281,0.342907,-0.137172,0.600156,0.109371,-0.164495,0.445249,0.395341,-0.442198,0.566667,-0.560167,-0.009407,-0.038664,-0.376604,-0.159814,0.395341,0.036874,-0.328342,0.262695,-0.280892,0.173851,-0.410966,-0.610004,0.065897,-0.436789,-0.397304,0.243173,-0.57739,0.037983,0.36119,-0.009407,-0.410966,-0.136692,-0.096469,-0.037776,0.220217,-0.516579,0.431244,-0.009407,-0.141439,-0.027224,-0.009472,0.067091,-0.096469,-0.163281,0.262928,#
10,-0.296622,0.095514,-0.470254,-0.14034,-0.158816,0.485089,0.518936,0.0,-0.154975,0.197814,1.0,-0.01974,-0.416458,-0.27806,0.052979,-0.27806,0.87562,0.171559,0.417625,-0.150512,0.541258,0.772127,0.361965,-0.173757,0.109172,0.455061,-0.235785,-0.04118,-0.158816,0.3014,-0.187318,-0.285773,0.221846,0.218881,0.592282,0.277757,-0.515335,-0.095579,2.9e-05,-0.27806,-0.320857,-0.412461,0.348319,-0.593942,-0.213905,0.471316,-0.162719,-0.363422,0.217597,0.11581,-0.150214,-0.187318,-0.107543,0.01904,0.271787,0.1475,0.179836,0.014462,-0.069159,-0.177916,0.313127,-0.493718,0.317897,0.349261,-0.179855,-0.236201,-0.213905,-0.27806,-0.36213,0.593302,-0.264352,-0.643392,-0.213905,-0.309829,0.313439,0.660568,-0.028293,0.055502,-0.079065,-0.151821,-0.622876,-0.093892,-0.622876,-0.057653,-0.021212,-0.079065,-0.248853,-0.27773,0.283205,0.29471,-0.079065,0.039619,-0.071441,0.171714,-0.093892,-0.320857,-0.184413,-0.256688,-0.784367,-0.086458,0.282017,-0.013914,-0.256688,-0.19631,-0.140284,-0.014677,0.231115,-0.3682,-0.19631,0.689936,-0.40662,0.0,0.047554,-0.200956,-0.262748,0.328839,-0.086458,-0.030157,0.343763,0.301434,-0.140284,0.05558,-0.541311,0.039619,0.328896,-0.013914,-0.079065,0.145693,0.685952,-0.021212,0.343053,-0.006431,0.05558,0.268691,-0.541311,0.112214,-0.213905,-0.626438,-0.389439,-0.541311,-0.19631,0.122287,0.318794,0.328896,-0.079065,-0.187318,0.122445,-0.137855,0.320064,-0.523204,-0.107903,-0.784367,-0.191596,-0.064685,0.250394,-0.429907,-0.18016,0.388112,-0.241502,-0.013933,0.494163,0.29471,-0.872605,0.229832,-0.079065,-0.132678,0.106043,0.084172,-0.191321,0.29471,0.321621,-0.123577,-0.021212,-0.541311,0.076317,-0.256688,-0.19631,-0.010057,-0.139357,-0.030157,-0.005016,0.317609,0.200493,0.463215,-0.132678,-0.256688,-0.211774,-0.086458,0.436066,0.012731,-0.184413,0.311182,-0.132678,-0.405593,0.49616,0.341924,0.134968,-0.086458,0.250394,-0.213905,#
11,0.261782,0.137554,0.555364,0.335305,0.460816,0.10319,-0.320627,0.0,0.474572,0.240537,-0.01974,1.0,-0.289646,-0.146781,-0.264665,-0.146781,-0.084213,-0.085833,-0.096812,0.108049,-0.497365,-0.257159,0.114704,0.276599,0.162046,-0.002278,0.093304,-0.040421,0.460816,-0.042895,-0.040233,0.291617,-0.769801,0.29897,0.208646,-0.064407,-0.045976,-0.143701,0.0,0.302915,-0.085876,0.230822,0.029133,-0.066768,0.286252,0.463666,0.052179,0.036684,0.199969,0.330287,0.038298,-0.040233,0.116659,-0.399537,0.348275,0.434486,-0.280995,-0.179317,-0.308837,-0.17774,-0.033522,-0.141672,0.527208,-0.384297,-0.238404,-0.048493,0.286252,-0.146781,-0.191997,-0.57189,0.061989,-0.546509,-0.400753,-0.029423,-0.273212,0.061694,-0.134242,-0.308349,0.299921,-0.364689,-0.130747,-0.164289,0.317529,0.446123,0.286284,-0.190859,0.046146,-0.199777,0.533392,-0.600823,0.299921,-0.323211,0.317529,-0.070027,-0.164289,-0.064407,-0.081421,-0.46749,0.228275,0.282183,-0.444559,-0.109538,0.028521,0.598223,0.061793,0.526365,-0.313719,-0.001232,-0.273212,-0.24646,-0.421491,0.0,0.100027,0.167166,-0.205758,0.085876,0.282183,-0.254033,0.043383,0.167166,0.061793,0.522791,-0.333177,-0.323211,0.408625,0.296158,-0.190859,-0.290034,-0.319287,-0.122121,0.577424,-0.14827,-0.30063,0.541283,-0.333177,0.122982,0.286252,0.299921,0.025961,-0.333177,0.598223,0.454619,0.088156,0.408625,0.299921,-0.040233,0.095089,-0.099152,0.04193,-0.560131,-0.235076,0.228275,0.157764,0.46772,-0.171752,-0.015244,-0.047109,-0.14128,0.06413,-0.152349,0.400056,-0.100546,0.06413,-0.188092,-0.190859,-0.377524,0.334036,-0.255009,0.612643,-0.100546,-0.337965,0.360192,-0.122121,-0.333177,0.13233,0.028521,-0.273212,0.103864,0.043901,-0.254033,-0.143218,-0.253702,-0.060679,0.315147,-0.377524,0.028521,0.558237,-0.158931,-0.133493,0.27586,-0.081421,-0.072157,-0.377524,-0.087822,-0.160517,0.029376,0.591926,-0.158931,-0.171752,0.314878,#
12,-0.346399,0.599342,-0.333941,0.03716,0.309759,-0.29297,0.082368,0.0,-0.184447,0.163179,-0.416458,-0.289646,1.0,0.514264,0.168901,0.514264,-0.324211,-0.135517,-0.609758,0.428857,0.25185,-0.025358,0.137428,-0.168052,-0.424753,-0.020534,0.287569,0.306542,-0.150534,0.245635,-0.315802,0.160471,0.366672,-0.642573,-0.441423,-0.324489,0.328686,-0.591503,-5.5e-05,0.514264,0.132538,0.510418,0.26455,0.327809,-0.216326,-0.050651,0.188174,0.356675,-0.188599,-0.280039,0.086285,-0.315802,0.161959,0.390855,-0.578854,-0.167703,-0.512072,0.22052,0.342164,-0.060066,-0.60212,0.409839,-0.595422,0.28504,-0.207712,0.389136,-0.216326,0.514264,0.557846,-0.041062,-0.286739,0.389092,0.575853,0.137798,-0.52961,-0.61235,-0.151397,0.48169,-0.524703,-0.274834,0.387209,-0.578547,0.387209,0.053824,-0.529528,-0.106798,0.269882,0.023197,-0.274006,-0.324323,-0.524703,-0.410591,-0.033797,-0.648463,-0.578547,0.132538,-0.217325,-0.26899,0.031131,-0.114042,-0.23678,-0.079779,-0.290108,-0.52961,-0.206441,0.047313,-0.570299,-0.213718,-0.140429,-0.324323,0.379856,0.0,-0.794098,-0.145966,0.109393,-0.216326,-0.114042,-0.521517,-0.218533,-0.529528,-0.206441,-0.359363,0.145734,-0.410591,-0.638632,-0.097051,-0.106798,0.079243,-0.260549,-0.529528,-0.761871,-0.090745,-0.342007,-0.185754,0.145734,-0.424639,-0.216326,-0.106798,0.296725,0.145734,-0.52961,-0.312537,-0.240874,-0.638632,-0.524703,-0.173664,-0.424631,0.441215,-0.822893,0.321333,-0.373428,0.031131,-0.529888,0.044395,-0.497512,0.375509,0.255282,0.053905,-0.200227,-0.52961,-0.29113,-0.324323,0.281603,0.109393,-0.106798,0.605906,-0.260769,-0.012104,-0.090745,-0.324323,-0.292014,0.148294,-0.529528,0.145734,0.464083,-0.290108,-0.140429,-0.30092,0.122211,-0.521517,0.385005,-0.176773,-0.206793,-0.044896,0.605906,-0.290108,-0.621478,-0.114042,-0.082247,-0.088846,-0.217325,0.253903,0.605906,0.346261,0.314044,-0.273032,0.029437,-0.114042,-0.497512,0.545385,#
13,0.204197,0.594548,-0.238574,-0.468362,0.475253,-0.121028,-0.20867,0.0,0.454509,0.200964,-0.27806,-0.146781,0.514264,1.0,-0.153919,-0.281853,-0.103092,0.253802,0.018735,0.241738,0.193034,-0.101864,0.350076,-0.212976,0.112879,0.038534,0.604892,0.302982,0.053331,0.459523,-0.577949,-0.466142,-0.060886,-0.881771,-0.276071,0.439874,0.700509,-0.611566,0.0,0.156897,0.314196,0.558929,-0.455595,0.274425,0.265321,-0.440872,0.776027,0.707259,-0.310466,-0.005518,0.326956,-0.577949,-0.038291,0.522703,-0.323838,0.025675,-0.255414,0.55581,0.625789,0.255785,-0.453804,0.312505,-0.278529,0.092047,0.184691,0.968071,0.265321,0.595648,0.992308,0.274033,-0.49182,-0.087683,0.321178,-0.48901,-0.570284,-0.331063,-0.251838,-0.315241,-0.539487,-0.078964,0.303904,-0.603444,-0.151684,-0.356324,-0.592814,-0.156419,-0.489778,-0.317967,-0.524074,-0.098697,-0.539487,-0.32169,-0.537594,-0.412341,-0.603444,-0.188517,-0.356864,-0.474259,0.098931,-0.618666,-0.332418,-0.174656,-0.493616,-0.58713,-0.41133,-0.333102,-0.34394,-0.35094,0.190755,-0.607135,0.4916,0.0,-0.665401,-0.241227,0.187062,-0.404963,-0.618666,-0.489317,0.418841,-0.991279,-0.41133,-0.681579,-0.362264,-0.72002,-0.388712,-0.594227,-0.156419,0.196077,-0.202957,-0.177747,-0.400578,0.248134,-0.648768,-0.390878,-0.362264,-0.794928,-0.404963,-0.156419,0.755775,-0.362264,-0.58713,-0.594362,-0.45535,-0.388712,-0.539487,-0.44766,-0.364774,0.967938,-0.478277,0.62586,-0.648308,0.098931,-0.153924,-0.364532,-0.54461,-0.165729,0.720594,0.569392,-0.396271,-0.165982,-0.578137,-0.119034,0.045393,0.617965,-0.156419,0.795093,-0.087857,-0.499284,-0.58869,-0.119034,-0.07044,0.468269,-0.177747,-0.362264,0.091038,-0.493616,0.190755,-0.380289,0.340462,-0.489317,0.72984,0.177739,-0.812453,-0.542468,0.795093,-0.493616,0.01011,-0.170357,-0.551031,0.31439,-0.356864,0.437591,0.795093,0.356014,-0.171526,-0.054457,0.072648,-0.170357,-0.54461,0.293249,#
14,-0.608747,-0.32591,-0.167144,-0.294089,-0.497505,-0.266892,0.21379,0.0,-0.497761,-0.609213,0.052979,-0.264665,0.168901,-0.153919,1.0,-0.153919,-0.248766,-0.132982,0.210656,0.11433,0.055594,0.041729,-0.045278,0.079198,-0.325912,0.754891,0.267695,0.362418,-0.497505,-0.24873,0.317678,0.596787,0.22829,-0.018054,-0.139753,-0.248979,-0.39989,0.305554,4.1e-05,-0.153919,0.423937,-0.320062,0.270289,0.393416,-0.165986,-0.210984,0.061869,-0.105732,0.440651,-0.904419,-0.921325,0.317678,-0.488555,-0.388781,0.198312,-0.019129,0.147766,-0.684399,-0.287505,-0.643454,0.242981,-0.412732,-0.694213,0.135374,0.545045,-0.118154,-0.165986,-0.153919,-0.137087,0.313957,0.231671,0.228396,-0.165986,0.537758,0.053641,0.178872,0.150517,0.427261,-0.264927,0.052569,0.359359,0.332525,0.359359,0.183155,-0.406305,0.350388,0.277748,-0.039215,0.286098,-0.248852,-0.264927,0.408519,-0.260522,-0.050854,0.332525,0.423937,0.329801,0.26896,-0.033699,0.341079,-0.004017,-0.405801,0.26896,0.053641,-0.497018,0.447044,0.195369,0.061777,0.626663,0.306501,0.504973,0.0,-0.151694,0.61181,-0.608605,0.596653,0.341079,0.388207,-0.49727,0.047062,-0.497018,-0.147093,0.205743,0.408519,0.067241,-0.405801,0.350388,0.24767,-0.112712,-0.406305,-0.426807,-0.405996,-0.147093,-0.600281,0.205743,-0.325824,-0.165986,0.350388,-0.126006,0.205743,0.053641,-0.104775,-0.493141,0.067241,-0.264927,-0.379926,-0.325818,-0.064805,0.260335,0.17492,0.468942,-0.033699,0.060438,0.172989,0.31339,-0.143343,0.242324,-0.592365,-0.422116,-0.406368,-0.311909,-0.248852,0.287322,-0.608605,0.350388,0.049513,0.527439,0.67994,0.060351,-0.248852,0.027221,0.167341,-0.406305,0.205743,0.426291,0.26896,0.626663,-0.540018,0.042339,0.388207,-0.402154,0.609183,-0.025642,-0.229858,0.049513,0.26896,-0.319903,0.341079,0.323066,-0.39021,0.329801,-0.234594,0.049513,-0.463303,0.231995,0.055062,-0.316345,0.341079,0.31339,-0.165986,#
15,-0.222581,0.143586,-0.188703,0.454169,0.053331,-0.156016,0.212325,0.0,-0.396632,0.267727,-0.27806,-0.146781,0.514264,-0.281853,-0.153919,1.0,-0.064335,-0.117168,-0.698659,-0.107237,0.193034,-0.101864,-0.052809,-0.176507,-0.332228,-0.42461,-0.473133,-0.18998,0.053331,-0.084539,0.106904,0.310762,0.49262,0.084966,-0.241213,-0.607445,-0.196621,-0.100406,0.0,0.56125,-0.188517,0.069356,0.579036,-0.156868,-0.404963,0.298809,-0.447128,-0.115931,-0.081434,-0.005518,0.326956,0.106904,0.418394,0.345516,-0.323838,-0.068285,-0.255414,0.084785,0.076507,0.255785,-0.241213,0.27845,-0.223808,0.092047,-0.693781,-0.381832,-0.404963,0.122499,-0.237951,-0.452319,0.09618,0.415902,0.321178,0.360323,-0.141209,-0.331063,0.221983,0.578355,-0.03405,-0.015222,-0.106661,-0.105812,0.330704,0.091,0.286152,-0.129817,0.605378,0.551274,0.117275,-0.068789,-0.03405,-0.256278,0.427181,-0.347867,-0.105812,0.335142,-0.020776,0.100417,0.123788,0.330694,0.164269,0.312204,0.081059,-0.141209,0.46384,0.155178,-0.263392,0.219939,-0.634695,-0.068789,-0.377833,0.0,-0.197156,-0.200209,0.21241,-0.404963,0.330694,-0.188281,-0.376514,0.286152,0.46384,0.213273,0.40593,0.142051,-0.222596,0.700109,-0.129817,-0.249552,-0.140025,-0.112312,-0.339607,-0.136624,0.229182,0.385675,0.40593,0.558053,0.265321,-0.129817,-0.21269,0.40593,-0.141209,0.136197,0.488743,-0.222596,-0.03405,0.237193,0.109643,-0.335838,-0.418116,-0.210964,0.073393,0.123788,-0.58149,0.118647,0.053862,0.790399,-0.363106,-0.211004,0.18648,-0.141209,0.237984,-0.068789,0.076064,-0.201257,-0.129817,-0.039504,-0.414745,0.331176,0.273248,-0.068789,-0.019397,-0.490568,-0.112312,0.40593,0.146213,0.081059,-0.634695,0.381402,-0.061503,-0.188281,-0.136268,-0.640079,0.465694,0.432571,-0.039504,0.081059,-0.432181,-0.099683,0.339385,-0.178657,-0.020776,-0.045553,-0.039504,0.216022,0.36791,-0.054457,0.114161,-0.099683,0.053862,0.293249,#
16,-0.120636,0.190889,-0.610792,-0.213128,-0.01461,0.464059,0.49245,0.0,-0.010676,0.414904,0.87562,-0.084213,-0.324211,-0.103092,-0.248766,-0.064335,1.0,0.433622,0.367187,-0.403149,0.702067,0.611441,0.546334,-0.400096,0.20461,0.204883,-0.353217,-0.180042,-0.01461,0.375229,-0.278869,-0.494112,0.36463,0.063825,0.482183,0.351551,-0.401186,-0.174966,5.6e-05,-0.103092,-0.249786,-0.321099,0.271165,-0.745581,-0.166524,0.349653,-0.018491,-0.152235,0.071933,0.223725,0.259931,-0.278869,0.07463,0.443722,0.227163,0.280118,0.17004,0.33702,0.264954,0.27142,0.261825,-0.374256,0.280596,0.271898,-0.4056,-0.064486,-0.166524,-0.103092,-0.188469,0.511832,-0.321472,-0.643701,-0.166524,-0.495792,0.143773,0.628082,0.128243,-0.057227,-0.169188,0.030254,-0.760606,-0.179069,-0.760606,-0.32686,0.135874,-0.169188,-0.31682,-0.062609,0.21528,0.416098,-0.169188,-0.067914,-0.164052,0.036339,-0.179069,-0.249786,-0.26719,-0.322212,-0.610626,-0.17401,0.323914,0.143572,-0.322212,-0.407685,0.042519,-0.173464,0.193886,-0.262755,-0.407685,0.416098,-0.584989,0.0,-0.062696,-0.407621,-0.046347,-0.166524,-0.17401,-0.131079,0.529315,0.135874,0.042519,-0.057308,-0.585001,-0.067914,0.356569,0.143572,-0.169188,0.089553,0.581615,0.135874,0.277636,0.151744,-0.057308,0.361075,-0.585001,0.248758,-0.166524,-0.761348,-0.173234,-0.585001,-0.407685,-0.010371,0.504125,0.356569,-0.169188,-0.278869,0.259823,0.034715,0.259599,-0.407312,-0.248969,-0.610626,-0.407899,-0.326509,0.298689,-0.168916,-0.041277,0.604587,-0.31211,0.143773,0.395311,0.416098,-0.99485,0.448473,-0.169188,0.02138,-0.074789,0.051232,-0.407312,0.416098,0.506341,-0.270244,0.135874,-0.585001,-0.084072,-0.322212,-0.407685,0.199438,0.014552,-0.131079,0.12547,0.105472,0.062802,0.370746,0.02138,-0.322212,-0.118882,-0.17401,0.358422,0.139881,-0.26719,0.396904,0.02138,-0.258513,0.453446,0.526353,0.241859,-0.17401,0.298689,-0.166524,#
17,-0.08286,-0.075202,-0.211004,-0.510157,0.112744,0.514734,0.097363,0.0,0.571232,-0.153275,0.171559,-0.085833,-0.135517,0.253802,-0.132982,-0.117168,0.433622,1.0,0.613468,-0.570057,0.223651,-0.257541,0.614891,-0.819101,0.007676,0.046216,0.208986,0.205943,-0.258125,-0.13401,0.1262,-0.205231,0.12894,-0.25651,-0.407361,0.390156,0.050851,0.064569,-5.3e-05,-0.117168,0.258643,-0.106388,-0.269732,-0.43071,0.084753,-0.377461,0.591256,0.585563,-0.234162,-0.131188,0.209843,0.1262,0.242841,0.5288,0.512565,0.456511,-0.093349,0.518525,0.746973,0.354084,0.337975,0.070294,-0.088985,-0.293027,0.02656,0.399559,0.084753,0.341953,0.224024,0.095355,0.15655,-0.261623,-0.49975,-0.562885,0.161867,0.444061,0.08052,-0.489672,-0.044539,0.213245,-0.52262,0.063365,-0.52262,-0.107845,0.055186,0.476569,-0.366339,0.372492,0.171808,0.391209,-0.044539,-0.078154,-0.502428,-0.238349,0.063365,-0.179735,0.328672,-0.273206,0.242111,-0.015564,-0.09267,-0.366462,0.152175,-0.430228,-0.223456,-0.098488,-0.080074,0.323216,0.055062,-0.140835,-0.202493,0.0,-0.10563,-0.397547,0.302268,-0.49975,-0.015564,-0.006011,0.610305,-0.292284,-0.223456,-0.181349,-0.259605,0.008684,0.503406,0.069482,0.476569,0.59479,0.026671,0.055186,0.163715,0.445932,-0.442501,-0.197231,-0.259605,0.005087,0.230879,-0.064582,0.550448,-0.259605,-0.430228,-0.040954,-0.091275,0.503406,-0.044539,-0.464599,0.39914,0.342687,0.284677,0.073796,-0.064854,0.242111,0.028635,-0.602353,0.186622,0.003335,0.587955,0.380132,-0.402601,0.514428,-0.422653,0.2848,-0.42571,0.33834,0.476569,0.253969,-0.247046,0.086902,-0.422385,0.2848,0.325606,0.20011,0.055186,-0.259605,-0.525977,0.152175,0.055062,0.295166,0.690702,-0.006011,0.102233,0.16705,-0.561214,-0.372156,0.253969,0.152175,0.217131,-0.015564,-0.254497,0.14422,0.328672,-0.13925,0.253969,0.14144,0.167263,0.697856,0.435808,-0.015564,0.186622,0.113978,#
18,0.056219,-0.434072,-0.117659,-0.535812,-0.15389,0.308867,0.201563,0.0,0.330128,-0.440194,0.417625,-0.096812,-0.609758,0.018735,0.210656,-0.698659,0.367187,0.613468,1.0,-0.36219,0.117444,0.060818,0.264449,-0.277382,0.075234,0.408716,0.306351,0.140839,-0.15389,-0.091215,0.131879,-0.25572,-0.039771,0.091506,0.057367,0.465847,-0.157955,0.406819,0.0,-0.581566,0.349386,-0.368381,-0.38832,-0.313903,0.310565,-0.457155,0.350093,0.208515,0.226386,-0.229485,-0.301248,0.131879,-0.137506,-0.080783,0.520983,0.172519,0.469201,0.074826,0.286204,0.02531,0.490995,-0.33117,0.007302,-0.367168,0.53764,0.15126,0.310565,-0.093675,-0.024932,0.488295,0.109287,-0.353121,-0.496904,-0.31482,0.417629,0.552212,0.066397,-0.609456,0.005916,0.227454,-0.380259,0.408909,-0.481582,-0.146301,0.04344,0.453186,-0.424882,-0.156538,0.145353,0.323266,0.005916,0.307237,-0.481582,0.206523,0.408909,-0.256216,0.303061,0.127808,-0.069655,-0.068033,0.069998,-0.312509,0.127808,0.019835,-0.233565,-0.171996,0.505172,0.084197,0.530025,0.21019,0.094012,0.0,0.286105,0.04344,-0.034951,0.124226,-0.068033,0.377336,0.376542,-0.067333,-0.233565,-0.163635,-0.28954,0.196502,0.483969,-0.424748,0.453186,0.568632,0.272927,0.135752,0.26035,0.175385,-0.182431,-0.342807,-0.28954,-0.149531,0.124226,0.005916,0.28663,-0.28954,0.019835,-0.023211,-0.212667,0.483969,0.005916,-0.375206,0.384527,0.138134,0.71983,0.175385,0.165494,-0.069655,0.51349,-0.568339,0.34606,-0.451276,0.360046,0.150922,-0.342427,0.530025,-0.251713,0.345882,-0.342427,0.099215,0.453186,-0.092807,0.223776,0.115901,-0.455779,0.345882,0.241798,0.316396,0.135752,-0.28954,-0.504331,0.127808,0.530025,-0.163456,0.279671,0.377336,-0.192622,0.549286,-0.332694,-0.444619,-0.092807,0.127808,0.34709,0.031671,-0.051526,-0.152225,0.303061,-0.107451,-0.092807,-0.263031,-0.001382,0.651453,0.013577,0.031671,0.34606,-0.496904,#
19,-0.208622,0.369299,0.164302,0.50858,0.369009,-0.254607,-0.118161,0.0,-0.097951,0.186758,-0.150512,0.108049,0.428857,0.241738,0.11433,-0.107237,-0.403149,-0.570057,-0.36219,1.0,-0.211002,0.26197,-0.073671,0.536619,-0.528171,-0.04927,0.349246,0.027883,0.001958,0.137831,-0.264507,0.000715,-0.126907,-0.05349,0.163751,-0.403495,0.471528,-0.38078,2.6e-05,-0.107237,0.030371,0.70325,-0.065772,0.421778,0.30949,0.10562,-0.109264,-0.147785,-0.052184,0.130524,-0.231548,-0.264507,0.260424,-0.428301,-0.524565,-0.273939,-0.384749,-0.018676,-0.173017,-0.54373,-0.444582,0.161686,0.058826,0.024663,0.181126,0.126711,0.30949,-0.107237,0.283888,0.08138,-0.193738,0.217207,0.483036,0.025425,-0.204946,-0.637423,-0.319464,0.242778,0.002204,-0.471365,0.474387,-0.382572,0.474387,0.355404,-0.314562,0.002204,0.327534,-0.64352,-0.185728,-0.403289,0.002204,-0.196661,0.474387,-0.027008,-0.382572,-0.403494,-0.11518,-0.107005,-0.290282,-0.007975,-0.554673,0.117139,-0.207243,0.143986,-0.04411,-0.168878,-0.406256,-0.372167,0.143986,0.144341,0.554313,0.0,-0.189076,0.1325,0.160341,0.483036,-0.007975,-0.306483,-0.116727,-0.211394,-0.04411,0.16486,0.170507,-0.540438,-0.621406,-0.313293,0.002204,0.156455,-0.096787,-0.314562,-0.197138,0.045362,-0.10287,0.087968,0.170507,-0.52803,-0.268996,0.002204,-0.085409,0.170507,0.143986,0.253464,-0.417721,-0.621406,0.002204,0.320211,-0.15679,0.104401,-0.636391,0.128595,-0.495545,-0.290282,0.15587,0.33772,-0.697909,-0.026406,-0.169991,0.070061,0.342043,-0.309626,0.128874,0.017965,0.342043,0.160341,0.002204,-0.05843,-0.008642,-0.473214,0.151484,0.017965,-0.80627,0.400166,-0.314562,0.170507,0.247425,-0.207243,0.143986,-0.594059,-0.511842,-0.306483,0.106204,-0.223377,0.037336,0.070711,-0.05843,-0.207243,-0.466437,-0.007975,-0.286118,-0.339538,-0.11518,0.105507,-0.05843,0.041245,0.016477,-0.473628,-0.20447,-0.007975,-0.697909,0.338415,#
20,-0.169531,0.38581,-0.989271,-0.333278,0.048037,-0.028671,0.740389,0.0,-0.358896,0.329056,0.541258,-0.497365,0.25185,0.193034,0.055594,0.193034,0.702067,0.223651,0.117444,-0.211002,1.0,0.658825,0.40493,-0.358115,-0.04018,0.336721,-0.134345,-0.000385,0.048037,0.640705,-0.543365,-0.421205,0.751807,-0.323724,0.265757,0.149051,-0.35263,-0.361134,0.0,0.193034,0.021293,-0.195752,0.458181,-0.514165,-0.269711,0.092377,-0.011916,0.052202,0.278524,-0.172765,0.177262,-0.543365,-0.031783,0.641225,-0.306168,-0.082742,0.30101,0.335174,0.447894,0.35477,-0.178707,-0.229433,-0.35434,0.374281,-0.359509,0.101828,-0.269711,0.193034,0.138222,0.684672,-0.610111,-0.284265,0.383274,-0.116728,-0.188875,0.160622,0.150275,0.219526,-0.726892,-0.007737,-0.438609,-0.352509,-0.438609,-0.5294,-0.19558,-0.337486,-0.130501,-0.160113,-0.091896,0.164785,-0.726892,-0.168221,-0.32092,-0.350689,-0.352509,0.021293,-0.505641,-0.141434,-0.625139,-0.344745,0.457132,0.18157,-0.594024,-0.660308,0.018782,-0.215295,0.271026,-0.497248,-0.297668,0.164785,-0.175066,0.0,-0.521088,-0.302801,-0.127287,-0.269711,-0.344745,-0.275741,0.102565,-0.19558,0.018782,-0.51598,-0.438952,-0.168221,-0.189129,-0.188612,-0.337486,0.066818,0.484602,-0.19558,-0.485301,-0.181776,-0.14403,0.065453,-0.438952,-0.037328,-0.269711,-0.843714,0.057934,-0.438952,-0.660308,-0.460972,0.412483,-0.189129,-0.726892,-0.477142,-0.027864,0.310105,-0.061768,0.08374,-0.295323,-0.625139,-0.660655,-0.528832,0.164261,0.060477,0.082545,0.449471,-0.568699,-0.188875,0.15983,0.164785,-0.703391,0.328267,-0.337486,0.403277,-0.057379,0.244375,-0.659704,0.164785,0.414065,-0.222142,-0.19558,-0.438952,0.229398,-0.594024,-0.297668,-0.236024,0.002233,-0.275741,0.23361,0.149643,0.047824,0.188965,0.403277,-0.594024,-0.474017,-0.344745,0.551238,-0.149772,-0.505641,0.679176,0.403277,-0.144762,0.625436,0.450438,-0.004344,-0.344745,0.164261,-0.269711,#
