0,1.0,-0.007573,0.440785,0.028981,0.178456,-0.157109,-0.341582,-0.333219,0.39894,0.187841,-0.17002,0.281919,-0.650343,0.039553,-0.497787,-0.379164,-0.025783,0.192421,0.092588,-0.267023,-0.377535,-0.405948,-0.395269,0.239114,0.667274,-0.21889,0.016745,-0.214209,0.597293,0.323121,-0.376229,-0.450308,-0.649151,0.142228,0.209455,0.233223,-0.005491,-0.002406,-9.1e-05,0.239104,-0.23035,-0.224582,-0.46891,-0.214374,0.323121,0.016061,0.030693,0.143095,-0.002217,0.573165,0.46788,-0.030347,-0.012359,0.294815,-0.254207,-0.156735,0.411216,0.159721,0.007175,0.525659,0.310995,0.231789,0.517967,-0.432919,-0.032531,0.039553,-0.017221,0.039553,0.043503,-0.318716,-0.321412,-0.01256,0.0,0.003531,-0.206125,-0.138478,-0.200877,-0.575389,0.235639,0.193826,0.024624,0.207001,-0.205823,-0.216036,0.192745,-0.512963,-0.493845,0.012635,-0.379693,-0.003244,0.022705,-0.211546,-0.205823,0.207531,-0.006308,-0.199707,-0.11378,-0.006308,0.421852,-0.216623,0.143816,0.213544,-0.315975,0.411297,0.393706,-0.013889,0.307326,0.122754,-0.206125,-0.499573,-0.329438,0.0,0.22136,0.003531,-0.003087,-0.333219,-0.493845,-0.116715,0.19663,-0.191701,0.192745,0.009346,-0.315975,0.000882,0.116698,-0.182116,-0.231792,-0.449746,-0.116041,0.408713,0.349503,-0.19663,0.012653,0.307191,-0.315975,0.213544,0.323121,0.022705,0.240593,-0.315975,0.206653,-0.322141,0.38064,0.116698,0.235639,0.202663,0.188297,0.060413,0.307326,0.204496,-0.127811,0.235639,0.196902,-0.181681,0.327624,-0.002491,-0.174679,0.190309,0.235639,0.387114,-0.007013,-0.021627,0.235639,-0.003087,-0.231792,0.030661,0.173907,-0.278372,0.027604,-0.232893,0.207245,0.090133,0.207531,-0.315975,-0.174933,-0.315975,-0.008778,0.316657,0.233283,-0.116715,0.251842,-0.20117,-0.196345,-0.210248,0.030661,-0.315975,0.804514,-0.475255,-0.002737,0.427407,-0.461938,-0.022967,-0.179678,0.34645,-0.585591,-0.032362,0.234184,-0.475255,0.007569,-0.333219,#
1,-0.007573,1.0,-0.108589,-0.095274,0.524379,0.385014,-0.044394,-0.166667,0.428854,0.49163,0.277757,0.392143,0.263998,0.455076,-0.248979,-0.076555,0.351551,0.30248,-0.26465,0.183843,0.143349,0.112438,0.455076,-0.327078,0.225249,0.225531,0.290687,0.332975,0.01229,0.666667,-0.758017,-0.172613,-0.324687,-0.495066,0.011799,0.225531,0.086517,-0.997595,0.0,0.546803,-0.327246,0.196247,0.150238,-0.214846,-0.166667,0.486754,0.445646,0.37058,-0.243917,0.306826,0.31046,-0.453551,0.081595,0.35546,0.0,0.416954,-0.611188,0.387445,0.284236,-0.072194,0.117933,0.224924,0.249253,0.285417,-0.462187,0.455076,-0.24994,0.455076,0.416789,-0.078811,-0.696296,-0.386592,0.0,-0.407971,-0.49973,0.071428,-0.499613,-0.040145,-0.254,-0.499613,-0.13647,-0.762738,-0.254,0.196284,-0.499604,-0.41479,-0.418754,-0.140991,0.019313,-0.249873,-0.41479,-0.762738,-0.254,-0.499604,-0.998065,-0.327161,-0.364662,-0.998065,-0.13647,-0.258092,-0.313027,-0.327161,-0.721021,-0.408034,-0.407971,0.325774,-0.680182,-0.35861,-0.49973,-0.249873,-0.308079,0.0,-0.762895,-0.407971,-0.13189,-0.166667,-0.418754,-0.932958,0.469938,-0.499604,-0.499604,-0.13647,-0.721021,-0.611749,-0.060196,-0.034818,-0.254,-0.046355,0.018778,-0.407971,0.10656,-0.029371,-0.611807,0.274075,-0.721021,-0.327161,-0.166667,-0.41479,0.281335,-0.721021,-0.49973,-0.209801,0.041845,-0.060196,-0.254,-0.287038,-0.327154,0.518258,-0.680182,-0.327154,-0.74078,-0.254,-0.5,0.185821,0.096136,-0.140991,0.252208,0.548944,-0.254,-0.408034,0.05788,-0.249873,-0.254,0.377686,-0.254,0.576468,-0.058581,-0.361157,0.07194,-0.327154,-0.012184,0.393885,-0.499604,-0.721021,0.446667,-0.721021,-0.408034,0.086391,0.458782,-0.932958,0.735914,-0.012808,-0.492827,0.256032,0.576468,-0.721021,-0.075378,-0.418754,-0.090348,0.609233,-0.624127,0.359139,0.458782,0.337479,0.256771,-0.08434,0.735914,-0.418754,-0.583352,0.666667,#
2,0.440785,-0.108589,1.0,0.600434,-0.003559,-0.164682,-0.728461,-0.407543,0.160487,0.007526,-0.470254,0.322173,-0.321407,-0.221406,-0.167144,-0.170776,-0.610792,-0.211004,-0.460978,0.490794,-0.989719,-0.612048,-0.64903,0.535298,0.107068,-0.39042,0.056116,-0.154215,0.029394,-0.407543,0.262231,0.087008,-0.793944,0.379715,-0.017337,-0.355561,0.21222,0.078087,-9.7e-05,0.077356,-0.367267,0.059633,-0.447363,0.338715,0.262758,0.17367,-0.229144,-0.189191,-0.369636,0.550362,0.000624,0.518604,0.232994,0.030169,-0.78922,-0.282331,-0.248396,-0.223302,-0.431346,-0.271556,0.389228,0.514496,0.571797,-0.347484,0.182675,-0.221406,-0.118418,-0.204986,-0.125063,-0.706192,0.355247,0.515743,0.0,0.255024,-0.030101,-0.698631,-0.389631,-0.026202,0.778414,-0.001461,0.552103,0.333512,0.344259,0.515752,0.028269,0.020604,0.073638,0.16274,-0.255701,-0.12289,0.589549,-0.111037,0.344259,0.389483,0.084554,-0.317375,0.462273,0.084554,0.584557,0.32588,-0.402859,0.104666,0.355709,0.677533,0.270963,0.19488,-0.285423,0.482291,-0.045992,-0.142414,0.038658,0.0,0.351755,0.239085,0.136564,0.235946,0.073638,-0.015124,-0.03969,0.012564,0.028269,0.56833,0.355709,0.15465,-0.602331,0.019417,0.281945,-0.263558,-0.428355,0.255024,0.382124,-0.03969,0.170536,0.273365,0.355709,0.121548,0.28957,0.589549,-0.163629,0.355709,0.424212,0.255876,-0.101553,-0.602331,0.778414,0.740244,0.077528,-0.351646,-0.285423,0.060322,0.013471,0.361625,0.386094,0.534784,0.355709,0.16274,-0.447413,-0.162883,0.778414,0.231362,-0.079611,-0.12289,0.778414,-0.289715,0.281945,-0.21114,0.025445,-0.295665,0.677417,-0.369827,-0.379674,0.171942,0.012564,0.355709,-0.02361,0.355709,0.199017,0.3235,-0.02425,-0.015124,0.037744,-0.448557,-0.017864,-0.120894,-0.21114,0.355709,0.252225,0.053892,-0.260054,0.206709,0.203207,-0.64837,-0.462865,0.430709,-0.638493,-0.687896,0.056498,0.053892,-0.380746,0.262758,#
3,0.028981,-0.095274,0.600434,1.0,0.01249,-0.168305,-0.297482,-0.407561,-0.241847,0.43163,0.000913,0.329733,-0.308863,-0.626853,-0.172887,0.251092,-0.096661,-0.168735,-0.54664,0.505645,-0.554599,-0.2038,-0.204764,0.535295,-0.326494,-0.395759,-0.428742,-0.577152,0.028753,-0.407561,0.306778,0.080401,-0.315235,0.799683,0.388588,-0.800226,-0.163941,0.104502,4.8e-05,0.07715,-0.355813,0.082406,0.043403,-0.090928,0.280529,0.51399,-0.629934,-0.606736,-0.145631,0.552171,0.007395,0.552888,0.669853,0.082914,-0.543251,0.116767,-0.265612,-0.210782,-0.41824,-0.271376,0.413562,0.09313,0.6111,-0.354155,-0.266797,-0.626853,-0.105368,-0.626853,-0.556936,-0.549381,0.407511,0.425617,0.0,0.238767,-0.022514,-0.426454,0.020555,0.382661,0.802622,0.020555,0.156213,0.346668,0.348878,0.51531,0.437877,0.055696,0.594777,0.179477,0.441302,-0.100894,0.617278,-0.092127,0.802622,0.406874,0.09965,-0.323658,0.493349,0.09965,0.188248,0.780265,-0.428297,0.550669,0.392322,0.671769,0.686687,0.188335,-0.2653,0.512493,-0.437729,0.36163,-0.370813,0.0,0.365022,0.238767,0.170589,0.227599,0.594777,0.00294,-0.000933,0.406874,0.437877,0.996638,0.392322,0.156349,-0.128079,0.432716,0.312579,-0.201682,-0.293999,0.277636,0.419019,-0.000933,0.172253,0.767049,0.392322,0.550669,0.280529,0.097295,-0.583502,0.392322,0.418537,0.732083,0.314003,-0.128079,0.802622,0.770632,0.532676,-0.701481,-0.2653,-0.358447,-0.163657,-0.062516,-0.015879,0.533764,0.392322,0.59179,-0.753087,-0.0523,0.802622,0.254848,0.431047,0.400174,0.348878,-0.250172,0.312579,-0.606275,0.025116,0.012108,0.670934,0.09111,-0.36644,-0.177831,0.034833,0.392322,-0.0,0.392322,-0.199634,0.342105,-0.416286,0.00294,-0.391756,-0.84076,0.386724,0.338209,-0.606275,0.392322,-0.252152,0.088047,0.137725,-0.206452,0.242882,-0.617167,-0.849224,-0.017863,-0.145617,-0.264276,0.089551,0.088047,-0.063518,0.280529,#
4,0.178456,0.524379,-0.003559,0.01249,1.0,0.288737,0.094572,0.322275,0.808238,0.187633,-0.150986,0.73017,0.277488,0.458169,-0.497757,0.022581,-0.00667,0.139218,0.113777,0.148728,0.037861,0.003685,0.458169,-0.22511,-0.201549,-0.201309,0.487433,0.252143,0.580424,0.349586,-0.508963,-0.013739,-0.211304,-0.283155,-0.192967,0.216092,0.416007,-0.510918,-2.5e-05,0.255952,0.209421,0.649604,-0.033196,-0.248457,0.322275,-0.001139,0.361829,0.617945,0.116713,0.070391,0.391735,-0.642115,0.387756,-0.205277,-0.507736,0.311813,-0.348959,0.575827,0.475088,0.204126,-0.374507,0.216001,0.008169,-0.451673,-0.33592,0.458169,0.483296,0.458169,0.396726,-0.235046,-0.348823,-0.585577,0.0,-0.425952,-0.222055,-0.419024,-0.239658,-0.621576,-0.25806,-0.619241,-0.436179,-0.688872,0.166491,0.212287,0.153011,-0.056523,-0.070513,-0.443597,0.20951,-0.499544,-0.056523,-0.688872,0.166491,-0.614867,-0.555133,-0.241352,-0.442199,-0.555133,-0.039476,-0.268406,-0.410362,-0.241352,-0.420623,-0.025001,-0.036292,-0.048639,-0.399059,-0.434859,-0.222055,-0.499544,-0.119143,0.0,-0.260567,-0.425952,0.372917,-0.333199,-0.070513,-0.660778,0.18867,-0.230928,0.153011,-0.039476,-0.420623,-0.833476,0.116396,0.158614,-0.25806,0.245895,-0.03631,-0.425952,0.270183,0.172306,-0.436498,0.211088,-0.420623,-0.241352,0.322275,-0.056523,0.630533,-0.420623,0.166446,0.276757,-0.045648,0.116396,-0.25806,-0.339386,0.187223,0.442691,-0.399059,-0.233411,-0.619619,0.166491,0.180255,-0.233312,-0.393842,-0.050829,0.33514,0.209894,-0.25806,-0.025001,0.22953,-0.022228,-0.25806,0.389617,-0.25806,-0.033831,-0.243828,-0.603658,-0.02122,0.187223,-0.599384,0.619983,-0.230928,-0.420623,-0.236314,-0.420623,-0.42037,-0.193185,0.169692,-0.660778,0.181725,-0.227091,-0.23696,0.158071,-0.033831,-0.420623,0.392795,-0.553223,-0.412948,-0.007261,-0.258587,0.466889,0.169692,0.261763,0.224809,0.370393,0.640218,-0.553223,-0.674613,0.349586,#
5,-0.157109,0.385014,-0.164682,-0.168305,0.288737,1.0,0.372814,0.226479,0.453759,-0.128584,0.376135,-0.012392,0.053384,0.070508,-0.391976,0.03275,0.384684,0.221203,0.18804,-0.121403,0.223057,0.465532,0.070508,-0.655425,0.003465,-0.15063,0.167068,0.485016,-0.175172,0.256676,-0.201901,-0.156745,0.059668,-0.237988,-0.276137,0.48474,0.142199,-0.39072,0.0,-0.103987,-0.491494,-0.010667,0.151908,-0.492539,-0.498253,0.246464,-0.034278,0.25765,-0.3425,0.213101,0.28125,-0.331412,0.147837,-0.073287,0.011693,-0.36399,-0.333376,0.596686,0.33045,-0.026161,-0.245725,0.503253,0.187867,0.277032,-0.356307,0.070508,-0.193127,0.514362,0.009439,0.071396,-0.276945,-0.381689,0.0,-0.483631,0.590632,0.226477,-0.611019,-0.308089,-0.009204,-0.593532,-0.62944,-0.499541,-0.546493,0.322441,-0.176357,0.157557,-0.421215,-0.035125,-0.340297,0.384817,0.157557,-0.499541,-0.028763,-0.282484,-0.407848,-0.52174,-0.228604,-0.407848,-0.50151,-0.512669,0.249074,-0.474766,-0.309173,-0.473037,-0.313621,-0.212599,-0.293339,-0.401539,-0.312688,0.208901,-0.24616,0.0,-0.018849,-0.914463,0.443167,0.015099,-0.421215,-0.481946,0.316632,0.124335,-0.176357,-0.163945,-0.309173,-0.169424,-0.103611,0.259696,-0.009204,0.421732,0.756996,-0.295669,0.463366,0.298539,0.281386,0.004345,-0.309173,-0.018454,0.226479,-0.435754,0.126649,-0.309173,-0.330585,0.127104,0.120222,-0.103611,-0.009204,0.049606,0.0,0.041007,-0.293339,-0.493576,-0.107957,-0.390024,0.135887,-0.177045,-0.279562,-0.487487,-0.065947,0.364684,-0.009204,0.154822,0.251684,-0.164922,-0.526935,0.461632,-0.009204,0.144524,-0.783832,-0.478042,-0.027155,0.0,-0.141285,0.180342,-0.15867,-0.309173,-0.315621,-0.309173,-0.454823,0.329305,0.283807,-0.481946,0.483834,0.148516,0.117549,0.439439,0.144524,-0.309173,-0.118362,-0.398977,-0.161176,0.190661,-0.076794,0.334748,0.283807,0.545553,0.507094,-0.017191,0.462712,-0.398977,-0.498271,0.256676,#
6,-0.341582,-0.044394,-0.728461,-0.297482,0.094572,0.372814,1.0,0.310758,-0.153418,-0.299924,0.539577,-0.119837,0.037253,-0.248851,0.226441,0.186167,0.510095,0.12572,0.50958,-0.397338,0.733713,0.673676,0.223174,-0.468135,-0.293953,0.419337,0.051196,0.336876,0.094572,0.340354,-0.156465,0.179168,0.560917,0.030486,-0.00454,0.158625,-0.521258,0.060372,0.0,-0.004077,0.074933,-0.300861,0.67127,-0.644684,-0.399546,0.098012,-0.256072,0.094745,0.612891,-0.408638,-0.234304,-0.361987,-0.072447,-0.206777,0.527286,-0.225489,0.364441,0.07927,0.231337,0.024474,-0.309171,-0.29353,-0.34701,0.028962,-0.284038,-0.248851,-0.056132,0.186167,-0.353567,0.426845,-0.300871,-0.481542,0.0,0.115913,0.406553,0.501007,0.030245,-0.076889,-0.53336,-0.38109,-0.781279,-0.155428,-0.17478,0.025561,0.093307,0.084641,0.066668,-0.194034,0.384966,-0.028524,-0.38056,-0.155428,-0.073295,-0.444099,0.04909,0.057548,-0.321187,0.04909,-0.655895,-0.141405,0.54984,-0.291028,-0.303019,-0.246249,-0.09004,0.073383,0.398077,-0.489066,-0.107314,0.337857,-0.246731,0.0,-0.087889,-0.306343,-0.118167,0.103586,0.066668,-0.057542,-0.284251,0.388013,0.093307,-0.256563,-0.303019,0.092596,0.464978,0.108199,-0.12742,0.355717,0.698578,-0.512296,-0.170303,-0.301984,0.15774,-0.038327,-0.303019,0.156201,0.310758,-0.49686,0.043425,-0.303019,-0.057784,0.050062,0.33438,0.464978,-0.53336,-0.453251,0.174284,-0.107757,0.398077,-0.382085,0.214475,-0.500659,-0.044394,-0.454568,-0.273997,-0.194034,-0.020866,-0.140804,-0.53336,-0.077183,0.427826,-0.028524,-0.634844,-0.10007,-0.12742,-0.141647,-0.128472,0.347386,-0.23527,0.174284,0.041109,0.04726,-0.322749,-0.303019,-0.071386,-0.303019,-0.296654,-0.230704,0.057028,-0.057542,-0.280123,0.334333,0.416524,0.44175,-0.141647,-0.303019,-0.209703,-0.456421,0.538077,-0.481917,-0.114966,0.505236,0.057028,-0.217739,0.881312,0.683315,0.216723,-0.456421,0.26637,-0.399546,#
7,-0.333219,-0.166667,-0.407543,-0.407561,0.322275,0.226479,0.310758,1.0,0.258145,-0.33304,-0.213905,0.23103,0.537425,0.27503,-0.165986,0.27503,-0.166524,-0.49975,0.256002,-0.216096,0.40475,0.394225,0.27503,-0.218052,-0.218165,-0.218161,0.098484,0.251191,0.322275,-0.111111,0.164129,0.337007,0.525684,-0.330044,-0.333003,0.489388,0.442199,0.195218,-2.1e-05,-0.331142,0.528186,0.537861,0.213241,0.192923,-0.111111,-0.399834,0.128929,0.276819,0.276439,-0.647744,0.077615,-0.651253,-0.271984,-0.825323,-1e-06,0.02527,0.0,0.145994,0.094745,0.148763,-0.997257,-0.246143,-0.664676,0.1563,-0.03625,0.27503,0.682842,0.27503,0.172152,0.210162,0.154732,-0.649924,0.0,-0.271981,0.325405,0.047618,0.310366,-0.332631,-0.508001,-0.333075,-0.407433,-0.508492,0.211667,-0.218093,0.317756,0.160094,0.154024,-0.407308,0.109441,-0.166582,0.160094,0.200062,0.211667,-0.333069,0.148393,0.481481,-0.632082,0.148393,-0.407433,-0.50779,0.191294,-0.218107,0.096136,-0.272023,-0.271981,-0.406213,0.089414,-0.62159,0.325405,-0.166582,0.308079,0.0,0.205961,-0.271981,0.271774,-0.111111,0.154024,0.185167,-0.332873,0.317756,0.317756,-0.407433,0.096136,-0.407832,0.361169,0.324967,-0.508001,0.189833,0.26289,-0.271981,0.103331,0.332873,0.258841,-0.479632,0.096136,-0.218107,-0.111111,0.160094,0.245267,0.096136,0.325405,0.25351,-0.270996,0.361169,-0.508001,-0.500476,-0.218103,0.214301,0.089414,-0.218103,0.236191,0.211667,0.333333,-0.217859,-0.993406,-0.407308,0.454739,-0.3253,-0.508001,-0.272023,0.23152,-0.166582,-0.508001,0.271774,-0.508001,-0.285999,-0.331958,-0.307652,-0.271774,0.494925,-0.333036,-0.021291,0.317756,0.096136,-0.340318,0.096136,-0.272023,-0.385435,-0.349548,0.185167,-0.238018,0.333005,0.316075,0.21682,-0.285999,0.096136,0.256843,0.154024,-0.407722,-0.286155,0.142835,0.665072,0.349548,-0.274983,0.268998,0.248334,-0.238018,0.154024,-0.111116,-0.111111,#
8,0.39894,0.428854,0.160487,-0.241847,0.808238,0.453759,-0.153418,0.258145,1.0,-0.0173,-0.287046,0.430739,0.146585,0.65513,-0.609555,-0.230276,-0.110781,0.285687,0.253914,0.016195,-0.130044,-0.166175,0.212427,-0.364971,0.101288,-0.340849,0.596586,0.376659,0.381808,0.285903,-0.441747,-0.265508,-0.349943,-0.493908,-0.404095,0.54368,0.664668,-0.438672,-0.0001,0.05332,0.076589,0.524033,-0.445381,-0.113771,0.258145,-0.250872,0.55329,0.763746,-0.257145,0.199292,0.527397,-0.540545,0.224223,-0.086147,-0.516033,0.017044,-0.301086,0.74655,0.58147,0.327695,-0.305679,0.542887,0.091326,-0.340214,-0.062184,0.65513,0.387125,0.65513,0.623898,-0.189665,-0.313106,-0.41785,0.0,-0.602775,-0.022452,-0.396133,-0.451594,-0.839472,-0.13008,-0.435519,-0.277782,-0.575177,-0.148059,0.079546,-0.052506,0.042539,-0.486507,-0.289409,-0.402224,-0.106416,0.042539,-0.575177,-0.148059,-0.426458,-0.471523,-0.381512,-0.327957,-0.471523,0.125402,-0.589928,-0.275871,-0.381512,-0.367453,-0.1953,-0.206749,-0.303132,-0.349736,-0.322514,-0.022452,-0.611742,0.07132,0.0,-0.136192,-0.602775,0.548743,-0.408036,-0.486507,-0.555927,0.399646,-0.442717,-0.052506,-0.294581,-0.367453,-0.689414,-0.157398,-0.046583,-0.13008,0.313327,0.049099,-0.190248,0.339131,0.383014,-0.281971,-0.085016,-0.367453,-0.381512,0.258145,0.042539,0.775992,-0.367453,-0.038904,-0.024459,-0.215643,-0.157398,-0.13008,-0.197838,0.054067,0.583763,-0.349736,0.07188,-0.482229,0.301406,0.391381,-0.373186,-0.340234,-0.306041,0.433692,0.365696,-0.13008,0.22327,-0.134232,-0.126629,-0.13008,0.565717,-0.13008,0.233545,-0.455134,-0.805662,-0.191301,0.054067,-0.411325,0.616813,-0.036248,-0.367453,-0.452718,-0.367453,-0.178557,0.005644,0.390772,-0.555927,0.521439,-0.022824,-0.459013,-0.164917,0.233545,-0.367453,0.559621,-0.466065,-0.674335,0.275108,-0.173605,0.358213,0.390772,0.593905,-0.092248,0.121853,0.502023,-0.466065,-0.755032,0.285903,#
9,0.187841,0.49163,0.007526,0.43163,0.187633,-0.128584,-0.299924,-0.33304,-0.0173,1.0,0.327182,0.296198,-0.182722,0.016323,-0.49752,0.083098,0.51175,0.158094,-0.410328,0.123375,0.07783,0.026549,0.454743,0.228926,0.239811,-0.215584,-0.498335,-0.654802,0.203875,0.327753,-0.425579,-0.509171,-0.151534,0.187164,0.624876,-0.215584,-0.03097,-0.456996,-4.8e-05,0.265184,-0.244194,0.176363,-0.033357,-0.237395,0.301322,0.487428,0.007734,-0.315944,-0.246023,0.593648,0.546519,-0.068451,0.398559,0.469253,0.020474,0.749015,-0.252014,0.223873,0.003005,0.26583,0.336063,-0.215505,0.539178,0.085356,-0.50964,0.016323,-0.033109,-0.372185,0.018105,-0.082491,-0.297624,-0.084768,0.0,-0.382656,-0.567299,0.165383,0.21177,0.218102,0.233636,0.21177,-0.020514,-0.191558,-0.237664,-0.238654,0.225676,-0.51956,0.005954,0.023851,0.29281,0.03057,0.020542,-0.191558,0.233636,0.225676,-0.463918,-0.195595,-0.117977,-0.463918,-0.020514,0.21903,-0.335918,0.661968,-0.318647,0.00619,0.427022,-0.02832,-0.298695,0.120569,-0.622592,0.03057,-0.551122,0.0,-0.180582,-0.005546,-0.008747,-0.33304,0.005954,-0.34629,0.586905,-0.145897,0.225676,0.419872,-0.318647,-0.357579,0.376124,0.232283,-0.237664,-0.428691,-0.248364,0.427022,0.351201,0.190977,-0.349296,0.732398,-0.318647,0.262555,-0.33304,-0.51956,-0.277999,-0.318647,-0.191312,0.129763,0.430595,0.376124,0.233636,0.16878,0.220305,0.040991,-0.298695,-0.246646,-0.709991,-0.237664,-0.618502,0.229049,0.329319,0.403968,-0.192353,0.624877,0.233636,0.00619,0.303831,0.492512,-0.237664,0.395323,-0.237664,-0.004677,0.167226,-0.180738,0.010648,0.220305,0.242311,-0.310306,0.225676,-0.318647,0.212511,-0.318647,-0.432715,0.303313,-0.214118,-0.34629,0.213311,-0.590269,-0.147807,0.230676,-0.004677,-0.318647,-0.078898,0.005954,0.05092,0.39394,-0.467129,0.013923,-0.214118,-0.167699,-0.180337,0.00535,0.213311,0.005954,0.023786,0.327753,#
10,-0.17002,0.277757,-0.470254,0.000913,-0.150986,0.376135,0.539577,-0.213905,-0.287046,0.327182,1.0,-0.161415,-0.417478,-0.271376,0.052979,-0.271376,0.87562,0.171559,0.292046,-0.006395,0.530451,0.798826,0.237811,-0.078944,0.109172,0.455061,-0.235785,-0.090472,-0.150986,0.584247,-0.459685,-0.427407,0.160821,0.218881,0.64575,0.109445,-0.523468,-0.274475,2.9e-05,-0.137766,-0.419997,-0.419781,0.348319,-0.622199,-0.213905,0.527311,-0.273655,-0.401034,0.16587,0.260567,-0.107047,-0.187318,-0.01563,0.215542,0.618259,-0.0167,0.205809,0.058406,-0.051725,-0.163687,0.231021,-0.378747,0.351411,0.366313,-0.239044,-0.271376,-0.32078,-0.271376,-0.339401,0.593302,-0.570994,-0.322834,0.0,-0.200956,0.181212,0.775785,-0.151821,0.171488,-0.079065,-0.151821,-0.45589,-0.093892,-0.626438,-0.057653,-0.146194,-0.249379,-0.256688,-0.27773,0.164445,0.29471,-0.249379,-0.093892,-0.079065,0.171714,-0.264496,-0.419887,-0.184413,-0.264496,-0.784367,-0.086458,0.299312,0.112214,-0.551544,-0.19631,-0.021212,-0.014677,0.218012,-0.3682,-0.319682,0.689936,-0.410151,0.0,-0.086595,-0.200956,-0.268033,0.328839,-0.256688,-0.189219,0.343763,0.171714,-0.146194,0.05558,-0.551544,0.039619,0.303257,-0.140284,-0.079065,0.068626,0.685952,-0.021212,0.245319,-0.134467,0.047554,0.360288,-0.551544,0.112214,-0.213905,-0.87666,-0.412478,-0.551544,-0.319682,-0.014317,0.422999,0.303257,-0.079065,-0.01861,0.122445,-0.137855,0.218012,-0.419879,-0.254805,-0.977973,-0.316068,-0.064685,0.231115,-0.27773,-0.331267,0.483707,-0.079065,-0.013933,0.480356,0.29471,-0.626438,0.22003,-0.079065,-0.004879,0.106043,0.084172,-0.191321,0.122445,0.321621,-0.123577,-0.146194,-0.551544,0.196793,-0.551544,-0.19631,-0.010057,-0.139357,-0.189219,0.134968,0.181063,0.190242,0.450548,-0.004879,-0.551544,-0.407183,-0.256688,0.530382,0.012731,-0.438787,0.291234,-0.139357,-0.277979,0.481321,0.22497,0.134968,-0.256688,0.185176,-0.213905,#
11,0.281919,0.392143,0.322173,0.329733,0.73017,-0.012392,-0.119837,0.23103,0.430739,0.296198,-0.161415,1.0,0.059673,0.044061,-0.39005,0.044061,-0.198772,-0.419292,-0.290945,0.307255,-0.267916,0.001367,0.044061,0.340439,0.028836,-0.145667,0.163751,0.022695,0.73017,0.261428,-0.3779,0.246769,-0.483914,0.100782,0.161551,-0.010163,0.150587,-0.375131,5.5e-05,0.380201,-0.017592,0.472478,0.170954,-0.021272,0.23103,0.377949,-0.061038,0.116614,0.298963,0.186542,0.192526,-0.470345,0.119059,-0.380951,-0.565129,0.227456,-0.251114,-0.017821,-0.23329,-0.060331,-0.278951,-0.029259,0.207306,-0.284086,-0.390751,0.044061,0.346461,0.044061,-0.019996,-0.469325,-0.251578,-0.51463,0.0,-0.001063,-0.323677,-0.411673,-0.183493,-0.301045,-0.015056,-0.605984,-0.153892,-0.508348,0.457485,0.330559,0.258917,-0.443042,0.131421,-0.479597,0.40298,-0.747425,0.154229,-0.508348,0.457485,-0.293062,-0.414629,-0.01261,-0.501496,-0.414629,-0.025107,-0.033755,-0.326385,-0.01261,-0.313866,0.456671,0.125435,0.292252,-0.297743,-0.409451,-0.323677,-0.371108,-0.256231,0.0,-0.024609,-0.001063,-0.05336,0.018239,0.131421,-0.490228,-0.172497,0.134277,0.258917,0.287654,-0.313866,-0.611022,0.171275,0.270531,-0.536242,-0.334323,-0.166451,-0.308272,0.463631,-0.190711,-0.161589,0.437405,-0.313866,-0.01261,0.23103,0.154229,0.121573,-0.313866,0.58567,0.390074,0.128439,0.171275,-0.015056,-0.073295,-0.042228,0.035417,-0.297743,-0.51041,-0.388888,0.122768,0.127674,0.353648,-0.284058,-0.042431,-0.070465,-0.140172,-0.015056,-0.3404,0.554497,-0.216154,-0.015056,-0.034771,-0.536242,-0.335724,0.136764,-0.472815,0.472148,-0.042228,-0.577578,0.368527,-0.168422,-0.313866,0.157118,-0.313866,-0.468751,-0.142782,-0.182896,-0.490228,-0.038008,-0.308126,0.127891,0.456633,-0.335724,-0.313866,0.484857,-0.405853,-0.151097,0.105058,-0.421022,0.342077,-0.182896,0.009575,-0.010705,-0.056147,0.472311,-0.405853,-0.498553,0.261428,#
12,-0.650343,0.263998,-0.321407,-0.308863,0.277488,0.053384,0.037253,0.537425,0.146585,-0.182722,-0.417478,0.059673,1.0,0.492667,0.183613,0.492667,-0.325005,-0.111515,-0.234261,0.057201,0.249324,-0.078684,0.492667,-0.425572,-0.425794,-0.008839,0.291059,0.432419,-0.205335,-0.216856,0.167618,0.541487,0.431208,-0.644148,-0.649923,0.054537,0.420217,-0.246049,5.7e-05,0.160491,0.48685,0.580998,0.260822,0.430271,-0.216856,-0.288638,0.481539,0.481333,-0.081412,-0.661513,-0.049762,-0.288909,-0.069239,-0.287532,-0.060861,0.388837,-0.600523,0.110226,0.301044,-0.118067,-0.553508,0.055778,-0.733227,0.252191,-0.075021,0.492667,0.251459,0.492667,0.481217,-0.054244,0.214458,-0.164394,0.0,-0.135179,-0.203151,-0.243788,0.172151,0.172708,-0.512496,-0.26465,0.055161,-0.568009,0.407123,0.067858,-0.208238,0.305595,0.293802,0.04697,0.204491,-0.325118,-0.188407,-0.087005,-0.023948,-0.650052,-0.258748,0.468283,-0.188415,-0.258748,0.055161,-0.088909,-0.29563,-0.42568,0.178565,-0.530907,-0.530825,0.071784,-0.557127,-0.185287,0.191317,-0.325118,0.392138,0.0,-0.507549,-0.135179,0.117796,-0.216856,0.293802,-0.182508,-0.206587,-0.208238,-0.208238,-0.347636,0.178565,-0.400455,-0.089673,0.23483,-0.081425,0.283087,-0.283629,-0.530825,-0.465087,0.245357,-0.343443,-0.483877,0.178565,-0.42568,-0.216856,0.305595,0.376665,0.178565,-0.203151,0.043519,-0.528903,-0.089673,-0.512496,-0.539603,-0.425671,0.442993,-0.557127,0.001424,-0.030975,0.407123,-0.197999,0.058119,-0.561074,0.04697,0.671337,-0.232332,-0.512496,-0.530907,-0.284866,-0.325118,-0.081425,0.117796,-0.081425,0.288699,-0.250205,0.004919,-0.078229,0.05837,-0.282373,0.154171,-0.208238,0.178565,0.141985,0.178565,-0.129465,-0.288596,0.145836,-0.182508,0.04383,0.166889,-0.206569,-0.033535,0.288699,0.178565,-0.248903,0.293802,-0.402594,-0.075457,0.269989,0.244555,0.620419,-0.013435,0.331326,0.047314,0.04383,0.293802,-0.295435,0.568853,#
13,0.039553,0.455076,-0.221406,-0.626853,0.458169,0.070508,-0.248851,0.27503,0.65513,0.016323,-0.271376,0.044061,0.492667,1.0,-0.147791,-0.321178,-0.096162,0.283171,0.272079,0.038601,0.18161,-0.141973,0.54779,-0.350551,0.125732,0.050254,0.609074,0.362089,0.022581,0.303384,-0.441534,-0.272048,-0.019727,-0.87835,-0.378782,0.577624,0.706697,-0.464641,0.000103,-0.036712,0.466763,0.557544,-0.473414,0.32358,0.27503,-0.534848,0.978288,0.75493,-0.251048,-0.23141,0.266722,-0.553509,-0.159633,0.037951,-0.043923,0.388842,-0.298796,0.51842,0.610075,0.230227,-0.299149,0.126273,-0.347708,0.066591,0.276278,1.0,0.412447,0.583243,0.986581,0.26748,-0.33111,-0.322357,0.0,-0.635549,-0.392255,-0.117865,-0.079586,-0.472313,-0.521773,-0.063167,0.121231,-0.586678,-0.151238,-0.350618,-0.418227,0.051872,-0.488111,-0.30202,-0.389176,-0.091697,-0.393801,-0.152732,-0.540138,-0.401619,-0.472365,0.010606,-0.330037,-0.472365,0.121231,-0.602169,-0.372325,-0.367442,-0.352447,-0.582185,-0.587958,-0.317441,-0.333777,-0.324559,0.366948,-0.607876,0.490043,0.0,-0.524825,-0.231019,0.186027,-0.405457,-0.488111,-0.329912,0.442206,-0.816818,-0.418227,-0.671161,-0.352447,-0.710166,-0.156676,-0.416407,-0.132874,0.305185,-0.219463,-0.166571,-0.22446,0.425217,-0.654714,-0.513471,-0.352447,-0.795897,-0.405457,0.051872,0.785293,-0.352447,-0.40906,-0.430086,-0.607534,-0.156676,-0.521773,-0.601754,-0.359196,0.971736,-0.333777,0.480997,-0.494777,0.307878,0.025518,-0.358962,-0.324644,-0.31901,0.911462,0.406754,-0.521773,-0.154626,-0.579228,-0.112345,-0.132874,0.619477,-0.132874,0.632664,-0.072252,-0.491183,-0.583781,0.07749,-0.054515,0.476484,-0.003028,-0.352447,-0.08033,-0.352447,0.207542,-0.366406,0.363485,-0.329912,0.581723,0.361044,-0.819515,-0.543752,0.632664,-0.352447,0.260458,0.0339,-0.689762,0.333781,-0.160217,0.412068,0.791639,0.170324,-0.171609,0.123035,0.085901,0.0339,-0.476357,0.303384,#
14,-0.497787,-0.248979,-0.167144,-0.172887,-0.497757,-0.391976,0.226441,-0.165986,-0.609555,-0.49752,0.052979,-0.39005,0.183613,-0.147791,1.0,-0.147791,-0.248766,-0.132982,0.100288,0.252761,0.050841,0.050889,-0.147791,0.153187,-0.325912,0.754891,0.267695,0.311567,-0.497757,-0.165986,0.245188,0.48464,0.176038,-0.018054,-0.065531,-0.325905,-0.406201,0.219491,4.1e-05,-0.045278,0.253588,-0.325742,0.270289,0.355474,-0.165986,-0.120022,-0.014485,-0.14169,0.390643,-0.569853,-0.923398,0.317678,-0.40631,-0.066645,0.347501,-0.207116,0.167975,-0.684215,-0.276699,-0.639847,0.179268,-0.325442,-0.445482,0.147065,0.525186,-0.147791,-0.248919,-0.147791,-0.112308,0.313957,0.134764,0.326048,0.0,0.61181,-0.045671,0.071137,0.052569,0.504936,-0.264927,0.052569,0.427862,0.332525,0.350388,0.183155,-0.497564,0.278335,0.26896,-0.039215,0.215475,-0.248852,-0.426807,0.332525,-0.264927,-0.050854,0.260335,0.272323,0.329801,0.260335,-0.033699,0.341079,0.006319,-0.325824,0.195369,0.053641,-0.406305,0.447044,0.185145,0.061777,0.517397,0.306501,0.493401,0.0,-0.269325,0.61181,-0.608994,0.596653,0.26896,0.314956,-0.49727,-0.050854,-0.497564,-0.147093,0.195369,0.408519,-0.335391,-0.497018,0.350388,0.187335,-0.112712,-0.406305,-0.732185,-0.49727,-0.151694,-0.434332,0.195369,-0.325824,-0.165986,0.278335,-0.148539,0.195369,-0.045671,-0.221297,-0.404834,-0.335391,-0.264927,-0.222274,-0.325818,-0.064805,0.185145,0.283821,0.387516,-0.143574,-0.040375,0.172989,0.195369,-0.039215,0.102292,-0.485957,-0.264927,-0.406368,-0.31626,-0.248852,0.350388,-0.608994,0.350388,0.150114,0.527439,0.67994,0.060351,-0.325818,0.027221,0.167341,-0.497564,0.195369,0.508392,0.195369,0.626663,-0.540018,0.042339,0.314956,-0.316345,0.497468,-0.031568,-0.234871,0.150114,0.195369,-0.488744,0.26896,0.397327,-0.39021,0.263525,-0.235226,0.042339,-0.370417,0.222152,-0.04143,-0.316345,0.26896,0.282633,-0.165986,#
15,-0.379164,-0.076555,-0.170776,0.251092,0.022581,0.03275,0.186167,0.27503,-0.230276,0.083098,-0.271376,0.044061,0.492667,-0.321178,-0.147791,1.0,-0.056816,-0.093446,-0.539214,-0.356461,0.18161,-0.141973,0.131033,-0.313456,-0.326151,-0.419939,-0.485361,-0.122386,0.022581,-0.405457,0.462255,0.514522,0.493182,0.103104,-0.345326,-0.362764,-0.134359,0.126398,0.000103,0.372305,0.02725,0.112399,0.576968,-0.10607,-0.405457,0.154229,-0.327717,-0.048688,-0.026972,-0.23141,0.266722,0.141769,0.291504,-0.06631,-0.043923,0.2502,-0.298796,0.016909,0.045937,0.230227,-0.271695,0.089452,-0.305305,0.066591,-0.64953,-0.321178,-0.087792,0.095579,-0.32439,-0.46993,0.458591,0.082734,0.0,0.215155,0.035785,-0.117865,0.395614,0.405774,-0.008642,0.001545,-0.265376,-0.081471,0.334885,0.103516,0.461017,0.082821,0.617324,0.580454,0.473288,-0.061334,0.194239,-0.081471,0.43211,-0.336164,0.107861,0.483167,0.011167,0.107861,0.146466,0.361644,0.138901,0.149224,0.424409,-0.129475,0.30439,0.178272,-0.252289,0.255011,-0.456511,-0.061334,-0.383124,0.0,-0.015338,-0.189376,0.211524,-0.405457,0.617324,0.012964,-0.365257,0.461017,0.461017,0.237314,0.424409,0.165028,0.355347,0.874869,-0.105867,-0.145439,-0.155572,-0.100141,-0.142059,0.042472,0.22898,0.182425,0.424409,0.577679,0.27503,0.082821,-0.171932,0.424409,0.035785,0.350672,0.341293,0.355347,-0.008642,0.014274,0.122443,-0.351887,-0.252289,-0.41057,0.281086,0.334885,-0.399786,0.131572,-0.242869,0.580454,-0.12316,-0.356947,-0.008642,-0.129475,0.241735,-0.061334,-0.105867,-0.204588,-0.105867,-0.222595,-0.404116,0.351919,0.291279,0.122443,-0.002695,-0.496949,0.062426,0.424409,-0.026053,0.424409,-0.630474,0.406879,-0.044599,0.012964,-0.347943,-0.456044,0.463564,0.43804,-0.222595,0.424409,-0.23823,0.116194,0.150863,-0.166772,0.275587,-0.063134,-0.044599,0.022327,0.370052,0.123035,0.128046,0.116194,0.232505,0.303384,#
16,-0.025783,0.351551,-0.610792,-0.096661,-0.00667,0.384684,0.510095,-0.166524,-0.110781,0.51175,0.87562,-0.198772,-0.325005,-0.096162,-0.248766,-0.056816,1.0,0.433622,0.274217,-0.323867,0.690856,0.63244,0.454686,-0.326798,0.20461,0.204883,-0.353217,-0.213687,-0.00667,0.635258,-0.530805,-0.603629,0.300379,0.063825,0.522655,0.204883,-0.407518,-0.328206,5.6e-05,0.005715,-0.326966,-0.326798,0.271165,-0.76227,-0.166524,0.394667,-0.099259,-0.186536,0.035202,0.306563,0.310195,-0.278869,0.141915,0.41639,0.644958,0.227235,0.190461,0.387113,0.282239,0.288528,0.182146,-0.284094,0.298848,0.285173,-0.461791,-0.096162,-0.249726,-0.096162,-0.166137,0.511832,-0.597541,-0.364491,0.0,-0.407621,0.042576,0.785026,0.030254,0.036291,-0.169188,0.030254,-0.610626,-0.179069,-0.761348,-0.32686,0.036339,-0.317491,-0.322212,-0.062609,0.12114,0.416098,-0.317491,-0.179069,-0.169188,0.036339,-0.32762,-0.32688,-0.26719,-0.32762,-0.610626,-0.17401,0.338822,0.248758,-0.592331,-0.407685,0.135874,-0.173464,0.183637,-0.262755,-0.499302,0.416098,-0.584849,0.0,-0.174287,-0.407621,-0.051912,-0.166524,-0.322212,-0.268025,0.529315,0.036339,0.036339,-0.057308,-0.592331,-0.067914,0.541291,0.042519,-0.169188,0.029651,0.581615,0.135874,0.205052,0.04891,-0.062696,0.414565,-0.592331,0.248758,-0.166524,-0.996097,-0.194604,-0.592331,-0.499302,-0.122279,0.582673,0.541291,-0.169188,-0.132366,0.259823,0.034715,0.183637,-0.326874,-0.373053,-0.761348,-0.499572,-0.326509,0.193886,-0.062609,-0.164813,0.6681,-0.169188,0.143773,0.384465,0.416098,-0.761348,0.438371,-0.169188,0.122041,-0.074789,0.051232,-0.407312,0.259823,0.506341,-0.270244,0.036339,-0.592331,0.014168,-0.592331,-0.407685,0.199438,0.014552,-0.268025,0.241859,0.001422,0.055866,0.360802,0.122041,-0.592331,-0.265921,-0.322212,0.430519,0.139881,-0.499495,0.376552,0.014552,-0.1568,0.441159,0.442405,0.241859,-0.322212,0.265214,-0.166524,#
17,0.192421,0.30248,-0.211004,-0.168735,0.139218,0.221203,0.12572,-0.49975,0.285687,0.158094,0.171559,-0.419292,-0.111515,0.283171,-0.132982,-0.093446,0.433622,1.0,0.278804,-0.258491,0.20878,-0.237907,0.32046,-0.598387,0.007676,0.046216,0.208986,0.081128,-0.237921,0.289329,-0.341045,-0.537399,0.020334,-0.25651,-0.184626,0.02683,-0.064223,-0.313393,-5.3e-05,0.208672,-0.112954,-0.212972,-0.269732,-0.514666,0.084753,-0.124828,0.382318,0.442579,-0.328054,0.296809,0.335484,0.1262,0.444257,0.784287,0.158469,0.123628,-0.0361,0.644827,0.798287,0.39865,0.489672,0.418443,0.186191,-0.265792,-0.094711,0.283171,-0.319767,0.372664,0.33023,0.095355,-0.309892,0.229501,0.0,-0.31068,-0.137148,0.063876,-0.20986,-0.198815,-0.044539,0.213245,-0.200077,0.063365,-0.537811,-0.107845,-0.238349,0.175199,-0.385881,0.372492,-0.26466,0.391209,-0.421983,-0.402556,-0.517768,-0.238349,-0.293239,-0.474422,0.328672,-0.293239,0.242111,-0.015564,-0.062666,-0.086918,-0.287421,-0.430228,0.055186,-0.098488,-0.108519,0.323216,-0.242098,-0.140835,-0.218789,0.0,-0.434601,-0.397547,0.28152,-0.49975,-0.385881,-0.369775,0.610305,-0.580717,-0.238349,-0.181349,-0.287421,0.008684,-0.096056,-0.227526,0.476569,0.413731,0.026671,0.055186,-0.275865,0.137512,-0.456357,0.11354,-0.287421,0.005087,0.230879,-0.444952,0.458032,-0.287421,-0.718958,-0.377315,0.160588,-0.096056,-0.044539,-0.067368,0.39914,0.342687,-0.108519,0.379283,-0.397031,-0.064582,-0.271794,-0.602353,0.48634,0.284932,0.174789,0.622467,-0.044539,0.514428,-0.440479,0.2848,-0.064582,0.317262,0.476569,0.557843,-0.247046,0.086902,-0.422385,-0.069723,0.325606,0.20011,-0.238349,-0.287421,-0.222663,-0.287421,0.055062,0.295166,0.690702,-0.369775,0.435808,-0.142838,-0.573638,-0.389863,0.557843,-0.287421,-0.160667,-0.385881,0.055083,0.14422,-0.055047,-0.158838,0.231,0.484596,0.143437,0.421858,0.435808,-0.385881,-0.032151,0.113978,#
18,0.092588,-0.26465,-0.460978,-0.54664,0.113777,0.18804,0.50958,0.256002,0.253914,-0.410328,0.292046,-0.290945,-0.234261,0.272079,0.100288,-0.539214,0.274217,0.278804,1.0,-0.207069,0.443171,0.415945,0.183799,-0.239882,-0.092803,0.278677,0.420979,0.224261,0.113777,0.290597,-0.235608,-0.379789,0.277282,-0.165245,0.012899,0.502646,0.072346,0.245599,6.3e-05,-0.553114,0.390932,-0.06246,-0.25994,-0.288869,0.256002,-0.545589,0.249232,0.313985,0.353394,-0.281287,-0.158688,-0.380297,-0.138881,-0.191072,0.308169,-0.298193,0.59025,0.317489,0.446422,0.192627,-0.242988,-0.21159,-0.250408,-0.253267,0.456917,0.272079,0.38391,0.144956,0.215529,0.714056,-0.286306,-0.354006,0.0,-0.295178,0.392479,0.305419,0.003771,-0.621633,-0.404646,-0.016263,-0.407416,0.043863,-0.382239,-0.339521,-0.01931,0.297263,-0.369861,-0.504097,-0.242131,0.225246,-0.273699,0.176229,-0.382239,-0.039574,0.23787,-0.212438,-0.174093,0.23787,-0.407416,-0.48685,0.268562,-0.212438,-0.275377,-0.198113,-0.171784,-0.520429,0.601327,-0.409399,0.515506,0.099286,0.332528,0.0,0.152333,-0.171784,0.16152,0.048433,-0.369861,0.219375,0.149975,-0.140892,-0.01931,-0.512103,-0.275377,-0.111259,0.129944,-0.529507,0.093582,0.586652,0.516834,-0.068955,-0.077214,0.129247,-0.011478,-0.40676,-0.275377,-0.343129,0.048433,-0.273699,0.42315,-0.275377,-0.042939,-0.192157,-0.175948,0.129944,-0.404646,-0.394146,0.251778,0.327353,0.601327,0.36278,0.02273,-0.270203,0.498165,-0.809453,-0.241454,-0.483367,0.326477,0.18231,-0.404646,0.370204,-0.114434,0.250438,-0.404646,0.309601,0.093582,-0.001948,-0.019455,-0.119944,-0.727713,0.38498,-0.000253,0.335209,0.082008,-0.275377,-0.501981,-0.275377,0.370204,-0.494097,0.028568,0.219375,-0.056564,0.531438,-0.131301,-0.338688,-0.001948,-0.275377,0.192273,-0.242478,-0.060299,-0.401217,0.020883,0.395923,0.159168,-0.154111,0.191871,0.619725,-0.177556,-0.242478,0.083027,-0.643464,#
19,-0.267023,0.183843,0.490794,0.505645,0.148728,-0.121403,-0.397338,-0.216096,0.016195,0.123375,-0.006395,0.307255,0.057201,0.038601,0.252761,-0.356461,-0.323867,-0.258491,-0.207069,1.0,-0.52479,-0.026272,0.038601,0.524511,-0.424303,0.109711,0.315112,-0.032049,-0.267488,-0.216096,0.037111,0.105063,-0.420982,0.189446,0.207865,-0.424294,0.271631,-0.213896,2.9e-05,-0.219953,-0.007666,0.423238,-0.234279,0.41509,0.428968,0.171067,0.032707,-0.237521,-0.154353,0.172193,-0.453603,0.196568,0.263697,-0.168888,-0.512167,0.118832,-0.494272,-0.240908,-0.312612,-0.769921,0.208163,0.007474,0.277835,-0.123092,0.368817,0.038601,0.150131,-0.356461,0.099857,-0.067868,0.154638,0.211645,0.0,-0.030452,-0.150908,-0.474109,-0.274233,0.216529,0.385858,-0.274233,0.491334,-0.042829,0.385858,0.560908,-0.269934,0.281789,0.270216,-0.410177,0.173605,-0.323979,0.281789,-0.042829,0.385858,0.22126,-0.207457,-0.424189,0.348612,-0.207457,-0.01619,0.374349,-0.805166,-0.018038,0.147903,0.365859,-0.145494,0.118265,-0.487951,0.05413,0.231423,0.286677,0.398852,0.0,-0.035018,0.35302,-0.008585,0.622487,0.270216,-0.131895,0.121067,-0.156582,-0.269934,0.491334,0.147903,-0.294835,-0.625544,-0.269742,0.385858,0.223109,-0.306335,-0.145494,0.161597,0.121067,-0.290071,0.138564,0.147903,-0.424189,-0.216096,0.281789,-0.193904,0.147903,0.231423,0.466399,-0.527051,-0.625544,0.385858,0.323029,-0.010227,-0.045322,-0.487951,-0.010227,-0.409497,-0.157292,0.241899,0.541011,0.147903,-0.023647,-0.11392,0.044853,0.385858,-0.139958,-0.008961,0.145756,0.385858,-0.008585,0.385858,-0.17486,0.240901,-0.295482,0.374032,-0.010227,-0.647712,0.46229,-0.269934,0.147903,0.214862,0.147903,0.365859,-0.371531,-0.306936,-0.131895,-0.048364,-0.165321,-0.177222,-0.063072,-0.17486,0.147903,-0.33842,0.270216,-0.303414,-0.162646,0.239939,-0.362174,-0.306936,-0.108122,-0.161138,-0.411979,-0.048364,0.270216,-0.554771,0.461221,#
20,-0.377535,0.143349,-0.989719,-0.554599,0.037861,0.223057,0.733713,0.40475,-0.130044,0.07783,0.530451,-0.267916,0.249324,0.18161,0.050841,0.18161,0.690856,0.20878,0.443171,-0.52479,1.0,0.656792,0.647828,-0.529539,-0.045298,0.327846,-0.130514,0.095759,0.037861,0.460965,-0.311615,-0.154702,0.7666,-0.328846,0.088087,0.384525,-0.226782,-0.108477,-5.1e-05,-0.065044,0.2864,-0.070605,0.459008,-0.424738,-0.269833,-0.094403,0.172718,0.148185,0.350475,-0.451906,0.096862,-0.554423,-0.195402,-0.01571,0.783811,0.291498,0.256058,0.275,0.418634,0.330279,-0.386891,-0.509011,-0.477524,0.355507,-0.277549,0.18161,0.111081,0.18161,0.075791,0.683163,-0.402609,-0.57109,0.0,-0.306663,0.04939,0.742023,0.374564,-0.006964,-0.732497,-0.016086,-0.629214,-0.361858,-0.411226,-0.52964,0.039513,-0.097197,-0.108123,-0.168821,0.256006,0.158928,-0.539003,0.068323,-0.295569,-0.355619,-0.119156,0.269833,-0.51659,-0.119156,-0.629214,-0.354153,0.439922,-0.042474,-0.408566,-0.660607,-0.20051,-0.223425,0.29146,-0.508015,-0.056446,0.158928,-0.149634,0.0,-0.303678,-0.306663,-0.104339,-0.269833,-0.108123,-0.025943,0.093122,0.039513,0.039513,-0.521143,-0.408566,-0.176861,0.674066,0.049324,-0.346972,0.206382,0.486421,-0.20051,-0.262049,0.05944,-0.121433,-0.173331,-0.408566,-0.042474,-0.269833,-0.671544,0.12117,-0.408566,-0.409235,-0.220253,0.20687,0.674066,-0.732497,-0.692603,-0.033104,0.312435,0.29146,-0.147694,-0.054317,-0.411226,-0.40475,-0.529071,-0.353442,-0.168821,0.375458,0.226299,-0.732497,-0.193874,0.179118,0.158928,-0.848154,0.342538,-0.346972,0.166855,-0.065204,0.234156,-0.660003,0.399793,0.401512,-0.220466,0.039513,-0.408566,-0.006457,-0.408566,-0.301582,-0.243422,-0.006632,-0.025943,-0.010322,0.387503,0.069015,0.206791,0.166855,-0.408566,-0.209609,-0.108123,0.275667,-0.155518,-0.275238,0.686429,0.417807,-0.412313,0.635939,0.688421,-0.010322,-0.108123,0.376652,-0.269833,#
