0,1.0,0.206079,-0.583856,-0.202261,0.813591,0.61212,-0.208863,0.350174,-0.602041,0.203437,-0.199456,0.411583,0.516154,0.180723,0.222326,0.22295,0.32836,-0.389896,-0.404796,-0.172977,-0.180474,0.422266,0.406432,0.034284,0.217187,-0.192852,-0.379368,-0.654922,0.378653,-0.410926,0.1029,-0.375276,0.217399,-0.496393,-0.713097,0.206079,-0.043873,-0.051384,0.041712,-0.333261,-0.003676,-0.119468,-0.194737,0.11424,0.0,0.079711,-0.105712,0.530798,-0.564139,0.004748,0.416442,-0.373695,-0.003676,-0.450235,0.34416,0.457914,-0.124244,0.021973,0.462053,0.449302,0.563725,0.326753,-0.573549,-0.474086,0.163709,0.424757,-0.301324,0.282674,-0.075911,-0.188343,-0.619412,0.1029,0.0,0.014358,-0.806922,0.495533,-0.382273,-0.223136,-0.593329,0.209221,-0.018889,-0.405996,0.005738,0.104948,-0.008983,-0.44642,-0.006805,-0.382273,-0.191886,-0.513563,-0.204612,-0.248595,-0.204612,0.002335,-0.014649,-0.175971,-0.362914,-0.014649,0.285878,0.814845,0.350174,-0.005994,-0.439101,-0.405996,0.005112,-0.223136,-0.01569,0.005408,-0.201116,-0.815892,0.194318,-0.333261,-0.27704,-0.411161,-0.223136,-0.201116,-0.577068,0.002335,0.478097,-0.241801,-0.41374,-0.399314,0.478097,-0.388652,-0.4323,0.002335,-0.032794,-0.427411,0.640373,0.202975,-0.439101,0.412685,-0.223136,-0.018286,-0.67341,-0.246452,-0.003676,-0.611479,0.475043,-0.405996,-0.398519,-0.332155,-0.213098,0.399455,0.00257,0.589379,0.005738,0.195165,-0.405996,-0.499892,0.002335,-0.112592,-0.607099,0.005738,0.21364,-0.158478,0.026204,0.242778,-0.34046,-0.499892,0.080098,-0.654167,-0.333261,0.114641,0.285878,0.428043,-0.221379,-0.305578,-0.499892,-0.629317,0.005828,0.038102,-0.005998,0.478097,0.210375,-0.530547,-0.228873,-0.087367,0.391143,0.11705,-0.072234,-0.585385,-0.159085,0.219051,0.403798,-0.43006,0.424493,-0.014649,-0.42181,0.007329,0.307351,0.030509,0.415837,0.020978,0.014092,-0.051397,0.238732,-0.238074,0.100178,0.189443,#
1,0.206079,1.0,0.218377,-0.252361,0.072181,0.209367,0.209367,0.218533,0.229885,0.216032,-0.428365,0.542971,0.329854,0.344521,0.511596,-0.428365,0.518497,0.582959,0.197924,-0.193584,-0.198292,-0.109103,-0.185159,-0.096161,0.046971,-0.2225,0.125182,0.198128,-0.51293,-0.066536,-0.167343,0.117107,0.52396,-0.324957,-0.137111,0.511596,0.474473,-0.317228,-0.046851,-0.218165,0.225249,0.296178,0.445458,-0.012615,0.0,-0.527379,-0.269094,0.12672,0.367747,0.337849,0.077841,-0.675598,0.225249,-0.7129,0.235882,-0.388391,-0.728076,-0.801253,-0.321075,0.171057,0.365001,0.517043,-0.148637,-0.219079,-0.086371,0.272076,-0.053998,-0.007809,0.193275,0.340567,0.005758,-0.167343,0.0,-0.358823,-0.337246,0.332302,0.203773,-0.520316,-0.202297,-0.222483,0.074879,-0.358823,-0.089773,-0.298387,-0.400272,0.084061,-0.35415,0.203773,-0.217521,-0.187297,-0.428242,0.40483,-0.428242,-0.187297,-0.270759,-0.091527,0.176544,0.303652,0.189696,0.349669,0.218533,-0.125966,-0.388494,-0.358823,-0.349975,-0.015113,-0.083162,-0.07689,-0.222483,-0.534113,0.428151,0.518497,-0.163568,-0.083282,-0.015113,-0.222483,-0.263407,-0.761708,0.314914,-0.298059,0.10053,-0.534031,-0.262819,0.047356,-0.161421,-0.761708,0.172377,-0.063816,0.507683,0.508307,0.092881,-0.083162,-0.520316,0.253185,-0.068167,0.007952,0.225249,-0.186241,0.425664,-0.358823,-0.341664,-0.280288,-0.42825,-0.2816,-0.362998,0.478887,-0.089773,0.195356,-0.358823,-0.327248,-0.761708,-0.693073,0.244785,-0.089773,-0.653261,-0.651795,0.245685,0.572188,-0.472515,-0.327248,0.152451,-0.428242,0.518497,0.48511,0.189696,0.343986,0.05379,0.502876,-0.327248,0.203022,0.039563,0.165553,-0.096106,-0.262819,0.625609,0.303652,0.18724,0.680077,0.505643,-0.681569,0.25905,0.212368,-0.038545,0.009851,0.048469,-0.128302,-0.082473,0.303652,-0.77858,0.298879,0.203773,0.198762,0.326343,0.320533,-0.330096,0.151702,0.397076,-0.088519,0.376753,0.488999,#
2,-0.583856,0.218377,1.0,0.583996,-0.810398,-0.212437,0.180741,-0.381498,0.594398,0.189301,-0.242473,-0.015297,-0.524589,0.277085,0.218377,-0.242473,-0.333053,0.801029,0.507586,0.162854,0.168038,0.005702,-0.058214,0.396898,0.247631,0.19658,0.770199,0.972232,-0.384292,0.400767,0.019042,0.486378,0.229853,0.486592,0.591467,0.218377,0.364269,-0.394691,-0.056504,0.312399,0.003873,0.495225,0.214235,-0.099402,0.0,-0.398073,0.087355,-0.161338,0.628811,-0.024708,-0.422757,-0.062667,0.003873,0.025122,-0.348355,-0.551171,-0.265774,-0.43815,-0.468249,-0.756263,-0.567831,-0.358103,0.02785,0.461036,-0.146854,-0.455045,0.183453,0.390537,-0.089175,0.320717,0.141667,0.019042,0.0,-0.029708,0.365071,-0.483748,0.305587,-0.235097,0.174841,-0.227108,0.427399,-0.029708,-0.021161,-0.107679,-0.038767,0.401727,-0.424371,0.305587,0.179669,-0.023711,0.207784,0.183423,0.191216,-0.023711,-0.043842,0.147314,0.264079,0.459448,-0.37168,-0.40034,-0.381498,0.407504,0.41062,-0.029708,-0.006315,0.207554,-0.404161,-0.036412,-0.211985,0.383736,0.228815,0.312399,-0.287749,0.401581,0.207554,-0.227108,0.132036,-0.527,-0.020585,0.147697,-0.033845,-0.032502,-0.526786,-0.06834,-0.095411,-0.527,-0.007501,0.288376,-0.246811,0.214869,0.832393,-0.404161,-0.235097,-0.082362,0.614433,0.197626,0.003873,0.602854,0.211589,-0.029708,-0.045064,-0.114331,-0.23112,-0.537506,-0.43998,-0.161114,-0.021161,-0.210856,-0.029708,0.487962,-0.527,-0.415761,0.584733,-0.021161,-0.202619,-0.192836,-0.135031,0.219872,-0.37468,0.487962,0.324079,0.191216,0.312399,0.292722,-0.346457,-0.460408,0.207893,0.205967,0.487962,0.574956,-0.058632,-0.047986,-0.416205,-0.507663,-0.250374,0.459448,0.184269,0.563383,0.024825,-0.639955,0.019903,0.119681,-0.327001,-0.246475,-0.04637,0.400902,-0.456909,0.459448,0.046461,-0.058707,0.305587,-0.06367,-0.034293,0.354875,-0.52615,0.52177,-0.282138,0.189848,0.339976,-0.151142,#
3,-0.202261,-0.252361,0.583996,1.0,-0.413647,-0.230455,-0.230455,-0.337873,0.13339,0.163834,-0.218971,-0.040896,-0.555064,-0.230524,-0.252361,0.249823,-0.332592,0.33903,-0.014601,0.599866,0.609152,-0.028543,-0.11643,0.382392,0.665675,0.613522,0.299087,0.501341,0.276584,-0.028257,0.512,0.439825,0.19269,0.5188,0.12218,-0.252361,-0.098451,0.089034,-0.461063,0.348305,-0.027498,-0.046667,-0.287905,-0.107687,0.0,0.089867,0.141979,-0.0151,0.058155,-0.048279,-0.002373,-0.03612,-0.027498,0.05655,-0.383424,-0.058703,0.036213,0.028854,-0.000517,-0.708554,-0.567556,-0.383084,0.07831,-0.078881,0.089926,-0.269174,0.155335,0.574384,-0.54571,-0.407126,0.182727,-0.034736,0.0,0.422617,0.406925,-0.535634,0.312699,0.253435,0.194833,0.239208,0.390272,0.422617,0.458743,0.383848,0.399879,-0.025774,0.057711,0.312699,0.626172,0.028815,0.187433,0.214936,0.70149,0.028815,0.464448,0.267644,0.271166,0.464448,-0.374001,0.03079,-0.337873,0.806726,0.373916,0.422617,0.454608,0.253435,-0.397146,0.02375,0.208529,0.386266,-0.278737,-0.332592,-0.235181,0.404133,0.253435,0.239208,0.267399,0.028815,-0.022706,0.593319,0.002289,0.440489,0.016088,0.070072,-0.04839,0.028815,-0.055108,-0.216835,-0.304448,0.196361,0.373916,0.028637,0.253435,-0.00342,0.618496,0.179518,0.011785,0.196141,0.186475,0.422617,0.021585,-0.054642,0.247237,0.014953,0.002289,-0.271933,0.458743,-0.64058,0.422617,0.522457,0.028815,-0.101993,0.182428,0.458743,0.222302,0.236103,-0.149812,0.046821,-0.304762,0.522457,-0.163972,0.221045,-0.332592,-0.20498,-0.374001,-0.828711,0.238306,-0.321145,0.522457,0.129296,-0.443634,-0.082396,0.004579,-0.022706,-0.657414,0.464448,0.173989,0.029492,-0.457429,-0.091284,-0.401786,-0.255515,-0.656841,-0.285992,-0.02428,0.224094,-0.060757,0.464448,0.454573,-0.465846,0.312699,-0.523559,-0.034785,-0.095544,-0.522521,0.484151,-0.749613,0.636581,0.359502,-0.262279,#
4,0.813591,0.072181,-0.810398,-0.413647,1.0,0.412722,-0.004319,0.434767,-0.40173,0.005282,0.106426,0.177806,0.636569,-0.13225,0.072181,0.106426,0.276483,-0.650692,-0.315208,-0.367668,-0.376463,0.250329,0.237825,-0.151985,0.08279,0.011877,-0.641902,-0.87546,0.469685,-0.580163,0.121379,-0.273745,0.083675,-0.607928,-0.588505,0.072181,-0.302881,0.157323,-0.126782,-0.408142,-0.098744,-0.523748,-0.078057,-0.047586,0.0,0.236622,-0.494468,0.149776,-0.522006,0.129088,0.591553,-0.343356,-0.098744,-0.440489,0.415761,0.611471,0.085972,0.199068,0.584235,0.618227,0.682594,0.276138,-0.439013,-0.38336,0.387509,0.590476,0.046833,-0.283454,0.14885,-0.236695,-0.465054,0.121379,0.0,-0.217484,-0.636512,0.602593,-0.294284,-0.066214,-0.383907,0.026765,-0.282225,-0.217484,-0.149018,-0.128912,0.178202,-0.280902,0.185143,-0.294284,-0.388337,-0.393532,-0.335967,-0.096967,-0.335967,-0.393532,0.122052,-0.470715,-0.259381,-0.411783,0.392695,0.65909,0.434767,-0.176171,-0.269092,-0.217484,-0.241525,-0.53573,0.257626,-0.149365,0.026765,-0.561971,-0.119766,-0.408142,-0.042227,-0.580494,-0.53573,0.026765,-0.353086,0.140303,0.080882,-0.014933,-0.22966,-0.137198,0.617806,-0.191722,-0.315675,0.140303,0.395284,-0.254777,0.373155,0.069258,-0.716464,0.257626,-0.066214,0.273616,-0.536552,0.078457,-0.098744,-0.836657,-0.096766,-0.217484,-0.217948,-0.130629,0.111666,0.550183,0.201125,0.289388,-0.149018,0.397888,-0.217484,-0.612213,0.140303,0.044938,-0.817985,-0.149018,0.017419,0.007867,0.154019,0.009137,-0.235252,-0.612213,-0.169979,-0.335967,-0.408142,-0.186015,0.392695,0.290762,-0.353383,-0.003353,-0.612213,-0.426319,0.18384,0.173264,0.269792,0.617806,0.434346,-0.411783,-0.006961,-0.208108,0.118645,0.279885,0.188794,-0.358615,0.188178,0.545445,0.175177,-0.711047,0.298186,-0.411783,-0.286914,0.275142,-0.294284,-0.061154,0.262574,-0.13483,0.42988,-0.165307,0.400355,-0.082266,-0.268554,0.284955,#
5,0.61212,0.209367,-0.212437,-0.230455,0.412722,1.0,0.175409,0.325226,-0.608374,-0.199409,0.209367,0.011615,0.022055,0.185108,0.209367,0.209367,0.343624,-0.059083,-0.416633,-0.247703,-0.193087,0.419592,0.40524,0.407846,-0.217527,-0.221757,-0.049602,-0.363237,0.353531,-0.401493,-0.005729,-0.029619,0.220729,-0.063195,-0.300306,0.209367,-0.044882,-0.058066,0.377918,0.317592,0.00781,0.377969,-0.197931,0.118635,0.0,0.049522,-0.124057,0.512773,-0.080043,-0.484645,0.39162,-0.47523,0.00781,-0.472673,0.319818,-0.057641,-0.255979,0.003601,-0.035103,0.162983,0.455607,0.31803,-0.581463,0.002765,-0.115994,0.39746,-0.306859,0.24789,0.492503,0.451498,-0.679188,0.517617,0.0,0.003492,-0.836296,0.011886,-0.434444,-0.250932,-0.99886,0.198585,0.385077,-0.426528,-0.014963,0.077635,-0.035051,-0.060403,-0.032808,-0.434444,-0.212199,-0.545128,-0.194177,-0.277072,-0.236432,-0.017367,-0.03541,-0.187739,-0.390309,-0.03541,0.249841,0.372667,0.325226,-0.440472,-0.048953,-0.426528,-0.021162,-0.250932,-0.011611,-0.014183,-0.602391,-0.423217,0.202635,-0.333211,-0.528087,-0.003188,-0.250932,-0.221188,-0.606638,-0.017367,0.450738,-0.27699,-0.434073,-0.428759,0.450738,-0.40952,-0.507351,-0.017367,-0.040339,0.020721,0.562118,0.640755,-0.048953,-0.011611,-0.250932,-0.468159,-0.711655,0.172342,0.00781,-0.226626,0.343364,-0.426528,-0.418134,-0.55816,-0.654082,0.377969,-0.00819,0.178233,-0.014963,0.192779,-0.426528,-0.011715,-0.017367,0.099106,-0.212199,-0.014963,-0.196504,-0.567294,-0.352882,-0.077942,-0.366455,-0.011715,0.297042,-0.236432,-0.333211,0.555849,-0.385983,0.416333,0.21473,-0.310991,-0.011715,-0.249981,0.378075,-0.626983,-0.413283,-0.031304,0.183145,-0.563171,0.164235,-0.128571,0.371079,0.097461,-0.095038,-0.196638,-0.19321,0.179056,0.395244,-0.237209,0.02707,-0.03541,-0.457792,-0.014574,0.271038,-0.007479,-0.015482,-0.001875,-0.022698,-0.058608,0.219395,-0.266801,0.079537,-0.209154,#
6,-0.208863,0.209367,0.180741,-0.230455,-0.004319,0.175409,1.0,0.325226,0.235238,0.215873,0.209367,0.011615,0.022055,-0.136939,0.209367,0.209367,-0.333211,-0.042844,0.061471,-0.667372,-0.611712,-0.002875,-0.043111,-0.027155,-0.217527,0.190784,0.385657,0.090635,-0.33559,0.028088,-0.629719,-0.063693,-0.233911,-0.063195,0.159202,0.658107,-0.47644,-0.058066,0.394377,0.317592,-0.499817,-0.152886,-0.197931,-0.785447,0.0,-0.074967,-0.495752,-0.16227,0.04166,0.031943,-0.028062,-0.026811,-0.499817,-0.037577,0.319818,-0.469359,0.263979,0.003601,-0.493354,0.162983,0.455607,-0.329588,-0.061442,0.521919,0.1014,0.344897,0.182489,-0.427985,0.632909,0.346826,-0.220686,-0.106372,0.0,-0.402638,0.01547,0.011886,-0.316864,-0.637744,-0.168841,-0.197867,-0.434765,-0.402638,-0.423217,-0.757085,0.394374,0.425815,-0.394247,-0.316864,-0.613361,-0.457167,-0.194177,0.208639,-0.236432,-0.457167,-0.00609,-0.239612,0.346179,-0.00609,0.366534,-0.428106,0.325226,-0.440472,0.000189,-0.402638,-0.824575,-0.637744,-0.376799,0.405922,-0.57907,0.009052,-0.187047,0.343624,0.285958,-0.417664,-0.637744,-0.197867,0.178423,-0.457167,0.008393,0.154826,0.01547,-0.002731,0.008393,-0.021102,-0.507351,-0.457167,0.495989,0.645348,0.236978,0.189059,0.000189,-0.815024,-0.637744,0.365203,0.208639,0.640728,-0.499817,-0.178915,-0.32526,-0.402638,0.425707,-0.064381,-0.202858,-0.152886,0.01547,-0.163765,-0.423217,0.604067,-0.402638,-0.011715,-0.457167,-0.345164,-0.188601,-0.423217,-0.57356,-0.210448,-0.026372,0.07863,-0.250168,-0.011715,0.347553,0.22346,0.343624,0.318757,-0.26929,0.026396,-0.228363,0.649255,-0.011715,0.598394,0.819462,-0.215881,-0.389615,-0.473649,0.20911,-0.00609,0.18809,0.418317,-0.066673,-0.339434,0.770081,0.224151,0.214727,0.23576,0.421499,0.004335,-0.372824,-0.00609,-0.457792,0.815933,-0.316864,0.024931,0.011354,0.431339,0.040084,-0.058608,0.24755,-0.241014,0.108664,-0.209154,#
7,0.350174,0.218533,-0.381498,-0.337873,0.434767,0.325226,0.325226,1.0,-0.321643,-0.286277,0.218533,-0.212831,-0.06881,-0.206776,0.218533,0.218533,0.12533,-0.319557,-0.336133,-0.371545,-0.317264,0.25502,-0.404646,0.228722,0.189157,0.298923,-0.281524,-0.455458,-0.059064,-0.406349,-0.224663,-0.334408,0.190256,0.122307,-0.275331,0.218533,-0.308845,0.400805,0.282698,0.082113,-0.654741,-0.247306,-0.215334,-0.144884,0.0,0.275711,-0.166002,-0.209453,-0.202952,-0.104537,0.408764,-0.202248,-0.654741,-0.174646,-0.075395,-0.214387,0.303781,0.408764,-0.173245,0.782742,0.682248,0.086673,-0.19139,-0.140628,-0.284182,0.283437,0.19035,-0.17038,0.088008,0.083043,-0.24132,-0.224663,0.0,-0.266033,-0.259093,-0.115068,-0.113617,-0.210762,-0.300029,0.325064,-0.320436,-0.266033,0.254698,0.00743,0.383265,0.381555,0.40726,-0.113617,-0.341433,-0.141909,-0.502793,0.491156,0.190546,-0.141909,-0.171863,-0.216782,-0.098013,-0.171863,-0.063334,0.280261,1.0,-0.431848,-0.312371,-0.266033,-0.280126,-0.210762,0.280126,0.281508,-0.307791,-0.423065,-0.215478,0.12533,0.117813,-0.434027,-0.210762,0.325064,0.322792,-0.141909,-0.146306,0.299619,-0.23341,0.255403,0.653955,0.40581,-0.177773,-0.141909,0.157149,-0.309472,0.599988,0.190016,-0.312371,-0.380548,-0.210762,0.281377,-0.230316,0.190909,0.155582,-0.349576,0.055672,-0.266033,0.409195,0.397892,0.218807,0.633993,-0.23341,-0.167056,0.254698,0.351205,-0.266033,0.123169,-0.141909,-0.187225,-0.341433,0.254698,-0.315392,-0.322792,0.007123,-0.366618,-0.058412,0.123169,-0.31349,0.190546,0.12533,-0.247771,-0.063334,0.322515,0.189558,0.219628,0.123169,-0.339468,0.419767,-0.201422,-0.361191,-0.146306,0.369368,-0.171863,0.29931,0.213666,-0.209261,-0.16924,0.329193,-0.277582,0.258987,0.240595,0.419616,-0.288926,-0.333133,-0.171863,-0.207393,0.29713,-0.113617,0.210051,0.297296,-0.369281,0.209258,0.122454,-0.138968,-0.237107,0.172959,-0.219864,#
8,-0.602041,0.229885,0.594398,0.13339,-0.40173,-0.608374,0.235238,-0.321643,1.0,0.181949,-0.19457,-0.022679,-0.007392,0.247811,0.229885,-0.65366,-0.332907,0.44727,0.849598,-0.199749,-0.252787,-0.031968,-0.092621,-0.024029,0.206195,0.203561,0.420878,0.652577,-0.402047,0.392402,-0.024553,0.448493,0.189216,0.030807,0.615479,0.229885,0.340304,-0.367175,-0.354902,-0.332907,-0.019974,-0.020053,0.638361,-0.131835,0.0,-0.477251,-0.414801,-0.659487,0.587032,0.471432,-0.396334,-0.0393,-0.019974,-0.032295,-0.291123,-0.067637,-0.117643,-0.412213,-0.010894,-0.410907,-0.411431,-0.330259,0.072436,0.483595,0.301729,-0.394529,0.64582,-0.311159,-0.029005,0.220865,0.228095,-0.024553,0.0,-0.454979,0.409173,0.020511,0.350082,-0.219176,0.591512,-0.623535,-0.033237,-0.015041,-0.429483,-0.548414,-0.02253,0.448647,-0.390162,0.350082,-0.240492,0.03115,0.166887,0.232866,-0.243293,-0.508785,-0.047302,-0.287289,0.308102,-0.047302,-0.296164,-0.418484,-0.321643,0.350619,0.407525,-0.015041,-0.439711,-0.219176,0.024907,-0.385254,0.180316,0.398299,0.200869,0.35954,0.021354,-0.032618,-0.219176,-0.194081,0.190495,-0.508785,-0.506505,0.166138,0.029326,0.000931,-0.506505,-0.008597,0.002929,-0.508785,0.519389,0.336031,-0.537342,-0.23524,0.407525,-0.423426,-0.219176,0.393004,0.643273,0.236011,-0.019974,0.207917,-0.356757,-0.015041,0.017524,0.139893,0.210595,-0.521376,-0.40638,-0.164851,-0.429483,0.221177,-0.015041,-0.019974,-0.508785,-0.397411,0.194065,-0.429483,-0.240168,0.13433,0.332436,0.20903,-0.302001,-0.019974,0.10037,0.227207,0.35954,-0.141494,0.328306,-0.404558,-0.235374,0.679636,-0.019974,0.620357,0.008173,0.60769,0.000931,-0.033071,0.212503,0.492632,0.200407,0.603214,0.038469,-0.610863,0.494131,0.18679,0.20638,0.229261,-0.408596,-0.043298,-0.446358,-0.047302,0.055612,0.403897,-0.371673,0.005739,0.004752,0.37502,0.022234,0.474683,0.199972,0.186705,-0.152429,0.256306,#
9,0.203437,0.216032,0.189301,0.163834,0.005282,-0.199409,0.215873,-0.286277,0.181949,1.0,-0.653848,0.808799,0.479148,0.273089,0.216032,0.250132,-0.333003,0.028686,0.122972,-0.179776,-0.217191,0.003525,0.347718,-0.409829,0.226598,-0.183536,0.44497,0.222039,-0.36482,0.419855,-0.440269,-0.365522,-0.230457,-0.496009,-0.290662,0.668023,-0.069148,-0.453268,0.068862,-0.333003,-0.027532,-0.138858,-0.221637,-0.554208,0.0,-0.357157,0.017359,0.382871,-0.43211,0.491235,-0.409465,0.169138,-0.027532,0.07654,0.343752,0.040114,0.021151,-0.377573,-0.001997,-0.111399,0.09293,-0.280192,-0.046496,-0.019416,0.336569,0.073613,-0.304001,0.247277,-0.222742,-0.328557,-0.164683,-0.440269,0.0,0.021472,0.009624,0.495043,-0.321588,-0.647359,0.20222,-0.152592,-0.444651,-0.411663,-0.379859,-0.49956,0.014048,-0.402529,-0.784219,-0.321588,-0.197646,-0.464114,0.2134,-0.198762,-0.190436,0.06747,-0.009768,0.223765,0.346585,0.521816,0.366929,0.028889,-0.286277,0.38896,-0.451863,-0.411663,-0.395562,-0.179822,-0.814514,0.454161,-0.206799,-0.43568,0.234195,0.348736,0.29013,-0.430324,-0.179822,-0.575405,-0.204138,-0.464114,0.539343,-0.231227,0.009624,-0.386019,-0.461429,-0.411358,-0.443543,-0.464114,-0.036707,0.170068,0.268295,-0.241895,-0.006378,0.011695,-0.647359,0.374208,0.205298,-0.2497,-0.499505,-0.188066,0.348338,-0.411663,0.052486,-0.270868,-0.19918,-0.632428,0.009624,0.675041,-0.379859,0.202036,-0.411663,-0.499505,-0.464114,-0.590914,-0.197646,-0.379859,0.229881,0.243768,0.260044,0.863135,-0.254082,-0.499505,0.538314,-0.65366,0.348736,0.315249,0.366929,0.033335,-0.654005,0.212613,-0.499505,0.1678,0.014484,0.440942,-0.01192,0.004684,-0.19956,-0.009768,-0.627966,0.426776,0.351495,-0.346406,0.347612,-0.23036,-0.24789,-0.213853,0.424247,0.26804,0.405992,0.521816,-0.465687,0.410319,0.389004,0.029506,0.423649,0.818998,-0.461146,-0.055122,0.200588,-0.247755,0.416365,0.228469,#
10,-0.199456,-0.428365,-0.242473,-0.218971,0.106426,0.209367,0.209367,0.218533,-0.19457,-0.653848,1.0,-0.800693,-0.187483,-0.474091,0.060039,0.023192,-0.218165,-0.438715,-0.006505,-0.295612,-0.232667,-0.074413,-0.040064,0.359782,-0.42837,0.209237,-0.451126,-0.314862,0.237104,-0.534088,0.187397,-0.026959,-0.428362,0.146451,0.478427,-0.428365,-0.32041,0.119625,0.296952,0.490164,-0.327248,-0.148267,-0.017347,-0.031909,0.0,0.751612,-0.13338,-0.154095,0.214059,-0.744233,0.534619,0.216041,-0.327248,0.235039,0.209812,-0.10229,0.392878,0.534619,-0.155622,0.171057,0.247233,-0.244207,-0.192174,0.345964,-0.366828,0.329285,0.10988,-0.33148,0.59491,0.142296,-0.081983,0.187397,0.0,-0.375824,0.083693,-0.193739,0.202132,0.415605,-0.202297,-0.239079,0.073839,0.092206,-0.106863,0.124098,0.092079,0.532859,0.520382,0.202132,-0.234314,0.302425,-0.428242,-0.041414,0.026311,-0.271986,-0.208163,-0.533419,-0.5001,-0.782573,0.188068,-0.123819,0.218533,-0.533625,0.546484,0.092206,0.056665,-0.089598,0.3673,-0.118902,-0.197101,0.363615,-0.544079,-0.218165,-0.174928,-0.100633,-0.089598,0.217797,0.237514,0.302425,-0.264054,0.247245,0.083693,0.350736,0.313679,0.109346,0.306015,0.302425,0.257193,0.44116,-0.108205,0.044491,0.065109,-0.10966,0.415605,-0.034357,-0.041414,0.544971,-0.327248,0.186241,-0.500227,0.092206,0.075358,0.382192,0.062858,0.429512,0.083693,-0.526847,-0.106863,0.241268,0.092206,0.203999,0.302425,0.381872,-0.234314,-0.106863,-0.242876,-0.263407,-0.686026,-0.771437,0.174921,0.203999,-0.087538,0.526853,-0.218165,-0.204123,-0.503957,-0.080419,0.035242,0.061739,0.203999,0.227684,0.547136,-0.492987,-0.070345,-0.210971,0.246288,-0.208163,0.238169,-0.377312,-0.428923,0.375534,-0.106495,0.252001,0.595734,0.552247,0.104522,-0.439507,-0.517713,-0.782573,0.436943,-0.05204,-0.565708,0.234038,-0.065718,-0.51707,0.763215,-0.325349,-0.014261,-0.033464,-0.702297,-0.081236,#
11,0.411583,0.542971,-0.015297,-0.040896,0.177806,0.011615,0.011615,-0.212831,-0.022679,0.808799,-0.800693,1.0,0.598396,0.29591,0.083529,0.118191,0.285187,0.208716,-0.124999,0.040362,0.000127,-0.166107,0.185723,-0.586171,0.094267,-0.394373,0.212981,0.023092,-0.286711,0.257129,-0.319753,-0.221533,0.095163,-0.607405,-0.607844,0.542971,0.120591,-0.266637,-0.098515,-0.407791,0.387802,0.002342,-0.089458,-0.254797,0.0,-0.530561,-0.001382,0.529572,-0.370701,0.613253,-0.241034,-0.232928,0.387802,-0.333249,0.415733,0.059745,-0.431005,-0.638307,0.035113,0.041721,0.203916,0.335816,0.078389,-0.434743,0.338071,0.233587,-0.443287,0.176618,-0.180892,-0.234843,-0.013155,-0.319753,0.0,0.18326,-0.244574,0.602321,-0.262685,-0.526019,-0.002179,0.04307,-0.273929,-0.257015,-0.137786,-0.310973,-0.23975,-0.663051,-0.631854,-0.262685,0.002044,-0.375704,0.080892,-0.073789,-0.329602,0.164645,0.086133,0.362884,0.407861,0.626481,0.432716,0.295824,-0.212831,0.225872,-0.7134,-0.257015,-0.232583,-0.050774,-0.573693,0.291988,-0.01203,-0.612518,0.373708,0.285187,0.239353,-0.182802,-0.050774,-0.386714,-0.41454,-0.375704,0.647872,-0.44136,0.167242,-0.562013,-0.369399,-0.249125,-0.328907,-0.375704,-0.141035,-0.132901,0.405878,0.080566,-0.260571,0.266138,-0.526019,0.212315,-0.108016,-0.389692,-0.091953,-0.398773,0.480043,-0.257015,-0.201038,-0.518,-0.338493,-0.499366,0.167242,0.808726,-0.137786,-0.002375,-0.257015,-0.611687,-0.375704,-0.479358,0.002044,-0.137786,0.02617,0.040751,0.462124,0.952938,-0.202709,-0.611687,0.304127,-0.800463,0.285187,0.474187,0.432716,0.281412,-0.347225,0.082511,-0.611687,-0.036934,-0.245792,0.361224,0.230211,0.104398,0.004499,0.086133,-0.430713,0.29033,0.527603,-0.232833,0.151281,-0.026823,-0.395177,-0.365424,0.170491,0.228493,0.666533,0.626481,-0.720673,0.239049,0.459623,-0.086149,0.252039,0.649539,-0.584453,-0.159375,0.339381,-0.119827,0.542514,0.387201,#
12,0.516154,0.329854,-0.524589,-0.555064,0.636569,0.022055,0.022055,-0.06881,-0.007392,0.479148,-0.187483,0.598396,1.0,0.181909,0.329854,-0.187483,0.178533,-0.361353,0.133073,-0.454018,-0.505784,-0.088837,0.376708,-0.584547,-0.216624,-0.472074,-0.363761,-0.465386,-0.144274,-0.100069,-0.20369,-0.43551,-0.215526,-0.991174,-0.355247,0.329854,0.073682,-0.394136,0.003157,-0.665441,0.219108,-0.309586,0.242331,-0.155583,0.0,-0.100644,-0.305521,0.32931,-0.335128,0.380204,0.133152,-0.07527,0.219108,-0.248032,0.698904,0.427001,-0.168324,-0.350684,0.347517,0.428241,0.538342,0.24102,-0.246904,-0.245631,0.327947,0.507331,-0.256748,-0.304048,0.211553,-0.207701,-0.212041,-0.20369,0.0,-0.396428,-0.386374,0.998201,-0.163533,-0.319081,0.008846,-0.453528,-0.45753,-0.396428,-0.581052,-0.467046,-0.375285,-0.395251,-0.366911,-0.163533,-0.503621,-0.223581,-0.232814,-0.287501,-0.732752,-0.223581,-0.246079,-0.327765,-0.141286,-0.246079,0.67251,0.416448,-0.06881,-0.137778,-0.44603,-0.396428,-0.416836,-0.319081,-0.079397,-0.057645,0.002796,-0.620211,0.202463,0.178533,0.156163,-0.636094,-0.319081,-0.453528,-0.4752,-0.223581,0.36984,-0.501632,0.115174,-0.56642,-0.207195,-0.376058,-0.103536,-0.223581,0.244358,0.139954,0.31187,-0.233196,-0.44603,0.396987,-0.319081,0.416025,-0.329186,-0.221514,-0.365181,-0.515409,0.024371,-0.396428,-0.338374,-0.175242,-0.180937,-0.258668,0.115174,0.750391,-0.581052,0.516798,-0.396428,-0.998161,-0.223581,-0.288352,-0.503621,-0.581052,-0.003391,-0.009698,0.230321,0.563715,-0.111542,-0.998161,0.282216,-0.732752,0.178533,0.163613,0.67251,0.459424,-0.754389,0.327682,-0.998161,-0.021474,0.134483,0.535621,0.398424,0.36984,0.542912,-0.246079,-0.494816,0.08934,0.51156,0.006984,0.298861,0.013244,0.368928,0.361014,0.129066,-0.431193,0.432797,-0.246079,-0.518833,0.440002,-0.163533,0.299218,0.440808,0.412934,0.298089,-0.445824,0.778454,-0.338869,-0.283566,0.747927,#
13,0.180723,0.344521,0.277085,-0.230524,-0.13225,0.185108,-0.136939,-0.206776,0.247811,0.273089,-0.474091,0.29591,0.181909,1.0,0.500305,-0.474091,0.029371,0.359376,0.475704,-0.268268,-0.330484,0.612036,0.589669,0.158275,-0.01314,-0.62013,0.516971,0.352159,-0.284091,0.593867,-0.260297,-0.062103,0.323253,-0.138692,0.102094,0.500305,0.738607,-0.663436,0.252835,-0.499309,0.176227,0.681877,0.48118,0.422326,0.0,-0.705369,0.141582,0.112596,0.20949,0.153472,-0.594691,-0.084028,0.176227,-0.105562,-0.195662,0.101839,-0.38358,-0.448995,0.169857,-0.170753,-0.22463,0.058455,-0.432369,0.349193,0.035162,-0.517783,-0.075597,0.346087,-0.069053,0.580268,-0.491731,0.330176,0.0,-0.166909,-0.496937,0.210854,-0.331654,-0.542735,-0.1951,-0.283359,0.274912,-0.652084,-0.460619,-0.257948,-0.491752,-0.026374,-0.631567,-0.331654,-0.330759,-0.410965,0.462335,-0.508074,-0.508901,0.184489,-0.431323,-0.029263,-0.29773,0.164132,-0.285263,-0.028234,-0.206776,0.081349,-0.072506,-0.652084,-0.18911,-0.019024,-0.009508,-0.274468,-0.344079,-0.354322,0.978536,0.26434,-0.388579,-0.017986,-0.019024,-0.756973,-0.650381,-0.410965,0.175319,-0.679794,-0.619117,-0.785714,-0.401825,-0.64577,-0.355343,-0.410965,-0.230153,0.029647,0.102294,-0.166034,0.426504,-0.027469,-0.542735,-0.399991,-0.394923,-0.527334,0.198255,0.281574,0.474683,-0.652084,-0.448574,-0.346053,-0.517802,-0.469942,-0.619117,0.515723,-0.460619,0.311742,-0.652084,-0.198255,-0.410965,-0.240345,0.148483,-0.460619,0.260773,-0.148658,0.191279,0.386309,-0.270817,-0.198255,0.615925,-0.508901,0.26434,0.444695,0.432115,0.47718,-0.153823,-0.005342,-0.198255,-0.190211,-0.019154,0.32706,-0.488889,0.120292,0.143091,-0.431323,-0.325052,0.439044,0.881422,-0.489142,0.197094,-0.33667,-0.04552,-0.029528,-0.0,0.150239,0.003471,0.164132,-0.386937,0.135149,0.464316,0.369894,0.149061,0.58395,-0.196159,0.350409,0.459395,-0.56064,0.092267,0.070372,#
14,0.222326,0.511596,0.218377,-0.252361,0.072181,0.209367,0.209367,0.218533,0.229885,0.216032,0.060039,0.083529,0.329854,0.500305,1.0,-0.428365,-0.218165,0.123444,0.588198,-0.650347,-0.65392,0.350707,0.302823,0.377291,0.046971,-0.2225,0.107636,0.198128,-0.51293,-0.066536,-0.167343,-0.309386,0.029133,-0.324957,0.363014,0.511596,0.474473,-0.790486,0.418902,-0.218165,-0.327248,0.296178,0.463284,-0.031909,0.0,-0.043477,-0.089295,0.12672,0.323593,-0.224401,0.077841,-0.098806,-0.327248,-0.153243,0.262994,-0.253958,-0.162156,-0.344475,-0.217167,0.171057,0.385413,-0.216013,-0.714623,0.345964,-0.387511,0.129052,-0.053998,0.227589,0.269683,0.340567,-0.493272,-0.167343,0.0,-0.80085,-0.337246,0.352564,0.161115,-0.548383,-0.202297,-0.653978,0.047839,-0.80085,-0.534113,-0.325917,-0.400272,0.507417,-0.380376,0.161115,-0.654142,-0.219209,-0.428242,-0.068167,-0.428242,-0.219209,-0.813258,-0.571419,-0.540666,-0.238847,0.147361,0.295197,0.218533,-0.125966,0.039395,-0.80085,-0.376473,-0.04318,-0.10966,-0.07689,-0.653978,-0.534113,0.399875,0.518497,-0.458902,-0.534394,-0.04318,-0.653978,-0.263407,-0.79362,0.282818,-0.298059,-0.337246,-0.534031,-0.294915,-0.401817,-0.161421,-0.79362,0.172377,0.318593,0.507683,0.016684,0.52077,-0.10966,-0.548383,0.253185,-0.068167,0.007952,-0.327248,0.229182,0.425664,-0.80085,-0.341664,0.149652,-0.42825,-0.2816,-0.800774,0.478887,-0.534113,0.643,-0.80085,-0.327248,-0.79362,-0.725309,-0.191837,-0.534113,-0.242876,-0.651795,-0.376215,0.231366,-0.514704,-0.327248,0.592255,-0.428242,0.518497,0.284405,0.147361,0.343986,-0.428468,0.502876,-0.327248,0.203022,0.491706,0.195382,-0.534031,-0.294915,0.625609,-0.238847,-0.254147,0.717279,0.505643,-0.71327,0.288475,-0.216992,0.468879,0.503585,0.505687,-0.391197,-0.517713,-0.238847,-0.359063,0.327127,0.161115,0.763166,0.793671,0.350002,0.21656,0.151702,0.397076,-0.565655,-0.162162,0.459582,#
15,0.22295,-0.428365,-0.242473,0.249823,0.106426,0.209367,0.209367,0.218533,-0.65366,0.250132,0.023192,0.118191,-0.187483,-0.474091,-0.428365,1.0,-0.218165,-0.438715,-0.787051,0.161151,0.222961,-0.074413,-0.040064,-0.113671,0.047675,0.209237,0.040153,-0.314862,0.237104,-0.083235,-0.272669,-0.416366,-0.428362,0.146451,-0.521823,0.060039,-0.790115,0.46037,0.296952,0.490164,-0.327248,-0.310045,-0.997806,-0.51426,0.0,0.403202,0.293644,0.419898,-0.757316,-0.181983,0.077841,0.326963,-0.327248,0.342666,0.182699,-0.10229,0.534358,0.534619,-0.176403,0.171057,0.247233,-0.216013,0.215336,-0.219079,-0.022668,0.272076,-0.422723,0.227589,-0.118237,-0.455805,-0.081983,-0.272669,0.0,0.560235,0.083693,-0.214001,-0.480392,-0.033464,-0.202297,0.674674,-0.358796,0.092206,0.363615,0.179159,0.559462,-0.366773,0.100768,-0.480392,0.227992,-0.208163,0.072301,-0.041414,0.526853,0.366248,0.366248,0.482824,0.259299,0.366248,0.272739,-0.042111,0.218533,-0.056665,-0.36278,0.092206,0.10966,-0.033464,-0.533625,0.795576,-0.197101,-0.106863,-0.487528,-0.218165,0.415736,-0.100633,-0.033464,0.217797,0.237514,0.366248,0.377872,0.247245,0.083693,0.350736,0.377872,0.109346,-0.26114,0.366248,-0.326543,-0.089964,0.334145,0.044491,-0.36278,-0.056665,-0.033464,-0.034357,-0.041414,0.035184,-0.327248,-0.229182,0.111062,0.092206,0.534573,-0.047748,0.062858,0.267734,0.54722,-0.061561,0.363615,-0.206375,0.092206,0.203999,0.366248,0.188456,-0.234314,0.363615,0.270104,0.280337,-0.152969,-0.041105,0.259299,0.203999,-0.032562,0.026311,-0.218165,0.025254,-0.419286,-0.052126,0.035242,-0.420626,0.203999,-0.233998,0.123253,-0.492987,-0.070345,-0.146779,-0.62974,-0.208163,-0.229182,-0.377312,-0.39716,0.438935,-0.106495,-0.205982,-0.387398,-0.404364,0.56174,0.378389,0.381784,0.366248,0.017426,-0.05204,0.287448,-0.295091,-0.065718,-0.045564,-0.29593,-0.325349,-0.473922,-0.033464,0.438935,-0.551905,#
16,0.32836,0.518497,-0.333053,-0.332592,0.276483,0.343624,-0.333211,0.12533,-0.332907,-0.333003,-0.218165,0.285187,0.178533,0.029371,-0.218165,-0.218165,1.0,0.287899,-0.400843,0.357718,0.354185,-0.272078,-0.268932,-0.271911,-0.218168,-0.333201,-0.383731,-0.324858,0.134883,-0.27201,0.204872,0.240532,0.528186,-0.1655,-0.500882,-0.218165,0.306053,0.311224,-0.270191,-0.111111,0.666667,0.230067,0.217792,0.494722,0.0,-0.268593,-0.030509,0.225097,0.109885,0.182656,0.280884,-0.649138,0.666667,-0.659073,0.106325,0.030415,-0.72554,-0.408076,0.059555,0.24845,0.175498,0.995105,0.201468,-0.665416,-0.006489,0.254554,-0.215292,-0.11983,0.07299,0.158945,0.247312,0.204872,0.0,0.258841,-0.407832,0.158921,0.102946,0.211667,-0.333075,0.317756,0.285489,0.258841,0.398178,0.315584,-0.407308,-0.407076,0.265029,0.102946,0.325405,0.154024,-0.218103,0.205634,-0.218103,0.154024,0.154024,0.217147,0.089087,0.154024,0.095783,0.427235,0.12533,-0.271774,-0.407401,0.258841,0.271774,0.211667,0.407661,-0.272031,0.317756,-0.272023,0.217502,-0.111111,-0.08909,0.408248,0.211667,0.317756,-0.331958,0.154024,0.159756,-0.330811,0.252468,-0.271981,0.159756,0.270996,0.195529,0.154024,-0.166307,-0.490271,0.213504,0.523424,-0.407401,0.407661,0.211667,-0.269468,-0.50779,-0.217859,0.666667,-0.332873,0.201964,0.258841,-0.407885,-0.389088,-0.218107,0.230067,0.252468,0.196502,0.398178,-0.33309,0.258841,-0.166667,0.154024,0.194487,0.325405,0.398178,-0.332704,-0.331958,0.317138,0.121172,0.089087,-0.166667,-0.389723,-0.218103,-0.111111,0.246504,0.095783,0.396882,0.509175,-0.214224,-0.166667,-0.332704,-0.417706,-0.139474,0.388544,0.159756,0.33246,0.154024,0.332873,-0.230058,0.273078,0.191259,-0.323984,0.332438,-0.229605,-0.237374,-0.418084,-0.070494,0.407015,0.154024,-0.396529,-0.285458,0.102946,-0.18622,-0.286355,-0.29336,-0.185518,-0.1657,0.217237,0.211667,0.191259,0.24847,#
17,-0.389896,0.582959,0.801029,0.33903,-0.650692,-0.059083,-0.042844,-0.319557,0.44727,0.028686,-0.438715,0.208716,-0.361353,0.359376,0.123444,-0.438715,0.287899,1.0,0.323073,0.361724,0.354991,-0.160246,-0.221409,0.180024,0.117405,-0.059533,0.551743,0.798835,-0.371416,0.297535,0.107341,0.606731,0.565282,0.34012,0.287972,0.123444,0.617738,-0.250171,-0.226881,0.154612,0.431848,0.647474,0.412336,0.224815,0.0,-0.626465,0.078239,-0.044865,0.707488,0.157446,-0.311385,-0.446985,0.431848,-0.373573,-0.295121,-0.519872,-0.736208,-0.741145,-0.417518,-0.584147,-0.470242,0.266084,0.163685,0.051432,-0.141975,-0.338688,0.05674,0.301971,-0.076682,0.425032,0.311116,0.107341,0.0,0.096161,0.122074,-0.331124,0.376957,-0.143206,0.029421,-0.074765,0.566536,0.096161,0.181789,0.046026,-0.34371,0.144198,-0.308054,0.376957,0.34927,0.082451,0.094187,0.305875,0.008654,0.082451,0.001617,0.285206,0.326402,0.562838,-0.326313,-0.143106,-0.319557,0.255442,0.117871,0.096161,0.127145,0.350397,-0.143446,-0.217119,0.003306,0.181789,0.428917,0.314556,-0.314204,0.623584,0.350397,-0.074765,-0.082453,-0.47877,0.070384,-0.107523,0.122074,-0.247027,-0.494083,0.091405,0.041633,-0.47877,-0.118291,-0.021987,-0.117813,0.476148,0.588192,-0.143446,-0.143206,-0.21782,0.305875,-0.002255,0.431848,0.408702,0.353085,0.096161,-0.301144,-0.332748,-0.358985,-0.460641,-0.33081,0.016162,0.181789,-0.384233,0.096161,0.331883,-0.47877,-0.341787,0.800959,0.181789,-0.392793,-0.382281,0.120238,0.349382,-0.308693,0.331883,0.103646,0.008654,0.314556,0.441372,-0.196094,-0.174464,0.478165,0.121604,0.331883,0.365505,-0.339092,-0.043393,-0.167792,-0.395359,-0.00859,0.562838,0.342934,0.477634,0.251028,-0.574721,-0.140125,0.323585,-0.434489,-0.399988,-0.32718,0.369749,-0.194668,0.562838,-0.227511,-0.200756,0.376957,-0.127649,-0.175452,0.222661,-0.643149,0.429342,-0.099358,0.279302,0.460006,0.056631,#
18,-0.404796,0.197924,0.507586,-0.014601,-0.315208,-0.416633,0.061471,-0.336133,0.849598,0.122972,-0.006505,-0.124999,0.133073,0.475704,0.588198,-0.787051,-0.400843,0.323073,1.0,-0.378025,-0.435298,0.176579,0.218178,0.196993,0.08242,-0.054605,0.290088,0.57391,-0.421181,0.309818,0.044683,0.212243,0.063873,-0.11202,0.759848,0.197924,0.583657,-0.711176,-0.087249,-0.400843,-0.05466,0.189777,0.790451,0.093239,0.0,-0.30389,-0.2392,-0.435514,0.634993,0.128202,-0.307644,0.072428,-0.05466,0.050864,-0.150831,-0.001961,-0.135662,-0.391206,0.044837,-0.344728,-0.314503,-0.391371,-0.303493,0.592178,0.029793,-0.371488,0.436859,-0.093043,0.072396,0.320896,-0.057237,0.044683,0.0,-0.680904,0.175889,0.17394,0.374632,-0.2168,0.403525,-0.85678,0.124496,-0.306911,-0.626283,-0.437045,-0.332176,0.536037,-0.401068,0.374632,-0.42102,0.052943,0.05862,-0.079721,-0.409073,-0.406056,-0.461914,-0.518492,-0.214795,-0.308914,-0.226336,-0.22054,-0.336133,0.244608,0.493236,-0.306911,-0.326279,-0.082235,0.099416,-0.494216,-0.064806,0.189268,0.380118,0.384025,-0.298924,-0.175087,-0.082235,-0.491699,-0.059607,-0.559056,-0.318883,-0.101539,-0.173929,-0.260737,-0.576579,-0.305237,0.079542,-0.559056,0.379824,0.430958,-0.367611,-0.329022,0.621454,-0.196009,-0.2168,0.243164,0.388231,0.069725,-0.159777,0.418402,-0.134245,-0.306911,-0.268707,0.206747,-0.023774,-0.535737,-0.667789,0.064445,-0.626283,0.404033,-0.306911,-0.159777,-0.559056,-0.424411,0.071538,-0.626283,-0.092523,-0.100003,-0.023326,0.138858,-0.343223,-0.159777,0.370056,-0.0091,0.384025,-0.047895,0.348767,-0.164829,-0.401878,0.583372,-0.159777,0.497945,0.139358,0.575128,-0.177419,-0.036761,0.385384,0.150086,-0.063724,0.594119,0.287775,-0.620019,0.333767,0.031696,0.447225,0.448194,-0.208882,-0.236528,-0.549952,-0.308914,0.096631,0.277204,-0.238933,0.408721,0.295078,0.365781,0.268073,0.37447,0.355762,-0.131362,-0.419779,0.428488,#
19,-0.172977,-0.193584,0.162854,0.599866,-0.367668,-0.247703,-0.667372,-0.371545,-0.199749,-0.179776,-0.295612,0.040362,-0.454018,-0.268268,-0.650347,0.161151,0.357718,0.361724,-0.378025,1.0,0.993416,-0.397579,-0.380419,-0.071723,0.240055,0.15537,-0.074787,0.190836,0.299359,0.016818,0.527976,0.394194,0.257399,0.444648,-0.213714,-0.650347,0.100695,0.453152,-0.521278,0.22523,0.536577,0.106407,-0.197816,0.392112,0.0,0.002785,0.469288,0.116859,0.009926,0.059116,-0.030333,-0.068625,0.536577,0.012001,-0.388147,0.024581,-0.279894,-0.046763,0.049709,-0.432522,-0.600252,0.33467,0.5623,-0.577294,-0.045649,-0.279349,-0.163606,0.376261,-0.600527,-0.40005,0.616711,-0.004728,0.0,0.795919,0.36727,-0.451147,0.346773,0.657224,0.227463,0.567422,0.421141,0.795919,0.795852,0.760522,-0.030821,-0.453035,0.397618,0.346773,0.994048,0.488988,0.234058,0.196657,0.617152,0.488988,0.488988,0.673712,0.305023,0.488988,-0.347962,0.083273,-0.371545,0.478467,-0.020682,0.795919,0.834935,0.657224,0.032406,-0.057107,0.645026,0.355854,-0.164254,-0.33122,0.010623,0.795094,0.657224,0.567422,0.190461,0.488988,-0.004041,0.203803,0.36727,0.363225,-0.004041,0.412471,0.445896,0.488988,-0.495759,-0.579629,-0.340501,0.180997,-0.020682,0.478467,0.657224,-0.340591,0.196657,-0.285751,0.536577,0.166705,0.192657,0.795919,-0.053224,-0.097622,0.242895,0.106407,0.36727,-0.200836,0.795852,-0.992936,0.795919,0.437211,0.488988,0.368728,0.561692,0.795852,0.255558,0.269626,0.115577,-0.032837,0.305023,0.437211,-0.537869,0.149037,-0.33122,-0.176873,-0.218523,-0.402508,0.61581,-0.638598,0.437211,-0.254635,-0.877213,-0.157188,0.441985,0.094092,-0.592602,0.488988,0.166705,-0.442256,-0.342182,0.362608,-0.773161,0.134363,-0.654788,-0.678748,-0.473338,0.430787,0.401303,0.488988,0.421513,-0.824528,0.346773,-0.522129,-0.416566,-0.43354,-0.521073,0.069471,-0.639862,0.657224,0.362608,-0.159776,#
20,-0.180474,-0.198292,0.168038,0.609152,-0.376463,-0.193087,-0.611712,-0.317264,-0.252787,-0.217191,-0.232667,0.000127,-0.505784,-0.330484,-0.65392,0.222961,0.354185,0.354991,-0.435298,0.993416,1.0,-0.418926,-0.418195,-0.03097,0.217187,0.193455,-0.079952,0.17838,0.302858,-0.037626,0.515816,0.38829,0.234497,0.488189,-0.209307,-0.65392,0.040987,0.491353,-0.472418,0.327753,0.49163,0.109128,-0.259943,0.348215,0.0,0.063061,0.474653,0.139223,0.012515,-0.013501,0.023071,-0.075141,0.49163,0.013284,-0.362278,-0.049522,-0.255847,-0.009077,-0.026545,-0.413718,-0.552836,0.326149,0.563257,-0.570634,-0.102802,-0.225387,-0.186666,0.381977,-0.547949,-0.387099,0.613387,-0.015564,0.0,0.800097,0.372362,-0.505133,0.34836,0.660625,0.173054,0.604534,0.426885,0.800097,0.835231,0.781942,0.007081,-0.413173,0.434928,0.34836,0.999317,0.491436,0.177402,0.235003,0.661315,0.491436,0.491436,0.677202,0.306383,0.491436,-0.318994,0.076616,-0.317264,0.422324,-0.014009,0.800097,0.839323,0.660625,0.009698,-0.001458,0.589052,0.364441,-0.227659,-0.33304,0.008474,0.802829,0.660625,0.604534,0.229472,0.491436,0.019347,0.243206,0.38807,0.40299,0.038925,0.450124,0.440717,0.491436,-0.498483,-0.554785,-0.29331,0.245917,-0.014009,0.438487,0.660625,-0.346154,0.20106,-0.221122,0.511454,0.174208,0.193848,0.800097,-0.016111,-0.088316,0.22046,0.150589,0.38807,-0.245745,0.835231,-0.99839,0.800097,0.49163,0.491436,0.372438,0.568036,0.835231,0.200072,0.213678,0.048453,-0.078789,0.306383,0.49163,-0.54383,0.194363,-0.33304,-0.153081,-0.318994,-0.408308,0.660999,-0.642106,0.49163,-0.230626,-0.820076,-0.257511,0.40299,0.019347,-0.599443,0.491436,0.205883,-0.454638,-0.394098,0.375355,-0.78528,0.160424,-0.658622,-0.682707,-0.416486,0.436423,0.362097,0.491436,0.418056,-0.829268,0.34836,-0.525261,-0.422342,-0.471161,-0.52419,0.043741,-0.683682,0.660625,0.384455,-0.207298,#
