0,1.0,0.528186,0.348305,0.14902,0.435175,-0.272078,-0.111111,-0.326621,-0.163011,0.435175,-0.213905,-0.166667,-0.218159,0.289758,-0.271984,-0.213709,0.313189,0.126592,0.176777,-0.408085,-0.33312,-0.397539,0.298984,0.262928,-0.333256,-0.271931,-0.662941,0.130537,-0.327683,-0.111111,0.122876,0.197987,-0.166627,-0.405191,-0.499308,-0.111111,0.217721,0.135114,-0.218033,-0.166623,0.421988,0.355239,-0.648745,0.318211,-0.215292,-0.491488,0.297916,0.214988,0.185484,0.387005,0.215525,0.122876,-0.111111,-0.328556,-0.407352,-0.469078,-0.987955,0.25069,-0.407271,0.210007,0.066354,-0.680883,0.145994,-0.497083,0.218844,0.242191,-0.166667,0.010227,0.307218,0.249206,0.243737,0.176699,-0.111111,-0.508597,-0.996323,0.192708,-0.665376,-0.508492,0.096493,0.089413,0.20596,-0.665376,0.089413,0.494925,-0.665376,-0.407871,0.154346,0.154346,-0.333069,-0.665619,0.089413,0.154346,-0.271981,0.160434,-0.665376,-0.333069,-0.408008,-0.218199,0.096493,0.194902,0.215525,0.258841,-0.218199,0.265403,-0.508597,-0.272023,0.096493,-0.665619,0.096493,-0.1657,0.311891,-0.166667,0.154346,0.258841,-0.508597,0.200062,0.148393,-0.665619,0.212009,-0.482445,-0.333069,0.089413,-0.508597,-0.393811,0.130189,-0.508492,-0.407871,0.130537,0.306719,0.20596,-0.996323,0.212009,0.096493,0.295468,0.089413,-0.508822,0.0,-0.508597,0.073893,0.089413,0.265403,0.258841,0.265403,0.08737,0.096493,0.178435,-0.665376,0.408248,-0.508492,0.154346,-0.996323,-0.218199,-0.665376,-0.508597,-0.996323,0.20596,0.129572,0.681747,0.154346,-0.407871,0.191653,0.272166,-0.333069,0.154346,0.20596,0.340844,-0.218107,-0.329775,-0.166582,0.148393,-0.22997,0.240722,-0.272023,-0.996323,-0.238818,-0.218199,-0.408008,-0.238525,0.340844,0.228386,-0.217313,-0.186723,-0.179064,-0.340274,-0.186723,0.20596,0.264263,0.089413,-0.27197,-0.139389,-0.508597,-0.179064,-0.18622,0.523809,0.153213,-0.166582,-0.134146,0.148393,0.065625,-0.111111,#
1,0.528186,1.0,0.650059,0.235979,0.380148,-0.534219,-0.218164,-0.339944,0.106088,0.380148,-0.419997,0.210987,0.0542,0.10106,-0.534034,-0.419612,0.213584,0.085034,0.347097,-0.801265,-0.240974,-0.780557,0.113056,0.083039,-0.227139,-0.533929,-0.220619,0.179659,0.129563,-0.218164,-0.470267,0.326867,-0.327167,-0.34793,-0.04534,0.499481,0.40874,0.237142,-0.428102,-0.327161,0.362353,-0.184965,-0.268167,0.334955,0.075379,-0.614475,0.358576,0.074982,-0.280885,0.582599,-0.551246,-0.470267,0.499481,0.153101,0.066075,-0.692759,-0.509107,-0.15544,0.094353,0.135528,-0.298285,-0.137528,-0.29362,-0.649187,-0.050885,-0.119325,0.210987,-0.266154,-0.064754,0.029432,-0.02058,-0.192563,-0.218164,-0.07558,-0.553744,0.025162,-0.255255,-0.540771,0.189462,-0.525694,0.404398,-0.780853,-0.525694,0.511243,-0.780853,-0.370229,0.303055,0.303055,-0.233619,-0.247728,0.175561,-0.226544,-0.107408,0.315009,-0.780853,-0.233619,0.068772,-0.428432,0.189462,0.382685,0.144772,0.077612,-0.428432,0.08617,-0.537099,-0.53411,0.189462,-0.247728,0.189462,0.261548,0.155784,0.749221,0.303055,0.077612,-0.07558,-0.522465,-0.234231,-0.247728,0.416275,-0.017931,-0.233619,0.175561,-0.537099,-0.065241,0.227594,-0.540771,-0.370229,0.179659,0.162005,0.404398,-0.553744,0.416275,0.189462,0.175339,0.175561,-0.067919,0.0,-0.07558,-0.472542,-0.525694,0.08617,0.508229,0.08617,0.077498,0.189462,-0.555165,-0.255255,0.36212,-0.540771,0.303055,-0.553744,-0.428432,-0.255255,-0.07558,-0.553744,-0.05712,-0.254993,0.568021,-0.226544,-0.370229,0.128736,0.094925,0.186737,-0.226544,0.404398,0.19551,0.023602,-0.647505,-0.327079,0.291367,0.022501,0.450119,-0.101241,-0.553744,-0.023309,-0.428432,-0.366171,0.00327,0.19551,-0.211483,0.369938,-0.366626,0.177115,-0.250823,-0.366626,-0.05712,0.050874,-0.525694,-0.534007,-0.273687,-0.07558,-0.351588,0.184194,0.505632,-0.259928,0.19551,-0.263392,-0.234231,0.128853,-0.218164,#
2,0.348305,0.650059,1.0,0.374785,0.035899,-0.373071,-0.332592,-0.259607,-0.114714,0.420531,-0.333274,0.443892,-0.195181,0.061718,-0.814138,-0.332969,0.20575,0.250632,-0.28263,-0.397883,-0.228321,-0.706317,0.078797,-0.050842,0.187853,-0.440622,0.049196,-0.210613,-0.270317,0.295928,-0.280325,0.027397,0.041814,-0.428751,0.113994,0.348305,-0.238447,0.183575,-0.652643,-0.498758,0.019238,-0.249896,0.045871,0.464043,0.650649,-0.857154,0.176369,0.502691,-0.409936,0.598203,-0.480552,-0.280325,0.348305,0.602959,-0.004011,-0.179621,-0.287259,-0.332067,0.415274,0.165968,-0.524516,0.208624,-0.576767,-0.709204,0.28885,-0.429571,-0.027498,-0.097141,-0.124244,-0.470733,0.158611,0.037482,-0.332592,0.20537,-0.35706,0.378585,-0.024032,-0.243038,-0.4071,-0.35706,0.239054,-0.522715,-0.35706,0.667879,-0.522715,-0.394516,0.492704,0.492704,-0.260683,-0.562278,0.308287,-0.562278,-0.066852,-0.04572,-0.522715,0.177849,0.406976,-0.190286,0.329773,0.056273,0.179825,-0.026622,-0.190286,-0.046776,-0.232515,-0.435142,0.329773,-0.009777,-0.4071,0.018015,0.348443,0.483175,0.492704,-0.05805,0.20537,-0.209638,-0.024032,-0.562278,0.253845,0.103935,-0.598155,0.308287,-0.713991,-0.135784,0.169789,-0.643845,-0.466616,-0.210613,0.187156,0.16178,-0.35706,0.175892,0.329773,0.634361,0.308287,-0.265838,0.0,0.20537,-0.198852,-0.35706,-0.046776,0.799754,0.43872,-0.476378,-0.4071,-0.213887,-0.024032,0.019244,-0.243038,0.492704,-0.35706,-0.190286,-0.024032,0.20537,-0.35706,0.239054,0.073162,0.276176,-0.009777,-0.017378,0.369279,-0.035281,0.57668,-0.009777,0.239054,0.240293,0.214259,-0.168009,-0.040945,0.014329,0.290734,0.050405,0.016447,-0.35706,0.131965,-0.190286,-0.459447,-0.235547,0.240293,-0.176221,0.126111,-0.523974,-0.040396,-0.205375,-0.523974,0.239054,-0.413496,-0.35706,-0.009018,0.278842,0.20537,-0.040396,-0.04201,0.222227,-0.002407,0.542383,-0.356612,-0.024032,0.27996,-0.332592,#
3,0.14902,0.235979,0.374785,1.0,0.286459,-0.345334,0.14902,-0.329571,0.166573,0.259637,0.149613,0.092041,0.179421,-0.218227,-0.438808,-0.667105,0.341799,-0.168118,-0.28009,-0.299331,-0.342701,-0.10216,0.471753,-0.407667,0.317504,-0.497593,-0.081818,-0.455937,0.265262,0.061361,-0.198226,-0.154686,0.256984,-0.435545,-0.360586,0.14902,-0.294292,-0.198404,-0.555053,0.159086,0.310139,-0.405296,0.317324,0.746377,0.248183,-0.411298,0.031799,0.33024,0.401853,0.429395,-0.212543,-0.198226,0.14902,0.350286,0.434461,-0.199736,-0.052078,-0.158222,0.419169,-0.12443,-0.158791,0.107435,-0.399584,-0.278506,0.096685,-0.164698,0.092041,-0.162981,-0.246452,-0.399765,-0.249509,-0.196432,0.10519,-0.233121,-0.185422,0.431855,-0.183915,-0.255166,-0.241067,-0.185422,-0.176748,-0.248116,-0.185422,0.266042,-0.248116,-0.306929,0.698644,-0.157538,-0.441268,-0.290722,-0.099765,-0.290722,-0.484322,-0.265032,-0.248116,0.344014,0.415955,-0.453306,-0.149715,-0.265242,-0.212543,-0.310023,-0.453306,-0.343452,-0.289494,-0.468712,0.99218,-0.222227,-0.241067,0.091508,0.434705,0.157785,-0.157538,-0.362622,-0.233121,-0.255166,-0.183915,-0.290722,0.541922,-0.277781,-0.389923,-0.099765,-0.349184,-0.391083,-0.277316,-0.255166,-0.362622,-0.455937,0.305612,-0.29281,-0.185422,-0.270961,-0.149715,0.36131,-0.099765,0.42484,0.0,-0.233121,-0.027091,-0.185422,-0.343452,0.44183,0.415955,-0.461822,-0.241067,-0.289589,-0.183915,0.311342,-0.255166,-0.157538,-0.185422,-0.453306,-0.183915,-0.233121,-0.185422,-0.233121,-0.149334,0.260521,0.633955,-0.359528,0.642602,0.332814,-0.335557,-0.222227,-0.176748,0.397224,-0.493161,-0.271509,0.125789,-0.119715,0.238946,-0.281566,0.287075,-0.185422,0.144448,-0.453306,-0.396579,0.208534,0.397224,0.182076,-0.579666,0.124781,0.090815,-0.298015,0.124781,-0.176748,-0.317434,-0.185422,-0.395308,0.008248,0.512997,0.090815,0.060864,0.210381,-0.193399,0.257209,0.018382,-0.248116,-0.139789,0.10519,#
4,0.435175,0.380148,0.035899,0.286459,1.0,-0.257915,-0.271984,-0.379605,-0.399028,0.583888,-0.035168,-0.407976,0.344555,0.644925,-0.249667,-0.073394,0.401574,-0.516467,0.50196,-0.604418,-0.016309,-0.216805,0.250832,-0.177322,-0.815763,-0.245579,-0.598502,0.319535,0.471508,-0.271984,-0.503033,0.388497,-0.407878,-0.24209,-0.354376,0.407976,0.07106,0.330739,-0.078104,-0.40787,0.591237,0.033445,-0.489115,0.656103,-0.05506,-0.280476,0.108959,0.345938,0.173233,0.074577,-0.235299,-0.503033,0.407976,-0.04796,-0.160931,-0.735343,-0.411015,0.373102,-0.573404,-0.193037,0.372033,-0.166671,0.357373,-0.341721,0.373918,0.39078,0.081595,0.375514,0.083393,-0.188816,-0.312869,-0.667676,0.407976,-0.807689,-0.433053,0.644475,-0.603457,-0.7856,0.275569,-0.406476,-0.352914,-0.623377,-0.406476,-0.080083,-0.623377,-0.606727,-0.074383,-0.60569,-0.393596,-0.114526,0.257956,-0.094455,-0.237775,-0.113056,-0.623377,-0.393596,-0.191022,-0.089018,-0.433037,-0.21827,0.424171,0.265923,-0.089018,-0.174538,-0.82518,-0.665873,0.275569,-0.645833,0.275569,0.034019,0.330835,0.101994,-0.60569,-0.142082,-0.387896,0.081621,-0.105458,-0.114526,0.077845,0.148138,0.387036,0.257956,-0.362174,0.311062,0.318684,-0.369334,-0.566406,0.319535,-0.414332,0.529885,-0.433053,0.077845,-0.433037,0.339715,0.257956,0.086149,0.0,-0.807689,-0.101079,-0.406476,-0.174538,0.265923,0.237566,0.213869,0.275569,-0.421184,-0.125378,0.582945,-0.7856,-0.123972,-0.433053,-0.089018,-0.125378,-0.807689,-0.433053,0.066879,-0.165482,0.804162,-0.094455,-0.606727,-0.214632,-0.166556,-0.417025,-0.625762,0.066879,0.411888,-0.533895,-0.807243,0.116505,0.39254,0.289851,0.03416,-0.665873,-0.433053,-0.12991,-0.089018,-0.603126,-0.107243,0.006337,-0.323664,0.043131,-0.423463,0.093926,0.415417,0.092759,-0.352914,0.646879,-0.406476,-0.242602,-0.287891,0.07511,0.093926,0.076842,0.815953,0.375043,0.087379,0.37849,-0.105458,-0.375898,0.407976,#
5,-0.272078,-0.534219,-0.373071,-0.345334,-0.257915,1.0,0.39478,0.914715,0.183184,-0.666009,-0.04476,-0.408118,-0.534208,0.274769,0.591573,-0.005666,0.021005,-0.295805,0.101145,0.274312,0.416494,0.706512,-0.149426,-0.546447,0.009649,0.19103,0.366049,-0.406821,-0.374864,-0.272078,0.226632,0.427315,0.612421,-0.206963,-0.392799,-0.272078,-0.336606,0.194829,0.377635,0.102207,-0.266329,-0.035425,-0.161973,-0.380396,-0.166163,0.209489,-0.223817,-0.434451,-0.228125,0.057458,0.476017,0.226632,-0.272078,0.083363,0.241015,0.604552,0.319498,0.493501,-0.133304,0.462799,0.453009,0.234787,0.007009,0.642119,-0.101923,0.424359,-0.408118,0.568458,0.076821,-0.042163,0.040246,0.376381,0.39478,0.127951,0.337007,-0.134539,0.451859,0.56694,-0.367553,0.337007,0.127951,0.451859,0.337007,-0.062832,0.451859,0.282642,-0.074802,-0.05396,0.028124,-0.074802,0.337007,-0.074802,0.190286,-0.588701,0.451859,0.418731,-0.149873,0.810194,-0.339755,-0.214064,-0.170745,-0.134448,0.810194,-0.149873,0.127951,0.179066,-0.367553,-0.05396,-0.367553,-0.405749,-0.283529,-0.408118,-0.05396,-0.134448,0.127951,0.141685,0.451859,-0.074802,-0.336937,0.226764,0.028124,0.337007,0.109788,-0.069591,-0.441728,0.56694,0.265695,-0.406821,0.126541,-0.31907,0.337007,-0.336937,-0.339755,-0.392065,0.337007,-0.35526,0.0,0.127951,0.311378,0.337007,-0.149873,-0.134448,-0.554036,-0.240511,-0.367553,0.213572,0.451859,-0.258087,0.56694,-0.05396,0.337007,0.810194,0.451859,0.127951,0.337007,-0.300907,-0.085745,-0.138093,-0.074802,-0.117501,0.019554,-0.591314,0.044667,-0.05396,0.127951,0.043295,0.390631,0.494704,0.106262,0.451859,0.015975,-0.168512,0.179066,0.337007,-0.486693,0.810194,-0.149873,-0.05586,0.043295,0.081665,0.053016,0.138698,0.147386,0.009513,0.138698,0.127951,-0.109078,0.337007,0.612192,-0.180282,0.109788,0.147386,-0.357646,-0.495,-0.020843,0.126829,-0.197971,-0.036544,0.403316,0.39478,#
6,-0.111111,-0.218164,-0.332592,0.14902,-0.271984,0.39478,1.0,0.359558,0.807294,-0.271984,-0.213905,-0.166667,-0.218159,-0.407807,0.407976,-0.213709,-0.333074,0.126592,0.265165,0.263447,0.33312,0.333231,0.271803,-0.407807,0.328168,-0.271931,0.124712,-0.581481,-0.327683,-0.111111,0.122876,0.13412,0.650171,-0.405191,-0.499308,-0.111111,0.188691,0.091529,-0.218033,0.683496,0.394225,-0.327913,-0.129749,-0.130548,-0.215292,0.232175,-0.087622,-0.322481,0.271091,0.359558,0.17242,0.122876,-0.111111,-0.328556,0.237192,0.173494,0.163921,0.150414,0.284823,0.167148,0.129549,-0.061898,0.033691,0.247053,-0.043769,0.20808,-0.166667,0.214767,-0.027376,0.249206,0.214013,0.176699,-0.111111,0.20596,0.089413,-0.40625,0.148393,0.200063,0.096493,0.089413,0.20596,0.148393,0.089413,-0.218103,0.148393,0.258841,0.154346,0.154346,-0.333069,0.154346,0.089413,0.154346,-0.271981,0.160434,0.148393,0.317756,0.265403,-0.2182,0.096493,0.194902,-0.905206,-0.407871,-0.2182,0.265403,0.20596,0.398178,0.096493,0.154346,0.096493,-0.1657,0.311891,-0.166667,0.154346,-0.407871,0.20596,-0.508492,0.148393,0.154346,0.212009,-0.482445,-0.333069,0.089413,0.20596,-0.393811,-0.954719,0.200063,0.258841,-0.581481,0.306719,-0.508596,0.089413,0.212009,0.096493,-0.331283,0.089413,0.212009,0.0,0.20596,0.291225,0.089413,0.265403,-0.407871,-0.408008,-0.058246,0.096493,0.178435,0.148393,0.408248,0.200063,0.154346,0.089413,-0.2182,0.148393,0.20596,0.089413,-0.508596,0.129572,-0.213046,0.154346,-0.407871,0.191653,0.272166,-0.333069,0.154346,0.20596,0.297699,-0.218107,0.388965,-0.166582,0.148393,-0.22997,0.031398,0.398178,0.089413,-0.238818,-0.2182,0.265403,0.491654,0.297699,0.228386,-0.217313,0.637055,-0.179064,-0.340274,0.637055,0.20596,-0.417706,0.089413,-0.27197,-0.139389,0.20596,-0.179064,-0.18622,-0.238095,-0.663923,-0.166582,-0.134146,-0.665376,0.065625,-0.111111,#
7,-0.326621,-0.339944,-0.259607,-0.329571,-0.379605,0.914715,0.359558,1.0,0.397117,-0.799523,-0.135885,-0.139981,-0.641299,0.111475,0.494495,-0.095576,0.163572,-0.251214,0.153566,0.110888,0.288669,0.560039,-0.324968,-0.451865,0.14774,0.082369,0.442807,-0.36379,-0.319912,-0.326621,0.284798,0.509428,0.560191,-0.092058,-0.303682,-0.326621,-0.254928,0.257214,0.297015,0.035196,-0.388299,-0.174155,-0.003204,-0.411976,-0.261387,0.237084,-0.23766,-0.582461,-0.300643,0.117906,0.417402,0.284798,-0.326621,0.213626,0.369259,0.573495,0.360383,0.234083,-0.017557,0.402416,0.188811,0.215596,-0.261604,0.664472,-0.398961,0.165915,-0.13998,0.317222,-0.124054,0.061267,-0.168291,0.461489,0.359558,0.218149,0.38432,-0.309038,0.527266,0.667381,-0.33768,0.38432,0.218149,0.527266,0.38432,0.143188,0.527266,0.399529,-0.012153,0.009294,0.162378,-0.012153,0.38432,-0.012153,0.358964,-0.538384,0.527266,0.564302,-0.042762,0.742037,-0.309077,-0.138418,-0.248098,-0.309625,0.742037,-0.042762,0.218149,0.07002,-0.33768,0.009294,-0.33768,-0.105499,-0.457646,-0.13998,0.009294,-0.029645,0.218149,-0.067747,0.527266,-0.012153,-0.257667,0.332856,-0.110931,0.38432,0.19946,-0.066492,-0.399854,0.667381,0.382091,-0.36379,0.259011,-0.241823,0.38432,-0.257667,-0.309077,-0.542543,0.38432,-0.276521,0.0,0.218149,-0.031889,0.38432,-0.042762,-0.029645,-0.741427,-0.210789,-0.33768,0.027077,0.527266,-0.379858,0.667381,0.009294,0.38432,0.742037,0.527266,0.218149,0.38432,-0.523206,-0.365023,-0.231561,-0.012153,-0.012207,0.100604,-0.494152,0.1794,0.009294,0.218149,-0.102208,0.604142,0.37055,0.039386,0.527266,-0.080136,-0.072305,0.351466,0.38432,-0.601083,0.742037,-0.042762,-0.157645,-0.102208,0.17994,0.11128,0.064304,0.420215,-0.133106,0.064304,-0.081923,-0.287651,0.38432,0.515717,-0.24404,0.19946,0.07646,-0.088716,-0.609327,-0.300255,0.060549,-0.26004,0.024714,0.442559,0.359558,#
8,-0.163011,0.106088,-0.114714,0.166573,-0.399028,0.183184,0.807294,0.397117,1.0,-0.399028,-0.31382,0.250339,-0.320062,-0.598295,0.194764,-0.313532,-0.090125,0.185724,0.301545,-0.01227,0.09309,0.054933,-0.004747,-0.199994,0.481455,-0.39895,0.202453,-0.430276,-0.193094,-0.163011,0.180271,0.215731,0.46883,-0.182881,-0.293922,-0.163011,0.294068,0.160164,-0.319876,0.497934,0.182704,-0.481081,0.117839,-0.143076,-0.315855,0.233192,-0.086925,-0.473113,0.143538,0.397117,0.048183,0.180271,-0.163011,-0.106134,0.378605,0.082825,0.187872,-0.2557,0.417865,0.041619,-0.279022,-0.090811,-0.350704,0.221048,-0.45408,-0.201133,0.250339,-0.191004,-0.311105,0.365611,-0.109643,0.259236,-0.163011,0.302165,0.131179,-0.59601,0.217708,0.293512,0.141566,0.131179,0.302165,0.217708,0.131179,0.103436,0.217708,0.379747,0.226442,0.226442,-0.102169,0.226442,0.131179,0.226442,-0.006786,0.235374,0.217708,0.46618,0.389373,-0.320121,0.141566,0.285941,-0.892881,-0.598388,-0.320121,0.389373,0.302165,0.186185,0.141566,0.226442,0.141566,0.296498,0.037768,0.250339,0.226442,-0.202477,0.302165,-0.746009,0.217708,0.226442,0.311039,-0.280575,-0.488647,0.131179,0.302165,-0.336673,-0.756422,0.293512,0.379747,-0.430276,0.449988,-0.321839,0.131179,0.311039,0.141566,-0.486025,0.131179,0.311039,0.0,0.302165,-0.243842,0.131179,0.389373,-0.202477,-0.598589,0.001018,0.141566,-0.116644,0.217708,0.194894,0.293512,0.226442,0.131179,-0.320121,0.217708,0.302165,0.131179,-0.746162,-0.278255,-0.31256,0.226442,-0.202477,0.281175,0.399294,-0.102169,0.226442,0.302165,0.052447,0.095449,0.143844,-0.244392,0.217708,-0.337389,0.170367,0.584168,0.131179,-0.350371,-0.320121,0.389373,0.287707,0.052447,0.335065,-0.109556,0.445443,0.223388,-0.499216,0.445443,-0.122158,-0.612817,0.131179,-0.399008,-0.204498,0.302165,-0.262705,0.232316,-0.34931,-0.974041,-0.244392,-0.196805,-0.492936,0.096278,-0.163011,#
9,0.435175,0.380148,0.420531,0.259637,0.583888,-0.666009,-0.271984,-0.799523,-0.399028,1.0,-0.191469,0.101994,0.344555,0.234458,-0.665779,0.258441,-0.024338,0.15494,0.123326,-0.193464,-0.016309,-0.66401,0.250832,0.233145,-0.410995,-0.261735,-0.578418,0.246913,0.035572,0.407976,-0.373385,-0.119598,-0.407878,-0.160523,0.097634,0.407976,0.07106,0.304067,-0.533713,-0.40787,0.591237,0.033445,-0.330312,0.656103,0.436548,-0.428094,0.108959,0.829632,0.138307,0.074577,-0.446329,-0.373385,0.407976,-0.066407,-0.602701,-0.637035,-0.438126,-0.117821,-0.182447,-0.40286,-0.169387,-0.166671,0.288647,-0.797106,0.748907,-0.131095,0.081595,0.208619,0.083393,-0.261438,0.141882,-0.569373,-0.271984,-0.370405,-0.472138,0.628539,-0.632751,-0.811107,0.236202,-0.44556,-0.352914,-0.652671,-0.44556,-0.080083,-0.652671,-0.606727,-0.1039,-0.1039,-0.417025,-0.144043,0.218872,-0.123972,-0.261552,0.392721,-0.652671,-0.417025,0.221082,-0.534121,0.236202,-0.009542,0.213141,0.241923,-0.534121,0.237566,-0.387896,-0.255734,0.236202,-0.144043,0.236202,0.034019,0.763466,0.101994,-0.1039,-0.166082,0.049387,0.056114,-0.134752,-0.144043,0.077845,-0.084946,-0.034674,0.218872,-0.387896,0.286217,0.292127,-0.828451,-0.590407,0.246913,-0.483851,0.504162,-0.472138,0.518968,0.236202,0.805454,0.218872,0.0602,0.0,-0.370405,0.03192,-0.44556,0.237566,0.241923,0.64967,0.124757,0.236202,-0.031199,-0.154672,0.582945,-0.811107,0.377818,-0.472138,-0.534121,-0.154672,-0.370405,-0.472138,0.504162,0.420599,0.413033,-0.123972,-0.198722,-0.243953,0.249833,-0.018743,-0.123972,0.066879,0.385485,-0.533895,-0.445018,0.087379,-0.134752,0.259908,0.03416,-0.665873,-0.472138,0.259819,-0.534121,-0.191022,-0.137032,-0.020066,-0.360444,0.007188,-0.457071,-0.438323,0.389058,0.05915,0.08437,0.203454,-0.44556,-0.270811,0.351867,0.049387,0.062618,0.044282,0.786812,0.34379,0.087379,0.335283,-0.134752,-0.456219,-0.271984,#
10,-0.213905,-0.419997,-0.333274,0.149613,-0.035168,-0.04476,-0.213905,-0.135885,-0.31382,-0.191469,1.0,0.0862,0.095229,-0.303273,0.433735,-0.146549,-0.14127,-0.544403,-0.519793,0.024787,0.162719,0.263561,-0.316299,0.024361,0.156645,0.766103,0.342874,0.336546,0.372116,0.328839,0.08437,-0.682295,-0.32078,0.458501,-0.069867,-0.213905,-0.456679,-0.491297,0.611662,0.265471,-0.523776,-0.140546,0.562949,0.03587,-0.022067,0.423578,-0.576551,-0.234739,0.562886,-0.628792,0.132526,0.08437,-0.213905,0.116665,0.234389,0.451244,0.176816,-0.174317,-0.013079,0.123517,-0.02297,-0.119163,0.361731,0.090744,-0.269133,-0.04048,-0.320857,-0.331961,-0.406674,-0.294265,-0.064568,0.224781,0.584247,-0.116789,0.218012,0.085153,0.320064,0.415089,0.231974,0.218012,-0.465828,0.320064,0.218012,-0.419879,0.320064,-0.306286,0.331787,-0.291873,0.639226,0.331787,-0.561912,0.331787,0.301434,-0.284832,0.320064,0.171714,-0.456533,0.102406,-0.599804,0.130205,0.132526,0.526479,0.102406,-0.456533,-0.116789,0.28512,0.231974,-0.291873,0.231974,-0.318995,-0.415227,-0.320857,-0.291873,0.526479,-0.630082,0.415089,-0.264496,0.331787,-0.461755,-0.195531,0.321318,-0.561912,0.426697,0.10394,0.281805,0.068982,0.526479,0.336546,-0.150475,-0.086595,0.218012,-0.627451,-0.599804,-0.266015,-0.561912,0.438607,0.0,-0.116789,0.404531,0.218012,-0.456533,0.047554,0.027203,0.272802,0.231974,-0.11426,-0.264496,-0.523957,0.415089,-0.880884,0.218012,0.102406,-0.264496,-0.116789,0.218012,-0.116789,-0.234552,0.048972,0.331787,0.019382,0.403378,0.035191,-0.323298,-0.291873,-0.979121,-0.641792,-0.419887,0.079449,0.689936,-0.661998,-0.407577,-0.764556,-0.042253,0.218012,0.52533,0.102406,0.027203,0.135255,-0.145913,-0.097399,-0.376168,0.311182,0.280042,0.20755,-0.320018,-0.116789,0.206241,0.218012,0.288347,0.347445,-0.086595,0.679892,-0.320281,-0.424161,0.331643,-0.320693,-0.207533,0.320064,0.220619,0.584247,#
11,-0.166667,0.210987,0.443892,0.092041,-0.407976,-0.408118,-0.166667,-0.139981,0.250339,0.101994,0.0862,1.0,-0.327239,-0.611711,-0.407976,0.086121,0.003728,0.189889,-0.287262,-0.108478,0.0,-0.596308,-0.611558,0.394392,0.492252,0.087123,0.26091,0.195805,-0.128224,0.666667,0.184314,-0.373621,-0.24994,0.431848,0.35897,-0.166667,-0.217721,0.202671,-0.327049,-0.249935,-0.408107,-0.491869,0.58387,0.171344,0.279558,0.076889,-0.47316,0.109075,0.085608,-0.139981,-0.25863,0.184314,-0.166667,0.434056,-0.088947,0.187952,0.112972,-0.977693,0.387307,-0.26358,-0.990577,-0.092847,-0.370601,-0.366115,-0.262613,-0.967059,0.375,-0.521577,-0.72546,-0.160204,-0.19172,0.265049,-0.166667,0.308941,0.13412,-0.082031,0.22259,0.300094,0.14474,0.13412,-0.226977,0.22259,0.13412,0.207617,0.22259,-0.111772,0.23152,0.23152,0.476634,0.23152,0.13412,0.23152,0.582815,0.240652,0.22259,0.476634,0.398105,-0.327299,0.14474,0.292353,-0.25863,-0.111772,-0.327299,0.398105,0.308941,0.094617,0.14474,0.23152,0.14474,0.432957,-0.062378,0.375,0.23152,0.388262,0.308941,-0.231322,0.22259,0.23152,-0.22261,0.101567,-0.499604,0.13412,0.308941,0.231415,0.195283,-0.231322,0.388262,0.195805,-0.05112,0.308941,0.13412,0.318014,0.14474,0.073867,0.13412,0.318014,0.0,0.308941,-0.410757,0.13412,0.398105,0.388262,-0.106954,0.131056,0.14474,-0.210299,0.22259,-0.408248,0.300094,0.23152,0.13412,-0.327299,0.22259,0.308941,0.13412,-0.226977,-0.270411,-0.319569,0.23152,0.388262,0.28748,0.408248,0.476634,0.23152,-0.226977,-0.524209,0.197531,-0.050735,0.356961,-0.387737,-0.344955,-0.293053,0.094617,0.13412,0.159212,-0.327299,0.398105,-0.357788,-0.524209,-0.01803,-0.06167,-0.280084,0.345338,0.006461,-0.280084,-0.226977,-0.626559,0.13412,0.076059,0.640318,0.308941,0.345338,0.359139,-0.357143,-0.383032,-0.249873,-0.201219,0.22259,0.098437,-0.166667,#
12,-0.218159,0.0542,-0.195181,0.179421,0.344555,-0.534208,-0.218159,-0.641299,-0.320062,0.344555,0.095229,-0.327239,1.0,0.065955,-0.112657,0.074552,-0.236798,0.078312,0.025358,0.065717,-0.223993,0.01195,0.498578,0.065234,-0.227369,-0.107863,-0.177071,0.176505,0.718491,-0.218159,-0.499498,-0.251999,-0.327161,0.099231,0.45001,0.528962,0.407961,-0.467388,0.018165,0.199658,0.361854,0.238131,0.080265,0.043232,0.095847,0.008191,0.470873,0.238438,0.014966,-0.179906,-0.44172,-0.499498,0.528962,-0.239733,0.082935,-0.506215,0.207455,0.165869,0.078111,-0.391124,0.335947,0.294677,0.211136,-0.053719,0.208368,0.232396,0.210688,-0.150463,0.361038,0.010533,-0.021106,-0.753929,-0.218159,-0.056866,0.175558,0.093997,-0.233938,-0.54101,0.189458,-0.554501,-0.056866,-0.255826,-0.554501,-0.42823,-0.255826,0.059914,-0.226249,-0.226249,-0.233844,0.303049,-0.525299,-0.248303,-0.534016,0.315003,-0.255826,-0.65396,0.086406,-0.428421,0.189458,-0.152022,0.282886,0.077847,-0.428421,-0.366402,-0.076085,-0.101476,0.189458,0.303049,0.189458,0.15771,0.156031,0.233102,-0.226249,-0.370457,-0.056866,-0.083629,-0.781124,0.303049,0.416266,0.000911,0.623893,-0.525299,-0.076085,0.136387,0.226437,-0.083629,-0.370457,0.176505,-0.29607,-0.056866,0.175558,-0.04904,0.189458,0.175557,-0.525299,0.416266,0.0,-0.056866,-0.024434,-0.554501,-0.366402,-0.352525,0.521102,0.073631,0.189458,-0.163861,-0.233938,0.362353,-0.54101,-0.226249,0.175558,-0.428421,-0.233938,-0.056866,0.175558,0.40439,0.254406,-0.01719,-0.248303,0.059914,-0.407227,0.076863,-0.216339,-0.248303,-0.056866,0.194605,-0.428239,-0.26541,-0.327072,-0.233938,0.452584,0.291543,-0.101476,0.175558,0.54313,-0.428421,0.068294,0.525414,0.194605,-0.238597,0.165712,0.200591,-0.35158,0.211194,0.200591,-0.056866,0.490203,-0.554501,-0.533996,-0.273681,-0.056866,-0.35158,0.183889,0.504627,0.266483,0.216981,0.465816,-0.255826,-0.548937,-0.218159,#
13,0.289758,0.10106,0.061718,-0.218227,0.644925,0.274769,-0.407807,0.111475,-0.598295,0.234458,-0.303273,-0.611711,0.065955,1.0,-0.143828,0.179918,0.399247,-0.297525,0.365671,-0.232999,0.000643,0.094439,0.179173,-0.232185,-0.791919,-0.136168,-0.392585,0.106595,0.053667,-0.407807,-0.288722,0.631822,-0.07826,-0.295707,-0.141825,0.262928,-0.075704,0.359088,0.116594,-0.611552,0.241599,0.393258,-0.645395,0.175936,0.038485,-0.382679,0.305517,0.293608,-0.420316,0.111475,0.038511,-0.288722,0.262928,0.051095,-0.249389,-0.346159,-0.255245,0.682811,-0.625787,0.073269,0.608998,0.146473,0.183312,0.010493,0.45128,0.561085,-0.128781,0.682888,0.46801,-0.171354,-0.095889,-0.396412,0.262928,-0.485346,-0.234717,0.550716,-0.34884,-0.471406,-0.253191,-0.2085,-0.036741,-0.368489,-0.2085,0.121127,-0.368489,-0.224246,-0.364074,-0.34311,-0.373836,-0.403673,0.446918,-0.383873,-0.136977,-0.398428,-0.368489,-0.373836,-0.25309,0.551463,-0.225232,-0.46003,0.689033,0.193375,0.551463,-0.23683,-0.5026,-0.552887,-0.253191,-0.382709,-0.253191,-0.174498,0.091377,-0.108659,-0.34311,-0.209095,-0.071249,0.384049,0.142402,-0.403673,-0.082932,0.496834,0.396206,0.446918,-0.520869,0.271158,0.341605,-0.060788,-0.627663,0.106595,-0.308865,0.359087,-0.234717,-0.082932,-0.225232,0.340728,0.446918,-0.553906,0.0,-0.485346,-0.006927,-0.2085,-0.23683,0.193375,0.169683,-0.136426,-0.253191,-0.031392,0.122753,0.2333,-0.471406,0.132073,-0.234717,0.551463,0.122753,-0.485346,-0.234717,0.377356,0.070192,0.525748,-0.383873,-0.224246,-0.452363,-0.6769,0.035683,-0.362909,0.377356,0.455055,0.129576,-0.334442,-0.094238,0.633644,0.550098,0.226438,-0.552887,-0.234717,-0.361375,0.551463,-0.659603,-0.344162,0.055006,-0.258902,0.322782,-0.583214,-0.067945,0.388148,-0.073996,-0.036741,0.595288,-0.2085,0.287395,-0.349618,-0.089518,-0.067945,-0.091216,0.565718,0.626458,0.414878,0.293569,0.142402,-0.1236,0.262928,#
14,-0.271984,-0.534034,-0.814138,-0.438808,-0.249667,0.591573,0.407976,0.494495,0.194764,-0.665779,0.433735,-0.407976,-0.112657,-0.143828,1.0,0.004685,-0.389405,-0.334671,0.127654,0.250366,0.440985,0.668303,-0.198935,-0.143171,-0.022418,0.595852,0.343034,0.10748,0.035572,-0.271984,0.198102,-0.06019,0.091973,0.215988,-0.280608,-0.271984,0.108011,-0.253922,0.801871,0.591828,-0.258242,0.068228,-0.019056,-0.627143,-0.527003,0.680523,-0.283981,-0.789389,0.22632,-0.379605,0.424171,0.198102,-0.271984,-0.416887,0.248023,0.464799,0.237499,0.373102,-0.198085,0.411253,0.472583,-0.151518,0.500322,0.606209,-0.42106,0.51102,-0.407976,0.046731,0.02755,0.32244,0.161528,0.354678,0.407976,0.09363,0.298604,-0.548218,0.423006,0.541758,0.316511,0.298604,0.09363,0.423006,0.298604,-0.533884,0.423006,0.250563,-0.114526,-0.093274,0.427333,0.438033,-0.339251,0.438033,0.20734,-0.082114,0.423006,0.004686,-0.586642,0.373887,-0.392096,0.299375,-0.235299,0.274563,0.373887,-0.132843,0.09363,0.589635,-0.42044,-0.093274,0.316511,-0.405609,-0.534426,-0.407976,-0.093274,0.274563,-0.326162,0.108148,-0.055073,0.438033,-0.380923,-0.229976,0.427333,-0.339251,0.556636,-0.051678,-0.263445,0.541758,0.682568,0.10748,0.041712,-0.30044,0.298604,-0.318646,-0.392096,-0.810933,-0.339251,0.086149,0.0,0.09363,0.441558,0.298604,-0.132843,-0.566406,-0.603126,0.399224,0.316511,0.127915,-0.055073,-0.249833,0.541758,-0.574992,0.298604,0.373887,-0.055073,0.09363,0.298604,-0.343653,-0.129627,-0.130377,-0.114526,-0.157442,-0.019938,-0.183211,-0.376728,-0.093274,-0.326162,-0.405551,-0.062456,0.383958,0.116505,-0.055073,-0.501849,-0.171652,0.138,0.298604,-0.019486,0.373887,0.262777,0.381307,-0.0,0.033838,0.027316,0.631834,0.126488,-0.001054,0.115612,0.09363,0.282749,0.298604,0.197467,-0.232445,-0.344682,0.126488,-0.389418,-0.523375,-0.061257,-0.407768,-0.240228,-0.074993,0.324494,0.407976,#
15,-0.213709,-0.419612,-0.332969,-0.667105,-0.073394,-0.005666,-0.213709,-0.095576,-0.313532,0.258441,-0.146549,0.086121,0.074552,0.179918,0.004685,1.0,-0.19537,0.274981,0.178462,0.525987,0.201587,-0.009398,-0.334736,0.545761,-0.318188,0.331126,-0.295265,0.428218,-0.159098,0.328537,0.267962,-0.060137,-0.320486,0.573635,0.504394,-0.213709,0.107919,0.324937,0.136326,-0.32048,-0.045109,0.390658,-0.189961,-0.255778,-0.022046,0.446561,-0.129291,0.310036,-0.052018,-0.628216,0.165815,0.267962,-0.213709,-0.337732,-0.783492,0.009039,0.111792,-0.096434,-0.47156,-0.552056,-0.022042,-0.119054,0.448445,0.113731,0.319145,-0.155014,0.25358,0.281942,0.163027,0.220412,0.001195,-0.211663,-0.213709,-0.064797,0.219645,0.046201,-0.239519,-0.072269,0.233608,0.219645,-0.413516,0.321145,0.219645,-0.419494,0.321145,0.201752,-0.880077,-0.232066,0.191339,0.332867,0.219645,0.332867,0.321235,0.344863,0.321145,-0.323002,0.007846,0.123193,0.233608,-0.15946,0.165815,0.067776,0.123193,0.540037,0.427513,0.333523,-0.630648,0.332867,0.233608,0.196869,0.072225,-0.320563,-0.232066,0.067776,0.427513,0.415905,0.321145,0.332867,-0.482025,0.322186,0.322123,0.219645,0.427513,0.600341,0.315184,0.070115,0.067776,0.428218,-0.636244,0.427513,0.219645,0.439422,0.233608,0.166043,0.219645,-0.130244,0.0,-0.064797,-0.051284,0.219645,0.540037,-0.459121,0.007846,0.385419,0.233608,0.438328,0.321145,-0.054692,-0.072269,0.332867,0.219645,0.123193,0.321145,-0.064797,0.219645,0.427513,0.373743,-0.409768,-0.315144,0.527122,-0.800514,0.015626,0.191339,0.332867,0.078794,-0.164357,0.133376,0.127925,0.074464,-0.075992,0.032447,0.089435,-0.523203,0.219645,-0.083031,0.123193,0.540037,-0.422442,-0.639965,-0.109387,0.195752,-0.318149,-0.306222,0.606747,0.287248,-0.064797,0.207276,0.219645,0.307933,0.349627,-0.137195,0.093262,0.268056,0.102526,0.332805,-0.3204,0.57298,0.321145,-0.499234,-0.213709,#
16,0.313189,0.213584,0.20575,0.341799,0.401574,0.021005,-0.333074,0.163572,-0.090125,-0.024338,-0.14127,0.003728,-0.236798,0.399247,-0.389405,-0.19537,1.0,-0.282251,0.116661,-0.411503,-0.581264,0.031126,-0.004864,-0.037092,-0.184614,-0.385194,-0.442562,-0.036104,0.154259,-0.333074,0.261232,0.497773,0.013595,-0.042221,-0.299801,-0.333074,-0.240281,0.248047,-0.187249,-0.499481,-0.008198,0.108812,-0.058051,0.461978,-0.296017,-0.215985,0.090952,0.149375,0.075327,0.148836,0.334608,0.261232,-0.333074,0.285504,0.056407,-0.246096,-0.284639,0.026919,-0.368723,-0.278427,-0.01032,-0.171703,-0.441661,0.164603,-0.201702,-0.113396,0.488425,0.010829,-0.087507,0.01699,-0.741546,-0.037372,0.362901,-0.636019,-0.284891,0.405235,-0.442906,-0.17324,-0.330988,0.346613,-0.220406,0.030412,0.346613,0.647606,0.030412,-0.00579,0.045103,-0.498718,-0.173685,-0.479295,0.346613,-0.002374,0.02173,-0.53596,0.030412,0.242542,0.006026,0.240814,-0.356891,-0.6115,0.334608,-0.392697,0.240814,-0.032965,-0.220406,-0.815433,0.368405,-0.498718,-0.330988,0.487385,-0.110705,0.003728,-0.498718,0.010002,-0.220406,0.22303,0.50373,-0.479295,0.209631,0.344038,-0.188244,0.346613,-0.203481,-0.076109,0.233964,0.238881,-0.377783,-0.036104,0.235833,0.212131,-0.284891,-0.251367,-0.356891,0.14161,0.346613,-0.192557,0.0,-0.636019,-0.582644,0.346613,-0.032965,0.436389,-0.009039,-0.262557,-0.330988,-0.172213,0.030412,-0.024354,-0.17324,-0.021796,-0.284891,0.240814,0.030412,-0.636019,-0.284891,-0.236391,-0.547962,0.282145,0.522024,-0.00579,0.159706,-0.02131,-0.1891,-0.021796,0.195206,0.225465,0.216157,-0.528894,0.037265,0.50373,0.213664,0.027784,0.017991,-0.284891,-0.6506,0.240814,-0.424645,-0.655125,-0.176048,0.457402,-0.366315,-0.492162,0.53334,-0.134513,0.01892,-0.652004,0.020787,0.346613,0.035474,-0.310653,0.253505,0.038913,0.516567,0.231163,0.028562,0.0181,0.34179,0.50373,-0.252508,0.362901,#
17,0.126592,0.085034,0.250632,-0.168118,-0.516467,-0.295805,0.126592,-0.251214,0.185724,0.15494,-0.544403,0.189889,0.078312,-0.297525,-0.334671,0.274981,-0.282251,1.0,-0.17791,0.517912,-0.397752,-0.219804,0.336513,0.492138,0.405774,-0.340902,-0.186958,-0.261395,-0.492376,0.126592,0.32344,-0.179488,0.222104,-0.06378,0.457795,-0.126592,0.449808,-0.195321,-0.45845,0.189839,0.158152,0.420302,-0.108404,-0.356351,0.091526,-0.18322,0.557722,0.266555,-0.252509,0.242875,0.052385,0.32344,-0.126592,-0.357163,-0.370112,-0.07321,-0.14638,-0.163755,0.333607,-0.187182,-0.236399,-0.047016,-0.272963,-0.109651,0.174535,-0.242253,0.189889,-0.242102,0.486336,0.446173,0.457184,0.150074,-0.970542,0.474103,-0.160084,-0.379777,-0.2127,-0.104471,-0.212547,0.087319,0.474103,-0.027269,0.087319,0.277164,-0.027269,0.51832,-0.252787,0.637463,-0.274793,-0.252787,-0.160084,-0.065944,-0.354144,0.603754,-0.027269,-0.274793,0.338487,-0.414335,0.974784,0.085122,-0.19317,-0.357462,-0.414335,0.491935,0.636927,0.336874,-0.212547,0.637463,-0.212547,0.188787,0.304809,0.0,0.637463,-0.20554,0.474103,-0.104471,-0.027269,-0.252787,0.44445,-0.308583,-0.423094,-0.160084,-0.138879,-0.402426,-0.189531,-0.104471,-0.20554,-0.261395,0.349456,-0.301702,-0.160084,0.44445,0.974784,0.260128,-0.160084,-0.338168,0.0,0.474103,-0.074284,0.087319,0.491935,-0.357462,0.338487,-0.237799,-0.212547,0.60989,-0.2127,0.155043,-0.104471,0.637463,-0.160084,-0.414335,-0.2127,0.474103,-0.160084,0.474103,0.63543,-0.524296,-0.065944,0.51832,-0.207439,0.46513,0.283517,0.824305,0.474103,0.237588,0.304759,0.42871,-0.656137,-0.2127,0.079904,0.588273,0.336874,-0.160084,0.066511,-0.414335,0.491935,0.061008,0.237588,0.374333,0.022306,0.162684,-0.650899,-0.458024,0.162684,0.474103,-0.35612,0.087319,-0.320368,0.079405,-0.301702,-0.650899,0.163672,0.065105,-0.209472,0.037958,0.088485,-0.027269,-0.194398,-0.970542,#
18,0.176777,0.347097,-0.28263,-0.28009,0.50196,0.101145,0.265165,0.153566,0.301545,0.123326,-0.519793,-0.287262,0.025358,0.365671,0.127654,0.178462,0.116661,-0.17791,1.0,-0.396541,0.248743,-0.127891,-0.020901,-0.056914,-0.677936,-0.33323,-0.425548,0.254882,0.151113,-0.500867,-0.26403,0.747691,-0.187997,-0.117339,-0.269498,0.235702,0.579629,0.636804,-0.035253,-0.165009,0.594818,-0.0442,-0.653692,0.025962,-0.459259,0.144717,0.119889,-0.203717,-0.080207,0.150655,-0.10287,-0.26403,0.235702,-0.376461,-0.175012,-0.615951,-0.196185,0.292487,-0.514559,-0.14774,0.271464,-0.246199,0.291832,0.033939,-0.015088,0.337384,0.309359,0.368811,0.068558,0.405926,-0.258522,-0.42169,0.117851,-0.386753,-0.17782,-0.124987,-0.349061,-0.454237,0.516851,-0.2354,0.049041,-0.305905,-0.2354,-0.151256,-0.305905,-0.024958,-0.451479,-0.31335,-0.26191,0.257075,0.484348,0.213589,0.031939,0.297791,-0.305905,-0.306576,-0.071426,-0.057854,-0.127933,0.130495,-0.131444,-0.091514,-0.057854,0.403347,-0.348858,-0.256117,-0.312157,-0.226379,0.516851,0.294808,0.112476,0.265165,-0.31335,-0.16223,0.124831,-0.397872,0.190397,0.257075,0.038228,0.187403,0.273076,0.484348,0.072446,0.332653,-0.103565,0.053049,-0.109193,0.254882,-0.28014,0.489293,-0.17782,0.584661,-0.127933,-0.246915,0.484348,0.023611,0.0,-0.386753,-0.365366,-0.2354,0.403347,-0.225666,-0.499982,0.486517,0.516851,-0.321065,0.233554,0.595392,-0.454237,0.273701,-0.17782,-0.057854,0.233554,-0.386753,-0.17782,-0.329911,-0.25395,0.336694,-0.407994,-0.48461,-0.529796,-0.090211,-0.214197,-0.269864,0.560624,0.269995,-0.06329,-0.537001,-0.273864,0.729855,-0.032436,0.481971,-0.390971,-0.17782,-0.551642,-0.057854,-0.007353,-0.025816,-0.224234,-0.183273,0.422055,-0.203875,0.169577,0.227285,0.425225,-0.348858,0.36732,-0.2354,-0.345917,-0.517455,0.004458,-0.286246,0.311794,0.470983,-0.296575,-0.214548,0.293927,-0.37064,-0.288863,0.117851,#
19,-0.408085,-0.801265,-0.397883,-0.299331,-0.604418,0.274312,0.263447,0.110888,-0.01227,-0.193464,0.024787,-0.108478,0.065717,-0.232999,0.250366,0.525987,-0.411503,0.517912,-0.396541,1.0,0.016726,0.530809,0.145318,0.173003,0.406373,0.246462,0.102532,-0.323297,-0.376881,0.263447,0.50448,-0.392232,0.414822,0.220226,0.339819,-0.408085,-0.075577,-0.325423,0.084306,0.395068,-0.177083,0.393191,0.150803,-0.490852,0.057814,0.382416,0.049698,0.12817,0.047096,-0.337001,0.426849,0.50448,-0.408085,-0.331561,-0.265133,0.526672,0.385777,0.07226,0.145782,-0.213,0.154096,0.161152,0.115908,0.459012,0.214676,-0.001744,-0.108478,0.131069,0.374605,0.187028,0.334832,0.184461,-0.408085,0.377343,0.408564,-0.217199,0.113276,0.358865,-0.291593,0.408564,-0.05452,0.605101,0.408564,-0.327202,0.605101,0.596945,-0.41305,0.131853,-0.004094,0.08252,-0.247632,0.08252,-0.160766,0.101032,0.605101,-0.004094,0.16998,0.111594,0.435146,-0.274099,-0.224446,-0.249061,0.111594,0.16998,0.809206,0.661468,-0.291593,0.627423,-0.291593,-0.156306,0.091834,-0.612127,0.131853,-0.249061,0.377343,0.358865,0.113276,0.08252,-0.082794,-0.150708,-0.004094,-0.247632,0.334352,-0.153452,-0.313725,0.358865,0.153886,-0.323297,0.017429,-0.529374,0.408564,-0.082794,0.435146,0.043499,-0.247632,-0.126162,0.0,0.377343,0.402742,0.408564,0.16998,-0.652008,0.16998,-0.22408,-0.291593,0.815337,0.113276,-0.177144,0.358865,0.131853,0.408564,0.111594,0.113276,0.377343,0.408564,0.377343,0.648746,-0.782467,0.08252,0.596945,-0.26953,0.145511,0.035063,0.627423,-0.05452,0.012236,0.128758,0.814337,-0.122806,-0.378549,0.092584,-0.0266,0.256413,0.408564,0.119664,0.111594,0.576976,0.097087,0.012236,0.321888,-0.245203,0.412086,-0.593439,-0.011214,0.412086,0.377343,-0.228277,0.408564,0.259096,0.281892,-0.097511,-0.098708,-0.102653,-0.354215,0.132962,-0.074126,0.278675,0.113276,-0.22882,-0.408085,#
20,-0.33312,-0.240974,-0.228321,-0.342701,-0.016309,0.416494,0.33312,0.288669,0.09309,-0.016309,0.162719,0.0,-0.223993,0.000643,0.440985,0.201587,-0.581264,-0.397752,0.248743,0.016726,1.0,0.01262,-0.423742,-0.368722,-0.205927,0.436605,0.450249,0.115273,-0.145227,0.33312,-0.36636,0.002298,-0.009795,-0.014705,-0.148456,0.306471,-0.215493,0.434353,0.257008,0.010195,-0.032628,-0.523014,-0.084024,-0.072408,0.28015,0.263607,-0.625853,-0.183507,-0.042777,-0.172807,-0.283278,-0.36636,0.306471,0.103022,-0.030918,0.305155,0.328871,0.032469,-0.02458,0.322261,0.030693,0.17073,0.513122,-0.115297,0.225703,0.133768,-0.49968,0.50162,-0.368061,-0.371436,0.287307,-0.027355,0.33312,0.215238,0.346192,0.015615,0.503449,0.242921,0.367984,-0.278792,-0.213222,0.035018,-0.278792,-0.65389,0.035018,-0.38284,-0.019667,0.001157,0.234606,0.521743,0.346192,0.049745,0.436133,0.015742,0.035018,0.195123,-0.028028,0.23551,-0.326325,0.410201,-0.309124,0.424228,0.23551,0.028978,-0.196084,0.430703,-0.354097,0.001157,0.367984,-0.496781,0.070318,-0.019987,0.001157,0.040448,0.215238,-0.18194,0.035018,0.521743,-0.678334,0.127893,0.218997,0.346192,0.25758,0.524368,-0.205047,-0.18194,0.440219,0.115273,-0.576262,0.240442,0.346192,0.22984,-0.326325,-0.176094,0.346192,0.211535,0.0,0.215238,0.457148,-0.278792,0.028978,-0.015991,-0.431816,0.359735,0.367984,-0.207872,0.503449,-0.016319,0.242921,0.001157,0.346192,0.23551,0.503449,0.215238,0.346192,-0.213222,0.052021,0.087889,-0.491665,-0.38284,-0.125261,-0.407987,0.196041,-0.470841,-0.213222,-0.234385,-0.191976,0.192668,0.499426,0.0155,-0.207134,-0.426329,-0.413683,0.346192,0.159747,0.23551,0.028978,0.202568,-0.234385,-0.706342,0.403591,0.001317,0.016566,0.580076,0.001317,0.215238,0.002045,-0.278792,0.417369,0.367751,0.197092,0.507398,-0.493221,-0.244415,0.00245,-0.033676,-0.315817,-0.452932,0.357296,0.33312,#
