0,1.0,-0.296097,0.106901,0.76462,-0.006845,0.3725,-0.105093,-0.121262,-0.606019,-0.433023,0.408409,0.23712,0.07406,-0.029596,-0.013513,-0.102904,0.049512,-0.428936,0.396531,-0.256983,0.66611,0.260657,-0.326773,-0.042509,0.259687,0.095205,0.347279,0.404455,0.084757,-0.40808,0.433892,0.337204,-0.035904,-0.092745,0.241694,-0.380842,0.28881,-0.12802,0.0,-0.40808,0.284419,0.654336,0.45519,0.257311,-0.612119,0.200396,0.083638,-0.08443,-0.291085,-0.446603,-0.427052,0.135321,0.159909,0.185279,0.480648,0.106487,-0.381555,0.181631,-0.322091,0.342236,0.327747,0.204262,0.081453,0.312017,-0.212583,-0.426554,-0.197496,0.189976,-0.195563,-0.502681,-0.070474,-0.460759,-0.40808,0.426629,-0.803665,0.695029,-0.127946,0.239668,-0.572451,-0.139438,0.103047,-0.010097,0.542497,-0.40808,-0.252542,-0.127946,0.135122,0.068617,-0.077866,-0.611807,0.0,-0.541638,0.426411,-0.426504,0.07591,0.072706,-0.143939,0.127921,-0.481118,0.413337,0.144973,0.037801,0.027798,-0.587237,0.335319,-0.092745,-0.151453,0.408401,-0.092745,0.239668,-0.143939,-0.111294,-0.541638,0.072706,0.394454,0.081066,-0.40808,-0.397654,-0.454671,0.559321,-0.397654,0.070558,0.158432,-0.40808,0.530062,-0.3032,-0.140451,-0.070474,0.397479,0.651048,0.127921,-0.612119,-0.433871,0.311202,-0.127946,0.218531,0.0,0.259687,0.443956,-0.044778,-0.397086,-0.028689,0.246149,0.202608,-0.131534,0.106566,-0.027556,-0.316751,-0.279832,-0.126399,-0.089851,-0.010097,-0.006028,0.246149,0.408388,-0.152498,-0.278907,-0.013569,-0.105598,-0.40808,0.057734,-0.3806,0.0,0.045797,-0.449251,-0.593151,0.072706,0.302196,0.426629,-0.043858,0.316344,0.298615,-0.140451,0.045797,-0.293412,0.330213,0.218531,0.053322,-0.406911,0.574485,-0.060006,0.030499,0.381501,0.552978,0.382094,0.394454,-0.127168,0.346206,0.347717,0.190428,0.354625,0.394704,0.376231,-0.623397,-0.37972,0.290684,0.132483,-0.361732,-0.319802,-0.014231,#
1,-0.296097,1.0,0.597395,-0.085854,-0.023063,0.400395,-0.109836,0.337447,0.258917,0.432004,-0.433339,-0.15163,0.081074,0.432004,0.399836,-0.088599,-0.413682,0.829342,-0.453542,0.586017,-0.184769,0.464284,0.590148,0.404411,0.249996,-0.375964,-0.088446,-0.19553,-0.421232,0.276311,-0.137849,0.148158,0.413446,-0.098682,-0.641456,0.543606,0.404113,-0.379455,0.0,0.276311,-0.407888,0.086622,-0.326222,-0.161049,0.414467,-0.787716,0.109126,0.291504,0.481334,0.105598,-0.004316,-0.295264,0.062487,-0.153975,-0.375232,-0.06881,-0.262513,-0.660299,-0.317693,-0.549709,-0.616595,-0.489009,-0.664694,-0.212373,0.22856,0.119716,0.169586,0.503342,0.104808,0.339274,0.104542,0.765028,0.276311,-0.611832,0.014629,-0.63839,-0.15015,-0.62424,0.342001,-0.156531,0.581302,-0.427937,-0.402669,0.276311,-0.275139,-0.132132,-0.263426,-0.420086,-0.113286,-0.113286,0.0,-0.108028,-0.61152,0.443833,-0.467551,0.061491,0.310311,0.556727,0.567659,-0.044896,-0.23216,0.52699,0.064843,-0.144474,-0.093631,-0.078946,-0.564017,-0.113286,-0.611832,-0.62424,0.77878,0.414467,-0.108028,0.061491,-0.018563,-0.369877,-0.407888,-0.390839,0.829201,-0.773426,-0.390839,-0.878324,-0.681187,-0.407888,-0.752399,-0.292669,-0.147125,0.104542,0.275613,0.195384,0.556727,0.434203,0.076379,-0.609649,-0.132132,-0.240083,0.0,0.249996,0.219392,-0.004581,0.079344,-0.282643,-0.629495,-0.614274,-0.093631,0.487747,-0.161259,0.346015,0.146554,0.395101,-0.554889,-0.427937,-0.004581,-0.182875,-0.031071,-0.145987,0.319281,0.383408,-0.119257,0.302626,0.567659,0.103799,0.0,0.589903,0.094471,0.241011,0.079344,-0.639112,-0.611832,-0.043006,-0.612804,-0.846921,-0.147125,0.053315,-0.281437,-0.176176,-0.240083,0.042274,0.492484,-0.714219,0.354352,-0.402162,-0.855177,-0.476723,-0.04237,-0.018563,0.166899,-0.132132,-0.558179,0.161652,0.356154,-0.640103,-0.027096,0.640251,-0.384399,-0.242305,-0.294098,0.356154,0.999084,-0.370478,#
2,0.106901,0.597395,1.0,0.329101,-0.026062,0.422001,0.392233,0.339466,0.322733,0.082586,-0.072602,-0.096726,0.084596,0.033822,0.000688,-0.60926,-0.393053,0.447777,-0.47238,0.556127,0.185843,0.753302,0.174048,0.474775,0.320174,-0.328507,0.358369,-0.15079,0.157409,-0.406271,-0.129869,-0.006936,0.044854,-0.12511,-0.073212,0.153131,0.492008,-0.309518,-4.9e-05,-0.406271,0.239458,0.198383,0.322895,-0.205444,-0.084752,-0.784594,-0.148956,0.379316,0.507076,-0.336885,-0.366746,-0.342396,0.491246,-0.186937,-0.370611,0.483161,-0.278803,-0.702716,-0.685949,-0.05515,-0.602515,-0.307391,-0.240325,-0.207807,0.263228,0.143472,0.208367,0.268466,0.305583,0.397993,0.217465,0.415487,0.293268,-0.12511,0.014594,-0.502774,-0.12486,-0.215351,0.295052,0.267105,0.147666,-0.024531,0.031232,-0.406271,0.193957,0.372534,0.116268,-0.428357,0.398188,-0.099691,0.0,-0.06527,-0.111216,0.004913,0.107238,0.031232,0.772701,0.992299,0.562009,0.373216,-0.215699,0.576765,0.047919,-0.12137,-0.150348,0.419724,-0.154875,-0.158469,-0.609406,-0.627178,0.772701,-0.145289,-0.06527,0.031232,0.351162,-0.407865,-0.406271,0.028595,0.423803,-0.321058,0.028595,-0.459133,-0.221195,-0.406271,-0.496085,-0.360761,-0.096414,0.217465,0.39451,0.615786,0.992299,-0.064573,0.024117,-0.119747,0.372534,0.213768,0.0,0.239458,0.253504,-0.035223,0.08599,-0.347008,-0.226438,-0.4878,-0.150348,0.576706,-0.148887,-0.31812,0.535441,0.400538,-0.098955,-0.024531,0.417245,0.230196,-0.063061,-0.13869,0.297824,0.013231,0.295052,0.320174,0.562009,0.076431,0.0,0.584139,0.097283,-0.161632,0.524053,-0.171043,-0.12511,0.407329,-0.147947,-0.542165,-0.153267,0.584139,-0.275588,0.275307,0.213768,-0.374435,0.082332,-0.344632,0.360774,-0.037918,-0.491205,-0.537436,-0.45837,0.351162,0.087958,0.372534,-0.158121,0.157805,0.350223,-0.63836,-0.072449,0.268056,-0.371611,0.270639,-0.338019,0.350223,0.574814,-0.313555,#
3,0.76462,-0.085854,0.329101,1.0,-0.293279,0.497177,0.07147,0.033854,-0.339545,-0.211515,0.187778,0.557953,0.198146,0.204963,-0.282546,-0.209462,0.262989,-0.233575,0.012065,-0.069418,0.518305,0.467236,-0.132466,0.328302,0.184127,-0.045786,0.567285,0.296411,0.256927,-0.50635,0.577396,0.603413,0.270263,-0.241667,0.313141,-0.031706,0.355524,-0.39555,5.2e-05,-0.50635,0.184127,0.66433,0.523596,0.044424,-0.759524,0.069733,0.043672,0.040408,-0.252679,-0.269044,-0.675934,0.302571,0.385366,0.45444,-0.188802,0.339603,-0.242503,-0.135168,-0.04704,0.557281,0.123768,0.384135,0.10498,-0.347995,-0.077165,-0.361003,0.064004,0.378968,-0.028171,-0.432444,-0.116328,-0.221349,-0.50635,0.319345,-0.628482,0.388356,-0.480428,0.076045,-0.43769,0.135318,0.333572,0.263485,0.451938,-0.50635,-0.078339,0.051435,0.340323,0.149815,-0.226755,-0.759137,0.0,-0.421968,0.297,-0.227201,0.246501,-0.055516,0.014227,0.340805,-0.377836,0.161675,0.340008,0.475798,0.150736,-0.322943,0.524538,0.340923,0.116278,0.299465,-0.198512,0.112742,0.014227,-0.263244,-0.421968,-0.055516,0.671004,-0.078638,-0.50635,-0.201691,-0.253031,0.327028,-0.201691,-0.17221,0.348508,-0.50635,0.324217,-0.211457,-0.271543,-0.116328,0.577704,0.482639,0.340805,-0.176935,-0.313138,0.530801,0.051435,0.052909,0.0,0.270437,0.458136,0.220776,0.003036,0.127063,0.100469,0.264623,0.020257,0.272327,-0.12715,-0.195728,-0.090658,-0.194477,0.103227,0.263485,0.261846,0.588747,0.223081,0.216433,-0.246892,0.090732,0.066591,0.270437,0.204216,-0.059458,0.0,0.173986,-0.406202,-0.35147,0.471456,-0.01116,0.319345,0.220479,0.014182,0.132782,-0.210749,0.173986,-0.611341,-0.005472,0.052909,-0.095109,-0.578081,0.32207,-0.283166,-0.077291,0.214759,0.134412,0.157276,0.671004,0.092327,0.5636,0.533179,0.023483,0.479483,0.325098,0.116484,-0.377823,-0.543409,0.079415,-0.170743,-0.294304,-0.10561,-0.246994,#
4,-0.006845,-0.023063,-0.026062,-0.293279,1.0,-0.31843,-0.216494,0.654635,-0.030763,-0.223889,0.231087,-0.434751,0.500259,0.178635,0.178742,0.009796,-0.195675,0.175428,0.682147,0.016084,0.040187,-0.325553,-0.068526,0.045772,0.30751,0.190008,-0.713277,-0.095863,-0.489863,0.333136,0.318263,-0.504096,-0.217807,0.518924,-0.448092,0.185052,0.016835,0.052111,0.0,0.333136,0.358762,-0.321593,-0.280645,0.439725,0.0,-0.307692,-0.425854,0.125687,0.387636,-0.522355,0.187921,0.010469,0.30425,-0.440412,0.355526,-0.090687,-0.334902,0.439725,-0.190006,-0.2092,0.132884,0.017637,-0.1017,0.451129,-0.197201,0.500259,-0.012924,-0.540827,0.202132,0.295662,0.381627,0.168995,-0.333136,0.019219,0.22879,0.32622,0.255391,0.051754,0.266816,-0.386155,-0.014727,-0.165644,-0.183504,0.333136,-0.009841,-0.200804,0.039743,0.485645,0.034028,0.01427,0.0,0.212299,0.034028,-0.195132,-0.487427,0.268496,0.230047,0.001841,0.52066,0.18737,-0.023063,-0.251068,0.52066,-0.39608,-0.182356,0.019219,0.015693,-0.01427,0.0,-0.389518,0.230047,0.499704,0.212299,0.268496,-0.179003,0.209752,0.333136,-0.165857,0.17131,-0.008312,-0.165857,-0.135451,-0.009841,0.333136,0.047655,-0.258032,0.480577,0.381627,-0.356313,0.427278,0.001841,0.0,0.048127,-0.23708,-0.200804,0.432608,0.0,-0.333136,-0.131866,-0.185586,-0.200889,0.162941,0.039375,-0.057549,0.266816,-0.042064,-0.494895,-0.365831,0.039743,-0.499418,-0.606575,-0.165644,-0.563895,-0.379435,-0.598817,-0.448393,0.469897,-0.143721,-0.182356,-0.333136,0.002216,0.209752,0.0,0.016748,0.503496,-0.386851,-0.183504,-0.156834,0.019219,0.210285,-0.225414,0.194303,0.029331,0.016748,0.403358,0.230047,0.432608,0.210164,0.197957,0.039743,0.201031,0.221206,-0.173635,0.509435,0.190583,-0.179003,0.376322,-0.656999,-0.2049,0.461467,-0.322523,-0.48142,0.609385,-0.014286,-0.206013,0.043828,0.796961,0.366704,-0.014727,-0.220198,#
5,0.3725,0.400395,0.422001,0.497177,-0.31843,1.0,-0.194105,-0.194105,-0.395621,0.347935,-0.31843,0.259099,-0.135877,0.323104,0.32131,0.141655,0.371196,0.347137,-0.099249,0.451707,0.259099,0.503922,0.400383,0.162498,0.072668,-0.547532,0.517208,0.143915,-0.170718,0.115413,0.078004,0.720824,0.29786,0.205179,-0.25822,0.228658,0.622164,-0.31812,0.000155,0.115413,0.158159,0.89805,-0.162871,0.284541,0.17312,-0.368128,0.617862,0.555939,0.021773,-0.20857,-0.380964,0.004615,0.278335,-0.174135,-0.156731,-0.282204,-0.171888,-0.254356,-0.1731,-0.225041,-0.105084,0.123562,-0.232433,-0.191832,-0.268926,-0.135877,-0.527941,0.895956,-0.177887,-0.10678,-0.206443,0.326529,0.115413,0.17312,-0.276073,-0.075971,-0.256906,-0.423619,-0.189873,0.309094,0.401342,-0.332147,0.200413,0.115413,-0.272332,-0.227638,-0.251918,-0.160557,0.20599,-0.683885,0.0,-0.212635,0.20599,0.372476,-0.202156,0.229411,-0.227638,0.428978,-0.168894,0.321772,-0.283972,0.202698,-0.168894,-0.390134,0.530558,0.237238,-0.371702,0.140073,-0.692478,-0.478143,0.533324,0.17312,-0.212635,0.229411,0.348451,-0.542869,-0.995972,-0.283067,0.348562,-0.347087,-0.283067,-0.356866,-0.272332,-0.995972,-0.285768,-0.102375,-0.73803,-0.206443,0.97721,0.260294,0.428978,0.205179,-0.160557,-0.258272,-0.227638,-0.45815,0.0,0.072668,0.925204,-0.347967,-0.524552,-0.186583,-0.440358,-0.246882,-0.189873,0.690539,0.135734,-0.18774,-0.251918,0.14195,-0.218691,-0.332147,0.375352,0.285113,0.294537,-0.350027,-0.276165,0.474781,-0.218691,0.158159,0.662642,-0.485875,0.0,0.696358,-0.133606,0.287977,0.25841,-0.391493,0.17312,-0.344526,-0.29826,-0.325871,-0.73803,-0.175253,-0.289282,-0.286174,-0.45815,0.181428,0.188089,-0.306158,-0.422103,-0.579834,-0.376848,-0.246575,0.279887,0.348451,0.337126,0.504056,-0.210579,-0.523003,0.993682,0.11766,0.330693,0.269957,-0.527686,0.28682,-0.308047,-0.111774,0.401342,-0.345004,#
6,-0.105093,-0.109836,0.392233,0.07147,-0.216494,-0.194105,1.0,0.050295,0.534757,0.215651,0.219071,0.103157,0.220727,-0.645134,-0.240853,-0.762506,-0.171393,-0.210569,-0.41163,-0.059486,-0.345583,0.471389,-0.564923,0.317484,0.189974,-0.078095,0.488965,0.304325,0.782572,-0.508459,-0.133467,-0.131897,-0.229342,-0.196958,0.639133,-0.046113,-0.43003,0.399745,-0.000101,-0.508459,0.245848,-0.314506,0.417719,-0.765311,-0.217911,-0.107749,-0.50599,0.111954,0.471976,0.209429,-0.230791,-0.246368,-0.039643,-0.045552,-0.269265,0.320108,0.452607,-0.49859,-0.080736,0.540731,-0.033269,-0.31149,-0.000154,-0.290573,0.537848,-0.282022,0.507083,-0.178689,0.662831,0.471203,0.458584,-0.19345,0.217911,-0.196958,0.246791,-0.285858,0.482466,0.534726,0.064455,0.117337,-0.128845,0.226586,-0.063597,-0.508459,0.36183,0.998938,0.383257,-0.317194,0.348241,0.3267,0.0,0.045044,0.348241,-0.205417,0.739602,-0.063597,0.529225,0.358839,0.205794,-0.230729,-0.076091,0.411666,0.205794,0.550993,-0.425234,0.368773,0.123178,-0.7623,-0.217911,0.053651,0.031881,-0.762689,0.045044,-0.063597,-0.203224,-0.51384,0.217911,0.687487,-0.230729,0.309913,0.687487,0.2083,0.36183,0.217911,-0.204175,-0.212013,0.306484,0.458584,-0.068609,0.067885,0.358839,-0.196958,-0.317194,0.49587,0.998938,0.51819,0.0,0.189974,-0.131057,0.224503,0.429173,-0.144511,0.078049,0.199352,0.064455,0.295783,-0.283256,-0.257999,0.383257,0.306373,0.526938,0.226586,0.671954,0.09561,-0.258966,0.057522,-0.320688,-0.340392,0.064455,0.245848,-0.359415,-0.010968,0.0,0.197921,0.233257,0.086084,0.448126,0.500901,-0.196958,0.655508,0.484607,0.096704,0.306484,0.767582,0.333288,0.012752,0.51819,-0.08905,-0.080602,-0.095322,0.17985,0.415876,0.191836,-0.398226,-0.704502,-0.203224,-0.461241,0.501594,0.081162,0.024449,-0.264915,-0.231611,-0.254668,0.071642,0.420711,0.533149,-0.557699,0.48648,-0.128845,0.216912,#
7,-0.121262,0.337447,0.339466,0.033854,0.654635,-0.194105,0.050295,1.0,0.090222,-0.206303,0.219071,-0.345583,0.7645,0.232529,-0.240853,-0.207179,-0.203178,0.221826,0.08987,0.379517,0.103157,-0.018253,-0.105813,0.317484,0.189974,-0.078095,-0.46949,-0.318899,-0.309765,0.217911,0.558346,-0.230439,0.212858,0.34782,-0.327266,0.429074,0.214189,-0.022282,-0.000101,0.217911,0.245848,-0.254732,-0.217571,0.12376,-0.217911,-0.616,-0.50599,0.010744,0.584094,-0.339733,-0.230791,0.283543,0.459095,-0.063334,-0.215945,0.148739,-0.221443,-0.054055,-0.080736,0.063408,-0.033269,-0.061529,-0.360493,-0.094705,-0.115918,0.261751,0.507083,-0.344417,0.521711,0.471203,0.519016,0.205732,-0.508459,-0.196958,0.271263,0.063078,0.040382,0.097205,0.554143,-0.308467,0.340777,0.226586,-0.063597,0.217911,-0.069245,0.059511,0.383257,0.240876,-0.180702,-0.202243,0.0,0.072029,-0.180702,-0.18039,-0.328014,0.429173,0.529225,0.358839,0.771002,-0.230729,-0.076091,0.411666,0.771002,-0.31262,0.064455,0.368773,0.123178,-0.233357,-0.217911,-0.38387,0.529225,0.326867,0.072029,0.429173,0.221682,-0.056496,0.217911,-0.15379,0.224503,-0.135121,-0.15379,-0.579916,-0.069245,0.217911,-0.069097,-0.170691,0.306484,0.519016,-0.199776,0.518414,0.358839,0.34782,0.240876,0.02574,0.059511,0.51819,0.0,0.189974,-0.160032,0.224503,0.429173,0.417209,0.078049,0.084477,0.554143,0.196423,-0.755348,-0.257999,0.383257,-0.254592,-0.398029,0.226586,-0.187929,0.09561,-0.694186,0.057522,0.567267,-0.340392,0.064455,0.245848,0.205794,0.446376,0.0,0.229568,0.264486,-0.336746,0.448126,-0.406983,-0.196958,0.655508,-0.472261,-0.20262,0.306484,0.229568,-0.091214,0.012752,0.51819,-0.058343,-0.080602,-0.095322,0.17985,0.415876,-0.2206,0.190456,-0.231121,0.221682,0.468843,-0.437833,0.048896,0.513435,-0.223171,-0.740788,0.225141,0.071642,-0.512402,-0.304688,0.338064,0.528225,0.340777,-0.674741,#
8,-0.606019,0.258917,0.322733,-0.339545,-0.030763,-0.395621,0.534757,0.090222,1.0,0.41835,-0.407756,0.175742,-0.100305,0.007536,-0.024688,-0.407899,-0.398151,0.414728,-0.424272,-0.144814,-0.665681,0.170604,0.210067,0.599716,0.381843,0.327437,0.069671,0.002513,0.418417,-0.271998,-0.43422,-0.328556,0.013962,-0.407997,0.160228,0.357194,-0.338658,-0.222683,4.7e-05,-0.271998,-0.271998,-0.703998,0.241075,-0.665846,0.101999,-0.182708,-0.603191,0.054371,0.250895,0.42862,0.395715,-0.622311,-0.145307,-0.169164,-0.505107,0.429658,0.318541,-0.582615,-0.036794,0.097566,-0.454078,-0.403203,-0.050023,-0.365716,0.659811,0.408751,0.52659,-0.215217,0.198369,0.492767,0.006745,0.45131,0.407997,-0.407997,0.414488,-0.698542,0.061681,-0.231296,0.124597,0.170991,-0.164207,0.034523,-0.533068,-0.271998,0.642763,0.545179,-0.117629,-0.113865,0.087383,0.611683,0.0,0.502133,-0.407789,0.020906,0.407922,-0.533068,0.545179,0.251008,0.407922,-0.047716,0.258917,0.375133,-0.091805,0.610929,-0.766782,0.121614,0.18258,-0.407789,0.101999,-0.231296,0.079588,-0.407997,0.502133,-0.533068,-0.376899,-0.080592,0.407997,0.42835,0.394842,-0.219056,0.42835,-0.047606,0.23921,0.407997,-0.64248,-0.352318,0.592254,0.006745,-0.388209,-0.283212,0.251008,0.121614,-0.066979,0.066117,0.545179,0.151055,0.0,-0.271998,-0.444643,0.054273,0.407292,-0.470574,-0.237464,-0.23146,-0.308359,-0.10804,0.037882,0.261891,0.289832,0.117386,0.124597,0.034523,0.030597,-0.221025,-0.407433,0.170492,0.22604,0.17049,0.124597,0.434151,-0.121201,0.390174,0.0,-0.110304,0.394001,0.169295,-0.054016,0.101449,-0.407997,0.417956,0.082687,-0.06682,0.131714,0.422986,0.234771,0.061681,0.151055,-0.124715,0.326827,-0.565652,0.40865,-0.058744,-0.390261,-0.633388,-0.446767,-0.376899,-0.315211,0.079588,-0.320883,0.173423,-0.426863,-0.405535,-0.442265,0.56425,0.36177,0.082804,-0.197548,0.276559,0.251008,0.422178,#
9,-0.433023,0.432004,0.082586,-0.211515,-0.223889,0.347935,0.215651,-0.206303,0.41835,1.0,-0.611527,0.414271,-0.002379,0.219509,0.578006,0.013741,0.190759,0.615411,-0.160692,0.025686,-0.815107,0.317352,0.39786,0.496309,0.312399,-0.237057,0.230115,0.461024,0.007243,0.338217,-0.195046,0.405953,0.228993,0.003873,-0.228262,0.665077,-0.260106,-0.11414,4.7e-05,0.338217,-0.333053,-0.004462,-0.387407,-0.404494,0.507325,-0.191564,0.098689,0.587892,0.311439,0.524471,0.197073,-0.386421,-0.26901,-0.319324,-0.410973,-0.447393,0.364368,-0.417134,0.324453,-0.215925,-0.145781,-0.220338,-0.353568,-0.448048,0.384115,0.016949,-0.105905,0.559217,0.146165,0.287281,0.009344,0.637064,0.338217,-0.49958,0.215632,-0.503541,0.18365,-0.425463,-0.171927,0.010772,0.429547,-0.570224,-0.652726,0.338217,-0.023884,0.201328,-0.391859,-0.029754,-0.010506,-0.010506,0.0,0.200751,-0.029307,0.621545,-0.030358,-0.197336,-0.216059,0.011314,0.017634,-0.240374,0.002752,0.243845,-0.001339,0.406274,-0.188366,0.023236,-0.388933,-0.499325,-0.49958,-0.425463,0.243558,0.003873,0.200751,-0.197336,-0.565291,-0.653771,-0.333053,0.191551,0.617206,-0.491204,0.191551,-0.277904,-0.039207,-0.333053,-0.784273,-0.300064,-0.043872,0.009344,0.362716,-0.437359,0.011314,0.526689,-0.45182,-0.269428,0.201328,-0.44253,0.0,-0.333053,0.416899,-0.178348,-0.179821,-0.359162,-0.814151,-0.195826,-0.188366,0.502546,-0.05849,0.342298,-0.376389,0.019118,-0.213507,-0.570224,0.218979,-0.37597,-0.208838,-0.3553,-0.44833,0.685068,-0.624469,0.364035,0.017634,-0.189046,0.0,0.510363,0.474971,0.814374,-0.179821,-0.295436,-0.49958,-0.200551,-0.248608,-0.156396,-0.498503,-0.016086,0.385159,-0.693354,-0.44253,0.625617,0.662566,-0.834134,-0.224045,-0.644717,-0.603682,-0.532949,0.158757,-0.565291,-0.044113,0.201328,-0.629289,-0.432775,0.328652,-0.029319,0.173854,0.835618,0.19825,0.310226,-0.418881,0.328652,0.445312,0.208777,#
10,0.408409,-0.433339,-0.072602,0.187778,0.231087,-0.31843,0.219071,0.219071,-0.407756,-0.611527,1.0,-0.403697,0.500259,-0.596045,-0.193637,-0.499584,-0.16652,-0.602557,0.256215,0.000596,0.420746,0.123577,-0.78556,-0.493996,-0.333136,-0.223773,-0.233506,0.080032,0.011116,-0.333136,0.343646,-0.413706,-0.623421,0.019219,0.201316,-0.653806,-0.294618,0.546149,0.0,-0.333136,0.358762,-0.02636,0.329368,0.031969,-0.499704,0.158508,-0.072936,-0.102835,0.233373,-0.522355,-0.593182,0.515979,0.30425,0.40779,0.37998,0.223694,-0.386426,0.439725,-0.190006,0.228631,0.132884,0.246917,0.357363,0.271467,0.080725,-0.459677,0.094778,-0.540827,0.532714,-0.272284,0.680107,-0.619647,-0.333136,0.019219,-0.175262,0.486253,0.230047,0.816263,0.201552,-0.386155,-0.038659,0.18308,0.20282,-0.333136,-0.367677,0.230047,0.800284,0.019688,0.034028,0.01427,0.0,-0.614048,0.519208,-0.218089,0.002216,0.20282,0.230047,0.001841,0.002216,-0.169525,0.00789,-0.251068,0.491858,0.0,0.176598,0.019219,0.015693,-0.01427,0.0,0.374991,-0.226148,0.0,-0.614048,0.20282,0.173712,0.209752,0.333136,0.219979,-0.603153,0.446079,0.219979,0.261034,0.027732,0.333136,0.714816,0.287188,0.029331,0.680107,-0.235999,0.427278,0.001841,-0.499704,-0.026251,0.242934,0.230047,0.432608,0.0,0.30751,-0.258622,0.565679,0.185436,0.574697,0.397333,0.169403,0.625771,0.049074,-0.494895,-0.365831,0.401045,-0.03376,0.201552,0.18308,0.18737,-0.021477,0.161672,-0.075509,-0.140969,-0.690486,0.201552,-0.333136,-0.516229,0.209752,0.0,-0.012282,0.034154,-0.412708,0.20282,0.273908,0.019219,0.210285,0.199279,0.099264,0.480577,0.510248,0.002995,0.230047,0.432608,-0.224247,-0.667148,0.800284,0.201031,0.644432,0.568438,0.477671,-0.203354,0.173712,-0.050244,-0.226148,0.637467,0.407557,-0.360813,-0.014371,0.210099,-0.821438,0.208137,0.084598,0.015801,0.328414,-0.445494,-0.230029,#
11,0.23712,-0.15163,-0.096726,0.557953,-0.434751,0.259099,0.103157,-0.345583,0.175742,0.414271,-0.403697,1.0,-0.085442,0.398934,-0.017003,0.077399,0.430856,0.017953,0.043341,-0.551349,-0.273446,0.183923,0.188885,0.609304,0.388095,0.335718,0.560013,0.595386,0.39924,-0.271931,0.269454,0.685177,0.408364,-0.407896,0.350667,0.365755,-0.146475,-0.523485,2.4e-05,-0.271931,-0.271931,0.242897,0.317044,-0.277284,-0.407896,0.435449,-0.089444,0.08586,-0.465378,0.409336,-0.042309,-0.088059,-0.141545,0.278963,-0.387501,0.081076,0.26541,-0.190035,0.480349,0.527611,0.193693,0.294361,0.112562,-0.583257,0.214097,-0.124211,0.057107,0.431894,-0.258616,-0.356389,-0.456979,0.085602,-0.271931,0.087123,-0.383096,0.111606,-0.395679,-0.251351,-0.761972,0.186355,0.263054,0.026586,-0.085174,-0.271931,0.23456,0.092392,-0.133259,0.378633,-0.407688,-0.407688,0.0,0.067774,0.092168,0.029018,0.406987,-0.532936,-0.351492,-0.156088,-0.611051,-0.032908,0.661856,0.383855,-0.106597,0.191106,0.120041,0.126725,0.174607,0.101215,0.087123,0.169594,-0.351492,-0.407896,0.067774,-0.532936,0.036248,-0.093773,-0.271931,0.019426,0.000184,0.191917,0.019426,0.015249,0.641931,-0.271931,-0.083218,-0.359105,0.05788,-0.456979,0.350882,-0.279437,-0.156088,0.126725,-0.570203,0.504887,0.092392,-0.284865,0.0,-0.271931,0.317628,0.038791,-0.049353,-0.205981,-0.249852,0.324337,-0.324921,0.000361,0.147567,0.307829,-0.544574,-0.407662,0.120041,0.026586,0.038791,0.198222,0.015353,0.236164,-0.486854,0.614055,-0.31701,0.440897,-0.097467,-0.058571,0.0,-0.095589,-0.117707,0.176839,-0.049353,0.038119,0.087123,0.000184,0.077186,0.431911,-0.407017,-0.095589,-0.181756,-0.387645,-0.284865,0.343086,-0.104677,-0.16676,-0.440059,-0.508118,0.013092,-0.120828,0.382372,0.036248,-0.152018,0.54431,0.127949,-0.251932,0.275382,0.600732,-0.012207,0.165683,-0.085226,0.117294,-0.180086,-0.407383,-0.156088,0.366216,#
12,0.07406,0.081074,0.084596,0.198146,0.500259,-0.135877,0.220727,0.7645,-0.100305,-0.002379,0.500259,-0.085442,1.0,0.016949,-0.022463,-0.361989,0.027579,0.004541,0.302851,0.129101,-0.085442,0.171033,-0.422463,0.240219,0.134367,-0.252751,-0.351253,0.225742,-0.227231,0.166359,0.775647,-0.026908,-0.005543,0.273533,-0.187687,0.328103,-0.227412,0.224911,0.000116,0.166359,0.198351,-0.113732,-0.16691,-0.0619,-0.374308,-0.284025,-0.373232,0.218606,0.617514,-0.258431,-0.513736,0.49218,0.36391,0.175913,-0.134329,-0.068432,-0.18926,0.141722,0.208017,0.238694,0.185561,0.158534,-0.208788,-0.220598,0.106827,-0.198415,0.380249,-0.255232,0.768732,0.166874,0.777735,0.007034,-0.665437,-0.350314,0.061222,0.311982,0.204446,0.40898,0.2545,-0.556884,0.593401,0.010449,-0.235845,0.166359,-0.384192,0.226351,0.632388,0.382349,-0.331635,-0.356302,0.0,-0.297606,0.274079,0.031306,-0.260557,0.328447,0.226351,0.106178,0.386686,-0.513285,0.119716,0.308426,0.997972,-0.067124,0.223347,0.297527,-0.062692,-0.391933,-0.374308,-0.141919,0.226351,0.249539,-0.297606,0.328447,0.004844,-0.227974,0.166359,0.056234,0.00802,0.052116,0.056234,-0.416593,0.10945,0.166359,0.129697,-0.13395,0.226467,0.777735,-0.048526,0.390325,0.106178,0.273533,-0.221216,0.190985,0.226351,0.390238,0.0,0.134367,0.022461,0.500363,0.328447,0.61356,-0.113956,0.275643,0.784108,0.418359,-0.988549,-0.187494,0.133965,-0.416241,-0.306262,0.010449,0.02807,-0.093846,-0.545747,-0.136863,-0.057099,-0.251196,-0.306262,0.198352,-0.260557,0.347885,0.0,0.382485,0.413736,-0.088646,0.35015,-0.304726,-0.350314,0.501916,-0.37821,0.00791,0.226467,0.382485,0.093235,-0.365082,0.390238,0.312958,-0.244951,0.084349,-0.04295,0.329702,-0.010172,0.337062,-0.022321,0.004844,0.327205,-0.343177,0.229655,0.391971,-0.183857,-0.370181,0.506687,-0.110067,-0.217951,-0.054461,0.098632,0.676596,0.085494,-0.542933,#
13,-0.029596,0.432004,0.033822,0.204963,0.178635,0.323104,-0.645134,0.232529,0.007536,0.219509,-0.596045,0.398934,0.016949,1.0,0.187827,0.488224,0.190759,0.615411,0.203736,0.025686,-0.016993,-0.117743,0.790134,0.496309,0.312399,0.196503,-0.204404,-0.092772,-0.516161,0.338217,0.322323,0.405953,0.606818,0.003873,-0.569305,0.665077,0.445496,-0.841664,4.7e-05,0.338217,-0.333053,0.215437,-0.26174,0.386141,0.003873,-0.173499,0.078935,0.138213,-0.263417,-0.001802,0.166224,0.00987,0.191897,0.013147,-0.33706,-0.060607,-0.285504,-0.021513,0.20174,-0.232238,-0.145781,0.241661,-0.206278,-0.298864,-0.201469,0.481561,-0.105905,0.381516,-0.453745,-0.181014,-0.466436,0.637064,-0.333053,-0.015491,-0.168834,-0.019842,-0.667819,-0.814244,-0.171927,0.017895,0.445312,-0.174967,-0.214851,0.338217,-0.016674,-0.650142,-0.376389,0.48488,-0.499325,-0.499325,0.0,0.208424,-0.499325,0.243476,-0.49577,-0.197336,-0.216059,0.011314,0.017634,0.164145,0.400819,0.243845,0.017634,-0.37648,0.263209,0.023236,0.006324,0.48716,-0.015491,-0.402594,0.243558,0.507325,0.208424,-0.197336,0.227165,0.199182,-0.333053,-0.570959,0.617206,-0.467942,-0.570959,-0.584276,-0.016674,-0.333053,-0.28735,-0.263345,-0.043872,-0.466436,0.246162,-0.021006,0.011314,0.526689,0.04408,-0.244854,-0.650142,-0.44253,0.0,-0.333053,0.262416,-0.163066,-0.179821,-0.063003,-0.408428,-0.17541,-0.171927,-0.027193,0.044587,0.342298,-0.376389,-0.499293,-0.616733,-0.174967,-0.560394,0.029753,-0.186088,0.067341,0.348596,0.685068,-0.189333,0.364035,0.519878,0.233606,0.0,0.032284,0.003219,0.021842,-0.179821,-0.700477,-0.015491,-0.200551,-0.677584,-0.1032,-0.498503,-0.494164,-0.410507,-0.251414,-0.44253,0.216325,0.20418,-0.40915,-0.224045,-0.644717,-0.579249,0.009847,0.595239,0.227165,0.514789,-0.208202,-0.211827,0.019119,0.365745,0.000845,0.214985,0.40794,-0.648031,-0.448652,0.393012,-0.301944,0.445312,-0.228981,#
14,-0.013513,0.399836,0.000688,-0.282546,0.178742,0.32131,-0.240853,-0.240853,-0.024688,0.578006,-0.193637,-0.017003,-0.022463,0.187827,1.0,0.013749,-0.205343,0.584433,0.320784,-0.006125,-0.400647,0.299458,0.364814,0.049974,0.312586,-0.2372,-0.221249,0.483466,-0.517966,0.33842,-0.220752,0.041706,-0.21183,0.003875,-0.627749,0.191622,-0.166068,-0.097152,4.7e-05,0.33842,-0.333253,0.140097,-0.335574,0.006324,0.50763,-0.173603,0.312215,0.569527,0.281719,-0.003305,0.197191,-0.406254,-0.187134,-0.335959,0.280942,-0.489309,-0.338616,0.009486,-0.186144,-0.675063,-0.259984,-0.22047,-0.256952,0.243315,0.326217,-0.022463,-0.477295,0.379781,-0.037442,-0.105568,0.1555,0.546586,0.33842,-0.49988,-0.207232,-0.16257,0.200466,-0.410158,-0.214603,-0.422156,0.404751,-0.9977,-0.653117,0.33842,-0.462194,-0.259427,-0.41668,-0.059544,-0.010513,-0.010513,0.0,-0.265557,-0.010513,0.597885,-0.55414,-0.197454,-0.259427,-0.029507,-0.031493,0.157048,-0.013766,-0.248041,-0.031493,-0.017164,-0.214603,-0.49988,-0.8163,-0.010513,-0.49988,-0.410158,0.200466,0.50763,-0.265557,-0.197454,-0.604743,-0.231258,-0.333253,-0.221058,0.578,-0.475671,-0.221058,-0.262698,-0.462194,-0.333253,-0.458067,-0.339924,-0.043898,0.1555,0.241645,-0.021019,-0.029507,0.003875,-0.500608,-0.730874,-0.259427,-0.442795,0.0,-0.333253,0.396539,-0.202741,-0.653117,-0.389344,-0.81464,-0.594694,-0.214603,0.410971,-0.058525,0.296625,-0.41668,0.019129,-0.667416,-0.9977,-0.202741,-0.81464,0.208963,-0.812239,-0.308066,0.658182,-0.667416,-0.333253,-0.031493,-0.231258,0.0,0.480279,0.445269,0.397807,-0.653117,-0.278912,-0.49988,-0.637227,-0.260833,-0.254428,-0.498802,-0.046486,0.374319,-0.259427,-0.442795,0.613979,0.634297,-0.41668,0.18323,-0.674686,-0.614801,-0.034484,0.559943,-0.604743,-0.059645,-0.259427,-0.659503,-0.00913,0.288763,-0.042617,0.580497,0.392754,0.186593,0.325825,-0.030862,0.288763,0.404751,0.223767,#
15,-0.102904,-0.088599,-0.60926,-0.209462,0.009796,0.141655,-0.762506,-0.207179,-0.407899,0.013741,-0.499584,0.077399,-0.361989,0.488224,0.013749,1.0,0.484157,0.005909,0.275199,-0.098579,0.077399,-0.738733,0.429771,-0.247085,-0.166627,0.221488,-0.19766,-0.2459,-0.406953,0.682842,0.053896,0.35947,0.495873,0.387162,-0.272091,0.228699,0.308764,-0.14979,-1.5e-05,0.682842,-0.166627,0.21536,-0.612999,0.592622,0.387162,0.272594,0.388061,-0.274147,-0.5681,0.237891,0.496176,0.167704,-0.324158,-0.18381,0.195102,-0.590056,0.226126,0.388673,0.446609,-0.24616,0.448026,0.166399,-0.154065,0.193192,-0.719863,0.225961,-0.40151,0.247734,-0.713084,-0.154026,-0.658757,0.008977,-0.166627,0.362658,0.01552,0.276232,-0.178963,-0.407367,-0.188689,0.09903,-0.061258,0.001334,0.227557,0.682842,-0.097518,-0.760592,-0.610815,0.284487,-0.249812,-0.249812,0.0,0.352845,-0.249812,0.027355,-0.358463,0.249721,-0.760592,-0.610468,-0.33304,0.012968,-0.128063,-0.326503,-0.33304,-0.407873,0.361961,-0.24994,0.092034,0.379967,0.362658,0.113563,-0.178963,0.387162,0.352845,0.249721,0.007083,0.21745,-0.166627,-0.499493,0.033444,-0.076655,-0.499493,0.01887,-0.097518,-0.166627,0.099339,0.218018,-0.249401,-0.658757,0.060178,-0.407319,-0.610468,0.387162,0.284487,-0.195167,-0.760592,-0.406978,0.0,-0.166627,0.182721,-0.498936,-0.326559,0.062884,0.106109,0.249878,-0.188689,-0.399091,0.435005,0.216249,-0.610815,-0.249797,-0.210715,0.001334,-0.498936,0.106109,0.019,0.128717,0.112032,0.277646,-0.210715,-0.166627,0.302532,-0.327082,0.0,-0.328404,-0.338386,0.152403,-0.326559,-0.226008,0.362658,-0.498266,-0.181044,0.197913,-0.249401,-0.994606,-0.048244,-0.201333,-0.406978,0.278724,0.274279,-0.09259,-0.498607,-0.29354,0.034258,0.317745,0.549347,0.007083,0.287223,-0.201333,-0.218135,-0.392601,0.239399,0.400491,0.055478,0.156379,-0.296912,-0.404276,0.449498,-0.605539,-0.061258,-0.028576,#
16,0.049512,-0.413682,-0.393053,0.262989,-0.195675,0.371196,-0.171393,-0.203178,-0.398151,0.190759,-0.16652,0.430856,0.027579,0.190759,-0.205343,0.484157,1.0,-0.216904,0.242936,-0.002034,0.025936,-0.275875,0.037646,-0.073572,-0.33305,-0.196708,0.270541,0.092526,0.054204,0.299015,0.36592,0.58606,0.200022,0.484988,0.145315,0.205767,0.072588,0.036467,-8.8e-05,0.299015,0.347636,0.448521,-0.294709,0.404674,-0.025526,0.328432,0.395582,0.263737,-0.325707,0.007634,-0.215067,0.532974,0.195711,0.02702,-0.245459,-0.385322,0.357186,0.413601,0.685414,0.266231,0.517318,0.699372,0.291647,-0.391913,-0.535192,0.007979,-0.4531,0.297482,-0.12176,-0.188445,-0.268897,-0.134935,-0.33305,0.521453,0.195503,0.335162,-0.181247,0.029889,-0.1943,0.436996,0.028466,0.238521,0.270836,0.299015,0.047101,-0.164602,0.035303,0.539572,0.025513,-0.49932,0.0,0.250078,0.521188,0.199437,0.083442,0.237852,-0.604773,-0.355736,-0.454625,-0.144062,0.019288,-0.189589,0.045609,0.00255,0.697985,0.503221,0.41981,0.025513,0.01094,0.029889,-0.172,-0.025526,0.250078,0.237852,0.252711,-0.199974,-0.33305,0.215641,-0.18977,0.087877,0.215641,0.271885,0.451063,-0.33305,0.239375,0.397047,-0.498497,-0.268897,0.48464,-0.367113,-0.355736,0.466756,0.045656,0.314408,-0.164602,-0.373374,0.0,-0.33305,0.478469,-0.182998,-0.207433,0.423619,0.041598,0.513335,0.239096,0.129355,0.074034,-0.265185,-0.372572,-0.499288,0.271874,0.238521,0.243602,0.454187,-0.158084,0.063761,-0.400154,0.139998,-0.161522,0.323325,0.075035,-0.216181,0.0,0.06048,0.031042,0.421142,0.254344,-0.187026,0.521453,-0.159084,-0.141321,0.431766,-0.498497,-0.435222,0.03476,-0.588128,-0.373374,0.267819,-0.179597,0.050727,-0.996604,-0.197001,0.264933,0.069536,0.251812,0.252711,0.503789,0.301461,0.274184,-0.784721,0.439387,0.56588,0.241724,0.025556,-0.170352,0.085379,0.04778,-0.26475,-0.38717,-0.213183,#
17,-0.428936,0.829342,0.447777,-0.233575,0.175428,0.347137,-0.210569,0.221826,0.414728,0.615411,-0.602557,0.017953,0.004541,0.615411,0.584433,0.005909,-0.216904,1.0,-0.146756,0.406373,-0.406985,0.323777,0.803405,0.502918,0.328168,-0.227139,-0.208372,-0.083204,-0.483135,0.328168,-0.210018,0.052113,0.225276,-0.003816,-0.742915,0.661338,0.251276,-0.55064,-4.6e-05,0.328168,-0.333256,-0.028052,-0.350575,-0.006227,0.492252,-0.643586,0.089611,0.568493,0.385207,0.023967,0.193825,-0.409853,0.179184,-0.332452,-0.423245,-0.083325,-0.277382,-0.414129,-0.179435,-0.637886,-0.642974,-0.220608,-0.371659,-0.264102,0.272927,0.499694,-0.103782,0.40765,-0.006623,0.278016,-0.014498,0.991209,0.328168,-0.499884,0.197213,-0.646469,-0.23805,-0.814739,0.228478,-0.001842,0.434759,-0.577092,-0.653122,0.328168,-0.027975,-0.220631,-0.389518,-0.023888,-0.01798,-0.01798,0.0,0.189678,-0.499629,0.612077,-0.510053,-0.204412,0.207084,0.411002,0.490697,0.153588,0.014761,0.24625,0.004619,0.009785,-0.192653,0.015264,-0.395691,-0.01798,-0.499884,-0.814739,0.659959,0.492252,0.189678,-0.204412,-0.185316,-0.237717,-0.333256,-0.194807,0.998588,-0.879339,-0.194807,-0.667426,-0.420506,-0.333256,-0.838054,-0.316502,-0.032925,-0.014498,0.244388,-0.018285,0.411002,0.511331,0.004343,-0.686597,-0.220631,-0.433845,0.0,-0.333256,0.237662,-0.175909,-0.187154,-0.364167,-0.814646,-0.71066,-0.192653,0.413051,-0.065191,0.296964,0.006815,0.01121,-0.638557,-0.577092,-0.175909,-0.382892,-0.205774,-0.362489,0.30492,0.662819,-0.217426,0.353607,0.490697,0.220192,0.0,0.509084,0.473692,0.394106,-0.187154,-0.709938,-0.499884,-0.198671,-0.685807,-0.577619,-0.498806,-0.009643,-0.021706,-0.263209,-0.433845,0.191212,0.630481,-0.825306,0.179611,-0.674474,-0.996,-0.519068,0.170276,-0.185316,0.339685,-0.220631,-0.655768,-0.005994,0.326755,-0.513225,0.185538,0.799454,-0.23751,-0.071941,-0.034313,0.326755,0.838634,-0.159848,#
18,0.396531,-0.453542,-0.47238,0.012065,0.682147,-0.099249,-0.41163,0.08987,-0.424272,-0.160692,0.256215,0.043341,0.302851,0.203736,0.320784,0.275199,0.242936,-0.146756,1.0,-0.427842,0.096675,-0.385703,-0.137726,-0.119118,0.238663,0.28143,-0.439274,0.376586,-0.403608,0.267076,0.459813,-0.074777,-0.250006,0.400613,-0.235267,-0.01487,-0.156607,0.016057,-5.1e-05,0.267076,0.267076,0.07856,-0.167897,0.55348,-0.174736,0.305841,-0.075998,0.136503,-0.130032,-0.413586,0.113297,0.171128,0.102582,-0.202972,0.573757,-0.331583,-0.284531,0.776049,0.137202,-0.024128,0.498751,0.398915,0.184329,0.445458,-0.292292,0.158052,-0.414442,-0.270754,-0.131597,-0.298232,0.075405,-0.124913,-0.500057,0.272758,-0.207146,0.752047,0.122127,0.109327,-0.359889,-0.377786,0.025309,-0.296555,-0.054826,0.267076,-0.188454,-0.403127,-0.048471,0.725212,-0.158216,-0.289658,0.0,-0.021955,0.400409,-0.124524,-0.382966,0.060823,-0.403127,-0.443113,-0.250316,0.222978,0.267146,-0.516651,0.313448,-0.392451,0.128547,-0.174736,-0.024359,0.268968,0.144903,0.000604,-0.286404,0.400613,-0.021955,0.060823,-0.203551,0.296961,0.096602,-0.218541,-0.150961,0.294292,-0.218541,0.203885,0.266811,0.096602,0.402083,-0.189433,0.244653,0.075405,-0.081063,0.188459,-0.443113,-0.174736,-0.335927,-0.031803,-0.403127,0.084908,0.0,-0.500057,0.177033,-0.215262,-0.575249,0.188959,0.009922,0.202921,0.128547,-0.127475,-0.24428,-0.239872,-0.508146,-0.749655,-0.474816,-0.296555,-0.562491,-0.36513,-0.200281,-0.502523,-0.115313,0.150804,-0.474816,-0.500057,-0.250316,-0.100811,0.0,-0.130229,0.290238,-0.261099,-0.4596,0.023267,0.272758,-0.23078,-0.013764,0.608826,-0.275672,-0.263925,0.385891,0.005404,0.084908,0.522245,0.014794,0.330085,-0.226796,-0.087593,0.155088,0.773421,0.696656,-0.203551,0.241249,-0.403127,0.006563,0.142734,-0.071845,0.282552,0.801723,-0.28488,-0.081004,0.204997,0.75989,-0.071845,-0.443113,0.085232,#
19,-0.256983,0.586017,0.556127,-0.069418,0.016084,0.451707,-0.059486,0.379517,-0.144814,0.025686,0.000596,-0.551349,0.129101,0.025686,-0.006125,-0.098579,-0.002034,0.406373,-0.427842,1.0,0.262419,0.308837,0.252912,-0.158595,-0.408085,-0.801265,-0.073948,-0.602234,-0.363463,0.263447,-0.098988,-0.032235,0.019715,0.414542,-0.469792,0.112167,0.563853,0.076532,9.3e-05,0.263447,0.289275,0.286511,-0.364575,0.266161,0.395171,-0.788097,0.420362,0.41329,0.536409,-0.393394,-0.405676,0.233797,0.545027,-0.162759,-0.335012,-0.037983,-0.254657,-0.233331,-0.328014,-0.490768,-0.465294,-0.031996,-0.206287,-0.147252,-0.23572,0.148437,-0.160512,0.265378,0.320546,0.366882,0.306637,0.371884,0.263447,-0.089107,0.414028,-0.455346,-0.082527,-0.172228,0.785873,0.260241,0.185913,-0.002109,0.078264,0.263447,-0.220905,-0.064843,0.17006,-0.363802,0.414884,-0.122806,0.0,-0.058915,-0.074126,0.412389,-0.391233,0.533832,0.369409,0.612659,0.624812,0.010072,-0.638624,0.113366,0.131304,-0.160766,0.358306,0.433913,-0.145511,-0.122806,-0.612127,-0.616984,0.829205,0.395171,-0.058915,0.533832,0.404736,-0.378239,-0.408085,0.020764,0.430936,-0.645823,0.020764,-0.445723,-0.619435,-0.408085,-0.301151,0.38114,-0.610808,0.306637,0.399237,0.268945,0.612659,0.414542,0.582083,-0.484,-0.064843,-0.159937,0.0,0.263447,0.25304,-0.013309,0.078264,0.235688,-0.183999,-0.444088,0.358306,0.581528,-0.169784,-0.322496,0.572451,0.394944,-0.094413,-0.002109,0.423741,0.254352,-0.039144,-0.147136,0.356468,-0.209096,0.333155,0.289275,0.624812,0.086668,0.0,0.647515,0.141914,0.243164,0.551354,-0.585536,-0.089107,0.026224,-0.559971,-0.772704,-0.137807,0.120861,-0.248755,-0.108072,-0.159937,-0.355513,0.082233,-0.272387,-0.026319,0.035263,-0.426663,-0.427264,-0.411106,0.404736,0.587645,-0.064843,-0.10257,-0.226904,0.431941,-0.60906,0.00562,0.249508,-0.365402,-0.116907,-0.261778,0.431941,0.59596,-0.783119,#
20,0.66611,-0.184769,0.185843,0.518305,0.040187,0.259099,-0.345583,0.103157,-0.665681,-0.815107,0.420746,-0.273446,-0.085442,-0.016993,-0.400647,0.077399,0.025936,-0.406985,0.096675,0.262419,1.0,-0.019371,-0.149991,-0.403237,-0.271931,-0.09058,0.078218,-0.401303,-0.116894,-0.271931,0.243303,0.022565,-0.042283,0.126725,0.067992,-0.533685,0.66525,-0.087712,2.4e-05,-0.271931,0.440897,0.553578,0.292949,0.595832,-0.407896,-0.044853,0.274149,-0.264348,-0.303392,-0.669278,-0.428901,0.392681,0.452128,0.211097,0.319865,0.290774,-0.4808,0.262991,-0.448226,0.076536,0.077072,0.294361,0.211517,0.343242,-0.566489,-0.085442,-0.211415,-0.02289,-0.264771,-0.347888,-0.142882,-0.44252,-0.271931,0.621744,-0.383096,0.460376,-0.351492,0.163981,0.070601,0.186355,-0.197812,0.385859,0.796419,-0.271931,-0.1341,-0.351492,0.238973,-0.07212,0.141927,-0.407688,0.0,-0.32455,0.141927,-0.413076,-0.097467,0.348657,0.092392,0.263054,-0.106597,0.452444,-0.184769,-0.118985,-0.106597,-0.665639,0.515562,0.126725,0.174607,0.601071,0.087123,0.130306,0.092392,0.106924,-0.32455,0.348657,0.801173,0.338422,-0.271931,-0.378082,-0.407953,0.281357,-0.378082,0.055912,-0.1341,-0.271931,0.618855,0.241656,-0.407017,-0.142882,0.226929,0.614454,0.263054,-0.407896,0.378633,0.110868,-0.351492,0.176002,0.0,0.388095,0.138594,-0.040262,-0.134926,0.247721,0.567008,0.042087,0.070601,-0.093533,0.147567,-0.469408,0.238973,0.072081,0.078511,0.385859,0.000184,0.567008,0.387559,0.153569,0.310315,-0.411695,0.515562,-0.271931,0.406987,-0.101595,0.0,-0.095589,-0.571734,-0.664324,0.348657,0.055187,0.621744,0.000184,0.064846,-0.048958,0.05788,-0.095589,-0.5788,0.54431,0.176002,-0.539741,-0.556511,0.657733,-0.0237,0.305801,0.376864,0.388914,0.002834,0.801173,0.259984,0.100426,0.507926,0.125743,0.275382,0.087476,0.018568,-0.681654,-0.540349,-0.149427,0.247236,-0.407383,-0.197812,-0.433868,#
