0,1.0,0.421734,0.200074,-0.240609,-0.168729,0.42615,-0.094394,0.021641,0.42307,0.227794,-0.19669,0.00507,0.670171,0.421387,-0.445763,-0.498852,0.246259,0.685466,-0.56135,-0.194364,0.023208,0.791563,0.543413,0.011872,0.043253,-0.17281,0.215401,-0.439197,-0.252132,0.595428,0.245526,0.463171,-0.332654,-0.015472,0.00069,0.207563,0.029402,-0.082284,0.312025,-0.652823,0.363599,-0.10058,-0.021237,0.131144,0.011665,-0.595302,0.164828,0.338396,-0.466581,-0.252132,-0.242827,-0.347136,-0.124529,-0.240017,-0.488872,-0.004811,-0.044944,-0.159647,0.314054,0.418169,0.651359,-0.255703,-0.234527,-0.504264,0.060402,0.447369,-0.0608,0.409128,0.561754,0.385594,0.243824,0.651915,-0.498483,-0.255817,-0.394439,-0.011133,-0.181522,-0.016882,-0.206172,-0.224823,0.207469,0.009973,0.363599,-0.26536,-0.187365,-0.332654,-0.22272,0.179454,0.240631,-0.498982,-0.224157,-0.245732,-0.217934,0.811053,0.380488,0.190763,0.629955,-0.431207,-0.030107,-0.649477,0.635656,-0.010494,0.185866,0.526058,-0.206172,-0.423862,-0.206172,0.232228,-0.589348,0.079604,0.46707,0.217579,-0.392649,-0.206172,0.03458,0.392585,-0.415706,-0.57941,0.697212,-0.3646,-0.498727,-0.431493,-0.006307,-0.071048,-0.191268,0.393103,0.023208,0.199553,0.409679,0.386775,0.021657,-0.021136,-0.187365,0.259259,-0.594861,0.008285,-0.332654,-0.257178,0.40254,-0.002482,0.207644,0.03458,-0.431493,-0.444249,-0.234815,-0.084745,-0.206172,0.315618,-0.177686,-0.604452,-0.241941,-0.384754,0.42994,-0.652975,-0.013728,-0.332654,0.787215,0.705245,-0.014199,-0.652246,-0.591198,0.363599,0.424232,-0.794384,0.208288,0.99436,-0.498727,-0.275227,-0.233218,-0.332654,-0.265253,0.052452,-0.813269,-0.384754,-0.009546,-0.814032,0.008285,0.406829,0.599042,-0.513602,0.3843,0.202874,-0.641356,-0.006968,0.208922,-0.13068,0.669945,0.015439,-0.456925,0.624721,0.000788,0.383335,0.215278,0.328206,-0.161312,0.66091,0.215278,-0.229148,0.73362,0.010048,#
1,0.421734,1.0,0.42771,-0.08491,0.001725,0.203102,0.530418,0.405161,0.687243,0.141417,0.050554,-0.122119,0.432709,0.242323,0.167779,-0.153417,-0.032479,0.078672,-0.00651,-0.425604,-0.105031,0.310633,0.648511,-0.035233,0.362933,-0.415799,0.453887,-0.362411,0.489649,0.421734,-0.402749,-0.182868,-0.407155,-0.06613,0.145821,0.428247,0.146896,-0.259571,0.318982,-0.340308,-0.407156,0.06665,-0.358657,0.163466,0.642796,-0.443179,0.503278,0.194495,-0.272767,0.489649,-0.250712,-0.343062,-0.195148,0.386845,-0.468198,-0.454197,0.152563,-0.009212,-0.146727,0.489649,0.36699,-0.339923,-0.346535,-0.439881,0.655768,-0.042095,-0.600862,0.763758,0.628468,-0.050574,0.374063,0.335805,-0.162441,-0.349877,-0.9968,0.614476,-0.407369,-0.577981,-0.799215,-0.39206,-0.031288,-0.590093,-0.407156,0.331169,-0.821165,-0.407156,-0.366519,-0.406152,-0.366519,-0.610733,-0.581568,-0.520643,-0.805794,0.193566,0.201118,0.100167,0.377859,-0.647295,-0.082586,-0.043139,0.634073,-0.119418,-0.406289,-0.105031,-0.799215,-0.282609,-0.799215,0.291286,-0.802318,-0.142374,0.204774,0.559756,-0.298304,-0.799215,0.204774,-0.27523,-0.171398,-0.86879,0.083189,-0.552217,-0.610422,-0.625356,-0.295147,-0.219214,-0.086794,0.270894,-0.610733,0.347089,-0.044021,-0.179415,-0.283514,-0.574451,-0.821165,0.446657,-0.464787,-0.610422,0.215248,0.05338,0.447565,-0.662077,-0.341247,0.204774,-0.625356,-0.302817,-0.129437,-0.177555,-0.799215,0.402315,-0.464787,-0.407369,0.00277,-0.723316,-0.183386,-0.799215,-0.663615,-0.407156,0.345973,0.829343,-0.241473,-0.415463,0.110576,-0.407156,0.650929,-0.45027,-0.082998,0.474135,-0.610422,0.14612,-0.406152,-0.407156,-0.296916,-0.183602,-0.212534,-0.723316,-0.207372,-0.298304,-0.610422,0.995028,0.841412,-0.447936,0.69591,0.052067,-0.358837,0.158169,0.371229,0.089147,0.402809,-0.466025,-0.502582,0.465836,0.049935,0.600886,0.797577,-0.213403,-0.39969,0.357228,0.797577,-0.520643,0.2985,-0.034558,#
2,0.200074,0.42771,1.0,0.230146,0.599413,-0.011406,0.266469,-0.012951,0.008422,-0.63286,0.188796,0.393707,-0.177033,-0.354428,0.011699,-0.026761,0.167407,0.247391,-0.176352,0.178674,0.004023,0.001873,0.029549,-0.476689,0.506477,-0.533926,-0.138171,0.000423,0.327019,-0.172186,0.151966,-0.373044,-0.332599,0.004023,0.410534,0.225794,0.105813,-0.689094,-0.305776,-0.24775,-0.359421,0.230008,-0.516437,-0.385531,0.020688,0.161475,-0.089061,0.874504,0.26909,0.327019,0.316299,0.020353,-0.348397,0.109947,-0.045374,0.212218,0.037973,-0.240238,-0.341106,0.327019,-0.201471,-0.326972,0.43214,-0.36921,0.120856,0.047145,0.044923,0.293665,0.203589,0.601205,0.820791,0.714626,-0.016077,-0.222549,-0.458336,0.485763,-0.226239,-0.830892,-0.256975,-0.599004,0.573867,-0.053866,-0.359421,0.24029,-0.26596,0.311141,0.173342,0.163279,-0.239762,-0.03621,0.153032,-0.262193,-0.234165,0.418931,0.026243,0.207201,0.590143,-0.830004,0.018034,-0.191244,-0.123384,-0.029873,-0.225943,-0.03621,-0.256975,-0.025019,-0.256975,0.523437,-0.634727,0.293517,0.377524,-0.206578,-0.46332,-0.256975,0.794054,-0.04908,-0.03189,-0.264703,0.189642,-0.16784,-0.029873,-0.063321,0.36296,0.369,0.650217,-0.403482,-0.03621,0.796558,0.011194,-0.415105,0.378949,-0.425978,-0.26596,0.342364,0.137078,-0.518176,0.337963,0.249539,0.434036,-0.034616,0.207201,0.794054,-0.063321,-0.049984,0.174751,0.496355,-0.256975,0.253213,0.137078,-0.24195,0.182248,-0.079886,-0.037687,-0.256975,-0.450372,0.311141,-0.033562,0.369556,-0.012876,-0.257184,-0.236058,-0.359421,0.445803,-0.152806,-0.235046,0.215253,-0.518176,0.084924,0.163279,0.311141,-0.075225,0.083826,-0.028131,-0.079886,-0.787674,-0.057485,-0.518176,0.470505,0.254684,-0.554253,0.451058,-0.577491,-0.234037,0.797246,0.257995,-0.544312,0.26512,0.428156,-0.629644,-0.143696,0.451117,0.834717,0.265843,-0.295178,-0.283295,0.13443,0.265843,-0.244944,-0.110578,0.056258,#
3,-0.240609,-0.08491,0.230146,1.0,-0.223886,-0.128463,-0.021869,-0.264004,-0.348205,-0.10386,-0.039001,0.117931,0.028134,-0.117837,-0.335479,-0.2345,-0.258092,-0.153685,-0.233611,0.629854,-0.202875,0.046267,0.177673,-0.234045,-0.244052,-0.317507,-0.196494,-0.129544,-0.206633,-0.240609,0.20312,-0.500275,0.237377,-0.223576,-0.033148,-0.164877,0.305492,-0.052695,-0.507877,-0.039001,0.154571,0.833166,-0.377813,0.113189,-0.287652,0.249583,-0.039946,0.394009,0.422317,-0.206633,0.498624,0.829057,0.134984,-0.153762,0.151348,0.181068,0.754447,-0.426506,-0.210531,0.431123,0.049914,-0.541539,0.464404,-0.189864,0.496995,0.226348,0.275474,0.274467,0.20784,0.121512,0.464358,0.101874,0.335857,-0.012295,0.065029,-0.348511,0.21037,-0.354645,0.395102,0.230266,0.628969,0.514552,0.154571,0.105308,0.204593,0.209775,0.44824,0.646308,-0.065433,-0.223576,0.509791,0.536285,0.204593,-0.090717,-0.081215,-0.021684,0.193499,-0.07193,-0.207147,0.279016,-0.375389,0.355884,0.224727,0.293961,0.395102,0.787894,0.395102,-0.349927,0.21037,-0.112247,0.05063,-0.046037,0.35356,0.395102,0.08492,-0.045456,0.564649,0.182894,-0.075893,-0.400671,0.335784,-0.306499,0.787526,0.14175,0.162285,0.101072,0.27326,0.549116,-0.077091,0.12087,-0.133868,0.081678,0.204593,0.079287,0.232509,0.295585,0.209775,-0.028407,0.495625,-0.098601,0.39392,0.08492,-0.306499,0.574557,0.996952,0.563694,0.395102,-0.089433,0.629429,0.258873,0.6954,0.331809,0.081678,-0.030008,-0.081215,0.209775,-0.462195,0.006772,0.357942,-0.038627,-0.266109,0.154571,-0.333171,0.475812,0.07677,-0.215791,-0.18681,-0.077995,0.253673,0.209775,-0.281561,-0.034214,0.548063,0.331809,-0.11184,0.38697,0.295585,-0.049039,-0.175073,0.235953,-0.330863,-0.263755,-0.043411,0.39316,0.102491,0.169977,0.044311,0.203652,0.090368,-0.240292,0.765518,-0.048044,-0.391371,-0.202846,0.39788,-0.256758,-0.391371,0.057012,0.023019,-0.14792,#
4,-0.168729,0.001725,0.599413,-0.223886,1.0,-0.014344,-0.125085,-0.060089,-0.402017,-0.652212,0.176832,0.408118,-0.594062,-0.353389,0.459785,0.471496,0.196674,0.197346,0.221532,0.177067,0.015839,-0.365064,-0.477501,-0.497937,0.492081,-0.093138,-0.150861,0.432247,0.275901,-0.168729,-0.226279,-0.01763,-0.332622,-0.023759,0.416752,0.238664,-0.327988,-0.241907,-0.332622,0.176832,-0.332622,-0.312108,-0.016493,-0.386372,0.00643,0.142461,-0.117593,0.458293,-0.012482,0.275901,0.319993,-0.106783,-0.373181,0.202993,0.482754,0.010993,-0.498953,-0.261893,-0.308843,-0.359464,-0.620464,0.326807,0.437455,0.253692,-0.254492,-0.47325,0.052729,-0.2408,-0.323015,0.514373,0.369346,0.26285,-0.042723,0.228001,-0.034094,0.463895,-0.223937,-0.410019,-0.246336,-0.620972,0.181481,-0.432172,-0.332622,0.196165,-0.230648,0.300943,-0.246336,-0.199355,-0.212455,0.471214,0.179233,-0.232285,0.191808,0.034935,0.022599,0.245403,0.213519,-0.436825,-0.009354,-0.249962,-0.287746,-0.498678,-0.616873,-0.498933,-0.246336,-0.043983,-0.246336,0.2294,-0.2394,0.3367,-0.017555,-0.652674,-0.459381,-0.246336,0.375994,-0.446333,-0.437563,0.135842,-0.203927,0.301446,-0.037316,0.364304,-0.032475,0.379991,0.606511,-0.813582,-0.023759,0.330037,-0.136019,-0.811895,0.811376,0.013675,-0.230648,0.318988,0.135842,-0.498678,0.300943,0.201823,-0.279371,0.410525,0.228121,0.375994,0.364304,-0.084781,-0.26251,0.343919,-0.246336,-0.189876,-0.259589,-0.2394,-0.208474,-0.06476,-0.400326,0.177179,-0.42939,0.300943,-0.023317,-0.012549,-0.001304,0.168881,-0.139175,-0.332622,0.006949,0.271278,-0.66583,-0.187547,-0.018093,0.472733,0.191808,0.300943,0.347159,0.046551,-0.072396,-0.06476,-0.382674,-0.075937,-0.498678,0.010035,-0.172641,-0.575876,0.403931,-0.171331,0.172919,0.362771,-0.204799,-0.583921,-0.198804,0.469966,-0.517323,-0.166382,-0.038267,0.379752,0.229074,-0.298365,-0.31711,-0.250069,0.229074,0.209116,-0.529822,0.531342,#
5,0.42615,0.203102,-0.011406,-0.128463,-0.014344,1.0,-0.164423,0.417952,-0.110908,0.120209,0.490763,0.28259,-0.014755,-0.181156,-0.353775,0.354684,0.342272,0.388267,-0.431471,-0.021782,-0.610312,0.709212,0.137402,-0.027804,-0.155841,-0.46992,-0.318688,-0.705769,-0.192569,0.014317,-0.407544,0.136602,-0.406875,-0.059062,0.134966,0.009081,-0.290049,0.172534,0.328125,-0.369189,0.249375,0.082383,-0.408506,0.788137,0.148427,-0.05509,-0.125621,0.168191,-0.075888,-0.192569,-0.311811,0.136453,0.144017,-0.067756,-0.463194,-0.567489,0.110304,-0.469554,-0.251725,-0.192569,-0.070608,0.308451,-0.246233,-0.506447,0.342259,-0.46098,-0.195044,0.021179,0.453366,0.409457,-0.078372,0.346111,-0.156556,0.07729,-0.204438,0.106953,-0.835264,0.230388,-0.377532,-0.420426,0.382283,-0.188605,0.249375,-0.557677,-0.037523,-0.406875,-0.360687,-0.006406,-0.377532,-0.118125,0.293173,-0.123631,-0.021965,0.198982,-0.235109,0.541316,0.382283,-0.278955,-0.075724,-0.464641,0.308439,-0.113005,-0.002313,0.39375,-0.377532,-0.306991,-0.377532,-0.172282,-0.450871,-0.142171,0.20382,0.141647,0.074295,-0.377532,-0.20382,-0.225753,-0.590231,-0.077253,0.077331,-0.510179,-0.610001,-0.586702,0.121804,-0.592854,-0.140089,0.24644,-0.118125,-0.023294,-0.261764,0.237646,0.12168,0.223066,-0.037523,0.028562,-0.061525,-0.13212,0.223125,0.064323,-0.277903,-0.269055,0.094516,-0.20382,-0.586702,0.341899,-0.150019,-0.235178,-0.377532,-0.163647,-0.061525,-0.435495,-0.404743,0.0897,-0.188605,-0.377532,0.15013,-0.406875,0.324112,0.325039,-0.674516,0.01867,-0.272923,0.249375,0.235418,-0.247543,-0.545068,0.428969,-0.13212,-0.243526,-0.006406,-0.406875,-0.03479,0.058434,-0.637571,0.0897,0.185454,-0.322878,-0.13212,0.2062,0.066141,0.01845,0.260487,0.445824,0.030744,-0.267507,-0.456029,0.062897,-0.043023,0.031201,0.153556,0.042396,-0.473924,0.175694,0.387846,-0.219586,-0.008329,0.412909,0.387846,-0.562548,0.039239,0.414827,#
6,-0.094394,0.530418,0.266469,-0.021869,-0.125085,-0.164423,1.0,0.531971,0.605654,0.267949,0.05123,-0.206546,-0.097893,-0.200855,0.160814,-0.083362,-0.160786,-0.535991,-0.031776,-0.382767,-0.265813,-0.102807,0.090754,0.046743,0.241021,-0.504508,0.00115,-0.31596,0.393268,0.009088,-0.173118,-0.652285,-0.391574,0.527339,-0.412521,-0.128543,0.049293,-0.630624,0.408723,0.1679,-0.391574,0.171639,-0.31493,-0.23868,0.093487,-0.008569,0.061093,0.070812,0.093059,0.393268,-0.432067,-0.397738,-0.078167,-0.051532,-0.433486,-0.126518,0.294696,0.348099,-0.268185,0.393268,-0.129,-0.38439,-0.487356,-0.156031,0.250313,0.027801,0.010692,0.137755,0.30981,-0.308024,0.253341,0.204812,-0.09337,-0.76863,-0.54489,0.629017,-0.059975,-0.497189,-0.328426,0.145095,-0.01918,-0.200087,-0.391574,0.364991,-0.428698,0.294395,0.03841,-0.428698,-0.493503,-0.072884,-0.547561,-0.477586,-0.767512,0.069934,0.186703,-0.394809,-0.175272,-0.088628,0.52444,0.537616,0.105753,-0.170793,0.031733,-0.15863,-0.328426,-0.153751,-0.328426,0.673651,-0.311101,-0.518293,0.063811,0.619728,-0.222945,-0.328426,0.489912,0.053346,0.256867,-0.375251,-0.114139,-0.416827,-0.087539,-0.296661,-0.272857,-0.275888,-0.268875,0.333515,-0.072884,0.25532,-0.230882,-0.164418,-0.349878,-0.958653,-0.428698,0.264966,-0.03274,-0.587062,0.294395,0.647145,0.178851,-0.762302,-0.319964,0.489912,-0.296661,-0.154689,-0.047915,-0.348884,-0.328426,0.745229,-0.03274,0.023734,0.023734,-0.272857,-0.355248,-0.328426,-0.207059,0.294395,-0.081521,0.185395,-0.296399,-0.345811,0.503088,-0.391574,0.54652,-0.304364,0.299469,-0.076092,-0.587062,-0.415987,-0.428698,0.294395,-0.244147,-0.267226,0.3187,-0.272857,-0.518647,0.192215,-0.587062,0.524542,0.333879,0.232026,0.225663,-0.270039,-0.31897,0.035306,0.293533,0.264341,0.32143,-0.599181,0.112184,0.002252,-0.02733,0.519474,0.302462,-0.302499,-0.367956,0.28173,0.302462,-0.569491,-0.260175,-0.583953,#
7,0.021641,0.405161,-0.012951,-0.264004,-0.060089,0.417952,0.531971,1.0,0.171637,0.2958,0.155417,-0.406097,-0.133703,-0.024163,0.272986,0.313908,-0.041821,-0.492789,-0.038174,-0.05594,-0.249081,0.176939,0.26118,0.458562,0.303333,-0.485331,0.054833,-0.594115,0.19528,0.021641,-0.497755,-0.05822,-0.166054,0.421521,-0.143771,-0.497867,-0.093648,-0.149797,0.728082,-0.325875,-0.166054,0.162347,-0.279309,0.357588,0.289641,-0.038296,0.385775,-0.101518,0.027244,0.19528,-0.763151,-0.389997,0.562768,0.038383,-0.409804,-0.315345,0.271614,-0.123156,-0.558745,0.19528,-0.194534,-0.14622,-0.669258,-0.029976,0.358882,-0.443837,-0.245055,0.107726,0.30712,-0.314633,-0.212022,0.200921,0.302426,-0.325951,-0.406533,0.29327,-0.497767,0.108432,-0.325951,0.000889,-0.060183,-0.406533,-0.166054,0.261318,-0.497892,-0.166054,-0.325951,-0.497892,-0.325951,-0.249081,-0.288265,-0.760089,-0.497892,-0.089628,-0.094648,-0.326123,-0.060183,-0.099589,0.40097,0.41678,0.229922,-0.248954,0.006753,-0.249081,-0.325951,-0.172348,-0.325951,0.374595,-0.497767,-0.583197,0.041539,0.288236,-0.172348,-0.325951,0.041539,-0.084142,-0.40647,-0.065279,-0.326123,-0.388993,-0.248954,-0.40532,-0.168162,-0.404598,-0.26574,0.108432,-0.249081,-0.19467,-0.675064,0.083298,-0.16393,-0.406533,-0.497892,0.286559,-0.065279,-0.248954,0.600348,0.723026,-0.058926,-0.609761,-0.326123,0.041539,-0.40532,0.048113,-0.291999,-0.679636,-0.325951,0.277356,-0.065279,-0.497767,-0.497767,-0.168162,-0.406533,-0.325951,-0.094648,-0.166054,0.293805,0.199788,-0.609557,0.145851,0.441344,-0.166054,0.559568,-0.245868,-0.214133,0.02646,-0.248954,-0.228305,-0.497892,-0.166054,0.108127,-0.221898,0.028513,-0.168162,-0.071686,-0.172348,-0.248954,0.405811,0.032427,0.175066,0.609328,0.03416,0.175247,-0.133129,-0.180315,0.520062,-0.180365,-0.454351,0.16752,0.040253,-0.457881,0.395315,0.325283,-0.595203,0.115803,0.47518,0.325283,-0.760089,-0.168831,-0.247635,#
8,0.42307,0.687243,0.008422,-0.348205,-0.402017,-0.110908,0.605654,0.171637,1.0,0.396425,-0.079878,-0.249225,0.55896,0.282661,-0.027599,-0.407779,-0.006226,0.025618,0.01656,-0.814807,0.092351,0.191711,0.457063,0.161002,0.111488,-0.02892,0.413192,-0.21839,0.358995,0.42307,-0.006222,-0.110924,-0.271924,0.130831,-0.187463,0.38457,0.211369,-0.284051,0.446365,-0.079878,-0.271924,-0.237605,-0.046624,-0.098306,0.428759,-0.415316,0.212879,-0.201491,-0.29889,0.358995,-0.39101,-0.599618,-0.291201,0.165637,-0.613527,-0.204354,-0.063086,0.588406,0.307313,0.358995,0.541263,-0.220147,-0.541504,-0.361405,0.163391,0.357672,-0.401293,0.457223,0.418991,-0.324506,0.035695,0.047736,-0.407478,-0.533765,-0.665725,0.456665,-0.010783,-0.251725,-0.533765,0.00393,-0.410584,-0.263414,-0.271924,0.095116,-0.420008,-0.271924,-0.105746,-0.420008,-0.105746,-0.407886,-0.808137,-0.361588,-0.81533,0.243796,0.255416,-0.097405,-0.00586,-0.160554,0.114441,-0.002188,0.631069,0.078019,-0.009946,0.092351,-0.533765,-0.569702,-0.533765,0.427518,-0.401464,-0.116651,0.162911,0.810424,-0.166034,-0.533765,0.162911,0.206538,0.150707,-0.814644,0.339238,-0.239767,-0.407678,-0.299252,-0.58982,-0.287524,-0.38519,0.587974,-0.407886,-0.018934,0.303269,0.141869,-0.586267,-0.665725,-0.420008,0.023751,-0.415007,-0.407678,-0.271924,-0.093034,0.297984,-0.594285,-0.534047,0.162911,-0.299252,-0.560436,-0.353814,-0.383387,-0.533765,0.620559,-0.415007,-0.010783,-0.010783,-0.58982,0.138897,-0.533765,-0.176429,-0.271924,0.272843,0.477555,-0.174212,-0.53317,0.306591,-0.271924,0.593251,-0.71599,0.51606,0.45543,-0.407678,-0.199999,-0.420008,-0.271924,-0.37333,-0.120481,-0.239414,-0.58982,-0.14111,-0.166034,-0.407678,0.664541,0.813947,-0.094208,0.208308,0.032152,-0.500461,-0.146557,0.516946,0.096605,0.548523,-0.629708,-0.138447,0.436548,-0.112231,0.282929,0.532671,0.269593,-0.49305,0.40979,0.532671,-0.361588,0.408499,-0.405519,#
9,0.227794,0.141417,-0.63286,-0.10386,-0.652212,0.120209,0.267949,0.2958,0.396425,1.0,-0.427561,-0.532815,0.44045,0.544048,-0.127902,-0.326719,-0.243033,-0.224354,-0.205389,-0.239648,-0.326804,0.372069,0.357667,0.284555,-0.326502,0.023893,0.253177,-0.439957,-0.38753,0.660469,-0.242892,0.133028,-0.217869,0.252342,-0.799757,-0.223253,-0.118221,0.297094,0.554325,0.060255,0.47159,-0.006804,0.333632,0.30487,-0.133867,-0.653189,0.342576,-0.462711,-0.610255,-0.38753,-0.540795,-0.255903,0.210905,-0.425619,-0.225219,-0.339976,0.298036,0.02659,0.229066,0.27623,0.432617,-0.222242,-0.734295,0.150339,0.265866,0.169659,0.104398,0.081531,0.400266,-0.473082,-0.2733,-0.127872,-0.326477,-0.42766,-0.11752,-0.150687,0.195461,0.333112,0.014783,0.635282,-0.234874,-0.11752,0.47159,-0.025511,-0.24461,-0.217869,-0.42766,-0.24461,0.014783,-0.326804,-0.546145,-0.065622,-0.24461,0.075299,0.530916,-0.427886,-0.234874,0.517712,0.234658,0.219964,0.431603,-0.326637,0.19586,0.190291,0.014783,0.077858,0.014783,-0.134261,0.195461,-0.765178,-0.105102,0.560085,0.077858,0.014783,-0.533371,0.083769,-0.081973,-0.2396,0.023471,-0.510374,-0.326637,-0.531796,-0.377752,-0.530849,-0.98535,0.797366,0.190291,-0.250394,-0.021138,0.317189,-0.373887,-0.11752,-0.24461,0.308911,-0.652704,0.175427,-0.217869,0.045953,-0.020769,-0.38217,0.023471,-0.533371,-0.531796,-0.215958,-0.05779,-0.556738,0.014783,0.377308,-0.2396,-0.208384,-0.208384,-0.377752,-0.11752,-0.42766,0.066662,-0.217869,0.430844,0.274247,0.069502,-0.427183,-0.016799,0.47159,-0.096962,-0.205274,0.41294,0.212855,-0.326637,-0.412646,-0.653254,-0.217869,-0.316692,-0.413366,-0.075338,-0.377752,0.490336,-0.339414,0.175427,0.076705,0.207002,0.322976,-0.060175,0.630862,-0.429815,-0.783518,-0.061018,0.76247,0.380377,-0.788417,0.332281,0.631178,-0.227941,-0.331607,-0.062874,0.128849,0.042504,0.283176,-0.062874,-0.065622,0.269265,-0.324907,#
10,-0.19669,0.050554,0.188796,-0.039001,0.176832,0.490763,0.05123,0.155417,-0.079878,-0.427561,1.0,0.373632,-0.505875,-0.799513,-0.284467,0.741628,0.644018,0.175984,0.217219,-0.251301,-0.327078,-0.093069,-0.251959,-0.326425,0.175956,-0.182088,-0.663033,-0.321241,0.161781,-0.652823,-0.186607,-0.437587,-0.218052,-0.327078,0.507114,0.218593,0.168779,-0.297343,-0.218052,0.047547,-0.218052,-0.0976,-0.763712,0.364437,0.278202,0.636304,-0.527064,0.156177,0.567434,0.161781,0.190343,0.301393,-0.055868,0.219531,-0.234038,-0.26061,-0.196782,-0.036146,-0.524362,-0.537966,-0.500423,0.520159,0.256575,-0.39315,0.065416,-0.592402,-0.321791,-0.093387,0.170594,0.380524,0.027872,-0.013451,0.175139,0.038412,-0.09542,0.317963,-0.653638,-0.088891,-0.428019,-0.652921,0.2034,-0.077883,-0.218052,-0.567447,0.225029,-0.218052,0.057069,-0.20577,-0.428019,0.218052,0.400715,-0.044543,-0.223002,-0.333486,-0.800021,0.542444,0.2034,-0.359679,-0.32689,-0.25421,-0.312543,0.223545,-0.200331,0.239857,-0.428019,-0.402116,-0.428019,-0.041061,-0.227897,0.166062,0.343662,0.054196,0.49527,-0.428019,0.343662,-0.327707,-0.084384,0.175738,0.066616,-0.020201,-0.326911,-0.082087,0.063793,-0.531294,0.328725,-0.071113,-0.327078,0.059379,-0.426422,-0.064081,0.054436,-0.09542,0.225029,-0.515924,0.628659,-0.326911,0.479714,0.028497,-0.441919,-0.360186,-0.428245,0.343662,-0.082087,0.360232,-0.08197,0.172892,-0.428019,-0.085077,0.193158,0.214874,-0.210867,0.508249,-0.077883,0.038412,0.106669,-0.218052,-0.521611,-0.143778,-0.800434,0.476723,0.326707,-0.218052,0.370066,-0.034976,-0.507329,-0.192944,0.202373,-0.02623,0.225029,-0.218052,-0.197632,-0.036801,-0.137522,0.508249,-0.348895,0.49527,-0.326911,0.111088,-0.182314,0.295021,-0.106111,-0.210625,0.492521,0.085293,-0.476858,-0.212279,-0.486282,0.295655,0.371692,-0.657382,-0.255787,0.094743,0.458647,-0.428763,-0.048762,0.167479,0.458647,-0.530672,-0.455188,0.164338,#
11,0.00507,-0.122119,0.393707,0.117931,0.408118,0.28259,-0.206546,-0.406097,-0.249225,-0.532815,0.373632,1.0,-0.307204,-0.542775,-0.124713,0.102076,-0.006221,0.405209,-0.398078,0.001842,-0.407596,0.191025,-0.542721,-0.406782,-0.407219,-0.377076,-0.37596,0.209412,0.256268,-0.412887,-0.020848,-0.241422,-0.271731,0.071929,0.266692,0.432546,-0.519494,-0.017437,-0.271731,0.303925,-0.271731,0.088017,-0.166437,0.020036,-0.075085,0.3674,-0.693973,0.368419,0.236319,0.256268,0.292845,0.343976,-0.65081,0.190073,-0.151514,-0.232099,-0.08069,0.027713,0.233458,-0.384914,-0.351357,0.438453,0.357775,-0.517974,-0.114809,-0.123645,0.147567,-0.357856,-0.287075,0.564936,0.218617,0.161455,-0.407189,0.355591,0.122124,0.355106,-0.440042,-0.257387,-0.123089,-0.43521,0.429996,0.138192,-0.271731,-0.354612,0.36948,0.367635,0.3214,0.40106,-0.533387,0.571433,0.532791,0.503692,0.38527,0.270029,-0.166161,0.826663,0.04203,-0.206376,0.08641,-0.424962,-0.034632,0.096997,-0.015962,0.111889,-0.123089,-0.17413,-0.123089,-0.028329,-0.049934,0.564334,-0.234982,-0.091479,-0.17413,-0.123089,0.162171,-0.165739,0.126695,-0.031924,-0.080225,0.041463,0.058198,0.145193,0.257387,0.149793,0.496399,-0.241096,0.071929,0.263115,0.426759,-0.234288,0.253564,0.17033,0.36948,-0.21313,0.38309,-0.407388,-0.271731,-0.08878,-0.23193,0.229271,0.355779,0.162171,0.145193,0.486937,0.086275,0.299125,-0.123089,-0.401304,-0.015962,0.355779,0.386988,0.224806,-0.247461,0.304304,0.224806,0.367635,-0.252948,-0.182604,-0.182232,-0.097504,-0.32846,-0.271731,-0.221387,0.154663,-0.379608,0.038425,0.077598,-0.047162,0.795804,0.367635,0.322548,0.645121,-0.279208,0.224806,-0.139329,0.212825,-0.407388,-0.119256,0.048249,-0.131303,-0.236926,0.033814,-0.10898,0.244748,0.113574,-0.78951,0.12942,0.406717,-0.080181,-0.375689,-0.102824,0.25805,0.134794,0.312321,-0.551872,-0.40861,0.134794,0.05825,-0.252979,0.631555,#
12,0.670171,0.432709,-0.177033,0.028134,-0.594062,-0.014755,-0.097893,-0.133703,0.55896,0.44045,-0.505875,-0.307204,1.0,0.80507,-0.211057,-0.761746,-0.234698,0.29498,-0.255832,-0.207936,0.299782,0.559953,0.802835,0.344264,-0.19967,0.140815,0.685276,-0.17146,-0.065525,0.670171,0.194166,0.438618,0.185976,-0.179036,-0.075104,0.241988,0.261371,0.299025,0.269248,-0.505875,0.185976,0.096823,0.230173,0.19203,0.277039,-0.657433,0.524004,-0.159311,-0.458436,-0.065525,-0.179985,-0.184259,0.023346,0.083196,-0.375645,-0.038504,0.222631,0.100713,0.555296,0.602548,0.991787,-0.456842,-0.303971,-0.325805,0.327005,0.640593,-0.320943,0.672457,0.406719,-0.244471,-0.033909,0.068632,-0.220452,-0.044636,-0.381835,-0.268809,0.184489,0.078477,-0.080262,0.209915,-0.209252,0.053479,0.185976,0.095141,-0.248522,-0.507963,-0.062449,0.195682,0.382869,-0.761945,-0.428678,0.031187,-0.23207,0.371069,0.374815,-0.034526,0.228672,-0.092791,-0.196587,-0.19653,0.736968,0.299034,0.204959,0.299782,-0.080262,-0.081921,-0.080262,-0.141128,-0.238239,0.055927,0.084081,0.457516,-0.098721,-0.080262,-0.346971,0.330142,0.076682,-0.66575,0.401592,-0.264174,-0.226505,-0.390441,-0.090459,0.057748,-0.338953,0.53776,-0.241491,-0.06498,0.517171,0.516644,-0.527085,0.070221,-0.248522,0.123774,-0.649118,0.278821,-0.507963,-0.51965,0.644966,-0.107766,-0.052697,-0.346971,-0.390441,-0.360434,0.050763,-0.159636,-0.080262,0.122662,-0.23333,-0.22198,0.217007,-0.548743,0.488792,-0.52558,-0.101442,-0.507963,0.555206,0.587173,0.333898,-0.515758,-0.288889,0.185976,0.119511,-0.482155,0.506573,0.706389,-0.226505,0.006143,-0.215618,-0.507963,-0.245885,0.07536,-0.339011,-0.548743,0.383261,-0.518703,0.278821,0.406904,0.705394,-0.311906,0.160888,0.265574,-0.499484,-0.06536,0.544644,0.190521,0.558057,-0.330906,-0.35251,0.708538,0.216818,-0.024591,0.098453,0.50361,0.022649,0.26262,0.098453,0.031187,0.956957,-0.144614,#
13,0.421387,0.242323,-0.354428,-0.117837,-0.353389,-0.181156,-0.200855,-0.024163,0.282661,0.544048,-0.799513,-0.542775,0.80507,1.0,0.204853,-0.610944,-0.418675,0.046938,-0.037535,0.007775,0.381453,0.295718,0.647407,0.422836,-0.085553,0.328832,0.845782,0.0811,-0.136602,0.828502,-0.033073,0.655069,0.241327,-0.06617,-0.232586,0.023939,0.045429,0.518748,0.319175,-0.340515,0.241327,-0.05486,0.617528,0.066758,0.172911,-0.816877,0.785903,-0.342806,-0.707703,-0.136602,-0.252898,-0.32544,0.183414,0.036189,0.06206,-0.034172,0.09777,-0.042796,0.474328,0.487947,0.792558,-0.391277,-0.372476,0.232702,0.212284,0.423722,-0.200468,0.46637,0.138013,-0.431392,-0.194324,-0.098842,-0.104989,0.090706,-0.191784,-0.349678,0.374714,0.238389,0.057401,0.398261,-0.402725,-0.191784,0.241327,0.397106,-0.429921,-0.407402,-0.358905,-0.014656,0.49036,-0.611103,-0.533037,-0.095907,-0.014656,0.177645,0.597932,-0.341453,0.006669,0.160651,-0.082636,0.017709,0.621483,-0.110598,-0.010518,-0.124556,0.057401,0.170813,0.057401,-0.221615,-0.020475,-0.134786,-0.175315,0.12984,-0.253218,0.057401,-0.578284,0.135799,-0.164242,-0.420254,0.066252,-0.088915,-0.110598,-0.200322,-0.24959,0.218374,-0.438926,0.25519,-0.124556,-0.237503,0.318327,0.229817,-0.245005,0.230822,-0.429921,0.41202,-0.808954,0.361806,-0.407402,-0.353537,0.440675,0.147001,0.08324,-0.578284,-0.200322,-0.457329,-0.081071,-0.281214,0.057401,-0.011225,-0.420254,-0.400463,0.009924,-0.678018,0.21517,-0.358905,-0.259857,-0.407402,0.680428,0.455808,0.559808,-0.349871,-0.255897,0.241327,-0.154659,-0.157499,0.345044,0.432614,-0.110598,0.24692,-0.39916,-0.407402,0.012425,-0.088572,-0.151981,-0.678018,0.59192,-0.645839,0.361806,0.189342,0.431924,-0.392353,0.302143,0.439473,-0.342773,-0.243407,0.35361,0.374136,0.357251,-0.410332,-0.412298,0.848416,0.105482,-0.209936,-0.068244,0.362105,0.143505,0.054457,-0.068244,0.33798,0.740679,-0.034578,#
14,-0.445763,0.167779,0.011699,-0.335479,0.459785,-0.353775,0.160814,0.272986,-0.027599,-0.127902,-0.284467,-0.124713,-0.211057,0.204853,1.0,0.19429,-0.524816,-0.515915,0.455344,-0.045426,0.242308,-0.481003,-0.165384,0.294295,0.219738,0.082623,0.563426,0.566061,0.66126,0.06111,-0.542992,0.114577,0.145385,0.266538,0.083645,0.03055,-0.371313,0.22821,0.242308,0.287003,-0.662308,-0.188161,0.439472,-0.236236,0.436556,-0.087175,0.464659,-0.357554,-0.190536,0.66126,-0.241913,-0.406343,-0.029692,0.589965,0.303417,-0.231942,-0.19316,0.222968,-0.020258,-0.116327,-0.272945,0.139607,-0.228733,0.4866,0.023299,-0.38043,-0.312126,-0.076233,-0.535573,-0.503948,-0.266364,-0.367857,0.194621,0.326844,-0.150741,0.391207,-0.017254,-0.08251,-0.25367,0.012374,-0.543154,-0.637925,-0.662308,0.768216,-0.540674,0.113077,-0.25367,-0.502376,-0.212205,0.193846,-0.389396,-0.330601,-0.023655,-0.368233,0.155723,-0.200928,-0.503945,0.100641,0.26345,0.468517,0.153463,-0.370196,-0.497041,-0.993461,-0.25367,0.066136,-0.25367,0.123466,-0.036178,0.053151,-0.646322,-0.142638,-0.442246,-0.25367,-0.164679,-0.418548,-0.123144,-0.085972,-0.750837,0.348271,0.194439,0.352515,-0.453223,0.388146,0.172419,-0.555489,-0.411923,-0.298977,-0.126405,-0.592625,0.055793,-0.092279,-0.540674,0.304873,-0.085972,-0.370196,0.113077,0.300833,-0.14331,0.083506,-0.222079,-0.164679,0.352515,-0.100556,-0.358199,-0.357705,-0.25367,-0.26992,-0.569918,-0.036178,0.00167,-0.492735,-0.59895,0.264646,-0.41836,0.113077,0.060044,-0.127569,0.108333,0.265187,0.446177,-0.662308,-0.105086,0.373627,-0.300345,-0.413943,0.217966,0.590101,-0.023655,0.113077,0.640894,0.136786,0.338264,-0.492735,0.170385,0.027029,-0.370196,0.133472,0.061818,-0.290939,0.455724,0.078018,0.282438,0.05612,0.233263,-0.034744,-0.272904,-0.312899,-0.320067,0.090359,-0.278597,0.107804,0.240358,-0.11411,-0.265075,-0.506943,0.240358,0.209604,-0.301206,0.269654,#
15,-0.498852,-0.153417,-0.026761,-0.2345,0.471496,0.354684,-0.083362,0.313908,-0.407779,-0.326719,0.741628,0.102076,-0.761746,-0.610944,0.19429,1.0,0.492124,-0.094026,0.518286,-0.029001,-0.249935,-0.407312,-0.429832,-0.249436,0.338296,0.045434,-0.506654,-0.059401,0.090486,-0.498852,-0.499463,-0.190715,-0.166623,-0.249935,0.380345,-0.009411,-0.063258,-0.034314,-0.166623,0.229117,-0.166623,-0.304659,-0.365989,0.278483,0.212587,0.47916,-0.228522,-0.071394,0.29789,0.090486,0.111713,0.151773,0.146409,0.202269,0.267782,-0.302422,-0.374774,-0.221738,-0.671995,-0.727946,-0.761706,0.655301,0.184371,0.244241,-0.045906,-0.922386,-0.245895,-0.32188,-0.11787,0.179245,-0.180508,-0.229336,0.33733,0.218474,0.104847,0.24297,-0.499474,0.112286,-0.327069,-0.498926,-0.0335,-0.407928,-0.166623,-0.259865,0.004268,-0.166623,-0.327069,-0.4996,-0.327069,0.387654,0.295328,-0.215984,0.004268,-0.611838,-0.611332,0.229292,-0.0335,-0.096485,-0.249792,-0.033359,-0.453965,-0.249808,-0.49918,-0.249935,-0.327069,-0.14612,-0.327069,-0.165546,-0.001523,-0.050914,0.069208,-0.32695,0.368386,-0.327069,0.069208,-0.609779,-0.407865,0.470415,-0.327242,0.183485,-0.249808,0.119796,-0.141641,-0.405986,0.224537,-0.407555,-0.249935,-0.162178,-0.715168,-0.40671,0.388318,0.104847,0.004268,-0.215136,0.470415,-0.249808,0.649491,0.206646,-0.729521,-0.096621,-0.327242,0.069208,0.119796,0.263585,-0.264299,0.029268,-0.327069,-0.264485,-0.038952,-0.001523,-0.499474,0.378199,-0.407928,0.218474,-0.091492,-0.166623,-0.398587,-0.290181,-0.611648,0.730933,0.40069,-0.166623,0.083753,0.34337,-0.761803,-0.524128,0.369249,0.285369,0.004268,-0.166623,0.086355,-0.251431,0.055302,0.378199,-0.101916,0.368386,-0.249808,-0.120433,-0.511379,0.213011,0.074733,0.004208,0.738775,-0.139139,-0.761578,0.008597,-0.784261,0.213469,0.326292,-0.525089,-0.426559,-0.13417,0.326398,-0.643925,0.103276,-0.054478,0.326398,-0.215984,-0.734113,0.324061,#
16,0.246259,-0.032479,0.167407,-0.258092,0.196674,0.342272,-0.160786,-0.041821,-0.006226,-0.243033,0.644018,-0.006221,-0.234698,-0.418675,-0.524816,0.492124,1.0,0.56885,0.237507,-0.221061,0.015264,-0.044715,-0.0438,-0.498886,0.511592,0.21695,-0.583908,-0.322981,-0.366485,-0.152857,0.211828,-0.000558,-0.333256,-0.499884,0.383984,0.190682,0.4303,-0.423912,-0.333256,-0.221329,0.328168,-0.479115,-0.502811,0.044492,-0.054292,0.174809,-0.342116,0.320792,0.137348,-0.366485,0.31435,0.005016,-0.024513,-0.253245,0.043034,0.161584,-0.537501,-0.213004,-0.41209,-0.366485,-0.169687,0.323611,0.357489,-0.083873,-0.2768,-0.231289,-0.083204,0.016188,0.389789,0.614622,0.223534,0.277492,-0.023635,-0.229703,-0.017962,0.013893,-0.209226,-0.006222,-0.229703,-0.606381,0.181244,-0.017962,0.328168,-0.667782,0.176856,-0.333256,-0.229703,-0.215172,0.211074,-0.003816,0.179078,-0.249347,-0.215172,0.018405,-0.398232,0.211505,0.598031,-0.421406,-0.499597,-0.618836,-0.328169,-0.01798,-0.205774,0.492252,-0.229703,-0.444954,-0.229703,0.065728,-0.224127,0.092637,0.819198,-0.232116,0.355655,-0.229703,0.408344,-0.019551,-0.422554,0.16722,0.661163,0.074845,-0.499629,-0.028452,-0.033125,-0.425784,0.124258,-0.006222,-0.003816,0.180092,-0.300027,0.005839,0.403156,-0.017962,0.176856,-0.27086,0.16722,-0.01798,0.328168,-0.221087,-0.294799,-0.005714,-0.221498,0.408344,-0.028452,-0.296038,-0.263633,0.366257,-0.229703,0.261518,0.16722,-0.224127,-0.611551,0.37133,0.39634,-0.229703,-0.009334,-0.333256,-0.077239,0.134192,-0.414301,0.185729,-0.069998,0.328168,0.445295,-0.370412,-0.221956,0.185221,-0.01798,-0.048933,-0.215172,-0.333256,-0.540971,-0.438156,-0.439773,0.37133,-0.416866,-0.044649,-0.01798,0.019046,-0.180344,-0.044253,-0.003714,-0.205215,0.188982,-0.01964,-0.62387,-0.14466,-0.217239,0.469688,0.078727,-0.200421,-0.039653,-0.00685,0.239305,-0.325356,0.145298,0.584497,0.239305,-0.232987,-0.12429,-0.051522,#
17,0.685466,0.078672,0.247391,-0.153685,0.197346,0.388267,-0.535991,-0.492789,0.025618,-0.224354,0.175984,0.405209,0.29498,0.046938,-0.515915,-0.094026,0.56885,1.0,-0.237131,-0.140547,0.015702,0.445368,0.112303,-0.493621,0.035297,0.145326,-0.134341,-0.067194,-0.30596,0.2591,0.257732,0.366518,-0.329739,-0.494609,0.384512,0.58485,0.045611,0.008565,-0.329739,-0.30472,0.350675,-0.355985,-0.09364,0.085602,-0.031568,-0.263623,-0.241475,0.415704,-0.285407,-0.30596,0.394165,0.070051,-0.448658,-0.103238,-0.041217,-0.003255,-0.434848,-0.25896,0.271032,-0.154794,0.312897,0.243626,0.384879,-0.379757,-0.161699,0.165986,-0.066283,0.172421,0.292426,0.758953,0.325287,0.398459,-0.494115,0.142056,-0.081154,-0.045943,-0.191339,-0.070411,-0.210614,-0.58461,0.281726,0.029342,0.350675,-0.601073,0.143613,-0.329739,-0.19382,0.252189,0.226025,-0.102062,0.201827,0.173644,0.143613,0.50369,0.054409,0.620183,0.6946,-0.480555,-0.494325,-0.984484,0.205433,0.020178,-0.156802,0.54564,-0.210614,-0.369686,-0.210614,-0.157406,-0.283311,0.486644,0.476964,-0.196416,-0.052919,-0.210614,0.054313,0.029689,-0.387099,-0.266563,0.705844,-0.013923,-0.494356,-0.108878,0.070411,-0.023544,0.18227,0.041607,0.015702,0.285155,0.441696,0.054153,0.390469,0.345044,0.143613,-0.052393,-0.250883,0.001121,-0.329739,-0.646393,0.021256,0.359385,0.260408,0.054313,-0.108878,-0.267703,-0.151554,0.448442,-0.210614,-0.080575,-0.156802,-0.267983,-0.160681,-0.041607,0.439754,-0.311377,-0.041607,-0.329739,0.327456,0.421961,0.030113,-0.304451,-0.687643,0.350675,0.080693,-0.384094,-0.168505,0.666384,-0.11322,0.093549,0.159123,-0.329739,-0.279035,0.080415,-0.806142,-0.041607,-0.028332,-0.464716,0.001121,0.086085,0.283985,-0.543295,0.031803,0.182172,-0.306936,0.047479,-0.123635,-0.521587,0.314318,0.493542,-0.414074,0.264935,0.086611,0.060871,0.221635,0.328535,-0.189804,0.270844,0.221635,0.156814,0.402312,0.438612,#
18,-0.56135,-0.00651,-0.176352,-0.233611,0.221532,-0.431471,-0.031776,-0.038174,0.01656,-0.205389,0.217219,-0.398078,-0.255832,-0.037535,0.455344,0.518286,0.237507,-0.237131,1.0,-0.248598,0.458244,-0.811724,-0.065503,-0.084413,0.518302,0.651638,0.148485,0.4291,0.27058,-0.144576,-0.223388,-0.044353,0.252366,-0.498091,0.37682,0.230978,0.417593,0.028255,-0.332061,0.270047,-0.332061,-0.495666,0.033948,-0.171252,0.443688,0.164703,0.248461,-0.407469,0.082259,0.27058,0.314511,-0.090473,0.071762,0.447229,0.524535,0.023345,-0.508689,0.203555,-0.296875,-0.394362,-0.209667,0.305102,0.23865,0.576906,-0.098852,-0.409183,-0.490041,0.10474,-0.223192,-0.327172,-0.205192,-0.613813,0.435494,0.188524,-0.023093,0.069499,0.199994,-0.011467,-0.254707,-0.195161,-0.616335,-0.439701,-0.332061,0.22279,-0.219505,-0.332061,-0.254707,-0.628876,0.188524,0.019924,-0.254816,-0.207519,-0.219505,-0.792439,-0.348772,-0.199994,-0.197227,0.017496,-0.497805,0.20206,-0.31878,-0.047223,-0.624036,-0.498091,-0.254707,-0.022225,-0.254707,-0.201935,0.199994,0.090843,0.004368,-0.21111,0.39579,-0.254707,0.004368,-0.451089,-0.010218,0.164319,-0.199994,0.517354,-0.047223,0.377923,-0.457704,-0.026389,0.153784,-0.365016,-0.498091,-0.261547,-0.384297,-0.42728,0.020765,-0.023093,-0.219505,-0.218098,0.164319,-0.047223,0.332061,-0.216982,-0.283331,-0.007103,-0.652154,0.004368,0.377923,-0.28807,-0.238861,0.131991,-0.254707,-0.102521,-0.249521,0.199994,-0.20457,-0.035355,-0.023093,0.188524,-0.417571,-0.332061,-0.413055,-0.194511,0.005626,0.613294,0.619351,-0.332061,0.029468,0.31546,-0.196352,-0.571687,0.455734,0.686888,-0.219505,-0.332061,-0.088586,-0.413944,0.377907,-0.035355,-0.006873,0.39579,-0.047223,0.015972,-0.185706,0.007002,0.027776,-0.168063,0.63003,-0.034865,-0.249822,0.1258,-0.638573,-0.023389,0.017545,-0.179988,-0.007539,-0.387224,0.256314,-0.335799,0.151727,-0.229283,0.256314,0.236662,-0.31559,-0.030032,#
19,-0.194364,-0.425604,0.178674,0.629854,0.177067,-0.021782,-0.382767,-0.05594,-0.814807,-0.239648,-0.251301,0.001842,-0.207936,0.007775,-0.045426,-0.029001,-0.221061,-0.140547,-0.248598,1.0,0.019208,0.008347,-0.027328,-0.010127,-0.037643,-0.191143,-0.162621,0.030319,-0.393512,-0.194364,0.191631,0.071788,0.35855,-0.019208,0.041091,-0.567632,0.009355,0.127122,-0.33294,-0.251301,0.33294,0.615024,-0.01891,0.016816,-0.481964,0.200865,0.112375,0.406427,0.269833,-0.393512,0.291166,0.56389,0.465037,-0.285142,0.464613,0.398891,0.470195,-0.692053,-0.315495,0.247548,-0.194698,-0.37666,0.437809,0.23548,0.104905,0.023229,0.469364,-0.073297,-0.137527,0.220406,0.22027,0.241578,0.500446,0.260061,0.414367,-0.563113,0.195899,0.040534,0.654502,0.209552,0.579572,0.414367,0.33294,0.219211,0.209835,0.307329,0.22719,0.619683,0.243626,-0.019208,0.654775,0.231553,0.619683,0.012104,0.0,-0.201194,0.191058,0.012765,-0.004654,0.199354,-0.4738,0.034008,0.22386,0.0,0.654502,0.795972,0.654502,-0.248938,0.195899,-0.061543,-0.027138,-0.653297,-0.010029,0.654502,-0.043047,0.049675,0.000896,0.584924,-0.21796,-0.056944,0.500252,0.037321,0.816201,0.452173,0.305789,-0.407179,0.480201,0.273437,-0.255903,0.053183,0.384549,0.445263,0.209835,0.26853,0.185948,0.518902,0.307329,0.210234,0.263562,0.431874,0.65388,-0.043047,0.037321,0.464058,0.636202,0.389766,0.654502,-0.341047,0.584924,-0.194135,0.210901,0.393361,0.02817,0.22719,0.024873,0.307329,-0.071632,-0.170834,0.415827,0.219571,-0.433036,0.33294,-0.428553,0.544651,-0.201984,-0.213191,0.034008,0.056674,0.225015,0.307329,0.212415,0.051422,0.375677,0.393361,0.020387,-0.025529,0.518902,-0.399377,-0.576409,-0.016875,-0.012126,-0.208539,0.197111,0.386546,-0.184392,0.107269,-0.222792,0.500588,-0.078533,-0.192692,0.481952,-0.027986,-0.651128,-0.303108,0.639673,-0.207636,-0.651128,0.231553,-0.069515,0.068994,#
20,0.023208,-0.105031,0.004023,-0.202875,0.015839,-0.610312,-0.265813,-0.249081,0.092351,-0.326804,-0.327078,-0.407596,0.299782,0.381453,0.242308,-0.249935,0.015264,0.015702,0.458244,0.019208,1.0,-0.407418,0.230716,0.338945,0.39867,0.643697,0.480701,0.521769,0.154036,0.023208,0.511034,0.471233,0.666667,-0.25,0.421374,0.0,0.513121,0.0,-0.166667,-0.327078,-0.166667,-0.265438,0.307646,-0.467575,0.212642,0.019987,0.359237,-0.168272,0.089941,0.154036,0.176414,-0.293769,0.20423,0.295358,0.267356,0.648965,-0.361922,0.317159,0.202855,0.154036,0.353591,-0.183207,0.251199,0.307768,-0.394231,0.406581,-0.245959,0.248644,-0.331847,-0.257445,-0.168909,-0.19705,0.399601,0.239074,0.124184,-0.352637,0.505347,0.13189,0.239074,0.023212,-0.499717,0.124184,-0.166667,0.358239,0.023243,-0.166667,0.239074,0.023243,0.773845,-0.25,-0.185821,-0.195452,0.023243,-0.09695,-0.101915,-0.327327,0.005949,-0.077135,-0.249857,0.035543,-0.041667,0.392657,0.029371,-0.25,0.239074,-0.077135,0.239074,0.117693,0.017228,0.492926,0.109618,-0.327035,-0.077135,0.239074,0.109618,0.396459,0.116563,0.029371,0.218218,0.701449,0.392657,0.595044,-0.07194,0.624756,0.376889,-0.407661,-0.25,-0.26762,0.207331,0.139653,-0.09695,0.124184,0.023243,-0.237398,0.029371,0.392657,-0.166667,-0.32672,0.368007,0.427814,-0.327327,0.109618,0.595044,-0.495614,-0.1905,0.13041,0.239074,-0.077751,0.029371,0.017228,0.017228,-0.07194,0.626835,0.239074,-0.07194,-0.166667,0.061337,-0.121396,0.417676,0.249897,0.183787,-0.166667,0.125343,-0.142294,0.34925,0.01918,0.392657,0.45393,0.023243,-0.166667,0.149634,0.101846,0.124011,-0.07194,-0.046436,-0.077135,0.392657,-0.077583,0.02526,-0.336782,0.11837,-0.472327,0.25097,0.418182,0.350552,-0.169801,-0.189112,0.286146,-0.385266,0.032827,0.276526,-0.091063,-0.194501,0.216876,0.302199,-0.01293,-0.194501,0.340465,0.413046,-0.248549,#
