0,1.0,0.571553,0.107754,-0.167249,0.041014,0.119462,-0.026812,-0.063946,0.296703,0.110314,-0.224328,0.017969,0.679056,0.584144,0.144444,-0.40749,-0.122341,0.665927,-0.36054,-0.093271,0.142842,0.771829,0.571553,0.394276,-0.044642,0.006362,0.270741,-0.185388,0.481745,0.568217,0.215209,0.266356,-0.271731,-0.108885,0.281685,0.272648,-0.083844,-0.214167,0.394276,-0.665158,-0.271731,0.052246,-0.096496,-0.017013,0.33739,-0.360874,0.333593,0.11073,-0.356566,0.704022,-0.034984,-0.465513,-0.174885,0.282434,-0.625689,-0.153083,-0.117787,0.163577,0.31484,0.36749,0.645911,-0.216284,-0.280355,-0.308019,0.154183,0.451289,-0.271731,0.5467,0.414144,0.05095,-0.015855,0.429356,-0.407596,-0.115105,-0.665252,0.264145,-0.071802,-0.281343,-0.407388,-0.123109,-0.182451,-0.080225,-0.271731,0.229014,-0.241444,-0.407596,0.111889,0.138192,0.131869,-0.533668,-0.006466,-0.387192,-0.115105,0.640687,0.21714,0.338339,0.415014,-0.617041,-0.281343,-0.4524,0.704022,0.096997,0.142205,0.420916,-0.533387,-0.273677,-0.407596,0.047373,-0.665252,0.349199,0.116389,0.365916,-0.399052,-0.271731,-0.13358,0.585023,-0.088898,-0.665231,0.390659,-0.20153,-0.407596,-0.264566,-0.006466,0.11403,0.005705,0.142205,-0.271731,0.102572,0.387309,0.611152,-0.158066,-0.115105,-0.404218,-0.044223,-0.573418,-0.271731,-0.271731,-0.288505,0.446028,0.0,0.071929,-0.13358,-0.264566,-0.444046,-0.379608,-0.189336,-0.271731,0.117651,-0.399052,-0.404218,-0.198217,-0.573418,0.651354,-0.533668,-0.190117,-0.407596,0.597615,0.64327,-0.182232,-0.533364,-0.565685,-0.271731,0.614074,-0.828236,0.078155,0.819762,-0.271731,-0.018123,-0.015984,-0.271731,0.027047,0.390614,-0.664644,-0.573418,0.011191,-0.793726,0.0,0.438993,0.690987,-0.373213,0.587164,-0.161882,-0.373435,0.123772,0.560966,-0.437884,0.560966,-0.091711,-0.357242,0.315011,-0.102824,0.545484,0.313662,0.438993,-0.196857,0.31502,0.313662,-0.370059,0.756343,0.117648,#
1,0.571553,1.0,0.062559,-0.097835,-0.214052,0.090036,0.474524,0.423867,0.398579,0.363215,-0.392459,-0.601259,0.837095,0.575419,0.103311,-0.272246,-0.109677,0.18611,0.152615,-0.056616,-0.209426,0.475251,1.0,0.269062,-0.087521,-0.079172,0.411853,-0.630204,0.278739,0.571553,-0.342909,0.017105,0.213585,-0.005018,-0.085214,0.377514,0.296705,-0.107817,0.269062,-0.78356,-0.507611,0.463005,-0.247777,0.232581,0.569379,-0.615067,0.794882,-0.032669,-0.202185,0.630022,-0.311911,-0.24884,-0.104263,0.364114,-0.361327,-0.203415,0.250881,-0.33923,-0.064062,0.582468,0.831646,-0.486969,-0.277227,0.114988,0.425614,0.470436,-0.507611,0.951318,0.917543,-0.286785,0.158432,0.171291,-0.262127,-0.506636,-0.782135,0.522624,-0.043559,-0.327661,-0.204961,-0.018449,-0.113344,-0.524795,-0.507611,0.355164,-0.801748,-0.761417,-0.22052,0.104619,-0.22052,-0.996928,-0.249701,-0.395911,-0.506636,0.391517,-0.049488,-0.034502,0.625205,-0.494644,-0.327661,-0.24661,0.630022,0.320214,0.113344,0.213585,-0.506368,0.06645,-0.761417,-0.089672,-0.782135,-0.391625,0.124646,0.457199,-0.255655,-0.507611,-0.130306,0.094395,-0.043559,-0.853498,-0.052661,-0.755007,-0.761417,-0.839971,-0.249701,-0.398094,-0.22721,0.113344,-0.507611,0.445353,-0.143308,0.35851,-0.568067,-0.506636,-0.641956,0.276274,-0.571311,-0.507611,0.158108,-0.402093,0.486628,-0.640755,-0.199716,-0.130306,-0.839971,-0.29754,0.026421,-0.198115,-0.507611,0.548485,-0.255655,-0.641956,-0.064814,-0.571311,0.320378,-0.996928,-0.507455,-0.761417,0.570192,0.962353,-0.064814,-0.578215,-0.142748,0.213585,0.519957,-0.440698,0.076092,0.705821,-0.507611,-0.085011,-0.640755,-0.507611,-0.093751,-0.397806,-0.391517,-0.571311,0.275874,-0.458664,0.0,0.759565,0.834363,-0.448562,0.582143,-0.041033,-0.207483,0.046278,0.560072,0.207464,0.560072,-0.358762,-0.475017,0.476342,0.188813,0.548012,0.505422,0.26149,0.275305,0.371517,0.505422,-0.395911,0.347255,-0.144514,#
2,0.107754,0.062559,1.0,0.34145,0.199437,0.032936,-0.08487,-0.050808,-0.092238,-0.731739,0.046078,0.185069,-0.062737,-0.321051,-0.45532,-0.258701,0.33479,0.156733,-0.25561,0.428545,0.326391,-0.056233,0.062559,-0.488244,0.427157,-0.462225,-0.028119,-0.056251,-0.378474,-0.313953,0.496805,0.024088,0.247063,-0.021135,0.347515,-0.064108,0.464189,-0.341801,-0.488244,-0.401744,0.217651,0.270528,-0.336415,-0.248529,-0.247192,0.13779,-0.099159,0.969132,0.450504,-0.306156,0.177708,0.311666,0.04879,-0.229953,0.19092,0.705825,0.237836,-0.495524,-0.254704,0.478164,-0.036178,-0.529283,0.644809,-0.278434,-0.048297,0.214385,0.188238,0.164257,0.133712,0.7684,0.890604,0.850743,0.326476,-0.053914,0.072633,-0.241403,-0.071279,-0.322467,0.32757,-0.515182,0.799608,0.388948,0.217651,-0.073248,0.028818,0.304417,0.282358,0.533897,0.326476,-0.092423,0.170705,0.024923,-0.073169,0.39335,-0.064747,-0.073169,0.67071,-0.518108,0.127167,-0.206314,-0.306156,0.32757,0.109182,0.188239,0.428342,0.075327,0.304417,0.47385,-0.396979,0.26928,0.625603,-0.526632,-0.271601,0.188239,0.781622,0.069677,-0.090154,0.039549,0.408203,-0.025994,0.304417,0.032019,0.634735,0.529162,0.793626,-0.348916,0.188239,0.627661,0.059763,-0.192824,0.326571,-0.053914,0.182941,0.359572,0.314003,0.217651,0.217651,0.115023,0.632366,0.194121,0.326476,0.781622,0.032019,0.078581,0.512118,0.653786,0.188239,0.131471,0.635464,-0.278514,0.351518,0.314003,0.304417,-0.092423,-0.092254,0.304417,0.015404,0.171661,0.369167,-0.083134,-0.290575,0.247063,0.115023,0.035859,0.062754,0.235519,-0.547068,-0.01051,0.176474,0.188239,-0.154155,-0.007017,0.057341,0.314003,-0.605865,-0.002241,0.0,0.300101,-0.020904,-0.477228,0.120461,-0.482233,-0.262446,0.996308,0.10066,-0.174952,0.10066,0.732082,-0.572039,-0.029397,0.748432,0.528545,-0.145329,-0.294049,0.221602,0.33254,-0.145329,0.043838,0.079698,-0.166394,#
3,-0.167249,-0.097835,0.34145,1.0,-0.016098,-0.111915,-0.069866,-0.397076,-0.265265,-0.111545,0.242498,0.415037,-0.234078,-0.158681,-0.118996,-0.121823,-0.281029,-0.082057,-0.38239,0.52625,-0.121823,0.083037,-0.097835,-0.408067,0.055406,-0.434264,-0.256871,0.079331,0.07844,-0.167249,0.242486,-0.653764,-0.408067,-0.375575,0.178236,-0.209864,0.115988,-0.227772,-0.408067,0.242498,0.259212,0.412784,-0.474415,0.032476,-0.275334,0.373347,-0.20395,0.499764,0.260001,-0.358571,0.607035,0.718048,0.149911,-0.17801,0.021726,-0.08989,0.602891,-0.119817,-0.277717,0.336901,-0.25042,-0.439482,0.343943,-0.433616,0.650797,-0.136187,0.259212,0.091551,0.079551,0.226953,0.559776,0.22999,0.388818,0.089047,-0.194051,-0.351684,0.098043,-0.590082,-0.125876,0.115542,0.550386,0.525884,0.259212,0.183638,0.242031,0.388818,0.408067,0.2394,-0.111641,0.072246,0.403439,0.353497,0.089047,-0.241682,0.191278,0.105849,-0.01583,-0.244593,-0.182047,0.430933,-0.358571,-0.107187,-0.166353,0.284877,0.055415,0.666335,0.388818,-0.262574,0.248506,0.095486,0.089915,0.083093,0.408408,0.259212,0.126657,-0.127871,0.542722,0.220093,0.089047,-0.25616,0.388818,-0.157183,0.808342,0.265724,0.138776,0.282301,0.259212,0.388684,-0.024861,-0.059765,0.142853,0.089047,-0.021833,0.135576,0.126657,0.259212,0.259212,0.25719,0.454951,-0.007699,0.408067,0.126657,-0.157183,0.458485,0.778346,0.547706,0.259212,-0.270171,0.368607,0.413036,0.574685,0.126657,-0.092392,0.072246,-0.257376,0.388818,-0.60149,-0.05923,0.15889,0.063473,-0.309895,-0.408067,-0.152963,0.329526,-0.077248,-0.370839,-0.408067,0.133503,0.408067,0.259212,-0.497407,0.153302,0.650641,0.126657,-0.423152,0.329526,0.0,0.11137,-0.225947,0.366704,-0.165363,-0.268415,-0.135035,0.365846,-0.072112,-0.006775,-0.072112,0.062818,0.235752,-0.2862,0.589083,-0.066431,-0.258094,-0.387872,0.241501,-0.298093,-0.258094,-0.092136,0.131509,-0.041854,#
4,0.041014,-0.214052,0.199437,-0.016098,1.0,-0.233427,-0.361651,-0.269637,-0.803318,-0.498505,-0.038126,0.205329,-0.364662,0.034298,0.611327,0.471496,-0.001358,0.412428,0.230815,0.644959,0.026338,-0.18053,-0.214052,-0.332622,0.212019,0.314599,-0.348782,0.457921,0.448035,0.041014,-0.021375,-0.01763,-0.332622,-0.249024,0.438724,0.040017,-0.363033,-0.279463,-0.332622,-0.038126,-0.332622,-0.100652,-0.007089,-0.422089,-0.300589,0.226954,0.057849,0.266849,-0.070516,-0.374831,0.485183,-0.0486,-0.198455,0.046578,0.494587,0.020226,-0.514361,-0.261893,-0.298088,-0.37084,-0.376537,0.281081,0.438993,0.444007,-0.219583,-0.201029,0.300943,-0.069128,-0.276948,0.368077,0.096352,0.096289,-0.023759,0.245403,-0.034094,0.259961,0.19412,-0.410019,-0.037316,-0.238098,-0.032475,-0.23849,-0.332622,0.402889,-0.022632,-0.023759,-0.023759,-0.002248,0.015839,0.193557,0.581947,-0.232285,0.660169,0.022599,0.022599,0.245403,0.199111,-0.436825,-0.426162,-0.241258,-0.374831,-0.498678,-0.426162,-0.332622,-0.246336,0.374316,-0.023759,-0.250722,-0.034094,0.353343,-0.143867,-0.652674,-0.243772,0.300943,-0.048617,-0.020846,-0.246336,0.359596,-0.203927,0.321277,-0.023759,0.382594,0.181481,0.39941,0.539884,-0.813582,0.300943,0.255976,-0.198966,-0.497719,0.811376,0.245403,-0.230648,0.04656,-0.06476,-0.332622,0.300943,-0.026802,-0.282313,0.617726,0.510812,-0.048617,0.382594,-0.151585,-0.26251,0.35666,0.300943,-0.273647,-0.259589,-0.230648,-0.41315,-0.06476,0.015839,0.193557,-0.42939,-0.023759,-0.03514,-0.025175,-0.001304,0.185502,-0.549024,-0.332622,0.006949,0.164949,-0.66583,-0.183109,0.327342,0.488513,0.205909,0.300943,0.366744,0.109968,-0.061531,-0.06476,-0.166955,-0.296707,0.0,-0.470067,-0.364753,-0.275939,0.403931,-0.38335,0.464113,0.186203,-0.193199,-0.638323,-0.193199,0.469966,-0.211147,-0.344496,-0.038267,0.196042,-0.299646,0.023701,0.266895,-0.429765,-0.299646,0.209116,-0.283128,0.531342,#
5,0.119462,0.090036,0.032936,-0.111915,-0.233427,1.0,-0.295768,0.439195,-0.052847,-0.150417,0.474688,0.235478,-0.008345,-0.271593,-0.386244,0.26938,0.285232,0.082131,-0.302163,-0.0462,-0.246053,0.49112,0.090036,0.277428,-0.114085,-0.502533,-0.025521,-0.555007,-0.274626,-0.334734,-0.34986,0.343637,0.221382,0.005927,0.314187,-0.077571,-0.050173,0.4554,0.277429,-0.384141,0.193359,0.133404,-0.299312,0.873425,0.515531,0.124874,-0.089077,0.053623,0.252041,0.278242,-0.365776,0.279692,0.400071,0.47143,-0.394753,-0.322058,0.246233,-0.38964,-0.175669,-0.143188,-0.052698,0.271371,-0.140204,-0.473122,0.260253,-0.422624,-0.507218,-0.026583,0.163477,0.27664,-0.247874,0.184203,0.269021,0.416441,0.068706,-0.189419,-0.99563,0.539478,-0.198662,-0.511858,0.334452,-0.06054,0.193359,-0.546404,0.061778,-0.235394,-0.214377,0.119415,-0.235394,-0.078885,0.189649,0.030637,-0.042194,-0.029433,-0.51831,0.434786,0.211858,-0.098069,0.111081,-0.275782,0.278242,0.331904,0.128217,0.221382,-0.050987,-0.3909,-0.235394,-0.086459,-0.396624,0.052026,0.124231,0.008248,0.135806,-0.507218,-0.128217,-0.3019,-0.528069,0.02181,-0.06054,-0.226987,-0.235394,-0.357576,0.189649,-0.35108,0.157529,0.084873,-0.507218,-0.279981,-0.205693,0.370577,-0.137642,0.416441,0.198726,-0.118961,0.30018,0.193359,0.165336,0.055322,-0.12941,-0.226987,-0.193359,-0.128217,-0.357576,0.564313,0.006406,-0.259526,-0.507218,-0.371058,0.178277,-0.25852,-0.087438,0.30018,-0.214377,-0.078885,0.364692,-0.235394,0.192015,0.051845,-0.524628,0.361932,0.10353,0.221382,0.073236,-0.011744,-0.415328,0.266377,0.193359,-0.098593,0.210173,-0.507218,0.192955,0.25687,-0.425171,0.30018,0.278923,-0.029895,0.0,0.268891,0.000428,-0.012811,0.114218,0.409286,0.279484,0.024264,-0.330979,0.183949,-0.330979,0.174438,0.062274,-0.040997,-0.369144,0.067901,0.550371,-0.234297,0.169405,0.349717,0.550371,-0.437927,0.076994,0.334191,#
6,-0.026812,0.474524,-0.08487,-0.069866,-0.361651,-0.295768,1.0,0.570977,0.338404,0.478597,-0.388771,-0.683264,0.31191,0.072046,0.051242,-0.202707,-0.214265,-0.504282,0.13646,-0.041758,-0.385662,-0.01458,0.474524,0.347979,-0.199358,-0.211718,-0.049591,-0.59048,0.141344,0.084431,-0.115651,-0.450689,0.288495,0.566048,-0.698785,-0.19658,0.211179,-0.4565,0.347979,-0.275198,-0.484791,0.555101,-0.183261,-0.175339,-0.18891,-0.144169,0.340201,-0.154241,0.246369,0.066876,-0.499952,-0.29886,0.003674,-0.527938,-0.302918,0.17416,0.403168,0.009056,-0.182252,0.475078,0.335228,-0.523288,-0.407343,0.350674,-0.005604,0.533687,0.229012,0.351665,0.552657,-0.568441,0.042537,0.021997,-0.191834,-0.95211,-0.262447,0.557016,0.318176,-0.205832,0.389206,0.563375,-0.06697,-0.095406,-0.484791,0.341946,-0.386116,-0.191834,0.254292,0.096347,-0.392591,-0.484817,-0.251812,-0.324371,-0.484817,0.2743,-0.089436,-0.562699,0.064468,0.119754,0.230652,0.350314,0.066876,0.302574,0.594388,0.110045,0.031885,0.162184,-0.191834,0.351082,-0.262447,-0.802862,-0.018097,0.493138,-0.202838,0.229012,0.205832,0.404294,0.413606,-0.326131,-0.270641,-0.608179,-0.191834,-0.487653,-0.251812,-0.465424,-0.425143,0.157904,0.229012,0.360735,-0.328165,0.331556,-0.648023,-0.95211,-0.192664,0.0918,-0.06697,-0.484791,0.229012,0.170553,0.191148,-0.758415,-0.191834,0.205832,-0.487653,-0.119785,0.126914,-0.37404,0.229012,0.890246,0.224852,-0.192664,-0.011757,-0.06697,0.053535,-0.484817,0.001498,-0.191834,0.137592,0.279663,-0.100989,-0.503221,0.362988,0.288495,0.379689,-0.258361,0.488393,0.148598,-0.484791,-0.699165,-0.669189,0.229012,-0.015355,-0.508408,0.162184,-0.06697,-0.036209,0.126914,0.0,0.183024,0.305937,0.143574,0.060905,-0.346396,-0.175756,-0.070975,0.476629,0.400407,0.476629,-0.473707,0.068364,-0.002277,0.116743,0.467073,-0.239129,0.183024,0.280825,0.304059,-0.239129,-0.420006,-0.257979,-0.722966,#
7,-0.063946,0.423867,-0.050808,-0.397076,-0.269637,0.439195,0.570977,1.0,0.153466,0.280911,-0.139313,-0.651767,0.141554,-0.03229,-0.031101,0.165467,0.066146,-0.527083,0.119951,-0.000427,-0.326324,0.109411,0.423867,0.563543,-0.005896,-0.420664,0.140561,-0.781049,-0.199278,-0.063946,-0.532694,0.163062,0.507746,0.569703,-0.386395,-0.35513,0.101321,0.07476,0.563543,-0.532668,-0.217606,0.374739,-0.11492,0.403835,0.259318,-0.216032,0.459523,-0.155786,0.197404,0.22132,-0.827521,-0.275181,0.463766,-0.077231,-0.225711,0.003053,0.341438,-0.438869,-0.407273,0.242292,0.127363,-0.202621,-0.491469,0.255433,0.046562,-0.032479,-0.217606,0.193075,0.437247,-0.346548,-0.216357,0.140375,0.175758,-0.427369,-0.069488,0.301593,-0.427143,0.386949,0.23303,0.053843,0.056597,-0.427369,-0.217606,0.044765,-0.533023,-0.326408,-0.326408,-0.069488,-0.326408,-0.427369,-0.27006,-0.502146,-0.427369,0.120821,-0.348816,-0.427369,0.18584,0.111834,0.386949,0.157318,0.22132,0.23303,0.386949,-0.217606,0.065714,-0.146912,-0.326408,0.343608,-0.532743,-0.765626,0.04576,0.109484,-0.274335,-0.217606,0.056597,-0.061894,-0.427143,-0.141286,-0.427369,-0.511667,-0.326408,-0.531803,-0.27006,-0.531296,-0.235988,-0.082688,-0.217606,-0.022213,-0.618722,0.222294,-0.409564,-0.427369,-0.197257,0.292338,0.056597,-0.217606,0.45195,0.311569,-0.049132,-0.652817,-0.326408,0.056597,-0.531803,0.129047,-0.089285,-0.61315,-0.217606,0.469295,0.18584,-0.652464,-0.337952,0.056597,-0.326408,-0.427369,0.120821,-0.326408,0.469984,0.264988,-0.337952,-0.006571,0.50184,0.507746,0.311569,-0.089285,-0.021258,0.23447,-0.217606,-0.455493,-0.652817,-0.217606,0.313015,-0.450015,-0.146912,0.056597,0.251963,-0.089285,0.0,0.325614,0.122805,-0.095547,0.369197,0.119469,0.193891,-0.081305,-0.010938,0.625487,-0.010938,-0.256437,-0.083767,0.155835,-0.263839,0.413896,0.216667,-0.175331,0.489107,0.551126,0.216667,-0.502146,-0.301112,-0.324514,#
8,0.296703,0.398579,-0.092238,-0.265265,-0.803318,-0.052847,0.338404,0.153466,1.0,0.44117,-0.170972,-0.424303,0.594411,0.270889,-0.453924,-0.611315,0.145771,-0.120753,-0.03047,-0.799837,0.381982,0.113285,0.398579,0.319368,0.083232,0.056394,0.57093,-0.26832,-0.317281,0.296703,0.241534,0.262452,0.267439,0.127759,-0.281005,0.155726,0.522227,0.070612,0.319368,-0.170972,0.241474,-0.193019,0.154055,0.053276,0.401241,-0.492232,0.171947,-0.228891,-0.208443,0.512334,-0.40833,-0.384968,0.051777,0.008689,-0.417022,0.198936,0.110727,0.402528,0.41707,0.468734,0.628002,-0.360945,-0.401915,-0.291907,0.002796,0.435102,-0.407649,0.282725,0.338847,-0.338759,-0.00954,0.031697,-0.124632,-0.375656,-0.175317,-0.151286,0.091741,0.255345,-0.090646,0.115097,-0.248807,0.066292,0.241474,-0.214631,-0.187622,-0.124632,-0.105158,-0.159656,0.381684,-0.375656,-0.812612,-0.094983,-0.800607,0.185485,0.169607,-0.358658,0.016015,0.177388,0.255345,0.009256,0.512334,0.400953,0.271222,0.267439,0.075079,-0.560003,-0.124632,0.423311,-0.175317,-0.162107,0.353368,0.560435,0.000457,-0.407649,0.164003,0.253365,0.091741,-0.594764,0.508241,-0.100632,-0.124632,-0.212671,-0.418725,-0.188005,-0.465682,0.668155,-0.407649,-0.203059,0.353974,0.436607,-0.678445,-0.375656,-0.01376,0.023122,-0.248807,0.241474,-0.407649,-0.171351,0.439377,-0.428421,-0.611474,0.164003,-0.212671,-0.440037,-0.080131,-0.296699,-0.407649,0.474002,0.000457,-0.01376,0.155984,-0.248807,0.401158,-0.375656,0.169607,-0.124632,0.31333,0.275844,0.155984,-0.366948,0.423239,0.267439,0.276797,-0.517385,0.800315,0.447919,-0.407649,-0.288864,-0.428421,-0.407649,-0.437212,-0.218469,-0.16307,-0.248807,0.03464,-0.080131,0.0,0.609986,0.600052,-0.070014,-0.112591,0.189561,-0.592085,-0.084992,0.374959,0.433637,0.374959,-0.409438,-0.125752,0.586948,0.106679,-0.044877,0.405891,0.124328,-0.347576,0.610112,0.405891,-0.094983,0.531799,-0.607926,#
9,0.110314,0.363215,-0.731739,-0.111545,-0.498505,-0.150417,0.478597,0.280911,0.44117,1.0,-0.407627,-0.498769,0.42812,0.622292,0.381285,-0.249721,-0.611321,-0.403353,0.004746,-0.326732,-0.249721,0.266067,0.363215,0.696934,-0.326816,0.088369,0.408831,-0.211129,0.310242,0.610131,-0.407647,-0.078622,-0.166524,0.223322,-0.611263,-0.120784,-0.235006,0.19882,0.696934,0.102662,-0.166524,0.082102,0.291937,0.190371,0.260366,-0.490752,0.482694,-0.745187,-0.544197,0.562517,-0.38154,-0.420759,0.133872,0.020639,-0.383546,-0.546798,0.261287,0.38183,0.240755,0.245109,0.393172,-0.17737,-0.863856,0.153854,0.373556,0.124702,-0.166524,0.215067,0.236268,-0.956492,-0.537675,-0.461468,-0.249786,-0.327047,-0.407685,0.209024,0.217916,0.089626,-0.249659,0.759483,-0.610968,-0.327047,-0.166524,0.414888,-0.407899,-0.249786,-0.249786,-0.407685,-0.249786,-0.327047,-0.499289,-0.216283,-0.327047,-0.11403,0.405093,-0.327047,-0.498882,0.395008,0.089626,0.488369,0.562517,-0.249659,0.089626,-0.166524,-0.326874,0.111811,-0.249786,-0.172091,0.104383,-0.585899,-0.484601,0.777556,0.009782,-0.166524,-0.610968,0.11248,0.217916,-0.407672,-0.327047,-0.391556,-0.249786,-0.406966,-0.499289,-0.406577,-0.980678,0.608749,-0.166524,-0.351156,-0.028658,0.356463,-0.611474,-0.327047,-0.499302,0.129577,-0.610968,-0.166524,-0.166524,0.080012,0.004178,-0.499572,-0.249786,-0.610968,-0.406966,-0.19921,-0.211486,-0.736106,-0.166524,0.229817,-0.498882,0.003871,-0.101881,-0.610968,-0.249786,-0.327047,-0.11403,-0.249786,0.259753,0.222329,-0.101881,-0.32686,0.25552,-0.166524,0.080012,-0.211486,0.314879,0.036035,-0.166524,-0.181815,-0.499572,-0.166524,-0.03773,-0.151098,0.111811,-0.610968,0.4805,-0.211486,0.0,0.211686,0.376599,0.333093,0.13652,0.386335,-0.228851,-0.73851,0.293695,0.496024,0.293695,-0.99699,0.310736,0.417341,-0.365963,-0.180555,0.115911,0.211686,-0.120639,-0.041392,0.115911,-0.216283,0.233875,-0.248337,#
10,-0.224328,-0.392459,0.046078,0.242498,-0.038126,0.474688,-0.388771,-0.139313,-0.170972,-0.407627,1.0,0.420791,-0.573864,-0.66569,-0.412779,0.591828,0.63915,0.133077,0.00654,-0.117819,0.091563,-0.1,-0.392459,-0.271984,0.321643,-0.061857,-0.597684,-0.101994,-0.144057,-0.665158,0.199744,-0.225399,-0.271984,-0.533652,0.643251,-0.165813,0.298283,-0.108245,-0.271984,0.166445,0.407976,-0.275644,-0.63322,0.398048,0.184343,0.770453,-0.605189,0.164274,0.542578,-0.467271,0.377996,0.47895,0.412776,0.146865,-0.132253,-0.092286,-0.10669,0.086953,-0.462797,-0.462205,-0.562297,0.416258,0.303117,-0.521083,0.141306,-0.65318,-0.271984,-0.289252,-0.084737,0.439488,-0.06607,-0.014542,0.591566,0.356111,0.154405,-0.429687,-0.533884,0.166316,-0.407768,-0.533288,0.225994,0.373917,0.407976,-0.618103,0.5996,0.101994,0.122393,-0.239328,0.101994,0.356111,0.399008,0.08437,-0.089028,-0.565475,-0.582106,0.373917,-0.023007,-0.174292,-0.249474,-0.020567,-0.467271,0.107185,-0.232842,0.435175,-0.097537,-0.289586,0.101994,-0.143758,0.154405,0.358348,0.494431,-0.082722,0.791819,-0.271984,0.225994,-0.21273,-0.080083,0.560508,0.373917,0.297712,0.101994,0.191353,0.399008,-0.223084,0.291226,0.182948,-0.271984,-0.289244,-0.308456,0.155163,0.221499,0.356111,0.409652,-0.600818,0.641784,0.407976,0.380778,0.162616,-0.279596,0.0,-0.407976,0.225994,0.191353,0.379599,0.052849,0.278577,-0.271984,-0.431666,0.384406,0.409652,-0.166082,0.641784,0.122393,0.356111,0.266106,0.101994,-0.65287,-0.439907,-0.590407,0.783709,0.287324,-0.271984,0.180002,0.035233,-0.345075,-0.385057,0.407976,0.136435,0.424295,-0.271984,-0.453144,0.119789,0.126205,0.641784,-0.406232,0.49326,0.0,-0.068678,-0.538349,0.522656,-0.279021,-0.156164,0.574024,0.087307,-0.753111,-0.039249,-0.753111,0.378361,0.566354,-0.634672,-0.141317,-0.353132,0.314818,-0.557059,0.324023,0.208291,0.314818,-0.370405,-0.07514,0.052337,#
11,0.017969,-0.601259,0.185069,0.415037,0.205329,0.235478,-0.683264,-0.651767,-0.424303,-0.498769,0.420791,1.0,-0.3716,-0.377565,-0.23636,0.002165,-0.026286,0.419552,-0.582753,0.23444,-0.017884,0.233157,-0.601259,-0.332797,-0.224571,-0.196371,-0.386705,0.410054,-0.007736,-0.406752,0.38933,-0.060231,-0.332797,-0.252335,0.425881,0.0301,-0.369855,0.130361,-0.332797,0.356646,0.322315,-0.075652,-0.080321,0.069263,-0.321722,0.533789,-0.742094,0.346684,0.202175,-0.217816,0.503761,0.54325,-0.183586,0.044642,-0.063173,-0.080309,-0.009398,0.143614,0.262576,-0.342179,-0.399493,0.351951,0.413133,-0.573157,-0.020457,-0.210826,0.296111,-0.483492,-0.527748,0.619925,0.080286,0.139403,-0.007861,0.667325,0.354893,-0.406001,-0.24967,-0.012819,-0.04097,-0.241486,0.413415,0.633015,0.322315,-0.395457,0.789509,0.46382,0.483473,0.402311,-0.007861,0.61586,0.624062,0.616888,0.65017,0.012819,-0.003205,0.68448,-0.16486,-0.046739,-0.028843,-0.208629,-0.217816,-0.002806,-0.012819,0.34852,0.170733,0.003205,0.46382,-0.230948,0.354893,0.758379,-0.109831,-0.21853,0.196262,0.296111,-0.019228,0.024141,0.187549,0.389795,0.221298,0.349936,0.46382,0.407339,0.624062,0.425066,0.469979,0.003205,0.296111,-0.093463,0.477972,0.043622,0.413757,0.667325,0.555296,-0.364082,0.381367,0.322315,-0.332797,0.00739,-0.097415,0.589601,0.503127,-0.019228,0.407339,0.506793,0.209663,0.409459,0.296111,-0.725098,0.180561,0.555296,0.382181,0.381367,0.011792,0.61586,0.381367,0.46382,-0.412861,-0.476311,-0.026638,0.221172,-0.500758,-0.332797,-0.377888,0.19269,-0.2486,-0.164294,0.322315,0.110922,0.998392,0.296111,0.06924,0.830243,-0.028843,0.381367,-0.173984,0.175717,0.0,-0.430832,-0.34565,0.204468,-0.406235,0.02727,-0.03807,0.218592,-0.17594,-0.603656,-0.17594,0.49812,0.227598,-0.420431,-0.00675,-0.205653,-0.252435,0.039702,-0.397188,-0.421104,-0.252435,0.178732,0.131103,0.523529,#
12,0.679056,0.837095,-0.062737,-0.234078,-0.364662,-0.008345,0.31191,0.141554,0.594411,0.42812,-0.573864,-0.3716,1.0,0.682751,0.00195,-0.611578,-0.249676,0.3212,-0.045396,-0.32372,-0.101341,0.56017,0.837095,0.310357,-0.347339,0.045792,0.606759,-0.361793,0.197171,0.679056,-0.166391,0.239382,0.259059,0.116142,-0.231967,0.575125,0.104799,0.120794,0.310357,-0.573864,-0.407825,0.279757,0.138408,0.120425,0.478817,-0.778313,0.601605,-0.17724,-0.423117,0.846971,-0.355486,-0.347598,-0.411446,0.374147,-0.426079,-0.171252,0.135398,-0.03254,0.490732,0.519712,0.994716,-0.360118,-0.337205,-0.000547,0.194709,0.699864,-0.407825,0.756309,0.642958,-0.300158,0.039955,0.061482,-0.611738,-0.347583,-0.572526,0.43001,0.080557,-0.152415,-0.097235,0.10364,-0.233236,-0.364375,-0.407825,0.196566,-0.590582,-0.611738,-0.111575,0.247448,-0.111575,-0.800952,-0.397889,-0.084319,-0.347583,0.587887,0.180094,0.088995,0.415398,-0.231664,-0.152415,-0.398721,0.846971,0.38839,0.255379,0.259059,-0.3474,-0.142267,-0.611738,-0.05013,-0.572526,-0.145544,-0.077841,0.543558,-0.399126,-0.407825,-0.24892,0.237747,0.080557,-0.998407,0.072203,-0.553403,-0.611738,-0.626272,-0.397889,-0.217815,-0.308969,0.255379,-0.407825,0.267456,0.386236,0.423625,-0.657331,-0.347583,-0.409036,0.180957,-0.656714,-0.407825,-0.407825,-0.591716,0.472055,-0.407825,-0.092338,-0.24892,-0.626272,-0.373321,-0.069384,-0.257798,-0.407825,0.445822,-0.399126,-0.409036,0.166038,-0.656714,0.388588,-0.800952,-0.243384,-0.611738,0.675017,0.831173,0.166038,-0.800495,-0.262785,0.259059,0.260895,-0.501325,0.351807,0.841723,-0.407825,-0.15475,-0.407825,-0.407825,0.028156,-0.079783,-0.565745,-0.656714,0.44904,-0.517938,0.0,0.610249,0.997341,-0.514949,0.312416,0.200144,-0.560467,-0.074209,0.799467,0.02934,0.799467,-0.396784,-0.528006,0.671196,0.112775,0.389654,0.406066,0.610249,-0.295451,0.214276,0.406066,-0.084319,0.540091,-0.041829,#
13,0.584144,0.575419,-0.321051,-0.158681,0.034298,-0.271593,0.072046,-0.03229,0.270889,0.622292,-0.66569,-0.377565,0.682751,1.0,0.604665,-0.407816,-0.581152,0.206232,0.015402,-0.06146,0.097773,0.409291,0.575419,0.439691,-0.084797,0.300863,0.682071,0.115868,0.486083,0.99608,-0.261312,0.2823,-0.271948,-0.080241,-0.151712,0.246356,-0.260193,0.154759,0.439691,-0.245123,-0.271948,-0.041352,0.416524,-0.083859,0.372082,-0.80144,0.771166,-0.364298,-0.888719,0.739082,-0.068174,-0.556004,-0.151149,0.350635,-0.13572,-0.422838,-0.073206,0.135422,0.368676,0.373022,0.641772,-0.26513,-0.507724,0.212809,0.335242,0.295821,-0.271948,0.53753,0.258961,-0.53934,-0.189156,-0.107878,-0.407922,-0.084856,-0.665784,0.262041,0.339246,-0.255612,-0.407714,0.361829,-0.578143,-0.534095,-0.271948,0.679359,-0.666134,-0.407922,-0.407922,-0.251867,0.087684,-0.534095,-0.398982,-0.35353,-0.084856,0.235499,0.663347,-0.084856,-0.007614,-0.168387,-0.255612,-9.2e-05,0.739082,-0.407714,-0.255612,-0.271948,-0.533813,0.182292,-0.407922,-0.25003,-0.243751,-0.099697,-0.366833,0.376525,-0.395489,-0.271948,-0.593684,0.136188,-0.084811,-0.665763,-0.101495,-0.237602,-0.407922,-0.297578,-0.398982,0.106849,-0.518423,0.172236,-0.271948,-0.044909,0.247405,0.092225,-0.166046,-0.084856,-0.815403,0.419265,-0.997763,-0.271948,-0.271948,-0.263297,0.304511,-0.007625,0.106746,-0.593684,-0.297578,-0.580724,-0.345697,-0.363948,-0.271948,0.082038,-0.814717,-0.400701,-0.166679,-0.997763,0.087684,-0.534095,-0.588199,-0.407922,0.625607,0.647149,0.229834,-0.53379,-0.385187,-0.271948,0.159125,-0.345697,0.071657,0.423214,-0.271948,0.318906,-0.404109,-0.271948,0.073772,-0.006297,-0.237328,-0.997763,0.424387,-0.790164,0.0,0.376029,0.639802,-0.341288,0.606805,0.261556,-0.373733,-0.352637,0.506117,0.005815,0.506117,-0.620074,-0.349444,0.707692,-0.10753,0.107403,0.229653,0.376029,-0.197014,-0.119609,0.229653,0.071437,0.580185,0.155644,#
14,0.144444,0.103311,-0.45532,-0.118996,0.611327,-0.386244,0.051242,-0.031101,-0.453924,0.381285,-0.412779,-0.23636,0.00195,0.604665,1.0,0.274838,-0.559522,0.071598,0.250477,0.389519,-0.199883,0.050372,0.103311,0.281517,-0.07225,0.416164,0.001276,0.295593,0.761009,0.600725,-0.394935,-0.090575,-0.506731,-0.061692,-0.09016,-0.06759,-0.601679,-0.11652,0.281517,0.053062,-0.506731,-0.032386,0.258949,-0.276331,-0.082864,-0.20598,0.502341,-0.395709,-0.571995,0.113797,0.169097,-0.435937,-0.089423,0.068513,0.177295,-0.477601,-0.309992,0.069286,-0.0981,-0.171708,-0.042618,0.137828,-0.320465,0.613947,0.106852,-0.10054,0.16891,0.122615,-0.079652,-0.480657,-0.388092,-0.318588,-0.253365,-0.036859,-0.408533,0.468043,0.405946,-0.355429,-0.267707,0.439419,-0.592382,-0.552889,-0.506731,0.808396,-0.396505,-0.253365,-0.253365,-0.374571,-0.211138,-0.092148,0.164795,-0.445155,0.405452,-0.079997,0.393909,-0.036859,-0.243093,-0.105234,-0.372644,0.188551,0.113797,-0.759709,-0.372644,-0.506731,-0.561098,0.501247,-0.253365,-0.424474,0.058932,-0.158057,-0.595812,0.01381,-0.251031,0.16891,-0.609597,0.080453,-0.063761,0.011315,-0.516029,-0.014837,-0.253365,0.036485,-0.262265,0.054772,-0.31952,-0.311887,0.16891,-0.047594,-0.238342,-0.205359,0.307047,-0.036859,-0.701777,0.167943,-0.626811,-0.506731,0.16891,0.044461,-0.297248,0.202692,0.316707,-0.609597,0.036485,-0.34351,-0.473008,-0.291642,0.16891,-0.08202,-0.732256,-0.242432,-0.533594,-0.626811,-0.211138,-0.092148,-0.562004,-0.253365,0.199654,0.176116,-0.094397,-0.100568,-0.352221,-0.506731,0.080453,-0.017161,-0.422597,-0.162373,0.197062,0.354977,-0.236474,0.16891,0.356656,-0.020665,0.036454,-0.626811,0.260604,-0.509476,0.0,-0.308037,-0.04518,0.009816,0.555386,-0.056124,0.286018,-0.475615,0.062084,-0.227896,0.062084,-0.408972,0.058501,0.013615,-0.374894,0.044233,-0.213731,0.218523,0.174488,-0.496093,-0.213731,0.025559,-0.088427,0.339923,#
15,-0.40749,-0.272246,-0.258701,-0.121823,0.471496,0.26938,-0.202707,0.165467,-0.611315,-0.249721,0.591828,0.002165,-0.611578,-0.407816,0.274838,1.0,0.401297,0.008237,0.525298,0.192967,-0.24987,-0.326732,-0.272246,-0.166623,0.18635,0.257918,-0.611515,-0.051554,0.18857,-0.40749,-0.407891,-0.190715,-0.166623,-0.326927,0.39365,-0.111578,-0.083085,-0.055486,-0.166623,0.112372,-0.166623,-0.180508,-0.363396,0.256169,0.129066,0.545644,-0.1302,-0.185498,0.301009,-0.50087,0.206557,0.187179,0.252635,0.221893,0.273822,-0.301477,-0.381684,-0.221738,-0.669247,-0.731535,-0.610911,0.640766,0.185019,0.315177,-0.033869,-0.716899,-0.166623,-0.211258,-0.092429,0.094655,-0.356955,-0.368969,0.362151,0.229292,0.104847,0.144152,-0.327069,0.112286,-0.249808,-0.326704,-0.141641,-0.327242,-0.166623,-0.136903,0.112447,-0.249935,-0.249935,-0.407928,-0.249935,0.229292,0.482351,-0.215984,0.229292,-0.611332,-0.611332,0.229292,-0.038952,-0.096485,-0.407555,-0.027796,-0.50087,-0.249808,-0.407555,-0.166623,-0.327069,0.062136,-0.249935,-0.40224,0.104847,-0.045311,0.008611,-0.32695,0.470415,-0.166623,-0.141641,-0.407259,-0.327069,0.597273,-0.327242,0.194103,-0.249935,0.127929,-0.0335,-0.40682,0.176591,-0.407555,-0.166623,-0.188788,-0.734603,-0.249327,0.388318,0.229292,0.004268,-0.386316,0.378199,-0.166623,0.649491,0.083753,-0.737202,0.010201,-0.249935,-0.141641,0.127929,0.231872,-0.264299,0.03576,-0.166623,-0.290181,-0.038952,0.004268,-0.611648,0.378199,-0.249935,0.229292,-0.091492,-0.249935,-0.399962,-0.295102,-0.611648,0.752894,0.253666,-0.166623,0.083753,0.286324,-0.761803,-0.511728,0.683496,0.293721,0.010201,-0.166623,0.094866,-0.233698,0.062136,0.378199,0.0041,0.286324,0.0,-0.386711,-0.611219,0.304065,0.074733,-0.102096,0.997731,-0.257807,-0.762148,-0.038898,-0.762148,0.213469,0.420523,-0.624519,-0.426559,-0.245498,0.165905,-0.361269,0.599177,-0.140149,0.165905,-0.215984,-0.592743,0.324061,#
16,-0.122341,-0.109677,0.33479,-0.281029,-0.001358,0.285232,-0.214265,0.066146,0.145771,-0.611321,0.63915,-0.026286,-0.249676,-0.581152,-0.559522,0.401297,1.0,0.222773,0.404968,-0.370006,0.402092,-0.385912,-0.109677,-0.407897,0.525842,0.190853,-0.256269,-0.142523,-0.437786,-0.543435,0.257581,0.182821,0.293582,-0.317706,0.550254,0.171721,0.676273,-0.151995,-0.407897,-0.187611,0.24162,-0.40449,-0.387636,0.089411,0.2908,0.348375,-0.322832,0.261697,0.497982,-0.366927,0.068772,0.109898,0.143505,0.166767,0.136758,0.439347,-0.419884,-0.114042,-0.335843,-0.312347,-0.18406,0.288851,0.483025,-0.154391,-0.34829,-0.235327,-0.407897,-0.052414,0.081356,0.548214,0.17348,0.13744,0.381916,0.066333,0.248617,-0.203172,-0.350514,0.266714,-0.070669,-0.799777,0.156627,0.066333,0.24162,-0.670316,0.22592,-0.124707,-0.105222,-0.14316,0.401402,0.066333,-0.017434,-0.102903,-0.358876,-0.200363,-0.67043,0.083341,0.429005,-0.244276,-0.146347,-0.432312,-0.366927,0.421229,-0.13046,0.267601,0.092777,-0.608938,-0.124707,0.262827,-0.199391,0.284151,0.788564,-0.369602,0.35758,-0.407897,0.585575,-0.169501,-0.367187,0.219386,0.525558,0.380652,-0.124707,0.226846,-0.033199,-0.173252,0.513255,-0.187466,-0.407897,-0.042365,-0.223849,-0.073379,0.147635,0.066333,0.402906,-0.382312,0.569688,0.24162,0.267601,-0.175363,-0.145237,-0.007794,-0.611845,0.585575,0.226846,-0.101529,-0.113835,0.358225,-0.407897,0.070914,0.397871,-0.03732,-0.256585,0.569688,0.420887,0.066333,0.180925,-0.124707,-0.213738,-0.132307,-0.240995,0.507919,0.420429,0.293582,0.289666,-0.113835,-0.07127,0.018099,0.267601,0.099263,-0.023383,-0.407897,-0.331518,-0.304422,-0.211764,0.569688,-0.374604,0.323686,0.0,0.136553,-0.199742,-0.128438,-0.154689,-0.229871,0.402189,0.347308,-0.48002,-0.006858,-0.48002,0.61167,-0.072941,-0.256638,0.08746,-0.072836,0.448174,-0.3494,0.250331,0.552718,0.448174,-0.086195,-0.147287,-0.153355,#
17,0.665927,0.18611,0.156733,-0.082057,0.412428,0.082131,-0.504282,-0.527083,-0.120753,-0.403353,0.133077,0.419552,0.3212,0.206232,0.071598,0.008237,0.222773,1.0,-0.028476,-0.028117,0.131786,0.398445,0.18611,-0.269132,-0.052819,0.364191,-0.098773,0.198966,0.42608,0.212942,0.231224,0.170557,-0.269132,-0.528057,0.674299,0.663266,-0.065209,-0.119963,-0.269132,-0.329399,-0.269132,-0.179133,-0.169138,-0.060474,0.264756,-0.003419,-0.061569,0.197278,-0.153725,0.251583,0.457239,-0.018228,-0.522434,0.53627,-0.15767,-0.147287,-0.514285,0.053263,0.269379,-0.219904,0.319581,0.305029,0.360998,-0.204117,-0.061581,0.191477,-0.269132,0.328649,0.125773,0.496035,0.079271,0.131102,-0.403699,0.29952,-0.33422,0.204492,-0.079243,-0.329144,-0.403493,-0.527697,-0.098743,-0.052857,-0.269132,-0.106497,0.115367,-0.403699,0.141295,0.217721,0.12111,-0.176189,0.401549,0.04887,0.29952,0.329144,-0.115201,0.77523,0.483769,-0.661115,-0.658289,-0.804367,0.251583,0.125659,-0.213944,0.457525,-0.528287,-0.213944,-0.403699,-0.350664,-0.33422,0.765593,0.133246,-0.064692,-0.048377,-0.269132,-0.115201,0.201392,-0.061972,-0.324518,0.405234,0.163662,-0.403699,0.069759,0.07493,0.159142,0.452432,-0.213944,-0.269132,0.188606,0.417561,0.17493,0.226026,0.29952,-0.057238,-0.390916,-0.213944,-0.269132,-0.269132,-0.657812,0.047183,0.371403,0.141295,-0.115201,0.069759,-0.260787,-0.289162,0.36193,-0.269132,-0.248649,-0.37089,-0.057238,-0.115893,-0.213944,0.666103,-0.176189,-0.213944,-0.403699,0.132141,0.352137,-0.132042,-0.169044,-0.682982,-0.269132,0.254016,-0.411184,-0.306593,0.49089,0.269132,0.358779,0.387551,-0.269132,0.005838,0.412397,-0.658289,-0.213944,-0.005234,-0.411184,0.0,0.033979,0.35685,-0.397266,0.217691,-0.177062,0.026419,0.178466,0.205538,-0.805172,0.205538,0.402828,-0.313878,-0.059656,-0.011751,0.185843,0.313192,0.436696,-0.238303,-0.10527,0.313192,0.031561,0.427778,0.555425,#
18,-0.36054,0.152615,-0.25561,-0.38239,0.230815,-0.302163,0.13646,0.119951,-0.03047,0.004746,0.00654,-0.582753,-0.045396,0.015402,0.250477,0.525298,0.404968,-0.028476,1.0,-0.224539,0.034671,-0.649674,0.152615,-0.331314,0.241887,0.702462,-0.038619,0.057541,0.03681,0.072518,-0.385903,-0.038163,0.229782,-0.264028,0.033834,0.385903,0.345632,-0.040408,-0.331314,0.056247,-0.331314,-0.286006,0.02244,-0.127341,0.28354,-0.128566,0.315918,-0.365445,-0.056186,-0.261918,0.066714,-0.142468,-0.17163,0.26376,0.552088,0.00658,-0.531233,-0.155924,-0.312402,-0.388254,0.014537,0.307771,0.213971,0.71519,-0.223686,-0.136147,-0.331314,0.217755,0.177529,-0.210641,-0.101577,-0.556176,0.004008,-0.195906,-0.033749,0.354975,0.26748,-0.022297,-0.064093,-0.168876,-0.467854,-0.650688,-0.331314,0.055871,-0.386141,-0.496971,-0.496971,-0.452774,0.024047,-0.195906,-0.190359,-0.214686,-0.195906,-0.427488,-0.340991,-0.195906,0.156325,0.010273,-0.447095,-0.155093,-0.261918,-0.064093,-0.447095,-0.331314,-0.269094,0.023835,-0.496971,-0.254202,0.051572,-0.281624,0.098152,-0.207091,0.241079,-0.331314,-0.043056,-0.417959,-0.17832,0.010934,-0.195906,0.122185,-0.496971,0.013455,-0.611897,-0.411392,-0.06294,-0.360597,-0.331314,0.076063,-0.467784,-0.495762,0.030696,-0.195906,-0.229534,-0.091017,-0.043056,-0.331314,0.336658,-0.407912,-0.428607,-0.160313,-0.496971,-0.043056,0.013455,-0.385691,-0.246354,0.123672,-0.331314,0.289259,-0.259914,-0.145694,-0.418352,-0.043056,0.024047,-0.195906,-0.427488,-0.496971,-0.110197,0.125365,-0.001509,0.232855,0.401153,0.229782,0.03617,0.203598,-0.203598,-0.238969,0.363377,0.35472,-0.577128,-0.331314,-0.109202,-0.797753,0.023835,-0.043056,0.17002,0.203598,0.0,-0.056472,-0.049414,-0.158587,0.033946,-0.037074,0.547904,-0.279873,-0.269308,0.180561,-0.269308,-0.0287,-0.091104,-0.01206,-0.012599,-0.260289,0.286655,-0.036482,0.349281,-0.053465,0.286655,0.232071,-0.468775,-0.026221,#
19,-0.093271,-0.056616,0.428545,0.52625,0.644959,-0.0462,-0.041758,-0.000427,-0.799837,-0.326732,-0.117819,0.23444,-0.32372,-0.06146,0.389519,0.192967,-0.370006,-0.028117,-0.224539,1.0,-0.326927,0.07842,-0.056616,-0.218008,0.017382,-0.421442,-0.31519,0.060063,0.280906,-0.093271,-0.117159,-0.344566,-0.218008,0.023159,0.125342,-0.314689,-0.338232,-0.253528,-0.218008,-0.117819,-0.218008,0.546421,-0.251776,-0.142806,-0.45726,0.256646,0.118633,0.541692,0.192694,-0.356943,0.305032,0.354231,0.076444,-0.210158,0.2809,-0.018593,0.322236,-0.56464,-0.471996,0.154877,-0.365331,-0.260424,0.316775,0.168939,0.26904,-0.137819,0.48981,0.044258,-0.031053,0.292724,0.400542,0.388613,0.203852,0.072287,-0.106786,0.131099,0.026292,-0.53324,0.188588,0.035159,0.507779,0.035217,-0.218008,0.520394,-0.10056,0.203852,0.203852,0.354312,-0.327012,0.035217,0.643951,-0.051089,0.535662,0.100415,0.100415,0.072287,0.204069,-0.37103,-0.100415,0.189527,-0.356943,-0.326845,-0.100415,-0.218008,0.026292,0.774399,0.203852,-0.166004,-0.106786,-0.042178,-0.20641,-0.427777,-0.253964,0.48981,0.040329,-0.08038,0.026292,0.319771,-0.428159,-0.254355,0.203852,-0.087225,0.643951,0.364213,0.432,-0.53324,0.48981,0.532088,-0.32756,-0.326216,0.521157,0.072287,-0.234145,0.400962,0.040329,-0.218008,0.48981,0.345476,0.135034,0.229333,0.777184,0.040329,-0.087225,0.378216,0.388338,0.32397,0.48981,-0.192982,0.170141,-0.234145,0.083145,0.040329,-0.327012,0.035217,-0.367035,0.203852,-0.106267,0.063181,0.083145,0.016672,-0.55107,-0.218008,-0.106997,0.388338,-0.538279,-0.211444,-0.218008,0.139301,0.229333,0.48981,0.295924,0.130672,0.306949,0.040329,-0.211107,-0.106793,0.0,-0.203355,-0.332348,-0.091702,0.353123,-0.355491,0.186766,0.414358,-0.035151,-0.253614,-0.035151,0.295147,-0.139524,-0.324175,0.283211,0.414661,-0.487698,-0.203355,0.468798,-0.390868,-0.487698,-0.051089,-0.283728,0.300053,#
20,0.142842,-0.209426,0.326391,-0.121823,0.026338,-0.246053,-0.385662,-0.326324,0.381982,-0.249721,0.091563,-0.017884,-0.101341,0.097773,-0.199883,-0.24987,0.402092,0.131786,0.034671,-0.326927,1.0,-0.326732,-0.209426,-0.166623,0.784417,0.306254,0.389188,0.495862,-0.353717,0.142842,0.611836,0.471525,-0.166623,-0.326927,0.394488,-0.091567,0.438146,-0.077139,-0.166623,0.091563,0.649491,-0.739356,0.243721,-0.396317,0.097458,-0.138571,-0.069604,0.258875,-0.289413,-0.079899,0.255618,-0.311128,0.252635,-0.036723,0.249916,0.504322,-0.404551,0.317508,0.118621,0.147664,-0.067968,-0.148393,0.186373,-0.255518,-0.209621,-0.095338,-0.166623,-0.144019,-0.30972,0.276022,0.263612,0.3118,0.362151,0.20703,0.084336,-0.622018,0.218474,0.091492,-0.249808,-0.326704,-0.112286,0.20703,0.649491,-0.08629,0.091624,0.362151,-0.249935,-0.407928,0.99974,0.20703,-0.499587,-0.237852,-0.327242,-0.091492,0.407555,-0.327242,0.010187,-0.117065,0.091492,0.001592,-0.079899,-0.249808,-0.407555,-0.166623,0.196652,-0.407555,0.362151,0.457413,0.084336,0.473989,0.585646,-0.32695,-0.010187,-0.166623,0.407555,0.072245,-0.327069,0.099028,0.763564,0.687631,0.362151,0.578704,-0.00437,0.608933,0.180232,0.091492,-0.166623,-0.281513,0.301822,-0.249327,0.417989,0.20703,-0.015887,0.200214,-0.112286,0.649491,-0.166623,0.114442,0.33859,0.49987,-0.249935,0.407555,0.578704,-0.614258,-0.233205,0.267067,-0.166623,-0.108981,-0.010187,-0.015887,-0.121945,-0.112286,0.387654,0.20703,-0.112286,0.362151,0.063816,-0.114798,0.388161,0.217592,0.101145,-0.166623,0.136179,-0.233205,0.317418,-0.002293,-0.166623,0.436258,-0.010201,-0.166623,-0.451021,-0.021529,0.091492,-0.112286,-0.491887,-0.233205,0.0,0.249327,-0.091475,-0.224228,0.096201,-0.089894,-0.269044,0.316693,-0.206647,-0.010173,-0.206647,0.249396,-0.264485,0.351249,0.240079,-0.223001,0.165905,-0.361269,-0.186405,0.384883,0.165905,0.30886,0.479239,-0.248485,#
