0,1.0,-0.296097,-0.14985,0.539687,0.408409,0.592476,-0.425842,0.07406,-0.838493,-0.433023,0.590883,-0.182213,0.382093,-0.022816,0.161475,0.0,0.116141,-0.434911,0.383363,-0.010114,0.526458,0.508881,-0.06079,0.169969,0.259687,-0.111294,-0.123741,0.045039,0.092574,-0.40808,0.673501,0.159749,0.050102,0.284419,-0.115125,-0.380842,0.208242,0.084196,-0.102522,0.0,0.284419,0.551464,0.123039,0.542016,-0.40808,0.195638,0.091626,0.153631,-0.206415,-0.568297,-0.17435,0.161641,0.159909,-0.051129,0.46349,0.15716,-0.353659,0.426105,0.377869,0.092574,0.327747,-0.034043,-0.406776,0.321413,-0.105229,-0.386712,-0.197496,0.311526,0.080197,-0.35166,0.125278,0.309799,-0.40808,0.284419,-0.803665,0.573588,0.052037,0.39825,-0.572451,-0.339379,0.541152,-0.189146,0.408289,0.284419,-0.425091,-0.355286,0.318924,0.044904,-0.077866,-0.605085,0.0,-0.68769,0.426411,-0.278674,-0.127946,0.125865,-0.481118,-0.143939,-0.379542,0.396752,-0.10579,0.037801,0.549644,-0.587237,0.564984,-0.175328,-0.175328,-0.12554,-0.40808,0.063231,0.033607,-0.111294,-0.571243,0.408289,0.126172,-0.12554,-0.608982,-0.251065,-0.305589,0.372879,-0.658661,-0.112581,0.141119,-0.608982,0.323355,0.063038,-0.140451,0.125278,0.316425,0.651048,0.033607,-0.123031,-0.128887,-0.119535,-0.462942,0.218531,0.0,0.053308,0.470158,-0.044778,-0.624442,0.044904,0.072706,0.39632,0.135122,0.316425,-0.40808,-0.316751,-0.279832,-0.126399,-0.112893,-0.030099,-0.265013,0.072706,0.3979,-0.371673,-0.413472,-0.248518,-0.464012,-0.40808,0.033607,-0.3806,-0.40808,0.216965,-0.338991,-0.407678,0.072706,-0.231256,0.284419,-0.302952,0.050446,-0.056838,-0.140451,0.325783,-0.119058,-0.143939,0.218531,0.07222,-0.196931,0.564984,-0.313127,-0.220304,0.194859,0.766239,0.397629,-0.034467,0.081714,-0.127946,0.347717,-0.064951,0.325783,0.085638,0.572451,-0.617853,-0.190039,0.290684,0.14034,0.045797,-0.319802,-0.279993,#
1,-0.296097,1.0,0.817656,0.177724,-0.433339,0.081074,0.081074,0.081074,0.41938,0.432004,-0.69189,0.258917,-0.29861,0.41938,0.156221,0.0,-0.347071,0.829246,-0.443316,0.409541,0.060916,0.212975,0.39814,0.038649,0.249996,-0.118419,0.376872,0.034444,-0.431129,0.276311,-0.36928,0.145693,0.526719,-0.407888,-0.521266,0.543606,0.453737,-0.505427,-0.088981,0.0,-0.407888,0.158181,-0.190428,-0.352914,0.276311,-0.789217,0.095893,-0.009081,0.513617,0.349761,-0.184885,-0.339838,0.062487,-0.021893,-0.363382,-0.14419,-0.28685,-0.816087,-0.370291,-0.431129,-0.616595,-0.25356,-0.183508,-0.226984,0.192961,0.113843,0.169586,0.417106,-0.500754,0.06932,-0.311821,-0.089427,0.276311,-0.407888,0.014629,-0.549579,-0.459098,-0.849803,0.342001,0.103799,0.171677,-0.182875,-0.147125,-0.407888,-0.018563,-0.289975,-0.532533,-0.390194,-0.113286,-0.148717,0.0,0.154794,-0.61152,0.226249,-0.132132,0.032036,0.567659,0.77878,0.381066,-0.002369,-0.076145,0.52699,-0.438334,-0.144474,-0.239137,-0.120385,-0.550464,0.414255,-0.407888,-0.395074,0.611361,0.414467,-0.078891,-0.147125,0.186639,-0.113286,-0.144588,-0.634449,0.621001,-0.506197,-0.225103,-0.643802,-0.664697,-0.144588,-0.603673,-0.405307,-0.147125,-0.311821,0.318105,0.195384,0.611361,-0.047497,-0.09009,-0.176421,0.064843,-0.240083,0.0,0.09591,0.144677,-0.004581,0.247203,-0.390194,-0.402669,-0.680911,-0.263426,0.318105,0.276311,0.346015,0.146554,0.395101,-0.532533,-0.409011,0.170671,0.079344,-0.002376,0.132872,0.531134,0.60679,0.112622,0.302626,0.611361,0.103799,0.276311,0.526933,-0.248779,-0.007078,0.079344,-0.115455,-0.407888,0.131532,-0.479244,-0.462213,-0.147125,-0.308377,-0.567588,0.292293,-0.240083,0.031306,0.208472,-0.698508,0.53145,-0.202369,-0.750796,-0.601721,-0.038368,0.405217,0.075799,0.336337,-0.558179,0.325184,0.407854,-0.383811,-0.282776,0.640344,-0.597421,-0.242305,-0.295536,0.053315,0.999084,-0.191837,#
2,-0.14985,0.817656,1.0,0.34371,-0.243515,0.219684,0.262759,0.198146,0.293279,0.307245,-0.609203,0.15142,-0.240876,0.241524,-0.087953,0.0,-0.040701,0.690762,-0.324474,0.62213,0.342543,0.16345,0.229035,-0.035079,0.270437,-0.176935,0.550025,-0.070238,-0.275681,0.212897,-0.268543,0.264308,0.475634,0.184127,-0.383557,0.493111,0.628805,-0.309615,-0.209865,0.0,0.184127,0.279033,-0.404667,-0.091789,0.241667,-0.97973,0.003494,0.134125,0.865163,0.105074,-0.315884,-0.303812,0.385366,-0.393122,-0.315719,-0.124579,-0.205474,-0.697957,-0.337973,-0.297219,-0.450878,-0.130685,-0.067141,-0.144041,0.068931,0.283586,0.049495,0.333747,-0.294107,0.287297,-0.202982,-0.087991,0.241667,0.184127,0.236117,-0.4342,-0.319816,-0.688573,0.47174,0.455203,-0.070648,0.070328,0.275595,-0.50635,0.258185,-0.140087,-0.458541,-0.295752,0.31795,-0.328643,0.0,0.395713,-0.226755,-0.044862,0.07004,0.377347,0.731544,0.990404,0.508894,0.244697,-0.399006,0.475798,-0.338733,-0.30584,-0.10561,0.136637,-0.315472,0.277282,-0.50635,-0.568082,0.786172,0.276191,0.121943,0.275595,0.337727,-0.277282,-0.26775,-0.477021,0.419342,-0.27521,-0.055397,-0.399875,-0.47335,-0.26775,-0.554438,-0.346217,-0.210749,-0.202982,0.475209,0.482639,0.786172,-0.142357,0.025171,0.015026,0.245258,0.052909,0.0,-0.051864,0.318124,-0.253031,0.088413,-0.35545,-0.107563,-0.525766,-0.139334,0.475209,0.241667,-0.246822,0.308887,0.320469,-0.402728,-0.211676,0.368718,0.419409,-0.253301,0.008727,0.636721,0.429072,0.194266,0.270437,0.786172,-0.059458,0.212897,0.688734,-0.157072,-0.189252,0.419409,0.010737,0.184127,0.358083,-0.364386,-0.246051,-0.271543,-0.210483,-0.427836,0.458541,0.052909,-0.051776,0.108187,-0.607828,0.30514,-0.024518,-0.63926,-0.518617,-0.248505,0.605666,0.35804,0.562506,-0.498162,0.129321,0.542437,-0.539275,-0.141327,0.580342,-0.786901,0.114888,-0.159624,0.195295,0.816155,-0.415342,#
3,0.539687,0.177724,0.34371,1.0,-0.064979,0.608411,0.141962,0.101402,-0.387997,0.01196,0.1473,0.26718,0.405027,-0.01437,-0.306236,0.0,0.548598,-0.017849,-0.059841,0.428989,0.511904,0.538048,-0.049779,0.047295,0.243814,-0.121907,0.381644,0.028521,0.141962,-0.406356,0.690202,0.722578,0.586067,0.243814,-0.247838,0.108379,0.078504,0.091537,-0.609399,0.0,0.243814,0.374092,-0.373691,0.051804,-0.406356,-0.304481,-0.123397,0.105388,0.160225,-0.041796,-0.608672,0.191389,0.499896,0.002732,-0.286996,0.186578,-0.28154,-0.042797,0.381198,0.141962,-0.072841,0.167804,-0.08279,-0.409181,0.400559,-0.303991,0.229991,0.360937,0.457712,-0.430604,0.171529,0.331846,-0.406356,0.243814,-0.380596,0.062515,-0.435808,0.013349,-0.090302,0.123412,0.613604,0.283812,0.422177,-0.406356,-0.002797,-0.235999,0.377158,0.056213,-0.10792,-0.993455,0.0,-0.258181,0.385261,-0.23436,0.369944,0.139489,0.064411,0.334908,-0.289138,-0.037069,-0.104289,0.58604,0.605618,-0.131678,0.618858,-0.124877,-0.124877,-0.155497,-0.406356,0.095819,0.100936,-0.142225,-0.524067,0.422177,0.188765,-0.155497,-0.60641,-0.207208,-0.26175,0.369097,-0.231733,-0.145425,0.175282,-0.60641,-0.090818,0.131016,-0.150266,0.171529,0.435041,0.626644,0.100936,-0.028622,-0.060799,0.391745,0.104228,0.221855,0.0,-0.33761,0.318853,0.418795,-0.124877,0.112425,0.085765,0.302938,0.578656,0.435041,-0.406356,-0.275713,0.172833,-0.077533,-0.025762,0.056518,0.205299,0.581975,0.002935,0.19788,0.071043,0.101245,-0.385292,0.325085,0.100936,0.082275,-0.406356,0.520574,-0.322273,-0.389302,0.581975,-0.232333,0.243814,0.16592,-0.452575,-0.035576,-0.093022,0.401749,-0.591645,-0.165908,0.221855,0.05391,-0.624625,0.145957,-0.30785,-0.200085,-0.209128,0.289656,-0.054443,0.406432,0.492284,0.369944,0.355,-0.06618,0.401749,-0.357025,0.090734,-0.180033,-0.598197,0.245671,-0.326658,0.584261,0.158607,-0.710342,#
4,0.408409,-0.433339,-0.243515,-0.064979,1.0,0.001476,-0.497307,0.500259,-0.229905,-0.626413,0.439725,-0.438518,0.334011,0.169622,-0.023077,0.0,-0.195815,-0.22706,0.567359,-0.181066,0.252109,-0.113601,0.131479,0.27766,0.30751,0.480485,-0.712573,-0.316457,0.001476,-0.333136,0.4414,-0.097539,-0.245522,0.358762,-0.221014,-0.250819,0.080861,-0.11914,-0.009426,0.0,0.358762,-0.236259,0.440412,0.671215,-0.333136,0.170624,-0.432663,0.005628,-0.12462,-0.681842,0.388719,-0.04691,0.30425,-0.285556,0.366031,0.508021,-0.338405,0.618398,0.301619,0.001476,0.132884,0.017637,-0.093266,0.436179,-0.13223,0.522898,-0.012924,-0.467987,-0.03936,0.0606,0.016226,0.337196,-0.333136,0.358762,-0.175262,0.390298,0.002246,0.239017,-0.182356,-0.192669,-0.039447,0.039375,0.049637,0.333136,0.196639,-0.342992,0.245643,0.463055,0.034028,-0.011804,0.0,-0.009841,0.034028,-0.438819,-0.200804,-0.154451,0.002216,-0.226148,0.310467,0.589644,0.185052,-0.251068,0.49874,-0.39608,0.016568,-0.007159,0.411651,-0.01427,0.333136,-0.192115,-0.026959,0.0,0.19037,0.049637,0.004555,0.49945,0.045195,0.016259,-0.06259,0.206729,-0.376287,0.077147,0.392651,0.045195,0.240542,0.034612,0.480577,0.016226,-0.406999,0.427278,-0.026959,-0.029331,0.245643,-0.203762,-0.487427,0.432608,0.0,-0.234999,-0.205376,-0.185586,-0.395543,0.01994,0.268496,0.236075,0.039743,-0.406999,-0.333136,-0.365831,0.039743,-0.499418,-0.185207,0.224542,-0.782219,-0.183504,-0.20452,-0.252645,0.126004,-0.371341,0.01994,-0.333136,-0.026959,0.209752,-0.333136,-0.461029,0.290124,-0.58783,-0.183504,-0.223843,0.358762,0.001804,0.001245,0.166159,0.029331,0.33234,0.209339,0.230047,0.432608,-0.231696,-0.028037,0.447335,-0.001055,0.00104,0.06934,0.673437,0.195901,-0.179003,0.243147,-0.656999,0.23905,0.243106,-0.365126,-0.208657,0.412795,-0.433018,0.000995,0.043828,0.814909,0.016748,-0.445494,-0.053099,#
5,0.592476,0.081074,0.219684,0.608411,0.001476,1.0,-0.245394,-0.245394,-0.497307,-0.002379,0.103317,-0.100305,-0.160909,0.001476,0.079608,0.0,0.368282,-0.010612,-0.286411,0.519258,0.328103,0.949278,0.498381,0.317383,0.134367,-0.398302,0.201203,-0.286202,0.377303,-0.665437,0.485005,0.473986,0.307659,0.198352,-0.312538,-0.216052,0.2806,-0.037225,-0.385993,0.0,0.198351,0.522861,-0.503525,0.348227,0.166359,-0.10414,0.266189,0.522719,-0.061391,-0.351013,-0.12581,-0.131402,0.36391,-0.250838,-0.218782,0.440188,-0.204238,0.023586,0.62493,-0.245394,-0.293699,-0.127706,-0.376861,-0.245043,0.247331,-0.110155,-0.202405,0.723883,0.069888,-0.227157,-0.445645,0.719056,0.166359,0.198352,-0.471233,-0.237722,-0.340491,-0.027024,-0.337416,0.369213,0.593305,-0.093846,0.251818,0.166359,0.004844,-0.242156,0.214182,-0.274387,0.274079,-0.654277,0.0,-0.41323,0.274079,0.097494,0.194711,-0.170092,-0.296515,0.194711,-0.242156,0.499509,-0.324883,0.308426,0.341052,-0.096211,0.63247,-0.07597,-0.07597,-0.391933,-0.665437,-0.269116,0.341052,-0.374308,-0.346,0.251818,0.099632,-0.391933,-0.993039,0.122689,0.074003,-0.055518,-0.386451,-0.117896,0.099632,-0.993039,-0.36036,0.368546,-0.432653,-0.445645,0.569086,0.390325,0.341052,0.274352,0.214182,-0.310247,-0.296515,-0.147546,0.0,-0.280843,0.51131,-0.020941,-0.636812,-0.274387,-0.235845,0.167957,0.104647,0.569086,0.166359,-0.24431,0.104647,0.226142,0.214182,-0.00089,0.104647,0.35015,0.480158,-0.170092,-0.316413,-0.036095,-0.274387,0.198352,0.341052,-0.206646,-0.665437,0.535293,-0.202243,0.001721,0.35015,-0.571353,0.198352,-0.44053,-0.319125,-0.510982,-0.432653,0.61696,-0.357882,-0.396723,-0.147546,-0.262684,-0.138195,0.074003,-0.488952,-0.675108,-0.368159,0.146443,-0.036055,0.004844,0.339329,0.194711,0.229655,-0.602835,0.61696,-0.234714,0.082149,-0.118749,-0.139549,0.408717,-0.436695,0.346244,0.055617,-0.445469,#
6,-0.425842,0.081074,0.262759,0.141962,-0.497307,-0.245394,1.0,-0.245394,0.500259,0.500145,-0.405738,0.408751,-0.160909,-0.497307,-0.432914,0.0,0.368282,0.008286,-0.265291,0.027911,-0.216052,-0.312196,-0.533805,-0.281922,0.134367,0.225545,0.753368,0.305501,0.377303,0.166359,-0.256486,0.40203,0.307659,0.198352,0.52554,0.328103,-0.362184,0.49108,-0.362457,0.0,0.198351,-0.287937,-0.503525,-0.719154,0.166359,-0.269817,-0.39054,-0.28625,0.485236,0.742969,-0.12581,-0.226569,-0.207216,-0.33472,-0.218782,-0.382729,0.640715,-0.471567,-0.159551,0.377303,0.185561,-0.127706,0.223984,-0.245043,0.32263,-0.15928,0.380249,-0.135958,0.353803,0.320625,0.156265,-0.299859,0.166359,0.198352,0.537629,-0.237722,0.388732,0.031529,0.2545,0.369213,-0.412734,0.429011,0.251818,-0.665437,0.520043,0.717609,-0.260425,-0.166513,0.274079,-0.064838,0.0,0.63213,0.274079,-0.346697,0.76424,0.327925,0.386686,0.226351,-0.098191,-0.458958,-0.324883,0.308426,-0.205865,0.427356,-0.353466,-0.017875,-0.017875,-0.356302,0.166359,0.306507,-0.205865,-0.374308,0.281336,0.251818,-0.343935,-0.356302,0.24826,0.181327,-0.37415,0.481305,0.650586,0.425168,0.158774,0.24826,-0.280689,-0.175073,0.226467,0.156265,-0.018066,-0.125595,-0.205865,-0.311533,-0.260425,0.759657,0.997972,0.390238,0.0,-0.215648,-0.100577,0.00802,0.408901,-0.166513,0.328447,0.167957,0.133965,-0.018066,0.166359,-0.187494,0.133965,0.226142,0.277463,0.056955,0.632388,0.35015,-0.511121,0.327925,0.228921,0.169195,-0.166513,0.198352,-0.205865,-0.175838,0.166359,0.118321,-0.058834,0.033682,0.35015,0.716668,0.198352,0.613499,0.3676,0.513083,0.226467,-0.108656,0.231478,0.204446,0.390238,0.313062,-0.104489,-0.37415,0.059012,0.405065,0.095223,-0.353605,-0.527716,0.033466,-0.189178,0.76424,-0.287637,-0.060961,-0.108656,-0.199802,-0.415339,0.420548,-0.074989,0.408717,-0.403918,0.382485,0.085494,0.087262,#
7,0.07406,0.081074,0.198146,0.101402,0.500259,-0.245394,-0.245394,1.0,0.001476,-0.485575,0.103317,-0.100305,0.668166,0.500259,-0.432914,0.0,-0.182703,0.008286,0.178215,0.027911,0.328103,-0.312196,-0.017712,0.317383,0.134367,0.225545,-0.350963,-0.286202,-0.245394,0.166359,0.341491,-0.269557,0.307659,0.198352,-0.044353,0.328103,0.494861,-0.396473,0.249483,0.0,0.198351,-0.051454,0.436966,0.348227,-0.665437,-0.269817,-0.39054,-0.28625,0.266587,-0.351013,-0.12581,0.368219,0.36391,0.18954,-0.127623,0.250284,-0.17174,0.023586,-0.159551,0.377303,0.185561,0.158534,-0.191986,-0.021831,-0.430367,0.356538,0.380249,-0.327033,0.140866,0.320625,0.156265,-0.135518,-0.665437,0.198352,0.061222,0.338131,-0.267569,0.002252,0.2545,-0.15451,0.075043,0.429011,0.251818,0.166359,0.033466,-0.146179,0.245822,0.408814,-0.331635,-0.09431,0.0,0.138488,-0.331635,-0.376309,-0.311537,0.327925,0.386686,0.226351,0.669621,-0.009677,0.219272,0.308426,0.377513,-0.561603,0.124564,0.446886,0.446886,0.249412,0.166359,-0.237137,0.377513,0.249539,0.24997,0.251818,0.631912,0.249412,0.24826,-0.346415,0.10388,-0.025694,-0.328838,-0.510109,0.129203,0.24826,0.277013,-0.211314,0.226467,0.156265,-0.164852,0.390325,0.377513,0.274352,0.245822,0.208494,-0.224599,0.390238,0.0,0.305919,-0.132782,0.00802,0.408901,0.408814,0.328447,0.167957,0.133965,-0.164852,-0.665437,-0.187494,0.133965,-0.416241,-0.292066,0.519714,-0.364457,0.35015,-0.54116,0.327925,0.423683,-0.270712,0.408814,0.198352,0.377513,0.347885,0.166359,-0.205991,-0.106637,-0.477689,0.35015,-0.241091,0.198352,0.613499,-0.278729,0.035185,0.226467,-0.15703,-0.323214,0.204446,0.390238,-0.2267,-0.138195,0.10388,0.059012,0.405065,0.095223,0.217879,-0.003278,0.520043,0.374563,-0.311537,0.229655,0.480913,-0.15703,-0.199802,0.115315,-0.118749,-0.591468,-0.550724,0.612181,-0.233617,0.085494,-0.414132,#
8,-0.838493,0.41938,0.293279,-0.387997,-0.229905,-0.497307,0.500259,0.001476,1.0,0.612718,-0.815511,0.408962,-0.330082,0.200946,-0.023077,0.0,-0.212183,0.606076,-0.245292,-0.181066,-0.653806,-0.396854,0.16389,0.161909,0.30751,0.480485,0.223034,0.1575,0.001476,0.333136,-0.554882,-0.037686,0.230503,-0.333136,0.068163,0.655096,-0.202979,-0.270832,0.009426,0.0,-0.333136,-0.594291,-0.011591,-0.653806,0.333136,-0.303332,-0.432663,-0.140692,0.303127,0.666935,0.388719,-0.523338,-0.271992,-0.234517,-0.41471,-0.145288,0.393472,-0.602556,-0.323853,0.001476,-0.265768,-0.211643,0.124592,-0.27998,0.240488,0.483548,0.355416,-0.202108,-0.266778,0.474829,-0.359282,-0.183281,0.333136,-0.333136,0.610394,-0.549964,0.011233,-0.574542,0.266816,0.226836,-0.388833,0.039375,-0.498627,-0.333136,0.586389,0.387345,-0.590714,0.031018,-0.01427,0.436733,0.0,0.804237,-0.49945,0.052001,0.230047,-0.252645,0.52066,0.230047,0.387345,-0.218694,0.219225,0.237008,-0.465042,0.435509,-0.773171,0.039375,0.039375,0.01427,0.333136,-0.192115,0.031452,0.0,0.667745,-0.498627,-0.350744,0.01427,0.497143,0.039743,0.432608,-0.239806,0.43131,-0.03625,0.013665,0.497143,-0.603811,-0.429858,0.480577,-0.359282,-0.289421,-0.440367,0.031452,0.049637,-0.159863,0.185783,0.52066,-0.014727,0.0,-0.182777,-0.340309,-0.146327,0.458186,-0.412097,-0.200889,-0.341313,-0.359496,-0.289421,0.333136,0.343076,0.039743,0.015134,-0.159863,-0.14613,0.039743,-0.183504,-0.589499,0.244462,0.438015,0.487893,0.077545,0.358762,0.031452,0.251513,0.333136,-0.164143,0.366704,0.220559,-0.183504,0.289978,-0.333136,0.423945,0.014934,0.208225,0.029331,-0.28763,0.221087,0.212501,-0.014727,0.200656,0.403942,-0.789739,0.410434,0.041597,-0.423176,-0.659131,-0.224176,-0.156076,-0.208412,0.230047,-0.619254,0.215978,-0.28763,-0.208657,-0.426078,0.8245,0.026851,-0.080521,-0.014137,0.016748,0.432608,0.423824,#
9,-0.433023,0.432004,0.307245,0.01196,-0.626413,-0.002379,0.500145,-0.485575,0.612718,1.0,-0.827949,0.813363,-0.335131,0.210194,0.383937,0.0,0.218844,0.618365,-0.150967,-0.174681,-0.653643,0.104438,0.172759,0.168132,0.312399,-0.015491,0.681039,0.622822,-0.002379,0.338217,-0.447978,0.091869,0.237298,-0.333053,0.063784,0.665077,-0.189787,-0.281653,0.013369,0.0,-0.333053,0.077806,-0.162307,-0.653643,0.338217,-0.185275,0.087809,0.379397,0.141502,0.666779,-0.017004,-0.416715,-0.26901,-0.140594,-0.396694,-0.49631,0.341751,-0.614702,-0.305439,-0.002379,-0.145781,0.010662,0.11907,-0.458652,0.256004,-0.01319,-0.105905,0.459636,-0.275828,0.071411,-0.368983,-0.184247,0.338217,-0.333053,0.215632,-0.405735,-0.021955,-0.610202,-0.171927,0.233606,0.019871,-0.37597,-0.498503,-0.333053,0.182745,0.34914,-0.625589,-0.001339,-0.010506,0.018204,0.0,0.397925,-0.029307,0.452497,0.201328,-0.249491,0.017634,0.243558,-0.283899,-0.212618,0.215802,0.243845,-0.501802,0.406274,-0.37539,0.045982,-0.37597,0.018248,-0.333053,-0.231175,0.047079,0.003873,0.228892,-0.498503,-0.343921,-0.499325,-0.041681,0.010374,0.445312,-0.273726,0.405576,-0.070515,-0.016246,-0.041681,-0.614027,-0.466042,-0.043872,-0.368983,0.414154,-0.437359,0.047079,0.053874,-0.608894,0.155578,0.491976,-0.44253,0.0,-0.179089,0.353257,-0.178348,0.045982,-0.447778,-0.652726,-0.350249,-0.391859,0.414154,0.338217,0.342298,-0.376389,0.019118,-0.191507,-0.55964,0.436269,-0.179821,-0.189924,-0.15056,-0.109539,0.842011,-0.428804,0.364035,0.047079,-0.189046,0.338217,0.466932,0.328652,0.601366,-0.179821,0.208197,-0.333053,0.011269,-0.021566,0.201735,-0.498503,-0.331379,0.18971,-0.233737,-0.44253,0.625581,0.412936,-0.82608,-0.019241,-0.388185,-0.459841,-0.698111,0.162983,-0.149518,-0.205382,0.660945,-0.629289,-0.212237,0.371319,0.200578,-0.03428,0.836647,-0.008216,0.310226,-0.428518,-0.016086,0.445312,0.421848,#
10,0.590883,-0.69189,-0.609203,0.1473,0.439725,0.103317,-0.405738,0.103317,-0.815511,-0.827949,1.0,-0.582615,0.408667,-0.407756,-0.241724,0.0,0.117063,-0.821893,0.307982,-0.002496,0.535134,0.009,-0.363489,-0.301497,-0.407997,-0.101999,-0.542961,-0.30571,0.103317,-0.407997,0.575636,0.049472,-0.383998,0.298152,0.061345,-0.800726,-0.178696,0.508567,-0.111597,0.0,0.298152,0.050774,0.123015,0.551585,-0.407997,0.526286,0.081008,-0.222687,-0.457869,-0.560016,-0.158441,0.560897,0.178229,0.291437,0.462997,0.316664,-0.286927,0.831971,0.425832,0.103317,0.318456,0.205202,0.074841,0.351318,-0.100702,-0.344606,-0.067125,-0.347455,0.48027,-0.450474,0.555936,0.178374,-0.407997,0.298152,-0.382767,0.570949,0.103637,0.815585,-0.105006,-0.330117,0.134197,0.239291,0.40942,0.271998,-0.36286,-0.287288,0.777974,0.114417,-0.067218,-0.178291,0.0,-0.624503,0.427954,-0.28566,-0.075609,0.126941,-0.403399,-0.541199,-0.287288,0.021849,-0.08897,-0.389483,0.610356,-0.166451,0.558755,-0.173532,0.253904,-0.116511,0.271998,0.517227,-0.43289,-0.101999,-0.510482,0.40942,0.127567,0.407789,-0.055351,0.174784,-0.688768,0.469986,-0.233321,0.332777,0.190792,-0.055351,0.771059,0.588899,-0.071844,0.555936,-0.283383,0.269853,-0.43289,-0.131714,0.338249,-0.013864,-0.403399,0.275432,0.0,0.036898,-0.214061,0.373716,-0.204585,0.566658,0.535039,0.517723,0.567496,-0.283383,-0.407997,-0.285115,0.160035,-0.136396,0.338249,0.389583,-0.271395,0.073731,0.382707,0.026724,-0.266262,-0.743223,0.066932,-0.407997,-0.43289,0.080592,-0.407997,-0.383412,-0.246498,-0.39614,0.073731,-0.123157,0.298152,-0.247086,0.106945,0.00601,0.388696,0.406413,-0.061915,-0.075609,0.275432,-0.340107,-0.583102,0.998394,-0.250255,0.247294,0.639615,0.824543,0.022467,-0.026278,0.127179,-0.541199,0.792566,-0.001704,-0.305418,0.098135,0.201054,-0.996423,0.243793,-0.078642,0.209418,0.114863,-0.703798,-0.312542,#
11,-0.182213,0.258917,0.15142,0.26718,-0.438518,-0.100305,0.408751,-0.100305,0.408962,0.813363,-0.582615,1.0,0.273114,0.408962,0.226229,0.0,0.367398,0.42081,0.158839,-0.382544,-0.533817,-0.01434,-0.053425,0.297149,0.381843,0.082384,0.560323,0.776033,-0.100305,0.407997,-0.046177,0.028205,0.368671,-0.271998,0.160004,0.802042,-0.191833,-0.369698,0.111597,0.0,-0.271998,0.172293,0.172696,-0.533817,-0.271998,-0.042567,-0.069889,0.270277,0.014437,0.544801,-0.277458,-0.014812,-0.145307,0.172093,-0.388474,-0.515698,0.263426,-0.411016,-0.320262,0.408751,0.198911,0.298803,0.108266,-0.556854,0.093599,-0.15508,0.05027,0.340446,0.006249,-0.077193,-0.059142,-0.310656,-0.271998,-0.271998,0.025024,0.050699,-0.119687,-0.406872,-0.308359,-0.063156,0.276063,-0.221025,-0.407117,-0.271998,-0.016919,0.293323,-0.318352,0.407922,-0.407789,-0.231296,0.0,0.23921,0.087383,0.30242,0.079588,-0.124853,-0.091805,0.105454,-0.373594,-0.436225,0.535133,0.375133,-0.099051,0.182913,-0.124752,0.206411,-0.221025,0.116511,-0.271998,-0.088886,-0.069244,0.101999,0.094285,-0.407117,-0.108971,-0.407789,0.055351,-0.141597,0.275432,-0.066766,0.265927,-0.241709,0.238769,0.055351,-0.244995,-0.566109,0.053423,-0.059142,0.412613,-0.283212,-0.069244,0.152439,-0.758077,0.470556,0.407922,-0.288583,0.0,-0.053298,0.400378,0.030597,0.206411,-0.04432,-0.533068,-0.044559,-0.141597,0.412613,-0.271998,0.308339,-0.549059,-0.407763,-0.318352,-0.371395,0.289832,-0.054016,-0.397819,-0.024636,-0.1771,0.761666,-0.544046,0.434151,-0.069244,-0.063156,0.407997,0.389239,0.276559,0.413223,-0.054016,0.136656,-0.271998,0.250768,-0.123457,0.446922,-0.407117,-0.400329,0.064095,-0.378044,-0.288583,0.796071,0.156002,-0.5813,-0.199859,-0.219699,-0.204602,-0.371954,0.392864,0.044278,-0.062925,0.545179,-0.320883,0.001704,0.311502,0.360706,0.234842,0.585221,-0.241763,0.10985,-0.180561,-0.110304,0.275432,0.24554,#
12,0.382093,-0.29861,-0.240876,0.405027,0.334011,-0.160909,-0.160909,0.668166,-0.330082,-0.335131,0.408667,0.273114,1.0,0.334011,-0.300815,0.0,0.272882,-0.321097,0.498785,-0.294967,0.219494,-0.212182,-0.351295,0.207745,0.068153,0.134175,-0.219503,0.192468,-0.160909,0.110748,0.658487,-0.116192,0.192331,0.153343,0.150725,0.219494,0.027704,-0.150852,0.166085,0.0,0.153343,0.147396,0.531701,0.246288,-0.996728,0.214284,-0.250934,-0.151807,-0.183629,-0.246063,-0.438718,0.68982,0.269069,0.503644,-0.024274,0.004539,-0.133467,0.358497,-0.020247,0.668166,0.544836,0.515964,0.021301,-0.181907,-0.292285,-0.169555,0.239411,-0.223418,0.489963,-0.216249,0.508581,-0.197937,-0.996728,0.153343,-0.250563,0.731324,-0.191194,0.334326,-0.16719,-0.423113,0.384043,0.300473,0.169514,0.110748,-0.286985,-0.092399,0.537929,0.697507,-0.607585,-0.396322,0.0,-0.221561,0.198879,-0.236867,-0.204154,0.220004,-0.145836,-0.204154,-0.092399,-0.34388,0.509295,0.193638,0.667685,-0.360461,0.436344,0.324273,0.324273,0.166037,0.110748,0.190945,-0.157586,0.166121,-0.172512,0.169514,0.435815,0.166037,0.16527,-0.203588,-0.267436,0.311248,-0.192359,-0.265427,0.435815,0.16527,0.6128,-0.122116,0.135761,0.508581,-0.004509,0.248966,-0.157586,0.199516,-0.178229,0.510694,-0.145836,0.249077,0.0,0.1903,0.063328,0.334582,0.273698,0.697507,0.220257,0.497122,0.436003,-0.004509,-0.996729,-0.105905,-0.22761,-0.720221,-0.178229,0.360792,-0.22761,0.249153,-0.372564,0.220004,-0.07899,-0.165198,-0.116374,0.153343,-0.157586,0.24579,0.110748,-0.132386,-0.04651,-0.304093,0.249153,-0.149505,0.153343,0.411414,-0.199,0.392259,0.135761,-0.099582,-0.213392,-0.233319,0.249077,0.220387,-0.439797,0.408805,-0.327256,0.292129,0.417634,0.513601,0.336033,0.360857,0.301675,-0.204154,0.536988,0.32015,-0.099582,0.240635,0.431729,-0.413906,-0.392095,-0.341212,0.431036,-0.15181,-0.291916,-0.330254,#
13,-0.022816,0.41938,0.241524,-0.01437,0.169622,0.001476,-0.497307,0.500259,0.200946,0.210194,-0.407756,0.408962,0.334011,1.0,0.387455,0.0,-0.212183,0.606076,0.211458,-0.181066,-0.217935,0.108369,0.577282,0.641955,0.30751,-0.019219,-0.202872,0.1575,-0.497307,0.333136,0.039055,-0.441144,0.230503,-0.333136,-0.388323,0.655096,0.483518,-0.981765,0.499593,0.0,-0.333136,0.271646,0.59108,0.201171,-0.333136,-0.170625,0.09338,0.381879,-0.047153,-0.209349,-0.023153,0.067433,0.185483,0.286201,-0.317351,0.006826,-0.309371,-0.205937,-0.298718,0.001476,-0.137805,0.246917,-0.208602,-0.27998,-0.34256,0.385174,-0.111292,0.308067,-0.43734,0.055998,-0.359282,-0.051643,-0.333136,-0.333136,-0.175262,0.06505,-0.543672,-0.621443,-0.182356,-0.192669,0.417009,-0.379435,-0.498627,0.333136,-0.216038,-0.342992,-0.210552,0.463055,-0.49945,-0.011804,0.0,-0.009841,-0.49945,0.43152,-0.656999,-0.252645,0.002216,0.230047,0.310467,0.141182,0.655096,0.237008,-0.026959,-0.37995,0.016568,0.411651,-0.007159,0.49945,-0.333136,-0.653191,0.49874,0.499704,0.19037,-0.498627,0.430914,-0.01427,-0.045195,-0.406465,0.815512,-0.669803,-0.376287,-0.809577,-0.033708,-0.045195,-0.157089,-0.487917,-0.047381,-0.359282,0.298467,-0.027114,0.49874,0.518933,-0.210552,-0.281671,-0.487427,-0.445494,0.0,0.234999,0.330387,-0.169525,0.039375,0.01994,-0.652888,-0.341313,-0.38298,0.298467,-0.333136,0.343076,-0.38298,-0.499418,-0.641402,-0.192464,-0.359496,-0.183504,-0.20452,-0.154451,0.032401,0.487893,0.01994,0.358762,0.49874,0.226836,0.333136,0.206964,0.290124,0.194958,-0.183504,-0.556554,-0.333136,0.001804,-0.535135,-0.174572,-0.498627,-0.365126,-0.250992,-0.243694,-0.445494,0.200656,0.376944,-0.430767,-0.028488,-0.391014,-0.449688,-0.229981,0.589724,0.233674,0.243147,-0.200804,-0.2049,0.215978,0.33234,0.210808,0.397469,0.39252,-0.412708,-0.451529,0.379685,-0.505782,0.432608,0.022205,#
14,0.161475,0.156221,-0.087953,-0.306236,-0.023077,0.079608,-0.432914,-0.432914,-0.023077,0.383937,-0.241724,0.226229,-0.300815,0.387455,1.0,0.0,-0.347911,0.393644,0.390775,-0.415181,-0.353134,0.211572,0.365085,0.157613,0.250152,-0.118493,-0.078011,0.521478,-0.432914,0.276483,-0.370268,-0.387997,-0.381447,-0.408142,-0.323142,0.060954,0.061469,-0.472294,0.414633,0.0,-0.408142,0.358268,0.428726,0.077517,0.276483,0.184316,0.471768,0.507226,-0.292443,-0.101564,0.238216,-0.340803,-0.323931,-0.022571,0.387657,-0.38575,-0.290116,-0.001507,-0.29602,-0.432914,-0.080914,-0.036245,-0.083398,0.323023,-0.142229,-0.028381,-0.651469,0.41535,-0.797662,-0.238831,-0.300106,-0.096766,0.276483,-0.408142,-0.416512,0.094185,0.069254,-0.425862,-0.531566,-0.370107,0.144762,-0.997706,-0.610893,0.276483,-0.458928,-0.332691,-0.560911,0.033011,-0.113357,0.239309,0.0,-0.291857,-0.113357,0.575117,-0.576937,-0.388356,-0.440523,-0.108176,-0.332691,0.367419,0.33657,-0.386975,-0.470926,-0.185079,-0.265769,-0.184828,-0.615175,0.414514,-0.408142,-0.352802,0.069254,0.414725,-0.148448,-0.610893,-0.25322,-0.113357,-0.144678,-0.289578,0.555183,-0.466861,-0.265368,-0.222057,-0.316876,-0.144678,-0.132412,-0.437684,-0.147217,-0.300106,0.313658,-0.188781,0.069254,-0.12867,-0.560911,-0.632229,-0.440523,-0.618551,0.0,0.112481,0.461826,-0.41165,-0.567359,-0.42231,-0.799887,-0.544703,-0.675683,0.313658,0.276483,0.391196,-0.675683,-0.083137,-0.560911,-0.83959,-0.241315,-0.799887,0.433145,-0.798257,-0.399523,0.593243,-0.42231,-0.408142,0.069254,-0.370107,0.276483,0.257397,0.314004,0.397622,-0.799887,-0.073707,-0.408142,-0.689582,0.070333,-0.073482,-0.610893,-0.351448,0.315524,-0.108176,-0.618551,0.504065,0.651413,-0.265769,0.152325,-0.576497,-0.300716,-0.115896,0.796889,-0.397315,-0.347998,-0.108176,-0.529285,0.003752,0.365231,0.50562,0.56223,0.235277,0.224811,0.166002,0.13489,-0.45604,0.161731,0.607615,#
15,0.0,0.0,0.0,0.0,0.0,0.0,0.0,0.0,0.0,0.0,0.0,0.0,0.0,0.0,0.0,0.0,0.0,0.0,0.0,0.0,0.0,0.0,0.0,0.0,0.0,0.0,0.0,0.0,0.0,0.0,0.0,0.0,0.0,0.0,0.0,0.0,0.0,0.0,0.0,0.0,0.0,0.0,0.0,0.0,0.0,0.0,0.0,0.0,0.0,0.0,0.0,0.0,0.0,0.0,0.0,0.0,0.0,0.0,0.0,0.0,0.0,0.0,0.0,0.0,0.0,0.0,0.0,0.0,0.0,0.0,0.0,0.0,0.0,0.0,0.0,0.0,0.0,0.0,0.0,0.0,0.0,0.0,0.0,0.0,0.0,0.0,0.0,0.0,0.0,0.0,0.0,0.0,0.0,0.0,0.0,0.0,0.0,0.0,0.0,0.0,0.0,0.0,0.0,0.0,0.0,0.0,0.0,0.0,0.0,0.0,0.0,0.0,0.0,0.0,0.0,0.0,0.0,0.0,0.0,0.0,0.0,0.0,0.0,0.0,0.0,0.0,0.0,0.0,0.0,0.0,0.0,0.0,0.0,0.0,0.0,0.0,0.0,0.0,0.0,0.0,0.0,0.0,0.0,0.0,0.0,0.0,0.0,0.0,0.0,0.0,0.0,0.0,0.0,0.0,0.0,0.0,0.0,0.0,0.0,0.0,0.0,0.0,0.0,0.0,0.0,0.0,0.0,0.0,0.0,0.0,0.0,0.0,0.0,0.0,0.0,0.0,0.0,0.0,0.0,0.0,0.0,0.0,0.0,0.0,0.0,0.0,0.0,0.0,0.0,0.0,0.0,0.0,0.0,0.0,0.0,0.0,0.0,0.0,0.0,0.0,#
16,0.116141,-0.347071,-0.040701,0.548598,-0.195815,0.368282,0.368282,-0.182703,-0.212183,0.218844,0.117063,0.367398,0.272882,-0.212183,-0.347911,0.0,1.0,-0.218934,0.028631,0.23255,0.071826,0.206911,-0.188309,-0.049532,-0.218173,-0.327259,0.433838,0.101421,0.368282,-0.218173,0.40152,0.414456,0.060215,0.517831,0.241643,0.053969,-0.216755,0.291964,-0.327186,0.0,0.517831,0.252379,-0.425603,0.071826,-0.218173,0.101421,0.090996,0.451749,-0.01071,-0.030117,-0.534286,0.393139,0.487756,-0.005964,-0.439027,0.009602,0.214229,0.238744,0.295306,0.368282,0.177703,0.600627,0.427218,-0.592319,0.154831,-0.11651,-0.14789,0.163033,0.719112,-0.225982,0.206855,0.133782,-0.218173,0.517831,0.22255,0.062478,-0.17145,0.253962,-0.02225,0.53555,0.127169,0.375438,0.25666,-0.218173,0.242315,0.284797,0.469944,0.364304,0.240393,-0.533386,0.0,0.108739,0.776351,0.100224,0.469944,0.102087,-0.176584,-0.005999,-0.437053,-0.175013,-0.03545,0.07314,0.388528,0.350211,0.584805,0.375438,0.375438,-0.327092,-0.218173,0.053258,-0.159928,-0.327259,-0.014175,0.25666,0.126249,-0.327092,-0.325582,0.558506,-0.34046,0.27435,0.533633,0.404154,0.571065,-0.325582,0.072762,0.37668,-0.326554,0.206855,0.423512,-0.049966,-0.159928,0.235831,-0.005999,0.515557,0.364304,-0.057027,0.0,-0.427507,0.308162,0.227157,-0.087205,0.364304,0.071726,0.420634,0.558506,0.423512,-0.218173,-0.470951,0.117483,-0.327071,0.469944,0.252443,0.558506,0.553199,-0.202099,0.083201,-0.25136,-0.004634,-0.176584,0.491546,-0.159928,0.044881,-0.218173,0.360021,0.271159,0.229674,0.553199,-0.08485,0.517831,0.117321,-0.177952,0.330953,-0.326554,0.299777,-0.016324,-0.491941,-0.057027,0.09063,-0.503926,0.125949,-0.799476,-0.098671,0.149364,-0.016818,-0.18396,0.242315,0.53044,0.469944,0.455501,-0.630696,0.299777,0.087929,0.123569,-0.072537,-0.062634,0.436707,-0.321515,0.37668,-0.34046,-0.381363,#
17,-0.434911,0.829246,0.690762,-0.017849,-0.22706,-0.010612,0.008286,0.008286,0.606076,0.618365,-0.821893,0.42081,-0.321097,0.606076,0.393644,0.0,-0.218934,1.0,-0.129727,0.194196,-0.224595,0.096151,0.565182,0.16719,0.323121,-0.007573,0.245279,0.176269,-0.501959,0.348365,-0.463276,0.009608,0.233242,-0.333219,-0.591707,0.667814,0.313421,-0.698539,0.021,0.0,-0.333219,0.057005,0.003423,-0.224595,0.323121,-0.644741,0.084323,0.354961,0.396817,0.234832,-0.020167,-0.432068,0.172895,-0.154014,-0.40281,-0.161949,-0.301405,-0.608716,-0.414067,-0.483061,-0.631245,0.013899,0.09959,-0.270193,0.169717,0.479768,-0.109067,0.305407,-0.615211,0.065893,-0.415577,-0.067631,0.323121,-0.333219,0.203436,-0.534776,-0.499272,-0.9969,0.232206,0.213544,0.022205,-0.38612,-0.498751,-0.333219,0.169906,-0.295353,-0.62992,0.009167,-0.021627,0.015384,0.0,0.391277,-0.499573,0.446117,-0.230459,-0.243639,0.491509,0.660648,0.348365,0.1858,0.22523,0.23941,-0.499272,0.003531,-0.379372,0.042314,-0.38612,0.503898,-0.333219,-0.653353,0.5276,0.503615,0.221611,-0.498751,0.048821,-0.021627,-0.034932,-0.395779,0.83926,-0.662171,0.012939,-0.47649,-0.410669,-0.034932,-0.663478,-0.482183,-0.036451,-0.415577,0.299361,-0.024315,0.5276,0.04134,-0.205492,-0.271765,0.009167,-0.436677,0.0,-0.172138,0.182962,-0.182116,0.042314,-0.444803,-0.65305,-0.801475,-0.395779,0.299361,0.323121,0.297957,-0.002491,0.007339,-0.62992,-0.569839,0.036659,-0.190663,-0.192902,-0.162023,0.467186,0.824173,0.03754,0.348365,0.5276,0.213544,0.348365,0.466248,0.32787,0.191664,-0.190663,-0.170591,-0.333219,0.013506,-0.520537,-0.212166,-0.498751,-0.342947,-0.238413,0.193969,-0.436677,0.191985,0.389328,-0.820038,0.388932,-0.408747,-0.866682,-0.684643,0.18164,0.230711,0.201669,0.23622,-0.662278,0.201247,0.370547,-0.226949,-0.015501,0.803615,-0.418899,-0.077513,-0.02845,-0.024637,0.83926,0.060486,#
18,0.383363,-0.443316,-0.324474,-0.059841,0.567359,-0.286411,-0.265291,0.178215,-0.245292,-0.150967,0.307982,0.158839,0.498785,0.211458,0.390775,0.0,0.028631,-0.129727,1.0,-0.580309,0.035775,-0.374278,-0.304835,-0.033616,0.234152,0.245437,-0.314409,0.513263,-0.413127,0.290575,0.143427,-0.316282,-0.512476,0.262364,-0.028538,-0.001846,-0.106187,-0.127719,0.290483,0.0,0.262364,0.132453,0.699194,0.408435,-0.499337,0.300541,-0.065108,0.210822,-0.166484,-0.412205,-0.054397,0.192932,0.096367,-0.008535,0.580424,-0.321609,-0.303768,0.585385,-0.274365,0.178215,0.502803,0.462106,0.306457,0.447522,-0.318552,0.09422,-0.418306,-0.340227,-0.124217,-0.241352,0.446563,-0.321941,-0.499337,0.262363,-0.19703,0.78578,0.21245,0.15341,-0.351213,-0.47238,-0.103396,-0.369441,-0.143815,0.093097,-0.252297,-0.238927,-0.006439,0.726118,-0.161326,-0.003299,0.0,-0.073371,0.393345,-0.065383,-0.41315,0.043578,-0.243422,-0.277937,-0.238927,0.21018,0.463234,-0.51852,0.156802,-0.396578,-0.06627,0.08571,-0.038422,0.415096,0.093097,-0.071258,-0.25499,0.414704,-0.023085,-0.143815,-0.038212,0.262834,0.272883,-0.180778,-0.091602,0.220404,-0.048069,0.140288,0.252638,0.272883,0.535292,-0.377228,0.238698,0.446563,-0.026386,0.180228,-0.25499,-0.330104,-0.498999,0.059158,-0.243422,0.077416,0.0,-0.049752,0.205561,-0.222185,-0.351708,0.218786,-0.059967,0.014325,-0.05847,-0.026386,-0.499337,-0.234513,-0.51489,-0.748576,-0.498999,-0.316056,-0.389598,-0.461875,-0.219142,-0.621915,-0.151663,0.146214,-0.340986,-0.499337,-0.25499,-0.105635,0.290575,-0.106693,0.477467,-0.203137,-0.461875,0.196356,0.262363,-0.056403,0.177285,0.656667,-0.277943,-0.285639,0.464325,0.127701,0.077416,0.532475,0.072134,0.316758,-0.058426,0.09216,0.288726,0.492918,0.705469,-0.088241,0.048516,-0.277937,-0.006391,0.308178,-0.078916,0.427801,0.870748,-0.287966,-0.025837,0.196701,0.764165,-0.278895,-0.432072,0.275379,#
19,-0.010114,0.409541,0.62213,0.428989,-0.181066,0.519258,0.027911,0.027911,-0.181066,-0.174681,-0.002496,-0.382544,-0.294967,-0.181066,-0.415181,0.0,0.23255,0.194196,-0.580309,1.0,0.6513,0.414203,0.267591,-0.287511,-0.333219,-0.499828,0.22728,-0.644741,0.027911,-0.333219,0.065912,0.500953,0.233242,0.348365,-0.432996,-0.190931,0.44022,0.134551,-0.499717,0.0,0.348365,0.216947,-0.755809,0.238442,0.323121,-0.644741,0.236103,0.134001,0.486399,-0.213379,-0.410293,0.05603,0.660382,-0.187744,-0.40281,0.382684,-0.328035,-0.187377,0.228746,-0.463436,-0.631245,0.013899,0.09959,-0.244065,0.236751,0.156245,0.001273,0.227122,0.186114,-0.051989,-0.059368,0.342343,0.323121,0.348365,0.203436,-0.534776,-0.499272,-0.195471,0.625518,0.667933,0.022205,0.409041,0.50364,-0.333219,0.230711,-0.295353,0.23622,-0.444803,0.503898,-0.41931,0.0,0.024675,0.025952,0.009346,0.23622,0.257141,0.491509,0.660648,0.348365,0.249431,-0.633516,0.23941,0.038507,0.003531,0.43849,0.042314,0.042314,-0.021627,-0.333219,-0.249617,0.5276,-0.007573,-0.174395,0.50364,0.422156,-0.021627,-0.497266,0.036659,0.021399,-0.175227,0.012939,-0.031497,-0.347848,-0.497266,-0.286283,0.5099,-0.498751,-0.059368,0.299361,0.423303,0.5276,0.04134,0.660648,-0.1409,0.009167,0.00399,0.0,-0.241389,0.030494,0.183522,-0.019394,0.009167,0.205125,-0.219387,0.406812,0.299361,0.323121,-0.400381,0.800099,0.484404,0.23622,0.221896,0.406812,0.667511,0.186338,0.257141,0.467186,-0.166437,0.491509,0.348365,0.5276,0.213544,-0.333219,0.466248,-0.275643,-0.20117,0.667511,-0.332963,0.348365,0.013506,-0.520537,-0.589257,-0.036451,0.370547,-0.648744,0.193969,0.00399,-0.676208,-0.423903,-0.002176,-0.032013,-0.064539,-0.393563,-0.24563,-0.609183,0.592067,0.634734,0.23622,0.200051,-0.268467,0.370547,-0.656054,-0.408051,-0.009616,-0.418899,0.044982,-0.416401,0.5099,0.398594,-0.79735,#
20,0.526458,0.060916,0.342543,0.511904,0.252109,0.328103,-0.216052,0.328103,-0.653806,-0.653643,0.535134,-0.533817,0.219494,-0.217935,-0.353134,0.0,0.071826,-0.224595,0.035775,0.6513,1.0,0.160136,-0.194276,-0.423,-0.218064,-0.327097,-0.067498,-0.42193,-0.216052,-0.218064,0.36032,0.308595,0.017382,0.536774,-0.347481,-0.427969,0.46665,0.262938,-0.327024,0.0,0.536774,0.367209,-0.262998,0.560355,-0.218064,-0.42193,0.13074,-0.119459,0.379939,-0.556345,-0.534021,0.352162,0.614744,-0.054976,0.234694,0.211269,-0.579343,0.245281,0.104201,-0.216052,-0.106313,0.119296,0.039612,0.286372,-0.068164,-0.108644,-0.05546,-0.065292,0.228065,-0.237838,0.462771,0.081528,-0.218064,0.536774,-0.196102,0.224514,-0.214212,0.219431,0.39412,0.075173,0.063528,0.331942,0.764041,-0.218064,-0.185282,-0.508387,0.416872,-0.17935,0.255077,-0.533121,0.0,-0.324998,0.255077,-0.359699,-0.053172,0.562191,0.304073,0.416872,0.204516,0.28248,-0.523073,0.010956,0.327446,-0.533783,0.534621,-0.058578,-0.058578,0.202385,-0.218064,0.002365,0.327446,0.218064,-0.482636,0.764041,0.521398,0.202385,-0.32542,-0.320459,-0.355075,0.239167,-0.329962,-0.037114,-0.315463,-0.32542,0.343828,0.31597,-0.326391,0.462771,0.171689,0.821519,0.327446,-0.326391,0.416872,-0.020486,-0.23011,0.357083,0.0,0.010956,0.086376,0.166646,-0.14254,0.304073,0.506182,0.014894,0.509266,0.171689,-0.218064,-0.587779,0.509266,0.181108,-0.053172,0.209194,0.07371,0.506182,0.196471,0.019863,0.368934,-0.410049,0.304073,-0.218064,0.327446,0.029614,-0.218064,0.282472,-0.451476,-0.658061,0.506182,-0.12299,0.536774,0.073608,-0.259866,-0.256079,0.165903,0.218844,-0.523646,0.416872,0.357083,-0.44846,-0.561452,0.534621,0.052719,0.279095,0.082099,0.410086,-0.216586,0.624724,0.523899,-0.053172,0.391939,0.155034,0.218844,-0.435094,0.101885,-0.561452,-0.546159,0.011342,0.092099,0.31597,0.046594,-0.796891,#
21,0.508881,0.212975,0.16345,0.538048,-0.113601,0.949278,-0.312196,-0.312196,-0.396854,0.104438,0.009,-0.01434,-0.212182,0.108369,0.211572,0.0,0.206911,0.096151,-0.374278,0.414203,0.160136,1.0,0.610295,0.390627,0.171748,-0.349977,0.15034,-0.220927,0.318541,-0.638384,0.425665,0.432824,0.381571,-0.119899,-0.384094,-0.148884,0.200437,-0.159056,-0.33752,0.0,-0.119899,0.46012,-0.4133,0.18052,0.204153,-0.036514,0.291275,0.455659,-0.216791,-0.192362,-0.040141,-0.197332,0.183006,-0.092318,-0.268485,0.429595,-0.223588,-0.089551,0.611483,-0.312196,-0.393337,-0.227488,-0.470857,-0.308334,0.332272,-0.188418,-0.119125,0.801466,-0.056964,-0.311184,-0.548128,0.733974,0.204153,-0.119899,-0.586603,-0.331277,-0.413637,-0.146562,-0.419206,0.206313,0.73161,-0.231986,0.025963,0.204153,-0.109165,-0.298752,0.135592,-0.342649,0.056217,-0.575579,0.0,-0.511894,0.056217,0.229462,0.115869,-0.358675,-0.365063,0.115869,-0.298752,0.381452,-0.165844,0.382256,0.276705,-0.010199,0.54077,-0.21388,-0.21388,-0.343552,-0.638384,-0.202699,0.276705,-0.325673,-0.429776,0.025963,0.003341,-0.343552,-0.952667,0.028784,0.205553,-0.180206,-0.482793,-0.265518,0.003341,-0.952667,-0.443543,0.306522,-0.384886,-0.548128,0.507237,0.248403,0.276705,0.331248,0.135592,-0.403174,-0.365063,-0.292849,0.0,-0.214622,0.440626,0.085524,-0.557899,-0.342649,-0.410852,0.082095,0.010508,0.507237,0.204153,0.071494,0.010508,0.2825,0.135592,-0.117409,0.010508,0.182709,0.593202,-0.102571,-0.3639,0.089117,-0.342649,0.236558,0.276705,-0.139343,-0.638384,0.476685,-0.256069,0.100357,0.182709,-0.633927,-0.119899,-0.541576,-0.378641,-0.628757,-0.384886,0.568954,-0.43233,-0.483201,-0.292849,-0.202852,-0.057647,-0.024909,-0.364645,-0.792317,-0.466528,0.076393,0.064613,-0.109165,0.18064,0.115869,0.158199,-0.507574,0.568954,-0.176404,-0.006332,-0.03795,-0.061118,0.245277,-0.529422,0.283932,0.18693,-0.320958,#
