0,1.0,0.080413,-0.198734,0.125716,-0.403383,0.097658,0.265204,-0.613984,0.080413,0.245258,0.390565,0.789168,0.397487,0.45485,0.261437,-0.408162,-0.065595,-0.220902,0.174138,-0.483205,-0.004303,-0.048426,-0.095265,0.408335,4.5e-05,0.260259,0.228392,0.08702,0.253458,-0.071283,-0.220902,0.184769,0.265204,0.375958,0.470221,-0.087402,0.237778,0.337549,0.277877,-0.408064,0.220532,-0.273143,0.242952,0.189634,0.401921,0.141993,-0.006801,0.448479,-0.414898,-0.582617,-0.40544,-0.356818,0.212648,-0.029362,-0.565981,-0.229703,0.020496,0.665907,-0.068172,-0.64555,0.095848,-0.099683,-0.794063,0.233492,-0.581091,0.243178,0.804523,-0.46847,-0.291413,-0.136317,0.237778,-0.389695,-0.408162,-0.265382,0.401921,-0.365537,-0.259615,0.226327,-0.666073,0.226327,-0.259615,-0.189975,0.386702,-0.385628,-0.093154,-0.007489,0.055166,-0.149453,-0.101586,0.386702,0.146947,-0.42087,-0.016885,-0.464059,-0.42087,-0.026062,-0.237776,-0.148526,-0.378601,-0.101586,-0.095265,-0.399965,-0.016885,0.13531,0.054868,-0.189975,-0.016885,-0.20398,-0.265382,0.09736,-0.026424,0.105778,0.226327,-0.109749,0.212428,0.455404,-0.093154,-0.253769,-0.621624,0.158988,-0.093154,0.401921,0.065734,0.401921,-0.348832,-0.044236,-0.815456,0.124167,-0.668367,-0.259615,-0.320916,-0.19766,-0.416384,0.351988,-0.416384,-0.035036,0.426885,-0.666073,0.343446,-0.594421,-0.101586,-0.308638,-0.272108,-0.305023,-0.016885,-0.118403,0.09736,0.035145,-0.385628,-0.407954,0.228261,-0.191702,-0.663662,0.09736,-0.149453,-0.253769,0.079825,0.170374,-0.016885,-0.026062,0.276136,-0.191702,-0.272108,-0.464059,-0.621624,0.408999,-0.101586,-0.073922,-0.208446,0.0,0.4945,-0.648576,0.0,-0.138755,0.142777,-0.189975,-0.534128,0.07644,0.037856,-0.594421,0.126623,0.117527,-0.21519,-0.100548,0.194031,-0.545749,0.206945,-0.138755,-0.422652,0.115208,-0.642181,0.595229,-0.028984,-0.382394,-0.219582,0.095157,0.051646,-0.642181,-0.368757,-0.42087,#
1,0.080413,1.0,-0.361417,-0.357898,-0.233133,0.053749,-0.237603,-0.456805,0.545421,0.367994,-0.219502,-0.056035,0.236503,0.650361,-0.093278,0.345398,0.4328,0.1236,0.521249,0.189189,0.203194,0.19507,-0.325451,-0.233133,5.1e-05,0.058799,-0.146361,0.324428,0.347697,-0.038805,0.1236,-0.242476,0.512957,-0.039047,0.187749,-0.019065,-0.04192,0.471332,0.410127,-0.763103,0.523913,-0.346522,-0.063502,-0.313207,-0.508857,-0.34014,-0.429849,0.207418,-0.629323,-0.070237,-0.209267,-0.605963,-0.070163,0.392027,-0.36429,0.072382,0.134444,-0.128078,0.284048,-0.188959,0.078469,-0.025919,-0.44496,-0.25604,0.347457,0.480785,-0.037296,0.031907,-0.455789,-0.300976,-0.04192,-0.324783,-0.208944,0.107362,-0.508858,0.554446,0.100764,-0.084829,0.107362,-0.084829,-0.34506,-0.075857,0.196883,0.07486,-0.534117,-0.230265,0.041158,0.24728,-0.040563,-0.228945,0.083617,-0.192274,-0.202587,-0.157521,-0.192274,0.22401,-0.099422,0.25462,0.066783,-0.040563,-0.325451,0.05218,-0.219437,0.107362,0.066783,-0.075857,0.218644,0.054856,-0.315126,-0.763286,0.640002,-0.240659,-0.51556,-0.013372,-0.21249,-0.001682,-0.534117,-0.811231,0.244484,-0.376021,-0.534117,0.201837,-0.420922,-0.508858,-0.44496,-0.41593,-0.37835,0.155898,-0.413058,-0.34506,-0.274198,-0.050184,-0.640667,-0.405457,-0.640667,0.262237,0.201837,0.107362,0.177168,-0.502304,-0.040563,0.014509,0.201837,-0.206194,-0.202587,-0.072326,-0.230265,-0.02262,0.546198,0.32452,-0.092847,0.346427,0.544275,-0.230265,0.226345,-0.811231,0.556701,0.553426,-0.202587,0.240661,0.541982,-0.083697,0.201837,-0.157521,0.244484,0.671325,0.415507,0.581644,-0.091562,0.0,0.089606,-0.461355,0.0,0.218082,0.135583,-0.075857,-0.040563,0.350146,0.5333,-0.502304,0.559713,-0.774283,0.095164,-0.00118,-0.039963,-0.119765,0.379326,-0.309435,-0.61972,0.573664,-0.286708,0.364481,-0.18313,0.52008,0.367035,0.52496,-0.163184,-0.265888,0.171164,0.22401,#
2,-0.198734,-0.361417,1.0,0.387283,-0.010132,-0.406171,-0.224297,0.014308,-0.340306,0.09269,-0.502628,-0.266794,-0.313669,-0.055532,0.030897,0.297044,-0.274858,-0.049518,-0.645553,0.552915,-0.01247,-0.441434,-0.288576,-0.010132,0.0,-0.207728,-0.124695,0.272725,0.068582,-0.245954,-0.049518,-0.194974,-0.257812,0.234764,-0.33777,-0.749042,-0.155587,-0.239917,-0.17306,0.322206,-0.117198,-0.218321,-0.427305,-0.270206,0.099015,-0.107956,-0.553011,-0.313327,0.043828,0.136959,-0.450816,0.300763,0.148716,0.255712,0.332411,-0.393784,0.296078,0.031689,-0.237383,0.014577,-0.35618,-0.214232,0.242541,0.583096,-0.028264,-0.224856,0.212138,-0.088821,-0.22281,0.666104,-0.155587,-0.015045,-0.321798,0.40626,0.099015,-0.141637,-0.580843,0.107076,-0.055399,0.107076,0.425093,0.102517,0.419941,0.221615,0.324102,0.059409,0.718026,-0.281661,0.303997,0.459492,-0.162777,0.003412,0.026466,-0.079679,-0.015921,0.496956,0.086959,-0.228928,0.333365,0.303997,-0.288576,-0.323776,0.495957,-0.133881,-0.335863,0.627914,0.065591,0.388103,0.42588,0.222783,0.480349,0.225156,0.147083,0.326382,0.67143,0.235628,0.324102,0.424437,-0.165035,0.404226,0.324102,0.165025,-0.324956,0.099015,-0.324296,0.936336,0.263709,0.109442,0.526591,0.425093,0.520702,0.108453,-0.003452,0.393732,0.535081,-0.486821,0.06601,-0.055399,-0.441289,0.667522,0.303997,0.174735,0.165025,-0.208452,0.026466,0.521804,0.198029,-0.285521,-0.241424,0.272859,-0.490309,0.630978,0.001184,0.198029,0.301677,0.424437,0.288509,-0.275487,0.026466,-0.518563,-0.417384,0.02115,0.165025,-0.079679,-0.165035,-0.053039,-0.236719,-0.329135,0.572955,0.0,-0.419884,0.390809,0.0,0.430878,-0.641411,0.647718,0.367537,-0.449835,-0.321558,0.122321,-0.626525,0.365281,0.393607,-0.261757,-0.458863,0.075976,0.530135,-0.292536,-0.001374,-0.584349,0.423731,-0.450245,-0.506228,0.188234,-0.456568,-0.071424,-0.161931,-0.180583,0.554097,0.554954,#
3,0.125716,-0.357898,0.387283,1.0,0.019242,0.075054,0.236574,-0.280643,-0.357898,-0.166254,-0.042312,0.313763,-0.140589,-0.394093,0.239928,-0.407434,-0.533004,0.435796,-0.275062,0.391344,0.386758,-0.808053,-0.120731,0.003207,0.0,0.103566,-0.479904,0.091441,0.265801,-0.533346,0.435796,0.26191,0.236574,-0.134578,-0.26629,-0.083116,-0.60739,-0.613917,0.406926,0.111818,0.111913,0.220354,-0.109894,0.160419,0.35311,0.118009,-0.209057,-0.631144,-0.022388,-0.576527,0.012728,0.537431,-0.220715,0.05409,0.314312,-0.517096,0.071247,0.223629,-0.073941,-0.253926,-0.839648,-0.113194,-0.026165,0.108206,-0.349963,-0.475614,0.279479,0.112321,0.082133,0.230991,-0.60739,-0.391705,-0.407434,0.126328,0.35311,-0.421038,-0.23901,0.648806,-0.245058,0.648806,0.137816,0.209004,0.390597,0.489074,0.337856,0.440029,0.517442,-0.643629,0.32093,-0.03255,0.547411,-0.034628,-0.025569,0.218581,0.379035,0.363125,0.1696,0.362763,0.101726,0.32093,-0.120731,-0.318503,0.795488,0.110181,0.503492,0.632765,0.006629,0.005119,0.126328,0.59078,0.00662,-0.407336,0.220788,-0.139835,0.252604,0.589249,0.337856,0.58217,-0.271632,0.565537,0.337856,0.407434,0.518279,0.35311,-0.026165,0.492117,0.05604,-0.547332,0.37727,0.137816,0.032509,0.197499,0.393009,0.412523,0.393009,-0.452457,-0.271623,-0.245058,0.195477,0.225303,0.32093,0.364162,0.434597,-0.588023,-0.025569,-0.29008,0.59078,-0.735966,-0.359673,0.107042,-0.182704,-0.157622,-0.231867,0.59078,0.376529,0.58217,0.106898,-0.406761,-0.025569,-0.034628,0.234796,0.236916,0.434597,0.218581,-0.271632,-0.073114,0.355792,-0.400598,0.248429,0.0,0.030874,0.200003,0.0,-0.072344,-0.698805,0.209004,0.373223,-0.437741,-0.364288,0.225303,-0.680613,0.09679,-0.681957,-0.563926,-0.219848,-0.135971,0.187285,-0.112666,0.402442,-0.301227,0.362763,-0.456464,-0.415559,0.084598,-0.285944,-0.204184,-0.076627,-0.134573,0.076833,0.410855,#
4,-0.403383,-0.233133,-0.010132,0.019242,1.0,0.186413,0.313567,0.01289,-0.233133,-0.436492,-0.174647,-0.654253,-0.519796,-0.591411,-0.042887,-0.499814,0.242731,-0.475577,0.460039,-0.182093,-0.209343,0.284021,0.478366,0.193978,-2.4e-05,0.32999,-0.284741,-0.499684,-0.03512,0.667806,-0.475577,0.308585,-0.379149,-0.203356,-0.000242,0.216166,-0.071672,-0.331206,-0.157618,0.504014,-0.501601,-0.234678,0.390956,0.183273,-0.333209,0.036293,0.151898,-0.137348,0.203219,0.404337,0.600197,0.257587,-0.791349,-0.050125,-0.131563,-0.394699,-0.671063,-0.010769,0.486498,0.036888,-0.186056,0.248296,0.184068,-0.472615,0.214467,-0.346519,-0.183766,-0.113144,0.433578,0.299346,-0.071672,0.536991,0.523427,-0.42571,-0.333209,0.321861,0.427013,-0.428497,0.409195,-0.428497,-0.008658,0.01315,-0.235344,-0.227742,0.221572,0.196777,-0.273898,-0.020004,-0.233142,-0.219624,0.015546,0.208012,-0.206001,-0.333593,0.192644,-0.614634,0.049525,-0.5056,-0.242872,-0.233142,0.478366,0.62707,-0.221552,-0.386258,-0.217067,-0.435996,-0.206001,-0.556125,-0.42571,-0.007871,-0.244091,0.504014,-0.412596,-0.654078,-0.402293,-0.24371,0.221572,0.404883,-0.320101,0.003213,0.221572,-0.333209,0.236294,-0.333209,0.184068,0.06226,0.207271,-0.072499,0.006126,-0.008658,0.132885,-0.404012,0.610869,0.037584,0.182767,-0.58058,0.322715,0.409195,0.154121,-0.026671,-0.233142,-0.329571,0.322715,0.294105,-0.206001,0.033239,-0.007871,-0.091538,-0.211011,-0.021915,0.414871,-0.03839,-0.045735,-0.007871,-0.039325,0.404883,-0.357921,-0.114436,-0.206001,-0.191559,-0.449534,0.382872,0.322715,-0.333593,-0.320101,-0.252557,0.230369,-0.192974,-0.066249,0.0,0.254982,0.628389,0.0,-0.054872,0.422134,-0.420253,0.187781,0.480212,-0.192945,0.406732,0.003785,0.457453,0.059285,0.65039,0.010262,0.09884,-0.404158,0.48125,0.616511,-0.378969,-0.005991,-0.007521,0.614635,0.219571,0.073502,-0.01275,0.579049,-0.005991,-0.131371,-0.230431,#
5,0.097658,0.053749,-0.406171,0.075054,0.186413,1.0,0.512957,0.05669,0.053749,-0.093278,-0.185794,-0.019065,0.236503,-0.251493,0.794465,-0.208944,0.4328,0.254163,0.521249,-0.172284,-0.216351,-0.24106,0.194107,-0.233133,5.1e-05,0.504244,-0.226387,-0.19758,0.347697,-0.038805,0.254163,0.435763,0.512957,-0.039047,-0.35916,0.434,-0.13126,-0.235553,-0.015758,-0.240659,-0.419269,-0.254274,-0.098355,0.379207,0.230265,-0.359305,0.365953,-0.041895,0.233726,-0.104813,0.207003,-0.384144,-0.520645,0.05148,-0.36429,0.072382,-0.409146,-0.093278,0.243318,0.072612,0.078469,-0.025919,0.004147,-0.25604,-0.400571,-0.198769,-0.038799,0.49839,0.36583,-0.295192,-0.13126,0.410309,-0.208944,0.081515,0.230265,-0.236418,0.100764,-0.111179,-0.357872,0.363132,0.100764,-0.058799,-0.254996,0.047134,-0.050248,-0.230265,0.012997,0.215261,0.43375,-0.211912,0.100764,-0.217741,-0.228357,-0.200006,0.198543,-0.217741,-0.005028,0.222778,-0.436508,-0.068464,0.75606,0.515156,-0.245206,-0.340973,0.038822,-0.101946,-0.666437,0.027,0.081515,0.324077,-0.243886,-0.240659,-0.067599,-0.040747,-0.25545,-0.030835,-0.050248,0.076597,-0.125089,-0.358613,-0.050248,-0.508858,0.058582,0.230265,0.492375,-0.1873,0.047134,-0.329923,-0.285413,0.100764,-0.314408,-0.076022,0.218644,-0.334635,-0.245206,0.237059,0.201837,-0.357872,0.782612,-0.101946,0.43375,-0.013643,0.201837,0.441973,-0.228357,-0.072326,0.324077,0.353227,-0.406076,-0.245369,0.35912,-0.557339,0.067091,0.324077,0.194326,0.076597,-0.219991,0.099798,0.235493,0.673597,0.199167,0.320113,0.201837,-0.200006,-0.125089,0.213344,-0.040563,0.553404,0.315267,0.0,0.075935,-0.186974,0.0,-0.362808,0.106329,-0.528392,-0.086707,0.316113,0.080192,-0.101946,0.531652,0.074247,-0.337832,-0.031871,0.801134,-0.146772,-0.067267,0.18581,0.22503,0.130087,-0.318551,0.327949,0.229713,0.070487,-0.454094,0.52496,-0.164347,0.222778,-0.761414,-0.234392,#
6,0.265204,-0.237603,-0.224297,0.236574,0.313567,0.512957,1.0,-0.232027,-0.237603,-0.30416,0.365249,0.227959,-0.172584,-0.380953,0.399992,-0.650944,0.226391,-0.235186,0.260998,-0.396544,-0.353531,-0.305146,-0.172584,0.313567,0.0,0.237997,-0.099659,0.163358,0.373283,0.226887,-0.235186,0.985744,-0.145762,-0.493885,-0.166709,0.227959,-0.010491,-0.086189,0.19504,0.163335,-0.468173,0.027081,0.395841,0.940342,0.130189,0.291476,0.499528,0.29819,0.364643,-0.273224,0.339587,-0.157215,-0.233987,-0.193091,-0.176692,-0.232141,-0.26636,0.399992,0.64165,-0.229998,-0.163392,0.23236,-0.210213,-0.195426,-0.222974,-0.103737,0.196283,-0.270601,0.497423,-0.026486,-0.010491,-0.019781,0.195283,-0.417319,0.130189,-0.131646,0.292553,-0.324897,-0.417319,0.399159,0.292553,0.425824,-0.402264,-0.249064,0.227277,0.312453,-0.289345,-0.163552,0.227702,0.339553,0.266377,-0.334933,-0.343453,-0.127216,-0.360353,-0.360353,0.426025,-0.190699,-0.256099,-0.53895,0.685262,0.512189,-0.394895,-0.417319,-0.256099,-0.31707,-0.369174,-0.475948,-0.417319,0.162736,-0.392852,0.163335,0.425461,-0.496647,-0.184132,-0.323507,0.227277,0.265747,-0.41228,0.265747,0.227277,0.086793,0.511727,0.130189,0.535088,0.11506,-0.22139,-0.12545,-0.206547,0.292553,-0.203032,-0.283681,0.338913,-0.168407,-0.369174,-0.301568,0.086793,-0.417319,0.207676,-0.29103,0.227702,-0.279334,0.086793,-0.086189,-0.343453,-0.258989,0.162736,-0.035417,-0.22139,-0.70638,0.426144,-0.322894,-0.437377,0.162736,-0.227468,0.265747,-0.477875,-0.204194,0.364635,0.364838,-0.282502,-0.322894,0.086793,-0.127216,-0.41228,0.285928,0.199854,-0.127673,-0.328422,0.0,0.493268,-0.025907,0.0,-0.234952,0.262797,-0.29103,-0.566799,0.125885,-0.224667,-0.29103,0.25702,0.238324,-0.36318,0.194609,0.391577,-0.307619,-0.297519,-0.202741,0.337739,0.263426,-0.190699,0.128696,0.311742,-0.245743,-0.237861,0.26361,0.328241,-0.158916,-0.422464,-0.385772,#
7,-0.613984,-0.456805,0.014308,-0.280643,0.01289,0.05669,-0.232027,1.0,-0.148708,-0.309858,0.014186,-0.346376,0.03756,-0.472175,-0.11716,0.409431,0.051487,0.258098,-0.392867,-0.005434,-0.034502,0.131059,0.272318,-0.472404,0.000145,-0.442797,0.29141,-0.239305,-0.657963,0.057356,0.258098,-0.181135,-0.232027,0.039382,-0.314324,0.165409,0.147499,-0.135209,-0.707191,0.350317,-0.488319,0.430842,-0.327558,-0.052318,0.272954,0.116662,0.475717,-0.110331,0.770881,0.523829,0.148966,0.345426,0.172738,-0.160369,0.581467,0.661851,-0.014319,-0.598905,-0.43524,0.82023,0.453205,-0.134633,0.908569,-0.083435,0.024998,-0.115144,-0.542331,0.597551,0.457279,0.072518,0.147499,0.512989,0.40943,0.334071,0.272953,-0.282742,0.038739,-0.214085,0.334071,-0.214085,0.329281,0.134881,-0.455552,0.276452,0.168179,-0.385346,-0.180463,0.362376,0.175161,-0.11884,-0.20338,0.489046,0.199846,0.486371,0.442023,-0.028214,0.203984,0.164631,-0.041303,0.175161,0.272318,0.097213,-0.085649,0.143173,-0.041303,0.086709,-0.323561,0.447196,0.620418,0.34922,-0.440524,-0.121808,0.126504,0.535798,-0.211846,-0.478142,0.168179,0.275304,0.63422,-0.216311,0.168179,-0.610132,-0.052082,0.272953,0.590393,-0.10075,0.839595,0.095557,0.589729,0.329281,0.387825,0.429375,0.437758,-0.337698,0.437758,0.539286,-0.449571,0.334071,-0.277437,0.616597,0.175161,0.368759,-0.28901,0.630128,0.199846,0.233667,-0.012042,0.445525,0.020478,-0.0,-0.052556,-0.285235,0.323072,-0.012042,0.00765,0.275304,-0.507336,-0.242415,0.199846,0.206905,-0.234748,0.200636,-0.28901,0.486371,0.63422,-0.725047,-0.391537,0.16257,0.218261,0.0,-0.468893,0.220474,0.0,-0.361738,-0.041308,0.134881,0.123643,-0.092413,-0.111924,0.616597,-0.029261,0.182411,0.201558,0.08667,0.248097,0.618357,-0.297527,0.293737,0.420318,-0.123706,0.517412,-0.46981,0.07918,-0.171452,-0.079624,-0.366967,-0.205472,0.811397,-0.110299,-0.075238,#
8,0.080413,0.545421,-0.340306,-0.357898,-0.233133,0.053749,-0.237603,-0.148708,1.0,0.794465,-0.219502,-0.056035,0.75606,0.650361,-0.093278,0.345398,0.4328,0.14536,0.137655,0.206369,-0.216351,0.19507,-0.325451,0.186413,5.1e-05,0.18872,0.51174,0.324428,0.347697,-0.038805,0.14536,-0.242476,0.512957,-0.039047,-0.183555,0.434,0.559408,-0.008582,-0.122229,-0.240659,0.196419,-0.139555,0.372159,-0.110578,-0.508857,-0.34014,-0.381443,0.207418,-0.20626,0.35349,-0.209267,-0.506936,-0.070163,0.591048,-0.211996,-0.132613,-0.350239,-0.554549,0.284048,-0.45053,0.078469,-0.51056,-0.308037,-0.25604,0.513439,-0.198769,-0.037296,0.031907,-0.705673,-0.329893,0.559408,-0.177529,-0.208944,-0.315126,-0.508858,0.528154,-0.327913,-0.084829,-0.315126,-0.084829,-0.773738,-0.502304,-0.228945,0.07486,-0.999376,-0.230265,0.041158,-0.276096,-0.496634,-0.228945,-0.34506,-0.608559,-0.623818,-0.157521,-0.192274,-0.192274,-0.535481,0.25462,0.066783,-0.496634,-0.325451,0.05218,-0.219437,0.107362,0.066783,-0.075857,-0.202587,-0.186211,0.107362,-0.230265,0.219339,-0.240659,-0.084829,-0.013372,-0.21249,-0.001682,-0.999376,-0.811231,0.244484,-0.811231,-0.999376,0.201837,-0.420922,-0.508858,-0.308037,-0.41593,-0.37835,0.155898,-0.391784,-0.773738,0.035106,0.37216,-0.640667,-0.507604,-0.640667,0.262237,0.201837,-0.315126,0.30698,-0.502304,-0.496634,0.231059,-0.508858,-0.008582,-0.623818,-0.444379,-0.763286,0.383388,0.092988,-0.193008,-0.527431,-0.083697,0.110935,-0.763286,0.226345,-0.811231,0.529807,0.960527,-0.623818,-0.175623,0.238606,-0.083697,-0.508858,-0.157521,0.244484,0.300143,-0.040563,0.120022,-0.091562,0.0,-0.407513,-0.461355,0.0,0.218082,0.135583,-0.502304,-0.040563,0.350146,0.996838,-0.502304,0.559713,-0.297581,0.095164,-0.00118,0.400402,-0.561225,-0.066154,-0.309435,-0.649298,0.573664,-0.286708,0.364481,0.258414,0.52008,-0.034873,0.066268,0.301729,-0.265888,-0.272672,0.22401,#
9,0.245258,0.367994,0.09269,-0.166254,-0.436492,-0.093278,-0.30416,-0.309858,0.794465,1.0,-0.417131,0.083582,0.597787,0.816436,0.167147,0.428055,0.077481,0.093909,-0.166708,0.399791,-0.404374,-0.053965,-0.416852,0.382836,9.7e-05,0.343656,0.377361,0.408354,0.580868,-0.359573,0.093909,-0.354338,0.399992,0.099431,-0.3022,0.083582,0.42424,-0.10721,0.020377,-0.12179,0.35156,-0.275166,0.143413,-0.230836,-0.408052,-0.582281,-0.594007,0.050396,-0.398309,0.15634,-0.410777,-0.570279,0.188698,0.450938,-0.31776,-0.304425,-0.013921,-0.265604,0.121435,-0.591114,-0.074384,-0.375663,-0.45503,0.360313,0.346736,-0.269359,0.100736,-0.147572,-0.905851,-0.315139,0.42424,-0.186667,-0.612078,-0.125904,-0.408052,0.398016,-0.580736,0.175046,-0.562372,0.175046,-0.556133,-0.657259,-0.00705,-0.080635,-0.801399,-0.008001,0.355646,-0.385187,-0.329813,-0.00705,-0.596823,-0.793128,-0.377333,-0.243441,-0.402583,0.027476,-0.700086,0.116394,0.380058,-0.329813,-0.416852,-0.113135,0.002046,-0.166007,-0.092114,0.183377,0.017853,-0.012665,0.270461,-0.112014,0.413411,-0.12179,0.175046,0.123571,0.421335,0.312954,-0.801399,-0.591219,-0.048007,-0.591219,-0.801399,0.2587,-0.553669,-0.408052,-0.45503,0.005068,-0.505823,-0.001134,-0.396619,-0.556133,-0.091552,0.167349,-0.828309,-0.067593,-0.39314,0.028709,0.2587,-0.562372,0.201872,-0.216701,-0.329813,0.042461,-0.408052,-0.10721,-0.377333,-0.220878,-0.612078,0.317239,-0.063628,-0.077113,-0.689371,0.175749,-0.099867,-0.612078,0.086188,-0.591219,0.798811,0.781975,-0.377333,-0.386961,0.049951,-0.268608,-0.408052,-0.243441,-0.048007,0.471023,-0.373104,-0.059612,0.167784,0.0,-0.561173,-0.301733,0.0,0.619382,-0.160979,-0.216701,0.098058,-0.10254,0.771254,-0.657259,0.251314,-0.125112,0.23436,-0.346621,0.179611,-0.736822,0.171562,-0.42049,-0.834253,0.257578,-0.391464,0.424201,0.002796,0.328051,-0.280067,0.230658,0.044925,-0.371931,-0.054572,0.418021,#
10,0.390565,-0.219502,-0.502628,-0.042312,-0.174647,-0.185794,0.365249,0.014186,-0.219502,-0.417131,1.0,0.648015,0.006421,-0.171848,-0.385507,-0.49988,-0.203885,-0.165317,-0.011022,-0.678643,0.190752,0.197594,0.044948,0.206612,4.7e-05,-0.344616,0.295674,-0.025379,-0.411844,0.219587,-0.165317,0.405843,-0.316818,-0.225575,0.542969,0.236294,0.161751,0.370855,0.140488,0.013749,0.053149,0.58251,0.42878,0.502435,0.33842,0.811969,0.651039,0.452421,0.199976,-0.390974,0.228059,0.231166,0.393351,-0.508656,0.139504,0.319129,0.1093,0.421224,-0.033533,-0.010079,0.229288,0.234822,-0.145545,-0.232674,-0.213181,0.359718,0.166318,-0.3627,0.388762,-0.168395,0.161751,-0.381858,0.50763,-0.416455,0.33842,-0.300857,0.423381,-0.018144,0.006324,-0.018144,-0.005591,0.397014,-0.208963,-0.231412,0.22493,0.193752,-0.670281,0.015443,-0.223121,0.193484,0.407799,0.204458,0.195088,0.306784,-0.18897,-0.227244,0.372117,-0.017919,-0.246175,-0.223121,0.044948,-0.181259,-0.218326,0.390257,0.211188,-0.432758,0.179777,-0.348368,-0.416455,0.003875,-0.615598,0.013749,0.388937,-0.231258,-0.353764,-0.257286,0.22493,0.006328,0.002584,0.401822,0.22493,0.312586,0.661506,0.33842,0.298129,-0.405371,-0.214938,0.139475,-0.100839,-0.005591,-0.167663,-0.01761,0.218506,0.013986,-0.203014,0.190786,-0.333253,0.006324,-0.239141,-0.417256,-0.223121,-0.133423,-0.333253,-0.244842,0.195088,-0.37678,0.003875,-0.109106,0.196914,-0.499625,0.444361,-0.424626,-0.451428,0.003875,-0.49822,0.006328,-0.605612,-0.305685,0.195088,0.204458,0.084499,-0.385078,-0.333253,0.306784,0.002584,-0.22335,0.216685,-0.283777,-0.809642,0.0,0.626921,-0.293298,0.0,-0.516938,0.392126,-0.029726,-0.654151,-0.0113,-0.250425,0.009483,-0.019027,-0.063572,-0.386997,0.200591,-0.029313,0.095055,-0.452799,0.030116,0.20342,0.357461,-0.017919,-0.028857,0.177653,-0.669483,0.434682,-0.452731,0.240395,0.001002,-0.144346,-0.620672,#
11,0.789168,-0.056035,-0.266794,0.313763,-0.654253,-0.019065,0.227959,-0.346376,-0.056035,0.083582,0.648015,1.0,0.330167,0.249827,0.118266,-0.327248,-0.428104,0.202133,-0.148412,-0.306229,0.216166,-0.28679,-0.187661,0.216166,2.6e-05,-0.023974,0.133281,0.193107,0.089407,-0.428379,0.202133,0.203658,0.227959,0.041697,0.319303,0.060039,-0.036302,0.196054,0.441021,-0.327169,0.413726,0.332402,0.105392,0.281006,0.518497,0.331367,0.21228,0.18982,-0.215822,-0.801253,-0.205517,-0.050296,0.506002,-0.296568,-0.099572,0.083434,0.363342,0.543318,-0.239423,-0.368943,-0.045321,0.030556,-0.512414,0.255188,-0.520553,0.218427,0.470789,-0.243065,-0.091651,-0.346549,-0.036302,-0.614177,-0.327248,-0.096106,0.518497,-0.509834,-0.089773,0.521116,-0.534031,0.521116,-0.089773,0.066204,0.212205,-0.076948,0.05379,0.212499,-0.061531,-0.219209,0.044493,0.212205,0.337478,-0.222483,0.219101,0.175563,-0.222483,0.192415,0.014623,0.291368,-0.069347,0.044493,-0.187661,-0.514961,0.202308,0.324976,0.404401,0.066204,0.202308,-0.037802,-0.096106,0.225249,-0.233998,-0.327169,0.521116,0.035574,0.20289,0.386111,0.05379,-0.083282,-0.218172,0.350479,0.05379,0.490164,0.416277,0.518497,-0.025812,-0.158131,-0.528649,-0.160196,-0.282597,-0.089773,-0.40831,0.057941,-0.217521,0.283567,-0.217521,0.199208,-0.218165,-0.534031,0.119858,-0.358823,0.044493,-0.011655,-0.218165,-0.479217,0.219101,-0.382384,0.225249,-0.179783,-0.076948,-0.327081,0.100488,-0.371298,-0.532097,0.225249,-0.240074,-0.083282,-0.023052,-0.136331,0.219101,0.209011,0.430721,-0.35415,-0.218165,0.175563,-0.218172,0.187136,0.026311,-0.170502,-0.348973,0.0,0.371969,-0.556238,0.0,-0.232448,-0.123918,0.066204,-0.428242,-0.35159,-0.112496,-0.358823,-0.127146,-0.174724,-0.547743,-0.452941,0.036319,-0.315654,0.028638,-0.211418,-0.224517,0.283121,-0.248157,0.179533,-0.257113,-0.567398,0.015283,-0.138548,-0.182103,-0.227406,-0.190787,-0.239079,#
12,0.397487,0.236503,-0.313669,-0.140589,-0.519796,0.236503,-0.172584,0.03756,0.75606,0.597787,0.006421,0.330167,1.0,0.492011,0.110355,0.268054,0.328896,0.347199,-0.046765,-0.015316,0.01803,-0.028359,-0.236105,-0.040279,0.0,0.012728,0.647469,0.244119,0.087142,-0.210228,0.347199,-0.186986,0.685262,0.328338,-0.103349,0.330167,0.557682,0.043882,-0.304226,-0.401745,0.020697,-0.054069,0.116716,-0.040363,0.178702,-0.110333,-0.148273,0.259979,0.013762,0.09376,-0.492521,-0.346336,0.101577,0.53885,-0.097479,0.067733,-0.273999,-0.416852,-0.176431,-0.309724,0.249732,-0.752096,-0.196289,-0.146318,-0.103707,-0.126212,0.30595,0.252718,-0.509516,-0.198308,0.557682,-0.213408,-0.365528,-0.064763,0.178702,-0.152656,-0.581604,0.104831,-0.566958,0.104831,-0.581604,-0.377308,-0.008589,0.237667,-0.755105,-0.516612,0.207971,-0.198458,-0.191334,-0.008589,-0.09165,-0.453959,-0.465584,-0.112057,0.02183,0.02183,-0.401645,0.40384,-0.310356,-0.191334,-0.236105,-0.325586,-0.003399,0.418117,0.23292,0.110096,-0.484841,0.131028,0.418117,0.243685,-0.002263,-0.401745,0.104831,0.350786,-0.164301,0.18134,-0.755105,-0.616801,0.194953,-0.616801,-0.755105,0.146211,-0.3199,0.178702,-0.196289,-0.322331,-0.280325,0.214095,-0.285945,-0.581604,0.145826,0.617308,-0.484841,-0.38994,-0.484841,0.535692,0.146211,-0.566958,0.424926,-0.377308,-0.191334,0.444271,-0.666073,0.043882,-0.465584,-0.304469,-0.365528,0.455426,-0.280325,-0.347248,-0.396195,-0.405431,-0.079245,-0.365528,0.375804,-0.616801,0.237913,0.724529,-0.465584,0.040862,0.439496,0.10584,-0.666073,-0.112057,0.194953,0.078321,-0.212185,0.217871,0.101387,0.0,-0.321731,-0.771072,0.0,-0.256064,-0.062371,-0.377308,-0.212185,0.264055,0.753636,-0.377308,0.428043,-0.102839,-0.103329,-0.176736,0.631027,-0.416116,0.103104,-0.231948,-0.503034,0.438712,-0.214868,0.274616,0.029649,0.208304,-0.363246,-0.129523,0.047823,-0.191071,-0.556814,0.002799,#
13,0.45485,0.650361,-0.055532,-0.394093,-0.591411,-0.251493,-0.380953,-0.472175,0.650361,0.816436,-0.171848,0.249827,0.492011,1.0,-0.029655,0.438923,0.142382,-0.084617,0.033565,0.127981,-0.158921,0.195044,-0.415159,0.24094,-2.5e-05,0.126373,0.334185,0.41642,0.38729,-0.200367,-0.084617,-0.429981,0.334392,0.265821,0.180855,-0.181981,0.391028,0.443622,0.18428,-0.495701,0.559774,-0.378732,0.037337,-0.360863,-0.330547,-0.386014,-0.546242,0.366466,-0.656432,-0.037348,-0.562164,-0.69328,0.397111,0.328447,-0.466799,-0.065505,0.251865,0.03863,0.010559,-0.505379,0.203894,-0.196941,-0.644738,0.337884,0.215145,0.31412,0.266737,-0.320464,-0.861186,-0.299422,0.391028,-0.354343,-0.49582,-0.024634,-0.330547,0.367457,-0.384339,0.075729,-0.365715,-0.028592,-0.463168,-0.46267,0.244464,-0.239247,-0.649181,-0.162564,0.195101,-0.015962,-0.280645,0.141331,-0.400682,-0.55396,-0.131492,-0.324244,-0.55396,0.178866,-0.51065,-0.000934,0.224259,-0.170187,-0.538756,-0.28531,-0.147551,0.03695,-0.144723,-0.01511,0.269975,0.073114,-0.024634,-0.49582,0.569598,0.002231,-0.028592,0.182032,0.340473,0.244725,-0.649181,-0.809671,-0.046061,-0.394881,-0.649181,0.346803,-0.617269,-0.330547,-0.644738,-0.154208,-0.671193,0.281041,-0.563834,-0.463168,-0.206944,-0.02652,-0.991105,-0.028038,-0.549018,0.181266,0.346803,-0.365715,0.030485,-0.421548,-0.280645,-0.142203,-0.330547,-0.202116,-0.131492,-0.001135,-0.49582,0.252076,0.209977,0.047584,-0.392168,0.382356,-0.001555,-0.49582,-0.035915,-0.809671,0.725897,0.677782,-0.233512,-0.242159,0.234784,-0.374833,-0.330547,-0.324244,-0.046061,0.630684,-0.214166,0.171845,-0.040232,0.0,-0.169618,-0.55213,0.0,0.501111,0.046112,-0.01511,-0.170187,0.023703,0.612541,-0.765825,0.360847,-0.366422,0.353726,-0.184503,-0.02875,-0.510243,0.381908,-0.427529,-0.990495,0.369841,-0.516863,0.564057,-0.160125,0.167016,0.029937,0.327313,-0.108781,-0.49702,0.128596,0.178866,#
14,0.261437,-0.093278,0.030897,0.239928,-0.042887,0.794465,0.399992,-0.11716,-0.093278,0.167147,-0.385507,0.118266,0.110355,-0.029655,1.0,-0.092012,0.077481,0.195984,0.193168,0.04455,-0.404374,-0.463129,0.07058,-0.010769,9.7e-05,0.639671,-0.315126,-0.081377,0.580868,-0.359573,0.195984,0.281966,0.399992,0.099431,-0.466947,0.083582,-0.223724,-0.320147,0.120265,-0.12179,-0.22606,-0.382792,-0.298008,0.228664,0.28537,-0.60026,0.107176,-0.1835,0.014472,-0.273626,-0.020245,-0.455079,-0.233931,-0.055268,-0.460638,-0.112105,-0.069186,0.167147,0.083224,-0.100318,-0.074384,0.079012,-0.162149,0.360313,-0.51076,-0.269359,0.099325,0.290068,0.0994,-0.282583,-0.223724,0.364825,-0.612078,0.246213,0.28537,-0.319281,-0.178564,0.150325,-0.602475,0.595308,0.264298,-0.241177,-0.03149,-0.106647,0.089044,-0.008001,0.329226,0.07579,0.543045,0.00893,-0.178564,-0.426475,-0.006323,-0.283298,-0.03593,0.003584,-0.202431,0.08652,-0.092114,0.071883,0.597787,0.321215,-0.02213,-0.586621,-0.118346,0.158902,-0.417316,0.187363,0.246213,0.408052,-0.021172,-0.12179,0.19121,0.097889,0.381031,0.285604,0.089044,0.241714,-0.39473,-0.166587,0.089044,-0.408052,-0.103813,0.28537,0.295891,0.219561,-0.106647,-0.456915,-0.296826,0.264298,-0.419455,-0.253121,-0.02213,0.094682,-0.02213,0.005088,0.2587,-0.602475,0.648096,0.158902,0.543045,-0.187111,0.2587,0.315487,-0.006323,0.128171,0.408052,0.288943,-0.531834,-0.126237,0.142364,-0.268608,-0.141,0.408052,0.056149,0.241714,0.095373,-0.025535,0.428846,0.409751,0.01295,0.110235,0.2587,-0.283298,-0.39473,0.38959,-0.373104,0.346973,0.549459,0.0,-0.107617,-0.044317,0.0,0.07441,-0.188425,-0.241177,0.054768,-0.134468,-0.088715,-0.281655,0.224988,0.223726,-0.171864,-0.375413,0.555565,-0.347995,0.170518,0.044134,-0.013985,-0.158573,-0.421337,0.389928,-0.02413,-0.093744,-0.673367,0.660989,-0.392332,0.08652,-0.513095,-0.012038,#
15,-0.408162,0.345398,0.297044,-0.407434,-0.499814,-0.208944,-0.650944,0.409431,0.345398,0.428055,-0.49988,-0.327248,0.268054,0.438923,-0.092012,1.0,0.191443,0.357217,-0.402666,0.551971,0.011807,-0.004098,-0.365528,-0.499814,2.9e-05,-0.400439,0.216066,0.387654,-0.088595,-0.327259,0.357217,-0.616149,0.195284,0.204397,-0.353423,-0.327248,0.141019,0.205231,-0.324594,-0.24994,0.140049,-0.069338,-0.608919,-0.543075,-0.166667,-0.407824,-0.397317,-0.030137,0.015264,0.421325,-0.499817,-0.260097,0.4219,0.378569,0.285719,0.432665,0.424054,-0.612078,-0.343857,0.404855,0.315758,-0.332544,0.376147,0.288676,0.324375,0.199205,-0.326222,0.426644,-0.410206,0.013563,0.141019,0.048346,-0.25,0.641097,-0.166667,0.172642,-0.408034,-0.077244,0.116563,-0.077244,0.124184,-0.082359,0.029371,0.362613,-0.327327,-0.5,0.381,0.303235,0.239074,0.029371,-0.408034,0.017228,0.023243,0.229921,0.017228,0.53406,-0.066169,0.294393,0.37199,0.239074,-0.365528,-0.185214,0.023243,0.116563,-0.195452,0.44709,0.023243,0.741215,0.641097,-0.25,0.54548,-0.24994,-0.077244,0.783951,0.25187,-0.164346,-0.327327,-0.408248,0.666686,-0.408248,-0.327327,-0.166667,-0.763233,-0.166667,-0.174312,0.081014,0.362613,0.28341,0.319298,0.124184,0.29921,0.436963,-0.49973,-0.383277,0.023243,0.522323,-0.166667,0.116563,-0.340957,0.44709,0.239074,0.418965,-0.166667,0.205231,0.023243,0.401354,-0.25,0.340049,0.362613,0.392657,-0.611491,0.456879,0.669519,-0.25,0.303235,-0.408248,0.441484,0.286411,0.023243,0.017228,0.062252,-0.077135,-0.166667,0.229921,0.666686,0.080351,-0.327154,0.445761,0.466272,0.0,-0.735914,-0.149255,0.0,0.312911,-0.362817,0.44709,0.239074,-0.191854,0.360086,-0.082359,0.151862,-0.370313,0.557929,-0.276818,-0.045181,0.261864,0.450528,-0.342019,-0.499422,0.155647,0.294393,-0.197707,-0.459492,0.350552,-0.094252,0.164517,-0.517882,0.294393,0.373482,0.53406,#
16,-0.065595,0.4328,-0.274858,-0.533004,0.242731,0.4328,0.226391,0.051487,0.4328,0.077481,-0.203885,-0.428104,0.328896,0.142382,0.077481,0.191443,1.0,-0.239354,0.487403,-0.213785,-0.214352,0.284894,-0.196715,-0.214352,-2.4e-05,-0.037775,0.323036,0.201972,0.083262,0.558203,-0.239354,0.230646,0.226391,0.083478,-0.076649,0.065497,0.496232,0.370932,-0.424633,-0.32697,-0.525996,-0.522119,0.116182,0.187359,-0.218033,-0.06878,0.003622,0.588021,0.216602,0.533421,-0.200344,-0.542545,-0.362791,0.572184,-0.264379,0.058428,-0.499787,-0.35396,0.43627,0.036405,0.448781,-0.378622,0.009806,-0.525017,0.163528,0.216106,0.104932,0.118329,0.003739,0.199503,0.496232,0.248357,0.231327,-0.098559,-0.218033,0.280935,-0.058303,-0.800632,-0.065086,-0.356995,-0.092267,0.111871,-0.233351,-0.028326,-0.428208,-0.654098,-0.068888,0.332189,0.041754,0.205236,-0.058303,-0.191841,-0.653745,-0.469512,-0.191841,-0.224823,0.138,-0.192218,-0.527273,-0.427982,0.328896,0.424069,-0.653745,-0.065086,-0.491062,-0.36114,-0.653745,-0.040486,-0.098559,-0.327049,0.195155,0.220326,-0.356995,0.032892,-0.53597,-0.548503,-0.428208,-0.534069,0.127632,-0.534069,-0.428208,-0.218033,-0.487053,-0.218033,0.009806,-0.16661,-0.028326,0.590044,-0.273164,-0.092267,0.310421,0.103173,-0.186519,-0.749809,-0.653745,0.226801,0.526469,-0.065086,0.206701,-0.36114,0.041754,0.037674,-0.218033,0.370932,-0.653745,0.21325,-0.327049,0.513207,-0.028326,-0.326882,0.110562,0.067588,0.315097,-0.327049,0.332189,-0.534069,-0.133822,0.557453,-0.219893,0.236916,-0.066115,0.101666,-0.218033,-0.469512,0.127632,0.297397,0.077888,0.561808,0.04921,0.0,0.046265,-0.412205,0.0,-0.24078,0.438854,-0.36114,-0.427982,0.811715,0.485154,-0.327353,0.832619,-0.016274,0.387192,0.596194,0.587556,-0.030507,0.136251,-0.198986,-0.188566,0.418823,-0.192218,0.293335,0.295081,0.472572,-0.221617,0.366643,0.266126,-0.192218,-0.378797,-0.224823,#
17,-0.220902,0.1236,-0.049518,0.435796,-0.475577,0.254163,-0.235186,0.258098,0.14536,0.093909,-0.165317,0.202133,0.347199,-0.084617,0.195984,0.357217,-0.239354,1.0,-0.275437,0.588848,0.473167,-0.60976,-0.200958,-0.596881,0.0,-0.159036,-0.246984,0.207195,0.068227,-0.795984,1.0,-0.190601,0.663039,-0.140187,-0.479903,0.219483,-0.477013,-0.383789,0.193676,-0.319117,0.293252,0.452911,-0.495512,-0.156582,0.238145,-0.20302,-0.099639,-0.59365,0.08646,-0.306689,-0.072533,0.194355,0.066312,0.175721,0.488445,0.276549,0.29002,-0.478528,-0.339249,0.265451,-0.322269,-0.287846,0.326786,-0.041249,-0.088725,-0.217545,-0.295155,0.781562,-0.031101,-0.274088,-0.477013,-0.286189,-0.433764,0.562713,0.238145,-0.284441,-0.202792,0.606439,-0.07019,0.606439,0.02897,0.092463,0.071944,0.823133,-0.133631,-0.08165,0.395338,-0.148849,0.445628,-0.437661,0.330744,0.070332,0.048631,0.662919,0.588444,0.574377,0.090863,0.970278,0.236805,0.445628,-0.200958,-0.271164,0.572899,0.354521,0.689824,0.731295,-0.072354,0.544936,0.582937,0.357217,0.079363,-0.969357,0.090966,0.467469,-0.001977,0.284478,-0.133631,0.020833,0.595376,-0.104167,-0.133631,0.034021,0.112951,0.238145,0.191952,-0.111248,0.389233,-0.494624,0.454198,0.02897,-0.055524,0.64577,0.062865,-0.254267,0.169616,0.491373,-0.646393,-0.07019,0.226192,0.323019,0.445628,0.773576,0.204124,-0.189192,0.048631,-0.317019,0.331702,-0.222119,0.128894,0.332261,-0.431976,-0.310059,0.468566,0.331702,0.50255,0.020833,0.252329,-0.045936,0.048631,0.468879,0.653514,0.239811,0.204124,0.662919,0.595376,-0.092942,0.199056,0.291169,0.374609,0.0,-0.461065,-0.165874,0.0,-0.17825,-0.70828,0.200536,0.445628,-0.40102,0.142844,0.214946,-0.166619,-0.527702,-0.556621,-0.764234,0.11594,0.161602,0.193257,-0.160425,0.070795,0.226371,0.471948,-0.459057,-0.546908,0.253199,-0.088796,-0.055539,-0.568899,0.471948,-0.009998,0.574377,#
18,0.174138,0.521249,-0.645553,-0.275062,0.460039,0.521249,0.260998,-0.392867,0.137655,-0.166708,-0.011022,-0.148412,-0.046765,0.033565,0.193168,-0.402666,0.487403,-0.275437,1.0,-0.435753,-0.012678,0.430824,0.39166,0.000809,5.2e-05,0.512519,-0.308872,-0.402562,0.200934,0.475489,-0.275437,0.188513,0.260998,0.002802,0.385642,0.343867,-0.07318,0.231867,0.26868,-0.40257,0.00031,-0.466916,0.28178,0.053507,-0.268444,-0.193381,0.15561,0.21224,-0.363146,-0.065791,0.34645,-0.418929,-0.638333,-0.014928,-0.696416,-0.064701,-0.464578,0.193168,0.444511,-0.155139,0.15656,0.29024,-0.412806,-0.544101,-0.044464,0.238933,0.025229,-0.032616,0.172707,-0.277951,-0.07318,0.245916,0.154213,-0.30059,-0.268444,0.311877,0.523252,-0.276115,0.166773,-0.276115,-0.295469,-0.15382,-0.010065,-0.34473,-0.134608,-0.102808,-0.368851,0.370885,-0.142083,-0.369398,0.178741,0.007085,-0.110917,-0.494752,0.007085,-0.453416,-0.128221,-0.174214,-0.475778,-0.142083,0.39166,0.493986,-0.449444,-0.189742,0.029817,-0.625562,-0.110917,-0.423853,-0.657105,-0.402667,-0.01929,0.164253,-0.639585,-0.526946,-0.528842,-0.04393,-0.134608,-0.290302,-0.282733,-0.290302,-0.134608,-0.268444,0.040323,-0.268444,-0.035527,-0.534564,-0.34473,-0.046133,-0.659438,-0.295469,-0.454894,-0.518118,0.016528,-0.156248,-0.449444,-0.018678,0.502619,0.166773,0.606755,-0.625562,-0.142083,-0.450963,0.331272,0.231867,-0.110917,-0.083124,0.047121,0.102549,0.019497,0.034252,0.655578,-0.182191,0.110418,0.047121,-0.049732,-0.290302,-0.087535,0.259167,-0.110917,0.341636,0.281603,0.29362,0.331272,-0.494752,-0.282733,0.341673,0.36243,0.4681,-0.20158,0.0,0.582543,-0.149469,0.0,-0.198007,0.636372,-0.625562,-0.142083,0.716647,0.141095,-0.15382,0.600223,-0.160665,-0.126669,0.479064,0.28998,-0.090574,-0.121277,0.385541,0.033517,0.16513,-0.592527,0.618812,0.457537,0.170727,0.266846,0.477489,0.193355,-0.174214,-0.404533,-0.453416,#
19,-0.483205,0.189189,0.552915,0.391344,-0.182093,-0.172284,-0.396544,-0.005434,0.206369,0.399791,-0.678643,-0.306229,-0.015316,0.127981,0.04455,0.551971,-0.213785,0.588848,-0.435753,1.0,0.151522,-0.570765,-0.448095,-0.261374,2.4e-05,-0.057941,-0.330303,0.433455,0.377324,-0.648712,0.588848,-0.344575,0.312619,-0.202913,-0.656827,-0.203491,-0.403882,-0.483532,0.18148,0.017929,0.316202,0.063694,-0.423289,-0.374702,-0.330377,-0.473083,-0.691538,-0.668073,-0.143472,0.069054,-0.188412,0.124778,-0.020058,0.438268,0.422475,-0.248838,0.300204,-0.487988,-0.022397,0.009688,-0.608908,-0.249443,0.23516,0.241917,0.411935,-0.38685,-0.305638,0.367941,-0.43065,0.085903,-0.403882,-0.226953,-0.495565,0.469631,-0.330377,0.265709,-0.403795,0.390791,0.030056,0.390791,0.042219,-0.0438,0.177504,0.647257,-0.209249,0.153101,0.682583,-0.391419,0.256928,-0.224838,-0.079768,-0.163901,-0.15433,0.346145,0.245157,0.583879,-0.067182,0.501404,0.665238,0.256928,-0.448095,-0.132467,0.577987,-0.049781,0.189705,0.818936,0.164069,0.403308,0.485598,0.028203,0.601523,-0.495446,-0.016183,0.282626,0.388426,0.275983,-0.209249,0.029607,0.367991,-0.069083,-0.209249,0.206821,-0.27573,-0.330377,-0.226141,0.413405,0.304686,-0.334563,0.516348,0.042219,0.197119,0.400459,-0.178678,-0.069361,0.259589,-0.133952,-0.330377,0.030056,-0.11755,0.496595,0.256928,0.553256,0.341121,-0.329895,-0.15433,-0.050902,0.008058,-0.366627,0.201915,0.53213,-0.80152,0.415103,0.505393,0.008058,0.518479,0.029607,0.697772,0.105064,-0.15433,-0.163901,0.130566,0.06512,0.341121,0.346145,0.367991,0.144169,0.127146,-0.028222,0.528321,0.0,-0.720169,0.278758,0.0,0.537006,-0.794679,0.399893,0.705081,-0.468115,0.215044,0.052902,-0.35059,-0.345577,-0.011239,-0.627912,-0.321524,-0.039356,0.396917,-0.410583,-0.16388,-0.045778,0.501404,-0.486165,-0.551005,0.634588,-0.148858,0.10789,-0.318252,0.107965,0.514379,0.992937,#
20,-0.004303,0.203194,-0.01247,0.386758,-0.209343,-0.216351,-0.353531,-0.034502,-0.216351,-0.404374,0.190752,0.216166,0.01803,-0.158921,-0.404374,0.011807,-0.214352,0.473167,-0.012678,0.151522,1.0,-0.169458,0.01803,-0.612044,-2.4e-05,-0.509373,-0.286685,-0.017906,-0.431334,-0.219788,0.473167,-0.270387,0.339185,0.216226,0.380344,-0.219378,-0.477604,0.160705,0.235445,-0.499694,0.368893,0.248868,-0.348881,-0.379904,0.348952,0.395291,-0.180491,-0.27256,-0.202859,-0.394075,-0.215515,0.531772,-0.012951,0.162947,0.430668,0.15982,0.260071,-0.010769,-0.472815,0.230018,-0.202415,-0.217549,0.145796,-0.331739,-0.246127,0.319864,0.179186,0.336332,0.090406,0.272657,-0.477604,-0.502416,-0.007871,0.409195,0.348952,-0.336226,-0.00121,0.422698,0.416535,-0.01506,-0.008658,0.390063,0.62928,0.650158,0.221572,-0.212519,0.235912,0.036825,0.204618,-0.196505,0.805897,0.614815,0.222101,0.345054,0.614815,0.592215,0.363913,0.502662,-0.217067,0.668129,-0.500615,-0.639738,0.610869,0.822061,0.668271,0.406732,0.20655,0.343722,0.019267,0.011807,0.206272,-0.499694,-0.412596,0.230205,-0.298593,0.309942,0.221572,0.003213,0.335843,0.404883,0.221572,0.322715,0.218271,0.348952,-0.304806,-0.100056,0.231876,0.032346,0.402744,-0.008658,0.204252,0.414101,0.205635,0.056439,0.222101,0.216645,-0.333209,0.416535,-0.074952,0.01315,0.204618,0.56181,0.322715,-0.464606,0.222101,-0.021701,0.50375,-0.62685,0.215145,0.504055,0.020385,0.009247,0.380558,0.50375,0.519866,0.003213,-0.013403,-0.275462,-0.206001,0.19174,0.729251,0.445454,0.322715,0.345054,0.335843,-0.252557,0.633464,0.168915,0.037265,0.0,0.23663,-0.235743,0.0,-0.483312,-0.388903,0.406732,0.230369,0.007852,-0.220753,0.429884,-0.38569,-0.452173,-0.409508,-0.200455,-0.397181,0.530245,0.39758,0.051665,0.217952,-0.012455,0.502662,-0.493824,-0.588554,0.191979,0.338292,-0.386288,-0.285555,0.022268,0.30332,0.192644,#
