0,1.0,0.090398,0.110922,0.159934,0.526471,0.587793,-0.032906,-0.029296,-0.108447,0.415396,-0.022003,-0.249396,0.457475,0.179199,0.071844,-0.49812,0.213412,0.336424,-0.121258,-0.324011,-0.320422,-0.400567,0.472493,-0.010559,-0.249461,-0.234822,-0.295472,-0.141307,-0.111808,-0.166307,0.33087,0.295227,-0.166307,-0.326323,-0.759229,-0.404689,0.224861,0.273559,0.4661,-0.407097,-0.406712,0.495209,0.278938,0.327731,0.042293,-0.286116,0.472493,0.202085,-0.242119,0.243146,0.151251,0.344242,0.487591,-0.364283,0.209829,0.327643,0.138647,0.223947,-0.74391,0.125241,0.143369,0.57192,0.190677,-0.367736,-0.241437,0.170589,0.349896,0.200233,0.080452,0.354492,0.243882,0.298708,-0.166307,0.213098,-0.184815,0.232313,0.116312,-0.249334,0.303714,0.017191,-0.199631,0.368825,-0.066989,0.597308,-0.339846,0.303714,-0.608122,-0.056658,0.123917,-0.27808,-0.27425,0.286998,0.01133,0.387041,0.505594,0.057147,0.139352,0.470649,0.470649,-0.498527,-0.046613,-0.407167,0.368825,0.048204,0.017191,0.155332,-0.204201,-0.042537,-0.61043,-0.325323,0.48054,0.0,0.303714,-0.326449,-0.290919,-0.407167,-0.061992,-0.168273,0.294548,-0.606243,0.037088,-0.189479,0.107965,-0.326449,-0.734952,0.387041,-0.326449,0.185986,0.294286,-0.326455,0.368825,-0.248183,0.196636,0.238519,0.088521,-0.051462,0.397834,0.01133,-0.470691,-0.184815,0.410877,-0.339846,-0.326455,-0.177095,0.188006,0.137443,-0.326449,0.148934,0.294548,0.397395,-0.441601,0.118463,0.238559,0.582022,-0.752378,0.037088,0.442247,0.07914,-0.757645,0.319536,-0.572117,0.451048,-0.249461,0.303714,0.278226,-0.179332,0.616316,-0.142748,0.155332,-0.405457,0.011042,-0.204699,0.116312,0.359304,0.031432,0.213098,0.730775,-0.417163,0.136462,-0.285376,-0.290033,0.159805,-0.366317,-0.212374,-0.21001,-0.247604,0.119322,0.196636,-0.177533,0.595123,0.278226,-0.438891,0.029742,-0.132678,0.21612,-0.326381,-0.170106,-0.618978,-0.152023,0.238559,#
1,0.090398,1.0,0.136017,0.321826,-0.061946,-0.222849,0.058734,0.065354,0.200341,0.693429,0.045578,-0.405182,0.486106,0.377411,0.198427,0.086025,-0.529818,0.616671,0.732157,0.473053,0.262518,0.431912,0.045523,-0.031754,-0.405287,0.074001,0.492303,0.186712,0.19251,0.29721,-0.545807,0.090011,0.432306,0.339571,-0.336212,-0.358563,0.340365,-0.089841,-0.403385,-0.66139,0.188885,0.438802,0.459508,-0.297093,-0.412816,-0.69082,0.377458,0.505091,0.677603,0.417318,0.274995,0.232253,-0.402306,0.157564,-0.227862,0.083242,-0.258399,-0.302068,0.312658,-0.229555,0.157778,0.436108,-0.46313,0.455907,0.098872,0.317122,0.648276,0.504249,0.129857,0.377317,-0.059892,0.106478,0.432306,0.341552,0.044521,0.320428,-0.202194,-0.40508,0.116852,-0.357487,-0.382102,0.220277,0.029751,0.101688,-0.16094,0.116852,-0.613894,0.419184,0.146677,0.474464,0.489318,-0.439567,-0.362635,0.149636,-0.013806,0.631342,0.202774,-0.073327,-0.073327,-0.477581,0.057217,-0.661503,-0.590611,-0.420945,-0.809932,0.407198,-0.747955,-0.605189,-0.654545,-0.116278,0.434079,0.0,0.489318,-0.530365,0.039466,0.123915,-0.081845,-0.131426,0.474464,-0.281827,0.202955,0.033862,0.169284,-0.530365,0.195676,0.2758,-0.530365,0.06728,0.785396,-0.044031,0.220277,0.073311,-0.141625,0.587463,-0.465765,0.434079,-0.40519,-0.034055,0.461583,-0.458671,-0.405287,-0.16094,-0.530376,-0.527936,-0.152175,0.618329,-0.166249,0.113925,-0.396937,-0.191827,-0.232823,0.186291,-0.034678,0.215757,0.169284,0.202955,0.375578,0.397415,0.023397,0.10556,-0.281945,-0.404301,0.020264,0.489318,0.050004,0.626031,0.432306,0.210962,-0.097644,0.177569,-0.822374,0.246741,-0.202194,-0.131426,0.186982,0.341552,0.407198,0.120376,-0.081491,-0.067762,0.118474,0.144293,-0.540202,-0.428244,-0.263206,-0.110925,-0.25401,-0.141625,-0.267733,0.19815,-0.314314,0.110681,0.120058,-0.297178,-0.364838,-0.530254,0.626769,-0.490434,-0.064833,-0.166249,#
2,0.110922,0.136017,1.0,0.29403,0.366379,-0.288774,0.041028,0.047566,-0.655353,0.202658,-0.385306,-0.40764,-0.013848,-0.533742,-0.665436,-0.364803,0.351725,0.133418,-0.100861,-0.027939,0.285607,0.140615,-0.447223,0.0,-0.407746,0.090631,0.098599,-0.589331,-0.657839,0.381608,-0.087598,-0.303221,-0.271831,0.37809,-0.320469,-0.317226,0.405722,-0.088192,0.605356,-0.216256,-0.228952,0.013237,0.378305,-0.370128,0.020032,0.379635,-0.064955,0.539496,-0.156755,-0.174782,0.208757,0.068556,0.006571,0.299131,-0.046583,0.019222,-0.368628,0.033197,-0.431884,-0.366052,0.376946,-0.266652,-0.351425,-0.064664,-0.194456,0.155698,-0.407631,0.145468,-0.210112,-0.096916,-0.058573,-0.084133,-0.271831,0.466001,0.098557,0.48789,0.167262,0.136592,-0.319134,0.443266,0.065887,0.698636,0.060439,0.146313,0.451384,-0.319134,-0.543014,0.080735,0.5735,-0.326588,-0.319134,-0.396345,0.428977,-0.1896,-0.408115,-0.19366,0.203967,0.416395,-0.031322,0.005584,-0.250922,-0.227487,-0.14907,0.055116,-0.432099,-0.044617,0.114562,0.106201,-0.165378,-0.034768,0.034745,0.0,0.10981,-0.533583,0.1255,0.593593,0.015107,-0.548721,0.098397,-0.131505,-0.214484,0.569778,0.331127,-0.054069,-0.368806,0.32792,-0.533583,0.159302,0.325111,0.407359,0.246402,0.168787,-0.11232,-0.046534,0.298782,-0.360087,0.61224,0.374665,-0.410242,-0.388218,0.082333,0.451384,-0.063117,0.07811,0.422976,0.024229,-0.114255,0.504812,-0.326588,-0.123393,-0.575527,0.349521,0.36526,0.191607,-0.307389,-0.214484,0.005687,-0.239262,0.136395,-0.407512,0.244772,0.112689,0.082333,0.10981,0.556387,-0.139011,-0.271831,-0.127577,-0.044617,-0.213888,0.02116,-0.379206,0.167262,0.290575,-0.653972,0.466001,0.382457,0.183185,-0.494233,0.304066,-0.371174,0.218409,-0.062886,0.096957,-0.219097,0.262535,0.198273,-0.11232,-0.196084,0.206978,0.136826,0.192726,0.20131,0.218746,0.023902,-0.533471,-0.126325,0.314293,0.149726,0.305074,#
3,0.159934,0.321826,0.29403,1.0,0.287877,-0.461452,-0.279081,-0.331771,-0.317514,0.428227,0.363774,0.097949,-0.307859,-0.499856,-0.422482,0.341703,0.170678,0.514678,0.449651,-0.338188,0.25832,-0.28252,-0.346127,0.286304,0.162187,0.510695,-0.245262,-0.360375,-0.313412,0.0865,-0.123672,-0.265158,0.12975,0.254591,-0.225652,-0.520793,-0.130397,0.196854,0.158619,0.240324,-0.431625,-0.323292,0.655815,-0.241114,0.336775,-0.272774,-0.371428,-0.258339,-0.067305,-0.246983,-0.15121,0.563834,-0.369032,0.595072,0.605471,0.234972,-0.124586,-0.248341,-0.172242,-0.137585,0.030959,0.098533,-0.261134,-0.032463,-0.129706,-0.291388,0.19457,-0.162153,-0.224802,0.359261,-0.208813,0.679164,0.12975,0.709421,0.480629,-0.040786,-0.414399,0.163031,0.507698,0.314431,-0.274182,0.424968,0.389918,0.210182,-0.233173,-0.27389,-0.322438,0.414437,0.240926,-0.238269,0.507698,-0.31803,0.34033,-0.31154,0.280984,0.318211,0.291495,0.285055,-0.402431,0.287608,-0.305295,-0.405655,0.371077,0.314969,-0.409804,0.256068,-0.239774,-0.360312,-0.334128,0.19628,-0.330509,0.0,0.507698,0.171425,-0.21868,0.319155,0.337315,-0.288124,-0.210139,0.366832,0.318743,0.537109,-0.096954,0.171425,-0.134237,0.449305,0.171425,-0.138467,0.414192,0.256296,0.424968,0.193627,-0.226701,-0.139691,-0.165955,0.388925,0.162784,-0.324123,0.118334,-0.324838,0.12975,0.646868,0.200231,-0.347971,-0.156195,0.620173,0.19918,-0.330834,-0.239923,0.367206,-0.242149,0.9823,0.228567,0.292472,-0.139216,-0.398429,-0.346775,-0.349881,-0.197033,0.161112,-0.395106,0.15977,0.097312,-0.27389,-0.225427,0.399818,0.12975,0.370905,0.226138,-0.371343,-0.388856,0.075557,-0.414399,0.451242,-0.41689,-0.175937,0.256068,-0.349751,-0.476482,0.608943,-0.670214,-0.067933,0.150225,0.435728,0.096226,0.320642,0.250619,-0.226701,0.346464,-0.379579,-0.253197,0.216351,-0.394471,0.164527,-0.277216,-0.551711,-0.211041,-0.173354,-0.261919,-0.564887,#
4,0.526471,-0.061946,0.366379,0.287877,1.0,0.01169,-0.146101,0.224002,-0.459762,-0.065981,-0.126297,-0.014167,-0.202549,-0.190557,-0.375502,-0.620615,0.676771,0.136157,-0.382723,-0.645729,-0.353591,0.054115,-0.190241,0.616572,-0.497156,0.218905,0.200918,-0.020295,-0.464928,0.243784,0.480058,-0.084043,-0.331437,-0.264583,-0.619882,-0.107677,-0.017171,-0.202464,0.523982,0.028161,-0.404561,-0.176272,0.437907,-0.160305,-0.152196,-0.039632,0.14627,0.214441,-0.524715,-0.122382,0.223879,-0.210201,0.247359,-0.2619,0.525837,-0.321859,-0.306462,0.072495,-0.505501,-0.296477,-0.23869,0.353483,0.414348,-0.002138,-0.093527,0.479817,0.048329,0.064737,-0.033838,0.004286,0.075106,-0.047381,-0.331437,0.004073,-0.28015,0.065203,-0.420497,0.052213,-0.207098,0.218298,-0.311539,0.392698,-0.159007,0.778972,-0.019889,-0.207098,-0.36009,-0.13893,0.328594,-0.271311,-0.26104,0.142976,0.204531,-0.040751,0.239741,-0.387469,-0.401857,0.992938,0.147227,0.170165,-0.445196,-0.369408,0.442432,0.218137,-0.223394,-0.211776,-0.208217,-0.148828,-0.035907,0.290414,-0.187318,0.0,0.170501,-0.228718,0.177275,-0.032209,0.191124,-0.419409,-0.271311,0.010776,-0.406554,-0.227819,-0.337566,0.255189,-0.339413,0.069305,-0.228718,-0.245437,-0.070672,-0.175813,-0.063678,0.085098,-0.095876,-0.323997,0.265741,-0.584542,0.530704,-0.279737,-0.302153,-0.28015,-0.004109,-0.019889,0.238103,-0.109405,-0.038745,0.000396,-0.281452,0.001431,-0.15499,0.491189,0.004073,0.326455,-0.228718,0.001182,-0.337566,-0.406554,0.178348,-0.646879,-0.659103,0.020781,0.150768,0.026642,0.427307,0.170501,0.191291,-0.031032,0.380742,0.425869,0.281069,-0.808042,0.213971,-0.497128,-0.420497,0.032441,-0.408004,0.004073,0.217884,-0.438606,-0.20665,-0.154144,-0.513864,-0.397541,0.222539,0.172619,-0.341118,0.459096,0.011432,-0.095876,0.452995,0.024589,0.244053,0.373627,0.389052,0.320075,0.571303,-0.239948,-0.425055,-0.367798,-0.640992,0.140416,#
5,0.587793,-0.222849,-0.288774,-0.461452,0.01169,1.0,0.041939,0.048481,0.316312,0.224665,-0.002871,0.102076,0.401965,0.39675,0.607752,-0.421202,-0.141045,-0.355502,-0.227912,-0.13172,-0.52354,-0.387798,0.421039,0.000639,0.091909,-0.364403,-0.333015,0.283518,0.323908,-0.271731,0.434127,0.509967,-0.271731,-0.53318,-0.335667,-0.174027,-0.090657,0.338059,0.113093,-0.257586,-0.202557,0.435503,-0.5874,0.540273,-0.029055,-0.012848,0.421039,0.082658,0.0987,0.446149,-0.335509,0.080253,0.812132,-0.655889,-0.172394,0.234398,0.284858,0.428717,-0.336699,0.268709,0.194105,0.404687,0.337457,-0.10494,0.108333,-0.032323,0.122907,-0.046462,-0.176785,0.16228,0.417895,-0.070524,-0.271731,-0.16104,-0.388742,-0.145711,0.563607,0.077598,0.046703,-0.049934,0.074549,0.188166,-0.042535,0.136862,-0.090808,0.546647,-0.132028,-0.421722,-0.279599,-0.317785,-0.373003,0.518662,-0.444306,0.269812,0.401184,0.165275,0.145193,-0.040375,0.815005,-0.424438,0.215318,0.1716,0.188166,-0.413498,0.396167,0.328565,0.063834,0.320837,-0.149002,-0.531546,0.429129,0.0,-0.390491,-0.105993,-0.341634,-0.665271,-0.033578,0.249965,0.098047,-0.581903,0.129504,-0.395589,0.251437,-0.105993,-0.380351,0.210989,-0.105993,0.329154,-0.209503,-0.11406,0.188166,-0.405507,0.377832,0.450578,0.219395,-0.014961,0.062511,-0.003267,-0.25351,0.107394,0.571433,-0.653728,-0.533397,-0.105638,0.363306,-0.277046,-0.105993,0.083302,0.531205,0.22326,-0.070149,-0.480959,0.304304,0.532213,-0.373327,0.588244,0.375893,0.347126,-0.324174,0.610438,-0.439899,0.101651,-0.407596,0.109453,0.503899,-0.610545,0.420916,-0.185499,0.328565,-0.205012,0.383025,-0.120794,0.563607,0.176722,0.602243,0.40528,0.311153,-0.25074,0.336792,-0.565909,0.099556,0.297929,-0.116681,-0.406517,-0.299884,-0.452344,0.137747,0.377832,-0.247594,0.56882,0.503899,-0.688774,0.154509,-0.567074,0.025272,-0.052044,-0.172704,-0.399659,0.158491,0.365647,#
6,-0.032906,0.058734,0.041028,-0.279081,-0.146101,0.041939,1.0,0.64835,0.048592,-0.334268,0.17882,-0.499463,0.252429,0.233872,0.025494,-0.185701,-0.19942,-0.180095,0.015545,0.218618,0.303008,0.235887,0.210134,-0.189952,-0.022882,0.234718,0.192759,-0.380373,0.040187,-0.333062,-0.05863,-0.087261,-0.333062,0.201506,0.271601,0.05313,0.53582,-0.65358,-0.046705,-0.005601,0.050307,0.241243,0.035302,0.227436,-0.201846,0.050463,-0.161706,0.39942,0.261665,-0.365607,0.468544,0.187184,0.216076,-0.514141,-0.508947,0.247874,0.398121,0.334128,0.303567,0.416233,0.309097,0.381115,-0.377795,0.061373,0.304222,0.079523,0.006733,-0.261887,-0.015116,-0.378619,0.054273,0.016444,-0.333062,0.042704,-0.606874,0.481919,0.048899,0.010346,-0.190263,-0.162676,-0.168045,0.018736,0.595168,-0.428916,-0.392091,-0.15492,0.049372,0.630488,-0.376985,0.271476,-0.190263,-0.213109,0.217558,0.026596,-0.610784,0.035156,-0.362812,-0.205655,-0.189525,-0.194212,0.659097,0.415472,-0.013849,-0.143887,-0.178444,0.228629,0.263646,-0.069396,0.02533,-0.186006,0.259897,0.0,-0.190263,-0.221892,0.67399,0.415472,0.183596,0.426214,0.271476,-0.371732,0.403664,-0.162215,0.421762,-0.204617,0.396178,0.043162,-0.221892,0.295744,0.03466,0.244547,0.002444,0.041046,0.033261,-0.254665,0.382073,0.227365,0.005906,0.233147,0.10129,-0.606874,-0.499593,-0.431886,0.210647,0.468288,0.530256,-0.437851,-0.221892,0.73087,0.253968,-0.396369,0.042704,-0.271488,-0.187341,0.010243,0.421762,0.436094,-0.205287,0.023208,0.291863,-0.018827,0.286686,-0.052548,-0.499593,-0.15492,0.260138,0.016202,0.327977,-0.404183,0.211035,0.465426,-0.185346,-0.358464,0.048899,0.410083,0.037075,0.08274,0.228629,0.416248,0.672987,-0.552502,0.065242,0.416915,-0.200528,-0.655362,0.35148,-0.654141,-0.394279,0.033261,-0.098842,0.448717,0.260138,-0.38325,0.421565,-0.349444,0.228256,0.230883,0.427615,-0.204541,-0.069141,-0.187341,#
7,-0.029296,0.065354,0.047566,-0.331771,0.224002,0.048481,0.64835,1.0,-0.333222,-0.327187,-0.1871,-0.047783,0.261792,0.240472,0.031931,-0.208863,0.2108,-0.265118,-0.355621,0.225076,-0.165557,0.640243,-0.155127,0.184785,-0.499115,0.198402,0.61467,0.009578,-0.339216,-0.332743,-0.158185,0.390514,-0.332743,-0.189448,0.235035,0.028252,0.038967,-0.652955,-0.043198,-0.030074,0.43627,0.250532,-0.006088,-0.170311,-0.588487,0.144812,-0.155127,0.413362,0.046726,0.083307,0.445447,-0.215364,0.225202,-0.616487,-0.534605,-0.181454,0.350958,0.309513,0.255796,0.393217,-0.341359,0.361738,-0.254111,0.519495,0.723244,0.543867,0.010617,0.157095,-0.045562,-0.754935,0.536277,-0.080079,-0.332743,-0.445591,-0.64048,-0.011703,0.055493,0.014253,-0.221391,0.203721,-0.197788,0.028248,0.210499,-0.043956,0.074561,0.258949,0.020899,0.23808,-0.002725,0.243828,-0.221391,-0.243799,0.190075,-0.380787,-0.226078,0.041639,-0.359005,0.168698,-0.183132,-0.224887,0.555578,0.027361,-0.042828,-0.24297,-0.209012,0.235186,0.237135,-0.481651,-0.002684,0.226312,0.269288,0.0,-0.221391,-0.258941,0.649957,0.027361,-0.208537,0.400572,-0.155697,-0.403702,0.004534,-0.589071,-0.214801,0.19324,0.345271,0.05281,-0.258941,-0.363189,-0.314332,0.251216,-0.398207,0.045141,0.002218,-0.244986,0.345945,-0.172854,0.009784,-0.149967,-0.107607,-0.64048,-0.499115,-0.466285,0.177273,0.102966,0.053922,-0.352192,-0.65315,0.388714,-0.173324,-0.007494,0.011196,-0.312911,-0.183578,0.016572,0.385465,0.445286,-0.199036,-0.377584,-0.12817,-0.015116,0.452,-0.497901,-0.038393,0.258949,0.273586,-0.015103,0.332743,-0.030578,0.217474,0.067828,0.17932,-0.416669,0.055493,0.016239,0.017924,0.098523,0.235186,0.018207,0.227304,-0.588991,0.038261,-0.241219,0.192987,-0.691601,-0.297052,-0.233627,-0.415912,0.002218,0.034983,0.432863,0.668013,-0.017139,0.406045,-0.384181,0.19687,0.192936,0.018833,-0.244755,-0.497189,-0.183578,#
8,-0.108447,0.200341,-0.655353,-0.317514,-0.459762,0.316312,0.048592,-0.333222,1.0,0.109696,0.426689,-0.108261,0.090195,0.610858,0.72411,0.005579,-0.794429,-0.05479,0.510581,0.100507,0.007484,-0.152632,0.508247,-0.055759,0.39154,-0.130182,-0.057989,0.566195,0.999722,0.165861,0.170548,-0.122094,0.301812,0.010063,-0.040076,0.238532,0.116879,0.074996,-0.604851,-0.176379,-0.117609,0.060444,-0.385376,0.439941,-0.012556,-0.54237,0.444621,-0.05722,0.600605,0.114242,-0.232797,-0.021537,0.035753,-0.231402,-0.007567,0.054675,-0.121872,-0.121592,0.480334,-0.127635,0.317862,0.321069,0.321397,0.032328,-0.163012,-0.182029,0.45259,-0.203204,0.121678,0.58822,-0.359399,-0.2687,0.301812,-0.006422,-0.175149,0.057265,-0.141671,-0.132194,-0.098903,-0.832207,-0.119131,-0.342381,-0.020864,-0.223838,-0.473229,-0.061106,0.192381,-0.010021,-0.64744,0.339014,0.275922,0.340828,-0.797664,0.58472,-0.007741,0.231819,-0.198412,-0.472937,0.383812,-0.076166,0.034069,0.268246,-0.252358,-0.376128,0.044688,0.067007,-0.49441,0.254041,0.129742,-0.377637,0.039044,0.0,-0.15245,0.085396,-0.110798,-0.235243,0.330969,0.201647,0.339014,0.072719,0.2369,-0.18897,0.33196,-0.376481,0.392099,-0.286307,0.085396,0.501561,0.16512,-0.38439,0.093218,-0.125049,0.071614,0.435141,-0.322962,0.398558,-0.607557,-0.016857,0.704562,0.331231,-0.118278,-0.515788,-0.342094,-0.078909,0.053657,0.003545,0.451818,-0.108965,0.392066,-0.274637,0.57159,-0.407551,-0.376481,-0.185045,0.33196,0.271582,0.424407,0.683296,0.294934,0.410461,-0.257749,-0.129433,-0.179456,-0.114652,-0.139564,0.137765,0.301812,0.113226,0.067007,0.286199,-0.396541,0.331539,-0.141671,-0.264134,0.737658,0.036393,-0.359496,0.219575,0.578719,-0.37936,0.469444,0.355329,-0.366024,-0.149574,0.261766,-0.328923,-0.166703,0.071614,-0.010942,-0.125745,-0.50619,-0.213447,0.233794,-0.242396,-0.023353,0.150867,0.577774,-0.340185,0.24482,0.07,#
9,0.415396,0.693429,0.202658,0.428227,-0.065981,0.224665,-0.334268,-0.327187,0.109696,1.0,0.036931,-0.104859,0.462096,0.124338,0.26591,0.080935,-0.39174,0.452413,0.591565,0.223213,0.012805,-0.141559,0.021517,-0.047915,-0.11494,-0.11851,-0.100536,0.100633,0.115128,0.169673,-0.310491,0.289745,0.306506,0.086188,-0.529007,-0.682821,0.050649,0.528373,-0.071767,-0.589507,-0.129931,0.450841,0.160781,-0.074806,-0.021242,-0.468217,0.357721,0.242776,0.505482,0.597587,-0.262372,0.491089,-0.023284,0.267314,-0.031388,0.358463,-0.150726,-0.151103,-0.186717,-0.156066,0.31817,0.274329,-0.320043,0.18175,-0.029967,-0.055229,0.459628,0.368458,-0.1818,0.58775,0.130797,0.325189,0.306506,0.541301,0.301813,0.054274,0.254557,-0.128948,0.382116,0.013578,-0.150495,0.536436,0.021094,0.189391,0.025463,0.382116,-0.705729,0.03266,0.223136,-0.117471,0.328223,-0.194979,-0.380722,0.075483,0.407927,0.731737,0.698298,-0.07427,0.319264,-0.492774,-0.081133,-0.606594,-0.284878,-0.41208,-0.444684,0.584142,-0.527857,-0.262587,-0.7548,-0.374732,0.44433,0.0,0.328223,-0.37355,-0.560246,-0.196096,-0.087471,-0.221089,0.309698,-0.361308,0.280033,0.283734,0.29227,-0.37355,-0.34542,0.607431,-0.37355,0.213521,0.662296,0.111088,0.536436,-0.121776,0.038647,0.812327,-0.366433,0.44433,-0.124568,-0.047917,0.090582,-0.20785,0.377659,0.025463,-0.795049,-0.685704,0.020943,0.645307,-0.004752,-0.11008,-0.14574,0.142215,-0.528851,0.318071,0.549995,0.700483,-0.349528,0.280033,0.359237,0.465035,-0.154348,0.417225,-0.737463,-0.083947,-0.176514,0.328223,0.293755,0.127678,0.306506,0.124001,0.072807,-0.140401,-0.439268,0.270776,0.254557,0.172473,0.265141,0.541301,0.584142,-0.207577,-0.36317,0.168333,-0.109088,0.31121,-0.39135,-0.184574,-0.432469,-0.086172,0.237759,0.038647,-0.390867,0.274397,-0.075248,-0.234557,-0.216323,-0.431356,-0.616506,-0.794867,0.141379,-0.383916,0.214512,-0.004752,#
10,-0.022003,0.045578,-0.385306,0.363774,-0.126297,-0.002871,0.17882,-0.1871,0.426689,0.036931,1.0,-0.001753,-0.1871,0.220504,0.395715,0.184429,-0.188872,-0.184533,0.336665,-0.185873,-0.158349,-0.264612,0.206262,0.203545,0.476388,0.225597,-0.234913,-0.038706,0.431726,-0.333211,0.032016,-0.122286,0.343624,-0.249707,0.192185,-0.402672,-0.010102,0.196105,-0.036161,0.41165,-0.430334,-0.223366,-0.059907,0.634411,0.582792,-0.528283,-0.174464,-0.229786,0.332034,-0.449059,-0.2425,0.613844,0.180465,-0.11101,0.43849,0.56434,0.345545,-0.41893,0.222406,0.337308,0.311482,0.318249,0.205068,0.112705,0.163446,-0.259667,0.51529,-0.681896,-0.512133,0.35852,-0.039207,0.510595,0.343624,0.464804,-0.257568,0.000297,-0.428759,0.496217,0.171489,-0.197867,-0.670472,-0.008712,0.578129,-0.420047,-0.53264,-0.280855,0.38316,0.581136,-0.81577,-0.266112,0.171489,-0.242997,-0.184803,-0.034676,0.172355,0.371705,-0.040401,-0.187173,-0.226626,0.20576,0.299524,0.389764,0.408334,0.243718,-0.214012,0.188355,-0.224132,-0.101397,-0.00091,0.222023,-0.249083,0.0,-0.255725,0.205772,-0.221907,0.008258,0.596582,-0.036887,-0.266112,0.389165,0.376139,0.194762,0.266047,0.22346,0.289836,0.382758,0.205772,0.380084,-0.032849,0.206907,-0.025394,0.512794,-0.536106,-0.060907,-0.354529,0.560529,0.017759,-0.599813,0.510039,-0.257568,-0.011715,-0.023316,0.231011,-0.300702,-0.022608,-0.147804,0.205772,-0.34561,0.623253,0.399172,0.464804,0.287478,-0.236432,-0.02753,0.266047,-0.038924,-0.229911,-0.018244,0.180538,0.495036,-0.431848,-0.042118,-0.499817,-0.708069,-0.235776,-0.023963,0.343624,0.407844,0.656741,-0.039735,-0.224326,-0.266461,-0.428759,0.392539,0.414135,-0.047597,-0.236995,-0.396275,0.205227,-0.144547,-0.00908,0.374541,0.193411,0.174477,0.285211,-0.005188,0.393891,-0.536106,0.27258,-0.421258,-0.235776,-0.027275,-0.014002,-0.107855,-0.240496,-0.218519,-0.010686,-0.374139,-0.347225,-0.654069,#
11,-0.249396,-0.405182,-0.40764,0.097949,-0.014167,0.102076,-0.499463,-0.047783,-0.108261,-0.104859,-0.001753,1.0,-0.498985,-0.327167,0.092368,0.4641,0.213376,-0.334215,-0.181782,-0.324627,-0.321031,-0.214362,-0.499079,0.47916,0.387654,0.292316,-0.216729,0.406941,-0.090959,-0.166623,0.181925,0.29758,-0.166623,-0.326942,0.303825,0.085903,-0.994778,0.229102,-0.248762,0.591828,0.096516,-0.499013,-0.399055,-0.237796,0.001838,0.293103,-0.499079,-0.732629,-0.216658,0.22236,-0.701962,-0.205317,-0.006247,0.137159,0.252456,-0.3304,0.1101,0.197066,0.144622,0.097621,-0.629915,-0.180153,0.188365,0.245643,0.385559,-0.337534,-0.249864,-0.191802,-0.234009,-0.230476,0.242341,0.152932,-0.166623,-0.359058,0.325636,-0.985637,0.097507,0.369249,0.334569,0.47651,0.300016,-0.096485,-0.001521,0.099028,0.239068,0.334569,0.396326,-0.497125,0.084336,-0.227795,0.334569,0.317418,-0.026874,-0.60916,0.535174,0.127735,0.119796,-0.010187,0.010187,0.47651,-0.173425,0.090406,0.39744,-0.081068,0.47651,0.228915,0.291383,-0.062498,0.378603,0.21685,-0.497478,0.0,-0.223484,0.742195,-0.241727,-0.40794,0.004262,0.387625,-0.75858,0.414953,0.104701,-0.210502,-0.644235,0.742195,0.138559,-0.086038,0.742195,-0.622694,-0.636365,0.208185,-0.096485,-0.248654,0.230976,-0.172381,0.133596,0.016196,-0.249875,-0.499483,0.027912,0.325636,0.387654,0.239068,0.186774,-0.196397,-0.374413,0.14234,0.218474,-0.721214,-0.205679,0.426845,0.247801,0.164119,0.218474,0.112286,0.15324,0.104701,-0.496795,-0.414989,-0.214961,0.406742,-0.042893,-0.249327,0.362151,-0.223484,-0.215641,-0.128684,-0.166623,0.383894,0.228915,-0.406227,0.499365,0.290416,0.097507,-0.101401,0.107297,-0.359058,-0.326704,-0.417956,-0.355968,0.300581,-0.290584,-0.611026,0.762258,0.316067,-0.210409,0.29344,0.098798,0.230976,0.507883,-0.440709,0.308371,0.074604,-0.428641,-0.176601,-0.218103,0.182611,-0.625917,0.143112,-0.173034,-0.327069,#
12,0.457475,0.486106,-0.013848,-0.307859,-0.202549,0.401965,0.252429,0.261792,0.090195,0.462096,-0.1871,-0.498985,1.0,0.670522,0.439206,-0.148498,-0.276047,0.25854,0.056023,0.680619,-0.165557,0.266428,0.594755,-0.582593,-0.499115,-0.628275,0.222139,0.008301,0.081536,-0.332743,-0.493442,0.635571,0.332743,-0.189448,-0.200314,-0.341598,0.457671,0.182772,0.001661,-0.814508,0.435005,0.997142,0.033485,0.241329,-0.243945,-0.369548,0.594755,0.554924,0.345464,0.595269,0.445447,0.26987,0.194267,-0.333509,-0.628143,0.437526,0.374552,-0.070079,-0.171172,0.393217,0.158144,0.31232,-0.308045,0.076848,0.152818,0.431504,0.498974,0.637621,0.202293,0.015406,0.495862,0.112418,0.332743,-0.076131,-0.257957,0.367181,0.420674,-0.49886,0.164067,-0.209012,-0.197788,-0.026426,-0.201691,-0.043956,-0.012241,0.644407,-0.420716,0.168004,-0.002725,0.226202,-0.239182,-0.243799,-0.217976,0.358551,0.138262,0.410707,0.385115,-0.253498,0.184936,-0.997439,0.555578,-0.3857,-0.469283,-0.248534,-0.209012,0.235186,-0.208565,-0.343234,-0.786483,-0.260358,0.995273,0.0,0.164067,-0.65315,-0.18981,-0.3857,-0.625612,0.032479,0.625728,-0.876689,0.004534,-0.26829,0.270708,-0.65315,-0.318789,0.358551,-0.65315,0.191205,0.406614,-0.192441,-0.026426,-0.045142,0.002218,0.644223,-0.340082,0.181951,-0.047416,0.205769,-0.254501,-0.257957,-0.038393,-0.553088,-0.653163,-0.279479,-0.012105,0.040781,-0.65315,0.337141,0.149822,-0.080557,-0.532918,-0.428584,0.210631,0.392208,-0.329557,0.445286,0.522858,0.599042,-0.203337,-0.015116,-0.405039,-0.009575,-0.499115,0.644407,0.215582,-0.03524,0.332743,-0.425905,-0.243059,0.420535,-0.235109,-0.004065,0.420674,-0.037892,0.401708,0.467982,0.636676,-0.006708,0.199427,-0.442588,0.502492,0.33449,-0.674371,-0.719653,-0.337069,-0.509082,-0.044599,0.002218,-0.833763,0.800079,0.215582,-0.43049,-0.008979,-0.411698,-0.279993,-0.190652,0.379642,-0.359072,0.128684,0.210631,#
13,0.179199,0.377411,-0.533742,-0.499856,-0.190557,0.39675,0.233872,0.240472,0.610858,0.124338,0.220504,-0.327167,0.670522,1.0,0.818658,-0.213171,-0.427805,-0.027256,0.09415,0.478708,-0.420341,0.373698,0.691337,-0.206327,-0.327252,-0.515397,0.422496,0.52546,0.601708,-0.218168,-0.219072,0.472831,0.499853,-0.428082,-0.059435,-0.025841,0.283585,0.021978,-0.325716,-0.534044,0.353305,0.640337,-0.227195,0.478759,-0.248143,-0.668689,0.691337,0.390931,0.491002,0.40938,0.317118,-0.021874,0.231231,-0.612479,-0.345386,0.183611,0.254882,-0.299922,0.258559,0.282839,0.030484,0.486054,0.234668,0.307283,0.234861,0.528205,0.749568,0.309005,0.156028,0.15526,0.308341,-0.156601,0.499853,-0.324216,-0.582146,0.18522,-0.064702,-0.327085,-0.134577,-0.653986,-0.494968,-0.391004,-0.25781,-0.114328,-0.247705,0.383682,0.061079,0.130376,-0.53412,0.371794,-0.134577,-0.0484,-0.653997,0.493916,0.159458,0.290586,-0.140149,-0.248689,0.224356,-0.653986,0.478088,-0.071326,-0.391004,-0.257948,-0.191543,0.013909,-0.499072,-0.282843,-0.331608,-0.005402,0.616821,0.0,-0.134577,-0.428247,-0.063921,-0.534135,-0.253269,0.078262,0.371794,-0.432481,-0.126323,-0.585231,0.119689,-0.428247,0.16967,0.008097,-0.428247,0.228894,0.096144,-0.428256,-0.391004,0.161476,-0.225146,0.515925,-0.522556,0.139776,-0.327173,-0.196801,0.289889,-0.067834,-0.327252,-0.831247,-0.428256,-0.342012,-0.232832,-0.192397,-0.428247,0.015045,0.371794,0.01617,0.262851,-0.644344,-0.428247,-0.120395,0.119689,0.349223,0.610198,0.547052,-0.083077,0.194833,-0.237507,-0.326456,-0.327252,0.383682,-0.05622,0.035633,0.499853,0.057264,0.013909,0.322882,-0.240448,-0.067873,-0.064702,-0.394815,0.785615,0.262851,0.013909,-0.1006,0.484827,-0.764408,0.75063,0.183918,-0.448964,-0.572162,-0.230661,-0.309859,-0.125671,-0.225146,-0.396948,0.332679,-0.05622,-0.122156,0.323569,-0.307855,-0.04614,0.070703,0.476668,-0.551082,-0.189962,0.078394,#
14,0.071844,0.198427,-0.665436,-0.422482,-0.375502,0.607752,0.025494,0.031931,0.72411,0.26591,0.395715,0.092368,0.439206,0.818658,1.0,-0.012213,-0.533361,-0.321582,0.177829,0.32597,-0.524055,0.065698,0.458882,-0.015055,0.082384,-0.381669,0.101884,0.649329,0.728838,-0.271998,-0.086848,0.546632,0.407997,-0.533705,0.054582,-0.183577,-0.121791,0.320194,-0.406082,-0.265685,0.174694,0.410609,-0.609796,0.557549,-0.045484,-0.528161,0.458882,0.082739,0.619581,0.48443,-0.273705,0.106634,0.402316,-0.516493,-0.237031,0.267026,0.309187,-0.19453,0.313648,0.31859,0.095378,0.38962,0.283178,0.397016,0.38253,0.13347,0.611822,0.003922,-0.21769,0.249365,0.377383,-0.040126,0.407997,-0.209807,-0.423534,-0.21136,0.167365,0.068338,0.003838,-0.432365,-0.351026,-0.214338,-0.057417,-0.268342,-0.140775,0.49465,0.213365,-0.071604,-0.665906,0.054432,0.003838,0.07872,-0.815362,0.22872,0.361019,0.526607,0.112622,-0.4314,0.408355,-0.432365,0.44123,0.155659,-0.214338,-0.438542,0.005587,0.312307,-0.3583,-0.093461,-0.16548,-0.133017,0.388941,0.0,-0.42537,-0.114325,-0.359294,-0.665926,-0.048627,0.226224,0.054432,-0.246747,0.114351,-0.43008,0.173483,-0.114325,0.202313,0.170972,-0.114325,0.276211,-0.122581,-0.122244,-0.214338,0.055351,-0.122586,0.635399,-0.442458,0.332236,-0.407899,-0.382379,0.392344,0.06354,0.082384,-0.693412,-0.533922,-0.492988,-0.133358,-0.172738,-0.114325,-0.268761,0.479677,0.182811,0.346169,-0.545819,-0.114325,0.125872,0.173483,0.564711,0.382937,0.549194,0.041948,0.591446,-0.449858,-0.407004,-0.407997,0.065442,0.067764,-0.218316,0.407997,0.204874,0.312307,0.146376,-0.03176,0.036968,0.167365,-0.221799,0.997184,0.346169,-0.115029,-0.259281,0.319466,-0.605975,0.59685,0.256337,-0.126071,-0.417833,-0.301011,-0.280418,0.127388,-0.122586,-0.261738,0.142123,0.067764,-0.288237,0.138231,-0.572721,-0.348234,-0.061359,0.205809,-0.465739,-0.040443,-0.054102,#
15,-0.49812,0.086025,-0.364803,0.341703,-0.620615,-0.421202,-0.185701,-0.208863,0.005579,0.080935,0.184429,0.4641,-0.148498,-0.213171,-0.012213,1.0,-0.236368,0.185081,0.381475,0.320947,0.332499,-0.08851,-0.199043,-0.243546,0.483473,0.204544,-0.209656,-0.045042,0.013382,-0.332797,-0.5503,0.11796,0.34852,0.228255,0.632668,-0.020313,-0.463082,0.202546,-0.496853,0.356646,0.398552,-0.184457,0.039657,-0.242088,0.176111,-0.010208,-0.582291,-0.65385,0.144531,0.051173,-0.268944,0.294323,-0.617442,0.616349,-0.061657,0.149398,0.32398,-0.162224,0.42984,0.315144,-0.331808,-0.333511,-0.486226,0.091894,0.217232,-0.521495,0.00092,-0.027873,0.051403,-0.116408,-0.022996,0.5191,0.34852,0.02728,0.650394,-0.491162,0.02016,-0.021888,0.668236,0.193308,0.215862,-0.370457,0.230925,-0.424073,-0.035205,0.212896,0.339462,0.226728,0.016457,0.223262,0.668236,-0.240613,0.202095,-0.419914,0.173687,0.44838,0.429694,-0.620189,-0.604488,0.160804,0.200235,-0.024126,-0.023416,0.127793,0.160804,0.265262,0.201729,-0.341729,-0.04626,0.167108,-0.177711,0.0,0.238193,0.615865,-0.201588,0.030994,-0.19817,0.413981,-0.185768,0.344547,0.45003,0.225908,-0.308477,0.170733,0.316155,0.017358,0.615865,-0.411083,-0.000886,0.230891,0.049351,-0.034484,0.018617,-0.061001,-0.318457,0.637263,-0.499076,-0.162104,0.246391,0.162373,-0.007861,0.477492,0.179452,-0.107674,-0.455492,0.442933,0.212279,-0.493003,-0.246922,-0.045072,-0.062125,0.327795,0.247889,0.044678,0.306068,0.032218,-0.607935,0.042738,0.21143,0.007024,-0.21535,-0.038476,-0.027515,-0.217146,-0.619275,0.398311,-0.332797,-0.047181,-0.224359,0.416373,-0.222445,0.619374,0.02016,0.037131,0.004102,-0.488514,-0.162905,0.005984,-0.214819,0.600351,-0.003264,-0.215676,0.194914,0.182812,0.291985,-0.059013,-0.009451,0.018617,0.035019,-0.400314,-0.215464,-0.025701,-0.803014,-0.102718,-0.613954,0.17789,0.015324,0.285839,0.146916,-0.653256,#
16,0.213412,-0.529818,0.351725,0.170678,0.676771,-0.141045,-0.19942,0.2108,-0.794429,-0.39174,-0.188872,0.213376,-0.276047,-0.427805,-0.533361,-0.236368,1.0,-0.170098,-0.793073,-0.424484,-0.419782,0.014464,-0.270217,0.244956,-0.326817,-0.028851,-0.015444,-0.340395,-0.794727,-0.217878,0.195111,0.093016,-0.217878,-0.427512,-0.017762,-0.087452,-0.223571,0.036371,0.746913,0.384,-0.078713,-0.238061,0.213773,-0.069268,0.233477,0.417631,-0.270217,-0.110711,-0.841129,-0.283655,0.17774,-0.132259,0.219216,-0.039705,0.382799,-0.110973,0.143306,-0.045568,-0.606771,0.143692,-0.415547,-0.26186,0.291352,-0.156998,0.04496,0.293914,-0.326724,-0.018153,-0.153194,-0.468853,0.350641,0.158124,-0.217878,-0.189412,-0.070967,-0.15332,-0.12857,0.26132,-0.063099,0.649362,-0.093989,0.101806,-0.179933,0.346307,0.345762,-0.063099,0.134394,-0.168247,0.320819,-0.513675,-0.510048,-0.078861,0.634573,-0.377569,0.226639,-0.531659,-0.110134,0.679608,-0.244774,0.250549,-0.153797,-0.060104,0.546844,0.642377,0.176416,-0.4272,0.409388,-0.070655,0.117102,0.599879,-0.2391,0.0,-0.063099,0.044207,-0.01326,-0.060104,-0.174479,-0.358066,-0.549101,0.152359,-0.532665,-0.032064,-0.474332,0.562355,-0.451911,0.119284,0.044207,-0.442423,-0.487884,0.080695,-0.386863,0.295583,-0.259554,-0.594296,0.218364,-0.650506,0.756783,-0.258839,-0.692445,-0.070967,0.183834,0.345762,0.543686,0.062607,-0.214277,-0.303741,-0.427677,-0.160565,-0.023964,0.586053,-0.148909,0.258785,0.009253,-0.116577,-0.421107,-0.532665,-0.265551,-0.803528,-0.475784,-0.326629,0.252965,0.215225,0.224686,-0.063099,-0.040117,-0.347118,-0.217878,0.12782,0.100518,-0.531185,0.652973,-0.549323,-0.12857,0.093117,-0.560935,-0.189412,0.0178,-0.517972,-0.433522,0.158175,-0.341972,-0.465421,0.535283,0.413292,-0.229277,0.551452,0.344325,-0.259554,0.242986,-0.109143,0.432029,0.369021,-0.084923,0.504504,0.322363,0.031583,-0.788922,0.230799,-0.50517,0.009253,#
17,0.336424,0.616671,0.133418,0.514678,0.136157,-0.355502,-0.180095,-0.265118,-0.05479,0.452413,-0.184533,-0.334215,0.25854,-0.027256,-0.321582,0.185081,-0.170098,1.0,0.522606,0.077142,0.474763,-0.040646,0.216652,-0.239048,-0.218468,0.06331,0.028869,-0.135506,-0.066667,0.268444,-0.253762,-0.164371,0.239886,0.491267,-0.470833,-0.025218,0.300075,-0.034402,-0.171099,-0.457883,0.021587,0.248375,0.836521,-0.389435,-0.209886,-0.461583,0.250065,0.033642,-0.030426,0.175758,0.41646,0.18615,-0.644316,0.456418,0.144022,-0.024787,-0.290445,-0.097085,-0.133259,-0.290268,-0.078325,0.232899,-0.343928,-0.275748,-0.479769,0.037088,0.359728,0.531063,0.633194,0.435936,-0.386061,0.256872,0.239886,0.290302,0.498582,0.314031,-0.320563,-0.753545,0.474399,-0.27571,0.013712,-0.027247,-0.176096,0.480837,-0.386401,-0.021834,-0.641556,0.246588,0.502177,0.487937,0.511892,-0.023937,0.148062,0.374618,0.133209,0.137683,0.126721,0.144941,-0.197281,-0.277678,-0.325564,-0.787411,-0.184834,0.105332,-0.311133,0.004831,-0.49282,-0.389428,-0.597982,-0.167591,0.24219,0.0,0.980556,-0.134968,0.004064,0.143183,-0.18753,-0.139314,0.580805,-0.169656,0.139231,0.106287,-0.138544,-0.620077,-0.222047,-0.062643,-0.134968,-0.153736,0.815967,-0.472581,0.430263,-0.246406,0.182102,0.149831,-0.277384,0.267566,-0.228912,0.263826,0.044213,-0.033268,-0.218468,0.172341,-0.15104,-0.085344,-0.258329,0.817343,-0.006684,0.049444,-0.451665,-0.197526,-0.422962,0.452043,-0.004528,0.133745,-0.278072,-0.316104,0.269938,0.215707,-0.370519,-0.213802,-0.28927,0.316222,0.252737,0.484323,-0.370613,0.776496,0.239887,-0.122576,-0.528763,0.112609,-0.735605,0.512968,-0.320563,-0.053753,-0.355971,-0.271815,0.471451,0.146262,-0.034214,0.351322,-0.209176,-0.136362,-0.624435,-0.003612,0.187868,-0.093339,-0.358971,0.182102,-0.098013,0.128637,-0.498969,0.047019,-0.290078,0.225068,0.033681,-0.152087,0.429994,-0.291069,0.051775,-0.033634,#
18,-0.121258,0.732157,-0.100861,0.449651,-0.382723,-0.227912,0.015545,-0.355621,0.510581,0.591565,0.336665,-0.181782,0.056023,0.09415,0.177829,0.381475,-0.793073,0.522606,1.0,0.189858,0.569694,-0.091813,0.011506,-0.020605,0.305315,0.356463,-0.029655,0.116658,0.511031,0.335715,-0.264151,-0.292158,0.282846,0.591758,-0.155502,-0.179777,0.167287,0.000288,-0.603818,-0.245887,-0.157828,0.009719,0.277518,-0.164618,-0.090646,-0.56668,0.057898,0.006067,0.714909,0.104809,-0.168203,0.379967,-0.491485,0.404332,0.017611,0.152284,-0.2923,-0.131882,0.478101,-0.295345,0.36061,0.307854,-0.422148,0.154923,-0.142042,-0.357158,0.424149,-0.017399,0.070487,0.632964,-0.492121,0.196816,0.282846,0.571422,0.342685,0.16158,-0.210758,-0.202119,0.299688,-0.444563,-0.096779,0.149726,0.343739,-0.128559,-0.444899,-0.159643,-0.355576,0.409646,-0.087883,0.401795,0.785558,-0.137979,-0.369552,0.178643,-0.088377,0.624712,0.200214,-0.380593,-0.047982,-0.04381,-0.099362,-0.254589,-0.332108,-0.397083,-0.477352,0.486495,-0.579214,-0.194239,-0.298934,-0.38782,0.006389,0.0,0.421155,0.011376,-0.038216,0.296884,0.352691,0.10976,0.401795,0.097029,0.611887,0.324264,0.332454,-0.437658,0.366891,0.099225,0.011376,0.278861,0.733549,0.031427,0.573214,-0.137351,0.084281,0.432204,-0.305504,0.764616,-0.60652,0.059071,0.728718,-0.149614,-0.190326,0.072292,-0.353337,-0.255974,0.066258,0.678839,0.486354,-0.021503,-0.210049,-0.355033,0.009481,0.358543,0.047298,0.207854,0.332454,0.190413,0.076472,0.492076,0.30624,0.321952,-0.384966,-0.141656,-0.051547,-0.038175,-0.116115,0.638059,0.282846,0.142334,-0.007419,0.252462,-0.878546,0.544407,-0.210758,0.10976,0.202752,0.051107,0.123682,0.304717,0.099326,0.215518,-0.086273,0.323858,-0.425045,-0.117557,0.252262,-0.258666,-0.234693,0.084281,0.014853,-0.1428,-0.591356,-0.111513,-0.094585,-0.298614,-0.395006,-0.351588,0.64381,-0.321644,0.260565,-0.318914,#
19,-0.324011,0.473053,-0.027939,-0.338188,-0.645729,-0.13172,0.218618,0.225076,0.100507,0.223213,-0.185873,-0.324627,0.680619,0.478708,0.32597,0.320947,-0.424484,0.077142,0.189858,1.0,0.126412,0.577619,0.202486,-0.649007,-0.324711,-0.479813,0.429871,0.041014,0.094611,-0.216474,-0.867969,0.421424,0.544111,0.104918,0.39988,-0.110666,0.29603,0.051983,-0.323188,-0.529898,0.785062,0.647312,-0.110634,-0.055764,-0.21902,-0.153929,0.202486,0.393477,0.531052,0.425858,0.340462,0.083566,-0.262757,0.078011,-0.792245,0.251187,0.278418,-0.319926,0.361811,0.306414,0.05819,-0.2092,-0.547419,0.347456,0.3176,0.279491,0.233524,0.543832,0.132472,-0.245814,0.320846,-0.033441,0.544111,-0.166855,-0.005156,0.204977,0.353943,-0.324546,0.003163,-0.159052,-0.042577,-0.287647,-0.158843,-0.529956,0.305506,0.430148,0.006023,0.253619,-0.025533,0.417896,0.003163,-0.568421,-0.164622,0.021813,-0.231478,0.419213,0.405192,-0.648526,-0.258792,-0.648908,0.591607,-0.148687,-0.793789,-0.229784,-0.267909,0.122139,-0.050286,-0.363209,-0.408021,0.02289,0.657545,0.0,0.003163,-0.424922,-0.04251,-0.039744,-0.648197,0.097337,0.417896,-0.4048,-0.025498,-0.013332,0.192362,-0.424922,0.187876,0.136173,-0.424922,0.027981,0.255102,0.101628,-0.287647,0.192876,-0.199209,0.495234,-0.48652,0.264515,-0.324633,0.212055,0.065983,-0.126223,-0.324711,-0.175265,-0.424931,-0.198375,-0.207017,0.014407,-0.424922,0.192768,-0.126018,-0.374696,-0.305048,-0.434236,0.111752,-0.018099,0.192362,0.366297,0.154874,0.553538,0.39496,-0.324525,-0.020127,-0.323921,-0.324711,0.430148,-0.034693,0.135559,-0.216474,-0.339988,-0.424448,0.768388,-0.286013,0.19002,0.353943,-0.292424,0.318848,0.31682,0.122139,0.298114,-0.017646,-0.101167,0.72006,0.224227,-0.417339,-0.509279,-0.188924,-0.278672,-0.068516,-0.199209,-0.772545,0.327781,-0.034693,-0.0666,-0.142983,-0.274093,-0.554508,-0.013831,0.498694,0.179229,0.28345,-0.007509,#
20,-0.320422,0.262518,0.285607,0.25832,-0.353591,-0.52354,0.303008,-0.165557,0.007484,0.012805,-0.158349,-0.321031,-0.165557,-0.420341,-0.524055,0.332499,-0.419782,0.474763,0.569694,0.126412,1.0,-0.088517,-0.158156,-0.31174,0.298178,0.446456,-0.125169,-0.441745,0.002231,0.336406,-0.158913,-0.639537,-0.214076,0.974553,0.102916,0.286933,0.368818,-0.42009,-0.319608,-0.018715,-0.051371,-0.175733,0.432816,-0.448626,-0.134468,0.16357,-0.319175,-0.032137,0.164741,-0.313996,0.173451,0.099276,-0.641645,0.548034,-0.186556,-0.07801,-0.298349,0.267476,0.313675,-0.308471,0.292649,-0.148795,-0.655568,-0.292907,-0.380327,-0.475482,-0.321024,-0.05096,0.385421,0.099406,-0.70019,-0.0138,-0.214076,0.387932,0.479314,0.381037,-0.042777,-0.320951,0.1299,-0.167543,0.445112,0.038107,0.344115,-0.182145,-0.269922,-0.444023,-0.255141,0.366046,0.296232,0.478534,0.491259,-0.055929,0.333367,0.094094,-0.640706,-0.013568,-0.021169,-0.311509,-0.311509,0.192832,-0.156511,-0.0116,-0.255859,-0.097508,-0.129609,0.109346,0.085342,0.126272,0.060937,-0.418766,-0.150006,0.0,0.491259,0.140841,0.444418,0.785649,0.202314,0.224216,0.478534,0.093822,0.490863,0.466902,0.288292,-0.420215,0.287195,-0.284497,0.140841,0.132964,0.561636,0.089482,0.567244,-0.319469,0.365646,-0.175871,0.262719,0.378276,-0.321037,0.65215,0.255105,-0.048049,-0.321114,0.376296,0.130258,0.536046,0.353691,0.41195,0.4941,0.471293,-0.405993,-0.783439,-0.214032,0.302998,0.099282,-0.028601,0.288292,-0.035758,-0.261226,0.194483,0.454816,-0.32093,0.229117,0.258841,0.091747,-0.082664,-0.105112,0.576255,-0.214076,-0.433202,-0.419746,0.4895,-0.608251,0.482061,-0.042777,0.224216,-0.493829,-0.262189,0.109346,0.796892,0.185756,0.456154,-0.266671,0.217122,-0.380856,-0.019337,0.652841,-0.352281,-0.494464,0.365646,0.019738,-0.020835,-0.458566,-0.13371,-0.12397,0.078402,0.035284,0.132313,0.575594,0.274929,0.517177,-0.066957,#
