0,1.0,0.338783,-0.427275,-0.37654,0.197053,0.126893,0.077486,-0.249539,-0.326944,0.748529,0.077385,-0.111514,0.326776,0.153196,0.077486,-0.019176,0.698073,0.611807,0.129634,-0.089025,-0.249704,0.294239,0.158188,-0.407871,-0.327025,-0.189151,-0.246903,-0.321571,-0.244408,0.764132,-0.089025,0.350888,0.350638,0.068064,-0.134253,-0.026734,-0.482367,-0.170482,-0.249718,0.196903,0.114002,-0.010318,-0.133506,0.058411,-0.249709,-0.487041,0.147523,0.180867,-0.491147,-0.693161,-0.0,-0.582675,-0.010603,-0.757984,0.322127,0.102014,0.206967,-0.397085,-0.019212,0.165341,-0.275064,0.325644,-0.35565,-0.07446,-0.410252,0.445549,0.698073,-0.610011,0.220171,0.237714,-0.480594,-0.089025,-0.326944,-0.762034,-0.092455,-0.051376,-0.368413,-0.206174,-0.087447,-0.368413,-0.087447,-0.092455,-0.092455,-0.407669,0.061334,-0.249642,-0.611184,-0.206174,-0.092455,-0.327025,-0.092455,-0.653412,-0.206174,-0.206174,-0.206174,-0.499143,0.007282,-0.665586,-0.499268,-0.611242,-0.0,-0.611242,-0.363927,0.227974,-0.210688,0.007282,-0.363927,-0.249769,-0.363927,-0.499268,0.113844,-0.166513,-0.363927,-0.210688,-0.590172,0.106378,-0.611184,-0.206174,0.464664,-0.762034,-0.611242,-0.3941,-0.363927,-0.326852,-0.480594,0.177982,0.39867,-0.0052,-0.29851,-0.206174,-0.087447,-0.092455,-0.092455,0.187987,-0.611242,0.007282,0.0,-0.407657,0.099526,-0.363927,0.019213,-0.326852,-0.499143,-0.170482,-0.097386,-0.560318,0.113844,0.671449,-0.206174,-0.499152,-0.722999,-0.206174,0.013174,-0.326852,-0.210688,-0.407657,0.442793,0.471241,-0.653412,-0.249642,-0.447135,0.379949,0.290836,-0.862452,-0.653412,0.711665,-0.499143,-0.667405,0.001858,-0.249769,0.295188,-0.083001,-0.611242,-0.206174,0.446255,-0.997044,0.007282,0.3331,0.039624,0.143876,0.047819,0.761595,-0.267961,-0.16989,0.163153,-0.313485,0.575425,0.013174,-0.114574,0.761595,-0.102247,0.60412,0.168628,0.458359,-0.021143,0.39867,-0.459499,-0.665586,-0.078896,0.0,#
1,0.338783,1.0,-0.385241,-0.312513,0.207471,-0.408046,0.622572,-0.249709,0.243434,0.770987,0.086947,-0.10178,0.349227,0.264947,0.622572,-0.009783,-0.166627,0.092034,0.667412,-0.61198,-0.249875,-0.352572,0.191921,-0.40815,-0.327248,-0.196658,0.299688,0.106166,0.336236,0.74249,-0.61198,-0.236335,0.362658,0.077447,-0.127323,0.503391,-0.49127,-0.170599,-0.249888,0.785226,-0.321791,-0.010325,0.036674,-0.081012,0.399558,-0.487374,0.402111,-0.214451,-0.491483,0.199194,0.284923,-0.727848,-0.401244,-0.288496,0.300326,-0.55112,0.641715,0.274329,0.49988,0.199194,-0.534386,0.337612,-0.740257,-0.063283,0.236367,0.317195,-0.166627,0.174794,0.057241,-0.392729,-0.489555,-0.61198,-0.327167,-0.762555,-0.61166,0.450897,-0.343754,-0.762711,-0.611865,-0.343754,-0.611865,-0.61166,-0.61166,0.119309,-0.773569,-0.249812,-0.611602,-0.762711,-0.61166,-0.327248,-0.61166,-0.620605,-0.762711,-0.762711,-0.184282,-0.499484,-0.499484,-0.384523,-0.49961,-0.07196,0.284923,-0.61166,-0.997825,-0.327075,-0.762555,0.027355,-0.997825,-0.24994,-0.339083,-0.49961,-0.407936,0.682842,-0.339083,-0.762555,-0.590575,-0.407873,-0.077093,-0.762711,-0.056906,-0.762555,-0.61166,-0.39437,-0.997825,-0.327075,-0.489555,0.213962,-0.24994,-0.005203,-0.07159,-0.762711,-0.611865,-0.61166,-0.61166,0.222367,-0.61166,-0.499484,0.0,-0.407936,0.282928,-0.997825,-0.49988,-0.327075,-0.499484,-0.170599,-0.077093,-0.707921,-0.407936,0.707861,-0.762711,0.021369,-0.141115,-0.762711,-0.49961,-0.327075,-0.762555,-0.407936,-0.036069,0.506917,-0.620605,-0.249812,0.134491,-0.249812,0.301614,0.024735,-0.620605,0.198737,-0.499484,0.077604,0.009836,-0.24994,0.347218,-0.083058,-0.07196,-0.762711,0.44656,-0.343754,-0.499484,0.997032,0.544635,0.21204,0.091646,0.762116,-0.230172,-0.128827,0.713364,-0.288625,0.575818,-0.49961,-0.200645,0.762116,-0.082146,0.67865,0.737304,0.458672,-0.518405,-0.24994,0.158872,-0.384523,-0.86236,0.0,#
2,-0.427275,-0.385241,1.0,-0.08875,0.382361,0.191925,0.209201,0.58826,0.407058,-0.522625,0.18949,0.25026,-0.308191,-0.330707,-0.227054,0.372313,-0.285113,-0.240704,-0.232975,0.257767,-0.406379,0.301411,0.299347,0.132218,-0.070673,-0.541014,0.585961,-0.03773,0.144403,-0.52334,-0.211309,0.484721,-0.406909,-0.28754,-0.412308,0.387061,0.560084,-0.172007,0.568724,-0.104662,-0.00674,0.119551,-0.245243,0.095782,-0.364893,0.052338,-0.239109,0.809379,0.105181,0.311693,0.241398,0.402088,0.270237,0.107001,-0.801956,0.342572,-0.552029,-0.069478,0.058129,-0.37546,0.710072,-0.389372,0.602579,0.255559,0.283339,-0.08399,-0.285113,0.084427,0.472585,0.384107,0.55066,0.255836,-0.112134,0.529978,-0.158476,0.478016,-0.055644,0.074034,-0.173588,-0.116023,0.252734,-0.208305,0.213776,0.155299,0.288733,0.650366,0.219171,0.074034,-0.140889,-0.125038,-0.190718,0.293797,0.074034,0.526404,0.092882,0.424327,0.424327,0.299109,0.398775,-0.146751,0.241398,0.257743,0.399861,-0.089445,0.529978,-0.803159,0.399861,0.070586,-0.093853,-0.000772,0.595478,-0.229751,-0.093853,0.053372,0.758477,-0.26232,-0.181433,0.092882,-0.446095,0.529978,0.240156,-0.224652,0.399861,-0.540847,-0.02062,-0.057999,-0.42767,0.106928,0.322907,0.092882,0.23497,-0.208305,-0.208305,-0.316526,0.240156,0.012303,0.0,0.5778,-0.093109,0.399861,-0.008304,0.318071,0.012303,-0.228688,-0.558813,0.304492,-0.680336,-0.254043,0.092882,-0.39641,-0.013917,0.074034,-0.000772,-0.114522,0.053372,0.144671,-0.010261,0.047694,0.293797,-0.406109,0.539195,0.084779,0.186028,0.361339,0.293797,-0.017089,0.418604,0.060336,-0.241065,-0.42767,-0.386726,-0.405429,-0.146751,0.092882,-0.347609,0.427391,0.401436,-0.36793,0.279188,0.15201,0.269806,-0.51437,0.120273,0.227223,-0.479546,-0.028124,-0.146863,-0.394529,-0.399801,-0.51437,0.290659,-0.271701,-0.049358,-0.374454,0.262157,-0.42767,0.485625,0.299109,0.354792,0.0,#
3,-0.37654,-0.312513,-0.08875,1.0,-0.717085,-0.113018,-0.520886,-0.37654,-0.127983,-0.191719,-0.104424,-0.453358,-0.249175,-0.195845,-0.520886,-0.561408,0.128286,-0.108774,-0.102229,0.097261,0.267881,-0.39806,-0.117966,0.374665,0.316551,0.571839,-0.221674,0.369273,-0.239421,-0.180262,0.533099,-0.324602,-0.325649,-0.155086,0.089952,-0.486175,0.322258,0.753091,0.192389,-0.197532,0.319558,-0.138805,-0.035603,-0.025572,0.34037,0.442235,-0.289425,-0.374139,0.50803,-0.123464,0.033098,0.578401,-0.077229,0.169508,0.221779,-0.381906,-0.328822,0.40102,-0.38486,0.660434,0.023219,-0.425426,0.149056,0.262937,0.417742,-0.35821,0.128286,0.225322,-0.114431,-0.352194,0.242223,0.035326,0.318172,0.183605,0.592827,-0.433967,0.384075,0.71787,0.594209,0.312325,0.024275,0.533614,-0.030651,0.436581,-0.163963,-0.344505,0.036221,0.71787,0.091258,0.251949,0.032045,0.637216,0.71787,0.113112,0.71787,-0.047262,-0.047262,0.427883,0.443139,0.655523,0.033098,0.091258,0.304825,-0.284596,0.183605,0.506958,0.304825,0.192429,0.99355,0.505068,-0.1306,0.226968,0.99355,0.120676,-0.003245,0.376136,0.595059,0.180307,-0.043059,0.183605,0.592827,0.371433,0.304825,0.318867,0.242223,-0.225798,0.192429,-0.224034,-0.476209,0.180307,0.530883,0.533614,0.533614,0.193373,0.592827,0.503558,0.0,0.373593,-0.172525,0.304825,0.444067,0.251816,0.503558,-0.156214,0.098314,0.54428,0.377094,-0.18459,0.180307,0.505575,0.756222,0.71787,0.505068,0.318867,0.120676,-0.190123,-0.484276,-0.449304,0.637216,0.268418,-0.200894,0.192331,-0.259672,0.024903,0.637216,-0.18191,0.01394,-0.03916,-0.024697,0.192429,-0.304014,0.100837,0.655523,0.180307,-0.453371,0.384075,0.503558,-0.348733,-0.526832,-0.131373,-0.607381,-0.219479,-0.314079,-0.409328,-0.135109,0.236207,-0.042126,0.505068,0.713072,-0.219479,0.15994,-0.682811,-0.208816,0.031045,-0.018325,0.192429,-0.254041,0.427883,-0.07501,0.0,#
4,0.197053,0.207471,0.382361,-0.717085,1.0,0.365254,0.78836,0.197053,0.511152,0.041343,0.34699,0.561502,0.428245,-0.468451,0.347443,0.2178,-0.218218,0.356348,-0.045143,0.094688,-0.327242,0.230477,0.207308,-0.534522,0.047619,-0.78001,0.437938,-0.421424,0.411598,0.029283,-0.801463,0.36467,0.218218,-0.102037,-0.31978,0.204143,-0.103662,-0.509855,-0.327259,0.047583,0.107901,0.347058,-0.466569,-0.181102,-0.327248,-0.638276,0.496816,0.53802,-0.156858,0.216682,0.0,-0.41777,0.423301,-0.49942,-0.543707,0.255916,-0.133978,-0.21735,0.654654,-0.505592,0.042797,0.228025,0.06463,0.010728,-0.081461,0.5839,-0.218218,-0.448558,0.224624,0.332296,-0.097711,0.094688,-0.428466,-0.043657,-0.364577,0.646916,-0.217774,-0.531076,-0.360461,-0.746653,0.106323,-0.801043,-0.338903,-0.534258,0.159467,0.763373,-0.343271,-0.531076,0.097563,-0.428571,-0.338903,-0.502508,-0.531076,-0.035772,-0.531076,0.223058,0.223058,-0.40051,-0.223172,-0.364577,0.0,0.097563,-0.209961,0.065899,-0.043657,-0.654135,-0.209961,-0.327327,-0.774036,-0.223172,0.369066,-0.218218,-0.774036,-0.507515,0.156812,-0.534159,-0.800967,-0.035772,-0.259682,-0.043657,-0.364577,-0.516475,-0.209961,-0.428345,-0.675095,0.293339,-0.327327,0.356626,0.562,-0.035772,-0.360461,-0.801043,-0.801043,-0.574842,-0.364577,-0.22807,0.0,-0.095493,0.007437,-0.209961,-0.218218,-0.428345,-0.22807,-0.509855,-0.343271,-0.382627,-0.534242,0.418443,-0.035772,-0.654147,-0.476522,-0.531076,-0.223172,-0.428345,-0.507515,-0.069684,0.609596,0.647843,-0.502508,-0.32716,0.339218,-0.32716,0.759331,0.06675,-0.502508,0.555821,0.223058,0.079484,-0.160939,-0.327327,0.191086,-0.078559,-0.364577,-0.035772,0.22279,-0.217774,-0.22807,0.226923,0.826483,0.302614,0.866057,0.052187,0.201596,0.063491,0.040083,-0.676402,0.399232,-0.223172,-0.992684,0.052187,0.080611,0.511754,0.041428,-0.228833,0.225128,-0.327327,0.346771,-0.40051,0.076263,0.0,#
5,0.126893,-0.408046,0.191925,-0.113018,0.365254,1.0,0.166667,0.087288,0.353329,-0.090462,0.133838,0.254527,0.102481,-0.468518,-0.249833,-0.403248,0.415015,0.578977,-0.662476,0.661119,0.07646,0.314177,0.232382,-0.666497,0.347261,-0.219646,-0.310508,-0.525474,-0.356706,-0.067218,-0.185404,0.0793,-0.408144,-0.258577,-0.394638,-0.409854,-0.100921,-0.36733,-0.40806,-0.533979,0.3207,0.466809,-0.493618,0.070943,-0.408046,-0.485789,0.417772,0.272807,-0.015737,-0.438295,-0.221247,0.217128,0.551255,-0.340706,-0.36876,0.049199,-0.549032,-0.639758,0.008247,-0.438295,0.134215,-0.406528,0.073262,0.192404,-0.269016,0.31179,0.415015,-0.589082,-0.06201,0.408063,0.410148,0.661119,-0.534254,0.077531,0.221572,0.029725,0.378514,0.062487,0.233499,-0.121077,0.674433,-0.190723,0.245825,-0.666166,0.290807,0.622206,-0.174381,0.062487,0.65812,-0.102559,0.245825,0.241184,0.062487,0.530363,0.062487,0.399346,0.415444,0.049183,-0.017632,-0.190723,-0.221247,0.245825,0.392997,0.373707,0.095057,-0.0268,0.392997,-0.408144,-0.13984,-0.017632,0.60159,-0.272096,-0.13984,0.077531,0.324075,-0.257575,-0.60673,0.530363,0.0112,0.077531,-0.190723,-0.392188,0.392997,-0.110805,-0.135262,0.435641,0.107189,0.479008,0.150735,0.530363,0.233499,-0.190723,-0.190723,-0.388749,-0.190723,-0.010701,0.0,-0.251695,-0.569586,0.392997,0.404022,-0.534104,-0.0268,-0.36733,0.233949,0.426497,0.14618,0.079892,0.530363,-0.433669,-0.30944,0.062487,-0.001342,-0.534104,0.077531,0.170559,0.379167,0.414307,0.241184,-0.407936,-0.532164,0.092418,0.156149,-0.364449,0.241184,0.379809,0.012974,-0.352966,-0.254507,0.086576,-0.422052,0.084712,-0.190723,0.530363,0.008418,-0.121077,-0.010701,-0.424074,0.210258,0.125776,0.575163,-0.092679,0.084282,-0.178465,-0.536025,-0.028161,0.202809,0.389621,-0.322909,-0.092679,0.23853,-0.306193,-0.554013,-0.423675,0.210392,0.107189,-0.069444,0.049183,0.304008,0.0,#
6,0.077486,0.622572,0.209201,-0.520886,0.78836,0.166667,1.0,0.077486,0.806261,0.371253,0.149977,0.26268,0.552313,-0.277247,0.591743,-0.008067,-0.272099,0.158377,0.222371,-0.169586,-0.408042,-0.196332,0.286221,-0.666503,-0.093474,-0.643647,0.540165,-0.172596,0.531326,0.347876,-0.999355,0.018743,0.096986,-0.266013,-0.503123,0.408731,-0.115098,-0.543803,-0.408064,0.38313,-0.035364,0.31701,-0.347766,-0.036001,0.127461,-0.795875,0.638247,0.248178,-0.351845,0.298005,0.234939,-0.405474,0.223274,-0.393723,-0.3686,-0.339867,0.145705,-0.07567,0.816296,-0.370768,-0.084008,0.096308,-0.251341,0.202767,0.285415,0.621984,-0.272099,-0.170174,0.221228,-0.112304,-0.107581,-0.169586,-0.534259,-0.360981,-0.594697,0.796213,-0.081809,-0.81236,-0.590971,-0.571513,-0.158764,-0.998832,-0.570924,-0.23141,-0.474671,0.601813,-0.574944,-0.81236,-0.166789,-0.534392,-0.570924,-0.373305,-0.81236,-0.353745,-0.335401,-0.003435,-0.003435,-0.178005,-0.416663,-0.149673,0.234939,-0.166789,-0.613867,-0.076476,-0.360981,-0.381231,-0.613867,-0.408148,-0.592975,-0.416663,0.170242,0.428354,-0.592975,-0.790479,-0.103065,-0.66605,-0.557993,-0.353745,-0.450095,-0.360981,-0.594697,-0.644,-0.613867,-0.534109,-0.642196,0.406707,-0.408148,0.328022,0.316317,-0.353745,-0.590971,-0.998832,-0.998832,-0.42494,-0.594697,-0.421145,0.0,-0.259904,-0.014598,-0.613867,-0.412189,-0.534109,-0.421145,-0.543803,-0.134201,-0.359703,-0.666154,0.619608,-0.353745,-0.386174,-0.265145,-0.81236,-0.416663,-0.534109,-0.790479,-0.236007,0.355598,0.827238,-0.373305,-0.40794,0.370627,-0.40794,0.598626,0.190361,-0.373305,0.390668,-0.003435,0.125966,-0.319239,-0.408148,0.093291,-0.107655,-0.149673,-0.353745,0.394009,-0.081809,-0.421145,0.629238,0.994212,0.455041,0.646416,0.368694,0.105254,-0.177796,0.336992,-0.481554,0.611717,-0.416663,-0.778216,0.368694,0.254148,0.430786,0.348302,-0.01907,-0.066149,-0.408148,0.38787,-0.178005,-0.516894,0.0,#
7,-0.249539,-0.249709,0.58826,-0.37654,0.197053,0.087288,0.077486,1.0,0.190111,-0.326944,0.158026,-0.111514,-0.238798,0.380463,0.077486,0.540003,-0.166513,-0.407871,-0.405411,-0.109122,-0.249704,0.346921,0.226635,0.121577,-0.327025,-0.031247,0.29826,0.283391,0.358751,-0.326795,-0.068927,0.327135,-0.249769,-0.407775,0.044698,0.523808,0.332259,-0.499593,0.410375,-0.326776,-0.321571,0.37561,0.026958,0.610796,-0.249709,0.077438,-0.199842,0.503017,-0.491147,0.234021,0.579987,0.272337,0.121126,0.372711,-0.761769,0.366952,-0.061125,-0.297574,-0.019212,-0.560888,0.685776,-0.177189,0.367031,0.361594,-0.33566,-0.100071,-0.166513,0.254572,0.274659,0.285257,0.339623,0.433512,-0.326944,0.362279,-0.061938,0.543245,0.28487,-0.173467,-0.611447,0.28487,-0.097722,-0.061938,0.446677,0.12897,0.249769,0.367604,0.43656,-0.173467,-0.102627,-0.327025,-0.102627,0.218657,-0.173467,0.371647,-0.173467,0.533566,0.533566,0.458416,0.043318,-0.611242,0.579987,-0.102627,0.294122,0.217095,0.362279,-0.499143,0.294122,-0.249769,-0.326679,-0.499268,0.103619,-0.166513,-0.326679,0.362279,0.504992,0.136611,-0.067163,-0.217076,-0.498382,0.362279,-0.061938,-0.3941,0.294122,-0.326852,0.339623,-0.361017,-0.249769,0.38379,0.021902,-0.217076,-0.056624,-0.061938,-0.061938,-0.124464,-0.061938,0.037072,0.0,0.144521,0.309055,0.294122,-0.499538,0.260611,0.037072,0.320032,-0.107461,0.309141,-0.407657,-0.399649,-0.217076,0.030979,-0.130257,-0.173467,-0.499268,-0.326852,0.362279,0.103619,-0.012644,0.0008,0.218657,-0.249642,0.358398,0.416984,-0.24832,0.305605,0.218657,-0.29473,-0.002648,0.273665,0.159817,-0.249769,-0.198832,0.168396,-0.611242,-0.217076,0.044135,0.28487,0.037072,-0.195864,0.135567,0.415641,0.147334,-0.283731,0.379039,0.448665,-0.275269,0.344089,-0.372334,-0.499268,-0.190209,-0.283731,0.426731,-0.102363,-0.284507,-0.458359,-0.124214,-0.249769,0.317528,0.458416,0.349159,0.0,#
8,-0.326944,0.243434,0.407058,-0.127983,0.511152,0.353329,0.806261,0.190111,1.0,0.072975,-0.099122,0.095234,0.447668,-0.361439,0.371253,-0.223476,-0.218164,-0.094925,-0.067972,0.082876,-0.327161,-0.33601,0.2368,-0.53439,0.041343,-0.429304,0.455742,-0.045314,0.430781,0.060093,-0.801265,-0.112194,-0.327246,-0.534265,-0.64482,0.227336,0.288626,-0.505961,-0.327178,0.079619,0.100911,0.342229,-0.313014,0.173132,0.243434,-0.638118,0.516683,0.186489,-0.163223,0.246273,0.250333,0.187579,0.410716,-0.092842,-0.512954,-0.492542,-0.121128,-0.187847,0.654491,-0.466322,0.248269,-0.31636,0.051011,0.477124,0.480929,0.470715,-0.218164,-0.073678,0.199543,-0.222114,0.297268,0.082876,-0.42836,-0.056209,-0.370229,0.662365,0.342541,-0.537099,-0.366171,-0.179251,0.094357,-0.800845,-0.344898,-0.070874,-0.489213,0.748839,-0.349208,-0.537099,0.085718,-0.428465,-0.344898,0.24551,-0.537099,-0.048432,-0.028886,0.211463,0.211463,0.35365,-0.228788,0.103956,0.250333,0.085718,-0.224337,0.059381,-0.056209,-0.191088,-0.224337,-0.327246,-0.202077,-0.228788,0.357092,0.528186,-0.202077,-0.513851,0.144537,-0.534027,-0.331145,-0.048432,-0.652977,-0.056209,-0.370229,-0.516348,-0.224337,-0.428239,-0.272379,0.389316,-0.327246,0.351757,0.18252,-0.048432,-0.366171,-0.800845,-0.800845,-0.533804,-0.370229,-0.233619,0.0,-0.101241,-0.287029,-0.224337,-0.223905,-0.428239,-0.233619,-0.505961,0.120416,0.232939,-0.53411,0.285649,-0.048432,-0.196352,0.029083,-0.537099,-0.228788,-0.428239,-0.513851,-0.075778,0.188061,0.678346,0.24551,-0.327079,0.336989,-0.327079,0.261548,0.318082,0.24551,0.10955,0.211463,0.121838,-0.530175,-0.327246,-0.294785,-0.078937,0.103956,-0.048432,0.227497,0.342541,-0.233619,0.241058,0.824789,0.484858,0.442576,0.064617,0.227638,-0.328344,0.051835,-0.105291,0.403801,-0.228788,-0.502749,0.064617,0.534247,-0.183135,0.053575,-0.217865,0.092398,-0.327246,0.344861,0.35365,-0.419093,0.0,#
9,0.748529,0.770987,-0.522625,-0.191719,0.041343,-0.090462,0.371253,-0.326944,0.072975,1.0,-0.099122,-0.352968,0.447668,0.298809,0.371253,-0.223476,0.499481,0.344541,0.411668,-0.367535,-0.327161,-0.18296,0.2368,-0.53439,-0.428466,-0.092272,-0.052575,-0.045314,-0.032783,0.999049,-0.367535,-0.038768,0.210987,-0.107699,-0.323979,0.227336,-0.451218,-0.223365,-0.327178,0.54907,-0.059775,-0.013519,-0.025317,0.173132,0.243434,-0.638118,0.324465,-0.110468,-0.643498,-0.466322,0.250333,-0.549416,-0.201326,-0.580154,0.419951,-0.520288,0.479699,-0.187847,0.223905,0.246273,-0.385072,0.178985,-0.650396,0.124326,0.030862,0.470715,0.499481,-0.253089,0.199543,-0.242604,-0.447654,-0.367535,-0.42836,-0.998412,-0.370229,0.181275,-0.209944,-0.537099,-0.366171,-0.209944,-0.366171,-0.370229,-0.370229,-0.070874,-0.61342,-0.327079,-0.800769,-0.537099,-0.370229,-0.428465,-0.370229,-0.492004,-0.537099,-0.537099,-0.028886,-0.653974,-0.233619,-0.387239,-0.654138,-0.326661,0.250333,-0.800845,-0.780853,0.032291,-0.540771,0.229267,-0.780853,-0.327246,-0.202077,-0.654138,-0.101241,0.528186,-0.202077,-0.540771,-0.773239,-0.107408,-0.331145,-0.537099,0.175149,-0.998412,-0.800845,-0.516348,-0.780853,-0.428239,-0.447654,0.294944,0.210988,-0.006813,-0.453755,-0.537099,-0.366171,-0.370229,-0.370229,0.276393,-0.800845,-0.233619,0.0,-0.53411,0.079828,-0.780853,-0.223905,-0.428239,-0.653974,-0.223365,0.09533,-0.516508,-0.101241,0.832451,-0.537099,-0.196352,-0.435586,-0.537099,-0.228788,-0.428239,-0.540771,-0.53411,0.159147,0.648479,-0.492004,-0.327079,-0.306611,0.19551,0.157978,-0.587431,-0.492004,0.481328,-0.653974,-0.497257,-0.165758,-0.327246,0.185098,-0.108747,-0.326661,-0.537099,0.58468,-0.731736,-0.233619,0.754884,0.294217,0.305723,-0.107748,0.997836,-0.317718,-0.382813,0.477711,-0.136186,0.753918,-0.228788,0.030888,0.997836,0.086887,0.503131,0.493743,0.600538,-0.322209,0.210988,-0.305175,-0.387239,-0.701246,0.0,#
10,0.077385,0.086947,0.18949,-0.104424,0.34699,0.133838,0.149977,0.158026,-0.099122,-0.099122,1.0,0.229403,-0.364326,-0.262741,-0.257747,0.058971,-0.271744,0.553597,-0.212062,-0.201261,0.066779,0.361331,0.290108,-0.22078,0.329376,-0.076306,0.096376,-0.016492,0.132988,-0.110211,-0.151853,0.035924,0.096859,0.133505,0.349568,0.045242,-0.476353,0.311913,0.147093,-0.093282,-0.035318,0.44747,-0.622359,-0.302536,-0.407518,-0.017004,0.114944,0.26525,-0.031277,0.301891,0.270732,-0.443833,-0.215694,-0.321483,-0.419238,0.216054,-0.318514,0.430114,-0.008073,0.301891,-0.242197,0.099278,-0.27731,-0.093117,-0.274195,-0.138823,-0.271744,0.11928,-0.00373,0.408683,0.021521,0.254673,-0.533563,0.087604,0.25508,0.422418,-0.10932,0.098626,-0.198844,-0.598385,-0.198844,-0.148528,-0.148528,-0.214408,0.215139,0.082404,-0.156599,0.098626,-0.206457,-0.110966,-0.610066,-0.409685,0.098626,0.098626,0.098626,0.408174,0.029943,-0.399988,0.422498,-0.206457,0.270732,-0.206457,-0.09841,-0.533413,-0.324176,-0.436356,-0.09841,-0.407616,-0.09841,-0.033395,-0.259565,-0.271744,-0.09841,-0.341334,0.333566,-0.207928,-0.156599,-0.396032,-0.053654,0.087604,0.25508,-0.39666,-0.09841,-0.119033,-0.512397,-0.195304,-0.407616,0.459505,0.217078,-0.396032,0.267331,-0.148528,-0.148528,0.122369,0.25508,0.029943,0.0,0.204387,0.293509,-0.09841,-0.024215,-0.039813,0.408174,-0.376754,-0.613697,-0.248925,-0.275794,0.219045,-0.396032,0.004766,0.171751,0.098626,-0.41612,-0.533413,-0.341334,-0.275794,-0.051384,-0.030458,-0.409685,-0.407408,-0.056945,0.152706,0.597845,0.116043,-0.409685,0.362282,-0.420596,0.325413,0.553621,0.07668,0.062327,0.291473,-0.206457,-0.396032,-0.418217,-0.10932,0.029943,0.094531,0.167929,0.024625,0.523952,-0.099895,-0.404832,0.222695,-0.10595,-0.508725,0.186503,-0.033395,-0.364122,-0.099895,-0.148712,0.386118,-0.109505,-0.429561,-0.536826,-0.407616,0.423279,-0.399988,0.132581,0.0,#
11,-0.111514,-0.10178,0.25026,-0.453358,0.561502,0.254527,0.26268,-0.111514,0.095234,-0.352968,0.229403,1.0,-0.088247,-0.525709,-0.157958,0.375339,-0.408036,0.258369,-0.116214,0.161566,-0.122583,0.512144,-0.324349,-0.183578,0.525159,-0.589442,-0.057438,-0.788003,-0.108226,-0.364293,-0.290742,-0.101956,-0.0916,0.648674,-0.06846,-0.026775,-0.234232,-0.140129,-0.121477,0.071541,0.183114,-0.279841,-0.338284,-0.761751,-0.611907,-0.132223,0.018959,0.230723,0.350681,0.325786,-0.670338,-0.299736,-0.077425,-0.079374,-0.117341,0.298233,-0.362068,0.031518,0.024981,-0.36327,-0.115954,0.407214,0.002466,-0.716811,0.086418,-0.169426,-0.408036,-0.061529,0.063151,0.602325,0.285075,0.161566,0.059378,0.318201,-0.281971,0.018732,-0.435698,-0.136192,0.133495,-0.45588,0.578811,-0.298627,0.142259,-0.608465,0.336613,0.428635,0.126627,-0.136192,0.158915,0.506987,0.142259,-0.331061,-0.136192,0.336332,-0.136192,0.394132,0.003921,-0.519642,0.372395,0.117765,-0.670338,0.558651,0.066609,0.098075,-0.106622,-0.442717,0.066609,0.387218,-0.471523,0.372395,0.264635,-0.408036,-0.471523,-0.124323,0.512292,-0.602775,-0.310018,0.336332,0.379265,0.318201,0.117765,0.15322,0.066609,0.054067,-0.265754,0.577703,-0.112418,0.250769,0.96648,0.336332,0.133495,-0.298627,-0.298627,-0.08103,0.117765,-0.426458,0.0,0.22327,-0.462864,0.066609,0.391381,0.054067,-0.036248,-0.140129,-0.269264,-0.225889,-0.1953,-0.080474,0.336332,-0.451594,-0.23132,-0.136192,-0.022452,0.054067,-0.124323,0.64972,0.441985,0.019177,-0.331061,-0.126629,0.156332,-0.611742,0.426366,0.201229,-0.331061,0.090233,0.394132,0.148623,-0.228443,0.387218,-0.151804,-0.285256,0.117765,0.336332,-0.399582,0.048675,-0.426458,-0.120807,0.275209,-0.598178,0.651457,-0.380374,-0.129292,0.118719,-0.376863,-0.318345,-0.14727,-0.022452,-0.632324,-0.380374,-0.656756,0.228846,0.077464,-0.427885,0.228519,-0.112418,0.616653,-0.519642,0.229907,0.0,#
12,0.326776,0.349227,-0.308191,-0.249175,0.428245,0.102481,0.552313,-0.238798,0.447668,0.447668,-0.364326,-0.088247,1.0,-0.19297,0.552313,-0.251759,0.218052,0.089019,0.097851,-0.07772,-0.206873,-0.406571,-0.177229,-0.373881,-0.066616,-0.174088,0.07796,-0.072828,0.491664,0.446964,-0.551473,0.026028,0.327078,-0.382606,-0.276209,-0.203302,0.14149,-0.385821,-0.763024,-0.008749,0.40076,0.119802,-0.110724,0.158066,0.349227,-0.666642,0.516684,-0.161659,-0.199976,-0.214208,0.019504,-0.139888,0.525078,-0.454437,0.051967,-0.278202,0.270185,-0.32404,0.671599,-0.214208,-0.051319,0.293071,0.046498,0.329447,0.060561,0.806564,0.218052,-0.576624,0.091614,-0.353626,-0.418951,-0.112187,-0.06009,-0.438421,-0.114934,0.215041,0.218852,-0.450384,-0.09795,-0.309625,-0.09795,-0.551068,-0.551068,-0.325323,-0.271726,0.326911,-0.538145,-0.450384,0.346855,-0.542444,-0.089279,-0.20168,-0.450384,-0.450384,-0.430587,-0.239918,0.185823,-0.090047,-0.68117,-0.070808,0.019504,-0.089279,-0.343824,0.409362,0.025084,0.228898,-0.343824,-0.239857,-0.321278,-0.22503,0.09542,0.247125,-0.321278,-0.438421,-0.618805,0.058967,-0.519851,0.044543,-0.256339,-0.438421,-0.551068,-0.251937,-0.343824,-0.057069,-0.418951,0.217925,0.305273,0.091245,-0.115996,0.044543,-0.564378,-0.551068,-0.551068,-0.541581,-0.551068,0.185823,0.0,-0.386322,-0.001486,-0.343824,-0.235496,-0.550938,-0.239918,-0.385821,0.369435,-0.184421,0.077883,0.539962,0.044543,-0.211941,-0.270193,-0.450384,0.20577,-0.057069,-0.438421,-0.360532,0.630217,0.67155,-0.20168,0.30574,0.147317,-0.233508,0.32518,-0.230112,-0.20168,0.449966,0.210867,-0.124569,-0.392813,-0.239857,0.331196,0.221005,-0.070808,0.044543,0.656731,-0.309625,-0.222888,0.353135,0.548684,0.503166,0.162519,0.456292,0.319709,-0.531264,0.440575,-0.386758,0.564409,0.20577,-0.373881,0.456292,0.365494,0.235327,-0.054134,0.217226,0.416919,0.305273,-0.347893,-0.090047,-0.293389,0.0,#
13,0.153196,0.264947,-0.330707,-0.195845,-0.468451,-0.468518,-0.277247,0.380463,-0.361439,0.298809,-0.262741,-0.525709,-0.19297,1.0,0.342398,0.327076,0.102225,-0.465024,0.248888,-0.418897,0.046034,-0.042714,0.087865,0.250399,-0.659656,0.43398,-0.067234,0.475354,0.018488,0.296159,0.293977,-0.023904,0.153337,-0.020485,0.302142,0.499051,-0.140367,-0.257626,0.268782,0.208255,-0.648655,-0.052485,0.667416,0.572097,0.264947,0.25705,-0.224911,-0.228117,-0.621504,-0.0551,0.391878,-0.106092,-0.420525,0.457993,0.274173,-0.016372,0.706687,-0.117816,-0.219053,-0.0551,0.008597,0.070979,-0.272481,0.030872,-0.363069,-0.203488,0.102225,0.421074,-0.097554,-0.246006,-0.255912,-0.235586,0.012073,-0.266232,-0.22783,-0.043074,-0.006246,-0.272354,-0.509699,0.630838,-0.509699,0.297933,0.297933,0.436594,-0.220735,-0.59114,0.29864,-0.272354,-0.413393,-0.086042,0.11237,-0.05086,-0.272354,-0.272354,-0.172915,-0.282278,-0.196739,0.221122,-0.375752,-0.408239,0.391878,-0.50102,-0.230895,0.106945,-0.173105,0.225924,-0.230895,-0.065716,-0.117649,-0.559046,-0.454418,0.24826,-0.117649,0.385655,-0.315357,0.347255,0.39053,-0.471234,0.03739,-0.266232,-0.315456,-0.003344,-0.230895,0.013231,0.555519,-0.363596,0.043811,-0.170101,-0.442068,-0.471234,-0.322271,0.297933,0.297933,0.461634,-0.315456,-0.196739,0.0,-0.355969,0.479273,-0.230895,-0.569536,0.211684,-0.282278,0.788984,0.293536,-0.127654,0.074096,-0.21642,-0.471234,0.405928,-0.156852,-0.272354,-0.472491,0.013231,0.385655,-0.01399,-0.371862,-0.198135,-0.05086,0.046916,-0.062863,0.378455,-0.683553,-0.020098,-0.05086,-0.506251,-0.46342,0.049555,0.349064,-0.065716,0.191818,0.117682,-0.408239,-0.471234,0.408148,-0.112425,-0.196739,0.299489,-0.317082,0.13366,-0.492151,0.331348,0.18409,0.400693,0.317558,0.599775,-0.335449,-0.472491,0.484189,0.331348,0.046529,0.162593,0.225848,0.327335,-0.448964,0.043811,-0.18797,0.221122,-0.176069,0.0,#
14,0.077486,0.622572,-0.227054,-0.520886,0.347443,-0.249833,0.591743,0.077486,0.371253,0.371253,-0.257747,-0.157958,0.552313,0.342398,1.0,-0.008067,-0.272099,-0.254063,0.576055,-0.15393,0.107267,-0.565686,0.286221,-0.254063,-0.534392,-0.186761,0.506089,0.31752,0.531326,0.347876,-0.576642,0.087653,0.60212,-0.266013,-0.068185,0.408731,-0.115098,-0.543803,-0.408064,0.38313,-0.52548,0.31701,0.462249,0.306217,0.622572,-0.338556,0.638247,-0.204701,-0.368539,0.298005,0.234939,-0.379856,0.223274,0.063622,0.069167,-0.157591,0.822359,-0.07567,0.816296,-0.370768,-0.282139,0.096308,-0.251341,0.202767,-0.076634,0.621984,-0.272099,-0.057922,-0.309346,-0.612287,-0.642196,-0.576642,-0.081851,-0.335716,-0.570924,0.389859,-0.053003,-0.786882,-0.56696,-0.053003,-0.56696,-0.570924,-0.570924,0.186632,-0.435814,0.111361,-0.151153,-0.786882,-0.143016,-0.534392,-0.143016,-0.334852,-0.786882,-0.786882,-0.768537,-0.397939,-0.397939,0.053771,-0.815856,-0.1259,0.234939,-0.143016,-0.58485,-0.076476,-0.335716,0.03648,-0.58485,-0.408148,-0.563959,-0.393181,-0.236007,0.428354,-0.563959,-0.335716,-0.521428,-0.242115,-0.134201,-0.328267,-0.450095,-0.335716,-0.570924,-0.181209,-0.58485,-0.076476,-0.107581,-0.095182,-0.408148,-0.218821,-0.024909,-0.328267,-0.999167,-0.570924,-0.570924,-0.42494,-0.570924,-0.397939,0.0,-0.666154,0.467418,-0.58485,-0.816297,-0.534109,-0.397939,0.145764,0.289591,-0.463904,-0.236007,0.260385,-0.328267,0.026797,-0.239492,-0.786882,-0.393181,-0.076476,-0.335716,-0.236007,-0.024314,0.43481,-0.334852,0.111361,0.310225,-0.40794,0.047823,0.267618,-0.334852,-0.074552,0.019772,0.280905,0.120484,-0.408148,0.640171,0.088183,-0.1259,-0.328267,0.832369,-0.053003,-0.397939,0.663683,0.57489,0.511081,0.211485,0.398895,0.617073,0.256725,0.822326,-0.191601,0.173603,-0.393181,-0.336315,0.398895,0.277473,0.476791,0.377809,0.431181,-0.066149,-0.408148,-0.125865,0.053771,-0.428627,0.0,#
15,-0.019176,-0.009783,0.372313,-0.561408,0.2178,-0.403248,-0.008067,0.540003,-0.223476,-0.223476,0.058971,0.375339,-0.251759,0.327076,-0.008067,1.0,-0.332695,-0.407467,0.03113,-0.418234,-0.498913,0.59276,-0.284456,0.407467,-0.235224,-0.303811,0.200641,-0.139675,0.235536,-0.234389,0.001237,0.253934,0.0,0.37051,0.157003,0.607304,0.131142,-0.26202,0.519986,0.183509,-0.195545,-0.412306,0.122705,-0.064914,-0.498923,0.21339,-0.579223,0.447418,-0.252999,0.336697,0.053564,-0.18779,-0.367191,0.260722,-0.243857,0.509879,0.055707,0.004772,-0.199617,-0.324011,0.407142,0.527786,0.236486,-0.40627,-0.099555,-0.369523,-0.332695,0.346003,0.487275,0.514472,0.142199,0.032791,0.171905,0.226636,-0.381412,0.241467,-0.462169,-0.211943,-0.447396,0.002277,-0.020401,0.001879,0.424627,0.005966,0.310174,0.014251,0.408912,-0.211943,-0.415232,0.182952,-0.031941,-0.319873,-0.211943,0.241142,-0.211943,0.235224,0.235224,-0.210663,0.210645,-0.454689,0.053564,-0.031941,0.016627,0.208978,0.226636,-0.623138,0.016627,0.459119,-0.499367,-0.240339,-0.00425,-0.332695,-0.499367,0.226636,0.361289,0.017684,-0.009769,-0.24819,0.147327,0.226636,0.001879,0.041657,0.016627,-0.243138,0.142199,-0.068834,-0.019962,0.093505,0.43656,-0.24819,0.013759,0.001879,0.001879,0.270433,0.001879,-0.17745,0.0,0.415044,0.208169,0.016627,-0.231556,0.655065,-0.17745,0.419232,-0.422868,-0.274862,-0.429209,-0.291518,-0.24819,-0.18677,-0.319324,-0.211943,-0.240339,0.16678,0.226636,0.381047,0.223054,-0.193848,-0.319873,-0.033633,0.569287,0.055294,-0.048014,0.235082,-0.319873,-0.24187,0.163694,0.187512,-0.001448,-0.019962,-0.013348,-0.248755,-0.454689,-0.24819,-0.176287,0.002277,-0.17745,0.019737,0.002071,-0.239172,0.015576,-0.206471,0.002379,0.409584,-0.209279,0.116874,-0.417141,-0.618943,-0.259614,-0.206471,-0.358559,0.344509,0.231461,-0.197814,0.035696,-0.019962,0.510078,-0.210663,0.268586,0.0,#
16,0.698073,-0.166627,-0.285113,0.128286,-0.218218,0.415015,-0.272099,-0.166513,-0.218164,0.499481,-0.271744,-0.408036,0.218052,0.102225,-0.272099,-0.332695,1.0,0.408248,-0.270524,0.263447,-0.166623,0.196341,0.105556,-0.272166,-0.218218,0.124657,-0.489073,-0.214579,-0.508149,0.536774,0.263447,0.261469,-0.166667,-0.272101,-0.328407,-0.332797,-0.030322,-0.11376,-0.166632,-0.218052,0.345192,-0.006885,-0.089086,0.37826,-0.166627,-0.324994,-0.044641,0.12069,-0.327734,-0.992964,-0.0,0.139464,0.234115,-0.50579,0.241658,-0.055845,-0.130235,-0.664016,-0.333333,0.110329,0.130745,-0.182146,0.0,0.278576,-0.273754,0.297307,1.0,-0.629628,0.23108,0.158622,-0.027137,0.263447,-0.218164,-0.508492,0.258841,-0.332704,0.142567,0.205961,0.265403,0.142567,0.265403,0.258841,0.258841,-0.272031,0.102564,-0.166582,-0.407832,0.205961,0.258841,-0.218218,0.258841,0.082469,0.205961,0.205961,0.205961,-0.333069,0.317756,-0.076473,-0.333153,-0.407871,-0.0,-0.407871,0.148393,0.494925,0.200063,0.317756,0.148393,-0.166667,0.148393,-0.333153,0.398178,-0.111111,0.148393,0.200063,-0.393811,0.388544,-0.407832,0.205961,0.348589,-0.508492,-0.407871,-0.262976,0.148393,-0.218103,-0.027137,0.165596,0.666667,-0.00347,-0.60515,0.205961,0.265403,0.258841,0.258841,0.125441,-0.407871,0.317756,0.0,-0.272023,-0.261278,0.148393,0.333333,-0.218103,-0.333069,-0.11376,0.252468,0.163308,0.398178,0.325941,0.205961,-0.333075,-0.482445,0.205961,0.325405,-0.218103,0.200063,-0.272023,0.295468,0.314451,0.082469,-0.166582,-0.657669,0.642529,-0.1657,-0.943152,0.082469,0.474882,-0.333069,-0.875457,-0.270019,-0.166667,-0.185748,-0.055385,-0.407871,0.205961,0.297778,-0.66531,0.317756,-0.187521,-0.285354,0.1849,-0.291492,0.508199,-0.178806,-0.417454,-0.230781,0.18177,0.383971,0.325405,0.320767,0.508199,0.24627,-0.1442,-0.238525,0.305855,0.206333,0.666667,-0.688612,-0.076473,0.087371,0.0,#
17,0.611807,0.092034,-0.240704,-0.108774,0.356348,0.578977,0.158377,-0.407871,-0.094925,0.344541,0.553597,0.258369,0.089019,-0.465024,-0.254063,-0.407467,0.408248,1.0,-0.207889,0.234084,0.091624,0.315095,0.231625,-0.666667,0.356348,-0.209481,-0.337362,-0.525608,-0.365676,0.356098,-0.177144,0.048731,0.102062,0.158539,-0.077739,-0.414011,-0.651947,0.12325,-0.408164,-0.089019,0.312318,0.299346,-0.627374,-0.369926,-0.40815,-0.47622,0.419167,0.119659,-0.010119,-0.432401,-0.228217,-0.486544,0.095577,-0.794009,0.064637,0.021045,-0.319008,-0.121987,-0.0,0.243226,-0.480387,0.06262,-0.423194,-0.153868,-0.304799,0.298858,0.408248,-0.57835,-0.077186,0.388544,-0.128791,0.234084,-0.53439,-0.377748,0.225753,-0.024327,-0.145506,0.066923,0.237724,-0.640228,0.237724,-0.182524,-0.182524,-0.666336,0.172721,0.087437,-0.594632,0.066923,0.225753,-0.089087,-0.182524,-0.458399,0.066923,0.066923,0.066923,-0.018755,-0.018755,-0.655622,-0.009489,-0.182524,-0.228217,-0.182524,-0.134842,-0.097602,-0.377748,-0.018755,-0.134842,-0.408248,-0.134842,-0.009489,0.154508,-0.272166,-0.134842,-0.377748,-0.119337,-0.261727,-0.594632,0.066923,0.387674,-0.377748,-0.182524,-0.384417,-0.134842,-0.097602,-0.668885,0.345974,0.102062,0.31022,0.068945,0.066923,0.237724,-0.182524,-0.182524,0.005487,-0.182524,-0.018755,0.0,-0.255904,-0.222608,-0.134842,0.408248,-0.53424,-0.018755,-0.573383,-0.190282,-0.284226,0.154508,0.591015,0.066923,-0.421839,-0.300619,0.066923,-0.009489,-0.53424,-0.377748,-0.255904,0.339942,0.373795,-0.458399,-0.40804,-0.634618,0.087437,0.608819,-0.59317,-0.458399,0.781353,-0.417303,-0.383492,0.103654,0.102062,0.032499,0.090443,-0.182524,0.066923,-0.0521,-0.640228,-0.018755,0.062636,0.148267,-0.056614,0.521773,0.329513,-0.437984,-0.222069,-0.132671,-0.550697,0.580918,0.393794,-0.315476,0.329513,-0.197937,0.343922,-0.137123,-0.053513,-0.140392,0.102062,-0.12975,-0.655622,0.035669,0.0,#
18,0.129634,0.667412,-0.232975,-0.102229,-0.045143,-0.662476,0.222371,-0.405411,-0.067972,0.411668,-0.212062,-0.116214,0.097851,0.248888,0.576055,0.03113,-0.270524,-0.207889,1.0,-0.2106,0.040747,-0.512617,0.256999,0.116937,-0.531298,-0.247314,0.518757,0.249565,0.082644,0.387316,-0.2106,0.107457,0.588787,0.205191,-0.090774,0.440724,-0.191236,0.096919,0.101968,0.857064,-0.522438,-0.256702,0.548633,-0.167912,0.550432,0.055134,0.172622,-0.173947,0.022483,0.26862,-0.0,-0.477556,-0.270898,-0.002801,0.519414,-0.179034,0.695451,0.404172,0.397829,0.26862,-0.493094,0.111822,-0.358193,-0.184883,0.348107,0.184245,-0.270524,0.168856,-0.166143,-0.558854,-0.647441,-0.993569,0.306147,-0.40432,-0.622341,0.005452,-0.639768,-0.397512,-0.201021,-0.13839,-0.575455,-0.20857,-0.579279,0.532085,-0.478619,-0.405579,-0.216021,-0.397512,-0.622341,-0.079868,-0.20857,-0.447305,-0.397512,-0.794823,-0.325274,-0.810929,-0.810929,-0.259208,-0.402422,0.22954,-0.0,-0.20857,-0.662489,-0.531018,-0.40432,-0.021383,-0.662489,0.111392,-0.127744,-0.036248,-0.246362,0.419047,-0.127744,-0.40432,-0.53048,-0.294927,0.217875,-0.397512,0.014729,-0.40432,-0.20857,0.208159,-0.662489,-0.134556,-0.184289,-0.066499,-0.405786,-0.724036,-0.062482,-0.397512,-0.575455,-0.20857,-0.20857,0.087261,-0.20857,-0.449054,0.0,-0.246362,0.377995,-0.662489,-0.397829,-0.088503,-0.449054,0.096919,-0.191916,-0.706177,-0.289649,0.310599,-0.397512,-0.030356,-0.065458,-0.397512,-0.036248,0.307958,-0.40432,-0.246362,-0.387688,0.052541,-0.447305,0.044307,0.280193,-0.405579,0.096711,0.161849,-0.447305,-0.059768,-0.045143,0.02227,0.100623,-0.405786,0.586522,-0.456539,0.22954,-0.397512,0.373672,-0.13839,-0.045143,0.671955,0.163884,-0.026481,-0.208735,0.407207,0.038887,0.227674,0.76919,-0.247084,0.182228,-0.444958,0.026914,0.407207,-0.199499,0.496738,0.869368,0.817675,-0.125864,-0.405786,-0.098622,-0.259208,-0.53806,0.0,#
19,-0.089025,-0.61198,0.257767,0.097261,0.094688,0.661119,-0.169586,-0.109122,0.082876,-0.367535,-0.201261,0.161566,-0.07772,-0.418897,-0.15393,-0.418234,0.263447,0.234084,-0.2106,1.0,0.414829,0.005823,0.334519,-0.161328,0.077779,-0.232219,-0.030839,-0.280627,-0.531611,-0.344691,0.15646,0.374982,-0.089107,-0.169119,-0.338844,-0.431022,0.165872,-0.110657,-0.117611,-0.379138,0.038892,0.257989,0.097331,0.021129,-0.099338,0.033996,0.281562,0.210811,0.460811,-0.314938,-0.45048,0.412015,0.668081,-0.032349,-0.087425,0.328132,-0.348576,-0.453025,0.015499,-0.340584,0.085097,-0.628866,0.371773,0.112117,-0.130741,0.244363,0.263447,-0.556164,-0.360707,0.084806,0.138465,0.15646,0.100892,0.358865,0.153886,-0.380457,0.095002,0.334352,0.576976,0.095002,0.576976,0.153886,0.153886,-0.172603,0.457158,0.414884,0.177867,0.334352,0.596945,0.077779,0.596945,0.382518,0.334352,0.334352,-0.140502,-0.004094,-0.004094,0.199096,-0.029536,0.153886,-0.45048,0.596945,0.605101,0.103737,0.358865,-0.004094,0.605101,-0.108478,0.064316,0.408104,0.661468,-0.408085,0.064316,0.358865,0.263681,-0.160766,-0.260931,0.809206,0.013598,0.358865,0.153886,0.205475,0.605101,0.103737,0.158967,0.119103,-0.108478,-0.293427,0.103377,0.809206,0.129465,0.153886,0.153886,-0.543193,0.153886,-0.004094,0.0,-0.188965,-0.389232,0.605101,0.387422,-0.3701,-0.004094,-0.084213,0.177867,0.363033,0.256413,-0.263115,0.809206,-0.40683,-0.193993,0.334352,0.408104,0.103737,0.358865,0.256413,-0.037671,-0.004945,0.382518,-0.074126,-0.359725,-0.122806,-0.059391,-0.17539,0.382518,0.089425,0.428408,-0.346995,-0.122348,-0.108478,-0.082654,-0.250622,0.153886,0.809206,0.04351,0.095002,0.389252,-0.617392,-0.115377,-0.042981,0.249142,-0.364126,0.403171,0.182119,-0.315524,-0.004003,-0.148059,0.408104,-0.077049,-0.364126,0.162079,-0.434346,-0.344218,0.028439,0.540381,-0.108478,-0.362005,0.199096,0.503677,0.0,#
20,-0.249704,-0.249875,-0.406379,0.267881,-0.327242,0.07646,-0.408042,-0.249704,-0.327161,-0.327161,0.066779,-0.122583,-0.206873,0.046034,0.107267,-0.498913,-0.166623,0.091624,0.040747,0.414829,1.0,-0.377937,0.125988,0.112447,0.20703,0.513431,-0.21643,0.296849,-0.212889,-0.327011,0.414829,-0.193267,0.387654,0.096453,0.56326,-0.499066,-0.284681,0.322176,-0.249883,-0.326993,-0.321784,0.377379,0.377612,-0.059091,0.375062,0.473511,0.357491,-0.594673,0.460962,0.133036,-0.273736,0.055228,0.153193,0.352433,0.300337,0.146326,0.231742,0.224555,0.010201,0.133036,-0.534181,-0.273148,-0.135963,-0.083752,-0.409001,-0.069186,-0.166623,0.022103,-0.966084,-0.393216,-0.333455,-0.118726,0.243877,0.331905,0.418167,-0.498926,0.250154,0.34102,0.428309,0.250154,-0.11723,0.418167,-0.121945,0.11972,0.202851,-0.249808,0.408321,0.34102,0.418167,0.20703,0.418167,0.172207,0.34102,-0.237852,-0.237852,-0.021441,-0.499474,0.17787,-0.015887,0.418167,-0.273736,0.418167,0.259157,-0.327069,-0.18853,0.505801,0.259157,-0.249935,0.259157,0.517621,-0.407928,-0.166623,0.259157,0.331905,-0.083621,0.127235,0.408321,0.34102,0.001594,0.331905,0.418167,0.501325,0.259157,0.774286,0.341345,-0.385163,-0.249935,-0.304659,-0.071927,0.34102,-0.11723,0.418167,0.418167,-0.193048,0.418167,0.027768,0.0,-0.407928,0.216594,0.259157,-0.010201,-0.327069,0.505801,0.322176,0.408321,0.113374,0.627275,-0.399914,0.34102,0.494386,0.387772,0.34102,0.033907,0.250565,0.331905,0.084336,-0.496795,-0.499292,0.172207,0.405664,-0.414443,-0.249808,-0.248485,0.212193,0.172207,-0.330158,0.027768,0.365124,0.653328,0.362151,0.411733,0.436749,0.418167,0.34102,0.042963,0.250154,0.027768,-0.237732,-0.394839,-0.127322,0.02539,-0.320515,0.377888,0.417991,0.266515,0.016396,-0.405761,0.517621,0.299562,-0.320515,-0.081729,-0.158176,-0.320451,0.044128,-0.125592,-0.249935,-0.369614,0.17787,0.242434,0.0,#
