0,1.0,0.187003,-0.61998,-0.410422,0.826715,0.421461,-0.208921,0.26676,-0.653099,0.022172,-0.186382,0.033252,0.673494,0.172708,0.022358,0.235781,0.003726,-0.408147,-0.630798,0.018372,-0.374068,0.410436,0.422326,-0.173615,0.003726,-0.20259,-0.395842,-0.876174,0.286645,-0.40443,0.054914,-0.440834,0.013587,-0.495838,-0.75265,0.003726,-0.056781,0.319663,0.054369,-0.332889,0.003726,-0.394509,-0.216206,0.260432,-0.033537,0.165003,0.181722,0.533889,-0.554618,0.007915,0.421461,-0.211569,0.003726,-0.260353,0.338131,0.476161,0.067669,0.23764,0.48674,0.62242,0.564197,0.326509,-0.419541,-0.480137,0.018929,0.438106,-0.332889,-0.134943,-0.071331,-0.248704,0.072025,0.054914,-0.332889,0.021911,-0.58188,0.494225,-0.019307,-0.181136,-0.57641,0.044928,-0.229157,-0.376914,0.188469,0.322164,0.197897,-0.232905,0.227912,-0.203497,-0.179635,-0.203497,-0.011988,-0.188995,-0.379952,0.032069,0.021911,-0.155741,-0.316683,-0.189918,0.345827,0.606326,0.365789,-0.379952,-0.425838,-0.009034,0.023412,-0.468596,0.197191,-0.165666,-0.169863,-0.65378,0.198765,-0.332889,0.32528,-0.423952,-0.019307,0.017981,-0.372696,0.061767,0.345827,-0.379952,-0.020694,-0.011988,0.525561,-0.35911,-0.117909,0.507844,0.288172,-0.387728,0.538096,-0.012527,-0.81654,0.430529,0.009906,-0.169164,-0.659709,-0.033537,0.003726,-0.605026,0.415668,-0.376914,-0.175342,-0.301821,0.01809,0.493187,0.234732,0.487299,0.017981,0.240695,-0.009034,-0.653407,0.507844,-0.057763,-0.600573,0.00286,0.411076,0.197897,0.238217,0.00984,0.134151,-0.499333,0.078864,-0.499333,-0.498257,-0.100013,0.345827,0.449263,-0.214674,-0.31233,-0.499333,-0.653435,-0.142509,0.059277,0.030203,0.658762,0.272846,-0.50524,-0.214674,-0.294164,0.401009,0.178142,-0.040959,-0.566591,-0.128475,0.390535,0.049931,-0.588132,0.451807,-0.450049,-0.400575,0.051474,0.32528,0.054787,0.224243,-0.160918,0.247005,-0.332889,0.07747,-0.214512,0.106791,0.360929,#
1,0.187003,1.0,0.208704,-0.364481,0.077841,0.083582,0.060039,-0.024512,0.079775,-0.074365,-0.428362,0.118191,0.433685,0.344521,0.225249,-0.428365,0.225249,0.582959,-0.145289,0.111819,-0.335229,-0.109103,-0.104833,-0.428022,-0.327248,-0.428353,0.125182,0.089936,-0.505972,-0.066536,-0.191055,0.069925,0.236025,-0.324957,-0.312414,0.225249,0.463095,0.038758,-0.046851,-0.218165,0.225249,0.211268,0.433333,0.209324,0.203999,-0.334598,0.134761,0.131791,0.389642,0.345964,0.083582,-0.409634,0.225249,-0.438666,0.209652,-0.384312,-0.543202,-0.543521,-0.286166,0.27165,0.348383,0.510483,0.211268,-0.213731,-0.420539,0.283144,-0.218165,-0.560008,0.203387,0.305814,0.203413,-0.191055,-0.218165,-0.232448,-0.197101,0.314946,0.346507,-0.512189,-0.191578,-0.35415,-0.037574,-0.349975,0.202308,0.01367,-0.239079,0.238169,-0.045665,-0.015113,-0.217521,-0.015113,-0.106863,0.234393,-0.533625,-0.187297,-0.232448,-0.091527,0.231254,-0.031247,0.24479,0.232514,0.227959,-0.533625,-0.358796,0.074647,-0.349975,-0.170762,0.233187,-0.196842,-0.212205,-0.428468,0.443672,0.518497,0.231254,0.091987,0.346507,-0.089773,-0.129956,-0.753245,0.24479,-0.533625,0.534234,-0.106863,-0.224281,0.064287,-0.018677,-0.232448,0.490164,-0.029045,0.451883,0.363484,-0.318551,-0.083162,-0.216539,0.014363,-0.033464,0.203999,0.225249,-0.186241,0.607814,-0.349975,-0.202297,-0.270437,-0.327081,-0.248828,-0.061531,0.427197,-0.089773,0.05379,0.074647,-0.428224,-0.232448,-0.686055,0.244785,0.083162,-0.371298,-0.239079,0.359716,0.41245,0.222214,-0.327248,0.168909,-0.327248,0.257193,0.414108,0.24479,0.533164,0.05379,0.537744,-0.327248,0.072301,-0.222974,0.10129,-0.083162,-0.061531,0.526893,0.346507,0.05379,0.480997,0.520305,-0.674267,0.132357,0.23557,-0.020749,-0.216584,-0.34991,0.086714,-0.073108,-0.187297,-0.776731,0.191124,0.231254,0.207654,0.217661,0.036471,0.049785,-0.218165,0.103007,-0.053702,0.395052,0.585841,#
2,-0.61998,0.208704,1.0,0.395572,-0.820241,-0.427023,0.192108,-0.251051,0.656217,-0.019736,-0.233911,-0.427374,-0.244389,0.273877,-0.011714,-0.239372,-0.499817,0.800925,0.227576,0.390189,-0.02139,-0.0035,-0.011859,0.19104,0.00781,0.202769,0.770694,0.856435,-0.253924,0.410462,-0.024946,0.428002,-0.002143,0.494504,0.474155,-0.011714,0.356867,-0.025466,-0.050642,0.317592,0.00781,0.399762,0.205336,0.059967,0.00781,-0.287063,0.469727,-0.352026,0.662948,-0.018738,-0.427023,0.233008,0.00781,0.409032,-0.369981,-0.549977,-0.070908,-0.236696,-0.444501,-0.614548,-0.594139,-0.37154,0.399762,0.473489,-0.352162,-0.455006,0.343624,0.140373,-0.08204,0.267235,0.388122,-0.024946,-0.333211,-0.002955,0.578891,-0.507029,0.508523,-0.203123,0.211369,-0.418343,0.258055,0.003184,0.188964,0.124785,0.175264,0.615651,-0.203123,0.221177,0.188964,0.221177,0.408993,0.18244,-0.003184,-0.008345,-0.002955,0.160407,0.325842,0.192763,-0.319878,-0.581556,-0.375173,0.012735,0.450053,0.401486,0.003184,0.020813,-0.167714,-0.21373,-0.187172,0.657822,0.238038,0.317592,0.325842,0.433655,0.508523,-0.014963,0.364559,-0.493781,-0.319878,-0.003184,0.393082,0.393291,-0.493781,-0.036202,0.139572,-0.002955,0.343624,0.374083,-0.464276,0.008941,0.44058,-0.401144,0.026527,-0.262054,0.659564,0.495912,0.00781,0.615651,-0.348696,0.003184,0.169019,-0.083731,-0.006691,-0.481569,-0.225144,-0.388691,-0.014963,-0.228363,0.401486,0.23198,-0.002955,-0.38196,0.597387,0.003184,0.007044,0.190512,0.09347,-0.023994,0.136111,0.495912,0.329601,0.495912,0.016961,0.10822,-0.294252,-0.42978,0.21473,0.231869,0.495912,0.640115,-0.233568,-0.043678,-0.401144,-0.208283,-0.25992,0.508523,0.21473,0.293091,0.047489,-0.612441,0.037828,0.159186,-0.310443,-0.360936,-0.426535,0.592692,-0.436104,-0.008345,0.069362,-0.057535,0.325842,-0.043552,-0.207984,0.162139,-0.222017,0.343624,-0.447508,0.227988,0.351733,0.051445,#
3,-0.410422,-0.364481,0.395572,1.0,-0.241469,-0.266074,-0.364481,-0.527325,0.036954,-0.191179,0.082891,-0.279783,-0.569161,-0.527647,-0.61145,0.106293,-0.098621,0.104738,-0.028707,0.561538,0.567404,-0.177411,-0.216343,0.070422,0.433933,0.559864,0.059819,0.454496,-0.122381,-0.208646,0.574378,0.58138,-0.10865,0.411309,0.081304,-0.61145,-0.349296,0.214507,-0.642075,0.276139,-0.138069,-0.390079,-0.16727,-0.16162,0.414208,0.392856,-0.091853,-0.272191,0.111782,0.063232,0.177067,0.277417,-0.138069,0.316778,-0.348094,0.078108,0.31134,0.367412,0.12638,-0.701724,-0.482841,-0.451004,0.325419,0.035092,0.060363,-0.115433,0.276139,0.735125,-0.322314,-0.391685,-0.160269,0.031695,0.276139,0.588486,0.389188,-0.460637,0.110808,0.371896,0.383667,0.177423,0.346193,0.579883,0.4392,0.317223,0.419997,0.007879,0.406538,-0.082163,0.408025,-0.082163,0.207619,0.019482,0.692454,-0.41127,0.588486,-0.067017,0.354212,-0.111477,-0.293918,0.054452,-0.27014,0.660291,0.579192,0.584587,0.186357,0.099352,0.012821,-0.004072,0.402745,0.507893,-0.569131,-0.407634,-0.276846,0.558859,0.110808,0.280402,0.317612,0.099352,-0.293918,0.692454,0.154092,0.692841,0.138631,0.227137,-0.186076,0.110808,0.276139,-0.098906,-0.495959,0.251287,0.136049,-0.151356,0.633271,0.149585,0.777545,0.414208,-0.098621,-0.023636,-0.314099,0.579883,0.005375,0.118739,0.434275,0.080095,0.334665,-0.504318,0.280402,-0.800577,0.584587,0.542016,0.110808,-0.007029,-0.037593,0.612046,0.169932,0.389188,-0.211567,-0.130217,-0.163431,0.414208,-0.37715,0.414208,-0.12851,-0.353304,-0.293918,-0.684025,0.094692,-0.010413,0.414208,0.043681,-0.421005,-0.11087,0.24217,-0.082163,-0.818389,0.588486,0.094692,0.14039,-0.701481,0.002302,-0.554251,-0.065608,-0.351907,-0.447021,-0.251228,0.376891,-0.23679,0.062659,0.577396,-0.624237,-0.276846,-0.624985,-0.00202,-0.423698,0.065372,0.276139,-0.732542,0.800272,-0.002809,-0.283921,#
4,0.826715,0.077841,-0.820241,-0.241469,1.0,0.586306,-0.344475,-0.04585,-0.800611,-0.1391,0.089408,0.188657,0.387784,-0.12118,-0.095394,0.112302,0.401452,-0.645148,-0.438881,-0.207107,-0.224432,0.258403,0.270698,-0.325696,-0.095394,-0.337968,-0.636183,-0.803739,-0.025343,-0.577349,0.149708,-0.265029,-0.085242,-0.60783,-0.737968,-0.095394,-0.302423,0.103118,-0.121141,-0.408076,-0.095394,-0.493434,-0.103726,0.07291,0.381578,0.376469,-0.370824,0.446645,-0.554046,0.118668,0.586306,-0.150654,-0.095394,-0.338698,0.391169,0.606076,0.138805,0.365973,0.588441,0.508121,0.670245,0.29128,-0.493434,-0.399783,0.14597,0.583619,-0.408076,-0.023114,0.133615,-0.196869,-0.466106,0.149708,0.254385,0.10783,-0.795968,0.588367,-0.415123,-0.093628,-0.421084,0.180938,-0.123149,-0.248582,0.009793,0.043241,0.019356,-0.437088,0.342687,-0.527007,-0.38285,-0.527007,-0.159458,-0.392414,-0.170805,-0.380183,0.10783,-0.461611,-0.281239,-0.497796,0.379621,0.808001,0.426396,-0.170805,-0.29082,-0.237309,-0.233332,-0.428827,0.38737,-0.003465,0.000934,-0.801446,-0.09793,-0.408076,-0.256784,-0.27784,-0.415123,-0.143474,-0.544277,0.115937,0.379621,-0.170805,-0.249352,-0.159458,0.610648,-0.223041,-0.458822,0.126342,0.254385,-0.346869,0.570397,0.227728,-0.711284,0.265739,0.084529,0.119941,-0.560324,-0.115268,-0.095394,-0.834016,0.510004,-0.248582,-0.378394,-0.161761,-0.08059,0.489342,0.358405,0.500388,-0.143474,0.100614,-0.237309,-0.38489,0.126342,0.017469,-0.815219,0.156508,0.179995,0.019356,-0.029816,0.089219,-0.163535,-0.612114,-0.150635,-0.612114,-0.144183,-0.008117,0.379621,0.597421,-0.350416,-0.035373,-0.612114,-0.801023,0.011647,0.015193,0.250488,0.374559,0.125674,-0.433635,-0.350416,-0.010989,0.126172,0.25846,-0.169573,-0.400228,0.161237,0.295336,0.172739,-0.505761,0.292914,-0.398549,-0.306561,-0.054905,-0.256784,-0.070026,0.408151,-0.30368,0.537162,-0.408076,0.204093,-0.09943,-0.242766,0.128976,#
5,0.421461,0.083582,-0.427023,-0.266074,0.586306,1.0,0.083582,-0.068542,-0.800564,-0.566017,0.525865,-0.232806,-0.058435,-0.109979,-0.092012,0.083582,0.408052,-0.303676,-0.43383,-0.296043,-0.249161,0.266607,0.278978,0.101679,-0.612078,-0.370787,-0.296966,-0.479723,-0.048272,-0.574559,0.048135,0.092735,-0.081795,-0.164056,-0.320872,-0.092012,-0.294767,0.077481,0.225044,0.2587,-0.092012,0.169843,-0.092216,0.080991,0.38805,0.352575,-0.404206,0.418418,-0.039555,-0.396468,0.567249,-0.284641,-0.092012,-0.369742,0.366076,0.073494,-0.00838,0.345562,0.081995,0.202639,0.557788,0.270324,-0.528878,0.107869,-0.168819,0.554998,-0.408052,-0.096757,0.733107,0.467509,-0.501415,0.578094,0.2587,0.07441,-0.832642,0.087194,-0.451931,-0.126472,-0.850408,0.151062,0.331673,-0.281658,-0.02213,0.010148,-0.012038,-0.03243,0.312668,-0.56192,-0.417316,-0.56192,-0.153961,-0.426475,-0.206639,-0.416381,0.07441,-0.496385,-0.325366,-0.531834,0.339455,0.371756,0.399992,-0.614352,0.133136,-0.269938,-0.266308,-0.466048,0.397873,-0.034965,-0.430988,-0.364907,-0.086371,-0.408052,-0.300752,0.142244,-0.451931,-0.178564,-0.583072,0.082244,0.339455,-0.206639,-0.281655,-0.194651,0.580159,-0.256694,-0.526257,0.093041,0.2587,0.147865,0.479966,0.649896,-0.294625,-0.174981,0.050219,-0.372268,-0.595453,0.38805,-0.092012,-0.431928,0.125889,-0.281658,-0.411916,-0.395279,-0.611766,0.464576,0.329226,0.011714,-0.178564,0.106504,-0.269938,0.062819,0.093041,0.228805,-0.417316,0.126055,-0.253416,-0.402583,-0.391164,-0.294786,-0.460632,-0.112014,0.079251,-0.112014,-0.141125,0.503007,-0.316906,0.584427,0.089044,-0.030473,-0.112014,-0.373104,0.397843,-0.694619,-0.19033,-0.086371,0.103188,-0.470563,0.089044,-0.035063,0.109469,0.224873,-0.197874,0.003939,0.13648,0.256407,0.167335,-0.251495,-0.130773,-0.434866,-0.339891,-0.082891,-0.300752,-0.099127,-0.007171,-0.328902,0.516638,-0.408052,0.18828,-0.131962,-0.278413,-0.241078,#
6,-0.208921,0.060039,0.192108,-0.364481,-0.344475,0.083582,1.0,0.426085,0.079775,0.38515,0.029133,0.118191,-0.019051,0.032205,0.225249,0.511596,-0.327248,0.038474,-0.145289,-0.436662,-0.370357,-0.074413,-0.06982,0.022686,-0.327248,0.028882,0.531431,0.089936,-0.050699,0.384318,-0.858167,-0.424077,-0.327169,0.146451,0.125549,0.777745,-0.315611,0.033428,0.780618,0.490164,-0.327248,0.203274,-0.48997,-0.622382,-0.327248,-0.207444,0.16367,0.131791,-0.142464,-0.176451,-0.376154,0.195807,-0.327248,0.268895,0.235951,-0.68274,0.228561,-0.050736,-0.740815,0.27165,0.289524,-0.196859,0.203274,0.354203,-0.144486,0.081057,-0.218165,-0.486988,0.378001,0.278519,0.195382,-0.295161,-0.218165,-0.200284,0.217797,-0.177773,-0.200284,-0.53085,-0.191578,0.100768,-0.52748,-0.3673,-0.234314,-0.477574,0.217797,0.238169,-0.53085,-0.033464,-0.234314,-0.033464,-0.063635,0.217797,-0.100488,0.366248,-0.200284,0.398137,0.273746,0.448087,0.287448,-0.65204,0.227959,-0.533625,-0.358796,-0.371822,-0.3673,-0.191921,-0.653927,0.673786,-0.653592,0.035242,0.012954,0.518497,0.273746,-0.363312,-0.200284,-0.106863,0.308735,-0.191921,0.287448,-0.100488,0.092206,-0.106863,-0.191921,0.04666,-0.036109,-0.200284,-0.218165,0.523502,0.356469,-0.094106,0.118595,-0.533625,-0.77138,0.014363,-0.033464,0.203999,-0.327248,0.238169,-0.217932,-0.3673,0.659587,-0.032562,-0.327081,-0.255219,-0.033464,-0.091246,-0.106863,0.536049,-0.371822,0.044491,-0.200284,-0.116867,0.227992,-0.3673,-0.327924,-0.197101,0.004366,0.062806,0.537929,0.203999,0.449203,0.203999,0.257193,0.446344,-0.409843,0.122108,0.035242,0.163791,0.203999,0.526853,0.680945,-0.375298,-0.533625,-0.492249,0.067188,-0.200284,0.035242,0.0135,0.076937,-0.114859,0.715623,0.246879,0.012552,-0.169774,0.561675,0.444583,-0.044395,0.366248,-0.397097,0.767757,0.273746,0.242667,-0.189365,0.556471,-0.404355,-0.218165,0.131867,-0.535168,0.42653,-0.31314,#
7,0.26676,-0.024512,-0.251051,-0.527325,-0.04585,-0.068542,0.426085,1.0,-0.041977,0.130236,-0.048939,-0.03391,0.114208,0.04559,0.339276,0.426085,-0.212047,-0.124131,-0.272267,-0.130509,-0.079729,0.095703,-0.319243,0.407773,0.318071,0.407596,-0.072727,-0.458696,0.545166,0.087159,-0.359857,-0.586176,0.31841,0.294788,-0.014568,0.339276,0.008674,0.436142,0.535578,0.197911,-0.212047,0.020512,-0.392282,0.018845,-0.76337,-0.123259,0.430496,-0.085866,-0.294892,-0.271078,-0.068542,-0.27631,-0.212047,-0.107372,-0.132263,-0.300391,0.071089,0.053829,-0.326557,0.741613,0.264304,0.208494,0.020512,-0.300131,-0.160689,-0.098613,0.197911,-0.330695,-0.250475,-0.088248,0.535787,-0.359857,-0.508913,-0.2938,0.214315,-0.242296,0.219733,0.056959,-0.184084,0.376447,-0.4402,-0.077291,0.208975,0.197411,0.214315,0.203284,0.056959,0.521365,0.208975,0.521365,-0.350103,0.644893,0.095596,0.769153,-0.2938,0.515709,-0.153298,0.530284,-0.139162,-0.197507,0.541081,-0.336621,-0.554173,-0.094749,0.345774,0.243427,-0.215436,0.255866,-0.194316,-0.074036,0.063555,0.226184,0.525128,-0.540676,0.219733,0.519637,0.51707,0.243427,-0.139162,0.095596,-0.068858,0.07624,0.243427,0.36214,0.541733,0.219733,-0.508913,-0.348145,0.35038,-0.350211,-0.086217,0.103732,-0.318168,-0.027084,-0.402873,-0.233252,0.318071,0.203284,0.077553,-0.077291,0.64528,0.327042,0.318514,0.426436,-0.384561,-0.182105,0.519637,0.444216,-0.094749,-0.055495,0.219733,0.166238,0.208975,-0.077291,-0.077504,-0.199702,0.221875,-0.389821,0.411979,0.296866,-0.138806,0.296866,-0.179229,-0.342707,-0.139162,-0.032903,0.407198,-0.396614,0.296866,-0.045892,0.259244,-0.083434,-0.319332,0.063555,0.470491,-0.2938,0.407198,-0.454031,0.014196,0.173283,0.424011,-0.16702,-0.028119,0.273075,0.391084,-0.338795,0.152077,0.25965,-0.020565,0.364512,0.525128,0.365512,-0.180275,0.01174,-0.49195,0.197911,-0.013292,-0.415224,0.408347,-0.086913,#
8,-0.653099,0.079775,0.656217,0.036954,-0.800611,-0.800564,0.079775,-0.041977,1.0,0.351395,-0.428019,0.084655,-0.054678,0.462547,0.247449,-0.428022,-0.326986,0.583208,0.681118,0.092979,0.041965,-0.109475,-0.122344,0.022181,0.203261,0.028365,0.58165,0.748888,-0.106939,0.801826,-0.213709,0.123327,0.192818,0.257853,0.599549,0.247449,0.589408,-0.323164,-0.027221,-0.217991,0.203261,0.410817,0.433757,0.113255,-0.326986,-0.642886,0.310281,-0.554685,0.456797,0.303995,-0.800564,0.196956,0.203261,0.296974,-0.445579,-0.250747,-0.228376,-0.543578,-0.225837,-0.367698,-0.683084,-0.196642,0.410817,0.312014,0.074881,-0.750398,0.489006,-0.136655,-0.365159,0.143257,0.403894,-0.213709,-0.217991,-0.254411,0.6498,-0.176226,0.347533,-0.065282,0.664225,-0.371463,-0.057389,0.064848,-0.234579,-0.228104,-0.239336,0.256451,-0.530928,0.444454,0.184459,0.444454,0.319208,0.235682,-0.100875,0.335361,-0.254411,0.367325,0.23279,0.421236,-0.449657,-0.651517,-0.490129,0.331447,0.082177,0.056502,0.064848,0.359226,-0.219361,-0.178201,0.194155,0.497551,0.444454,0.547922,0.23279,0.07347,0.347533,-0.107239,0.324321,-0.246385,-0.449657,-0.100875,0.110632,-0.107239,-0.774354,0.062527,0.416859,-0.254411,-0.217991,0.164752,-0.592043,-0.533668,0.573851,-0.100875,-0.238841,0.032218,0.444454,-0.326986,0.203261,0.680063,-0.278097,0.064848,0.225582,0.198296,0.188016,-0.682609,-0.538732,-0.086244,-0.107239,0.073283,0.056502,0.043945,-0.254411,-0.172157,0.665121,-0.367474,0.056422,0.174782,0.353204,0.23158,0.234826,0.203261,0.188121,0.203261,0.280633,-0.11086,0.246322,-0.344873,0.034713,0.187291,0.203261,0.546216,-0.204705,0.55835,-0.100875,-0.08081,0.056375,0.347533,0.034713,0.189226,0.194496,-0.416806,0.352056,0.20765,-0.003196,-0.214514,-0.331386,0.406106,-0.117576,0.335361,0.17119,0.212955,0.23279,0.230181,-0.199147,0.496613,-0.434298,0.489006,0.075707,-0.073162,0.154326,0.146616,#
9,0.022172,-0.074365,-0.019736,-0.191179,-0.1391,-0.566017,0.38515,0.130236,0.351395,1.0,-0.533877,0.667199,0.530368,0.136704,0.111961,0.38515,-0.407856,-0.143515,0.069576,-0.154747,-0.186765,-0.233201,0.143266,-0.533453,0.111961,-0.067827,0.301586,-0.018804,0.077033,0.589994,-0.595839,-0.592098,-0.407758,-0.405002,-0.122244,0.631778,-0.128264,-0.170935,0.232067,-0.271904,0.071975,-0.34597,-0.341192,-0.536884,-0.407856,-0.357533,0.250232,0.262478,-0.543866,0.419478,-0.566017,0.406495,0.071975,0.360362,0.318493,0.031016,0.161979,-0.317962,-0.082705,0.159138,0.011974,-0.204156,0.352417,-0.104655,0.421388,-0.041788,-0.271904,-0.333993,-0.287501,-0.469852,0.34304,-0.595839,-0.271904,-0.062153,0.419382,0.43539,-0.062153,-0.338338,0.43326,-0.108758,-0.819035,-0.157637,-0.380312,-0.468671,0.044639,-0.374879,-0.75971,0.121877,-0.001115,0.121877,0.162872,0.044639,-0.21632,0.466991,-0.062153,0.531389,0.355194,0.567578,0.372326,-0.363418,-0.331084,0.174897,-0.598826,-0.165934,-0.157637,-0.050587,-0.815003,0.473867,0.008456,-0.115178,0.121877,0.421185,0.355194,-0.603011,-0.062153,-0.223027,0.169564,-0.050587,0.372326,-0.21632,0.266466,-0.223027,-0.528357,-0.15804,0.17104,-0.062153,-0.271904,0.201478,0.0158,-0.665656,-0.149226,0.174897,-0.591705,0.381133,0.121877,-0.407856,-0.407856,0.008456,-0.102978,-0.157637,0.459845,-0.022679,0.126748,-0.573032,0.121877,0.499484,-0.223027,0.373458,-0.165934,-0.533705,-0.062153,-0.201385,-0.001115,-0.548854,0.278444,0.419382,0.408649,0.677419,0.774591,-0.407856,0.369005,-0.407856,0.142231,0.020997,0.372326,-0.108991,-0.534009,0.025935,-0.407856,0.347768,0.05838,0.529087,0.174897,0.121877,-0.046578,-0.062153,-0.534009,-0.121369,0.21571,0.044813,0.578315,0.001915,-0.095442,-0.196151,0.300285,0.267922,0.59308,0.466991,-0.227166,0.646858,0.355194,0.153561,0.043005,0.812452,-0.493541,-0.271904,0.27654,-0.346197,0.323273,0.239987,#
10,-0.186382,-0.428362,-0.233911,0.082891,0.089408,0.525865,0.029133,-0.048939,-0.428019,-0.533877,1.0,-0.370322,-0.502284,-0.467427,0.232517,0.029133,0.210987,-0.434017,0.187168,-0.431929,0.071459,-0.068362,-0.063713,0.543091,-0.327246,0.034898,-0.446461,-0.080995,-0.038229,-0.534085,0.245377,0.028969,-0.327167,0.152653,0.451858,-0.327246,-0.309414,-0.316916,0.307838,0.499481,-0.327246,0.179336,-0.025096,-0.124904,0.210987,0.718486,-0.366567,0.108058,0.170125,-0.777244,0.525865,0.137598,-0.327246,0.0751,0.209319,-0.125687,0.228558,0.423342,-0.188124,-0.057122,0.247398,-0.226239,-0.572718,0.332644,-0.361617,0.310492,-0.218164,0.463231,0.583003,0.222117,-0.534225,0.245377,0.499481,-0.270975,-0.233619,-0.204472,-0.250921,0.382799,-0.253467,0.043126,0.395058,0.051421,-0.228788,-0.002928,-0.233619,0.19729,0.382799,-0.077652,-0.228788,-0.077652,-0.53411,-0.233619,0.318232,-0.258402,-0.270975,-0.527344,-0.584496,-0.540771,0.117356,0.164559,0.199565,-0.120602,0.506813,-0.366171,0.067942,0.261529,0.191989,0.161796,-0.24889,0.041343,-0.542471,-0.218164,-0.558004,0.059905,-0.250921,-0.101241,-0.088055,0.261529,0.117356,0.318232,-0.370229,-0.101241,0.261529,0.068284,-0.088307,-0.250921,-0.218164,0.347032,0.159311,0.331238,0.493333,-0.104081,0.273438,0.031624,-0.095151,0.210988,-0.327246,0.19729,0.031496,0.051421,-0.2384,0.349829,-0.327079,0.319172,-0.095151,-0.310955,-0.101241,0.060135,-0.366171,0.501469,-0.250921,0.342936,-0.228788,0.051421,-0.374852,-0.653974,-0.945936,-0.5646,-0.720933,0.210988,-0.08583,0.210988,0.17894,0.121847,-0.589106,0.059908,0.041343,0.013423,0.210988,0.032291,0.625837,-0.630011,-0.120602,-0.542471,0.042992,-0.270975,0.041343,-0.031154,-0.440551,0.337043,-0.381836,0.212429,0.572795,0.495411,0.506101,-0.358546,-0.532139,-0.278299,0.421111,-0.317222,-0.558004,0.215024,0.201779,-0.421948,0.505632,-0.218164,0.06905,-0.087627,-0.699911,-0.36138,#
11,0.033252,0.118191,-0.427374,-0.279783,0.188657,-0.232806,0.118191,-0.03391,0.084655,0.667199,-0.370322,1.0,0.368854,-0.144432,-0.091953,0.118191,0.407791,-0.206925,0.087538,-0.215336,0.157254,-0.566017,-0.189419,-0.800052,-0.091953,-0.334706,-0.183779,-0.178606,-0.081817,0.257129,-0.383582,-0.273499,-0.081742,-0.607405,-0.320667,0.427781,-0.17533,-0.191179,-0.098515,-0.407791,0.387802,-0.28683,-0.077103,-0.444205,-0.111943,-0.348249,-0.401855,0.27756,-0.456524,0.62833,-0.232806,-0.128379,0.387802,-0.317362,0.44006,0.174641,-0.276437,-0.511839,0.042244,0.226615,0.222224,0.37252,0.411445,-0.424876,0.615334,0.251731,-0.407791,-0.572241,-0.028932,-0.322599,-0.061841,-0.383582,0.258534,0.104619,0.011847,0.6248,-0.360871,-0.09025,0.39737,0.191767,-0.56314,0.150901,-0.377091,-0.598343,-0.362837,-0.782047,-0.511556,-0.050774,0.002044,-0.050774,-0.169939,0.04307,-0.165282,0.164645,0.104619,0.362884,0.434313,0.387323,0.459623,0.038486,-0.197786,0.225872,-0.706345,-0.24506,-0.232583,0.12317,-0.411864,0.433712,0.392198,-0.382122,-0.050774,0.285187,-0.180643,-0.286147,-0.360871,-0.137786,-0.162255,0.12317,0.459623,-0.165282,0.18326,-0.555777,-0.354523,0.165818,0.001172,-0.360871,-0.407791,-0.048664,0.145766,-0.178317,-0.260571,0.266138,-0.410348,0.540757,-0.093424,-0.611687,-0.091953,-0.398773,0.147132,0.150901,0.052296,-0.101641,-0.077064,-0.416176,0.355418,0.600846,-0.137786,0.106436,-0.24506,-0.381904,-0.360871,0.02327,0.002044,-0.240253,-0.220043,0.011847,0.340677,0.81192,0.43064,-0.611687,-0.107732,-0.611687,0.408086,0.229766,0.459623,0.197373,-0.347225,0.166542,-0.611687,0.080892,0.019895,0.437314,0.649623,-0.050774,0.131951,0.104619,-0.347225,-0.016227,0.093787,0.265568,0.318656,0.403945,0.073739,-0.36023,0.183523,0.160123,0.675472,0.626481,-0.353959,0.427693,-0.180643,-0.066127,0.009214,0.530113,-0.356389,-0.407791,0.591208,-0.105236,0.065715,0.173621,#
12,0.673494,0.433685,-0.244389,-0.569161,0.387784,-0.058435,-0.019051,0.114208,-0.054678,0.530368,-0.502284,0.368854,1.0,0.491099,0.345147,-0.019051,-0.208792,-0.04689,-0.196935,-0.052794,-0.535129,0.103114,0.512869,-0.488487,-0.208792,-0.501751,-0.04567,-0.450854,0.068506,0.09324,-0.26203,-0.560858,-0.197883,-0.757393,-0.443498,0.345147,0.32762,-0.143297,0.182367,-0.508488,0.302536,-0.156861,0.070876,0.130042,-0.230098,-0.242953,0.401771,0.618444,-0.322495,0.227362,-0.058435,-0.006169,0.302536,-0.084126,0.5496,0.235712,-0.217251,-0.389702,0.206124,0.441945,0.362053,0.265891,-0.156861,-0.325814,0.027411,0.297243,-0.508488,-0.404912,-0.050731,-0.222543,0.360152,-0.26203,-0.508488,-0.299288,-0.208774,0.779739,0.216683,-0.416236,-0.193266,-0.470972,-0.448179,-0.518874,-0.20244,-0.022175,-0.192135,-0.212759,-0.397526,0.058445,-0.219277,0.058445,0.066422,-0.175495,-0.765538,0.24587,-0.299288,0.049965,-0.156484,0.074805,0.556658,0.244783,-0.124263,-0.348641,-0.564102,-0.101984,-0.093802,-0.290005,-0.207944,-0.14985,-0.203748,-0.552326,0.518428,0.230098,0.525162,-0.550368,0.216683,-0.327675,-0.353214,-0.290005,0.556658,-0.765538,0.350334,-0.344809,-0.268791,-0.509402,0.163541,0.216683,0.201691,0.028777,0.370411,-0.344919,-0.53203,0.52807,-0.324083,-0.021657,-0.410197,-0.230098,-0.208792,-0.22978,0.415249,-0.518874,-0.165666,-0.35043,-0.192867,-0.265041,0.068186,0.852467,-0.327675,0.451903,-0.101984,-0.99808,0.216683,-0.376063,-0.219277,-0.501503,0.345164,0.207208,0.399133,0.544661,0.415154,-0.762732,0.50805,-0.762732,-0.175828,0.179004,0.556658,0.41841,-0.515132,-0.018104,-0.762732,-0.058763,-0.161344,0.447413,0.102998,0.518428,0.478633,-0.299288,-0.515132,-0.135853,0.751533,-0.11093,0.232989,-0.203983,-0.022345,0.2778,-0.030827,-0.345156,0.558713,-0.266051,-0.596711,0.37082,0.525162,0.371837,0.264058,0.442328,-0.001217,-0.508488,0.397969,-0.422765,0.17249,0.789052,#
13,0.172708,0.344521,0.273877,-0.527647,-0.12118,-0.109979,0.032205,0.04559,0.462547,0.136704,-0.467427,-0.144432,0.491099,1.0,0.39651,-0.474091,-0.352454,0.359376,0.248644,-0.12422,-0.641184,0.612036,0.594965,0.014017,-0.198255,-0.506375,0.516971,0.124308,-0.003775,0.593867,-0.31599,-0.123256,0.195185,-0.138692,0.090802,0.39651,0.734395,-0.251011,0.252835,-0.499309,0.176227,0.524434,0.489023,0.536412,-0.198255,-0.66283,0.412639,-0.138496,0.255879,0.168965,-0.586558,0.051258,0.176227,0.114923,-0.196287,0.117809,-0.215394,-0.320407,0.196446,0.053133,-0.226747,0.039483,-0.245052,0.365785,-0.021096,-0.503008,0.234969,-0.378477,-0.052452,0.501388,0.290192,0.267641,-0.499309,-0.380874,-0.180135,0.214115,0.152606,-0.513201,-0.164645,-0.577194,-0.010341,-0.628607,-0.31335,-0.114061,-0.162931,0.299172,-0.493857,-0.019024,-0.330759,-0.019024,0.576295,-0.283359,-0.772289,0.184489,-0.380874,-0.029263,-0.228714,0.001102,-0.216,-0.306711,-0.188131,-0.341244,-0.02803,-0.195811,-0.18911,-0.372873,0.17077,-0.54879,-0.31677,-0.038456,0.980281,0.26434,0.476064,-0.163377,0.152606,-0.460619,-0.346689,-0.372873,-0.216,-0.772289,-0.166909,-0.336606,-0.350939,-0.622352,0.046467,0.152606,0.234969,0.145202,-0.154299,-0.437865,-0.0,-0.027469,-0.409905,-0.51935,-0.351379,-0.198255,0.198255,0.281574,-0.053709,-0.628607,-0.135069,-0.31673,-0.213881,-0.361594,-0.484545,0.305263,-0.460619,0.519154,-0.195811,-0.490032,0.152606,-0.200169,0.148483,-0.610647,0.408845,0.249963,0.492561,0.116343,0.113287,-0.198255,0.617989,-0.198255,-0.142229,0.160658,0.506836,0.356615,-0.153823,0.03212,-0.198255,-0.00887,-0.114625,0.439565,-0.466965,0.456569,0.361686,-0.380874,-0.153823,0.085522,0.88604,-0.453892,0.460999,-0.305983,-0.002655,0.270617,-0.401785,-0.011098,0.022896,-0.344804,-0.371054,0.390842,0.476064,0.390877,-0.115074,0.480511,0.022658,0.234969,0.33369,-0.518301,0.101659,0.347184,#
14,0.022358,0.225249,-0.011714,-0.61145,-0.095394,-0.092012,0.225249,0.339276,0.247449,0.111961,0.232517,-0.091953,0.345147,0.39651,1.0,-0.327248,-0.25,-0.067976,0.497263,-0.608219,-0.611803,0.112032,0.117115,0.247449,-0.25,-0.327239,-0.059544,0.0,-0.205677,0.120893,-0.352738,-0.607827,-0.24994,-0.24825,0.472316,0.375,0.464457,-0.595724,0.668723,-0.166667,-0.25,0.335881,0.384729,0.079985,-0.25,0.042741,0.300866,0.046621,0.231112,-0.358931,-0.092012,0.265007,-0.25,0.236558,0.24133,-0.306186,-0.0,-0.205828,-0.33723,0.45225,0.327518,-0.140829,-0.503821,0.286637,-0.567308,-0.0,-0.166667,-0.115643,0.233444,0.244052,0.094482,-0.352738,-0.166667,-0.99695,0.017228,0.30143,0.240141,-0.245371,0.023212,-0.61115,-0.241238,-0.611491,-0.49973,-0.202671,-0.499604,0.499309,-0.245371,0.3175,-0.49973,0.3175,-0.408034,0.017228,-0.407661,0.231036,-0.99695,-0.281014,-0.624884,-0.200062,0.154418,-0.048012,0.195284,-0.407661,-0.122352,-0.612012,-0.13189,0.248926,-0.018057,0.017205,-0.499309,-0.327327,0.3175,0.666667,0.144204,-0.611998,0.240141,-0.408034,0.048575,-0.409995,0.154418,-0.407661,-0.082359,-0.408034,-0.409995,-0.152484,0.366224,-0.41479,-0.166667,0.358897,0.381661,-0.408021,0.417485,0.07194,-0.406128,0.172965,-0.1905,-0.25,-0.25,0.499309,0.49526,-0.611491,0.011355,0.472643,-0.249873,-0.268569,-0.762001,0.365962,-0.408034,0.763762,-0.612012,-0.32714,-0.41479,-0.356348,0.023243,-0.611491,-0.13647,-0.499604,-0.274726,-0.057132,-0.071429,-0.25,0.461418,-0.25,0.410877,0.072933,0.154418,0.407309,-0.327327,0.339388,-0.25,0.239074,0.498882,0.203761,-0.407661,-0.254,0.762713,-0.342019,-0.327327,0.213235,0.397485,-0.350225,0.341547,0.02661,0.745902,0.69897,0.407585,-0.440816,-0.36379,-0.346555,-0.114848,0.383708,0.144204,0.998116,0.512148,0.242216,0.25,-0.166667,0.417881,-0.762507,-0.291994,0.426956,#
15,0.235781,-0.428365,-0.239372,0.106293,0.112302,0.083582,0.511596,0.426085,-0.428022,0.38515,0.029133,0.118191,-0.019051,-0.474091,-0.327248,1.0,-0.327248,-0.438715,-0.645621,0.026226,0.095258,-0.074413,-0.06982,0.022686,0.225249,0.52422,0.040153,-0.429694,0.441724,-0.083235,-0.295161,-0.424077,-0.327169,0.146451,-0.348911,0.225249,-0.786457,0.528368,0.296952,0.490164,-0.327248,-0.539018,-0.9965,-0.622382,-0.327248,0.264845,0.16367,0.337854,-0.742046,-0.176451,0.083582,0.167238,-0.327248,0.240636,0.208601,-0.096295,0.537267,0.442048,-0.18186,0.27165,0.268844,-0.225152,0.203274,-0.213731,0.200581,0.283144,-0.218165,0.024153,-0.112111,-0.487927,0.195382,-0.295161,-0.218165,0.378672,0.217797,-0.19827,-0.200284,-0.017124,-0.191578,0.572833,-0.52748,0.10966,0.227992,0.042567,0.674674,-0.229182,-0.017124,-0.033464,0.227992,-0.033464,-0.063635,0.217797,0.376473,0.366248,0.378672,0.482824,0.273746,0.448087,0.287448,-0.174564,0.227959,-0.056665,-0.358796,0.10091,0.10966,-0.191921,-0.653927,0.673786,-0.186241,0.035242,-0.492249,-0.218165,0.273746,-0.363312,-0.200284,0.363615,0.389248,0.390562,0.287448,0.376473,0.092206,0.363615,0.390562,0.127537,-0.036109,0.378672,-0.218165,-0.03506,0.257238,-0.094106,-0.36278,-0.056665,-0.183901,0.102574,-0.033464,0.203999,-0.327248,-0.229182,-0.302125,0.10966,0.659587,-0.032562,0.240911,0.338314,0.471739,-0.199082,0.363615,0.05379,0.10091,0.044491,0.378672,0.211269,-0.234314,0.10966,0.144141,0.259775,0.004366,-0.10554,0.537929,0.203999,-0.040266,0.203999,-0.326543,-0.133903,-0.409843,-0.306534,0.035242,-0.419575,0.203999,0.026311,0.262265,-0.375298,-0.056665,0.012954,-0.392517,-0.200284,0.035242,-0.473997,-0.385398,0.465636,0.200976,-0.194178,-0.387068,-0.169774,0.561675,0.126478,0.386303,0.366248,0.025924,0.258963,0.273746,-0.282528,-0.189365,0.097647,-0.404355,-0.218165,-0.301029,-0.02538,0.42653,-0.394017,#
16,0.003726,0.225249,-0.499817,-0.098621,0.401452,0.408052,-0.327248,-0.212047,-0.326986,-0.407856,0.210987,0.407791,-0.208792,-0.352454,-0.25,-0.327248,1.0,-0.087969,0.032342,-0.084587,0.421374,-0.408118,-0.407882,-0.326986,-0.25,-0.327239,-0.595444,-0.188103,-0.205677,-0.408015,0.259654,0.391341,0.387162,-0.24825,-0.236158,-0.25,-0.068177,-0.035833,-0.405287,-0.166667,0.375,0.067176,0.323336,0.102203,0.375,0.021371,-0.811029,0.01332,0.105508,0.255677,0.408052,-0.639896,0.375,-0.818363,0.148511,0.178609,-0.523823,-0.227269,0.154564,0.075376,0.257335,0.691343,0.067176,-0.380536,0.239415,0.359239,-0.166667,-0.280848,0.320985,0.179828,-0.512905,0.259654,0.666667,0.203756,-0.499604,0.231869,-0.378405,0.303485,-0.034818,0.367876,0.312958,0.377686,-0.005811,-0.169982,-0.499604,-0.499309,0.303485,-0.22225,-0.005811,-0.22225,-0.408034,-0.011485,0.07194,-0.382654,0.203756,-0.217147,0.096136,-0.231322,0.106163,0.492122,0.162736,0.07194,-0.122352,-0.106954,-0.101915,0.212319,0.493546,-0.040145,0.469938,-0.327327,-0.22225,-0.166667,-0.672953,0.387801,-0.378405,0.094617,-0.406816,0.212319,0.106163,0.07194,-0.111772,-0.408034,0.212319,0.396459,-0.219734,-0.378405,-0.166667,-0.298238,0.157155,0.596807,-0.127061,0.101915,0.221524,0.206227,-0.254,-0.25,0.375,-0.499309,0.304775,0.377686,-0.499613,-0.087066,-0.249873,0.187998,0.28575,0.121987,0.094617,-0.327327,-0.106954,0.196284,-0.378405,0.274685,-0.005811,0.377686,-0.61115,-0.499604,-0.095557,0.165047,-0.428574,-0.25,-0.584463,-0.25,0.337506,0.255264,0.106163,0.374983,0.218218,0.182264,-0.25,-0.327154,-0.03789,-0.11242,0.581516,-0.22225,0.208013,0.203756,0.218218,0.139706,-0.160389,0.269965,-0.31826,0.492284,0.218496,-0.201219,-0.133739,-0.125947,0.090947,0.194937,-0.14675,-0.268596,-0.672953,-0.269333,-0.032009,-0.346023,0.178572,-0.166667,0.385234,0.294751,-0.327603,-0.091491,#
17,-0.408147,0.582959,0.800925,0.104738,-0.645148,-0.303676,0.038474,-0.124131,0.583208,-0.143515,-0.434017,-0.206925,-0.04689,0.359376,-0.067976,-0.438715,-0.087969,1.0,0.079922,0.547478,0.116517,-0.160246,-0.168715,0.002262,-0.087969,0.013192,0.551743,0.63782,-0.158042,0.297535,0.058455,0.547218,0.431744,0.34012,0.223198,-0.067976,0.611879,0.142135,-0.226881,0.154612,0.431848,0.542592,0.414248,0.359344,-0.087969,-0.548263,0.383089,-0.263756,0.748298,0.170182,-0.303676,-0.348188,0.431848,-0.187748,-0.304043,-0.510947,-0.597648,-0.603963,-0.388353,-0.407488,-0.481189,0.251458,0.542592,0.06371,-0.275376,-0.325944,0.287899,-0.254723,-0.063475,0.361172,0.5287,0.058455,-0.405191,0.049582,0.371621,-0.339708,0.615244,-0.114225,0.058288,-0.308054,0.361443,0.127145,0.34927,0.240296,-0.074765,0.408702,-0.114225,0.350397,0.34927,0.350397,0.262185,0.371621,-0.22495,0.082451,0.049582,0.285206,0.392097,0.314588,-0.265198,-0.362459,-0.305056,-0.143446,0.159491,0.531633,0.127145,0.119208,0.061996,-0.439744,0.031945,0.478165,0.436727,0.314556,0.392097,0.571611,0.615244,0.181789,0.180247,-0.4499,-0.265198,-0.22495,0.553443,0.181789,-0.4499,0.12292,0.292875,0.049582,0.287899,0.066459,-0.350465,0.21682,0.185612,-0.143446,0.086217,-0.361555,0.350397,0.331883,0.431848,0.408702,-0.136492,0.127145,-0.047764,-0.310143,-0.102769,-0.378012,-0.143206,-0.218525,0.181789,-0.324594,0.531633,0.040813,0.049582,-0.311814,0.800959,0.127145,-0.227386,0.003306,0.368529,0.109857,0.134809,0.331883,0.113161,0.331883,-0.036145,0.225136,-0.133988,-0.217569,0.478165,0.156616,0.331883,0.497703,-0.46785,0.006518,-0.143446,-0.056876,0.097593,0.615244,0.478165,0.179701,0.272593,-0.549193,-0.043703,0.364747,-0.419607,-0.443457,-0.70406,0.417567,-0.176844,0.082451,-0.213899,-0.122744,0.392097,-0.107442,-0.376808,0.068627,-0.362158,0.287899,-0.231007,0.32406,0.469077,0.284862,#
18,-0.630798,-0.145289,0.227576,-0.028707,-0.438881,-0.43383,-0.145289,-0.272267,0.681118,0.069576,0.187168,0.087538,-0.196935,0.248644,0.497263,-0.645621,0.032342,0.079922,1.0,-0.403976,-0.028305,-0.112195,-0.04062,0.105183,-0.068727,-0.28025,0.070613,0.586314,-0.330248,0.436451,-0.03676,0.057764,-0.077032,-0.023404,0.772816,0.07277,0.453956,-0.810232,0.053742,-0.328813,0.032342,0.413886,0.665702,0.078038,0.032342,-0.175559,-0.198633,-0.448688,0.460831,0.040074,-0.43383,0.351409,0.032342,0.271295,-0.190326,-0.004126,-0.107297,-0.312461,-0.040446,-0.314476,-0.388903,-0.279909,-0.156429,0.486382,0.003535,-0.478476,0.237177,0.124495,0.033032,0.25819,-0.240316,-0.03676,0.371937,-0.537081,0.22436,0.09524,-0.038128,0.116323,0.628546,-0.464021,0.130318,-0.028502,-0.650443,-0.45165,-0.654135,0.151989,-0.34521,0.179702,-0.235107,0.179702,-0.040929,-0.1861,-0.054872,-0.052072,-0.537081,-0.240436,-0.267397,-0.187442,-0.282175,-0.273296,-0.375797,0.373631,0.327454,-0.439693,-0.106059,0.468606,0.093828,-0.131137,0.169088,0.183499,0.179702,0.42584,-0.391767,-0.016854,-0.038128,-0.463608,-0.039668,-0.128103,-0.282175,-0.054872,-0.307083,-0.463608,-0.651407,-0.026631,0.180037,-0.631223,-0.328814,0.337764,-0.408796,-0.395299,0.805057,-0.050024,-0.114634,0.256252,0.261852,-0.49322,-0.068727,0.571858,-0.008624,-0.028502,-0.195189,0.468849,-0.080815,-0.57676,-0.622283,0.074962,-0.463608,0.218788,-0.439693,0.172462,-0.631223,-0.012726,0.23849,-0.457005,-0.116677,-0.243675,-0.242607,0.110045,-0.360389,-0.068727,0.122371,-0.068727,0.599416,-0.016512,0.274996,-0.009828,-0.275249,0.388043,-0.068727,0.317021,0.189739,0.459944,0.027533,-0.33784,0.195101,0.056015,-0.275249,0.358857,0.048942,-0.210731,0.119,0.280565,0.644286,0.226406,0.002884,0.033751,-0.3847,0.041331,0.360508,0.052122,-0.391767,0.472948,0.20498,0.27866,0.166332,0.237177,0.414749,-0.245369,-0.579525,0.061153,#
19,0.018372,0.111819,0.390189,0.561538,-0.207107,-0.296043,-0.436662,-0.130509,0.092979,-0.154747,-0.431929,-0.215336,-0.052794,-0.12422,-0.608219,0.026226,-0.084587,0.547478,-0.403976,1.0,0.56852,-0.154846,-0.163382,0.007547,0.439045,0.488022,0.082186,0.140547,0.319784,-0.153877,0.608421,0.561027,0.43894,0.346616,-0.232446,-0.608219,0.16264,0.62186,-0.698045,0.158432,0.439045,-0.162349,-0.068977,0.369642,-0.084587,-0.096754,0.381054,-0.067389,0.179381,0.166915,0.139674,-0.38261,0.439045,-0.220235,-0.336085,0.056732,-0.306644,-0.129058,0.154549,-0.417762,-0.509597,0.228241,0.541163,-0.478704,0.058783,-0.135755,0.292697,0.239024,-0.531268,-0.367031,0.527252,0.074829,-0.405479,0.614718,0.365743,-0.366484,0.614718,0.384099,0.049927,0.146935,0.376386,0.589973,0.798037,0.746718,0.365743,-0.040224,0.384099,0.34683,0.798037,0.34683,0.270683,0.365743,0.23201,0.07817,0.614718,0.364371,0.391102,0.311054,-0.271187,0.095437,-0.310441,0.314111,0.170518,0.99343,0.589973,0.114893,0.0705,-0.451564,0.483158,0.486948,-0.045016,-0.405479,0.391102,0.585666,0.614718,0.635596,0.249756,0.114893,-0.271187,0.23201,0.550302,0.635596,0.114893,0.19556,0.289125,0.614718,0.292697,-0.471067,-0.455041,0.224986,-0.276953,0.314111,0.659697,-0.291431,0.34683,0.338347,0.439045,-0.040224,-0.226802,0.589973,-0.056531,-0.321037,0.438821,0.196884,0.34683,-0.330193,0.635596,-0.796345,0.99343,0.046383,0.614718,0.0122,0.359884,0.589973,0.228195,0.444388,0.368443,-0.058707,0.125442,0.338347,-0.358331,0.338347,-0.606908,-0.32902,-0.139014,-0.631975,0.486948,-0.411224,0.338347,0.013988,-0.876128,-0.00068,0.314111,0.433793,-0.349668,0.614718,0.486948,-0.293329,-0.169992,0.011991,-0.546666,-0.059058,-0.811625,-0.445176,-0.715794,0.113202,0.235917,0.07817,0.195012,-0.621312,0.391102,-0.622069,-0.387825,-0.377987,-0.360213,0.292697,-0.649716,0.821878,0.466897,0.202439,#
20,-0.374068,-0.335229,-0.02139,0.567404,-0.224432,-0.249161,-0.370357,-0.079729,0.041965,-0.186765,0.071459,0.157254,-0.535129,-0.641184,-0.611803,0.095258,0.421374,0.116517,-0.028305,0.56852,1.0,-0.593465,-0.621183,0.059152,0.421374,0.543205,-0.331001,0.123846,0.340418,-0.203765,0.576276,0.552188,0.42167,0.398308,0.077243,-0.611803,-0.192741,0.356934,-0.646984,0.26741,0.401116,-0.157862,-0.121785,0.015339,-0.105344,0.078621,-0.277086,-0.232933,0.055858,0.089806,0.189124,-0.426766,0.401116,-0.381103,-0.287922,0.083531,-0.285813,-0.09507,0.054502,-0.395794,-0.448903,0.277308,0.549795,-0.479923,0.367008,-0.086802,0.26741,0.245787,-0.342393,-0.386888,0.070984,0.039541,0.26741,0.588856,0.38372,-0.409228,0.117111,0.822747,0.378445,0.581493,0.352188,0.998603,0.434519,0.31776,0.004002,-0.4127,0.395781,0.366369,0.818749,0.366369,-0.200207,0.415363,0.671565,0.098523,0.588856,0.384114,0.354456,0.330112,-0.285297,0.055149,-0.259522,0.655048,0.146736,0.590017,0.609966,0.61036,0.013364,-0.01924,0.818259,0.507501,-0.552641,-0.407868,-0.268763,0.564566,0.117111,0.688219,0.301415,0.61036,-0.285297,0.671565,0.164557,0.264611,0.126248,0.642529,0.302699,0.117111,-0.407868,-0.450085,-0.501385,0.251972,0.13032,0.282928,0.633666,0.138111,0.323145,-0.105344,0.421374,-0.024277,-0.314578,0.998603,-0.009937,0.099378,0.421738,0.245923,0.340641,-0.490299,0.688219,-0.801038,0.590017,0.524884,0.117111,0.513995,0.378014,0.602194,-0.244541,-0.01182,-0.029134,-0.116665,-0.163227,0.401116,-0.799156,0.401116,-0.134844,-0.340414,-0.285297,-0.678659,0.542866,-0.376978,0.401116,0.048738,-0.431997,-0.104307,0.671565,-0.07101,-0.351728,0.588856,0.542866,-0.351066,-0.681826,0.514623,-0.557435,0.381557,-0.358506,-0.447799,-0.266908,0.07742,0.205722,0.566565,0.565319,-0.624974,-0.268763,-0.625734,-0.432649,-0.413862,-0.409798,0.26741,-0.288465,0.800759,-0.002424,-0.266897,#
