0,1.0,0.479237,-0.24975,-0.250738,0.393547,0.007797,0.50246,-0.1665,0.37428,0.494637,-0.211683,-0.00381,0.081568,0.740678,0.0,-0.119164,0.102657,-0.081568,-0.159668,0.338266,0.129177,0.146831,-0.370767,-0.533791,0.387263,0.04549,0.403381,0.031067,0.304771,0.582779,-0.985172,0.0,0.063973,-0.407841,0.145198,0.101897,-0.237013,-0.60179,-0.24975,0.38721,-0.492119,-0.237013,0.168176,-0.045256,-0.244745,0.095688,0.224861,0.296883,0.293648,0.478954,0.132765,-0.499389,0.063973,0.305241,-0.318543,0.188488,0.408187,-0.299685,0.058776,0.139639,-0.530012,0.628335,0.210634,-0.299685,-0.762241,-0.10653,0.0,0.224361,0.069094,0.270993,-0.401675,-0.334214,0.202946,-0.004757,-0.327,-0.092541,-0.24975,-0.163912,-0.326834,-0.499501,0.039538,-0.611761,0.313714,-0.327,-0.407841,-0.327,-0.285773,-0.407841,-0.156513,-0.611761,-0.407841,-0.24975,0.313714,-0.1665,-0.499249,-0.249623,-0.407841,-0.168149,-0.407639,-0.327,-0.299685,0.039538,-0.499249,-0.1665,-0.285773,0.338823,0.567521,-0.407841,-0.1665,-0.407841,0.162961,0.0,-0.327,-0.327,-0.163912,-0.407841,-0.499249,-0.499249,0.121826,-0.407841,0.313714,-0.24975,-0.168149,-0.326834,0.151284,-0.499501,-0.499249,-0.059904,0.089917,-0.327,-0.223264,-0.327,-0.76924,0.319355,-0.163912,-0.327,0.0,-0.326834,0.13934,-0.063442,0.0,-0.998148,0.498226,-0.332219,-0.762512,-0.685656,-0.24975,0.80086,-0.376528,0.632701,-0.594183,-0.327,0.0,-0.24975,0.349911,0.184755,0.096559,0.329639,-0.285773,-0.407841,-0.813288,-0.249623,0.155625,0.349911,-0.407841,0.179391,0.172268,0.402712,0.0,-0.611427,-0.023988,0.248268,-0.1665,-0.28968,0.45371,-0.499501,0.0,-0.212612,0.079275,-0.998148,0.26184,0.120731,-0.34272,0.179391,0.26184,-0.407841,0.406614,-0.611427,-0.073423,0.187261,-0.499501,0.271451,0.466704,0.052548,0.179391,-0.01835,-0.392287,-0.588667,0.349911,-0.24847,#
1,0.479237,1.0,-0.499704,-0.196107,0.387214,-0.186006,0.197266,-0.333136,-0.037665,0.187921,-0.201996,-0.204644,0.408007,0.185052,0.0,0.007895,-0.437979,-0.015693,-0.170583,-0.009426,0.289093,0.362766,0.011116,-0.000787,-0.028279,-0.586838,0.815823,0.309801,0.219071,-0.039553,-0.541213,0.0,0.150586,-0.816014,-0.040349,-0.438518,0.435192,-0.772905,0.019219,0.408962,-0.141299,0.435192,0.32741,-0.069653,0.089034,0.320536,-0.245522,0.774889,0.416593,0.200827,0.334011,-0.999186,0.150586,-0.526287,-0.000717,-0.26845,0.406992,0.164731,0.391995,0.348006,-0.077689,0.34876,0.149207,0.164731,-0.191039,0.200184,0.0,0.500259,0.262899,-0.06125,-0.37619,-0.418035,0.228709,-0.475909,-0.218089,-0.090636,-0.499704,-0.43835,-0.218294,-0.599645,-0.442078,-0.816014,-0.029331,-0.654267,-0.408007,-0.654267,0.201827,-0.408007,-0.465717,-0.408007,-0.408007,-0.499704,-0.029331,-0.333136,-0.198572,0.004391,-0.816014,-0.437827,-0.410014,-0.654267,0.164731,-0.442078,-0.198572,0.333136,0.201827,-0.062578,-0.050846,-0.408007,-0.333136,-0.408007,0.200209,0.0,-0.218089,-0.654267,-0.019681,-0.408007,-0.198572,0.205479,-0.421879,-0.408007,-0.029331,-0.499704,-0.437827,-0.218294,-0.010939,-0.599645,-0.198572,0.340664,-0.363279,-0.654267,-0.247859,-0.654267,-0.368717,-0.103786,-0.43835,-0.654267,0.0,0.225887,0.167357,-0.634677,0.0,-0.498472,-0.101349,-0.06512,-0.215938,-0.390704,-0.499704,0.637479,-0.534101,0.333136,-0.765101,-0.654267,0.0,-0.499704,-0.050097,0.188205,-0.439894,0.328281,-0.689257,-0.816014,-0.602682,0.004391,-0.251111,-0.050097,-0.816014,0.470114,0.176757,0.084606,0.0,-0.408077,0.165168,0.199421,-0.333136,-0.245591,0.168521,-0.599645,0.0,-0.171051,0.794078,-0.498472,0.620742,-0.409442,-0.497742,0.470114,0.198248,-0.816014,-0.002709,-0.408077,0.133552,0.6347,-0.599645,0.6409,0.583234,0.216795,-0.04726,-0.638262,-0.029713,-0.753801,-0.050097,-0.027812,#
2,-0.24975,-0.499704,1.0,0.344494,0.414467,-0.011707,-0.007871,0.666667,0.39867,-0.499817,-0.233084,0.015255,-0.408248,0.239032,0.0,-0.612213,0.102004,-0.102062,-0.225289,0.386706,-0.633336,-0.689763,0.255458,0.174014,-0.249944,0.418099,-0.105031,0.05183,0.326867,-0.40764,0.287826,5.6e-05,-0.320185,0.612372,0.161493,0.121615,0.366341,0.311582,-0.25,-0.611995,0.418099,0.366341,-0.6784,-0.400743,0.256125,-0.422577,0.777184,0.123036,0.329934,0.019208,-0.632539,0.50735,-0.320185,0.183714,-0.391584,-0.323847,-0.092338,0.071426,-0.441253,0.17312,-0.336851,-0.173968,-0.745456,0.071426,0.321045,0.223194,0.0,0.249539,0.108867,0.294027,-0.01711,0.399234,0.225249,0.666667,-0.327327,-0.336851,0.375,0.436371,-0.32716,0.5,0.116405,0.408248,-0.249461,0.763763,0.102062,0.763763,-0.761584,0.102062,0.435194,-0.102062,0.102062,0.375,-0.249461,-0.166667,0.005615,0.392657,0.612372,-0.092229,0.626437,0.218218,0.071426,-0.407418,0.005615,-0.166667,-0.204328,-0.248719,0.124011,0.102062,-0.166667,0.102062,0.329109,0.0,0.218218,0.763763,-0.087274,0.612372,0.005615,-0.499748,0.131513,0.102062,-0.249461,-0.25,0.426557,-0.32716,-0.492926,0.5,0.005615,-0.289658,0.225019,0.218218,0.335841,0.763763,0.196718,-0.12736,-0.087274,0.218218,0.0,0.228395,0.162944,0.521651,0.0,0.25852,-0.404203,-0.282354,0.335841,0.217985,0.375,-0.321451,0.267208,-0.166667,0.465221,0.218218,0.0,1.0,0.436371,-0.325972,0.560602,-0.026958,0.352929,0.102062,0.301519,-0.249873,0.80403,0.436371,0.612372,0.299284,0.249081,-0.494619,0.0,-0.09724,0.018957,0.263028,-0.166667,0.344031,-0.498793,0.5,0.0,0.193477,-0.396774,0.25852,-0.197281,0.625336,0.437237,-0.994916,-0.197281,0.612372,-0.237869,0.417559,-0.367484,-0.317008,0.5,-0.761108,-0.499113,0.138808,-0.347816,0.055104,0.278277,0.235702,-0.087274,0.429605,#
3,-0.250738,-0.196107,0.344494,1.0,-0.065401,-0.225214,0.203882,0.229663,-0.187689,0.20639,-0.428941,-0.173045,0.093759,-0.031507,0.0,-0.115333,-0.35933,-0.09376,-0.49286,0.324303,-0.247401,-0.218056,-0.308527,0.164056,-0.762638,-0.237949,-0.104144,-0.306302,0.08648,-0.382919,0.209454,4.9e-05,0.38791,0.529071,0.110273,-0.323966,0.322231,0.334622,-0.209157,-0.511369,0.220429,0.322231,-0.2471,-0.424593,0.337589,-0.797199,-0.019646,-0.077939,0.12268,0.214897,-0.198516,0.226184,-0.133475,0.147356,-0.34061,-0.583918,-0.125219,0.241366,-0.365144,-0.208051,-0.399243,0.212283,-0.019103,0.241366,0.091105,-0.217038,0.0,-0.281668,0.024373,0.183754,0.043926,0.199295,0.432813,0.544081,-0.068015,-0.399243,0.303483,0.7922,0.414365,0.213258,0.082111,0.358295,-0.260461,-0.032218,0.077017,0.415251,0.009345,0.077017,-0.042835,-0.093759,-0.375037,0.303483,0.281163,0.174981,0.655479,0.344318,0.077017,-0.126332,0.104083,0.415251,0.241366,0.047739,0.655479,0.229663,0.009345,-0.158011,0.066455,0.077017,-0.508538,-0.375037,-0.056805,0.0,-0.068015,0.451048,-0.135533,0.562556,0.207808,0.207808,-0.322433,0.077017,0.281163,0.303483,0.333229,0.414365,-0.458662,0.656179,-0.239863,-0.278599,-0.180876,0.415251,-0.417704,0.415251,0.478832,0.358311,0.328333,0.415251,0.0,-0.041315,-0.226671,0.639201,0.0,0.221443,0.09283,-0.313423,0.528891,0.473044,0.303483,-0.153247,0.244318,0.202322,-0.140655,-0.032218,0.0,0.344494,0.354104,0.392433,0.131286,-0.062797,0.502986,0.077017,-0.056885,0.302157,0.433611,0.354104,0.077017,-0.295637,0.024516,-0.190678,0.0,0.353564,0.218515,-0.526857,0.174981,0.017737,-0.66493,0.656179,0.0,-0.182725,-0.34529,0.221443,0.064957,0.076534,0.815475,-0.338098,-0.403149,0.529071,-0.256095,0.353564,-0.433495,-0.508277,-0.229663,-0.416809,-0.683399,0.201821,0.23513,-0.160301,-0.252849,0.307392,-0.109763,0.342728,#
4,0.393547,0.387214,0.414467,-0.065401,1.0,-0.452264,0.393651,0.249996,0.415601,-0.004316,-0.578128,-0.407355,0.257837,0.543606,0.0,-0.233552,-0.175968,0.177263,-0.020806,0.434479,-0.317704,-0.323671,0.093227,-0.004041,-0.1277,-0.054576,0.548176,0.247553,0.337447,-0.201525,-0.32147,0.0,0.028251,-0.161148,0.48925,-0.15981,0.530221,-0.729089,-0.611831,-0.273163,-0.038236,0.530221,-0.332252,-0.229713,0.421984,0.162356,0.526719,0.703088,0.524886,0.009098,-0.24716,-0.396409,0.028251,-0.401518,-0.452669,-0.403505,0.61932,-0.08458,-0.108378,0.400395,-0.488649,0.260948,-0.611143,-0.08458,-0.08591,0.269198,0.0,0.593276,0.224471,0.174466,-0.216793,-0.142429,0.088912,0.231199,-0.353162,-0.501944,-0.118419,-0.253091,-0.800668,0.007895,-0.168172,-0.241722,-0.12859,0.094751,-0.145033,0.094751,-0.542094,-0.177263,0.138802,-0.225607,-0.177263,-0.078946,-0.12859,-0.407888,-0.409159,-0.104268,-0.161148,-0.281232,-0.149272,-0.37039,-0.08458,-0.614792,-0.409159,0.276311,-0.102162,-0.162438,0.206526,-0.177263,-0.407888,-0.177263,0.640509,0.0,0.111978,0.094751,-0.269627,0.257837,-0.377242,-0.393201,-0.134971,-0.177263,-0.12859,-0.611832,0.161094,-0.800668,-0.537983,0.007895,-0.409159,-0.045333,0.435227,-0.37039,0.346601,0.094751,-0.261053,0.061836,-0.69956,-0.37039,0.0,0.12914,0.202218,-0.010743,0.0,-0.380051,-0.263627,-0.398757,-0.06315,-0.155865,-0.078946,0.108242,-0.413018,0.276311,-0.150164,-0.37039,0.0,0.414467,0.567273,-0.360804,0.181608,0.585692,-0.542094,-0.564017,-0.178528,-0.61152,0.541521,0.567273,-0.161148,0.600898,0.543027,-0.108359,0.0,-0.636262,-0.022449,0.728209,-0.407888,0.355019,-0.023834,0.007895,0.0,0.11892,0.215158,-0.380051,0.337077,0.264034,0.05576,-0.461689,-0.096785,-0.161148,-0.096676,-0.229849,-0.179343,0.056582,0.007895,-0.127473,0.401911,0.093434,-0.482123,-0.416172,0.079332,-0.3368,0.153876,-0.030346,#
5,0.007797,-0.186006,-0.011707,-0.225214,-0.452264,1.0,0.153214,0.317399,-0.030441,-0.221504,0.645649,0.210262,-0.8157,-0.244429,0.0,-0.421103,0.394879,-0.426968,-0.267005,-0.499401,0.393595,0.312345,0.474303,-0.3242,0.495868,0.259635,0.042141,-0.089603,-0.229342,0.020757,-0.060543,2.4e-05,-0.161995,-0.019118,-0.359538,-0.018494,-0.283066,0.498693,0.534634,0.020331,0.291944,-0.283066,0.353577,-0.35874,-0.489501,0.105542,0.175279,-0.144929,-0.253764,0.188895,-0.339299,0.180986,-0.161995,0.401785,0.539795,0.636513,-0.44154,-0.392456,0.205106,0.29786,0.424599,-0.319397,0.31797,-0.392456,-0.203321,-0.205363,0.0,-0.005543,-0.385261,0.448309,0.064633,-0.103971,0.225162,-0.390616,-0.228224,0.753236,0.476098,0.013623,0.222198,0.187317,-0.38885,-0.012745,0.037566,0.214599,-0.417409,0.197567,-0.19079,-0.019118,0.361402,-0.411037,0.395105,-0.011707,0.01695,0.317399,0.192657,0.513745,0.395105,0.010078,0.420028,0.197567,-0.392456,0.019988,0.192657,-0.333008,0.244142,-0.055766,0.407252,-0.019118,0.343415,0.395105,-0.492736,0.0,-0.228224,-0.228224,0.43867,-0.417409,-0.201773,-0.201773,0.368212,-0.019118,0.01695,-0.011707,0.010078,0.222198,0.183556,-0.218537,0.602864,0.540516,-0.375838,0.197567,0.18396,0.197567,-0.304439,-0.388666,0.43867,0.197567,0.0,-0.211406,-0.051888,-0.200385,0.0,-0.003708,-0.006795,0.559752,-0.229712,-0.403462,-0.011707,0.284477,0.476818,-0.333008,-0.09174,0.214599,0.0,-0.011707,-0.017256,0.236556,-0.05673,-0.385463,0.244142,-0.003186,-0.009413,0.513745,-0.211401,-0.017256,0.395105,0.028535,-0.276952,-0.192057,0.0,0.006607,0.218385,-0.087496,0.317399,-0.210207,-0.212887,-0.218537,0.0,0.279793,0.026602,-0.003708,-0.632839,-0.018426,-0.416598,0.028535,-0.203907,-0.019118,0.040431,-0.009464,0.364779,0.234727,0.187317,-0.191646,-0.202567,0.280767,0.533589,0.528711,0.011825,0.080944,-0.425955,-0.020471,#
6,0.50246,0.197266,-0.007871,0.203882,0.393651,0.153214,1.0,0.322715,-0.026767,0.615564,-0.274193,-0.623591,0.01928,0.204912,0.0,0.005285,-0.012846,-0.003213,-0.257359,0.002153,0.340437,0.284753,-0.059108,-0.499691,-0.017149,-0.153988,0.401778,-0.306378,-0.254245,-0.021245,-0.44738,-2.4e-05,0.651103,-0.012853,0.519889,-0.429707,0.010161,-0.354139,-0.499814,-0.420073,-0.137696,0.010161,0.301993,-0.498103,0.102728,0.055436,0.181914,0.175956,-0.098999,0.166307,-0.371949,-0.206599,0.169299,-0.010959,0.006018,0.128338,0.398952,-0.700494,0.001544,0.270408,-0.265801,0.336853,0.17061,-0.700494,-0.671519,-0.490727,0.0,-0.029915,-0.419982,0.568425,0.071511,-0.437312,0.232892,-0.046477,-0.225007,0.065624,0.484072,-0.016029,-0.216795,0.196777,-0.433379,-0.003213,-0.018249,-0.225007,-0.414523,0.204396,-0.222333,-0.012853,0.374059,-0.404883,-0.012853,-0.007871,0.501509,0.322715,0.210114,0.006181,-0.012853,-0.027404,-0.408663,0.204396,-0.700494,-0.021073,0.210114,0.348952,0.216289,-0.052324,0.803843,-0.012853,-0.333209,-0.012853,-0.0223,0.0,-0.225007,-0.225007,-0.016029,0.003213,-0.601348,-0.187662,0.010728,-0.012853,0.501509,-0.007871,0.39727,-0.216795,-0.506302,0.196777,-0.203573,0.373667,0.334746,0.204396,0.197536,0.204396,-0.346985,0.373417,-0.016029,0.204396,0.0,-0.654078,-0.322687,0.177092,0.0,-0.49287,0.35584,0.047907,-0.210994,-0.251484,-0.007871,0.249609,-0.011512,0.348952,-0.517009,-0.225007,0.0,-0.007871,0.801892,0.255214,-0.05082,0.415044,-0.239877,-0.414523,-0.310901,0.006181,0.203306,0.801892,-0.012853,-0.042148,0.196355,0.168381,0.0,-0.397008,0.160254,0.238872,0.322715,0.202319,-0.233703,0.196777,0.0,0.259541,-0.036555,-0.49287,-0.269081,-0.041146,0.241437,-0.042148,-0.701651,-0.012853,0.00846,-0.413217,0.129111,-0.255161,-0.212519,-0.257435,0.184904,0.214834,0.46719,0.165106,-0.530305,0.090906,-0.038927,-0.497252,#
7,-0.1665,-0.333136,0.666667,0.229663,0.249996,0.317399,0.322715,1.0,-0.166513,-0.333211,0.197769,-0.333062,-0.272166,-0.218064,0.0,-0.408142,-0.27201,-0.408248,-0.504421,-0.16663,0.149538,0.077357,0.138172,0.252491,-0.16663,0.389121,0.267115,0.207321,0.189974,-0.27176,0.191884,0.0,-0.213457,0.408248,0.242239,-0.271998,0.360526,0.318506,-0.166667,-0.407997,0.389121,0.360526,0.092128,-0.267162,-0.163326,-0.281718,0.48981,0.082024,0.019996,-0.33294,-0.996728,0.338233,-0.213457,0.025784,0.142959,-0.215898,-0.407825,-0.428551,0.196113,0.072667,-0.084212,-0.115979,-0.496971,-0.428551,0.186234,0.107464,0.0,0.134367,-0.076847,0.196018,-0.268051,0.266156,0.518497,0.444444,-0.218218,-0.084212,0.666667,0.290914,-0.218107,0.333333,-0.271612,0.272166,-0.166307,0.509175,-0.272166,0.509175,-0.507723,0.408248,0.290129,-0.408248,0.408248,-0.166667,-0.166307,-0.111111,0.340652,0.690124,0.408248,0.284371,0.417625,0.509175,-0.428551,-0.271612,0.340652,-0.111111,0.235286,-0.165812,0.436991,0.408248,-0.111111,0.408248,0.219406,0.0,-0.218218,0.509175,0.290914,0.408248,-0.333165,-0.333165,-0.270996,0.408248,-0.166307,-0.166667,0.284371,-0.218107,-0.63352,0.333333,0.340652,0.24731,0.150012,0.509175,0.223894,0.509175,0.131145,-0.403307,0.290914,0.509175,0.0,-0.218107,0.238984,0.347767,0.0,0.172347,-0.269468,0.230067,0.223894,0.145323,-0.166667,-0.214301,0.178139,-0.111111,0.310147,0.509175,0.0,0.666667,0.290914,-0.217315,0.373735,-0.395387,0.235286,-0.272166,0.201011,-0.166582,0.53602,0.290914,0.408248,0.199522,-0.217147,-0.329746,0.0,-0.408026,-0.324375,0.296285,-0.111111,0.229354,-0.332528,0.333333,0.0,0.497511,-0.264516,0.172347,-0.507294,0.346628,0.291491,-0.663277,-0.507294,0.408248,-0.158579,0.278373,0.367484,-0.211339,0.333333,-0.507406,-0.332742,0.360414,0.199522,0.404095,0.185518,0.31427,-0.40728,-0.165812,#
8,0.37428,-0.037665,0.39867,-0.187689,0.415601,-0.030441,-0.026767,-0.166513,1.0,-0.030459,-0.253225,0.492976,-0.407871,0.764132,0.0,-0.611648,0.593311,0.407871,0.346606,0.410813,-0.665707,-0.72009,0.257074,-0.47318,0.339234,0.391466,-0.086996,0.041824,0.328175,0.086988,-0.324366,2.9e-05,-0.31989,0.121577,0.153587,0.612938,-0.185348,-0.213915,-0.249769,-0.140346,-0.105621,-0.185348,-0.709152,-0.400373,0.275145,0.119079,0.778098,0.304761,0.629293,0.500425,0.168423,0.023079,-0.31989,0.328448,-0.369727,0.149871,0.426668,0.098807,-0.469106,0.175424,-0.344631,-0.173808,-0.193904,0.098807,-0.178318,0.22537,0.0,0.251153,0.117379,0.293756,-0.002301,-0.256525,-0.326946,0.151417,-0.327025,0.059866,-0.249769,-0.067072,-0.326858,0.019213,0.136426,-0.082359,-0.249231,0.23898,0.121577,0.23898,-0.760881,-0.407871,0.351178,-0.082359,-0.407871,0.39867,-0.249231,-0.166513,-0.499286,-0.249642,0.121577,-0.61045,0.12897,-0.327025,0.098807,-0.407041,-0.499286,-0.166513,-0.760881,0.294538,0.075109,-0.407871,-0.166513,-0.407871,-0.014846,0.0,0.23898,0.23898,-0.610356,0.121577,0.025029,-0.499286,0.640188,-0.407871,-0.249231,-0.249769,-0.072209,-0.326858,0.159731,0.019213,-0.499286,-0.510045,0.224812,-0.327025,0.306201,0.23898,-0.613365,0.349917,-0.610356,-0.327025,0.0,0.249532,0.15528,0.030939,0.0,-0.345807,0.044206,-0.306204,-0.192402,-0.589931,0.39867,0.309055,0.233186,-0.166513,-0.044352,-0.327025,0.0,0.39867,0.408022,-0.325671,0.560085,0.512769,-0.182726,0.121577,-0.060827,-0.249642,0.2602,0.408022,0.121577,0.260155,0.731091,-0.048704,0.0,-0.077368,0.493641,0.255815,-0.166513,-0.187437,-0.025471,0.019213,0.0,-0.193032,0.072233,-0.345807,0.332198,0.696306,-0.20937,-0.411213,0.332198,0.121577,0.397098,-0.077368,-0.683262,0.179807,0.019213,-0.247911,-0.019179,-0.262762,-0.411213,-0.054347,0.240891,-0.283034,0.408022,0.455274,#
9,0.494637,0.187921,-0.499817,0.20639,-0.004316,-0.221504,0.615564,-0.333211,-0.030459,1.0,-0.250871,-0.23934,0.411287,0.198203,0.0,0.412106,-0.002596,0.401722,0.178333,-0.001768,0.315522,0.309515,-0.525937,-0.530644,-0.020919,-0.176644,-0.005833,-0.350738,-0.247809,0.374358,-0.439392,2.4e-05,0.66014,-0.003188,0.5018,-0.034437,-0.441955,-0.360135,-0.499817,-0.028064,-0.564588,-0.441955,0.301793,-0.075248,0.098099,0.052802,-0.239199,-0.169409,-0.111812,0.172209,0.281225,-0.197062,0.182098,0.10753,0.010776,0.137673,0.401306,-0.426163,-0.00919,-0.355927,-0.252547,0.331506,0.60615,-0.426163,-0.661913,-0.484378,0.0,-0.513736,-0.288472,0.068591,0.082043,-0.550799,-0.205517,-0.052436,0.21473,0.07629,0.00781,-0.009088,0.231011,-0.187431,-0.027272,0.003188,-0.022003,-0.654414,-0.003188,-0.211321,0.220113,-0.003188,-0.029909,0.003188,-0.401722,0.00781,0.514325,0.343624,0.216455,-0.499562,-0.401722,-0.020528,-0.815793,0.21473,-0.426163,0.398178,0.216455,0.343624,-0.215084,0.473946,0.392742,-0.003188,-0.333211,-0.401722,-0.307533,0.0,-0.211321,-0.228363,-0.418036,-0.003188,-0.194002,0.216455,0.021101,-0.003188,0.514325,0.495912,-0.004322,0.231011,-0.000476,0.203051,-0.588673,-0.139379,0.335647,0.21473,-0.227945,-0.211321,-0.341203,0.826543,-0.009088,0.21473,0.0,-0.654082,-0.342056,0.183857,0.0,-0.484984,0.80131,-0.00833,-0.204101,-0.246116,0.00781,0.24264,-0.007249,0.343624,-0.512145,-0.228363,0.0,-0.499817,0.393499,0.266833,0.01872,0.417699,-0.232492,-0.003188,-0.303762,0.022302,-0.244888,0.393499,-0.401722,-0.56272,0.189735,0.611288,0.0,0.014652,0.167195,-0.234882,0.343624,-0.225688,0.170372,0.203051,0.0,-0.162539,-0.042467,-0.484984,0.161333,-0.046971,0.246381,0.468218,-0.26786,-0.003188,0.451896,-0.403469,-0.100708,-0.25812,-0.593533,0.177097,0.175665,-0.253095,0.468218,0.170415,-0.541137,0.09756,0.377141,-0.497255,#
10,-0.211683,-0.201996,-0.233084,-0.428941,-0.578128,0.645649,-0.274193,0.197769,-0.253225,-0.250871,1.0,0.224975,-0.346023,-0.55377,0.0,-0.091728,0.069165,-0.103807,0.036029,-0.762652,0.566998,0.4983,0.187924,-0.063334,0.318171,0.303847,-0.046819,0.11971,0.03907,0.116735,0.187965,0.0,-0.458157,0.069204,-0.114635,0.069827,-0.349686,0.46832,0.360221,0.381721,-0.117188,-0.349686,0.505786,0.217088,-0.747533,0.176696,-0.097909,-0.278356,-0.249139,-0.235088,-0.222032,0.199832,0.060662,0.150795,0.77522,0.405762,-0.560889,-0.36323,0.482041,-0.258684,0.72091,-0.500203,0.174221,-0.36323,0.062197,-0.026274,0.0,-0.335966,-0.350639,-0.38266,-0.284235,0.10537,-0.043947,-0.308761,0.425401,0.706638,0.296653,-0.062136,0.442625,-0.237322,-0.319667,-0.103807,-0.179101,-0.055487,0.086506,-0.073983,0.10391,0.519034,-0.144594,-0.086506,0.519034,-0.233084,-0.201488,0.197769,0.214168,0.337649,0.069205,0.386947,0.096449,0.406905,-0.36323,0.124315,0.214168,-0.508548,0.085018,0.31813,0.083086,0.519034,0.226021,0.519034,-0.308054,0.0,-0.055487,-0.055487,0.399448,-0.363324,0.231301,0.231301,0.041547,0.519034,-0.201488,0.317842,-0.527655,0.442625,0.48154,-0.237322,0.659636,0.309253,-0.209796,0.406905,0.011386,-0.073983,-0.157206,-0.450142,0.399448,0.406905,0.0,-0.028253,0.087284,-0.207614,0.0,0.223854,0.129659,0.773795,0.046579,-0.245994,-0.233084,0.025577,0.195488,-0.508548,0.310458,0.425401,0.0,-0.233084,-0.557254,-0.030448,0.091754,-0.58494,0.085018,0.086506,0.25556,0.337649,-0.517498,-0.557254,0.069205,-0.275605,-0.587876,0.254682,0.0,-0.07854,-0.19174,-0.242925,0.197769,-0.412397,0.254772,-0.237322,0.0,0.47439,0.137827,0.223854,-0.364281,0.035732,-0.474644,0.294802,0.101521,0.069205,0.339009,0.357793,0.62436,0.461445,0.203419,0.124196,-0.190649,-0.248925,0.272863,0.622732,0.258138,0.03596,-0.077917,-0.241472,#
11,-0.00381,-0.204644,0.015255,-0.173045,-0.407355,0.210262,-0.623591,-0.333062,0.492976,-0.23934,0.224975,1.0,-0.41103,0.212513,0.0,-0.408814,0.383939,-0.009342,0.240052,0.024963,-0.337746,-0.327662,0.034778,0.01905,0.473151,0.538087,-0.372485,0.329901,0.239596,0.409753,-0.045994,-4.6e-05,-0.639849,0.009342,-0.521036,0.804078,-0.412879,0.355848,0.511034,0.396414,0.159197,-0.412879,-0.320813,0.062993,-0.076784,-0.023636,0.223704,-0.148996,0.34362,0.22269,0.360237,0.200088,-0.639849,0.518317,0.00256,0.23133,-0.398454,0.45871,-0.017951,-0.286879,-0.085429,-0.320094,0.276622,0.45871,0.262491,0.473451,0.0,0.025036,0.44371,-0.056283,-0.062249,-0.087961,-0.216345,0.057387,-0.221369,0.235734,-0.499593,0.033284,0.219122,-0.190684,0.448371,0.006228,0.025295,0.228027,0.009342,-0.204725,-0.204303,-0.411029,-0.04116,0.006228,-0.411029,0.015255,-0.498516,-0.333062,-0.204636,0.000545,0.009342,-0.397983,0.423363,-0.221369,0.45871,0.016869,-0.204636,-0.333062,-0.646345,0.472198,-0.43141,-0.411029,0.327977,-0.411029,-0.477382,0.0,-0.204725,0.228027,-0.398072,0.009342,0.21166,-0.204636,0.374064,-0.411029,-0.498516,-0.003814,-0.382156,0.219122,0.512641,-0.190684,-0.204636,-0.523029,-0.356993,-0.221369,-0.240789,-0.204725,-0.288513,0.0034,0.017308,-0.221369,0.0,0.236072,0.475755,-0.171954,0.0,0.008207,-0.008063,-0.016272,-0.209118,-0.38431,0.015255,0.263296,0.478202,-0.333062,0.088845,0.211382,0.0,0.015255,-0.412273,-0.240411,0.415501,-0.307608,0.254741,0.414143,0.004597,0.000545,-0.187045,-0.412273,0.009342,0.02184,0.187937,-0.193348,0.0,0.418222,0.221997,-0.232583,-0.333062,-0.628273,0.185618,-0.190684,0.0,-0.586281,0.007839,0.008207,0.258169,0.440953,-0.387113,0.002098,0.677345,0.009342,0.482877,0.00986,-0.384002,0.214881,-0.190684,0.22928,-0.220802,-0.049705,0.002098,0.160554,0.495962,-0.093485,0.003106,0.527385,#
12,0.081568,0.408007,-0.408248,0.093759,0.257837,-0.8157,0.01928,-0.272166,-0.407871,0.411287,-0.346023,-0.41103,1.0,-0.089024,0.0,0.677243,-0.666286,0.25,0.135358,0.092413,0.204692,0.294753,-0.606064,0.367741,-0.408157,-0.381935,0.209628,0.190436,0.088962,0.142183,-0.050084,4.7e-05,0.284498,-0.25,0.346128,-0.249846,0.224337,-0.559692,-0.408248,0.249846,-0.381935,0.224337,0.251312,0.537044,0.190941,0.057505,-0.534008,0.104323,0.008163,-0.407766,0.271275,-0.405111,0.284498,-0.548692,-0.144638,-0.52884,0.257594,0.116639,0.280221,-0.397878,-0.206277,0.398818,-0.010805,0.116639,0.081704,0.111367,0.0,-0.101874,0.282355,-0.584692,-0.220027,-0.049515,-0.083282,0.116642,0.356348,-0.550076,-0.408248,-0.190024,-0.080642,-0.408248,0.142567,-0.166667,0.071889,-0.534522,0.166667,-0.534522,0.525776,0.166667,-0.568535,0.25,-0.25,-0.408248,0.071889,-0.272166,0.00917,-0.40804,-0.666667,0.225913,-0.666336,-0.089087,0.116639,0.142567,0.00917,0.408248,0.070778,0.147693,-0.279655,0.166667,-0.272166,-0.25,0.362183,0.0,-0.089087,-0.089087,-0.190024,0.166667,0.00917,0.421797,-0.663802,0.166667,0.071889,0.102062,-0.197674,-0.080642,-0.161819,0.0,-0.403457,-0.161819,0.252625,-0.089087,-0.348998,-0.534522,0.244753,0.233976,-0.190024,-0.089087,0.0,-0.080642,0.079826,-0.027778,0.0,-0.091278,0.152322,-0.204925,0.099714,0.330542,-0.408248,-0.149979,-0.59711,0.408248,-0.105781,-0.089087,0.0,-0.408248,-0.190024,-0.097771,-0.189405,0.154079,-0.384221,-0.25,-0.123093,-0.40804,-0.123091,-0.190024,-0.666667,-0.138693,-0.062576,0.378614,0.0,-0.158792,-0.433393,0.040731,-0.272166,0.060193,0.41798,0.0,0.0,-0.163615,0.148705,-0.091278,0.512002,-0.298319,0.233425,0.389662,0.08054,-0.25,0.04316,-0.158792,0.150025,-0.095657,-0.408248,0.528516,0.407524,-0.161057,-0.138693,-0.359937,-0.113606,-0.096225,0.23753,-0.406156,#
13,0.740678,0.185052,0.239032,-0.031507,0.543606,-0.244429,0.204912,-0.218064,0.764132,0.198203,-0.55377,0.212513,-0.089024,1.0,0.0,-0.353134,0.340051,0.089024,-0.02738,0.784414,-0.569696,-0.549964,-0.210698,-0.44883,0.187165,0.126933,0.06486,-0.082159,0.429074,0.312416,-0.713283,-2.5e-05,-0.069821,-0.071904,0.094473,0.357194,-0.097151,-0.449482,-0.327096,0.055408,-0.307056,-0.097151,-0.53147,-0.201372,0.133372,-0.141768,0.53671,0.299097,0.51889,0.654709,0.219494,-0.197866,-0.069821,0.409049,-0.75788,-0.010392,0.541982,0.117413,-0.49509,0.228658,-0.723255,0.501927,-0.167367,0.117413,-0.488451,0.023711,0.0,0.328103,0.219783,0.364018,-0.177366,-0.071885,0.053753,0.319109,-0.42827,-0.370103,-0.327097,0.081005,-0.428052,-0.20129,0.347563,-0.338978,0.185595,0.065888,-0.071904,0.065888,-0.564383,-0.534146,0.04088,-0.338978,-0.534146,0.239032,0.185595,-0.218064,-0.653863,-0.32693,-0.071904,-0.397207,-0.065362,-0.42827,0.117413,-0.126919,-0.653863,-0.218064,-0.564383,0.148677,0.299942,-0.534146,-0.218064,-0.534146,0.317791,0.0,0.065888,0.065888,-0.393316,-0.071904,-0.196102,-0.653863,0.381641,-0.534146,0.185595,-0.327097,0.072712,-0.428052,0.101778,-0.20129,-0.653863,-0.482979,0.171739,-0.42827,-0.065553,0.065888,-0.531421,0.430477,-0.393316,-0.42827,0.0,0.075173,0.09293,0.20506,0.0,-0.737668,0.242,-0.732543,-0.500865,-0.44714,0.239032,0.530185,-0.231895,0.508817,-0.298121,-0.42827,0.0,0.239032,0.495792,0.037717,0.311942,0.518223,-0.059617,-0.071904,-0.579111,-0.32693,0.523041,0.495792,-0.071904,0.287103,0.496232,0.119267,0.0,-0.334475,0.191217,0.239165,-0.218064,-0.067189,0.160952,-0.20129,0.0,-0.355372,-0.138348,-0.737668,0.388361,0.405672,-0.065444,-0.299043,0.388361,-0.071904,0.204528,-0.334475,-0.647526,-0.011329,-0.20129,-0.114068,0.171909,-0.057352,-0.299043,-0.26374,-0.241432,-0.504098,0.495792,0.289009,#
14,0.0,0.0,0.0,0.0,0.0,0.0,0.0,0.0,0.0,0.0,0.0,0.0,0.0,0.0,0.0,0.0,0.0,0.0,0.0,0.0,0.0,0.0,0.0,0.0,0.0,0.0,0.0,0.0,0.0,0.0,0.0,0.0,0.0,0.0,0.0,0.0,0.0,0.0,0.0,0.0,0.0,0.0,0.0,0.0,0.0,0.0,0.0,0.0,0.0,0.0,0.0,0.0,0.0,0.0,0.0,0.0,0.0,0.0,0.0,0.0,0.0,0.0,0.0,0.0,0.0,0.0,0.0,0.0,0.0,0.0,0.0,0.0,0.0,0.0,0.0,0.0,0.0,0.0,0.0,0.0,0.0,0.0,0.0,0.0,0.0,0.0,0.0,0.0,0.0,0.0,0.0,0.0,0.0,0.0,0.0,0.0,0.0,0.0,0.0,0.0,0.0,0.0,0.0,0.0,0.0,0.0,0.0,0.0,0.0,0.0,0.0,0.0,0.0,0.0,0.0,0.0,0.0,0.0,0.0,0.0,0.0,0.0,0.0,0.0,0.0,0.0,0.0,0.0,0.0,0.0,0.0,0.0,0.0,0.0,0.0,0.0,0.0,0.0,0.0,0.0,0.0,0.0,0.0,0.0,0.0,0.0,0.0,0.0,0.0,0.0,0.0,0.0,0.0,0.0,0.0,0.0,0.0,0.0,0.0,0.0,0.0,0.0,0.0,0.0,0.0,0.0,0.0,0.0,0.0,0.0,0.0,0.0,0.0,0.0,0.0,0.0,0.0,0.0,0.0,0.0,0.0,0.0,0.0,0.0,0.0,0.0,0.0,0.0,0.0,0.0,0.0,0.0,0.0,0.0,0.0,0.0,0.0,0.0,0.0,0.0,#
15,-0.119164,0.007895,-0.612213,-0.115333,-0.233552,-0.421103,0.005285,-0.408142,-0.611648,0.412106,-0.091728,-0.408814,0.677243,-0.353134,0.0,1.0,-0.16235,0.161248,0.333102,-0.108408,0.359594,0.416553,-0.423018,0.128568,-0.089036,-0.356111,-0.281173,-0.249755,-0.525025,0.253549,0.16214,0.0,0.511814,-0.177373,0.102057,-0.161149,-0.252185,-0.195267,-0.098744,0.177264,-0.356111,-0.252185,0.415822,0.664793,-0.005278,0.233671,-0.800804,-0.482226,-0.69265,-0.433354,0.381571,-0.014145,0.511814,-0.307055,0.083225,0.116789,0.146189,-0.107203,0.131683,-0.286175,0.196249,0.261111,0.294437,-0.107203,-0.087281,-0.344789,0.0,-0.394248,-0.156823,-0.370879,0.333165,0.027546,-0.347478,-0.208773,0.525764,-0.149679,-0.118493,-0.269795,0.094112,-0.007899,0.245518,0.161248,0.413831,-0.353383,0.241873,-0.370621,0.813404,0.241873,-0.221396,0.580494,0.241873,-0.118493,0.392966,0.250152,0.005766,-0.611901,-0.177373,0.571011,-0.574305,0.077572,-0.107203,0.659313,0.005766,0.276483,0.355589,-0.051798,-0.189861,0.241873,0.276483,0.241873,0.053126,0.0,0.077572,-0.353383,0.160406,-0.161248,0.005766,0.420948,-0.202111,0.241873,0.392966,0.394976,0.144802,0.094112,0.115211,-0.007899,0.005766,0.115211,0.319959,0.077572,-0.080554,-0.370621,0.404774,0.200714,0.160406,0.077572,0.0,-0.344751,-0.352686,-0.026875,0.0,0.11646,0.269686,0.007435,-0.080554,0.482646,-0.118493,-0.409918,-0.385502,0.276483,0.105599,0.09481,0.0,-0.612213,-0.269795,0.111935,-0.517676,0.06048,-0.102226,0.241873,0.119092,-0.104333,-0.387042,-0.269795,-0.177373,-0.442808,-0.325414,0.421984,0.0,0.176674,-0.428788,-0.085261,0.250152,0.337769,0.423055,-0.007899,0.0,-0.017467,-0.170076,0.11646,-0.097958,-0.617204,0.207238,0.599996,-0.097958,-0.177373,-0.148236,-0.246259,0.329881,-0.351678,-0.007899,0.35681,0.417932,-0.21815,0.06837,-0.021765,-0.410341,0.283014,0.160406,-0.609075,#
16,0.102657,-0.437979,0.102004,-0.35933,-0.175968,0.394879,-0.012846,-0.27201,0.593311,-0.002596,0.069165,0.383939,-0.666286,0.340051,0.0,-0.16235,1.0,0.249857,0.4783,0.111602,-0.360698,-0.441878,0.397257,-0.655708,0.593358,0.32892,-0.568801,-0.443119,-0.371476,0.174995,-0.050055,2.3e-05,-0.004554,0.181995,-0.107074,0.56782,-0.647715,0.20278,0.102004,-0.197297,-0.077695,-0.647715,-0.389567,-0.209718,0.009087,0.274591,0.35131,-0.358413,-0.218471,0.391859,0.245051,0.417057,-0.004554,0.516817,-0.049453,0.792808,0.240586,-0.174856,-0.534929,0.25638,0.150168,-0.283927,0.169176,-0.174856,-0.343639,-0.316859,0.0,-0.119945,-0.390387,0.460521,0.564814,-0.136547,-0.534088,-0.223437,-0.072548,0.481043,0.120893,-0.126611,-0.063805,0.423127,0.18998,0.265281,0.13172,0.356145,0.181995,0.372633,-0.316633,-0.234434,0.641867,0.265281,0.181995,0.630912,0.151678,0.433201,-0.387953,-0.407807,0.598424,-0.134843,0.178213,-0.072548,-0.174856,0.205812,-0.387953,-0.27201,-0.316633,0.038269,0.179191,-0.234434,0.408015,0.181995,-0.338623,0.0,0.372633,-0.089036,-0.126611,-0.249857,0.024438,-0.387953,0.996037,-0.234434,0.151678,0.120893,0.288502,-0.063805,0.41883,0.015112,0.024438,-0.114115,0.25248,-0.072548,0.524121,0.372633,-0.341439,0.262711,-0.126611,-0.072548,0.0,-0.080596,-0.345714,0.033931,0.0,-0.072221,0.180426,-0.0128,-0.332189,-0.330353,0.630912,-0.009121,0.408472,-0.27201,0.168371,-0.089036,0.0,0.102004,0.262013,-0.025334,0.111592,0.328351,0.138106,0.598424,0.195925,0.135936,-0.071762,0.262013,0.598424,-0.123946,0.313862,0.028029,0.0,0.276949,0.418631,0.059896,0.433201,0.127001,-0.025588,0.015112,0.0,0.017125,-0.264213,-0.072221,-0.366693,0.230619,-0.192377,-0.104388,0.064523,0.181995,0.131003,-0.143142,-0.361217,-0.111223,0.423127,-0.387615,-0.015085,-0.285719,-0.104388,0.314765,-0.131063,0.160283,0.262013,0.147609,#
17,-0.081568,-0.015693,-0.102062,-0.09376,0.177263,-0.426968,-0.003213,-0.408248,0.407871,0.401722,-0.103807,-0.009342,0.25,0.089024,0.0,0.161248,0.249857,1.0,0.784382,-0.092413,-0.231625,-0.294754,0.094451,-0.388636,-0.111666,-0.057459,-0.225509,-0.216886,-0.088962,-0.15834,0.184925,-9.1e-05,0.196073,0.25,0.663411,0.249846,-0.242142,-0.305287,-0.612373,-0.265862,-0.479954,-0.242142,-0.328244,-0.092471,0.400066,0.345033,0.10056,0.03091,0.19592,-0.015683,0.380828,0.009138,0.196073,-0.26053,0.106576,0.011497,0.590582,-0.116641,-0.280219,-0.282703,0.206278,-0.426134,0.010805,-0.116641,-0.081704,-0.111367,0.0,-0.407495,-0.308499,-0.325259,0.220027,-0.383741,-0.801591,-0.116642,0.534522,0.206278,-0.102062,-0.213777,0.105842,-0.0,-0.142567,0.166667,-0.611053,-0.356348,0.666667,0.089087,-0.0455,0.25,0.142134,0.583333,-0.166667,0.408248,-0.071889,0.272166,0.013754,-0.61206,-0.166667,-0.225913,-0.577179,0.089087,-0.116641,-0.142567,0.013754,0.272166,-0.500498,0.406156,-0.154293,0.25,-0.408248,-0.166667,-0.128517,0.0,0.534522,0.089087,-0.641332,0.25,0.426381,0.426381,0.297735,0.25,-0.071889,0.408248,-0.225913,0.105842,0.161819,0.408248,-0.398873,-0.377578,0.551181,0.089087,0.348998,0.089087,-0.206511,0.623935,-0.641332,0.089087,0.0,0.105842,-0.319303,0.027778,0.0,0.119803,0.304643,0.140886,0.373927,-0.152558,0.408248,-0.251751,0.109087,-0.408248,0.105781,-0.356348,0.0,-0.102062,0.190024,-0.309609,0.268324,0.660338,-0.500498,0.25,0.430827,-0.087437,-0.338502,0.190024,-0.166667,-0.389662,0.5319,0.454337,0.0,0.182144,0.407596,-0.059245,0.272166,-0.060193,0.037511,0.408248,0.0,0.163615,0.249612,0.119803,0.379687,0.298319,0.109847,0.138693,-0.051775,0.25,0.424406,0.182144,-0.354604,0.095657,-0.0,-0.063887,0.027168,-0.793356,-0.389662,-0.014997,0.113606,0.096225,0.617579,-0.055385,#
18,-0.159668,-0.170583,-0.225289,-0.49286,-0.020806,-0.267005,-0.257359,-0.504421,0.346606,0.178333,0.036029,0.240052,0.135358,-0.02738,0.0,0.333102,0.4783,0.784382,1.0,-0.215216,-0.168035,-0.218777,0.200295,-0.205198,0.369331,0.215942,-0.436933,0.003745,-0.364528,0.165942,0.265393,0.000103,-0.011529,0.013883,0.280249,0.567513,-0.478883,-0.201317,-0.204035,-0.031884,-0.259158,-0.478883,-0.220443,0.24989,0.324534,0.663422,-0.014875,-0.212577,-0.097917,-0.286749,0.477785,0.148933,0.008486,-0.202711,0.230497,0.384488,0.346581,-0.063149,-0.085028,-0.2381,0.31215,-0.52652,0.14235,-0.063149,0.104637,0.097826,0.0,-0.243477,-0.106055,-0.284962,0.452954,-0.397666,-0.990425,-0.295933,0.382166,0.31215,-0.310304,-0.566858,-0.102228,0.153027,0.138546,0.298482,-0.17116,-0.044524,0.48243,-0.137283,0.082749,0.04859,0.295984,0.767028,0.04859,0.221039,-0.283437,0.090683,-0.257971,-0.756246,0.013883,-0.085073,-0.33791,-0.118731,-0.063149,0.067294,-0.257971,0.232374,-0.409952,0.365997,-0.392793,0.04859,0.232374,0.04859,-0.273952,0.0,0.363614,-0.044524,-0.531244,0.100651,0.188848,0.206033,0.474258,0.04859,-0.283437,0.242292,-0.120356,-0.102228,0.297576,0.153027,-0.240785,-0.277876,0.556683,-0.118731,0.502506,-0.137283,-0.178707,0.351894,-0.549051,-0.118731,0.0,-0.007767,-0.090873,-0.260689,0.0,0.205049,0.099389,0.230976,0.025956,-0.139784,0.221039,-0.370547,0.195364,-0.504421,0.305592,-0.025972,0.0,-0.225289,-0.112778,-0.559,0.138706,0.423533,-0.447852,0.465076,0.5665,-0.2974,-0.507959,-0.112778,0.013883,-0.237106,0.450876,0.24389,0.0,0.318419,0.172337,0.187681,0.090683,0.044707,0.323839,0.153027,0.0,-0.026552,0.156161,0.205049,0.144478,0.174661,-0.164984,0.247009,0.144478,0.013883,0.393064,-0.119237,-0.143711,0.021326,0.17003,0.155293,0.319089,-0.609665,-0.347132,0.141789,0.296772,0.252481,0.368012,-0.176078,#
19,0.338266,-0.009426,0.386706,0.324303,0.434479,-0.499401,0.002153,-0.16663,0.410813,-0.001768,-0.762652,0.024963,0.092413,0.784414,0.0,-0.108408,0.111602,-0.092413,-0.215216,1.0,-0.746444,-0.673193,-0.334686,-0.055803,-0.249889,-0.112993,-0.152704,-0.23905,0.348137,0.058307,-0.337072,-2.8e-05,0.072479,0.111666,-0.065116,0.131578,0.17046,-0.221389,-0.249944,-0.111597,-0.112993,0.17046,-0.662845,-0.037469,0.265521,-0.491569,0.257081,0.0998,0.286483,0.518864,0.198626,0.01323,0.072479,0.304967,-0.997385,-0.323775,0.408097,0.435193,-0.695491,0.205738,-0.753778,0.646494,-0.377513,0.435193,-0.18947,-0.049354,0.0,0.273925,0.301522,0.270702,-0.009844,0.37436,0.214776,0.549743,-0.327254,-0.753778,-0.249944,0.379202,-0.327088,0.009432,0.582994,-0.092413,0.326359,0.22846,0.111666,0.22846,-0.27553,-0.408157,-0.077168,-0.092413,-0.408157,0.386706,0.326359,-0.16663,-0.499637,-0.249817,0.111666,-0.158537,0.118928,-0.327254,0.435193,0.049406,-0.499637,-0.16663,-0.27553,-0.248663,0.056032,-0.408157,-0.16663,-0.408157,0.539576,0.0,0.22846,0.22846,-0.154205,0.111666,0.015147,-0.499637,0.141632,-0.408157,0.326359,-0.249944,0.36992,-0.327088,-0.060488,0.009432,-0.499637,-0.526367,0.087016,-0.327254,-0.203303,0.22846,0.104787,0.31893,-0.154205,-0.327254,0.0,0.238824,-0.064548,0.465916,0.0,-0.358368,0.022874,-0.986542,-0.203303,0.18739,0.386706,0.129072,-0.353634,0.650799,-0.054766,-0.327254,0.0,0.386706,0.379202,0.196142,0.086424,0.353938,0.292115,0.111666,-0.437958,-0.249817,0.742235,0.379202,0.111666,0.219873,0.259868,-0.069978,0.0,-0.087507,-0.002503,0.059369,-0.16663,0.283693,-0.048036,0.009432,0.0,-0.393124,-0.428587,-0.358368,0.297185,0.144735,0.354661,-0.439289,0.297185,0.111666,-0.281026,-0.087507,-0.712433,-0.350737,0.009432,-0.272521,-0.042054,0.059535,-0.439289,-0.495825,-0.366287,-0.289005,0.379202,0.442305,#
20,0.129177,0.289093,-0.633336,-0.247401,-0.317704,0.393595,0.340437,0.149538,-0.665707,0.315522,0.566998,-0.337746,0.204692,-0.569696,0.0,0.359594,-0.360698,-0.231625,-0.168035,-0.746444,1.0,0.986319,-0.131265,-0.015667,0.190655,-0.123878,0.392958,0.131304,-0.265627,0.235197,-0.148671,8e-05,0.192844,-0.360905,0.060196,-0.414515,-0.151456,-0.054816,0.158334,0.359647,-0.151188,-0.151456,0.986616,0.214723,-0.506035,0.312239,-0.493339,-0.087913,-0.417391,-0.370023,-0.194573,-0.294743,0.192844,-0.213314,0.732695,0.257123,-0.297887,-0.572994,0.784049,-0.15702,0.424458,0.021895,0.493076,-0.572994,-0.231936,-0.195347,0.0,-0.225159,-0.276812,-0.183715,-0.223947,-0.294192,0.178098,-0.466206,0.236101,0.446682,0.224307,-0.297865,0.236524,-0.290279,-0.482275,-0.231626,0.096035,-0.483719,-0.387837,-0.454926,0.459463,0.312425,-0.225093,-0.258558,0.312425,-0.633336,0.130886,0.149538,0.369852,0.192165,-0.360904,0.393062,-0.396745,0.264893,-0.572994,0.236529,0.369852,0.105556,0.488875,0.187356,0.290787,0.312425,0.105556,0.312425,-0.268853,0.0,-0.483719,-0.483719,0.393059,-0.387837,-0.323621,0.343181,-0.397213,0.312425,0.130886,0.19132,-0.29145,0.236524,0.022529,-0.290279,0.369852,0.650123,-0.127672,0.264893,-0.156302,-0.454926,-0.159196,-0.238624,0.393059,0.264893,0.0,-0.525825,0.0086,-0.351328,0.0,-0.130542,0.264201,0.683843,-0.183695,-0.179147,-0.633336,0.189737,-0.104286,0.017593,-0.277548,0.236101,0.0,-0.633336,-0.271763,0.181872,-0.329543,-0.357123,-0.246398,-0.387837,-0.131291,0.192165,-0.562265,-0.271763,-0.360904,-0.217295,-0.52685,0.321418,0.0,-0.264455,-0.303822,-0.051699,0.149538,-0.240584,0.293388,-0.290279,0.0,0.29868,0.280471,-0.130542,-0.285961,-0.436839,-0.303544,0.636521,-0.285961,-0.360904,0.190174,-0.237285,0.867489,0.231688,-0.290279,0.457634,0.293277,0.143435,0.670673,0.391647,-0.141566,0.04043,-0.299401,-0.737492,#
21,0.146831,0.362766,-0.689763,-0.218056,-0.323671,0.312345,0.284753,0.077357,-0.72009,0.309515,0.4983,-0.327662,0.294753,-0.549964,0.0,0.416553,-0.441878,-0.294754,-0.218777,-0.673193,0.986319,1.0,-0.211783,0.068361,0.148842,-0.198326,0.413863,0.164719,-0.232755,0.267781,-0.182259,-0.000156,0.199604,-0.44213,-0.025505,-0.440846,-0.099187,-0.095341,0.212731,0.44388,-0.144955,-0.099187,0.996773,0.289334,-0.495038,0.268777,-0.587405,-0.068088,-0.405784,-0.357599,-0.114997,-0.366304,0.199604,-0.237358,0.654154,0.182987,-0.306352,-0.456758,0.798987,-0.161365,0.362638,0.12733,0.507506,-0.456758,-0.20169,-0.156349,0.0,-0.176454,-0.172725,-0.219623,-0.254562,-0.253062,0.235175,-0.453703,0.208194,0.340922,0.116035,-0.289553,0.234616,-0.360998,-0.408213,-0.294753,0.18011,-0.523299,-0.415813,-0.551433,0.548263,0.242119,-0.336652,-0.268436,0.242119,-0.689763,0.146055,0.077357,0.333305,0.178566,-0.44213,0.38764,-0.400417,0.18006,-0.456758,0.267139,0.333305,0.120332,0.519525,0.150422,0.213484,0.242119,0.120332,0.242119,-0.219167,0.0,-0.523299,-0.523299,0.412575,-0.415813,-0.318247,0.359367,-0.481848,0.242119,0.146055,0.148267,-0.307972,0.234616,0.037475,-0.360998,0.333305,0.627131,-0.205983,0.18006,-0.269242,-0.551433,-0.100966,-0.257798,0.412575,0.18006,0.0,-0.481649,0.045376,-0.376629,0.0,-0.156023,0.238917,0.588117,-0.215709,-0.12366,-0.689763,0.223628,-0.192923,0.120333,-0.325259,0.208194,0.0,-0.689763,-0.340563,0.230204,-0.404752,-0.383713,-0.227672,-0.415813,-0.217698,0.178566,-0.551351,-0.340563,-0.44213,-0.180624,-0.560255,0.304502,0.0,-0.249853,-0.350971,-0.077646,0.077357,-0.248389,0.33474,-0.360998,0.0,0.193498,0.288145,-0.156023,-0.204569,-0.520336,-0.304842,0.687039,-0.204569,-0.44213,0.137665,-0.276402,0.848944,0.230655,-0.360998,0.55135,0.334617,0.199307,0.653667,0.282282,-0.167031,-0.024311,-0.313558,-0.700804,#
