0,1.0,-0.278398,-0.420609,-0.062262,0.273424,-0.304758,0.610265,0.022012,-0.008061,-0.339139,0.700638,0.831618,0.415531,-0.119024,0.290828,0.042792,0.263859,-0.489381,0.006805,-0.610957,-0.106775,0.203377,0.17203,0.543637,0.180656,-0.018371,-0.22815,-0.115862,-0.378114,-0.09515,-0.320221,-0.411849,-0.02897,0.100228,0.705975,-0.134451,0.492323,-0.326134,0.40386,0.319175,-0.088134,0.760057,-0.017635,-0.218273,0.420735,0.584943,0.375807,-0.110421,0.143435,0.14092,-0.203977,0.11869,-0.053786,-0.608796,0.226294,0.067704,-0.40052,0.210003,-0.371839,-0.273974,0.076547,0.217898,-0.132028,-0.28722,-0.428033,-0.28437,0.293226,-0.205726,-0.254237,-0.423004,-0.059716,0.431699,0.0,-0.300085,0.124981,-0.299457,-0.800122,-0.245249,-0.600663,-0.194706,-0.806282,-0.574799,0.275725,-0.580686,0.026066,-0.800122,-0.079093,-0.364784,-0.360229,0.066217,-0.568882,-0.042898,0.204433,-0.499276,-0.222521,-0.678205,0.164366,-0.451952,-0.517192,-0.085632,0.134223,-0.383393,-0.350306,0.353277,-0.073993,-0.123408,-0.611103,-0.515875,0.074124,0.293226,-0.435666,0.094417,0.172661,-0.203926,-0.550686,-0.085632,0.08324,0.119078,-0.25665,-0.243335,-0.568882,0.0,-0.341453,0.831778,-0.412537,-0.377248,-0.434887,0.492323,-0.549257,-0.678205,-0.598152,-0.421778,-0.211945,0.628176,0.034198,-0.123408,-0.407402,-0.800122,0.08988,-0.502307,-0.350089,-0.129712,-0.30601,-0.244112,-0.08011,-0.38621,-0.085632,0.630794,-0.644622,-0.407402,0.189106,-0.548709,-0.799699,0.143601,-0.14124,0.091681,-0.072327,0.584584,-0.224216,-0.183497,-0.740617,-0.110761,0.019628,-0.14124,-0.354619,-0.401294,-0.611103,0.0419,-0.350089,0.0,0.362256,-0.66004,0.267276,-0.30774,0.213495,-0.393036,-0.120359,0.664404,-0.031538,-0.245249,-0.105593,0.37191,-0.078562,0.24975,0.348619,-0.25138,0.052188,0.119078,0.369092,0.247094,-0.678205,0.402069,0.54928,0.298462,0.113516,-0.411672,0.117129,0.037388,0.00237,-0.623134,#
1,-0.278398,1.0,-0.19557,-0.113952,0.345767,-0.146539,-0.143706,-0.134694,0.194732,0.428581,-0.341883,-0.282133,-0.09827,0.342877,-0.262033,0.162051,0.236635,-0.293858,0.389236,0.176411,-0.416449,0.25364,-0.263368,0.162051,0.181922,0.103275,-0.258944,0.261553,0.71261,0.110033,-0.077107,-0.109812,-0.156407,-0.551332,-0.140298,0.111334,0.000981,-0.292856,0.261804,0.138915,0.258642,-0.101647,0.311113,-0.33427,-0.733781,-0.208127,-0.354327,-0.073601,-0.166817,0.354686,0.181791,-0.179067,-0.17125,0.101023,-0.058242,-0.374387,-0.158941,-0.23256,0.674337,-0.10898,-0.181926,0.177338,-0.451505,-0.11163,0.587633,-0.38415,-0.989771,-0.178358,-0.279283,-0.256188,-0.09485,0.326155,0.0,-0.216417,-0.266107,0.988731,0.187567,-0.249791,0.207353,-0.40193,-0.329644,-0.393078,-0.40193,-0.274816,-0.336608,0.187567,-0.261326,-0.086404,-0.295559,-0.507342,-0.430656,-0.170462,-0.216355,-0.233209,-0.285129,-0.305507,-0.21269,-0.130025,0.584029,-0.6707,-0.03742,0.189106,-0.329644,-0.303408,-0.274816,-0.356739,0.143256,-0.281964,-0.518715,-0.989771,0.394799,0.253209,-0.301985,-0.441322,-0.147202,-0.6707,-0.551332,-0.130025,-0.030668,-0.296203,-0.430656,0.0,-0.522913,-0.337634,-0.263856,-0.059049,-0.336608,0.000981,-0.26189,-0.305507,-0.324793,-0.355374,-0.305507,-0.164774,-0.355374,-0.356739,0.095504,0.187567,0.010614,-0.229582,-0.479484,-0.323458,0.216964,-0.112049,-0.270706,-0.242742,-0.6707,-0.062327,0.379694,0.095504,-0.336658,0.468071,0.216964,-0.479484,0.152563,-0.564083,0.429722,0.409366,-0.271516,-0.419263,-0.393902,-0.393078,0.243873,0.152563,-0.125188,0.405314,0.143256,-0.154331,-0.479484,0.0,-0.188174,0.235644,0.052093,0.99496,0.281252,-0.228587,0.111621,0.228738,0.378937,-0.249791,0.555184,-0.240295,0.162179,0.255419,-0.044225,-0.336136,-0.196439,-0.130025,-0.14893,0.343037,-0.305507,0.229107,0.420658,0.528145,0.204056,0.32913,0.239707,-0.165524,0.41229,0.261707,#
2,-0.420609,-0.19557,1.0,-0.414576,-0.646093,0.562867,-0.30055,-0.436129,0.361915,0.033142,-0.667815,-0.553865,-0.254545,-0.183875,0.28944,0.397963,-0.067302,0.96917,-0.497821,0.248752,-0.200907,-0.035093,-0.000155,-0.183834,0.478815,0.276011,0.033797,-0.116128,-0.297036,0.297434,-0.245995,-0.227811,-0.432417,0.272018,-0.354155,0.296454,-0.309781,0.9701,0.046146,-0.662226,-0.125478,-0.423196,0.042042,0.623885,0.219873,-0.492868,-0.288409,-0.36574,0.143595,0.168349,0.423233,-0.349238,0.158445,0.135648,-0.705547,0.513688,0.35637,-0.517854,-0.22481,-0.158088,0.34349,0.459351,0.382479,-0.346,0.021981,0.298959,0.084401,-0.268454,-0.268104,0.116172,-0.295037,-0.174209,0.0,0.606027,0.028427,-0.144415,0.293269,0.027544,0.405529,0.365245,0.429626,0.32757,-0.181221,0.722908,-0.068648,0.293269,0.20902,-0.339283,-0.054582,0.315172,0.326013,-0.421703,-0.502547,0.145943,0.001401,0.569165,-0.393307,0.303599,-0.379348,0.175295,-0.757353,0.356835,-0.10005,0.17708,0.134319,-0.163463,0.248335,-0.028935,0.312756,0.084401,-0.003843,-0.266438,0.104936,0.357295,0.126154,0.175295,0.293269,-0.359726,-0.300012,-0.011845,0.326013,0.0,0.272018,-0.565975,0.13085,-0.372933,0.466808,-0.309781,0.142045,0.569165,0.524572,0.468106,0.027544,-0.14512,-0.080809,-0.182761,0.116863,0.293269,-0.473566,0.153012,0.273508,-0.03316,-0.237482,-0.387184,0.141527,0.278497,0.175295,-0.145767,0.092123,0.149325,0.039934,0.210257,0.29434,-0.299977,-0.65945,0.290553,-0.008774,-0.23553,0.072644,0.386312,0.405163,-0.172308,-0.186778,-0.65945,0.606027,-0.06927,0.199642,0.1532,0.273508,0.0,-0.396864,0.170939,0.21425,-0.172187,-0.070105,0.326277,0.27105,-0.07874,-0.018403,0.027544,-0.311368,-0.026238,0.23267,-0.138593,-0.192222,0.806331,0.372196,-0.359726,-0.354246,-0.568853,0.569165,-0.385636,-0.358531,-0.272279,-0.191448,0.672071,0.196045,0.368762,0.218597,0.424796,#
3,-0.062262,-0.113952,-0.414576,1.0,0.154546,-0.200752,-0.272537,0.390503,-0.968073,-0.368157,0.119653,-0.175863,-0.190772,-0.273396,-0.449905,-0.523466,-0.325782,-0.414237,0.208703,-0.215914,0.484392,0.093106,-0.081422,-0.012988,-0.378336,-0.294584,-0.153574,0.039838,-0.249452,-0.215914,0.437645,0.175164,0.054924,-0.119336,0.232524,0.350247,-0.31818,-0.488834,-0.191414,0.233559,0.081684,0.077508,0.241276,-0.157488,-0.24926,0.361823,0.347693,-0.21481,-0.387167,-0.501662,0.092233,0.704425,-0.494829,-0.100635,0.091713,-0.546005,0.148097,0.787871,0.2665,-0.248001,-0.360343,-0.336802,0.00203,0.428842,0.044883,-0.164124,0.14811,-0.091351,0.886029,0.043706,0.388541,-0.546453,0.0,-0.216818,0.404277,-0.139708,0.421407,0.789609,0.537215,-0.386656,0.151142,0.012936,0.092822,-0.460601,0.230894,0.421407,0.053174,0.742145,0.190781,-0.099562,0.484889,0.996892,0.789999,0.016278,0.343626,0.296103,0.339578,0.2144,0.099187,0.286252,0.251688,-0.044727,0.615888,0.055837,0.055837,0.054781,0.350338,0.243686,-0.565917,0.14811,-0.159467,-0.010573,-0.091667,-0.394548,0.035812,0.286252,0.402761,0.796411,-0.171861,0.38557,0.484889,0.0,0.402761,-0.134824,0.418224,0.222834,-0.238924,-0.31818,0.46387,0.296103,-0.210974,0.151142,0.771331,0.117721,0.615888,0.020916,0.176593,0.421407,0.001161,0.473233,-0.099562,-0.16516,0.458458,0.676327,0.519925,0.106747,0.286252,-0.664737,0.352674,0.233559,0.343626,0.071623,-0.081284,0.403623,0.429687,-0.063734,-0.528292,-0.61038,0.335584,0.047296,0.312811,0.520258,0.474703,0.429687,-0.186889,-0.242436,0.307614,-0.293712,-0.099562,0.0,0.516039,0.339612,-0.506993,-0.087745,0.143221,0.192014,-0.188137,-0.33657,-0.650545,0.789609,-0.395015,0.223702,-0.162602,0.083559,-0.2412,-0.086539,-0.326851,0.796411,0.50701,-0.31693,0.296103,-0.180777,-0.021915,-0.359535,0.454044,-0.46657,-0.453788,-0.27251,-0.205597,-0.334406,#
4,0.273424,0.345767,-0.646093,0.154546,1.0,-0.344134,0.449471,-0.358928,-0.053451,-0.221898,0.232233,0.450409,-0.301348,0.251635,0.053481,-0.532981,-0.221495,-0.621579,0.76982,0.072662,0.150629,-0.250111,0.276926,-0.064822,-0.250976,-0.001314,-0.183008,-0.219212,0.449899,-0.407398,0.304518,-0.147517,0.141171,-0.533537,0.405512,-0.407389,-0.004135,-0.695835,0.388716,0.407495,0.51221,0.196718,-0.37919,-0.690184,-0.407089,-0.072085,-0.224529,0.163841,-0.501518,-0.165499,-0.257285,0.400816,-0.280027,-0.107526,0.217284,-0.395622,-0.607748,0.300381,-0.080975,0.220386,-0.549409,0.139834,-0.351024,-0.197619,0.182996,-0.24997,-0.271664,0.152842,-0.10037,0.042691,-0.381721,0.466107,0.0,-0.454718,-0.17728,0.285057,-0.106023,-0.132426,-0.265535,0.110684,-0.427493,-0.271188,0.550413,-0.407034,0.376551,-0.106023,-0.353307,-0.054693,-0.01062,-0.533255,-0.265535,0.136959,0.290799,-0.353307,0.218174,-0.601782,0.236287,-0.109262,0.53138,0.082283,0.481352,-0.114184,-0.001275,-0.363517,0.066591,0.150718,0.082283,-0.291427,-0.53266,-0.271664,0.395267,-0.011158,-0.560946,-0.660901,0.080614,0.082283,-0.106023,0.424501,0.295565,0.193483,-0.265535,0.0,-0.106023,0.424217,-0.417391,0.409401,-0.054319,-0.004135,-0.351018,-0.601782,-0.34421,-0.814551,-0.165951,0.39329,-0.001275,-0.237495,-0.271664,-0.106023,0.452385,-0.361075,-0.114184,-0.268994,0.347286,-0.094661,0.055636,-0.06834,0.082283,0.069267,-0.173889,0.381374,-0.157664,0.044785,-0.114184,0.347286,0.208228,-0.097417,0.352121,0.278073,-0.173889,-0.271188,-0.376078,0.162565,0.406933,0.208228,-0.399823,0.386656,0.082283,0.230081,-0.114184,0.0,0.147357,0.170878,-0.271664,0.295565,-0.201652,-0.606528,0.097069,0.175312,0.027792,-0.132426,0.103041,-0.348469,-0.36787,0.175312,-0.360913,-0.503137,-0.117687,0.424501,0.594886,0.19803,-0.601782,0.167584,0.273638,0.536895,0.309888,-0.203882,0.008622,-0.097994,0.143748,0.110684,#
5,-0.304758,-0.146539,0.562867,-0.200752,-0.344134,1.0,-0.143706,-0.134694,0.194732,0.428581,-0.341883,-0.282133,-0.09827,0.342877,0.516238,0.162051,-0.499563,0.573601,-0.20841,0.176411,-0.416449,0.25364,0.439225,-0.615977,0.181922,0.103275,-0.258944,-0.467058,-0.146385,0.110033,-0.077107,0.051312,-0.156407,0.187567,-0.17544,0.111334,-0.126635,0.554811,-0.431147,-0.989771,-0.475627,-0.220693,0.311113,0.344716,0.145715,-0.23634,-0.354327,-0.120734,0.399616,-0.363181,0.181791,-0.179067,0.551966,-0.218516,-0.361098,0.104449,-0.257961,-0.23256,-0.157205,-0.10898,0.677507,0.177338,0.260145,-0.11163,-0.269503,-0.38415,0.138915,-0.178358,-0.279283,-0.256188,-0.141734,0.174727,0.0,-0.282306,0.434009,-0.212932,0.187567,0.434272,0.207353,0.288252,0.339331,0.287724,-0.442528,0.468567,-0.376389,0.187567,-0.304329,-0.13503,-0.334449,0.216964,0.26052,-0.21316,-0.256193,-0.276211,-0.325728,0.378556,-0.253172,0.707748,-0.183308,0.175815,-0.03742,0.189106,-0.368996,-0.347136,-0.318545,-0.396207,0.143256,-0.323196,0.218969,0.138915,0.394799,0.253209,-0.342168,0.265945,0.583849,0.175815,0.187567,-0.179306,-0.096027,-0.337386,0.26052,0.0,0.215986,-0.380582,-0.296493,-0.107943,0.339668,-0.126635,-0.26189,0.378556,0.392283,0.313601,-0.345746,-0.212375,-0.394726,-0.396207,0.095504,0.187567,-0.265346,-0.27228,0.244822,-0.365847,-0.549948,-0.148375,-0.314099,-0.242742,0.175815,-0.103667,-0.337403,0.095504,-0.377258,-0.305983,0.216964,-0.52209,-0.331165,0.189164,0.429722,-0.210404,-0.311355,0.261539,0.321401,-0.433125,0.243873,-0.331165,0.994918,0.360547,0.143256,-0.19344,0.244822,0.0,-0.237002,0.104732,0.052093,-0.181495,0.235776,-0.277868,0.111621,-0.511193,0.33511,0.434272,-0.194674,0.312595,0.102956,-0.484513,-0.116089,0.111718,-0.252075,-0.179306,-0.198958,-0.347017,0.378556,0.173747,-0.303054,-0.221712,-0.509928,0.32913,0.189365,0.677353,-0.394364,0.261707,#
6,0.610265,-0.143706,-0.30055,-0.272537,0.449471,-0.143706,1.0,-0.11373,0.294659,-0.411295,0.450722,0.531631,-0.104392,-0.056371,0.742124,0.27429,0.367865,-0.358261,-0.009176,0.248989,-0.08097,-0.142177,0.128205,0.27429,-0.203193,0.1922,-0.348686,-0.00874,-0.189842,-0.397847,-0.16054,-0.246582,0.281132,-0.238242,0.344577,-0.421237,0.332851,-0.24806,0.429821,0.18196,-0.146735,0.176157,-0.499933,0.008329,0.225925,0.106887,0.185414,-0.026866,-0.253452,0.054845,-0.180398,-0.28343,-0.18539,-0.545867,0.287718,0.140015,-0.27328,0.151036,-0.225944,-0.128552,-0.217909,0.339671,0.382842,-0.139258,-0.222696,-0.110332,0.18196,0.065652,-0.301844,-0.37207,-0.026725,0.344392,0.0,-0.239378,-0.39836,-0.169262,-0.770031,-0.37324,-0.648667,0.406499,-0.475122,-0.0837,0.406499,-0.362805,0.001145,-0.770031,0.181983,-0.168822,0.031572,0.315471,-0.608871,-0.272143,0.14382,-0.323113,-0.404161,-0.414942,0.641217,-0.209685,-0.24962,0.248571,0.283624,0.29462,-0.475122,-0.384205,-0.362805,0.426091,-0.385041,-0.42186,0.316801,0.18196,0.048195,-0.174159,0.079586,-0.120249,-0.258738,0.248571,0.293548,-0.209685,-0.095207,-0.420886,-0.608871,0.0,-0.21697,0.525217,-0.274914,-0.152299,0.001145,0.332851,-0.367649,-0.414942,-0.464597,-0.49438,-0.414942,0.360404,-0.012915,-0.056812,-0.662855,-0.770031,-0.056935,-0.316393,0.336323,0.051008,-0.205817,-0.107293,-0.355526,-0.209509,0.248571,0.726432,-0.404392,0.149467,0.053997,-0.345397,-0.205817,0.336323,0.147611,0.294656,0.214064,0.586172,0.102532,0.386678,-0.562291,-0.0837,0.334974,0.147611,-0.171092,0.058252,-0.385041,0.569924,0.336323,0.0,0.24796,-0.405516,0.116974,-0.15918,-0.112065,-0.283458,0.200455,0.372507,0.049711,-0.37324,-0.273886,-0.016978,0.248235,-0.106773,-0.134476,-0.39747,0.321296,-0.209685,0.264713,0.447469,-0.414942,0.29771,0.087765,0.751501,0.315905,-0.003255,-0.212462,0.366258,0.103984,-0.110098,#
7,0.022012,-0.134694,-0.436129,0.390503,-0.358928,-0.134694,-0.11373,1.0,-0.430512,0.245351,0.493174,0.009257,0.451486,-0.091495,-0.295909,0.167044,0.27594,-0.424197,-0.324585,-0.144069,0.070533,0.309261,-0.284822,0.167044,-0.414304,-0.221844,0.021898,0.326606,-0.118809,0.100623,-0.030297,0.608753,0.478298,0.216797,-0.103638,0.103169,0.276501,-0.371265,-0.591301,0.195301,-0.520874,0.113743,0.379468,0.1719,0.170506,0.583276,0.622542,0.284029,0.274556,-0.157867,-0.149789,-0.127601,0.110237,-0.107458,0.62658,-0.285362,0.33076,0.327639,0.501192,-0.046546,0.157092,-0.715415,0.087059,0.819617,-0.274865,-0.144174,0.195301,0.2548,0.524418,-0.257474,0.922715,-0.387345,0.0,-0.292955,0.09295,-0.140449,-0.116737,0.260042,-0.093598,-0.472203,0.13263,0.068391,-0.472203,-0.347402,-0.396548,-0.116737,0.239406,0.617145,0.18754,0.274379,0.0104,0.408917,0.315301,0.294405,-0.337201,0.15106,0.33989,-0.10344,-0.09846,-0.152845,0.439215,-0.107059,0.13263,-0.06777,-0.347402,0.124712,-0.21653,0.384025,0.278468,0.195301,-0.278504,0.345664,0.46524,0.33428,-0.106763,-0.152845,-0.116737,-0.10344,0.064905,-0.281947,0.0104,0.0,-0.061148,0.043296,0.361426,0.030898,-0.396548,0.276501,0.297907,0.15106,-0.231021,0.384273,0.15106,-0.343792,0.082302,0.427585,0.110388,-0.116737,0.031141,0.293277,0.001923,0.337714,-0.052568,0.696054,-0.343759,-0.313153,-0.152845,-0.007154,0.156452,-0.399094,0.099572,-0.333228,-0.052568,0.001923,0.665962,-0.120004,-0.31987,-0.157288,0.207403,0.017173,0.08357,0.068391,-0.040414,0.665962,-0.114505,-0.258995,-0.21653,-0.448403,0.001923,0.0,0.351547,-0.22948,0.025474,-0.102276,0.353075,0.356291,-0.289699,-0.323912,-0.037258,0.260042,0.155138,0.461359,0.19292,-0.271724,0.448746,-0.461594,-0.318948,-0.10344,-0.271365,0.484102,0.15106,0.324445,-0.026543,-0.236233,-0.083052,-0.470412,-0.340105,-0.168601,-0.467623,-0.524127,#
8,-0.008061,0.194732,0.361915,-0.968073,-0.053451,0.194732,0.294659,-0.430512,1.0,0.359863,-0.232718,0.106278,0.18561,0.382205,0.447275,0.473664,0.286579,0.361309,-0.132221,0.311274,-0.519518,-0.205798,-0.012206,-0.09386,0.310032,0.124379,0.23274,0.040031,0.29494,0.069182,-0.231118,-0.243107,-0.117303,-0.084993,-0.274284,-0.318158,0.371639,0.446784,0.148873,-0.21216,0.003176,-0.104539,-0.334538,0.090608,0.046502,-0.482993,-0.426574,0.195839,0.361192,0.526739,-0.215682,-0.62864,0.469848,0.207355,-0.140197,0.505788,-0.230394,-0.777236,-0.265325,0.231692,0.332742,0.278496,0.052431,-0.488566,0.143983,0.190615,-0.21216,0.059343,-0.858008,0.036276,-0.441169,0.518305,0.0,0.18282,-0.369732,0.202881,-0.416674,-0.779068,-0.519684,0.469731,-0.119455,0.006404,-0.063329,0.409021,-0.189174,-0.416674,-0.096517,-0.632043,-0.125362,0.142962,-0.519684,-0.971136,-0.778807,-0.096517,-0.322798,-0.250733,-0.244642,-0.068991,0.068531,-0.31824,-0.143319,0.142962,-0.636137,-0.16513,-0.16513,-0.001107,-0.31824,-0.202668,0.465417,-0.21216,0.321719,-0.106199,0.038216,0.29157,0.077214,-0.31824,-0.416674,-0.716044,0.169064,-0.369732,-0.519684,0.0,-0.416674,0.061932,-0.34959,-0.07764,0.333147,0.371639,-0.407073,-0.250733,0.281887,-0.119455,-0.779068,-0.178953,-0.636137,-0.001107,-0.21216,-0.416674,-0.078712,-0.41052,0.142962,0.081938,-0.416454,-0.559803,-0.483678,0.012133,-0.31824,0.671174,-0.255727,-0.21216,-0.486816,0.077214,0.142962,-0.416454,-0.294493,-0.098204,0.524746,0.622949,-0.255727,0.006404,-0.309993,-0.519412,-0.414719,-0.294493,0.18282,0.378168,-0.31824,0.426382,0.142962,0.0,-0.636036,-0.280234,0.294491,0.169064,-0.207708,-0.268084,0.050205,0.28401,0.648854,-0.779068,0.420751,-0.323028,0.259694,-0.027376,0.239928,-0.00341,0.332159,-0.716044,-0.407172,0.306368,-0.250733,0.069737,0.014213,0.420751,-0.403858,0.50285,0.394334,0.296008,0.216629,0.469731,#
9,-0.339139,0.428581,0.033142,-0.368157,-0.221898,0.428581,-0.411295,0.245351,0.359863,1.0,-0.075559,-0.077787,0.41146,0.60384,-0.163862,0.146875,-0.122509,0.08139,0.01694,-0.039024,-0.544275,0.331672,0.107057,-0.346601,0.169978,-0.006135,0.092573,-0.131826,0.595767,0.424895,-0.180675,0.409253,0.073355,0.115362,-0.31651,-0.059661,0.245319,0.067071,-0.545753,-0.390984,-0.244653,-0.011036,0.498864,-0.07821,-0.110577,-0.077223,-0.288381,0.467512,0.646685,0.065334,-0.131127,-0.34551,0.757564,0.197839,0.15515,-0.168042,-0.258307,-0.509456,0.322849,0.314113,0.603812,-0.321848,-0.452583,0.166234,-0.050358,-0.379653,-0.390984,0.187579,-0.406573,-0.168134,0.095616,0.410043,0.0,-0.39637,0.130606,0.384227,0.133387,-0.106604,-0.114656,-0.270975,0.092925,-0.084799,-0.734484,0.267113,-0.541511,0.133387,-0.447945,-0.180069,-0.324835,-0.281046,-0.114656,-0.379351,-0.532385,-0.002098,-0.370807,-0.141943,-0.553434,0.120941,0.340895,-0.586477,0.216599,-0.281046,-0.356342,-0.232124,-0.232124,-0.506453,-0.070212,-0.045465,0.135285,-0.390984,0.38328,0.624205,-0.181933,0.296154,0.358775,-0.586477,-0.767878,-0.441687,0.387761,-0.375743,-0.114656,0.0,-0.317245,-0.163022,-0.387575,0.103054,-0.087341,0.245319,-0.362872,-0.141943,0.213208,0.092925,-0.601343,-0.472619,-0.764331,-0.097247,0.297368,0.133387,0.245718,-0.416849,-0.281046,-0.094721,-0.325739,-0.125656,-0.651867,-0.468318,-0.586477,0.038524,-0.154331,-0.390984,-0.633264,-0.169946,0.160687,-0.767473,0.021238,-0.352374,0.55907,0.155627,-0.567371,-0.5,0.002463,-0.542009,-0.272855,0.021238,0.413729,0.416739,-0.070212,-0.569004,-0.281046,0.0,-0.40356,-0.005749,0.269834,0.387761,0.360771,-0.292615,-0.105821,-0.305279,0.762523,-0.106604,0.769435,0.15803,-0.069636,-0.288357,0.433024,-0.354917,-0.473949,-0.441687,-0.571893,0.35898,-0.141943,0.493477,0.120494,-0.116616,-0.745739,0.09568,0.487798,0.089262,-0.309603,0.149947,#
10,0.700638,-0.341883,-0.667815,0.119653,0.232233,-0.341883,0.450722,0.493174,-0.232718,-0.075559,1.0,0.829785,0.335483,-0.15174,0.054833,-0.133994,0.158113,-0.620426,0.012375,-0.407148,0.182499,0.137073,0.278006,0.333878,-0.251475,0.140346,-0.151104,-0.219077,-0.065411,0.07185,-0.302104,0.355672,0.556389,0.321293,0.506864,-0.40714,0.364826,-0.588855,-0.027616,0.407245,-0.213419,0.54078,-0.006212,-0.178346,0.572704,0.678387,0.580777,0.463532,0.084596,-0.196689,-0.289088,0.010628,0.120146,-0.468863,0.742513,-0.212641,-0.1707,0.331869,-0.081666,0.222325,-0.069793,-0.273143,-0.227002,0.412507,-0.705101,-0.236386,0.407245,0.424322,0.06303,-0.299615,0.404693,0.273188,0.0,-0.452915,-0.089538,-0.361314,-0.533209,-0.116523,-0.665029,-0.249027,-0.411758,-0.255276,0.190433,-0.405773,0.023923,-0.533209,0.045753,-0.03554,0.004677,-0.097362,-0.249386,0.153664,0.306285,0.045753,-0.141604,-0.585591,0.25206,-0.545745,-0.282388,0.101811,0.495121,-0.532928,0.014199,0.067561,0.067561,0.166144,-0.407246,-0.084304,0.296677,0.407246,-0.354849,0.37118,0.207066,0.088143,-0.300375,0.101811,-0.088868,-0.01231,0.296895,-0.123829,-0.249386,0.0,-0.088868,0.849106,-0.286545,-0.023975,-0.406683,0.364826,-0.316331,-0.585591,-0.522535,-0.411758,-0.150027,0.363322,0.014199,0.166144,-0.271497,-0.533209,0.553167,-0.344065,-0.097362,0.273339,-0.07174,0.050746,-0.328794,-0.536385,0.101811,0.375192,-0.565392,-0.271497,0.218979,-0.775803,-0.532928,0.363826,0.219287,0.313594,-0.017639,0.235854,-0.158118,-0.255276,-0.359303,0.178211,-0.064785,0.219287,-0.398053,-0.338376,-0.407246,-0.277519,-0.097362,0.0,0.542536,-0.434804,0.355035,-0.37127,0.177127,-0.149088,0.048386,0.15916,0.01257,-0.116523,0.086718,0.39557,-0.367645,-0.225904,0.262624,-0.501348,-0.149786,-0.01231,0.11895,0.557015,-0.585591,0.62844,0.257777,0.086718,-0.103148,-0.645264,-0.008849,-0.096787,-0.31344,-0.664072,#
11,0.831618,-0.282133,-0.553865,-0.175863,0.450409,-0.282133,0.531631,0.009257,0.106278,-0.077787,0.829785,1.0,0.383821,0.092224,0.187411,-0.258686,-0.001501,-0.498223,0.226658,-0.498563,0.022397,-0.022222,0.42408,0.203205,-0.001484,0.043622,-0.004554,-0.372245,0.022179,-0.02569,-0.213287,-0.029653,0.255021,0.190649,0.60871,-0.498553,0.462149,-0.448786,0.175081,0.33761,0.053022,0.676575,-0.199264,-0.408619,0.468835,0.43458,0.224315,0.411867,0.189755,-0.036565,-0.443157,0.133925,0.258616,-0.35525,0.473697,-0.028349,-0.552884,0.091593,-0.465837,0.286024,0.036486,-0.032983,-0.379529,-0.121017,-0.551341,-0.200216,0.33761,0.266457,-0.331415,-0.146809,-0.141095,0.61546,0.0,-0.420797,0.005642,-0.319947,-0.652929,-0.351622,-0.814346,-0.032631,-0.599678,-0.409748,0.401211,-0.295746,0.193929,-0.652929,-0.249404,-0.420913,-0.188517,-0.222587,-0.404017,-0.143217,0.065859,-0.249404,-0.005377,-0.814694,0.013126,-0.474067,-0.183872,0.003866,0.419361,-0.652585,-0.179167,0.171537,0.171537,0.006309,-0.498683,-0.309179,0.166556,0.33761,-0.184309,0.240293,-0.031837,-0.069727,-0.198345,0.003866,-0.214269,0.052549,0.315485,-0.028211,-0.404017,0.0,-0.214269,0.99025,-0.569787,0.037735,-0.231171,0.462149,-0.604222,-0.814694,-0.356938,-0.599678,-0.384699,0.521712,-0.179167,0.006309,-0.332455,-0.652929,0.57235,-0.634583,-0.222587,0.044813,-0.197293,-0.321073,-0.223032,-0.406095,0.003866,0.561539,-0.794673,-0.332455,-0.020209,-0.667695,-0.652585,0.232705,-0.087257,0.183121,0.189375,0.473413,-0.392606,-0.409748,-0.542057,0.018197,-0.1899,-0.087257,-0.366637,-0.147501,-0.498683,-0.055187,-0.222587,0.0,0.231789,-0.496502,0.286066,-0.344138,0.008722,-0.53258,-0.048821,0.386793,0.190037,-0.351622,0.19262,0.187998,-0.467744,0.006653,0.300289,-0.41094,-0.071649,0.052549,0.280209,0.392331,-0.814694,0.51612,0.399074,0.19262,-0.23664,-0.522837,0.267141,-0.027623,-0.184084,-0.44237,#
12,0.415531,-0.09827,-0.254545,-0.190772,-0.301348,-0.09827,-0.104392,0.451486,0.18561,0.41146,0.335483,0.383821,1.0,0.330879,-0.222124,0.152848,0.225008,-0.252944,-0.197454,-0.625101,-0.372259,0.24194,-0.225254,0.152848,0.170615,-0.563611,0.423729,0.249923,-0.107021,0.103061,-0.029163,-0.071936,-0.119523,0.178241,0.068086,0.104356,0.735895,-0.072394,-0.390137,0.133973,-0.250809,0.587566,0.296769,-0.152824,0.138589,0.423038,0.207589,0.203392,0.848027,0.337245,-0.504497,-0.00828,0.529998,0.09678,0.237725,0.130568,-0.249732,-0.194923,-0.119889,-0.059397,0.648644,-0.491114,-0.254956,-0.064425,-0.087655,-0.09116,0.133973,-0.127734,-0.186736,-0.103108,0.179877,0.16815,0.0,-0.211163,0.416302,-0.122423,-0.529066,-0.238353,-0.465784,-0.384279,-0.315516,-0.375836,-0.384279,-0.264883,-0.322158,-0.529066,-0.251926,-0.080247,-0.28188,0.207513,-0.412855,-0.16169,-0.205321,-0.223934,-0.273286,-0.29382,-0.2012,-0.123218,-0.132052,-0.641775,0.260805,-0.51356,-0.315516,0.418254,-0.264883,-0.340033,-0.674188,0.046731,0.209517,0.133973,-0.259416,0.243618,0.363565,0.254244,-0.138313,-0.641775,-0.529066,-0.123218,-0.026527,-0.283842,-0.412855,0.0,-0.500774,0.377896,-0.065732,-0.052794,-0.322158,0.735895,-0.223236,-0.29382,0.011952,0.299243,-0.29382,-0.15857,-0.341131,0.302252,0.090756,-0.529066,-0.031699,-0.220546,-0.458093,0.015094,-0.485827,0.104178,-0.261024,-0.201037,-0.641775,0.495285,-0.286168,-0.989674,-0.324585,-0.253573,-0.485827,-0.458093,0.150026,-0.541205,-0.135057,0.392034,-0.260236,-0.401904,-0.377321,-0.375836,-0.546173,0.150026,-0.12034,-0.166784,-0.674188,-0.260263,-0.458093,0.0,-0.226409,-0.652141,0.047539,-0.111614,0.268852,-0.22134,-0.729756,0.216562,0.363988,-0.238353,0.532966,0.343484,0.154425,0.243123,0.990613,-0.326551,-0.243707,-0.123218,-0.189067,0.330937,-0.29382,0.22109,0.402499,-0.21175,-0.489357,-0.395589,0.228228,-0.15833,-0.337865,-0.410706,#
13,-0.119024,0.342877,-0.183875,-0.273396,0.251635,0.342877,-0.056371,-0.091495,0.382205,0.60384,-0.15174,0.092224,0.330879,1.0,0.054909,-0.149388,-0.325589,-0.113637,0.566776,0.01631,-0.246941,0.2191,0.35146,-0.527953,-0.223822,-0.396492,0.202741,0.050224,0.445933,-0.403554,0.325012,-0.023206,0.114958,-0.079096,-0.375154,-0.403546,0.109286,-0.165518,-0.38554,-0.269101,-0.202604,-0.104844,0.074896,-0.612198,-0.403248,-0.014963,-0.725933,0.194248,0.488027,-0.218308,-0.230118,0.0651,0.50673,0.224044,0.198937,0.152607,-0.689944,-0.065452,-0.092436,0.208113,0.461851,-0.246962,-0.272799,-0.2323,0.276995,-0.313633,-0.269101,-0.132413,-0.392936,0.02482,-0.375949,0.419981,0.0,-0.503974,0.299577,0.276686,-0.079096,-0.078708,-0.238777,0.09245,-0.055336,0.106003,-0.263127,0.030426,-0.419063,-0.079096,-0.853698,-0.086595,-0.46606,-0.155067,-0.238777,-0.266756,-0.087423,-0.409064,-0.172455,-0.219678,-0.216281,0.415309,0.52188,-0.403651,0.479369,-0.155067,-0.399987,-0.352559,-0.352559,-0.313032,-0.403651,-0.156286,-0.147586,-0.269101,0.402698,0.456897,-0.634838,0.139881,0.5367,-0.403651,-0.528503,-0.016305,0.285896,-0.205395,-0.238777,0.0,-0.528503,0.005851,-0.444008,0.400391,-0.07065,0.109286,-0.38748,-0.219678,0.270712,-0.055336,-0.572102,-0.523448,-0.399987,0.095062,0.417381,-0.079096,0.087278,-0.416339,-0.155067,-0.130351,-0.528225,-0.092086,-0.360202,-0.082855,-0.403651,0.19491,-0.226991,-0.269101,-0.567539,0.009416,0.285465,-0.528225,0.155341,-0.528202,0.683718,0.260951,-0.638908,-0.30807,-0.142699,-0.658814,-0.035939,0.155341,0.303923,0.853214,0.11121,-0.056708,-0.155067,0.0,-0.267517,-0.280909,-0.269101,0.285896,-0.176133,-0.668522,-0.40342,-0.218717,0.814402,-0.078708,0.524485,-0.321255,0.006051,0.203191,0.290229,-0.494349,-0.665677,-0.016305,-0.230521,0.168719,-0.219678,0.194753,-0.086053,0.096916,-0.498926,-0.223421,0.041397,-0.082989,-0.531829,0.09245,#
14,0.290828,-0.262033,0.28944,-0.449905,0.053481,0.516238,0.742124,-0.295909,0.447275,-0.163862,0.054833,0.187411,-0.222124,0.054909,1.0,0.43375,0.064526,0.232571,-0.244895,0.367214,-0.320745,0.001517,0.343157,-0.094375,0.044704,0.313239,-0.444845,-0.274239,-0.337086,-0.219393,-0.263071,-0.267034,0.05458,-0.030866,0.131933,-0.240608,0.132604,0.320028,0.202206,-0.506839,-0.404009,-0.067756,-0.275914,0.347906,0.346191,-0.142308,-0.087268,-0.201071,-0.000845,-0.091547,0.067295,-0.432397,0.134305,-0.574126,-0.118604,0.32557,-0.267827,-0.109214,-0.345852,-0.223332,0.226538,0.535284,0.574673,-0.280037,-0.335481,-0.20922,0.259313,-0.115758,-0.478502,-0.434674,-0.180423,0.343951,0.0,-0.179933,-0.133325,-0.301402,-0.513139,-0.105685,-0.357292,0.599293,-0.148148,0.154949,0.103239,0.102063,-0.202525,-0.513139,0.07073,-0.319663,-0.163871,0.471192,-0.321201,-0.457265,-0.122523,-0.387335,-0.516617,-0.030046,0.336731,0.234934,-0.436506,0.366869,0.009526,0.452282,-0.62896,-0.451636,-0.432228,0.134988,-0.207745,-0.555677,0.472191,0.259313,0.215253,-0.099201,-0.073015,0.120349,0.075221,0.366869,0.451408,-0.367198,-0.228312,-0.540826,-0.321201,0.0,-0.011575,0.130515,-0.361108,-0.309681,0.283535,0.132604,-0.421921,-0.030046,-0.090082,-0.165613,-0.521702,0.190142,-0.209791,-0.30295,-0.506839,-0.513139,-0.313404,-0.377004,0.490102,-0.142318,-0.522138,-0.288115,-0.421211,-0.233047,0.366869,0.551728,-0.50736,0.229846,-0.101119,-0.407543,-0.001557,-0.030478,-0.229849,0.452307,0.397224,0.352093,-0.047636,0.581529,-0.235743,-0.334364,0.37541,-0.229849,0.501266,0.198222,-0.207745,0.451918,0.490102,0.0,0.016827,-0.269325,0.200378,-0.286328,-0.003324,-0.295148,0.323152,0.071718,0.194747,-0.105685,-0.444155,0.134242,0.329023,-0.362935,-0.242034,-0.062471,0.264071,-0.367198,0.043624,0.059902,-0.030046,0.246285,-0.169814,0.485756,-0.009464,0.338525,-0.047053,0.755697,-0.037674,0.130797,#
15,0.042792,0.162051,0.397963,-0.523466,-0.532981,0.162051,0.27429,0.167044,0.473664,0.146875,-0.133994,-0.258686,0.152848,-0.149388,0.43375,1.0,0.770636,0.240335,-0.648591,0.25865,-0.533794,0.340442,-0.392278,0.47204,0.284805,0.288581,-0.299941,0.4247,-0.222124,0.213607,-0.589953,-0.173089,-0.059795,0.034713,-0.249843,0.19239,0.271789,0.427276,0.180996,-0.21799,-0.525894,-0.151004,0.203972,0.601596,0.18187,0.017378,0.172353,-0.314674,0.209506,0.517402,0.314144,-0.855706,0.002626,-0.306405,-0.086947,0.357247,0.379388,-0.394953,0.344408,-0.474608,0.296751,0.334827,0.444801,-0.017565,0.001305,-0.054561,-0.217991,-0.276802,-0.369064,-0.562561,0.317171,-0.007904,0.0,0.219773,-0.356855,0.209459,-0.428125,-0.371988,-0.101021,-0.037298,-0.172956,-0.044526,-0.533197,-0.024195,-0.653068,-0.428125,0.417517,-0.193667,-0.178436,0.546216,-0.533966,-0.543153,-0.375982,-0.040405,-0.799796,0.119515,0.128058,-0.177239,-0.475534,-0.326986,-0.409507,0.546216,-0.653618,-0.092673,-0.558319,-0.051506,-0.326986,-0.260856,0.537504,-0.217991,-0.172723,0.004644,0.522062,0.342692,-0.47139,-0.326986,0.034713,-0.779183,-0.490597,-0.7954,-0.533966,0.0,-0.428125,-0.270364,0.053153,-0.705943,-0.167161,0.271789,-0.106019,0.119515,-0.250566,0.246082,-0.371988,-0.213688,-0.234579,-0.051506,-0.217991,-0.428125,-0.593,-0.021619,0.092519,0.128113,-0.427899,-0.116234,-0.535239,-0.259604,-0.326986,0.521561,0.110632,-0.217991,0.039418,-0.013468,0.092519,-0.427899,-0.068174,0.01619,0.068671,0.492604,0.110632,0.381921,-0.348343,-0.533685,-0.005508,-0.068174,0.219773,-0.149321,-0.326986,0.156376,0.092519,0.0,-0.077227,-0.39156,0.489006,0.205382,0.323313,0.316664,0.187086,0.337716,0.248677,-0.371988,-0.014678,0.211883,0.764494,-0.096801,0.236331,0.063787,0.333399,-0.779183,-0.556494,0.369657,0.119515,0.204885,0.059499,0.425668,0.097187,0.504338,-0.017869,0.328169,0.269716,-0.037298,#
16,0.263859,0.236635,-0.067302,-0.325782,-0.221495,-0.499563,0.367865,0.27594,0.286579,-0.122509,0.158113,-0.001501,0.225008,-0.325589,0.064526,0.770636,1.0,-0.20964,-0.424867,0.106934,-0.213133,0.150897,-0.608851,0.80632,0.102054,0.179986,-0.112488,0.662779,-0.086371,0.106934,-0.470781,-0.15334,0.090629,-0.093196,-0.087036,0.067728,0.357039,-0.030004,0.409192,0.452959,-0.184171,0.036856,-0.014511,0.287719,0.076797,0.201862,0.401029,-0.16051,-0.054742,0.666725,0.126111,-0.643083,-0.326653,-0.158646,0.211829,0.21844,0.464751,-0.177945,0.414755,-0.333117,-0.16278,0.148067,0.213576,0.089709,0.142097,0.159803,-0.271776,-0.100609,-0.147659,-0.361811,0.40211,-0.090288,0.0,0.312017,-0.590268,0.314444,-0.533756,-0.605801,-0.269455,-0.229033,-0.392553,-0.235563,-0.195516,-0.355992,-0.354417,-0.533756,0.545345,-0.069694,0.052172,0.33904,-0.665711,-0.334382,-0.148916,0.126228,-0.527892,-0.173943,0.302646,-0.616481,-0.291814,-0.407663,-0.271952,0.33904,-0.360066,0.106296,-0.319891,0.214512,-0.407663,-0.03404,0.346794,-0.271776,-0.392024,-0.121424,0.674057,0.132616,-0.781037,-0.407663,-0.11014,-0.575797,-0.343231,-0.515658,-0.665711,0.0,-0.533756,0.048259,0.209562,-0.534837,-0.387258,0.357039,0.044566,-0.173943,-0.502032,-0.009024,-0.140723,-0.051306,0.023463,0.214512,-0.271775,-0.533756,-0.321694,0.123863,-0.076211,0.349459,-0.041036,0.014578,-0.318931,-0.119319,-0.407663,0.556008,0.278646,-0.271776,0.255102,0.135104,-0.076211,-0.041036,0.194127,-0.110755,-0.19107,0.592198,0.278646,0.154746,-0.539387,-0.202502,-0.146287,0.194127,-0.449515,-0.347508,-0.407663,0.243051,-0.076211,0.0,0.105815,-0.436809,0.401192,0.29377,0.153302,0.423231,0.081721,0.612451,0.030654,-0.605801,0.134344,0.011094,0.599605,0.198848,0.304886,-0.084363,0.423589,-0.575797,-0.357372,0.601332,-0.173943,0.123781,0.261393,0.537374,0.394849,0.194445,-0.141999,-0.135304,0.45167,-0.229033,#
17,-0.489381,-0.293858,0.96917,-0.414237,-0.621579,0.573601,-0.358261,-0.424197,0.361309,0.08139,-0.620426,-0.498223,-0.252944,-0.113637,0.232571,0.240335,-0.20964,1.0,-0.42153,0.271383,-0.070176,-0.143714,0.110876,-0.348312,0.358489,0.241964,0.183522,-0.196121,-0.220161,0.270418,-0.146482,-0.077832,-0.31084,0.365528,-0.423364,0.150776,-0.356506,0.948062,-0.088414,-0.656886,-0.095261,-0.478063,-0.058621,0.55237,0.271679,-0.522973,-0.343997,-0.181046,0.177781,0.044993,0.324157,-0.286102,0.273589,0.268725,-0.608103,0.536457,0.326565,-0.507076,-0.326667,0.061319,0.340865,0.315066,0.335842,-0.27296,-0.034296,0.397106,0.197066,-0.097446,-0.229677,0.289104,-0.327434,-0.185075,0.0,0.603959,0.035953,-0.244775,0.365528,0.036299,0.34192,0.461932,0.571411,0.462646,-0.090969,0.858923,0.02894,0.365528,0.14641,-0.312714,0.041872,0.260363,0.462598,-0.408777,-0.499654,0.27405,0.150039,0.584298,-0.429981,0.337002,-0.281596,0.270966,-0.645933,0.239286,0.035498,0.155242,0.263403,-0.074654,0.270966,0.118784,0.36619,0.197066,0.03545,-0.242183,0.037417,0.462471,0.294072,0.270966,0.236518,-0.334134,-0.085586,0.137818,0.462598,0.0,0.365528,-0.504902,0.137709,-0.177849,0.570702,-0.356506,0.194742,0.584298,0.681235,0.474077,0.036299,-0.216088,-0.081303,-0.055129,0.197066,0.365528,-0.310506,0.172705,0.365748,0.082644,-0.21449,-0.375253,0.160366,0.349025,0.270966,-0.203301,0.042894,0.164221,0.010633,0.166432,0.365748,-0.21449,-0.633434,0.34426,0.026631,-0.354689,0.042894,0.34378,0.55221,-0.08274,-0.300076,-0.633434,0.603959,0.009119,0.270966,0.137706,0.365748,0.0,-0.42484,0.209523,0.164222,-0.279581,-0.215704,0.314057,0.246191,-0.227429,0.021681,0.036299,-0.255028,-0.113963,0.075828,-0.207243,-0.202851,0.794973,0.312466,-0.334134,-0.379963,-0.581073,0.584298,-0.417241,-0.490954,-0.399589,-0.334025,0.568131,0.186047,0.307314,0.082156,0.461932,#
18,0.006805,0.389236,-0.497821,0.208703,0.76982,-0.20841,-0.009176,-0.324585,-0.132221,0.01694,0.012375,0.226658,-0.197454,0.566776,-0.244895,-0.648591,-0.424867,-0.42153,1.0,-0.063268,0.347994,0.056968,0.465909,-0.243036,-0.364424,-0.127663,0.003479,-0.067821,0.523862,-0.495767,0.385928,-0.059671,0.211122,-0.172404,-0.029484,-0.495757,-0.357317,-0.607071,0.147129,0.257749,0.311968,-0.08924,-0.124239,-0.931644,-0.495391,0.09188,-0.611142,0.092893,-0.272362,-0.410518,0.01302,0.524319,-0.170618,0.146099,0.255595,-0.137194,-0.566295,0.402411,-0.054618,0.28133,-0.335477,-0.029759,-0.523331,-0.182718,0.3163,-0.219094,-0.330591,-0.036194,-0.021447,0.208621,-0.499949,0.30446,0.0,-0.373544,0.063379,0.360062,0.212754,0.03356,-0.003431,-0.045752,-0.210789,-0.01511,0.335175,-0.209921,0.130342,0.212754,-0.726911,-0.015932,-0.281484,-0.648924,-0.003431,0.211119,0.395352,-0.255113,0.376291,-0.415904,-0.094055,0.039633,0.634047,-0.054632,0.368328,-0.271372,0.158434,-0.187127,0.200369,-0.089152,-0.054632,-0.126704,-0.6482,-0.330591,0.187484,0.314432,-0.835224,-0.34781,0.248708,-0.054632,-0.264109,0.502019,0.340365,0.35472,-0.003431,0.0,-0.264109,0.194659,-0.395495,0.483757,-0.24291,-0.357317,-0.230675,-0.415904,-0.081876,-0.559499,-0.038354,-0.049625,0.158434,-0.005878,0.397829,0.212754,0.44524,-0.265807,-0.271372,-0.093012,0.128389,-0.142643,0.186123,0.070613,-0.054632,-0.219796,-0.049641,0.257749,-0.026806,0.171854,0.196073,0.128389,0.110462,-0.256259,0.463794,0.03446,-0.486724,-0.454479,-0.126793,-0.078729,0.225249,0.110462,-0.255789,0.611607,0.491683,-0.030676,-0.271372,0.0,0.213069,0.06434,-0.330591,0.340365,-0.377246,-0.537738,-0.041237,-0.008495,0.276103,0.03356,0.236151,-0.557644,-0.470111,0.439189,-0.269358,-0.329686,-0.57284,0.502019,0.235444,-0.020554,-0.415904,0.043423,0.002021,0.173333,0.086704,-0.434102,-0.113963,-0.489571,-0.194442,-0.045752,#
19,-0.610957,0.176411,0.248752,-0.215914,0.072662,0.176411,0.248989,-0.144069,0.311274,-0.039024,-0.407148,-0.498563,-0.625101,0.01631,0.367214,0.25865,0.106934,0.271383,-0.063268,1.0,0.0822,-0.407436,-0.12148,-0.326907,-0.404618,0.253491,-0.052739,0.167849,0.249226,-0.24988,0.188033,0.25307,0.317498,-0.327248,-0.532633,-0.249875,-0.286663,0.183816,-0.017513,-0.166627,-0.025594,-0.77157,-0.499473,0.317206,-0.24969,-0.608103,-0.239534,0.095914,-0.456056,-0.071131,0.102206,-0.464162,-0.160379,0.214499,0.004382,0.098313,0.297716,-0.124666,0.23228,0.20583,-0.349396,0.095323,0.560858,0.217952,0.298874,0.30425,-0.166627,0.326019,0.018518,0.166371,0.0608,-0.223554,0.0,0.214949,-0.607984,0.190693,0.207471,-0.116829,0.092034,0.6419,0.517608,0.627264,0.091901,0.368601,-0.009788,0.207471,0.349789,0.259133,0.505788,0.250117,0.092034,-0.237428,-0.121548,0.349789,-0.11188,0.428294,0.436864,0.277173,0.340461,0.362658,0.049291,0.774276,-0.015492,-0.761758,-0.223793,0.612381,0.362658,0.242766,0.261142,-0.166627,0.51691,-0.326228,-0.066649,0.158245,0.349789,0.362658,0.207471,-0.390439,0.203571,-0.101331,0.092034,0.0,0.207471,-0.494544,0.273594,0.267779,0.529129,-0.286663,0.345565,0.428294,0.260807,0.033489,-0.116829,-0.398216,-0.015492,0.126818,-0.166627,0.207471,-0.17574,0.341001,0.774276,0.268349,0.197084,0.170449,-0.228484,0.294771,0.362658,-0.041763,0.418152,0.650171,-0.11188,0.349789,0.774276,0.197084,0.292647,0.218041,0.253325,-0.131324,0.418152,0.627264,0.349805,0.08474,0.264346,0.292647,0.214949,0.485042,0.362658,0.53978,0.774276,0.0,-0.183602,0.394487,-0.166627,0.203571,-0.395443,0.277173,0.381003,-0.395308,0.049605,-0.116829,-0.161439,-0.489068,0.352975,-0.395308,-0.565832,-0.025372,0.321133,-0.390439,-0.217658,0.144319,0.428294,-0.228038,-0.593647,0.381212,0.209379,0.520591,-0.363438,0.286181,0.15424,0.6419,#
20,-0.106775,-0.416449,-0.200907,0.484392,0.150629,-0.416449,-0.08097,0.070533,-0.519518,-0.544275,0.182499,0.022397,-0.372259,-0.246941,-0.320745,-0.533794,-0.213133,-0.070176,0.347994,0.0822,1.0,-0.23618,0.233357,-0.055727,-0.660685,0.006518,0.245736,0.111926,-0.120867,-0.40802,0.332894,0.312702,0.51843,0.356234,-0.207795,-0.408011,-0.627928,-0.28952,0.003527,0.421455,0.102094,-0.384881,-0.403573,-0.268326,0.132706,0.238569,0.017341,0.097578,-0.497025,-0.557249,0.166889,0.421436,-0.449144,0.240748,0.37219,0.169422,0.34572,0.654342,-0.170972,0.336092,-0.590826,-0.265615,0.091697,0.355886,-0.042033,0.496802,0.421455,0.2819,0.642849,0.541499,0.040553,-0.547547,0.0,0.310496,-0.148913,-0.348902,0.338772,0.229565,0.150279,0.166374,0.385763,0.556695,0.61541,0.091356,0.439989,0.338772,0.112809,0.39325,0.411379,-0.089011,0.574979,0.530573,0.658306,0.544733,0.690441,0.229565,0.281853,-0.122755,0.084426,0.612176,0.080486,-0.106129,0.821002,0.135794,0.575005,0.579252,0.092027,0.565956,-0.080195,0.421455,-0.419978,-0.108789,-0.133518,0.19055,0.069108,0.612176,0.356234,0.422305,0.292244,0.720234,0.574979,0.0,0.356234,0.116114,0.405863,0.407203,0.0,-0.627928,0.581527,0.229565,0.132783,-0.009486,0.67462,-0.104622,0.821002,0.579252,0.39478,0.338772,0.307611,0.530573,0.338929,0.612486,0.365108,0.23282,0.560136,0.501283,0.612176,-0.449216,0.242157,0.39478,0.690441,0.095532,0.321811,0.810166,0.180624,0.373832,-0.31181,-0.595257,0.258163,0.154459,0.493621,0.597392,-0.050101,0.180624,-0.41825,-0.062844,0.592171,0.128104,0.338929,0.0,0.541434,0.099623,-0.272078,-0.390482,-0.673647,0.422305,0.107121,-0.247658,-0.419281,0.229565,-0.366613,-0.458852,-0.406167,0.162191,-0.419503,0.233759,-0.104137,0.422305,0.092694,-0.24136,0.229565,-0.406371,-0.580237,-0.338923,0.291265,-0.548547,-0.624378,-0.609546,-0.253336,-0.257716,#
