0,1.0,0.685421,0.40531,0.081701,0.124396,-0.095475,-0.132742,-0.407189,0.207373,0.0,-0.382735,-0.145542,0.814095,0.790555,0.041014,-0.40749,-0.307631,0.888974,-0.36054,0.156604,-0.056406,0.772239,0.685421,0.0,-0.044642,0.153295,0.401658,0.001557,0.305543,0.613594,0.298436,0.107457,-0.271731,-0.407219,0.183857,0.430088,0.212366,-0.090763,-2.4e-05,-0.533529,-0.271731,0.049004,-0.132372,0.006662,0.264575,-0.394007,0.482943,0.357646,-0.241686,0.625152,0.352152,-0.221644,-0.407596,0.468822,-0.456212,-0.138978,-0.122336,0.143984,0.325199,0.339842,0.645911,-0.267634,-0.006502,-0.201206,0.040709,0.464118,-0.271731,0.626165,0.36481,0.51267,0.335591,0.387199,-0.52504,-0.022631,-0.665252,0.222774,0.373219,-0.664644,-0.532791,-0.407362,-0.12039,-0.234982,0.091909,0.413831,0.0,-0.097665,0.178719,0.138192,0.131869,-0.533668,0.237099,-0.190521,-0.268078,0.40106,0.253564,0.338339,0.547435,-0.665252,-0.415014,-0.405606,0.625152,-0.080093,0.0,0.611394,-0.533387,-0.262006,-0.25153,-0.369552,-0.665231,0.349199,0.370207,0.420916,0.009699,-0.088894,0.114916,0.369848,0.111889,-0.814483,0.446162,-0.363222,-0.097665,-0.015947,0.08504,-0.050791,-0.006502,0.355779,0.091909,0.336893,0.439481,0.373355,-0.340161,-0.115105,-0.355194,-0.27084,-0.60195,0.091909,-0.271731,-0.533364,0.493765,-0.158066,0.071929,-0.312319,-0.264566,-0.443634,-0.12039,0.606556,-0.271731,0.042455,-0.166161,-0.394433,0.213125,-0.78606,0.651354,-0.410598,-0.174375,-0.097665,0.567201,0.645095,0.080093,-0.533364,-0.223113,-0.271731,0.225057,-0.642079,0.114916,0.690987,-0.271731,0.174999,-0.015984,-0.271731,-0.409661,0.146008,-0.665093,-0.355194,-0.080906,-0.60195,0.0,0.438993,0.820217,-0.565196,0.367956,-0.403284,-0.510778,0.113781,0.283806,-0.410018,0.425787,-0.378656,-0.563897,0.22514,0.406717,0.270864,0.313662,0.270864,-0.015472,0.055116,-0.059296,-0.111648,0.815192,0.372238,#
1,0.685421,1.0,0.630789,-0.084721,-0.071755,0.121524,0.34125,0.382302,0.277993,0.0,-0.42719,-0.597624,0.842311,0.551893,0.025528,-0.144656,-0.075607,0.509007,-0.055749,0.247006,-0.343797,0.551767,1.0,0.0,0.067122,-0.074557,0.439192,-0.579235,0.201802,0.438528,-0.225018,-0.001788,0.280529,-0.075356,0.03256,0.46083,0.543729,-0.006316,4.8e-05,-0.800226,-0.407562,0.409072,-0.380525,0.328662,0.482549,-0.552324,0.800862,0.424817,0.015389,0.545177,-0.222869,-0.118451,-0.134972,0.435014,-0.291452,-0.092315,0.124375,-0.504828,-0.153563,0.463561,0.604728,-0.409319,0.220645,0.025483,0.143156,0.339858,-0.407561,0.782033,0.644797,0.173333,0.577727,0.40039,-0.334351,-0.386926,-0.558336,0.403243,0.083162,-0.551369,-0.322944,-0.610992,0.116081,-0.570343,-0.115123,0.39335,-0.412854,-0.367299,-0.159363,0.287713,-0.095274,-0.800435,0.148752,-0.20493,-0.553904,0.448986,-0.220722,0.117813,0.823133,-0.558336,-0.388032,-0.448431,0.545177,0.126777,0.024252,0.400945,-0.332473,-0.170185,-0.586782,-0.231572,-0.997762,-0.103615,0.506187,0.280529,-0.040242,-0.358432,0.334136,0.081907,-0.095274,-0.854618,0.014548,-0.773242,-0.367299,-0.442057,-0.095041,-0.432347,0.220645,0.083162,-0.115123,0.643609,-0.134021,0.100776,-0.535045,-0.332648,-0.506292,0.018693,-0.422111,-0.115123,0.227599,-0.401028,0.436585,-0.629644,-0.075425,-0.083257,-0.613848,-0.183753,0.116081,0.292895,-0.407561,0.454984,0.141079,-0.804459,0.196061,-0.536452,0.420794,-0.820518,-0.23701,-0.367299,0.687759,0.829926,-0.039274,-0.401028,0.109572,0.280529,0.246935,-0.402178,-0.056571,0.634666,-0.407561,-0.057491,-0.381096,-0.407561,-0.287231,-0.234172,-0.620674,-0.115584,0.143132,-0.422111,0.0,0.642031,0.841075,-0.693591,0.56592,-0.357603,-0.339347,0.375132,0.230162,-0.015659,0.44924,-0.227195,-0.700235,0.357684,0.612355,0.597271,0.448624,0.212581,0.094906,0.41478,0.147019,-0.349983,0.428733,0.155927,#
2,0.40531,0.630789,1.0,0.202919,-0.317218,-0.204986,0.468329,0.274219,0.4074,0.0,-0.518709,-0.411167,0.518705,0.348227,0.006233,-0.386939,-0.319653,0.101874,-0.527904,0.408664,-0.225115,0.328039,0.630789,0.0,0.326493,-0.349006,0.537978,-0.273913,0.090574,0.271535,0.078801,-0.178101,0.198352,0.251153,-0.174183,0.039106,0.599703,0.024528,0.000116,-0.245488,0.166359,0.343431,-0.237519,0.21329,0.03351,-0.432893,0.528607,0.7899,0.005201,0.198356,-0.179694,-0.05064,0.249539,-0.116859,-0.173461,0.19455,0.386641,-0.361796,-0.134109,0.675509,0.117297,-0.683747,0.440338,-0.283984,0.095472,0.176942,0.134367,0.221747,0.097313,0.137749,0.969126,0.656713,-0.098905,-0.461568,-0.093307,-0.165008,0.30578,-0.55973,-0.184248,-0.379907,0.406797,-0.118767,0.249539,0.498795,-0.038391,0.30578,-0.118767,0.408417,0.249539,-0.238759,0.076998,0.107897,-0.595706,0.499924,0.127013,-0.217815,0.267229,-0.093307,0.030445,-0.001617,0.198356,-0.184248,0.011276,0.225545,0.327758,-0.086372,-0.098895,0.150355,-0.615579,0.045264,0.58333,0.134367,-0.025351,-0.217272,0.741422,0.282454,0.201551,-0.512277,0.00434,-0.601291,0.30578,-0.031611,0.219518,-0.002392,0.440338,0.30578,0.225545,0.496932,-0.017781,-0.217272,-0.31238,-0.196872,-0.313886,0.268759,-0.243794,0.249539,0.166359,0.305186,0.600645,-0.387085,0.249539,0.225087,-0.13718,0.020927,0.406797,0.488425,0.134367,0.474303,0.591952,-0.519807,0.612024,-0.322757,0.225545,-0.500394,0.088507,0.30578,0.447021,0.302776,0.271576,-0.228576,0.320857,0.198352,-0.106542,-0.195603,0.229757,0.151829,-0.665437,-0.257595,-0.019195,0.134367,-0.438925,0.094009,-0.106542,0.197778,-0.166369,-0.243794,0.0,0.434734,0.516537,-0.436837,0.367344,-0.440251,-0.747086,0.760461,0.13227,0.044245,0.49759,-0.125455,-0.537384,0.455862,0.997413,0.609626,-0.084015,0.105843,-0.205565,0.498517,-0.187596,-0.187033,0.499078,-0.12679,#
3,0.081701,-0.084721,0.202919,1.0,0.027727,0.219937,-0.160541,-0.245366,-0.357216,0.0,0.216265,0.372562,-0.198389,-0.039112,-0.224348,-0.234983,-0.458888,-0.120127,-0.635583,0.532202,-0.064288,0.449092,-0.084721,0.0,-0.075996,-0.762625,-0.227509,-0.093755,-0.078573,-0.235731,0.346531,-0.415209,-0.508925,-0.244556,0.028805,-0.613028,-0.143832,-0.257281,-5e-05,-0.064288,0.210208,0.468533,-0.393677,0.021192,-0.324051,0.461762,-0.151208,0.683579,0.361951,-0.241547,0.492647,0.687124,0.315312,-0.16212,-0.330054,-0.073427,0.753323,0.027049,-0.22606,0.470377,-0.115149,-0.519483,-0.265395,-0.451922,0.639651,-0.030537,0.210208,0.137911,0.201884,0.594895,0.176224,0.603222,0.406166,0.210681,-0.378418,-0.292915,-0.057942,-0.391193,-0.085495,0.315131,0.725452,0.531797,0.315312,0.210681,0.21574,0.41284,0.531797,0.088716,-0.224037,-0.057942,0.361605,-0.091902,0.085096,-0.214466,0.34451,-0.021728,0.022289,-0.378418,0.173523,0.630075,-0.241547,-0.067417,0.190096,0.336056,-0.076009,0.531946,0.514616,-0.12303,0.067915,-0.140383,0.030774,0.237867,0.210681,0.412605,0.012123,-0.000664,0.336056,0.188583,0.210681,-0.290649,0.41284,-0.200678,0.998911,0.240918,-0.265395,0.430947,0.315312,0.216114,0.00726,0.431063,0.024021,-0.039835,0.012123,0.063181,0.162982,0.315312,0.210208,0.412605,0.52379,-0.099954,0.336056,0.004072,-0.338386,0.389972,0.725452,0.71888,0.210208,-0.39365,0.322545,0.210681,0.343943,0.004072,-0.203293,0.193898,-0.108665,0.41284,-0.363294,0.012577,0.012123,-0.06732,-0.311648,-0.508925,0.078571,0.162982,0.012123,-0.073347,-0.508925,-0.009843,0.232335,0.210208,-0.333622,0.131958,0.514509,0.012123,-0.530464,0.162982,0.0,0.224786,-0.187761,0.340105,-0.051781,-0.242487,-0.093809,0.067024,-0.073347,0.167992,-0.187761,-0.26513,0.227309,-0.383411,0.191896,-0.064704,-0.20758,-0.500252,0.401341,-0.238659,-0.313251,-0.36699,0.232335,0.020033,#
4,0.124396,-0.071755,-0.317218,0.027727,1.0,-0.334062,-0.28972,-0.262904,-0.779931,0.0,-0.258846,-0.083698,-0.171702,0.477162,0.661174,0.299023,-0.429372,0.22931,0.273119,0.525341,-0.020978,-0.000882,-0.071755,0.0,-0.051405,0.342467,-0.167552,0.460394,0.352666,0.383127,-0.120965,0.028199,-0.507865,-0.262125,0.043131,-0.171702,-0.595065,-0.230468,-5.2e-05,-0.077636,-0.507865,-0.050703,0.228975,-0.443567,-0.270908,0.050104,0.336406,-0.166722,-0.296428,-0.200066,0.496464,-0.264605,-0.24239,0.128281,0.49482,-0.21289,-0.351023,0.022065,-0.143114,-0.23281,-0.070305,0.15151,-0.26767,0.663372,-0.06103,-0.024542,0.184678,0.154167,-0.039567,-0.264822,-0.351783,-0.147972,-0.122663,0.237515,-0.390495,0.445398,0.419373,-0.385911,-0.099401,0.297833,-0.383538,-0.391384,-0.220748,0.65878,-0.24239,-0.071785,0.056725,-0.355684,-0.199106,-0.071785,0.339278,-0.535773,0.540683,-0.20584,0.373898,-0.015113,0.037116,-0.390495,-0.267482,0.162773,-0.200066,-0.552032,-0.267482,-0.220748,-0.552478,0.52372,0.056725,-0.426756,0.056725,-0.1214,-0.440529,-0.507865,-0.251729,0.399876,-0.483028,-0.074307,-0.24239,0.162773,-0.217739,0.144641,-0.071785,0.194795,0.018965,0.210353,-0.26767,-0.525161,0.298659,0.094171,-0.161277,-0.062304,0.51791,-0.015113,-0.484138,0.029488,-0.427006,-0.220748,0.184678,-0.099686,-0.220014,0.373898,0.341943,-0.495033,0.065606,-0.351132,-0.383538,0.057927,0.184678,-0.310951,-0.600144,-0.252759,-0.535773,-0.514038,-0.199106,0.184986,-0.57075,-0.071785,0.127616,0.150336,0.043932,-0.080428,-0.434515,-0.507865,0.068916,0.159808,-0.465278,-0.073435,0.213534,0.53978,-0.207763,0.184678,0.33062,-0.163868,0.032532,-0.501888,-0.026411,-0.427006,0.0,-0.331666,-0.189693,-0.151462,0.422569,-0.216168,0.392475,-0.435916,-0.091077,-0.277086,-0.206782,-0.26709,-0.100643,-0.282958,-0.350099,-0.099618,-0.228775,-0.082141,0.392641,-0.661915,-0.331666,0.21011,-0.173136,0.456973,#
5,-0.095475,0.121524,-0.204986,0.219937,-0.334062,1.0,-0.384958,0.232602,-0.088682,0.0,0.463015,0.15362,0.050603,-0.189018,-0.488452,0.206757,0.173758,0.017894,-0.056068,-0.087071,-0.240857,0.36791,0.121524,0.0,-0.274711,-0.407299,0.024414,-0.487076,-0.378747,-0.372228,-0.402916,0.18537,0.186661,-0.333716,0.183067,0.050603,0.052495,0.517278,0.000119,-0.219134,0.153913,0.183412,-0.267838,0.756735,0.560257,0.103877,-0.025884,-0.126929,0.286342,0.230328,-0.163943,0.762085,0.206309,0.631472,-0.227156,-0.477639,0.395769,-0.337971,-0.120023,-0.123758,0.119679,0.204008,-0.239508,-0.32025,0.485729,-0.331359,-0.664774,0.200369,0.341283,0.503432,-0.268598,-0.159834,0.274029,0.50122,-0.096091,-0.186394,-0.769633,0.397669,-0.210631,-0.401522,0.380854,-0.1114,0.23087,-0.511039,-0.009824,-0.233677,-0.1114,-0.036833,-0.383145,-0.233677,0.100842,0.149555,-0.091059,-0.430206,-0.406344,0.366594,0.23167,-0.096091,-0.008656,-0.060195,0.230328,0.345848,0.010965,0.25543,-0.201001,-0.117558,-0.131742,-0.454803,-0.131742,-0.192685,0.034453,0.186661,0.462647,-0.244256,-0.34207,-0.723724,-0.358585,-0.060195,-0.015429,-0.321911,-0.233677,-0.484053,0.204844,-0.482339,-0.239508,0.323718,-0.383145,-0.207576,-0.157872,0.323961,-0.36139,0.345156,0.213149,-0.153054,0.331525,0.23087,0.121166,-0.264825,-0.055062,-0.406344,-0.334024,-0.350676,-0.593928,0.55437,0.380854,-0.140123,-0.664774,-0.459971,0.08646,-0.015429,0.149555,0.188533,-0.358585,-0.0353,0.10986,-0.233677,-0.071598,0.146507,-0.300523,0.281538,0.090853,0.186661,-0.138204,0.356189,-0.321926,0.145403,0.153913,0.138758,0.029473,-0.664774,-0.110696,-0.124067,-0.158849,0.193005,0.352856,0.331525,0.0,0.383745,0.055394,0.055293,-0.200269,0.515478,0.287161,-0.291805,-0.355124,0.463161,-0.429458,-0.159268,0.097149,-0.078695,-0.227489,-0.365809,0.663946,-0.345975,0.289212,-0.021374,0.383745,-0.22893,0.029473,0.345911,#
6,-0.132742,0.34125,0.468329,-0.160541,-0.28972,-0.384958,1.0,0.627997,0.326474,0.0,-0.189444,-0.40108,0.11552,-0.343186,0.118722,0.038006,0.190032,-0.30952,0.131423,0.054437,-0.339406,-0.256247,0.34125,0.0,0.115439,-0.13768,-0.228769,-0.571604,0.289609,-0.131257,-0.11196,-0.608221,0.447536,0.627976,-0.267398,0.11552,0.445627,-0.462294,5.4e-05,-0.181342,-0.323056,0.493108,-0.442492,-0.064025,-0.188567,-0.00941,0.102337,0.291851,0.380902,-0.194618,-0.48132,-0.230293,0.048903,-0.599628,-0.209907,0.339883,0.170296,-0.333324,-0.38276,0.29373,-0.043817,-0.350994,0.515625,0.131098,-0.142434,0.267488,0.388259,0.081737,0.227422,-0.535312,0.56794,0.218361,-0.116737,-0.968617,0.130293,0.396188,0.122237,-0.291255,0.364741,0.065032,0.168735,0.019168,-0.484583,0.139009,-0.18672,-0.168803,0.019168,0.487836,-0.151154,-0.168803,0.033511,0.098584,-0.349036,0.551384,-0.471851,-0.246414,0.184641,0.130293,-0.052753,-0.120626,-0.194618,0.287258,0.302414,-0.040011,0.345932,0.079797,-0.349036,0.497264,-0.349036,-0.236957,0.24048,0.269707,-0.202694,-0.159399,0.635704,0.520142,0.493475,-0.120626,-0.339164,-0.422348,-0.168803,-0.290387,-0.166147,-0.264805,0.515625,-0.246414,0.048903,0.639863,-0.405769,-0.238517,-0.264699,-0.634468,-0.09241,0.141194,0.168735,-0.484583,0.388259,0.287384,0.068666,-0.471851,0.048903,0.653132,-0.09482,0.096703,0.168735,-0.106466,0.388259,0.933807,0.520463,-0.177305,0.098584,0.360325,0.293417,-0.536992,0.098584,-0.168803,-0.034552,0.090568,-0.189264,-0.187323,0.291505,0.447536,0.285335,-0.277723,0.198152,-0.057078,-0.323056,-0.74284,-0.18672,0.388259,0.048749,-0.111798,0.079797,0.345142,-0.115904,0.168735,0.0,-0.021065,0.124075,0.045691,0.154128,-0.49789,-0.142192,0.639291,0.377804,-0.067188,0.545338,0.345878,-0.010693,0.000239,0.486148,0.792853,-0.349697,0.36204,-0.205194,0.553934,-0.021065,-0.458488,-0.346766,-0.630957,#
7,-0.407189,0.382302,0.274219,-0.245366,-0.262904,0.232602,0.627997,1.0,0.12747,0.0,-0.039136,-0.610705,0.019968,-0.32677,-0.042723,0.33733,0.342384,-0.494115,0.421203,0.067255,-0.326915,-0.326685,0.382302,0.0,0.175953,-0.249501,0.027751,-0.729806,-0.147759,-0.249212,-0.611221,-0.145398,0.699301,0.424184,-0.20664,0.019968,0.463993,0.059178,0.0,-0.326915,-0.1665,0.411412,-0.31701,0.363224,0.258372,-0.173088,0.378926,0.064402,0.354989,-0.144298,-0.733207,0.079195,0.349651,-0.080148,0.20558,0.118212,0.273069,-0.76218,-0.611496,0.146212,-0.057501,-0.177155,0.265749,0.302608,0.073748,-0.139847,-0.1665,0.183323,0.353921,-0.467834,0.292711,0.007715,0.248462,-0.499218,0.145328,0.231208,-0.327,0.153319,0.272692,-0.249607,0.261138,-0.407614,-0.24975,-0.04279,-0.499501,-0.327,-0.407614,0.145328,-0.24975,-0.327,-0.146491,-0.055798,-0.407614,0.044118,-0.611387,-0.327,0.338015,0.145328,0.050468,-0.03728,-0.144298,0.272692,0.050468,-0.24975,0.261462,0.066687,-0.407614,0.221643,-0.407614,-0.585816,0.219279,-0.1665,-0.04279,-0.326813,0.329023,-0.326225,-0.24975,-0.03728,-0.499218,-0.480242,-0.327,-0.498345,-0.26184,-0.497947,0.265749,-0.327,-0.24975,0.36573,-0.731348,-0.326813,-0.26184,-0.327,-0.162591,0.327788,0.261138,-0.24975,0.632701,0.175172,-0.082569,-0.611387,-0.24975,0.338015,-0.406908,0.275563,0.261138,-0.413397,-0.1665,0.560545,0.40965,-0.499218,-0.055798,0.338015,-0.24975,-0.499218,-0.055798,-0.327,0.131244,0.206595,-0.162591,0.175172,0.467438,0.699301,0.066687,0.261138,-0.162591,-0.081436,-0.1665,-0.319726,-0.499501,-0.1665,0.116445,-0.519489,0.066687,0.329023,0.229971,0.261138,0.0,0.249143,0.013558,-0.141787,0.221659,0.014247,0.223291,0.317106,-0.081436,0.512756,0.013558,0.180385,-0.152187,0.142323,0.252144,0.397066,0.165782,-0.086976,0.150423,0.493471,0.249143,-0.310782,-0.499501,-0.32519,#
8,0.207373,0.277993,0.4074,-0.357216,-0.779931,-0.088682,0.326474,0.12747,1.0,0.0,0.008554,-0.168677,0.419792,-0.084683,-0.390272,-0.408046,0.541985,0.049901,-0.035067,-0.665935,0.341919,-0.096329,0.277993,0.0,0.364655,0.12747,0.407048,-0.227728,-0.136078,0.136998,0.269976,0.179749,0.414757,0.126687,0.135564,0.419792,0.741391,0.037021,2.4e-05,-0.096169,0.388339,-0.252401,-0.071154,0.119197,0.396621,-0.402368,-0.049326,0.145609,-0.11174,0.414752,-0.375743,-0.347197,0.087178,-0.085276,-0.375716,0.378791,-0.096812,0.112823,0.2521,0.31546,0.302135,-0.215292,0.372291,-0.480925,-0.130321,0.214839,-0.272101,0.051525,0.068888,0.117751,0.458342,0.230133,-0.054578,-0.415087,0.170875,-0.306577,-0.084743,0.183017,-0.058196,-0.407918,-0.064959,0.170758,0.087178,-0.399057,-0.007925,-0.102037,-0.239486,0.18681,0.602322,-0.102037,-0.574635,0.258153,-0.666139,0.429392,-0.166445,-0.084743,0.139809,0.170875,0.016294,-0.410134,0.414752,0.390719,0.032123,0.106991,0.356409,-0.666,-0.255895,0.561597,-0.255895,0.336986,0.600657,0.414757,0.001697,-0.534091,0.559925,0.345736,0.106991,-0.410134,0.418482,0.054368,-0.102037,-0.038011,-0.349409,-0.008888,0.372291,0.347617,-0.408152,-0.028185,0.282551,-0.075706,-0.349409,-0.102037,0.11101,0.067094,-0.064959,0.087178,-0.272101,-0.093336,0.336319,-0.166445,-0.408152,0.574793,0.132254,-0.252338,-0.064959,0.068382,-0.272101,0.538368,0.270249,0.001697,0.258153,0.122409,0.622135,-0.415087,0.258153,-0.102037,0.188839,0.11208,0.11101,-0.093336,0.336742,0.414757,0.200055,-0.582289,0.559925,0.287894,-0.272101,-0.300359,-0.007925,-0.272101,-0.386964,0.096162,-0.249628,0.11101,-0.051655,-0.064959,0.0,0.439277,0.429954,-0.158057,-0.051655,0.034628,-0.511195,0.54606,0.287894,0.026177,0.429954,0.328827,-0.198044,0.579876,0.437509,0.2749,0.313671,0.2749,-0.507046,0.832954,0.439277,-0.076524,0.404189,-0.531439,#
9,0.0,0.0,0.0,0.0,0.0,0.0,0.0,0.0,0.0,0.0,0.0,0.0,0.0,0.0,0.0,0.0,0.0,0.0,0.0,0.0,0.0,0.0,0.0,0.0,0.0,0.0,0.0,0.0,0.0,0.0,0.0,0.0,0.0,0.0,0.0,0.0,0.0,0.0,0.0,0.0,0.0,0.0,0.0,0.0,0.0,0.0,0.0,0.0,0.0,0.0,0.0,0.0,0.0,0.0,0.0,0.0,0.0,0.0,0.0,0.0,0.0,0.0,0.0,0.0,0.0,0.0,0.0,0.0,0.0,0.0,0.0,0.0,0.0,0.0,0.0,0.0,0.0,0.0,0.0,0.0,0.0,0.0,0.0,0.0,0.0,0.0,0.0,0.0,0.0,0.0,0.0,0.0,0.0,0.0,0.0,0.0,0.0,0.0,0.0,0.0,0.0,0.0,0.0,0.0,0.0,0.0,0.0,0.0,0.0,0.0,0.0,0.0,0.0,0.0,0.0,0.0,0.0,0.0,0.0,0.0,0.0,0.0,0.0,0.0,0.0,0.0,0.0,0.0,0.0,0.0,0.0,0.0,0.0,0.0,0.0,0.0,0.0,0.0,0.0,0.0,0.0,0.0,0.0,0.0,0.0,0.0,0.0,0.0,0.0,0.0,0.0,0.0,0.0,0.0,0.0,0.0,0.0,0.0,0.0,0.0,0.0,0.0,0.0,0.0,0.0,0.0,0.0,0.0,0.0,0.0,0.0,0.0,0.0,0.0,0.0,0.0,0.0,0.0,0.0,0.0,0.0,0.0,0.0,0.0,0.0,0.0,0.0,0.0,0.0,0.0,0.0,0.0,0.0,0.0,0.0,0.0,0.0,0.0,0.0,0.0,#
10,-0.382735,-0.42719,-0.518709,0.216265,-0.258846,0.463015,-0.189444,-0.039136,0.008554,0.0,1.0,0.418644,-0.583282,-0.653775,-0.236802,0.479976,0.625013,-0.234122,0.224295,-0.435339,0.212129,-0.21221,-0.42719,0.0,0.184398,-0.019967,-0.60774,-0.194685,-0.014781,-0.498603,0.024931,-0.277048,-0.33312,-0.499219,0.575205,-0.199139,0.059617,-0.16914,0.0,0.229806,0.33312,-0.23779,-0.502758,0.265869,0.284311,0.683241,-0.610738,-0.29528,0.282843,-0.315351,0.303885,0.378715,0.479693,0.001886,-0.345907,-0.297385,-0.0,0.243292,-0.375052,-0.363572,-0.385477,0.361628,-0.093827,-0.440242,0.455924,-0.553604,-0.33312,-0.190724,0.071408,0.119862,-0.444274,-0.280931,0.624645,0.190247,-0.011819,-0.330416,-0.654235,0.383436,-0.243334,-0.015133,-0.043096,0.418228,-0.0,-0.633521,0.215862,-0.218078,0.004382,-0.397608,-0.0,0.218078,-0.011142,0.004275,-0.012172,-0.588143,-0.423886,0.235525,-0.257087,-0.011819,-0.223078,0.165052,-0.315351,0.209523,-0.20711,0.019987,-0.226346,-0.04052,-0.012172,0.001082,0.401674,0.116707,0.076649,0.35977,0.595472,-0.23539,-0.242309,-0.181686,0.019987,0.574072,0.206418,0.337589,-0.218078,-0.180189,0.196516,-0.174344,-0.093827,0.235525,-0.49968,-0.480847,-0.319389,0.227021,0.178793,0.218078,0.209523,-0.26633,0.458705,-0.0,0.306471,0.192497,-0.276704,-0.012111,-0.49968,0.181716,0.02467,0.288789,-0.043096,-0.080949,-0.33312,-0.297839,-0.023006,0.610692,-0.399513,0.62052,0.019987,0.190247,0.004275,-0.218078,-0.815389,-0.345561,-0.678774,0.637123,0.039676,-0.33312,0.39631,-0.063168,-0.225916,-0.390014,0.33312,0.097311,0.215862,-0.33312,-0.249082,0.045094,0.379509,0.19313,-0.220629,0.458705,0.0,0.001246,-0.562754,0.807986,-0.238369,0.19539,0.631203,-0.2014,-0.390014,0.151032,-0.562754,0.276167,0.829049,-0.455596,-0.52676,-0.389895,0.333342,-0.373754,0.138807,0.178862,0.499711,-0.527933,-0.183882,-0.271089,#
11,-0.145542,-0.597624,-0.411167,0.372562,-0.083698,0.15362,-0.40108,-0.610705,-0.168677,0.0,0.418644,1.0,-0.353092,-0.308034,0.009428,-0.098304,-0.121137,0.009978,-0.377049,-0.150733,0.071283,0.142518,-0.597624,0.0,-0.36133,-0.128569,-0.371759,0.337682,0.191129,-0.100093,0.140337,-0.154559,-0.407543,-0.147124,0.328274,0.033392,-0.612279,0.094479,-9.7e-05,0.498839,0.262758,-0.040487,0.051205,0.035951,-0.169547,0.368072,-0.72843,-0.13374,-0.18038,0.092947,0.428349,0.40517,-0.108589,-0.110845,-0.328584,-0.389827,0.100532,0.315069,0.366644,-0.246592,-0.242273,0.313599,0.089113,-0.530058,0.346031,-0.181576,0.235946,-0.410764,-0.375351,0.391317,-0.297771,-0.165238,0.02949,0.413629,0.199017,-0.31586,-0.379137,0.208703,0.03381,0.373205,0.097408,0.643265,-0.108589,-0.392191,0.386094,0.059679,0.226897,0.247535,-0.108589,0.498494,0.193788,0.56722,0.65992,0.001683,0.152847,0.568705,-0.5117,0.199017,-0.055755,-0.027693,0.092947,0.068858,-0.03969,-0.08848,0.043116,0.262304,0.210242,-0.095541,0.626611,0.540123,-0.570053,0.28957,0.014547,0.050523,-0.550246,0.112785,0.394137,0.383821,-0.009379,0.356577,0.059679,-0.003481,0.372982,0.422981,0.089113,0.094784,-0.128698,-0.302046,0.430931,0.08631,0.355151,0.551152,0.300172,-0.038884,0.057019,-0.108589,-0.407543,0.076837,-0.132548,0.567131,0.414246,-0.123199,0.252969,0.438888,0.097408,0.128891,0.235946,-0.509413,-0.265605,0.787828,0.16097,0.31828,-0.08848,0.36482,0.12847,0.059679,-0.547055,-0.396331,-0.120399,0.09473,-0.552763,-0.407543,-0.160286,0.077214,-0.137922,-0.215354,0.262758,0.034987,0.820449,0.235946,0.270625,0.751124,0.228497,-0.112152,0.109314,0.057019,0.0,-0.371865,-0.354498,0.570809,-0.336866,0.419024,0.061243,-0.064754,0.178061,-0.431776,0.026597,0.392464,0.572908,-0.172323,-0.393288,-0.219632,-0.23326,0.186341,-0.372739,-0.406792,0.129638,0.058781,0.032174,0.086623,#
12,0.814095,0.842311,0.518705,-0.198389,-0.171702,0.050603,0.11552,0.019968,0.419792,0.0,-0.583282,-0.353092,1.0,0.655096,-0.141859,-0.499574,-0.19168,0.675384,-0.240328,0.024356,-0.212139,0.654943,0.842311,0.0,-0.201171,0.019968,0.609501,-0.291292,0.064887,0.516677,0.00789,0.276395,0.333136,0.019202,-0.107856,0.630615,0.355098,0.175004,0.0,-0.654096,-0.333136,0.244133,-0.000744,0.184072,0.37181,-0.695514,0.596369,0.297359,-0.156217,0.794393,-0.247295,-0.193823,-0.499704,0.473465,-0.345884,0.01503,0.019565,-0.207286,0.402109,0.419929,0.811046,-0.306245,0.115486,-0.067856,-0.109957,0.60036,-0.333136,0.647601,0.445746,0.37297,0.451286,0.335448,-0.643689,-0.190256,-0.390063,0.329454,0.201313,-0.383454,-0.192115,-0.499418,0.044279,-0.401694,-0.019219,0.214038,-0.215257,-0.234865,-0.003745,0.42916,-0.0,-0.654267,0.012112,0.027408,-0.385776,0.619156,0.012112,0.234865,0.696957,-0.390063,-0.191477,-0.605232,0.794393,0.243346,0.207734,0.480485,-0.201207,-0.379185,-0.417612,-0.189285,-0.81556,0.11606,0.33652,0.333136,-0.205805,-0.226348,0.226597,0.199811,-0.0,-0.99854,0.198488,-0.571332,-0.234865,-0.24396,-0.195483,-0.234705,0.115486,0.201313,-0.019219,0.488108,0.399601,0.2183,-0.621535,-0.201313,-0.208863,-0.078948,-0.476847,-0.019219,-0.333136,-0.653893,0.465631,-0.383845,0.019219,-0.180693,-0.44408,-0.279715,0.044279,0.267363,-0.333136,0.321755,0.008296,-0.594549,0.415685,-0.619517,0.499704,-0.610099,-0.003654,-0.234865,0.816492,0.739621,0.243346,-0.653893,-0.036335,0.333136,0.024709,-0.457546,0.226597,0.840148,-0.333136,-0.103547,-0.184506,-0.333136,-0.169263,-0.00846,-0.81539,-0.208863,0.266525,-0.476847,0.0,0.529644,0.9988,-0.807047,0.266525,-0.1525,-0.618596,0.246104,0.44847,-0.181766,0.619389,-0.248961,-0.80131,0.500089,0.527958,0.431664,0.373162,0.431664,-0.140562,0.232477,0.050328,0.029331,0.599645,0.271102,#
13,0.790555,0.551893,0.348227,-0.039112,0.477162,-0.189018,-0.343186,-0.32677,-0.084683,0.0,-0.653775,-0.308034,0.655096,1.0,0.280434,-0.327011,-0.507334,0.706006,-0.195768,0.382362,0.054002,0.53671,0.551893,0.0,0.065841,0.239631,0.658397,0.319424,0.147917,0.781272,0.077469,0.448892,-0.218064,-0.326795,0.043145,0.252109,-0.017726,0.157707,-2.5e-05,-0.428158,-0.218064,-0.092874,0.298764,-0.116325,0.18004,-0.628077,0.743115,0.259977,-0.529462,0.527451,0.285647,-0.341814,-0.327097,0.537116,0.168949,-0.095793,-0.21708,-0.052209,0.290985,0.275754,0.506558,-0.233225,-0.106042,0.188437,-0.063617,0.297876,-0.218064,0.504525,0.129399,0.304043,0.236763,0.298599,-0.421346,0.228319,-0.533866,0.159768,0.505139,-0.533378,-0.427566,-0.326909,-0.209329,-0.533849,0.197097,0.66939,-0.234839,0.029283,-0.099701,-0.078562,0.218064,-0.42827,0.097779,-0.343263,-0.064969,0.22438,0.547033,0.065888,0.439317,-0.533866,-0.234514,-0.224538,0.527451,-0.427566,-0.234514,0.197097,-0.428044,-0.057853,-0.099701,-0.418907,-0.533849,0.17559,0.141563,-0.218064,-0.229716,0.038413,-0.065779,0.008719,-0.327097,-0.653624,0.211355,-0.20399,0.029283,0.168967,-0.031279,0.178716,-0.106042,0.029283,0.197097,0.213179,0.34056,0.038413,-0.012687,0.065888,-0.540853,0.066803,-0.77786,0.197097,-0.218064,-0.428025,0.384078,0.115058,0.239032,-0.518169,-0.129194,-0.545762,-0.209329,0.445279,-0.218064,-0.155454,-0.372681,-0.653822,0.080334,-0.996913,0.218064,-0.229716,-0.377151,0.029283,0.794266,0.599629,0.427566,-0.428025,-0.238897,-0.218064,-0.075478,-0.209329,-0.065779,0.533279,-0.218064,0.528352,-0.20129,-0.218064,-0.147004,-0.033229,-0.533738,-0.540853,0.079089,-0.77786,0.0,0.326301,0.637651,-0.80042,0.532691,-0.18899,-0.417015,-0.037838,0.105972,-0.229392,0.223726,-0.468483,-0.786782,0.410763,0.326391,0.096726,0.217124,0.096726,0.101288,-0.205884,-0.196617,0.326391,0.654193,0.579697,#
14,0.041014,0.025528,0.006233,-0.224348,0.661174,-0.488452,0.118722,-0.042723,-0.390272,0.0,-0.236802,0.009428,-0.141859,0.280434,1.0,0.471496,-0.2178,0.197346,0.230815,0.395923,-0.197803,-0.162249,0.025528,0.0,0.212019,0.511093,-0.1295,0.344045,0.806455,0.548061,-0.423273,-0.234919,-0.332622,-0.041996,0.327912,0.238664,-0.355411,-0.106962,-4.8e-05,0.188137,-0.332622,-0.082624,0.02176,-0.114335,-0.043013,-0.132172,0.294837,-0.157842,-0.555901,-0.051037,0.334608,-0.43762,-0.023759,-0.05083,0.341333,-0.439227,-0.500281,-0.233859,-0.26503,-0.326823,-0.376537,0.281081,0.53585,0.368575,0.013593,-0.311811,0.300943,-0.128858,-0.340478,-0.535767,0.106261,-0.272984,-0.19069,-0.164332,-0.034094,0.301723,0.210839,-0.410019,-0.238098,-0.009354,-0.526313,-0.420751,-0.498933,0.597965,-0.221748,-0.23849,-0.420751,-0.002248,0.015839,0.193557,0.387164,-0.005459,0.43194,0.207454,0.034935,0.245403,-0.206392,-0.034094,-0.616873,-0.241956,-0.051037,-0.652182,-0.616873,-0.498933,-0.246336,0.41059,-0.420751,-0.261847,-0.010803,0.353343,-0.358056,-0.332622,-0.235002,-0.230064,-0.269358,0.190635,-0.023759,0.163211,-0.580816,0.101454,-0.23849,0.168687,-0.230499,0.192439,0.53585,-0.653256,-0.023759,0.12757,-0.310572,-0.652883,0.664855,0.245403,-0.676337,0.21542,-0.566079,-0.498933,0.300943,0.167884,-0.390487,0.44283,0.510812,-0.258552,0.382594,-0.123581,-0.526313,-0.069031,0.300943,0.09798,-0.468322,-0.212388,-0.405443,-0.275939,0.015839,-0.212388,-0.437442,-0.23849,0.056512,0.000203,-0.193239,0.185502,-0.235312,-0.332622,-0.005482,-0.02924,-0.659084,-0.364753,0.327342,0.342125,0.205909,0.300943,0.393636,0.318564,-0.038768,-0.286611,0.2504,-0.566079,0.0,-0.470067,-0.168653,-0.041666,0.661144,-0.166955,0.222009,0.205601,0.022595,-0.63457,0.206565,0.315222,0.013758,0.071102,-0.02394,0.393516,-0.299646,0.409505,-0.291792,-0.210012,0.023701,0.023707,-0.158391,0.21934,#
15,-0.40749,-0.144656,-0.386939,-0.234983,0.299023,0.206757,0.038006,0.33733,-0.408046,0.0,0.479976,-0.098304,-0.499574,-0.327011,0.471496,1.0,0.320962,-0.094026,0.525298,0.077001,-0.327156,-0.326927,-0.144656,0.0,0.18635,0.361789,-0.499137,-0.134145,0.374099,-0.249396,-0.611672,-0.31162,-0.166623,-0.249704,0.354685,-0.009411,-0.079027,0.02728,1.5e-05,0.236751,-0.166623,-0.171782,-0.354709,0.363493,0.258563,0.411495,-0.014063,-0.547488,0.091529,-0.438656,0.118805,0.048655,0.362151,0.159355,0.205106,-0.571555,-0.375771,-0.209967,-0.660521,-0.72147,-0.610911,0.640766,0.18613,0.276268,0.085098,-0.734957,-0.166623,-0.237836,-0.126952,-0.555753,-0.351266,-0.679117,0.26029,0.016264,0.104847,0.165271,-0.327242,0.112286,-0.326704,-0.249792,-0.418075,-0.407915,-0.249935,-0.0335,0.010201,-0.327242,-0.407915,-0.407928,-0.249935,0.229292,0.388318,-0.096621,0.12015,-0.4996,-0.611838,0.229292,-0.255846,0.104847,-0.49918,-0.027876,-0.438656,-0.326704,-0.49918,-0.249935,-0.327069,0.076421,-0.407915,-0.405193,0.12015,-0.045311,-0.098576,-0.166623,0.482351,-0.327055,-0.260291,-0.326466,-0.249935,0.494032,-0.499587,0.082706,-0.327242,0.02244,-0.251818,-0.498315,0.18613,-0.327242,-0.249935,-0.30091,-0.777931,-0.327055,0.313541,0.229292,-0.20669,-0.248105,0.22222,-0.249935,0.649491,0.185554,-0.774917,-0.086417,-0.249935,-0.255846,0.127929,0.242267,-0.418075,-0.517353,-0.166623,-0.088676,-0.141641,0.016264,-0.611853,0.304065,-0.249935,0.016264,-0.096621,-0.327242,-0.407849,-0.285264,-0.762309,0.752894,0.305523,-0.166623,0.076421,0.22222,-0.762309,-0.611219,0.683496,0.224259,0.010201,-0.166623,0.10878,-0.100202,0.076421,0.295328,0.219276,0.22222,0.0,-0.386711,-0.499565,0.398165,0.196641,0.0041,0.785699,-0.233837,-0.611219,-0.033453,-0.499565,0.128541,0.504393,-0.416534,-0.422746,-0.117522,0.165905,-0.096926,0.120377,-0.030291,0.249327,-0.36137,-0.49987,0.158841,#
16,-0.307631,-0.075607,-0.319653,-0.458888,-0.429372,0.173758,0.190032,0.342384,0.541985,0.0,0.625013,-0.121137,-0.19168,-0.507334,-0.2178,0.320962,1.0,-0.249955,0.669616,-0.815604,0.420975,-0.537659,-0.075607,0.0,0.420751,0.342384,-0.204033,-0.328145,-0.086872,-0.166662,-0.087227,0.067763,0.241826,-0.178318,0.452363,0.225016,0.475921,-0.157929,0.000101,-0.058411,0.186234,-0.389964,-0.270099,0.111367,0.538091,0.078019,-0.255281,-0.409001,0.046663,-0.008333,-0.24864,-0.251526,0.300198,-0.01889,-0.135255,0.11369,-0.330585,0.059427,-0.255631,-0.210747,-0.017424,0.258887,0.135966,-0.124623,0.062944,-0.239411,-0.508669,0.012679,0.20896,-0.246946,-0.222089,-0.269833,0.39372,-0.252206,0.089058,-0.098829,-0.507692,0.52451,-0.033448,-0.237268,-0.351594,0.05779,-0.241826,-0.657006,-0.241826,-0.544085,-0.37386,-0.330095,0.321045,-0.070968,-0.554092,-0.089088,-0.37386,-0.181029,-0.554092,-0.052771,0.064183,0.089058,-0.223858,-0.262897,-0.008333,0.438892,-0.207203,-0.220979,-0.0426,-0.387383,-0.391126,0.425071,0.05779,0.049732,0.306954,0.21403,0.186327,-0.544502,0.053753,-0.055239,-0.220979,0.180785,0.203194,0.361647,-0.544085,-0.247481,-0.480729,-0.226526,0.135966,-0.070968,-0.763003,-0.293942,-0.311027,-0.062198,0.018377,-0.070968,0.035586,-0.011905,0.19273,-0.241826,0.21403,-0.080748,-0.213656,-0.107423,-0.763003,0.521865,0.066078,-0.181166,-0.351594,-0.357549,-0.508669,0.310461,-0.097583,0.186327,-0.527094,0.503558,0.341892,-0.252206,-0.089088,-0.544085,-0.311012,-0.034168,-0.418587,0.401557,0.249215,0.241826,0.541388,-0.351594,0.053753,-0.064577,0.21403,-0.018238,-0.241826,-0.508669,-0.131159,-0.261322,0.050717,0.035586,-0.016189,0.19273,0.0,0.220442,-0.181388,0.317305,-0.016189,0.225635,0.443355,0.060936,-0.064577,0.203897,-0.181388,0.498193,0.351012,0.090108,-0.31913,-0.055871,0.506476,-0.055871,-0.090199,0.659625,0.761148,-0.31913,-0.225149,-0.581791,#
17,0.888974,0.509007,0.101874,-0.120127,0.22931,0.017894,-0.30952,-0.494115,0.049901,0.0,-0.234122,0.009978,0.675384,0.706006,0.197346,-0.094026,-0.249955,1.0,-0.230577,0.066659,-0.196089,0.722725,0.509007,0.0,-0.184897,0.412547,0.254752,0.128472,0.436588,0.543311,0.079334,0.141199,-0.329739,-0.494152,0.293297,0.58485,-0.006423,0.107895,-4.7e-05,-0.300243,-0.329739,-0.141542,-0.057422,0.159573,0.355335,-0.280287,0.339672,-0.052088,-0.330192,0.603642,0.409017,-0.204262,-0.494609,0.642462,-0.397178,-0.451577,-0.397526,0.211277,0.377359,-0.118804,0.463652,0.196928,0.032433,-0.128356,-0.069113,0.227269,-0.329739,0.404628,0.148236,0.381415,0.039503,-0.063461,-0.637125,0.170568,-0.491567,0.273151,0.243276,-0.486479,-0.64653,-0.494325,-0.395372,-0.368337,0.015702,0.265846,0.157018,-0.202159,0.054313,0.045127,0.015702,-0.304952,0.406643,-0.037133,-0.043221,0.252189,0.066981,0.620183,0.319578,-0.491567,-0.580166,-0.570635,0.603642,-0.184723,-0.156802,0.54564,-0.647253,-0.361611,-0.384593,-0.635561,-0.482127,0.505046,0.157075,0.376845,0.170568,-0.19314,-0.157356,0.24235,0.035329,-0.667032,0.265846,-0.206454,-0.202159,0.119096,-0.116913,-0.208381,0.032433,0.260408,0.015702,0.058305,0.404244,0.278409,-0.238739,0.157616,-0.25998,-0.494359,-0.533346,0.015702,-0.329739,-0.647225,0.064078,-0.030065,0.035329,-0.593936,-0.098453,-0.331851,-0.395372,0.294466,-0.329739,-0.143891,-0.361658,-0.242307,0.058031,-0.697353,0.54564,-0.258187,-0.052993,-0.202159,0.451219,0.436855,-0.157356,-0.297929,-0.181325,-0.329739,0.067353,-0.533346,-0.157356,0.513388,0.193656,0.283862,0.17272,-0.329739,-0.239061,0.292043,-0.807075,-0.25998,0.190527,-0.533346,0.0,0.134854,0.680387,-0.442827,0.266738,-0.219456,-0.274653,-0.123861,0.097398,-0.574969,0.277424,-0.331598,-0.366145,0.098975,0.101842,0.084004,0.372288,0.401003,-0.131242,-0.134068,0.017377,-0.035253,0.67518,0.613557,#
18,-0.36054,-0.055749,-0.527904,-0.635583,0.273119,-0.056068,0.131423,0.421203,-0.035067,0.0,0.224295,-0.377049,-0.240328,-0.195768,0.230815,0.525298,0.669616,-0.230577,1.0,-0.414059,0.271097,-0.650062,-0.055749,0.0,0.241887,0.544521,-0.228803,-0.11243,0.026546,0.054577,-0.377151,0.19541,0.229782,-0.059908,0.203719,0.160218,0.035248,-0.196306,4.8e-05,-0.189711,-0.331314,-0.287557,0.051647,-0.201306,0.298526,-0.055402,0.114161,-0.607811,-0.103909,-0.135373,-0.251317,-0.473765,0.004008,0.053338,0.417807,0.083303,-0.537026,-0.143436,-0.331989,-0.372059,0.014537,0.361332,-0.058199,0.61585,-0.164648,-0.140296,-0.331314,0.134624,0.212621,-0.627065,-0.470372,-0.449007,0.187444,-0.1751,-0.033749,0.397937,-0.195906,0.377512,0.166,0.008254,-0.568213,-0.404964,-0.496971,-0.190359,-0.577128,-0.650688,-0.404964,-0.452774,0.024047,-0.195906,-0.398662,-0.43551,0.026555,-0.229534,-0.38312,-0.195906,0.178876,-0.033749,-0.244846,-0.205717,-0.135373,0.166,-0.244846,-0.496971,-0.269094,-0.002378,-0.404964,0.185864,0.026555,-0.281624,-0.114868,-0.331314,-0.190359,-0.213975,-0.262559,-0.232478,-0.496971,0.22077,-0.1751,0.34409,-0.650688,-0.190004,-0.663515,-0.185784,-0.058199,-0.650688,-0.496971,-0.100611,-0.493167,-0.213975,0.260473,-0.195906,-0.246123,0.121264,-0.044983,-0.496971,0.336658,-0.230757,-0.451538,0.046239,-0.496971,0.178876,0.013455,-0.382403,-0.568213,-0.575881,-0.331314,0.243683,-0.467854,-0.1751,-0.856541,0.178876,0.024047,-0.1751,-0.43551,-0.650688,-0.029486,0.125405,-0.246123,0.232855,0.032328,0.229782,0.435588,-0.044983,-0.246123,-0.049414,0.363377,0.224248,-0.577128,-0.331314,0.339816,-0.556202,-0.002378,-0.262559,0.175628,-0.044983,0.0,-0.056472,-0.24962,0.017653,0.241211,0.17002,0.717338,-0.269809,-0.049414,0.145139,-0.24962,0.303944,0.098545,-0.018099,-0.548595,-0.051379,0.286655,-0.035197,0.205427,0.164301,0.463278,-0.00988,-0.577128,-0.251355,#
19,0.156604,0.247006,0.408664,0.532202,0.525341,-0.087071,0.054437,0.067255,-0.665935,0.0,-0.435339,-0.150733,0.024356,0.382362,0.395923,0.077001,-0.815604,0.066659,-0.414059,1.0,-0.533922,0.394156,0.247006,0.0,-0.118508,-0.407489,0.021466,0.006172,0.231365,0.095071,-0.184769,-0.3391,-0.271931,0.068021,-0.272668,-0.371426,-0.26007,-0.034049,2.4e-05,-0.113621,-0.271931,0.540728,-0.133176,0.046076,-0.375887,0.055559,0.473373,0.505058,0.117777,-0.236727,0.250511,0.303542,0.087123,-0.006728,0.200547,-0.227784,0.407907,-0.386461,-0.341154,0.238672,-0.186413,-0.343395,-0.014625,0.236737,0.206687,-0.045395,0.388095,0.143543,0.02063,0.013609,0.333218,0.312564,-0.054544,0.033737,-0.267627,0.189149,0.347399,-0.665133,-0.101805,0.102065,0.392433,-0.255735,0.106924,0.811184,-0.00792,0.347399,0.170651,0.162337,-0.407896,-0.101973,0.658165,-0.166503,0.18705,-0.001657,0.274227,-0.067406,0.087556,-0.267627,-0.007909,0.392906,-0.236727,-0.533183,-0.007909,0.106924,-0.110224,0.591563,0.170651,-0.45131,-0.255735,-0.280843,-0.126091,-0.271931,-0.021863,0.36482,0.04192,-0.084137,0.087123,-0.028507,-0.398807,-0.552803,0.347399,0.01152,0.537986,0.005922,-0.014625,-0.084689,0.601944,0.447366,-0.27198,-0.075659,0.081488,-0.067406,-0.364083,0.127558,-0.144457,0.106924,0.388095,0.32129,0.163247,-0.150024,0.621744,-0.39932,-0.249091,0.261751,0.392433,0.350763,0.388095,-0.150445,0.205504,-0.414827,0.24952,-0.39932,-0.407896,0.001696,-0.182504,0.347399,0.176672,0.1466,0.101805,-0.119188,-0.095207,-0.271931,-0.273948,0.392433,-0.364083,-0.142041,-0.271931,0.080548,0.00792,0.388095,0.022453,0.000218,0.142163,0.04192,-0.091163,-0.144457,0.0,-0.086911,0.013388,-0.198659,0.348177,-0.413115,-0.112271,0.072855,-0.158182,-0.021832,-0.002248,-0.437747,-0.240256,-0.219925,0.377961,0.232754,-0.386421,-0.166995,0.332951,-0.435561,-0.600479,-0.086936,0.023761,0.436787,#
20,-0.056406,-0.343797,-0.225115,-0.064288,-0.020978,-0.240857,-0.339406,-0.326915,0.341919,0.0,0.212129,0.071283,-0.212139,0.054002,-0.197803,-0.327156,0.420975,-0.196089,0.271097,-0.533922,1.0,-0.428047,-0.343797,0.0,0.53542,0.247395,0.209032,0.444525,-0.337558,0.257491,0.525067,0.487618,-0.218161,-0.326939,0.316252,-0.212139,0.118788,-0.211362,5.3e-05,0.040989,0.489388,-0.614336,0.342776,-0.523296,0.082347,-0.127395,-0.177042,-0.010215,-0.393908,0.027517,0.226671,-0.410104,0.20342,-0.133148,0.226996,0.485967,-0.245755,0.439063,0.181714,0.217051,0.12413,-0.179796,-0.271809,-0.11621,0.051743,0.030524,-0.218161,0.0017,-0.051369,0.148391,-0.196413,0.241112,0.455711,0.19615,-0.107323,-0.457298,0.05404,0.323223,0.025615,0.208661,-0.249477,0.336308,0.20342,-0.206883,-0.229953,0.03474,-0.103198,-0.534103,0.756193,0.03474,-0.801084,-0.372278,-0.103198,-0.217289,0.520479,-0.42846,-0.055053,-0.107323,0.185995,0.206331,0.027517,0.025615,-0.237948,-0.327241,0.025819,-0.096649,0.336308,0.554456,0.336308,0.151618,0.153298,-0.218161,-0.224772,0.03472,-0.053951,0.014618,-0.327241,0.206331,0.643379,0.73014,0.03474,0.179455,-0.06666,0.651345,-0.271809,0.03474,-0.327241,-0.37652,0.283115,0.03472,0.423491,0.03474,-0.082287,0.343142,-0.249477,0.20342,-0.218161,0.043979,0.326436,0.520479,-0.327241,0.410958,0.321599,-0.625239,-0.249477,0.248406,-0.218161,-0.149082,-0.367761,0.19615,-0.372278,-0.07447,0.225531,0.19615,-0.372278,0.03474,-0.075342,-0.012724,0.39942,0.043979,-0.227677,-0.218161,0.36801,-0.249477,0.39942,0.072773,-0.218161,0.439782,-0.229953,-0.218161,-0.188874,-0.182992,0.349423,-0.535657,-0.42314,-0.249477,0.0,0.291981,-0.217592,0.073585,0.036795,0.211678,0.028824,-0.06236,0.072773,0.195872,-0.217592,0.18782,0.023638,0.300976,-0.225045,-0.354655,0.171355,-0.354655,0.060879,0.206701,0.291981,0.29409,0.212265,-0.426089,#
21,0.772239,0.551767,0.328039,0.449092,-0.000882,0.36791,-0.256247,-0.326685,-0.096329,0.0,-0.21221,0.142518,0.654943,0.53671,-0.162249,-0.326927,-0.537659,0.722725,-0.650062,0.394156,-0.428047,1.0,0.551767,0.0,-0.427858,-0.326685,0.227594,-0.20187,0.142425,0.212137,0.088178,-0.049154,-0.218008,-0.32671,0.037277,0.246828,-0.025842,0.168051,2.6e-05,-0.428047,-0.218008,0.404207,-0.25737,0.365618,0.177937,-0.126402,0.29259,0.406336,0.0755,0.527555,0.285602,0.42288,-0.327012,0.544352,-0.565734,-0.411208,0.337529,-0.059059,0.264644,0.275711,0.48856,-0.20585,-0.11191,-0.36889,0.296426,0.294712,-0.218008,0.504414,0.363555,0.743739,0.234798,0.326232,-0.421237,0.239713,-0.533728,0.13091,0.035217,-0.53324,-0.427455,-0.326824,0.338059,-0.094038,0.203852,0.239713,0.195358,0.035217,0.345634,0.354312,-0.327012,-0.428159,0.546891,0.091753,-0.058864,0.218943,0.109419,0.535662,0.439204,-0.533728,-0.229016,-0.218909,0.527555,0.035159,0.195088,0.734715,-0.427933,-0.051659,-0.094038,-0.632909,-0.533711,0.169771,0.135221,0.48981,0.205353,0.044459,-0.072168,0.054001,0.203852,-0.653455,0.205353,-0.628807,0.035217,-0.218592,0.452006,-0.223328,-0.11191,0.498592,0.203852,0.32517,0.368171,0.516832,-0.489442,0.072287,-0.072168,-0.334647,-0.237707,0.203852,-0.218008,-0.427915,0.411781,-0.328052,0.246321,-0.530467,-0.532786,0.167798,0.338059,0.539938,-0.218008,-0.265446,0.065789,-0.22415,0.52074,-0.530467,0.203852,-0.22415,0.057434,0.035217,0.353205,0.489756,-0.035159,-0.427915,-0.240465,-0.218008,-0.087358,-0.195058,-0.072168,0.560188,-0.218008,0.029073,0.229333,-0.218008,-0.297872,0.261506,-0.5336,-0.072168,0.084807,-0.237707,0.0,0.359315,0.663686,-0.358537,0.084807,-0.183576,-0.417299,-0.015029,0.127443,-0.223833,0.244494,-0.477445,-0.360941,-0.023288,0.326307,0.117998,0.261116,0.117998,0.107536,-0.217453,-0.170257,-0.203412,0.654024,0.592603,#
