0,1.0,0.247231,-0.220928,-0.241913,0.038368,-0.006714,0.214477,0.323138,0.217741,0.448572,-0.195699,-0.580557,0.365038,0.172515,-0.186907,0.05522,-0.190556,-0.217043,0.657612,0.013347,-0.013268,0.446272,0.408672,-0.009056,-0.004878,-0.406481,-0.703093,-0.032956,-0.247301,0.209443,-0.563169,-0.277096,0.653022,0.0,0.654658,0.249998,0.337102,-0.193075,0.064937,0.357242,-0.018478,0.043671,0.073735,-0.313584,0.185986,-0.072448,0.528688,0.43575,0.179987,-0.48674,-0.186686,-0.099811,0.0,-0.406076,-0.147824,0.393084,0.301673,-0.284345,-0.366599,0.365038,0.216744,-0.058029,0.020142,0.518087,-0.548056,-0.319406,-0.498776,0.106874,-0.498373,0.160037,0.03695,0.499687,0.249998,-0.201612,-0.150872,0.15221,0.249998,-0.145249,0.266905,0.669617,0.670227,0.249998,-0.366364,-0.842459,0.249998,0.000862,-0.497831,-0.199014,0.018478,0.054204,-0.201612,-0.160615,0.21033,-0.599791,0.453311,0.018478,-0.13107,-0.150408,-0.2227,-0.496349,0.039778,0.535862,0.284138,0.194818,-0.203101,-0.332604,0.049556,-0.183854,0.307967,-0.582295,0.427007,0.283329,0.039947,0.357242,0.000862,0.432212,0.481982,-0.150872,0.213081,0.495025,0.357242,-0.332604,-0.028658,0.238963,-0.218831,0.378836,0.498906,-0.017158,0.018531,0.243904,0.018478,-0.025062,-0.343417,0.86765,0.027953,0.21033,0.018478,0.0,0.389142,0.41756,0.283329,0.169763,-0.009369,-0.371406,-0.13107,0.487223,0.0,-0.082674,0.219149,0.0,-0.13107,0.19867,-0.332604,-0.497831,0.622141,-0.332604,0.402721,0.218611,-0.2227,-0.332604,0.002229,0.669617,0.0,0.286441,0.345692,-0.238137,0.357242,0.543421,0.018478,-0.01062,-0.293119,-0.026759,0.222337,0.233562,0.430006,0.027953,0.0,-0.799969,0.000976,-0.343417,-0.042094,0.658744,-0.186177,0.220066,-0.225735,0.015631,0.407844,0.223891,-0.377181,0.451952,-0.343417,-0.205077,0.156142,-0.130137,0.322076,0.841564,0.218183,0.36601,0.003876,0.377181,#
1,0.247231,1.0,-0.50589,0.517565,-0.332096,0.373294,0.509042,-0.01799,-0.515132,-0.145762,-0.019051,-0.185659,-0.234814,-0.011578,-0.24158,0.082668,0.451807,-0.301889,0.180018,-0.39323,0.51179,0.069653,-0.12654,-0.762548,0.06452,-0.34073,-0.467691,0.076218,-0.197337,-0.04308,0.041861,-0.397522,0.208057,5.1e-05,0.069499,0.451903,-0.21947,-0.631848,0.326173,0.230098,-0.251403,0.315316,-0.31671,0.533599,-0.105178,0.30818,0.18963,-0.393646,0.563237,0.211311,0.041894,0.607107,0.0,0.192241,-0.187487,0.031141,0.49215,0.513933,-0.535585,-0.234814,0.05417,0.253922,0.779137,0.252837,-0.239942,-0.059046,-0.762533,0.040274,-0.222794,-0.355954,0.230062,-0.194237,-0.031615,-0.515132,-0.215707,0.178767,-0.031615,0.220465,0.415901,-0.022304,-0.013362,-0.031615,0.084484,-0.164071,-0.031615,-0.374499,-0.240857,0.17566,-0.208792,0.09821,-0.515132,-0.238404,-0.505752,0.002161,-0.067687,-0.208792,0.225799,0.019364,0.003162,-0.257822,0.775029,0.345147,0.450951,-0.058603,-0.676599,-0.508488,0.790969,-0.050106,-0.508488,-0.247461,0.336867,0.201691,-0.101731,0.230098,-0.374499,0.091238,0.324335,-0.215707,0.011905,0.177457,0.230098,-0.508488,-0.553312,0.203979,0.040085,-0.527705,-0.208792,-0.339077,-0.610499,-0.031563,-0.208792,-0.370174,-0.093591,0.380908,-0.523113,-0.505752,0.345147,0.0,0.573248,-0.328054,0.201691,-0.238791,0.544865,-0.04699,0.225799,-0.157824,0.0,0.311392,0.214755,0.0,0.225799,-0.445156,0.230098,-0.240857,-0.155043,0.230098,-0.129352,-0.320528,0.003162,0.230098,-0.129458,-0.022304,0.0,-0.407712,-0.269087,0.169274,0.230098,0.155627,-0.208792,-0.786486,0.481997,0.450994,-0.059762,-0.200679,0.51274,-0.523113,0.0,-0.116984,-0.419567,-0.093591,-0.156338,-0.046074,0.427584,0.187963,0.489512,-0.53629,-0.361622,-0.211069,-0.059146,0.793791,-0.093591,0.427048,-0.2695,-0.465089,-0.091038,0.132124,0.64029,-0.22774,-0.557586,0.059146,#
2,-0.220928,-0.50589,1.0,-0.035862,-0.120108,-0.359542,-0.032166,0.079338,0.048449,-0.320586,0.509046,0.195711,0.231915,0.014753,-0.198187,-0.111646,0.042532,0.260699,0.247204,-0.02291,-0.073134,-0.064577,-0.353277,0.756738,-0.111421,0.799111,0.418261,-0.042929,0.22234,-0.435344,-0.061067,0.437543,-0.198187,-5e-05,-0.514603,0.048449,0.212872,0.659393,0.026139,-0.222021,0.222021,-0.150952,-0.21114,-0.528092,0.067777,0.052391,-0.200675,-0.187935,-0.406111,-0.241711,-0.019515,-0.617046,0.0,-0.439427,-1e-06,-0.430182,0.257867,-0.518336,0.07615,-0.518336,-0.52309,-0.285658,-0.232226,0.303707,0.521795,0.098089,0.190506,-0.169362,0.371504,-0.114377,-0.201425,0.186363,-0.418097,0.048449,-0.211493,0.063797,0.048449,0.221409,-0.417546,0.057736,0.048424,0.048449,0.361518,0.072658,0.048449,-0.086265,0.232402,0.211295,0.222021,0.335977,0.048449,-0.216922,0.523531,-0.056303,0.5165,-0.312474,0.211011,-0.515555,0.434611,0.248772,-0.220791,-0.312474,-0.416527,0.039288,0.2,0.490639,-0.370379,0.048347,0.518049,0.204044,-0.792105,-0.222021,0.099126,-0.194611,0.362313,-0.070603,-0.332785,0.191351,-0.51694,0.358228,-0.194611,0.490639,0.099126,-0.640627,-0.545911,0.082016,0.222021,-0.252975,0.228813,0.048369,-0.333032,-0.084215,0.07294,-0.37648,0.503795,0.505258,0.222021,0.0,-0.554273,0.349619,-0.222021,0.647754,-0.071294,0.079127,0.211011,0.149105,0.0,0.111736,-0.206274,0.0,0.211011,0.410895,-0.222021,0.232402,0.375368,-0.222021,-0.334661,-0.163575,0.434611,-0.222021,0.122929,0.057736,0.0,-0.17802,0.178013,-0.663708,-0.194611,-0.149104,0.222021,0.332606,-0.530834,0.051515,0.076571,0.226646,-0.524252,0.503795,0.0,0.071634,-0.05861,0.07294,-0.33619,0.082971,0.045467,-0.192924,-0.534819,0.5165,-0.064701,0.185527,0.09064,-0.343385,0.07294,0.055721,0.038954,0.434855,-0.263074,-0.092515,-0.197736,0.191392,0.090547,-0.09064,#
3,-0.241913,0.517565,-0.035862,1.0,-0.369364,-0.070154,0.055644,-0.387194,-0.999006,-0.615515,0.438674,-0.19821,-0.278534,-0.405389,-0.238466,0.068497,0.4562,-0.259496,-0.36187,-0.37588,0.523235,0.055617,-0.566684,-0.231551,0.052125,0.097979,-0.216313,-0.416497,-0.241014,-0.548965,0.565284,-0.193749,-0.255388,0.000101,-0.45712,-0.034574,-0.260904,-0.232082,0.324619,0.21403,-0.220979,-0.224775,-0.375671,0.078803,-0.071641,0.186389,-0.373875,-0.275323,0.56438,0.220964,0.042407,0.455298,0.0,0.245253,-0.008335,-0.53791,0.494883,0.482286,-0.083487,-0.278534,-0.443164,0.316678,0.75716,0.116127,0.298705,0.223958,-0.23198,0.311146,-0.113897,0.199527,-0.320977,-0.211474,-0.070968,-0.070968,0.196316,0.13818,0.40215,0.221593,0.401602,-0.52631,-0.05343,0.40215,0.536737,0.348839,0.40215,-0.378108,0.339932,0.638943,0.300198,0.521257,-0.070968,0.18664,-0.05343,0.029605,-0.083475,-0.241826,0.653548,0.028525,0.520963,0.338254,0.751341,0.300198,0.417366,0.420133,-0.220051,0.21403,0.798117,0.436223,-0.508669,-0.218658,-0.145033,0.21403,0.349576,0.186234,0.076788,0.121096,-0.239492,0.196316,-0.455384,0.25843,0.186234,0.21403,-0.108948,-0.231335,0.501943,-0.107622,-0.763003,-0.337001,-0.141658,-0.035586,-0.220979,0.05818,0.33931,-0.166961,-0.100431,-0.0349,0.341892,0.0,-0.220854,0.083101,0.21403,-0.209163,0.535682,0.357901,0.653548,-0.171838,0.0,0.350295,0.638825,0.0,0.653548,-0.44335,0.241826,0.339932,-0.165445,0.241826,-0.58811,-0.451752,0.520963,0.241826,0.338768,-0.52631,0.0,-0.151554,-0.243241,-0.235431,0.186234,0.201929,0.300198,-0.348218,0.475595,0.369364,-0.016297,0.216066,0.055592,-0.100431,0.0,-0.090253,-0.836495,0.33931,-0.564633,-0.086819,0.429772,-0.218232,0.049261,-0.541999,-0.794854,-0.652105,0.360858,0.341439,0.33931,-0.023486,-0.308544,-0.472268,0.234891,-0.336261,0.200971,-0.230829,-0.545593,-0.360858,#
4,0.038368,-0.332096,-0.120108,-0.369364,1.0,0.270145,-0.332096,0.193556,0.364912,-0.117875,0.342144,0.398196,0.292531,-0.393567,-0.397362,0.599596,-0.07376,0.225144,0.038653,0.084369,-0.666066,-0.237421,0.286495,0.077447,0.182466,-0.278066,-0.282208,0.234733,0.280762,0.387059,-0.372993,-0.290183,0.020784,2.4e-05,0.119932,0.364912,0.269472,-0.01738,-0.151665,0.414757,-0.408152,-0.694006,0.407729,-0.316245,-0.53399,0.431004,-0.056766,0.32532,0.115317,0.427921,-0.337209,0.150908,0.0,0.449332,0.610247,0.186946,-0.43076,0.292531,0.234152,0.292531,-0.332249,-0.408057,-0.111509,-0.077885,-0.62966,0.260968,0.602569,0.239813,-0.285561,-0.099798,-0.087157,0.234569,0.364912,0.347617,0.431038,0.465331,0.347617,0.015342,-0.07622,-0.09334,-0.07622,0.347617,-0.2376,-0.125822,0.347617,-0.23372,0.116064,-0.400851,0.087178,0.181741,0.347617,0.417692,-0.093831,0.124607,0.26892,0.106991,0.029578,0.565357,-0.786545,0.13153,-0.096317,0.106991,-0.067306,0.364074,0.431594,0.388339,-0.552818,0.380737,-0.272101,0.450496,0.260259,-0.272101,-0.142654,-0.272101,-0.250349,0.557532,0.124662,0.431038,-0.328123,-0.012546,-0.272101,0.388339,-0.142654,-0.002893,0.082597,0.26916,0.106991,0.40844,0.230708,-0.058196,0.622135,0.170075,0.292726,-0.030357,0.280819,0.364074,0.106991,0.0,-0.35691,0.170075,-0.272101,0.015363,-0.662212,0.237904,0.029578,-0.197022,0.0,-0.269008,0.019908,0.0,0.029578,0.113447,-0.272101,0.116064,0.310013,-0.272101,-0.13924,0.298952,-0.786545,-0.272101,-0.116949,-0.09334,0.0,0.59733,0.334663,0.035274,-0.272101,0.446234,0.087178,0.5964,0.31841,-0.225298,0.318579,0.019908,-0.238141,0.280819,0.0,0.265701,0.19666,0.292726,-0.139441,-0.061301,-0.051395,0.023495,0.147955,0.26892,0.596174,0.452728,0.245897,-0.130017,0.292726,-0.069836,0.214098,0.045945,0.348424,0.133901,-0.397605,0.351465,0.25719,-0.245897,#
5,-0.006714,0.373294,-0.359542,-0.070154,0.270145,1.0,0.373294,0.440637,0.09481,-0.213827,0.106426,0.431309,-0.242299,-0.119709,-0.389659,-0.13622,0.542887,0.20258,-0.005917,-0.247937,-0.193369,-0.571724,0.177806,-0.612066,-0.168378,-0.161141,-0.162458,0.347775,-0.205005,0.525796,-0.213166,-0.149905,-0.389659,0.0,0.353803,0.543003,-0.272204,-0.396147,-0.305372,0.276483,-0.612213,0.033799,-0.374882,0.147544,-0.370339,0.471499,0.10899,-0.479475,-0.136722,0.651621,-0.057581,0.290007,0.0,0.479952,0.0158,-0.032866,-0.252329,0.451744,-0.24526,-0.242299,-0.098354,-0.123275,0.104449,0.171082,-0.297173,0.189025,-0.088242,-0.16437,-0.345172,-0.464262,0.118473,-0.399145,0.09481,-0.353383,-0.01075,-0.064312,-0.353383,-0.040316,-0.344751,-0.361811,-0.344751,-0.353383,-0.209967,0.136195,-0.353383,-0.568129,-0.12867,-0.451073,-0.612213,-0.184828,-0.353383,-0.393446,-0.801168,-0.118192,-0.265447,-0.098744,-0.030214,-0.095662,-0.593777,-0.144678,0.129088,-0.098744,0.077408,0.06973,-0.383907,-0.408142,0.136195,0.077408,-0.408142,0.393424,0.542845,0.250152,-0.675683,-0.408142,-0.999061,-0.196777,0.395364,-0.01075,-0.109353,-0.432875,-0.408142,-0.408142,-0.281225,-0.049432,-0.09167,-0.25716,-0.098744,0.104449,-0.337398,0.094654,0.414725,-0.188408,0.14459,-0.187564,-0.253249,-0.344751,0.414725,0.0,0.235221,-0.574305,0.250152,-0.032018,0.190248,0.188575,-0.030214,-0.688709,0.0,0.173447,-0.03579,0.0,-0.030214,-0.12382,0.276483,-0.12867,-0.022259,0.276483,-0.256933,0.11628,-0.593777,0.276483,-0.649561,-0.361811,0.0,-0.327255,-0.300097,0.429789,-0.408142,-0.064646,-0.612213,-0.149365,0.434491,0.150456,-0.404118,-0.420873,-0.190265,-0.253249,0.0,0.200192,-0.155357,0.14459,0.170956,-0.340396,0.538706,0.019179,0.832514,-0.265447,0.251727,0.422652,0.177373,0.161726,0.14459,0.538591,0.065741,-0.515656,0.009304,-0.200046,-0.018101,0.351836,-0.660445,-0.177373,#
6,0.214477,0.509042,-0.032166,0.055644,-0.332096,0.373294,1.0,-0.01799,-0.031615,-0.145762,-0.019051,-0.185659,-0.234814,-0.011578,-0.24158,0.082668,0.451807,0.493032,0.290668,0.121208,0.041722,0.069653,0.334101,-0.197883,0.06452,0.129338,0.022484,-0.269086,-0.197337,-0.04308,-0.495366,-0.397522,0.208057,5.1e-05,0.069499,0.451903,-0.21947,-0.631848,-0.169349,0.230098,0.302536,0.315316,-0.275393,0.259526,0.397298,0.30818,0.18963,-0.393646,-0.061057,0.211311,0.041894,-0.204836,0.0,0.192241,-0.63064,0.151385,0.548322,-0.234814,-0.07696,-0.234814,0.01787,0.296876,0.22003,0.252837,0.179452,-0.454717,-0.762533,-0.350443,-0.359736,-0.355954,0.230062,-0.194237,-0.515132,-0.99865,-0.667997,-0.245697,-0.515132,-0.247461,-0.076489,-0.050185,-0.040717,-0.515132,-0.393036,-0.164071,-0.515132,-0.400327,-0.240857,-0.287228,-0.762732,-0.366055,-0.99865,-0.686308,-0.533107,-0.503546,-0.093721,-0.762732,-0.236467,-0.47856,-0.025187,-0.257822,0.211311,-0.208792,-0.050106,-0.058603,-0.248886,-0.508488,0.313449,-0.050106,0.230098,-0.247461,-0.148221,0.201691,-0.127764,-0.508488,-0.400327,-0.378502,0.324335,-0.667997,-0.016235,0.076276,-0.508488,-0.508488,-0.579346,-0.315967,-0.448751,-0.553283,0.345147,0.22003,-0.493543,0.45116,-0.208792,-0.828607,-0.561549,0.300586,-0.548897,-0.040717,0.345147,0.0,0.387831,-0.353522,0.201691,0.203748,0.03932,-0.502187,-0.236467,-0.157824,0.0,0.770359,-0.242711,0.0,-0.236467,-0.473052,0.230098,-0.240857,-0.187061,0.230098,-0.129352,0.31959,-0.025187,0.230098,-0.075988,-0.050185,0.0,-0.703816,-0.311386,0.169274,-0.508488,-0.272704,-0.762732,-0.353522,-0.284189,-0.037292,-0.56921,-0.226094,0.023408,-0.548897,0.0,-0.116984,0.048369,-0.561549,0.318728,-0.046074,0.427584,0.64099,0.489512,-0.562324,0.087571,0.226103,-0.511435,0.313126,-0.561549,0.427048,-0.2695,-0.465089,-0.582246,0.046457,0.162427,-0.270187,-0.583405,0.511435,#
7,0.323138,-0.01799,0.079338,-0.387194,0.193556,0.440637,-0.01799,1.0,0.394775,-0.066274,0.074321,0.310789,-0.117559,-0.044644,0.03765,-0.396953,0.394691,-0.328521,0.592239,-0.160748,-0.418239,-0.086806,-0.142242,-0.067972,-0.714086,0.196815,-0.088939,0.485542,0.378553,0.082322,-0.476535,0.542985,0.03765,0.000909,0.604858,0.394775,-0.178224,0.31116,-0.496089,0.20101,-0.452272,0.043001,0.106825,-0.358035,-0.565415,0.340402,0.126862,-0.333587,-0.148661,-0.241933,0.306671,-0.274174,0.0,-0.363511,0.452236,0.349069,-0.183455,-0.117559,-0.15256,-0.117559,-0.032106,-0.83876,-0.286067,0.617861,-0.456563,0.559931,-0.06767,0.29774,0.074535,-0.216616,0.452174,-0.232304,0.394776,0.065795,0.294055,0.375437,0.065795,0.282993,-0.238234,0.394567,0.394573,0.065795,0.166057,-0.509009,0.065795,-0.105437,-0.097339,-0.605392,-0.075379,0.175489,0.065795,-0.277657,0.059556,-0.076464,0.418025,0.301513,0.286561,-0.060228,-0.412769,-0.109082,-0.241933,0.301513,0.393943,-0.256847,-0.28759,-0.301515,-0.184108,0.05303,0.201008,0.282993,0.421726,-0.301515,-0.184212,0.20101,-0.421747,0.170455,-0.062337,0.294055,-0.057439,-0.201941,0.20101,-0.301515,0.116904,-0.227985,-0.383152,0.128781,0.301514,-0.286067,0.381959,0.394125,0.301513,-0.114371,0.417449,-0.043717,0.421028,0.059556,0.301515,0.0,0.235495,0.180214,-0.301515,-0.017711,0.221665,0.441027,0.286561,-0.326401,0.0,-0.366404,-0.003456,0.0,0.286561,0.254329,0.201009,-0.097339,0.379053,0.201009,-0.142496,-0.199102,-0.412769,0.201011,-0.211004,0.394567,0.0,-0.040374,-0.189951,-0.240362,0.20101,-0.023314,-0.075379,0.180214,-0.071681,0.113907,0.046217,0.290503,-0.382875,0.421028,0.0,-0.119395,-0.059699,0.417449,-0.113138,0.431735,0.432224,0.065498,0.008637,0.418025,0.523381,0.601887,0.430825,-0.122643,0.417449,0.433008,0.810716,-0.060284,0.075196,0.489602,-0.251976,0.779756,-0.175669,-0.430827,#
8,0.217741,-0.515132,0.048449,-0.999006,0.364912,0.09481,-0.031615,0.394775,1.0,0.591567,-0.428468,0.22493,0.255254,0.395303,0.23163,-0.075788,-0.42848,0.284155,0.355978,0.371538,-0.534166,-0.080276,0.560097,0.22886,-0.059306,-0.071222,0.239585,0.417531,0.24573,0.547045,-0.570237,0.200163,0.23163,-2.5e-05,0.447278,0.047619,0.237455,0.225199,-0.341609,-0.218218,0.218218,0.231193,0.362148,-0.070179,0.066616,-0.164242,0.358729,0.239194,-0.5797,-0.196447,-0.036991,-0.464976,0.0,-0.228472,-0.0,0.528955,-0.492352,-0.482146,0.090335,0.255254,0.432568,-0.3215,-0.757672,-0.111799,-0.278801,-0.218218,0.229292,-0.323229,0.12138,-0.222094,0.327263,0.182133,0.047619,0.047619,-0.20787,-0.14631,-0.428571,-0.217616,-0.428354,0.505228,0.029634,-0.428571,-0.532988,-0.329198,-0.428571,0.356106,-0.326621,-0.653418,-0.327327,-0.533435,0.047619,-0.213206,0.029634,-0.027669,0.071789,0.218218,-0.65254,-0.043589,-0.522092,-0.325649,-0.751622,-0.327327,-0.427669,-0.428354,0.213093,-0.218218,-0.799482,-0.427669,0.509175,0.243218,0.132705,-0.218218,-0.364074,-0.218218,-0.101745,-0.146497,0.236854,-0.20787,0.443419,-0.279016,-0.218218,-0.218218,0.097428,0.204827,-0.518016,0.080611,0.763763,0.343596,0.132462,0.047541,0.218218,-0.082772,-0.337969,0.13975,0.088876,0.029634,-0.327327,0.0,0.216085,-0.107855,-0.218218,0.217916,-0.531076,-0.353259,-0.65254,0.143426,0.0,-0.325449,-0.653274,0.0,-0.65254,0.43133,-0.218218,-0.326621,0.148206,-0.218218,0.564165,0.456302,-0.522092,-0.218218,-0.350183,0.505228,0.0,0.116645,0.216621,0.246439,-0.218218,-0.227793,-0.327327,0.34363,-0.476326,-0.3641,-0.008362,-0.22777,-0.081323,0.088876,0.0,0.115211,0.835281,-0.337969,0.57606,0.064245,-0.402197,0.228658,-0.025031,0.533291,0.793529,0.663548,-0.356348,-0.355036,-0.337969,0.054766,0.307327,0.459718,-0.263046,0.312161,-0.211779,0.229916,0.521264,0.356348,#
9,0.448572,-0.145762,-0.320586,-0.615515,-0.117875,-0.213827,-0.145762,-0.066274,0.591567,1.0,-0.793895,-0.359689,0.404178,0.770257,0.381739,-0.229411,-0.793918,-0.123963,0.147572,0.243191,0.189977,0.203254,0.555443,-0.066946,0.195015,-0.540703,-0.075906,0.269451,-0.271751,0.573784,-0.066013,-0.009112,0.381739,4.9e-05,0.439166,-0.332202,0.412632,0.06721,0.18804,-0.404329,0.329704,0.545028,0.105805,0.21972,0.471119,-0.725861,0.612898,0.560506,-0.331931,-0.464095,-0.12006,-0.044305,0.0,-0.418162,-0.358196,0.352253,-0.328555,-0.311068,-0.289449,0.404178,0.787932,0.288327,-0.452088,-0.308256,-0.205323,-0.57393,-0.066522,-0.426637,0.03371,0.088866,0.097674,0.442698,0.129683,0.129683,-0.346381,-0.429643,-0.332202,-0.340496,0.018392,0.591255,0.120907,-0.332202,-0.531401,-0.279541,-0.332202,0.640523,-0.605186,-0.04573,-0.077338,-0.544891,0.129683,-0.045803,0.120907,-0.072256,-0.189002,0.451817,-0.767487,-0.10143,-0.102177,-0.603385,-0.464095,-0.077338,-0.313774,-0.366539,-0.056572,-0.404329,-0.279541,-0.792413,0.301211,-0.340496,0.309914,0.274075,-0.286564,0.301212,0.196427,-0.163093,0.431846,-0.346381,0.824009,-0.036184,0.301212,-0.404329,0.242375,0.791297,-0.127661,0.210133,0.451817,0.082004,-0.177111,-0.331656,-0.077338,0.28362,-0.586094,0.524206,-0.176674,-0.349454,-0.606493,0.0,0.50559,-0.138394,0.274075,0.040648,-0.139925,-0.615519,-0.767487,0.582592,0.0,-0.406281,-0.376585,0.0,-0.767487,0.453117,-0.404329,-0.605186,0.10011,-0.404329,0.994404,0.262734,-0.102177,-0.404329,-0.326992,0.591255,0.0,0.241513,0.404997,0.344492,0.301212,-0.01815,-0.077338,-0.138394,-0.333052,-0.197083,0.10201,-0.360711,0.625761,-0.176674,0.0,-0.300865,0.626444,-0.586094,0.541191,0.110685,-0.795233,-0.074276,-0.167387,0.258635,0.27654,0.066705,-0.621492,0.104856,-0.586094,-0.35255,-0.121946,0.455797,0.033726,0.324501,0.365844,-0.100588,0.564892,0.621492,#
10,-0.195699,-0.019051,0.509046,0.438674,0.342144,0.106426,-0.019051,0.074321,-0.428468,-0.793895,1.0,0.202698,0.227574,-0.491394,-0.653858,0.359261,0.541815,0.106391,0.129745,-0.129956,-0.083227,-0.074365,-0.341251,0.193536,-0.104613,0.332907,-0.081762,-0.048643,0.218166,-0.427783,-0.06862,-0.056437,-0.205392,2.6e-05,-0.517107,0.536049,0.208851,0.202301,0.01738,0.518497,-0.327248,-0.717312,-0.234417,-0.52506,-0.428142,0.543489,-0.203608,-0.192174,0.163707,0.337849,-0.024495,0.008883,0.0,0.185089,0.433498,-0.451128,0.227118,0.227574,0.0851,-0.519222,-0.997169,-0.300551,0.322065,0.297309,-0.016491,0.485104,0.193107,0.210438,-0.210657,-0.142316,-0.203954,0.152256,0.05379,0.035242,0.231725,0.477905,0.517501,0.210916,0.062858,-0.428242,0.062858,0.517501,0.348455,0.082025,0.517501,-0.534031,0.234741,0.201049,0.203999,0.786602,0.035242,0.222128,0.043969,-0.06251,0.532497,-0.327248,0.66184,-0.022709,-0.054701,0.251001,0.337849,0.225249,0.072186,0.535077,0.232023,0.490164,0.100344,0.552717,-0.218165,0.210916,-0.39285,-0.218165,0.117046,-0.218165,-0.088179,0.387127,-0.327005,0.632713,-0.997453,0.450769,-0.218165,0.490164,-0.350337,-0.648462,-0.061583,0.099889,-0.327248,-0.235586,0.10551,0.082023,0.225249,-0.094476,0.531763,-0.302268,0.519773,0.535077,0.777745,0.0,-0.558477,0.362762,-0.218165,0.211207,-0.082745,0.525745,0.66184,-0.37365,0.0,0.126533,0.241884,0.0,0.66184,-0.070307,-0.218165,0.234741,0.399556,-0.218165,-0.800558,-0.329983,-0.054701,-0.218165,0.143889,-0.428242,0.0,0.109045,0.215488,-0.652181,-0.218165,0.270679,0.203999,0.362762,0.231645,0.043617,0.062212,0.241884,-0.532992,0.519773,0.0,0.080778,-0.518325,0.531763,-0.798105,0.070296,0.533233,-0.18378,-0.012431,0.065114,-0.057834,0.218806,0.534394,0.130225,0.531763,0.060679,0.031561,-0.117244,0.217523,-0.104175,-0.206,0.228776,-0.355074,-0.534394,#
11,-0.580557,-0.185659,0.195711,-0.19821,0.398196,0.431309,-0.185659,0.310789,0.22493,-0.359689,0.202698,1.0,-0.316282,-0.233943,-0.180981,-0.001189,0.21416,0.209457,-0.160097,-0.444241,-0.404716,-0.815517,-0.38526,-0.024992,0.014142,0.385745,0.265555,0.503439,0.350191,0.246799,0.093048,0.280898,-0.589883,4.7e-05,-0.190285,0.22493,-0.340142,0.187703,-0.054967,-0.333253,-0.49988,-0.046423,-0.003324,0.159324,-0.653998,0.541393,-0.47746,-0.592192,-0.126493,0.528877,-0.193123,0.150307,0.0,0.326455,0.395255,-0.207207,-0.308854,0.364631,-0.036717,-0.316282,-0.186258,-0.484972,-0.003285,0.045842,0.023104,0.427915,0.488523,-0.007106,0.530236,-0.588178,0.0155,-0.482152,-0.214783,0.208018,0.174721,0.281341,-0.231695,0.570561,-0.654164,-0.223121,-0.654164,-0.231695,0.375615,0.402896,-0.231695,-0.392967,0.486065,-0.218931,-0.0155,-0.033379,0.208018,-0.200269,-0.223604,0.632844,-0.030595,0.003875,0.15504,0.195639,-0.250965,0.484,0.016229,-0.49988,-0.248083,-0.223604,-0.191138,0.312586,-0.448919,0.190055,-0.333253,0.996094,0.009426,-0.333253,-0.43307,-0.333253,-0.409228,-0.045731,0.02123,0.174721,-0.218506,-0.46621,-0.333253,0.312586,-0.00692,-0.202473,-0.226857,-0.402062,0.003875,-0.003285,-0.01725,-0.240253,0.003875,0.001871,0.371367,-0.708999,-0.018488,-0.223604,0.003875,0.0,-0.329347,-0.41503,-0.333253,0.192574,0.006287,0.399884,0.15504,-0.434173,0.0,-0.029324,-0.227834,0.0,0.15504,0.209878,0.33842,0.486065,-0.136517,0.33842,-0.382632,-0.084653,-0.250965,0.33842,-0.408546,-0.223121,0.0,-0.277564,-0.349753,0.262056,-0.333253,-0.153113,-0.0155,0.001871,0.367983,0.407696,0.180269,-0.227834,-0.396971,-0.018488,0.0,0.844948,0.032734,0.371367,0.049953,-0.615433,0.238599,-0.172717,0.27181,0.395555,0.018756,0.194825,0.404986,-0.400342,0.371367,0.679034,0.131971,0.165773,-0.298627,-0.422186,-0.182394,0.285794,0.004967,-0.404986,#
12,0.365038,-0.234814,0.231915,-0.278534,0.292531,-0.242299,-0.234814,-0.117559,0.255254,0.404178,0.227574,-0.316282,1.0,0.508232,-0.344893,0.24144,-0.473053,-0.010361,0.38293,0.259284,0.239669,0.268161,0.401139,0.163059,0.213953,-0.396621,-0.19594,0.313942,-0.094205,0.227963,-0.171565,-0.160777,0.340835,0.0,-0.168906,0.255254,0.996967,0.364656,0.367472,0.129969,0.129969,-0.195953,-0.167222,-0.356892,0.172307,-0.378772,0.68548,0.632425,-0.257641,-0.206025,-0.202692,-0.028222,0.0,-0.342251,0.038989,-0.110499,-0.161447,-0.141892,-0.292926,-0.141892,-0.235277,0.10456,-0.202019,-0.151333,-0.311193,-0.241372,0.163082,-0.403359,-0.265075,-0.072622,-0.129944,0.956265,0.255254,0.226892,-0.250559,1e-06,0.226892,-0.272944,0.200569,0.255119,0.255124,0.226892,-0.357902,-0.278541,0.226892,0.266632,-0.633186,0.28509,0.162461,0.290477,0.226892,0.313811,0.226242,-0.177978,0.448949,0.194953,-0.265124,-0.165504,-0.212845,-0.605372,-0.206025,0.194953,-0.424526,0.198964,0.312864,0.086646,-0.250531,-0.453917,0.129969,-0.272944,-0.169141,0.086646,-0.238218,0.129969,0.239363,0.28931,0.16346,0.362574,-0.176615,0.640978,0.129969,0.086646,-0.212258,0.315149,-0.262648,0.424599,0.194953,-0.202019,-0.184085,-0.438048,0.194953,0.265913,-0.186042,0.400466,0.44918,0.226242,0.194953,0.0,-0.012688,0.291309,0.086646,0.335925,-0.392086,-0.242439,-0.265124,0.376867,0.0,-0.423565,-0.283242,0.0,-0.265124,0.536701,-0.996427,-0.633186,0.672356,-0.996427,0.401047,-0.082246,-0.212845,-0.996427,-0.258748,0.255119,0.0,0.538419,0.989965,-0.402342,0.129969,0.333317,0.162461,0.291309,-0.174151,-0.298687,0.224119,-0.257899,0.242178,0.44918,0.0,-0.322508,0.262467,-0.186042,-0.322198,0.245237,-0.493286,-0.357076,-0.260898,0.448949,0.306297,0.38917,-0.238768,0.401767,-0.186042,-0.509208,-0.232962,0.571592,0.329544,0.316568,0.315335,0.034856,0.398298,0.238768,#
13,0.172515,-0.011578,0.014753,-0.405389,-0.393567,-0.119709,-0.011578,-0.044644,0.395303,0.770257,-0.491394,-0.233943,0.508232,1.0,0.256126,-0.446958,-0.503848,-0.154604,0.238333,0.159066,0.558552,0.106702,0.304177,-0.180458,0.006763,-0.294199,0.222065,0.508812,-0.218013,0.370653,0.108083,0.234674,0.16776,5.3e-05,0.038741,-0.098826,0.520412,0.31064,0.295769,-0.505131,0.330948,0.711722,-0.350456,0.279226,0.434502,-0.728515,0.746018,0.18254,-0.563679,-0.384002,0.109249,-0.055081,0.0,-0.562945,-0.418038,0.006617,-0.256553,-0.256946,-0.510617,-0.256946,0.485531,0.304235,-0.369373,-0.295297,0.05852,-0.424261,-0.180002,-0.735925,0.212074,-0.256878,0.213342,0.421602,-0.003801,-0.003801,-0.587843,-0.513856,-0.49793,-0.243184,-0.049675,0.396921,-0.013118,-0.49793,-0.311986,-0.06027,-0.49793,0.576615,-0.756064,0.222978,-0.191601,-0.338606,-0.003801,-0.200112,-0.013118,0.032024,-0.129545,0.374494,-0.618171,-0.458618,0.098502,-0.753813,-0.384002,-0.191601,-0.477916,-0.534592,-0.210836,-0.505131,-0.06027,-0.989968,0.249663,-0.243184,-0.023304,0.220632,-0.503036,0.249663,0.101517,-0.428351,0.240675,-0.176985,0.530911,0.063367,0.249663,-0.505131,-0.006753,0.609243,-0.392118,-0.041623,0.265629,-0.369373,-0.45189,-0.497111,-0.191601,0.125732,-0.4676,0.254039,-0.033444,-0.516313,-0.191601,0.0,0.55121,-0.325743,0.220632,0.164734,0.132913,-0.45989,-0.618171,0.332002,0.0,-0.378118,-0.620144,0.0,-0.618171,0.515998,-0.505131,-0.756064,0.111503,-0.505131,0.774504,-0.178997,0.098502,-0.505131,-0.543696,0.396921,0.0,-0.102418,0.448233,0.129597,0.249663,-0.319655,-0.191601,-0.325743,-0.30266,-0.077866,-0.11614,-0.603162,0.469297,-0.033444,0.0,-0.154037,0.475905,-0.4676,0.291295,-0.020279,-0.52555,-0.312059,-0.046704,0.349342,0.040388,0.188612,-0.469326,0.284573,-0.4676,-0.133087,-0.258688,0.612835,-0.176902,0.086199,0.609732,-0.201873,0.320684,0.469326,#
14,-0.186907,-0.24158,-0.198187,-0.238466,-0.397362,-0.389659,-0.24158,0.03765,0.23163,0.381739,-0.653858,-0.180981,-0.344893,0.256126,1.0,-0.451864,-0.216547,-0.357994,-0.170454,0.432752,-0.002547,0.388484,-0.018972,0.017748,-0.436356,0.029295,0.533588,-0.048923,0.326503,-0.216451,0.179703,0.538839,0.176413,2.4e-05,0.245069,-0.654015,-0.319166,0.228296,-0.384996,-0.333008,0.476098,0.44557,0.485218,0.272631,0.198778,-0.535249,-0.005499,0.084112,-0.169954,-0.521772,0.645649,-0.297866,0.0,-0.323893,0.01561,0.508832,-0.339135,-0.344893,0.408297,0.340835,0.655426,-0.050837,-0.499761,-0.391139,0.169889,0.092544,0.018154,0.156345,0.41291,0.383781,0.499414,-0.330723,0.23163,0.23163,0.199677,-0.278098,-0.211192,-0.186801,0.190401,0.240019,0.223162,-0.211192,0.012709,-0.012709,-0.211192,0.809687,-0.02199,-0.203631,0.007805,-0.38885,0.23163,0.179509,0.223162,0.221676,-0.386247,0.515122,-0.19612,0.19332,0.2105,-0.038119,-0.521772,0.007805,0.214147,-0.653683,0.169802,-0.333008,-0.012709,-0.244739,0.343415,-0.186801,0.043667,-0.333008,0.369374,0.343415,0.383919,-0.381668,-0.499142,-0.168521,0.660153,-0.527958,0.343415,-0.333008,0.424395,0.225069,0.231147,0.019101,0.007805,0.012289,0.402635,0.205244,0.007805,0.024401,0.019048,-0.069034,0.03088,-0.227787,-0.499512,0.0,0.371844,0.001076,-0.333008,-0.592352,0.064107,0.02745,-0.19612,0.033797,0.0,-0.373778,-0.205543,0.0,-0.19612,-0.167832,0.343415,-0.02199,-0.571585,0.343415,0.411809,-0.084608,0.2105,0.343415,0.342031,0.240019,0.0,0.00417,-0.314083,0.21569,0.343415,-0.599083,0.007805,0.001076,-0.286078,-0.33613,-0.184236,0.190145,-0.003447,0.03088,0.0,0.016483,0.412069,0.019048,0.438429,0.228947,-0.196065,0.194683,-0.211287,0.042916,0.026898,-0.172833,0.019118,-0.423279,0.019048,-0.186303,0.415698,0.19587,-0.193788,0.051902,-0.205356,-0.284077,0.401978,-0.019118,#
15,0.05522,0.082668,-0.111646,0.068497,0.599596,-0.13622,0.082668,-0.396953,-0.075788,-0.229411,0.359261,-0.001189,0.24144,-0.446958,-0.451864,1.0,-0.064598,0.333336,0.055258,0.136544,-0.270204,0.143266,0.247155,0.087003,0.590481,-0.270204,-0.337636,-0.202301,0.229889,-0.04671,-0.316737,-0.736579,0.400424,-4.9e-05,-0.311024,0.382466,0.268766,-0.424837,0.252104,0.428074,0.07673,-0.567075,0.4086,0.037764,-0.127861,0.455081,-0.10464,0.321779,0.533321,0.389317,-0.387472,0.258809,0.0,0.533607,0.218076,0.166268,0.248165,0.24144,0.226495,0.24144,-0.348396,0.081105,0.407774,-0.141821,-0.356587,-0.163268,0.086598,0.184012,-0.317978,-0.123628,-0.096905,0.34173,-0.075788,-0.093413,0.026745,0.488157,0.364841,0.031745,0.339727,-0.084556,-0.067108,0.364841,-0.228993,-0.166523,0.364841,-0.281498,0.126344,-0.009937,0.096922,0.19838,-0.093413,0.387403,-0.085056,0.090122,0.293802,-0.407882,0.046245,0.540273,-0.355378,0.142082,0.389317,0.117115,-0.058041,0.381607,0.400963,0.401151,-0.149116,0.398572,-0.271921,0.031745,-0.17486,-0.271921,0.261537,-0.271921,0.142161,0.581323,0.135118,0.026745,-0.371326,0.431774,-0.271921,0.401151,-0.569763,-0.043803,0.073201,-0.142283,0.117115,0.407774,-0.13337,-0.048752,0.117115,-0.247969,-0.125471,0.316307,-0.133932,0.381607,0.117115,0.0,-0.257173,0.186511,-0.271921,0.031788,-0.661774,-0.16918,0.046245,0.118351,0.0,0.238016,0.036408,0.0,0.046245,-0.335667,-0.271921,0.126344,0.043067,-0.271921,-0.182768,0.274891,-0.355378,-0.271921,0.298109,-0.084556,0.0,0.33244,0.296658,-0.033803,-0.271921,0.470799,0.096922,0.186511,0.232683,-0.147732,0.335195,0.036408,0.145038,-0.133932,0.0,0.204686,0.127929,-0.125471,-0.208996,-0.078471,-0.068919,0.386421,0.082688,-0.150317,0.169777,0.038808,-0.158274,0.255152,-0.125471,-0.088289,-0.29265,-0.024964,-0.005484,0.149577,-0.023298,-0.317959,0.225404,0.158274,#
16,-0.190556,0.451807,0.042532,0.4562,-0.07376,0.542887,0.451807,0.394691,-0.42848,-0.793918,0.541815,0.21416,-0.473053,-0.503848,-0.216547,-0.064598,1.0,-0.034787,0.124495,-0.125467,-0.094436,-0.069195,-0.336089,-0.327179,-0.533643,0.345181,0.068407,-0.060536,0.245678,-0.427795,-0.168727,0.097799,-0.200349,-2.4e-05,-0.041771,0.529504,-0.486389,-0.21996,-0.433125,0.526805,-0.327257,-0.182465,-0.200781,-0.052722,-0.428154,0.658458,-0.210724,-0.708272,0.194692,0.358653,0.443803,0.008883,0.0,0.283123,0.223492,-0.035952,0.253746,0.2552,0.112956,-0.473053,-0.520567,-0.32169,0.343523,0.396291,-0.002266,0.561013,-0.327172,0.298952,-0.192391,-0.235586,0.327191,-0.563706,0.059221,-0.42848,0.194067,0.276759,0.059221,0.156388,0.068388,-0.428254,0.068388,0.059221,0.292813,0.026376,0.059221,-0.534046,0.17944,-0.253086,-0.327257,0.336346,-0.42848,-0.202404,-0.428263,-0.121448,0.078026,-0.327257,0.613176,-0.064174,-0.114173,0.161707,0.358653,0.231475,0.511008,0.068388,-0.197218,-0.218172,0.508028,0.511008,-0.218172,0.156388,0.004854,-0.218172,0.078026,-0.218172,-0.534046,-0.058097,-0.327014,0.194067,-0.559563,-0.13802,-0.218172,-0.218172,-0.394632,-0.64848,-0.030711,-0.336504,-0.327257,-0.200281,0.022189,0.529657,0.231475,-0.534144,0.482496,-0.296866,0.069661,0.068388,0.770252,0.0,0.063899,-0.071745,-0.218172,-0.248503,0.343184,0.543223,0.613176,-0.784457,0.0,0.334859,0.203796,0.0,0.613176,-0.562948,0.500198,0.17944,-0.159401,0.500198,-0.80058,-0.318656,-0.114173,0.500198,0.103819,-0.428254,0.0,-0.452265,-0.522951,-0.194069,-0.218172,-0.217458,-0.327257,-0.071745,0.278766,0.105036,-0.426378,0.203796,-0.533007,0.069661,0.0,0.1043,-0.51834,0.482496,-0.336065,0.075625,0.998197,0.261929,0.475875,-0.394632,-0.052792,0.213807,0.534409,0.124453,0.482496,0.529962,0.310668,-0.620083,-0.130279,-0.099368,-0.217114,0.148318,-0.800797,-0.534409,#
17,-0.217043,-0.301889,0.260699,-0.259496,0.225144,0.20258,0.493032,-0.328521,0.284155,-0.123963,0.106391,0.209457,-0.010361,-0.154604,-0.357994,0.333336,-0.034787,1.0,-0.205918,0.256395,-0.396811,-0.355763,0.473638,0.339397,0.471516,0.255868,0.276745,-0.333842,-0.225987,0.256584,-0.326696,-0.43027,-0.223176,-8e-05,-0.225992,0.110182,0.001429,-0.326312,-0.168528,-0.017716,0.305609,-0.144564,-0.110999,-0.01775,0.40215,0.203736,-0.156802,-0.029129,-0.402719,0.512793,-0.412192,-0.334701,0.0,0.485927,-0.47834,-0.149744,0.061643,-0.279764,0.322086,-0.010361,-0.149546,0.314766,-0.186685,-0.178233,0.382281,-0.519155,0.136092,-0.490161,-0.234866,-0.189062,-0.305537,-0.00853,-0.643697,-0.49872,-0.487003,-0.389443,-0.49872,-0.369461,-0.543305,-0.354114,-0.487531,-0.49872,-0.501443,0.321674,-0.49872,-0.36552,0.148965,-0.261236,-0.558069,-0.488762,-0.49872,-0.381408,-0.339894,-0.308315,-0.222622,-0.72416,-0.496513,-0.304896,-0.137021,0.153824,-0.197107,-0.72416,-0.665711,0.252296,0.339169,0.203739,-0.422854,0.115515,0.248031,0.219806,-0.40079,0.203739,-0.249162,-0.947831,-0.226127,-0.376527,0.305382,-0.487003,-0.145124,-0.097487,-0.947831,0.203739,-0.222622,-0.359262,-0.298067,-0.219959,0.338827,0.718578,-0.238229,0.138949,-0.026575,-0.353413,-0.513851,-0.163124,-0.352532,0.280183,-0.026575,0.0,-0.356178,-0.327449,0.203739,0.512027,-0.561862,-0.507288,-0.496513,-0.058565,0.0,0.665326,-0.362422,0.0,-0.496513,-0.107732,-0.017716,0.148965,-0.131332,-0.017716,-0.109336,0.74506,-0.137021,-0.017716,-0.152947,-0.354114,0.0,-0.298314,-0.02638,0.30188,-0.947831,-0.189733,-0.558069,0.249863,-0.329665,-0.269389,-0.396136,-0.336513,-0.290872,-0.352532,0.0,0.289379,0.347255,-0.513851,0.464007,-0.475474,-0.04898,0.325324,0.302165,-0.222622,0.231658,0.235328,-0.499057,-0.30806,-0.513851,0.089668,-0.4287,-0.119325,-0.437428,-0.407893,-0.294801,-0.198541,-0.116121,0.499058,#
18,0.657612,0.180018,0.247204,-0.36187,0.038653,-0.005917,0.290668,0.592239,0.355978,0.147572,0.129745,-0.160097,0.38293,0.238333,-0.170454,0.055258,0.124495,-0.205918,1.0,0.043514,-0.074023,0.392971,0.113533,0.081741,-0.294056,0.031918,-0.24045,0.364325,0.368643,-0.10205,-0.719439,0.12425,0.657131,2.5e-05,0.281662,0.62841,0.356228,0.175676,-0.02433,0.255237,0.070745,0.13515,0.099171,-0.266225,-0.132846,0.204972,0.52106,-0.021145,0.003853,-0.478222,0.152374,-0.326674,0.0,-0.576886,0.124844,0.425172,0.327253,-0.376439,-0.348753,-0.207691,-0.082355,-0.492262,-0.051579,0.594638,-0.467879,0.024374,-0.490926,0.008219,-0.055554,-0.371386,0.490954,0.380462,0.11987,-0.261535,-0.26654,0.436862,0.11987,0.1826,0.134195,0.732455,0.605828,0.11987,-0.08809,-0.864556,0.11987,0.010672,-0.489995,-0.29056,-0.054099,0.257709,-0.261535,-0.274986,0.217424,-0.238501,0.782112,-0.054099,0.074472,-0.215711,-0.246195,-0.488536,-0.033554,0.382855,0.148895,-0.254209,-0.190334,-0.327369,-0.111208,-0.246345,0.421696,-0.186506,-0.011135,-0.327369,-0.01193,0.255237,0.010672,0.354656,0.111559,0.05059,-0.108872,0.515114,0.255237,-0.327369,-0.38157,-0.107201,-0.728159,-0.034396,0.653351,-0.366601,-0.0041,0.250866,-0.054099,-0.439872,-0.132028,0.555944,0.302173,0.217424,0.382855,0.0,0.404651,0.360852,-0.327369,0.262055,-0.043465,-0.125297,0.074472,0.200149,0.0,-0.17217,-0.258327,0.0,0.074472,0.231783,-0.327369,-0.489995,0.578735,-0.327369,0.117537,-0.186402,-0.246195,-0.327369,-0.039968,0.732455,0.0,-0.028919,0.295845,-0.514197,0.255237,0.151667,-0.054099,-0.000765,-0.377017,0.016245,0.208584,0.179855,0.068697,0.302173,0.0,-0.359227,0.158191,-0.132028,-0.247372,0.62506,0.136356,0.309707,-0.21457,0.412471,0.493741,0.61261,-0.132515,0.389311,-0.132028,0.250425,0.35804,0.247266,-0.163983,0.830845,0.221903,0.315688,0.071767,0.132515,#
19,0.013347,-0.39323,-0.02291,-0.37588,0.084369,-0.247937,0.121208,-0.160748,0.371538,0.243191,-0.129956,-0.444241,0.259284,0.159066,0.432752,0.136544,-0.125467,0.256395,0.043514,1.0,-0.221016,0.611483,0.657177,0.187615,-0.225019,-0.16699,0.46444,-0.259973,0.247755,-0.139869,-0.389025,-0.0288,0.432752,5.2e-05,0.060001,-0.135105,0.293187,0.023849,-0.552049,0.332494,0.713716,-0.111076,0.406793,-0.131678,0.447756,-0.397202,0.400854,0.488544,-0.380031,-0.189825,0.511641,-0.534039,0.0,-0.012913,-0.085989,0.524516,-0.319796,-0.525272,0.670541,0.259284,0.105373,0.141191,-0.617265,-0.53186,-0.011393,-0.182421,0.056493,-0.156483,-0.345442,0.336685,0.404077,0.24954,0.258951,-0.135105,-0.06943,-0.350867,-0.135105,-0.806077,0.323577,-0.032243,0.359671,-0.135105,-0.658083,-0.160403,-0.135105,0.605404,-0.403281,-0.382631,-0.404152,-0.28027,-0.135105,0.332584,-0.041615,-0.354353,-0.142051,0.047294,-0.42896,0.036715,-0.258101,-0.402081,-0.649241,0.047294,-0.119696,-0.127605,0.793619,-0.269435,-0.160403,-0.119696,0.504474,-0.424729,-0.258328,-0.269435,0.287335,-0.269435,0.226525,-0.274055,-0.403852,-0.06943,0.146338,-0.091885,-0.269435,-0.269435,-0.142051,-0.055378,0.037031,0.216996,0.176279,0.42424,0.244495,0.394069,0.498741,-0.28604,-0.223578,0.210302,0.228143,0.359671,0.047294,0.0,0.198842,0.167631,-0.269435,-0.343484,-0.655723,-0.24774,-0.42896,-0.097742,0.0,-0.12872,-0.433778,0.0,-0.42896,-0.325212,-0.269435,-0.403281,-0.229132,-0.269435,0.290201,0.31774,-0.258101,-0.269435,0.324332,-0.032243,0.0,0.266598,0.284974,-0.021707,-0.269435,-0.453027,-0.404152,0.541242,-0.493964,-0.975633,-0.526563,0.018937,-0.242837,0.228143,0.0,-0.181598,0.628784,-0.223578,0.302589,0.357418,-0.131486,0.443487,0.031564,-0.142051,0.550865,0.405785,-0.252758,-0.186538,-0.223578,-0.525854,0.17395,0.098643,-0.101987,0.141626,-0.400573,-0.398639,0.275546,0.252758,#
20,-0.013268,0.51179,-0.073134,0.523235,-0.666066,-0.193369,0.041722,-0.418239,-0.534166,0.189977,-0.083227,-0.404716,0.239669,0.558552,-0.002547,-0.270204,-0.094436,-0.396811,-0.074023,-0.221016,1.0,0.167048,-0.215301,-0.407878,0.126718,-0.249667,-0.062843,0.115148,-0.405551,-0.128265,0.59057,-0.030212,-0.002547,0.0,-0.37292,-0.089028,0.269654,0.023025,0.639969,-0.271984,0.101994,0.462159,-0.619248,0.383524,0.320256,-0.478448,0.368072,-0.049317,0.071432,-0.1517,0.08714,0.427457,0.0,-0.28045,-0.383499,-0.438374,0.247188,0.239669,-0.590484,-0.449645,0.078867,0.579718,0.408488,-0.167213,0.256374,-0.227302,-0.40787,-0.382725,0.092789,-0.092815,-0.081574,0.236787,-0.071222,-0.071222,-0.381227,-0.28917,-0.071222,0.017231,0.365668,-0.053388,-0.062456,-0.071222,0.183662,0.208085,-0.071222,0.183562,-0.407097,0.79642,0.122393,0.159568,-0.071222,0.002749,-0.062456,0.096217,-0.164894,0.122393,0.007566,-0.333105,0.533459,-0.405885,0.388032,0.122393,-0.053304,-0.122897,-0.421558,-0.271984,0.665287,-0.533041,-0.271984,-0.430784,-0.123059,0.380778,-0.140927,0.435175,0.183562,-0.213344,0.064665,-0.011104,0.104662,0.34031,0.435175,-0.271984,-0.157224,0.419107,0.087127,-0.173315,-0.407976,-0.641557,-0.591486,-0.533288,-0.407976,0.155688,-0.164667,0.161695,-0.172807,-0.533895,0.101994,0.0,0.343675,-0.226966,0.380778,-0.040262,0.583323,-0.144159,0.007566,0.208207,0.0,-0.03493,0.005615,0.0,0.007566,0.0678,-0.271984,-0.407097,-0.040089,-0.271984,0.222292,-0.567982,0.533459,-0.271984,-0.191979,-0.053388,0.0,-0.207177,0.21963,-0.069382,0.435175,-0.046268,0.122393,-0.665892,0.188687,0.297973,-0.043774,-0.376232,0.576629,-0.172807,0.0,-0.21432,-0.295093,-0.164667,-0.24492,-0.101549,-0.138134,-0.452519,0.00117,-0.164894,-0.681305,-0.435616,-0.1499,0.638324,-0.164667,-0.129694,-0.553679,0.159349,0.04183,-0.170351,0.810575,-0.428284,-0.149272,0.1499,#
