0,1.0,0.058503,-0.324993,0.16936,-0.151778,-0.144257,0.39175,-0.252191,-0.350476,-0.366199,0.707919,0.836065,0.373742,-0.141497,-0.144257,-0.224522,0.25585,-0.437016,0.116096,-0.874663,0.049894,0.060761,-0.272513,0.416163,0.480178,-0.308858,-0.078905,0.248613,-0.086369,0.262974,-0.372214,-0.067184,-0.363868,0.094518,0.696186,-0.137449,0.23434,0.124163,0.555995,-0.058981,0.090747,0.727646,0.253,-0.036561,0.414157,0.835811,0.35763,-0.031858,0.18874,-0.136559,-0.208974,0.145611,0.137379,-0.331753,-0.074266,0.05422,0.071104,0.438027,-0.053753,-0.276839,0.114747,0.202206,-0.652804,-0.332339,-0.395341,0.353782,0.433011,-0.437451,0.042045,-0.148503,-0.167951,-0.270807,0.0,0.044258,0.498926,-0.282757,-0.407352,-0.261406,-0.38598,-0.272276,-0.352891,-0.157523,0.178615,-0.469779,0.26764,-0.344314,-0.276607,-0.24424,-0.128923,0.231254,0.111396,0.011904,0.011904,-0.382409,-0.242681,-0.273184,0.158375,-0.474589,-0.534402,-0.352891,0.079232,-0.608504,-0.201294,0.774639,0.101023,-0.488975,-0.352891,-0.277864,-0.434291,-0.088947,-0.448654,0.262974,0.360499,-0.220318,-0.567761,-0.396225,0.077639,0.163589,-0.291422,0.426382,-0.088947,0.288756,-0.14525,0.676045,-0.192388,-0.261742,-0.70528,0.489135,-0.47199,-0.188625,-0.451838,-0.273184,0.026247,0.538473,-0.232234,-0.141177,0.0,-0.610716,-0.017872,-0.521857,-0.352891,-0.264575,-0.054114,-0.478107,0.147408,-0.280715,-0.088947,0.043796,-0.24424,-0.610716,0.418905,-0.120552,-0.799616,0.137614,-0.428717,-0.172959,-0.39963,0.177028,0.011904,-0.188625,-0.472649,-0.365633,-0.173389,-0.428717,-0.388903,-0.183072,-0.088947,-0.193025,-0.813348,0.0,0.571154,-0.768848,0.262974,-0.342182,0.358114,0.092252,-0.610582,0.625997,-0.309194,-0.426787,0.203826,0.180988,-0.346917,0.491994,0.281185,0.079623,0.305331,-0.106087,0.169105,0.234127,-0.554757,0.233645,0.349681,-0.382946,-0.013269,-0.151356,0.199517,-0.508285,0.188484,-0.70528,#
1,0.058503,1.0,-0.121374,-0.383161,-0.083515,-0.380222,-0.214646,-0.315897,0.092459,0.074294,-0.122746,-0.024086,-0.173245,0.432543,-0.380222,0.399845,0.398879,-0.277844,0.337073,0.003759,0.022636,0.296756,-0.428807,-0.031511,0.273919,-0.300482,-0.240341,0.418783,0.228401,0.129042,-0.204413,-0.327325,-0.220898,-0.223109,0.33974,-0.414063,-0.075423,0.343562,0.570825,-0.339652,0.520624,-0.317822,-0.126099,-0.377873,-0.425414,-0.015797,-0.323968,-0.025696,-0.445645,0.229949,-0.159394,-0.372922,0.128835,0.057462,-0.179791,0.192811,0.443229,-0.024086,0.224741,-0.066033,0.081804,0.363647,-0.424349,-0.210251,0.376389,0.627829,-0.363897,-0.251397,-0.308557,-0.176899,-0.184025,-0.206313,0.0,0.385347,-0.278419,0.704231,0.16213,-0.406142,0.319498,-0.395374,-0.1901,-0.080888,0.136289,-0.23779,-0.087835,-0.223108,-0.132645,0.146316,-0.053224,-0.100846,-0.223108,0.023143,0.023143,-0.194648,-0.364341,0.120993,0.106165,-0.230715,0.27731,-0.1901,-0.2819,-0.100846,-0.355504,0.204597,-0.23779,-0.246002,0.340731,0.024879,-0.470726,-0.997595,0.526945,0.129042,-0.326507,-0.08965,-0.284905,-0.473668,-0.244769,-0.415607,-0.109979,-0.000357,-0.3772,0.16213,-0.615966,-0.142949,-0.424349,-0.2418,-0.364341,0.447466,-0.284034,-0.100846,-0.340531,-0.375358,-0.493279,-0.070363,-0.375358,-0.026356,0.0,0.268583,-0.345668,-0.267101,-0.1901,-0.262562,0.268583,-0.317023,0.116264,-0.050073,-0.3772,-0.040563,0.637892,0.268583,-0.027405,0.78719,0.362372,-0.1901,0.126204,-0.650079,0.326217,0.419829,0.023143,-0.100846,-0.244997,-0.441999,0.2195,0.126204,-0.187939,0.441972,0.243195,0.322684,-0.441999,0.0,0.100315,-0.27013,0.129042,0.671752,0.227936,0.390154,-0.106877,0.402238,0.110662,-0.493279,0.431136,-0.633246,0.349843,0.342135,-0.328318,0.25906,0.695225,-0.306337,-0.368778,0.431136,-0.298028,0.171025,-0.032885,0.648657,0.517131,0.467543,-0.134881,-0.262499,0.941178,0.136289,#
2,-0.324993,-0.121374,1.0,-0.340243,-0.424084,0.507068,-0.170965,-0.251252,0.434979,0.437914,-0.479885,-0.397213,-0.12294,0.274928,0.507068,0.354365,-0.3719,0.93739,-0.465859,0.322939,-0.434587,0.300215,0.373935,-0.30395,0.296045,0.249072,-0.263402,-0.378753,-0.213581,0.167148,-0.229827,-0.150269,-0.241875,0.187985,-0.221137,0.217866,-0.109828,0.639632,-0.259843,-0.665533,-0.378033,-0.254118,0.330167,0.484433,0.116887,-0.358945,-0.446175,-0.288885,0.140648,-0.130993,0.32897,-0.314728,0.379191,-0.234633,-0.541521,0.160135,-0.182018,-0.422702,-0.154607,-0.249074,0.426515,0.321593,0.377448,-0.215533,-0.110274,-0.186986,0.05921,-0.267344,-0.47456,-0.350018,-0.156356,0.001634,0.0,-0.197378,0.183457,-0.073962,0.081431,0.352499,0.243971,0.324974,0.133958,0.175029,-0.388012,0.612628,-0.522302,0.187985,-0.174287,-0.321365,-0.499072,0.226732,0.103813,-0.393838,-0.393838,-0.253983,-0.362073,0.35338,-0.371401,0.616216,-0.244592,0.133958,-0.189018,0.304286,-0.380307,-0.25975,-0.268472,-0.320253,0.188964,-0.454236,0.319937,0.090003,0.321429,0.167148,-0.253101,0.244527,0.429455,0.245656,0.159928,-0.34409,-0.224355,-0.480586,0.057859,0.081431,0.173219,-0.531412,-0.333257,-0.330082,0.352002,-0.178624,-0.274166,0.226732,0.412149,0.379097,-0.402852,-0.182041,-0.328873,-0.462724,0.0,0.15513,-0.389616,-0.265591,0.133958,-0.297306,-0.704051,-0.268541,-0.336134,-0.261963,0.057859,-0.02385,-0.270426,0.15513,-0.38746,-0.217074,0.216991,-0.623194,-0.442673,0.222844,0.521971,-0.0109,-0.393838,0.226732,0.283082,-0.418942,0.179167,-0.442673,0.980003,0.223106,0.122147,-0.153081,0.272157,0.0,-0.334377,0.121491,0.167148,-0.055592,0.21853,-0.222421,0.302466,-0.357004,0.423237,0.29646,-0.361665,0.264996,0.230128,-0.487075,-0.205303,0.108489,-0.152816,-0.279228,-0.317143,-0.386851,0.45867,0.119776,-0.268408,-0.021961,-0.291773,0.386316,0.283374,0.676639,-0.179341,0.40388,#
3,0.16936,-0.383161,-0.340243,1.0,0.286377,-0.096681,0.41203,-0.005386,-0.602341,-0.576627,0.236198,-0.010326,-0.293276,-0.565842,-0.096681,-0.587293,-0.136072,-0.418605,0.057516,-0.028241,0.378797,-0.343809,-0.258729,0.447022,-0.410874,0.062128,-0.131661,0.24786,-0.051711,-0.40728,0.271348,0.294553,0.08964,-0.396433,0.022956,0.433962,-0.357356,-0.524906,0.160393,0.43397,-0.036156,0.231954,0.269186,0.278104,-0.130092,0.396289,0.371312,-0.306034,-0.251113,-0.505023,0.290829,0.57526,-0.718422,-0.11168,0.077181,-0.667757,0.039432,0.801732,0.382749,-0.427997,-0.708725,-0.15534,0.089577,0.279443,0.068206,-0.294212,0.354445,-0.194423,0.67245,0.115712,0.301616,-0.348913,0.0,-0.39623,0.112733,-0.211122,0.289383,0.550614,0.094673,0.144186,0.043088,0.198888,0.153008,-0.432209,0.257722,0.550796,0.392573,0.13769,0.222065,0.198888,0.498172,0.388308,0.388308,0.081715,0.169225,0.112735,0.539438,0.069727,-0.062948,0.043088,0.113943,0.263537,0.555351,-0.085156,0.118645,0.315204,0.077478,-0.118007,-0.442398,0.373786,-0.410678,-0.40728,0.351183,-0.609755,-0.126589,0.366952,0.515713,0.611633,-0.268116,0.446791,0.373786,0.262588,0.643207,-0.101639,0.533904,0.225124,-0.277209,-0.493812,0.526662,0.215051,-0.218782,0.112735,0.820036,0.241977,0.571429,-0.203455,0.0,-0.103298,0.003432,0.332291,0.043088,0.016749,0.433853,0.289854,0.169225,0.206433,0.373786,-0.652036,0.169536,-0.103298,0.42592,-0.062948,-0.360836,0.516453,0.124021,0.251226,-0.608399,-0.544165,0.388308,0.215051,0.160551,0.388308,0.431556,0.124021,-0.287183,-0.225525,0.413979,-0.260412,-0.043761,0.0,0.566442,0.261288,-0.40728,-0.188985,-0.117301,0.081715,-0.144186,-0.166436,-0.664957,0.382833,-0.584484,0.215787,-0.311932,0.088865,-0.120331,-0.369103,-0.317327,0.368538,0.549103,-0.190839,0.306927,-0.450025,0.022674,-0.220693,0.402084,-0.375631,-0.172944,-0.4122,-0.217156,-0.244775,#
4,-0.151778,-0.083515,-0.424084,0.286377,1.0,0.075722,0.286721,-0.264428,-0.13095,-0.298378,-0.224623,0.018201,-0.389795,-0.235016,0.075722,-0.665617,-0.20867,-0.312505,0.800876,0.021296,0.005176,-0.534392,0.229158,0.031648,-0.068039,0.29511,0.045241,-0.237394,0.541925,-0.272099,0.385909,0.005735,-0.098791,-0.534392,-0.164168,0.107267,-0.320776,-0.709281,0.31125,0.622572,0.357675,0.086258,-0.273476,-0.452065,-0.407741,-0.388456,-0.091387,-0.005895,-0.017144,0.103907,0.175151,0.522633,-0.583824,0.227693,-0.075841,-0.367126,-0.588932,0.018201,0.05233,0.282394,-0.578932,0.153304,-0.249575,-0.281371,0.308105,-0.381831,-0.408033,0.183498,0.210782,0.398836,-0.495007,0.389294,0.0,-0.106463,-0.147767,0.249178,0.401413,-0.182776,-0.1019,0.212997,-0.1019,-0.259904,0.242366,-0.146274,0.587439,0.347443,-0.384608,-0.157745,0.175227,-0.666154,-0.093474,0.013274,0.013274,-0.088462,0.649987,-0.594697,-0.123585,-0.157268,0.504592,-0.1019,0.417897,0.146345,0.254462,-0.345269,0.407578,0.086708,-0.1019,-0.110932,-0.416101,0.096986,-0.040897,-0.272099,-0.327432,-0.661246,0.039004,-0.017471,-0.093474,0.666514,0.253662,0.391472,0.096986,-0.272099,0.158377,0.188319,0.197169,0.477455,0.201125,-0.550884,-0.014933,-0.259904,-0.084894,-0.594697,0.422111,0.32765,0.254462,-0.23141,0.0,0.082511,0.61273,0.086708,-0.1019,-0.204426,0.622585,0.02498,0.242366,0.295979,0.096986,-0.11644,-0.157745,0.082511,0.032759,0.072143,-0.110057,0.374039,-0.105069,0.170594,-0.035509,-0.039884,0.013274,-0.259904,-0.249664,0.407779,0.145023,-0.105069,-0.464414,0.111257,0.096986,0.134031,-0.026641,0.0,-0.148041,0.607898,-0.272099,0.253662,-0.423396,-0.584455,0.158149,0.170763,-0.169009,-0.017471,0.152615,-0.230305,-0.519075,0.358096,0.092179,-0.167256,-0.382521,0.519375,0.70211,-0.243171,-0.379224,-0.284715,0.422711,0.284439,-0.028946,-0.002798,0.172546,-0.146274,-0.01176,0.201125,#
5,-0.144257,-0.380222,0.507068,-0.096681,0.075722,1.0,0.488433,0.032116,-0.139902,-0.163444,-0.362879,-0.226679,-0.250461,-0.393458,1.0,0.055432,0.042297,0.57527,-0.019064,-0.141511,-0.639126,-0.085584,0.342174,-0.275972,0.387564,0.400275,-0.408477,-0.354068,0.035514,0.188835,-0.124653,0.115122,-0.320967,-0.047547,-0.428544,0.305406,-0.269407,0.162113,-0.07018,-0.228512,-0.723619,-0.189479,0.040291,0.492679,0.328244,-0.267803,0.240872,-0.302267,0.705103,-0.00151,0.498682,-0.248108,-0.076431,-0.456954,-0.504,0.276869,-0.342536,-0.226679,0.015615,-0.054874,0.349067,0.49838,0.343555,-0.304739,-0.377292,-0.267301,-0.208092,-0.100914,0.213386,-0.325934,-0.296687,0.558459,0.0,0.163917,0.425552,-0.33423,0.217886,-0.106161,-0.084442,0.391869,0.466077,0.131425,-0.553846,0.209293,0.080464,-0.047547,-0.268956,-0.09597,0.111749,0.113901,-0.028528,-0.247743,-0.247743,-0.341051,-0.114286,-0.078957,-0.025689,0.216271,-0.438355,-0.047156,0.745303,0.534461,-0.54142,-0.500112,-0.387957,-0.408664,-0.531876,-0.275656,0.216463,0.348618,-0.21444,0.188835,0.029885,0.077449,0.066412,-0.215743,0.42792,0.32917,-0.254024,-0.245653,0.348618,-0.508401,0.106742,0.0285,0.343555,-0.146197,0.369748,-0.37207,-0.265925,0.551984,-0.0,-0.078957,0.197511,-0.099722,-0.12305,-0.33309,0.0,-0.23333,0.087012,0.035963,0.466077,-0.433826,-0.23333,0.020407,-0.131868,-0.177571,0.348618,0.30449,-0.544845,-0.23333,0.175604,-0.457009,-0.037121,-0.047156,-0.504256,0.534474,-0.11896,-0.228241,0.220717,0.551984,-0.211954,-0.230726,0.305367,-0.504256,0.46553,0.068523,-0.217886,0.162099,0.237733,0.0,-0.130441,0.168001,0.188835,-0.311222,0.25035,-0.362446,0.045979,0.022021,-0.098313,0.197511,0.064874,0.494965,-0.06154,-0.099629,0.499497,0.265083,-0.227519,0.0,0.344588,-0.361926,0.0555,0.139915,0.160603,-0.239832,-0.628218,0.634261,0.049345,0.729972,-0.487417,-0.087395,#
6,0.39175,-0.214646,-0.170965,0.41203,0.286721,0.488433,1.0,-0.236147,-0.327129,-0.346801,0.288669,0.346288,-0.130728,-0.445688,0.488433,-0.465597,0.261717,-0.197889,0.233604,-0.350193,-0.300176,-0.571091,-0.305895,0.293503,0.150294,0.17288,-0.167895,0.28803,0.516128,0.061682,-0.105386,0.53428,-0.141415,-0.513406,-0.230166,0.126208,-0.122261,-0.223735,0.358922,0.192256,-0.351173,0.245558,0.204365,0.475242,0.161093,0.317975,0.412892,0.013988,0.473611,-0.256038,0.206079,-0.063994,-0.262133,-0.138454,-0.095186,-0.300666,-0.199878,0.346288,0.483745,-0.142566,-0.295355,0.197457,-0.291071,-0.146488,-0.216235,-0.143896,0.190897,-0.160655,0.39746,-0.007732,-0.14149,-0.04781,0.0,-0.194266,0.20652,-0.174407,0.10574,-0.318545,-0.569127,0.443423,0.26577,0.313587,-0.263198,-0.202443,0.314104,0.20767,-0.147399,-0.249505,0.340489,0.287012,0.236513,-0.338829,-0.338829,-0.156122,-0.263198,-0.283652,0.442702,-0.198524,-0.205679,-0.51258,0.672276,0.260437,-0.257215,-0.274632,-0.202443,-0.172212,-0.540853,-0.323397,-0.344541,0.191654,-0.346075,0.061682,0.517017,-0.428597,-0.213186,-0.348078,0.20767,0.416481,-0.110726,0.370491,0.191654,0.10574,0.28599,0.291874,0.439533,0.221717,-0.263198,-0.174063,-0.163693,0.287012,-0.249972,-0.283652,0.344699,-0.033444,-0.283652,-0.344263,0.0,-0.690736,0.245991,-0.200308,0.26577,-0.198525,0.1925,-0.206735,-0.289863,-0.131619,0.191654,-0.069682,-0.275687,-0.690736,0.319888,-0.233967,-0.497371,0.26577,-0.370099,0.260475,-0.393341,-0.151262,0.371619,0.287012,-0.362135,-0.313022,0.128017,-0.370099,-0.207815,0.258523,0.15861,-0.094058,-0.313022,0.0,0.367695,-0.124896,0.061682,-0.197469,0.059035,-0.188568,-0.479873,0.20435,-0.294708,-0.374192,0.253039,0.204687,-0.495865,0.176339,0.484285,-0.31044,-0.129042,-0.241723,0.414771,0.253039,-0.236006,0.015541,0.266602,-0.163325,-0.373535,0.296281,0.210997,-0.235345,-0.282469,-0.289863,#
7,-0.252191,-0.315897,-0.251252,-0.005386,-0.264428,0.032116,-0.236147,1.0,-0.244891,-0.048831,0.055015,-0.322301,0.289319,-0.450397,0.032116,0.462544,0.460415,-0.154096,-0.461359,0.017096,-0.003488,0.316772,-0.035289,0.068377,-0.292931,0.080771,0.040685,0.049349,-0.400795,0.111664,0.001445,0.134609,0.411778,0.41424,-0.302103,0.224409,0.226596,-0.291616,-0.539495,0.336006,-0.536316,-0.150074,-0.104979,0.125726,0.283343,0.08696,0.658197,0.02076,0.272093,0.377277,0.087421,-0.218108,-0.186297,-0.171144,0.51171,0.260549,0.345052,-0.10094,0.069787,0.106523,0.22426,-0.396272,0.567769,0.591998,-0.212443,-0.131546,-0.236328,0.392667,0.460074,-0.240291,0.698307,0.40548,0.0,0.332454,-0.102987,-0.22538,-0.260549,0.009289,0.081493,-0.423077,0.177036,-0.170365,-0.364406,-0.232179,-0.195473,-0.41424,0.659125,0.558193,0.328001,0.054147,-0.365506,0.388591,0.388591,0.412775,0.086132,0.063062,0.124936,-0.225897,-0.257267,0.177036,0.238309,0.188854,0.10773,-0.081433,-0.232179,0.290417,-0.348452,0.578408,0.653167,0.334992,-0.510611,0.111664,0.42544,0.557575,-0.269445,-0.0571,0.073101,-0.013389,-0.034486,-0.490479,0.0,-0.55832,-0.227933,0.070165,0.567769,-0.195454,0.086132,0.032321,0.494055,0.233756,-0.193558,0.331074,0.340002,-0.292927,0.509749,0.637896,0.0,0.011161,0.060298,0.717665,0.177036,0.494427,0.011161,0.776005,0.041078,-0.042429,0.0,0.453192,0.071563,0.011161,0.295173,-0.305065,0.183349,0.177036,0.558325,0.180885,-0.46967,-0.111562,0.388591,0.233756,-0.020223,0.432195,-0.137875,0.558325,-0.197728,-0.67462,-0.614152,0.062514,0.432195,0.0,-0.024532,0.016883,0.111664,-0.18105,0.211297,0.357954,0.18744,-0.059478,-0.172367,0.340002,0.04083,0.448203,0.425087,-0.135725,0.410724,0.156752,-0.127977,0.164503,-0.096044,0.084576,0.187272,0.166637,0.060914,-0.186014,-0.05041,-0.210495,-0.515024,0.268149,-0.369277,-0.40946,#
8,-0.350476,0.092459,0.434979,-0.602341,-0.13095,-0.139902,-0.327129,-0.244891,1.0,0.935485,-0.293182,-0.110954,0.400201,0.755163,-0.139902,0.208067,-0.265156,0.440764,-0.270033,0.499319,-0.344763,-0.016377,0.101832,-0.093525,0.019589,0.045032,0.499788,-0.087031,0.302342,0.047253,-0.008958,-0.080632,0.068144,-0.016377,-0.367591,-0.064396,0.545833,0.200085,-0.380226,-0.085248,0.151263,0.032963,0.138975,-0.052997,-0.27574,-0.490156,-0.73423,0.335956,0.06242,0.338958,-0.272528,-0.271868,0.568692,0.579726,0.065512,-0.055676,-0.403266,-0.778135,-0.138211,0.201632,0.141999,-0.285977,-0.052298,-0.138312,0.375072,-0.27743,-0.063942,0.128636,-0.869369,0.18049,-0.136556,-0.096968,0.0,-0.444585,-0.380471,0.389425,-0.397484,-0.1535,-0.289177,0.259356,-0.289177,-0.092411,-0.178023,0.607096,-0.572302,0.129198,-0.27978,-0.54948,-0.518076,-0.092411,-0.325723,-0.743293,-0.743293,0.082602,-0.178023,-0.123816,-0.628319,0.275374,0.478415,-0.289177,-0.467094,-0.092411,-0.166003,-0.162914,0.035654,0.043167,0.15676,-0.207014,0.374733,-0.07505,0.514096,0.047253,-0.150383,0.203555,0.497746,0.085475,-0.780644,-0.633491,0.385979,-0.411091,-0.596227,0.297419,-0.122555,-0.349569,-0.51323,0.144745,0.285095,0.192478,-0.238609,-0.511563,0.630391,0.293155,-0.779938,-0.411594,-0.582974,-0.076008,0.0,-0.038696,-0.026075,-0.399972,-0.289177,0.21671,-0.595923,-0.323335,-0.59859,-0.079213,-0.596227,0.249,-0.13652,-0.038696,-0.940007,0.03223,0.183351,-0.780232,-0.03931,-0.281436,0.809437,0.608682,-0.743293,-0.511563,0.129012,-0.336258,-0.592767,-0.03931,0.412312,0.38118,-0.07505,-0.219,0.111959,0.0,-0.77539,0.056733,0.047253,0.385979,-0.255737,-0.429144,0.17657,-0.266387,0.978603,-0.326396,0.182726,-0.230973,0.126466,-0.312999,-0.106995,-0.435888,-0.272552,-0.447971,-0.588134,0.182726,0.058569,0.065238,-0.069564,0.407416,-0.354369,-0.063198,0.606625,0.088158,-0.043755,0.705661,#
9,-0.366199,0.074294,0.437914,-0.576627,-0.298378,-0.163444,-0.346801,-0.048831,0.935485,1.0,-0.144677,-0.142037,0.387117,0.586861,-0.163444,0.362064,-0.111011,0.422607,-0.480717,0.528561,-0.322469,0.14681,0.077005,0.060982,-0.015374,0.221654,0.350968,-0.067185,0.282889,0.28032,-0.248176,0.106409,0.277865,0.14681,-0.393643,-0.052332,0.507999,0.179283,-0.412553,-0.07336,-0.016127,-0.013297,0.296644,0.134596,-0.104175,-0.338134,-0.549704,0.390885,0.035382,0.319832,-0.11977,-0.475308,0.546824,0.423764,0.25692,-0.120623,-0.18759,-0.759532,0.04485,0.182912,0.116479,-0.319291,-0.022348,0.133753,0.201919,-0.300623,-0.051874,0.23287,-0.814523,-0.020205,0.149259,-0.128329,0.0,-0.456785,-0.542928,0.396761,-0.392448,-0.123922,-0.275123,0.114948,-0.275123,-0.072607,-0.324339,0.603382,-0.734052,0.14681,0.0,-0.523275,-0.501887,-0.072607,-0.311971,-0.724391,-0.724391,0.28901,-0.324339,-0.093996,-0.602995,0.112602,0.334566,-0.275123,-0.490007,-0.072607,-0.136542,-0.177531,0.027091,0.082019,0.174598,-0.184682,0.528024,-0.063072,0.371861,0.28032,0.023496,0.339596,0.352447,0.111416,-0.770752,-0.785476,0.386333,-0.54452,-0.588672,0.308352,-0.102996,-0.377447,-0.487192,-0.02208,0.142709,0.155167,-0.1915,-0.495316,0.480831,0.326513,-0.761342,-0.450603,-0.557051,-0.056064,0.0,-0.026417,0.007393,-0.36488,-0.275123,0.401566,-0.588372,-0.288273,-0.748474,-0.323947,-0.588672,0.218155,-0.106811,-0.026417,-0.796326,-0.115404,0.201415,-0.770346,0.0,-0.13213,0.786255,0.575402,-0.724391,-0.495316,0.158826,-0.313903,-0.585256,0.0,0.412374,0.214595,-0.063072,-0.414305,0.138117,0.0,-0.610842,0.04132,0.28032,0.386333,-0.071681,-0.227079,0.327702,-0.298625,0.9686,-0.30395,0.155943,-0.067031,0.144579,-0.498916,-0.122291,-0.454439,-0.28022,-0.601295,-0.767656,0.337145,0.09756,0.304236,-0.093987,0.406084,-0.33156,-0.084117,0.581811,0.08004,-0.055622,0.566844,#
10,0.707919,-0.122746,-0.479885,0.236198,-0.224623,-0.362879,0.288669,0.055015,-0.293182,-0.144677,1.0,0.820041,0.276513,-0.234862,-0.362879,-0.285831,0.18282,-0.468978,-0.102625,-0.483112,0.431576,-0.111039,-0.178743,0.40647,-0.068733,-0.064426,0.112762,0.174634,0.069605,0.374228,-0.397366,0.506367,0.399274,0.347216,0.464607,-0.407776,0.155898,-0.084631,0.194313,0.127378,0.058224,0.485284,0.14967,0.111158,0.60274,0.825357,0.46812,0.51392,-0.034123,-0.367774,-0.278363,-0.022322,0.21125,-0.096628,0.585161,-0.178426,0.345048,0.451138,0.085275,0.155847,-0.173958,-0.269859,-0.554917,0.35806,-0.575461,0.277901,0.621314,0.210098,0.140953,0.083022,0.317283,-0.415517,0.0,-0.105221,-0.046886,-0.363334,-0.271921,-0.166339,-0.533761,-0.158046,-0.084556,0.162489,0.282464,-0.144996,0.216151,-0.093413,0.238379,-0.141642,0.191117,0.162489,0.364841,0.029035,0.029035,0.379275,-0.12489,-0.174282,0.233113,-0.607386,-0.33465,-0.084556,-0.081857,-0.665719,0.270451,0.534358,0.408494,0.10382,-0.101833,0.098327,-0.039933,0.117115,-0.41583,0.374228,0.520062,0.098922,-0.353888,-0.001502,-0.075788,-0.116404,0.255056,0.480152,0.117115,0.401151,0.174761,0.631498,-0.108465,0.025919,-0.573459,0.326107,-0.094785,-0.243495,-0.276039,-0.174282,0.038861,0.286863,-0.13342,0.179084,0.0,-0.407674,0.328327,-0.325398,-0.084556,0.44201,0.132047,-0.298049,-0.12489,-0.338116,0.117115,-0.150158,-0.157642,-0.407674,0.413249,-0.33465,-0.533771,0.391072,-0.093463,0.146873,-0.290041,-0.093655,0.029035,-0.243495,-0.022777,0.029035,-0.405515,-0.093463,-0.462539,-0.25089,0.096922,-0.429766,-0.405101,0.0,0.656099,-0.537288,0.374228,-0.434031,0.072562,0.379275,-0.293237,0.154105,-0.211524,-0.400434,0.136695,0.112433,-0.518737,-0.080408,0.063332,-0.165928,0.217706,-0.309781,-0.151042,0.532223,-0.361662,0.372919,-0.023534,-0.465126,-0.059313,-0.457491,0.127819,-0.647631,-0.030747,-0.589753,#
11,0.836065,-0.024086,-0.397213,-0.010326,0.018201,-0.226679,0.346288,-0.322301,-0.110954,-0.142037,0.820041,1.0,0.331435,0.027032,-0.226679,-0.442261,0.017856,-0.357188,0.251922,-0.670778,0.225537,-0.23879,-0.016449,0.200997,0.256869,-0.190929,0.219045,0.009705,0.195517,0.301322,-0.290047,0.197143,-0.003743,0.211104,0.579571,-0.49943,0.237253,0.03736,0.375773,0.025959,0.276617,0.633151,-0.014786,-0.18786,0.492723,0.612289,0.173138,0.473357,0.136783,-0.233978,-0.435089,0.130498,0.371916,0.003497,0.228408,0.011053,-0.055591,0.244844,-0.218583,0.246299,-0.001464,-0.022242,-0.783615,-0.193981,-0.47017,0.329201,0.510888,0.043526,-0.122474,0.234749,-0.257508,-0.242678,0.0,-0.037082,0.201332,-0.321695,-0.33304,-0.405953,-0.653732,-0.017304,-0.212722,-0.002251,0.411403,-0.072685,0.430881,-0.221486,-0.356762,-0.381602,0.02588,-0.002251,0.228408,-0.169576,-0.169576,-0.022671,0.01148,-0.41367,-0.01202,-0.529946,-0.231209,-0.212722,0.016057,-0.81535,0.02295,0.628598,0.470708,-0.200481,-0.229684,-0.092748,-0.237068,0.015859,-0.237989,0.301322,0.208459,-0.063467,-0.246727,-0.199605,-0.204183,0.023579,0.273361,0.606631,0.015859,0.327753,0.009712,0.815722,-0.345307,0.112194,-0.428905,0.434909,-0.479137,-0.400829,-0.147913,-0.41367,-0.159979,0.462351,-0.373553,0.014036,0.0,-0.499305,0.389553,-0.621869,-0.212722,0.066779,0.03057,-0.589678,0.01148,-0.215065,0.015859,0.037822,-0.397309,-0.499305,0.207746,-0.231209,-0.653745,0.254229,-0.403276,-0.017577,-0.110555,0.130117,-0.169576,-0.400829,-0.248026,-0.169576,-0.496661,-0.403276,-0.427099,-0.005688,-0.003965,-0.217227,-0.595791,0.0,0.388263,-0.602413,0.301322,-0.403154,-0.040283,-0.022671,-0.449515,0.386843,-0.063816,-0.591259,0.356833,-0.064559,-0.643164,0.213646,0.175225,-0.046201,0.255808,-0.203424,0.049722,0.356833,-0.657533,0.285434,0.164161,-0.419019,-0.261084,-0.28899,0.360913,-0.56615,0.060139,-0.444902,#
12,0.373742,-0.173245,-0.12294,-0.293276,-0.389795,-0.250461,-0.130728,0.289319,0.400201,0.387117,0.276513,0.331435,1.0,0.2961,-0.250461,0.250952,0.2497,-0.147255,-0.447383,-0.307448,-0.259456,0.169333,-0.266123,0.278912,0.141016,-0.390315,0.57743,0.275875,-0.21916,0.056993,-0.055667,-0.191044,-0.101011,0.226733,0.026263,0.11901,0.970139,0.030703,-0.337705,0.184731,-0.134249,0.623861,0.192625,-0.066945,0.153727,0.303267,0.093211,0.156687,0.452595,0.495416,-0.490305,-0.060399,0.42524,0.232758,0.269783,0.211365,-0.159011,-0.320381,-0.223689,-0.092177,0.400463,-0.476323,-0.073632,-0.097287,0.027966,-0.06999,0.183379,-0.111033,-0.328258,-0.004397,0.184376,-0.045902,0.0,-0.137339,0.196937,-0.126426,-0.995184,-0.265862,-0.503758,-0.245058,-0.447491,-0.359792,-0.21086,-0.144823,-0.368376,-0.519478,-0.077129,-0.198464,-0.323476,0.274861,-0.490778,-0.285343,-0.285343,-0.099896,-0.21086,-0.231804,-0.247948,-0.141457,-0.153497,-0.447491,-0.173245,-0.41268,-0.205498,0.494217,-0.144823,-0.120709,-0.475625,0.047092,0.358408,0.184131,-0.291855,0.056993,0.494418,0.307058,-0.160352,-0.293778,-0.519478,-0.271867,-0.040111,-0.313409,-0.637882,0.100833,-0.397333,0.279806,-0.073632,-0.120862,-0.21086,0.667113,-0.121506,-0.386236,0.145635,0.425851,-0.319762,-0.155871,-0.231804,0.354202,0.0,-0.613144,-0.135601,-0.148666,-0.447491,0.240554,-0.613144,0.019709,-0.237393,-0.080132,-0.637882,0.62165,-0.224518,-0.613144,-0.351529,-0.181646,-0.433698,-0.447491,0.118369,-0.432354,-0.107095,0.600863,-0.285343,-0.386236,-0.30216,-0.259664,-0.775485,0.118369,-0.135897,-0.29643,-0.670763,-0.170006,-0.259664,0.0,-0.326509,-0.616414,0.056993,-0.126426,0.109639,-0.132181,-0.420416,0.238726,0.412114,-0.319762,0.285452,0.240742,0.232575,0.215814,0.510017,-0.247561,-0.122822,-0.188748,-0.287555,0.285452,-0.183593,0.08743,0.296957,-0.157249,-0.30796,-0.434973,0.245552,-0.177563,-0.222887,-0.237393,#
13,-0.141497,0.432543,0.274928,-0.565842,-0.235016,-0.393458,-0.445688,-0.450397,0.755163,0.586861,-0.234862,0.027032,0.2961,1.0,-0.393458,0.162384,-0.319755,0.257066,-0.01493,0.350313,0.04758,-0.051559,-0.10161,-0.384409,-0.043656,-0.521746,0.555918,0.127944,0.058819,-0.270025,0.245091,-0.349318,-0.106048,-0.051559,0.069575,-0.404933,0.423714,0.510182,-0.182031,-0.404941,0.543716,-0.106737,-0.218325,-0.349887,-0.404634,-0.362716,-0.839562,0.285293,-0.270114,0.096058,-0.661195,-0.078553,0.686729,0.654097,-0.106802,0.206951,-0.090122,-0.391165,-0.380976,0.162284,0.253621,-0.231589,-0.135743,-0.289509,0.487803,0.30919,0.133539,-0.068445,-0.754686,0.401426,-0.307962,-0.3739,0.0,-0.106865,-0.12681,0.294222,-0.270025,-0.096067,-0.033127,0.208219,-0.147799,0.122355,0.304617,0.429245,-0.255771,-0.069973,-0.381276,-0.176987,-0.306881,0.122355,-0.069973,-0.355872,-0.355872,-0.087486,-0.120966,0.252769,-0.263543,0.414856,0.522047,-0.033127,-0.657191,-0.301796,-0.104642,0.16259,-0.015569,0.086309,0.418128,0.060428,0.00235,-0.405038,0.81031,-0.270025,-0.393301,0.188537,0.536904,0.066097,-0.530319,-0.586008,0.284386,-0.022017,-0.405038,0.433166,-0.23081,-0.275719,-0.602173,0.242478,0.239528,0.529977,-0.148329,-0.301796,0.630706,0.252769,-0.809639,-0.329058,-0.526586,0.141996,0.0,0.159041,-0.353722,-0.362116,-0.147799,0.029549,-0.404832,-0.325611,-0.120966,0.311785,-0.405038,0.06261,0.240899,0.159041,-0.808957,0.522047,0.332531,-0.530039,0.137424,-0.661056,0.664369,0.422039,-0.46054,-0.301796,0.270926,-0.355872,-0.402688,0.137424,0.302454,0.606175,0.122355,0.217098,-0.006978,0.0,-0.557775,-0.220067,-0.270025,0.284386,-0.389548,-0.087486,-0.186972,-0.211825,0.661296,-0.350687,0.139506,-0.659626,0.287036,-0.048597,-0.378951,-0.11922,0.29013,-0.304353,-0.520697,0.139506,0.097255,-0.24193,-0.378803,0.271172,0.039618,-0.031597,0.211611,-0.095882,0.315769,0.66511,#
14,-0.144257,-0.380222,0.507068,-0.096681,0.075722,1.0,0.488433,0.032116,-0.139902,-0.163444,-0.362879,-0.226679,-0.250461,-0.393458,1.0,0.055432,0.042297,0.57527,-0.019064,-0.141511,-0.639126,-0.085584,0.342174,-0.275972,0.387564,0.400275,-0.408477,-0.354068,0.035514,0.188835,-0.124653,0.115122,-0.320967,-0.047547,-0.428544,0.305406,-0.269407,0.162113,-0.07018,-0.228512,-0.723619,-0.189479,0.040291,0.492679,0.328244,-0.267803,0.240872,-0.302267,0.705103,-0.00151,0.498682,-0.248108,-0.076431,-0.456954,-0.504,0.276869,-0.342536,-0.226679,0.015615,-0.054874,0.349067,0.49838,0.343555,-0.304739,-0.377292,-0.267301,-0.208092,-0.100914,0.213386,-0.325934,-0.296687,0.558459,0.0,0.163917,0.425552,-0.33423,0.217886,-0.106161,-0.084442,0.391869,0.466077,0.131425,-0.553846,0.209293,0.080464,-0.047547,-0.268956,-0.09597,0.111749,0.113901,-0.028528,-0.247743,-0.247743,-0.341051,-0.114286,-0.078957,-0.025689,0.216271,-0.438355,-0.047156,0.745303,0.534461,-0.54142,-0.500112,-0.387957,-0.408664,-0.531876,-0.275656,0.216463,0.348618,-0.21444,0.188835,0.029885,0.077449,0.066412,-0.215743,0.42792,0.32917,-0.254024,-0.245653,0.348618,-0.508401,0.106742,0.0285,0.343555,-0.146197,0.369748,-0.37207,-0.265925,0.551984,-0.0,-0.078957,0.197511,-0.099722,-0.12305,-0.33309,0.0,-0.23333,0.087012,0.035963,0.466077,-0.433826,-0.23333,0.020407,-0.131868,-0.177571,0.348618,0.30449,-0.544845,-0.23333,0.175604,-0.457009,-0.037121,-0.047156,-0.504256,0.534474,-0.11896,-0.228241,0.220717,0.551984,-0.211954,-0.230726,0.305367,-0.504256,0.46553,0.068523,-0.217886,0.162099,0.237733,0.0,-0.130441,0.168001,0.188835,-0.311222,0.25035,-0.362446,0.045979,0.022021,-0.098313,0.197511,0.064874,0.494965,-0.06154,-0.099629,0.499497,0.265083,-0.227519,0.0,0.344588,-0.361926,0.0555,0.139915,0.160603,-0.239832,-0.628218,0.634261,0.049345,0.729972,-0.487417,-0.087395,#
15,-0.224522,0.399845,0.354365,-0.587293,-0.665617,0.055432,-0.465597,0.462544,0.208067,0.362064,-0.285831,-0.442261,0.250952,0.162384,0.055432,1.0,0.538192,0.246285,-0.531114,0.080161,-0.384631,0.782923,-0.170475,-0.057815,0.293659,-0.05979,-0.276835,0.167711,-0.359128,0.380525,-0.398949,-0.309528,-0.081789,0.355874,-0.080539,0.071538,0.261675,0.476311,-0.181827,-0.407607,-0.359652,-0.348104,0.140648,0.145682,0.061909,-0.052458,0.059846,-0.219242,0.115785,0.525571,0.116811,-0.70655,0.276268,-0.294905,-0.071177,0.528781,0.466143,-0.442261,0.097846,-0.209507,0.651286,0.144054,0.336596,0.111163,-0.001659,0.238491,-0.40759,-0.141871,-0.246256,-0.654176,0.348244,0.186645,0.0,0.423959,-0.079629,0.275672,-0.271803,-0.149228,0.365262,-0.539679,-0.053353,-0.214095,-0.543817,-0.047759,-0.664822,-0.533811,0.27907,0.279342,-0.220508,0.179377,-0.533811,0.005619,0.005619,-0.070646,-0.543817,0.291649,-0.131454,-0.030855,-0.281285,-0.053353,-0.147311,0.179377,-0.548761,0.073028,-0.606542,-0.289561,-0.053353,0.132357,0.435326,-0.407705,0.071923,0.380525,0.062134,0.593489,-0.273391,-0.371475,-0.106762,-0.59834,-0.346264,-0.810019,-0.407705,-0.271803,-0.66578,-0.307423,-0.114125,-0.680336,-0.090959,0.407107,-0.096098,0.179377,-0.194083,0.291649,-0.428333,-0.388367,-0.157337,0.211819,0.0,0.137385,-0.518141,0.126428,-0.053353,-0.009439,-0.407497,0.172597,-0.149017,-0.339747,-0.407705,0.48219,0.279342,0.137385,-0.055563,0.137563,0.408712,-0.533529,0.209678,-0.28404,0.160498,0.385113,0.005619,0.179377,-0.16033,-0.376477,0.033996,0.209678,0.314164,-0.170959,-0.407705,0.129848,0.06181,0.0,-0.188098,-0.295868,0.380525,0.295899,0.614407,0.409747,0.168161,0.15814,0.288314,0.015162,0.200188,0.176414,0.81108,-0.080233,0.1023,0.381553,0.308049,-0.335525,-0.615376,0.200188,0.137781,0.42774,-0.019528,0.288862,0.085893,0.386892,-0.256732,0.439384,0.275652,-0.090959,#
16,0.25585,0.398879,-0.3719,-0.136072,-0.20867,0.042297,0.261717,0.460415,-0.265156,-0.111011,0.18282,0.017856,0.2497,-0.319755,0.042297,0.538192,1.0,-0.489285,-0.087189,-0.38512,-0.373555,0.330421,-0.605001,0.406667,0.305553,-0.045011,-0.306063,0.586696,0.121178,0.401192,-0.418607,0.071366,-0.079032,-0.093196,-0.055021,0.067728,0.254685,-0.081529,0.294677,0.14651,-0.348244,0.009208,0.149925,0.132589,0.076797,0.398322,0.606413,-0.094951,0.331461,0.52471,0.126111,-0.584899,-0.168414,-0.311228,0.169449,0.21844,0.44465,0.003079,0.55615,-0.205929,0.199267,0.153425,-0.139632,0.111739,-0.062015,0.236574,-0.407548,-0.138432,0.257118,-0.550769,0.346162,0.190356,0.0,0.422337,-0.083201,0.302679,-0.271776,-0.605801,-0.118224,-0.561409,-0.076211,-0.235563,-0.532151,-0.618532,-0.195516,-0.533756,0.276951,0.266466,0.214512,0.154746,-0.533756,0.013823,0.013823,-0.068396,-0.532151,-0.181805,0.314354,-0.616481,-0.291814,-0.533475,0.398879,0.154746,-0.537193,0.094877,-0.5776,-0.300017,-0.533475,0.122334,-0.017123,-0.407663,-0.392024,0.401192,0.545345,0.120638,-0.781037,-0.814886,-0.11014,-0.132206,-0.343231,-0.341539,-0.407663,-0.271776,-0.665711,0.205624,0.322598,-0.445129,-0.565324,0.401728,-0.111289,0.154746,-0.711165,-0.181805,0.023463,-0.234759,-0.148916,0.202158,0.0,-0.407455,-0.123354,0.112628,-0.076211,-0.008989,0.151341,0.157816,-0.140525,-0.359653,-0.407663,0.475968,0.266466,-0.407455,0.412802,0.123667,-0.08484,-0.041036,0.194127,-0.271905,-0.389833,0.38907,0.431197,0.154746,-0.666968,-0.365202,0.030506,0.194127,-0.449515,-0.193862,-0.407663,0.109645,-0.397307,0.0,0.268684,-0.457845,0.401192,0.29377,0.625463,0.408135,-0.277446,0.612451,-0.140864,-0.431357,0.616523,0.18568,0.363542,0.387641,0.553515,0.129515,0.304886,-0.326418,-0.165893,0.616523,-0.369631,0.447711,0.423068,0.285721,0.059593,0.371916,-0.244481,-0.135304,0.285895,-0.565324,#
17,-0.437016,-0.277844,0.93739,-0.418605,-0.312505,0.57527,-0.197889,-0.154096,0.440764,0.422607,-0.468978,-0.357188,-0.147255,0.257066,0.57527,0.246285,-0.489285,1.0,-0.378427,0.364023,-0.344671,0.142048,0.585506,-0.52238,0.164219,0.282512,-0.10996,-0.577582,-0.19301,0.130189,-0.096051,-0.056766,-0.080655,0.312505,-0.304699,0.069062,-0.13517,0.568973,-0.438685,-0.602298,-0.377897,-0.339645,0.070807,0.381603,0.228904,-0.51024,-0.421018,-0.081926,0.217956,-0.157901,0.215777,-0.261055,0.451116,-0.124889,-0.411949,0.269583,-0.264007,-0.506877,-0.346073,0.06127,0.460819,0.207805,0.448612,-0.152832,-0.218548,-0.198322,0.060922,0.020737,-0.412833,-0.140078,-0.213016,0.169234,0.0,-0.103992,0.158919,-0.243062,0.130189,0.295502,0.145795,0.45112,0.312886,0.241741,-0.270366,0.779683,-0.332486,0.142048,-0.21277,-0.25334,-0.311092,0.110862,0.142048,-0.357362,-0.357362,-0.095875,-0.112781,0.298689,-0.418194,0.619591,-0.168823,0.312886,-0.083999,0.241741,-0.261928,-0.353122,-0.112473,-0.161159,0.145795,-0.243952,0.495597,0.260378,0.339967,0.130189,-0.343907,0.399805,0.596878,0.340426,0.142048,-0.279413,0.032668,-0.397334,0.227831,-0.086793,0.239172,-0.383985,-0.271012,-0.127233,0.610255,-0.235503,-0.209342,0.241741,0.567543,0.324729,-0.367661,-0.208305,-0.261928,-0.275342,0.0,0.228644,-0.156952,-0.161159,0.312886,-0.15259,-0.641318,-0.169487,-0.270366,-0.138169,0.227831,0.070813,-0.408075,0.228644,-0.402264,-0.336007,0.313418,-0.453767,-0.390573,0.372632,0.527759,-0.143865,-0.357362,0.241741,0.392396,-0.204848,0.048016,-0.390573,0.949994,0.213694,0.032547,-0.037252,0.494924,0.0,-0.448689,0.231272,0.130189,-0.223652,0.002219,-0.287624,0.373071,-0.478303,0.427689,0.340426,-0.297519,0.216807,0.119905,-0.591523,-0.150341,0.174896,-0.185128,-0.176914,-0.247434,-0.450529,0.431756,0.091254,-0.355093,-0.17295,-0.472147,0.322214,0.224726,0.779683,-0.361653,0.45267,#
18,0.116096,0.337073,-0.465859,0.057516,0.800876,-0.019064,0.233604,-0.461359,-0.270033,-0.480717,-0.102625,0.251922,-0.447383,-0.01493,-0.019064,-0.531114,-0.087189,-0.378427,1.0,-0.234303,0.162018,-0.426406,0.108949,-0.22308,0.132668,-0.075618,-0.049749,-0.115013,0.43558,-0.217115,0.302371,-0.182769,-0.276378,-0.426406,0.252159,-0.325588,-0.397771,-0.278859,0.591006,0.194671,0.59649,-0.049956,-0.53138,-0.652862,-0.325348,-0.235848,-0.145153,0.043518,-0.156278,-0.006906,-0.106554,0.394723,-0.297851,0.143103,-0.246089,0.013846,-0.270553,0.174834,-0.125647,0.332505,-0.291967,0.386127,-0.477255,-0.478095,0.207605,0.226679,-0.325581,0.040618,0.155814,0.39687,-0.708919,0.254529,0.0,0.306522,0.037447,0.218047,0.463395,-0.384826,0.01052,0.08579,0.01052,-0.121072,0.513262,-0.219504,0.791922,0.019093,-0.567299,0.035683,0.301425,-0.531542,0.019093,0.169825,0.169825,-0.266155,0.513262,-0.388661,0.068186,-0.227654,0.39692,0.01052,0.337073,-0.121072,0.043693,-0.024005,0.318579,-0.100163,0.01052,0.035969,-0.650116,-0.325673,0.203993,-0.217115,-0.525957,-0.527626,-0.058028,-0.247653,0.019093,0.526394,0.193653,0.615391,0.18471,-0.217115,-0.115096,0.381354,-0.04323,0.374362,0.07718,-0.139982,-0.228657,-0.121072,-0.202971,-0.796995,0.179413,0.403879,0.043693,-0.109172,0.0,0.170041,0.400313,-0.100163,0.01052,-0.40879,0.694738,-0.192117,0.513262,0.357291,0.18471,-0.10318,0.035683,0.170041,0.189023,0.39692,0.00228,0.472909,-0.148602,-0.108815,-0.025627,-0.042971,0.169825,-0.121072,-0.29251,0.169825,0.232743,-0.148602,-0.507164,0.340062,0.18471,0.469386,-0.252226,0.0,0.056331,0.216791,-0.217115,0.193653,-0.331621,-0.266155,-0.11493,0.383585,-0.308466,-0.247653,0.358259,-0.54574,-0.408585,0.547773,-0.036035,0.229357,0.224899,0.408666,0.593949,-0.117811,-0.556179,-0.218933,0.235021,0.209709,0.132249,0.238237,-0.044033,-0.219504,0.386795,0.07718,#
19,-0.874663,0.003759,0.322939,-0.028241,0.021296,-0.141511,-0.350193,0.017096,0.499319,0.528561,-0.483112,-0.670778,-0.307448,0.350313,-0.141511,0.080161,-0.38512,0.364023,-0.234303,1.0,0.142599,-0.191665,0.061183,-0.243597,-0.643221,0.199212,0.238074,-0.03479,0.199942,-0.330377,0.349084,0.234163,0.499291,-0.191665,-0.613874,0.038882,-0.145647,-0.061757,-0.521148,0.017929,0.097703,-0.602001,-0.063547,0.148988,-0.49507,-0.648946,-0.539471,0.193263,-0.43409,-0.113648,0.04671,-0.117877,-0.003378,0.54243,0.212766,-0.347632,0.015718,-0.271429,0.178679,0.181516,-0.342079,-0.406213,0.464109,0.453241,0.494429,-0.313912,-0.084071,0.376068,-0.203895,0.293939,0.287042,-0.204141,0.0,-0.379288,-0.645256,0.34683,0.341121,0.390791,0.256928,0.40617,0.256928,0.366246,-0.032417,0.55479,-0.397475,0.599612,0.366415,0.065256,0.030056,-0.038788,0.14243,-0.163901,-0.163901,0.518479,0.06512,0.399893,-0.067182,0.537006,0.664183,0.256928,-0.416967,0.463455,0.375243,-0.675998,0.002596,0.647257,0.601661,0.170228,0.299452,0.028203,0.601523,-0.330377,-0.23128,0.109017,0.682583,0.577987,-0.209249,-0.374481,0.386976,-0.246795,0.008058,0.206821,0.358572,-0.800726,0.018701,0.394926,0.512639,-0.391229,0.526736,0.042219,0.589354,0.41601,-0.178678,-0.597121,0.052902,0.058073,0.0,0.53213,-0.083888,0.304686,0.256928,0.429782,-0.006328,0.267918,-0.357537,0.266587,0.008058,-0.348276,0.384497,0.53213,-0.587419,0.215781,0.70542,-0.217588,0.457004,0.042104,0.531991,-0.153449,-0.163901,0.042219,0.671909,0.245157,0.056466,0.457004,0.4094,0.36723,0.410956,-0.052229,0.678277,0.0,-0.447219,0.654809,-0.330377,0.386976,-0.486143,0.004189,0.481724,-0.795574,0.431093,0.259589,-0.335886,-0.337886,0.231055,-0.627767,-0.538785,-0.407828,-0.280474,-0.144294,-0.383876,-0.020204,0.665238,-0.308642,-0.540022,0.407286,0.143812,-0.055903,-0.021365,0.153623,-0.110974,0.83776,#
20,0.049894,0.022636,-0.434587,0.378797,0.005176,-0.639126,-0.300176,-0.003488,-0.344763,-0.322469,0.431576,0.225537,-0.259456,0.04758,-0.639126,-0.384631,-0.373555,-0.344671,0.162018,0.142599,1.0,-0.211321,0.027972,-0.180088,-0.64874,-0.314952,0.241731,-0.003186,-0.22127,-0.333211,0.327713,0.171195,0.521919,0.231772,0.453931,-0.499687,-0.316225,-0.079417,-0.051986,0.017759,0.562707,-0.151265,-0.40594,-0.318152,0.028087,0.222518,-0.011464,0.359871,-0.743126,-0.609456,-0.409388,0.439938,-0.005613,0.253169,0.444801,-0.156666,0.463193,0.612579,-0.238446,0.299594,-0.379312,-0.411849,-0.064891,0.480677,-0.055936,0.407977,0.495357,0.362086,0.285045,0.544308,0.239754,-0.480887,0.0,0.05603,-0.182612,-0.261859,0.317592,0.409838,0.22346,-0.012735,0.197911,0.377589,0.842989,0.021956,0.435041,0.197688,0.366385,0.417693,0.399629,-0.014963,0.64078,0.618357,0.618357,0.520544,0.449112,0.394001,0.368494,0.007274,0.23322,0.657803,-0.46187,-0.423217,0.82402,0.279572,0.557133,0.650746,0.641097,0.539686,-0.172938,0.00781,0.196866,-0.333211,-0.199357,0.049477,0.222169,0.598294,0.21473,0.027529,0.38711,0.652047,0.495912,0.317592,0.395346,0.103754,-0.064891,0.405538,0.015384,0.010737,0.512453,-0.014963,0.127695,0.003492,0.212562,0.206613,0.433511,0.421182,0.0,0.496217,0.091797,0.23573,0.197911,0.440269,0.496217,0.163111,0.449112,0.410325,0.495912,-0.608209,0.402223,0.496217,0.226626,0.23322,0.206907,0.657803,0.437341,0.008941,-0.139993,-0.570763,0.198585,-0.014963,0.64009,0.618357,0.035315,0.437341,-0.301501,-0.044812,0.476388,0.069371,0.198585,0.0,0.433008,0.067891,-0.333211,-0.279178,-0.493128,0.520544,0.021162,-0.388675,-0.411111,0.212562,-0.384685,-0.448636,-0.20763,-0.194821,-0.641314,0.054461,0.339788,0.264817,0.002817,-0.002244,0.207986,-0.315023,-0.591439,-0.325734,0.536602,-0.561431,-0.422968,-0.464049,0.154731,-0.000371,#
