0,1.0,0.666667,-0.332599,-0.507615,0.509175,-0.33312,0.32796,-0.271931,-0.272099,1.0,0.40089,0.174772,0.271984,0.140108,0.509175,0.332695,0.0,0.328168,0.599395,-0.508925,-0.166623,0.140108,0.213534,-0.272166,-0.408145,-0.33312,0.182173,-0.166623,0.213694,0.650171,-0.333256,0.208803,0.650171,0.388339,0.107685,0.40089,-0.407868,-0.040706,-0.218076,0.518869,-0.33303,-0.043816,0.161337,-0.166513,-0.166623,-0.490271,0.284048,-0.043816,-0.378316,0.0,0.110329,-0.655423,-0.166667,-0.654966,0.182298,0.351204,0.533393,0.110329,0.344033,0.110329,0.041345,0.489105,-0.139868,-0.404209,-0.135665,0.267586,-0.111111,-0.205294,-0.021913,0.051232,-0.996463,-0.654966,-0.166667,-0.996323,-0.333153,0.225233,-0.508597,-0.665619,-0.408248,-0.508492,-0.665619,-0.408008,-0.508597,-0.166582,-0.019385,-0.271981,-0.508492,-0.665619,-0.408008,-0.272166,-0.408008,-0.996323,-0.508822,-0.996323,-0.508822,-0.508597,-0.508492,-0.025641,-0.508822,-0.408008,0.115361,-0.508597,-0.665376,-0.333069,-0.407871,-0.218218,-0.996323,-0.218218,-0.508597,-0.272166,-0.389665,0.0,-0.508822,-0.407871,-0.911507,-0.272023,-0.333153,-0.665619,0.197361,-0.996323,-0.665619,-0.312363,-0.996323,-0.218218,-0.665701,-0.019385,-0.166582,-0.166956,0.050251,-0.665619,-0.408008,-0.407871,-0.408008,0.099299,-0.665619,-0.333153,0.0,-0.408008,0.287347,-0.665619,-0.333333,-0.407871,-0.407871,-0.163632,-0.333153,-0.946038,-0.166667,0.520659,-0.665619,-0.333069,-0.622873,-0.665619,-0.408008,-0.272166,-0.665376,-0.407871,0.181862,0.491879,-0.996323,-0.218218,-0.025641,-0.166582,0.303075,-0.842717,-0.996323,0.36379,-0.407871,-0.136083,0.402163,-0.166667,0.994875,-0.042388,-0.333333,-0.665619,0.503976,-0.996323,-0.407871,0.994875,0.28254,0.107143,0.381578,0.374464,-0.125443,0.166288,0.637633,-0.586853,0.36379,-0.333333,-0.333069,0.994875,-0.407832,0.637055,0.405379,0.637055,-0.163854,-0.111111,0.027194,-0.842717,-0.842717,0.0,#
1,0.666667,1.0,-0.498898,-0.227091,0.218218,0.0,0.49194,0.087123,0.096986,0.666667,0.096859,-0.36803,0.407976,0.210163,0.763763,0.0,0.0,0.492252,0.724511,-0.224037,0.387654,0.210163,-0.220748,0.102062,-0.105286,-0.49968,0.314663,0.362151,0.320542,0.362658,-0.499884,-0.223104,0.362658,0.087178,-0.221039,0.096859,-0.611803,0.091589,0.197883,0.225531,-0.016114,0.085946,-0.375356,-0.249769,-0.249935,-0.158617,0.287136,0.085946,0.0,0.0,0.165494,-0.356627,-0.25,-0.359432,0.314879,0.047891,0.3385,0.165494,0.331746,0.165494,-0.7132,0.754861,-0.799867,-0.094224,-0.457868,0.401379,-0.166667,0.041992,0.131477,-0.69163,-0.697524,-0.503205,-0.25,-0.680182,-0.49973,0.37581,-0.226977,-0.383455,-0.102062,-0.762738,-0.383455,-0.106954,-0.226977,-0.249873,0.067849,0.087422,-0.231322,-0.383455,-0.106954,-0.408248,-0.106954,-0.680182,-0.22261,-0.680182,-0.22261,-0.226977,-0.231322,0.057692,-0.22261,-0.612012,0.173041,-0.762895,-0.387737,-0.011485,-0.111772,-0.327327,-0.680182,-0.327327,-0.762895,-0.408248,-0.310514,0.0,-0.22261,-0.611807,-0.587279,0.094617,-0.49973,-0.383455,-0.157083,-0.680182,-0.383455,0.100402,-0.680182,-0.327327,-0.39641,0.067849,-0.249873,-0.052723,0.075377,-0.383455,-0.612012,-0.611807,-0.106954,0.24609,-0.383455,-0.005811,0.0,-0.106954,0.431021,-0.383455,-0.5,-0.111772,-0.611807,-0.046436,-0.005811,-0.599158,-0.25,0.590503,-0.383455,-0.499604,-0.323415,-0.383455,-0.106954,0.102062,-0.387737,-0.111772,0.489787,0.205372,-0.680182,0.218218,0.057692,0.356961,0.546764,-0.662135,-0.680182,0.578166,-0.111772,-0.204124,0.13921,-0.25,0.644407,-0.098906,-0.5,-0.383455,0.205505,-0.680182,-0.111772,0.644407,0.454972,-0.508928,0.07321,0.594737,-0.188165,-0.256173,0.343341,-0.558226,0.578166,0.0,-0.499604,0.644407,-0.116524,0.996771,0.089828,0.337749,-0.407479,-0.166667,-0.724038,-0.662135,-0.662135,0.0,#
2,-0.332599,-0.498898,1.0,0.241209,0.25988,-0.160832,-0.167534,-0.002677,0.030957,-0.332599,0.045855,0.016876,-0.367683,-0.38917,-0.214225,0.19211,4.9e-05,-0.566457,-0.206226,0.229286,-0.498768,-0.38917,0.237955,-0.02628,-0.38959,-0.240605,0.248137,-0.006239,0.254864,-0.006625,0.166793,0.636075,-0.498778,-0.416563,-0.400057,0.387493,0.818721,0.079595,0.205116,0.183899,-0.168309,0.109678,-0.000318,0.485605,-0.02594,-0.205144,-0.044123,0.597857,0.003513,0.21592,-0.283383,0.576575,0.547179,-0.088696,-0.657174,0.391022,-0.522972,-0.310017,0.03322,-0.310017,0.42019,-0.636628,0.526723,0.387538,0.088788,0.018009,0.311141,0.128852,0.483487,0.355358,0.361357,0.082526,-0.016093,0.343196,0.217519,0.063902,0.25225,-0.00489,0.009855,0.18634,0.016068,-0.027923,0.200501,0.466473,0.405263,0.038456,-0.224172,-0.00489,0.038059,-0.026281,-0.01071,0.343196,0.224166,0.343196,0.224166,0.25225,0.237654,-0.24852,0.224166,-0.002104,0.371026,0.227897,0.029351,-0.204059,0.434933,-0.231784,0.343196,0.189642,0.209633,0.022996,0.52383,0.0,0.224166,0.386649,0.456915,-0.014846,0.169825,0.016068,-0.424318,0.343196,-0.00489,-0.262841,0.343196,-0.231784,-0.033594,-0.268615,-0.498644,-0.18582,-0.280218,0.016068,0.410998,-0.039384,-0.027923,-0.211363,-0.00489,0.217519,0.0,0.410998,-0.18549,0.519072,0.209215,-0.039384,0.008899,-0.2827,-0.194888,0.197926,-0.498898,-0.246063,0.016068,-0.220694,-0.112194,-0.00489,-0.002104,-0.026281,-0.029582,-0.408613,-0.436424,0.269064,0.343196,-0.231784,0.38284,-0.002298,-0.355335,0.354556,0.343196,-0.324515,0.025941,-0.167539,-0.187338,-0.498898,-0.316945,-0.232622,0.209215,0.016068,0.210485,0.343196,0.39517,-0.316945,-0.109129,0.471597,0.122533,-0.396681,0.340118,0.216768,-0.473882,-0.022114,-0.324515,-0.177028,0.171679,-0.316945,0.419123,-0.493973,-0.026467,0.015114,0.209016,-0.332599,0.409636,0.354556,0.354556,0.0,#
3,-0.507615,-0.227091,0.241209,1.0,-0.472233,-0.203984,-0.621534,-0.362054,-0.325402,-0.507615,0.123565,-0.343734,-0.518828,-0.310921,-0.530533,-0.239989,-5.4e-05,-0.197167,-0.125467,0.03813,0.307161,-0.310921,-0.412141,0.501722,0.356506,0.169809,-0.364586,0.307161,0.068973,-0.216562,0.614338,-0.428474,-0.76124,0.078131,-0.039521,-0.361638,0.357864,0.879814,0.40201,-0.070415,0.23937,-0.221785,-0.347557,-0.206349,-0.237934,0.390126,-0.325658,-0.221785,0.760382,-0.238964,-0.231683,0.718968,-0.1603,0.10115,0.03365,-0.425647,-0.818853,0.475746,-0.634206,0.475746,-0.175631,-0.072285,-0.134524,-0.005691,-0.145584,-0.510611,0.204827,0.662658,0.198462,-0.313442,0.480972,0.167729,0.307241,0.44944,0.666933,-0.476055,0.509717,0.736064,0.807118,-0.024721,0.179377,0.75214,0.452445,0.307084,0.543293,-0.342559,-0.024721,0.736064,0.348924,0.501722,0.29495,0.44944,0.995759,0.44944,0.995759,0.509717,0.03207,-0.189071,0.995759,0.348924,0.498581,0.024593,0.186846,-0.269716,0.352683,0.402272,0.44944,0.402272,0.509717,0.556257,-0.163315,0.0,0.995759,0.299247,0.351556,0.501459,0.614149,0.179377,-0.102336,0.44944,0.736064,0.575824,0.44944,0.402272,0.133255,-0.202504,-0.242234,-0.086628,-0.414844,0.179377,0.806114,0.299247,0.75214,0.543623,0.736064,0.666933,0.0,0.806114,-0.307931,0.736064,0.667915,0.299247,0.352683,-0.18751,0.167044,0.375754,0.307241,-0.301614,0.179377,0.17214,0.660521,0.736064,0.348924,0.501722,0.121622,-0.153395,-0.388256,-0.484062,0.44944,0.402272,-0.189071,0.307084,-0.286245,0.073975,0.44944,-0.302685,-0.099958,0.076349,0.002479,0.307241,-0.571463,0.081915,0.667915,0.179377,-0.611394,0.44944,0.352683,-0.571463,-0.594112,-0.41697,-0.35491,-0.376048,-0.530758,-0.447025,-0.786685,-0.019503,-0.302685,0.667915,0.613994,-0.571463,-0.091837,-0.254419,-0.418691,-0.254419,-0.292379,0.204827,-0.170008,0.073975,0.073975,0.0,#
4,0.509175,0.218218,0.25988,-0.472233,1.0,0.218078,0.6441,-0.101973,0.347443,0.509175,0.34699,0.343246,0.534166,0.074525,0.52381,0.2178,0.0,0.211505,0.11048,-0.039835,-0.327242,0.074525,0.419373,-0.534522,-0.359095,-0.654235,0.43006,-0.327242,0.419687,0.207471,-0.654501,0.37263,0.207471,-0.102037,-0.456373,0.34699,0.118476,-0.302017,-0.428292,0.05404,-0.196921,0.266983,0.273749,0.197053,-0.327242,-0.962874,0.557859,0.266983,-0.228615,0.0,0.216682,-0.172471,0.763763,-0.721598,-0.546081,0.341391,-0.026861,-0.505592,0.675669,-0.505592,0.216533,0.035166,0.183129,0.010728,0.078945,0.525529,-0.218218,-0.525368,0.100417,0.212414,-0.449389,-0.177785,-0.327327,-0.493366,-0.223172,0.525185,-0.035772,-0.770456,-0.356348,-0.507515,-0.202087,-0.801312,-0.503559,-0.32716,0.173441,0.356106,-0.507515,-0.770456,0.106323,-0.534523,-0.334528,-0.493366,-0.527412,-0.493366,-0.527412,-0.035772,-0.043657,0.159467,-0.527412,-0.360461,0.226564,-0.035772,-0.209961,-0.203007,0.097563,-0.428571,-0.493366,-0.428571,-0.531076,-0.089087,0.164749,0.0,-0.527412,-0.338903,-0.388469,-0.534242,-0.6543,-0.202087,-0.40343,-0.493366,-0.770456,-0.613469,-0.493366,-0.428571,-0.738019,0.173441,-0.32716,0.132309,0.263177,-0.202087,-0.360461,-0.801043,-0.801312,-0.596366,-0.770456,-0.223172,0.0,-0.360461,-0.202047,-0.202087,-0.218218,-0.801043,-0.364577,-0.610887,-0.197812,-0.399122,-0.327327,0.302055,-0.202087,-0.654135,-0.690066,-0.770456,-0.360461,-0.534523,-0.742698,-0.338903,0.384227,0.999228,-0.493366,-0.428571,0.159467,-0.32716,0.300295,-0.341522,-0.493366,0.374246,0.097563,-0.178174,-0.020252,-0.327327,0.523012,-0.052416,-0.218218,-0.202087,0.573373,-0.493366,-0.364577,0.523012,0.6637,0.405262,0.865592,-0.100942,0.488409,-0.055901,0.217634,-0.590334,0.374246,-0.218218,-0.654135,0.523012,0.088996,0.208525,-0.078409,0.208525,0.355677,-0.218218,0.231434,-0.341522,-0.341522,0.0,#
5,-0.33312,0.0,-0.160832,-0.203984,0.218078,1.0,0.61913,0.404311,0.832575,-0.33312,-0.039687,0.021765,0.440985,0.238382,0.218078,-0.598468,0.0,0.603137,-0.296598,0.664054,0.479976,0.238382,0.209014,-0.407987,0.413703,-0.183126,0.265472,-0.010195,-0.225102,-0.49956,-0.618391,-0.230851,0.03017,-0.420405,-0.356834,-0.411389,-0.380614,-0.447483,-0.23408,-0.654064,0.225457,0.596187,-0.028825,-0.019201,0.030585,-0.177153,0.530213,0.111154,0.125637,0.017878,0.332893,-0.073206,0.49968,0.067817,-0.231205,-0.348427,-0.10825,-0.328659,0.459727,-0.328659,-0.346083,-0.228178,-0.280954,0.377311,0.084058,0.430133,-0.33312,-0.523725,-0.444107,-0.2519,0.358497,0.450967,-0.49968,0.346192,-0.224851,0.433081,0.197092,0.001157,-0.016319,-0.198935,0.521743,-0.431816,-0.231368,-0.499426,-0.316944,0.832194,0.225926,0.001157,0.399513,-0.424307,-0.004275,0.346192,-0.246112,0.346192,-0.246112,0.197092,0.242921,0.385907,-0.246112,0.012826,-0.371402,0.240442,0.503449,0.234606,0.0,-0.235525,0.346192,-0.654235,-0.213222,-0.01632,0.358262,0.0,-0.246112,-0.415763,0.459986,-0.413683,-0.619733,0.521743,-0.373378,0.346192,0.001157,-0.224758,0.346192,-0.235525,0.010029,0.408386,0.034817,0.447858,0.457998,0.521743,-0.431816,-0.398831,-0.431816,-0.651851,0.001157,-0.209056,0.0,-0.415665,-0.141667,-0.019667,-0.215862,-0.38284,0.000941,-0.225403,0.19326,0.492634,-0.019987,0.129447,0.521743,-0.194204,0.116068,0.001157,0.028978,-0.407987,0.0155,0.424228,0.436189,0.228045,0.346192,-0.218078,-0.241384,-0.014269,0.484283,0.370557,0.346192,0.458082,0.440219,-0.006528,-0.216764,-0.019987,-0.314541,0.062695,-0.215862,0.521743,-0.160191,0.346192,0.016932,-0.314541,0.638796,-0.095653,0.412905,0.030114,0.338084,-0.202112,0.037253,0.015449,0.458082,0.183882,-0.620519,-0.314541,0.42434,0.034247,-0.369028,-0.492633,0.171678,-0.33312,-0.285353,0.370557,0.370557,0.0,#
6,0.32796,0.49194,-0.167534,-0.621534,0.6441,0.61913,1.0,0.394785,0.81981,0.32796,-0.014474,0.044962,0.83258,0.26493,0.6441,-0.205902,-4.8e-05,0.606394,0.185342,0.236095,0.006152,0.26493,0.229004,-0.411385,0.014727,-0.570285,0.662018,-0.014084,0.194119,-0.013688,-0.999515,0.184375,0.512042,-0.423078,-0.464901,-0.014474,-0.387448,-0.580726,-0.237503,-0.21572,0.215827,0.455858,-0.024767,-0.023019,0.026387,-0.516997,0.550609,0.455858,-0.216819,0.230647,0.358217,-0.455346,0.49194,-0.422845,-0.22512,0.027359,0.256862,-0.29834,0.885603,-0.29834,-0.342486,0.205122,-0.282162,0.36484,0.101723,0.819284,-0.333249,-0.737895,0.059463,-0.248779,-0.300445,-0.042589,-0.499874,-0.300403,-0.607307,0.79661,-0.224719,-0.48313,-0.414624,-0.614323,0.033525,-0.822977,-0.649943,-0.499619,-0.388843,0.819436,-0.19267,-0.48313,0.002074,-0.816291,-0.398665,-0.300403,-0.668165,-0.300403,-0.668165,-0.224719,0.228982,0.309141,-0.668165,-0.381692,-0.340504,-0.181696,0.018915,0.224906,-0.009709,-0.654489,-0.300403,-0.654489,-0.631934,-0.411385,0.346281,0.0,-0.668165,-0.803215,-0.159306,-0.417034,-0.999208,0.033525,-0.41188,-0.300403,-0.48313,-0.485422,-0.300403,-0.654489,-0.483662,0.331009,0.030589,0.264803,0.455735,0.033525,-0.822977,-0.786411,-0.822977,-0.718558,-0.48313,-0.215407,0.0,-0.422238,0.231036,-0.503796,-0.603023,-0.389658,-0.389658,-0.40445,-0.192354,-0.158134,-0.499874,0.624512,0.033525,-0.572473,-0.364962,-0.48313,0.019047,-0.411385,-0.46535,0.030433,0.767798,0.643603,-0.300403,-0.221626,0.309141,-0.018127,0.815406,-0.110806,-0.300403,0.834403,0.427186,-0.242944,-0.281296,-0.499874,0.357376,-0.127133,-0.603023,0.033525,0.272307,-0.300403,0.007095,0.357376,0.99675,0.077645,0.469565,0.416316,0.332545,-0.222303,0.519163,-0.462005,0.834403,-0.206297,-0.998956,0.357376,0.411428,0.519764,0.038159,-0.003137,0.289649,-0.333249,-0.32139,-0.110806,-0.110806,0.0,#
7,-0.271931,0.087123,-0.002677,-0.362054,-0.101973,0.404311,0.394785,1.0,0.566964,-0.271931,-0.199013,-0.589691,0.246225,0.426126,0.330116,0.042055,2.4e-05,0.001632,-0.181277,0.086619,0.097201,0.426126,0.148922,0.174607,-0.163753,0.040209,0.512087,0.622391,0.11404,-0.407798,-0.374948,0.120907,0.116991,-0.665935,-0.092652,0.200547,-0.147809,-0.566307,0.365724,-0.533922,-0.017358,0.470178,-0.054217,0.622692,0.1174,0.265802,-0.100798,0.470178,-0.476425,0.70842,0.353906,-0.036033,0.087123,0.489273,-0.357158,0.282968,0.301249,-0.301476,0.223048,-0.301476,-0.334014,-0.061198,-0.216643,0.652578,-0.091154,0.238075,-0.271931,-0.094456,0.137977,-0.166773,0.270969,0.3754,-0.407896,0.337196,-0.368003,0.690735,0.114555,-0.048593,-0.594955,0.145977,-0.089852,-0.14109,0.114555,0.141927,-0.329956,0.57424,0.566875,-0.048593,-0.174974,-0.666091,-0.174974,0.337196,-0.32744,0.337196,-0.32744,0.114555,0.566875,0.369817,-0.32744,-0.558054,-0.346009,-0.327886,0.451892,0.406527,0.270055,-0.534061,0.337196,-0.534061,-0.291931,-0.666091,0.148719,0.0,-0.32744,-0.125988,0.427787,0.187629,-0.368003,-0.089852,-0.547712,0.337196,-0.048593,-0.313846,0.337196,-0.534061,0.417539,-0.357593,0.121571,0.344088,-0.21731,-0.089852,-0.541112,-0.109215,-0.14109,-0.301702,-0.048593,0.023196,0.0,-0.14109,0.521177,-0.069223,-0.815792,0.286828,-0.109215,0.357175,-0.009941,0.438086,-0.407896,-0.053408,-0.089852,0.052669,0.045539,-0.048593,-0.158032,-0.26191,0.451892,0.253281,0.295806,-0.081813,0.337196,-0.101973,0.369817,0.622558,0.207477,0.645526,0.337196,0.193666,0.253281,0.181073,-0.019637,-0.407896,-0.192337,0.079792,-0.815792,-0.089852,-0.007092,0.337196,0.286828,-0.192337,0.418008,0.062797,-0.191032,0.207785,0.442862,0.145338,0.165881,0.410503,0.193666,-0.419776,-0.363711,-0.192337,0.68987,0.166768,-0.186733,-0.355198,-0.039343,-0.271931,-0.329215,0.645526,0.645526,0.0,#
8,-0.272099,0.096986,0.030957,-0.325402,0.347443,0.832575,0.81981,0.566964,1.0,-0.272099,-0.257747,-0.060141,0.683205,0.184931,0.347443,-0.4114,-4.9e-05,0.418755,-0.174539,0.548978,0.107267,0.184931,0.103829,-0.254063,0.262403,-0.378972,0.56391,0.086654,0.068197,-0.40805,-0.816106,0.061238,0.127461,-0.666346,-0.538826,-0.257747,-0.147424,-0.566857,-0.109733,-0.534252,0.421713,0.490899,-0.123024,0.077486,0.127879,-0.229433,0.388675,0.490899,0.008467,0.234939,0.298005,-0.066527,0.60212,-0.033698,-0.33981,-0.185018,-0.06168,-0.370768,0.693541,-0.370768,-0.37392,-0.087538,-0.202629,0.616644,0.18585,0.672328,-0.272099,-0.627184,0.073852,-0.284462,0.297982,0.353633,-0.408148,0.29794,-0.416663,0.674905,0.079391,-0.088647,-0.174875,-0.317525,0.437621,-0.590971,-0.353745,-0.40794,-0.384328,0.999547,0.111973,-0.088647,0.249431,-0.666503,-0.158764,0.29794,-0.37217,0.29794,-0.37217,0.079391,0.541471,0.330435,-0.37217,-0.141476,-0.416766,0.123215,0.422592,0.430985,0.237346,-0.534392,0.29794,-0.534392,-0.335401,-0.254063,0.588924,0.0,-0.37217,-0.570924,0.390249,-0.259904,-0.815856,0.437621,-0.539176,0.29794,-0.088647,-0.305112,0.29794,-0.534392,-0.08914,0.348919,0.132133,0.370932,0.433754,0.437621,-0.590971,-0.553808,-0.590971,-0.79212,-0.088647,-0.017471,0.0,-0.182776,0.061156,-0.109698,-0.412189,-0.149673,-0.149673,-0.312789,0.006011,0.412375,-0.408148,0.320529,0.437621,-0.381231,0.005809,-0.088647,0.26672,-0.254063,-0.070683,0.278235,0.671847,0.35742,0.29794,-0.093474,0.330435,0.082511,0.646866,0.397954,0.29794,0.629413,0.68237,-0.164976,-0.530306,-0.408148,-0.239029,-0.103804,-0.412189,0.437621,-0.028117,0.29794,0.254462,-0.239029,0.844032,0.014144,0.247005,0.197077,0.414772,-0.327236,0.142314,-0.114874,0.629413,-0.008082,-0.81565,-0.239029,0.666295,0.143278,-0.206856,-0.389353,0.39436,-0.272099,-0.343854,0.397954,0.397954,0.0,#
9,1.0,0.666667,-0.332599,-0.507615,0.509175,-0.33312,0.32796,-0.271931,-0.272099,1.0,0.40089,0.174772,0.271984,0.140108,0.509175,0.332695,0.0,0.328168,0.599395,-0.508925,-0.166623,0.140108,0.213534,-0.272166,-0.408145,-0.33312,0.182173,-0.166623,0.213694,0.650171,-0.333256,0.208803,0.650171,0.388339,0.107685,0.40089,-0.407868,-0.040706,-0.218075,0.518869,-0.33303,-0.043816,0.161337,-0.166513,-0.166623,-0.490271,0.284048,-0.043816,-0.378316,0.0,0.110329,-0.655423,-0.166667,-0.654966,0.182298,0.351204,0.533393,0.110329,0.344033,0.110329,0.041345,0.489105,-0.139867,-0.404209,-0.135665,0.267586,-0.111111,-0.205294,-0.021913,0.051231,-0.996463,-0.654966,-0.166667,-0.996323,-0.333153,0.225233,-0.508596,-0.665619,-0.408248,-0.508492,-0.665619,-0.408008,-0.508596,-0.166582,-0.019385,-0.271981,-0.508492,-0.665619,-0.408008,-0.272166,-0.408008,-0.996323,-0.508822,-0.996323,-0.508822,-0.508596,-0.508492,-0.025641,-0.508822,-0.408008,0.115361,-0.508596,-0.665376,-0.333069,-0.407871,-0.218218,-0.996323,-0.218218,-0.508596,-0.272166,-0.389665,0.0,-0.508822,-0.407871,-0.911507,-0.272023,-0.333153,-0.665619,0.197361,-0.996323,-0.665619,-0.312363,-0.996323,-0.218218,-0.665701,-0.019385,-0.166582,-0.166956,0.050252,-0.665619,-0.408008,-0.407871,-0.408008,0.0993,-0.665619,-0.333153,0.0,-0.408008,0.287347,-0.665619,-0.333333,-0.407871,-0.407871,-0.163632,-0.333153,-0.946038,-0.166667,0.520659,-0.665619,-0.333069,-0.622873,-0.665619,-0.408008,-0.272166,-0.665376,-0.407871,0.181862,0.491879,-0.996323,-0.218218,-0.025641,-0.166582,0.303075,-0.842718,-0.996323,0.36379,-0.407871,-0.136083,0.402163,-0.166667,0.994874,-0.042388,-0.333333,-0.665619,0.503976,-0.996323,-0.407871,0.994874,0.28254,0.107143,0.381578,0.374464,-0.125443,0.166288,0.637633,-0.586853,0.36379,-0.333333,-0.333069,0.994874,-0.407832,0.637055,0.405379,0.637055,-0.163854,-0.111111,0.027194,-0.842718,-0.842718,0.0,#
10,0.40089,0.096859,0.045855,0.123565,0.34699,-0.039687,-0.014474,-0.199013,-0.257747,0.40089,1.0,-0.141449,-0.17453,0.188931,-0.093353,0.058971,-4.9e-05,0.37016,-0.033397,-0.391406,0.066779,0.188931,0.543202,-0.22078,-0.196215,0.008066,0.094642,0.148298,0.140832,0.086947,0.018419,0.04315,0.086947,0.133505,0.199549,0.217539,-0.13088,0.357972,-0.040485,-0.087379,-0.391767,0.347434,0.334784,0.158026,-0.40751,-0.340093,0.172104,-0.142254,-0.11134,0.270732,0.301891,-0.156687,0.096859,-0.555095,-0.423641,0.17086,-0.200695,0.301891,-0.069027,0.301891,0.232269,-0.1196,0.069642,-0.093117,-0.032486,-0.180053,-0.271744,0.028923,-0.229756,0.236948,-0.372662,-0.052222,-0.407616,-0.396838,0.422498,0.263445,0.098626,-0.087363,-0.191123,-0.341334,-0.654992,-0.140332,-0.333946,0.152706,0.232674,-0.26532,-0.341334,-0.087363,-0.198844,-0.270208,-0.606507,-0.396838,0.109862,-0.396838,0.109862,0.098626,-0.324176,0.215139,0.109862,-0.198844,0.31437,-0.396032,-0.09841,-0.814587,-0.132383,-0.110966,-0.396838,-0.533695,0.098626,0.141694,-0.535277,0.0,0.109862,-0.148528,-0.275381,-0.201333,0.023826,-0.654992,-0.231248,-0.396838,-0.087363,-0.504615,-0.396838,-0.110966,-0.595299,-0.527781,-0.407408,0.184267,-0.534184,-0.654992,0.267331,-0.148528,-0.140332,0.065131,-0.087363,0.039773,0.0,-0.124026,0.014689,-0.087363,-0.024215,-0.535992,0.25508,-0.499788,-0.432067,-0.274389,0.07668,0.074108,-0.654992,0.014184,0.006961,-0.087363,-0.590201,-0.665634,-0.591043,-0.610066,-0.26983,0.326257,-0.396838,-0.533695,-0.418171,0.152706,0.107505,-0.321643,-0.396838,0.168212,-0.593921,0.260322,0.801644,0.07668,0.401877,0.331991,-0.024215,-0.654992,-0.086137,-0.396838,-0.132383,0.401877,-0.001208,0.277894,0.52925,-0.271494,-0.26363,0.083471,0.090661,-0.402401,0.168212,-0.024215,0.027149,0.401877,-0.14061,0.077929,-0.25009,0.077929,-0.32556,-0.271744,0.277226,-0.321643,-0.321643,0.0,#
11,0.174772,-0.36803,0.016876,-0.343734,0.343246,0.021765,0.044962,-0.589691,-0.060141,0.174772,-0.141449,1.0,0.129168,-0.281307,-0.206828,-0.058772,0.000122,0.024779,-0.124277,0.23577,-0.405479,-0.281307,0.19046,-0.642155,0.111193,0.000806,-0.287384,-0.997959,-0.357095,0.262096,-0.055251,0.25472,0.287791,0.365672,0.075777,-0.141449,0.09004,-0.309474,-0.778396,0.321754,0.036396,-0.225723,0.367715,-0.391906,0.287806,-0.451111,0.315296,-0.225723,-0.035211,-0.518567,-0.23495,-0.326739,0.262159,-0.299597,0.191164,-0.127483,0.147696,-0.23495,0.26909,-0.23495,0.619069,-0.255363,0.574339,-0.416707,0.435679,0.152237,0.174772,-0.57188,-0.353957,0.570296,-0.140663,-0.129503,0.211744,-0.187009,-0.043123,-0.39179,-0.355752,-0.277796,0.065862,0.190881,0.37876,-0.467792,-0.377367,-0.410314,-0.254886,-0.050538,-0.344947,-0.277796,0.091785,0.366358,0.071415,-0.187009,-0.38735,-0.187009,-0.38735,-0.355752,-0.302081,-0.207865,-0.38735,0.602235,-0.278091,0.75804,-0.268167,0.032889,-0.436803,0.29924,-0.187009,0.29924,0.185886,0.366358,0.337894,0.0,-0.38735,0.047216,-0.233531,-0.635855,-0.063044,0.37876,0.599679,-0.187009,-0.277796,-0.14173,-0.187009,0.29924,-0.243058,0.659889,0.263465,-0.154697,0.688587,0.37876,0.041459,0.06857,-0.467792,-0.414774,-0.277796,-0.521221,0.0,-0.447422,-0.471297,-0.304058,0.463819,-0.415449,0.088737,-0.196116,-0.013827,-0.254371,0.211743,0.083741,0.37876,-0.015749,-0.324651,-0.277796,0.113353,-0.127608,-0.268167,0.098227,-0.034757,0.342981,-0.187009,-0.228831,-0.174901,-0.99771,-0.079041,-0.228207,-0.187009,-0.0862,0.118395,-0.197586,-0.283673,0.211743,0.158678,-0.141327,0.463819,0.37876,0.32621,-0.187009,-0.395282,0.158678,0.021869,0.405842,0.397004,-0.094615,0.149386,0.199299,0.268051,-0.098717,-0.0862,-0.020166,-0.067829,0.158678,-0.365397,-0.410657,0.414412,0.227257,0.543382,0.141162,0.621467,-0.228207,-0.228207,0.0,#
12,0.271984,0.407976,-0.367683,-0.518828,0.534166,0.440985,0.83258,0.246225,0.683205,0.271984,-0.17453,0.129168,1.0,0.329033,0.534166,-0.031924,0.0,0.427808,0.064102,-0.056195,-0.091563,0.329033,-0.062866,-0.183211,0.172453,-0.390755,0.382422,-0.112372,0.308201,-0.111967,-0.835067,-0.107825,0.428672,-0.191413,-0.298283,-0.17453,-0.241336,-0.481609,-0.372355,-0.350004,0.420754,0.086629,0.069314,-0.121496,-0.070753,-0.48083,0.279635,0.086629,-0.103292,0.018247,0.407267,-0.362559,0.407976,-0.331602,-0.091952,-0.140678,0.215938,-0.26791,0.679731,-0.26791,-0.27933,0.514891,-0.192586,0.13772,0.20202,0.602744,-0.407976,-0.660143,0.151263,-0.225735,-0.24392,0.059438,-0.122393,-0.256393,-0.433359,0.579834,-0.110093,-0.406155,-0.266489,-0.514211,0.125152,-0.690395,-0.547376,-0.611653,-0.335334,0.68289,-0.0806,-0.406155,0.158054,-0.5996,-0.25405,-0.256393,-0.562562,-0.256393,-0.562562,-0.110093,0.35301,0.378163,-0.562562,-0.236596,-0.308454,-0.06585,0.10663,0.417962,0.142082,-0.373916,-0.256393,-0.373916,-0.528856,-0.183211,0.127179,0.0,-0.562562,-0.673928,-0.339927,-0.194937,-0.836374,0.125152,-0.260289,-0.256393,-0.406155,-0.237032,-0.256393,-0.373916,-0.397149,0.404933,0.408933,0.35491,0.498182,0.125152,-0.690395,-0.656647,-0.690395,-0.604507,-0.406155,-0.030345,0.0,-0.278291,0.031262,-0.427407,-0.424295,-0.248643,-0.248643,-0.330182,-0.006638,-0.076163,-0.122393,0.450737,0.125152,-0.402031,-0.262718,-0.406155,0.175508,-0.183211,-0.391368,0.183362,0.96926,0.533754,-0.256393,0.071222,0.378163,-0.116505,0.679727,-0.137525,-0.256393,0.690142,0.591367,-0.08994,-0.416493,-0.122393,0.287809,0.038046,-0.424295,0.125152,0.144925,-0.256393,-0.232322,0.287809,0.824855,-0.032055,0.316056,0.259893,0.26828,-0.526962,0.428229,-0.343367,0.690142,-0.016319,-0.837124,0.287809,0.1835,0.424807,-0.128549,-0.112924,0.480254,0.244786,-0.274588,-0.137525,-0.137525,0.0,#
13,0.140108,0.210163,-0.38917,-0.310921,0.074525,0.238382,0.26493,0.426126,0.184931,0.140108,0.188931,-0.281307,0.329033,1.0,0.275168,0.425814,0.000158,0.238784,0.241698,-0.292315,0.177949,1.0,0.477803,0.343194,-0.363254,-0.182724,0.480533,0.277107,-0.235325,-0.626732,-0.255424,-0.212575,0.243586,0.261916,-0.134672,0.374469,-0.318039,-0.25745,0.305754,-0.478862,-0.407666,-0.151939,0.633421,0.278108,-0.560377,0.067681,-0.369127,-0.151939,-0.130729,0.117492,0.961686,-0.249663,-0.019703,0.200179,-0.151507,0.400084,0.297495,-0.12521,-0.162682,-0.12521,-0.151517,0.229944,-0.16638,-0.26518,0.365603,-0.309727,-0.954489,-0.160324,-0.212416,-0.044412,-0.108199,-0.185071,0.144487,-0.105198,-0.407275,0.407072,-0.256399,-0.188925,-0.42363,-0.0519,-0.257348,-0.172329,-0.087454,0.24569,-0.176714,0.188322,0.646124,-0.188925,-0.387739,-0.407543,-0.228523,-0.105198,-0.292401,-0.105198,-0.292401,-0.256399,-0.191505,0.951795,-0.292401,-0.386178,-0.176939,-0.31437,0.620214,-0.219651,0.333502,-0.498741,-0.105198,-0.498741,-0.254742,0.075074,-0.377156,0.0,-0.292401,-0.165669,-0.137887,-0.287709,-0.25157,-0.257348,-0.21395,-0.105198,-0.188925,-0.079128,-0.105198,-0.498741,0.048511,-0.222547,0.211931,-0.102839,-0.13267,-0.257348,-0.358081,-0.137851,-0.172329,-0.111604,-0.188925,-0.381325,0.0,-0.331545,-0.098133,-0.223137,-0.499136,-0.111579,-0.295484,0.164511,-0.280574,0.077872,0.144487,-0.311255,-0.257348,-0.190988,-0.220901,-0.188925,-0.359642,-0.380731,0.043008,0.463317,0.33747,0.07913,-0.105198,-0.470078,-0.07881,0.277573,0.177851,0.098041,-0.105198,0.188066,0.305685,-0.187684,0.306152,0.144487,0.17998,-0.204522,-0.499136,-0.257348,-0.330862,-0.105198,-0.269212,0.17998,0.26426,-0.226582,0.13253,-0.302062,0.165986,-0.036127,0.265437,0.322626,0.188066,-0.472866,-0.249186,0.17998,-0.235706,0.241946,-0.22618,0.207321,0.252493,0.096325,-0.133412,0.098041,0.098041,0.0,#
14,0.509175,0.763763,-0.214225,-0.530533,0.52381,0.218078,0.6441,0.330116,0.347443,0.509175,-0.093353,-0.206828,0.534166,0.275168,1.0,0.2178,0.0,0.211505,0.491447,-0.039835,0.229292,0.275168,-0.052894,-0.089087,-0.359095,-0.654235,0.41199,0.20703,0.419687,0.207471,-0.654501,-0.039323,0.207471,-0.102037,-0.456373,0.34699,-0.341281,-0.346431,0.029963,0.05404,-0.232085,0.222854,-0.200462,0.197053,-0.327242,-0.45941,0.436586,0.222854,-0.247666,0.0,0.216682,-0.172471,0.218218,-0.177785,-0.057863,0.341391,0.376048,-0.505592,0.514795,-0.505592,-0.514265,0.534891,-0.560834,0.010728,-0.463803,0.525529,-0.218218,-0.097743,0.100417,-0.458369,-0.507374,-0.30328,-0.327327,-0.493366,-0.6543,0.525185,-0.035772,-0.770456,-0.356348,-0.507515,-0.202087,-0.360461,-0.035772,-0.32716,0.173441,0.356106,-0.043657,-0.770456,0.106323,-0.534523,0.106323,-0.493366,-0.527412,-0.493366,-0.527412,-0.035772,-0.043657,0.159467,-0.527412,-0.801312,0.226564,-0.503559,-0.209961,0.223058,0.097563,-0.428571,-0.493366,-0.428571,-0.998864,-0.534523,-0.04783,0.0,-0.527412,-0.338903,-0.388469,-0.095493,-0.6543,-0.202087,-0.40343,-0.493366,-0.770456,-0.116851,-0.493366,-0.428571,-0.212427,0.173441,-0.32716,0.074783,0.263177,-0.202087,-0.801312,-0.801043,-0.360461,-0.115882,-0.770456,-0.223172,0.0,-0.360461,0.215982,-0.202087,-0.654654,-0.364577,-0.801043,0.083961,0.233316,-0.399122,-0.327327,0.302055,-0.202087,-0.654135,-0.690066,-0.770456,-0.360461,-0.089087,-0.209961,0.097563,0.573635,0.534471,-0.493366,0.047619,0.159467,0.202528,0.300295,-0.341522,-0.493366,0.345894,0.097563,-0.178174,-0.020252,-0.327327,0.523012,-0.114082,-0.654654,-0.202087,0.573373,-0.493366,-0.364577,0.523012,0.6365,-0.257185,0.371798,0.360506,0.488409,-0.055901,0.217634,-0.309223,0.345894,-0.218218,-0.654135,0.523012,0.088996,0.783767,-0.078409,0.208525,-0.124204,-0.218218,-0.525177,-0.341522,-0.341522,0.0,#
15,0.332695,0.0,0.19211,-0.239989,0.2178,-0.598468,-0.205902,0.042055,-0.4114,0.332695,0.058971,-0.058772,-0.031924,0.425814,0.2178,1.0,0.0,-0.601759,0.278098,-0.663206,-0.498913,0.425814,0.245382,0.407467,-0.833512,-0.18353,0.197032,0.050909,0.245566,-0.009783,0.206883,0.264129,-0.009783,0.37051,-0.033941,0.833006,0.412479,-0.060943,0.252483,0.19491,-0.611174,-0.51469,0.54066,0.540003,-0.498913,-0.157738,-0.536193,-0.030276,-0.363186,0.053564,0.336697,0.0785,0.0,0.068496,-0.250759,0.817057,0.24571,-0.324011,-0.294321,-0.324011,0.373373,0.212988,0.340274,-0.40627,0.139016,-0.412751,-0.332695,0.23694,0.334361,0.366118,-0.304997,-0.409064,0.459119,-0.302914,-0.167959,0.041525,-0.169655,-0.488727,-0.440064,0.226636,-0.530321,0.013759,0.241142,0.52045,0.332019,-0.395556,0.226636,-0.488727,-0.407543,-0.032597,-0.020401,-0.302914,-0.201108,-0.302914,-0.201108,-0.169655,-0.18071,0.310174,-0.201108,-0.447396,0.351797,-0.24819,0.016627,-0.210464,0.424627,-0.235224,-0.302914,0.182952,-0.211943,-0.032597,-0.332526,0.0,-0.201108,0.424627,-0.40811,0.029747,0.210645,-0.530321,-0.068984,-0.302914,-0.488727,-0.063066,-0.302914,-0.235224,0.030049,-0.420247,-0.033633,-0.368354,-0.349078,-0.530321,0.013759,0.001879,0.013759,0.195978,-0.488727,-0.167959,0.0,0.013759,-0.123641,0.031195,-0.231556,0.001879,-0.381412,0.278083,-0.201365,-0.306685,-0.019962,-0.468963,-0.530321,-0.17745,-0.591075,-0.488727,-0.447396,-0.032597,0.016627,-0.031941,-0.066335,0.227754,-0.302914,-0.235224,0.310174,0.055294,-0.466006,-0.100934,-0.302914,-0.412889,-0.031941,-0.130389,0.236601,-0.019962,0.364691,-0.211536,-0.231556,-0.530321,0.28071,-0.302914,-0.381412,0.364691,-0.197068,0.166823,0.028696,-0.406813,0.339235,0.248146,0.018929,0.245149,-0.412889,-0.614821,0.212943,0.364691,-0.350297,0.002631,0.039725,0.507791,0.253057,0.30608,0.328959,-0.100934,-0.100934,0.0,#
16,0.0,0.0,4.9e-05,-5.4e-05,0.0,0.0,-4.8e-05,2.4e-05,-4.9e-05,0.0,-4.9e-05,0.000122,0.0,0.000158,0.0,0.0,0.0,-4.6e-05,5.3e-05,-5e-05,1.5e-05,0.000158,-5.2e-05,0.0,-9.4e-05,0.0,-5e-05,1.5e-05,-5.2e-05,-5.9e-05,-4.6e-05,-0.000104,-1.5e-05,2.4e-05,-0.000103,-4.9e-05,-4.9e-05,-0.000123,-4.9e-05,5.3e-05,4.9e-05,0.000122,6e-05,2.9e-05,1.5e-05,0.000116,0.000112,0.000122,0.0,0.0,0.0,-5.8e-05,2.9e-05,0.0,-5e-05,-0.000385,-0.000371,0.0,0.000445,0.0,0.0,-2.6e-05,-0.000158,9.9e-05,-6.8e-05,-4.9e-05,-2.1e-05,-0.000338,0.0,-0.000618,0.0,0.0,0.0,-0.000116,-7e-05,-4.6e-05,-7.6e-05,4.4e-05,-3.6e-05,-3.8e-05,4.4e-05,3.6e-05,-7.6e-05,0.0,0.000234,0.0,-3.8e-05,4.4e-05,3.6e-05,-3.6e-05,3.6e-05,-0.000116,0.0,-0.000116,0.0,-7.6e-05,-3.8e-05,0.000116,0.0,3.6e-05,-8e-05,-7.6e-05,8.7e-05,3.5e-05,7.1e-05,-1.9e-05,-0.000116,-1.9e-05,-7.6e-05,-3.6e-05,-7.3e-05,0.0,0.0,7.1e-05,0.000111,1.8e-05,-7e-05,4.4e-05,-7.3e-05,-0.000116,4.4e-05,0.0,-0.000116,-1.9e-05,-6.1e-05,0.000234,0.0,0.000159,0.000909,4.4e-05,3.6e-05,7.1e-05,3.6e-05,-3.9e-05,4.4e-05,-7e-05,0.0,3.6e-05,0.000385,4.4e-05,0.0,7.1e-05,7.1e-05,-0.00016,-7e-05,0.0,-2.2e-05,3.8e-05,4.4e-05,3.5e-05,0.0,4.4e-05,3.6e-05,-3.6e-05,8.7e-05,7.1e-05,-7.5e-05,-4.6e-05,-0.000116,-1.9e-05,0.000116,0.0,-1.9e-05,-0.000726,-0.000116,-7.8e-05,7.1e-05,0.0,2e-05,-2.2e-05,6.8e-05,8.5e-05,0.0,4.4e-05,-4.4e-05,-0.000116,7.1e-05,6.8e-05,-0.00015,-5.4e-05,8e-05,0.0,0.000119,0.000163,4.9e-05,4.3e-05,-7.8e-05,0.0,-8.5e-05,6.8e-05,0.0,9.9e-05,-4.2e-05,9.9e-05,0.000156,1.5e-05,0.000123,-0.000726,-0.000726,0.0,#
17,0.328168,0.492252,-0.566457,-0.197167,0.211505,0.603137,0.606394,0.001632,0.418755,0.328168,0.37016,0.024779,0.427808,0.238784,0.211505,-0.601759,-4.6e-05,1.0,0.185599,0.219489,0.492124,0.238784,0.211679,-0.411269,0.416819,-0.174199,0.234836,-0.013936,-0.235111,-0.013539,-0.605801,-0.258481,0.511582,-0.014093,-0.043601,-0.414636,-0.80526,-0.075491,-0.23738,-0.21559,0.215587,0.435766,-0.044553,-0.499422,0.02577,-0.174097,0.532431,-0.065824,0.129926,0.008531,0.331921,-0.588773,-0.003816,-0.442191,0.185671,-0.415937,0.134335,0.331921,0.446726,0.331921,-0.416508,0.171728,-0.490556,0.039519,0.056427,0.417035,-0.333256,-0.515324,-0.462068,-0.35072,-0.327007,-0.061812,-0.499884,-0.338659,-0.215172,0.374824,-0.249347,0.004638,-0.009347,-0.639555,0.004638,-0.422001,-0.674709,-0.499629,-0.42653,0.402983,-0.217765,0.004638,-0.021132,-0.411269,-0.422001,-0.338659,-0.238819,-0.338659,-0.238819,-0.249347,-0.217765,0.270929,-0.238819,0.018774,-0.366116,-0.207003,-0.009754,-0.18556,-0.429566,-0.221498,-0.338659,-0.654501,-0.207003,-0.006231,-0.088844,0.0,-0.238819,-0.826447,-0.195948,-0.41692,-0.607199,0.004638,-0.004703,-0.338659,0.004638,-0.219659,-0.338659,-0.221498,-0.503889,0.292491,0.029967,0.238606,0.306038,0.004638,-0.422001,-0.390057,-0.422001,-0.28142,0.004638,-0.215172,0.0,-0.422001,0.167397,-0.532062,-0.206059,-0.390057,0.006824,-0.431042,-0.215172,-0.183388,-0.003816,0.624431,0.004638,-0.18556,0.119572,0.004638,0.018774,-0.411269,-0.494176,0.006824,0.398778,0.191218,-0.338659,-0.221498,-0.377774,-0.01798,0.815243,-0.350056,-0.338659,0.80852,0.006824,-0.081008,0.166042,-0.003816,0.312681,0.069121,-0.206059,0.004638,-0.222597,-0.338659,0.006824,0.312681,0.5763,-0.206059,0.364287,0.389843,-0.335428,-0.249322,0.486255,-0.490806,0.80852,0.190795,-0.60802,0.312681,-0.004891,0.487362,0.010336,-0.03571,-0.146901,-0.333256,-0.362051,-0.350056,-0.350056,0.0,#
18,0.599395,0.724511,-0.206226,-0.125467,0.11048,-0.296598,0.185342,-0.181277,-0.174539,0.599395,-0.033397,-0.124277,0.064102,0.241698,0.491447,0.278098,5.3e-05,0.185599,1.0,-0.119945,0.122353,0.241698,0.016322,0.292217,-0.436921,-0.645536,0.419523,0.104543,-0.077437,0.276011,-0.195458,0.069061,0.276011,0.424628,-0.40578,0.406258,-0.330613,0.189389,0.438954,0.599403,-0.307771,-0.392061,-0.073635,-0.322677,-0.322891,-0.001846,-0.07212,0.181644,0.178327,-0.253743,0.183754,-0.263849,-0.322975,-0.26857,0.419811,0.346143,0.292255,0.183754,0.036037,0.183754,-0.404932,0.462134,-0.474781,-0.425691,-0.055659,0.058465,-0.215317,0.100679,0.19166,-0.437366,-0.62047,-0.934557,0.244413,-0.622835,-0.6456,0.032208,-0.611339,-0.302131,0.028509,-0.50295,-0.302131,0.020539,-0.124821,0.228086,0.118114,-0.181112,-0.13185,-0.302131,-0.437963,-0.064145,0.020539,-0.622835,-0.117701,-0.622835,-0.117701,-0.611339,-0.61428,0.104749,-0.117701,-0.332155,0.193342,-0.499066,-0.309125,-0.304573,0.012735,-0.422873,-0.622835,0.072384,-0.499066,-0.064145,-0.093964,0.0,-0.117701,-0.336451,-0.5136,-0.176126,-0.19721,-0.302131,0.120875,-0.622835,-0.302131,0.308499,-0.622835,-0.422873,-0.300124,0.118114,-0.32281,-0.723927,0.09738,-0.302131,-0.332155,-0.336451,0.020539,0.34845,-0.302131,-0.300685,0.0,0.020539,0.122069,-0.302131,-0.192039,0.012735,-0.790393,0.032659,-0.300685,-0.688168,-0.322975,0.299517,-0.302131,-0.645438,-0.486828,-0.302131,0.020539,0.292217,-0.309125,0.012735,0.109969,0.098001,-0.622835,-0.041906,0.104749,0.100956,0.261267,-0.666254,-0.622835,0.285345,0.012735,-0.726978,0.034025,-0.322975,0.566059,-0.684024,-0.192039,-0.302131,0.092512,-0.622835,0.012735,0.566059,0.144932,-0.503167,-0.062278,0.298799,-0.24309,-0.000235,0.250895,-0.360086,0.285345,-0.296788,-0.198275,0.566059,-0.44449,0.702397,0.455029,0.84046,-0.107497,-0.215317,-0.435112,-0.666254,-0.666254,0.0,#
19,-0.508925,-0.224037,0.229286,0.03813,-0.039835,0.664054,0.236095,0.086619,0.548978,-0.508925,-0.391406,0.23577,-0.056195,-0.292315,-0.039835,-0.663206,-5e-05,0.219489,-0.119945,1.0,0.31523,-0.292315,0.02629,-0.365852,0.352169,-0.214938,0.10334,-0.234983,-0.440944,-0.213411,-0.24216,0.069208,-0.192265,-0.357216,-0.468262,-0.374662,-0.08499,-0.260757,-0.07533,-0.064288,0.212201,0.335435,-0.30359,-0.224628,0.336392,0.055678,0.45407,0.335435,0.339028,-0.231929,-0.236193,0.159476,0.336056,0.186105,0.04978,-0.330627,-0.222656,-0.263658,0.303413,-0.263658,-0.207899,-0.538951,-0.115115,0.31872,0.054034,0.369115,0.210208,-0.287576,-0.27601,-0.19895,0.508227,0.186105,-0.224037,0.495394,-0.247253,-0.063249,0.028879,0.188265,0.331977,0.055197,0.771793,-0.125429,0.028879,-0.239325,-0.191739,0.549372,0.055197,0.188265,0.353803,0.074525,0.353803,0.495394,0.002111,0.495394,0.002111,0.028879,0.055197,-0.149358,0.002111,0.353803,-0.274577,0.537392,0.217348,0.243206,-0.099188,-0.057942,0.495394,-0.057942,0.028879,0.074525,0.773571,0.0,0.002111,-0.099188,0.670655,-0.378417,-0.247253,0.771793,-0.046522,0.495394,0.188265,0.099973,0.495394,-0.057942,0.219341,0.590016,-0.187195,-0.06584,0.567913,0.771793,-0.125429,-0.099188,-0.125429,-0.413554,0.188265,-0.247253,0.0,-0.125429,-0.209819,0.188265,0.199144,-0.099188,-0.099188,-0.074641,0.221409,0.404009,-0.224037,0.084509,0.771793,-0.219953,0.1145,0.188265,0.353803,0.074525,0.217348,0.375276,-0.04774,-0.028023,0.495394,-0.057942,-0.149358,-0.239325,0.158638,0.355623,0.495394,0.110611,0.375276,-0.352301,-0.505614,-0.224037,-0.520075,-0.346565,0.199144,0.771793,-0.049695,0.495394,0.332321,-0.520075,0.24844,-0.11676,0.097637,0.104182,0.224175,0.066902,-0.201053,0.072212,0.110611,0.199144,-0.250368,-0.520075,0.353877,-0.212719,0.082793,-0.212719,0.139324,-0.508925,-0.178373,0.355623,0.355623,0.0,#
20,-0.166623,0.387654,-0.498768,0.307161,-0.327242,0.479976,0.006152,0.097201,0.107267,-0.166623,0.066779,-0.405479,-0.091563,0.177949,0.229292,-0.498913,1.5e-05,0.492124,0.122353,0.31523,1.0,0.177949,-0.252925,0.112447,0.401541,-0.010195,-0.191418,0.374545,-0.209809,-0.249875,-0.013936,-0.759215,-0.249875,0.096453,-0.083085,-0.40751,-0.611643,0.26909,0.208543,-0.327156,-0.006247,0.26231,-0.387854,-0.249704,-0.24987,0.276846,0.261549,-0.356589,0.439077,-0.273736,0.133036,0.128219,-0.249935,0.263515,0.315642,-0.430911,-0.123059,0.133036,-0.213587,0.133036,-0.728831,0.215186,-0.811698,-0.083752,-0.490619,-0.095045,-0.166623,0.323282,-0.509004,-0.70713,0.13215,0.116846,-0.249935,0.134085,-0.015887,-0.088216,0.30886,0.231459,0.408142,-0.242105,0.231459,0.398001,0.30886,-0.249808,0.164734,0.097507,0.300016,0.231459,0.398001,0.091624,0.398001,0.134085,0.317931,0.134085,0.317931,0.30886,-0.22042,0.153806,0.317931,-0.11723,0.140407,-0.237852,0.222532,-0.001523,-0.101541,0.20703,0.134085,-0.327242,-0.237852,0.091624,-0.304843,0.0,0.317931,-0.121945,0.192651,0.104847,-0.015887,0.231459,-0.107119,0.134085,0.231459,0.439744,0.134085,0.20703,0.230249,0.164734,-0.249808,0.177221,0.075357,0.231459,-0.11723,-0.121945,0.398001,0.343142,0.231459,0.004268,0.0,-0.096621,-0.038107,0.231459,-0.010201,-0.101541,-0.121945,0.185019,0.487981,0.220685,0.362151,-0.035367,0.231459,-0.021441,0.287405,0.231459,-0.096621,0.112447,0.222532,0.388161,0.069066,-0.326989,0.134085,0.229292,-0.646613,0.369249,0.127349,-0.060179,0.134085,0.101527,-0.101541,0.095788,0.227088,0.362151,-0.203444,0.142555,-0.010201,0.231459,-0.344865,0.134085,-0.101541,-0.203444,-0.002289,-0.741061,-0.002173,0.109883,-0.188116,-0.233411,-0.269698,0.044243,0.101527,0.49987,-0.017085,-0.203444,-0.106389,0.392285,-0.428301,-0.280012,-0.569029,-0.166623,-0.689519,-0.060179,-0.060179,0.0,#
