0,1.0,0.235978,-0.01944,0.0,-0.203406,0.027768,0.235978,-0.454802,0.20225,0.823203,-0.214579,0.212895,0.503227,0.245789,0.445862,0.308304,0.02243,-0.000634,-0.23527,0.008724,-0.499452,-0.088012,0.235978,0.40316,0.308304,0.23959,-0.02272,0.357633,0.0074,-0.210188,-0.039131,-0.550064,-0.000588,0.250109,-0.213807,0.015104,0.229267,-0.055056,0.471704,-0.228618,0.480451,-0.41722,-0.018216,0.430262,0.357633,-0.189632,-0.019758,0.296409,-0.416788,-0.516046,0.211313,-0.626478,-0.423831,-0.166546,-0.462061,-0.44388,0.018814,0.227989,0.224921,0.371515,0.321292,-0.009007,-0.695347,0.41226,0.208697,-0.10922,0.52352,-0.17248,-0.510508,-0.650875,-0.358484,-0.014766,-0.234125,-0.199781,0.176579,-0.195223,-0.430501,0.190706,-0.39996,-0.022208,0.03328,-0.39996,-0.024978,-0.199781,-0.815198,-0.232426,0.583482,-0.218125,0.018498,0.017915,-0.653936,-0.646547,-0.219286,-0.505735,-0.199781,-0.242225,-0.60951,-0.045787,-0.031951,-0.234125,0.334447,-0.078737,-0.199781,-0.212311,0.377543,-0.018498,-0.010777,0.0,-0.24984,0.160201,0.668982,-0.20773,-0.041816,-0.018498,0.406109,0.559954,-0.004754,-0.60951,0.243328,-0.277338,-0.203323,0.018498,-0.221255,0.0,-0.48978,0.198608,-0.193204,0.36944,-0.474419,-0.193204,-0.219389,0.0,-0.39996,0.412688,-0.417167,-0.407579,0.00834,-0.499198,0.334289,-0.60951,-0.234125,-0.234125,-0.234125,0.437925,-0.12601,0.32382,0.018498,0.668233,-0.031951,0.0,-0.424439,-0.029477,-0.332968,-0.201832,-0.043387,-0.499198,0.483432,0.093359,-0.031951,-0.011427,0.362999,0.184633,0.0,-0.380479,-0.517676,0.59734,-0.499452,0.093701,-0.028442,-0.499452,-0.208529,-0.303569,0.0,0.282725,0.476871,-0.39996,-0.499452,0.194985,0.168136,-0.39996,0.168136,0.220418,0.030272,-0.359857,0.393582,-0.336027,0.175129,0.640446,-0.608497,-0.024845,-0.826584,0.216879,0.476871,0.175129,-0.289638,0.120723,0.056242,-0.234472,-0.236733,0.21056,#
1,0.235978,1.0,0.043894,-0.233037,-0.250389,0.777158,0.513669,-0.282571,0.661743,0.355606,0.237493,-0.024512,0.244402,0.529503,0.51992,-0.508913,0.51869,0.526839,0.168474,0.3176,-0.212047,0.710057,0.513669,0.082682,-0.508913,0.425845,-0.087265,0.226184,-0.103153,-0.642095,0.15088,0.075364,-0.080238,0.406247,0.046022,0.554035,0.449429,-0.375279,-0.290164,-0.548648,-0.223241,-0.329759,0.255795,-0.364008,0.226184,-0.21334,-0.254171,-0.229779,-0.092783,-0.340627,-0.396442,-0.46695,0.085818,-0.001409,-0.27246,-0.274487,-0.277878,-0.061281,0.340529,0.119988,0.539483,-0.195757,-0.428721,-0.240127,-0.522477,-0.391802,0.306267,-0.084735,-0.579092,-0.017351,-0.221831,-0.496501,-0.518252,-0.220529,-0.213369,0.155672,-0.078332,-0.213369,-0.50651,0.35445,-0.196195,-0.50651,-0.387035,0.220529,-0.350975,0.229901,0.188738,0.226413,0.339276,-0.374658,0.425707,-0.410193,-0.649133,-0.310143,-0.220529,-0.230515,-0.634392,0.2171,-0.321826,-0.536761,-0.187309,0.19637,-0.220529,0.661063,0.372074,-0.212047,0.375569,0.0,-0.064923,-0.065005,0.426094,-0.086192,-0.531727,-0.233252,-0.102668,0.164666,-0.762981,-0.651537,0.308372,-0.513301,-0.1984,0.339276,-0.421668,0.0,-0.278216,-0.461686,-0.018849,0.136169,-0.356387,-0.508913,-0.223761,0.086568,-0.50651,-0.512982,-0.350975,0.35902,0.296795,-0.196195,0.318787,-0.651537,-0.518252,-0.037018,-0.518252,0.191765,-0.278194,0.415743,-0.212047,0.466536,0.240168,0.0,-0.25091,-0.352381,0.226184,0.425707,0.189354,-0.217995,0.619497,0.760892,-0.321826,-0.095092,0.523716,0.033611,0.0,-0.197741,0.384752,0.653438,-0.212047,0.520474,0.295344,0.318071,0.073458,-0.492866,0.0,-0.25091,0.277151,-0.523976,0.318071,0.429288,0.653438,-0.50651,0.653438,-0.043671,0.049573,-0.165344,0.357613,0.222555,0.051183,0.04485,-0.632241,0.817148,-0.523976,0.442382,-0.302221,0.524345,-0.391608,0.468977,0.358859,0.05891,-0.421668,0.425142,#
2,-0.01944,0.043894,1.0,-0.405668,0.38637,-0.14745,0.517952,-0.136863,-0.469812,0.216839,-0.382158,-0.531507,-0.676028,0.05106,0.5483,-0.270695,0.541819,0.304354,0.006751,0.649103,-0.406043,0.490687,0.517952,0.12708,-0.270695,-0.154405,-0.168016,0.419312,-0.213781,-0.030426,-0.501736,-0.047161,-0.646077,0.768316,0.113553,-0.240523,0.20212,-0.200382,-0.400528,0.400356,-0.405937,-0.518997,-0.392986,-0.178576,0.419312,0.467975,-0.544247,-0.277176,0.313168,-0.127272,-0.314492,0.173461,0.231918,0.094297,-0.474367,-0.608669,-0.047807,0.315764,-0.083107,0.371672,0.278711,0.126376,-0.294195,-0.38822,-0.177514,-0.497181,0.520573,-0.811285,-0.488526,0.526477,-0.239629,-0.21131,-0.062545,0.031847,-0.393231,0.005479,-0.125179,-0.393231,-0.149737,-0.116907,0.647973,-0.149737,-0.335492,0.031847,0.202061,0.05267,0.382266,-0.06117,0.111463,0.540868,-0.062545,0.134178,-0.396507,-0.039637,0.031847,-0.377137,-0.401278,-0.553575,-0.028405,-0.062545,-0.450756,-0.151811,0.031847,0.041308,-0.563582,-0.406043,0.317279,0.0,-0.053667,-0.529026,0.305886,0.789713,-0.567762,0.131367,0.215793,-0.017721,0.115953,0.033261,-0.116946,0.07336,0.026579,0.111463,0.145193,0.0,-0.406141,0.517456,0.379799,0.410941,-0.011025,0.379799,-0.069768,0.198269,-0.149737,0.354504,0.202061,-0.125145,0.57107,0.115953,-0.529396,0.033261,-0.531635,-0.531635,-0.531635,-0.193443,0.230799,0.373716,0.111463,-0.172209,-0.028405,0.0,-0.459564,0.38174,-0.270695,0.38917,-0.148716,0.668435,0.376429,0.221103,-0.028405,-0.125145,0.045179,-0.428484,0.0,-0.312547,0.054173,0.397909,-0.406043,-0.14264,0.575339,0.131367,0.03685,0.021353,0.0,0.246993,-0.144064,0.292916,0.131367,-0.161848,-0.030926,-0.149737,-0.030926,0.315523,0.984387,0.237443,-0.217411,0.230799,0.063631,0.044905,-0.405101,-0.120709,-0.133342,-0.166785,-0.144064,0.063631,-0.802756,0.103919,0.38001,0.156411,0.145193,0.406338,#
3,0.0,-0.233037,-0.405668,1.0,0.027309,-0.389536,-0.762665,0.282914,-0.030459,-0.092695,-0.019213,-0.326946,0.261709,-0.230052,-0.407741,0.698073,-0.407557,-0.402295,-0.494152,-0.249714,-0.249769,-0.350996,-0.762665,-0.407775,0.698073,0.190111,0.386456,-0.166513,0.42766,-0.007286,0.326621,0.13657,0.420936,-0.326811,0.314073,0.082359,0.195103,0.274403,0.48852,0.246271,0.411796,0.246089,0.12298,-0.319511,-0.166513,0.015092,0.26678,0.086379,-0.610953,0.267806,-0.193867,0.371408,0.082304,0.365113,0.20207,0.212141,0.285223,-0.326946,0.125622,-0.283661,0.156513,-0.267552,0.31454,0.219559,-0.149868,0.364344,-0.24375,0.588619,0.503667,-0.196683,0.08567,0.431975,0.23898,0.499538,0.510506,-0.136646,0.426731,0.510506,0.417173,-0.112228,-0.249642,0.417173,0.639637,0.499538,0.089219,-0.002648,0.037023,0.003122,0.350638,-0.407088,0.197053,0.335531,0.52184,0.266962,0.019213,0.510506,0.510506,0.266962,0.275821,0.23898,0.180633,0.3017,0.499538,-0.013809,0.426731,0.999077,-0.107461,0.0,-0.326858,0.823121,-0.326487,-0.326944,0.43656,0.39867,-0.610585,-0.494163,0.416984,0.510506,0.346802,0.416079,-0.00829,0.350638,-0.187721,0.0,0.20318,-0.177978,-0.326858,-0.298553,0.293756,-0.326858,0.532864,0.121577,0.417173,-0.258485,0.625858,-0.116932,-0.249709,-0.249642,0.334347,0.510506,0.763058,0.763058,0.763058,0.281094,0.403302,0.26234,-0.249769,-0.297043,0.275821,0.0,0.217869,0.284293,-0.166513,0.197053,0.275269,-0.249642,-0.48167,-0.441424,0.275821,-0.077368,-0.393356,0.352604,0.0,0.197229,-0.570714,-0.485093,-0.249769,0.063031,-0.248489,0.350638,-0.213313,0.749604,0.0,0.217869,0.277304,0.417173,0.350638,-0.306458,-0.485093,0.417173,-0.485093,-0.315987,-0.394143,0.168734,-0.593374,0.141544,0.320251,-0.173192,0.512665,-0.097264,0.417173,0.236302,-0.353649,0.320251,0.349591,-0.19057,0.254421,-0.762051,0.344234,-0.326858,#
4,-0.203406,-0.250389,0.38637,0.027309,1.0,-0.531344,0.197397,-0.084297,-0.205782,-0.036491,-0.187431,-0.654256,-0.499919,-0.693473,-0.034747,0.343624,0.413747,0.01191,0.238017,-0.002504,0.00781,0.083094,0.197397,-0.01077,0.343624,-0.233911,0.463782,-0.333211,-0.020245,0.599406,-0.497564,-0.050887,0.003601,0.213328,0.678943,-0.401722,0.466678,0.100619,0.082281,0.658107,0.018165,-0.287403,-0.364336,-0.055649,-0.333211,0.596233,-0.450906,-0.164752,-0.005221,0.497849,-0.190285,0.184111,0.012745,0.174096,0.262876,-0.009506,-0.4862,0.209367,0.220373,0.482679,0.317904,0.037265,0.225259,-0.399587,0.137522,0.118804,0.083836,-0.244461,0.051744,0.212482,0.422563,0.002078,0.674865,-0.203051,-0.588673,-0.229343,0.424805,-0.588673,0.007505,-0.817516,-0.006691,0.007505,-0.025454,0.203051,-0.015081,-0.198764,0.183095,0.189615,-0.499817,-0.038001,0.21473,0.217454,-0.191898,0.011422,0.203051,-0.194002,0.209438,-0.474033,-0.491801,0.21473,-0.319309,0.490311,-0.203051,-0.194002,-0.379368,0.00781,-0.411323,0.0,-0.220213,-0.184348,-0.253009,0.64107,-0.394943,0.495912,-0.441513,-0.626739,0.515173,0.193652,0.335866,-0.203074,-0.606907,-0.499817,0.231411,0.0,-0.208211,0.193437,0.223298,0.674825,-0.046962,-0.227926,0.595148,0.411287,0.007505,0.041449,0.405024,-0.403469,0.476274,0.515173,-0.344184,0.193652,-0.211321,0.231772,-0.211321,0.111276,-0.12295,0.347247,-0.499817,-0.234517,0.025651,0.0,0.323432,-0.035556,0.343624,-0.228363,-0.020745,0.495102,-0.163243,-0.324189,-0.491801,0.014652,-0.08629,-0.230558,0.0,-0.304232,-0.210269,-0.213358,0.00781,-0.300809,0.473946,-0.011714,-0.237945,0.298213,0.0,-0.369637,-0.004873,-0.008577,-0.011714,0.219736,0.207291,0.007505,0.207291,0.216673,0.425401,0.280309,-0.40756,0.133195,-0.241499,0.225354,0.207543,-0.390917,0.409544,-0.240352,-0.004873,0.194162,-0.209176,-0.667229,0.456862,-0.207666,-0.218341,-0.220213,#
5,0.027768,0.777158,-0.14745,-0.389536,-0.531344,1.0,0.218266,-0.267903,0.51688,0.110355,0.029242,0.330167,0.384892,0.75606,0.398589,-0.666073,0.397265,0.409197,0.469105,0.243171,0.243685,0.339022,0.218266,-0.103903,-0.666072,0.329892,-0.397644,0.178702,0.07058,-0.483756,0.332724,0.014435,0.09376,0.307435,-0.318596,0.43773,-0.181467,-0.273073,-0.453645,-0.789998,-0.378359,-0.226468,0.353952,-0.277728,0.178702,-0.488794,-0.234253,-0.081467,0.113661,-0.284561,-0.313733,-0.355439,-0.100213,0.17649,-0.183152,-0.155366,-0.204949,-0.229915,0.307479,-0.328217,-0.107303,-0.355482,-0.318229,-0.200351,-0.48214,-0.357161,0.233056,0.12734,-0.489995,0.175307,-0.108658,-0.359854,-0.755106,-0.009747,0.003831,0.402528,-0.388206,0.003831,-0.378576,0.615503,-0.347248,-0.378576,-0.132754,0.009747,-0.098034,0.020711,-0.026274,0.016969,0.268054,-0.111093,0.329694,-0.307716,-0.49142,-0.226188,-0.009747,-0.015872,-0.480009,0.379722,-0.235292,-0.244612,-0.158609,-0.257907,-0.009747,0.516133,0.129402,-0.365528,0.133457,0.0,0.307464,-0.233451,0.330401,-0.258542,-0.398099,-0.389896,0.104683,0.490563,-0.9986,-0.499713,-0.277807,-0.386915,0.026563,0.268054,-0.316657,0.0,-0.188638,-0.354119,-0.181109,-0.308542,-0.26626,-0.20277,-0.500319,-0.099484,-0.378576,-0.390256,-0.60221,0.616093,0.219264,-0.347248,0.529452,-0.499713,-0.223341,-0.202071,-0.223341,-0.254658,-0.368886,-0.216947,0.243685,0.39124,-0.210452,0.0,-0.182065,-0.266273,0.178702,0.329694,0.351888,-0.3723,0.476959,0.909833,-0.235292,0.094226,0.409968,0.210634,0.0,-0.131032,0.580332,0.514294,0.243685,0.6934,0.218192,0.243685,0.267784,-0.745348,0.0,-0.182065,-0.165654,-0.398648,0.243685,0.343842,0.514294,-0.378576,0.514294,-0.204332,-0.135302,-0.082274,0.63045,-0.100829,0.232012,-0.319681,-0.476484,0.649543,-0.398648,0.354329,-0.191262,0.252926,-0.261357,0.740898,-0.154428,0.239971,-0.316657,0.329125,#
6,0.235978,0.513669,0.517952,-0.762665,0.197397,0.218266,1.0,-0.282571,0.231179,0.355606,0.237493,-0.024512,-0.31188,0.040508,0.51992,-0.508913,0.51869,0.526839,0.168474,0.3176,-0.212047,0.710057,1.0,0.537099,-0.508913,-0.048939,-0.069677,0.226184,-0.561912,-0.207846,-0.421648,-0.055266,-0.536045,0.406247,0.046022,0.103882,0.449429,-0.375279,-0.290164,-0.061281,-0.223241,-0.329759,-0.15139,0.194023,0.226184,0.224108,-0.254171,-0.229779,0.342782,-0.340627,0.087303,-0.485373,0.085818,-0.495954,-0.299811,-0.317094,-0.342578,0.426085,-0.038917,0.691197,0.512509,0.362605,-0.428721,-0.240127,0.068149,-0.391802,0.306267,-0.706128,-0.579092,-0.036149,-0.221831,-0.569849,-0.037018,-0.661587,-0.659158,-0.097299,-0.103789,-0.659158,-0.531738,-0.103789,0.339103,-0.531738,-0.849108,-0.220529,-0.376323,0.204573,0.188738,0.200818,-0.212047,0.06812,-0.055527,-0.437125,-0.674174,-0.341158,-0.220529,-0.676304,-0.659158,-0.341158,-0.353048,-0.536761,-0.187309,0.164658,-0.661587,0.215274,-0.086165,-0.76337,0.349872,0.0,-0.064923,-0.572047,0.426094,0.407584,-0.557423,-0.233252,0.342225,0.164666,-0.227683,-0.676304,0.268082,-0.542002,-0.22344,-0.212047,0.039662,0.0,-0.278216,0.006354,0.44399,0.692833,-0.377304,-0.046075,-0.249056,0.086568,-0.531738,0.065431,-0.376323,-0.095092,0.296795,0.339103,-0.447612,-0.676304,-0.999486,-0.518252,-0.999486,0.191765,-0.306014,0.388168,-0.212047,0.384577,0.208946,0.0,-0.292728,-0.383757,0.226184,-0.055527,-0.371517,0.317303,0.619497,0.323855,-0.353048,-0.095092,0.523716,-0.457954,0.0,-0.239203,0.344416,0.624884,-0.212047,-0.154268,0.295344,-0.233252,0.010838,-0.492866,0.0,-0.292728,0.20473,-0.549204,-0.233252,0.39854,0.624884,-0.531738,0.624884,0.410507,0.500686,-0.253982,0.328827,0.194736,-0.451551,0.516842,-0.662021,0.332993,-0.549204,-0.096276,0.20473,0.021611,-0.454849,-0.045031,0.278077,0.52388,-0.448805,0.425142,#
7,-0.454802,-0.282571,-0.136863,0.282914,-0.084297,-0.267903,-0.282571,1.0,-0.425128,-0.388899,0.166574,-0.141869,-0.180354,-0.359978,-0.620099,0.188784,-0.233651,0.036534,-0.527811,0.198273,0.199889,-0.128746,-0.282571,-0.543635,0.188784,-0.722408,-0.321234,0.188784,-0.455537,-0.114437,0.542645,0.897908,-0.381894,-0.380209,-0.321648,0.054404,-0.169151,-0.271176,-0.140189,0.299881,-0.206294,0.763379,0.660236,-0.009777,0.188784,0.500124,0.58713,-0.251546,0.550944,0.238678,0.356115,0.706072,0.0,0.034311,-0.008677,0.429315,0.49978,-0.708216,0.042041,0.094257,-0.102687,-0.231963,0.715229,-0.093885,0.20466,-0.204795,-0.601469,0.40792,0.638213,0.006247,-0.297097,0.042109,0.370764,0.433092,0.498722,-0.214004,0.231519,0.117105,0.624656,0.162293,0.283031,0.624656,-0.166754,0.499721,0.32434,0.106753,-0.053879,-0.385876,0.283175,-0.175879,0.298065,0.718095,0.111972,0.484456,0.433092,0.431377,0.498722,0.484456,0.479678,0.225366,-0.049908,-0.097728,0.433092,0.498722,0.300744,0.283175,0.227094,0.0,0.22251,0.368945,-0.244634,-0.346573,0.227094,0.199889,-0.351462,-0.416072,0.283031,0.431377,-0.094947,0.711928,0.497821,0.283175,0.298446,0.0,0.770618,0.113961,0.370575,-0.187361,0.946683,0.296542,0.014903,0.394421,0.624656,-0.185551,0.393267,0.167312,-0.536499,0.283031,-0.327608,0.431377,0.298065,0.370764,0.298065,-0.191482,0.282415,-0.009996,0.199889,-0.703258,0.564578,0.0,-0.095392,0.274917,0.188784,0.298065,0.281019,0.197408,-0.343753,-0.324387,0.479678,0.167312,-0.353525,0.194312,0.0,0.828668,-0.174885,-0.463702,0.199889,0.044736,-0.486614,0.199889,-0.251159,0.394621,0.0,-0.095392,-0.072753,0.556053,0.199889,-0.251759,-0.463702,0.624656,-0.463702,-0.273955,-0.24436,0.492765,-0.349197,0.753106,0.09337,-0.169029,0.498457,0.242653,0.556053,-0.690239,-0.160279,0.164848,0.383101,-0.249342,0.249561,0.293776,0.716596,0.296542,#
8,0.20225,0.661743,-0.469812,-0.030459,-0.205782,0.51688,0.231179,-0.425128,1.0,0.011622,0.609152,0.243222,0.504768,0.223654,-0.002875,-0.333211,0.019173,-0.091798,0.15831,-0.499706,0.00781,0.408417,0.231179,0.407631,-0.333211,0.64107,0.399627,-0.333211,-0.004624,-0.185449,-0.107082,-0.171164,0.407141,-0.212445,0.207436,0.411287,0.414825,0.060839,-0.066874,-0.654256,-0.002549,-0.184462,0.010574,-0.076201,-0.333211,-0.596605,0.012512,0.280887,-0.420502,0.002284,-0.190285,-0.714915,-0.019754,-0.281253,0.286122,0.013881,-0.50453,0.209367,0.112874,-0.124949,0.365666,0.037265,-0.229435,0.256632,-0.203669,0.308672,0.083836,0.155639,-0.141736,-0.237511,0.251797,-0.013507,-0.211321,-0.609152,-0.216805,0.218588,0.002885,-0.216805,-0.403469,-0.020555,-0.499562,-0.403469,-0.041818,-0.203051,-0.411846,0.197688,-0.243291,0.597488,-0.011714,-0.445686,0.21473,-0.650453,-0.207859,-0.50259,-0.593533,-0.216805,-0.194002,-0.017134,-0.520548,-0.654414,0.336253,0.461113,-0.609152,0.193652,0.401365,-0.011714,-0.0091,0.0,-0.227926,0.186742,0.189356,-0.233911,-0.0091,-0.499817,-0.031881,0.101398,-0.499562,-0.604459,0.548458,-0.655365,-0.207859,-0.011714,-0.650795,0.0,-0.260469,-0.701601,-0.202858,0.018767,-0.547692,-0.654082,0.183095,-0.401722,-0.403469,-0.598358,-0.411846,-0.008577,-0.02128,0.022302,0.329306,-0.604459,-0.228363,0.21473,-0.228363,0.581335,-0.584011,0.194911,-0.499817,0.671042,-0.003096,0.0,0.284928,-0.555569,0.343624,-0.228363,-0.049435,-0.499562,0.148355,0.273218,-0.520548,-0.410616,0.345159,0.179495,0.0,-0.342407,0.42111,0.170888,0.00781,0.049648,-0.0558,-0.011714,0.205568,-0.297714,0.0,-0.408141,0.508063,-0.821589,-0.011714,0.6444,0.591537,-0.403469,0.591537,0.216673,-0.390483,-0.331788,0.38758,-0.12295,-0.241499,0.19979,-0.192146,0.395757,-0.403469,0.646101,-0.004873,0.194162,0.238738,0.09526,0.084964,-0.215415,-0.668093,-0.227926,#
9,0.823203,0.355606,0.216839,-0.092695,-0.036491,0.110355,0.355606,-0.388899,0.011622,1.0,-0.39205,0.118266,0.117369,0.367994,0.666773,0.2587,0.22955,0.296675,-0.052011,0.407584,-0.612078,0.006827,0.355606,0.254339,0.2587,0.095223,-0.282625,0.28537,0.150503,-0.435364,0.121092,-0.357826,-0.257725,0.524547,-0.092409,-0.150254,0.339576,-0.47267,0.399572,0.0659,0.407538,-0.417486,0.060078,0.05839,0.28537,-0.001143,-0.355131,-0.254106,-0.234184,-0.437129,-0.06163,-0.496823,-0.167128,-0.055556,-0.396038,-0.280257,0.184192,0.083582,0.386387,0.505667,0.364841,-0.109471,-0.540439,-0.160111,-0.149062,-0.527151,0.394314,-0.334482,-0.764074,-0.543404,-0.246303,-0.24003,-0.364907,-0.008001,-0.001527,-0.510302,-0.258432,-0.001527,-0.658203,0.166439,-0.077113,-0.658203,-0.20583,-0.008001,-0.585178,0.002665,0.806584,-0.439969,-0.092012,-0.17737,-0.364907,-0.53204,-0.412824,-0.408009,-0.008001,-0.017701,-0.819197,0.089343,0.107273,0.071585,-0.254805,0.054766,-0.008001,-0.001527,0.166439,-0.112014,0.182266,0.0,0.080109,0.061013,0.543128,0.060083,-0.254054,0.38805,0.167204,0.369033,-0.097677,-0.414855,0.140913,-0.176811,-0.396471,-0.092012,-0.085853,0.0,-0.350308,0.343016,-0.33871,0.520501,-0.344833,-0.33871,-0.441515,0.241714,-0.658203,0.494886,-0.171332,-0.253634,0.387957,-0.611766,0.31678,-0.414855,-0.364907,-0.364907,-0.364907,0.059333,0.035528,0.434792,-0.092012,0.568545,0.107273,0.0,-0.330903,0.077409,-0.408052,0.089044,0.059577,-0.097677,0.792676,0.289956,0.107273,0.158258,0.19611,-0.120779,0.0,-0.271823,-0.418112,0.826173,-0.612078,0.304508,0.386061,-0.112014,-0.547644,-0.324168,0.0,0.37915,0.090256,-0.246311,-0.112014,0.073404,0.395216,-0.658203,0.395216,0.095455,0.217212,-0.29168,0.159479,-0.166335,0.31426,0.353266,-0.818102,0.167803,-0.674678,0.075643,0.090256,0.31426,-0.565353,0.28201,0.171309,-0.079287,-0.085853,0.54239,#
10,-0.214579,0.237493,-0.382158,-0.019213,-0.187431,0.029242,0.237493,0.166574,0.609152,-0.39205,1.0,0.229499,0.019404,-0.196152,-0.400115,-0.333333,-0.396706,-0.102808,-0.266932,-0.499889,0.0,0.431622,0.237493,0.42004,-0.333333,0.223905,0.390801,-0.333333,-0.39205,-0.196913,-0.115385,0.296176,0.015899,-0.654226,0.180866,0.408248,0.364529,0.029963,-0.073457,-0.212499,-0.010201,0.466004,-0.0,0.050609,-0.333333,-0.206297,0.534053,0.057638,-0.037983,0.029242,0.227793,-0.275681,0.391657,-0.71429,0.384478,0.386406,-0.078236,0.229499,-0.458832,0.039849,0.342484,0.516122,0.198386,0.284398,0.083694,0.382046,-0.48795,0.051232,0.374498,-0.238663,0.085749,-0.066519,0.218218,-0.6,-0.213375,-1e-06,0.392493,-0.213375,-0.01144,-0.023088,-0.014278,-0.01144,-0.395777,-0.2,-0.011494,0.585743,-0.607912,0.626722,0.0,-0.41337,0.218218,-0.232035,0.181677,-0.028127,-0.6,-0.213375,0.190915,-0.028127,-0.042473,-0.654654,0.361599,0.517677,-0.6,0.190915,0.392493,0.0,0.384528,0.0,-0.234568,0.1916,-0.217859,-0.206682,0.384528,-0.5,-0.011867,-0.272041,-0.014278,-0.213375,0.584627,-0.208232,0.181677,0.0,-0.246108,0.0,0.380494,-0.674158,0.209876,-0.030291,-0.056908,-0.234568,0.217931,-0.408248,-0.01144,-0.539997,-0.011494,-0.01144,-0.49988,0.499745,-0.360399,-0.213375,-0.218218,0.218218,-0.218218,0.542611,-0.151378,0.175055,-0.5,0.148659,0.467205,0.0,0.322365,-0.512199,0.333333,-0.218218,-0.49453,-0.014278,-0.188413,-0.277447,-0.042473,-0.423279,0.087493,-0.210519,0.0,0.282017,0.457274,-0.246007,0.0,-0.458948,-0.497437,0.0,0.184569,0.159638,0.0,-0.360291,0.476178,-0.423279,0.0,0.195199,0.168321,-0.01144,0.168321,0.191238,-0.409119,-0.36174,-0.03916,0.302756,-0.657082,0.214027,0.189051,0.361599,-0.01144,0.201153,-0.04926,-0.227967,0.630893,-0.284875,0.054946,0.186038,-0.246108,-0.234568,#
11,0.212895,-0.024512,-0.531507,-0.326946,-0.654256,0.330167,-0.024512,-0.141869,0.243222,0.118266,0.229499,1.0,0.322275,0.434,-0.074413,-0.218165,-0.533982,-0.148412,0.150015,-0.327175,0.203999,-0.371569,-0.024512,0.3765,-0.218165,0.066465,-0.393259,-0.218165,0.083582,-0.220005,0.279191,-0.193846,0.077841,-0.428189,-0.54093,-0.083282,-0.464771,-0.193132,0.14102,-0.428365,0.213917,0.321295,0.161127,0.355234,-0.218165,-0.654331,0.286488,0.108275,0.088009,-0.229915,0.418298,-0.510336,-0.101259,-0.512824,0.239411,0.408583,0.307231,0.060039,-0.225228,-0.239132,-0.52067,0.209004,-0.046116,0.260197,0.132747,0.01978,-0.319361,0.094061,-0.101618,-0.492811,0.108601,0.051453,-0.428468,-0.229499,0.197309,-0.159909,-0.367175,0.197309,-0.363577,0.50808,-0.327081,-0.363577,-0.08806,-0.654496,-0.094476,0.209011,-0.22219,-0.217227,-0.327248,-0.081616,-0.428468,-0.531999,0.206929,-0.240753,-0.229499,0.197309,-0.22461,0.287613,0.298804,0.035242,0.209223,-0.2183,-0.229499,-0.232246,0.066527,-0.327248,0.074779,0.0,0.507793,-0.002931,0.053702,-0.428362,0.520478,-0.327248,0.545599,0.618023,-0.327081,-0.22461,-0.325179,-0.058851,0.206929,-0.327248,-0.065686,0.0,0.265091,-0.050299,-0.42825,-0.289481,-0.181072,0.043969,-0.653117,-0.534394,-0.363577,0.296511,-0.534129,0.06622,-0.327169,-0.327081,0.238943,-0.22461,0.035242,-0.428468,0.035242,-0.187732,-0.215738,-0.567124,0.203999,0.514283,-0.242726,0.0,0.201638,-0.224939,-0.218165,-0.428468,-0.232633,-0.327081,0.226188,0.06592,0.298804,0.06622,-0.04579,-0.057998,0.0,0.17531,0.290267,0.194248,0.203999,-0.00708,-0.325571,-0.327248,-0.072287,-0.480617,0.0,0.201638,-0.248013,-0.363577,-0.327248,0.029865,0.194248,-0.363577,0.194248,0.041138,-0.548698,-0.51007,0.502944,-0.483802,-0.068276,-0.051045,-0.223592,0.050055,-0.363577,0.030776,0.310261,-0.524208,0.411698,0.342081,-0.75334,0.407873,-0.065686,0.035574,#
12,0.503227,0.244402,-0.676028,0.261709,-0.499919,0.384892,-0.31188,-0.180354,0.504768,0.117369,0.019404,0.322275,1.0,0.220587,-0.096426,0.174634,-0.102683,-0.161585,-0.03778,-0.380485,0.237696,-0.290206,-0.31188,-0.111337,0.174634,0.322002,0.095329,0.174634,0.097963,-0.012878,0.337513,-0.275852,0.602813,-0.229284,-0.331898,0.427764,-0.208408,0.339142,0.258393,-0.750601,0.261883,-0.059162,0.354684,0.342912,0.174634,-0.476966,0.347724,0.619602,-0.414638,-0.254388,0.226241,-0.346566,-0.622219,0.182757,-0.179529,-0.148268,-0.19754,-0.235192,0.313831,-0.295949,-0.104903,-0.359018,-0.331555,0.620067,0.219888,0.325504,0.227234,0.635221,0.08105,-0.398263,-0.21048,0.134235,-0.207478,-0.0,0.504026,0.387295,-0.378105,0.504026,0.130745,0.096766,-0.350475,0.130745,0.388496,0.019404,-0.607316,-0.490504,-0.015802,0.007206,0.261951,-0.118481,-0.207478,-0.299763,0.016745,-0.219947,-0.0,-0.005884,0.022445,0.383133,-0.228836,-0.22865,0.660041,-0.250843,-0.0,0.013728,0.641075,0.261951,-0.387761,0.0,-0.239313,0.341291,0.322517,-0.785872,0.120963,-0.368672,0.092336,0.478674,-0.350475,-0.487464,0.040413,-0.282329,0.016745,0.261951,-0.308493,0.0,-0.215635,-0.345441,-0.186612,-0.325615,-0.259312,-0.208171,0.013131,-0.087137,0.130745,-0.268236,-0.587243,0.101888,-0.404719,-0.350475,0.720788,-0.487464,0.321803,0.342974,0.321803,0.36129,-0.359331,-0.210839,0.237696,0.383644,-0.204112,0.0,-0.176983,-0.259508,0.174634,-0.207478,0.355591,-0.998784,-0.126022,0.182783,-0.228836,0.101888,0.400414,0.757142,0.0,-0.12659,-0.247375,-0.0,0.237696,0.400409,-0.445754,-0.368672,0.251795,-0.340113,0.0,-0.176983,0.437131,-0.388684,-0.368672,0.336284,-0.0,0.130745,-0.0,-0.209515,-0.603038,-0.128294,0.615981,-0.347092,0.203998,0.238671,0.026988,0.133812,-0.388684,0.346541,0.411642,0.224814,0.267648,0.157537,-0.194043,-0.317425,-0.308493,-0.217753,#
13,0.245789,0.529503,0.05106,-0.230052,-0.693473,0.75606,0.040508,-0.359978,0.223654,0.367994,-0.196152,0.434,0.220587,1.0,0.529728,-0.508857,0.063771,0.137655,0.177164,0.323602,-0.230265,0.151949,0.040508,0.090097,-0.508857,0.433759,-0.554823,0.230265,0.333194,-0.654506,0.274055,-0.184388,-0.104813,0.414051,-0.418162,0.111414,-0.245375,-0.360724,-0.287547,-0.54607,-0.2202,-0.307379,0.118626,-0.370922,0.230265,-0.645825,-0.323375,-0.109621,-0.067312,-0.367846,-0.422285,-0.364705,0.093247,0.102851,-0.250999,-0.260172,0.258716,-0.056035,0.09098,-0.43738,-0.191522,-0.235447,-0.418048,-0.100766,-0.640827,-0.474218,0.312105,-0.149863,-0.652282,0.089122,-0.133096,-0.064104,-0.999376,0.213208,0.224977,0.148702,-0.529073,0.224977,-0.516406,0.809854,-0.193008,-0.516406,0.064528,-0.213208,0.095184,0.239682,0.198282,-0.227059,0.345398,0.083501,-0.050248,-0.418168,-0.208395,-0.316399,-0.230265,0.207738,-0.646581,0.213731,0.236775,-0.068858,-0.218953,-0.359571,0.213208,0.224977,-0.076201,-0.208944,0.38806,0.0,0.414098,-0.059806,0.434002,-0.081082,-0.077016,-0.230265,0.36262,0.648561,-0.762897,-0.215591,-0.397002,-0.003774,0.244806,0.345398,-0.429854,0.0,-0.255234,0.027895,-0.50612,-0.406524,-0.237167,-0.032323,-0.674275,-0.358613,-0.516406,0.093027,-0.345937,0.353864,0.302683,-0.762897,0.486068,-0.215591,-0.050248,-0.515507,-0.050248,-0.347582,0.001721,-0.139908,0.324077,0.474163,-0.306563,0.0,-0.256003,0.208704,-0.508857,0.433621,0.185691,-0.214926,0.631113,0.763819,0.236775,-0.102735,0.03443,0.027775,0.0,-0.202191,0.382024,0.665298,-0.230265,0.51999,0.301204,0.324077,0.067443,-0.489302,0.0,0.500847,-0.286932,-0.077368,0.324077,-0.057789,0.205939,-0.516406,0.205939,-0.038515,0.056573,-0.17002,0.35189,-0.267238,0.521155,-0.444406,-0.644456,0.373585,-0.533967,0.450196,-0.309337,0.0637,-0.400356,0.9813,-0.269134,0.053204,0.061288,0.43305,#
14,0.445862,0.51992,0.5483,-0.407741,-0.034747,0.398589,0.51992,-0.620099,-0.002875,0.666773,-0.400115,-0.074413,-0.096426,0.529728,1.0,-0.272078,0.562557,0.625393,0.351697,0.611663,-0.408118,0.367085,0.51992,0.158805,-0.272078,0.362348,-0.183554,0.421455,0.233953,-0.407011,-0.145734,-0.483497,-0.171632,0.791632,0.098971,0.182948,0.180233,-0.177429,0.034094,-0.109103,0.101391,-0.618606,-0.296493,-0.177059,0.421455,0.010032,-0.573145,-0.324717,-0.146016,-0.655994,-0.333653,-0.331046,0.165849,0.112724,-0.56413,-0.548391,-0.08718,0.350707,0.058747,0.229277,0.285029,0.109099,-0.797502,-0.339514,-0.378006,-0.46359,0.593518,-0.54895,-0.876003,0.068755,-0.316335,-0.592988,-0.534351,0.0,-0.39524,0.051406,-0.174779,0.001977,-0.570698,0.25755,0.126829,-0.570698,-0.292494,0.0,-0.252211,0.004228,0.395233,-0.032692,0.112032,0.155188,-0.09779,-0.348886,-0.41398,-0.099486,0.0,-0.411416,-0.815823,-0.099486,-0.088596,-0.09779,-0.402421,-0.161792,0.0,0.009167,-0.158151,-0.408118,0.26948,0.0,-0.089507,-0.531729,0.356674,0.327202,-0.586515,0.092027,0.246335,0.386904,-0.407909,-0.411416,-0.104386,-0.435538,-0.390356,0.112032,0.093745,0.0,-0.51636,0.073529,-0.071724,0.26922,-0.584884,-0.071724,-0.447368,0.166613,-0.570698,0.257545,-0.252211,0.245893,0.592028,-0.407909,0.204354,-0.411416,-0.534351,-0.534351,-0.534351,-0.170308,0.178476,0.220532,0.112032,0.347367,-0.088596,0.0,-0.469499,-0.12524,-0.272078,0.356234,-0.135908,0.106262,0.702073,0.627158,-0.088596,0.245893,0.517509,-0.383107,0.0,-0.393884,0.047131,0.818534,-0.408118,0.353117,0.589135,0.092027,0.072258,-0.47164,0.0,0.240668,-0.104067,-0.158741,0.092027,-0.111351,0.387509,-0.570698,0.387509,-0.105476,0.539257,-0.390148,0.236906,-0.267714,0.07898,0.076367,-0.815639,0.249678,-0.587177,0.333665,-0.104067,0.07898,-0.822922,0.490955,-0.000586,0.104608,-0.3415,0.372848,#
15,0.308304,-0.508913,-0.270695,0.698073,0.343624,-0.666073,-0.508913,0.188784,-0.333211,0.2587,-0.333333,-0.218165,0.174634,-0.508857,-0.272078,1.0,-0.271956,-0.268444,-0.329739,-0.16663,-0.166667,-0.652451,-0.508913,-0.272101,1.0,-0.218164,0.257876,-0.111111,0.28537,0.299015,0.217949,-0.098725,0.280884,-0.218075,0.209575,-0.272166,0.130189,0.183105,0.78004,0.518497,0.683496,0.164211,0.082062,0.192312,-0.111111,0.32796,0.178017,0.057639,-0.407679,0.178702,0.222169,0.247834,-0.271984,0.243634,0.095086,0.218963,0.221669,-0.218165,0.267652,0.22581,0.065235,-0.178533,0.209887,0.146508,0.329198,0.24312,-0.16265,0.392775,0.336089,-0.500057,0.057166,0.288249,0.509175,0.333333,0.340652,-0.458849,0.28475,0.340652,0.278373,-0.407885,-0.166582,0.278373,0.426819,0.333333,-0.272031,-0.333069,0.355571,-0.332704,-0.166667,-0.271643,-0.218218,0.223894,0.348215,0.178139,0.333333,0.340652,0.340652,0.178139,0.18405,0.509175,0.120533,0.201319,0.333333,-0.333165,0.28475,0.666667,-0.407832,0.0,-0.218107,0.549255,-0.217859,-0.218164,0.291309,0.666667,-0.407433,-0.329746,0.690124,0.340652,0.231415,0.277642,-0.333075,-0.166667,0.229701,0.0,0.135578,0.241365,-0.218107,0.205303,0.196018,-0.218107,0.355571,0.408248,0.278373,0.27257,0.417625,-0.408026,-0.166627,-0.166582,0.223104,0.340652,0.509175,0.509175,0.509175,0.187569,0.269117,0.175055,-0.166667,-0.198212,0.18405,0.0,0.145381,0.189704,-0.111111,-0.218218,0.183683,-0.166582,-0.32141,-0.612145,0.18405,0.278373,-0.262479,0.235286,0.0,0.131608,-0.908452,-0.323694,-0.166667,-0.039662,-0.165812,-0.166667,-0.506382,0.500197,0.0,0.145381,0.158726,0.278373,-0.166667,-0.204494,-0.323694,0.278373,-0.323694,-0.210853,-0.263005,0.080387,-0.395948,-0.067279,0.192208,0.2476,0.342093,-0.396037,0.278373,-0.210731,0.158726,0.192208,0.210298,-0.500689,0.140419,-0.508503,0.229701,-0.218107,#
16,0.02243,0.51869,0.541819,-0.407557,0.413747,0.397265,0.51869,-0.233651,0.019173,0.22955,-0.396706,-0.533982,-0.102683,0.063771,0.562557,-0.271956,1.0,0.621006,0.477519,0.584055,0.116018,0.490991,0.51869,-0.25075,-0.271956,-0.082765,-0.092948,0.376746,-0.175292,0.040778,-0.150276,-0.011084,-0.149113,0.78961,0.147434,0.158899,0.222178,-0.150635,-0.402393,-0.104531,-0.407827,-0.611605,0.062652,-0.169477,0.376746,0.402426,-0.603607,-0.199752,0.245123,-0.095942,-0.359258,0.012568,-0.236968,0.475712,-0.446806,-0.538538,-0.583256,-0.088626,0.543489,0.34465,0.309817,-0.375749,-0.340436,-0.510314,-0.1828,-0.444801,0.595328,-0.235066,-0.522891,0.446983,-0.177788,-0.504368,-0.076768,-0.022455,-0.42206,0.285064,-0.142916,-0.42206,-0.166376,-0.174023,0.092446,-0.166376,-0.274458,0.396706,-0.247694,-0.397424,0.389517,0.012683,0.078593,0.144891,0.364241,0.087297,-0.815236,-0.094529,0.396706,-0.406929,-0.391799,-0.094529,-0.617704,-0.093102,-0.410627,-0.101391,-0.022455,0.410124,-0.15847,-0.407934,-0.16615,0.0,-0.084738,-0.53149,0.345417,0.352333,-0.998211,0.097305,-0.183601,0.014809,-0.407726,-0.406929,-0.053058,-0.45726,-0.417477,0.078593,0.098001,0.0,-0.507828,0.067468,0.364363,0.427681,-0.194664,-0.101371,0.003177,0.571425,-0.166376,-0.195512,-0.247694,0.249778,0.620741,0.130921,0.077845,-0.406929,-0.53411,-0.076768,-0.53411,-0.143354,-0.293087,0.246896,0.078593,-0.017803,-0.083611,0.0,-0.387911,-0.132054,0.426646,0.331573,0.390357,0.111684,0.378036,0.651588,-0.617704,0.249778,0.528869,0.073504,0.0,-0.387139,0.101175,0.436599,0.116018,0.481823,0.61638,0.097305,0.125079,-0.470069,0.0,-0.439008,-0.042893,-0.181789,0.097305,0.405342,0.467612,-0.166376,0.467612,-0.053623,0.569144,0.318598,0.285393,0.182802,0.102079,0.095272,-0.390756,0.283417,-0.150963,-0.064097,-0.042893,0.55175,-0.759209,0.106227,0.454735,0.108893,-0.366215,0.34773,#
17,-0.000634,0.526839,0.304354,-0.402295,0.01191,0.409197,0.526839,0.036534,-0.091798,0.296675,-0.102808,-0.148412,-0.161585,0.137655,0.625393,-0.268444,0.621006,1.0,0.311826,0.732751,0.047121,0.399025,0.526839,-0.304323,-0.268444,-0.143428,-0.28097,0.474061,-0.166708,-0.437251,0.286018,0.177621,-0.259895,0.445355,0.031877,0.514149,0.119345,-0.30804,-0.03758,-0.035537,0.016956,0.01232,0.235172,-0.115506,0.474061,0.470135,-0.118961,-0.62616,0.319292,-0.589578,0.029346,0.103492,0.169172,0.096206,-0.508758,-0.085907,-0.028319,-0.148412,0.125792,0.420093,0.277071,0.037544,-0.322786,-0.563064,-0.14685,-0.519534,0.041805,-0.130798,-0.402292,0.044984,-0.504702,-0.967678,-0.134608,0.102809,-0.354645,0.011794,0.205319,-0.027517,-0.156621,0.29433,0.170037,-0.156621,-0.656214,0.462638,-0.178635,0.008069,0.133841,-0.089887,0.154213,-0.182741,0.370172,0.164266,-0.473954,0.406286,0.462638,-0.337326,-0.441237,0.406286,-0.038086,-0.022435,-0.485494,-0.114821,0.102809,0.476644,0.187517,-0.402666,0.306478,0.0,-0.012904,-0.524627,-0.012516,-0.029069,-0.6459,0.175631,-0.162874,-0.004238,-0.402461,-0.337326,-0.0936,-0.329371,-0.349434,0.154213,0.533873,0.0,0.130843,-0.206216,0.367868,0.240827,-0.088735,-0.031943,-0.432183,0.636566,-0.156621,-0.157032,-0.178635,0.652946,0.186925,0.059941,0.027348,-0.337326,-0.527214,-0.134608,-0.527214,-0.301824,0.220043,0.110125,0.154213,-0.160476,0.420407,0.0,-0.441567,-0.441258,0.331272,0.463649,0.007989,0.192056,0.42368,0.514336,-0.038086,0.652946,0.635863,-0.329103,0.0,0.285749,0.099352,0.469227,0.047121,0.507079,0.227034,0.175631,0.031869,-0.443673,0.0,-0.295353,-0.148272,-0.050769,0.175631,-0.116586,0.380484,-0.156621,0.380484,-0.534626,0.202043,-0.229338,0.197495,0.261112,-0.204269,0.052421,-0.440319,0.662962,-0.138979,-0.164457,-0.148272,0.181751,-0.467295,0.159307,0.110155,0.548074,-0.223079,0.4821,#
18,-0.23527,0.168474,0.006751,-0.494152,0.238017,0.469105,0.168474,-0.527811,0.15831,-0.052011,-0.266932,0.150015,-0.03778,0.177164,0.351697,-0.329739,0.477519,0.311826,1.0,0.025325,0.545639,-0.044131,0.168474,-0.063963,-0.329739,0.160506,-0.023042,-0.329739,0.371993,0.294188,-0.126974,-0.372041,0.377962,0.277359,0.206098,-0.070513,-0.242239,0.081548,-0.158346,-0.213677,-0.110045,-0.346832,-0.215505,-0.111886,-0.329739,-0.179155,-0.585131,-0.141188,0.078366,0.071169,-0.271305,-0.19912,-0.066622,0.269176,0.24226,0.062038,-0.543744,0.150015,0.190919,-0.183174,-0.359533,-0.071866,-0.136926,-0.464421,-0.187399,0.007089,0.137911,-0.037004,-0.355081,0.326832,0.462497,-0.324831,-0.202159,-0.157019,-0.560221,0.25937,-0.054016,-0.260449,-0.354048,-0.037702,-0.494356,-0.354048,0.0329,-0.17272,0.053603,-0.259867,-0.176679,0.142508,-0.494609,0.045064,0.243276,-0.146694,-0.252105,-0.030032,0.25123,-0.147594,-0.147594,-0.030032,-0.536416,0.260408,-0.382439,-0.065254,-0.157019,-0.163464,-0.478167,-0.494609,-0.471131,0.0,0.277399,-0.644417,-0.211888,0.248399,-0.454665,0.015702,-0.03708,0.158241,-0.494356,-0.147594,-0.377517,-0.598341,-0.555202,-0.494609,0.192832,0.0,-0.258962,-0.148197,-0.193656,0.026635,-0.4794,-0.17621,-0.176679,0.025641,-0.354048,-0.047482,-0.384966,0.371652,0.545124,0.030267,0.326601,-0.147594,-0.185027,-0.202159,-0.185027,-0.461816,-0.379911,-0.486713,0.035329,0.176234,-0.556423,0.0,0.321271,-0.42223,0.350675,-0.202159,0.085859,0.030267,0.139916,0.47983,-0.536416,0.371652,0.278882,-0.159249,0.0,-0.356321,0.454641,0.158577,0.54564,0.310672,0.541068,0.015702,0.205986,-0.59607,0.0,-0.375462,-0.546071,-0.354048,0.015702,0.269938,0.581449,-0.354048,0.581449,-0.181092,0.048868,-0.141684,0.395983,-0.520545,-0.121283,-0.281304,-0.145666,-0.047856,0.066283,0.14732,0.010828,-0.138127,-0.233696,0.180346,-0.407225,0.206622,-0.587769,-0.193656,#
19,0.008724,0.3176,0.649103,-0.249714,-0.002504,0.243171,0.3176,0.198273,-0.499706,0.407584,-0.499889,-0.327175,-0.380485,0.323602,0.611663,-0.16663,0.584055,0.732751,0.025325,1.0,-0.249944,0.300591,0.3176,-0.408061,-0.16663,-0.327173,-0.609993,0.650799,-0.102556,-0.499463,0.303271,0.298903,-0.611978,0.743288,-0.191793,0.092413,0.004912,-0.532706,-0.24655,0.213975,-0.249879,-0.151826,0.273994,-0.331173,0.650799,0.511288,-0.337487,-0.647482,0.433262,-0.378317,-0.225435,0.351182,0.13237,0.345001,-0.64818,-0.311243,0.308447,-0.327175,0.26074,0.31327,0.157821,-0.26774,-0.192078,-0.636218,-0.354123,-0.854007,0.234716,-0.309737,-0.506738,0.275109,-0.541072,-0.565286,-0.327254,0.499889,-0.003919,-0.125508,-0.082532,-0.003919,-0.106929,0.42703,0.380449,-0.106929,-0.407327,0.499889,0.118928,0.026973,0.533238,-0.498945,0.363127,0.113958,0.22846,0.335766,-0.499502,0.267149,0.499889,0.015147,-0.499637,0.267149,0.276014,0.22846,-0.674315,-0.332835,0.499889,0.510864,-0.10213,-0.249944,0.436866,0.0,0.238824,-0.325648,0.238963,0.221094,-0.611612,0.386706,-0.087192,0.051317,-0.249817,0.015147,-0.337051,0.221197,0.001714,0.363127,0.344475,0.0,0.011509,0.361967,0.217864,0.160276,0.270702,0.217864,-0.498835,0.612236,-0.106929,0.177388,0.118928,0.417466,0.399094,-0.249817,-0.051474,0.015147,-0.327254,-0.327254,-0.327254,-0.530928,0.403585,0.231861,0.363127,-0.297252,0.276014,0.0,-0.619012,0.284492,-0.16663,0.763593,0.275462,0.40469,0.54661,0.534957,0.276014,0.417466,0.158089,-0.214794,0.0,0.197368,-0.07539,0.550158,-0.249944,0.53532,0.442305,0.386706,-0.202338,-0.204471,0.0,0.218022,-0.348924,0.417466,0.386706,-0.306673,0.042132,-0.106929,0.042132,-0.316209,0.555109,0.221014,-0.081626,0.403585,0.355282,-0.205786,-0.499524,0.438987,-0.087507,-0.316027,-0.348924,0.355282,-0.759771,0.414271,0.302139,0.353393,0.344475,0.783776,#
20,-0.499452,-0.212047,-0.406043,-0.249769,0.00781,0.243685,-0.212047,0.199889,0.00781,-0.612078,0.0,0.203999,0.237696,-0.230265,-0.408118,-0.166667,0.116018,0.047121,0.545639,-0.249944,1.0,-0.326226,-0.212047,-0.408152,-0.166667,-0.327246,-0.07178,-0.166667,-0.112014,0.521453,0.182692,0.148088,0.401452,-0.327113,-0.22393,0.102062,-0.618397,0.299626,-0.246605,-0.327248,-0.249935,0.279603,0.276958,0.288468,-0.166667,-0.003967,0.192852,0.230556,0.414009,0.243685,0.312161,0.246442,-0.407976,0.240865,0.235648,0.304294,-0.376511,-0.327248,0.114708,-0.308829,-0.636041,-0.219109,0.336394,-0.006464,0.368256,0.277852,-0.243975,0.525123,0.432114,0.272758,0.192936,-0.066519,0.218218,0.0,0.005615,0.458848,-0.092351,0.005615,0.417559,-0.092351,-0.249873,0.417559,0.116405,0.0,0.109195,-0.499604,-0.498946,0.023212,-0.25,0.124011,0.218218,0.335841,0.011355,0.267208,0.5,0.005615,0.510978,0.267208,-0.361022,0.218218,0.148514,-0.345118,0.0,0.005615,-0.092351,-0.25,-0.611749,0.0,0.228395,-0.325721,-0.326789,-0.327246,-0.087393,-0.25,-0.077135,0.061827,-0.249873,0.005615,-0.47501,-0.169188,0.011355,-0.25,0.344552,0.0,0.236168,-0.19975,0.228395,-0.3231,0.151756,0.228395,0.017205,0.102062,0.417559,-0.285427,-0.408046,0.417559,-0.24994,0.392657,0.141585,0.005615,0.218218,0.218218,0.218218,-0.346668,-0.41629,-0.76899,0.375,-0.297318,-0.361022,0.0,0.218071,-0.355694,0.666667,-0.327327,0.275524,-0.249873,-0.482115,0.072665,-0.361022,0.417559,0.168737,0.352929,0.0,0.197412,0.28351,-0.485541,1.0,0.195478,-0.248719,-0.25,0.376237,-0.367166,0.0,-0.63525,-0.336609,-0.09724,-0.25,0.25097,0.032369,0.417559,0.032369,-0.316279,-0.394507,0.221064,0.450336,-0.163993,-0.181033,-0.195142,0.513139,-0.077486,0.417559,-0.316097,0.320189,-0.181033,0.387139,-0.168335,-0.430415,0.353472,-0.209192,-0.327161,#
