0,1.0,0.49988,-0.373848,-0.431954,0.804153,0.050774,-0.333333,-0.640371,0.218218,0.49988,0.491919,-0.149016,0.652415,0.303668,-0.232432,0.026388,-0.245112,0.202927,0.218218,-0.20129,0.053495,-0.162823,0.303668,0.052152,-0.00776,-0.351732,0.007866,-0.008228,0.455792,0.397746,-0.678063,0.538864,-0.070535,0.0,-0.548176,-0.489034,-0.01998,-0.423057,-0.229078,0.014278,0.653429,0.417437,-0.193636,-0.067781,-0.150675,0.428572,0.389308,0.504902,0.193987,0.073586,0.290329,-0.331701,0.333333,-0.433751,0.180449,0.039598,-0.218941,0.473015,-0.197216,0.333333,-0.249996,0.38411,0.501522,-0.615826,0.423388,0.661318,0.073967,0.718048,0.628367,0.594636,-0.411215,-0.178458,0.333333,-0.6,-0.52601,-0.108466,-0.392163,-0.201326,0.014554,-0.214164,0.011827,-0.509391,-0.200063,-0.447083,-0.389545,-0.185946,-0.195248,-0.185946,-0.011867,-0.185946,-0.223609,-0.604325,-0.185946,0.388564,-0.223221,-0.217147,0.191289,0.400744,-0.218218,-0.430405,0.258839,-0.447083,-0.431641,-0.185946,-0.23207,0.226491,0.116692,-0.096589,0.226491,-0.23207,0.407661,-0.333333,-0.223609,-0.218218,-0.430405,-0.509391,-0.014493,0.311636,0.23618,-0.200063,-0.226491,-0.816068,-0.473901,-0.023809,0.274774,0.023531,-0.333333,0.07186,0.344124,-0.654654,-0.037014,0.333333,-0.326863,-0.499745,-0.195248,0.333333,-0.333333,0.0,-0.467188,-0.643101,-0.333333,-0.208907,-0.654308,0.318896,-0.223609,0.120387,-0.014493,0.499629,-0.326863,-0.413948,-0.819977,-0.200063,-0.218218,0.011827,0.202548,-0.024686,-0.031174,0.407643,-0.23207,-0.333333,-0.195248,-0.242694,0.023531,0.170327,-0.217859,0.41576,-0.585743,-0.443606,-0.816068,-0.024686,0.408244,0.492607,-0.036431,-0.326863,0.238869,-0.223609,0.0,0.026669,0.22437,-0.036179,0.664364,0.20924,0.19944,0.015414,0.679442,-0.181848,0.012909,-0.214164,-0.226625,0.5254,-0.389545,0.224209,0.22011,0.229789,0.025872,-0.499745,-0.207993,-0.389545,-0.565332,0.0,#
1,0.49988,1.0,0.131437,-0.991293,0.688917,0.15461,-0.166627,-0.320108,-0.327248,0.399558,0.45491,0.379888,0.542589,0.388861,-0.325327,-0.010777,-0.326738,0.037638,0.22886,0.227877,0.166912,-0.32078,0.388861,0.154034,0.106109,-0.292432,0.421513,-0.407216,0.447804,0.401549,-0.762638,0.254727,-0.246812,-0.408019,-0.489918,-0.244458,-0.24969,-0.325016,-0.327175,-0.249812,-0.326636,0.187574,-0.49946,-0.16631,0.279864,0.337454,0.171034,0.708877,-0.499769,0.389379,-0.11447,-0.648238,0.682842,-0.439113,0.30341,-0.278867,-0.588119,0.288774,0.356601,-0.166627,-0.249935,0.518299,0.499955,-0.126368,0.3597,0.408008,-0.246498,0.437619,0.307122,0.44587,-0.328637,-0.078712,0.682842,-0.49988,-0.993336,0.26047,-0.087709,-0.327075,0.238657,-0.014461,0.113721,-0.403278,-0.211045,-0.610061,0.173344,0.012986,-0.499484,-0.49961,0.396285,-0.49961,-0.010959,-0.49961,-0.49961,0.103813,-0.020152,-0.196437,0.323862,0.128907,-0.327248,-0.152574,0.375198,-0.610061,-0.122457,-0.49961,-0.76049,-0.327075,0.29023,0.049703,-0.327075,-0.76049,0.610169,-0.166627,-0.010959,-0.327248,-0.082264,-0.403278,-0.353282,0.173344,-0.326405,-0.211045,-0.327075,-0.407936,-0.364419,-0.081913,0.272784,-0.092718,-0.166627,0.338185,0.401382,-0.327248,-0.10751,-0.166627,0.142285,-0.249812,0.007092,-0.166627,-0.166627,0.0,-0.338859,-0.762711,-0.166627,0.486196,-0.327075,0.205253,-0.010959,0.541615,-0.353282,0.408827,0.142285,-0.407936,-0.611865,-0.211045,-0.327248,-0.407936,-0.20101,-0.407216,0.323582,0.442678,-0.191829,-0.166627,0.007092,-0.759832,-0.092718,-0.002623,0.325454,0.643611,0.007092,-0.285106,-0.407936,-0.407216,0.612219,0.500705,-0.406718,0.142285,-0.164579,-0.010959,-0.24994,0.170432,0.517784,-0.305318,0.79634,0.05272,0.00953,0.278138,0.361113,-0.525094,0.439429,-0.014461,-0.078446,0.450213,0.173344,0.21446,0.351389,0.061062,0.152403,-0.249812,0.361113,-0.68574,-0.64485,-0.24994,#
2,-0.373848,0.131437,1.0,-0.187495,-0.184244,-0.299172,0.406356,0.73397,-0.070939,-0.406259,0.227786,0.257629,-0.013256,-0.257683,0.320187,-0.233045,0.328026,-0.399617,-0.070939,0.798188,0.121008,0.309026,-0.257683,0.562305,0.648983,0.273246,0.21864,-0.279536,0.255932,-0.121695,0.066817,-0.542433,-0.40127,0.131372,-0.112052,0.571562,0.058457,0.344642,-0.136971,0.02785,-0.53105,-0.260096,-0.438118,-0.547188,0.833465,-0.417967,-0.653884,0.158476,-0.403234,0.353702,-0.015984,0.296536,-0.270904,0.183811,0.090658,-0.537438,-0.528574,-0.030204,0.497565,-0.270904,0.325079,0.07284,-0.107893,0.600588,-0.582738,0.14725,0.04208,-0.412238,0.198175,-0.223512,0.335015,-0.336481,-0.270904,-0.032508,-0.111624,0.669958,0.262699,-0.149303,-0.080432,-0.384853,0.588255,-0.123014,0.540623,-0.182657,0.367242,-0.0,-0.042937,-0.041558,0.335627,-0.459029,0.472498,-0.034002,-0.041558,-0.662142,-0.024825,0.116268,0.582467,0.25463,-0.070939,-0.124372,0.137904,0.251399,-0.190991,-0.041558,-0.381403,-0.149303,-0.225238,0.737892,-0.079765,-0.381403,0.241662,-0.270904,0.472498,-0.141879,0.347853,-0.123014,0.009423,-0.345081,-0.107264,0.091459,-0.071584,0.128801,0.422493,0.280579,-0.220122,-0.172116,-0.270904,-0.100951,0.307642,0.319227,-0.617687,-0.270904,0.315649,0.116043,0.061605,-0.270904,-0.270904,0.0,0.376525,0.05739,-0.270904,0.841362,0.310878,-0.368239,0.472498,0.156545,-0.070671,-0.406055,0.315649,0.128801,0.22793,0.091459,-0.070939,-0.30374,0.567916,-0.662059,0.58145,0.313018,0.127833,0.433447,0.82327,0.078896,0.250524,-0.373752,0.116649,-0.214351,0.82327,0.015451,0.553652,-0.21868,0.199072,-0.172782,-0.217126,0.315649,-0.851895,0.472498,-0.406356,-0.23625,0.027352,0.229343,-0.048369,-0.378115,0.037483,0.387085,-0.318919,0.431548,0.659897,-0.450607,0.688254,-0.385594,0.367242,0.371938,-0.37007,-0.392181,-0.290162,0.550042,0.528526,-0.402067,0.037331,0.101589,#
3,-0.431954,-0.991293,-0.187495,1.0,-0.640629,-0.156351,0.157074,0.245363,0.372756,-0.365841,-0.42969,-0.386742,-0.511907,-0.350373,0.289563,0.007772,0.263089,0.030955,-0.184236,-0.291145,-0.133917,0.341882,-0.350373,-0.210256,-0.092183,0.274413,-0.419016,0.400836,-0.402224,-0.359389,0.716421,-0.189516,0.301907,0.383057,0.453678,0.200724,0.182416,0.281429,0.242558,0.214465,0.394906,-0.135144,0.448776,0.199179,-0.283452,-0.368845,-0.141495,-0.677187,0.529715,-0.407852,0.150417,0.625221,-0.661021,0.419128,-0.352045,0.270369,0.622306,-0.267342,-0.349676,0.189798,0.186521,-0.48267,-0.49293,0.087174,-0.306505,-0.330838,0.280776,-0.448256,-0.230915,-0.413014,0.285935,0.059566,-0.661021,0.451588,0.98516,-0.330102,0.031966,0.310795,-0.247752,0.043451,-0.157675,0.395203,0.210644,0.552549,-0.234043,-0.081233,0.492272,0.512041,-0.394469,0.47325,-1e-06,0.432177,0.512041,-0.04799,-0.01038,0.1733,-0.327757,-0.094658,0.372756,0.196713,-0.343889,0.592881,0.065446,0.512041,0.759927,0.310795,-0.320763,-0.075858,0.394794,0.759927,-0.576298,0.12435,-1e-06,0.287065,0.084038,0.395203,0.416304,-0.165207,0.371795,0.168908,0.350324,0.325335,0.332996,0.06498,-0.312911,0.059138,0.189798,-0.307178,-0.423419,0.287065,0.068072,0.189798,-0.164218,0.211662,-0.017364,0.189798,0.12435,0.0,0.273849,0.742507,0.12435,-0.536873,0.224326,-0.234538,-1e-06,-0.546028,0.319555,-0.375142,-0.164218,0.364812,0.556955,0.168908,0.372756,0.40661,0.198844,0.422646,-0.416826,-0.400741,0.144796,0.189798,-0.055699,0.73759,0.098409,0.071185,-0.372143,-0.64693,-0.055699,0.250097,0.325335,0.422646,-0.577119,-0.441009,0.441818,-0.164218,0.16415,-1e-06,0.284697,-0.153423,-0.487525,0.343806,-0.771788,0.016191,0.001957,-0.311416,-0.297572,0.494152,-0.475738,-0.035976,0.047775,-0.414198,-0.234043,-0.189294,-0.373826,-0.010528,-0.21538,0.164003,-0.384692,0.695242,0.619513,0.284697,#
4,0.804153,0.688917,-0.184244,-0.640629,1.0,0.288565,-0.268051,-0.514956,-0.059738,0.688917,0.533179,0.439694,0.543618,0.264979,-0.201228,0.267883,-0.525621,0.082661,0.425634,-0.041759,0.289075,-0.516037,0.264979,0.267841,-0.207132,-0.032391,0.227992,0.079123,0.38581,0.64597,-0.77367,0.427506,-0.071202,-0.211399,-0.455597,-0.393258,-0.401675,-0.096339,-0.07139,-0.006107,0.273219,0.580264,-0.372783,-0.118676,0.008701,0.38069,0.093105,0.3241,-0.062934,-0.068707,0.119539,-0.451404,0.473367,-0.115914,0.488093,-0.008977,-0.346614,0.401188,0.083037,-0.268051,-0.134735,0.59367,0.443176,-0.375748,0.524374,0.541721,0.20987,0.587501,0.480913,0.5583,-0.597351,0.106868,0.473367,-0.804153,-0.724238,0.027839,-0.526819,-0.177397,-0.121768,-0.38027,-0.200941,-0.68205,-0.398779,-0.593761,-0.312921,-0.356325,-0.485175,-0.481595,-0.103753,-0.481595,-0.315634,-0.803719,-0.481595,0.193012,-0.384938,0.033219,0.487005,0.202789,-0.526442,-0.250379,0.239639,-0.593761,-0.556764,-0.481595,-0.452431,-0.177397,-0.039931,0.022723,-0.177397,-0.452431,0.232635,-0.268051,-0.315634,-0.526442,-0.136849,-0.68205,-0.172088,0.226942,-0.204187,-0.398779,-0.526164,-0.656244,-0.654314,0.168245,0.260586,-0.204927,-0.268051,0.086416,0.400375,-0.526442,-0.147349,-0.268051,-0.439176,-0.401872,-0.361376,0.444851,-0.268051,0.0,-0.49859,-0.877454,-0.268051,0.057189,-0.526164,0.269855,-0.315634,0.356346,-0.172088,0.688889,-0.439176,-0.656244,-0.984303,-0.398779,-0.526442,-0.328426,0.022743,-0.25912,0.098941,0.35739,-0.313459,-0.268051,-0.361376,-0.458513,-0.204927,0.021024,-0.276931,0.683119,-0.361376,-0.301428,-0.656244,-0.25912,0.548317,0.420234,-0.264706,-0.439176,0.080537,-0.315634,-0.402077,0.273322,0.40223,0.003405,0.90581,0.387274,0.35851,0.409302,0.546613,-0.347539,0.35692,-0.38027,0.033265,0.72324,-0.312921,0.285002,0.531241,0.411946,-0.170644,-0.401872,0.20498,-0.522867,-0.538947,-0.01711,#
5,0.050774,0.15461,-0.299172,-0.156351,0.288565,1.0,0.321572,-0.101847,-0.070173,0.673016,-0.399632,0.467273,0.393924,0.199686,-0.095003,0.43247,-0.124455,0.064859,0.409957,-0.531462,0.66848,-0.095803,0.199686,-0.226699,-0.27582,-0.05813,-0.524417,-0.261405,0.231988,0.308079,0.063119,0.393928,-0.401113,-0.222931,-0.374486,-0.397288,-0.405791,-0.122064,0.36694,-0.40599,-0.095291,0.652183,0.007603,-0.068066,-0.101847,-0.06226,0.262973,-0.171792,0.381103,-0.039676,0.186089,-0.464667,0.462613,-0.081976,0.538906,0.446181,0.277479,-0.085204,-0.312162,-0.270798,0.556393,0.561254,0.570206,-0.339413,0.165506,0.121126,0.199258,0.265649,0.047302,0.491884,-0.617721,0.501382,0.462613,-0.406197,-0.178795,0.16522,-0.584083,-0.531555,-0.604974,0.017721,-0.662968,-0.13942,-0.839312,0.195715,0.194163,-0.410698,-0.444363,-0.811954,0.214103,-0.410698,-0.520375,-0.038946,-0.811954,0.177138,-0.021873,-0.388489,0.028706,-0.275618,-0.531836,0.199111,0.546627,-0.221483,0.226063,-0.811954,-0.381646,-0.531555,-0.264156,-0.570121,-0.531555,-0.381646,-0.240269,0.406197,-0.520375,-0.531836,0.183935,-0.13942,-0.189117,-0.428875,-0.160127,-0.407593,-0.129056,0.123706,-0.666448,-0.253067,0.120913,-0.587831,-0.270798,0.465292,0.293153,-0.531836,0.259565,-0.270798,-0.465348,0.543736,-0.047819,0.434405,0.406197,0.0,-0.101475,-0.400802,0.406197,-0.031036,0.305389,0.224437,-0.520375,0.126325,-0.189117,0.672993,-0.465348,-0.284644,-0.203946,-0.407593,-0.531836,-0.662968,-0.427441,0.156049,-0.405209,0.26146,-0.381646,-0.270798,-0.444363,0.020105,-0.994056,0.003912,-0.345299,0.646934,-0.444363,-0.002145,0.123706,0.156049,0.148554,-0.080009,0.112837,-0.465348,0.14031,-0.520375,-0.406197,0.663965,0.063079,-0.566702,0.419317,0.392882,0.374258,0.416881,0.160992,-0.370254,0.265236,0.017721,-0.395267,0.676356,0.194163,-0.118975,0.148547,0.469723,0.212588,0.050749,0.104669,0.194163,0.120499,0.038081,#
6,-0.333333,-0.166627,0.406356,0.157074,-0.268051,0.321572,1.0,0.571311,-0.218218,-0.166627,-0.163973,0.049672,0.239219,-0.50016,0.596577,-0.39582,0.544694,-0.333008,-0.218218,-0.218064,0.475509,0.584247,-0.50016,-0.266556,0.452686,0.227592,-0.427398,-0.271543,0.17403,-0.408145,0.254274,0.185924,-0.164581,-0.272078,-0.326691,-0.163011,-0.1665,0.194741,-0.218169,-0.166582,-0.21781,0.380331,-0.333053,-0.610023,0.571311,-0.428572,-0.26819,-0.26696,0.338233,0.101619,0.165456,0.153093,-0.111111,0.110159,0.257003,0.283787,0.090152,0.24777,0.265813,-0.111111,0.666656,0.554825,0.285179,0.205276,-0.787593,0.135887,-0.164371,-0.490973,0.159437,0.297318,0.190563,0.29743,-0.111111,-0.333333,0.2143,0.542334,-0.408008,-0.218103,-0.664634,-0.333145,-0.272023,0.208608,0.241742,0.318194,0.181788,-0.333153,0.35604,-0.333153,0.304586,-0.333153,0.372681,0.364144,-0.333153,-0.271577,0.372034,-0.506677,0.259302,-0.271211,-0.218218,0.310848,0.297186,0.318194,0.311741,-0.333153,-0.507115,-0.218103,-0.145865,0.080491,-0.218103,-0.507115,-0.271774,-0.111111,0.372681,-0.218218,0.310848,0.208608,0.207729,-0.986847,0.47699,0.241742,0.536868,0.437602,0.196262,0.309524,0.11776,-0.407871,-0.111111,0.208736,0.267652,-0.218218,-0.407159,-0.111111,0.160227,0.690124,0.35604,-0.111111,-0.111111,0.0,0.220616,0.247993,-0.111111,0.363653,0.536868,0.115157,0.372681,0.361163,0.207729,-0.166543,0.160227,0.437602,0.305016,0.241742,-0.218218,-0.272023,0.253185,-0.271543,-0.166261,0.29519,-0.507115,-0.111111,0.35604,0.259725,-0.407871,-0.332543,-0.508338,-0.242527,0.35604,0.443606,0.437602,-0.271543,0.408244,-0.400423,0.457415,0.160227,-0.491788,0.372681,-0.166667,-0.248911,-0.29916,-0.132655,-0.184546,0.356938,0.36564,0.210656,-0.476072,0.206095,0.314116,-0.333145,0.314094,-0.132677,0.181788,0.523154,-0.476904,-0.306386,-0.250093,0.690124,0.263457,0.181788,0.329777,0.666667,#
7,-0.640371,-0.320108,0.73397,0.245363,-0.514956,-0.101847,0.571311,1.0,-0.06987,-0.320108,-0.31501,0.049499,-0.23393,-0.603399,0.641557,-0.042245,0.660167,-0.32737,-0.06987,0.450677,0.253565,0.41346,-0.603399,0.277815,0.300362,0.127428,0.026372,0.00217,-0.038709,-0.459468,0.440597,-0.676435,-0.316178,0.307014,0.12718,0.63751,0.316102,0.269775,0.121732,0.274305,-0.418437,-0.05818,-0.127791,-0.249576,0.400497,-0.470188,-0.515223,-0.275941,-0.165959,0.159583,0.286109,0.222023,-0.213457,0.153275,0.105976,0.052952,0.099209,0.014636,0.378228,-0.213457,0.57444,0.028938,-0.335606,0.360683,-0.796656,-0.146736,0.019736,-0.560034,-0.115877,-0.391288,0.262197,0.084029,-0.213457,0.16951,0.352528,0.429009,0.034245,0.10475,-0.274939,-0.316194,0.291588,0.341824,0.413781,0.2335,0.270363,-0.156285,0.324907,0.160006,0.043137,-0.156285,0.26322,0.33621,0.160006,-0.52173,0.347403,-0.094066,0.446508,-0.190524,-0.06987,0.051116,-0.108877,0.562356,0.224019,0.160006,-0.08669,0.10475,-0.263739,0.496869,-0.076548,-0.08669,-0.195791,-0.213457,0.26322,0.11508,0.051116,0.341824,-0.262863,-0.555033,0.072481,0.073477,0.11423,0.470907,0.318889,0.222426,-0.180393,-0.293837,-0.213457,-0.358856,0.19012,0.464431,-0.268634,-0.213457,0.229955,0.285062,-0.153152,-0.213457,-0.213457,0.0,0.290924,0.425361,-0.213457,0.651622,0.637979,-0.278038,0.26322,0.013605,-0.054047,-0.319948,0.229955,0.470907,0.537847,0.073477,-0.06987,-0.030295,0.435134,-0.521664,0.329388,0.028328,-0.08669,0.320185,0.637484,0.447236,0.02637,-0.30774,-0.094375,-0.518533,0.637484,0.291234,0.792789,-0.185744,-0.042289,-0.534053,-0.006404,0.229955,-0.451219,0.26322,-0.320185,-0.211969,-0.325862,-0.096419,-0.41058,-0.161577,-0.155653,0.3176,-0.637756,0.322293,0.530512,-0.144764,0.518042,-0.319359,0.270363,0.097125,-0.43296,-0.333733,-0.02607,0.879388,0.427782,0.270363,0.561999,0.268391,#
8,0.218218,-0.327248,-0.070939,0.372756,-0.059738,-0.070173,-0.218218,-0.06987,1.0,0.207471,-0.322036,-0.28675,0.238467,0.479453,-0.426056,0.182347,0.017829,0.623358,0.52381,0.029283,0.252926,0.457721,0.479453,0.235198,0.313287,-0.343137,-0.358759,-0.120307,0.558796,0.083392,0.38841,-0.191857,-0.32323,0.792796,-0.333491,0.315066,0.1962,-0.386859,0.035706,-0.32716,0.490275,-0.062752,0.224795,0.256375,-0.06987,-0.529958,-0.054748,0.254551,0.208401,-0.098641,0.570195,0.13363,-0.218218,-0.256913,-0.533383,-0.285154,0.261367,-0.176949,-0.525789,0.509175,-0.054554,-0.307338,-0.148067,-0.420493,0.181802,0.504101,0.753244,0.040177,0.558717,-0.308181,-0.369881,-0.662026,-0.218218,0.218218,0.261454,-0.355041,0.08039,-0.428345,-0.225492,0.22848,0.343257,-0.225492,-0.070943,0.044825,0.144509,-0.223172,-0.22807,0.207956,0.080277,-0.223172,-0.487954,-0.223172,0.207956,0.341902,-0.217917,-0.103133,-0.102965,0.765846,0.523809,-0.354817,0.395383,0.493081,-0.355836,0.207956,0.382627,0.038441,-0.700268,-0.184428,0.505228,0.382627,0.355836,-0.218218,-0.487954,0.047619,0.036525,-0.225492,0.249844,0.144509,0.087919,-0.534801,0.038441,-0.534242,-0.241299,-0.43124,-0.710962,-0.364577,-0.218218,0.163532,-0.225282,0.047619,0.061925,0.509175,-0.524465,-0.32716,-0.22807,0.509175,-0.218218,0.0,0.19965,-0.063289,-0.218218,-0.222871,-0.428345,-0.585706,-0.487954,-0.866934,-0.287795,0.199258,-0.524465,-0.095493,0.08039,-0.534801,0.523809,-0.095493,0.359122,0.328599,-0.326531,0.487719,0.382627,0.509175,0.197995,0.370721,0.071889,0.647792,-0.047541,-0.136089,-0.22807,-0.788249,-0.095493,0.786482,-0.534515,0.420553,0.315348,-0.524465,-0.107317,-0.487954,0.218218,0.296803,-0.261128,0.173687,0.0,-0.265901,-0.261128,-0.292631,0.366127,0.206349,0.025352,-0.212901,-0.216034,0.156343,0.144509,-0.440338,-0.576382,0.150432,-0.124205,-0.32716,-0.118008,0.144509,-0.084814,-0.327327,#
9,0.49988,0.399558,-0.406259,-0.365841,0.688917,0.673016,-0.166627,-0.320108,0.207471,1.0,-0.2459,0.379888,0.542589,0.388861,-0.325327,0.528064,-0.326738,0.515764,0.763579,-0.327018,0.669397,-0.32078,0.388861,0.090137,-0.40732,-0.36848,-0.06037,0.056538,0.447804,0.401549,-0.243413,0.254727,-0.246812,0.101809,-0.489918,-0.244458,-0.24969,-0.399063,0.19406,-0.249812,0.177838,0.710381,-0.005997,0.276593,-0.320108,0.074912,0.171034,0.154267,-0.006143,-0.254606,0.459256,-0.710761,0.682842,-0.337888,0.30341,0.327577,0.232395,0.288774,-0.168678,-0.166627,0.056358,0.518299,0.283086,-0.734842,0.527033,0.408008,0.448287,0.437619,0.307122,0.263733,-0.967627,0.271121,0.682842,-0.49988,-0.456281,-0.271102,-0.611865,-0.327075,-0.403278,-0.014461,-0.407936,-0.403278,-0.762555,-0.165928,0.030163,-0.49961,-0.499484,-0.49961,-0.127132,-0.49961,-0.832851,-0.49961,-0.49961,0.564523,-0.020152,-0.290336,0.230116,0.039636,-0.327248,-0.152574,0.375198,-0.165928,-0.122457,-0.49961,-0.286606,-0.327075,-0.353137,-0.482829,-0.327075,-0.286606,0.081325,-0.166627,-0.832851,-0.327248,-0.170152,-0.403278,-0.459821,0.030163,-0.326405,-0.762555,-0.327075,-0.407936,-0.997825,-0.198598,-0.015775,-0.61166,-0.166627,0.262719,0.120302,-0.327248,0.34599,-0.166627,-0.705771,-0.249812,-0.499484,0.650171,-0.166627,0.0,-0.386559,-0.762711,-0.166627,-0.025709,-0.327075,0.107576,-0.832851,-0.04838,-0.459821,0.999862,-0.705771,-0.407936,-0.611865,-0.762555,-0.327248,-0.407936,-0.294071,0.046456,-0.249332,0.408234,-0.286606,-0.166627,-0.499484,-0.290336,-0.61166,0.444556,-0.239788,0.611774,-0.499484,-0.440393,-0.407936,0.046456,0.112041,0.437175,0.039636,-0.705771,0.317451,-0.832851,-0.24994,0.627879,0.029078,-0.438296,0.762424,0.474959,-0.021014,0.240368,0.327136,-0.658774,0.407797,-0.014461,-0.312265,0.996398,0.030163,-0.302622,0.31768,0.499009,0.120705,-0.249812,0.327136,0.030163,-0.255239,-0.24994,#
10,0.491919,0.45491,0.227786,-0.42969,0.533179,-0.399632,-0.163973,-0.31501,-0.322036,-0.2459,1.0,0.144593,0.093668,-0.099519,0.110615,-0.258105,-0.321534,-0.491439,-0.322036,0.32584,-0.394726,-0.315671,-0.099519,0.252967,0.198419,0.386759,0.375345,0.039819,-0.006731,0.395154,-0.750492,0.274378,0.192852,-0.401521,-0.037437,-0.240565,-0.245714,0.336939,-0.321965,0.283403,0.157798,-0.053167,-0.491505,-0.481527,0.385252,0.421645,-0.075119,0.25335,-0.076989,0.205285,-0.37617,0.225928,-0.163973,0.239362,0.298577,-0.394338,-0.734753,0.199444,0.307915,-0.163973,-0.245956,0.188951,0.262232,0.355206,0.08609,0.248209,-0.242572,0.274868,0.284643,0.438769,0.330562,-0.173532,-0.163973,-0.491919,-0.435937,0.353643,0.009652,0.144523,0.307854,-0.49164,0.207417,-0.441385,0.356752,-0.600345,-0.45366,0.106627,-0.065826,-0.060892,0.009639,-0.060892,0.549985,-0.491653,-0.060892,-0.400781,-0.491239,0.383291,0.382667,0.224918,-0.322036,-0.156742,-0.117457,-0.600345,-0.601608,-0.060892,-0.270502,0.144523,0.358768,0.593925,0.144523,-0.270502,0.216173,-0.163973,0.549985,-0.322036,0.015592,-0.441385,0.306558,0.268274,0.107917,0.356752,-0.321866,-0.401439,0.289635,0.456782,0.366881,0.439864,-0.163973,-0.191074,0.394989,-0.322036,-0.600868,-0.163973,0.236456,-0.245834,0.099725,-0.163973,-0.163973,0.0,-0.215566,-0.283175,-0.163973,0.106483,-0.321866,0.235307,0.549985,0.532988,0.306558,-0.245777,0.236456,-0.401439,-0.60212,0.356752,-0.322036,0.036937,0.373639,-0.400731,0.423319,0.001447,-0.084661,-0.163973,0.099725,-0.27428,0.439864,-0.490752,-0.090456,0.199466,0.099725,0.110921,-0.401439,-0.400731,0.602468,0.051707,-0.400241,0.236456,-0.262817,0.549985,-0.245959,-0.367332,0.503945,0.516113,0.321429,-0.036469,0.503945,0.266793,0.349141,0.304145,0.001329,-0.49164,0.408945,-0.195799,-0.45366,0.734328,0.339621,-0.031546,-0.369076,-0.245834,-0.107709,-0.734412,-0.422805,0.268839,#
11,-0.149016,0.379888,0.257629,-0.386742,0.439694,0.467273,0.049672,0.049499,-0.28675,0.379888,0.144593,1.0,-0.067171,0.130431,-0.095092,0.510596,-0.603229,-0.134492,0.481858,0.21565,0.463802,-0.497333,0.130431,0.307565,-0.211835,0.447621,0.262465,-0.059191,0.074881,0.652612,-0.265237,-0.089521,-0.127085,-0.339097,0.021153,0.12335,-0.748398,0.404181,0.182873,-0.161513,-0.496802,0.3251,-0.428207,-0.079273,0.314854,-0.166433,-0.321944,-0.124769,-0.293721,-0.065366,-0.183078,-0.24991,0.275455,0.427829,0.48624,-0.214037,-0.220005,-0.257229,0.335354,-0.898615,0.176115,0.393733,0.068341,0.348235,0.307688,0.039885,0.34069,-0.08605,-0.005209,0.093645,-0.405846,0.30703,0.275455,-0.419955,-0.398651,0.227754,-0.276417,-0.197392,-0.213527,-0.187938,-0.335022,-0.355484,-0.433299,-0.415615,0.058576,-0.406819,-0.675722,-0.578426,0.043888,-0.60519,-0.181752,-0.520174,-0.578426,-0.33366,-0.481446,0.361481,0.499099,-0.137037,-0.493683,0.32587,0.206103,-0.387787,-0.378133,-0.578426,-0.386343,-0.718997,-0.363588,0.173375,-0.487172,-0.386343,-0.10103,0.185142,-0.181752,-0.730178,0.50565,-0.355484,-0.118388,-0.083907,-0.659288,-0.462096,-0.597971,0.012658,-0.362044,0.108376,-0.153679,-0.466366,-0.085797,0.133368,0.229983,0.008869,-0.294341,-0.898615,-0.230516,0.173119,-0.294529,0.230298,0.185142,0.0,-0.156642,-0.474722,0.185142,0.387718,0.068525,-0.208083,-0.181752,0.327807,-0.385401,0.3802,-0.230516,-0.641044,-0.392328,-0.462096,-0.493683,-0.727563,-0.252096,-0.375215,0.057435,0.092737,-0.166274,0.230298,-0.294529,-0.29261,-0.43927,-0.180967,-0.128643,0.574844,0.181572,0.050654,0.20332,-0.176237,0.287585,-0.039923,-0.451253,-0.230516,-0.334064,-0.181752,-0.738309,0.589977,0.500171,0.076458,0.489381,0.235602,0.365081,0.718099,0.102,-0.232553,0.539841,-0.407145,0.257078,0.397938,0.058576,0.132393,0.408881,0.512252,-0.335061,-0.057062,0.522771,-0.273884,0.008137,-0.027094,#
12,0.652415,0.542589,-0.013256,-0.511907,0.543618,0.393924,0.239219,-0.23393,0.238467,0.542589,0.093668,-0.067171,1.0,0.365207,-0.229549,-0.248196,0.157916,0.248491,0.256263,-0.18919,0.474069,0.25979,0.365207,0.072728,0.384152,-0.417443,-0.359627,-0.424644,0.810051,0.038543,-0.261971,0.5349,-0.49124,0.01997,-0.975106,-0.486556,-0.008147,-0.48663,-0.217508,-0.497213,0.207605,0.457383,-0.172947,-0.41494,0.265264,0.046019,0.1174,0.552038,0.156496,0.136139,0.344918,-0.377464,0.375139,-0.574056,0.197194,0.038913,-0.280219,0.53289,-0.185588,0.347955,0.185527,0.611879,0.730907,-0.599097,0.017153,0.723276,0.087466,0.449697,0.685453,0.584349,-0.474075,-0.20375,0.375139,-0.587173,-0.573391,0.274216,-0.369824,-0.650992,-0.4515,-0.178342,0.032022,-0.536957,-0.240041,-0.05341,0.301162,-0.165101,-0.242027,-0.591595,0.39911,-0.591595,-0.273534,-0.23334,-0.591595,0.432389,0.174376,-0.652932,0.173887,0.428424,-0.206434,-0.464495,0.711132,-0.05341,-0.024836,-0.591595,-0.672494,-0.214877,-0.101112,-0.311142,-0.214877,-0.672494,0.451161,-0.331644,-0.273534,-0.206434,-0.040365,-0.536957,-0.051295,-0.299256,0.188757,-0.240041,0.17301,-0.447344,-0.518579,-0.064465,0.191431,-0.377851,-0.331644,0.581177,0.331156,-0.651336,0.008251,0.347955,-0.348099,-0.057057,0.179459,0.347955,-0.331644,0.0,0.021908,-0.692289,-0.331644,0.184376,-0.263106,0.28954,-0.273534,0.096216,-0.051295,0.54262,-0.348099,-0.037423,-0.439602,-0.240041,-0.206434,-0.402012,0.169311,-0.005234,-0.019576,0.823764,-0.199351,-0.331644,0.179459,-0.285215,-0.377851,0.213913,-0.168053,0.458578,-0.218611,-0.500273,-0.447344,-0.005234,0.386201,0.549173,0.357119,-0.348099,-0.160425,-0.273534,0.012233,0.062855,-0.139673,-0.33694,0.708857,0.1871,0.160207,0.000252,0.293333,-0.227197,0.411201,-0.178342,-0.151939,0.566105,0.301162,0.172951,-0.171426,-0.143047,0.061609,-0.057057,0.220961,-0.413621,-0.612029,-0.069319,#
13,0.303668,0.388861,-0.257683,-0.350373,0.264979,0.199686,-0.50016,-0.603399,0.479453,0.388861,-0.099519,0.130431,0.365207,1.0,-0.976528,0.183832,-0.524679,0.623614,0.498943,-0.00779,0.10989,-0.064671,1.0,0.081048,0.11159,-0.378085,-0.105666,-0.48226,0.522848,0.443289,-0.043149,0.174106,-0.287268,0.133224,-0.38975,-0.083819,-0.21414,-0.489046,-0.033613,-0.749857,-0.041092,-0.196026,0.126457,0.289975,-0.05669,-0.104625,0.243086,0.605982,-0.185386,0.080933,-0.072438,-0.329528,0.273897,-0.38408,-0.366874,-0.507689,-0.17392,-0.345216,-0.423966,0.244125,-0.404139,-0.178392,0.245571,-0.29843,0.732627,0.326881,0.361145,0.360947,0.29217,-0.012613,-0.479605,-0.548295,0.273897,0.142903,-0.451271,-0.271252,0.301009,-0.637884,0.166905,0.604442,0.148731,-0.418042,-0.495402,-0.19728,0.437334,0.149676,-0.74944,-0.299767,0.417173,-0.317413,-0.509271,-0.317413,-0.299767,0.481382,-0.294854,-0.040157,-0.37951,0.595885,0.343023,-0.197118,0.587711,-0.178933,-0.169841,-0.299767,-0.049975,-0.504149,-0.233198,-0.505745,-0.026522,-0.049975,0.614257,0.214354,-0.509271,-0.144226,0.267381,-0.418042,0.113132,0.437334,-0.452408,-0.514387,-0.160258,-0.470276,-0.411974,-0.646039,-0.409488,-0.166241,0.035726,0.693891,-0.239734,-0.144226,0.294007,0.244125,-0.298804,-0.229548,0.130685,0.244126,0.214354,0.0,0.107272,-0.52798,0.214354,-0.159425,-0.523254,-0.304045,-0.509271,-0.438694,-0.436992,0.388998,-0.298804,-0.452319,-0.176614,-0.514387,0.343023,-0.452319,-0.385552,0.446689,-0.226362,0.443679,0.468203,0.244125,-0.165767,-0.417776,-0.148377,0.618719,0.493087,0.571156,-0.287836,-0.804856,-0.344573,0.577874,-0.295338,0.769404,-0.021258,-0.298804,-0.022589,-0.509271,0.209888,0.586191,0.248712,-0.084982,0.466044,-0.290654,-0.214422,-0.26322,0.591482,-0.337501,-0.043351,0.152811,-0.546288,0.361186,0.437334,-0.507458,-0.032191,0.254719,0.125472,-0.749857,-0.022787,-0.345483,-0.596754,-0.750239,#
14,-0.232432,-0.325327,0.320187,0.289563,-0.201228,-0.095003,0.596577,0.641557,-0.426056,-0.325327,0.110615,-0.095092,-0.229549,-0.976528,1.0,-0.14618,0.568771,-0.650176,-0.426056,0.005069,0.021759,0.166742,-0.976528,-0.073943,-0.0,0.322928,0.012982,0.340058,-0.368097,-0.372697,0.000985,-0.14129,0.121319,-0.120156,0.240542,0.072801,0.188082,0.42119,0.010459,0.691964,0.061583,0.299487,-0.237098,-0.386245,0.157817,0.034865,-0.197867,-0.521221,0.262382,0.049357,0.190255,0.273699,-0.216937,0.302693,0.45126,0.494249,0.153565,0.346323,0.398404,-0.216937,0.531682,0.309503,-0.098056,0.259957,-0.780607,-0.167398,-0.320924,-0.30277,-0.136679,0.13994,0.412858,0.510197,-0.216937,-0.255676,0.38954,0.390774,-0.397476,0.470578,-0.260816,-0.650442,-0.133876,0.378539,0.447282,0.142394,-0.41695,-0.26013,0.672453,0.177472,-0.274172,0.177472,0.506745,0.250405,0.177472,-0.530236,0.260784,-0.079271,0.481075,-0.52952,-0.426056,0.18174,-0.412448,0.142394,0.133491,0.177472,-0.071621,0.470578,0.161043,0.526182,0.047965,-0.071621,-0.53062,-0.216937,0.506745,0.005072,-0.268441,0.378539,-0.109816,-0.539183,0.519572,0.447282,0.12693,0.385684,0.354817,0.580804,0.389585,0.041841,-0.216937,-0.63637,0.409261,0.005072,-0.380555,-0.216937,0.274845,0.302008,-0.145756,-0.216937,-0.216937,0.0,-0.138226,0.459277,-0.216937,0.250068,0.549544,0.278884,0.506745,0.4673,0.376945,-0.325164,0.274845,0.385684,0.124574,0.447282,-0.426056,0.311461,0.469316,-0.530169,0.198899,-0.281308,-0.557086,-0.216937,0.23999,0.48186,0.041841,-0.649268,-0.562077,-0.499186,0.23999,0.740907,0.385684,-0.530169,0.39379,-0.7818,0.003952,0.274845,-0.073483,0.506745,-0.325405,-0.512327,-0.19151,0.007989,-0.387658,0.283508,0.295232,0.380838,-0.492789,0.366459,0.155723,-0.25083,0.512055,-0.290498,-0.41695,0.578459,-0.062991,-0.196135,-0.104934,0.781571,0.022883,0.316447,0.608964,0.807703,#
15,0.026388,-0.010777,-0.233045,0.007772,0.267883,0.43247,-0.39582,-0.042245,0.182347,0.528064,-0.258105,0.510596,-0.248196,0.183832,-0.14618,1.0,-0.446293,0.15378,0.681402,0.010328,0.341141,-0.403962,0.183832,0.15291,-0.540959,-0.100095,0.106209,0.107482,-0.042643,0.66713,-0.08499,-0.342184,-0.251271,0.23932,0.249854,0.355389,-0.204742,-0.072652,0.48719,0.176458,0.045272,0.305573,-0.022142,0.531608,-0.40837,-0.081677,0.24389,-0.127873,0.0,0.042997,0.345577,-0.400615,0.3665,0.049053,0.281372,0.101008,0.392523,-0.457669,-0.179882,-0.39582,0.131938,0.005632,-0.128449,-0.160757,0.505159,0.017929,0.498804,0.267213,-0.043309,-0.088263,-0.591518,0.224469,0.3665,-0.026388,-0.019278,-0.252829,-0.280661,-0.098504,0.016002,0.120353,-0.226267,0.016002,-0.669804,-0.30982,-0.238137,-0.474318,-0.567246,-0.125735,-0.1477,-0.143113,-0.570388,-0.474318,-0.125735,-0.095368,-0.457276,0.241,0.249582,-0.111623,-0.297514,0.178776,0.059448,-0.291752,-0.278425,-0.125735,0.258563,-0.098504,-0.408003,-0.044604,0.052019,0.258563,-0.081207,0.30786,-0.570388,-0.451069,-0.177724,0.016002,-0.404743,0.316945,-0.445426,-0.688501,-0.776964,-0.243952,-0.543791,-0.433517,-0.32283,-0.396364,-0.39582,-0.272246,0.242153,0.028792,0.164417,-0.39582,-0.389827,-0.081007,-0.774343,0.33718,0.30786,0.0,-0.458881,-0.207967,0.30786,-0.031647,-0.005534,-0.33777,-0.570388,-0.206491,-0.578113,0.528125,-0.389827,-0.668398,-0.280661,-0.688501,-0.297514,-0.331338,-0.230496,-0.117253,-0.196057,-0.104478,-0.108868,0.33718,-0.465212,0.241,-0.378771,0.116645,-0.077215,0.374844,-0.465212,-0.197884,0.198179,0.344159,-0.179545,-0.172178,-0.565593,-0.389827,0.279939,-0.570388,-0.593729,0.824551,0.438568,-0.245035,0.194791,0.002707,-0.017543,0.559267,0.434811,-0.23993,0.195867,-0.021977,-0.321565,0.507656,-0.238137,-0.413569,0.290412,0.870249,0.225292,-0.230463,-0.053056,0.316945,0.399366,-0.19791,#
16,-0.245112,-0.326738,0.328026,0.263089,-0.525621,-0.124455,0.544694,0.660167,0.017829,-0.326738,-0.321534,-0.603229,0.157916,-0.524679,0.568771,-0.446293,1.0,-0.254439,-0.427903,0.05345,-0.014569,0.61743,-0.524679,-0.024146,0.360775,-0.241737,-0.353486,-0.060508,0.025052,-0.800331,0.445282,-0.19851,-0.322726,0.334103,-0.164224,0.117014,0.736236,-0.110281,0.059492,0.208823,0.011701,-0.081855,0.219593,-0.357197,0.12003,-0.075868,-0.084115,-0.09673,0.203605,0.192394,0.318321,0.219938,-0.217878,-0.270857,0.016754,0.351033,0.117853,0.342305,-0.046238,0.46299,0.520855,0.0,0.043387,-0.111181,-0.854771,-0.079198,-0.322315,-0.147421,-0.04521,-0.06073,0.375314,-0.005833,-0.217878,0.19609,0.358143,0.381073,0.058257,0.044207,-0.252094,-0.240113,0.320819,0.347224,0.420908,0.572609,0.273716,0.186109,0.649362,0.186109,0.101806,0.186109,0.255777,0.664674,0.186109,-0.09729,0.679608,-0.514513,0.011461,-0.110134,0.017829,-0.304771,-0.046996,0.572609,0.560351,0.186109,-0.063204,0.481137,0.14778,0.09766,0.009253,-0.063204,-0.116577,-0.217878,0.255777,0.499221,-0.304771,0.347224,-0.197748,-0.528336,0.532366,0.420908,0.5274,0.397158,0.323837,0.142982,0.23733,0.049987,-0.217878,-0.177815,0.164013,0.053488,0.092743,0.46299,0.2325,0.26132,0.218644,-0.217878,-0.217878,0.0,0.371374,0.432716,-0.217878,0.26077,0.562355,0.227983,0.255777,-0.049181,0.345762,-0.326574,0.2325,0.807844,0.547616,0.420908,0.017829,0.320819,0.442686,-0.103872,0.258525,0.084988,-0.063204,-0.217878,0.649362,0.455026,0.049987,-0.229621,-0.0712,-0.53077,0.250549,0.212289,0.397158,-0.103872,-0.06671,-0.361526,0.389933,0.2325,-0.068882,0.255777,0.183834,-0.544743,-0.639581,-0.336978,-0.42068,-0.189059,-0.18332,-0.156162,-0.539271,0.326871,0.139221,0.206089,0.154951,-0.327809,0.273716,0.073275,-0.508044,-0.65503,0.333984,0.796793,0.004532,0.273716,0.282914,0.245112,#
17,0.202927,0.037638,-0.399617,0.030955,0.082661,0.064859,-0.333008,-0.32737,0.623358,0.515764,-0.491439,-0.134492,0.248491,0.623614,-0.650176,0.15378,-0.254439,1.0,0.657422,-0.244429,0.363938,0.143826,0.623614,-0.120484,-0.056934,-0.590386,0.043959,-0.0438,0.449785,-0.004626,0.163397,0.000885,0.079274,0.371245,-0.299102,0.079427,-0.031188,-0.655351,-0.238816,-0.499258,0.168088,0.098755,0.180631,0.66427,-0.32737,-0.339513,0.092235,0.354935,-0.227223,-0.29931,0.414748,-0.442302,0.369431,-0.487978,-0.658612,-0.064284,0.425995,0.080693,-0.157673,0.317399,-0.509261,-0.105927,-0.257424,-0.621273,0.515501,0.328781,0.469541,-0.068976,0.27801,-0.359102,-0.642993,-0.295283,0.369431,0.187317,-0.084162,-0.761913,-0.024486,-0.219592,-0.033623,0.602493,-0.030647,-0.033623,-0.263107,-0.047909,0.233195,-0.212069,-0.221053,0.173429,-0.033714,-0.212069,-0.671916,-0.212069,0.173429,0.823719,0.193477,-0.280341,-0.289838,0.348224,0.64039,-0.031353,0.255444,0.352904,-0.006176,0.173429,0.157581,-0.236288,-0.415538,-0.564457,0.181095,0.157581,0.385178,-0.333008,-0.671916,0.214599,-0.059347,-0.033623,-0.097957,0.233195,-0.191492,-0.677871,0.19779,-0.407267,-0.546069,-0.477213,-0.569234,-0.426268,0.343415,0.384429,-0.56761,0.214599,0.39174,0.317399,-0.390172,-0.499258,-0.221053,0.317399,-0.333008,0.0,-0.121241,-0.252738,-0.333008,-0.220842,-0.65367,-0.407773,-0.671916,-0.571284,-0.578692,0.516084,-0.390172,-0.014954,-0.024486,-0.677871,0.64039,-0.014954,-0.30728,0.382641,-0.498297,0.374552,0.157581,0.317399,-0.236292,-0.297289,-0.035997,0.996466,0.200843,-0.010952,-0.221053,-0.683554,-0.42296,0.366264,-0.38554,0.755323,0.364337,-0.390172,0.195208,-0.671916,0.49561,0.379039,-0.209753,-0.133561,0.209572,0.180217,-0.630036,-0.53198,0.175972,-0.581631,-0.032845,0.207827,-0.427113,0.479656,0.233195,-0.644178,-0.224619,0.158822,-0.01151,-0.499258,0.193288,0.233195,-0.287079,-0.499512,#
18,0.218218,0.22886,-0.070939,-0.184236,0.425634,0.409957,-0.218218,-0.06987,0.52381,0.763579,-0.322036,0.481858,0.256263,0.498943,-0.426056,0.681402,-0.427903,0.657422,1.0,0.029283,0.739322,-0.064792,0.498943,0.235198,-0.110074,-0.343137,0.10471,-0.120307,0.57688,0.525878,-0.073983,-0.212487,-0.32323,0.356234,-0.333491,0.315066,-0.327,-0.386859,0.035706,-0.32716,0.021486,0.443315,-0.214654,0.453587,-0.06987,-0.452023,-0.035869,0.273547,-0.214913,-0.075701,0.590632,-0.562362,0.509175,-0.256913,-0.068015,-0.133936,0.289471,-0.10322,-0.020583,-0.218218,-0.054554,0.251459,-0.083691,-0.420493,0.50964,0.52387,0.753244,0.060266,0.456388,-0.145981,-0.895156,-0.116828,0.509175,-0.218218,-0.280585,-0.35504,-0.360461,-0.428345,-0.257252,0.202516,-0.095493,-0.257252,-0.534801,-0.40343,0.102007,-0.6543,-0.654135,-0.223172,0.054381,-0.6543,-0.73193,-0.6543,-0.223172,0.31455,-0.243554,-0.103133,0.342289,0.315348,0.047619,0.036525,0.458142,0.044826,-0.382,-0.223172,-0.095657,-0.428345,-0.732098,-0.184428,0.038441,-0.095657,0.329671,-0.218218,-0.73193,-0.428571,0.036525,-0.257252,-0.287794,0.102007,-0.427467,-0.998659,-0.428345,-0.534242,-0.774036,-0.43124,-0.625304,-0.801043,-0.218218,0.185934,0.025031,0.047619,0.035001,-0.218218,-0.566423,-0.32716,-0.654135,0.509175,-0.218218,0.0,-0.331334,-0.531076,-0.218218,0.182349,-0.428345,-0.556711,-0.73193,-0.341522,-0.825433,0.763196,-0.566423,-0.534242,-0.360461,-0.998659,0.047619,-0.534242,-0.110499,-0.129285,-0.326531,0.518393,-0.095657,0.509175,-0.22807,-0.103133,-0.364577,0.621243,-0.075506,0.345894,-0.22807,-0.64996,-0.095493,0.328599,-0.089086,0.439412,-0.135149,-0.566423,-0.076655,-0.73193,-0.327327,0.791474,0.201286,-0.181581,0.513457,0.190697,-0.233927,0.279177,0.396386,-0.468254,0.504233,-0.238865,-0.216034,0.746974,0.102007,-0.411557,-0.066044,0.624016,-0.095976,-0.32716,0.396386,0.102007,-0.046262,-0.327327,#
19,-0.20129,0.227877,0.798188,-0.291145,-0.041759,-0.531462,-0.218064,0.450677,0.029283,-0.327018,0.32584,0.21565,-0.18919,-0.00779,0.005069,0.010328,0.05345,-0.244429,0.029283,1.0,-0.207134,-0.078402,-0.00779,0.791267,0.348214,0.138651,0.516318,-0.066391,0.106621,0.083333,-0.07322,-0.726926,-0.323002,0.339205,0.125807,0.722072,0.239631,0.258006,0.053522,0.202385,-0.427469,-0.527963,-0.197613,-0.186272,0.471213,-0.113226,-0.526344,0.298908,-0.654047,0.291131,-0.123793,0.219137,-0.218064,0.12698,-0.032195,-0.695113,-0.609427,-0.159822,0.353395,-0.218064,-0.054515,-0.296384,-0.31869,0.489508,-0.145934,0.009877,0.116836,-0.101144,0.047038,-0.448231,0.250339,-0.502905,-0.218064,0.20129,-0.237496,0.372986,0.547786,0.038414,0.347155,-0.229716,0.808239,-0.246085,0.420954,-0.350447,0.27346,0.250697,-0.22791,0.191239,0.107094,-0.223015,0.253183,-0.223015,0.191239,-0.532991,-0.217763,0.455094,0.454353,0.395588,0.029283,-0.371614,-0.106616,0.080264,-0.355585,0.191239,-0.057743,0.038414,-0.105211,0.738205,0.020474,-0.057743,0.382737,-0.218064,0.253183,0.047586,0.115716,-0.246085,-0.191566,0.27346,-0.427166,-0.02475,-0.428044,-0.095425,0.323754,0.132196,-0.252843,0.115257,-0.218064,-0.298938,0.159704,0.505139,-0.341695,-0.218064,0.232215,-0.32693,-0.185526,-0.218064,-0.218064,0.0,0.268896,-0.081224,-0.218064,0.664055,0.038414,-0.411445,0.253183,-0.058563,-0.170902,-0.326854,0.232215,-0.095425,0.06339,-0.02475,0.029283,-0.095425,0.442747,-0.532924,0.780978,0.090071,0.467782,0.48086,0.649629,-0.065564,0.53464,-0.218976,0.456586,-0.090227,0.649629,-0.229612,0.326152,-0.092962,-0.071903,0.031023,-0.532272,0.232215,-0.535029,0.253183,-0.327097,-0.126153,0.175008,0.293421,0.048756,-0.64044,-0.217036,0.280273,-0.086525,0.326693,0.504961,-0.212752,0.546407,-0.328491,0.27346,0.03783,-0.047537,-0.254399,-0.094824,0.202385,0.39727,-0.520457,-0.148468,-0.327097,#
20,0.053495,0.166912,0.121008,-0.133917,0.289075,0.66848,0.475509,0.253565,0.252926,0.669397,-0.394726,0.463802,0.474069,0.10989,0.021759,0.341141,-0.014569,0.363938,0.739322,-0.207134,1.0,0.265575,0.10989,-0.00775,0.124541,-0.196459,-0.211803,-0.265578,0.629511,0.192608,0.041563,0.039615,-0.396189,0.074914,-0.57242,0.048792,-0.40081,-0.25595,-0.088991,-0.401006,-0.102152,0.741047,-0.388788,-0.015108,0.253565,-0.576342,-0.144239,0.066748,0.059869,-0.027181,0.636272,-0.490243,0.475509,-0.209014,0.200374,0.180055,0.320362,0.168692,0.139138,-0.267474,0.412349,0.684929,0.207791,-0.33829,-0.038966,0.557309,0.503399,-0.176464,0.496689,0.16899,-0.735943,0.190931,0.475509,-0.499284,-0.182381,0.048353,-0.675979,-0.52503,-0.705897,-0.071074,-0.350086,-0.121975,-0.400221,-0.122815,0.20144,-0.801987,-0.340989,-0.502537,0.224303,-0.801987,-0.458539,-0.335716,-0.502537,0.178805,0.089035,-0.497676,0.469578,0.033564,-0.194558,0.208925,0.612836,0.188532,-0.072692,-0.502537,-0.491982,-0.52503,-0.676261,-0.194839,-0.200813,-0.491982,0.082313,-0.267474,-0.458539,-0.525308,0.176947,-0.121975,-0.192529,-0.580008,-0.059456,-0.722404,-0.020193,-0.180316,-0.655546,-0.154965,-0.353475,-0.981853,-0.267474,0.335904,0.235225,-0.194558,-0.160606,-0.267474,-0.43885,0.17186,-0.340989,0.41607,-0.267474,0.0,-0.197854,-0.393493,-0.267474,0.377688,-0.020193,-0.280767,-0.458539,0.010734,-0.565958,0.669724,-0.43885,-0.180316,-0.199191,-0.722404,-0.194558,-0.65483,0.004515,-0.274015,-0.400234,0.660469,-0.491982,0.237754,-0.045056,0.014805,-0.678696,0.321075,-0.436466,0.232835,-0.045056,-0.259906,0.124428,0.044019,0.254788,0.14794,0.207881,-0.43885,-0.300664,-0.458539,-0.40121,0.542128,-0.036675,-0.345141,0.425739,0.491624,0.063347,0.397162,0.040797,-0.372904,0.664085,-0.377645,-0.03084,0.681361,0.20144,-0.010583,-0.283328,0.355117,-0.18684,0.17186,0.535308,0.20144,0.126009,0.156026,#
