0,1.0,0.194451,-0.450856,-0.218431,0.441427,0.018905,-0.028848,0.052289,-0.401762,0.522248,-0.397721,0.450783,0.813742,0.370499,-0.333028,0.26105,-0.404535,0.393071,-0.809302,0.20601,-0.155564,0.393827,0.194451,-0.333028,-0.394461,0.021774,-0.206526,-0.483834,0.461401,0.020988,0.224466,-0.466986,-0.202268,-0.49943,-0.561597,0.221321,-0.293467,0.124142,0.348165,-0.333028,0.021774,-0.070341,-0.413232,-0.289097,-0.458899,-0.003776,0.19129,0.533735,-0.30351,0.618418,0.240461,-0.184528,-0.195838,-0.122503,0.028762,0.034118,-0.215705,0.230696,0.313147,0.618418,0.657494,0.350525,-0.130833,-0.408599,0.023536,0.615075,-0.333028,0.271687,0.126537,-0.182989,0.166754,-0.24747,-0.643479,0.261457,-0.386423,0.491092,0.411061,-0.372389,-0.379737,0.25984,-0.50971,0.036845,0.206534,0.220526,0.415156,-0.241141,0.422533,0.207412,0.030615,0.030615,0.205409,0.012645,-0.181577,0.429507,0.261457,0.629887,0.387445,0.039687,0.24661,0.033705,0.618418,-0.182011,-0.226751,0.595326,-0.176813,-0.1473,-0.202441,-0.166977,-0.157392,-0.224624,0.121744,0.322936,0.539327,-0.000369,0.003966,0.426279,0.230093,-0.135379,0.686325,-0.373528,0.411061,0.000179,0.410027,-0.157392,-0.130833,0.668853,0.297706,-0.080954,0.490391,0.407094,-0.815124,0.246283,0.003966,-0.564764,-0.49008,-0.026491,-0.202029,-0.65368,0.485002,-0.157392,0.254536,-0.62247,-0.190855,-0.130833,0.387445,0.64072,0.246283,-0.069211,0.003966,-0.407831,0.503466,-0.383485,0.221321,0.021417,0.216346,0.216105,0.397367,0.516279,0.037596,-0.65368,-0.089598,-0.499287,-0.206974,-0.194449,0.366728,0.451391,0.011353,-0.4584,-0.224624,0.0,-0.230334,0.061079,-0.1473,0.366728,0.060406,-0.305753,0.011353,-0.513245,0.576202,0.202564,-0.050266,-0.363174,-0.480216,-0.376363,0.245976,-0.546164,0.629496,-0.233461,-0.417825,-0.132076,0.366728,-0.182025,-0.200421,0.254349,-0.178625,-0.602301,-0.15077,-0.205705,0.668853,0.647862,#
1,0.194451,1.0,0.397965,-0.235499,-0.03381,0.503499,0.366673,-0.009497,0.044029,-0.499505,-0.011553,-0.377573,0.425344,-0.067832,0.296294,-0.263456,0.430058,0.424722,-0.024049,0.175393,-0.576473,-0.004895,0.581709,-0.333003,-0.441444,-0.499375,-0.207502,-0.471485,-0.009497,-0.499394,-0.186972,-0.011355,0.250132,0.021442,-0.141545,0.2386,0.626742,-0.207139,-0.333003,-0.333003,0.022228,0.620212,0.037548,0.618698,0.445607,-0.009881,0.135469,0.342003,0.634001,0.037949,0.206857,-0.341542,0.210797,-0.421039,-0.010462,-0.536239,-0.221459,-0.647367,-0.330909,0.037949,0.221028,0.326899,0.270795,-0.025943,-0.40028,0.311891,-0.333003,0.220046,0.606487,0.224952,0.349338,0.282346,-0.194471,-0.65635,-0.386019,0.490405,-0.008652,-0.371619,-0.379329,-0.5936,0.518701,-0.388017,-0.205874,0.158493,-0.419992,-0.224868,0.012827,0.223242,-0.404048,-0.404048,0.158493,0.028876,-0.65293,0.016957,-0.65635,-0.199571,0.311568,-0.38818,-0.199752,-0.030175,0.037949,-0.166339,0.236123,0.198195,-0.176082,-0.225052,-0.186998,-0.417446,-0.589151,-0.207702,0.364636,0.348736,-0.053694,0.015425,0.482097,0.007164,-0.216171,-0.689702,-0.214787,-0.814514,-0.008652,-0.419864,-0.38282,-0.589151,0.270795,-0.225859,0.322515,0.519172,-0.275371,0.438898,-0.441663,-0.216171,0.042474,-0.209957,-0.009445,-0.007866,0.199114,-0.258365,0.05604,-0.589151,-0.653673,-0.218696,-0.65366,0.270795,0.311568,0.045508,-0.216171,0.43404,0.482097,-0.391761,0.013217,-0.174349,0.2386,-0.40405,-0.21088,-0.614253,-0.063169,0.482476,-0.474337,-0.258365,0.307621,0.026395,0.213951,0.209034,-0.289635,0.431911,0.011799,-0.092833,-0.207702,0.0,-0.152692,-0.382656,-0.225052,0.291147,0.519184,0.333533,0.011799,0.359337,0.556376,-0.410487,-0.120007,0.020806,-0.011105,0.39387,-0.165421,-0.344915,0.222933,-0.333735,-0.456828,-0.189191,0.291147,0.634471,0.22611,0.218177,0.18661,0.170576,0.227466,-0.188813,-0.225859,0.256557,#
2,-0.450856,0.397965,1.0,0.331121,-0.692902,0.084255,0.217271,-0.257722,0.665658,-0.611995,0.233034,-0.687598,-0.257839,-0.111691,0.271998,-0.379184,0.167077,0.237285,0.21336,-0.006324,-0.430284,0.221566,0.397965,0.271998,0.245745,-0.112378,0.395547,0.313417,-0.290345,-0.111597,-0.089628,0.231659,0.100571,0.427887,0.488943,0.089032,0.757701,-0.073223,-0.407997,0.271998,-0.112378,0.22611,0.161567,0.74382,0.657859,0.058852,0.002527,-0.24644,0.583975,-0.430536,-0.126596,0.317319,0.076815,0.288071,-0.425618,-0.53232,0.338664,-0.118968,-0.230599,-0.430536,-0.561189,-0.440396,0.298836,0.171919,-0.351406,-0.475477,0.271998,-0.148551,-0.045525,0.314672,0.413033,0.367405,0.181924,-0.544065,0.254249,-0.42463,-0.17854,-0.220483,-0.137518,-0.819189,0.633828,-0.265479,-0.014225,-0.023967,0.118715,0.534193,-0.265479,-0.003785,-0.17854,-0.17854,0.367796,0.159333,-0.355544,-0.260563,-0.544065,-0.441737,-0.289871,-0.24502,-0.51129,-0.26167,-0.430536,0.010381,0.432322,-0.029726,0.011534,-0.421732,0.014563,-0.250117,-0.407433,0.517072,0.490716,0.245844,0.034029,-0.154048,0.589004,-0.194316,0.055089,-0.558542,-0.561004,-0.166325,-0.17854,0.23162,-0.33558,-0.407433,0.298836,-0.135149,0.271998,0.298737,-0.359461,-0.170294,0.262264,-0.364497,0.113964,0.016569,0.610514,0.407997,0.082995,0.533888,-0.204455,-0.407433,-0.372738,0.355965,0.071873,0.298836,-0.289871,-0.366237,-0.364497,0.28567,0.589004,0.252096,0.077295,-0.097986,0.071911,-0.249487,0.327481,-0.028115,-0.306134,-0.40679,-0.386112,0.533888,0.519823,0.427954,0.080249,-0.070671,-0.273054,-0.256638,-0.101999,0.227992,0.517072,0.0,-0.302371,0.203236,-0.421732,0.354517,-0.111461,0.406422,-0.101999,0.712596,0.04144,-0.549351,-0.038343,-0.164133,-0.101647,0.646702,-0.393017,0.107083,-0.403619,-0.289871,0.198444,0.052018,0.354517,0.508365,0.373015,0.063537,0.068956,0.811676,-0.096496,-0.059787,-0.135149,-0.337158,#
3,-0.218431,-0.235499,0.331121,1.0,-0.114072,-0.374694,-0.42149,-0.556788,0.078815,-0.203293,0.532163,-0.085488,-0.523071,-0.304952,0.210208,-0.051697,-0.108334,0.096119,0.116217,0.212473,0.20239,0.078196,-0.235499,0.210208,0.531879,0.336392,-0.274608,0.502833,-0.091029,-0.234162,0.529049,-0.090797,-0.540823,-0.234162,0.637667,-0.510618,-0.015786,-0.420706,-0.508925,0.210208,-0.234983,-0.358509,-0.147953,-0.023581,0.285178,0.784129,-0.192105,-0.151644,0.207238,-0.570395,0.515791,0.566996,-0.070822,0.440078,-0.380745,-0.413343,0.353567,0.518633,-0.170605,-0.570395,-0.452564,-0.548272,-0.019448,-0.137436,0.102609,-0.345813,0.210208,0.18693,-0.236644,-0.188421,-0.151644,-0.147846,0.406166,0.021076,0.079311,-0.36522,0.09853,-0.107528,0.072912,-0.229585,0.162982,0.36632,0.221409,0.216417,0.348917,0.41284,0.36632,-0.203752,0.09853,0.09853,0.190096,-0.082592,0.431302,-0.526947,0.021076,-0.203752,-0.276443,-0.543384,-0.46007,0.34501,-0.570395,0.212443,0.190096,0.237803,-0.219953,0.21137,0.193898,-0.112111,0.216417,0.430947,-0.210957,0.237867,0.200711,0.067915,0.200711,0.115213,0.449165,0.013164,0.038991,0.53207,0.09853,0.532297,0.46469,0.216417,-0.019448,0.046666,0.210208,-0.098286,-0.152961,0.085096,0.514509,-0.03007,0.200711,0.190807,0.729731,0.315312,-0.064288,0.412605,0.320543,0.216417,-0.048352,0.500451,0.431416,-0.019448,-0.276443,0.19448,-0.03007,-0.443509,0.200711,0.531797,-0.341512,-0.375604,-0.039835,0.349407,0.027183,0.201274,-0.597602,-0.331496,-0.37287,0.412605,-0.200537,-0.239325,0.43143,-0.502786,-0.263243,-0.542392,-0.224037,0.511817,0.430947,0.0,-0.51683,0.485123,0.21137,-0.263243,-0.781428,0.46469,-0.224037,0.432388,-0.625645,0.118422,-0.190794,-0.392827,0.297685,0.09051,-0.214054,-0.16746,-0.624603,-0.276443,0.780166,-0.584892,-0.263243,-0.040992,0.518525,-0.495089,0.401341,0.214598,-0.444728,0.021076,0.046666,-0.060386,#
4,0.441427,-0.03381,-0.692902,-0.114072,1.0,0.073135,-0.140627,0.179172,-0.998023,0.434637,-0.209502,0.199759,0.188838,0.234249,0.236099,0.535264,-0.265996,-0.168952,-0.114694,0.399974,0.039443,-0.152351,-0.03381,-0.407807,-0.184734,-0.07784,-0.400411,-0.310246,0.179172,-0.078649,-0.094104,-0.306589,-0.338242,-0.611575,-0.497449,-0.344254,-0.607386,-0.157004,0.289758,-0.407807,-0.07784,-0.091958,-0.240675,-0.602346,-0.409848,0.181692,0.356675,0.443218,-0.310745,-0.08251,0.338265,-0.170081,0.083996,-0.163058,0.62166,0.176182,-0.240519,-0.071513,-0.248741,-0.08251,0.382517,0.261053,-0.476344,0.13488,0.228747,0.326482,-0.407807,0.340357,0.283371,-0.293137,-0.395187,-0.247599,0.010368,0.387415,-0.559165,0.592666,0.272445,-0.244137,-0.171871,0.439795,-0.476659,-0.232,0.026004,0.403777,-0.208148,-0.361818,0.178149,-0.381231,-0.132129,-0.132129,-0.014184,-0.635238,0.095721,-0.204457,0.387415,0.051398,0.382498,-0.204457,0.368651,0.568615,-0.08251,-0.410276,-0.441601,0.026004,-0.381231,0.398968,-0.009385,-0.062871,0.017021,-0.800918,-0.286672,-0.407807,0.122531,0.243709,-0.425697,-0.132129,-0.326518,0.363721,0.387415,-0.159814,0.272445,-0.148312,0.409406,0.017021,-0.476344,-0.036741,0.262928,-0.00925,-0.105922,0.243709,-0.218098,0.121127,-0.406954,-0.037773,-0.459876,-0.108659,0.072041,-0.396017,0.06194,0.017021,0.129576,-0.573386,-0.326518,-0.476344,0.382498,0.470422,0.121127,-0.267745,-0.425697,-0.606234,-0.358086,-0.40026,-0.344254,0.178149,-0.496567,0.035683,0.182291,0.576693,0.122499,-0.396017,-0.180459,-0.611399,0.042128,0.31944,-0.236778,0.174346,-0.088537,0.170058,-0.800918,0.0,0.145363,-0.573229,0.398968,-0.261539,-0.082223,-0.323577,-0.088537,-0.423312,-0.072038,0.254171,0.269288,-0.172245,0.372977,-0.600141,0.001785,0.10722,0.027067,-0.277785,-0.346749,-0.302156,-0.261539,-0.370535,-0.130384,-0.326105,0.506293,-0.858269,-0.099432,-0.090976,-0.036741,0.549486,#
5,0.018905,0.503499,0.084255,-0.374694,0.073135,1.0,0.413941,-0.394642,-0.058219,-0.358931,0.378726,0.118668,0.141769,-0.117103,0.121283,-0.246083,0.606604,-0.079127,-0.078715,-0.527922,-0.512152,-0.078921,0.503499,-0.665416,-0.655357,-0.997865,0.008032,-0.205205,-0.394642,-0.346794,-0.322978,0.073802,-0.176451,-0.346794,-0.050016,0.366949,0.200887,-0.381067,0.186841,0.154062,0.256112,0.309382,0.122197,0.185343,0.569503,8.8e-05,-0.474895,0.550938,0.212333,-0.017781,0.177907,-0.099553,0.303372,-0.378941,0.342859,-0.242489,-0.151688,-0.325874,-0.176758,-0.017781,0.247617,0.235797,-0.286666,0.089806,-0.006874,0.222447,-0.665416,-0.319601,0.737875,0.605903,-0.234993,0.62961,0.274294,-0.344693,-0.60522,0.373244,-0.620716,-0.415324,-0.618688,-0.497378,0.356534,-0.426351,-0.518621,-0.548196,-0.406335,-0.233903,-0.426351,-0.467693,-0.620716,-0.620716,-0.007509,-0.386666,-0.800616,-0.356936,-0.344693,-0.467693,-0.184498,-0.376415,0.212573,0.030583,-0.017781,-0.497378,0.010976,-0.499193,-0.486893,-0.559881,-0.015444,0.110548,-0.529711,-0.212444,0.329242,0.186841,-0.279228,-0.111508,-0.279228,-0.600945,-0.759247,-0.373294,0.207315,-0.654854,-0.126423,-0.640488,-0.229431,-0.529711,-0.286666,-0.315336,0.154062,0.583224,-0.028221,0.417886,-0.159003,-0.233367,-0.256329,-0.055955,-0.312176,0.231093,-0.24022,-0.265081,0.087292,-0.529711,-0.738016,-0.373294,-0.780282,-0.286666,0.622209,0.341833,-0.759247,0.410906,-0.279228,-0.111508,-0.214229,0.120227,-0.190985,-0.446395,-0.305679,-0.506093,-0.368413,0.363786,-0.246222,-0.265081,0.582292,-0.340495,0.303705,0.750237,-0.144643,0.630729,-0.358931,0.356795,-0.212444,0.0,0.367084,-0.595462,-0.063325,-0.174894,0.272332,-0.229431,-0.358931,0.464041,0.395678,-0.053669,0.039123,0.419307,0.206612,0.387639,0.037192,0.00464,0.061586,-0.184498,-0.579625,0.331061,-0.174894,0.310567,0.2037,0.343302,0.287981,-0.073689,0.758657,-0.344693,-0.315336,-0.167376,#
6,-0.028848,0.366673,0.217271,-0.42149,-0.140627,0.413941,1.0,0.30961,0.154193,0.143349,0.093573,-0.189301,0.255786,-0.163318,0.40475,0.379068,0.230503,-0.306802,0.185967,-0.4172,-0.808787,0.140664,0.815066,-0.269833,-0.259828,-0.404645,0.091576,-0.645461,0.204429,0.153656,-0.853761,-0.515689,-0.045298,0.153656,-0.002883,0.794913,0.126806,-0.314459,0.460965,-0.269833,-0.404645,0.474863,-0.522911,0.110625,0.355458,-0.132808,0.053039,0.248454,-0.03524,0.12203,-0.438398,0.2424,-0.094348,0.16533,0.009613,-0.211313,0.503953,-0.370841,-0.353127,0.12203,0.113628,-0.23925,0.143288,0.326889,0.238222,0.021414,-0.269833,0.108678,0.534037,0.109974,0.248454,0.188295,-0.040106,-0.732497,-0.20051,0.427475,-0.660607,-0.521143,-0.193603,-0.349965,-0.129512,-0.646253,-0.809063,-0.427967,-0.188896,-0.529942,-0.646253,-0.026342,-0.660607,-0.660607,0.37249,-0.188896,-0.529071,0.263326,-0.732497,-0.026342,0.295577,-0.070744,-0.2395,-0.597542,0.12203,-0.017224,-0.007925,-0.475873,-0.355619,-0.423185,-0.809041,0.372053,-0.808382,-0.161927,0.265304,0.292319,-0.151196,-0.660586,-0.151196,-0.321527,-0.168915,-0.313298,-0.36839,-0.660003,-0.660607,-0.660607,-0.454179,-0.808382,0.143288,-0.375982,-0.269833,0.780601,-0.423379,-0.311396,-0.260177,-0.529662,-0.622455,0.035615,-0.140264,-0.40475,-0.100233,-0.105928,-0.58595,-0.808382,-0.042474,0.053511,-0.529662,0.143288,0.295577,-0.118414,-0.529662,0.975883,-0.151196,-0.311396,-0.070718,0.408576,-0.161927,-0.990005,0.110498,-0.355619,-0.084713,0.438341,-0.473404,-0.105928,0.620917,0.158928,0.28553,0.191603,-0.343715,0.277321,-0.40475,-0.28003,-0.161927,0.0,0.563586,-0.226511,-0.423185,0.278863,0.169588,-0.454179,-0.40475,0.200993,0.376913,-0.045283,0.619179,-0.193292,0.168063,0.564392,0.436715,-0.007346,0.422061,0.295577,-0.276326,0.504836,0.278863,0.774086,0.095125,0.787822,-0.099501,0.342217,0.565624,-0.732497,-0.375982,-0.528685,#
7,0.052289,-0.009497,-0.257722,-0.556788,0.179172,-0.394642,0.30961,1.0,-0.173919,0.427781,-0.622416,-0.208616,0.21002,0.226279,0.231881,0.526516,-0.241411,-0.174368,0.172791,0.389351,0.031195,-0.157877,-0.009497,0.258534,0.221858,0.408093,0.048861,-0.508959,0.567803,0.408078,-0.52483,-0.23334,0.542971,0.408078,-0.382424,0.106436,-0.017747,0.449072,0.285187,-0.407791,-0.081325,0.234518,-0.216067,-0.00293,-0.559087,-0.559087,0.716688,-0.175099,-0.266533,0.226615,-0.537625,-0.404118,0.078211,-0.134409,0.166358,0.259482,-0.095684,-0.511839,-0.21836,0.226615,-0.007734,0.257487,0.411132,0.157254,0.140895,-0.086855,0.258534,0.176618,-0.206806,-0.395595,0.463949,-0.350916,-0.331576,-0.033511,0.270288,0.161299,0.264129,0.215489,0.288314,0.452122,-0.409167,-0.216285,0.017842,0.393137,-0.216563,-0.364674,-0.216285,0.433366,0.264129,0.264129,-0.022076,0.199253,0.115483,0.619122,-0.033511,0.433366,0.461166,0.619122,-0.005335,-0.243154,0.226615,0.041946,-0.382804,0.017842,0.433366,0.412115,-0.397856,-0.001899,0.032409,-0.364674,0.006242,-0.407791,0.105783,-0.15397,0.105783,0.264129,0.097995,0.374731,-0.46509,-0.141314,-0.137786,-0.153862,-0.239453,0.032409,0.411132,-0.048699,-0.407791,-0.16682,-0.339242,-0.567869,-0.198477,0.115099,-0.341088,0.018293,-0.39316,-0.611687,0.508326,0.046038,-0.632693,0.032409,0.543031,-0.077442,0.097995,0.411132,-0.194776,-0.437674,0.542697,0.276539,0.105783,-0.584425,0.165695,0.319662,0.088987,-0.216285,-0.037592,0.027459,0.669321,0.130855,0.184273,0.046038,-0.146409,0.408154,-0.390436,-0.060051,-0.154508,-0.203873,0.407791,-0.63544,-0.364674,0.0,0.184773,-0.123187,0.00836,0.43585,0.444786,-0.239453,0.407791,-0.670025,0.091849,0.033371,0.482683,-0.134369,-0.097611,-0.1772,0.034181,0.185169,0.424185,0.461166,-0.175398,0.171656,0.43585,0.077809,-0.540879,0.109358,-0.423109,0.003712,-0.066219,-0.033511,-0.048699,0.087711,#
8,-0.401762,0.044029,0.665658,0.078815,-0.998023,-0.058219,0.154193,-0.173919,1.0,-0.407882,0.191779,-0.163344,-0.13622,-0.241422,-0.271921,-0.533515,0.270851,0.166715,0.077878,-0.424967,-0.046497,0.150075,0.044029,0.374228,0.149595,0.066823,0.394965,0.273157,-0.173919,0.067572,0.093348,0.292906,0.342098,0.602355,0.458792,0.382466,0.592307,0.173865,-0.271921,0.401151,0.086598,0.084703,0.230362,0.587049,0.400555,-0.193046,-0.368476,-0.411841,0.283698,0.141241,-0.338818,0.157133,-0.099423,0.148492,-0.609248,-0.152268,0.234092,0.071485,0.282718,0.141241,-0.331417,-0.238507,0.481552,-0.163035,-0.239084,-0.277676,0.374228,-0.344877,-0.274032,0.280731,0.403664,0.22826,-0.045218,-0.388764,0.55923,-0.56023,-0.275974,0.249876,0.170848,-0.431766,0.452673,0.237069,-0.033417,-0.427483,0.213434,0.329591,-0.174509,0.407513,0.13001,0.13001,-0.008066,0.658168,-0.110856,0.242345,-0.388764,-0.026623,-0.370112,0.226345,-0.33465,-0.58164,0.141241,0.421267,0.436023,-0.017459,0.391743,-0.422621,-0.014799,0.087814,-0.024197,0.787845,0.276131,0.428074,-0.127778,-0.264331,0.422361,0.14625,0.330094,-0.381212,-0.353888,0.141583,-0.259735,0.13001,-0.42482,-0.024197,0.481552,0.053877,-0.271921,0.012951,0.145758,-0.230884,0.16614,-0.101833,0.422361,0.032692,0.436879,0.096922,-0.105295,0.346665,-0.036617,-0.024197,-0.126937,0.559159,0.312817,0.481552,-0.343608,-0.450895,-0.11911,0.286318,0.422361,0.588572,0.393319,0.4065,0.347216,-0.190972,0.515869,-0.042393,-0.166111,-0.543714,-0.108231,0.346665,0.18228,0.602573,-0.05705,-0.31921,0.27565,-0.136121,0.07673,-0.205361,0.787845,0.0,-0.130363,0.578416,-0.406307,0.27565,0.114095,0.310717,0.07673,0.40388,0.108329,-0.247278,-0.288697,0.189245,-0.404461,0.601095,0.039701,-0.136032,0.029326,0.292472,0.314048,0.327085,0.27565,0.375881,0.13095,0.36527,-0.537097,0.836085,0.118446,0.091293,0.053877,-0.532776,#
9,0.522248,-0.499505,-0.611995,-0.203293,0.434637,-0.358931,0.143349,0.427781,-0.407882,1.0,-0.407976,0.421325,0.414725,0.153987,-0.166667,0.791693,-0.611995,-0.408156,-0.405022,0.003875,0.015859,0.117191,0.011799,-0.166667,0.106991,0.387654,0.022688,-0.398679,0.427781,0.386706,-0.218064,-0.610128,-0.327248,-0.249944,-0.491525,0.218218,-0.747379,0.266507,0.666667,-0.166667,-0.249935,-0.458277,-0.61145,-0.74622,-0.592405,-0.035633,0.326812,0.279727,-0.895533,0.45225,-0.202549,0.240422,-0.327239,0.36661,0.285004,0.506165,0.311275,0.351624,0.220742,0.45225,0.364754,-0.147776,-0.146489,-0.085085,0.355551,0.226121,-0.166667,0.11983,-0.270441,-0.599264,0.046621,-0.631745,-0.322035,0.381,0.116563,0.272857,0.124184,-0.077135,0.124011,0.54548,-0.99686,-0.07194,0.023243,0.029371,0.44709,-0.327327,-0.07194,0.017228,0.124184,0.124184,0.029371,-0.082359,0.249897,0.436963,0.381,0.53406,0.25093,0.436963,0.3714,-0.066556,0.45225,0.023212,-0.499309,0.023243,0.017228,0.035644,-0.499717,0.488196,0.029371,-0.327327,-0.287231,-0.166667,0.312911,-0.408021,-0.342019,0.124184,0.239074,0.390225,0.381,0.13189,0.124184,0.124184,0.262694,0.029371,-0.146489,0.37199,-0.166667,-0.171465,0.23269,-0.408021,-0.407936,0.239074,-0.342019,0.029331,-0.336782,-0.25,-0.327241,-0.32714,-0.076193,0.029371,0.783951,-0.185517,0.239074,-0.146489,0.25093,0.271957,0.239074,0.054002,-0.342019,-0.408021,0.294393,-0.056254,-0.327327,-0.07194,0.362613,0.53406,0.402071,0.292236,0.303235,-0.32714,-0.036916,-0.249873,-0.327132,-0.185517,0.24034,-0.051148,-0.25,-0.405802,-0.327327,0.0,0.24886,0.183409,0.035644,0.24034,-0.199522,-0.612951,-0.25,-0.668434,0.006504,0.379411,0.375919,-0.374032,-0.207614,-0.364875,0.517416,0.018149,0.505647,0.25093,-0.114848,0.301356,0.24034,-0.278224,-0.1945,0.257181,-0.291928,-0.497354,-0.165082,-0.1905,0.37199,0.173272,#
10,-0.397721,-0.011553,0.233034,0.532163,-0.209502,0.378726,0.093573,-0.622416,0.191779,-0.407976,1.0,0.250377,-0.563349,-0.656151,0.380778,-0.129197,0.649807,-0.220755,0.227426,-0.436335,-0.022645,-0.237407,-0.011553,-0.271984,0.142266,-0.40787,-0.425788,0.162651,-0.181375,-0.407886,0.107442,-0.165945,-0.534038,-0.407886,0.784685,-0.071222,0.147837,-0.747746,-0.271984,0.407976,0.091563,-0.073917,-0.177034,0.131256,0.686901,0.686901,-0.760571,0.211941,0.224897,-0.467418,0.514799,0.367957,0.326266,-0.037669,-0.155809,-0.575092,0.225766,0.102167,-0.410663,-0.467418,-0.357147,-0.23906,0.059764,-0.204309,0.450412,-0.304432,-0.271984,-0.209674,0.302514,0.238702,-0.249981,0.312441,0.768891,-0.388598,-0.261552,-0.130512,-0.665873,-0.198499,-0.279469,-0.435616,0.362712,0.241647,-0.412497,-0.446716,-0.166082,-0.089028,-0.174143,-0.401093,-0.255734,-0.255734,-0.023007,-0.166082,-0.115023,-0.578072,-0.388598,-0.401093,-0.494542,-0.594236,-0.395499,0.19649,-0.467418,-0.017046,-0.007669,-0.396377,-0.417025,-0.054289,-0.014562,0.259463,-0.023965,0.373917,-0.046873,0.435175,-0.141317,-0.268328,-0.141317,-0.239328,-0.080083,0.019835,0.069429,0.141858,-0.255734,-0.255734,0.192117,-0.023965,0.059764,-0.352914,-0.271984,0.306284,-0.277412,0.170935,0.553753,-0.097537,-0.122316,0.34367,0.347679,0.101994,-0.118352,0.329926,0.208272,-0.023965,-0.533895,0.481261,-0.097537,0.059764,0.174822,0.351012,-0.533884,0.064626,-0.141317,0.593304,-0.612831,0.292236,-0.071222,-0.190774,-0.360152,-0.417025,-0.961742,-0.117823,-0.653911,0.329926,0.109443,-0.407768,0.801863,0.019835,-0.443985,-0.170066,-0.407976,0.598179,0.373917,0.0,-0.03365,0.145048,0.357727,-0.469086,-0.421978,0.192117,-0.407976,0.651011,-0.475539,0.441748,-0.012781,0.153686,0.589522,0.580817,0.007036,-0.253227,-0.375799,0.174822,0.516449,-0.151048,-0.469086,0.349939,0.533924,-0.073178,0.292108,0.352791,0.517469,-0.388598,-0.352914,-0.5329,#
11,0.450783,-0.377573,-0.687598,-0.085488,0.199759,0.118668,-0.189301,-0.208616,-0.163344,0.421325,0.250377,1.0,0.199068,-0.206469,-0.408076,0.12423,0.140089,-0.147709,-0.541609,-0.390974,0.401287,-0.147388,-0.377573,-0.408076,-0.163932,-0.084827,-0.396554,-0.18382,0.221075,-0.085626,0.350836,-0.306357,-0.344475,-0.611978,-0.065236,0.100614,-0.461623,-0.048467,0.280884,0.254385,0.401753,-0.438357,-0.257149,-0.458797,-0.26429,0.196022,-0.575628,0.446645,-0.551333,0.508121,0.378355,-0.108682,0.089659,-0.296187,0.111017,0.184031,-0.227654,0.365973,0.334916,0.508121,0.386791,0.354265,-0.051239,-0.659896,0.478678,0.333793,-0.408076,-0.263338,-0.036743,-0.107776,-0.196108,-0.186739,0.018905,0.358405,-0.171425,0.125059,-0.143474,0.140373,-0.182707,0.4185,-0.434384,0.577801,0.009793,-0.372645,0.18837,-0.367763,0.172711,0.011139,0.25611,0.25611,-0.372645,0.164052,0.084149,0.188041,0.358405,0.438431,-0.232621,0.172293,0.339883,0.172771,0.508121,-0.013286,-0.436154,0.025499,-0.004382,0.01549,-0.025159,0.407603,0.397862,0.083267,-0.245431,0.280884,0.156423,-0.18377,-0.385042,0.272093,0.10923,0.376728,0.804645,0.234285,0.25611,-0.159458,0.44674,0.397862,-0.051239,0.382525,-0.408076,-0.304149,0.570758,0.244188,-0.188088,0.534349,0.077749,-0.014923,-0.418351,-0.115268,-0.344231,-0.358884,0.588746,0.397862,0.117575,-0.099267,0.092226,-0.051239,0.419517,0.669806,0.10923,-0.22552,-0.385042,0.227728,0.119184,0.281137,0.100614,0.156508,-0.075345,0.019356,-0.14519,0.133376,0.089306,-0.358884,-0.318314,-0.611802,0.092771,-0.099267,0.394347,0.194965,-0.095394,-0.120999,0.083267,0.0,0.02487,0.278593,0.416903,-0.217043,-0.0571,-0.277201,-0.095394,-0.376032,-0.046123,0.781644,-0.19026,0.268242,-0.11355,-0.140246,0.418764,-0.487938,0.438966,0.419517,0.04849,0.091034,-0.217043,-0.314392,-0.089679,0.130636,-0.349569,-0.437547,0.377731,-0.114084,0.382525,0.08201,#
12,0.813742,0.425344,-0.257839,-0.523071,0.188838,0.141769,0.255786,0.21002,-0.13622,0.414725,-0.563349,0.199068,1.0,0.210847,-0.408142,0.118282,-0.225609,0.245963,-0.616158,0.001531,-0.376463,0.246123,0.425344,-0.408142,-0.576288,-0.088242,0.00239,-0.649846,0.21002,-0.089036,-0.077517,-0.281308,0.106426,-0.089036,-0.764745,0.543003,-0.130602,0.291045,0.276483,-0.408142,-0.088242,0.096819,-0.232783,-0.132368,-0.236801,-0.236801,0.253676,0.467195,-0.231093,0.80978,-0.061618,-0.211994,-0.341012,-0.106188,0.133583,0.228591,-0.084696,-0.071813,0.411029,0.80978,0.810673,0.299454,0.012729,-0.232686,-0.347515,0.784232,-0.408142,0.236124,0.219074,-0.210226,0.283053,-0.289244,-0.788616,-0.057185,-0.137198,0.631025,0.248052,-0.20483,-0.124553,0.041257,-0.36807,-0.216898,0.001836,0.016241,0.177519,-0.370621,0.185643,0.427779,-0.149018,-0.149018,0.016241,0.193319,-0.326481,0.607977,-0.057185,0.427779,0.497081,0.201125,0.393339,-0.22034,0.80978,0.041257,0.016241,0.407615,0.026765,-0.367915,-0.408851,0.021888,-0.378189,-0.353383,0.043634,0.276483,0.139688,-0.165007,0.139688,0.263935,0.103375,-0.471484,0.386248,-0.555033,0.248052,-0.164901,-0.194449,-0.378189,0.012729,0.368065,0.250152,0.16437,0.463619,0.260259,-0.998976,0.103375,0.139688,-0.353572,-0.352794,-0.118493,-0.347235,-0.801118,0.275367,-0.378189,0.111666,-0.471484,-0.335967,0.012729,0.497081,0.259753,0.103375,0.311883,0.139688,-0.573917,0.633575,-0.271074,0.09481,-0.233,0.375345,0.011341,0.490349,0.646387,0.150569,-0.801118,0.129285,-0.084031,-0.33489,-0.041943,0.471606,0.629296,-0.098744,-0.625889,-0.353383,0.0,0.064593,-0.062412,-0.367915,0.471606,0.463381,-0.194449,-0.098744,-0.339288,0.783581,-0.189052,-0.16209,-0.119242,-0.575329,-0.129958,0.448147,-0.407163,0.828711,-0.150954,-0.666824,0.188178,0.471606,0.128118,-0.05652,0.55791,-0.291296,-0.400744,-0.027168,-0.057185,0.368065,0.523816,#
13,0.370499,-0.067832,-0.111691,-0.304952,0.234249,-0.117103,-0.163318,0.226279,-0.241422,0.153987,-0.656151,-0.206469,0.210847,1.0,-0.268051,-0.028269,-0.670146,0.519432,-0.260202,0.368233,-0.062002,0.675234,0.072139,0.444851,-0.215738,0.121656,0.508785,0.211459,0.226279,0.688913,0.041041,0.188177,0.268466,0.122484,-0.35175,-0.04107,-0.058899,0.366227,0.473367,-0.268051,-0.009251,0.263128,0.188311,-0.039602,-0.62888,-0.62888,0.487527,-0.290808,0.040008,0.082539,-0.420878,-0.272605,-0.18116,0.045999,-0.130848,0.188239,-0.327832,0.185474,0.277327,0.082539,0.06353,0.198754,-0.431098,0.351189,-0.097334,-0.029165,0.444851,0.139189,-0.098432,0.383448,-0.013902,0.331769,-0.517931,0.538886,-0.232342,-0.144723,0.51338,-0.240805,-0.225919,0.387815,-0.142764,-0.23366,0.345587,0.358806,0.342619,0.406966,0.202273,-0.085284,0.083371,0.083371,0.521626,-0.248208,-0.05964,0.21133,0.538886,0.374542,0.291285,0.21133,0.066346,-0.226092,0.082539,-0.380666,0.051258,0.345587,-0.085284,-0.059562,0.372942,-0.59644,-0.068344,-0.059738,0.518408,-0.268051,0.418593,0.548277,-0.1641,0.083371,-0.068677,0.088,0.077139,-0.21971,0.083371,0.203774,0.309295,-0.068344,-0.431098,0.524919,0.444851,-0.238503,0.235999,0.105446,-0.20664,-0.196773,-0.1641,-0.801937,-0.536638,0.1326,0.287062,-0.050375,-0.187725,-0.068344,0.416968,-0.759163,-0.068677,-0.431098,-0.410507,-0.091369,0.260714,-0.236531,-0.1641,-0.213392,0.389935,-0.278161,0.276289,0.202273,0.183131,0.491464,0.747487,-0.144707,0.403695,-0.050375,-0.009895,0.117264,-0.526129,0.088,0.274691,0.228406,0.517567,-0.254278,-0.059738,0.0,-0.091241,-0.240906,-0.491539,0.274691,-0.020482,-0.469768,0.517567,-0.488613,0.493457,-0.254919,0.264241,-0.350147,-0.430526,-0.661308,-0.336617,0.283816,-0.042528,-0.410507,-0.381211,-0.011294,0.274691,-0.52642,-0.756132,-0.042197,-0.033123,-0.31769,-0.40202,0.030421,0.524919,0.30832,#
14,-0.333028,0.296294,0.271998,0.210208,0.236099,0.121283,0.40475,0.231881,-0.271921,-0.166667,0.380778,-0.408076,-0.408142,-0.268051,1.0,0.470426,0.271998,-0.272104,0.455831,0.312586,-0.33304,-0.272099,0.296294,-0.111111,0.388339,-0.166623,-0.337803,-0.265786,0.231881,-0.16663,-0.508817,-0.406752,-0.218165,-0.16663,0.384672,-0.218218,0.256676,-0.492491,-0.111111,-0.111111,-0.166623,0.262888,-0.407634,0.247251,0.347426,0.347426,0.265239,0.186484,0.232175,-0.703501,0.181001,0.116962,0.499077,-0.027156,0.158336,-0.617585,0.207517,-0.508854,-0.988084,-0.703501,-0.508197,-0.162768,0.244149,0.240399,0.417822,-0.501525,-0.111111,0.146459,0.295026,-0.098803,0.186484,0.094547,0.578011,-0.508001,-0.271981,0.150542,-0.272023,-0.407433,-0.271643,-0.332704,0.123069,-0.407661,-0.333153,0.293711,-0.407871,-0.218218,-0.407661,-0.333069,-0.272023,-0.272023,0.293711,-0.407871,-0.217859,-0.407832,-0.508001,-0.333069,0.038605,-0.407832,-0.50779,0.237986,-0.703501,-0.332704,-0.332873,-0.333153,-0.333069,0.300991,-0.333144,-0.070371,-0.332873,-0.218218,0.152208,-0.111111,0.111581,-0.272014,0.111581,-0.272023,-0.218103,0.174855,-0.508001,-0.271774,-0.272023,-0.272023,0.045404,-0.332873,0.244149,-0.508597,-0.111111,0.380004,-0.96523,-0.272014,0.387333,-0.218103,-0.664634,0.293307,0.117141,-0.166667,0.489388,0.479805,-0.49526,-0.332873,-0.218107,0.174855,-0.218103,0.244149,0.038605,0.016482,-0.218103,0.29601,0.111581,-0.272014,-0.665376,0.087507,-0.218218,-0.407661,-0.508492,-0.333069,-0.392891,0.137523,-0.66423,0.479805,0.262516,-0.166582,0.494036,0.174855,-0.993406,-0.417706,-0.166667,0.350364,-0.218218,0.0,-0.023701,-0.300978,0.300991,0.032045,-0.18622,0.045404,-0.166667,0.265477,-0.385933,0.155656,0.616089,-0.293883,0.692046,0.396882,-0.332624,0.133092,-0.333036,0.038605,0.19992,-0.229605,0.032045,0.493112,0.217656,-0.224209,0.419966,0.28736,0.210938,-0.508001,-0.508597,-0.2177,#
15,0.26105,-0.263456,-0.379184,-0.051697,0.535264,-0.246083,0.379068,0.526516,-0.533515,0.791693,-0.129197,0.12423,0.118282,-0.028269,0.470426,1.0,-0.379184,-0.533873,-0.080051,0.197142,-0.192154,-0.063708,0.194139,-0.218002,0.336362,0.243696,-0.188993,-0.521477,0.526516,0.242844,-0.510414,-0.798057,-0.428045,-0.326931,-0.201557,0.060091,-0.50984,-0.066629,0.527795,-0.218002,-0.326918,-0.247257,-0.799786,-0.514642,-0.314917,0.18337,0.456821,0.365886,-0.657611,-0.031137,-0.069127,0.287635,0.016356,0.311274,0.353169,0.070349,0.40715,-0.00059,-0.414648,-0.031137,0.011568,-0.233102,0.020169,0.0728,0.577079,-0.108369,-0.218002,0.197986,-0.059239,-0.597533,0.157267,-0.506805,0.06992,0.026229,-0.064196,0.337469,-0.057402,-0.321472,-0.057322,0.282042,-0.815895,-0.316964,-0.185615,0.208265,0.147415,-0.428148,-0.316964,-0.190947,-0.057402,-0.057402,0.208265,-0.326419,0.088665,0.138376,0.026229,0.271595,0.24849,0.138376,0.017768,0.087889,-0.031137,-0.185365,-0.653104,-0.185615,-0.190947,0.218389,-0.653636,0.393314,-0.179957,-0.428148,-0.162754,-0.218002,0.349176,-0.533697,-0.236959,-0.057402,0.078828,0.457572,0.026229,-0.050351,-0.057402,-0.057402,0.263231,-0.179957,0.020169,0.017796,-0.218002,0.081991,-0.389796,-0.533697,-0.125099,0.078828,-0.71789,0.207978,-0.228826,-0.327004,0.010351,0.004504,-0.375046,-0.179957,0.566466,-0.057692,0.078828,0.020169,0.24849,0.253601,0.078828,0.231732,-0.236959,-0.533697,-0.148788,0.003873,-0.428148,-0.316964,0.009469,0.271595,0.116406,0.346746,-0.140165,0.004504,0.129612,-0.326837,0.013329,-0.057692,-0.400406,-0.30458,-0.327004,-0.146094,-0.428148,0.0,0.208034,-0.022339,0.218389,0.234949,-0.293943,-0.520434,-0.327004,-0.433734,-0.233297,0.435998,0.718151,-0.516828,0.242976,-0.080645,0.256975,0.098704,0.246187,0.24849,0.021084,0.127441,0.234949,0.056527,-0.039213,0.091249,-0.001058,-0.267067,-0.017047,-0.485239,0.017796,0.020187,#
16,-0.404535,0.430058,0.167077,-0.108334,-0.265996,0.606604,0.230503,-0.241411,0.270851,-0.611995,0.649807,0.140089,-0.225609,-0.670146,0.271998,-0.379184,1.0,-0.158596,0.302203,-0.417385,-0.024637,-0.586953,0.012838,-0.407997,-0.190776,-0.611836,-0.406703,-0.18097,-0.257722,-0.611859,-0.106079,0.150309,0.11791,-0.072375,0.367546,0.106154,0.462724,-0.396049,-0.407997,0.245844,0.388681,0.268757,0.194376,0.452827,0.658558,0.191654,-0.615854,0.243723,0.393481,-0.111182,0.331233,-0.264908,0.517168,-0.597237,0.098391,-0.38845,-0.220351,-0.555677,-0.358269,-0.111182,-0.076274,0.319811,0.360902,-0.241348,0.06752,0.003548,-0.407997,-0.311518,0.456017,0.289394,-0.020693,0.342116,0.506898,-0.586912,-0.165536,0.131995,-0.5887,0.151023,-0.161611,-0.440373,0.6037,0.125872,-0.432761,-0.4314,-0.697335,-0.37325,-0.273946,0.011535,-0.194316,-0.194316,-0.4314,0.159333,-0.381686,-0.24502,-0.586912,-0.426417,-0.303501,-0.260563,-0.117154,0.117163,-0.111182,0.002185,0.016592,-0.41726,-0.003785,-0.033932,-0.025579,0.173301,-0.039637,0.071911,-0.02011,0.271998,-0.4707,-0.178895,0.084274,-0.17854,-0.364497,-0.158006,-0.146479,-0.206777,-0.194316,-0.604475,-0.375276,-0.039637,0.360902,-0.572455,-0.407997,0.316917,-0.252961,0.243495,0.220558,0.055089,0.084274,0.383859,0.072839,-0.121614,0.082995,0.062629,0.109402,-0.039637,-0.800883,0.329865,-0.381281,0.360902,0.340151,0.041124,-0.364497,0.299793,0.084274,0.22725,-0.420728,0.514058,0.089032,-0.289939,-0.539784,-0.840039,-0.620739,0.104395,-0.43483,0.062629,0.086315,-0.067218,0.533876,0.329865,-0.312277,0.151695,-0.101999,0.26453,0.071911,0.0,0.133891,-0.197481,0.362257,-0.312277,0.410778,0.366727,-0.101999,0.510623,-0.100436,0.165103,-0.228832,0.664917,0.407891,0.647706,0.000387,-0.250335,0.010324,0.340151,0.017221,0.038507,-0.312277,0.526468,0.345764,0.081128,0.038818,0.352767,0.774559,-0.102635,-0.572455,-0.337158,#
17,0.393071,0.424722,0.237285,0.096119,-0.168952,-0.079127,-0.306802,-0.174368,0.166715,-0.408156,-0.220755,-0.147709,0.245963,0.519432,-0.272104,-0.533873,-0.158596,1.0,-0.291518,0.405798,0.001849,0.574615,0.011314,0.401677,-0.249846,0.086844,-0.017051,0.154974,0.262019,0.087626,0.55163,0.212987,0.341974,0.087626,0.060809,-0.076343,0.463777,0.041439,-0.272104,-0.272104,0.107465,0.449911,0.229709,0.47905,-0.193573,-0.193573,0.095739,-0.24336,0.630469,0.128919,0.113579,-0.394539,-0.081202,-0.257571,-0.630008,-0.391285,-0.470551,0.088677,0.231924,0.128919,0.064362,0.35665,0.064916,-0.179861,-0.298908,0.143003,0.401677,0.306912,0.068045,0.416297,0.214364,0.363848,-0.525761,0.065165,-0.265519,-0.125815,0.553069,-0.182211,-0.259391,-0.017144,0.421943,0.253545,0.382185,0.395947,0.229589,0.347785,0.665557,0.383501,0.146658,0.146658,0.411474,0.229589,-0.093155,0.217869,0.065165,0.383501,0.252107,-0.197939,-0.3783,-0.166048,0.128919,-0.001805,0.411474,0.796897,-0.026341,0.001847,0.4107,-0.864743,-0.007764,0.36475,0.492988,0.427592,0.39206,0.589446,0.39206,0.568701,0.347275,-0.363554,0.08195,-0.253545,0.146658,0.146658,0.270035,-0.007764,0.064916,0.504384,0.401677,-0.156002,0.276378,0.605543,-0.241223,-0.101737,0.39206,-0.814061,-0.096762,0.09718,0.359613,-0.084438,0.348012,-0.007764,-0.109897,-0.346644,-0.101737,0.064916,-0.411174,0.048052,0.330645,-0.268692,0.39206,0.187013,0.363405,-0.276985,0.805843,0.237699,0.06027,-0.026341,0.284753,-0.113598,-0.13808,-0.084438,-0.283175,0.0827,-0.057613,-0.363554,0.235431,0.260456,0.602516,-0.286007,0.36475,0.0,-0.608612,0.136008,-0.406424,0.235431,0.09369,0.270035,0.602516,-0.067446,0.518326,-0.23711,-0.314173,-0.259632,-0.439673,-0.243358,-0.374963,-0.467029,0.013261,-0.411174,-0.025298,-0.532164,0.235431,-0.080718,-0.336448,-0.078439,-0.072865,0.06135,-0.344382,0.065165,0.504384,0.382882,#
18,-0.809302,-0.024049,0.21336,0.116217,-0.114694,-0.078715,0.185967,0.172791,0.077878,-0.405022,0.227426,-0.541609,-0.616158,-0.260202,0.455831,-0.080051,0.302203,-0.291518,1.0,-0.019374,0.00221,-0.291654,-0.024049,0.339696,0.147104,0.042917,-0.073909,0.155333,-0.207474,0.043623,-0.362781,0.25085,0.262753,0.509431,0.3734,-0.131149,0.094293,-0.358704,-0.270015,-0.270015,-0.404917,0.426273,0.224372,0.094888,0.275533,0.009389,0.060397,-0.567811,0.415146,-0.54098,-0.297367,0.094065,-0.061613,0.10786,-0.049649,-0.021794,0.221117,-0.358858,-0.412556,-0.54098,-0.347549,-0.290337,0.008932,0.647019,0.003359,-0.31278,0.339696,0.288651,0.21757,0.070831,-0.325326,0.159014,0.377593,-0.379423,0.085284,-0.047205,-0.293286,0.199594,0.523926,-0.027092,0.380114,-0.183388,-0.448229,-0.034281,-0.62533,-0.131149,-0.183388,-0.074128,-0.293286,-0.293286,-0.034281,-0.237957,0.333417,-0.245107,-0.379423,-0.452269,0.199734,-0.245107,-0.363301,-0.12996,-0.54098,0.355027,0.368903,-0.448229,-0.074128,0.405463,-0.008498,0.038155,-0.017908,-0.131149,-0.298551,-0.270015,-0.655516,0.159025,-0.176334,-0.293286,-0.138752,0.073885,-0.774334,0.146836,-0.661052,-0.293286,-0.423553,-0.017908,0.008932,-0.843851,-0.270015,0.331716,-0.620639,-0.219707,0.602104,-0.530019,-0.156051,0.412336,0.36502,-0.405022,0.336492,0.332815,-0.6328,-0.017908,-0.146137,0.495128,-0.138752,0.008932,-0.400476,-0.683503,-0.138752,0.207169,-0.176334,0.159025,-0.69759,0.31555,-0.131149,-0.183388,-0.435208,-0.452269,-0.229412,-0.074566,-0.166523,0.332815,-0.123045,0.509284,0.419032,0.097287,-0.486506,-0.206491,0.052261,0.23027,-0.131149,0.0,0.420516,-0.31852,0.036014,-0.513302,0.014598,0.217115,0.052261,0.352798,-0.414375,-0.235652,0.213376,0.130548,0.702362,0.125898,-0.029294,0.42302,-0.452737,0.199734,0.322444,-0.137993,-0.513302,0.309364,0.090878,-0.158874,0.387567,0.374865,0.078844,0.038717,-0.843851,-0.529041,#
19,0.20601,0.175393,-0.006324,0.212473,0.399974,-0.527922,-0.4172,0.389351,-0.424967,0.003875,-0.436335,-0.390974,0.001531,0.368233,0.312586,0.197142,-0.417385,0.405798,-0.019374,1.0,0.231437,-0.001816,-0.236722,0.33842,0.398196,0.507498,-0.205493,0.00618,0.389351,-0.005629,0.231532,-0.014649,0.219167,-0.005629,-0.155355,-0.654496,0.149194,0.237562,-0.333253,-0.333253,0.014152,0.058314,0.001529,0.165325,-0.447865,0.000898,0.75735,-0.138539,0.215154,-0.287404,0.212887,-0.35624,0.214216,-0.13617,-0.003681,-0.197325,-0.353283,-0.212824,-0.320158,-0.287404,-0.219416,0.236824,0.200949,-0.030082,-0.131145,-0.154823,0.33842,0.385612,-0.284285,-0.348276,0.317752,-0.287969,-0.183153,0.242128,0.006324,-0.022459,0.828521,0.021429,0.018215,0.218211,-0.017741,0.033638,0.616609,0.999289,0.009483,0.22493,0.444361,0.204458,0.423381,0.423381,0.170721,0.009483,0.250384,-0.002258,0.242128,0.204458,0.310259,-0.002258,-0.203828,0.421183,-0.287404,-0.179354,-0.193484,0.616609,0.204458,0.615465,0.223518,-0.68963,0.232636,-0.214783,0.070663,-0.333253,0.481295,0.435817,0.481295,0.423381,0.233263,0.21507,-0.192915,0.030479,0.423381,0.423381,0.332228,0.232636,0.200949,0.227802,0.33842,-0.410369,-0.316189,0.018596,-0.009006,0.233263,0.030116,-0.207766,-0.002724,0.003875,0.64802,0.199786,-0.026868,0.232636,0.216524,-0.223201,0.233263,0.200949,-0.350948,-0.050201,0.664293,-0.466321,0.481295,-0.398625,0.001002,-0.493234,0.22493,0.444361,-0.214938,0.204458,0.397578,-0.037836,0.015443,0.199786,-0.378039,-0.010513,-0.240181,-0.248982,-0.30622,-0.402543,0.50763,-0.075171,-0.214783,0.0,-0.615525,-0.049859,0.20847,0.289829,-0.011752,0.332228,0.50763,-0.378721,-0.1352,-0.121237,0.048799,-0.423843,-0.032824,-0.434887,-0.600451,-0.003094,-0.213221,-0.350948,0.085349,-0.659732,0.289829,-0.24392,-0.243013,-0.645889,0.175996,-0.180392,-0.670191,0.242128,0.227802,0.663067,#
20,-0.155564,-0.576473,-0.430284,0.20239,0.039443,-0.512152,-0.808787,0.031195,-0.046497,0.015859,-0.022645,0.401287,-0.376463,-0.062002,-0.33304,-0.192154,-0.024637,0.001849,0.00221,0.231437,1.0,-0.415031,-0.99813,0.327753,0.409866,0.511725,-0.217927,0.437806,0.031195,-0.013313,0.63699,0.375785,0.222961,-0.013313,0.103031,-0.654077,-0.181742,0.359775,-0.33304,0.301322,0.492311,-0.45855,0.390383,-0.161004,-0.476672,-0.012574,-0.147676,-0.337784,-0.182263,0.019127,0.237021,-0.370775,0.217683,-0.311807,0.006027,0.329875,-0.496944,0.19259,0.264057,0.019127,-0.188229,0.35378,0.15333,-0.419332,0.093086,-0.139856,0.327753,-0.226146,-0.621505,-0.239944,-0.152943,-0.304451,0.143001,0.635448,0.387277,-0.46048,0.436654,0.795328,0.39671,0.599481,-0.030447,0.815555,0.607663,0.245941,-0.00877,0.193801,0.427648,0.217479,0.819288,0.819288,-0.601811,0.403594,0.660928,0.011088,0.635448,0.217479,-0.314381,0.38807,0.193074,0.427384,0.019127,0.19271,-0.229173,0.231675,0.589052,0.63744,0.581735,-0.062357,0.998671,0.193801,-0.409268,-0.33304,0.019388,0.408338,0.019388,0.436654,0.237267,0.652947,0.207452,0.802624,0.420711,0.404767,0.332051,0.998671,0.15333,0.218378,-0.33304,-0.863701,0.311209,-0.002125,0.393462,0.661315,0.481014,0.190714,-0.01463,-0.023789,0.240271,0.210638,0.346196,0.998671,0.22046,0.204528,0.644353,0.15333,-0.340401,-0.044698,0.678277,-0.791328,0.019388,0.375501,-0.009565,0.14185,0.228408,0.815555,-0.234192,0.186515,0.098529,-0.487449,0.462811,0.210638,-0.78217,-0.018115,-0.230178,-0.253022,0.289679,-0.423625,0.511454,0.041568,0.193801,0.0,-0.329266,0.330694,0.621424,-0.320172,0.001266,0.332051,0.511454,-0.423352,-0.546102,0.382085,-0.438683,0.391286,-0.052681,-0.440794,-0.22429,-0.016982,-0.19439,0.310095,0.434297,-0.303594,-0.320172,-0.663576,-0.274088,-0.644844,-0.248298,-0.193508,-0.256786,0.635448,0.218378,0.226809,#
