0,1.0,0.231976,0.111657,-0.111641,0.22513,-0.089107,-0.131932,0.189318,-0.166667,0.317387,-0.407997,0.311497,0.591652,0.231144,0.601566,0.231144,-0.166667,-0.40764,0.225249,-0.166667,-0.346005,0.649315,-0.356577,-0.327078,-0.326279,0.102062,0.161847,-0.25,0.317614,0.203999,-0.499208,0.356348,0.0,0.091733,-0.519005,0.400945,-0.49968,-0.003967,0.0,0.224987,-0.012977,-0.098543,0.182912,0.240005,-0.166667,0.133737,0.400945,-0.088388,-0.562395,0.317614,-0.640113,-0.011274,0.666667,-0.47213,0.235934,-0.404715,-0.362885,0.227339,0.159784,-0.860417,-0.207613,0.218064,0.111339,0.112464,0.255773,0.171783,0.0,0.051231,0.247068,-0.610868,0.221776,-0.607147,0.0,0.0,-0.13647,-0.147441,0.0,-0.266797,-0.327154,-0.407971,-0.408248,-0.407971,-0.406816,-0.407971,0.217813,-0.166667,-0.327154,-0.327154,-0.249873,-0.101623,-0.25,-0.249873,0.101567,-0.166667,-0.249873,0.666667,-0.166667,-0.408034,-0.166667,-0.498308,0.0,-0.327161,0.302478,-0.25,-0.327154,0.0,-0.096667,-0.408034,0.356961,-0.25,-0.406695,-0.166667,-0.166667,-0.327327,-0.327154,-0.011485,-0.166667,0.086269,0.194501,-0.496694,-0.166667,-0.32672,-0.13647,0.377686,-0.632198,0.005907,0.666667,-0.013267,0.190117,-0.166667,0.094007,-0.326789,-0.249873,0.117974,-0.49973,-0.249873,-0.166667,-0.327154,0.366174,-0.499604,-0.166667,-0.408034,-0.166667,-0.632198,-0.406816,0.17665,0.337506,-0.592557,-0.406816,-0.249838,-0.248549,-0.217859,0.666667,-0.25,-0.096667,0.0,0.335073,-0.052794,-0.407971,0.094007,-0.406816,-0.166667,-0.166667,-0.326025,0.185821,0.238366,0.316551,0.17177,-0.166667,-0.249873,-0.233425,0.117031,0.0,-0.012166,0.526067,0.28575,-0.166667,-0.371914,0.336062,0.321361,-0.211865,0.396104,0.238366,0.325791,-0.060193,-0.327327,0.511698,-0.367607,0.431844,0.315527,-0.327154,0.238366,-0.060193,0.29644,-0.018927,-0.327074,-0.060193,-0.011485,0.372539,0.102062,#
1,0.231976,1.0,-0.534242,0.094343,-0.189057,0.100657,-0.352887,-0.42805,-0.218168,-0.030152,-0.094645,-0.017367,-0.060119,-0.183759,0.38776,0.35563,-0.218168,-0.533604,-0.42837,-0.218168,-0.13648,0.432277,-0.200097,0.04155,0.072274,-0.094704,-0.457508,0.211264,0.462423,0.523016,-0.653468,-0.493033,0.0,0.377487,0.226966,0.123925,0.206989,0.200233,5e-05,0.523949,0.28763,-0.800834,0.312677,0.532544,-0.218168,0.249639,0.123925,-0.280465,0.227991,0.462423,0.227462,0.220004,0.527469,0.263976,0.352092,-0.062428,0.357806,0.367172,0.279585,-0.430655,-0.457531,-0.410106,0.219118,0.261863,-0.062605,-0.417682,0.0,0.349319,0.548576,0.111341,-0.131542,0.122422,0.0,0.0,0.519405,-0.04031,0.0,0.429783,0.032525,0.344758,-0.094704,0.344758,-0.087832,-0.082085,0.558057,-0.218168,0.032525,-0.428247,0.226535,0.103212,0.211264,0.749398,0.387497,-0.218168,-0.327085,-0.218168,-0.218168,-0.101023,-0.218168,0.2422,0.273829,0.502513,0.437001,-0.327252,0.032525,0.0,-0.798767,0.35755,0.226535,0.211264,-0.532367,-0.218168,-0.218168,0.041582,0.032525,0.211906,-0.218168,0.386563,0.038789,0.252158,-0.218168,-0.427679,0.519405,0.532638,-0.488073,-0.191459,0.527469,0.078812,0.290343,0.499853,-0.084634,-0.427769,0.195778,-0.137324,-0.228577,-0.327085,-0.218168,-0.428247,0.512155,0.211906,-0.218168,-0.101023,0.499853,-0.488073,-0.087832,0.272528,0.198651,-0.39274,0.38302,-0.327039,-0.325353,-0.528845,-0.218168,0.211264,-0.356287,0.0,-0.352022,-0.58013,0.344758,-0.084634,-0.087832,-0.218168,-0.218168,-0.42677,0.030896,0.380483,0.180209,-0.733151,0.499853,-0.327085,-0.000682,-0.321058,0.0,0.227999,-0.183053,0.414558,0.499853,-0.728545,-0.000726,-0.014612,-0.994574,0.126855,0.380483,-0.000704,0.439847,0.041582,0.269006,-0.190653,0.262455,-0.009875,0.032525,0.380483,0.439847,0.461019,0.255384,-0.428143,0.439847,0.211906,0.01422,0.8016,#
2,0.111657,-0.534242,1.0,0.249963,-0.170264,-0.177092,0.649098,0.36075,0.395293,0.043015,0.150806,0.035915,0.133724,0.35732,0.157379,0.35732,-0.272085,0.158598,0.810189,-0.272085,-0.343399,0.112231,-0.14498,-0.114851,-0.137263,0.166617,0.318057,-0.408127,0.500898,-0.534235,0.012734,0.583114,0.0,-0.296808,-0.576922,0.208848,-0.016007,0.008798,-4.6e-05,-0.534245,-0.656733,0.660562,-0.311752,-0.211922,0.395293,-0.517614,0.638039,-0.050367,-0.304923,0.500898,-0.462271,-0.003357,-0.272085,0.099224,-0.658536,-0.20961,-0.120631,-0.287297,-0.533511,-0.074939,0.505197,0.3392,-0.055963,-0.086754,-0.391013,0.101122,0.0,-0.022881,-0.339447,-0.589568,0.132023,-0.154468,0.0,0.0,-0.174357,0.213449,0.0,-0.407487,-0.534082,-0.269279,0.166617,-0.269279,-0.234905,-0.269279,-0.533373,-0.272085,-0.089337,-0.105809,-0.407919,-0.165901,0.111657,-0.407919,0.141368,0.395293,0.078065,0.420961,-0.272085,0.154462,-0.272085,-0.40967,-0.527348,-0.534092,-0.329859,0.092406,-0.105809,0.0,0.26928,-0.26357,0.096757,-0.408127,0.150325,-0.272085,-0.272085,0.356243,-0.105809,-0.409661,-0.272085,-0.228334,-0.060124,-0.387826,-0.272085,0.366065,-0.174357,-0.150682,0.212038,0.340808,-0.272085,-0.358808,-0.401136,-0.272085,0.204624,0.313223,-0.407919,0.108107,-0.009486,0.096757,0.420961,0.338937,-0.226505,-0.424696,0.395293,-0.26357,-0.272085,0.212038,-0.234905,0.236886,-0.407247,-0.160617,-0.664131,0.108482,0.610491,0.507828,0.420961,0.111657,0.26928,0.0,0.314788,0.336618,-0.269279,0.204624,-0.250802,-0.272085,-0.272085,-0.088372,-0.097302,-0.151738,-0.406035,0.411486,-0.272085,0.078065,-0.408559,0.461412,0.0,-0.3843,0.399698,0.086061,-0.272085,0.338579,0.03443,0.076887,0.490116,0.204614,0.325502,0.049739,-0.580326,-0.097463,-0.031523,0.390646,0.457958,-0.399555,-0.105809,-0.151738,-0.580326,0.076961,-0.056161,-0.10754,-0.580326,-0.409661,-0.003484,-0.242067,#
3,-0.111641,0.094343,0.249963,1.0,-0.444921,-0.257842,0.167022,0.077917,-0.408067,-0.578011,0.273295,-0.567756,-0.213347,-0.435498,0.237861,0.605604,0.259212,-0.586091,0.100588,0.259212,-0.470737,0.213219,-0.407787,-0.347524,0.078405,0.650654,-0.351406,0.408067,0.35475,-0.341815,-0.410303,-0.123465,0.0,-0.181055,-0.296018,-0.273003,0.023083,0.410285,4.6e-05,0.083148,-0.53534,-0.249176,0.084031,0.177203,0.259212,0.171008,0.156124,-0.747908,-0.269351,0.35475,-0.261941,0.417419,-0.408067,0.330891,0.118501,0.32876,0.122064,0.381093,-0.349388,0.317072,0.495531,-0.363688,0.199736,0.674804,-0.088583,-0.36759,0.0,0.336466,-0.377126,-0.224553,-0.010036,0.156267,0.0,0.0,-0.213528,0.836643,0.0,0.366343,0.071885,-0.150774,0.257747,-0.150774,-0.137724,-0.166031,-0.318844,-0.408067,0.088355,-0.372794,0.408408,-0.216137,0.427315,0.427097,0.258453,-0.408067,-0.611788,0.259212,-0.408067,-0.16309,-0.408067,0.046953,0.309421,0.09724,-0.029929,-0.111641,-0.356325,0.0,-0.244586,0.263986,0.408408,0.408067,-0.230957,-0.408067,-0.408067,0.105849,-0.356325,0.394126,0.259212,-0.099063,-0.799362,0.484987,-0.408067,-0.363914,-0.213528,0.615007,0.458628,-0.039661,-0.408067,-0.153533,-0.244452,0.284877,-0.554429,-0.389645,-0.107187,-0.183936,-0.006621,-0.107187,0.284877,-0.356325,-0.308038,0.003272,-0.408067,-0.178571,0.284877,0.458628,-0.137724,0.382478,-0.610781,-0.250927,0.300787,-0.095435,0.407551,0.321563,0.259212,0.427315,-0.228771,0.0,-0.18823,-0.429382,-0.150774,-0.554429,-0.566886,-0.408067,-0.408067,-0.79824,-0.80011,0.140704,-0.608963,-0.295403,0.284877,-0.611788,-0.06618,-0.315607,0.0,0.052644,0.014748,-0.060625,0.284877,0.125994,-0.526043,-0.065367,-0.088424,0.175886,0.649684,0.385419,0.353148,0.089047,0.02589,0.130762,0.645273,-0.072881,-0.356325,0.649684,0.353148,-0.085427,-0.364991,0.082341,0.353148,0.394126,-0.382203,0.273463,#
4,0.22513,-0.189057,-0.170264,-0.444921,1.0,-0.353633,-0.482126,-0.271061,0.13412,0.216489,-0.608241,0.198567,0.410501,-0.271813,-0.122388,-0.271813,0.197987,0.406899,-0.287121,0.197987,0.786411,-0.581156,0.429963,-0.215579,-0.252364,-0.121242,-0.266685,0.273031,-0.374867,0.346402,0.011657,0.151062,0.0,0.445058,-0.250164,0.059936,-0.496311,-0.508373,0.000116,-0.161458,-0.101444,0.060419,-0.304897,0.061798,0.166054,-0.29783,0.059936,0.50721,-0.013959,-0.374867,-0.083545,-0.512249,0.197987,-0.102788,0.365103,-0.117195,-0.247956,-0.228922,0.61352,-0.165992,-0.03182,0.242331,-0.292255,-0.282563,-0.278045,0.630968,0.0,-0.173739,0.264701,0.101437,0.721677,-0.419391,0.0,0.0,-0.376755,-0.050849,0.0,-0.287759,-0.164663,-0.085984,-0.61012,-0.085984,-0.602162,0.426571,-0.230054,0.166054,-0.71796,0.347649,0.272207,0.063453,-0.996322,-0.355648,-0.650949,0.13412,0.250321,0.102187,0.197987,-0.593938,0.197987,-0.00591,-0.135529,-0.175515,-0.333425,0.249081,-0.205648,0.0,0.07779,-0.094269,0.202446,-0.349671,0.42409,0.166054,0.166054,-0.781859,-0.205648,0.012543,0.197987,-0.097758,0.322621,-0.499225,0.197987,0.303347,-0.376755,-0.40731,-0.20906,0.457041,0.197987,0.601703,-0.188203,-0.664215,-0.126083,0.326815,-0.331026,0.215867,-0.466273,-0.331026,-0.664215,-0.205648,0.261799,0.031248,0.13412,-0.073874,0.166054,-0.20906,-0.602162,-0.174792,0.29634,0.608543,-0.089114,0.248919,-0.431365,-0.34523,0.102187,-0.996322,-0.453542,0.0,0.118029,0.002023,-0.085984,-0.126083,-0.107728,0.197987,0.166054,0.326076,0.346458,-0.274025,0.295458,0.186398,-0.664215,0.250321,-0.283078,0.310414,0.0,-0.494882,-0.03825,-0.337016,0.166054,-0.307204,0.156495,-0.096798,0.194289,0.093063,-0.296861,-0.35716,-0.205287,-0.217415,0.465507,-0.302865,-0.238177,0.198831,-0.205648,-0.274025,-0.205287,-0.358638,-0.492462,0.347732,-0.205287,0.012543,-0.415781,-0.590565,#
5,-0.089107,0.100657,-0.177092,-0.257842,-0.353633,1.0,0.177566,0.100817,-0.408085,0.403973,-0.177035,0.408488,0.298015,0.665209,-0.136402,-0.383275,-0.408085,0.246308,-0.356047,-0.408085,-0.122978,0.258032,0.123779,0.112863,0.515744,-0.177144,0.44745,-0.612127,-0.057096,0.088518,0.003989,-0.043488,0.0,0.241298,0.061821,0.199198,0.016726,0.006886,9.3e-05,0.089384,0.665379,0.172945,-0.048185,0.202018,0.263447,0.100277,-0.216669,0.495848,0.34921,-0.057096,0.42547,0.003262,0.289275,-0.263784,0.071258,-0.217639,0.098888,0.508688,-0.249597,-0.060691,-0.360342,-0.361587,-0.440291,0.060166,0.339069,-0.268576,0.0,-0.096858,0.217284,-0.248679,-0.605165,-0.199297,0.0,0.0,0.160546,-0.378144,0.0,0.308778,0.103737,-0.160767,-0.177144,-0.160767,0.659984,-0.559973,0.533317,0.263447,0.534676,-0.327202,-0.611815,-0.271985,0.395171,-0.122806,0.657923,-0.408085,-0.074126,-0.408085,0.289275,0.256413,0.289275,-0.455243,0.512198,0.086668,0.326726,-0.612127,0.103737,0.0,-0.260096,-0.59402,-0.611815,-0.108478,-0.134454,0.263447,0.263447,0.077779,0.103737,-0.397439,-0.408085,0.21123,0.056408,-0.058796,0.289275,0.050209,0.160546,-0.274624,-0.223518,-0.436855,0.289275,-0.325472,-0.248465,0.263447,0.230178,0.095525,0.414884,-0.056675,0.010086,0.414884,0.263447,0.103737,0.084263,-0.397439,-0.408085,-0.148642,-0.408085,-0.223518,0.659984,-0.22741,0.432978,-0.100092,-0.21322,0.394914,0.392878,-0.093539,-0.408085,0.395171,0.153736,0.0,0.613724,0.368439,-0.160767,0.230178,0.244083,0.289275,0.263447,0.086901,0.111413,0.584872,0.431689,0.138661,0.263447,-0.074126,0.774328,0.061821,0.0,0.386881,0.402813,-0.092501,-0.408085,0.089655,0.382442,-0.356251,-0.105517,0.159799,-0.427264,0.324657,-0.138056,-0.361842,-0.021008,0.048992,-0.490206,0.349885,0.103737,0.052946,-0.138056,0.044627,0.427836,0.057287,-0.138056,-0.397439,0.48433,0.2499,#
6,-0.131932,-0.352887,0.649098,0.167022,-0.482126,0.177566,1.0,0.526516,0.258534,0.303859,0.242038,0.309453,-0.212541,0.568245,-0.204998,0.047668,-0.407791,0.236769,0.507629,-0.407791,-0.489441,0.197489,-0.425773,0.071484,0.558305,0.241559,0.528516,-0.611687,0.321684,-0.341251,-0.005239,-0.054137,0.0,-0.613963,-0.33655,0.554085,-0.007991,-0.017637,9.6e-05,-0.358487,-0.103001,0.554381,-0.291045,0.181873,0.285187,-0.30246,0.124936,0.011308,-0.35147,0.321684,-0.28561,-0.019772,-0.407791,0.199847,-0.425386,-0.192229,0.122395,-0.255195,-0.377153,0.089201,0.507978,0.507394,-0.366541,0.148103,-0.10649,-0.422649,0.0,0.13969,-0.155244,-0.257247,-0.047626,-0.206923,0.0,0.0,-0.253254,0.093137,0.0,-0.548202,-0.355761,-0.190134,0.257881,-0.190134,0.241683,-0.60209,0.106238,0.285187,0.08894,-0.372865,-0.611375,0.099803,0.427781,-0.106748,0.272873,0.258534,-0.126157,0.231881,-0.407791,0.239541,-0.407791,-0.026752,-0.359378,-0.364159,-0.127001,-0.111943,0.071837,0.0,0.115651,-0.17845,-0.145565,-0.091953,-0.166339,0.285187,0.285187,0.542648,0.071837,-0.441814,-0.407791,-0.175208,0.106532,-0.020958,-0.407791,0.540553,-0.253254,-0.25751,0.267353,-0.083322,-0.407791,-0.208033,-0.323794,0.285187,0.263086,0.062199,-0.106748,0.430621,-0.006319,-0.106748,0.285187,0.071837,0.02599,-0.426202,0.258534,-0.17845,-0.407791,0.267353,0.241683,-0.300757,-0.610368,-0.108027,-0.187501,0.427503,0.425299,0.320012,0.231881,0.427781,0.542698,0.0,0.1928,0.558208,-0.190134,0.263086,0.225176,-0.407791,0.285187,0.052137,-0.364074,0.041931,-0.608552,0.065052,0.285187,-0.126157,-0.116598,0.151675,0.0,0.018872,0.379006,-0.120842,-0.407791,0.539247,0.307033,-0.396312,0.276657,-0.310179,0.022872,0.314638,-0.638201,0.088987,-0.057281,0.537902,0.124307,-0.142966,0.071837,0.041931,-0.638201,-0.048083,-0.037229,0.085269,-0.638201,-0.441814,0.25458,-0.150158,#
7,0.189318,-0.42805,0.36075,0.077917,-0.271061,0.100817,0.526516,1.0,-0.218002,-0.084486,-0.077241,-0.089545,-0.144582,0.294051,0.319593,-0.266204,-0.218002,-0.108166,0.522841,-0.218002,-0.498983,0.268489,-0.199656,-0.427822,0.072706,-0.11242,0.327575,-0.327003,-0.084547,0.066416,0.219626,0.007666,0.0,-0.532122,-0.162185,0.055751,-0.206397,0.199648,-5.2e-05,-0.428053,-0.061642,0.524062,0.186783,0.032755,-0.218002,0.387394,0.055751,-0.16125,-0.548636,-0.084547,-0.481685,0.187054,-0.218002,-0.617553,-0.20804,0.329458,-0.18915,0.088687,-0.574201,-0.012256,0.27156,0.510414,-0.188834,0.330565,0.362356,0.213745,0.0,0.022925,-0.383763,-0.378485,-0.029289,-0.335467,0.0,0.0,-0.348024,0.124341,0.0,-0.492327,-0.427922,-0.533632,-0.077289,-0.533632,0.33733,-0.533632,0.029521,0.527795,0.050675,-0.427922,-0.326837,0.023457,0.232345,-0.326837,-0.048508,-0.218002,-0.326837,0.470426,-0.218002,-0.083864,-0.218002,-0.253611,0.064641,-0.427931,0.380138,-0.327004,-0.427922,0.0,0.491208,-0.533714,0.174477,-0.327004,-0.531963,0.527795,0.527795,0.060091,-0.427922,-0.250247,-0.218002,0.3504,0.039214,0.180445,-0.218002,0.029521,-0.348024,0.077177,0.140238,-0.234247,-0.218002,-0.485456,0.150514,-0.218002,0.364574,-0.427444,-0.326837,-0.069034,-0.211617,0.216253,0.527795,0.050675,-0.18233,-0.653489,-0.218002,-0.533714,-0.218002,0.140238,0.33733,-0.544209,-0.326299,-0.218244,-0.124566,0.214162,0.284813,-0.059992,0.470426,0.232345,0.491208,0.0,0.424972,0.188389,-0.533632,0.364574,-0.124566,-0.218002,0.527795,0.011222,-0.427444,0.276231,-0.325327,0.383242,-0.218002,-0.326837,-0.071368,0.363253,0.0,0.218602,0.657923,-0.067759,-0.218002,0.287329,-0.083489,-0.099298,0.406882,0.053197,-0.257087,0.394446,-0.348086,-0.428148,0.193519,0.270786,-0.064237,-0.089301,-0.427922,0.276231,-0.348086,-0.029154,-0.233232,0.048699,-0.348086,-0.250247,0.471257,-0.077289,#
8,-0.166667,-0.218168,0.395293,-0.408067,0.13412,-0.408085,0.258534,-0.218002,1.0,0.197485,0.381843,0.193633,-0.271664,0.138044,-0.27176,0.138044,-0.111111,0.414236,0.490164,-0.111111,0.218687,-0.270203,0.126783,0.479714,-0.21752,-0.272166,0.194216,-0.166667,0.197627,-0.218165,0.343206,0.237566,0.0,-0.271211,0.162825,0.254064,0.306471,-0.333249,0.0,-0.218169,-0.26819,0.249095,-0.182911,-0.401411,-0.111111,-0.648108,0.254064,0.176777,0.157641,0.197627,0.059152,-0.33322,-0.111111,0.409458,-0.679355,-0.26981,0.150809,-0.921984,0.127827,-0.079118,0.138409,0.508817,0.158573,-0.658487,-0.502571,0.093314,0.0,-0.051231,-0.006863,0.271497,0.223285,0.278604,0.0,0.0,0.265029,-0.344028,0.0,-0.503227,-0.218103,0.388544,0.408248,0.388544,-0.271211,0.388544,-0.217813,-0.111111,-0.218103,0.494925,-0.166582,0.270996,-0.166667,-0.166582,-0.270846,1.0,0.642529,-0.111111,-0.111111,0.398178,-0.111111,0.340115,-0.959834,-0.218107,-0.506275,0.666667,0.494925,0.0,0.277916,0.398178,-0.166582,-0.166667,0.427235,-0.111111,-0.111111,0.509175,0.494925,-0.333069,-0.111111,-0.27113,0.569609,-0.33113,-0.111111,0.553608,0.265029,-0.407661,-0.03122,0.338688,-0.111111,0.101717,0.105621,-0.111111,0.438701,0.508338,-0.166582,0.33426,0.325405,-0.166582,-0.111111,0.494925,0.026752,0.317756,1.0,0.398178,-0.111111,-0.03122,-0.271211,0.096737,-0.166307,0.158015,-0.271211,-0.166558,-0.1657,0.217859,-0.111111,-0.166667,0.277916,0.0,-0.39951,0.346096,0.388544,0.438701,0.416936,-0.111111,-0.111111,0.52164,0.508338,-0.688612,-0.165812,0.088488,-0.111111,0.642529,-0.521773,0.162825,0.0,-0.332543,-0.368697,0.211667,-0.111111,0.110197,0.175337,0.239153,0.175337,-0.428571,0.10594,-0.538263,-0.441418,0.509175,-0.367714,0.17155,0.082256,-0.537565,0.494925,-0.688612,-0.441418,0.141162,0.281799,-0.218049,-0.441418,-0.333069,-0.084265,-0.272166,#
9,0.317387,-0.030152,0.043015,-0.578011,0.216489,0.403973,0.303859,-0.084486,0.197485,1.0,-0.396447,0.999694,0.555803,0.762148,-0.36779,-0.383112,-0.507819,0.552689,-0.098558,-0.507819,0.042596,0.133714,-0.277651,0.425944,0.422221,0.051829,0.545734,-0.761728,0.01147,-0.025179,-0.198713,0.064844,0.0,0.112071,-0.360888,0.779487,-0.218561,-0.228998,0.0,-0.042239,0.558679,0.343343,-0.562477,0.303628,0.225697,-0.317802,-0.111547,0.678515,-0.200132,0.01147,-0.174868,-0.23283,0.253909,-0.023339,0.163997,-0.865876,-0.327077,-0.094068,0.477112,-0.366623,-0.309262,0.38687,-0.394922,-0.406402,0.092667,-0.268165,0.0,-0.355556,0.655211,-0.08617,-0.021452,-0.479164,0.0,0.0,-0.086377,-0.636421,0.0,-0.449412,-0.026624,0.074978,-0.38008,0.074978,0.097641,-0.344305,0.441286,0.225697,-0.026624,-0.026624,-0.761339,0.301543,-0.23275,-0.247737,0.074143,0.197485,0.339582,0.169273,0.253909,0.094094,0.253909,-0.273133,-0.237353,-0.044931,0.01852,-0.23275,0.425987,0.0,-0.111473,-0.392393,-0.268281,-0.23275,0.144986,0.225697,0.225697,-0.073877,0.425987,-0.240099,-0.507819,-0.381763,0.439766,-0.714147,0.253909,0.422851,-0.086377,-0.579447,-0.273482,0.170992,0.253909,0.427828,-0.213472,0.197485,0.081686,0.443616,0.339582,0.506235,-0.208526,-0.17402,-0.507818,-0.026624,0.664834,-0.223574,0.197485,0.094094,-0.507819,-0.273482,0.097641,-0.195431,0.380043,0.021064,-0.401871,0.338326,-0.263293,0.019523,0.169273,-0.23275,0.32317,0.0,0.388305,0.58684,0.074978,0.081686,0.534458,0.253909,0.225697,0.442602,0.460971,0.188295,0.378912,0.013216,0.197485,0.339582,0.051134,0.177429,0.0,-0.235802,0.196364,0.017198,-0.507819,0.15389,0.993034,-0.246687,-0.002473,-0.101124,-0.412903,-0.004795,-0.43813,-0.073877,0.173233,0.149342,-0.305451,0.486626,0.425987,-0.392729,-0.43813,0.121864,0.210383,-0.059227,-0.43813,-0.240099,0.454939,-0.345527,#
10,-0.407997,-0.094645,0.150806,0.273295,-0.608241,-0.177035,0.242038,-0.077241,0.381843,-0.396447,1.0,-0.384043,-0.665027,-0.132844,-0.245437,0.418029,0.434151,-0.261584,0.33359,0.434151,-0.325634,0.131616,-0.114894,0.321641,-0.059554,0.18258,0.28445,0.121614,0.069777,-0.534065,0.409921,0.088072,0.0,-0.66392,0.461672,-0.187256,0.376372,-0.006475,4.7e-05,0.367818,-0.215311,-0.193036,0.437241,-0.553169,-0.271998,-0.079586,-0.187256,-0.498629,0.174298,0.069777,0.250224,-0.003066,-0.271998,0.328346,-0.535812,0.224048,0.407634,-0.435624,-0.311916,0.299835,0.345338,-0.08897,0.450922,-0.015193,0.105481,-0.34065,0.0,0.300672,-0.619358,0.248618,-0.3206,0.614583,0.0,0.0,0.221414,0.077508,0.0,0.139486,0.355612,0.127125,0.999384,0.127125,0.178366,0.142672,-0.061096,-0.271998,0.338828,0.338828,0.106428,-0.181795,0.611995,0.087383,0.217556,0.381843,0.068338,-0.271998,-0.271998,0.548798,-0.271998,0.421138,-0.305495,-0.105777,-0.346598,0.611995,0.322045,0.0,0.261288,0.564573,-0.407789,0.631611,0.138855,-0.271998,-0.271998,0.784168,0.322045,-0.003424,0.43415,-0.236325,-0.069545,0.450562,-0.271998,-0.079254,0.221414,0.265479,0.213844,-0.415848,-0.271998,-0.345396,0.257563,0.407997,0.18784,-0.105979,0.087383,0.11663,0.796586,0.087383,0.407997,0.322045,-0.625613,0.379558,0.381843,0.564573,-0.271998,0.213844,0.178366,0.23582,-0.407117,-0.265008,0.194564,-0.407732,0.150475,0.533315,-0.271998,0.611995,0.245171,0.0,-0.583641,0.192755,0.127125,0.18784,0.162168,-0.271998,-0.271998,-0.097205,-0.105979,-0.582268,-0.405906,0.061015,0.407997,0.068338,0.141562,-0.596292,0.0,0.467931,-0.406196,0.060784,-0.271998,0.440953,-0.361811,0.371999,0.103637,-0.571236,0.423921,0.146036,0.166244,0.80129,-0.817774,-0.109603,0.296959,-0.295978,0.322045,-0.043639,0.166244,-0.053163,0.392836,-0.05037,0.166244,-0.003424,-0.02568,0.166564,#
11,0.311497,-0.017367,0.035915,-0.567756,0.198567,0.408488,0.309453,-0.089545,0.193633,0.999694,-0.384043,1.0,0.545999,0.76241,-0.372706,-0.376787,-0.507936,0.5429,-0.103547,-0.507936,0.029735,0.144287,-0.292992,0.436539,0.434009,0.061865,0.54666,-0.761904,0.017113,-0.030556,-0.206066,0.051751,0.0,0.104628,-0.354009,0.782445,-0.20899,-0.219503,-5.1e-05,-0.029617,0.567156,0.331224,-0.558985,0.309607,0.221696,-0.310837,-0.12125,0.666738,-0.200472,0.017113,-0.171381,-0.222928,0.249759,-0.012171,0.167947,-0.868106,-0.320742,-0.08921,0.47889,-0.361686,-0.311119,0.38002,-0.387974,-0.399475,0.099128,-0.291171,0.0,-0.350655,0.658502,-0.078197,-0.033989,-0.468927,0.0,0.0,-0.079226,-0.635534,0.0,-0.441116,-0.013983,0.084394,-0.367756,0.084394,0.107655,-0.349352,0.452932,0.221696,-0.013983,-0.031992,-0.761516,0.306791,-0.21468,-0.230198,0.08508,0.193633,0.333576,0.16557,0.249759,0.103652,0.249759,-0.263097,-0.232935,-0.032532,0.024056,-0.235727,0.436232,0.0,-0.121158,-0.380259,-0.271068,-0.21468,0.137371,0.221696,0.221696,-0.060626,0.436232,-0.230803,-0.507936,-0.386589,0.431941,-0.7016,0.249759,0.415111,-0.079226,-0.569515,-0.26888,0.161732,0.249759,0.429249,-0.208607,0.221696,0.074395,0.435765,0.354012,0.508024,-0.199203,-0.177306,-0.507936,-0.031992,0.667902,-0.214365,0.193633,0.103652,-0.507936,-0.26888,0.107655,-0.190891,0.37383,0.010975,-0.389214,0.332328,-0.266084,0.024923,0.16557,-0.21468,0.328478,0.0,0.376159,0.583585,0.084394,0.074395,0.542159,0.249759,0.221696,0.434769,0.453028,0.192649,0.372718,-0.003024,0.221696,0.333576,0.057337,0.16004,0.0,-0.225541,0.187148,0.022453,-0.507936,0.158641,0.994666,-0.24815,-0.015253,-0.11032,-0.405366,0.001908,-0.426692,-0.060626,0.164148,0.152884,-0.300458,0.490543,0.436232,-0.385298,-0.426692,0.127636,0.21851,-0.064421,-0.426692,-0.230803,0.459363,-0.333387,#
12,0.591652,-0.060119,0.133724,-0.213347,0.410501,0.298015,-0.212541,-0.144582,-0.271664,0.555803,-0.665027,0.545999,1.0,0.420534,0.145022,-0.129662,-0.271664,0.20705,-0.117765,-0.271664,0.071273,0.185254,-0.037257,-0.053313,-0.129459,0.134367,0.183651,-0.407495,0.072346,-0.083795,-0.368097,0.525689,0.0,0.588343,-0.645003,0.236054,-0.374656,-0.005223,4.7e-05,-0.066036,0.149692,0.258953,-0.437657,0.139772,0.407495,-0.143176,0.236054,0.4807,-0.185502,0.072346,-0.318257,-0.017788,0.433617,-0.326894,0.322414,-0.659678,-0.590757,0.427963,0.214367,-0.435247,-0.370943,-0.140126,-0.173865,-0.215962,0.08777,0.182281,0.0,-0.442422,0.4366,-0.5483,0.00681,-0.539185,0.0,0.0,-0.142468,-0.26921,0.0,0.049566,-0.054035,-0.221053,-0.665437,-0.221053,-0.200606,-0.221053,-0.071689,-0.271664,-0.054035,-0.054035,-0.407288,-0.156275,-0.407495,-0.407288,0.129736,-0.271664,0.136509,0.355252,0.433617,-0.214652,0.433617,-0.812233,0.194256,-0.063079,0.099656,-0.407495,-0.054035,0.0,-0.148096,-0.665088,0.049233,-0.407495,0.20822,-0.271664,-0.271664,-0.533537,-0.054035,-0.00972,-0.271664,-0.245692,-0.091234,-0.809603,0.433617,-0.088758,-0.142468,-0.207462,-0.289178,0.355898,0.433617,0.188393,-0.359549,-0.271664,-0.239668,0.373183,0.136509,-0.036055,-0.371939,0.136509,-0.271664,-0.054035,0.348428,-0.376932,-0.271664,-0.214652,-0.271664,-0.289178,-0.200606,0.289914,0.649023,-0.106801,-0.663102,0.118228,0.052275,0.072709,0.355252,-0.407495,-0.148096,0.0,0.705729,0.131839,-0.221053,-0.239668,-0.200606,0.433617,-0.271664,-0.034746,0.389251,0.389777,0.647092,0.28243,-0.271664,0.136509,0.102652,0.351849,0.0,-0.40119,0.401891,0.077628,-0.271664,-0.11917,0.54892,0.066999,0.085189,0.64666,-0.14819,0.052615,-0.088681,-0.533537,0.385159,-0.108316,-0.020063,0.515403,-0.054035,-0.14819,-0.088681,0.139382,0.027489,-0.099186,-0.088681,-0.00972,0.200604,-0.233543,#
13,0.231144,-0.183759,0.35732,-0.435498,-0.271813,0.665209,0.568245,0.294051,0.138044,0.762148,-0.132844,0.76241,0.420534,1.0,-0.115187,-0.303219,-0.664538,0.416916,0.271048,-0.664538,-0.341806,0.39704,-0.216125,0.335589,0.333093,-0.133682,0.771267,-0.996807,0.189246,-0.198845,0.022086,0.282281,0.0,-0.084046,-0.25718,0.588935,0.011165,-0.004738,-0.000116,-0.197774,0.447347,0.586601,-0.318855,0.052637,0.170147,-0.198454,0.07203,0.519273,-0.110914,0.189246,-0.119881,-0.015998,0.202251,-0.250371,-0.293075,-0.6525,-0.230031,0.027612,-0.188359,-0.32461,-0.251941,0.270922,-0.299367,-0.314959,0.207785,-0.231132,0.0,-0.31134,0.284153,-0.395386,-0.415154,-0.327152,0.0,0.0,0.108462,-0.616279,0.0,-0.328648,-0.179839,-0.107771,-0.114023,-0.107771,0.436364,-0.603968,0.35452,0.170147,0.3558,-0.20044,-0.996299,0.045598,0.255221,-0.388481,0.434318,0.138044,0.256466,0.105941,0.202251,0.417695,0.202251,-0.550536,-0.172424,-0.201062,0.195119,-0.39487,0.335198,0.0,0.070173,-0.639357,-0.435236,-0.370793,-0.046528,0.170147,0.170147,0.313146,0.335198,-0.514241,-0.664538,-0.121304,0.330626,-0.541879,0.202251,0.311254,0.108462,-0.447353,-0.213782,-0.063493,0.202251,-0.229874,-0.159299,0.170147,0.414666,0.334848,0.279844,0.211902,0.016565,0.279844,0.170147,0.335198,0.281742,-0.495437,0.138044,-0.085772,-0.664538,-0.213782,0.436364,-0.145706,0.302722,-0.284204,-0.648991,0.255055,0.25374,0.19217,0.105941,0.255221,0.584548,0.0,0.614262,0.663203,-0.107771,0.414666,0.416481,0.202251,0.170147,0.33409,0.354595,0.339762,0.301821,0.297626,0.170147,0.256466,0.223753,0.330883,0.0,0.010077,0.477554,0.184694,-0.664538,0.305654,0.757366,-0.104223,0.150854,0.07217,-0.344355,0.165342,-0.518274,-0.233283,-0.05517,0.303768,-0.243306,0.19246,0.335198,-0.321398,-0.518274,0.294473,0.493259,-0.237499,-0.518274,-0.514241,0.728732,-0.074705,#
14,0.601566,0.38776,0.157379,0.237861,-0.122388,-0.136402,-0.204998,0.319593,-0.27176,-0.36779,-0.245437,-0.372706,0.145022,-0.115187,1.0,0.400145,-0.27176,-0.664683,0.341043,-0.27176,-0.415508,0.551013,-0.061717,-0.53332,-0.532019,-0.277903,-0.348965,0.106857,0.538337,0.375355,-0.396623,0.159365,0.0,0.206086,-0.154336,-0.176717,0.00791,0.378208,2.4e-05,-0.06152,-0.323147,-0.185055,0.445443,0.150711,-0.27176,0.357716,0.672933,-0.452657,-0.192125,0.538337,-0.350958,0.37606,0.440621,-0.3915,-0.090514,0.233093,-0.037751,0.401181,-0.418885,-0.569264,-0.18734,-0.119098,0.318944,0.32078,-0.029409,0.310822,0.0,0.207218,-0.011082,-0.560887,0.018772,-0.129943,0.0,0.0,0.264041,0.19723,0.0,0.123823,-0.533445,-0.233427,-0.245589,-0.233427,-0.238479,-0.233427,-0.067239,-0.27176,-0.093223,-0.533445,0.121495,-0.16523,0.106857,0.121495,0.215858,-0.27176,-0.407433,0.361468,-0.27176,-0.251545,-0.27176,-0.373016,0.166482,-0.076124,0.544658,-0.40764,-0.533445,0.0,-0.18201,-0.227205,0.582612,-0.40764,-0.663142,-0.27176,-0.27176,-0.084636,-0.533445,-0.018273,-0.27176,0.645973,-0.086984,0.052199,-0.27176,-0.532737,0.264041,0.663767,-0.395136,0.0101,0.440621,-0.524138,0.311503,-0.27176,0.202892,-0.532849,-0.407433,-0.510325,-0.408248,0.09211,0.414237,-0.093223,0.061462,-0.389181,-0.27176,-0.665325,0.414237,-0.395136,-0.238479,0.289537,0.095012,-0.600358,-0.213487,-0.407376,0.155738,-0.381099,0.361468,0.106857,-0.18201,0.0,0.176576,-0.591029,-0.233427,0.202892,-0.663338,-0.27176,-0.27176,-0.531604,-0.094641,0.421374,0.077674,-0.007293,-0.27176,-0.407433,-0.326271,0.328971,0.0,0.028312,0.441384,0.516699,0.414237,-0.635866,-0.354133,0.337659,-0.371481,0.672599,0.421374,0.093956,0.149603,-0.533727,0.451421,-0.084382,0.502719,-0.351316,-0.533445,0.421374,0.149603,0.518225,0.019076,-0.533315,0.149603,-0.018273,0.167764,0.61074,#
15,0.231144,0.35563,0.35732,0.605604,-0.271813,-0.383275,0.047668,-0.266204,0.138044,-0.383112,0.418029,-0.376787,-0.129662,-0.303219,0.400145,1.0,0.202251,-0.614511,0.271048,0.202251,-0.342672,0.39704,-0.216125,-0.254107,-0.225922,0.397115,-0.205131,0.279298,0.74067,-0.198845,-0.487248,0.212783,0.0,-0.104789,-0.25816,0.07203,-0.028875,-0.044475,-0.000116,0.376637,-0.657481,-0.462115,0.31533,0.052637,0.170147,-0.306449,0.588935,-0.609507,-0.019819,0.74067,-0.119881,-0.035543,0.202251,0.470723,-0.214754,0.01535,0.43083,-0.046588,-0.188359,-0.32461,0.403901,-0.275123,0.307945,0.371659,-0.378231,-0.231132,0.0,0.621201,-0.258177,-0.377283,0.195982,0.082927,0.0,0.0,0.08789,0.519719,0.0,0.224112,-0.212559,-0.127978,0.416774,-0.127978,-0.588173,-0.108894,-0.156807,-0.664538,-0.23316,-0.23316,0.278468,-0.424195,0.255221,0.255091,0.434318,0.138044,-0.411858,0.105941,-0.664538,-0.13589,-0.664538,0.063075,-0.172424,-0.222464,-0.310654,0.255221,-0.253762,0.0,-0.415107,0.416555,0.208336,0.279298,-0.142669,-0.664538,-0.664538,0.313146,-0.253762,-0.026437,0.202251,-0.028724,-0.191204,0.107085,-0.664538,-0.200073,0.08789,0.623107,-0.218291,-0.083975,0.202251,-0.231152,-0.130002,0.170147,-0.056134,-0.26499,-0.388481,0.113052,-0.013655,-0.388481,0.170147,-0.253762,-0.190727,-0.007632,0.138044,-0.116526,0.170147,-0.218291,-0.588173,0.64176,-0.384126,-0.462259,-0.020935,-0.350371,0.25374,0.158846,0.105941,0.255221,-0.434891,0.0,-0.340209,-0.262197,-0.127978,-0.056134,-0.608056,-0.664538,-0.664538,-0.766146,-0.245242,-0.241813,-0.403735,-0.16859,0.170147,-0.411858,-0.257607,-0.331667,0.0,0.090926,0.004676,0.162677,0.170147,-0.273816,-0.362782,0.231191,-0.361374,0.084677,0.993271,0.258109,0.084636,0.334163,0.011392,-0.274029,0.937575,-0.299157,-0.253762,0.419347,0.084636,0.098702,-0.000121,-0.177428,0.084636,-0.026437,-0.393774,0.436433,#
16,-0.166667,-0.218168,-0.272085,0.259212,0.197987,-0.408085,-0.407791,-0.218002,-0.111111,-0.507819,0.434151,-0.507936,-0.271664,-0.664538,-0.27176,0.202251,1.0,-0.27176,-0.218165,1.0,0.248644,-0.270203,0.190175,-0.218052,-0.21752,0.408248,-0.064739,0.666667,-0.508183,-0.218165,0.317205,0.118783,0.0,-0.271211,0.196747,-0.407561,-0.33312,-0.333249,-3.6e-05,0.518152,-0.26819,-0.407858,0.426794,-0.401411,-0.111111,0.072012,-0.407561,-0.324091,0.029824,-0.508183,0.143656,-0.33322,-0.111111,0.019498,0.224221,0.425577,0.150809,-0.164189,0.170437,0.316475,0.415225,-0.218064,0.192312,0.221669,0.245302,0.178145,0.0,0.290312,-0.624534,0.245391,0.253458,0.147187,0.0,0.0,-0.407433,0.393175,0.0,0.234261,0.494925,-0.271981,0.408248,-0.271981,-0.271211,0.388544,-0.217813,-0.111111,-0.218103,0.494925,0.642529,-0.406494,-0.166667,-0.166582,-0.270846,-0.111111,-0.166582,-0.111111,-0.111111,-0.272023,-0.111111,0.340115,0.166928,-0.218107,-0.506275,0.666667,-0.218103,0.0,0.277916,0.398178,-0.166582,0.666667,0.345075,-0.111111,-0.111111,-0.218218,-0.218103,0.317756,1.0,-0.27113,-0.217656,0.347088,-0.111111,-0.217813,-0.407433,0.271774,0.124878,-0.330811,-0.111111,0.145942,0.063372,-0.111111,-0.271577,-0.217859,-0.166582,0.176961,0.325405,-0.166582,-0.111111,-0.218103,-0.642058,0.317756,-0.111111,0.398178,-0.111111,0.124878,-0.271211,0.054677,-0.166307,0.197519,0.416936,-0.166558,-0.1657,0.217859,-0.111111,-0.166667,-0.406805,0.0,-0.39951,-0.005866,-0.271981,-0.271577,-0.271211,-0.111111,-0.111111,-0.21735,-0.217859,-0.635642,-0.165812,0.244642,-0.111111,-0.166582,0.25631,-0.651301,0.0,0.356875,-0.323734,-0.508001,-0.111111,0.220393,-0.506528,0.239152,0.272746,-0.385281,0.211881,0.26441,0.361159,0.509175,-0.323411,-0.661693,0.133666,0.257096,-0.218103,0.211881,0.361159,-0.649345,-0.307034,0.542588,0.361159,0.317756,-0.483414,-0.272166,#
17,-0.40764,-0.533604,0.158598,-0.586091,0.406899,0.246308,0.236769,-0.108166,0.414236,0.552689,-0.261584,0.5429,0.20705,0.416916,-0.664683,-0.614511,-0.27176,1.0,-0.096278,-0.27176,0.591784,-0.660875,0.388367,0.382127,0.298496,-0.245588,0.285424,-0.40764,-0.353975,-0.113771,0.409094,0.102247,0.0,0.174517,-0.060897,0.228626,0.024364,-0.374189,2.4e-05,-0.533607,0.219198,0.661246,-0.712804,-0.11525,0.414236,-0.544513,-0.16352,0.865435,0.267194,-0.353975,0.249021,-0.381295,-0.27176,0.124415,-0.175545,-0.342869,-0.154884,-0.394583,0.210454,0.294966,-0.023007,0.312416,-0.530292,-0.604249,-0.302187,0.175857,0.0,-0.469991,0.24315,0.231967,0.100454,-0.113092,0.0,0.0,-0.124835,-0.403797,0.0,-0.355193,-0.0494,0.190986,-0.245588,0.190986,0.149854,0.190986,-0.144822,0.361468,-0.0494,0.390821,-0.407433,0.22466,-0.40764,-0.407433,-0.296654,0.414236,0.641381,-0.27176,0.440621,0.203426,0.440621,-0.059352,-0.336929,-0.058534,-0.37635,0.106857,0.390821,0.0,0.236909,-0.251545,-0.407433,-0.40764,0.647924,0.361468,0.361468,-0.084636,0.390821,-0.372818,-0.27176,-0.311963,0.349586,-0.491581,0.440621,0.779709,-0.124835,-0.997074,0.220178,0.399132,-0.27176,0.332797,-0.440919,-0.27176,0.131458,0.830466,0.141839,0.2638,0.038819,0.141839,-0.27176,0.390821,0.163104,0.029,0.414236,0.203426,-0.27176,0.220178,0.149854,-0.359649,0.157733,0.715739,-0.317299,0.582676,0.056736,0.12,-0.27176,-0.40764,0.236909,0.0,0.309187,0.584622,0.190986,0.131458,0.574714,0.440621,0.361468,0.797923,0.408487,-0.163518,0.174319,0.249799,-0.27176,0.641381,0.037822,0.462685,0.0,-0.466669,-0.072176,-0.309617,-0.27176,0.340175,0.491299,-0.38877,0.491299,-0.175474,-0.669167,-0.445338,-0.565072,-0.084636,-0.081952,0.364881,-0.670454,0.027195,0.390821,-0.706901,-0.565072,-0.252743,-0.005893,0.309585,-0.565072,-0.372818,-0.044969,-0.665674,#
18,0.225249,-0.42837,0.810189,0.100588,-0.287121,-0.356047,0.507629,0.522841,0.490164,-0.098558,0.33359,-0.103547,-0.117765,0.271048,0.341043,0.271048,-0.218165,-0.096278,1.0,-0.218165,-0.523961,0.292058,-0.255403,0.016681,-0.427097,-0.083282,0.324113,-0.327248,0.388037,-0.428365,0.225688,0.505833,0.0,-0.53252,-0.197567,0.042651,0.195374,0.222427,-2.6e-05,-0.428373,-0.526587,0.525391,0.045088,-0.434562,-0.218165,-0.135798,0.498852,-0.317047,-0.424906,0.388037,-0.55616,0.209488,-0.218165,-0.156333,-0.757026,-0.050289,-0.224648,-0.414707,-0.540004,-0.155348,0.271764,0.517136,0.356094,-0.212302,-0.094285,0.183221,0.0,-0.100592,-0.400238,-0.366926,-0.021698,0.093965,0.0,0.0,0.074542,-0.02381,0.0,-0.499128,-0.428242,-0.112949,0.350479,-0.112949,-0.076281,-0.112949,-0.427673,-0.218165,0.044493,0.026311,-0.327081,0.082924,0.225249,-0.327081,-0.054821,0.490164,0.188724,0.518497,-0.218165,0.337478,-0.218165,-0.223679,-0.639559,-0.42825,-0.026914,0.203999,0.026311,0.0,0.545686,-0.106863,0.209356,-0.327248,-0.087155,-0.218165,-0.218165,0.517501,0.026311,-0.222483,-0.218165,-0.069347,0.074514,-0.200514,-0.218165,0.064105,0.074542,0.100488,0.145686,0.221134,-0.218165,-0.47466,0.207385,-0.218165,0.390473,0.035184,-0.327081,-0.073704,0.202308,0.209356,0.518497,0.499045,-0.257865,-0.239079,0.490164,-0.106863,-0.218165,0.145686,-0.076281,0.189942,-0.326543,-0.423083,-0.532519,-0.327035,0.277099,0.427764,0.518497,0.225249,0.545686,0.0,0.041517,0.173965,-0.112949,0.390473,-0.093828,-0.218165,-0.218165,0.044339,0.035184,-0.228273,-0.325571,0.380804,-0.218165,0.188724,-0.538974,0.364685,0.0,-0.195863,0.229998,0.415605,-0.218165,0.28943,-0.075511,0.469573,0.408853,0.076941,0.278251,-0.055143,-0.334613,0.035242,-0.222667,0.336837,0.434185,-0.528645,0.026311,-0.228273,-0.334613,0.352041,0.162915,-0.428138,-0.334613,-0.222483,0.305008,-0.083282,#
19,-0.166667,-0.218168,-0.272085,0.259212,0.197987,-0.408085,-0.407791,-0.218002,-0.111111,-0.507819,0.434151,-0.507936,-0.271664,-0.664538,-0.27176,0.202251,1.0,-0.27176,-0.218165,1.0,0.248644,-0.270203,0.190175,-0.218052,-0.21752,0.408248,-0.064739,0.666667,-0.508183,-0.218165,0.317205,0.118783,0.0,-0.271211,0.196747,-0.407561,-0.33312,-0.333249,-3.6e-05,0.518152,-0.26819,-0.407858,0.426794,-0.401411,-0.111111,0.072012,-0.407561,-0.324091,0.029824,-0.508183,0.143656,-0.33322,-0.111111,0.019498,0.224221,0.425577,0.150809,-0.164189,0.170437,0.316475,0.415225,-0.218064,0.192312,0.221669,0.245302,0.178145,0.0,0.290312,-0.624534,0.245391,0.253458,0.147187,0.0,0.0,-0.407433,0.393175,0.0,0.234261,0.494925,-0.271981,0.408248,-0.271981,-0.271211,0.388544,-0.217813,-0.111111,-0.218103,0.494925,0.642529,-0.406494,-0.166667,-0.166582,-0.270846,-0.111111,-0.166582,-0.111111,-0.111111,-0.272023,-0.111111,0.340115,0.166928,-0.218107,-0.506275,0.666667,-0.218103,0.0,0.277916,0.398178,-0.166582,0.666667,0.345075,-0.111111,-0.111111,-0.218218,-0.218103,0.317756,1.0,-0.27113,-0.217656,0.347088,-0.111111,-0.217813,-0.407433,0.271774,0.124878,-0.330811,-0.111111,0.145942,0.063372,-0.111111,-0.271577,-0.217859,-0.166582,0.176961,0.325405,-0.166582,-0.111111,-0.218103,-0.642058,0.317756,-0.111111,0.398178,-0.111111,0.124878,-0.271211,0.054677,-0.166307,0.197519,0.416936,-0.166558,-0.1657,0.217859,-0.111111,-0.166667,-0.406805,0.0,-0.39951,-0.005866,-0.271981,-0.271577,-0.271211,-0.111111,-0.111111,-0.21735,-0.217859,-0.635642,-0.165812,0.244642,-0.111111,-0.166582,0.25631,-0.651301,0.0,0.356875,-0.323734,-0.508001,-0.111111,0.220393,-0.506528,0.239152,0.272746,-0.385281,0.211881,0.26441,0.361159,0.509175,-0.323411,-0.661693,0.133666,0.257096,-0.218103,0.211881,0.361159,-0.649345,-0.307034,0.542588,0.361159,0.317756,-0.483414,-0.272166,#
20,-0.346005,-0.13648,-0.343399,-0.470737,0.786411,-0.122978,-0.489441,-0.498983,0.218687,0.042596,-0.325634,0.029735,0.071273,-0.341806,-0.415508,-0.342672,0.248644,0.591784,-0.523961,0.248644,1.0,-0.855327,0.752016,-0.000392,-0.054171,-0.308195,-0.334545,0.372967,-0.471935,0.334666,0.272973,-0.052042,0.0,0.500818,0.178892,-0.151127,-0.151247,-0.572751,-0.000108,-0.128672,0.017805,-0.026052,-0.264663,-0.065163,0.248645,-0.397833,-0.132575,0.613246,0.537482,-0.471935,0.50784,-0.570187,0.038944,0.17791,0.187585,0.101318,0.142819,-0.298864,0.483647,0.198382,-0.041052,-0.059999,-0.361222,-0.348396,-0.423116,0.491055,0.0,-0.092546,0.172639,0.420053,0.470868,-0.032456,0.0,0.0,-0.113156,-0.071554,0.0,0.030176,0.027819,0.164469,-0.32654,0.164469,-0.317482,0.609686,-0.187922,0.218687,-0.452788,0.489201,0.372777,-0.018696,-0.750427,-0.172594,-0.491544,0.218687,0.37406,-0.500285,0.278602,-0.293684,0.278602,0.25612,-0.060758,0.036503,-0.46803,0.350499,0.008594,0.0,-0.027909,0.138923,-0.172594,-0.18873,0.607843,0.218687,0.218687,-0.511862,0.008594,-0.113438,0.248645,-0.004652,0.316015,-0.188343,0.278602,0.448272,-0.113156,-0.582315,-0.060606,0.290085,0.038944,0.480643,-0.269392,-0.500285,-0.033231,0.488677,-0.149496,0.122459,-0.14121,-0.149496,-0.500285,0.008594,0.05103,0.307695,0.218687,0.158056,0.248645,-0.060606,-0.317482,-0.222148,0.248196,0.862715,0.126709,0.350996,-0.241678,-0.329739,-0.500285,-0.750427,-0.489436,0.0,-0.066134,0.033687,0.164469,-0.033231,0.1278,0.278602,0.218687,0.469978,0.359684,-0.365608,0.253195,0.074239,-0.500285,0.37406,0.013821,0.178892,0.0,-0.324083,-0.327798,-0.445134,0.248645,-0.246599,-0.037819,-0.266513,0.132891,-0.114732,-0.388458,-0.515316,-0.148227,-0.021573,0.134856,-0.222672,-0.505645,-0.006932,0.008594,-0.388458,-0.148227,-0.460518,-0.279074,0.468811,-0.148227,-0.113438,-0.583879,-0.43661,#
