0,1.0,-0.234144,-0.277829,-0.210499,0.08608,0.238875,0.238875,0.238875,0.10981,0.147295,-0.201621,0.48725,0.356764,0.238875,-0.094313,0.337021,0.202883,-0.119899,0.314224,0.150675,0.486659,0.026372,-0.250673,-0.668424,-0.381184,-0.668424,-0.320516,-0.117438,0.124667,0.273099,-0.044594,-0.242126,0.316661,0.119285,0.133802,0.102453,0.036782,0.252864,-0.083144,-0.138174,0.269681,0.35574,-0.427436,-0.287396,-0.179319,-0.041263,-0.517507,-0.197112,0.415009,0.119179,0.35484,-0.187939,0.249011,0.327562,0.659999,0.175662,-0.500789,-0.394451,-0.30565,0.119179,0.379931,0.289351,0.088506,0.326448,-0.330234,0.300089,-0.075382,0.639491,-0.097293,-0.104197,0.293452,-0.163363,-0.665483,-0.377146,-0.344225,-0.463023,0.250153,0.0,0.247481,-0.252847,-0.017629,-0.636806,-0.439489,-0.326415,0.250406,-0.423331,-0.636806,0.090351,-0.122272,0.27251,-0.256019,-0.136766,-0.362563,0.090575,-0.028973,-0.095164,-0.172365,-0.510266,-0.326415,-0.139161,0.399407,0.182066,-0.111801,0.150675,0.206132,0.250101,-0.075065,0.292089,0.0,-0.028973,-0.419953,0.273099,-0.636806,-0.70136,0.347744,0.039238,0.150675,-0.256019,-0.395209,-0.351158,0.0,-0.145231,0.003878,-0.362563,-0.187154,0.110562,-0.406312,0.624538,0.076056,0.0,-0.122272,-0.655742,-0.122272,0.167226,-0.070068,0.250406,0.119285,-0.362563,-0.078732,-0.246834,-0.439489,0.559519,-0.665483,0.308781,-0.028973,-0.17936,0.0,0.030139,-0.008815,-0.769302,0.08836,0.220257,-0.418196,-0.665483,0.98858,-0.21816,0.283745,0.141223,-0.414188,-0.439489,-0.247719,-0.344225,0.249556,-0.226172,0.002981,-0.182933,0.0,-0.004126,0.0,0.182066,-0.252335,0.512957,-0.362563,0.00834,0.013111,0.059907,0.271699,0.200033,0.231108,-0.19728,-0.043876,-0.099956,0.222183,-0.281416,0.39508,-0.025837,0.032519,0.107717,-0.025179,0.231108,-0.344429,0.042583,0.69969,-0.098672,-0.1964,-0.477221,0.39508,-0.48637,-0.374098,-0.099951,#
1,-0.234144,1.0,0.158192,-0.24816,-0.37645,0.260508,0.260508,0.260508,-0.353036,0.091592,-0.299219,0.057971,-0.209957,0.260508,0.438995,0.333853,-0.335465,0.313008,0.755498,0.16999,0.550442,-0.021117,-0.177701,0.305843,0.087614,0.305843,0.7374,-0.258664,0.09743,0.254985,-0.142483,0.400587,-0.197843,0.234137,-0.572393,-0.40194,-0.311856,0.04536,-0.104189,-0.0731,0.251793,0.290083,0.073744,0.00374,0.743733,-0.164534,0.232237,-0.475939,-0.274853,0.239615,-0.204518,0.232876,0.254918,-0.423112,-0.143298,-0.149247,-0.004917,-0.459567,-0.281346,0.239615,0.357078,-0.392019,-0.466736,-0.232079,0.75085,0.274515,-0.301894,-0.179414,-0.03951,-0.305187,-0.340697,0.368711,0.16999,0.034048,0.182039,0.075146,-0.350046,0.0,0.254364,0.332471,0.507529,-0.095022,-0.311985,0.134608,-0.364199,-0.35605,-0.053608,-0.38329,0.414599,0.203604,-0.193894,-0.090087,0.206874,-0.425184,0.05198,0.373637,0.18397,0.485718,0.708873,-0.075465,-0.233623,0.16999,-0.068336,-0.663922,-0.322039,0.205395,0.050556,-0.03422,0.0,0.010023,0.057941,0.254985,-0.095022,0.268419,0.348308,0.481462,-0.663922,0.371832,0.395049,-0.282569,0.0,-0.097531,-0.476519,0.206874,-0.379785,0.053214,0.069343,-0.388041,-0.368848,0.0,0.373185,0.395063,0.373185,-0.347104,0.058368,-0.311985,0.234137,0.206874,0.217364,-0.191365,-0.311985,-0.364191,0.16999,0.157934,0.010023,-0.245982,0.0,0.075209,-0.499289,-0.205879,0.084028,-0.092803,0.253678,0.16999,-0.224321,0.289632,0.234901,-0.248788,-0.425495,-0.311985,0.012559,0.182039,-0.370449,-0.255276,0.236359,0.328707,0.0,0.543259,0.0,-0.663922,0.482753,0.021684,0.254985,-0.00357,0.042466,0.163807,0.201463,-0.285229,0.268158,0.291859,-0.068353,-0.061359,-0.308814,0.385357,0.380863,0.268818,0.47192,-0.436177,0.036641,0.226389,0.230319,-0.45541,-0.148814,0.058186,-0.271412,-0.327932,0.380863,-0.072616,0.215871,-0.151786,#
2,-0.277829,0.158192,1.0,-0.020824,-0.529561,-0.00309,-0.00309,-0.00309,-0.587024,0.334283,0.205627,-0.209575,-0.285274,-0.00309,0.016791,0.422601,-0.762096,0.424145,-0.01962,0.233491,-0.25628,0.181184,0.185697,-0.127242,0.363835,-0.127242,0.02799,-0.10907,0.298385,-0.247226,0.545466,0.197901,-0.506088,-0.508186,0.2073,-0.112395,0.602415,0.811374,0.077107,-0.361895,-0.171473,0.431462,0.319666,-0.14104,-0.067231,-0.3083,0.17018,0.649105,-0.03303,-0.353247,0.219248,0.010152,0.309792,-0.41038,-0.242602,-0.386179,-0.230996,-0.089545,0.293979,-0.353247,0.230582,-0.271855,-0.022219,-0.426604,0.054911,0.021662,0.45092,-0.160856,-0.634178,0.803737,0.56174,0.25358,0.233491,0.322503,0.310051,0.585612,-0.187955,0.0,0.310849,0.423776,0.19332,0.13695,-0.154656,0.995748,-0.154656,-0.214512,-0.341883,-0.071059,0.061086,0.349481,0.010353,0.12758,0.350237,0.372752,-0.223592,0.068426,0.333628,-0.200861,0.485,0.170449,-0.385518,-0.508186,-0.295544,-0.508186,0.0948,0.350058,-0.103069,0.243508,0.0,0.261522,0.92304,-0.206021,0.13695,0.424492,0.249391,-0.1722,-0.508186,-0.492801,0.427682,0.047276,0.0,0.122477,-0.142827,0.350237,-0.13604,0.355333,0.317427,0.424237,-0.000681,0.0,0.539918,0.505879,0.539918,0.354585,-0.120092,-0.758372,-0.508186,0.350237,0.666503,0.03,-0.154656,0.114145,0.233491,-0.290867,0.261522,0.828421,0.0,0.240915,0.30613,0.422887,-0.070603,0.192743,0.311175,0.233491,-0.272099,0.457601,0.081087,0.214578,0.421086,-0.154656,0.898894,0.310051,-0.247226,0.425758,0.667062,-0.056401,0.0,-0.280908,0.0,0.233491,0.116432,0.260451,-0.206021,-0.246084,-0.213243,-0.46119,0.348441,0.07844,0.033388,-0.026975,0.590145,0.057817,-0.765321,-0.281482,0.209512,0.128851,0.648063,0.417117,-0.171374,0.516331,0.090905,-0.129417,-0.227326,0.828376,-0.116296,-0.486038,0.209512,0.636227,0.556373,0.505879,#
3,-0.210499,-0.24816,-0.020824,1.0,0.489302,-0.998084,-0.998084,-0.998084,-0.378117,-0.801392,0.293792,-0.653904,-0.761945,-0.998084,-0.533415,-0.428473,0.22177,-0.423618,-0.573611,-0.218168,-0.653345,-0.653856,-0.25199,-0.059593,-0.372751,-0.059593,-0.16233,0.463465,-0.37636,-0.327252,0.06134,0.125132,0.029366,-0.218168,0.607208,0.053476,0.158362,0.028157,-0.086,0.759945,-0.323156,-0.653013,0.094529,0.211599,-0.135754,0.857236,-0.399686,0.411622,0.308251,-0.542846,0.270003,0.302104,-0.327167,-0.418673,-0.519357,-0.586978,0.661048,0.515596,0.367149,-0.542846,-0.740639,0.174109,0.15041,-0.721811,-0.010608,-0.674755,0.483008,-0.518551,0.431262,0.178672,0.001852,-0.719755,0.499853,0.128525,0.247828,0.251408,0.193766,0.0,-0.326456,0.089176,-0.191996,0.799146,0.745937,0.014686,0.768416,0.177175,0.317757,0.068419,-0.068543,0.264301,0.059535,0.837363,0.770492,-0.395539,0.210937,0.398992,0.739592,0.253439,0.014686,0.799146,-0.263776,-0.218168,0.779543,0.499853,0.425352,0.247828,0.682502,-0.172297,0.0,0.698642,0.117633,-0.327252,0.799146,0.600902,-0.14513,-0.143591,0.499853,0.059535,-0.446793,0.537522,0.0,0.855737,0.622411,0.770492,0.342182,0.128525,-0.338926,0.117563,0.417065,0.0,0.412846,-0.061673,0.412846,-0.370882,0.667863,0.161476,-0.218168,0.770492,-0.161116,0.995924,0.745937,-0.025487,0.499853,0.465724,0.698642,0.221079,0.0,-0.630232,0.65188,0.110664,0.137359,0.113866,0.258886,0.499853,-0.214784,0.565376,-0.439325,-0.603554,0.532334,0.745937,-0.280793,0.247828,0.211264,0.306177,-0.077613,-0.431657,0.0,-0.23308,0.0,-0.218168,0.349198,-0.178963,0.211264,0.218444,-0.64728,0.545104,0.281365,0.440307,-0.997177,0.529716,-0.614502,-0.548225,0.21101,0.339046,-0.73863,-0.324092,-0.212109,0.078071,0.642615,-0.511656,0.426733,0.335142,-0.512902,0.16656,0.573661,0.124891,-0.73863,0.26333,0.462622,-0.532525,#
4,0.08608,-0.37645,-0.529561,0.489302,1.0,-0.459972,-0.459972,-0.459972,0.211803,-0.653908,0.051661,0.053677,-0.403037,-0.459972,-0.511292,-0.799582,0.432131,-0.790521,-0.527698,-0.407127,-0.335815,-0.382136,-0.349837,0.054769,-0.241177,0.054769,-0.194297,0.034764,-0.227569,-0.098498,-0.325726,-0.533072,0.072002,0.328328,0.350952,0.171205,-0.452706,-0.315317,0.281685,0.66312,-0.16952,-0.508241,-0.658876,-0.346294,-0.077963,0.631287,-0.090656,-0.254345,0.344333,0.112592,0.09743,-0.166517,-0.610532,0.065291,-0.258291,-0.159798,0.420419,0.55369,0.045778,0.112592,-0.405879,-0.1027,0.129837,-0.221571,-0.071037,-0.111529,0.494391,-0.325834,0.825579,-0.484882,-0.514493,-0.331143,0.275796,0.206815,-0.124326,-0.085759,-0.133998,0.0,-0.609205,-0.305613,-0.341695,0.208203,0.393756,-0.478829,0.350995,-0.148617,0.242118,0.219149,-0.111167,-0.109849,0.57219,0.243983,0.374294,-0.661931,0.038178,0.27703,0.345822,0.422538,-0.478829,0.208203,0.109675,0.275796,0.625057,0.24953,0.367099,-0.124326,0.385259,0.091157,0.0,0.003818,-0.299006,-0.098498,0.208203,0.127802,0.20178,0.017306,0.24953,0.57219,-0.545091,0.439134,0.0,0.262156,0.777506,0.374294,0.465776,0.206815,-0.179503,-0.2592,0.500403,0.0,-0.145083,-0.545919,-0.145083,-0.692295,0.393043,0.393756,0.328328,0.374294,-0.238833,0.487662,0.393756,-0.040402,0.275796,0.221366,0.003818,-0.472712,0.0,-0.327356,0.392292,0.140956,0.640185,0.368602,-0.051669,0.275796,0.151431,0.093055,-0.108968,-0.585904,0.152402,0.393756,-0.605224,-0.124326,-0.118198,-0.053547,-0.1854,-0.32817,0.0,0.085811,0.0,0.275796,-0.390051,0.008662,0.413694,-0.010846,0.061067,0.593839,-0.09443,0.382918,-0.462929,0.507262,-0.675341,-0.107832,0.468111,0.13649,-0.358799,0.106934,-0.830133,-0.276197,0.396899,-0.497135,-0.101996,0.487527,-0.242312,-0.165469,0.152486,0.638043,-0.358799,0.031923,-0.538176,-0.545919,#
5,0.238875,0.260508,-0.00309,-0.998084,-0.459972,1.0,1.0,1.0,0.380185,0.76919,-0.329584,0.676376,0.75876,1.0,0.543178,0.420055,-0.190552,0.400518,0.590223,0.213882,0.676341,0.624622,0.244986,0.029776,0.337299,0.029776,0.164892,-0.476944,0.394309,0.320822,-0.107697,-0.162987,-0.040444,0.269435,-0.608914,-0.037796,-0.203645,-0.030147,0.072905,-0.725234,0.316807,0.657676,-0.133084,-0.25295,0.152889,-0.827566,0.383719,-0.443391,-0.270291,0.574922,-0.240623,-0.328024,0.320739,0.41246,0.530211,0.585977,-0.645952,-0.539655,-0.368484,0.574922,0.750727,-0.181646,-0.144294,0.71928,0.026928,0.694012,-0.476333,0.532053,-0.400656,-0.210858,-0.02155,0.709668,-0.508316,-0.148605,-0.256408,-0.289146,-0.203221,0.0,0.320042,-0.10056,0.176526,-0.816347,-0.758565,-0.039,-0.758565,-0.208599,-0.350091,-0.089058,0.055393,-0.252143,-0.037269,-0.837318,-0.762474,0.35994,-0.228717,-0.397191,-0.726316,-0.240002,-0.039,-0.79941,0.276426,0.213881,-0.779955,-0.508316,-0.43397,-0.236181,-0.655155,0.165147,0.0,-0.70109,-0.140522,0.320822,-0.816347,-0.610884,0.173617,0.16346,-0.508316,-0.037269,0.40631,-0.524713,0.0,-0.855532,-0.625459,-0.762474,-0.342042,-0.132006,0.30382,-0.118738,-0.425133,0.0,-0.410863,0.031269,-0.410863,0.338891,-0.638969,-0.170706,0.269435,-0.762474,0.135148,-0.993414,-0.758565,0.008035,-0.508316,-0.443302,-0.70109,-0.253767,0.0,0.637489,-0.654696,-0.138242,-0.109206,-0.112519,-0.268682,-0.508316,0.24497,-0.560708,0.454733,0.592441,-0.55473,-0.758565,0.250873,-0.256408,-0.220826,-0.351398,0.057919,0.406986,0.0,0.250115,0.0,0.213881,-0.373622,0.182753,-0.220826,-0.235273,0.652795,-0.518355,-0.268682,-0.412572,0.997671,-0.525523,0.586441,0.556739,-0.176183,-0.331034,0.75328,0.335073,0.19828,-0.097829,-0.612369,0.527412,-0.453444,-0.347921,0.524552,-0.174263,-0.58601,-0.128061,0.75328,-0.280487,-0.48947,0.504859,#
6,0.238875,0.260508,-0.00309,-0.998084,-0.459972,1.0,1.0,1.0,0.380185,0.76919,-0.329584,0.676376,0.75876,1.0,0.543178,0.420055,-0.190552,0.400518,0.590223,0.213882,0.676341,0.624622,0.244986,0.029776,0.337299,0.029776,0.164892,-0.476944,0.394309,0.320822,-0.107697,-0.162987,-0.040444,0.269435,-0.608914,-0.037796,-0.203645,-0.030147,0.072905,-0.725234,0.316807,0.657676,-0.133084,-0.25295,0.152889,-0.827566,0.383719,-0.443391,-0.270291,0.574922,-0.240623,-0.328024,0.320739,0.41246,0.530211,0.585977,-0.645952,-0.539655,-0.368484,0.574922,0.750727,-0.181646,-0.144294,0.71928,0.026928,0.694012,-0.476333,0.532053,-0.400656,-0.210858,-0.02155,0.709668,-0.508316,-0.148605,-0.256408,-0.289146,-0.203221,0.0,0.320042,-0.10056,0.176526,-0.816347,-0.758565,-0.039,-0.758565,-0.208599,-0.350091,-0.089058,0.055393,-0.252143,-0.037269,-0.837318,-0.762474,0.35994,-0.228717,-0.397191,-0.726316,-0.240002,-0.039,-0.79941,0.276426,0.213881,-0.779955,-0.508316,-0.43397,-0.236181,-0.655155,0.165147,0.0,-0.70109,-0.140522,0.320822,-0.816347,-0.610884,0.173617,0.16346,-0.508316,-0.037269,0.40631,-0.524713,0.0,-0.855532,-0.625459,-0.762474,-0.342042,-0.132006,0.30382,-0.118738,-0.425133,0.0,-0.410863,0.031269,-0.410863,0.338891,-0.638969,-0.170706,0.269435,-0.762474,0.135148,-0.993414,-0.758565,0.008035,-0.508316,-0.443302,-0.70109,-0.253767,0.0,0.637489,-0.654696,-0.138242,-0.109206,-0.112519,-0.268682,-0.508316,0.24497,-0.560708,0.454733,0.592441,-0.55473,-0.758565,0.250873,-0.256408,-0.220826,-0.351398,0.057919,0.406986,0.0,0.250115,0.0,0.213881,-0.373622,0.182753,-0.220826,-0.235273,0.652795,-0.518355,-0.268682,-0.412572,0.997671,-0.525523,0.586441,0.556739,-0.176183,-0.331034,0.75328,0.335073,0.19828,-0.097829,-0.612369,0.527412,-0.453444,-0.347921,0.524552,-0.174263,-0.58601,-0.128061,0.75328,-0.280487,-0.48947,0.504859,#
7,0.238875,0.260508,-0.00309,-0.998084,-0.459972,1.0,1.0,1.0,0.380185,0.76919,-0.329584,0.676376,0.75876,1.0,0.543178,0.420055,-0.190552,0.400518,0.590223,0.213882,0.676341,0.624622,0.244986,0.029776,0.337299,0.029776,0.164892,-0.476944,0.394309,0.320822,-0.107697,-0.162987,-0.040444,0.269435,-0.608914,-0.037796,-0.203645,-0.030147,0.072905,-0.725234,0.316807,0.657676,-0.133084,-0.25295,0.152889,-0.827566,0.383719,-0.443391,-0.270291,0.574922,-0.240623,-0.328024,0.320739,0.41246,0.530211,0.585977,-0.645952,-0.539655,-0.368484,0.574922,0.750727,-0.181646,-0.144294,0.71928,0.026928,0.694012,-0.476333,0.532053,-0.400656,-0.210858,-0.02155,0.709668,-0.508316,-0.148605,-0.256408,-0.289146,-0.203221,0.0,0.320042,-0.10056,0.176526,-0.816347,-0.758565,-0.039,-0.758565,-0.208599,-0.350091,-0.089058,0.055393,-0.252143,-0.037269,-0.837318,-0.762474,0.35994,-0.228717,-0.397191,-0.726316,-0.240002,-0.039,-0.79941,0.276426,0.213881,-0.779955,-0.508316,-0.43397,-0.236181,-0.655155,0.165147,0.0,-0.70109,-0.140522,0.320822,-0.816347,-0.610884,0.173617,0.16346,-0.508316,-0.037269,0.40631,-0.524713,0.0,-0.855532,-0.625459,-0.762474,-0.342042,-0.132006,0.30382,-0.118738,-0.425133,0.0,-0.410863,0.031269,-0.410863,0.338891,-0.638969,-0.170706,0.269435,-0.762474,0.135148,-0.993414,-0.758565,0.008035,-0.508316,-0.443302,-0.70109,-0.253767,0.0,0.637489,-0.654696,-0.138242,-0.109206,-0.112519,-0.268682,-0.508316,0.24497,-0.560708,0.454733,0.592441,-0.55473,-0.758565,0.250873,-0.256408,-0.220826,-0.351398,0.057919,0.406986,0.0,0.250115,0.0,0.213881,-0.373622,0.182753,-0.220826,-0.235273,0.652795,-0.518355,-0.268682,-0.412572,0.997671,-0.525523,0.586441,0.556739,-0.176183,-0.331034,0.75328,0.335073,0.19828,-0.097829,-0.612369,0.527412,-0.453444,-0.347921,0.524552,-0.174263,-0.58601,-0.128061,0.75328,-0.280487,-0.48947,0.504859,#
8,0.10981,-0.353036,-0.587024,-0.378117,0.211803,0.380185,0.380185,0.380185,1.0,0.145475,0.073307,0.045552,0.575163,0.380185,0.284083,-0.355691,0.425832,-0.443837,-0.062961,-0.407495,0.064987,0.382065,0.106101,0.164206,-0.250041,0.164206,-0.032769,0.149353,0.211803,0.407496,-0.403478,-0.429072,0.066476,0.323907,0.032227,0.19114,-0.333753,-0.632314,0.241152,-0.122538,0.402395,-0.032531,-0.28224,0.126553,0.017547,-0.172847,0.15436,-0.310784,0.012563,0.297523,-0.353036,-0.12238,-0.11224,0.282548,0.426303,0.723432,-0.007531,0.145575,0.011287,0.297523,0.116208,0.418561,0.522122,0.529441,-0.099518,0.222305,-0.311742,0.382807,0.022835,-0.522234,-0.23819,0.004994,-0.407496,0.11808,-0.13539,-0.34316,-0.137175,0.0,-0.133384,-0.390364,-0.42003,-0.244344,-0.16514,-0.573027,-0.16514,0.367417,0.194126,0.134191,-0.190004,-0.609926,0.103175,-0.25477,-0.611243,0.125814,-0.043853,-0.201574,-0.582258,-0.014561,-0.573027,-0.642528,0.642609,0.271664,-0.215418,0.245542,-0.154796,-0.610932,-0.468767,-0.032325,0.0,-0.488075,-0.555,-0.101874,-0.244344,-0.437215,-0.396319,-0.071204,0.245542,0.103175,-0.194924,0.22585,0.0,-0.26802,-0.041418,-0.611243,0.037724,-0.272153,0.133723,-0.350477,-0.27542,0.0,-0.628475,-0.219067,-0.628475,-0.002919,-0.452525,0.387688,0.323907,-0.611243,-0.37835,-0.421011,-0.16514,-0.186383,-0.407495,-0.143603,-0.488075,-0.529967,0.0,-0.093566,-0.44285,0.007361,0.154835,-0.294768,-0.147421,-0.407495,0.086287,-0.798619,0.336355,0.177526,-0.302375,-0.16514,-0.258739,-0.13539,0.387904,-0.19842,-0.520317,0.03857,0.0,0.051304,0.0,0.271664,-0.502956,-0.07624,-0.101874,0.340648,0.386823,-0.268705,-0.60811,-0.120916,0.337685,-0.355691,0.125984,0.663896,0.39441,-0.452626,0.081742,0.233728,-0.458972,-0.290843,-0.406775,-0.104549,-0.588017,-0.146195,0.362881,-0.526809,0.044765,0.501772,0.081742,-0.053153,-0.634065,0.2263,#
9,0.147295,0.091592,0.334283,-0.801392,-0.653908,0.76919,0.76919,0.76919,0.145475,1.0,0.129088,0.393418,0.551524,0.76919,0.209855,0.543003,-0.612066,0.522842,0.392914,0.276483,0.386391,0.813094,0.079535,0.170613,0.590543,0.170613,0.07631,-0.309011,0.155929,0.414725,0.522873,0.270429,0.106426,-0.408142,-0.35915,-0.256822,0.425304,0.23816,0.249537,-0.997003,0.409534,0.634938,0.144237,0.112418,-0.062389,-0.977524,0.340333,-0.006092,-0.502728,0.048375,-0.383469,0.020212,0.414617,0.35768,0.398662,0.361525,-0.84685,-0.240976,-0.359934,0.048375,0.634958,-0.085608,-0.210624,0.505377,-0.180616,0.443237,-0.309166,0.350992,-0.702079,0.22522,0.311482,0.641911,-0.408142,0.128656,-0.132532,0.207346,-0.082127,0.0,0.413716,0.048873,0.387471,-0.594055,-0.609075,0.298692,-0.609075,-0.087422,-0.152055,0.184199,0.232333,-0.12867,-0.335436,-0.614391,-0.612213,0.610573,0.002871,-0.196777,-0.583182,-0.412719,0.298692,-0.578,0.103841,0.276483,-0.559628,-0.408142,-0.076816,-0.113357,-0.798439,0.41097,0.0,-0.444927,0.17593,0.414725,-0.594055,-0.435609,0.087349,-0.042134,-0.408142,-0.335436,0.708978,-0.648475,0.0,-0.632216,-0.372778,-0.612213,-0.328959,0.144391,0.557612,0.154975,-0.136339,0.0,-0.209667,0.209607,-0.209667,0.582193,-0.804892,-0.051798,-0.408142,-0.612213,0.556132,-0.797642,-0.609075,0.410467,-0.408142,-0.477597,-0.444927,0.187464,0.0,0.386514,-0.400664,0.012549,-0.252512,0.106666,-0.144678,-0.408142,0.143602,-0.387042,0.319315,0.503649,-0.256522,-0.609075,0.54555,-0.132532,-0.098744,0.263993,0.465507,0.521089,0.0,0.029014,0.0,0.276483,-0.035122,0.379923,-0.098744,-0.003309,0.392219,-0.648618,-0.144678,-0.539908,0.79214,-0.353383,0.753132,0.241993,-0.626816,-0.428392,0.594753,0.213237,0.402781,0.176806,-0.80751,0.346347,-0.094191,-0.096251,0.407241,0.099757,-0.41721,-0.295337,0.594753,-0.045718,-0.128948,0.658559,#
10,-0.201621,-0.299219,0.205627,0.293792,0.051661,-0.329584,-0.329584,-0.329584,0.073307,0.129088,1.0,-0.492363,-0.307142,-0.329584,-0.130817,-0.196447,-0.374431,-0.271724,-0.377161,-0.665389,-0.48839,0.007851,-0.27135,0.329924,0.144504,0.329924,-0.342361,0.331543,0.051661,0.273984,0.54477,0.287783,-0.224401,-0.665389,0.477615,0.028243,0.550253,0.08153,0.446984,-0.173432,0.270554,-0.160447,0.110113,0.435789,0.13435,-0.056682,-0.266225,0.413937,0.066578,-0.571239,-0.299219,0.744405,-0.374932,-0.313499,-0.188572,0.176446,-0.054782,0.593211,-0.218931,-0.571239,-0.196469,0.221054,0.185603,-0.329984,0.139607,-0.313198,0.305275,-0.297053,-0.27736,0.238562,0.166204,-0.166043,0.182656,0.606968,0.199794,0.779298,0.250147,0.0,-0.400824,0.357244,0.032925,0.365939,0.250454,0.213883,0.197354,0.224511,0.408055,0.647662,-0.071597,0.221701,-0.153417,0.383047,0.225058,0.090952,0.526478,0.403825,0.20107,0.020427,0.213883,-0.131261,0.30984,0.182656,0.386538,0.150039,0.215678,-0.394,-0.489769,0.604412,0.0,0.48381,0.133183,0.273984,0.365939,0.292012,-0.188495,-0.539848,0.150039,-0.153417,0.209841,0.180434,0.0,0.380914,0.488289,0.225058,-0.230524,0.119697,0.136406,0.073901,0.043312,0.0,-0.113712,-0.099578,-0.113712,0.137306,-0.508479,0.250454,-0.665389,0.225058,0.413851,0.293224,0.250454,0.28365,0.182656,0.293967,0.48381,0.279052,0.0,-0.479376,0.48657,0.336828,0.144309,0.486037,0.272579,0.182656,-0.238432,0.313718,-0.263864,-0.288574,0.587845,0.250454,0.090103,0.199794,0.249521,0.881737,0.33147,0.316609,0.0,-0.439854,0.0,0.182656,0.214241,0.471686,0.273984,0.464707,0.000257,0.116243,0.219479,0.201406,-0.314048,0.316023,-0.078516,-0.113921,-0.416415,-0.280689,-0.268451,0.357666,-0.039334,0.065644,-0.025898,-0.356526,0.195165,0.548176,-0.218595,0.059031,0.321159,0.119466,-0.268451,0.485437,0.178384,-0.099578,#
11,0.48725,0.057971,-0.209575,-0.653904,0.053677,0.676376,0.676376,0.676376,0.045552,0.393418,-0.492363,1.0,0.489869,0.676376,0.036299,0.204805,0.019882,0.278091,0.326596,0.322936,0.606757,0.209335,0.048191,-0.1658,0.388024,-0.1658,-0.14209,-0.646465,0.053677,-0.007569,-0.119998,-0.330729,0.215907,0.373395,-0.570483,0.061938,-0.345032,0.03983,0.00339,-0.344409,-0.076876,0.377032,-0.419459,-0.603942,-0.105366,-0.443497,0.162642,-0.548643,-0.079318,0.636521,0.057971,-0.526165,0.002471,0.677557,0.347894,0.246967,-0.561829,-0.398661,-0.518933,0.636521,0.475632,-0.447481,-0.458162,0.64582,-0.21729,0.57175,-0.184159,0.339019,0.152382,-0.269398,-0.17979,0.55082,-0.333028,-0.387369,-0.499287,-0.410903,0.008296,0.0,0.023123,-0.232422,0.194772,-0.812242,-0.496981,-0.236285,-0.496981,-0.498326,-0.388747,0.029415,0.011221,-0.03643,0.218319,-0.810187,-0.499541,0.030473,-0.181888,-0.394728,-0.475853,-0.201757,-0.236285,-0.412274,0.067889,0.322936,-0.394728,-0.333028,-0.185492,-0.021614,-0.211613,0.203737,0.0,-0.610939,-0.239648,0.484404,-0.812242,-0.648154,0.492024,0.198718,-0.333028,0.218319,0.120586,-0.634766,0.0,-0.807664,-0.183911,-0.499541,-0.062554,0.004612,0.01648,0.010718,0.079254,0.0,-0.412274,-0.406627,-0.412274,0.092108,-0.196206,0.036965,0.373395,-0.499541,0.044343,-0.650844,-0.496981,0.258558,-0.333028,-0.289027,-0.610939,-0.349981,0.0,0.68104,-0.210763,-0.240881,0.021824,0.2701,-0.496981,-0.333028,0.546318,-0.257115,0.112315,0.351551,-0.417831,-0.496981,-0.119849,-0.499287,-0.499541,-0.425561,0.099333,0.248645,0.0,0.255171,0.0,0.322936,-0.469027,0.202185,-0.007569,-0.568528,0.635875,-0.001094,-0.052026,-0.172904,0.693922,-0.224624,0.099696,0.060568,0.081356,0.039698,0.539041,0.123256,-0.17397,-0.006575,-0.170481,0.266792,-0.236285,0.143866,0.406621,-0.20274,-0.624751,-0.001211,0.539041,-0.584518,-0.665388,0.02353,#
12,0.356764,-0.209957,-0.285274,-0.761945,-0.403037,0.75876,0.75876,0.75876,0.575163,0.551524,-0.307142,0.489869,1.0,0.75876,0.483265,0.369215,0.304799,0.347788,0.28068,0.187995,0.488319,0.424979,0.500142,-0.225709,0.046874,-0.225709,-0.222008,-0.104103,0.234466,0.136134,-0.210134,-0.209269,0.219525,0.252821,-0.401039,0.212195,-0.1142,-0.257982,-0.186944,-0.51627,0.155006,0.303749,0.133199,0.010485,-0.229043,-0.571579,0.070399,-0.22067,-0.103804,0.460483,-0.063998,-0.342413,0.281919,0.623071,0.652624,0.739207,-0.456279,-0.488692,-0.186747,0.460483,0.35949,0.301559,0.108035,0.927855,-0.348611,0.312811,-0.674768,0.715258,-0.360628,-0.084874,0.1633,0.31645,-0.654741,-0.521591,-0.391534,-0.577706,0.258299,0.0,0.281307,-0.237793,-0.102303,-0.666843,-0.427417,-0.325884,-0.427417,0.232805,-0.248322,-0.01299,-0.211121,-0.386404,-0.164184,-0.67886,-0.982112,0.648149,-0.135919,-0.737315,-0.935539,-0.58488,-0.459808,-0.64708,0.395496,-0.006483,-0.754494,0.155582,-0.455848,-0.367931,-0.511609,-0.158642,0.0,-0.55993,-0.422197,0.136134,-0.666843,-0.832703,-0.315776,-0.102266,0.155582,-0.296118,0.065149,-0.391813,0.0,-0.694172,-0.616719,-0.982112,-0.239851,-0.502222,0.005063,0.068274,-0.442611,0.0,-0.629641,-0.113833,-0.629641,0.630311,-0.497462,0.100258,0.252821,-0.982112,-0.361984,-0.813802,-0.427417,0.070246,-0.654741,-0.329296,-0.55993,-0.158461,0.0,0.50989,-0.521068,-0.281261,-0.476411,-0.436102,-0.40543,-0.654741,0.306491,-0.774988,0.139122,0.811769,-0.436963,-0.427417,0.035704,-0.391534,0.257683,-0.425436,-0.426506,0.199084,0.0,-0.026818,0.0,0.187995,-0.385447,-0.138429,-0.495918,-0.147338,0.440139,-0.516889,-0.40543,-0.266674,0.729692,-0.861501,0.484646,0.469583,0.285294,-0.329933,0.342763,-0.112739,0.019149,0.100665,-0.439619,0.307579,-0.478409,-0.258813,0.63233,-0.459745,-0.22416,-0.036549,0.342763,-0.511212,-0.374851,0.438802,#
13,0.238875,0.260508,-0.00309,-0.998084,-0.459972,1.0,1.0,1.0,0.380185,0.76919,-0.329584,0.676376,0.75876,1.0,0.543178,0.420055,-0.190552,0.400518,0.590223,0.213882,0.676341,0.624622,0.244986,0.029776,0.337299,0.029776,0.164892,-0.476944,0.394309,0.320822,-0.107697,-0.162987,-0.040444,0.269435,-0.608914,-0.037796,-0.203645,-0.030147,0.072905,-0.725234,0.316807,0.657676,-0.133084,-0.25295,0.152889,-0.827566,0.383719,-0.443391,-0.270291,0.574922,-0.240623,-0.328024,0.320739,0.41246,0.530211,0.585977,-0.645952,-0.539655,-0.368484,0.574922,0.750727,-0.181646,-0.144294,0.71928,0.026928,0.694012,-0.476333,0.532053,-0.400656,-0.210858,-0.02155,0.709668,-0.508316,-0.148605,-0.256408,-0.289146,-0.203221,0.0,0.320042,-0.10056,0.176526,-0.816347,-0.758565,-0.039,-0.758565,-0.208599,-0.350091,-0.089058,0.055393,-0.252143,-0.037269,-0.837318,-0.762474,0.35994,-0.228717,-0.397191,-0.726316,-0.240002,-0.039,-0.79941,0.276426,0.213881,-0.779955,-0.508316,-0.43397,-0.236181,-0.655155,0.165147,0.0,-0.70109,-0.140522,0.320822,-0.816347,-0.610884,0.173617,0.16346,-0.508316,-0.037269,0.40631,-0.524713,0.0,-0.855532,-0.625459,-0.762474,-0.342042,-0.132006,0.30382,-0.118738,-0.425133,0.0,-0.410863,0.031269,-0.410863,0.338891,-0.638969,-0.170706,0.269435,-0.762474,0.135148,-0.993414,-0.758565,0.008035,-0.508316,-0.443302,-0.70109,-0.253767,0.0,0.637489,-0.654696,-0.138242,-0.109206,-0.112519,-0.268682,-0.508316,0.24497,-0.560708,0.454733,0.592441,-0.55473,-0.758565,0.250873,-0.256408,-0.220826,-0.351398,0.057919,0.406986,0.0,0.250115,0.0,0.213881,-0.373622,0.182753,-0.220826,-0.235273,0.652795,-0.518355,-0.268682,-0.412572,0.997671,-0.525523,0.586441,0.556739,-0.176183,-0.331034,0.75328,0.335073,0.19828,-0.097829,-0.612369,0.527412,-0.453444,-0.347921,0.524552,-0.174263,-0.58601,-0.128061,0.75328,-0.280487,-0.48947,0.504859,#
14,-0.094313,0.438995,0.016791,-0.533415,-0.511292,0.543178,0.543178,0.543178,0.284083,0.209855,-0.130817,0.036299,0.483265,0.543178,1.0,0.338591,0.130269,0.271527,0.546704,-0.271664,0.441073,-0.04426,0.429664,-0.0677,-0.18828,-0.0677,0.089458,-0.047941,0.693456,0.101874,-0.484255,-0.088249,-0.533408,0.459738,-0.391481,0.284225,-0.340252,-0.157417,-0.273741,-0.177922,0.172455,0.348888,0.200565,-0.003734,0.591161,-0.284005,-0.065335,-0.238268,0.195042,0.414293,-0.032272,0.097132,0.091455,-0.251066,0.309404,0.677475,0.011117,-0.602864,-0.184362,0.414293,0.394314,0.111187,0.175472,0.301483,0.586189,0.285526,-0.524639,0.387034,-0.396502,-0.176741,-0.019516,0.252529,-0.271664,-0.24479,0.068254,-0.24884,0.098018,0.0,0.069868,0.292356,-0.077618,-0.264394,-0.405407,-0.022585,-0.405407,0.112619,-0.264394,-0.237927,-0.297186,0.053357,-0.091361,-0.285389,-0.407495,0.190668,-0.059609,-0.302361,-0.388172,-0.028583,-0.022585,-0.662578,0.448857,-0.271664,-0.662315,-0.271664,-0.844306,-0.407288,-0.415681,-0.118939,0.0,-0.059609,-0.208611,0.082283,-0.264394,-0.172852,-0.201124,-0.050748,-0.271664,-0.091361,0.062632,0.019267,0.0,-0.304081,-0.811142,-0.407495,-0.62362,-0.635023,-0.237585,-0.220551,-0.982606,0.0,-0.297186,0.112484,-0.297186,0.26858,-0.395147,-0.405407,0.459738,-0.407495,-0.282674,-0.530919,-0.405407,-0.536842,-0.271664,0.121777,-0.059609,-0.161225,0.0,0.363654,-0.443767,-0.150246,-0.215954,-0.40814,0.055283,-0.271664,-0.168854,-0.138616,0.130458,0.458282,-0.220606,-0.405407,0.063167,0.068254,0.101874,-0.427478,-0.368304,0.299203,0.0,-0.016967,0.0,-0.271664,-0.077735,-0.048672,-0.407495,-0.045207,0.381059,-0.191096,0.037564,0.070441,0.508229,-0.533537,0.218839,0.589211,0.116813,-0.137259,0.374374,0.383536,0.359609,-0.213121,0.026879,0.508229,-0.412331,-0.516879,0.241331,-0.310113,-0.163962,-0.184248,0.374374,-0.07202,0.008801,0.112484,#
15,0.337021,0.333853,0.422601,-0.428473,-0.799582,0.420055,0.420055,0.420055,-0.355691,0.543003,-0.196447,0.204805,0.369215,0.420055,0.338591,1.0,-0.327248,0.601714,0.530887,0.509175,0.619982,0.204269,0.326423,-0.421424,0.083486,-0.421424,0.025026,0.089854,0.094574,0.218218,0.348253,0.347875,0.05379,-0.218218,-0.204125,-0.349533,0.329839,0.572325,-0.115179,-0.533059,0.292446,0.418959,0.499336,0.024625,-0.049242,-0.522644,-0.077732,0.048079,-0.059731,0.133629,0.333853,0.053765,0.763564,-0.047486,0.19974,0.035881,-0.65412,-0.800918,-0.199067,0.133629,0.329326,0.222941,-0.341815,0.165723,-0.055121,-0.004412,-0.421424,0.285832,-0.722592,0.433306,0.411062,0.395499,-0.218218,-0.41421,-0.32716,-0.027943,0.235663,0.0,0.761905,0.473252,0.589472,-0.532225,-0.325649,0.342289,-0.325649,-0.326531,-0.532225,0.026502,0.302638,0.185726,-0.427669,-0.128698,-0.327327,0.504371,0.169163,-0.146497,-0.311805,-0.653274,0.342289,-0.088704,-0.206701,-0.218218,-0.532014,-0.218218,-0.102632,0.202528,-0.206328,0.141368,0.0,0.169163,0.111165,0.218218,-0.532225,-0.424706,0.228596,-0.18349,-0.218218,-0.427669,0.423069,-0.56632,0.0,-0.149269,-0.651562,-0.327327,-0.660044,0.020455,0.028406,0.495703,-0.302743,0.0,0.302638,0.315348,0.302638,0.609702,-0.212003,-0.325649,-0.218218,-0.327327,0.179639,-0.426468,-0.325649,0.410802,-0.218218,0.064971,0.169163,0.44451,0.0,0.241747,-0.242551,-0.425013,-0.410016,-0.210468,0.167759,-0.218218,0.262301,0.010966,0.040622,0.469979,-0.380363,-0.325649,0.403754,-0.32716,0.218218,-0.101568,0.292042,0.044487,0.0,0.165924,0.0,-0.218218,0.306157,0.167921,-0.327327,-0.258563,-0.217841,-0.375966,0.167759,-0.059346,0.42312,-0.428571,0.483246,-0.093982,-0.335611,-0.226082,0.317531,-0.238195,0.659349,0.07109,-0.212165,0.42312,-0.075137,-0.277703,0.2171,0.286593,-0.003688,-0.794031,0.317531,-0.27279,0.376155,0.315348,#
16,0.202883,-0.335465,-0.762096,0.22177,0.432131,-0.190552,-0.190552,-0.190552,0.425832,-0.612066,-0.374431,0.019882,0.304799,-0.190552,0.130269,-0.327248,1.0,-0.32354,-0.197129,-0.166627,0.027847,-0.499385,0.271806,-0.321791,-0.611986,-0.321791,-0.291314,0.276174,-0.069898,-0.24994,-0.745701,-0.439511,0.214364,0.650171,0.02255,0.438817,-0.579365,-0.602828,-0.407759,0.639025,-0.246812,-0.501986,-0.071894,-0.029126,-0.150739,0.578148,-0.339615,-0.262385,0.407609,0.342121,0.277558,-0.265456,-0.249875,0.245937,0.171916,0.29869,0.510537,-0.098772,0.146356,0.342121,-0.423827,0.412622,0.297749,0.325356,-0.155635,-0.236235,-0.321791,0.248464,0.525791,-0.419538,-0.261932,-0.463241,-0.166627,-0.609136,-0.249813,-0.761785,0.366372,0.0,-0.249332,-0.325894,-0.497488,0.050624,0.327556,-0.758596,0.327556,0.346498,0.050624,-0.142844,-0.406396,-0.249401,0.165988,0.06431,-0.24994,-0.133735,-0.03348,-0.406235,-0.238088,-0.049129,-0.758596,0.050624,0.283644,-0.166627,0.043983,0.682842,-0.270237,-0.249813,0.40085,-0.574975,0.0,-0.03348,-0.698656,-0.24994,0.050624,-0.324297,-0.418694,-0.03432,0.682842,0.165988,-0.7318,0.306583,0.0,0.071313,-0.060214,-0.24994,0.173496,-0.609136,-0.609289,-0.153544,-0.181794,0.0,-0.406396,-0.406718,-0.406396,-0.11502,0.419916,0.327556,0.650171,-0.24994,-0.967309,0.162633,0.327556,-0.325381,-0.166627,0.276481,-0.03348,-0.448233,0.0,-0.056705,-0.049886,-0.324531,-0.145131,-0.482127,-0.248659,-0.166627,0.16247,-0.326559,-0.255705,0.101975,-0.152357,0.327556,-0.695464,-0.249813,0.387162,-0.637779,-0.927955,-0.342832,0.0,-0.022358,0.0,-0.166627,-0.267863,-0.537127,-0.24994,-0.039064,-0.023432,0.324633,-0.248659,0.29981,-0.242811,-0.327248,-0.482317,0.079388,0.996072,0.217693,-0.396943,-0.365496,-0.519859,-0.147947,0.478603,-0.242811,-0.271114,-0.044851,0.145827,-0.635574,0.29039,0.359132,-0.396943,-0.497598,-0.258041,-0.406718,#
17,-0.119899,0.313008,0.424145,-0.423618,-0.790521,0.400518,0.400518,0.400518,-0.443837,0.522842,-0.271724,0.278091,0.347788,0.400518,0.271527,0.601714,-0.32354,1.0,0.415358,0.582216,0.255985,0.191725,0.30572,-0.003061,0.52645,-0.003061,0.04873,-0.418799,0.03109,-0.323618,0.264667,0.494335,0.105432,-0.215745,-0.638163,0.036418,0.33124,0.21018,-0.527958,-0.527019,-0.319567,0.418198,0.541387,0.151076,-0.081259,-0.516722,0.097565,0.188509,-0.450533,-0.048865,-0.11355,-0.06503,0.286992,0.30825,0.194552,0.003888,-0.308578,-0.435028,-0.170702,-0.048865,0.323378,-0.332104,-0.416868,0.374938,-0.087188,0.195227,-0.416649,0.259822,-0.426294,0.455384,0.418671,0.33039,-0.215745,-0.435487,0.106974,-0.057899,0.271102,0.0,0.311498,0.068774,0.275009,-0.165787,-0.321959,0.391552,-0.321959,0.147043,-0.165787,-0.338107,-0.039645,0.218316,-0.422822,-0.524863,-0.323618,0.550438,-0.196099,-0.525986,-0.308271,-0.300105,0.391552,-0.039645,-0.280915,-0.215745,-0.525986,-0.215745,-0.461737,0.257623,-0.155884,-0.25683,0.0,-0.196099,0.321842,0.252688,-0.165787,-0.097783,-0.15196,0.180595,-0.215745,-0.422822,0.473235,-0.633372,0.0,-0.523228,-0.644179,-0.323618,-0.136355,-0.311864,0.049417,0.187542,-0.246596,0.0,-0.039645,0.333668,-0.039645,0.620409,-0.16198,-0.321959,-0.215745,-0.323618,0.181711,-0.421636,-0.321959,0.008549,-0.215745,-0.397584,-0.196099,0.377465,0.0,0.653723,-0.21214,-0.077279,-0.787794,-0.179579,-0.321959,-0.215745,-0.126178,0.040545,-0.156325,0.618225,0.012067,-0.321959,0.446231,0.106974,-0.323618,-0.053648,0.144558,0.469178,0.0,-0.179507,0.0,-0.215745,0.310279,-0.161307,-0.323618,-0.282162,0.168168,-0.34322,0.19927,-0.484657,0.423884,-0.423715,0.462045,-0.167645,-0.325314,0.306575,0.320215,-0.233316,0.65706,0.511032,-0.179829,0.423884,0.391552,-0.239347,0.223327,0.011644,-0.434701,-0.454145,0.320215,-0.295355,0.426311,0.333668,#
18,0.314224,0.755498,-0.01962,-0.573611,-0.527698,0.590223,0.590223,0.590223,-0.062961,0.392914,-0.377161,0.326596,0.28068,0.590223,0.546704,0.530887,-0.197129,0.415358,1.0,0.251075,0.785797,0.206287,-0.241083,-0.014297,-0.080158,-0.014297,0.520367,-0.419138,0.31007,0.398257,-0.190039,0.308419,0.014645,0.251075,-0.605647,-0.158036,-0.172206,0.032929,-0.305061,-0.376371,0.396326,0.659944,-0.0901,0.025944,0.599168,-0.3808,-0.050594,-0.478791,-0.166564,0.217372,-0.224175,0.10961,0.397712,-0.054055,0.518745,0.20705,-0.328397,-0.661727,-0.430231,0.217372,0.736969,-0.161445,-0.220318,0.232124,0.470637,0.602894,-0.523165,0.469401,-0.276366,-0.318362,0.021838,0.244165,-0.499264,-0.211203,0.139072,-0.28933,-0.145551,0.0,0.395939,-0.012325,0.301367,-0.474488,-0.745058,-0.068122,-0.251746,-0.28825,-0.38133,-0.446868,0.143464,0.281787,-0.525998,-0.381679,-0.294364,-0.082195,-0.119129,0.058428,-0.156697,0.096227,0.448591,-0.368908,0.207699,0.251075,-0.354546,-0.499264,-0.402458,0.265163,-0.234079,0.011332,0.0,-0.21351,-0.201411,0.398257,-0.474488,-0.232532,0.237067,0.557731,-0.499264,-0.016968,0.190347,-0.533335,0.0,-0.396788,-0.652803,-0.294364,-0.430981,-0.107732,-0.130013,-0.021199,-0.505331,0.0,0.050306,0.029334,0.050306,-0.001613,-0.222794,-0.134291,0.251075,-0.294364,0.13301,-0.557699,-0.745058,-0.134761,-0.499264,0.131463,-0.21351,-0.347427,0.0,0.238717,-0.669065,-0.63754,-0.117554,-0.110641,-0.216509,-0.499264,0.308477,-0.097455,0.495477,0.109412,-0.635263,-0.745058,-0.013783,0.139072,-0.164497,-0.363479,0.091323,0.405196,0.0,0.327922,0.0,-0.499264,0.273901,0.268393,-0.186142,0.160716,0.2188,-0.055597,0.276803,-0.388993,0.586801,-0.092575,0.137446,0.074454,-0.181585,0.142396,0.741584,0.286831,0.610078,-0.16223,-0.198983,0.492842,0.001436,-0.581835,0.517587,-0.172307,-0.531295,-0.593481,0.741584,-0.365574,-0.01108,0.029334,#
19,0.150675,0.16999,0.233491,-0.218168,-0.407127,0.213882,0.213882,0.213882,-0.407495,0.276483,-0.665389,0.322936,0.187995,0.213882,-0.271664,0.509175,-0.166627,0.582216,0.251075,1.0,0.307148,0.348736,0.166206,-0.214579,0.255056,-0.214579,0.326413,-0.215686,-0.407127,-0.166667,0.23546,0.245256,0.518497,-0.111111,-0.328661,-0.407049,0.182808,0.300784,-0.271904,-0.27142,-0.164581,0.224854,0.271664,-0.07105,-0.497592,-0.266117,0.356214,0.036721,-0.475754,0.068042,0.16999,-0.499081,0.683496,0.384995,0.074216,-0.499369,-0.333062,-0.407807,0.240063,0.068042,0.146854,-0.162318,-0.402298,0.201876,-0.502285,0.087618,-0.214579,0.145539,-0.132453,0.315015,0.244778,0.245637,-0.111111,-0.406188,-0.166582,-0.298762,-0.166558,0.0,0.717002,-0.217315,0.339637,-0.270996,-0.165812,0.216794,-0.165812,-0.166261,-0.270996,-0.404822,0.406494,-0.166307,-0.217758,-0.27031,-0.166667,0.298234,-0.331076,-0.270888,-0.158763,-0.332631,0.216794,0.406494,-0.663702,-0.111111,-0.270888,-0.111111,0.216092,0.642529,0.347088,-0.383409,0.0,-0.331076,0.274305,-0.166667,-0.270996,-0.21625,0.164893,0.380687,-0.111111,-0.217758,0.259379,-0.500828,0.0,-0.269468,-0.331759,-0.166667,0.255609,0.257773,0.264286,0.285179,0.34133,0.0,0.406494,0.416936,0.406494,0.22766,0.339637,-0.165812,-0.111111,-0.166667,0.103347,-0.217147,-0.165812,0.260187,-0.111111,-0.489819,-0.331076,0.2716,0.0,0.328244,-0.331503,-0.216406,-0.405723,-0.321495,-0.165812,-0.111111,0.183023,-0.217758,0.168426,0.31527,-0.405914,-0.165812,0.349011,-0.166582,-0.166667,-0.279266,0.196668,-0.203864,0.0,0.313594,0.0,-0.111111,0.177843,-0.311468,-0.166667,-0.33113,-0.315244,-0.405622,-0.165812,-0.49143,0.23152,-0.218218,0.421811,-0.263965,-0.152106,0.172673,0.179845,-0.629359,0.350712,0.277512,-0.33309,0.23152,0.216794,-0.351994,0.135665,0.32232,-0.208442,-0.404301,0.179845,-0.331811,0.235058,0.416936,#
20,0.486659,0.550442,-0.25628,-0.653345,-0.335815,0.676341,0.676341,0.676341,0.064987,0.386391,-0.48839,0.606757,0.488319,0.676341,0.441073,0.619982,0.027847,0.255985,0.785797,0.307148,1.0,0.180603,0.041233,-0.158321,-0.03114,-0.158321,0.282481,-0.176158,0.057482,0.499115,-0.183816,0.061205,0.212122,0.383934,-0.580447,-0.345846,-0.385169,0.009713,-0.015966,-0.336904,0.492868,0.351427,-0.062581,-0.18389,0.31522,-0.437675,0.052487,-0.734249,-0.093831,0.642628,0.05098,-0.075675,0.479401,0.17609,0.348576,0.309332,-0.554641,-0.803458,-0.555223,0.642628,0.475052,0.03006,-0.463368,0.434779,0.203323,0.355545,-0.642597,0.337236,-0.15256,-0.414203,-0.25742,0.508502,-0.332743,-0.444456,-0.49886,-0.412939,-0.003713,0.0,0.477554,0.156312,0.537666,-0.811548,-0.496557,-0.325104,-0.496557,-0.497901,-0.381905,-0.039167,0.366298,-0.047325,-0.219945,-0.441543,-0.499115,-0.056297,0.178576,-0.035271,-0.475446,-0.189361,0.133175,-0.421381,0.080156,0.332743,-0.387978,-0.332743,-0.25768,-0.032892,-0.215052,0.12893,0.0,-0.256703,-0.483446,0.479918,-0.811548,-0.647601,0.405545,0.200446,-0.332743,0.231521,0.243054,-0.648176,0.0,-0.459354,-0.582406,-0.499115,-0.586368,-0.06208,-0.050886,-0.061164,-0.346855,0.0,-0.063345,-0.052219,-0.063345,0.05149,-0.199237,0.045141,0.383934,-0.499115,-0.08784,-0.650288,-0.496557,0.159832,-0.332743,0.171096,-0.256703,-0.407461,0.0,0.243384,-0.633382,-0.648069,-0.029944,-0.159229,-0.045142,-0.332743,0.458076,-0.266249,0.254233,0.182002,-0.848893,-0.496557,-0.215864,-0.49886,0.0,-0.538959,0.00663,0.215803,0.0,0.61948,0.0,-0.332743,0.06828,0.149831,0.0,-0.203105,0.22492,0.002775,-0.062504,-0.197836,0.664441,-0.217832,0.064043,0.045872,0.055803,0.0,0.505939,0.047571,0.184367,-0.452127,-0.173163,0.23111,-0.248724,-0.285879,0.361132,-0.238265,-0.253061,-0.381751,0.505939,-0.647042,-0.293804,-0.052219,#
