0,1.0,0.09736,-0.666313,-0.392531,0.677101,0.43094,-0.249703,0.427674,-0.665639,0.175006,-0.230015,0.262468,0.55352,0.208627,0.116083,0.359477,0.09736,-0.396233,-0.611338,0.024707,-0.146804,0.376028,0.387715,-0.052022,0.09736,-0.245261,-0.366985,-0.792495,0.447319,-0.253624,-0.011424,-0.592233,0.107246,-0.405306,-0.745287,0.09736,0.014129,0.191876,0.206399,-0.272108,0.09736,-0.104616,-0.325546,0.275265,-0.272108,0.0705,0.280966,0.559164,-0.667597,-0.086181,0.269936,-0.249808,0.09736,-0.288295,0.297093,0.400243,-0.052041,0.115542,0.387397,0.608447,0.47752,0.408529,-0.430159,-0.576435,0.018844,0.304477,-0.408056,0.172207,-0.192938,-0.279287,0.062121,-0.011424,-0.272108,0.116989,-0.574653,0.417575,-0.120255,-0.098038,-0.569842,0.274,-0.167687,-0.345261,0.170862,0.343699,0.010885,-0.425384,0.09189,-0.120255,0.006615,-0.120255,-0.076142,-0.174098,-0.229159,0.405319,-0.07916,0.128092,-0.385161,0.094768,0.271871,0.595875,0.30693,-0.229159,-0.591704,-0.166184,0.252506,-0.098038,-0.007652,0.020359,-0.15793,-0.666177,0.240228,-0.272108,0.255344,-0.406862,0.080846,-0.002838,-0.386516,0.289696,0.419519,-0.392355,-0.174098,-0.241812,0.419519,-0.328905,-0.009443,0.405319,-0.272108,-0.481065,0.566075,-0.084281,-0.591704,0.58529,-0.098038,-0.221857,-0.785324,-0.407954,0.09736,-0.421017,0.374896,-0.345261,-0.158559,-0.277386,-0.084785,0.423548,0.105697,0.524513,0.170862,0.174275,-0.166184,-0.534105,0.405319,0.100551,-0.416384,0.016278,0.419474,0.039924,0.154658,0.086257,0.042034,-0.408162,0.076926,-0.534128,-0.407283,-0.00651,0.271871,0.452198,-0.093154,-0.529678,-0.408162,-0.666073,-0.128515,0.009594,0.006606,0.528107,0.195311,-0.604734,-0.259615,-0.460028,0.412459,0.392985,-0.120958,-0.55986,-0.187527,0.126897,0.272795,-0.363857,0.610333,-0.07916,-0.359746,-0.052579,0.405319,0.144047,0.196476,-0.043816,-0.056365,-0.272108,0.139466,-0.345261,0.179135,0.226891,#
1,0.09736,1.0,0.092027,-0.49928,-0.098744,0.00781,0.106991,0.261951,0.122312,0.111961,-0.408117,0.427781,0.339032,0.311367,0.375,-0.327248,0.375,0.547669,-0.012614,0.019873,-0.085085,-0.327248,-0.327003,-0.326986,-0.25,-0.408107,0.057967,0.076406,-0.36205,0.120893,-0.333983,-0.115187,0.387162,-0.24825,-0.181183,0.375,0.507932,-0.068526,0.14185,-0.166667,0.375,0.350004,0.352646,0.174608,-0.166667,-0.493657,0.157631,0.160866,0.301256,0.273984,-0.095394,-0.549172,0.375,-0.567046,0.196931,-0.478947,-0.70156,-0.763286,-0.454324,0.372675,0.292269,0.688619,0.279727,-0.358931,-0.329984,0.155321,-0.249935,-0.146459,0.099382,0.278587,0.274704,-0.333983,-0.166667,-0.22225,-0.087393,0.266955,0.267136,-0.373389,-0.082245,-0.106803,-0.091764,-0.22225,0.094617,-0.056058,-0.499613,0.023212,-0.217502,0.267136,-0.005811,0.267136,-0.327154,0.407832,-0.407661,0.267136,-0.382654,0.261854,0.181356,0.331354,0.191565,0.117079,0.187995,-0.407661,-0.611101,-0.111772,-0.101915,0.285532,0.005941,0.017205,-0.106803,-0.408034,0.427211,0.666667,0.181356,0.005949,0.34925,-0.011485,-0.058581,-0.665929,0.275943,-0.499056,0.407832,-0.407971,-0.377605,0.270299,0.289679,-0.382654,-0.166667,-0.130048,0.448699,0.228998,-0.066556,0.101915,-0.373389,0.048504,-0.195142,-0.249873,0.375,0.029371,0.344954,-0.22225,-0.092351,-0.142057,-0.32716,-0.302989,-0.226617,0.428352,0.094617,0.102062,-0.111772,-0.32714,-0.382654,-0.57192,0.517162,0.0,-0.499056,-0.497937,0.321753,0.440719,0.200454,-0.25,0.073544,-0.327154,0.410877,0.402191,0.191565,0.49869,0.218218,0.294935,-0.25,0.116563,-0.115082,0.109028,-0.005803,-0.226617,0.595323,0.267136,0.094617,0.328253,0.487377,-0.556481,0.150305,0.418156,0.013557,-0.239627,-0.109909,0.095465,0.118166,0.267136,-0.736485,0.186154,0.267136,0.359139,0.099123,0.202466,-0.321153,-0.166667,0.325855,-0.22225,0.387225,0.478418,#
2,-0.666313,0.092027,1.0,0.39285,-0.99942,-0.425342,0.142316,-0.136797,0.572909,0.149495,-0.266009,-0.183383,-0.381181,0.295676,0.092027,-0.109103,-0.408118,0.798834,0.31184,0.382948,0.232665,-0.092098,-0.10412,0.331818,0.112032,0.14956,0.773739,0.879302,-0.142356,0.590372,-0.105629,0.292642,0.101809,0.610005,0.591551,0.092027,0.409173,-0.146826,0.116756,0.39478,0.112032,0.528732,0.08719,0.067069,-0.272078,-0.397219,0.50554,-0.146835,0.575146,-0.12278,-0.601667,0.196922,0.112032,0.389209,-0.420176,-0.620575,-0.193552,-0.375901,-0.568509,-0.620307,-0.696004,-0.29417,0.402283,0.376465,-0.334041,-0.60717,0.101391,0.27979,-0.211547,0.240147,0.393758,-0.105629,-0.272078,0.086385,0.64153,-0.59771,0.406048,-0.091631,0.256866,-0.174352,0.28296,0.086385,0.154459,0.141755,-0.027805,0.408462,-0.355066,0.406048,0.401573,0.406048,0.356046,0.229384,0.166374,0.406048,-0.113934,0.480621,0.256339,0.514909,-0.404702,-0.663918,-0.447375,0.182685,0.269979,0.233684,0.257716,0.435658,-0.39438,-0.011382,-0.158209,0.572785,0.269126,0.39478,0.256339,0.430547,0.543717,-0.018749,0.351586,-0.404383,-0.093441,-0.009473,0.229384,0.142714,-0.61643,0.039552,0.333806,-0.113934,-0.272078,0.250227,-0.367549,-0.089008,0.70574,-0.241405,-0.091631,-0.299256,0.528724,0.077697,0.112032,0.838612,0.099163,0.086385,0.217827,-0.026249,-0.097411,-0.53726,-0.369945,-0.263941,0.154459,-0.258087,0.233684,0.373832,-0.113934,-0.270399,0.820072,-0.0,0.006315,0.015939,0.009363,0.047964,0.049191,0.612176,0.315249,0.338929,0.121185,0.170682,-0.378642,-0.446546,0.356234,-0.033986,0.612176,0.562462,-0.20424,-0.087029,-0.40419,-0.352818,-0.290345,0.406048,0.154459,0.185626,0.052435,-0.566788,-0.038926,0.205522,-0.344553,-0.42335,-0.195978,0.604802,-0.281998,0.406048,0.172878,-0.138751,0.406048,0.054924,-0.278153,0.301468,-0.553324,0.421455,-0.402346,0.086385,0.394398,-0.106998,#
3,-0.392531,-0.49928,0.39285,1.0,-0.395937,-0.21231,-0.416368,-0.492206,-0.056807,-0.0234,-0.009787,-0.028286,-0.684961,-0.414237,-0.49928,0.236011,0.00387,0.134562,0.000846,0.575648,0.802958,-0.225878,-0.26938,0.200711,0.526373,0.424733,0.102307,0.497369,-0.040599,-0.040474,0.506794,0.440007,-0.005994,0.503473,0.113252,-0.49928,-0.23441,0.069025,-0.466821,0.338014,-0.034833,-0.057178,-0.283141,-0.118265,0.338014,0.281063,0.110132,-0.02619,0.006403,-0.040599,0.009477,0.245851,-0.034833,0.294587,-0.386531,-0.004943,0.158264,0.226369,0.014647,-0.709654,-0.56294,-0.361873,0.290563,-0.070564,0.027459,-0.25539,-0.006396,0.574788,-0.443029,-0.40903,-0.179553,-0.034959,0.338014,0.63507,0.38199,-0.531789,-0.002459,0.498269,0.373253,0.420074,0.395889,0.63507,0.439352,0.360065,0.206378,-0.202498,0.248485,-0.002459,0.601476,-0.002459,0.174543,0.013981,0.843477,-0.002459,0.462526,0.240169,0.268355,0.197645,-0.367009,0.048272,-0.329082,0.811921,0.379462,0.397448,0.428978,0.498269,-0.207484,0.196841,0.388842,0.367943,-0.439732,-0.332854,-0.346378,0.575072,0.226108,0.220215,0.248043,0.309886,-0.0172,0.607852,-0.016687,0.421369,0.021023,0.262836,-0.107368,-0.002459,-0.332854,-0.219828,-0.336907,0.215754,0.379462,0.015592,0.498269,0.035387,0.616988,-0.0105,0.00387,0.177792,0.181061,0.63507,0.002323,0.133155,0.233466,0.003478,0.186237,-0.30671,0.439352,-0.815322,0.397448,0.663468,-0.002459,0.137313,0.164268,0.627047,0.203576,0.217208,-0.294799,-0.015466,-0.256542,0.507021,-0.345556,0.207659,-0.025671,-0.192521,-0.367009,-0.634269,0.224661,-0.268028,0.507021,-0.047821,-0.426805,-0.17048,0.180217,-0.219177,-0.829785,0.462526,-0.005585,0.057464,-0.620606,0.144905,-0.597815,-0.074343,-0.415252,-0.523441,-0.013312,0.459525,-0.07348,0.462526,0.656457,-0.662645,-0.002459,-0.524497,-0.01688,-0.292804,-0.260379,0.338014,-0.730629,0.63507,0.113411,-0.434011,#
4,0.677101,-0.098744,-0.99942,-0.395937,1.0,0.412722,-0.153072,0.143317,-0.562974,-0.144668,0.250329,0.177806,0.395033,-0.2804,-0.098744,0.106426,0.394976,-0.794923,-0.315208,-0.367668,-0.232686,0.106426,0.118282,-0.328813,-0.098744,-0.144086,-0.769907,-0.886897,0.168509,-0.580163,0.114589,-0.291176,-0.088655,-0.607928,-0.595762,-0.098744,-0.396147,0.157323,-0.126782,-0.408142,-0.098744,-0.531102,-0.084533,-0.047586,0.250152,0.383242,-0.494468,0.141834,-0.579617,0.129088,0.591553,-0.201933,-0.098744,-0.389402,0.407876,0.639247,0.19001,0.373566,0.589031,0.618227,0.678709,0.297916,-0.400904,-0.38336,0.348649,0.590476,-0.088242,-0.283454,0.192343,-0.247708,-0.374198,0.114589,0.250152,-0.082266,-0.636512,0.598105,-0.393532,0.099476,-0.256166,0.170144,-0.282225,-0.082266,-0.149018,-0.128912,0.035879,-0.41165,0.353235,-0.393532,-0.388337,-0.393532,-0.335967,-0.22966,-0.176171,-0.393532,0.122052,-0.470715,-0.259381,-0.506715,0.392695,0.65909,0.434767,-0.176171,-0.269092,-0.217484,-0.241525,-0.441861,0.397949,-0.011326,0.170144,-0.561971,-0.253576,-0.408142,-0.235252,-0.432348,-0.53573,0.026765,-0.353086,0.419317,0.080882,0.00275,-0.22966,-0.137198,0.617806,-0.051856,-0.319019,0.140303,0.276483,-0.262538,0.349618,0.069258,-0.716464,0.257626,0.099476,0.284972,-0.536552,-0.084031,-0.098744,-0.836657,-0.107427,-0.082266,-0.217948,0.016323,0.111666,0.541831,0.368476,0.262243,-0.149018,0.257997,-0.217484,-0.387638,0.140303,0.282924,-0.817985,-0.006961,0.017419,0.007867,0.011553,-0.05199,-0.042227,-0.612213,-0.314686,-0.335967,-0.147217,-0.186015,0.392695,0.434346,-0.353383,0.014445,-0.612213,-0.568129,0.18384,0.103352,0.407983,0.384388,0.290762,-0.411783,-0.149018,-0.208108,-0.040639,0.575074,0.039938,-0.221636,0.330382,0.42988,0.175177,-0.613741,0.298186,-0.411783,-0.165917,0.136549,-0.393532,-0.061154,0.262574,-0.298368,0.545445,-0.408142,0.400355,-0.082266,-0.390135,0.116814,#
5,0.43094,0.00781,-0.425342,-0.21231,0.412722,1.0,-0.01077,0.012274,-0.815112,-0.393218,0.38772,0.011615,-0.182692,-0.023344,0.00781,0.209367,0.495912,-0.253426,-0.416633,-0.247703,-0.004303,0.243222,0.25484,0.226929,-0.499817,-0.425649,-0.232388,-0.373748,0.031943,-0.401493,-0.015261,-0.046378,0.017759,-0.063195,-0.309172,0.00781,-0.180834,-0.058066,0.377918,0.317592,0.00781,0.367664,-0.206648,0.118635,0.317592,0.24275,-0.124057,0.50236,-0.140205,-0.484645,0.39162,-0.307571,0.00781,-0.379838,0.309131,-0.009195,-0.139844,0.207003,-0.026044,0.162983,0.448822,0.34539,-0.540315,0.002765,-0.201494,0.39746,-0.499687,0.24789,0.535019,0.44161,-0.511952,0.511068,0.317592,0.197373,-0.836296,0.003163,-0.545128,-0.066097,-0.854446,0.386092,0.385077,-0.266801,-0.014963,0.077635,-0.206973,-0.235479,0.15967,-0.545128,-0.212199,-0.545128,-0.194177,-0.434073,-0.042512,-0.017367,-0.03541,-0.187739,-0.390309,-0.221277,0.249841,0.372667,0.325226,-0.440472,-0.048953,-0.426528,-0.021162,-0.066097,0.169616,0.160701,-0.441513,-0.423217,0.007043,-0.333211,-0.366455,0.178219,-0.250932,-0.221188,-0.606638,0.271038,0.450738,-0.249981,-0.434073,-0.428759,0.450738,-0.244668,-0.50409,-0.017367,-0.333211,0.011586,0.533908,0.640755,-0.048953,-0.011611,-0.066097,-0.433342,-0.711655,-0.025647,0.00781,-0.226626,0.333223,-0.266801,-0.418134,-0.395959,-0.654082,0.367664,0.183076,0.140502,-0.014963,0.012753,-0.426528,0.189059,-0.017367,0.41326,-0.212199,0.164235,-0.196504,-0.567294,-0.464178,-0.161538,-0.528087,-0.011715,0.105872,-0.236432,-0.040339,0.555849,-0.385983,0.598569,0.21473,-0.280086,-0.011715,-0.428759,0.378075,-0.723961,-0.234572,-0.219061,0.0004,-0.563171,-0.014963,-0.128571,0.156056,0.402104,-0.292816,-0.012009,0.011223,-0.022698,0.395244,-0.039686,0.02707,-0.03541,-0.311443,-0.205193,-0.017367,-0.007479,-0.015482,-0.201519,0.179056,-0.333211,0.219395,-0.266801,-0.123145,-0.38469,#
6,-0.249703,0.106991,0.142316,-0.416368,-0.153072,-0.01077,1.0,0.408441,0.208088,0.191027,0.158805,-0.141885,0.116881,-0.093113,0.106991,0.342144,-0.408152,-0.044216,-0.132559,-0.480378,-0.597451,-0.078884,-0.072838,-0.113604,-0.408152,0.158814,0.393253,-0.026644,-0.096317,0.190186,-0.757016,-0.264806,-0.408054,0.034242,0.143952,0.622135,-0.400762,0.180374,0.560818,0.388339,-0.408152,-0.138197,-0.325355,-0.641398,-0.272101,-0.085533,-0.122267,-0.145751,-0.034235,-0.056766,-0.179683,0.200312,-0.408152,0.257486,0.272251,-0.527299,0.355843,0.090097,-0.578776,0.313074,0.367227,-0.266653,0.23816,0.438074,-0.044295,0.224343,0.117474,-0.547757,0.497871,0.269464,0.22865,-0.222894,-0.272101,-0.345234,0.258113,-0.075217,-0.069121,-0.589289,-0.125893,-0.157909,-0.586654,-0.345234,-0.267795,-0.536286,0.409096,0.437091,-0.337351,-0.069121,-0.424418,-0.069121,-0.067412,0.258113,-0.261697,-0.069121,-0.069121,0.058006,0.336176,0.103457,0.352984,-0.663974,0.281234,-0.665551,-0.141266,-0.166163,-0.594472,-0.589289,-0.374011,0.422609,-0.557618,0.170875,-0.117467,0.414757,0.336176,-0.415087,-0.345234,-0.002822,0.37838,-0.344502,-0.057666,0.006623,0.258113,0.158893,-0.057666,0.068958,-0.086159,-0.069121,0.414757,0.6126,0.149031,-0.093336,-0.141266,-0.665551,-0.589289,0.161354,0.114445,0.60258,-0.408152,0.016294,-0.442569,-0.345234,0.674456,0.007574,-0.07622,-0.138197,0.114445,-0.252914,-0.267795,0.595329,-0.166163,-0.093336,-0.069121,-0.212216,0.006632,-0.41946,-0.384295,-0.016249,0.108027,-0.087553,0.607922,0.087178,0.347381,0.356409,0.136998,0.202662,-0.292255,0.039928,-0.102037,0.418403,0.087178,0.591229,0.699854,-0.248638,-0.384295,-0.309611,0.19674,-0.069121,0.170875,0.060968,-0.024034,-0.206487,0.760856,0.293557,0.168792,0.150949,0.291958,0.121519,-0.204052,-0.069121,-0.402527,0.805528,-0.069121,0.135989,-0.211058,0.396944,-0.034637,-0.272101,0.149565,-0.345234,0.187956,-0.149103,#
7,0.427674,0.261951,-0.136797,-0.492206,0.143317,0.012274,0.408441,1.0,-0.085439,-0.056794,-0.096426,-0.347382,0.286164,0.107945,0.261951,0.322275,-0.368672,-0.032569,-0.490169,-0.037019,-0.39985,0.322275,-0.178331,0.301462,0.237696,0.388829,0.002999,-0.47948,0.405939,-0.106147,-0.299072,-0.481118,0.238114,0.211948,-0.218848,0.261951,-0.003442,0.592867,0.408147,0.142294,-0.368672,-0.153871,-0.30501,0.08216,-0.666196,-0.017836,0.341975,-0.123245,-0.18884,-0.1874,0.120778,-0.235193,-0.368672,-0.053514,-0.109621,-0.279383,0.197062,0.220587,-0.236476,0.76651,0.403099,0.126375,-0.021711,-0.217334,-0.330552,0.058267,0.238129,-0.266359,-0.146987,-0.027909,0.559811,-0.299072,-0.666196,-0.300642,0.102875,-0.184156,0.37713,-0.223889,-0.357245,0.12227,-0.417841,-0.300642,0.388526,0.289578,0.486041,0.484629,0.239071,0.37713,-0.013079,0.37713,-0.217542,0.602555,-0.096318,0.37713,-0.205657,0.20646,-0.091864,0.221757,-0.070625,-0.071262,0.688555,-0.590703,-0.406917,0.097711,0.087012,-0.223889,0.023746,0.040951,-0.367041,-0.118646,0.111908,0.174634,0.678608,-0.506059,0.211928,0.485601,0.483092,-0.11311,-0.190501,0.016214,0.122094,0.389023,0.408338,0.233769,0.390814,0.37713,0.174634,-0.275895,0.380708,-0.206937,-0.406917,-0.087012,-0.223889,-0.063763,-0.291438,0.238268,0.237696,-0.019377,-0.079548,-0.300642,0.602996,0.203976,0.322438,0.504996,-0.270674,-0.187013,0.388526,0.427764,0.097711,-0.228519,0.37713,-0.188474,-0.013079,0.010258,0.00608,-0.0,0.329188,-0.42188,0.477114,0.213441,-0.035438,0.301287,-0.330861,-0.333307,-0.070625,0.065502,0.300632,-0.136204,0.213441,-0.091601,0.152839,-0.09044,-0.443192,0.23745,0.449391,-0.205657,0.388526,-0.285151,0.104027,-0.169225,0.407246,-0.349155,-0.065501,0.291579,0.147779,-0.332287,-0.035921,-0.205657,-0.237912,0.362242,0.37713,0.292683,-0.050007,-0.155247,-0.155247,0.142294,-0.228428,-0.300642,0.428154,0.105128,#
8,-0.665639,0.122312,0.572909,-0.056807,-0.562974,-0.815112,0.208088,-0.085439,1.0,0.151287,-0.224465,-0.181254,0.088464,0.272172,0.122312,-0.533683,-0.407705,0.443362,0.666503,-0.001296,-0.220692,-0.117826,-0.129111,-0.118181,0.081541,0.167066,0.426035,0.546795,-0.150003,0.566822,-0.143077,0.260206,0.071931,0.132654,0.61016,0.122312,0.385247,-0.128517,-0.196963,-0.271803,0.081541,-0.003408,0.527508,0.025628,-0.271803,-0.480264,-0.031511,-0.65332,0.531264,0.38937,-0.560056,0.198312,0.081541,0.279527,-0.353276,-0.126925,-0.043586,-0.35744,-0.093188,-0.267417,-0.522032,-0.266585,0.430116,0.399323,0.166489,-0.531932,0.61223,-0.434268,-0.147668,0.139467,0.421769,-0.143077,-0.271803,-0.39766,0.667002,-0.069056,0.438005,-0.090742,0.68213,-0.601876,-0.183572,0.086988,-0.271959,-0.320985,-0.003704,0.458039,-0.327582,0.438005,-0.041696,0.438005,0.303701,0.279342,-0.265929,-0.113034,-0.113034,0.016665,0.298872,0.065253,-0.321781,-0.663247,-0.378475,0.132964,0.270364,0.234087,-0.199446,-0.090742,0.034877,-0.375982,0.245782,0.572849,0.245782,0.434885,0.298872,-0.023284,0.086988,0.005619,0.397425,-0.402926,-0.585016,0.015142,0.279342,0.167282,-0.585016,0.090261,0.40572,-0.113034,0.434885,0.298491,-0.658572,-0.533506,0.270364,-0.265929,-0.090742,0.185886,0.55641,0.137385,0.081541,0.415764,-0.480338,0.086988,0.26733,0.235881,0.348311,-0.514566,-0.34288,-0.258469,-0.271959,0.199734,0.234087,-0.098165,-0.113034,-0.269106,0.401799,-0.423428,-0.04164,0.340104,0.427409,0.047916,0.348696,0.081541,0.095949,0.365262,0.153158,-0.268708,0.315533,-0.394125,-0.106762,0.446355,0.081541,0.612101,-0.127204,0.595646,0.015142,0.075967,0.196261,0.438005,0.179377,0.241581,0.072859,-0.547487,0.470184,0.261776,0.165817,0.136146,-0.556703,0.076645,-0.276213,-0.113034,0.166816,0.36647,-0.113034,0.119741,-0.224157,0.332462,-0.04782,0.380525,0.099498,0.086988,-0.049691,0.289794,#
9,0.175006,0.111961,0.149495,-0.0234,-0.144668,-0.393218,0.191027,-0.056794,0.151287,1.0,-0.665813,0.667199,0.520569,0.298143,0.111961,0.38515,-0.407856,0.025712,-0.071689,0.015893,-0.186765,-0.074365,0.328127,-0.533453,0.111961,-0.232855,0.451214,0.106679,-0.119571,0.589994,-0.565598,-0.578906,-0.407758,-0.405002,-0.313698,0.631778,-0.009543,-0.219344,0.232067,-0.271904,0.071975,-0.124161,-0.351128,-0.406343,-0.271904,-0.362932,0.401929,0.407688,-0.527737,0.409422,-0.568859,0.464489,0.071975,0.415756,0.296671,-0.018513,0.100455,-0.323144,-0.082705,0.035763,-0.003265,-0.215752,0.262478,-0.112144,0.207157,-0.051962,-0.40775,0.13693,-0.335043,-0.421128,0.253121,-0.565598,-0.271904,0.121877,0.254398,0.417114,-0.073444,-0.598617,0.266098,-0.108758,-0.598826,-0.353444,-0.223027,-0.273764,0.03487,-0.379799,-0.763087,-0.073444,-0.001115,-0.073444,0.347768,-0.125801,-0.21632,0.466991,-0.073444,0.531389,0.337089,0.567578,0.353888,-0.202241,-0.340294,0.174897,-0.602128,-0.17388,-0.157637,-0.050587,-0.814099,0.473867,-0.1657,-0.279777,0.278444,0.421185,0.337089,-0.427036,0.121877,-0.385214,-0.008433,-0.350097,0.481539,-0.379799,0.254398,-0.229315,-0.535895,-0.355743,-0.023439,-0.073444,-0.271904,0.129117,0.180722,-0.533705,-0.149226,0.174897,-0.598617,0.169315,0.11055,-0.407648,-0.407856,0.008456,0.245521,-0.353444,0.298005,-0.213165,-0.071678,-0.625483,0.11055,0.613185,-0.223027,0.182831,-0.17388,-0.533705,-0.073444,-0.529655,-0.001115,-0.374879,0.43326,0.446931,0.362108,0.761295,0.615575,-0.407856,0.537561,-0.533727,0.142231,0.198586,0.353888,0.048676,-0.534009,-0.014152,-0.407856,0.151013,-0.118212,0.424187,-0.001114,0.11055,-0.220537,-0.073444,-0.665677,0.067041,0.37504,-0.211862,0.319517,-0.18511,-0.273862,-0.357552,0.294297,0.422362,0.588625,0.466991,-0.409669,0.376006,0.466991,0.14169,0.206103,0.808238,-0.493787,-0.271904,0.101354,-0.353444,0.464203,0.264739,#
10,-0.230015,-0.408117,-0.266009,-0.009787,0.250329,0.38772,0.158805,-0.096426,-0.224465,-0.665813,1.0,-0.59865,-0.328277,-0.533546,0.112032,-0.109103,0.092027,-0.479376,0.190711,-0.477095,-0.188181,-0.074413,-0.068312,0.368593,-0.408118,0.166889,-0.495416,-0.180982,-0.081279,-0.666073,0.289283,0.169058,-0.40802,0.038548,0.465412,-0.408117,-0.396656,-0.129004,0.117405,0.39478,-0.408118,-0.160191,0.105354,-0.187233,0.39478,0.772915,-0.510098,-0.167598,0.262158,-0.610611,0.655994,0.144605,-0.408118,0.074665,0.247614,-0.017726,0.357163,0.529728,-0.061768,0.01193,0.328623,-0.29417,-0.476045,0.418173,-0.240793,0.436889,0.122616,-0.197536,0.679176,0.215261,-0.443728,0.289283,0.39478,-0.405501,-0.165977,-0.098268,-0.113934,0.37707,-0.181273,-0.214237,0.216381,0.070124,-0.263867,-0.117431,-0.00418,0.401032,0.507003,-0.113934,-0.420545,-0.113934,-0.534069,-0.165977,0.126076,-0.654715,-0.132422,-0.806282,-0.455545,-0.819892,0.196219,0.11519,0.25502,-0.281703,0.657322,-0.157986,-0.19132,-0.17131,0.406169,-0.057275,-0.173403,0.179066,-0.602636,-0.272078,-0.431102,-0.030277,-0.38924,0.005147,0.024377,0.213468,-0.181768,0.386172,-0.165977,0.166966,0.362141,0.092083,-0.140722,-0.113934,0.421455,0.456823,-0.021543,0.329852,0.20413,-0.266351,0.37707,0.179127,0.05924,0.612436,-0.408118,-0.024444,-0.367986,0.070124,-0.173855,0.378858,-0.071724,0.383255,0.05924,-0.435332,-0.263867,0.182948,-0.157986,0.329852,-0.113934,0.329821,-0.420545,-0.039486,-0.428337,-0.447217,-0.755577,-0.630116,-0.485504,0.092027,-0.151641,0.365108,0.062471,-0.070183,-0.45529,-0.019851,-0.09779,0.289828,0.092027,0.166966,0.648126,-0.47528,-0.008545,-0.352818,0.178879,-0.132422,0.179066,0.011854,-0.493584,0.320917,-0.135149,0.262732,0.640504,0.607189,0.235505,-0.492915,-0.663389,-0.673203,0.412987,-0.066396,-0.654715,0.108571,0.162873,-0.523155,0.796465,-0.272078,0.089213,0.070124,-0.74958,-0.192516,#
11,0.262468,0.427781,-0.183383,-0.028286,0.177806,0.011615,-0.141885,-0.347382,-0.181254,0.667199,-0.59865,1.0,0.356479,0.117844,-0.091953,0.118191,0.407791,0.046752,-0.124999,0.040362,0.157254,-0.341251,0.061376,-0.800052,-0.091953,-0.565663,0.057474,0.016244,-0.404662,0.257129,-0.329308,-0.238511,-0.081742,-0.607405,-0.615344,0.427781,0.001805,-0.266637,-0.098515,-0.407791,0.387802,-0.005764,-0.096195,-0.254797,0.258534,-0.357157,-0.001382,0.520981,-0.426482,0.613253,-0.241034,-0.04987,0.387802,-0.241026,0.407538,0.097496,-0.346192,-0.519417,0.042244,0.041721,0.197639,0.358774,0.27756,-0.434743,0.294196,0.233587,-0.611528,0.176618,-0.121935,-0.246171,-0.192542,-0.329308,0.258534,0.355418,-0.244574,0.5976,-0.375704,-0.424772,0.14355,0.191767,-0.273929,-0.119827,-0.137786,-0.310973,-0.372611,-0.78676,-0.522454,-0.375704,0.002044,-0.375704,0.080892,-0.212896,-0.165282,0.164645,0.086133,0.362884,0.407861,0.387323,0.432716,0.295824,-0.212831,0.225872,-0.7134,-0.257015,-0.232583,0.12317,-0.421044,0.433712,0.134835,-0.612518,0.199358,0.285187,-0.202709,-0.033487,-0.050774,-0.386714,-0.41454,-0.262685,0.647872,-0.415559,0.167242,-0.562013,-0.369399,-0.108476,-0.332175,-0.375704,-0.407791,-0.14065,0.381933,0.080566,-0.260571,0.266138,-0.424772,0.225814,-0.108016,-0.611375,-0.091953,-0.398773,0.473247,-0.119827,-0.201038,-0.389914,-0.338493,-0.507006,0.336933,0.789478,-0.137786,-0.150158,-0.257015,-0.381904,-0.375704,-0.383534,0.002044,0.008924,0.02617,0.040751,0.276449,0.952876,0.239353,-0.611687,0.1476,-0.800463,0.408086,0.474187,0.432716,0.42983,-0.347225,0.098576,-0.611687,-0.181745,-0.245792,0.290738,0.373242,-0.065736,-0.144442,0.086133,-0.580365,0.29033,0.339474,-0.069734,-0.003715,0.128996,-0.215607,-0.584453,0.170491,0.436152,0.666533,0.626481,-0.628582,0.093987,0.164645,-0.086149,0.252039,0.517712,-0.365424,-0.407791,0.339381,-0.119827,0.322616,0.207266,#
12,0.55352,0.339032,-0.381181,-0.684961,0.395033,-0.182692,0.116881,0.286164,0.088464,0.520569,-0.328277,0.356479,1.0,0.325135,0.339032,-0.024495,-0.211895,-0.177662,-0.092658,-0.184612,-0.54259,-0.024495,0.408448,-0.491373,-0.211895,-0.327549,-0.169014,-0.528749,0.23554,0.085816,-0.294062,-0.587228,-0.201044,-0.757482,-0.32249,0.339032,0.217306,-0.087122,0.174505,-0.508548,0.296653,-0.244409,0.085202,0.031079,-0.508548,-0.230849,0.141362,0.313158,-0.341028,0.23554,-0.045817,-0.046547,0.296653,-0.124523,0.561252,0.270631,-0.158567,-0.374433,0.209608,0.530663,0.372761,0.270556,-0.085804,-0.311724,0.192286,0.307176,-0.200599,-0.385948,0.007487,-0.263581,0.424779,-0.294062,-0.508548,-0.402584,-0.077035,0.784908,0.227643,-0.305307,-0.059751,-0.478771,-0.553775,-0.402584,-0.33281,-0.158378,-0.173234,-0.192805,-0.377376,0.227643,-0.226556,0.227643,-0.06399,-0.043456,-0.768285,0.227643,-0.281494,0.03681,-0.139151,0.061469,0.565036,0.116991,-0.112088,-0.353655,-0.539495,-0.085761,-0.103657,-0.305307,-0.187307,-0.157492,-0.068396,-0.366892,0.350026,0.226021,0.533952,-0.667595,0.04521,-0.18301,-0.20258,-0.166874,0.251117,-0.602023,0.359497,-0.320101,-0.251117,-0.388379,0.358179,0.227643,0.226021,0.081649,0.200526,-0.507972,-0.539495,0.518287,-0.305307,0.123332,-0.390554,-0.196054,-0.211895,-0.236994,-0.087712,-0.402584,-0.035224,-0.214539,-0.018835,-0.200132,0.081099,0.602683,-0.33281,0.553636,-0.085761,-0.998197,0.227643,-0.26383,-0.226556,-0.61738,0.208544,0.20258,0.422454,0.392471,0.475719,-0.762821,0.369848,-0.49912,-0.179101,0.013196,0.565036,0.288289,-0.517879,0.023998,-0.762821,0.082989,-0.023843,0.503633,0.23412,0.525007,0.581627,-0.281494,-0.33281,-0.311036,0.594392,0.06495,0.356706,-0.059451,0.130992,0.377378,-0.032879,-0.445648,0.563092,-0.281494,-0.50632,0.468834,0.227643,0.378807,0.145625,0.447358,0.021303,-0.508548,0.56883,-0.402584,0.010761,0.789929,#
13,0.208627,0.311367,0.295676,-0.414237,-0.2804,-0.023344,-0.093113,0.107945,0.272172,0.298143,-0.533546,0.117844,0.325135,1.0,0.477429,-0.310888,-0.228336,0.403701,0.244033,-0.046533,-0.350208,0.607307,0.590187,0.148958,-0.083031,-0.567756,0.554469,0.211968,0.051186,0.729004,-0.362986,-0.262128,0.287691,-0.027629,0.080861,0.477429,0.771186,-0.374462,0.406509,-0.401317,0.269851,0.663204,0.329155,0.561068,-0.401317,-0.729321,0.532397,0.12926,0.142026,0.051186,-0.718805,0.029856,0.269851,0.10112,-0.236585,0.015741,-0.34396,-0.437971,0.072335,-0.006187,-0.311239,0.120766,-0.274288,0.233113,-0.096753,-0.619569,-0.093598,0.207283,-0.208588,0.465856,0.228646,0.1966,-0.401317,-0.140248,-0.214303,0.11121,0.026377,-0.506989,-0.20194,-0.29018,0.10667,-0.633753,-0.264653,0.0,-0.361095,0.059747,-0.614553,0.026377,-0.104215,0.026377,0.571488,-0.312989,-0.558501,0.587486,-0.472387,0.287949,-0.296409,0.317693,-0.288692,-0.267077,-0.245983,-0.152319,-0.216526,-0.360478,0.075661,0.062006,-0.070042,-0.309996,-0.349299,-0.164488,0.982866,0.318286,0.362981,-0.078045,0.298423,-0.505898,-0.406147,-0.336565,0.095868,-0.792126,-0.329437,-0.571024,-0.447987,-0.630549,0.111773,0.026377,-0.401317,-0.014398,0.011854,-0.455249,0.253702,0.143359,-0.506989,-0.58547,-0.474065,-0.601669,0.290609,0.472624,0.339847,-0.633753,-0.168697,-0.33777,-0.352114,-0.421171,-0.598462,0.421465,-0.264653,0.338973,-0.360478,-0.325954,0.026377,-0.146354,0.347384,-0.489207,0.452918,0.066637,0.352159,0.23615,-0.033289,-0.083031,0.640155,-0.343729,-0.03046,0.29247,0.387308,0.396019,-0.009059,-0.246358,-0.083031,-0.134529,-0.156072,0.315713,-0.513629,0.280676,0.185497,-0.472387,-0.264653,0.032846,0.894781,-0.445388,0.218967,-0.341599,-0.150274,-0.069317,-0.142256,0.197553,0.185872,0.088722,-0.356716,0.143526,0.587486,0.464525,-0.092728,0.584906,-0.314771,0.290609,0.3264,-0.633753,0.242456,0.182625,#
14,0.116083,0.375,0.092027,-0.49928,-0.098744,0.00781,0.106991,0.261951,0.122312,0.111961,0.112032,-0.091953,0.339032,0.477429,1.0,-0.327248,-0.25,0.035461,0.428874,-0.49683,-0.611803,0.225249,0.232345,0.247449,-0.25,-0.408107,0.038645,0.076406,-0.36205,0.120893,-0.333983,-0.605799,-0.24994,-0.24825,0.385014,0.375,0.507932,-0.603889,0.668723,-0.166667,-0.25,0.350004,0.372913,0.152782,-0.166667,0.038301,0.361025,0.160866,0.250196,-0.36205,-0.095394,0.300737,-0.25,0.270636,0.227702,-0.329276,-0.033407,-0.208944,-0.33723,0.372675,0.315465,-0.148021,-0.552793,0.280262,-0.690905,-0.006472,-0.249935,0.11983,0.182201,0.278587,0.040201,-0.333983,-0.166667,-0.762001,-0.087393,0.289969,0.231036,-0.409995,-0.082245,-0.61115,-0.122352,-0.762001,-0.408034,-0.087201,-0.499613,0.48745,-0.249488,0.231036,-0.49973,0.231036,-0.327154,-0.087393,-0.407661,0.231036,-0.996345,-0.281014,-0.629973,-0.200062,0.143674,0.055458,0.187995,-0.407661,-0.127061,-0.611807,-0.13189,0.248926,-0.023762,0.017205,-0.61115,-0.408034,0.397544,0.666667,0.133631,-0.499717,0.3175,-0.499604,-0.058581,-0.714184,0.239634,-0.499056,-0.087393,-0.407971,-0.413914,-0.276735,0.289679,-0.418753,-0.166667,0.303446,0.448699,-0.32714,0.417485,0.07194,-0.409995,0.048504,-0.195142,-0.249873,-0.25,0.499309,0.344954,-0.762001,-0.092351,0.374513,-0.32716,-0.302989,-0.761685,0.428352,-0.408034,0.612372,-0.611807,-0.32714,-0.418753,-0.618799,0.023243,-0.499309,-0.034818,-0.497937,-0.292503,0.029381,-0.133636,-0.25,0.563834,-0.327154,0.410877,0.175148,0.143674,0.49869,-0.327327,0.294935,-0.25,0.116563,0.396395,0.143099,-0.499056,-0.258091,0.595323,-0.346555,-0.408034,0.370337,0.487377,-0.602094,0.184465,-0.087678,0.555833,0.378765,0.407309,-0.234989,-0.374191,-0.346555,-0.225037,0.219396,0.231036,0.997609,0.627778,0.237374,0.237374,-0.166667,0.325855,-0.762001,-0.152351,0.447352,#
15,0.359477,-0.327248,-0.109103,0.236011,0.106426,0.209367,0.342144,0.322275,-0.533683,0.38515,-0.109103,0.118191,-0.024495,-0.310888,-0.327248,1.0,-0.327248,-0.298198,-0.787051,0.161151,0.095258,0.060039,0.066416,0.022686,0.225249,0.350711,0.165554,-0.310666,0.337849,-0.083235,-0.267698,-0.412231,-0.327169,0.146451,-0.5163,0.225249,-0.654326,0.46037,0.296952,0.490164,-0.327248,-0.302919,-0.997504,-0.51426,-0.218165,0.25813,0.293644,0.426261,-0.734084,-0.181983,0.077841,0.211947,-0.327248,0.284701,0.191349,-0.133326,0.470243,0.434,-0.18186,0.171057,0.254421,-0.234786,0.131791,-0.219079,0.029977,0.272076,-0.327163,0.227589,-0.156653,-0.449806,0.123811,-0.267698,-0.218165,0.471739,0.083693,-0.208836,-0.208163,-0.191921,-0.332361,0.572833,-0.358796,-0.033464,0.363615,0.179159,0.659587,-0.233998,-0.025339,-0.208163,0.227992,-0.208163,0.072301,0.083693,0.376473,0.366248,0.366248,0.482824,0.259299,0.448087,0.272739,-0.042111,0.218533,-0.056665,-0.36278,0.092206,0.10966,-0.191921,-0.653201,0.673786,-0.327924,-0.106863,-0.327924,-0.218165,0.259299,-0.224312,-0.033464,0.217797,0.237514,0.287448,0.377872,0.227684,0.083693,0.350736,0.377872,-0.017067,-0.220443,0.366248,-0.218165,-0.083847,0.367176,0.044491,-0.36278,-0.056665,-0.191921,-0.04937,-0.041414,0.188724,-0.327248,-0.229182,0.120554,-0.033464,0.534573,-0.185951,0.062858,0.274323,0.459406,-0.03459,0.363615,-0.083282,0.092206,0.044491,0.366248,0.045903,-0.234314,0.238169,0.270104,0.280337,-0.026354,0.00999,0.415736,0.203999,0.096268,0.026311,-0.326543,0.025254,-0.419286,-0.177597,0.035242,-0.424675,0.203999,-0.112949,0.123253,-0.435332,-0.191578,0.004602,-0.504824,-0.208163,-0.106863,-0.377312,-0.241196,0.367238,0.024855,-0.346946,-0.499074,-0.29593,0.56174,0.266653,0.381784,0.366248,-0.10619,0.076403,0.366248,-0.295091,-0.065718,0.089371,-0.404364,-0.218165,-0.473922,-0.033464,0.521444,-0.385105,#
16,0.09736,0.375,-0.408118,0.00387,0.394976,0.495912,-0.408152,-0.368672,-0.407705,-0.407856,0.092027,0.407791,-0.211895,-0.228336,-0.25,-0.327248,1.0,0.01576,-0.05466,0.019873,0.421374,-0.327248,-0.327003,-0.326986,-0.25,-0.408107,-0.483061,-0.103373,-0.36205,-0.408015,0.28912,0.418086,0.387162,-0.24825,-0.362366,-0.25,0.004031,-0.068526,-0.405287,-0.166667,0.375,0.141047,0.312112,0.174608,0.666667,0.017023,-0.503401,0.13492,0.122545,0.249521,0.401452,-0.61455,0.375,-0.792575,0.135391,0.144682,-0.534522,-0.230265,0.154564,1e-06,0.245877,0.688619,0.01332,-0.383516,0.108276,0.349473,-0.249935,0.053258,0.26502,0.2138,-0.562808,0.28912,0.666667,0.28575,-0.611749,0.220929,-0.382654,0.212319,-0.140991,0.367876,0.397645,0.28575,0.094617,-0.056058,-0.499613,-0.499056,0.294268,-0.382654,-0.005811,-0.382654,-0.327154,-0.116523,0.07194,-0.382654,0.194937,-0.217147,0.085905,-0.231322,0.095783,0.610043,0.155582,0.07194,-0.127061,-0.111772,-0.101915,0.212319,0.481189,-0.040145,0.367876,-0.408034,-0.106803,-0.166667,-0.677698,0.48187,-0.22225,-0.011485,-0.497937,0.106163,0.203326,-0.034818,-0.116523,-0.407971,0.203326,0.302478,-0.391917,-0.382654,-0.166667,-0.322713,0.244745,0.752422,-0.127061,0.101915,0.212319,0.078818,-0.258092,-0.249873,0.375,-0.499309,0.278617,0.28575,-0.611828,-0.206628,-0.327161,0.141047,0.276976,0.214176,0.094617,-0.408248,-0.111772,0.196284,-0.382654,0.178139,-0.005811,0.469938,-0.499056,-0.497937,-0.117001,0.23505,-0.467723,-0.25,-0.478033,-0.327154,0.337506,0.337321,0.095783,0.466723,0.218218,0.147468,-0.25,-0.407971,-0.14705,-0.163542,0.458435,-0.226617,0.083217,0.194937,0.094617,0.286169,-0.054153,0.17333,-0.396258,0.384434,0.081341,-0.278277,-0.142235,0.02203,0.085342,0.194937,-0.259134,-0.345715,-0.382654,-0.27933,0.066082,-0.356061,0.167558,-0.166667,0.29119,0.28575,-0.184091,-0.080772,#
17,-0.396233,0.547669,0.798834,0.134562,-0.794923,-0.253426,-0.044216,-0.032569,0.443362,0.025712,-0.479376,0.046752,-0.177662,0.403701,0.035461,-0.298198,0.01576,1.0,0.116761,0.560014,0.365508,-0.214472,-0.226218,0.136216,0.01576,-0.070094,0.570683,0.669525,-0.073561,0.460371,-0.01037,0.404627,0.527842,0.436867,0.266988,0.035461,0.658582,0.000945,-0.057487,0.220643,0.527968,0.65634,0.28185,0.382508,-0.330965,-0.642266,0.470895,-0.023227,0.641686,0.06292,-0.463185,-0.378557,0.527968,-0.206968,-0.345091,-0.572101,-0.698157,-0.726076,-0.493984,-0.422888,-0.564592,0.333902,0.506145,-0.044015,-0.294486,-0.463673,0.005306,0.180251,-0.203792,0.335728,0.495876,-0.01037,-0.330965,0.171133,0.370961,-0.416521,0.489513,-0.035308,0.055181,-0.053116,0.407836,0.171133,0.346327,0.285267,-0.277202,0.184193,-0.26052,0.489513,0.54893,0.489513,0.226865,0.370961,-0.054611,0.489513,-0.063493,0.592459,0.305979,0.622527,-0.34116,-0.378362,-0.36535,0.025699,-0.030133,0.345452,0.375853,0.525469,-0.163283,-0.228856,0.026371,0.346327,0.480845,0.378246,0.305979,0.585612,0.65751,0.13105,0.122792,-0.391517,0.000915,-0.260285,0.370961,-0.076238,-0.555289,0.161474,0.449021,-0.063493,-0.330965,-0.065435,-0.211505,0.174266,0.433304,0.025699,-0.035308,-0.419671,0.2008,-0.094513,0.527968,0.60732,0.238581,0.171133,-0.04603,-0.299395,-0.219671,-0.434541,-0.281358,-0.064134,0.346327,-0.376395,0.345452,0.174266,-0.063493,-0.231399,0.994008,0.157385,-0.182547,-0.172647,0.263687,0.200966,0.018954,0.429467,0.129622,0.142584,0.066605,0.309979,-0.212848,-0.186613,0.605294,-0.117136,0.429467,0.370168,-0.47036,-0.057348,-0.182547,-0.19703,0.003834,0.489513,0.346327,0.094712,0.304261,-0.524204,-0.153759,0.36055,-0.473044,-0.519707,-0.4628,0.490481,-0.011588,0.489513,-0.168519,-0.233869,0.489513,-0.01132,-0.403048,0.197396,-0.677354,0.351979,-0.203018,0.171133,0.524838,0.13239,#
18,-0.611338,-0.012614,0.31184,0.000846,-0.315208,-0.416633,-0.132559,-0.490169,0.666503,-0.071689,0.190711,-0.124999,-0.092658,0.244033,0.428874,-0.787051,-0.05466,0.116761,1.0,-0.378025,-0.245521,-0.021515,0.060208,-0.006094,-0.159777,-0.260824,0.092293,0.568142,-0.556418,0.309818,0.035128,0.199038,-0.168393,-0.11202,0.751527,-0.012614,0.410728,-0.711176,-0.087249,-0.400843,-0.05466,0.179321,0.786439,0.093239,0.327963,-0.094335,-0.2392,-0.445279,0.588854,0.128202,-0.307644,0.415964,-0.05466,0.320896,-0.163432,0.047157,-0.010113,-0.209917,0.053882,-0.344728,-0.325051,-0.369529,-0.17183,0.592178,-0.049602,-0.371488,0.281638,-0.093043,0.134553,0.309893,-0.261094,0.035128,0.327963,-0.535059,0.175889,0.165581,0.052943,-0.019455,0.602502,-0.698451,0.124496,-0.131362,-0.626283,-0.437045,-0.499775,0.336908,-0.230997,0.052943,-0.42102,0.052943,0.05862,-0.257219,-0.201051,-0.406056,-0.461914,-0.518492,-0.214795,-0.464338,-0.226336,-0.22054,-0.336133,0.244608,0.493236,-0.306911,-0.326279,0.135695,0.285551,-0.31261,0.119851,0.189268,0.165756,0.384025,-0.343223,0.013808,-0.082235,-0.491699,-0.059607,-0.443455,-0.318883,-0.076907,-0.173929,-0.260737,-0.576579,-0.125991,0.04041,-0.559056,0.187808,0.422379,-0.414712,-0.329022,0.621454,-0.196009,-0.019455,0.260942,0.388231,-0.147088,-0.159777,0.418402,-0.148276,-0.131362,-0.268707,0.422888,-0.023774,-0.545519,-0.523324,0.023414,-0.626283,0.219717,-0.306911,0.063824,-0.559056,-0.250407,0.071538,-0.437174,-0.092523,-0.100003,-0.181529,0.067205,-0.298924,-0.159777,0.171723,-0.0091,0.535308,-0.047895,0.348767,0.024086,-0.401878,0.590783,-0.159777,0.316609,0.139358,0.486847,0.006051,-0.230059,0.196912,0.150086,-0.250334,0.594119,0.071269,-0.501409,0.140874,0.232083,0.622576,0.268073,-0.208882,-0.031617,-0.549952,-0.308914,0.292004,0.092137,-0.406056,0.408721,0.295078,0.176953,0.448194,0.187808,0.355762,-0.131362,-0.5714,0.204397,#
19,0.024707,0.019873,0.382948,0.575648,-0.367668,-0.247703,-0.480378,-0.037019,-0.001296,0.015893,-0.477095,0.040362,-0.184612,-0.046533,-0.49683,0.161151,0.019873,0.560014,-0.378025,1.0,0.813894,-0.211152,-0.223005,0.142611,0.536577,0.366126,0.119193,0.200791,0.467487,0.016818,0.540892,0.41781,0.536448,0.444648,-0.204879,-0.49683,0.239698,0.453152,-0.521278,0.22523,0.536577,0.11669,-0.190752,0.392112,-0.33122,-0.200271,0.469288,0.127052,0.071031,0.059116,-0.030333,-0.414205,0.536577,-0.240235,-0.377179,-0.025382,-0.424908,-0.262025,0.040211,-0.432522,-0.593739,0.312071,0.50614,-0.577294,0.033609,-0.279349,0.009326,0.376261,-0.641232,-0.389353,0.49586,0.005151,-0.33122,0.657224,0.36727,-0.443813,0.488988,0.524959,0.048567,0.397618,0.421141,0.657224,0.795852,0.760522,0.150739,-0.254635,0.225277,0.488988,0.994048,0.488988,0.234058,0.36727,0.397452,0.488988,0.488988,0.673712,0.305023,0.622226,-0.347962,0.083273,-0.371545,0.478467,-0.020682,0.795919,0.834935,0.524959,-0.156782,-0.239344,0.477802,0.355854,0.036319,-0.33122,0.305023,0.598696,0.657224,0.567422,0.190461,0.346773,-0.004041,0.177137,0.36727,0.363225,-0.004041,0.239425,0.448357,0.488988,-0.33122,-0.571266,-0.306422,0.180997,-0.020682,0.478467,0.524959,-0.356169,0.196657,-0.09137,0.536577,0.166705,0.207242,0.657224,-0.053224,-0.309004,0.242895,0.11669,0.196657,-0.161742,0.795852,-0.811321,0.795919,0.180997,0.488988,0.175892,0.561692,0.603778,0.255558,0.269626,0.263676,0.046712,0.010623,0.437211,-0.335181,0.149037,-0.495759,-0.176873,-0.218523,-0.592602,0.61581,-0.644744,0.437211,-0.070421,-0.877213,-0.063919,0.255558,0.281725,-0.402508,0.488988,0.355854,-0.442256,-0.120534,0.171143,-0.589804,-0.061119,-0.820651,-0.521073,-0.473338,0.245175,0.401303,0.488988,0.264538,-0.659566,0.488988,-0.522129,-0.416566,-0.245859,-0.678748,0.357718,-0.639862,0.657224,0.522784,0.048403,#
20,-0.146804,-0.085085,0.232665,0.802958,-0.232686,-0.004303,-0.597451,-0.39985,-0.220692,-0.186765,-0.188181,0.157254,-0.54259,-0.350208,-0.611803,0.095258,0.421374,0.365508,-0.245521,0.813894,1.0,-0.370357,-0.398589,0.059152,0.421374,0.249849,-0.085804,0.305348,0.077389,-0.203765,0.647349,0.607609,0.42167,0.398308,-0.195636,-0.611803,-0.014634,0.257448,-0.646984,0.26741,0.401116,0.094568,-0.14045,0.196672,0.26741,0.067867,0.095677,0.123291,0.094254,0.077389,0.17818,-0.351666,0.401116,-0.305252,-0.316468,0.008409,-0.355177,-0.104975,0.054502,-0.573782,-0.467806,0.263048,0.414702,-0.489512,0.048132,-0.101843,-0.115649,0.506334,-0.418503,-0.311009,-0.0607,0.101227,0.26741,0.778019,0.132664,-0.428693,0.098523,0.61036,0.124342,0.581493,0.584963,0.778019,0.688219,0.561862,-0.009937,-0.421895,0.376448,0.098523,0.818749,0.098523,0.048738,0.164768,0.671565,0.098523,0.566565,0.384114,0.328569,0.330112,-0.306583,0.312981,-0.274315,0.655048,0.13032,0.569752,0.609966,0.61036,-0.001348,-0.01924,0.565145,0.207108,-0.269543,-0.407868,-0.290205,0.801777,0.366369,0.415363,0.032754,0.379458,0.087441,0.394433,0.148716,0.246528,0.107448,0.394468,0.018503,0.098523,-0.407868,-0.523167,-0.205927,0.54291,0.13032,0.282928,0.61036,-0.1412,0.304937,-0.119753,0.421374,-0.024277,0.312534,0.778019,-0.264357,-0.181251,0.092738,0.1369,0.32228,-0.168348,0.688219,-0.999069,0.569752,0.524884,0.098523,0.236129,0.378014,0.834444,0.002257,0.016614,-0.085803,0.09333,-0.316208,0.401116,-0.541122,0.066072,-0.134844,-0.032906,-0.306583,-0.436435,0.542866,-0.411551,0.401116,-0.211579,-0.703351,-0.234567,0.394433,-0.085799,-0.591031,0.566565,0.239693,-0.092894,-0.413369,0.241583,-0.774851,0.106245,-0.604539,-0.64843,-0.286783,0.368701,0.191826,0.566565,0.35388,-0.818024,0.098523,-0.649951,-0.20402,-0.434603,-0.417631,0.26741,-0.594734,0.778019,0.261931,-0.241468,#
