0,1.0,-0.039553,0.640601,-0.200679,0.367294,0.244103,0.376715,0.0,0.830834,-0.027446,-0.591454,-0.027413,-0.277903,0.794939,0.0,-0.401834,-0.101203,0.079254,-0.110975,0.361468,-0.65659,-0.655369,-0.591454,-0.7061,0.363534,-0.084636,0.52503,0.152403,0.195948,0.119729,-0.598903,0.414236,-0.217957,-0.107277,-0.263098,0.173808,-0.093039,-0.159526,-0.40764,0.029498,-0.533727,-0.372092,-0.448873,-0.081101,-0.27176,-0.46467,0.641143,0.468212,-0.064347,0.641392,-0.631247,-0.008514,0.06819,0.364947,-0.342698,0.149883,0.522461,-0.631247,-0.509197,0.209511,-0.513278,0.793429,0.140813,-0.449636,-0.57869,-0.246316,0.0,0.355391,-0.156868,0.364947,0.006645,-0.046872,0.076574,0.286808,-0.004853,-0.145135,-0.27176,-0.305415,0.004455,-0.247741,0.12368,-0.174342,0.305021,0.09211,-0.263208,0.36393,-0.693725,-0.004853,-0.049291,-0.582336,-0.004853,0.111323,0.305021,0.111323,-0.16648,-0.27176,0.166075,0.028064,0.17815,-0.101531,-0.631247,-0.310507,-0.16648,0.09211,-0.425512,0.32722,0.791836,-0.004853,0.111323,-0.533727,0.322266,0.0,0.166075,-0.27176,0.038566,-0.40764,-0.417391,-0.489174,0.202721,-0.263208,0.305021,-0.101531,0.198833,0.004455,0.140813,-0.263208,-0.16648,0.011433,-0.028497,-0.084919,0.074708,0.111323,-0.49847,0.166839,0.038566,-0.101531,0.414236,0.17815,0.282085,0.366726,0.414236,-0.813499,0.309154,-0.384014,-0.359205,-0.431551,0.09211,0.588124,-0.111718,0.603019,-0.113035,0.166075,0.641143,0.0,0.625676,0.142617,0.310405,0.156744,0.038566,-0.004853,-0.523986,-0.407433,0.797543,0.366726,0.166075,0.026136,0.059777,0.43102,0.414236,-0.814869,-0.027501,0.394788,0.111323,0.028064,-0.090223,-0.004853,0.440621,0.235574,0.231523,-0.750182,0.014539,0.379549,-0.277155,-0.516033,0.014539,0.166075,0.629887,-0.402112,-0.587895,0.129347,-0.004853,-0.440625,0.199011,0.324616,-0.196644,-0.039885,-0.388492,-0.406857,0.479031,-0.27176,#
1,-0.039553,1.0,-0.499584,0.031552,0.605945,-0.384629,0.206655,0.0,-0.229138,0.187921,0.009104,-0.185893,0.408007,0.207221,0.0,-0.195893,-0.250235,-0.206533,-0.39435,0.333136,0.477517,0.512573,0.41938,0.371317,-0.2347,-0.234865,0.65637,0.247877,0.429701,-0.039553,-0.513271,-0.333136,0.150586,-0.653668,0.332859,-0.431254,0.591793,-0.799788,0.019219,0.238314,0.234865,0.817756,0.32741,-0.276756,0.333136,0.405075,-0.019219,0.615585,0.563654,0.033392,0.518921,-0.998228,-0.077411,-0.503139,-0.335417,-0.499672,0.240875,0.518921,0.555204,0.391014,-0.261293,-0.209824,-0.4175,0.362766,0.031969,0.419275,0.0,0.536271,0.421689,0.024818,-0.599262,-0.344704,0.518422,-0.278256,-0.590103,-0.275046,-0.333136,-0.019975,-0.593343,-0.402061,-0.436733,-0.807597,-0.243346,-0.49945,-0.402061,-0.653921,-0.009844,-0.590103,-0.244707,-0.400162,-0.590103,-0.49945,-0.243346,-0.49945,-0.392363,0.358762,-0.815459,-0.673759,-0.398246,-0.653934,0.518921,-0.442078,-0.392363,0.01427,0.215949,-0.275704,-0.238443,-0.590103,-0.49945,-0.218089,0.21773,0.0,-0.39608,-0.333136,-0.222611,0.0,-0.189426,-0.096665,-0.416378,-0.402061,-0.243346,-0.653934,-0.422724,-0.593343,-0.4175,-0.402061,-0.392363,0.138295,-0.13839,-0.653934,-0.226927,-0.49945,-0.335295,-0.12664,-0.675577,-0.653934,-0.333136,0.027277,0.142076,-0.626351,-0.333136,-0.205284,-0.303607,-0.283818,-0.194509,-0.346769,-0.49945,0.43932,-0.512936,-0.015134,-0.757489,-0.815459,-0.499704,0.0,-0.027369,-0.035055,-0.250614,0.428305,-0.675577,-0.998635,0.284272,0.004391,-0.235402,0.170418,-0.815459,0.661092,0.47976,-0.326419,-0.333136,-0.198572,0.190369,0.219509,-0.49945,-0.224586,0.1896,-0.590103,-0.333136,-0.354787,0.406107,-0.359516,0.640816,-0.210192,-0.178276,0.304981,0.22359,-0.815459,-0.417871,-0.189426,0.287014,0.412494,-0.590103,0.641148,0.39828,0.084819,-0.01457,-0.620211,0.217365,-0.594853,-0.255519,0.358762,#
2,0.640601,-0.499584,1.0,-0.09852,-0.018273,0.373544,-0.014456,0.0,0.755578,-0.499697,-0.611685,-0.022019,-0.40815,0.200386,0.0,-0.241319,-0.327035,0.267763,0.130472,-0.166627,-0.996774,-0.998421,-0.611685,-0.60043,0.186773,-0.327248,0.320301,0.184095,-0.125601,-0.407543,0.216404,0.682843,-0.320108,0.200519,-0.599357,0.0822,0.006972,0.387884,-0.24994,-0.244068,-0.327248,-0.400647,-0.66223,0.023277,-0.166627,-0.691129,0.362658,0.348888,-0.363604,0.373544,-0.693461,0.460883,0.148212,0.124748,0.148095,0.093816,0.300326,-0.693461,-0.722017,0.096653,-0.004385,0.763327,0.17641,-0.705394,-0.131198,-0.361804,0.0,0.194055,-0.364193,0.124748,0.47997,0.226318,-0.24988,0.249635,0.465437,-0.004385,-0.166627,-0.407367,0.476519,0.070864,0.084622,0.369317,0.228484,0.368771,0.090017,0.74221,-0.379316,0.465437,0.003857,-0.13534,0.465437,0.344979,0.228484,0.344979,0.378611,-0.166627,0.582676,0.299554,0.597124,0.207769,-0.693461,-0.40732,0.378611,0.368771,-0.220505,0.239028,0.49919,0.465437,0.344979,-0.327248,0.20713,0.0,0.582676,-0.166627,0.308377,-0.24994,-0.007568,0.089352,0.09915,0.090017,0.228484,0.207769,0.387633,0.476519,0.17641,0.090017,0.378611,0.230374,-0.224963,0.187198,0.291389,0.344979,0.123228,-0.064462,0.308377,0.207769,0.682842,0.597124,0.216212,0.487333,0.682842,-0.229646,0.028173,0.042085,0.291389,0.12034,0.368771,0.035723,0.213798,0.381003,0.426989,0.582676,0.99976,0.0,0.397448,0.127318,0.149336,-0.196563,0.308377,0.465437,-0.666694,-0.249813,0.784947,-0.015471,0.582676,-0.256853,-0.248659,0.299404,0.682842,-0.499628,-0.041484,0.232323,0.344979,0.299554,-0.536571,0.465437,0.650171,0.56496,0.385635,-0.026487,-0.261335,0.203757,-0.141495,-0.662016,-0.261335,0.582676,0.644622,-0.026488,-0.669582,0.054231,0.465437,-0.783377,-0.137287,0.399126,-0.390257,-0.036253,-0.232844,-0.031812,0.308377,-0.166627,#
3,-0.200679,0.031552,-0.09852,1.0,-0.002802,-0.263853,0.390656,0.0,-0.373402,0.411602,-0.240257,0.019691,0.265557,-0.349976,0.0,0.330497,-0.36264,-0.089342,-0.517993,0.263289,0.087244,0.122091,-0.240257,0.146334,-0.800418,-0.344726,-0.103361,-0.316266,0.183093,-0.184743,0.082692,0.263289,0.505079,0.516617,0.107549,-0.563663,-0.026756,0.17692,-0.089054,-0.074114,0.111529,0.228293,0.389725,-0.47541,0.289102,0.024994,-0.61176,-0.136056,0.370341,0.157215,0.127772,0.0,0.181676,0.017273,-0.286799,-0.479449,-0.119637,0.127772,-0.149703,-0.279322,-0.374016,0.085765,0.325342,-0.231227,-0.201597,-0.424289,0.0,-0.382721,-0.221061,0.017273,0.0,-0.01699,0.413814,0.531616,-0.010903,-0.374016,0.237477,0.659234,0.411253,-0.165379,-0.172125,0.169133,0.051803,-0.122732,0.228041,0.068597,0.580633,-0.010903,0.01721,-0.237949,-0.438241,-0.113886,0.498377,-0.113886,0.59915,0.289102,-0.193165,-0.12916,-0.173282,0.516827,0.127772,0.221749,0.59915,0.414635,0.314586,0.139362,-0.031842,-0.010903,-0.611448,-0.378523,-0.386832,0.0,-0.193165,0.289102,-0.14117,0.433653,0.392694,0.290162,-0.57232,0.228041,0.498377,0.516827,0.137204,0.411253,-0.355394,0.660626,-0.277919,-0.229799,-0.219551,0.094264,-0.543025,-0.113886,0.379443,0.59375,0.332646,0.516827,0.263289,-0.173282,-0.291907,0.391133,0.263289,0.346668,0.417487,-0.224979,0.364578,0.369117,0.37483,-0.222638,0.122545,-0.123595,-0.336507,-0.16067,-0.108413,0.0,0.153098,0.639607,-0.274475,-0.194364,0.332646,-0.010903,0.379443,0.393627,0.068906,-0.006112,-0.193165,-0.526635,-0.041322,-0.012356,0.263289,0.41291,0.0,-0.539308,-0.113886,-0.12916,-0.395027,0.416435,-0.40784,-0.290483,-0.23977,0.014746,-0.073062,-0.401356,0.837228,0.405008,-0.509493,0.245518,-0.199291,0.004045,0.015567,-0.565957,-0.438241,-0.054873,-0.685734,0.101176,0.625212,0.008383,-0.04379,0.013741,-0.114847,0.289102,#
4,0.367294,0.605945,-0.018273,-0.002802,1.0,-0.461512,0.594312,0.0,0.181721,0.215873,-0.414522,-0.260524,0.436746,0.227477,0.0,0.221691,-0.240605,0.213596,0.014251,0.348736,0.006274,0.018292,0.005279,-0.040855,-0.22471,-0.224868,0.638811,0.243424,0.372975,-0.021232,-0.453673,0.296294,0.169194,-0.262652,0.36888,-0.422002,0.179061,-0.837609,-0.499505,0.177888,-0.207702,0.393082,0.301806,-0.260011,0.348736,0.418384,-0.007866,0.612371,0.556704,-0.033788,-0.218287,-0.635202,0.345875,-0.535827,-0.375086,-0.284929,0.691482,-0.218287,0.130225,0.314357,-0.446771,0.196608,-0.437026,-0.297558,-0.388336,-0.083278,0.0,0.478694,-0.091445,0.004387,-0.212252,-0.37985,0.02182,0.156124,-0.215796,-0.460841,-0.333003,-0.427639,-0.629612,-0.392135,-0.427639,-0.426975,0.177724,-0.040996,-0.023237,-0.249824,-0.020145,-0.215796,0.144587,-0.380565,-0.215796,-0.49925,0.177724,-0.49925,-0.419344,-0.333003,-0.441034,-0.25278,-0.43568,-0.257449,-0.218287,-0.433111,-0.419344,0.484649,0.20682,0.151823,0.156645,-0.215796,-0.49925,-0.207702,0.238208,0.0,-0.01192,-0.333003,-0.242337,0.011799,-0.215796,-0.305134,-0.406843,-0.023237,0.177724,-0.257449,-0.026618,-0.629612,-0.437026,-0.023237,-0.419344,0.129111,0.346927,-0.653673,0.201853,-0.49925,-0.348896,0.299507,-0.705817,-0.257449,0.296294,-0.000279,0.135167,-0.244853,0.296294,-0.223408,0.100322,-0.297034,-0.21278,-0.252858,-0.040996,0.063832,-0.534936,-0.003693,-0.360849,-0.441034,-0.027532,0.0,0.381701,-0.013766,-0.24111,0.466054,-0.705817,-0.633812,0.285053,-0.49925,0.194546,0.197928,-0.441034,0.207242,0.502636,0.135407,0.296294,-0.585075,-0.236031,0.691091,-0.49925,0.20682,0.192192,-0.215796,-0.333003,0.038948,0.369558,-0.591553,0.191344,-0.228747,0.122012,0.262863,-0.235567,-0.441034,-0.016252,-0.58022,0.258096,-0.021255,-0.215796,0.20099,0.410361,0.037113,-0.059261,-0.27057,0.179632,-0.585075,0.178559,-0.333003,#
5,0.244103,-0.384629,0.373544,-0.263853,-0.461512,1.0,-0.056894,0.0,0.498839,-0.421256,0.189868,0.414343,-0.998273,0.065667,0.0,-0.578415,0.533251,-0.157099,-0.02265,-0.407543,-0.332813,-0.381386,0.189868,-0.56704,0.533899,0.094784,-0.052611,-0.130098,-0.262347,-0.135995,0.020893,0.235946,-0.290571,0.049413,-0.595268,0.241764,-0.332549,0.587407,0.454464,-0.088565,0.129889,-0.506919,-0.239089,-0.339786,-0.407543,-0.222342,0.394137,-0.009633,-0.242933,0.562629,-0.35392,0.370805,-0.113254,0.529734,0.465398,0.721275,-0.155907,-0.35392,-0.371779,0.375717,0.374107,0.068332,0.535714,-0.255528,-0.215335,-0.2654,0.0,0.089994,-0.358393,0.529734,0.385847,-0.020047,-0.078998,-0.359175,-0.049868,0.733829,0.262758,-0.13281,0.387636,0.243897,-0.14801,0.129811,0.103906,0.395085,-0.204511,0.498568,-0.392539,-0.049868,0.366641,-0.260781,0.377575,0.393936,0.085351,0.393936,0.136841,0.316382,0.644124,-0.103834,0.676582,0.052035,-0.35392,-0.136702,0.136841,-0.142414,-0.069691,0.024126,0.39312,-0.049868,0.414609,0.094784,-0.36099,0.0,0.205332,-0.407543,0.375501,-0.611315,-0.018815,-0.200257,0.656017,-0.204511,0.085351,0.052035,0.16085,0.387636,0.535714,-0.204511,0.575484,0.457325,-0.468777,0.068917,0.305668,0.393936,-0.269061,-0.242319,0.375501,0.052035,0.235946,0.231362,-0.049973,-0.022592,0.235946,-0.098782,-0.013017,0.42413,-0.127295,-0.375255,0.374412,0.303782,0.581402,-0.093301,0.068901,0.222209,0.374028,0.0,0.135926,0.257541,0.011777,-0.244402,0.375501,0.377575,-0.269061,0.432985,0.076837,-0.006722,0.644124,-0.054251,-0.1535,-0.113336,0.235946,0.02186,0.424783,-0.078765,0.393936,-0.103834,-0.420189,-0.049868,0.262758,0.27792,0.167017,-0.004054,-0.507281,0.122869,-0.454587,-0.244859,-0.070742,0.205332,0.271697,-0.003288,-0.263051,0.254605,0.377575,-0.491063,-0.254326,0.277914,0.117891,0.316789,-0.086183,-0.008853,-0.132864,0.316382,#
6,0.376715,0.206655,-0.014456,0.390656,0.594312,-0.056894,1.0,0.0,0.188373,0.62806,-0.440081,-0.254704,0.025898,0.234497,0.0,0.201108,0.210966,0.209761,-0.108363,0.354185,0.022136,-0.004744,-0.016902,-0.467641,-0.221331,-0.221486,0.209966,-0.40762,-0.039914,-0.014938,-0.462282,0.301322,0.661014,0.183557,0.381357,-0.418926,-0.24819,-0.414087,-0.49956,-0.262599,-0.204183,-0.046422,0.302043,-0.686833,0.354185,0.278688,-0.003965,0.168515,0.32904,0.374273,-0.471805,-0.221155,0.355005,-0.001086,-0.330829,0.131118,0.658259,-0.471805,-0.315406,0.288079,-0.461004,0.203479,0.253214,-0.328374,-0.802334,-0.589873,0.0,-0.023144,-0.48576,0.543475,0.206036,-0.517017,0.025959,0.162532,-0.225816,-0.106386,0.327753,-0.003184,-0.216933,0.021328,-0.424619,-0.008788,0.184336,-0.037363,-0.033359,0.202346,-0.02482,-0.225816,0.566666,-0.390249,-0.225816,0.01019,0.641621,0.01019,0.002772,-0.33304,-0.022183,-0.260556,-0.432715,0.186197,-0.471805,-0.014769,0.002772,0.492512,0.202742,0.158216,0.585042,-0.225816,-0.499305,-0.221486,-0.230268,0.0,-0.022183,-0.33304,-0.250177,0.015859,-0.225816,-0.31407,0.029659,-0.033359,0.641621,0.186197,0.402105,-0.216933,-0.418031,0.393195,-0.429649,0.152015,0.344366,-0.213216,0.197872,0.01019,-0.355162,0.756821,-0.250177,0.186197,0.301322,-0.432715,-0.40866,0.175224,0.301322,-0.23067,0.539929,-0.222103,-0.220098,-0.258812,0.472132,0.070689,-0.014696,0.00024,-0.538426,-0.438113,-0.023789,0.0,0.817912,0.432332,-0.237903,0.533576,-0.250177,-0.225816,0.283889,0.01019,0.201299,0.621568,-0.022183,-0.242892,0.510625,0.212733,0.301322,-0.181129,0.170308,0.236571,0.01019,0.202742,-0.220287,0.195563,-0.33304,0.029233,-0.049353,-0.601531,-0.254456,-0.225757,0.462751,0.261287,-0.684803,-0.022183,-0.010116,-0.593173,0.000569,-0.43975,-0.225816,-0.235565,-0.017364,0.048348,0.45636,0.118337,-0.253809,-0.181129,0.174106,-0.33304,#
7,0.0,0.0,0.0,0.0,0.0,0.0,0.0,0.0,0.0,0.0,0.0,0.0,0.0,0.0,0.0,0.0,0.0,0.0,0.0,0.0,0.0,0.0,0.0,0.0,0.0,0.0,0.0,0.0,0.0,0.0,0.0,0.0,0.0,0.0,0.0,0.0,0.0,0.0,0.0,0.0,0.0,0.0,0.0,0.0,0.0,0.0,0.0,0.0,0.0,0.0,0.0,0.0,0.0,0.0,0.0,0.0,0.0,0.0,0.0,0.0,0.0,0.0,0.0,0.0,0.0,0.0,0.0,0.0,0.0,0.0,0.0,0.0,0.0,0.0,0.0,0.0,0.0,0.0,0.0,0.0,0.0,0.0,0.0,0.0,0.0,0.0,0.0,0.0,0.0,0.0,0.0,0.0,0.0,0.0,0.0,0.0,0.0,0.0,0.0,0.0,0.0,0.0,0.0,0.0,0.0,0.0,0.0,0.0,0.0,0.0,0.0,0.0,0.0,0.0,0.0,0.0,0.0,0.0,0.0,0.0,0.0,0.0,0.0,0.0,0.0,0.0,0.0,0.0,0.0,0.0,0.0,0.0,0.0,0.0,0.0,0.0,0.0,0.0,0.0,0.0,0.0,0.0,0.0,0.0,0.0,0.0,0.0,0.0,0.0,0.0,0.0,0.0,0.0,0.0,0.0,0.0,0.0,0.0,0.0,0.0,0.0,0.0,0.0,0.0,0.0,0.0,0.0,0.0,0.0,0.0,0.0,0.0,0.0,0.0,0.0,0.0,0.0,0.0,0.0,0.0,0.0,0.0,0.0,0.0,0.0,0.0,0.0,0.0,0.0,0.0,0.0,0.0,0.0,0.0,0.0,0.0,0.0,0.0,0.0,0.0,#
8,0.830834,-0.229138,0.755578,-0.373402,0.181721,0.498839,0.188373,0.0,1.0,-0.222548,-0.364475,0.17509,-0.534383,0.523713,0.0,-0.564242,0.036146,0.38702,0.274123,-0.218161,-0.73189,-0.773848,-0.364475,-0.786132,0.517617,0.05404,0.456163,0.283083,0.043115,-0.078547,-0.248449,0.489388,-0.419112,0.011277,-0.306055,0.350479,-0.193538,0.064949,-0.327241,-0.098131,-0.42846,-0.524559,-0.541335,-0.178716,-0.218161,-0.413316,0.778304,0.485464,-0.098519,0.498839,-0.75619,0.178717,-0.067135,0.26597,0.236351,0.341239,0.419945,-0.75619,-0.453988,0.142297,-0.094926,0.514297,0.272753,-0.532284,-0.36737,-0.178669,0.0,0.265883,-0.285464,0.26597,0.194452,-0.227765,-0.327163,0.053236,0.182575,0.300606,-0.218161,-0.533357,0.192187,-0.102066,-0.089415,0.04962,0.034683,0.188163,-0.119348,0.49879,-0.790247,0.182575,0.150077,-0.371125,0.182575,0.209631,0.034683,0.209631,0.057712,-0.218161,0.324742,-0.077071,0.33724,0.017252,-0.75619,-0.533296,0.057712,0.188163,-0.546341,0.476352,0.653579,0.182575,0.209631,-0.42846,0.053951,0.0,0.324742,-0.218161,-0.069482,-0.327241,-0.244237,-0.233537,0.380424,-0.119348,0.034683,0.017252,0.065882,0.192187,0.272753,-0.119348,0.057712,0.111487,-0.045773,0.035814,0.38151,0.209631,-0.55144,0.071964,-0.069482,0.017252,0.489388,0.33724,0.341044,0.201805,0.489388,-0.554616,0.188208,0.183844,-0.084682,-0.542827,0.188163,0.431063,0.279922,0.242143,0.10683,0.324742,0.756193,0.0,0.520371,-0.087635,0.46082,0.088835,-0.069482,0.182575,-0.55144,-0.327075,0.535847,0.219255,0.324742,-0.063379,0.174381,0.372658,0.489388,-0.654153,0.191074,0.397417,0.209631,-0.077071,-0.250449,0.182575,0.518869,0.442197,0.504905,-0.424997,-0.071876,0.555386,-0.449585,-0.54384,-0.071876,0.324742,0.843991,-0.227164,-0.586412,0.32092,0.182575,-0.543563,0.079595,0.20158,-0.258975,0.160941,-0.089019,-0.232023,0.403751,-0.218161,#
9,-0.027446,0.187921,-0.499697,0.411602,0.215873,-0.421256,0.62806,0.0,-0.222548,1.0,-0.036376,-0.22137,0.411287,0.220729,0.0,0.24013,0.21522,0.248422,0.009688,0.343624,0.497546,0.472774,-0.020346,-0.066457,-0.228203,0.197688,-0.222518,-0.420292,-0.012525,0.374358,-0.409464,-0.333211,0.66014,0.236517,0.780184,-0.019124,-0.259782,-0.394445,-0.499817,-0.233493,-0.211321,-0.058239,0.301793,-0.282193,0.343624,0.274044,-0.011714,-0.276101,0.223812,0.003392,0.001951,-0.172209,-0.048662,0.138131,-0.320213,-0.072359,0.234672,0.001951,0.100654,-0.321216,-0.447049,-0.221238,0.256913,0.309515,-0.411034,-0.117375,0.0,-0.491587,-0.005268,0.158759,-0.171078,-0.484581,0.017759,0.193415,-0.184803,-0.097792,0.343624,0.415801,-0.175443,0.024416,-0.015865,0.026325,-0.236995,-0.499562,0.008258,-0.194177,0.011111,-0.184803,0.190011,0.014652,-0.583851,0.022302,0.231391,0.022302,0.03822,-0.333211,-0.389615,-0.221907,-0.81577,0.231011,0.001951,0.398178,0.03822,0.022302,-0.204357,0.188414,0.20277,-0.184803,-0.499562,-0.211321,-0.236995,0.0,-0.389615,0.317592,-0.653645,0.495912,-0.184803,-0.08445,0.033573,0.008258,0.231391,0.231011,0.019086,-0.175443,-0.404185,0.428363,-0.797166,-0.481964,0.560579,0.231011,-0.206698,0.022302,-0.307439,0.784949,-0.211196,0.231011,-0.333211,-0.81577,-0.370136,0.211369,-0.333211,-0.193355,0.572889,-0.211224,-0.182483,-0.199684,0.022302,0.057125,0.021154,-0.007569,-0.499093,-0.406001,-0.499817,0.0,0.425016,0.037729,0.240994,0.523187,-0.211196,-0.184803,0.321951,0.022302,-0.228914,0.612897,-0.389615,-0.235928,0.495136,0.249435,-0.333211,0.216455,0.1924,-0.218701,0.022302,-0.204357,0.191409,0.230206,-0.333211,-0.346541,-0.434806,-0.345971,0.187142,0.17314,0.501331,0.302544,-0.236699,0.020027,-0.060209,-0.184803,0.035324,-0.421043,-0.583851,0.196884,-0.010636,-0.38207,0.488683,0.230882,-0.230109,0.216455,0.206673,-0.333211,#
10,-0.591454,0.009104,-0.611685,-0.240257,-0.414522,0.189868,-0.440081,0.0,-0.364475,-0.036376,1.0,0.4446,-0.161148,-0.375964,0.0,-0.081744,0.507877,-0.073841,0.143796,-0.407888,0.649359,0.608251,0.578685,0.283142,0.094684,0.525437,-0.480558,-0.091575,0.199947,0.269638,0.109745,-0.407888,-0.300354,0.099675,0.2419,0.250173,-0.316226,0.193249,0.434203,0.395841,0.111978,-0.069464,0.416555,0.090428,-0.407888,0.466065,-0.118419,-0.432838,0.205125,-0.2394,0.384859,0.023049,-0.09614,0.162572,0.437891,0.266305,-0.548984,0.384859,0.513126,-0.239691,0.547239,-0.797446,-0.106926,0.418329,0.209983,0.252117,0.0,-0.36214,0.049333,-0.379591,-0.402367,0.054652,-0.089373,-0.305106,0.019721,0.533116,0.249996,0.286712,0.025841,-0.165605,-0.124475,-0.234216,-0.326277,-0.083978,0.25907,-0.353638,0.160621,0.019721,-0.036551,0.176564,0.019721,-0.104268,-0.344488,-0.104268,-0.230437,0.302626,-0.153677,-0.036467,-0.133052,0.094053,0.384859,0.27661,-0.230437,-0.61152,-0.045337,0.070008,-0.410416,0.019721,-0.083978,0.525437,-0.326277,0.0,-0.153677,0.276311,-0.030315,-0.098682,0.431178,0.062041,0.217146,0.25907,-0.344488,0.094053,-0.643725,0.025841,0.561363,-0.165605,0.20008,-0.18659,-0.008882,0.094053,-0.093507,-0.104268,-0.180392,-0.207387,-0.030315,0.094053,-0.407888,-0.133052,-0.09261,-0.380241,-0.407888,0.379842,0.020976,0.502125,-0.060216,-0.258572,-0.104268,-0.071681,0.112551,-0.611481,0.137243,-0.137113,-0.611831,0.0,-0.675938,-0.163454,0.124862,-0.231655,-0.030315,0.019721,0.455845,0.413128,-0.800618,-0.41964,-0.153677,-0.016085,-0.162438,-0.040032,-0.407888,0.412706,0.044384,-0.382916,-0.104268,-0.497725,0.453968,-0.399803,-0.407888,-0.0871,-0.193549,0.277997,-0.004394,0.090914,-0.223082,0.488155,0.424057,-0.153677,-0.186643,0.431178,0.566799,0.297632,0.019721,0.431939,-0.209242,-0.602261,0.171441,0.421716,0.412251,0.005763,-0.064108,0.302626,#
11,-0.027413,-0.185893,-0.022019,0.019691,-0.260524,0.414343,-0.254704,0.0,0.17509,-0.22137,0.4446,1.0,-0.401233,-0.233627,0.0,-0.241433,0.198578,-0.251334,-0.021042,-0.332806,0.050549,0.042448,0.028326,0.103852,0.231327,0.657022,-0.187846,0.457403,0.393127,0.438112,-0.059281,0.291205,-0.639357,0.187795,-0.352792,0.419081,-0.534917,0.416877,0.534309,0.646114,0.248511,-0.341533,0.353362,-0.129339,-0.332806,0.245737,-0.0117,-0.148199,0.454303,-0.009788,0.0507,0.188181,-0.396338,0.421825,0.334713,0.25133,-0.678198,0.0507,0.360525,-0.342078,-0.076744,-0.236713,0.441482,-0.26509,0.051531,0.13983,0.0,-0.01366,0.055861,-0.11385,-0.218264,-0.15834,0.016973,0.257297,-0.221777,0.272089,-0.332806,0.04035,0.198343,-0.395207,0.048641,-0.011526,0.223112,0.476679,-0.029407,-0.252829,0.012208,-0.221777,0.135608,-0.386915,-0.221777,-0.498954,-0.244704,-0.498954,-0.00818,0.369206,-0.018184,-0.211899,0.416798,0.190285,0.0507,0.036319,-0.00818,-0.044549,-0.220663,0.621519,-0.233681,-0.221777,0.022275,-0.211064,-0.652543,0.0,-0.443693,0.343206,-0.209957,0.0078,0.184755,-0.322677,-0.040352,-0.029407,-0.244704,0.190285,-0.417172,0.198343,0.441482,-0.029407,-0.00818,-0.320577,-0.361563,-0.202611,-0.264491,-0.498954,-0.305585,0.00915,0.24963,0.190285,0.291205,-0.014945,0.562706,-0.203507,0.291205,0.207133,0.189726,0.358706,-0.231599,-0.406986,-0.044549,0.097667,0.484848,-0.498922,0.07207,0.407325,-0.031201,0.0,-0.449306,-0.030569,0.260095,-0.730285,0.24963,0.192727,0.323038,0.012251,-0.236801,-0.611788,-0.018184,-0.187417,-0.055732,-0.179096,0.291205,0.224075,-0.174427,-0.105648,-0.498954,-0.667637,0.209117,-0.221777,-0.332806,-0.377604,0.002244,-0.099821,-0.171284,0.190315,-0.132966,0.346382,0.252041,-0.018184,0.371415,-0.176607,0.256488,0.015055,-0.221777,0.26042,-0.414725,0.103045,0.522582,0.586454,0.650232,-0.177999,-0.243345,0.369206,#
12,-0.277903,0.408007,-0.40815,0.265557,0.436746,-0.998273,0.025898,0.0,-0.534383,0.411287,-0.161148,-0.401233,1.0,-0.077346,0.0,0.563622,-0.534174,0.117751,-0.004019,0.408248,0.366326,0.417549,-0.161148,0.607779,-0.534146,-0.089087,0.047561,0.139123,0.265786,0.142183,-0.019637,-0.272166,0.284498,-0.077739,0.584669,-0.241753,0.356097,-0.582945,-0.408248,0.103732,-0.089087,0.537044,0.251312,0.346008,0.408248,0.230877,-0.408248,0.003648,0.246808,-0.57138,0.408247,-0.392083,0.084324,-0.531176,-0.465538,-0.733931,0.115667,0.408247,0.408232,-0.370791,-0.365147,-0.096735,-0.53699,0.294753,0.249846,0.30163,0.0,-0.079436,0.396842,-0.531176,-0.407987,0.026088,0.112041,0.335582,0.018542,-0.730296,-0.272166,0.154293,-0.393859,-0.24401,0.154293,-0.150809,-0.1151,-0.40804,0.178315,-0.53424,0.406592,0.018542,-0.387483,0.26154,-0.398661,-0.40804,-0.1151,-0.40804,-0.142712,-0.272166,-0.666214,0.081548,-0.666317,-0.080642,0.408247,0.142567,-0.142712,0.116583,0.081548,-0.05324,-0.431666,0.018542,-0.40804,-0.089087,0.355763,0.0,-0.237933,0.408248,-0.370064,0.612372,0.018542,0.205331,-0.664328,0.178315,-0.1151,-0.080642,-0.182271,-0.393859,-0.53699,0.178315,-0.570846,-0.455648,0.436349,-0.080642,-0.334178,-0.40804,0.278693,0.208885,-0.370064,-0.080642,-0.272166,-0.231762,0.05886,-0.009476,-0.272166,0.110521,-0.019722,-0.42594,0.121519,0.377605,-0.40804,-0.290323,-0.582025,0.086548,-0.088407,-0.237933,-0.408248,0.0,-0.174408,-0.261627,-0.022557,0.228847,-0.370064,-0.398661,0.278693,-0.40804,-0.106843,-0.009476,-0.666214,0.086045,0.147693,0.071765,-0.272166,0.00917,-0.412623,0.056042,-0.40804,0.081548,0.42778,0.018542,-0.272166,-0.313092,-0.170818,0.022864,0.528341,-0.133458,0.438874,0.256155,0.102259,-0.237933,-0.305685,0.018542,0.27845,-0.236384,-0.398661,0.528512,0.2562,-0.266697,-0.109611,-0.336721,0.099413,0.00917,0.092516,-0.272166,#
13,0.794939,0.207221,0.200386,-0.349976,0.227477,0.065667,0.234497,0.0,0.523713,0.220729,-0.375964,-0.233627,-0.077346,1.0,0.0,-0.502284,0.023927,-0.075226,-0.173646,0.528186,-0.23354,-0.226181,-0.375964,-0.464168,0.492735,0.041343,0.417936,0.04831,0.089295,0.334826,-0.772965,-0.218164,-0.060662,-0.428074,-0.001721,0.327202,0.116977,-0.379446,-0.327246,-0.048869,-0.428466,-0.192961,-0.494207,0.128488,-0.218164,-0.43618,0.749221,0.325391,-0.225309,0.533929,-0.210988,-0.240182,-0.196257,0.390568,-0.487382,0.09221,0.419951,-0.210988,-0.218154,0.198892,-0.500667,0.52707,0.039478,0.180755,-0.378789,0.141319,0.0,0.308321,0.265997,0.390568,-0.240974,-0.075392,0.243434,-0.009591,-0.2384,-0.115538,-0.218164,-0.110253,-0.233619,-0.113437,0.322012,-0.378367,0.031343,-0.327079,-0.534126,0.032291,-0.793967,-0.2384,-0.277706,-0.382447,-0.2384,0.19551,0.031343,0.19551,-0.374294,-0.218164,-0.107408,-0.092676,-0.101241,-0.428248,-0.210988,-0.116284,-0.374294,-0.327079,-0.549603,-0.005615,0.627282,-0.2384,0.19551,-0.428466,0.500379,0.0,-0.107408,-0.218164,-0.085218,-0.327246,-0.653985,-0.486191,0.356405,-0.534126,0.031343,-0.428248,0.051198,-0.233619,0.039478,-0.534126,-0.374294,-0.117601,0.073636,0.023602,-0.090573,0.19551,-0.575148,0.001934,-0.085218,-0.428248,-0.218164,-0.101241,0.192788,0.187301,-0.218164,-0.998671,0.120438,-0.53495,-0.544503,-0.496034,-0.327079,0.804017,-0.262737,0.769656,-0.339205,-0.107408,0.210988,0.0,0.493808,-0.090849,0.437517,0.42481,-0.085218,-0.2384,-0.575148,-0.327079,0.519499,0.612078,-0.107408,0.382374,0.161227,0.285766,-0.218164,-0.654162,0.167552,0.237222,0.19551,-0.092676,0.166829,-0.2384,0.499481,-0.03198,0.036483,-0.706338,0.369583,0.527726,-0.456275,-0.570323,0.369583,-0.107408,0.347249,-0.2384,-0.572843,0.296966,-0.2384,-0.098577,0.503182,0.177525,-0.279638,-0.233286,-0.561076,-0.243135,0.375568,-0.218164,#
14,0.0,0.0,0.0,0.0,0.0,0.0,0.0,0.0,0.0,0.0,0.0,0.0,0.0,0.0,0.0,0.0,0.0,0.0,0.0,0.0,0.0,0.0,0.0,0.0,0.0,0.0,0.0,0.0,0.0,0.0,0.0,0.0,0.0,0.0,0.0,0.0,0.0,0.0,0.0,0.0,0.0,0.0,0.0,0.0,0.0,0.0,0.0,0.0,0.0,0.0,0.0,0.0,0.0,0.0,0.0,0.0,0.0,0.0,0.0,0.0,0.0,0.0,0.0,0.0,0.0,0.0,0.0,0.0,0.0,0.0,0.0,0.0,0.0,0.0,0.0,0.0,0.0,0.0,0.0,0.0,0.0,0.0,0.0,0.0,0.0,0.0,0.0,0.0,0.0,0.0,0.0,0.0,0.0,0.0,0.0,0.0,0.0,0.0,0.0,0.0,0.0,0.0,0.0,0.0,0.0,0.0,0.0,0.0,0.0,0.0,0.0,0.0,0.0,0.0,0.0,0.0,0.0,0.0,0.0,0.0,0.0,0.0,0.0,0.0,0.0,0.0,0.0,0.0,0.0,0.0,0.0,0.0,0.0,0.0,0.0,0.0,0.0,0.0,0.0,0.0,0.0,0.0,0.0,0.0,0.0,0.0,0.0,0.0,0.0,0.0,0.0,0.0,0.0,0.0,0.0,0.0,0.0,0.0,0.0,0.0,0.0,0.0,0.0,0.0,0.0,0.0,0.0,0.0,0.0,0.0,0.0,0.0,0.0,0.0,0.0,0.0,0.0,0.0,0.0,0.0,0.0,0.0,0.0,0.0,0.0,0.0,0.0,0.0,0.0,0.0,0.0,0.0,0.0,0.0,0.0,0.0,0.0,0.0,0.0,0.0,#
15,-0.401834,-0.195893,-0.241319,0.330497,0.221691,-0.578415,0.201108,0.0,-0.564242,0.24013,-0.081744,-0.241433,0.563622,-0.502284,0.0,1.0,-0.032971,0.04881,0.160093,0.230098,0.227711,0.246441,-0.081744,0.360579,-0.496186,-0.031615,-0.479186,-0.270647,-0.103252,0.106782,0.317693,0.173284,0.421177,0.397162,0.329532,-0.323116,-0.241336,-0.093875,-0.208792,0.041864,-0.031615,0.07068,0.505126,0.212896,0.230098,0.417536,-0.762732,-0.492986,0.083749,-0.578415,-0.014916,0.213457,0.49676,-0.29438,-0.274535,-0.116084,0.037851,-0.014916,0.012309,-0.234418,-0.102901,-0.082568,-0.288786,-0.162394,-0.059109,-0.336614,0.0,-0.32294,-0.240406,-0.29438,0.212917,0.197139,-0.197883,0.410032,0.211727,-0.499269,0.201691,0.099544,-0.226392,0.112747,0.117661,0.35869,0.414028,0.303599,0.512406,-0.078065,0.776006,0.211727,0.251143,0.396504,0.211727,-0.21477,0.394369,-0.21477,-0.084904,-0.508488,0.072516,0.525799,-0.361944,0.396964,-0.014916,0.544619,-0.084904,0.303599,0.525799,-0.021116,-0.247802,0.211727,-0.192867,0.433306,-0.031563,0.0,0.072516,0.230098,0.047316,0.345147,0.211727,0.012323,-0.371842,0.512406,0.394369,0.396964,0.348849,-0.226392,-0.288786,0.512406,-0.084904,-0.130924,0.550359,-0.0323,0.063735,-0.21477,0.5425,0.365533,0.047316,0.396964,0.173284,-0.361944,-0.328731,0.200387,0.173284,0.535249,0.228696,-0.197322,0.063735,0.645823,0.281696,-0.826496,-0.296453,-0.225449,0.32286,0.090396,-0.251403,0.0,-0.102851,0.097256,-0.43944,-0.066003,0.047316,0.211727,0.5425,-0.21477,-0.079177,-0.203156,0.072516,-0.411325,-0.157622,0.107286,0.173284,0.249697,-0.648702,0.099829,-0.21477,0.525799,0.258531,0.211727,-0.508488,-0.036004,-0.544789,0.187694,-0.397758,-0.564658,0.757782,0.489356,-0.397758,0.072516,-0.411584,-0.183084,0.550057,-0.776361,0.211727,0.084197,-0.064974,-0.243105,0.207412,0.209443,0.056031,0.249697,0.047316,-0.508488,#
16,-0.101203,-0.250235,-0.327035,-0.36264,-0.240605,0.533251,0.210966,0.0,0.036146,0.21522,0.507877,0.198578,-0.534174,0.023927,0.0,-0.032971,1.0,-0.026957,0.308704,-0.218076,0.369621,0.292482,0.507877,-0.32466,0.523777,0.505843,-0.506977,-0.430545,-0.383091,0.364855,-0.157346,-0.218076,0.134781,0.077636,0.159789,0.339843,-0.642677,0.123898,0.218075,-0.072513,0.047588,-0.524354,0.235612,-0.184828,-0.218075,0.396389,0.197883,-0.48845,-0.133397,0.077181,-0.218075,0.251328,-0.017587,0.433077,0.289223,0.89826,-0.054046,-0.218075,0.006281,0.198067,0.307027,-0.436353,0.329447,0.179942,-0.355897,-0.191353,0.0,-0.242417,-0.292899,0.433077,0.25216,-0.274581,-0.327035,-0.425017,-0.191494,0.682683,0.535766,-0.05237,-0.186178,0.385183,-0.069541,0.122516,0.075457,0.233533,-0.066008,0.08415,-0.165479,-0.191494,0.638899,0.113928,0.254224,0.254292,0.094088,0.254292,-0.326107,-0.218075,0.39824,0.001815,-0.069638,0.074487,-0.218075,0.3977,-0.326107,-0.326946,0.001815,-0.0158,0.244344,-0.191494,0.233533,0.541093,-0.427588,0.0,-0.059312,-0.218075,0.010067,-0.327113,-0.191494,-0.434159,0.792809,-0.066008,0.094088,0.074487,0.140068,-0.186178,0.329447,-0.066008,0.13129,0.180292,0.31896,0.074487,0.436456,0.254292,-0.431449,0.109162,0.010067,0.074487,-0.218076,-0.533893,-0.374438,-0.180543,-0.218075,-0.014312,0.22416,0.358792,-0.493154,-0.422756,0.254292,0.009949,0.343144,-0.326926,-0.007677,-0.076259,-0.327113,0.0,0.107062,-0.030459,0.010376,0.175281,0.010067,0.254224,0.245514,0.254292,-0.428047,0.233787,0.39824,-0.062986,0.149387,-0.00557,-0.218075,0.244089,0.235209,0.040654,0.254292,0.001815,0.20188,-0.191494,-0.218075,0.047163,-0.36657,-0.098726,-0.526687,0.06949,-0.181098,0.217916,-0.071484,-0.059312,-0.080301,-0.191494,0.281824,-0.099769,0.254224,-0.061086,0.079913,-0.274959,0.335363,0.615484,-0.069494,0.244089,-0.034675,-0.218075,#
17,0.079254,-0.206533,0.267763,-0.089342,0.213596,-0.157099,0.209761,0.0,0.38702,0.248422,-0.073841,-0.251334,0.117751,-0.075226,0.0,0.04881,-0.026957,1.0,0.722927,-0.508186,-0.22266,-0.296989,-0.073841,-0.419641,-0.080175,-0.026975,0.051089,-0.067508,-0.111228,-0.327125,0.296108,0.178552,0.092351,0.424034,0.524917,0.075838,-0.136784,-0.116328,-0.762279,-0.454383,-0.512516,-0.25271,-0.251577,-0.131045,0.233491,-0.027281,0.309032,0.138087,-0.0265,-0.157099,-0.566556,0.191848,0.199649,-0.297885,0.49489,0.000407,0.516066,-0.566556,-0.224323,-0.295113,0.298518,-0.112822,-0.057954,-0.224182,-0.100221,-0.191072,0.0,-0.391654,-0.422601,-0.297885,0.190736,-0.332641,-0.762096,0.004917,0.636301,0.298518,0.233491,-0.296367,0.201126,0.079093,-0.355738,0.330108,-0.547581,-0.261808,0.539445,0.387814,-0.25912,0.636301,0.201265,0.367202,0.181533,0.310051,-0.034323,0.310051,0.350973,-0.508186,0.039384,0.05247,-0.415689,0.423743,-0.566556,-0.309847,0.350973,0.310051,-0.384779,0.420204,0.215419,0.636301,-0.261808,-0.026975,-0.034323,0.0,0.506226,0.233491,-0.432123,0.350236,0.238613,0.483386,0.130598,0.539445,-0.034323,0.423743,-0.09876,0.201126,-0.057954,0.539445,-0.115711,-0.132014,0.565573,0.423743,0.502349,0.310051,-0.172677,0.424224,-0.432123,0.423743,0.178552,0.057992,-0.186322,0.220935,0.178552,0.076056,0.283649,0.524148,0.529945,-0.112246,0.310051,-0.288312,0.207952,-0.231485,0.285038,0.039384,0.267828,0.0,0.367217,-0.314839,0.422887,0.442622,-0.432123,0.181533,-0.119546,-0.190031,-0.080877,0.253454,0.039384,-0.405855,0.348441,0.561071,0.178552,-0.174451,0.212915,0.107092,0.310051,0.05247,-0.157959,0.636301,0.178552,0.585436,0.33242,0.154037,0.072247,0.425526,0.112637,-0.130936,-0.392198,0.506226,0.515925,0.238613,-0.202643,0.081648,0.181533,-0.357675,-0.059969,-0.559288,-0.279178,0.23524,0.070236,0.218874,0.548324,-0.508186,#
18,-0.110975,-0.39435,0.130472,-0.517993,0.014251,-0.02265,-0.108363,0.0,0.274123,0.009688,0.143796,-0.021042,-0.004019,-0.173646,0.0,0.160093,0.308704,0.722927,1.0,-0.649813,-0.085401,-0.160169,0.143796,-0.155405,0.400165,0.421105,-0.261686,0.168277,-0.403511,0.03164,0.418653,0.006564,-0.139449,0.166941,0.304797,0.498255,-0.309999,-0.01928,-0.334752,-0.296034,-0.158989,-0.42595,-0.200873,0.234145,0.203477,0.167584,0.305215,-0.158027,-0.242142,-0.558005,-0.415973,0.375206,-0.10202,-0.232318,0.638492,0.392125,0.169503,-0.415973,0.072203,-0.249107,0.422702,-0.328167,-0.023593,-0.048998,0.205639,0.123856,0.0,-0.215522,-0.14434,-0.232318,0.370747,-0.331986,-0.974485,-0.211727,0.396428,0.422702,0.039383,-0.604902,-0.126196,0.377077,-0.006047,0.509412,-0.25462,0.161667,0.301254,0.140487,-0.229733,0.396428,0.405931,0.646969,0.396428,0.154638,-0.368177,0.154638,0.0,-0.649813,0.258219,0.183638,-0.155105,0.166039,-0.415973,-0.082518,0.0,0.161667,-0.338759,0.286326,-0.093694,0.396428,0.281161,0.31368,-0.12466,0.0,0.278876,0.203477,-0.370378,0.305215,-0.078704,0.158462,0.389059,0.301254,-0.368177,0.166039,0.022905,-0.126196,0.008463,0.280884,0.020651,-0.065933,0.673494,0.269358,0.718745,0.154638,-0.141145,0.074213,-0.392689,0.166039,0.006564,-0.134145,0.062458,-0.104898,0.006564,0.185125,-0.038764,0.638467,0.158256,-0.090817,0.035145,-0.446856,0.328456,-0.340524,0.542266,0.361506,0.132916,0.0,0.035753,-0.714442,0.397663,0.231576,-0.392689,0.376305,-0.077667,-0.442828,-0.289881,0.031081,0.258219,-0.148026,0.325912,0.197305,0.006564,0.021893,0.001244,0.39105,0.154638,0.183638,0.16708,0.376305,0.170658,0.359259,0.128995,0.330296,-0.138106,0.41871,-0.151203,-0.136705,-0.138106,0.258219,0.395093,0.016322,0.051602,0.005068,0.396428,-0.122094,0.275808,-0.415929,-0.285806,0.423034,0.278645,0.491813,0.198576,-0.649813,#
19,0.361468,0.333136,-0.166627,0.263289,0.348736,-0.407543,0.354185,0.0,-0.218161,0.343624,-0.407888,-0.332806,0.408248,0.528186,0.0,0.230098,-0.218076,-0.508186,-0.649813,1.0,0.099701,0.170464,-0.407888,0.078949,-0.218064,-0.218218,0.158109,-0.205342,0.280529,0.361468,-0.657386,-0.111111,0.320185,-0.218018,0.072162,-0.272078,0.152433,-0.407976,-0.166667,0.225859,-0.218218,0.226507,0.134005,0.14825,-0.111111,-0.101152,-0.166667,0.008937,0.068602,0.28957,0.166667,-0.33294,0.220895,0.198917,-0.995723,-0.299626,0.213881,0.166667,-0.111106,0.12975,-0.745356,0.509007,-0.208373,0.120332,-0.407997,-0.119899,0.0,0.178364,0.211605,0.198917,-0.33312,0.276909,0.682843,0.402163,-0.333075,-0.745356,-0.111111,0.358254,-0.333069,-0.272031,0.358254,-0.407885,0.465621,-0.166582,-0.272031,-0.218103,0.094852,-0.333075,-0.331812,-0.408026,-0.333075,-0.166582,0.465621,-0.166582,-0.407832,-0.111111,-0.271981,0.158136,-0.272023,-0.218107,0.166667,0.349215,-0.407832,-0.166582,0.158136,-0.21735,0.293711,-0.333075,-0.166582,-0.218218,0.465621,0.0,-0.271981,-0.111111,0.163668,-0.166667,-0.333075,-0.481999,-0.271211,-0.272031,0.465621,-0.218107,0.21932,-0.333069,-0.208373,-0.272031,-0.407832,-0.175075,0.037504,-0.218107,-0.508503,-0.166582,0.018963,0.178873,0.163668,-0.218107,-0.111111,-0.272023,-0.074273,0.28628,-0.111111,-0.508624,0.233492,-0.976458,-0.508503,0.122481,-0.166582,0.325941,-0.66531,0.641046,-0.397014,-0.271981,-0.166667,0.0,0.225473,0.386155,-0.216406,0.141093,0.163668,-0.333075,0.018963,-0.166582,0.479805,0.28628,-0.271981,0.16393,-0.165812,0.130714,-0.111111,-0.333165,-0.357962,0.030505,-0.166582,0.158136,0.281129,-0.333075,-0.111111,-0.340852,-0.44021,-0.62073,0.157712,-0.252608,0.255956,0.02024,0.157712,-0.271981,-0.309678,-0.333075,-0.035898,-0.300233,-0.333075,0.158984,0.22699,0.217758,0.100026,-0.330777,-0.523096,-0.333165,0.163668,-0.111111,#
20,-0.65659,0.477517,-0.996774,0.087244,0.006274,-0.332813,0.022136,0.0,-0.73189,0.497546,0.649359,0.050549,0.366326,-0.23354,0.0,0.227711,0.369621,-0.22266,-0.085401,0.099701,1.0,0.993754,0.649359,0.570107,-0.174767,0.348106,-0.336014,-0.193403,0.113196,0.389061,-0.189913,-0.664676,0.311718,-0.167565,0.612653,-0.071806,-0.045593,-0.365269,0.249253,0.230532,0.326349,0.370015,0.67387,-0.061912,0.166169,0.717866,-0.348955,-0.354621,0.377039,-0.374515,0.660519,-0.438934,-0.144154,-0.124846,-0.079091,-0.052196,-0.299093,0.660519,0.720033,-0.099609,0.053503,-0.804979,-0.151917,0.685132,0.121251,0.342147,0.0,-0.220187,0.319427,-0.124846,-0.457536,-0.261217,0.198378,-0.274945,-0.443781,0.071339,0.199403,0.389762,-0.454599,-0.059592,-0.131883,-0.347586,-0.258095,-0.355895,-0.059592,-0.717589,0.370236,-0.443781,0.043853,0.145994,-0.443781,-0.33027,-0.235096,-0.33027,-0.356659,0.166169,-0.560156,-0.316157,-0.595484,-0.174785,0.660519,0.389953,-0.356659,-0.355895,0.212846,-0.208033,-0.494304,-0.443781,-0.355895,0.348106,-0.258095,0.0,-0.560156,0.166169,-0.325103,0.249253,0.037359,-0.071457,-0.066591,-0.059592,-0.235096,-0.174785,-0.402968,-0.454599,-0.151917,-0.059592,-0.356659,-0.216009,0.235562,-0.174785,-0.24731,-0.33027,-0.149358,0.080875,-0.325103,-0.174785,-0.664676,-0.595484,-0.232607,-0.502194,-0.664676,0.261323,-0.012041,0.032009,-0.268331,-0.151591,-0.33027,-0.054443,-0.163462,-0.44085,-0.412622,-0.581075,-0.997014,0.0,-0.392807,-0.133931,-0.137719,0.199602,-0.325103,-0.443781,0.686289,0.274751,-0.82454,0.009257,-0.560156,0.226948,0.270519,-0.289858,-0.664676,0.518409,0.073058,-0.235406,-0.33027,-0.316157,0.518535,-0.443781,-0.664676,-0.532556,-0.362414,0.046067,0.231699,-0.189631,0.134741,0.682079,0.231699,-0.560156,-0.619349,0.037359,0.683602,-0.042335,-0.443781,0.763563,0.109162,-0.431319,0.406259,0.083518,0.265712,0.042548,-0.303764,0.166169,#
21,-0.655369,0.512573,-0.998421,0.122091,0.018292,-0.381386,-0.004744,0.0,-0.773848,0.472774,0.608251,0.042448,0.417549,-0.226181,0.0,0.246441,0.292482,-0.296989,-0.160169,0.170464,0.993754,1.0,0.608251,0.634662,-0.212512,0.313729,-0.307603,-0.157958,0.148772,0.39707,-0.203751,-0.665774,0.303855,-0.206343,0.571382,-0.103775,0.01291,-0.377906,0.279818,0.271322,0.35584,0.430888,0.679311,-0.02421,0.170464,0.694205,-0.395605,-0.336211,0.386238,-0.381386,0.72125,-0.472979,-0.152049,-0.139985,-0.155118,-0.125523,-0.328132,0.72125,0.738645,-0.097652,-0.004319,-0.758889,-0.182962,0.692416,0.154289,0.371551,0.0,-0.174135,0.37881,-0.139985,-0.491779,-0.211078,0.279278,-0.23321,-0.477251,-0.021575,0.138301,0.415608,-0.469762,-0.092829,-0.086951,-0.378936,-0.212312,-0.353383,-0.092829,-0.760516,0.410474,-0.477251,-0.021444,0.11822,-0.477251,-0.378182,-0.23457,-0.378182,-0.36934,0.202627,-0.597219,-0.307657,-0.572075,-0.213348,0.72125,0.396483,-0.36934,-0.353383,0.245258,-0.241596,-0.53109,-0.477251,-0.353383,0.313729,-0.212312,0.0,-0.597219,0.170464,-0.296042,0.255696,0.025637,-0.081894,-0.142835,-0.092829,-0.23457,-0.213348,-0.397693,-0.469762,-0.182962,-0.092829,-0.36934,-0.228053,0.186721,-0.213348,-0.31964,-0.378182,-0.096791,0.047082,-0.296042,-0.213348,-0.665774,-0.572075,-0.192105,-0.499676,-0.665774,0.254328,-0.047079,-0.050722,-0.278952,-0.099883,-0.378182,-0.043009,-0.220098,-0.390264,-0.429857,-0.576974,-0.998661,0.0,-0.427212,-0.113206,-0.173133,0.158841,-0.296042,-0.477251,0.680827,0.254188,-0.781559,-0.023741,-0.597219,0.262343,0.232568,-0.327098,-0.665774,0.51005,0.022552,-0.238418,-0.378182,-0.307657,0.5292,-0.477251,-0.665774,-0.585761,-0.37433,0.037692,0.266932,-0.231839,0.151145,0.677874,0.266932,-0.597219,-0.659467,0.025637,0.683745,-0.055869,-0.477251,0.801417,0.11943,-0.371898,0.399722,0.017533,0.259501,0.012678,-0.337344,0.202627,#
