0,1.0,0.396972,-0.402373,-0.100575,-0.399418,0.093307,0.264611,-0.625633,0.396972,0.528269,0.386368,0.784434,0.396972,0.715271,0.01808,-0.408015,-0.061236,-0.475884,0.181772,-0.480015,-0.253918,0.162484,-0.100164,0.665361,2.3e-05,0.268625,-0.096449,0.091571,0.264963,-0.066972,-0.214882,0.210408,-0.093395,0.140362,0.175848,-0.083235,0.333794,-0.008273,0.285254,-0.407917,0.228569,-0.243242,0.540949,0.217236,0.0,-0.089036,-0.015439,0.510009,-0.426027,-0.364019,-0.171306,-0.619778,-0.013372,-0.140599,-0.464543,-0.226462,0.055813,0.41952,0.330867,-0.657411,0.083145,-0.095544,-0.774847,0.231205,-0.590271,0.127308,0.630661,-0.630121,-0.474805,-0.430205,0.333794,-0.271648,-0.408015,-0.533946,0.382829,0.204541,-0.255758,-0.009484,-0.665833,0.222324,-0.533935,-0.417064,0.156366,-0.594292,-0.408015,0.234434,0.050858,-0.380316,-0.407807,0.156366,-0.097546,-0.665833,-0.255758,-0.632811,-0.665833,-0.033497,-0.472416,-0.153211,-0.14257,-0.407807,-0.100164,-0.163173,-0.255758,0.127706,0.050688,-0.417064,0.222324,-0.506081,-0.27655,0.052291,0.212147,0.110496,0.222324,-0.408015,0.211975,0.430696,-0.408015,-0.534217,-0.624637,0.127021,-0.105524,0.408015,-0.174555,0.0,-0.331295,-0.049193,-0.998411,0.185181,-0.66317,-0.533935,-0.538668,-0.421598,-0.665936,0.31901,-0.665936,-0.26732,0.433201,-0.665833,0.356773,-0.815384,-0.407807,-0.535361,-0.27201,-0.276511,-0.255758,-0.082713,-0.27201,0.137923,-0.153211,-0.407807,0.224131,0.050858,-0.663423,-0.27201,-0.154274,-0.534217,0.425971,0.475096,-0.024412,-0.261577,-0.061697,-0.199415,-0.27201,-0.470214,-0.624637,0.678396,-0.097546,-0.062062,-0.440856,0.0,0.2435,-0.626094,0.0,0.211975,0.385521,-0.417064,-0.533935,0.321177,0.342594,-0.815384,0.361099,0.152611,-0.196899,0.148432,0.203473,-0.557322,0.216308,-0.143618,-0.665627,0.355353,-0.811184,0.628733,0.221946,-0.144994,0.05776,0.317479,0.32522,-0.651257,-0.126456,-0.197532,#
1,0.396972,1.0,-0.398553,-0.251457,-0.519796,0.236503,-0.172584,-0.314576,0.406176,0.236503,0.006421,0.330167,0.406176,0.610575,-0.001151,0.268054,0.328896,0.160762,0.39166,-0.034952,0.398232,0.066438,-0.236105,-0.416852,0.0,-0.135765,-0.206913,0.244119,0.087142,-0.210228,0.325285,-0.171331,0.37902,0.242575,0.170664,-0.187661,-0.086123,0.328584,0.304226,-0.998869,0.395004,-0.271706,-0.270424,-0.254234,0.0,-0.223341,-0.203599,0.286123,-0.469775,-0.298462,-0.390536,-0.566562,-0.002396,0.224682,-0.219648,0.30432,0.292091,-0.040279,-0.04317,-0.010763,0.246623,-0.198179,-0.338643,-0.146318,-0.344114,0.594142,0.218844,0.202221,-0.31122,-0.27822,-0.086123,-0.317991,-0.365528,0.330329,0.178702,0.458412,-0.09165,-0.003399,-0.084078,0.104831,-0.212185,0.002799,0.378664,0.115284,-0.389896,-0.417833,0.207971,0.233778,0.244257,-0.11804,0.309078,-0.084078,-0.09165,-0.214868,-0.084078,0.49762,-0.012668,0.40384,-0.224261,0.244257,-0.236105,-0.239271,-0.111248,0.418117,0.23292,0.002799,0.104831,0.32039,-0.064763,-0.404141,0.597447,-0.401745,-0.38747,0.268054,-0.164301,0.169968,-0.389896,-0.776376,0.194953,-0.135951,-0.223341,0.146211,-0.407162,0.0,-0.338643,-0.322331,-0.367432,0.239162,-0.302853,-0.212185,-0.295021,0.02767,-0.601202,-0.296111,-0.601202,0.437513,0.146211,-0.084078,0.281897,-0.47299,0.244257,0.076855,0.146211,-0.166329,-0.09165,0.135026,0.146211,0.040553,0.40384,0.244257,0.10051,0.207971,0.416037,0.146211,0.375804,-0.776376,0.442054,0.419327,0.015859,0.418117,0.522868,0.10584,0.146211,-0.112057,0.194953,0.628344,0.309078,0.748733,-0.007423,0.0,0.128228,-0.774453,0.0,-0.164301,0.049835,0.002799,-0.212185,0.349909,0.389522,-0.47299,0.528531,-0.597658,-0.096903,-0.054456,0.133364,0.088447,0.613176,-0.231948,-0.581234,0.541297,-0.301045,0.285746,-0.373098,0.371237,0.233414,0.492382,-0.382923,-0.191071,0.062466,0.110096,#
2,-0.402373,-0.398553,1.0,0.428945,0.188507,-0.488337,-0.271465,-0.149213,-0.377643,0.006367,-0.635966,-0.538205,-0.377643,-0.174901,0.170947,0.356108,-0.109107,0.19563,-0.400515,0.674784,0.095914,-0.465999,-0.355896,-0.124336,-0.000104,-0.021961,0.238947,0.335007,0.301048,-0.083975,-0.197887,-0.274506,0.160696,0.266892,-0.015564,-0.519971,-0.192988,0.162944,-0.021854,0.377891,0.057141,-0.308838,-0.499527,-0.338188,0.0,-0.020598,-0.7033,-0.372887,-0.15632,0.049492,-0.510789,0.428988,0.273917,0.450172,0.062917,-0.521219,0.102781,0.171622,-0.289578,-0.147173,-0.423191,-0.054398,0.060245,0.39138,0.232204,-0.121618,0.244533,-0.082556,-0.267428,0.764568,-0.192988,-0.146253,-0.1802,0.448009,-0.506275,-0.192918,-0.342317,0.237144,0.113025,-0.064345,0.466009,0.23367,0.479858,0.369455,0.356108,-0.05605,0.496939,0.032733,0.335098,0.514839,-0.076013,0.113025,0.132644,0.279357,0.096021,0.24254,0.218172,-0.286258,0.303461,0.335098,-0.355896,-0.355074,0.546712,-0.346076,-0.413015,0.678145,-0.04701,0.431055,0.13903,-0.166386,0.320662,0.293784,-0.029674,0.356108,0.520701,0.103077,0.356108,0.466255,-0.077236,0.149126,-0.020598,0.208802,-0.073523,0.0,-0.424827,0.692267,0.403451,-0.018795,0.313044,0.466009,0.662214,0.239105,0.106257,0.246418,0.581217,-0.316311,0.122993,0.113025,-0.456682,0.711653,0.335098,0.32135,0.208802,-0.260411,0.132644,0.233096,0.208802,-0.38757,-0.265309,0.335098,-0.58583,0.515465,0.161478,0.208802,0.170247,0.466255,0.144243,-0.29412,-0.169731,-0.346076,-0.027107,-0.13859,0.208802,-0.121993,-0.077236,-0.168167,-0.076013,-0.365677,0.631865,0.0,-0.155464,0.49158,0.0,0.520701,-0.693833,0.694899,0.447654,-0.580783,-0.353048,0.250424,-0.675353,0.065108,0.490422,-0.400464,-0.547082,-0.109635,0.29747,-0.34831,0.109094,-0.642371,0.566089,-0.307134,-0.560014,0.156047,-0.525293,-0.188783,-0.250869,-0.24436,0.357231,0.390913,#
3,-0.100575,-0.251457,0.428945,1.0,0.215497,-0.05676,0.170416,-0.452827,-0.251457,-0.074883,-0.242618,0.023192,-0.251457,-0.358627,0.215497,-0.327248,-0.428105,0.436208,-0.129478,0.601979,0.341634,-0.791833,-0.230744,0.0659,-2.6e-05,0.264602,-0.265625,0.193107,0.516592,-0.428379,0.305866,0.184834,0.294882,-0.326968,-0.180267,0.041254,-0.621286,-0.369433,0.551383,0.214364,0.273949,0.128455,-0.027542,0.082182,0.0,0.035242,-0.439997,-0.700369,-0.215822,-0.530624,0.077166,0.518358,-0.23637,0.212394,0.159523,-0.708696,-0.044983,0.198771,0.1755,-0.423169,-0.998837,0.011951,-0.15747,-0.0,-0.024984,-0.50631,0.172377,0.022866,-0.072443,0.262168,-0.621286,-0.447068,-0.327248,0.035574,-0.218165,-0.610343,-0.089773,0.63893,-0.096106,0.521116,0.044493,0.192415,0.349975,0.495717,0.225249,0.534394,0.415605,-0.524042,0.209356,-0.100488,0.499045,-0.096106,-0.089773,0.291369,0.341819,0.192415,0.145816,0.291369,0.303057,0.209356,-0.230744,-0.202688,0.781818,-0.112949,0.404401,0.62391,0.074647,-0.131786,-0.096106,0.259148,0.074542,-0.327169,0.074647,-0.327248,0.20289,0.498482,0.225249,0.536049,-0.218174,0.37643,0.05379,0.490164,0.521116,0.0,-0.15747,0.395264,0.074779,-0.621896,0.260388,0.044493,0.121927,0.182801,0.354568,0.310551,0.354568,-0.534129,-0.218165,-0.096106,0.138216,0.209011,0.209356,0.362315,0.518497,-0.666304,-0.089773,-0.466964,0.518497,-0.806061,-0.248157,0.209356,-0.349975,-0.061531,-0.082924,0.518497,0.302425,0.536049,0.238675,-0.307156,-0.217521,-0.096106,0.263186,0.09169,0.518497,0.175562,-0.218174,-0.012511,0.499045,-0.486128,0.228552,0.0,0.0511,0.385495,0.0,0.20289,-0.686185,0.192415,0.517227,-0.45302,-0.257198,0.209011,-0.66898,-0.104688,-0.562984,-0.561233,-0.368018,-0.315654,0.048469,-0.211418,0.367466,-0.278222,0.39282,-0.380471,-0.373165,0.28065,-0.212414,-0.177401,0.006775,-0.227407,0.133876,0.508232,#
4,-0.399418,-0.519796,0.188507,0.215497,1.0,0.186413,0.313567,0.01289,-0.519796,-0.686914,-0.174647,-0.654253,-0.519796,-0.809649,0.162382,-0.499814,0.242731,-0.187767,0.460039,-0.182093,-0.004898,0.116419,0.478366,-0.010769,-2.4e-05,0.32999,0.018234,-0.499684,-0.03512,0.667806,-0.482053,0.279864,-0.030683,0.01034,0.206224,0.216166,-0.151733,-0.020508,-0.157618,0.504014,-0.501601,-0.258553,0.169648,0.154208,0.0,0.238748,0.151898,-0.193428,0.203219,0.210967,0.404337,0.480008,-0.580033,0.057398,-0.191134,-0.400284,-0.690369,0.193978,0.286244,0.036888,-0.178918,0.248296,0.163646,-0.472615,-0.13524,-0.245737,0.021021,-0.003948,0.597743,0.511866,-0.151733,0.424473,0.523427,-0.241089,-0.333209,0.012643,0.427013,-0.221552,0.409195,-0.428497,0.204618,0.208012,-0.036429,-0.014216,0.50375,-0.003213,-0.273898,0.196507,-0.021915,-0.020385,0.230369,0.409195,-0.008658,-0.005991,0.393598,-0.614634,0.249411,-0.5056,-0.524598,-0.021915,0.478366,0.469001,-0.024483,-0.386258,-0.217067,-0.230431,-0.412596,-0.375871,-0.42571,0.02282,-0.451245,0.504014,-0.412596,-0.499814,-0.402293,-0.220967,0.50375,0.650975,-0.320101,0.02798,0.221572,-0.333209,0.422698,0.0,0.163646,0.06226,0.391172,-0.126351,-0.003822,0.204618,0.348879,-0.200736,0.822654,0.0709,0.386983,-0.392378,0.322715,0.409195,0.141353,0.16914,-0.021915,-0.10792,0.322715,0.265318,-0.008658,-0.001595,0.322715,-0.178471,-0.486385,-0.021915,0.414871,-0.256905,-0.045735,0.322715,-0.039325,0.650975,-0.670318,-0.362525,-0.206001,0.00367,-0.123382,0.382872,0.322715,-0.333593,-0.320101,-0.474996,0.230369,-0.204728,0.134179,0.0,0.429311,0.611957,0.0,-0.402293,0.20712,-0.215063,0.187781,0.207562,-0.469486,0.592215,-0.195638,0.397235,0.04584,0.40272,-0.002617,0.09884,-0.413111,0.48125,0.821806,-0.577174,0.207271,-0.024185,0.417822,0.0045,-0.167701,-0.200826,0.377104,-0.005991,-0.341648,-0.435996,#
5,0.093307,0.236503,-0.488337,-0.05676,0.186413,1.0,0.512957,0.05669,0.236503,0.053749,-0.185794,-0.019065,0.236503,-0.106423,0.640193,-0.208944,0.4328,0.063256,0.521249,-0.172284,-0.367313,-0.127012,0.194107,-0.093278,5.1e-05,0.504244,-0.336669,-0.19758,0.347697,-0.038805,0.259209,0.447997,0.209997,-0.210343,-0.457455,0.434,-0.075351,-0.341442,-0.015758,-0.240659,-0.419269,-0.231665,0.062486,0.393068,0.0,-0.515507,0.365953,-0.000251,0.233726,0.040508,0.35349,-0.529996,-0.635734,-0.024543,-0.296585,0.077807,-0.37645,-0.233133,0.559115,0.072612,0.073296,-0.025919,0.016611,-0.25604,-0.495936,-0.266257,-0.198482,0.440577,0.309183,-0.423086,-0.075351,0.459917,-0.208944,-0.058645,0.230265,-0.138911,0.100764,-0.245206,-0.357872,0.363132,-0.040563,-0.192274,-0.401044,-0.092916,-0.230265,-0.094005,0.012997,0.039834,0.32452,-0.357075,-0.040563,-0.357872,-0.371285,-0.318551,0.064616,-0.217741,-0.143683,0.222778,-0.330972,-0.245369,0.75606,0.760874,-0.388432,-0.340973,0.038822,-0.234392,-0.54191,-0.132226,0.081515,0.321959,-0.110011,-0.240659,-0.067599,-0.208944,-0.25545,-0.049798,-0.230265,-0.068858,-0.125089,-0.385688,-0.050248,-0.508858,-0.084829,0.0,0.49871,-0.1873,-0.092916,-0.284441,-0.27664,-0.040563,-0.417158,-0.207427,0.083617,-0.36382,-0.388432,0.104987,0.201837,-0.357872,0.787702,-0.234392,0.32452,-0.1543,0.201837,0.456284,-0.371285,-0.046678,0.201837,0.400496,-0.29773,-0.245369,0.35912,-0.44732,0.067091,0.201837,0.194326,-0.068858,-0.039835,0.274072,0.235493,0.546749,-0.008133,0.320113,0.201837,-0.200006,-0.125089,0.367746,-0.040563,0.559531,0.171362,0.0,-0.060805,-0.168672,0.0,-0.25545,0.247375,-0.650677,-0.086707,0.429532,0.263628,-0.234392,0.661434,0.098658,-0.331799,0.113685,0.802399,-0.146772,-0.057674,0.18581,0.092113,0.269135,-0.424204,0.34208,0.382105,0.251545,-0.311045,0.650645,-0.014324,0.222778,-0.621585,-0.101946,#
6,0.264611,-0.172584,-0.271465,0.170416,0.313567,0.512957,1.0,-0.232027,-0.172584,-0.237603,0.365249,0.227959,-0.172584,-0.301009,0.313567,-0.650944,0.226391,-0.302502,0.260998,-0.396544,-0.445083,-0.247353,-0.172584,0.399992,0.0,0.237997,-0.168646,0.163358,0.373283,0.226887,-0.229427,0.983986,-0.209123,-0.652796,-0.226775,0.227959,0.020915,-0.157068,0.19504,0.163335,-0.468173,0.037356,0.507551,0.939247,0.0,0.227276,0.499528,0.314941,0.364643,-0.20539,0.426396,-0.241963,-0.300807,-0.213398,-0.140114,-0.22694,-0.247098,0.313567,0.974515,-0.229998,-0.167312,0.23236,-0.200498,-0.195426,-0.272214,-0.141936,0.129908,-0.326486,0.490197,-0.12895,0.020915,0.017335,0.195283,-0.52397,0.130189,-0.059734,0.292553,-0.394895,-0.417319,0.399159,0.227702,0.33942,-0.490144,-0.309469,0.162736,0.398621,-0.289345,-0.22619,0.163583,0.266926,0.199854,-0.417319,-0.428052,-0.190699,-0.443116,-0.360353,0.339929,-0.190699,-0.197802,-0.70638,0.685262,0.682904,-0.480403,-0.417319,-0.256099,-0.385772,-0.298596,-0.613622,-0.417319,0.160311,-0.322894,0.163335,0.425461,-0.650944,-0.184132,-0.339216,0.162736,0.198867,-0.41228,0.263532,0.227277,0.086793,0.399159,0.0,0.535448,0.11506,-0.283681,-0.101064,-0.201281,0.227702,-0.255845,-0.351829,0.266377,-0.184494,-0.454228,-0.381588,0.086793,-0.417319,0.21154,-0.360353,0.163583,-0.344779,0.086793,-0.075191,-0.428052,-0.237528,0.086793,0.001693,-0.158916,-0.70638,0.426144,-0.261237,-0.437377,0.086793,-0.227468,0.198867,-0.403041,-0.141278,0.364635,0.292882,-0.335599,-0.322894,0.086793,-0.127216,-0.41228,0.376147,0.199854,-0.122116,-0.399632,0.0,0.3869,-0.013318,0.0,-0.184132,0.338703,-0.360353,-0.566799,0.196127,-0.159923,-0.360353,0.331052,0.243474,-0.36166,0.263871,0.392873,-0.307619,-0.289545,-0.202741,0.265484,0.339048,-0.249064,0.136226,0.402455,-0.185057,-0.155876,0.334946,0.43176,-0.158916,-0.343355,-0.31707,#
7,-0.625633,-0.314576,-0.149213,-0.452827,0.01289,0.05669,-0.232027,1.0,0.03756,-0.148708,0.014186,-0.346376,0.03756,-0.301725,-0.282836,0.409431,0.051487,0.036429,-0.392867,-0.005434,-0.207499,0.28276,0.272318,-0.309858,0.000145,-0.442797,0.029604,-0.239305,-0.657963,0.057356,0.264411,-0.158445,-0.38309,-0.152402,-0.444605,0.165409,0.212791,-0.294473,-0.707191,0.350317,-0.488319,0.4469,-0.146607,-0.029714,0.0,-0.042045,0.475717,-0.059682,0.770881,0.73949,0.320883,0.142032,0.013419,-0.227892,0.602661,0.66378,0.014001,-0.756757,-0.282438,0.82023,0.448801,-0.134633,0.912,-0.083435,0.579479,-0.195736,-0.785995,0.529305,0.392146,-0.169806,0.212791,0.570836,0.40943,0.181969,0.272953,-0.187847,0.038739,-0.371144,0.334071,-0.214085,0.175161,-0.028214,-0.631828,0.095416,-0.012042,-0.226143,-0.180463,0.140691,-0.0,-0.288192,-0.391537,0.334071,0.038739,0.164631,0.286347,-0.028214,0.035853,0.164631,0.154035,-0.0,0.272318,0.314601,-0.251803,0.143173,-0.041303,-0.075238,-0.165429,0.298727,0.620418,0.344617,-0.285235,-0.121808,0.126504,0.409431,-0.211846,-0.507816,-0.012042,0.115623,0.63422,-0.24257,0.168179,-0.610132,-0.214085,0.0,0.597818,-0.10075,0.620208,0.138884,0.593862,0.175161,0.107096,0.260345,0.280857,-0.371117,0.280857,0.3859,-0.449571,0.334071,-0.266343,0.442023,-0.0,0.182069,-0.28901,0.646172,0.038739,0.253885,-0.28901,0.500373,0.223428,-0.0,-0.052556,-0.128465,0.323072,-0.28901,0.00765,0.115623,-0.312629,-0.085128,0.199846,0.047724,-0.404083,0.200636,-0.28901,0.486371,0.63422,-0.559304,-0.391537,0.172177,0.050791,0.0,-0.59492,0.25459,0.0,-0.211846,0.129056,-0.028214,0.123643,0.096098,0.075647,0.442023,0.134493,0.20719,0.215317,0.251581,0.256225,0.618357,-0.284015,0.293737,0.264871,0.045503,0.276452,-0.460019,0.254988,0.005955,0.116823,-0.209767,-0.028111,0.811397,0.06055,0.086709,#
8,0.396972,0.406176,-0.377643,-0.251457,-0.519796,0.236503,-0.172584,0.03756,1.0,0.75606,0.006421,0.330167,1.0,0.610575,-0.001151,0.268054,0.328896,0.182966,-0.046765,-0.015316,-0.094142,0.066438,-0.236105,0.07058,0.0,0.012728,0.369125,0.244119,0.087142,-0.210228,0.349965,-0.171331,0.37902,0.242575,-0.201296,0.330167,0.598941,-0.091411,-0.304226,-0.401745,0.020697,-0.038625,0.250423,-0.025489,0.0,-0.223341,-0.148273,0.286123,0.013762,0.218266,-0.390536,-0.457691,-0.002396,0.428938,-0.055729,0.071853,-0.24959,-0.519796,-0.04317,-0.309724,0.246623,-0.752096,-0.184112,-0.146318,0.09895,-0.178726,0.218844,0.202221,-0.621201,-0.304173,0.598941,-0.155751,-0.365528,-0.181109,0.178702,0.178892,-0.581604,-0.003399,-0.566958,0.104831,-0.733448,-0.47299,-0.11804,0.115284,-0.999109,-0.417833,0.207971,-0.287774,-0.347248,-0.11804,-0.212185,-0.566958,-0.581604,-0.214868,-0.084078,0.02183,-0.502109,0.40384,-0.224261,-0.347248,-0.236105,-0.239271,-0.111248,0.418117,0.23292,0.002799,-0.38747,0.018135,0.418117,0.241573,0.10584,-0.401745,0.104831,0.268054,-0.164301,0.169968,-0.999109,-0.776376,0.194953,-0.647272,-0.755105,0.146211,-0.407162,0.0,-0.184112,-0.322331,-0.367432,0.239162,-0.278702,-0.733448,-0.01538,0.498061,-0.601202,-0.415191,-0.601202,0.437513,0.146211,-0.566958,0.429642,-0.47299,-0.347248,0.311528,-0.666073,0.057575,-0.581604,-0.27664,-0.666073,0.484104,-0.191071,-0.347248,-0.396195,-0.318146,-0.079245,-0.666073,0.375804,-0.776376,0.408966,0.948208,-0.465584,-0.064763,0.232386,0.10584,-0.666073,-0.112057,0.194953,0.196607,-0.212185,0.223631,-0.007423,0.0,-0.403289,-0.774453,0.0,-0.164301,0.049835,-0.47299,-0.212185,0.349909,0.995782,-0.47299,0.528531,-0.076823,-0.096903,-0.054456,0.631922,-0.416116,0.109023,-0.231948,-0.615505,0.541297,-0.301045,0.285746,0.144195,0.371237,-0.252864,-0.027524,0.172037,-0.191071,-0.448077,0.110096,#
9,0.528269,0.236503,0.006367,-0.074883,-0.686914,0.053749,-0.237603,-0.148708,0.75606,1.0,-0.219502,0.434,0.75606,0.803278,0.220647,0.345398,-0.06245,0.067142,-0.356267,0.206369,-0.349392,-0.164796,-0.325451,0.333194,5.1e-05,0.18872,0.18668,0.324428,0.347697,-0.528402,0.263528,-0.277963,0.209997,0.323011,-0.34336,-0.056035,0.434982,-0.212613,-0.122229,-0.240659,0.196419,-0.179226,0.0428,-0.150159,0.0,-0.534117,-0.381443,0.112967,-0.20626,0.040508,-0.52854,-0.549047,0.219551,0.253452,-0.153167,-0.125586,0.117171,-0.233133,-0.162255,-0.45053,0.055486,-0.547895,-0.331829,0.51208,-0.108284,-0.266257,0.302103,-0.045497,-0.853778,-0.332256,0.434982,-0.136272,-0.763286,-0.013372,0.230265,-0.148691,-0.799963,0.218644,-0.78036,0.363132,-0.496634,-0.650677,0.077509,-0.092916,-0.763286,-0.094005,0.519888,-0.41649,-0.193008,0.077509,-0.542778,-0.78036,-0.327913,-0.318551,-0.357872,0.240661,-0.690808,0.222778,0.246563,-0.193008,-0.325451,-0.351901,0.083617,0.081515,0.038822,0.22401,-0.067599,0.153382,0.546749,0.321959,0.363632,-0.240659,0.363132,0.345398,0.517841,0.483509,-0.763286,-0.534117,-0.125089,-0.385688,-0.515507,0.201837,-0.559139,0.0,-0.331829,0.139314,-0.51526,0.067859,-0.272414,-0.496634,-0.172491,0.204134,-0.81711,0.073764,-0.34506,0.104987,0.201837,-0.78036,0.28718,-0.192274,-0.193008,0.051023,-0.508858,-0.048584,-0.327913,-0.032271,-0.508858,0.400496,-0.29773,-0.193008,-0.554018,0.059571,-0.286718,-0.508858,0.194326,-0.534117,0.767284,0.736808,-0.185738,-0.340973,-0.008133,-0.110011,-0.508858,-0.200006,-0.125089,0.425861,-0.542778,0.015783,0.214327,0.0,-0.573514,-0.526372,0.0,0.517841,-0.211831,-0.192274,-0.040563,-0.05197,0.726434,-0.650677,0.219202,0.098658,0.074682,-0.347261,0.348746,-0.588232,0.34483,-0.341707,-0.825421,0.224497,-0.424204,0.34208,-0.088596,0.184343,-0.445883,0.195761,-0.064093,-0.29773,-0.129698,0.367647,#
10,0.386368,0.006421,-0.635966,-0.242618,-0.174647,-0.185794,0.365249,0.014186,0.006421,-0.219502,1.0,0.648015,0.006421,0.043082,-0.587018,-0.49988,-0.203885,-0.388121,-0.011022,-0.678643,-0.017476,0.387071,0.044948,0.421224,4.7e-05,-0.344616,-0.013557,-0.025379,-0.411844,0.219587,-0.153766,0.426575,-0.496895,-0.499452,0.266238,0.236294,0.242776,0.047222,0.140488,0.013749,0.053149,0.60171,0.691549,0.523482,0.0,0.647732,0.651039,0.502772,0.199976,-0.193262,0.441987,-0.013504,0.190626,-0.560758,0.199666,0.325439,0.141596,0.206612,0.31085,-0.010079,0.222233,0.234822,-0.125323,-0.232674,0.148191,0.257322,-0.043898,-0.493662,0.292798,-0.413366,0.242776,-0.273471,0.50763,-0.654164,0.33842,0.229358,0.423381,-0.218326,0.006324,-0.018144,-0.223121,0.189326,-0.420201,-0.416765,0.003875,0.404986,-0.670281,-0.203828,-0.499625,-0.009478,0.216685,0.006324,-0.005591,-0.017919,-0.392967,-0.227244,0.16152,-0.017919,-0.032746,-0.499625,0.044948,0.044843,-0.426314,0.390257,0.211188,-0.620672,0.388937,-0.620025,-0.416455,-0.027542,-0.424626,0.013749,0.388937,-0.49988,-0.353764,-0.288609,0.003875,-0.214783,0.002584,0.387989,0.22493,0.312586,0.412883,0.0,0.312781,-0.405371,-0.401413,0.192735,-0.090097,-0.223121,-0.380202,-0.213138,0.01824,-0.01881,-0.410732,-0.005256,-0.333253,0.006324,-0.225826,-0.60554,-0.499625,-0.334269,-0.333253,-0.216071,-0.005591,-0.330454,-0.333253,-0.01189,0.47401,-0.499625,0.444361,-0.235238,-0.451428,-0.333253,-0.49822,-0.214783,-0.362418,-0.111375,0.195088,0.006324,-0.186385,-0.385078,-0.333253,0.306784,0.002584,-0.005915,0.216685,-0.26956,-0.995634,0.0,0.392705,-0.266917,0.0,-0.353764,0.594954,-0.227244,-0.654151,0.210471,-0.033983,-0.18897,0.183742,-0.020084,-0.376928,0.399348,-0.016054,0.095055,-0.43522,0.030116,0.006322,0.559198,-0.231412,-0.012228,0.397619,-0.516212,0.709506,-0.257847,0.482279,0.001002,0.067432,-0.432758,#
11,0.784434,0.330167,-0.538205,0.023192,-0.654253,-0.019065,0.227959,-0.346376,0.330167,0.434,0.648015,1.0,0.330167,0.583588,-0.201983,-0.327248,-0.428104,-0.188053,-0.148412,-0.306229,-0.104902,-0.019843,-0.187661,0.543318,2.6e-05,-0.023974,-0.265625,0.193107,0.089407,-0.428379,0.216336,0.240327,-0.224616,-0.326968,-0.041365,0.060039,0.088755,-0.212594,0.441021,-0.327169,0.413726,0.370034,0.482604,0.319266,0.0,0.035242,0.21228,0.27759,-0.215822,-0.511879,0.112302,-0.40975,0.198206,-0.425658,0.010864,0.096272,0.40848,0.216166,0.230642,-0.368943,-0.058032,0.030556,-0.477799,0.255188,-0.225893,0.063184,0.172377,-0.430584,-0.297341,-0.702856,0.088755,-0.447068,-0.327248,-0.42825,0.518497,-0.103348,-0.089773,0.202308,-0.534031,0.521116,-0.428242,-0.239079,-0.100488,-0.379835,-0.327248,0.534394,-0.061531,-0.524042,-0.327081,-0.100488,0.026311,-0.534031,-0.089773,-0.248157,-0.534031,0.192415,-0.298059,0.291368,0.303057,-0.327081,-0.187661,-0.202688,-0.106863,0.324976,0.404401,-0.239079,0.521116,-0.405901,-0.096106,0.190254,0.074542,-0.327169,0.521116,-0.327248,0.20289,0.350834,-0.327248,-0.428468,-0.218172,0.321875,0.05379,0.490164,0.074647,0.0,0.002695,-0.158131,-0.800774,-0.070461,-0.265274,-0.428242,-0.702297,-0.243798,-0.534113,0.238555,-0.534113,-0.102293,-0.218165,-0.534031,0.138216,-0.653978,-0.327081,-0.329368,-0.218165,-0.434236,-0.089773,-0.317627,-0.218165,-0.03028,0.291368,-0.327081,0.100488,-0.061531,-0.532097,-0.218165,-0.240074,-0.428468,0.41872,0.206748,0.219101,-0.096106,-0.033183,-0.35415,-0.218165,0.175563,-0.218172,0.529627,0.026311,-0.149976,-0.651795,0.0,0.0511,-0.518824,0.0,0.20289,0.200564,-0.239079,-0.428242,0.026879,0.258256,-0.653978,0.184992,-0.104688,-0.53182,-0.101821,0.055866,-0.315654,0.048469,-0.211418,-0.533865,0.596376,-0.546717,0.206823,0.066649,-0.265679,0.398211,0.155426,0.164055,-0.227406,0.133876,0.066204,#
12,0.396972,0.406176,-0.377643,-0.251457,-0.519796,0.236503,-0.172584,0.03756,1.0,0.75606,0.006421,0.330167,1.0,0.610575,-0.001151,0.268054,0.328896,0.182966,-0.046765,-0.015316,-0.094142,0.066438,-0.236105,0.07058,0.0,0.012728,0.369125,0.244119,0.087142,-0.210228,0.349965,-0.171331,0.37902,0.242575,-0.201296,0.330167,0.598941,-0.091411,-0.304226,-0.401745,0.020697,-0.038625,0.250423,-0.025489,0.0,-0.223341,-0.148273,0.286123,0.013762,0.218266,-0.390536,-0.457691,-0.002396,0.428938,-0.055729,0.071853,-0.24959,-0.519796,-0.04317,-0.309724,0.246623,-0.752096,-0.184112,-0.146318,0.09895,-0.178726,0.218844,0.202221,-0.621201,-0.304173,0.598941,-0.155751,-0.365528,-0.181109,0.178702,0.178892,-0.581604,-0.003399,-0.566958,0.104831,-0.733448,-0.47299,-0.11804,0.115284,-0.999109,-0.417833,0.207971,-0.287774,-0.347248,-0.11804,-0.212185,-0.566958,-0.581604,-0.214868,-0.084078,0.02183,-0.502109,0.40384,-0.224261,-0.347248,-0.236105,-0.239271,-0.111248,0.418117,0.23292,0.002799,-0.38747,0.018135,0.418117,0.241573,0.10584,-0.401745,0.104831,0.268054,-0.164301,0.169968,-0.999109,-0.776376,0.194953,-0.647272,-0.755105,0.146211,-0.407162,0.0,-0.184112,-0.322331,-0.367432,0.239162,-0.278702,-0.733448,-0.01538,0.498061,-0.601202,-0.415191,-0.601202,0.437513,0.146211,-0.566958,0.429642,-0.47299,-0.347248,0.311528,-0.666073,0.057575,-0.581604,-0.27664,-0.666073,0.484104,-0.191071,-0.347248,-0.396195,-0.318146,-0.079245,-0.666073,0.375804,-0.776376,0.408966,0.948208,-0.465584,-0.064763,0.232386,0.10584,-0.666073,-0.112057,0.194953,0.196607,-0.212185,0.223631,-0.007423,0.0,-0.403289,-0.774453,0.0,-0.164301,0.049835,-0.47299,-0.212185,0.349909,0.995782,-0.47299,0.528531,-0.076823,-0.096903,-0.054456,0.631922,-0.416116,0.109023,-0.231948,-0.615505,0.541297,-0.301045,0.285746,0.144195,0.371237,-0.252864,-0.027524,0.172037,-0.191071,-0.448077,0.110096,#
13,0.715271,0.610575,-0.174901,-0.358627,-0.809649,-0.106423,-0.301009,-0.301725,0.610575,0.803278,0.043082,0.583588,0.610575,1.0,-0.037817,0.336156,0.004186,-0.157785,-0.137817,-0.082187,-0.128421,0.14907,-0.304488,0.221465,9.9e-05,-0.043252,0.081401,0.313485,0.129692,-0.341636,0.075731,-0.330636,0.082553,0.437508,0.048734,-0.323085,0.398425,0.163088,0.047494,-0.606575,0.393222,-0.263944,-0.012337,-0.263431,0.0,-0.347095,-0.309004,0.434897,-0.452275,-0.116136,-0.604327,-0.697437,0.364369,0.100183,-0.26693,0.125428,0.38371,0.029944,-0.215825,-0.337168,0.334545,-0.340433,-0.496159,0.463899,-0.265347,0.308793,0.417244,-0.251967,-0.788468,-0.373387,0.398425,-0.267475,-0.60672,0.044132,0.306093,0.268975,-0.561646,0.059267,-0.542833,0.140889,-0.422567,-0.473278,0.281743,-0.287565,-0.60672,-0.197484,0.332163,-0.124693,-0.184967,0.175573,-0.355509,-0.542833,-0.10783,-0.426461,-0.542833,0.383632,-0.516499,0.093958,0.112232,-0.058534,-0.429161,-0.471763,-0.124315,0.285752,-0.014267,-0.032581,0.246118,0.183051,0.223632,-0.106838,0.555174,-0.10431,0.140889,0.336156,0.409518,0.382997,-0.60672,-0.794383,-0.117522,-0.163739,-0.329204,0.278763,-0.64053,0.0,-0.496159,-0.02681,-0.693597,0.357787,-0.420587,-0.422567,-0.318719,-0.04599,-0.99025,0.104436,-0.536434,0.206575,0.278763,-0.542833,0.103794,-0.432786,-0.184967,-0.180219,-0.40448,-0.133233,-0.10783,0.195573,-0.40448,0.340469,0.093958,-0.058534,-0.221777,0.332163,-0.174875,-0.40448,0.062273,-0.794383,0.717163,0.633739,-0.027442,-0.223632,0.083319,-0.208604,-0.40448,-0.269883,-0.117522,0.621045,-0.355509,0.251708,-0.052833,0.0,-0.221975,-0.752072,0.0,0.409518,0.056457,-0.032581,-0.311148,0.119287,0.564259,-0.771784,0.366283,-0.125733,0.193309,-0.12229,0.127485,-0.325146,0.542164,-0.328866,-0.98979,0.37513,-0.566518,0.468448,-0.199718,0.047885,-0.030457,0.329066,-0.166414,-0.406444,0.115393,0.150292,#
14,0.01808,-0.001151,0.170947,0.215497,0.162382,0.640193,0.313567,-0.282836,-0.001151,0.220647,-0.587018,-0.201983,-0.001151,-0.037817,1.0,0.011807,0.210082,0.278423,0.354841,0.24666,-0.418398,-0.441533,-0.040279,-0.010769,-2.4e-05,0.793181,-0.039817,0.022242,0.821968,-0.219788,0.036112,0.177089,0.490469,0.01034,-0.271526,0.216166,-0.233922,-0.041256,0.251168,-0.017513,-0.057819,-0.482259,-0.285259,0.126766,0.0,-0.65441,-0.12688,-0.253801,-0.18724,-0.240342,-0.018646,-0.379435,-0.177609,0.152696,-0.604113,-0.293797,-0.200469,0.193978,0.286244,-0.264396,-0.195356,0.213838,-0.299839,0.236308,-0.507327,-0.245737,0.021021,0.229331,-0.027034,-0.054825,-0.233922,0.260973,-0.499814,0.213685,-0.333209,-0.2221,-0.008658,0.182767,-0.42571,0.422698,0.230369,-0.191559,-0.036429,-0.014216,-0.007871,-0.003213,0.193928,0.196507,0.504055,0.004152,-0.233142,-0.42571,-0.008658,-0.005991,-0.035782,-0.191559,-0.161624,-0.005991,0.008428,-0.021915,0.478366,0.469001,-0.024483,-0.815638,-0.242872,0.192644,-0.412596,0.131799,0.00367,0.02282,-0.014104,-0.017513,0.025162,0.011807,0.311403,0.16186,-0.007871,0.204396,-0.320101,-0.401431,-0.225007,-0.333209,-0.01506,0.0,0.145106,0.092404,-0.014216,-0.523513,-0.429747,0.230369,-0.150165,-0.200736,-0.024483,-0.029104,-0.024483,0.007509,0.322715,-0.42571,0.563215,0.192644,0.504055,-0.10792,0.322715,0.238455,-0.008658,-0.07074,0.322715,0.167419,-0.486385,-0.021915,-0.026802,-0.230914,0.027667,0.322715,-0.039325,0.204396,0.135517,0.081632,0.222101,0.409195,0.151061,-0.054269,0.322715,-0.333593,-0.320101,0.389608,-0.233142,0.262196,0.565763,0.0,-0.017061,0.123465,0.0,0.311403,-0.216696,-0.191559,0.187781,-0.236832,0.007833,-0.230431,0.187003,-0.012828,-0.011876,-0.421537,0.389907,-0.524301,0.010279,-0.054872,-0.012841,-0.185291,-0.227742,0.485668,-0.016604,0.0045,-0.670322,0.621049,-0.380241,-0.005991,-0.518196,-0.002593,#
15,-0.408015,0.268054,0.356108,-0.327248,-0.499814,-0.208944,-0.650944,0.409431,0.268054,0.345398,-0.49988,-0.327248,0.268054,0.336156,0.011807,1.0,0.191443,0.437377,-0.402666,0.551971,0.117191,-0.09372,-0.365528,-0.612078,2.9e-05,-0.400439,0.283663,0.387654,-0.088595,-0.327259,0.349413,-0.621474,0.274246,0.351551,-0.206513,-0.327248,0.100403,0.273735,-0.324594,-0.24994,0.140049,-0.081984,-0.756631,-0.549803,0.0,-0.327327,-0.397317,-0.059002,0.015264,0.339276,-0.612114,-0.13403,0.503895,0.391159,0.235434,0.424948,0.397552,-0.499814,-0.623783,0.404855,0.321288,-0.332544,0.362366,0.288676,0.439394,0.24778,-0.249461,0.501557,-0.381616,0.149105,0.100403,0.0,-0.25,0.783951,-0.166667,0.114707,-0.408034,0.023243,0.116563,-0.077244,0.239074,0.017228,0.13189,0.436963,-0.25,-0.612372,0.381,0.3714,0.392657,0.13189,-0.327154,0.116563,0.124184,0.294393,0.116563,0.53406,0.035444,0.294393,0.30387,0.392657,-0.365528,-0.336062,0.124184,0.116563,-0.195452,0.53406,-0.077244,0.93026,0.641097,-0.249392,0.456879,-0.24994,-0.077244,1.0,0.25187,-0.153662,-0.25,-0.327327,0.666686,-0.407314,-0.327327,-0.166667,-0.612012,0.0,-0.181183,0.081014,0.436963,0.24952,0.312187,0.239074,0.35861,0.522323,-0.408034,-0.37464,0.124184,0.626437,-0.166667,0.116563,-0.345588,0.53406,0.392657,0.499565,-0.166667,0.190329,0.124184,0.371655,-0.166667,0.279527,0.294393,0.392657,-0.611491,0.381,0.669519,-0.166667,0.303235,-0.327327,0.332664,0.209284,0.023243,0.116563,0.178806,-0.077135,-0.166667,0.229921,0.666686,-0.027257,-0.327154,0.437305,0.556518,0.0,-0.593004,-0.170498,0.0,0.25187,-0.459492,0.53406,0.239074,-0.278224,0.287661,0.017228,0.04986,-0.374032,0.557002,-0.36379,-0.051148,0.261864,0.439635,-0.342019,-0.407844,0.051064,0.362613,-0.207614,-0.577134,0.27811,-0.222577,0.069026,-0.654742,0.294393,0.27113,0.44709,#
16,-0.061236,0.328896,-0.109107,-0.428105,0.242731,0.4328,0.226391,0.051487,0.328896,-0.06245,-0.203885,-0.428104,0.328896,0.004186,0.210082,0.191443,1.0,-0.058729,0.487403,-0.213785,-0.08265,0.179148,-0.196715,-0.35396,-2.4e-05,-0.037775,0.402011,0.201972,0.083262,0.558203,-0.244142,0.211515,0.336892,0.251792,0.067898,0.065497,0.442091,0.436544,-0.424633,-0.32697,-0.525996,-0.532334,-0.035054,0.167511,0.0,0.059183,0.003622,0.537013,0.216602,0.424895,-0.339127,-0.36992,-0.229012,0.580803,-0.292966,0.052299,-0.511074,-0.214352,0.34134,0.036405,0.456187,-0.378622,-0.002168,-0.525017,-0.034324,0.279871,0.263604,0.197859,0.087263,0.337785,0.442091,0.178443,0.231327,0.032892,-0.218033,0.662448,-0.058303,-0.653745,-0.065086,-0.356995,0.041754,0.236916,-0.104824,0.103173,-0.327049,-0.801103,-0.068888,0.429625,0.206152,0.342781,0.077888,-0.065086,-0.533789,-0.192218,-0.065086,-0.224823,0.266898,-0.192218,-0.765955,-0.326882,0.328896,0.322616,-0.533789,-0.065086,-0.491062,-0.224823,-0.800632,0.108834,-0.098559,-0.326253,0.067588,0.220326,-0.356995,0.191443,-0.53597,-0.53996,-0.327049,-0.428208,0.127632,-0.532847,-0.428208,-0.218033,-0.322869,0.0,-0.002168,-0.16661,0.103173,0.540938,-0.277802,0.041754,0.405055,0.226801,-0.058303,-0.743471,-0.533789,0.357397,0.526469,-0.065086,0.197901,-0.224823,0.206152,0.169576,-0.218033,0.350551,-0.533789,0.184346,-0.218033,0.431013,-0.192218,-0.326882,0.110562,-0.068888,0.315097,-0.218033,0.332189,-0.428208,-0.330563,0.481533,-0.219893,0.370061,0.1103,0.101666,-0.218033,-0.469512,0.127632,0.160024,0.077888,0.550847,0.178504,0.0,0.168115,-0.446091,0.0,-0.53597,0.295081,-0.224823,-0.427982,0.575728,0.392442,-0.191841,0.689652,-0.04177,0.382218,0.423675,0.573641,-0.030507,0.126454,-0.198986,-0.062374,0.278614,-0.028326,0.284848,0.163616,0.379845,-0.395253,0.240464,0.128979,-0.192218,-0.518274,-0.36114,#
17,-0.475884,0.160762,0.19563,0.436208,-0.187767,0.063256,-0.302502,0.036429,0.182966,0.067142,-0.388121,-0.188053,0.182966,-0.157785,0.278423,0.437377,-0.058729,1.0,-0.055115,0.760529,0.493125,-0.589088,-0.306424,-0.611823,5.5e-05,0.047752,0.139576,0.303407,0.350944,-0.555584,0.702848,-0.288979,0.756286,-0.176689,-0.15414,0.351011,-0.468412,0.047668,0.326713,-0.166478,0.452327,0.260469,-0.51868,-0.257578,0.0,-0.163049,-0.357898,-0.627952,-0.156051,-0.31224,-0.133717,0.304507,0.174104,0.408701,0.182657,0.028606,0.086628,-0.313997,-0.305795,0.045163,-0.427427,-0.099419,0.117217,-0.173607,0.37166,-0.139079,-0.317698,0.686776,-0.14141,0.090447,-0.468412,-0.376129,-0.268805,0.553246,-0.498124,-0.242484,0.012286,0.64025,0.130641,0.352792,0.046091,0.192771,0.128701,0.84835,-0.177684,-0.137639,0.202515,0.108524,0.415036,-0.335626,0.332729,0.130641,0.109277,0.760788,0.600101,0.286958,0.186675,0.760788,0.289808,0.415036,-0.306424,-0.236189,0.585614,0.040361,0.469486,0.749524,-0.125827,0.531197,0.244289,-0.1176,0.01276,-0.747006,-0.107418,0.437377,-0.075207,0.123945,-0.177684,0.035791,0.610523,-0.356975,-0.481194,0.109344,0.255336,0.0,-0.001651,-0.242398,0.48735,-0.547692,0.237687,0.046091,0.247035,0.675423,0.12221,-0.36423,0.219201,0.512787,-0.498124,0.130641,0.114027,0.393704,0.415036,0.800941,0.261211,-0.256434,0.109277,-0.508594,0.261211,-0.34095,0.182411,0.415036,-0.578824,-0.30898,0.610939,0.261211,0.339202,0.035791,0.186329,0.002543,-0.18786,0.491764,0.736708,0.025736,0.261211,0.528299,0.610523,-0.158457,0.332729,0.164702,0.43664,0.0,-0.225828,0.031072,0.0,-0.075207,-0.730525,0.286958,0.552867,-0.528554,0.186741,0.299517,-0.249652,-0.722293,-0.323027,-0.797224,-0.077132,-0.066367,-0.013903,-0.257011,0.131736,0.093292,0.592694,-0.304198,-0.563121,0.303253,-0.130919,-0.140201,-0.580779,0.315883,-0.09141,0.468926,#
18,0.181772,0.39166,-0.400515,-0.129478,0.460039,0.521249,0.260998,-0.392867,-0.046765,-0.356267,-0.011022,-0.148412,-0.046765,-0.137817,0.354841,-0.402666,0.487403,-0.055115,1.0,-0.435753,0.156212,0.3038,0.39166,-0.166708,5.2e-05,0.512519,-0.046175,-0.402562,0.200934,0.475489,-0.281481,0.166078,0.401441,0.196881,0.50432,0.343867,-0.137629,0.365328,0.26868,-0.40257,0.00031,-0.482074,0.10196,0.031249,0.0,-0.04113,0.15561,0.160243,-0.363146,-0.247796,0.186204,-0.215878,-0.468067,0.069099,-0.709996,-0.071179,-0.481818,0.354841,0.299274,-0.155139,0.163779,0.29024,-0.422215,-0.544101,-0.616331,0.317574,0.209197,0.057815,0.289891,0.004745,-0.137629,0.161993,0.154213,-0.149347,-0.268444,0.499226,0.523252,-0.110917,0.166773,-0.276115,-0.142083,0.007085,0.153879,-0.161725,0.047121,-0.269316,-0.368851,0.495733,0.034252,-0.212842,0.36243,0.166773,0.049042,-0.174214,0.166773,-0.453416,0.035832,-0.174214,-0.744066,0.034252,0.39166,0.365029,-0.295469,-0.189742,0.029817,-0.453416,-0.276115,-0.276289,-0.657105,-0.401687,-0.182191,0.164253,-0.639585,-0.402666,-0.528842,-0.023124,0.047121,-0.134608,-0.282733,-0.278535,-0.134608,-0.268444,0.200367,0.0,-0.049672,-0.534564,-0.161725,-0.089785,-0.662968,-0.142083,-0.163448,-0.349434,0.178741,-0.133132,-0.295469,0.138457,0.502619,0.166773,0.594442,-0.453416,0.034252,-0.262779,0.331272,0.208719,0.049042,-0.10768,0.331272,0.024728,-0.174214,0.034252,0.655578,-0.368851,0.110418,0.331272,-0.049732,-0.134608,-0.32386,0.107315,-0.110917,0.50631,0.43991,0.29362,0.331272,-0.494752,-0.282733,0.172105,0.36243,0.455668,-0.037139,0.0,0.698655,-0.181129,0.0,-0.528842,0.457537,-0.453416,-0.142083,0.458823,-0.038899,0.007085,0.430586,-0.185859,-0.139416,0.282286,0.276943,-0.090574,-0.130499,0.385541,0.19254,-0.001969,-0.34473,0.610451,0.298036,-0.003442,0.084693,0.321919,0.018536,-0.174214,-0.575861,-0.625562,#
19,-0.480015,-0.034952,0.674784,0.601979,-0.182093,-0.172284,-0.396544,-0.005434,-0.015316,0.206369,-0.678643,-0.306229,-0.015316,-0.082187,0.24666,0.551971,-0.213785,0.760529,-0.435753,1.0,0.363857,-0.770707,-0.448095,-0.47187,2.4e-05,-0.057941,-0.018667,0.433455,0.377324,-0.648712,0.574292,-0.365419,0.487592,0.008797,-0.371016,-0.203491,-0.482187,-0.139125,0.18148,0.017929,0.316202,0.035674,-0.68003,-0.396674,0.0,-0.297168,-0.691538,-0.712446,-0.143472,-0.144895,-0.396642,0.350283,0.167301,0.495081,0.331181,-0.255488,0.259653,-0.277231,-0.375474,0.009688,-0.603867,-0.249443,0.21425,0.241917,0.331353,-0.286712,-0.116116,0.496373,-0.341331,0.341908,-0.482187,-0.31116,-0.495565,0.70542,-0.330377,-0.484327,-0.403795,0.577987,0.030056,0.390791,0.256928,0.150759,0.383176,0.79951,0.008058,-0.046055,0.682583,-0.129144,0.53213,-0.027439,0.127146,0.030056,0.042219,0.501404,0.44521,0.583879,0.133093,0.501404,0.519563,0.53213,-0.448095,-0.397719,0.787482,-0.049781,0.189705,0.992937,-0.032462,0.674641,0.485598,0.06079,0.415103,-0.495446,-0.016183,0.551971,0.388426,0.306966,0.008058,0.247933,0.367991,-0.046547,-0.209249,0.206821,-0.05736,0.0,-0.241259,0.413405,0.480269,-0.382242,0.503039,0.256928,0.397618,0.581555,0.01744,-0.038458,0.463455,0.058073,-0.330377,0.030056,-0.129075,0.678277,0.53213,0.727399,0.341121,-0.35306,0.042219,-0.082765,0.341121,-0.440637,-0.010067,0.53213,-0.80152,0.230257,0.505393,0.341121,0.518479,0.247933,0.468503,-0.111053,-0.15433,0.030056,0.360443,0.06512,0.341121,0.346145,0.367991,-0.069405,0.127146,-0.040651,0.715144,0.0,-0.484542,0.252792,0.0,0.388426,-0.984883,0.583879,0.705081,-0.629159,-0.000501,0.245157,-0.542992,-0.370069,-0.025339,-0.795458,-0.33116,-0.039356,0.3802,-0.410583,0.029011,-0.247502,0.647257,-0.506568,-0.775195,0.482189,-0.401006,-0.079588,-0.558098,0.107965,0.310037,0.818936,#
20,-0.253918,0.398232,0.095914,0.341634,-0.004898,-0.367313,-0.445083,-0.207499,-0.094142,-0.349392,-0.017476,-0.104902,-0.094142,-0.128421,-0.418398,0.117191,-0.08265,0.493125,0.156212,0.363857,1.0,-0.110313,-0.094142,-0.595116,-4.9e-05,-0.354739,-0.072217,0.086654,-0.185648,-0.088144,0.324883,-0.368748,0.408152,0.09765,0.433522,-0.087727,-0.48688,0.282609,0.378176,-0.40805,0.547766,0.143344,-0.302444,-0.477632,0.0,0.347443,-0.423875,-0.340721,-0.415177,-0.337275,-0.180155,0.528987,-0.00543,0.335636,0.248451,-0.024672,0.130803,-0.020802,-0.376601,0.066037,-0.335623,-0.083624,0.005491,-0.461958,0.227524,0.32442,0.067127,0.266067,-0.062714,0.329505,-0.48688,-0.564997,0.096986,0.356911,-0.272099,0.187268,0.170242,0.422111,0.599163,-0.182776,-0.1019,0.39107,0.611665,0.666295,0.096986,-0.174875,0.108802,0.123019,0.082511,-0.253698,0.787944,0.599163,0.187448,0.422592,0.599163,0.407779,0.359608,0.422592,-0.088647,0.622585,-0.626694,-0.588804,0.593698,0.599163,0.556351,0.407779,0.26672,0.265654,-0.225157,-0.407155,0.266344,-0.40805,-0.590971,0.117191,-0.371741,0.190823,0.096986,-0.093474,0.414894,0.182954,-0.093474,0.401413,0.249431,0.0,-0.451385,-0.229644,0.266047,-0.041902,0.269375,-0.1019,0.29563,0.416826,0.170242,-0.075171,0.187448,0.186632,-0.272099,0.599163,-0.147691,0.013274,0.082511,0.57236,0.401413,-0.538499,0.187448,-0.212448,0.401413,-0.703183,0.422592,0.622585,-0.150397,0.108802,0.5616,0.401413,0.436708,-0.093474,0.080549,-0.159498,-0.416663,0.158269,0.718233,0.290321,0.401413,0.29794,0.414894,-0.218532,0.787944,0.095684,0.032669,0.0,0.271368,-0.0689,0.0,-0.371741,-0.384026,0.407779,0.374039,-0.070311,-0.096516,0.430985,-0.380006,-0.664624,-0.258823,-0.226396,-0.556827,0.357627,0.246947,-0.047874,0.186636,-0.00227,0.541471,-0.406067,-0.566923,0.39098,0.45109,-0.378239,-0.234907,-0.070683,0.347024,0.254462,#
