0,1.0,0.074891,-0.370761,-0.002766,0.014698,-0.120191,0.399405,-0.36093,-0.193378,-0.206632,0.676304,0.797915,0.381484,0.032314,-0.120191,-0.391736,0.289642,-0.507194,0.297436,-0.881133,0.026207,0.101215,-0.120191,0.433688,0.357116,-0.084679,0.110383,0.098493,0.08743,0.414821,-0.458469,0.089021,-0.240717,0.266084,0.712541,-0.407444,0.349994,0.166948,0.372606,-0.06928,0.066642,-0.035319,0.258818,-0.071547,0.395154,0.675651,0.23003,0.529799,0.032008,-0.11301,-0.380994,-0.036002,0.106983,-0.108242,-0.209326,-0.10962,-0.127047,0.454342,-0.028542,-0.276655,0.146739,0.055269,-0.792418,-0.240717,-0.446557,0.366187,0.557998,-0.517418,-0.077918,0.082295,-0.104248,-0.169699,0.0,-0.147285,0.377281,-0.236256,-0.407444,-0.411694,-0.610854,-0.295118,-0.361296,-0.17321,0.343956,-0.506486,0.244142,-0.352885,-0.283418,-0.234958,-0.145134,0.246872,0.094434,-0.145134,-0.145134,-0.420754,-0.266052,-0.420898,-0.010226,-0.592019,-0.559259,-0.361296,0.095152,-0.6073,-0.225457,0.541577,0.053806,-0.514717,-0.361296,-0.294495,-0.449028,-0.098698,-0.304694,0.414437,0.161902,-0.234711,-0.470912,-0.264297,-0.098698,-0.004906,-0.499867,0.395905,-0.098698,0.275847,-0.161172,0.645197,-0.348034,-0.114745,-0.720133,0.550515,-0.555323,-0.361296,-0.326608,-0.420898,-0.132803,0.50651,-0.38166,-0.157166,0.301154,-0.610854,0.319383,-0.64359,-0.361296,-0.301889,-0.0645,-0.408112,-0.019033,-0.193363,-0.098698,0.126929,-0.391209,-0.610854,0.428106,-0.116481,-0.799797,0.120177,-0.499867,-0.188361,-0.305455,0.256263,-0.145134,-0.361296,-0.403137,-0.222806,-0.407444,-0.35376,-0.393657,0.000203,-0.098698,-0.170988,-0.69275,0.0,0.583933,-0.754663,0.25054,-0.347779,0.398519,-0.105237,-0.61791,0.642991,-0.151361,-0.585358,0.361989,0.21505,-0.282344,0.518195,0.299182,-0.124236,0.321624,-0.101895,0.006754,0.224871,-0.675656,0.398519,0.371841,-0.350425,-0.186874,-0.117288,0.366492,-0.622541,-0.02405,-0.720133,#
1,0.074891,1.0,-0.14844,-0.465124,0.004549,-0.366936,-0.204971,-0.364958,0.189514,0.170592,-0.130286,-0.033859,-0.16408,0.508069,-0.366936,0.334099,0.407831,-0.304832,0.401336,-0.006053,0.012659,0.310507,-0.366936,-0.018175,0.211971,-0.169333,-0.163759,0.353928,0.361213,0.21324,-0.249173,-0.285354,-0.16408,-0.107407,0.353173,-0.665526,0.01226,0.356887,0.471272,-0.343146,0.508671,-0.267729,-0.132422,-0.406624,-0.42854,-0.10014,-0.398526,0.270967,-0.486215,0.237343,-0.256834,-0.406506,0.116193,0.205578,-0.202565,0.089566,0.286527,-0.011203,0.233424,0.020149,0.097535,0.303805,-0.502431,-0.16408,0.349674,0.633376,-0.191547,-0.305581,-0.379965,-0.078157,-0.149144,-0.152291,0.0,0.236865,-0.437764,0.71165,0.158145,-0.48153,0.262499,-0.405778,-0.195758,-0.08861,0.230408,-0.25646,-0.095519,-0.228629,-0.138892,0.148879,-0.061062,-0.095519,-0.228629,-0.061062,-0.061062,-0.213514,-0.374871,0.032467,0.016582,-0.298756,0.261072,-0.195758,-0.271005,-0.102505,-0.366084,0.100116,-0.25646,-0.260032,0.332813,0.015336,-0.478587,-0.998289,0.621995,0.212956,-0.393638,-0.097275,-0.233304,-0.414669,-0.380536,-0.492359,0.051039,-0.010174,-0.380536,0.158145,-0.621413,-0.150325,-0.502431,-0.191272,-0.374871,0.461607,-0.325868,-0.195758,-0.287894,-0.449993,-0.585432,-0.084812,-0.449993,-0.03431,0.158145,0.262499,-0.273334,-0.336304,-0.195758,-0.279751,0.262499,-0.282817,0.027302,-0.008129,-0.380536,0.006557,0.534672,0.262499,-0.023252,0.789551,0.354361,-0.195758,0.051039,-0.655376,0.450688,0.439429,-0.061062,-0.195758,-0.209493,-0.374871,0.158145,-0.138892,-0.194022,0.520724,0.237217,0.328645,-0.383346,0.0,0.112723,-0.264442,0.125198,0.665644,0.246222,0.241162,-0.114481,0.41178,0.211997,-0.585432,0.509172,-0.600271,0.362402,0.354317,-0.311713,0.130314,0.699876,-0.307042,-0.439386,0.431636,-0.366084,0.246222,-0.016872,0.653861,0.455491,0.474384,-0.037318,-0.327276,0.734378,0.123627,#
2,-0.370761,-0.14844,1.0,-0.379525,-0.385413,0.474024,-0.185842,-0.25033,0.531423,0.530775,-0.433393,-0.337619,-0.136412,0.306193,0.474024,0.316809,-0.439857,0.747598,-0.398408,0.39204,-0.375479,0.201265,0.474024,-0.366875,0.254791,0.24777,-0.210847,-0.467282,-0.153626,0.117711,-0.147712,-0.079641,-0.179148,0.197046,-0.253564,0.147748,-0.107801,0.595215,-0.29797,-0.642217,-0.319092,-0.076412,0.263143,0.460234,0.151073,-0.416386,-0.50549,-0.300922,0.12499,-0.16877,0.288943,-0.271019,0.464221,-0.16959,-0.282554,0.140906,-0.174083,-0.484534,-0.203379,-0.186033,0.378051,0.281341,0.338608,-0.179148,-0.138978,-0.195787,0.05816,-0.211197,-0.537489,-0.317904,-0.178129,-0.004951,0.0,-0.185134,0.113722,-0.088312,0.104293,0.314224,0.189865,0.409217,0.178473,0.23066,-0.354269,0.750963,-0.47643,0.233275,-0.194766,-0.377411,-0.452836,0.155058,0.14793,-0.452836,-0.452836,-0.127631,-0.287442,0.315625,-0.407237,0.534774,-0.148701,0.178473,-0.216733,0.238736,-0.305844,-0.270339,-0.142405,-0.225277,0.234245,-0.398323,0.389451,0.123847,0.388339,0.120491,-0.262689,0.300734,0.598251,0.31253,0.091256,-0.378305,-0.387093,-0.422526,0.091256,0.104293,0.228853,-0.48615,-0.369948,-0.294813,0.436577,-0.184675,-0.229528,0.178473,0.559683,0.341078,-0.464713,-0.206139,-0.359644,-0.415972,-0.026073,0.189865,-0.373624,-0.271913,0.178473,-0.180716,-0.681279,-0.30856,-0.368572,-0.254969,0.091256,-0.036325,-0.300202,0.189865,-0.462193,-0.261171,0.262663,-0.589222,-0.387093,0.279139,0.699336,-0.03097,-0.452836,0.178473,0.379471,-0.386453,0.104293,-0.033719,0.978249,0.256987,0.156439,-0.174097,0.341025,0.0,-0.385852,0.173384,0.191203,-0.07531,0.087203,-0.206145,0.359823,-0.433163,0.529389,0.256872,-0.321622,0.182538,0.122912,-0.578437,-0.244248,0.074326,-0.169337,-0.325914,-0.343359,-0.342272,0.411985,0.087203,-0.330375,-0.036072,-0.383639,0.334341,0.319929,0.588113,-0.179524,0.489177,#
3,-0.002766,-0.465124,-0.379525,1.0,0.244062,-0.219441,0.353505,0.077376,-0.587973,-0.563569,0.400679,0.195554,-0.336253,-0.584265,-0.219441,-0.652611,-0.378445,-0.074912,-0.062925,0.176259,0.57903,-0.653081,-0.219441,0.238068,-0.498813,-0.048052,-0.053704,0.21599,0.053824,-0.498505,0.440439,0.467422,0.338745,-0.449557,-0.122668,0.353741,-0.464957,-0.644096,0.185906,0.530483,0.167198,0.37946,0.033452,0.183361,-0.025317,0.395064,0.358629,-0.257996,-0.130977,-0.617202,0.25748,0.645712,-0.455875,-0.062487,0.441378,-0.47281,0.159299,0.59144,0.218115,-0.159429,-0.849833,-0.22797,0.118095,0.338745,0.040258,-0.325718,0.137277,0.212602,0.656189,0.295464,0.170837,-0.421923,0.0,-0.211879,0.000508,-0.278497,0.353741,0.567324,0.001131,0.393877,0.177179,0.363983,0.229602,-0.015771,0.421794,0.677451,0.347922,-0.008747,0.386791,-0.038742,0.625605,0.386791,0.386791,0.490819,0.418405,0.147169,0.554479,0.189088,0.251658,0.177179,0.022544,0.038277,0.799093,-0.001138,0.526939,0.624653,0.21106,0.080344,-0.230337,0.471214,-0.396536,-0.498803,0.402428,-0.433942,-0.015771,0.408999,0.471214,0.625247,0.265824,0.644732,0.471214,0.327342,0.801821,0.066216,0.548534,0.487685,-0.021428,-0.603971,0.61174,0.177179,-0.139606,0.147169,0.81826,0.204162,0.588313,-0.032407,-0.332622,0.001131,0.149987,0.387582,0.177179,0.397877,0.53034,0.109848,0.199821,0.149394,0.471214,-0.722962,0.203411,0.001131,0.228272,-0.177738,-0.22077,0.643544,0.265824,0.415542,-0.541669,-0.64035,0.386791,0.177179,0.284778,0.418405,0.353741,0.347922,-0.333216,-0.258567,0.510812,-0.326508,-0.009658,0.0,0.381707,0.38396,-0.332622,-0.231515,-0.525048,0.200808,0.025828,-0.41524,-0.650804,0.379906,-0.599304,-0.058433,-0.641192,-0.225816,-0.247968,-0.235962,-0.375074,0.246828,0.569611,-0.029256,0.363021,-0.525048,-0.183021,-0.275897,0.375635,-0.543229,-0.203964,-0.227373,-0.078995,0.010526,#
4,0.014698,0.004549,-0.385413,0.244062,1.0,0.194264,0.330129,-0.328546,-0.169209,-0.336392,-0.382337,-0.18032,-0.334806,-0.178682,0.194264,-0.653842,0.040265,-0.465177,0.809602,-0.175696,-0.193209,-0.20971,0.194264,0.222659,-0.013688,0.365321,-0.033685,-0.210422,0.507245,0.014387,0.053195,-0.11649,-0.334806,-0.38812,-0.01621,0.32796,-0.121379,-0.539293,0.266873,0.512042,0.155756,-0.263234,-0.046436,-0.362859,-0.499375,-0.39036,-0.081002,-0.34794,-0.114434,0.219389,0.222878,0.29285,-0.815851,0.200889,-0.429342,-0.444104,-0.631694,0.203473,0.202101,-0.09503,-0.399399,0.218211,-0.275614,-0.334806,0.330998,-0.337574,-0.18007,-0.204254,0.230959,0.360236,-0.357045,0.457587,0.0,-0.220328,-0.051657,0.312813,0.32796,-0.215407,-0.018127,-0.033488,-0.229829,-0.417034,0.196535,-0.538622,0.414979,0.211237,-0.340615,-0.016221,0.010174,-0.434577,-0.221626,0.010174,0.010174,-0.482121,0.395655,-0.611658,-0.155052,-0.264013,0.193195,-0.229829,0.494705,0.366919,0.007095,-0.396334,0.005112,-0.217474,-0.229829,-0.298306,-0.606489,-0.003967,-0.057189,0.006152,-0.381154,-0.809852,-0.073892,-0.045637,-0.003967,0.603122,-0.245842,0.18727,-0.003967,-0.333249,-0.006479,0.024623,0.155637,0.414214,-0.045008,-0.317695,-0.173939,-0.229829,-0.1885,-0.611658,0.420975,0.357659,0.202124,-0.389065,0.32796,-0.018127,0.672892,-0.004623,-0.229829,-0.568091,0.512081,0.185781,0.192831,0.335242,-0.003967,0.001053,-0.194425,-0.018127,0.221161,0.182097,-0.237839,0.237416,-0.245842,0.005605,-0.174512,0.100082,0.010174,-0.229829,-0.371399,0.395655,0.32796,-0.340615,-0.41141,0.15216,-0.003967,0.199734,-0.057107,0.0,0.020468,0.495121,-0.333249,0.292555,-0.003137,-0.630931,-0.006469,0.409843,-0.221529,-0.018205,0.185607,0.035702,-0.167428,0.644351,0.2157,-0.245107,-0.31053,0.627979,0.623091,-0.395701,-0.4298,-0.003137,0.6074,0.335625,0.009676,0.168268,0.206489,-0.253181,-0.122766,-0.045008,#
5,-0.120191,-0.366936,0.474024,-0.219441,0.194264,1.0,0.494365,-0.061971,-0.016669,-0.039903,-0.368051,-0.234153,-0.238507,-0.255675,1.0,-0.063863,0.064946,0.304971,0.127185,-0.149363,-0.644445,-0.065137,0.491882,-0.259234,0.298611,0.496648,-0.30715,-0.493422,0.184693,0.299654,-0.221452,0.262258,-0.238507,0.089675,-0.382804,0.213855,-0.129043,0.187503,-0.191819,-0.231649,-0.728369,-0.276527,0.032428,0.473625,0.322194,-0.38857,0.146972,-0.158967,0.549546,0.008817,0.40149,-0.328742,-0.086638,-0.315187,-0.443564,0.133935,-0.435243,-0.211,0.026994,0.121509,0.361471,0.41122,0.214614,-0.238507,-0.421623,-0.251286,-0.022473,0.019487,0.125798,-0.203366,-0.24905,0.594063,0.0,0.007695,0.342555,-0.30272,0.213855,-0.223278,-0.236441,0.379214,0.457963,0.123661,-0.474087,0.190931,0.072974,-0.052973,-0.278465,-0.097178,0.10409,0.117673,-0.034054,-0.368861,-0.368861,-0.356541,-0.124284,-0.195364,-0.146886,0.052851,-0.449267,-0.052582,0.747926,0.540949,-0.549193,-0.590841,-0.403191,-0.419749,-0.534763,-0.28249,0.206676,0.342457,-0.106086,0.299472,-0.096506,0.070021,0.211243,-0.115865,0.342457,0.199639,-0.537246,-0.252979,0.342457,-0.508628,0.099104,0.021346,0.214614,-0.015607,0.357214,-0.246192,-0.338961,0.457963,0.135625,-0.195364,0.07957,-0.120847,-0.238181,-0.338421,0.213855,-0.236441,0.380702,-0.088901,0.457963,-0.447612,-0.236441,0.048543,-0.248132,-0.117202,0.342457,0.34856,-0.645597,-0.236441,0.177791,-0.460604,-0.0426,-0.052582,-0.537246,0.5246,-0.020929,-0.146872,0.10409,0.457963,-0.148848,-0.124284,0.213855,-0.278465,0.455637,0.196448,-0.22108,0.170986,0.352215,0.0,-0.113001,0.189049,0.184956,-0.320675,0.267967,-0.448175,0.03867,0.040288,0.028664,0.07957,0.187292,0.503024,-0.036329,-0.075365,0.506412,0.095769,-0.209508,-0.002662,0.218063,-0.362596,-0.071811,0.267967,0.174175,-0.222073,-0.799068,0.639115,0.178862,0.498712,-0.569939,-0.097534,#
6,0.399405,-0.204971,-0.185842,0.353505,0.330129,0.494365,1.0,-0.263575,-0.294678,-0.313102,0.276992,0.33201,-0.123694,-0.379999,0.494365,-0.536494,0.274994,-0.211603,0.268728,-0.362125,-0.312381,-0.538746,-0.277795,0.304938,0.117901,0.215133,-0.132901,0.256202,0.641844,0.119693,-0.141663,0.659472,-0.123694,-0.411864,-0.203522,0.101008,-0.057197,-0.197738,0.301563,0.185052,-0.363021,-0.009185,0.219101,0.479617,0.153994,0.274317,0.381909,0.197013,0.393108,-0.244034,0.170359,-0.108324,-0.27741,-0.07961,-0.124321,-0.321124,-0.234947,0.356838,0.491154,-0.22494,-0.273161,0.166005,-0.335204,-0.123694,-0.233457,-0.135734,0.224425,-0.225734,0.370678,0.066249,-0.116411,-0.017154,0.0,-0.228864,0.186549,-0.157991,0.101008,-0.360127,-0.695098,0.425884,0.256295,0.301827,-0.238182,-0.228029,0.302352,0.198377,-0.149533,-0.244269,0.328644,0.302352,0.227127,-0.390073,-0.390073,-0.181874,-0.278456,-0.32518,0.383231,-0.232579,-0.225088,-0.519552,0.675334,0.27535,-0.272509,-0.309806,-0.228029,-0.191757,-0.547735,-0.334936,-0.356583,0.18445,-0.311383,0.119216,0.428236,-0.437891,-0.197162,-0.319511,0.18445,0.356782,-0.374197,0.356212,0.18445,0.101008,0.274312,0.280291,0.380877,0.342907,-0.278456,-0.113344,-0.192737,0.256295,-0.231865,-0.32518,0.301827,-0.040234,-0.32518,-0.353908,0.101008,-0.695098,0.426171,-0.238724,0.256295,-0.222289,0.185297,-0.180588,-0.332118,-0.103951,0.18445,-0.036711,-0.316554,-0.695098,0.332168,-0.230534,-0.504392,0.256295,-0.374197,0.248886,-0.409923,-0.108243,0.328644,0.256295,-0.363976,-0.278456,0.101008,-0.149533,-0.209681,0.304178,0.151513,-0.085852,-0.28416,0.0,0.376533,-0.125817,0.057092,-0.199471,0.08726,-0.223429,-0.489072,0.219766,-0.263783,-0.42742,0.298091,0.220746,-0.456449,0.195295,0.490147,-0.342711,-0.118628,-0.238182,0.353754,0.247697,-0.272509,0.08726,0.278524,-0.152995,-0.447752,0.306475,0.259372,-0.265152,-0.311122,-0.305034,#
7,-0.36093,-0.364958,-0.25033,0.077376,-0.328546,-0.061971,-0.263575,1.0,-0.282381,-0.089845,0.172857,-0.157294,0.234598,-0.506067,-0.061971,0.49354,0.238908,0.118774,-0.536818,0.16291,0.144677,0.063705,-0.061971,-0.081155,-0.285633,-0.071705,0.032574,0.080769,-0.428237,-0.151037,0.230497,0.175035,0.581224,0.229806,-0.394133,0.225576,0.026233,-0.382452,-0.42045,0.392176,-0.362044,0.259938,-0.267303,0.068791,0.342251,0.141628,0.674419,0.066511,0.3587,0.265027,0.11746,-0.01487,0.004705,-0.239199,0.651678,0.362488,0.441466,-0.235701,-0.049382,0.56584,0.083729,-0.387259,0.610808,0.581224,-0.201945,-0.156661,-0.365826,0.92736,0.476181,-0.28731,0.540942,0.27421,0.0,0.431713,-0.128185,-0.2744,-0.197379,0.093885,0.084548,-0.219584,0.264502,-0.040519,-0.38475,0.074938,-0.064405,-0.295348,0.60332,0.431842,0.431383,-0.115117,-0.2492,0.431383,0.431383,0.685858,0.262504,0.144274,0.199384,-0.029543,-0.018105,0.264502,0.157606,0.026709,0.283151,0.044057,0.074938,0.50083,-0.233102,0.689062,0.766263,0.391233,-0.540831,-0.144975,0.493387,0.647904,-0.271881,-0.086371,0.074017,0.072052,0.627941,-0.317397,0.074017,-0.479349,-0.094969,0.186038,0.610808,-0.18162,0.262504,-0.132688,0.573108,0.264502,-0.201826,0.392017,0.384678,-0.293982,0.557178,0.724857,-0.338364,0.084548,0.046078,0.751584,0.264502,0.742374,0.084548,0.582044,0.123211,-0.102178,0.074017,0.300244,0.152722,0.084548,0.145229,-0.370039,0.270482,0.264502,0.627941,0.292089,-0.465125,-0.228469,0.431383,0.264502,0.019514,0.382965,-0.197379,0.407384,-0.217487,-0.714811,-0.507546,0.004192,0.397964,0.0,-0.149302,0.091573,0.155083,-0.198419,-0.108707,0.453151,0.298189,-0.241986,-0.205578,0.384678,-0.048659,0.220458,0.142418,-0.353895,0.287451,0.271862,-0.173021,0.075218,-0.00057,0.192516,0.283151,-0.108707,-0.094412,-0.224301,-0.017644,-0.328314,-0.56746,0.378257,-0.164988,-0.20679,#
8,-0.193378,0.189514,0.531423,-0.587973,-0.169209,-0.016669,-0.294678,-0.282381,1.0,0.928151,-0.489951,-0.337646,0.469065,0.750909,-0.016669,0.348512,-0.014919,0.166852,-0.211743,0.309571,-0.585046,0.321504,-0.016669,0.112113,0.159233,0.076335,0.408711,0.018661,0.160542,0.170366,-0.19433,-0.318929,-0.253729,0.007602,-0.236996,0.241068,0.61625,0.342934,-0.358149,-0.200381,-0.057197,-0.192722,0.422449,0.067504,-0.40177,-0.456619,-0.720296,0.066989,0.011772,0.48453,-0.182684,-0.352072,0.331714,0.511337,-0.319888,-0.118436,-0.43158,-0.613391,0.019573,-0.456228,0.31547,-0.185774,-0.018744,-0.253729,0.45577,-0.259911,0.024728,-0.471655,-0.864582,-0.042592,-0.032974,-0.032776,0.0,-0.474152,-0.241555,0.472028,-0.493895,-0.129967,-0.151115,0.004653,-0.450115,-0.277672,-0.345515,0.203012,-0.785064,-0.007698,-0.247185,-0.426099,-0.727849,0.159255,-0.488845,-0.727849,-0.727849,-0.352002,-0.45779,-0.101902,-0.618116,0.190415,0.170108,-0.450115,-0.399775,0.152514,-0.445367,-0.173809,-0.401374,-0.290695,0.021529,-0.429476,0.176263,-0.189621,0.472433,0.167168,-0.163691,0.036681,0.388976,-0.00405,-0.740843,-0.624806,-0.159402,-0.653822,-0.740843,0.241068,-0.309649,-0.547852,-0.498099,-0.123704,0.032026,0.318334,-0.333399,-0.450115,0.560623,0.328598,-0.765841,-0.386979,-0.575958,-0.260329,0.241068,-0.151115,-0.348846,-0.414158,-0.450115,-0.179177,-0.740465,-0.165299,-0.590409,-0.059613,-0.740843,0.338198,-0.11757,-0.151115,-0.791352,0.162151,0.049651,-0.969479,-0.159402,-0.477589,0.755806,0.716612,-0.727849,-0.450115,-0.022688,-0.45779,-0.493895,-0.247185,0.497306,0.363306,-0.189621,-0.158862,0.02362,0.0,-0.633436,-0.081154,-0.023519,0.46436,0.175531,-0.461691,0.006979,-0.009713,0.975988,-0.277672,0.156706,0.04141,0.490998,0.004745,0.02268,-0.439009,-0.224656,-0.345515,-0.586315,0.018618,0.040262,0.175531,0.142442,0.485093,-0.271995,0.119247,0.592236,0.020086,-0.083816,0.476838,#
9,-0.206632,0.170592,0.530775,-0.563569,-0.336392,-0.039903,-0.313102,-0.089845,0.928151,1.0,-0.332776,-0.37057,0.453789,0.580319,-0.039903,0.513355,0.145707,0.14477,-0.400334,0.33699,-0.560585,0.492384,-0.039903,0.274912,0.114948,0.249564,0.234428,0.036106,0.14115,0.354553,-0.390823,-0.086339,0.047584,0.170972,-0.260166,0.250777,0.583678,0.322243,-0.394963,-0.187821,-0.234927,-0.219724,0.593976,0.269705,-0.220168,-0.296757,-0.52225,0.202205,-0.01945,0.463444,-0.015656,-0.541797,0.3048,0.330391,-0.189223,-0.184808,-0.237129,-0.589031,0.212544,-0.489428,0.289574,-0.226955,0.007324,0.047584,0.267768,-0.282154,0.04214,-0.275892,-0.80462,-0.303555,0.261277,-0.061223,0.0,-0.489307,-0.447785,0.478887,-0.486802,-0.103891,-0.138383,-0.149633,-0.434343,-0.256991,-0.505622,0.194402,-0.952985,0.009657,0.049545,-0.39517,-0.708773,0.18147,-0.473201,-0.708773,-0.708773,-0.136752,-0.611823,-0.075733,-0.593964,0.033722,0.015043,-0.434343,-0.420794,0.174661,-0.414461,-0.192867,-0.412133,-0.251224,0.03898,-0.405651,0.334879,-0.177019,0.320032,0.354397,0.002626,0.178174,0.215139,0.028341,-0.730203,-0.783527,-0.125692,-0.792908,-0.730203,0.250777,-0.289071,-0.576021,-0.473737,-0.343554,-0.120264,0.28626,-0.294481,-0.434343,0.384895,0.356299,-0.746897,-0.426993,-0.551475,-0.239586,0.250777,-0.138383,-0.290751,-0.383144,-0.434343,0.012807,-0.729831,-0.126306,-0.746801,-0.309361,-0.730203,0.308867,-0.091456,-0.138383,-0.633063,0.005611,0.067202,-0.955555,-0.125692,-0.319633,0.727633,0.683993,-0.708773,-0.434343,0.013612,-0.426963,-0.486802,-0.25114,0.494922,0.19676,-0.177019,-0.361837,0.056084,0.0,-0.45724,-0.097527,0.221274,0.462409,0.366019,-0.280251,0.164491,-0.040416,0.964828,-0.256991,0.133504,0.213354,0.510626,-0.183578,0.008129,-0.46095,-0.230496,-0.505622,-0.771889,0.181583,0.072895,0.366019,0.118543,0.482367,-0.249955,0.098791,0.569281,0.006228,-0.100798,0.326131,#
10,0.676304,-0.130286,-0.433393,0.400679,-0.382337,-0.368051,0.276992,0.172857,-0.489951,-0.332776,1.0,0.820041,0.264983,-0.395503,-0.368051,-0.13317,0.159313,-0.194184,-0.280173,-0.483112,0.431576,-0.116802,-0.368051,0.396805,0.086212,-0.23999,-0.086632,0.352433,-0.122867,0.058731,-0.140995,0.398715,0.264983,0.142593,0.417072,-0.271921,0.00167,-0.116035,0.357007,0.127378,0.058224,0.441577,0.181588,0.161116,0.60274,0.998263,0.611605,0.412655,0.101104,-0.372929,-0.122439,0.127717,0.21125,-0.384383,0.515641,-0.012272,0.481247,0.441393,0.077984,-0.041164,-0.189307,-0.120357,-0.382216,0.264983,-0.523275,0.26042,0.320883,0.069534,0.270833,-0.186779,0.263844,-0.476313,0.0,0.083977,0.166946,-0.389131,-0.271921,-0.001502,-0.407674,-0.158046,-0.084556,0.162489,0.137542,-0.144996,0.216151,-0.093413,0.255056,-0.133236,0.191117,0.174509,0.364841,0.191117,0.191117,0.379275,-0.12489,-0.010853,0.392772,-0.353888,-0.33465,-0.084556,-0.089572,-0.663731,0.270451,0.66609,0.408494,0.10382,-0.101833,0.098327,-0.039933,0.117115,-0.585246,0.066823,0.650521,0.098922,-0.599141,-0.149419,0.117115,0.048869,0.020854,0.480152,0.117115,0.401151,0.174761,0.631498,0.056773,-0.211429,-0.573459,0.185992,0.058904,-0.084556,-0.501863,-0.010853,0.203565,0.319437,0.029035,0.179084,-0.271921,-0.407674,0.069038,-0.141642,-0.084556,0.44201,0.132047,-0.31891,0.038808,-0.404984,0.117115,-0.218625,0.003852,-0.407674,0.427611,-0.326692,-0.533771,0.391072,0.020854,0.146873,-0.496102,-0.168235,0.191117,-0.084556,-0.138668,-0.12489,-0.271921,0.255056,-0.448796,-0.418377,0.096922,-0.438055,-0.567993,0.0,0.637665,-0.581136,0.374228,-0.420089,0.056688,0.50528,-0.293237,0.140584,-0.410952,-0.243495,-0.033038,0.098984,-0.517945,-0.090222,0.05124,0.039407,0.199096,-0.301642,0.007185,0.526944,-0.174282,0.056688,-0.033938,-0.479458,0.120009,-0.462843,-0.051187,-0.388446,0.15415,-0.589753,#
11,0.797915,-0.033859,-0.337619,0.195554,-0.18032,-0.234153,0.33201,-0.157294,-0.337646,-0.37057,0.820041,1.0,0.317336,-0.178569,-0.234153,-0.26039,-0.005269,-0.073444,-0.009137,-0.670778,0.225537,-0.244413,-0.234153,0.191455,0.471304,-0.394808,-0.0143,0.216261,-0.024109,-0.041374,-0.023783,0.000781,-0.332516,-0.021725,0.521044,-0.33304,0.04262,-0.005092,0.572856,0.025959,0.276617,0.554789,0.016875,-0.135797,0.492723,0.818354,0.340513,0.181625,0.289647,-0.241395,-0.249949,0.29338,0.371916,-0.332823,0.301636,0.191757,0.170893,0.235176,-0.22548,0.060619,-0.024086,0.184351,-0.570358,-0.332516,-0.403574,0.30783,0.185689,-0.284835,0.029115,-0.059756,-0.3035,-0.32781,0.0,0.182988,0.510394,-0.354878,-0.33304,-0.199605,-0.499305,-0.017304,-0.212722,-0.002251,0.239021,-0.072685,0.430881,-0.221486,-0.33887,-0.373037,0.02588,0.009698,0.228408,0.02588,0.02588,-0.022671,0.01148,-0.208736,0.188868,-0.246727,-0.231209,-0.212722,0.006113,-0.812915,0.02295,0.791599,0.470708,-0.200481,-0.229684,-0.092748,-0.237068,0.015859,-0.436908,-0.033489,0.396347,-0.063467,-0.518545,-0.388625,0.015859,0.222651,-0.23545,0.606631,0.015859,0.327753,0.009712,0.815722,-0.139378,-0.15553,-0.428905,0.259537,-0.241582,-0.212722,-0.400136,-0.208736,0.038076,0.503023,-0.169576,0.014036,-0.33304,-0.499305,0.067778,-0.381602,-0.212722,0.066779,0.03057,-0.608598,0.208355,-0.300795,0.015859,-0.056815,-0.194303,-0.499305,0.221964,-0.220189,-0.653745,0.254229,-0.23545,-0.017577,-0.327537,0.02265,0.02588,-0.212722,-0.407749,-0.364918,-0.33304,0.273361,-0.409601,-0.219602,-0.003965,-0.228686,-0.799379,0.0,0.370344,-0.654841,0.301322,-0.385524,-0.055393,0.194072,-0.449515,0.366987,-0.294216,-0.400829,0.144946,-0.077344,-0.641998,0.19489,0.159544,0.190832,0.233085,-0.192151,0.236852,0.347328,-0.41367,-0.055393,0.148891,-0.437469,-0.053948,-0.298507,0.13686,-0.27737,0.275895,-0.444902,#
12,0.381484,-0.16408,-0.136412,-0.336253,-0.334806,-0.238507,-0.123694,0.234598,0.469065,0.453789,0.264983,0.317336,1.0,0.335722,-0.238507,0.22026,0.262997,-0.170546,-0.335107,-0.319518,-0.271781,0.188802,-0.238507,0.290389,0.110787,-0.293675,0.70618,0.246406,-0.201686,0.112575,-0.101277,-0.177006,-0.074621,0.261568,0.04401,0.096159,0.894532,0.04808,-0.379004,0.17762,-0.14676,0.131327,0.207387,-0.075271,0.146714,0.262321,0.058949,0.480858,0.376091,0.501124,-0.563857,-0.102609,0.407916,0.334608,0.123738,0.14125,-0.196153,-0.303025,-0.209776,-0.130314,0.4076,-0.553934,-0.119238,-0.074621,0.013763,-0.062635,0.214806,-0.14514,-0.368921,0.065414,0.197859,-0.016717,0.0,-0.176238,0.179146,-0.111359,-0.996555,-0.305998,-0.617849,-0.260356,-0.454722,-0.369408,-0.184877,-0.170499,-0.377957,-0.526497,-0.078967,-0.192886,-0.3332,0.290228,-0.497883,-0.3332,-0.3332,-0.125723,-0.226252,-0.271983,-0.290012,-0.179852,-0.173009,-0.454722,-0.16408,-0.413376,-0.220923,0.410384,-0.170499,-0.140348,-0.482771,0.03443,0.34424,0.17702,-0.258413,0.112097,0.410179,0.295511,-0.139779,-0.265868,-0.642516,-0.312726,0.067713,-0.32549,-0.642516,0.096159,-0.406842,0.268369,-0.119238,-0.100319,-0.226252,0.634441,-0.153911,-0.454722,0.209718,0.368066,-0.369408,-0.162629,-0.271983,0.342434,0.096159,-0.617849,-0.087906,-0.187934,-0.454722,0.215543,-0.617849,0.037901,-0.278192,-0.05493,-0.642516,0.617649,-0.264133,-0.617849,-0.344614,-0.1779,-0.440971,-0.454722,0.067713,-0.441751,-0.086168,0.590752,-0.3332,-0.454722,-0.301387,-0.226252,-0.996555,-0.078967,-0.137415,-0.236006,-0.675297,-0.161467,-0.231392,0.0,-0.307988,-0.627619,0.05245,-0.128113,0.135671,-0.171358,-0.429839,0.253242,0.487638,-0.369408,0.326849,0.255797,0.251181,0.23354,0.515429,-0.282501,-0.112812,-0.184877,-0.323797,0.280258,-0.220923,0.135671,0.308196,-0.147322,-0.374935,-0.41479,0.289968,-0.21172,-0.255063,-0.252705,#
13,0.032314,0.508069,0.306193,-0.584265,-0.178682,-0.255675,-0.379999,-0.506067,0.750909,0.580319,-0.395503,-0.178569,0.335722,1.0,-0.255675,0.195059,-0.053754,-0.059796,0.114664,0.137253,-0.158705,0.268879,-0.144759,-0.172108,0.00635,-0.339533,0.536707,0.159327,-0.030231,0.035355,-0.069208,-0.509074,-0.336367,0.058948,0.212335,-0.330768,0.527245,0.625436,-0.217439,-0.496033,0.326472,-0.354321,0.018444,-0.255387,-0.495656,-0.369313,-0.82876,0.260834,-0.352555,0.215091,-0.649446,-0.231113,0.416567,0.679617,-0.467938,0.050214,-0.215554,-0.185064,-0.211465,-0.338543,0.406982,-0.192642,-0.173791,-0.336367,0.502447,0.337452,0.274472,-0.63368,-0.738992,0.368521,-0.169957,-0.251156,0.0,-0.232923,-0.033008,0.357524,-0.330768,-0.140674,0.052107,-0.048378,-0.277788,-0.048399,0.265562,0.008886,-0.415733,-0.202222,-0.333053,-0.029292,-0.465532,0.356146,-0.202222,-0.362293,-0.362293,-0.493568,-0.368159,0.188659,-0.296873,0.209343,0.195034,-0.166342,-0.546491,-0.075389,-0.352565,0.057734,-0.423411,-0.228875,0.272216,-0.137031,-0.20235,-0.496152,0.803959,0.026855,-0.448934,0.017153,0.489216,0.045484,-0.496152,-0.605543,-0.04235,-0.225063,-0.496152,0.352637,-0.391714,-0.433596,-0.619519,0.120562,-0.01781,0.637093,-0.298332,-0.277788,0.60339,0.188659,-0.809787,-0.288695,-0.550718,-0.029316,0.352637,0.052107,-0.574527,-0.42285,-0.277788,-0.351015,-0.495899,-0.138199,-0.164279,0.352819,-0.496152,0.175191,0.175251,0.052107,-0.600596,0.62494,0.189025,-0.649272,-0.04235,-0.809762,0.6082,0.528457,-0.465532,-0.277788,0.180238,-0.368159,-0.330768,-0.333053,0.342806,0.628414,0.016402,0.281619,-0.030591,0.0,-0.365759,-0.336405,-0.330768,0.320658,0.046749,-0.217955,-0.34887,0.051326,0.652251,-0.355864,0.181355,-0.362478,0.613033,0.264836,-0.23418,-0.213997,0.345683,-0.180364,-0.547616,-0.02218,-0.00521,0.046749,-0.158293,0.322826,0.073164,0.146872,0.252123,-0.222334,0.147928,0.395798,#
14,-0.120191,-0.366936,0.474024,-0.219441,0.194264,1.0,0.494365,-0.061971,-0.016669,-0.039903,-0.368051,-0.234153,-0.238507,-0.255675,1.0,-0.063863,0.064946,0.304971,0.127185,-0.149363,-0.644445,-0.065137,0.491882,-0.259234,0.298611,0.496648,-0.30715,-0.493422,0.184693,0.299654,-0.221452,0.262258,-0.238507,0.089675,-0.382804,0.213855,-0.129043,0.187503,-0.191819,-0.231649,-0.728369,-0.276527,0.032428,0.473625,0.322194,-0.38857,0.146972,-0.158967,0.549546,0.008817,0.40149,-0.328742,-0.086638,-0.315187,-0.443564,0.133935,-0.435243,-0.211,0.026994,0.121509,0.361471,0.41122,0.214614,-0.238507,-0.421623,-0.251286,-0.022473,0.019487,0.125798,-0.203366,-0.24905,0.594063,0.0,0.007695,0.342555,-0.30272,0.213855,-0.223278,-0.236441,0.379214,0.457963,0.123661,-0.474087,0.190931,0.072974,-0.052973,-0.278465,-0.097178,0.10409,0.117673,-0.034054,-0.368861,-0.368861,-0.356541,-0.124284,-0.195364,-0.146886,0.052851,-0.449267,-0.052582,0.747926,0.540949,-0.549193,-0.590841,-0.403191,-0.419749,-0.534763,-0.28249,0.206676,0.342457,-0.106086,0.299472,-0.096506,0.070021,0.211243,-0.115865,0.342457,0.199639,-0.537246,-0.252979,0.342457,-0.508628,0.099104,0.021346,0.214614,-0.015607,0.357214,-0.246192,-0.338961,0.457963,0.135625,-0.195364,0.07957,-0.120847,-0.238181,-0.338421,0.213855,-0.236441,0.380702,-0.088901,0.457963,-0.447612,-0.236441,0.048543,-0.248132,-0.117202,0.342457,0.34856,-0.645597,-0.236441,0.177791,-0.460604,-0.0426,-0.052582,-0.537246,0.5246,-0.020929,-0.146872,0.10409,0.457963,-0.148848,-0.124284,0.213855,-0.278465,0.455637,0.196448,-0.22108,0.170986,0.352215,0.0,-0.113001,0.189049,0.184956,-0.320675,0.267967,-0.448175,0.03867,0.040288,0.028664,0.07957,0.187292,0.503024,-0.036329,-0.075365,0.506412,0.095769,-0.209508,-0.002662,0.218063,-0.362596,-0.071811,0.267967,0.174175,-0.222073,-0.799068,0.639115,0.178862,0.498712,-0.569939,-0.097534,#
15,-0.391736,0.334099,0.316809,-0.652611,-0.653842,-0.063863,-0.536494,0.49354,0.348512,0.513355,-0.13317,-0.26039,0.22026,0.195059,-0.063863,1.0,0.311401,0.366297,-0.528637,0.289293,-0.199464,0.497778,-0.063863,-0.257308,0.199394,-0.082927,-0.146453,0.073448,-0.235649,0.170049,-0.148112,-0.164495,0.22026,0.327423,-0.213121,-0.218002,0.142315,0.360809,-0.228864,-0.326925,-0.176126,0.052397,-0.099614,0.039518,0.168497,-0.125605,-0.007254,0.166466,0.156046,0.432264,0.010351,-0.555157,0.544239,-0.173182,0.28928,0.559631,0.480008,-0.653764,-0.05159,0.394712,0.518085,0.027842,0.311209,0.22026,-0.054547,0.220853,-0.426703,0.411661,-0.343372,-0.601453,0.257383,0.129788,0.0,0.445178,-0.325106,0.226745,-0.218002,-0.185615,0.248199,-0.316964,0.078828,-0.057402,-0.480472,0.36088,-0.533226,-0.428148,0.24849,0.147211,-0.064196,-0.050351,-0.428148,-0.064196,-0.064196,0.336991,-0.321472,0.271595,-0.173245,0.026229,0.017768,0.078828,-0.240878,-0.043055,-0.326419,0.079127,-0.228826,0.009469,0.078828,0.336879,0.665556,-0.327004,0.165673,0.178734,0.070667,0.793633,-0.122982,-0.311528,-0.327004,-0.653104,0.311063,-0.649683,-0.327004,-0.218002,-0.533995,-0.157583,-0.156504,-0.615762,0.156447,0.259391,0.016339,0.078828,-0.046212,0.271595,-0.533714,-0.461738,-0.190947,0.392088,-0.218002,0.248199,-0.42691,0.138376,0.078828,0.372562,-0.326837,0.021588,-0.185365,-0.370664,-0.327004,0.404201,0.261088,0.248199,-0.260104,0.026187,0.566466,-0.427922,0.311063,-0.131223,0.40854,0.274037,-0.064196,0.078828,-0.020212,-0.321472,-0.218002,0.24849,0.277273,-0.143821,-0.327004,0.069506,0.165436,0.0,-0.362185,-0.184983,0.470426,0.26224,0.217771,0.433793,0.345854,-0.085987,0.455228,-0.057402,0.242,-0.080328,0.497102,-0.39035,-0.018968,0.379285,0.265653,-0.480472,-0.652341,0.379202,0.147415,0.217771,-0.221468,0.250364,-0.028168,0.230519,-0.227428,0.457572,0.293778,0.156447,#
16,0.289642,0.407831,-0.439857,-0.378445,0.040265,0.064946,0.274994,0.238908,-0.014919,0.145707,0.159313,-0.005269,0.262997,-0.053754,0.064946,0.311401,1.0,-0.620558,0.213508,-0.396985,-0.385931,0.362617,-0.377632,0.423822,0.092669,0.237182,-0.035179,0.361263,0.418083,0.612547,-0.567561,0.334833,0.262997,0.183182,0.013539,-0.271855,0.430861,-0.012202,0.037074,0.131158,-0.360984,-0.418549,0.139522,0.075138,0.063369,0.158203,0.4088,0.720545,0.094897,0.531372,-0.117013,-0.724903,-0.191501,0.051286,-0.106887,-0.0382,0.103392,0.033523,0.564531,0.038486,0.235308,-0.080351,-0.37518,0.262997,-0.143602,0.257391,-0.028763,0.135789,0.074829,-0.270912,0.403386,0.300712,0.0,0.08809,-0.405416,0.343039,-0.271855,-0.815124,-0.407575,-0.573681,-0.088938,-0.247574,-0.321925,-0.646641,-0.208611,-0.533913,0.251876,0.263336,0.19013,0.164426,-0.533913,-0.221818,-0.221818,-0.111659,-0.545211,-0.409021,0.057814,-0.794089,-0.318302,-0.533631,0.407831,0.150761,-0.550144,-0.16419,-0.606834,-0.326328,-0.533631,0.09734,-0.039264,-0.407782,-0.167807,0.612285,0.246976,0.09897,-0.611257,-0.612089,-0.407782,-0.367296,-1e-06,-0.354654,-0.407782,-0.271855,-0.665906,0.181669,0.066827,-0.222032,-0.577472,0.521683,-0.316748,-0.088938,-0.51396,-0.409021,-0.215422,-0.270506,-0.377798,0.178112,0.432954,-0.407575,0.361973,-0.142549,-0.088938,-0.050702,0.135858,0.210584,-0.372306,-0.230563,-0.407782,0.563115,0.018521,-0.407575,0.413436,0.11873,-0.097331,-0.054731,-1e-06,-0.282917,-0.21065,0.486508,0.19013,-0.088938,-0.547311,-0.143741,-0.271855,-0.401136,-0.457106,0.076453,-0.407782,0.128725,-0.192846,0.0,0.293225,-0.422757,0.382611,0.268773,0.652933,0.077199,-0.288289,0.629615,0.116515,-0.665557,0.834013,0.223292,0.400062,0.419952,0.564649,-0.173042,0.326751,-0.321925,-0.385979,0.603757,-0.58213,0.652933,0.444221,0.307712,-0.200173,0.392319,0.028511,-0.387624,-0.02926,-0.577472,#
17,-0.507194,-0.304832,0.747598,-0.074912,-0.465177,0.304971,-0.211603,0.118774,0.166852,0.14477,-0.194184,-0.073444,-0.170546,-0.059796,0.304971,0.366297,-0.620558,1.0,-0.597335,0.470827,-0.063869,-0.208481,0.304971,-0.59082,0.270418,-0.132759,-0.272081,-0.29152,-0.312312,-0.391971,0.371824,-0.152427,-0.202847,-0.08948,-0.404659,0.197066,-0.407384,0.240859,-0.091302,-0.357337,-0.091901,0.524259,-0.142971,0.261126,0.271679,-0.192042,-0.173034,-0.590531,0.413007,-0.244588,0.344227,0.159005,0.58253,-0.38995,0.312347,0.483191,0.168217,-0.57314,-0.418563,0.308834,0.162301,0.320444,0.567295,-0.202847,-0.120657,-0.205417,-0.349236,0.181775,-0.18525,-0.354273,-0.323332,-0.061475,0.0,0.273609,0.293884,-0.289566,0.164221,0.45461,0.271531,0.582436,0.365748,0.34378,-0.364329,0.982538,-0.090969,0.236518,-0.180681,-0.32068,-0.074654,-0.129956,0.236518,-0.074654,-0.074654,0.320128,0.155515,0.456061,-0.075669,0.752073,0.172431,0.365748,-0.158747,-0.005983,0.042894,0.030673,0.307314,0.178647,0.239286,0.003528,0.571784,0.295599,0.090838,-0.381967,0.037417,0.462225,0.405423,0.115489,0.270966,0.02894,0.012721,-0.104957,0.270966,-0.0,0.34192,-0.13141,0.031755,-0.23465,0.702742,-0.452522,0.194742,0.365748,0.346525,0.4753,-0.08274,-0.155065,0.041872,-0.047568,-0.656886,0.271531,-0.478911,0.16648,0.365748,0.249509,-0.386896,-0.321523,0.03545,-0.241837,0.270966,-0.150351,-0.066011,0.271531,-0.483495,-0.353568,0.366153,-0.21449,0.012721,0.442839,0.391143,-0.335792,-0.074654,0.365748,0.287914,-0.330909,0.164221,0.610513,0.695456,-0.101604,0.123166,-0.108638,0.241496,0.0,-0.512366,0.255237,0.164222,-0.192921,-0.410716,0.152583,0.44303,-0.612704,0.165673,0.462646,-0.462245,-0.108776,-0.253629,-0.750511,-0.251991,0.446982,-0.222317,-0.235742,0.051797,-0.204097,0.585442,-0.410716,-0.474825,-0.208602,-0.197629,0.058739,-0.089018,0.858506,0.088997,0.583475,#
18,0.297436,0.401336,-0.398408,-0.062925,0.809602,0.127185,0.268728,-0.536818,-0.211743,-0.400334,-0.280173,-0.009137,-0.335107,0.114664,0.127185,-0.528637,0.213508,-0.597335,1.0,-0.437361,-0.088779,-0.008635,0.127185,0.031624,0.122717,0.142714,-0.053143,-0.140465,0.411482,0.197607,-0.141933,-0.248254,-0.447862,-0.15909,0.395811,-0.269435,-0.06755,-0.06395,0.401333,0.056133,0.298922,-0.478074,-0.227638,-0.505132,-0.403749,-0.287202,-0.177987,-0.023471,-0.302903,0.135038,-0.129746,0.059382,-0.547515,0.204186,-0.644062,-0.194646,-0.436048,0.373748,0.069354,-0.015339,-0.059645,0.357954,-0.528184,-0.447862,0.189004,0.249234,0.025323,-0.411357,0.107272,0.415048,-0.454944,0.356653,0.0,0.007632,0.080803,0.287398,0.332494,-0.451103,0.034378,-0.20806,-0.142607,-0.29656,0.493319,-0.656507,0.51118,-0.135105,-0.46574,0.191354,0.077179,-0.213628,-0.135105,0.077179,0.077179,-0.69807,0.17021,-0.455089,-0.05547,-0.405159,-0.002598,-0.142607,0.401336,0.138049,-0.245442,-0.186141,-0.180558,-0.442771,-0.142607,-0.189867,-0.806779,-0.404153,0.237001,0.188076,-0.602264,-0.654772,-0.112566,-0.194717,0.047294,0.339444,-0.344135,0.313692,0.047294,-0.269435,-0.291373,0.149748,-0.150696,0.31378,-0.215517,0.130157,-0.425993,-0.142607,-0.228629,-0.807665,0.08787,0.385679,-0.081774,-0.28604,0.504474,0.034378,0.484241,-0.2525,-0.142607,-0.791606,0.498487,0.037829,0.325945,0.401329,0.047294,0.075304,-0.090024,0.034378,0.385576,0.478649,-0.149898,0.266388,-0.344135,-0.285713,-0.110709,0.160263,0.077179,-0.142607,-0.353692,0.202864,0.332494,-0.518854,-0.403161,0.423543,0.047294,0.49833,-0.202324,0.0,0.246337,0.075135,-0.269435,0.214705,0.188992,-0.435637,-0.290954,0.625251,-0.261708,-0.29656,0.429782,-0.167267,0.038606,0.830768,0.121013,-0.012492,0.278512,0.493319,0.387592,-0.281355,-0.627871,0.188992,0.441479,0.259912,0.090237,0.413144,0.088121,-0.397824,0.092526,-0.215517,#
19,-0.881133,-0.006053,0.39204,0.176259,-0.175696,-0.149363,-0.362125,0.16291,0.309571,0.33699,-0.483112,-0.670778,-0.319518,0.137253,-0.149363,0.289293,-0.396985,0.470827,-0.437361,1.0,0.142599,-0.197875,-0.149363,-0.249637,-0.495446,-0.041702,0.009385,0.167677,-0.017054,-0.495141,0.458641,0.045257,0.340861,-0.389322,-0.63733,0.367981,-0.291512,-0.101074,-0.311503,0.017929,0.097703,0.107642,-0.033972,0.210078,-0.49507,-0.462506,-0.388293,-0.39304,-0.241741,-0.121611,0.259984,0.076422,-0.003378,0.280068,0.28989,-0.132768,0.231548,-0.277231,0.169347,-0.065708,-0.358367,-0.230543,0.654907,0.340861,0.571469,-0.332878,-0.305638,0.29355,-0.055608,0.018281,0.225081,-0.290059,0.0,-0.117497,-0.49269,0.305338,0.341121,0.577987,0.53213,0.40617,0.256928,0.366246,-0.237842,0.55479,-0.397475,0.599612,0.386976,0.077444,0.030056,-0.027439,0.14243,0.030056,0.030056,0.518479,0.06512,0.583879,0.133093,0.682583,0.664183,0.256928,-0.424988,0.499936,0.375243,-0.430865,0.002596,0.647257,0.601661,0.170228,0.299452,0.028203,0.430672,-0.495436,-0.01616,0.109017,0.55479,0.421307,0.008058,-0.168984,0.540943,-0.246795,0.008058,0.206821,0.358572,-0.800726,0.216945,0.210329,0.512639,-0.477964,0.626256,0.256928,0.433428,0.599612,0.01744,-0.56416,0.245157,0.058073,-0.330377,0.53213,-0.560466,0.480269,0.256928,0.429782,-0.006328,0.223975,-0.154122,0.1723,0.008058,-0.423396,0.566,0.53213,-0.582281,0.229886,0.70542,-0.217588,0.540943,0.042104,0.409569,-0.24145,0.030056,0.256928,0.587622,0.06512,0.341121,0.386976,0.43073,0.144169,0.410956,-0.064287,0.528321,0.0,-0.45566,0.631491,-0.330377,0.407859,-0.486165,0.215781,0.481724,-0.795645,0.237614,0.463455,-0.531495,-0.345577,0.210431,-0.628252,-0.547982,-0.139369,-0.29956,-0.132684,-0.185947,-0.033488,0.818936,-0.486165,-0.545961,0.384087,0.375993,-0.067864,-0.234692,0.349804,0.121723,0.83776,#
20,0.026207,0.012659,-0.375479,0.57903,-0.193209,-0.644445,-0.312381,0.144677,-0.585046,-0.560585,0.431576,0.225537,-0.271781,-0.158705,-0.644445,-0.199464,-0.385931,-0.063869,-0.088779,0.142599,1.0,-0.217333,-0.186739,-0.186687,-0.499697,-0.506606,0.011296,0.202769,-0.501901,-0.499389,0.444124,-0.029241,0.368246,-0.002885,0.39904,-0.333211,-0.442358,-0.118586,0.151967,0.017759,0.562707,0.272645,-0.388932,-0.269729,0.028087,0.423107,0.152139,-0.05422,-0.527314,-0.614962,-0.222548,0.561978,-0.005613,-0.050309,0.447917,0.040784,0.625053,0.600197,-0.245223,0.167166,-0.39512,-0.234835,0.136454,0.368246,0.015429,0.386321,0.172691,0.266287,0.447049,0.333223,0.178759,-0.556521,0.0,0.264391,0.056604,-0.295831,0.317592,0.598294,0.496217,-0.012735,0.197911,0.377589,0.704226,0.021956,0.435041,0.197688,0.38711,0.432912,0.399629,-0.003184,0.64078,0.825657,0.825657,0.520544,0.449112,0.579788,0.562653,0.222169,0.23322,0.657803,-0.469784,-0.410271,0.82402,0.465086,0.557133,0.650746,0.641097,0.539686,-0.172938,0.00781,0.011594,-0.499687,0.015384,0.049477,0.021956,0.44088,0.495912,0.226626,0.524272,0.652047,0.495912,0.317592,0.395346,0.103754,0.136454,0.221421,0.015384,-0.119724,0.615382,0.197911,-0.089348,0.198585,0.417306,0.245514,0.618357,0.421182,-0.333211,0.496217,-0.329843,0.417693,0.197911,0.440269,0.496217,0.121952,0.636463,0.312505,0.495912,-0.671478,0.584915,0.496217,0.241063,0.247557,0.206907,0.657803,0.524272,0.008941,-0.361337,-0.632124,0.399629,0.197911,0.552043,0.449112,0.317592,0.38711,-0.283394,-0.257697,0.476388,0.056694,0.027451,0.0,0.41458,0.030797,-0.333211,-0.261003,-0.493056,0.667803,0.021162,-0.395632,-0.666268,0.417306,-0.581003,-0.454427,-0.217387,-0.204769,-0.649716,0.282349,0.316512,0.279572,0.191375,-0.015455,0.394001,-0.493056,-0.596816,-0.34475,0.796732,-0.56798,-0.628672,-0.188047,0.360254,-0.000371,#
