0,1.0,-0.293002,-0.440669,0.174817,0.273424,0.070082,0.610265,-0.00902,-0.278936,-0.346584,0.700638,0.831618,0.397983,-0.127742,0.290828,-0.219633,0.263859,-0.489381,0.287403,-0.799929,-0.115434,0.216273,0.161237,0.543637,0.180656,-0.018371,-0.244437,0.082464,-0.069707,-0.09515,-0.320221,-0.086233,-0.039099,0.100228,0.519812,-0.134451,0.262615,-0.397562,0.40386,0.319175,-0.340715,0.730465,0.240777,-0.218273,0.420735,0.827416,0.375807,-0.144897,0.438336,-0.125576,0.054369,0.183497,-0.119142,-0.576453,0.226294,0.067704,-0.430233,0.440997,-0.072232,-0.288618,0.076547,0.209755,-0.384937,-0.300806,-0.455518,-0.37181,0.293226,-0.376307,0.041387,-0.379128,-0.160334,0.389302,0.0,-0.321264,0.371664,-0.299457,-0.611103,-0.257189,-0.606103,-0.194706,-0.574799,-0.350089,0.011565,-0.590927,0.026066,-0.611103,-0.407599,-0.379567,-0.360229,0.066217,-0.341453,-0.05782,0.188225,-0.510332,-0.234742,-0.685838,0.164366,-0.466052,-0.52812,-0.350089,0.415531,-0.383393,-0.360229,0.334357,-0.088943,-0.37002,-0.799699,-0.524686,-0.191516,0.293226,-0.699525,0.39944,0.172661,-0.215442,-0.561296,-0.350089,0.08324,0.367783,-0.278126,0.009224,-0.341453,0.0,-0.341453,0.831778,-0.184259,-0.253895,-0.700345,0.262615,-0.549257,-0.421778,-0.605855,-0.430862,0.034198,0.490603,0.019759,-0.135741,0.0,-0.799699,0.214608,-0.51337,-0.350089,-0.143194,-0.30601,-0.316717,-0.094912,-0.38621,-0.085632,0.463872,-0.652664,-0.610792,0.429399,-0.559336,-0.799715,0.143601,-0.295453,0.091681,-0.170565,0.388296,-0.224216,-0.183497,-0.744787,-0.360229,0.019628,-0.295453,-0.375358,-0.179519,-0.407402,-0.182948,-0.580746,0.0,0.573383,-0.754549,0.267276,-0.328829,0.199231,-0.407599,-0.38379,0.654897,-0.04677,-0.257189,0.123821,0.360147,-0.334735,0.516927,0.551042,-0.270871,-0.368467,0.100495,0.369092,0.233794,-0.685838,0.385031,0.541675,0.03174,-0.15313,-0.411672,0.100059,-0.375358,-0.320719,-0.858501,#
1,-0.293002,1.0,-0.180787,-0.175389,0.333657,-0.205368,-0.168847,-0.118224,0.256386,0.438203,-0.350917,-0.293804,-0.088711,0.357119,-0.280577,0.226239,0.225008,-0.284881,0.330692,0.235504,-0.392207,0.269301,-0.247355,0.152848,0.170615,0.096446,-0.238594,0.208719,0.537915,0.103061,-0.071064,-0.18061,-0.143869,-0.529066,-0.083611,0.104356,0.084386,-0.259403,0.247675,0.133973,0.32243,-0.098294,0.247601,-0.348376,-0.736981,-0.275647,-0.373036,-0.065353,-0.233999,0.448834,0.122399,-0.194093,-0.14264,0.100587,-0.052185,-0.360536,-0.139967,-0.293804,0.504366,-0.098185,-0.174045,0.169376,-0.35771,-0.100773,0.59154,-0.330325,-0.989674,-0.131615,-0.333678,-0.269511,-0.064615,0.341845,0.0,-0.201707,-0.331607,0.990068,0.136134,-0.231253,0.223723,-0.410706,-0.401904,-0.485827,-0.313586,-0.257279,-0.348053,0.136134,-0.213798,-0.073936,-0.307195,-0.51356,-0.529066,-0.155306,-0.198663,-0.216932,-0.265712,-0.286168,-0.227551,-0.116447,0.589503,-0.485827,-0.136325,0.179779,-0.307195,-0.285478,-0.257279,-0.274119,0.207513,-0.261106,-0.398281,-0.989674,0.46979,0.210157,-0.316485,-0.411165,-0.132052,-0.485827,-0.557358,-0.194296,-0.018627,-0.36109,-0.529066,0.0,-0.529066,-0.348954,-0.302511,-0.093488,-0.265712,0.084386,-0.25121,-0.366746,-0.302309,-0.332509,-0.366746,-0.138794,-0.332509,-0.330686,0.0,0.207513,-0.03021,-0.213668,-0.485827,-0.300669,0.207513,-0.083932,-0.253573,-0.233379,-0.674188,-0.008299,0.389017,0.169387,-0.398319,0.47516,0.235774,-0.485827,0.194047,-0.570047,0.438593,0.500976,-0.286168,-0.427972,-0.3669,-0.307195,0.234336,0.194047,-0.111614,0.350305,0.090756,-0.10694,-0.365725,0.0,-0.245557,0.261157,0.047539,0.994712,0.277242,-0.213798,0.181272,0.224515,0.389466,-0.231253,0.454765,-0.250725,0.223998,0.206189,-0.12441,-0.314771,-0.159833,-0.116447,-0.167995,0.339347,-0.286168,0.229416,0.414543,0.679431,0.266419,0.31201,0.236809,-0.111614,0.541003,0.325925,#
2,-0.440669,-0.180787,1.0,-0.471222,-0.656388,0.296271,-0.336423,-0.408163,0.427819,0.053987,-0.677917,-0.568459,-0.239358,-0.152238,0.257634,0.462994,-0.082481,0.97242,-0.613369,0.320769,-0.170511,-0.013741,0.018837,-0.194915,0.459147,0.2642,0.055543,-0.18616,-0.359995,0.285273,-0.235433,-0.307126,-0.410746,0.299227,-0.334724,0.284301,-0.270879,0.976013,0.026451,-0.663083,-0.025926,-0.443671,-0.04652,0.59539,0.208373,-0.572219,-0.316203,-0.353809,-0.010534,0.269711,0.361192,-0.367653,0.185131,0.137635,-0.690966,0.527501,0.370205,-0.587124,-0.294129,-0.142443,0.351125,0.445476,0.460003,-0.327668,0.049506,0.329098,0.077252,-0.208461,-0.345402,0.110043,-0.253657,-0.172119,0.0,0.612488,-0.062179,-0.134631,0.236585,0.0484,0.425541,0.34642,0.347879,0.258566,-0.080245,0.729676,-0.087356,0.236585,0.337719,-0.318018,-0.07342,0.299879,0.257082,-0.396284,-0.47259,0.16218,0.023148,0.580114,-0.413545,0.315409,-0.354676,0.258566,-0.278442,0.341191,-0.07342,0.193477,0.15147,-0.066666,0.320535,-0.004882,0.38503,0.077252,0.086908,-0.391502,0.080445,0.379208,0.142728,0.258566,0.278154,-0.415744,-0.279329,-0.101475,0.257082,0.0,0.257082,-0.580311,0.040546,-0.413876,0.559448,-0.270879,0.155016,0.463937,0.538249,0.483332,-0.061275,-0.095285,-0.054566,-0.150509,0.0,0.320535,-0.504609,0.168801,0.258566,-0.00764,-0.248117,-0.34357,0.158203,0.288483,0.164161,-0.087883,0.111396,0.237154,-0.049918,0.225398,0.320931,-0.310085,-0.544576,0.275468,0.042905,-0.173443,0.0484,0.367295,0.424035,-0.07342,-0.197788,-0.544576,0.612488,-0.150288,0.141629,0.236427,0.348935,0.0,-0.45887,0.203099,0.206006,-0.153538,-0.079974,0.337719,0.339573,-0.088544,0.006172,0.0484,-0.376543,-0.039693,0.308235,-0.229017,-0.264339,0.810649,0.638233,-0.337162,-0.380651,-0.578774,0.580114,-0.387242,-0.378896,-0.209988,-0.079255,0.643094,0.188716,0.612488,0.347164,0.501416,#
3,0.174817,-0.175389,-0.471222,1.0,0.298517,0.117914,0.125529,0.265257,-0.970938,-0.51755,0.266041,0.026607,-0.243639,-0.496813,-0.12814,-0.592268,-0.147159,-0.496918,0.244912,-0.361132,0.212286,-0.157963,-0.231137,0.112403,-0.197051,-0.179904,-0.300448,0.081548,-0.016588,-0.105235,0.322485,0.319407,-0.071646,-0.401444,0.361153,0.420155,-0.293669,-0.528445,0.012608,0.280176,-0.034698,0.267652,0.281464,0.082821,-0.136252,0.41909,0.620491,-0.18889,-0.075534,-0.522362,0.106495,0.605739,-0.546468,-0.260948,-0.0,-0.685463,0.034455,0.807662,0.404015,-0.310172,-0.438157,-0.155386,-0.108621,0.31022,-0.116568,-0.276735,0.200881,-0.127435,0.902743,-0.054018,0.315277,-0.404231,0.0,-0.285606,0.4582,-0.21407,0.420264,0.561075,0.247025,-0.203651,0.199195,0.032128,-0.021535,-0.565698,0.404313,0.420264,0.068471,0.582199,0.367201,0.032128,0.498344,0.785466,0.565473,-0.120197,0.147548,0.107662,0.547203,0.089081,-0.04039,0.032128,0.439399,0.083014,0.367201,-0.090901,-0.090901,-0.048801,0.083014,0.039327,-0.628967,0.200881,-0.215772,-0.034032,0.147548,-0.614341,-0.102227,0.032128,0.498344,0.828802,-0.240005,0.441117,0.498344,0.0,0.498344,0.063161,0.507565,0.24246,-0.292837,-0.293669,0.290856,0.361796,-0.386372,-0.059014,0.793076,0.299688,0.367201,-0.213641,0.0,0.083014,0.104005,0.303597,0.032128,-0.347587,0.549965,0.536703,0.339376,-0.02247,0.360793,-0.642871,0.163544,-0.109824,0.404313,-0.069283,-0.366324,0.499079,0.235243,0.06537,-0.63133,-0.605091,0.544282,0.199195,0.056706,0.367201,0.564521,0.235243,-0.258055,-0.187265,0.280176,-0.279968,-0.226451,0.0,0.577048,0.286953,-0.407049,-0.162535,0.283141,0.068471,-0.348959,-0.167097,-0.784534,0.561075,-0.222011,0.39572,-0.30717,0.090787,0.07635,-0.21913,-0.315382,0.624944,0.760112,-0.156041,0.107662,-0.085702,0.205627,-0.3589,0.258402,-0.203249,-0.289665,-0.258055,-0.22447,-0.405299,#
4,0.273424,0.333657,-0.656388,0.298517,1.0,-0.059263,0.449471,-0.375449,-0.229266,-0.226894,0.232233,0.450409,-0.310586,0.242361,0.053481,-0.664552,-0.221495,-0.621579,0.99469,-0.117099,0.14272,-0.245857,0.26869,-0.064822,-0.250976,-0.001314,-0.193473,-0.088849,0.56536,-0.407398,0.304518,0.054583,0.133568,-0.533537,0.262159,-0.407389,-0.22916,-0.733579,0.388716,0.407495,0.323646,0.151064,-0.217413,-0.690184,-0.407089,0.096271,-0.224529,0.141592,-0.194481,-0.359407,-0.094285,0.450889,-0.318114,-0.072245,0.217284,-0.395622,-0.622854,0.450409,0.096735,0.208483,-0.549409,0.134367,-0.509722,-0.206646,0.153439,-0.305586,-0.271664,0.040861,0.090296,0.080428,-0.446866,0.443633,0.0,-0.466793,-0.008629,0.285057,0.082283,-0.140697,-0.271188,0.110684,-0.271188,-0.114184,0.362525,-0.413679,0.376551,0.082283,-0.613535,-0.065916,-0.01062,-0.533255,-0.106023,0.125618,0.278505,-0.360502,0.206263,-0.605385,0.236287,-0.120172,0.516756,-0.114184,0.333657,-0.114184,-0.01062,-0.370567,0.055545,-0.019754,-0.114184,-0.297903,-0.66416,-0.271664,0.227788,0.182578,-0.560946,-0.660188,0.069654,-0.114184,-0.106023,0.546382,0.277721,0.356218,-0.106023,0.0,-0.106023,0.424217,-0.25365,0.492138,-0.228954,-0.22916,-0.351018,-0.427493,-0.350017,-0.814346,-0.001275,0.293253,-0.01062,-0.243561,0.0,-0.114184,0.521311,-0.368232,-0.114184,-0.275697,0.347286,-0.144356,0.044785,-0.06834,0.082283,-0.091166,-0.181713,0.068254,0.008286,0.034136,-0.122094,0.347286,0.085872,-0.097417,0.260558,0.138694,-0.173889,-0.271188,-0.380576,-0.01062,0.406933,0.085872,-0.412338,0.551163,0.381374,0.095737,-0.276773,0.0,0.293649,0.10786,-0.271664,0.277721,-0.214917,-0.613535,-0.105849,0.166002,0.017029,-0.140697,0.246217,-0.364484,-0.502704,0.354079,-0.091935,-0.51173,-0.454474,0.409401,0.594886,0.189487,-0.605385,0.155448,0.267051,0.406949,0.11653,-0.203882,-0.003534,-0.412338,-0.055977,-0.063119,#
5,0.070082,-0.205368,0.296271,0.117914,-0.059263,1.0,0.378902,-0.230468,-0.169929,0.086807,-0.057692,0.032037,-0.165668,-0.064441,0.760677,-0.161351,-0.176091,0.28667,-0.015206,-0.218237,-0.613242,-0.119159,0.124128,-0.303171,0.335067,0.197959,-0.404418,-0.231031,0.230994,0.205185,-0.165637,0.355128,-0.277975,-0.233003,-0.200047,0.20616,-0.146373,0.273682,-0.079495,-0.662857,-0.571166,0.032468,0.394905,0.553937,0.231932,0.023892,0.11675,-0.088498,0.634397,-0.419911,0.259171,-0.195963,0.257517,-0.361432,-0.381134,-0.15149,-0.333455,0.032037,0.226591,-0.191589,0.376084,0.33593,-0.041858,-0.198882,-0.413058,-0.479097,0.186122,-0.247002,0.104812,-0.302056,-0.19609,0.270044,0.0,-0.329384,0.520676,-0.268802,0.230204,0.106956,-0.165328,0.41649,0.416275,0.34439,-0.544353,0.1608,-0.038554,0.230204,-0.352778,-0.237417,-0.006863,0.323436,0.322784,-0.3339,-0.402363,-0.385156,-0.463713,0.065464,0.108216,0.382766,-0.311366,-0.232469,0.653191,0.302482,-0.533399,-0.447057,-0.425751,-0.502097,-0.253424,-0.482413,-0.123447,0.186123,0.127525,0.285665,0.041966,-0.135136,0.256154,-0.232469,0.301408,0.209006,-0.184841,-0.050297,0.322784,0.0,0.322784,-0.043984,0.055709,0.006653,0.080327,-0.146373,-0.376648,0.480651,0.037968,-0.025989,-0.052141,-0.128576,-0.552525,-0.598227,0.0,-0.253424,-0.016157,-0.377996,0.34439,-0.529424,-0.253424,-0.23768,-0.418012,-0.338978,0.254694,-0.098421,-0.46286,-0.39933,-0.076533,-0.407355,-0.221194,-0.232469,-0.466035,0.302518,0.044453,-0.246813,0.065464,0.396579,-0.062016,-0.533399,0.343008,-0.466035,0.623598,0.413148,0.153469,-0.21705,-0.098198,0.0,0.073814,0.010226,0.120816,-0.248643,0.36508,-0.352778,-0.28409,-0.203181,0.001253,0.106956,0.097477,0.471026,-0.245138,-0.294265,0.349599,-0.104849,-0.281192,-0.279224,0.223032,-0.087565,0.065464,0.232084,0.053864,-0.267511,-0.6202,0.543186,0.31293,0.623598,-0.455984,-0.031606,#
6,0.610265,-0.168847,-0.336423,0.125529,0.449471,0.378902,1.0,-0.16255,-0.176846,-0.424474,0.450722,0.531631,-0.129619,-0.071992,0.742124,-0.168508,0.367865,-0.358261,0.446366,-0.223546,-0.09595,-0.126525,0.111615,0.27429,-0.203193,0.1922,-0.375473,0.316331,0.257298,-0.397847,-0.16054,0.233137,0.262916,-0.238242,-0.195138,-0.421237,-0.142082,-0.370115,0.429821,0.18196,-0.557572,0.039366,-0.093003,0.008329,0.225925,0.513592,0.185414,-0.082483,0.316354,-0.389646,0.25152,-0.188148,-0.289524,-0.47281,0.287718,0.140015,-0.326853,0.531631,0.211417,-0.15406,-0.217909,0.326323,-0.051252,-0.163095,-0.278771,-0.268319,0.18196,-0.20945,0.168697,-0.292428,-0.190834,0.263766,0.0,-0.275836,0.0126,-0.169262,-0.385041,-0.392923,-0.662449,0.406499,-0.0837,0.336323,-0.021948,-0.384875,0.001145,-0.385041,-0.309947,-0.19595,0.031572,0.315471,-0.21697,-0.294721,0.119265,-0.345345,-0.423612,-0.434211,0.641217,-0.236753,-0.272356,-0.237707,0.6855,0.29462,-0.492381,-0.406077,-0.384875,0.008633,-0.779846,-0.440971,-0.130785,0.18196,-0.371765,0.279407,0.079586,-0.142369,-0.281529,-0.237707,0.293548,0.246358,-0.132582,-0.009567,-0.21697,0.0,-0.21697,0.525217,0.064416,0.048737,-0.423612,-0.142082,-0.367649,-0.012915,-0.483368,-0.511414,-0.012915,-0.078038,-0.035602,-0.078879,0.0,-0.779846,0.153376,-0.3386,0.336323,0.025787,-0.205817,-0.23087,-0.377584,-0.209509,0.248571,0.412916,-0.423674,-0.402242,0.450073,-0.367436,-0.226487,0.336323,-0.12766,0.294656,0.032637,0.239076,0.102532,0.386678,-0.578446,-0.492381,0.334974,-0.12766,-0.208101,0.437155,0.149467,0.242786,-0.10567,0.0,0.611437,-0.559283,0.116974,-0.196072,-0.140286,-0.309947,-0.289068,0.349179,0.023675,-0.392923,0.105146,-0.044639,-0.211461,0.292395,0.353329,-0.429334,-0.275865,-0.236753,0.264713,0.426276,-0.434211,0.267241,0.062203,0.35524,-0.126649,-0.003255,-0.24472,-0.208101,-0.410621,-0.521997,#
7,-0.00902,-0.118224,-0.408163,0.265257,-0.375449,-0.230468,-0.16255,1.0,-0.274367,0.267615,0.46715,-0.015969,0.458526,-0.053798,-0.330905,0.254694,0.252321,-0.404567,-0.432325,-0.01199,0.103012,0.33832,-0.256068,0.148705,-0.430065,-0.231738,0.048692,0.257222,-0.210347,0.086908,-0.018885,0.418545,0.489952,0.252854,-0.01692,0.089426,0.431812,-0.323281,-0.609877,0.184724,-0.400499,0.126672,0.296065,0.139674,0.15602,0.476179,0.57617,0.29123,0.089306,-0.07376,-0.249323,-0.140673,0.140853,-0.108902,0.630858,-0.258511,0.347245,0.227473,0.324574,-0.029857,0.169072,-0.730136,0.18028,0.822369,-0.232346,-0.086671,0.184724,0.313451,0.361969,-0.266226,0.945355,-0.393141,0.0,-0.26839,-0.001206,-0.127705,-0.226706,0.280958,-0.054221,-0.487466,0.047071,-0.01458,-0.356082,-0.31648,-0.417273,-0.226706,0.369552,0.624867,0.160276,0.254833,-0.076955,0.423318,0.334611,0.311424,-0.303109,0.174265,0.305376,-0.081476,-0.074216,-0.01458,-0.118224,-0.122345,0.160276,-0.042541,-0.31648,0.213373,-0.068462,0.404502,0.356409,0.184724,-0.187046,0.295372,0.429255,0.363635,-0.08182,-0.01458,-0.131923,-0.198342,0.082033,-0.366,-0.076955,0.0,-0.076955,0.017892,0.245895,-0.013832,-0.303109,0.431812,0.313059,0.056207,-0.195265,0.406186,0.056207,-0.361109,0.111094,0.452255,0.0,-0.068462,-0.025059,0.309929,-0.01458,0.360586,-0.068462,0.710612,-0.313509,-0.293568,-0.163732,0.065901,0.179046,-0.15106,0.005919,-0.303813,-0.007463,-0.01458,0.686709,-0.135144,-0.239752,-0.090619,0.174265,-0.003575,0.116596,0.160276,-0.056375,0.686709,-0.093352,-0.342858,-0.403033,-0.40614,0.102766,0.0,0.235978,-0.192827,0.016793,-0.082032,0.338576,0.369552,-0.12525,-0.338107,-0.00644,0.280958,0.056579,0.443349,0.277123,-0.368593,0.220189,-0.424615,-0.303733,-0.081476,-0.306668,0.469776,0.174265,0.318731,-0.051299,-0.170379,0.024413,-0.495564,-0.352166,-0.093352,-0.407998,-0.405781,#
8,-0.278936,0.256386,0.427819,-0.970938,-0.229266,-0.169929,-0.176846,-0.274367,1.0,0.529913,-0.390491,-0.126054,0.24503,0.627443,0.064545,0.561891,0.076677,0.456585,-0.173879,0.462111,-0.191008,0.099251,0.171382,-0.229841,0.099095,0.002765,0.393404,-0.015224,0.014758,-0.048855,-0.1103,-0.398907,0.037905,0.263057,-0.414661,-0.397449,0.330737,0.492209,-0.088222,-0.265035,0.129001,-0.323431,-0.369746,-0.185898,-0.069182,-0.531684,-0.73179,0.163906,0.010742,0.536392,-0.226042,-0.505595,0.52742,0.385824,-0.026765,0.664012,-0.086379,-0.79301,-0.428737,0.302333,0.420657,0.066316,0.174694,-0.337328,0.310158,0.317283,-0.265035,0.103157,-0.884132,0.145143,-0.344164,0.342273,0.0,0.26371,-0.43171,0.281196,-0.397552,-0.502142,-0.175638,0.241511,-0.175638,-0.016782,0.067672,0.530843,-0.392232,-0.397552,-0.112836,-0.446108,-0.334934,-0.016782,-0.520518,-0.71261,-0.506577,0.071794,-0.09121,-0.031384,-0.491247,0.064936,0.214965,-0.016782,-0.492931,-0.016782,-0.334934,0.018924,0.018924,0.114164,-0.016782,0.034889,0.555663,-0.265035,0.370461,-0.081577,-0.237308,0.554977,0.226791,-0.016782,-0.520518,-0.777425,0.246487,-0.43171,-0.520518,0.0,-0.520518,-0.164177,-0.46561,-0.11156,0.383608,0.330737,-0.203285,-0.329674,0.476018,0.124606,-0.794675,-0.393952,-0.334934,0.270931,0.0,-0.016782,-0.188687,-0.212308,-0.016782,0.302052,-0.520243,-0.401827,-0.269276,0.152871,-0.397552,0.618421,-0.040347,0.173955,-0.536871,0.226791,0.46769,-0.520243,-0.086833,-0.23382,0.643696,0.598409,-0.502142,-0.175638,-0.007014,-0.334934,-0.518075,-0.086833,0.26371,0.297991,-0.265035,0.397692,0.284019,0.0,-0.686588,-0.219151,0.190939,0.246487,-0.362737,-0.112836,0.273581,0.084768,0.796696,-0.502142,0.212351,-0.511096,0.41001,-0.035833,-0.124744,0.160378,0.293111,-0.512824,-0.704721,0.113811,-0.031384,-0.034088,-0.251304,0.406958,-0.181379,0.184227,0.199855,0.26371,0.231592,0.532046,#
9,-0.346584,0.438203,0.053987,-0.51755,-0.226894,0.086807,-0.424474,0.267615,0.529913,1.0,-0.081663,-0.085372,0.421203,0.610969,-0.175083,0.332881,-0.128263,0.085619,-0.192025,0.174824,-0.517729,0.335566,0.119475,-0.349332,0.162053,-0.010114,0.111823,-0.282703,0.314597,0.417573,-0.1757,0.145152,0.08531,0.127008,-0.117845,-0.063305,0.542563,0.12679,-0.549806,-0.39075,-0.039944,0.049032,0.315033,-0.087479,-0.113832,-0.265433,-0.299021,0.490248,0.275383,0.27427,-0.343882,-0.393723,0.788475,0.167654,0.157642,-0.159066,-0.222307,-0.672266,0.084126,0.325516,0.6037,-0.321277,-0.236117,0.178992,-0.014009,-0.280044,-0.39075,0.314696,-0.574213,-0.20783,0.171093,0.456884,0.0,-0.368995,-0.060732,0.384949,-0.073778,-0.086996,-0.090845,-0.275602,-0.090845,-0.284277,-0.511665,0.280348,-0.545588,-0.073778,-0.270359,-0.160111,-0.330561,-0.284277,-0.320204,-0.356295,-0.505782,0.015171,-0.34622,-0.121718,-0.55923,0.136837,0.352464,-0.284277,-0.280267,-0.284277,-0.330561,-0.210497,-0.210497,-0.300096,0.154104,-0.025755,0.322693,-0.39075,0.579625,0.484075,-0.190572,0.311111,0.370199,-0.284277,-0.767417,-0.586133,0.402799,-0.55522,-0.320204,0.0,-0.320204,-0.169895,-0.504534,0.009121,0.109051,0.542563,-0.354104,-0.320865,0.228463,0.110062,-0.766723,-0.374682,-0.730699,-0.07472,0.0,0.154104,0.135636,-0.393195,-0.284277,-0.073164,-0.328631,-0.061697,-0.623613,-0.459528,-0.586125,0.230204,-0.134207,-0.038041,-0.800805,-0.149958,0.180245,-0.767012,0.146795,-0.355063,0.602524,0.344523,-0.573096,-0.502895,0.023389,-0.330561,-0.276126,0.146795,0.428491,0.250161,-0.39075,-0.439655,-0.062109,0.0,-0.554816,0.065606,0.265054,0.402799,0.367837,-0.270359,0.128901,-0.30021,0.767042,-0.086996,0.549381,0.163503,0.142899,-0.491664,0.113413,-0.324671,-0.321984,-0.417138,-0.580027,0.365333,-0.121718,0.504851,0.124097,0.096126,-0.492936,0.085058,0.497246,0.428491,-0.100847,0.337939,#
10,0.700638,-0.350917,-0.677917,0.266041,0.232233,-0.057692,0.450722,0.46715,-0.390491,-0.081663,1.0,0.829785,0.32354,-0.156793,0.054833,-0.29631,0.158113,-0.620426,0.199755,-0.533081,0.174287,0.145685,0.269768,0.333878,-0.251475,0.140346,-0.16197,-0.088795,0.116146,0.07185,-0.302104,0.498171,0.546596,0.321293,0.393523,-0.40714,0.219687,-0.628778,-0.027616,0.407245,-0.376286,0.523924,0.166155,-0.178346,0.572704,0.835808,0.580777,0.442229,0.283152,-0.392432,-0.128633,0.052356,0.073082,-0.450211,0.742513,-0.212641,-0.191831,0.481014,0.096034,0.210418,-0.069793,-0.281358,-0.390286,0.400264,-0.713352,-0.292566,0.407245,0.314064,0.238318,-0.270838,0.335106,0.244463,0.0,-0.464994,0.077611,-0.361314,-0.407246,-0.124946,-0.66468,-0.249027,-0.255276,-0.097362,0.014179,-0.412423,0.023923,-0.407246,-0.159679,-0.046894,0.004677,-0.097362,-0.088868,0.142189,0.293848,0.035101,-0.149816,-0.589349,0.25206,-0.553222,-0.290191,-0.097362,0.335483,-0.532928,0.004677,0.056513,0.056513,-0.004624,-0.532928,-0.093144,0.100266,0.407246,-0.531485,0.614624,0.207066,0.076886,-0.308023,-0.097362,-0.088868,0.165107,0.27905,0.043867,-0.088868,0.0,-0.088868,0.849106,-0.133477,0.058396,-0.584766,0.219687,-0.316331,-0.411758,-0.526149,-0.416278,0.014199,0.253705,0.004677,0.154472,0.0,-0.532928,0.618382,-0.351359,-0.097362,0.259845,-0.07174,-0.001649,-0.336181,-0.536385,0.101811,0.257636,-0.569444,-0.407038,0.37724,-0.779327,-0.532938,0.363826,0.096286,0.313594,-0.085095,0.093366,-0.158118,-0.255276,-0.36404,0.004677,-0.064785,0.096286,-0.410574,-0.192385,-0.271497,-0.450917,-0.261084,0.0,0.665622,-0.497786,0.355035,-0.384069,0.168,-0.159679,-0.146934,0.149678,0.002002,-0.124946,0.230725,0.389755,-0.502396,-0.075027,0.390678,-0.509956,-0.498241,-0.023975,0.11895,0.551995,-0.589349,0.619864,0.250937,-0.106935,-0.268969,-0.645264,-0.021192,-0.410574,-0.563573,-0.812954,#
11,0.831618,-0.293804,-0.568459,0.026607,0.450409,0.032037,0.531631,-0.015969,-0.126054,-0.085372,0.829785,1.0,0.36931,0.08313,0.187411,-0.450131,-0.001501,-0.498223,0.466547,-0.652772,0.014277,-0.013819,0.413456,0.203205,-0.001484,0.043622,-0.02017,-0.214092,0.23136,-0.02569,-0.213287,0.199835,0.245282,0.190649,0.466398,-0.498553,0.287753,-0.5033,0.175081,0.33761,-0.1575,0.657136,0.006309,-0.408619,0.468835,0.633064,0.224315,0.385297,0.416964,-0.263501,-0.253491,0.187601,0.198475,-0.322352,0.473697,-0.028349,-0.574008,0.282085,-0.199879,0.271371,0.036486,-0.041033,-0.575633,-0.132703,-0.568926,-0.272991,0.33761,0.129901,-0.078595,-0.105825,-0.222676,0.589422,0.0,-0.436664,0.208481,-0.319947,-0.498683,-0.359859,-0.813919,-0.032631,-0.409748,-0.222587,0.180002,-0.305759,0.193929,-0.498683,-0.542801,-0.432084,-0.188517,-0.222587,-0.214269,-0.154485,0.053604,-0.259797,-0.017157,-0.818324,0.013126,-0.484747,-0.194784,-0.222587,0.383821,-0.652585,-0.188517,0.157183,0.157183,-0.197704,-0.652585,-0.317647,-0.058532,0.33761,-0.397515,0.510478,-0.031837,-0.080671,-0.209181,-0.222587,-0.214269,0.261187,0.293997,0.175169,-0.214269,0.0,-0.214269,0.99025,-0.364628,0.138648,-0.446546,0.287753,-0.604222,-0.599678,-0.364833,-0.604091,-0.179167,0.412398,-0.188517,-0.005243,0.0,-0.652585,0.656019,-0.641724,-0.222587,0.031922,-0.197293,-0.378031,-0.233693,-0.406095,0.003866,0.431866,-0.798652,-0.498429,0.179396,-0.674459,-0.652598,0.232705,-0.214906,0.183121,0.093043,0.312959,-0.392606,-0.409748,-0.546369,-0.188517,-0.1899,-0.214906,-0.38294,0.038048,-0.332455,-0.245565,-0.415458,0.0,0.407808,-0.573624,0.286066,-0.360646,-0.004724,-0.542801,-0.271384,0.377312,0.174929,-0.359859,0.364078,0.176816,-0.630748,0.211025,0.461906,-0.424144,-0.457085,0.037735,0.280209,0.383346,-0.818324,0.503665,0.392063,-0.032257,-0.432365,-0.522837,0.255119,-0.38294,-0.4683,-0.636557,#
12,0.397983,-0.088711,-0.239358,-0.243639,-0.310586,-0.165668,-0.129619,0.458526,0.24503,0.421203,0.32354,0.36931,1.0,0.345179,-0.240808,0.214749,0.213524,-0.244235,-0.278957,-0.459785,-0.348894,0.257625,-0.209858,0.143755,0.159439,-0.567551,0.432145,0.199386,-0.170161,0.096169,-0.023365,-0.144089,-0.107524,0.197203,0.180386,0.097458,0.970437,-0.045412,-0.40138,0.1291,-0.169925,0.644296,0.236012,-0.167706,0.13155,0.34667,0.186501,0.210909,0.593506,0.427239,-0.609968,-0.019735,0.539069,0.096846,0.242484,0.142139,-0.229595,-0.254524,-0.178835,-0.049309,0.65292,-0.500694,-0.172531,-0.05424,-0.065122,-0.05288,0.129099,-0.082925,-0.246966,-0.112543,0.206172,0.178837,0.0,-0.196861,0.339929,-0.116175,-0.677772,-0.220244,-0.436685,-0.393168,-0.384771,-0.464589,-0.299665,-0.247759,-0.333678,-0.677772,-0.206923,-0.0681,-0.29358,0.198182,-0.507092,-0.146897,-0.188039,-0.208043,-0.254316,-0.274925,-0.216086,-0.109986,-0.117656,-0.464589,-0.088711,-0.51982,-0.29358,0.426147,-0.247759,-0.260931,-0.492205,0.062163,0.266829,0.129099,-0.192637,0.202831,0.346237,0.270029,-0.123526,-0.464589,-0.535264,-0.185271,-0.014839,-0.346109,-0.507092,0.0,-0.507092,0.363514,-0.118934,-0.085815,-0.254316,0.970437,-0.212814,-0.352581,0.028593,0.311373,-0.352581,-0.134598,-0.318786,0.316071,0.0,-0.492205,-0.069287,-0.20501,-0.464589,0.031918,-0.492205,0.126381,-0.244295,-0.191937,-0.645497,0.621595,-0.267767,-0.621205,-0.38373,-0.2373,-0.451051,-0.464589,0.189773,-0.547347,-0.088351,0.479688,-0.274925,-0.410728,-0.350951,-0.29358,-0.552258,0.189773,-0.107152,-0.231025,-0.989762,-0.223249,-0.349119,0.0,-0.27869,-0.623911,0.043033,-0.098924,0.264668,-0.206923,-0.531076,0.212149,0.374606,-0.220244,0.436643,0.338338,0.214043,0.196073,0.676675,-0.305727,-0.229436,-0.109986,-0.207908,0.327109,-0.274925,0.221207,0.396126,-0.165258,-0.381211,-0.409488,0.225126,-0.107152,-0.292214,-0.325136,#
13,-0.127742,0.357119,-0.152238,-0.496813,0.242361,-0.064441,-0.071992,-0.053798,0.627443,0.610969,-0.156793,0.08313,0.345179,1.0,0.04194,0.136927,-0.328832,-0.10763,0.297785,0.300505,-0.222045,0.218828,0.362236,-0.527765,-0.22808,-0.396351,0.224699,-0.157593,0.108761,-0.40341,0.325197,-0.313305,0.128997,-0.065817,-0.077759,-0.403402,0.475261,-0.076204,-0.389659,-0.269005,0.074822,-0.024534,-0.192899,-0.615605,-0.403104,-0.277068,-0.731102,0.227532,0.052958,0.055508,-0.528174,0.004237,0.562962,0.176693,0.200504,0.158669,-0.632627,-0.310775,-0.345711,0.224921,0.461467,-0.242937,0.010894,-0.209418,0.31318,-0.187655,-0.269005,0.044558,-0.639541,-0.027326,-0.263955,0.48218,0.0,-0.466687,0.031513,0.277409,-0.403507,-0.055243,-0.207379,0.084837,-0.311502,-0.15878,0.015705,0.052043,-0.422822,-0.403507,-0.633505,-0.062756,-0.469332,-0.15878,-0.528315,-0.240345,-0.064115,-0.379621,-0.146748,-0.193352,-0.22396,0.430577,0.533471,-0.048003,-0.35733,-0.15878,-0.36822,-0.323417,-0.323417,-0.039986,-0.048003,-0.129822,0.139504,-0.269005,0.672731,0.210227,-0.638165,0.162323,0.548136,-0.048003,-0.528315,-0.294014,0.308411,-0.460207,-0.528315,0.0,-0.528315,-0.002275,-0.61118,0.267511,0.2015,0.475261,-0.377449,-0.465531,0.288368,-0.031176,-0.806578,-0.340714,-0.36822,0.117215,0.0,-0.048003,-0.05314,-0.387121,-0.15878,-0.103388,-0.528036,-0.006435,-0.331284,-0.076783,-0.403507,0.48029,-0.200895,0.141417,-0.8059,0.030891,0.305234,-0.528036,0.31809,-0.528013,0.746085,0.525825,-0.642203,-0.311502,-0.113894,-0.36822,-0.040875,0.31809,0.326335,0.624721,-0.269005,0.174127,0.128275,0.0,-0.49416,-0.179327,-0.269005,0.308411,-0.165458,-0.633505,-0.038548,-0.2078,0.820059,-0.055243,0.253992,-0.312806,0.286093,-0.042975,-0.078221,-0.453272,-0.452583,0.006827,-0.240516,0.178761,-0.193352,0.211393,-0.079132,0.427183,-0.187998,-0.230926,0.054532,0.326335,-0.250528,0.356293,#
14,0.290828,-0.280577,0.257634,-0.12814,0.053481,0.760677,0.742124,-0.330905,0.064545,-0.175083,0.054833,0.187411,-0.240808,0.04194,1.0,0.077851,0.064526,0.232571,0.091689,-0.017583,-0.329708,0.014727,0.328903,-0.094375,0.044704,0.313239,-0.463046,-0.029234,0.029468,-0.219393,-0.263071,0.109052,0.041499,-0.030866,-0.319492,-0.240608,-0.256894,0.216168,0.202206,-0.506839,-0.707856,-0.189274,0.038287,0.347906,0.346191,0.171905,-0.087268,-0.244159,0.399177,-0.439753,0.413244,-0.364141,0.048469,-0.525467,-0.118604,0.32557,-0.307977,0.187411,0.011449,-0.242174,0.226538,0.526915,0.232088,-0.297347,-0.374398,-0.324451,0.259313,-0.32712,-0.095569,-0.377698,-0.304994,0.284925,0.0,-0.207835,0.178175,-0.301402,-0.207745,-0.122523,-0.369912,0.599293,0.154949,0.490102,-0.217716,0.081661,-0.202525,-0.207745,-0.314787,-0.339026,-0.163871,0.471192,-0.011575,-0.472436,-0.139063,-0.403117,-0.529359,-0.047636,0.336731,0.211134,-0.451834,-0.030478,0.494219,0.452282,-0.639038,-0.466893,-0.447665,-0.179277,-0.522138,-0.567623,0.111925,0.259313,-0.103658,0.252036,-0.073015,0.100041,0.055426,-0.030478,0.451408,0.007859,-0.255715,-0.222824,-0.011575,0.0,-0.011575,0.130515,-0.089429,-0.156103,-0.038396,-0.256894,-0.421921,0.271022,-0.107687,-0.181132,-0.209791,-0.172815,-0.22479,-0.316216,0.0,-0.522138,-0.142798,-0.39285,0.490102,-0.15933,-0.522138,-0.378734,-0.436734,-0.233047,0.366869,0.311482,-0.520197,-0.223417,0.204602,-0.423151,-0.0203,-0.030478,-0.418208,0.452307,0.243299,0.07939,-0.047636,0.581529,-0.250926,-0.639038,0.37541,-0.418208,0.467885,0.491848,0.229846,0.203023,0.134988,0.0,0.304857,-0.3869,0.200378,-0.313294,-0.024005,-0.314787,-0.077263,0.051516,0.172893,-0.122523,-0.141071,0.115108,-0.038354,-0.077201,0.162393,-0.090004,-0.185745,-0.386271,0.043624,0.040932,-0.047636,0.223132,-0.193237,0.170162,-0.331184,0.338525,-0.070434,0.467885,-0.444111,-0.19104,#
15,-0.219633,0.226239,0.462994,-0.592268,-0.664552,-0.161351,-0.168508,0.254694,0.561891,0.332881,-0.29631,-0.450131,0.214749,0.136927,0.077851,1.0,0.538192,0.347089,-0.661624,0.403381,-0.228767,0.59145,-0.186215,0.296893,0.091178,0.162143,-0.096109,0.357062,-0.373046,0.091112,-0.451153,-0.324347,0.080947,0.355874,-0.407534,0.071538,0.216772,0.476311,-0.044927,-0.271803,-0.359652,-0.366563,0.148429,0.300004,0.061909,-0.070978,-0.172768,-0.305137,-0.06989,0.525571,0.308504,-0.734578,0.108067,-0.11107,0.014587,0.528781,0.456211,-0.450131,0.076194,-0.345806,0.389398,0.133156,0.506152,0.078593,0.1746,0.093523,-0.271803,-0.217723,-0.471591,-0.423571,0.334534,-0.143079,0.0,0.295899,-0.411841,0.28731,-0.407705,-0.157337,0.179377,-0.207268,-0.214095,-0.053353,-0.370974,0.135623,-0.814284,-0.407705,0.409747,-0.0651,-0.376477,0.365262,-0.533811,-0.350736,-0.165325,0.112925,-0.543817,0.291649,-0.140383,-0.042388,-0.289109,-0.053353,-0.488423,0.365262,-0.376477,0.073028,-0.352621,0.05185,-0.053353,-0.033373,0.606719,-0.271803,-0.099637,0.043745,0.222559,0.593489,-0.281285,-0.053353,-0.106762,-0.820173,-0.35927,-0.810019,-0.533811,0.0,-0.533811,-0.459202,-0.114125,-0.685767,-0.090959,0.216772,0.057708,0.015162,-0.014047,0.443906,-0.428333,-0.449361,0.005619,0.211819,0.0,-0.053353,-0.636158,0.126428,-0.053353,0.334651,-0.533529,-0.0206,-0.335525,-0.104144,-0.407705,0.469768,0.279342,0.137385,-0.055563,0.137563,0.408712,-0.533529,0.087173,-0.123773,0.247253,0.473202,-0.157337,0.179377,-0.061907,-0.376477,-0.143222,0.087173,0.295899,-0.179082,-0.271803,0.129848,0.22431,0.0,-0.197059,-0.334172,0.380525,0.278044,0.135063,0.409747,0.357379,0.148634,0.435689,-0.157337,-0.140557,-0.008998,0.806101,-0.092882,-0.096466,0.212868,0.289828,-0.593427,-0.836095,0.18668,0.291649,0.096727,-0.197059,0.409785,0.222257,0.209424,-0.16916,0.295899,0.275652,0.071923,#
16,0.263859,0.225008,-0.082481,-0.147159,-0.221495,-0.176091,0.367865,0.252321,0.076677,-0.128263,0.158113,-0.001501,0.213524,-0.328832,0.064526,0.538192,1.0,-0.20964,-0.25887,-0.087453,-0.217544,0.159671,-0.611418,0.80632,0.102054,0.179986,-0.123861,0.804912,0.098056,0.106934,-0.470781,0.049524,0.083291,-0.093196,-0.375569,0.067728,0.209987,-0.081529,0.409192,0.452959,-0.348244,-0.022187,0.157796,0.287719,0.076797,0.366333,0.401029,-0.183779,0.169792,0.52471,0.318497,-0.615251,-0.363709,-0.125698,0.211829,0.21844,0.434815,-0.015909,0.527002,-0.342089,-0.16278,0.142652,0.033453,0.079161,0.113511,0.085879,-0.271776,-0.21418,0.0475,-0.334621,0.332468,-0.130872,0.0,0.29377,-0.414959,0.314444,-0.407663,-0.609367,-0.275053,-0.229033,-0.235563,-0.076211,-0.359581,-0.363115,-0.354417,-0.407663,0.408135,-0.080813,0.052172,0.33904,-0.533756,-0.341767,-0.156984,0.114868,-0.532151,-0.181805,0.302646,-0.623415,-0.299549,-0.533475,0.225008,0.33904,-0.365202,0.094877,-0.32735,0.042322,-0.533475,-0.043465,0.146276,-0.271776,-0.569295,0.058023,0.674057,0.120638,-0.784526,-0.533475,-0.11014,-0.326418,-0.356258,-0.341539,-0.533756,0.0,-0.533756,0.048259,0.322598,-0.452755,-0.565324,0.209987,0.044566,-0.009024,-0.505908,-0.018282,0.023463,-0.29564,0.013823,0.202158,0.0,-0.533475,-0.224635,0.112628,-0.076211,0.335001,-0.041036,-0.03719,-0.326418,-0.119319,-0.407663,0.463561,0.266466,-0.407455,0.412802,0.123667,-0.08484,-0.041036,0.072636,-0.110755,-0.247309,0.47662,0.278646,0.154746,-0.541509,-0.365202,-0.146287,0.072636,-0.461638,-0.201591,-0.271776,0.109645,-0.241665,0.0,0.254601,-0.499855,0.401192,0.275933,0.143905,0.408135,-0.118915,0.607987,0.019852,-0.609367,0.275812,0.0,0.35434,0.379314,0.423589,-0.098459,0.286479,-0.58305,-0.357372,0.596736,-0.181805,0.111302,0.254601,0.407411,0.195778,0.194445,-0.155836,-0.461638,0.285895,-0.392024,#
17,-0.489381,-0.284881,0.97242,-0.496918,-0.621579,0.28667,-0.358261,-0.404567,0.456585,0.085619,-0.620426,-0.498223,-0.244235,-0.10763,0.232571,0.347089,-0.20964,1.0,-0.577896,0.365998,-0.064815,-0.150463,0.114854,-0.348312,0.358489,0.241964,0.190464,-0.295403,-0.31756,0.270418,-0.146482,-0.202583,-0.304223,0.365528,-0.357429,0.150776,-0.270978,0.966281,-0.088414,-0.656886,0.031779,-0.47298,-0.185543,0.55237,0.271679,-0.636796,-0.343997,-0.165099,-0.010557,0.180967,0.216431,-0.322326,0.299632,0.251897,-0.608103,0.536457,0.339102,-0.608686,-0.404631,0.068779,0.340865,0.321807,0.44789,-0.264213,-0.015215,0.427824,0.197066,-0.016133,-0.339726,0.270087,-0.276732,-0.163794,0.0,0.610513,-0.084909,-0.244775,0.270966,0.042894,0.34378,0.461932,0.462646,0.365748,0.03545,0.858506,0.02894,0.270966,0.320128,-0.302021,0.041872,0.260363,0.365528,-0.397951,-0.48796,0.279115,0.155515,0.585442,-0.429981,0.342893,-0.271858,0.365748,-0.284881,0.239286,0.041872,0.161364,0.26852,0.048109,0.365748,0.124542,0.463164,0.197066,0.160919,-0.415337,0.037417,0.462225,0.298963,0.365748,0.236518,-0.419209,-0.073614,0.015331,0.365528,0.0,0.365528,-0.504902,0.032295,-0.23778,0.702742,-0.270978,0.194742,0.45461,0.680155,0.4753,-0.081303,-0.121075,-0.073558,-0.047568,0.0,0.365748,-0.361145,0.178647,0.365748,0.088917,-0.21449,-0.330863,0.166432,0.349025,0.270966,-0.108322,0.04937,0.271531,-0.107658,0.172431,0.366153,-0.21449,-0.513533,0.34426,0.074694,-0.265206,0.042894,0.34378,0.551401,0.041872,-0.300076,-0.513533,0.610513,-0.102857,0.164221,0.258651,0.462858,0.0,-0.512366,0.255237,0.164222,-0.266144,-0.21003,0.320128,0.344724,-0.221788,0.028969,0.042894,-0.348701,-0.107369,0.195427,-0.342467,-0.293038,0.795564,0.640598,-0.322974,-0.379963,-0.579161,0.585442,-0.410716,-0.490962,-0.306761,-0.186508,0.568131,0.197004,0.610513,0.247647,0.570641,#
18,0.287403,0.330692,-0.613369,0.244912,0.99469,-0.015206,0.446366,-0.432325,-0.173879,-0.192025,0.199755,0.466547,-0.278957,0.297785,0.091689,-0.661624,-0.25887,-0.577896,1.0,-0.137487,0.086254,-0.240889,0.302958,-0.105066,-0.196796,-0.021341,-0.178521,-0.126918,0.561888,-0.405603,0.304185,0.007401,0.078501,-0.531186,0.271349,-0.405594,-0.195655,-0.683087,0.383613,0.346903,0.323964,0.177407,-0.212303,-0.701723,-0.405295,0.065762,-0.282426,0.129553,-0.14466,-0.342453,-0.115919,0.453707,-0.256668,-0.068947,0.165658,-0.359375,-0.688785,0.398358,0.04323,0.204437,-0.477057,0.165626,-0.52218,-0.285754,0.154893,-0.323691,-0.270467,0.002444,0.022365,0.079738,-0.519197,0.504176,0.0,-0.47973,0.038423,0.276105,0.057327,-0.155443,-0.289772,0.138951,-0.289772,-0.134724,0.351912,-0.381172,0.365765,0.057327,-0.680827,-0.12951,-0.066246,-0.530905,-0.127023,0.069035,0.225063,-0.419941,0.196136,-0.622393,0.180942,-0.079723,0.509355,-0.134724,0.330692,-0.134724,-0.066246,-0.357476,0.045362,-0.074708,-0.134724,-0.345469,-0.661233,-0.270467,0.259266,0.187233,-0.596152,-0.657279,0.104152,-0.134724,-0.127023,0.538761,0.268634,0.339261,-0.127023,0.0,-0.127023,0.431125,-0.304847,0.484038,-0.199485,-0.195655,-0.410278,-0.445045,-0.309283,-0.810757,-0.057604,0.302129,-0.066246,-0.278982,0.0,-0.134724,0.505204,-0.427221,-0.134724,-0.324676,0.284763,-0.200529,0.034723,-0.072338,0.057327,-0.052529,-0.237396,0.044075,-0.0487,0.024206,-0.142202,0.284763,0.030643,-0.118872,0.30216,0.174158,-0.230155,-0.289772,-0.399377,-0.066246,0.385776,0.030643,-0.357159,0.585156,0.346903,0.104895,-0.295046,0.0,0.23709,0.084564,-0.270467,0.268634,-0.211944,-0.680827,-0.126814,0.179277,0.067643,-0.155443,0.262364,-0.36082,-0.502907,0.36733,-0.069849,-0.497647,-0.465063,0.40167,0.596023,0.156541,-0.622393,0.157223,0.283789,0.401135,0.062236,-0.17872,0.053033,-0.357159,-0.067148,-0.035007,#
19,-0.799929,0.235504,0.320769,-0.361132,-0.117099,-0.218237,-0.223546,-0.01199,0.462111,0.174824,-0.533081,-0.652772,-0.459785,0.300505,-0.017583,0.403381,-0.087453,0.365998,-0.137487,1.0,0.342144,-0.073601,0.077645,-0.428022,-0.529769,0.111289,0.14253,0.073824,-0.055873,-0.327169,0.260197,-0.042085,0.417112,0.05379,-0.648649,-0.327163,-0.340508,0.262663,-0.236104,-0.218165,0.132551,-0.934875,-0.534065,0.009189,-0.326921,-0.650334,-0.553591,0.074416,-0.610904,-0.002356,0.047934,-0.346226,-0.015123,0.377379,0.102635,0.292862,0.375954,-0.242038,-0.073295,0.273713,-0.182501,-0.100633,0.625222,0.289158,0.439789,0.415717,-0.218165,0.352426,-0.198717,0.252928,0.113979,-0.33244,0.0,0.287448,-0.650169,0.263406,0.203999,0.092206,0.363615,0.376473,0.363615,0.526853,0.227684,0.483613,-0.229182,0.203999,0.366248,0.342942,0.217797,0.072301,0.035242,-0.049315,0.083693,0.459406,0.100768,0.560235,0.109346,0.366248,0.447388,0.526853,-0.509469,0.526853,0.217797,-0.487528,-0.025339,0.659587,0.526853,0.423707,0.406275,-0.218165,0.559461,-0.326044,-0.327924,0.431727,0.459406,0.526853,0.035242,-0.538668,0.272739,-0.217808,0.035242,0.0,0.035242,-0.647509,0.020932,0.177239,0.572833,-0.340508,0.461801,0.227992,0.449203,0.259775,-0.234314,-0.598976,0.217797,0.380348,0.0,0.526853,-0.280833,0.448087,0.526853,0.459383,0.026311,0.245604,-0.033464,0.396756,0.203999,-0.082562,0.54722,0.756717,-0.229182,0.459406,0.999951,0.026311,0.415736,0.044491,0.417843,-0.100552,0.092206,0.363615,0.566948,0.217797,0.085243,0.415736,0.287448,0.354802,0.490164,0.514034,0.814421,0.0,-0.322551,0.38548,-0.218165,0.272739,-0.517582,0.366248,0.544972,-0.5174,0.26294,0.092206,-0.30103,-0.643197,0.502462,-0.403794,-0.701387,0.143281,0.314741,-0.208163,-0.525069,-0.03553,0.560235,-0.293807,-0.784162,0.386598,0.355377,0.184687,-0.474699,0.287448,0.199516,0.689367,#
20,-0.115434,-0.392207,-0.170511,0.212286,0.14272,-0.613242,-0.09595,0.103012,-0.191008,-0.517729,0.174287,0.014277,-0.348894,-0.222045,-0.329708,-0.228767,-0.217544,-0.064815,0.086254,0.342144,1.0,-0.23668,0.245593,-0.060374,-0.660741,0.002563,0.265663,-0.084673,-0.365746,-0.408054,0.333173,-0.004656,0.525861,0.364912,0.114996,-0.408046,-0.430823,-0.200976,-0.004429,0.414757,0.351701,-0.330009,-0.666099,-0.275278,0.12747,-0.015815,0.00477,0.129807,-0.724141,-0.316381,-0.090167,0.368047,-0.365748,0.197288,0.372151,0.175237,0.376288,0.397243,-0.399382,0.350193,-0.580818,-0.262074,0.343806,0.368912,0.002774,0.573302,0.414757,0.447981,0.305161,0.500646,0.140315,-0.509777,0.0,0.331652,-0.391653,-0.342029,0.087178,0.245981,0.170875,0.158311,0.146505,0.330481,0.843645,0.110828,0.42784,0.087178,0.4367,0.407887,0.3995,-0.09334,0.347617,0.541466,0.666292,0.555464,0.697939,0.245981,0.269476,-0.098876,0.103296,0.797183,-0.392207,-0.110293,0.825488,0.154429,0.585371,0.806853,0.356409,0.576134,0.186549,0.414757,-0.165933,-0.406651,-0.14192,0.210708,0.088503,0.797183,0.347617,0.099645,0.31351,0.455394,0.347617,0.0,0.347617,0.107156,0.172842,0.281383,0.257789,-0.430823,0.581744,-0.017316,0.152613,0.012652,0.413734,0.189603,0.825488,0.589113,0.0,0.356409,0.164328,0.541466,0.330481,0.621914,0.356409,0.304915,0.570692,0.501519,0.602322,-0.260496,0.258113,0.60258,0.42784,0.114445,0.339613,0.797183,0.332556,0.365049,-0.180987,-0.399468,0.245981,0.146505,0.505909,0.825488,-0.054783,0.332556,-0.384276,-0.292136,0.388339,0.358796,0.567211,0.0,0.272768,0.192118,-0.272101,-0.357538,-0.664434,0.4367,0.373453,-0.237708,-0.386992,0.245981,-0.565909,-0.451916,-0.09026,-0.072568,-0.606567,0.256549,0.28419,0.4367,0.079741,-0.231899,0.245981,-0.38937,-0.577278,-0.082413,0.527929,-0.552834,-0.612976,-0.384276,0.037625,0.006623,#
