0,1.0,0.121496,-0.19513,0.011033,0.432409,0.639549,0.121496,0.238435,0.246564,0.698073,0.152799,-0.176911,0.694861,0.512835,0.520787,0.619649,0.338783,-0.215597,0.318483,-0.326946,0.006554,0.264382,0.271591,-0.21014,0.136673,-0.750015,0.249192,0.199602,-0.089286,0.238824,-0.40762,0.138489,-0.326684,-0.326946,0.022286,-0.166513,-0.166513,-0.359291,0.999077,-0.401293,-0.186983,-0.166513,-0.024706,-0.433454,0.246564,-0.721999,0.425578,-0.641603,-0.035321,-0.356447,0.394145,0.170496,-0.249769,-0.284426,-0.148907,0.184678,-0.984898,0.375521,-0.446075,0.271591,0.133022,0.236815,-0.563852,-0.268927,-0.328415,0.266066,0.0,0.457787,0.199291,0.194088,0.282088,0.231503,0.0,0.113844,0.21353,0.183497,-0.499255,-0.407657,-0.611447,-0.196729,-0.407285,-0.327025,-0.249769,0.398453,-0.354287,-0.047337,-0.087447,0.046745,0.019186,-0.407657,0.118514,-0.610585,-0.166513,-0.087324,-0.326852,0.165952,0.118514,-0.154584,-0.407285,-0.326838,0.319416,-0.498848,0.118514,0.250157,0.304445,-0.407657,-0.379732,0.443021,-0.326487,-0.141045,0.236569,-0.166513,-0.141045,0.019186,-0.610585,-0.326852,0.482568,-0.379732,0.145697,-0.154584,-0.610927,-0.166513,-0.761297,-0.249769,0.114493,0.121402,-0.326838,0.316302,-0.593093,-0.326852,-0.610585,0.0,-0.636165,-0.061627,-0.268923,-0.407871,-0.166513,-0.407594,0.307866,-0.432123,-0.326858,0.118514,-0.407657,-0.97639,-0.432123,-0.622844,-0.354287,0.384973,-0.354287,-0.249231,-0.349882,-0.268923,-0.249626,-0.407594,-0.610927,-0.326487,0.474194,-0.110561,0.21353,-0.498595,-0.229368,-0.249642,0.481886,0.121402,0.121402,-0.007804,0.186247,-0.030719,-0.407871,-0.327025,0.606564,0.003066,0.129407,0.108323,0.590381,-0.761297,-0.326852,0.220628,0.220628,-0.418426,0.392581,0.060826,0.303849,0.235093,-0.097619,-0.08224,0.226133,-0.077069,-0.104517,0.214076,-0.739498,0.100031,-0.102887,0.10569,-0.284019,0.19998,0.226133,-0.295338,0.191878,0.299092,#
1,0.121496,1.0,0.057127,-0.013479,0.200834,0.537422,0.583888,-0.53295,0.783721,0.407976,-0.253713,0.127257,-0.224082,0.379963,0.38936,-0.261735,-0.407878,0.527629,0.030555,0.332907,0.013254,0.377499,0.368517,-0.30799,0.157954,-0.265681,0.358858,-0.273446,0.266812,0.372354,-0.28169,-0.568182,-0.064898,-0.117904,-0.806257,-0.271984,0.380778,-0.546453,0.101994,-0.189053,0.140221,0.435175,0.179286,-0.16289,-0.082991,-0.129241,0.633755,-0.292292,0.329403,0.388729,-0.358485,-0.47609,0.081595,-0.679956,-0.557806,0.493795,-0.11808,0.411559,-0.138357,0.368517,0.289577,0.352355,0.447488,0.319162,-0.160932,0.110239,0.0,0.158694,0.225414,0.297191,-0.042035,0.361663,0.0,-0.255734,-0.099166,0.253016,-0.030095,0.195902,-0.586642,0.53538,0.168273,-0.534166,-0.407976,0.233611,0.394263,0.001915,0.279261,-0.213938,0.816743,0.195902,0.273092,0.239168,0.380778,0.650691,-0.053388,-0.533288,0.273092,-0.544179,0.168273,-0.123856,0.313723,-0.039303,0.273092,0.329926,0.102213,0.195902,0.025802,-0.523473,0.802024,-0.190682,-0.076157,-0.271984,-0.190682,0.40933,-0.172356,-0.053388,0.009708,0.025802,0.597281,-0.544179,0.251431,-0.271984,0.079792,-0.407976,0.388989,0.584063,0.329926,0.554011,-0.288991,-0.053388,-0.172356,0.0,0.256102,-0.468757,-0.352855,-0.666223,-0.271984,-0.220655,0.186627,-0.606945,-0.062456,-0.401699,-0.214237,-0.00835,-0.099166,-0.494361,0.394263,0.378313,0.394263,0.61304,-0.150865,0.090824,0.066721,-0.220655,0.251431,0.357617,0.341292,0.162788,-0.099166,-0.007576,-0.286248,0.137476,0.42365,0.584063,0.584063,-0.003013,-0.115486,-0.390389,-0.666223,-0.534166,-0.273052,-0.439405,0.138139,-0.350954,0.137442,-0.360619,-0.533884,0.332037,0.332037,-0.218636,0.207348,-0.15991,-0.350347,-0.147816,0.247913,0.209363,0.376661,0.221499,-0.997852,0.322176,-0.401699,0.570592,0.234964,0.127615,-0.380353,-0.117957,-0.621116,0.259837,-0.588607,-0.040452,#
2,-0.19513,0.057127,1.0,0.136324,-0.576364,-0.445463,0.057127,-0.084684,-0.126901,0.216088,-0.496915,0.514849,-0.415952,0.197542,-0.266023,-0.325524,-0.756127,0.51994,-0.448465,-0.107633,-0.177953,0.139148,-0.327004,-0.056319,0.4593,0.074269,-0.339386,-0.188283,-0.021581,-0.518359,0.461162,-0.025676,-0.072567,0.408123,-0.269221,0.187276,0.100841,0.178113,-0.216088,0.153124,0.42607,0.273712,0.439191,-0.255581,-0.035165,0.101824,-0.13572,-0.312497,-0.478319,0.211874,-0.057838,-0.277658,0.280915,0.522691,-0.520849,-0.422853,0.187627,-0.151001,-0.201055,-0.327004,0.503183,-0.127399,0.374023,0.169046,-0.334398,-0.260926,0.0,0.326015,-0.252863,0.430546,0.199486,-0.52074,0.0,0.129318,0.792293,-0.239078,0.179972,0.131362,-0.044682,0.034892,0.517144,0.462112,0.388959,-0.560504,0.765481,0.22969,0.428845,0.139346,0.170093,0.148741,-0.219491,0.327719,0.100841,-0.108214,-0.017402,0.018277,0.552512,0.453884,0.499526,0.409443,-0.360417,0.202588,-0.219491,0.390215,0.548077,0.131362,0.423669,0.356403,-0.078092,-0.578482,-0.183069,0.273712,-0.111043,0.670725,0.798527,0.463318,-0.62013,0.423669,-0.001625,0.453884,0.358581,0.187276,0.528008,0.324132,-0.309047,0.517144,-0.090485,-0.496556,-0.298975,0.463318,0.327719,0.0,0.520816,0.204314,0.551279,0.123505,0.216088,0.565216,0.32283,0.254394,0.444448,0.552512,0.131362,0.161426,0.254394,-0.220013,0.188068,-0.058004,0.188068,0.287919,0.177571,0.043682,0.28468,0.565216,0.358581,0.411507,0.202785,-0.093261,0.792293,0.209661,0.488784,0.389377,0.242362,0.517144,0.481908,0.192028,-0.130992,-0.169606,0.123505,0.462112,-0.389028,-0.419497,0.461635,-0.041866,-0.81566,0.528008,0.442654,-0.553497,-0.553497,-0.579014,-0.595624,-0.156365,0.107189,-0.432667,-0.065103,-0.119181,-0.352761,-0.11051,-0.051637,-0.032142,-0.162306,-0.339169,-0.021288,0.033213,0.646264,0.026865,-0.310482,0.128622,-0.263195,-0.006122,#
3,0.011033,-0.013479,0.136324,1.0,-0.019868,-0.021397,0.403721,0.169551,0.215116,0.322515,0.368367,0.144169,0.35661,-0.231073,0.176922,-0.020622,0.02182,0.183238,-0.261246,0.232748,0.182648,-0.081592,-0.531983,-0.191513,0.805718,-0.202201,-0.611634,-0.323195,-0.035099,0.204771,0.388336,0.436419,0.180884,0.232748,0.245686,0.296294,0.348736,0.049439,-0.007866,-0.058868,0.243182,-0.333003,-0.563304,0.079445,0.667332,-0.419107,-0.436293,-0.267069,-0.186726,-0.051626,0.559606,0.268223,0.011799,0.117992,-0.027371,-0.312707,-0.079532,-0.19983,-0.640583,-0.531983,-0.378394,0.616999,0.290092,-0.244342,-0.449925,-0.564262,0.0,-0.512034,-0.419553,-0.488461,0.06889,-0.084627,0.0,-0.008652,-0.041696,-0.386371,0.186436,-0.024468,-0.01505,0.181151,-0.037349,0.204269,0.011799,0.012512,-0.055983,-0.204419,-0.030942,-0.435072,0.156645,-0.43568,0.290674,-0.0393,0.348736,-0.023431,0.187665,-0.65293,-0.385882,-0.427629,0.379528,0.229543,-0.064324,-0.204701,0.290674,0.212044,0.195452,-0.024468,-0.323381,-0.124253,-0.233571,-0.00385,0.351846,-0.333003,-0.00385,0.188066,-0.0393,0.187665,0.226681,-0.323381,0.015283,-0.427629,-0.027729,0.296294,-0.257745,0.483772,0.0975,0.395562,-0.225426,0.175419,-0.533253,0.187665,0.3733,0.0,0.270061,0.553491,-0.246876,0.404633,-0.333003,-0.03576,-0.297541,-0.022115,-0.257449,0.290674,0.386744,0.038881,-0.531222,-0.459089,0.450041,0.645288,0.450041,-0.018238,0.468416,-0.246876,-0.003693,-0.03576,-0.027729,0.211998,0.200578,-0.083593,-0.041696,0.189711,-0.161044,-0.002808,-0.211033,0.395562,0.363494,-0.642976,0.21185,-0.645426,0.404633,0.204269,-0.074686,0.269228,0.804887,-0.363943,-0.086226,0.183818,-0.249824,0.128588,0.128588,-0.341878,-0.077816,-0.910743,-0.279853,-0.107502,-0.063868,-0.011695,-0.565122,0.421639,-0.045224,-0.317722,-0.35986,-0.086226,-0.075804,0.350099,0.030388,0.162046,-0.103406,0.593936,0.137157,0.228195,#
4,0.432409,0.200834,-0.576364,-0.019868,1.0,0.662104,0.200834,-0.287908,0.498839,0.262758,0.344381,-0.058118,0.363633,0.414343,0.394958,0.694034,0.433463,-0.135764,0.76935,0.054423,0.411816,-0.418515,0.593833,0.026458,-0.185727,-0.45339,0.54739,-0.100277,0.155869,0.51571,-0.618993,0.231213,-0.337512,0.072199,-0.326906,-0.407543,0.235946,-0.300838,0.434355,-0.097265,-0.016879,-0.407543,-0.362114,-0.106533,0.089068,-0.393522,0.147447,-0.105011,-0.153469,0.044999,0.458206,0.374842,0.394137,-0.439601,-0.242072,0.715013,-0.433269,0.464456,-0.016787,0.593833,-0.257218,0.509585,-0.082631,0.058607,-0.130578,0.345035,0.0,0.133268,0.393272,-0.204977,0.196415,0.432676,0.0,0.231362,-0.452512,0.432996,-0.024691,-0.593437,-0.261529,0.301203,-0.200216,-0.344031,-0.08848,0.996948,-0.47576,-0.449201,-0.261529,-0.585958,-0.05481,-0.172951,-0.367194,-0.722201,0.235946,0.089153,-0.369827,0.101844,-0.340585,-0.660156,-0.626495,0.069469,0.585428,-0.038745,-0.367194,0.516805,-0.114888,-0.593437,-0.648629,-0.130061,0.034841,0.578683,-0.09933,0.28957,0.160417,-0.038745,-0.705974,-0.799977,0.411715,-0.648629,0.24802,-0.660156,-0.288751,-0.407543,-0.585343,-0.611315,0.486998,-0.216612,0.516805,0.351374,-0.112315,-0.799977,-0.722201,0.0,-0.373709,-0.468452,-0.56684,-0.160906,-0.407543,-0.997595,-0.246294,-0.452512,-0.799993,-0.340585,-0.593437,-0.331889,-0.452512,-0.348619,-0.495662,0.488093,-0.495662,-0.156749,0.039895,-0.584335,0.395129,-0.997595,-0.288751,-0.403253,-0.062328,0.463087,-0.452512,-0.465089,-0.659547,-0.611003,0.388197,-0.216612,-0.216612,0.024157,0.07647,0.051247,-0.160906,-0.344031,0.268964,0.468886,-0.205147,-0.298905,0.659588,-0.585343,-0.352621,0.508691,0.508691,0.410884,0.997191,-0.082457,-0.05985,0.619934,-0.267598,0.531016,0.596309,0.551534,-0.20058,0.510988,-0.340585,0.216167,0.14243,0.662197,-0.637988,0.532569,0.12418,0.186005,0.221893,0.086364,#
5,0.639549,0.537422,-0.445463,-0.021397,0.662104,1.0,0.125794,-0.020034,0.769993,0.40089,0.245187,-0.366988,0.26907,0.401178,0.410736,0.200547,0.126504,0.031915,0.507587,0.324037,0.005048,0.39974,0.39027,0.172865,0.149663,-0.749471,0.360192,-0.266713,-0.185406,0.363061,-0.285241,-0.040198,-0.069478,-0.121917,-0.337406,-0.271744,0.373984,-0.535575,0.641693,-0.654898,0.126591,-0.271744,0.100971,-0.294287,-0.087379,-0.658898,0.651242,-0.285608,0.280435,-0.170889,0.151372,0.259493,0.07668,-0.681334,-0.143157,0.377763,-0.683053,0.470525,-0.129497,0.39027,0.261429,0.324903,-0.281687,-0.179529,-0.323702,0.205493,0.0,0.182141,0.254644,0.298189,-0.036592,0.263983,0.0,-0.259565,-0.15672,0.306355,-0.037838,-0.259565,-0.590201,0.033204,-0.293046,-0.533695,-0.407616,0.647852,-0.175859,-0.040247,-0.182537,-0.25253,0.356083,-0.259565,0.189576,-0.221552,0.373984,0.185537,-0.533413,-0.085958,0.189576,-0.582664,-0.293046,-0.127802,0.374596,-0.04694,0.189576,0.32109,0.051285,-0.259565,-0.650885,-0.092908,0.304009,0.228131,0.378998,-0.271744,0.228131,-0.04694,-0.628641,-0.533413,0.416413,-0.650885,0.584269,-0.582664,-0.214075,-0.271744,-0.413113,-0.407616,0.388646,0.118264,0.32109,0.553522,-0.281044,-0.533413,-0.628641,0.0,-0.502619,-0.471724,-0.39852,-0.665634,-0.271744,-0.665182,0.329428,-0.659028,-0.533424,-0.477944,-0.665285,-0.560938,-0.15672,-0.484875,-0.175859,0.369094,-0.175859,0.048088,-0.165348,0.040379,0.061969,-0.665182,-0.214075,-0.135609,0.345838,0.151284,-0.15672,-0.453967,-0.333034,-0.407408,0.376505,0.118264,0.118264,0.005663,0.346065,0.028157,-0.665634,-0.533695,0.176304,0.267456,0.130064,-0.427554,0.575053,-0.848779,-0.533413,0.323847,0.323847,0.028991,0.647886,-0.150886,-0.340544,0.392495,-0.192484,0.197235,0.377537,0.209232,-0.537459,0.31423,-0.477944,0.13009,-0.200727,0.120037,-0.866075,-0.121937,-0.096235,-0.070625,0.028674,-0.045276,#
6,0.121496,0.583888,0.057127,0.403721,0.200834,0.125794,1.0,-0.53295,0.332684,0.407976,0.181921,0.576609,0.206845,0.379963,0.790266,0.142177,0.111967,0.080486,0.01358,-0.117904,-0.01988,-0.127719,0.368517,-0.784641,0.157954,-0.302581,0.301715,-0.328136,0.266812,0.339403,-0.28169,-0.211732,-0.53361,-0.117904,-0.385601,-0.271984,0.380778,-0.042035,0.101994,0.242181,-0.339482,0.435175,-0.533782,-0.053421,0.368046,-0.310986,0.226248,-0.319356,0.177371,0.388729,0.090519,-0.502248,0.081595,-0.479969,-0.589143,0.475314,-0.137892,0.143617,-0.315738,0.368517,-0.421664,0.791919,0.392917,0.319162,-0.212512,0.110239,0.0,0.158694,0.225414,-0.37589,0.462383,0.27388,0.0,0.154405,-0.099166,0.202413,-0.442695,-0.214237,-0.586642,0.53538,0.168273,-0.534166,-0.407976,0.233611,-0.110441,0.001915,-0.132843,-0.213938,0.40933,-0.214237,0.273092,-0.172356,0.380778,0.650691,0.382959,-0.533288,-0.401699,-0.544179,0.168273,-0.123856,0.313723,-0.446716,0.273092,0.329926,0.102213,-0.214237,0.025802,-0.523473,0.357617,-0.190682,-0.29584,-0.271984,-0.614975,0.40933,-0.172356,-0.053388,0.009708,0.025802,0.162616,-0.544179,-0.164359,-0.271984,-0.360619,-0.407976,0.194495,0.584063,-0.123856,0.518036,-0.314979,-0.053388,0.239168,0.0,0.256102,-0.053712,-0.352855,-0.249834,-0.271984,-0.220655,-0.514573,-0.099166,-0.062456,0.273092,0.195902,-0.0501,-0.606945,-0.520002,0.394263,0.765476,0.394263,0.61304,-0.150865,-0.352855,0.066721,-0.220655,-0.164359,0.357617,0.341292,0.135103,-0.099166,0.394895,-0.286248,0.137476,0.42365,0.584063,0.584063,-0.02812,-0.115486,-0.810427,-0.249834,-0.534166,0.123826,-0.493653,0.138139,-0.350954,0.111411,0.079792,-0.533884,0.303609,0.303609,-0.218636,0.1809,-0.46743,0.057666,-0.180232,0.221872,0.209363,0.34548,0.221499,-0.596417,-0.146745,-0.401699,0.544562,0.2092,0.540164,-0.060484,0.294893,-0.652296,0.259837,-0.588607,0.364071,#
7,0.238435,-0.53295,-0.084684,0.169551,-0.287908,-0.020034,-0.53295,1.0,-0.427484,-0.217721,0.339235,-0.646889,0.330051,-0.156918,-0.153015,-0.030005,0.249679,-0.080398,-0.466348,0.034421,-0.245075,0.34295,-0.681936,0.449647,0.311786,-0.073255,-0.67211,0.250412,-0.378763,-0.427316,0.319786,0.611759,0.459475,0.034421,0.721726,0.478986,-0.217721,0.360712,0.261265,-0.206567,-0.073255,-0.217721,0.179396,0.385566,0.016175,-0.219844,-0.291236,0.23051,0.050303,-0.787619,0.37265,0.256304,-0.326581,0.15252,0.488662,-0.523092,-0.272782,0.065203,0.051117,-0.681936,0.141522,-0.486421,-0.651768,-0.761449,-0.376563,-0.336435,0.0,-0.264696,-0.44089,0.127653,-0.156129,-0.460964,0.0,-0.533025,0.290747,-0.479608,0.192729,0.307455,0.04502,-0.54073,-0.106508,0.484608,0.195949,-0.338843,-0.268073,0.206903,0.04502,0.331711,-0.234814,-0.112785,0.170311,0.044956,-0.217721,-0.79836,0.019725,0.055245,0.170311,0.491418,0.319523,0.037607,-0.021222,-0.234814,0.170311,-0.427351,0.408259,0.307455,-0.371789,0.380793,-0.426892,0.095899,0.337639,-0.217721,0.530641,-0.234814,0.044956,0.466819,0.217598,-0.371789,-0.532152,0.491418,0.053254,0.478986,-0.092906,0.718479,0.112097,-0.106508,-0.427351,-0.035709,0.018307,0.466819,0.044956,0.0,-0.571995,0.201689,0.396109,0.319983,-0.217721,0.295402,0.436954,0.290747,0.011289,0.170311,0.307455,-0.249985,0.290747,0.284073,-0.268073,-0.416179,-0.268073,-0.325877,-0.260702,0.396109,-0.326394,0.295402,0.053254,0.02846,0.301222,-0.788953,0.290747,-0.239546,0.465117,0.180927,-0.204873,-0.106508,-0.106508,-0.175256,0.549438,0.161394,0.319983,0.484608,-0.040665,0.309184,0.332533,0.156919,-0.048343,-0.092906,0.019725,-0.431458,-0.431458,-0.071993,-0.320104,-0.039386,-0.013935,-0.182678,-0.360215,-0.798806,-0.686891,-0.368863,0.51966,-0.418645,0.170311,-0.528434,-0.364623,-0.558328,-0.009311,-0.424906,0.335458,-0.186615,0.265184,-0.425589,#
8,0.246564,0.783721,-0.126901,0.215116,0.498839,0.769993,0.332684,-0.427484,1.0,0.518869,-0.09036,-0.04442,-0.058293,0.17509,0.181609,-0.096109,-0.327163,0.39937,0.3833,0.511352,0.244077,0.274775,0.273561,0.011287,0.358925,-0.462688,0.240819,-0.404285,0.089184,0.554048,-0.117692,-0.294412,0.080038,0.022703,-0.646706,-0.218161,0.489388,-0.734473,0.225531,-0.525764,0.497246,-0.218161,0.04505,-0.38141,0.060544,-0.376837,0.490333,-0.417504,0.108543,0.289529,-0.044386,0.171033,0.20342,-0.489038,-0.323779,0.314413,-0.277629,0.270914,-0.359926,0.273561,0.253748,0.520673,0.358935,0.169583,-0.197697,-0.006721,0.0,-0.039441,0.15144,0.202485,-0.187719,0.392018,0.0,-0.08954,-0.255643,0.217208,0.197202,-0.08954,-0.354411,0.400553,-0.126405,-0.42846,-0.327241,0.534571,0.283444,-0.254223,0.092281,-0.533357,0.628641,-0.08954,0.175198,0.049119,0.489388,0.495182,-0.428233,-0.427755,0.175198,-0.799974,-0.126405,0.016203,0.190622,0.187034,0.175198,0.508071,-0.073328,-0.08954,-0.335621,-0.298137,0.489187,0.074667,0.346704,-0.218161,0.074667,0.187034,-0.396943,-0.428233,0.240346,-0.335621,0.834761,-0.799974,0.057476,-0.218161,-0.088735,-0.327241,0.312012,0.324283,0.508071,0.444377,-0.450939,-0.428233,-0.396943,0.0,0.16176,-0.279667,-0.561938,-0.534383,-0.218161,-0.53402,0.18101,-0.806041,-0.428242,-0.556229,-0.534103,-0.14789,-0.255643,-0.654364,0.283444,0.556586,0.283444,0.171834,0.295388,-0.08102,0.187232,-0.53402,0.057476,0.007481,0.135644,0.454211,-0.255643,-0.259082,-0.51496,-0.327075,0.196923,0.324283,0.324283,-0.249503,0.025272,-0.194758,-0.534383,-0.42846,-0.128942,0.159703,0.337385,-0.496247,0.316239,-0.56611,-0.428233,0.491295,0.491295,-0.145217,0.490094,-0.381329,-0.551465,0.278282,0.057357,0.508164,0.267677,0.521551,-0.800386,0.476705,-0.556229,0.316239,0.04848,0.315049,-0.618792,0.021736,-0.251453,0.377458,-0.037832,0.105986,#
9,0.698073,0.407976,0.216088,0.322515,0.262758,0.40089,0.407976,-0.217721,0.518869,1.0,-0.26766,0.234969,0.436585,0.317205,0.322316,0.388095,-0.166627,0.193908,0.185847,-0.218165,0.316738,0.128789,0.149895,-0.500285,0.427592,-0.500472,0.121389,0.111708,0.263099,0.508843,-0.271998,-0.145617,-0.217991,-0.218165,-0.329372,-0.111111,-0.111111,-0.65254,0.666667,-0.267776,0.223102,-0.111111,-0.116521,-0.633238,0.518869,-0.481777,0.258369,-0.959679,-0.30226,0.158145,0.234787,0.072668,-0.166667,-0.03268,-0.407103,0.108714,-0.657206,0.166379,-0.85507,0.149895,0.128675,0.517165,0.138221,0.127828,-0.219146,0.04222,0.0,0.279391,0.091217,0.088836,0.171721,0.43033,0.0,0.398178,0.16595,0.08269,-0.333145,-0.272023,-0.408008,0.217859,-0.271774,-0.218218,-0.166667,0.285488,0.160094,-0.332414,0.265403,-0.271643,0.332873,-0.272023,0.110266,-0.407433,-0.111111,0.265029,-0.218103,-0.217859,0.110266,-0.407433,-0.271774,-0.218093,0.126357,-0.332873,0.110266,0.523424,0.223847,-0.272023,0.0,0.315584,-0.217859,-0.407841,0.215388,-0.111111,-0.407841,0.332873,-0.407433,-0.218103,0.341077,0.0,0.438701,-0.407433,-0.407661,-0.111111,-0.508,-0.166667,0.0,0.407661,-0.218093,0.196932,-0.947017,-0.218103,-0.407433,0.0,0.103331,0.227402,-0.507505,-0.272166,-0.111111,-0.271981,0.163059,-0.663802,-0.218107,0.110266,-0.272023,-0.651528,-0.663802,-0.959504,0.160094,0.691402,0.160094,-0.166307,0.166307,-0.507505,-0.166571,-0.271981,-0.407661,-0.217859,0.294937,0.230722,0.16595,-0.332704,-0.488696,-0.166582,0.340595,0.407661,0.407661,-0.340527,-0.218088,-0.331076,-0.272166,-0.218218,0.363177,-0.168425,0.418171,0.103331,0.353051,-0.508,-0.218103,0.459888,0.459888,-0.766483,0.220408,-0.201005,0.160014,0.10594,0.221279,0.271774,0.101903,0.278732,-0.407643,0.446231,-0.992398,0.353051,0.214709,0.373023,0.061773,0.457785,0.101903,0.20833,0.157083,0.585479,#
10,0.152799,-0.253713,-0.496915,0.368367,0.344381,0.245187,0.181921,0.339235,-0.09036,-0.26766,1.0,-0.054947,0.566636,0.067831,0.49439,0.261024,0.708006,-0.456166,0.166197,0.249921,-0.086166,-0.128972,0.010355,0.10533,0.069732,-0.408256,-0.059345,-0.359562,-0.553017,-0.076861,0.06059,0.558267,-0.198998,0.249921,0.459474,-0.26766,0.415727,0.458552,0.175118,0.040451,-0.408256,-0.26766,-0.522778,0.329327,0.273043,-0.542401,-0.090922,0.331165,0.191846,-0.589172,0.493384,0.253923,0.11105,-0.382499,0.183985,0.082342,-0.23745,-0.09515,0.164904,0.010355,-0.52931,0.353423,-0.380042,-0.625685,-0.318387,-0.244526,0.0,-0.170171,-0.247788,-0.502584,0.458552,-0.220561,0.0,-0.225905,-0.195629,0.237338,-0.10123,-0.346131,-0.240793,-0.338925,-0.261383,-0.190137,-0.017085,0.314597,-0.743216,0.323714,-0.672231,-0.218527,-0.416491,-0.655286,0.180851,-0.282016,0.415727,-0.161384,-0.068577,-0.05189,-0.525598,-0.233358,0.052031,0.245919,0.082342,-0.109391,0.180851,-0.096132,0.014121,-0.346131,-0.688841,-0.308175,-0.104436,0.314597,0.132474,-0.26766,0.190222,-0.109391,-0.282016,-0.196486,0.379512,-0.688841,-0.243054,-0.233358,-0.275312,-0.26766,-0.475176,-0.017085,0.207692,0.052031,-0.096132,0.187409,0.237033,-0.196486,0.148814,0.0,-0.550467,-0.050302,0.003716,0.09416,-0.26766,-0.350494,-0.394379,0.335972,-0.525406,0.180851,0.083249,-0.14284,-0.195629,0.13465,-0.214834,0.255008,-0.214834,0.080726,-0.204825,0.003716,0.095464,-0.350494,-0.275312,0.230548,0.37494,-0.202423,-0.195629,0.303969,0.077379,-0.028053,0.026794,0.052031,-0.261383,0.040795,0.40537,-0.089811,0.09416,-0.190137,0.237775,0.399593,0.062634,-0.471025,0.223684,-0.014103,-0.525396,-0.090951,-0.090951,0.431164,0.319411,-0.445575,0.058549,-0.004072,-0.251037,-0.153429,-0.003917,0.171433,0.227185,-0.550293,0.180851,-0.247229,-0.258502,0.181054,-0.505113,-0.090148,-0.129268,-0.112116,0.002168,-0.099704,#
11,-0.176911,0.127257,0.514849,0.144169,-0.058118,-0.366988,0.576609,-0.646889,-0.04442,0.234969,-0.054947,1.0,-0.030527,0.259111,0.237593,0.12213,-0.187412,-0.004457,0.123917,-0.180499,0.136682,-0.398926,0.332492,-0.545612,-0.012331,-0.017533,0.287147,-0.301196,0.012774,-0.037007,0.001383,-0.190153,-0.643205,0.325797,-0.34448,-0.499309,0.205598,0.154335,-0.198255,0.511134,-0.057381,0.26434,-0.26401,-0.336672,0.330426,0.014829,-0.033797,-0.308627,-0.396214,0.365785,-0.049651,-0.299433,0.352454,0.181409,-0.592213,0.136503,0.192554,-0.370364,-0.183889,0.332492,-0.228223,0.475438,0.526845,0.331141,0.042332,-0.078124,0.0,0.402973,-0.04478,-0.254956,0.699048,-0.037918,0.0,0.611727,0.233529,0.437165,-0.310319,-0.415808,-0.115183,0.136633,0.145795,-0.134595,0.220284,-0.025874,0.210315,0.187113,-0.115183,-0.246639,-0.173913,-0.274079,-0.214322,-0.130705,0.205598,0.438123,0.009978,0.048555,-0.185174,-0.070058,0.002113,0.325151,-0.286297,0.160455,-0.214322,0.46236,0.02162,-0.415808,0.390096,-0.110863,-0.016938,-0.484061,-0.414365,0.26434,-0.612353,0.600414,0.331468,-0.121959,-0.285158,0.390096,0.103817,-0.070058,-0.141569,-0.499309,0.031333,-0.352454,-0.33605,0.451118,-0.027672,-0.381492,-0.141445,-0.121959,0.313692,0.0,0.512149,0.145533,0.050731,0.017986,0.26434,0.053408,-0.475298,0.233529,0.038074,0.543522,0.027095,0.13796,-0.314813,-0.292401,0.188514,0.43362,0.188514,0.35428,0.178433,-0.447556,0.353586,0.053408,-0.141569,0.328596,0.118127,0.426924,0.233529,0.602335,-0.020761,0.225204,0.304646,0.451118,0.127834,0.270045,-0.528258,-0.247608,0.017986,-0.134595,0.11086,-0.422955,-0.025757,-0.143401,-0.348565,0.506926,0.028827,-0.046662,-0.046662,-0.207636,-0.06169,-0.185968,0.471155,-0.267441,0.28909,0.433158,0.303042,0.282974,-0.120142,-0.026213,-0.185174,0.119187,0.296023,0.582126,0.433346,0.480222,-0.386547,0.086538,-0.30344,0.478026,#
12,0.694861,-0.224082,-0.415952,0.35661,0.363633,0.26907,0.206845,0.330051,-0.058293,0.436585,0.566636,-0.030527,1.0,0.090958,0.513162,0.669604,0.696132,-0.446322,0.169112,-0.189258,0.318086,-0.124314,0.033868,-0.364141,0.095585,-0.416532,0.001183,0.299607,-0.132031,0.379128,-0.344759,0.353637,-0.202374,-0.189258,0.44616,-0.267584,-0.267584,-0.085322,0.697128,0.033226,-0.416532,-0.267584,-0.57072,-0.060311,0.731657,-0.548753,-0.067185,-0.369404,-0.094992,-0.558753,0.511861,0.253022,-0.401377,-0.180372,0.171677,0.102581,-0.665178,-0.036628,-0.475773,0.033868,-0.495076,0.380195,-0.399559,-0.537914,-0.115381,-0.155191,0.0,-0.029224,-0.216371,-0.494902,0.437056,0.316359,0.0,0.194382,-0.159613,0.23687,-0.49465,-0.349287,-0.248534,-0.303751,-0.654502,-0.193615,-0.021125,0.343248,-0.701612,-0.068901,-0.248534,-0.223052,-0.379726,-0.655101,0.221155,-0.674359,-0.267584,-0.128855,-0.073365,-0.056852,-0.477661,-0.241165,-0.344475,-0.18687,0.139566,-0.497863,0.221155,-0.055287,0.045833,-0.349287,-0.360741,0.132633,-0.524662,-0.096151,0.209303,-0.267584,-0.219183,-0.075945,-0.674359,-0.199892,0.794255,-0.360741,-0.203887,-0.241165,-0.671726,-0.267584,-0.895012,-0.021125,0.108767,0.086119,-0.525225,0.172493,-0.435463,-0.199892,-0.248184,0.0,-0.502608,0.295819,-0.424339,0.086243,-0.267584,-0.353601,-0.225111,-0.159613,-0.525258,0.221155,0.075454,-0.67665,-0.685471,-0.375474,-0.178939,0.462235,-0.178939,-0.400511,-0.168636,-0.424339,-0.401147,-0.353601,-0.671726,-0.193296,0.405553,-0.166863,-0.159613,-0.084341,-0.360594,-0.031973,0.059234,0.086119,-0.223909,-0.342696,-0.037797,-0.097234,0.086243,-0.193615,0.665285,0.175278,0.097259,0.204645,0.644283,-0.438921,-0.525248,0.373887,0.373887,-0.20956,0.321547,-0.140126,0.494653,-0.001343,0.171519,-0.120566,-0.001292,0.201224,0.214397,-0.094267,-0.477661,0.178458,0.159551,0.188554,-0.122264,0.332877,0.370697,-0.075445,0.336945,0.404563,#
13,0.512835,0.379963,0.197542,-0.231073,0.414343,0.401178,0.379963,-0.156918,0.17509,0.317205,0.067831,0.259111,0.090958,1.0,0.601177,0.439623,0.016973,0.188209,0.203554,-0.255656,-0.205503,0.006336,0.5115,-0.149035,-0.027289,-0.581894,0.464832,-0.185073,0.019726,-0.227936,-0.447499,0.14516,-0.652936,0.192537,-0.534159,-0.332806,0.291205,0.114924,0.514809,0.089704,-0.193871,0.343206,0.208977,-0.123568,-0.222277,-0.439214,0.403644,-0.209667,-0.15735,-0.025134,0.295308,-0.352493,0.475808,-0.415587,-0.814953,0.566595,-0.523033,0.666375,0.151933,0.5115,0.284398,0.186906,-0.182797,0.062815,-0.589338,0.396505,0.0,0.782259,0.356567,0.396752,0.597125,-0.167832,0.0,-0.014945,0.46851,0.325076,-0.231273,-0.383033,-0.812376,0.195723,0.396167,-0.211064,0.0078,0.384608,-0.039279,0.179366,0.015387,0.015477,0.173199,0.024724,-0.378542,-0.431719,0.291205,-0.038321,-0.19394,0.221113,0.29233,0.021845,-0.017208,0.189849,0.551656,-0.240096,-0.378542,0.623644,0.645295,-0.383033,-0.308331,0.093087,0.199122,-0.020996,-0.516896,0.343206,-0.020996,0.578245,-0.022586,-0.19394,-0.202503,-0.308331,-0.022487,0.021845,-0.010849,-0.332806,-0.23973,-0.499208,0.383011,0.380268,0.189849,0.213632,-0.146478,-0.19394,-0.431719,0.0,-0.381136,-0.66507,0.202388,-0.401233,-0.332806,-0.389141,0.207901,-0.016904,-0.202611,0.29233,-0.383033,-0.434871,-0.016904,-0.361009,-0.541052,0.222489,-0.541052,0.477072,-0.560628,-0.238714,0.476716,-0.389141,-0.010849,0.199122,0.533099,-0.092312,0.46851,-0.225234,0.112723,0.022275,0.996998,0.380268,0.380268,0.615013,0.196635,-0.165906,-0.401233,-0.211064,0.017402,-0.32401,-0.046172,-0.308596,0.00438,-0.23973,-0.219459,-0.24219,-0.24219,-0.045655,0.399261,0.044685,0.244218,-0.002479,-0.406673,-0.051064,0.493606,-0.039513,-0.349325,0.203777,-0.352739,-0.011546,-0.005123,0.391643,-0.203038,0.243565,-0.460222,-0.147875,-0.497931,-0.180978,#
14,0.520787,0.38936,-0.266023,0.176922,0.394958,0.410736,0.790266,-0.153015,0.181609,0.322316,0.49439,0.237593,0.513162,0.601177,1.0,0.417732,0.521884,-0.246353,0.166751,-0.252517,-0.231186,0.02204,0.491999,-0.597638,-0.021085,-0.61021,0.427446,-0.216559,-0.002786,0.188136,-0.444596,0.018545,-0.65292,-0.252517,-0.1253,-0.332797,0.296111,0.090717,0.52278,0.06282,-0.645761,0.34852,-0.455978,0.000928,0.215678,-0.606403,0.416424,-0.214754,0.34754,-0.049263,0.274093,-0.383184,-0.027515,-0.691332,-0.419249,0.5464,-0.551342,0.355835,-0.1104,0.491999,-0.377181,0.616618,-0.214832,-0.018088,-0.344292,0.312325,0.0,0.365348,0.330579,-0.251712,0.576702,0.172532,0.0,-0.024453,-0.02095,0.300325,-0.638654,-0.379624,-0.825011,0.192121,-0.010934,-0.653601,-0.499196,0.380894,-0.529624,0.188614,-0.387796,0.022005,0.182409,-0.379624,0.292025,-0.425498,0.296111,0.367471,0.230084,-0.217307,-0.358108,-0.380719,-0.010934,-0.258205,0.497663,-0.642355,0.292025,0.178995,0.213605,-0.379624,-0.310748,-0.329831,0.205822,-0.027894,-0.224072,-0.332797,-0.436682,0.182409,-0.425498,-0.190319,0.201286,-0.310748,-0.016259,-0.380719,-0.417939,-0.332797,-0.67092,-0.499196,0.288576,0.389662,-0.258205,0.643222,-0.176372,-0.190319,-0.029013,0.0,-0.386564,-0.262602,-0.228619,-0.414011,-0.332797,-0.385781,-0.335813,-0.02095,-0.199057,0.292025,0.015527,-0.463142,-0.510173,-0.39161,-0.043363,0.602259,-0.043363,0.484738,-0.56895,-0.228619,-0.041784,-0.385781,-0.417939,0.205822,0.545083,-0.126218,-0.02095,0.168609,-0.142422,0.026378,0.59983,0.389662,0.389662,0.200195,0.203322,-0.580276,-0.414011,-0.653601,0.405623,-0.357075,-0.040119,-0.313455,0.386324,-0.246603,-0.653256,0.171236,0.171236,-0.053334,0.369677,-0.258357,0.214057,-0.038727,-0.024688,-0.057874,0.462633,-0.046396,-0.386655,-0.259059,-0.358108,0.370273,-0.037034,0.357302,-0.351773,0.146036,-0.498682,-0.153949,-0.505543,0.212465,#
15,0.619649,-0.261735,-0.325524,-0.020622,0.694034,0.200547,0.142177,-0.030005,-0.096109,0.388095,0.261024,0.12213,0.669604,0.439623,0.417732,1.0,0.620819,-0.376141,0.5247,-0.533933,0.375078,-0.581662,0.428791,-0.281236,-0.250305,-0.329386,0.395448,0.329664,0.229901,0.313907,-0.665681,0.404821,-0.533505,-0.078834,0.061589,-0.271931,-0.271931,-0.026114,0.621744,0.215993,-0.329386,-0.271931,-0.466122,-0.139498,0.341704,-0.336211,-0.14044,-0.29959,-0.427869,-0.121028,0.630399,0.259099,0.106924,-0.01433,-0.190238,0.487067,-0.5684,0.31356,-0.202139,0.428791,-0.404075,0.342707,-0.320692,-0.018224,-0.081712,0.370846,0.0,0.33251,0.305811,-0.330393,0.463516,0.33061,0.0,0.544528,-0.118062,0.280965,-0.398807,-0.665742,-0.182504,0.067295,-0.245389,-0.084689,0.106924,0.672533,-0.627197,-0.412115,-0.182504,-0.260705,-0.419197,-0.251702,-0.452957,-0.997142,-0.271931,-0.198225,-0.110224,0.353933,-0.426757,-0.175668,-0.665133,-0.075659,0.480807,-0.403378,-0.452957,0.36482,0.08551,-0.665742,-0.338127,0.326385,-0.533183,0.260679,-0.280343,0.414496,-0.151175,-0.007909,-0.581705,-0.533779,0.392776,-0.338127,-0.242729,-0.175668,-0.577955,-0.271931,-0.798669,-0.407896,0.20012,-0.261533,-0.075659,0.065021,-0.269318,-0.533779,-0.597684,0.0,-0.451458,-0.075741,-0.356393,0.158439,-0.271931,-0.665639,-0.307755,-0.118062,-0.53379,0.228251,-0.267627,-0.581385,-0.610954,-0.327246,-0.646793,0.392885,-0.646793,-0.407017,-0.126452,-0.804291,0.122454,-0.665639,-0.577955,-0.533183,-0.007645,0.186286,-0.118062,-0.42358,-0.478575,-0.407688,0.408218,-0.261533,-0.261533,0.044941,-0.076884,0.028205,0.158439,-0.084689,0.596047,0.218633,-0.255735,0.211458,0.575998,-0.37117,-0.093282,0.334113,0.334113,0.079321,0.673942,0.140895,0.529969,0.424155,-0.183416,0.229245,0.40799,0.241593,0.277108,0.341327,-0.426757,0.139376,0.224374,0.591497,-0.037372,0.776875,0.40799,-0.031115,0.345682,0.337916,#
16,0.338783,-0.407878,-0.756127,0.02182,0.433463,0.126504,0.111967,0.249679,-0.327163,-0.166627,0.708006,-0.187412,0.696132,0.016973,0.521884,0.620819,1.0,-0.762804,0.319485,-0.327169,-0.002627,-0.339955,0.272698,-0.199696,-0.408058,-0.19734,0.250683,0.20037,-0.098836,0.208127,-0.407899,0.345972,-0.326907,-0.327169,0.557946,-0.166627,-0.166627,0.282767,0.362658,0.137171,-0.750529,-0.166627,-0.658088,0.260157,0.236313,-0.293616,-0.082473,0.21886,0.257748,-0.368335,0.395245,0.171821,-0.24994,-0.289241,0.368985,0.300668,-0.342042,0.043516,0.124011,0.272698,-0.724874,0.226416,-0.579365,-0.278147,0.122434,0.270227,0.0,-0.059582,0.200655,-0.613117,0.282767,0.223549,0.0,0.104447,-0.421379,0.184791,-0.499597,-0.407936,-0.097027,-0.20713,-0.407563,-0.327248,-0.24994,0.398149,-0.996711,-0.038523,-0.611865,0.055682,-0.49919,-0.407936,0.117678,-0.611003,-0.166627,-0.096891,0.21805,0.175728,-0.725333,-0.145743,-0.407563,-0.327061,0.322186,-0.49919,0.117678,-0.327061,-0.255438,-0.407936,-0.387445,-0.096948,-0.32671,0.398149,-0.039408,-0.166627,-0.131917,-0.49919,-0.611003,-0.327075,0.482337,-0.387445,-0.407268,-0.145743,-0.611345,-0.166627,-0.761818,-0.24994,0.116817,-0.407563,-0.327061,0.316934,0.234387,-0.327075,-0.096891,0.0,-0.652122,0.021937,-0.25946,0.112041,-0.166627,-0.407873,-0.532989,0.212986,-0.327082,0.117678,0.104447,-0.351163,-0.421379,0.193555,-0.366188,0.165168,-0.366188,-0.249401,-0.361876,-0.25946,-0.249797,-0.407873,-0.611345,-0.32671,-0.003154,-0.11959,-0.421379,0.003868,-0.219655,-0.249813,-0.033073,-0.407563,-0.407563,0.002051,0.196442,-0.021607,0.112041,-0.327248,0.641256,0.245279,-0.407923,0.107484,0.624507,-0.211616,-0.327075,0.2471,0.2471,0.418913,0.427112,0.06797,0.339295,0.277248,-0.073575,-0.091901,0.266682,-0.08683,0.406856,-0.311598,0.117678,0.124201,-0.079104,0.131227,-0.291603,0.19058,0.266682,-0.307461,0.191155,0.179656,#
17,-0.215597,0.527629,0.51994,0.183238,-0.135764,0.031915,0.080486,-0.080398,0.39937,0.193908,-0.456166,-0.004457,-0.446322,0.188209,-0.246353,-0.376141,-0.762804,1.0,-0.480083,0.418,0.221639,0.156938,-0.362142,0.13358,0.508951,0.186364,-0.360633,-0.048031,0.374683,-0.042968,0.062577,-0.012522,0.435566,0.418,-0.603788,0.222011,0.193908,-0.209344,-0.236062,0.090184,0.60576,0.250113,0.430697,0.214724,-0.067407,0.224009,-0.12955,-0.060066,-0.289353,0.205659,-0.043053,-0.284664,0.311939,-0.032386,-0.516708,0.066908,0.232303,0.42059,-0.098604,-0.362142,0.507177,-0.106096,0.603443,0.087292,-0.434039,-0.354882,0.0,-0.159648,-0.265756,0.408822,-0.230191,-0.094328,0.0,-0.380799,0.21653,-0.273976,0.649606,0.561476,-0.096482,0.521954,0.545053,0.436021,0.333016,-0.104184,0.735353,-0.208211,0.816242,-0.319528,0.650255,0.561476,-0.217042,0.347867,0.193908,-0.111354,-0.014003,-0.519793,0.508072,-0.052325,0.545053,0.41812,0.226906,0.185716,-0.217042,0.399366,0.545693,0.561476,0.02666,-0.166359,0.437465,-0.086648,-0.21246,0.222011,0.369286,0.650255,0.347867,0.454885,-0.212055,0.02666,0.095635,-0.052325,0.816568,0.222011,0.516083,0.333016,0.522496,0.527868,0.41812,0.051073,-0.31181,0.454885,-0.094345,0.0,0.476309,-0.270726,0.06267,0.096372,-0.508658,0.10122,0.460009,-0.30813,-0.032578,-0.217042,0.120751,0.359684,0.237516,-0.251053,0.19301,-0.029374,0.19301,0.334773,0.162561,0.06267,0.312399,0.10122,0.816568,0.437465,0.206384,-0.178383,0.21653,-0.223679,0.00309,0.354515,0.232991,0.527868,0.527868,-0.207847,-0.050544,-0.241203,0.096372,0.436021,-0.837204,-0.15784,0.509625,-0.177064,-0.395587,0.042828,-0.06068,-0.091761,-0.091761,-0.269324,-0.143082,-0.233859,-0.416406,-0.369769,-0.086963,-0.138689,-0.335058,0.329909,-0.541229,0.385214,-0.189153,0.069177,0.337649,0.036716,0.116937,-0.027423,-0.335058,0.68524,-0.326092,-0.486759,#
18,0.318483,0.030555,-0.448465,-0.261246,0.76935,0.507587,0.01358,-0.466348,0.3833,0.185847,0.166197,0.123917,0.169112,0.203554,0.166751,0.5247,0.319485,-0.480083,1.0,-0.076461,0.202817,-0.306098,0.75313,0.073964,-0.385903,-0.438646,0.727069,-0.228119,-0.120371,0.383577,-0.340951,-0.085792,-0.498754,-0.058071,-0.232736,-0.507611,0.185847,-0.341239,0.320378,-0.289561,0.031762,-0.507611,-0.214426,-0.55026,-0.076689,-0.322761,0.353822,-0.210984,-0.087758,0.191972,0.124554,0.505922,0.320378,-0.153005,-0.046469,0.409964,-0.330479,-0.002842,0.008322,0.75313,-0.137507,0.40884,-0.161065,0.24891,0.238193,0.488004,0.0,0.351384,0.507814,-0.082056,0.173192,0.347357,0.0,0.5416,-0.32753,0.572846,-0.23386,-0.807724,-0.054291,-0.028473,-0.384533,-0.506636,-0.199716,0.766669,-0.335599,-0.214298,-0.552698,-0.321086,-0.282051,-0.355981,-0.278351,-0.532169,0.185847,0.307214,-0.551393,0.492366,-0.223296,-0.483781,-0.8425,-0.060979,0.072552,0.243923,-0.278351,0.401811,-0.476504,-0.807724,-0.315779,0.103456,-0.097364,0.333954,0.123672,0.241323,-0.098761,-0.265431,-0.515382,-0.996402,0.184949,-0.315779,0.518914,-0.483781,-0.564327,-0.507611,-0.413221,-0.761417,-0.146783,-0.418456,0.420322,0.007411,0.034032,-0.996402,-0.548957,0.0,-0.26312,-0.238931,-0.40745,-0.360107,0.269062,-0.753674,-0.261733,-0.32753,-0.47864,-0.250823,-0.824455,-0.353659,-0.306816,-0.238175,-0.376777,0.35525,-0.376777,-0.271331,0.202949,-0.42555,0.321454,-0.753674,-0.564327,-0.568722,-0.305897,0.78526,-0.32753,-0.236425,-0.483209,-0.761029,0.176779,-0.418456,-0.418456,0.254111,-0.071889,0.339073,-0.360107,-0.506636,0.542049,0.413384,-0.406529,-0.211527,0.509604,-0.431187,0.011937,0.395104,0.395104,0.353758,0.783602,0.122942,0.061918,0.765654,-0.105595,0.786626,0.736475,0.305262,-0.014154,0.419379,-0.223296,0.050865,-0.11109,0.520481,-0.501901,0.403602,0.227684,-0.23701,0.379783,0.416326,#
19,-0.326946,0.332907,-0.107633,0.232748,0.054423,0.324037,-0.117904,0.034421,0.511352,-0.218165,0.249921,-0.180499,-0.189258,-0.255656,-0.252517,-0.533933,-0.327169,0.418,-0.076461,1.0,0.243615,0.274769,-0.266564,0.488211,0.341974,0.01676,-0.275174,-0.405064,-0.356261,0.071605,0.33359,-0.004456,0.548511,0.511596,-0.190985,-0.218165,0.490164,-0.187415,-0.327248,-0.189394,0.497256,-0.218165,0.182945,0.211742,0.040746,-0.005217,0.048836,0.286555,0.108645,-0.256579,-0.180359,0.199362,0.203999,-0.31189,0.10035,-0.086092,0.280604,-0.135541,0.120847,-0.266564,0.198671,0.006594,0.358942,-0.423745,-0.142284,-0.659961,0.0,-0.488958,-0.568547,0.062242,-0.187415,-0.084128,0.0,-0.534113,-0.255396,0.189772,0.644417,0.354568,0.091819,-0.080934,-0.125967,0.05379,0.225249,0.074879,0.283416,0.186982,0.091819,-0.533368,0.18724,-0.089773,0.175157,0.495165,0.490164,0.049325,-0.428242,-0.427764,0.175157,-0.35415,0.324496,0.508307,-0.228308,0.628627,0.175157,0.016684,-0.073107,0.354568,-0.335991,-0.518629,0.489418,0.074879,0.346628,-0.218165,0.534554,0.18724,0.049325,0.044493,0.239886,-0.335991,0.363838,-0.35415,0.508146,-0.218165,0.388618,0.225249,0.312018,0.324496,0.508307,-0.02331,0.112514,0.044493,0.049325,0.0,0.161719,-0.200514,-0.080801,-0.083282,-0.218165,-0.096106,0.210034,-0.255396,-0.42825,-0.555904,-0.089773,0.395167,0.294726,0.06806,0.283416,-0.042521,0.283416,0.172377,0.29536,0.399876,0.187793,-0.096106,0.508146,0.489418,0.224714,0.034262,-0.255396,0.177373,-0.022698,0.209356,-0.249242,0.324496,-0.125967,-0.249098,0.025763,0.179761,-0.083282,0.05379,-0.559186,0.365512,0.337602,-0.497013,-0.107274,-0.088519,-0.428242,0.028785,0.028785,0.233089,0.060281,-0.381857,-0.522283,-0.248534,0.085073,0.057684,-0.239063,0.521534,-0.365492,0.02793,0.175157,-0.107274,0.075899,-0.131679,-0.493035,-0.425773,-0.218275,0.377431,-0.038207,-0.426458,#
20,0.006554,0.013254,-0.177953,0.182648,0.411816,0.005048,-0.01988,-0.245075,0.244077,0.316738,-0.086166,0.136682,0.318086,-0.205503,-0.231186,0.375078,-0.002627,0.221639,0.202817,0.243615,1.0,-0.539311,-0.007304,-0.129264,-0.012312,0.302053,0.005839,0.4186,0.41235,0.65839,-0.417507,0.053218,0.245321,0.225667,-0.183179,-0.332981,-0.332981,-0.468596,-0.012182,0.352651,0.302053,-0.332981,-0.325874,0.015603,0.6219,0.258242,-0.410086,-0.206991,-0.571902,0.012362,0.136576,0.295883,0.008121,0.122835,-0.002308,0.286067,0.101044,-0.062513,-0.366173,-0.007304,-0.291969,0.203707,0.497873,-0.06229,0.26738,-0.363808,0.0,-0.368846,-0.335169,-0.423302,0.013388,0.611612,0.0,0.376818,-0.513499,0.301197,0.233651,0.001249,0.401593,0.228245,-0.400609,0.214443,0.495411,0.450138,-0.002482,-0.607433,0.401593,-0.814068,-0.186536,0.017578,-0.341196,-0.401798,-0.332981,-0.008578,-0.236676,-0.210552,-0.31433,-0.418183,-0.417163,0.231679,0.064211,0.218978,-0.341196,0.231679,-0.220674,0.001249,-1e-06,-0.108456,-0.192858,0.044716,-0.074636,0.34381,0.044716,0.186536,-0.418183,-0.236676,0.611473,-1e-06,0.051408,-0.418183,0.019865,-0.332981,-0.207318,-0.012182,0.298125,-0.019865,0.267812,-0.214771,-0.348587,-0.236676,-0.434567,0.0,0.309666,0.127432,-0.655351,0.394555,-0.332981,-0.42884,-0.209272,-0.513499,-0.65363,-0.368062,-0.03141,0.086186,-0.473066,-0.272265,-0.022576,0.261934,-0.022576,-0.498395,0.498395,-0.637686,0.02349,-0.42884,0.019865,-0.228245,-0.180956,0.377297,-0.513499,-0.227915,-0.765014,-0.026092,-0.193179,-0.019865,-0.417163,-0.569678,-0.653574,0.191235,0.394555,0.214443,-0.017697,0.326776,-0.008012,0.309666,0.400973,-0.242386,-0.219303,0.660639,0.660639,0.004167,0.414131,0.022039,0.191468,0.015487,0.403936,0.417163,0.014897,0.835312,-0.026371,0.658592,-0.31433,0.400973,0.797307,0.406137,0.109869,0.638109,0.491597,0.624329,0.470752,0.205,#
