0,1.0,0.392676,-0.23383,-0.815994,0.069827,0.158963,0.182835,-0.271998,0.339427,-0.0682,-0.125787,0.05537,-0.089032,0.322317,0.7842,-0.034437,0.135065,-0.161352,-0.209043,-0.271998,-0.394838,-0.407756,-0.18174,-0.383208,0.434151,-0.456984,0.2729,-0.314084,-0.455052,0.131578,-0.778372,0.567225,0.407997,-0.534193,0.259531,0.151071,0.259531,-0.387515,-0.407997,0.062577,0.226091,0.049488,-0.395447,0.038355,0.613806,-0.167571,0.379552,0.053001,-0.241093,-0.269451,-0.360635,-0.06615,-0.271998,0.028675,0.261811,0.381843,-0.009132,-0.467979,-0.47247,0.37833,0.454391,0.555385,0.513905,-0.560672,-0.607764,-0.120637,0.0,0.072467,0.233302,-0.127807,0.529417,0.125141,-0.065891,-0.249846,-0.013746,0.17569,-0.271998,-0.649594,-0.098941,0.354732,-0.105777,-0.426119,0.101999,-0.534193,-0.407997,-0.070292,-0.219351,-0.426119,-0.105777,-0.534193,-0.013746,-0.407997,-0.271998,0.407997,-0.004633,-0.080592,0.154757,-0.316594,-0.403209,-0.249846,-0.467979,-0.271998,-0.533922,0.0,-0.24386,-0.407997,0.090266,-0.426119,0.381843,-0.333646,0.38402,0.0,-0.534193,-0.534193,-0.24386,-0.666256,-0.421579,-0.219351,0.037882,-0.467106,0.0,-0.089032,-0.013746,-0.004633,0.273097,-0.182031,-0.425496,0.352267,-0.497123,-0.407997,0.317289,-0.407997,-0.818353,-0.159919,0.331569,-0.407997,0.0,-0.533922,0.014989,-0.182031,0.0,-0.44534,0.087383,-0.454337,-0.681552,-0.497123,0.102999,0.362088,-0.179846,0.0,-0.422527,0.186991,0.434151,-0.407997,0.17629,-0.271998,0.164814,0.235173,-0.368438,-0.407997,-0.823156,-0.271998,-0.249846,-0.089032,-0.407997,0.341683,-0.271998,0.539526,0.055351,-0.665926,-0.061561,0.226091,0.0,-0.226728,0.108739,-0.182031,0.0,-0.030541,0.629236,-0.377219,0.023372,0.581441,-0.292931,0.341683,0.341683,-0.183079,0.407173,-0.180375,0.086034,0.134804,-0.407997,0.024103,0.629236,0.458271,0.024541,-0.14456,-0.517889,0.063174,-0.183079,-0.15043,#
1,0.392676,1.0,-0.408007,-0.58427,-0.23653,0.420746,-0.399879,-0.333136,0.185052,-0.196286,0.020864,-0.216494,0.218089,0.185052,0.207221,-0.21794,-0.438518,-0.007601,0.030747,-0.333136,0.226994,0.231087,0.40871,-0.228371,0.333136,-0.642282,0.828006,-0.143505,0.164731,0.009426,-0.259047,0.376993,0.333136,-0.654267,-0.294292,-0.030763,0.40517,-0.63672,0.019219,0.228793,0.421348,0.671505,0.221778,0.287384,-0.017637,-0.006813,-0.217807,0.735551,-0.242657,-0.379893,-0.191039,-0.570993,0.333136,-0.413003,0.345627,0.30751,-0.193872,0.329902,-0.293943,0.512096,0.895035,-0.028263,0.224191,-0.210699,-0.302,0.500259,0.0,0.654635,0.006196,-0.042144,-0.123672,0.361556,0.228709,-0.408007,-0.190802,0.37946,-0.333136,-0.4666,0.208864,-0.244707,-0.653934,-0.998904,0.0,-0.654267,-0.199882,-0.661154,0.376523,-0.594853,-0.653934,-0.218089,-0.190802,-0.499704,-0.333136,0.333136,-0.189426,0.225887,-0.402061,-0.048894,-0.198572,-0.408007,0.329902,-0.333136,-0.218294,0.0,0.417083,-0.499704,-0.029331,-0.594853,0.30751,-0.060404,0.605773,0.0,-0.218089,-0.654267,0.417083,-0.816014,-0.189426,0.376523,-0.494895,-0.253479,0.0,-0.218089,-0.594853,-0.189426,0.422614,-0.811758,0.186939,0.498669,-0.340276,-0.499704,-0.073915,-0.499704,-0.648018,-0.336138,-0.070046,-0.499704,0.0,0.225887,0.107318,-0.811758,0.0,-0.352038,-0.49945,-0.268386,-0.05447,-0.340276,-0.467835,0.670929,-0.554108,0.0,-0.273343,-0.458493,0.333136,-0.499704,-0.491031,0.358762,-0.453929,0.325975,-0.243715,-0.499704,-0.243715,0.358762,-0.408007,-0.218089,-0.499704,0.483556,-0.333136,0.07695,-0.045195,-0.410014,0.180759,0.404494,0.0,-0.048178,0.381533,-0.811758,0.0,-0.213747,0.824499,-0.233274,0.630276,-0.193623,-0.816283,0.483556,0.483556,-0.437827,-0.202369,0.432461,0.342058,0.814323,-0.199882,0.199331,0.383678,0.234098,-0.235086,-0.285281,-0.37854,-0.535663,-0.023044,0.152917,#
2,-0.23383,-0.408007,1.0,0.408248,0.553636,0.158439,0.591314,0.408248,0.373218,-0.164784,-0.106841,0.10607,-0.534523,-0.071904,-0.53439,-0.401722,0.18258,0.242178,0.16642,0.408248,0.08929,-0.423699,0.249692,0.163883,0.408248,0.386052,-0.176874,0.032816,0.116637,0.111666,0.131494,0.18258,-0.272166,0.356348,0.17609,0.18258,0.17609,0.019388,0.102062,-0.351069,0.261342,0.086333,-0.006231,-0.231118,-0.30439,0.192953,0.012745,0.182688,0.280848,0.174458,0.098725,0.044127,-0.272166,0.175293,-0.389959,-0.272166,0.006092,0.264993,-0.446701,-0.094452,-0.365613,-0.417809,-0.380363,0.357637,-0.249469,-0.101874,0.0,0.088962,-0.016448,0.71936,0.328371,0.264347,0.367829,0.166667,-0.403458,0.147442,0.408248,0.296573,-0.1151,0.037803,-0.080642,0.421797,0.102062,0.801784,-0.0,0.463089,-0.564445,0.00917,0.372967,-0.089087,0.00917,0.612372,0.408248,-0.272166,-0.398661,-0.080642,0.178315,-0.230796,0.421797,0.166667,0.264993,-0.272166,-0.080642,0.0,-0.244011,0.102062,0.611052,0.00917,-0.272166,0.213844,0.032385,0.0,0.356348,0.356348,-0.244011,0.583333,-0.398661,-0.564445,0.164255,0.367109,0.0,-0.089087,0.421797,-0.398661,-0.533284,0.261539,0.402705,-0.093214,-0.269018,0.102062,0.433528,0.612372,0.110521,0.576697,-0.08266,0.102062,0.0,-0.080642,0.164971,0.261539,0.0,0.261569,-0.40804,-0.511762,-0.057851,-0.269018,0.214759,-0.109254,-0.046614,0.0,0.120962,-0.133936,0.408248,0.612372,0.711594,-0.272166,-0.174124,0.395804,0.525776,0.102062,0.525776,-0.272166,0.583333,0.356348,0.612372,-0.085159,0.408248,-0.413557,0.147693,0.178315,0.432997,0.261342,0.0,0.284268,-0.242483,0.261539,0.0,0.417915,-0.59065,-0.50441,-0.340278,0.096773,0.661235,-0.609211,-0.609211,0.6495,-0.372839,-0.093736,-0.346963,-0.243116,0.408248,-0.350922,-0.157145,-0.24271,-0.330625,0.317821,0.303261,-0.106975,0.225913,-0.022557,#
3,-0.815994,-0.58427,0.408248,1.0,-0.203419,0.00792,0.0,0.333333,-0.20129,0.178351,0.019386,0.251436,-0.218218,-0.20129,-0.654492,-0.187431,0.015692,0.007605,-0.030766,0.333333,0.246055,0.199882,0.015683,0.281001,-0.333333,0.642662,-0.418049,0.178628,0.428551,-0.009432,0.619412,-0.392305,-0.333333,0.654654,-0.377414,0.015692,-0.377414,0.674358,0.5,-0.193908,0.017539,-0.211472,0.206059,-0.287554,-0.458831,-0.02954,-0.187317,-0.202437,0.2428,0.427334,0.241826,0.262503,-0.333333,0.349494,-0.3184,-0.333333,-0.193987,0.396671,0.344239,-0.472356,-0.696552,-0.466997,-0.204973,0.463043,0.436481,0.019195,0.0,-0.201149,0.161164,0.383739,-0.321737,-0.306718,0.212499,0.408248,-0.190915,-0.120389,0.333333,0.867055,0.24349,-0.162047,0.234568,0.617666,0.0,0.654654,0.2,0.254646,0.023434,0.213375,0.234568,0.218218,-0.190915,0.5,0.333333,-0.333333,0.204387,0.209876,0.011494,0.035333,0.595205,0.408248,0.396671,0.333333,0.654321,0.0,-0.011494,0.5,0.029348,0.213375,-0.333333,0.047619,-0.621386,0.0,0.218218,0.654654,-0.011494,0.816497,0.204387,0.023434,0.061899,0.253629,0.0,0.218218,0.213375,0.204387,-0.394603,0.423279,0.217931,-0.477409,0.360562,0.5,-0.430509,0.5,0.664493,0.336336,0.072312,0.5,0.0,0.209876,0.257152,0.423279,0.0,0.376889,0.014278,0.29654,0.538479,0.360562,0.047823,-0.208145,0.556632,0.0,0.259259,0.046868,-0.333333,0.5,0.071632,0.333333,0.066643,-0.338747,0.681092,0.5,0.681092,0.333333,0.408248,0.218218,0.5,-0.449281,0.333333,-0.602979,0.045222,0.816092,0.255571,-0.420923,0.0,0.034816,-0.369575,0.423279,0.0,-0.164294,-0.796398,0.236207,-0.163969,-0.266674,0.490815,-0.449281,-0.449281,0.438086,-0.214886,0.057401,-0.316622,-0.367442,0.2,-0.169098,-0.796398,-0.203005,0.2653,0.28545,0.424476,0.131017,0.023057,0.26245,#
4,0.069827,-0.23653,0.553636,-0.203419,1.0,0.048334,0.519546,0.197769,0.445006,-0.09786,0.1602,0.03907,-0.51788,-0.035544,-0.08613,0.197255,0.537335,-0.05737,0.128426,0.254274,-0.378482,-0.677011,0.347591,-0.181463,0.226021,-0.216327,-0.125626,0.009084,-0.36323,-0.201455,-0.3402,0.087118,-0.508548,-0.036991,0.523247,0.105073,0.523247,-0.450817,-0.211895,0.014291,-0.046082,0.107544,-0.230281,-0.356448,0.140975,0.61717,0.198458,0.097531,0.521341,0.092196,0.062197,-0.261756,0.226021,-0.44095,-0.270949,0.197769,0.234613,-0.262855,-0.262593,0.187924,-0.20242,0.28802,-0.423271,0.405194,-0.251567,-0.335966,0.0,0.03907,-0.385891,-0.00531,0.643868,0.300408,-0.043226,-0.346023,-0.229397,-0.183668,0.197769,-0.092359,-0.545269,0.184439,-0.044995,0.216071,-0.211895,0.443897,-0.186467,0.643574,-0.557132,0.198938,0.425882,-0.018496,0.198938,0.360221,0.226021,-0.508548,-0.682351,-0.527383,0.080861,0.050911,-0.188467,-0.363324,-0.262855,-0.508548,-0.527383,0.0,-0.350723,-0.211895,0.315913,0.198938,0.197769,0.51662,0.238684,0.0,0.462392,-0.036991,-0.350723,0.103807,-0.197295,-0.557132,0.341015,0.197382,0.0,-0.51788,0.216071,-0.665027,-0.200674,-0.094054,0.229434,0.260378,-0.172824,-0.233084,0.734646,0.339032,0.067794,0.116879,-0.406967,-0.233084,0.0,-0.0,-0.404777,-0.094054,0.0,-0.209235,-0.248093,-0.219352,-0.32789,-0.172824,0.537071,-0.53934,-0.360495,0.0,0.034531,-0.152938,0.226021,0.339032,0.793326,-0.508548,-0.178493,0.420772,-0.413542,-0.190705,0.07767,-0.508548,0.103807,-0.036991,0.339032,0.178161,0.254274,0.077683,-0.160981,-0.31565,0.211202,0.437038,0.0,0.351156,0.057055,-0.094054,0.0,0.627706,-0.140627,-0.335727,-0.44125,0.045205,0.414618,-0.387602,-0.365841,-0.085988,-0.217421,-0.351511,-0.004237,-0.36728,0.237322,0.003583,0.32738,-0.206475,-0.498248,-0.094577,0.465911,-0.315981,-0.0684,-0.011708,#
5,0.158963,0.420746,0.158439,0.00792,0.048334,1.0,0.158705,0.388095,0.330548,-0.063715,0.409336,0.103157,-0.534061,-0.118508,-0.107632,-0.428901,-0.277284,-0.5917,-0.221621,-0.271931,0.213722,0.009133,0.650987,-0.144665,0.414496,-0.321257,0.66083,0.173029,-0.143691,0.116612,-0.420537,0.142806,-0.271931,-0.101973,-0.214798,0.142806,0.505822,-0.204242,0.126725,0.110645,0.815541,0.667568,0.42657,-0.429312,-0.200783,0.340184,-0.042283,0.448351,0.339098,-0.216923,-0.316956,-0.393441,-0.271931,-0.178977,0.287993,0.388095,-0.81561,0.199073,-0.352106,0.39924,0.251411,0.09546,0.204407,0.33453,-0.237155,0.38966,0.0,0.518043,-0.077864,0.199417,0.082818,0.175719,0.813185,-0.26191,-0.81538,0.416681,0.388095,0.197483,0.354948,-0.055739,-0.53379,-0.415117,-0.407896,-0.101973,-0.815792,-0.055739,-0.220126,-0.415117,-0.093773,-0.534061,-0.415117,-0.407896,-0.271931,-0.271931,0.002338,0.355045,-0.25609,0.106623,-0.006849,-0.26191,0.199073,-0.271931,0.355045,0.0,0.161775,-0.407896,0.599484,-0.415117,0.388095,0.093912,0.151731,0.0,-0.534061,-0.101973,0.161775,-0.26191,-0.402364,-0.220126,-0.40397,-0.065561,0.0,-0.534061,-0.415117,-0.402364,-0.178793,-0.590856,0.389639,0.541866,-0.45958,0.087123,-0.20504,0.087123,-0.358858,-0.173685,0.330926,0.087123,0.0,-0.084972,0.383776,-0.590856,0.0,-0.451344,-0.407688,-0.188109,-0.177331,-0.45958,-0.308131,0.371872,-0.166965,0.0,-0.432097,-0.228478,0.414496,0.087123,0.180038,0.440897,-0.224118,-0.133502,0.056985,-0.407896,0.056985,0.440897,-0.26191,-0.101973,0.087123,0.374654,-0.271931,-0.351115,-0.405805,-0.247897,0.39391,0.34672,0.0,-0.235766,0.12754,-0.590856,0.0,-0.028127,0.235909,-0.360784,0.064501,0.016897,-0.113253,-0.133696,-0.133696,-0.206178,-0.438469,0.316653,0.353857,0.169296,-0.419776,0.066519,-0.218247,0.495681,0.065581,0.30727,0.218529,-0.362534,-0.617072,0.296377,#
6,0.182835,-0.399879,0.591314,0.0,0.519546,0.158705,1.0,0.39478,-0.080271,-0.157595,0.388443,0.080885,-0.534351,-0.533975,-0.103508,-0.002875,0.166511,-0.160791,-0.217391,-0.272078,0.095825,-0.431254,-0.182095,0.324449,0.421455,0.046138,-0.176513,0.133224,-0.454967,0.121819,-0.323575,0.19916,-0.272078,-0.09779,0.33783,-0.241604,0.33783,0.12389,0.112032,0.088245,-0.061192,-0.25178,-0.006229,-0.220617,-0.196436,0.227168,-0.034726,-0.197635,0.226247,0.143004,0.07367,-0.080689,-0.272078,0.12929,0.286388,-0.272078,-0.008836,-0.45652,-0.435244,-0.143021,-0.15448,0.078876,0.083504,0.107157,-0.383282,-0.630248,0.0,-0.372501,-0.169592,0.295799,0.444839,-0.222537,0.367712,-0.258087,-0.0133,0.402694,0.39478,-0.133893,-0.106859,-0.002038,-0.114206,0.391106,0.112032,0.356234,-0.400115,0.431448,-0.555825,0.391106,0.330367,-0.534351,0.391106,0.112032,0.421455,-0.272078,-0.020535,-0.089507,0.138707,-0.239204,0.009167,0.166613,-0.45652,-0.272078,-0.089507,0.0,-0.252211,0.112032,0.609682,0.391106,-0.272078,0.213776,-0.234238,0.0,-0.080327,-0.09779,-0.252211,0.166613,-0.429428,-0.555825,0.029225,0.373449,0.0,-0.080327,0.391106,-0.00418,-0.355626,0.23033,0.409919,0.4126,-0.456478,0.092027,0.403532,0.092027,0.077005,0.250845,0.418489,0.092027,0.0,-0.53408,0.098774,0.23033,0.0,0.222278,0.077697,-0.363285,-0.578323,-0.456478,0.190772,-0.10089,-0.085432,0.0,-0.33254,0.264598,0.421455,0.092027,0.686527,-0.272078,-0.216732,-0.088053,0.078683,-0.408118,0.078683,-0.272078,0.166613,-0.09779,0.092027,-0.128146,-0.272078,0.108664,0.158502,-0.235654,0.005931,-0.061192,0.0,-0.142088,-0.260889,0.23033,0.0,0.804615,-0.18418,-0.5595,-0.805427,0.058804,0.627639,-0.107602,-0.641759,0.233221,0.038906,-0.621948,0.124552,-0.260782,0.0,0.089535,0.257682,0.038756,0.088496,0.315642,0.259854,0.046513,-0.181927,-0.529915,#
7,-0.271998,-0.333136,0.408248,0.333333,0.197769,0.388095,0.39478,1.0,-0.218064,-0.215898,0.14216,-0.508459,-0.218218,-0.218064,-0.218164,-0.333211,-0.271998,-0.40815,-0.271763,-0.111111,0.294659,0.30751,0.245693,0.245318,-0.111111,0.471285,0.250829,0.273897,-0.428551,-0.16663,0.239506,-0.271998,-0.111111,0.509175,0.25161,-0.271998,0.25161,0.33243,-0.166667,-0.508658,0.362462,0.303417,0.328168,-0.311517,-0.267652,-0.019693,0.317399,0.003552,-0.008993,-0.27194,-0.508669,0.365446,-0.111111,0.096527,0.106133,-0.111111,-0.333259,-0.012021,0.155727,0.138172,-0.232185,-0.16229,-0.496904,0.104289,0.164893,0.134367,0.0,0.189974,-0.644655,0.300204,-0.327695,0.306718,0.518497,0.408248,-0.333165,-0.04013,1.0,0.29683,-0.217859,0.362678,-0.218107,0.340652,-0.166667,0.509175,-0.333333,0.362678,-0.406188,0.340652,0.522634,-0.218218,0.340652,-0.166667,-0.111111,-0.111111,0.348215,0.522634,0.417625,0.435777,0.340652,0.408248,-0.012021,-0.111111,0.522634,0.0,0.417625,-0.166667,0.714144,0.340652,-0.111111,0.444444,0.057291,0.0,-0.218218,0.509175,0.417625,0.408248,-0.333075,-0.406188,-0.165063,0.361229,0.0,-0.218218,0.340652,-0.333075,-0.920741,0.278373,0.355571,0.256002,0.16992,0.666667,0.200904,0.666667,0.229701,-0.269069,0.207295,0.666667,0.0,-0.218107,0.281642,0.278373,0.0,0.138193,-0.166582,0.25161,0.18894,0.16992,-0.270996,-0.218057,0.195059,0.0,0.234568,0.29683,-0.111111,0.666667,0.310405,-0.111111,0.262129,-0.393258,0.235286,-0.166667,0.235286,-0.111111,0.408248,0.509175,0.666667,0.192549,-0.111111,-0.490423,-0.165812,-0.272031,-0.323724,0.362462,0.0,0.290129,-0.263982,0.278373,0.0,0.349651,-0.407048,0.187755,-0.491906,0.138275,0.283582,-0.663225,-0.663225,0.284371,-0.331283,0.200904,0.37217,-0.257632,0.333333,-0.507294,-0.407048,0.348009,0.237374,0.562249,0.141492,0.393052,-0.407343,-0.216406,#
8,0.339427,0.185052,0.373218,-0.20129,0.445006,0.330548,-0.080271,-0.218064,1.0,0.068336,-0.248597,0.429074,-0.42827,0.52448,0.023257,-0.244578,0.357194,0.095169,0.371698,0.536774,-0.474954,-0.653806,0.534804,-0.519614,0.508817,-0.262419,0.077264,-0.130641,0.117413,0.2283,-0.483764,0.322317,-0.218064,0.065888,0.163697,0.802042,0.163697,-0.575946,-0.327096,-0.078347,0.496598,0.370305,-0.221342,-0.258659,0.345381,0.372621,0.232777,0.303649,0.425831,-0.058649,-0.015666,-0.174447,-0.218064,-0.114569,-0.540499,0.48086,-0.197866,0.218366,-0.554336,0.335855,-0.038391,0.180671,0.001563,0.288645,-0.354854,0.328103,0.0,0.429074,0.323056,0.128738,0.658118,0.456185,0.053753,-0.071904,-0.653863,-0.078758,-0.218064,0.048939,0.019562,0.184644,0.075173,-0.196102,-0.327097,0.065888,-0.20129,0.184644,-0.428659,-0.653863,0.075173,0.065888,-0.653863,0.239032,-0.218064,-0.218064,-0.653687,-0.428052,-0.065362,-0.161211,-0.196102,-0.534146,0.218366,-0.218064,-0.428052,0.0,-0.533882,-0.327097,0.185595,-0.653863,0.48086,-0.180123,0.424027,0.0,0.065888,0.065888,-0.533882,-0.071904,-0.190849,-0.428659,0.306816,-0.296649,0.0,-0.42827,-0.196102,-0.653687,0.174152,-0.334475,-0.252622,-0.174786,-0.42462,-0.327097,0.241436,0.239032,-0.49663,0.366151,-0.336722,-0.327097,0.0,0.075173,-0.103525,-0.334475,0.0,-0.522197,-0.32693,-0.571131,-0.274542,-0.42462,0.331504,0.025937,-0.267183,0.0,-0.101888,-0.428659,0.508817,0.239032,0.482028,-0.218064,0.050528,0.661487,-0.059617,0.239032,-0.059617,-0.218064,-0.071904,0.065888,0.239032,0.275614,0.536774,-0.063317,-0.32542,-0.065362,0.620758,0.496598,0.0,0.04088,0.301109,-0.334475,0.0,-0.249727,0.024936,-0.459004,0.377727,0.467702,0.109225,-0.30576,0.275614,0.072712,-0.255922,0.241436,-0.425446,-0.117745,-0.20129,-0.121023,0.024936,-0.055214,-0.585785,-0.028294,0.142405,-0.361423,0.072712,0.54381,#
9,-0.0682,-0.196286,-0.164784,0.178351,-0.09786,-0.063715,-0.157595,-0.215898,0.068336,1.0,0.316263,0.403751,0.088081,0.068336,0.081322,0.649364,0.295632,0.055042,-0.058769,-0.215898,-0.118649,-0.178245,-0.332253,-0.538221,-0.215898,0.219414,-0.311008,-0.447863,-0.242705,0.251707,-0.057911,0.309626,-0.215898,0.088081,0.225724,0.410527,-0.565068,-0.074446,0.12203,0.411601,-0.278556,-0.440944,-0.181891,0.098185,0.018305,0.196042,-0.189166,-0.274136,0.109145,-0.168111,-0.092913,-0.150889,-0.215898,-0.324222,0.176338,0.566342,-0.288267,0.125584,0.229886,-0.726897,-0.217636,0.267589,0.421543,0.254331,-0.332418,-0.144327,0.0,-0.496271,0.218604,-0.409097,0.169461,-0.32854,-0.423913,-0.049818,0.187538,-0.36049,-0.215898,0.494276,0.11801,-0.237295,0.097693,0.187538,0.122029,-0.034823,0.178351,0.134293,0.494276,0.187538,-0.4238,0.088081,-0.28684,0.122029,0.378604,-0.215898,-0.167554,-0.4238,-0.528578,0.385731,-0.28684,0.314239,0.125584,0.566342,0.097693,0.0,-0.528578,0.708709,-0.323149,0.187538,0.566342,0.248976,-0.279606,0.0,-0.034823,0.088081,-0.528578,0.314239,-0.167554,0.494276,-0.32073,0.21492,0.0,0.477274,-0.28684,0.196972,0.236679,0.057666,-0.278106,-0.314086,0.300991,0.262833,-0.316825,-0.323847,-0.073464,0.310663,0.300973,0.262833,0.0,-0.4238,0.461046,0.057666,0.0,-0.527488,0.279452,0.225724,0.267364,0.300991,0.278098,-0.423703,0.278535,0.0,0.36887,0.494276,-0.215898,-0.323847,0.014793,-0.215898,0.215321,-0.067872,-0.065909,0.262833,-0.065909,-0.215898,-0.164784,-0.424016,-0.323847,-0.761533,-0.215898,0.537935,0.16173,0.325951,0.155457,-0.278556,0.0,-0.00817,0.416298,0.057666,0.0,-0.299307,-0.354846,-0.022343,0.006157,-0.040052,0.090302,0.29883,-0.159054,0.06558,0.590509,-0.171344,0.202259,-0.530334,-0.290993,0.408466,0.023922,-0.350083,0.395702,0.127884,0.175318,-0.121755,0.06558,0.033323,#
10,-0.125787,0.020864,-0.106841,0.019386,0.1602,0.409336,0.388443,0.14216,-0.248597,0.316263,1.0,0.209429,-0.207283,-0.798145,-0.263436,0.485369,-0.14556,-0.394087,-0.057852,-0.66557,0.36322,0.020864,0.089228,0.18936,0.17447,-0.346698,0.085019,0.358573,-0.379387,0.261646,-0.337654,-0.106014,-0.66557,-0.228435,0.119675,-0.125787,0.152338,-0.114157,0.285937,0.779913,-0.192606,-0.081634,0.524027,-0.076996,-0.491432,0.690896,-0.576308,-0.173911,0.518795,-0.100162,0.232942,-0.568595,0.17447,-0.437092,0.670318,0.142161,-0.510854,-0.218807,-0.086038,-0.287975,0.113811,0.232681,0.336845,0.573757,-0.089691,-0.258431,0.0,-0.339733,-0.319454,-0.434953,0.067568,-0.475011,0.341745,-0.621257,-0.004789,0.389739,0.14216,0.08813,0.363205,-0.585193,-0.237892,-0.024383,-0.368325,-0.228435,-0.484638,-0.060135,0.108573,0.485047,-0.259431,-0.207283,-0.024383,-0.368325,0.17447,-0.66557,-0.011887,-0.218745,-0.654652,0.387684,-0.496803,-0.10684,-0.218807,0.17447,0.341281,0.0,-0.095368,0.261705,0.235538,0.485047,0.14216,0.386787,-0.362915,0.0,-0.207283,-0.228435,-0.095368,-0.10684,0.007924,0.108573,-0.463774,0.498824,0.0,-0.207283,-0.533813,0.007924,0.180953,-0.435999,0.521195,0.490304,-0.264402,0.237473,-0.334938,-0.392557,0.218986,-0.001304,0.334752,0.237473,0.0,-0.197206,0.134594,-0.435999,0.0,-0.184116,0.238044,0.152338,-0.269209,-0.264402,-0.153894,-0.198004,-0.302137,0.0,-0.364735,0.049516,0.17447,-0.392557,0.037956,0.206779,-0.428397,-0.458091,-0.327443,-0.368325,0.234299,0.206779,-0.621257,-0.77837,-0.392557,-0.29768,-0.66557,0.265108,-0.309455,-0.075314,-0.003221,-0.213855,0.0,-0.452195,0.39788,-0.435999,0.0,0.472594,0.087228,-0.289534,-0.325543,-0.464117,0.21757,0.3742,-0.272796,-0.426414,-0.0591,-0.287647,0.636726,-0.084249,-0.504024,0.77881,0.066643,-0.140267,0.194351,0.316924,0.639781,-0.375897,-0.4063,-0.285448,#
11,0.05537,-0.216494,0.10607,0.251436,0.03907,0.103157,0.080885,-0.508459,0.429074,0.403751,0.209429,1.0,-0.523073,-0.046113,-0.096139,0.178297,0.51766,-0.077255,0.096566,0.245848,-0.380063,-0.619198,-0.052707,-0.197382,0.217911,-0.230225,-0.525053,0.002545,0.265788,0.326794,-0.436494,0.072467,-0.508459,-0.029263,-0.262996,0.534757,-0.234754,0.066868,0.34782,0.503665,-0.047185,-0.400098,-0.193938,-0.368135,0.125942,0.383995,-0.229342,-0.315044,0.637168,0.552212,0.545417,-0.257929,-0.508459,0.156334,-0.233767,0.189974,-0.223741,-0.09732,-0.251832,-0.309765,-0.420332,0.299129,0.59112,0.462556,-0.108771,-0.282022,0.0,-0.388733,0.751013,-0.096486,0.620203,-0.595824,-0.035905,-0.338739,-0.243591,0.08879,-0.508459,0.35667,0.445525,-0.270854,0.428786,0.213848,-0.217911,-0.029263,-0.201149,0.183156,-0.120592,-0.243591,-0.055461,-0.029263,-0.684088,0.34782,0.217911,-0.508459,-0.237537,-0.523152,-0.367231,-0.407482,-0.194647,-0.355847,-0.09732,0.217911,-0.038905,0.0,-0.802668,0.326867,-0.249418,-0.243591,0.189974,-0.418661,-0.57886,0.0,-0.029263,-0.029263,-0.802668,0.10607,0.224975,-0.120592,0.328908,-0.256245,0.0,-0.047552,-0.226649,0.207845,0.525054,-0.096264,-0.231103,-0.318535,-0.331163,-0.217911,-0.410851,-0.196958,0.050742,0.541793,0.142546,-0.217911,0.0,-0.02028,-0.072047,-0.096264,0.0,-0.242594,0.306356,-0.234754,-0.346796,-0.331163,0.517449,-0.039625,0.180868,0.0,-0.456931,-0.153981,0.217911,-0.196958,0.313789,0.245848,-0.092943,0.014489,0.060612,0.34782,0.060612,0.245848,-0.338739,-0.504784,-0.196958,-0.373593,0.245848,0.130991,-0.167523,0.567224,0.655236,-0.543287,0.0,-0.566084,0.043143,-0.096264,0.0,-0.259932,-0.141728,-0.363656,0.033669,0.035512,0.409168,0.164338,0.185855,-0.088121,0.148808,-0.369959,-0.50364,-0.359146,-0.636971,0.48824,-0.159527,-0.186671,0.006085,-0.084822,0.467827,-0.310658,-0.088121,0.446412,#
12,-0.089032,0.218089,-0.534523,-0.218218,-0.51788,-0.534061,-0.534351,-0.218218,-0.42827,0.088081,-0.207283,-0.523073,1.0,0.047586,0.060135,0.231772,-0.534193,0.542692,0.355821,-0.218218,0.379833,0.654267,-0.35591,0.189798,-0.218218,0.224385,0.094543,-0.007796,0.093519,0.207878,0.47038,-0.089032,0.509175,0.047619,0.200014,-0.089032,-0.535331,-0.072542,-0.327327,-0.042314,-0.436302,-0.106339,0.211505,0.858883,-0.150188,-0.393213,-0.211192,-0.086026,-0.635801,-0.534079,-0.052771,0.262827,0.509175,-0.006537,0.208442,-0.218218,0.224682,0.212467,0.252186,-0.212464,0.412569,-0.340413,-0.101656,-0.423294,0.196846,0.326723,0.0,-0.047552,-0.211013,-0.333246,-0.643579,0.156173,-0.428468,0.356348,0.669027,-0.078814,-0.218218,-0.337504,0.075506,-0.197015,0.056575,-0.213206,0.218218,-0.428571,0.654654,-0.651665,0.582962,0.22791,-0.428354,0.523809,0.22791,-0.327327,-0.218218,0.509175,0.237872,0.056575,-0.082772,0.393228,-0.213206,0.356348,0.212467,0.509175,0.056575,0.0,0.368713,0.218218,-0.326621,0.22791,-0.218218,-0.062348,0.285621,0.0,0.047619,0.047619,0.368713,-0.089087,0.237872,0.582962,-0.324176,0.256606,0.0,0.523809,-0.213206,0.237872,0.21082,0.09736,-0.20274,-0.28989,0.333716,0.218218,-0.169101,-0.327327,-0.032223,-0.088074,-0.160954,0.218218,0.0,0.056575,0.072147,0.09736,0.0,0.271405,0.233686,0.200014,0.371071,0.333716,-0.532225,0.058398,-0.177529,0.0,0.460682,0.122729,-0.218218,-0.327327,-0.797199,-0.218218,0.165787,-0.007647,-0.024321,0.218218,-0.024321,-0.218218,-0.089087,0.047619,-0.327327,-0.182077,-0.218218,0.300004,0.167759,-0.082772,-0.635781,0.042099,0.0,0.113961,0.403239,0.09736,0.0,-0.195807,0.127445,0.368743,0.465152,-0.051727,-0.406997,0.378159,0.378159,0.105661,0.199291,0.394568,0.221824,0.378793,0.218218,-0.0123,0.127445,-0.329081,-0.021329,0.084941,-0.463142,0.304097,0.558494,-0.425013,#
13,0.322317,0.185052,-0.071904,-0.20129,-0.035544,-0.118508,-0.533975,-0.218064,0.52448,0.068336,-0.798145,-0.046113,0.047586,1.0,0.511514,-0.244578,0.357194,0.111753,-0.097924,0.536774,-0.614061,-0.217935,0.09023,-0.723868,-0.218064,0.097945,0.093839,-0.617547,0.117413,-0.327024,0.002494,0.322317,0.508817,0.065888,-0.042055,0.357194,-0.042055,-0.203135,-0.327096,-0.556345,0.36274,0.229956,-0.654041,-0.121491,0.720587,-0.432577,0.675288,0.303649,-0.338946,-0.058649,-0.488451,0.280126,-0.218064,0.01608,-0.568272,0.48086,0.241419,0.218366,0.142708,0.335855,-0.038391,0.180671,-0.140656,-0.420897,-0.164492,0.328103,0.0,0.429074,0.323056,0.145816,0.170901,0.530501,-0.428167,0.373218,-0.213056,-0.603802,-0.218064,0.048939,-0.427566,0.638974,0.075173,-0.196102,0.218064,0.065888,0.234838,0.184644,0.03125,-0.653863,0.075173,0.065888,-0.213056,0.239032,-0.218064,0.508817,-0.207991,0.056535,0.385806,-0.161211,0.244704,-0.089024,0.218366,-0.218064,-0.428052,0.0,-0.082714,-0.327097,-0.326391,-0.653863,0.48086,-0.180123,0.481687,0.0,0.065888,0.065888,-0.082714,-0.071904,-0.190849,0.03125,0.306816,-0.648605,0.0,0.047586,0.244704,-0.207991,-0.033552,0.114562,-0.652814,-0.333208,0.307411,-0.327097,0.304022,0.239032,-0.49663,-0.14725,-0.273647,-0.327097,0.0,0.075173,-0.023416,0.114562,0.0,-0.440011,-0.32693,-0.042055,0.281673,0.307411,0.331504,0.058357,0.29304,0.0,0.3827,0.03125,-0.218064,0.239032,0.065485,-0.218064,0.486502,0.508655,-0.005609,0.239032,-0.49168,-0.218064,0.373218,0.541743,0.239032,0.310604,0.536774,-0.037019,0.167641,-0.065362,0.202775,0.36274,0.0,0.496402,-0.130628,0.114562,0.0,-0.663111,0.053881,0.254189,0.407523,0.500009,-0.425921,-0.27077,0.310604,0.122991,0.212668,0.304022,-0.389107,-0.090115,0.234838,-0.581951,0.053881,0.260988,-0.098607,-0.424407,-0.551819,0.106089,0.122991,0.54381,#
14,0.7842,0.207221,-0.53439,-0.654492,-0.08613,-0.107632,-0.103508,-0.218164,0.023257,0.081322,-0.263436,-0.096139,0.060135,0.511514,1.0,0.18643,0.327437,-0.34162,-0.533599,-0.218164,-0.604924,-0.206559,-0.378556,-0.564645,-0.218164,-0.266918,0.117429,-0.520561,-0.521601,-0.327173,-0.489894,0.345005,0.528186,-0.428466,0.136508,-0.111758,0.136508,-0.089974,-0.327246,-0.09119,0.025978,-0.123205,-0.654339,-0.108649,0.847561,-0.411347,0.64068,-0.101297,-0.419581,-0.115755,-0.549935,0.152392,-0.218164,-0.041793,0.18097,0.499481,0.214346,-0.563956,0.171305,0.292882,0.203948,0.72869,0.362663,-0.711302,-0.312737,-0.231262,0.0,-0.059329,0.142953,-0.321024,0.280149,0.015261,-0.428362,-0.077346,0.209479,-0.337981,-0.218164,-0.419153,-0.427761,0.612429,0.023602,-0.243135,0.232517,-0.428466,-0.206682,0.14593,0.053075,-0.243135,0.023602,-0.428466,0.209479,-0.327246,-0.218164,0.528186,0.219234,0.069319,0.349815,-0.151532,-0.201548,-0.077346,-0.563956,-0.218164,-0.428248,0.0,-0.070874,-0.327246,-0.32654,-0.243135,0.499481,-0.171004,0.20699,0.0,-0.428466,-0.428466,-0.070874,-0.53439,-0.2384,0.053075,0.142325,-0.648901,0.0,0.060135,0.209479,0.219234,0.146709,0.078617,-0.653113,0.227374,0.119491,-0.327246,0.270889,-0.327246,-0.548294,-0.528311,0.282471,-0.327246,0.0,-0.428248,-0.079724,0.078617,0.0,-0.499508,0.19551,0.136508,-0.269692,0.119491,0.291581,0.071188,0.260082,0.0,-0.0976,0.481914,-0.218164,-0.327246,0.025497,-0.218164,0.457293,-0.027764,-0.497811,-0.327246,-0.996902,-0.218164,-0.077346,0.060135,-0.327246,0.274429,-0.218164,0.532563,0.180698,-0.534126,-0.277976,0.025978,0.0,0.044973,-0.148904,0.078617,0.0,-0.25598,0.505004,0.212178,-0.093902,0.466705,-0.487205,0.274429,0.274429,-0.335173,0.669202,-0.25433,0.146666,-0.106496,-0.206682,-0.116255,0.505004,0.589652,0.375892,-0.424601,-0.619603,0.284533,-0.335173,-0.008565,#
15,-0.034437,-0.21794,-0.401722,-0.187431,0.197255,-0.428901,-0.002875,-0.333211,-0.244578,0.649364,0.485369,0.178297,0.231772,-0.244578,0.18643,1.0,0.379783,0.026846,0.012734,-0.333211,-0.208102,-0.187321,-0.426091,-0.240352,-0.333211,-0.152576,-0.421338,-0.174657,-0.415006,-0.001768,-0.152474,-0.002574,-0.333211,-0.211321,0.402962,-0.018505,-0.281273,-0.178022,0.00781,0.632868,-0.781272,-0.582198,-0.193586,0.178813,0.093166,0.382724,-0.236743,-0.455317,0.183719,-0.026092,0.202273,-0.263131,0.343624,-0.528572,0.293418,0.317592,0.197412,-0.379629,0.345073,-0.544758,-0.097919,0.483277,0.215376,0.193515,-0.082719,-0.513736,0.0,-0.673261,-0.164881,-0.784077,0.199616,-0.442875,-0.654256,-0.401722,0.604986,-0.355392,-0.333211,-0.018484,-0.184952,-0.271909,0.206907,0.194529,0.00781,-0.211321,0.21867,0.151141,0.409761,0.604986,-0.244316,0.231772,0.194529,0.00781,0.343624,-0.333211,-0.206973,-0.654082,-0.434288,0.393491,-0.588673,0.012753,-0.379629,0.343624,-0.202858,0.0,-0.395689,0.515436,-0.49874,0.604986,0.317592,0.386391,-0.279398,0.0,0.231772,-0.211321,-0.395689,0.012753,0.208037,0.409761,-0.072027,0.272983,0.0,0.231772,-0.215928,0.208037,0.420388,-0.007683,-0.159088,-0.029827,0.315376,0.00781,-0.03407,-0.499817,0.232372,0.012608,-0.019878,0.00781,0.0,-0.202858,-0.176728,-0.007683,0.0,-0.284624,0.496217,0.402962,-0.014387,0.315376,0.371238,-0.653932,-0.048152,0.0,0.197266,0.370413,-0.333211,-0.499817,-0.035057,-0.333211,0.003331,-0.148513,-0.6174,0.00781,-0.164795,-0.333211,-0.401722,-0.654414,-0.499817,-0.559141,-0.333211,0.76701,0.053681,0.024416,-0.231327,-0.336122,0.0,-0.029909,0.400982,-0.007683,0.0,0.193843,-0.03794,0.126007,-0.240527,-0.280692,0.069762,0.483452,-0.037844,-0.378863,0.557786,-0.51037,0.349563,-0.41045,-0.187431,0.649952,0.393285,-0.454556,0.176438,-0.174288,0.300008,-0.13376,0.042496,-0.271415,#
16,0.135065,-0.438518,0.18258,0.015692,0.537335,-0.277284,0.166511,-0.271998,0.357194,0.295632,-0.14556,0.51766,-0.534193,0.357194,0.327437,0.379783,1.0,-0.145241,-0.257925,0.434151,-0.85889,-0.815511,-0.165129,-0.55434,-0.271998,-0.08817,-0.596014,-0.446529,-0.15243,-0.407906,-0.305983,0.151071,-0.271998,-0.071911,0.087145,0.167693,0.087145,-0.005962,0.101999,0.045378,-0.225953,-0.424475,-0.815804,-0.560942,0.627306,0.185881,0.412008,-0.235409,0.365343,0.587062,0.099319,-0.049794,-0.271998,-0.149957,-0.466663,0.381843,0.417624,-0.391587,0.178647,-0.112546,-0.583995,0.596704,0.039475,0.129613,-0.17169,-0.60936,0.0,-0.354313,0.318656,-0.111217,0.743288,-0.219796,-0.534065,-0.23383,-0.013746,-0.589412,-0.271998,0.227441,-0.533315,0.371079,0.364989,0.414488,0.101999,0.37325,0.015692,0.796103,-0.219351,-0.013746,0.364989,-0.071911,-0.013746,0.631611,0.407997,-0.271998,-0.421579,-0.533922,0.170991,-0.316594,0.025024,-0.249846,-0.391587,-0.271998,-0.533922,0.0,-0.665926,0.101999,-0.407117,-0.013746,0.381843,0.103494,-0.269499,0.0,0.37325,-0.071911,-0.665926,0.18258,0.011404,-0.219351,0.62796,-0.385697,0.0,-0.089032,0.414488,-0.004633,0.099075,0.254198,-0.393098,-0.176215,0.214029,-0.407997,0.37809,0.121615,0.102729,0.109252,-0.158636,-0.407997,0.0,-0.063156,-0.374127,0.254198,0.0,-0.365498,0.087383,0.087145,-0.141202,0.214029,0.997904,-0.5338,0.364397,0.0,0.048239,0.186991,-0.271998,0.121615,0.665257,-0.271998,0.180501,0.235173,-0.315971,0.121615,-0.315971,-0.271998,0.18258,-0.071911,0.121615,-0.148054,0.434151,0.255665,0.147602,0.194439,0.382599,-0.225953,0.0,0.215801,-0.310684,0.254198,0.0,-0.019634,-0.225783,0.019103,-0.393673,0.129261,0.27573,-0.168198,-0.148054,-0.134234,0.407173,-0.646513,-0.408201,-0.681379,0.015692,0.036265,0.207454,-0.045736,0.024541,-0.529375,0.219812,-0.121862,-0.134234,0.376293,#
17,-0.161352,-0.007601,0.242178,0.007605,-0.05737,-0.5917,-0.160791,-0.40815,0.095169,0.055042,-0.394087,-0.077255,0.542692,0.111753,-0.34162,0.026846,-0.145241,1.0,0.659475,0.276325,0.259697,0.007601,-0.241283,0.187759,0.250974,0.316578,-0.249783,-0.148622,0.468247,0.395028,0.438858,0.25814,0.276325,0.094598,0.20564,0.25814,-0.486318,-0.242348,-0.098869,-0.084701,-0.378546,-0.206353,-0.01689,0.762418,-0.276546,-0.17119,-0.373839,0.094887,-0.315147,-0.15334,0.358128,0.074102,0.276325,0.108522,-0.264915,-0.40815,0.430454,0.471442,-0.285366,-0.383947,0.153623,-0.636198,-0.178562,-0.106123,-0.155576,0.118394,0.0,-0.077255,0.178339,0.218883,-0.082923,0.219531,-0.364401,0.257702,0.436528,0.081486,-0.40815,-0.192836,0.078848,-0.363211,0.11145,0.021438,0.414488,0.094598,0.828975,-0.363211,0.240243,0.021438,-0.344867,0.542692,0.021438,0.414488,0.276325,0.276325,-0.384115,-0.344867,-0.14957,-0.124417,0.021438,0.257702,0.471442,0.276325,-0.344867,0.0,-0.14957,0.414488,-0.146644,0.021438,-0.40815,-0.111182,0.258713,0.0,0.542692,0.094598,-0.14957,0.257702,0.035579,0.240243,-0.034365,0.383504,0.0,0.542692,0.021438,0.035579,0.224252,0.19254,-0.011079,-0.529311,-0.03962,-0.098869,0.150829,-0.098869,-0.049039,0.651249,-0.364839,-0.098869,0.0,0.11145,0.056714,0.19254,0.0,0.433105,-0.084158,-0.46069,0.189676,-0.03962,-0.111658,0.068521,-0.31902,0.0,0.422234,-0.192836,0.250974,-0.098869,-0.230805,-0.40815,-0.171413,0.623545,0.357601,0.414488,0.357601,-0.40815,0.257702,0.094598,-0.098869,-0.378789,0.276325,0.16674,0.412363,0.275276,0.029544,0.071628,0.0,0.223741,0.289102,0.19254,0.0,0.013744,-0.229352,-0.255506,0.394061,-0.041915,0.102278,0.148392,0.148392,0.572888,0.024106,0.150829,-0.367917,0.262008,0.41829,-0.056586,0.20674,-0.765118,-0.487323,0.044405,-0.219522,-0.056253,0.999003,-0.284378,#
18,-0.209043,0.030747,0.16642,-0.030766,0.128426,-0.221621,-0.217391,-0.271763,0.371698,-0.058769,-0.057852,0.096566,0.355821,-0.097924,-0.533599,0.012734,-0.257925,0.659475,1.0,0.369187,0.208316,-0.0,0.272241,0.310814,0.446101,-0.016665,-0.145335,0.476881,0.391144,0.63128,0.105573,-0.225941,-0.271763,0.322253,0.324082,0.589353,-0.349793,-0.396677,-0.407644,0.121519,-0.196677,0.08373,0.421109,0.502192,-0.323791,0.389198,-0.409288,-0.059331,0.278876,-0.261748,0.539523,0.011995,0.420463,0.035636,-0.349709,-0.271763,-0.009411,0.333941,-0.431383,-0.066137,0.082656,-0.418337,-0.247945,0.381171,0.195162,0.425347,0.0,0.113326,-0.03037,-0.144563,-0.010998,0.267888,-0.057662,0.13502,0.009156,0.188891,-0.271763,-0.166181,0.370021,-0.410947,0.338232,-0.02194,-0.407644,-0.114131,0.38457,-0.410947,-0.133738,0.009156,-0.10616,0.775421,-0.395086,0.073068,-0.271763,-0.271763,-0.405931,-0.53346,-0.267519,0.201647,-0.426182,-0.25748,0.333941,0.394825,-0.089068,0.0,-0.235693,0.092297,0.09887,0.009156,-0.271763,-0.214993,0.266219,0.0,0.339037,0.322253,-0.235693,0.13502,0.411521,-0.133738,0.131876,0.385186,0.0,-0.097347,-0.426182,-0.405931,0.338251,-0.190233,0.01041,-0.476235,-0.307349,0.092297,-0.086975,0.073068,0.084803,0.575843,-0.596448,0.092297,0.0,0.355324,-0.271815,-0.190233,0.0,0.256834,0.106526,-0.40163,-0.087193,-0.307349,-0.249017,-0.085078,-0.609698,0.0,0.095145,-0.57172,0.446101,0.073068,-0.168223,-0.271763,-0.124659,0.401956,0.059243,0.573009,0.52214,-0.271763,-0.27318,-0.114131,0.073068,-0.077011,0.369187,-0.026157,-0.405555,0.146225,0.014153,0.258594,0.0,-0.15799,0.641603,-0.190233,0.0,0.034799,-0.125775,-0.245124,0.549861,0.087513,0.284639,-0.057264,0.436393,0.214938,-0.461124,0.429575,-0.315047,0.200169,-0.015383,0.133528,-0.125775,-0.713557,-0.794087,0.329326,0.300363,-0.128803,0.645878,-0.051209,#
19,-0.271998,-0.333136,0.408248,0.333333,0.254274,-0.271931,-0.272078,-0.111111,0.536774,-0.215898,-0.66557,0.245848,-0.218218,0.536774,-0.218164,-0.333211,0.434151,0.276325,0.369187,1.0,-0.495148,-0.333136,0.297968,-0.111508,-0.111111,0.226462,-0.407914,0.035726,0.523786,-0.16663,0.239506,-0.271998,-0.111111,0.509175,-0.107833,0.434151,-0.107833,0.07915,-0.166667,-0.508658,0.128615,0.058232,-0.333256,-0.311517,0.305888,-0.019693,0.369431,0.003552,0.260786,0.427334,0.241826,0.365446,-0.111111,0.296237,-0.997654,-0.111111,0.338233,0.228387,0.032785,0.202438,-0.563874,-0.16229,-0.496904,0.18772,0.358884,0.198352,0.0,0.245848,0.295467,0.300204,0.208533,0.306718,-0.218165,0.408248,-0.333165,-0.441422,-0.111111,0.29683,-0.217859,0.362678,0.522634,0.340652,-0.166667,0.509175,0.333333,0.362678,-0.406188,-0.333165,0.522634,0.509175,-0.333165,0.666667,-0.111111,-0.111111,-0.333075,-0.218107,0.417625,-0.270888,0.340652,-0.272166,0.228387,-0.111111,-0.218107,0.0,-0.272031,-0.166667,-0.166307,-0.333165,-0.111111,-0.269841,0.057291,0.0,0.509175,0.509175,-0.272031,0.408248,0.348215,-0.406188,0.763414,-0.330486,0.0,-0.218218,0.340652,-0.333075,-0.10432,0.278373,-0.332631,-0.643464,0.16992,-0.166667,0.200904,0.666667,0.229701,0.291492,-0.66045,-0.166667,0.0,0.522634,-0.453077,0.278373,0.0,0.138193,-0.166582,-0.107833,0.18894,0.16992,0.446346,-0.218057,0.195059,0.0,0.234568,-0.406188,-0.111111,0.666667,0.310405,-0.111111,0.262129,0.424407,0.235286,0.666667,0.235286,-0.111111,0.408248,0.509175,0.666667,0.192549,1.0,-0.490423,-0.165812,0.417625,0.3578,0.128615,0.0,0.290129,-0.263982,0.278373,0.0,-0.324375,-0.407048,0.187755,0.236844,0.286428,0.283582,-0.663225,0.192549,0.284371,-0.331283,0.200904,-0.849881,-0.257632,0.333333,-0.507294,-0.407048,-0.183671,-0.507328,-0.21625,0.141492,0.075434,0.284371,0.612383,#
20,-0.394838,0.226994,0.08929,0.246055,-0.378482,0.213722,0.095825,0.294659,-0.474954,-0.118649,0.36322,-0.380063,0.379833,-0.614061,-0.604924,-0.208102,-0.85889,0.259697,0.208316,-0.495148,1.0,0.682382,0.058739,0.633495,0.264282,0.216028,0.384922,0.356178,0.199179,0.396334,0.446391,-0.045905,0.051641,0.041762,-0.10957,-0.282578,-0.10957,0.073141,0.259725,0.129614,0.026532,0.210063,0.810743,0.543595,-0.9105,-0.027189,-0.688795,0.22944,-0.228152,-0.384125,0.103427,-0.157184,0.264281,0.031577,0.530999,-0.495148,-0.346903,0.478814,-0.173213,-0.246947,0.425302,-0.739516,-0.040755,0.115759,0.042695,0.308401,0.0,0.096543,-0.313569,0.249434,-0.657264,0.003418,0.539053,0.070688,0.118002,0.644009,0.294659,-0.010891,0.518185,-0.643236,-0.465671,-0.195168,0.100245,-0.077557,0.100245,-0.624249,0.315851,0.265376,-0.445419,0.021875,0.136424,-0.309847,0.082018,0.051641,0.240691,0.397266,-0.382648,0.26114,0.110838,0.424129,0.478814,0.264282,0.539026,0.0,0.533905,0.259725,0.419639,0.265376,-0.495148,0.164471,0.019157,0.0,-0.097444,0.041762,0.533905,0.08929,-0.113205,0.315851,-0.735573,0.691516,0.0,0.260514,-0.324121,0.110308,-0.153639,-0.166911,0.697098,0.193133,-0.177549,0.419205,-0.34708,-0.150367,0.127617,0.146511,0.231833,0.419205,0.0,0.012488,0.501837,-0.166911,0.0,0.487033,-0.156796,-0.10957,0.228575,-0.177549,-0.835025,0.376391,-0.333886,0.0,0.03274,-0.118737,0.264282,-0.150367,-0.492423,0.264281,-0.453431,-0.203639,0.456037,-0.17315,0.598232,0.264281,-0.040925,-0.097444,-0.150367,-0.207935,-0.495148,-0.22156,0.101791,0.062535,-0.186092,0.026532,0.0,-0.134844,0.236962,-0.166911,0.0,0.276298,-0.044272,-0.201516,0.12776,-0.454455,-0.02296,0.2132,-0.231331,0.269168,-0.353961,0.349958,0.42993,0.541196,0.118471,0.152304,-0.160395,-0.238387,0.039829,0.535641,0.025144,-0.08499,0.250257,-0.492322,#
