0,1.0,0.634029,-0.498437,-0.206349,0.197053,0.019201,0.077486,-0.326795,-0.326944,0.999077,0.077385,-0.391906,0.4076,0.209969,0.350638,-0.019176,0.698073,0.491797,0.372556,-0.203105,-0.166513,0.209969,0.242731,-0.327025,-0.499422,-0.208691,-0.128023,-0.166513,-0.124626,0.764132,-0.085709,0.273782,0.338783,0.068064,-0.235535,0.077385,-0.33472,-0.030907,-0.249718,0.204082,-0.102377,-0.035799,0.157098,0.224062,-0.249704,-0.592495,0.204928,-0.035799,-0.465717,-0.693161,0.165341,-0.332224,0.107618,-0.75279,0.31618,0.029444,0.32045,-0.397085,0.014798,0.165341,-0.328835,0.315674,-0.505028,-0.07446,-0.283549,0.401009,0.302205,-0.471729,0.13767,-0.326978,-0.822801,-0.359554,-0.249769,-0.997143,-0.087447,-0.051376,-0.206174,-0.359469,-0.082359,-0.363927,-0.359469,-0.087447,-0.206174,-0.249642,0.071511,-0.326858,-0.611184,-0.359469,-0.087447,-0.407871,-0.087447,-0.648263,-0.20163,-0.648263,-0.20163,-0.611242,-0.210688,0.061334,-0.611447,-0.611447,0.172882,-0.76219,-0.363927,0.007282,-0.092455,0.121577,-0.648263,-0.327025,-0.359469,-0.407871,-0.092455,0.0,-0.20163,-0.206174,-0.946245,0.113844,-0.499268,-0.359469,0.272975,-0.997143,-0.76219,-0.3829,-0.648263,-0.327025,-0.503283,0.071511,0.227974,-0.209607,-0.53014,-0.359469,-0.20163,-0.206174,-0.087447,0.171669,-0.76219,0.013174,0.0,-0.499268,0.029444,-0.359469,-0.082359,-0.499143,-0.611242,-0.204593,0.013174,-0.567099,0.23898,0.582638,-0.359469,-0.499143,-0.723869,-0.359469,-0.087447,-0.327025,-0.363927,-0.499143,0.348339,0.593461,-0.648263,-0.249769,-0.469744,0.379949,0.121251,-0.857898,-0.648263,0.5602,-0.499143,-0.667339,0.121251,-0.249769,0.611231,-0.070787,-0.499538,-0.359469,0.606351,-0.997143,-0.092455,0.611231,0.03866,0.160919,0.053962,0.576973,-0.187991,-0.275364,0.319464,-0.30404,0.5602,0.019213,0.001859,0.996351,-0.097386,0.611231,0.069831,0.736801,-0.007347,0.39867,-0.752759,-0.638394,-0.638394,0.0,#
1,0.634029,1.0,-0.332599,-0.507615,0.509175,-0.33312,0.401413,-0.218064,-0.218164,0.666667,0.40089,0.174772,0.271984,0.140108,0.666667,0.332695,-0.111111,0.328168,0.696934,-0.508925,-0.111111,0.140108,0.16197,-0.218218,-0.333256,-0.401982,0.24097,-0.111111,0.267235,0.48086,-0.408145,0.149043,0.650171,0.388339,0.107685,0.40089,-0.4997,-0.020624,-0.166632,0.518869,-0.328509,-0.023888,0.104828,-0.218008,-0.166623,-0.395362,0.297832,-0.023888,-0.310765,0.110329,0.110329,-0.655423,-0.214257,-0.502324,0.182298,0.351204,0.533393,0.166004,0.373404,0.110329,-0.563875,0.648136,-0.638285,-0.404209,-0.189208,0.267586,-0.164581,-0.099504,-0.021913,-0.218186,-0.957794,-0.666106,-0.166667,-0.665376,-0.408008,0.288012,-0.508596,-0.665619,-0.408248,-0.665376,-0.665619,-0.408008,-0.508596,-0.166582,-0.019385,-0.218107,-0.407832,-0.665619,-0.408008,-0.272166,-0.408008,-0.996323,-0.508822,-0.996323,-0.508822,-0.407871,-0.508492,-0.025641,-0.408008,-0.408008,0.115361,-0.508596,-0.665376,-0.333069,-0.407871,-0.272166,-0.996323,-0.218218,-0.665619,-0.272166,-0.407871,0.0,-0.508822,-0.508596,-0.631413,-0.272023,-0.333153,-0.665619,0.137523,-0.665376,-0.508596,-0.255503,-0.996323,-0.218218,-0.651162,-0.019385,-0.218103,-0.139867,0.122226,-0.665619,-0.508822,-0.508596,-0.408008,0.114552,-0.508596,-0.333153,0.0,-0.333153,0.351204,-0.665619,-0.408248,-0.333069,-0.407871,-0.136522,-0.333153,-0.946038,-0.218218,0.520659,-0.665619,-0.333069,-0.483025,-0.665619,-0.408008,-0.218218,-0.665376,-0.333069,0.232441,0.396007,-0.996323,-0.166667,0.062802,-0.166582,0.402163,-0.168547,-0.996323,0.373811,-0.333069,0.02593,0.402163,-0.166667,0.994874,-0.047235,-0.333333,-0.665619,0.404607,-0.665376,-0.407871,0.994874,0.354345,0.009432,0.381578,0.385004,-0.125443,0.166288,0.637633,-0.621972,0.373811,-0.333333,-0.405379,0.664848,-0.407832,0.994874,0.405379,0.491654,-0.241286,-0.166667,0.027194,-0.842718,-0.842718,0.0,#
2,-0.498437,-0.332599,1.0,0.241209,0.25988,-0.160832,0.030957,0.206381,0.247804,-0.498898,0.045855,0.016876,-0.367683,-0.38917,0.004023,0.19211,-0.332599,-0.566457,-0.033946,0.229286,-0.332599,-0.38917,0.025216,0.189642,-0.183251,-0.405258,0.439315,0.311141,0.44024,-0.231621,-0.03188,0.458658,-0.498778,-0.416563,-0.400057,0.387493,0.736907,0.142391,0.466615,0.183899,-0.124465,0.172339,-0.327289,0.217482,-0.02594,0.023971,-0.00719,0.666621,0.236167,0.355827,-0.283383,0.576575,0.357621,0.140502,-0.657174,0.391022,-0.522972,0.015228,0.171269,-0.310017,0.690212,-0.46782,0.599525,0.387538,-0.01421,0.018009,0.052217,0.362709,0.483487,0.20718,0.4354,0.024844,-0.016093,0.500822,0.020846,0.263363,0.25225,-0.00489,0.009855,-0.029582,0.016068,-0.027923,0.200501,0.466473,0.405263,0.250144,-0.011252,-0.00489,0.038059,-0.026281,-0.01071,0.343196,0.224166,0.343196,0.224166,0.434933,0.237654,-0.24852,0.410998,-0.002104,0.371026,0.227897,0.029351,-0.204059,0.434933,-0.420489,0.343196,0.189642,-0.00489,0.022996,0.412211,0.0,0.224166,0.200501,0.600691,-0.014846,0.169825,0.016068,-0.671436,0.500822,0.209633,-0.038637,0.343196,-0.231784,0.026715,-0.268615,-0.652866,-0.106358,0.104008,0.016068,0.224166,-0.256105,-0.027923,-0.176129,0.209633,0.217519,0.0,0.599065,0.005652,0.519072,0.009855,0.156371,0.008899,-0.202417,-0.194888,0.197926,-0.653211,-0.246063,0.016068,-0.220694,0.117429,-0.00489,-0.002104,0.189642,-0.029582,-0.204059,-0.385741,0.053212,0.343196,-0.016093,0.53435,-0.002298,-0.158533,0.425029,0.343196,-0.316367,0.22014,0.191858,-0.187338,-0.498898,-0.316945,-0.247437,0.209215,0.016068,-0.008657,0.500822,0.39517,-0.316945,0.091242,0.267305,0.122533,-0.389703,0.340118,0.216768,-0.473882,-0.135704,-0.316367,-0.177028,-0.065833,-0.494108,0.419123,-0.316945,-0.026467,-0.205175,0.016265,-0.498898,0.409636,0.354556,0.354556,0.0,#
3,-0.206349,-0.507615,0.241209,1.0,-0.472233,-0.203984,-0.757257,-0.512234,-0.479019,-0.227091,0.123565,-0.343734,-0.518828,-0.310921,-0.761423,-0.239989,0.204827,-0.197167,-0.24667,0.03813,0.204827,-0.310921,-0.319779,0.402272,0.226936,0.272395,-0.471506,0.204827,-0.05993,-0.046159,0.752392,-0.324094,-0.76124,0.078131,-0.039521,-0.361638,0.489853,0.853505,0.307177,-0.070415,0.217333,-0.262303,-0.259761,-0.051966,-0.237934,0.237538,-0.350111,-0.262303,0.637542,-0.231683,-0.231683,0.718968,-0.051518,-0.045659,0.03365,-0.425647,-0.818853,0.2049,-0.68835,0.475746,0.241922,-0.244155,0.134873,-0.005691,-0.092675,-0.510611,0.303395,0.435977,0.198462,-0.530461,0.4266,0.200648,0.307241,0.186846,0.806114,-0.590635,0.509717,0.736064,0.807118,0.121622,0.179377,0.75214,0.452445,0.307084,0.543293,-0.491783,-0.14476,0.736064,0.348924,0.501722,0.29495,0.44944,0.995759,0.44944,0.995759,0.352683,0.03207,-0.189071,0.806114,0.348924,0.498581,0.024593,0.186846,-0.269716,0.352683,0.501722,0.44944,0.402272,0.736064,0.556257,-0.099958,0.0,0.995759,0.452445,0.124985,0.501459,0.614149,0.179377,0.025489,0.186846,0.509717,0.471005,0.44944,0.402272,0.09708,-0.202504,-0.082026,-0.134524,-0.421249,0.179377,0.995759,0.452445,0.75214,0.530397,0.509717,0.666933,0.0,0.666933,-0.425647,0.736064,0.807118,0.17214,0.352683,-0.235433,0.167044,0.375754,0.402272,-0.301614,0.179377,0.17214,0.455322,0.736064,0.348924,0.402272,0.121622,-0.269716,-0.486939,-0.332312,0.44944,0.307241,-0.293882,0.307084,-0.44737,-0.167303,0.44944,-0.315471,-0.217552,-0.130934,0.002479,0.307241,-0.571463,0.090861,0.667915,0.179377,-0.447375,0.186846,0.352683,-0.571463,-0.727599,-0.365129,-0.35491,-0.39039,-0.530758,-0.447025,-0.786685,0.050612,-0.315471,0.667915,0.747294,-0.273724,-0.091837,-0.571463,-0.418691,-0.090907,-0.182808,0.307241,-0.170008,0.073975,0.073975,0.0,#
4,0.197053,0.509175,0.25988,-0.472233,1.0,0.218078,0.78836,0.029283,0.511152,0.218218,0.34699,0.343246,0.534166,0.074525,0.763763,0.2178,-0.218218,0.211505,0.238219,-0.039835,-0.218218,0.074525,0.318104,-0.428571,-0.221498,-0.789477,0.541843,-0.218218,0.524839,0.029283,-0.801581,0.250292,0.207471,-0.102037,-0.456373,0.34699,0.025164,-0.265532,-0.327259,0.05404,-0.171319,0.310533,0.148691,0.035217,-0.327242,-0.776475,0.584931,0.310533,-0.08216,0.216682,0.216682,-0.172471,0.621169,-0.490516,-0.546081,0.341391,-0.026861,-0.21735,0.73335,-0.505592,-0.021715,0.212152,-0.037987,0.010728,0.013763,0.525529,-0.32323,-0.303989,0.100417,0.047615,-0.392247,-0.212868,-0.327327,-0.209961,-0.360461,0.646916,-0.035772,-0.770456,-0.356348,-0.742698,-0.202087,-0.801312,-0.503559,-0.32716,0.173441,0.514563,-0.343271,-0.770456,0.106323,-0.534523,-0.334528,-0.493366,-0.527412,-0.493366,-0.527412,0.097563,-0.043657,0.159467,-0.360461,-0.360461,0.226564,-0.035772,-0.209961,-0.203007,0.097563,-0.534523,-0.493366,-0.428571,-0.770456,-0.089087,0.097563,0.0,-0.527412,-0.503559,-0.144048,-0.534242,-0.6543,-0.202087,-0.57394,-0.209961,-0.531076,-0.501797,-0.493366,-0.428571,-0.704586,0.173441,-0.428345,0.183129,0.340069,-0.202087,-0.527412,-0.998864,-0.801312,-0.582629,-0.531076,-0.223172,0.0,-0.223172,-0.076639,-0.202087,-0.356348,-0.654135,-0.364577,-0.556427,-0.197812,-0.399122,-0.428571,0.302055,-0.202087,-0.654135,-0.472922,-0.770456,-0.360461,-0.428571,-0.742698,-0.203007,0.486342,0.808976,-0.493366,-0.327327,0.281469,-0.32716,0.471585,0.093365,-0.493366,0.388668,0.223058,0.093365,-0.020252,-0.327327,0.523012,-0.061845,-0.218218,-0.202087,0.403336,-0.209961,-0.364577,0.523012,0.806384,0.327254,0.865592,-0.093784,0.488409,-0.055901,0.217634,-0.66205,0.388668,-0.218218,-0.796149,0.226923,0.088996,0.523012,-0.078409,0.041428,0.241409,-0.327327,0.231434,-0.341522,-0.341522,0.0,#
5,0.019201,-0.33312,-0.160832,-0.203984,0.218078,1.0,0.428726,0.218595,0.671974,0.0,-0.039687,0.021765,0.440985,0.238382,0.0,-0.598468,0.33312,0.603137,-0.499252,0.664054,0.306471,0.238382,0.487186,-0.654235,0.206537,-0.041465,0.047744,-0.33312,-0.412735,-0.201162,-0.429291,0.000777,0.03017,-0.420405,-0.356834,-0.411389,-0.257078,-0.515271,-0.499577,-0.654064,0.183625,0.542252,0.289142,0.195233,0.030585,-0.389963,0.495574,0.051156,-0.10392,-0.328659,0.332893,-0.073206,0.642359,-0.159182,-0.231205,-0.348427,-0.10825,-0.496101,0.296667,-0.328659,-0.091489,-0.523877,0.054278,0.377311,0.207239,0.430133,-0.070489,-0.71398,-0.444107,0.235497,0.275354,0.502383,-0.49968,0.0155,-0.028028,0.22391,0.197092,0.001157,-0.016319,0.0155,0.521743,-0.431816,-0.231368,-0.499426,-0.316944,0.671669,0.012577,0.001157,0.399513,-0.424307,-0.004275,0.346192,-0.246112,0.346192,-0.246112,-0.015991,0.242921,0.385907,-0.431816,0.012826,-0.371402,0.240442,0.503449,0.234606,0.0,-0.01632,0.346192,-0.654235,0.001157,-0.01632,0.440219,0.0,-0.246112,-0.231368,0.115876,-0.413683,-0.619733,0.521743,-0.179353,0.0155,-0.213222,-0.488517,0.346192,-0.235525,-0.050576,0.408386,0.244454,0.366917,0.003664,0.521743,-0.246112,-0.213222,-0.431816,-0.704836,-0.213222,-0.209056,0.0,-0.603938,-0.333111,-0.019667,-0.016319,-0.56884,0.000941,-0.303676,0.19326,0.492634,0.200632,0.129447,0.521743,-0.194204,-0.114314,0.001157,0.028978,-0.654235,0.0155,0.218997,0.385332,0.414826,0.346192,-0.49968,-0.428132,-0.014269,0.297322,-0.191243,0.346192,0.451979,0.234606,-0.275204,-0.216764,-0.019987,-0.314541,0.077038,-0.215862,0.521743,0.056241,0.0155,0.016932,-0.314541,0.446189,0.32915,0.412905,0.01718,0.338084,-0.202112,0.037253,0.129249,0.451979,0.183882,-0.374552,0.018399,0.42434,-0.314541,-0.369028,-0.217746,0.385992,-0.0,-0.285353,0.370557,0.370557,0.0,#
6,0.077486,0.401413,0.030957,-0.757257,0.78836,0.428726,1.0,0.347876,0.806261,0.096986,0.149977,0.449186,0.683205,0.184931,0.60212,-0.008067,-0.272099,0.418755,0.115595,0.113068,-0.272099,0.184931,0.417486,-0.534392,0.017826,-0.52366,0.670127,-0.272099,0.229007,-0.110355,-0.999502,0.346136,0.622572,-0.266013,-0.22963,0.149977,-0.291715,-0.64891,-0.408064,-0.087493,0.073036,0.423063,0.231296,-0.104826,0.127879,-0.485176,0.53378,0.423063,-0.271982,0.298005,0.298005,-0.57288,0.440087,-0.293194,-0.373296,0.202047,0.311383,-0.07567,0.914424,-0.370768,-0.166478,0.09429,0.074567,0.202767,0.344071,0.672328,-0.40304,-0.605566,-0.058975,0.365031,-0.277723,-0.079682,-0.408148,-0.070683,-0.590971,0.796213,-0.353745,-0.585678,-0.587315,-0.563959,-0.05941,-0.999167,-0.786882,-0.40794,-0.462666,0.805919,-0.134201,-0.585678,-0.158764,-0.666503,-0.56696,-0.360191,-0.809109,-0.360191,-0.809109,-0.166789,0.111973,0.252722,-0.590971,-0.141476,-0.416766,0.123215,-0.070683,0.03648,-0.166789,-0.666503,-0.360191,-0.534392,-0.585678,-0.254063,0.278235,0.0,-0.809109,-0.786882,0.011366,-0.666154,-0.815856,-0.05941,-0.363454,-0.070683,-0.335401,-0.625698,-0.360191,-0.534392,-0.531159,0.27058,-0.05817,0.27427,0.488247,-0.05941,-0.809109,-0.768537,-0.999167,-0.856103,-0.335401,-0.416663,0.0,-0.416663,0.21753,-0.606729,-0.587315,-0.381231,-0.149673,-0.406936,-0.393181,-0.25028,-0.534392,0.474482,-0.05941,-0.381231,-0.257345,-0.585678,-0.141476,-0.534392,-0.563959,0.03648,0.625581,0.577609,-0.360191,-0.408148,0.391574,-0.40794,0.801619,0.225395,-0.360191,0.623255,0.430985,0.143662,-0.155266,-0.408148,0.44626,-0.087041,-0.412189,-0.05941,0.222738,-0.070683,-0.149673,0.44626,0.996627,0.487336,0.650431,0.184094,0.414772,0.0814,0.637838,-0.466347,0.623255,-0.412189,-0.992729,0.127722,0.266047,0.44626,0.211994,-0.081322,0.387114,-0.408148,0.274292,-0.088543,-0.088543,0.0,#
7,-0.326795,-0.218064,0.206381,-0.512234,0.029283,0.218595,0.347876,1.0,0.511514,-0.327097,-0.039806,-0.205837,0.089649,0.363107,0.197097,0.25381,-0.218064,-0.2047,-0.326816,-0.040503,-0.218064,0.363107,0.384416,0.065888,-0.2047,0.16664,0.506533,0.536774,0.119673,-0.427969,-0.324174,0.334086,0.228699,-0.534021,0.155012,0.383302,0.005059,-0.670973,0.249274,-0.428158,-0.189411,0.443405,0.261784,0.53671,0.22913,0.245842,-0.145349,0.443405,-0.609901,0.305363,0.305363,-0.151332,0.080094,0.501186,-0.527627,0.480396,0.370622,-0.129483,0.257197,-0.388644,0.412279,-0.275604,0.414641,0.515804,0.151285,0.083786,-0.323002,-0.072189,0.022054,0.999162,0.293593,0.365544,-0.327097,0.38518,-0.316352,0.678946,-0.008249,-0.148546,-0.80122,0.38518,-0.192236,-0.316352,-0.008249,0.255077,-0.418502,0.522485,0.571717,-0.148546,-0.352233,-0.534146,-0.352233,0.300825,-0.480098,0.300825,-0.480098,0.123151,0.474438,0.327096,-0.316352,-0.334293,-0.438966,-0.027286,0.38518,0.230607,0.123151,-0.534146,0.300825,-0.42827,-0.148546,-0.534146,0.105389,0.0,-0.480098,-0.008249,0.450617,-0.05178,-0.180128,-0.192236,-0.489193,0.38518,0.010787,-0.501444,0.300825,-0.42827,0.39865,-0.447768,0.065853,0.353464,0.020758,-0.192236,-0.480098,0.010787,-0.316352,-0.446974,0.010787,-0.180128,0.0,-0.180128,0.496463,-0.170391,-0.80122,0.265285,0.140913,0.36478,-0.215217,0.371335,-0.42827,-0.224305,-0.192236,0.265285,0.078084,-0.148546,-0.334293,-0.42827,0.38518,0.230607,0.081191,-0.083554,0.300825,-0.327097,0.407685,0.255077,0.095407,0.432567,0.300825,-0.043155,0.230607,0.310235,0.115423,-0.327097,-0.118335,0.131923,-0.654193,-0.192236,-0.006479,0.38518,0.140913,-0.118335,0.374887,0.573834,-0.023668,-0.035144,0.547869,0.473358,0.288786,0.456586,-0.043155,-0.654193,-0.326164,-0.256503,0.571717,-0.118335,-0.018082,-0.372589,0.073998,-0.327097,0.275746,0.708812,0.708812,0.0,#
8,-0.326944,-0.218164,0.247804,-0.479019,0.511152,0.671974,0.806261,0.511514,1.0,-0.327246,-0.099122,0.365738,0.552304,0.106556,0.210987,-0.223476,-0.218164,0.234237,-0.326966,0.449181,-0.218164,0.106556,0.340229,-0.428466,0.234237,-0.298341,0.558401,-0.218164,0.071412,-0.428164,-0.801383,0.272552,0.243434,-0.534265,-0.314228,-0.099122,0.011917,-0.67811,-0.327178,-0.428354,0.289999,0.466214,0.178745,0.029112,0.243877,-0.261611,0.376392,0.466214,-0.089087,0.246273,0.246273,-0.187093,0.607309,0.012035,-0.515499,-0.011548,-0.012721,-0.187847,0.733168,-0.466322,0.186808,-0.31815,0.491708,0.477124,0.488822,0.543554,-0.32315,-0.580978,-0.048687,0.529873,0.322699,0.345322,-0.327246,0.354438,-0.366171,0.662365,-0.048432,-0.194145,-0.36212,-0.171159,0.366607,-0.801114,-0.50995,-0.327079,-0.480462,0.999599,0.120416,-0.194145,0.094357,-0.53439,-0.340586,0.259712,-0.533489,0.259712,-0.533489,0.085718,0.447735,0.285843,-0.366171,0.112778,-0.518585,0.459781,0.354438,0.253993,0.085718,-0.53439,0.259712,-0.428465,-0.194145,-0.094925,0.559903,0.0,-0.533489,-0.50995,0.419928,-0.53411,-0.654138,0.366607,-0.476093,0.354438,-0.028886,-0.501673,0.259712,-0.428465,-0.145392,0.300831,0.078886,0.38258,0.441296,0.366607,-0.533489,-0.490404,-0.801114,-0.986187,-0.028886,-0.228788,0.0,-0.228788,0.004949,-0.216575,-0.36212,-0.191088,0.103956,-0.345425,-0.203768,0.344348,-0.428465,0.16929,0.366607,-0.191088,0.037768,-0.194145,0.112778,-0.428465,-0.171159,0.253993,0.516444,0.359684,0.259712,-0.327246,0.37667,-0.327079,0.594397,0.349025,0.259712,0.422657,0.674348,0.136328,-0.425189,-0.327246,-0.167068,-0.062237,-0.223905,0.366607,-0.023995,0.354438,0.103956,-0.167068,0.833067,0.513178,0.446597,-0.052509,0.522971,-0.020668,0.267798,-0.095186,0.422657,-0.223905,-0.795953,-0.293322,0.546891,-0.167068,-0.035942,-0.4042,0.568322,-0.327246,0.274701,0.449949,0.449949,0.0,#
9,0.999077,0.666667,-0.498898,-0.227091,0.218218,0.0,0.096986,-0.327097,-0.327246,1.0,0.096859,-0.36803,0.407976,0.210163,0.375,0.0,0.666667,0.492252,0.397807,-0.224037,-0.166667,0.210163,0.242956,-0.327327,-0.499884,-0.223479,-0.110008,-0.166667,-0.105274,0.763225,-0.105286,0.272166,0.362658,0.087178,-0.221039,0.096859,-0.350382,-0.030936,-0.249948,0.225531,-0.116927,-0.035832,0.157243,0.203852,-0.249935,-0.593042,0.214067,-0.035832,-0.466147,-0.661976,0.165494,-0.356627,0.091824,-0.753485,0.314879,0.047891,0.3385,-0.373509,0.035007,0.165494,-0.348276,0.340271,-0.522233,-0.094224,-0.283811,0.401379,0.282138,-0.460205,0.131477,-0.32728,-0.84627,-0.383563,-0.25,-0.998065,-0.106954,-0.033519,-0.226977,-0.383455,-0.102062,-0.387737,-0.383455,-0.106954,-0.226977,-0.249873,0.067849,-0.327161,-0.611749,-0.383455,-0.106954,-0.408248,-0.106954,-0.680182,-0.22261,-0.680182,-0.22261,-0.611807,-0.231322,0.057692,-0.612012,-0.612012,0.173041,-0.762895,-0.387737,-0.011485,-0.111772,0.102062,-0.680182,-0.327327,-0.383455,-0.408248,-0.111772,0.0,-0.22261,-0.226977,-0.947119,0.094617,-0.49973,-0.383455,0.270748,-0.998065,-0.762895,-0.383254,-0.680182,-0.327327,-0.521267,0.067849,0.207617,-0.209801,-0.504187,-0.383455,-0.22261,-0.226977,-0.106954,0.171828,-0.762895,-0.005811,0.0,-0.49973,0.047891,-0.383455,-0.102062,-0.499604,-0.611807,-0.204782,-0.005811,-0.599158,0.218218,0.590503,-0.383455,-0.499604,-0.724538,-0.383455,-0.106954,-0.327327,-0.387737,-0.499604,0.348661,0.59401,-0.680182,-0.25,-0.449275,0.356961,0.13921,-0.836252,-0.680182,0.560717,-0.499604,-0.641776,0.13921,-0.25,0.644407,-0.070853,-0.5,-0.383455,0.606911,-0.998065,-0.111772,0.644407,0.056948,0.155626,0.07321,0.577506,-0.188165,-0.256173,0.343341,-0.327604,0.560717,0.0,-0.02073,0.997272,-0.116524,0.644407,0.089828,0.737482,-0.020486,0.375,-0.724038,-0.662135,-0.662135,0.0,#
10,0.077385,0.40089,0.045855,0.123565,0.34699,-0.039687,0.149977,-0.039806,-0.099122,0.096859,1.0,-0.141449,-0.17453,0.188931,0.096859,0.058971,-0.271744,0.37016,0.115445,-0.391406,0.373984,0.188931,0.420143,-0.058125,-0.030246,-0.115241,0.256361,0.4547,0.296688,-0.110211,-0.146485,-0.165075,0.086947,0.133505,0.199549,0.217539,-0.273435,0.413176,0.147093,-0.087379,-0.365246,0.401853,0.177054,-0.033388,-0.40751,-0.145385,0.203287,-0.093956,0.075685,0.301891,0.301891,-0.156687,-0.042247,-0.309121,-0.423641,0.17086,-0.200695,0.430114,0.0486,0.301891,-0.326898,0.076903,-0.467894,-0.093117,-0.128795,-0.180053,-0.402514,0.228497,-0.229756,-0.058115,-0.303836,-0.097925,-0.407616,-0.09841,0.267331,0.422418,0.098626,-0.087363,-0.191123,-0.591043,-0.654992,-0.140332,-0.333946,0.152706,0.232674,-0.109913,-0.156599,-0.087363,-0.198844,-0.270208,-0.606507,-0.396838,0.109862,-0.396838,0.109862,0.25508,-0.324176,0.215139,0.267331,-0.198844,0.31437,-0.396032,-0.09841,-0.814587,-0.132383,-0.270208,-0.396838,-0.533695,-0.087363,0.141694,-0.593921,0.0,0.109862,-0.333946,-0.016448,-0.201333,0.023826,-0.654992,-0.425419,-0.09841,0.098626,-0.344718,-0.396838,-0.110966,-0.550891,-0.527781,-0.533413,0.247453,-0.100631,-0.654992,0.109862,-0.333946,-0.140332,0.098792,0.098626,0.039773,0.0,0.039773,0.17086,-0.087363,-0.191123,-0.364047,0.25508,-0.433066,-0.432067,-0.274389,-0.110966,0.074108,-0.654992,0.014184,0.183933,-0.087363,-0.590201,-0.533695,-0.591043,-0.436356,-0.219512,0.143607,-0.396838,-0.407616,-0.114289,0.152706,0.299747,0.149754,-0.396838,0.181568,-0.420596,0.345972,0.801644,0.07668,0.401877,0.321404,-0.024215,-0.654992,-0.249613,-0.09841,-0.132383,0.401877,0.163845,0.04819,0.52925,-0.264941,-0.26363,0.083471,0.090661,-0.493332,0.181568,-0.024215,-0.164867,0.094531,-0.14061,0.401877,-0.25009,-0.109505,-0.510739,-0.407616,0.277226,-0.321643,-0.321643,0.0,#
11,-0.391906,0.174772,0.016876,-0.343734,0.343246,0.021765,0.449186,-0.205837,0.365738,-0.36803,-0.141449,1.0,0.129168,-0.281307,0.262159,-0.058772,-0.665479,0.024779,0.237681,0.23577,0.141162,-0.281307,-0.276769,-0.250834,0.504957,-0.302204,0.135166,-0.665479,0.070385,-0.227824,-0.461284,-0.235417,0.287791,0.365672,0.075777,-0.141449,-0.220203,-0.190069,-0.404154,0.321754,0.137772,-0.105911,-0.166211,-0.770447,0.287806,0.009085,0.391147,-0.105911,0.429162,0.59939,-0.23495,-0.326739,-0.079624,0.173849,0.191164,-0.127483,0.147696,0.32037,0.535108,-0.23495,-0.397319,0.231345,-0.073719,-0.416707,0.259459,0.152237,-0.274524,-0.011538,-0.353957,-0.184786,0.018257,-0.241407,0.211744,0.347227,-0.447422,0.017124,-0.355752,-0.277796,0.065862,-0.268167,0.37876,-0.467792,-0.377367,-0.410314,-0.254886,0.365478,0.074019,-0.277796,0.091785,0.366358,0.071415,-0.187009,-0.38735,-0.187009,-0.38735,0.067383,-0.302081,-0.207865,0.041459,0.602235,-0.278091,0.75804,-0.268167,0.032889,-0.436803,-0.127608,-0.187009,0.29924,-0.277796,0.366358,0.138563,0.0,-0.38735,-0.377367,0.304437,-0.635855,-0.063044,0.37876,0.202277,0.347227,0.185886,0.33773,-0.187009,0.29924,-0.123897,0.659889,-0.194877,0.003173,0.967757,0.37876,-0.38735,-0.354481,-0.467792,-0.34411,0.185886,-0.521221,0.0,-0.043123,-0.088852,-0.304058,0.065862,-0.015749,0.088737,-0.037034,-0.013827,-0.254371,-0.250834,0.083741,0.37876,-0.015749,0.145593,-0.277796,0.113353,0.29924,-0.268167,0.485686,0.152755,-0.077357,-0.187009,0.236951,0.360066,-0.99771,0.364684,0.54749,-0.187009,-0.061193,0.505373,0.449443,-0.283673,0.211743,0.158678,-0.170029,0.463819,0.37876,-0.106534,0.347227,-0.395282,0.158678,0.426448,-0.317259,0.397004,-0.069334,0.149386,0.199299,0.268051,-0.325727,-0.061193,-0.020166,-0.535642,-0.390876,-0.365397,0.158678,0.414412,-0.235892,0.164703,-0.393238,0.621467,-0.228207,-0.228207,0.0,#
12,0.4076,0.271984,-0.367683,-0.518828,0.534166,0.440985,0.683205,0.089649,0.552304,0.407976,-0.17453,0.129168,1.0,0.329033,0.407976,-0.031924,0.271984,0.427808,-0.083035,-0.056195,-0.407976,0.329033,0.130272,-0.373917,0.00685,-0.288317,0.196193,-0.407976,0.122901,0.088965,-0.687902,0.092002,0.428672,-0.191413,-0.298283,-0.17453,-0.1339,-0.538504,-0.611838,-0.350004,0.395257,0.037591,0.359247,0.06584,-0.070753,-0.639941,0.250611,0.037591,-0.296237,-0.26791,0.407267,-0.362559,0.52447,-0.469865,-0.091952,-0.140678,0.215938,-0.404729,0.531286,-0.26791,-0.048718,0.376011,0.142039,0.13772,0.318032,0.602744,-0.172659,-0.789577,0.151263,0.106823,-0.305112,0.105096,-0.122393,-0.391368,-0.278291,0.404775,-0.110093,-0.406155,-0.266489,-0.391368,0.125152,-0.690395,-0.547376,-0.611653,-0.335334,0.552027,-0.236743,-0.406155,0.158054,-0.5996,-0.25405,-0.256393,-0.562562,-0.256393,-0.562562,-0.265923,0.35301,0.378163,-0.690395,-0.236596,-0.308454,-0.06585,0.10663,0.417962,0.142082,-0.183211,-0.256393,-0.373916,-0.406155,-0.183211,0.199682,0.0,-0.562562,-0.547376,-0.464854,-0.194937,-0.836374,0.125152,-0.098887,-0.391368,-0.528856,-0.456685,-0.256393,-0.373916,-0.450105,0.404933,0.534911,0.288879,0.078538,0.125152,-0.562562,-0.528856,-0.690395,-0.649249,-0.528856,-0.030345,0.0,-0.433359,-0.125047,-0.427407,-0.266489,-0.402031,-0.248643,-0.393476,-0.006638,-0.076163,0.071222,0.450737,0.125152,-0.402031,-0.412262,-0.406155,0.175508,-0.373916,-0.391368,0.01968,0.990699,0.665711,-0.256393,-0.122393,0.08396,-0.116505,0.549555,-0.298325,-0.256393,0.690046,0.417962,-0.265003,-0.416493,-0.122393,0.287809,0.049718,-0.424295,0.125152,0.305005,-0.391368,-0.232322,0.287809,0.672225,0.341701,0.316056,0.253143,0.26828,-0.526962,0.428229,-0.248714,0.690046,-0.016319,-0.630343,0.425642,0.1835,0.287809,-0.128549,0.078645,0.674214,0.387578,-0.274588,-0.137525,-0.137525,0.0,#
13,0.209969,0.140108,-0.38917,-0.310921,0.074525,0.238382,0.184931,0.363107,0.106556,0.210163,0.188931,-0.281307,0.329033,1.0,0.210163,0.425814,0.140109,0.238784,0.178388,-0.292315,0.096325,1.0,0.651539,0.275168,-0.438873,-0.128938,0.37012,0.227676,-0.305066,-0.441104,-0.175788,-0.130485,0.243586,0.261916,-0.134672,0.374469,-0.281033,-0.286883,0.244741,-0.478862,-0.443642,-0.179658,0.977971,0.335149,-0.560377,-0.028019,-0.386562,-0.179658,-0.2322,-0.12521,0.961686,-0.249663,0.050657,0.083822,-0.151507,0.400084,0.297495,-0.198861,-0.21335,-0.12521,-0.086263,0.153241,-0.105181,-0.26518,0.455634,-0.309727,-0.718951,-0.247023,-0.212416,0.361113,-0.139939,-0.158982,0.144487,-0.181461,-0.331545,0.314845,-0.256399,-0.188925,-0.42363,0.043008,-0.257348,-0.172329,-0.087454,0.24569,-0.176714,0.111244,0.518859,-0.188925,-0.387739,-0.407543,-0.228523,-0.105198,-0.292401,-0.105198,-0.292401,-0.323302,-0.191505,0.951795,-0.358081,-0.386178,-0.176939,-0.31437,0.620214,-0.219651,0.333502,-0.380731,-0.105198,-0.498741,-0.188925,0.075074,-0.324847,0.0,-0.292401,-0.087454,-0.210359,-0.287709,-0.25157,-0.257348,-0.136156,-0.181461,-0.254742,-0.188826,-0.105198,-0.498741,0.0234,-0.222547,0.276675,-0.135378,-0.196267,-0.257348,-0.292401,-0.05764,-0.172329,-0.130558,-0.254742,-0.381325,0.0,-0.407275,-0.178653,-0.223137,-0.42363,-0.190988,-0.295484,0.130501,-0.280574,0.077872,0.217841,-0.311255,-0.257348,-0.190988,-0.288708,-0.188925,-0.359642,-0.498741,0.043008,0.370209,0.331896,0.158681,-0.105198,-0.643623,-0.162952,0.277573,0.097174,-0.099113,-0.105198,0.185428,0.216332,-0.203849,0.306152,0.144487,0.17998,-0.199161,-0.499136,-0.257348,-0.223937,-0.181461,-0.269212,0.17998,0.183183,-0.156842,0.13253,-0.312599,0.165986,-0.036127,0.265437,0.368946,0.185428,-0.472866,-0.145946,0.243178,-0.235706,0.17998,-0.22618,0.275839,0.352693,0.177325,-0.133412,0.098041,0.098041,0.0,#
14,0.350638,0.666667,0.004023,-0.761423,0.763763,0.0,0.60212,0.197097,0.210987,0.375,0.096859,0.262159,0.407976,0.210163,1.0,0.499043,-0.166667,-0.003816,0.397807,-0.203293,-0.166667,0.210163,0.242956,-0.327327,-0.499884,-0.602973,0.381099,-0.166667,0.400852,0.197097,-0.612217,0.247865,0.362658,0.087178,-0.221039,0.601335,-0.172973,-0.494977,-0.249948,0.225531,-0.492763,0.168922,0.190002,0.203852,-0.249935,-0.593042,0.446749,0.168922,-0.466147,0.165494,0.165494,-0.332531,0.275473,-0.185214,-0.244445,0.606624,0.492363,-0.373509,0.560106,-0.661976,-0.099508,0.388881,-0.261116,-0.196642,-0.252277,0.401379,-0.246871,-0.149256,-0.032869,0.218191,-0.583861,-0.359887,-0.25,-0.351836,-0.612012,0.487883,-0.195452,-0.998429,-0.612372,-0.351836,-0.34728,-0.612012,-0.195452,-0.249873,0.116313,0.228395,-0.087393,-0.998429,-0.077244,-0.408248,-0.077244,-0.632282,-0.763233,-0.632282,-0.763233,-0.082359,-0.200062,0.105769,-0.612012,-0.612012,0.173041,-0.195452,-0.351836,0.017228,-0.082359,-0.408248,-0.632282,-0.327327,-0.998429,-0.408248,-0.082359,0.0,-0.763233,-0.195452,-0.301356,-0.408034,-0.49973,-0.34728,-0.277195,-0.351836,-0.762895,-0.383254,-0.632282,-0.327327,-0.318833,0.116313,-0.327154,0.05245,0.297928,-0.34728,-0.763233,-0.762895,-0.612012,-0.290785,-0.762895,-0.49973,0.0,-0.49973,0.12771,-0.34728,-0.612372,-0.499604,-0.611807,0.059453,0.023243,-0.567623,-0.327327,0.146038,-0.34728,-0.499604,-0.724538,-0.998429,-0.612012,-0.327327,-0.351836,0.017228,0.382844,0.629794,-0.632282,-0.25,0.202899,-0.249873,0.13921,0.038896,-0.632282,0.09895,0.017228,0.087515,0.13921,-0.25,0.700934,-0.070853,-0.5,-0.34728,0.675878,-0.351836,-0.611807,0.700934,0.594794,0.226365,0.638922,0.107443,0.653626,0.316845,0.384215,-0.291994,0.09895,-0.5,-0.608069,0.400613,-0.087393,0.700934,0.124378,0.226356,0.047802,-0.25,0.142768,-0.361165,-0.361165,0.0,#
15,-0.019176,0.332695,0.19211,-0.239989,0.2178,-0.598468,-0.008067,0.25381,-0.223476,0.0,0.058971,-0.058772,-0.031924,0.425814,0.499043,1.0,-0.332695,-0.601759,0.479409,-0.663206,-0.332695,0.425814,0.033652,0.6534,-0.617602,-0.345099,0.390879,0.385926,0.431607,-0.234389,0.009029,0.037254,-0.009783,0.37051,-0.033941,0.833006,0.292163,0.0,0.519986,0.19491,-0.583515,-0.459815,0.390262,0.265517,-0.498913,0.069377,-0.50163,0.030654,-0.140292,0.336697,0.336697,0.0785,-0.164967,0.278634,-0.250759,0.817057,0.24571,0.004772,-0.139759,-0.324011,0.31384,0.50613,0.104247,-0.40627,0.041798,-0.412751,-0.492797,0.458827,0.334361,0.252614,-0.222621,-0.460907,0.459119,0.016627,-0.373384,0.241467,-0.169655,-0.488727,-0.440064,0.016627,-0.530321,0.013759,0.241142,0.52045,0.332019,-0.209475,0.408912,-0.488727,-0.407543,-0.032597,-0.020401,-0.302914,-0.201108,-0.302914,-0.201108,0.041335,-0.18071,0.310174,0.013759,-0.447396,0.351797,-0.24819,0.016627,-0.210464,0.424627,-0.423765,-0.302914,0.182952,-0.488727,-0.032597,-0.415232,0.0,-0.201108,0.241142,-0.075624,0.029747,0.210645,-0.530321,-0.292363,0.016627,-0.211943,0.177258,-0.302914,-0.235224,0.090921,-0.420247,-0.243138,-0.287924,0.062216,-0.530321,-0.201108,-0.211943,0.013759,0.239571,-0.211943,-0.167959,0.0,0.210645,0.067556,0.031195,-0.440064,0.196708,-0.381412,0.356035,-0.201365,-0.306685,-0.235224,-0.468963,-0.530321,-0.17745,-0.309739,-0.488727,-0.447396,0.182952,0.016627,0.163694,0.022381,0.014286,-0.302914,-0.019962,0.47966,0.055294,-0.277888,0.277958,-0.302914,-0.406104,0.163694,0.209633,0.236601,-0.019962,0.364691,-0.226294,-0.231556,-0.530321,0.057271,0.016627,-0.381412,0.364691,0.002021,-0.215764,0.028696,-0.399995,0.339235,0.248146,0.018929,0.130222,-0.406104,-0.614821,-0.02538,0.019737,-0.350297,0.364691,0.039725,0.231461,0.062705,-0.019962,0.328959,-0.100934,-0.100934,0.0,#
16,0.698073,-0.111111,-0.332599,0.204827,-0.218218,0.33312,-0.272099,-0.218064,-0.218164,0.666667,-0.271744,-0.665479,0.271984,0.140109,-0.166667,-0.332695,1.0,0.328168,-0.166524,0.210208,-0.111111,0.140109,0.16197,-0.218218,-0.333256,0.104009,-0.387647,-0.111111,-0.407601,0.536774,0.267764,0.213844,-0.166627,-0.272101,-0.402404,-0.271744,0.032525,-0.020624,-0.166632,-0.218161,0.172606,-0.023888,0.104829,0.48981,-0.166623,-0.395361,-0.01241,-0.023888,-0.310765,-0.992964,0.110329,0.17992,0.336689,-0.502324,0.23754,-0.287349,-0.08206,-0.664016,-0.326728,0.110329,0.099508,-0.194441,-0.058026,0.278576,-0.189208,0.267586,0.540765,-0.514103,0.197215,-0.218186,-0.170566,0.154688,-0.166667,-0.665376,0.265403,-0.332704,0.205961,0.154346,0.272166,0.148393,0.154346,0.265403,0.205961,-0.166582,0.109851,-0.218107,-0.407832,0.154346,0.265403,-0.272166,0.265403,0.089414,0.212009,0.089414,0.212009,-0.407871,0.200063,0.102564,-0.408008,-0.408008,0.115361,-0.508596,0.148393,0.317756,0.258841,0.408248,0.089414,-0.218218,0.154346,-0.272166,0.258841,0.0,0.212009,0.205961,-0.631413,0.398178,-0.333153,0.154346,0.223475,-0.665376,-0.508596,-0.255503,0.089414,-0.218218,-0.043861,0.109851,0.494925,-0.139867,-0.794476,0.154346,0.212009,0.205961,0.265403,0.114552,-0.508596,0.325405,0.0,-0.333153,-0.287349,0.154346,0.272166,-0.333069,-0.407871,-0.136521,0.325405,0.147161,0.509175,0.266679,0.154346,-0.333069,-0.483025,0.154346,0.265403,-0.218218,0.148393,-0.333069,0.232441,0.396007,0.089414,-0.166667,-0.661835,0.642529,-0.216549,-0.946455,0.089414,0.373812,-0.333069,-0.881631,-0.216549,-0.166667,-0.135665,-0.047235,-0.333333,0.154346,0.404607,-0.665376,0.258841,-0.135665,-0.278414,0.198069,-0.283965,0.385004,-0.125443,-0.507851,-0.179845,0.185167,0.373812,0.333333,0.37774,0.664848,0.252468,-0.135665,-0.285608,0.491654,0.21397,0.666667,-0.992578,-0.04013,-0.04013,0.0,#
17,0.491797,0.328168,-0.566457,-0.197167,0.211505,0.603137,0.418755,-0.2047,0.234237,0.492252,0.37016,0.024779,0.427808,0.238784,-0.003816,-0.601759,0.328168,1.0,0.014545,0.219489,0.328168,0.238784,0.486555,-0.654501,0.212534,-0.034304,0.021709,-0.333256,-0.419084,0.211357,-0.419438,-0.034421,0.511582,-0.014093,-0.043601,-0.414636,-0.724294,-0.137409,-0.49978,-0.21559,0.174138,0.380739,0.26341,-0.232521,0.02577,-0.383762,0.498355,-0.127121,-0.096054,-0.324849,0.331921,-0.588773,0.159078,-0.603894,0.185671,-0.415937,0.134335,0.004561,0.2864,0.331921,-0.69639,-0.061583,-0.51414,0.039519,0.174724,0.417035,-0.073748,-0.702819,-0.462068,-0.204816,-0.400432,-0.005132,-0.499884,-0.494176,-0.021132,0.169743,-0.249347,0.004638,-0.009347,-0.494176,0.004638,-0.422001,-0.674709,-0.499629,-0.42653,0.220192,-0.397955,0.004638,-0.021132,-0.411269,-0.422001,-0.338659,-0.238819,-0.338659,-0.238819,-0.429566,-0.217765,0.270929,-0.422001,0.018774,-0.366116,-0.207003,-0.009754,-0.18556,-0.429566,-0.006231,-0.338659,-0.654501,0.004638,-0.006231,0.006824,0.0,-0.238819,-0.674709,-0.393391,-0.41692,-0.607199,0.004638,0.210762,-0.494176,-0.207003,-0.479356,-0.338659,-0.221498,-0.567995,0.292491,0.237002,0.159916,-0.084653,0.004638,-0.238819,-0.207003,-0.422001,-0.326225,-0.207003,-0.215172,0.0,-0.607199,-0.0212,-0.532062,-0.009347,-0.572984,0.006824,-0.507274,-0.215172,-0.183388,0.211505,0.624431,0.004638,-0.18556,-0.107948,0.004638,0.018774,-0.654501,-0.494176,-0.18556,0.345502,0.377198,-0.338659,-0.499884,-0.527258,-0.01798,0.657794,-0.419438,-0.338659,0.80803,-0.18556,-0.306639,0.166042,-0.003816,0.312681,0.083273,-0.206059,0.004638,-0.005474,-0.494176,0.006824,0.312681,0.385748,0.147059,0.364287,0.382933,-0.335428,-0.249322,0.486255,-0.376227,0.80803,0.190795,-0.365769,0.487494,-0.004891,0.312681,0.010336,0.184007,0.046592,-0.003816,-0.362051,-0.350056,-0.350056,0.0,#
18,0.372556,0.696934,-0.033946,-0.24667,0.238219,-0.499252,0.115595,-0.326816,-0.326966,0.397807,0.115445,0.237681,-0.083035,0.178388,0.397807,0.479409,-0.166524,0.014545,1.0,-0.243804,-0.166524,0.178388,0.218895,0.197843,-0.499455,-0.602457,0.398946,-0.166524,-0.086455,0.216326,-0.123955,0.270134,0.385017,0.601073,-0.206692,0.581405,-0.215498,0.142718,0.340547,0.756364,-0.492341,-0.479056,0.220145,-0.326732,-0.249721,-0.039638,-0.113313,0.136575,0.094875,0.133507,0.133507,-0.379506,-0.32111,-0.226335,0.313076,0.526355,0.355292,0.224835,0.054409,0.133507,-0.366388,0.363365,-0.370403,-0.605794,0.171541,-0.086568,-0.24666,0.090213,0.093658,-0.326999,-0.646479,-0.998303,0.351551,-0.409991,-0.611488,-0.016263,-0.762241,-0.405883,-0.120859,-0.409991,-0.405883,-0.125552,-0.246614,0.334199,0.064205,-0.32688,-0.13475,-0.405883,-0.611488,0.083091,-0.125552,-0.709733,-0.242425,-0.709733,-0.242425,-0.611283,-0.762085,0.054085,-0.125552,-0.125552,0.140876,-0.246614,-0.409991,-0.499176,-0.130181,-0.407899,-0.709733,0.197843,-0.405883,0.083091,-0.130181,0.0,-0.242425,-0.246614,-0.359512,-0.407685,-0.024083,-0.405883,0.268131,-0.409991,-0.246614,0.208455,-0.709733,-0.327046,-0.367252,0.064205,-0.326874,-0.777346,0.183184,-0.405883,-0.242425,-0.246614,-0.125552,0.267059,-0.246614,-0.499302,0.0,-0.024083,0.065573,-0.405883,-0.120859,-0.029538,-0.611283,0.017845,-0.499302,-0.811029,-0.327046,0.16941,-0.405883,-0.499176,-0.446309,-0.405883,-0.125552,0.197843,-0.409991,-0.029538,-0.112073,0.111497,-0.709733,-0.249786,0.163842,-0.249659,0.156263,-0.065489,-0.709733,0.084219,-0.029538,-0.195031,0.156263,-0.249786,0.675233,-0.684321,-0.018503,-0.405883,0.108722,-0.409991,-0.130181,0.675233,0.074461,-0.394228,0.091619,0.092441,-0.188004,0.281649,0.365735,-0.349724,0.084219,-0.499572,-0.14217,0.381345,-0.611225,0.675233,0.64079,0.771977,-0.000252,-0.249786,0.089814,-0.683843,-0.683843,0.0,#
19,-0.203105,-0.508925,0.229286,0.03813,-0.039835,0.664054,0.113068,-0.040503,0.449181,-0.224037,-0.391406,0.23577,-0.056195,-0.292315,-0.203293,-0.663206,0.210208,0.219489,-0.243804,1.0,0.210208,-0.292315,0.186457,-0.528725,0.219489,-0.130995,-0.030775,-0.508925,-0.539844,-0.039807,-0.11959,0.243901,-0.192265,-0.357216,-0.468262,-0.374662,0.007655,-0.303245,-0.233795,-0.064288,0.188362,0.30089,-0.196148,-0.0647,0.336392,-0.085905,0.43279,0.30089,0.201133,-0.236193,-0.236193,0.159476,0.425156,0.025428,0.04978,-0.330627,-0.222656,-0.355382,0.199846,-0.263658,0.026423,-0.783309,0.199332,0.31872,0.131879,0.369115,0.311366,-0.412413,-0.27601,-0.021716,0.452244,0.219723,-0.224037,0.217348,-0.125429,-0.188879,0.028879,0.188265,0.331977,0.217348,0.771793,-0.125429,0.028879,-0.239325,-0.191739,0.449509,-0.073482,0.188265,0.353803,0.074525,0.353803,0.495394,0.002111,0.495394,0.002111,-0.099188,0.055197,-0.149358,-0.125429,0.353803,-0.274577,0.537392,0.217348,0.243206,-0.099188,0.074525,0.495394,-0.057942,0.188265,0.074525,0.806786,0.0,0.002111,0.028879,0.370559,-0.378417,-0.247253,0.771793,0.08858,0.217348,0.028879,-0.047042,0.495394,-0.057942,0.182923,0.590016,-0.03007,-0.115115,0.171907,0.771793,0.002111,0.028879,-0.125429,-0.447034,0.028879,-0.247253,0.0,-0.247253,-0.330627,0.188265,0.331977,-0.219953,-0.099188,-0.124317,0.221409,0.404009,-0.057942,0.084509,0.771793,-0.219953,-0.035327,0.188265,0.353803,-0.057942,0.217348,0.243206,-0.113,0.100003,0.495394,-0.224037,-0.267931,-0.239325,0.029043,-0.08133,0.495394,0.104001,0.243206,-0.339525,-0.505614,-0.224037,-0.520075,-0.338637,0.199144,0.771793,0.08378,0.217348,0.332321,-0.520075,0.12454,0.118333,0.097637,0.097399,0.224175,0.066902,-0.201053,0.143718,0.104001,0.199144,-0.097701,-0.230853,0.353877,-0.520075,0.082793,-0.050409,0.276292,-0.224037,-0.178373,0.355623,0.355623,0.0,#
20,-0.166513,-0.111111,-0.332599,0.204827,-0.218218,0.306471,-0.272099,-0.218064,-0.218164,-0.166667,0.373984,0.141162,-0.407976,0.096325,-0.166667,-0.332695,-0.111111,0.328168,-0.166524,0.210208,1.0,0.096325,0.128915,-0.218218,0.328168,0.300784,-0.413839,-0.111111,-0.407601,-0.218064,0.267764,-0.660973,-0.166627,0.414756,0.306053,-0.271744,-0.4997,0.21999,-0.166632,-0.218161,-0.328509,0.214992,0.104828,-0.218008,-0.166623,0.156306,0.266808,-0.638151,0.28686,0.066198,0.066198,-0.012851,-0.214257,0.227308,0.182298,-0.287349,-0.082061,0.132803,-0.326728,0.066198,-0.563875,-0.194441,-0.638285,-0.404209,-0.231254,-0.408136,-0.164581,0.232175,-0.898423,-0.218189,0.135578,0.154688,-0.166667,0.148393,0.265403,-0.332704,0.205961,0.154346,0.272165,0.148393,0.154346,0.265403,0.205961,-0.166582,0.109851,-0.218107,0.252468,0.154346,0.265403,0.408248,0.265403,0.089414,0.212009,0.089414,0.212009,0.258841,-0.508492,0.102564,0.265403,0.265403,0.070991,0.205961,0.148393,-0.333069,-0.407871,0.408248,0.089414,-0.218218,0.154346,0.408248,-0.407871,0.0,0.212009,0.205961,0.18177,-0.272023,0.325405,0.154346,0.223475,0.148393,0.205961,0.226578,0.089414,0.509175,0.192312,0.109851,-0.218103,0.166092,0.122227,0.154346,0.212009,0.205961,0.265403,0.246727,0.205961,-0.333153,0.0,-0.333153,-0.287349,0.154346,0.272165,-0.333069,0.258841,0.171753,0.325405,0.147161,0.509175,-0.325941,0.154346,0.317756,0.24365,0.154346,-0.408008,-0.218218,0.148393,0.317756,-0.405632,-0.271956,0.089414,-0.166667,-0.661836,-0.166582,-0.216549,0.090756,0.089414,-0.285856,-0.333069,0.220408,0.534744,0.666667,-0.135665,0.28341,0.333333,0.154346,-0.285064,0.148393,-0.407871,-0.135665,-0.278414,-0.462161,0.292839,-0.286515,-0.125443,0.21123,-0.179845,0.185167,-0.285856,0.333333,0.239542,-0.187521,-0.407832,-0.135665,-0.285608,-0.238525,-0.468914,-0.166667,0.095178,-0.04013,-0.04013,0.0,#
