0,1.0,0.190937,0.365787,0.302803,0.669282,-0.427685,0.554972,-0.523022,0.457119,0.033119,-0.023694,0.179933,0.404362,0.22099,-0.533194,-0.042894,0.164458,-0.247027,0.333592,-0.349476,-0.533418,-0.308754,0.235078,-0.390774,-0.533549,-0.533089,-0.499797,-0.50475,0.181241,0.214306,-0.50623,-0.371766,-0.21782,-0.79433,-0.054602,0.0,-0.073828,0.156663,-0.427428,0.06045,0.648423,-0.126974,-0.842492,-0.365471,-0.21782,-0.39159,0.124073,0.265909,0.131744,0.733799,0.382795,0.062058,0.0,0.229462,0.09002,-0.321194,-0.374638,0.382795,0.106816,-0.131688,0.237225,-0.998176,0.003096,-0.479197,0.055144,0.388509,0.059669,-0.084693,0.438023,0.21684,0.395406,-0.22391,0.21386,-0.653108,-0.74009,0.466088,-0.504869,-0.799584,-0.326765,-0.326765,-0.251843,-0.74009,-0.535113,0.181027,-0.477171,-0.336018,-0.389537,-0.061781,-0.340364,-0.761813,-0.240478,-0.805257,-0.533186,-0.232858,-0.74009,-0.533269,-0.194272,-0.535113,0.203334,-0.188459,0.375593,-0.256391,-0.326765,-0.389537,-0.50099,-0.199504,0.203334,-0.189068,-0.805257,0.425908,0.211933,-0.21782,-0.061781,-0.393351,-0.336018,-0.393351,-0.262201,-0.477171,0.082916,-0.306891,-0.204666,-0.561659,-0.477171,-0.631172,0.147508,-0.197034,-0.799584,-0.06143,0.480945,-0.088413,-0.997045,0.314513,-0.232858,-0.014042,-0.240478,-0.799852,0.0,-0.336018,-0.159004,-0.535113,-0.389537,0.520292,-0.118967,-0.503518,-0.535113,-0.156466,-0.799584,0.653461,-0.504869,-0.061781,-0.477171,-0.564084,-0.799584,-0.336018,-0.74009,0.074298,-0.090207,0.793314,0.203334,-0.653108,0.314513,-0.385741,-0.427565,-0.232858,0.074298,0.006751,0.063557,-0.14544,0.044668,-0.088413,-0.254359,0.263245,-0.064891,-0.761813,0.06781,-0.535113,-0.50099,0.390972,0.353625,0.426534,0.187808,0.390972,0.035657,-0.531433,0.390972,0.415619,0.047185,-0.326765,-0.098358,0.286452,-0.023589,-0.338659,0.376495,0.79942,-0.393792,0.518059,0.546162,-0.262201,-0.724772,0.282441,#
1,0.190937,1.0,0.61221,0.166752,0.03017,-0.327167,-0.327248,-0.041587,-0.037742,0.250913,-0.400647,0.131556,-0.408009,0.025959,-0.407878,-0.400343,0.502546,0.249709,0.120686,-0.611848,-0.40805,-0.598071,0.034432,0.394298,0.092034,-0.407798,-0.217854,0.189874,-0.243256,-0.24988,0.198916,0.420657,-0.166627,-0.098138,-0.228339,0.0,0.326503,0.165454,-0.32697,-0.327163,0.022326,0.101744,0.221815,0.358424,-0.166627,-0.806561,0.323075,-0.019095,-0.231628,0.406673,-0.277649,0.15968,0.0,0.00461,-0.09916,-0.554576,-0.698569,-0.277649,-0.088398,0.157681,-0.434731,-0.228859,-0.59817,-0.371635,-0.183284,-0.308978,0.214641,-0.294534,-0.121367,0.243724,-0.203737,0.271332,-0.249875,-0.015492,-0.395418,-0.151312,-0.237428,-0.121548,-0.249968,-0.249968,0.487991,-0.395418,0.144705,0.99976,-0.69137,-0.116829,0.398009,0.317937,-0.121548,-0.395418,0.231464,0.231464,0.07769,0.240594,-0.395418,0.08474,-0.009802,0.144705,0.155545,0.292282,0.044831,-0.001914,-0.249968,0.398009,-0.233154,-0.49961,0.155545,-0.391269,0.231464,0.114511,0.009802,0.650171,0.317937,0.388169,-0.116829,-0.101943,0.231464,-0.69137,0.40815,-0.077103,-0.499484,0.308867,-0.69137,-0.186978,0.158296,-0.395418,-0.121548,0.124196,0.434245,0.308867,-0.237428,0.240594,0.240594,0.19058,0.231464,-0.116829,0.0,-0.116829,-0.356072,0.144705,0.398009,0.398009,0.112041,-0.0,0.144705,-0.187179,-0.121548,0.009802,-0.237428,0.317937,-0.69137,0.144705,-0.121548,-0.116829,-0.395418,-0.097027,-0.227321,0.267305,0.155545,-0.015492,0.240594,0.40815,0.197084,0.240594,0.398009,0.230493,0.197084,-0.496046,-0.327075,0.308867,-0.194578,0.366008,0.092034,-0.395418,-0.345617,0.144705,-0.233154,-0.429429,0.109462,0.326287,-0.063925,-0.429429,0.191291,-0.406532,-0.429429,-0.211958,-0.102543,-0.249968,-0.407746,-0.269389,-0.233154,-0.259065,0.080874,0.101284,-0.102543,-0.166627,-0.346604,0.231464,0.287411,-0.249332,#
2,0.365787,0.61221,1.0,0.274209,0.049545,-0.533679,-0.071175,-0.366323,0.098031,0.374095,-0.363709,0.772543,-0.224113,-0.377603,-0.665336,0.097957,0.403397,-0.122198,-0.148079,-0.598833,-0.270201,-0.52128,-0.370543,0.216582,0.133156,-0.277707,-0.37473,-0.384487,-0.239482,0.610611,-0.383088,-0.154886,-0.271803,-0.177371,0.052549,0.0,-0.355064,0.241822,-0.533358,-0.064906,0.036077,-0.241276,-0.115828,0.218819,0.380525,-0.666599,-0.31991,0.094881,-0.091482,0.375458,-0.49496,0.260473,0.0,0.386697,-0.177852,-0.306947,-0.428056,-0.49496,0.223498,0.2432,-0.650819,-0.39146,-0.442972,-0.441462,0.333222,-0.503591,-0.100965,-0.530357,-0.197594,-0.122883,0.09567,0.4426,0.111466,-0.041696,-0.665462,0.214045,-0.405118,-0.214899,-0.40775,-0.40775,-0.009476,-0.665462,-0.459501,0.611558,-0.459501,-0.602725,0.220935,0.06016,-0.214899,-0.143947,-0.143947,-0.143947,0.110254,-0.133198,-0.665462,0.121513,-0.032616,-0.459501,0.253726,0.476775,0.055253,-0.01873,-0.40775,0.220935,-0.398302,-0.428333,0.253726,-0.133198,-0.143947,0.203773,0.0,0.380525,0.06016,0.209143,-0.207368,-0.182281,0.377567,-0.459501,-0.166445,0.10525,-0.814764,0.049354,-0.459501,-0.149643,0.230241,-0.625345,-0.214899,0.097243,0.264859,0.503827,-0.405118,0.39246,-0.133198,0.379569,-0.143947,-0.207368,0.0,-0.207368,-0.498272,-0.459501,0.220935,0.649237,0.166445,-0.237033,-0.459501,0.09632,-0.214899,0.032616,-0.405118,0.06016,-0.459501,0.236045,-0.214899,-0.207368,-0.665462,-0.174422,-0.300256,0.273413,0.253726,-0.041696,0.39246,0.233023,0.303701,-0.133198,-0.174422,-0.085428,-0.114914,-0.45607,0.338586,0.084314,-0.317398,0.063115,-0.266312,-0.143947,0.309477,-0.459501,-0.398302,-0.252176,-0.252176,0.06774,0.261094,-0.252176,0.329252,-0.25894,-0.252176,0.095427,-0.150663,-0.40775,0.137611,0.002835,0.06016,0.054688,0.14857,0.182529,-0.183238,0.434885,-0.094985,0.377567,-0.049227,-0.406713,#
3,0.302803,0.166752,0.274209,1.0,0.385818,-0.495966,0.303355,-0.466598,0.33218,0.189958,0.245675,0.198319,0.272362,-0.323348,-0.431033,-0.502502,0.328492,-0.231477,-0.1757,-0.324101,-0.42534,-0.127667,0.360556,-0.394282,0.2162,-0.490226,-0.196141,-0.267919,0.380879,0.164156,-0.220081,-0.315899,0.154461,-0.422457,-0.333796,0.0,-0.276145,-0.158633,-0.550223,0.247071,0.408958,-0.471161,-0.190643,0.396573,0.066198,-0.281024,-0.097872,0.255006,0.839069,0.417049,-0.186706,-0.325646,0.0,0.3295,0.427014,-0.238488,-0.067375,-0.186706,0.405802,-0.229217,-0.166288,-0.303353,-0.368319,-0.297669,-0.032675,-0.14116,0.186181,-0.266972,-0.261886,-0.278745,-0.22373,-0.211741,0.197866,-0.413896,-0.26629,0.424079,-0.27463,-0.348924,-0.662057,-0.662057,-0.361582,-0.26629,-0.203127,0.165494,-0.203127,-0.329617,0.37839,-0.252621,-0.348924,-0.26629,-0.201154,-0.26629,-0.476861,-0.240406,-0.26629,0.243489,0.304509,-0.203127,-0.167361,-0.241913,-0.23032,-0.379384,-0.662057,-0.329617,-0.309882,-0.361582,0.991294,-0.240406,-0.26629,0.273786,0.357467,0.066198,-0.252621,-0.348924,-0.329617,-0.348924,-0.201154,-0.203127,0.405376,-0.380475,-0.379384,-0.27463,-0.203127,-0.469956,-0.239324,-0.201154,-0.348924,-0.463803,0.39254,-0.27463,-0.331392,-0.174753,-0.240406,0.182783,-0.201154,0.324896,0.0,-0.329617,-0.099106,-0.203127,-0.329617,0.431884,0.2162,-0.784522,-0.203127,-0.331027,-0.348924,0.410425,-0.27463,-0.252621,-0.203127,-0.203127,-0.348924,-0.329617,-0.26629,-0.329617,-0.241791,0.343635,0.991294,-0.46621,0.694186,0.351326,-0.589732,-0.240406,-0.276123,0.210872,-0.533091,-0.30115,0.216568,-0.217867,-0.001717,-0.288046,0.27025,-0.26629,0.154836,-0.203127,-0.309882,0.294839,0.294839,0.502797,-0.552223,0.294839,0.178198,-0.383687,0.294839,-0.19536,-0.297517,-0.662057,-0.428249,0.127737,0.505242,0.088795,0.241227,0.296365,-0.350409,0.154461,0.212975,-0.26629,-0.28736,0.200173,#
4,0.669282,0.03017,0.049545,0.385818,1.0,-0.223762,0.218078,-0.369835,0.06965,0.219307,0.06965,-0.097276,0.400188,0.587677,-0.407716,0.035495,0.589652,-0.51842,0.47545,-0.439728,-0.411926,-0.012849,0.210641,-0.418272,-0.815974,-0.403678,-0.647463,-0.274881,0.481283,-0.009795,-0.423329,-0.006535,-0.33312,-0.480164,-0.269801,0.0,-0.234988,0.304314,-0.207264,-0.212129,0.605925,-0.015984,-0.546053,0.095942,-0.33312,-0.197021,0.011202,0.35555,0.379775,0.299685,0.4951,-0.446927,0.0,0.19584,0.0,-0.530823,-0.293361,0.4951,-0.418257,-0.315621,0.461153,-0.671679,0.218913,-0.179033,0.171159,0.448725,0.194452,0.225848,0.267487,-0.044296,-0.227505,-0.541673,0.49955,-0.998821,-0.511331,0.793867,-0.64269,-0.799544,-3e-06,-3e-06,-0.588143,-0.511331,-0.327868,0.019987,-0.354097,-0.431816,-0.375761,-0.643757,-0.399772,-0.511331,0.0,-0.491665,-0.396061,-0.510147,-0.511331,-0.390044,-0.215862,-0.327868,-0.349835,-0.593681,0.536015,-0.179513,-3e-06,-0.415665,-0.678334,-0.603938,0.349835,-0.52997,-0.491665,0.373116,0.199872,-0.33312,-0.643757,-0.383781,-0.431816,0.0,0.0,-0.354097,-0.0,0.080804,0.179513,-0.21423,-0.354097,-0.137069,0.290093,-0.019667,-0.799544,0.148976,-0.019628,0.21423,-0.659829,-0.014576,-0.510147,0.158918,0.0,-0.408064,0.0,-0.819453,-0.205595,-0.327868,-0.415665,0.431816,-0.0,-0.223466,-0.327868,-0.275448,-0.415763,0.599616,-0.64269,-0.228823,-0.354097,-0.327868,-0.415763,-0.819453,-0.511331,-0.011876,-0.26709,0.815143,0.349835,-0.619733,0.034399,-0.407987,-0.65389,-0.510147,-0.011876,0.240527,-0.226346,-0.553804,0.226346,0.21423,0.310163,0.020906,-0.407987,-0.511331,-0.191116,-0.327868,-0.678334,0.013208,0.030114,0.237205,-0.050526,0.013208,0.215215,0.022189,0.418955,-0.211535,0.399246,-3e-06,-0.0,0.052119,0.211535,0.0,0.399549,0.832394,0.0,0.33312,0.647476,0.0,-0.594128,0.498465,#
5,-0.427685,-0.327167,-0.533679,-0.495966,-0.223762,1.0,0.041343,0.903613,-0.055668,-0.428139,-0.055668,-0.417637,-0.534205,0.234497,0.819321,-0.017392,-0.197515,-0.189283,0.332887,0.112434,0.806261,0.537926,-0.220232,-0.314133,-0.094925,0.388238,0.378056,0.166261,-0.324657,-0.327167,0.151002,0.542892,0.499481,0.049448,-0.470988,0.0,-0.021,0.275917,0.55285,0.047679,-0.230871,-0.050413,0.292081,-0.052079,-0.218164,0.394336,-0.240832,-0.525017,-0.252847,-0.194543,0.389678,-0.335612,0.0,-0.211119,0.082727,0.428585,0.214277,0.389678,-0.340918,0.457402,0.379264,0.428465,0.396903,0.514566,-0.040926,0.391181,-0.428354,0.555692,-0.124419,-0.058784,-0.015382,0.272618,0.221914,0.239597,0.366607,-0.326708,0.459781,0.559903,0.770829,0.770829,0.239597,0.366607,0.274222,-0.327246,0.274222,0.112778,0.094357,-0.020814,0.129286,0.366607,0.366607,0.366607,0.387471,-0.186142,0.366607,0.357092,-0.223905,0.274222,-0.464586,0.195119,-0.32252,0.253993,0.770829,0.112778,-0.020814,0.239597,-0.494732,-0.186142,0.366607,-0.531567,-0.223905,-0.218164,-0.020814,0.129286,0.112778,0.129286,0.366607,0.274222,-0.36212,0.197566,0.253993,0.459781,0.274222,0.322322,-0.415422,0.366607,0.559903,-0.149773,-0.26086,-0.001738,0.459781,-0.186142,-0.186142,-0.425771,0.366607,0.094357,0.0,0.112778,0.329599,0.274222,0.112778,-0.340586,-0.53439,0.500669,0.274222,0.050863,0.559903,-0.223905,0.459781,-0.020814,0.274222,0.274222,0.559903,0.112778,0.366607,-0.322165,-0.045009,-0.119139,-0.494732,-0.185753,-0.20875,-0.36212,0.078886,-0.186142,0.112778,0.06535,0.078886,0.255039,0.059381,0.459781,-0.140789,-0.172049,-0.094925,0.366607,-0.387907,0.274222,-0.020814,-0.077395,-0.077395,-0.484951,0.15645,-0.077395,0.082296,0.344842,-0.077395,-0.020814,0.13138,0.770829,0.392645,-0.276359,-0.040532,0.25282,-0.50502,-0.50502,0.13138,-0.218164,-0.392903,-0.162992,0.439437,0.176917,#
6,0.554972,-0.327248,-0.071175,0.303355,0.218078,0.041343,1.0,-0.054464,0.901108,-0.428245,-0.049428,0.172288,0.374399,-0.221486,-0.089028,-0.04939,-0.241003,-0.238979,0.396286,0.071911,-0.093474,0.171457,0.225052,-0.800918,-0.089087,-0.534061,-0.073517,-0.665962,0.149917,0.207471,-0.495798,-0.375429,0.509175,-0.795779,-0.085519,0.0,-0.085519,0.130009,-0.428208,0.53654,0.632934,-0.534009,-0.768572,-0.556731,-0.218218,0.249521,-0.099109,-0.063479,0.208359,0.718226,0.321115,0.069707,0.0,0.200987,0.482714,0.151186,0.333145,0.321115,0.542606,-0.122591,0.275115,-0.523808,-0.086042,0.003925,-0.067633,0.368751,0.03474,0.03408,0.22634,0.222463,0.378312,-0.194592,0.20703,-0.223172,-0.233663,0.071603,-0.063289,-0.364577,-0.327364,-0.327364,-0.223172,-0.233663,-0.526415,-0.327327,0.189509,0.08039,-0.360461,-0.055517,-0.364577,-0.233663,-0.233663,-0.770456,-0.534159,-0.225971,-0.233663,-0.095493,0.218218,-0.526415,0.203705,-0.159491,-0.361138,-0.654135,-0.327364,-0.360461,-0.055517,0.207956,0.203705,0.315087,-0.770456,0.395366,0.218218,-0.218218,-0.055517,-0.801043,0.08039,-0.801043,-0.233663,0.189509,0.089087,-0.313555,-0.22807,-0.531076,0.189509,-0.632324,-0.570097,0.30313,-0.364577,-0.704818,0.486277,-0.531076,-0.531076,0.315087,-0.225971,-0.425876,-0.233663,-0.360461,0.0,0.08039,-0.046671,-0.526415,-0.360461,0.08039,-0.534523,-0.731931,-0.526415,-0.128885,-0.364577,0.654654,-0.063289,-0.055517,0.189509,-0.526415,-0.364577,0.08039,-0.233663,-0.360461,-0.084242,0.23848,0.203705,-0.6543,0.315087,-0.356348,-0.428345,-0.225971,0.08039,0.009268,0.038441,0.306537,0.038441,-0.063289,-0.254824,0.136952,0.356348,-0.233663,0.060992,-0.526415,-0.055517,0.793113,0.331666,0.427312,0.180199,0.793113,0.029371,-0.532403,0.793113,0.416378,-0.365059,-0.327364,-0.104344,0.254166,0.416378,-0.339277,0.346479,0.346479,-0.80095,0.509175,0.514443,-0.770456,-0.690066,0.251701,#
7,-0.523022,-0.041587,-0.366323,-0.466598,-0.369835,0.903613,-0.054464,1.0,0.043786,-0.523577,-0.172896,-0.24173,-0.653287,0.088171,0.699425,-0.134556,-0.04466,-0.116078,0.353115,-0.066716,0.686323,0.362541,-0.366268,-0.19853,0.084324,0.268637,0.475135,0.22173,-0.28676,-0.400097,0.209127,0.659863,0.450397,0.175782,-0.375129,0.0,0.074576,0.324169,0.456803,-0.048106,-0.376974,-0.169726,0.385847,-0.010572,-0.266796,0.334477,-0.21099,-0.64205,-0.427309,-0.131187,0.102371,-0.288665,0.0,-0.056162,0.209416,0.360739,0.249409,0.102371,-0.20743,0.434698,0.089168,0.523975,-0.007164,0.519504,-0.274347,0.105438,-0.200341,0.338945,-0.33787,0.012589,-0.238272,0.351861,0.14864,0.382274,0.434123,-0.504814,0.549892,0.673161,0.697181,0.697181,0.382274,0.434123,0.316402,-0.034425,0.316402,0.229198,0.210789,0.072255,0.242816,0.434123,0.434123,0.434123,0.557767,-0.115606,0.434123,0.531636,-0.077457,0.316402,-0.418768,0.280543,-0.396672,0.107642,0.697181,0.229198,0.072255,0.093218,-0.448895,-0.115606,0.434123,-0.339279,-0.370071,0.220895,0.072255,0.242816,0.229198,-0.049819,0.434123,0.316402,-0.242432,0.329279,0.107642,0.549892,0.316402,0.357448,-0.36883,0.434123,0.673161,-0.113328,-0.133598,0.088664,0.549892,-0.115606,-0.115606,-0.520681,0.434123,0.210789,0.0,0.229198,0.06565,0.316402,0.229198,-0.22388,-0.653513,0.500354,0.316402,-0.150799,0.673161,-0.370071,0.549892,0.072255,0.316402,0.316402,0.673161,0.229198,0.434123,-0.501046,-0.26656,-0.235349,-0.448895,-0.042808,-0.1382,-0.242432,0.29607,-0.115606,0.229198,-0.036188,0.29607,0.109693,-0.036386,0.549892,-0.19765,-0.064815,0.084324,0.434123,-0.48882,0.316402,0.072255,-0.203033,-0.203033,-0.389146,0.213062,-0.203033,0.29886,0.225639,-0.203033,-0.244134,-0.047705,0.697181,0.273057,-0.355031,0.052549,0.176836,-0.325716,-0.630374,-0.047705,-0.266796,-0.494101,-0.095143,0.523281,0.103829,#
8,0.457119,-0.037742,0.098031,0.33218,0.06965,-0.055668,0.901108,0.043786,1.0,-0.524297,-0.168033,0.349751,0.252792,-0.369028,-0.209698,-0.167905,-0.085934,-0.164535,0.416207,-0.109503,-0.214187,-0.006067,0.07665,-0.682546,0.092471,-0.653846,0.025135,-0.608417,0.187781,0.133037,-0.435904,-0.25595,0.458822,-0.666323,0.01138,0.0,0.01138,0.178777,-0.524251,0.438571,0.483667,-0.653783,-0.671982,-0.513669,-0.267162,0.188697,-0.068863,-0.182159,0.031193,0.780843,0.029913,0.11688,0.0,0.35732,0.610074,0.082488,0.3682,0.029913,0.676461,-0.145044,-0.018828,-0.425838,-0.494642,0.009245,-0.303811,0.07904,0.265207,-0.185036,0.009756,0.294242,0.151947,-0.113827,0.132598,-0.078161,-0.164634,-0.109034,0.028342,-0.248867,-0.400787,-0.400787,-0.078161,-0.164634,-0.482523,-0.030491,0.232015,0.198154,-0.241843,0.038787,-0.248867,-0.164634,-0.164634,-0.700388,-0.360494,-0.154252,-0.164634,0.081604,0.365896,-0.482523,0.249394,-0.072587,-0.435705,-0.800852,-0.400787,-0.241843,0.038787,0.059532,0.249394,0.385758,-0.700388,0.588906,0.069694,0.226507,0.038787,-0.684488,0.198154,-0.98071,-0.164634,0.232015,0.209838,-0.179494,-0.375612,-0.438539,0.232015,-0.595337,-0.522093,0.37112,-0.248867,-0.666657,0.61399,-0.438539,-0.438539,0.385758,-0.154252,-0.521396,-0.164634,-0.241843,0.0,0.198154,-0.313555,-0.482523,-0.241843,0.198154,-0.654411,-0.730513,-0.482523,-0.332736,-0.248867,0.505285,0.028342,0.038787,0.232015,-0.482523,-0.248867,0.198154,-0.164634,-0.541041,-0.308374,0.120307,0.249394,-0.508454,0.385758,-0.234734,-0.207619,-0.154252,0.198154,-0.093491,0.258263,0.158978,-0.058537,0.028342,-0.311978,0.245125,0.537044,-0.164634,-0.041523,-0.482523,0.038787,0.664349,0.203795,0.523154,0.237256,0.664349,0.248585,-0.651816,0.664349,0.1895,-0.545548,-0.400787,-0.224946,0.173861,0.509767,-0.415373,0.526989,0.218596,-0.980595,0.458822,0.410758,-0.700388,-0.603577,0.177343,#
9,0.033119,0.250913,0.374095,0.189958,0.219307,-0.428139,-0.428245,-0.523577,-0.524297,1.0,-0.20136,-0.016508,-0.115503,0.212327,-0.53376,0.236134,0.204532,0.326776,-0.194946,0.071172,-0.093403,-0.446227,0.226287,0.515988,-0.089019,-0.101895,-0.487855,0.248475,-0.355033,0.228686,0.260306,0.084534,-0.218052,0.093468,-0.066464,0.0,-0.047474,0.216518,-0.427882,-0.428134,0.239403,0.338297,0.291072,0.681579,0.508788,-0.610433,0.113362,0.756943,0.284193,-0.15151,-0.208566,0.208962,0.0,-0.226472,-0.799414,-0.478391,-0.571173,-0.208566,-0.370409,-0.25524,-0.265811,-0.066616,0.200613,-0.524767,0.632267,-0.304427,0.034714,0.230365,0.047635,-0.260954,-0.022911,-0.172464,-0.326993,-0.223002,-0.254941,0.51174,-0.530672,-0.3643,-0.327115,-0.327115,-0.20577,-0.254941,0.189365,0.239857,-0.554629,-0.377807,0.09795,-0.036613,-0.3643,-0.254941,0.3029,0.3029,-0.101667,0.314847,-0.254941,-0.09542,0.200608,0.189365,0.20355,-0.137696,0.124455,0.214874,-0.327115,0.520845,-0.074336,-0.223002,0.20355,-0.247425,0.3029,-0.16511,0.654155,-0.218052,-0.036613,0.089279,0.062709,0.507968,0.3029,-0.554629,0.089019,-0.092402,-0.244926,0.404191,-0.554629,0.245366,0.20715,-0.791326,-0.3643,0.162526,-0.400256,0.404191,-0.081938,0.314847,0.314847,0.992954,0.3029,0.062709,0.0,-0.360186,0.117699,0.189365,0.520845,0.09795,0.801174,0.0,0.189365,0.38636,0.054388,0.218052,-0.530672,0.416061,-0.554629,0.189365,0.054388,-0.360186,-0.254941,0.520845,0.466214,0.071489,0.20355,0.190566,-0.204174,0.534116,0.038412,0.314847,0.080329,0.534071,-0.428019,-0.255721,0.038412,-0.063241,0.451543,-0.091232,-0.534116,-0.254941,-0.035284,0.189365,-0.074336,-0.561962,-0.082421,-0.090573,-0.407896,-0.561962,-0.440232,0.350724,-0.119309,-0.036613,0.070779,-0.327115,-0.104264,0.140253,-0.074336,0.192775,-0.126,0.346215,0.506338,-0.218052,0.010886,0.3029,0.135401,-0.326282,#
10,-0.023694,-0.400647,-0.363709,0.245675,0.06965,-0.055668,-0.049428,-0.172896,-0.168033,-0.20136,1.0,-0.239134,0.234653,0.062725,0.216807,-0.422721,-0.338991,-0.164535,-0.567807,0.192621,0.085055,-0.006067,0.059102,-0.244297,0.092471,0.519158,0.564719,0.304437,0.42045,-0.023226,0.151191,-0.538756,-0.267162,0.152298,0.030348,0.0,-0.292098,-0.455593,0.413897,-0.062257,-0.372886,-0.218346,-0.078658,-0.031281,0.226507,0.274572,-0.122741,0.144222,0.504291,-0.333509,-0.036856,-0.578839,0.0,0.364149,0.385019,0.590494,0.2807,-0.036856,0.187453,-0.16729,0.084398,0.049429,0.245795,-0.236768,-0.420815,0.057133,-0.062257,0.046259,-0.310105,-0.582304,0.037529,-0.219379,0.154816,-0.078161,0.402635,0.254412,0.522687,0.212378,0.143759,0.143759,-0.37076,0.402635,0.274046,-0.400743,0.274046,-0.101044,0.224036,0.038787,0.647998,-0.133119,-0.133119,-0.133119,0.09647,-0.154252,0.402635,0.107363,-0.069694,0.274046,-0.470663,-0.295443,0.245439,0.363805,0.143759,-0.68184,0.038787,0.352131,0.29175,-0.154252,-0.133119,-0.188319,-0.069694,-0.267162,0.038787,0.212378,-0.241843,0.212378,-0.668873,0.274046,-0.092471,-0.297247,0.499882,-0.411075,0.274046,0.003155,0.253805,0.038322,0.212378,0.199131,-0.132933,-0.411075,0.055806,-0.694262,-0.154252,-0.157426,-0.133119,0.224036,0.0,0.198154,0.544418,0.274046,-0.68184,0.224036,0.092471,-0.0,0.274046,-0.469947,-0.223243,-0.365896,0.522687,-0.432194,0.274046,-0.440491,-0.223243,0.198154,0.402635,0.198154,0.065452,0.147355,0.29175,-0.078161,0.417523,-0.234734,-0.207619,-0.154252,-0.541041,-0.525179,-0.058537,0.341982,0.285668,-0.728554,-0.25546,-0.711682,0.234734,-0.133119,0.273742,0.274046,0.038787,0.261364,0.261364,-0.280704,-0.46306,0.261364,-0.04104,0.132028,-0.199189,0.038787,-0.083311,0.143759,0.09728,0.54642,0.066491,0.510187,-0.206578,-0.206578,0.212521,-0.267162,-0.042284,-0.133119,-0.040071,0.686559,#
11,0.179933,0.131556,0.772543,0.198319,-0.097276,-0.417637,0.172288,-0.24173,0.349751,-0.016508,-0.239134,1.0,0.042157,-0.637546,-0.520666,0.349486,0.249693,-0.356578,-0.161228,-0.405964,-0.149386,-0.184055,-0.637528,-0.04074,0.229599,-0.156503,-0.166955,-0.642992,0.081733,0.812126,-0.648476,-0.407757,-0.212703,-0.011071,0.393241,0.0,-0.572201,0.175409,-0.417385,0.180215,-0.106161,-0.520513,-0.300529,-0.114459,0.40017,-0.046767,-0.616728,-0.106684,-0.141993,0.195783,-0.588863,0.203836,0.0,0.630747,0.126984,0.023728,0.226236,-0.588863,0.506703,0.123175,-0.623432,-0.172287,-0.486621,-0.063612,0.23328,-0.565256,-0.011096,-0.656655,-0.310827,-0.177851,-0.001515,0.346362,0.343024,0.088739,-0.36965,0.138234,-0.185341,-0.045301,-0.319088,-0.319088,-0.274512,-0.36965,-0.702353,0.1406,0.18472,-0.409616,-0.038173,-0.178851,-0.045301,0.295469,-0.36965,-0.36965,0.208011,-0.36328,-0.36965,0.218606,0.097338,-0.702353,0.198556,0.373105,-0.042422,-0.278618,-0.319088,-0.038173,-0.178851,-0.274512,0.198556,0.307124,-0.36965,0.446637,-0.270385,0.40017,-0.178851,-0.045301,-0.038173,-0.413049,0.295469,0.18472,-0.406214,0.395888,-0.637603,-0.185341,0.18472,-0.016976,0.166392,-0.156812,-0.045301,0.024184,0.137662,0.394275,-0.185341,0.307124,-0.36328,0.036743,-0.36965,-0.038173,0.0,-0.038173,-0.663429,-0.702353,-0.038173,0.508068,-0.145707,-0.302302,-0.702353,0.014905,-0.045301,-0.097339,-0.185341,-0.178851,0.18472,0.18472,-0.045301,-0.038173,-0.36965,-0.409616,-0.502311,-0.037071,0.198556,0.088739,0.307124,-0.030908,0.369072,-0.36328,-0.409616,-0.442674,-0.024224,-0.301484,0.554152,0.000136,-0.248383,-0.041857,-0.145707,0.295469,0.546832,-0.702353,-0.178851,0.023585,-0.548176,-0.019895,0.517093,0.023585,0.5488,-0.139196,0.023585,0.008255,-0.240612,-0.319088,0.37387,0.071634,0.405854,0.117708,0.397779,0.01492,-0.413443,0.68858,0.157482,0.295469,-0.29382,-0.318278,#
12,0.404362,-0.408009,-0.224113,0.272362,0.400188,-0.534205,0.374399,-0.653287,0.252792,-0.115503,0.234653,0.042157,1.0,-0.022323,-0.274552,0.217074,-0.028099,-0.132336,0.001828,0.224927,-0.666272,0.219223,0.377001,-0.194137,-0.258414,-0.270065,-0.339155,-0.399047,0.73669,0.102206,-0.396851,-0.60856,-0.272071,-0.160921,0.496853,0.0,0.061653,-0.446586,-0.11932,0.350484,0.412446,0.133479,-0.608722,-0.475341,-0.272071,0.363643,0.25497,0.226276,0.289269,0.064793,0.277802,0.127704,0.0,0.000326,0.241312,-0.206769,0.308286,0.277802,0.232932,-0.520635,0.412748,-0.374398,0.067869,0.112504,-0.040346,0.298907,0.349748,-0.288302,0.530402,0.305667,0.069132,-0.585441,0.101788,-0.420856,-0.134255,0.256498,-0.370523,-0.598924,-0.408152,-0.408152,-0.420856,-0.134255,-0.446838,-0.408107,0.236278,0.229229,-0.595242,-0.363394,-0.18246,-0.134255,-0.625961,-0.646449,-0.665983,-0.123417,-0.134255,-0.666086,-0.0,-0.446838,0.253976,-0.5369,0.383985,-0.425289,-0.408152,-0.595242,0.068865,-0.009486,0.253976,0.392846,-0.646449,0.571334,-0.0,-0.272071,-0.363394,-0.598924,-0.174594,-0.199119,-0.625961,0.236278,0.241413,-0.10933,0.37153,-0.816874,0.236278,-0.378097,0.203522,0.377939,-0.598924,-0.004139,0.177418,-0.370523,-0.388377,-0.102767,-0.123417,-0.126423,-0.625961,-0.19142,0.0,-0.174594,-0.187969,-0.446838,-0.595242,-0.157768,0.149608,-0.465592,-0.446838,-0.009838,-0.598924,0.416435,-0.370523,-0.363394,0.236278,-0.446838,-0.598924,-0.174594,-0.134255,0.229229,0.027701,0.075299,0.253976,-0.025941,-0.102767,-0.18361,-0.534055,-0.123417,-0.174594,-0.113435,-0.08866,0.00687,-0.08866,-0.370523,0.356614,0.255254,0.166609,-0.134255,0.396232,-0.446838,0.068865,0.602112,0.161811,0.532767,0.052495,0.602112,-0.100891,-0.250938,0.602112,0.086876,0.21586,-0.408152,-0.255815,0.139285,0.086876,-0.423006,0.582292,0.582292,-0.200055,0.421988,0.801559,-0.134255,-0.778159,0.144619,#
13,0.22099,0.025959,-0.377603,-0.323348,0.587677,0.234497,-0.221486,0.088171,-0.369028,0.212327,0.062725,-0.637546,-0.022323,1.0,0.026527,0.064058,0.202022,0.004723,0.497198,-0.009084,0.018201,-0.115686,0.200997,0.023487,-0.815778,0.03404,-0.227277,0.433513,0.042219,-0.49944,0.271361,0.433217,-0.33304,-0.040712,-0.209242,0.0,0.239627,0.385287,0.24972,-0.653907,0.203226,0.422843,-0.075915,0.084667,-0.33304,-0.111097,0.3583,0.346282,-0.116408,-0.122453,0.558145,-0.309025,0.0,-0.202164,-0.39301,-0.292084,-0.369755,0.558145,-0.814969,-0.286718,0.519093,-0.228407,0.48705,-0.153037,-0.034043,0.47026,0.187672,0.704713,0.290847,0.051314,-0.166907,-0.512957,0.006148,-0.567299,0.013998,0.390529,-0.181582,-0.366089,0.511502,0.511502,-0.159979,0.013998,0.36727,0.015859,-0.309119,0.003015,-0.382394,-0.178536,0.030414,-0.473647,0.521149,0.033504,0.033274,0.019429,0.013998,-0.393326,-0.222027,0.36727,-0.304413,-0.554053,0.562734,0.240247,0.511502,0.019035,-0.212831,-0.175645,-0.332171,-0.491751,0.033504,-0.057467,0.190308,-0.33304,-0.178536,0.046274,0.003015,0.426917,0.033504,-0.309119,-0.009712,0.112393,0.596338,0.243375,-0.309119,0.304447,0.370795,0.013998,-0.366089,0.453124,-0.401922,0.243375,-0.19858,0.019429,0.019429,0.152461,0.521149,-0.414433,0.0,-0.381452,0.22273,0.36727,0.019035,0.018092,-0.006475,0.461007,0.36727,-0.187335,0.014554,0.190308,-0.181582,0.233005,-0.309119,-0.283104,0.014554,-0.381452,0.013998,0.419522,0.182256,0.457514,-0.332171,-0.191312,-0.473246,-0.414363,-0.18678,0.019429,0.419522,0.262248,0.237267,-0.1586,-0.20474,0.243375,0.358041,0.090406,-0.411126,-0.473647,-0.631301,0.36727,-0.212831,-0.385662,0.050304,-0.187742,-0.103165,-0.385662,-0.191043,0.388153,0.016768,-0.178536,0.427858,0.511502,0.038139,0.08326,-0.230987,0.027316,0.003509,0.432815,0.427858,-0.33304,0.225423,0.033504,-0.070667,0.490434,#
14,-0.533194,-0.407878,-0.665336,-0.431033,-0.407716,0.819321,-0.089028,0.699425,-0.209698,-0.53376,0.216807,-0.520666,-0.274552,0.026527,1.0,-0.173314,-0.38268,-0.08152,-0.067576,0.266325,0.60407,0.695017,-0.02564,-0.143171,0.1499,0.595852,0.505377,0.231914,-0.13944,-0.407878,0.220998,0.275041,0.407976,0.215988,-0.318349,0.0,0.108011,-0.321924,0.801871,0.332684,-0.414497,0.184014,0.402493,-0.160369,-0.271984,0.474008,-0.055982,-0.654537,-0.122706,-0.376386,0.405237,-0.255433,0.0,-0.395749,0.248023,0.519142,0.25023,0.405237,-0.176775,0.543396,0.472583,0.534166,0.436117,0.617871,-0.171405,0.461249,-0.534027,0.236871,0.027712,0.039783,0.115738,0.364597,0.112372,0.418187,0.438033,-0.548218,0.556636,0.682568,0.632428,0.632428,0.418187,0.438033,0.316511,-0.407976,0.316511,0.262777,0.245323,0.104832,0.274563,0.438033,-0.043685,0.438033,0.20734,-0.082114,0.438033,0.178531,-0.407976,0.316511,-0.379256,0.299375,-0.226477,0.427333,0.632428,-0.132843,0.104832,0.418187,-0.407819,-0.082114,0.438033,-0.662703,-0.407976,-0.271984,0.104832,0.274563,-0.132843,0.274563,-0.043685,0.316511,-0.183211,-0.041731,0.427333,0.136844,0.316511,0.116248,-0.331596,0.438033,0.682568,-0.093253,-0.077046,-0.30044,0.556636,-0.56766,-0.082114,-0.530807,-0.043685,0.245323,0.0,0.262777,0.477828,0.316511,-0.132843,-0.562401,-0.266489,0.474381,0.316511,0.163853,0.290883,-0.407976,0.556636,-0.318646,0.316511,0.316511,0.290883,0.262777,0.438033,-0.149327,0.067845,-0.268528,-0.407819,0.015172,-0.103535,-0.183211,-0.053388,-0.082114,-0.132843,-0.073933,-0.053388,0.400641,-0.071869,0.136844,-0.209622,-0.163014,0.1499,0.438033,-0.042011,0.316511,0.104832,0.172543,0.172543,-0.331663,0.026127,0.172543,-0.053813,0.167475,-0.24156,0.104832,0.276059,0.632428,0.212292,-0.367381,-0.337329,0.138055,-0.646709,-0.646709,0.276059,-0.271984,-0.508054,-0.063757,0.528955,0.06995,#
15,-0.042894,-0.400343,0.097957,-0.502502,0.035495,-0.017392,-0.04939,-0.134556,-0.167905,0.236134,-0.422721,0.349486,0.217074,0.064058,-0.173314,1.0,0.022784,-0.12176,0.170943,0.227309,0.120873,0.207681,-0.396147,0.230239,-0.351834,0.123693,-0.433596,-0.34913,-0.065038,0.510071,-0.378585,-0.078882,-0.26696,0.257305,0.543573,0.0,-0.233501,0.2962,-0.018332,-0.042962,0.055349,0.253128,-0.164141,-0.236076,0.226335,0.305255,-0.274907,0.144113,-0.405205,-0.333256,0.035227,0.400431,0.0,-0.083931,-0.557902,-0.117607,0.221032,0.035227,-0.259178,-0.099587,0.064529,0.049391,0.348582,0.273854,0.646733,-0.045357,-0.062209,0.047823,0.330965,0.097235,0.096191,-0.069864,0.132498,-0.0346,-0.131758,0.201852,-0.391005,-0.204638,0.165417,0.165417,-0.326977,-0.131758,-0.438477,-0.400439,0.275518,-0.07407,-0.681323,-0.38425,-0.204638,0.403589,-0.131758,-0.131758,0.114662,-0.121124,-0.131758,-0.356026,-0.087052,-0.438477,0.293222,-0.017815,0.275881,-0.043391,0.165417,0.224901,0.067548,-0.0346,-0.499086,0.418476,-0.131758,0.177299,-0.087052,-0.26696,-0.38425,-0.204638,0.224901,0.213241,0.403589,0.275518,-0.554406,0.605068,0.075585,0.056861,0.275518,0.450894,0.284625,0.039553,-0.204638,0.315773,-0.540533,0.523389,0.056861,0.418476,-0.121124,0.265534,-0.131758,-0.259246,0.0,-0.197176,-0.333709,-0.438477,0.224901,-0.24166,0.074632,0.262786,-0.438477,0.562137,0.213241,0.052231,-0.391005,0.067548,0.275518,0.275518,0.213241,-0.197176,-0.131758,0.224901,0.099008,-0.258162,-0.499086,0.378168,-0.693736,-0.252326,0.305168,-0.121124,-0.07407,-0.050284,-0.011392,-0.090199,0.258067,0.20615,0.4518,0.223996,-0.653915,0.403589,0.274815,-0.438477,0.067548,-0.197888,-0.658093,-0.298571,0.621444,-0.197888,-0.039837,0.494896,0.243909,0.086373,0.352556,0.165417,0.544063,-0.057809,0.019932,-0.019638,0.22976,0.22976,0.213446,0.458474,0.422518,0.403589,-0.279037,-0.399465,#
16,0.164458,0.502546,0.403397,0.328492,0.589652,-0.197515,-0.241003,-0.04466,-0.085934,0.204532,-0.338991,0.249693,-0.028099,0.202022,-0.38268,0.022784,1.0,-0.502573,0.39083,-0.820952,-0.387121,-0.00054,-0.205274,-0.019118,-0.398376,-0.378411,-0.610058,-0.212228,0.363779,-0.035737,-0.369758,0.417866,-0.332837,-0.02444,-0.25363,0.0,-0.220691,0.3335,-0.180056,-0.235365,0.179491,-0.028069,0.008979,0.436728,-0.332837,-0.31934,-0.151897,-0.072817,0.051462,0.127252,-0.011132,-0.357626,0.0,0.228731,0.030658,-0.716246,-0.312415,-0.011132,-0.412688,0.013908,-0.035709,-0.18818,-0.310194,0.147489,0.141712,-0.069848,0.232956,-0.213481,-0.120676,0.017435,-0.693326,-0.05631,0.504065,-0.594458,-0.456001,0.384015,-0.604943,-0.364722,0.030256,0.030256,-0.205889,-0.456001,-0.290509,0.503038,-0.315327,-0.412255,0.040812,-0.657212,-0.364722,0.009194,0.027802,0.027802,0.034388,-0.513464,-0.456001,0.046701,-0.196676,-0.290509,-0.389553,-0.121632,0.320559,-0.175844,0.030256,-0.014923,-0.657212,-0.997972,0.351892,-0.53222,0.027802,0.368624,-0.211805,0.347966,-0.657212,0.028658,-0.412255,0.013528,0.492998,-0.315327,-0.003088,0.518411,-0.175844,0.238276,-0.315327,0.146129,0.319191,0.009194,-0.364722,0.259359,0.021712,0.64367,-0.183334,-0.044572,-0.513464,0.146535,0.027802,0.040812,0.0,-0.809587,-0.705998,-0.290509,-0.014923,0.422862,-0.012353,0.025372,-0.290509,-0.229346,0.028658,0.166418,-0.604943,-0.231901,-0.315327,0.329925,0.028658,-0.809587,-0.456001,-0.427537,-0.694564,0.442652,0.351892,-0.205889,0.023831,-0.003088,-0.216445,-0.513464,-0.014923,0.228328,-0.216445,-0.990853,0.230913,0.64367,0.32978,0.157456,-0.398376,0.009194,-0.2141,-0.290509,-0.657212,-0.429892,-0.413897,0.211866,0.129521,-0.429892,0.659758,0.05898,-0.013997,-0.689928,0.391351,0.030256,0.004681,-0.501284,0.236712,0.031363,0.398517,0.382765,0.013599,0.297536,0.193017,0.492998,-0.083723,-0.00283,#
17,-0.247027,0.249709,-0.122198,-0.231477,-0.51842,-0.189283,-0.238979,-0.116078,-0.164535,0.326776,-0.164535,-0.356578,-0.132336,0.004723,-0.08152,-0.12176,-0.502573,1.0,-0.192476,0.612938,-0.076709,-0.479639,0.479734,0.632023,0.407871,-0.086282,0.227046,0.599181,-0.492504,-0.362323,0.797585,0.125937,0.166513,0.208503,0.241782,0.0,0.763829,-0.161525,-0.209657,-0.225323,-0.010704,0.428223,0.382087,0.070803,0.166513,-0.252266,0.712753,0.380393,-0.207527,-0.049024,-0.242084,0.650563,0.0,-0.52297,-0.432733,-0.056572,-0.22462,-0.242084,0.099174,-0.306143,-0.263351,0.238981,-0.140569,-0.354908,-0.16122,-0.280412,0.306548,0.16609,0.162071,0.3185,0.238711,-0.124958,-0.998817,0.519364,0.348349,-0.444901,0.196483,0.102627,-0.350673,-0.350673,0.519364,0.348349,0.628483,0.249769,-0.190955,0.612589,0.077173,0.76375,0.083413,-0.242426,0.348349,0.37198,-0.0963,0.999548,0.348349,-0.12407,0.480325,0.628483,0.672196,-0.011234,-0.265638,0.002648,-0.350673,0.631996,0.76375,0.500385,-0.235772,0.38026,0.37198,-0.145242,0.480325,0.166513,0.76375,0.102627,0.612589,0.102627,-0.242426,-0.190955,0.592198,-0.459492,-0.016108,0.217077,-0.190955,-0.039435,-0.154385,-0.266057,0.102627,-0.109789,0.023221,-0.318346,0.217077,0.38026,0.999548,0.324968,0.348349,0.077173,0.0,0.612589,0.362389,0.628483,0.631996,-0.446826,0.407871,0.032226,0.628483,0.223172,0.102627,-0.019213,0.196483,0.76375,-0.190955,-0.159438,0.102627,0.612589,0.348349,0.612589,0.757968,-0.519198,-0.235772,0.519364,-0.300677,0.611807,0.34861,0.999548,0.612589,0.312542,0.328061,0.493231,-0.77313,-0.318346,0.132123,0.323555,0.388262,-0.242426,-0.277831,0.628483,0.76375,-0.151086,0.377081,0.172723,-0.381423,-0.151086,-0.771916,-0.124505,-0.151086,0.223626,-0.397453,-0.350673,-0.590936,0.200734,-0.370266,-0.386867,-0.142277,-0.142277,0.101462,-0.666051,-0.26244,-0.242426,0.312069,-0.360266,#
18,0.333592,0.120686,-0.148079,-0.1757,0.47545,0.332887,0.396286,0.353115,0.416207,-0.194946,-0.567807,-0.161228,0.001828,0.497198,-0.067576,0.170943,0.39083,-0.192476,1.0,-0.254909,-0.082741,0.128824,0.072838,-0.381642,-0.639544,-0.587821,-0.428213,-0.245179,0.052269,-0.341911,-0.219532,0.556787,0.212865,-0.447818,-0.240706,0.0,0.258954,0.644672,-0.209489,-0.132728,0.577841,-0.016119,-0.372207,-0.213082,-0.651901,0.052981,0.177029,-0.103438,-0.323927,0.47039,0.515744,-0.031876,0.0,-0.09503,0.006329,-0.455107,-0.068416,0.515744,-0.367986,-0.146762,0.430926,-0.330963,-0.051582,0.249825,-0.021075,0.435181,0.308521,0.395445,0.317445,0.497995,-0.225753,-0.321481,0.191977,-0.464542,-0.227836,0.068911,-0.356831,-0.440709,0.219538,0.219538,-0.011132,-0.227836,-0.192564,0.119737,-0.094356,0.178102,-0.534544,-0.318586,-0.460667,-0.203291,0.3367,-0.276926,-0.175624,-0.182203,-0.227836,-0.206992,0.019956,-0.192564,-0.031824,-0.320883,0.011182,-0.515928,0.219538,0.137786,-0.232276,-0.385688,-0.241399,-0.107983,-0.276926,0.408941,0.059868,0.046564,-0.318586,-0.500582,0.178102,-0.380837,0.361245,-0.094356,0.089618,0.292094,0.049049,0.177912,-0.094356,-0.042165,-0.204856,0.410335,-0.440709,-0.168578,0.089693,0.177912,-0.314051,0.461038,-0.182203,-0.262529,0.3367,-0.453912,0.0,-0.366165,-0.386365,-0.192564,0.137786,-0.030593,-0.578442,-0.022313,-0.192564,-0.153227,0.098144,0.578728,-0.356831,0.264007,-0.094356,-0.159828,0.098144,-0.366165,-0.227836,-0.305691,-0.266971,0.319206,-0.241399,-0.444828,-0.364115,-0.419574,-0.221224,-0.182203,0.641737,0.392156,0.312375,-0.305019,-0.250101,0.734044,0.271877,0.541678,-0.130353,-0.203291,-0.671096,-0.192564,-0.232276,-0.026375,-0.089674,0.281835,0.362882,-0.026375,0.209508,-0.08733,0.54332,-0.210698,0.138522,0.219538,-0.074093,-0.276842,0.191659,-0.429512,0.439444,0.480999,-0.37969,0.212866,0.437252,-0.276926,-0.359996,0.175436,#
19,-0.349476,-0.611848,-0.598833,-0.324101,-0.439728,0.112434,0.071911,-0.066716,-0.109503,0.071172,0.192621,-0.405964,0.224927,-0.009084,0.266325,0.227309,-0.820952,0.612938,-0.254909,1.0,0.270394,0.096395,0.372098,0.194381,0.249846,0.26237,0.354611,0.334406,-0.209548,-0.091977,0.489073,-0.240166,0.271998,0.242077,0.375133,0.0,0.357368,-0.266968,0.095633,0.082995,-0.018772,0.274705,0.129469,-0.231313,0.271998,0.442806,0.321928,0.332265,0.025284,-0.368971,0.039929,0.401012,0.0,-0.439128,-0.280854,0.401353,0.373851,0.039929,0.144615,-0.375062,0.148452,0.37325,0.385678,0.007338,0.02756,0.03362,0.06634,0.383031,0.240975,0.061208,0.370011,-0.323518,-0.611836,0.428931,0.59741,-0.232686,0.345689,0.175026,-0.082396,-0.082396,0.025896,0.59741,0.395204,-0.611995,0.395204,0.587604,-0.26182,0.364294,0.159333,0.114895,0.095595,0.114895,-0.149989,0.620008,0.59741,-0.17854,0.392305,0.395204,0.422061,-0.247733,-0.248859,0.011535,-0.082396,0.19133,0.805439,0.816465,-0.319521,0.620008,0.114895,-0.220585,0.392305,-0.407997,0.364294,-0.232999,0.587604,0.175026,-0.38692,0.395204,0.150548,-0.320639,0.394517,-0.074797,0.395204,0.115572,-0.255294,0.095595,0.175026,-0.19104,-0.335462,-0.512103,0.362508,0.114206,0.620008,0.117963,0.095595,0.150304,0.0,0.587604,0.595158,0.395204,0.19133,-0.689796,0.249846,0.026316,0.395204,0.342922,0.175026,-0.015692,0.345689,0.364294,0.395204,-0.248328,0.175026,0.587604,0.59741,0.587604,0.81292,-0.631793,-0.319521,0.428931,-0.441947,0.166564,0.115312,0.620008,0.175479,0.076203,0.098529,0.807713,-0.364497,-0.512103,0.266724,-0.034469,0.23383,0.114895,0.055171,0.395204,0.805439,0.227096,0.227096,-0.125241,-0.263396,0.227096,-0.795205,0.230117,0.227096,0.364294,-0.232934,-0.082396,-0.149848,0.383821,-0.120766,-0.104527,-0.190543,-0.190543,0.174554,-0.407997,0.068548,-0.38692,0.0203,-0.090744,#
20,-0.533418,-0.40805,-0.270201,-0.42534,-0.411926,0.806261,-0.093474,0.686323,-0.214187,-0.093403,0.085055,-0.149386,-0.666272,0.018201,0.60407,0.120873,-0.387121,-0.076709,-0.082741,0.270394,1.0,0.263103,-0.408559,-0.135438,0.158377,0.599611,0.506658,0.232785,-0.547613,0.106865,0.222118,0.262555,0.401413,0.22092,-0.310051,0.0,-0.327647,0.325826,0.386689,-0.087493,-0.418645,-0.21213,0.403866,0.161139,0.401413,0.287762,-0.516945,-0.209532,-0.11672,-0.380743,-0.030724,-0.250429,0.0,-0.004118,-0.169281,0.658871,0.249805,-0.030724,-0.169063,0.398316,-0.044359,0.534391,0.43446,0.181277,0.195849,-0.027152,-0.534252,0.538225,-0.411656,-0.494005,0.120018,0.365526,0.107267,0.422111,0.437621,-0.126662,0.556351,0.68237,0.622388,0.622388,0.022918,0.437621,0.315849,-0.408148,0.315849,-0.141476,0.249431,0.108978,0.278235,0.437621,0.437621,0.437621,0.599163,-0.077446,0.437621,0.576492,-0.008082,0.315849,-0.373144,0.301261,-0.405372,0.430985,0.622388,0.26672,0.108978,0.422111,-0.401437,-0.077446,0.437621,-0.662982,-0.008082,-0.272099,0.108978,0.278235,0.26672,0.278235,0.437621,0.315849,-0.587315,0.170654,0.03648,0.556351,0.315849,0.522057,-0.325891,-0.05941,0.68237,-0.090362,-0.527183,0.123215,0.556351,-0.077446,-0.077446,-0.034467,0.437621,0.249431,0.0,0.26672,0.480128,0.315849,0.26672,-0.158764,-0.254063,0.46988,0.315849,0.167072,0.68237,-0.412189,0.556351,0.108978,0.315849,0.315849,0.68237,0.26672,0.437621,-0.141476,0.161763,-0.272405,-0.401437,0.022918,-0.098664,-0.174875,0.374039,-0.077446,-0.141476,-0.078839,-0.05817,0.403404,0.355734,0.123215,-0.21078,-0.541891,-0.254063,0.437621,-0.117348,0.315849,0.108978,-0.246212,-0.246212,-0.802829,0.020839,-0.246212,-0.058742,0.576639,-0.246212,0.108978,-0.123906,0.622388,0.60151,0.088375,0.090472,0.625334,-0.647519,-0.647519,0.279697,-0.272099,-0.508839,-0.05941,0.528585,0.065256,#
