0,1.0,-0.111111,-0.331011,-0.218218,0.380139,0.461759,-0.272071,0.461759,-0.218159,0.0,0.623992,-0.650627,0.50115,0.454405,0.566074,0.454405,1.0,-0.407888,0.182609,-0.333053,-0.218161,0.321011,0.266796,0.151125,-0.272166,-0.329105,0.187135,0.201257,-0.218052,-0.111111,-0.665437,0.317639,-0.166667,-0.508658,0.469763,0.0,-0.166623,0.141579,0.471913,-0.214794,-0.401982,-0.111111,-0.19245,0.0715,-0.166667,-0.63586,0.232406,0.156674,0.278827,-0.508401,0.227676,0.148346,-0.272096,-0.402764,0.480185,0.241562,-0.978399,0.392419,0.514504,0.369206,0.118969,-0.110329,-0.924352,-0.494921,0.034565,0.249439,0.0,0.219305,0.320801,0.254824,0.141579,-0.139689,-0.111111,-0.272023,0.180799,0.179715,-0.508338,-0.218103,-0.665619,-0.407661,-0.271774,-0.408008,-0.408008,0.308968,-0.994563,0.117142,-0.408008,0.225473,-0.407661,-0.218218,0.117142,-0.664634,-0.271774,-0.271774,-0.272023,0.28628,0.123069,0.225473,-0.272014,-0.508338,0.344592,-0.508,0.174855,-0.218093,0.123069,-0.166582,0.052338,0.085429,-0.166571,0.300991,0.087507,-0.111111,0.052338,-0.407661,-0.664634,-0.166667,0.231807,-0.52705,-0.271577,0.189847,-0.508338,-0.166667,-0.508338,-0.166667,0.141579,-0.407661,-0.271774,0.222154,0.313852,-0.333153,-0.664634,-0.166582,-0.915797,-0.407871,-0.52705,-0.333153,-0.111111,-0.272023,0.313548,-0.52705,-0.271981,-0.52705,-0.272023,-0.960085,-0.52705,0.222497,-0.508,-0.166524,-0.508,-0.272014,-0.994563,0.045404,-0.333144,-0.333069,-0.50881,-0.272014,0.339624,-0.268705,-0.52705,-0.407433,0.133092,-0.333153,0.244704,-0.333144,-0.407661,0.36564,0.300991,0.221674,-0.408008,-0.333153,0.52253,0.175075,-0.508338,0.169334,0.448681,-0.994563,-0.218107,0.364406,-0.05999,0.275241,0.449648,-0.184193,0.248605,0.321569,-0.126428,-0.664634,0.321569,-0.508338,0.342093,-0.059189,-0.52705,0.364406,-0.184193,-0.248452,-0.364758,-0.270423,0.248605,-0.66523,0.057166,-0.271015,#
1,-0.111111,1.0,0.225088,0.509175,0.300943,0.380272,0.394225,-0.271623,0.499077,0.0,0.530859,0.162657,-0.26766,0.373741,0.478986,-0.271567,-0.111111,0.249996,0.097674,0.312399,-0.218161,0.240084,0.180733,0.151124,0.408248,-0.329105,-0.062378,-0.651528,-0.218052,-0.111111,0.134367,0.162693,-0.166667,0.193908,-0.268858,0.0,0.683496,0.141579,-0.218018,-0.214794,0.300784,-0.111111,-0.769801,-0.062562,-0.166667,-0.63586,0.132803,0.156674,0.188883,0.188835,0.096325,0.063577,0.415015,-0.402764,-0.217758,0.167235,-0.06115,0.174408,0.228667,0.291205,0.150276,0.992964,0.202907,0.040129,-0.241955,0.149664,0.0,-0.210704,0.239927,-0.084942,0.141579,-0.393669,-0.111111,-0.272023,0.180799,0.096127,0.175142,-0.218103,-0.665619,0.231807,0.367694,-0.408008,-0.408008,0.308968,0.038749,0.117141,-0.408008,-0.407433,0.231807,-0.218218,0.117141,0.111581,0.367694,0.367694,-0.272023,-0.332704,0.123069,-0.407433,0.377572,0.175142,0.065193,0.169334,0.174855,0.479805,0.123069,-0.166582,0.052338,-0.890907,0.641046,0.300991,0.087507,-0.111111,0.052338,0.231807,0.111581,-0.166667,-0.407661,-0.52705,0.39692,-0.589012,0.175142,-0.166667,0.175142,-0.166667,0.141579,0.231807,0.367694,0.222154,0.06277,-0.333153,0.111581,-0.166582,0.087816,-0.407871,-0.52705,-0.333153,-0.111111,-0.272023,-0.651215,-0.52705,-0.271981,-0.52705,-0.272023,0.151124,-0.52705,-0.964155,0.169334,0.635258,0.169334,0.377572,0.038749,0.045404,0.301416,-0.333069,0.181102,0.377572,0.25025,0.313489,-0.52705,0.225473,0.133092,-0.333153,0.244704,0.301416,0.231807,0.28254,0.300991,-0.50216,-0.408008,-0.333153,-0.261265,0.175075,0.175142,-0.508001,-0.320486,0.038749,-0.218107,-0.676755,-0.209963,0.275241,0.363177,-0.27629,-0.536463,0.234658,-0.231784,0.111581,0.234658,0.175142,-0.33309,-0.190719,-0.52705,-0.676755,-0.27629,0.383971,-0.448611,-0.270423,-0.536463,0.117393,-0.705049,-0.271015,#
2,-0.331011,0.225088,1.0,0.615421,0.176792,-0.482926,-0.477053,-0.001295,-0.29095,0.0,0.081016,0.463573,-0.479788,-0.036206,-0.299918,-0.359175,-0.331011,0.402328,-0.315273,-0.253203,0.26278,-0.070398,0.200668,0.209747,0.372972,0.624098,-0.392971,-0.011788,-0.163179,-0.331011,-0.036598,-0.058777,0.536238,0.21198,-0.044713,0.0,-0.070913,-0.429276,-0.649498,0.240901,0.325933,-0.331011,-0.270611,-0.138453,0.536238,-0.089773,-0.550723,0.224572,-0.009646,0.220523,-0.41844,0.319711,0.384176,0.412365,0.249509,-0.376869,0.361221,-0.001732,-0.013625,0.158634,-0.018654,0.277145,0.220836,0.036661,0.467085,0.425254,0.0,-0.387899,-0.020238,-0.362367,-0.429276,-0.228503,0.357492,0.458982,0.670966,0.311273,-0.255028,-0.20792,0.078168,-0.036196,-0.052389,0.052396,-0.364885,0.190783,0.313991,-0.549056,0.052396,-0.372856,-0.473402,-0.182026,-0.034898,-0.049139,-0.068581,-0.060961,-0.395091,-0.153053,-0.000587,0.059864,0.370104,0.194962,-0.473888,0.634613,0.185495,0.636208,-0.528541,0.005104,0.357057,-0.349033,0.439692,0.176505,0.171312,0.383973,-0.344583,0.384818,0.481562,0.536238,-0.372435,0.050244,0.339056,0.084111,0.194962,-0.496517,0.653097,0.019861,-0.429276,-0.473402,-0.052389,-0.714764,-0.204951,-0.176341,-0.049139,-0.496264,0.454459,0.031779,0.050244,0.247432,0.331011,0.443009,-0.594944,0.050244,0.015742,0.050244,-0.395091,0.209747,0.050244,-0.210342,0.171517,-0.094809,0.171517,-0.057572,0.313991,-0.37487,0.176754,0.224909,0.209642,-0.057572,-0.223655,0.403451,0.050244,0.3606,0.309986,-0.176341,-0.012636,0.160686,-0.473402,0.147548,-0.256734,-0.123452,0.052396,0.247432,-0.227274,-0.36614,-0.272336,-0.150329,-0.398708,0.313991,0.241761,-0.080645,-0.346707,-0.244898,-0.026791,-0.223882,-0.164755,-0.026927,0.498422,-0.029483,-0.026927,-0.255028,0.234936,0.353442,0.050244,-0.080645,0.706763,0.40534,0.041468,0.093397,-0.164755,-0.024481,0.081746,-0.024883,#
3,-0.218218,0.509175,0.615421,1.0,0.193557,-0.106691,-0.098144,0.320074,0.041085,0.0,0.432887,0.208531,-0.190137,-0.110894,0.028506,-0.533347,-0.218218,0.525437,-0.586607,0.207893,0.03474,0.047681,-0.077,0.238606,0.801784,0.245167,-0.639767,-0.20768,-0.428245,-0.218218,0.305779,0.015215,0.763763,0.417623,-0.063827,0.0,0.229292,0.072088,-0.42818,-0.049629,0.112257,-0.218218,-0.755929,0.345206,0.763763,-0.32125,-0.239085,0.249091,0.233566,-0.066565,0.045861,0.180357,0.347261,-0.037667,0.029242,-0.328444,0.165847,0.104662,-0.299399,-0.245107,-0.258245,0.476701,0.191871,-0.359029,-0.067885,0.185069,0.0,-0.667172,-0.375907,-0.61168,0.072088,-0.108075,0.509175,-0.095493,0.411445,0.134067,-0.075506,0.038441,-0.233663,0.062794,-0.115123,0.08039,-0.360461,0.212774,0.16066,-0.249233,0.08039,-0.359953,0.062794,-0.428571,0.293967,0.282659,0.329671,-0.115123,-0.095493,-0.653418,-0.241703,-0.359953,0.794693,0.399902,-0.176812,0.387992,0.399247,0.513992,-0.241703,0.202528,0.188448,-0.711068,0.763325,0.20223,0.253698,-0.218218,0.188448,0.507589,0.282659,0.763763,0.088959,-0.345035,0.369254,-0.328237,0.399902,-0.327327,0.399902,0.218218,0.072088,0.062794,-0.115123,-0.061235,-0.534207,0.207956,0.282659,-0.32716,0.254595,0.071889,-0.345035,0.207956,-0.218218,0.343257,-0.173686,-0.345035,-0.101745,-0.345035,-0.095493,0.238606,-0.345035,-0.534082,0.387992,0.197843,0.387992,0.342861,0.16066,0.174096,0.202516,0.197995,0.412133,0.342861,0.228187,-0.14659,-0.345035,0.494611,0.340595,0.207956,0.080098,0.643897,0.062794,-0.261128,0.20223,-0.571594,0.08039,0.207956,-0.456102,-0.401148,0.399902,-0.52656,-0.153859,0.16066,-0.428354,-0.64752,-0.314179,-0.300313,-0.13586,-0.030146,-0.539645,-0.392585,0.165533,-0.257252,-0.392585,-0.075506,-0.241632,-0.288458,-0.345035,-0.64752,0.452185,0.310514,-0.387005,-0.111021,-0.539645,0.294599,-0.261968,-0.125067,#
4,0.380139,0.300943,0.176792,0.193557,1.0,0.400756,-0.054615,0.044528,0.164868,0.0,0.321287,0.027212,0.081588,0.820501,0.248293,0.45254,0.380139,-0.016881,0.347891,-0.628984,-0.197803,-0.383007,0.64873,-0.207617,-0.022632,-0.142631,0.247004,-0.390309,0.21206,-0.332622,-0.567637,0.402367,-0.00396,-0.23676,-0.331038,0.0,-0.014058,0.330392,0.214799,-0.135686,0.032191,0.300943,-0.448092,0.089821,-0.00396,-0.384577,-0.011043,0.442429,0.3724,0.171176,0.452716,-0.308144,0.785292,-0.001432,-0.20416,0.362894,-0.405136,0.794903,0.37894,0.227451,-0.016513,0.326087,-0.276392,0.02161,-0.284142,0.572881,0.0,0.260111,0.419136,0.266389,0.330392,0.176199,0.327342,-0.002248,0.200664,0.318546,-0.269358,-0.652911,-0.531496,-0.032475,-0.029246,-0.405443,-0.421442,0.996425,-0.431776,-0.567759,-0.021458,-0.41427,-0.06476,-0.203927,-0.074913,-0.586912,-0.045389,-0.061531,-0.034094,-0.192652,-0.040936,-0.398293,-0.033953,-0.252104,0.544771,-0.26251,-0.261824,0.643556,-0.040936,-0.498678,0.273255,-0.192241,0.471544,0.587711,0.103061,0.353741,0.273255,-0.032475,-0.077456,-0.00396,-0.406601,-0.638623,0.39508,-0.492224,0.16198,-0.498933,-0.252104,-0.498933,0.330392,-0.468322,-0.029246,0.196261,0.274407,-0.606164,-0.586912,-0.037316,-0.269146,-0.824996,-0.638623,-0.199355,-0.332622,-0.416249,-0.198844,-0.638623,-0.42187,-0.638623,-0.814326,-0.28682,-0.638623,-0.274886,-0.296707,0.451029,-0.707067,-0.033953,-0.431776,-0.429645,0.565928,-0.610506,0.176412,-0.443901,0.128043,0.300051,-0.638623,-0.459381,0.24463,-0.606164,0.805219,-0.235002,-0.06476,0.224878,0.171816,-0.563858,-0.021458,-0.199355,-0.174839,-0.125827,-0.286611,-0.231331,0.382747,-0.431776,-0.22077,-0.108843,0.288974,0.551486,0.810885,-0.247255,-0.566612,0.424746,-0.499876,-0.077456,0.424746,-0.269358,-0.14694,0.321249,-0.638623,-0.108843,0.207869,0.799574,-0.774179,0.418816,-0.566612,-0.063453,-0.093715,-0.011189,#
5,0.461759,0.380272,-0.482926,-0.106691,0.400756,1.0,0.540908,-0.179947,0.764903,0.0,0.466731,-0.636211,0.254072,0.57251,0.393859,0.193904,0.461759,-0.209074,0.319752,-0.041025,-0.533318,0.276969,0.516158,-0.309678,-0.266135,-0.804531,0.21247,-0.52952,-0.123668,-0.271623,-0.180661,0.228531,-0.407434,-0.401894,0.263623,0.0,0.59021,0.249965,0.359585,-0.525088,-0.158055,0.380272,-0.46576,0.075378,-0.407434,-0.54067,0.410684,0.355648,0.664032,0.019175,0.348932,-0.410311,0.141096,-0.566647,-0.07166,0.419727,-0.544562,0.614668,0.412264,0.01589,0.36507,0.350625,-0.27557,-0.173308,-0.317712,0.452051,0.0,0.155578,0.244496,0.116283,0.249965,-0.195578,-0.271623,-0.664988,-0.383052,0.265643,0.028195,-0.533175,-0.644975,-0.206153,0.126037,-0.585862,-0.190768,0.386481,-0.509944,0.344831,-0.190768,-0.167291,0.192475,-0.088909,-0.162273,-0.181452,-0.289201,0.524665,0.137816,-0.002837,0.359823,-0.167291,0.137956,-0.397868,0.400705,-0.844465,-0.389919,-0.123691,0.359823,-0.407227,0.206312,-0.290886,0.066633,-0.023236,0.288792,-0.271623,0.206312,-0.621391,-0.181452,-0.407434,-0.159256,-0.6571,0.145036,-0.42007,0.028195,0.101859,-0.397868,-0.407434,0.249965,0.192475,0.126037,0.525214,0.392828,-0.411949,-0.181452,0.067483,-0.372616,-0.589622,-0.6571,-0.411949,-0.271623,-0.255394,-0.017688,-0.6571,-0.261205,-0.6571,-0.255394,-0.391172,-0.6571,-0.42063,-0.422233,0.569919,-0.40464,0.137956,-0.509944,0.188691,0.365514,-0.41647,0.039002,0.137956,0.341931,0.05255,-0.6571,-0.213708,0.102044,-0.411949,0.22333,-0.030055,0.192475,0.405277,0.388233,-0.362745,-0.602325,-0.411949,-0.069191,0.213995,0.028195,0.067267,0.151469,-0.509944,-0.533186,-0.343606,0.335463,0.782755,0.548549,-0.109193,-0.314533,0.232646,-0.433981,-0.181452,0.232646,0.028195,-0.368624,-0.30064,-0.6571,-0.343606,-0.559472,0.107117,-0.581136,0.107565,-0.314533,-0.170993,-0.193319,-0.219393,#
6,-0.272071,0.394225,-0.477053,-0.098144,-0.054615,0.540908,1.0,-0.665107,0.792704,0.0,-0.077723,-0.088565,0.199068,0.10897,-0.115328,-0.278,-0.272071,0.250514,0.158527,0.410151,-0.073809,0.233345,0.030392,-0.296306,-0.258414,-0.805859,0.155859,-0.529968,0.338519,-0.272071,0.388169,-0.233967,-0.408107,0.088615,-0.21541,0.0,0.611576,0.346675,-0.087021,-0.525954,0.315086,0.394225,-0.105789,0.21304,-0.408107,0.04041,0.366665,-0.343372,0.196569,0.498682,0.290564,-0.426789,0.157811,-0.559038,-0.533211,0.416928,0.174399,0.200095,0.038566,-0.034691,0.425859,0.363885,0.496845,0.265371,-0.283276,-0.111354,0.0,0.094334,-0.220799,0.106117,0.346675,-0.192918,-0.272071,-0.666086,-0.830786,-0.468462,0.534526,-0.06246,-0.083638,0.259041,0.591779,-0.133024,0.270799,-0.021455,0.254635,0.407572,0.270799,-0.132836,0.666475,-0.079969,-0.110735,0.393225,0.167368,0.549837,0.597724,0.031125,-0.130381,-0.132836,0.154597,0.09905,0.275986,-0.36175,-0.353991,-0.115525,0.423123,0.127245,-0.445607,-0.225348,0.076429,0.010687,0.368886,-0.272071,0.289987,-0.165371,0.393225,-0.408107,-0.124427,0.013168,0.161812,-0.378023,0.534526,0.112438,-0.381255,-0.408107,0.346675,0.666475,0.591779,0.543975,0.385823,0.031167,0.393225,0.612442,0.056735,-0.141304,0.013168,0.031167,-0.272071,-0.247443,-0.033748,0.013168,0.183485,0.013168,0.195826,0.370049,0.013168,-0.441042,0.069811,0.590832,0.087793,0.154597,0.254635,0.271624,0.390237,0.021427,0.06529,0.154597,0.332513,0.067139,0.013168,0.246696,0.173225,0.031167,-0.191579,-0.014071,0.666475,-0.01931,0.431246,-0.410096,-0.14985,0.031167,-0.096832,0.237314,0.534526,0.113179,0.132394,0.254635,-0.07136,-0.369407,0.345872,0.442433,0.106084,0.357826,-0.333905,-0.212596,-0.43725,0.393225,-0.212596,0.534526,-0.393863,-0.304324,0.013168,-0.369407,-0.562627,0.1219,-0.156717,0.123455,-0.333905,0.408449,-0.081416,0.205591,#
7,0.461759,-0.271623,-0.001295,0.320074,0.044528,-0.179947,-0.665107,1.0,-0.533314,0.0,0.357448,-0.238579,0.153835,-0.184702,0.41089,0.209679,0.461759,-0.194278,-0.37685,-0.010098,-0.118195,-0.135187,-0.309274,0.317284,0.548903,0.427927,-0.324296,0.451968,-0.533051,0.407434,-0.142339,0.306181,0.570408,0.060456,0.246289,0.0,-0.407328,0.161515,0.377801,0.27181,-0.586864,-0.271623,-0.235232,0.273108,0.570408,-0.195148,-0.057626,0.330479,-0.005131,-0.816723,0.193732,0.28701,-0.278161,0.125921,0.337827,-0.312524,-0.418565,-0.087049,-0.272515,-0.35022,-0.646717,-0.322575,-0.598539,-0.647453,-0.212935,-0.153665,0.0,-0.274364,-0.119282,-0.278249,0.161515,0.344588,0.380272,0.137816,0.518804,0.266665,-0.372806,0.32093,-0.163897,-0.182705,-0.66438,0.204326,-0.190768,0.009809,-0.472054,-0.113353,-0.207231,0.227246,-0.182705,-0.088909,0.373467,-0.152989,0.149486,-0.66438,-0.271778,-0.404774,-0.102291,-0.183731,0.144903,0.053258,0.070579,0.04243,0.503558,-0.0981,-0.102291,0.067483,0.244696,0.031326,0.096247,0.0,-0.323936,-0.271623,0.244696,0.215924,-0.657023,0.570408,0.638,-0.347876,-0.247174,0.08449,-0.390558,0.101859,0.053258,0.59078,0.161515,-0.182705,-0.66438,0.097182,-0.653691,0.360811,-0.152989,-0.407227,-0.335814,0.192706,-0.347876,-0.041668,-0.271623,0.121433,0.551291,-0.347876,-0.277352,-0.347876,0.137816,-0.416163,-0.347876,0.279212,0.04243,-0.407085,0.04243,0.161776,-0.472054,0.226746,-0.418838,-0.050538,0.0643,0.161776,0.079747,-0.656877,-0.347876,-0.206939,-0.195214,0.360811,0.264207,0.388782,-0.182705,-0.36668,0.0,0.091792,0.204326,-0.041668,-0.043644,-0.239674,0.053258,-0.372558,0.17654,-0.472054,-0.533186,-0.038178,-0.280469,-0.473242,-0.212444,-0.127204,0.093827,-0.133851,0.091432,-0.636861,-0.133851,-0.372806,0.0011,-0.262055,-0.347876,-0.038178,0.305064,-0.290432,-0.188587,-0.2846,0.093827,-0.142295,-0.156052,-0.297593,#
8,-0.218159,0.499077,-0.29095,0.041085,0.164868,0.764903,0.792704,-0.533314,1.0,0.0,0.060369,-0.227494,-0.084398,0.299905,0.022252,-0.11665,-0.218159,0.066178,0.219191,0.196727,-0.428345,0.071612,0.374146,-0.450465,-0.095163,-0.646176,0.097869,-0.728749,0.022286,-0.218159,0.284472,0.020768,-0.327239,-0.072789,-0.051096,0.0,0.770371,0.172204,0.052924,-0.421735,0.118023,0.499077,-0.372687,0.03101,-0.327239,-0.133101,0.283075,0.277519,0.528105,0.390299,0.218568,-0.559167,0.352835,-0.330956,-0.427554,0.286374,0.11137,0.391303,0.079954,-0.250635,0.315267,0.465891,0.368075,0.168733,-0.374659,0.316218,0.0,0.011913,0.036036,-0.057116,0.172204,-0.113738,-0.218159,-0.534099,-0.552744,0.16176,0.400178,-0.42823,-0.226249,0.069227,0.336033,-0.348289,0.086406,0.200846,0.161196,0.294326,0.086406,-0.347798,0.507811,0.060649,-0.263607,0.283018,-0.120826,0.774617,0.349174,-0.211019,0.306516,-0.347798,0.349321,-0.068592,0.190626,-0.560198,-0.555981,0.02229,0.306516,-0.327072,0.188984,-0.382082,0.194276,-0.244145,0.254191,-0.218159,0.188984,-0.387631,0.283018,-0.327239,-0.343557,-0.340218,0.356793,-0.600043,0.400178,0.233102,-0.068592,-0.327239,0.172204,0.507811,0.336033,0.41653,0.204283,-0.211304,0.283018,0.195219,0.255089,-0.352525,-0.340218,-0.211304,-0.218159,-0.08345,-0.247161,-0.340218,-0.089874,-0.340218,-0.08345,0.266836,-0.340218,-0.62437,-0.095644,0.747975,-0.076287,0.349321,0.161196,0.174631,0.64408,-0.216339,0.41241,0.349321,0.129568,0.252951,-0.340218,0.06075,0.01562,-0.211304,0.06801,0.208862,0.507811,0.180371,0.208567,-0.560085,-0.366402,-0.211304,-0.455589,0.108304,0.400178,-0.04896,-0.159181,0.161196,-0.428239,-0.64268,0.412653,0.661333,0.276997,0.013624,-0.526597,0.022441,-0.385668,0.283018,0.022441,0.400178,-0.654001,-0.287791,-0.340218,-0.64268,-0.481788,0.29828,-0.374497,0.314729,-0.526597,0.294959,-0.25421,-0.044572,#
9,0.0,0.0,0.0,0.0,0.0,0.0,0.0,0.0,0.0,0.0,0.0,0.0,0.0,0.0,0.0,0.0,0.0,0.0,0.0,0.0,0.0,0.0,0.0,0.0,0.0,0.0,0.0,0.0,0.0,0.0,0.0,0.0,0.0,0.0,0.0,0.0,0.0,0.0,0.0,0.0,0.0,0.0,0.0,0.0,0.0,0.0,0.0,0.0,0.0,0.0,0.0,0.0,0.0,0.0,0.0,0.0,0.0,0.0,0.0,0.0,0.0,0.0,0.0,0.0,0.0,0.0,0.0,0.0,0.0,0.0,0.0,0.0,0.0,0.0,0.0,0.0,0.0,0.0,0.0,0.0,0.0,0.0,0.0,0.0,0.0,0.0,0.0,0.0,0.0,0.0,0.0,0.0,0.0,0.0,0.0,0.0,0.0,0.0,0.0,0.0,0.0,0.0,0.0,0.0,0.0,0.0,0.0,0.0,0.0,0.0,0.0,0.0,0.0,0.0,0.0,0.0,0.0,0.0,0.0,0.0,0.0,0.0,0.0,0.0,0.0,0.0,0.0,0.0,0.0,0.0,0.0,0.0,0.0,0.0,0.0,0.0,0.0,0.0,0.0,0.0,0.0,0.0,0.0,0.0,0.0,0.0,0.0,0.0,0.0,0.0,0.0,0.0,0.0,0.0,0.0,0.0,0.0,0.0,0.0,0.0,0.0,0.0,0.0,0.0,0.0,0.0,0.0,0.0,0.0,0.0,0.0,0.0,0.0,0.0,0.0,0.0,0.0,0.0,0.0,0.0,0.0,0.0,0.0,0.0,0.0,0.0,0.0,0.0,0.0,0.0,0.0,0.0,0.0,0.0,0.0,0.0,0.0,0.0,0.0,0.0,#
10,0.623992,0.530859,0.081016,0.432887,0.321287,0.466731,-0.077723,0.357448,0.060369,0.0,1.0,-0.402199,0.32173,0.456832,0.638726,0.024115,0.623992,-0.001103,-0.281564,0.128329,-0.064743,0.523897,0.067088,0.268992,0.273754,-0.292026,-0.39214,-0.201003,-0.420372,-0.214206,-0.328225,0.482486,0.09779,-0.14204,0.395488,0.0,0.248829,0.19383,0.100162,-0.128146,0.035579,-0.214206,-0.758163,0.160316,0.09779,-0.930392,-0.069572,0.279532,0.26613,-0.512586,0.15267,0.207832,-0.063814,-0.500882,0.457715,0.023363,-0.700007,0.281413,0.368964,0.306417,0.250348,0.504929,-0.481882,-0.729897,-0.08402,0.26344,0.0,-0.44946,0.198169,-0.334629,0.19383,-0.503474,-0.214206,-0.524421,0.370205,0.227357,-0.156471,-0.061875,-0.870841,-0.357111,-0.09514,-0.447909,-0.447909,0.272766,-0.672326,0.250379,-0.447909,-0.308022,-0.357111,-0.420693,0.250379,-0.346049,-0.09514,-0.09514,-0.524421,-0.174457,0.262017,0.030172,0.258289,-0.156471,0.055426,-0.163225,0.358543,0.047529,0.262017,0.085772,0.133802,-0.704815,0.22043,0.261585,0.200136,-0.214206,0.133802,-0.01541,-0.346049,0.09779,0.03819,-0.751011,-0.075295,-0.131792,-0.156471,-0.321309,-0.156471,0.09779,0.19383,-0.01541,-0.09514,0.060763,-0.005261,-0.31107,-0.346049,-0.321145,-0.556261,-0.451015,-0.751011,-0.31107,-0.214206,-0.187364,-0.103104,-0.751011,-0.524339,-0.751011,-0.187364,-0.56928,-0.751011,-0.441375,-0.163225,0.216608,-0.163225,-0.088819,-0.672326,0.120153,-0.216744,-0.314797,-0.149631,0.258289,0.639764,-0.127629,-0.751011,-0.022878,0.287006,-0.31107,0.143578,0.122334,-0.357111,0.293941,0.261585,-0.103521,-0.447909,-0.31107,0.109496,0.315508,-0.156471,-0.106451,-0.016118,-0.672326,-0.420479,-0.257446,-0.25393,0.207636,0.439227,-0.440012,-0.069094,0.190134,0.083011,-0.760821,0.190134,-0.156471,0.184118,-0.235381,-0.751011,-0.257446,-0.069476,-0.077621,-0.443147,-0.521337,-0.069094,-0.339476,-0.352985,-0.522477,#
11,-0.650627,0.162657,0.463573,0.208531,0.027212,-0.636211,-0.088565,-0.238579,-0.227494,0.0,-0.402199,1.0,-0.242983,-0.091187,-0.254979,-0.091187,-0.650627,0.074639,-0.006995,-0.086457,0.257329,-0.485564,-0.235704,-0.199544,0.294669,0.452361,-0.039317,-0.277978,0.387484,0.162657,0.34091,-0.016067,0.116909,0.186671,-0.76338,0.0,-0.353438,-0.130499,-0.18584,0.260492,0.561032,0.162657,0.217165,-0.352714,0.116909,0.359605,-0.188337,-0.243009,-0.406349,0.34909,-0.277214,-0.151241,0.460353,0.596295,-0.27212,-0.367227,0.599718,-0.430407,-0.465514,0.075649,-0.208533,0.209966,0.543193,0.422636,-0.115959,-0.295169,0.0,-0.05613,0.148649,0.077716,-0.130499,0.340045,0.196543,0.502821,0.219774,-0.221024,0.147477,0.211832,0.378642,0.183568,-0.03608,0.064513,0.043975,0.080034,0.658251,-0.278663,0.064513,-0.273371,0.142125,-0.168599,0.353985,0.323434,0.440515,-0.055582,-0.050258,-0.343578,-0.264238,-0.375915,-0.212227,0.169625,-0.299945,0.747541,0.203165,0.387114,-0.291262,0.12193,-0.154434,-0.074813,0.270015,0.106532,-0.194823,0.23043,-0.190349,0.556555,0.373739,0.116909,-0.450266,0.433995,0.457454,-0.320973,0.169625,-0.365978,0.193075,0.091494,-0.130499,-0.002925,-0.03608,-0.259244,-0.141665,-0.073487,0.323434,0.269989,0.550567,0.072004,0.433995,-0.033317,0.23043,-0.151255,-0.352347,0.433995,-0.001185,0.433995,-0.193337,0.613812,0.433995,-0.095003,0.703644,0.243776,0.176879,-0.085931,0.658251,-0.175267,0.055882,-0.024986,0.141238,-0.233277,-0.125113,0.483504,0.433995,0.066835,0.094834,-0.073487,0.182844,-0.108618,0.142125,-0.419949,-0.427337,-0.256905,0.55742,-0.033317,-0.155378,-0.042716,0.12533,-0.296951,-0.078194,0.658251,0.429735,-0.073035,0.154141,-0.416919,-0.071468,-0.185379,-0.349304,0.158771,0.125635,0.524655,0.158771,0.147477,-0.018944,0.208996,0.433995,-0.073035,0.241554,0.468416,0.057028,-0.00671,-0.349304,0.31596,-0.144707,0.476686,#
12,0.50115,-0.26766,-0.479788,-0.190137,0.081588,0.254072,0.199068,0.153835,-0.084398,0.0,0.32173,-0.242983,1.0,0.245028,0.017854,0.245028,0.50115,-0.211756,-0.278389,-0.04605,0.273043,0.253433,-0.263783,-0.311424,-0.341764,-0.4787,-0.21634,-0.033568,0.369554,-0.26766,-0.154298,0.262205,-0.017085,-0.402152,0.190498,0.0,-0.401385,0.369275,0.410479,-0.255151,0.243348,0.415727,0.143026,0.253548,-0.017085,-0.153741,0.042542,-0.360209,0.034729,-0.330559,0.229796,-0.366047,-0.232856,-0.279316,0.280312,-0.006667,-0.488708,0.090509,-0.04981,0.10048,0.385273,-0.286134,-0.283105,-0.558066,-0.180703,-0.173873,0.0,-0.141715,-0.079034,-0.039182,0.369275,-0.004556,-0.26766,-0.655286,-0.4095,-0.451773,0.0497,0.287205,-0.164645,-0.521127,-0.193784,-0.215414,0.198766,0.061492,-0.46937,0.397263,0.198766,-0.087382,-0.103242,-0.525673,0.397263,-0.153915,-0.193784,-0.236801,0.211558,0.072968,-0.155171,0.222815,-0.336892,-0.396946,0.152273,-0.403574,0.075849,-0.525373,0.412529,0.520816,-0.474137,0.124477,-0.401259,0.09378,0.358165,-0.26766,0.280324,-0.207713,-0.153915,-0.017085,0.234753,-0.027012,-0.217357,0.063123,0.0497,-0.401489,-0.88957,-0.017085,0.369275,0.210172,-0.193784,0.216789,0.273465,-0.052021,-0.153915,0.645227,-0.656492,-0.222719,-0.027012,-0.052021,-0.26766,-0.346131,0.625517,-0.027012,-0.20711,-0.027012,0.108507,-0.396855,-0.027012,0.376328,0.039056,0.129922,-0.403574,-0.655265,-0.46937,0.262301,-0.387846,-0.060632,-0.436705,-0.336892,0.831876,-0.261671,-0.027012,-0.215111,0.46324,-0.052021,-0.104517,-0.491515,-0.103242,-0.305385,0.09378,0.018086,0.198766,-0.052021,0.461985,0.429597,0.0497,0.507722,0.693186,-0.46937,-0.050832,0.317514,0.466586,0.070536,0.247747,-0.021241,0.122726,-0.065036,0.02754,-0.53435,-0.065036,0.0497,0.388046,-0.213367,-0.027012,0.317514,-0.15341,-0.230372,-0.184589,-0.256767,0.122726,-0.143402,0.362343,0.238645,#
13,0.454405,0.373741,-0.036206,-0.110894,0.820501,0.57251,0.10897,-0.184702,0.299905,0.0,0.456832,-0.091187,0.245028,1.0,0.384611,0.62522,0.454405,-0.184355,0.372323,-0.439153,-0.069487,-0.143679,0.53406,-0.276002,-0.270032,-0.358107,0.213845,-0.498663,0.347907,-0.271567,-0.678801,0.655107,-0.407351,-0.37546,-0.174521,0.0,0.086485,0.346033,0.350676,-0.008255,0.275978,0.373741,-0.339969,-0.086944,-0.407351,-0.508782,-0.111677,0.382927,0.192481,0.042533,0.376345,-0.377959,0.5654,-0.122461,-0.076206,0.448311,-0.507773,0.660159,0.593473,0.433006,0.384716,0.398878,-0.240597,-0.08319,-0.31032,0.472835,0.0,0.184287,0.673171,0.219939,0.346033,-0.120156,-0.271567,-0.243178,0.068961,0.291581,0.033183,-0.533066,-0.634723,-0.197494,0.134628,-0.573521,-0.182419,0.8037,-0.502291,-0.176697,-0.182419,-0.582285,-0.230377,-0.07569,-0.176697,-0.694643,-0.292856,0.101745,-0.275615,0.005055,0.360357,-0.159188,-0.287566,-0.388576,0.459084,-0.395429,-0.39826,0.338825,0.360357,-0.407143,0.207077,-0.284403,0.061929,0.392553,0.014218,0.427517,0.207077,-0.197494,-0.175745,-0.407351,-0.578554,-0.650461,0.136999,-0.410054,0.033183,-0.407351,-0.388576,-0.407351,0.346033,-0.230377,0.134628,0.083185,0.469366,-0.814261,-0.694643,0.06277,-0.365208,-0.99688,-0.650461,-0.399912,-0.271567,-0.664852,-0.319262,-0.650461,-0.664749,-0.650461,-0.664852,-0.356672,-0.650461,-0.324849,-0.43026,0.560131,-0.848226,-0.287566,-0.502291,-0.504317,0.370074,-0.814057,0.044034,-0.287566,0.330474,0.468173,-0.650461,-0.628232,0.132048,-0.814261,0.64743,-0.445701,-0.230377,0.435167,-0.031052,-0.270514,-0.182419,-0.399912,-0.046364,0.427902,-0.423723,0.07171,0.170103,-0.502291,-0.092912,-0.016377,0.375987,0.783727,0.998547,-0.530418,-0.278953,0.684997,-0.400786,-0.175745,0.684997,0.033183,0.051848,0.402798,-0.650461,-0.016377,-0.06686,0.5821,-0.542494,0.201976,-0.278953,-0.165241,-0.187677,-0.223735,#
14,0.566074,0.478986,-0.299918,0.028506,0.248293,0.393859,-0.115328,0.41089,0.022252,0.0,0.638726,-0.254979,0.017854,0.384611,1.0,0.384611,0.566074,-0.386734,0.277934,0.173019,-0.427484,0.121575,-0.016864,0.296127,0.319983,-0.200134,0.184159,-0.140366,-0.42727,0.478986,-0.280843,0.50906,-0.326581,-0.098019,-0.005789,0.0,0.206559,0.277422,0.526705,0.054468,-0.347019,-0.217721,-0.497776,-0.112082,-0.326581,-0.704238,0.330487,0.307,0.019974,-0.559013,0.281404,0.210953,-0.102325,-0.342528,0.065645,0.193705,-0.6847,0.039871,0.291246,0.234359,-0.238025,0.447943,-0.567232,-0.2988,-0.452435,-0.136857,0.0,0.079204,0.527184,0.179757,0.277422,-0.034837,-0.217721,-0.112785,0.381267,0.27353,-0.112164,0.019725,-0.790124,0.028193,-0.131568,-0.377233,-0.377233,0.202855,-0.61249,0.260142,-0.799487,0.06976,0.028193,0.028506,0.260142,-0.298493,0.294462,-0.131568,-0.533025,-0.215288,0.27202,-0.351898,-0.125694,-0.112164,0.324837,-0.119451,0.369367,0.010256,0.27202,-0.326415,0.143578,-0.406538,0.180011,0.192457,-0.455617,-0.217721,0.143578,0.028193,-0.815627,-0.326581,0.078314,-0.70227,-0.11298,-0.330033,-0.567516,0.195949,-0.112164,0.195949,0.277422,0.028193,-0.131568,0.435308,-0.093478,-0.23987,-0.298493,-0.326415,-0.496558,-0.381166,-0.70227,-0.65281,-0.217721,-0.533025,-0.066165,-0.70227,-0.532942,-0.70227,-0.112785,-0.487738,-0.70227,-0.401102,-0.119451,0.176445,-0.119451,0.307076,-0.61249,0.129639,-0.2549,-0.652645,-0.10477,0.307076,0.189139,-0.161467,-0.70227,-0.401505,-0.346141,-0.23987,0.505068,0.167861,0.028193,0.221453,0.192457,0.008865,-0.377233,-0.65281,0.068259,0.343058,-0.112164,-0.517619,-0.058612,-0.61249,-0.427378,-0.265218,-0.258607,0.136631,0.365987,-0.447546,-0.059824,0.521118,-0.346827,-0.298493,0.521118,-0.112164,-0.176401,-0.239691,-0.70227,-0.265218,-0.447546,-0.118612,-0.399268,-0.529891,-0.059824,-0.291373,-0.784114,-0.53105,#
15,0.454405,-0.271567,-0.359175,-0.533347,0.45254,0.193904,-0.278,0.209679,-0.11665,0.0,0.024115,-0.091187,0.245028,0.62522,0.384611,1.0,0.454405,-0.566439,0.396987,-0.424159,-0.069487,-0.519684,0.134192,-0.276002,-0.270032,0.053826,0.334605,-0.003385,0.347907,0.373741,-0.660221,0.730098,-0.407351,-0.359138,-0.174521,0.0,-0.407245,0.346033,0.783429,0.432031,-0.132173,0.373741,0.218884,-0.164804,-0.407351,-0.007025,-0.111677,0.382927,-0.190595,-0.362406,0.376345,-0.353343,0.166341,0.291268,-0.076206,0.275641,-0.43167,0.238107,0.26146,0.070595,-0.088035,-0.267521,-0.397722,-0.08319,-0.470917,0.009255,0.0,0.359105,0.673171,0.318603,0.346033,0.396114,-0.271567,0.146059,0.093962,0.315854,0.057992,-0.118955,-0.158506,-0.174282,-0.23676,-0.182419,0.208684,0.430835,-0.464784,-0.14835,-0.182419,-0.191734,-0.207165,0.346764,-0.14835,-0.666468,-0.269644,-0.269644,-0.275615,0.005055,0.388947,-0.159188,-0.664831,-0.363767,0.459084,-0.370843,-0.373491,-0.066498,0.388947,-0.407143,0.245073,0.31807,-0.407117,0.024535,-0.566605,0.427517,0.245073,-0.174282,-0.626552,-0.407351,-0.183953,-0.344361,-0.251249,-0.155611,-0.363767,0.07663,-0.363767,0.07663,0.346033,-0.207165,-0.23676,0.083185,0.10481,-0.431785,-0.666468,0.06277,-0.328778,-0.609669,-0.344361,-0.399912,-0.271567,-0.664852,0.171012,-0.344361,-0.664749,-0.344361,-0.275615,-0.356672,-0.344361,0.278185,-0.405674,0.094475,-0.82364,-0.263987,-0.464784,-0.466646,0.001536,-0.814057,0.069076,-0.263987,-0.006921,0.130048,-0.344361,-0.995809,-0.430109,-0.431785,0.671116,-0.422668,-0.207165,0.073198,-0.39907,0.176146,0.208684,-0.399912,-0.021075,0.427902,-0.398914,0.07171,0.194921,-0.464784,-0.092912,0.285964,0.419538,0.410735,0.621894,-0.503675,0.126336,0.684997,-0.370192,-0.147569,0.684997,0.057992,0.051848,0.440993,-0.344361,0.285964,-0.040116,0.188568,-0.152897,0.201976,0.126336,-0.136832,-0.132342,-0.223735,#
16,1.0,-0.111111,-0.331011,-0.218218,0.380139,0.461759,-0.272071,0.461759,-0.218159,0.0,0.623992,-0.650627,0.50115,0.454405,0.566074,0.454405,1.0,-0.407888,0.182609,-0.333053,-0.218161,0.321011,0.266796,0.151125,-0.272166,-0.329105,0.187135,0.201257,-0.218052,-0.111111,-0.665437,0.317639,-0.166667,-0.508658,0.469763,0.0,-0.166623,0.141579,0.471913,-0.214794,-0.401982,-0.111111,-0.19245,0.0715,-0.166667,-0.63586,0.232406,0.156674,0.278827,-0.508401,0.227676,0.148346,-0.272096,-0.402764,0.480185,0.241562,-0.978399,0.392419,0.514504,0.369206,0.118969,-0.110329,-0.924352,-0.494921,0.034565,0.249439,0.0,0.219305,0.320801,0.254824,0.141579,-0.139689,-0.111111,-0.272023,0.180799,0.179715,-0.508338,-0.218103,-0.665619,-0.407661,-0.271774,-0.408008,-0.408008,0.308968,-0.994563,0.117142,-0.408008,0.225473,-0.407661,-0.218218,0.117142,-0.664634,-0.271774,-0.271774,-0.272023,0.28628,0.123069,0.225473,-0.272014,-0.508338,0.344592,-0.508,0.174855,-0.218093,0.123069,-0.166582,0.052338,0.085429,-0.166571,0.300991,0.087507,-0.111111,0.052338,-0.407661,-0.664634,-0.166667,0.231807,-0.52705,-0.271577,0.189847,-0.508338,-0.166667,-0.508338,-0.166667,0.141579,-0.407661,-0.271774,0.222154,0.313852,-0.333153,-0.664634,-0.166582,-0.915797,-0.407871,-0.52705,-0.333153,-0.111111,-0.272023,0.313548,-0.52705,-0.271981,-0.52705,-0.272023,-0.960085,-0.52705,0.222497,-0.508,-0.166524,-0.508,-0.272014,-0.994563,0.045404,-0.333144,-0.333069,-0.50881,-0.272014,0.339624,-0.268705,-0.52705,-0.407433,0.133092,-0.333153,0.244704,-0.333144,-0.407661,0.36564,0.300991,0.221674,-0.408008,-0.333153,0.52253,0.175075,-0.508338,0.169334,0.448681,-0.994563,-0.218107,0.364406,-0.05999,0.275241,0.449648,-0.184193,0.248605,0.321569,-0.126428,-0.664634,0.321569,-0.508338,0.342093,-0.059189,-0.52705,0.364406,-0.184193,-0.248452,-0.364758,-0.270423,0.248605,-0.66523,0.057166,-0.271015,#
17,-0.407888,0.249996,0.402328,0.525437,-0.016881,-0.209074,0.250514,-0.194278,0.066178,0.0,-0.001103,0.074639,-0.211756,-0.184355,-0.386734,-0.566439,-0.407888,1.0,-0.429973,0.400819,0.559978,0.117236,-0.130791,0.502141,0.241722,0.067194,-0.358012,0.193489,0.129796,-0.407888,0.081074,-0.309173,0.414466,0.799691,-0.1305,0.0,0.374896,0.333449,-0.800343,0.06733,0.255987,-0.407888,-0.328173,0.705931,0.414466,0.135864,-0.432477,-0.222108,-0.210537,0.353314,0.326645,0.365896,0.237266,-0.331269,-0.36961,0.335785,0.446892,0.270213,0.128621,-0.020321,0.090461,0.222106,0.552644,0.064944,0.216937,-0.002757,0.0,-0.349829,-0.679652,-0.408384,0.333449,-0.425576,0.276311,-0.173201,-0.105011,-0.367728,0.354605,0.121191,0.11195,0.581191,0.661649,0.6009,0.186227,-0.002376,0.382387,-0.410374,0.6009,-0.228123,0.162809,0.077523,-0.390722,0.082152,0.259359,-0.216763,0.264704,0.018325,-0.447122,0.185965,0.644713,0.801782,0.181974,0.352921,-0.075249,0.525825,0.119505,0.434545,-0.317638,-0.338179,0.395101,0.438972,0.284228,0.276311,0.435395,0.597282,0.590002,0.414466,0.202565,0.024967,-0.163768,0.17697,0.801782,-0.118419,0.31009,-0.098683,0.333449,0.162809,0.661649,-0.101075,-0.15015,0.423876,0.082152,-0.063688,0.234722,0.169978,0.024967,0.829403,-0.407888,0.223621,-0.157089,0.024967,0.246619,0.024967,0.264704,0.502141,0.024967,-0.335496,-0.090235,-0.136577,0.335876,0.219712,0.382387,-0.271138,0.382296,0.404845,0.328837,0.219712,0.026459,-0.228041,0.024967,0.560705,0.166202,0.423876,-0.256935,0.382296,0.162809,-0.02657,0.423026,-0.170896,0.202176,0.829403,-0.324857,-0.237384,0.354605,-0.06517,-0.159397,0.382387,0.103799,-0.228093,-0.44577,-0.021729,-0.183292,0.518034,-0.061461,-0.662796,-0.103552,0.082152,-0.662796,0.354605,0.012793,0.232857,0.024967,-0.228093,0.518034,0.242326,0.187175,0.262156,-0.061461,0.61283,0.112826,-0.18572,#
18,0.182609,0.097674,-0.315273,-0.586607,0.347891,0.319752,0.158527,-0.37685,0.219191,0.0,-0.281564,-0.006995,-0.278389,0.372323,0.277934,0.396987,0.182609,-0.429973,1.0,-0.429545,-0.540632,-0.227548,0.592196,-0.170224,-0.462902,-0.2995,0.965571,-0.205602,0.165014,0.140142,-0.274631,-0.123279,-0.745299,-0.367019,-0.323747,0.0,0.146474,-0.106422,0.301351,-0.262706,-0.26441,0.140142,0.205951,-0.462519,-0.745299,-0.031435,0.590062,0.045338,0.169708,0.423602,0.050873,-0.133647,0.242343,-0.044925,-0.332486,0.472284,-0.226706,0.246641,0.42169,0.376034,-0.041163,0.150963,-0.243858,0.706028,-0.067376,0.167157,0.0,0.921518,0.596882,0.905774,-0.106422,0.219866,-0.029727,0.320494,-0.111222,0.145522,-0.253555,-0.577748,-0.200204,0.248379,0.180862,-0.393793,-0.29084,0.341844,-0.177228,-0.119766,-0.393793,0.327925,0.222411,0.275233,-0.214906,-0.268675,0.076988,0.347364,0.079408,0.363444,0.074319,-0.211813,-0.499498,-0.364578,0.391198,-0.270206,-0.27922,0.163378,-0.16275,-0.757653,0.069012,0.330713,0.048037,0.206164,-0.213096,0.182609,-0.246048,-0.400829,-0.237153,-0.745299,-0.403884,-0.060438,0.256301,-0.217123,-0.364578,0.178362,-0.15886,-0.617898,-0.106422,-0.348892,0.180862,0.362201,0.587781,-0.49334,-0.268675,0.046387,-0.13953,-0.356449,-0.060438,-0.46817,0.225076,-0.396737,-0.294069,-0.060438,0.136623,-0.060438,-0.484131,-0.212695,-0.060438,-0.059527,-0.297712,0.179388,-0.325218,0.186361,-0.177228,-0.188658,0.292857,-0.430042,-0.225124,-0.393981,-0.462519,0.403954,-0.060438,-0.388702,-0.248792,-0.49334,0.434901,-0.402906,0.222411,0.47737,0.154699,-0.030605,-0.368055,-0.46817,0.21802,-0.028439,-0.392333,-0.135912,0.147806,-0.177228,0.216897,0.196976,0.170242,0.452353,0.386348,0.01584,-0.128524,0.602567,-0.551266,0.582406,0.602567,-0.253555,-0.231908,0.197819,-0.060438,0.196976,-0.519196,0.266749,-0.233797,0.248232,-0.128524,-0.312583,-0.174065,0.170318,#
19,-0.333053,0.312399,-0.253203,0.207893,-0.628984,-0.041025,0.410151,-0.010098,0.196727,0.0,0.128329,-0.086457,-0.04605,-0.439153,0.173019,-0.424159,-0.333053,0.400819,-0.429545,1.0,0.235926,0.361109,-0.705458,0.428205,0.401581,-0.146615,-0.388933,0.088853,-0.197602,0.338217,0.481561,-0.058386,0.003873,0.650454,0.034394,0.0,0.468476,0.336653,-0.203343,0.157658,0.069434,-0.333053,-0.205703,0.37942,0.003873,0.016381,-0.043202,-0.28552,-0.393123,-0.24133,0.182924,0.294966,-0.416455,-0.445845,-0.231068,0.071242,0.264287,-0.411001,-0.184641,-0.227282,-0.020951,0.231241,0.419616,-0.202961,-0.225689,-0.635632,0.0,-0.47571,-0.453455,-0.451982,0.336653,-0.333142,-0.333053,-0.410485,-0.238263,-0.393604,0.655014,0.681437,0.016587,0.406018,0.402861,0.429204,0.429204,-0.625342,0.312735,0.499702,0.022367,0.022335,0.406018,0.207893,0.017693,0.482134,0.418648,-0.048477,0.019146,-0.178348,-0.037176,0.022335,0.379896,0.655014,-0.029647,0.218375,0.232779,-0.248316,0.518744,0.526973,-0.38278,-0.420266,-0.030143,-0.181841,-0.189391,-0.333053,0.356025,0.421806,-0.01612,0.003873,0.445023,0.024493,-0.425712,0.029522,0.216287,0.487962,0.172612,0.507325,0.336653,0.816494,0.402861,0.225771,-0.412769,0.617139,0.482134,0.038154,0.139338,0.413179,0.024493,0.219275,-0.333053,-0.021161,0.093594,0.024493,0.007223,0.024493,0.82894,0.428205,0.024493,-0.373964,0.218375,-0.033391,0.636434,0.379896,0.312735,0.333536,-0.238313,0.205225,0.187162,0.796866,0.225742,-0.467236,0.024493,0.389995,-0.319376,0.617139,-0.424556,0.576339,0.406018,-0.246966,0.209265,0.13571,0.038014,0.219275,-0.213491,0.322397,0.655014,-0.191816,-0.401637,0.312735,-0.189046,-0.443936,-0.401104,-0.243032,-0.45148,0.202228,0.184752,-0.450747,-0.025215,-0.01612,-0.450747,0.655014,-0.194122,-0.371491,0.024493,-0.443936,-0.242888,-0.458174,0.378675,-0.43783,0.184752,0.500776,-0.44189,-0.394257,#
20,-0.218161,-0.218161,0.26278,0.03474,-0.197803,-0.533318,-0.073809,-0.118195,-0.428345,0.0,-0.064743,0.257329,0.273043,-0.069487,-0.427484,-0.069487,-0.218161,0.559978,-0.540632,0.235926,1.0,0.059837,-0.502222,0.297905,-0.101099,0.2579,-0.456804,0.396064,0.555417,-0.218161,-0.203894,0.094009,0.20342,0.454548,-0.076353,0.0,-0.327156,0.282157,-0.428068,0.485099,0.59132,-0.218161,0.260422,0.401239,0.20342,0.294698,-0.753186,-0.463213,-0.714199,-0.015416,0.10897,0.236165,-0.078467,0.030679,0.016889,0.100578,0.308738,-0.12803,0.084943,0.22614,0.337425,-0.215455,0.399593,-0.166099,0.249456,-0.318565,0.0,-0.394311,-0.334323,-0.369616,0.282157,-0.355138,-0.218161,-0.08954,-0.045916,-0.530955,0.456091,0.526611,0.335046,0.127465,0.394272,0.547382,0.547382,-0.201433,0.245725,-0.192186,0.547382,-0.327672,-0.323223,0.05404,-0.192186,-0.200547,-0.056415,-0.533614,-0.063389,0.244916,-0.216823,0.54661,-0.09458,0.456091,-0.042502,0.443678,-0.025573,0.063654,0.37095,0.756439,-0.506524,0.017162,-0.327054,0.266277,0.045773,0.518869,0.274613,0.560125,0.346517,0.20342,0.109438,0.349607,-0.533227,0.500622,0.456091,-0.327241,-0.053951,0.20342,0.282157,0.109438,0.394272,-0.494511,-0.026647,0.227773,-0.200547,0.241202,0.004327,0.091988,0.349607,0.664613,-0.218161,-0.107323,0.058876,0.349607,-0.070103,0.349607,0.363391,0.297905,0.349607,0.244014,-0.033697,-0.326961,-0.033697,-0.534086,0.245725,-0.471899,-0.206883,0.217582,-0.045992,-0.09458,0.279113,-0.08199,0.349607,0.100548,0.139327,0.227773,-0.34087,-0.224772,-0.323223,-0.172864,-0.18032,0.377629,0.547382,0.664613,0.092429,0.344913,-0.025615,0.443678,-0.035148,0.245725,0.527168,0.38399,-0.165538,-0.172837,-0.044051,0.097744,0.46035,-0.300242,0.254944,-0.178665,-0.300242,0.456091,0.643018,0.539889,0.349607,0.38399,0.566916,-0.037156,0.574238,-0.014107,0.46035,0.358982,0.362514,-0.090063,#
21,0.321011,0.240084,-0.070398,0.047681,-0.383007,0.276969,0.233345,-0.135187,0.071612,0.0,0.523897,-0.485564,0.253433,-0.143679,0.121575,-0.519684,0.321011,0.117236,-0.227548,0.361109,0.059837,1.0,-0.046456,0.331723,-0.204838,-0.487394,-0.213535,0.070311,-0.358221,-0.407334,0.066176,-0.290097,-0.125437,-0.142665,0.677772,0.0,0.379846,-0.267727,-0.346999,-0.456143,0.091929,-0.407334,-0.210256,0.021264,-0.125437,-0.547361,0.170077,-0.355922,0.194566,-0.099097,-0.324,0.418297,-0.597142,-0.690273,0.559313,-0.014887,-0.349307,-0.105152,0.33865,0.424953,0.589677,0.241609,-0.220584,-0.340015,0.524485,0.075497,0.0,-0.254628,-0.195759,-0.162916,-0.267727,-0.811159,-0.407334,-0.549298,-0.093851,-0.223942,-0.13472,0.074132,-0.389714,-0.272854,0.225308,-0.261876,-0.261876,-0.426008,-0.298535,0.608375,-0.261876,0.210991,-0.272854,-0.358493,0.104753,0.078089,-0.187078,0.242774,-0.159745,0.447453,0.09382,0.602819,0.202358,-0.13472,-0.319493,-0.104833,0.357318,-0.392882,0.072307,0.380742,-0.283042,-0.316444,-0.140071,-0.002308,0.549944,-0.407334,-0.311632,-0.289349,0.078089,-0.125437,0.169612,-2e-06,-0.210481,0.420613,-0.13472,-0.105205,-0.116052,-0.125437,-0.267727,0.123037,0.225308,-0.07267,0.33984,-0.014672,0.078089,-0.090708,-0.410565,0.171958,-2e-06,-0.014672,0.294036,0.247993,-0.086078,-2e-06,0.269787,-2e-06,0.230765,-0.396687,-2e-06,-0.142249,-0.104833,-0.143298,0.331972,-0.199796,-0.298535,0.404237,-0.442344,0.406454,-0.591268,0.202358,0.415094,-0.136997,-2e-06,0.556722,0.415946,-0.014672,-0.687173,-0.049492,-0.272854,0.425494,0.406336,0.312915,-0.670606,-0.014672,0.550787,0.236966,-0.13472,0.381305,-0.099076,-0.298535,0.117594,0.109955,-0.396515,0.00891,-0.132889,0.110679,0.37453,-0.200031,0.402352,-0.40246,-0.200031,-0.13472,0.424667,-0.371862,-2e-06,0.109955,-0.354396,-0.596067,0.166222,-0.601901,0.37453,-0.459104,0.114732,-0.168377,#
