0,1.0,0.536774,-0.332675,-0.271664,0.433884,0.353401,-0.333053,-0.111111,-0.271904,0.177191,-0.508488,0.254091,0.420712,0.157899,0.682238,0.254274,0.0,-0.329555,-0.404061,-0.166667,0.250887,0.466821,0.241658,-0.33303,-0.16663,-0.333201,0.129261,-0.33303,0.297968,0.650171,-0.654966,0.197203,0.0,0.264644,-0.040706,0.440897,-0.407858,-0.407976,-0.111111,0.43415,0.245238,-0.33303,0.36761,0.224585,-0.111111,0.082469,0.364035,0.150646,0.279934,0.202438,0.441416,-0.654592,1.0,-0.502324,0.249401,-0.328958,0.124805,0.153093,0.133584,-0.8872,0.067821,-0.174634,-0.137729,0.029518,0.112393,0.198169,-0.166627,0.347677,0.320051,-0.498741,0.042209,-0.648749,-0.111111,-0.333075,0.032045,0.086355,-0.218107,0.131991,-0.333069,-0.66531,-0.272166,-0.508492,-0.333069,-0.407832,0.225473,-0.111111,-0.508492,-0.218107,-0.218107,-0.407832,-0.333153,-0.333069,0.293711,-0.272023,-0.271981,-0.333075,-0.333075,-0.508597,-0.218107,-0.389665,0.153093,-0.271981,0.105892,-0.333069,-0.407871,-0.218107,-0.407871,-0.407871,-0.166667,-0.407832,-0.272031,0.0,-0.218107,-0.508597,-0.508503,-0.218103,-0.166582,0.203258,0.326789,-0.394371,-0.166582,-0.333075,0.032045,0.231807,-0.163345,-0.272031,0.465621,-0.043816,0.181305,-0.218103,0.105892,-0.508503,-0.407832,0.183101,-0.911507,-0.333069,-0.166627,-0.407871,0.236979,-0.508492,-0.333069,-0.482445,-0.218107,-0.947258,-0.66531,0.181305,0.279104,-0.27197,-0.407832,-0.272031,-0.407832,-0.508492,0.0,-0.333069,-0.995968,-0.111111,0.256617,0.131537,-0.66531,0.377572,-0.379451,-0.111111,-0.111111,-0.407832,0.158136,0.250785,0.317999,0.025833,-0.272023,-0.218107,0.264069,-0.020757,-0.166582,0.105892,0.3862,0.100318,0.0,-0.385376,0.256917,-0.08737,-0.315205,0.183273,0.271015,0.316075,0.256917,-0.482445,0.3862,-0.66531,0.239153,0.308079,-0.66531,0.492669,0.210352,0.204408,0.101258,0.0,0.146921,-0.407885,-0.064631,0.373735,#
1,0.536774,1.0,-0.221595,-0.071772,0.356975,0.64496,0.191507,-0.218064,-0.114427,0.236836,-0.068045,0.444687,-0.063127,0.228283,0.249658,0.000711,-2.5e-05,-0.20606,-0.33243,0.197097,-0.173706,0.86397,-0.051299,-0.214352,0.2283,-0.210889,-0.213031,-0.214352,0.534804,0.76222,-0.742795,-0.055998,0.0,-0.338186,-0.308632,0.81481,-0.352773,-0.35586,-0.218064,0.390755,0.289009,-0.653598,0.400813,0.462328,-0.218064,-0.052035,0.225936,0.092487,-0.054024,0.335855,0.098949,-0.183733,0.536774,-0.013557,0.523516,-0.264428,0.24494,0.219137,0.262169,-0.547175,0.187497,-0.321576,0.156727,0.247738,0.074132,-0.215853,0.207325,0.016966,0.577124,0.01428,-0.120464,-0.700272,-0.218064,-0.225133,-0.540223,0.224884,-0.428052,-0.086991,-0.22791,-0.239144,-0.089024,-0.534425,-0.22791,-0.360621,0.070268,-0.218064,-0.534425,-0.428052,0.037897,-0.36844,-0.223015,0.205562,0.20791,-0.533866,-0.533783,-0.225133,-0.653687,-0.530703,-0.428052,-0.313334,0.219137,-0.101673,0.299863,-0.220204,-0.364321,-0.428052,-0.356427,-0.364321,0.197097,0.071342,-0.100067,0.0,-0.428052,-0.530703,-0.07011,0.038414,-0.32693,0.000653,0.325488,0.148016,-0.32693,-0.225133,-0.540223,0.07884,0.103749,-0.100067,0.036759,0.237962,0.355824,0.038414,-0.235433,-0.529883,0.071342,0.042738,-0.415902,-0.220204,-0.327018,-0.80048,0.465089,-0.534425,-0.220204,-0.476187,0.037897,-0.390574,-0.239144,0.355824,0.195671,-0.098819,0.071342,-0.100067,-0.360621,-0.062503,0.0,-0.22791,-0.530885,-0.218064,0.069466,0.258152,-0.239144,-0.09255,-0.26516,-0.218064,-0.218064,-0.360621,-0.072877,0.545821,0.312938,-0.583038,0.350951,-0.428052,0.138115,-0.426346,-0.32693,0.299863,0.368189,0.288231,0.0,0.122823,0.559168,-0.559848,-0.189914,-0.135358,0.141747,0.673689,0.559168,0.002982,0.368189,-0.239144,-0.000752,0.657341,-0.239144,0.562578,0.472816,0.459457,0.291539,0.0,0.353355,0.063127,0.120338,0.328155,#
2,-0.332675,-0.221595,1.0,-0.034269,-0.022342,-0.197048,0.62909,0.352991,0.437331,-0.36537,0.656467,-0.2794,-0.386735,0.29622,0.005533,-0.262166,-4.6e-05,0.278927,0.498382,0.529486,0.053189,-0.034255,0.227722,0.153828,-0.050515,-0.223078,-0.396619,0.201707,0.425579,0.025314,0.565558,0.308419,0.0,-0.381916,-0.419594,-0.014663,0.013826,-0.024244,-0.332675,-0.814382,-0.802565,0.214598,0.075616,-0.364984,-0.332675,-0.677391,0.198918,-0.050269,-0.17433,0.032535,-0.338434,0.062023,-0.332675,0.172598,-0.404228,0.168573,0.326134,-0.349319,-0.343287,0.196644,0.378414,0.45797,-0.189989,0.054647,-0.398347,0.461108,0.529359,-0.370108,-0.056691,0.207409,0.277282,-0.024465,0.276806,0.196544,-0.344967,0.385855,-0.195918,-0.673315,-0.640236,-0.013034,0.38256,-0.249775,-0.595611,0.396374,-0.411631,0.276806,-0.23358,-0.237302,0.187829,-0.035066,-0.229849,-0.214987,-0.220632,0.389342,-0.059498,0.196544,-0.22388,-0.265244,-0.269281,0.072732,-0.349319,-0.81433,-0.500324,0.171762,-0.023664,-0.195918,0.387764,-0.023664,0.015237,0.003995,0.423747,0.0,-0.195918,0.201647,0.199088,-0.261896,-0.498758,0.354545,0.476555,0.089572,-0.498758,0.578905,-0.344967,-0.428596,-0.268093,0.423747,-0.253944,-0.406196,0.252772,-0.653016,0.520565,0.199088,-0.427445,-0.354646,0.460143,0.186637,0.025314,0.387764,-0.370769,-0.249775,0.597011,-0.337953,0.187829,0.285641,0.005431,0.252772,-0.146544,0.422584,0.003995,0.036691,0.411465,0.650443,0.0,0.186637,0.325211,-0.332675,0.012944,0.379739,-0.013034,0.02162,-0.221545,-0.332675,0.276806,0.396374,-0.175197,0.012419,-0.374977,0.309086,-0.00892,0.219808,-0.045414,0.495284,-0.498758,0.034323,0.013677,0.056884,0.0,0.394402,-0.001957,0.354117,0.596389,-0.085748,-0.06184,0.211589,-0.001957,0.317835,0.013677,0.485506,-0.263277,-0.183543,-0.013034,-0.219206,0.172543,0.214386,-0.404342,0.0,-0.00359,-0.366389,-0.261459,0.064506,#
3,-0.271664,-0.071772,-0.034269,1.0,-0.664618,0.024865,0.037875,0.433617,-0.257446,-0.51471,0.529191,0.053098,-0.272838,0.231555,0.11146,0.519406,4.7e-05,-0.488527,-0.208855,-0.407495,-0.655717,0.153645,-0.784401,-0.024372,0.592629,0.37944,-0.07825,-0.056573,-0.134202,-0.407398,-0.214818,-0.326514,0.0,-0.26797,-0.018183,-0.229152,0.273111,0.234027,-0.271664,0.166257,-0.202861,0.005935,0.299599,-0.047658,0.407495,0.581934,-0.388216,-0.957647,0.41644,-0.074636,-0.373586,0.32317,-0.271664,0.015438,-0.153068,0.456146,0.256244,0.220346,-0.488932,0.110594,-0.353365,0.067969,0.37142,0.434572,0.541856,-0.647126,-0.407398,0.468624,-0.53798,0.042723,-0.373103,0.38663,0.355252,-0.058016,0.23505,0.342079,-0.105647,0.530919,0.363792,-0.164231,0.582258,0.039391,0.409693,-0.220978,0.221142,0.355252,0.489148,-0.533266,-0.138541,-0.205454,0.795608,0.363792,0.406933,0.122711,-0.292301,-0.058016,-0.058016,0.503568,-0.138541,0.097906,0.220346,0.158025,0.376585,-0.049322,0.209663,-0.105647,0.209663,0.209663,-0.407495,0.198149,-0.665108,0.0,-0.105647,0.503568,-0.400624,0.321649,0.087276,0.136033,-0.662578,0.743258,0.087276,-0.451315,0.23505,0.66448,0.304304,-0.665108,-0.122921,-0.561156,-0.45956,0.355175,-0.142804,-0.417147,0.198149,-0.155881,0.314099,0.363792,0.631067,0.209663,-0.3677,0.039391,-0.049322,-0.068251,-0.138541,0.119249,0.348571,-0.45956,-0.415985,-0.66496,0.198149,-0.26698,0.198149,0.056048,0.0,0.379092,0.201634,-0.271664,-0.149574,-0.403165,-0.164231,0.194901,0.204567,-0.271664,0.355252,-0.220978,-0.808887,-0.146412,-0.662315,-0.194947,0.548123,-0.533266,0.225323,-0.555811,0.087276,0.376585,-0.258012,-0.592521,0.0,-0.149992,-0.55769,-0.504605,-0.415175,-0.189326,0.23125,0.017013,-0.149992,-0.084169,-0.662092,-0.145238,0.526156,-0.384348,-0.164231,0.36782,0.060442,-0.325706,0.208465,0.0,-0.561455,-0.182193,0.158021,0.156335,#
4,0.433884,0.356975,-0.022342,-0.664618,1.0,0.430978,-0.055632,-0.271831,0.118644,0.331829,-0.408698,0.555215,0.21459,0.285908,0.131497,-0.344268,4.7e-05,0.447563,-0.159226,0.082333,0.556806,0.208326,0.52587,0.007834,-0.407655,-0.815169,-0.122389,-0.40409,0.219257,0.610703,-0.058623,0.481126,0.0,-0.104638,-0.166617,0.563792,-0.159434,-0.548957,-0.271831,-0.216931,0.141138,0.007834,-0.155655,-0.261791,-0.271831,-0.308605,0.387118,0.645675,0.209638,-0.131374,0.135934,-0.551954,0.433884,-0.354233,0.218821,-0.448417,-0.432555,-0.35073,0.30226,-0.413523,0.213785,0.06725,0.254594,-0.69315,-0.327467,0.409627,0.091921,-0.29939,0.610462,0.164792,0.006809,-0.5349,-0.271831,-0.414197,-0.40556,0.209233,-0.533593,-0.347152,-0.377164,-0.106201,-0.265698,-0.35081,-0.377164,0.245783,-0.59479,-0.271831,-0.767508,0.348307,-0.097967,-0.165378,-0.815051,-0.409584,-0.416395,-0.271355,0.167262,-0.414197,-0.382144,-0.343499,-0.063117,-0.547501,-0.35073,-0.221189,-0.076088,-0.026837,-0.15739,-0.533593,0.257765,-0.605757,0.082333,-0.58659,0.561146,0.0,-0.533593,-0.824041,0.079552,-0.054069,-0.407538,-0.298278,0.536988,-0.529955,0.136592,-0.035793,-0.40556,-0.591179,0.188178,0.561146,-0.09888,0.341563,0.346627,-0.533583,-0.145156,0.079552,-0.142536,-0.1294,-0.271408,0.028098,-0.407648,-0.15739,0.238189,-0.35081,-0.026837,-0.27337,-0.097967,-0.283211,-0.581309,0.346627,0.4166,0.559968,-0.58659,-0.259934,-0.58659,0.090399,0.0,-0.814846,-0.405605,-0.271831,0.237509,0.466845,-0.106201,0.152998,-0.00426,0.433884,-0.271831,0.245783,0.513158,0.271373,0.575726,0.025219,-0.24817,0.348307,-0.115684,0.267415,-0.407538,-0.626367,0.166124,0.390388,0.0,0.247791,0.655739,0.228137,0.413226,0.007101,-0.178299,0.010175,0.655739,-0.309209,0.166124,-0.106201,-0.358409,0.417438,-0.106201,-0.072786,0.54431,0.528931,0.293663,0.0,0.391616,-0.150624,-0.374008,-0.252836,#
5,0.353401,0.64496,-0.197048,0.024865,0.430978,1.0,0.169611,0.327977,-0.433814,-0.263938,-0.23914,0.259052,0.040738,0.373708,0.51128,-0.179075,-4.6e-05,-0.154203,-0.372871,-0.022882,-0.019994,0.799015,0.229894,-0.167404,0.005539,-0.595877,-0.018486,-0.598818,0.39617,0.491099,-0.442665,0.204348,0.0,-0.351165,-0.021113,0.411218,0.03138,0.023027,-0.333062,0.025494,0.395811,-0.167404,0.204684,-0.059774,-0.333062,0.341557,0.200922,0.093072,0.273191,-0.004191,0.386574,0.060641,0.353401,-0.621523,0.383328,-0.193067,-0.31985,0.359651,-0.270134,-0.194984,0.277012,-0.504235,0.380115,-0.066869,0.352518,0.025013,-0.013532,-0.081244,0.484568,-0.113729,-0.7165,-0.380768,-0.333062,-0.608678,-0.335102,0.33394,-0.653788,0.21054,-0.185452,-0.495858,-0.006228,-0.639182,0.201746,-0.390614,-0.430212,-0.333062,-0.217639,-0.196146,-0.230045,-0.397724,-0.215047,-0.216989,0.18146,-0.815403,-0.383189,-0.608678,-0.577499,-0.206883,-0.196146,-0.757518,0.359651,0.00978,0.489231,-0.604187,-0.38983,-0.653788,0.013999,-0.825966,-0.022882,-0.429719,0.005173,0.0,-0.653788,-0.674317,-0.220699,0.236864,-0.499338,-0.154669,-0.032646,0.071816,0.029949,-0.608678,-0.335102,-0.018473,0.298306,0.005173,-0.23078,-0.03108,0.445413,-0.22957,-0.532845,-0.638824,0.002222,-0.447768,-0.184635,0.208754,0.005906,-0.38983,-0.14148,-0.639182,-0.604187,-0.547513,-0.230045,-0.112572,-0.015224,0.445413,0.199731,0.007489,-0.429719,-0.420908,-0.429719,0.211535,0.0,-0.223997,-0.34359,-0.333062,0.374387,0.394289,-0.495858,-0.003437,-0.221802,0.353401,-0.333062,-0.390614,-0.219204,0.826342,0.392661,-0.306786,-0.010735,-0.196146,0.4726,-0.097842,-0.499338,-0.046038,0.409904,0.47123,0.0,0.449729,0.464426,-0.348531,0.246201,0.132471,0.04585,0.610571,0.846549,-0.582374,0.031173,-0.015224,-0.172378,0.630225,-0.495858,0.682404,0.713971,0.693798,0.432616,0.0,0.530825,-0.009333,0.267677,0.353574,#
6,-0.333053,0.191507,0.62909,0.037875,-0.055632,0.169611,1.0,0.338217,0.410797,-0.326467,0.674532,-0.259782,-0.38054,0.322574,-0.005625,-0.226488,4.7e-05,0.250651,0.459299,0.507325,0.050457,0.361509,0.18995,0.20307,0.013369,-0.16473,0.093861,-0.171368,0.800838,-0.005997,0.063474,0.269044,0.0,-0.757115,0.077403,0.366421,0.415275,0.02528,-0.333053,-0.404494,-0.372783,0.20307,-0.082571,0.068939,-0.333053,-0.506041,0.157118,-0.081211,-0.241208,0.493314,-0.094174,0.092,-0.333053,0.291412,-0.40714,-0.180768,0.349934,-0.308893,-0.304773,0.322653,0.353988,0.004809,-0.177462,0.086194,-0.338387,-0.020944,0.506444,-0.287162,0.337754,0.23271,-0.151599,0.133409,-0.333053,-0.175193,-0.304547,0.362184,-0.189046,-0.644166,-0.605177,-0.003313,0.401581,-0.21384,-0.211985,0.005866,-0.368303,-0.333053,-0.197376,-0.247375,-0.22347,-0.001354,-0.202892,-0.204869,-0.193368,0.019146,-0.431553,-0.175193,-0.570959,-0.246027,-0.653771,0.108086,-0.308893,-0.416205,-0.49904,-0.219991,0.010389,-0.189046,-0.022418,0.010389,-0.015491,0.021209,0.396263,0.0,-0.189046,0.228642,0.207784,-0.222987,-0.499325,-0.080089,0.448008,0.091255,-0.499325,0.198587,-0.304547,-0.401003,-0.255736,0.396263,-0.653028,0.066804,0.348135,-0.222987,0.0255,-0.216814,-0.417417,0.039197,0.458995,-0.204869,0.013741,0.010389,-0.329889,-0.21384,0.212341,-0.115642,-0.22347,0.366373,0.015459,0.348135,-0.165509,0.395134,0.021209,0.017895,0.021209,0.650044,0.0,0.220348,0.323848,-0.333053,-0.433641,0.71807,-0.003313,0.002547,0.001803,-0.333053,-0.333053,0.005866,-0.205771,0.412768,-0.401476,-0.350251,0.001741,0.21735,0.038124,0.000482,-0.499325,0.044513,0.003846,0.501612,0.0,0.795974,0.407937,-0.265275,0.584351,-0.476461,0.008156,0.610165,0.393012,0.326866,0.018638,0.48476,-0.215103,0.218099,-0.003313,0.242116,0.218864,0.640152,-0.333434,0.0,0.470999,0.009478,-0.250796,0.452477,#
7,-0.111111,-0.218064,0.352991,0.433617,-0.271831,0.327977,0.338217,1.0,-0.271904,-0.989674,0.230098,-0.508183,-0.271924,0.115224,0.650799,0.226021,1.9e-05,-0.329555,0.301012,-0.166667,-0.26819,0.303024,0.213882,-0.33303,-0.16663,-0.333201,0.193892,-0.33303,0.271831,-0.166627,0.175723,0.253546,0.0,-0.40365,0.196747,-0.271931,0.276468,0.271984,-0.111111,-0.271998,-0.268051,0.338402,0.367611,-0.395979,-0.111111,0.3045,0.338217,-0.39168,0.251075,0.170305,0.04013,0.171592,-0.111111,-0.502324,-0.387367,0.421297,0.124805,0.110567,-0.993531,0.144428,0.152597,-0.174634,0.173272,0.193509,0.112393,0.166206,-0.166627,0.24232,-0.400064,-0.498741,-0.500472,0.194625,-0.111111,-0.333075,0.096136,0.172709,-0.218107,0.217147,-0.333069,-0.66531,0.408248,-0.508492,0.317756,-0.407832,-0.407433,-0.111111,0.200063,-0.218107,-0.218107,-0.407832,0.325405,-0.333069,0.332873,-0.272023,-0.271981,-0.333075,-0.333075,0.205961,-0.218107,-0.389665,0.110567,-0.271981,0.154024,-0.333069,-0.407871,-0.218107,0.258841,-0.407871,-0.166667,-0.407832,-0.272031,0.0,-0.218107,0.205961,-0.508503,-0.218103,-0.166582,0.246504,-0.270996,0.303994,-0.166582,-0.333075,0.096136,0.271774,0.145686,-0.272031,-0.217859,-0.650495,0.016482,-0.218103,0.154024,-0.508503,-0.407832,-0.401265,0.128467,0.317756,0.682842,0.258841,-0.926371,-0.508492,-0.333069,-0.482445,-0.218107,0.122227,0.142567,0.016482,-0.332631,-0.27197,-0.407832,-0.272031,0.252468,0.200063,0.0,0.317756,0.082469,-0.111111,0.256617,0.131537,-0.66531,0.418171,-0.379451,-0.111111,-0.111111,-0.407832,-0.507699,0.250785,-0.270888,0.348743,-0.272023,-0.218107,0.264069,0.221407,-0.166582,0.154024,0.3862,0.148088,0.0,0.256918,-0.385376,0.058247,0.323724,0.183273,0.271015,0.316075,0.256918,-0.482445,-0.250394,0.142567,0.239153,-0.308079,-0.66531,0.492669,0.210352,0.204408,0.101258,0.0,0.146921,-0.407885,0.064631,0.373735,#
8,-0.271904,-0.114427,0.437331,-0.257446,0.118644,-0.433814,0.410797,-0.271904,1.0,0.252162,0.530368,0.026416,0.167897,0.232824,-0.407766,-0.397205,-2.4e-05,0.783555,0.621461,0.631778,0.225823,-0.252027,0.074904,0.006572,-0.407766,0.013258,-0.047293,0.425398,0.243182,0.101744,0.354898,0.554226,0.0,-0.199584,-0.067874,0.1263,0.233267,-0.557915,-0.271904,-0.27345,-0.655958,0.393181,-0.164631,0.30996,0.394528,-0.73876,-0.040758,0.169869,-0.425535,0.379757,-0.363918,-0.150338,-0.271904,0.591265,-0.599115,0.008446,0.255511,-0.416063,0.226746,0.115832,-0.393359,0.097916,-0.322119,-0.056026,-0.499233,-0.109351,0.630842,-0.516656,0.175326,0.424434,0.601658,-0.00856,-0.271904,0.420798,-0.376721,0.237219,0.365698,-0.805766,-0.424709,0.408167,-0.257922,0.091596,-0.424709,0.66628,-0.132484,-0.271904,-0.333387,-0.114133,-0.08945,-0.149098,-0.420276,-0.011389,-0.814586,0.597956,-0.269399,0.420798,0.012168,-0.387439,-0.533738,0.152695,-0.416063,-0.269399,-0.615033,0.378969,0.258939,0.365698,0.225066,0.258939,0.091968,0.27024,0.585357,0.0,0.365698,0.102658,0.105533,-0.533727,0.077647,0.216225,0.638114,-0.102698,0.077647,0.420798,-0.376721,-0.590085,-0.384899,0.585357,-0.533132,0.449917,-0.347192,-0.106061,0.436967,0.52707,-0.182645,0.284509,0.390697,-0.011389,0.082147,0.258939,0.050652,0.091596,0.825354,0.175853,-0.08945,0.207468,-0.076389,-0.347192,0.434424,0.584152,0.27024,0.585357,0.27024,0.116595,0.0,-0.368681,0.280954,-0.271904,-0.598043,0.286387,0.408167,0.162274,0.230074,-0.271904,-0.271904,0.66628,0.540734,-0.163454,-0.239051,0.101952,0.161927,0.365698,-0.574135,-0.122174,0.077647,-0.053813,-0.256381,-0.065098,0.0,0.217789,0.217789,0.324205,0.383427,-0.138635,-0.621214,0.0002,-0.19827,0.429682,0.155987,-0.076389,-0.406894,-0.009855,0.408167,-0.539739,-0.388032,0.064298,-0.498361,0.0,-0.126652,0.258308,-0.300814,-0.161397,#
9,0.177191,0.236836,-0.36537,-0.51471,0.331829,-0.263938,-0.326467,-0.989674,0.252162,1.0,-0.298436,0.478776,0.358806,-0.080836,-0.592718,-0.294505,-7.8e-05,0.358001,-0.323921,0.20096,0.373847,-0.279366,-0.112036,0.353502,0.10431,0.274268,-0.131977,0.27411,-0.217966,0.199641,-0.195724,-0.184087,0.0,0.446155,-0.142233,0.277566,-0.249243,-0.245432,0.090756,0.25167,0.316551,-0.29939,-0.41465,0.405044,0.047539,-0.314104,-0.326467,0.465241,-0.252224,-0.165353,0.09209,-0.192068,0.177191,0.419033,0.385546,-0.512473,-0.186083,-0.077079,0.993376,-0.150066,-0.103209,0.112453,-0.245214,-0.23205,-0.088681,-0.094732,0.199641,-0.288082,0.49483,0.463118,0.453349,-0.21196,0.047539,0.275002,-0.073539,-0.161223,0.208563,-0.236986,0.275031,0.613668,-0.465784,0.476943,-0.332509,0.390528,0.385105,0.047539,-0.212046,0.235774,0.15094,0.416211,-0.419483,0.221425,-0.352622,0.225256,0.250869,0.275002,0.328,-0.276132,0.208563,0.334068,-0.077079,0.250869,-0.189461,0.221425,0.391118,0.208563,-0.3121,0.336202,0.136134,0.336141,0.329494,0.0,0.208563,-0.276132,0.503789,0.209144,0.104594,-0.258537,0.323656,-0.411284,0.171238,0.300029,-0.073539,-0.330803,-0.222025,0.329494,0.202871,0.680777,0.063467,0.150414,-0.189461,0.476452,0.336141,0.392912,-0.176315,-0.357823,-0.721681,-0.257185,0.910848,0.476943,0.275031,0.469782,0.15094,-0.159261,-0.171901,0.063467,0.401073,0.329724,0.336141,0.250511,-0.305926,-0.184487,0.0,-0.332509,-0.141384,0.090756,-0.238861,-0.037093,0.613668,-0.425257,0.360252,0.177191,0.047539,0.390528,0.555512,-0.149567,0.322045,-0.345142,0.170054,0.293397,-0.183701,-0.162008,0.104594,-0.189461,-0.36167,-0.054069,0.0,-0.20319,0.471333,-0.036249,-0.257792,-0.145505,-0.295673,-0.254936,-0.20319,0.410524,0.306867,-0.140478,-0.307739,0.401826,0.613668,-0.45256,-0.191816,-0.106891,-0.155852,0.0,-0.053008,0.415481,-0.042735,-0.295243,#
10,-0.508488,-0.068045,0.656467,0.529191,-0.408698,-0.23914,0.674532,0.230098,0.530368,-0.298436,1.0,-0.033203,-0.356394,0.447662,-0.219195,0.003612,5.1e-05,0.186224,0.335496,0.345147,-0.287316,0.052277,-0.440792,0.209701,0.324171,0.223912,-0.247856,0.209701,0.359916,-0.219601,0.171944,0.097954,0.0,-0.563083,-0.227049,0.055551,0.355444,-0.07649,-0.508488,-0.374848,-0.752821,0.209701,0.065788,0.041855,0.201691,-0.349999,-0.252875,-0.590047,-0.055115,0.205957,-0.565294,0.198715,-0.508488,0.503589,-0.519193,0.228996,0.491387,-0.25289,-0.2713,0.275884,-0.146951,0.319479,-0.030555,0.300278,-0.07471,-0.362171,0.344229,-0.140875,-0.139786,0.461236,0.118395,0.271184,0.201691,0.203986,-0.212195,0.564088,-0.039665,-0.43118,-0.259671,0.178601,0.528831,0.02046,-0.243031,0.32919,-0.066444,0.201691,0.038575,-0.550993,-0.077541,-0.100793,0.192734,0.180781,-0.212759,0.530065,-0.400327,0.203986,-0.231468,-0.007415,-0.550993,0.295342,-0.25289,-0.38344,-0.352192,0.164142,0.342313,-0.039665,0.306217,0.342313,-0.230098,0.346071,0.088258,0.0,-0.039665,0.514854,0.027798,-0.068414,-0.245191,0.226991,0.146515,0.489009,-0.245191,0.203986,-0.212195,-0.093802,-0.151583,0.088258,-0.532852,-0.241018,-0.227972,-0.068414,0.22495,0.00983,-0.136542,-0.046514,0.669247,0.180781,0.324181,0.342313,-0.280352,0.02046,0.639829,-0.040682,-0.077541,0.364051,0.199255,-0.227972,-0.191882,0.087093,0.346071,0.088258,0.346071,0.518095,0.0,0.232656,0.461746,-0.508488,-0.516718,0.170038,0.178601,0.09622,0.233491,-0.508488,0.201691,0.32919,-0.423235,-0.080146,-0.788018,-0.187238,0.510915,-0.039665,-0.090866,-0.291343,-0.245191,0.24587,-0.370103,-0.296902,0.0,0.328423,-0.098527,-0.217419,0.185567,-0.427772,-0.127332,0.224777,-0.114948,0.446202,-0.353828,0.199255,0.00535,-0.206364,0.178601,-0.045557,0.001793,0.036582,-0.329888,0.0,-0.33016,-0.09287,-0.193328,0.151893,#
11,0.254091,0.444687,-0.2794,0.053098,0.555215,0.259052,-0.259782,-0.508183,0.026416,0.478776,-0.033203,1.0,0.114069,0.477113,-0.179742,0.028715,0.0,0.176705,-0.607742,-0.232917,0.083532,0.172027,-0.41359,0.218374,0.317943,-0.250549,-0.374423,-0.260684,-0.101612,0.337877,-0.39454,-0.012169,0.0,-0.111394,-0.360285,0.537333,-0.090418,-0.516934,-0.508183,0.104998,0.105787,-0.225199,-0.093406,-0.090103,0.197627,0.073341,-0.225013,-0.058948,0.505969,-0.364148,-0.285496,-0.364949,0.254091,-0.032087,0.347864,-0.276418,-0.279065,-0.21935,0.478378,-0.429889,-0.22941,0.290889,0.553158,-0.416687,0.14891,-0.333792,-0.222484,0.010708,0.344942,0.563712,-0.039835,-0.304133,0.197627,-0.273129,-0.252416,0.476141,-0.553145,0.044357,0.206225,0.160597,0.069155,0.007413,-0.207198,0.316802,-0.130663,0.197627,-0.442681,-0.044963,-0.082606,-0.110535,-0.251986,0.171206,-0.229859,0.033057,0.075031,-0.273129,-0.238507,0.0267,-0.044963,-0.217617,-0.21935,0.091815,0.215249,0.154669,0.329843,-0.553145,0.337815,-0.154458,-0.232917,-0.146064,0.080803,0.0,-0.553145,-0.492356,0.014706,0.44441,-0.247915,-0.331853,0.056706,0.014613,0.339825,-0.273129,-0.252416,-0.113738,0.428506,0.080803,-0.06621,0.18327,-0.113076,-0.073535,-0.399924,-0.003151,0.333579,-0.056423,-0.045077,0.214007,-0.243238,-0.110612,0.495946,0.007413,0.154669,-0.05269,-0.082606,-0.263983,-0.352589,-0.113076,0.220526,0.079647,-0.146064,-0.392333,-0.582283,0.03389,0.0,-0.679959,-0.278857,-0.508183,-0.051714,-0.025067,0.160597,0.078401,0.459068,0.254091,0.197627,0.316802,0.023263,-0.044606,0.098757,-0.398756,0.50086,-0.044963,-0.053898,-0.426327,-0.247915,-0.379132,-0.358013,-0.324086,0.0,-0.078337,0.362307,-0.314502,-0.216462,-0.309541,-0.119663,-0.196553,0.362307,-0.091401,-0.358013,-0.352589,0.011394,0.237972,0.160597,-0.032758,0.520232,0.072714,0.468631,0.0,-0.289639,-0.102662,-0.279175,-0.370028,#
12,0.420712,-0.063127,-0.386735,-0.272838,0.21459,0.040738,-0.38054,-0.271924,0.167897,0.358806,-0.356394,0.114069,1.0,0.337164,0.121366,-0.36137,-4.6e-05,0.366536,-0.253195,0.111591,0.584038,-0.201944,0.158531,0.038817,-0.407795,-0.018013,0.356631,-0.024431,-0.118037,0.101381,-0.158594,0.51774,0.0,0.637175,0.335046,-0.221142,0.251277,-0.133754,-0.271924,0.151924,0.126145,0.410863,-0.311202,0.34154,0.369406,0.113949,-0.38054,0.205903,0.082754,-0.082498,0.61704,-0.165511,0.420712,-0.335876,-0.202515,-0.372019,-0.418775,0.325575,0.254637,-0.151484,-0.472101,-0.407224,-0.460157,-0.158717,0.421487,-0.013136,0.101381,-0.255896,0.367617,-0.03203,0.000974,-0.008987,-0.271924,-0.01905,0.275227,0.184421,0.331781,0.053674,-0.0099,-0.095455,-0.666074,0.099886,-0.0099,0.25468,0.229415,-0.271924,0.099886,-0.072019,-0.533776,-0.126443,-0.435212,-0.439471,-0.424049,0.163473,-0.229648,-0.01905,0.405647,-0.360618,-0.072019,-0.287327,0.325575,0.151604,-0.133131,-0.439471,0.266751,0.331781,-0.173307,-0.173307,-0.407885,-0.181145,0.194079,0.0,0.331781,-0.360618,-0.316701,-0.063138,0.059338,0.144977,0.156602,-0.562055,0.593385,-0.390442,0.275227,-0.20688,-0.522067,0.194079,-0.107107,0.32465,-0.222236,-0.122208,-0.133131,0.088959,-0.181145,0.128801,-0.257621,-0.0099,0.063665,0.266751,0.083562,0.099886,-0.0099,0.184276,-0.533776,-0.360506,-0.095455,-0.222236,0.800458,0.196465,-0.181145,0.140119,-0.181145,-0.309089,0.0,-0.385554,-0.391351,-0.271924,-0.168753,0.145392,-0.095455,0.137602,0.247092,0.420712,-0.271924,0.25468,0.514793,0.253799,0.144663,0.137774,-0.278887,0.389738,0.273456,-0.086741,0.059338,-0.133131,-0.240453,-0.076542,0.0,-0.140383,0.260005,0.233322,0.027143,0.383811,-0.577914,0.000576,-0.140383,-0.485995,0.156382,-0.561759,-0.375233,0.400218,-0.095455,-0.08058,-0.32485,0.109069,-0.425152,0.0,-0.076731,0.242893,0.238749,0.221372,#
13,0.157899,0.228283,0.29622,0.231555,0.285908,0.373708,0.322574,0.115224,0.232824,-0.080836,0.447662,0.477113,0.337164,1.0,0.2054,-0.258259,0.000154,0.322816,-0.334026,0.172836,0.327958,0.282366,-0.160987,0.348452,0.141401,-0.35469,-0.137769,-0.375684,0.426854,0.171539,-0.205542,0.526944,0.0,-0.241585,-0.144098,0.258674,0.426109,-0.22773,-0.994338,-0.394972,-0.385744,0.348452,-0.155307,-0.11486,0.072548,-0.091612,-0.34776,-0.324016,0.497793,-0.170438,0.066277,-0.1694,0.157899,-0.285302,-0.290222,-0.338252,-0.167772,-0.062393,-0.130511,-0.141844,-0.124056,0.117751,0.037029,-0.201932,0.370625,-0.133074,0.171539,-0.255335,0.453798,0.461056,-0.297364,-0.0299,0.072548,-0.384363,-0.119387,0.981744,-0.511947,-0.241537,-0.366277,-0.224502,0.229973,-0.245887,-0.34128,0.373698,-0.288513,0.072548,-0.218673,-0.511947,-0.568848,-0.272255,-0.401429,-0.419212,-0.360235,0.232123,-0.440233,-0.384363,-0.332029,-0.281388,-0.511947,-0.36449,-0.062393,-0.414863,-0.209639,-0.444208,0.400374,-0.511947,0.346147,-0.331686,-0.691342,-0.32596,0.283571,0.0,-0.511947,-0.281388,-0.241195,0.227787,-0.71384,0.045013,0.277965,-0.083308,0.174576,-0.384363,-0.119387,-0.323279,-0.200251,0.283571,-0.54356,-0.173335,0.033554,-0.555128,-0.241067,-0.268188,-0.32596,-0.296115,0.256812,0.295404,0.141423,0.400374,-0.197758,-0.245887,0.270407,-0.271769,-0.568848,-0.150224,-0.193474,0.033554,0.369907,0.283807,-0.32596,-0.431611,-0.32596,0.5017,0.0,-0.34128,-0.187855,-0.994338,-0.244024,0.528256,-0.224502,0.254015,0.368655,0.157899,0.072548,0.373698,-0.221529,0.443078,-0.402147,-0.227706,0.203354,0.256211,0.456074,-0.193727,-0.71384,-0.209639,-0.415165,-0.138891,0.0,0.404574,0.429243,-0.205817,0.33178,-0.206619,-0.320293,0.346303,0.404574,-0.330284,-0.390715,-0.193474,-0.270967,0.371546,-0.224502,0.237149,0.487443,0.52601,-0.210567,0.0,-0.138738,-0.267209,-0.156386,0.335101,#
14,0.682238,0.249658,0.005533,0.11146,0.131497,0.51128,-0.005625,0.650799,-0.407766,-0.592718,-0.219195,-0.179742,0.121366,0.2054,1.0,0.360541,-2.8e-05,-0.494222,-0.087245,-0.249944,-0.00563,0.579573,0.341972,-0.499434,-0.249889,-0.499691,0.241396,-0.499434,0.427624,0.374133,-0.371105,0.337189,0.0,-0.094776,0.113645,0.136782,-0.108203,-0.111591,-0.16663,0.131578,-0.009844,-0.005472,0.551292,-0.119737,-0.16663,0.28702,0.526937,-0.173063,0.398577,0.27995,0.366754,-0.373858,0.682238,-0.753318,-0.094443,0.058625,0.187166,0.198303,-0.628871,-0.57155,0.164077,-0.261893,0.022251,0.164913,0.168552,0.273673,-0.249884,0.44389,-0.049808,-0.747946,-0.335944,-0.35245,-0.16663,-0.499502,0.095208,0.193033,-0.327088,0.260591,-0.499493,-0.997743,0.092413,-0.762569,-0.02069,-0.611612,-0.127486,-0.16663,-0.241295,-0.327088,-0.327088,-0.611612,-0.015127,-0.499493,0.46928,-0.407943,-0.40788,-0.499502,-0.499502,-0.237036,-0.327088,-0.584367,0.198303,-0.40788,0.194213,-0.499493,-0.611671,-0.327088,-0.12118,-0.611671,-0.249944,-0.611612,-0.407955,0.0,-0.327088,-0.237036,-0.762585,-0.327081,-0.249817,0.336634,0.050293,-0.077648,-0.249817,-0.499502,0.095208,0.377036,-0.017613,-0.407955,0.19545,-0.512034,0.150639,-0.327081,0.194213,-0.762585,-0.611612,-0.155319,-0.601862,-0.02069,0.375058,-0.12118,-0.500471,-0.762569,-0.499493,-0.723506,-0.327088,-0.633767,-0.4034,0.150639,-0.031481,-0.407865,-0.611612,-0.407955,-0.125839,-0.241295,0.0,-0.02069,-0.70023,-0.16663,0.38484,0.197262,-0.997743,0.5961,-0.56905,-0.16663,-0.16663,-0.611612,-0.252694,0.376094,0.043657,0.276301,-0.407943,-0.327088,0.396016,0.147028,-0.249817,0.194213,0.579172,0.185587,0.0,-0.10541,-0.087236,-0.023898,-0.002652,0.274848,0.406432,0.474006,0.38529,-0.723506,0.110839,-0.4034,0.358649,0.008717,-0.997743,0.73884,0.315457,0.306544,0.151853,0.0,0.220332,-0.611692,-0.001829,0.560478,#
15,0.254274,0.000711,-0.262166,0.519406,-0.344268,-0.179075,-0.226488,0.226021,-0.397205,-0.294505,0.003612,0.028715,-0.36137,-0.258259,0.360541,1.0,0.0,-0.749555,-0.141357,-0.762821,-0.43116,0.117312,-0.415299,-0.260872,0.318171,0.197001,0.225966,-0.260872,-0.06779,-0.201875,-0.437067,-0.439113,0.0,-0.147499,0.155258,0.11815,-0.126676,-0.103738,0.226021,0.554626,0.068158,-0.260872,0.417516,-0.076642,0.197769,0.429877,0.252091,-0.596798,0.46744,0.229594,-0.30611,-0.407226,0.254274,-0.031397,-0.036431,0.234794,0.491887,-0.221671,-0.266428,-0.440691,-0.115327,0.291098,0.318577,0.189312,-0.027558,-0.335657,-0.762638,0.980494,-0.573055,-0.459164,-0.039864,0.102275,0.197769,-0.256002,0.438378,-0.177858,-0.06383,0.503429,0.188851,-0.404802,0.519034,-0.011658,0.2054,-0.607392,0.339967,0.197769,0.006359,-0.06383,-0.06383,-0.128392,0.644206,0.188851,0.676131,0.03308,0.057302,-0.256002,-0.256002,0.479883,-0.06383,0.265249,-0.221671,0.074097,0.183583,0.172302,-0.154569,-0.06383,-0.154569,0.31213,-0.211895,-0.128392,-0.831018,0.0,-0.06383,0.479883,-0.47725,-0.073588,0.318285,-0.054982,-0.399256,0.277854,-0.248093,-0.256002,0.438378,0.810967,0.370441,-0.831018,0.442081,-0.418223,-0.33109,0.425532,0.162777,-0.495121,-0.128392,0.407134,-0.409101,-0.266727,0.318181,-0.154569,-0.123802,-0.011658,-0.283276,-0.072097,-0.06383,-0.466187,-0.38426,-0.33109,-0.689273,-0.834547,-0.128392,-0.375078,-0.128392,-0.48963,0.0,0.2054,-0.320997,0.226021,-0.051751,-0.432713,-0.404802,0.534747,-0.07346,-0.508548,0.197769,-0.607392,-0.471936,-0.514395,-0.368357,-0.057475,0.050122,-0.553543,-0.100168,-0.318436,0.318285,0.183583,0.079855,-0.3559,0.0,-0.559638,-0.543306,-0.410997,-0.695341,-0.3454,0.790793,-0.207269,-0.118678,-0.072097,-0.341004,-0.38426,0.999568,-0.630869,-0.404802,0.423821,-0.004754,-0.43775,0.421152,0.0,-0.323341,-0.560646,-0.364832,0.055708,#
16,0.0,-2.5e-05,-4.6e-05,4.7e-05,4.7e-05,-4.6e-05,4.7e-05,1.9e-05,-2.4e-05,-7.8e-05,5.1e-05,0.0,-4.6e-05,0.000154,-2.8e-05,0.0,0.0,-2.3e-05,4.9e-05,5.6e-05,2.6e-05,4.9e-05,0.000101,4.9e-05,-2.8e-05,2.5e-05,0.0,4.9e-05,-4.7e-05,-5.9e-05,0.0,0.0,0.0,-4.8e-05,-0.000123,2.4e-05,5e-05,0.0,3.7e-05,4.7e-05,5.2e-05,4.9e-05,0.0,5.3e-05,0.0,5.7e-05,4.7e-05,0.0,0.000104,-0.000116,-0.000726,5.7e-05,-1.4e-05,5.1e-05,-4.8e-05,5.2e-05,0.0,-7.7e-05,0.000151,0.000747,-7.7e-05,5.9e-05,8e-05,5.9e-05,-0.000145,0.000116,-1.5e-05,-0.000381,0.0,5.2e-05,-5.5e-05,0.0,-2.1e-05,-3.4e-05,0.0,0.0,-3.7e-05,7.7e-05,3.5e-05,0.0,-3.6e-05,-3.8e-05,3.5e-05,0.0,3.6e-05,1.5e-05,-3.8e-05,-3.7e-05,-3.7e-05,0.0,-7e-05,3.5e-05,0.0,1.8e-05,0.0,-3.4e-05,-3.4e-05,-7.6e-05,-3.7e-05,-7.3e-05,-7.7e-05,0.0,4.4e-05,3.5e-05,7.1e-05,-3.7e-05,7.1e-05,7.1e-05,2.1e-05,0.0,-6.9e-05,0.0,-3.7e-05,-7.6e-05,3.7e-05,3.8e-05,0.0,3.9e-05,-3.6e-05,-7.4e-05,0.0,-3.4e-05,0.0,-3.6e-05,-0.00016,-6.9e-05,-1.9e-05,0.000122,-0.000298,3.8e-05,4.4e-05,3.7e-05,0.0,3.5e-05,0.000111,3.5e-05,-1.5e-05,7.1e-05,0.0,-3.8e-05,3.5e-05,7.7e-05,-3.7e-05,-0.000553,0.0,-0.000298,3.5e-05,2.1e-05,0.0,-6.9e-05,0.0,-3.8e-05,0.0,3.5e-05,-0.00023,-1.4e-05,4e-05,3.7e-05,0.0,3.7e-05,-3.9e-05,-1.4e-05,1.5e-05,0.0,-3.8e-05,0.0,1.8e-05,-0.000117,1.8e-05,-3.7e-05,7.8e-05,-6.3e-05,0.0,4.4e-05,7.7e-05,8.6e-05,0.0,0.0,0.0,-0.000263,7.7e-05,9.8e-05,8e-05,7.5e-05,0.0,7.7e-05,7.7e-05,0.0,-4.5e-05,0.0,0.0,4.2e-05,0.0,0.0,0.000131,0.0,9.2e-05,-7e-05,0.0,-3.9e-05,#
17,-0.329555,-0.20606,0.278927,-0.488527,0.447563,-0.154203,0.250651,-0.329555,0.783555,0.358001,0.186224,0.176705,0.366536,0.322816,-0.494222,-0.749555,-2.3e-05,1.0,0.355739,0.55661,0.552187,-0.371251,0.297692,0.267326,-0.494222,-0.257554,-0.02566,0.177005,0.044439,0.041432,0.492091,0.638194,0.0,-0.037271,0.033749,0.01042,0.376342,-0.335385,-0.329554,-0.501344,-0.327525,0.568398,-0.552318,0.00911,0.189429,-0.573205,-0.188908,0.479183,-0.26427,-0.056208,-0.059042,-0.02167,-0.329555,0.249505,-0.391114,-0.243147,-0.382801,-0.336483,0.312366,0.33682,-0.242338,0.012991,-0.178156,-0.496889,-0.318169,0.105551,0.556476,-0.789584,0.433524,0.596578,0.262491,0.086361,-0.329555,0.171839,-0.321062,0.256127,0.146949,-0.681445,-0.249362,0.512748,-0.394086,0.199157,-0.249362,0.822293,-0.445371,-0.329555,-0.231085,0.244979,-0.179818,0.073022,-0.680526,-0.249362,-0.987298,0.360642,0.035389,0.171839,0.171839,-0.263768,-0.179818,-0.105412,-0.336483,-0.057167,-0.495279,0.145826,0.396775,0.146949,0.396775,-0.04836,0.031139,-0.019503,0.893278,0.0,0.146949,-0.263768,0.326244,-0.170832,-0.116156,-0.124329,0.512269,-0.377236,0.424053,0.262002,-0.321062,-0.891765,-0.255591,0.893278,-0.646168,0.57611,-0.101236,-0.313846,0.001574,0.654516,-0.019503,-0.015558,0.496758,0.185166,-0.112699,0.396775,0.052829,0.199157,0.580354,0.302632,-0.179818,0.391068,0.022197,-0.101236,0.618879,0.893216,-0.019503,0.367136,-0.019503,0.341274,0.0,-0.553353,0.364605,-0.329555,-0.370332,0.433337,0.512748,-0.065328,0.423353,0.371073,-0.329555,0.822293,0.67118,0.078092,0.087744,0.097735,-0.046312,0.712065,-0.343035,0.122645,-0.116156,-0.495279,-0.360083,0.150277,0.0,0.470009,0.470009,0.448224,0.669686,-0.005287,-0.815863,-0.144526,0.065001,0.144496,0.041331,0.135401,-0.757962,0.259498,0.512748,-0.636697,-0.137007,0.296506,-0.370261,0.0,0.090277,0.406017,-0.191694,-0.315122,#
18,-0.404061,-0.33243,0.498382,-0.208855,-0.159226,-0.372871,0.459299,0.301012,0.621461,-0.323921,0.335496,-0.607742,-0.253195,-0.334026,-0.087245,-0.141357,4.9e-05,0.355739,1.0,0.451518,-0.113104,-0.169302,0.406962,-0.408107,-0.605957,-0.051372,0.1396,0.399455,0.208346,-0.04617,0.585999,0.376102,0.0,-0.325495,0.119385,-0.15123,0.090124,-0.205783,0.301012,-0.238475,-0.522398,0.332595,0.164487,0.09549,0.138303,-0.519138,0.459929,0.21325,-0.599894,0.582464,-0.314383,0.067162,-0.404061,0.399235,-0.579169,0.429886,0.40817,-0.295387,-0.316045,0.288544,-0.083384,-0.102292,-0.236278,0.16578,-0.686559,0.177706,0.452207,-0.239909,-0.283159,-0.201895,0.429428,0.068876,-0.404061,0.399807,-0.288599,-0.287688,0.47035,-0.54359,-0.456253,0.096267,-0.142815,-0.137125,-0.043261,0.129398,-0.267135,-0.404061,-0.119832,0.103752,0.165019,-0.209976,-0.029688,-0.002149,-0.34074,0.179833,-0.142244,0.399807,-0.049144,-0.131209,-0.323108,0.091735,-0.295387,-0.222849,-0.376152,0.394958,-0.320272,0.47035,0.13726,0.127688,0.471857,0.170161,0.283432,0.0,0.47035,0.330432,-0.003733,-0.793141,0.332803,0.31063,0.338288,0.097856,-0.210833,0.478327,-0.288599,-0.263175,-0.163022,0.283432,-0.304329,0.149138,-0.213606,0.033986,0.651747,0.339328,-0.256426,0.164777,0.273081,-0.026443,0.331799,0.102801,-0.392772,-0.137125,0.37814,-0.016113,0.165019,0.377364,0.115984,-0.213606,-0.018943,0.282276,0.170161,0.641579,0.589165,-0.015055,0.0,0.059519,0.420667,0.301012,-0.200635,0.112161,0.096267,0.206796,-0.311718,-0.404061,-0.404061,0.129398,0.356701,-0.192803,-0.071001,0.445438,-0.194458,0.085673,-0.640377,0.2251,0.332803,0.152481,0.325137,0.233064,0.0,0.194383,-0.213194,0.48903,0.441205,0.117878,-0.206133,0.050143,-0.197518,0.320603,0.3096,0.214571,-0.133518,-0.356405,0.096267,-0.332297,-0.470609,-0.041574,-0.279615,0.0,0.173231,0.154584,-0.149853,-0.103482,#
19,-0.166667,0.197097,0.529486,-0.407495,0.082333,-0.022882,0.507325,-0.166667,0.631778,0.20096,0.345147,-0.232917,0.111591,0.172836,-0.249944,-0.762821,5.6e-05,0.55661,0.451518,1.0,0.138421,0.106468,0.320822,0.004029,-0.249944,0.008127,-0.315074,0.527746,0.407746,0.387162,0.311508,0.380319,0.0,-0.064156,-0.340915,0.087123,-0.098543,-0.101994,-0.166667,-0.407997,-0.402077,0.004029,1e-06,0.403366,-0.166667,-0.732702,-0.015491,0.406745,-0.748896,0.255458,0.060194,0.305053,-0.166667,0.383057,-0.103475,-0.038956,0.187208,0.165851,0.200376,0.216643,0.133523,-0.237696,-0.539808,0.290264,-0.222778,0.24931,0.99976,-0.821783,0.44007,0.283767,0.402488,-0.316265,-0.166667,0.522323,-0.624884,0.161915,0.228395,-0.760015,-0.499604,0.285133,-0.408248,-0.200062,-0.499604,0.436963,-0.077135,-0.166667,-0.200062,-0.32716,0.228395,-0.087393,-0.49973,0.017228,-0.499309,0.124184,-0.407971,0.522323,0.011355,-0.762895,-0.32716,-0.036531,0.165851,-0.407971,-0.346555,0.017228,-0.082359,0.228395,-0.082359,-0.082359,0.375,0.436963,0.626437,0.0,0.228395,-0.195452,0.353472,-0.327154,-0.249873,0.434625,0.669519,-0.036972,-0.249873,0.522323,-0.624884,-0.611491,-0.576121,0.626437,-0.326789,0.313451,0.271958,-0.327154,0.303235,0.353472,-0.087393,-0.163622,0.284464,0.017228,-0.24994,-0.082359,0.161577,-0.200062,0.53406,-0.152351,0.228395,0.297928,0.285133,0.271958,0.533356,0.629219,0.436963,0.626437,0.436963,0.362613,0.0,0.017228,0.218859,-0.166667,-0.112823,0.413108,0.285133,-0.408021,-0.245781,-0.166667,-0.166667,0.436963,0.362048,0.407526,0.123666,0.038749,0.124184,0.228395,-0.090909,0.176434,-0.249873,0.303235,0.133685,0.293788,0.0,0.417491,0.417491,0.305797,0.517532,0.234482,-0.593122,0.505303,-0.064229,0.418965,0.61113,0.285133,-0.762299,0.492926,0.285133,-0.296983,-0.175293,0.34068,-0.607548,0.0,0.258378,0.427125,0.290838,0.17398,#
20,0.250887,-0.173706,0.053189,-0.655717,0.556806,-0.019994,0.050457,-0.26819,0.225823,0.373847,-0.287316,0.083532,0.584038,0.327958,-0.00563,-0.43116,2.6e-05,0.552187,-0.113104,0.138421,1.0,-0.307997,0.548689,0.504525,-0.402195,-0.364827,0.393353,-0.368182,0.21043,-0.020606,0.078361,0.511817,0.0,0.293266,0.36572,0.087775,0.349037,-0.066355,-0.26819,-0.326633,0.093105,0.504525,-0.709206,-0.148175,-0.26819,-0.355797,-0.076188,0.507498,0.152123,-0.136856,0.565533,-0.444358,0.250887,-0.266353,-0.259468,-0.794009,-0.482637,-0.345682,0.29643,0.011246,0.187903,0.123215,-0.445441,-0.694866,-0.143351,0.438504,0.127788,-0.336607,0.622992,0.173185,-0.014711,0.118705,-0.26819,-0.361894,0.286937,0.179299,-0.04582,-0.407435,-0.338921,0.029601,-0.233104,0.207047,-0.338921,0.352323,-0.22576,-0.26819,-0.234307,0.409174,-0.526447,0.352323,-0.804135,-0.803932,-0.510737,0.221317,0.226895,-0.361894,0.097841,-0.271964,-0.026595,-0.036661,-0.345682,-0.184541,-0.658842,-0.398538,0.365211,-0.04582,-0.09283,-0.111151,-0.402285,-0.530753,0.661972,0.0,-0.04582,-0.291601,0.195389,-0.016982,-0.40208,-0.351202,0.51261,-0.951897,0.176026,0.038901,0.286937,-0.685235,-0.506554,0.661972,-0.206548,0.35524,0.33495,-0.526436,-0.171644,0.195389,-0.512608,0.193222,-0.094787,-0.338921,-0.402188,0.365211,0.041935,0.207047,0.048588,0.291944,-0.526447,-0.19668,-0.473619,0.33495,0.393846,0.660764,-0.530753,-0.209122,-0.530753,0.207047,0.0,-0.356806,-0.220789,-0.26819,-0.22461,0.657814,0.029601,0.076815,0.34424,0.481588,-0.26819,0.352323,0.517781,0.216961,0.098123,0.022125,-0.656584,0.8898,0.235158,0.423076,-0.40208,-0.681328,-0.333415,0.398356,0.0,0.322286,0.622347,0.265309,0.485098,-0.12843,-0.255641,-0.072535,0.205596,-0.222088,0.079636,0.029601,-0.443019,0.361945,0.029601,-0.183913,0.055201,0.49574,-0.455777,0.0,0.357253,-0.067712,-0.377418,0.149512,#
