0,0.0,-1.5e-05,-4.6e-05,4.7e-05,-4.9e-05,2.4e-05,9.6e-05,0.0,-4.8e-05,-0.000119,5.1e-05,-0.000104,2.4e-05,0.0,1.9e-05,-0.000104,0.0,-2.3e-05,0.0,5.6e-05,5e-05,-5.1e-05,0.0,4.9e-05,-2.8e-05,2.5e-05,-5.9e-05,0.0,9.6e-05,-1.9e-05,7.6e-05,-0.000101,-2.1e-05,-4.7e-05,5.3e-05,0.0,0.0,-5.2e-05,3.7e-05,2.6e-05,-2.4e-05,0.0,-0.000471,-2.6e-05,0.0,-5.3e-05,-4.9e-05,2.6e-05,0.000104,0.0,0.000658,5.7e-05,0.0,5.1e-05,9.5e-05,0.000109,7.6e-05,7.8e-05,-7.6e-05,0.000658,-5.7e-05,-2.9e-05,0.000123,-5.9e-05,0.0,0.0,2.6e-05,-0.000203,-0.000101,0.0,5.3e-05,0.0,-2.1e-05,-3.4e-05,-0.000116,-0.000155,0.0,7.1e-05,3.5e-05,0.0,-3.6e-05,-3.8e-05,7.1e-05,0.0,7.1e-05,-2.2e-05,8.7e-05,-3.7e-05,0.0,0.0,3.6e-05,7.1e-05,-7e-05,1.8e-05,3.5e-05,0.0,-3.4e-05,4.4e-05,-3.7e-05,-7.3e-05,7.8e-05,0.0,8.7e-05,3.5e-05,7.1e-05,-3.7e-05,-7.6e-05,7.1e-05,-3.7e-05,0.0,-3.4e-05,0.0,0.0,-7.6e-05,0.0,3.8e-05,3.8e-05,7.8e-05,-3.7e-05,3.9e-05,3.8e-05,-3.4e-05,-0.000116,-7e-05,0.0,-3.4e-05,0.0,6e-05,0.000606,3.8e-05,8.7e-05,0.0,-3.8e-05,-3.4e-05,-0.000269,3.5e-05,-1.5e-05,-7.6e-05,-7.9e-05,8.7e-05,7.1e-05,-8.6e-05,-3.7e-05,0.0,0.0,-0.000151,-6.9e-05,-4.1e-05,-3.8e-05,-6.9e-05,-3.8e-05,8.7e-05,1.5e-05,3.5e-05,-0.00023,-1.4e-05,7.2e-05,3.5e-05,0.0,-1.9e-05,0.0,-1.4e-05,1.5e-05,-3.8e-05,-7e-05,7.3e-05,1.8e-05,0.0,1.8e-05,0.0,0.000152,0.0,3.8e-05,8.7e-05,4e-05,0.0,0.0,7.6e-05,7.5e-05,-0.000528,0.000152,9.8e-05,8e-05,7.5e-05,7.5e-05,-8.6e-05,7.7e-05,-0.00023,4.2e-05,7.5e-05,-0.00023,4.2e-05,0.0,7.6e-05,0.000131,-3.6e-05,0.0,3.7e-05,-0.000234,-4.1e-05,#
1,-1.5e-05,1.0,0.005152,0.131805,0.086947,0.495572,0.407825,-0.24969,-0.01367,0.236468,0.324181,0.336236,-0.407287,0.162511,-0.166627,-0.191518,-1.5e-05,0.020831,-0.183854,0.362658,-0.407769,0.673016,-0.243064,0.013899,0.399094,0.018082,-0.347898,-0.091911,0.407825,0.650171,-0.620826,-0.227899,-0.166627,-0.49449,-0.20405,0.632611,-0.207156,-0.210405,-0.166627,0.236025,0.101809,-0.611411,0.226549,0.341568,-0.166627,-0.037446,0.006325,-0.045191,-0.285383,0.318181,-0.049196,0.304979,0.0,0.382965,0.400647,-0.135698,0.213722,0.155398,0.227375,-0.049196,0.242975,-0.231045,0.314818,0.249701,0.066687,-0.400605,0.214364,-0.222192,0.47317,0.340512,-0.203894,-0.303313,-0.166627,0.001336,-0.664056,0.179562,-0.407873,-0.101943,-0.001914,0.248733,0.112041,-0.220849,-0.101943,-0.097651,-0.101943,-0.24994,-0.37568,-0.327082,0.106253,-0.106788,-0.097027,0.416999,0.003873,-0.407936,-0.499484,-0.097651,-0.499493,-0.371307,-0.327082,-0.056812,0.155398,0.097113,0.257726,0.007092,-0.101943,-0.327082,-0.206529,-0.101943,0.21745,0.407163,0.001336,0.0,-0.407873,-0.216417,0.248733,0.21805,-0.327075,-0.165664,0.21745,0.402136,-0.327075,0.001336,-0.664056,0.003873,0.198244,0.001336,-0.249812,0.26746,0.301437,0.21805,-0.364419,-0.368907,0.330661,-0.007482,0.198215,0.007092,-0.24988,-0.762711,0.364937,-0.37568,-0.092718,-0.315658,0.21745,0.316351,0.248733,0.237889,0.09903,0.003621,0.330661,0.09903,-0.211045,0.257726,-0.166627,-0.001914,0.170307,-0.166627,-0.152957,0.268775,0.248733,-0.327248,-0.12263,-0.166627,-0.166627,-0.211045,-0.102513,0.523486,0.207471,-0.692061,0.626105,-0.407873,0.054046,-0.476044,-0.327075,0.257726,0.237507,0.248733,0.0,0.448971,0.535533,-0.608482,0.034258,-0.303691,-0.049513,0.536366,0.535533,0.312586,0.123669,0.170307,-0.073986,0.626755,0.170307,0.266313,0.385552,0.448971,0.260315,-0.166627,0.363999,0.32178,0.17269,0.193029,#
2,-4.6e-05,0.005152,1.0,-0.034269,0.001168,-0.178157,0.45762,0.035771,0.243545,-0.012163,0.656467,-0.25833,-0.373826,0.338486,0.352991,-0.240792,-4.6e-05,0.278927,0.304536,0.529486,0.001318,-0.010058,0.256632,0.153828,-0.050515,-0.223078,-0.388241,-0.007455,0.45762,0.352991,0.416178,0.288314,-0.332675,-0.178002,-0.204033,0.009324,-0.21148,-0.250729,-0.332675,-0.653203,-0.814623,0.005591,0.158243,-0.383517,-0.332675,-0.466366,0.274984,-0.116085,-0.17433,0.257,0.01995,0.062023,0.0,0.172598,-0.414738,0.00461,0.378801,-0.314597,-0.295902,0.01995,0.521412,0.465099,0.037748,0.025024,-0.243355,0.496505,0.2385,-0.293136,0.007524,-0.017793,0.198669,-0.024465,0.276806,0.196544,-0.362884,0.356546,-0.382744,-0.444055,-0.640236,-0.013034,0.38256,-0.249775,-0.809769,0.396374,-0.419854,-0.041902,-0.511914,-0.237302,-0.020425,-0.035066,-0.436657,-0.419854,-0.229849,0.389342,-0.253487,0.003995,-0.22388,-0.549876,-0.269281,0.072732,-0.314597,-0.81433,-0.511914,0.171762,-0.023664,-0.195918,0.201647,-0.023664,-0.195918,0.003995,0.225956,0.0,-0.382744,0.201647,-0.013034,-0.261896,-0.653016,0.338674,0.676919,-0.126038,-0.653016,0.578905,-0.362884,-0.229849,-0.374363,0.225956,-0.054934,-0.478018,0.307039,-0.653016,0.50338,-0.013034,-0.670829,-0.17258,0.361075,0.186637,0.025314,0.201647,-0.360926,-0.530513,0.411966,-0.620816,0.187829,-0.226222,0.005431,0.401487,0.036691,0.226943,-0.20786,0.036691,0.229389,0.50338,-0.332675,0.186637,0.325211,-0.332675,-0.072212,0.523543,-0.013034,0.227762,-0.456196,-0.332675,0.276806,0.213194,0.022339,0.206508,-0.204487,0.328361,-0.00892,0.009768,0.157364,0.505071,-0.653016,0.019803,0.228538,0.042359,0.0,0.401016,0.197024,0.31141,0.601481,-0.085748,-0.06184,0.211589,0.197024,0.114917,0.013677,0.325211,-0.037161,0.013335,-0.340291,-0.219206,0.172543,0.401016,-0.404342,-0.332675,0.208287,-0.604066,-0.300387,0.270934,#
3,4.7e-05,0.131805,-0.034269,1.0,-0.664407,0.044499,-0.117224,0.142481,-0.41011,-0.174385,0.529191,0.075052,-0.261099,0.265949,0.433617,0.54926,4.7e-05,-0.488527,-0.404148,-0.407495,-0.664816,0.17945,-0.776002,-0.024372,0.592629,0.37944,-0.070585,-0.230037,-0.117224,-0.271664,-0.548942,-0.336514,-0.271664,-0.102375,0.112975,-0.216123,0.105179,0.064951,-0.271664,0.367151,-0.241934,-0.166777,0.381839,-0.067914,0.407495,0.664421,-0.35614,-0.963845,0.41644,0.120885,-0.071823,0.32317,0.0,0.015438,-0.163917,0.336022,0.299175,0.254349,-0.452094,-0.071823,-0.070654,0.075462,0.432761,0.407858,0.631666,-0.632196,-0.533408,0.580904,-0.508166,-0.157855,-0.418593,0.38663,0.355252,-0.058016,0.218614,0.317887,-0.261244,0.63286,0.363792,-0.164231,0.582258,0.039391,0.256685,-0.220978,0.209663,0.062692,0.362818,-0.533266,-0.292301,-0.205454,0.648904,0.209663,0.393068,0.122711,-0.447134,-0.220978,-0.058016,0.377373,-0.138541,0.097906,0.254349,0.158025,0.362818,-0.049322,0.209663,-0.105647,0.050001,0.209663,-0.533266,0.198149,-0.81436,0.0,-0.261244,0.503568,-0.65804,0.321649,-0.097422,0.124386,-0.533266,0.603712,-0.097422,-0.451315,0.218614,0.795608,0.21826,-0.81436,0.049233,-0.615607,-0.426084,0.355175,-0.153725,-0.677032,0.039391,-0.012491,0.145211,0.363792,0.631067,0.050001,-0.360218,-0.153725,-0.213535,-0.273914,-0.138541,-0.505851,0.348571,0.159183,-0.26698,-0.814075,0.039391,-0.26698,0.039391,-0.134593,-0.271664,0.379092,0.201634,-0.271664,-0.203912,-0.234163,-0.164231,0.372792,0.026215,-0.271664,0.355252,-0.410366,-0.59742,0.016604,-0.533537,-0.179124,0.548123,-0.664985,0.383454,-0.546734,-0.097422,0.362818,-0.096889,-0.601062,0.0,-0.137397,-0.378377,-0.541762,-0.39967,-0.189326,0.23125,0.017013,0.016986,-0.291773,-0.662092,-0.457553,0.666654,-0.225304,-0.482907,0.36782,0.060442,-0.137397,0.208465,-0.271664,-0.31644,-0.367579,0.126512,0.33034,#
4,-4.9e-05,0.086947,0.001168,-0.664407,1.0,0.401178,0.181048,0.057251,0.353975,-0.048683,-0.383765,0.533414,0.16901,0.242563,-0.271744,-0.408167,-4.9e-05,0.48465,0.108942,0.096859,0.584006,0.158059,0.503483,0.032257,-0.407525,-0.814909,-0.146741,-0.158618,0.181048,0.40089,0.350488,0.49435,0.373984,-0.344477,-0.32234,0.537422,0.111501,-0.316026,-0.271744,-0.533566,0.191061,0.270507,-0.286148,-0.250721,-0.271744,-0.475005,0.319028,0.696708,0.19546,-0.388587,-0.269499,-0.520615,0.0,-0.328147,0.222112,-0.264098,-0.514197,-0.419732,0.247414,-0.269499,-0.106084,0.070639,0.002217,-0.67812,-0.485872,0.380109,0.340503,-0.468027,0.557868,0.516837,0.082468,-0.503485,-0.271744,-0.402168,-0.396838,0.235887,-0.281315,-0.535992,-0.364047,-0.060989,-0.253732,-0.324176,-0.148528,0.28263,-0.610066,0.07668,-0.591043,0.374383,0.142069,-0.14061,-0.606507,-0.182716,-0.432067,-0.259565,0.408174,-0.190458,-0.369173,-0.087363,-0.049127,-0.535277,-0.419732,-0.207928,-0.069432,-0.00343,-0.132383,-0.533424,0.556643,-0.593921,0.321569,-0.574195,0.806719,0.0,-0.281315,-0.811301,0.408513,-0.039813,-0.119033,-0.30462,0.338509,-0.297173,0.374567,-0.012648,-0.396838,-0.814792,0.324903,0.806719,-0.407408,0.437382,0.292851,-0.533413,-0.140139,0.408513,0.112836,-0.329626,0.332213,0.053119,-0.407518,0.098626,0.215293,-0.09841,0.220892,-0.004714,-0.085001,0.531449,-0.550054,-0.292337,0.203089,0.804817,-0.377667,-0.247808,-0.377667,0.4232,0.373984,-0.814587,-0.345168,-0.271744,0.298756,0.244421,-0.060989,-0.093353,0.279196,0.4547,-0.271744,0.541774,0.270589,0.034991,0.382217,0.002345,-0.235699,0.575801,-0.360842,0.264835,-0.119033,-0.632772,-0.090163,0.408513,0.0,0.264559,0.412858,0.291032,0.428468,-0.006005,-0.203225,-0.012488,0.412858,-0.046103,0.142949,0.281572,-0.599862,0.187476,0.281572,-0.110714,0.545018,0.264559,0.294934,0.373984,0.104192,0.10181,-0.337046,-0.530741,#
5,2.4e-05,0.495572,-0.178157,0.044499,0.401178,1.0,0.37061,0.476891,-0.254544,-0.447087,-0.208861,0.228681,-0.008268,0.341504,0.343206,-0.226969,2.4e-05,-0.13456,-0.178266,-0.0117,0.006941,0.788268,0.199373,-0.147816,0.017362,-0.585983,-0.036571,-0.410876,0.37061,0.317205,-0.248256,0.20757,0.291205,-0.541224,-0.154039,0.379963,0.262409,0.252378,-0.332806,-0.205267,0.418457,0.035618,0.12669,-0.052562,-0.332806,0.178527,0.132647,0.14011,0.259727,-0.216187,0.044256,0.107967,0.0,-0.600337,0.383438,-0.031981,-0.382339,0.327229,-0.332325,0.044256,0.000595,-0.509077,0.144114,-0.044379,0.216775,-0.013647,0.191211,-0.202531,0.43635,0.129038,-0.651499,-0.343849,-0.332806,-0.599082,-0.326999,0.354639,-0.443693,0.035608,-0.166271,-0.460383,0.012738,-0.617964,0.41004,-0.370831,-0.44161,-0.031201,-0.001344,-0.185277,-0.03455,-0.378102,-0.024471,-0.028633,0.173323,-0.814776,-0.19673,-0.441725,-0.567198,0.013093,-0.185277,-0.747322,0.327229,0.029095,0.502723,-0.594491,-0.370027,-0.653285,0.233306,-0.816042,0.172951,-0.410822,0.192727,0.0,-0.443693,-0.653886,-0.006672,0.25754,-0.252829,-0.159729,-0.219944,0.299646,0.22417,-0.599082,-0.326999,-0.19653,0.409668,0.192727,-0.498954,0.041191,0.406079,-0.219459,-0.536775,-0.498193,0.218862,-0.599254,0.358564,0.236865,0.017737,-0.209307,-0.174088,-0.49645,-0.434268,-0.378636,-0.219944,0.765331,0.031137,-0.183257,0.024387,0.193823,-0.255144,-0.411345,-0.255144,0.502723,0.291205,-0.205689,-0.281454,-0.332806,0.403685,0.215587,-0.460383,-0.211064,-0.00835,0.369206,-0.332806,-0.21223,-0.378906,0.633343,0.231489,-0.332412,0.008118,-0.001818,0.275185,-0.107546,-0.252829,-0.041669,0.225514,0.484848,0.0,0.468498,0.268962,-0.313026,0.259438,0.122605,0.027863,0.602212,0.647918,-0.418633,0.004767,0.324206,-0.365771,0.453942,-0.331926,0.663275,0.715376,0.468498,0.435307,0.291205,0.278829,0.204705,0.31239,0.175195,#
6,9.6e-05,0.407825,0.45762,-0.117224,0.181048,0.37061,1.0,0.388763,0.397164,-0.363515,0.403349,-0.141843,-0.171237,0.401605,0.285005,-0.106823,9.6e-05,0.068987,0.411763,0.427508,0.221427,0.645245,0.322601,0.017899,-0.082076,-0.361651,0.165015,-0.225446,1.0,0.258369,-0.181387,0.398306,0.231733,-0.75207,-0.061104,0.633755,0.36319,-0.064983,-0.407531,-0.341033,-0.183266,0.165501,0.07987,0.214348,-0.407531,-0.546711,0.34638,0.050402,-0.087792,0.390793,-0.085444,-0.281697,0.0,0.011638,-0.262083,-0.272712,0.40113,-0.26008,-0.274822,-0.085444,0.137313,-0.101698,-0.327549,0.125611,-0.368588,0.073397,0.523606,-0.172543,0.510551,0.122862,-0.079262,-0.235614,-0.407531,-0.372373,-0.281405,0.437118,-0.164863,-0.66488,-0.815976,-0.386195,0.257716,-0.51317,-0.281295,-0.228589,-0.239928,-0.131848,-0.400144,-0.380697,-0.198395,-0.236038,-0.269593,-0.273774,-0.022102,-0.136753,-0.457134,-0.244418,-0.780678,-0.456032,-0.799968,-0.112678,-0.26008,-0.585871,-0.441455,-0.418588,-0.223946,-0.32052,-0.127263,-0.223946,0.046465,-0.21276,0.383443,0.0,-0.164863,-0.056729,0.078606,-0.355534,-0.38972,0.042964,0.542684,0.013604,-0.38972,0.013247,-0.281405,-0.400996,-0.284557,0.383443,-0.610985,0.098118,0.436084,-0.355534,0.096737,-0.424929,-0.566125,0.022963,0.402923,-0.402986,-0.08169,-0.090989,-0.214804,-0.419652,0.16716,-0.276919,-0.356034,0.247593,-0.366829,-0.117686,-0.138048,0.381706,-0.080532,-0.138048,-0.080532,0.603945,0.231733,0.035701,-0.238909,-0.407531,-0.212824,0.638165,-0.386195,0.088931,-0.065759,-0.407531,-0.407531,-0.097518,-0.240575,0.418213,-0.364441,-0.359886,-0.154709,0.230995,0.045473,-0.018639,-0.38972,0.116245,0.089046,0.582142,0.0,0.58154,0.412906,-0.294421,0.407441,-0.386111,0.164339,0.811344,0.397975,0.235262,0.241424,0.381556,-0.225883,0.267139,-0.290615,0.533237,0.346821,0.58154,-0.28574,0.231733,0.349651,-0.095043,-0.26917,0.57615,#
7,0.0,-0.24969,0.035771,0.142481,0.057251,0.476891,0.388763,1.0,-0.04275,-0.994382,-0.186449,-0.265867,0.048205,0.131991,0.699301,0.316005,0.0,-0.493838,0.366163,-0.24975,0.066675,0.542745,0.297623,-0.499047,-0.249695,-0.499303,0.226415,-0.102639,0.388763,-0.1665,0.18237,0.367374,0.632701,-0.494115,-0.19273,0.06195,0.347399,0.341249,-0.1665,-0.326921,0.091135,0.426848,0.436847,-0.094559,-0.1665,-0.026261,0.430022,-0.056505,0.396995,-0.189668,-0.305209,-0.337127,0.0,-0.752733,-0.091058,0.421328,0.092961,0.125008,-0.780061,-0.305209,-0.326578,-0.278575,-0.320159,0.226571,-0.101377,0.220418,0.202946,0.27552,-0.212372,-0.365529,-0.215342,-0.314977,-0.1665,-0.499114,0.133986,0.243507,0.067539,-0.091679,-0.499105,-0.996969,0.122352,-0.761977,0.387875,-0.611138,-0.131642,0.349651,0.222368,-0.326834,0.067539,-0.611138,0.397707,-0.131642,0.487621,-0.407627,-0.030979,-0.136196,-0.499114,0.231288,-0.326834,-0.583914,0.125008,-0.407563,0.222368,-0.499105,-0.611196,-0.326834,0.308632,-0.611196,0.176367,-0.611138,-0.036299,0.0,0.067539,-0.205335,-0.415878,-0.326827,0.18604,0.359801,-0.326834,0.37001,0.18604,-0.499114,0.133986,0.013932,0.197418,-0.036299,-0.249623,-0.377815,0.050202,-0.326827,0.222368,-0.415878,-0.252327,-0.493421,0.088998,0.008032,0.412234,0.308632,-0.580851,-0.411739,-0.131642,-0.351466,-0.326834,0.309535,-0.367454,-0.605533,-0.407639,-0.039642,-0.252327,-0.407639,0.299794,0.222368,0.632701,0.008032,-0.65212,-0.1665,0.507658,-0.142857,-0.996969,0.2398,-0.156401,-0.1665,-0.1665,-0.252327,-0.611217,-0.004866,-0.327,0.253506,-0.407627,0.067539,0.001261,0.13774,0.18604,0.222368,0.202286,0.213636,0.0,-0.099836,-0.490325,0.065651,0.001261,0.274635,0.406116,0.473639,-0.004978,-0.351466,0.082675,0.123579,-0.063192,-0.395611,-0.716761,0.738266,0.315212,-0.099836,0.151735,0.632701,-0.210298,-0.256476,0.077537,0.203244,#
8,-4.8e-05,-0.01367,0.243545,-0.41011,0.353975,-0.254544,0.397164,-0.04275,1.0,0.026397,0.235424,0.150699,0.396302,0.289468,-0.332831,-0.276078,-4.8e-05,0.588405,0.610986,0.530944,0.394127,-0.005767,0.192492,-0.183503,-0.499135,-0.176976,0.018191,0.425829,0.397164,0.327548,0.266781,0.669466,0.301132,-0.223103,-0.220568,0.365978,0.203054,-0.631116,-0.332831,-0.23252,-0.419297,0.39352,-0.02104,0.449915,0.327548,-0.77327,0.117415,0.303025,-0.261948,0.22568,-0.394287,-0.522461,0.0,0.299285,-0.431398,-0.032062,0.281412,-0.363526,0.257925,-0.394287,-0.478386,-0.011317,-0.469069,-0.01193,-0.537332,-0.021567,0.659302,-0.42485,0.312253,0.382493,0.664251,-0.378637,-0.332831,0.226934,-0.336466,0.304787,0.403661,-0.825514,-0.610889,0.024855,-0.410868,-0.199364,-0.44511,0.427532,0.008018,-0.023774,-0.492077,-0.237541,-0.022169,-0.380439,-0.437716,-0.025547,-0.622201,0.437317,-0.23955,0.411834,-0.177984,-0.551323,-0.653334,-0.071022,-0.363526,-0.422135,-0.533046,0.185488,0.023869,0.237932,0.183266,0.023869,0.18608,0.035089,0.59406,0.0,0.403661,-0.188463,0.005649,-0.653321,0.17729,0.339027,0.678184,-0.145004,0.17729,0.226934,-0.336466,-0.606544,-0.379416,0.59406,-0.498991,0.484869,-0.289903,-0.22954,0.503685,0.485802,-0.251881,0.219009,0.36146,-0.201324,-0.01367,0.21924,0.175212,-0.008421,0.823836,0.105424,-0.213082,-0.010231,-0.455299,-0.366405,0.424828,0.592263,0.229685,0.424828,0.229685,0.020029,0.301132,-0.555371,-0.289864,-0.332831,-0.32787,0.177868,0.024855,0.210972,0.217378,-0.332831,-0.332831,0.650808,0.412027,-0.194346,-0.221347,0.098244,0.005249,0.403661,-0.588745,-0.142122,0.17729,0.020029,-0.229324,0.005649,0.0,-0.015438,0.171374,0.311768,0.186183,-0.032806,-0.460938,0.180539,-0.228433,0.38761,0.374923,-0.315503,-0.441337,-0.012199,0.325456,-0.253735,-0.264488,-0.015438,-0.43606,0.301132,-0.22767,0.215439,-0.300152,-0.127688,#
9,-0.000119,0.236468,-0.012163,-0.174385,-0.048683,-0.447087,-0.363515,-0.994382,0.026397,1.0,0.179061,0.215255,-0.017619,-0.112338,-0.663584,-0.382583,-0.000119,0.535201,-0.365472,0.285801,-0.018515,-0.553936,-0.231883,0.534556,0.212305,0.474464,-0.184823,0.057859,-0.363515,0.157683,-0.160306,-0.327328,-0.663584,0.51592,0.24907,-0.096497,-0.306636,-0.300929,0.157683,0.288667,-0.085489,-0.383319,-0.49098,0.074113,0.124833,0.033506,-0.438065,0.084796,-0.415187,0.202979,0.395717,0.376546,0.0,0.71951,0.061487,-0.474028,-0.142765,-0.105776,0.754842,0.395717,0.374958,0.242865,0.306213,-0.257041,0.125011,-0.175296,-0.193003,-0.327489,0.25949,0.345252,0.161659,0.35676,0.124833,0.474922,-0.119338,-0.240727,-0.080413,0.088355,0.474939,0.997566,-0.136795,0.768454,-0.384728,0.622413,0.088355,-0.404064,-0.204931,0.353327,-0.121768,0.641935,-0.456287,0.046613,-0.520212,0.388372,0.01313,0.093017,0.515207,-0.264675,0.332644,0.564993,-0.105776,0.407808,-0.255881,0.434191,0.622892,0.332644,-0.332056,0.58115,-0.207568,0.581072,0.077661,0.0,-0.080413,0.196102,0.424317,0.333082,-0.238589,-0.381313,0.353327,-0.437508,-0.193946,0.493946,-0.119338,-0.052915,-0.249652,0.077661,0.212482,0.38426,0.001982,0.288439,-0.255881,0.400431,0.20037,0.481674,-0.066726,-0.006112,-0.415558,-0.287318,0.533441,0.396559,0.088355,0.350654,0.288843,-0.267193,0.400431,0.648705,0.448355,0.08145,0.20037,0.407575,-0.323352,-0.180872,-0.663584,0.01313,0.687583,0.157683,-0.517146,0.218046,0.997566,-0.249468,0.143741,0.223385,0.124833,0.244732,0.641423,0.083045,0.352696,-0.244359,0.346411,-0.019529,0.06143,-0.08582,-0.238589,-0.255881,-0.187134,-0.148933,0.0,0.176034,0.545339,-0.044905,0.080082,-0.256905,-0.441094,-0.446098,0.048125,0.300119,-0.075034,-0.077649,0.020226,0.455358,0.687583,-0.737289,-0.313723,0.176034,-0.1993,-0.663584,0.284442,0.269393,-0.058134,-0.145163,#
10,5.1e-05,0.324181,0.656467,0.529191,-0.383765,-0.208861,0.403349,-0.186449,0.235424,0.179061,1.0,0.005652,-0.330124,0.512205,0.230098,0.043117,5.1e-05,0.186224,0.013597,0.345147,-0.349064,0.092744,-0.408968,0.209701,0.324171,0.223912,-0.233849,-0.111185,0.403349,0.201691,-0.273488,0.071368,-0.508488,-0.251837,0.045139,0.09457,0.031567,-0.425136,-0.508488,-0.055994,-0.801858,-0.111185,0.188994,0.001258,0.201691,-0.081695,-0.166991,-0.664023,-0.055115,0.530182,-0.01302,0.198715,0.0,0.503589,-0.53652,-0.022858,0.571832,-0.196679,-0.196618,-0.01302,0.253332,0.332453,0.256036,0.253597,0.139549,-0.322635,-0.038609,0.004013,-0.044079,0.136007,0.007766,0.271184,0.201691,0.203986,-0.240682,0.519537,-0.339732,-0.127941,-0.259671,0.178601,0.528831,0.02046,-0.554078,0.32919,-0.083823,-0.230098,-0.32811,-0.550993,-0.375493,-0.100793,-0.111099,-0.11992,-0.228191,0.530065,-0.692292,-0.092848,-0.231468,-0.383757,-0.550993,0.295342,-0.196679,-0.38344,-0.372168,0.164142,0.342313,-0.039665,0.001182,0.342313,-0.52469,0.346071,-0.207276,0.0,-0.339732,0.514854,-0.337762,-0.068414,-0.542383,0.205426,0.433788,0.178643,-0.542383,0.203986,-0.240682,0.192734,-0.313651,-0.207276,-0.245191,-0.357746,-0.155025,-0.068414,0.20181,-0.358417,-0.470782,0.212182,0.469195,0.180781,0.324181,0.039869,-0.262861,-0.348915,0.350334,-0.41502,-0.077541,-0.550113,0.199255,0.458073,0.088258,-0.206051,0.0471,0.088258,0.0471,0.222616,-0.508488,0.232656,0.461746,-0.508488,-0.595952,0.419513,0.178601,0.41471,-0.105482,-0.508488,0.201691,0.028984,-0.109594,0.219379,-0.533729,-0.157653,0.510915,-0.339732,0.219686,-0.2752,-0.542383,0.222616,-0.062511,-0.317108,0.0,0.342716,0.208503,-0.284876,0.202481,-0.427772,-0.127332,0.224777,0.192579,0.131218,-0.353828,-0.227549,0.326675,0.095109,-0.25512,-0.045557,0.001793,0.342716,-0.329888,-0.508488,0.035541,-0.42141,-0.252673,0.470208,#
11,-0.000104,0.336236,-0.25833,0.075052,0.533414,0.228681,-0.141843,-0.265867,0.150699,0.215255,0.005652,1.0,0.072831,0.457404,-0.508149,-0.00438,-0.000104,0.205233,-0.500261,-0.22393,0.089205,0.129588,-0.459966,0.247875,0.336226,-0.228951,-0.397352,-0.127114,-0.141843,0.209576,-0.282683,-0.018284,0.180867,-0.237473,-0.39863,0.514417,0.058925,-0.402622,-0.508149,-0.045315,0.11758,-0.090595,-0.173516,-0.092666,0.209576,-0.022792,-0.306507,-0.030705,0.492811,-0.463546,-0.471755,-0.32037,0.0,0.006308,0.338651,-0.17353,-0.322962,-0.258544,0.452913,-0.471755,-0.308066,0.302412,0.338145,-0.407339,0.061577,-0.375454,-0.065081,-0.07184,0.304625,0.82974,-0.004377,-0.25898,0.209575,-0.251922,-0.24786,0.486827,-0.407592,-0.063637,0.235524,0.214879,0.091419,0.046954,-0.080864,0.353762,-0.142677,0.292832,-0.339265,-0.028815,0.044173,-0.080788,-0.125994,0.313321,-0.247431,0.0547,0.201892,-0.151039,-0.216716,0.209869,-0.028815,-0.191086,-0.258544,0.114447,0.217312,0.183097,0.367027,-0.545577,0.518369,-0.12545,-0.08517,-0.116917,0.20674,0.0,-0.407592,-0.461244,0.194005,0.468818,-0.094717,-0.343209,-0.067094,0.167781,0.431972,-0.251922,-0.24786,-0.230415,0.506602,0.20674,-0.239188,0.229376,-0.158405,-0.057871,-0.404817,0.173131,0.513262,-0.160103,0.47111,0.243437,-0.234428,0.029649,0.483029,0.186392,0.296094,0.11323,-0.067094,0.011117,-0.30697,-0.216154,0.103253,0.20494,-0.010123,-0.37787,-0.486123,0.217312,0.180867,-0.66562,-0.206363,-0.508149,-0.019969,-0.126216,0.214879,-0.058263,0.636736,0.266993,0.209575,0.494954,-0.089681,-0.168642,-0.020674,-0.417925,0.5304,0.080314,-0.18268,-0.437053,-0.094717,-0.383791,-0.531392,-0.327845,0.0,-0.055892,0.229816,-0.290168,-0.200068,-0.328973,-0.14269,-0.224371,0.229816,0.069066,-0.393993,-0.234228,-0.120945,0.111943,0.46239,-0.0715,0.512709,-0.055892,0.468693,0.180866,-0.381424,0.036211,-0.258032,-0.536883,#
12,2.4e-05,-0.407287,-0.373826,-0.261099,0.16901,-0.008268,-0.171237,0.048205,0.396302,-0.017619,-0.330124,0.072831,1.0,0.297148,-0.27159,-0.42415,2.4e-05,0.400211,-0.002388,0.126566,0.608321,-0.276333,0.120511,0.063608,-0.407295,0.005207,0.348023,0.228338,-0.171237,-0.27159,0.20187,0.530491,0.361241,0.41001,0.128192,-0.293035,0.550507,0.12907,-0.27159,-0.113027,0.174332,0.681143,-0.452153,0.356446,0.387609,-0.068483,-0.510627,0.264792,0.065131,-0.335234,0.191612,-0.12352,0.0,-0.309473,-0.20599,-0.188527,-0.497163,0.285423,0.199695,0.191612,-0.625526,-0.414377,-0.552011,-0.132389,0.25724,-0.059587,0.340157,-0.415578,0.298852,0.27712,0.074028,0.036949,-0.27159,0.004132,0.300399,0.209459,0.551392,-0.149098,0.013537,-0.050749,-0.665257,0.138871,0.230627,0.290811,0.230627,0.067238,0.424063,-0.058498,-0.288605,-0.100931,-0.214237,-0.221692,-0.439249,0.187394,-0.001908,0.218915,0.440663,-0.11721,-0.058498,-0.267591,0.285423,0.175191,-0.128025,-0.428004,0.303222,0.356554,0.072517,-0.149098,-0.134672,-0.157158,0.425393,0.0,0.551392,-0.334458,-0.069921,-0.049369,0.296018,0.147334,-0.058498,-0.340171,0.779759,-0.377609,0.300399,-0.423621,-0.410738,0.425393,-0.407178,0.416711,-0.299721,-0.110086,-0.128025,0.409376,0.06172,-0.067841,0.335444,0.013537,0.077302,0.557296,0.055481,0.424063,0.230627,0.513449,-0.533121,0.265525,-0.050749,-0.427568,0.605281,0.426573,0.06172,0.16339,0.06172,-0.05873,0.361241,-0.372584,-0.331349,-0.27159,-0.082391,-0.056016,-0.050749,-0.101845,0.537183,0.440345,-0.27159,0.542427,0.278699,0.024852,-0.067321,0.118755,-0.267292,0.607637,0.036032,-0.098816,0.296018,-0.128025,-0.521793,-0.069921,0.0,-0.128787,0.025424,0.29423,0.036032,0.381458,-0.613312,-0.02191,-0.37367,-0.259485,0.133245,-0.356941,-0.607228,0.177054,0.282873,-0.1179,-0.348878,-0.128787,-0.444207,0.361241,-0.307382,0.527923,0.292248,-0.009012,#
13,0.0,0.162511,0.338486,0.265949,0.242563,0.341504,0.401605,0.131991,0.289468,-0.112338,0.512205,0.457404,0.297148,1.0,0.129532,-0.299208,0.0,0.365032,-0.279278,0.194298,0.294578,0.235673,-0.197336,0.391374,0.16249,-0.320017,-0.156236,-0.317921,0.401605,0.086355,-0.130463,0.506654,0.043177,-0.294915,-0.141987,0.213498,0.53737,-0.165084,-0.993078,-0.517477,-0.383525,0.423543,-0.222523,-0.136105,0.086355,-0.114638,-0.424263,-0.318592,0.471012,-0.202011,-0.02827,-0.095081,0.0,-0.230097,-0.316543,-0.294791,-0.192204,-0.086892,-0.15548,-0.02827,-0.13086,0.137482,0.017132,-0.202604,0.328617,-0.163672,0.195981,-0.331102,0.43256,0.626472,-0.287161,0.045378,0.086355,-0.350054,-0.12161,0.977114,-0.439371,-0.26213,-0.331756,-0.149582,0.264406,-0.1895,-0.288038,0.425638,-0.313946,0.097149,-0.154393,-0.492541,-0.493726,-0.227912,-0.349427,-0.368811,-0.392902,0.266565,-0.382337,-0.333567,-0.297105,-0.226794,-0.492541,-0.32335,-0.086892,-0.388035,-0.221359,-0.410604,0.452632,-0.492541,0.454078,-0.288038,-0.577297,-0.282249,0.339758,0.0,-0.439371,-0.225406,-0.180976,0.255891,-0.591647,0.023326,0.227081,-0.011784,0.200475,-0.350054,-0.12161,-0.367311,-0.170078,0.339758,-0.702815,-0.156865,0.006509,-0.536231,-0.252982,-0.21237,-0.275341,-0.330067,0.98664,0.337707,0.162511,0.51288,-0.231346,-0.186016,0.345951,-0.214021,-0.550111,0.016719,-0.118188,-0.040555,0.318619,0.340304,-0.275341,-0.404974,-0.275341,0.68268,0.043177,-0.306465,-0.073955,-0.993078,-0.239641,0.459371,-0.149582,0.197863,0.461049,0.172709,0.086355,0.484277,-0.248221,0.38171,-0.480525,-0.235861,0.237458,0.294424,0.39226,-0.194709,-0.591647,-0.221359,-0.517627,-0.149582,0.0,0.445698,0.36629,-0.192948,0.366109,-0.230415,-0.355655,0.313528,0.342086,-0.280441,-0.440333,-0.115863,-0.311354,0.316778,-0.15777,0.182503,0.468653,0.445698,-0.224849,0.043177,-0.164634,-0.212061,-0.145778,0.284611,#
14,1.9e-05,-0.166627,0.352991,0.433617,-0.271744,0.343206,0.285005,0.699301,-0.332831,-0.663584,0.230098,-0.508149,-0.27159,0.129532,1.0,0.238461,1.9e-05,-0.329555,0.244353,-0.166667,-0.271911,0.321572,0.225697,-0.33303,-0.16663,-0.333201,0.197784,-0.407705,0.285005,-0.111111,0.121702,0.245161,-0.111111,-0.329739,0.222154,-0.271984,0.217886,0.213855,-0.111111,-0.218165,-0.272078,0.271803,0.41646,-0.396562,-0.111111,0.332975,0.378449,-0.394215,0.251075,0.226021,0.145483,0.171592,0.0,-0.502324,-0.387647,0.382313,0.142515,0.124703,-0.985527,0.145483,0.193792,-0.170464,0.193305,0.182481,0.153755,0.178195,-0.218165,0.291491,-0.396154,-0.648749,-0.508225,0.194625,-0.111111,-0.333075,0.089414,0.1625,-0.271981,0.258841,-0.333069,-0.66531,0.408248,-0.508492,0.258841,-0.407832,-0.407871,-0.166667,0.148393,-0.218107,-0.271981,-0.407832,0.265403,-0.407871,0.325405,-0.272023,-0.333069,-0.407832,-0.333075,0.154346,-0.218107,-0.389665,0.124703,-0.271981,0.148393,-0.333069,-0.407871,-0.218107,0.205961,-0.407871,-0.218107,-0.407832,-0.333075,0.0,-0.271981,0.205961,-0.66531,-0.218103,-0.218103,0.240107,-0.218107,0.24692,-0.218103,-0.333075,0.089414,0.325405,0.110523,-0.333075,-0.166582,-0.665064,0.033501,-0.218103,0.148393,-0.66531,-0.508492,-0.329276,0.059392,0.317756,0.682842,0.205961,-0.929942,-0.665376,-0.407871,-0.621972,-0.218107,-0.0,0.142567,0.116886,-0.272031,-0.332959,-0.508492,-0.272031,0.200063,0.148393,-0.111111,0.317756,0.082469,-0.111111,0.204227,0.179226,-0.66531,0.509175,-0.468335,-0.111111,-0.111111,-0.508492,-0.407885,0.308485,-0.218218,0.355135,-0.272023,-0.271981,0.323858,0.224612,-0.218103,0.148393,0.478284,0.142567,0.0,0.257219,-0.307279,0.043811,0.323858,0.183273,0.271015,0.316075,0.315584,-0.621972,-0.250394,0.082469,0.29519,-0.244142,-0.995968,0.492669,0.210352,0.257219,0.101258,-0.111111,0.198593,-0.508503,0.051743,0.461147,#
15,-0.000104,-0.191518,-0.240792,0.54926,-0.408167,-0.226969,-0.106823,0.316005,-0.276078,-0.382583,0.043117,-0.00438,-0.42415,-0.299208,0.238461,1.0,-0.000104,-0.736663,0.002602,-0.762789,-0.409283,0.072063,-0.461766,-0.239448,0.336476,0.226179,0.215214,-0.127209,-0.106823,-0.508526,-0.33932,-0.447633,0.181001,-0.273514,0.053059,0.075251,0.019906,0.043939,0.238461,0.449901,0.081801,-0.127209,0.378243,-0.079263,0.209731,0.311011,0.205076,-0.549258,0.453627,0.067209,-0.490915,-0.363333,0.0,0.007039,-0.047138,0.36888,0.466918,-0.26096,-0.311242,-0.490915,-0.22122,0.302636,0.156001,0.204916,-0.110325,-0.377408,-0.541332,0.977511,-0.671884,-0.34724,-0.00438,0.154329,0.209731,-0.234493,0.452159,-0.171832,0.062289,0.366286,0.21788,-0.360036,0.548922,0.02759,0.349046,-0.586025,0.331807,0.293049,0.185292,-0.04799,0.062289,-0.098926,0.805997,0.331807,0.663912,0.054741,0.184223,-0.133073,-0.234493,0.738829,-0.04799,0.299961,-0.26096,0.096448,0.185292,0.201052,-0.125543,-0.04799,-0.018151,0.349046,-0.06608,-0.098926,-0.709154,0.0,0.062289,0.527449,-0.380926,-0.057914,0.412771,-0.064081,-0.545982,0.450175,-0.094788,-0.234493,0.452159,0.680941,0.447536,-0.709154,0.336588,-0.371056,-0.383746,0.449645,0.16425,-0.401816,0.009268,0.292578,-0.426926,-0.2454,0.336486,-0.018151,-0.15259,0.16425,-0.160022,0.091216,-0.04799,-0.567502,-0.339147,-0.272444,-0.823965,-0.714816,0.009268,-0.360318,0.009268,-0.393978,0.181001,0.234709,-0.249165,0.238461,-0.019984,-0.510858,-0.360036,0.430712,0.076696,-0.508526,0.209731,-0.513427,-0.555399,-0.632668,-0.509707,-0.070958,0.07207,-0.407895,-0.228493,-0.327474,0.412771,0.185292,-0.062529,-0.360036,0.0,-0.537857,-0.663333,-0.388562,-0.680911,-0.365457,0.783139,-0.235291,-0.244589,0.091216,-0.376728,-0.27705,0.823979,-0.778191,-0.304936,0.392768,-0.021152,-0.537857,0.420417,0.181001,-0.411376,-0.464046,-0.34519,-0.081364,#
16,0.0,-1.5e-05,-4.6e-05,4.7e-05,-4.9e-05,2.4e-05,9.6e-05,0.0,-4.8e-05,-0.000119,5.1e-05,-0.000104,2.4e-05,0.0,1.9e-05,-0.000104,0.0,-2.3e-05,0.0,5.6e-05,5e-05,-5.1e-05,0.0,4.9e-05,-2.8e-05,2.5e-05,-5.9e-05,0.0,9.6e-05,-1.9e-05,7.6e-05,-0.000101,-2.1e-05,-4.7e-05,5.3e-05,0.0,0.0,-5.2e-05,3.7e-05,2.6e-05,-2.4e-05,0.0,-0.000471,-2.6e-05,0.0,-5.3e-05,-4.9e-05,2.6e-05,0.000104,0.0,0.000658,5.7e-05,0.0,5.1e-05,9.5e-05,0.000109,7.6e-05,7.8e-05,-7.6e-05,0.000658,-5.7e-05,-2.9e-05,0.000123,-5.9e-05,0.0,0.0,2.6e-05,-0.000203,-0.000101,0.0,5.3e-05,0.0,-2.1e-05,-3.4e-05,-0.000116,-0.000155,0.0,7.1e-05,3.5e-05,0.0,-3.6e-05,-3.8e-05,7.1e-05,0.0,7.1e-05,-2.2e-05,8.7e-05,-3.7e-05,0.0,0.0,3.6e-05,7.1e-05,-7e-05,1.8e-05,3.5e-05,0.0,-3.4e-05,4.4e-05,-3.7e-05,-7.3e-05,7.8e-05,0.0,8.7e-05,3.5e-05,7.1e-05,-3.7e-05,-7.6e-05,7.1e-05,-3.7e-05,0.0,-3.4e-05,0.0,0.0,-7.6e-05,0.0,3.8e-05,3.8e-05,7.8e-05,-3.7e-05,3.9e-05,3.8e-05,-3.4e-05,-0.000116,-7e-05,0.0,-3.4e-05,0.0,6e-05,0.000606,3.8e-05,8.7e-05,0.0,-3.8e-05,-3.4e-05,-0.000269,3.5e-05,-1.5e-05,-7.6e-05,-7.9e-05,8.7e-05,7.1e-05,-8.6e-05,-3.7e-05,0.0,0.0,-0.000151,-6.9e-05,-4.1e-05,-3.8e-05,-6.9e-05,-3.8e-05,8.7e-05,1.5e-05,3.5e-05,-0.00023,-1.4e-05,7.2e-05,3.5e-05,0.0,-1.9e-05,0.0,-1.4e-05,1.5e-05,-3.8e-05,-7e-05,7.3e-05,1.8e-05,0.0,1.8e-05,0.0,0.000152,0.0,3.8e-05,8.7e-05,4e-05,0.0,0.0,7.6e-05,7.5e-05,-0.000528,0.000152,9.8e-05,8e-05,7.5e-05,7.5e-05,-8.6e-05,7.7e-05,-0.00023,4.2e-05,7.5e-05,-0.00023,4.2e-05,0.0,7.6e-05,0.000131,-3.6e-05,0.0,3.7e-05,-0.000234,-4.1e-05,#
17,-2.3e-05,0.020831,0.278927,-0.488527,0.48465,-0.13456,0.068987,-0.493838,0.588405,0.535201,0.186224,0.205233,0.400211,0.365032,-0.329555,-0.736663,-2.3e-05,1.0,0.155423,0.55661,0.477041,-0.358508,0.32746,0.267326,-0.494222,-0.257554,-0.016129,-0.030469,0.068987,0.371073,0.322743,0.614585,-0.329555,0.157561,0.185138,0.034936,0.175386,-0.579218,-0.329554,-0.316226,-0.369664,0.365631,-0.509404,-0.016833,0.189429,-0.371902,-0.134611,0.386544,-0.26427,0.176832,0.270112,-0.02167,0.0,0.249505,-0.401644,-0.423302,-0.335967,-0.301979,0.365113,0.270112,0.053939,0.022459,0.045066,-0.522668,-0.167872,0.13582,0.264084,-0.740453,0.519669,0.424987,0.184996,0.086361,-0.329555,0.171839,-0.338883,0.228303,-0.057167,-0.453195,-0.249362,0.512748,-0.394086,0.199157,-0.453195,0.822293,-0.453195,-0.494332,-0.506762,0.244979,-0.365688,0.073022,-0.895608,-0.453195,-0.988129,0.360642,-0.158165,-0.019503,0.171839,-0.545879,-0.179818,-0.105412,-0.301979,-0.057167,-0.506762,0.145826,0.396775,0.146949,0.213311,-0.04836,-0.179818,-0.019503,0.6916,0.0,-0.057167,-0.263768,0.135401,-0.170832,-0.313846,-0.135982,0.712065,-0.61622,0.162212,0.262002,-0.338883,-0.680526,-0.36085,0.6916,-0.49408,0.487058,-0.053202,-0.313846,-0.012633,0.512748,-0.231085,0.151528,0.457031,0.185166,-0.112699,0.213311,0.066169,-0.012633,0.396775,0.100127,-0.179818,0.080404,0.022197,0.308661,0.802009,0.694408,-0.231085,0.367136,-0.231085,0.150587,-0.329555,-0.553353,0.364605,-0.329555,-0.41832,0.571659,0.512748,0.134203,0.213023,0.371073,-0.329555,0.672229,0.803228,0.26846,0.270105,0.116869,-0.046312,0.476393,-0.133687,0.132755,-0.313846,-0.506762,-0.167132,0.135401,0.0,0.475354,0.652847,0.406198,0.673738,-0.005287,-0.815863,-0.144526,0.260091,-0.077286,0.041331,-0.139116,-0.504352,0.457783,0.364605,-0.636697,-0.137007,0.475354,-0.370261,-0.329555,0.28807,0.227763,-0.230206,-0.130504,#
18,0.0,-0.183854,0.304536,-0.404148,0.108942,-0.178266,0.411763,0.366163,0.610986,-0.365472,0.013597,-0.500261,-0.002388,-0.279278,0.244353,0.002602,0.0,0.155423,1.0,0.366529,0.082786,0.12042,0.584668,-0.656651,-0.754451,-0.278599,0.228596,0.357239,0.411763,0.2731,0.477198,0.537709,0.244353,-0.307395,-0.030251,0.122443,-0.023677,-0.358149,0.244353,-0.125719,-0.316772,0.28551,0.390592,0.266239,0.071868,-0.571307,0.724498,0.360674,-0.447625,0.494867,-0.27289,-0.36914,0.0,0.085312,-0.428962,0.370346,0.483681,-0.240867,-0.284403,-0.27289,-0.206721,-0.231751,-0.396156,0.215829,-0.725995,0.304704,0.480517,-0.09572,-0.137864,-0.436406,0.519919,-0.363392,-0.503079,0.19977,-0.269342,-0.225705,0.477501,-0.57837,-0.707715,-0.345496,-0.334478,-0.48742,-0.129879,-0.137172,-0.121762,-0.194045,-0.359782,-0.036733,0.1719,-0.496935,-0.113249,-0.085233,-0.153348,0.00765,-0.185719,0.350216,-0.276153,-0.371881,-0.489238,-0.164877,-0.240867,-0.419196,-0.315196,0.194634,-0.613884,0.351889,0.019031,-0.139012,0.49882,-0.09396,0.257547,0.0,0.477501,0.008156,-0.220085,-0.987506,0.368959,0.471462,0.461555,-0.008406,-0.138902,0.283008,-0.269342,-0.25558,-0.205314,0.257547,-0.177938,0.184483,-0.143016,-0.110687,0.768485,0.197953,-0.430267,0.16264,-0.230493,-0.252083,0.239645,-0.020119,-0.268708,-0.380836,0.327743,-0.205757,0.028215,0.089071,-0.324594,-0.274334,0.033208,0.255485,0.054997,0.497131,0.531633,-0.232217,0.244353,-0.160957,-0.224037,0.244353,0.025383,0.066596,-0.345496,0.348162,-0.439099,-0.503079,-0.503079,0.008627,0.31261,-0.177479,0.00941,0.475284,-0.389127,0.092484,-0.634959,0.216807,0.368959,0.242125,0.479366,0.323365,0.0,-0.06164,-0.197679,0.493073,0.243211,0.248245,-0.036209,0.265775,-0.181564,0.194701,0.587992,-0.056625,-0.136381,-0.317435,-0.224037,-0.020847,-0.357381,-0.06164,-0.228298,0.244353,0.090774,0.035832,-0.174036,-0.0,#
19,5.6e-05,0.362658,0.529486,-0.407495,0.096859,-0.0117,0.427508,-0.24975,0.530944,0.285801,0.345147,-0.22393,0.126566,0.194298,-0.166667,-0.762789,5.6e-05,0.55661,0.366529,1.0,0.107117,0.122705,0.338546,0.004029,-0.249944,0.008127,-0.311267,0.42809,0.427508,0.666667,0.245502,0.367741,-0.166667,0.035329,-0.214846,0.101994,-0.217886,-0.22108,-0.166667,-0.327248,-0.408117,-0.101926,0.039044,0.382089,-0.166667,-0.59585,0.016336,0.351366,-0.748896,0.339032,0.218225,0.305053,0.0,0.383057,-0.110008,-0.126434,0.213773,0.187054,0.22743,0.218225,0.219207,-0.231574,-0.320479,0.273722,-0.144145,0.267293,0.756495,-0.824023,0.493797,0.194625,0.354881,-0.316265,-0.166667,0.522323,-0.632282,0.147533,0.116563,-0.611807,-0.499604,0.285133,-0.408248,-0.200062,-0.611807,0.436963,-0.082359,-0.25,-0.351836,-0.32716,0.116563,-0.087393,-0.612012,-0.082359,-0.49973,0.124184,-0.499604,0.436963,0.011355,-0.998429,-0.32716,-0.036531,0.187054,-0.407971,-0.351836,0.017228,-0.082359,0.228395,-0.195452,-0.082359,0.228395,0.436963,0.522323,0.0,0.116563,-0.195452,0.285133,-0.327154,-0.327154,0.424475,0.783951,-0.149451,-0.327154,0.522323,-0.632282,-0.49973,-0.629982,0.522323,-0.249873,0.268011,0.301509,-0.327154,0.294393,0.285133,-0.200062,-0.072965,0.311805,0.017228,-0.24994,-0.195452,0.169476,-0.351836,0.44709,-0.291994,0.228395,0.322756,0.285133,0.237947,0.626437,0.526805,0.362613,0.626437,0.362613,0.294393,-0.166667,0.017228,0.218859,-0.166667,-0.14416,0.469039,0.285133,-0.327327,-0.367977,-0.166667,-0.166667,0.362613,0.427125,0.493169,0.218218,0.048427,0.124184,0.116563,0.012618,0.181418,-0.327154,0.294393,0.248082,0.285133,0.0,0.417454,0.504519,0.284771,0.517332,0.234482,-0.593122,0.505303,0.037372,0.348969,0.61113,0.218859,-0.611464,0.595871,0.218859,-0.296983,-0.175293,0.417454,-0.607548,-0.166667,0.330988,0.353472,0.271653,0.284826,#
20,5e-05,-0.407769,0.001318,-0.664816,0.584006,0.006941,0.221427,0.066675,0.394127,-0.018515,-0.349064,0.089205,0.608321,0.294578,-0.271911,-0.409283,5e-05,0.477041,0.082786,0.107117,1.0,-0.261062,0.537682,0.431131,-0.407776,-0.396891,0.383832,-0.158563,0.221427,-0.271911,0.350734,0.530403,0.387268,0.083838,0.111564,0.125052,0.551883,0.130444,-0.271911,-0.533895,0.191349,0.682626,-0.750215,-0.075345,-0.271911,-0.484033,-0.095501,0.559119,0.186406,-0.35408,0.167223,-0.520305,0.0,-0.328185,-0.189186,-0.640475,-0.502941,-0.354919,0.246113,0.167223,-0.135151,0.079743,-0.552192,-0.619106,-0.275551,0.419261,0.340872,-0.403504,0.592522,0.396905,0.073934,0.016838,-0.271911,-0.394079,0.299329,0.211626,0.158474,-0.544442,-0.372198,-0.070483,-0.262381,0.12178,-0.148907,0.275075,-0.166357,0.086517,-0.059282,0.35736,-0.273728,0.275075,-0.598969,-0.602609,-0.424596,0.170444,0.400021,-0.174262,0.043787,-0.098006,-0.057678,-0.09271,-0.354919,-0.216101,-0.591758,-0.428979,0.287344,-0.075989,0.089459,-0.166357,-0.118713,-0.565993,0.807243,0.0,0.158474,-0.353162,0.408799,-0.048522,-0.11073,-0.2868,0.33905,-0.761031,0.37449,-0.01235,0.299329,-0.815293,-0.384126,0.807243,-0.407659,0.41803,0.293154,-0.533741,-0.130279,0.408799,-0.34185,0.007215,0.332527,-0.372198,-0.407769,0.557017,0.060584,0.423496,0.229178,0.512997,-0.533752,0.27658,-0.549764,-0.305237,0.20372,0.805346,-0.360395,-0.239521,-0.360395,0.423496,0.387268,-0.389232,-0.358003,-0.271911,-0.061471,0.399955,-0.070483,-0.102489,0.545215,0.442199,-0.271911,0.542138,0.263099,0.010435,-0.066528,0.002394,-0.665695,0.999828,0.021106,0.387376,-0.11073,-0.613057,-0.523408,0.408799,0.0,0.231295,0.380195,0.291319,0.39539,-0.095138,-0.203284,-0.022206,-0.004721,-0.036265,0.133127,0.281792,-0.608419,0.162536,0.281792,-0.102094,0.083773,0.231295,-0.419077,0.387268,0.069272,0.110676,-0.324241,-0.028163,#
