0,1.0,-0.233685,-0.017732,-0.434311,0.48299,-0.266269,0.206406,-0.016197,0.122423,0.00363,-0.601562,0.049582,0.802162,-0.115387,-0.3989,-0.277303,-0.050517,0.253239,0.026081,-0.110129,0.0,-0.14841,0.387762,-0.533939,-0.216923,-0.220622,-0.571649,-0.108422,-0.077135,0.159622,-0.339949,-0.451043,-0.271939,-0.058649,-0.391117,0.427334,0.170827,0.079478,0.223957,-0.189358,0.342702,0.087229,-0.11283,-0.507441,-0.224435,0.408738,0.491094,0.316494,-0.402044,0.289267,0.277493,-0.096164,-0.070092,-0.025433,0.042293,0.107625,0.282005,0.394975,-0.375186,-0.358735,0.310669,-0.570953,0.355499,-0.536534,-0.314642,0.387829,-0.093175,0.228061,0.789341,-0.403136,0.485606,-0.151993,-0.29938,-0.389936,0.027551,0.406514,0.174458,-0.533797,0.261985,0.065231,-0.076297,-0.001806,-0.259597,0.116545,0.08715,0.027551,-0.663776,-0.246734,0.36453,-0.092686,-0.401128,0.177437,-0.085055,0.28136,0.027551,-0.532812,-0.141434,0.162191,0.521634,-0.431617,0.314917,-0.407701,0.065231,-0.230694,0.00777,0.097121,0.229924,0.47866,-0.533797,-0.181665,0.199473,-0.407095,0.199473,-0.407909,-0.101675,-0.27194,-0.431617,0.142738,0.28136,-0.590624,0.097121,-0.564711,-0.104764,-0.513817,-0.355499,-0.104764,-0.407909,-0.355499,0.130995,-0.275219,-0.237898,-0.013827,0.416923,-0.07225,-0.001806,-0.532812,0.106237,0.36453,-0.021289,-0.141434,-0.224407,-0.062294,-0.27194,0.285705,-0.001806,-0.119573,-0.407909,0.548894,-0.591371,-0.149745,-0.372643,-0.355614,-0.076297,0.00777,-0.405607,0.097121,0.42145,0.323171,-0.372643,-0.407909,0.212402,0.116545,-0.407909,0.027551,0.244076,-0.243927,-0.07508,-0.162295,-0.118296,-0.092686,-0.142739,0.215155,0.174458,-0.182358,-0.17888,-0.338585,0.36453,0.390694,0.165662,-0.275883,-0.074629,0.019679,-0.431889,-0.322111,0.523181,0.282955,0.042156,0.521634,-0.283009,0.422145,0.065231,-0.243927,0.076297,0.536154,-0.069659,0.338462,0.243927,-0.355614,-0.083822,0.400256,#
1,-0.233685,1.0,-0.446774,-0.419177,-0.336484,-0.241151,-0.158246,0.286595,0.010802,0.020733,-0.158246,0.359767,0.034061,-0.09029,0.410029,0.191149,0.010425,0.261964,-0.023278,0.381937,0.0,0.336249,0.014277,-0.096169,0.182726,0.191413,0.210675,0.304078,0.31904,0.206816,-0.322028,0.491363,0.414757,0.364655,0.086759,0.414757,0.125184,0.086759,-0.218857,-0.158246,-0.097381,0.473998,0.276086,-0.201813,-0.267318,-0.419489,0.369673,-0.152733,-0.272645,0.166999,0.155852,-0.575985,-0.534257,0.485972,0.023727,0.283423,-0.428079,-0.389897,-0.307507,0.155852,-0.390516,0.245896,0.165569,0.241835,0.019242,-0.349095,0.34661,0.269473,-0.159568,-0.336612,-0.568309,-0.135099,0.174287,-0.047203,-0.038011,-0.115215,-0.262074,-0.110293,-0.208169,-0.817601,-0.102037,-0.424418,-0.267795,0.087178,-0.409124,-0.038011,0.120207,0.120207,-0.102037,0.327779,0.383058,0.145661,-0.110293,0.206616,-0.038011,0.327779,0.219788,-0.267795,-0.383836,-0.017316,0.190694,-0.407944,-0.817601,0.120207,-0.42004,-0.408152,-0.45342,-0.041749,-0.110293,-0.215756,-0.283484,0.059022,0.132254,0.087178,-0.110293,-0.272101,-0.017316,-0.262074,0.206616,0.193748,-0.408152,0.20752,-0.672118,-0.236818,0.353593,-0.672118,0.087178,-0.344782,-0.298884,-0.267795,-0.262074,-0.047203,-0.022819,0.086357,-0.424418,0.327779,-0.408054,-0.102037,-0.207349,0.219788,0.132254,-0.607889,-0.272101,0.278215,-0.424418,-0.614716,0.087178,-0.211512,-0.155913,-0.215756,0.042506,-0.409124,-0.102037,-0.007925,-0.047203,-0.408152,0.013633,-0.223458,0.042506,0.087178,-0.199171,0.087178,0.087178,-0.038011,-0.199171,0.583464,0.327779,0.31555,-0.534114,0.327779,-0.158539,-0.01691,-0.262074,-0.182619,0.241762,0.042506,-0.102037,-0.002306,0.165916,-0.342228,0.521284,-0.606502,-0.002639,0.085764,0.106944,-0.367919,0.02047,0.069304,-0.231164,-0.002306,-0.817601,0.583464,0.084742,0.02047,-0.50117,0.385066,0.241762,-0.409124,0.1171,-0.121161,#
2,-0.017732,-0.446774,1.0,0.313342,0.252557,0.016696,0.057956,0.157618,-0.263197,-0.177808,-0.336099,-0.303915,-0.230285,-0.168397,-0.550741,-0.412177,0.570945,-0.021894,-0.221378,-0.65286,0.0,-0.038948,-0.184281,0.219222,-0.018198,-0.388208,0.041575,-0.4756,-0.557345,-0.01007,0.184344,-0.112988,-0.332654,0.18998,-0.204085,-0.332654,0.181359,-0.238793,0.40356,0.057956,-0.208156,-0.253583,0.401643,0.307913,0.031682,0.165712,-0.330394,-0.028543,-0.17947,-0.440648,0.233219,0.47032,0.236327,-0.49415,0.127385,-0.580231,0.299408,0.093251,0.178102,0.233219,-0.267566,0.009476,-0.410808,0.020086,-0.118164,0.247274,-0.231088,-0.392277,0.017042,0.280976,-0.012249,0.360112,0.023265,0.216063,-0.221039,0.073869,-0.041057,0.217269,-0.014177,0.661302,0.173881,0.188444,0.003568,0.448697,0.23818,-0.221039,0.027902,0.027902,0.173881,0.224681,-0.616251,-0.029492,0.630976,0.014222,-0.221039,-0.231074,-0.43192,0.392426,0.211956,0.203728,-0.475811,0.038109,0.661302,0.427172,0.177931,-0.498982,0.372182,-0.122257,0.217269,0.460007,0.031129,0.489682,-0.017569,-0.034813,0.217269,0.363599,0.203728,-0.025266,0.014222,0.043282,-0.498982,0.01505,0.545496,0.15754,-0.380393,0.545496,-0.034813,0.275096,0.205255,0.407981,0.385309,0.231666,-0.230664,-0.279266,0.188444,-0.231074,0.507354,0.173881,-0.355568,-0.43192,-0.017569,0.545832,0.363599,-0.228334,0.188444,0.494483,-0.034813,0.154445,0.041611,0.01505,-0.185717,0.695988,0.173881,-0.239821,-0.174025,-0.498982,-0.186526,-0.191261,-0.185717,-0.034813,0.44449,0.448697,0.487377,0.205789,0.002968,-0.37099,-0.231074,-0.79742,0.250366,0.224681,0.025266,-0.005619,-0.041057,0.397432,-0.367752,-0.202672,0.173881,-0.16627,-0.378232,0.216209,-0.09461,-0.051815,0.199356,-0.178603,-0.322297,-0.055777,-0.117409,-0.247382,0.02263,-0.181928,0.661302,-0.37099,0.231279,-0.117409,0.658048,-0.234175,-0.367752,0.695988,0.090097,-0.213545,#
3,-0.434311,-0.419177,0.313342,1.0,-0.154327,0.298053,-0.186495,-0.615298,-0.253453,-0.33777,0.469057,-0.397633,-0.353781,0.264939,-0.274472,0.294712,0.308544,-0.302167,0.29547,0.26448,0.0,-0.223887,-0.308783,0.151383,-0.473873,-0.414161,0.432228,-0.353939,-0.15834,-0.361531,0.489658,-0.255654,0.119934,-0.5503,0.49235,-0.993742,-0.286622,0.463524,-0.426382,-0.21167,0.23548,-0.335747,-0.331676,0.353782,0.240543,-0.189974,-0.430759,-0.356422,0.566172,-0.135713,-0.090007,0.615818,0.179796,0.003205,-0.195858,-0.089731,-0.20005,-0.182173,0.485485,-0.130478,-0.114538,-0.267548,-0.1979,-0.185971,-0.194182,-0.096776,0.176981,-0.214666,-0.333116,0.976315,-0.206941,0.330832,0.347401,0.254913,0.253936,-0.127742,0.188857,0.15296,0.332817,0.465862,0.123381,0.258058,0.216115,0.083526,0.434727,0.253936,0.213163,0.239691,0.151423,0.176755,0.306453,-0.463899,0.15296,-0.273969,0.253936,0.147638,0.359505,0.216115,-0.227066,0.308833,-0.193453,0.148618,0.465862,0.213163,0.282703,0.147776,-0.054215,-0.207664,0.15296,0.412713,0.293106,0.152926,0.212216,0.083526,0.180447,0.119934,0.308833,0.215088,-0.273969,0.384475,0.147776,0.359921,0.619213,0.160066,-0.14738,0.619213,0.083526,0.941419,0.431019,0.216115,0.215088,0.306749,-0.380393,-0.270236,0.258058,0.147638,0.148371,0.151423,-0.270321,0.359505,0.209044,0.350299,0.119934,-0.249491,0.258058,0.614371,0.083526,-0.364906,0.651404,0.333524,0.491056,0.462892,0.123381,0.282703,0.280831,0.147776,-0.334074,-0.140531,0.491056,0.083526,-0.227104,0.083526,0.147776,0.306453,-0.305682,-0.344256,0.202446,-0.172788,0.207935,0.176755,-0.241318,-0.111127,0.188857,0.362527,-0.22054,0.462892,0.151423,-0.255538,-0.334411,0.905684,-0.269801,0.521709,0.28407,-0.185882,-0.336124,-0.114866,-0.193255,-0.227066,0.295295,-0.281547,0.465862,-0.369471,-0.179465,-0.161832,0.194866,-0.481063,-0.193645,0.462892,-0.334983,0.231562,#
4,0.48299,-0.336484,0.252557,-0.154327,1.0,0.121687,0.831119,0.086198,-0.270194,-0.176478,-0.031151,-0.114908,0.156931,-0.009097,-0.143127,-0.362089,0.178394,-0.096144,-0.608251,-0.05462,0.0,0.342357,0.221672,-0.510149,-0.30278,0.121457,-0.091986,-0.550028,-0.146526,0.568347,0.031697,-0.429295,-0.507455,-0.001419,-0.424985,0.225536,0.026179,-0.46293,0.550617,0.416885,-0.06081,0.227309,-0.079104,-0.502896,-0.352767,0.581826,-0.173508,0.430841,-0.315547,-0.036414,0.664854,-0.377679,-0.061338,-0.527313,0.374057,-0.150855,-0.173247,0.581658,-0.470958,-0.001065,0.585035,-0.034527,-0.096313,-0.161142,0.206878,0.484379,-0.534781,0.364547,0.393432,-0.267927,0.19382,-0.61206,0.124525,-0.638193,-0.671991,0.828906,-0.397071,-0.498048,-0.560026,0.045186,-0.553679,-0.242779,-0.3491,-0.253728,-0.433986,-0.671991,-0.757977,-0.321473,-0.09228,-0.515166,-0.637426,-0.393503,-0.063852,-0.05948,-0.671991,-0.994259,-0.542461,0.059017,0.028446,-0.20936,-0.115354,-0.195633,0.045186,-0.338933,-0.219897,-0.232584,0.505516,0.090615,-0.498048,-0.024527,0.126313,-0.13537,-0.370587,-0.761183,-0.045761,0.225536,-0.20936,-0.379808,-0.05948,-0.478328,-0.232584,-0.510979,-0.284162,-0.404832,-0.206385,-0.284162,-0.761183,-0.263715,-0.479563,-0.3491,-0.34528,-0.194669,-0.264653,-0.332734,-0.242779,-0.994259,0.296773,-0.09228,-0.03065,-0.542461,-0.407124,0.406864,0.225536,-0.124399,-0.242779,-0.343621,-0.761183,0.975254,-0.262975,-0.528352,-0.396912,-0.378375,-0.553679,-0.253728,-0.621134,-0.232584,0.234662,-0.032877,-0.396912,-0.761183,0.379261,-0.253728,-0.169152,-0.188076,-0.120674,0.170377,-0.075528,0.031934,-0.045761,-0.515166,0.379808,-0.559593,-0.397071,-0.111564,-0.02434,-0.415449,-0.09228,0.693292,0.584027,-0.251871,0.180779,0.358607,-0.205815,0.095362,0.621067,0.594234,0.121507,-0.008753,0.102292,0.676174,0.045186,0.137187,0.553679,0.638559,0.470848,0.425013,0.418199,-0.378375,-0.39912,0.384402,#
5,-0.266269,-0.241151,0.016696,0.298053,0.121687,1.0,-0.090944,-0.520557,-0.258937,0.394913,0.296248,0.049016,-0.45247,-0.019425,0.443353,0.158408,-0.034426,-0.162265,-0.453109,-0.067232,0.0,-0.212605,0.019131,-0.113408,0.165363,0.14191,-0.184354,-0.225237,0.035087,0.205059,0.576573,0.432479,-0.27142,-0.068558,-0.355389,-0.27142,-0.428593,0.070226,0.208619,0.296248,-0.532908,0.37599,-0.127385,0.217996,0.133557,0.225641,-0.419832,-0.285601,0.030218,0.374808,-0.259834,-0.083755,0.306104,0.100303,0.147385,-0.063303,-0.398668,0.478619,-0.306065,0.362612,0.277391,0.277555,-0.368569,-0.045967,0.184635,-0.370375,-0.532619,0.273782,-0.269331,0.310417,-0.191378,-0.199978,0.240716,-0.030202,-0.020811,-0.036635,0.125868,-0.110017,-0.190263,0.07341,0.312245,-0.04851,-0.267125,0.067196,-0.389754,-0.020811,-0.254501,-0.662509,-0.119033,-0.531795,0.011498,0.137593,-0.126928,-0.13236,-0.020811,-0.083979,0.236622,-0.283019,0.095719,-0.017272,-0.395692,0.072806,0.07341,-0.270821,0.403178,0.08696,0.270383,-0.051055,-0.110017,-0.539042,0.19925,0.17722,-0.265211,0.08696,-0.532778,-0.27142,-0.017272,-0.261418,-0.13236,-0.156726,0.08696,0.224195,-0.094944,-0.042598,-0.471456,-0.094944,0.08696,0.171585,-0.439136,-0.267125,0.577702,-0.811506,-0.030287,0.317044,-0.04851,-0.083979,0.057882,-0.119033,-0.021661,0.236622,0.530032,0.217617,-0.27142,-0.377517,-0.04851,-0.003244,0.08696,0.048215,0.419969,-0.198021,-0.3551,0.0954,0.312245,0.371556,-0.412881,0.08696,0.015793,0.09465,-0.3551,0.08696,-0.544643,0.067196,0.146251,0.027653,-0.206256,0.211788,-0.120858,-0.074237,-0.110017,-0.531795,0.664842,-0.177464,0.125868,0.201139,0.28459,0.060746,-0.119033,0.029701,0.198092,0.404152,-0.023315,0.412469,-0.000608,0.548622,-0.156042,-0.2056,0.196822,0.060949,0.158541,0.41372,0.07341,-0.222543,-0.312245,-0.286475,0.339802,-0.074282,-0.129058,0.0954,0.350222,0.309046,#
6,0.206406,-0.158246,0.057956,-0.186495,0.831119,-0.090944,1.0,0.200103,0.028845,-0.327524,0.201056,0.077819,-0.024607,0.114499,0.055197,-0.181984,-0.002488,-0.232614,-0.374186,0.072429,0.0,0.544022,0.043987,-0.349592,-0.127114,0.265998,0.143388,-0.282342,0.226683,0.67998,-0.095211,-0.511154,-0.407495,0.121723,-0.106881,0.271664,-0.121284,-0.56394,0.273394,0.616188,0.066745,-0.003732,-0.230686,-0.656207,-0.568841,0.432546,-0.351341,0.321707,0.009719,-0.07661,0.575748,-0.443053,-0.349592,-0.482724,0.244209,-0.303939,-0.201457,0.471232,-0.151764,-0.041266,0.459431,0.198351,-0.183579,0.209031,0.471119,0.432336,-0.372484,0.211803,0.239278,-0.307095,0.05812,-0.722264,0.268565,-0.783225,-0.819322,0.666115,-0.598254,-0.338412,-0.679736,-0.077754,-0.800305,-0.40855,-0.169979,-0.611243,-0.528203,-0.819322,-0.549286,-0.14484,-0.372792,-0.3545,-0.402973,-0.600546,-0.338412,-0.219867,-0.819322,-0.798407,-0.663461,-0.169979,-0.100155,-0.006011,-0.155282,-0.087276,-0.077754,-0.549286,-0.391823,-0.121465,0.405938,-0.033584,-0.338412,0.206804,-0.124387,-0.031578,-0.584795,-0.611243,0.080659,0.271664,-0.006011,-0.198352,-0.219867,-0.214451,-0.121465,-0.630259,-0.360296,-0.256648,0.351861,-0.360296,-0.611243,-0.338687,-0.577855,-0.169979,-0.550266,0.007066,-0.43766,-0.438343,-0.40855,-0.798407,-0.091864,-0.372792,0.054719,-0.663461,-0.618648,0.326717,0.271664,-0.225916,-0.40855,-0.434162,-0.611243,0.817404,-0.340664,-0.646357,-0.081635,-0.476676,-0.800305,-0.423168,-0.388079,-0.121465,0.040007,-0.098698,-0.081635,-0.611243,0.58142,-0.611243,-0.062692,-0.370946,-0.265153,0.315319,0.052851,0.251786,0.080659,-0.3545,0.198352,-0.527034,-0.598254,-0.253117,0.21363,-0.511028,-0.372792,0.835089,0.69863,-0.326723,0.386316,0.237,0.006825,-0.03836,0.754392,0.682043,-0.011019,-0.134621,0.24819,0.43856,-0.077754,0.284566,0.800305,0.46806,0.150419,0.516832,0.623668,-0.476676,-0.552537,0.052851,#
7,-0.016197,0.286595,0.157618,-0.615298,0.086198,-0.520557,0.200103,1.0,-0.172851,-0.149471,-0.290716,0.109783,-0.142089,-0.417851,-0.160962,-0.521819,0.193468,0.040805,-0.366212,-0.418226,0.0,0.244798,-0.153369,0.462497,0.31797,0.480815,0.051274,0.093363,-0.361799,-0.011334,-0.171682,0.119645,-0.2131,0.470756,-0.081474,0.589886,0.494721,-0.621865,0.418861,0.200103,-0.418402,-0.118519,0.501553,0.006112,-0.015037,0.213462,0.116047,0.373595,-0.556855,-0.665017,0.119406,-0.359618,0.114231,-0.571602,0.511907,0.004805,0.211498,-0.116053,-0.17581,0.119406,-0.192503,0.521986,0.171203,0.282905,0.141352,0.060853,-0.060437,-0.28729,-0.210279,-0.690176,0.002702,-0.030347,-0.520704,0.195011,-0.315959,-0.005886,-0.200473,0.464233,-0.453903,-0.08368,-0.074808,0.176159,0.307811,0.074122,-0.068328,-0.315959,0.331581,0.331581,-0.074808,-0.060635,-0.315959,0.273882,0.464233,0.025035,-0.315959,-0.060635,-0.453903,0.307811,-0.13088,0.176159,0.146637,0.299643,-0.08368,0.331581,-0.324283,-0.31965,0.212286,0.11278,0.464233,0.067285,-0.520792,0.051729,-0.190294,0.074122,0.464233,0.589886,0.176159,-0.200473,0.025035,0.075502,-0.31965,0.067285,-0.238252,0.424687,0.320677,-0.238252,0.074122,-0.495773,-0.152099,0.307811,-0.200473,0.195011,0.138238,-0.194183,0.176159,-0.060635,0.294327,-0.074808,0.096635,-0.453903,-0.190294,0.170859,0.589886,0.37613,0.176159,-0.387841,0.074122,0.221014,-0.238252,0.067285,-0.068328,-0.068328,-0.074808,-0.324283,0.195011,-0.31965,-0.137275,-0.459568,-0.068328,0.074122,0.521235,0.074122,0.074122,-0.315959,0.521235,0.000485,-0.060635,0.124923,0.127308,-0.060635,0.200473,-0.265401,-0.200473,0.050979,-0.267124,-0.068328,-0.074808,-0.137014,-0.007759,-0.786381,-0.061919,-0.600923,0.175866,0.084211,-0.059471,0.001363,0.034977,-0.13088,-0.013291,-0.137014,-0.08368,0.473163,0.41852,0.034977,0.169458,0.119017,-0.267124,-0.068328,0.074002,-0.417528,#
8,0.122423,0.010802,-0.263197,-0.253453,-0.270194,-0.258937,0.028845,-0.172851,1.0,0.353638,0.011837,0.110869,0.307981,0.527261,0.328169,0.108929,-0.769988,0.354444,0.574067,-0.023882,0.0,-0.011201,0.372578,-0.203006,0.469411,-0.324423,-0.053597,0.736736,0.75133,0.169226,-0.439151,-0.056389,0.257543,0.371478,-0.084129,0.257543,-0.035171,-0.084129,-0.195439,0.011837,0.46725,-0.171003,-0.049715,-0.201208,-0.353846,-0.375657,0.178961,0.033655,0.565,0.526359,-0.151251,0.25873,-0.529321,0.48686,-0.721825,-0.475624,0.535373,-0.009807,0.549244,-0.178592,-0.101901,-0.134676,-0.367548,0.299696,0.105073,0.285084,0.309005,0.07559,0.481667,-0.162517,0.283225,-0.127563,0.191455,-0.359875,0.096733,-0.194822,-0.042529,-0.209949,0.240752,-0.032025,-0.195123,-0.351702,-0.059448,-0.373293,-0.090436,0.096733,-0.061883,-0.043961,-0.176179,0.3079,0.096733,-0.034575,-0.655626,0.324651,0.096733,0.28823,-0.209995,-0.478356,0.473003,-0.351702,-0.302714,-0.236133,-0.032025,-0.492008,0.147581,0.321205,-0.300646,-0.291694,-0.209949,0.291512,0.174013,0.247411,-0.026359,0.147581,-0.191379,-0.49483,-0.351702,0.400483,0.324651,-0.236513,0.321205,-0.671452,0.133685,-0.232676,0.365665,0.133685,0.147581,-0.399324,-0.007703,-0.059448,0.010632,0.095376,0.104942,0.374444,-0.351702,0.28823,-0.742066,-0.176179,0.436604,-0.209995,-0.462464,-0.508103,-0.49483,-0.497136,-0.351702,0.233357,0.147581,-0.228792,-0.41001,-0.225636,-0.090436,-0.033354,-0.195123,-0.338568,0.077867,0.321205,0.352628,0.693822,-0.090436,0.147581,0.298525,-0.373293,0.234393,0.167692,-0.21463,0.181242,-0.143363,-0.151941,-0.06139,0.3079,-0.435924,0.746214,-0.042529,-0.659536,0.450152,-0.566117,-0.176179,0.306284,0.170558,-0.081868,0.335181,-0.156845,-0.324892,-0.310481,0.197645,0.254198,-0.322017,-0.06154,-0.373349,-0.13299,-0.032025,-0.29571,0.024627,-0.300788,-0.502719,-0.016005,0.468322,-0.033354,0.254896,-0.47776,#
9,0.00363,0.020733,-0.177808,-0.33777,-0.176478,0.394913,-0.327524,-0.149471,0.353638,1.0,0.038561,-0.158481,0.1946,0.289103,0.628653,-0.018442,-0.64137,0.438709,-0.214309,-0.210532,0.0,-0.000263,0.638571,-0.255614,0.421556,-0.017788,-0.321041,0.371502,0.152775,0.043225,-0.203038,0.681082,0.342581,0.263556,-0.700032,0.342581,0.170121,-0.280851,0.483416,0.038561,-0.22306,0.574266,0.45201,0.430086,0.348585,-0.349099,0.270052,0.285221,0.006016,0.463794,-0.139674,0.03392,0.157555,0.405825,-0.432295,-0.016547,0.3744,-0.062632,-0.148535,0.44884,0.283461,0.019071,-0.319193,0.204147,0.168442,0.196365,-0.228897,0.446644,0.29358,-0.293138,0.423036,-0.019842,0.078538,0.120828,0.134394,0.032298,-0.050858,-0.252369,-0.070389,-0.241661,0.163107,-0.257702,-0.437587,-0.031144,-0.305564,0.134394,-0.056352,-0.442118,-0.24466,-0.246156,-0.24745,0.355046,-0.252369,0.406159,0.134394,0.177249,-0.070389,-0.437587,0.199018,-0.626881,-0.288526,-0.044468,-0.241661,-0.056352,0.186862,-0.031144,-0.380813,-0.470855,-0.252369,-0.401533,0.412464,0.077411,-0.044975,-0.031144,-0.652083,-0.3322,-0.626881,-0.432289,0.406159,-0.481062,-0.031144,-0.081661,-0.052778,-0.183072,-0.420524,-0.052778,-0.031144,-0.4733,-0.273592,-0.437587,0.394146,-0.63296,0.145255,0.974995,-0.257702,0.177249,-0.040294,-0.24466,0.616614,-0.070389,-0.027677,-0.545178,-0.3322,-0.451975,-0.257702,0.137397,-0.031144,-0.101246,-0.052778,-0.081661,-0.715123,0.172256,0.163107,-0.24915,-0.256066,-0.031144,0.635549,0.740911,-0.715123,-0.031144,-0.38611,-0.031144,0.046716,0.198035,-0.068708,0.442838,-0.65088,-0.143763,-0.252369,-0.246156,0.400503,0.379252,-0.050858,-0.46485,0.416765,-0.305564,-0.24466,-0.170196,0.032098,-0.239598,0.161367,0.087061,-0.609896,0.64364,-0.338874,0.108263,0.29083,-0.280398,-0.445001,0.208017,-0.241661,0.015074,-0.604855,-0.166121,0.198379,-0.200492,0.025666,0.172256,0.738385,-0.227476,#
10,-0.601562,-0.158246,-0.336099,0.469057,-0.031151,0.296248,0.201056,-0.290716,0.011837,0.038561,1.0,-0.35838,-0.412978,0.552783,0.428551,0.241934,-0.372768,-0.232614,-0.011837,0.51673,0.0,0.164687,0.043987,0.066259,-0.174905,0.217402,0.583328,0.091025,0.226683,-0.135431,0.331668,-0.015088,0.271664,-0.339667,0.313613,-0.407495,-0.158383,-0.143446,-0.165386,0.201056,0.065301,-0.038391,-0.280835,0.223331,0.22063,-0.254538,-0.351341,0.169073,0.668555,-0.07661,-0.041266,0.062074,0.066259,-0.040553,-0.177027,0.098537,-0.227542,-0.186392,0.332574,-0.041266,0.356133,0.182355,-0.238823,0.209031,0.322741,0.074801,0.053253,0.211803,-0.387824,0.35797,0.015673,-0.305573,0.315208,-0.025475,-0.05162,0.113337,-0.198352,0.080659,-0.30636,-0.077754,-0.372792,-0.021493,0.22392,-0.611243,-0.134173,-0.05162,0.2263,0.2263,-0.372792,-0.391057,0.364729,-0.591955,-0.338412,-0.245006,-0.05162,0.052851,0.1168,-0.169979,-0.521858,-0.006011,-0.155282,0.388266,-0.077754,-0.178147,-0.0,0.368313,-0.230827,-0.518689,0.080659,0.173662,0.252837,-0.031578,-0.20757,-0.121465,0.080659,0.271664,-0.006011,-0.198352,-0.245006,0.132483,0.368313,0.141467,0.090074,0.209486,0.296617,0.090074,-0.121465,0.296617,-0.194704,-0.169979,-0.150363,-0.025475,-0.429269,0.104448,-0.021493,0.052851,-0.091864,-0.372792,0.487626,0.1168,-0.20757,0.054452,0.271664,-0.425707,-0.021493,0.089244,-0.121465,-0.129774,0.600493,0.12537,0.312396,-0.082645,-0.372792,-0.031346,0.36967,0.368313,0.011741,0.059706,0.312396,-0.121465,-0.208778,-0.611243,-0.062692,-0.00358,-0.256697,0.288667,0.052851,0.561031,0.080659,-0.391057,0.182355,-0.411417,-0.198352,-0.253117,0.186977,0.312396,-0.372792,0.026171,0.278644,0.256711,-0.065305,0.581033,-0.019271,0.364639,-0.10249,0.3563,-0.042159,-0.556325,0.24819,0.026171,-0.077754,0.257914,-0.071823,-0.042159,0.115624,-0.345332,0.186977,-0.082645,-0.312261,0.052851,#
11,0.049582,0.359767,-0.303915,-0.397633,-0.114908,0.049016,0.077819,0.109783,0.110869,-0.158481,-0.35838,1.0,-0.129541,-0.640446,0.262435,0.469284,0.133965,-0.46776,0.071863,-0.156215,0.0,0.1377,-0.546925,0.105161,0.354324,0.494495,-0.540497,0.014963,0.428608,0.510977,-0.235109,0.041475,-0.326621,0.149033,0.186191,0.387005,-0.666059,0.186191,-0.334328,0.48111,-0.185882,-0.056306,-0.423039,-0.519667,-0.383816,0.367418,-0.30037,-0.654941,-0.214462,0.259845,-0.40217,-0.540545,-0.204349,0.144004,0.258845,0.030312,-0.382354,0.388533,-0.268949,0.246157,-0.094585,0.379858,0.302851,0.356283,0.427742,-0.595607,-0.323014,-0.319554,-0.144694,-0.318171,-0.33211,-0.037731,0.024763,-0.279014,-0.2709,-0.359884,-0.094124,0.098636,-0.051304,-0.302707,0.113201,-0.296078,-0.1043,-0.139981,-0.281539,-0.2709,-0.083295,-0.508267,-0.336009,0.143662,0.166578,0.333664,-0.341703,-0.480642,-0.2709,0.143662,-0.034203,-0.51819,0.160626,0.533591,0.289243,0.009994,-0.302707,-0.508267,-0.288195,0.024702,0.283555,0.580546,0.098636,-0.48544,-0.798225,-0.15947,-0.504506,0.374654,-0.341703,-0.326621,0.533591,0.326073,-0.480642,0.391582,0.024702,-0.045669,-0.567264,0.068571,0.43569,-0.567264,0.374654,-0.289902,-0.296649,0.30959,-0.094124,-0.279014,0.127753,-0.157849,-0.296078,0.143662,-0.489814,-0.336009,-0.438865,-0.034203,0.323803,-0.024205,-0.326621,0.374644,-0.296078,-0.531383,0.374654,-0.015215,-0.546637,-0.48544,0.187693,-0.281539,0.113201,0.139981,-0.279014,0.024702,-0.53323,-0.259054,0.187693,0.374654,-0.082734,-0.139981,-0.139981,-0.691552,-0.082734,0.075829,0.10525,0.158157,0.239544,0.143662,0.094124,0.109896,-0.094124,0.34767,0.527357,-0.263491,-0.336009,0.279261,0.062058,-0.208434,0.345991,-0.325497,0.567597,-0.100655,0.427123,-0.298657,0.301658,0.631425,0.462975,-0.137391,-0.302707,0.075829,0.192262,-0.201734,-0.612946,0.742363,0.09651,-0.281539,0.024208,-0.211927,#
12,0.802162,0.034061,-0.230285,-0.353781,0.156931,-0.45247,-0.024607,-0.142089,0.307981,0.1946,-0.412978,-0.129541,1.0,0.200489,-0.180492,0.010026,-0.262694,0.401287,0.292124,0.211621,0.0,0.083054,0.568686,-0.653907,-0.374188,-0.377855,-0.357147,0.066598,0.082736,0.010321,-0.668589,-0.301329,0.354185,-0.186748,-0.244762,0.354185,0.266385,0.182149,0.02706,-0.412978,0.660324,0.260595,0.005985,-0.296429,-0.016137,-0.182689,0.702201,0.380476,-0.132042,0.382376,0.367812,0.024339,-0.233117,0.354477,-0.421923,0.291298,0.347397,-0.154152,-0.179183,-0.256529,0.286697,-0.802828,0.391514,-0.356018,-0.287638,0.547185,0.209489,0.374902,0.870169,-0.306607,0.561013,0.031477,-0.021363,-0.244983,0.168899,0.428063,-0.022661,-0.653732,0.375873,-0.256204,-0.23879,-0.230938,-0.416772,-0.023789,0.1648,0.168899,-0.437368,-0.028118,0.193801,0.208842,-0.219988,-0.019509,-0.246646,0.383124,0.168899,-0.240338,-0.035844,-0.034137,0.19202,-0.606926,0.414242,-0.499305,-0.256204,-0.044488,-0.222027,-0.003965,-0.393101,0.072214,-0.653732,-0.031236,0.383075,-0.498562,0.383075,-0.49956,-0.229684,-0.33304,-0.606926,-0.006475,0.383124,-0.454249,-0.003965,-0.454738,-0.061931,-0.629263,-0.253484,-0.061931,-0.49956,-0.307234,0.287785,-0.416772,-0.427312,0.170848,0.179823,0.225745,-0.230938,-0.240338,-0.033109,0.193801,0.157697,-0.035844,-0.41459,-0.559471,-0.33304,0.191278,-0.230938,0.026034,-0.49956,0.228921,-0.558547,-0.047524,-0.252312,-0.269692,-0.23879,-0.222027,-0.22899,-0.003965,0.586106,0.576205,-0.252312,-0.49956,-0.018254,-0.023789,-0.49956,0.168899,-0.034417,-0.000415,-0.203346,-0.041722,-0.229684,0.208842,-0.414363,0.366627,-0.022661,-0.437992,-0.003734,-0.269692,0.193801,0.196005,-0.003065,-0.251888,0.131302,0.080633,-0.616675,-0.227444,0.341511,0.378033,0.14034,0.19202,-0.424659,0.179955,-0.256204,-0.000415,-0.211105,0.625109,-0.241849,0.218808,0.411174,-0.269692,-0.113861,0.227866,#
13,-0.115387,-0.09029,-0.168397,0.264939,-0.009097,-0.019425,0.114499,-0.417851,0.527261,0.289103,0.552783,-0.640446,0.200489,1.0,0.268104,-0.085937,-0.652261,0.53432,0.264527,0.475187,0.0,0.035095,0.681822,-0.427775,-0.074506,-0.533313,0.581721,0.434402,0.419383,-0.078888,-0.015576,-0.044409,0.499168,0.058149,-0.107646,-0.217869,0.300161,-0.107646,-0.03166,-0.29072,0.485878,0.130602,0.106435,0.082598,-0.117094,-0.60175,0.253429,0.426577,0.67859,0.346998,0.33697,0.367821,-0.427775,0.381977,-0.685671,-0.265734,0.255592,-0.264882,0.473931,-0.314456,0.095038,-0.327631,-0.543655,-0.052844,-0.155604,0.537595,0.472932,0.560997,0.341211,0.262743,0.186844,-0.338632,0.413653,-0.268568,0.158424,0.276112,-0.111462,-0.42766,0.025269,-0.049464,-0.427886,-0.24461,-0.11752,-0.326804,-0.125015,0.158424,-0.139957,0.287047,0.023471,0.003198,0.158424,-0.533371,-0.42766,0.519485,0.158424,0.003198,0.025269,-0.11752,-0.033392,-0.653254,-0.465214,-0.326637,-0.049464,-0.139957,0.223385,0.190291,-0.49726,-0.721703,-0.42766,0.492959,0.785906,0.284555,0.299821,-0.326804,0.014783,-0.217869,-0.653254,-0.111462,0.519485,-0.428673,0.190291,-0.407784,0.27371,-0.411653,0.021648,0.27371,-0.326804,0.021648,-0.030834,-0.533388,-0.060798,0.148616,-0.234874,0.313854,-0.24461,0.003198,-0.326725,0.023471,0.559431,0.025269,-0.532447,-0.400215,-0.217869,-0.722851,-0.24461,0.342084,-0.326804,-0.086552,0.27371,0.017095,-0.125015,-0.070614,-0.427886,-0.239932,0.148616,0.190291,0.64872,0.612351,-0.125015,-0.326804,0.094438,-0.326804,0.252342,0.631807,-0.377752,0.359746,0.041794,0.022875,-0.42766,0.003198,-0.327632,0.20244,-0.111462,-0.800031,0.086149,-0.125015,0.023471,0.217799,0.356539,0.242283,0.177516,0.290731,-0.656779,-0.044254,0.007872,0.42578,-0.463185,-0.54283,-0.53314,0.217799,-0.049464,-0.094807,-0.041525,0.042614,0.017096,-0.427571,0.519056,-0.070614,-0.025785,0.041794,#
14,-0.3989,0.410029,-0.550741,-0.274472,-0.143127,0.443353,0.055197,-0.160962,0.328169,0.628653,0.428551,0.262435,-0.180492,0.268104,1.0,0.390895,-0.591981,0.037935,-0.219418,0.227734,0.0,0.390021,0.262917,-0.249049,0.409168,0.383149,-0.009266,0.351994,0.625609,0.44328,-0.166365,0.603521,0.327786,0.243078,-0.259239,0.327786,-0.284192,-0.259239,0.075894,0.428551,-0.233357,0.572098,0.039527,0.007711,-0.046603,-0.329862,-0.122702,-0.038975,0.230315,0.510458,-0.104963,-0.446077,-0.249049,0.460778,-0.281127,0.024976,-0.261844,-0.002934,-0.163182,0.495239,0.286618,0.41079,-0.302073,0.566434,0.597094,-0.130172,-0.239064,0.46943,-0.076935,-0.254008,-0.087981,-0.405275,0.46184,-0.258122,-0.249509,0.024785,-0.426351,-0.245742,-0.460988,-0.650655,-0.237875,-0.621554,-0.431762,-0.499302,-0.718235,-0.249509,-0.058042,-0.451469,-0.65374,-0.255938,0.155496,-0.034074,-0.653395,-0.014014,-0.249509,0.175875,-0.049358,-0.814929,-0.225618,-0.229982,-0.224615,-0.036463,-0.650655,-0.451469,-0.190573,-0.022869,-0.365246,-0.446705,-0.245742,-0.421037,0.001317,0.064378,-0.446545,-0.022869,-0.653395,-0.332868,-0.229982,-0.426351,-0.014014,-0.073245,-0.022869,-0.060885,-0.53639,-0.175505,0.218778,-0.53639,-0.022869,-0.452954,-0.694013,-0.431762,0.009336,-0.642501,-0.23527,0.642326,-0.621554,0.175875,-0.499182,-0.65374,0.410331,-0.049358,-0.046668,-0.527654,-0.332868,-0.432795,-0.621554,-0.359764,-0.022869,-0.075934,-0.039878,-0.468013,-0.283835,-0.250419,-0.237875,-0.221065,-0.258122,-0.022869,0.244075,0.374158,-0.283835,-0.022869,-0.405995,-0.499302,0.034303,-0.202777,-0.452609,0.829243,-0.255938,0.376302,-0.245742,-0.255938,0.410791,-0.00398,-0.426351,-0.43691,0.810097,-0.283835,-0.65374,0.211088,0.420818,-0.223231,0.560385,0.096822,-0.199368,0.645573,0.071402,0.126467,0.299771,-0.259145,-0.021227,0.211088,-0.650655,0.410433,-0.194625,-0.166255,-0.194096,0.230748,0.411231,-0.250419,0.320008,-0.255938,#
15,-0.277303,0.191149,-0.412177,0.294712,-0.362089,0.158408,-0.181984,-0.521819,0.108929,-0.018442,0.241934,0.469284,0.010026,-0.085937,0.390895,1.0,-0.011737,-0.569224,0.421055,0.390884,0.0,0.315425,-0.395844,-0.10956,-0.269748,0.150179,-0.193524,-0.152925,0.453614,0.167036,-0.330458,-0.034705,0.421455,-0.533975,0.512687,-0.272078,-0.790462,0.512687,-0.662555,0.209952,0.349494,0.044103,-0.598506,-0.071092,0.140375,-0.293171,-0.350668,-0.631855,0.429049,0.342109,-0.300015,-0.070519,-0.10956,0.490944,-0.388769,0.309562,-0.410417,-0.224708,0.109803,0.330057,0.178821,-0.166613,0.298772,0.37714,0.448177,-0.303434,-0.099163,-0.144401,-0.108232,0.33571,-0.099695,0.281843,0.558526,-0.039686,-0.030396,-0.177492,-0.258087,-0.106129,0.21508,-0.380708,-0.09779,-0.420545,-0.263867,-0.408118,0.037555,-0.030396,0.127886,-0.28512,-0.534351,0.336191,0.394764,-0.251852,-0.534069,-0.611951,-0.030396,0.336191,0.2317,-0.666103,-0.366034,0.385763,0.368621,0.077697,-0.380708,-0.28512,-0.41612,0.092027,-0.419843,-0.016195,-0.106129,-0.208086,-0.27972,-0.407303,-0.27972,0.092027,-0.534069,-0.272078,0.385763,0.150279,-0.611951,0.619012,0.092027,0.219303,-0.161555,-0.03808,0.298772,-0.161555,0.092027,0.298772,0.083081,0.138369,-0.258087,-0.039686,-0.411123,0.12841,-0.420545,0.336191,-0.40802,-0.534351,-0.23412,0.2317,0.140058,-0.337908,-0.272078,0.080038,-0.420545,0.010673,0.092027,-0.39067,-0.141508,-0.208086,0.493574,0.037555,-0.09779,0.0,-0.039686,0.092027,-0.411198,0.107423,0.493574,0.092027,-0.590463,-0.408118,-0.408118,-0.439204,-0.590463,0.160368,-0.117112,0.289084,0.321811,0.336191,-0.166613,0.095177,-0.258087,0.229565,0.656129,0.055094,-0.534351,-0.010325,-0.254644,0.325694,0.355952,0.374434,0.389062,0.081205,0.098439,-0.008242,0.504628,0.091509,0.560905,-0.415246,-0.380708,0.160368,-0.356234,0.01541,-0.535968,0.346454,0.237412,0.037555,-0.292415,-0.117112,#
16,-0.050517,0.010425,0.570945,0.308544,0.178394,-0.034426,-0.002488,0.193468,-0.769988,-0.64137,-0.372768,0.133965,-0.262694,-0.652261,-0.591981,-0.011737,1.0,-0.424184,-0.232837,-0.190604,0.0,0.055723,-0.644603,0.266255,-0.393763,0.033928,-0.005683,-0.762343,-0.608978,-0.011145,0.210988,-0.184961,-0.332647,-0.207724,0.27542,-0.332647,-0.122514,0.224542,-0.050472,-0.002488,-0.23499,-0.148663,-0.007195,0.00133,0.028355,0.347134,-0.313083,-0.381018,-0.483122,-0.52119,0.162291,-0.056143,0.232823,-0.431767,0.568936,0.093533,-0.41097,0.019521,-0.261975,0.162291,-0.274292,0.04321,0.281239,-0.145984,-0.129997,-0.291965,-0.189154,-0.443224,-0.343164,0.279709,-0.438332,0.369395,-0.04192,0.250435,-0.192292,0.010312,-0.012346,0.263125,-0.01016,0.220228,0.20457,0.222113,0.046674,0.48385,0.248942,-0.192292,0.072162,0.072162,0.20457,0.239018,-0.161395,-0.000368,0.66742,-0.394381,-0.192292,-0.189239,0.021243,0.426686,-0.243123,0.625396,0.204282,0.045338,0.220228,0.462349,-0.211684,-0.49897,0.372723,0.403201,0.263125,0.050061,-0.416367,-0.01751,0.011944,0.01134,0.263125,0.372968,0.625396,-0.012346,-0.394381,0.484583,-0.49897,0.469365,0.034536,0.190461,-0.165628,0.034536,0.01134,0.474949,0.215344,0.426686,-0.012346,0.250435,-0.202209,-0.66011,0.222113,-0.189239,0.503741,0.20457,-0.834619,0.021243,0.389865,0.549574,0.372968,0.494467,0.222113,-0.060501,0.01134,0.118267,0.072415,0.050061,0.282082,0.248942,0.20457,0.196564,-0.130779,-0.49897,-0.629704,-0.762529,0.282082,0.01134,0.037709,0.48385,0.01134,-0.192292,0.037709,-0.380549,0.218864,-0.245303,0.230781,0.239018,0.012346,-0.42145,-0.012346,0.819726,-0.402702,0.282082,0.20457,-0.200072,-0.387646,0.212445,-0.115777,-0.10723,0.609639,-0.192524,-0.07821,-0.369323,0.156681,0.205765,0.435286,-0.200072,0.220228,0.034811,0.240865,0.156681,0.261827,0.195802,-0.402702,0.248942,-0.32777,0.184604,#
17,0.253239,0.261964,-0.021894,-0.302167,-0.096144,-0.162265,-0.232614,0.040805,0.354444,0.438709,-0.232614,-0.46776,0.401287,0.53432,0.037935,-0.569224,-0.424184,1.0,0.016678,0.06654,0.0,-0.273657,0.810315,-0.344231,0.27817,-0.560429,0.230901,0.570483,0.075671,-0.155587,-0.053766,0.355427,0.280884,0.551256,-0.549252,0.280884,0.759919,-0.103431,0.308023,-0.621965,0.076648,0.374977,0.65078,0.0923,-0.18103,-0.420558,0.793506,0.479848,-0.116536,0.33039,0.313259,0.15585,-0.361808,0.412866,-0.312643,-0.181415,0.397737,-0.176055,-0.007569,-0.312658,-0.317361,-0.233667,-0.36556,-0.353307,-0.60179,0.301433,0.533856,0.575048,0.433332,-0.209757,0.037926,-0.206222,-0.123022,-0.03452,0.385855,0.084819,0.233668,-0.3589,0.137909,-0.11528,0.083267,-0.029933,-0.183903,0.401452,-0.138569,0.385855,-0.192881,0.217402,0.51695,0.08201,-0.020258,0.24322,0.066218,0.995931,0.385855,0.08201,0.137909,0.215681,0.342231,-0.815219,-0.377441,-0.611802,-0.11528,0.217402,0.397477,-0.115268,-0.320182,-0.311351,-0.3589,0.137938,0.653087,0.420484,0.653087,-0.095394,0.066218,-0.408076,-0.815219,-0.172005,0.995931,-0.709683,-0.115268,-0.286634,0.052716,-0.481761,-0.338617,0.052716,-0.095394,-0.36556,-0.011287,-0.583487,0.249895,-0.03452,0.391955,0.391597,-0.029933,0.08201,-0.12498,0.51695,0.326028,0.137909,-0.146591,-0.501396,-0.408076,-0.289199,-0.029933,0.079114,-0.095394,-0.041747,0.052716,0.121608,-0.574158,-0.121145,0.083267,-0.015899,-0.03452,-0.115268,0.810798,0.444164,-0.574158,-0.095394,0.146976,0.401452,0.421326,0.808212,0.130773,0.24583,0.119095,-0.3048,-0.801023,0.08201,-0.249895,0.430887,0.233668,-0.679429,-0.266627,-0.138569,0.51695,-0.015487,0.236578,-0.142045,0.057644,-0.42685,-0.80924,-0.095536,-0.129322,-0.107029,-0.534349,-0.112295,-0.99859,0.386764,-0.11528,-0.159727,-0.083267,-0.048356,0.042899,-0.339914,0.149328,-0.121145,0.528413,0.101082,#
18,0.026081,-0.023278,-0.221378,0.29547,-0.608251,-0.453109,-0.374186,-0.366212,0.574067,-0.214309,-0.011837,0.071863,0.292124,0.264527,-0.219418,0.421055,-0.232837,0.016678,1.0,0.256898,0.0,-0.281664,-0.14209,0.104651,-0.093052,-0.476574,0.067111,0.420987,0.396139,-0.377048,-0.267697,-0.372916,0.391618,-0.256898,0.610683,-0.335673,-0.182595,0.610683,-0.799345,-0.439948,0.750339,-0.553861,-0.402773,-0.047979,-0.043753,-0.42109,0.168674,-0.355194,0.625334,0.209348,-0.359443,0.560036,-0.285006,0.486588,-0.616678,-0.04034,0.304048,-0.36149,0.716996,-0.465161,-0.369783,-0.496761,0.168375,-0.066275,-0.288138,-0.044828,0.654891,-0.351132,0.151334,0.39603,0.076925,0.435255,0.052577,0.095582,0.537649,-0.484538,0.325465,0.095034,0.790447,0.168663,0.109875,0.104353,0.308669,-0.062939,0.600475,0.537649,0.305725,0.375022,0.183124,0.672225,0.537649,-0.091989,-0.281933,0.001036,0.537649,0.577152,0.337298,-0.045655,0.19757,0.120933,0.208398,-0.075488,0.168663,-0.058088,0.134269,0.46155,-0.390121,0.056194,0.095034,0.42487,0.041432,-0.065578,0.3936,0.377632,0.166837,-0.335673,0.120933,0.770837,0.001036,0.326612,0.46155,-0.109513,0.455081,0.031712,0.356091,0.455081,0.377632,0.356091,0.688059,0.325542,-0.085649,0.603361,0.130798,-0.066029,0.104353,0.577152,-0.503388,0.183124,-0.050438,0.337298,-0.080792,-0.313984,-0.335673,0.053487,0.104353,0.485594,0.377632,-0.647056,-0.091511,0.321441,0.600475,0.159045,0.109875,0.117485,0.518731,0.46155,-0.157165,0.250096,0.600475,0.377632,0.017105,-0.062939,-0.041959,0.194683,-0.085525,-0.397383,0.216991,-0.08279,0.184788,0.672225,-0.856486,0.668575,0.325465,-0.079781,0.006586,0.122259,0.183124,-0.148621,-0.393531,0.416521,-0.095363,-0.059827,0.112855,-0.680803,-0.033736,-0.112675,-0.32834,0.179116,-0.044847,-0.590236,0.168663,-0.413849,-0.201437,-0.246255,-0.687881,-0.204615,0.076842,0.159045,-0.159889,-0.182317,#
19,-0.110129,0.381937,-0.65286,0.26448,-0.05462,-0.067232,0.072429,-0.418226,-0.023882,-0.210532,0.51673,-0.156215,0.211621,0.475187,0.227734,0.390884,-0.190604,0.06654,0.256898,1.0,0.0,0.16664,0.191163,-0.428158,-0.533686,-0.071856,0.491914,0.082983,0.374365,-0.054059,-0.022076,-0.16099,0.508817,-0.427969,0.411659,-0.218064,-0.067958,0.411659,-0.531022,-0.338352,0.498038,0.26265,-0.382866,-0.278123,-0.11186,-0.393023,0.265128,0.046495,0.356913,0.288249,0.278517,-0.215085,-0.428158,0.458076,-0.225989,0.494627,-0.52765,-0.331926,-0.025954,-0.381851,0.151621,-0.338977,0.240595,-0.239615,-0.143,-0.018362,0.484911,0.524749,-0.005156,0.262632,-0.234489,-0.333073,0.372301,-0.263896,0.168967,0.253417,-0.106145,-0.428044,0.035863,-0.545178,-0.42827,-0.239585,-0.112288,-0.327097,-0.113972,0.168967,-0.135054,0.297812,0.029283,0.008719,0.631709,-0.533849,-0.428044,0.04429,0.168967,0.008719,0.506175,-0.112288,-0.53748,-0.206445,0.309724,-0.32693,-0.545178,-0.135054,-0.234839,0.197097,-0.506871,-0.142778,-0.428044,0.027565,0.310769,-0.326444,0.310769,-0.327097,0.020474,-0.218064,-0.206445,-0.106145,0.04429,0.043864,0.197097,0.062022,-0.294153,-0.412022,0.240595,-0.294153,-0.327097,0.240595,-0.018606,-0.533866,-0.534146,0.159014,-0.229716,-0.093589,-0.239585,0.008719,-0.327018,0.029283,0.03929,0.506175,-0.113666,-0.407952,-0.218064,0.06826,-0.239585,-0.263312,-0.327097,-0.092751,0.273142,0.027565,0.382358,-0.573536,-0.42827,0.218064,0.159014,0.197097,0.177322,0.024343,0.382358,-0.327097,-0.372681,-0.327097,-0.327097,0.168967,-0.372681,0.354152,0.500587,0.639883,-0.428044,0.008719,-0.338978,-0.258713,-0.106145,-0.343263,0.080309,0.382358,0.029283,0.212408,0.351169,0.241446,0.171557,0.290474,-0.223006,-0.050513,0.312665,0.133591,-0.116136,-0.039492,-0.05591,0.212408,-0.545178,0.354152,-0.047586,0.396606,-0.419371,0.077062,0.51916,-0.573536,-0.520034,0.500587,#
20,0.0,0.0,0.0,0.0,0.0,0.0,0.0,0.0,0.0,0.0,0.0,0.0,0.0,0.0,0.0,0.0,0.0,0.0,0.0,0.0,0.0,0.0,0.0,0.0,0.0,0.0,0.0,0.0,0.0,0.0,0.0,0.0,0.0,0.0,0.0,0.0,0.0,0.0,0.0,0.0,0.0,0.0,0.0,0.0,0.0,0.0,0.0,0.0,0.0,0.0,0.0,0.0,0.0,0.0,0.0,0.0,0.0,0.0,0.0,0.0,0.0,0.0,0.0,0.0,0.0,0.0,0.0,0.0,0.0,0.0,0.0,0.0,0.0,0.0,0.0,0.0,0.0,0.0,0.0,0.0,0.0,0.0,0.0,0.0,0.0,0.0,0.0,0.0,0.0,0.0,0.0,0.0,0.0,0.0,0.0,0.0,0.0,0.0,0.0,0.0,0.0,0.0,0.0,0.0,0.0,0.0,0.0,0.0,0.0,0.0,0.0,0.0,0.0,0.0,0.0,0.0,0.0,0.0,0.0,0.0,0.0,0.0,0.0,0.0,0.0,0.0,0.0,0.0,0.0,0.0,0.0,0.0,0.0,0.0,0.0,0.0,0.0,0.0,0.0,0.0,0.0,0.0,0.0,0.0,0.0,0.0,0.0,0.0,0.0,0.0,0.0,0.0,0.0,0.0,0.0,0.0,0.0,0.0,0.0,0.0,0.0,0.0,0.0,0.0,0.0,0.0,0.0,0.0,0.0,0.0,0.0,0.0,0.0,0.0,0.0,0.0,0.0,0.0,0.0,0.0,0.0,0.0,0.0,0.0,0.0,0.0,0.0,0.0,0.0,0.0,0.0,0.0,0.0,0.0,0.0,0.0,0.0,0.0,0.0,0.0,#
