0,1.0,0.020561,-0.583692,-0.232136,0.603465,0.429735,0.440157,-0.277718,0.245874,0.037957,0.43812,0.606628,-0.180923,0.146133,-0.211339,0.005906,-0.029197,-0.565075,0.245966,-0.403272,0.195302,-0.281128,0.419477,-0.151478,0.224558,-0.186607,-0.053049,0.327977,0.02367,0.353401,-0.298643,-0.282871,0.006427,-0.441297,0.30977,0.204403,0.165083,0.070779,0.244671,0.470875,0.015255,-0.234904,-0.639644,-0.183652,0.231659,0.156585,-0.267112,-0.112274,-0.124862,0.527656,0.409076,-0.678753,0.075652,0.516062,0.347328,-0.280948,-0.379608,0.022192,-0.434287,0.340662,-0.376366,0.03426,-0.408645,0.668074,-0.508751,0.100743,0.097466,0.514771,0.374132,-0.500575,0.230616,-0.08269,0.0,-0.156587,-0.499338,0.495634,-0.646545,-0.499593,-0.611196,-0.653775,-0.397724,-0.862845,-0.263592,0.236864,-0.263592,-0.642874,-0.212238,-0.000357,-0.185452,-0.653788,-0.212986,-0.451732,-0.499338,-0.526952,-0.212238,-0.577499,-0.815277,-0.671327,-0.38983,-0.030691,0.021356,0.029949,-0.4272,-0.646545,-0.004168,-0.416678,0.109272,0.244671,-0.499593,0.327977,-0.185452,0.353401,-0.862845,-0.81027,-0.007542,-0.034308,-0.451732,-0.016125,-0.192153,-0.060233,-0.653788,0.327977,0.207824,-0.653788,0.230616,-0.186643,-0.456711,0.422026,0.08504,-0.653788,-0.611196,-0.611196,-0.422308,-0.28929,-0.308073,-0.013496,-0.005222,0.0,-0.333638,-0.646545,-0.263592,0.410412,-0.499593,-0.212507,-0.270945,-0.500575,-0.333062,0.479617,-0.4272,-0.418343,-0.215395,-0.156587,-0.653775,-0.333062,0.272699,-0.653788,0.055001,0.271324,-0.672035,-0.034715,-0.547513,-0.815403,-0.048634,-0.442939,-0.339455,-0.382345,-0.333062,0.006345,-0.333062,-0.196146,0.30611,-0.003874,0.353401,-0.4272,0.03319,-0.275173,-0.499338,0.66752,0.251623,-0.389347,0.037074,-0.17871,0.034072,0.61285,0.612031,-0.215395,-0.196622,-0.526952,0.471889,0.072476,-0.245254,0.461233,0.665087,0.188698,-0.594828,0.420041,0.421448,-0.790559,-0.370601,-0.176044,#
1,0.020561,1.0,-0.168963,-0.350055,0.055197,0.190328,0.584869,0.4115,-0.074946,0.545465,-0.181984,0.045552,-0.163801,0.529441,0.552783,0.388195,0.260349,0.358703,0.8275,0.22593,0.443486,0.058438,0.180423,0.151287,-0.01284,0.089539,0.173319,-0.407495,0.252763,0.271664,-0.288922,0.411995,0.156114,-0.1515,-0.449631,-0.372475,-0.0275,-0.545772,0.071822,-0.031578,0.407495,0.215177,-0.157535,0.034396,0.552783,-0.403808,0.251492,-0.23102,-0.144813,0.628537,-0.214075,-0.11343,0.400909,0.061107,0.409499,-0.141732,0.150543,-0.68613,-0.278604,0.203775,0.359777,-0.13854,-0.553355,-0.051325,0.418278,0.499708,-0.181808,-0.163254,-0.341992,-0.430603,-0.457362,0.270346,0.0,-0.033635,-0.13539,0.075936,-0.421422,-0.611243,-0.043381,0.055022,0.126925,-0.280321,-0.34542,0.055022,-0.34542,-0.017107,0.008263,-0.654122,0.377832,-0.388727,-0.024193,-0.169582,-0.116368,-0.457921,0.008263,-0.033635,-0.205524,0.316105,0.534391,0.270247,-0.363539,0.407288,-0.252052,-0.421422,-0.42348,0.215579,-0.405927,-0.355691,-0.611243,-0.407495,-0.043381,0.271664,-0.280321,0.180438,0.063565,0.541009,-0.169582,0.260629,0.360867,-0.691594,-0.388727,-0.407495,-0.391485,-0.37228,-0.457362,-0.137818,0.02011,-0.598477,-0.35264,-0.37228,-0.043381,-0.043381,-0.189996,-0.595283,-0.084526,-0.141285,-0.042339,0.0,-0.05545,-0.421422,-0.34542,-0.252052,-0.611243,-0.232977,-0.796378,-0.430603,-0.407495,0.418817,-0.686048,-0.204691,-0.117596,-0.033635,0.055022,-0.407495,-0.26636,-0.37228,0.586197,0.307769,-0.575381,-0.069868,-0.243156,0.199823,-0.60811,-0.414859,-0.06329,0.642966,0.271664,0.238701,-0.407495,-0.37228,0.036423,0.217202,0.271664,-0.252052,0.149871,-0.073352,-0.13539,-0.334039,0.787808,-0.177987,0.204873,0.00146,-0.177691,0.408089,0.397666,-0.117596,0.51279,-0.457921,-0.043744,-0.18157,-0.111108,-0.198632,-0.084985,0.112314,-0.458139,-0.23179,0.16135,-0.315943,0.074121,0.357368,#
2,-0.583692,-0.168963,1.0,-0.088964,-0.701863,-0.076498,-0.065109,0.446316,-0.388215,0.32673,-0.332162,-0.19007,0.32033,0.112211,-0.165313,0.369875,-0.411643,0.624334,-0.311696,0.483574,-0.298412,0.692301,-0.053587,-0.11457,0.281337,-0.04594,0.030014,-0.504057,0.083749,-0.504057,0.585444,0.067236,-0.130476,0.047859,-0.04062,-0.185914,0.214341,0.604074,-0.007415,-0.754576,-0.31008,0.675457,0.481753,-0.129592,-0.549077,-0.43876,0.638423,0.415002,-0.089176,-0.376038,-0.013847,0.040989,0.279508,-0.271335,-0.232535,-0.308547,-0.208649,-0.042006,0.631362,-0.339538,0.541447,-0.219004,0.207578,-0.361875,-0.111415,0.076081,0.279508,-0.139463,-0.534989,0.837058,0.346097,0.4718,0.0,0.146238,0.305677,-0.204189,0.220963,0.348309,0.629719,0.345701,0.32172,0.3498,-0.091954,0.475044,-0.091954,0.180218,-0.279687,-0.071867,0.155527,0.455812,0.201334,0.058185,0.223192,0.820478,-0.262767,0.162637,0.484229,0.006631,0.281665,0.087241,-0.388892,-0.322658,-0.098923,0.220963,0.273155,0.482079,-0.083782,0.011123,0.348309,-0.504057,0.613132,-0.504057,0.3498,0.442784,0.250557,-0.09961,0.095325,-0.42261,0.34607,-0.019076,0.455812,-0.504057,-0.233834,0.366663,0.346097,0.516914,0.742436,0.228923,0.287572,0.366663,0.629719,0.613132,0.501063,0.524534,0.102349,-0.409725,-0.244582,0.0,0.666703,0.220963,-0.091954,0.003619,0.348309,-0.45832,0.030601,0.837058,0.203888,-0.087968,0.38966,0.454553,0.052394,0.162637,0.345701,0.203888,-0.099616,0.366663,0.159885,0.179196,0.548478,-0.281518,0.935976,0.447918,-0.175951,0.438528,0.666206,0.013451,0.090617,-0.162003,0.203888,0.366663,-0.283489,0.092359,-0.504057,-0.116013,-0.031718,-0.415149,0.326298,-0.4861,0.025061,0.028513,0.590475,0.185596,-0.426574,-0.628223,-0.166096,0.034363,0.370941,0.820478,-0.755524,0.380951,0.135506,-0.319384,-0.336528,0.548416,0.178898,-0.479885,-0.014224,0.769158,0.330818,0.630093,#
3,-0.232136,-0.350055,-0.088964,1.0,0.189592,-0.800429,-0.800127,-0.488478,-0.066122,-0.344701,-0.10868,-0.653907,0.125743,-0.920975,0.047382,-0.327175,0.359211,0.261754,-0.189571,-0.091981,-0.215786,-0.317288,-0.380598,-0.423203,-0.222605,0.034252,-0.329229,0.490881,-0.533418,-0.218169,0.137108,-0.116986,0.078046,0.367176,0.069403,0.196005,-0.234402,-0.068307,-0.428476,0.174084,0.224987,-0.443197,0.387986,0.704958,-0.427791,0.596757,-0.430446,-0.047973,0.061059,-0.239535,0.066677,0.3976,0.132904,0.400337,0.217832,0.080602,0.028516,0.078046,0.2761,-0.177285,-0.476613,0.182956,0.364965,-0.071262,-0.313146,-0.906644,0.132904,-0.13156,-0.123769,0.272554,0.141053,-0.455021,0.0,-0.2276,-0.327087,-0.213741,0.627843,0.224987,0.23397,0.044266,0.100099,0.507653,0.479052,-0.42825,0.479052,0.171809,0.161993,0.482178,-0.222695,0.062623,-0.217441,0.310973,0.209102,0.283383,0.161993,0.223884,0.367153,-0.023691,-0.359041,0.32415,0.305953,0.209102,0.494727,0.627843,0.271765,-0.089988,0.207588,0.053559,0.224987,0.490881,-0.222695,-0.218169,0.507653,-0.069361,-0.195804,-0.319417,0.793825,-0.089862,-0.420654,0.111463,0.062623,0.490881,0.152463,0.526232,0.141053,-0.039573,-0.204117,0.266435,0.186056,0.526232,0.23397,0.23397,0.367153,0.482716,0.411744,0.298332,-0.326974,0.0,-0.173672,0.627843,0.479052,-0.42018,0.224987,0.564394,0.489075,0.272554,-0.218169,-0.127076,0.494727,-0.054874,-0.031663,-0.2276,0.044266,-0.218169,0.161458,0.526232,-0.778245,-0.208517,0.388386,0.756209,0.034277,-0.089988,0.155389,0.226457,-0.128224,-0.111029,0.518152,0.108897,-0.218169,0.035351,0.152559,-0.129509,-0.218169,0.494727,-0.369192,0.399596,-0.327087,0.010618,-0.544816,0.354525,-0.562809,0.205732,0.764482,-0.25145,-0.65871,-0.031663,0.029241,0.283383,0.186058,-0.398724,-0.086998,-0.124694,-0.076447,-0.512089,0.628997,0.073916,-0.359591,0.100099,-0.114223,-0.217734,#
4,0.603465,0.055197,-0.701863,0.189592,1.0,0.047087,0.055197,-0.246435,0.250223,0.006423,0.390895,0.23471,-0.130048,-0.040085,0.268104,-0.499182,0.408821,-0.580443,0.277495,-0.4183,0.244,-0.537837,0.032757,-0.169698,-0.193832,-0.203785,-0.455186,0.302376,0.058303,0.327786,-0.393315,-0.279537,-0.024482,0.008134,0.273583,0.2236,-0.045797,-0.376763,0.21126,0.512947,0.491679,-0.421577,-0.722501,0.055057,0.268104,0.178915,-0.560651,-0.149971,0.348273,0.532489,0.024731,-0.258591,-0.083108,0.505255,0.375579,0.320016,-0.008033,-0.024482,-0.423669,0.404704,-0.331739,-0.002341,-0.004272,0.240566,-0.197037,0.008067,0.483732,0.015002,0.092452,-0.554062,-0.244111,-0.257758,0.0,0.194927,-0.499048,0.002173,-0.264809,-0.499302,-0.61084,-0.229436,-0.413481,-0.473186,0.161045,-0.204498,0.161045,-0.256313,0.153169,0.348875,-0.201104,-0.653408,0.204723,-0.056191,-0.017959,-0.563103,0.153169,-0.210161,-0.422063,-0.217951,-0.405748,-0.044786,0.520582,0.491429,-0.058004,-0.264809,-0.06007,-0.416435,-0.266681,0.211259,-0.499302,0.302376,-0.201104,0.327786,-0.473186,-0.395814,0.005572,-0.005394,-0.056191,0.408831,-0.220253,-0.042888,-0.653408,0.302376,0.552698,-0.23744,-0.244111,-0.22057,-0.495569,-0.052814,-0.109844,-0.23744,-0.61084,-0.61084,-0.422063,-0.266582,-0.275515,0.359264,0.05402,0.0,-0.397191,-0.264809,0.161045,-0.03455,-0.499302,0.178357,-0.285393,-0.554062,-0.332868,0.264177,-0.058004,-0.006174,0.216792,0.194927,-0.229436,-0.332868,0.268158,-0.23744,0.040675,0.112037,-0.276957,0.47266,-0.564615,-0.416435,-0.065842,-0.259628,-0.378005,-0.004957,0.327786,0.083415,-0.332868,0.202996,-0.150208,0.380904,0.327786,-0.058004,0.022933,0.169246,-0.499048,0.65614,0.240345,-0.017612,-0.413026,0.222015,0.403674,0.206801,0.216345,0.216792,-0.224888,-0.563103,0.512327,-0.327094,-0.703489,0.387696,0.216818,-0.298749,-0.235248,0.420857,0.022336,-0.413481,-0.584199,-0.191888,#
5,0.429735,0.190328,-0.076498,-0.800429,0.047087,1.0,0.602971,0.43646,-0.052922,0.145642,0.234126,0.834596,-0.060259,0.763866,0.108721,-0.095207,-0.566161,-0.469132,0.394092,-0.156076,0.433049,0.143745,0.201145,0.500788,0.390454,0.083906,0.548185,-0.407649,0.276031,0.267439,-0.257917,-0.072982,-0.241375,-0.141058,-0.301787,0.026318,0.153367,0.2262,0.08329,-0.035276,-0.105158,0.445076,-0.539107,-0.448326,0.544378,-0.406427,0.390251,-0.063158,-0.203217,0.140363,-0.191183,-0.549246,-0.022367,0.025615,-0.221936,-0.08075,-0.204572,0.145642,-0.348767,0.437925,0.385523,-0.588666,-0.367565,0.378127,0.15123,0.739268,-0.022367,0.316698,0.327757,-0.403445,0.054465,0.458445,0.0,0.395717,0.382046,0.116922,-0.790792,-0.105158,-0.407863,-0.34148,-0.245521,-0.659723,-0.322017,0.5083,-0.322017,-0.393516,0.024185,-0.208824,0.010825,-0.350142,0.030557,-0.552332,-0.090646,-0.392748,-0.363682,-0.394126,-0.572926,-0.088948,0.155984,-0.57129,0.128022,-0.090646,-0.627827,-0.790792,-0.359111,-0.159656,0.025078,0.08329,-0.105158,-0.407649,0.391044,0.267439,-0.659723,-0.208835,0.124693,0.553906,-0.995029,0.276638,0.410595,0.146215,-0.350142,-0.407649,0.048507,-0.350142,0.054465,-0.082215,0.081068,-0.08431,-0.324816,-0.350142,-0.407863,-0.027644,-0.171606,-0.167925,-0.495893,-0.122557,0.44117,0.0,0.098544,-0.790792,-0.322017,0.210996,-0.105158,-0.595838,-0.331029,-0.403445,0.267439,0.177581,-0.627827,0.200309,-0.061655,0.019812,-0.34148,0.267439,-0.184767,-0.350142,0.654788,0.135851,-0.515724,-0.609986,0.013054,-0.175317,-0.058826,-0.334981,-0.00154,-0.153281,-0.407649,0.175958,0.267439,0.099917,0.083248,-0.07887,0.267439,-0.236069,0.209022,-0.481084,-0.090646,0.158717,0.403032,-0.159998,0.268246,0.046948,-0.498604,0.45114,0.833486,0.351645,0.111711,-0.392748,-0.047373,0.63688,-0.079873,-0.13284,0.390726,0.182748,-0.775489,0.182328,0.600977,-0.260951,-0.122567,-0.01376,#
6,0.440157,0.584869,-0.065109,-0.800127,0.055197,0.602971,1.0,0.4115,0.371036,0.545465,0.241934,0.446505,-0.163801,0.744894,0.114499,0.388195,-0.159489,-0.060818,0.404233,-0.182,0.039665,0.281881,0.598114,0.151287,0.400643,0.089539,0.157179,-0.407495,0.667895,0.271664,-0.288922,-0.062282,-0.265008,-0.567142,0.041398,0.034299,0.130883,-0.102775,0.516436,-0.031578,-0.101874,0.419572,-0.531124,-0.442078,0.552783,-0.403808,0.420308,-0.08683,-0.260511,0.628537,0.201056,-0.576464,-0.018647,0.041047,0.409499,-0.111773,-0.196278,-0.265008,-0.328977,0.203775,0.359777,-0.09943,-0.393497,0.392352,0.146008,0.71931,-0.018647,0.374656,-0.028533,-0.430603,-0.002001,0.434575,0.0,-0.0105,-0.13539,0.598557,-0.827236,-0.611243,-0.441194,-0.380812,-0.276679,-0.694432,-0.797123,0.516492,-0.797123,-0.428059,-0.397551,-0.630248,-0.019981,-0.388727,-0.000546,-0.590207,-0.610932,-0.428393,-0.397551,-0.426934,-0.609265,-0.11997,0.126867,-0.157274,-0.363539,-0.087276,-0.661937,-0.827236,-0.394182,-0.194077,-0.405927,0.088923,-0.611243,-0.407495,-0.019981,0.271664,-0.694432,-0.245142,0.092764,0.10337,-0.590207,-0.148455,0.172355,-0.306057,-0.388727,-0.407495,-0.367902,-0.799899,-0.002001,-0.112548,0.049157,-0.143115,-0.229626,-0.799899,-0.441194,-0.441194,-0.593737,-0.650051,-0.530354,-0.555396,-0.042339,0.0,0.075614,-0.827236,-0.797123,0.181944,-0.611243,-0.62462,-0.796378,-0.430603,-0.407495,0.65702,-0.661937,-0.25626,-0.092159,-0.0105,-0.380812,-0.407495,-0.227322,-0.799899,0.620931,0.480866,-0.549588,-0.609756,-0.217288,-0.209833,-0.60811,-0.37751,-0.034522,0.239728,-0.407496,-0.204601,-0.407495,-0.347126,0.064776,0.217202,0.271664,-0.661937,0.587697,-0.515064,-0.13539,0.136056,0.817562,-0.576114,0.652495,0.028568,-0.523324,0.435197,0.820326,-0.092159,0.087993,-0.428393,-0.043744,0.262219,-0.111108,0.24899,0.376552,0.59699,-0.842208,0.193013,0.58779,-0.292202,-0.156523,0.381046,#
7,-0.277718,0.4115,0.446316,-0.488478,-0.246435,0.43646,0.4115,1.0,-0.186241,0.35537,-0.418371,0.385472,0.090198,0.635533,0.249524,0.13455,-0.38846,0.281881,0.361258,0.24521,0.3857,0.554804,-0.242427,0.185016,0.305699,0.189166,0.429309,-0.995105,0.276333,0.110567,0.026563,-0.109667,-0.278494,0.320716,-0.575318,-0.275276,-0.313667,0.268286,0.18931,-0.547969,0.165851,0.887472,-0.3007,-0.364671,0.249524,-0.520817,0.83084,-0.369394,-0.111979,-0.129996,-0.213348,-0.135376,0.16317,-0.142189,-0.07619,-0.011255,-0.292653,-0.278494,-0.117334,0.451541,0.984524,-0.690342,-0.268829,-0.155788,0.478326,0.63152,0.16317,-0.138399,-0.14001,-0.064002,-0.310378,0.925838,0.0,0.306818,0.134799,-0.159984,-0.278018,0.165851,0.30653,0.189745,0.380565,-0.242214,-0.432573,0.189745,-0.432573,-0.311204,-0.278018,-0.17878,0.30653,0.190264,0.353286,-0.36067,0.165766,-0.125359,-0.278018,0.306818,0.245369,0.502092,0.354841,-0.370678,-0.095663,0.165766,-0.210152,-0.278018,-0.088426,0.24504,-0.220181,0.21715,0.165851,-0.995105,0.30653,0.110567,-0.242214,0.220394,0.688184,0.428131,-0.36067,0.31853,0.420891,-0.196987,0.190264,-0.995105,-0.245721,0.217039,-0.310378,0.479116,0.600214,-0.349485,-0.06008,0.217039,0.30653,0.30653,0.270649,-0.193413,-0.111991,-0.32519,0.231804,0.0,0.585408,-0.278018,-0.432573,-0.210152,0.165851,-0.333239,-0.419458,-0.064002,0.110567,0.100145,-0.210152,0.246053,0.529105,0.306818,0.189745,0.110567,0.062088,0.217039,0.665944,-0.090734,-0.180884,-0.610087,0.437971,0.21939,-0.585003,-0.091674,0.571385,0.258982,0.110567,0.452284,0.110567,0.217039,-0.300742,0.343698,0.110567,-0.210152,0.431096,-0.106727,0.134799,-0.414668,0.541414,0.270699,0.251552,0.386332,-0.34555,-0.275661,0.376465,0.529105,0.22723,-0.125359,-0.568398,0.444956,-0.180884,-0.405355,-0.152444,0.242027,-0.326031,-0.211375,0.444918,0.355292,-0.292368,0.281112,#
8,0.245874,-0.074946,-0.388215,-0.066122,0.250223,-0.052922,0.371036,-0.186241,1.0,-0.12408,0.509183,-0.16134,-0.208321,-0.145434,-0.014558,-0.245985,0.090541,-0.291021,-0.228976,-0.822425,-0.58471,-0.089557,0.351485,0.02644,0.220018,0.416713,-0.111906,0.193633,0.545999,0.221696,-0.402314,-0.506794,-0.576499,-0.334502,0.395478,0.667789,-0.305808,-0.299683,0.417031,0.356452,-0.21468,-0.150693,-0.397986,-0.005074,0.456299,0.440255,-0.089053,-0.291596,-0.191089,0.214299,0.371036,-0.068509,-0.74959,0.130301,0.519538,0.571304,-0.023202,0.328338,-0.318042,-0.009121,-0.215067,0.313346,0.331209,0.541379,0.172931,-0.073581,-0.123567,0.513632,0.374098,-0.479927,0.109398,-0.147821,0.0,-0.221588,-0.250633,0.76381,-0.266812,-0.21468,-0.659147,-0.546826,-0.529245,-0.1542,-0.581888,-0.05106,-0.581888,-0.29506,-0.266812,-0.101997,-0.659147,-0.06891,-0.21066,-0.421929,-0.761516,-0.388852,-0.266812,-0.221588,-0.367016,0.04653,-0.559049,-0.410039,0.23992,-0.198944,-0.12782,-0.266812,-0.355681,-0.820359,-0.241122,0.435402,-0.21468,0.193633,-0.659147,0.221696,-0.1542,-0.434037,-0.288236,-0.614403,0.056537,-0.331006,-0.601559,0.311597,-0.06891,0.193633,-0.239329,-0.510639,0.109398,-0.41484,-0.336068,-0.001882,-0.251774,-0.510639,-0.659147,-0.659147,-0.784079,-0.502612,-0.454904,-0.390333,-0.15063,0.0,-0.207597,-0.266812,-0.581888,-0.12782,-0.21468,0.116965,-0.086137,-0.479927,-0.507936,0.433773,-0.12782,-0.445771,0.072312,-0.221588,-0.546826,-0.507936,-0.218407,-0.510639,-0.312441,0.012363,-0.011723,-0.26796,-0.510268,-0.397186,-0.282108,-0.076854,-0.398453,0.061173,-0.507936,-0.475707,-0.507936,-0.510639,0.257037,0.000753,0.221696,-0.12782,0.800975,0.032316,-0.250633,0.446637,0.057661,-0.337818,0.059417,0.240715,0.157811,0.223913,0.234567,0.072312,-0.554284,-0.388852,0.355504,-0.041488,-0.011723,0.510249,0.520748,-0.022029,-0.270011,0.815853,0.367166,-0.112324,-0.485299,-0.233448,#
9,0.037957,0.545465,0.32673,-0.344701,0.006423,0.145642,0.545465,0.35537,-0.12408,1.0,0.258403,-0.002888,-0.399934,0.484657,0.05551,0.401745,-0.163932,0.379618,0.39279,0.242169,-0.009332,0.62468,0.134763,0.163751,0.422318,0.101231,-0.17456,-0.408076,0.202089,0.280884,0.434388,0.441864,0.177831,-0.577323,0.052264,-0.427905,0.57611,-0.091399,0.534297,-0.610892,0.421326,0.427678,-0.135691,0.053054,0.05551,-0.792148,0.40354,0.311507,-0.245182,0.586617,-0.265008,-0.091303,0.414516,0.161859,0.38178,-0.310934,-0.315096,-0.249368,-0.149763,-0.331125,0.414433,-0.13413,-0.400957,-0.099737,-0.148115,0.452707,0.414516,-0.284665,-0.739512,0.120577,0.014721,0.412439,0.0,0.40421,-0.129398,0.110262,-0.41167,-0.612114,-0.028121,0.066218,0.148209,-0.264978,-0.340038,0.534349,-0.340038,-0.001509,0.024216,-0.208271,0.399171,-0.383933,0.00978,-0.159093,-0.110102,0.106224,0.024216,-0.018234,-0.195517,-0.103486,0.561557,0.287099,-0.419399,0.421111,-0.23631,-0.41167,0.136948,0.231665,-0.795597,0.100614,-0.612114,-0.408076,0.399171,0.280884,-0.264978,0.195935,0.118939,0.146244,-0.159093,-0.143274,0.661541,-0.740484,-0.383933,-0.408076,0.04932,-0.367249,0.014721,0.345869,0.582535,-0.131474,0.213741,-0.367249,-0.028121,-0.028121,-0.179765,-0.163255,-0.519998,-0.130398,-0.61159,0.0,0.550573,-0.41167,-0.340038,0.203949,-0.612114,-0.640595,-0.797513,0.120577,-0.408076,0.410257,-0.23631,0.197584,-0.075228,0.40421,0.066218,-0.408076,-0.192828,-0.367249,0.585712,0.456738,-0.088559,-0.062946,0.248683,0.215681,-0.608977,0.304268,0.490731,0.664831,0.280884,-0.165839,-0.408076,0.092058,-0.10111,0.665285,0.280884,-0.23631,0.138368,-0.504452,-0.129398,-0.363849,0.7878,-0.16758,0.645756,-0.015231,-0.640108,-0.015231,0.38712,-0.075228,0.529898,0.106224,-0.61166,-0.198908,-0.088559,0.236428,-0.097241,0.58575,-0.449337,-0.248836,0.150368,0.132462,0.093789,0.810784,#
10,0.43812,-0.181984,-0.332162,-0.10868,0.390895,0.234126,0.241934,-0.418371,0.509183,0.258403,1.0,0.003392,-0.551818,-0.024925,-0.119702,-0.40802,-0.254063,-0.491139,-0.056778,-0.666256,-0.402729,0.055527,0.217683,0.4339,0.434504,0.37411,-0.148714,0.39478,0.150629,0.421455,0.068273,0.02049,-0.171632,-0.666043,0.437084,0.368683,0.509908,-0.207813,0.373697,0.063589,0.112032,-0.240603,-0.337744,0.268183,0.327858,-0.057428,-0.227862,0.291893,-0.30095,0.378106,-0.181984,-0.047703,-0.401521,0.360376,0.279773,0.268283,-0.165405,0.655994,-0.401822,-0.383419,-0.37612,0.092625,0.104044,0.499715,-0.27849,0.014584,0.193529,0.231242,0.064839,-0.269412,0.371487,-0.278863,0.0,0.421068,0.077697,0.446255,-0.461281,-0.408118,-0.815589,-0.534069,-0.562271,-0.229998,-0.140883,0.365108,-0.140883,-0.053928,0.375963,0.234594,-0.385461,-0.53408,-0.380042,-0.299697,-0.407909,-0.150072,-0.022501,-0.390356,-0.666,-0.343751,-0.157986,-0.294536,0.368624,0.126829,-0.196591,-0.461281,-0.11116,-0.666103,-0.451679,0.373697,-0.408118,0.39478,0.005147,0.421455,-0.229998,-0.31778,-0.552538,-0.241852,-0.299697,-0.222859,0.075943,0.137087,-0.53408,0.39478,0.401808,-0.53408,0.371487,-0.316207,-0.076438,0.14461,-0.085677,-0.53408,-0.815589,-0.424981,-0.666,-0.029469,-0.853464,0.142936,-0.407768,0.0,0.013727,-0.461281,-0.140883,0.246591,-0.408118,-0.298923,-0.148418,-0.269412,-0.272078,0.273984,-0.196591,0.088308,-0.308104,0.034892,-0.534069,-0.272078,-0.398337,-0.53408,-0.086489,0.176954,0.044573,0.06062,-0.274108,-0.263867,0.04632,0.332105,-0.209482,0.162673,-0.272078,-0.513109,-0.272078,-0.071724,0.350555,0.152009,0.421455,0.205871,0.244826,-0.378401,-0.407909,0.342493,0.087413,-0.235654,0.158005,-0.009795,-0.255435,0.389469,0.395085,0.116488,-0.111069,-0.150072,0.074725,-0.132251,0.044573,0.586532,0.509598,-0.004997,-0.441114,0.647798,0.238459,-0.165977,-0.149569,0.014694,#
11,0.606628,0.045552,-0.19007,-0.653907,0.23471,0.834596,0.446505,0.385472,-0.16134,-0.002888,0.003392,1.0,-0.029469,0.64582,-0.162062,0.002077,-0.395661,-0.568229,0.268025,0.002798,0.609737,0.020826,0.053711,0.171988,0.184548,-0.207289,0.364777,-0.333028,0.051721,0.322936,-0.192955,-0.210917,-0.002888,0.017341,-0.171025,-0.148783,0.004034,0.372837,0.204805,0.060145,-0.007569,0.294169,-0.662615,-0.627943,0.261253,-0.272477,0.211965,-0.241188,0.029717,0.058024,0.045552,-0.58165,0.071348,0.021164,-0.286276,-0.231491,-0.352154,-0.002888,-0.418415,0.630537,0.306586,-0.459393,-0.505612,0.25965,-0.037278,0.610792,0.071348,0.207816,0.449472,-0.395724,-0.110193,0.463252,0.0,0.208325,0.006484,0.005752,-0.57995,-0.007569,-0.207239,-0.207998,-0.007056,-0.794868,-0.189513,0.21295,-0.189513,-0.575438,-0.16494,0.027669,0.199589,-0.216412,0.218554,-0.382729,0.006484,-0.472118,-0.16494,-0.193887,-0.402303,-0.203158,0.004631,-0.400962,0.048191,0.006484,-0.379406,-0.57995,0.026557,-0.000716,0.212337,0.204805,-0.007569,-0.333028,0.199589,0.322936,-0.794868,-0.374963,0.498092,0.43302,-0.812886,0.423003,0.238898,0.037046,-0.216412,-0.333028,0.235489,-0.216412,-0.110193,0.208772,-0.002158,0.081195,0.049962,-0.216412,-0.207239,-0.207239,-0.012351,-0.234375,-0.194452,0.034748,0.523201,0.0,0.055179,-0.57995,-0.189513,0.435654,-0.007569,-0.298087,-0.198386,-0.395724,0.322936,0.030339,-0.379406,0.012644,0.228293,0.208325,-0.207998,0.322936,0.378789,-0.216412,0.562048,-0.054013,-0.620884,-0.498326,-0.121846,-0.396381,0.036965,-0.4018,0.110716,-0.373631,-0.333028,0.401038,0.322936,0.220897,-0.087631,0.075956,0.322936,-0.379406,0.065871,-0.180303,0.006484,0.293379,0.283846,-0.001044,0.042402,-0.128094,-0.313285,0.264647,0.640598,0.228293,-0.170427,-0.472118,0.048509,0.469435,-0.19738,0.042402,0.27518,0.194451,-0.544606,0.040398,0.450291,-0.396875,-0.302354,-0.19809,#
12,-0.180923,-0.163801,0.32033,0.125743,-0.130048,-0.060259,-0.163801,0.090198,-0.208321,-0.399934,-0.551818,-0.029469,1.0,-0.059592,0.365795,0.05373,0.284623,0.168373,-0.152273,0.190153,-0.032415,-0.383582,0.361535,-0.624664,-0.369279,-0.574195,-0.15178,-0.051231,0.316361,-0.905088,-0.424077,-0.46552,-0.399934,0.493616,0.0242,0.381589,-0.308925,0.290059,-0.547801,0.328481,-0.589161,0.134363,0.198123,-0.309194,-0.295433,0.292321,-0.012733,0.187493,0.459651,-0.148516,0.462497,-0.458098,0.176412,-0.102896,-0.101985,-0.018832,0.340522,-0.399934,0.80557,0.388568,0.017144,-0.061953,0.511057,-0.096972,-0.041075,-0.078308,0.176412,0.327078,-0.066997,0.36444,0.18157,-0.062632,0.0,-0.368813,0.054863,-0.209281,0.165066,0.179311,0.258309,0.12506,-0.307438,0.137203,0.133622,0.12506,0.133622,0.059569,-0.483189,-0.301337,-0.377165,0.12713,0.447132,0.0927,0.179219,0.348226,-0.483189,-0.368813,0.191095,-0.163183,-0.417113,0.089793,-0.021613,-0.610806,-0.411648,0.165066,-0.319728,0.189653,0.448225,-0.436005,0.179311,-0.051231,0.258309,-0.905088,0.137203,0.09568,0.031573,-0.044016,0.0927,-0.167605,-0.404937,0.453686,0.12713,-0.051231,-0.372401,0.234652,0.18157,-0.247169,-0.32137,0.211005,-0.348493,0.234652,0.258309,0.258309,0.292614,0.340147,0.544682,-0.461831,0.444573,0.0,-0.384481,0.165066,0.133622,-0.411648,0.179311,-0.091364,0.135461,0.36444,0.11954,0.106957,0.243109,0.19969,-0.048608,-0.368813,0.12506,0.11954,-0.00196,0.234652,-0.053273,0.406021,0.226993,0.059093,0.349932,0.086647,0.062552,-0.501488,-0.300919,-0.563452,0.11954,-0.075403,0.11954,0.234652,-0.383553,-0.429969,-0.905088,-0.411648,-0.184399,-0.161371,0.054863,0.345006,-0.121952,-0.34331,0.085822,0.461466,0.404123,-0.254249,-0.148121,-0.048608,0.127413,0.348226,0.3204,0.525861,-0.473441,-0.547286,-0.118229,0.115777,0.161413,-0.187994,-0.079079,0.235802,0.103745,0.155993,#
13,0.146133,0.529441,0.112211,-0.920975,-0.040085,0.763866,0.744894,0.635533,-0.145434,0.484657,-0.024925,0.64582,-0.059592,1.0,0.193031,0.279186,-0.220257,-0.167866,0.40494,0.263386,0.436239,0.275156,0.252027,0.369399,0.097472,-0.14799,0.225712,-0.631265,0.498103,0.201876,-0.142552,0.206429,0.007031,-0.193693,-0.203782,-0.351367,0.227705,-0.031854,0.3755,-0.235415,0.038453,0.499682,-0.443389,-0.655317,0.4205,-0.750393,0.423207,0.05423,0.10247,0.346357,-0.23519,-0.378705,0.080171,-0.334675,-0.190173,-0.071384,0.031948,-0.291008,-0.25098,0.297422,0.614001,-0.332519,-0.41052,-0.119482,0.363729,0.989585,0.080171,-0.098287,-0.108211,-0.264304,-0.337923,0.529617,0.0,0.382482,0.279326,-0.052056,-0.592994,-0.322041,-0.136796,0.149508,-0.011762,-0.501564,-0.328457,0.375705,-0.328457,-0.093297,-0.065888,-0.439059,0.379916,-0.179327,0.412586,-0.200676,0.045982,-0.300795,-0.065888,-0.128368,-0.258845,0.127442,0.491097,-0.211441,-0.249436,0.045982,-0.46994,-0.592994,-0.266244,0.262296,-0.351035,-0.148941,-0.322041,-0.631265,0.379916,0.201876,-0.501564,0.233632,0.324718,0.526902,-0.747019,0.317563,0.577879,-0.285224,-0.179327,-0.631265,-0.039167,-0.381085,-0.337923,0.122685,0.264509,-0.435529,-0.224809,-0.381085,-0.136796,-0.136796,-0.239796,-0.456599,-0.354624,-0.170789,0.352359,0.0,0.204066,-0.592994,-0.328457,0.275184,-0.322041,-0.566978,-0.659027,-0.264304,0.201876,0.122824,-0.46994,0.245989,0.154339,0.382482,0.149508,0.201876,-0.110145,-0.381085,0.958858,0.26566,-0.393076,-0.562501,0.045402,0.242968,-0.263877,-0.258336,0.204415,0.267444,-0.150606,0.063362,0.201876,0.174342,-0.357446,0.324732,0.201876,-0.46994,0.246339,-0.343627,0.279326,-0.086917,0.716394,-0.229501,0.477566,-0.068684,-0.698235,0.142356,0.624802,0.154339,0.167928,-0.300795,-0.250585,0.304397,-0.165506,-0.017424,-0.122082,0.441349,-0.604983,-0.245325,0.258795,-0.030804,0.076054,0.358399,#
14,-0.211339,0.552783,-0.165313,0.047382,0.268104,0.108721,0.114499,0.249524,-0.014558,0.05551,-0.119702,-0.162062,0.365795,0.193031,1.0,-0.326725,0.3687,0.123506,0.61108,-0.102828,0.268104,-0.381323,0.120358,0.055025,-0.233632,0.023453,0.02674,-0.217869,0.380841,-0.217869,-0.623516,-0.018502,-0.355556,0.359887,-0.422148,0.242683,-0.25992,-0.528649,-0.427886,0.284555,0.210975,0.093551,-0.131567,0.202931,0.537272,-0.014114,-0.007312,-0.071431,0.192488,0.35833,-0.29072,-0.126481,0.121434,0.183932,0.272784,0.404507,0.497607,-0.389099,0.12948,0.387452,0.177513,-0.344464,0.212358,-0.019956,0.476827,0.228769,0.121434,-0.004368,-0.253085,-0.314698,-0.292416,-0.030343,0.0,0.161396,0.175427,-0.223223,-0.222463,-0.326804,-0.23309,0.032481,-0.373573,0.060536,0.050711,0.014783,0.050711,0.199659,0.189505,-0.367986,-0.23309,-0.427669,0.202222,-0.087712,0.19551,-0.258157,-0.222463,-0.237867,-0.107047,0.374046,0.044193,-0.081082,0.350494,0.19551,-0.363917,-0.222463,-0.77118,-0.100885,-0.233394,-0.427886,-0.326804,-0.217869,0.170755,-0.217869,0.060536,0.275079,-0.246741,0.474173,-0.087712,0.337018,0.032369,0.04133,-0.427669,-0.217869,-0.227345,0.023799,-0.292416,-0.543538,-0.281906,-0.56344,-0.829865,0.023799,-0.23309,0.170755,-0.107047,-0.10319,-0.044939,-0.094168,0.273557,0.0,-0.356579,-0.222463,0.050711,-0.796663,-0.326804,-0.111411,-0.425787,-0.314698,-0.217869,0.31436,-0.363917,0.299869,-0.076228,-0.237867,0.032481,-0.217869,-0.517729,0.023799,0.295764,0.345318,-0.084836,0.243991,-0.035293,0.314984,-0.325129,-0.458319,-0.439003,0.317659,0.499168,0.118065,-0.217869,0.023799,-0.15704,-0.077345,-0.217869,0.052184,0.071781,-0.05286,-0.326637,0.053807,0.406086,-0.113071,-0.134505,0.630862,0.327951,0.201555,0.196407,0.362754,0.480646,-0.258157,0.27211,0.10835,-0.547771,-0.560515,-0.063135,-0.355981,-0.255993,0.086019,0.069915,0.036152,-0.078776,0.18038,#
15,0.005906,0.388195,0.369875,-0.327175,-0.499182,-0.095207,0.388195,0.13455,-0.245985,0.401745,-0.40802,0.002077,0.05373,0.279186,-0.326725,1.0,0.096867,0.554607,0.034145,0.612421,-0.013524,0.339375,0.394531,-0.323221,-0.001694,-0.326999,-0.040996,-0.166627,0.072662,-0.166627,0.260826,0.348673,0.401745,-0.407899,0.102329,-0.498995,0.24806,0.149774,0.207471,-0.249441,-0.24994,0.191176,0.34539,-0.318873,-0.326725,-0.323452,0.273952,0.171825,-0.103206,0.23156,0.388195,-0.190279,0.482942,-0.297035,0.093901,-0.712698,-0.091366,-0.611967,0.241601,-0.234813,0.148096,0.361989,-0.458116,-0.207034,-0.168214,0.184202,-0.2459,-0.027759,-0.343558,0.328644,0.042873,0.19264,0.0,-0.499493,-0.249812,0.214167,-0.009761,-0.24994,0.476519,0.197084,0.378611,-0.11156,-0.325947,0.21805,-0.325947,-0.003954,-0.497817,-0.609136,0.476519,0.187198,-0.015471,0.09915,-0.249812,0.239073,-0.009761,-0.026488,0.07769,-0.237051,0.388169,0.641674,-0.996998,-0.249812,-0.116337,-0.009761,0.230024,0.597124,0.021937,-0.327248,-0.24994,-0.166627,-0.001914,-0.166627,-0.11156,0.10646,0.222079,-0.058949,0.09915,-0.407367,0.163754,-0.605367,0.187198,-0.166627,-0.497598,-0.327082,0.042873,0.291389,0.213798,0.138633,0.367689,-0.327082,0.476519,-0.001914,0.097113,-0.238702,0.334576,-0.406396,-0.249726,0.0,0.134507,-0.009761,-0.325947,0.396334,-0.24994,-0.270989,-0.325642,0.328644,-0.166627,0.172704,-0.116337,-0.404869,-0.241307,-0.026488,0.197084,-0.166627,0.153243,-0.327082,0.239441,0.343907,-0.23203,-0.249332,0.106521,0.08474,-0.248659,-0.125411,0.268207,0.089232,-0.166627,-0.118545,-0.166627,-0.327082,-0.030826,0.036008,-0.166627,-0.609289,-0.116632,-0.227366,0.344979,-0.330879,0.321918,-0.407948,0.61155,-0.504816,-0.416233,0.003782,0.003685,-0.761366,0.227563,0.239073,-0.249754,-0.070986,0.316405,0.086672,-0.208291,0.736494,-0.022699,-0.611436,-0.094367,-0.126204,0.484132,0.487991,#
16,-0.029197,0.260349,-0.411643,0.359211,0.408821,-0.566161,-0.159489,-0.38846,0.090541,-0.163932,-0.254063,-0.395661,0.284623,-0.220257,0.3687,0.096867,1.0,0.040482,0.030902,0.158797,0.01613,-0.700128,0.252144,-0.527821,-0.816027,-0.53399,-0.659447,0.414756,0.173152,-0.272101,-0.437893,0.056465,0.245583,0.142895,0.307048,0.006694,-0.177164,-0.660242,-0.084743,0.6,0.106991,-0.636833,0.066978,-0.005774,-0.074553,0.306289,-0.691454,0.045029,0.658083,0.415149,0.244201,0.076685,0.022757,-0.12672,0.252429,0.234819,0.66039,-0.589828,0.196136,0.079189,-0.445291,0.620227,0.230069,-0.348213,0.104091,-0.184506,0.022757,-0.217603,-0.211545,-0.129993,-0.46533,-0.603783,0.0,-0.417915,-0.407944,-0.159618,0.370023,-0.408152,-0.011014,0.347434,-0.182388,0.211677,0.327631,-0.534114,0.327631,0.384392,-0.040391,-0.222122,-0.011014,-0.101659,0.366266,0.561961,0.092226,-0.157472,0.370023,-0.020158,0.150579,0.037616,-0.174555,0.58125,-0.088457,0.092226,0.199857,0.370023,-0.167985,0.162439,-0.085274,-0.534397,-0.408152,0.414757,-0.413336,-0.272101,0.211677,0.198843,-0.167755,-0.172033,0.561961,0.122899,-0.435562,-0.198753,-0.101659,0.414757,-0.049353,-0.101659,-0.46533,-0.376366,-0.630473,-0.308957,-0.208623,-0.101659,-0.011014,-0.413336,-0.257739,-0.342557,0.467815,0.124694,0.105433,0.0,-0.691639,0.370023,0.327631,-0.214675,-0.408152,0.489433,-0.136968,-0.129993,-0.272101,0.027135,0.199857,-0.217843,0.02711,-0.020158,0.347434,-0.272101,0.133323,-0.101659,-0.137943,0.232097,0.038125,0.620621,-0.501283,0.162439,0.059852,-0.363775,-0.532204,0.140269,0.414756,-0.163812,-0.272101,-0.101659,-0.38137,0.080243,-0.272101,-0.214675,-0.211602,0.453087,0.092226,0.302511,0.042476,-0.263539,-0.288158,-0.046713,0.525223,-0.046713,-0.446255,-0.410215,-0.130182,-0.157472,0.601192,-0.590803,-0.405326,0.136244,-0.396417,-0.190648,0.37391,-0.184405,-0.610418,-0.182388,0.107758,-0.001658,#
17,-0.565075,0.358703,0.624334,0.261754,-0.580443,-0.469132,-0.060818,0.281881,-0.291021,0.379618,-0.491139,-0.568229,0.168373,-0.167866,0.123506,0.554607,0.040482,1.0,0.144268,0.46103,-0.172956,0.458321,-0.053388,-0.274319,0.152083,0.128821,0.04705,-0.329972,-0.093089,-0.329972,0.358938,0.269601,0.064844,0.032311,-0.282082,-0.273037,-0.040894,0.094013,-0.198736,-0.493969,0.019798,0.400062,0.622413,0.348669,-0.319413,-0.156057,0.477901,0.061648,-0.303225,-0.045381,0.048406,0.201085,0.548563,0.024951,0.291651,-0.409314,-0.098214,-0.471532,0.467944,-0.31938,0.329324,-0.015201,-0.075448,-0.263317,0.001512,-0.227355,-0.062965,-0.167261,-0.630501,0.529202,0.132743,0.27395,0.0,-0.285954,-0.110249,-0.023323,0.26861,0.019798,0.658056,0.233175,0.460009,0.39482,-0.188995,0.148475,-0.188995,0.163488,-0.260259,-0.361882,0.232389,0.241979,-0.175551,0.044719,0.005088,0.503278,-0.165619,0.226605,0.440319,0.178967,0.35686,0.50633,-0.568008,0.005088,0.060446,0.26861,0.097936,0.450048,-0.104735,-0.198736,0.019798,-0.329972,0.139615,-0.329972,0.39482,0.329858,0.083417,-0.019012,0.494796,-0.3933,0.157011,-0.451552,0.241979,-0.329972,-0.580237,0.241979,0.132743,0.26863,0.452741,0.018963,0.160175,0.241979,0.658056,0.565283,0.456011,0.207551,0.342494,-0.386299,-0.494533,0.0,0.367634,0.26861,-0.188995,-0.362208,0.019798,-0.15011,-0.17146,0.529202,-0.329972,0.19509,0.060446,-0.078172,-0.171042,-0.194233,0.233175,-0.329972,-0.172977,0.241979,-0.066827,0.199436,0.192485,0.051844,0.520813,0.338589,-0.49242,0.162588,0.381297,0.34481,0.356369,0.050171,-0.329972,-0.215581,0.080448,0.001182,-0.329972,-0.035143,-0.071261,-0.136844,0.005088,-0.66749,0.174054,0.020481,0.351228,0.126966,-0.021271,-0.268157,-0.261309,-0.271887,0.602065,0.503278,-0.49459,-0.058216,0.209528,-0.415384,-0.268526,0.291997,0.211125,-0.473325,-0.053869,0.350198,0.311275,0.559575,#
18,0.245966,0.8275,-0.311696,-0.189571,0.277495,0.394092,0.404233,0.361258,-0.228976,0.39279,-0.056778,0.268025,-0.152273,0.40494,0.61108,0.034145,0.030902,0.144268,1.0,0.039131,0.673393,-0.061177,-0.01134,0.227319,0.161428,0.171437,0.368874,-0.330255,-0.03857,0.362215,-0.328262,0.266761,0.075204,0.022819,-0.63991,-0.235595,-0.048268,-0.349669,-0.19528,0.053261,0.543322,0.21802,-0.312187,0.240894,0.61108,-0.274481,0.215817,-0.318586,-0.279488,0.530352,-0.332102,-0.257285,0.534541,0.449032,0.369807,-0.206779,-0.072537,-0.465961,-0.379673,0.427081,0.278884,-0.509806,-0.619724,0.216282,0.211102,0.359501,-0.059597,-0.025313,-0.153245,-0.53017,-0.273468,0.297542,0.0,0.144072,-0.10724,-0.027326,-0.572909,-0.495382,-0.178762,-0.20389,0.046551,-0.461202,-0.185473,0.137937,-0.185473,-0.246094,0.183481,-0.355377,0.250707,-0.648278,-0.193254,-0.377249,0.009127,-0.549807,-0.134802,-0.164395,-0.396752,0.166582,0.378284,0.064695,0.000613,0.543045,-0.347194,-0.572909,-0.412707,0.026838,-0.18858,-0.19528,-0.495382,-0.330255,0.133245,0.362215,-0.461202,-0.094638,0.050841,0.760788,-0.377249,0.443902,0.398778,-0.498321,-0.648278,-0.330255,-0.144644,-0.212278,-0.273468,-0.171635,-0.050121,-0.389798,-0.388173,-0.212278,-0.178762,0.133245,0.014902,-0.297246,-0.167839,0.063812,0.043168,0.0,-0.077096,-0.572909,-0.185473,-0.347194,-0.495382,-0.272697,-0.645425,-0.53017,-0.330255,0.432364,-0.789695,-0.072399,-0.186334,-0.164395,-0.20389,-0.330255,-0.216774,-0.212278,0.494712,0.217605,-0.714103,0.056292,-0.192332,-0.069551,-0.492843,-0.476302,-0.118231,0.383582,0.362215,0.523571,-0.330255,-0.212278,0.246391,0.069683,0.362215,-0.025718,-0.034768,-0.152433,-0.49513,-0.189419,0.655293,0.027184,-0.055294,0.163288,0.014006,0.577886,0.563127,0.152818,0.625409,-0.549807,0.041848,0.018709,-0.240732,-0.384425,0.194115,-0.150153,-0.590406,-0.03465,0.373759,-0.484134,-0.137883,0.146343,#
19,-0.403272,0.22593,0.483574,-0.091981,-0.4183,-0.156076,-0.182,0.24521,-0.822425,0.242169,-0.666256,0.002798,0.190153,0.263386,-0.102828,0.612421,0.158797,0.46103,0.039131,1.0,0.390006,0.188704,-0.176686,-0.162889,-0.409667,-0.533957,-0.100528,-0.272085,-0.272999,-0.272085,0.425865,0.586018,0.671902,0.182828,-0.179791,-0.814809,0.26629,0.135416,-0.097463,-0.407312,0.092406,0.13309,0.480579,-0.258484,-0.53351,-0.528165,0.106763,0.301593,0.353067,-0.12326,-0.182,0.180655,0.605379,-0.506303,-0.469461,-0.520861,0.191624,-0.569549,0.36782,-0.142764,0.293404,0.07302,-0.304676,-0.791473,0.010437,0.206587,0.010747,-0.637252,-0.499942,0.536613,-0.328958,0.14669,0.0,-0.004197,0.126444,-0.639383,0.423134,0.111657,0.801988,0.793371,0.64246,0.265884,0.399682,-0.089337,0.399682,0.438175,0.024359,-0.157355,0.801988,0.348139,0.40968,0.617,0.612429,0.420515,0.423134,0.382279,0.56369,0.084733,0.658304,0.611528,-0.6105,0.078065,0.253511,0.423134,0.405504,0.999634,0.060091,-0.534364,0.111657,-0.272085,0.411076,-0.272085,0.265884,0.634298,0.392429,0.35941,0.162526,0.178803,0.506262,-0.516401,0.348139,-0.272085,0.014618,0.348139,-0.328958,0.501596,0.378753,-0.172593,0.353961,0.348139,0.801988,0.411076,0.578949,0.150896,0.57309,0.190759,0.092327,0.0,0.219605,0.423134,0.399682,0.269003,0.111657,-0.020065,-0.053705,0.536613,0.420961,-0.447563,0.253511,0.243239,0.073833,0.382279,0.793371,0.420961,0.290068,0.348139,0.390933,0.031402,0.095533,0.123389,0.403379,0.581602,0.158096,0.100504,0.467312,0.146305,0.395293,0.241459,0.420961,0.348139,-0.485,0.181235,-0.272085,-0.149264,-0.593222,0.106647,0.612429,-0.540337,0.070172,0.155249,0.157968,-0.424779,-0.31177,-0.409411,-0.398954,-0.35109,0.353667,0.420515,-0.407824,-0.173179,0.112105,-0.270258,-0.78234,0.292401,0.411414,-0.998415,-0.562685,0.230604,0.61523,0.38607,#
20,0.195302,0.443486,-0.298412,-0.215786,0.244,0.433049,0.039665,0.3857,-0.58471,-0.009332,-0.402729,0.609737,-0.032415,0.436239,0.268104,-0.013524,0.01613,-0.172956,0.673393,0.390006,1.0,-0.201927,-0.358527,0.178147,-0.223626,-0.203785,0.375718,-0.332868,-0.345517,0.327786,-0.198786,0.243922,0.400316,0.428002,-0.644974,-0.537929,-0.156692,-0.065832,-0.22124,0.064378,0.491679,0.090783,-0.308899,-0.167776,0.268104,-0.269493,0.041475,-0.385793,0.151627,0.054548,-0.364155,-0.123998,0.461931,0.035425,-0.29022,-0.240433,-0.008033,-0.403224,-0.376553,0.634128,0.306983,-0.496918,-0.650205,-0.175062,0.238075,0.400198,-0.083108,-0.319807,0.151091,-0.403932,-0.56294,0.300359,0.0,0.194927,0.01034,-0.506209,-0.181749,-0.003811,0.170986,0.219461,0.379727,-0.388428,0.253497,-0.245742,0.253497,-0.172202,0.236229,0.013934,0.580723,-0.212972,0.204723,0.0299,0.491429,-0.507864,0.236229,0.194927,-0.00622,0.231195,0.395164,0.002258,0.063739,0.491429,0.025889,-0.181749,-0.005262,0.388667,0.205918,-0.22124,-0.003811,-0.332868,0.170986,0.327786,-0.388428,0.042522,0.469863,0.854704,-0.403332,0.830177,0.417534,-0.32849,-0.212972,-0.332868,0.22182,0.202996,-0.56294,0.18124,-0.03369,-0.371645,-0.075326,0.202996,0.170986,0.170986,0.371415,-0.186669,0.232735,0.444022,0.530751,0.0,-0.074371,-0.181749,0.253497,0.010554,-0.003811,0.092068,-0.194838,-0.403932,0.327786,-0.208159,-0.396282,0.069072,0.216792,0.194927,0.219461,0.327786,0.341186,0.202996,0.527991,-0.231199,-0.638834,0.027091,-0.1533,0.0055,0.041022,-0.434297,0.079433,0.021983,0.327786,0.829762,0.327786,0.202996,-0.123688,0.082646,0.327786,0.025889,-0.35075,0.259653,0.01034,-0.157302,0.251477,0.39245,-0.402559,-0.148179,0.026509,0.232157,0.226228,0.216792,0.229202,-0.507864,0.052664,0.034038,-0.203616,-0.386859,-0.177102,-0.287416,-0.167506,-0.363217,0.032308,-0.413481,-0.087539,-0.229982,#
