0,1.0,-0.39153,-0.365034,0.166651,0.11131,0.006893,0.119206,-0.450107,0.134845,-0.548801,0.999313,0.350822,-0.316964,0.188963,0.274134,-0.230048,0.120729,-0.809969,0.513981,0.41786,0.274134,-0.263679,-0.076889,-0.272091,0.345275,0.32607,0.249056,0.72717,0.069463,-0.272091,-0.042561,0.102034,0.013321,-0.578837,-0.128916,-0.272091,-0.539293,0.33001,0.092758,0.0,-0.056368,0.33001,-0.298673,0.407346,-0.091227,0.166254,-0.132701,0.504781,-0.814931,0.257891,0.102932,0.423811,-0.063666,-0.019113,-0.070193,0.454326,-0.351475,0.539518,-0.414355,-0.375371,-0.084655,0.347185,0.248626,-0.576988,-0.727488,-0.326241,-0.272091,0.226621,-0.475934,0.169309,0.33001,-0.345102,0.579505,-0.230083,-0.236267,0.526999,-0.142504,0.24203,-0.166019,-0.008612,0.259239,-0.047368,0.092758,-0.369028,0.09079,0.24203,0.2461,-0.166019,0.372443,0.024167,-0.666133,0.259239,0.10492,-0.131798,0.379029,0.126087,0.40668,-0.610429,-0.570473,0.348129,0.666498,0.143391,0.434659,-0.562907,-0.167802,-0.236267,0.005114,0.16694,-0.28659,-0.080966,-0.534093,-0.097159,-0.358936,0.024167,0.259239,0.11131,0.420504,-0.105511,0.045264,-0.28542,0.033704,0.365088,0.393481,0.319659,0.540988,0.070682,-0.281157,0.194571,-0.259895,0.16694,-0.454732,-0.407928,0.393481,-0.067995,0.259239,0.193619,-0.408136,-0.122676,0.587523,-0.131798,0.207242,0.393481,0.809859,0.401589,-0.166019,-0.646926,0.0,-0.317047,-0.166019,-0.236267,0.530652,-0.08825,-0.072374,-0.072374,-0.131798,0.005114,-0.603952,-0.368092,-0.08825,0.193619,0.488146,-0.236267,0.155127,-0.610429,-0.289376,-0.118552,0.365088,-0.100403,-0.272091,-0.080966,0.001001,-0.21821,0.395768,0.408251,0.394981,0.26978,0.395768,0.153374,0.165696,0.005114,-0.589497,-0.151477,0.397173,-0.105955,-0.261133,0.070142,-0.015172,0.408251,0.612669,-0.151477,-0.167802,0.080795,0.593824,-0.165416,0.375004,0.063759,-0.662354,-0.166019,-0.092901,-0.534093,#
1,-0.39153,1.0,0.46296,-0.363118,0.187054,-0.271515,-0.386831,0.194048,-0.400508,-0.314341,-0.386831,0.221506,0.54765,0.105886,-0.232029,0.334271,0.219846,0.324855,-0.213879,-0.353622,-0.232029,0.235396,-0.091943,0.081702,0.220123,-0.419979,-0.143159,-0.258683,-0.192003,0.081702,0.158334,0.203178,-0.303868,0.459321,0.373408,0.081702,-0.235919,-0.044765,0.122553,0.0,-0.564837,-0.044765,0.298068,-0.105776,-0.525292,0.250556,-0.101999,-0.187262,0.323885,0.412091,0.494114,-0.20463,-0.52566,0.347565,-0.168298,-0.280969,0.574006,-0.226248,-0.126017,0.002989,-0.226732,-0.570755,0.429146,0.388863,0.456888,-0.186855,0.124703,0.061064,-0.124752,0.04513,-0.044765,0.021426,-0.400258,0.281191,0.280099,-0.067002,-0.086707,-0.070208,0.433669,-0.249434,-0.035955,-0.325791,0.154803,-0.133341,-0.071185,0.012965,-0.192898,0.379554,0.273062,0.349291,0.27936,-0.035955,0.461908,-0.124434,-0.111961,0.188801,0.35074,0.619793,0.71576,0.219304,-0.26008,-0.292823,0.350106,0.459223,0.731231,0.253409,0.350106,0.255628,-0.38227,0.21676,0.244782,-0.543309,0.516307,0.375368,-0.035955,0.187054,0.167704,0.13278,-0.204779,0.509142,0.400185,0.246405,-0.086707,-0.336436,-0.213336,-0.194962,-0.36627,0.018451,0.033596,0.255628,-0.035955,0.155645,-0.053429,0.403896,0.008373,0.306789,0.154803,-0.501086,-0.014288,-0.124434,-0.218417,-0.149564,0.219304,-0.184911,0.406612,0.485366,0.0,-0.08508,0.355503,0.253409,-0.131716,0.622615,0.217712,0.217712,-0.124434,0.350106,-0.253325,-0.151475,0.684712,0.306789,-0.071668,0.330514,-0.275619,0.619793,0.004791,-0.225185,0.191216,0.6877,0.081702,0.244911,0.353113,0.353151,0.038701,-0.090903,-0.980286,0.433669,0.038701,0.332684,-0.518307,0.299731,-0.279301,0.484523,0.280631,-0.165996,0.25968,0.514278,-0.282548,-0.090903,0.287015,0.484523,0.731231,0.16293,-0.476194,-0.246629,-0.117947,0.180261,0.304857,0.379554,0.396455,0.244782,#
2,-0.365034,0.46296,1.0,-0.844984,0.356898,-0.219216,0.155058,-0.123407,-0.309045,0.329405,-0.381734,-0.556869,0.508836,0.581943,-0.581287,0.115263,-0.191114,0.660576,0.01983,-0.207116,-0.598368,-0.28927,0.216359,0.209265,0.449061,-0.455685,-0.251393,-0.102174,0.064182,0.209265,-0.000989,0.088145,-0.715247,-0.068993,-0.100847,0.209265,0.185627,-0.098802,0.356898,0.0,-0.071356,-0.098802,0.173065,-0.293589,-0.520866,-0.365008,-0.422154,-0.336447,0.200018,0.326306,0.465229,-0.422535,-0.06541,-0.229287,-0.339969,0.106357,0.058097,-0.497556,0.492679,-0.22183,0.751762,-0.064873,-0.043998,-0.041187,0.304063,0.397328,0.266598,-0.632075,0.309689,-0.203631,-0.098802,-0.135697,-0.790216,-0.424031,0.086296,-0.12124,-0.286302,-0.247716,-0.080669,-0.204811,-0.264648,-0.202815,0.356898,0.075032,-0.38265,-0.164546,-0.064548,0.334199,-0.527342,0.21122,0.054619,0.533236,-0.038505,0.240166,-0.316907,-0.259709,-0.206971,0.745446,0.201262,-0.544769,-0.58969,-0.753811,0.199617,-0.097704,0.08038,0.05071,0.235175,-0.406989,0.124627,-0.058177,0.468124,-0.076943,0.05429,-0.223389,-0.264648,-0.223599,-0.507397,0.392376,0.097296,-0.044104,-0.234948,-0.039389,-0.330671,-0.98752,-0.412908,0.028397,0.116931,0.040998,0.272621,-0.406989,-0.205546,-0.259709,-0.286302,0.313208,-0.205546,-0.394115,0.335398,-0.049264,-0.376721,-0.363355,-0.497867,-0.393527,-0.066995,-0.30486,-0.116744,0.430108,0.0,0.476195,0.319167,0.05071,-0.432763,0.159865,-0.085044,-0.085044,-0.363355,-0.244855,0.383331,0.092831,0.22196,-0.394115,-0.398621,-0.343701,-0.280639,0.745446,-0.292246,0.749729,-0.094577,0.228936,0.209265,-0.020643,-0.230764,-0.450382,0.209265,-0.363355,-0.531067,-0.116744,0.209265,0.138529,0.016125,-0.295229,0.346685,-0.038622,-0.098376,-0.34923,0.478994,-0.034383,-0.20968,0.240166,-0.457394,-0.038622,0.08038,-0.227894,0.033573,0.35454,-0.269585,-0.17384,0.550181,0.821217,0.330344,0.468124,#
3,0.166651,-0.363118,-0.844984,1.0,-0.407596,0.378119,-0.26533,0.193292,0.164766,-0.138712,0.183061,0.419623,-0.366419,-0.509301,0.290926,-0.229134,0.121309,-0.419248,0.10847,0.013172,0.671885,0.402701,-0.134818,-0.271731,-0.53318,0.325613,0.222808,0.149103,0.068827,-0.271731,0.077007,0.091908,0.8255,0.280567,-0.113116,-0.271731,-0.163061,-0.195482,-0.407596,0.0,-0.056973,-0.195482,-0.011915,-0.067264,0.366289,0.580701,0.262564,-0.003121,0.0,-0.550934,-0.356241,0.443628,0.268572,0.435019,0.434426,-0.016772,0.090634,0.556699,-0.437235,0.270134,-0.644885,-0.128704,-0.162632,0.126085,-0.104951,-0.299495,-0.271731,0.372616,-0.120326,0.274736,-0.195482,-0.219023,0.593596,0.603665,0.155983,0.077937,0.394231,0.243391,0.270998,-0.008534,0.260589,0.386606,-0.407596,0.042059,0.109355,0.243391,-0.188791,-0.164834,0.390659,-0.394735,0.179782,-0.480899,0.106457,-0.131099,0.379789,0.592253,0.041466,-0.608441,-0.08622,0.407892,0.682313,0.595404,-0.010464,0.270998,-0.154217,-0.218818,-0.384968,0.603665,-0.28676,-0.062784,-0.533387,0.320899,-0.29796,0.40766,0.260589,0.131869,0.420916,-0.123089,0.024839,0.210426,0.421437,-0.062751,-0.073073,0.823355,0.376324,0.05278,-0.281343,-0.548649,-0.16651,0.603665,0.260589,0.612794,0.394231,-0.506225,0.260589,0.585902,0.071929,0.294766,0.353294,0.408991,0.263191,0.394231,-0.071633,0.193834,0.270998,-0.407044,0.0,-0.64869,-0.164834,-0.218818,0.531066,-0.08622,0.330931,-0.053873,0.408991,0.061132,-0.226256,-0.349812,-0.54787,0.211101,0.48995,0.211101,0.15499,-0.608441,0.344309,-0.66206,0.347546,-0.552297,-0.271731,-0.062784,0.422439,0.306078,-0.271731,0.408991,0.395308,0.270998,-0.271731,-0.245325,0.148255,0.435636,-0.200798,-0.133775,-0.068058,0.424666,-0.29137,0.151291,-0.014094,-0.151871,0.291369,-0.133775,-0.154217,0.121556,-0.25582,-0.572818,-0.07158,0.064332,-0.660354,-0.997385,-0.50162,-0.533387,#
4,0.11131,0.187054,0.356898,-0.407596,1.0,-0.49928,0.111889,0.211591,-0.407434,-0.170996,0.111889,-0.326776,0.33278,0.226207,-0.095334,0.097121,0.363561,0.031253,-0.157816,0.048474,-0.095334,-0.293883,0.261459,-0.166667,0.231817,-0.326762,0.203,-0.068526,-0.20849,-0.166667,0.401479,-0.249994,-0.499512,-0.071417,-0.068128,-0.166667,-0.305835,0.286372,0.375,0.0,0.287289,0.286372,-0.372672,0.236525,-0.327241,-0.408107,0.13412,-0.17901,-0.499179,-0.095214,-0.20849,-0.327614,-0.322937,-0.499512,-0.388666,-0.219023,0.332308,-0.205526,0.250309,0.180199,0.255056,-0.296653,-0.098543,-0.493007,0.196677,0.085049,0.666667,-0.369015,-0.085706,-0.152106,0.286372,-0.207614,-0.40814,-0.407971,0.626437,0.053,-0.351112,0.218071,-0.087393,-0.499056,-0.629973,0.023212,-0.25,-0.195142,0.362048,0.218071,0.436371,-0.087393,0.218218,0.510978,-0.408034,0.229081,-0.204642,0.303235,0.284555,-0.249873,0.510978,0.285133,0.276076,-0.32716,-0.091894,0.116405,0.017228,-0.087393,0.452262,0.109195,0.017228,-0.407971,0.124011,0.218218,0.239074,-0.327327,-0.204642,0.510978,-0.629973,0.375,-0.166667,-0.327154,-0.239634,-0.257742,0.011355,-0.327154,-0.351112,-0.324374,0.357677,-0.762001,-0.407661,0.238365,0.404113,-0.407971,-0.629973,-0.249873,0.293788,-0.122604,0.229081,0.109195,0.375,-0.326789,-0.377019,-0.996345,-0.087274,-0.351112,0.228395,0.279232,-0.611748,0.458837,0.0,0.404874,0.436963,0.109195,-0.195142,0.276076,-0.32716,0.228395,-0.996345,-0.499604,-0.08434,0.347967,0.276076,0.109195,0.400773,-0.408046,0.124011,0.285133,-0.046424,0.227027,-0.327154,0.270604,-0.166667,0.763763,0.0,-0.315062,-0.166667,-0.346555,-0.129823,-0.087393,-0.166667,0.093342,-0.407934,-0.499604,-0.12118,0.408252,0.269862,-0.399454,0.121345,-0.281014,-0.472807,0.303235,0.054002,0.408252,0.452262,-0.217758,0.125036,0.373708,0.209915,-0.248719,0.085195,0.436963,-0.042132,0.239074,#
5,0.006893,-0.271515,-0.219216,0.378119,-0.49928,1.0,0.023632,0.277645,0.040369,0.528135,0.023632,-0.173649,0.243316,0.305678,-0.004674,0.062249,0.032716,0.160696,0.677387,0.149027,-0.004674,-0.122637,0.506424,0.312212,-0.185917,0.680007,-0.406462,0.367402,0.674468,0.312212,-0.436863,0.526366,0.198043,0.371806,-0.343378,0.312212,0.001124,0.045118,-0.49928,0.0,-0.189517,0.045118,0.478876,-0.398829,0.202238,0.005673,0.195675,-0.20508,0.222969,0.059208,0.262765,-0.099017,0.642259,0.210731,0.024141,0.311325,0.209107,0.204037,-0.398348,0.338957,-0.03482,-0.250627,0.032355,0.244241,-0.431081,-0.349734,-0.332854,-0.024821,-0.301086,-0.133049,0.045118,-0.067497,-0.00215,0.007218,-0.436776,0.089436,0.473578,-0.387955,0.013981,0.615938,0.306775,-0.255503,0.023222,0.642327,-0.22111,0.285792,-0.016664,-0.018491,-0.197634,-0.184381,-0.005585,0.306775,-0.216684,-0.554628,-0.04956,0.507868,-0.575571,-0.520888,0.001206,-0.188932,0.003278,-0.015318,0.220215,0.013981,-0.287066,-0.414532,-0.157627,0.007218,-0.036661,-0.231417,-0.206295,0.613171,-0.184042,-0.206114,0.306775,-0.49928,0.363817,0.198893,0.499489,-0.158177,0.206378,0.267074,0.002108,0.191834,-0.529147,0.66063,0.400763,-0.269389,-0.538042,0.007218,0.306775,-0.029289,-0.025626,0.053347,-0.3582,-0.00436,-0.015482,0.612164,0.001277,0.491587,-0.016664,-0.03561,-0.188932,-0.345011,0.419873,-0.229089,0.0,0.072496,-0.838393,-0.414532,0.203779,-0.501821,0.647263,-0.653379,0.491587,-0.157627,0.389212,-0.227747,-0.46456,-0.382501,-0.250109,0.426277,0.415883,-0.520888,0.409667,0.045301,0.233957,-0.441455,0.312212,-0.653711,-0.180572,-0.122483,-0.332854,-0.011401,0.326937,0.013981,-0.332854,0.06668,-0.011412,-0.187854,0.439622,0.025281,-0.171873,0.069342,-0.01075,-0.163244,0.625546,-0.011401,-0.239105,0.025281,-0.287066,-0.499721,-0.414359,0.047503,0.077996,0.500922,0.047381,-0.401833,0.133902,-0.206295,#
6,0.119206,-0.386831,0.155058,-0.26533,0.111889,0.023632,1.0,-0.42061,0.592637,0.304755,0.10258,-0.142045,-0.297067,0.19215,-0.600519,0.207401,0.102423,0.084674,0.062924,0.434154,-0.600519,-0.049964,-0.055103,-0.271731,0.34619,0.397773,-0.423984,0.299027,0.530621,-0.271731,0.205353,0.371625,-0.424539,-0.082191,-0.128089,-0.271731,0.537074,0.399581,0.591414,0.0,0.448934,0.399581,0.035743,0.409255,-0.091749,-0.265988,-0.456119,-0.393302,-0.367032,-0.168552,-0.354201,-0.652937,0.455787,-0.019087,0.375295,-0.314755,-0.279165,-0.420638,0.307562,-0.346052,0.35654,0.327858,-0.160663,0.0743,0.038934,0.247418,0.420916,0.112273,0.260972,-0.138584,0.399581,0.351765,0.14164,-0.665149,-0.235353,-0.591301,0.363306,-0.493148,0.245854,-0.016882,-0.49463,0.36991,0.611394,0.093374,0.082415,0.202472,-0.188791,-0.189978,-0.533668,-0.394735,-0.231392,0.219395,-0.839166,0.377832,-0.172838,-0.407388,-0.028542,-0.105964,-0.578421,-0.130833,-0.229651,0.143269,-0.018725,-0.134102,-0.479522,-0.665271,0.410853,-0.285064,0.15499,-0.533668,0.398833,-0.097665,0.079694,-0.394735,-0.49463,-0.407596,-0.271731,-0.123089,0.338232,0.042466,-0.398024,0.338495,-0.172719,-0.165915,-0.005381,0.043645,0.158495,0.293375,0.307181,-0.285064,0.219395,-0.407388,0.363306,0.251875,0.219395,-0.665271,0.111889,-0.123109,-0.05725,-0.162258,0.190651,-0.698436,-0.130833,-0.288625,-0.189978,-0.150349,0.0,0.344186,-0.181597,-0.665271,0.033003,-0.636127,-0.533397,-0.533397,-0.162258,-0.018725,0.289393,0.111712,-0.11677,-0.665271,0.012812,-0.243621,0.588244,-0.105964,-0.571375,0.407773,-0.123089,-0.098132,-0.271731,-0.080225,-0.042028,-0.650764,0.367635,-0.162258,0.395308,-0.189978,0.367635,0.571005,0.148255,-0.440042,0.268376,-0.133774,-0.535354,0.426025,-0.67929,-0.354033,0.0288,0.377832,-0.323402,-0.133774,-0.479522,0.061314,0.143899,0.261363,0.377038,-0.405507,0.173469,0.245854,0.332489,0.398833,#
7,-0.450107,0.194048,-0.123407,0.193292,0.211591,0.277645,-0.42061,1.0,-0.435749,0.297124,-0.42061,-0.373224,0.622617,-0.037296,0.341495,0.374133,0.244182,0.373824,-0.11322,-0.404152,0.341495,-0.057901,0.631828,0.098315,-0.384652,0.167391,-0.156192,-0.327009,-0.195664,0.098315,0.175044,-0.157087,0.249617,0.51887,-0.222453,0.098315,-0.296205,-0.160286,-0.621948,0.0,0.070934,-0.160286,0.334533,-0.099082,0.078485,-0.349892,0.854552,-0.309694,0.373172,-0.113756,-0.059256,-0.227493,0.103964,-0.203778,-0.194681,-0.16016,0.648706,-0.230176,-0.137778,0.981438,-0.251551,-0.645624,-0.14248,0.097542,0.290431,-0.167624,0.14106,-0.247376,-0.309386,0.047461,-0.160286,0.021298,-0.485507,0.321375,0.320297,-0.072043,-0.145736,-0.13107,-0.115805,0.279504,-0.098412,-0.40363,-0.589889,0.462225,0.519671,-0.048392,0.348437,-0.169598,0.305021,0.398486,0.319561,-0.098412,-0.111491,-0.18443,-0.169681,0.213314,-0.18765,-0.027424,0.813906,-0.394368,-0.273701,0.228389,-0.201629,0.519255,0.371174,0.293765,-0.201629,-0.313901,0.146457,0.249054,0.276891,0.053169,-0.057416,0.424408,-0.098412,0.211591,0.183806,-0.492788,-0.275824,-0.108139,0.449063,-0.379837,-0.145736,0.164723,-0.275744,-0.258949,0.169747,-0.128385,0.038001,-0.313901,-0.098412,0.180355,-0.112656,-0.211506,-0.054348,0.346829,0.179531,0.061298,-0.380438,-0.18443,-0.285763,-0.20822,-0.394368,-0.246562,-0.142702,0.553088,0.0,0.357563,-0.193507,0.293765,-0.194868,-0.019427,0.249982,0.249982,-0.18443,-0.201629,0.315632,0.459323,0.042301,0.346829,-0.169069,0.370412,0.252475,-0.027424,0.909655,-0.199695,-0.434699,0.057257,0.098315,0.277037,-0.216143,0.401334,-0.970325,-0.1511,-0.062153,-0.115805,-0.970325,-0.239739,-0.539458,-0.251705,0.342564,0.544467,0.316646,-0.141468,0.304474,-0.079116,0.298568,-0.1511,-0.19113,0.544467,0.371174,-0.580402,-0.496883,0.358835,-0.094913,0.204707,0.348092,-0.169598,-0.175825,0.276891,#
8,0.134845,-0.400508,-0.309045,0.164766,-0.407434,0.040369,0.592637,-0.435749,1.0,-0.032048,0.117876,0.297403,-0.742118,-0.468722,-0.188386,-0.203234,-0.40735,-0.344441,0.088591,-0.003292,-0.188386,-0.065312,-0.557099,-0.271623,0.363633,0.416219,-0.494048,0.32457,0.097081,-0.271623,0.196291,0.387057,-0.019716,-0.098933,-0.162382,-0.271623,0.516171,0.332188,0.081487,0.0,-0.047614,0.332188,0.048588,0.390292,0.332242,0.133021,-0.313299,0.005304,0.032541,-0.151941,-0.336316,-0.117145,0.475244,0.408945,0.375475,-0.291371,-0.296838,0.031402,0.30543,-0.358706,-0.114878,0.327375,0.241568,0.066573,0.019725,0.409426,-0.271623,0.414757,0.430672,0.380103,0.332188,0.345124,0.552701,-0.254556,-0.260383,-0.58734,0.360849,-0.509919,0.236429,-0.000946,0.216227,0.359378,0.631523,-0.360093,0.072229,0.199332,-0.616347,0.236429,-0.106691,-0.814457,0.193714,-0.455788,-0.394151,0.375352,-0.1855,-0.407227,-0.045756,-0.117335,-0.598754,0.311863,0.192088,0.125208,-0.002808,-0.150973,-0.503661,-0.260383,-0.002808,0.132977,-0.279098,-0.106691,-0.062545,-0.088909,0.069734,-0.419125,0.216227,0.081487,-0.271623,-0.114838,-0.179886,0.113091,0.010178,0.355792,0.360849,0.298156,-0.037718,0.069337,0.174888,0.198121,0.300028,0.132977,0.216227,0.095407,0.360849,-0.133558,0.216227,-0.260383,-0.407434,-0.11487,0.385946,0.375352,0.180163,-0.17517,-0.122733,-0.329387,0.236429,-0.168252,0.0,-0.126758,-0.199398,-0.260383,0.501668,-0.657591,-0.533186,-0.098589,0.375352,0.401496,-0.131725,0.10256,-0.128057,-0.260383,-0.0,0.16953,0.162647,-0.117335,-0.316253,-0.050703,-0.114838,-0.108875,-0.271623,-0.106691,-0.031864,-0.242471,0.380272,0.375352,0.407285,0.236429,0.380272,0.198846,0.164457,-0.028077,-0.106426,-0.149703,-0.536316,0.461244,-0.680076,0.113454,0.044775,-0.132962,0.035203,-0.149703,-0.503661,0.560997,0.159625,-0.103645,0.40926,-0.405346,-0.199724,-0.173761,-0.101034,-0.062545,#
9,-0.548801,-0.314341,0.329405,-0.138712,-0.170996,0.528135,0.304755,0.297124,-0.032048,1.0,-0.548696,-0.782286,0.298927,0.330443,-0.309734,0.152124,-0.178732,0.75753,0.101197,-0.022104,-0.309734,-0.155328,0.571276,0.313493,-0.266861,0.213207,-0.366792,-0.182358,0.449639,0.313493,-0.230473,0.053435,-0.061392,0.204892,-0.377155,0.313493,0.536263,-0.23332,-0.170996,0.0,0.40133,-0.23332,0.344121,-0.441524,0.161822,-0.531931,0.097197,-0.517589,0.436906,-0.238792,-0.056023,-0.468233,0.648642,-0.311631,0.039236,0.087098,-0.028771,-0.45175,0.347903,0.358756,0.571736,0.013044,-0.534301,0.214369,0.128056,0.297574,0.170996,-0.52656,0.300434,-0.333791,-0.23332,0.131355,-0.545373,-0.248152,-0.205392,-0.317189,0.181342,-0.416668,-0.225154,0.407831,-0.235032,-0.018854,-0.021375,0.759944,-0.195333,-0.168613,0.045766,-0.135491,-0.783604,-0.124822,0.226507,0.352549,-0.573673,0.022222,-0.395346,-0.079351,-0.85071,0.048757,0.031472,-0.783206,-0.609413,-0.218953,-0.327975,0.0797,-0.46401,-0.233892,-0.091322,-0.553109,0.55538,-0.317173,0.427097,0.615689,-0.155878,-0.442638,-0.235032,-0.598487,-0.398992,0.158144,0.428392,-0.241836,-0.337845,-0.289393,-0.405569,-0.388268,-0.622408,0.390898,0.679658,-0.216025,0.034551,-0.553109,0.352549,-0.079351,-0.370036,0.017655,-0.381928,-0.559178,0.363367,0.614677,-0.586265,0.133334,-0.258675,-0.447229,-0.783206,-0.46156,-0.135491,0.186341,0.0,0.601226,-0.377581,-0.233892,-0.441327,-0.524129,0.140386,-0.460213,0.133334,-0.444828,0.97828,0.303835,-0.482973,-0.676124,-0.583693,-0.083533,0.255475,0.048757,0.254026,0.628322,-0.325971,-0.462723,0.313493,-0.410459,-0.453073,-0.35617,-0.398992,-0.422225,0.303389,-0.583806,-0.398992,-0.159611,0.219056,-0.478214,0.986565,-0.209432,-0.48709,0.074118,0.206343,-0.519839,0.434833,0.022222,-0.948034,-0.209432,-0.46401,-0.618689,-0.232812,0.540371,-0.276522,-0.015466,0.578239,0.104607,0.075132,0.427097,#
10,0.999313,-0.386831,-0.381734,0.183061,0.111889,0.023632,0.10258,-0.42061,0.117876,-0.548696,1.0,0.352467,-0.297067,0.19215,0.291561,-0.212368,0.141648,-0.808897,0.516983,0.416721,0.291561,-0.25708,-0.055103,-0.271731,0.328325,0.342107,0.249848,0.725524,0.070867,-0.271731,-0.042171,0.101899,0.030191,-0.56164,-0.129451,-0.271731,-0.56077,0.32688,0.071929,0.0,-0.056973,0.32688,-0.285929,0.409255,-0.091749,0.165344,-0.103923,0.501512,-0.813853,0.260121,0.105553,0.423307,-0.064254,-0.019087,-0.070059,0.454628,-0.332282,0.540957,-0.440312,-0.346052,-0.105257,0.327858,0.248213,-0.569633,-0.731274,-0.351781,-0.271731,0.232275,-0.503906,0.16938,0.32688,-0.345127,0.577455,-0.2124,-0.235353,0.535391,-0.141795,0.243391,-0.164834,0.008162,0.260589,-0.064187,0.071929,-0.350355,0.109355,0.243391,0.263191,-0.181597,0.390659,0.041466,-0.665252,0.260589,0.106457,-0.151871,0.379789,0.147207,0.407659,-0.62895,-0.54787,0.348691,0.667625,0.160015,0.435636,-0.54479,-0.154218,-0.235353,0.006058,0.167685,-0.28676,-0.080225,-0.533387,-0.097665,-0.357434,0.041466,0.260589,0.111889,0.447556,-0.123089,0.045732,-0.283948,0.051182,0.365647,0.394231,0.338052,0.539431,0.07105,-0.281343,0.190504,-0.274166,0.167685,-0.453436,-0.407388,0.394231,-0.066836,0.260589,0.211101,-0.407596,-0.123109,0.586814,-0.131099,0.207391,0.394231,0.810456,0.399995,-0.164834,-0.645403,0.0,-0.316596,-0.181597,-0.235353,0.531066,-0.08622,-0.053873,-0.071633,-0.131099,0.006058,-0.603725,-0.367562,-0.08622,0.211101,0.48995,-0.218818,0.17198,-0.62895,-0.2612,-0.137896,0.365647,-0.098132,-0.271731,-0.080225,0.002155,-0.197523,0.367635,0.408991,0.395308,0.270998,0.367635,0.154314,0.148255,0.006058,-0.588189,-0.133774,0.417212,-0.105148,-0.259044,0.071664,0.001226,0.408991,0.620333,-0.133774,-0.154218,0.061314,0.576928,-0.164111,0.375795,0.082402,-0.660354,-0.181597,-0.091781,-0.533387,#
11,0.350822,0.221506,-0.556869,0.419623,-0.326776,-0.173649,-0.142045,-0.373224,0.297403,-0.782286,0.352467,1.0,-0.475308,-0.469023,0.147808,-0.052428,0.256507,-0.648506,-0.120331,0.224847,0.147808,0.528584,-0.70455,-0.217851,-0.005832,0.045835,0.207908,0.117998,-0.052943,-0.217851,0.028235,0.214313,0.277833,0.133963,0.568344,-0.217851,-0.169653,0.22276,0.182485,0.0,-0.42007,0.22276,-0.145503,0.312509,0.040687,0.789907,-0.221494,0.3641,-0.211844,0.080276,-0.052943,0.349951,-0.422113,0.656757,0.349681,-0.279801,0.007355,0.443671,-0.519369,-0.416673,-0.793119,0.005755,0.505117,0.318022,-0.123659,-0.465218,-0.217851,0.886056,-0.227811,0.190643,0.22276,0.183265,0.803615,0.410581,-0.07678,0.078272,0.354818,0.246413,0.54742,-0.173571,0.260546,0.21061,0.182485,-0.476269,0.015471,0.246413,-0.318525,0.066759,0.553798,-0.189971,-0.063543,-0.497759,0.43676,-0.228698,0.342961,0.262378,0.645025,-0.244432,-0.158259,0.999557,0.544555,0.410024,0.218458,0.143902,0.28406,-0.07678,0.218458,0.814236,-0.532599,0.053713,-0.427624,-0.42785,0.43676,0.256123,0.260546,0.224924,0.546042,0.008117,-0.065456,0.543206,0.266384,0.527162,0.354818,0.626626,0.420198,-0.032338,-0.532856,0.097113,-0.272113,0.814236,0.260546,0.240564,0.354818,0.186436,0.260546,0.397361,-0.326776,-0.427147,0.608205,0.366946,0.546678,0.354818,0.509157,0.30517,0.54742,-0.393341,0.0,-0.759003,0.066759,-0.07678,0.459813,0.33202,0.081629,0.062767,0.366946,0.674676,-0.799248,-0.506608,0.33202,0.397361,0.46755,0.397361,-0.045411,-0.244432,-0.316801,-0.817306,0.527162,0.319256,-0.217851,0.053713,0.677532,0.461737,0.461165,0.366946,-0.213768,0.54742,0.461165,0.350629,-0.125012,0.674676,-0.801802,0.117815,0.102691,0.331975,-0.529732,0.483212,-0.204774,-0.206637,0.826863,0.117815,0.28406,0.747552,-0.121338,-0.780849,0.293518,0.193065,-0.514965,-0.396101,0.150296,-0.427624,#
12,-0.316964,0.54765,0.508836,-0.366419,0.33278,0.243316,-0.297067,0.622617,-0.742118,0.298927,-0.297067,-0.475308,1.0,0.667013,-0.088617,0.561959,0.354152,0.630141,0.137315,-0.220731,-0.088617,-0.109616,0.78026,0.193771,0.000767,0.001014,-0.207508,-0.093165,0.10331,0.19377,-0.002901,0.090563,-0.222119,0.342087,-0.128496,0.19377,-0.419593,-0.196699,-0.214832,0.0,-0.098127,-0.196699,0.50863,-0.226833,-0.532314,-0.3514,0.33048,-0.380048,0.194698,0.398807,0.551393,-0.374218,-0.071225,-0.208311,-0.314267,0.168388,0.518748,-0.408927,-0.241269,0.526796,0.185578,-0.532696,-0.051127,0.130537,0.149254,-0.306121,0.221853,-0.457541,-0.462956,-0.171291,-0.196699,-0.167915,-0.785325,0.067759,0.073499,0.143771,-0.275159,-0.191229,-0.061356,0.257547,-0.177878,-0.648855,-0.193771,0.554623,0.102865,-0.136912,0.388712,-0.096696,-0.0239,0.64914,0.059884,0.574807,0.028943,-0.307537,-0.284083,0.333813,-0.178724,0.193376,0.750127,-0.492279,-0.497704,-0.306956,0.25477,0.355862,0.401341,0.056068,0.25477,-0.3496,0.093631,-0.060669,0.435481,-0.079053,0.06447,0.223381,-0.177878,-0.214833,0.249936,-0.070177,0.119542,-0.00824,0.234564,0.004028,-0.275159,-0.458016,-0.417616,0.078106,0.104246,-0.084344,-0.13694,-0.3496,-0.177878,-0.250811,-0.253427,0.331184,-0.148929,0.09093,0.311718,-0.051932,-0.328947,-0.307537,-0.486748,-0.31621,-0.005513,-0.326881,-0.079026,0.39429,0.0,0.433644,-0.112403,0.056068,-0.373461,0.20265,0.417808,-0.068959,-0.307537,-0.198068,0.349708,0.057009,0.243204,0.09093,-0.328562,0.106424,0.163282,0.193376,0.444303,0.212801,-0.032014,0.255336,0.19377,-0.042284,-0.196528,0.106763,-0.508297,-0.28564,-0.487075,-0.061356,-0.508297,0.154356,-0.399992,-0.230966,0.343936,0.385216,0.459885,-0.310326,0.520582,0.033468,0.239644,0.283693,-0.212919,0.385216,0.401341,-0.734675,-0.370682,0.351518,-0.255187,0.327264,0.540302,0.362734,0.337003,0.435481,#
13,0.188963,0.105886,0.581943,-0.509301,0.226207,0.305678,0.19215,-0.037296,-0.468722,0.330443,0.19215,-0.469023,0.667013,1.0,-0.318344,0.398213,0.259056,0.402463,0.468621,0.244888,-0.318344,-0.24692,0.688447,0.107718,0.27129,0.185623,-0.164437,0.365938,0.475744,0.107718,-0.20017,0.24236,-0.404556,-0.165654,-0.219606,0.107718,-0.281418,-0.063144,0.161577,0.0,0.088118,-0.063144,0.356469,-0.109555,-0.617346,-0.357424,-0.185749,-0.222976,-0.269091,0.507684,0.613242,-0.30718,0.121492,-0.282483,-0.178562,0.517503,-0.070141,-0.303301,-0.231464,-0.058232,0.574858,0.050397,-0.137462,-0.091038,-0.302138,-0.264691,0.150805,-0.444097,-0.427442,-0.291646,-0.063144,-0.257629,-0.494389,-0.360103,-0.351382,0.280874,-0.206549,-0.202219,-0.175472,0.307541,-0.170265,-0.471063,0.193892,0.5053,-0.192036,-0.118881,0.382808,-0.229695,-0.409003,0.427508,-0.372258,0.984575,-0.169134,-0.246378,-0.229887,0.227937,-0.250408,-0.086613,0.015555,-0.476351,-0.347571,-0.452904,0.428303,-0.149867,-0.116915,-0.378126,0.428303,-0.385717,0.168695,-0.465417,0.296018,0.070518,-0.114626,-0.22573,-0.170265,-0.61399,0.193892,0.183792,0.534091,-0.172559,-0.208419,0.297645,-0.206549,-0.602101,-0.261085,0.448162,0.192181,0.018486,-0.26118,-0.385717,-0.170265,-0.669047,-0.173204,0.498792,-0.125848,-0.324639,0.193892,0.078684,-0.098991,-0.246378,-0.346708,-0.269532,0.270491,-0.218281,-0.202584,-0.177931,0.0,0.390443,-0.253794,-0.378126,-0.254685,-0.077777,0.268895,-0.477947,-0.246378,-0.266483,0.349768,-0.244033,-0.015555,-0.324639,-0.276885,-0.300867,0.27556,-0.086613,-0.134418,0.580394,0.242345,-0.008744,0.107718,-0.43721,-0.287588,-0.393676,0.06463,-0.212781,-0.123061,-0.175472,0.06463,0.356792,0.098985,-0.316959,0.334162,-0.105544,0.287782,-0.209832,0.284948,-0.139518,0.285757,0.660742,-0.255945,-0.105544,-0.116915,-0.690701,0.123013,0.350854,-0.156773,0.219202,0.329525,0.475205,0.487809,0.296018,#
14,0.274134,-0.232029,-0.581287,0.290926,-0.095334,-0.004674,-0.600519,0.341495,-0.188386,-0.309734,0.291561,0.147808,-0.088617,-0.318344,1.0,-0.162341,-0.065709,-0.48466,-0.074112,-0.044415,0.605529,-0.213949,0.082779,0.254225,-0.338473,0.070091,0.413935,-0.186052,-0.525706,0.254225,-0.288883,-0.591854,0.423997,-0.286336,0.118803,0.254225,-0.440313,0.023555,-0.611728,0.0,0.006654,0.023555,-0.296071,0.111335,0.51602,-0.156949,0.7483,0.753998,-0.030551,0.178644,-0.068688,0.596842,-0.330692,-0.36844,-0.37068,0.265295,-0.07245,0.401263,-0.309403,0.391849,-0.392734,0.08013,0.180975,-0.337956,-0.445432,-0.275259,-0.407819,0.158511,-0.441217,0.054781,0.023555,0.075872,0.252846,0.278737,-0.143732,0.567573,-0.383232,0.420613,-0.613754,0.402561,0.446795,-0.420818,-0.611728,-0.102421,0.36519,-0.219647,0.565775,-0.213842,0.568632,0.408981,-0.159357,-0.262981,0.396887,-0.417799,0.131118,-0.060121,0.045859,-0.390754,0.14127,0.135155,0.222064,0.25524,-0.352019,-0.220322,0.208394,0.655286,-0.391254,-0.114829,0.199293,0.53396,-0.375667,0.065878,-0.064243,0.045859,0.446795,0.421059,0.307188,-0.350676,-0.384448,-0.474211,0.060259,-0.314689,0.633483,0.550447,0.120516,-0.087779,0.216991,0.287842,-0.391679,-0.114829,-0.262981,-0.080539,-0.362738,-0.242584,-0.235682,0.300065,-0.611728,0.06577,0.062151,0.119076,0.172876,0.633483,0.135155,0.415996,-0.197179,-0.052856,0.0,-0.032673,-0.236985,0.655286,-0.041408,0.14127,0.1175,0.534342,0.119076,0.035768,-0.295711,0.316204,0.14127,0.68816,-0.062362,0.283628,-0.165702,-0.390754,0.570926,-0.403743,-0.314689,0.124689,0.254225,0.100551,-0.356722,0.600169,-0.407819,0.139726,0.283973,-0.180516,-0.407819,-0.537521,-0.173755,0.035768,-0.246241,0.188115,0.559087,-0.380547,0.254075,-0.06454,0.396333,-0.39715,0.340926,0.188115,0.208394,-0.080378,0.261804,0.166469,0.14552,0.415309,-0.159108,-0.253648,-0.318269,-0.375667,#
15,-0.230048,0.334271,0.115263,-0.229134,0.097121,0.062249,0.207401,0.374133,-0.203234,0.152124,-0.212368,-0.052428,0.561959,0.398213,-0.162341,1.0,0.621801,0.45378,-0.266695,0.053669,-0.162341,0.387137,0.448426,-0.271939,-0.064648,0.386839,-0.324912,-0.104822,0.168272,-0.27194,0.303024,0.135967,0.006064,0.307965,0.160454,-0.27194,-0.146602,-0.126957,0.097121,0.0,0.289045,-0.126957,0.61965,0.468621,-0.533939,-0.246551,0.217843,-0.43243,-0.020972,0.287283,0.134551,-0.604832,-0.021346,0.003639,0.396942,-0.259615,0.151975,-0.758517,-0.393453,0.323022,-0.166824,-0.108001,-0.154087,0.523139,0.308562,-0.411225,0.401435,0.191802,-0.503315,-0.037425,-0.126957,0.422632,-0.242248,0.159396,-0.247827,-0.350015,-0.051777,-0.397066,0.281112,0.421116,-0.397509,-0.392261,0.116545,0.555124,0.54029,-0.346972,0.249991,-0.582595,-0.076297,0.387853,0.146569,0.296649,-0.366665,-0.108827,-0.570415,0.131463,0.017015,-0.130708,0.393254,-0.067625,-0.544806,0.198071,0.028109,0.665887,0.128845,-0.286229,0.824989,-0.225509,0.154623,-0.534079,0.787986,-0.534079,0.526628,0.017015,-0.397509,-0.407909,0.427333,-0.533797,0.177726,0.445702,0.018527,0.390082,-0.099657,-0.039317,-0.153665,0.108543,0.15837,0.196314,0.006978,-0.225509,0.296649,-0.407701,-0.051777,0.645758,0.296649,-0.231751,0.097121,-0.533201,-0.026547,-0.088632,-0.134263,-0.610746,-0.067625,-0.476267,-0.142593,0.044562,0.0,0.307539,-0.189671,-0.286229,-0.318402,-0.111651,-0.067625,-0.126138,-0.088632,0.407363,0.252835,0.073055,0.393254,0.147803,-0.293135,0.178167,0.631799,-0.130708,0.116867,-0.121515,-0.058659,0.408676,-0.27194,-0.093252,0.009429,0.334552,-0.27194,-0.088632,-0.253852,-0.142593,-0.27194,0.609199,-0.276361,-0.002231,0.232244,0.269619,0.344216,0.425925,-0.260321,0.119591,0.407071,0.43643,-0.092307,0.269619,0.128845,-0.387839,-0.26824,0.226175,-0.076112,0.068515,0.557557,0.225886,0.579415,0.787986,#
16,0.120729,0.219846,-0.191114,0.121309,0.363561,0.032716,0.102423,0.244182,-0.40735,-0.178732,0.141648,0.256507,0.354152,0.259056,-0.065709,0.621801,1.0,0.021659,-0.191651,0.552561,-0.065709,0.508725,0.286049,-0.166632,-0.32696,0.198517,0.236169,-0.08058,0.366232,-0.166632,0.109471,0.068167,0.036888,0.423727,0.442351,-0.166632,-0.31755,0.200572,0.363561,0.0,0.276166,0.200572,0.006775,0.286638,-0.327174,0.100681,0.170083,-0.25145,-0.499076,-0.065626,-0.176735,-0.365323,-0.322871,-0.002838,0.267711,-0.362031,0.352885,-0.173572,-0.631768,0.212919,-0.405055,-0.318162,-0.110091,0.353356,-0.003438,-0.777177,0.651381,0.402479,-0.63422,-0.398621,0.200572,0.203797,0.105934,0.126074,0.09977,0.062622,0.293727,0.218026,0.436873,0.032701,-0.614227,0.013713,-0.249948,0.371323,0.361973,0.218026,0.436281,-0.611622,0.22809,0.510872,-0.40795,0.229034,-0.194454,-0.358295,0.284496,0.404256,0.510872,-0.368005,0.276019,0.238447,-0.062097,0.640096,0.026619,0.436873,0.452166,-0.407962,0.533949,0.126074,0.114324,-0.327259,0.228732,-0.327259,0.353399,0.510872,-0.614227,-0.249948,0.681677,-0.327086,0.413828,0.338779,0.020641,0.249318,-0.339317,0.27006,0.330831,-0.180072,-0.407577,0.116991,-0.281597,0.126074,0.229034,-0.249821,0.293727,0.459815,0.229034,0.118575,0.363561,-0.326721,-0.127432,-0.334671,0.436281,-0.339317,0.238447,0.245335,-0.077843,-0.125112,0.0,-0.005326,-0.096906,-0.407962,-0.184803,0.276019,0.238447,-0.327093,-0.334671,0.026619,-0.093905,-0.21735,0.276019,0.118575,0.40069,0.118575,0.655351,-0.368005,-0.040507,-0.414219,0.249318,0.270548,-0.166632,0.208256,0.506158,0.219544,-0.166632,-0.334671,-0.129796,-0.077843,-0.166632,0.59387,-0.40785,0.026619,-0.129721,0.408169,0.280026,0.238696,-0.38418,-0.174727,0.015099,0.303173,0.275952,0.408169,0.452166,-0.217713,-0.395866,-0.126331,0.210578,0.326761,0.076838,-0.096906,0.499462,0.228732,#
17,-0.809969,0.324855,0.660576,-0.419248,0.031253,0.160696,0.084674,0.373824,-0.344441,0.75753,-0.808897,-0.648506,0.630141,0.402463,-0.48466,0.45378,0.021659,1.0,-0.223113,-0.247505,-0.40707,0.12128,0.484076,0.216166,-0.177436,-0.158693,-0.332019,-0.433483,0.221208,0.216166,-0.000896,0.031253,-0.198555,0.391777,-0.084968,0.216166,0.380061,-0.403009,0.031253,0.0,0.212139,-0.403009,0.495002,-0.393783,-0.286639,-0.38693,-0.009281,-0.661686,0.567117,-0.032113,0.186634,-0.590187,0.220006,-0.167454,0.055539,-0.114297,0.20265,-0.726367,0.298172,0.311355,0.462694,-0.21059,-0.430715,0.457834,0.538664,0.216834,0.37243,-0.504658,0.247877,-0.284037,-0.403009,0.149237,-0.809977,-0.004554,0.023619,-0.391726,-0.000336,-0.364324,0.048708,0.16939,-0.388101,-0.148896,0.031253,0.659354,-0.15841,-0.339137,-0.025003,-0.049618,-0.649599,0.154167,0.431266,0.336792,-0.290808,0.086195,-0.524697,-0.002789,-0.565339,0.477864,0.4605,-0.649269,-0.807332,-0.366528,-0.182972,0.451115,-0.032978,-0.073372,0.253145,-0.407097,0.396521,-0.291552,0.714339,0.151743,0.196617,-0.177507,-0.388101,-0.496139,-0.330759,0.156907,0.281301,0.173703,-0.192163,-0.198001,-0.54452,-0.64374,-0.59706,0.195479,0.38915,-0.223487,0.177517,-0.407097,0.336792,-0.002789,-0.42359,0.297664,-0.227014,-0.412843,0.539112,0.172521,-0.587122,-0.035651,-0.426865,-0.563555,-0.649269,-0.530464,-0.049618,0.444538,0.0,0.524204,0.03323,-0.073372,-0.625319,-0.047234,0.141699,-0.222918,-0.035651,-0.182972,0.821621,0.209285,-0.028429,-0.412843,-0.595384,-0.058105,0.063395,0.477864,0.163949,0.493251,-0.214714,-0.012686,0.216166,-0.189253,-0.182261,-0.083695,-0.330759,-0.462115,-0.345549,-0.393758,-0.330759,0.048759,0.004585,-0.198227,0.795736,-0.019138,-0.24517,0.069194,0.358274,-0.167965,0.165937,0.086195,-0.78591,-0.019138,-0.032978,-0.500209,-0.418888,0.375382,-0.491547,-0.048406,0.778398,0.392848,0.305767,0.714339,#
18,0.513981,-0.213879,0.01983,0.10847,-0.157816,0.677387,0.062924,-0.11322,0.088591,0.101197,0.516983,-0.120331,0.137315,0.468621,-0.074112,-0.266695,-0.191651,-0.223113,1.0,0.06212,0.012956,-0.545075,0.325514,0.113978,0.440682,0.493365,-0.364267,0.831294,0.464895,0.113978,-0.264504,0.62029,-0.16341,-0.101089,-0.571255,0.113978,-0.324861,0.235422,-0.311248,0.0,-0.451339,0.235422,0.254861,-0.233469,-0.089485,0.054183,-0.130917,0.029677,-0.1702,0.332248,0.522345,0.121582,0.504829,0.19653,-0.287638,0.603955,0.079587,0.460401,-0.245457,-0.069065,0.211018,-0.130789,0.322624,-0.345797,-0.625946,-0.144202,-0.49975,-0.22179,-0.280157,0.14625,0.235422,-0.516957,0.030472,-0.311702,-0.288321,0.335487,0.115723,-0.313726,-0.10676,0.220199,0.481031,-0.293667,0.280561,0.066118,-0.318741,0.44939,-0.08315,0.316193,0.013393,-0.204703,-0.289204,0.481031,-0.007938,-0.294728,0.127237,0.367423,-0.242118,-0.361238,-0.243416,-0.125885,0.361298,-0.354144,0.694102,-0.454113,-0.269636,-0.352818,-0.240363,0.035769,-0.416166,-0.063137,-0.4746,0.39604,-0.517927,-0.141687,0.481031,-0.157816,0.230879,0.298748,0.224998,-0.362026,0.330719,0.396934,0.171008,-0.062567,-0.248294,0.464321,0.078001,-0.167192,-0.331475,0.035769,-0.332404,-0.195917,0.251423,-0.110209,-0.15164,0.165172,-0.179735,0.390894,0.335305,0.138249,-0.232105,0.149648,0.400168,-0.195621,0.279415,-0.293673,0.0,-0.049416,-0.538908,-0.352818,0.56063,-0.391129,0.393674,-0.454938,0.138249,-0.240363,-0.066181,-0.37168,-0.370027,-0.280259,0.038531,0.073466,0.133683,-0.361238,0.081405,0.256844,0.378179,-0.352618,0.113978,-0.464916,-0.23999,-0.493535,0.084753,0.274978,0.234854,0.38975,0.084753,0.091658,0.055594,-0.257481,-0.021013,-0.046535,0.055339,-0.260358,0.100834,0.068426,0.231468,0.274978,0.111948,-0.046535,-0.269636,-0.316635,0.072231,-0.003219,0.217036,0.249387,-0.319121,-0.135365,-0.033457,-0.4746,#
19,0.41786,-0.353622,-0.207116,0.013172,0.048474,0.149027,0.434154,-0.404152,-0.003292,-0.022104,0.416721,0.224847,-0.220731,0.244888,-0.044415,0.053669,0.552561,-0.247505,0.06212,1.0,-0.381379,0.181092,-0.00532,0.23429,-0.231898,0.201605,0.35534,0.062767,0.636148,0.23429,-0.480971,0.008078,-0.173024,-0.055711,0.489651,0.23429,0.153108,0.490209,0.55341,0.0,0.364437,0.490209,-0.439578,0.071976,0.171345,0.013188,-0.212274,0.202996,-0.640776,-0.060385,-0.27617,-0.133208,-0.174531,-0.204552,0.099951,-0.080985,-0.219059,0.163,-0.349796,-0.339624,-0.003372,0.249252,-0.040934,0.113799,-0.567986,-0.533938,0.39587,0.421078,-0.301315,-0.726259,0.490209,0.322043,0.429608,-0.387043,-0.359654,0.268037,0.497047,0.3185,0.065427,0.159587,-0.409939,0.237411,0.008079,0.229566,-0.166018,0.3185,0.397199,-0.45987,-0.209794,0.198969,-0.810939,0.339611,-0.260419,-0.450769,0.479324,0.022494,0.241612,-0.498726,-0.480739,0.222521,0.011685,0.446706,-0.18103,-0.334665,-0.014616,-0.459945,0.269921,0.013184,0.396268,-0.280313,-0.156144,0.160431,0.226552,-0.143987,-0.409939,-0.496857,0.34201,0.166107,0.734624,-0.13049,-0.580136,0.2393,-0.065648,0.193926,0.222164,0.181608,-0.05657,0.36204,-0.560825,0.013184,0.339611,-0.496604,0.059396,0.457512,-0.243373,-0.393084,0.048474,0.156026,-0.18485,-0.051797,0.796748,-0.065648,0.222521,0.5238,-0.036244,-0.478196,0.0,0.056209,-0.358199,-0.459945,-0.216954,0.005376,0.175643,-0.650208,-0.051797,-0.18103,-0.000114,-0.235544,0.005376,-0.393084,0.253891,-0.042066,0.464969,-0.498726,-0.480073,-0.016847,0.2393,-0.008745,0.23429,-0.174535,0.236393,-0.224559,0.34201,-0.492766,0.353807,-0.392089,0.34201,0.419282,0.027638,-0.18103,-0.020015,-0.013194,-0.187377,0.05342,-0.452156,-0.607513,0.155683,0.074195,0.085511,-0.013194,-0.014616,0.007037,0.026826,-0.019492,0.455506,0.422703,-0.039285,-0.002354,0.530901,-0.156144,#
20,0.274134,-0.232029,-0.598368,0.671885,-0.095334,-0.004674,-0.600519,0.341495,-0.188386,-0.309734,0.291561,0.147808,-0.088617,-0.318344,0.605529,-0.162341,-0.065709,-0.40707,0.012956,-0.381379,1.0,0.104428,0.082779,-0.407819,-0.338473,0.070091,0.387056,0.120178,-0.525706,-0.407819,0.280681,-0.343592,0.811535,-0.207533,-0.320956,-0.407819,-0.605039,-0.511759,-0.611728,0.0,0.006654,-0.511759,-0.0,0.111335,0.076869,0.256598,0.494605,0.236853,-0.045239,-0.21533,-0.068688,0.693959,0.013938,0.034599,0.131546,0.366459,-0.089159,0.401263,-0.334898,0.391849,-0.411155,0.046462,-0.243083,-0.337956,-0.054807,-0.119335,-0.407819,-0.043671,-0.270994,0.558286,-0.511759,-0.501415,0.252846,0.672303,0.244362,0.35705,-0.411695,0.38295,-0.220322,-0.012355,0.408879,-0.028952,-0.611728,-0.127426,0.36519,-0.257309,0.149764,-0.236985,0.568632,0.007495,0.239975,-0.300897,0.372254,0.069748,0.10286,0.421979,0.045859,-0.41907,0.113151,0.135155,0.618833,0.25524,0.035768,0.17311,-0.091021,0.244362,-0.391254,0.278737,-0.222938,0.100551,-0.375667,0.065878,-0.507637,0.42504,0.408879,0.421059,0.307188,-0.375667,-0.413293,-0.027932,0.443647,-0.314689,0.121141,0.550447,0.496606,-0.113003,-0.211657,-0.469636,0.054222,0.278737,-0.300897,0.401561,0.121141,-0.627068,0.408879,0.68816,-0.115195,0.040317,0.436556,0.090397,-0.243135,0.605019,0.135155,0.204723,-0.220322,-0.280684,0.0,-0.498224,0.156447,0.244362,0.383677,0.113151,0.09298,0.534342,0.090397,0.035768,-0.323629,-0.124929,-0.364873,0.68816,0.321908,-0.127295,-0.165702,-0.41907,0.534044,-0.470544,0.110161,-0.379174,-0.407819,0.100551,0.018211,0.461112,-0.407819,0.627273,0.240999,0.212916,-0.407819,-0.564005,0.224244,0.423555,-0.299725,-0.217307,0.52931,0.092098,0.200518,0.366742,-0.035126,0.090397,0.340926,-0.217307,-0.091021,-0.113647,0.23421,-0.276267,-0.379488,-0.123587,-0.601653,-0.670224,-0.748621,-0.375667,#
