0,1.0,-0.111111,-0.272104,0.293582,0.363104,-0.166667,-0.218218,-0.272071,-0.272071,-0.111111,0.522425,0.111355,-0.269435,-0.166667,0.363104,0.372549,-0.166667,-0.655614,-0.404378,-0.508102,-0.111111,-0.218218,-0.403998,-0.991228,-0.218165,0.194834,0.120333,0.14902,-0.218159,0.666667,-0.508297,0.35855,0.540765,-0.333028,0.365259,-0.166623,-0.332622,0.144176,-0.166627,0.363104,0.518497,0.239247,-0.507936,0.104083,-0.218161,0.259009,-0.721874,-0.507707,0.234933,-0.040749,-0.134595,0.148107,-0.166667,0.311769,0.33842,0.453675,0.523799,0.196875,-0.13074,-0.215898,0.105791,-0.106133,-0.305309,-0.160299,0.135468,-0.109231,-0.166667,0.058579,0.083534,0.316473,0.14902,0.552771,-0.166667,-0.332205,0.207729,0.120333,-0.508492,0.417625,0.145906,-0.665376,-0.407871,0.305893,0.348215,-0.166667,-0.662383,-0.271981,0.190089,0.235648,-0.662383,0.207729,0.190089,-0.661835,0.28475,-0.218107,-0.50637,0.246819,0.253185,-0.506677,-0.407871,0.29806,-0.721874,-0.506677,-0.407871,0.437602,0.159055,0.291309,0.196262,0.145906,0.259725,0.522634,-0.661835,-0.111111,0.145906,-0.271981,-0.665376,0.259725,0.247993,0.145906,0.364538,0.225913,-0.987179,-0.218103,0.196262,0.35604,0.159731,0.235648,-0.270996,-0.991228,0.280721,-0.665376,-0.987179,-0.218218,0.232988,-0.271981,-0.508492,-0.407871,0.0,-0.333153,-0.942168,0.305893,-0.508492,-0.621972,-0.508492,0.144176,0.18473,0.148107,0.207729,0.0,0.145906,-0.333069,-0.333153,0.145906,-0.271981,0.348215,0.196262,-0.333153,-0.407643,-0.166667,-0.661835,-0.661835,-0.568604,0.241742,0.417625,-0.272023,-0.662383,-0.186154,-0.407832,0.342045,-0.218103,-0.407871,-0.185518,-0.39885,-0.333075,0.235648,0.537363,0.166667,-0.166667,-0.133985,0.428496,0.335436,-0.133985,0.205317,0.236678,0.523005,0.357663,0.305893,-0.191655,-0.50637,0.246543,-0.071067,-0.987179,0.538459,0.553872,0.365918,-0.300367,-0.216845,-0.191655,0.305893,0.252403,0.431284,#
1,-0.111111,1.0,-0.272104,-0.407897,-0.215292,-0.166667,-0.218218,-0.272071,0.421988,1.0,-0.163973,0.311224,-0.269435,0.666667,0.588035,-0.215686,-0.166667,0.163904,0.315747,-0.508103,-0.111111,-0.218218,0.302292,0.066082,-0.218165,0.128789,0.120333,0.061361,-0.218159,0.666667,-0.508297,-0.33294,-0.164581,-0.333028,0.311544,0.683496,-0.332622,0.056797,-0.166627,0.588035,-0.218165,-0.267394,-0.507936,0.300998,-0.218161,-0.064752,0.196875,0.196626,-0.646066,0.196951,0.179461,-0.994434,-0.166667,0.251813,0.33842,-0.311901,0.047619,0.196875,-0.130741,-0.215898,0.105791,0.997654,0.061062,0.151394,-0.489769,-0.063718,-0.166667,-0.496382,0.115663,-0.079118,0.061361,0.301511,-0.166667,0.261018,0.062802,0.120333,-0.508492,-0.272031,-0.995968,-0.665376,-0.407871,-0.841207,-0.333075,-0.166667,0.068186,-0.271981,-0.66531,-0.508503,0.068186,0.062802,-0.66531,0.062802,-0.407885,-0.218107,0.126592,0.121318,0.126592,0.131991,-0.407871,-0.407871,0.196875,0.131991,-0.407871,-0.272023,-0.031811,-0.407832,-0.665376,-0.995968,0.131991,-0.218107,0.062802,-0.111111,-0.995968,-0.271981,-0.665376,0.131991,-0.508596,-0.995968,-0.271284,-0.621261,-0.025641,-0.218103,-0.665376,-0.333069,0.070991,-0.508503,0.326789,0.066082,-0.014775,-0.665376,-0.025641,-0.218218,-0.203864,-0.271981,-0.508492,-0.407871,0.0,-0.333153,0.179461,-0.841207,-0.508492,-0.621972,-0.508492,-0.991759,-0.887896,-0.994434,0.062802,0.0,-0.995968,-0.333069,-0.333153,-0.995968,-0.271981,-0.333075,-0.665376,-0.333153,0.248334,0.666667,0.062802,0.062802,-0.568604,-0.508492,-0.272031,-0.272023,0.068186,-0.230477,-0.407832,0.154623,-0.218103,-0.407871,-0.23705,0.261316,-0.333075,-0.508503,-0.230298,-0.025641,-0.166667,0.639005,0.386486,0.083859,0.639005,0.152672,0.192849,0.478683,0.316075,-0.841207,0.492827,0.126592,0.196228,0.994937,-0.025641,-0.237287,-0.237374,0.323858,-0.340957,-0.216845,-0.237287,-0.841207,0.106786,-0.271896,#
2,-0.272104,-0.272104,1.0,0.671698,0.427559,0.116616,-0.534401,0.562683,0.141804,-0.272104,0.198778,-0.137516,0.121671,-0.408156,-0.527235,-0.052592,0.116616,0.363162,-0.200901,0.093763,-0.272104,-0.534401,0.620371,0.24403,0.788688,0.377011,-0.408953,-0.432407,-0.099324,-0.408156,0.543959,0.412153,0.167251,0.01118,-0.408411,0.086844,0.402051,-0.415237,0.602371,-0.527235,-0.10474,0.215651,0.083451,-0.558666,0.341735,-0.57011,-0.074999,0.055784,0.397256,-0.547263,0.249043,0.260062,0.602516,0.509001,0.014159,-0.110441,-0.183249,-0.074999,-0.30493,-0.168213,-0.433765,-0.285658,0.007121,-0.33129,0.232105,0.319513,0.09718,0.541109,0.131884,-0.452095,-0.432407,-0.263707,0.09718,0.001845,0.420831,0.242565,0.086517,0.163084,0.241908,0.39355,0.254286,0.053507,-0.386653,0.602516,-0.115867,-0.265519,0.379062,0.075691,0.436204,-0.077181,0.379062,-0.077181,-0.166032,-0.067666,0.10826,-0.334175,0.10826,0.119663,0.658583,0.214039,-0.074999,0.558592,0.658583,0.553069,-0.382096,-0.197939,0.39355,0.241908,0.075968,-0.109897,0.420831,-0.272104,0.241908,0.174898,0.39355,0.075968,0.054409,0.241908,0.209589,-0.245887,0.29154,-0.058694,0.39355,-0.026341,0.25664,0.075691,-0.211922,0.24403,-0.477263,0.39355,0.29154,-0.076343,0.305663,-0.265519,0.516187,-0.190257,0.0,-0.017167,0.081619,0.053507,0.086517,0.483361,0.086517,0.22061,0.054899,0.260062,-0.126756,0.0,0.241908,0.012947,-0.017167,0.241908,0.174898,-0.425495,0.39355,-0.017167,0.239874,0.09718,0.420831,0.420831,0.457239,0.516187,0.163084,0.146658,0.436204,-0.089935,0.242328,-0.829996,0.330645,0.214039,0.264419,-0.109384,0.003531,0.075691,-0.124803,0.29154,-0.408156,0.097354,-0.265524,-0.144734,-0.421869,-0.135679,-0.350628,-0.536512,-0.425822,0.053507,-0.109621,-0.326748,0.085079,-0.303324,0.29154,-0.109621,0.322951,0.386009,-0.006627,0.374819,-0.109621,0.053507,-0.255852,-0.267873,#
3,0.293582,-0.407897,0.671698,1.0,0.532035,-0.085736,-0.801094,0.63903,-0.188645,-0.407897,0.433255,0.097675,-0.205624,-0.611845,0.025621,0.514876,-0.085736,0.04599,-0.693095,-0.115805,-0.407897,-0.801094,0.130732,-0.316759,0.525432,0.595565,-0.288806,-0.277938,0.054435,-0.085736,0.337713,0.819221,0.41287,-0.393719,0.018965,-0.115531,-0.001358,-0.266531,0.401305,0.025621,0.094804,0.210935,-0.123822,-0.729531,0.508187,-0.351266,-0.49257,-0.132508,0.550403,-0.479103,0.243383,0.391334,0.401402,0.766708,0.033042,-0.00663,-0.103554,0.087465,-0.273611,-0.431151,-0.281503,-0.415433,-0.506865,-0.370866,0.03192,0.347145,0.381916,0.289303,0.346477,-0.299699,-0.277938,0.260854,0.381916,-0.009062,0.646241,0.414617,-0.11734,0.268139,0.382848,0.061226,0.148742,0.202057,0.013629,0.401402,-0.437543,-0.596896,0.111119,-0.072598,0.115934,0.14696,0.583376,-0.402023,0.157277,-0.333034,-0.507158,-0.475103,-0.027627,-0.072976,0.164332,0.164332,-0.49257,0.367071,0.554069,0.671735,-0.226867,0.133052,0.605205,0.382848,0.367071,0.092279,-0.38282,0.24162,0.382848,0.230763,0.061226,0.367071,0.33151,0.382848,0.281683,0.00066,-0.270999,0.092777,0.605205,0.38412,0.425573,-0.072598,-0.541965,-0.316759,-0.309891,0.061226,-0.270999,-0.341868,0.504608,-0.596896,-0.100772,-0.296934,0.0,-0.03732,-0.408086,0.202057,-0.11734,-0.021871,-0.11734,0.370936,0.244816,0.391334,0.097258,0.0,0.382848,-0.011548,-0.03732,0.382848,-0.155356,-0.401445,0.605205,-0.03732,-0.255166,-0.105222,-0.38282,-0.38282,0.258394,0.372874,0.268139,-0.18372,0.115934,-0.342419,-0.252936,-0.44361,0.066297,-0.281345,0.009399,-0.594623,-0.401445,-0.072598,0.079507,0.45746,-0.611845,-0.095434,-0.162667,-0.178437,-0.615981,0.082845,-0.499304,-0.342419,-0.016337,0.202057,-0.369608,-0.523931,0.355653,-0.43205,-0.270999,0.518135,0.53469,0.413939,-0.395586,0.112112,-0.369608,0.202057,0.022018,0.228437,#
4,0.363104,-0.215292,0.427559,0.532035,1.0,-0.322937,-0.422824,0.436286,-0.064712,-0.215292,0.039591,0.479175,-0.522064,-0.322937,-0.116067,0.432662,-0.322937,-0.199082,-0.342986,-0.480711,-0.215292,-0.422824,0.198457,-0.39177,0.621179,0.306845,0.202088,-0.565574,0.075104,0.110859,0.049784,0.177017,0.728224,-0.171025,0.184235,0.243591,-0.186432,0.185861,0.266735,-0.116067,0.452385,-0.254374,0.02946,-0.007403,0.600394,0.155428,-0.187888,0.034713,0.408974,-0.331337,0.153104,0.227011,0.279558,0.350074,-0.296076,0.01968,0.340146,0.290372,-0.7165,-0.41833,-0.619844,-0.205647,-0.429113,0.100185,0.406136,0.208226,0.255458,0.397935,-0.122462,0.332916,-0.565574,0.369858,0.279558,-0.157605,0.334044,0.17226,-0.493477,-0.168089,0.192816,-0.136082,-0.327553,0.050867,-0.290725,0.279558,-0.110147,-0.068543,0.300978,-0.089789,-0.110147,-0.259719,0.300978,-0.118613,0.043178,-0.42261,-0.462509,-0.095213,-0.087865,-0.479362,0.154476,0.521953,-0.187888,0.043959,0.154476,0.792042,-0.56394,0.032013,0.312449,0.192816,0.442914,0.468786,-0.118613,-0.215292,0.192816,-0.049441,-0.136082,0.442914,0.420955,0.192816,0.826471,-0.456518,-0.368541,-0.422601,0.312449,0.165078,0.214544,-0.110114,-0.525088,-0.39177,-0.09272,-0.136082,-0.368541,-0.422824,0.245093,-0.049441,0.018804,0.154476,0.0,0.287697,-0.359405,0.050867,-0.472986,-0.061377,-0.493477,0.185861,0.273494,0.227011,0.334044,0.0,0.192816,-0.174821,-0.169392,0.192816,-0.049441,0.174479,0.312449,-0.188437,-0.334562,0.255458,-0.118613,-0.118613,-0.185172,0.409343,0.302827,-0.042527,-0.110147,-0.423505,-0.312833,-0.077102,0.092914,0.154476,0.032489,-0.295526,-0.180171,-0.110114,0.443097,0.2321,-0.322937,-0.332638,-0.181749,0.046078,-0.332638,0.285163,-0.597262,-0.054348,0.152988,0.050867,-0.436019,-0.981155,-0.102875,-0.238408,-0.368541,-0.055954,0.973589,0.619001,-0.639517,0.067589,-0.436019,0.050867,0.150762,0.313714,#
5,-0.166667,-0.166667,0.116616,-0.085736,-0.322937,1.0,0.218218,-0.408107,0.112438,-0.166667,0.469039,-0.603889,0.133284,-0.25,-0.322937,-0.323529,0.375,0.295026,-0.087246,0.326637,-0.166667,0.218218,0.453439,0.165205,-0.327248,-0.351692,0.212731,0.157785,-0.327239,-0.25,0.33278,0.019208,-0.246871,0.484404,-0.016114,-0.249935,0.491013,0.15073,-0.24994,-0.322937,-0.327248,0.14777,0.332544,-0.075953,-0.327241,-0.704179,0.295312,-0.23331,0.303455,0.295427,0.269191,0.158686,-0.25,-0.139397,0.003875,0.616714,-0.285707,0.295312,0.539308,-0.323847,0.158686,-0.19104,0.274779,0.227091,0.411615,0.314039,-0.25,0.411596,-0.139759,-0.712063,0.157785,-0.395734,-0.25,-0.498308,-0.34058,0.180499,0.331354,0.109195,0.171281,0.258492,0.417676,0.172064,0.493936,-0.25,-0.372591,0.087422,0.249491,0.322466,0.284922,0.275362,-0.356416,0.275362,-0.092351,0.753086,0.348129,0.338853,0.348129,0.357654,0.417676,-0.111772,0.295312,-0.185214,-0.082359,-0.408034,0.190866,-0.611749,0.258492,0.171281,-0.760015,-0.327161,0.275362,-0.166667,0.171281,0.116563,0.258492,-0.760015,-0.226977,0.171281,-0.406926,0.303571,0.201923,0.773845,0.258492,-0.499604,0.173041,0.322466,0.63963,0.165205,0.199459,0.258492,0.201923,0.218218,0.240269,0.087422,0.331354,-0.111772,0.0,-0.005811,0.134595,0.172064,0.331354,0.31336,0.331354,0.15073,0.232402,0.158686,-0.992753,0.0,0.171281,0.505347,-0.005811,0.171281,0.611956,-0.017032,0.258492,-0.005811,-0.08434,-0.25,0.275362,0.275362,0.148331,0.331354,0.109195,0.094617,0.284922,0.751266,0.407832,-0.260048,-0.327154,-0.111772,-0.316926,0.288823,0.493936,0.322466,-0.31158,0.201923,-0.25,0.378765,-0.396989,0.44026,-0.239627,0.268492,0.322145,-0.312473,-0.492827,0.172064,-0.321707,0.348129,-0.196228,-0.159901,0.201923,-0.321707,-0.321153,0.012618,0.49317,0.180705,0.225879,0.172064,-0.313077,-0.407844,#
6,-0.218218,-0.218218,-0.534401,-0.801094,-0.422824,0.218218,1.0,-0.534337,-0.079969,-0.218218,-0.322036,-0.323374,0.409067,0.218218,-0.422824,-0.423599,0.218218,-0.17168,0.529455,0.445945,0.509175,1.0,-0.331061,0.273985,-0.428468,-0.719895,0.236328,0.263976,0.060649,-0.327327,-0.042284,-0.65388,-0.32323,0.65075,-0.232085,-0.327242,0.228121,0.254555,-0.327248,-0.422824,0.05379,-0.02764,0.453774,0.591148,-0.42846,0.402707,0.386654,-0.017291,-0.158072,0.386804,-0.381825,0.235472,-0.327327,-0.977328,-0.231695,0.241312,0.093519,-0.214808,0.385155,0.600177,0.235472,-0.208442,0.519667,0.297332,0.311533,-0.333706,-0.327327,0.034312,-0.445902,0.362564,0.263976,-0.477015,-0.327327,-0.186411,-0.730555,-0.523299,0.447486,-0.082772,0.245024,0.354114,0.097563,0.350443,0.213093,-0.327327,0.388993,0.813957,0.342216,0.435739,-0.184931,-0.192917,-0.186663,0.376347,0.105802,0.514563,0.46962,0.457356,-0.027625,-0.019512,0.097563,0.097563,0.386654,-0.493365,-0.338903,-0.534242,0.270728,0.114424,-0.209961,0.245024,-0.493365,0.056575,0.376347,-0.218218,0.245024,-0.076308,0.354114,-0.493365,-0.035772,0.245024,-0.116548,0.412873,0.285362,0.038441,-0.209961,-0.203007,-0.499603,0.435739,0.380906,0.273985,0.357877,0.354114,0.285362,0.52381,-0.400381,0.813957,0.447486,0.559703,0.0,0.233316,0.293711,0.350443,0.447486,0.425825,0.447486,0.254555,0.323792,0.235472,-0.161291,0.0,0.245024,0.223058,0.233316,0.245024,0.356106,0.659103,-0.209961,0.233316,0.119629,-0.327327,0.376347,0.376347,0.080921,-0.043657,-0.082772,0.369066,-0.184931,0.533892,0.546692,0.365022,0.065899,0.559703,0.141691,0.477199,0.659103,0.435739,0.079817,-0.470008,0.763763,-0.296878,-0.066004,0.164696,0.2429,-0.182662,0.436134,0.069638,-0.196029,0.350443,0.071696,0.46962,-0.503964,-0.186097,0.285362,-0.406276,-0.405253,-0.630538,0.658997,0.015773,0.549668,0.350443,-0.108039,-0.073654,#
7,-0.272071,-0.272071,0.562683,0.63903,0.436286,-0.408107,-0.534337,1.0,0.149556,-0.272071,-0.401511,0.298352,-0.333169,-0.408107,-0.045443,0.45171,-0.408107,0.318615,-0.209551,0.063756,-0.272071,-0.534337,0.179722,0.216848,0.792463,0.356613,-0.428017,-0.479446,0.361854,-0.408107,0.508857,0.384588,0.160964,-0.422105,0.023353,0.101788,-0.022294,-0.435127,0.612421,-0.045443,-0.091748,-0.249663,0.070959,-0.563285,0.810873,0.043684,-0.154133,0.518131,0.255674,-0.578308,0.221959,0.207235,0.591338,0.375413,-0.413237,-0.576697,-0.180849,-0.154133,-0.51614,-0.172154,-0.400725,-0.28534,-0.52179,-0.352463,-0.302725,0.29203,0.632982,0.060241,0.117847,0.048433,-0.479446,0.044573,0.61216,0.412852,0.390363,0.26888,0.064984,-0.275518,0.201936,0.363362,0.234004,-0.187257,-0.413654,0.591338,0.405484,-0.253384,-0.155549,-0.402239,0.405484,-0.102117,0.349094,-0.102117,-0.197868,-0.534066,-0.379566,-0.795235,-0.361643,0.097662,0.217345,0.217345,-0.154133,0.531715,0.63381,0.556352,-0.414903,0.222242,0.363362,0.201936,0.531715,-0.114545,-0.122637,0.421988,0.201936,0.142711,0.363362,0.531715,0.504323,0.201936,0.217966,-0.287644,0.251143,-0.08866,0.363362,0.387791,0.229263,-0.384678,-0.663572,0.216848,-0.652682,0.363362,0.251143,-0.534337,0.213938,-0.269888,0.04728,0.234004,0.0,0.401885,0.191692,-0.187257,0.04728,0.216146,0.064984,0.193657,0.020547,0.207235,0.390363,0.0,0.201936,-0.018749,0.38543,0.201936,-0.269888,-0.429731,0.363362,0.401885,-0.195045,0.112438,-0.122637,-0.122637,0.418803,0.04728,-0.275518,0.137709,0.405484,-0.564355,-0.206714,-0.320314,0.321104,0.217345,0.239752,-0.547084,-0.429731,-0.384678,-0.157735,0.251143,-0.408107,-0.454266,-0.296422,-0.607641,-0.454266,-0.162847,-0.82441,-0.564355,-0.024108,-0.187257,-0.143205,-0.361643,0.058081,-0.348035,0.251143,0.312863,0.3026,-0.056118,-0.445432,0.36482,-0.143205,-0.187257,0.256629,0.137747,#
8,-0.272071,0.421988,0.141804,-0.188645,-0.064712,0.112438,-0.079969,0.149556,1.0,0.421988,-0.401511,-0.128987,-0.333169,0.112438,-0.025371,-0.057811,-0.408107,0.303053,0.307406,0.04562,-0.272071,-0.079969,0.621614,0.188229,0.332305,-0.159906,-0.348556,-0.480541,-0.104091,0.112438,0.052766,-0.031996,-0.402999,-0.421475,0.392435,0.612426,0.356974,-0.46351,0.591196,-0.025371,-0.109447,-0.249663,-0.35045,-0.106415,-0.092225,-0.06148,-0.068868,0.499066,-0.172352,-0.535885,0.251105,-0.480024,0.091616,0.058574,0.006326,-0.320938,0.116598,-0.068868,-0.311971,-0.172154,0.233668,0.377625,0.222752,-0.323536,-0.266273,0.151019,0.091616,0.061012,-0.001766,-0.07512,-0.480541,-0.407442,-0.408107,-0.039724,-0.18299,0.26888,0.04728,-0.275518,-0.471713,-0.144962,0.217345,-0.664949,-0.413654,0.091616,0.344637,0.142711,-0.155549,-0.384678,0.344637,0.33001,-0.660191,-0.16247,-0.998765,-0.097065,0.033739,0.023205,0.463914,0.478522,0.217345,0.217345,-0.068868,0.026384,-0.199119,0.137709,0.154198,-0.206714,-0.144962,-0.471713,0.026384,-0.534066,0.33001,-0.272071,-0.471713,-0.665983,-0.144962,0.026384,0.057973,-0.471713,-0.232158,-0.541655,0.171059,-0.08866,-0.144962,-0.03501,0.200439,0.036774,0.133033,0.188229,-0.390576,-0.144962,0.171059,-0.534337,0.032018,-0.253384,0.04728,-0.18246,0.0,-0.009486,0.170393,-0.664949,-0.377617,-0.050774,0.04728,-0.489709,-0.612249,-0.480024,-0.18299,0.0,-0.471713,-0.409027,-0.009486,-0.471713,-0.253384,-0.413654,-0.144962,0.38543,0.198323,0.61216,0.33001,0.33001,-0.343444,0.04728,-0.666105,0.154455,0.344637,-0.121376,-0.190216,-0.014751,-0.106476,0.217345,0.223013,0.140207,-0.413654,0.036774,-0.563918,0.171059,-0.408107,0.060775,0.123439,0.108956,0.060775,-0.131278,0.05169,-0.121376,-0.040734,-0.664949,0.312863,0.033739,0.040481,0.36224,0.171059,-0.143205,-0.13467,-0.030897,-0.039756,0.381677,0.312863,-0.664949,0.205692,-0.665776,#
9,-0.111111,1.0,-0.272104,-0.407897,-0.215292,-0.166667,-0.218218,-0.272071,0.421988,1.0,-0.163973,0.311224,-0.269435,0.666667,0.588035,-0.215686,-0.166667,0.163904,0.315747,-0.508103,-0.111111,-0.218218,0.302292,0.066082,-0.218165,0.128789,0.120333,0.061361,-0.218159,0.666667,-0.508297,-0.33294,-0.164581,-0.333028,0.311544,0.683496,-0.332622,0.056797,-0.166627,0.588035,-0.218165,-0.267394,-0.507936,0.300998,-0.218161,-0.064752,0.196875,0.196626,-0.646066,0.196951,0.179461,-0.994434,-0.166667,0.251813,0.33842,-0.311901,0.047619,0.196875,-0.130741,-0.215898,0.105791,0.997654,0.061062,0.151394,-0.489769,-0.063718,-0.166667,-0.496382,0.115663,-0.079118,0.061361,0.301511,-0.166667,0.261018,0.062802,0.120333,-0.508492,-0.272031,-0.995968,-0.665376,-0.407871,-0.841207,-0.333075,-0.166667,0.068186,-0.271981,-0.66531,-0.508503,0.068186,0.062802,-0.66531,0.062802,-0.407885,-0.218107,0.126592,0.121318,0.126592,0.131991,-0.407871,-0.407871,0.196875,0.131991,-0.407871,-0.272023,-0.031811,-0.407832,-0.665376,-0.995968,0.131991,-0.218107,0.062802,-0.111111,-0.995968,-0.271981,-0.665376,0.131991,-0.508596,-0.995968,-0.271284,-0.621261,-0.025641,-0.218103,-0.665376,-0.333069,0.070991,-0.508503,0.326789,0.066082,-0.014775,-0.665376,-0.025641,-0.218218,-0.203864,-0.271981,-0.508492,-0.407871,0.0,-0.333153,0.179461,-0.841207,-0.508492,-0.621972,-0.508492,-0.991759,-0.887896,-0.994434,0.062802,0.0,-0.995968,-0.333069,-0.333153,-0.995968,-0.271981,-0.333075,-0.665376,-0.333153,0.248334,0.666667,0.062802,0.062802,-0.568604,-0.508492,-0.272031,-0.272023,0.068186,-0.230477,-0.407832,0.154623,-0.218103,-0.407871,-0.23705,0.261316,-0.333075,-0.508503,-0.230298,-0.025641,-0.166667,0.639005,0.386486,0.083859,0.639005,0.152672,0.192849,0.478683,0.316075,-0.841207,0.492827,0.126592,0.196228,0.994937,-0.025641,-0.237287,-0.237374,0.323858,-0.340957,-0.216845,-0.237287,-0.841207,0.106786,-0.271896,#
10,0.522425,-0.163973,0.198778,0.433255,0.039591,0.469039,-0.322036,-0.401511,-0.401511,-0.163973,1.0,-0.276633,0.217206,-0.245959,0.039591,0.045087,0.469039,-0.208131,-0.596763,-0.103095,-0.163973,-0.322036,0.009793,-0.480044,-0.321959,0.287528,0.177581,0.219917,-0.32195,0.268839,-0.09956,0.529133,0.192852,0.092994,-0.060097,-0.245895,0.098029,0.212769,-0.2459,0.039591,0.13312,0.546268,-0.123567,-0.280847,-0.321952,-0.590018,-0.277026,-0.749252,0.346704,0.143811,0.070829,0.21857,-0.245959,0.460095,0.499425,0.645185,-0.044124,0.290539,0.367936,-0.318613,0.156121,-0.156627,0.073347,0.030869,0.408538,0.112151,-0.245959,0.27162,0.31624,-0.551211,0.219917,0.169014,-0.245959,-0.490254,0.306558,0.177581,-0.106711,0.616312,0.215322,-0.242649,0.003769,0.451423,0.513881,-0.245959,-0.977516,-0.401377,0.280524,0.347759,-0.225324,0.306558,0.280524,-0.230623,0.420222,0.313681,-0.095582,0.364244,0.373639,-0.09016,0.003769,-0.165824,-0.277026,-0.09016,0.003769,0.036937,0.234726,-0.169961,0.289635,0.215322,-0.27428,0.135726,-0.230623,-0.163973,0.215322,0.198688,-0.242649,-0.27428,-0.283175,0.215322,-0.007565,0.333392,-0.466839,0.325897,0.289635,-0.065826,0.235723,0.347759,0.215554,-0.480044,0.414274,-0.242649,-0.466839,0.302065,0.343833,-0.401377,-0.106711,-0.601919,0.0,-0.491653,-0.582032,0.451423,-0.106711,-0.184619,-0.106711,0.212769,0.272616,0.21857,-0.439527,0.0,0.215322,0.099725,-0.491653,0.215322,0.198688,-0.070665,0.289635,-0.491653,0.001447,-0.245959,-0.230623,-0.230623,-0.075512,0.356752,0.616312,-0.401439,-0.225324,0.333739,-0.002,-0.218859,-0.321866,-0.601919,-0.273779,0.025017,0.093008,0.347759,0.173109,0.245959,-0.245959,0.50971,0.055652,0.495022,-0.197729,0.302998,0.349279,0.163371,-0.043105,0.451423,-0.282836,-0.095582,0.363837,-0.104877,-0.466839,0.168198,0.178427,0.540005,0.113951,-0.320011,-0.282836,0.451423,-0.37715,0.033143,#
11,0.111355,0.311224,-0.137516,0.097675,0.479175,-0.603889,-0.323374,0.298352,-0.128987,0.311224,-0.276633,1.0,-0.515895,-0.068526,0.479175,0.458018,-0.603889,0.176899,-0.237438,-0.478658,0.311224,-0.323374,-0.138157,-0.138681,0.137099,0.028767,0.381891,-0.302524,0.574206,0.316935,-0.002237,-0.08095,0.334114,-0.347634,0.358608,0.445743,-0.798175,0.356237,-0.079844,0.479175,0.46037,-0.734508,-0.002236,0.132071,0.573193,0.322808,0.126478,-0.029638,-0.462682,0.059163,0.449638,-0.302847,-0.068526,0.216006,-0.465297,-0.19309,-0.206797,-0.038787,-0.6837,-0.279733,-0.269137,0.324555,-0.484862,0.349452,-0.168793,-0.351337,0.424007,-0.095153,-0.181967,0.39951,-0.302524,0.579167,0.445422,0.023984,0.010304,-0.309445,-0.486475,-0.223597,-0.323917,-0.330775,-0.201965,-0.345871,-0.057191,-0.068526,0.185735,-0.128801,-0.448179,-0.56869,0.185735,-0.5173,0.050069,0.166723,0.111144,-0.790275,-0.47929,-0.160285,-0.634354,-0.040374,-0.638348,0.141698,0.126478,0.424636,0.226354,0.186509,-0.3605,0.109294,-0.485768,-0.323917,0.286774,0.477676,-0.339777,0.282671,-0.323917,0.295543,-0.330775,0.286774,0.333653,-0.323917,0.218506,-0.549334,-0.173622,-0.350508,-0.485768,-0.085295,0.41001,-0.58675,-0.137025,-0.138681,0.079351,-0.330775,-0.173622,-0.323374,-0.458019,-0.111827,-0.468267,0.226354,0.0,0.028272,0.079551,-0.345871,-0.468267,-0.42471,-0.486475,-0.317392,-0.13154,-0.302847,0.568943,0.0,-0.323917,-0.38732,0.070082,-0.323917,-0.561133,-0.040656,-0.485768,-0.39481,-0.199513,0.445422,-0.339777,-0.339777,-0.155646,-0.121244,-0.248211,-0.555069,0.185735,-0.786119,-0.60436,0.342316,0.152835,-0.184833,0.140901,-0.137484,-0.355789,-0.58675,0.448961,0.360093,-0.068526,-0.085547,-0.245917,-0.379273,-0.085547,0.577532,-0.568331,-0.002506,0.33622,-0.345871,-0.340296,-0.497724,0.31406,0.294024,-0.173622,-0.021342,0.443617,0.345538,-0.773324,-0.352297,-0.340296,-0.345871,0.49045,0.618231,#
12,-0.269435,-0.269435,0.121671,-0.205624,-0.522064,0.133284,0.409067,-0.333169,-0.333169,-0.269435,0.217206,-0.515895,1.0,0.133284,-0.522064,-0.523021,0.670721,-0.04651,0.216208,0.568376,0.447147,0.409067,-0.261058,0.359126,-0.18185,-0.092344,-0.283592,0.346662,-0.047181,-0.404152,0.089542,-0.047569,-0.399094,0.51039,-0.80757,-0.404047,0.406286,-0.178978,-0.003708,-0.522064,-0.053941,0.644776,0.198068,-0.068359,-0.529022,-0.157017,0.091418,-0.374901,-0.110437,0.061494,-0.420131,0.317665,0.004299,-0.317377,0.370801,0.103137,-0.19163,-0.501105,0.526146,0.776827,0.283825,-0.250793,0.699394,-0.178505,0.201257,-0.359977,-0.404152,0.077626,0.135429,-0.191854,0.346662,-0.549002,-0.404152,-0.016936,-0.080756,-0.456541,0.565775,0.549149,0.322717,0.452456,0.248275,0.554351,0.071082,0.0043,-0.069606,0.242563,0.437656,0.551163,-0.069606,-0.080756,0.437656,0.077516,0.351005,0.426552,0.593269,0.229434,0.103414,0.114671,0.248275,-0.206997,0.091418,0.114671,0.248275,-0.331138,0.354511,0.236468,-0.103235,0.322717,-0.3796,-0.051169,0.480048,-0.269435,0.322717,0.242563,0.452456,-0.3796,-0.395125,0.322717,-0.247784,0.524751,0.372733,-0.041981,-0.103235,-0.044245,-0.400152,0.551163,0.268121,0.359126,0.173802,0.452456,0.372733,0.87818,-0.257694,0.242563,0.565775,-0.078509,0.0,-0.358164,0.151618,0.554351,0.565775,0.540875,0.565775,0.334963,0.185085,0.317665,-0.080756,0.0,0.322717,0.081181,-0.035377,0.322717,0.242563,0.071082,-0.103235,-0.035377,0.692844,-0.404152,0.480048,0.480048,0.499996,0.081931,0.229899,0.126516,-0.069606,0.441575,0.687361,-0.309193,0.307504,0.248275,0.384991,0.434272,0.510463,0.551163,-0.005126,-0.37141,0.670721,0.181594,0.151503,0.010817,0.181594,-0.484024,0.552442,-0.015779,-0.337523,0.554351,0.341615,0.593269,0.086445,-0.207164,0.372733,-0.129253,-0.485559,-0.331144,0.826581,-0.12431,0.341615,0.554351,-0.53868,-0.205828,#
13,-0.166667,0.666667,-0.408156,-0.611845,-0.322937,-0.25,0.218218,-0.408107,0.112438,0.666667,-0.245959,-0.068526,0.133284,1.0,0.279558,-0.323529,0.375,-0.368783,0.494393,-0.19682,-0.166667,0.218218,-0.076279,0.198246,-0.327248,0.267484,0.148267,0.190657,-0.327239,0.375,-0.762445,-0.499409,-0.246871,0.011353,-0.016114,0.387654,0.035638,0.183497,-0.24994,0.279558,-0.327248,0.16888,-0.235727,0.451497,-0.327241,0.267103,0.295312,0.360971,-0.30835,0.295427,-0.572031,-0.634745,-0.25,-0.184363,0.488255,-0.467852,0.428562,0.295312,0.294168,0.262833,0.126949,0.700481,0.366371,0.227091,-0.239674,0.109231,-0.25,-0.744573,0.318073,0.178016,0.190657,0.075378,-0.25,0.480511,0.202899,0.148267,-0.200062,-0.408046,-0.637546,-0.351836,-0.611807,-0.401485,-0.499613,-0.25,0.211865,0.116563,-0.356416,-0.204642,-0.445648,0.202899,-0.356416,0.202899,-0.092351,0.228395,0.284833,0.276102,0.284833,-0.281014,-0.082359,-0.611807,0.295312,-0.281014,-0.611807,-0.408034,0.095433,-0.087393,-0.351836,-0.637546,0.293787,-0.327161,0.202899,-0.166667,-0.637546,-0.407971,-0.351836,0.293787,-0.762895,-0.637546,0.06994,-0.296511,0.105769,-0.327154,-0.351836,0.017228,-0.692165,-0.204642,0.041845,0.198246,0.199459,-0.351836,0.105769,0.218218,0.021843,0.116563,-0.200062,-0.082359,0.0,0.023243,0.134595,-0.401485,-0.200062,-0.291994,-0.200062,-0.602919,-0.527374,-0.634745,0.202899,0.0,-0.637546,0.017228,-0.49973,-0.637546,0.116563,0.011355,-0.351836,0.023243,0.407643,0.375,0.202899,0.202899,-0.482077,-0.762738,0.109195,0.124184,-0.445648,0.219396,-0.087393,0.267076,-0.327154,-0.082359,-0.316926,0.453864,0.011355,-0.204642,-0.31158,-0.759615,0.375,0.378765,0.611237,0.314472,0.997158,-0.363254,0.322145,0.751266,0.505303,-0.401485,0.773465,0.284833,-0.233964,0.692902,0.105769,-0.321707,-0.321153,0.012618,0.006089,-0.325268,-0.321707,-0.401485,-0.385886,-0.407844,#
14,0.363104,0.588035,-0.527235,0.025621,-0.116067,-0.322937,-0.422824,-0.045443,-0.025371,0.588035,0.039591,0.479175,-0.522064,0.279558,1.0,0.432662,-0.322937,-0.109021,-0.262886,-0.500088,-0.215292,-0.422824,-0.272153,-0.39177,-0.422723,0.306845,0.203331,0.194947,0.075104,0.713355,-0.497601,0.159241,0.048276,-0.645283,0.650259,0.291778,-0.644496,0.185861,-0.32286,1.0,-0.039249,-0.254374,-0.497248,-0.007403,0.08884,0.155428,-0.187888,0.034713,-0.340277,0.234313,0.153104,-0.597816,-0.322938,0.415096,0.18954,-0.205823,0.009643,0.290372,-0.026466,-0.41833,0.234354,0.592386,-0.496217,0.100185,-0.623518,0.010793,0.255458,-0.672914,0.318885,0.052626,0.194947,0.71501,0.255458,0.251849,0.26419,0.262988,-0.493477,-0.168089,-0.586888,-0.724433,-0.327553,-0.502031,0.155871,-0.322938,-0.180573,-0.526996,-0.843839,-0.597916,-0.180573,0.26419,-0.283112,-0.188467,0.02426,-0.42261,-0.523527,-0.135137,-0.128136,-0.017608,-0.790302,-0.422825,-0.187888,-0.017608,-0.327553,-0.157679,0.126035,0.032013,-0.275902,-0.586888,0.381347,-0.037013,-0.75848,0.555902,-0.586888,-0.068543,-0.724433,0.381347,-0.095666,-0.586888,-0.194666,-0.207434,-0.461233,0.072293,-0.275902,0.165078,0.214544,-0.597916,-0.092893,-0.39177,0.125194,-0.724433,-0.461233,-0.422824,0.034532,-0.526996,-0.985267,-0.327553,0.0,-0.188437,-0.236143,-0.502031,-0.493477,-0.908564,-0.493477,-0.572239,-0.458925,-0.597816,0.26419,0.0,-0.586888,-0.193642,-0.188437,-0.586888,-0.526996,-0.290725,-0.275902,-0.188437,-0.315591,0.279558,-0.75848,-0.75848,-0.51834,-0.594728,-0.168089,-0.527078,-0.180573,-0.423505,-0.790226,0.494729,-0.422601,-0.790302,-0.432489,-0.295526,-0.645375,-0.597916,-0.046621,0.139408,-0.322937,0.263488,0.304211,-0.055779,0.263488,0.323226,-0.090248,0.45837,0.634083,-0.502031,0.091849,-0.025627,0.406408,0.583688,-0.461233,0.4508,-0.048054,0.182331,-0.639517,-0.420165,-0.436019,-0.502031,0.350093,0.294734,#
15,0.372549,-0.215686,-0.052592,0.514876,0.432662,-0.323529,-0.423599,0.45171,-0.057811,-0.215686,0.045087,0.458018,-0.523021,-0.323529,0.432662,1.0,-0.323529,-0.231393,-0.784969,0.018721,-0.215686,-0.423599,-0.305616,-0.369281,0.096499,0.331587,0.20325,-0.546062,0.589083,0.117647,0.024283,0.641775,0.053938,-0.646466,0.671116,0.252635,-0.179821,0.218192,0.276174,0.432662,0.466497,-0.250837,0.024266,-0.512805,0.617024,0.274244,-0.289522,0.050236,0.271785,-0.366737,0.118761,0.197891,-0.323529,0.308947,-0.291312,-0.200151,0.008404,0.196874,-0.253793,-0.419097,0.205358,-0.206024,-0.42025,0.066006,-0.006743,0.173484,0.852941,-0.147446,0.434303,0.195468,-0.546062,0.274907,0.264706,-0.17029,0.335038,0.233587,0.013239,-0.162948,0.193671,-0.142762,0.149491,0.05398,0.168319,-0.323529,-0.116891,-0.06171,-0.26836,-0.593132,-0.116891,0.335038,0.301905,-0.12532,0.036669,-0.423384,-0.982953,-0.081945,-0.074466,0.03832,-0.32113,0.052599,-0.289522,0.03832,0.149491,0.320722,0.218935,0.510647,0.3134,0.193671,0.444062,-0.031227,-0.70503,0.568627,0.193671,-0.06171,-0.142762,0.444062,0.422058,0.193671,0.318659,-0.192691,-0.377828,0.079938,0.3134,0.637088,0.247426,-0.097032,-0.526051,-0.369281,0.23205,-0.142762,-0.377828,-0.423599,0.246692,-0.527962,-0.486917,0.149491,0.0,0.283021,-0.403786,0.05398,-0.486917,-0.335982,0.013239,0.218192,0.274466,0.197891,0.335038,0.0,0.193671,-0.18714,-0.181844,0.193671,-0.527962,-0.285875,0.3134,0.283021,-0.328264,0.264706,-0.70503,-0.70503,-0.196321,-0.089734,-0.162948,-0.528044,-0.116891,-0.423931,-0.791675,0.498598,-0.423376,-0.32113,0.040013,-0.288823,-0.646558,-0.097032,-0.040641,0.233031,-0.323529,-0.332841,-0.17644,0.059194,-0.332841,0.324234,-0.592469,-0.048494,0.635574,0.05398,-0.436458,-0.476583,0.40755,-0.238283,-0.377828,0.465448,0.483782,0.175908,-0.640368,-0.420935,-0.436458,0.05398,0.14733,0.307745,#
16,-0.166667,-0.166667,0.116616,-0.085736,-0.322937,0.375,0.218218,-0.408107,-0.408107,-0.166667,0.469039,-0.603889,0.670721,0.375,-0.322937,-0.323529,1.0,-0.319612,-0.0457,0.368514,-0.166667,0.218218,-0.076279,0.264327,-0.327248,0.317018,0.148267,0.256402,-0.327239,-0.25,-0.193771,0.019208,-0.246871,0.522248,-0.499545,-0.249935,0.55041,0.249032,-0.24994,-0.322937,-0.327248,0.717741,0.311497,-0.075953,-0.327241,-0.339948,0.295312,-0.167279,0.3524,0.295427,-0.572031,0.222161,-0.25,-0.139397,0.488255,0.085064,0.071428,0.295312,0.784449,0.262833,0.126949,-0.12736,0.549557,0.227091,0.411615,0.314039,-0.25,-0.166488,0.462652,-0.415369,0.256402,-0.301511,-0.25,0.035593,0.311594,0.148267,0.362613,0.109195,0.218859,0.294393,-0.082359,0.45884,0.011355,-0.25,-0.336062,0.116563,0.285133,0.353472,-0.336062,0.311594,0.285133,0.311594,0.427125,0.783951,0.379777,0.370228,0.379777,-0.185214,0.44709,-0.611807,0.295312,-0.185214,-0.082359,-0.408034,0.238583,-0.087393,0.294393,0.218859,-0.185214,-0.32716,0.311594,-0.166667,0.218859,0.116563,0.294393,-0.185214,-0.762895,0.218859,0.06994,0.33887,0.25,0.239074,0.294393,0.017228,-0.625611,0.353472,0.131513,0.264327,0.421081,0.294393,0.25,0.763763,0.349482,0.116563,0.362613,-0.082359,0.0,0.023243,0.0,0.45884,0.362613,0.348969,0.362613,0.249032,0.277095,0.222161,-0.34058,0.0,0.218859,0.53406,-0.49973,0.218859,0.641097,0.011355,0.294393,0.023243,0.442785,-0.25,0.311594,0.311594,0.185414,-0.200062,0.626437,0.124184,-0.336062,0.784508,0.436963,-0.224906,-0.327154,-0.082359,-0.278277,0.495124,0.522323,0.353472,-0.277712,-0.615384,0.375,0.417415,0.138631,0.503155,0.417415,-0.323769,0.355017,0.252638,0.03743,0.45884,0.260103,0.379777,-0.196228,-0.1066,0.25,-0.287482,-0.286245,0.044163,0.523612,-0.325268,-0.287482,0.45884,-0.931951,-0.407844,#
17,-0.655614,0.163904,0.363162,0.04599,-0.199082,0.295026,-0.17168,0.318615,0.303053,0.163904,-0.208131,0.176899,-0.04651,-0.368783,-0.109021,-0.231393,-0.319612,1.0,0.097239,0.175437,0.229465,-0.17168,0.558444,0.588776,0.234889,-0.359501,-0.147077,-0.086637,0.260096,-0.368783,0.753119,-0.076314,-0.249715,0.088576,-0.122816,0.125404,-0.091902,-0.241036,0.120488,-0.109021,-0.282535,-0.49658,0.234303,-0.236529,0.233969,-0.554005,0.406583,0.077058,-0.39469,0.010018,0.800803,-0.213483,0.270441,0.115859,-0.440528,-0.016731,-0.828865,-0.325267,-0.212146,-0.212319,-0.146068,0.125249,-0.097281,0.013137,-0.247998,-0.134275,0.122928,0.327456,-0.355454,-0.513521,-0.086637,-0.222385,0.270441,-0.015168,-0.352036,-0.206669,0.18076,-0.025999,-0.207745,0.351652,0.586623,-0.406112,0.069233,0.270441,0.284509,-0.1708,-0.274798,-0.23906,0.98285,-0.376265,-0.274798,0.340634,-0.319007,-0.180901,0.29754,-0.380135,-0.434483,0.731085,0.043968,0.043968,0.406583,0.75244,0.606293,-0.201216,-0.259028,-0.485869,-0.334705,-0.207745,-0.468548,-0.160261,0.340634,0.163904,-0.207745,0.503228,0.351652,-0.468548,0.15253,-0.207745,-0.622779,-0.220779,0.612747,0.366278,-0.334705,-0.621211,0.619166,-0.363468,0.484409,0.588776,-0.414101,0.351652,0.612747,-0.12876,-0.39524,-0.053876,0.201664,0.043968,0.0,-0.100575,0.724032,-0.406112,0.306186,0.292757,0.18076,-0.241036,-0.265469,-0.213483,-0.352036,0.0,-0.207745,0.04292,0.552018,-0.207745,-0.053876,-0.45448,-0.334705,-0.120004,0.069118,0.122928,0.340634,0.340634,0.538269,0.201664,-0.556142,-0.102353,0.98285,-0.201375,0.18793,-0.456179,0.387314,0.043968,0.229573,0.023534,0.088216,-0.363468,-0.191842,0.612747,-0.319612,0.252378,-0.627131,-0.544294,-0.404413,0.323061,-0.261202,-0.766271,-0.620851,-0.406112,-0.250406,0.276376,0.17813,0.11322,0.612747,-0.250406,-0.351531,-0.079415,0.045506,0.339779,0.331182,-0.406112,0.283542,-0.056705,#
18,-0.404378,0.315747,-0.200901,-0.693095,-0.342986,-0.087246,0.529455,-0.209551,0.307406,0.315747,-0.596763,-0.237438,0.216208,0.494393,-0.262886,-0.784969,-0.0457,0.097239,1.0,-0.077386,0.177261,0.529455,0.14944,0.375573,0.051417,-0.37339,-0.284103,0.357701,-0.40287,-0.066473,-0.177527,-0.812695,-0.083224,0.355833,-0.392584,-0.055436,0.058829,-0.312782,-0.097405,-0.262886,-0.408367,-0.040694,-0.125636,0.657187,-0.405953,0.260678,0.225748,0.406157,-0.378055,0.187745,-0.269528,-0.330164,0.369756,-0.496634,0.07573,-0.210629,0.244518,-0.255194,-0.011408,0.520707,-0.202528,0.304777,0.261803,-0.142741,-0.275864,-0.180842,-0.606567,-0.134956,-0.484053,0.293858,0.357701,-0.217961,-0.149564,0.442246,-0.391613,-0.199472,-0.069818,-0.223105,-0.322908,0.069924,-0.283899,-0.316445,-0.454573,0.369756,0.597813,0.2586,0.052122,0.301124,0.00777,-0.330198,-0.451334,0.063583,-0.296969,0.140742,0.76366,-0.09135,-0.027349,-0.126726,0.187311,0.081728,0.225748,-0.180855,-0.333757,-0.2048,-0.252163,-0.236243,-0.381122,-0.322908,-0.066229,-0.022363,0.575377,-0.404378,-0.322908,-0.261505,0.069924,-0.066229,-0.172463,-0.322908,-0.1642,-0.017833,0.36688,-0.349415,-0.381122,-0.342791,-0.411881,-0.084298,0.198882,0.375573,-0.403653,0.069924,0.36688,0.076154,-0.30636,0.620833,0.318755,0.141363,0.0,0.02839,0.464124,-0.316445,0.318755,0.20759,-0.069818,-0.33892,-0.426913,-0.330164,0.063583,0.0,-0.322908,0.014124,0.334503,-0.322908,0.254726,0.356827,-0.381122,0.077639,0.191316,-0.066473,0.575377,0.575377,-0.008628,-0.186183,-0.168666,0.690464,0.00777,0.133465,0.537356,-0.149736,0.436821,0.556848,0.048043,0.141935,0.356827,-0.084298,-0.034444,-0.409704,0.390529,-0.07913,0.317506,-0.229943,0.475807,-0.502091,0.369719,0.151143,-0.342525,-0.316445,0.610605,0.370259,-0.55888,0.3047,0.36688,-0.353987,-0.425336,-0.438036,0.394199,0.51171,0.483206,-0.316445,0.149066,-0.261524,#
19,-0.508102,-0.508103,0.093763,-0.115805,-0.480711,0.326637,0.445945,0.063756,0.04562,-0.508103,-0.103095,-0.478658,0.568376,-0.19682,-0.500088,0.018721,0.368514,0.175437,-0.077386,1.0,0.245676,0.445945,-0.144525,0.567846,-0.071475,-0.29223,-0.180761,-0.170915,0.428305,-0.762154,0.504366,0.18597,-0.752614,0.25965,-0.257644,-0.228809,0.655196,-0.135463,0.306036,-0.500088,-0.035168,0.213578,0.556891,-0.443593,-0.053185,-0.08867,0.237439,0.040851,0.127405,-0.208523,-0.166838,0.490153,-0.238697,-0.487484,-0.208229,-0.076943,-0.4044,-0.385839,0.486179,0.447494,0.511417,-0.509874,0.555394,-0.063996,0.203178,-0.04437,0.305699,0.111396,0.198748,-0.232586,-0.170915,-0.843435,-0.238697,-0.191583,-0.278449,-0.23799,0.999697,0.100889,0.50623,0.776014,0.784575,0.428483,0.209601,-0.238697,0.261638,0.551583,0.241196,0.072089,0.261638,0.237422,0.241196,0.311464,-0.044668,0.447097,0.131471,0.129076,0.08482,0.559724,0.36578,-0.113124,0.237439,0.105055,0.36578,-0.385128,0.565892,0.3445,0.191477,0.50623,-0.414872,-0.494868,0.311464,0.18984,0.50623,0.120079,0.776014,-0.414872,0.000845,0.50623,-0.33847,0.390954,0.599479,0.410581,0.191477,0.187189,-0.220513,0.531217,0.159612,0.567846,0.16631,0.776014,0.599479,0.482498,-0.094397,0.120079,0.554619,0.36578,0.0,0.207128,0.350584,0.428483,0.536816,0.704794,0.999697,0.523186,0.39408,0.490153,-0.278449,0.0,0.50623,0.229514,0.190581,0.50623,0.120079,-0.194575,0.191477,0.620801,0.406871,-0.217758,0.311464,0.311464,0.568983,0.04566,-0.30825,0.079442,0.261638,0.443898,0.387441,0.001884,-0.037306,0.36578,0.438681,0.393257,0.267612,0.531217,-0.471086,-0.183291,0.368514,-0.184122,-0.342624,0.023177,-0.184122,-0.295242,0.072462,-0.482653,-0.208783,0.428483,-0.038295,0.582078,0.045258,-0.505332,0.599479,-0.074984,-0.504271,-0.614626,0.661076,-0.053274,0.420326,0.428483,-0.408075,-0.354068,#
20,-0.111111,-0.111111,-0.272104,-0.407897,-0.215292,-0.166667,0.509175,-0.272071,-0.272071,-0.111111,-0.163973,0.311224,0.447147,-0.166667,-0.215292,-0.215686,-0.166667,0.229465,0.177261,0.245676,1.0,0.509175,-0.403998,0.154191,-0.218165,-0.663757,0.120333,0.14902,0.528962,-0.166667,0.249936,-0.33294,-0.164581,0.348165,-0.33303,-0.166623,-0.332622,0.144176,-0.166627,-0.215292,0.518497,-0.267394,0.277821,0.300998,-0.218161,0.259009,0.196875,-0.507707,-0.646066,0.196951,0.179461,0.148107,-0.166667,-0.497631,-0.333253,0.283547,-0.428561,-0.721874,-0.130741,0.566342,0.190423,-0.106133,0.305309,0.151394,0.135468,-0.928463,-0.166667,0.274397,-0.494781,0.316473,0.14902,-0.201008,-0.166667,-0.332205,-0.661836,-0.997041,0.241742,0.417625,0.145906,0.196262,0.29806,0.305893,0.348215,-0.166667,0.2143,0.427398,0.190089,0.235648,0.2143,-0.661836,0.190089,0.207729,0.28475,-0.218107,0.253185,0.246819,-0.50637,0.259725,-0.407871,0.29806,0.196875,0.259725,0.29806,-0.272023,0.159055,0.291309,-0.665376,0.145906,-0.506677,0.522634,0.207729,-0.111111,0.145906,0.427398,0.196262,-0.506677,0.247993,0.145906,-0.271284,0.225913,0.166667,-0.218103,-0.665376,-0.333069,0.159731,0.235648,0.446346,0.154191,0.28072,0.196262,0.166667,0.509175,-0.93195,0.427398,0.241742,0.29806,0.0,-0.333153,0.269191,0.305893,0.241742,0.232646,0.241742,0.144176,0.18473,0.148107,0.207729,0.0,0.145906,-0.333069,0.364144,0.145906,-0.271981,0.348215,-0.665376,-0.333153,0.29519,-0.166667,0.207729,0.207729,0.321385,0.241742,-0.272031,-0.272023,0.2143,-0.186154,0.291309,0.201479,0.536868,0.29806,0.639005,0.316329,0.348215,0.235648,0.537362,0.166667,0.666667,-0.133985,-0.243654,-0.335436,-0.133985,0.205317,0.236678,-0.186154,-0.307757,0.305893,-0.191655,0.253185,0.246543,-0.071067,0.166667,-0.191655,-0.19083,-0.307034,0.349075,-0.216845,0.538459,0.305893,0.252403,0.431284,#
