0,1.0,-0.1665,-0.404932,-0.218218,0.380139,0.566074,-0.271911,0.461759,-0.166667,0.0,0.623992,-0.95614,0.50115,0.374493,0.454405,0.454405,1.0,-0.407897,0.219785,-0.271998,-0.218161,0.316178,0.262425,0.196747,-0.272166,-0.402593,0.181862,0.196747,-0.271921,-0.111111,-0.508669,0.317639,-0.166667,-0.407997,0.588035,0.0,-0.111111,0.124879,0.471913,-0.267855,-0.401982,-0.166667,-0.218219,0.066198,-0.166667,-0.635199,0.227857,0.151394,0.268437,-0.508246,0.258995,0.190175,-0.272096,-0.402764,0.480185,0.227764,-0.976003,0.378292,0.446593,0.306994,0.118969,-0.120257,-0.92222,-0.494548,0.027308,0.244669,0.0,0.213746,0.266598,0.216397,0.124879,-0.171156,-0.111111,-0.272023,0.117142,0.179715,-0.407661,-0.271981,-0.508597,-0.407433,-0.271643,-0.333153,-0.333153,0.308968,-0.993406,0.111345,-0.407871,0.21932,-0.407433,-0.218103,0.038605,-0.66423,-0.271774,-0.271643,-0.271981,0.358254,0.117142,0.21932,-0.271774,-0.407661,0.329789,-0.508,0.111345,-0.218093,0.117142,-0.218107,0.045404,0.149633,-0.217859,0.300991,0.128902,-0.111111,0.123069,-0.508,-0.66423,-0.218103,0.293711,-0.523813,-0.271577,0.182904,-0.508,-0.111111,-0.508,-0.166667,0.124879,-0.407433,-0.217859,0.218052,0.277917,-0.333069,-0.66423,-0.166582,-0.912903,-0.333069,-0.523813,-0.272023,-0.111111,-0.271981,0.339862,-0.523813,-0.272031,-0.523813,-0.271981,-0.95968,-0.523813,0.189847,-0.66423,-0.166524,-0.50779,-0.271774,-0.664634,0.038605,-0.272014,-0.333075,-0.508338,-0.271774,0.277499,-0.268705,-0.523813,-0.407308,0.080454,-0.333069,0.180799,-0.332873,-0.407433,0.356938,0.377013,0.26289,-0.408008,-0.272023,0.522246,0.192312,-0.407661,0.163668,0.448894,-0.993406,-0.218107,0.301508,-0.067954,0.355885,0.450005,-0.132342,0.242118,0.322275,-0.185142,-0.508,0.262952,-0.407661,0.342093,-0.06614,-0.523813,-0.06614,-0.242457,-0.255828,-0.365073,-0.216845,0.298696,-0.633381,0.133845,-0.271015,#
1,-0.1665,1.0,0.356091,0.1962,-0.042723,0.174873,0.623125,-0.407027,0.349651,0.0,0.214923,0.212945,-0.401089,0.484262,0.601955,-0.406944,-0.1665,0.402558,-0.397156,0.062706,-0.326915,0.395095,0.309466,-0.365991,0.081568,-0.047065,0.094143,-0.315159,0.137977,-0.1665,-0.262411,-0.198906,-0.24975,-0.141089,-0.322615,0.0,0.632701,0.18713,-0.326701,0.175925,-0.096885,0.399601,-0.294302,0.210298,-0.24975,-0.282982,0.244454,0.226864,0.384571,0.321952,-0.392137,-0.427466,0.08649,-0.603543,-0.326311,0.458323,0.105303,0.357236,0.480265,0.382302,0.225189,0.655413,0.295173,0.241827,0.004092,0.269527,0.0,-0.020499,0.315303,0.08481,0.18713,-0.343285,-0.1665,-0.407627,0.251603,0.144046,-0.150923,0.137407,-0.762133,0.399518,0.598198,-0.499231,-0.499231,-0.03728,0.147902,0.242297,-0.06112,-0.061035,0.399518,0.261462,0.158121,0.233691,0.052703,0.598198,0.137407,-0.407058,0.251603,-0.061035,0.613277,-0.150923,0.225131,-0.274046,0.242297,0.175172,0.251603,0.250367,0.169122,-0.933066,0.764306,-0.04273,-0.093821,-0.1665,-0.429328,0.319721,0.233691,0.261462,-0.498811,-0.042815,0.073879,-0.20484,0.319721,-0.1665,0.319721,-0.24975,0.18713,0.399518,0.165152,0.326751,0.242633,0.037863,0.233691,-0.249623,0.217761,-0.499105,-0.042815,-0.407627,-0.1665,0.137407,-0.621678,-0.042815,0.129755,-0.042815,0.137407,0.218694,-0.042815,-0.555843,0.233691,0.32717,0.310658,0.613277,-0.437639,0.158121,0.059621,0.031762,0.329023,0.613277,0.350391,0.016106,-0.042815,0.389686,0.217009,0.037863,0.338015,0.501158,0.399518,0.475852,0.059533,-0.606546,-0.611401,-0.407627,-0.332764,-0.369073,-0.150923,-0.172308,-0.424298,0.147902,-0.326834,-0.271086,-0.210447,0.083597,0.066779,-0.274467,-0.196956,-0.130986,0.220595,-0.274046,0.327671,-0.150923,-0.499136,-0.194257,-0.042815,0.630342,0.105809,0.076672,-0.089519,-0.324943,-0.606742,-0.001472,-0.859825,-0.406116,#
2,-0.404932,0.356091,1.0,0.47786,-0.03747,-0.442667,-0.196768,-0.17714,-0.187814,0.0,-0.057164,0.381096,-0.655947,-0.014065,-0.212225,-0.537138,-0.404932,0.574082,-0.42188,-0.23816,0.123133,0.108957,0.343595,-0.016592,0.199028,0.619413,-0.287586,0.105406,-0.084691,-0.404932,-0.153016,-0.321596,0.431572,0.130304,0.042836,0.0,0.154513,-0.394477,-0.794543,0.302798,0.067668,-0.067933,-0.154349,0.063487,0.431572,0.044454,-0.434835,0.309392,0.184737,0.368898,-0.491617,0.047116,0.210344,0.154114,0.110043,-0.102631,0.474258,0.175581,0.197776,0.13782,0.078516,0.205676,0.334675,0.18223,0.593846,0.552377,0.0,-0.290065,-0.091001,-0.316893,-0.394477,-0.342815,0.287715,0.285648,0.641065,0.375374,-0.300316,-0.126695,-0.04656,0.149281,0.219176,0.033251,-0.377282,-0.023667,0.397993,-0.427607,0.233385,-0.190431,-0.286043,0.155471,-0.285082,0.067396,-0.244929,0.21068,-0.126695,-0.131959,0.123813,0.240574,0.644329,0.123231,-0.342202,0.309573,0.085428,0.498852,-0.402802,0.120769,0.450063,-0.434913,0.500631,-0.037792,0.14305,0.314355,-0.440249,0.346113,0.597099,0.582864,-0.38309,0.180392,0.165289,0.249965,0.346113,-0.404932,0.802861,-0.087913,-0.394477,-0.286043,0.020279,-0.582755,-0.090971,0.043692,0.067396,-0.607088,0.566705,0.010648,0.180392,0.278086,0.261075,0.704275,-0.635593,0.180392,0.274486,0.180392,-0.126695,0.291171,0.180392,-0.172971,0.067396,-0.20318,0.31876,0.220781,0.054203,-0.285082,0.212788,0.437772,0.364821,0.220781,-0.253919,0.231931,0.180392,0.540119,0.284303,0.043692,-0.072868,0.388723,-0.286043,0.365339,-0.233662,-0.2015,-0.211416,0.278086,-0.360072,-0.533572,-0.316607,-0.002214,-0.574567,0.397993,0.102022,-0.033736,-0.41782,-0.199713,-0.201542,-0.106615,-0.020525,-0.28939,0.547621,-0.139054,-0.093574,-0.300316,0.020721,0.294955,0.180392,0.294955,0.723692,0.233084,0.222209,0.160595,-0.207487,-0.013891,-0.169385,-0.200477,#
3,-0.218218,0.1962,0.47786,1.0,0.193557,0.028506,-0.102489,0.320074,0.218218,0.0,0.432887,0.045941,-0.190137,-0.241734,-0.110894,-0.533347,-0.218218,0.50855,-0.287767,0.339007,0.03474,0.042099,-0.082164,0.341989,0.801784,0.106545,-0.643987,-0.213188,-0.534043,-0.218218,0.40215,0.015215,0.763763,0.517072,0.082041,0.0,0.509175,0.040876,-0.42818,-0.190276,0.112257,-0.327327,-0.78572,0.332246,0.763763,-0.325925,-0.244289,0.239031,0.218218,-0.071839,0.20038,0.290496,0.347261,-0.037667,0.029242,-0.333714,0.156186,0.08878,-0.32676,-0.384624,-0.258245,0.463612,0.181706,-0.374877,-0.080447,0.177489,0.0,-0.671661,-0.546109,-0.664738,0.040876,-0.163762,0.509175,-0.095493,0.293967,0.134067,0.062794,-0.101745,-0.063289,0.054381,-0.121132,0.207956,-0.223172,0.212774,0.14685,-0.256709,0.071889,-0.364074,0.054381,-0.428345,0.16006,0.270987,0.329671,-0.121132,-0.101745,-0.533496,-0.249233,-0.364074,0.774466,0.507589,-0.191909,0.387992,0.282063,0.513992,-0.249233,0.029634,0.174096,-0.40131,0.494983,0.20223,0.333527,-0.218218,0.306157,0.387992,0.270987,0.505228,0.217916,-0.405266,0.369254,-0.334008,0.387992,-0.218218,0.387992,0.218218,0.040876,0.054381,0.019576,-0.066616,-0.561639,0.197995,0.270987,-0.32716,0.239867,0.197995,-0.405266,0.343257,-0.218218,0.33067,-0.099738,-0.405266,-0.107855,-0.405266,-0.101745,0.228721,-0.405266,-0.58318,0.270987,0.197843,0.376384,0.329671,0.282659,0.16006,0.342861,0.188315,0.399902,0.329671,0.098278,-0.14659,-0.405266,0.482013,0.239039,0.197995,-0.067635,0.628112,0.054381,-0.265901,0.342353,-0.412499,0.08039,0.343257,-0.468304,-0.196577,0.507589,-0.530234,-0.163889,0.14685,-0.428354,-0.723739,-0.331176,-0.182607,-0.145869,0.121293,-0.543441,-0.407506,-0.008869,-0.083141,-0.570789,0.062794,-0.241632,-0.30309,-0.405266,-0.30309,0.27568,0.30505,-0.391085,0.015773,-0.391085,0.363216,0.034287,-0.125067,#
4,0.380139,-0.042723,-0.03747,0.193557,1.0,0.645561,-0.062253,0.044528,0.451415,0.0,0.321287,-0.306154,0.081588,0.595321,0.020698,0.45254,0.380139,-0.032222,0.506669,-0.441426,-0.197803,-0.388458,0.636499,0.085268,-0.022632,-0.357232,0.233127,-0.398296,-0.013177,-0.332622,-0.285161,0.402367,-0.00396,-0.024607,-0.129174,0.0,0.300943,0.281118,0.214799,-0.344192,0.032191,-0.023759,-0.532287,0.075493,-0.00396,-0.392379,-0.02087,0.426764,0.348741,0.161507,0.599516,0.006777,0.785292,-0.001432,-0.20416,0.331382,-0.415333,0.759377,0.269631,0.025528,-0.016513,0.302434,-0.287818,-0.017934,-0.301042,0.55962,0.0,0.24579,0.222576,0.161358,0.281118,0.103851,0.327342,-0.002248,-0.035485,0.318546,-0.048617,-0.8142,-0.249262,-0.043983,-0.040594,-0.199355,-0.215001,0.996425,-0.447677,-0.577621,-0.032985,-0.421885,-0.075937,-0.212455,-0.445451,-0.596714,-0.045389,-0.072396,-0.045233,0.004303,-0.055199,-0.406066,-0.045389,-0.032475,0.508428,-0.26251,-0.558068,0.643556,-0.055199,-0.652924,0.2515,0.093579,0.168881,0.587711,0.229837,0.353741,0.456138,-0.26251,-0.091257,-0.229396,-0.199111,-0.719557,0.39508,-0.501111,0.14785,-0.332622,-0.26251,-0.498933,0.281118,-0.475358,0.186135,0.186503,0.191772,-0.610506,-0.596714,-0.037316,-0.285061,-0.610506,-0.719557,-0.002248,-0.332622,-0.42187,-0.087987,-0.719557,-0.427475,-0.719557,-0.8142,-0.298616,-0.719557,-0.358066,-0.596714,0.451029,-0.713496,-0.045389,-0.077456,-0.445451,0.785941,-0.61491,0.16198,-0.448951,-0.073928,0.300051,-0.719557,-0.466548,0.083517,-0.610506,0.617947,-0.243772,-0.075937,0.209768,0.38218,-0.345212,-0.021458,-0.002248,-0.189351,0.074708,-0.06476,-0.241887,0.37369,-0.447677,-0.22077,-0.255495,0.268366,0.779721,0.806328,-0.046535,-0.574625,0.418293,-0.658307,0.14785,0.216138,-0.048617,-0.14694,0.303279,-0.719557,-0.35042,-0.024457,0.794933,-0.778461,0.642278,-0.352663,0.039196,0.238914,-0.011189,#
5,0.566074,0.174873,-0.442667,0.028506,0.645561,1.0,0.293851,-0.014903,0.718479,0.0,0.638726,-0.553469,0.446362,0.635288,0.384611,0.384611,0.566074,-0.391998,0.369867,-0.122995,-0.427484,0.115509,0.406903,-0.146233,-0.106661,-0.788875,0.123105,-0.677989,-0.127667,-0.217721,-0.107843,0.50906,-0.326581,-0.389483,0.144818,0.0,0.478986,0.244698,0.526705,-0.524859,0.09364,0.195949,-0.541624,-0.119336,-0.326581,-0.706431,0.322244,0.296655,0.507501,-0.126751,0.380953,-0.203712,0.328518,-0.342528,0.065645,0.174269,-0.688488,0.472727,0.2162,0.103716,0.29201,0.462556,-0.403522,-0.31622,-0.460179,0.355034,0.0,0.070364,0.414546,0.1109,0.244698,-0.087714,-0.217721,-0.533025,-0.260142,0.221117,0.028193,-0.532942,-0.548535,-0.401505,-0.137313,-0.65281,-0.23987,0.630579,-0.62039,0.248535,-0.381166,-0.356082,0.020153,-0.427369,0.115989,-0.305581,-0.131568,0.28234,-0.11877,-0.087942,0.260142,-0.356082,-0.131568,-0.397837,0.301568,-0.570708,-0.267507,0.010256,0.260142,-0.427378,0.129639,-0.160789,0.001674,0.192457,0.291071,-0.217721,0.27202,-0.570708,-0.305581,-0.427369,-0.210258,-0.727815,0.33239,-0.60739,-0.119451,-0.217721,-0.570708,-0.326581,0.244698,0.020153,0.001674,0.42727,0.317274,-0.652645,-0.305581,0.180927,-0.50379,-0.652645,-0.727815,-0.533025,-0.217721,-0.532942,0.004593,-0.727815,-0.533041,-0.727815,-0.532942,-0.493951,-0.727815,-0.452128,-0.305581,0.717863,-0.57398,-0.131568,-0.298493,0.115989,0.307076,-0.652657,-0.112164,-0.131568,0.458182,0.23167,-0.727815,-0.405197,0.196455,-0.652645,0.381267,-0.259369,0.020153,0.210629,0.332041,-0.322161,-0.377233,-0.533025,0.060196,0.376833,0.028193,-0.074009,0.338308,-0.62039,-0.427378,-0.35448,0.434973,0.757663,0.772198,-0.358902,-0.474427,0.520765,-0.447727,-0.119451,0.399546,0.028193,-0.176401,-0.254016,-0.727815,-0.254016,-0.555106,0.300775,-0.793394,-0.001888,-0.325162,-0.22513,0.006842,-0.057458,#
6,-0.271911,0.623125,-0.196768,-0.102489,-0.062253,0.293851,1.0,-0.664716,0.580902,0.0,-0.082188,0.319615,0.190325,0.369445,0.167557,-0.281744,-0.271911,0.271467,-0.200379,0.158651,-0.078414,0.246525,0.046396,-0.545711,-0.262381,-0.526456,0.17328,-0.503784,0.583721,-0.271911,0.059984,-0.24149,-0.407867,-0.174166,-0.526862,0.0,0.387268,0.40207,-0.091481,-0.179335,0.301783,0.6221,0.045851,0.232907,-0.407867,0.058139,0.378027,-0.317438,0.221598,0.507249,-0.111164,-0.629929,0.149399,-0.563022,-0.532898,0.439419,0.192472,0.228837,0.144812,0.230538,0.425025,0.394923,0.509713,0.311413,-0.245372,-0.091864,0.0,0.113069,0.053642,0.233307,0.40207,-0.099912,-0.271911,-0.665695,-0.596503,-0.461081,0.229401,0.216101,-0.353162,0.276035,0.602288,-0.384377,0.00632,-0.029459,0.27804,0.423266,0.287344,-0.108041,0.674981,-0.048522,0.294871,0.409053,0.158862,0.561416,0.607964,-0.226843,-0.104243,-0.108041,0.176645,-0.173681,0.308875,-0.370442,-0.06498,-0.119682,0.43869,0.400085,-0.408374,-0.500054,0.366518,0.00235,0.19103,-0.271911,-0.114994,0.119295,0.409053,-0.048522,-0.378988,0.201288,0.15337,-0.344804,0.546246,-0.271911,-0.351606,-0.407867,0.40207,0.674981,0.347511,0.551584,0.465062,0.053658,0.409053,0.601782,0.083971,-0.389232,0.201288,-0.227161,-0.271911,-0.216101,-0.170629,0.201288,0.20372,0.201288,0.216101,0.38448,0.201288,-0.315145,0.409053,0.580404,0.10799,0.176645,-0.13707,0.294871,0.129161,0.043787,0.086482,0.176645,0.598132,0.059779,0.201288,0.263713,0.389645,0.053658,0.097684,0.010164,0.674981,0.005375,0.171057,-0.603736,-0.158335,-0.227161,-0.084509,-0.050624,0.229401,0.132887,0.142545,0.27804,-0.075989,-0.156513,0.371229,0.200433,0.116314,0.105339,-0.305233,-0.20658,-0.069095,0.056508,0.077886,0.229401,-0.397889,-0.279571,0.201288,0.400555,-0.231637,0.132801,-0.130442,-0.130433,-0.557046,0.27296,-0.440613,0.196695,#
7,0.461759,-0.407027,-0.17714,0.320074,0.044528,-0.014903,-0.664716,1.0,-0.407434,0.0,0.357448,-0.587563,0.153835,-0.346349,0.209679,0.209679,0.461759,-0.20451,-0.089285,0.149609,-0.118195,-0.140831,-0.314487,0.441164,0.548903,0.256166,-0.332425,0.441164,-0.66474,0.407434,0.046206,0.306181,0.570408,0.216101,0.456391,0.0,-0.271623,0.122111,0.377801,0.064087,-0.586864,-0.407434,-0.311186,0.258923,0.570408,-0.202285,-0.065389,0.317849,-0.01947,-0.818895,0.354395,0.408339,-0.278161,0.125921,0.337827,-0.321702,-0.426289,-0.102947,-0.314678,-0.524689,-0.646717,-0.347332,-0.605203,-0.661755,-0.226973,-0.160845,0.0,-0.283208,-0.309045,-0.354027,0.122111,0.292887,0.380272,0.137816,0.373467,0.266665,-0.182705,0.126328,0.031854,-0.1905,-0.66406,0.360811,-0.025569,0.009809,-0.48413,-0.124263,-0.214757,0.215417,-0.1905,-0.097407,0.209194,-0.163555,0.149486,-0.66406,-0.277352,-0.248301,-0.113353,-0.191482,0.132876,0.215924,0.047029,0.04243,0.358587,-0.0981,-0.113353,-0.122733,0.226746,0.225376,-0.106516,0.0,-0.213078,-0.271623,0.388705,0.04243,-0.663632,0.3035,0.787895,-0.43072,-0.247174,0.071776,-0.397395,0.407434,0.04243,0.59078,0.122111,-0.1905,-0.53258,0.089553,-0.688259,0.347215,-0.163555,-0.407227,-0.347657,0.347215,-0.43072,0.121433,-0.271623,0.110181,0.621689,-0.43072,-0.282862,-0.43072,0.126328,-0.424882,-0.43072,0.20349,-0.163555,-0.407085,0.031803,0.149486,-0.152989,0.209194,-0.260032,-0.059217,0.053258,0.149486,-0.085631,-0.656877,-0.43072,-0.21446,-0.335866,0.347215,0.089449,0.374322,-0.1905,-0.372097,0.168473,0.227482,0.204326,0.121433,-0.054715,-0.044538,0.215924,-0.379585,0.167771,-0.48413,-0.533186,-0.159697,-0.300863,-0.33154,-0.225357,0.047881,0.082441,-0.146775,-0.109286,-0.379802,-0.333812,-0.182705,0.0011,-0.279716,-0.43072,-0.279716,0.105024,-0.304882,-0.196747,-0.134292,0.24137,-0.058814,0.146528,-0.297593,#
8,-0.166667,0.349651,-0.187814,0.218218,0.451415,0.718479,0.580902,-0.407434,1.0,0.0,0.23749,0.144737,0.11105,0.443892,0.07663,0.07663,-0.166667,-0.124707,0.256955,0.082384,-0.327241,-0.128615,0.265277,-0.340915,0.102062,-0.603889,-0.0062,-0.976951,0.07673,-0.166667,0.300198,0.34088,-0.25,-0.121615,-0.322938,0.0,0.666667,0.187318,0.231817,-0.401783,0.451176,0.375,-0.463717,-0.198593,-0.25,-0.309016,0.193183,0.227091,0.380531,0.277225,0.237132,-0.404121,0.622523,-0.069867,-0.326637,0.016269,-0.0,0.246246,-0.118216,-0.134972,0.248895,0.654732,0.295468,0.039043,-0.573463,0.218218,0.0,-0.096186,0.270898,-0.049939,0.187318,0.039498,-0.166667,-0.408034,-0.409995,0.112844,0.377686,-0.407971,-0.226977,-0.13647,0.064958,-0.49973,-0.005811,0.493546,0.096136,0.203326,-0.111772,-0.610962,0.367876,-0.327154,0.106163,0.194937,0.07194,0.566907,0.087422,-0.407465,0.212319,-0.610962,0.07194,-0.13189,0.082447,-0.254,-0.413914,0.196284,0.212319,-0.327161,0.116753,-0.318573,0.185821,-0.023762,0.23939,-0.166667,0.221524,-0.254,0.194937,-0.327154,-0.499309,-0.428576,0.626716,-0.880826,0.28575,-0.166667,-0.254,-0.25,0.187318,0.367876,0.185821,0.327078,0.145,-0.499604,0.194937,0.356961,0.167676,-0.499604,-0.428576,-0.408034,-0.166667,-0.407971,-0.281265,-0.428576,-0.408046,-0.428576,-0.407971,0.218913,-0.428576,-0.700974,0.194937,0.999144,-0.258092,0.07194,0.203756,0.106163,0.596807,-0.499613,0.294751,0.07194,0.313893,0.503821,-0.428576,-0.140991,0.167097,-0.499604,0.303485,-0.029371,0.367876,-0.049233,0.079051,-0.607152,-0.106954,-0.408034,-0.368645,0.288468,0.377686,-0.226617,0.025898,0.096136,-0.327161,-0.678393,0.577609,0.605965,0.543938,-0.31762,-0.771752,0.35097,-0.379315,0.28575,0.256032,0.377686,-0.499635,-0.248024,-0.428576,-0.248024,-0.459392,0.575612,-0.640952,0.180705,-0.640952,0.265136,-0.104749,0.159943,#
9,0.0,0.0,0.0,0.0,0.0,0.0,0.0,0.0,0.0,0.0,0.0,0.0,0.0,0.0,0.0,0.0,0.0,0.0,0.0,0.0,0.0,0.0,0.0,0.0,0.0,0.0,0.0,0.0,0.0,0.0,0.0,0.0,0.0,0.0,0.0,0.0,0.0,0.0,0.0,0.0,0.0,0.0,0.0,0.0,0.0,0.0,0.0,0.0,0.0,0.0,0.0,0.0,0.0,0.0,0.0,0.0,0.0,0.0,0.0,0.0,0.0,0.0,0.0,0.0,0.0,0.0,0.0,0.0,0.0,0.0,0.0,0.0,0.0,0.0,0.0,0.0,0.0,0.0,0.0,0.0,0.0,0.0,0.0,0.0,0.0,0.0,0.0,0.0,0.0,0.0,0.0,0.0,0.0,0.0,0.0,0.0,0.0,0.0,0.0,0.0,0.0,0.0,0.0,0.0,0.0,0.0,0.0,0.0,0.0,0.0,0.0,0.0,0.0,0.0,0.0,0.0,0.0,0.0,0.0,0.0,0.0,0.0,0.0,0.0,0.0,0.0,0.0,0.0,0.0,0.0,0.0,0.0,0.0,0.0,0.0,0.0,0.0,0.0,0.0,0.0,0.0,0.0,0.0,0.0,0.0,0.0,0.0,0.0,0.0,0.0,0.0,0.0,0.0,0.0,0.0,0.0,0.0,0.0,0.0,0.0,0.0,0.0,0.0,0.0,0.0,0.0,0.0,0.0,0.0,0.0,0.0,0.0,0.0,0.0,0.0,0.0,0.0,0.0,0.0,0.0,0.0,0.0,0.0,0.0,0.0,0.0,0.0,0.0,0.0,0.0,0.0,0.0,0.0,0.0,0.0,0.0,0.0,0.0,0.0,0.0,#
10,0.623992,0.214923,-0.057164,0.432887,0.321287,0.638726,-0.082188,0.357448,0.23749,0.0,1.0,-0.740408,0.32173,0.31368,0.456832,0.024115,0.623992,-0.011106,-0.058518,0.256048,-0.064743,0.515216,0.061207,0.36224,0.273754,-0.431508,-0.39772,-0.206426,-0.524225,-0.214206,-0.151208,0.482486,0.09779,-0.006138,0.578809,0.0,0.530859,0.162243,0.100162,-0.258432,0.035579,-0.321309,-0.786518,0.149814,0.09779,-0.93102,-0.075565,0.269472,0.250471,-0.515086,0.279397,0.308181,-0.063814,-0.500882,0.457715,0.008788,-0.703552,0.262641,0.288459,0.179238,0.250348,0.492422,-0.487067,-0.735244,-0.096135,0.255519,0.0,-0.455069,0.067039,-0.392068,0.162243,-0.572746,-0.214206,-0.524421,0.250379,0.227357,-0.01541,-0.192149,-0.621136,-0.361072,-0.101306,-0.31107,-0.31107,0.272766,-0.679567,0.239004,-0.451015,-0.312517,-0.361072,-0.42047,0.106782,-0.352612,-0.09514,-0.101306,-0.524339,-0.048508,0.250379,0.022323,0.24656,-0.01541,0.036858,-0.163225,0.239004,0.047529,0.250379,-0.068643,0.120153,-0.399327,0.038312,0.261585,0.279375,-0.214206,0.262017,-0.163225,-0.352612,-0.061875,0.165767,-0.770349,-0.075295,-0.139592,-0.163225,-0.214206,-0.163225,0.09779,0.162243,-0.022878,0.038312,0.054831,-0.051654,-0.314797,-0.352612,-0.321145,-0.562703,-0.314797,-0.770349,-0.187364,-0.214206,-0.192149,-0.032416,-0.770349,-0.524436,-0.770349,-0.192149,-0.574943,-0.770349,-0.490853,-0.352612,0.216608,-0.1699,-0.09514,-0.346049,0.106782,-0.088819,-0.318523,-0.156471,0.24656,0.519726,-0.127629,-0.770349,-0.030201,0.186229,-0.314797,0.002165,0.113247,-0.361072,0.282335,0.400621,0.017139,-0.447909,-0.187364,0.101896,0.353782,-0.01541,-0.113618,-0.024602,-0.679567,-0.420479,-0.345388,-0.270238,0.347481,0.43542,-0.352753,-0.076828,0.18465,-0.076836,-0.52516,0.050655,-0.01541,0.184118,-0.249472,-0.770349,-0.249472,-0.203583,-0.087305,-0.446487,-0.418047,0.054246,-0.274503,-0.024877,-0.522477,#
11,-0.95614,0.212945,0.381096,0.045941,-0.306154,-0.553469,0.319615,-0.587563,0.144737,0.0,-0.740408,1.0,-0.589196,-0.27353,-0.396737,-0.396737,-0.95614,0.357303,-0.064558,0.103032,0.109158,-0.347556,-0.084897,-0.248522,0.102062,0.367653,0.104745,-0.181571,0.373236,0.096491,0.387975,-0.436906,-0.019737,0.301662,-0.711071,0.0,0.096491,-0.157741,-0.464287,0.228112,0.313582,0.210526,0.325893,-0.144589,-0.019737,0.665468,-0.067523,-0.191234,-0.226129,0.676192,-0.30458,-0.22896,0.316578,0.358421,-0.575692,-0.060794,0.938333,-0.286254,-0.294498,-0.133927,-0.115673,0.129048,0.86626,0.72744,0.038267,-0.187677,0.0,0.070874,-0.116099,0.068335,-0.157741,0.216198,0.140351,0.371619,-0.122921,-0.187414,0.27514,0.162575,0.446653,0.517775,0.372654,0.238855,0.212859,-0.23822,0.961361,-0.180776,0.358848,-0.074515,0.464686,0.3053,-0.102099,0.586331,0.291231,0.34779,0.345088,-0.22409,-0.155675,-0.205921,0.15871,0.30196,-0.206841,0.446172,-0.14829,0.277208,-0.190355,0.111436,-0.067593,-0.093742,0.278563,-0.203544,-0.167669,0.184211,-0.233183,0.446172,0.65093,0.108279,-0.408104,0.58647,0.313358,-0.160737,0.446172,0.096491,0.47625,-0.052632,-0.157741,0.278874,0.276877,-0.131978,-0.074407,0.242397,0.586331,0.17848,0.868778,0.242397,0.58647,0.184876,0.184211,0.216255,-0.429299,0.58647,0.398064,0.58647,0.162575,0.906726,0.58647,-0.147573,0.586331,0.144613,0.449258,0.319629,0.582927,-0.102099,0.317955,0.29672,0.416159,0.13189,-0.397214,0.350023,0.58647,0.361445,-0.086968,0.242397,-0.063552,0.213327,0.464686,-0.201466,-0.322605,-0.279362,0.302722,0.184876,-0.420615,-0.276215,0.24832,-0.158698,-0.383013,0.961361,0.332358,-0.162653,0.073915,-0.28248,-0.38217,0.190155,-0.232447,-0.218877,0.109089,0.616619,-0.106346,0.27514,-0.366375,0.154036,0.58647,0.154036,0.190406,0.315937,0.348152,0.279617,-0.333085,0.524846,-0.18285,0.338827,#
12,0.50115,-0.401089,-0.655947,-0.190137,0.081588,0.446362,0.190325,0.153835,0.11105,0.0,0.32173,-0.589196,1.0,0.074629,-0.151868,0.245028,0.50115,-0.221581,-0.017229,0.110858,0.273043,0.245278,-0.269152,-0.041553,-0.341764,-0.653718,-0.224978,-0.041553,0.173592,-0.26766,0.033337,0.262205,-0.017085,-0.216755,0.392962,0.0,-0.26766,0.328827,0.410479,-0.408646,0.243348,0.11105,0.047534,0.239764,-0.017085,-0.161023,0.034359,-0.369035,0.019957,-0.335537,0.3791,-0.082851,-0.232856,-0.279316,0.280312,-0.023904,-0.495794,0.071703,-0.109062,-0.063481,0.385273,-0.310237,-0.291865,-0.574322,-0.194899,-0.180817,0.0,-0.151183,-0.263587,-0.118591,0.328827,-0.068155,-0.26766,-0.655286,-0.675947,-0.451773,0.210172,0.097581,0.028653,-0.525308,-0.200367,-0.052021,0.353025,0.061492,-0.481238,0.382361,0.187341,-0.09595,-0.111712,-0.525396,0.244692,-0.164301,-0.193784,-0.242741,0.199144,0.235477,-0.165609,0.21117,-0.341273,-0.207713,0.127712,-0.403574,-0.123814,-0.525373,0.397263,0.271878,-0.485704,0.296133,-0.524809,0.09378,0.455237,-0.26766,0.412529,-0.403574,-0.164301,-0.196486,0.390397,-0.139119,-0.217357,0.05082,0.039056,-0.26766,-0.891769,-0.017085,0.328827,0.198486,-0.032185,0.208619,0.204995,-0.060632,-0.164301,0.645227,-0.664926,-0.060632,-0.139119,0.108507,-0.26766,-0.350494,0.692567,-0.139119,-0.21346,-0.139119,0.097581,-0.405513,-0.139119,0.300147,-0.164301,0.129922,-0.410182,-0.654686,-0.153915,0.244692,-0.230768,-0.069062,-0.442924,-0.341273,0.682468,-0.261671,-0.139119,-0.222411,0.339721,-0.060632,-0.296975,-0.494771,-0.111712,-0.311427,0.262009,0.157413,0.198766,0.108507,0.455042,0.46932,0.210172,0.493208,0.689785,-0.481238,-0.050832,0.185443,0.451618,0.236141,0.239826,0.166863,0.111243,-0.076706,-0.161317,-0.292917,-0.257961,0.210172,0.388046,-0.230514,-0.139119,-0.230514,-0.315904,-0.24398,-0.192643,-0.107437,0.266638,-0.061152,0.459627,0.238645,#
13,0.374493,0.484262,-0.014065,-0.241734,0.595321,0.635288,0.369445,-0.346349,0.443892,0.0,0.31368,-0.27353,0.074629,1.0,0.442536,0.442536,0.374493,-0.009737,0.068257,-0.444321,-0.20137,0.031956,0.653751,-0.410475,-0.429792,-0.330227,0.30862,-0.370499,0.409481,-0.332592,-0.72072,0.389607,-0.498888,-0.434705,-0.13322,0.0,0.295928,0.373802,0.20795,0.10625,0.022461,0.483175,-0.198875,0.108697,-0.498888,-0.363763,0.003347,0.453172,0.371063,0.182954,0.083955,-0.494549,0.383948,-0.366092,-0.207667,0.680067,-0.381865,0.802622,0.742393,0.437386,0.466797,0.324486,-0.122609,0.065643,-0.172493,0.579633,0.0,0.273053,0.665587,0.263258,0.373802,-0.208219,-0.332592,-0.403549,-0.001381,0.342902,-0.057839,-0.385542,-0.680308,-0.013146,0.387583,-0.593667,-0.221141,0.5787,-0.402571,-0.054655,-0.002588,-0.388432,-0.044845,0.246747,-0.400048,-0.558835,-0.451782,0.356034,-0.011905,-0.002134,0.467984,0.019569,-0.010927,-0.442173,0.563972,-0.696448,-0.520192,0.196361,0.467984,-0.198934,0.291844,-0.405351,0.205695,0.178475,-0.030816,0.348305,-0.056273,-0.229488,-0.057404,-0.190201,-0.597654,-0.423134,-0.032989,-0.235287,0.177604,-0.332592,-0.229488,-0.498888,0.373802,-0.044845,0.179518,0.207288,0.552793,-0.574695,-0.558835,-0.040945,-0.241367,-0.996985,-0.423134,-0.403549,-0.332592,-0.385542,-0.369306,-0.423134,-0.391651,-0.423134,-0.385542,-0.26674,-0.423134,-0.26469,-0.558835,0.443512,-0.67725,-0.010927,-0.578465,-0.400048,0.366589,-0.579504,0.192002,-0.010927,0.335282,0.291329,-0.423134,-0.43274,0.124132,-0.574695,0.644682,-0.209986,-0.044845,0.627483,-0.033346,-0.352003,-0.427703,-0.403549,-0.166224,0.058766,-0.474201,0.210979,0.008952,-0.402571,-0.224153,0.049746,0.309117,0.824973,0.819781,-0.485976,-0.131252,0.431923,-0.188065,-0.289355,0.68272,-0.057839,-0.15362,0.338277,-0.423134,0.338277,0.036192,0.405715,-0.349659,0.234535,-0.334014,-0.166991,-0.364707,-0.383994,#
14,0.454405,0.601955,-0.212225,-0.110894,0.020698,0.384611,0.167557,0.209679,0.07663,0.0,0.456832,-0.396737,-0.151868,0.442536,1.0,0.185373,0.454405,-0.178365,-0.068203,0.10987,-0.533208,0.28906,0.126456,-0.0527,0.125137,-0.120294,0.276455,-0.011657,-0.224184,0.373741,-0.419929,0.216411,-0.407351,-0.222526,-0.001322,0.0,0.373741,0.305216,0.350676,0.20866,-0.574336,0.116962,-0.29572,0.097717,-0.407351,-0.513897,0.421056,0.370023,0.213509,-0.367295,-0.055593,-0.128857,-0.265973,-0.570668,-0.076206,0.441196,-0.51488,0.216421,0.481236,0.272567,-0.125915,0.354925,-0.40582,-0.112747,-0.280189,0.00112,0.0,0.172759,0.533665,0.23887,0.305216,-0.106094,-0.271567,-0.275615,0.376072,0.313831,-0.230377,0.1589,-0.828065,0.210304,0.147761,-0.431785,-0.431785,-0.021653,-0.473811,0.361173,-0.552726,0.244137,0.210304,0.356054,0.212685,-0.155845,0.101745,0.147761,-0.224717,-0.252365,0.376072,-0.14254,0.159774,-0.230377,0.429179,-0.43026,0.361173,-0.127719,0.376072,-0.06702,0.230262,-0.540693,0.348261,-0.031052,-0.487059,-0.271567,-0.166181,0.049173,-0.631069,-0.058057,-0.017532,-0.404474,-0.275515,-0.135345,-0.368794,0.373741,0.049173,0.07663,0.305216,0.210304,-0.135521,0.532942,0.047661,-0.002501,-0.155845,-0.407143,-0.337683,-0.436072,-0.404474,-0.664852,-0.271567,-0.224717,-0.150591,-0.404474,-0.230957,-0.404474,0.1589,-0.365687,-0.404474,-0.299326,-0.155845,0.058655,0.038489,0.554375,-0.694643,0.212685,-0.287566,-0.38542,0.060059,0.554375,0.229088,-0.318618,-0.404474,-0.188031,-0.300574,-0.002501,0.521063,0.38049,0.210304,0.419667,0.136654,-0.141068,-0.606112,-0.664852,-0.057455,-0.060662,-0.230377,-0.327105,-0.214749,-0.473811,-0.533076,-0.138628,-0.297641,0.115681,0.177935,-0.415691,0.089559,0.240693,-0.076601,-0.43026,0.535513,-0.230377,-0.37296,-0.27689,-0.404474,0.388926,-0.238497,-0.280355,-0.185523,-0.529993,-0.16946,-0.298108,-0.765656,-0.662389,#
15,0.454405,-0.406944,-0.537138,-0.533347,0.45254,0.384611,-0.281744,0.209679,0.07663,0.0,0.024115,-0.396737,0.245028,0.442536,0.185373,1.0,0.454405,-0.571936,0.499635,-0.269866,-0.069487,-0.522746,0.126456,-0.011657,-0.270032,-0.120294,0.322465,-0.011657,0.151085,0.373741,-0.403786,0.730098,-0.407351,-0.174426,-0.001322,0.0,-0.271567,0.305216,0.783429,0.20866,-0.132173,0.07663,0.117935,-0.173541,-0.407351,-0.015371,-0.119149,0.370023,-0.201944,-0.367295,0.494639,-0.070565,0.166341,0.291268,-0.076206,0.250474,-0.439302,0.216421,0.176092,-0.096321,-0.088035,-0.291765,-0.40582,-0.112747,-0.481739,0.00112,0.0,0.346553,0.533665,0.230813,0.305216,0.346319,-0.271567,0.146059,-0.108192,0.315854,0.220319,-0.281132,0.036516,-0.182161,-0.242839,-0.017436,0.36504,0.430835,-0.476913,-0.158973,-0.190189,-0.199404,-0.214707,0.329664,-0.478619,-0.673,-0.269644,-0.27523,-0.281132,0.16872,0.37371,-0.167181,-0.664244,-0.174282,0.429179,-0.370843,-0.636944,-0.066498,0.37371,-0.533076,0.227123,0.452154,-0.532471,0.024535,-0.451409,0.427517,0.388947,-0.370843,-0.633398,-0.533066,-0.017532,-0.427521,-0.251249,-0.165629,-0.370843,0.373741,-0.370843,0.07663,0.305216,-0.214707,-0.075565,0.075632,0.041814,-0.436072,-0.673,0.06277,-0.340688,-0.436072,-0.427521,-0.243178,-0.271567,-0.664749,0.252118,-0.427521,-0.664872,-0.427521,-0.281132,-0.365687,-0.427521,0.202494,-0.673,0.094475,-0.826751,-0.269644,-0.147569,-0.478619,0.17026,-0.814071,0.057992,-0.269644,-0.173825,0.130048,-0.427521,-0.995503,-0.576137,-0.436072,0.518979,-0.426926,-0.214707,0.06225,-0.240052,0.305261,0.208684,-0.243178,-0.031966,0.470031,-0.207165,0.060831,0.186339,-0.476913,-0.092912,0.15322,0.40398,0.595164,0.617752,-0.384946,0.114669,0.685114,-0.504958,0.047124,0.535513,0.220319,0.051848,0.427338,-0.427521,-0.238477,-0.213793,0.179533,-0.161429,0.377234,0.272261,-0.053348,0.160961,-0.223735,#
16,1.0,-0.1665,-0.404932,-0.218218,0.380139,0.566074,-0.271911,0.461759,-0.166667,0.0,0.623992,-0.95614,0.50115,0.374493,0.454405,0.454405,1.0,-0.407897,0.219785,-0.271998,-0.218161,0.316178,0.262425,0.196747,-0.272166,-0.402593,0.181862,0.196747,-0.271921,-0.111111,-0.508669,0.317639,-0.166667,-0.407997,0.588035,0.0,-0.111111,0.124879,0.471913,-0.267855,-0.401982,-0.166667,-0.218219,0.066198,-0.166667,-0.635199,0.227857,0.151394,0.268437,-0.508246,0.258995,0.190175,-0.272096,-0.402764,0.480185,0.227764,-0.976003,0.378292,0.446593,0.306994,0.118969,-0.120257,-0.92222,-0.494548,0.027308,0.244669,0.0,0.213746,0.266598,0.216397,0.124879,-0.171156,-0.111111,-0.272023,0.117142,0.179715,-0.407661,-0.271981,-0.508597,-0.407433,-0.271643,-0.333153,-0.333153,0.308968,-0.993406,0.111345,-0.407871,0.21932,-0.407433,-0.218103,0.038605,-0.66423,-0.271774,-0.271643,-0.271981,0.358254,0.117142,0.21932,-0.271774,-0.407661,0.329789,-0.508,0.111345,-0.218093,0.117142,-0.218107,0.045404,0.149633,-0.217859,0.300991,0.128902,-0.111111,0.123069,-0.508,-0.66423,-0.218103,0.293711,-0.523813,-0.271577,0.182904,-0.508,-0.111111,-0.508,-0.166667,0.124879,-0.407433,-0.217859,0.218052,0.277917,-0.333069,-0.66423,-0.166582,-0.912903,-0.333069,-0.523813,-0.272023,-0.111111,-0.271981,0.339862,-0.523813,-0.272031,-0.523813,-0.271981,-0.95968,-0.523813,0.189847,-0.66423,-0.166524,-0.50779,-0.271774,-0.664634,0.038605,-0.272014,-0.333075,-0.508338,-0.271774,0.277499,-0.268705,-0.523813,-0.407308,0.080454,-0.333069,0.180799,-0.332873,-0.407433,0.356938,0.377013,0.26289,-0.408008,-0.272023,0.522246,0.192312,-0.407661,0.163668,0.448894,-0.993406,-0.218107,0.301508,-0.067954,0.355885,0.450005,-0.132342,0.242118,0.322275,-0.185142,-0.508,0.262952,-0.407661,0.342093,-0.06614,-0.523813,-0.06614,-0.242457,-0.255828,-0.365073,-0.216845,0.298696,-0.633381,0.133845,-0.271015,#
17,-0.407897,0.402558,0.574082,0.50855,-0.032222,-0.391998,0.271467,-0.20451,-0.124707,0.0,-0.011106,0.357303,-0.221581,-0.009737,-0.178365,-0.571936,-0.407897,1.0,-0.533112,0.242904,0.542655,0.134453,-0.111118,0.167044,0.22592,0.239882,-0.333621,0.206703,0.294178,-0.407897,-0.108606,-0.324202,0.401402,0.570445,-0.321505,0.0,0.24162,0.367188,-0.800361,0.246662,0.233933,-0.085736,-0.210057,0.71357,0.401402,0.151336,-0.40824,-0.201155,-0.176094,0.364491,0.030595,0.062996,0.221524,-0.345892,-0.375093,0.359358,0.456937,0.292234,0.195949,0.145547,0.096338,0.237555,0.560871,0.104683,0.237532,0.014534,0.0,-0.325865,-0.536842,-0.310992,0.367188,-0.378966,0.267601,-0.18372,0.08765,-0.358556,0.157561,0.286183,-0.086195,0.590942,0.672638,0.418305,0.017935,-0.017921,0.396382,-0.381363,0.610008,-0.200369,0.18212,0.10945,-0.243422,0.100617,0.243351,-0.181623,0.286183,-0.14296,-0.416796,0.204398,0.656412,0.570623,0.208206,0.324676,0.11897,0.508939,0.137867,0.559932,-0.288317,-0.475499,0.526692,0.417832,0.168931,0.267601,0.106474,0.80575,0.598072,0.542934,0.032507,0.148087,-0.174386,0.196506,0.80575,-0.407897,0.324676,-0.105222,0.367188,0.18212,0.526692,-0.082598,-0.076005,0.438726,0.100617,-0.070669,0.252813,0.00367,0.148087,0.671735,-0.407897,0.246208,-0.240325,0.148087,0.268138,0.148087,0.286183,0.509911,0.148087,-0.252349,0.100617,-0.142627,0.349629,0.243351,0.06931,-0.243422,0.220336,0.419853,0.343304,0.243351,0.19115,-0.237708,0.148087,0.570703,0.301141,0.438726,-0.083142,0.398787,0.18212,-9.6e-05,0.261718,-0.304329,0.180525,0.671735,-0.321911,-0.338519,0.157561,-0.042882,-0.160675,0.396382,0.092279,-0.091651,-0.429544,-0.182399,-0.184804,0.405379,-0.039225,-0.672942,0.108016,-0.112845,-0.508169,0.157561,-0.002947,0.242803,0.148087,0.267548,0.653557,0.240132,0.206037,0.112112,-0.213021,0.524324,-0.189004,-0.196033,#
18,0.219785,-0.397156,-0.42188,-0.287767,0.506669,0.369867,-0.200379,-0.089285,0.256955,0.0,-0.058518,-0.064558,-0.017229,0.068257,-0.068203,0.499635,0.219785,-0.533112,1.0,-0.177112,-0.252816,-0.380678,0.279959,0.320302,-0.154383,-0.407979,0.60092,-0.296424,-0.148175,0.187464,0.141823,0.201023,-0.446035,-0.006999,-0.163016,0.0,0.155143,-0.160746,0.387905,-0.474797,0.091094,-0.349071,-0.065596,-0.585394,-0.446035,-0.183776,0.307202,-0.072794,-0.10709,0.145997,0.44558,0.354972,0.382322,0.25871,-0.094692,0.031129,-0.31041,-0.034051,-0.012229,0.133338,-0.140614,0.176982,-0.324525,0.323306,-0.214875,-0.025199,0.0,0.575758,0.359905,0.540385,-0.160746,0.219833,0.058178,0.441748,-0.193379,0.040849,0.070454,-0.671365,0.189274,-0.031759,-0.179568,-0.094883,-0.018256,0.502374,-0.246094,-0.238555,-0.510865,0.033266,-0.05132,-0.182281,-0.259782,-0.346675,0.256237,-0.054741,-0.248654,0.43426,-0.096832,-0.373449,-0.697097,-0.008603,0.125779,0.163782,-0.334316,0.28295,-0.275729,-0.829103,-0.070944,0.597022,-0.318359,0.39884,-0.013927,0.219785,0.286399,-0.456866,-0.322873,-0.825265,-0.103665,-0.321372,0.392567,-0.363197,-0.456866,0.187464,-0.301704,-0.349071,-0.160746,-0.481671,0.256974,0.117556,0.244638,-0.627429,-0.346675,0.156448,-0.250021,-0.066151,-0.321372,-0.209635,0.252107,-0.605811,-0.062045,-0.321372,-0.198609,-0.321372,-0.671365,-0.264241,-0.321372,-0.163128,-0.346675,0.257632,-0.422628,-0.183226,0.326838,-0.259782,0.379809,-0.574288,-0.356383,-0.618039,-0.514506,0.502856,-0.321372,-0.506742,-0.304966,-0.627429,0.207117,-0.570729,-0.05132,0.101921,0.271935,0.233788,0.016593,-0.209635,0.301026,0.418486,-0.028368,-0.279799,0.292297,-0.246094,0.323692,-0.040929,0.184934,0.47677,0.481164,0.056976,-0.270151,0.748179,-0.699081,0.708081,0.3481,0.070454,0.06573,0.203938,-0.321372,-0.627208,-0.635254,0.394417,-0.390515,0.311188,0.130815,-0.158251,0.432682,0.326717,#
19,-0.271998,0.062706,-0.23816,0.339007,-0.441426,-0.122995,0.158651,0.149609,0.082384,0.0,0.256048,0.103032,0.110858,-0.444321,0.10987,-0.269866,-0.271998,0.242904,-0.177112,1.0,0.36737,0.200689,-0.840076,0.482431,0.566958,-0.129308,-0.486834,-0.016608,-0.237898,0.407997,0.52525,0.17944,0.101999,0.667077,-0.055063,0.0,0.381843,0.309375,-0.077691,0.076731,0.306885,-0.407997,-0.285932,0.197369,0.101999,-0.105064,-0.148775,-0.364111,-0.567696,-0.377522,0.284863,0.389445,-0.261751,-0.214631,-0.10593,-0.170876,0.163367,-0.569206,-0.359882,-0.203453,-0.109655,0.306338,0.318868,-0.331457,-0.342922,-0.755217,0.0,-0.567519,-0.416192,-0.481151,0.309375,-0.251639,-0.271998,-0.255747,-0.149814,-0.455286,0.667179,0.587151,0.110415,0.239105,0.156051,0.433673,0.433673,-0.437488,0.238357,0.393359,-0.141793,-0.141597,0.239105,-0.097541,0.255038,0.379315,0.584017,-0.29431,-0.221325,-0.214616,-0.149814,-0.141597,0.126813,0.667179,-0.143609,0.520149,0.393359,-0.123205,0.408541,0.364989,-0.469019,-0.204054,-0.131117,0.011559,-0.169912,-0.271998,0.424097,0.520149,-0.121453,-0.097541,0.447992,-0.094154,-0.271433,-0.121,0.079716,0.407997,0.035872,0.611995,0.309375,0.650649,0.357555,0.107442,-0.497168,0.419208,0.379315,0.136677,0.036837,0.419208,-0.094154,0.195244,-0.271998,-0.261566,0.136824,-0.094154,-0.227627,-0.094154,0.587151,0.358304,-0.094154,-0.401493,0.379315,0.064167,0.505363,0.126813,0.394192,0.255038,-0.283632,0.011404,0.046655,0.542624,0.263844,-0.315188,-0.094154,0.227146,-0.292512,0.419208,-0.390309,0.368718,0.239105,-0.445387,0.180538,0.198605,0.278604,0.195244,-0.099582,0.47157,0.667179,-0.326372,-0.256433,0.238357,-0.063156,-0.468399,-0.347629,-0.319681,-0.303167,0.087223,0.055362,-0.225288,-0.119471,0.079716,-0.416104,0.667179,-0.000636,-0.320704,-0.094154,-0.320704,-0.279143,-0.305819,0.215611,-0.530834,0.215611,0.495108,-0.086022,-0.239901,#
20,-0.218161,-0.326915,0.123133,0.03474,-0.197803,-0.427484,-0.078414,-0.118195,-0.327241,0.0,-0.064743,0.109158,0.273043,-0.20137,-0.533208,-0.069487,-0.218161,0.542655,-0.252816,0.36737,1.0,0.054174,-0.504964,0.387203,-0.101099,0.119396,-0.462137,0.387203,0.37689,-0.218161,-0.040711,0.094009,0.20342,0.551403,0.068378,0.0,-0.218161,0.249335,-0.428068,0.292144,0.59132,-0.327241,0.174666,0.387585,0.20342,0.286059,-0.755631,-0.469511,-0.71428,-0.020994,0.248818,0.33219,-0.078467,0.030679,0.016889,0.083647,0.298096,-0.139764,0.026488,0.095078,0.337425,-0.234936,0.387946,-0.187159,0.232946,-0.323187,0.0,-0.400396,-0.501851,-0.427534,0.249335,-0.419894,-0.218161,-0.08954,-0.224562,-0.530955,0.560125,0.350515,0.432274,0.11839,0.380641,0.664613,0.664613,-0.201433,0.231271,-0.200124,0.534237,-0.332112,-0.327672,0.044738,-0.480737,-0.208424,-0.056415,-0.533357,-0.070103,0.380641,-0.224562,0.533499,-0.100954,0.560125,-0.059794,0.443678,-0.200124,0.063654,0.358212,0.508605,-0.514924,0.17469,-0.427755,0.266277,0.129315,0.518869,0.37095,0.443678,0.334347,0.025819,0.237948,0.222374,-0.533227,0.485556,0.443678,-0.218161,-0.061778,0.20342,0.249335,0.100548,0.563993,-0.497561,-0.073098,0.217582,-0.208424,0.241202,-0.007909,0.217582,0.222374,0.807953,-0.218161,-0.113402,0.126246,0.222374,-0.076651,0.222374,0.350515,0.287723,0.222374,0.18289,-0.208424,-0.326961,-0.041644,-0.533614,0.346517,-0.480737,-0.076267,0.207682,-0.053951,-0.100954,0.150155,-0.08199,0.222374,0.091861,0.03317,0.217582,-0.511926,-0.229636,-0.327672,-0.178745,-0.049264,0.463027,0.547382,0.807953,0.084538,0.37849,0.109438,0.431589,-0.043977,0.231271,0.527168,0.271999,-0.181505,-0.049,-0.053092,0.268274,0.447855,-0.313691,0.067815,-0.014602,-0.472718,0.560125,0.643018,0.529977,0.222374,-0.171979,0.381699,-0.046546,0.560057,0.117629,0.560057,0.427825,0.415661,-0.090063,#
21,0.316178,0.395095,0.108957,0.042099,-0.388458,0.115509,0.246525,-0.140831,-0.128615,0.0,0.515216,-0.347556,0.245278,0.031956,0.28906,-0.522746,0.316178,0.134453,-0.380678,0.200689,0.054174,1.0,-0.033431,0.041392,-0.210027,-0.309299,-0.196557,0.082294,-0.152055,-0.40728,-0.121058,-0.297928,-0.128615,-0.297818,0.542893,0.0,0.235794,-0.223603,-0.349928,-0.220444,0.081619,-0.088423,-0.102619,0.039377,-0.128615,-0.526608,0.180612,-0.337387,0.212129,-0.085099,-0.463644,0.10548,-0.599697,-0.695354,0.550309,0.0136,-0.329512,-0.078145,0.382641,0.600684,0.589344,0.261647,-0.2021,-0.290622,0.536375,0.087547,0.0,-0.237109,-0.02309,-0.073863,-0.223603,-0.773425,-0.40728,-0.552172,0.109229,-0.220121,-0.297239,0.24549,-0.520196,-0.251453,0.240384,-0.419641,-0.419641,-0.431181,-0.275111,0.615943,-0.24098,0.224025,-0.251453,-0.326095,0.41769,0.093323,-0.192376,0.257473,-0.1368,0.285954,0.109229,0.609363,0.218206,-0.297239,-0.284539,-0.11638,0.615943,-0.395505,0.088043,0.516443,-0.259028,-0.459551,0.079115,-0.010315,0.428087,-0.40728,-0.448738,-0.11638,0.093323,0.086581,-0.001889,0.124019,-0.215618,0.431327,-0.11638,-0.40728,-0.098005,-0.128615,-0.223603,0.137746,0.060572,-0.059595,0.3893,0.003324,0.093323,-0.094116,-0.383988,0.003324,0.124019,-0.181396,0.289383,0.262355,-0.172962,0.124019,0.28347,0.124019,0.24549,-0.377966,0.124019,-0.064801,0.093323,-0.146352,0.342873,-0.175028,-0.435676,0.41769,-0.621115,0.416579,-0.565343,0.218206,0.589332,-0.142557,0.124019,0.564029,0.56056,0.003324,-0.529017,-0.030221,-0.251453,0.435726,0.242056,0.13746,-0.675945,-0.181396,0.557527,0.028802,-0.297239,0.39145,-0.094929,-0.275111,0.111545,0.232671,-0.380185,-0.1568,-0.12896,-0.066382,0.38494,-0.200575,0.538818,-0.5329,-0.017355,-0.297239,0.413785,-0.357274,0.124019,0.306235,-0.141967,-0.594021,0.180478,-0.794851,0.196485,-0.543239,-0.185804,-0.173782,#
