0,1.0,0.235978,-0.220823,-0.217825,-0.408197,0.027768,0.027768,-0.454802,0.0074,0.66821,-0.214579,0.480954,0.503227,0.427628,0.241989,0.308304,0.02243,-0.213948,-0.024461,-0.207508,-0.332968,-0.088012,0.027768,0.20225,0.308304,0.031395,-0.230331,0.357633,0.0074,-0.006369,-0.029701,-0.4753,-0.000588,0.250109,-0.213807,-0.17863,-0.277985,0.181338,0.471704,-0.415072,0.480451,-0.395992,0.043181,0.44276,0.357633,-0.189632,0.12094,0.500918,-0.406809,-0.516046,0.211313,-0.621811,-0.423831,-0.111557,-0.452359,-0.162715,0.229951,0.227989,0.272942,0.223602,0.321292,0.000717,-0.685707,0.41226,0.171639,0.243438,0.52352,-0.17248,-0.370491,-0.611015,-0.277985,0.018913,-0.234125,0.0,0.3874,0.124028,-0.430501,0.204163,-0.190706,-0.010777,0.03328,-0.190706,0.198928,-0.39996,-0.653604,-0.437894,0.398168,-0.218125,0.018498,0.249861,-0.653936,-0.39996,-0.015525,-0.494977,-0.190706,-0.041249,-0.417167,-0.031951,-0.017933,-0.018498,0.334447,-0.428625,-0.190706,-0.212311,0.195011,-0.22609,-0.010777,0.0,-0.242071,-0.053078,0.668982,-0.20773,-0.03047,-0.018498,0.422296,0.580851,-0.004754,-0.604928,-0.132078,-0.041249,0.000863,0.018498,-0.210612,0.0,-0.468761,0.212861,-0.380356,0.253478,-0.467369,0.03328,-0.424249,-0.190706,-0.392064,0.490979,-0.604928,-0.198184,0.00834,-0.499198,0.349911,-0.604928,-0.018498,-0.417167,-0.018498,0.258002,-0.0,0.2,0.357632,0.686194,-0.031951,0.0,-0.063094,0.198608,-0.332968,-0.201832,-0.029477,-0.653591,0.342895,0.106677,0.195011,0.190706,0.258958,0.198608,0.0,-0.363827,-0.503893,0.602299,-0.332968,0.315375,-0.24606,-0.499452,0.030223,-0.483243,0.0,0.303694,0.477385,-0.190706,-0.653604,0.20697,-0.026369,-0.392064,0.178704,0.0,0.044317,-0.014058,0.411165,-0.336027,0.376693,0.489346,-0.602921,-0.011757,-0.822565,0.228951,0.497927,-0.029082,-0.042901,0.336694,-0.34447,-0.223898,-0.014521,0.000863,#
1,0.235978,1.0,-0.265656,-0.536383,-0.561912,0.777158,0.218266,-0.282571,0.372572,0.053829,0.237493,0.339276,0.244402,0.796988,0.210967,-0.508913,0.51869,0.179061,0.511636,-0.049893,0.226184,0.710057,0.218266,-0.216607,-0.508913,0.104504,-0.408611,0.226184,-0.103153,-0.339021,0.16654,0.160534,-0.080238,0.406247,0.046022,0.251109,-0.092633,0.018795,-0.290164,-0.821962,-0.223241,-0.29308,0.349095,-0.350445,0.226184,-0.21334,-0.026068,0.345728,-0.070488,-0.340627,-0.396442,-0.456898,0.085818,0.089841,-0.255039,0.109805,0.083393,-0.061281,0.414031,-0.238791,0.539483,-0.179877,-0.406888,-0.240127,-0.561751,0.249301,0.306267,-0.084735,-0.362969,0.076205,-0.092633,-0.456715,-0.518252,0.086568,0.097493,0.568693,-0.078332,-0.1984,-0.188603,0.375569,-0.196195,-0.188603,-0.072459,-0.069863,-0.037697,-0.069856,-0.111615,0.226413,0.339276,-0.054349,0.425707,-0.069863,-0.346036,-0.290604,-0.205749,0.079944,-0.333426,0.240168,-0.302308,-0.233252,-0.187309,-0.234741,-0.205749,0.661063,0.077846,-0.508913,0.375569,0.0,-0.04696,-0.371149,0.426094,-0.086192,-0.518928,-0.233252,-0.085426,0.186285,-0.762981,-0.641428,-0.327275,-0.148157,0.116664,0.339276,-0.40606,0.0,-0.240821,-0.446364,-0.320331,-0.161181,-0.343689,-0.196195,-0.534156,-0.205749,-0.493488,-0.433455,-0.641428,0.661063,0.296795,-0.196195,0.341134,-0.641428,-0.212047,-0.333426,-0.212047,-0.23102,-0.078332,0.091705,0.226184,0.509062,0.240168,0.0,0.204212,0.033885,0.226184,0.425707,0.212394,-0.51869,0.399444,0.781951,0.05891,0.215274,0.363664,0.052946,0.0,-0.170031,0.416386,0.664409,0.226184,0.779966,-0.082959,0.318071,0.410155,-0.7668,0.0,-0.22345,0.292486,-0.205749,-0.037697,0.446386,0.363848,-0.493488,0.664409,-0.353486,0.070999,0.269429,0.381761,0.222555,0.373311,-0.323338,-0.619759,0.823712,-0.511113,0.459738,-0.279766,0.244899,-0.018088,0.78551,-0.095652,0.078482,-0.078332,0.098868,#
2,-0.220823,-0.265656,1.0,-0.21015,0.384661,-0.055301,0.476499,-0.086477,-0.471592,0.181695,-0.575114,-0.497396,-0.573652,-0.043371,0.566091,-0.331597,0.364042,0.347932,0.01827,0.688827,-0.331597,0.083472,0.476499,0.159992,-0.331597,-0.067219,-0.230648,0.34196,-0.05186,-0.029202,-0.369694,-0.161357,-0.476465,0.617801,-0.197194,-0.195875,-0.204385,-0.293588,-0.49064,0.448656,-0.497267,-0.413096,-0.396255,-0.068492,0.34196,0.254802,-0.598449,-0.400524,0.4789,-0.035605,-0.189364,0.312843,0.061512,0.18522,-0.370216,-0.646982,-0.177143,0.175984,-0.202617,0.234257,-0.331003,0.005118,-0.162009,-0.316272,-0.040005,-0.534084,0.409564,-0.605604,-0.484167,0.635137,-0.204385,-0.067274,-0.193338,0.028556,-0.393772,-0.13548,-0.369456,-0.190968,-0.185207,0.047091,0.531543,-0.185207,-0.30619,0.023472,0.255798,0.051023,0.380593,-0.261398,0.007772,0.623681,-0.193338,0.038587,-0.395881,0.055236,0.224134,-0.377692,-0.401812,-0.449807,0.069804,0.027201,-0.393038,-0.396061,0.224134,-0.161642,-0.640415,-0.226822,0.062486,0.0,0.256605,-0.398058,0.166527,0.638635,-0.393372,0.027201,0.387087,0.223165,0.012207,0.229973,-0.631142,-0.000385,0.028083,0.007772,0.270471,0.0,-0.318204,0.644021,0.428494,0.245342,0.098847,0.531543,-0.071407,0.224134,0.010946,0.463693,0.229973,-0.161642,0.456446,0.012207,-0.397878,0.229973,-0.497396,-0.416998,-0.497396,-0.439107,0.050421,0.122366,0.34196,-0.317519,-0.431102,0.0,-0.537068,0.197352,-0.331597,0.247609,-0.048653,0.705468,0.3464,0.231908,-0.155573,-0.161642,0.000402,-0.290691,0.0,-0.246041,0.150029,0.176578,-0.331597,-0.295466,0.626357,0.027201,-0.055297,0.067354,0.0,0.311862,-0.54094,0.238972,0.239487,-0.293504,-0.027697,0.010946,-0.236563,0.377628,0.776853,-0.022207,-0.04411,-0.070393,-0.026312,-0.050949,-0.204605,-0.365325,0.027095,-0.302283,-0.028339,-0.024202,-0.815439,0.028368,0.288551,0.28512,0.050421,0.452953,#
3,-0.217825,-0.536383,-0.21015,1.0,0.106429,-0.24444,-0.77583,0.297855,0.054758,-0.045603,-0.234839,-0.327096,0.321577,-0.367504,-0.224849,0.536774,-0.533735,-0.179127,-0.528646,0.041553,-0.218064,-0.733271,-0.77583,-0.228203,0.536774,0.320959,0.391368,-0.218064,0.542614,-0.093036,0.415511,-0.034634,0.533921,-0.42799,-0.058222,0.190972,0.076209,-0.01353,0.318957,0.373434,0.25052,0.314936,0.066978,-0.169509,-0.218064,-0.204833,0.054834,-0.340079,-0.364118,0.329462,-0.042315,0.47646,-0.106074,0.400482,0.275419,-0.061839,-0.019074,-0.428167,-0.051176,-0.467479,-0.514167,-0.363206,0.408924,0.259344,0.025574,-0.24397,-0.319214,0.714993,0.380886,-0.091015,0.076209,0.527643,0.065888,0.356098,0.368454,-0.371141,0.105727,0.658639,0.22775,0.071342,-0.32693,0.22775,0.558865,0.521382,0.037897,0.079732,0.115097,-0.214927,0.197097,-0.427566,0.029283,0.097291,0.381274,0.33034,0.220215,0.368454,0.368454,0.33034,0.341975,0.239032,0.208394,0.270537,0.644067,-0.230011,0.435432,0.998788,-0.360621,0.0,0.038414,0.849919,-0.427566,-0.428164,0.55931,0.239032,-0.355585,-0.183361,0.255077,0.658639,0.416771,0.178295,-0.093852,0.197097,-0.032663,0.0,0.257491,-0.016684,-0.101673,-0.531049,0.372153,-0.32693,0.558537,0.220215,0.533672,-0.146531,0.658639,-0.230011,-0.327018,-0.32693,0.421542,0.658639,0.763225,0.794556,0.763225,0.246757,0.105727,-0.029471,-0.218064,-0.433628,-0.1945,0.0,-0.178131,-0.016334,-0.218064,0.029283,0.341282,0.038414,-0.411283,-0.374292,-0.024341,-0.196102,-0.354833,0.446474,0.0,0.230943,-0.40616,-0.64648,-0.218064,-0.258059,0.056876,0.197097,-0.362472,0.768166,0.0,0.258098,-0.209249,0.22775,0.495563,-0.41869,-0.34539,0.533672,-0.64648,-0.071512,-0.53187,-0.210075,-0.34539,-0.195522,0.080979,-0.179724,0.659425,-0.357999,0.533672,0.046057,-0.196011,0.308598,0.094796,-0.325172,0.211962,-0.534425,0.105727,-0.101673,#
4,-0.408197,-0.561912,0.384661,0.106429,1.0,-0.456627,0.07058,-0.039715,-0.265604,-0.136138,-0.39205,-0.612078,-0.426782,-0.703592,-0.042887,0.28537,0.260692,0.023003,0.317595,0.077092,0.28537,-0.30639,0.07058,-0.020245,0.28537,-0.199118,0.408737,-0.408052,0.134499,0.681703,-0.388723,-0.15235,0.15634,0.087694,0.390653,-0.417131,0.495628,0.02787,-0.014357,0.666773,-0.081377,-0.192553,-0.371079,0.050808,-0.408052,0.41087,-0.498737,-0.259199,0.165798,0.597787,-0.078506,0.332827,-0.150154,0.28739,0.368557,-0.071682,-0.519261,0.083582,0.108736,0.345526,-0.271282,-0.076084,0.364629,-0.34732,0.258525,-0.127293,-0.011712,-0.065994,0.08618,0.342721,0.495628,0.15297,0.560455,-0.166587,-0.568624,-0.265925,0.190453,-0.411916,0.014646,-0.681983,-0.106816,0.014646,0.072774,0.159173,0.080109,-0.258121,0.142701,-0.005386,-0.612078,0.063264,0.089044,0.174734,-0.150152,0.108405,0.403713,-0.154778,0.268264,-0.392276,-0.407222,0.408052,-0.280637,0.391708,-0.016803,-0.398681,-0.516904,0.081097,-0.666134,0.0,0.079937,-0.141,-0.389941,0.525865,-0.241177,0.408052,-0.281658,-0.410391,0.427837,0.39847,0.130702,-0.21251,-0.586621,-0.612078,0.368253,0.0,-0.12749,0.336141,0.246213,0.567008,0.062476,-0.106816,0.57513,0.403713,0.167362,0.16368,0.39847,-0.398681,0.387957,0.427837,-0.23055,0.39847,-0.092012,0.25263,-0.092012,-0.116225,-0.241807,-0.055146,-0.408052,-0.377507,-0.373019,0.0,0.116154,-0.106481,0.28537,-0.364907,0.078547,0.524923,-0.250242,-0.313673,-0.517896,0.021835,-0.163877,-0.105482,0.0,-0.248758,-0.117243,-0.41735,0.28537,-0.369162,0.506056,-0.112014,-0.260394,0.300057,0.0,-0.30823,-0.401777,-0.001527,0.063317,0.090737,0.172138,0.167362,0.007975,0.247734,0.263394,0.083543,-0.250287,-0.156242,-0.263859,0.105828,0.412849,-0.637985,0.582997,-0.380062,0.111397,0.076683,-0.231094,-0.665399,0.341019,-0.081636,-0.241807,-0.182794,#
5,0.027768,0.777158,-0.055301,-0.24444,-0.456627,1.0,0.35772,-0.267903,0.617285,0.212333,0.029242,0.268054,0.384892,0.617574,0.478366,-0.666073,0.397265,0.486019,0.391054,0.308084,0.178702,0.339022,0.35772,-0.016747,-0.666072,0.398466,-0.337743,0.178702,0.07058,-0.588418,0.330452,-0.011181,0.09376,0.307435,-0.318596,0.517093,-0.149035,-0.343423,-0.453645,-0.655994,-0.378359,-0.241423,0.326333,-0.283698,0.178702,-0.488794,-0.281874,-0.190017,0.108382,-0.284561,-0.313733,-0.36124,-0.100213,0.155285,-0.189719,-0.239422,-0.272924,-0.229915,0.273047,-0.312184,-0.107303,-0.35774,-0.329443,-0.200351,-0.457808,-0.328085,0.233056,0.12734,-0.559004,0.154115,-0.149035,-0.383678,-0.755106,-0.099484,-0.08683,0.210068,-0.388206,-0.001107,-0.460305,0.616172,-0.347248,-0.460305,-0.242464,0.095341,-0.20277,0.108949,0.060698,0.016969,0.268054,-0.221725,0.329694,-0.378576,-0.596498,-0.233912,-0.014778,-0.106997,-0.582043,0.376053,-0.243189,-0.389896,-0.158609,-0.199998,-0.014778,0.516133,0.231509,-0.232855,0.133457,0.0,0.307852,-0.129356,0.330401,-0.258542,-0.407126,-0.389896,0.10051,0.492382,-0.9986,-0.510236,-0.279443,-0.466107,-0.064763,0.268054,-0.324596,0.0,-0.202391,-0.362632,-0.084078,-0.298636,-0.271831,-0.347248,-0.424887,-0.014778,-0.38708,-0.43197,-0.510236,0.516133,0.219264,-0.347248,0.527978,-0.510236,-0.365528,-0.105877,-0.365528,-0.194948,-0.388206,-0.289813,0.178702,0.364753,-0.210452,0.0,-0.250746,-0.332215,0.178702,0.329694,0.348096,-0.234262,0.569009,0.905065,-0.304044,0.003831,0.474569,0.206874,0.0,-0.140098,0.577452,0.501968,0.178702,0.441627,0.286011,0.243685,0.150267,-0.645713,0.0,-0.191661,-0.167288,-0.480009,0.308668,0.334586,0.61112,-0.38708,0.501968,-0.099892,-0.139974,-0.175555,0.631705,-0.100829,0.123447,-0.258981,-0.488823,0.633759,-0.407334,0.344594,-0.200336,0.384583,-0.342337,0.608217,-0.053553,0.236448,-0.388206,0.397666,#
6,0.027768,0.218266,0.476499,-0.77583,0.07058,0.35772,1.0,-0.267903,0.110355,0.212333,0.029242,0.268054,-0.254388,0.09376,0.478366,-0.666073,0.397265,0.486019,0.391054,0.308084,0.178702,0.339022,1.0,0.497849,-0.666072,-0.118506,-0.31598,0.178702,-0.456627,-0.076243,-0.331395,-0.156532,-0.430055,0.307435,-0.318596,0.006421,-0.149035,-0.343423,-0.453645,-0.128703,-0.378359,-0.241423,-0.140711,0.36107,0.178702,0.013921,-0.281874,-0.190017,0.615411,-0.284561,0.242187,-0.382538,-0.100213,-0.429218,-0.221339,-0.282878,-0.337925,0.330167,-0.148689,0.538768,-0.138302,0.28034,-0.329443,-0.200351,0.206933,-0.328085,0.233056,-0.586765,-0.559004,0.131792,-0.149035,-0.470048,-0.202071,-0.616801,-0.611174,-0.032674,-0.417462,-0.51909,-0.488766,0.084617,0.267917,-0.488766,-0.815559,-0.426526,-0.234058,0.079131,0.060698,-0.012444,-0.365528,0.330401,-0.223341,-0.407569,-0.626039,-0.269792,-0.014778,-0.631341,-0.611174,-0.269792,-0.27932,-0.389896,-0.158609,-0.24837,-0.527079,0.003831,-0.334267,-0.796038,0.103926,0.0,0.307852,-0.67475,0.330401,0.308907,-0.436943,-0.389896,0.617082,0.492382,-0.383434,-0.539013,-0.370832,-0.497503,-0.094304,-0.365528,0.209748,0.0,-0.202391,0.179782,0.418117,0.520407,-0.295994,0.267917,-0.454664,-0.014778,-0.416336,0.256069,-0.539013,0.003831,0.219264,0.267917,-0.359784,-0.539013,-0.999109,-0.63022,-0.999109,-0.194948,-0.417462,-0.375441,0.178702,0.273124,-0.246332,0.0,-0.287065,-0.363855,0.178702,-0.223341,-0.300944,0.307852,0.569009,0.402251,-0.335476,0.003831,0.474569,-0.362638,0.0,-0.188027,0.53068,0.469584,0.178702,-0.170762,0.286011,-0.389896,0.083482,-0.645713,0.0,-0.240042,-0.247834,-0.50847,-0.254516,0.299579,0.577669,-0.416336,0.469584,0.384916,0.372091,-0.252592,0.598255,-0.132799,-0.416788,0.363136,-0.523501,0.086112,-0.436591,-0.268326,0.387748,-0.266704,-0.409895,0.045676,-0.200116,0.775161,-0.417462,0.397666,#
7,-0.454802,-0.282571,-0.086477,0.297855,-0.039715,-0.267903,-0.267903,1.0,-0.388899,-0.366855,0.166574,-0.216545,-0.180354,-0.381894,-0.564042,0.188784,-0.233651,0.084835,-0.600153,0.224395,0.188784,-0.128746,-0.267903,-0.490172,0.188784,-0.638806,-0.297812,0.188784,-0.455537,-0.166324,0.543605,0.856009,-0.381894,-0.380209,-0.321648,0.098888,-0.323088,-0.294397,-0.140189,0.328979,-0.206294,0.767579,0.644654,-0.012205,0.188784,0.500124,0.520325,-0.229075,0.554487,0.238678,0.356115,0.708313,0.0,0.021344,-0.011638,0.327033,0.387076,-0.708216,0.027724,0.182421,-0.102687,-0.232923,0.719169,-0.093885,0.208082,-0.182569,-0.601469,0.40792,0.610995,-0.007923,-0.323088,0.035199,0.370764,0.394421,0.462194,-0.245702,0.231519,0.115754,0.566065,0.161102,0.283031,0.566065,-0.232703,0.559865,0.296542,0.156002,-0.00861,-0.385876,0.283175,-0.244634,0.298065,0.624656,0.066016,0.484395,0.435118,0.393267,0.462194,0.484395,0.479707,0.199889,-0.049908,-0.054047,0.435118,0.498722,0.372281,0.300655,0.227094,0.0,0.22385,0.392725,-0.244634,-0.346573,0.226557,0.199889,-0.357902,-0.425211,0.283031,0.433513,-0.044447,0.62567,0.462109,0.283175,0.297908,0.0,0.773061,0.111987,0.396094,-0.188631,0.949394,0.283031,0.061845,0.435118,0.627639,-0.206961,0.433513,0.117105,-0.536499,0.283031,-0.333242,0.433513,0.283175,0.397096,0.283175,-0.177091,0.231519,0.130573,0.188784,-0.692584,0.564578,0.0,-0.132249,0.188826,0.188784,0.298065,0.279657,0.22385,-0.321107,-0.327841,0.36815,0.117105,-0.338164,0.192984,0.0,0.829134,-0.180761,-0.460623,0.188784,-0.021019,-0.369289,0.199889,-0.285323,0.428927,0.0,-0.100485,-0.074115,0.498722,0.226622,-0.252639,-0.426532,0.627639,-0.460623,-0.206667,-0.244731,0.312414,-0.356176,0.753106,0.037598,-0.13662,0.501895,0.235875,0.558415,-0.686747,-0.165656,0.238712,0.303279,-0.28922,0.495145,0.293262,0.623793,0.326195,#
8,0.0074,0.372572,-0.471592,0.054758,-0.265604,0.617285,0.110355,-0.388899,1.0,-0.083302,0.424054,0.428055,0.602525,0.172241,-0.010769,-0.408052,-0.143551,-0.078868,0.232694,-0.370347,0.28537,0.026905,0.110355,0.402154,-0.408052,0.650235,0.337969,-0.408052,0.150503,-0.143551,0.013698,-0.271659,0.569769,-0.348513,-0.092409,0.405102,0.317369,-0.008297,-0.167167,-0.599033,-0.102599,-0.085639,0.012288,0.029638,-0.408052,-0.811201,-0.05164,0.021554,-0.265166,0.090078,-0.078506,-0.59371,-0.18345,-0.192391,0.392515,-0.050418,-0.535678,0.083582,0.00222,-0.461459,-0.222349,-0.076084,-0.106423,0.32498,-0.083814,-0.021089,-0.011712,0.343911,-0.11413,-0.133691,0.317369,0.13661,-0.347447,-0.591219,-0.17869,0.117254,-0.241807,-0.02671,-0.398681,0.142177,-0.611766,-0.398681,0.054681,-0.269194,-0.35649,0.157961,-0.304768,0.412482,-0.112014,-0.389941,0.089044,-0.658203,-0.16694,-0.421727,-0.421145,-0.17869,-0.154778,0.078954,-0.436879,-0.612078,0.39099,0.352002,-0.437318,-0.001527,0.342453,0.063317,-0.254054,0.0,0.071883,0.214848,0.063264,-0.370559,0.157961,-0.612078,0.142364,0.346729,-0.611766,-0.428269,0.560603,-0.653588,-0.16694,-0.112014,-0.542705,0.0,-0.181628,-0.588574,-0.166007,-0.293536,-0.453199,-0.611766,0.142701,-0.421145,-0.257509,-0.514807,-0.428269,-0.001527,-0.12179,-0.077113,0.46494,-0.428269,-0.112014,0.236076,-0.112014,0.514382,-0.674067,-0.47686,-0.408052,0.525039,-0.40247,0.0,0.086342,-0.573956,0.28537,-0.364907,0.04895,-0.373104,0.083044,0.299069,-0.543697,-0.405869,0.292829,0.318044,0.0,-0.2881,0.535421,-0.028832,0.28537,-0.085604,0.03652,-0.112014,0.161297,-0.296065,0.0,-0.347942,0.106802,-0.819197,0.063317,0.521762,0.573442,-0.257509,0.396493,0.247734,-0.562237,-0.390717,0.573442,-0.418665,-0.263859,0.07579,-0.00208,0.155301,-0.257509,0.519157,0.111397,0.076683,0.195476,0.078538,-0.260507,-0.089639,-0.674067,-0.190255,#
9,0.66821,0.053829,0.181695,-0.045603,-0.136138,0.212333,0.212333,-0.366855,-0.083302,1.0,-0.634638,0.351624,0.217332,0.365973,0.652358,0.205829,0.071126,0.271226,0.057963,0.42262,-0.508854,-0.412349,0.212333,0.216737,0.205829,0.084673,-0.480613,0.234416,0.327721,-0.378867,0.265612,-0.468264,-0.112628,0.421985,-0.4259,-0.21216,-0.191821,-0.468402,0.322549,0.057923,0.32966,-0.334307,0.079025,0.181011,0.234416,-0.215576,-0.396809,-0.265673,-0.067444,-0.374508,0.058753,-0.380537,-0.354087,0.063002,-0.319722,-0.284548,0.128607,-0.050736,0.294948,0.330493,-0.248823,-0.236856,-0.441332,-0.105101,-0.034304,-0.451128,0.318041,-0.160809,-0.76147,-0.462464,-0.191821,-0.094696,-0.5315,0.084029,0.094831,-0.469868,-0.539368,0.212875,-0.641637,0.357759,-0.189804,-0.641637,-0.081453,-0.109492,-0.522406,-0.093033,0.789788,-0.685596,-0.205828,-0.043742,-0.5315,-0.526465,-0.353882,-0.33366,0.201102,0.077087,-0.802219,0.203013,0.226195,0.308743,-0.223282,-0.286458,0.201102,-0.215934,0.039994,-0.072421,-0.066955,0.0,0.422371,0.055984,0.442042,-0.075924,-0.093033,0.308743,0.371623,0.662798,-0.211846,-0.235078,-0.421219,-0.148104,-0.335888,-0.205828,0.048503,0.0,-0.279454,0.519565,-0.352882,0.326168,-0.250698,-0.189804,-0.580602,0.201102,-0.538378,0.691104,-0.235078,-0.215934,0.308669,-0.762892,0.478891,-0.235078,-0.227269,-0.383267,-0.227269,-0.269021,-0.076034,0.02492,0.234416,0.446505,-0.313019,0.0,-0.356674,0.041115,-0.508854,-0.044915,0.174489,-0.054604,0.771251,0.33418,0.066585,0.217475,0.114521,0.014347,0.0,-0.219605,-0.340928,0.660617,-0.508854,0.174767,0.402632,-0.227269,-0.533366,-0.377503,0.0,0.491489,-0.328446,-0.208229,-0.072421,-0.060891,0.341858,-0.538378,0.204717,0.095624,0.053965,-0.324303,0.35997,-0.492036,0.325843,0.211268,-0.674058,-0.081543,-0.556198,-0.062712,0.226017,0.172946,-0.548909,0.320024,-0.229637,0.059409,-0.076034,0.538821,#
10,-0.214579,0.237493,-0.575114,-0.234839,-0.39205,0.029242,0.029242,0.166574,0.424054,-0.634638,1.0,0.5,0.019404,0.015899,-0.590332,-0.333333,-0.396706,-0.312147,-0.057138,-0.654504,0.333333,0.431622,0.029242,0.21867,-0.333333,0.016319,0.214681,-0.333333,-0.39205,0.007485,-0.106396,0.344121,0.015899,-0.654226,0.180866,0.209252,0.174741,0.25704,-0.073457,-0.400115,-0.010201,0.499408,0.061429,0.061059,-0.333333,-0.206297,0.642619,0.354441,-0.023084,0.029242,0.227793,-0.268917,0.391657,-0.674819,0.399252,0.574415,0.145342,0.229499,-0.38829,-0.206628,0.342484,0.522918,0.218052,0.284398,0.04918,0.511992,-0.48795,0.051232,0.524,-0.184973,0.174741,-0.034079,0.218218,-0.408248,-0.011494,0.287348,0.392493,-0.204387,0.190915,-0.011652,-0.014278,0.190915,-0.201008,-0.400399,0.209876,0.400028,-0.822449,0.626722,0.0,-0.217859,0.218218,-0.01144,0.396315,-0.014158,-0.595205,-0.011494,0.402299,-0.014158,-0.028513,-0.5,0.361599,0.362646,-0.595205,0.190915,0.210843,-0.209877,0.384528,0.0,-0.226491,-0.023911,-0.217859,-0.206682,0.400028,-0.5,0.0,-0.263552,-0.014278,-0.204387,0.540914,0.024777,0.396315,0.0,-0.235648,0.0,0.411291,-0.667261,0.0,-0.258544,-0.047671,-0.014278,0.023499,-0.595205,-0.0,-0.495066,-0.204387,0.190915,-0.49988,0.499745,-0.350295,-0.204387,0.0,0.011494,0.0,0.394737,-0.023088,-0.20272,-0.333333,0.180775,0.467205,0.0,0.501589,-0.224719,0.333333,-0.218218,-0.483744,-0.226491,-0.358699,-0.264535,0.186038,-0.213375,-0.025828,-0.19975,0.0,0.302588,0.479839,-0.230014,0.333333,-0.120819,-0.652051,0.0,0.395285,-0.031174,0.0,-0.343622,0.476731,-0.213375,-0.209877,0.207197,-0.026398,-0.0,0.1789,-0.027328,-0.389671,-0.015199,-0.026398,0.302756,-0.401256,-0.0,0.205248,0.368628,-0.0,0.213395,-0.03315,-0.48374,0.813044,-0.049326,-0.34699,0.200063,-0.023088,-0.419627,#
11,0.480954,0.339276,-0.497396,-0.327096,-0.612078,0.268054,0.268054,-0.216545,0.428055,0.351624,0.5,1.0,0.261951,0.421325,0.011807,-0.166667,-0.407934,-0.082144,0.004081,-0.327252,-0.166667,0.050189,0.268054,0.515436,-0.166667,0.122393,-0.266205,-0.166667,-0.092012,-0.407934,0.16443,-0.114706,-0.095394,-0.327113,-0.245462,0.003875,0.021843,-0.217154,0.278086,-0.408117,0.362151,0.229458,0.153574,0.269679,-0.166667,-0.499874,0.32131,0.124054,-0.111575,-0.365528,0.333253,-0.756329,0.081595,-0.747427,0.14972,0.385801,0.312057,0.225249,-0.138675,0.116228,0.128431,0.367979,-0.218052,0.219762,0.016394,0.113776,-0.243975,-0.115271,-0.218333,-0.744298,0.021843,-0.136319,-0.327327,-0.408248,0.08046,-0.191565,-0.121211,-0.017032,-0.499748,0.378701,-0.249873,-0.499748,-0.326637,-0.612038,-0.32716,0.388262,-0.111618,-0.005803,-0.25,-0.326789,-0.327327,-0.612038,0.087422,-0.396416,-0.499748,0.08046,-0.408046,0.205287,0.21385,-0.25,0.1808,0.14315,-0.499748,-0.022461,0.291459,-0.32716,0.378701,0.0,0.207617,0.041845,0.217859,-0.327246,0.388262,-0.25,0.407661,0.414153,-0.249873,-0.499613,0.198335,-0.142465,0.087422,-0.25,-0.235648,0.0,0.185744,-0.226617,-0.407971,0.058172,-0.343231,-0.249873,-0.610962,-0.499748,-0.611828,0.175669,-0.499613,-0.022461,-0.24994,-0.249873,0.116765,-0.499613,-0.25,-0.408046,-0.25,0.177632,-0.121211,-0.219614,-0.166667,0.723102,0.205287,0.0,0.222132,-0.230961,-0.166667,-0.327327,-0.391263,-0.327154,0.428125,0.046294,0.291459,-0.022461,0.083943,-0.230961,0.0,0.11347,0.203009,0.453639,-0.166667,0.040273,-0.326025,-0.25,-0.131761,-0.452022,0.0,0.133631,0.198638,-0.499748,-0.32716,0.186478,0.362975,-0.611828,0.453639,0.081984,-0.418535,-0.387567,0.362975,-0.19553,-0.125392,0.231036,-0.499438,0.343205,-0.611828,0.192055,0.207185,-0.393038,0.373201,0.289792,-0.679522,0.300094,-0.121211,0.087422,#
12,0.503227,0.244402,-0.573652,0.321577,-0.426782,0.384892,-0.254388,-0.180354,0.602525,0.217332,0.019404,0.261951,1.0,0.120778,-0.010844,0.174634,-0.102683,-0.063756,-0.133359,-0.242261,0.174634,-0.290206,-0.254388,-0.026367,0.174634,0.388689,0.190619,0.174634,0.097963,-0.102683,0.335384,-0.291572,0.602813,-0.229284,-0.331898,0.504978,-0.251753,0.202598,0.258393,-0.621255,0.261883,-0.0715,0.327786,0.340427,0.174634,-0.476966,0.267817,0.244839,-0.426574,-0.254388,0.226241,-0.352215,-0.622219,0.162432,-0.185928,-0.230402,-0.263935,-0.235192,0.279846,-0.273389,-0.104903,-0.361143,-0.342713,0.620067,0.229347,0.048201,0.227234,0.635221,0.019769,-0.43788,-0.251753,0.122998,-0.207478,-0.087137,0.427552,0.200725,-0.378105,0.504768,0.042057,0.092701,-0.350475,0.042057,0.32275,0.102998,-0.747165,-0.417096,0.069078,0.007206,0.261951,-0.22703,-0.207478,-0.368706,-0.072377,-0.227462,-0.004794,-0.094343,-0.065348,0.379653,-0.236521,-0.368672,0.660041,-0.194435,-0.004794,0.013728,0.778761,0.322438,-0.387761,0.0,-0.249282,0.406207,0.322517,-0.785872,0.117116,-0.368672,0.088175,0.480464,-0.350475,-0.497718,0.341463,-0.363933,-0.072377,0.261951,-0.316222,0.0,-0.229378,-0.353732,-0.091601,-0.323077,-0.264734,-0.350475,0.098715,-0.004794,0.127005,-0.304918,-0.497718,0.013728,-0.404719,-0.350475,0.72099,-0.497718,0.261951,0.408594,0.261951,0.607899,-0.378105,-0.281248,0.174634,0.357788,-0.204112,0.0,-0.243874,-0.323639,0.174634,-0.207478,0.351992,-0.788863,-0.062417,0.177344,-0.295766,0.013728,0.463332,0.757983,0.0,-0.135408,-0.257476,-0.005455,0.174634,0.213075,-0.291002,-0.368672,0.13806,-0.25224,0.0,-0.186321,0.416267,-0.467852,-0.238115,0.327261,0.084517,0.127005,-0.005455,-0.107114,-0.601806,-0.207323,0.61723,-0.347092,0.099757,0.378531,0.021506,0.126283,-0.397144,0.33705,0.408449,0.350228,0.152071,0.055273,-0.121194,-0.325357,-0.378105,-0.121004,#
13,0.427628,0.796988,-0.043371,-0.367504,-0.703592,0.617574,0.09376,-0.381894,0.172241,0.365973,0.015899,0.421325,0.120778,1.0,0.404337,-0.408076,0.221587,0.015019,0.207902,0.088517,-0.408076,0.530638,0.09376,0.003601,-0.408076,0.266593,-0.548029,0.280884,0.15634,-0.582291,0.138096,-0.039209,-0.249368,0.51597,-0.086816,0.025506,-0.140994,-0.130774,-0.170012,-0.601667,-0.105912,-0.383486,0.136735,-0.450446,0.280884,-0.403306,-0.157254,0.236118,-0.226697,-0.430055,-0.509319,-0.480329,0.24908,0.022409,-0.32671,-0.047708,0.390933,0.077841,0.216072,-0.351927,0.414611,-0.100537,-0.516557,-0.155587,-0.719628,0.088638,0.387898,-0.322963,-0.580864,-0.003221,-0.140994,-0.195603,-0.801446,0.249895,0.26005,0.315234,-0.249978,0.020581,-0.387992,0.604879,-0.08059,-0.387992,0.067113,-0.238087,0.099909,0.187435,0.147948,-0.013286,0.421326,0.084149,0.083267,-0.238087,-0.155673,-0.386488,-0.404061,0.243603,-0.571453,0.110972,0.1292,-0.115268,-0.250291,-0.318632,0.013749,0.408347,-0.073157,-0.341732,0.604879,0.0,0.091225,-0.17982,0.534438,0.054494,-0.233452,-0.115268,0.172711,0.379516,-0.611802,-0.394642,-0.463255,0.112071,0.277987,0.421326,-0.526691,0.0,-0.3162,-0.103486,-0.56524,-0.268628,-0.32803,-0.08059,-0.685191,-0.404061,-0.639078,-0.000254,-0.394642,0.408347,0.381486,-0.611802,0.338494,-0.394642,-0.095394,-0.571453,-0.095394,-0.303546,0.1795,0.351316,0.280884,0.589204,0.110972,0.0,0.06995,0.346565,-0.408076,0.534297,0.081435,-0.350897,0.615923,0.700067,0.370517,-0.009463,0.052563,-0.100039,0.0,-0.245354,0.268189,0.818155,-0.408076,0.617253,0.057019,0.401452,0.193777,-0.531818,0.0,0.406103,0.142749,0.013749,0.099909,0.084333,0.150045,-0.639078,0.395567,-0.167497,0.224641,0.130005,0.166834,0.041717,0.583135,-0.428395,-0.798629,0.590732,-0.655597,0.557321,-0.39924,0.110799,-0.212548,0.98599,-0.197226,-0.076339,0.1795,0.261308,#
14,0.241989,0.210967,0.566091,-0.224849,-0.042887,0.478366,0.478366,-0.564042,-0.010769,0.652358,-0.590332,0.011807,-0.010844,0.404337,1.0,-0.333209,0.392788,0.644623,0.377585,0.650609,-0.333209,-0.024097,0.478366,0.184657,-0.333209,0.405256,-0.253399,0.348952,0.382836,-0.403157,-0.024134,-0.572418,-0.018646,0.649914,-0.202628,0.206612,-0.281268,-0.264619,-0.063518,-0.028596,0.001365,-0.518133,-0.302196,-0.070809,0.348952,-0.18686,-0.622149,-0.414569,0.019805,-0.558925,-0.213631,-0.188516,0.002569,0.204058,-0.464704,-0.588102,-0.201142,0.216166,-0.063308,0.054484,-0.306927,-0.00747,-0.667643,-0.272897,-0.238842,-0.501652,0.487769,-0.358487,-0.868427,0.173119,-0.281268,-0.456285,-0.65441,0.003213,-0.392378,-0.085192,-0.412701,0.194301,-0.585437,0.414101,0.026411,-0.585437,-0.257495,-0.014317,-0.216795,-0.003519,0.390449,-0.228562,0.011807,0.222216,-0.225007,-0.397008,-0.410113,-0.006352,0.188015,-0.408663,-0.815789,-0.006352,0.007855,-0.007871,-0.35008,-0.415393,0.188015,-0.187662,-0.221698,-0.241089,0.024305,0.0,0.212541,-0.412742,0.222216,0.193048,-0.420253,-0.007871,0.414871,0.621049,-0.499559,-0.216824,-0.616781,-0.467653,-0.386258,0.011807,0.217598,0.0,-0.432233,0.204434,0.00367,0.071022,-0.471204,0.026411,-0.458513,0.188015,-0.411792,0.366919,-0.216824,0.203042,0.483956,-0.499559,0.322797,-0.216824,-0.499814,-0.431281,-0.499814,-0.415924,0.012539,-0.275513,0.348952,0.183554,-0.479958,0.0,-0.533889,-0.227387,-0.333209,0.221572,-0.039196,0.212541,0.6797,0.6334,-0.197293,0.203042,0.478361,-0.251954,0.0,-0.329864,0.141487,0.593631,-0.333209,0.101121,0.631279,-0.007871,-0.013482,-0.412963,0.0,0.306229,-0.492815,-0.187662,0.196194,-0.241477,0.385436,-0.411792,0.175213,-0.013551,0.356583,-0.474573,0.402059,-0.551272,-0.002961,-0.020004,-0.621548,-0.0007,-0.428148,0.188009,0.007828,-0.011185,-0.830157,0.400288,-0.303617,0.231876,-0.389077,0.416535,#
15,0.308304,-0.508913,-0.331597,0.536774,0.28537,-0.666073,-0.666073,0.188784,-0.408052,0.205829,-0.333333,-0.166667,0.174634,-0.408076,-0.333209,1.0,-0.271956,-0.328576,-0.269363,-0.218168,-0.111111,-0.652451,-0.666073,-0.333211,1.0,-0.271984,0.208956,-0.111111,0.28537,0.376746,0.222464,-0.076471,0.280884,-0.218075,0.209575,-0.333253,0.08737,0.239313,0.78004,0.421455,0.683496,0.175468,0.102382,0.196747,-0.111111,0.32796,0.214206,0.141777,-0.407825,0.178702,0.222169,0.25211,-0.271984,0.270497,0.099813,0.27149,0.265035,-0.218165,0.277351,0.206628,0.065235,-0.174306,0.218052,0.146508,0.311475,0.233873,-0.16265,0.392775,0.388149,-0.496199,0.08737,0.306719,0.509175,0.408248,0.417625,-0.287348,0.28475,0.348215,0.340652,-0.407832,-0.166582,0.340652,0.53602,0.278373,-0.218107,-0.407871,0.297648,-0.332704,-0.166667,-0.217859,-0.218218,0.278373,0.427398,0.18405,0.340652,0.417625,0.417625,0.18405,0.190089,0.666667,0.120533,0.159055,0.340652,-0.333165,0.235648,0.522634,-0.407832,0.0,-0.218103,0.446346,-0.217859,-0.218164,0.29806,0.666667,-0.407661,-0.330486,0.690124,0.348215,0.252426,0.338612,-0.271981,-0.166667,0.235648,0.0,0.145942,0.2476,-0.271981,0.189599,0.200218,-0.166582,0.297648,0.340652,0.28475,0.303428,0.348215,-0.333165,-0.166627,-0.166582,0.229205,0.348215,0.666667,0.417625,0.666667,0.140351,0.28475,0.247771,-0.111111,-0.180775,0.18405,0.0,0.195859,0.241365,-0.111111,-0.218218,0.189704,-0.218103,-0.389555,-0.608431,0.235648,0.340652,-0.309942,0.241365,0.0,0.138686,-0.910463,-0.315205,-0.111111,0.049223,-0.21735,-0.166667,-0.395285,0.426044,0.0,0.152721,0.158911,0.340652,-0.218107,-0.197989,-0.395973,0.28475,-0.315205,-0.264172,-0.25497,0.146921,-0.395973,-0.067279,0.250785,0.202157,0.351203,-0.385576,0.28475,-0.203911,0.165748,0.141091,0.271015,-0.402832,0.077109,-0.508492,0.28475,-0.271981,#
16,0.02243,0.51869,0.364042,-0.533735,0.260692,0.397265,0.397265,-0.233651,-0.143551,0.071126,-0.396706,-0.407934,-0.102683,0.221587,0.392788,-0.271956,1.0,0.421172,0.676279,0.337285,0.426646,0.490991,0.397265,-0.406381,-0.271956,-0.238189,-0.268223,0.376746,-0.175292,0.212841,-0.143275,0.036061,-0.149113,0.78961,0.147434,-0.001218,-0.109866,0.054335,-0.402393,-0.261632,-0.407827,-0.597991,0.112652,-0.162094,0.376746,0.402426,-0.454443,0.137425,0.260852,-0.095942,-0.359258,0.0195,-0.236968,0.538032,-0.439296,-0.289094,-0.335517,-0.088626,0.570892,0.236052,0.309817,-0.365746,-0.330015,-0.510314,-0.205776,0.004684,0.595328,-0.235066,-0.409647,0.512211,-0.109866,-0.489003,-0.076768,0.14362,-0.26318,0.472463,-0.142916,-0.417477,0.001597,-0.16615,0.092446,0.001597,-0.111712,0.249778,-0.084738,-0.57031,0.236041,0.012683,0.078593,0.345417,0.364241,0.249778,-0.6657,-0.083611,0.410124,-0.247694,-0.232208,-0.083611,-0.610389,0.097305,-0.410627,-0.399304,-0.013533,0.410124,-0.342276,-0.533839,-0.16615,0.0,-0.0761,-0.66329,0.345417,0.352333,-0.998307,0.097305,-0.175722,0.025269,-0.407726,-0.402178,-0.604883,-0.253328,-0.257381,0.078593,0.108893,0.0,-0.491869,0.078309,0.182348,0.36827,-0.1879,0.092446,-0.159705,0.410124,-0.15847,-0.150255,-0.402178,0.410124,0.620741,0.130921,0.08905,-0.402178,-0.407934,-0.232208,-0.407934,-0.445358,-0.174023,0.115827,0.376746,0.012178,-0.083611,0.0,-0.082704,0.067468,0.426646,0.331573,0.404681,-0.0761,0.262511,0.66312,-0.358986,0.410124,0.451612,0.084288,0.0,-0.373987,0.117142,0.441319,0.426646,0.577668,0.35238,0.097305,0.29883,-0.611577,0.0,-0.426383,-0.028547,-0.013533,-0.084738,0.412843,0.315158,-0.15847,0.471927,-0.217029,0.573941,0.451751,0.29935,0.182802,0.269368,-0.091005,-0.384789,0.289334,-0.142916,-0.051858,-0.029775,0.436985,-0.520872,0.28226,0.364045,0.119985,-0.174023,0.166643,#
17,-0.213948,0.179061,0.347932,-0.179127,0.023003,0.486019,0.486019,0.084835,-0.078868,0.271226,-0.312147,-0.082144,-0.063756,0.015019,0.644623,-0.328576,0.421172,1.0,0.308431,0.771065,0.246432,-0.035455,0.486019,-0.234795,-0.328576,-0.037534,-0.33365,0.383339,0.005915,-0.442692,0.405208,0.03769,-0.086197,0.287281,-0.29502,0.537309,-0.462912,-0.404084,-0.141369,0.066392,-0.090503,0.116418,0.206888,0.000836,0.383339,0.237245,-0.22033,-0.637621,0.487968,-0.471607,0.152467,0.249892,-0.012065,0.186646,-0.39048,-0.214796,-0.181893,-0.282081,-0.018226,0.289606,-0.371757,-0.089091,-0.1784,-0.473604,0.001347,-0.576337,-0.064131,0.071542,-0.401739,0.150498,-0.462912,-0.800642,-0.268879,0.083838,-0.362567,-0.157359,-0.064482,0.18095,-0.204795,0.455613,0.056299,-0.204795,-0.643951,0.460465,-0.152119,0.019329,0.14284,-0.299355,0.041072,-0.151588,0.215103,0.045107,-0.478748,0.490774,0.651286,-0.345571,-0.447543,0.490774,0.065582,0.061608,-0.415845,-0.33552,0.30258,0.24354,0.154856,-0.19674,0.032544,0.0,0.314216,-0.367301,-0.151588,-0.167654,-0.450374,0.061608,0.025608,0.249482,-0.492613,-0.11939,-0.565778,-0.387713,-0.356189,0.041072,0.64999,0.0,0.212519,-0.057914,0.428958,0.026547,0.029761,0.056299,-0.413076,0.651286,0.015172,-0.048538,-0.11939,0.55719,0.072463,-0.049261,0.155596,-0.11939,-0.492864,-0.030214,-0.492864,-0.560957,0.020862,-0.582831,0.383339,-0.314812,-0.02326,0.0,-0.546228,-0.523015,0.246432,0.30473,0.10986,0.314216,0.395401,0.509568,-0.18542,0.55719,0.589821,-0.180491,0.0,0.33866,0.197079,0.224632,0.246432,0.172026,0.351367,0.061608,-0.080093,-0.353383,0.0,-0.213267,-0.566524,-0.105165,0.296124,-0.256435,0.388153,0.015172,0.140658,-0.365909,0.008299,-0.392023,0.370806,-0.062174,-0.286347,-0.033212,-0.221427,0.361278,0.032241,-0.306175,-0.024507,0.111758,-0.523345,0.058752,-0.118763,0.667629,-0.301548,0.532368,#
18,-0.024461,0.511636,0.01827,-0.528646,0.317595,0.391054,0.391054,-0.600153,0.232694,0.057963,-0.057138,0.004081,-0.133359,0.207902,0.377585,-0.269363,0.676279,0.308431,1.0,-0.054168,0.438055,0.385495,0.391054,-0.046025,-0.269363,0.136535,0.09722,-0.269363,0.215714,0.24738,-0.269932,-0.264971,0.224773,0.432551,0.550248,-0.051304,0.425757,0.134495,-0.055933,-0.235018,-0.004247,-0.483552,-0.228144,-0.236573,-0.269363,0.034067,-0.509259,0.065964,-0.106838,-0.022676,-0.410369,-0.366297,0.11056,0.170476,0.145225,0.115817,-0.411944,0.300211,0.310151,0.090866,0.283946,0.050904,-0.289404,-0.551228,-0.322084,0.203231,0.250923,-0.241707,-0.415835,0.218497,0.425757,-0.513792,-0.065905,-0.226599,-0.659475,0.288495,0.21352,-0.492338,-0.378678,-0.220185,-0.403839,-0.378678,-0.084908,-0.115136,-0.057138,-0.212816,-0.124291,0.368136,-0.404045,-0.076257,0.397209,-0.115136,-0.335861,-0.13856,0.050325,-0.220388,-0.220388,-0.13856,-0.672619,0.126519,-0.448848,0.228239,-0.378678,0.050325,-0.414763,-0.52875,-0.220185,0.0,-0.048067,-0.656967,-0.076257,0.4025,-0.662266,0.126519,-0.232732,-0.09947,-0.403839,-0.373702,-0.141581,-0.586694,-0.659354,-0.404045,0.05902,0.0,-0.370697,-0.306136,-0.214076,0.396327,-0.623596,-0.403839,-0.124291,0.050325,-0.547839,-0.186016,-0.373702,0.361995,0.676926,0.141606,0.204069,-0.373702,-0.404045,-0.220388,-0.404045,-0.321345,-0.227465,-0.215664,-0.269363,0.334958,-0.13856,0.0,0.38825,-0.313661,0.438055,-0.065905,-0.020904,-0.048067,0.242826,0.478063,-0.414763,0.361995,0.384968,-0.313661,0.0,-0.444886,0.365759,0.384261,0.438055,0.382312,0.402371,0.126519,0.225856,-0.59823,0.0,-0.474326,-0.112848,-0.378678,-0.057138,0.423151,0.674439,-0.547839,0.818171,-0.211021,0.233604,0.023695,0.22625,-0.218706,-0.092116,-0.148745,-0.371591,0.219029,-0.106854,0.301106,-0.117704,0.011352,-0.201379,0.184001,-0.209591,0.069607,-0.547839,-0.214076,#
19,-0.207508,-0.049893,0.688827,0.041553,0.077092,0.308084,0.308084,0.224395,-0.370347,0.42262,-0.654504,-0.327252,-0.242261,0.088517,0.650609,-0.218168,0.337285,0.771065,-0.054168,1.0,-0.218168,-0.15759,0.308084,-0.233703,-0.218168,-0.112217,-0.550869,0.499853,0.077092,-0.533988,0.395141,0.106438,-0.373167,0.511972,-0.496844,0.197055,-0.483531,-0.636733,-0.322807,0.344219,-0.327167,-0.039027,0.201029,-0.182787,0.499853,0.233758,-0.440504,-0.728836,0.559665,-0.237826,-0.072624,0.458816,-0.059488,0.383924,-0.475902,-0.464175,0.004746,-0.42837,0.066637,0.20992,-0.504251,-0.363111,-0.040828,-0.492017,-0.153066,-0.819606,0.101065,-0.073429,-0.511305,0.335613,-0.483531,-0.369026,-0.428473,0.361904,-0.088467,-0.357889,-0.336078,0.202069,-0.21874,0.546888,0.226535,-0.21874,-0.427571,0.521945,0.068836,0.103714,0.559127,-0.653269,0.211264,0.069118,0.059661,0.103024,-0.534037,0.330888,0.644683,-0.071326,-0.534135,0.330888,0.342532,0.231976,-0.542239,-0.468855,0.644683,0.233441,-0.063399,0.023832,0.12019,0.0,0.539166,-0.094297,0.069118,0.053225,-0.370017,0.231976,0.103508,0.297267,-0.327085,0.219003,-0.768111,0.021348,-0.082085,0.211264,0.435982,0.0,0.087605,0.459046,0.344758,-0.016493,0.352056,0.226535,-0.369506,0.644683,0.069434,0.247813,0.219003,0.233441,0.242883,-0.327085,0.080293,0.219003,-0.327252,-0.113226,-0.327252,-0.686989,0.111516,-0.095732,0.499853,-0.432835,-0.187554,0.0,-0.726754,-0.010136,-0.218168,0.529716,0.341838,0.539166,0.527346,0.481941,-0.018187,0.233441,0.142514,-0.055646,0.0,0.231575,0.028745,0.251332,-0.218168,0.075518,0.575869,0.231976,-0.350412,-0.04933,0.0,0.258748,-0.734635,0.233441,0.520923,-0.418507,0.121381,0.069434,-0.189081,-0.077206,0.292108,-0.168606,0.103885,0.039297,0.115313,-0.215576,-0.241125,0.108576,0.08665,-0.431025,-0.194994,0.343411,-0.805112,0.183694,0.278373,0.44773,0.111516,0.814093,#
20,-0.332968,0.226184,-0.331597,-0.218064,0.28537,0.178702,0.178702,0.188784,0.28537,-0.508854,0.333333,-0.166667,0.174634,-0.408076,-0.333209,-0.111111,0.426646,0.246432,0.438055,-0.218168,1.0,0.217484,0.178702,-0.333211,-0.111111,-0.271984,0.266205,-0.111111,-0.408052,0.426646,0.029017,0.305886,0.280884,-0.218075,0.209576,0.33842,0.08737,0.239313,-0.164403,-0.272078,-0.166623,0.175467,0.307146,0.196747,-0.111111,0.32796,0.214207,0.141776,0.259059,0.178702,0.222169,0.084037,-0.271984,0.099657,0.141402,0.242912,-0.504421,-0.218165,0.27735,0.206628,0.146779,-0.109748,0.218052,-0.112036,0.311475,0.233873,-0.16265,0.392775,0.388149,0.12038,0.08737,-0.374877,0.509175,-0.272166,-0.272031,0.351204,0.28475,-0.333075,0.340652,-0.407832,-0.166582,0.340652,-0.217758,0.278373,-0.218107,-0.407871,-0.407308,0.363653,-0.166667,-0.217859,0.509175,0.278373,-0.271981,0.18405,0.340652,-0.272031,0.417625,0.18405,-0.66531,-0.166667,0.120533,0.159055,-0.333165,0.340652,0.235648,-0.218107,-0.407832,0.0,-0.218103,-0.270996,-0.217859,-0.218164,-0.407871,-0.166667,-0.407661,-0.330486,-0.166582,-0.333075,0.252427,-0.404682,-0.271981,-0.166667,0.235648,0.0,0.145942,-0.50779,0.427398,0.189599,0.009534,-0.166582,0.297648,0.340652,0.28475,-0.654765,-0.333075,0.340652,-0.166627,0.690124,-0.030272,-0.333075,-0.166667,0.417625,-0.166667,0.140351,-0.407885,-0.427966,-0.111111,-0.180775,0.18405,0.0,0.195859,-0.507699,1.0,-0.218218,0.189703,-0.218103,-0.389555,0.052907,-0.508503,0.340652,0.464913,0.241365,0.0,0.138686,0.196857,-0.315205,1.0,0.183466,-0.21735,-0.166667,0.307444,-0.301348,0.0,-0.992685,0.211881,-0.333165,-0.218107,0.538713,0.307979,0.28475,0.366319,-0.264172,-0.25497,0.197583,0.307979,0.269117,-0.376177,0.202157,0.351203,0.29236,0.28475,-0.203911,0.220998,0.19148,0.315443,-0.402832,0.173495,0.241742,-0.407885,-0.271981,#
