0,1.0,0.208449,-0.520739,-0.416594,0.828852,0.174636,0.593659,-0.021254,0.815926,-0.205267,0.231393,0.612078,0.455343,-0.231216,0.412579,0.412579,-0.003119,-0.13361,0.38083,-0.174075,-0.234125,0.184932,0.041695,-0.184555,-0.185647,-0.021254,-0.339575,0.061358,0.051562,-0.332806,-0.648395,0.00196,-0.332806,0.514809,-0.309515,0.017737,0.831017,-0.228841,0.476438,-0.170005,0.403823,-0.802055,0.0196,0.070148,-0.61455,0.270381,0.362437,-0.018518,0.675801,-0.253209,0.362437,-0.21966,0.025706,0.227111,-0.31025,0.075177,-0.692586,0.405468,-0.224286,0.431425,0.029236,-0.279868,-0.449084,0.221747,0.415869,0.504001,0.0,-0.017487,0.454461,-0.122087,-0.228841,-0.576071,0.0,-0.652757,-0.430403,0.039103,-0.268694,-0.04234,-0.8148,-0.228085,-0.19255,-0.628386,-0.216542,-0.470172,-0.271942,-0.258643,-0.820589,-0.411345,0.0,-0.007559,-0.633165,0.0,-0.046291,0.0078,-0.417155,-0.271942,-0.997913,-0.606168,-0.411345,-0.459883,0.362437,-0.653285,-0.8148,-0.499208,-0.046291,-0.499208,-0.823724,-0.112324,-0.459883,-0.22868,-0.135877,-0.332806,-0.433865,-0.228085,-0.462995,-0.332806,-0.499208,-0.591111,-0.430403,-0.823724,-0.653285,-0.603723,-0.065746,-0.448002,-0.228841,-0.065746,-0.499208,0.324366,0.033931,-0.498954,-0.633165,-0.332806,-0.537135,-0.200858,-0.452218,-0.653285,0.0,-0.8148,-0.272835,-0.258643,-0.499208,-0.371788,-0.498954,-0.166713,-0.653285,-0.290579,-0.653285,0.694654,-0.417155,-0.8148,-0.501141,-0.572649,-0.219802,-0.498954,-0.219459,-0.653285,0.667112,0.560265,-0.271942,-0.499208,-0.278446,0.0,-0.715173,-0.065746,-0.005682,0.223249,-0.058604,-0.217123,-0.499208,-0.498954,-0.28871,0.439509,-0.021976,-0.572649,0.269698,-0.433668,0.0,0.672497,0.101168,-0.653617,0.434418,0.223572,0.203273,0.130433,0.811724,-0.407274,0.379497,0.22878,-0.314107,0.827012,-0.462995,0.651859,0.813203,0.082234,0.168533,0.304816,0.651859,-0.628386,-0.570308,0.369206,#
1,0.208449,1.0,0.297607,0.534619,0.525757,0.060039,-0.212373,-0.327169,0.100571,0.023192,-0.511511,0.222699,0.077792,0.216166,0.106359,-0.347262,-0.358406,0.393376,0.094212,-0.424604,0.505286,-0.236626,0.3142,-0.219378,0.07922,-0.327169,0.151567,0.075661,0.321972,-0.218165,-0.425044,0.385464,-0.218165,0.225249,-0.73181,0.193536,0.488647,-0.522937,0.777572,-0.428056,0.792463,-0.525774,0.584258,0.106263,-0.528767,-0.03718,0.208874,0.498592,-0.188893,-0.525558,-0.47605,-0.465529,0.162534,-0.216848,-0.554381,-0.193089,-0.074091,0.191391,-0.527554,0.177703,-0.715501,-0.27166,-0.225264,-0.029883,0.12862,0.207597,0.0,0.330167,0.224164,0.318651,0.188616,-0.649443,0.0,0.166813,-0.106714,-0.349652,0.488328,0.057125,-0.118902,-0.428468,-0.243798,-0.653148,-0.232246,0.048961,-0.24255,-0.25216,-0.387887,-0.118902,0.0,0.219971,-0.534345,0.0,-0.388222,0.756495,-0.534394,-0.24255,-0.248474,0.1828,-0.118902,0.310905,0.208874,0.017734,-0.118902,-0.327248,-0.388222,-0.327248,0.049846,0.332925,0.310905,-0.22219,0.280949,0.490164,-0.379321,-0.428468,0.481564,-0.218165,-0.327248,-0.243798,-0.106714,0.049846,0.017734,-0.248474,-0.109503,-0.1002,0.188616,-0.109503,-0.327248,-0.069864,0.30852,0.188724,-0.534345,0.490164,-0.255173,0.014154,0.132251,0.017734,0.0,-0.118902,0.159711,-0.25216,-0.327248,0.435568,0.188724,-0.500955,0.017734,-0.565601,0.017734,0.290363,-0.534394,-0.118902,-0.263183,0.247917,0.202035,0.188724,0.499045,0.017734,0.391297,0.209795,-0.24255,-0.327248,0.203115,0.0,-0.11168,-0.109503,-0.375304,-0.093061,0.192333,-0.650657,-0.327248,0.188724,-0.603591,0.198183,-0.326543,0.247917,0.181877,0.066113,0.0,0.377369,-0.053962,-0.428468,0.488442,-0.234261,-0.269519,-0.152878,0.32799,-0.719889,0.271704,-0.554874,-0.551052,0.31345,0.481564,-0.086621,0.049597,-0.02525,0.103017,0.071523,-0.086621,-0.653148,-0.271421,-0.218165,#
2,-0.520739,0.297607,1.0,0.615155,-0.423249,-0.187719,-0.505749,-0.34056,-0.436306,0.33981,-0.330994,-0.043649,-0.41083,0.0366,-0.443602,-0.404405,-0.395112,0.772105,-0.284585,0.360509,0.31847,0.056856,0.34889,-0.019765,0.317076,-0.364893,0.607402,-0.470019,0.321695,0.162318,0.360649,-0.238243,0.194144,0.243476,-0.363401,0.26775,-0.469111,-0.254422,0.219107,-0.230566,0.397457,0.406523,0.104482,-0.463467,0.216736,-0.429087,-0.17702,0.571408,-0.383566,-0.184018,-0.17702,-0.267769,-0.423327,-0.061951,-0.14525,-0.331721,0.213632,-0.198404,-0.253103,-0.238368,-0.608386,0.095004,0.365226,-0.346061,-0.372094,-0.278468,0.0,0.368088,-0.280815,0.557895,-0.315906,0.013986,0.0,0.525353,0.435173,0.157671,0.340286,0.080099,0.397398,-0.202106,-0.480504,0.522764,-0.033348,0.596089,0.542926,-0.020789,0.104533,-0.096469,0.0,0.26647,-0.130801,0.0,-0.416095,0.219606,-0.070164,0.503086,0.506008,0.507175,-0.096469,0.376533,-0.17702,0.318623,0.397398,0.267346,-0.416095,0.243476,0.596965,0.499165,0.41713,0.484831,0.481919,0.162318,0.112774,-0.222941,0.575948,0.194144,0.267346,0.007372,0.455471,0.596965,0.297405,-0.015119,0.435322,0.433557,-0.315906,0.435322,0.219606,-0.405601,0.426251,0.243352,-0.130801,0.162318,0.35728,0.361137,0.625839,0.297405,0.0,0.436907,0.562532,-0.020789,0.219606,0.921599,0.267892,-0.277812,0.297405,-0.025757,0.339841,-0.25002,-0.109144,0.436907,-0.256705,0.335545,0.504872,0.267892,0.319818,0.339841,-0.338887,-0.424618,0.503086,0.267346,0.87004,0.0,0.209637,0.435322,-0.367511,-0.305105,0.268171,-0.443208,0.219606,0.267892,-0.15501,-0.293117,0.290589,0.335545,-0.572324,0.634283,0.0,-0.325197,-0.041062,0.318785,0.066701,0.010526,-0.535275,-0.244135,-0.64998,-0.277302,-0.085685,-0.176891,-0.242076,-0.111642,0.575948,-0.335545,-0.394069,-0.44464,-0.536355,-0.329748,-0.335545,0.522764,0.406978,-0.665183,#
3,-0.416594,0.534619,0.615155,1.0,-0.257333,0.111867,-0.810597,-0.085498,-0.65559,0.078047,-0.553204,-0.404101,-0.280844,0.404725,-0.257333,-0.681389,-0.226547,0.749423,-0.237934,0.063539,0.534664,-0.003611,0.0694,0.012648,0.546608,-0.085498,0.204661,0.072228,0.061557,0.280561,0.529149,0.16184,0.280561,-0.095646,-0.57305,-0.124497,-0.290038,-0.394179,0.420748,0.060442,0.241531,0.222578,0.576188,0.112168,-0.146607,-0.033868,-0.301873,0.107478,-0.471363,-0.313953,-0.27721,0.001374,-0.152471,0.169048,-0.256198,0.22589,0.336624,-0.33231,-0.070872,-0.328604,-0.388369,0.115353,0.037137,-0.090314,-0.537785,-0.409196,0.0,0.112622,-0.399316,0.44937,0.270998,-0.026514,0.0,0.809192,0.280149,-0.062047,0.533436,0.178904,0.22867,0.100184,0.005213,0.027767,0.006015,0.579645,0.43988,-0.003471,0.148809,0.244502,0.0,-0.099646,0.048985,0.0,-0.261775,0.401713,0.249902,0.024832,0.393561,0.810623,0.244502,0.231349,-0.301873,0.058568,0.244502,0.401713,-0.245748,-0.114775,0.56973,0.480478,0.654283,0.018431,0.38829,0.255056,-0.252871,-0.367341,0.576269,0.280561,0.420842,-0.010426,0.263882,0.56973,0.075572,-0.008593,0.273004,0.281762,0.270998,0.289494,-0.095646,-0.389179,0.08359,0.402054,0.048985,0.255056,0.109955,0.073945,0.40315,0.075572,0.0,0.656108,0.292312,-0.003471,-0.095646,0.690396,0.402054,-0.381854,0.075572,-0.320433,0.534672,-0.226805,-0.156189,0.656108,0.092081,0.580256,0.44136,0.402054,0.534353,0.534672,-0.108767,-0.518787,0.024832,0.420842,0.485125,0.0,0.32785,0.289494,-0.240936,-0.544201,0.419935,-0.362785,-0.095646,0.402054,-0.319248,-0.407357,-0.065124,0.580256,-0.056383,0.608633,0.0,-0.142292,-0.142073,0.100184,-0.29089,-0.427718,-0.439212,-0.447826,-0.178785,-0.488719,-0.074909,-0.240144,-0.016175,-0.192084,0.576269,-0.561475,-0.283004,-0.408918,-0.044654,-0.195524,-0.561475,0.027767,0.116874,-0.408089,#
4,0.828852,0.525757,-0.423249,-0.257333,1.0,0.072136,0.41938,-0.128063,0.597119,0.072136,-0.056207,0.437717,0.592065,-0.026409,0.189156,0.189156,-0.263792,-0.079426,0.555829,-0.314467,0.066577,0.004037,0.132162,-0.399865,-0.326322,-0.128063,-0.172478,0.229775,0.144624,-0.407888,-0.794674,0.144246,-0.407888,0.414467,-0.241981,0.395022,0.994406,-0.179454,0.414374,-0.311472,0.660806,-0.983002,0.193894,0.23861,-0.521362,-0.011648,0.418329,0.097615,0.380175,-0.254947,-0.217816,-0.505111,0.373614,0.125763,-0.326176,-0.280616,-0.571509,0.429895,-0.115183,0.434043,-0.215761,-0.202326,-0.353225,-0.066225,0.536226,0.507059,0.0,0.077337,0.464207,-0.133844,-0.179454,-0.794556,0.0,-0.459548,-0.213053,-0.192056,0.051092,-0.273629,-0.612966,-0.37039,-0.026893,-0.848712,-0.432211,-0.706909,-0.458421,-0.445842,-0.70761,-0.204624,0.0,0.393906,-0.74292,0.0,-0.277895,0.39473,-0.596247,-0.458421,-0.846246,-0.44552,-0.204624,-0.213053,0.418329,-0.386446,-0.612966,-0.611832,-0.277895,-0.611832,-0.707205,0.005088,-0.213053,-0.444154,0.072483,0.249996,-0.309129,-0.37039,-0.305166,-0.407888,-0.611832,-0.430281,-0.213053,-0.707205,-0.386446,-0.447283,-0.209836,-0.225581,-0.179454,-0.209836,-0.611832,0.276256,0.052057,-0.132449,-0.74292,0.249996,-0.490849,0.068076,-0.403937,-0.386446,0.0,-0.612966,-0.289293,-0.445842,-0.611832,-0.226057,-0.132449,-0.168124,-0.386446,-0.336691,-0.386446,0.788065,-0.596247,-0.612966,-0.457696,-0.490849,-0.045812,-0.132449,0.060595,-0.386446,0.791971,0.624053,-0.458421,-0.611832,-0.295828,0.0,-0.601729,-0.209836,0.128003,0.33235,-0.12859,-0.431656,-0.611832,-0.132449,-0.314708,0.500053,-0.12859,-0.490849,0.430701,-0.305166,0.0,0.795315,0.288316,-0.801076,0.591042,0.024062,-0.02385,0.197252,0.658021,-0.334649,0.560332,-0.352882,-0.601298,0.673501,-0.305166,0.350718,0.575019,0.19773,0.338041,0.511462,0.350718,-0.848712,-0.481202,0.302626,#
5,0.174636,0.060039,-0.187719,0.111867,0.072136,1.0,0.196037,0.75673,0.066558,-0.428365,-0.061237,-0.215822,-0.378697,0.668436,0.072136,0.072136,0.067132,0.027921,0.111243,0.091538,0.066416,0.215364,-0.198395,-0.654253,0.098615,0.193536,-0.291527,0.475432,-0.749895,-0.218165,0.098615,0.389024,0.518497,-0.327248,-0.245819,-0.327169,0.11081,0.098851,0.214776,-0.428056,-0.092456,-0.189394,0.566344,0.451371,-0.157054,-0.000295,0.208874,0.141254,0.110571,-0.525558,0.208874,0.471025,0.243963,0.089546,-0.554381,0.411179,0.433104,0.191391,-0.05518,0.177703,-0.217703,-0.27166,-0.338712,0.418,0.27017,-0.523446,0.0,0.330167,0.382274,-0.437625,0.098851,-0.179531,0.0,0.208736,-0.063546,-0.675495,0.535168,0.08309,-0.534129,0.517501,0.232023,-0.202036,0.222128,0.074677,0.218512,0.632713,0.091502,0.362762,0.0,-0.32706,0.020678,0.0,0.056873,-0.327248,0.350479,0.218512,-0.207428,-0.202297,0.362762,-0.115749,0.208874,-0.42825,-0.07689,-0.327248,0.519773,-0.327248,-0.341664,-0.291603,-0.115749,-0.653117,-0.359201,-0.218165,0.108307,0.035242,0.08309,0.518497,0.225249,-0.653989,-0.063546,-0.341664,-0.42825,0.222128,-0.109503,-0.532097,0.098851,0.366773,-0.327248,-0.353468,0.329434,-0.327081,0.020678,-0.218165,-0.193496,0.064703,0.214707,-0.42825,0.0,-0.07689,-0.445969,0.632713,-0.327248,-0.070228,0.240911,-0.590372,-0.42825,0.228206,0.062858,-0.12202,0.350479,-0.07689,-0.20181,0.309594,-0.191578,0.240911,0.072301,0.062858,0.422762,-0.278256,0.218512,0.225249,0.17822,0.0,0.407247,0.366773,0.117046,0.445522,0.776069,0.262603,-0.327248,0.240911,-0.468406,0.1079,0.257193,0.309594,0.272214,-0.332361,0.0,-0.044557,-0.128231,0.05379,-0.344487,-0.2067,-0.229326,-0.326415,0.369802,-0.119779,0.139319,0.214707,0.308037,-0.07337,0.08309,-0.04319,0.090455,-0.444844,0.251831,0.530057,-0.04319,-0.202036,-0.218753,-0.218165,#
6,0.593659,-0.212373,-0.505749,-0.810597,0.41938,0.196037,1.0,-0.028634,0.816718,-0.212373,0.678966,0.618398,0.017101,-0.211789,0.41938,0.829657,-0.021875,-0.584385,0.388775,-0.181542,-0.206406,0.195934,0.048958,-0.197266,-0.649039,-0.028634,-0.449537,0.072569,0.058867,-0.333136,-0.649039,-0.007245,-0.333136,0.0,0.168702,0.009796,0.426236,0.421781,-0.009426,-0.177612,-0.0,-0.380298,-0.404424,0.083573,-0.185487,0.154127,0.362766,0.138403,0.682733,-0.295533,0.362766,0.173279,0.017676,-0.248511,-0.351627,-0.137675,-0.230312,0.40579,-0.244496,0.431741,0.0,-0.614256,0.06996,0.228793,0.599797,0.50437,0.0,-0.008992,0.563268,-0.272145,-0.221782,-0.158017,0.0,-0.630479,-0.436733,-0.283372,-0.243346,-0.008129,-0.402061,-0.234865,-0.205139,-0.226671,-0.206342,-0.430298,-0.254837,0.165644,-0.415993,-0.417967,0.0,-0.015134,-0.393717,0.0,0.382885,-0.499704,-0.423699,0.162169,-0.594853,-0.998635,-0.417967,-0.011804,0.362766,-0.209752,-0.402061,-0.499704,0.382885,0.0,-0.807597,-0.362412,-0.436733,-0.217802,-0.570398,-0.333136,-0.027732,0.201313,-0.422724,-0.333136,-0.499704,-0.189426,-0.436733,-0.807597,-0.209752,-0.206342,-0.047863,-0.454048,-0.221782,-0.047863,0.0,0.31594,0.043127,-0.49945,-0.393717,-0.333136,-0.531585,-0.208022,-0.406514,-0.209752,0.0,-0.81561,-0.122892,0.165644,0.0,-0.566387,-0.49945,-0.208101,-0.209752,0.414775,-0.653934,0.292252,-0.015693,-0.81561,-0.496316,-0.531585,-0.626351,-0.49945,-0.653921,-0.653934,0.221975,0.556305,0.162169,-0.499704,-0.258276,0.0,-0.252283,-0.047863,-0.024388,0.66054,-0.029331,0.152853,0.0,-0.49945,-0.288996,0.437161,-0.029331,-0.531585,0.283243,-0.845447,0.0,0.263413,-0.052479,-0.218089,0.468464,0.624163,0.210038,0.524679,0.436991,0.084773,0.240611,0.264673,0.092428,0.458221,-0.422724,0.680877,0.440367,0.087319,-0.17633,0.309552,0.680877,-0.226671,-0.038773,0.358762,#
7,-0.021254,-0.327169,-0.34056,-0.085498,-0.128063,0.75673,-0.028634,1.0,-0.131198,-0.327169,-0.243413,-0.499763,-0.124901,0.504014,-0.128063,-0.128063,0.389019,-0.156262,-0.094343,0.270883,-0.326925,0.02182,-0.359099,-0.499694,0.279216,0.350562,-0.029129,0.347771,-0.998115,-0.166627,0.279216,0.253804,0.682842,-0.24994,0.201373,-0.24988,-0.055532,0.051629,-0.249884,-0.326933,-0.408009,-0.013676,0.425846,0.281233,0.200928,-0.150739,0.148863,-0.139615,-0.148754,0.155918,0.148863,0.330328,0.408274,0.227716,0.120623,0.3884,0.344643,0.118536,0.324898,0.096676,0.226549,0.301439,-0.511689,0.312278,0.20461,-0.730052,0.0,0.244104,0.240664,-0.684375,0.051629,0.045851,0.0,0.027319,0.1344,-0.328049,0.261142,-0.071861,-0.407948,0.763579,0.522197,0.021341,0.510855,-0.076988,0.033399,0.521525,0.417459,0.626286,0.0,-0.249797,0.448012,0.0,-0.097518,-0.24994,0.612225,0.033399,0.01552,0.021369,0.626286,-0.407367,0.148863,-0.327082,0.119309,-0.24994,0.436266,-0.24994,-0.082146,-0.434805,-0.407367,-0.498827,-0.16758,-0.166627,0.436266,0.207471,-0.071861,0.682842,0.387162,-0.499493,0.1344,-0.082146,-0.327082,0.510855,-0.406978,-0.406396,0.051629,0.142231,-0.24994,-0.34538,0.219362,-0.249812,0.448012,-0.166627,0.284487,0.241321,0.228196,-0.327082,0.0,0.119309,-0.69033,0.521525,-0.24994,-0.225407,0.405158,0.045016,-0.327082,0.132205,0.239231,-0.242326,0.612225,0.119309,0.276009,0.284487,0.033444,0.405158,0.250117,0.239231,0.347883,-0.389017,0.033399,0.387162,-0.062312,0.0,0.352845,0.142231,0.446365,0.352637,0.423723,0.556162,-0.24994,0.405158,0.217836,0.058402,0.423723,0.284487,0.025001,-0.071861,0.0,-0.223032,0.113075,0.22886,-0.610589,-0.48624,0.010042,-0.500278,0.106072,0.343617,-0.085052,0.228196,0.257567,-0.395923,-0.071861,-0.216187,-0.103259,-0.13445,0.570547,0.459938,-0.216187,0.021341,-0.33304,-0.166627,#
8,0.815926,0.100571,-0.436306,-0.65559,0.597119,0.066558,0.816718,-0.131198,1.0,-0.350263,0.381721,0.831971,0.189244,-0.420073,0.597119,0.597119,0.136124,-0.42802,0.149909,-0.317625,-0.344074,-0.003827,0.154289,-0.003829,-0.329413,-0.131198,-0.262169,-0.170866,0.166854,-0.407997,-0.794887,0.063095,-0.407997,0.407997,-0.215931,-0.091977,0.598241,-0.150159,0.407906,-0.314689,0.258255,-0.552008,-0.214327,-0.159991,-0.495121,0.295399,0.44388,0.262328,0.620245,-0.225047,0.44388,-0.129078,-0.083584,-0.258374,-0.297009,-0.027591,-0.546489,0.495929,-0.560546,0.527278,-0.063717,-0.503891,-0.326699,0.369375,0.537252,0.615979,0.0,0.100188,0.62968,-0.106205,-0.150159,-0.363695,0.0,-0.847032,-0.611972,-0.048589,-0.381686,0.149894,-0.576823,-0.37325,-0.413205,-0.434917,-0.025024,-0.284861,-0.463425,-0.034523,-0.67427,-0.593057,0.0,-0.117386,-0.480183,0.0,0.141517,-0.101999,-0.59899,-0.037831,-0.811,-0.82926,-0.593057,-0.178291,0.44388,-0.347553,-0.576823,-0.611995,0.141517,-0.101999,-0.673514,-0.253423,-0.611972,-0.028078,-0.349287,-0.407997,-0.277557,0.071911,-0.273239,-0.407997,-0.611995,-0.397168,-0.611972,-0.673514,-0.347553,-0.414488,-0.214935,-0.629248,-0.150159,-0.214935,-0.101999,0.355648,0.192587,-0.611683,-0.480183,-0.407997,-0.45546,-0.345757,-0.360563,-0.347553,0.0,-0.998889,-0.095024,-0.034523,-0.101999,-0.432018,-0.611683,-0.139108,-0.347553,-0.153201,-0.800883,0.406733,-0.18258,-0.998889,-0.422781,-0.45546,-0.440373,-0.611683,-0.364497,-0.800883,0.368516,0.654408,-0.037831,-0.611995,-0.26008,0.0,-0.568203,-0.214935,-0.274161,0.363451,-0.131714,-0.046801,-0.101999,-0.611683,-0.269667,0.525437,-0.131714,-0.45546,0.086723,-0.704669,0.0,0.376373,-0.095336,-0.356129,0.6209,0.438586,0.396574,0.237993,0.674562,-0.299109,0.139659,0.324447,-0.204834,0.689481,-0.273239,0.799135,0.588353,0.231705,-0.044299,0.068451,0.799135,-0.434917,-0.445232,0.298152,#
9,-0.205267,0.023192,0.33981,0.078047,0.072136,-0.428365,-0.212373,-0.327169,-0.350263,1.0,-0.043226,-0.215822,0.077792,-0.236104,-0.800883,-0.347262,-0.800286,0.298357,0.129636,0.492981,0.505286,-0.201858,-0.240222,-0.201983,-0.017754,0.236025,0.133816,-0.363524,0.300551,0.518497,-0.017754,-0.72527,-0.218165,0.225249,0.402739,0.75673,0.059973,0.245541,-0.327175,0.041225,0.350711,-0.039891,-0.365161,0.106263,0.471012,-0.478328,-0.53194,-0.026065,0.041464,0.189562,-0.504543,-0.564756,0.162534,0.348498,0.199543,-0.696799,-0.055952,-0.546911,0.432522,0.073409,-0.19779,0.394676,0.378076,-0.998743,-0.364016,0.085758,0.0,0.308625,-0.392463,-0.011067,-0.466012,-0.283956,0.0,0.217511,0.780727,0.13911,0.035184,-0.332361,0.338337,0.05379,0.207895,0.198952,-0.207428,-0.336789,0.218512,-0.202036,0.067192,0.338337,0.0,0.755418,-0.251392,0.0,-0.336789,0.203999,-0.083282,0.218512,0.198264,0.207895,0.338337,0.363108,-0.53194,0.017734,0.338337,0.225249,-0.336789,-0.327248,0.075358,0.373621,0.363108,0.208736,0.747088,0.490164,0.032146,-0.428468,0.092079,-0.218165,0.225249,0.207895,0.310905,0.075358,0.508843,0.198264,0.366773,0.771724,-0.466012,0.366773,0.225249,0.109984,0.199768,0.756717,-0.251392,0.490164,0.27936,0.507009,0.174287,0.508843,0.0,0.338337,-0.01992,-0.202036,0.225249,0.204854,0.188724,0.236192,0.508843,0.058962,0.508843,0.084736,-0.083282,0.338337,-0.231895,-0.22373,0.638068,0.188724,0.026311,0.508843,-0.066831,-0.276918,0.218512,0.225249,0.203115,0.0,-0.056945,0.366773,0.040147,-0.061308,-0.326543,-0.650657,0.225249,0.188724,0.218051,-0.488851,0.192333,-0.22373,0.119244,0.50753,0.0,-0.043313,0.308103,0.05379,0.094142,-0.205598,-0.64689,0.319804,-0.547734,0.10298,0.14058,-0.512838,-0.521855,-0.072229,0.092079,-0.494393,-0.334013,-0.2827,-0.226914,0.100044,-0.494393,0.198952,0.301796,-0.218165,#
10,0.231393,-0.511511,-0.330994,-0.553204,-0.056207,-0.061237,0.678966,-0.243413,0.381721,-0.043226,1.0,0.258096,-0.078783,-0.240169,0.361999,0.814331,-0.086039,-0.421994,0.357302,-0.090178,-0.030634,0.226019,-0.28133,0.226159,-0.600274,0.296581,-0.648795,0.027371,0.24564,0.197769,-0.116782,-0.371855,-0.508548,-0.211895,0.318238,-0.201044,-0.047267,0.677874,-0.22224,0.426911,-0.345903,0.172013,-0.60046,0.036297,0.137586,0.493593,-0.184677,-0.350454,0.792473,-0.221606,0.4983,0.449821,-0.191628,-0.136007,-0.178843,0.036797,0.02087,-0.161399,0.004863,-0.143998,0.364015,-0.421665,0.364232,0.052164,0.005557,0.532707,0.0,-0.340382,-0.184813,-0.144847,-0.031656,0.189567,0.0,-0.243044,-0.376391,0.031242,-0.545269,-0.078672,0.087681,-0.073983,-0.216543,0.192235,-0.222734,-0.104547,0.180757,0.192235,-0.10472,-0.368259,0.0,-0.228459,-0.054258,0.0,0.791992,-0.762821,0.051903,0.19844,-0.222734,-0.658291,-0.368259,0.092096,-0.184677,-0.03767,-0.350723,0.296653,0.348161,0.317842,-0.528357,-0.391757,0.074077,0.211934,-0.56577,-0.508548,-0.104547,0.406905,-0.535764,-0.508548,-0.233084,0.233866,-0.376391,-0.528357,-0.03767,-0.222734,0.515514,0.066881,-0.031656,0.058858,0.317842,0.589738,-0.332001,-0.217838,-0.054258,-0.508548,-0.344892,-0.506577,-0.254723,-0.03767,0.0,-0.368259,0.013779,0.192235,0.317842,-0.51068,-0.762433,-0.022835,-0.03767,0.538951,-0.527383,0.125053,0.069205,-0.368259,-0.313195,-0.344892,-0.670881,-0.762433,-0.99824,-0.527383,-0.401606,0.293331,0.19844,-0.233084,-0.277449,0.0,0.020992,0.058858,-0.096597,0.082811,-0.243776,0.152318,0.317842,-0.762433,-0.178567,-0.012077,-0.243776,-0.344892,0.28225,-0.553689,0.0,0.110456,-0.433937,-0.055487,-0.001163,0.688143,0.248268,0.784467,0.145925,0.142015,0.202413,0.485264,0.516228,0.169535,-0.535764,0.576235,0.406286,-0.00864,-0.60277,-0.172829,0.576235,0.192235,0.213735,0.254274,#
11,0.612078,0.222699,-0.043649,-0.404101,0.437717,-0.215822,0.618398,-0.499763,0.831971,-0.215822,0.258096,1.0,0.038561,-0.593318,0.437717,0.437717,-0.001115,-0.130858,-0.020857,-0.185172,-0.209896,0.186884,0.531155,0.187,-0.196509,-0.499763,-0.025133,-0.379479,0.54326,-0.333256,-0.649271,0.015423,-0.333256,0.492252,-0.384806,0.005909,0.38298,-0.291034,0.492142,-0.18131,0.406931,-0.383661,-0.363127,-0.319037,-0.618686,0.108494,0.38748,0.48164,0.396476,-0.265822,0.38748,-0.199225,-0.498045,-0.202509,-0.322647,-0.111741,-0.663108,0.469637,-0.645326,0.521882,-0.300354,-0.605183,0.054558,0.248296,0.342448,0.609675,0.0,0.013762,0.580936,0.434954,-0.291034,-0.16444,0.0,-0.633506,-0.439773,0.149657,-0.246563,0.378938,-0.405363,-0.654501,-0.601233,-0.232637,-0.219325,-0.04396,-0.26059,-0.232637,-0.815192,-0.815902,0.0,-0.018838,-0.638067,0.0,-0.028863,-0.003816,-0.816306,0.153382,-0.598152,-0.615965,-0.815902,-0.017937,0.38748,-0.21322,-0.405363,-0.499884,-0.028863,-0.003816,-0.421652,0.241864,-0.439773,0.163082,-0.155102,-0.333256,-0.436492,-0.221498,-0.032639,-0.333256,-0.499884,-0.195674,-0.439773,-0.421652,-0.21322,-0.598152,-0.053728,-0.456948,-0.291034,-0.053728,-0.003816,0.08198,0.161038,-0.499629,-0.638067,-0.333256,-0.551605,-0.211501,-0.437814,-0.21322,0.0,-0.815902,0.447772,-0.232637,-0.003816,-0.073072,-0.499629,-0.277276,-0.21322,-0.124508,-0.654169,0.294183,-0.411269,-0.815902,-0.516582,-0.551605,-0.237911,-0.499629,-0.229704,-0.654169,0.225671,0.555498,0.153382,-0.499884,0.072448,0.0,-0.68736,-0.053728,-0.437043,0.232905,-0.032925,-0.220608,-0.003816,-0.499629,-0.325355,0.362803,-0.032925,-0.551605,-0.131939,-0.452286,0.0,0.237581,0.076583,-0.221498,0.836994,0.612197,0.190265,0.138748,0.416292,-0.422093,-0.048112,0.228488,-0.297548,0.821767,-0.032639,0.652741,0.416883,0.064234,-0.247655,-0.071309,0.652741,-0.232637,-0.053667,0.353607,#
12,0.455343,0.077792,-0.41083,-0.280844,0.592065,-0.378697,0.017101,-0.124901,0.189244,0.077792,-0.078783,0.038561,1.0,-0.050526,0.168086,0.168086,0.171923,-0.085803,0.552404,-0.311302,-0.389956,0.028247,0.109771,0.012006,-0.323226,-0.124901,0.171016,0.25787,0.122129,-0.407819,-0.341354,0.035104,-0.407819,0.42106,0.131472,0.401491,0.609726,-0.131374,-0.085572,0.1135,0.258583,-0.546169,0.107542,-0.192618,-0.054686,0.018065,0.392499,-0.382711,0.084134,0.409878,-0.247668,-0.514939,0.379934,0.176627,0.398102,-0.263507,-0.579948,0.363077,0.319474,-0.222705,0.418122,0.414398,-0.319069,-0.08868,0.380023,0.396825,0.0,-0.429783,-0.072739,-0.140294,-0.131374,-0.385025,0.0,-0.423544,-0.207926,0.406457,-0.366927,-0.653956,-0.199435,-0.367531,-0.019124,-0.440733,-0.427003,-0.67024,-0.422094,-0.815519,-0.293377,-0.199435,0.0,0.400367,-0.225808,0.0,-0.238513,0.401198,-0.188113,-0.836453,-0.44217,-0.03446,-0.199435,-0.598255,0.392499,0.057671,-0.610358,-0.115195,-0.654524,-0.115195,-0.289256,-0.217395,-0.176024,-0.028977,0.08063,0.254225,0.114634,0.065878,-0.685692,-0.407819,-0.611728,-0.019124,0.214306,-0.289256,-0.383691,-0.44217,-0.172354,0.206871,-0.131374,-0.600387,-0.611728,0.441572,-0.460844,-0.129316,-0.225808,0.254225,0.030519,0.073704,-0.331539,-0.383691,0.0,-0.199435,-0.296612,-0.815519,-0.611728,-0.172747,-0.129316,0.515918,-0.383691,-0.342902,-0.383691,0.816279,-0.59353,-0.199435,0.061412,-0.439697,-0.038172,-0.129316,0.066177,-0.383691,0.380903,0.657119,-0.836453,-0.611728,-0.511356,0.0,-0.559984,-0.600387,0.55856,-0.098623,-0.610409,-0.04678,-0.611728,-0.129316,0.363301,0.55261,-0.125439,-0.439697,0.002252,0.122652,0.0,0.794993,0.32539,-0.80094,0.179252,0.016486,0.401966,0.194637,0.245116,0.190227,0.556215,-0.280162,-0.398222,0.268118,-0.685692,0.347749,0.572184,0.673524,0.375868,0.151128,0.347749,-0.440733,-0.429524,0.307188,#
13,-0.231216,0.216166,0.0366,0.404725,-0.026409,0.668436,-0.211789,0.504014,-0.420073,-0.236104,-0.240169,-0.593318,-0.050526,1.0,-0.026409,-0.026409,0.004661,0.215369,0.431038,-0.170552,0.210516,0.208718,-0.02043,-0.596555,-0.164264,-0.017513,0.014541,0.782427,-0.526571,-0.333209,0.284734,0.537437,0.348952,-0.499814,-0.144439,-0.017513,0.004008,0.238525,0.002153,-0.235933,-0.013505,-0.058904,0.779648,0.333707,0.137336,-0.14373,0.284753,-0.00545,-0.29142,-0.38989,-0.349498,0.305415,0.482292,-0.063518,-0.369162,0.107385,0.640096,0.203527,0.203745,-0.411206,-0.170865,-0.014239,-0.086829,0.201268,0.286305,-0.506416,0.0,-0.001151,-0.028306,-0.287816,0.238525,-0.153851,0.0,0.590532,0.015525,-0.596506,0.667053,-0.40395,-0.024156,0.221572,0.201451,-0.178163,-0.187662,0.000458,0.220591,0.193159,0.390885,0.399254,0.0,0.007032,0.119927,0.0,-0.016029,-0.007871,0.404883,-0.189938,0.188015,0.201451,0.399254,-0.032816,0.284753,0.196194,-0.007871,-0.007871,0.000458,-0.007871,-0.002908,-0.299017,0.385513,-0.591254,-0.298446,0.322715,0.420867,0.204396,-0.010913,0.348952,0.011807,-0.216824,0.433854,-0.002908,-0.241089,0.188015,0.002262,0.010728,0.238525,0.019225,-0.499814,-0.263263,-0.066776,-0.021915,0.119927,0.322715,0.016798,0.212047,0.341051,-0.241089,0.0,0.399254,-0.301014,0.193159,-0.499814,0.246044,0.504055,-0.405325,-0.241089,0.261878,0.213685,0.070097,0.003213,0.399254,0.002563,0.482668,-0.181972,0.504055,0.230369,0.213685,0.19918,-0.121467,-0.189938,0.011807,0.137913,0.0,0.630543,0.019225,0.436688,0.208994,0.522299,0.228127,-0.499814,0.504055,-0.344336,0.25285,0.041812,0.482668,0.196306,0.020531,0.0,0.19501,-0.091879,-0.207831,-0.421625,-0.216929,-0.222698,-0.14922,0.003657,0.131432,0.479271,-0.295238,0.280048,-0.406067,-0.010913,-0.229913,-0.01608,-0.108198,0.227859,0.44513,-0.229913,-0.178163,0.007259,-0.333209,#
14,0.412579,0.106359,-0.443602,-0.257333,0.189156,0.072136,0.41938,-0.128063,0.597119,-0.800883,0.361999,0.437717,0.168086,-0.026409,1.0,0.578685,0.571599,-0.454154,0.111039,-0.79385,-0.341038,-0.01211,0.132162,0.407943,-0.326322,-0.128063,-0.350029,0.26246,0.144624,-0.407888,-0.344336,0.512921,-0.407888,-0.098682,-0.361183,-0.611685,0.196839,-0.128617,0.414374,0.107624,-0.161092,-0.115156,0.129903,-0.151488,-0.486348,0.754369,0.418329,-0.092148,0.306115,-0.254947,0.418329,0.342766,-0.080168,-0.544361,-0.251365,0.436562,-0.116635,0.429895,-0.568799,-0.124811,0.246585,-0.511767,-0.313313,0.799691,0.355068,0.507059,0.0,-0.403613,0.224353,0.026769,0.532261,0.046007,0.0,-0.43691,-0.997199,-0.058199,-0.378886,0.160468,-0.165605,-0.37039,-0.407871,-0.399289,-0.017288,0.136421,-0.427311,-0.026858,-0.262362,-0.59028,0.0,-0.611481,0.035379,0.0,0.565435,-0.098683,-0.193377,-0.410841,-0.409159,-0.42311,-0.59028,-0.17296,0.418329,0.094053,-0.573947,-0.118419,0.152038,0.39473,-0.257911,-0.476106,-0.189743,0.010413,-0.751281,-0.407888,-0.238392,0.508209,-0.265281,-0.407888,-0.611832,0.011653,-0.57762,-0.257911,-0.344536,-0.409159,-0.177699,-0.570088,0.532261,-0.603042,-0.098682,0.43687,-0.336429,-0.61152,0.035379,-0.407888,-0.404361,-0.800485,-0.288312,-0.344536,0.0,-0.59028,0.037966,-0.026858,-0.098682,-0.380294,-0.61152,-0.117484,-0.344536,-0.184572,-0.800668,0.214068,-0.177263,-0.59028,0.093328,0.062901,-0.816374,-0.61152,-0.361585,-0.800668,-0.07306,0.655101,-0.410841,-0.611832,-0.474004,0.0,-0.119759,-0.603042,-0.234672,-0.094147,-0.12859,0.338081,-0.098682,-0.61152,-0.316339,0.551183,-0.610513,0.062901,0.09509,-0.667841,0.0,0.343327,-0.537292,-0.353162,0.183651,0.406997,0.795356,0.195716,0.684989,-0.247595,0.102464,0.400934,0.379136,0.259121,-0.265281,0.769788,0.558153,0.525363,-0.036965,-0.3189,0.769788,-0.399289,-0.393607,0.302626,#
15,0.412579,-0.347262,-0.404405,-0.681389,0.189156,0.072136,0.829657,-0.128063,0.597119,-0.347262,0.814331,0.437717,0.168086,-0.026409,0.578685,1.0,0.161189,-0.454154,0.571647,-0.314467,-0.341038,0.407691,0.132162,0.004039,-0.794674,-0.128063,-0.366515,0.26246,0.144624,-0.407888,-0.344336,0.040091,-0.407888,-0.098682,0.15536,-0.088599,0.196839,0.532261,-0.10834,0.107624,-0.161092,-0.115156,-0.319318,-0.151488,-0.031163,0.30901,0.418329,-0.092148,0.627042,-0.254947,0.418329,0.342766,-0.080168,-0.305686,-0.251365,-0.053553,-0.116635,0.429895,-0.131361,-0.124811,0.246585,-0.511767,0.205549,0.349761,0.543472,0.507059,0.0,-0.403613,0.203142,-0.140269,-0.128617,0.046007,0.0,-0.43691,-0.609321,-0.058199,-0.378886,-0.249513,-0.165605,-0.37039,-0.407871,-0.026858,-0.409159,-0.269627,-0.046666,-0.026858,-0.262362,-0.59028,0.0,-0.114167,-0.227423,0.0,0.565435,-0.611831,-0.193377,-0.030195,-0.409159,-0.819327,-0.59028,-0.17296,0.418329,0.094053,-0.573947,-0.118419,0.152038,0.39473,-0.660727,-0.513904,-0.189743,-0.01313,-0.776748,-0.407888,0.14377,0.508209,-0.675262,-0.407888,-0.611832,0.011653,-0.189743,-0.660727,-0.344536,-0.409159,0.215507,-0.201985,-0.128617,-0.209836,-0.098682,0.43687,-0.336429,-0.61152,-0.227423,-0.407888,-0.433565,-0.34273,-0.327354,-0.344536,0.0,-0.59028,0.01016,-0.026858,-0.098682,-0.410906,-0.61152,-0.117484,-0.344536,0.527348,-0.800668,0.405051,-0.177263,-0.59028,-0.400694,-0.433565,-0.840196,-0.61152,-0.800653,-0.800668,-0.07306,0.655101,-0.030195,-0.611832,-0.261824,0.0,-0.119759,-0.209836,0.151192,0.377722,-0.12859,0.338081,-0.098682,-0.61152,-0.231547,0.551183,-0.12859,-0.433565,0.09509,-0.691958,0.0,0.403438,-0.229036,-0.353162,0.239992,0.832936,0.417899,0.634735,0.292334,0.222723,0.437375,0.361891,0.379136,0.31423,-0.675262,0.828054,0.612967,0.256359,-0.371256,0.078451,0.828054,-0.026858,0.079631,0.302626,#
16,-0.003119,-0.358406,-0.395112,-0.226547,-0.263792,0.067132,-0.021875,0.389019,0.136124,-0.800286,-0.086039,-0.001115,0.171923,0.004661,0.571599,0.161189,1.0,-0.401796,-0.297624,-0.308323,-0.799688,0.051843,0.142246,0.413849,0.154146,-0.140125,0.127863,0.180527,-0.368525,-0.407584,0.189241,0.511079,0.28454,-0.111509,0.007664,-0.611229,-0.233636,-0.272266,-0.102055,0.133709,-0.581701,0.229879,0.144618,-0.304887,-0.135136,0.324506,0.415632,-0.231254,-0.264846,0.433091,0.415632,0.37823,-0.093417,-0.201914,0.427143,0.595868,-0.07789,0.423393,-0.075264,-0.184729,0.578887,0.122892,-0.411888,0.797535,0.231728,-0.190366,0.0,-0.435143,0.180718,-0.093039,0.371506,0.503033,0.0,-0.34692,-0.55504,0.263055,-0.320197,0.181975,-0.13869,0.072161,-0.003667,0.051279,0.372142,0.20627,-0.336387,0.004186,0.181847,-0.170512,0.0,-0.611025,0.574034,0.0,0.189268,-0.111509,0.257442,-0.368475,0.03705,0.028642,-0.170512,-0.571388,0.415632,0.122759,-0.154601,-0.073057,0.17316,0.42681,0.190513,-0.400907,-0.538691,0.02708,-0.503984,-0.407584,0.213429,0.525262,-0.232754,0.28454,-0.092283,0.027768,-0.097275,0.190513,-0.355746,-0.009586,-0.531452,-0.530692,0.371506,-0.548025,-0.111509,-0.070093,-0.346946,-0.611064,0.574034,-0.407584,0.135675,-0.336831,-0.190743,-0.355746,0.0,-0.122779,-0.082406,0.004186,-0.111509,-0.284203,-0.077412,0.354379,-0.355746,-0.137315,-0.338656,-0.162529,0.226047,-0.122779,0.617439,0.135675,-0.392177,-0.077412,0.097927,-0.338656,-0.071397,0.192713,-0.368475,-0.092283,-0.38171,0.0,-0.045426,-0.548025,0.221731,-0.092152,-0.061615,0.819208,-0.111509,-0.077412,0.405679,0.389489,-0.061615,0.135675,-0.362886,-0.200226,0.0,-0.100895,-0.069819,0.088942,-0.270299,0.022441,0.817397,-0.399992,0.233068,0.295371,-0.332516,0.480662,0.432925,-0.174573,-0.232754,0.327888,0.152895,0.550063,0.412371,-0.22688,0.327888,0.051279,-0.307179,0.28454,#
17,-0.13361,0.393376,0.772105,0.749423,-0.079426,0.027921,-0.584385,-0.156262,-0.42802,0.298357,-0.421994,-0.130858,-0.085803,0.215369,-0.454154,-0.454154,-0.401796,1.0,-0.01337,0.441824,0.280894,0.334284,0.273969,-0.211714,0.441015,-0.287744,0.457926,-0.18299,0.142192,0.103188,0.421394,-0.21231,0.275168,0.412751,-0.548436,0.265156,-0.12051,-0.396911,0.391572,-0.120367,0.536279,0.039993,0.378477,-0.24956,-0.059191,-0.352105,-0.116186,0.284098,-0.208303,-0.26534,-0.08847,-0.296363,-0.349944,0.437149,-0.223163,-0.103222,-0.048276,-0.135591,0.003242,-0.269458,-0.460621,0.228157,0.111988,-0.304049,-0.367806,-0.343234,0.0,0.201163,-0.316882,0.509437,-0.396911,-0.234579,0.0,0.566337,0.442187,0.249766,0.390763,-0.071328,-0.048826,-0.078811,-0.319479,0.227014,-0.21786,0.380238,0.681312,-0.244956,-0.18671,-0.031035,0.0,0.257561,-0.343496,0.0,-0.565354,0.262269,0.077232,0.214878,0.119166,0.585646,-0.031035,-0.067638,-0.116186,-0.121235,-0.031035,0.262269,-0.547343,-0.189178,0.284496,0.558015,0.407658,0.220144,0.556709,0.074525,-0.101063,-0.491631,0.27218,0.275168,0.283767,-0.337054,0.53359,0.284496,-0.216779,-0.332777,0.52589,0.419247,-0.396911,0.544422,-0.296665,-0.414269,0.248473,0.13383,-0.343496,0.074525,0.155378,0.414731,0.432781,-0.216779,0.0,0.431531,0.331298,-0.244956,-0.296665,0.88257,0.266433,-0.358306,-0.216779,-0.195517,0.29916,0.136015,-0.379136,0.431531,-0.392497,0.135802,0.5974,0.266433,0.411376,0.29916,0.085054,-0.400671,0.214878,0.283767,0.78726,0.0,-0.055585,0.544422,-0.084463,-0.383501,0.391672,-0.52738,-0.296665,0.266433,-0.231959,-0.236135,0.411862,0.135802,-0.383834,0.761174,0.0,0.076051,0.143226,-0.078811,-0.080959,-0.126023,-0.599535,-0.389574,-0.306902,-0.444306,0.188774,-0.123325,-0.312876,0.177079,0.27218,-0.292427,0.024571,-0.55571,-0.263052,-0.045056,-0.292427,0.227014,0.147204,-0.498741,#
18,0.38083,0.094212,-0.284585,-0.237934,0.555829,0.111243,0.388775,-0.094343,0.149909,0.129636,0.357302,-0.020857,0.552404,0.431038,0.111039,0.571647,-0.297624,-0.01337,1.0,-0.261006,0.088553,0.38475,0.072149,-0.467878,-0.785912,-0.094343,-0.203419,0.622803,0.084207,-0.40339,-0.310454,0.058154,-0.40339,-0.044079,0.114638,0.457888,0.564759,0.506687,-0.093959,0.018584,0.296501,-0.514037,0.150713,0.172531,0.052678,-0.048133,0.377972,-0.205326,0.387948,-0.306118,-0.267825,-0.089025,0.41675,0.057591,-0.296291,-0.382644,-0.068806,0.332534,0.302444,-0.29161,0.041303,-0.140153,0.150484,-0.146689,0.529859,0.348617,0.0,-0.325367,-0.026834,-0.21827,-0.215825,-0.458594,0.0,-0.00432,-0.159871,-0.209153,0.072819,-0.766864,-0.164986,-0.337534,-0.08718,-0.375173,-0.788343,-0.654217,0.031025,-0.404256,-0.23352,-0.164986,0.0,0.454737,-0.48535,0.0,0.099322,-0.104187,-0.137418,-0.403698,-0.405827,-0.396587,-0.164986,-0.190161,0.377972,0.09172,-0.596104,-0.084151,-0.337134,-0.084151,-0.654653,-0.309774,0.252822,-0.365586,-0.303083,0.264474,0.208436,0.117175,-0.686825,-0.40339,-0.605085,-0.08718,0.283111,-0.654653,-0.371333,-0.405827,0.292854,0.27423,-0.215825,-0.156214,-0.605085,0.369798,-0.379868,-0.118438,-0.48535,0.264474,-0.347781,0.125827,-0.199088,-0.371333,0.0,-0.164986,-0.234403,-0.404256,-0.605085,-0.101835,-0.118438,-0.152373,-0.371333,0.3418,-0.371333,0.79789,-0.562759,-0.164986,-0.485745,-0.38427,-0.39587,-0.118438,-0.363239,-0.371333,0.318865,0.575779,-0.403698,-0.605085,-0.201453,0.0,-0.079695,-0.156214,0.544827,0.319429,-0.114547,-0.099899,-0.605085,-0.118438,-0.283728,0.525288,-0.076913,-0.38427,0.366824,-0.21601,0.0,0.818647,0.099022,-0.792243,0.158499,0.385107,-0.061267,0.592941,0.19624,0.178816,0.9326,-0.328662,-0.053048,0.238952,-0.686825,0.366959,0.587595,0.180656,-0.063195,0.496053,0.366959,-0.375173,0.015244,0.130901,#
19,-0.174075,-0.424604,0.360509,0.063539,-0.314467,0.091538,-0.181542,0.270883,-0.317625,0.492981,-0.090178,-0.185172,-0.311302,-0.170552,-0.79385,-0.314467,-0.308323,0.441824,-0.261006,1.0,-0.017865,0.307213,-0.123942,-0.276765,0.46686,0.138621,0.231363,-0.430822,-0.266618,0.38925,0.46686,-0.634458,0.562249,0.2595,0.252074,0.270883,-0.31984,0.055144,-0.324302,-0.038572,-0.043226,0.233698,-0.296585,-0.04488,0.337224,-0.558541,-0.374715,0.061606,-0.0,0.220002,0.210777,-0.064083,-0.323182,0.697029,0.219677,-0.091536,-0.070287,-0.34677,0.44668,0.189822,-0.060791,0.39121,0.226966,-0.478032,-0.391311,-0.550808,0.0,0.330093,-0.123357,0.017598,-0.69682,0.153272,0.0,0.209841,0.795325,0.286957,0.114732,0.08537,-0.153612,0.481333,0.200367,0.623871,0.190884,0.077002,0.652669,0.200109,0.060858,0.329594,0.0,0.241668,-0.016611,0.0,-0.412187,-0.324375,0.317821,0.652669,0.190884,0.200367,0.329594,-0.142515,-0.374715,-0.42449,0.329594,0.12975,0.077002,-0.324375,0.0689,0.403791,-0.142515,0.156265,0.531248,-0.21625,0.131356,-0.424706,0.08537,0.562249,0.713624,-0.276978,0.409156,0.0689,-0.020824,0.190884,0.310694,0.282328,-0.69682,0.81402,0.12975,-0.485711,0.365215,0.142652,-0.016611,-0.21625,0.302752,0.617299,0.207308,-0.020824,0.0,0.329594,0.008789,0.200109,0.12975,0.274778,0.276041,0.046607,-0.020824,0.27668,0.498175,-0.265595,0.317821,0.329594,-0.236968,-0.22891,0.653548,0.276041,0.104488,0.498175,0.04803,-0.704176,0.652669,0.713624,0.574499,0.0,-0.062663,0.81402,0.140251,0.085756,0.293212,-0.109144,0.12975,0.276041,0.310875,-0.5479,0.841556,-0.22891,-0.308888,0.524416,0.0,-0.440774,0.444627,0.481333,-0.279576,-0.146403,-0.613543,-0.320404,-0.514144,0.170947,-0.26367,0.207308,-0.128567,-0.012193,0.08537,-0.427247,-0.271997,-0.699072,-0.117984,0.207639,-0.427247,0.623871,0.325321,-0.21625,#
20,-0.234125,0.505286,0.31847,0.534664,0.066577,0.066416,-0.206406,-0.326925,-0.344074,0.505286,-0.030634,-0.209896,-0.389956,0.210516,-0.341038,-0.341038,-0.799688,0.280894,0.088553,-0.017865,1.0,-0.230964,-0.246772,-0.195885,-0.012385,0.243254,-0.34007,0.06983,0.300608,0.527795,-0.012385,-0.130832,-0.218002,-0.327003,-0.159732,0.179151,0.036444,0.217664,0.221741,0.047364,0.326249,-0.033473,0.094864,0.579998,-0.024732,-0.005377,-0.540533,0.102147,0.03265,-0.563151,-0.48506,-0.036474,0.149051,-0.007205,-0.534509,-0.203983,0.415591,-0.554269,-0.044861,0.074724,-0.540256,-0.280218,0.356051,-0.50756,-0.402607,0.087294,0.0,0.308678,-0.258247,0.141459,0.217664,-0.278938,0.0,0.622623,0.357345,-0.510049,0.481261,0.094636,0.33274,0.060091,0.20246,-0.195954,-0.201399,0.086118,0.229799,0.210007,0.061823,0.33274,0.0,0.204846,-0.251206,0.0,0.086118,0.189318,-0.077289,0.229799,0.192895,0.20246,0.33274,0.780143,-0.540533,0.005524,0.33274,0.232345,0.086118,-0.327004,0.069935,0.373342,0.780143,-0.190696,0.30237,0.470426,-0.390533,-0.428148,0.507151,-0.218002,0.232345,0.20246,-0.118302,0.069935,0.502723,0.192895,0.378328,0.369556,0.217664,0.378328,0.232345,0.022409,0.179887,0.749513,-0.251206,0.470426,-0.230178,0.002047,0.174157,0.502723,0.0,0.33274,0.132431,0.210007,0.232345,0.201234,0.174477,-0.480451,0.502723,0.033163,0.502723,-0.155561,-0.077289,0.33274,-0.238304,0.279152,0.222118,0.174477,0.01386,0.502723,-0.105504,-0.31785,0.229799,0.232345,0.206968,0.0,0.380648,0.378328,-0.386632,-0.098419,0.199012,-0.650171,0.232345,0.174477,-0.56593,-0.526124,-0.326299,0.279152,0.5902,0.086547,0.0,-0.081148,-0.216173,0.060091,0.058579,-0.227679,-0.675032,0.277756,-0.087953,-0.413086,0.102116,-0.493664,-0.101868,-0.09519,0.507151,-0.518356,-0.356655,-0.487703,-0.268152,0.063969,-0.518356,-0.195954,0.301571,-0.218002,#
