0,1.0,-0.111111,-0.269991,-0.218168,0.380139,0.385926,-0.333201,0.556068,-0.218159,0.0,0.556068,-0.407783,0.380378,0.380139,0.566074,0.454405,0.471913,-0.407746,0.188344,-0.407649,-0.166667,0.380378,0.271246,0.10066,-0.218218,-0.332797,0.458329,0.157837,-0.218052,-0.111111,-0.508459,0.313043,-0.111111,-0.665183,0.683496,0.0,-0.271731,-0.076475,0.471913,-0.1665,-0.272099,-0.218064,-0.166665,0.0715,-0.111111,-0.65311,0.2041,0.166169,0.200529,-0.665701,0.198593,0.143425,-0.272096,-0.331774,0.499481,0.160153,-0.976003,0.320481,0.341518,0.374725,0.126554,-0.110718,-0.938634,-0.923288,0.035655,0.228081,0.0,0.224975,0.275571,0.276917,-0.076475,-0.156174,-0.111111,-0.272023,0.174855,0.190117,-0.66423,-0.218107,-0.665376,-0.66423,-0.332704,-0.508492,-0.407871,0.308968,-0.664634,0.174855,-0.508492,0.163668,-0.508,-0.333069,0.111345,-0.66423,-0.407308,-0.332704,-0.407832,0.21932,0.117142,0.28628,-0.332704,-0.407661,0.745362,-0.407433,0.231475,-0.218093,0.038605,-0.166667,0.045404,0.032045,-0.217859,0.300991,0.080454,-0.111111,-0.523813,-0.407433,-0.66423,-0.166582,0.293711,-0.523813,-0.271577,0.182904,-0.66423,-0.218103,-0.508,-0.166582,0.110718,-0.50779,-0.332704,0.10066,0.264136,-0.407832,-0.66423,-0.272031,-0.912903,-0.333069,-0.523813,-0.333069,0.0,-0.218103,0.35889,-0.523813,-0.333075,-0.523813,-0.333075,-0.993467,-0.523813,0.203865,-0.407433,-0.166524,-0.50779,-0.407433,-0.508338,0.038605,-0.508,-0.271981,-0.664634,-0.271774,0.294608,-0.21769,-0.523813,-0.407308,0.175642,-0.333069,0.117142,-0.332873,-0.508,0.292123,0.169061,0.284875,-0.333153,-0.333069,0.664083,0.123678,-0.66423,0.163668,0.448894,-0.664634,-0.218107,-0.06614,-0.132342,0.121073,0.365337,-0.242457,0.2358,0.314162,-0.06614,-0.993406,0.314162,-0.66423,0.408248,-0.06614,-0.523813,0.301508,-0.132342,-0.314162,-0.365476,-0.270423,0.356399,-0.993406,0.200439,-0.217194,#
1,-0.111111,1.0,0.291376,0.499853,0.300943,0.30608,0.316947,-0.217841,0.499077,0.0,0.470078,0.253487,-0.332831,0.300943,0.478986,-0.271567,-0.218018,0.245693,0.102733,0.241474,-0.166667,0.301132,0.184678,0.100659,0.509175,-0.332797,-0.79166,-0.66423,-0.218052,-0.111111,0.189974,0.159087,-0.111111,0.130491,-0.166623,0.0,0.394276,-0.076477,-0.218018,-0.1665,0.401413,-0.218064,-0.79166,-0.062562,-0.111111,-0.65311,0.070991,0.166169,0.115798,0.137154,0.066198,0.059057,0.415015,-0.331774,-0.218164,0.078023,-0.065067,0.060632,0.07881,0.296111,0.158193,0.996463,0.147748,-0.064415,-0.249587,0.128915,0.0,-0.20767,0.188548,-0.118679,-0.076477,-0.416466,-0.111111,-0.272023,0.174855,0.105621,0.105892,-0.218107,-0.665376,0.105892,0.28628,-0.508492,-0.407871,0.308968,0.111581,0.174855,-0.508492,-0.50779,0.169334,-0.333069,0.111345,0.105892,0.21932,0.28628,-0.407832,-0.407308,0.117141,-0.332704,0.28628,0.231807,-0.372681,0.225473,0.231475,0.479805,0.038605,-0.166667,0.045404,-0.993406,0.465621,0.300991,0.080454,-0.111111,-0.523814,0.225473,0.105892,-0.166582,-0.332873,-0.523814,0.39692,-0.587218,0.105892,-0.218103,0.169334,-0.166582,0.110718,0.163668,0.28628,0.100659,-0.029349,-0.407832,0.105892,-0.272031,0.080733,-0.333069,-0.523814,-0.333069,0.0,-0.218103,-0.567279,-0.523814,-0.333075,-0.523814,-0.333075,0.100659,-0.523814,-0.961076,0.225473,0.635258,0.163668,0.225473,0.175142,0.038605,0.169334,-0.271981,0.111581,0.367694,0.201082,0.456112,-0.523814,0.21932,0.175641,-0.333069,0.117141,0.293711,0.169334,0.20866,0.169061,-0.405731,-0.333153,-0.333069,-0.227969,0.123678,0.105892,-0.50779,-0.328038,0.111581,-0.218107,-0.198419,-0.238215,0.121073,0.281351,-0.327529,-0.535908,0.226895,-0.198419,0.032045,0.226895,0.105892,-0.272166,-0.198419,-0.523814,-0.703518,-0.238215,0.296708,-0.447606,-0.270423,-0.380978,0.032045,-0.190662,-0.217194,#
2,-0.269991,0.291376,1.0,0.766127,0.370524,-0.053468,-0.481177,-0.099026,-0.16774,0.0,0.283701,0.239434,-0.379781,-0.042299,-0.177046,-0.205774,-0.045746,0.664299,-0.470225,-0.207206,0.136332,-0.488453,0.523036,0.245647,0.292251,0.452848,-0.314764,-0.031012,-0.038821,-0.269991,0.061702,0.200137,0.425035,0.399012,-0.404881,0.0,0.126134,-0.17663,-0.529766,0.157827,0.116602,-0.05771,-0.314764,-0.363819,0.425035,-0.126912,-0.462641,-0.156713,0.040158,0.419389,0.274461,0.252098,0.544925,0.452712,-0.045305,0.357543,0.259337,0.370303,0.204146,-0.048355,-0.10961,0.319114,0.224149,0.396218,0.405746,0.398346,0.0,0.189649,0.079209,-0.550111,-0.17663,-0.103954,0.425035,0.193584,0.534669,0.257666,-0.130623,-0.04881,-0.019463,0.381214,0.383838,0.155226,-0.099449,0.384892,-0.171223,-0.888447,0.155226,-0.296937,0.052961,0.061066,-0.139415,-0.150309,0.201262,-0.043373,-0.123817,-0.099312,-0.108738,0.071109,0.368016,0.198847,0.053795,0.649709,0.224486,0.768163,-0.424758,-0.404986,0.277301,-0.275235,0.270188,0.370265,0.073404,0.451767,-0.046973,0.649709,0.381214,0.101338,-0.392414,-0.046973,0.122131,-0.061606,0.381214,-0.039556,0.520444,-0.40478,0.270101,-0.403959,0.383838,-0.465077,-0.060724,-0.123817,-0.150309,-0.213025,0.356042,-0.402225,-0.046973,0.02054,0.0,-0.083956,-0.570706,-0.046973,0.035696,-0.046973,-0.366792,0.245647,-0.046973,-0.278868,-0.249625,0.000445,0.042304,0.21289,0.036073,-0.451073,0.520444,-0.247717,0.396019,-0.33731,-0.225799,0.316483,-0.046973,0.201262,0.307309,0.045408,0.410291,-0.075845,0.052961,0.223895,0.052876,-0.509249,0.030197,0.02054,-0.394176,-0.338696,-0.150309,-0.279773,-0.252963,0.396019,-0.075542,0.418492,-0.408183,0.067892,-0.037684,0.182465,-0.27282,-0.198195,-0.268917,0.242854,-0.198195,-0.130623,0.222629,0.418492,-0.046973,-0.089464,0.638702,0.834351,-0.101661,0.250426,-0.367913,0.242854,-0.156313,-0.114277,#
3,-0.218168,0.499853,0.766127,1.0,0.182796,0.206063,-0.234106,0.016813,0.035133,0.0,0.497693,0.071769,-0.210354,-0.243685,0.022728,-0.533225,0.071953,0.534392,-0.599408,0.08951,-0.327252,-0.243838,0.40063,0.198734,0.511637,0.210175,-0.591326,-0.220503,-0.428147,-0.218168,0.428565,0.033673,0.499853,0.319503,-0.327167,0.0,0.361657,-0.140655,-0.428081,-0.326925,-0.099033,0.059619,-0.591326,-0.401624,0.499853,-0.335893,0.19784,-0.25276,0.395145,0.313371,0.188114,0.199837,0.336024,0.193296,0.072489,0.133807,0.128838,0.23315,-0.008489,-0.247039,-0.220968,0.498085,0.150777,0.156367,0.268517,0.29667,0.0,0.048175,-0.060201,-0.636155,-0.140655,-0.054343,0.499853,-0.101023,0.428128,0.180086,-0.225146,0.068836,-0.202378,0.303625,0.214038,-0.037086,-0.327128,0.201755,-0.270456,-0.555538,-0.037086,-0.029101,0.416663,-0.191543,0.314887,0.303625,0.50851,0.214038,0.09509,-0.326676,-0.209143,-0.185961,0.639038,0.051853,-0.240831,0.521371,0.533858,0.501949,-0.503098,-0.327252,0.218122,-0.472309,0.483191,0.191356,0.281028,-0.218168,-0.081666,0.521371,0.303625,0.195778,-0.223382,-0.081666,0.357746,-0.291662,0.303625,0.078394,0.416663,-0.327085,0.218497,-0.05622,0.214038,0.198734,-0.145159,0.09509,0.303625,-0.071326,0.282002,-0.23341,-0.081666,-0.23341,0.0,0.032525,-0.434781,-0.081666,0.219003,-0.081666,-0.196801,0.198734,-0.081666,-0.446617,0.043554,0.191155,0.404807,0.521371,-0.087168,0.203734,0.416663,-0.107194,0.315553,-0.120395,0.064739,0.007987,-0.081666,0.50851,0.465302,0.229033,0.327059,0.181529,0.416663,0.061197,0.415992,-0.796657,-0.228577,-0.23341,-0.349079,-0.417528,0.303625,-0.490129,-0.139892,0.315553,-0.428256,0.452065,-0.362481,-0.058564,-0.249134,0.310506,-0.506684,-0.387381,-0.258088,0.190357,-0.387381,-0.225146,-0.077792,-0.258088,-0.081666,-0.382185,0.15065,0.641153,-0.356308,-0.116312,-0.6666,0.190357,-0.352495,0.000704,#
4,0.380139,0.300943,0.370524,0.182796,1.0,0.1935,-0.256029,0.252924,0.164868,0.0,0.23658,0.385048,-0.177357,0.608003,0.248293,0.45254,-0.210078,-0.024591,0.363476,-0.850202,0.015839,-0.177357,0.661174,-0.348541,0.193557,-0.218029,-0.196997,-0.484531,0.21206,-0.332622,-0.278246,0.392114,0.327342,-0.534913,0.046536,0.0,-0.433689,-0.456056,0.214799,0.036394,0.369577,-0.254264,-0.360337,0.089821,0.327342,-0.483018,-0.333537,0.477703,0.164805,-0.043236,0.363834,-0.319313,0.785292,0.155043,-0.192737,0.081369,-0.415333,0.506653,-0.044941,0.23708,0.002255,0.327237,-0.409466,-0.350978,-0.293104,0.510005,0.0,0.274657,0.242591,0.250948,-0.456056,0.141617,0.327342,-0.002248,0.186033,0.347302,-0.577273,-0.652924,-0.54181,-0.557832,-0.236771,-0.663669,-0.428991,0.996425,-0.077456,-0.279049,-0.259645,-0.665637,-0.296707,-0.595043,-0.088794,-0.596714,-0.466548,-0.268022,-0.45218,-0.406066,-0.055199,-0.192652,-0.252396,-0.032475,0.28334,-0.043983,-0.04191,0.643556,-0.419464,-0.498933,0.2515,-0.374587,0.168881,0.587711,0.083517,0.353741,-0.719557,-0.043983,-0.091257,-0.018093,-0.199111,-0.719557,0.39508,-0.501111,-0.091257,-0.652911,-0.26251,-0.498678,0.30514,-0.730446,-0.236771,-0.400531,0.013248,-0.828689,-0.596714,-0.44295,-0.285061,-0.610506,-0.719557,-0.208474,0.0,-0.229396,-0.017604,-0.719557,-0.61491,-0.719557,-0.997093,-0.426526,-0.719557,-0.313448,-0.075937,0.451029,-0.713496,-0.459381,0.16198,-0.445451,0.14785,-0.42187,-0.077456,-0.448951,-0.047997,0.626554,-0.719557,-0.466548,0.37183,-0.610506,0.437647,-0.243772,-0.296707,0.000991,-0.27213,-0.318313,0.176161,-0.208474,0.008713,-0.26304,-0.596714,-0.241887,0.37369,-0.077456,-0.22077,-0.35042,-0.065401,0.085854,0.573873,-0.444869,-0.582639,0.400365,-0.35042,-0.447677,0.400365,-0.577273,0.042031,0.303279,-0.719557,-0.255495,0.476671,0.550268,-0.782857,0.418816,-0.16429,-0.447677,0.464138,0.200128,#
5,0.385926,0.30608,-0.053468,0.206063,0.1935,1.0,0.155413,-0.151739,0.618864,0.0,0.67287,-0.460683,0.224626,0.1935,0.255549,0.027373,0.239637,-0.031305,-0.253265,-0.038873,-0.499043,0.224626,0.643523,-0.32761,-0.235224,-0.588473,-0.079846,-0.472604,-0.251759,-0.332695,0.166634,0.388454,-0.332695,-0.543199,0.53964,0.0,0.366932,-0.228988,0.221788,-0.498544,-0.040333,0.184163,-0.369287,-0.418544,-0.332695,-0.611745,0.351797,-0.019902,0.618025,-0.068513,0.336697,-0.324363,-0.024689,-0.180536,0.257857,0.417566,-0.475378,0.453347,0.261153,-0.177326,0.471397,0.278476,-0.260232,-0.491192,0.04185,0.489732,0.0,0.246654,0.221308,-0.459593,-0.228988,-0.321104,-0.332695,-0.814506,-0.22628,0.346616,-0.066872,-0.209475,-0.521153,-0.537284,0.170513,-0.648958,-0.01597,0.179259,-0.575817,0.164985,-0.241612,-0.206581,0.169347,-0.194874,-0.044646,-0.066872,-0.437174,0.548606,-0.027447,0.006567,0.4665,0.214994,0.170513,-0.446132,0.053564,-0.42971,-0.008604,-0.251807,0.268173,-0.499043,0.289769,-0.341589,-0.259396,-0.22199,0.387664,-0.332695,-0.439161,-0.42971,-0.066872,-0.498788,-0.192775,-0.439161,-0.020517,-0.251347,-0.066872,0.226058,-0.244388,-0.498788,0.331518,0.155312,0.170513,0.301401,0.362052,-0.407052,-0.066872,-0.027075,-0.253636,-0.607548,-0.439161,-0.607548,0.0,-0.226058,-0.079035,-0.439161,-0.203996,-0.439161,-0.203996,-0.406236,-0.439161,-0.31742,-0.469507,0.458726,-0.254833,-0.027005,-0.276791,0.268173,0.169347,-0.418824,-0.052875,-0.039252,0.381417,0.152712,-0.439161,-0.038464,0.379385,-0.194874,-0.030398,-0.237803,0.169347,0.393862,0.193373,-0.406332,-0.618943,-0.607548,0.011871,0.191546,-0.066872,0.203565,-0.00517,-0.052875,-0.653068,0.282008,-0.062768,0.583385,0.167482,-0.00968,-0.182288,-0.021949,-0.351717,-0.41528,-0.021949,-0.066872,0.032597,-0.351717,-0.439161,-0.264818,-0.519266,0.153645,-0.402811,-0.056543,-0.174178,-0.41528,-0.035717,-0.18888,#
6,-0.333201,0.316947,-0.481177,-0.234106,-0.256029,0.155413,1.0,-0.653264,0.640521,0.0,-0.250739,-0.029154,0.177877,0.146229,-0.245237,-0.436787,-0.199631,-0.01198,0.280943,0.407614,0.008127,0.580387,-0.272827,-0.285001,-0.228772,-0.566751,-0.48456,-0.44863,0.197409,-0.333201,0.194394,-0.480076,-0.333201,0.003337,-0.002238,0.0,0.402953,0.236791,-0.217797,-0.499303,0.399152,0.215115,-0.113774,0.387646,-0.333201,0.103297,0.294021,0.012154,0.188881,0.472469,-0.393263,-0.337132,-0.011861,-0.597491,-0.216818,-0.233576,0.277615,-0.029353,-0.071095,0.168601,0.512188,0.315827,0.496041,0.199452,-0.176467,-0.056655,0.0,-0.471923,-0.265561,0.242086,0.236791,-0.319207,-0.333201,-0.383218,-0.654744,-0.40326,0.492401,-0.20257,0.027193,0.013613,0.189772,-0.17844,0.003633,-0.22393,0.510845,0.679282,0.236159,-0.167082,0.197133,-0.182103,0.008144,0.492401,0.004583,0.574597,0.418087,0.043732,-0.006902,-0.172417,0.189772,0.004287,-0.436138,-0.417494,-0.40925,-0.245657,0.349499,0.516056,-0.33984,-0.271106,0.215273,-0.192341,0.466087,-0.333201,0.159056,-0.417494,0.492401,0.022628,-0.16279,0.159056,0.374353,-0.206067,0.492401,-0.219448,-0.223968,0.022628,-0.34282,0.643259,0.189772,0.35521,0.355619,0.031724,0.492401,0.406063,0.164884,0.237919,0.159056,0.237919,0.0,0.240718,-0.097943,0.159056,0.223869,0.159056,0.223869,0.35521,0.159056,-0.333013,0.409972,0.475014,0.225811,-0.007619,0.211732,0.349499,0.197133,0.439543,-0.021408,0.411787,0.373843,0.166046,0.159056,0.410393,0.15608,-0.182103,-0.512648,0.203846,0.197133,-0.020349,0.240095,-0.059141,-0.188706,0.237919,-0.020299,0.240915,0.492401,0.250367,-0.02715,-0.021408,0.248923,-0.354755,0.458818,0.247273,0.15265,0.00197,-0.197032,-0.037659,0.290254,0.328921,-0.037659,0.492401,-0.401451,-0.354755,0.159056,-0.284235,-0.522059,-0.253826,0.00831,-0.044364,-0.194658,0.328921,0.013469,0.250031,#
7,0.556068,-0.217841,-0.099026,0.016813,0.252924,-0.151739,-0.653264,1.0,-0.427717,0.0,0.111949,0.053451,-0.155775,-0.155677,0.568394,0.389401,0.05311,-0.37867,0.209145,-0.363844,-0.326762,-0.155775,-0.006402,0.170254,0.491631,0.1594,0.377277,0.289091,-0.427506,0.498741,-0.0787,0.152376,0.470078,-0.258135,0.265447,0.0,-0.532747,-0.386675,0.53366,0.188989,-0.533469,-0.42753,-0.058043,0.105596,0.470078,-0.242788,0.259366,0.30521,-0.044736,-0.787372,0.249324,0.227873,-0.12507,0.14341,0.072127,-0.205089,-0.543843,-0.205122,-0.326655,-0.159671,-0.751702,-0.245633,-0.796593,-0.591573,-0.298014,-0.169351,0.0,0.3038,-0.000748,0.292887,-0.386675,0.516361,0.470078,0.313849,0.396724,0.26702,-0.774557,0.023568,-0.27587,-0.267954,-0.65229,-0.101285,-0.369681,0.216547,-0.260562,-0.052148,-0.558249,0.373929,-0.086274,-0.233273,0.279494,-0.267954,0.04304,-0.65229,-0.390774,-0.362098,-0.222361,-0.221156,-0.245108,0.059593,0.278807,0.051226,0.50427,0.031506,-0.520182,-0.326762,0.171007,0.143841,0.02248,0.205967,-0.442555,-0.217841,-0.42504,0.051226,-0.795665,0.174348,0.625344,-0.42504,-0.092693,-0.067299,-0.795665,0.032244,-0.086274,0.19522,0.189651,-0.535453,-0.65229,0.170254,-0.598867,0.035069,-0.267954,-0.533335,-0.455302,0.169671,-0.42504,-0.250062,0.0,0.01385,0.557289,-0.42504,-0.254646,-0.42504,-0.238047,-0.591825,-0.42504,0.215621,0.051226,-0.326482,-0.093753,0.051226,-0.078682,0.157017,-0.550405,-0.124288,-0.260562,-0.094648,-0.309067,-0.426796,-0.42504,-0.386346,-0.243113,0.169671,0.291361,0.188916,-0.086274,-0.324044,-0.078503,0.158781,0.179282,-0.250062,0.237026,-0.417627,-0.267954,-0.527875,0.353415,-0.260562,-0.427614,-0.213275,-0.32638,-0.586703,-0.186108,-0.134091,-0.044239,0.100405,-0.213275,-0.570405,0.100405,-0.774557,-0.059679,-0.213275,-0.42504,-0.044075,0.165239,-0.26587,-0.371195,-0.132901,0.214738,-0.570405,0.202541,-0.016565,#
8,-0.218159,0.499077,-0.16774,0.035133,0.164868,0.618864,0.640521,-0.427717,1.0,0.0,0.016344,0.053061,-0.24426,0.164868,0.022252,-0.11665,-0.428065,0.060599,0.229341,0.055101,-0.327239,0.199784,0.382007,-0.538062,0.041085,-0.653426,-0.450511,-0.773517,0.022286,-0.218159,0.391035,0.015597,-0.218159,-0.257408,0.221609,0.0,0.326306,-0.407269,0.052924,-0.326912,0.335273,0.023009,-0.321633,0.03101,-0.218159,-0.201337,0.169221,0.303915,0.375494,0.291787,0.159649,-0.564802,0.352835,-0.21297,-0.428351,0.106804,0.102087,0.177288,-0.184419,-0.247457,0.331025,0.467533,0.260874,0.017903,-0.386475,0.275343,0.0,0.02048,-0.097914,-0.105337,-0.407269,-0.142118,-0.218159,-0.534099,-0.555981,0.180107,0.271346,-0.428239,-0.233938,-0.256847,0.188543,-0.521953,0.077847,0.200846,0.283018,0.399522,-0.064571,-0.5173,0.388267,-0.216339,-0.270963,0.271346,-0.395226,0.613078,0.069472,-0.352038,0.294326,-0.211019,0.188543,0.069227,-0.481141,-0.39142,-0.387075,0.02229,0.160594,-0.327239,0.174631,-0.514557,0.013443,-0.244145,0.23953,-0.218159,-0.400888,-0.39142,0.271346,-0.327072,-0.205921,-0.400888,0.356793,-0.602762,0.271346,0.051216,-0.076287,-0.327072,0.187609,0.376659,0.188543,0.16821,0.0371,-0.35676,0.271346,-0.113666,0.24036,-0.216339,-0.400888,-0.216339,0.0,0.051216,-0.123619,-0.400888,-0.221316,-0.400888,-0.221316,0.16821,-0.400888,-0.641536,0.042663,0.747975,-0.083865,0.06075,0.400178,0.160594,0.388267,-0.089874,0.283018,0.336033,0.016225,0.475933,-0.400888,0.052458,0.098881,-0.216339,-0.263607,0.198548,0.388267,0.033673,-0.076164,-0.390302,-0.229017,-0.216339,-0.382288,0.013421,0.271346,-0.056775,-0.169263,0.283018,-0.428239,-0.302416,0.114616,0.360461,0.12887,-0.129394,-0.534471,0.005399,-0.302416,0.147386,0.005399,0.271346,-0.534379,-0.302416,-0.400888,-0.719039,-0.397954,0.142473,-0.382927,0.314729,-0.253308,0.147386,0.205519,0.09169,#
9,0.0,0.0,0.0,0.0,0.0,0.0,0.0,0.0,0.0,0.0,0.0,0.0,0.0,0.0,0.0,0.0,0.0,0.0,0.0,0.0,0.0,0.0,0.0,0.0,0.0,0.0,0.0,0.0,0.0,0.0,0.0,0.0,0.0,0.0,0.0,0.0,0.0,0.0,0.0,0.0,0.0,0.0,0.0,0.0,0.0,0.0,0.0,0.0,0.0,0.0,0.0,0.0,0.0,0.0,0.0,0.0,0.0,0.0,0.0,0.0,0.0,0.0,0.0,0.0,0.0,0.0,0.0,0.0,0.0,0.0,0.0,0.0,0.0,0.0,0.0,0.0,0.0,0.0,0.0,0.0,0.0,0.0,0.0,0.0,0.0,0.0,0.0,0.0,0.0,0.0,0.0,0.0,0.0,0.0,0.0,0.0,0.0,0.0,0.0,0.0,0.0,0.0,0.0,0.0,0.0,0.0,0.0,0.0,0.0,0.0,0.0,0.0,0.0,0.0,0.0,0.0,0.0,0.0,0.0,0.0,0.0,0.0,0.0,0.0,0.0,0.0,0.0,0.0,0.0,0.0,0.0,0.0,0.0,0.0,0.0,0.0,0.0,0.0,0.0,0.0,0.0,0.0,0.0,0.0,0.0,0.0,0.0,0.0,0.0,0.0,0.0,0.0,0.0,0.0,0.0,0.0,0.0,0.0,0.0,0.0,0.0,0.0,0.0,0.0,0.0,0.0,0.0,0.0,0.0,0.0,0.0,0.0,0.0,0.0,0.0,0.0,0.0,0.0,0.0,0.0,0.0,0.0,0.0,0.0,0.0,0.0,0.0,0.0,0.0,0.0,0.0,0.0,0.0,0.0,0.0,0.0,0.0,0.0,0.0,0.0,#
10,0.556068,0.470078,0.283701,0.497693,0.23658,0.67287,-0.250739,0.111949,0.016344,0.0,1.0,-0.390077,0.270119,0.23658,0.550421,-0.026774,0.53366,0.06028,-0.429112,0.054791,-0.326762,0.236729,0.440981,0.225575,0.022517,-0.213074,-0.144033,-0.178307,-0.427506,-0.217841,-0.07798,0.501876,-0.217841,-0.257314,0.265447,0.0,0.326301,0.096667,0.05311,-0.326435,-0.116479,0.041253,-0.579351,-0.519221,-0.217841,-0.870061,0.260511,-0.210046,0.377122,-0.268728,0.250462,0.228961,-0.108054,-0.195571,0.553466,0.39556,-0.65015,0.355723,0.50692,0.229704,0.288112,0.468416,-0.438989,-0.586035,0.261222,0.343136,0.0,0.117413,0.448982,-0.467398,0.096667,-0.467345,-0.217841,-0.53332,0.397824,0.26593,-0.266712,0.050108,-0.748825,-0.266712,0.180038,-0.51309,-0.344388,0.191705,-0.822485,-0.097256,-0.51309,-0.040706,-0.085182,-0.208583,0.280743,-0.266712,0.04405,0.180038,-0.348691,0.092545,0.29262,0.227942,0.180038,-0.403336,0.288421,0.052246,0.505299,0.004501,0.158677,-0.326762,0.17268,-0.489391,-0.003967,0.181448,0.237562,-0.217841,-0.412757,0.052246,-0.266712,-0.326595,-0.216193,-0.412757,-0.118561,-0.056124,-0.266712,0.059293,-0.085182,-0.326595,0.245633,-0.092671,0.180038,0.225575,0.336152,-0.348691,-0.266712,-0.08856,-0.4537,-0.653006,-0.412757,-0.653006,0.0,-0.427606,-0.317768,-0.412757,-0.213637,-0.412757,-0.213637,-0.536504,-0.412757,-0.321556,-0.406952,0.169923,-0.092671,0.052246,-0.573471,0.158677,-0.085182,-0.533237,-0.259311,-0.13692,0.519695,-0.009627,-0.412757,0.04405,0.422478,-0.208583,0.29262,-0.264685,-0.085182,0.521054,0.385972,-0.314444,-0.65317,-0.653006,0.238304,0.269983,-0.266712,-0.040706,-0.04632,-0.259311,-0.427614,0.470912,-0.325015,0.3575,0.230956,-0.089101,-0.015484,0.111661,-0.211569,-0.568751,0.111661,-0.266712,0.379136,-0.211569,-0.412757,-0.031112,-0.325015,0.212516,-0.343652,-0.530184,-0.180498,-0.568751,-0.353627,-0.425824,#
11,-0.407783,0.253487,0.239434,0.071769,0.385048,-0.460683,-0.029154,0.053451,0.053061,0.0,-0.390077,1.0,-0.43481,-0.02409,0.030234,0.222163,-0.800138,0.189389,0.297425,-0.273386,0.442224,-0.43481,-0.108622,-0.281736,0.515876,-0.019234,-0.337864,-0.399225,0.552973,0.253487,0.332118,0.119368,0.28104,0.104021,-0.611515,0.0,-0.600895,-0.280667,0.086775,0.42279,0.671534,-0.384347,0.168418,0.111701,0.28104,0.177736,-0.371007,0.074171,-0.576546,0.110163,0.354573,-0.280135,0.67119,0.385059,-0.800672,-0.072096,0.325928,-0.449766,-0.655357,-0.001689,-0.3405,0.254787,0.252371,0.306693,-0.58178,-0.427714,0.0,0.278514,-0.133793,0.295277,-0.280667,0.449885,0.28104,0.248118,-0.108082,-0.292296,0.059201,0.075107,0.089977,0.079492,0.00307,-0.083305,0.164162,0.428457,0.588757,-0.1176,-0.083305,-0.528447,0.31388,-0.415435,0.056903,0.038911,0.124117,-0.461248,-0.261019,-0.628547,-0.448796,-0.365314,-0.444939,0.594054,-0.425112,0.57344,0.155772,0.552718,-0.298678,-0.095057,-0.317505,-0.255877,0.057414,0.449599,-0.381519,0.308593,-0.162955,0.57344,0.079492,-0.109762,0.024278,-0.162955,0.264198,-0.564083,0.079492,-0.376094,-0.122823,-0.129826,0.406341,-0.146525,0.00307,-0.335999,-0.453401,-0.261019,0.038911,-0.183179,0.217754,-0.004367,-0.162955,0.027911,0.0,-0.358412,0.108519,-0.162955,-0.401148,-0.162955,-0.417104,0.369426,-0.162955,-0.302598,0.540089,0.379905,-0.128834,-0.301532,0.800613,-0.325801,-0.122823,-0.155123,0.047399,-0.212488,-0.306834,0.535192,-0.162955,-0.272124,-0.017722,-0.004367,0.065601,-0.039816,0.31388,-0.675759,-0.541856,-0.17789,0.826333,0.027911,-0.130021,-0.180631,0.038911,-0.510756,0.198226,0.588757,0.109803,-0.441189,-0.171964,-0.578755,-0.04311,-0.199989,-0.530507,0.104522,-0.441189,0.354414,0.104522,0.059201,-0.138356,0.241096,-0.162955,-0.401247,0.393812,0.376972,-0.267,0.289602,-0.025802,0.354414,0.450732,0.529457,#
12,0.380378,-0.332831,-0.379781,-0.210354,-0.177357,0.224626,0.177877,-0.155775,-0.24426,0.0,0.270119,-0.43481,1.0,0.214886,-0.149069,0.020711,0.675507,-0.382524,-0.299797,0.028889,-0.003962,0.245792,-0.197297,-0.218703,-0.653666,-0.171443,0.149574,0.081926,0.176943,-0.332831,-0.212004,0.053803,-0.332831,-0.460341,0.046565,0.0,0.025207,0.679965,0.214934,-0.498747,-0.014475,0.626222,0.233772,-0.204402,-0.332831,-0.045386,0.377205,-0.45035,0.280398,-0.044854,-0.293768,-0.220229,-0.423014,-0.187063,0.677253,-0.145072,-0.344438,0.142495,0.261059,0.235983,0.490411,-0.305332,-0.151451,-0.361408,0.247515,0.017603,0.0,-0.197277,0.241364,0.011284,0.679965,-0.096535,-0.332831,-0.393079,-0.169724,-0.33145,0.02197,0.22717,0.007511,-0.444898,-0.16886,-0.185492,-0.002238,-0.19632,-0.482326,0.243941,0.218786,0.256804,-0.205309,-0.17857,0.533789,0.02197,0.036871,0.206385,0.401677,0.439095,0.030634,0.228458,-0.16886,-0.793569,0.265799,-0.374093,0.044403,-0.653293,0.381792,0.491321,-0.289591,0.361109,-0.195595,-0.166086,0.497004,-0.332831,0.400756,-0.374093,0.02197,0.010183,-0.175961,0.400756,-0.035758,0.280121,0.02197,-0.204612,-0.615927,0.010183,-0.273746,0.23286,-0.16886,0.405569,0.707485,0.024932,0.02197,0.786442,-0.434355,-0.17857,0.400756,-0.17857,0.0,-0.204612,0.183303,0.400756,0.217036,0.400756,0.217036,-0.296738,0.400756,0.527585,0.009592,-0.006158,-0.174196,-0.374093,-0.651373,0.381792,-0.205309,0.016627,-0.482326,-0.386523,0.85581,-0.238062,0.400756,0.036871,0.488693,-0.17857,0.030634,-0.578158,-0.205309,0.073417,0.271295,-0.002463,-0.207769,-0.17857,0.565999,0.471862,0.02197,0.66386,0.474485,-0.482326,0.22717,0.393095,0.529827,0.305104,0.247783,0.05845,0.290483,0.06141,0.393095,-0.297115,0.06141,0.02197,0.430279,-0.235857,0.400756,0.616442,-0.426631,-0.177591,0.053304,-0.443924,-0.108881,-0.297115,-0.243372,0.228316,#
13,0.380139,0.300943,-0.042299,-0.243685,0.608003,0.1935,0.146229,-0.155677,0.164868,0.0,0.23658,-0.02409,0.214886,1.0,0.248293,0.45254,0.232502,-0.428238,0.490602,-0.433799,0.015839,0.214886,0.232686,-0.270556,-0.23849,-0.171335,-0.196997,-0.425937,0.21206,-0.332622,-0.709686,0.392114,-0.332622,-0.516008,0.046536,0.0,-0.006456,0.225301,0.214799,0.036394,0.369577,0.194085,-0.360337,0.089821,-0.332622,-0.423337,-0.333537,0.536922,0.181581,-0.043236,-0.291487,-0.294257,0.393495,-0.186325,0.233521,-0.186934,-0.389568,0.506653,0.423176,0.626196,0.472063,0.353542,-0.202978,-0.350978,-0.208392,0.510005,0.0,-0.367785,0.673328,0.368434,0.225301,-0.244894,-0.332622,0.021168,0.211364,0.347302,-0.062668,-0.652924,-0.513377,-0.529243,-0.236771,-0.638913,-0.428991,0.591258,-0.04864,0.176913,-0.234889,-0.640711,-0.724166,-0.185735,-0.06004,-0.568125,-0.443286,0.145592,-0.429109,0.012655,0.466638,-0.192652,-0.229418,-0.436037,0.28334,-0.443404,-0.444894,0.203119,0.268432,-0.00396,0.290026,-0.336519,0.194254,0.187812,0.120276,0.353741,-0.436713,-0.443404,-0.062668,0.010177,-0.594543,-0.436713,0.345447,-0.243809,-0.062668,-0.652911,-0.237366,0.010177,-0.326184,-0.281769,-0.236771,-0.322546,0.449048,-0.805618,-0.568125,-0.033317,-0.248174,-0.587767,-0.436713,-0.185735,0.0,-0.204483,-0.361425,-0.436713,-0.592429,-0.436713,-0.592429,-0.348541,-0.436713,-0.226956,-0.052442,0.451029,-0.68857,-0.435886,-0.269358,-0.407234,0.172995,-0.398792,-0.04864,-0.02165,0.368641,0.626554,-0.436713,-0.443286,0.12001,-0.997075,0.466638,-0.220511,-0.724166,0.422377,-0.247025,0.066247,-0.215001,-0.185735,0.038149,0.420904,-0.568125,0.20679,0.014767,-0.567317,0.219206,-0.311136,0.469125,0.583716,0.997892,-0.798581,-0.149734,0.840953,0.317421,-0.40961,0.840953,-0.062668,0.042031,0.342563,-0.436713,0.042982,0.036473,0.187431,-0.368208,0.037678,-0.139958,-0.40961,-0.029502,-0.1925,#
14,0.566074,0.478986,-0.177046,0.022728,0.248293,0.255549,-0.245237,0.568394,0.022252,0.0,0.550421,0.030234,-0.149069,0.248293,1.0,0.384611,0.059484,-0.389243,0.288536,0.031544,-0.326581,0.248448,-0.011309,0.197241,0.484608,-0.241333,-0.016329,-0.206186,-0.42727,0.478986,-0.102917,0.500779,-0.217721,-0.28563,0.273191,0.0,-0.114843,-0.149854,0.526705,0.174873,-0.110858,-0.427294,-0.457209,-0.112082,-0.217721,-0.75473,0.233003,0.325606,-0.102938,-0.801013,0.223107,0.201688,-0.102325,-0.22421,0.078748,0.004828,-0.688488,-0.241008,0.010294,0.241333,-0.228143,0.449522,-0.640328,-0.732083,-0.466704,-0.174882,0.0,0.088167,0.430845,0.170536,-0.149854,-0.061204,-0.217721,-0.112785,0.369367,0.293059,-0.305581,0.011289,-0.793534,-0.305581,-0.263804,-0.552095,-0.381166,0.202855,-0.298493,0.369367,-0.996384,-0.074009,-0.119451,-0.244554,0.248535,-0.305581,0.012279,-0.263804,-0.799142,-0.356082,0.260142,-0.215288,-0.263804,0.028193,0.058422,0.020153,0.478596,0.010256,0.115989,-0.326581,0.129639,-0.540015,0.001674,0.192457,-0.463245,-0.217721,-0.727815,0.020153,-0.818656,-0.326415,0.207189,-0.727815,-0.11298,-0.335762,-0.818656,0.019725,-0.119451,0.180927,0.216951,-0.126637,-0.263804,0.197241,-0.310543,-0.38511,-0.305581,-0.533041,-0.50379,-0.244554,-0.727815,-0.652645,0.0,-0.427369,0.049908,-0.727815,-0.652657,-0.727815,-0.249196,-0.574573,-0.727815,-0.422297,0.020153,0.176445,-0.126637,0.020153,-0.112164,0.115989,-0.570708,-0.532942,-0.298493,0.294462,0.078803,-0.004062,-0.727815,-0.405197,-0.263466,-0.244554,0.260142,0.158077,-0.119451,0.075231,-0.092756,0.152239,-0.23987,-0.652645,0.21364,0.242345,-0.305581,-0.521351,-0.067662,-0.298493,-0.427378,-0.254016,-0.358902,-0.171543,0.215585,-0.555106,-0.075608,0.506157,-0.254016,-0.62039,0.506157,-0.305581,-0.05333,-0.254016,-0.727815,-0.35448,-0.358902,-0.259919,-0.407157,-0.529891,0.184624,-0.62039,-0.067056,-0.425589,#
15,0.454405,-0.271567,-0.205774,-0.533225,0.45254,0.027373,-0.436787,0.389401,-0.11665,0.0,-0.026774,0.222163,0.020711,0.45254,0.384611,1.0,-0.082076,-0.569001,0.410612,-0.604262,0.116962,-0.347481,0.142032,-0.389421,-0.110894,-0.020736,0.505151,-0.091668,0.347907,0.373741,-0.399009,0.719161,-0.271567,-0.624541,0.148201,0.0,-0.664138,-0.186915,0.783429,0.601955,0.14988,-0.127053,0.338784,-0.164804,-0.271567,-0.096854,-0.40951,0.406134,-0.331413,-0.613531,0.303831,-0.36198,0.166341,0.405413,-0.064325,0.043625,-0.439302,-0.076086,-0.080738,0.077553,-0.0735,-0.268463,-0.50013,-0.448413,-0.485769,-0.039275,0.0,0.37188,0.554192,0.322611,-0.186915,0.374147,-0.271567,0.146059,0.082666,0.339937,-0.158175,-0.126771,-0.169008,-0.633398,-0.399373,-0.38549,0.197022,0.430835,-0.147569,0.047577,-0.38549,-0.388038,-0.405674,-0.026589,-0.158973,-0.673,-0.608826,-0.431203,-0.613298,-0.167181,0.37371,0.005055,-0.813164,-0.174282,0.288591,-0.182161,-0.18369,-0.066498,0.209571,-0.407351,0.227123,0.193091,-0.532471,0.024535,-0.576137,0.427517,-0.427521,-0.182161,-0.633398,-0.407143,-0.017532,-0.427521,-0.251249,-0.165629,-0.633398,-0.118955,-0.370843,0.06277,0.270607,-0.412411,-0.399373,-0.442375,-0.128547,-0.613298,-0.673,-0.286587,-0.340688,-0.436072,-0.427521,-0.404573,0.0,-0.533066,0.305649,-0.427521,-0.814071,-0.427521,-0.440375,-0.468852,-0.427521,0.237504,-0.214707,0.094475,-0.826751,-0.605258,0.057992,-0.478619,-0.370843,-0.664749,-0.147569,-0.269644,-0.155825,0.378535,-0.427521,-0.995503,-0.326985,-0.436072,0.37371,-0.426926,-0.405674,-0.110076,-0.797768,0.347401,0.36504,-0.404573,0.145591,0.302281,-0.673,0.060831,0.186339,-0.147569,-0.092912,-0.238477,0.076221,0.029975,0.429541,-0.641998,0.103229,0.666479,-0.238477,-0.476913,0.666479,-0.158175,0.207464,0.427338,-0.427521,0.15322,0.147958,0.000845,-0.169828,0.201976,0.419032,-0.476913,0.350296,-0.06467,#
16,0.471913,-0.218018,-0.045746,0.071953,-0.210078,0.239637,-0.199631,0.05311,-0.428065,0.0,0.53366,-0.800138,0.675507,0.232502,0.059484,-0.082076,1.0,-0.326804,-0.405498,0.140396,-0.327028,0.232648,-0.028955,0.285559,-0.42818,0.278371,0.200769,0.375856,-0.427854,-0.218018,-0.491832,0.115226,-0.218018,-0.152646,0.200929,0.0,0.413681,0.619223,0.000617,-0.326701,-0.533903,0.565783,-0.187314,-0.309225,-0.218018,-0.248316,0.281459,-0.186551,0.469233,-0.184537,-0.468593,0.281424,-0.533897,-0.17798,0.999314,-0.126371,-0.402409,0.396492,0.670115,0.225652,0.269538,-0.187548,-0.297245,-0.371713,0.548179,0.358863,0.0,-0.39996,0.462904,-0.252518,0.619223,-0.30644,-0.218018,-0.05787,0.457494,0.23138,-0.141307,0.068789,-0.149926,-0.141307,-0.185834,0.008489,-0.326904,-0.254837,-0.718514,-0.057306,0.008489,0.433715,-0.485773,0.270714,0.348338,-0.141307,0.146301,0.281153,0.137473,0.535398,0.360779,0.198517,0.281153,-0.799898,0.462823,-0.321961,0.079499,-0.427935,0.24834,0.231817,0.263081,0.234799,0.088169,-0.259294,0.323875,-0.218018,0.24956,-0.321961,-0.141307,0.247658,-0.264081,0.24956,-0.112595,0.488001,-0.141307,0.07834,0.025235,0.247658,-0.495544,0.016782,-0.185834,0.285559,0.518278,0.137473,-0.141307,0.391215,-0.291989,-0.191411,0.24956,-0.191411,0.0,0.07834,-0.22745,0.24956,0.260216,0.24956,0.260216,-0.393826,0.24956,0.400016,-0.321961,-0.326748,0.016782,0.155528,-0.997443,0.24834,0.025235,-0.064658,-0.132906,-0.050825,0.57807,-0.427143,0.24956,0.146301,0.182172,-0.191411,0.360779,-0.180431,-0.485773,0.573195,0.4451,0.066896,-0.653702,-0.191411,0.239535,0.328476,-0.141307,0.433715,-0.045455,-0.718514,0.068789,0.579889,0.308325,0.487391,0.266277,-0.019334,0.462678,0.148257,0.579889,-0.401943,0.148257,-0.141307,0.344756,-0.129777,0.24956,0.591609,-0.259677,-0.148257,0.16411,-0.530615,-0.179788,-0.401943,-0.655815,-0.42617,#
17,-0.407746,0.245693,0.664299,0.534392,-0.024591,-0.031305,-0.01198,-0.37867,0.060599,0.0,0.06028,0.189389,-0.382524,-0.428238,-0.389243,-0.569001,-0.326804,1.0,-0.437619,0.158073,0.427349,-0.040763,0.326097,0.37248,0.071866,-0.003205,-0.214653,0.098083,0.12379,-0.407746,0.358038,-0.292023,0.271831,0.598653,-0.131507,0.0,0.210439,-0.253659,-0.800065,-0.081468,0.254384,-0.33856,-0.07253,-0.001472,0.271831,0.03703,-0.281184,-0.485489,-0.141118,0.626865,0.405915,0.375496,0.229263,-0.002581,-0.32656,0.640844,0.401023,0.157299,0.128539,-0.018616,0.136944,0.245866,0.412369,0.55662,0.54183,0.070294,0.0,0.330971,-0.531563,-0.444823,-0.253659,-0.404733,0.271831,-0.17843,-0.086679,-0.310078,0.097601,0.140562,0.126794,0.598061,0.816683,0.37042,0.199828,-0.010194,0.065963,-0.547163,0.37042,-0.047978,0.365474,-0.003782,-0.368063,0.097601,0.176519,-0.027848,0.183652,0.199552,-0.423217,0.452661,0.374396,0.567675,0.008765,0.604095,0.20917,0.517143,-0.247313,-0.082333,-0.292651,-0.206549,0.046626,0.428181,0.299611,0.271831,0.150104,0.604095,0.598061,-0.116439,0.024873,0.150104,-0.16905,0.192258,0.598061,0.098468,0.321657,-0.611307,0.409429,-0.089441,0.816683,-0.296708,0.085607,0.183652,0.097601,-0.122216,0.250979,-0.003782,0.150104,0.394275,0.0,0.055055,-0.300661,0.150104,0.415087,0.150104,0.021547,0.37248,0.150104,-0.286371,-0.25943,-0.139571,0.346903,0.136042,0.340252,-0.247313,0.321657,0.238555,0.065963,-0.221692,-0.244431,0.072912,0.150104,0.568069,0.363879,0.4339,-0.403698,-0.054352,0.365474,0.140382,0.364886,-0.273536,0.02588,0.394275,-0.086969,-0.344711,0.097601,-0.047978,-0.154943,0.620595,0.097967,0.272275,-0.61143,-0.079309,-0.418642,0.664208,-0.059503,-0.675185,-0.399855,0.396514,-0.675185,0.097601,0.281704,0.247381,0.150104,-0.087474,0.392261,0.424736,0.184119,0.254024,0.007902,0.396514,0.159393,0.05709,#
18,0.188344,0.102733,-0.470225,-0.599408,0.363476,-0.253265,0.280943,0.209145,0.229341,0.0,-0.429112,0.297425,-0.299797,0.490602,0.288536,0.410612,-0.405498,-0.437619,1.0,-0.326297,0.089891,0.311805,-0.164083,-0.172315,0.145718,-0.290946,0.017658,-0.205476,0.174729,0.145539,-0.400593,-0.130287,-0.025683,-0.278823,0.219561,0.0,-0.360441,-0.253381,0.31215,0.251445,0.221483,-0.413368,-0.078655,0.727539,-0.025683,-0.037419,-0.188711,0.783561,-0.209347,-0.25311,-0.180219,-0.17649,0.254756,-0.334333,-0.406524,-0.380633,-0.178811,-0.062734,-0.204443,0.364237,-0.093853,0.107488,-0.242077,-0.221691,-0.615379,-0.047882,0.0,-0.204678,-0.001118,0.879365,-0.253381,0.119328,-0.025683,0.306188,-0.158384,0.083008,-0.160954,-0.59896,-0.249697,-0.287047,-0.419695,-0.310222,-0.308825,0.357398,0.579008,0.518528,-0.310222,-0.319468,-0.409353,-0.227427,-0.265207,-0.318569,-0.407979,-0.28407,-0.401023,-0.257099,0.023316,-0.372003,-0.385417,0.266063,0.057425,-0.418772,-0.429272,0.173082,-0.040651,0.089892,0.005498,-0.160491,0.176747,0.220623,-0.274662,0.188344,-0.487987,-0.418772,-0.287047,0.126517,0.19613,-0.487987,0.244661,-0.269245,-0.287047,-0.498003,-0.205492,0.251201,-0.232039,-0.261265,-0.419695,-0.214466,-0.215956,-0.401023,-0.318569,-0.440749,-0.201447,0.204714,-0.487987,0.229787,0.0,0.17742,0.234601,-0.487987,-0.475065,-0.487987,-0.375911,-0.214466,-0.487987,-0.194103,0.295944,0.187232,-0.371204,-0.306002,0.379495,-0.251343,-0.205492,0.121246,-0.127464,0.332887,-0.274195,0.289134,-0.487987,-0.433629,-0.395728,-0.512079,-0.072582,0.310791,-0.409353,-0.139871,-0.353334,0.463269,0.22595,0.229787,0.05995,-0.032203,-0.318569,-0.182045,0.122053,-0.329313,0.19849,-0.955509,0.220253,-0.129884,0.464623,-0.608288,-0.165167,0.568508,0.145237,-0.239502,0.568508,-0.160954,-0.403678,0.145237,-0.487987,-0.259412,0.09789,-0.376877,-0.269576,0.260627,0.30175,-0.239502,0.479512,0.046202,#
19,-0.407649,0.241474,-0.207206,0.08951,-0.850202,-0.038873,0.407614,-0.363844,0.055101,0.0,0.054791,-0.273386,0.028889,-0.433799,0.031544,-0.604262,0.140396,0.158073,-0.326297,1.0,-0.085684,0.368393,-0.582072,0.45419,0.066292,0.053336,-0.217131,0.162596,-0.3414,0.267439,0.343791,-0.299568,-0.407649,0.618573,-0.134532,0.0,0.656532,0.461069,-0.347152,-0.125285,-0.162866,0.134843,-0.075947,-0.130326,-0.407649,0.103704,0.370362,-0.416269,-0.117019,0.098263,-0.343935,0.401998,-0.59686,-0.359509,0.123295,-0.028501,0.350224,-0.471816,0.135669,-0.026883,0.100551,0.215782,0.467934,0.295539,0.195803,-0.448561,0.0,-0.402994,-0.117609,-0.315237,0.461069,-0.40571,-0.407649,-0.143073,-0.054116,-0.306549,0.628079,0.559592,0.159627,0.628079,0.403926,0.398946,0.188977,-0.846814,0.099877,0.369441,-0.031557,0.417084,0.351189,0.423251,0.168675,0.628079,0.610626,0.403926,0.212846,0.228985,0.118393,0.042309,0.403926,0.141588,-0.44416,0.182009,0.198275,-0.39243,0.461889,0.440105,-0.247217,-0.1625,0.08515,-0.40055,-0.036011,-0.407649,0.448452,0.182009,0.130924,-0.070626,0.01693,0.448452,-0.210405,0.226756,0.130924,0.525942,0.351189,0.420973,-0.262353,0.809356,0.403926,0.45419,0.002057,0.61403,0.628079,0.307371,0.291843,0.423251,0.448452,0.027823,0.0,0.092721,-0.306521,0.448452,0.443479,0.448452,0.834421,0.45419,0.448452,-0.191241,0.182009,-0.142541,0.809356,0.574869,-0.115097,0.461889,-0.086066,0.270574,0.099877,0.640136,0.190253,-0.405027,0.448452,0.595067,-0.268489,0.423251,-0.366357,0.382987,0.351189,0.146281,0.394081,0.127291,-0.382202,0.027823,-0.089406,0.362066,0.628079,-0.016378,-0.552941,0.099877,0.134537,0.268931,-0.076079,-0.015017,-0.407339,0.266493,0.337128,-0.26572,0.268931,0.436579,-0.26572,0.628079,-0.139922,-0.39876,0.448452,-0.079851,-0.610484,-0.407248,0.563968,-0.617263,-0.024028,0.436579,-0.597832,-0.349987,#
20,-0.166667,-0.166667,0.136332,-0.327252,0.015839,-0.499043,0.008127,-0.326762,-0.327239,0.0,-0.326762,0.442224,-0.003962,0.015839,-0.326581,0.116962,-0.327028,0.427349,0.089891,-0.085684,1.0,-0.003962,-0.199106,0.183813,-0.327327,-0.007861,0.218749,0.261417,0.784987,-0.166667,-0.196958,-0.088524,-0.166667,0.267347,-0.249935,0.0,-0.407596,0.172068,-0.327028,0.399601,0.622325,-0.327097,0.531246,0.241312,-0.166667,0.301435,-0.658888,-0.37388,-0.758338,0.280999,0.198593,0.1835,0.107189,0.011756,-0.327246,0.394221,0.227734,-0.168902,0.118217,0.503127,0.308476,-0.132862,0.254213,0.386493,0.213931,-0.352038,0.0,0.240118,-0.1958,0.267027,0.172068,-0.234262,-0.166667,0.094617,-0.217502,-0.633724,0.267136,0.228395,0.258492,0.267136,0.516465,0.331354,0.417676,0.012038,0.276526,-0.185517,0.331354,-0.195142,-0.1905,-0.011485,-0.341297,-0.346555,-0.082245,-0.499056,-0.087393,0.417099,-0.373389,0.516465,-0.499056,0.437636,0.279511,0.427211,-0.071837,0.228998,0.202674,0.375,-0.661598,0.192272,-0.326789,0.540595,-0.064982,0.666667,0.285716,0.427211,0.267136,-0.249873,0.029371,0.285716,-0.407365,0.382654,0.267136,-0.327154,-0.22225,-0.249873,0.199293,-0.195142,0.516465,-0.636782,0.286147,-0.087393,-0.346555,0.109195,-0.111784,0.017228,0.285716,0.505347,0.0,-0.327154,0.017366,0.285716,0.011355,0.285716,0.011355,0.183813,0.285716,0.196583,-0.077135,-0.249786,-0.195142,-0.61115,0.358827,-0.617673,-0.22225,0.116563,-0.378404,-0.407661,-0.084174,0.256563,0.285716,-0.082245,0.081764,0.017228,-0.373389,-0.499309,-0.1905,-0.062598,-0.190194,0.427312,0.517162,0.505347,0.401423,0.217502,-0.346555,0.339925,0.155386,0.276526,0.753086,-0.099209,-0.198513,-0.16764,0.044092,0.14675,0.3537,-0.05236,-0.099209,0.192272,-0.05236,0.267136,0.612372,0.694466,0.285716,0.452263,0.436728,0.05236,0.437339,0.178754,0.534598,0.192272,0.410656,0.20539,#
21,0.380378,0.301132,-0.488453,-0.243838,-0.177357,0.224626,0.580387,-0.155775,0.199784,0.0,0.236729,-0.43481,0.245792,0.214886,0.248448,-0.347481,0.232648,-0.040763,0.311805,0.368393,-0.003962,1.0,-0.197297,0.353546,-0.23864,-0.576377,-0.083208,0.042839,-0.221179,-0.332831,-0.261152,-0.431157,-0.332831,-0.044188,0.531614,0.0,0.373541,0.225442,-0.21021,-0.498747,-0.014475,-0.204576,-0.360563,0.536077,-0.332831,-0.423602,0.377205,0.023703,0.166251,-0.044854,-0.293768,0.331346,-0.423014,-0.99382,0.233667,0.017963,-0.392907,0.142495,0.404706,0.594817,0.472359,0.300067,-0.203105,-0.361408,0.155968,0.017603,0.0,-0.370074,-0.189643,0.368665,0.225442,-0.693681,-0.332831,-0.393079,-0.236641,-0.307345,-0.0341,-0.213082,-0.485249,-0.0341,0.161319,-0.210264,-0.405951,-0.219214,-0.019838,0.650509,-0.210264,0.231862,-0.254624,-0.201324,-0.011739,-0.0341,-0.02458,0.161319,0.001847,0.415818,-0.026224,0.205465,0.161319,-0.024894,0.265799,-0.436159,-0.018217,-0.255095,0.306841,0.491321,-0.36515,-0.298639,0.194376,0.195462,0.42491,-0.332831,-0.153966,-0.436159,-0.0341,0.010183,0.219719,-0.153966,-0.059597,0.251514,-0.0341,-0.22954,-0.254624,0.010183,-0.326389,0.183973,0.161319,0.353546,0.44933,0.001847,-0.0341,0.004919,-0.506699,0.208241,-0.153966,0.208241,0.0,0.21917,-0.003853,-0.153966,0.194541,-0.153966,0.194541,-0.34876,-0.153966,-0.227098,-0.012978,-0.041348,0.183973,-0.036488,-0.244138,0.306841,-0.254624,0.409203,-0.53884,0.382152,0.412229,-0.267635,-0.153966,0.371127,0.130164,-0.201324,-0.51938,0.17503,-0.254624,0.405776,0.632018,0.356685,-0.58352,0.208241,0.508268,0.243738,-0.0341,0.231862,0.054796,-0.53884,0.22717,-0.312903,0.015102,0.196613,0.222825,0.008899,0.24054,0.035477,0.316048,-0.371775,0.035477,-0.0341,0.025881,-0.312903,-0.153966,0.031061,-0.488297,-0.618455,0.005467,-0.428668,0.232956,-0.371775,-0.000465,-0.229663,#
