0,1.0,0.180884,-0.077548,0.102078,-0.082169,0.402374,-0.018345,0.23295,0.174318,-0.100071,0.359881,0.38856,0.119168,0.657501,0.053775,-0.11348,-0.048913,-0.064091,0.369917,-0.403326,-0.316101,-0.242349,0.306102,-0.112227,-0.002231,-0.432276,0.048601,0.073717,0.459028,0.332959,0.050275,0.208628,0.0,-0.532722,-0.169825,-0.539949,-0.27484,0.390723,4.7e-05,-0.048209,-0.033408,0.297787,0.268461,0.255575,-0.271497,-0.791793,0.388156,0.12721,-0.124615,-0.052587,-0.328649,0.586018,0.297888,-0.236607,-0.250721,0.461554,0.281904,-0.589441,-0.314083,0.292722,0.268197,0.343987,0.188194,-0.005562,0.321755,0.439926,0.05305,0.092729,-0.731597,0.670438,0.12721,0.191608,0.0,0.240592,-0.541001,0.240481,-0.217413,0.37309,-0.185912,0.434055,-0.573548,-0.015091,0.22897,0.520342,-0.306076,0.182645,0.269755,0.113044,0.116546,-0.372321,-0.188689,-0.178143,-0.370804,0.182645,0.385909,0.034937,0.101811,-0.139375,-0.146934,-0.204485,-0.364761,-0.533209,0.405309,-0.088214,-0.370804,0.391486,-0.086755,0.04081,-0.365668,0.156553,0.339122,0.407245,-0.372321,-0.243411,-0.673017,-0.664699,0.157613,0.365589,0.122274,-0.365668,0.145863,-0.156749,-0.21872,-0.045636,-0.533603,0.339122,-0.278968,0.183705,0.505283,-0.271497,0.240592,0.14097,-0.527931,0.421535,-0.641904,0.113044,0.0,-0.664699,-0.248106,-0.117892,0.407245,-0.81386,-0.407038,-0.509915,0.205985,0.391037,-0.407038,-0.069997,0.491231,0.322772,-0.148062,-0.372321,0.101811,-0.154273,-0.111427,-0.154273,0.334139,-0.120834,-0.126148,0.57171,-0.719379,0.118156,-0.407245,-0.332862,0.009451,-0.467119,0.614148,0.251242,0.034937,-0.533209,0.034535,-0.358998,-0.533209,0.491231,0.548758,0.365589,0.145863,0.107645,0.519404,-0.541001,0.159119,0.12696,-0.420982,0.013065,0.58447,-0.009453,0.595546,-0.368078,-0.2281,0.212513,0.182645,-0.42029,0.519404,0.046303,-0.231717,0.136069,0.238956,-0.341034,-0.383277,-0.407038,#
1,0.180884,1.0,0.294317,0.063102,0.285729,0.068158,0.495677,0.354003,0.096259,0.75955,-0.067758,-0.0077,0.197766,-0.093057,0.101291,-0.042473,-0.529514,0.508972,0.505446,0.195888,0.111245,0.5962,-0.052693,0.290839,-0.525693,0.353103,0.482846,0.024886,-0.137839,0.324235,-0.581742,0.29473,0.0,0.321897,-0.513609,-0.696315,0.411786,-0.064337,-2.4e-05,-0.529486,-0.357206,0.519751,0.268221,-0.087307,-0.269671,-0.376234,0.383146,0.705883,0.648595,0.420246,0.297092,0.195001,0.379351,-0.326315,0.179017,0.245654,-0.237246,-0.159054,-0.346155,-0.19918,0.172883,0.434839,-0.370645,0.477594,-0.100561,0.098129,0.100494,-0.008894,-0.090281,0.178378,0.352133,-0.246749,0.0,0.173516,-0.218098,0.19468,-0.223424,-0.082106,-0.155979,0.042394,-0.218098,0.338062,-0.163859,-0.003017,-0.411679,0.281409,-0.575001,0.173574,0.046143,0.014457,0.342188,-0.268199,-0.375711,0.16016,-0.002792,0.646189,0.13087,0.272964,0.256957,-0.330054,-0.480604,-0.529624,-0.428855,-0.04467,-0.808606,0.003958,-0.565045,-0.490615,-0.48687,-0.404301,0.434641,0.470603,0.014457,-0.66023,-0.190712,0.108306,0.064824,-0.076909,0.302705,-0.48687,0.173574,0.20305,0.173516,-0.529355,-0.441647,0.434641,-0.239622,0.138301,0.47989,0.444165,0.173516,-0.404507,0.174701,0.320429,0.184702,0.173574,0.0,0.108306,0.354426,-0.663083,-0.269671,-0.049173,-0.404301,-0.010192,0.158257,0.361835,0.0,0.370951,-0.376087,-0.105913,-0.213267,0.014457,0.13087,0.370275,-0.190712,0.370275,0.38018,0.367124,-0.225389,0.666247,-0.006581,0.168499,0.011897,0.439856,0.471374,0.343355,0.080541,0.222033,0.080541,-0.062309,-0.813686,-0.443385,-0.062309,0.104403,0.208517,0.328053,0.173574,0.057728,-0.319851,-0.218098,-0.208395,0.455025,-0.421374,-0.055532,-0.222482,-0.066462,0.140664,-0.672182,-0.288761,0.31233,0.281409,0.005067,0.054609,-0.49334,0.20422,-0.745817,0.222915,0.046143,0.035752,0.0,#
2,-0.077548,0.294317,1.0,0.463176,-0.027259,-0.653081,-0.199963,0.116987,0.0731,0.486372,-0.428074,0.059453,0.378443,-0.349971,-0.326955,-0.323058,-0.428091,0.463202,0.467004,0.298769,0.68432,0.084876,-0.169893,0.017539,-0.425001,0.186617,0.432029,-0.546587,-0.307768,0.521209,-0.106131,0.076976,0.0,0.534581,-0.318451,-0.43817,0.210596,-0.427854,5e-05,-0.428068,0.144663,0.165146,0.20839,-0.79939,-0.218018,-0.054733,0.177988,0.467162,-0.074206,-0.285628,-0.585128,0.036433,-0.427733,0.539526,-0.358856,-0.223201,-0.418163,-0.271478,0.040283,-0.438946,0.24737,-0.19854,-0.629084,-0.253348,-0.052232,-0.073415,-0.326942,0.380342,-0.078803,0.225238,0.027571,0.065394,0.0,0.546736,0.070343,0.210516,-0.077739,-0.427277,-0.330932,0.270358,0.534833,0.212431,0.128472,-0.038841,0.425242,0.155309,-0.330932,0.403806,0.447758,-0.054574,0.366015,-0.38579,-0.201854,0.095462,-0.652252,0.26412,0.790662,0.032501,0.023448,-0.123526,0.173886,-0.42818,-0.191159,-0.425029,-0.653725,0.259881,-0.165995,0.1933,-0.254012,-0.326861,0.280775,-0.218018,-0.054574,-0.071277,0.342781,0.333165,-0.117436,-0.149311,0.231594,-0.254012,-0.06457,0.078518,0.546736,-0.427962,0.042971,0.280775,-0.533008,-0.092053,0.583387,0.527108,0.546736,-0.327027,0.259208,0.233208,0.086963,0.403806,0.0,0.333165,0.316123,0.070343,0.527108,0.202871,-0.326861,-0.530188,0.245132,0.528624,0.175547,0.452278,-0.493089,0.088169,-0.79359,-0.054574,0.790662,0.078216,0.342781,0.078216,0.249086,0.190403,0.522535,-0.327027,-0.15777,-0.326815,0.190421,0.185583,0.459047,0.222346,-0.326323,-0.368478,-0.326323,0.05962,-0.201332,0.303148,0.05962,0.008462,-0.060184,0.353918,-0.06457,0.417325,-0.493827,0.070343,-0.058566,-0.119513,-0.31314,-0.217949,-0.073505,0.222539,0.24896,0.231813,-0.390285,0.128439,0.155309,0.215542,-0.028501,-0.099646,-0.354433,-0.506128,0.228971,-0.054574,0.436039,0.175547,#
3,0.102078,0.063102,0.463176,1.0,0.387334,-0.688248,-0.215411,-0.105331,-0.002131,0.444175,0.424929,-0.089253,0.129697,-0.550867,-0.221922,-0.139967,-0.097444,0.312185,0.337821,-0.117874,0.556873,-0.228959,-0.102607,0.388486,0.008287,0.643402,0.012994,-0.480206,-0.404121,-0.026295,0.331562,-0.087868,0.0,0.442855,-0.348739,-0.200255,-0.322848,-0.516744,0.0,0.3885,0.17427,-0.228953,0.495123,-0.576515,0.225697,0.001648,-0.238806,-0.104977,-0.441518,-0.441745,-0.367455,0.183349,-0.529563,0.586164,-0.127009,-0.040328,-0.234927,0.13548,-0.336935,-0.272932,-0.12389,0.208884,-0.370089,-0.361521,-0.147892,-0.42856,-0.22276,-0.089396,-0.301353,0.405252,-0.122952,0.604076,0.0,0.828282,0.321445,-0.144031,-0.345527,-0.516756,0.332888,0.256287,0.356618,0.204835,0.388343,0.026829,0.023954,-0.058172,-0.07682,0.587186,0.062341,0.482883,0.250016,0.293353,0.199603,-0.059175,-0.254202,0.360171,0.380864,0.386524,-0.083517,0.484395,0.433746,-0.517137,0.642658,-0.06875,-0.262336,0.243788,-0.287007,0.215762,0.160493,0.275532,-0.156955,-0.507819,0.482883,0.081718,0.203507,0.098256,0.516795,0.256616,0.324237,0.160493,0.551718,-0.060078,0.385087,-0.10031,0.420666,-0.156955,-0.365855,-0.286594,0.585061,0.253909,0.828282,-0.23275,-0.191574,-0.308337,0.329152,0.587186,0.0,0.098256,-0.063893,0.321445,0.253909,0.19509,0.297285,-0.17402,-0.151924,0.843665,0.317829,-0.298889,-0.396677,0.425178,-0.38661,0.482883,0.380864,-0.036152,0.745392,-0.036152,-0.192973,-0.494004,0.376645,-0.211591,-0.617279,-0.229188,0.275068,-0.412697,-0.388314,0.641017,0.31546,-0.15764,-0.243426,-0.018469,-0.231614,0.477864,-0.498668,0.116049,-0.345787,-0.289298,0.090639,0.077859,-0.391258,0.321445,-0.775393,0.030301,-0.262688,0.17542,0.099102,-0.224944,-0.206319,0.074056,0.316634,-0.496381,-0.058172,0.26225,-0.410286,-0.077868,-0.111347,-0.454561,-0.141548,0.043322,-0.365785,-0.247737,#
4,-0.082169,0.285729,-0.027259,0.387334,1.0,-0.181209,-0.184739,0.092302,0.083748,0.476158,0.107729,0.01704,-0.054097,-0.316418,0.259246,-0.378811,0.042453,0.286144,-0.139623,-0.322445,-0.204289,0.31595,-0.13572,0.996256,-0.423118,0.63864,0.389206,0.404852,-0.29377,0.014997,0.315948,0.15594,0.0,0.004632,-0.720823,-0.025467,-0.210271,-0.425958,-5.5e-05,0.041043,-0.189591,-0.159754,0.152719,-0.313213,-0.217052,-0.084026,0.183013,0.109701,-0.083125,0.216422,0.078351,-0.457971,0.079916,-0.148469,0.498309,-0.545101,-0.484142,0.239484,-0.801874,-0.476694,-0.547031,0.560058,0.288522,0.259836,-0.156437,0.157961,0.258318,-0.009926,0.190142,0.063208,0.168136,-0.057365,0.0,0.029348,0.013128,-0.53623,-0.531668,-0.425384,0.083776,-0.220592,0.013128,0.163367,-0.355891,0.382585,-0.130236,0.100748,-0.360185,-0.086474,-0.115871,0.360438,0.265896,0.476924,-0.230607,0.04532,0.237256,0.234977,-0.325579,0.991291,0.482937,0.286499,0.096251,-0.426282,0.217016,-0.00596,-0.230607,-0.21716,-0.768564,-0.283135,0.146001,0.208866,-0.206856,-0.217052,0.360438,-0.101305,0.244009,-0.155068,0.306646,-0.213667,-0.151807,0.146001,-0.086474,-0.414613,0.029348,0.035892,0.213554,-0.206856,-0.088712,-0.432278,-0.08044,-0.217052,0.029348,-0.325579,0.128042,-0.242696,0.476924,-0.086474,0.0,-0.155068,0.255927,0.013128,-0.217052,0.146001,0.208866,0.037321,-0.592129,0.320381,0.142081,-0.404434,-0.514665,0.542878,0.265896,0.360438,-0.325579,0.053922,0.244009,0.053922,0.217999,-0.325721,-0.422507,0.270551,0.015219,-0.325367,0.706184,0.34441,-0.099258,0.626471,0.234977,0.497413,0.234977,-0.426282,-0.236109,-0.169187,-0.426282,-0.514665,-0.089977,-0.280562,-0.086474,-0.578918,-0.522551,0.013128,-0.563153,-0.173631,0.193956,0.142912,-0.561715,0.164345,-0.373314,-0.623631,0.585467,-0.352968,0.100748,0.669423,-0.089562,-0.173182,0.509584,-0.541551,-0.5417,-0.115871,-0.586371,0.142081,#
5,0.402374,0.068158,-0.653081,-0.688248,-0.181209,1.0,0.246138,0.060461,0.00419,-0.199688,0.193997,-0.155491,0.003379,0.822174,0.503283,0.023232,0.198282,-0.514585,-0.142476,-0.051973,-0.793062,0.025829,0.173507,-0.213149,0.173317,-0.598428,-0.194127,0.651367,0.582872,-0.202856,-0.072991,0.050727,0.0,-0.653081,0.065192,0.04748,0.066214,0.647903,-2.3e-05,-0.235365,-0.143965,0.289158,-0.300255,0.834791,-0.332837,-0.25645,0.255551,0.079429,0.514215,0.581786,0.449961,0.158986,0.68268,-0.699257,-0.025914,0.399331,0.345153,0.039223,0.1383,0.385305,0.25421,0.320872,0.489019,0.5331,0.34367,0.5653,0.484001,0.079307,-0.269549,-0.010976,0.079429,-0.253,0.0,-0.457728,-0.420202,0.281514,0.389111,0.64584,-0.045773,-0.217259,-0.797441,0.161036,-0.056859,0.18991,-0.2167,-0.008606,-0.00176,-0.447316,-0.230806,-0.244028,-0.533675,-0.018486,-0.218155,-0.008606,0.58574,-0.036409,-0.499256,-0.241525,0.2218,-0.417944,-0.283573,0.221194,-0.245024,-0.190073,0.194708,0.14789,-0.009833,-0.202864,-0.193776,-0.012961,0.188326,0.373181,-0.261027,-0.40796,-0.51445,-0.40796,-0.040025,-0.037648,-0.019684,-0.209236,-0.051071,-0.017605,-0.426039,0.203961,-0.285115,0.172544,0.004646,0.477356,-0.233902,-0.332837,-0.457728,0.465215,-0.347046,0.565936,-0.418433,-0.447316,0.0,-0.39231,-0.323197,-0.404484,-0.332837,-0.595757,-0.499001,0.207377,0.27957,-0.551602,-0.499001,-0.019234,0.620059,-0.249331,0.486586,-0.261027,-0.499256,0.187784,-0.533823,0.20489,0.184168,0.181674,-0.412264,0.521949,0.002834,0.047308,-0.499256,0.112307,0.209947,-0.634676,0.463103,0.407325,0.483083,-0.207989,0.175613,-0.642758,0.221194,0.161804,0.437633,0.468659,0.361023,-0.204874,0.630295,-0.420202,0.425868,0.262808,-0.023478,-0.212614,0.001947,-0.192442,0.030197,-0.272316,-0.118706,0.426677,-0.008606,-0.509857,0.630295,-0.181861,-0.012389,0.241098,0.283568,-0.213808,-0.207583,0.025922,#
6,-0.018345,0.495677,-0.199963,-0.215411,-0.184739,0.246138,1.0,0.473909,0.38904,0.277257,0.187628,-0.159226,0.418687,0.050899,0.495757,0.04523,-0.653558,0.071337,0.051288,0.509332,0.121699,0.468184,0.544107,-0.216465,-0.231161,0.189621,0.205412,-0.215604,0.073147,-0.206246,-0.533,0.430889,0.0,0.188526,0.087364,-0.378963,0.57865,-0.213148,2.3e-05,-0.238514,-0.134879,0.706657,-0.318424,0.42426,0.292803,-0.095978,0.246138,0.500299,0.537579,0.14834,0.475359,0.23127,0.672652,-0.61944,-0.050813,0.623218,0.394426,0.063186,0.006641,0.41063,0.181286,0.340959,-0.334179,0.090801,-0.109604,-0.273134,-0.021215,-0.501153,0.114399,-0.155232,0.500299,-0.175954,0.0,-0.038877,-0.410638,0.207874,0.01226,-0.229763,-0.038877,-0.192121,0.010574,-0.219678,-0.050028,-0.69683,-0.62564,0.414686,-0.010921,0.36793,-0.645425,0.201895,-0.038298,-0.027522,-0.208847,0.382657,-0.234742,0.495546,0.007508,-0.244627,0.215231,-0.420937,-0.252081,0.198238,-0.250679,0.263863,-0.208847,-0.228515,-0.005622,-0.208847,-0.199825,-0.499012,0.602337,0.367881,-0.253634,-0.426562,-0.025636,-0.007163,-0.045843,0.469549,0.494377,-0.614138,0.36793,-0.010921,0.385715,-0.653361,-0.255865,0.17943,-0.017468,0.317638,0.070314,0.342855,-0.038877,-0.499267,0.301603,-0.050164,0.401183,0.36793,0.0,0.412237,0.30039,-0.410638,-0.332844,-0.199825,-0.016616,0.287829,0.280737,-0.184063,-0.016616,0.525253,0.166019,-0.252369,-0.038298,-0.253634,0.007508,0.198449,-0.025636,0.656844,0.17531,0.592297,-0.000945,0.514282,0.044408,0.497006,-0.499267,0.116929,0.213941,0.155903,-0.039882,-0.403228,-0.039882,0.640587,-0.602247,-0.581281,0.231004,0.166019,0.428402,-0.013637,-0.025344,0.197244,0.203073,-0.410638,0.027553,0.685317,-0.510291,-0.218326,-0.003864,-0.606284,0.026531,-0.264642,-0.494357,0.429769,0.414686,-0.509632,-0.218897,-0.634798,0.38168,-0.201832,0.283586,0.231888,0.217648,0.021976,#
7,0.23295,0.354003,0.116987,-0.105331,0.092302,0.060461,0.473909,1.0,0.203325,0.159961,-0.349348,0.519889,0.675719,0.220508,0.413822,-0.219142,-0.404383,0.120587,-0.266289,0.428708,-0.172602,0.621337,0.403084,0.050059,-0.79361,-0.043076,0.777376,-0.112507,-0.267625,0.088478,-0.493292,0.994396,0.0,-0.332274,0.015503,-0.656262,0.058817,-0.345869,9.3e-05,-0.405547,0.348127,0.841888,-0.331811,-0.175472,-0.407108,-0.307666,0.455736,0.589307,-0.010898,0.201948,-0.122233,-0.003546,0.566176,-0.556735,-0.318586,0.095958,0.445775,-0.353594,-0.357872,0.463998,-0.354852,0.267901,-0.307595,0.155253,0.499293,0.397963,-0.118442,0.234455,-0.003034,-0.280393,0.983316,-0.097903,0.0,-0.259954,-0.696735,-0.377927,-0.145163,-0.362805,-0.313924,0.386035,0.154552,-0.419018,-0.271622,-0.152898,-0.105773,0.993512,0.135824,0.237547,-0.113488,-0.126998,0.050792,-0.302614,-0.444636,0.174593,-0.064389,0.413793,0.41355,0.034391,0.095296,-0.628913,-0.200167,-0.344108,-0.073235,0.02679,-0.444636,-0.017882,0.074488,-0.39255,-0.435699,-0.160038,0.846827,0.314349,-0.596004,-0.218392,0.057189,-0.564905,-0.615508,0.570224,-0.052521,-0.86227,-0.183559,-0.652134,0.177201,-0.40978,-0.423017,0.411408,-0.213812,-0.414586,-0.094227,0.288583,-0.259954,-0.610662,0.363458,0.035231,0.138774,0.237547,0.0,-0.133097,0.334361,-0.279122,0.262817,-0.435699,-0.160038,-0.430445,-0.257934,0.056922,-0.610351,0.378992,-0.105603,0.481633,-0.470495,-0.596004,0.41355,0.078077,0.057189,0.550034,0.383076,0.26103,-0.221605,0.432875,-0.064962,-0.052081,-0.146868,0.506309,0.381078,-0.072851,-0.137477,-0.290525,-0.137477,0.111329,-0.056142,-0.654653,0.111329,-0.105603,0.674501,0.119175,-0.183559,-0.109592,-0.112958,-0.696735,0.255518,-0.046051,-0.158497,-0.451916,-0.186988,-0.03122,0.401653,-0.359432,-0.614274,0.594994,0.993512,-0.172846,-0.112958,-0.57197,0.115391,-0.104582,-0.297652,-0.096117,-0.053031,-0.073948,#
8,0.174318,0.096259,0.0731,-0.002131,0.083748,0.00419,0.38904,0.203325,1.0,0.048761,0.160313,0.031189,0.372142,0.203568,0.51645,-0.727043,-0.780058,0.151405,0.144157,-0.099227,0.205588,0.021736,0.866097,0.088035,-0.3075,0.038256,0.340717,-0.165316,0.589115,0.391134,0.319759,0.20538,0.0,0.04878,-0.441827,-0.211409,0.545271,-0.480953,-0.000101,-0.316074,-0.367662,0.382363,-0.396669,0.180723,0.302148,-0.461046,0.766689,0.506668,-0.004226,-0.465426,-0.325705,-0.071016,0.506748,-0.415977,0.043128,0.052621,-0.128716,-0.315845,-0.36011,-0.150032,0.347094,0.358231,0.225778,-0.539493,-0.472205,-0.117027,-0.061476,-0.540215,0.185655,0.468847,0.132335,-0.32936,0.0,0.195331,-0.676473,0.3259,-0.510538,-0.491777,-0.61041,-0.476911,0.24784,-0.445143,-0.165652,-0.203262,-0.46455,0.17843,0.180681,0.332176,-0.665782,-0.024519,0.004112,0.228976,-0.767053,0.981069,-0.511054,-0.082271,-0.050358,0.069191,0.575222,-0.182945,-0.082775,0.172161,0.09492,0.045905,-0.30897,-0.347973,-0.386835,0.46864,0.041361,-0.595599,0.409345,0.078335,-0.533757,-0.087017,0.225691,-0.1941,0.241074,0.141881,0.441649,-0.421803,-0.125054,-0.402382,0.669986,-0.779823,-0.156651,-0.063425,-0.255547,0.41095,0.214603,-0.397269,0.195331,-0.595903,0.373243,-0.029145,0.228976,0.332176,0.0,0.27475,0.597364,0.24784,0.330124,-0.421803,-0.056324,-0.276828,0.348251,-0.061806,0.3715,0.526181,0.376209,0.171878,0.025881,-0.533757,-0.050358,-0.339942,0.225691,0.172501,0.760829,0.616932,0.231974,0.306344,-0.157468,0.279765,-0.15527,-0.067191,0.296242,0.022915,-0.082271,-0.368177,-0.082271,0.172161,-0.322206,-0.48795,-0.285714,-0.132238,0.677085,0.030249,-0.564699,0.289308,0.380916,-0.676473,0.223645,0.273563,-0.606623,-0.136195,0.180349,-0.120982,0.304012,-0.228706,-0.31083,0.186461,0.17843,-0.155501,0.305441,-0.127094,0.527072,-0.063797,0.374539,-0.175404,0.297668,0.414642,#
9,-0.100071,0.75955,0.486372,0.444175,0.476158,-0.199688,0.277257,0.159961,0.048761,1.0,0.085855,-0.423954,0.419399,-0.334975,0.234912,-0.288883,-0.425059,0.437478,0.439358,0.338426,0.318256,0.382025,-0.155618,0.482631,-0.421991,0.636186,0.351584,-0.11167,-0.333022,-0.00287,-0.168487,0.135249,0.0,0.516888,-0.675642,-0.471673,0.342162,-0.424823,5.3e-05,-0.425036,-0.153344,0.320382,0.240035,-0.331893,-0.216474,-0.055027,0.148837,0.576459,0.519678,0.284819,0.169167,0.065459,0.059254,0.006334,0.013702,0.056123,-0.371512,0.309056,-0.274318,-0.363895,0.127815,0.555728,-0.498288,0.329671,-0.063836,-0.078368,0.234025,0.095899,-0.062003,0.108236,0.185046,0.094753,0.0,0.492229,0.059367,0.145204,-0.046576,-0.424251,0.127653,-0.158843,0.059367,0.619265,0.118981,-0.127967,-0.080562,0.145389,-0.79349,0.392282,-0.065519,0.390263,0.300721,0.003506,-0.170109,0.011232,-0.21931,0.837587,0.267667,0.462801,0.444917,-0.164696,0.188285,-0.425147,-0.229305,-0.422019,-0.649095,0.2496,-0.691174,-0.297247,-0.29317,-0.324546,0.27016,-0.216474,0.390263,-0.529989,0.278444,0.320374,0.271976,-0.158898,0.423742,-0.29317,0.392282,0.067401,0.492229,-0.424931,0.214233,0.27016,-0.529233,0.066949,0.494455,0.573364,0.492229,-0.324711,0.174606,0.266929,0.504627,0.392282,0.0,0.320374,0.271747,-0.432996,-0.216474,0.191129,-0.324546,0.041352,0.161178,0.422426,0.122801,0.233736,-0.532523,0.043412,-0.313873,0.390263,0.267667,0.570226,0.278444,0.570226,0.182385,0.155842,0.051403,0.245728,-0.184854,-0.3245,0.136028,0.379386,0.4011,0.625046,0.211715,0.033911,0.211715,0.091924,-0.661296,-0.147178,0.091924,-0.000875,-0.078185,0.28918,0.392282,-0.082395,-0.509279,0.059367,-0.531182,0.334559,-0.348592,-0.288146,-0.530732,-0.284579,-0.334827,-0.313733,-0.026442,0.139704,0.145389,0.123349,-0.09495,-0.6867,0.031338,-0.991094,0.176484,-0.065519,-0.073031,0.122801,#
10,0.359881,-0.067758,-0.428074,0.424929,0.107729,0.193997,0.187628,-0.349348,0.160313,0.085855,1.0,-0.427263,-0.085944,0.066781,0.221906,0.048828,0.046994,-0.172631,0.257168,-0.324096,0.004819,-0.476442,0.265459,0.072975,0.571237,0.254202,-0.560023,-0.042031,0.312639,-0.428083,0.430589,-0.335371,0.0,0.017539,-0.14074,0.088579,-0.151627,0.06009,-5.2e-05,0.523713,-0.18509,-0.192463,0.26272,0.491271,0.499481,-0.144719,-0.213149,-0.333023,-0.013876,-0.207207,0.203498,0.455931,0.046881,-0.016575,0.065529,0.546402,0.180096,0.336931,-0.143482,0.161377,0.219912,0.511685,0.177638,-0.173134,-0.186701,-0.390305,0.221036,-0.563502,-0.403925,0.474819,-0.333023,0.492611,0.0,0.519093,0.093846,0.238333,-0.094925,0.059288,0.519093,-0.208617,-0.353514,0.202295,0.50673,-0.050229,-0.521801,-0.374326,0.102215,0.334818,-0.513049,0.418008,-0.226842,0.53181,0.216249,0.084907,0.222277,0.199159,-0.327246,0.040568,0.031343,0.369402,0.223225,0.041343,0.646791,0.099333,0.216249,0.192584,-0.208801,0.216249,0.226079,0.22625,-0.237156,-0.218164,0.418008,-0.088691,-0.242601,-0.088691,0.805132,0.319731,0.455649,0.226079,0.78592,0.102215,0.068143,0.050182,0.300287,-0.237156,-0.075672,0.368925,0.340536,-0.218164,0.519093,0.210987,-0.523514,-0.132435,0.076493,0.334818,0.0,-0.088691,-0.362467,0.093846,-0.218164,-0.213953,0.22625,0.32093,0.199817,0.2351,0.22625,-0.393032,0.417358,0.031343,0.331576,0.418008,-0.327246,0.022503,0.308765,0.022503,-0.241036,-0.312118,0.085514,0.232517,-0.640295,0.193499,-0.327246,-0.716994,-0.545141,0.210704,0.767825,0.084029,0.199159,0.041343,-0.218913,0.045734,-0.428466,0.417358,-0.090372,-0.234503,0.334818,-0.036815,0.442876,0.093846,-0.534524,0.479496,-0.350314,0.205481,0.35237,-0.653257,-0.336451,-0.068893,0.4238,-0.35471,-0.374326,-0.349367,-0.041142,-0.100272,0.083699,-0.051054,0.229034,-0.029243,-0.517007,-0.327079,#
11,0.38856,-0.0077,0.059453,-0.089253,0.01704,-0.155491,-0.159226,0.519889,0.031189,-0.423954,-0.427263,1.0,-0.097189,0.147422,-0.326336,0.099523,0.000396,0.277922,-0.12905,-0.323267,-0.164976,0.168842,0.140833,0.005189,-0.424197,-0.260245,0.469065,-0.067837,-0.106135,0.533735,-0.276313,0.522501,0.0,-0.426978,0.175504,-0.397704,-0.313541,0.063509,-2.5e-05,-0.000888,0.090628,0.160387,0.12498,-0.287069,-0.217606,-0.470835,0.272488,0.023037,-0.527634,-0.186682,-0.454154,0.00967,0.070118,-0.125996,0.076245,-0.201497,0.213218,-0.815178,-0.436842,0.223991,-0.420244,-0.224675,0.087432,-0.152246,0.215799,0.342164,-0.326324,0.157812,0.035431,0.030359,0.449645,-0.121208,0.0,-0.341845,-0.404629,-0.462216,-0.533023,0.044582,-0.400279,0.61957,0.047535,-0.651441,-0.346198,0.41175,-0.093926,0.516334,0.491828,-0.075991,0.389112,-0.567994,0.29861,-0.396486,-0.269003,0.111677,0.189512,-0.325705,0.217606,0.019713,-0.426666,-0.134629,-0.560296,-0.427369,0.1895,0.464109,-0.269003,-0.207287,0.265129,-0.212608,-0.264574,0.161328,0.237856,0.563543,-0.567994,0.309958,-0.25721,-0.532759,-0.531999,0.287036,-0.526314,-0.264574,-0.531938,-0.361323,-0.341845,-0.00558,-0.710424,0.237856,0.314139,-0.566158,-0.114467,-0.217606,-0.341845,-0.326408,0.170656,-0.234323,-0.396486,-0.075991,0.0,-0.532759,0.244527,0.047535,0.507746,-0.264574,0.161328,-0.613047,-0.488019,0.226983,-0.326242,0.009458,-0.03714,0.512901,-0.265806,-0.567994,0.217606,-0.426469,-0.25721,-0.426469,0.238202,-0.077966,-0.351006,0.259453,0.032704,0.278171,0.175758,0.124258,-0.029247,-0.25575,-0.325705,0.080967,-0.325705,-0.427369,0.179104,-0.154396,-0.427369,-0.03714,0.381507,-0.201332,-0.531938,-0.046196,-0.038808,-0.404629,0.371251,-0.478951,0.184875,0.189757,0.342457,0.634489,0.777205,-0.347325,-0.249017,0.112648,0.516334,0.168432,-0.038808,0.37415,0.078873,0.411184,-0.46908,-0.09989,-0.044981,-0.326242,#
12,0.119168,0.197766,0.378443,0.129697,-0.054097,0.003379,0.418687,0.675719,0.372142,0.419399,-0.085944,-0.097189,1.0,0.242077,0.612418,-0.554263,-0.534253,0.006211,-0.009769,0.625365,0.146091,0.227495,0.496897,-0.085944,-0.530398,-0.003486,0.491682,-0.35503,-0.060586,-0.108289,-0.08551,0.665384,0.0,-0.069109,-0.177838,-0.531288,0.318937,-0.533957,-4.6e-05,-0.534225,0.361964,0.797414,-0.399308,-0.155382,-0.272085,-0.167643,0.397151,0.630504,0.131835,-0.021099,-0.287655,0.144052,0.368575,-0.273537,-0.631831,0.230775,0.33672,0.002571,-0.043145,0.322234,0.134127,0.412825,-0.474683,-0.096322,0.443258,0.184011,0.08217,0.237178,-0.122626,-0.089385,0.630504,0.182004,0.0,0.230291,-0.566789,0.105983,0.182336,-0.533238,-0.189072,0.028087,0.281261,-0.017842,0.218744,-0.37884,0.119016,0.697359,-0.142476,0.562926,-0.326095,0.091137,-0.102973,-0.181313,-0.395555,0.253867,-0.438171,0.612001,0.612191,-0.114873,0.356644,-0.666016,0.401397,-0.080659,-0.03374,-0.530432,-0.395555,0.381787,-0.059407,0.009167,-0.390674,-0.407919,0.842893,-0.272085,-0.376085,-0.251904,0.407567,-0.235972,-0.286848,0.421361,0.359568,-0.815623,0.143421,-0.561839,0.665784,-0.534092,0.125984,0.40913,-0.66519,0.022179,0.190028,0.420961,0.230291,-0.408127,0.296456,0.322079,0.258398,0.562926,0.0,0.194195,0.259251,-0.150765,0.395293,-0.390674,-0.407919,-0.422213,0.279069,0.009681,-0.407919,0.56425,0.073718,0.338881,-0.622278,-0.376085,0.612191,0.339369,0.407567,0.809532,0.356595,0.390057,0.26939,0.092406,-0.378811,-0.407862,-0.408127,0.30263,0.555022,-0.036995,0.062827,-0.608811,0.062827,0.373047,-0.025967,-0.454148,0.373047,0.073718,0.572609,0.421361,0.143421,0.052504,0.049772,-0.566789,0.157888,0.102337,-0.423849,-0.819621,-0.269507,-0.396454,0.084661,0.111655,-0.621606,0.656833,0.697359,-0.423092,0.049772,-0.799293,-0.2022,-0.347358,0.192236,-0.30879,0.129879,0.126444,#
13,0.657501,-0.093057,-0.349971,-0.550867,-0.316418,0.822174,0.050899,0.220508,0.203568,-0.334975,0.066781,0.147422,0.242077,1.0,0.414318,-0.221843,0.07116,-0.383966,-0.008308,-0.152814,-0.644295,-0.210892,0.403566,-0.349766,0.046569,-0.813269,-0.049027,0.35951,0.705246,0.088584,0.077762,0.208188,0.0,-0.79977,0.034732,-0.196084,0.039465,0.531237,9.3e-05,-0.372494,-0.04825,0.402665,-0.260723,0.608138,-0.407596,-0.558199,0.456282,0.146221,0.181598,0.199203,-0.12632,0.319924,0.566853,-0.549421,-0.272043,0.35809,0.442385,-0.357058,0.05249,0.460623,0.36156,0.267201,0.412058,0.152385,0.496746,0.681246,0.394594,0.230698,-0.363214,0.20774,0.146221,-0.089986,0.0,-0.292686,-0.676127,0.345502,0.233803,0.529303,-0.292686,-0.007634,-0.643965,-0.03604,0.11349,0.347378,-0.083044,0.174802,0.173811,-0.199995,-0.090435,-0.556138,-0.42422,-0.264786,-0.424309,0.174802,0.398603,-0.137642,-0.108348,-0.378755,0.09541,-0.591778,-0.204403,0.094574,-0.03604,-0.325221,-0.001912,0.361236,0.100821,-0.001912,-0.399313,-0.113818,0.411901,0.314726,-0.573529,-0.16528,-0.411815,-0.581593,-0.204927,0.079471,-0.09286,-0.415131,-0.21621,-0.263868,-0.260265,0.077009,-0.398481,0.395755,-0.159225,0.402231,-0.059825,-0.407596,-0.292686,0.375349,-0.263204,0.650751,-0.673969,-0.199995,0.0,-0.565581,-0.178757,-0.241934,0.263131,-0.810577,-0.611082,-0.348083,0.373472,-0.401709,-0.611082,0.176704,0.779852,0.077558,0.097691,-0.573529,-0.108348,0.06067,-0.431635,0.07817,0.383535,0.244446,-0.253743,0.433393,-0.282531,-0.052143,-0.611394,0.027036,0.364024,-0.850064,0.373404,0.170608,0.393846,-0.34452,0.375396,-0.601358,0.094574,0.311015,0.700688,0.597471,0.2054,-0.089831,0.77208,-0.676127,0.681853,-0.025048,-0.120357,-0.413335,0.235011,0.022635,0.432522,-0.12769,-0.361427,0.605119,0.174802,-0.618046,0.77208,-0.070736,-0.258486,0.38249,0.347572,-0.52522,-0.070345,-0.074037,#
14,0.053775,0.101291,-0.326955,-0.221922,0.259246,0.503283,0.495757,0.413822,0.51645,0.234912,0.221906,-0.326336,0.612418,0.414318,1.0,-0.610176,-0.327186,-0.346414,-0.353455,0.304169,-0.397034,0.301125,0.582166,0.221906,-0.324825,-0.001767,0.29235,0.327579,0.29519,-0.326962,0.201951,0.446299,0.0,-0.326955,-0.315403,-0.042928,0.281954,-0.327005,-2.8e-05,-0.327169,0.051066,0.561079,-0.669862,0.42065,-0.16663,-0.09027,0.503283,0.459448,0.324852,0.29464,0.229723,-0.214259,0.778356,-0.747393,-0.163914,0.120634,0.190673,0.314648,-0.207209,0.197342,0.006149,0.657385,0.24708,0.180132,0.156475,0.287375,0.350524,-0.114258,0.031335,-0.099218,0.459448,-0.196569,0.0,-0.154205,-0.611692,0.018628,0.111666,-0.326565,-0.154205,-0.498835,-0.082532,-0.048791,-0.158537,-0.263103,-0.1987,0.398015,-0.077377,0.049406,-0.761379,0.300737,-0.428663,0.388748,-0.499637,0.398015,-0.038177,0.326359,-0.249944,0.186367,0.763546,-0.40788,0.245823,0.22846,-0.048791,-0.324846,0.015147,-0.053908,-0.348226,0.015147,0.020991,-0.249817,0.48778,-0.16663,-0.271534,-0.407955,0.214711,-0.407955,0.056032,0.222977,0.326559,-0.499502,0.049406,-0.610784,0.379202,-0.327088,0.188859,-0.043509,-0.407374,0.241187,-0.213125,-0.16663,-0.154205,-0.249944,0.134911,0.216255,0.388748,0.049406,0.0,0.118928,0.14253,-0.082532,-0.16663,-0.499502,-0.249817,0.111104,0.124571,-0.392165,-0.249817,0.20324,0.300269,0.17611,0.231864,-0.271534,-0.249944,0.166363,0.214711,0.742235,0.45259,0.332232,-0.087507,0.363127,-0.095674,-0.249782,-0.249944,0.292419,0.30908,-0.048036,0.326359,-0.134246,0.326359,0.22846,-0.02263,-0.76716,0.22846,-0.271112,0.594899,0.222977,0.049406,-0.233248,0.281622,-0.611692,0.089796,0.308505,-0.279815,-0.517447,-0.417482,-0.498945,-0.269117,-0.238149,-0.165179,0.385687,0.398015,-0.278693,0.281622,-0.68937,0.363009,-0.202348,0.092721,-0.189108,-0.19377,0.40469,#
15,-0.11348,-0.042473,-0.323058,-0.139967,-0.378811,0.023232,0.04523,-0.219142,-0.727043,-0.288883,0.048828,0.099523,-0.554263,-0.221843,-0.610176,1.0,0.490282,0.008521,0.019213,-0.012186,-0.009951,-0.082811,-0.492945,-0.391984,0.500847,-0.020898,-0.513512,-0.096431,-0.344045,-0.329651,-0.534579,-0.250419,0.0,0.084432,0.69119,0.13457,-0.26482,0.556015,0.0,0.472919,0.041991,-0.309589,0.440481,0.169508,0.249375,0.289442,-0.751776,-0.571333,0.055515,0.173222,0.466726,0.345208,-0.330576,0.242248,0.184127,0.34265,0.368804,0.089323,0.371557,0.387923,-0.168067,-0.421451,-0.240207,0.24937,0.122006,-0.296118,-0.087968,-0.066234,-0.02263,-0.362784,-0.169928,0.254461,0.0,-0.221305,0.562722,-0.139394,0.257196,0.554027,0.581442,0.400598,-0.271816,0.050131,0.191561,-0.085872,-0.106596,-0.237502,0.117755,-0.136587,0.362781,-0.095365,0.137307,-0.281277,0.780469,-0.651848,0.421767,-0.047379,-0.07875,-0.37819,-0.797772,0.204699,-0.292265,0.077331,-0.036582,0.522407,0.350658,0.035722,0.583607,-0.424062,-0.050075,0.354756,-0.364183,0.328125,0.364747,0.204116,-0.401116,0.27472,-0.157649,0.098548,-0.309086,0.368407,0.275923,0.618097,-0.633676,0.490486,-0.178886,0.062979,0.655242,-0.172155,-0.16975,0.301875,-0.221305,0.39375,-0.236667,-0.275295,-0.247968,-0.136587,0.0,-0.148901,-0.399981,-0.304543,-0.406875,0.400598,0.354756,0.419973,-0.195668,-0.024753,-0.104009,-0.31653,-0.073621,-0.386019,0.096455,0.364747,-0.07875,0.146421,-0.421284,-0.316587,-0.782184,-0.326681,-0.245494,-0.059062,0.211823,0.434747,-0.137812,-0.234981,-0.468708,-0.013438,-0.08898,0.171851,-0.06818,0.094516,-0.012767,0.416013,0.1117,0.403445,-0.54125,-0.340695,0.292424,-0.044745,-0.045921,0.562722,-0.118324,0.022555,0.39068,0.384661,0.269534,-0.008226,-0.048959,0.127965,0.16955,-0.184104,-0.237502,-0.132068,-0.48853,0.277931,-0.243677,0.328188,-0.187919,0.345084,-0.053148,-0.610001,#
16,-0.048913,-0.529514,-0.428091,-0.097444,0.042453,0.198282,-0.653558,-0.404383,-0.780058,-0.425059,0.046994,0.000396,-0.534253,0.07116,-0.327186,0.490282,1.0,-0.399771,-0.372473,-0.324109,-0.519847,-0.350492,-0.640079,0.030016,0.518098,-0.238435,-0.529762,0.447075,-0.202136,-0.428101,0.215224,-0.358221,0.0,-0.428091,0.372845,0.549122,-0.720505,0.554024,2.4e-05,0.511785,0.263286,-0.645343,0.237133,0.076674,-0.218173,0.351414,-0.653543,-0.789571,-0.275572,0.291227,0.176002,-0.089368,-0.428036,0.298006,0.105607,-0.235338,0.125434,0.31573,0.204634,0.133956,-0.403233,-0.255922,0.351213,0.336525,0.406414,0.254036,0.235948,0.402166,-0.139615,-0.308931,-0.337373,0.305703,0.0,-0.33723,0.534544,-0.390935,0.367006,0.571031,0.546449,0.217894,-0.383065,0.258596,0.116549,0.470944,0.42483,-0.369963,0.083963,-0.533324,0.447352,-0.048831,-0.207265,0.092467,0.644978,-0.798892,0.704524,-0.326554,-0.327259,0.045403,-0.427778,0.35113,0.195347,0.053345,0.217894,-0.021779,0.644978,0.248247,0.330587,-0.207849,0.208274,0.75721,-0.652404,-0.218173,0.447352,0.338725,-0.223271,-0.077317,-0.063984,-0.215072,-0.608187,0.659563,-0.070682,0.125257,-0.799716,0.999934,0.274259,-0.191755,0.363507,-0.347748,-0.462468,-0.218173,-0.33723,0.776747,-0.497681,-0.056357,-0.374499,-0.533324,0.0,-0.534147,-0.668313,0.075739,-0.218173,0.208274,0.189725,0.234763,-0.4397,-0.161462,-0.327092,-0.785014,-0.004522,0.036078,0.36544,0.447352,-0.327259,0.071726,-0.223271,-0.42758,-0.651815,-0.756411,-0.346507,-0.327259,0.0878,-0.327046,0.20503,-0.133147,-0.495914,-0.233724,0.25666,0.534454,0.25666,-0.428483,0.665296,0.427602,0.053345,-0.004522,-0.547809,-0.164321,0.391961,-0.489454,-0.033795,0.534544,-0.092692,-0.480633,0.760686,0.213173,-0.07813,0.228072,-0.334665,0.224739,0.612304,-0.359548,-0.369963,0.196483,-0.033795,0.408427,-0.370831,0.410564,-0.462879,-0.048831,-0.504769,-0.327092,#
17,-0.064091,0.508972,0.463202,0.312185,0.286144,-0.514585,0.071337,0.120587,0.151405,0.437478,-0.172631,0.277922,0.006211,-0.383966,-0.346414,0.008521,-0.399771,1.0,0.596102,-0.224662,0.514545,0.049162,0.025598,0.293252,-0.33218,0.511747,0.261168,-0.463778,-0.2122,0.421395,-0.236491,0.091376,0.0,0.422485,-0.409979,-0.575681,0.413511,-0.308849,0.000119,-0.313353,-0.576926,0.056698,0.609989,-0.430027,0.170493,-0.43172,0.103721,0.207566,0.076274,-0.323779,-0.26449,0.251185,-0.209666,0.175629,0.499622,-0.072769,-0.209441,-0.344651,-0.50614,-0.218787,0.020327,0.22666,-0.401865,-0.215797,-0.262009,-0.286075,0.179412,-0.198036,0.430468,0.142717,0.061334,0.148576,0.0,0.24952,0.016124,0.002932,-0.62643,-0.310904,-0.010301,-0.011959,0.138755,0.018503,0.132901,0.12846,-0.370617,0.103273,-0.461268,0.517528,0.163813,-0.324923,0.967491,-0.455566,-0.11952,0.200019,-0.171946,0.330243,0.3541,0.289601,-0.169918,-0.157074,-0.215346,-0.28762,-0.034523,0.239162,-0.656367,0.026324,-0.349948,-0.405618,-0.551066,-0.495768,0.097131,0.170493,0.139253,0.280612,0.340069,0.415152,-0.047862,-0.245054,-0.20476,-0.128887,-0.038929,0.107591,0.24952,-0.402431,-0.274741,0.528067,0.234431,-0.186825,0.304143,0.236067,0.24952,-0.457379,0.610294,-0.199144,0.106091,0.517528,0.0,-0.01221,0.748538,-0.413085,0.236067,0.413914,0.136231,-0.383413,-0.062446,0.372759,0.30336,0.373631,-0.350166,0.292693,-0.410184,0.139253,0.3541,0.309421,-0.188927,-0.157676,0.126568,0.279182,-0.267359,0.280329,-0.002369,0.255573,0.181968,0.250548,0.283381,0.511534,-0.371235,-0.004648,0.174359,-0.158835,-0.626367,0.098974,-0.244691,0.245705,-0.032794,-0.178937,-0.121367,-0.170059,-0.3317,0.016124,-0.130004,-0.241718,0.024034,-0.054199,-0.068344,0.411195,0.289019,-0.371303,-0.00247,0.135047,0.103273,0.175954,-0.287473,-0.024626,0.091374,-0.44629,-0.033702,-0.344571,0.272357,-0.32864,#
18,0.369917,0.505446,0.467004,0.337821,-0.139623,-0.142476,0.051288,-0.266289,0.144157,0.439358,0.257168,-0.12905,-0.009769,-0.008308,-0.353455,0.019213,-0.372473,0.596102,1.0,-0.232566,0.510863,-0.343684,0.00631,-0.12102,0.150281,0.126439,-0.174271,-0.429523,0.266,0.427666,-0.08366,-0.338472,0.0,0.428222,-0.400176,-0.541984,0.39675,0.145553,0.0,-0.28483,-0.554791,0.037009,0.687336,-0.051661,0.16265,-0.535894,0.101874,0.20312,0.310566,-0.297515,-0.237318,0.689778,-0.220786,0.30775,0.093194,0.433192,-0.210274,-0.317223,-0.064749,-0.219302,0.702253,0.21767,-0.361878,-0.18869,-0.252817,-0.256813,0.168249,-0.164161,-0.250346,0.658433,-0.377223,0.259194,0.0,0.672283,0.054075,0.692182,-0.219125,0.142218,0.009085,0.011194,-0.250099,0.441028,0.533285,0.165812,-0.331444,-0.31456,-0.438346,0.497567,0.19981,-0.285094,0.466874,-0.41278,-0.096445,0.194287,-0.146554,0.317916,0.341565,-0.137919,-0.160082,-0.109204,-0.187707,-0.298142,-0.011193,-0.145332,-0.629083,0.42497,-0.333692,0.01096,-0.505302,-0.448685,0.076915,0.16265,0.175443,-0.118903,-0.149956,0.415038,0.391882,-0.228897,0.31884,-0.086433,0.374879,0.531466,0.243021,-0.366264,-0.238735,0.504472,-0.175194,0.483658,0.826934,0.22771,0.672283,0.048795,-0.051975,0.358554,-0.288946,0.497567,0.0,-0.008974,0.205507,-0.371769,0.22771,0.033243,-0.348358,-0.288441,0.608503,0.473249,0.314916,0.353407,0.082719,-0.147575,-0.368437,0.175443,0.341565,0.294245,-0.149956,-0.169191,0.127878,0.261368,0.151834,0.268373,-0.451865,0.243817,-0.29277,-0.247163,0.272327,0.124255,0.163254,0.039337,0.163254,-0.170367,-0.594877,0.166391,-0.255551,0.673918,-0.021336,0.334971,0.293087,0.294412,0.130268,0.054075,-0.118084,0.245972,-0.468839,-0.008634,0.364154,0.022652,0.309744,-0.121982,-0.135992,0.137154,-0.31456,-0.277448,0.196088,0.019134,-0.305249,-0.422456,0.652847,-0.304588,0.261037,-0.312129,#
19,-0.403326,0.195888,0.298769,-0.117874,-0.322445,-0.051973,0.509332,0.428708,-0.099227,0.338426,-0.324096,-0.323267,0.625365,-0.152814,0.304169,-0.012186,-0.324109,-0.224662,-0.232566,1.0,0.235198,0.518681,-0.011506,-0.324096,-0.32177,0.048794,0.300595,-0.264342,-0.41102,-0.323887,-0.5041,0.396521,0.0,0.298769,0.287007,-0.121538,0.300112,-0.32393,-3.1e-05,-0.324092,0.545857,0.573272,-0.509013,-0.14986,-0.165063,0.498402,-0.051973,0.472738,0.367784,0.315305,0.258491,-0.109902,0.173954,-0.094141,-0.604239,0.190159,0.219669,0.335545,0.511083,0.226327,0.040354,-0.150316,-0.653211,0.223485,0.275432,-0.067163,-0.247529,0.263131,0.006074,-0.538871,0.472738,-0.0905,0.0,-0.021609,-0.027153,0.053053,0.606479,-0.323493,-0.021609,0.080937,0.423014,0.080937,-0.027117,-0.753452,0.341235,0.451845,-0.15126,0.180132,-0.128279,0.358563,-0.262231,-0.146907,0.068123,-0.142302,-0.493823,0.48867,0.448764,-0.323991,0.1761,-0.404044,0.274869,0.148581,-0.494144,-0.321791,-0.057001,0.074406,0.272872,-0.057001,-0.052011,-0.247468,0.539504,-0.165063,-0.128279,-0.404119,0.281816,0.172177,-0.403543,0.290364,0.393723,-0.494804,0.180132,-0.021609,0.432171,-0.324012,0.213914,0.087526,-0.403543,0.012849,-0.041408,0.763414,-0.021609,-0.247594,0.226054,0.176563,0.442175,0.180132,0.0,0.620407,-0.019675,-0.155772,-0.165063,0.074502,-0.247468,0.198857,0.215199,-0.183436,-0.247468,0.455465,-0.266961,-0.323644,-0.42278,-0.128279,0.448764,0.306386,0.281816,0.796292,-0.067321,0.333358,0.41354,-0.247594,0.192174,-0.247433,-0.247594,0.360387,0.367244,0.054437,-0.24706,-0.605697,-0.24706,0.756412,-0.06021,-0.14706,0.756412,-0.12808,0.051593,0.290364,0.180132,0.294759,-0.273969,-0.027153,0.050206,0.340392,-0.237079,-0.48188,-0.382298,-0.494253,-0.226843,0.371382,-0.590578,0.414887,0.451845,-0.237273,-0.273969,-0.673111,-0.168682,-0.278851,0.141394,0.358563,0.349532,0.309334,#
20,-0.316101,0.111245,0.68432,0.556873,-0.204289,-0.793062,0.121699,-0.172602,0.205588,0.318256,0.004819,-0.164976,0.146091,-0.644295,-0.397034,-0.009951,-0.519847,0.514545,0.510863,0.235198,1.0,-0.152897,0.057043,-0.170063,0.02619,0.477322,-0.015607,-0.857408,-0.239203,0.197761,-0.054161,-0.212529,0.0,0.852449,-0.041939,-0.184928,0.381245,-0.519559,2.7e-05,0.018998,-0.079222,-0.061304,0.272564,-0.496467,0.547547,0.140776,-0.166314,0.114552,-0.108163,-0.646263,-0.330026,0.206715,-0.519413,0.613288,-0.107258,0.086011,-0.234507,-0.036163,0.16102,-0.276384,0.317297,-0.241095,-0.672238,-0.613805,-0.476982,-0.766786,-0.397019,-0.312354,0.164728,0.196434,-0.230485,0.244866,0.0,0.674266,0.322155,0.299786,-0.187917,-0.51886,0.012603,0.008696,0.65973,-0.009938,0.340456,-0.487513,-0.012439,-0.141608,-0.119729,0.676596,0.007211,0.18975,0.457275,-0.130645,0.154877,0.224178,-0.792055,0.199722,0.57312,-0.15826,-0.165168,0.185159,0.231154,0.011817,0.045964,0.077713,-0.301239,-0.000409,0.024485,0.337323,0.018037,-0.39692,0.017993,-0.264748,0.18975,0.192129,0.428898,0.640292,0.19699,0.047502,0.420133,0.018037,0.336197,0.333982,0.674266,-0.519691,0.214016,0.017993,-0.129195,0.092037,0.527296,0.487377,0.674266,-0.397122,0.331673,-0.283473,0.346549,0.676596,0.0,0.640292,0.355737,0.190876,0.276782,0.479211,0.229389,-0.108251,0.314468,0.423089,0.623731,0.410062,-0.296558,-0.144349,-0.549354,0.18975,0.57312,-0.008617,0.428898,-0.008617,-0.109751,0.231214,0.644702,-0.397122,-0.128994,0.192322,0.009025,-0.273252,0.017244,0.504919,-0.396266,-0.632775,-0.396266,0.504199,-0.45652,0.534814,-0.027573,0.209705,-0.296473,-0.184844,-0.174402,0.527717,-0.281537,0.322155,-0.288504,0.162083,-0.380258,0.048363,0.20207,-0.132823,0.034848,0.392601,-0.182424,-0.157824,-0.141608,0.034597,-0.464155,0.005989,-0.097899,-0.318125,0.309621,0.18975,0.540506,-0.002577,#
