0,1.0,0.115099,-0.256676,-0.670697,-0.249512,0.198552,0.198552,0.198552,-0.233103,0.430672,0.155882,-0.16885,0.591304,0.430672,0.026237,0.676464,-0.117814,-0.218122,0.213427,-0.108468,0.234053,-0.233497,0.361031,-0.601982,-0.659946,-0.986065,-0.186689,-0.466036,0.439637,0.433506,0.53847,0.189387,0.526096,-0.407914,0.000962,0.525392,0.89507,-0.31121,-0.655341,0.059997,0.105274,0.382327,0.094424,-0.339581,-0.177748,-0.560665,-0.326373,-0.374075,-0.050814,0.415814,0.005663,-0.208139,0.394755,0.303588,0.636745,0.070765,-0.5231,-0.440342,-0.369487,0.005663,0.609452,0.433913,-0.003889,0.089906,0.198266,0.246711,-0.308549,0.667012,-0.471088,-0.071732,0.489182,-0.426113,-0.601982,-0.527613,-0.133758,0.417266,-0.22538,-0.407914,-0.213867,-0.024456,-0.128821,-0.703652,-0.194172,0.069584,0.053302,-0.182475,-0.687462,-0.477654,-0.455772,0.077156,-0.558359,-0.315574,-0.37806,0.035835,-0.477654,-0.69016,-0.538016,-0.353292,0.069584,-0.058594,0.120863,-0.327776,-0.703652,0.070778,-0.501341,-0.412654,-0.120289,-0.11865,0.0,0.048306,0.202405,0.43325,-0.541921,-0.353292,-0.115494,-0.018256,-0.161894,-0.787809,-0.450607,-0.581065,-0.611559,-0.07455,-0.250321,-0.353292,-0.310432,-0.420587,-0.464412,0.52846,-0.636397,-0.407914,0.14481,-0.464412,-0.292596,0.112551,-0.306088,-0.411361,-0.407914,-0.145843,0.102059,-0.703652,0.070778,0.511925,-0.336706,-0.114626,-0.167769,-0.000381,0.0,0.530159,-0.432783,-0.80072,-0.140435,-0.587007,-0.180744,-0.80072,0.336563,-0.184919,0.257791,0.445274,-0.432783,-0.182475,0.513528,-0.344667,0.022886,-0.422924,0.087993,-0.101958,-0.611559,-0.216903,-0.407914,-0.611871,0.357027,0.255682,-0.80072,-0.111943,-0.164482,-0.432783,-0.173253,0.331241,0.162062,-0.574085,0.309357,-0.169341,-0.108563,0.540362,0.35287,-0.257991,0.555251,0.07137,-0.567536,0.660382,-0.328257,-0.143066,0.609407,-0.074287,-0.019596,0.028663,-0.115649,-0.248831,-0.002689,0.541213,#
1,0.115099,1.0,0.675318,-0.425569,-0.428096,0.133152,0.133152,0.133152,-0.37672,0.516602,-0.40131,0.417917,0.133152,0.516602,0.516389,0.437315,-0.998161,0.13646,0.45141,0.26774,0.437174,0.122707,0.260184,0.23562,0.13906,-0.121966,0.284832,-0.330519,0.000383,0.267744,0.500391,0.368385,-0.187483,0.178533,-0.340864,-0.242495,0.212232,0.34929,0.126193,-0.242495,0.35054,0.75234,-0.253955,-0.441517,0.582668,-0.349914,0.61055,-0.444906,-0.071832,-0.144274,0.428241,-0.116724,0.26773,-0.366905,-0.23779,-0.222033,-0.339377,-0.505784,-0.291514,0.428241,0.596219,-0.351235,-0.493116,-0.278456,0.614327,0.118818,-0.046367,-0.313444,-0.430717,0.065645,-0.018571,0.4137,0.263471,0.208376,-0.097941,-0.12855,-0.562865,0.178533,-0.08692,0.532658,0.263896,-0.367034,-0.012043,0.388006,-0.180986,-0.533233,-0.325548,-0.160741,0.003466,0.30585,-0.057645,-0.366116,0.012577,-0.170176,-0.160741,0.082395,0.051598,0.308131,0.388006,0.052977,-0.245631,-0.180937,-0.367034,-0.136206,-0.203173,-0.018454,-0.247485,0.572506,0.0,-0.178552,0.701746,0.267799,-0.268262,0.308131,0.558508,-0.01198,-0.30606,0.027644,0.410337,-0.326515,0.244025,0.035396,-0.367034,0.308131,-0.272556,0.36969,0.513992,0.633685,-0.259741,0.178533,0.611585,0.513992,0.101986,-0.316689,-0.347444,-0.707364,0.146072,0.397559,0.292668,-0.367034,-0.136206,0.150715,0.350632,-0.184715,-0.282687,0.473617,0.0,0.034958,-0.185201,-0.180937,0.059735,0.039545,0.435262,0.330015,-0.103118,0.395616,0.582172,-0.140602,-0.185201,-0.533233,0.707047,-0.224218,-0.166421,0.024779,0.359222,0.293003,-0.346919,0.4134,0.178533,-0.389526,-0.102964,0.479056,-0.180937,-0.294836,-0.060171,-0.185201,-0.149596,0.250298,0.161371,-0.097941,0.514598,-0.061949,-0.995439,0.134799,0.245316,0.193308,0.630756,-0.19452,-0.278037,0.430582,-0.070901,-0.022027,-0.225993,0.882718,-0.175083,-0.141913,0.255775,0.107256,0.421946,0.349237,#
2,-0.256676,0.675318,1.0,-0.241801,-0.247175,0.389293,0.389293,0.389293,-0.316024,0.325975,-0.268567,0.30228,-0.259861,0.325975,0.299831,0.251312,-0.6784,0.415563,0.627784,0.170155,0.249723,0.365673,-0.188607,0.197759,0.441792,0.270019,0.587684,-0.282573,0.299829,0.107334,-0.016013,-0.055224,-0.485443,0.092128,-0.271344,-0.476652,-0.210681,0.661067,0.365437,-0.476652,0.154223,0.505449,-0.190616,-0.337593,0.407468,-0.291135,0.385918,-0.256466,-0.052429,-0.074122,0.224736,0.015145,0.139438,-0.374668,-0.151205,-0.193347,-0.200356,-0.321568,-0.174936,0.224736,0.413661,-0.709139,-0.358534,-0.21667,0.391123,0.491219,0.344503,-0.205441,-0.254823,0.406496,-0.011979,0.647389,0.161829,0.479622,0.251548,-0.060418,-0.354245,0.092129,0.227927,0.302796,0.477106,-0.164128,-0.325816,0.645729,-0.416904,-0.361079,-0.190888,-0.109609,0.3306,0.234217,0.251548,-0.221876,0.327037,-0.11659,-0.109609,0.393371,0.394247,0.235766,0.645729,-0.214922,-0.190747,0.180845,-0.164128,-0.445789,-0.069896,0.351196,-0.111628,0.390265,0.0,-0.102784,0.473096,0.1696,-0.111628,0.235766,0.917492,0.326761,-0.601068,0.326099,0.645131,-0.170474,0.168617,-0.277578,-0.164128,0.235766,-0.142447,0.647828,0.329705,-0.091802,-0.052149,0.092129,0.392729,0.329705,0.393371,-0.213955,-0.164128,-0.458735,0.134005,0.276956,0.637478,-0.164128,-0.416904,-0.282361,0.208351,-0.138094,-0.155297,0.012585,0.0,0.058178,-0.035611,0.208762,0.357882,0.420801,0.229048,0.235129,-0.011716,0.301253,0.373426,-0.110725,-0.035611,-0.334043,0.44167,0.208762,-0.510158,0.161968,0.678102,0.23719,0.138122,0.279971,0.092129,0.1696,-0.032784,0.318332,0.208762,-0.177931,0.310846,-0.035611,0.301157,-0.167983,0.427119,0.27754,0.322936,0.26675,-0.674641,-0.186697,0.539753,0.580776,0.402268,-0.041763,-0.128946,0.300733,0.083766,-0.298637,-0.135624,0.597999,-0.576607,-0.420994,0.536943,0.367705,-0.044806,0.183494,#
3,-0.670697,-0.425569,-0.241801,1.0,0.573383,-0.682613,-0.682613,-0.682613,0.144822,-0.818616,0.138702,-0.169733,-0.682613,-0.818616,-0.406281,-0.9996,0.395171,-0.274045,-0.53833,-0.117955,-0.580123,-0.257934,-0.554032,0.410944,0.145422,0.653806,-0.11048,0.300517,-0.431898,-0.612001,-0.507565,-0.057805,-0.373171,0.263447,0.312006,0.076368,-0.58815,0.058836,0.171756,0.533226,-0.355808,-0.509066,-0.393846,0.290332,0.153951,0.973987,-0.151581,0.820928,0.285883,-0.322846,-0.62373,0.214197,-0.611968,-0.298243,-0.423005,-0.252487,0.80612,0.804391,0.584968,-0.62373,-0.655384,-0.156445,0.413192,-0.361018,-0.240982,-0.347501,0.387477,-0.438756,0.735631,-0.302328,-0.280736,-0.381397,0.388784,0.399867,0.24421,-0.28505,0.245607,0.263447,-0.139825,-0.368977,-0.496237,0.995417,0.215189,-0.336856,0.532677,0.208992,0.54979,0.125386,0.038427,0.128883,0.228178,0.613571,0.398365,-0.394576,0.125386,0.637815,0.52868,0.534309,-0.336856,0.406461,0.069796,0.069449,0.995417,0.051664,0.657986,0.427518,0.332768,-0.02046,0.0,0.136976,-0.284586,-0.612127,0.779117,0.534309,-0.276736,0.048114,0.393145,0.392929,-0.352255,0.846442,0.413777,0.462262,0.566295,0.534309,0.553625,0.158888,0.047207,-0.331456,0.737716,0.263447,-0.200823,0.047207,0.216945,-0.269571,0.574547,0.515343,0.289275,0.2499,-0.30243,0.995417,0.051664,-0.341923,0.077779,0.331339,0.406173,0.025615,0.0,-0.520424,0.614544,0.517137,0.132324,0.570371,-0.140722,0.533399,-0.211971,0.285019,-0.266915,-0.676305,0.614544,0.208992,-0.748531,0.534356,0.104673,0.504085,-0.331919,-0.0925,0.394969,-0.118561,0.263447,0.414542,-0.229391,-0.137989,0.517137,0.378333,-0.150865,0.614544,0.309009,-0.053258,-0.658905,0.661023,-0.671397,-0.155322,0.393584,-0.229488,-0.506709,0.147854,-0.624111,0.108682,0.798662,-0.578392,0.415393,0.317182,-0.392669,-0.136031,0.185834,0.095685,-0.070315,0.200461,0.175632,-0.798276,#
4,-0.249512,-0.428096,-0.247175,0.573383,1.0,-0.257285,-0.257285,-0.257285,0.156058,-0.406263,0.13488,-0.597451,-0.257285,-0.406263,-0.39983,-0.569006,0.401116,-0.265167,-0.541985,-0.611666,-0.998749,-0.232517,-0.079729,0.411319,-0.257243,0.215615,0.205361,0.328255,-0.025943,-0.075493,-0.487077,-0.340108,0.095258,-0.407868,0.319114,0.048414,-0.130869,-0.490999,0.200102,0.526197,-0.334981,-0.535367,0.179047,0.302479,-0.302255,0.498659,-0.231534,0.372091,0.347549,0.365029,-0.573782,0.355326,-0.611643,0.069949,0.083326,-0.052348,0.787772,0.385148,0.151493,-0.573782,-0.249512,-0.113551,-0.021915,-0.245832,-0.216758,0.123302,0.802595,-0.052,0.3995,-0.227493,-0.316775,-0.429493,-0.168069,0.397537,0.235556,0.416726,-0.196337,-0.407868,-0.577343,-0.329465,-0.450452,0.5463,0.256827,-0.323104,0.038194,0.233677,0.580821,0.164329,0.047686,-0.359565,0.269087,0.170509,0.408694,-0.379989,0.164329,0.186703,0.517375,0.08311,-0.323104,-0.022136,0.049166,0.092738,0.5463,0.075457,0.102625,-0.029503,0.346688,-0.355566,0.0,0.153313,-0.275017,-0.085085,0.778904,0.08311,0.020219,-0.034653,-0.150609,0.42068,-0.316167,0.350121,-0.119753,0.020956,0.995077,0.08311,0.545563,0.156377,-0.370741,-0.345341,0.259793,-0.407868,-0.192172,-0.370741,-0.220841,-0.691072,0.138756,0.047554,0.26741,0.258038,-0.274213,0.5463,0.559869,-0.654006,0.118476,0.320988,-0.069888,-0.519118,0.0,0.02269,0.614447,0.092738,0.341389,0.092137,-0.10107,0.092738,-0.244194,-0.148093,-0.293268,-0.28629,0.614447,0.687081,-0.484305,0.056723,-0.384454,0.504491,0.194237,-0.108698,-0.119753,-0.114595,-0.407868,0.401116,0.404327,-0.558087,0.092738,0.356782,0.243005,0.614447,0.265989,0.350797,-0.262519,0.235556,-0.266812,0.250183,0.400547,0.149629,-0.11964,0.121691,-0.687406,0.084358,0.339134,-0.606832,0.415477,0.316268,0.066028,-0.202637,0.005223,0.557761,-0.574484,0.211351,-0.386222,-0.30329,#
5,0.198552,0.133152,0.389293,-0.682613,-0.257285,1.0,1.0,1.0,0.15634,0.827046,-0.232776,0.246213,0.60503,0.827046,0.407141,0.688022,-0.115268,0.575495,0.705564,-0.085626,0.257767,0.580147,0.375569,-0.033831,0.156306,-0.133542,0.392833,-0.037628,0.435979,0.421238,-0.269473,-0.106514,0.112302,-0.408076,-0.490653,-0.332122,0.001572,0.148547,0.133855,-0.800836,0.094495,0.344653,0.599317,0.057417,-0.203265,-0.732521,0.01988,-0.502949,-0.11115,0.443501,0.319961,0.008059,0.421216,0.426352,0.616847,0.53847,-0.565696,-0.829176,-0.375841,0.319961,0.591304,-0.06528,-0.432695,0.603033,-0.241825,0.725772,0.03229,0.571248,-0.756961,0.658177,0.295604,0.571567,-0.602221,-0.155039,-0.183114,0.390785,-0.171841,-0.408076,0.217402,-0.032554,0.312647,-0.692561,-0.55671,0.03587,-0.797513,-0.146555,-0.252302,0.070764,0.366328,-0.384299,-0.183114,-0.70811,-0.42638,0.612191,0.070764,-0.325679,-0.183034,-0.801446,0.03587,-0.811935,0.118668,0.075373,-0.692561,-0.322295,-0.462069,-0.043642,-0.527172,0.001235,0.0,-0.441337,-0.266101,0.421325,-0.544132,-0.801446,0.470137,-0.048432,-0.608977,-0.033579,0.546616,-0.644512,-0.129398,-0.866096,-0.252302,-0.801446,-0.359083,0.02835,-0.048432,-0.161549,-0.467597,-0.408076,-0.280924,-0.048432,-0.309686,0.182882,-0.676569,-0.357662,0.254385,-0.577679,0.073214,-0.692561,-0.322295,-0.223278,-0.350416,-0.199274,-0.586731,-0.299427,0.0,0.505679,-0.432055,-0.383933,-0.190569,-0.207775,-0.191562,-0.383933,0.371618,-0.612592,0.153533,0.814823,-0.432055,-0.146555,0.211431,-0.383933,-0.37651,-0.373547,0.546616,0.384504,-0.129398,0.253871,-0.408076,0.381578,0.358025,-0.190946,-0.383933,-0.111367,0.644664,-0.432055,0.200991,-0.118004,0.997432,-0.610744,0.742727,0.663707,-0.141093,-0.266172,0.786639,0.219303,0.138692,0.09458,-0.519445,0.245941,-0.297925,-0.279205,0.610303,-0.078173,-0.553901,-0.36654,0.321786,-0.296758,-0.457621,0.549451,#
6,0.198552,0.133152,0.389293,-0.682613,-0.257285,1.0,1.0,1.0,0.15634,0.827046,-0.232776,0.246213,0.60503,0.827046,0.407141,0.688022,-0.115268,0.575495,0.705564,-0.085626,0.257767,0.580147,0.375569,-0.033831,0.156306,-0.133542,0.392833,-0.037628,0.435979,0.421238,-0.269473,-0.106514,0.112302,-0.408076,-0.490653,-0.332122,0.001572,0.148547,0.133855,-0.800836,0.094495,0.344653,0.599317,0.057417,-0.203265,-0.732521,0.01988,-0.502949,-0.11115,0.443501,0.319961,0.008059,0.421216,0.426352,0.616847,0.53847,-0.565696,-0.829176,-0.375841,0.319961,0.591304,-0.06528,-0.432695,0.603033,-0.241825,0.725772,0.03229,0.571248,-0.756961,0.658177,0.295604,0.571567,-0.602221,-0.155039,-0.183114,0.390785,-0.171841,-0.408076,0.217402,-0.032554,0.312647,-0.692561,-0.55671,0.03587,-0.797513,-0.146555,-0.252302,0.070764,0.366328,-0.384299,-0.183114,-0.70811,-0.42638,0.612191,0.070764,-0.325679,-0.183034,-0.801446,0.03587,-0.811935,0.118668,0.075373,-0.692561,-0.322295,-0.462069,-0.043642,-0.527172,0.001235,0.0,-0.441337,-0.266101,0.421325,-0.544132,-0.801446,0.470137,-0.048432,-0.608977,-0.033579,0.546616,-0.644512,-0.129398,-0.866096,-0.252302,-0.801446,-0.359083,0.02835,-0.048432,-0.161549,-0.467597,-0.408076,-0.280924,-0.048432,-0.309686,0.182882,-0.676569,-0.357662,0.254385,-0.577679,0.073214,-0.692561,-0.322295,-0.223278,-0.350416,-0.199274,-0.586731,-0.299427,0.0,0.505679,-0.432055,-0.383933,-0.190569,-0.207775,-0.191562,-0.383933,0.371618,-0.612592,0.153533,0.814823,-0.432055,-0.146555,0.211431,-0.383933,-0.37651,-0.373547,0.546616,0.384504,-0.129398,0.253871,-0.408076,0.381578,0.358025,-0.190946,-0.383933,-0.111367,0.644664,-0.432055,0.200991,-0.118004,0.997432,-0.610744,0.742727,0.663707,-0.141093,-0.266172,0.786639,0.219303,0.138692,0.09458,-0.519445,0.245941,-0.297925,-0.279205,0.610303,-0.078173,-0.553901,-0.36654,0.321786,-0.296758,-0.457621,0.549451,#
7,0.198552,0.133152,0.389293,-0.682613,-0.257285,1.0,1.0,1.0,0.15634,0.827046,-0.232776,0.246213,0.60503,0.827046,0.407141,0.688022,-0.115268,0.575495,0.705564,-0.085626,0.257767,0.580147,0.375569,-0.033831,0.156306,-0.133542,0.392833,-0.037628,0.435979,0.421238,-0.269473,-0.106514,0.112302,-0.408076,-0.490653,-0.332122,0.001572,0.148547,0.133855,-0.800836,0.094495,0.344653,0.599317,0.057417,-0.203265,-0.732521,0.01988,-0.502949,-0.11115,0.443501,0.319961,0.008059,0.421216,0.426352,0.616847,0.53847,-0.565696,-0.829176,-0.375841,0.319961,0.591304,-0.06528,-0.432695,0.603033,-0.241825,0.725772,0.03229,0.571248,-0.756961,0.658177,0.295604,0.571567,-0.602221,-0.155039,-0.183114,0.390785,-0.171841,-0.408076,0.217402,-0.032554,0.312647,-0.692561,-0.55671,0.03587,-0.797513,-0.146555,-0.252302,0.070764,0.366328,-0.384299,-0.183114,-0.70811,-0.42638,0.612191,0.070764,-0.325679,-0.183034,-0.801446,0.03587,-0.811935,0.118668,0.075373,-0.692561,-0.322295,-0.462069,-0.043642,-0.527172,0.001235,0.0,-0.441337,-0.266101,0.421325,-0.544132,-0.801446,0.470137,-0.048432,-0.608977,-0.033579,0.546616,-0.644512,-0.129398,-0.866096,-0.252302,-0.801446,-0.359083,0.02835,-0.048432,-0.161549,-0.467597,-0.408076,-0.280924,-0.048432,-0.309686,0.182882,-0.676569,-0.357662,0.254385,-0.577679,0.073214,-0.692561,-0.322295,-0.223278,-0.350416,-0.199274,-0.586731,-0.299427,0.0,0.505679,-0.432055,-0.383933,-0.190569,-0.207775,-0.191562,-0.383933,0.371618,-0.612592,0.153533,0.814823,-0.432055,-0.146555,0.211431,-0.383933,-0.37651,-0.373547,0.546616,0.384504,-0.129398,0.253871,-0.408076,0.381578,0.358025,-0.190946,-0.383933,-0.111367,0.644664,-0.432055,0.200991,-0.118004,0.997432,-0.610744,0.742727,0.663707,-0.141093,-0.266172,0.786639,0.219303,0.138692,0.09458,-0.519445,0.245941,-0.297925,-0.279205,0.610303,-0.078173,-0.553901,-0.36654,0.321786,-0.296758,-0.457621,0.549451,#
8,-0.233103,-0.37672,-0.316024,0.144822,0.156058,0.15634,0.15634,0.15634,1.0,0.002046,-0.257338,-0.174315,0.15634,0.002046,0.434022,-0.150254,0.38805,0.145595,0.043687,-0.101802,-0.133559,0.576837,-0.103153,-0.030114,-0.273581,0.327538,0.08478,0.891598,0.021336,0.427966,-0.416548,-0.549205,0.083582,0.28537,0.422767,-0.364629,-0.489755,-0.367058,0.579847,-0.364629,0.560309,-0.096965,0.105465,0.936356,-0.194933,0.159578,0.029375,0.269298,0.495653,-0.288983,0.017892,0.436549,-0.102599,0.014719,0.090824,0.636971,0.340448,-0.001142,-0.000927,0.017892,-0.233103,0.408081,0.384748,0.477041,-0.233601,-0.041838,0.040388,-0.001058,-0.123971,-0.318529,0.198346,0.036872,-0.007231,0.326043,0.25263,-0.304755,0.254599,0.28537,0.250582,0.023871,-0.071117,0.110872,0.24058,-0.399329,0.064079,0.665396,0.553983,0.590531,-0.042907,-0.329292,0.25263,0.108483,-0.000629,0.614133,0.590531,0.125075,0.276136,-0.347447,-0.399329,-0.437862,0.627158,0.543378,0.110872,0.542375,0.0205,-0.012038,-0.115777,-0.183305,0.0,0.070721,-0.498451,-0.092012,0.310981,-0.347447,-0.396007,-0.016405,0.40777,0.399378,0.111058,0.250175,0.408415,-0.059976,0.110872,-0.347447,0.145497,0.074325,-0.016405,-0.192895,-0.123663,0.28537,-0.248619,-0.016405,-0.277323,0.081588,-0.291525,0.524838,0.2587,-0.150254,-0.394213,0.110872,0.064079,-0.485439,0.106504,0.466018,-0.136666,-0.447641,0.0,-0.573291,0.075098,0.081097,0.072834,-0.148472,0.254715,0.081097,0.37418,-0.56161,0.164123,0.060071,0.075098,0.217717,-0.316755,0.081097,0.541076,0.245667,-0.434898,-0.148075,0.408415,-0.153885,0.28537,0.38805,-0.389862,-0.241437,0.081097,0.765319,0.199068,0.075098,-0.170131,-0.153197,0.123967,-0.17777,0.135864,0.646064,0.351796,-0.708191,-0.137058,0.039047,-0.257866,0.093559,-0.105834,-0.606865,-0.299241,-0.317978,0.038787,-0.221317,0.134894,0.023099,-0.109827,0.149809,-0.462472,0.097038,#
9,0.430672,0.516602,0.325975,-0.818616,-0.406263,0.827046,0.827046,0.827046,0.002046,1.0,-0.379764,0.398196,0.827046,1.0,0.590606,0.828956,-0.49988,0.415744,0.666028,0.013377,0.409446,0.410157,0.661954,0.062328,0.009486,-0.381343,0.259985,-0.17176,0.237576,0.507525,0.115457,0.248301,0.236294,-0.333253,-0.608021,-0.197044,0.292326,0.047665,-0.022332,-0.653998,0.218931,0.631641,0.474038,-0.118186,0.035489,-0.776025,0.246182,-0.647199,-0.126387,0.379262,0.456345,-0.100963,0.507498,0.353964,0.516009,0.432926,-0.673687,-0.998879,-0.471186,0.456345,0.81357,0.042185,-0.605945,0.46953,0.001319,0.534139,-0.169352,0.440661,-0.901719,0.472642,0.288187,0.463539,-0.4918,-0.270297,-0.398995,0.33535,-0.415862,-0.333253,-0.030399,0.160951,0.17879,-0.828802,-0.385286,-0.057499,-0.651285,-0.379155,-0.399589,-0.033809,0.159442,-0.248083,-0.398995,-0.85118,-0.591929,0.490212,-0.033809,-0.471125,-0.34643,-0.654496,-0.057499,-0.598696,0.026141,-0.206382,-0.828802,-0.187991,-0.549761,-0.227244,-0.633093,0.226911,0.0,-0.529337,0.010809,0.50763,-0.649628,-0.654496,0.371753,-0.240169,-0.497318,-0.213138,0.436852,-0.771006,-0.029325,-0.652715,-0.399589,-0.654496,-0.447228,-0.061518,0.145736,0.400559,-0.592761,-0.333253,-0.037776,0.145736,-0.455534,0.021056,-0.813211,-0.651894,0.312586,-0.404986,-0.085189,-0.828802,-0.187991,0.057078,-0.214783,-0.259205,-0.70479,0.086565,0.0,0.506901,-0.513684,-0.654164,-0.361686,-0.378992,-0.0293,-0.247524,0.290769,-0.439346,0.382059,0.731132,-0.513684,-0.379155,0.472669,-0.654164,-0.240924,-0.42991,0.436852,0.491134,-0.499625,0.40503,-0.333253,-0.0155,0.314172,0.005538,-0.654164,-0.237825,0.405017,-0.513684,-0.046399,0.198304,0.827925,-0.815896,0.919242,0.416981,-0.524165,-0.016598,0.656551,0.040498,0.378108,-0.003842,-0.604444,0.410591,-0.349846,-0.078303,0.515054,0.268613,-0.369116,-0.231556,0.211101,-0.439144,-0.063506,0.662001,#
10,0.155882,-0.40131,-0.268567,0.138702,0.13488,-0.232776,-0.232776,-0.232776,-0.257338,-0.379764,1.0,-0.567469,-0.232776,-0.379764,-0.389471,-0.144581,0.394393,-0.670371,-0.383244,-0.611575,-0.144534,-0.682357,-0.056664,-0.170897,-0.232525,-0.232917,-0.403242,-0.148257,0.394192,-0.098029,0.000641,0.111926,-0.373133,-0.407807,0.285955,0.517392,0.309309,0.051726,-0.249676,0.517392,-0.356503,-0.527107,0.102279,-0.385361,0.130596,0.057271,-0.671228,-0.047479,0.073171,0.392096,-0.263967,0.328789,-0.099188,-0.298131,0.086311,0.035174,-0.115407,0.374515,0.114409,-0.263967,-0.241776,0.395208,0.378091,-0.448855,0.164882,-0.205512,-0.058604,0.224936,0.095235,-0.301922,-0.314644,-0.360758,-0.170897,-0.125459,-0.205569,0.415818,0.211086,-0.407807,-0.198809,-0.016951,-0.112702,0.128012,-0.195093,0.056573,0.032694,-0.224792,-0.283456,0.044127,0.005921,0.058244,-0.172264,0.537231,-0.025129,-0.497498,0.044127,0.1423,-0.361141,0.077281,0.056573,-0.029999,0.073135,-0.378196,0.128012,-0.411448,0.04478,-0.430225,-0.140611,0.207529,0.0,0.533867,-0.257367,-0.088537,-0.140611,0.077281,-0.132192,-0.410211,-0.1536,-0.406334,-0.432099,0.350517,-0.611399,0.362007,0.128012,0.077281,-0.503428,-0.442828,-0.409268,-0.340442,-0.198332,-0.407807,-0.274247,-0.409268,0.1423,0.190089,0.128012,0.041986,-0.407807,-0.17744,0.151999,0.128012,0.069706,0.328178,-0.344254,0.321526,0.757248,0.012901,0.0,0.284891,0.039112,0.086848,0.252591,0.073094,-0.180873,-0.335467,-0.402219,0.236105,-0.519893,-0.09782,0.039112,0.225562,-0.268205,0.051075,0.038645,0.148827,0.074872,-0.125852,-0.122969,-0.185808,-0.407807,-0.108659,0.404865,0.187579,0.086848,-0.177191,-0.179259,0.039112,0.223441,0.354016,-0.25364,0.227402,-0.551728,-0.184555,0.392781,0.16586,-0.113075,0.259428,-0.255623,-0.491949,0.28391,0.228799,-0.346677,0.295051,0.070288,-0.511805,0.424027,0.115182,-0.145852,0.126561,0.052431,-0.38837,#
11,-0.16885,0.417917,0.30228,-0.169733,-0.597451,0.246213,0.246213,0.246213,-0.174315,0.398196,-0.567469,1.0,0.246213,0.398196,0.391539,0.174716,-0.408152,0.677287,0.488995,0.621996,0.586894,0.254124,0.082682,0.165101,0.682267,0.227259,-0.166793,-0.319298,-0.394064,-0.408068,0.02778,0.454232,-0.078884,0.414757,-0.759682,-0.066706,-0.299219,0.472586,-0.168786,-0.53399,-0.078646,0.526661,-0.121001,-0.078614,0.302163,-0.091549,0.328495,0.0055,-0.230576,-0.394871,0.313074,-0.331885,0.117474,0.259909,-0.123246,0.070774,-0.357216,-0.390762,-0.135613,0.313074,0.222704,-0.407054,-0.397069,0.457444,-0.163957,0.051149,-0.404134,-0.113079,-0.167452,0.630399,0.294701,0.476052,0.187767,-0.351403,-0.239854,-0.446273,0.199446,0.414757,0.211638,0.007882,0.101371,-0.157466,-0.226541,-0.09754,-0.058006,-0.220205,-0.157466,-0.083162,0.001693,0.346885,-0.239854,-0.545671,-0.399357,0.449197,-0.083162,-0.157466,-0.111089,-0.084743,-0.09754,0.0222,-0.088768,-0.07622,-0.157466,-0.058006,-0.064399,0.3995,-0.334495,0.312054,0.0,-0.586461,0.058953,0.106991,-0.351403,-0.084743,0.05785,0.032035,0.153034,-0.012059,0.404667,-0.371188,0.60258,-0.365424,-0.596381,-0.084743,-0.054582,-0.098466,0.426664,0.343671,0.176389,0.414757,-0.149691,0.426664,-0.141522,0.36325,-0.141522,-0.048576,0.388339,-0.245897,-0.162386,-0.157466,-0.531774,0.193473,-0.084743,-0.33412,-0.329055,0.532322,0.0,-0.021622,-0.117026,-0.07622,-0.708612,0.312272,-0.226541,0.339613,0.301345,0.150374,0.128272,0.292338,-0.117026,-0.663645,0.042399,-0.07622,-0.028378,-0.334764,-0.136121,0.625901,0.121648,0.197217,0.414757,0.087178,-0.364777,0.20953,-0.07622,-0.327794,0.204801,-0.117026,0.120207,-0.326839,0.294617,-0.239854,0.299849,-0.226088,-0.406173,-0.135371,0.132751,-0.078226,0.295166,0.404667,0.141495,0.188657,0.250247,0.126139,-0.054223,0.237392,-0.405421,-0.52996,0.57865,-0.560133,0.433099,-0.075448,#
12,0.591304,0.133152,-0.259861,-0.682613,-0.257285,0.60503,0.60503,0.60503,0.15634,0.827046,-0.232776,0.246213,1.0,0.827046,0.407141,0.688022,-0.115268,0.183255,0.298383,-0.085626,0.257767,0.177536,0.796988,-0.033831,-0.233524,-0.551296,-0.092386,-0.037628,0.045149,0.421238,0.126345,0.313492,0.534619,-0.408076,-0.490653,0.101231,0.430234,-0.339559,-0.266047,-0.367483,0.094495,0.344653,0.599317,0.057417,-0.203265,-0.609094,0.01988,-0.502949,-0.11115,0.443501,0.319961,-0.128064,0.421216,0.602123,0.616847,0.53847,-0.565696,-0.829176,-0.375841,0.319961,0.591304,0.440042,-0.432695,0.603033,-0.241825,0.257653,-0.369664,0.571248,-0.756961,0.264154,0.295604,0.081271,-0.602221,-0.579051,-0.571453,0.390785,-0.220826,-0.408076,-0.192881,-0.032554,-0.118205,-0.739597,-0.205606,-0.45275,-0.41673,-0.194076,-0.299338,0.012185,-0.03452,-0.384299,-0.571453,-0.755929,-0.805801,0.553076,0.012185,-0.725487,-0.589882,-0.801446,-0.45275,-0.466881,0.118668,-0.341732,-0.739597,0.058488,-0.520264,-0.431674,-0.577055,0.001235,0.0,-0.499408,-0.266101,0.421325,-0.594016,-0.801446,-0.158982,-0.444268,-0.159614,-0.417208,0.054013,-0.696775,-0.129398,-0.510828,-0.299338,-0.801446,-0.359083,-0.457484,-0.048432,0.474471,-0.55536,-0.408076,-0.280924,-0.048432,-0.709494,0.136133,-0.723605,-0.409497,0.254385,-0.577679,-0.47677,-0.739597,0.058488,0.231279,-0.350416,-0.199274,-0.638126,0.098747,0.0,0.505679,-0.48954,-0.801039,-0.605061,-0.62352,-0.191562,-0.383933,0.294391,-0.612592,0.153533,0.814823,-0.48954,-0.194076,0.211431,-0.801039,0.027818,-0.542115,0.054013,0.384504,-0.611802,0.253871,-0.408076,-0.115268,0.358025,-0.190946,-0.801039,-0.162359,0.235336,-0.48954,-0.209293,0.312457,0.585769,-0.999083,0.742727,0.242288,-0.141093,0.12312,0.351294,-0.310866,0.138692,0.036627,-0.519445,0.245941,-0.374082,0.129468,0.610303,-0.078173,-0.048271,0.017789,-0.10491,-0.692622,-0.018277,0.549451,#
13,0.430672,0.516602,0.325975,-0.818616,-0.406263,0.827046,0.827046,0.827046,0.002046,1.0,-0.379764,0.398196,0.827046,1.0,0.590606,0.828956,-0.49988,0.415744,0.666028,0.013377,0.409446,0.410157,0.661954,0.062328,0.009486,-0.381343,0.259985,-0.17176,0.237576,0.507525,0.115457,0.248301,0.236294,-0.333253,-0.608021,-0.197044,0.292326,0.047665,-0.022332,-0.653998,0.218931,0.631641,0.474038,-0.118186,0.035489,-0.776025,0.246182,-0.647199,-0.126387,0.379262,0.456345,-0.100963,0.507498,0.353964,0.516009,0.432926,-0.673687,-0.998879,-0.471186,0.456345,0.81357,0.042185,-0.605945,0.46953,0.001319,0.534139,-0.169352,0.440661,-0.901719,0.472642,0.288187,0.463539,-0.4918,-0.270297,-0.398995,0.33535,-0.415862,-0.333253,-0.030399,0.160951,0.17879,-0.828802,-0.385286,-0.057499,-0.651285,-0.379155,-0.399589,-0.033809,0.159442,-0.248083,-0.398995,-0.85118,-0.591929,0.490212,-0.033809,-0.471125,-0.34643,-0.654496,-0.057499,-0.598696,0.026141,-0.206382,-0.828802,-0.187991,-0.549761,-0.227244,-0.633093,0.226911,0.0,-0.529337,0.010809,0.50763,-0.649628,-0.654496,0.371753,-0.240169,-0.497318,-0.213138,0.436852,-0.771006,-0.029325,-0.652715,-0.399589,-0.654496,-0.447228,-0.061518,0.145736,0.400559,-0.592761,-0.333253,-0.037776,0.145736,-0.455534,0.021056,-0.813211,-0.651894,0.312586,-0.404986,-0.085189,-0.828802,-0.187991,0.057078,-0.214783,-0.259205,-0.70479,0.086565,0.0,0.506901,-0.513684,-0.654164,-0.361686,-0.378992,-0.0293,-0.247524,0.290769,-0.439346,0.382059,0.731132,-0.513684,-0.379155,0.472669,-0.654164,-0.240924,-0.42991,0.436852,0.491134,-0.499625,0.40503,-0.333253,-0.0155,0.314172,0.005538,-0.654164,-0.237825,0.405017,-0.513684,-0.046399,0.198304,0.827925,-0.815896,0.919242,0.416981,-0.524165,-0.016598,0.656551,0.040498,0.378108,-0.003842,-0.604444,0.410591,-0.349846,-0.078303,0.515054,0.268613,-0.369116,-0.231556,0.211101,-0.439144,-0.063506,0.662001,#
14,0.026237,0.516389,0.299831,-0.406281,-0.39983,0.407141,0.407141,0.407141,0.434022,0.590606,-0.389471,0.391539,0.407141,0.590606,1.0,0.411287,-0.499817,0.396435,0.560663,-0.001768,0.419592,0.406411,0.213957,0.066649,0.002574,0.066622,-0.041185,0.304323,0.231231,0.51533,0.091147,-0.057436,-0.205517,0.343624,-0.141837,-0.21116,-0.167465,0.043316,0.411974,-0.653916,0.674689,0.63129,-0.026661,0.338193,0.456806,-0.32233,0.257216,-0.233952,0.491582,-0.310104,0.454028,0.476923,-0.002549,-0.18594,0.020937,0.658831,-0.212032,-0.580129,-0.596676,0.454028,0.412078,0.026917,-0.190532,0.365903,0.406411,0.133917,-0.162954,-0.098324,-0.616033,-0.016722,0.286678,0.442517,0.088985,0.19818,0.024416,-0.319245,0.022329,0.343624,0.000379,0.582964,0.201975,-0.393142,0.048565,-0.031173,-0.184348,0.061251,0.03937,0.501592,-0.241094,0.198579,0.024416,-0.40852,-0.178216,0.521042,0.501592,-0.032716,0.100251,-0.211321,-0.031173,-0.572021,0.541119,0.248366,-0.393142,0.282507,-0.508821,-0.197867,-0.600616,0.53373,0.0,-0.002282,0.037922,0.495912,-0.184066,-0.211321,0.107904,-0.210448,0.053681,0.208037,0.467082,-0.284649,0.496217,-0.214435,-0.393142,-0.211321,-0.435401,-0.017295,0.178423,0.400097,-0.603525,0.343624,-0.004758,0.178423,-0.425488,0.081933,-0.785914,-0.175175,0.317592,0.012753,-0.088697,-0.393142,-0.184348,-0.167191,0.231772,0.415613,-0.241953,0.061804,0.0,-0.265211,0.008358,-0.202858,-0.106159,0.061697,0.407288,0.206907,0.331089,-0.025454,0.394362,0.191002,0.008358,-0.37572,0.257848,-0.202858,0.258029,0.256351,-0.065815,0.479328,0.022302,0.008536,0.343624,-0.011715,-0.371752,0.38676,-0.202858,0.241056,0.39805,0.008358,-0.054627,0.194415,0.406791,-0.395689,0.495448,0.426368,-0.52464,-0.420992,0.211218,0.35368,0.401003,0.023001,-0.173864,-0.002921,-0.314528,-0.088219,-0.009129,0.308134,-0.159749,-0.228265,0.236533,-0.004758,-0.037061,0.222023,#
15,0.676464,0.437315,0.251312,-0.9996,-0.569006,0.688022,0.688022,0.688022,-0.150254,0.828956,-0.144581,0.174716,0.688022,0.828956,0.411287,1.0,-0.408248,0.273951,0.552045,0.111666,0.574979,0.258038,0.554035,-0.40165,-0.150548,-0.657915,0.119608,-0.310829,0.436746,0.612246,0.50005,0.069022,0.367829,-0.272165,-0.321245,-0.071215,0.590707,-0.050133,-0.17744,-0.534116,0.350238,0.526264,0.387144,-0.296152,-0.141156,-0.970709,0.148434,-0.814532,-0.276724,0.330395,0.608575,-0.212513,0.612213,0.296077,0.436254,0.252097,-0.806229,-0.815777,-0.583455,0.608575,0.676464,0.149938,-0.417764,0.355728,0.241497,0.365412,-0.375002,0.448391,-0.747572,0.307573,0.291937,0.374665,-0.40165,-0.394514,-0.24401,0.293492,-0.261627,-0.272166,0.128899,0.358241,0.478972,-0.995204,-0.230796,0.330638,-0.5319,-0.224521,-0.560406,-0.138383,-0.038749,-0.123091,-0.24401,-0.623764,-0.403457,0.388586,-0.138383,-0.632872,-0.521113,-0.534522,0.330638,-0.41111,-0.064233,-0.080642,-0.995204,-0.062576,-0.657493,-0.417303,-0.343278,0.031705,0.0,-0.149111,0.2847,0.612372,-0.778781,-0.534522,0.288875,-0.047831,-0.406156,-0.398661,0.345238,-0.848139,-0.40804,-0.467066,-0.560406,-0.534522,-0.551467,-0.152635,-0.047831,0.342959,-0.739153,-0.272166,0.200904,-0.047831,-0.22223,0.254484,-0.584562,-0.532397,-0.272166,-0.25,0.298261,-0.995204,-0.062576,0.33615,-0.089087,-0.328354,-0.417027,-0.020448,0.0,0.527589,-0.614042,-0.534251,-0.13523,-0.562651,0.129823,-0.534251,0.222096,-0.285133,0.282677,0.676576,-0.614042,-0.224521,0.748831,-0.534251,-0.11628,-0.502096,0.345238,0.105949,-0.40804,0.125152,-0.272166,-0.408248,0.238784,0.145856,-0.534251,-0.371855,0.156957,-0.614042,-0.292502,0.064845,0.665235,-0.666336,0.683395,0.161593,-0.407309,0.229243,0.524647,-0.134532,0.629085,-0.10119,-0.796741,0.588978,-0.414568,-0.313412,0.40704,0.147777,-0.200809,-0.107145,0.081809,-0.205687,-0.168467,0.798596,#
16,-0.117814,-0.998161,-0.6784,0.395171,0.401116,-0.115268,-0.115268,-0.115268,0.38805,-0.49988,0.394393,-0.408152,-0.115268,-0.49988,-0.499817,-0.408248,1.0,-0.118419,-0.455865,-0.249944,-0.408118,-0.105344,-0.233252,-0.245959,-0.121615,0.122619,-0.292979,0.34858,-0.007866,-0.249948,-0.477997,-0.380404,0.203999,-0.166667,0.334653,0.218052,-0.211198,-0.363287,-0.108659,0.218052,-0.327241,-0.762923,0.284491,0.449446,-0.602973,0.314962,-0.585287,0.404821,0.046518,0.137059,-0.372673,0.109589,-0.249935,0.380308,0.220281,0.237504,0.315312,0.49163,0.270383,-0.372673,-0.611871,0.362563,0.475108,0.305474,-0.611803,-0.141327,0.012641,0.300007,0.422578,-0.059478,0.0,-0.37499,-0.245959,-0.225902,0.08046,0.117752,0.579233,-0.166667,0.109294,-0.497255,-0.216794,0.33726,0.035333,-0.376023,0.15328,0.549962,0.33726,0.191591,0.005932,-0.326637,0.08046,0.354907,-0.022461,0.200778,0.191591,-0.106503,-0.078273,-0.327327,-0.376023,-0.063662,0.231093,0.197531,0.33726,0.15328,0.183014,-0.011485,0.244727,-0.582464,0.0,0.182623,-0.69737,-0.25,0.244727,-0.327327,-0.56794,0.0,0.316551,-0.017032,-0.371798,0.302422,-0.249873,-0.04767,0.33726,-0.327327,0.250719,-0.381068,-0.497937,-0.640057,0.242878,-0.166667,-0.609282,-0.497937,-0.106503,0.346963,0.33726,0.717256,-0.166667,-0.408248,-0.287807,0.33726,0.15328,-0.137233,-0.327327,0.167563,0.278004,-0.475833,0.0,-0.035898,0.166318,0.197531,-0.067476,-0.06768,-0.406333,-0.327161,0.087432,-0.407418,-0.59968,0.163216,0.166318,0.549962,-0.687845,0.197531,0.183102,-0.04241,-0.371798,-0.30007,0.356961,-0.406522,-0.166667,0.375,0.089984,-0.494685,0.197531,0.269408,0.061789,0.166318,0.109294,-0.267136,-0.144997,0.08046,-0.50361,0.063614,0.9977,-0.137117,-0.262865,-0.219691,-0.626822,0.174964,0.252986,-0.440824,0.05748,0.013709,0.206284,-0.889863,0.195055,0.158851,-0.271956,-0.111311,-0.434765,-0.326025,#
17,-0.218122,0.13646,0.415563,-0.274045,-0.265167,0.575495,0.575495,0.575495,0.145595,0.415744,-0.670371,0.677287,0.183255,0.415744,0.396435,0.273951,-0.118419,1.0,0.580268,0.434479,0.265335,0.599744,-0.074327,-0.03748,0.580394,0.310459,0.156896,-0.030416,0.005278,-0.089334,-0.220912,-0.271951,0.123806,0.276311,-0.48055,-0.334991,-0.435278,0.173292,0.156314,-0.800466,0.106829,0.365532,0.131762,0.306888,-0.194071,-0.28157,0.22893,-0.03196,-0.048791,-0.252988,0.323631,-0.098953,-0.068053,0.472002,0.096572,0.289499,-0.113982,-0.408155,-0.426913,0.323631,0.171917,-0.5903,-0.420921,0.727827,-0.23318,0.43476,0.024283,0.030107,-0.117875,0.748167,0.395177,0.613503,-0.014902,-0.088675,0.236384,-0.296983,0.27826,0.276311,0.300553,0.031867,0.394148,-0.260181,-0.124129,0.128447,-0.325211,0.289763,0.177035,0.145436,0.006557,0.07736,0.236384,-0.638726,-0.016402,0.703886,0.145436,-0.260181,0.25383,-0.353162,0.128447,-0.370997,0.102088,0.525819,-0.260181,0.146723,-0.364673,0.388524,-0.054988,-0.167379,0.0,-0.363894,-0.019371,0.414467,-0.088675,-0.353162,0.27931,0.392639,-0.051766,0.378289,0.636534,-0.543935,0.395092,-0.770073,-0.260181,-0.353162,0.173292,0.120335,0.031911,-0.129483,0.013945,0.276311,-0.200727,0.031911,-0.228418,0.282734,-0.228418,0.121485,0.249996,-0.161148,0.098313,-0.260181,-0.325211,-0.368957,0.094751,-0.193135,-0.514997,-0.250302,0.0,-0.004251,0.089627,0.069687,-0.324459,0.23898,-0.124129,0.069687,0.491606,-0.184713,0.030748,0.457921,0.089627,-0.151961,0.06275,0.069687,-0.295529,-0.130575,0.09784,0.411682,0.395092,-0.121534,0.276311,0.374993,-0.287708,-0.138856,0.069687,-0.04355,0.662323,0.089627,0.193178,-0.543762,0.60069,-0.188291,0.339903,0.24664,-0.107783,-0.23093,0.367197,0.04274,0.19794,0.636534,-0.082742,-0.129714,0.414454,-0.255955,0.116712,-0.010716,-0.729771,-0.369132,0.383633,-0.232177,-0.359518,0.156489,#
18,0.213427,0.45141,0.627784,-0.53833,-0.541985,0.705564,0.705564,0.705564,0.043687,0.666028,-0.383244,0.488995,0.298383,0.666028,0.560663,0.552045,-0.455865,0.580268,1.0,0.237979,0.528915,0.574526,-0.108612,-0.219971,0.122655,-0.097619,0.33865,-0.278719,0.467138,0.284449,-0.095281,0.011041,-0.180506,0.071709,-0.359873,-0.188976,-0.080374,0.538946,0.015006,-0.816215,0.293916,0.813352,-0.13309,-0.049596,0.273255,-0.474071,0.042879,-0.13863,0.116139,-0.062982,0.114533,-0.02961,0.388654,0.025731,0.442965,0.294883,-0.511377,-0.675357,-0.298352,0.114533,0.719547,-0.260666,-0.10458,0.357974,0.093056,0.709894,-0.030474,0.405365,-0.660886,0.511007,0.673951,0.412552,-0.337164,0.045126,0.176741,-0.086216,-0.122967,0.071709,0.371591,0.005394,0.18799,-0.51606,-0.639582,0.269198,-0.272042,-0.209679,-0.49424,-0.236428,0.029656,0.264087,-0.26835,-0.502716,-0.2187,0.463619,-0.236428,-0.025094,0.079938,-0.328612,0.269198,-0.506786,0.316621,0.142027,-0.51606,-0.248489,-0.275224,0.374969,-0.453707,0.301525,0.0,-0.333006,0.087051,0.286837,-0.475563,-0.328612,0.512371,0.313858,-0.379407,-0.14447,0.369822,-0.445312,0.206973,-0.5307,-0.49424,-0.328612,-0.271412,0.22951,0.05221,0.152447,-0.360998,0.071709,0.04009,0.05221,-0.004485,0.206152,-0.495452,-0.303259,0.208298,-0.242565,0.31604,-0.51606,-0.74311,-0.091692,-0.306258,-0.054242,-0.36864,-0.022063,0.0,0.131285,-0.356017,-0.358798,-0.10733,0.174717,-0.150937,-0.251298,0.680908,-0.160984,0.594942,0.415944,-0.356017,-0.672639,0.363281,0.119262,-0.172567,-0.207668,0.369822,0.370039,0.082643,0.054753,0.071709,0.184395,-0.100939,0.435253,-0.358798,0.120645,0.397509,-0.356017,0.350442,-0.246736,0.722314,-0.289545,0.600339,0.409251,-0.472299,-0.373771,0.81099,0.440946,0.617512,0.329494,-0.362088,0.526304,-0.234748,-0.495319,0.455396,0.271623,-0.722472,-0.790018,0.78051,-0.082341,-0.109608,0.398111,#
19,-0.108468,0.26774,0.170155,-0.117955,-0.611666,-0.085626,-0.085626,-0.085626,-0.101802,0.013377,-0.611575,0.621996,-0.085626,0.013377,-0.001768,0.111666,-0.249944,0.434479,0.237979,1.0,0.611663,0.421662,-0.2016,-0.245905,0.407906,0.134156,0.080597,-0.189652,-0.499394,-0.249893,0.343953,0.102056,0.235621,0.650799,-0.196038,-0.327005,-0.178093,0.301819,-0.098386,-0.327005,0.215054,0.333157,-0.36761,-0.034062,-0.085824,-0.050376,0.567424,0.033818,-0.532644,-0.629986,0.372588,-0.725737,0.399595,0.127464,-0.377427,-0.432788,-0.213813,0.006133,0.201103,0.372588,-0.108468,-0.249057,-0.001455,0.232668,-0.114874,-0.226162,-0.492881,-0.297638,0.204599,0.249082,0.238312,0.316176,0.455447,-0.205137,0.099414,-0.672566,0.137395,0.650799,0.655044,0.019312,0.356391,-0.086947,0.113641,0.274043,0.238182,0.121335,-0.086947,-0.33667,0.015443,0.227979,0.099414,-0.076367,-0.003919,0.311551,-0.33667,-0.086947,-0.05838,0.207878,0.274043,0.514419,-0.370909,0.217864,-0.086947,0.238182,0.292067,0.504693,0.338186,-0.201436,0.0,-0.34105,0.431922,-0.249944,-0.205137,0.207878,-0.096246,0.526557,0.416714,0.001714,0.283565,-0.168912,0.380449,0.031585,-0.6093,0.207878,0.301819,0.265291,0.526557,0.226636,0.41984,0.650799,0.415307,0.526557,0.42536,0.374619,0.42536,0.249692,-0.16663,0.092413,0.182606,-0.086947,-0.325648,0.325172,0.207878,-0.618896,-0.185498,0.351008,0.0,-0.332151,-0.352068,0.217864,-0.287894,-0.047354,0.113641,0.217864,0.232184,0.106498,0.327587,-0.044051,-0.352068,-0.406403,0.348892,0.217864,0.273249,-0.482402,-0.360026,-0.218921,0.380449,0.102708,0.650799,-0.249944,-0.625082,0.114571,0.217864,-0.190455,-0.384379,-0.352068,-0.406725,-0.736265,-0.066165,0.099414,0.109316,-0.395734,-0.227495,-0.06257,-0.179474,-0.501594,0.449812,0.283565,-0.227023,0.136325,0.200232,-0.431735,-0.340164,0.353647,-0.106545,-0.324537,0.371393,-0.091947,0.301362,0.238622,#
20,0.234053,0.437174,0.249723,-0.580123,-0.998749,0.257767,0.257767,0.257767,-0.133559,0.409446,-0.144534,0.586894,0.257767,0.409446,0.419592,0.574979,-0.408118,0.265335,0.528915,0.611663,1.0,0.248877,0.095025,-0.401521,0.2573,-0.202133,-0.196157,-0.292744,0.019262,0.102554,0.498694,0.319294,-0.092098,0.421455,-0.30341,-0.080266,0.122692,0.471528,-0.161281,-0.533945,0.367465,0.525744,-0.165432,-0.283438,0.297204,-0.508912,0.262284,-0.394294,-0.3463,-0.375832,0.608379,-0.341797,0.611609,-0.082666,-0.109216,0.061579,-0.780074,-0.386564,-0.162895,0.608379,0.234053,0.120877,0.012608,0.247014,0.232665,-0.144007,-0.804793,0.022624,-0.401282,0.207521,0.289935,0.453908,0.193529,-0.377817,-0.235654,-0.427698,0.192114,0.421455,0.58268,0.366085,0.478818,-0.551704,-0.22224,0.330532,-0.053357,-0.215839,-0.551704,-0.128315,-0.039686,0.339399,-0.235654,-0.165783,-0.39524,0.388462,-0.128315,-0.182386,-0.512273,-0.080327,0.330532,0.014635,-0.053983,-0.071724,-0.551704,-0.053357,-0.110133,0.005147,-0.342666,0.35424,0.0,-0.139126,0.284609,0.092027,-0.769493,-0.080327,-0.02116,0.024377,0.158502,-0.390356,0.345127,-0.34807,0.126829,-0.013924,-0.994885,-0.080327,-0.55129,-0.14338,0.390026,0.342316,-0.270689,0.421455,0.208341,0.390026,0.220076,0.684055,-0.149242,-0.04383,-0.272078,-0.241753,0.275134,-0.551704,-0.531729,0.642312,-0.080327,-0.315377,0.066844,0.50984,0.0,-0.042803,-0.612688,-0.071724,-0.323192,-0.109501,0.145332,-0.071724,0.222025,0.143452,0.292481,0.277496,-0.612688,-0.663589,0.497837,-0.071724,0.399848,-0.490057,-0.200916,0.095531,0.126829,0.124578,0.421455,-0.408118,-0.418368,0.54497,-0.071724,-0.354797,-0.24415,-0.612688,-0.299697,-0.348272,0.261677,-0.235654,0.274497,-0.234394,-0.407879,-0.160095,0.097931,-0.128839,0.682179,-0.109909,-0.353994,0.580238,-0.425935,-0.322088,-0.095193,0.215319,0.018459,-0.529915,0.549109,-0.190151,0.372915,0.318292,#
