0,1.0,-0.327254,0.54227,0.236221,-0.109024,-0.175288,-0.524794,-0.218169,0.077823,0.090027,-0.420007,-0.015564,-0.531009,-0.033201,-0.325917,-0.332457,0.0,0.058685,-0.146662,-0.162615,-0.325576,-0.428361,-0.364513,0.536614,0.777041,-0.534218,-0.229708,-0.771348,0.350921,-0.218169,-0.145232,-0.58088,-0.325576,0.189825,0.237307,0.060058,0.208637,0.427824,-0.218169,-0.196585,-0.104474,-0.095725,-0.745822,0.274485,0.204534,-0.162025,-0.044215,-0.179719,-0.028483,0.362055,0.26149,0.17147,0.21533,0.10485,0.20922,-0.152925,0.233573,-0.123526,-0.238703,0.328081,0.342322,0.224577,0.388333,-0.447446,0.120918,-0.038831,0.023644,-0.470928,0.139515,0.16757,0.078795,0.284074,0.0,-0.34189,-0.217734,0.236399,0.083892,-0.332592,0.443667,0.408921,0.546605,0.420448,-0.207921,-0.533634,0.217996,0.08338,-0.207921,0.233662,-0.215736,0.209102,0.346498,0.203968,0.100971,0.664613,0.420448,-0.34189,0.156332,0.323096,0.533493,0.025138,-0.122933,0.350941,0.038332,0.083892,0.527076,-0.332592,0.323096,0.407226,-0.076724,-0.53404,-0.003147,0.0,0.432263,0.083892,0.074758,-0.218169,-0.207921,0.292789,0.350198,-0.288975,0.363823,0.09228,0.231238,0.100099,0.078795,-0.063773,0.074758,-0.532237,-0.302504,0.649291,0.231238,-0.061303,-0.031713,0.137307,0.243924,0.062623,-0.218169,0.346498,-0.198174,0.231238,0.092408,-0.197392,0.053559,0.078795,0.334327,0.305753,0.026766,0.062832,0.203968,0.058153,-0.204117,0.431577,0.350702,-0.063773,0.217094,0.217709,-0.187255,0.334916,0.334327,0.517742,0.025432,0.490881,0.546605,0.08338,-0.239818,-0.065729,0.075556,-0.249512,-0.191804,0.204534,0.536305,-0.221046,0.534231,0.038332,-0.325691,0.217094,0.337697,0.384558,-0.065729,0.203968,0.068677,-0.509849,-0.087642,-0.20542,-0.065729,0.212563,0.501559,0.217094,-0.200386,0.340021,-0.542457,-0.231988,-0.199806,0.068677,-0.973844,0.024892,-0.420766,0.038332,0.038332,-0.218169,#
1,-0.327254,1.0,0.427235,0.00387,0.632982,0.567389,0.181807,-0.166667,0.421848,0.414701,0.277757,0.385014,0.13378,0.369745,-0.248979,-0.083785,0.0,0.436433,-0.283582,0.625418,-0.248719,0.233102,0.44723,-0.327078,-0.24994,-0.408107,-0.358325,0.261893,0.112438,0.666667,-0.056654,0.269402,-0.248719,-0.49242,-0.499545,0.225531,-0.012182,-0.762601,-0.166667,0.016402,-0.408148,0.086517,0.17531,-0.356916,-0.25,0.012695,0.354385,0.37058,-0.598641,0.293004,0.260154,0.149705,0.362151,0.320395,0.117933,0.288332,-0.618148,0.337308,0.277648,-0.084083,0.214813,0.368585,0.296661,0.200089,-0.505062,0.362693,0.225249,0.237932,0.489723,0.150989,0.060193,-0.404373,0.0,-0.092351,-0.49973,0.138193,-0.611749,-0.140991,-0.254,-0.204642,-0.13647,-0.762738,-0.418754,0.611491,-0.499604,-0.13189,-0.418754,-0.040145,0.222132,-0.249873,-0.41479,-0.637546,-0.13647,-0.49973,-0.762738,-0.092351,-0.364662,-0.998065,-0.140991,-0.211244,-0.319046,-0.407971,-0.234256,-0.087393,-0.327154,-0.140991,-0.351836,-0.35861,-0.200062,0.116563,0.14106,0.0,-0.762895,-0.611749,0.397544,-0.166667,-0.418754,-0.541398,0.611491,-0.042629,-0.408034,0.387726,-0.721021,-0.611749,0.060193,0.596434,-0.13647,0.180708,0.126875,-0.499604,0.144204,0.3175,-0.200062,-0.129099,0.111249,0.228395,-0.166667,-0.41479,0.219299,-0.721021,-0.082359,-0.209801,0.218218,0.060193,0.231036,0.248134,0.239074,0.419549,-0.637546,-0.087393,-0.356416,0.308451,-0.408248,0.064958,0.133631,-0.040145,0.178429,0.629794,0.231036,-0.327327,-0.271994,-0.166667,-0.13647,0.407661,0.231036,0.59267,-0.092351,-0.361157,0.48745,-0.25,-0.312153,0.255729,-0.611807,-0.234256,0.364182,0.133631,-0.408034,0.576224,0.59267,-0.637546,0.746957,-0.199474,-0.396989,0.465204,0.59267,0.096946,-0.039603,0.133631,-0.499438,0.624767,0.111249,-0.159901,0.478106,0.746957,0.292822,-0.327074,0.72388,-0.234256,-0.234256,0.666667,#
2,0.54227,0.427235,1.0,0.390242,0.266441,0.377493,-0.173329,-0.407271,0.172137,0.211357,0.044285,0.331696,-0.560492,-0.032695,-0.169917,-0.614555,9.6e-05,0.174123,-0.35449,0.642978,-0.607775,0.096009,-0.204313,0.52622,0.427915,-0.614159,-0.455798,-0.443536,0.299697,0.311442,-0.038908,-0.158854,-0.607775,0.01373,0.003732,0.118515,-0.036903,-0.12145,-0.407271,-0.361044,-0.593976,-0.190623,-0.43543,0.044179,-0.1118,0.059408,-0.05377,-0.162657,-0.316196,0.540907,-0.00831,0.400128,0.387206,0.13797,0.363526,-0.241846,-0.244883,-0.217286,-0.392559,-0.265899,0.600251,0.385974,0.708589,-0.176829,-0.125244,-0.043409,0.101071,-0.553866,0.288839,0.393077,-0.04518,-0.049084,0.0,-0.222907,-0.448071,0.413938,-0.647178,-0.278851,0.312369,-0.059327,0.538367,-0.122419,-0.452483,0.242819,-0.385303,0.093259,-0.452483,-0.018411,0.08961,-0.125996,0.055672,-0.261554,0.13561,0.397399,-0.122419,-0.599027,-0.071055,-0.438879,0.13586,-0.010122,-0.392937,-0.148934,-0.210762,0.184709,0.115957,-0.278851,0.118464,-0.042383,-0.122419,-0.164758,0.245877,0.0,-0.108049,-0.267525,0.151721,0.231585,-0.452483,-0.072839,0.666029,-0.101251,-0.136665,0.575905,-0.34931,-0.267525,-0.04518,0.298321,0.077803,-0.330198,0.014765,0.004494,0.396908,-0.101418,-0.061509,0.025774,0.374904,0.158827,-0.407271,0.055672,-0.393874,-0.34931,0.200878,-0.220526,0.141153,-0.04518,0.598007,0.633036,0.115957,0.158093,-0.261554,-0.251706,-0.383672,0.372697,0.20865,0.224754,0.370753,-0.018411,-0.314259,0.666274,0.598007,0.071448,0.013343,0.258204,0.538367,0.167943,0.037592,0.253998,0.168885,-0.464338,0.430229,-0.1118,0.114559,0.136116,-0.239775,-0.210762,0.168378,0.370753,0.191067,0.680616,0.253998,-0.261554,0.535144,-0.520946,-0.171495,0.404475,0.253998,0.326704,0.257433,0.370753,-0.410747,0.67582,-0.392671,-0.429044,-0.003405,0.535144,-0.594536,-0.374051,0.078177,-0.210762,-0.210762,0.258204,#
3,0.236221,0.00387,0.390242,1.0,0.006318,-0.287383,-0.506205,-0.332854,0.009476,0.430918,0.143609,0.616047,0.058392,-0.169772,-0.072195,0.067775,4.7e-05,-0.138545,-0.617697,0.316603,-0.496721,-0.253794,-0.381202,0.648488,0.033459,-0.04139,-0.043467,-0.569346,0.022436,-0.332854,-0.651095,0.104471,-0.496721,0.545139,0.594002,-0.653541,0.195704,-0.222295,-0.332854,0.262875,-0.408468,0.396023,-0.080102,0.462771,0.507021,0.666069,-0.630254,-0.752259,0.270873,0.414668,-0.107594,0.113566,0.506889,0.006271,-0.365061,0.329554,-0.331296,-0.338438,-0.52448,-0.370694,-0.004049,-0.006832,0.553667,-0.271564,-0.059672,-0.628124,-0.225878,-0.568614,-0.342665,0.109459,-0.336405,0.38981,0.0,-0.028059,-0.233357,0.3003,0.013981,0.373253,0.63507,-0.208043,0.388842,0.197645,0.462526,0.360854,0.220215,-0.04622,0.462526,-0.195598,-0.045594,-0.499026,0.480718,-0.364314,0.388842,0.601476,-0.230167,-0.392643,0.339862,-0.016785,0.002183,0.523558,-0.541175,0.421369,-0.455747,0.38199,0.681028,0.373253,-0.016785,0.360869,-0.700566,-0.047821,-0.370954,0.0,0.211911,0.38199,-0.432384,0.286409,0.462526,-0.204712,-0.01782,0.079856,0.439352,0.373253,0.289481,-0.016687,-0.336405,0.010879,-0.057596,-0.417263,-0.641737,0.220215,0.289481,-0.243804,-0.230167,0.710524,0.225622,0.233466,0.338014,0.480718,-0.626858,0.289481,0.397448,0.541206,-0.197634,-0.336405,0.462526,0.351301,0.207659,-0.419881,-0.364314,-0.424383,-0.518681,-0.21138,-0.025281,0.383885,0.268355,0.196841,-0.731929,-0.008088,0.462526,0.224661,0.683469,0.338014,0.388842,-0.014664,-0.080702,-0.456224,-0.028059,-0.120212,0.577307,0.00387,-0.208958,-0.284108,0.025865,-0.455747,-0.043064,-0.384799,-0.036712,-0.028467,-0.456224,-0.364314,-0.27974,-0.713048,-0.033364,0.147199,-0.456224,-0.427749,-0.439602,-0.384799,0.172966,-0.07433,-0.518413,-0.381228,-0.654062,-0.27974,-0.355301,-0.224566,-0.271098,-0.455747,-0.455747,0.338014,#
4,-0.109024,0.632982,0.266441,0.006318,1.0,0.486104,0.27815,0.394225,0.655568,0.250187,-0.025208,0.59229,0.201133,0.567528,-0.40644,-0.153521,2.5e-05,0.228748,0.043188,0.541443,0.136343,0.362601,0.696335,-0.098069,-0.408009,-0.666204,-0.133602,-0.055705,0.566454,0.421988,-0.243477,0.092357,0.136343,-0.47018,-0.412836,0.350484,0.418431,-0.356409,-0.272071,-0.383041,0.157649,0.585932,-0.130542,-0.225922,0.091616,-0.385291,0.454541,0.479999,-0.179493,-0.046787,0.276105,-0.48421,0.611576,-0.250334,0.217331,0.391186,-0.448599,0.422204,0.377987,0.095457,-0.116059,0.097588,-0.026923,-0.366626,-0.335636,0.556268,0.792463,0.040853,0.677074,0.325213,0.338895,-0.681664,0.0,-0.566108,-0.420856,0.250702,-0.206714,-0.605926,-0.389251,-0.358854,-0.199057,-0.820218,-0.164041,0.183346,-0.03501,0.2161,-0.164041,-0.432371,0.362615,-0.407899,-0.15346,-0.432086,0.204196,-0.420856,-0.395321,-0.173832,-0.566128,-0.653286,-0.206672,-0.319249,-0.541391,-0.269888,-0.382405,-0.165954,-0.106476,-0.605926,-0.115061,-0.556731,0.073316,-0.229114,0.409703,0.0,-0.388377,-0.602675,0.648961,-0.272071,-0.164041,-0.29684,0.59078,-0.093935,0.137709,0.233681,-0.485218,-0.998635,0.338895,0.572298,-0.199057,0.32175,0.062194,-0.425289,0.235403,0.518296,-0.351581,-0.210745,0.181605,-0.07136,-0.272071,-0.15346,0.417766,-0.485218,0.241843,0.129306,-0.079969,0.338895,-0.11353,-0.161788,0.365119,0.656455,-0.432086,-0.165954,-0.610321,0.503523,0.149608,-0.271689,-0.430561,-0.042607,0.463452,0.598926,-0.11353,-0.098144,-0.003883,0.394226,-0.199057,0.665477,-0.11353,0.151376,-0.173832,-0.669774,0.00696,0.591338,-0.536696,0.395234,-0.199119,-0.382405,-0.183664,0.218142,-0.264188,0.13826,0.151376,-0.432086,0.337722,-0.353125,-0.27018,0.377264,0.151376,0.158257,0.251998,0.218142,-0.815296,0.178277,0.181605,0.378221,0.393035,0.337722,0.097553,0.317517,0.327288,-0.382405,-0.382405,0.421988,#
5,-0.175288,0.567389,0.377493,-0.287383,0.486104,1.0,0.388776,0.350031,0.514288,-0.332691,0.110958,0.154202,0.080839,0.383532,-0.159788,-0.341287,-5.1e-05,0.155595,0.041512,0.400201,0.062805,0.578692,0.111191,-0.341246,0.027723,-0.514035,-0.058029,0.499184,0.045281,0.37826,0.230932,0.190021,0.062805,-0.655052,-0.703065,0.724718,0.273182,-0.293751,-0.327449,-0.540729,-0.374797,0.052752,-0.078484,-0.075564,-0.491173,-0.250278,0.269349,0.405931,-0.392336,-0.054075,0.007553,-0.275824,0.027299,-0.296105,0.301086,-0.443892,-0.465411,0.227431,0.10234,-0.259408,-0.038281,0.560695,0.026682,0.366001,-0.164781,0.372064,0.274107,0.298519,0.540768,0.415618,-0.065246,-0.546083,0.0,-0.479609,0.122432,0.341723,-0.799291,-0.514806,-0.298989,-0.57956,-0.0812,-0.742496,-0.616063,0.355584,-0.584739,0.344009,-0.616063,-0.178921,-0.079371,0.022974,-0.082825,-0.401626,-0.098285,-0.279113,-0.310467,-0.363275,-0.486691,-0.59639,-0.379488,-0.67415,-0.047239,-0.801537,-0.460241,-0.472667,-0.642757,-0.514806,-0.049132,-0.64382,0.166034,-0.072059,0.528,0.0,-0.30071,-0.916718,0.490619,0.152433,-0.616063,-0.243074,0.493675,0.022485,-0.393018,-0.067062,-0.449399,-0.497337,-0.065246,0.457681,-0.0812,0.334631,0.577741,-0.568204,0.283317,0.31297,0.166034,-0.591464,0.218569,-0.172297,-0.327449,-0.082825,0.148064,-0.449399,-0.059184,-0.224531,-0.181102,-0.065246,-0.045,0.044085,-0.163247,0.497895,-0.401626,-0.338465,-0.062781,0.297888,0.33881,-0.11142,-0.397048,-0.59174,0.268232,0.501583,-0.045,-0.181102,-0.095645,-0.327449,-0.0812,0.507484,-0.045,0.469557,-0.479609,-0.648392,0.138975,0.016937,-0.191479,0.334827,-0.372042,-0.460241,-0.083164,0.262543,-0.086536,0.448937,0.469557,-0.401626,0.716902,0.184768,-0.115052,0.517866,0.469557,0.190469,0.114028,0.262543,-0.705456,0.510911,0.218569,0.319572,0.677798,0.716902,0.138867,-0.209734,0.227692,-0.460241,-0.460241,0.37826,#
6,-0.524794,0.181807,-0.173329,-0.506205,0.27815,0.388776,1.0,0.478603,-0.055371,-0.50256,0.301649,0.059968,0.134868,0.131333,0.465271,-0.211696,-5.6e-05,-0.000322,0.393193,0.246501,0.6299,0.820173,0.285271,-0.192728,-0.400811,0.050629,-0.188367,0.450031,0.27815,0.509681,0.602864,0.641874,0.6299,-0.44572,-0.494594,0.465568,-0.328474,0.02194,-0.267272,-0.489803,0.192452,-0.174695,0.460485,-0.166385,-0.400907,-0.472024,0.114817,0.281235,0.33045,-0.694443,-0.48372,-0.278181,-0.400803,-0.448867,0.282871,-0.260667,0.213656,-0.237812,0.018778,-0.226499,-0.166667,-0.402791,-0.565769,0.166652,0.026766,0.123238,0.484843,0.020648,0.239873,0.483283,0.455696,-0.691695,0.0,0.201697,-0.046159,0.293059,-0.146664,-0.26882,-0.879769,-0.286541,-0.261998,-0.46655,-0.174748,0.172377,-0.364289,0.200995,-0.174748,-0.415141,0.416345,-0.400703,-0.652957,0.27822,-0.20889,-0.48824,0.009093,0.329775,-0.637822,-0.185304,-0.5854,-0.385309,0.2704,-0.654234,0.27956,-0.178169,-0.524634,-0.26882,0.417203,-0.80912,0.5337,0.148887,0.639888,0.0,-0.40396,-0.275945,-0.030758,0.261056,-0.174748,0.38602,-0.150691,0.355206,-0.204439,-0.17023,-0.494767,-0.275945,0.455696,0.291364,-0.261998,0.329725,0.531294,-0.80118,-0.33343,-0.206029,0.114014,-0.747466,0.365101,-0.006676,-0.267272,-0.16446,0.123978,-0.494767,0.27709,-0.32544,-0.016276,0.455696,-0.602865,-0.496308,0.003285,0.35987,0.27822,-0.101035,0.40275,0.208233,0.125607,-0.33519,-0.431792,-0.415141,0.396273,-0.153735,-0.602865,-0.524911,-0.061828,-0.267272,-0.261998,-0.021463,-0.118204,0.228396,0.201697,0.14292,-0.000649,0.158498,-0.118438,0.20484,-0.533556,0.27956,0.214029,0.294387,0.061309,-0.148012,0.228396,0.27822,0.019898,0.539465,0.136537,0.470329,0.228396,0.318161,0.036923,0.294387,-0.114562,-0.122578,0.365101,0.510855,0.520936,0.019898,0.555577,0.377565,0.019283,0.27956,0.27956,-0.267272,#
7,-0.218169,-0.166667,-0.407271,-0.332854,0.394225,0.350031,0.478603,1.0,0.25366,-0.407858,-0.213905,0.226479,0.42004,0.216436,-0.165986,0.265321,-2.1e-05,-0.400423,0.232942,-0.268444,0.738619,0.499077,0.270025,-0.218052,-0.166627,-0.272071,0.104716,0.208171,0.394225,-0.111111,0.214026,0.280989,0.738619,-0.32828,-0.33303,0.489388,0.370882,0.246938,-0.111111,-0.330768,0.428354,0.442199,0.195842,0.059486,-0.166667,-0.33007,0.059064,0.276819,0.365129,-0.64663,0.049553,-0.941621,-0.166623,-0.834237,0.120002,-0.072912,-0.008497,0.11779,0.090981,0.137982,-0.66623,-0.190759,-0.6547,0.088928,-0.194936,0.211944,0.518497,0.234882,0.151581,0.18819,0.441412,-0.646997,0.0,-0.407885,0.325405,0.134005,0.252468,-0.407308,-0.508001,-0.508503,-0.407433,-0.508492,0.154024,-0.271774,0.317756,0.271774,0.154024,-0.332631,0.148088,-0.166582,0.160094,0.082469,0.265029,-0.333153,0.200062,0.24627,-0.632082,0.148393,-0.407308,-0.482233,0.181822,-0.271981,-0.15617,-0.407832,-0.218103,-0.407308,0.148393,-0.62159,0.200062,-0.271981,0.24365,0.0,0.205961,-0.407832,0.265029,-0.111111,0.154024,0.128467,-0.271774,0.296374,0.398178,-0.407308,0.096136,-0.407832,0.441412,0.397622,-0.407433,0.165091,0.326249,-0.333069,0.096136,0.211667,0.200062,-0.387298,0.074165,-0.218107,-0.111111,0.160094,0.212654,0.096136,0.258841,0.25351,-0.218218,0.441412,-0.66423,-0.64481,-0.218103,0.255996,0.082469,-0.407832,0.142566,0.205634,0.408248,-0.271643,-0.992685,-0.332631,0.426588,-0.271956,-0.66423,-0.218218,0.358342,-0.111111,-0.407433,0.271774,-0.66423,-0.28536,-0.407885,-0.307652,-0.332704,0.666667,-0.230722,0.003706,0.258841,-0.15617,-0.406043,0.089087,-0.272023,-0.284875,-0.28536,0.082469,-0.237129,0.210938,0.386486,0.331378,-0.28536,0.06463,0.237617,0.089087,-0.332959,-0.28522,0.074165,0.994937,0.340274,-0.237129,0.26842,0.491879,-0.229803,-0.15617,-0.15617,-0.111111,#
8,0.077823,0.421848,0.172137,0.009476,0.655568,0.514288,-0.055371,0.25366,1.0,0.149979,0.204713,0.438358,0.310409,0.869468,-0.609593,-0.221771,0.0001,0.534561,0.185307,0.204659,-0.070322,0.089435,0.189012,-0.367939,-0.105234,-0.58585,0.058141,0.119644,0.224998,0.281232,-0.522975,-0.080796,-0.070322,-0.529084,-0.42333,0.534627,0.808545,-0.55221,-0.408062,-0.366844,-0.181034,0.653472,-0.415742,-0.002952,0.401169,-0.372145,0.286535,0.303129,-0.322245,0.195893,0.489397,-0.437815,0.400643,-0.008601,-0.328379,0.256917,-0.324282,0.698311,0.546662,0.3195,-0.420413,0.421852,0.176338,-0.198605,0.084432,0.389485,0.516339,0.369844,0.625408,0.366421,-0.111525,-0.342506,0.0,-0.662481,-0.014227,0.363287,-0.301678,-0.694091,-0.123957,-0.115309,-0.286033,-0.566363,-0.479428,0.266386,-0.04427,0.130317,-0.479428,-0.43889,-0.463729,-0.109837,0.046228,-0.326799,-0.302719,-0.014227,-0.583945,-0.272899,-0.320936,-0.464685,-0.297578,-0.677108,-0.269518,-0.195723,-0.573543,-0.261197,0.065986,-0.694091,0.069846,-0.315609,-0.118527,-0.155229,0.25839,0.0,-0.130169,-0.69492,0.556164,-0.408062,-0.479428,-0.135408,0.671024,-0.153737,0.215026,-0.273282,-0.362608,-0.678534,-0.111525,0.231333,-0.286033,0.413654,-0.058169,-0.02812,0.353065,0.777359,-0.100944,-0.235995,0.272378,0.092519,0.281232,0.046228,0.534453,-0.362608,0.14773,-0.018004,-0.350169,-0.111525,0.078352,-0.018262,0.534344,0.557838,-0.326799,0.14843,-0.429244,0.31262,0.233002,-0.606859,-0.317072,-0.455019,0.226165,0.67177,0.078352,0.534279,-0.01457,0.25366,-0.286033,0.998106,0.078352,0.232042,-0.678714,-0.797945,0.002112,0.38049,-0.370234,0.006254,0.1234,-0.573543,-0.686192,-0.343915,-0.184112,0.212286,0.232042,-0.326799,0.511931,-0.117431,-0.622757,-0.057561,0.232042,-0.404153,0.020965,-0.343915,-0.826676,0.272544,0.272378,0.199275,0.384992,0.511931,-0.084773,0.044796,0.039917,-0.573543,-0.573543,0.281232,#
9,0.090027,0.414701,0.211357,0.430918,0.250187,-0.332691,-0.50256,-0.407858,0.149979,1.0,0.178305,0.459376,-0.124459,-0.057171,-0.609289,0.25079,5e-05,0.063092,-0.346734,0.19657,-0.608651,-0.340656,0.228949,0.113525,-0.067531,-0.177279,-0.423402,-0.412922,0.267286,0.276468,-0.417783,-0.183193,-0.608651,0.36174,0.416442,-0.346877,-0.037815,-0.505645,0.276468,0.486296,-0.185769,0.203601,0.097117,-0.441109,0.373642,0.405672,-0.04147,-0.150545,-0.414825,0.717854,0.639687,0.270139,0.39365,0.512014,-0.295531,0.734985,-0.164112,0.347958,0.100553,0.37371,0.104614,-0.104424,0.601645,-0.140212,-0.464959,-0.03096,0.071685,-0.077929,-0.165315,-0.439144,0.167072,0.015939,0.0,0.186372,-0.404075,-0.330337,0.162191,0.170198,0.360848,0.357793,-0.252105,-0.086047,0.092254,0.241033,0.412817,-0.700845,0.092254,0.02044,0.123452,-0.083836,0.110792,-0.242707,0.186423,0.002481,-0.504985,0.186372,-0.013176,-0.397536,0.170198,0.271561,-0.220838,0.661429,0.080797,0.592787,0.526152,0.170198,-0.397536,0.232056,-0.523467,0.253659,-0.632578,0.0,-0.071346,0.162191,0.168882,-0.407858,0.092254,-0.355823,0.241033,0.130725,0.248537,0.604375,-0.277101,-0.228216,0.167072,0.281166,-0.269646,-0.29866,-0.344416,0.412817,0.433414,0.342076,-0.042921,0.711363,-0.272242,0.543709,0.249095,-0.427032,0.007858,-0.277101,0.178163,0.276951,0.560891,0.167072,0.625855,0.532368,0.507553,-0.257405,-0.242707,0.144967,-0.36293,-0.079504,-0.596745,0.281166,0.406965,0.404738,-0.295473,0.248834,0.625855,0.059136,0.022017,0.249095,-0.252105,0.14395,0.07091,-0.15412,0.186372,-0.137414,0.423735,-0.119073,-0.298577,-0.199137,0.178163,0.080797,0.202848,-0.232641,-0.602259,0.274982,-0.15412,-0.242707,0.094638,-0.522598,-0.125434,0.021142,-0.15412,-0.211765,0.113825,-0.232641,0.014945,0.251285,-0.301476,-0.388674,-0.404183,0.094638,-0.034266,-0.380649,0.544623,0.080797,0.080797,0.276468,#
10,-0.420007,0.277757,0.044285,0.143609,-0.025208,0.110958,0.301649,-0.213905,0.204713,0.178305,1.0,0.376135,-0.003968,0.10745,0.052979,-0.27806,2.9e-05,0.20172,0.228249,0.399781,-0.319212,0.467045,-0.274628,-0.078944,-0.32078,0.280315,-0.283585,0.319719,-0.025208,0.584247,-0.040154,0.464369,-0.319212,0.121025,0.136746,0.109445,-0.174319,-0.638166,-0.213905,-0.145861,-0.523829,-0.049956,0.384285,-0.254677,0.277757,0.181656,-0.436159,-0.401034,-0.002196,0.244442,-0.150214,0.203357,-0.320774,0.144865,-0.601272,0.02914,0.218021,0.014462,-0.079958,-0.177916,-0.290546,-0.304994,0.364087,0.2568,0.266311,-0.435127,0.109172,-0.014988,-0.250941,0.205102,-0.118761,-0.223085,0.0,0.501747,0.153385,0.167735,-0.310818,0.019356,-0.109475,0.060464,-0.45589,-0.123832,-0.291263,0.813515,-0.173694,-0.452922,-0.291263,-0.640362,-0.263953,-0.320693,-0.284228,0.204333,-0.45589,0.153385,-0.632813,0.182212,-0.21934,-0.298882,-0.784126,-0.298093,0.282017,-0.049123,0.073294,0.513937,0.092315,0.019356,0.320064,-0.402547,-0.093892,0.775913,-0.022231,0.0,-0.116789,0.011718,-0.272897,0.328839,-0.291263,0.291262,-0.006431,0.599725,-0.042253,0.047489,-0.597583,0.011718,-0.118761,-0.013914,-0.45589,0.210131,0.194082,-0.173694,0.231115,0.086363,0.415089,-0.030912,0.249332,0.614754,0.584247,-0.284228,-0.131944,-0.597583,0.526479,-0.045715,0.102413,-0.118761,0.331094,0.327192,0.634639,-0.274066,0.204333,0.191401,0.308598,-0.434943,-0.191596,-0.196036,0.217216,-0.640362,-0.47403,-0.009459,0.331094,0.102413,0.162634,-0.213905,-0.45589,0.22003,0.331094,-0.013245,0.031843,-0.011914,0.653398,-0.320857,-0.411675,-0.265486,-0.306286,0.073294,0.056651,-0.559861,-0.19631,-0.021332,-0.013245,0.204333,0.122644,0.406086,-0.191442,0.180179,-0.013245,-0.525548,-0.395239,-0.559861,0.129614,0.003772,0.249332,-0.222578,-0.145669,0.122644,0.44523,-0.419776,0.118855,0.073294,0.073294,-0.213905,#
11,-0.015564,0.385014,0.331696,0.616047,0.59229,0.154202,0.059968,0.226479,0.438358,0.459376,0.376135,1.0,0.21502,0.208327,-0.391976,0.044403,0.0,-0.088861,-0.35645,0.443171,-0.153626,0.328532,0.019875,0.332256,-0.17004,-0.459496,-0.435781,-0.351316,0.59229,0.256676,-0.388349,0.441268,-0.153626,0.09451,0.154741,-0.016024,0.290249,-0.478069,-0.498253,-0.090266,-0.323987,0.590069,0.178561,0.079218,0.362366,0.251096,-0.419763,-0.383037,0.206542,0.180314,0.15824,-0.363814,0.361809,-0.299561,-0.304205,0.453055,-0.281727,-0.036378,-0.26133,-0.064453,-0.379897,-0.204298,0.315085,-0.155887,-0.353994,-0.31356,0.464709,-0.342801,0.003961,0.369315,0.256289,-0.439593,0.0,-0.14118,-0.312688,0.459792,-0.043807,-0.161786,-0.009204,-0.333136,-0.163945,-0.499541,0.134736,0.480098,0.265837,-0.193343,0.134736,-0.608385,0.144758,-0.746998,0.157557,-0.276713,0.274675,0.161081,-0.518798,-0.016733,-0.492887,-0.407848,-0.487487,-0.107282,-0.322127,0.135163,-0.346617,0.305597,0.484457,-0.161786,0.17758,-0.401539,-0.518798,0.009504,-0.098165,0.0,-0.018849,-0.169424,-0.036014,0.015099,0.134736,-0.047384,0.147722,0.465075,0.591966,0.299092,-0.309173,-0.600111,0.256289,0.609329,-0.647716,-0.239496,-0.241368,-0.15867,0.474646,0.127707,0.010195,0.267822,0.433362,0.503845,0.256676,0.157557,-0.279939,-0.309173,0.761021,0.394378,0.009884,0.256289,0.189677,0.110559,0.484457,-0.028345,-0.276713,-0.474494,-0.371961,0.136293,-0.018492,0.000535,-0.262869,-0.184438,-0.362299,0.15625,0.189677,-0.009884,0.67761,0.226479,-0.163945,0.443167,-0.398977,-0.325128,-0.158959,-0.467135,0.625583,0.339718,-0.481348,-0.299659,-0.026646,-0.346617,-0.146188,-0.292268,-0.473037,0.130209,-0.325128,-0.276713,-0.032223,-0.498501,-0.018267,0.580772,-0.325128,-0.324951,-0.099738,-0.292268,-0.29936,0.1052,-0.372893,0.200867,-0.178517,-0.032223,-0.003316,-0.05168,-0.031227,-0.346617,-0.346617,0.256676,#
12,-0.531009,0.13378,-0.560492,0.058392,0.201133,0.080839,0.134868,0.42004,0.310409,-0.124459,-0.003968,0.21502,1.0,0.503439,0.060635,0.624078,5.2e-05,0.177824,-0.219758,-0.265165,0.548769,-0.085273,0.180183,-0.530723,-0.405558,0.12853,0.369259,0.402348,-0.248146,-0.270437,-0.375535,0.533896,0.548769,-0.438836,-0.393325,-0.091297,0.468103,-0.39191,-0.270437,0.362825,0.121795,0.635358,0.337625,0.422032,0.13378,0.073193,0.002294,0.118844,0.265744,-0.483806,0.024379,-0.555938,0.122739,-0.157362,-0.436507,0.448975,-0.482699,0.203514,0.347351,-0.004689,-0.662295,0.117539,-0.53399,0.181906,-0.157848,0.009584,-0.073216,0.54799,0.138729,0.14641,-0.172479,0.002792,0.0,-0.210629,0.024675,0.244836,0.207176,0.210319,-0.332128,-0.397353,-0.213246,-0.390457,0.368653,0.192276,0.015067,0.216492,0.368653,-0.05722,-0.171436,-0.405448,-0.068837,-0.464521,-0.164082,-0.384572,-0.408804,0.195883,-0.046581,-0.140803,-0.220663,-0.085305,-0.139282,-0.23441,-0.447501,-0.565209,-0.069288,0.210319,-0.140803,-0.045808,-0.408804,-0.23441,-0.076591,0.0,-0.331293,-0.203153,-0.164082,-0.270437,0.368653,-0.328837,-0.247537,-0.082837,0.188234,-0.585729,0.225691,-0.203153,-0.172479,0.162487,-0.213246,0.263182,-0.379199,-0.389374,-0.371726,0.115094,-0.338655,-0.079112,0.161311,-0.077998,0.44881,0.383378,0.280989,0.225691,-0.146838,0.20394,-0.531127,-0.172479,-0.588499,-0.673434,-0.069288,0.218003,-0.464521,-0.203153,-0.15135,0.033251,-0.239603,-0.253414,-0.463651,-0.05722,0.241728,-0.229536,-0.588499,-0.06027,0.268518,-0.270437,-0.213246,0.283757,-0.139834,0.067068,-0.634078,0.065114,0.016628,0.112202,-0.186718,-0.211698,-0.146838,-0.447501,-0.262082,-0.491661,-0.2946,-0.279849,0.067068,-0.464521,-0.122799,0.008787,-0.255837,-0.018481,0.067068,-0.528817,-0.617992,-0.491661,-0.042752,-0.260473,0.161311,0.397467,0.326329,-0.122799,0.444811,0.304355,-0.119005,-0.447501,-0.447501,0.44881,#
13,-0.033201,0.369745,-0.032695,-0.169772,0.567528,0.383532,0.131333,0.216436,0.869468,-0.057171,0.10745,0.208327,0.503439,1.0,-0.268954,-0.158674,0.000109,0.771421,0.236741,0.07788,0.241427,-0.020536,0.291303,-0.519137,-0.204893,-0.410399,0.17317,0.224915,0.098093,0.246497,-0.454374,0.063951,0.241427,-0.754471,-0.641742,0.464841,0.701356,-0.484159,-0.505017,-0.283106,0.019825,0.56533,-0.364393,0.157718,0.347199,-0.584335,0.456215,0.464169,-0.153766,-0.136309,0.292259,-0.376374,0.346649,0.106198,-0.270698,0.312387,-0.266199,0.593316,0.713137,0.329674,-0.364028,0.374208,-0.161996,-0.26465,0.197531,0.474714,0.444899,0.464299,0.779653,0.501323,-0.099878,-0.217829,0.0,-0.568205,-0.195777,0.468588,-0.171285,-0.595689,-0.41002,0.00179,-0.147043,-0.486682,-0.413319,0.143378,-0.228486,0.31076,-0.413319,-0.286111,-0.399611,-0.209887,-0.309226,-0.277349,-0.550502,-0.195777,-0.505851,-0.143457,-0.218362,-0.400434,-0.163385,-0.583516,-0.269715,-0.360556,-0.428142,-0.505448,-0.04607,-0.595689,0.182346,-0.214737,0.001579,-0.316407,0.436679,0.0,-0.417116,-0.600023,0.385908,-0.505017,-0.413319,-0.045017,0.58454,-0.380701,0.087247,-0.518341,-0.308642,-0.582159,-0.099878,0.105231,-0.147043,0.516179,-0.213797,-0.210879,-0.152587,0.572654,-0.385196,-0.46686,0.417356,-0.017146,0.246496,0.163276,0.697761,-0.308642,-0.05963,-0.284512,-0.499853,-0.099878,-0.273983,-0.368811,0.464563,0.77236,-0.277349,0.319452,-0.365135,0.474812,0.106768,-0.808621,-0.263057,-0.303696,0.477403,0.585255,-0.273983,0.46443,-0.219124,0.216436,-0.147043,0.867619,0.19481,0.478656,-0.585903,-0.457422,-0.17772,0.324654,-0.136836,0.028878,-0.086156,-0.428142,-0.605436,-0.292323,0.036051,0.10066,0.478656,-0.277349,0.455495,-0.013895,-0.810809,-0.22827,0.478656,-0.335721,-0.134286,-0.292323,-0.711264,0.167313,0.417356,0.178809,0.603863,0.455495,0.0,0.342429,-0.055955,-0.428142,-0.428142,0.246497,#
14,-0.325917,-0.248979,-0.169917,-0.072195,-0.40644,-0.159788,0.465271,-0.165986,-0.609593,-0.609289,0.052979,-0.391976,0.060635,-0.268954,1.0,-0.153919,4.1e-05,0.00663,0.072651,0.108615,0.360904,0.16639,-0.150815,0.153187,-0.248919,0.611342,0.280628,0.237777,-0.40644,-0.165986,0.319729,0.39988,0.360904,0.006066,-0.055086,-0.325905,-0.497432,0.305554,-0.165986,-0.052646,0.137379,-0.406201,0.245376,0.362664,-0.248979,-0.028362,-0.129967,-0.14169,0.526029,-0.573009,-0.921325,0.27874,-0.248914,-0.09584,0.212682,-0.365835,0.153692,-0.684399,-0.279554,-0.643454,0.260443,-0.23667,-0.416327,0.019748,0.388519,-0.271542,-0.325912,-0.250138,-0.130169,0.281132,-0.215483,0.281542,0.0,0.39897,-0.045671,0.200187,-0.044694,0.417768,-0.264927,-0.158738,0.427862,0.332525,0.26896,0.060351,-0.497564,0.438269,0.26896,0.058814,0.2598,-0.248852,-0.426807,0.174424,-0.147093,-0.045671,0.332525,-0.050027,0.329801,0.260335,-0.039215,0.397846,-0.004017,-0.406305,0.187061,-0.156037,-0.325818,0.417768,0.260335,0.061777,0.332525,0.047062,0.398499,0.0,-0.269325,0.408519,-0.608654,0.596653,0.26896,0.241313,-0.405996,-0.114579,-0.406368,-0.151484,0.195369,0.408519,-0.215483,-0.405801,0.427862,0.149345,-0.000488,-0.497564,-0.73619,-0.758889,-0.273289,-0.312743,0.230572,-0.325824,-0.165986,0.278335,-0.275285,0.195369,-0.151694,-0.221297,-0.32599,-0.215483,-0.430647,-0.360799,-0.325818,-0.034836,0.174424,-0.044694,0.251351,-0.148597,0.060438,0.053566,0.184469,0.058814,0.017886,-0.406269,-0.430647,-0.32599,-0.057349,-0.165986,0.427862,-0.608994,0.26896,0.140916,0.39897,0.67994,-0.045609,-0.248979,0.239826,0.213534,-0.609308,0.187061,0.393962,0.184469,0.626663,-0.390713,0.140916,0.174424,-0.315945,0.315115,0.068524,-0.019554,0.140916,0.200928,-0.470095,0.184469,0.493347,-0.389525,0.230572,-0.154944,0.035303,-0.315945,0.221676,0.288476,-0.306184,0.187061,0.187061,-0.165986,#
15,-0.332457,-0.083785,-0.614555,0.067775,-0.153521,-0.341287,-0.211696,0.265321,-0.221771,0.25079,-0.27806,0.044403,0.624078,-0.158674,-0.153919,1.0,0.0,-0.340686,-0.46629,-0.601534,0.320163,-0.362442,0.133624,-0.319718,-0.0735,0.229584,0.063335,0.086927,-0.153521,-0.404963,-0.090188,0.258122,0.320163,0.080417,0.068858,-0.368291,0.027559,-0.082881,0.321178,0.82213,0.209583,0.268209,0.558955,0.094199,-0.083785,0.459145,-0.139554,-0.035538,0.11988,-0.197243,0.326956,-0.300489,-0.094448,-0.005572,-0.269909,0.512318,-0.261629,0.084785,0.062691,0.255785,-0.419436,-0.109306,-0.377124,0.376644,-0.580409,-0.130182,-0.350745,0.41289,-0.381009,-0.497779,0.13617,0.140943,0.0,0.160557,0.052581,-0.329462,0.574551,0.585729,0.003192,-0.083652,-0.281879,-0.069145,0.61702,-0.161739,0.47104,-0.312428,0.61702,0.400266,0.084652,-0.047255,0.200594,-0.263897,0.23117,-0.362225,-0.086955,0.55518,0.021998,0.114907,0.167351,0.283723,0.164269,0.320334,0.032715,-0.175245,0.127565,0.585729,-0.448197,0.262004,-0.558395,-0.119149,-0.69355,0.0,-0.003698,0.176222,-0.216256,-0.404963,0.61702,-0.39595,-0.58869,0.139296,0.27994,-0.187039,0.424489,0.176222,0.13617,0.25481,-0.263982,-0.291038,-0.329537,0.078427,-0.155458,-0.041499,-0.018858,0.419686,-0.333693,0.110162,0.293249,0.068897,0.002506,0.424489,-0.2218,0.359256,0.137126,0.13617,-0.31214,-0.355128,-0.346851,-0.311007,-0.263897,-0.263112,0.096755,-0.143986,-0.58149,0.314183,-0.254316,0.400266,0.026806,-0.571449,-0.31214,-0.338245,0.267501,-0.404963,-0.281879,-0.247129,-0.421026,-0.244423,-0.250508,0.354711,0.027227,-0.104732,0.035819,-0.402909,0.239544,0.032715,0.137309,-0.281507,-0.634695,-0.14755,-0.244423,-0.263897,-0.362392,-0.123331,0.300941,0.017086,-0.244423,-0.264798,-0.227624,-0.281507,0.408712,-0.190609,-0.303865,0.294742,-0.075245,-0.362392,0.347773,0.015933,0.129388,0.032715,0.032715,0.293249,#
16,0.0,0.0,9.6e-05,4.7e-05,2.5e-05,-5.1e-05,-5.6e-05,-2.1e-05,0.0001,5e-05,2.9e-05,0.0,5.2e-05,0.000109,4.1e-05,0.0,0.0,5.2e-05,6.1e-05,5.2e-05,1.7e-05,-2.7e-05,5.1e-05,0.0,-5.9e-05,2.5e-05,0.000118,0.000122,2.5e-05,-1.9e-05,0.000456,0.000105,1.7e-05,2.5e-05,4.9e-05,5.3e-05,2.4e-05,0.0,3.7e-05,-4.9e-05,-4.9e-05,5e-05,0.000114,0.0,0.0,-2.6e-05,0.0,-0.000108,-5.1e-05,-0.000122,0.000224,-0.000157,1.5e-05,-0.000146,7.5e-05,0.00012,-0.000154,-0.000194,5.7e-05,0.000156,-5.6e-05,5.9e-05,-0.000123,0.0,0.0,5.4e-05,2.6e-05,0.00011,2.6e-05,-0.000158,-0.000726,0.0,0.0,-7e-05,-7e-05,0.000152,0.0,7.1e-05,0.0,3.7e-05,3.6e-05,-3.8e-05,4.4e-05,-3.6e-05,3.5e-05,-3.6e-05,4.4e-05,3.5e-05,8.6e-05,0.0,-4.4e-05,-0.00023,3.6e-05,-7e-05,-3.8e-05,-7e-05,0.0,8.7e-05,7.1e-05,3.9e-05,-0.000124,0.0,0.001884,0.0,3.8e-05,7.1e-05,8.7e-05,0.0,-3.8e-05,0.0,3.9e-05,0.0,-7.6e-05,0.0,3.6e-05,1.5e-05,4.4e-05,0.000111,-3.6e-05,-3.7e-05,1.8e-05,7.1e-05,0.0,0.0,-0.000726,1.8e-05,3.6e-05,0.000161,0.000437,3.5e-05,0.0,0.0,-3.8e-05,0.0,0.0,-3.7e-05,0.0,-4.4e-05,6e-05,0.0,7.1e-05,-4e-05,1.8e-05,-0.000726,4.4e-05,6.1e-05,3.8e-05,-8.6e-05,-0.00023,0.0,0.0,-7.6e-05,-3.6e-05,1.8e-05,-0.000115,3.5e-05,-7.4e-05,4.3e-05,4.4e-05,-1.9e-05,3.9e-05,1.5e-05,3.6e-05,-3.6e-05,4.4e-05,0.0,-7e-05,0.000484,-7e-05,-2.2e-05,-8.2e-05,6.7e-05,7.1e-05,0.001884,-0.000151,-0.000115,1.8e-05,-7.8e-05,0.0,-0.00023,0.0,8.3e-05,3.8e-05,-0.000154,0.0,0.0,0.0,-0.000115,-4.1e-05,4.1e-05,0.0,0.0,-7.8e-05,0.0,0.0,-4.6e-05,0.0,0.001884,0.001884,3.1e-05,#
17,0.058685,0.436433,0.174123,-0.138545,0.228748,0.155595,-0.000322,-0.400423,0.534561,0.063092,0.20172,-0.088861,0.177824,0.771421,0.00663,-0.340686,5.2e-05,1.0,0.144508,0.195025,-0.089497,-0.263205,0.144685,-0.408927,-0.07107,-0.167134,0.045645,0.16,-0.14914,0.377377,-0.34828,-0.044837,-0.089497,-0.606027,-0.517784,0.207445,0.262713,-0.514065,-0.400423,-0.097026,-0.177343,0.076835,-0.391625,0.078656,0.263588,-0.469792,0.473184,0.366336,-0.336027,0.118926,0.14325,0.286545,0.284679,0.624524,-0.191932,0.239044,-0.141871,0.393955,0.623951,0.22672,0.153683,0.414018,0.103613,-0.245549,0.311973,0.368321,0.096745,0.308677,0.68533,0.402472,-0.261137,0.149107,0.0,-0.178979,-0.43228,0.365671,-0.313688,-0.306244,-0.249147,0.374399,0.140811,-0.1327,-0.541846,0.224649,-0.525369,0.156674,-0.541846,0.019528,-0.374159,-0.075889,-0.582735,-0.202795,-0.775025,-0.090795,-0.500109,-0.178979,0.128581,-0.445672,0.1253,-0.272957,-0.248421,-0.295158,-0.130916,-0.295561,-0.046542,-0.306244,0.157493,0.126447,0.02507,-0.148083,0.373813,0.0,-0.628689,-0.313688,0.159271,-0.400423,-0.541846,-0.019191,0.665037,-0.549773,-0.285275,-0.287967,-0.407938,-0.228091,-0.261137,-0.139937,0.140811,0.389042,-0.306074,-0.103525,-0.378028,0.284269,-0.480658,-0.375993,0.390343,0.095278,0.175725,0.005912,0.557027,-0.407938,-0.284298,-0.612844,-0.277226,-0.261137,0.010982,-0.052429,0.481953,0.643556,-0.202795,0.603711,-0.279685,0.405949,-0.186993,-0.635996,0.373847,-0.06473,0.306915,0.663901,0.010982,0.439412,-0.560011,0.175725,0.140811,0.527636,0.595008,0.757486,-0.178979,-0.085659,-0.033501,-0.168524,0.157288,0.058519,-0.346323,-0.130916,-0.194593,-0.187088,0.27996,0.292748,0.757486,-0.202795,0.595125,-0.011413,-0.971753,-0.397414,0.757486,-0.196052,-0.21699,-0.187088,-0.40762,0.356007,0.390343,-0.414569,0.494824,0.595125,-0.106919,0.095054,0.100095,-0.130916,-0.130916,0.204533,#
18,-0.146662,-0.283582,-0.35449,-0.617697,0.043188,0.041512,0.393193,0.232942,0.185307,-0.346734,0.228249,-0.35645,-0.219758,0.236741,0.072651,-0.46629,6.1e-05,0.144508,1.0,-0.022907,0.233122,0.349313,0.229552,-0.267218,-0.34655,0.222016,0.29152,0.337878,0.043188,0.266702,0.193941,-0.275753,0.233122,-0.11648,-0.088457,0.45737,0.046638,0.210522,0.232942,-0.593945,0.46813,-0.07085,-0.198475,-0.417511,0.197494,-0.669185,0.352637,0.366547,0.013674,-0.23249,-0.088831,-0.169682,-0.29539,-0.144124,-0.022757,-0.253958,0.601271,0.358215,0.468888,0.224294,-0.188615,-0.3064,-0.270617,-0.24588,0.649902,0.3774,0.479761,0.201771,0.179087,0.001728,0.086568,-0.306886,0.0,-0.014731,0.438325,-0.233861,0.076119,-0.547855,-0.35629,0.238285,-0.459478,0.079529,-0.330221,-0.161264,0.035245,0.09569,-0.330221,-0.453866,-0.143548,0.324651,-0.235401,0.621222,-0.330877,-0.112524,0.2087,0.104523,-0.132958,0.261943,-0.325334,-0.454213,0.300507,-0.102707,0.264144,0.0832,-0.269149,-0.547855,0.288123,-0.363197,0.824163,0.350621,0.460674,0.0,0.186331,-0.044255,0.355395,0.030384,-0.330221,0.496465,0.065817,0.018873,-0.112477,-0.297965,-0.244388,-0.064318,0.086568,-0.466384,0.103001,0.682867,0.501876,0.015471,-0.034078,0.400022,0.216298,-0.479855,-0.173515,-0.232942,0.030384,-0.368063,0.563741,-0.244388,0.075786,-0.142365,-0.095034,0.086568,-0.197138,-0.182685,0.3502,0.223837,0.621222,0.629605,0.296,-0.176089,0.425874,-0.609924,-0.194503,-0.434118,0.408033,0.043925,-0.197138,0.302783,-0.401011,0.232942,-0.459478,0.226839,0.355667,-0.027345,0.104523,-0.082503,-0.560215,0.349413,-0.254429,0.3492,0.155623,0.264144,-0.376091,0.002707,0.319942,-0.46504,-0.027345,0.621222,-0.070608,0.69051,-0.092922,-0.418489,-0.027345,0.037311,0.260711,0.002707,-0.179187,-0.408955,0.763914,0.233202,0.117653,-0.070608,0.24541,0.341581,-0.046083,0.264144,0.264144,-0.64481,#
19,-0.162615,0.625418,0.642978,0.316603,0.541443,0.400201,0.246501,-0.268444,0.204659,0.19657,0.399781,0.443171,-0.265165,0.07788,0.108615,-0.601534,5.2e-05,0.195025,-0.022907,1.0,-0.400603,0.470694,0.235968,0.313099,-0.40257,-0.212067,-0.156607,-0.026925,0.166828,0.502619,-0.123608,0.143547,-0.400603,-0.023739,-0.028716,-0.015609,-0.105901,-0.389023,-0.268444,-0.430271,-0.311177,0.051815,-0.066735,-0.207932,0.025702,0.020447,0.062241,-0.018208,-0.181435,0.274572,-0.306943,0.229971,0.474928,-0.006008,0.217603,-0.019421,-0.336099,-0.084218,-0.130144,-0.561002,0.382799,0.053516,0.460293,-0.249136,0.010021,0.070126,0.348236,-0.408631,0.286802,0.34443,-0.109325,-0.305792,0.0,-0.067648,-0.364813,0.250567,-0.6459,-0.200918,-0.010881,-0.350861,0.1523,-0.390794,-0.22169,0.641814,-0.470144,0.163535,-0.22169,-0.473455,0.365148,-0.402461,-0.211723,-0.338813,0.1523,-0.026286,-0.390794,-0.504791,-0.129967,-0.645431,-0.303592,0.061204,-0.565017,-0.317567,-0.297028,0.280522,-0.160409,-0.200918,-0.047491,-0.383428,0.129836,0.269633,0.433748,0.0,-0.38395,-0.204652,0.197034,0.474061,-0.22169,-0.20849,0.537036,0.016905,-0.312695,0.630536,-0.558424,-0.544074,-0.109325,0.175456,0.1523,0.268125,0.173297,-0.470144,0.242148,0.036994,-0.234391,-0.04203,0.202059,-0.012904,-0.268444,-0.211723,-0.147231,-0.558424,0.292722,0.073246,-0.022435,-0.109325,0.379545,0.390984,0.363508,0.207868,-0.338813,-0.160726,-0.473911,0.026534,0.1469,0.130934,0.225048,-0.139344,-0.117444,0.543492,0.379545,-0.153303,-0.007546,0.302714,0.1523,0.208733,0.379545,0.160227,0.268615,-0.382301,0.453015,0.025702,-0.52603,0.526204,-0.642698,-0.297028,0.27672,0.225048,0.13517,0.147103,0.160227,-0.338813,0.344961,-0.231712,-0.211843,0.43481,0.160227,0.176081,-0.09093,0.225048,-0.377713,0.187109,0.202059,-0.294078,-0.009299,0.344961,0.07777,-0.161874,0.334304,-0.297028,-0.297028,0.331272,#
20,-0.325576,-0.248719,-0.607775,-0.496721,0.136343,0.062805,0.6299,0.738619,-0.070322,-0.608651,-0.319212,-0.153626,0.548769,0.241427,0.360904,0.320163,1.7e-05,-0.089497,0.233122,-0.400603,1.0,0.25826,0.326643,-0.325401,-0.248659,0.064782,0.222861,0.287881,0.136343,-0.165812,0.319394,0.419324,1.0,-0.489896,-0.496985,0.250372,0.076024,0.348801,-0.165812,-0.122753,0.620963,0.175501,0.270831,0.250174,-0.248719,-0.492568,0.228368,0.392909,0.544886,-0.964973,-0.262182,-0.639901,-0.248654,-0.534171,0.207149,-0.018884,0.102593,-0.114765,0.220895,0.088917,-0.424044,-0.26274,-0.977016,0.012064,-0.026446,0.235291,0.274064,0.26775,0.245979,0.280838,0.386524,-0.331593,0.0,-0.138861,0.038891,0.199977,0.403107,-0.129642,-0.758095,-0.25407,-0.125038,-0.249927,0.262502,-0.405572,0.032721,0.432682,0.262502,-0.029565,0.253398,-0.248592,-0.320522,0.1661,-0.060641,-0.497168,0.326828,0.393614,-0.349601,0.25392,-0.129642,-0.198582,0.178252,-0.40588,0.12006,-0.608613,-0.325477,-0.129642,0.25392,-0.343798,0.326828,-0.40588,0.392597,0.0,-0.177344,-0.134369,-0.060641,-0.165812,0.262502,0.23321,-0.405572,-0.025887,0.139593,-0.60783,0.186939,-0.134369,0.386524,0.139398,-0.125038,0.216102,0.077046,-0.497043,-0.595597,-0.172294,-0.182074,-0.57797,0.211295,-0.325484,-0.165812,0.271818,0.317346,0.186939,-0.065975,-0.12571,-0.325649,0.386524,-0.991238,-0.962258,-0.325477,0.414183,0.1661,-0.134369,0.244989,0.335336,0.147693,-0.405376,-0.70444,-0.029565,0.636602,-0.405844,-0.991238,-0.325649,0.0369,-0.165812,-0.125038,-0.055305,-0.403547,0.050625,-0.138861,0.266757,-0.496498,0.429605,0.146684,0.030671,-0.065975,0.12006,-0.151628,0.17611,0.075412,-0.395843,0.050625,0.1661,-0.321701,0.314785,0.149319,0.062247,0.050625,0.18413,-0.003582,0.17611,-0.032795,-0.394927,0.211295,0.76166,0.507795,-0.321701,0.334358,0.768434,-0.311762,0.12006,0.12006,-0.165812,#
