0,1.0,0.525459,-0.108489,-0.382055,0.525459,-0.249709,-0.068396,0.630274,0.131916,-0.166513,-0.166513,0.011026,-0.071943,0.36503,0.446589,-0.166513,0.778098,0.213557,-0.129348,-0.499243,0.070926,0.13718,0.007044,0.253812,-0.40762,-0.121698,-0.059428,0.082814,0.365295,0.136591,-0.495108,-0.052648,0.39867,-0.166513,-0.208365,0.261421,-0.132506,-0.603699,-0.049155,0.541177,-0.407763,-0.503385,-0.407779,0.467574,-0.249704,0.078437,-0.227564,-0.400835,0.267509,0.674835,0.296947,-0.413393,0.333313,-0.13186,0.153907,-0.359457,-0.161381,0.23309,0.31012,0.240685,0.23911,0.085657,-0.279763,0.29094,0.249872,0.318681,0.171826,0.294682,0.396674,-0.678064,-0.61152,0.061996,-0.249769,0.157047,0.090303,0.327945,-0.005486,-0.229969,-0.499538,-0.499268,-0.499268,-0.170175,-0.499538,-0.407657,-0.407657,-0.326852,-0.611242,-0.387943,-0.249769,-0.499268,-0.611447,-0.76219,-0.170175,-0.229969,-0.499538,-0.407657,-0.234245,-0.499268,-0.229969,-0.234245,0.309808,-0.407657,-0.499268,-0.499268,-0.327025,-0.249769,-0.611447,-0.249356,-0.499268,0.031031,-0.33219,0.0,-0.499538,0.037706,-0.997507,0.073277,-0.327025,-0.611242,-0.611242,0.24794,-0.407657,-0.182386,-0.499143,-0.249769,-0.198446,-0.76219,-0.249642,-0.156681,-0.711938,-0.76219,-0.611447,-0.326852,-0.005486,-0.210392,0.24794,-0.327025,0.634029,-0.611447,-0.678064,-0.387943,-0.327025,-0.406513,-0.497848,-0.198446,-0.229969,-0.678064,-0.249642,0.105592,-0.686419,-0.407594,-0.182386,0.041158,-0.76219,-0.327025,-0.76219,-0.499268,0.258385,0.420528,-0.76219,0.153906,-0.387943,-0.327025,-0.407657,-0.392036,-0.387943,0.409417,-0.407657,-0.72755,-0.249642,-0.166513,0.194875,0.113324,-0.499268,-0.76219,0.536876,-0.686419,-0.611447,-0.146095,0.252156,-0.406513,0.257305,0.279968,0.61258,0.329034,0.409656,-0.486837,0.044803,-0.108503,0.53281,0.612843,-0.234245,0.409417,0.439855,-0.023914,-0.379029,0.99999,0.252156,-0.762528,-0.949269,0.99999,#
1,0.525459,1.0,0.041866,0.026809,0.250105,-0.024977,-0.021709,0.41835,-0.009173,0.338217,-0.333053,-0.553668,0.389366,0.674042,0.421941,-0.333053,0.252429,0.611355,0.388172,-0.611527,0.547787,-0.001189,0.228853,0.213845,-0.420294,-0.240183,0.197738,0.629714,0.674532,0.405912,-0.56839,-0.219497,0.003873,-0.333053,-0.071812,-0.196926,-0.233348,-0.388459,0.179313,-0.142055,-0.424516,-0.099478,-0.017162,0.548821,-0.49945,-0.285639,0.114593,-0.188049,0.090581,0.526673,0.529568,0.043618,0.525867,-0.029955,0.32745,-0.488579,-0.227803,0.380409,-0.213363,-0.290173,-0.003679,0.406467,-0.524114,0.5178,-0.238225,0.477287,-0.359664,0.506422,0.307683,-0.365808,-0.443823,0.251456,-0.49958,-0.554515,0.006315,0.668943,-0.223568,-0.267107,-0.611888,-0.616059,-0.616059,-0.435277,-0.611888,0.002657,0.002657,0.174647,-0.408804,-0.555105,-0.015491,-0.194791,-0.401038,-0.237237,-0.435277,-0.267107,-0.611888,0.002657,0.182963,-0.616059,0.197427,-0.653157,0.037629,-0.815382,-0.616059,-0.616059,-0.231556,-0.49958,-0.440617,-0.123486,-0.99862,0.008183,-0.145918,0.0,-0.224617,-0.426761,-0.518016,-0.034799,-0.654103,-0.408804,-0.408804,-0.265032,-0.426058,-0.124468,-0.203979,-0.49958,-0.278026,-0.237237,-0.499325,-0.188709,-0.290799,-0.652328,-0.401038,-0.653758,-0.223568,-0.2989,-0.265032,-0.231556,0.364035,-0.401038,-0.215063,-0.023186,-0.654103,0.080981,-0.637386,-0.278026,0.197427,-0.215063,0.018248,0.428086,-0.379063,-0.392731,-0.598437,-0.421505,-0.237237,-0.231556,-0.652328,-0.233497,0.427103,0.43908,-0.652328,0.204303,-0.555105,-0.231556,-0.036734,-0.037538,-0.555105,0.42234,-0.426058,-0.628708,0.018248,0.338217,0.234576,0.153202,-0.194791,-0.652328,0.663648,-0.379063,-0.440617,0.339431,0.497157,-0.398363,0.222052,0.060094,0.021737,-0.191692,0.418884,-0.338371,0.203648,-0.034636,0.134133,0.821368,0.182963,0.812931,0.062052,0.20295,-0.433715,0.525631,0.014246,-0.687712,-0.641956,0.525631,#
2,-0.108489,0.041866,1.0,0.628124,0.041866,-0.611168,-0.654575,-0.554619,-0.997954,0.28957,0.28957,0.377885,-0.643314,-0.080007,-0.208127,0.235946,0.088544,-0.475908,-0.095096,-0.450176,-0.471332,-0.623166,0.413089,-0.384584,-0.603846,0.325674,-0.01054,0.062168,-0.063613,0.237487,0.372299,0.380557,-0.611315,0.235946,0.502328,0.060335,0.253079,0.115261,0.001506,-0.033135,-0.608119,-0.058682,0.252638,0.375507,-0.138511,-0.51884,-0.272155,-0.457846,-0.065002,-0.068367,-0.390647,0.572545,0.434134,-0.579728,0.366684,-0.32179,-0.603186,0.391176,-0.605446,-0.302819,0.081,-0.150214,-0.038618,-0.38225,-0.21914,-0.429152,-0.24183,-0.111104,-0.287189,0.417463,-0.282724,-0.156788,0.394137,-0.463936,-0.151995,-0.077069,-0.408461,-0.56777,-0.032175,0.367189,-0.459173,0.125784,-0.032175,0.676582,0.223752,-0.352621,-0.248707,-0.433419,-0.128698,0.391494,0.153323,-0.114817,0.125784,-0.56777,-0.032175,-0.164389,-0.5169,-0.42739,-0.085351,-0.100111,0.085462,-0.221469,-0.42739,-0.42739,-0.379136,-0.128698,0.12847,0.718571,-0.045992,0.6736,-0.273487,0.0,-0.032175,0.201342,0.081939,-0.152099,0.042126,-0.280884,0.137413,-0.136311,-0.221469,-0.161128,-0.035475,0.394137,-0.581563,-0.114817,-0.611003,-0.608582,0.320027,-0.114817,0.575823,0.02591,-0.441,-0.133714,-0.598348,0.077231,0.28957,0.153323,0.267176,0.118977,0.042126,0.47367,-0.035119,-0.581563,-0.050304,0.2797,0.434134,-0.130117,-0.269295,0.238148,-0.653345,-0.324387,-0.114817,0.042126,-0.114817,-0.42739,-0.583294,0.199965,-0.114817,0.057036,-0.433419,-0.344031,-0.156778,-0.417227,-0.433419,-0.668145,-0.609609,-0.091865,0.434134,0.28957,0.560755,-0.194138,0.391494,-0.114817,0.365585,-0.269295,-0.294029,0.261009,-0.385656,0.49241,0.07795,-0.47356,-0.178916,0.314923,0.183184,-0.173558,-0.809033,-0.237068,0.572665,0.242086,-0.5169,0.170156,0.105837,0.8247,0.18511,-0.10643,0.57723,-0.126876,-0.018813,-0.10643,#
3,-0.382055,0.026809,0.628124,1.0,0.064783,-0.418356,-0.422977,-0.622546,-0.643886,0.218986,0.186301,-0.038618,-0.395323,-0.337097,0.114546,0.120933,-0.219122,-0.234516,0.153634,-0.088196,-0.02899,-0.692414,0.024169,-0.289464,-0.164022,-0.089965,-0.007694,0.313337,0.22587,-0.097897,0.492318,-0.035445,-0.995241,0.120933,0.035292,-0.253575,0.157391,0.551866,0.476947,-0.038618,-0.159335,0.282496,-0.080423,-0.014537,-0.418819,-0.392295,-0.109335,-0.323325,0.320732,-0.321108,-0.250372,0.974618,0.30451,-0.293947,-0.207888,-0.262431,-0.446908,-0.215554,-0.430799,-0.257218,-0.244058,0.408949,-0.347805,-0.245876,-0.433684,-0.27605,-0.155828,0.067472,-0.059009,0.552153,0.029762,-0.114289,0.230425,-0.323211,-0.052199,-0.301883,-0.006066,-0.386649,0.44124,-0.052191,-0.090935,0.560623,0.44124,0.437549,0.35869,-0.253667,0.086293,-0.30331,0.181399,0.501625,0.586232,0.170257,0.560623,-0.386649,0.44124,0.39812,-0.31132,-0.052191,0.224048,-0.31132,0.316995,-0.165487,-0.052191,-0.052191,0.280301,0.230425,0.019925,0.745464,-0.052191,0.43569,-0.307686,0.0,0.44124,0.373002,0.332858,-0.098999,0.280301,0.047069,0.086293,-0.406622,-0.204916,0.190648,-0.063177,0.230425,-0.472624,0.170257,-0.375913,-0.41483,0.576336,0.170257,0.62585,-0.295616,-0.045732,0.177877,-0.406622,0.280301,0.186301,0.586232,0.552153,0.395972,0.280301,0.253582,-0.009539,-0.472624,0.266772,0.567419,0.304511,-0.104726,-0.171357,-0.09715,-0.432452,-0.241461,0.170257,0.237507,0.170257,-0.052191,-0.233312,0.160648,0.170257,0.276151,-0.30331,0.323095,-0.126058,-0.267005,-0.30331,-0.426132,-0.165487,0.170664,0.304511,0.218986,0.327779,-0.123148,0.501625,0.170257,-0.042723,-0.171357,0.019925,0.119005,-0.220694,0.324973,-0.220399,-0.32412,-0.115675,-0.357201,-0.368179,-0.259939,-0.4988,0.108966,0.119068,-0.102783,-0.31132,0.087356,-0.493177,0.500502,-0.17242,-0.37959,-0.269602,0.142191,0.259429,-0.37959,#
4,0.525459,0.250105,0.041866,0.064783,1.0,-0.49946,-0.021709,0.038529,-0.009173,0.338217,0.312399,-0.173109,0.002045,-0.150454,0.421941,-0.333053,0.663605,0.15912,-0.030189,-0.626413,0.159653,-0.392181,-0.148743,-0.203039,-0.435487,-0.343978,-0.20057,-0.291257,0.261984,0.029789,0.13375,-0.609209,0.003873,-0.333053,-0.18128,0.2253,0.094593,-0.505465,-0.228491,0.238504,-0.424516,-0.226363,-0.408565,0.548821,-0.49945,-0.443742,0.094546,-0.660536,0.070416,0.526673,0.056334,-0.090532,0.525867,-0.46283,-0.333126,-0.5975,-0.624902,-0.250409,-0.229309,-0.290173,0.014717,-0.001026,-0.157144,0.046387,0.087417,0.096067,0.361174,-0.103666,-0.181946,-0.390932,-0.833482,0.225954,-0.015491,-0.066183,0.401003,0.231068,0.168091,-0.68896,-0.224617,-0.616059,-0.616059,-0.033119,-0.224617,0.002657,-0.386668,-0.653758,-0.021506,-0.555105,-0.49958,-0.194791,-0.009849,-0.652328,-0.033119,-0.68896,-0.224617,0.002657,-0.235097,-0.233497,-0.224426,0.182963,0.037629,-0.426058,-0.233497,-0.233497,-0.231556,-0.015491,-0.831806,0.106137,-0.233497,0.407932,-0.398274,0.0,-0.611888,-0.020459,-0.518016,-0.034799,-0.231556,-0.408804,-0.408804,-0.265032,-0.815382,0.305953,-0.582048,-0.015491,-0.648398,-0.652328,-0.029307,-0.295284,-0.465438,-0.237237,-0.009849,-0.653758,-0.223568,-0.222259,-0.265032,-0.231556,0.364035,-0.009849,-0.390932,-0.023186,-0.231556,-0.623937,0.143724,-0.648398,0.197427,-0.240187,0.488266,0.187137,-0.379063,-0.009028,-0.168016,-0.421505,-0.652328,-0.654103,-0.237237,-0.616059,0.505461,0.824624,-0.237237,-0.234448,-0.555105,0.190992,-0.426058,-0.516628,-0.555105,0.021733,-0.426058,-0.154022,0.488266,0.338217,0.234576,0.251661,-0.194791,-0.237237,0.259477,-0.379063,-0.831806,-0.31679,0.497157,0.080981,0.639052,-0.034592,0.826796,0.230072,0.418884,-0.063496,0.203648,-0.034636,0.486584,0.422887,-0.235097,0.412324,-0.348888,0.20295,-0.078748,0.525631,0.014246,-0.687712,-0.641956,0.525631,#
5,-0.249709,-0.024977,-0.611168,-0.418356,-0.49946,1.0,0.415078,0.592622,0.612421,-0.166627,-0.166627,0.021806,0.408346,0.323946,-0.121712,-0.166627,-0.326933,0.38958,-0.176954,0.519176,0.018992,0.622165,0.017737,0.200386,0.631843,0.105167,0.509944,0.260771,-0.240484,-0.407811,-0.495446,0.013733,0.387162,-0.166627,0.006834,-0.326999,-0.743122,-0.096455,-0.002141,-0.499076,0.622992,0.388148,0.107063,-0.488056,0.40006,0.30678,-0.048609,0.410822,-0.237113,0.06861,0.249701,-0.353979,-0.249812,0.537489,0.182544,0.180511,0.330153,0.170002,0.370902,0.177315,-0.367809,0.095265,-0.292358,0.243873,-0.118865,0.27112,-0.40319,-0.119574,-0.018836,0.10174,0.415355,0.136191,-0.24994,0.304767,-0.407563,0.347082,-0.003965,0.359369,-0.009802,0.03349,0.517608,-0.101783,-0.009802,-0.407936,0.08474,0.774276,0.418152,0.286797,0.362658,-0.49961,-0.116829,0.341002,-0.101783,0.359369,-0.009802,0.08474,0.349789,0.517608,-0.228484,-0.179251,-0.392171,0.134588,0.517608,0.517608,0.207471,-0.24994,0.428294,-0.724514,0.03349,-0.406718,0.049818,0.0,-0.009802,-0.407216,0.268339,0.106946,-0.327248,0.418152,-0.07196,0.377424,0.627264,-0.180835,0.505788,-0.24994,0.336209,0.341002,0.405158,0.371873,0.251813,0.341002,-0.611865,0.250117,-0.003965,-0.208844,0.377424,0.207471,-0.166627,-0.116829,0.292503,-0.386327,-0.327248,0.342832,0.046051,0.336209,-0.228484,0.292503,-0.249812,0.104687,0.204334,0.126818,0.418957,0.236745,0.341002,0.207471,0.341002,0.517608,0.279233,-0.611399,0.341002,0.228753,0.286797,0.207471,0.627264,0.277173,0.286797,0.407211,0.627264,0.317876,-0.249812,-0.166627,-0.320651,0.068611,-0.49961,0.341002,-0.475405,0.204334,0.428294,-0.147193,0.249332,-0.263761,-0.302107,0.277025,-0.395539,-0.207086,-0.091884,-0.018784,0.48724,-0.107023,-0.597915,-0.385131,0.349789,-0.087069,-0.082425,-0.491923,0.159085,-0.249754,-0.361775,0.350354,0.329534,-0.249754,#
6,-0.068396,-0.021709,-0.654575,-0.422977,-0.021709,0.415078,1.0,0.25037,0.677766,-0.408072,0.263099,-0.398509,0.580868,-0.081483,0.547653,-0.408072,0.107129,0.357394,0.04051,0.000619,0.492661,0.287397,-0.404955,0.101126,0.25037,0.049792,-0.392826,0.169188,-0.116547,-0.168334,-0.48324,-0.395764,0.434919,-0.408072,-0.163309,0.113099,-0.076992,0.102201,-0.012941,-0.398509,0.25457,0.224476,-0.169062,0.151737,-0.07789,0.558968,0.433777,0.040019,0.160534,-0.088593,0.099363,-0.478111,-0.611796,-0.000721,-0.28921,0.532239,0.411821,-0.26637,-0.037807,0.407374,-0.412414,0.225613,0.1428,0.087059,0.432227,0.049155,0.226153,-0.378203,-0.25905,-0.383519,0.155862,0.270492,-0.10873,0.146004,-0.185991,0.361964,0.396916,0.361457,-0.016108,0.010109,0.010109,-0.24107,-0.016108,-0.189369,-0.594206,0.534685,0.153701,0.610788,-0.10873,-0.427944,-0.27814,-0.097701,-0.24107,0.361457,-0.016108,-0.189369,0.34266,0.407913,-0.121587,-0.092058,0.083982,-0.148409,0.407913,0.407913,0.077332,-0.10873,0.169793,-0.633545,0.010109,-0.580383,-0.002099,0.0,-0.016108,-0.574788,0.082045,0.235403,-0.362053,-0.249029,-0.249029,-0.046473,-0.148409,0.004002,-0.397203,-0.10873,0.372806,-0.097701,0.415147,0.78107,-0.319819,-0.097701,-0.27814,-0.326729,-0.010349,0.311341,-0.046473,0.077332,-0.408072,-0.27814,-0.226768,0.057675,-0.362053,-0.472173,0.03937,0.372806,0.317075,-0.070016,-0.123049,0.464352,0.379499,-0.160536,0.496857,0.457135,-0.097701,-0.362053,-0.097701,0.407913,0.720719,0.152115,-0.097701,-0.343303,0.610788,0.516716,0.661266,0.089789,0.610788,0.607774,0.256429,-0.023461,-0.123049,-0.408072,0.105853,0.271107,-0.427944,-0.097701,-0.333698,0.379499,0.169793,0.278406,0.643258,-0.237611,0.117076,0.614114,0.277092,-0.487251,0.203938,0.409305,0.42412,0.56689,-0.68943,-0.124308,0.34266,0.201619,-0.182463,-0.395968,-0.147417,-0.07049,-0.361048,0.352434,0.226044,-0.07049,#
7,0.630274,0.41835,-0.554619,-0.622546,0.038529,0.592622,0.25037,1.0,0.575253,-0.271998,-0.271998,0.051935,0.242193,0.564203,0.275288,-0.271998,0.383998,0.492726,-0.27096,0.0,0.048361,0.587204,0.045166,0.345005,0.166461,0.000981,0.380531,0.297764,0.112602,-0.237751,-0.808756,-0.010689,0.611995,-0.271998,-0.14889,-0.071172,-0.733209,-0.579764,-0.020319,0.051935,0.159257,-0.086204,-0.253754,-0.010072,0.112378,0.297894,-0.260435,-0.029936,0.036605,0.631591,0.448244,-0.599175,0.106428,0.317825,0.271234,-0.182895,0.102443,0.331676,0.553102,0.34386,-0.097646,0.171721,-0.498296,0.438573,0.103947,0.48349,-0.206127,0.151093,0.316642,-0.445897,-0.176573,0.165338,-0.407997,0.37293,-0.273946,0.548839,-0.030433,0.071793,-0.423689,-0.38881,-0.001277,-0.201296,-0.423689,-0.665906,-0.271522,0.347714,-0.174103,-0.121352,0.082384,-0.815553,-0.602522,-0.361519,-0.201296,0.071793,-0.423689,-0.271522,0.060784,-0.001277,-0.39878,-0.36271,-0.054853,-0.23162,-0.001277,-0.001277,-0.106154,-0.407997,-0.166155,-0.763988,-0.38881,-0.27803,-0.264271,0.0,-0.423689,-0.272517,-0.615575,0.12454,-0.534193,-0.174103,-0.566435,0.506976,0.162765,-0.321523,-0.010633,-0.407997,0.073537,-0.361519,0.116511,0.139916,-0.354222,-0.361519,-0.998796,-0.071873,-0.030433,-0.367483,0.506976,-0.106154,0.434151,-0.602522,-0.293192,-0.660184,-0.534193,-0.037932,-0.377572,0.073537,-0.39878,-0.293192,-0.407789,0.169229,-0.444795,-0.237787,0.158607,0.221433,-0.361519,-0.106154,-0.361519,-0.001277,0.427363,-0.141046,-0.361519,0.335066,-0.121352,-0.106154,0.162765,-0.132235,-0.121352,0.663708,0.162765,-0.351195,-0.407789,-0.271998,-0.070615,0.145219,-0.815553,-0.361519,0.063256,-0.444795,-0.166155,-0.241969,0.405781,-0.523506,-0.054915,0.450932,0.190221,0.104889,0.264431,-0.454148,0.402327,-0.199108,-0.027338,0.198802,0.060784,0.26804,0.297017,-0.392052,-0.189858,0.630466,-0.083406,-0.354313,-0.526433,0.630466,#
8,0.131916,-0.009173,-0.997954,-0.643886,-0.009173,0.612421,0.677766,0.575253,1.0,-0.272078,-0.272078,-0.389658,0.666773,0.103039,0.233804,-0.272078,-0.056687,0.510842,0.08866,0.400494,0.482813,0.611951,-0.39299,0.362348,0.575253,-0.311562,0.009023,-0.049955,0.068333,-0.229428,-0.405981,-0.396318,0.632182,-0.272078,-0.478938,-0.062119,-0.272258,-0.157498,-0.0191,0.003523,0.57954,0.065722,-0.245742,-0.3267,0.122616,0.500929,0.281859,0.421412,0.047001,0.112029,0.407728,-0.597799,-0.407909,0.553851,-0.358128,0.294749,0.573283,-0.374151,0.572022,0.289531,-0.086666,0.155555,0.028141,0.398211,0.235061,0.442702,0.228246,0.093187,0.258599,-0.43297,0.242087,0.189709,-0.408118,0.435912,0.141427,0.131765,0.389606,0.533473,-0.016005,-0.380555,0.409943,-0.166198,-0.016005,-0.666103,-0.263867,0.365108,0.242157,0.407238,0.092027,-0.420545,-0.190765,0.084561,-0.166198,0.533473,-0.016005,0.138369,0.51831,0.409943,0.053532,0.086385,-0.1062,0.179066,0.409943,0.409943,0.338772,0.092027,-0.149873,-0.734914,0.014694,-0.664115,0.252846,0.0,-0.016005,-0.24515,-0.103751,0.140058,-0.09779,0.242157,-0.157986,0.12022,0.179066,0.140001,0.005147,-0.408118,0.548984,0.084561,0.612436,0.607218,-0.338385,0.084561,-0.594928,-0.062832,0.389606,0.098187,0.562204,-0.09779,-0.272078,-0.190765,-0.277225,-0.142322,-0.09779,-0.480792,0.03437,0.548984,0.053532,-0.277225,-0.407909,0.170939,0.253028,-0.229462,0.62969,0.304792,0.084561,-0.09779,0.084561,0.409943,0.624338,-0.156146,0.084561,-0.079781,0.407238,0.338772,0.179066,0.392024,0.407238,0.691822,0.581303,0.069006,-0.407909,-0.272078,-0.523579,0.215113,-0.420545,0.084561,-0.341994,0.253028,0.25429,-0.240345,0.439555,-0.480792,-0.045237,0.486257,0.202533,-0.30982,-0.123534,0.179482,0.821267,0.228674,-0.570556,-0.200702,0.51831,-0.125617,-0.106991,-0.803242,-0.180323,0.129872,-0.558299,0.095686,-0.009358,0.129872,#
9,-0.166513,0.338217,0.28957,0.218986,0.338217,-0.166627,-0.408072,-0.271998,-0.272078,1.0,-0.111111,-0.332797,0.28537,0.229931,-0.407791,-0.111111,-0.218008,0.245083,0.377378,-0.333136,0.172606,-0.271921,0.343206,-0.218164,-0.271998,-0.324599,0.352991,-0.21469,0.230098,0.427334,0.367981,-0.332854,-0.166667,-0.111111,0.1696,-0.218052,0.068998,-0.402838,-0.332806,-0.332797,-0.272093,0.021843,0.401677,0.216966,-0.166623,-0.907218,0.279541,0.033274,-0.600531,0.249992,0.182481,0.201241,0.690124,-0.052162,0.143196,-0.648759,-0.506993,0.134654,-0.507841,-0.994846,0.190003,-0.267601,-0.010529,0.178533,-0.492061,0.196875,-0.268858,0.176439,-0.219146,0.173,-0.408057,0.197557,-0.166667,-0.66262,0.447628,0.245676,-0.333144,-0.508338,-0.333333,-0.333153,-0.333153,-0.407231,-0.333333,0.437602,0.437602,-0.218103,0.29806,-0.66523,-0.166667,0.364144,0.305016,0.247993,-0.407231,-0.508338,-0.333333,0.437602,0.254,-0.333153,0.260577,0.254,-0.664877,-0.272023,-0.333153,-0.333153,-0.218218,-0.166667,-0.408008,0.307444,-0.333153,0.457415,0.24617,0.0,-0.333333,-0.271543,0.20258,-0.271543,-0.218218,0.29806,0.29806,-0.506836,-0.272023,0.300737,0.35604,-0.166667,-0.467555,0.247993,-0.166582,-0.501466,0.146021,0.247993,0.305016,-0.218103,-0.333144,-0.505745,-0.506836,-0.218218,-0.111111,0.305016,0.173,0.215221,-0.218218,0.252403,0.261018,-0.467555,0.260577,0.173,0.690124,0.103695,0.167913,0.427398,-0.483795,-0.989213,0.247993,-0.218218,0.247993,-0.333153,0.053956,0.303403,0.247993,-0.2177,-0.66523,-0.218218,-0.272023,0.208608,-0.66523,-0.374983,-0.272023,0.235531,0.690124,1.0,-0.190476,0.073446,0.364144,0.247993,0.356576,0.167913,-0.408008,-0.063543,0.166261,0.252403,0.493517,-0.630249,-0.242527,0.217813,0.271724,0.248421,0.324905,-0.407998,0.251358,0.40729,0.254,0.271539,-0.371391,0.341416,0.333731,-0.166543,0.166261,-0.508822,-0.146176,-0.166543,#
10,-0.166513,-0.333053,0.28957,0.186301,0.312399,-0.166627,0.263099,-0.271998,-0.272078,-0.111111,1.0,0.322316,-0.408052,-0.508119,0.258534,-0.111111,0.48981,-0.504583,-0.400423,-0.333136,-0.328509,-0.271921,-0.332806,-0.218164,-0.271998,0.211436,-0.332675,-0.21469,-0.508488,-0.27194,0.206821,-0.332854,-0.166667,-0.111111,0.1696,0.508788,0.068998,0.115097,-0.332806,-0.332797,-0.272093,0.021843,-0.272104,0.397771,-0.166623,-0.090722,0.003451,-0.632203,0.093725,-0.16666,-0.664752,0.003299,-0.166582,-0.797333,0.058963,0.101252,-0.506993,0.091217,-0.507841,0.095994,-0.66501,-0.293582,-0.010529,-0.665441,0.068515,-0.656249,0.262949,-0.915804,-0.851298,-0.0865,-0.408057,-0.065852,0.666667,0.178017,-0.271774,0.18984,0.341077,-0.508338,0.333333,0.325405,-0.333153,0.285062,0.333333,0.398178,-0.272023,-0.218103,0.258841,0.166307,-0.166667,-0.333153,0.265403,-0.508596,0.285062,-0.508338,0.333333,-0.272023,-0.508,0.325405,-0.508338,0.211667,0.15799,-0.272023,0.325405,0.325405,-0.218218,-0.166667,0.265403,-0.087841,0.325405,0.416936,-0.622665,0.0,-0.333333,-0.271543,0.154346,0.427886,-0.218218,-0.407871,-0.407871,0.229592,-0.272023,0.257152,-0.333069,0.666667,-0.467555,-0.508596,-0.166582,0.048924,-0.111663,0.20596,0.265403,-0.218103,-0.333145,0.241878,-0.506836,0.509175,-0.111111,0.265403,-0.0865,0.166307,-0.218218,-0.184449,0.340115,-0.467555,0.217859,0.173,0.642529,0.034565,0.103331,0.388544,0.257152,0.12447,-0.508596,-0.218218,0.20596,-0.333153,0.143882,0.255996,0.20596,-0.2177,0.166307,0.509175,0.398178,-0.664634,0.166307,-0.418084,-0.272023,0.331666,0.642529,-0.111111,0.52381,0.073446,-0.333153,0.20596,-0.339182,0.103331,-0.408008,-0.134146,0.166261,0.203864,0.493517,0.021733,0.407098,0.217813,0.271724,0.189273,-0.33313,0.278732,0.20802,-0.278672,-0.508,0.271539,-0.415604,0.341416,0.333731,-0.166543,0.166261,0.212009,0.194902,-0.166543,#
11,0.011026,-0.553668,0.377885,-0.038618,-0.173109,0.021806,-0.398509,0.051935,-0.389658,-0.332797,0.322316,1.0,-0.796992,-0.195686,-0.3703,0.296111,0.215075,-0.593305,-0.775395,0.196418,-0.983941,-0.019493,0.21793,-0.24724,0.019245,0.562353,0.184646,-0.28549,-0.61589,-0.417484,0.134231,0.598611,0.011792,0.296111,0.413911,0.17039,-0.263764,-0.086862,-0.202109,0.195971,0.011974,-0.043615,-0.005806,-0.22216,0.503397,0.073816,-0.657889,-0.280498,-0.122882,0.051097,-0.468636,-0.081928,0.016276,-0.201927,0.299772,-0.023967,-0.257007,0.330579,0.212672,0.345146,0.005228,-0.386081,-0.019947,-0.439043,0.113404,-0.394664,-0.07365,-0.444451,-0.243907,0.336603,-0.002768,-0.238654,0.46382,0.500539,-0.413415,-0.220832,-0.202783,-0.211867,0.165088,0.57905,0.190763,0.377444,0.165088,-0.040259,-0.040259,-0.190319,-0.018313,-0.001384,-0.007861,-0.23681,-0.046804,-0.23365,0.377444,-0.211867,0.165088,-0.419604,-0.629986,0.190763,-0.683354,0.201675,-0.008073,0.394873,0.190763,0.206295,-0.241884,-0.007861,0.390411,0.068364,0.57905,0.36955,-0.383972,0.0,-0.227979,0.387932,-0.030259,0.01145,0.186988,-0.018313,-0.018313,0.659063,0.394873,-0.361517,0.177056,0.483473,-0.215023,-0.23365,0.026378,-0.27605,0.257067,0.187654,-0.046804,0.63367,-0.218684,-0.210028,0.224864,0.204143,0.374725,-0.046804,0.189722,-0.541264,0.186988,0.349606,0.234296,-0.215023,-0.666228,0.189722,-0.021888,-0.401886,-0.350009,0.393111,0.12777,0.329551,-0.23365,0.186988,0.187654,-0.197524,-0.593406,-0.407191,0.187654,0.21763,-0.001384,-0.224729,0.015527,-0.502164,-0.001384,-0.417683,-0.000279,0.196457,-0.021888,-0.332797,0.220118,-0.191737,-0.23681,0.187654,-0.240594,-0.350009,-0.006633,-0.358497,-0.495775,0.358764,-0.221143,-0.06945,-0.007354,0.623494,0.001802,-0.316095,-0.594286,-0.412233,0.416598,-0.398884,-0.629986,-0.407518,0.350565,0.189884,0.416484,0.013138,0.464897,0.202001,0.086186,0.013138,#
12,-0.071943,0.389366,-0.643314,-0.395323,0.002045,0.408346,0.580868,0.242193,0.666773,0.28537,-0.408052,-0.796992,1.0,0.36746,0.134412,-0.408052,-0.323554,0.810781,0.516042,-0.007381,0.794269,0.278978,0.011608,0.095223,0.242193,-0.279989,0.029686,0.162921,0.332952,0.262649,-0.374518,-0.401148,0.428055,-0.408052,-0.158163,-0.329039,-0.074829,-0.218942,-0.020845,-0.403874,0.246363,0.223522,0.246013,0.047449,-0.081377,0.043552,0.603307,0.439892,-0.271544,0.16802,0.611494,-0.351353,-0.077113,0.445193,-0.233322,0.063099,0.396941,-0.235318,-0.049747,-0.273774,0.107936,0.233295,0.141608,0.59722,0.081182,0.565497,-0.100914,0.283953,0.116736,-0.221122,0.145041,0.431519,-0.612078,-0.375308,0.257675,0.398984,-0.018278,0.346876,-0.424054,-0.39314,0.002046,-0.664687,-0.424054,-0.153961,-0.153961,0.52593,0.183377,0.091813,-0.112014,0.002046,-0.245216,0.362907,-0.664687,0.346876,-0.424054,0.248211,0.80376,0.002046,0.346876,-0.059952,-0.426313,-0.153961,0.002046,0.002046,0.071585,-0.112014,-0.245216,-0.384793,-0.39314,-0.541292,0.525191,0.0,-0.024003,-0.577522,0.115312,-0.192376,-0.364907,0.183377,0.183377,-0.500246,-0.153961,0.037348,0.027476,-0.612078,0.35913,0.362907,0.408415,0.433616,-0.159578,-0.065882,-0.245216,-0.329813,-0.018278,-0.151479,-0.058332,-0.364907,-0.408052,-0.245216,-0.065402,0.091813,-0.364907,-0.200861,-0.002088,0.35913,0.346876,-0.065402,-0.077113,0.505268,0.419785,-0.125904,0.037348,-0.237913,0.362907,-0.364907,-0.065882,0.397231,0.663307,0.186844,-0.065882,-0.346268,0.091813,0.071585,0.248211,0.618218,0.091813,0.620637,0.248211,-0.075341,-0.077113,0.28537,-0.328042,0.271086,0.002046,-0.065882,0.094566,0.419785,0.158882,0.317416,0.643015,-0.200861,0.128151,0.203705,-0.120378,-0.478815,0.209118,0.448067,0.823998,0.141274,-0.652851,0.297918,0.80376,0.20681,-0.163645,-0.385166,-0.138436,-0.074023,-0.35468,-0.094653,0.016374,-0.074023,#
13,0.36503,0.674042,-0.080007,-0.337097,-0.150454,0.323946,-0.081483,0.564203,0.103039,0.229931,-0.508119,-0.195686,0.36746,1.0,-0.056994,0.173158,-0.00094,0.544737,0.374535,-0.229795,0.182648,0.512497,0.658145,0.396461,-0.340499,-0.164411,0.651449,0.418116,0.092097,0.098919,-0.618758,0.206264,0.344896,0.173158,-0.062908,-0.06722,-0.4088,-0.500616,0.202465,-0.195686,-0.348502,-0.313986,0.510121,0.187693,-0.197293,-0.024336,-0.31926,0.166332,-0.114136,0.387467,0.775391,-0.264734,0.365392,0.42587,0.514968,-0.244976,0.031872,0.536993,0.04804,-0.194188,0.217629,0.089142,-0.275888,0.279888,0.105661,0.253163,-0.738881,0.423719,0.290918,-0.152482,-0.116674,-0.141881,-0.251221,-0.349435,-0.340219,0.568594,-0.671366,0.012987,-0.689793,-0.235943,-0.235943,-0.574295,-0.689793,0.066374,0.066374,0.414904,-0.09278,-0.365397,-0.229931,-0.235943,-0.54922,0.030175,-0.574295,0.012987,-0.689793,-0.344559,0.058403,-0.235943,0.012987,-0.419633,-0.323579,-0.361681,-0.235943,-0.639737,-0.087342,-0.762178,-0.119114,-0.295106,-0.656562,0.084491,0.124426,0.0,-0.263995,-0.38723,-0.34035,-0.385128,-0.551925,-0.09278,-0.09278,0.030656,0.066374,-0.300535,0.207058,-0.762178,0.047237,0.030175,-0.192727,-0.340283,-0.104674,-0.42621,-0.54922,-0.058721,-0.257968,-0.516267,0.030656,-0.533342,0.258317,-0.54922,-0.145853,-0.365397,-0.551925,0.381694,-0.652297,0.047237,-0.43228,-0.145853,-0.192727,-0.032673,-0.24188,-0.314669,-0.514329,-0.260924,0.030175,-0.087342,-0.42621,0.184677,0.12498,-0.03803,-0.42621,-0.053461,-0.365397,-0.533342,0.083496,0.195456,-0.365397,0.388376,0.066374,-0.567223,-0.192727,0.229931,-0.014599,-0.361279,-0.235943,-0.42621,0.325285,-0.24188,-0.119114,0.248738,0.249283,-0.38343,-0.012608,-0.230973,-0.312457,0.067471,0.391136,-0.090968,0.235465,-0.559257,0.010186,0.575583,0.058403,0.388376,0.440978,0.228661,0.129573,0.365181,0.228044,-0.457143,-0.424488,0.365181,#
14,0.446589,0.421941,-0.208127,0.114546,0.421941,-0.121712,0.547653,0.275288,0.233804,-0.407791,0.258534,-0.3703,0.134412,-0.056994,1.0,-0.407791,0.559558,0.305361,0.030612,-0.4389,0.481225,-0.157774,-0.376959,0.095163,-0.198373,-0.113367,-0.415027,0.52648,0.368854,-0.173642,-0.487676,-0.418221,-0.091953,-0.407791,-0.315521,0.107052,-0.088323,0.0918,0.383321,0.054624,-0.191164,0.040869,-0.594592,0.474623,-0.611528,0.325344,0.092967,-0.551885,0.684547,0.187899,0.124128,0.022396,-0.087339,-0.329078,-0.311974,0.02168,-0.082945,-0.233084,-0.084615,0.436043,-0.426148,0.655064,-0.420846,0.111737,0.255193,0.074774,0.218071,-0.055827,0.065104,-0.459598,-0.290835,0.189031,-0.111943,0.054327,-0.191167,0.346494,0.38606,-0.132903,-0.023988,-0.432847,-0.432847,0.146528,-0.023988,-0.194527,-0.596442,0.054733,-0.297468,0.041301,-0.111943,-0.432847,-0.285919,-0.581066,0.146528,-0.132903,-0.023988,-0.194527,-0.147245,-0.037914,-0.132903,-0.578824,0.643008,-0.596442,-0.037914,-0.037914,0.071539,-0.111943,-0.285919,-0.213871,-0.432847,-0.189443,-0.558896,0.0,-0.023988,-0.177449,-0.475992,0.22719,-0.364674,-0.697291,-0.697291,-0.12376,-0.596442,-0.007632,-0.83211,-0.111943,-0.173841,-0.581066,-0.126157,0.286643,-0.396424,-0.581066,-0.285919,-0.800463,-0.018266,0.296962,-0.12376,0.071539,0.31184,-0.285919,-0.303978,0.041301,-0.364674,-0.557021,-0.412862,-0.173841,0.302593,-0.148357,-0.126157,0.418714,-0.372111,-0.60209,-0.007632,0.331106,-0.581066,-0.364674,-0.581066,-0.037914,0.68769,0.571091,-0.581066,0.085579,0.041301,0.507751,0.207388,-0.471425,0.041301,0.581985,-0.194527,-0.484618,-0.126157,-0.407791,0.532299,0.234321,-0.432847,-0.581066,0.055911,-0.372111,-0.285919,0.229145,0.608953,-0.324153,0.082868,0.578924,0.661967,-0.507898,0.181487,-0.277237,0.002664,0.553011,-0.132649,0.259675,-0.147245,0.581985,-0.202781,-0.008604,-0.622056,0.44675,-0.388104,-0.138329,-0.337787,0.44675,#
15,-0.166513,-0.333053,0.235946,0.120933,-0.333053,-0.166627,-0.408072,-0.271998,-0.272078,-0.111111,-0.111111,0.296111,-0.408052,0.173158,-0.407791,1.0,-0.218008,-0.504583,0.34857,0.333136,-0.328509,0.374228,0.291205,0.499481,-0.271998,-0.324599,0.352991,-0.21469,-0.508488,-0.27194,0.36798,0.363817,-0.166667,1.0,-0.395734,0.479714,0.288539,0.316516,0.369206,0.296111,-0.272093,-0.633435,0.427592,-0.325449,-0.166623,0.226805,-0.617752,0.29207,0.302001,-0.583313,0.117309,0.201241,-0.166582,0.320423,0.143196,0.326255,0.176593,0.04778,0.178431,0.05236,0.190003,-0.293582,0.23514,-0.665441,0.255374,-0.656249,-0.268858,0.092421,0.160145,0.173,0.290671,-0.943882,0.666667,0.178017,-0.271774,-0.508103,-0.333144,0.217859,0.333333,0.325405,0.325405,0.285062,0.333333,0.398178,0.398178,-0.218103,0.258841,0.166307,-0.166667,0.325405,0.265403,0.205961,0.285062,0.217859,0.333333,-0.272023,-0.508001,0.325405,0.217859,0.211667,0.125076,0.398178,0.325405,-0.333153,0.509175,-0.166667,0.265403,0.263523,0.325405,0.416936,0.197901,0.0,0.333333,0.427886,0.154346,-0.271543,0.509175,0.258841,0.258841,0.229592,0.398178,0.257152,0.317756,-0.166667,0.276283,0.205961,-0.166582,-0.501466,0.146021,0.205961,0.265403,0.494925,0.341077,0.241878,0.229592,-0.218218,-0.111111,0.265403,-0.0865,0.166307,0.509175,0.203864,-0.332205,0.276283,-0.508338,-0.0865,-0.166582,-0.933257,0.103331,-0.271981,-0.091529,0.12447,0.205961,0.509175,0.205961,0.325405,-0.62049,-0.407697,0.205961,-0.2177,0.166307,-0.218218,-0.272023,0.160094,0.166307,-0.418084,0.398178,-0.052874,-0.166582,-0.111111,-0.238095,-0.943503,0.325405,0.205961,-0.339182,0.103331,0.265403,-0.134146,-0.665045,-0.184449,-0.224326,-0.684581,-0.285835,0.217813,-0.407586,0.189273,-0.33313,-0.407998,0.20802,-0.278672,-0.508001,-0.418084,0.291807,0.341416,0.474744,-0.166543,0.166261,0.212009,0.194902,-0.166543,#
16,0.778098,0.252429,0.088544,-0.219122,0.663605,-0.326933,0.107129,0.383998,-0.056687,-0.218008,0.48981,0.215075,-0.323554,-0.00094,0.559558,-0.218008,1.0,-0.132616,-0.36945,-0.653637,-0.146561,-0.051933,-0.205781,0.085435,-0.533679,0.02709,-0.264471,-0.063543,-0.000941,-0.052466,-0.306008,-0.25859,0.246321,-0.218008,-0.076189,0.555257,-0.073204,-0.460454,-0.255471,0.266491,-0.533866,-0.431165,-0.533887,0.666811,-0.326927,0.011559,-0.199008,-0.757143,0.29623,0.4905,-0.160919,-0.363409,0.188588,-0.624516,0.173642,-0.253321,-0.465661,0.264201,-0.049314,0.273959,-0.212221,-0.111286,-0.254066,-0.166669,0.264577,-0.136286,0.319432,-0.32285,-0.19158,-0.65463,-0.800637,0.012865,0.203852,0.25226,-0.093286,0.410895,0.212427,-0.527162,-0.229333,-0.234145,-0.65367,0.031131,-0.229333,-0.106786,-0.533728,-0.427933,-0.375552,-0.237065,-0.327012,-0.65367,-0.371553,-0.997902,0.031131,-0.527162,-0.229333,-0.533728,-0.530728,-0.234145,-0.527162,-0.072274,0.37457,-0.533728,-0.234145,-0.234145,-0.428159,-0.327012,-0.371553,-0.276432,-0.234145,0.29304,-0.690373,0.0,-0.654024,-0.139644,-0.783644,0.337368,-0.428159,-0.800272,-0.800272,0.365481,-0.533728,0.002554,-0.653506,0.203852,-0.47331,-0.997902,-0.326845,-0.107367,-0.70061,-0.542704,-0.371553,-0.427933,-0.217076,-0.031938,-0.10365,0.035217,0.48981,-0.371553,-0.65463,-0.237065,-0.428159,-0.476928,-0.223518,-0.47331,-0.064548,-0.489319,0.188588,0.115381,-0.541087,-0.112867,0.002554,0.115683,-0.997902,-0.428159,-0.542704,-0.65367,0.320115,0.534898,-0.542704,-0.002604,-0.237065,0.035217,-0.106786,-0.770024,-0.237065,0.095661,-0.533728,-0.431997,0.188588,-0.218008,0.505989,0.146986,-0.65367,-0.542704,0.25862,-0.541087,-0.800541,-0.214629,0.328864,-0.229559,0.541891,0.261385,0.800963,0.429677,0.535305,-0.309874,-0.172602,0.081627,0.603613,0.364335,-0.530728,0.534976,0.124153,0.196351,-0.122529,0.77807,0.328864,-0.539149,-0.715158,0.77807,#
17,0.213557,0.611355,-0.475908,-0.234516,0.15912,0.38958,0.357394,0.492726,0.510842,0.245083,-0.504583,-0.593305,0.810781,0.544737,0.305361,-0.504583,-0.132616,1.0,0.284444,-0.162923,0.612629,0.091174,0.294174,-0.099819,0.142524,-0.134078,0.25668,0.44441,0.488371,0.054774,-0.593507,-0.203216,0.281125,-0.504583,-0.024451,-0.578292,-0.445999,-0.430092,0.211184,-0.274382,0.146676,0.334421,0.145593,0.105567,-0.161042,-0.051793,0.235982,0.086825,-0.170701,0.562233,0.783874,-0.217021,0.325444,0.42445,-0.226235,-0.340111,0.096826,-0.152733,0.026713,-0.191357,0.161065,0.555202,-0.28278,0.766117,0.075967,0.738235,-0.358426,0.419705,0.272312,-0.053872,-0.023209,0.547405,-0.756874,-0.379829,0.040448,0.534654,-0.27479,0.053763,-0.631449,-0.58004,-0.152801,-0.552688,-0.631449,-0.304355,-0.304355,0.500671,0.001018,-0.31606,-0.194625,-0.170896,-0.480563,0.158704,-0.552688,0.053763,-0.631449,0.130438,0.548176,-0.152801,0.03381,-0.422942,-0.35532,-0.303332,-0.152801,-0.152801,-0.028314,-0.21625,-0.444585,-0.262139,-0.59713,-0.361874,0.167218,0.0,-0.18165,-0.395033,-0.190251,-0.424927,-0.519085,0.001018,0.001018,-0.476071,-0.28594,-0.307075,-0.125673,-0.756874,0.01103,0.158704,0.368672,0.141239,0.003343,-0.323407,-0.480563,-0.461488,-0.27479,-0.508415,0.001686,-0.500209,0.187416,-0.480563,0.121212,-0.338907,-0.519085,-0.052903,-0.17344,0.01103,0.03381,0.121212,-0.178469,0.569571,-0.160886,-0.273241,-0.286717,-0.257551,0.158704,-0.500209,-0.323407,0.291528,0.690739,0.30755,-0.323407,-0.063987,-0.31606,-0.028314,0.166244,0.253673,-0.31606,0.793562,0.148852,-0.32244,-0.178469,0.245083,-0.030893,0.289555,-0.170896,-0.323407,0.238099,-0.160886,-0.00771,0.288563,0.750988,-0.074316,-0.087319,0.284801,0.016858,-0.465133,0.331627,-0.036837,0.644085,-0.128413,-0.477959,0.487851,0.548176,0.329392,-0.061956,-0.199064,-0.294572,0.213854,-0.349202,-0.335599,-0.278173,0.213854,#
18,-0.129348,0.388172,-0.095096,0.153634,-0.030189,-0.176954,0.04051,-0.27096,0.08866,0.377378,-0.400423,-0.775395,0.516042,0.374535,0.030612,0.34857,-0.36945,0.284444,1.0,-0.073748,0.715873,0.185744,0.115811,0.47602,-0.28859,-0.706539,0.098827,0.151144,0.28348,0.309886,0.117202,-0.295085,-0.146918,0.34857,-0.541829,0.096107,0.442997,0.215599,0.39961,-0.064746,-0.282397,-0.351676,0.399433,0.085784,-0.600479,-0.052923,0.237023,0.424726,0.209067,-0.362958,0.558781,0.241118,-0.000617,0.362633,-0.128194,0.133492,0.270869,-0.20958,-0.209599,-0.423323,0.18391,0.156476,0.179525,0.019778,0.026484,-0.027223,-0.199083,0.508422,0.291954,-0.145773,0.130868,-0.336344,-0.03889,-0.518719,0.224649,-0.049798,-0.155883,0.253512,-0.060496,-0.329834,-0.073721,-0.282959,-0.060496,0.402614,0.315734,0.04589,0.165129,-0.009385,-0.168524,0.499773,0.181064,0.382618,-0.282959,0.253512,-0.060496,0.211477,0.284269,-0.073721,0.791769,-0.070244,-0.010923,-0.181018,-0.073721,-0.517651,0.458271,-0.168524,-0.230771,0.186749,-0.415206,-0.003463,0.520477,0.0,0.371616,-0.144431,0.143561,-0.279902,0.081093,0.165129,0.251557,-0.570885,-0.181018,0.45325,0.058264,-0.600635,0.295892,0.382618,-0.180777,-0.154272,-0.103999,-0.080534,0.26836,-0.305353,0.298605,0.238872,-0.189022,-0.409238,-0.400423,0.181064,-0.18614,0.60695,0.081093,-0.108479,-0.433315,0.295892,0.302243,-0.18614,-0.000617,-0.172958,0.382433,-0.490587,-0.330982,-0.366701,0.382618,0.081093,-0.080534,0.353136,0.137324,0.190019,-0.080534,-0.392909,-0.009385,-0.03206,-0.198394,0.584496,-0.009385,0.084593,0.166504,-0.255353,-0.000617,0.377378,-0.304947,-0.426692,0.499773,-0.080534,0.118154,0.382433,0.118415,0.33663,0.067084,-0.370239,0.109341,-0.46119,-0.239614,-0.413891,-0.160051,0.445944,0.323193,0.038856,-0.218877,0.317347,0.284269,0.179579,-0.122196,0.160341,-0.039119,-0.131175,-0.234658,-0.13302,0.012633,-0.131175,#
19,-0.499243,-0.611527,-0.450176,-0.088196,-0.626413,0.519176,0.000619,0.0,0.400494,-0.333136,-0.333136,0.196418,-0.007381,-0.229795,-0.4389,0.333136,-0.653637,-0.162923,-0.073748,1.0,-0.166298,0.411677,-0.202684,0.206559,0.816718,-0.0625,0.236034,-0.168349,-0.263375,-0.411551,0.234162,0.239822,0.019219,0.333136,-0.245558,-0.235357,-0.1302,0.449938,0.203283,0.149882,0.816444,0.219137,0.023309,-0.975769,0.519181,0.436254,-0.121779,0.703453,0.011208,-0.490078,-0.038328,0.050217,-0.49945,0.696036,-0.25255,0.461849,0.61552,-0.35163,0.667928,0.288818,0.018989,-0.00779,0.137601,-0.028448,-0.091938,0.020433,0.027937,0.116265,0.318805,0.36508,0.821863,-0.248065,0.0,0.564528,-0.01567,-0.619407,0.198488,0.679792,0.58427,0.225147,0.999762,0.423584,0.58427,-0.413703,0.390063,0.243769,0.400696,0.529086,0.499704,0.170647,0.3764,0.64369,0.423584,0.679792,0.58427,0.374606,0.229441,0.604861,0.200982,0.229441,-0.058452,0.816495,0.604861,0.604861,0.637491,0.480485,0.432129,-0.122567,0.604861,-0.400507,0.391858,0.0,0.58427,0.427949,0.492801,0.024671,0.637491,0.800487,0.400696,0.290734,0.831952,0.100522,0.60129,0.0,0.63965,0.64369,0.500547,0.275737,0.439785,0.64369,-0.027408,0.671333,0.602781,0.259654,0.715344,0.218089,-0.333136,0.3764,0.36508,-0.019178,0.637491,0.165682,0.238061,0.63965,-0.234479,0.209472,-0.49945,-0.433668,0.350026,0.01613,0.589056,0.413985,0.64369,0.654267,0.64369,0.604861,-0.329764,-0.839696,0.64369,0.253094,0.529086,0.201313,0.028186,0.510208,0.529086,-0.012923,0.816495,0.534342,-0.49945,-0.333136,-0.684211,-0.187634,0.170647,0.64369,-0.650884,0.350026,0.820406,-0.358234,-0.498488,-0.086199,-0.644642,0.03258,-0.430497,-0.20094,-0.799022,0.036832,0.184963,-0.003727,-0.467769,-0.808826,0.229441,-0.813142,-0.036709,-0.608006,0.08781,-0.499333,-0.479316,0.662055,0.614702,-0.499333,#
20,0.070926,0.547787,-0.471332,-0.02899,0.159653,0.018992,0.492661,0.048361,0.482813,0.172606,-0.328509,-0.983941,0.794269,0.182648,0.481225,-0.328509,-0.146561,0.612629,0.715873,-0.166298,1.0,0.073663,-0.288206,0.290719,0.031323,-0.529918,-0.244845,0.338477,0.627632,0.356256,-0.241201,-0.580689,0.050111,-0.328509,-0.461774,-0.152248,0.224431,0.106702,0.253157,-0.129739,0.038937,0.042688,-0.095449,0.208087,-0.492635,0.075012,0.632792,0.262338,0.225789,-0.033408,0.479101,0.01554,-0.106135,0.221062,-0.339583,0.098283,0.339415,-0.362635,-0.107297,-0.179734,-0.031738,0.461274,-0.008266,0.46766,-0.029964,0.42258,0.130435,0.443766,0.308756,-0.410707,0.037255,0.248596,-0.492763,-0.390529,0.363106,0.220622,0.273072,0.288772,-0.150334,-0.588977,-0.15996,-0.336715,-0.150334,-0.081196,-0.064404,0.230569,-0.052277,0.08481,0.029232,0.138023,-0.04109,0.162397,-0.336715,0.288772,-0.150334,0.355406,0.617324,-0.15996,0.635555,-0.266234,0.117437,-0.384447,-0.15996,-0.15996,0.26609,0.029232,-0.379539,-0.155165,-0.572477,-0.473243,0.333554,0.0,0.250557,-0.36472,-0.056075,0.037317,-0.189544,-0.052277,-0.068982,-0.58568,-0.384447,0.305994,-0.266282,-0.492763,0.284354,0.162397,0.01431,0.376019,-0.322608,-0.267293,-0.057963,-0.644838,0.273072,0.269965,-0.124386,-0.189544,-0.328509,-0.04109,-0.248158,0.481896,-0.189544,-0.429799,-0.293508,0.284354,0.635555,-0.248158,-0.106134,0.42783,0.292561,-0.48871,-0.047832,-0.176945,0.162397,-0.189544,-0.267293,0.236057,0.646207,0.393402,-0.267293,-0.170541,0.08481,0.26609,0.01857,0.463607,0.08481,0.539321,0.035363,-0.267129,-0.106134,0.172606,-0.193287,0.219981,0.138023,-0.267293,0.210936,0.292561,0.042281,0.360525,0.525411,-0.429799,0.157378,0.214,0.088112,-0.672633,-0.019999,0.251346,0.591697,0.488058,-0.46214,0.37275,0.617324,0.398929,-0.293787,-0.279156,-0.513725,0.06878,-0.516038,-0.167861,-0.117202,0.06878,#
