0,1.0,-0.238792,0.166395,-0.41979,0.438345,-0.09531,0.434087,-0.264672,0.257442,0.210291,0.288837,-0.574535,0.636182,0.167439,0.011284,0.146649,-0.149449,0.213852,0.27947,0.431626,-0.271607,0.010169,0.3676,0.258905,-0.140125,-0.150034,-0.010208,-0.092283,0.15549,0.233271,-0.345778,0.028828,0.405426,4.6e-05,0.355813,0.122505,0.417687,0.257442,-0.345778,0.310174,-0.358169,-0.30549,0.201674,-0.153434,0.230502,-0.513783,0.486548,0.372779,-0.095451,-0.238792,0.15549,-0.276042,0.28454,-0.04266,0.170368,0.08048,0.089682,-0.238792,0.198146,0.434087,0.324831,-0.129306,-0.406108,0.370422,-0.34845,-0.238893,0.28454,-0.111604,-0.460558,0.306475,0.130715,0.50315,0.446035,-0.092283,-0.110108,-0.099973,-0.073057,-0.368475,0.052596,0.407925,0.681605,0.558825,-0.564599,-0.498272,-0.073057,0.421589,-0.081928,0.010353,-0.092283,-0.311865,-0.407584,0.213519,0.063896,-0.467767,0.02708,-0.092283,-0.336387,-0.538691,-0.378957,-0.407584,-0.395788,-0.073057,0.051279,0.252895,0.392155,0.0,-0.324909,0.308839,0.407925,-0.366422,0.010401,0.233271,-0.21649,0.0,0.253681,0.310174,-0.188978,0.229269,-0.185738,-0.260596,0.0,0.0,-0.012852,0.093772,-0.085305,0.58379,0.403233,0.607146,0.271999,-0.137239,0.438345,0.233271,-0.100545,0.369782,0.641183,0.098074,0.122505,0.088942,0.13811,0.602374,0.064845,0.590379,-0.17702,-0.217452,-0.336387,0.200046,0.0,-0.018478,0.027962,0.0,-0.160249,0.167518,-0.407584,0.096077,0.640079,-0.044862,0.388433,0.240368,-0.530427,-0.081928,0.222635,0.258905,0.0,0.593724,0.662252,-0.01048,0.407584,0.666699,-0.407584,0.42769,-0.367686,-0.251323,0.0,0.455768,-0.390396,0.042957,-0.092283,-0.80064,0.019417,-0.531452,-0.09086,0.448655,-0.127547,0.195847,-0.364805,-0.153587,0.697423,0.471646,0.023071,0.027366,0.004026,-0.340699,0.337719,-0.175156,0.426568,0.422964,0.00562,0.144946,0.012924,0.055379,#
1,-0.238792,1.0,-0.227218,0.298772,0.375359,0.545896,-0.132519,-0.132519,-0.380458,-0.32549,0.30648,0.30648,-0.19474,-0.315968,-0.356405,0.192024,0.306305,-0.285409,-0.512185,-0.400507,0.38213,-0.402223,-0.253593,-0.996644,0.089948,-0.393801,-0.275644,0.18768,-0.15883,0.081975,0.289964,-0.191621,-0.221606,7.8e-05,-0.196804,0.24573,-0.134411,-0.380457,0.289964,0.12512,-0.555668,-0.134411,-0.298622,0.329845,-0.476818,0.302456,-0.254086,-0.253915,0.530703,1.0,-0.15883,0.627859,0.12512,0.839723,0.371804,-0.320289,-0.197088,1.0,-0.303198,-0.132519,-0.235474,0.070021,0.65347,-0.052737,-0.175247,0.318747,0.12512,0.159129,-0.027634,-0.265275,-0.155283,-0.270702,0.18768,0.18768,0.305856,0.297702,0.18768,0.374147,0.325748,-0.629284,-0.351258,0.24573,0.3056,0.487428,0.18768,-0.324511,0.187275,0.298038,0.18768,0.245213,0.12512,0.409124,-0.46069,0.515589,-0.281631,0.18768,0.374147,0.253916,-0.179898,0.12512,0.657325,0.18768,0.374586,0.281036,-0.185395,0.0,0.651298,0.305856,-0.629284,0.245572,0.346542,0.081975,-0.26522,0.0,-0.411882,0.12512,0.157832,0.4587,-0.470893,-0.257569,0.0,0.0,-0.314863,0.166574,0.488528,-0.226518,-0.267314,-0.19101,-0.312933,-0.36979,0.375359,0.081975,0.3056,-0.165911,-0.207099,-0.46069,0.24573,0.24573,0.179964,-0.195011,0.21844,-0.239367,0.281534,0.45959,0.374147,-0.279585,0.0,-0.094016,0.34933,0.0,0.458028,-0.239367,0.12512,0.244713,-0.097603,0.186718,-0.194411,-0.398998,-0.244924,0.187275,-0.26522,-0.996644,0.0,0.14418,-0.166759,0.302575,0.18768,0.2812,0.12512,-0.629284,0.656764,0.291559,0.0,-0.281631,0.162841,-0.281631,0.18768,0.187088,-0.377912,0.3056,-0.279498,-0.311031,0.295033,-0.294527,0.656505,-0.36979,-0.353952,-0.281631,0.375359,0.301128,0.57082,0.235909,-0.236977,-0.307874,0.153649,-0.297699,0.301805,-0.109669,-0.324511,-0.573371,#
2,0.166395,-0.227218,1.0,-0.806941,0.408248,-0.079219,-0.227218,-0.227218,0.666667,0.242615,0.25,0.25,0.139145,0.199123,0.019118,-0.344286,-0.181995,-0.325774,0.274742,0.064865,0.193869,-0.033741,-0.059146,0.272166,-0.612226,0.258087,0.43283,0.408248,0.126625,-0.408248,-0.414635,0.856867,0.380625,-9.1e-05,-0.086464,0.089087,0.416816,0.666667,-0.057777,-0.408248,0.083046,0.416816,-0.226813,-0.124211,-0.141787,-0.235991,0.195595,-0.086464,-0.31393,-0.227218,0.126625,-0.375638,0.272166,-0.390989,0.346182,0.05532,-0.379185,-0.227218,-0.249715,-0.227218,-0.074474,-0.596904,-0.407936,0.478506,0.406667,0.197129,0.272166,-0.142296,0.598939,-0.313662,0.102045,0.233255,-0.102062,0.408248,-0.142567,0.102062,-0.102062,0.43532,0.013754,0.40804,0.24401,0.089087,0.273722,-0.051764,-0.102062,0.421839,-0.071889,0.009476,0.408248,0.071803,0.272166,0.182143,0.534251,0.395137,0.39334,0.408248,0.009463,-0.564132,0.142298,-0.408248,-0.377681,-0.102062,0.027778,-0.154853,0.366728,0.0,-0.376497,-0.142567,0.40804,0.079558,-0.337143,-0.408248,-0.225441,0.0,0.261727,-0.408248,-0.037905,0.574196,-0.576793,-0.207642,0.0,0.0,0.033167,-0.275917,-0.536798,0.174373,0.816085,-0.397815,0.261099,-0.154293,0.408248,-0.408248,-0.166188,-0.0,0.570073,0.080642,0.089087,0.534523,0.219613,0.579123,0.105842,0.589984,-0.113845,0.161028,0.009463,-0.315235,0.0,-0.608859,-0.379292,0.0,0.18202,0.589984,-0.408248,0.097771,0.609888,-0.055385,0.434116,-0.368592,-0.062679,-0.071889,-0.225441,0.272166,0.0,0.313617,0.105312,-0.363767,0.408248,-0.152433,0.272166,-0.116583,-0.372046,-0.175881,0.0,0.018731,-0.335371,0.39334,0.408248,-0.334347,0.449302,-0.166188,-0.04683,0.417672,-0.144835,-0.216161,-0.388798,0.665387,0.404571,0.39334,-0.0,-0.396203,0.376572,0.111473,0.31361,0.584012,-0.584776,0.408248,0.05424,0.123538,0.421839,-0.356348,#
3,-0.41979,0.298772,-0.806941,1.0,-0.605852,0.217747,0.298772,0.298772,-0.816216,-0.491242,0.003092,0.01855,-0.039824,-0.026402,-0.214915,0.193423,0.435112,0.35066,-0.050966,-0.273141,-0.034988,-0.177756,-0.266419,-0.333219,0.484565,0.002182,-0.280831,0.01136,-0.011158,0.323121,0.560606,-0.672308,-0.690668,-9.1e-05,-0.223616,0.221448,-0.350589,-0.398833,0.203135,0.323121,-0.21889,-0.325154,-0.025358,0.112974,-0.036211,0.39572,-0.092376,-0.240324,0.124533,0.298772,-0.011158,0.410576,-0.333219,0.168796,-0.311461,-0.421373,0.479166,0.298772,-0.003088,-0.389346,-0.234733,0.482035,0.504796,-0.37873,-0.317237,-0.019504,-0.333219,-0.060952,-0.423465,-0.092039,0.00757,-0.257404,-0.007573,-0.499828,-0.021157,0.007572,-0.007573,-0.238047,-0.225209,-0.499573,-0.408428,-0.224753,-0.030466,0.15748,-0.007573,-0.618798,-0.01867,0.158912,-0.499828,0.203222,-0.333219,-0.435262,-0.654096,-0.277205,-0.215771,-0.499828,0.172742,0.385679,-0.066432,0.348365,0.47789,-0.007573,-0.224666,-0.023677,-0.677311,0.0,0.430398,-0.021157,-0.499573,0.256795,0.128164,0.323121,-0.027406,0.0,-0.425485,0.323121,-0.06844,-0.43584,0.398103,0.360146,0.0,0.0,-0.229578,0.128812,0.210785,-0.427678,-0.999151,-0.02115,-0.493652,-0.00966,-0.605852,0.323121,0.393879,-0.317338,-0.42829,-0.216536,0.221448,-0.654428,-0.334688,-0.818196,-0.240845,-0.443827,0.367847,0.020661,0.172742,0.338104,0.0,0.635632,0.168169,0.0,-0.036253,-0.443827,0.348365,-0.216434,-0.54521,-0.034932,-0.728798,-0.026265,0.171694,-0.01867,-0.027406,-0.333219,0.0,-0.655463,-0.055134,0.155601,-0.499828,-0.025973,-0.333219,0.006488,0.456737,0.443722,0.0,-0.215771,0.184794,-0.215771,-0.499828,0.646557,-0.639321,0.393879,-0.259742,-0.603964,0.37979,-0.027776,0.477258,-0.428254,-0.594716,-0.215771,0.212048,0.584097,-0.262808,0.197481,-0.374268,-0.418688,0.462839,-0.605852,0.143884,-0.051945,-0.618798,0.204922,#
4,0.438345,0.375359,0.408248,-0.605852,1.0,0.227793,-0.297699,-0.297699,0.408248,0.056986,0.408248,0.0,0.029214,-0.391799,-0.187317,0.24095,-0.0,-0.474747,-0.053838,0.16683,0.032195,0.165295,0.247142,-0.333333,-0.49988,-0.400115,-0.175311,0.0,0.019386,-0.333333,-0.557772,0.241847,0.678063,0.0,0.220618,0.218218,0.33585,0.0,-0.208124,0.333333,-0.229953,-0.33585,0.007508,-0.110638,-0.395767,0.052551,0.077693,0.220618,0.384484,0.375359,0.019386,0.020677,0.333333,0.472643,0.74198,0.396091,-0.497241,0.375359,-0.0,0.375359,-0.199007,-0.516612,0.0,0.3907,-0.353887,0.354102,0.333333,0.380236,-0.059638,0.059868,2e-06,0.212598,0.5,0.5,0.442339,0.500014,0.5,0.254988,0.617666,0.014278,0.425287,0.654654,0.047891,-0.152155,0.5,0.227097,0.029348,-0.162483,0.5,0.251259,0.333333,0.835118,0.234568,0.289108,0.240871,0.5,0.254988,0.035432,-0.421175,-0.333333,0.029214,0.5,0.635053,0.425287,0.689103,0.0,0.086459,0.442339,0.014278,-0.236637,0.227402,-0.333333,0.046997,0.0,0.023313,0.333333,0.061898,0.853115,-0.816042,-0.292454,0.0,0.0,-0.162483,-0.140803,0.220618,0.438669,0.617666,0.010046,0.395517,0.035432,1.0,-0.333333,0.047891,0.377388,0.453826,0.234568,0.218218,0.654654,0.331042,0.835118,0.234568,0.046997,-0.354914,0.402655,0.254988,-0.461293,0.0,-0.635224,0.240871,0.0,0.469323,0.046997,-0.333333,0.226185,0.56911,0.045222,0.319009,-0.157642,-0.60133,0.029348,0.046997,-0.333333,0.0,0.896239,0.071656,-0.157243,0.5,0.428699,0.333333,0.014278,0.065095,-0.430819,0.0,0.240871,-0.197766,0.240871,0.5,-0.632194,0.220112,0.047891,-0.200739,0.598878,0.038011,0.025828,0.04926,0.035432,0.589239,0.240871,0.2,-0.161749,0.722969,-0.177484,0.384095,-0.02805,0.049393,0.6,-0.146148,0.086459,0.227097,-0.654654,#
5,-0.09531,0.545896,-0.079219,0.217747,0.227793,1.0,-0.192303,0.545896,-0.351319,-0.494446,0.096441,0.096441,-0.313436,-0.534484,-0.190169,-0.507921,0.543889,-0.45107,0.006813,-0.697386,0.35773,-0.245442,-0.421978,-0.50902,-0.24651,0.087633,-0.476187,-0.215138,-0.285071,0.194046,-0.289302,-0.002478,-0.396157,-5.1e-05,0.031791,-0.042344,-0.240621,-0.351319,0.185493,0.222169,-0.533818,-0.240621,-0.518323,-0.326389,-0.359181,0.537057,-0.408146,-0.452148,0.05398,0.545896,-0.285071,0.116181,0.222169,0.278711,0.412258,-0.140177,0.2206,0.545896,-0.526378,-0.192303,-0.437515,-0.241365,0.204542,0.478899,-0.292264,0.259367,0.222169,-0.019248,-0.180028,-0.329492,-0.312094,-0.407381,-0.215138,0.333253,0.083477,0.236236,0.333253,0.664354,-0.196033,-0.199368,-0.338538,-0.042344,0.542638,0.022465,0.333253,-0.629204,0.332535,0.215809,0.333253,0.435412,0.222169,-0.062446,-0.024269,0.048677,0.237377,0.333253,0.206718,0.102732,-0.351294,0.222169,0.241958,0.333253,0.665134,0.073604,-0.386619,0.0,0.198405,0.543093,-0.76314,0.436049,0.644934,0.194046,-0.061855,0.0,-0.325512,0.222169,0.311768,0.359294,-0.381951,-0.018774,0.0,0.0,0.215809,-0.017344,0.031791,-0.087265,-0.196033,-0.340628,-0.176287,0.102732,0.227793,0.194046,0.542638,-0.359566,-0.079031,-0.024269,0.436331,0.436331,0.026532,-0.062446,-0.069057,-0.104479,0.025238,0.816071,0.206718,-0.441131,0.0,-0.22672,0.648651,0.0,0.350027,-0.104479,0.222169,-0.003255,0.214865,-0.263634,-0.324091,-0.34592,-0.462965,0.332535,-0.525765,-0.50902,0.0,-0.024843,-0.327542,-0.214029,-0.215138,0.072453,0.222169,-0.199368,0.23313,0.018693,0.0,-0.215507,-0.049157,-0.215507,0.333253,-0.018668,-0.203728,0.542638,-0.450738,-0.215368,0.544002,-0.056875,0.224282,-0.363598,-0.266868,-0.215507,0.227793,0.234946,0.521406,0.440579,-0.014042,-0.522521,0.334904,-0.21092,-0.225867,0.198405,-0.629204,-0.53943,#
6,0.434087,-0.132519,-0.227218,0.298772,-0.297699,-0.192303,1.0,-0.132519,-0.380458,-0.32549,0.30648,-0.380458,0.657325,0.383654,0.326503,0.192024,0.306305,0.632397,0.30313,0.321331,-0.322123,-0.346596,-0.253593,0.12512,0.089948,0.306381,0.510985,0.18768,0.689264,0.081975,0.289964,-0.046284,-0.221606,7.8e-05,-0.167107,0.24573,-0.089202,0.30648,-0.298369,0.12512,-0.525904,-0.089202,0.408821,0.329845,0.229889,-0.404938,0.225258,-0.224218,-0.166012,-0.132519,0.689264,-0.10277,0.12512,-0.039281,0.015088,-0.285211,0.65538,-0.132519,0.408369,-0.132519,0.490053,0.102824,-0.161734,-0.052737,-0.175247,-0.222915,0.12512,-0.37404,-0.228334,-0.0638,0.685861,-0.002408,0.18768,-0.653643,-0.39927,-0.122967,-0.653643,-0.327941,-0.354529,0.187584,0.306327,0.24573,-0.419657,-0.28064,-0.653643,0.325099,0.187275,0.298038,-0.653643,-0.515792,-0.996644,-0.283855,-0.502237,-0.245836,-0.320231,-0.653643,-0.327941,-0.461512,-0.228773,0.12512,-0.19474,-0.653643,-0.312351,-0.415231,-0.226806,0.0,-0.221576,0.305856,0.187584,0.245572,-0.378455,0.081975,-0.30476,0.0,0.254975,0.12512,-0.779546,-0.239646,0.225909,-0.385942,0.0,0.0,-0.353921,0.166574,-0.224218,-0.265367,-0.305107,0.654167,-0.143015,-0.409537,-0.297699,0.081975,0.3056,-0.297292,0.458629,-0.502237,0.24573,-0.488636,0.179964,-0.23351,-0.529402,0.432808,0.281534,-0.204109,-0.327941,0.631598,0.0,0.603063,-0.34547,0.0,-0.252705,-0.278907,0.12512,0.244713,-0.145483,0.186718,-0.194411,-0.109627,-0.287981,0.187275,0.406955,0.12512,0.0,-0.286692,0.653124,0.302575,0.18768,0.2812,-0.996644,0.187584,-0.164718,0.291559,0.0,0.374569,-0.60509,-0.320231,-0.653643,0.187088,-0.334339,-0.419657,-0.231244,-0.269043,0.295033,0.400836,-0.172363,-0.409537,0.141788,0.374569,0.375359,0.301128,-0.18425,0.235909,0.193892,-0.260676,0.153649,-0.297699,0.301805,-0.158162,-0.362723,0.160996,#
7,-0.264672,-0.132519,-0.227218,0.298772,-0.297699,0.545896,-0.132519,1.0,-0.380458,-0.32549,-0.380458,-0.380458,-0.19474,-0.315968,0.326503,-0.560924,0.306305,-0.251416,0.30313,-0.373773,0.38213,0.320922,-0.253593,0.12512,0.089948,0.306381,-0.24755,-0.653643,-0.15883,0.081975,-0.438449,-0.220688,-0.221606,7.8e-05,-0.196804,-0.488636,-0.134411,-0.380457,0.289964,0.12512,0.188428,-0.134411,-0.273357,-0.476867,0.229889,0.302456,-0.254086,-0.253915,-0.331897,-0.132519,-0.15883,-0.276729,0.12512,-0.248568,0.015088,0.20588,0.65538,-0.132519,-0.277785,-0.132519,-0.26338,0.102824,-0.195701,-0.052737,-0.175247,-0.222915,0.12512,-0.37404,-0.228334,-0.231696,-0.155283,-0.225987,-0.653643,0.18768,-0.39927,-0.122967,0.18768,0.374147,-0.354529,0.187584,-0.389939,-0.488636,0.3056,-0.28064,0.18768,-0.362723,0.187275,0.298038,0.18768,0.245213,0.12512,-0.283855,0.245605,-0.245836,0.374569,0.18768,-0.327941,0.253916,-0.228773,0.12512,-0.19474,0.18768,0.374586,-0.415231,-0.226806,0.0,-0.221576,0.305856,-0.677335,0.245572,0.346542,0.081975,0.406955,0.0,0.254975,0.12512,0.157832,-0.239646,0.225909,0.384296,0.0,0.0,0.349113,0.166574,-0.253915,-0.265367,-0.305107,-0.19101,-0.284614,0.305891,-0.297699,0.081975,0.3056,-0.297292,-0.246259,0.245605,0.24573,0.24573,0.179964,-0.23351,-0.529402,-0.278907,-0.486287,0.45959,-0.327941,-0.245838,0.0,-0.094016,0.34933,0.0,-0.252705,-0.278907,0.12512,-0.426914,-0.145483,-0.726385,-0.194411,-0.109627,-0.287981,0.187275,-0.30476,0.12512,0.0,-0.286692,-0.214987,-0.402982,-0.653643,-0.416879,0.12512,0.187584,-0.219484,-0.433355,0.0,-0.320231,0.162841,-0.320231,0.18768,0.187088,0.319256,0.3056,-0.279498,-0.311031,0.295033,0.400836,-0.22762,-0.409537,-0.353952,-0.320231,-0.297699,0.301128,-0.18425,0.235909,-0.236977,-0.307874,0.153649,-0.297699,-0.413585,-0.158162,-0.362723,0.160996,#
8,0.257442,-0.380458,0.666667,-0.816216,0.408248,-0.351319,-0.380458,-0.380458,1.0,0.737814,0.166667,0.166667,-0.079512,0.274203,0.012745,-0.077289,-0.666286,0.037114,-0.164845,0.470269,-0.144581,0.033741,0.111333,0.408248,-0.40815,0.182948,0.163589,0.102062,-0.087055,-0.272166,-0.367054,0.553614,0.553637,4.7e-05,0.086464,-0.089087,0.268736,0.583333,-0.010196,-0.272166,0.350238,0.268736,-0.156317,-0.383926,-0.237411,-0.22884,0.095154,0.536798,0.193187,-0.380458,-0.087055,-0.595111,0.408248,-0.345289,0.086546,0.348939,-0.597503,-0.380458,-0.151062,0.30648,0.108326,-0.417833,-0.622205,0.319005,0.395965,-0.131419,0.408248,0.206974,0.301904,-0.073323,-0.10204,0.254953,0.102062,0.612372,0.190089,0.153099,0.102062,0.037854,0.421797,0.61206,0.154853,-0.089087,-0.224843,0.155293,0.102062,0.412568,-0.407368,-0.388525,0.612372,-0.071803,0.408248,0.26154,0.347767,0.143686,0.004683,0.612372,0.037854,-0.231439,0.480258,-0.272166,-0.596338,0.102062,0.018519,0.178315,0.537532,0.0,-0.035297,-0.237611,0.61206,-0.107972,0.068406,-0.272166,-0.158288,0.0,0.166553,-0.272166,0.164255,0.272978,-0.243645,-0.129776,0.0,0.0,0.440644,-0.52884,-0.36387,0.673929,0.8115,-0.094327,0.288583,0.178401,0.408248,-0.272166,-0.664753,0.132817,0.261283,0.347767,-0.089087,0.356348,-0.05068,0.658519,0.372968,0.273407,-0.196641,-0.177802,0.037854,-0.503557,0.0,-0.264966,0.028096,0.0,0.296981,0.705103,-0.272166,-0.12493,0.435635,0.147693,0.624042,0.397845,0.141027,-0.407368,-0.158288,0.408248,0.0,0.470429,-0.076058,-0.385164,0.102062,-0.242764,0.408248,0.087437,-0.591288,-0.263822,0.0,0.004683,-0.068316,0.426119,0.612372,-0.516184,0.422872,-0.224843,0.573659,0.804783,-0.631066,-0.152894,-0.080441,0.612349,0.360834,0.426119,-0.408248,-0.401706,0.132309,-0.501628,0.209075,0.246201,-0.38985,0.408248,-0.379684,-0.06471,0.829772,-0.089087,#
9,0.210291,-0.32549,0.242615,-0.491242,0.056986,-0.494446,-0.32549,-0.32549,0.737814,1.0,-0.126292,-0.126292,0.062232,0.555443,-0.047781,0.016533,-0.989834,0.269964,-0.466777,0.447214,0.122661,-0.005383,0.32323,0.301211,0.307283,-0.109314,-0.030514,-0.077338,-0.442986,0.274075,0.035852,0.023486,0.346381,4.9e-05,-0.038578,-0.332202,0.384197,0.305761,0.405888,-0.404329,0.483412,0.384197,-0.29258,-0.226973,0.181543,-0.532478,0.286306,0.787589,0.160594,-0.32549,-0.442986,-0.36123,0.301211,-0.27501,-0.47546,0.036828,-0.458031,-0.32549,-0.285125,0.386815,0.326313,0.298761,-0.473452,-0.18493,0.513555,-0.614537,0.301211,-0.105245,0.050395,0.067746,-0.431375,0.466647,-0.077338,0.451817,-0.101397,-0.370418,-0.077338,-0.325903,0.382061,0.451587,-0.138394,-0.332202,-0.531401,0.393278,-0.077338,0.376038,-0.605186,-0.04573,0.451817,-0.313774,0.301212,0.139417,0.120907,-0.060272,-0.360711,0.451817,-0.325903,-0.211622,0.673567,-0.404329,-0.473679,-0.077338,-0.346381,0.28362,0.338998,0.0,0.132323,-0.544891,0.451587,-0.351629,0.121111,0.274075,-0.286564,0.0,0.196427,-0.404329,0.429832,-0.164617,0.206933,0.075048,0.0,0.0,0.49282,-0.063503,-0.146339,0.649948,0.475314,0.069433,-0.141604,-0.113551,0.056986,0.274075,-0.987556,0.256904,-0.176674,0.120907,-0.332202,0.129683,-0.079501,0.234411,0.574181,0.242375,-0.139925,-0.632913,-0.325903,-0.296017,0.0,0.032152,0.060414,0.0,-0.139073,0.690012,-0.404329,-0.368375,0.214278,-0.029083,0.793169,0.663955,0.385274,-0.605186,-0.286564,0.301211,0.0,0.34709,0.083884,-0.092167,-0.077338,-0.156599,0.301212,-0.09241,-0.505813,-0.163337,0.0,-0.360711,0.469743,0.076288,0.451817,-0.468574,0.351529,-0.531401,0.773436,0.441425,-0.983928,-0.325702,0.030878,0.336422,-0.028127,0.076288,-0.789662,-0.090638,-0.419906,-0.795233,-0.392941,0.195922,-0.136849,0.056986,-0.077335,-0.297023,0.808648,0.467214,#
10,0.288837,0.30648,0.25,0.003092,0.408248,0.096441,0.30648,-0.380458,0.166667,-0.126292,1.0,0.166667,0.437315,0.274203,-0.401478,0.379417,0.181995,0.346393,0.109897,0.372972,-0.16101,-0.371147,-0.340957,-0.272166,-0.40815,0.166613,0.129508,0.612373,0.427362,-0.272166,-0.010196,0.183363,0.103807,4.7e-05,-0.345857,0.801784,0.296158,0.583333,-0.010196,0.408248,-0.534383,-0.389393,-0.171642,-0.176907,-0.666068,0.110844,0.359472,0.104478,0.434672,0.30648,0.427362,-0.151943,0.408248,0.086322,0.519278,-0.225534,-0.099584,0.30648,-0.151062,-0.380458,-0.331748,-0.417833,-0.086532,0.319005,-0.326404,0.19713,0.408248,0.077616,-0.209385,-0.521412,0.408168,0.227831,0.612373,0.102062,0.190089,0.663421,0.102062,-0.009463,0.421797,0.116583,0.178315,0.356348,-0.273722,0.103528,0.102062,0.018542,-0.407368,-0.009476,0.102062,0.338502,-0.272166,0.26154,-0.534251,0.09237,-0.01873,0.102062,0.416393,-0.231439,-0.083007,-0.272166,-0.079512,0.102062,0.018519,0.178315,0.110521,0.0,0.435324,0.190089,0.116583,0.346647,-0.004886,-0.272166,-0.566001,0.0,-0.237933,0.408248,-0.404319,0.6495,-0.666296,-0.103821,0.0,0.0,-0.388525,-0.52884,-0.345857,0.273342,0.00917,-0.094327,-0.175211,-0.231439,0.408248,-0.272166,0.166188,-0.265634,0.665085,-0.080642,0.801784,-0.089087,-0.05068,0.26154,-0.080642,0.249424,0.21734,0.258317,0.416393,-0.19651,0.0,0.157852,0.028096,0.0,0.680181,0.249424,-0.272166,-0.12493,0.406592,0.147693,-0.189926,-0.216474,-0.35518,-0.407368,-0.134305,-0.272166,0.0,0.20908,0.421247,-0.385164,0.102062,0.180661,-0.272166,0.116583,-0.059793,0.175882,0.0,0.028096,-0.53411,0.402705,0.102062,-0.076254,-0.396443,0.166188,-0.333659,0.422766,0.170698,-0.152894,0.455832,0.154293,0.224154,0.824141,0.408248,0.451231,0.539414,-0.083605,0.209075,-0.211847,0.147874,0.0,0.02712,-0.094124,0.018542,-0.534522,#
11,-0.574535,0.30648,0.25,0.01855,0.0,0.096441,-0.380458,-0.380458,0.166667,-0.126292,0.166667,1.0,-0.596338,-0.150158,-0.401478,-0.077289,0.166571,-0.189691,-0.274742,-0.389188,-0.16101,-0.404888,-0.340957,-0.272166,-0.40815,0.150279,0.027265,0.612373,-0.087055,-0.272166,0.346662,0.447828,-0.346023,4.7e-05,0.086464,0.356348,-0.416815,0.166667,-0.095162,-0.272166,-0.101099,0.268736,-0.171642,0.161851,-0.666068,0.53992,-0.43348,-0.36387,0.253559,0.30648,-0.087055,0.291225,-0.272166,0.086322,0.086546,-0.225534,-0.597503,0.30648,-0.166477,-0.380458,-0.331748,-0.417833,0.407936,0.319005,0.342457,0.657099,-0.272166,0.530371,0.59407,-0.195529,-0.10204,-0.477359,0.102062,0.102062,0.570266,0.408261,0.102062,0.369076,0.00917,-0.40804,-0.24401,-0.089087,0.557219,0.517642,0.102062,-0.398661,0.071889,-0.435906,0.102062,0.338502,0.408248,-0.158792,-0.080642,0.502901,-0.01873,0.102062,0.794933,0.154293,0.391321,0.408248,0.437315,0.102062,-0.027778,0.178315,-0.341609,0.0,0.376497,-0.285133,0.116583,0.375061,-0.004886,-0.272166,-0.182271,0.0,-0.666214,-0.272166,0.164255,0.225913,-0.268507,-0.103821,0.0,0.0,-0.009476,-0.52884,0.086464,-0.150809,0.00917,-0.606975,0.185518,0.154293,0.0,-0.272166,0.117309,-0.265634,-0.190024,-0.080642,-0.089087,-0.089087,-0.473015,-0.158792,0.372968,-0.182271,0.63132,0.241543,0.794933,-0.19651,0.0,-0.067651,-0.01873,0.0,0.632281,0.249424,0.408248,0.309609,-0.116169,0.609234,-0.379852,-0.216474,0.53277,0.071889,-0.182271,-0.272166,0.0,-0.313616,-0.63187,0.042796,0.102062,-0.242764,0.408248,-0.40804,0.438483,0.615585,0.0,-0.01873,-0.068316,0.402705,0.102062,0.393004,-0.396443,0.557219,0.134634,0.015281,0.170698,-0.548311,0.455832,0.58824,-0.21322,-0.01873,0.408248,-0.401706,0.488526,0.362287,0.209075,0.217573,-0.38985,0.0,0.02712,0.376497,0.018542,-0.534522,#
12,0.636182,-0.19474,0.139145,-0.039824,0.029214,-0.313436,0.657325,-0.19474,-0.079512,0.062232,0.437315,-0.596338,1.0,0.598396,-0.015201,0.310061,-0.079466,0.432315,0.432535,0.493186,0.067407,-0.009658,0.195441,0.178533,0.194239,-0.069356,0.323149,0.267799,0.386054,0.146072,0.026348,-0.113552,0.219553,0.0,-0.297769,0.350631,0.691397,0.437314,0.026348,0.178533,-0.229961,-0.158949,0.104184,0.098762,0.379505,-0.655037,0.844856,0.217849,-0.297133,-0.19474,0.386054,-0.134907,0.178533,-0.205909,-0.015485,-0.309591,0.357685,-0.19474,0.100747,-0.19474,0.188144,0.213099,-0.254571,-0.138598,-0.22145,-0.371475,0.178533,-0.586276,-0.356008,-0.088423,0.389445,0.718138,0.267799,-0.365181,-0.565652,-0.219114,-0.365181,-0.46389,-0.01367,0.267663,0.437098,0.350632,-0.594626,-0.339558,-0.365181,0.497588,-0.32724,0.476947,-0.365181,-0.222659,-0.66544,0.096365,-0.212196,-0.30908,0.011728,-0.365181,-0.46389,-0.619346,-0.256695,-0.665441,-0.282124,-0.365181,-0.441732,-0.105777,0.215698,0.0,-0.246971,-0.035141,0.267663,-0.213496,-0.487768,0.146072,-0.39588,0.0,0.398424,0.178533,-0.461124,0.129107,-0.116829,0.015478,0.0,0.0,-0.483728,0.289316,-0.340738,0.110168,0.023513,0.362451,-0.250354,-0.580241,0.029214,0.146072,-0.048969,0.15524,0.654415,-0.212196,0.350631,-0.201879,0.282077,0.134242,-0.232634,0.63501,-0.09628,-0.363704,-0.46389,0.434566,0.0,0.160026,-0.47192,0.0,-0.356487,0.099542,-0.665441,-0.189814,0.394874,-0.30606,0.223931,-0.151421,-0.349481,-0.32724,0.139588,0.178533,0.0,0.205726,0.995751,-0.051042,0.267799,0.418147,-0.66544,0.267663,-0.280501,-0.107881,0.0,0.069811,-0.289622,0.011728,-0.365181,-0.281236,-0.005674,-0.594626,-0.370021,0.037665,-0.095625,0.079229,-0.291818,-0.101787,0.350806,0.53447,0.029214,0.479105,-0.258552,-0.220034,-0.081042,0.14477,0.236491,0.029214,0.479363,-0.199261,-0.019904,0.28688,#
13,0.167439,-0.315968,0.199123,-0.026402,-0.391799,-0.534484,0.383654,-0.315968,0.274203,0.555443,0.274203,-0.150158,0.598396,1.0,-0.018972,0.061376,-0.574191,0.724558,-0.092554,0.471013,0.128973,-0.385931,-0.12654,0.285187,0.367332,0.282433,0.442358,0.427781,0.099358,0.258534,0.433542,0.064782,-0.101657,9.6e-05,-0.527024,0.106436,0.416886,0.698564,0.433542,-0.407791,0.083307,0.416886,-0.264078,0.027424,0.214218,-0.658019,0.564488,0.354996,-0.116902,-0.315968,0.099358,-0.334298,0.285187,-0.484534,-0.497505,-0.518572,0.090846,-0.315968,-0.256379,-0.315968,0.340659,0.377616,-0.427252,-0.276249,0.488481,-0.639631,0.285187,-0.586783,0.04988,-0.367164,0.111929,0.473638,-0.091953,-0.091953,-0.561251,-0.387809,-0.611687,-0.400172,-0.015894,0.427563,-0.162032,-0.347225,-0.597761,0.353833,-0.611687,0.399123,-0.610368,0.372314,-0.091953,-0.381317,-0.407791,-0.268107,-0.364159,-0.091764,-0.433895,-0.091953,-0.400172,-0.611663,0.616518,-0.407791,-0.454344,-0.611687,-0.796493,-0.177656,-0.109413,0.0,0.084801,-0.561251,0.427563,0.096721,-0.360691,0.258534,-0.696328,0.0,0.230211,-0.407791,-0.172732,-0.248705,0.243373,0.039143,0.0,0.0,0.017818,-0.02004,-0.562305,0.167255,0.014637,0.084583,-0.544962,-0.579555,-0.391799,0.258534,-0.597761,-0.224236,0.174459,-0.364159,0.106436,-0.347225,-0.043674,-0.237006,0.081045,0.589793,0.258245,-0.643721,-0.400172,0.165019,0.0,0.48164,-0.401796,0.0,-0.224409,0.589793,-0.407791,-0.382668,0.087598,-0.044475,0.377301,0.209357,0.346087,-0.610368,-0.25666,0.285187,0.0,-0.203722,0.573295,-0.063703,-0.091953,-0.179906,-0.407791,-0.106748,-0.487438,0.269678,0.0,-0.386205,0.034181,-0.004677,-0.091953,0.031938,-0.031576,-0.597761,0.328126,0.010176,-0.600068,-0.300077,0.040307,0.255261,-0.201952,0.424541,-0.391799,0.359762,-0.512896,-0.379348,-0.439177,0.212171,-0.154949,-0.391799,0.36598,-0.415249,0.399123,0.507751,#
14,0.011284,-0.356405,0.019118,-0.214915,-0.187317,-0.190169,0.326503,0.326503,0.012745,-0.047781,-0.401478,-0.401478,-0.015201,-0.018972,1.0,-0.266506,-0.002595,0.042257,0.067232,0.234375,0.00402,0.152233,-0.24158,0.343415,-0.022032,0.434951,0.624978,-0.499512,0.486586,-0.333008,-0.245087,0.251319,0.198458,2.4e-05,-0.182108,-0.654015,-0.319166,0.012745,-0.160619,-0.333008,0.20902,0.362365,0.407603,0.186519,0.400424,-0.360661,-0.374746,-0.216546,-0.216061,-0.356405,0.486586,-0.450574,0.343415,-0.084651,0.122439,0.482266,0.516674,-0.356405,0.386874,0.326503,0.663229,-0.021302,-0.499761,-0.236978,0.27375,-0.341697,0.343415,-0.310619,0.302368,-0.041431,0.499414,-0.357994,-0.499512,0.007805,-0.436093,-0.241958,-0.499512,0.227239,-0.230698,0.51486,0.001076,-0.211192,0.012709,-0.241469,-0.499512,0.584559,0.514012,0.220298,0.007805,-0.652637,-0.333008,-0.022858,0.223162,0.207201,-0.182267,0.007805,-0.619479,-0.054571,-0.022217,0.343415,-0.528996,-0.499512,0.199677,-0.815296,0.190932,0.0,-0.533541,0.414289,-0.006686,0.222065,-0.190936,-0.333008,0.369374,0.0,0.809687,-0.333008,-0.494705,-0.378632,0.388231,-0.486287,0.0,0.0,0.203993,0.236495,-0.216546,-0.402562,0.209311,0.511837,0.078553,-0.023229,-0.187317,-0.333008,0.012709,-0.282359,0.03088,-0.227787,-0.211192,0.23163,0.654979,0.0075,-0.653683,0.042916,-0.398889,0.02745,-0.619479,0.052283,0.0,0.04656,-0.205543,0.0,-0.409525,-0.386247,0.343415,0.266671,-0.45973,-0.038119,0.29048,-0.016554,-0.256834,0.514012,0.369374,0.343415,0.0,-0.123911,0.007606,0.199634,0.007805,-0.394174,-0.333008,-0.006686,-0.499926,-0.366031,0.0,0.190145,-0.254565,-0.601231,0.007805,0.211722,0.604313,-0.424621,0.225163,-0.185799,0.026898,0.802725,-0.521338,-0.406698,0.017141,-0.182267,-0.187317,-0.232709,-0.203915,0.247212,0.155887,-0.066553,-0.507842,-0.187317,-0.21569,-0.495302,0.169802,0.197567,#
15,0.146649,0.192024,-0.344286,0.193423,0.24095,-0.507921,0.192024,-0.560924,-0.077289,0.016533,0.379417,-0.077289,0.310061,0.061376,-0.266506,1.0,-0.060339,0.30875,-0.106558,0.596127,-0.384548,0.241812,0.416255,-0.218002,0.199394,-0.533823,-0.035632,0.232345,0.302277,-0.218002,0.266211,-0.46113,0.408448,-5.2e-05,-0.011239,0.54833,0.23722,-0.077289,-0.21807,0.527795,0.028617,-0.514208,0.509879,0.312916,-0.13317,-0.037082,0.40382,0.4444,0.516145,0.192024,0.302277,0.349814,-0.218002,0.429845,0.087565,0.130599,-0.257382,0.192024,0.534685,0.192024,-0.051661,0.172793,0.343256,-0.436113,-0.472364,0.127427,-0.218002,0.394829,-0.365813,0.307053,0.326934,0.372298,0.791693,-0.327004,0.404689,0.348524,0.232345,-0.651895,0.645173,-0.326837,0.392088,0.54833,-0.532461,-0.039281,0.232345,0.20246,-0.326299,-0.245289,-0.327004,0.078703,-0.218002,0.522546,-0.427931,-0.047162,-0.190696,-0.327004,0.281663,0.357345,-0.206464,-0.218002,0.310061,0.232345,-0.195954,0.392088,0.425264,0.0,0.366051,-0.064109,0.248199,-0.427871,-0.248009,-0.218002,0.086547,0.0,-0.12438,0.527795,-0.323856,0.129366,-0.106069,0.089725,0.0,0.0,-0.652773,-0.016479,0.4444,0.129539,-0.201399,0.335072,0.097907,-0.057322,0.24095,-0.218002,-0.050279,0.445699,0.138189,0.069268,0.060091,-0.428148,-0.037034,0.12089,0.069268,-0.325968,-0.02007,-0.341125,0.281663,0.299963,0.0,0.211998,-0.190696,0.0,0.147008,-0.325968,-0.218002,0.020151,-0.156717,0.281743,-0.125821,0.148482,-0.031268,-0.326299,0.559726,-0.218002,0.0,0.32172,0.354681,0.196655,0.232345,0.394615,-0.218002,0.248199,0.337217,-0.018007,0.0,0.271238,0.012044,0.271238,-0.327004,0.001978,-0.260723,-0.050279,-0.066136,0.247371,-0.078068,0.058677,0.350988,-0.057322,0.300549,0.271238,0.24095,0.219922,0.009439,-0.429997,0.05729,0.027034,0.243126,0.24095,0.208085,-0.139873,0.20246,0.022534,#
16,-0.149449,0.306305,-0.181995,0.435112,-0.0,0.543889,0.306305,0.306305,-0.666286,-0.989834,0.181995,0.166571,-0.079466,-0.574191,-0.002595,-0.060339,1.0,-0.276589,0.494253,-0.457395,-0.17673,-0.029975,-0.340762,-0.27201,-0.407917,0.150193,-0.006182,0.102004,0.427118,-0.27201,-0.095108,0.042943,-0.345825,2.3e-05,0.104418,0.372633,-0.389171,-0.249857,-0.451762,0.433201,-0.534078,-0.414547,0.256749,0.143646,-0.253142,0.574024,-0.295279,-0.779067,-0.149575,0.306305,0.427118,0.307463,-0.27201,0.23758,0.518981,-0.030085,0.416539,0.306305,0.250713,-0.38024,-0.364765,-0.398445,0.428294,0.318822,-0.533198,0.656722,-0.27201,0.156578,-0.062365,-0.074036,0.407933,-0.472067,0.120893,-0.408015,0.158317,0.426915,0.120893,0.353102,-0.387953,-0.407807,0.178213,0.356145,0.540617,-0.413877,0.120893,-0.413877,0.590746,-0.025256,-0.408015,0.355395,-0.27201,-0.158701,-0.097386,0.023934,0.402475,-0.408015,0.384629,0.170267,-0.675532,0.408015,0.437065,0.120893,0.388667,-0.228238,-0.341414,0.0,-0.133266,0.56994,-0.407807,0.374846,-0.064569,-0.27201,0.249282,0.0,-0.253651,0.433201,-0.404088,0.225784,-0.268354,-0.086468,0.0,0.0,-0.435657,-0.03064,0.104418,-0.558932,-0.418501,-0.094273,0.198765,0.170267,-0.0,-0.27201,0.996559,-0.265483,0.237395,-0.063805,0.372633,-0.105524,0.015008,-0.158701,-0.533946,-0.198147,0.165497,0.677274,0.384629,0.249134,0.0,-0.051961,-0.00312,0.0,0.217023,-0.613616,0.408015,0.372766,-0.116103,0.055353,-0.801451,-0.638657,-0.407179,0.590746,0.249282,-0.27201,0.0,-0.313438,-0.105252,0.02693,0.083114,0.180558,-0.27201,0.135936,0.471432,0.175781,0.0,0.402475,-0.533805,-0.00312,-0.408015,0.39278,-0.385455,0.573184,-0.772242,-0.351444,0.997756,0.295076,-0.027047,-0.279496,0.087425,-0.00312,0.81603,0.054793,0.488247,0.791212,0.47015,-0.228682,0.167694,0.0,0.011043,0.376282,-0.815399,-0.534217,#
17,0.213852,-0.285409,-0.325774,0.35066,-0.474747,-0.45107,0.632397,-0.251416,0.037114,0.269964,0.346393,-0.189691,0.432315,0.724558,0.042257,0.30875,-0.276589,1.0,-0.114202,0.589401,-0.393173,-0.390697,-0.241632,0.259259,0.312561,0.371339,0.256094,0.212121,0.309581,0.225589,0.472841,-0.231377,-0.234582,0.000122,-0.302981,0.222626,-0.040573,0.470104,0.102002,0.057239,-0.11453,-0.040573,0.072879,-0.064073,0.002203,-0.307519,0.28409,0.365557,0.231726,-0.285409,0.309581,-0.342943,0.225589,-0.284188,-0.403642,-0.299226,0.309035,-0.285409,0.104043,-0.081452,0.353289,0.307683,-0.354182,-0.230583,0.065005,-0.541395,0.225589,-0.200359,-0.334575,-0.177589,0.318132,0.146027,0.212121,-0.318182,-0.198712,-0.073233,-0.444444,-0.608552,0.024162,0.36273,-0.075816,-0.24026,-0.774485,0.203642,-0.444444,0.13947,-0.474613,0.01313,-0.318182,-0.367498,-0.649831,-0.376825,-0.703205,-0.383827,-0.586362,-0.318182,-0.166011,-0.229888,0.425283,0.057239,-0.386083,-0.444444,-0.591525,-0.095553,-0.242628,0.0,0.275969,-0.198712,0.36273,0.217796,-0.074834,0.225589,-0.485636,0.0,0.001177,0.057239,-0.3964,-0.46091,0.453849,-0.000642,0.0,0.0,0.052989,-0.247188,-0.347551,0.197296,-0.366062,0.439682,-0.401977,-0.189327,-0.474747,0.225589,-0.31734,-0.334536,0.096972,-0.231824,0.222626,-0.703146,-0.276703,-0.337537,-0.140791,0.196771,0.344159,-0.54011,-0.166011,0.288486,0.0,0.904154,-0.063838,0.0,-0.025125,0.196771,0.057239,-0.295263,-0.217009,0.222453,-0.05639,0.498983,0.218795,-0.474613,0.069784,0.259259,0.0,-0.347887,0.424578,-0.001059,-0.318182,-0.097362,-0.649831,0.232926,-0.390567,0.362435,0.0,-0.044142,-0.178097,-0.044142,-0.318182,0.182576,-0.394318,-0.31734,0.350786,0.070827,-0.308825,0.055309,0.284778,-0.081958,-0.171253,0.498077,-0.151515,0.444947,-0.4641,-0.370275,-0.179758,-0.334046,0.191752,-0.454545,-0.003355,-0.355732,0.13947,0.443048,#
18,0.27947,-0.512185,0.274742,-0.050966,-0.053838,0.006813,0.30313,0.30313,-0.164845,-0.466777,0.109897,-0.274742,0.432535,-0.092554,0.067232,-0.106558,0.494253,-0.114202,1.0,0.032078,-0.214501,0.43606,0.139939,0.538382,-0.40369,0.221877,0.164049,0.067298,0.422691,-0.269191,-0.47061,0.176708,0.132333,0.0,0.13303,0.293711,0.292921,0.219793,-0.47061,0.358921,0.007142,-0.339933,0.299112,-0.220888,0.245687,0.058942,0.393886,-0.282688,-0.668766,-0.512185,0.422691,-0.225424,-0.269191,-0.525665,0.228269,0.140295,0.414186,-0.512185,0.292724,-0.331004,-0.303569,-0.372596,-0.187474,0.315518,-0.423392,0.259967,-0.269191,-0.187653,-0.141275,0.085952,0.403705,0.275416,0.067298,-0.403786,-0.263216,0.10095,0.067298,-0.0624,-0.426256,0.184494,0.594077,0.293711,0.109581,-0.846481,0.067298,0.045849,0.094804,-0.062484,-0.403786,0.277311,-0.269191,-0.212488,0.398801,-0.422964,0.790433,-0.403786,-0.0624,-0.257523,-0.570792,-0.269191,-0.180878,0.067298,-0.036632,-0.269191,0.109313,0.0,-0.6827,0.131608,0.184494,-0.108665,-0.463942,-0.269191,0.29414,0.0,0.216506,0.358921,-0.3999,0.142756,-0.157376,0.301213,0.0,0.0,-0.328043,-0.045484,-0.401465,-0.121193,0.036277,-0.059493,0.339797,0.228909,-0.053838,-0.269191,0.515676,0.14713,0.632757,0.398801,0.293711,-0.117485,-0.0,0.258681,-0.528412,0.249861,-0.27297,0.172541,-0.0624,0.388725,0.0,-0.234191,-0.41683,0.0,-0.233724,-0.148651,-0.269191,-0.075213,0.371509,-0.401717,-0.322029,-0.381923,-0.316857,0.094804,0.29414,0.538382,0.0,-0.06893,0.385781,-0.409174,0.067298,0.122847,-0.269191,0.668791,-0.162086,-0.289931,0.0,0.444619,-0.528273,0.401392,-0.403786,-0.104429,0.108048,0.109581,-0.671604,0.094041,0.497971,0.319829,-0.645335,0.184399,0.547952,0.401392,0.323029,-0.018142,-0.006711,0.301363,0.482509,0.275601,0.110802,0.430706,-0.028612,0.399535,-0.339285,-0.0,#
19,0.431626,-0.400507,0.064865,-0.273141,0.16683,-0.697386,0.321331,-0.373773,0.470269,0.447214,0.372972,-0.389188,0.493186,0.471013,0.234375,0.596127,-0.457395,0.589401,0.032078,1.0,-0.383013,0.228488,0.193967,0.383973,0.009733,0.06548,0.363101,0.019861,0.481262,-0.331011,-0.123343,-0.047346,0.639673,0.0,-0.219081,0.16469,0.360191,0.470269,-0.123343,0.225088,0.263482,-0.200106,0.380229,-0.109135,0.025345,-0.434872,0.45571,0.674769,0.322283,-0.400507,0.481262,-0.499358,0.357492,-0.155132,0.063157,0.379255,-0.026459,-0.400507,0.402542,0.321331,0.300384,-0.008131,-0.54124,-0.277127,-0.112976,-0.39511,0.357492,0.020138,-0.237364,0.02061,0.496417,0.471845,0.436935,0.019861,-0.026818,0.188682,-0.079443,-0.558907,0.558941,0.555248,0.381233,0.16469,-0.80848,-0.140015,-0.079443,0.649482,-0.495446,-0.167806,0.019861,-0.271466,-0.331011,0.364892,-0.199587,-0.151286,-0.228258,0.019861,-0.210856,-0.055827,0.12403,-0.331011,-0.572869,-0.079443,-0.228828,-0.037895,0.633469,0.0,0.016026,-0.026818,0.555248,-0.218401,-0.241982,-0.331011,-0.035469,0.0,0.441706,0.225088,-0.491738,-0.010075,0.044993,-0.055053,0.0,0.0,-0.136457,-0.25168,-0.254134,0.410852,0.252036,0.508767,0.039109,-0.023926,0.16683,-0.331011,-0.448944,0.169029,0.425705,0.171145,0.16469,-0.199362,0.180805,0.395792,-0.190761,0.088672,-0.334316,-0.448811,-0.210856,0.036646,0.0,0.27426,-0.220057,0.0,0.01305,0.088672,-0.331011,-0.235179,0.025997,0.066462,0.361137,0.426369,-0.137723,-0.495446,0.401359,0.383973,0.0,0.361086,0.52428,-0.191541,0.019861,-0.035705,-0.331011,0.45316,-0.546863,-0.349588,0.0,0.198188,-0.226602,0.198188,0.019861,-0.228287,0.241208,-0.448944,0.29958,0.593715,-0.454467,0.367287,-0.026741,0.060518,0.413849,0.624634,-0.246272,0.161693,-0.208943,-0.637202,0.116968,-0.002228,-0.067361,0.182718,-0.181016,-0.480795,0.649482,0.251369,#
20,-0.271607,0.38213,0.193869,-0.034988,0.032195,0.35773,-0.322123,0.38213,-0.144581,0.122661,-0.16101,-0.16101,0.067407,0.128973,0.00402,-0.384548,-0.17673,-0.393173,-0.214501,-0.383013,1.0,-0.053217,-0.115786,-0.407807,0.374575,-0.160637,-0.049185,-0.108659,-0.412858,0.236099,-0.023318,-0.049221,-0.073678,-9.7e-05,-0.553739,-0.361818,0.389693,-0.16101,0.795497,-0.407807,0.088414,0.389693,-0.664474,0.039182,0.221552,-0.228687,0.10193,-0.10981,-0.206468,0.38213,-0.412858,0.136801,0.289758,0.098309,-0.049483,-0.316122,0.087143,0.38213,-0.690715,-0.295036,-0.112658,0.383646,0.07344,-0.303686,0.325348,-0.310921,0.289758,-0.646266,0.179718,-0.463238,-0.394314,0.17026,-0.611711,0.434637,-0.558407,-0.384346,-0.088537,0.463459,0.007412,-0.073552,-0.565453,-0.344254,0.291414,0.352092,-0.088537,0.021386,-0.057638,0.805045,0.434637,0.078467,0.289758,0.186551,0.129576,0.394373,0.012555,0.434637,-0.409725,-0.148105,0.101231,-0.407807,0.067407,-0.088537,0.060607,-0.187991,-0.055267,0.0,0.082811,-0.119926,-0.611399,0.084701,0.079378,0.236099,-0.20786,0.0,0.278644,-0.407807,0.395579,0.178902,-0.181752,0.112578,0.0,0.0,0.034376,0.515425,-0.10981,-0.248269,0.04628,-0.423529,-0.626936,-0.552116,0.032195,0.236099,-0.159584,-0.131976,-0.243518,-0.335467,0.094845,0.569073,0.496928,-0.204782,0.069955,0.154335,-0.24159,0.187972,-0.409725,-0.381619,0.0,-0.387017,0.019941,0.0,-0.231183,0.154335,-0.407807,-0.296424,0.096194,-0.608576,0.391566,-0.412026,-0.111011,-0.057638,-0.650437,-0.407807,0.0,0.076259,0.064826,-0.056109,-0.088537,-0.190113,0.289758,-0.611399,0.016504,-0.202111,0.0,-0.788785,0.517207,-0.419503,0.434637,0.037238,0.398099,-0.159584,-0.167573,-0.425991,-0.188871,-0.276909,0.002378,-0.171871,-0.503802,-0.419503,-0.402441,0.353897,-0.050566,0.063735,-0.706928,0.189418,-0.17201,-0.386344,0.360382,-0.410111,0.021386,0.059717,#
