0,1.0,0.621097,0.229594,0.170222,0.479983,0.011517,0.349696,0.22987,0.480293,0.359641,0.206698,0.261904,0.106957,0.583295,0.02571,-0.033162,-0.302852,0.385945,0.632011,-0.061819,0.280176,0.159619,0.480293,0.35874,-0.266944,-0.204581,0.302906,0.001901,0.386133,0.654342,-0.401198,0.117704,0.253745,4.8e-05,0.056194,-0.171615,-0.537015,-0.075196,4.8e-05,0.440088,0.123906,0.243337,0.347992,0.321221,0.0,-0.801091,0.372013,0.483882,-0.443175,-0.008289,-0.156785,0.26109,-0.306041,0.194587,-0.171676,-0.027428,-0.257709,-0.356715,0.05363,0.330083,0.37509,0.227853,-0.348733,0.253195,0.33884,0.583295,-0.212064,0.279561,0.070265,0.864016,-0.04307,-0.006202,0.0,0.175827,-0.148532,0.409173,-0.396368,-0.238106,-0.132086,0.206207,-0.420023,-0.268487,0.014734,0.357077,-0.226067,-0.152532,0.359973,0.1085,0.189626,-0.268487,-0.287474,-0.268487,-0.530542,0.510736,-0.115728,-0.227804,0.515855,0.031128,-0.344873,-0.136148,-0.180695,-0.620539,0.175827,0.214027,-0.649926,-0.092499,-0.087095,-0.345027,-0.148532,0.009798,0.510736,0.280176,-0.132086,-0.420023,-0.512571,-0.391639,-0.15136,-0.076413,0.411521,-0.530542,-0.15136,-0.372168,-0.197231,-0.411838,0.017103,0.107888,-0.37538,-0.4013,0.00973,-0.407049,0.175827,-0.305629,-0.583149,-0.442085,-0.480106,0.067678,0.253745,-0.615326,-0.224671,-0.076413,0.083937,-0.465819,-0.610573,-0.4013,-0.403575,0.688005,-0.383921,0.265752,-0.304371,-0.185587,-0.365726,-0.163517,0.083937,-0.162437,-0.092499,-0.162437,0.530784,0.25576,-0.076413,0.048068,-0.458644,0.065009,-0.129921,-0.113481,-0.494033,0.379542,0.104261,0.576153,-0.480106,-0.14382,-0.205885,0.564721,-0.39927,0.089908,0.550161,-0.407814,-0.163517,0.044746,0.60623,-0.449079,-0.353553,0.269511,-0.385452,0.56202,0.597645,0.051559,0.237991,0.330484,-0.388097,0.320626,0.005176,0.267416,0.370474,0.556005,0.107815,-0.186011,0.60623,-0.238106,-0.547253,-0.407049,#
1,0.621097,1.0,0.10331,-0.174172,0.761574,0.06004,0.801555,0.21573,0.560706,0.58205,-0.018165,0.186926,0.190207,0.401945,0.307917,-0.134343,-0.532607,0.56954,0.461086,0.138546,-0.27142,0.52101,0.560706,0.582108,-0.5288,0.143732,0.495474,0.005369,0.274798,0.570875,-0.759769,0.261612,0.361015,2.4e-05,-0.107988,-0.299857,-0.049633,0.044177,2.4e-05,0.08696,-0.208297,0.560644,0.084505,0.522402,0.0,-0.792418,0.433793,0.698002,0.109338,0.172118,0.362038,-0.030816,0.251233,-0.316261,0.492961,-0.035935,-0.349517,-0.103008,-0.152996,0.267656,0.04396,0.38988,-0.345991,0.538752,0.081871,0.401945,0.149618,-0.019097,0.350521,0.420718,0.420838,-0.341013,0.0,-0.22205,-0.290094,0.214553,-0.449842,-0.191762,-0.015696,-0.191762,-0.460403,-0.22205,-0.435334,0.126876,-0.626927,0.033227,0.006362,0.164187,-0.199449,-0.22205,-0.176618,-0.22205,-0.66439,0.595978,0.049535,0.133101,0.277799,0.311707,0.164187,-0.284739,-0.40321,-0.290094,-0.22205,0.558256,-0.623432,-0.420999,-0.390738,-0.813631,-0.290094,-0.076268,0.595978,0.466421,-0.015696,-0.445723,-0.231943,-0.126942,-0.269573,-0.372884,0.278237,-0.66439,-0.269573,-0.401683,-0.275155,-0.494275,-0.146961,0.213687,-0.078313,-0.05001,-0.237031,-0.27142,-0.22205,-0.532788,-0.372884,-0.63268,-0.046212,-0.110732,0.361015,-0.284739,0.274952,-0.453075,-0.126942,-0.100501,-0.407131,-0.05001,-0.634966,0.282657,-0.135516,0.353892,-0.489834,-0.269573,0.126876,-0.275155,-0.143151,0.076332,-0.420999,0.076332,0.637741,0.511419,-0.453075,0.379263,-0.040346,0.345485,0.071946,0.401412,-0.158017,0.572384,-0.110732,0.66844,-0.06124,0.057771,-0.624672,0.169218,-0.150563,-0.176499,0.646807,-0.910378,-0.275155,-0.391424,0.359632,-0.634232,-0.36715,0.162489,-0.30001,0.312058,0.206225,0.087719,0.164175,0.110081,-0.414118,0.508914,0.314064,0.330081,0.090831,0.170342,0.631459,-0.539926,0.359632,-0.191762,-0.31038,-0.27142,#
2,0.229594,0.10331,1.0,0.2945,0.313088,-0.814067,-0.0686,-0.241469,0.283807,0.048235,-0.192613,0.135849,0.222703,-0.155303,-0.145854,-0.359133,-0.533274,0.147263,0.504483,0.16046,0.440621,-0.277004,0.283807,0.038114,-0.059879,0.126795,0.529073,-0.814239,-0.467965,0.570956,-0.25926,0.2454,0.361467,2.4e-05,-0.239821,-0.300232,-0.160491,0.045643,2.4e-05,0.106857,0.570345,-0.012335,-0.376843,-0.435546,0.0,-0.321056,-0.004551,0.15837,-0.5352,-0.518086,-0.626121,-0.10995,-0.158148,0.440092,0.037895,-0.300077,-0.350958,-0.267059,-0.616607,-0.541827,-0.346935,-0.319392,-0.489714,-0.244376,-0.284113,-0.155303,-0.249853,-0.189658,-0.063337,0.171495,0.309352,0.166616,0.0,0.278053,0.137703,-0.410242,-0.435879,-0.182525,0.027145,0.278053,0.391529,-0.182525,0.028962,0.25037,-0.165333,0.098581,0.507853,0.674976,-0.149047,-0.182525,-0.116187,-0.182525,-0.257416,0.247187,-0.364729,0.174364,0.797215,0.339577,0.205007,0.149571,0.094736,0.137703,0.278053,0.568892,-0.198275,0.108392,0.023318,0.019414,0.137703,0.354358,0.247187,-0.27176,0.027145,0.420926,0.378421,-0.110871,-0.245235,-0.309119,0.316732,-0.257416,-0.245235,-0.407698,0.203142,-0.081547,-0.239821,-0.132275,-0.084497,-0.547148,-0.314818,-0.27176,0.278053,-0.533455,-0.309119,-0.496594,-0.006771,0.408487,0.361467,0.149571,0.32622,0.493787,0.830466,0.165019,0.106857,-0.547148,-0.562763,0.490552,0.322125,0.05495,-0.368672,0.216004,-0.498892,-0.251193,0.798006,-0.406762,0.108392,-0.406762,0.232429,0.022584,0.493787,-0.066267,-0.456432,0.339577,0.620998,-0.281541,-0.065692,0.036376,-0.532849,-0.116188,-0.036865,0.076427,-0.211965,-0.077765,-0.150751,-0.102701,0.233023,-0.203543,-0.251193,-0.407725,-0.124334,-0.402335,-0.034547,-0.67134,-0.302073,-0.152854,0.206483,0.402223,0.164381,-0.443169,-0.414636,0.072505,0.408395,0.328679,-0.329297,0.170556,0.082208,-0.556927,-0.124334,-0.182525,0.248546,-0.27176,#
3,0.170222,-0.174172,0.2945,1.0,0.106757,-0.450004,-0.422441,-0.174208,-0.151507,-0.081518,0.504066,-0.158045,0.182573,-0.434604,-0.349758,-0.28034,0.060584,-0.009858,0.155947,-0.04741,0.298152,-0.692982,-0.151507,-0.07061,0.135373,0.274864,-0.092044,-0.423775,-0.317756,-0.150186,0.482209,0.161035,-0.407997,-4.7e-05,-0.467388,-0.605871,0.035532,-0.083635,-4.7e-05,0.388382,0.129657,-0.1337,0.33366,-0.56748,0.0,-0.043653,-0.018518,-0.296109,-0.00127,-0.642563,-0.430078,0.145318,0.149386,0.370957,-0.12837,0.569926,0.374342,0.000777,0.052037,-0.38454,-0.503788,0.21926,0.3012,-0.471175,-0.069649,-0.434604,0.236905,-0.1588,-0.633434,0.429113,0.061395,0.870613,0.0,0.996515,0.214616,-0.295819,-0.044278,0.149177,0.328965,0.605725,0.025861,0.539967,0.393098,0.429119,0.14243,-0.055435,-0.062538,0.615391,0.174056,0.539967,0.182995,0.539967,0.221325,-0.231624,0.328965,0.665747,0.125045,0.098059,0.149534,0.648364,0.298057,-0.202384,0.996515,-0.153661,0.117629,0.775984,-0.356129,0.398416,0.214616,0.4098,-0.231624,-0.407997,0.328965,0.404677,0.092172,0.062743,0.648364,0.362126,0.125726,0.221325,0.648364,-0.006921,0.247976,0.021877,0.035457,0.174824,-0.355544,-0.255058,0.548544,0.271998,0.996515,0.063156,-0.085557,0.209491,0.378105,0.551414,-0.407997,0.225027,-0.138247,0.362126,0.551414,0.016431,0.407997,-0.255058,0.094066,0.680765,0.106778,-0.516522,0.376612,0.682231,-0.313588,0.214616,0.133128,-0.131714,0.775984,-0.131714,-0.24727,-0.695027,0.362126,0.098059,-0.813744,-0.337758,0.407763,-0.512444,0.092172,-0.141511,0.515216,-0.351681,-0.009695,-0.131714,-0.243691,-0.382635,-0.799602,0.131151,-0.247212,-2e-06,0.214616,-0.006073,-0.391776,0.15653,-0.432473,-0.19124,-0.434926,-0.376435,0.165102,-0.326061,0.251586,-0.267909,0.374218,-0.520534,0.129897,-0.468005,-0.089935,-0.34178,-0.313655,-0.263674,-0.391776,0.149177,-0.463038,-0.407997,#
4,0.479983,0.761574,0.313088,0.106757,1.0,-0.207171,0.603395,-0.084127,0.568244,0.764162,0.136348,-0.135491,0.508435,0.272083,0.499334,-0.521086,-0.427882,0.472856,0.3766,0.274112,-0.218052,0.192881,0.568244,0.764064,-0.424823,0.357637,0.359117,-0.21847,0.153045,0.321065,-0.471086,0.095852,0.479714,0.0,-0.244556,-0.131747,-0.180439,-0.101446,0.0,0.218052,0.064372,0.445159,-0.05461,0.370258,0.0,-0.636607,0.205191,0.555812,-0.049859,-0.034004,0.224347,-0.159643,0.088186,-0.00801,0.375668,-0.230274,-0.490872,0.358231,-0.278611,0.029132,-0.107337,0.479924,-0.45975,0.380092,0.223787,0.272083,0.364423,0.090543,0.274984,0.412807,0.332169,-0.006674,0.0,0.053258,-0.12104,0.156488,-0.252607,-0.381162,0.354223,-0.381162,-0.264205,0.053258,-0.2366,0.101929,-0.393293,-0.095584,-0.12088,0.479507,-0.385013,0.053258,-0.364453,0.053258,-0.533753,0.478793,-0.077592,0.346101,0.466009,0.50369,0.479507,-0.115036,0.244545,-0.12104,0.053258,0.32466,-0.389416,-0.092897,-0.493275,-0.653649,-0.12104,0.159588,0.478793,-0.218052,0.354223,-0.248009,0.229395,0.019561,-0.098303,-0.535266,0.384216,-0.533753,-0.098303,-0.652921,-0.104558,-0.302963,0.314429,0.061654,-0.427541,-0.066453,-0.360339,-0.218052,0.053258,-0.428028,-0.535266,-0.546,0.19275,0.037445,0.479714,-0.115036,0.197541,-0.128287,0.019561,0.115332,-0.327078,-0.066453,-0.777978,0.311856,0.010272,0.156597,-0.568612,-0.098303,0.101929,-0.104558,0.001677,0.206063,-0.092897,0.206063,0.487347,0.322015,-0.128287,0.056483,-0.259406,0.019216,0.201417,0.322483,-0.259981,0.737392,0.037445,0.558091,0.176169,0.185584,-0.414467,0.154128,-0.006574,-0.280372,0.503705,-0.731374,-0.104558,-0.669673,0.270315,-0.509525,-0.666768,-0.118988,-0.278933,-0.027402,0.028642,-0.127602,-0.117582,0.088436,-0.21296,0.392064,0.25231,0.420206,-0.059368,-0.00597,0.427952,-0.800542,0.270315,-0.381162,-0.451842,-0.218052,#
5,0.011517,0.06004,-0.814067,-0.450004,-0.207171,1.0,0.27442,0.447919,-0.020599,0.012091,0.287367,-0.344212,-0.371502,0.550916,0.249501,0.513314,0.208536,-0.261161,-0.106245,-0.042672,-0.332837,0.437731,-0.020599,0.022486,0.162114,-0.388564,-0.179952,0.996027,0.41428,-0.374338,0.118592,0.058777,-0.332837,-2.3e-05,0.128968,0.413276,0.108999,-0.19228,-2.3e-05,-0.026476,-0.335226,-0.107139,0.261337,0.711182,0.0,0.170705,0.255551,0.107253,0.405477,0.781926,0.519872,-0.012424,0.036258,-0.545633,-0.181913,0.19705,0.332524,0.09894,0.522666,0.540416,0.634652,0.398693,0.449882,0.598643,0.158092,0.550916,-0.004074,0.053338,0.364866,-0.222767,-0.380648,-0.291064,0.0,-0.43509,0.006433,0.324197,0.221771,0.017751,-0.218071,-0.406108,-0.569952,-0.01123,0.161036,-0.33062,0.015844,-0.202466,-0.180493,-0.83543,0.005737,0.005072,-0.013042,0.005072,-0.00529,0.027683,0.218851,-0.425657,-0.65219,-0.233116,-0.386294,-0.405966,-0.204069,0.038595,-0.43509,-0.389356,0.02773,-0.239786,-0.103444,-0.193776,0.022514,-0.592098,0.027683,0.373181,-0.218071,-0.585755,-0.469963,-0.198922,-0.028661,0.207175,0.039645,-0.00529,-0.028661,0.202626,-0.007862,-0.170522,0.091676,-0.001097,0.235372,0.50019,0.26976,-0.332837,-0.43509,0.203961,0.22444,0.314992,-0.185862,-0.249331,-0.332837,-0.373314,-0.37284,-0.621525,-0.652605,-0.449655,-0.499256,0.50019,0.486586,-0.490445,-0.653306,0.268911,0.342147,-0.436803,0.385429,0.37809,-0.652605,0.483083,-0.222521,0.503063,0.043171,0.287336,-0.621525,0.21938,0.248496,-0.200795,-0.498969,0.160013,0.0252,0.044603,0.186902,0.313322,-0.202039,0.041293,0.020149,0.432459,0.254307,-0.01459,0.054658,0.202978,0.37809,0.234773,0.515884,0.094652,0.28805,0.835196,0.374158,0.267018,-0.36525,-0.361405,-0.356571,0.362896,0.187424,0.263241,-0.469966,-0.274195,0.651437,0.108318,0.196808,0.431867,0.515884,0.034054,-0.328802,0.347966,#
6,0.349696,0.801555,-0.0686,-0.422441,0.603395,0.27442,1.0,0.466661,0.757587,0.461252,-0.150232,0.012733,0.378139,0.51537,0.637957,-0.295291,-0.652171,0.23892,0.040722,0.490987,-0.332352,0.811924,0.757587,0.461447,-0.64751,-0.029343,0.639716,0.22857,0.367388,0.384821,-0.670522,0.44933,0.28122,0.0,0.044112,-0.012872,0.101041,-0.272743,0.0,-0.019174,0.005205,0.729142,-0.221975,0.664109,0.0,-0.476,0.637026,0.89487,0.166836,0.339095,0.473657,-0.435559,0.438464,-0.595905,0.16305,-0.15847,-0.249847,0.053958,-0.016524,0.412564,0.140466,0.336049,-0.214388,0.559853,0.076669,0.51537,-0.023881,-0.005007,0.527261,0.103253,0.563428,-0.64421,0.0,-0.46832,-0.450197,0.223852,-0.215529,-0.438935,-0.330269,-0.438935,-0.220754,-0.46832,-0.628994,-0.489979,-0.4275,0.197766,0.167524,-0.0937,-0.446259,-0.022038,-0.424243,-0.022038,-0.813538,0.780292,-0.266984,-0.03982,0.134255,0.166925,0.361681,-0.445083,-0.261573,-0.009964,-0.46832,0.372624,-0.419925,-0.723525,-0.251048,-0.573037,-0.009964,-0.280664,0.780292,0.383482,-0.330269,-0.639118,-0.091893,-0.258499,-0.43037,-0.204221,0.45394,-0.813538,-0.43037,-0.596391,0.004529,-0.685046,0.006302,-0.045411,-0.21132,0.152285,-0.254289,-0.332352,-0.46832,-0.652394,-0.204221,-0.742724,0.191362,-0.242772,0.28122,0.001839,0.247719,-0.282019,-0.258499,-0.289317,-0.498527,0.152285,-0.490699,-0.120659,-0.266963,0.566413,-0.371683,-0.43037,0.236026,-0.435704,-0.274225,-0.029262,-0.2509,0.517711,0.802103,0.726919,-0.282019,0.232466,0.191663,0.199695,-0.033681,0.553395,-0.020172,0.46553,-0.242772,0.40031,-0.266084,0.499704,-0.437348,0.191789,0.186926,-0.582734,0.80551,-0.6517,-0.435704,-0.178097,0.45614,-0.77661,-0.134301,0.410549,-0.335211,0.184199,-0.039289,-0.192972,0.004035,0.214781,-0.608607,0.637393,0.446008,0.272728,0.223436,0.046198,0.840494,-0.350128,0.45614,0.007346,-0.148511,0.357917,#
7,0.22987,0.21573,-0.241469,-0.174208,-0.084127,0.447919,0.466661,1.0,0.632657,0.107401,-0.037051,0.21573,0.270457,0.476507,0.376066,-0.153866,-0.533642,0.127815,-0.014666,0.05163,0.38886,0.591879,0.632657,0.117752,-0.529827,-0.236288,0.561719,0.402375,0.373633,0.190734,0.06222,0.691229,-0.271948,-2.3e-05,-0.149573,-0.220837,0.339801,-0.786726,-2.3e-05,-0.407922,-0.225996,0.507549,0.083527,0.169237,0.0,-0.302547,0.837815,0.648308,0.00486,0.220753,-0.189024,-0.030627,0.269722,-0.647313,-0.365231,0.04983,0.326474,-0.514883,0.368264,0.538017,0.486477,0.464992,0.157109,-0.020833,0.060264,0.476507,-0.265574,-0.058243,0.39883,0.075382,0.360512,-0.341349,0.0,-0.189334,-0.664855,0.165894,-0.38909,-0.587355,-0.832238,-0.160121,0.02991,-0.616568,-0.041017,-0.437209,-0.150389,0.545978,0.125345,-0.17326,-0.168151,-0.172902,0.219642,-0.172902,-0.665681,0.695729,-0.391838,-0.273526,-0.066734,-0.110258,-0.156493,-0.665175,-0.276304,-0.227201,-0.189334,-0.23691,-0.561517,-0.386712,-0.222124,0.010736,-0.227201,-0.81423,0.695729,0.439691,-0.832238,-0.400161,-0.094919,-0.533217,-0.284866,0.516261,0.169144,-0.665681,-0.284866,-0.417859,0.568859,-0.809671,-0.187162,0.231527,-0.095465,-0.321445,0.300273,-0.271948,-0.189334,-0.533824,0.516261,-0.370768,0.002899,0.330561,-0.271948,-0.220872,0.323451,-0.319038,-0.075923,-0.755699,-0.407922,-0.321445,0.375097,-0.109047,-0.53379,0.71094,0.249563,0.142982,-0.410477,-0.290238,-0.075923,0.058405,0.083143,0.602172,0.69462,0.567391,-0.319038,0.345841,0.021917,-0.077679,-0.407688,0.286011,0.404187,0.127601,-0.126733,-0.207433,-0.437372,0.136725,-0.159619,0.218968,-0.067435,-0.137254,0.674629,-0.008524,-0.290238,0.398465,0.39137,-0.635464,0.459727,0.584279,-0.216204,-0.04759,-0.157839,-0.108315,0.174591,0.266387,-0.429875,0.537907,0.434572,-0.232647,0.506117,-0.068264,0.419623,0.275421,0.39137,-0.143689,0.023909,0.414276,#
8,0.480293,0.560706,0.283807,-0.151507,0.568244,-0.020599,0.757587,0.632657,1.0,0.43445,-0.240906,0.152979,0.701279,0.60012,0.605505,-0.627214,-0.782661,0.372813,0.153766,0.466814,0.316329,0.562033,1.0,0.434743,-0.777067,-0.132464,0.783349,-0.051757,0.416425,0.570548,-0.404107,0.581163,0.261316,0.0,-0.021188,-0.114755,0.039919,-0.676269,0.0,-0.082521,0.184108,0.753694,-0.163897,0.312002,0.0,-0.632607,0.791519,0.959599,-0.276772,-0.036414,-0.157247,-0.362498,0.139056,-0.281927,-0.213676,-0.369424,-0.215475,-0.181116,0.037878,0.427937,0.26568,0.336342,-0.36248,0.111915,0.272221,0.60012,-0.126734,0.190184,0.576049,0.317657,0.539238,-0.387956,0.0,-0.192661,-0.585257,0.281515,-0.355416,-0.797321,-0.543663,-0.334934,0.087154,-0.655048,-0.357309,-0.424321,-0.161803,0.335135,0.299882,0.219777,-0.345686,-0.174877,-0.319126,-0.174877,-0.976315,0.98249,-0.662822,-0.143834,0.5681,0.098615,0.237924,-0.579804,0.08169,-0.111594,-0.192661,0.117583,-0.603065,-0.477126,-0.160567,-0.301717,-0.111594,-0.425514,0.98249,0.068767,-0.543663,-0.36298,0.219445,-0.359029,-0.563973,-0.10254,0.449264,-0.976315,-0.563973,-0.933789,0.360121,-0.859911,0.16188,0.091237,-0.494392,-0.424864,-0.167499,-0.39885,-0.192661,-0.782928,-0.10254,-0.876184,0.082358,0.152812,0.261316,-0.098943,0.376501,-0.002093,0.135892,-0.425943,-0.598275,-0.424864,-0.426888,0.074746,-0.368223,0.779314,-0.303105,-0.100921,-0.39539,-0.569663,0.118971,-0.093241,0.03139,0.495268,0.972631,0.773531,-0.002093,-0.024792,-0.087618,-0.060051,-0.098093,0.464131,0.084402,0.447216,-0.342109,0.10688,-0.409826,0.475893,-0.193666,0.365932,0.120258,-0.520881,0.973074,-0.35982,-0.569663,-0.071086,0.554878,-0.931998,-0.011862,0.174761,-0.387056,-0.062798,0.058532,-0.033243,0.155745,0.330699,-0.778462,0.771666,0.591277,0.265042,0.321287,0.147988,0.555404,-0.272892,0.554878,-0.31715,-0.042332,0.343836,#
9,0.359641,0.58205,0.048235,-0.081518,0.764162,0.012091,0.461252,0.107401,0.43445,1.0,0.316102,0.048175,0.388763,0.208397,0.735148,-0.397891,-0.326722,0.361064,0.296238,-0.248002,-0.1665,0.418321,0.43445,0.99972,-0.324387,0.613195,0.239938,-0.000798,0.117715,0.071949,-0.164084,-0.068037,0.632701,0.0,-0.408362,0.052695,-0.335195,-0.269782,0.0,-0.24975,-0.133899,0.332546,-0.19303,0.276539,0.0,-0.486101,0.012091,0.417465,-0.23146,0.331263,0.172145,0.306399,-0.092276,-0.256895,0.27949,-0.420471,-0.638208,0.274199,-0.408015,0.024586,0.255817,0.66421,-0.60637,0.290895,0.126495,0.208397,0.116855,-0.043047,0.172809,0.315212,0.245322,-0.18175,0.0,-0.112432,-0.407058,0.128748,-0.498448,-0.610005,0.270478,-0.610005,-0.053334,-0.112432,-0.021771,0.077831,-0.61031,0.270478,-0.269249,0.366142,-0.609681,-0.112432,-0.112432,-0.112432,-0.407563,0.365597,-0.22411,0.106205,0.174873,0.740315,0.366142,-0.407254,0.187581,-0.407058,-0.112432,0.073995,-0.610352,-0.233071,-0.628567,-0.499114,-0.407058,-0.04273,0.365597,-0.1665,0.270478,-0.498558,0.175162,-0.326463,0.091033,-0.233071,0.29338,-0.407563,0.091033,-0.498558,0.083771,-0.099144,0.231884,-0.107434,-0.326463,-0.087646,-0.546384,-0.1665,-0.112432,-0.326834,-0.233071,-0.297138,-0.004748,0.206119,0.632701,-0.407254,0.282003,-0.273605,-0.326463,-0.173001,-0.24975,-0.087646,-0.394433,0.238127,0.175172,0.119574,-0.680089,0.091033,0.077831,0.083771,0.165152,0.360624,-0.233071,0.360624,0.372129,0.304604,-0.273605,0.228097,-0.048054,0.185412,-0.249607,0.246242,-0.385356,0.996181,0.206119,0.487945,0.451035,-0.249212,-0.161469,0.170983,0.155625,0.175162,0.362258,-0.558463,0.083771,-0.51135,0.18028,-0.389063,-0.509132,0.077877,-0.212988,0.146467,-0.170587,-0.128501,-0.440159,0.067528,0.005544,0.2758,0.19266,0.595885,-0.231195,-0.20514,0.365929,-0.611279,0.18028,-0.610005,-0.376777,-0.1665,#
10,0.206698,-0.018165,-0.192613,0.504066,0.136348,0.287367,-0.150232,-0.037051,-0.240906,0.316102,1.0,-0.521429,-0.274215,-0.096504,0.121814,0.204104,0.10697,-0.422048,0.292649,-0.317944,-0.213457,-0.176738,-0.240906,0.328641,0.507277,0.340399,-0.152941,0.319024,-0.33362,-0.522693,0.504621,0.050725,-0.213457,-2.8e-05,-0.620945,-0.05163,-0.235528,-0.073692,-2.8e-05,0.268391,0.087397,-0.420634,0.101836,0.061197,0.0,0.154933,-0.15786,-0.262789,0.097375,0.333732,0.087178,0.336907,0.038712,-0.148413,-0.134695,0.462374,0.164967,0.246346,-0.103742,-0.341686,0.062121,0.578387,0.288559,0.267079,-0.265848,-0.096504,-0.028212,-0.434073,-0.484709,0.166397,-0.224788,0.466431,0.0,0.520232,0.300079,-0.317931,-0.15295,0.051189,0.428105,0.051189,-0.323297,0.520232,0.608561,0.222673,-0.289302,-0.118257,-0.084443,0.028762,-0.279439,0.520232,0.012854,0.520232,0.288695,-0.303279,0.428105,0.29825,-0.418266,0.467508,0.028762,0.312316,0.104892,-0.200423,0.520232,-0.180883,0.035185,0.404787,-0.667534,0.150345,0.300079,0.187748,-0.303279,-0.213457,0.428105,-0.323297,-0.302442,-0.418532,0.782033,0.404787,0.471142,0.288695,0.782033,0.168534,0.262263,0.186697,-0.01741,-0.308147,-0.069755,0.320916,0.26896,-0.213457,0.520232,0.104171,-0.132541,0.480732,0.149706,0.43229,-0.213457,-0.195791,-0.442149,-0.091943,-0.069755,-0.399739,0.080046,0.320916,0.293926,0.41752,-0.062847,-0.509487,0.195226,0.273926,0.222673,0.762765,-0.069755,0.255375,0.404787,0.255375,-0.301284,-0.51339,-0.091943,0.467508,-0.638605,-0.055578,0.092122,-0.629687,-0.302442,0.289068,0.626591,0.129374,0.149706,-0.319495,-0.285669,-0.052749,-0.418338,0.316752,-0.300762,-0.010529,0.762765,-0.155896,-0.07182,0.214611,-0.349987,0.448057,-0.222861,0.102828,-0.298604,-0.656247,-0.533329,-0.317191,0.636757,-0.453043,-0.288066,-0.239811,0.068459,-0.346275,0.063027,-0.298086,-0.07182,0.051189,-0.800433,-0.213457,#
11,0.261904,0.186926,0.135849,-0.158045,-0.135491,-0.344212,0.012733,0.21573,0.152979,0.048175,-0.521429,1.0,0.190207,-0.073033,-0.145672,-0.134343,-0.122715,0.570221,-0.013305,-0.404281,0.413718,0.244485,0.152979,0.038067,-0.5288,0.093761,0.12671,-0.388767,0.274798,0.603138,-0.312523,-0.13668,0.361015,2.4e-05,0.271999,-0.299857,-0.176563,0.044177,2.4e-05,-0.407131,-0.29682,0.446926,0.083849,-0.345599,0.0,-0.465812,0.06004,0.178776,-0.431352,-0.28578,-0.310133,0.478359,-0.159266,0.08451,0.090283,-0.287602,-0.323463,-0.632541,-0.077461,0.267656,0.112094,-0.264619,-0.510147,-0.486879,0.164059,-0.073033,-0.265507,0.249293,-0.069434,0.424044,0.292514,-0.340341,0.0,-0.149169,-0.663565,0.291465,-0.427173,-0.168099,-0.414215,0.274865,0.358927,-0.592134,-0.388183,0.245438,-0.173405,0.5194,0.075028,0.238554,0.262403,-0.592134,0.274865,-0.592134,-0.272759,0.260379,-0.348985,-0.249003,0.348023,-0.127406,-0.213443,-0.261042,-0.40321,-0.663565,-0.149169,0.161274,-0.600211,-0.343816,0.317995,-0.012029,-0.663565,-0.052787,0.260379,0.466421,-0.414215,0.006606,-0.143001,-0.101614,-0.261042,0.10525,-0.383722,-0.272759,-0.261042,-0.011744,-0.226604,-0.097323,-0.273623,0.287241,-0.078313,-0.619471,-0.235999,0.387367,-0.149169,-0.117996,0.10525,-0.364734,-0.413464,-0.058051,0.361015,-0.261042,0.431682,0.041097,-0.058051,-0.073969,0.08696,-0.619471,-0.091588,0.286426,0.304136,0.219526,-0.372772,0.182559,-0.475171,-0.663565,0.330981,-0.406253,-0.343816,-0.406253,0.277699,0.197772,0.041097,-0.05985,0.353837,0.345485,-0.406897,0.246705,-0.069075,0.073347,-0.101614,-0.058989,-0.052787,-0.406253,0.20945,-0.044281,-0.150563,0.374482,0.249719,-0.229804,-0.663565,0.413926,-0.104329,-0.212139,0.062604,-0.21138,-0.256188,0.340759,0.638197,0.610681,0.596707,0.227644,-0.429472,0.090322,0.404366,0.377236,-0.311666,0.187658,-0.159801,0.264473,-0.104329,-0.168099,0.452718,-0.27142,#
12,0.106957,0.190207,0.222703,0.182573,0.508435,-0.371502,0.378139,0.270457,0.701279,0.388763,-0.274215,0.190207,1.0,0.088263,0.544555,-0.97389,-0.385378,0.401717,-0.316847,0.420295,0.285005,0.173888,0.701279,0.389089,-0.793979,0.218391,0.350681,-0.374449,0.365782,0.217668,-0.053402,0.211253,0.231733,9.6e-05,0.012311,-0.163234,0.071552,-0.615544,9.6e-05,-0.111871,0.101274,0.77522,-0.120008,-0.115994,0.0,-0.344657,0.414903,0.568777,-0.223381,-0.455926,-0.181817,-0.318132,0.184126,0.004697,-0.162878,-0.338405,-0.206424,0.195968,0.084136,0.273356,-0.132375,0.261776,-0.330581,-0.393326,0.441681,0.088263,0.228565,0.36363,0.208053,0.321047,0.556755,-0.047825,0.0,0.141978,-0.618823,0.293602,-0.018422,-0.703767,-0.185854,-0.256019,0.414737,-0.305769,-0.409788,-0.362016,0.1604,0.384896,-0.084411,0.549619,-0.267888,0.159199,-0.240712,0.159199,-0.601705,0.608261,-0.581465,0.228379,0.508359,0.053668,0.567191,-0.206375,0.536579,-0.160156,0.141978,-0.211167,-0.263069,-0.128676,-0.102881,0.029579,-0.160156,-0.072344,0.608261,-0.407531,-0.185854,-0.021145,0.581682,0.045775,-0.191045,-0.041541,0.113965,-0.601705,-0.191045,-0.826136,0.296623,-0.494891,0.52443,0.158061,-0.799059,-0.40846,-0.136327,0.258369,0.141978,-0.380697,-0.041541,-0.611874,0.419447,0.106193,0.231733,0.259262,0.392279,0.331316,0.089808,-0.015769,-0.111871,-0.40846,-0.36432,0.07238,0.046008,0.337627,-0.247714,0.257346,-0.334001,-0.603722,0.073424,-0.122183,0.363739,0.447693,0.577232,0.323198,0.331316,-0.356044,-0.005156,-0.390187,-0.126932,0.510793,0.133336,0.370696,0.062159,-0.235723,-0.057154,0.428931,0.128019,-0.036766,0.074689,-0.452782,0.567935,-0.196547,-0.603722,-0.006584,0.068841,-0.525633,-0.360671,-0.167981,-0.431022,-0.409822,0.108739,-0.17112,0.229006,0.367453,-0.429674,0.339055,0.626849,0.196154,-0.082239,-0.243505,0.126355,-0.238101,0.068841,-0.238798,0.016512,0.311641,#
13,0.583295,0.401945,-0.155303,-0.434604,0.272083,0.550916,0.51537,0.476507,0.60012,0.208397,-0.096504,-0.073033,0.088263,1.0,0.315849,0.078012,-0.206582,0.210782,0.305095,0.247888,0.169833,0.43261,0.60012,0.209136,-0.262206,-0.640115,0.248793,0.545714,0.69516,0.398176,-0.346784,0.160997,0.105745,-0.000116,0.356426,0.379997,-0.214704,-0.356165,-0.000116,0.206683,0.026585,0.2162,0.251198,0.763435,0.0,-0.484709,0.550916,0.61861,-0.197149,0.399406,0.090564,-0.167013,-0.355902,-0.082461,-0.327233,-0.309416,-0.086758,-0.123355,0.40397,0.718884,0.771083,0.239744,-0.134614,0.531659,0.547499,1.0,-0.108321,0.493943,0.738866,0.277031,-0.273678,-0.355999,0.0,-0.434375,-0.125231,0.647635,0.003418,-0.397544,-0.40231,-0.397544,-0.493363,-0.434375,0.001213,-0.210456,0.110186,-0.2982,0.212063,-0.472123,0.116083,-0.413658,-0.358411,-0.413658,-0.595007,0.623869,-0.322989,-0.653831,0.272507,-0.275072,-0.450983,-0.642702,0.010192,-0.084358,-0.434375,-0.136977,-0.393961,-0.343732,0.142997,-0.455835,-0.104795,-0.576563,0.623869,0.23392,-0.40231,-0.495594,-0.271372,-0.231237,-0.62426,-0.263284,0.248001,-0.595007,-0.62426,-0.462123,-0.066192,-0.550619,0.309034,0.126961,-0.172104,-0.130061,-0.021709,-0.663308,-0.434375,-0.212558,-0.241344,-0.374369,-0.498896,-0.211526,0.105745,-0.601207,-0.223277,-0.360797,-0.231237,-0.44432,-0.994963,-0.130061,-0.167059,-0.160403,-0.818919,0.753668,-0.095762,-0.603513,-0.176753,-0.107065,-0.250948,0.2542,-0.321792,0.279591,0.627133,0.750676,-0.360797,-0.192922,0.029888,-0.233997,-0.41211,0.33475,-0.181477,0.262573,-0.233701,0.562331,-0.537729,0.257021,0.085892,0.913903,0.315934,-0.254517,0.658195,0.010748,-0.107065,0.059527,0.992755,-0.441293,0.153761,0.475615,0.221349,0.344032,0.092683,0.036009,-0.056769,0.655193,-0.48197,0.80204,-0.245002,0.172022,0.796457,0.678533,0.194321,0.182018,0.992755,-0.376827,-0.265741,0.201876,#
14,0.02571,0.307917,-0.145854,-0.349758,0.499334,0.249501,0.637957,0.376066,0.605505,0.735148,0.121814,-0.145672,0.544555,0.315849,1.0,-0.520605,-0.427487,-0.040318,-0.19829,0.183898,-0.217851,0.694553,0.605505,0.735064,-0.424432,0.33419,0.379837,0.246507,0.211548,-0.125926,-0.065721,0.15857,0.461165,2.6e-05,-0.182193,0.352467,-0.119681,-0.578476,2.6e-05,-0.326776,0.115635,0.487513,-0.500381,0.409018,0.0,-0.08899,0.249501,0.595591,-0.129413,0.471914,0.281732,-0.188607,0.137093,-0.538172,-0.111368,-0.494029,-0.443469,0.403272,-0.200679,0.190088,0.325598,0.517622,-0.380964,0.288285,0.104418,0.315849,-0.087783,-0.021612,0.353983,-0.069631,0.380119,-0.501209,0.0,-0.37539,-0.532599,0.12676,-0.179034,-0.798137,-0.118841,-0.798137,0.204699,-0.37539,-0.247182,-0.612334,-0.318525,0.412988,-0.050197,0.031108,-0.797714,0.118491,-0.37539,0.118491,-0.533261,0.534263,-0.539051,-0.096738,-0.001109,0.479048,0.535059,-0.532856,0.302807,-0.045411,-0.37539,-0.124137,-0.313932,-0.546711,-0.392351,-0.184657,-0.045411,-0.265018,0.534263,-0.217851,-0.118841,-0.652319,0.296153,-0.427147,-0.109502,-0.023676,0.452888,-0.533261,-0.109502,-0.652319,0.371606,-0.311668,0.361771,-0.370958,-0.427147,0.147756,-0.49114,-0.217851,-0.37539,-0.427633,-0.023676,-0.39512,0.257354,0.025344,0.461165,-0.038265,0.218533,-0.058115,-0.427147,-0.359258,-0.326776,0.147756,-0.196423,-0.234688,-0.001111,0.348462,-0.463232,-0.109502,0.191106,-0.115582,-0.009463,0.192056,-0.023676,0.797369,0.519111,0.514163,-0.058115,0.043859,0.214595,0.007593,-0.326589,0.390655,-0.180073,0.747016,0.025344,0.139903,0.154493,0.279241,0.049497,0.175833,0.500737,-0.30657,0.504761,-0.21826,-0.115582,-0.211292,0.271842,-0.509055,-0.187002,0.346047,-0.229817,-0.006755,-0.409827,-0.41691,-0.545768,0.176873,-0.224193,0.393304,0.320071,0.4537,-0.046681,-0.306054,0.563074,-0.327134,0.271842,-0.304255,-0.151227,0.546042,#
15,-0.033162,-0.134343,-0.359133,-0.28034,-0.521086,0.513314,-0.295291,-0.153866,-0.627214,-0.397891,0.204104,-0.134343,-0.97389,0.078012,-0.520605,1.0,0.424139,-0.31675,0.275481,-0.395501,-0.265526,-0.082608,-0.627214,-0.397359,0.693686,-0.355971,-0.379333,0.51181,-0.151124,-0.166798,0.001586,-0.222705,-0.265526,-5e-05,0.126129,0.213404,-0.06576,0.558648,-5e-05,0.120316,-0.202865,-0.683107,0.248271,0.250001,0.0,0.266935,-0.303293,-0.477514,0.247994,0.507065,0.243384,0.309662,-0.216953,-0.039017,0.114731,0.324605,0.245484,-0.23186,0.093896,-0.047844,0.274506,-0.224693,0.357193,0.439213,-0.274943,0.078012,-0.196354,-0.206946,-0.080009,-0.258323,-0.611118,-0.032309,0.0,-0.238631,0.53371,-0.094776,0.078805,0.671385,0.079379,0.206443,-0.51676,0.226312,0.35386,0.316444,-0.086901,-0.423427,0.047271,-0.680209,0.370901,-0.238631,0.224325,-0.238631,0.517454,-0.518254,0.55865,-0.353468,-0.520295,-0.200979,-0.680209,0.08576,-0.56344,0.092708,-0.238631,0.117712,0.203368,0.057866,0.177147,-0.099684,0.075068,-0.066447,-0.518254,0.508925,0.079379,-0.066064,-0.665127,-0.022969,0.08576,0.036824,-0.1782,0.517454,0.08576,0.798734,-0.365933,0.392726,-0.446564,-0.053741,0.760734,0.393113,0.190195,-0.265526,-0.238631,0.419187,0.055762,0.577403,-0.510087,-0.213312,-0.265526,-0.361943,-0.430549,-0.434522,-0.213312,-0.046116,-0.045637,0.393113,0.394812,-0.146363,-0.207388,-0.200623,0.281802,-0.361943,0.316444,0.53371,-0.213312,0.172415,-0.434522,-0.39743,-0.48428,-0.195493,-0.434522,0.295375,0.097351,0.295375,-0.034931,-0.375836,-0.121968,-0.369823,-0.042109,0.312466,-0.048702,-0.39743,-0.066736,0.176323,-0.032524,0.423615,-0.47095,0.213375,0.53371,0.115815,0.090886,0.495991,0.391655,0.286121,0.490033,0.474338,-0.045559,0.184143,-0.15737,-0.164741,0.358921,-0.207463,-0.67628,-0.215109,0.241506,0.351909,-0.14409,0.377201,0.090886,0.206443,-0.040048,-0.265526,#
16,-0.302852,-0.532607,-0.533274,0.060584,-0.427882,0.208536,-0.652171,-0.533642,-0.782661,-0.326722,0.10697,-0.122715,-0.385378,-0.206582,-0.427487,0.424139,1.0,-0.140856,-0.344581,-0.32476,-0.218033,-0.516993,-0.782661,-0.326285,0.516072,-0.119155,-0.993898,0.256844,0.179403,-0.533898,0.398876,-0.799822,-0.218033,-2.4e-05,0.404717,0.377152,-0.192114,0.461969,-2.4e-05,0.231327,-0.295304,-0.524146,0.470064,-0.032314,0.0,0.46489,-0.653124,-0.789889,0.185461,0.006425,0.250226,0.292321,-0.385927,0.452447,-0.005291,0.171165,0.170674,0.378603,0.397226,0.101523,0.044555,-0.214581,0.298148,-0.116455,0.36978,-0.206582,0.354833,0.41351,-0.293595,-0.050338,-0.761623,0.362402,0.0,0.104673,0.416599,0.327759,0.673946,0.586018,0.496115,0.104673,-0.243667,0.586018,0.269542,0.316326,0.546725,-0.540543,-0.48072,-0.368369,0.57227,0.104673,0.104673,0.104673,0.814506,-0.797918,0.496115,-0.097818,-0.427232,-0.427953,-0.368369,0.371474,0.270825,-0.058222,0.104673,-0.533753,0.559705,0.471324,0.366704,0.203251,-0.058222,0.243759,-0.797918,-0.218033,0.496115,0.222929,-0.197206,0.539542,0.371474,-0.038434,-0.586485,0.814506,0.371474,0.689524,-0.533043,0.717381,0.404717,0.113543,0.087709,0.339604,0.206372,0.47329,0.104673,0.999957,-0.038434,0.806679,-0.233902,-0.427504,-0.218033,-0.110562,-0.567017,-0.038434,-0.427504,0.407131,0.191443,0.339604,0.365981,-0.212956,0.033402,-0.538493,0.287165,-0.110562,0.316326,0.416599,-0.427504,0.263604,-0.038434,-0.326344,-0.799915,-0.542897,-0.038434,-0.427953,0.233029,-0.427953,-0.326862,-0.113682,-0.197206,-0.319555,0.539542,0.079567,0.243759,-0.326344,0.56172,0.044681,0.077765,0.390217,-0.783346,0.499431,0.416599,0.246574,-0.146954,0.9436,-0.170534,-0.038554,0.530606,0.095565,0.12196,-0.046229,-0.081202,0.301027,0.679016,-0.490357,-0.777218,-0.19764,0.006081,0.095659,-0.790466,0.52012,-0.146954,0.104673,-0.128869,-0.218033,#
17,0.385945,0.56954,0.147263,-0.009858,0.472856,-0.261161,0.23892,0.127815,0.372813,0.361064,-0.422048,0.570221,0.401717,0.210782,-0.040318,-0.31675,-0.140856,1.0,0.277075,-0.137449,0.269634,0.043125,0.372813,0.360581,-0.650533,0.106786,0.111355,-0.310085,0.484731,0.590015,-0.42911,-0.051147,0.24095,-5.2e-05,0.07866,-0.429979,0.101855,-0.048012,-5.2e-05,-0.197923,-0.577577,0.526249,0.464429,0.001453,0.0,-0.819753,0.263505,0.363041,-0.055374,-0.367782,-0.11235,0.244519,-0.09968,0.150792,0.484138,-0.207305,-0.2199,-0.265185,0.127203,0.425382,0.03366,0.234997,-0.392431,-0.157211,0.493657,0.210782,0.482147,0.42699,0.389526,0.492358,0.199858,0.010388,0.0,-0.053782,-0.42727,0.486668,-0.308153,-0.18154,-0.028624,-0.070267,-0.186364,-0.165055,-0.247944,0.438799,-0.143196,0.073447,-0.413736,0.419473,0.297974,-0.55451,0.319188,-0.55451,-0.430316,0.392605,-0.046376,0.101484,0.492373,-0.03493,-0.091464,-0.367109,-0.073207,-0.42727,-0.053782,0.095068,-0.618166,0.00982,-0.076053,-0.62321,-0.811447,-0.226364,0.392605,0.212265,-0.028624,0.191158,0.180306,0.354439,-0.367109,-0.420082,-0.468627,-0.430316,-0.367109,-0.310207,-0.317505,-0.316599,0.099872,0.772997,-0.131895,-0.593653,-0.092558,0.212265,-0.053782,-0.137898,-0.007638,-0.425002,-0.226364,0.004852,0.24095,-0.367109,0.534189,-0.402624,0.004852,0.275633,-0.219437,-0.593653,-0.401516,0.196915,-0.043916,0.400674,-0.313433,0.134338,-0.375779,-0.42727,0.004852,0.246997,-0.402624,-0.230328,0.41224,0.393682,-0.402624,-0.053314,0.124181,-0.053314,-0.21475,0.624509,0.160188,0.353689,-0.062418,0.334033,0.160111,-0.230328,-0.138199,0.141737,-0.131028,0.160188,0.41537,-0.529165,-0.42727,-0.204337,0.173927,-0.31157,-0.230302,-0.361801,0.066048,-0.071614,0.377756,0.568046,0.554353,0.405851,-0.284365,0.499999,0.256083,0.219136,0.00328,0.210634,-0.089764,-0.143648,0.173927,-0.570995,0.085304,-0.504847,#
18,0.632011,0.461086,0.504483,0.155947,0.3766,-0.106245,0.040722,-0.014666,0.153766,0.296238,0.292649,-0.013305,-0.316847,0.305095,-0.19829,0.275481,-0.344581,0.277075,1.0,-0.287008,0.247112,-0.127533,0.153766,0.296372,0.205377,-0.016498,0.335874,-0.124065,-0.222233,0.48325,-0.262749,0.200186,0.180325,6e-05,-0.403334,-0.262773,-0.246431,0.12893,6e-05,0.170307,0.062718,-0.286182,0.157682,0.100611,0.0,-0.598386,0.087755,0.139777,-0.28137,0.084293,-0.323582,0.350077,-0.339463,0.178307,0.216042,-0.01288,-0.188698,-0.405007,-0.354919,-0.226827,0.202737,0.208499,-0.270166,0.350453,-0.186403,0.305095,-0.128311,-0.234154,0.127008,0.345599,-0.156154,0.213091,0.0,0.147292,0.290591,-0.17012,-0.631071,-0.001439,0.13071,0.1281,-0.415778,0.017752,0.453654,0.625958,-0.484955,-0.218023,0.222146,0.225197,0.027542,-0.435638,0.147292,-0.435638,-0.203186,0.173535,0.13071,-0.044087,0.400457,0.398083,-0.369618,-0.135492,-0.275891,-0.156654,0.147292,0.462823,-0.518371,0.187996,-0.33812,-0.476399,-0.156654,-0.031423,0.173535,0.180325,0.13071,0.023719,-0.210198,-0.284498,-0.116273,-0.292157,0.278211,-0.203186,-0.116273,-0.101852,-0.009939,-0.116466,-0.37864,0.121535,0.282958,-0.36267,-0.076368,-0.654512,0.147292,-0.349766,-0.292157,-0.155222,-0.462299,0.442154,0.180325,-0.589533,0.05761,-0.312481,0.421612,-0.155196,-0.330596,-0.36267,-0.295645,0.544453,-0.180907,0.145091,-0.228103,0.013453,-0.322345,0.309522,0.421612,0.18758,-0.292157,-0.368105,0.195459,0.124637,-0.312481,0.398083,-0.573568,0.37668,0.296121,-0.337026,-0.210198,0.300561,-0.263957,0.511521,-0.012379,-0.391626,-0.487321,0.354281,-0.303566,0.343109,0.211776,-0.358419,0.309522,-0.496776,0.315668,-0.283429,-0.002356,-0.128337,0.03631,0.25235,0.08448,0.369591,-0.05165,-0.272419,-0.073937,0.253029,-0.122459,0.176969,0.163382,0.412527,0.138628,-0.460641,0.315668,-0.454829,-0.285764,-0.654512,#
19,-0.061819,0.138546,0.16046,-0.04741,0.274112,-0.042672,0.490987,0.05163,0.466814,-0.248002,-0.317944,-0.404281,0.420295,0.247888,0.183898,-0.395501,-0.32476,-0.137449,-0.287008,1.0,-0.1655,0.111209,0.466814,-0.247671,-0.322439,-0.404689,0.358833,-0.035027,0.17129,0.144217,-0.341602,0.405015,-0.1655,3.2e-05,0.300537,0.073958,0.301173,-0.16919,3.2e-05,0.438399,0.450401,0.393435,-0.182129,0.330759,0.0,0.046359,0.476743,0.474208,0.256833,-0.222756,0.224418,-0.972622,0.421162,-0.037255,-0.171847,0.039935,0.179161,0.314547,0.23908,0.173446,-0.311744,-0.17115,0.21767,0.198679,0.139816,0.247888,0.149437,0.175873,0.356865,-0.153326,0.314813,-0.144232,0.0,-0.080188,0.114409,0.072343,0.466616,-0.080188,-0.188769,-0.080188,-0.032122,-0.080188,-0.495454,-0.613971,0.369395,-0.240524,0.316694,-0.069691,-0.085251,0.397903,-0.60634,0.397903,-0.405115,0.417525,-0.188769,0.138161,0.249777,-0.324843,0.418147,0.122101,0.24059,0.586021,-0.080188,0.146544,0.378806,-0.198239,0.207085,-0.042702,0.586021,0.026608,0.417525,-0.1655,-0.188769,0.014467,0.238938,0.238672,-0.404808,-0.249138,0.358437,-0.405115,-0.404808,-0.495563,0.066999,-0.492744,0.300537,-0.074928,-0.324502,0.227799,0.120932,-0.1655,-0.080188,-0.324871,-0.249138,-0.499075,0.501041,-0.324502,-0.1655,0.600878,-0.081693,0.308074,0.238672,0.130042,-0.24825,0.227799,-0.411914,-0.292093,-0.32485,0.304727,0.142612,-0.404808,0.16378,-0.404613,-0.324502,-0.247715,0.308074,0.338244,0.401077,0.317831,0.308074,-0.324843,-0.026647,-0.324843,0.417352,0.311043,0.238938,-0.262892,-0.324502,-0.099519,-0.495518,0.983109,-0.163777,0.035691,0.177305,-0.98662,0.426764,-0.059053,-0.404613,-0.06515,0.257109,-0.386726,-0.042242,0.035411,-0.164412,-0.322592,-0.032747,-0.317306,0.169643,0.152811,-0.495927,0.344436,0.257321,-0.176916,0.324433,0.090529,0.380738,-0.15005,0.257109,0.397903,0.008701,0.573969,#
20,0.280176,-0.27142,0.440621,0.298152,-0.218052,-0.332837,-0.332352,0.38886,0.316329,-0.1665,-0.213457,0.413718,0.285005,0.169833,-0.217851,-0.265526,-0.218033,0.269634,0.247112,-0.1655,1.0,-0.263463,0.316329,-0.166278,-0.216474,-0.271694,0.255972,-0.332908,0.11954,0.421455,0.28099,0.263131,-0.111111,-1.4e-05,-0.034235,-0.271731,-0.034308,-0.508018,-1.4e-05,-0.166667,0.107453,0.052252,0.201792,-0.50637,0.0,-0.324391,0.322751,0.118733,-0.610425,-0.494106,-0.934955,0.237449,-0.407753,0.361237,-0.507384,-0.198967,0.143656,-0.64407,0.14988,0.128913,0.267951,-0.067931,-0.159731,-0.638216,0.2177,0.169833,-0.272093,0.239391,0.078121,0.350585,-0.027748,0.260712,0.0,0.311294,-0.271643,0.109503,-0.332631,-0.407076,-0.507115,0.311294,0.363653,-0.407076,0.355571,0.181788,0.290914,0.26645,0.259725,0.325785,0.304158,-0.407076,0.311294,-0.407076,-0.271981,0.3253,-0.507115,-0.271958,0.566074,-0.218088,-0.407232,-0.271774,0.166054,-0.271643,0.311294,-0.272005,-0.407308,0.253592,0.206095,0.348215,-0.271643,-0.332674,0.3253,-0.111111,-0.507115,0.363653,0.2143,-0.217859,-0.271774,0.253592,-0.105421,-0.271981,-0.271774,-0.332704,0.436991,-0.330811,-0.034235,0.318194,-0.217859,-0.90812,0.221905,-0.111111,0.311294,-0.218107,0.253592,-0.207513,-0.332674,0.551056,-0.111111,-0.271774,0.231955,0.253592,0.551056,-0.30876,-0.166667,-0.90812,0.201737,0.31782,-0.218093,0.39898,0.166667,0.447628,-0.986847,-0.271643,0.551056,-0.166307,0.253592,-0.166307,0.29519,0.126535,0.253592,-0.218088,-0.332414,-0.218088,-0.166571,-0.134448,0.2143,-0.144518,-0.217859,-0.39951,-0.332674,-0.166307,0.271539,0.266733,-0.217758,0.2143,0.286515,0.37268,-0.271643,0.324595,0.172614,-0.259635,0.357184,-0.242527,-0.071067,-0.19083,0.27146,0.400494,0.407718,0.173818,-0.332948,0.231243,0.227467,-0.076472,0.217813,0.264666,-0.386896,0.27959,0.172614,-0.407076,0.245656,-0.111111,#
