0,1.0,0.308744,0.325528,-0.590382,-0.407899,0.227507,0.227507,0.227507,-0.172296,0.61192,-0.01587,-0.21457,0.407773,0.61192,0.217972,0.816049,-0.499606,0.023086,0.387022,-0.009427,0.385085,0.008099,0.217945,-0.491649,-0.407192,-0.805337,0.165931,-0.593281,0.620508,0.518464,0.618151,0.299764,0.499726,-0.333151,-0.136064,0.499227,0.731975,-0.237916,-0.402817,-0.246008,0.228518,0.51154,0.001417,-0.09895,0.059,-0.70056,-0.339531,0.084503,-0.080522,0.322868,-0.127969,-0.267057,0.480715,0.027515,0.546809,-0.084716,-0.387783,-0.623668,-0.456521,0.337734,0.829167,0.366069,-0.193266,-0.049362,0.241979,0.29159,-0.323904,0.697665,-0.639412,0.3227,0.424503,-0.033241,-0.491649,-0.508777,-0.175845,0.374313,-0.243356,-0.333151,-0.26065,-0.043306,0.166637,-0.807632,-0.392912,0.44916,-0.218098,-0.19331,-0.574997,-0.544452,-0.252092,-0.023268,-0.386761,-0.23137,-0.175845,0.181053,-0.250663,-0.437607,-0.537938,-0.218098,0.248499,-0.025954,0.009003,-0.19331,-0.590128,0.018508,-0.268979,-0.422274,0.000855,0.108667,-0.333151,-0.038246,0.465614,0.518234,-0.623133,-0.218098,0.410815,0.173911,-0.499726,-0.792248,-0.05721,-0.679282,-0.499471,-0.047593,-0.166446,-0.218098,-0.40684,-0.377438,-0.476155,0.437586,-0.70922,-0.333151,0.375605,-0.26065,-0.050375,-0.035658,-0.429882,-0.499471,-0.333151,0.015112,0.476547,-0.807632,0.018508,0.540477,-0.201943,-0.188555,-0.277906,-0.078119,0.0,0.512179,-0.492959,-0.653962,-0.035539,-0.590391,-0.019619,-0.815645,0.269512,-0.023268,0.481953,0.356609,-0.492959,-0.19331,0.764985,-0.209761,-0.045197,-0.437603,0.269512,-0.0,-0.653962,-0.054765,-0.499726,-0.499726,0.288801,0.219739,-0.653962,0.003942,-0.201723,-0.207959,-0.222485,0.200809,0.406379,-0.402078,0.487585,-0.207465,-0.489851,0.56137,0.492841,0.090035,0.781369,-0.013262,-0.659209,0.5893,-0.35869,-0.350902,0.492841,0.261998,-0.345938,-0.028457,-0.035318,-0.232192,0.149643,0.438015,#
1,0.308744,1.0,-0.146503,-0.377626,-0.275234,-0.153225,-0.153225,-0.153225,-0.31825,0.335374,-0.245058,0.362165,0.443144,0.335374,0.335137,0.294265,-0.641144,-0.244891,0.075174,0.180159,0.29417,-0.263048,0.55229,0.140475,-0.241569,-0.441239,-0.251404,-0.18882,-0.346677,0.180162,0.49895,0.430413,0.180199,0.120133,-0.212152,0.118299,0.509731,-0.120487,-0.258378,0.212597,0.235875,0.653875,-0.148573,-0.359752,0.351041,-0.168097,0.529231,-0.314871,-0.055998,-0.081831,0.388934,-0.145973,0.180153,-0.047403,-0.166399,-0.091283,-0.312763,-0.313846,-0.203078,-0.132158,0.362768,0.153071,-0.315062,-0.143923,0.519797,-0.246728,-0.303329,-0.292175,-0.233966,-0.236728,-0.001216,-0.142513,0.177287,-0.161296,-0.30471,-0.094339,-0.493531,0.120133,-0.280494,0.466044,-0.178588,-0.267753,0.320538,-0.175727,0.207849,-0.466548,-0.310721,-0.106851,-0.34177,0.266696,-0.359807,-0.35339,-0.330729,-0.213055,-0.206492,-0.314685,-0.247129,0.179761,-0.063643,0.240857,-0.152775,-0.466548,-0.363335,0.180199,-0.259078,-0.274467,-0.269239,0.351865,0.163038,-0.135945,0.442821,0.180199,-0.205587,0.179761,-0.206603,-0.361928,0.212378,-0.214262,-0.146757,-0.241646,0.148864,0.236588,-0.363335,0.179761,-0.179976,-0.098067,0.440803,0.950509,-0.213926,0.120133,0.384876,0.333275,-0.288792,-0.196021,-0.242493,-0.632214,0.077228,0.241717,-0.294079,-0.267753,0.180199,0.375867,0.235936,-0.120487,-0.201725,0.660972,0.0,0.030028,-0.155662,-0.466548,-0.293837,-0.260827,0.292883,0.295598,-0.11295,0.239727,0.352674,-0.06594,-0.155662,-0.466548,0.456448,-0.523754,0.179276,-0.081226,-0.11295,0.18826,-0.437945,0.263856,0.212378,-0.688619,-0.062152,0.396894,-0.466548,-0.314685,-0.281961,-0.246501,-0.36042,0.523963,-0.244978,-0.413068,0.341675,-0.289986,-0.592566,0.326866,-0.145698,-0.360737,0.410873,-0.161957,-0.18308,0.361128,-0.091285,0.339278,-0.145698,0.57053,0.344531,0.179276,-0.130996,-0.189669,0.45993,0.316834,#
2,0.325528,-0.146503,1.0,0.352403,-0.291527,-0.267755,-0.267755,-0.267755,0.275303,0.325975,-0.312397,-0.32741,-0.303399,0.325975,0.299831,0.251312,-0.66223,0.415563,-0.253528,0.170155,0.249723,0.365673,-0.236654,0.197759,0.441792,0.270019,0.587684,-0.307922,0.299829,0.107334,0.50039,0.510323,0.1696,0.092128,-0.296489,0.200807,-0.236079,-0.135357,0.365437,-0.514599,0.154223,-0.171718,-0.135153,0.626039,0.407468,-0.137187,-0.337603,0.886217,-0.091982,-0.150648,-0.572643,-0.26388,0.139438,-0.458844,-0.123641,-0.373428,0.415267,-0.362965,-0.146769,0.991106,0.413661,-0.006964,-0.379785,-0.272759,-0.2296,-0.294043,-0.287735,0.490969,-0.399294,0.957183,-0.152963,0.647389,0.161829,-0.222698,-0.35864,-0.02341,0.206399,0.092129,-0.410659,-0.330172,0.477106,-0.263657,-0.415433,0.645729,-0.504429,0.180845,0.326099,-0.237288,0.3306,-0.40947,0.251548,0.30566,0.327037,0.476376,0.477106,0.393371,-0.265929,0.235766,-0.174408,0.302089,-0.246893,0.180845,0.351776,0.138193,0.50733,-0.270818,0.415064,0.390265,-0.996662,-0.229679,0.473096,0.1696,-0.219831,0.235766,0.917492,0.326761,-0.6784,-0.289762,0.645131,-0.281286,0.168617,0.256643,0.351776,0.235766,-0.172083,-0.166193,-0.303874,-0.131009,-0.229422,0.092129,0.392729,0.329705,0.393371,-0.311478,-0.263657,0.138122,0.134005,0.276956,0.637478,-0.263657,0.1696,0.387571,0.208351,-0.177237,-0.265168,-0.192215,0.0,0.00451,-0.162656,0.208762,-0.009716,-0.251996,0.229048,-0.399705,-0.183418,0.301253,0.373426,-0.147557,-0.162656,0.208762,0.44167,0.208762,0.109078,-0.216696,-0.140091,0.190327,-0.545016,0.279971,-0.6784,0.1696,-0.099418,-0.339045,0.208762,0.366611,-0.339938,0.529183,-0.340008,-0.209309,0.392743,0.27754,0.28435,-0.401899,-0.701938,0.352448,-0.185468,0.580776,0.369026,-0.169599,-0.170767,-0.332674,-0.087191,-0.334541,-0.185468,0.567756,-0.609603,0.171571,-0.172858,-0.279249,0.53318,-0.384591,#
3,-0.590382,-0.377626,0.352403,1.0,0.380885,-0.679467,-0.679467,-0.679467,0.184173,-0.603241,-0.035355,-0.212505,-0.822487,-0.603241,-0.20026,-0.816216,0.002078,-0.026904,-0.536291,-0.016857,-0.40628,-0.011169,-0.667815,0.498507,0.383138,0.797674,0.247763,0.146288,-0.225421,-0.499725,-0.263221,0.085406,-0.499828,0.323121,0.163074,-0.009079,-0.708586,0.24317,0.408764,0.197721,-0.21889,-0.476379,-0.482457,0.38247,0.387921,0.852411,-0.160639,0.6514,0.247308,-0.391631,-0.653551,0.133869,-0.499698,-0.538357,-0.492656,-0.387328,0.82117,0.567323,0.477206,0.284455,-0.3996,-0.415585,0.206974,-0.486388,-0.210893,-0.334415,0.365174,-0.259156,0.468117,0.246696,-0.318801,0.017786,0.476848,0.527689,0.188128,-0.313281,0.229819,0.323121,-0.188104,-0.379093,-0.186201,0.807622,-0.012367,0.060896,0.221448,0.196715,0.580789,0.031324,0.233793,0.026447,0.383706,0.63885,0.586155,-0.183842,0.257088,0.863383,0.557728,0.651123,-0.26212,0.422007,-0.041997,0.196715,0.99871,-0.007573,0.708482,0.413869,0.406346,0.20938,-0.333219,0.046079,-0.003521,-0.499828,0.639475,0.651123,0.264834,0.243115,-0.007573,0.382742,0.046155,0.677478,0.502817,0.472781,0.596268,0.651123,0.429735,0.378631,0.031725,-0.398289,0.587641,0.323121,0.043657,0.242228,0.452035,-0.401929,0.406346,0.484434,0.348365,0.405016,0.090202,0.807622,-0.007573,-0.267073,0.204922,0.24317,0.268008,-0.05357,0.0,-0.512374,0.511808,0.634275,0.259328,0.593429,0.022477,0.398504,-0.257991,0.439013,-0.024721,-0.734309,0.511808,0.196715,-0.460721,0.651104,0.036987,0.461977,-0.257991,0.011647,0.196715,0.044211,-0.007573,0.503615,-0.280358,-0.159844,0.634275,0.443969,-0.185307,0.673737,0.23513,-0.173003,-0.403883,0.806758,-0.478513,-0.190581,-0.02483,-0.176632,-0.478196,0.493658,-0.382213,0.021923,0.66108,-0.595257,0.359879,0.08713,-0.478196,0.207838,-0.158026,0.036987,0.024339,0.239025,0.299582,-0.811903,#
4,-0.407899,-0.275234,-0.291527,0.380885,1.0,-0.077003,-0.077003,-0.077003,-0.020219,-0.416598,0.158481,-0.390089,-0.223701,-0.416598,-0.410252,-0.574152,0.426622,-0.28104,-0.390439,-0.61116,-0.997923,-0.248843,-0.052677,0.397745,-0.273232,0.199743,0.173635,0.341112,-0.041549,-0.082433,-0.574989,-0.467466,-0.091894,-0.407531,0.331711,-0.150875,-0.10948,-0.359937,0.177771,0.544555,-0.340788,-0.397517,0.169484,-0.032488,-0.31733,0.475063,-0.023706,-0.131069,0.355913,0.384833,-0.256804,0.425671,-0.611137,0.115823,0.080748,0.017276,0.546473,0.403644,0.149724,-0.354147,-0.265603,-0.401559,0.001159,-0.210984,-0.046971,0.366827,0.980525,-0.247268,0.434051,-0.338915,-0.265107,-0.455227,-0.173596,0.658408,0.403197,0.404015,-0.363842,-0.407531,-0.364656,-0.145325,-0.468449,0.56657,0.290339,-0.350281,0.088931,0.080993,0.398868,0.203281,0.031097,-0.142316,0.252307,0.008509,0.387044,-0.501304,-0.03536,0.16463,0.726989,0.071493,-0.140567,-0.171113,0.073466,0.080993,0.366203,-0.091894,-0.086995,0.150375,0.157924,-0.369245,0.311641,0.192187,-0.293487,-0.091894,0.793328,0.071493,-0.02351,-0.050087,-0.071917,0.599778,-0.343466,0.380066,-0.126076,-0.13356,0.79084,0.071493,0.552481,0.480384,-0.18619,-0.321339,0.308043,-0.407531,-0.208977,-0.381507,-0.237253,-0.623312,0.174528,-0.126076,0.258369,0.241405,-0.301717,0.56657,0.427508,-0.815532,0.106368,0.33266,-0.025249,-0.434546,0.0,0.038002,0.638945,0.080993,0.470114,0.291221,-0.112654,0.26884,-0.184031,-0.159059,-0.308363,-0.264093,0.638945,0.542684,-0.499564,0.045479,-0.608163,0.603436,0.532496,-0.102495,0.098751,-0.125997,-0.071917,0.387554,0.419971,-0.360594,0.080993,0.16463,0.422957,0.350558,0.437681,0.364975,-0.271936,0.219242,-0.269572,0.434995,0.427973,-0.011853,0.087046,0.091663,-0.696642,0.125168,0.353123,-0.405778,0.45746,0.336448,0.087046,-0.219918,0.046229,0.425317,-0.442335,0.410135,-0.505134,-0.121313,#
5,0.227507,-0.153225,-0.267755,-0.679467,-0.077003,1.0,1.0,1.0,0.18778,0.649538,-0.054486,0.228793,0.816541,0.649538,0.20424,0.543813,0.33211,0.33179,0.655495,-0.2046,0.087571,0.336737,0.540081,-0.147855,-0.11285,-0.325047,0.005352,0.12483,0.234966,0.332948,-0.367991,-0.180695,0.333016,-0.508658,-0.358917,-0.192872,0.156773,-0.124337,-0.13653,-0.475646,-0.048766,0.209068,0.75787,-0.01457,-0.490082,-0.626565,-0.067234,-0.423887,-0.086553,0.546775,0.337873,0.050948,0.33293,0.718677,0.750249,0.694224,-0.577347,-0.63315,-0.284112,-0.22901,0.348539,0.279012,-0.234625,0.782725,-0.409761,0.685617,-0.032373,0.488227,-0.535919,-0.051609,0.345751,0.154662,-0.750655,-0.38734,-0.219563,0.459775,-0.088703,-0.508658,0.201998,-0.103912,-0.013869,-0.567012,-0.33386,-0.412975,-0.502252,-0.069008,-0.263067,0.158874,0.161644,-0.358206,-0.379967,-0.72369,-0.679709,0.466836,-0.032147,-0.622848,-0.31438,-0.998984,-0.286193,-0.817012,0.243197,-0.069008,-0.711085,-0.214985,-0.522964,-0.120342,-0.567986,-0.263865,0.250114,-0.378439,-0.599697,0.333016,-0.45689,-0.998984,-0.120254,-0.278056,-0.193908,-0.111534,0.128332,-0.532676,-0.250989,-0.869978,-0.263067,-0.998984,-0.257561,-0.299756,-0.121018,-0.08803,-0.376758,-0.508658,-0.575314,-0.278056,-0.605888,0.342836,-0.550467,-0.250989,0.193908,-0.798511,-0.368353,-0.567012,-0.214985,-0.203259,-0.520649,-0.124337,-0.484834,-0.247276,0.0,0.533331,-0.376647,-0.55612,-0.41101,-0.337138,-0.388147,-0.362524,0.42742,-0.83516,-0.110185,0.943353,-0.376647,-0.069008,-0.088919,-0.55612,-0.263446,-0.41321,0.42742,0.285795,-0.050273,0.084166,-0.193908,0.290862,0.434802,-0.262747,-0.55612,-0.155937,0.630931,-0.499112,0.185206,0.010499,0.780143,-0.833486,0.576833,0.648889,0.306772,-0.253555,0.747791,-0.171061,-0.130535,0.176522,-0.421404,0.216828,-0.287287,-0.044855,0.747791,-0.489517,-0.19079,-0.263446,0.169488,-0.460839,-0.517036,0.556742,#
6,0.227507,-0.153225,-0.267755,-0.679467,-0.077003,1.0,1.0,1.0,0.18778,0.649538,-0.054486,0.228793,0.816541,0.649538,0.20424,0.543813,0.33211,0.33179,0.655495,-0.2046,0.087571,0.336737,0.540081,-0.147855,-0.11285,-0.325047,0.005352,0.12483,0.234966,0.332948,-0.367991,-0.180695,0.333016,-0.508658,-0.358917,-0.192872,0.156773,-0.124337,-0.13653,-0.475646,-0.048766,0.209068,0.75787,-0.01457,-0.490082,-0.626565,-0.067234,-0.423887,-0.086553,0.546775,0.337873,0.050948,0.33293,0.718677,0.750249,0.694224,-0.577347,-0.63315,-0.284112,-0.22901,0.348539,0.279012,-0.234625,0.782725,-0.409761,0.685617,-0.032373,0.488227,-0.535919,-0.051609,0.345751,0.154662,-0.750655,-0.38734,-0.219563,0.459775,-0.088703,-0.508658,0.201998,-0.103912,-0.013869,-0.567012,-0.33386,-0.412975,-0.502252,-0.069008,-0.263067,0.158874,0.161644,-0.358206,-0.379967,-0.72369,-0.679709,0.466836,-0.032147,-0.622848,-0.31438,-0.998984,-0.286193,-0.817012,0.243197,-0.069008,-0.711085,-0.214985,-0.522964,-0.120342,-0.567986,-0.263865,0.250114,-0.378439,-0.599697,0.333016,-0.45689,-0.998984,-0.120254,-0.278056,-0.193908,-0.111534,0.128332,-0.532676,-0.250989,-0.869978,-0.263067,-0.998984,-0.257561,-0.299756,-0.121018,-0.08803,-0.376758,-0.508658,-0.575314,-0.278056,-0.605888,0.342836,-0.550467,-0.250989,0.193908,-0.798511,-0.368353,-0.567012,-0.214985,-0.203259,-0.520649,-0.124337,-0.484834,-0.247276,0.0,0.533331,-0.376647,-0.55612,-0.41101,-0.337138,-0.388147,-0.362524,0.42742,-0.83516,-0.110185,0.943353,-0.376647,-0.069008,-0.088919,-0.55612,-0.263446,-0.41321,0.42742,0.285795,-0.050273,0.084166,-0.193908,0.290862,0.434802,-0.262747,-0.55612,-0.155937,0.630931,-0.499112,0.185206,0.010499,0.780143,-0.833486,0.576833,0.648889,0.306772,-0.253555,0.747791,-0.171061,-0.130535,0.176522,-0.421404,0.216828,-0.287287,-0.044855,0.747791,-0.489517,-0.19079,-0.263446,0.169488,-0.460839,-0.517036,0.556742,#
7,0.227507,-0.153225,-0.267755,-0.679467,-0.077003,1.0,1.0,1.0,0.18778,0.649538,-0.054486,0.228793,0.816541,0.649538,0.20424,0.543813,0.33211,0.33179,0.655495,-0.2046,0.087571,0.336737,0.540081,-0.147855,-0.11285,-0.325047,0.005352,0.12483,0.234966,0.332948,-0.367991,-0.180695,0.333016,-0.508658,-0.358917,-0.192872,0.156773,-0.124337,-0.13653,-0.475646,-0.048766,0.209068,0.75787,-0.01457,-0.490082,-0.626565,-0.067234,-0.423887,-0.086553,0.546775,0.337873,0.050948,0.33293,0.718677,0.750249,0.694224,-0.577347,-0.63315,-0.284112,-0.22901,0.348539,0.279012,-0.234625,0.782725,-0.409761,0.685617,-0.032373,0.488227,-0.535919,-0.051609,0.345751,0.154662,-0.750655,-0.38734,-0.219563,0.459775,-0.088703,-0.508658,0.201998,-0.103912,-0.013869,-0.567012,-0.33386,-0.412975,-0.502252,-0.069008,-0.263067,0.158874,0.161644,-0.358206,-0.379967,-0.72369,-0.679709,0.466836,-0.032147,-0.622848,-0.31438,-0.998984,-0.286193,-0.817012,0.243197,-0.069008,-0.711085,-0.214985,-0.522964,-0.120342,-0.567986,-0.263865,0.250114,-0.378439,-0.599697,0.333016,-0.45689,-0.998984,-0.120254,-0.278056,-0.193908,-0.111534,0.128332,-0.532676,-0.250989,-0.869978,-0.263067,-0.998984,-0.257561,-0.299756,-0.121018,-0.08803,-0.376758,-0.508658,-0.575314,-0.278056,-0.605888,0.342836,-0.550467,-0.250989,0.193908,-0.798511,-0.368353,-0.567012,-0.214985,-0.203259,-0.520649,-0.124337,-0.484834,-0.247276,0.0,0.533331,-0.376647,-0.55612,-0.41101,-0.337138,-0.388147,-0.362524,0.42742,-0.83516,-0.110185,0.943353,-0.376647,-0.069008,-0.088919,-0.55612,-0.263446,-0.41321,0.42742,0.285795,-0.050273,0.084166,-0.193908,0.290862,0.434802,-0.262747,-0.55612,-0.155937,0.630931,-0.499112,0.185206,0.010499,0.780143,-0.833486,0.576833,0.648889,0.306772,-0.253555,0.747791,-0.171061,-0.130535,0.176522,-0.421404,0.216828,-0.287287,-0.044855,0.747791,-0.489517,-0.19079,-0.263446,0.169488,-0.460839,-0.517036,0.556742,#
8,-0.172296,-0.31825,0.275303,0.184173,-0.020219,0.18778,0.18778,0.18778,1.0,0.197191,-0.415556,-0.21794,-0.012133,0.197191,0.618809,0.012753,-0.002143,0.381022,0.183463,-0.001768,0.028998,0.801937,-0.230954,0.066649,-0.028064,0.477025,0.435495,0.720125,0.215873,0.51533,-0.185885,-0.338562,0.00781,0.343624,0.2712,-0.499318,-0.611299,-0.302833,0.804839,-0.653313,0.674689,-0.018183,0.010913,0.880489,0.04518,0.026362,0.01828,0.389135,0.451431,-0.358045,-0.115996,0.344293,-0.002549,-0.244337,0.012051,0.440397,0.396721,-0.205531,-0.0973,0.339013,0.011397,0.326243,0.180465,0.321836,-0.20502,-0.010922,0.021496,0.120339,-0.322931,0.240741,0.144476,0.42325,0.088985,0.442289,0.194529,-0.331795,0.240398,0.343624,0.178423,0.007014,0.226873,-0.03498,0.012753,-0.002937,-0.211321,0.658131,0.584915,0.477085,0.152699,-0.389087,0.405922,0.1647,0.194529,0.669067,0.650143,0.360056,0.296734,-0.211321,-0.346051,-0.395689,0.496906,0.658131,0.169906,0.515436,0.170046,-0.02366,0.003786,0.048521,-0.333211,-0.017259,-0.214218,0.00781,0.191049,-0.211321,0.14426,0.178423,0.00781,0.386941,0.495549,0.109562,0.496217,-0.035701,0.169906,-0.211321,0.033697,0.265237,-0.032716,-0.262766,-0.226746,0.343624,-0.004758,0.178423,-0.032716,-0.066453,-0.418134,0.496217,0.317592,0.012753,-0.002248,-0.03498,0.00781,-0.400476,0.231772,0.374063,-0.249726,-0.504048,0.0,-0.563412,-0.006667,0.206907,0.193905,-0.141607,0.407288,-0.014183,0.306449,-0.389087,0.394362,-0.017565,-0.006667,0.206907,-0.040587,0.206907,0.512794,0.210274,-0.393834,-0.043953,0.206907,0.008536,0.00781,0.476388,-0.435415,-0.262276,0.206907,0.792567,0.148956,0.218787,-0.217768,-0.268727,0.372585,-0.014183,0.319387,0.575729,-0.061506,-0.632722,-0.059378,0.384318,-0.020309,0.007611,-0.214775,-0.623282,-0.331133,-0.522231,-0.059378,0.119501,-0.203894,-0.038142,-0.023792,0.18409,-0.239222,0.025371,#
9,0.61192,0.335374,0.325975,-0.603241,-0.416598,0.649538,0.649538,0.649538,0.197191,1.0,-0.390481,0.178742,0.800596,1.0,0.590606,0.828956,-0.49976,0.415744,0.495675,0.013377,0.409446,0.410157,0.637786,0.062328,0.009486,-0.381343,0.259985,-0.179717,0.237576,0.507525,0.271636,0.406711,0.50763,-0.333253,-0.613139,0.024001,0.281584,-0.271173,-0.022332,-0.653395,0.218931,0.472031,0.497585,0.205146,0.035489,-0.751383,0.006961,0.022716,-0.139392,0.349606,0.135947,-0.191259,0.507498,0.304271,0.527354,0.348915,-0.427683,-0.998177,-0.463764,0.364631,0.81357,0.371302,-0.609201,0.443321,-0.215282,0.305406,-0.383055,0.614964,-0.903736,0.436086,0.238103,0.463539,-0.4918,-0.564241,-0.591929,0.34852,-0.240253,-0.333253,-0.240169,-0.050096,0.17879,-0.84313,-0.404986,-0.057499,-0.654496,-0.206382,-0.213138,-0.076554,0.159442,-0.439346,-0.398995,-0.645343,-0.591929,0.617279,0.161988,-0.471125,-0.58992,-0.654496,-0.417841,-0.422156,0.006409,-0.206382,-0.624982,0.003875,-0.2855,-0.440245,-0.409219,0.226911,-0.333253,-0.562975,0.010809,0.50763,-0.67387,-0.654496,0.371753,-0.240169,-0.49988,-0.424428,0.436852,-0.790404,-0.029325,-0.473493,-0.213138,-0.654496,-0.454917,-0.422142,-0.065758,0.385281,-0.633638,-0.333253,-0.037776,0.145736,-0.455534,-0.013865,-0.827921,-0.499625,0.312586,-0.404986,-0.085189,-0.84313,0.003875,0.275822,-0.214783,-0.271173,-0.726813,0.016052,0.0,0.488878,-0.548023,-0.654164,-0.526432,-0.626601,-0.0293,-0.4373,0.229271,-0.439346,0.382059,0.71515,-0.548023,-0.206382,0.472669,-0.654164,-0.041706,-0.552652,0.229271,0.479032,-0.654164,0.40503,-0.49988,-0.0155,0.289853,-0.214269,-0.654164,-0.041912,0.182109,-0.256207,-0.255605,0.182259,0.828708,-0.815896,0.91742,0.187292,-0.523009,0.162722,0.493727,0.040498,0.370885,-0.046759,-0.613851,0.193621,-0.403117,-0.090631,0.493727,0.260345,-0.375169,-0.041706,-0.020886,-0.690424,0.136291,0.446908,#
10,-0.01587,-0.245058,-0.312397,-0.035355,0.158481,-0.054486,-0.054486,-0.054486,-0.415556,-0.390481,1.0,-0.364391,-0.200213,-0.390481,-0.400054,-0.155582,0.419915,-0.680697,-0.196037,-0.611206,-0.155532,-0.692519,-0.030498,-0.176388,-0.248803,-0.242548,-0.426454,-0.125875,0.372975,-0.104636,-0.157298,-0.070382,-0.611342,-0.407561,0.299114,0.382302,0.321795,0.333066,-0.265712,0.53587,-0.362054,-0.391699,0.093317,-0.563257,0.109673,0.023286,-0.470799,-0.32803,0.085722,0.410986,0.002033,0.399054,-0.105779,-0.2315,0.083815,0.098536,-0.282494,0.393127,0.113094,-0.322981,-0.257924,0.273856,0.392392,-0.408906,0.352843,0.009144,0.121543,-0.00243,0.150225,-0.36039,-0.263781,-0.387354,-0.176388,0.068444,-0.024609,0.403394,0.056571,-0.407561,-0.007442,0.163063,-0.135269,0.163692,-0.139375,0.024343,0.083162,-0.383449,-0.416682,0.086348,-0.009985,0.236595,-0.182883,0.358955,-0.040658,-0.599052,-0.135269,0.121012,-0.183686,0.065837,0.347276,-0.176494,0.096554,-0.383449,-0.027226,-0.611342,-0.133676,-0.253488,-0.281742,0.186212,0.306994,0.560329,-0.276018,-0.095274,-0.096331,0.065837,-0.173566,-0.420453,-0.075425,-0.232249,-0.457717,0.379969,-0.61103,0.204915,-0.027226,0.065837,-0.476541,-0.303053,-0.227556,-0.316854,-0.130192,-0.407561,-0.289872,-0.419523,0.121012,0.223433,0.163692,-0.129235,-0.407561,-0.187995,0.118823,0.163692,-0.095274,0.122468,-0.349974,0.333066,0.771672,0.076174,0.0,0.296365,0.080203,0.075278,0.373296,0.268553,-0.191321,-0.127215,-0.338622,0.219959,-0.531876,-0.079364,0.080203,0.075278,-0.286407,0.039992,-0.141461,0.253854,0.373306,-0.119763,0.092922,-0.196195,-0.075425,-0.115123,0.420293,0.371809,0.075278,-0.318691,0.010924,-0.136587,0.394407,0.367973,-0.26316,0.211355,-0.554636,0.011234,0.420261,0.006294,0.090954,0.227747,-0.264186,-0.434192,0.298945,0.401713,-0.287258,0.315633,0.090954,-0.533171,0.447283,-0.048111,0.048375,0.318374,-0.128181,-0.204362,#
11,-0.21457,0.362165,-0.32741,-0.212505,-0.390089,0.228793,0.228793,0.228793,-0.21794,0.178742,-0.364391,1.0,0.408962,0.178742,0.172311,0.0,0.009042,0.402993,0.471044,0.499593,0.399879,-0.007476,0.219225,0.058045,0.407756,0.053193,-0.536811,-0.154106,-0.589617,-0.499601,-0.15469,0.242985,0.0,0.333136,-0.584511,0.019968,-0.143505,0.427478,-0.417673,-0.177484,-0.212139,0.492229,-0.019867,-0.234179,0.042789,0.051051,0.341066,-0.279496,-0.189664,-0.295039,0.403575,-0.237408,0.010195,0.515595,-0.038337,0.227402,-0.418169,-0.155311,-0.029838,-0.33672,-0.037982,-0.312822,-0.177773,0.583963,-0.208619,0.022136,-0.372921,-0.229034,0.069462,-0.162821,0.333784,0.05007,0.080032,-0.46962,-0.175262,-0.398243,0.21773,0.333136,0.262107,0.028163,-0.216666,0.000887,0.015693,-0.505885,0.234865,-0.209752,-0.219106,0.015566,-0.205225,0.411651,-0.402061,-0.578399,-0.594853,0.214726,-0.233332,-0.405747,-0.125104,-0.218089,-0.296789,-0.011488,0.030665,-0.209752,-0.219106,0.0,-0.218973,0.408487,-0.415336,0.060899,0.358762,-0.467763,-0.232319,0.0,-0.220421,-0.218089,-0.508195,-0.175638,0.518924,0.000887,-0.019055,-0.21393,0.480789,-0.380727,-0.627639,-0.218089,0.061806,-0.301603,0.438498,0.412068,0.283281,0.333136,-0.398141,0.207163,-0.390281,0.497231,0.015974,0.01427,0.30751,-0.408007,-0.564211,0.000887,-0.499704,0.117679,-0.218089,-0.238854,-0.184615,0.587366,0.0,-0.016556,-0.027345,-0.209752,-0.869307,0.309004,-0.388436,0.402945,0.34615,-0.023267,-0.124523,0.363105,-0.027345,-0.653934,-0.244423,-0.209752,0.045195,-0.291084,-0.343204,0.50436,0.251513,0.022543,0.518924,-0.019219,-0.290444,0.23452,-0.209752,-0.405747,0.242657,-0.265857,0.176539,-0.185965,0.025935,-0.402061,0.098389,-0.166376,0.037679,-0.177928,0.051112,-0.443947,0.040799,0.473749,0.255735,0.226195,0.28573,0.350887,0.051112,-0.126209,-0.029144,-0.497143,0.552057,-0.604693,0.199999,0.001921,#
12,0.407773,0.443144,-0.303399,-0.822487,-0.223701,0.816541,0.816541,0.816541,-0.012133,0.800596,-0.200213,0.408962,1.0,0.800596,0.386156,0.666256,-0.092746,0.161668,0.65095,-0.092356,0.241604,0.156024,0.802042,-0.04111,-0.249692,-0.556767,-0.119535,-0.017873,0.028884,0.407913,-0.045609,0.110641,0.407997,-0.407997,-0.462713,-0.081518,0.440222,-0.178489,-0.281784,-0.314463,0.082995,0.586305,0.588909,-0.211102,-0.219544,-0.659093,0.220386,-0.538222,-0.096161,0.460696,0.490244,-0.041358,0.407891,0.615815,0.60963,0.56978,-0.692334,-0.775901,-0.372897,-0.264115,0.564407,0.341208,-0.401684,0.614126,-0.082037,0.5009,-0.193434,0.306066,-0.644707,-0.1606,0.33103,0.049088,-0.602104,-0.447265,-0.382767,0.379154,-0.381686,-0.407997,-0.007354,0.142045,-0.140481,-0.672608,-0.150548,-0.47795,-0.339007,-0.347553,-0.427459,0.05424,-0.04971,-0.173532,-0.576823,-0.864216,-0.811,0.303172,-0.157491,-0.735173,-0.426196,-0.80129,-0.3223,-0.600271,0.140455,-0.347553,-0.844406,-0.101999,-0.610852,-0.260563,-0.673514,-0.017062,0.298152,-0.442268,-0.284525,0.407997,-0.536236,-0.80129,-0.199575,-0.454115,-0.082384,-0.248718,0.022193,-0.62905,-0.135556,-0.650852,-0.427459,-0.80129,-0.335514,-0.331013,0.126459,0.482805,-0.47305,-0.407997,-0.29639,-0.063429,-0.719389,0.170597,-0.65721,-0.611683,0.245844,-0.582974,-0.501312,-0.672608,-0.101999,0.036031,-0.356129,-0.178489,-0.575167,0.156995,0.0,0.513943,-0.43425,-0.800883,-0.549903,-0.454816,-0.201822,-0.177304,0.337644,-0.617408,0.132714,0.816655,-0.43425,-0.347553,0.187092,-0.800883,-0.147602,-0.425813,0.337644,0.387922,-0.330117,0.237809,-0.082384,-0.121614,0.373953,-0.007331,-0.800883,-0.300643,0.407254,-0.582042,-0.022982,0.327032,0.579904,-0.998889,0.739915,0.418846,-0.08911,-0.030299,0.61902,-0.334647,0.130955,0.077136,-0.487805,0.413063,-0.315717,0.154265,0.61902,-0.094054,-0.006208,-0.147602,0.088783,-0.546058,-0.183506,0.677442,#
13,0.61192,0.335374,0.325975,-0.603241,-0.416598,0.649538,0.649538,0.649538,0.197191,1.0,-0.390481,0.178742,0.800596,1.0,0.590606,0.828956,-0.49976,0.415744,0.495675,0.013377,0.409446,0.410157,0.637786,0.062328,0.009486,-0.381343,0.259985,-0.179717,0.237576,0.507525,0.271636,0.406711,0.50763,-0.333253,-0.613139,0.024001,0.281584,-0.271173,-0.022332,-0.653395,0.218931,0.472031,0.497585,0.205146,0.035489,-0.751383,0.006961,0.022716,-0.139392,0.349606,0.135947,-0.191259,0.507498,0.304271,0.527354,0.348915,-0.427683,-0.998177,-0.463764,0.364631,0.81357,0.371302,-0.609201,0.443321,-0.215282,0.305406,-0.383055,0.614964,-0.903736,0.436086,0.238103,0.463539,-0.4918,-0.564241,-0.591929,0.34852,-0.240253,-0.333253,-0.240169,-0.050096,0.17879,-0.84313,-0.404986,-0.057499,-0.654496,-0.206382,-0.213138,-0.076554,0.159442,-0.439346,-0.398995,-0.645343,-0.591929,0.617279,0.161988,-0.471125,-0.58992,-0.654496,-0.417841,-0.422156,0.006409,-0.206382,-0.624982,0.003875,-0.2855,-0.440245,-0.409219,0.226911,-0.333253,-0.562975,0.010809,0.50763,-0.67387,-0.654496,0.371753,-0.240169,-0.49988,-0.424428,0.436852,-0.790404,-0.029325,-0.473493,-0.213138,-0.654496,-0.454917,-0.422142,-0.065758,0.385281,-0.633638,-0.333253,-0.037776,0.145736,-0.455534,-0.013865,-0.827921,-0.499625,0.312586,-0.404986,-0.085189,-0.84313,0.003875,0.275822,-0.214783,-0.271173,-0.726813,0.016052,0.0,0.488878,-0.548023,-0.654164,-0.526432,-0.626601,-0.0293,-0.4373,0.229271,-0.439346,0.382059,0.71515,-0.548023,-0.206382,0.472669,-0.654164,-0.041706,-0.552652,0.229271,0.479032,-0.654164,0.40503,-0.49988,-0.0155,0.289853,-0.214269,-0.654164,-0.041912,0.182109,-0.256207,-0.255605,0.182259,0.828708,-0.815896,0.91742,0.187292,-0.523009,0.162722,0.493727,0.040498,0.370885,-0.046759,-0.613851,0.193621,-0.403117,-0.090631,0.493727,0.260345,-0.375169,-0.041706,-0.020886,-0.690424,0.136291,0.446908,#
14,0.217972,0.335137,0.299831,-0.20026,-0.410252,0.20424,0.20424,0.20424,0.618809,0.590606,-0.400054,0.172311,0.386156,0.590606,1.0,0.411287,-0.499697,0.396435,0.361633,-0.001768,0.419592,0.406411,0.194797,0.066649,0.002574,0.066622,-0.041185,0.293174,0.231231,0.51533,0.250623,0.136126,0.00781,0.343624,-0.149918,0.007802,-0.175354,-0.276798,0.411974,-0.653313,0.674689,0.471661,-0.007774,0.564919,0.456806,-0.279757,0.01828,0.224061,0.477328,-0.332816,0.133989,0.370281,-0.002549,-0.211354,0.03042,0.564025,0.003389,-0.586258,-0.589863,0.364388,0.412078,0.350839,-0.197077,0.341121,0.218155,-0.13139,-0.376578,0.137912,-0.63424,0.267419,0.236616,0.442517,0.088985,-0.031433,-0.178216,-0.307541,0.215378,0.343624,-0.210448,0.376165,0.201975,-0.418134,0.012753,-0.031173,-0.211321,0.248366,0.208037,0.448848,-0.241094,-0.025454,0.024416,-0.21948,-0.178216,0.643937,0.625245,-0.032716,-0.121965,-0.211321,-0.38318,-0.395689,0.5159,0.248366,-0.206973,0.515436,-0.250126,-0.410413,-0.379368,0.53373,-0.333211,-0.045277,0.037922,0.495912,-0.21738,-0.211321,0.107904,-0.210448,0.00781,0.003786,0.467082,-0.316068,0.496217,-0.035701,-0.206973,-0.211321,-0.443155,-0.363813,-0.032716,0.384822,-0.64405,0.343624,-0.004758,0.178423,-0.425488,0.045496,-0.801288,0.022302,0.317592,0.012753,-0.088697,-0.418134,0.00781,0.059313,0.231772,0.400097,-0.274403,-0.008088,0.0,-0.283108,-0.034445,-0.202858,-0.248681,-0.16668,0.407288,-0.014183,0.26904,-0.025454,0.394362,0.1776,-0.034445,-0.202858,0.257848,-0.202858,0.512794,0.128136,-0.431242,0.467126,-0.202858,0.008536,0.00781,-0.011715,-0.391769,0.166981,-0.202858,0.399796,0.175292,0.194412,-0.263517,0.178406,0.400029,-0.395689,0.487841,0.196532,-0.523465,-0.233276,-0.026094,0.35368,0.394148,-0.02037,-0.18678,-0.212958,-0.368156,-0.100397,-0.026094,0.30093,-0.171713,-0.038142,0.008889,-0.228994,0.15915,0.025371,#
15,0.816049,0.294265,0.251312,-0.816216,-0.574152,0.543813,0.543813,0.543813,0.012753,0.828956,-0.155582,0.0,0.666256,0.828956,0.411287,1.0,-0.40815,0.273951,0.415129,0.111666,0.574979,0.258038,0.534146,-0.40165,-0.150548,-0.657915,0.119608,-0.316184,0.436746,0.612246,0.572215,0.213784,0.612372,-0.272165,-0.32654,0.122352,0.579752,-0.337515,-0.17744,-0.533623,0.350238,0.397414,0.406374,0.010152,-0.141156,-0.963906,-0.04815,-0.120809,-0.286994,0.305967,0.31363,-0.282575,0.612213,0.255179,0.445574,0.188339,-0.588372,-0.815204,-0.578355,0.318357,0.676464,0.45773,-0.421034,0.334705,0.081407,0.172129,-0.551446,0.580569,-0.748587,0.329121,0.250464,0.374665,-0.40165,-0.658425,-0.403457,0.30429,-0.1151,-0.272166,-0.047831,0.188149,0.478972,-0.999111,-0.25,0.330638,-0.534522,-0.080642,-0.398661,-0.171223,-0.038749,-0.285133,-0.24401,-0.458364,-0.403457,0.493944,0.036444,-0.632872,-0.731298,-0.534522,0.155277,-0.267473,-0.079436,-0.080642,-0.815865,0.102062,-0.413449,-0.594632,-0.174373,0.031705,-0.272166,-0.181613,0.2847,0.612372,-0.793739,-0.534522,0.288875,-0.047831,-0.408248,-0.57496,0.345238,-0.85858,-0.40804,-0.320767,-0.398661,-0.534522,-0.556712,-0.479713,-0.22223,0.330402,-0.764381,-0.272166,0.200904,-0.047831,-0.22223,0.22004,-0.598524,-0.40804,-0.272166,-0.25,0.298261,-0.999111,0.102062,0.504744,-0.089087,-0.337515,-0.438587,-0.075785,0.0,0.512852,-0.63893,-0.534251,-0.255858,-0.775901,0.129823,-0.666336,0.172085,-0.285133,0.282677,0.663145,-0.63893,-0.080642,0.748831,-0.534251,0.055385,-0.60113,0.172085,0.093508,-0.534251,0.125152,-0.408248,-0.408248,0.219034,-0.033659,-0.534251,-0.198075,-0.022027,-0.377158,-0.454395,0.052591,0.665678,-0.666336,0.680988,-0.022654,-0.40708,0.370637,0.389736,-0.134532,0.628304,-0.134565,-0.801952,0.407543,-0.456747,-0.319745,0.389736,0.139101,-0.208595,0.055385,-0.123005,-0.401393,0.010413,0.612133,#
16,-0.499606,-0.641144,-0.66223,0.002078,0.426622,0.33211,0.33211,0.33211,-0.002143,-0.49976,0.419915,0.009042,-0.092746,-0.49976,-0.499697,-0.40815,1.0,-0.108718,0.119345,-0.249884,-0.40802,-0.09539,-0.208147,-0.2459,-0.111972,0.132891,-0.280944,0.363932,0.001773,-0.249888,-0.75653,-0.710514,-0.24994,-0.166627,0.349974,-0.24969,-0.202922,0.19265,-0.098772,0.234853,-0.327163,-0.383527,0.249731,-0.227765,-0.602828,0.216235,-0.12085,-0.462422,0.072284,0.186054,0.17946,0.291464,-0.249875,0.424884,0.202703,0.349598,-0.098579,0.513921,0.252699,-0.666249,-0.611724,-0.146075,0.486948,0.339733,-0.231649,0.399957,0.436989,-0.173441,0.502194,-0.550181,0.09205,-0.36281,-0.2459,0.256146,0.482236,0.093756,0.228484,-0.166627,0.526526,-0.087218,-0.206117,0.397604,0.092034,-0.363883,0.207471,0.207769,-0.007568,0.274011,0.015815,0.106108,0.090017,0.003857,-0.013099,-0.201603,-0.206117,-0.096619,0.37143,-0.327248,0.189197,-0.407948,0.266528,0.207769,-0.007568,-0.24994,-0.210937,0.407163,-0.111565,-0.582324,0.650171,0.264713,-0.697202,-0.24994,0.31311,-0.327248,-0.55229,0.009761,0.362658,0.397604,-0.359561,0.371169,-0.249813,-0.404665,-0.007568,-0.327248,0.269115,0.179076,-0.08734,-0.626412,0.353881,-0.166627,-0.609136,-0.497817,-0.096619,0.406446,0.397604,0.368771,-0.166627,-0.40815,-0.274176,0.397604,-0.24994,-0.573888,-0.327248,0.19265,0.34687,-0.34015,0.0,-0.00088,0.248229,0.207769,0.197878,0.390947,-0.406235,0.09903,0.200193,-0.40732,-0.599536,0.186769,0.248229,0.207769,-0.68768,0.207769,-0.248659,0.208239,0.200193,-0.270685,0.7523,-0.406425,0.362658,0.387162,0.133003,-0.065727,0.207769,-0.096619,0.491566,-0.220505,0.526526,-0.247339,-0.109809,0.090017,-0.482317,0.505557,0.996072,-0.492806,0.23777,-0.206564,-0.610807,0.257196,0.278831,-0.023432,0.169693,0.029913,0.23777,-0.88334,0.209533,-0.248659,0.216733,0.329121,-0.758596,0.053275,#
17,0.023086,-0.244891,0.415563,-0.026904,-0.28104,0.33179,0.33179,0.33179,0.381022,0.415744,-0.680697,0.402993,0.161668,0.415744,0.396435,0.273951,-0.108718,1.0,0.307727,0.434479,0.265335,0.599744,-0.094022,-0.03748,0.580394,0.310459,0.156896,-0.041361,0.005278,-0.089334,0.019687,-0.011812,0.434203,0.276311,-0.488491,-0.078079,-0.443508,-0.182119,0.156314,-0.799728,0.106829,0.111315,0.156412,0.607087,-0.194071,-0.224988,-0.065536,0.398263,-0.064922,-0.282064,-0.035382,-0.210168,-0.068053,0.409436,0.108448,0.198171,0.140081,-0.420584,-0.417105,0.425811,0.171917,-0.404283,-0.427447,0.693642,-0.514703,0.134767,-0.235406,0.301989,-0.17623,0.592219,0.333449,0.613503,-0.014902,-0.415213,-0.016402,-0.282446,0.524573,0.276311,0.031911,-0.228098,0.394148,-0.296188,-0.161148,0.128447,-0.353162,0.525819,0.378289,0.089627,0.006557,-0.184713,0.236384,-0.402066,-0.016402,0.845432,0.359918,-0.260181,-0.011951,-0.353162,-0.249975,-0.157438,0.07719,0.525819,-0.041235,0.414467,-0.08295,0.137526,0.161308,-0.167379,-0.407888,-0.410109,-0.019371,0.414467,-0.132119,-0.353162,0.27931,0.392639,-0.098683,0.130322,0.636534,-0.577562,0.395092,-0.550742,-0.041235,-0.353162,0.159876,-0.258846,-0.228418,-0.145067,-0.059733,0.276311,-0.200727,0.031911,-0.228418,0.233576,-0.265202,0.395092,0.249996,-0.161148,0.098313,-0.296188,-0.098683,-0.085986,0.094751,-0.208436,-0.549787,-0.327809,0.0,-0.02621,0.035943,0.069687,-0.515826,-0.033455,-0.124129,-0.188291,0.414454,-0.184713,0.030748,0.440445,0.035943,0.069687,0.06275,0.069687,-0.051766,-0.283969,-0.293446,0.395228,0.069687,-0.121534,-0.098683,0.374993,-0.31326,-0.40789,0.069687,0.177035,0.386557,0.30652,-0.071683,-0.556521,0.594253,-0.188291,0.326949,-0.029571,-0.124751,-0.007066,0.09488,0.04274,0.184868,0.573046,-0.099613,-0.384716,0.340574,-0.268647,0.09488,-0.029956,-0.729328,-0.144588,0.120914,-0.520744,-0.077017,-0.079408,#
18,0.387022,0.075174,-0.253528,-0.536291,-0.390439,0.655495,0.655495,0.655495,0.183463,0.495675,-0.196037,0.471044,0.65095,0.495675,0.361633,0.415129,0.119345,0.307727,1.0,0.126894,0.385785,0.30044,0.081785,-0.453082,-0.274741,-0.407852,-0.204977,-0.102155,0.242835,0.186029,-0.213665,-0.027064,0.156439,-0.026073,-0.214641,0.164097,0.134133,0.231898,-0.411533,-0.476018,0.143664,0.746522,0.017719,-0.010373,-0.076738,-0.321992,-0.193262,-0.185174,0.189517,0.034365,0.08012,-0.013188,0.318648,0.459405,0.714859,0.561093,-0.542239,-0.493996,-0.197083,-0.238903,0.484944,0.274597,0.205454,0.675283,-0.181517,0.620445,-0.239442,0.485072,-0.475323,-0.10296,0.882247,-0.173159,-0.60222,-0.361712,0.081401,-0.035629,0.08086,-0.026073,0.328388,-0.196883,-0.294927,-0.425294,-0.436417,-0.354833,0.119482,-0.049571,-0.535567,-0.183261,-0.313056,0.245839,-0.628753,-0.538096,-0.630125,0.451714,-0.32319,-0.460962,-0.16873,-0.648618,-0.22561,-0.502883,0.573281,-0.049571,-0.562212,-0.006518,-0.369675,0.274951,-0.535154,-0.026324,0.234658,-0.310177,-0.380152,0.18903,-0.441798,-0.648618,-0.304899,0.048876,0.156439,-0.398206,-0.227332,-0.363108,0.087487,-0.519601,-0.535567,-0.648618,-0.160794,-0.295503,-0.136993,0.314445,-0.312301,-0.026073,-0.377901,-0.284094,-0.434736,0.477804,-0.399711,-0.070734,0.147748,-0.596082,-0.287463,-0.425294,-0.690939,0.027247,-0.62017,0.058062,-0.285051,0.037956,0.0,0.15441,-0.35056,-0.686915,-0.505169,-0.039174,-0.478129,-0.366523,0.888222,-0.491678,0.334956,0.649946,-0.35056,-0.657945,-0.02192,-0.078541,0.137951,-0.35101,-0.055951,0.273431,0.095279,-0.216504,0.156439,0.058665,-0.048961,0.360428,-0.686915,0.149951,0.33552,-0.465802,0.302422,-0.10972,0.470588,-0.655725,0.425171,0.34507,0.109723,-0.348732,0.730724,-0.063009,0.359415,0.513032,-0.270294,0.501384,-0.282313,-0.245402,0.730724,-0.277418,-0.313284,-0.752246,0.684331,-0.409192,-0.18354,0.39746,#
19,-0.009427,0.180159,0.170155,-0.016857,-0.61116,-0.2046,-0.2046,-0.2046,-0.001768,0.013377,-0.611206,0.499593,-0.092356,0.013377,-0.001768,0.111666,-0.249884,0.434479,0.126894,1.0,0.611663,0.421662,-0.207732,-0.245905,0.407906,0.134156,0.080597,-0.192935,-0.499394,-0.249893,0.382975,0.183805,0.386706,0.650799,-0.199284,-0.249695,-0.181453,0.226636,-0.098386,-0.326703,0.215054,0.255853,-0.36146,0.12231,-0.085824,-0.024705,0.458062,0.185541,-0.538197,-0.636562,0.192014,-0.751772,0.399595,0.104843,-0.374142,-0.443743,-0.098953,-0.001766,0.206926,0.19491,-0.108468,-0.175736,-0.005472,0.219592,-0.231252,-0.385647,-0.603035,-0.150939,0.166431,0.222443,0.21232,0.316176,0.455447,-0.361717,-0.003919,-0.667859,0.238963,0.650799,0.526557,-0.086826,0.356391,-0.10213,0.092413,0.274043,0.207878,0.217864,0.001714,-0.352068,0.015443,0.106498,0.099414,0.013319,-0.003919,0.366146,-0.195696,-0.086947,-0.174665,0.207878,0.189235,0.597026,-0.376683,0.217864,0.001714,0.363127,0.347455,0.407192,0.397632,-0.201436,-0.16663,-0.356512,0.431922,-0.249944,-0.219591,0.207878,-0.096246,0.526557,0.363127,-0.10213,0.283565,-0.183967,0.380449,0.120818,-0.499502,0.207878,0.295055,0.179114,0.42536,0.218864,0.376498,0.650799,0.415307,0.526557,0.42536,0.348067,0.397632,0.380449,-0.16663,0.092413,0.182606,-0.10213,-0.249944,0.424246,0.207878,-0.622307,-0.200272,0.308153,0.0,-0.341069,-0.367692,0.217864,-0.379572,-0.164966,0.113641,0.099414,0.200232,0.106498,0.327587,-0.050087,-0.367692,-0.327088,0.348892,0.217864,0.416714,-0.541634,-0.645513,-0.228996,0.217864,0.102708,0.363127,-0.249944,-0.632339,0.004666,0.217864,-0.086947,-0.485493,-0.210304,-0.497826,-0.736981,-0.074378,0.099414,0.103621,-0.499312,-0.228108,0.028221,-0.345857,-0.501594,0.450367,0.257227,-0.23234,0.02899,0.169732,-0.432021,-0.345857,0.355405,-0.111775,-0.248663,0.300444,-0.209651,0.356391,0.134941,#
20,0.385085,0.29417,0.249723,-0.40628,-0.997923,0.087571,0.087571,0.087571,0.028998,0.409446,-0.155532,0.399879,0.241604,0.409446,0.419592,0.574979,-0.40802,0.265335,0.385785,0.611663,1.0,0.248877,0.080271,-0.401521,0.2573,-0.202133,-0.196157,-0.298219,0.019262,0.102554,0.571,0.435214,0.092027,0.421455,-0.308816,0.11192,0.114641,0.342316,-0.161281,-0.533452,0.367465,0.396885,-0.151346,0.020098,0.297204,-0.483865,0.068391,0.083897,-0.356425,-0.393142,0.313529,-0.408176,0.611609,-0.106527,-0.101946,0.006949,-0.564001,-0.39299,-0.155762,0.318255,0.234053,0.418771,0.005932,0.227492,0.072015,-0.383813,-0.984656,0.203689,-0.421916,0.294573,0.248495,0.453908,0.193529,-0.639369,-0.39524,-0.418514,0.356674,0.421455,0.390026,0.196127,0.478818,-0.566462,-0.241753,0.330532,-0.080327,-0.071724,-0.390356,-0.161331,-0.039686,0.143452,-0.235654,-0.017784,-0.39524,0.493786,0.045106,-0.182386,-0.721979,-0.080327,0.155227,0.155263,-0.06929,-0.071724,-0.390356,0.112032,0.059769,-0.165977,-0.173855,0.35424,-0.272078,-0.171794,0.284609,0.092027,-0.784622,-0.080327,-0.02116,0.024377,0.112032,-0.566462,0.345127,-0.370865,0.126829,0.131847,-0.815603,-0.080327,-0.556534,-0.467427,0.220076,0.329765,-0.310881,0.421455,0.208341,0.390026,0.220076,0.638893,-0.173855,0.126829,-0.272078,-0.241753,0.275134,-0.566462,-0.408118,0.800217,-0.080327,-0.324602,0.034388,0.441426,0.0,-0.057444,-0.637587,-0.071724,-0.46012,-0.302944,0.145332,-0.235654,0.17203,0.143452,0.292481,0.265973,-0.637587,-0.53408,0.497837,-0.071724,0.628942,-0.589154,-0.545528,0.083004,-0.071724,0.124578,0.112032,-0.408118,-0.433992,0.365513,-0.071724,-0.182386,-0.41601,-0.376039,-0.461281,-0.356909,0.254892,-0.235654,0.266508,-0.411199,-0.407626,-0.010642,-0.108316,-0.128839,0.68225,-0.143123,-0.362811,0.399004,-0.467982,-0.328287,-0.108316,0.208461,0.004485,-0.406026,0.423549,-0.384831,0.478818,0.151984,#
