0,1.0,0.682842,-0.332599,-0.507314,0.428354,-0.272099,0.289946,0.338217,0.289946,0.0,-0.166513,-0.407858,0.242754,0.216181,0.428354,-0.271623,1.0,0.225088,0.380659,-0.508669,0.528186,0.216181,-0.332797,0.354408,-0.407997,-0.271984,-0.407584,-0.166623,0.190905,0.682238,-0.333136,-0.406231,0.666667,-0.166667,-0.272096,0.420916,0.166334,-0.508496,-0.271763,0.435175,-0.407783,-0.508225,-0.406271,0.48981,-0.166623,0.230067,0.304037,-0.102077,0.162011,0.305901,0.144425,-0.665791,-0.166667,-0.063577,0.276325,-0.135148,0.474716,0.190719,0.111114,0.144425,0.110774,-0.221853,0.110718,0.201241,0.318067,0.238639,0.528962,0.279279,0.23862,-0.96899,-0.995644,-0.063577,-0.166667,-0.666687,0.231807,0.267777,0.111581,0.038749,-0.408248,-0.407832,-0.665619,-0.408008,-0.508596,-0.166582,-0.508596,-0.271981,-0.508492,0.038749,-0.333153,-0.272166,-0.408008,-0.996323,-0.508822,-0.666687,-0.508822,-0.508596,0.032045,-0.665376,0.117393,0.175142,0.149538,-0.508596,-0.665376,-0.407871,-0.508596,-0.218218,-0.665376,-0.272166,-0.508596,-0.218218,0.149633,0.0,-0.508822,-0.407871,-0.911506,0.261019,-0.333153,-0.665619,-0.333153,0.032045,-0.508596,0.281799,-0.665376,-0.166667,0.120689,-0.665619,-0.218103,0.115566,-0.985158,-0.665619,-0.408008,-0.333069,0.175142,0.175142,0.038749,-0.333153,0.0,-0.508822,-0.926622,0.038749,-0.333333,-0.407871,-0.407871,0.120689,0.231807,-0.946437,-0.111111,0.303403,0.038749,-0.271981,0.085429,0.038749,-0.508822,-0.272166,-0.665376,-0.407871,0.337746,0.431284,-0.996323,-0.218218,-0.666687,-0.218103,-0.218103,-0.666687,-0.666687,0.357663,-0.508596,-0.882966,-0.111111,-0.111111,0.408245,0.029476,-0.333333,-0.665619,0.56539,-0.666687,-0.508596,0.408245,0.292582,-0.595109,0.508556,0.366502,0.523005,0.292449,0.690675,0.122807,0.357663,0.238336,0.360694,0.996024,0.105892,0.690538,0.471153,-0.071067,-0.307757,0.613088,0.19148,-0.996323,-0.996323,1.0,#
1,0.682842,1.0,-0.498778,-0.243421,0.127461,0.08706,0.415078,0.488224,0.415078,0.0,-0.249709,-0.61164,0.3428,0.299744,0.622572,-0.407336,0.682842,0.434883,0.548101,-0.231551,0.770987,0.299744,-0.499076,0.512042,-0.111972,-0.407878,-0.102437,0.350065,0.262093,0.399094,-0.499584,-0.609201,0.387162,-0.24994,-0.408046,0.122046,-0.361935,-0.243988,0.082474,0.13276,-0.125417,-0.246837,-0.60926,0.214209,-0.249875,0.319393,0.299494,0.010049,0.353233,0.177649,0.184412,-0.38958,-0.24994,0.060446,0.414388,-0.285464,0.275688,0.261838,0.166629,0.184412,-0.648197,0.204046,-0.647871,0.277538,-0.158385,0.336736,0.24403,0.352591,0.284755,-0.833726,-0.708912,-0.1265,-0.24994,-0.59138,-0.122457,0.401569,0.202994,0.105585,-0.112041,-0.611602,-0.395418,-0.116829,-0.237428,-0.249812,-0.237428,0.07769,-0.241684,0.105585,-0.015492,-0.40815,-0.116829,-0.695981,-0.233154,-0.59138,-0.233154,-0.237428,0.095171,-0.399608,0.212005,-0.239788,0.191921,-0.762711,-0.399608,-0.121548,-0.237428,-0.327248,-0.399608,-0.40815,-0.762711,-0.327248,-0.023987,0.0,-0.233154,-0.61166,-0.602428,0.449579,-0.49961,-0.395418,-0.49961,0.095171,-0.237428,0.453515,-0.399608,-0.24994,0.14813,-0.395418,-0.327075,0.140632,-0.662257,-0.395418,-0.611865,-0.499484,0.294052,0.294052,0.105585,-0.015492,0.0,-0.233154,-0.554195,0.105585,-0.49988,-0.121548,-0.61166,0.14813,0.377008,-0.611756,-0.166627,0.420145,0.105585,-0.407873,0.172971,0.105585,-0.233154,0.092034,-0.399608,-0.121548,0.506497,0.12985,-0.695981,0.207471,-0.59138,0.197084,0.197084,-0.59138,-0.59138,0.505793,-0.237428,-0.640885,-0.166627,-0.166627,0.112041,-0.028024,-0.49988,-0.395418,0.263941,-0.59138,-0.237428,0.112041,0.408042,-0.892449,0.219452,0.518653,0.230422,-0.076183,0.396403,-0.116759,0.505793,0.387113,0.031002,0.663856,0.194183,0.997676,0.151088,-0.158817,-0.492097,0.346498,-0.342567,-0.695981,-0.695981,0.682842,#
2,-0.332599,-0.498778,1.0,0.220723,0.030957,0.030957,-0.379002,-0.203555,-0.379002,0.0,0.524256,0.415241,-0.615594,-0.066638,-0.408029,0.399324,-0.332599,-0.542088,-0.339776,0.238744,-0.653049,-0.066638,0.600448,-0.231381,-0.384116,-0.042021,0.42228,-0.006239,0.034325,-0.025197,0.175686,0.794328,-0.498898,-0.016093,-0.034236,0.3757,0.520389,0.236138,0.003466,-0.042021,-0.370612,0.261168,0.402431,0.217482,-0.02594,-0.546635,-0.061652,0.521546,-0.229879,-0.007385,-0.30723,0.524005,0.547179,-0.371413,-0.428629,0.582357,-0.622646,-0.004604,0.037552,-0.333642,0.38012,-0.649179,0.361357,-0.035519,-0.249708,-0.204612,-0.237494,-0.064374,0.174251,0.428169,0.375978,-0.144268,-0.016093,0.32456,0.032997,0.04821,0.058791,-0.315858,0.009855,0.371303,0.016068,-0.027923,0.200501,0.466473,0.666239,0.038456,-0.224172,-0.315858,0.234352,-0.026281,-0.01071,0.343196,0.224166,0.32456,0.224166,0.25225,-0.267659,0.029351,0.024324,-0.206861,0.341452,0.227897,0.029351,-0.408613,0.25225,-0.231784,0.500822,-0.026281,0.209633,0.24232,0.146118,0.0,0.224166,0.386649,0.456915,-0.192468,0.169825,0.016068,-0.234165,0.363584,0.209633,-0.537311,0.500822,-0.016093,-0.366015,0.016068,-0.652866,-0.267819,0.29712,0.016068,0.410998,0.156371,-0.234703,-0.234703,-0.315858,0.217519,0.0,0.224166,0.198577,0.385703,0.209215,-0.039384,0.008899,-0.366015,-0.392483,0.211541,-0.332599,-0.403289,-0.287796,-0.026263,-0.435142,-0.315858,-0.218025,-0.026281,-0.029582,-0.408613,-0.743843,0.03825,0.343196,-0.231784,0.32456,-0.215462,-0.188124,0.32456,0.32456,-0.535714,-0.186092,0.256101,0.311141,-0.332599,-0.009852,-0.169111,0.209215,0.016068,0.173033,0.32456,0.209633,-0.009852,-0.334988,0.495166,0.263161,-0.606303,-0.209497,0.371285,-0.475491,-0.307188,-0.535714,-0.375829,0.155391,-0.318987,0.043921,-0.49437,-0.052147,0.317381,0.251392,-0.497684,0.514787,0.343196,0.343196,-0.332599,#
3,-0.507314,-0.243421,0.220723,1.0,-0.300261,-0.335812,-0.499239,-0.670285,-0.499239,0.0,0.357823,-0.10887,-0.414763,-0.427909,-0.353588,0.050181,-0.507314,-0.130342,0.097115,0.042622,-0.049093,-0.427909,-0.206163,0.153705,0.362519,0.03302,-0.066774,0.294635,0.220994,-0.243035,0.62289,-0.115395,-0.760971,0.294711,0.045916,-0.380091,0.212471,0.9969,0.514381,0.068911,0.376388,0.052265,-0.120928,-0.51118,-0.243839,0.074336,-0.310535,-0.160353,0.532258,-0.34917,-0.233436,0.740108,-0.167149,-0.271265,-0.12933,-0.203903,-0.693254,0.156558,-0.541047,0.459595,-0.198043,0.410825,-0.222662,-0.234823,-0.265884,-0.40756,-0.049611,0.414426,0.635541,0.414738,0.472519,-0.184012,0.294711,-0.155424,0.405467,-0.509167,0.239301,0.512699,0.81168,-0.164528,0.185345,0.757013,0.457821,0.294561,0.476679,-0.352753,-0.01386,0.512699,0.199571,0.517177,0.305377,0.448701,0.994854,-0.155424,0.994854,0.514397,-0.21059,0.192409,0.790313,0.074747,0.48195,0.035166,0.192409,-0.137869,0.514397,0.424262,0.149455,0.517177,0.514397,0.44346,-0.380516,0.0,0.994854,0.309274,0.354067,0.211675,0.623865,0.185345,0.182191,-0.2681,0.476679,0.303151,0.149455,0.294711,-0.33256,0.185345,-0.054905,-0.231332,0.427374,0.185345,0.810331,0.152468,0.504287,0.504287,0.512699,0.641246,0.0,0.994854,0.436507,0.512699,0.677396,0.274082,0.362062,-0.33256,-0.104004,0.371108,0.196474,-0.092335,-0.223623,0.037942,0.398108,0.512699,0.511416,0.481261,0.127978,-0.137869,-0.320482,-0.32341,0.448701,0.385868,-0.155424,0.423301,-0.036087,-0.155424,-0.155424,-0.186813,0.035166,0.422438,0.196474,0.196474,-0.811668,0.010113,0.677396,0.185345,-0.631031,-0.155424,0.514397,-0.811668,-0.493095,0.065611,-0.497755,-0.253381,-0.537622,-0.583439,-0.785168,-0.436317,-0.186813,0.402677,0.149382,-0.564296,-0.302844,-0.29214,-0.454218,0.116287,-0.221937,-0.199653,-0.351887,0.448701,0.448701,-0.507314,#
4,0.428354,0.127461,0.030957,-0.300261,1.0,0.150173,0.661225,-0.001189,0.661225,0.0,0.077486,-0.169177,0.541925,-0.176199,0.591743,-0.253557,0.428354,0.358594,0.125538,0.068541,0.371253,-0.176199,-0.020776,-0.382587,-0.19062,-0.666059,-0.159052,-0.408042,0.407651,0.127075,-0.427479,-0.217211,0.117191,-0.408148,-0.666333,0.174918,0.427499,-0.354411,-0.276998,0.191904,-0.163541,0.100989,-0.212082,0.341388,-0.408042,-0.514218,0.689264,0.126656,0.1967,0.053773,0.274094,-0.124278,0.60212,-0.438305,-0.568016,-0.057892,0.083447,-0.589355,0.440484,-0.389123,0.271273,-0.100706,0.297982,0.332838,0.380737,0.532116,0.371503,-0.135212,0.102214,-0.381021,-0.390564,0.229686,-0.408148,-0.285579,0.228502,0.261344,0.390877,-0.453167,-0.174875,-0.574944,-0.109698,-0.590971,-0.353745,-0.40794,-0.353745,0.158269,-0.360981,-0.453167,0.006011,-0.254063,-0.158764,-0.426779,-0.37217,-0.285579,-0.37217,0.079391,0.233873,-0.120591,-0.127613,0.066391,0.286221,0.079391,-0.120591,-0.166789,0.079391,-0.093474,-0.613867,-0.254063,-0.379224,-0.093474,0.483468,0.0,-0.37217,-0.166789,-0.303923,-0.439562,-0.416663,-0.109698,-0.416663,-0.426565,-0.81236,-0.100246,-0.613867,-0.408148,-0.381824,-0.109698,-0.1019,0.309951,-0.396145,-0.109698,-0.182776,-0.81565,-0.373801,-0.373801,-0.453167,-0.416663,0.0,-0.37217,-0.520563,0.251481,-0.008082,-0.998832,-0.190562,-0.381824,0.252729,-0.320039,-0.272099,0.254487,0.251481,-0.66605,-0.308633,-0.453167,-0.37217,-0.666503,-0.613867,-0.166789,0.51763,0.999334,-0.426779,-0.534392,-0.285579,-0.1019,-0.1019,-0.285579,-0.285579,0.447317,0.079391,-0.431878,-0.272099,-0.272099,0.174873,0.042404,-0.008082,-0.109698,0.42157,-0.285579,-0.379224,0.174873,0.691166,0.05539,0.797489,0.029315,0.797184,-0.132729,0.140794,-0.160083,0.447317,0.240848,-0.378076,0.42665,0.376021,0.129197,-0.193342,-0.260191,0.027831,0.084152,-0.050337,-0.426779,-0.426779,0.428354,#
5,-0.272099,0.08706,0.030957,-0.335812,0.150173,1.0,0.661225,0.390058,0.661225,0.0,0.077486,0.279483,0.541925,0.327802,0.150173,-0.253557,-0.272099,0.474809,-0.284167,0.558508,-0.099251,0.327802,0.408731,-0.415292,0.270394,-0.220261,0.680646,0.086654,-0.13184,-0.408058,-0.815814,0.22084,0.117191,-0.408148,-0.233173,-0.261731,-0.580754,-0.354411,-0.261458,-0.666059,0.270698,0.561317,0.228913,-0.104826,0.127879,-0.514218,0.367854,0.429037,-0.182297,0.053773,0.274094,-0.104968,0.60212,-0.252295,-0.169096,-0.057892,-0.156348,-0.09105,0.783979,-0.389123,-0.40119,-0.100706,-0.346303,0.332838,-0.100424,0.532116,-0.534248,-0.759939,-0.587249,0.208386,0.309951,0.261544,-0.408148,0.414894,-0.58647,0.65515,-0.098454,-0.371741,-0.174875,-0.134201,0.437621,-0.590971,-0.353745,-0.40794,0.079391,0.999547,0.111973,-0.371741,0.405204,-0.666503,-0.158764,0.29794,-0.37217,0.414894,-0.37217,0.079391,0.314679,0.422592,-0.620984,-0.319942,-0.434664,0.123215,0.422592,0.278235,0.079391,-0.534392,0.422592,-0.666503,-0.335401,-0.093474,0.310258,0.0,-0.37217,-0.570924,0.390249,-0.406,-0.815856,0.437621,-0.376274,0.314679,0.097736,-0.52448,0.422592,-0.408148,-0.381824,0.437621,-0.05817,0.309951,0.35561,0.437621,-0.590971,-0.381231,-0.804672,-0.804672,-0.371741,-0.017471,0.0,-0.37217,0.249895,-0.399927,-0.412189,-0.149673,-0.149673,-0.381824,-0.150397,0.424738,-0.272099,0.254487,0.332907,-0.225157,-0.231696,-0.371741,0.108978,-0.254063,-0.070683,0.278235,0.369082,0.15822,0.29794,-0.093474,0.414894,-0.1019,0.806249,0.414894,0.414894,0.421099,0.556351,0.195898,-0.272099,-0.272099,0.174873,-0.048122,-0.412189,0.437621,-0.049736,0.414894,0.097736,0.174873,0.664816,0.105427,0.359065,0.002758,-0.07974,-0.158695,0.108541,-0.369935,0.421099,-0.166606,-0.815353,-0.24311,0.436708,0.109205,-0.221363,-0.260191,0.421099,-0.407155,-0.082103,0.29794,0.29794,-0.272099,#
6,0.289946,0.415078,-0.379002,-0.499239,0.661225,0.661225,1.0,0.399993,1.0,0.0,-0.127972,-0.224079,0.821723,0.070717,0.661225,-0.587388,0.289946,0.81451,0.167201,0.349508,0.534622,0.070717,-0.002786,-0.392504,0.161647,-0.554653,0.176027,-0.118972,0.083982,-0.0787,-0.836507,-0.280514,0.434919,-0.612108,-0.567658,-0.160535,-0.393862,-0.553667,-0.208265,-0.143921,0.166701,0.356538,-0.272518,0.071556,-0.07789,-0.249983,0.722865,0.301759,0.090469,0.19956,0.424675,-0.443969,0.394648,-0.227352,-0.24146,-0.292259,0.309692,-0.372151,0.750378,-0.236236,-0.288075,0.067311,-0.235417,0.559736,0.270986,0.806965,0.10138,-0.46757,-0.35122,-0.350176,-0.273647,0.284701,-0.612108,-0.072492,-0.27464,0.574687,0.06869,-0.283688,-0.266332,-0.636294,0.111181,-0.684916,-0.547613,-0.611796,-0.547613,0.660918,-0.087011,-0.283688,-0.006739,-0.588561,-0.254211,-0.274991,-0.562461,-0.072492,-0.562461,-0.115982,0.391788,0.09276,-0.444618,-0.077205,-0.27545,-0.072311,0.09276,0.177391,-0.115982,-0.362053,-0.3988,-0.588561,-0.529332,-0.362053,0.522724,0.0,-0.562461,-0.668816,-0.106129,-0.441282,-0.825749,0.111181,-0.387696,-0.266354,-0.529332,-0.149998,-0.3988,-0.612108,-0.258776,0.111181,0.103978,0.424432,-0.215572,0.111181,-0.684916,-0.790337,-0.560249,-0.560249,-0.283688,-0.427944,0.0,-0.562461,-0.232763,-0.311776,-0.418811,-0.65176,-0.249029,-0.258776,0.159917,-0.104948,-0.408072,0.598839,0.41851,-0.559528,-0.088759,-0.283688,-0.082986,-0.588561,-0.3988,0.177391,0.783993,0.660811,-0.274991,-0.362053,-0.072492,0.0604,0.534685,-0.072492,-0.072492,0.835251,0.35932,-0.331404,-0.408072,-0.408072,0.266329,-0.011633,-0.418811,0.111181,0.167319,-0.072492,-0.097701,0.266329,0.997798,-0.135442,0.538143,0.42893,0.538247,-0.220744,0.433893,-0.181993,0.835251,0.152069,-0.787044,0.303232,0.594751,0.430569,-0.096442,-0.389788,0.015274,-0.121019,-0.363308,-0.274991,-0.274991,0.289946,#
7,0.338217,0.488224,-0.203555,-0.670285,-0.001189,0.390058,0.399993,1.0,0.399993,0.0,0.043305,-0.395049,0.222674,0.630223,0.390058,0.040394,0.338217,0.175673,-0.054868,-0.215529,0.213845,0.630223,0.238504,0.215465,-0.401334,0.038551,0.372218,0.507984,0.037629,0.013369,-0.564486,0.024965,0.507325,-0.49958,0.030591,0.442104,-0.467664,-0.653407,0.022995,-0.388042,-0.422038,0.22424,0.033197,0.664921,0.014144,0.163131,0.07206,0.331343,-0.569142,0.712576,0.40952,-0.475292,-0.015491,0.393452,-0.014078,0.34596,0.476155,0.07656,0.313695,-0.226065,-0.286664,-0.206919,-0.285567,0.489764,-0.154401,0.212918,-0.20256,-0.071383,-0.287398,-0.353399,-0.324923,0.245723,-0.49958,0.338225,-0.384287,0.817776,0.010935,-0.287523,-0.828459,0.044675,-0.489997,-0.38447,-0.195239,0.038154,-0.195239,0.397245,0.247156,-0.287523,-0.210994,-0.815811,-0.417606,-0.272171,-0.627611,0.338225,-0.627611,-0.195239,0.365606,0.039932,-0.485773,-0.646279,-0.266121,-0.627911,0.039932,0.001276,-0.195239,-0.654103,0.039932,-0.815811,-0.59275,-0.654103,-0.117878,0.0,-0.627611,-0.369619,-0.132339,0.199781,-0.56115,-0.489997,-0.577352,0.365606,-0.177659,-0.35056,0.039932,-0.49958,0.361762,-0.489997,-0.197648,0.346406,-0.355659,-0.489997,-0.775659,-0.149715,-0.206559,-0.206559,-0.287523,-0.178589,0.0,-0.627611,-0.130812,-0.314535,-0.99916,0.034082,-0.353216,0.361762,-0.023031,-0.131164,-0.333053,0.022692,-0.341547,0.046044,-0.125342,-0.287523,-0.645345,-0.420554,0.039932,0.001276,0.215728,0.0183,-0.272171,-0.231556,0.338225,0.234098,0.216555,0.338225,0.338225,0.218786,-0.21282,-0.176938,0.364035,-0.333053,0.828451,0.157984,-0.99916,-0.489997,0.312587,0.338225,-0.177659,0.828451,0.407912,-0.218127,0.238662,0.234243,0.256648,0.444956,0.545062,0.342293,0.218786,-0.433562,-0.143769,0.404247,0.519843,0.545548,0.08717,-0.254305,-0.183223,-0.027526,0.045898,-0.272171,-0.272171,0.338217,#
8,0.289946,0.415078,-0.379002,-0.499239,0.661225,0.661225,1.0,0.399993,1.0,0.0,-0.127972,-0.224079,0.821723,0.070717,0.661225,-0.587388,0.289946,0.81451,0.167201,0.349508,0.534622,0.070717,-0.002786,-0.392504,0.161647,-0.554653,0.176027,-0.118972,0.083982,-0.0787,-0.836507,-0.280514,0.434919,-0.612108,-0.567658,-0.160535,-0.393862,-0.553667,-0.208265,-0.143921,0.166701,0.356538,-0.272518,0.071556,-0.07789,-0.249983,0.722865,0.301759,0.090469,0.19956,0.424675,-0.443969,0.394648,-0.227352,-0.24146,-0.292259,0.309692,-0.372151,0.750378,-0.236236,-0.288075,0.067311,-0.235417,0.559736,0.270986,0.806965,0.10138,-0.46757,-0.35122,-0.350176,-0.273647,0.284701,-0.612108,-0.072492,-0.27464,0.574687,0.06869,-0.283688,-0.266332,-0.636294,0.111181,-0.684916,-0.547613,-0.611796,-0.547613,0.660918,-0.087011,-0.283688,-0.006739,-0.588561,-0.254211,-0.274991,-0.562461,-0.072492,-0.562461,-0.115982,0.391788,0.09276,-0.444618,-0.077205,-0.27545,-0.072311,0.09276,0.177391,-0.115982,-0.362053,-0.3988,-0.588561,-0.529332,-0.362053,0.522724,0.0,-0.562461,-0.668816,-0.106129,-0.441282,-0.825749,0.111181,-0.387696,-0.266354,-0.529332,-0.149998,-0.3988,-0.612108,-0.258776,0.111181,0.103978,0.424432,-0.215572,0.111181,-0.684916,-0.790337,-0.560249,-0.560249,-0.283688,-0.427944,0.0,-0.562461,-0.232763,-0.311776,-0.418811,-0.65176,-0.249029,-0.258776,0.159917,-0.104948,-0.408072,0.598839,0.41851,-0.559528,-0.088759,-0.283688,-0.082986,-0.588561,-0.3988,0.177391,0.783993,0.660811,-0.274991,-0.362053,-0.072492,0.0604,0.534685,-0.072492,-0.072492,0.835251,0.35932,-0.331404,-0.408072,-0.408072,0.266329,-0.011633,-0.418811,0.111181,0.167319,-0.072492,-0.097701,0.266329,0.997798,-0.135442,0.538143,0.42893,0.538247,-0.220744,0.433893,-0.181993,0.835251,0.152069,-0.787044,0.303232,0.594751,0.430569,-0.096442,-0.389788,0.015274,-0.121019,-0.363308,-0.274991,-0.274991,0.289946,#
9,0.0,0.0,0.0,0.0,0.0,0.0,0.0,0.0,0.0,0.0,0.0,0.0,0.0,0.0,0.0,0.0,0.0,0.0,0.0,0.0,0.0,0.0,0.0,0.0,0.0,0.0,0.0,0.0,0.0,0.0,0.0,0.0,0.0,0.0,0.0,0.0,0.0,0.0,0.0,0.0,0.0,0.0,0.0,0.0,0.0,0.0,0.0,0.0,0.0,0.0,0.0,0.0,0.0,0.0,0.0,0.0,0.0,0.0,0.0,0.0,0.0,0.0,0.0,0.0,0.0,0.0,0.0,0.0,0.0,0.0,0.0,0.0,0.0,0.0,0.0,0.0,0.0,0.0,0.0,0.0,0.0,0.0,0.0,0.0,0.0,0.0,0.0,0.0,0.0,0.0,0.0,0.0,0.0,0.0,0.0,0.0,0.0,0.0,0.0,0.0,0.0,0.0,0.0,0.0,0.0,0.0,0.0,0.0,0.0,0.0,0.0,0.0,0.0,0.0,0.0,0.0,0.0,0.0,0.0,0.0,0.0,0.0,0.0,0.0,0.0,0.0,0.0,0.0,0.0,0.0,0.0,0.0,0.0,0.0,0.0,0.0,0.0,0.0,0.0,0.0,0.0,0.0,0.0,0.0,0.0,0.0,0.0,0.0,0.0,0.0,0.0,0.0,0.0,0.0,0.0,0.0,0.0,0.0,0.0,0.0,0.0,0.0,0.0,0.0,0.0,0.0,0.0,0.0,0.0,0.0,0.0,0.0,0.0,0.0,0.0,0.0,0.0,0.0,0.0,0.0,0.0,0.0,0.0,0.0,0.0,0.0,0.0,0.0,0.0,0.0,0.0,0.0,0.0,0.0,0.0,0.0,0.0,0.0,0.0,0.0,#
10,-0.166513,-0.249709,0.524256,0.357823,0.077486,0.077486,-0.127972,0.043305,-0.127972,0.0,1.0,-0.118174,-0.241697,0.158152,-0.407771,0.163606,-0.166513,0.0,-0.403497,-0.241603,-0.326944,0.158152,0.523808,0.015092,-0.121502,0.121496,0.404991,0.411796,0.287991,-0.249714,0.039142,0.334739,-0.249769,-0.249769,0.126893,0.152477,0.273239,0.360351,0.151322,-0.4076,-0.09497,0.353712,0.341021,0.268124,-0.249704,-0.283099,-0.181378,0.278066,-0.117765,0.480467,0.21896,0.268262,0.350638,-0.538684,-0.61166,0.242133,-0.605387,0.28771,-0.065645,0.21896,0.197932,-0.330854,0.197832,0.303485,-0.001594,-0.244771,-0.326937,-0.030637,0.363331,0.222193,0.205213,0.255295,-0.249769,0.265787,0.438384,0.420768,0.277669,0.205107,-0.121577,-0.067163,-0.406731,-0.056624,-0.173467,0.416984,0.341362,0.068306,-0.178256,0.205107,-0.024785,-0.407871,-0.611447,0.183693,0.350714,0.265787,0.350714,0.341362,0.193942,0.259632,0.287292,-0.238587,0.226635,-0.247361,0.259632,-0.611242,0.341362,-0.327025,0.259632,-0.407871,0.341362,0.197053,-0.341927,0.0,0.350714,-0.061938,0.240125,0.056076,0.043318,-0.406731,-0.499268,0.193942,0.341362,-0.586189,0.259632,-0.249769,-0.62427,-0.406731,-0.326852,0.205213,0.052605,-0.406731,0.428561,0.037072,-0.16349,-0.16349,0.205107,0.517801,0.0,0.350714,0.159473,0.205107,-0.019213,-0.061938,0.418421,-0.62427,-0.610927,0.260826,-0.166513,-0.132798,-0.699447,0.136611,0.266955,0.205107,-0.243178,-0.407871,-0.326679,-0.611242,-0.333661,0.065389,0.183693,-0.327025,0.265787,0.260611,0.186876,0.265787,0.265787,0.018218,-0.247361,0.276278,0.698073,-0.166513,0.121577,0.27353,-0.019213,-0.406731,-0.306763,0.265787,0.341362,0.121577,-0.081912,0.368188,0.220973,-0.491212,-0.310908,-0.066239,-0.228538,-0.399091,0.018218,-0.116652,0.040781,-0.147352,0.268276,-0.237921,-0.391724,-0.157705,0.018218,-0.249162,0.286955,0.183693,0.183693,-0.166513,#
11,-0.407858,-0.61164,0.415241,-0.10887,-0.169177,0.279483,-0.224079,-0.395049,-0.224079,0.0,-0.118174,1.0,-0.085719,-0.002048,-0.583988,0.19205,-0.407858,-0.333038,-0.512577,0.393268,-0.800819,-0.002048,0.393602,-0.441377,0.194325,0.25864,0.19255,-0.611628,-0.453118,-0.108203,-0.024621,0.598625,-0.078013,0.373642,0.253845,-0.209229,0.098346,-0.092469,-0.588282,-0.193645,0.200106,-0.030653,0.579382,-0.364306,0.435537,-0.523505,-0.089133,-0.025913,-0.199859,-0.487962,-0.328091,0.085464,0.414701,-0.23755,0.154948,0.047722,-0.299195,0.055248,0.270999,-0.328091,0.40561,-0.381963,0.433692,-0.438149,0.090112,-0.061128,-0.359062,-0.654954,-0.549648,0.516876,0.451586,-0.053775,0.373642,0.290164,-0.257771,-0.232864,-0.398348,-0.255518,0.144157,0.568865,0.627164,-0.286616,-0.115873,-0.133082,0.324217,0.287162,-0.086047,-0.255518,0.407129,0.224617,0.15253,0.408456,-0.127441,0.290164,-0.127441,-0.09827,-0.210786,0.103659,-0.434293,0.379803,-0.36883,0.808835,0.103659,0.194587,-0.115873,0.077055,0.604854,0.224617,0.342857,0.507132,0.301921,0.0,-0.127441,0.136617,0.295239,-0.407842,-0.038556,0.627164,0.408083,0.433414,0.342857,-0.357167,0.604854,0.394172,-0.245238,0.627164,0.104569,-0.205425,0.50757,0.627164,0.128133,0.389238,-0.559969,-0.559969,-0.255518,-0.022332,0.0,-0.127441,0.191884,-0.284157,0.38596,0.154008,0.170433,-0.245238,-0.233156,0.3054,0.249095,-0.223536,0.460443,0.246959,-0.350869,-0.255518,0.361431,0.224617,0.103659,0.178163,-0.314055,-0.160761,0.408456,0.077055,0.290164,-0.800594,0.122135,0.290164,0.290164,-0.395074,0.368744,0.298156,-0.407858,0.249095,-0.144154,-0.179844,0.38596,0.627164,0.052837,0.290164,-0.079631,-0.144154,-0.230655,0.445031,0.092412,-0.410665,-0.353562,0.15211,-0.101461,-0.161501,-0.395074,-0.24571,-0.057873,-0.404055,-0.341742,-0.616237,0.215062,0.239858,0.801623,-0.088063,0.579974,0.408456,0.408456,-0.407858,#
12,0.242754,0.3428,-0.615594,-0.414763,0.541925,0.541925,0.821723,0.222674,0.821723,0.0,-0.241697,-0.085719,1.0,0.169547,0.541925,-0.394919,0.242754,0.670156,0.011913,0.058704,0.439311,0.169547,-0.210739,-0.217791,0.343793,-0.342389,-0.064939,-0.232078,0.168478,-0.188731,-0.692507,-0.55554,0.364131,-0.242754,-0.351994,-0.34243,-0.320143,-0.454718,-0.393829,-0.324703,0.354877,0.066549,-0.127082,-0.059059,-0.187856,-0.277798,0.474469,-0.265265,0.179789,-0.071607,0.492657,-0.376496,0.320783,-0.152131,-0.087431,-0.469269,0.259286,-0.322603,0.53031,-0.218782,-0.24095,0.389749,-0.184301,0.19272,0.317601,0.550989,-0.02705,-0.441456,-0.353246,-0.298051,-0.222429,0.399069,-0.242754,-0.147392,-0.125989,0.363988,0.173876,-0.240874,-0.116801,-0.527343,0.216028,-0.571608,-0.460913,-0.762553,-0.460913,0.54167,0.031221,-0.240874,0.195872,-0.378719,-0.107975,-0.240201,-0.473121,-0.147392,-0.473121,0.003717,0.481751,0.192483,-0.374797,0.052886,-0.258072,0.050726,0.192483,0.352528,0.003717,-0.071892,-0.336658,-0.378719,-0.441235,-0.071892,0.174004,0.0,-0.473121,-0.558374,-0.301358,-0.262711,-0.685753,0.216028,-0.21421,-0.226707,-0.441235,0.040695,-0.336658,-0.242754,-0.203224,0.216028,0.420872,0.52902,-0.154849,0.216028,-0.571608,-0.652408,-0.467088,-0.467088,-0.240874,-0.257535,0.0,-0.473121,-0.283299,-0.27111,-0.242754,-0.540013,-0.106493,-0.203224,0.341791,-0.018023,0.184956,0.390127,0.515008,-0.359766,-0.004127,-0.240874,0.043011,-0.378719,-0.336658,0.352528,0.956701,0.541606,-0.240201,-0.071892,-0.147392,-0.071127,0.439417,-0.147392,-0.147392,0.681037,0.515356,-0.203408,-0.508628,0.184956,0.116799,0.189872,-0.242754,0.216028,0.037189,-0.147392,-0.422649,0.116799,0.813171,-0.217697,0.435481,0.243462,0.435528,-0.492167,0.355289,-0.082743,0.681037,0.337686,-0.650927,0.243516,0.225592,0.347682,-0.281389,-0.508312,0.213743,0.3173,-0.303011,-0.240201,-0.240201,0.242754,#
13,0.216181,0.299744,-0.066638,-0.427909,-0.176199,0.327802,0.070717,0.630223,0.070717,0.0,0.158152,-0.002048,0.169547,1.0,-0.035079,0.452051,0.216181,-0.056674,-0.024548,-0.37399,-0.155523,1.0,0.454544,0.569212,-0.468144,0.000814,0.558212,0.325205,-0.254189,-0.311965,-0.428015,0.064798,0.324271,0.224495,-0.004525,0.492005,-0.255912,-0.378757,-0.009976,-0.568258,-0.468449,-0.305999,0.564148,0.425857,-0.310955,0.019825,-0.458673,-0.021919,-0.229899,0.217465,0.663519,-0.291306,0.099776,0.206162,0.158973,0.441617,0.059207,0.363195,-0.024947,-0.155236,-0.150437,-0.215612,-0.125273,-0.221692,0.150053,-0.343816,-0.691923,-0.187416,-0.238085,-0.205554,-0.166308,-0.182057,0.224495,0.216186,-0.446225,0.611635,-0.262111,-0.166248,-0.529532,0.200552,-0.326288,-0.333777,-0.229614,0.301312,0.155382,0.330297,0.331858,-0.166248,-0.102041,-0.610999,-0.376462,-0.173966,-0.389645,0.216186,-0.389645,-0.357945,-0.121819,0.344599,-0.297218,-0.402136,-0.197473,-0.401981,0.344599,-0.325174,0.155382,-0.751163,0.344599,-0.610999,-0.356687,0.163296,-0.350367,0.0,-0.389645,-0.324,-0.224314,0.084049,-0.434834,-0.326288,-0.455706,0.660893,0.178029,-0.197027,0.344599,-0.374159,0.102355,-0.326288,-0.173254,-0.099785,-0.213823,-0.326288,-0.474876,0.084227,-0.22696,-0.22696,-0.166248,-0.060297,0.0,-0.389645,-0.27213,-0.201044,-0.628587,0.196044,-0.422609,0.102355,-0.346931,-0.050589,0.149664,-0.418608,-0.23584,-0.003489,-0.222836,-0.166248,-0.412491,-0.101833,-0.093851,0.153783,0.091692,-0.159966,-0.173966,-0.206842,0.216186,-0.129313,0.232261,0.216186,0.216186,-0.027387,0.132735,-0.231508,0.249439,0.149664,0.529527,-0.197043,-0.628587,-0.326288,-0.049652,0.216186,-0.335299,0.529527,0.082574,-0.362011,0.250455,-0.389007,-0.124709,0.241037,0.348392,0.263443,-0.027387,-0.501197,0.087203,0.258385,-0.201703,0.336268,0.061202,0.208468,0.410806,0.270605,0.365007,-0.173966,-0.173966,0.216181,#
14,0.428354,0.622572,-0.408029,-0.353588,0.591743,0.150173,0.661225,0.390058,0.661225,0.0,-0.407771,-0.583988,0.541925,-0.035079,1.0,-0.253557,0.428354,0.358594,0.500726,0.068541,0.806261,-0.035079,-0.41788,0.018212,-0.19062,-0.666059,-0.17459,0.086654,0.407651,0.127075,-0.427479,-0.573613,0.117191,-0.408148,-0.666333,0.174918,-0.096792,-0.390045,0.127061,0.191904,-0.196944,0.065579,-0.570879,0.341388,-0.408042,-0.0071,0.578687,0.072851,0.178514,0.053773,0.274094,-0.124278,0.096986,0.229686,-0.153114,-0.057892,0.44314,-0.589355,0.272103,-0.389123,-0.400195,0.358905,-0.399993,0.332838,-0.080305,0.532116,0.371503,0.247051,0.102214,-0.534246,-0.44445,0.075534,-0.408148,-0.285579,-0.183345,0.261344,0.390877,-0.453167,-0.174875,-0.574944,-0.109698,-0.182776,0.079391,-0.40794,-0.353745,0.158269,0.068518,-0.453167,0.006011,-0.254063,0.249431,-0.426779,-0.37217,-0.285579,-0.37217,0.079391,0.233873,-0.120591,-0.127613,-0.373801,0.286221,-0.353745,-0.120591,0.237346,0.079391,-0.093474,-0.613867,-0.254063,-0.81236,-0.534392,0.2494,0.0,-0.37217,-0.166789,-0.303923,-0.032027,-0.416663,-0.109698,-0.416663,-0.426565,-0.81236,0.333167,-0.613867,-0.408148,0.268458,-0.109698,-0.1019,0.256065,-0.396145,-0.109698,-0.590971,-0.81565,0.066391,0.066391,-0.453167,-0.416663,0.0,-0.37217,-0.361596,0.251481,-0.412189,-0.594697,-0.594697,0.268458,0.664575,-0.320039,-0.272099,0.254487,0.251481,-0.66605,-0.308633,-0.453167,-0.37217,-0.254063,-0.120591,0.237346,0.684269,0.60151,-0.426779,-0.093474,-0.285579,0.33031,-0.1019,-0.285579,-0.285579,0.422107,0.079391,-0.431878,-0.272099,-0.272099,0.174873,-0.017152,-0.412189,-0.109698,0.42157,-0.285579,-0.379224,0.174873,0.66583,-0.439162,0.34958,0.437883,0.797184,-0.132729,0.140794,0.158949,0.422107,0.240848,-0.378076,0.42665,0.376021,0.62899,-0.193342,-0.260191,-0.40073,0.084152,-0.569588,-0.426779,-0.426779,0.428354,#
15,-0.271623,-0.407336,0.399324,0.050181,-0.253557,-0.253557,-0.587388,0.040394,-0.587388,0.0,0.163606,0.19205,-0.394919,0.452051,-0.253557,1.0,-0.271623,-0.809192,-0.186112,-0.360817,-0.533325,0.452051,0.422794,0.397633,-0.598435,0.182846,0.240009,0.153787,-0.072417,-0.407344,0.424108,0.295963,-0.407434,0.570408,0.191488,0.592637,0.426953,0.104188,0.215601,-0.281915,-0.592733,-0.296322,0.699167,0.404206,-0.407328,-0.113337,-0.724669,-0.222414,-0.334445,-0.130867,0.252492,0.43766,0.101859,0.416528,-0.194595,0.79292,-0.169238,-0.111735,-0.577207,-0.416185,0.322952,-0.094738,0.297728,-0.613734,-0.064232,-0.80478,-0.533314,0.200413,0.051041,0.362529,0.309677,-0.230023,0.570408,0.434609,-0.123106,-0.10645,-0.030835,-0.375748,-0.199601,0.666558,-0.134419,0.263396,0.556924,0.632946,0.556924,-0.237459,0.542057,-0.375748,-0.001894,0.133067,0.228535,0.299768,0.105729,0.434609,0.105729,0.13769,-0.322754,0.423614,-0.069354,-0.390558,0.264494,0.057542,0.423614,-0.17449,0.556924,-0.106691,0.423614,0.133067,0.094533,0.320074,-0.50975,0.0,0.105729,0.682619,0.140576,0.052207,0.418578,-0.134419,-0.041668,0.316487,0.094533,-0.117214,0.423614,0.081487,0.322354,-0.134419,-0.114838,-0.342275,0.215811,-0.134419,0.263396,0.404304,0.116959,0.116959,-0.375748,0.032198,0.0,0.105729,0.100439,0.3347,-0.032595,0.251189,-0.139975,0.322354,-0.158279,0.276814,0.380272,-0.996659,-0.432584,0.184268,-0.522103,-0.375748,-0.398038,0.133067,0.423614,0.216674,-0.43875,-0.23493,0.299768,-0.106691,0.434609,-0.034861,-0.533175,0.434609,0.434609,-0.801145,0.057542,0.251555,0.461759,0.380272,0.1996,-0.138108,-0.032595,-0.134419,-0.043406,0.434609,-0.324701,0.1996,-0.559937,0.178331,-0.082881,-0.801208,-0.073679,0.279927,-0.372705,0.517513,-0.801145,-0.594487,0.403572,-0.240242,-0.522433,-0.38801,-0.221664,0.410004,0.386339,0.111772,0.408966,0.299768,0.299768,-0.271623,#
16,1.0,0.682842,-0.332599,-0.507314,0.428354,-0.272099,0.289946,0.338217,0.289946,0.0,-0.166513,-0.407858,0.242754,0.216181,0.428354,-0.271623,1.0,0.225088,0.380659,-0.508669,0.528186,0.216181,-0.332797,0.354408,-0.407997,-0.271984,-0.407584,-0.166623,0.190905,0.682238,-0.333136,-0.406231,0.666667,-0.166667,-0.272096,0.420916,0.166334,-0.508496,-0.271763,0.435175,-0.407783,-0.508225,-0.406271,0.48981,-0.166623,0.230067,0.304037,-0.102077,0.162011,0.305901,0.144425,-0.665791,-0.166667,-0.063577,0.276325,-0.135148,0.474716,0.190719,0.111114,0.144425,0.110774,-0.221853,0.110718,0.201241,0.318067,0.238639,0.528962,0.279279,0.23862,-0.96899,-0.995644,-0.063577,-0.166667,-0.666687,0.231807,0.267777,0.111581,0.038749,-0.408248,-0.407832,-0.665619,-0.408008,-0.508596,-0.166582,-0.508596,-0.271981,-0.508492,0.038749,-0.333153,-0.272166,-0.408008,-0.996323,-0.508822,-0.666687,-0.508822,-0.508596,0.032045,-0.665376,0.117393,0.175142,0.149538,-0.508596,-0.665376,-0.407871,-0.508596,-0.218218,-0.665376,-0.272166,-0.508596,-0.218218,0.149633,0.0,-0.508822,-0.407871,-0.911506,0.261019,-0.333153,-0.665619,-0.333153,0.032045,-0.508596,0.281799,-0.665376,-0.166667,0.120689,-0.665619,-0.218103,0.115566,-0.985158,-0.665619,-0.408008,-0.333069,0.175142,0.175142,0.038749,-0.333153,0.0,-0.508822,-0.926622,0.038749,-0.333333,-0.407871,-0.407871,0.120689,0.231807,-0.946437,-0.111111,0.303403,0.038749,-0.271981,0.085429,0.038749,-0.508822,-0.272166,-0.665376,-0.407871,0.337746,0.431284,-0.996323,-0.218218,-0.666687,-0.218103,-0.218103,-0.666687,-0.666687,0.357663,-0.508596,-0.882966,-0.111111,-0.111111,0.408245,0.029476,-0.333333,-0.665619,0.56539,-0.666687,-0.508596,0.408245,0.292582,-0.595109,0.508556,0.366502,0.523005,0.292449,0.690675,0.122807,0.357663,0.238336,0.360694,0.996024,0.105892,0.690538,0.471153,-0.071067,-0.307757,0.613088,0.19148,-0.996323,-0.996323,1.0,#
17,0.225088,0.434883,-0.542088,-0.130342,0.358594,0.474809,0.81451,0.175673,0.81451,0.0,0.0,-0.333038,0.670156,-0.056674,0.358594,-0.809192,0.225088,1.0,0.275484,0.277239,0.595885,-0.056674,-0.147076,-0.238898,0.471226,-0.355222,0.08828,0.00932,-0.04236,-0.071557,-0.610736,-0.39873,0.456795,-0.496517,-0.368455,-0.462851,-0.554197,-0.183885,-0.014665,-0.051209,0.476081,0.278447,-0.393395,-0.295212,0.050652,0.103017,0.521716,0.197267,0.353226,0.2096,0.349941,-0.482483,0.019861,-0.344965,-0.025074,-0.609297,0.193277,0.018025,0.516386,0.349941,-0.407252,0.209153,-0.355172,0.538976,0.349359,0.658166,0.151351,-0.361786,-0.175349,-0.326325,-0.238349,0.180311,-0.496517,-0.251576,-0.068581,0.379036,-0.078044,0.317069,0.032432,-0.765086,0.080467,-0.396984,-0.646635,-0.496264,-0.629605,0.458374,-0.170855,0.317069,-0.176341,-0.405404,-0.396984,-0.23593,-0.193016,-0.251576,-0.193016,-0.203858,0.295564,0.065599,-0.064117,0.205143,-0.371065,-0.159781,0.065599,0.049538,-0.203858,-0.216698,-0.419262,-0.405404,-0.159781,-0.199362,0.357192,0.0,-0.193016,-0.817849,-0.098413,-0.276166,-0.600114,0.080467,-0.151414,-0.353607,-0.142751,0.040597,-0.419262,-0.496517,-0.387241,0.080467,0.2609,0.317799,-0.184479,0.080467,-0.396984,-0.548815,-0.289643,-0.289643,0.317069,-0.176341,0.0,-0.193016,-0.10417,-0.430968,-0.182718,-0.347702,0.049538,-0.387241,-0.068581,-0.094656,-0.331011,0.81687,0.317069,-0.360217,0.445016,0.317069,0.298113,-0.389188,-0.438656,0.049538,0.684202,0.339644,-0.23593,-0.199362,-0.251576,0.216917,0.719723,-0.251576,-0.251576,0.988203,0.282997,-0.284009,-0.331011,-0.331011,-0.032431,-0.004683,-0.182718,0.080467,-0.254462,-0.251576,0.282997,-0.032431,0.793933,-0.225329,0.169374,0.569768,0.141548,-0.44028,0.428588,-0.357492,0.988203,0.368251,-0.644726,0.21206,0.465737,0.429859,-0.011652,-0.342132,-0.153632,-0.105253,-0.503187,-0.23593,-0.23593,0.225088,#
18,0.380659,0.548101,-0.339776,0.097115,0.125538,-0.284167,0.167201,-0.054868,0.167201,0.0,-0.403497,-0.512577,0.011913,-0.024548,0.500726,-0.186112,0.380659,0.275484,1.0,0.08044,0.707437,-0.024548,-0.350998,0.441854,-0.245637,-0.659078,-0.100887,0.050861,-0.193806,0.092735,0.032119,-0.461823,0.083559,0.199614,-0.659349,0.209693,-0.07876,0.08588,0.571135,0.606048,-0.251411,-0.450539,-0.458406,-0.114268,-0.403765,0.518666,0.028793,0.069102,0.65164,-0.238568,0.237825,-0.108515,-0.40387,0.211908,0.288301,-0.045172,0.279873,-0.080048,-0.28782,0.237825,-0.371505,0.255542,-0.373145,-0.170269,0.244975,0.004885,0.3079,0.4459,0.323455,-0.498717,-0.419443,-0.727806,0.199614,-0.594217,-0.23533,-0.216852,-0.237685,0.212619,0.261533,-0.510091,-0.105595,0.249242,0.081132,0.182279,-0.31692,-0.291116,0.070351,0.212619,-0.440445,0.212258,0.249242,-0.418395,0.09212,-0.594217,0.09212,-0.436336,-0.593554,-0.116396,0.374389,0.098398,0.24966,-0.31692,-0.116396,-0.245561,0.081132,-0.123587,-0.569717,0.212258,-0.31692,-0.002026,0.236217,0.0,0.09212,-0.134141,-0.296992,-0.083497,0.03647,-0.105595,0.03647,-0.411471,-0.31692,0.760179,-0.569717,-0.40387,0.242654,-0.105595,-0.13131,-0.574196,-0.372633,-0.105595,-0.12589,-0.335785,0.502935,0.502935,0.212619,-0.440445,0.0,0.09212,-0.370583,0.212619,0.046422,-0.134141,-0.616961,0.242654,0.143157,-0.481092,-0.269247,0.16743,0.212619,-0.659069,-0.034332,0.212619,0.09212,0.212258,-0.116396,0.237259,0.22118,0.118037,-0.418395,-0.123587,-0.594217,0.265891,-0.13131,-0.594217,-0.594217,0.30836,0.081132,-0.671417,-0.269247,-0.269247,-0.261529,-0.659252,0.046422,-0.105595,-0.090192,-0.594217,0.081132,-0.261529,0.147852,-0.674789,-0.126031,0.322556,0.277273,-0.101304,0.074812,0.144478,0.30836,0.154483,0.067749,0.338457,-0.247482,0.522179,0.267661,0.520591,-0.340331,0.052966,-0.526876,-0.418395,-0.418395,0.380659,#
19,-0.508669,-0.231551,0.238744,0.042622,0.068541,0.558508,0.349508,-0.215529,0.349508,0.0,-0.241603,0.393268,0.058704,-0.37399,0.068541,-0.360817,-0.508669,0.277239,0.08044,1.0,-0.083158,-0.37399,0.214298,-0.665483,0.344933,-0.342926,0.401633,-0.231981,-0.367735,-0.231155,-0.25771,0.382698,-0.200132,-0.220979,-0.352515,-0.378275,-0.339546,0.005956,0.040535,0.046948,0.33816,0.523759,-0.057414,-0.519952,0.342229,-0.305389,0.4343,0.586332,0.08271,-0.34054,-0.249735,0.185923,0.341892,-0.172301,-0.087709,-0.086213,-0.147456,-0.345989,0.529524,-0.277106,-0.239039,-0.08339,-0.211057,0.144676,-0.106726,0.512765,-0.083658,-0.515429,-0.434775,0.444765,0.502377,-0.172301,-0.220979,0.241832,-0.557504,-0.075691,-0.327803,-0.224894,0.326815,-0.063644,0.771759,-0.13269,0.023869,-0.236345,0.041745,0.5589,0.050466,-0.224894,0.230842,0.064682,0.348919,0.495614,-0.003182,0.241832,-0.003182,0.023869,-0.181977,0.214714,-0.361957,0.063371,-0.28805,0.534905,0.214714,0.370663,0.023869,-0.070968,0.235072,0.064682,0.023869,-0.052771,0.72004,0.0,-0.003182,-0.106156,0.670767,-0.646249,-0.25662,0.771759,0.214367,-0.154721,0.041745,-0.167192,0.235072,-0.220979,-0.230242,0.771759,-0.0426,-0.220387,0.59714,0.771759,-0.13269,-0.212711,-0.455989,-0.455989,-0.224894,-0.240145,0.0,-0.003182,0.473895,-0.224894,0.191793,-0.089477,-0.106156,-0.230242,-0.071588,0.397216,-0.508669,0.324001,0.560296,-0.343116,-0.306527,-0.224894,0.51234,0.081704,0.214714,0.370663,-0.023776,0.06755,0.495614,-0.052771,0.241832,-0.088768,0.439012,0.241832,0.241832,0.187065,0.534905,0.216071,-0.508669,-0.508669,-0.326807,-0.442671,0.191793,0.771759,-0.084981,0.241832,0.488638,-0.326807,0.333555,0.29511,-0.045561,0.18137,-0.072737,-0.091399,-0.232297,-0.346281,0.187065,-0.098328,-0.682069,-0.518274,0.237932,-0.243395,0.04648,0.184896,0.220358,-0.761147,-0.315899,0.495614,0.495614,-0.508669,#
20,0.528186,0.770987,-0.653049,-0.049093,0.371253,-0.099251,0.534622,0.213845,0.534622,0.0,-0.326944,-0.800819,0.439311,-0.155523,0.806261,-0.533325,0.528186,0.595885,0.707437,-0.083158,1.0,-0.155523,-0.653439,0.234645,0.060406,-0.534034,-0.353252,0.199951,0.33232,0.243024,-0.240324,-0.797625,0.232517,-0.327246,-0.534254,-0.068275,-0.232053,-0.087176,0.310913,0.380148,0.05353,-0.092363,-0.797703,0.047399,-0.327161,0.406702,0.439872,-0.057101,0.492504,0.10669,0.22704,-0.25793,-0.327246,0.121547,0.100469,-0.410842,0.421075,-0.19896,0.038753,0.22704,-0.524464,0.507575,-0.526318,0.352517,0.043945,0.431421,0.536751,0.431983,0.340092,-0.678097,-0.576923,-0.042706,-0.327246,-0.591358,0.067942,0.089353,0.281754,0.159508,0.077346,-0.800769,-0.247728,0.068772,-0.07558,-0.327079,-0.537099,-0.107408,-0.083129,0.159508,-0.228788,-0.094925,0.068772,-0.553744,-0.067919,-0.591358,-0.067919,-0.07558,0.14571,-0.255255,0.293684,-0.069969,0.2368,-0.537099,-0.255255,0.060388,-0.07558,0.041343,-0.780853,-0.094925,-0.537099,-0.428465,0.106746,0.0,-0.067919,-0.370229,-0.446324,0.180439,-0.228788,-0.247728,-0.228788,-0.558004,-0.537099,0.607636,-0.780853,-0.327246,0.179228,-0.247728,0.032291,0.169494,-0.529529,-0.247728,-0.366171,-0.653974,0.399067,0.399067,0.159508,-0.228788,0.0,-0.067919,-0.379644,0.159508,-0.223905,-0.370229,-0.370229,0.179228,0.506775,-0.466541,-0.218164,0.534486,0.159508,-0.534027,0.246563,0.159508,-0.067919,-0.094925,-0.255255,0.060388,0.663156,0.362367,-0.553744,0.041343,-0.591358,0.492822,0.032291,-0.591358,-0.591358,0.64854,-0.07558,-0.533072,-0.218164,-0.218164,-0.077345,-0.005585,-0.223905,-0.247728,0.08402,-0.591358,-0.07558,-0.077345,0.520486,-0.641525,0.04402,0.6652,0.511622,-0.330312,0.232629,0.014504,0.64854,0.520148,-0.187806,0.497495,0.270091,0.756744,-0.050986,-0.23134,-0.657996,0.197051,-0.730584,-0.553744,-0.553744,0.528186,#
