0,1.0,0.657463,-0.019438,0.034995,0.094245,0.088486,0.088486,0.0,0.088486,0.079553,-0.519858,-0.225357,0.34149,0.341704,0.523485,-0.364925,-0.533976,0.419571,-0.027738,-0.218169,0.241593,0.033337,0.094245,0.070399,0.777228,-0.44688,0.373083,-0.127341,-0.222054,0.100143,0.035706,0.153107,0.105684,0.0,-0.20442,0.518152,0.294063,-0.164294,-0.100781,-0.083449,0.741058,0.423849,-0.068347,-0.329421,0.464812,-0.631355,0.071693,0.059357,-0.388802,-0.773691,-0.225357,-0.220041,0.0,0.413,-0.54194,-0.342404,-0.512014,0.26817,-0.296426,0.321164,0.234773,0.21411,0.185567,-0.166417,-0.470874,0.425075,0.0,0.516742,0.207796,0.317933,-0.082329,0.236657,0.518152,0.349987,0.337598,-0.237825,-0.218169,-0.53404,0.034258,0.227242,0.0,-0.428258,-0.094039,-0.770981,0.082939,-0.327254,0.074611,-0.428258,0.044266,-0.327087,-0.521417,-0.534138,-0.327254,0.091445,-0.224184,0.204534,0.082939,0.0,-0.094039,0.035706,-0.222054,-0.53404,-0.083501,0.518152,0.337598,-0.428258,-0.071693,-0.367391,-0.218169,-0.998458,0.696651,0.0,-0.327087,0.224987,0.219616,-0.327254,0.053559,-0.225112,0.224987,-0.288294,-0.218169,-0.094039,-0.527536,-0.094039,0.185567,0.207162,-0.115952,0.321982,-0.353055,0.0,-0.077626,0.0,-0.363215,0.098506,0.497465,-0.218169,0.0,-0.218169,0.325865,-0.358891,0.0,0.249907,-0.327254,-0.816583,-0.094039,-0.353055,-0.770981,0.594661,-0.225112,-0.218169,-0.521417,-0.094039,0.518152,0.0,0.025163,0.0,0.043618,0.513153,0.494102,-0.327254,0.016445,0.0,0.074611,0.349987,0.209102,0.732235,-0.218169,0.13964,-0.010669,-0.218169,-0.076407,0.209019,0.044266,-0.050126,-0.249197,-0.087735,0.0,-0.556031,0.297692,-0.693687,0.412601,0.206193,-0.249197,0.182975,0.288981,0.241473,-0.242959,0.414574,-0.058698,0.412695,-0.087735,-0.556031,0.182975,0.357146,0.110578,0.351311,-0.257644,0.217057,0.289602,0.105457,#
1,0.657463,1.0,-0.173751,-0.244578,-0.028044,0.381022,-0.004316,0.0,0.381022,-0.201414,-0.644981,-0.513736,-0.010763,0.407631,0.220729,-0.421097,-0.815545,0.642507,0.225901,0.317592,0.337237,0.23216,0.391373,0.395562,0.495912,-0.428503,0.470707,0.010442,-0.415006,0.416245,-0.211321,-0.464854,0.482494,2.4e-05,-0.522782,0.343624,0.259279,-0.458651,-0.018505,-0.401475,0.795627,0.455107,0.197391,-0.210073,0.164885,-0.224748,0.381022,0.309937,-0.277398,-0.544758,-0.513736,0.00256,0.0,-0.076106,-0.317109,0.078675,-0.155798,0.39086,-0.105648,0.485369,0.351195,-0.012263,0.252021,-0.4669,0.096353,0.644719,0.0,0.402088,0.310521,0.48752,-0.462743,0.373944,0.343624,0.423297,-0.014183,0.227019,0.317592,-0.428759,0.20541,0.197132,0.0,-0.654082,-0.395689,-0.527748,0.402223,0.00781,0.386941,-0.654082,0.181205,-0.025647,-0.349148,-0.014183,-0.499817,0.417891,-0.178216,0.00781,0.402223,0.0,0.024416,-0.211321,-0.415006,-0.002731,-0.01913,0.317592,0.405922,-0.244316,-0.267793,-0.418134,0.317592,-0.659999,0.647405,0.0,-0.025647,-0.011715,0.022302,-0.499817,0.197688,-0.00668,0.476388,-0.659741,0.317592,-0.395689,-0.21738,-0.395689,0.252021,-0.206973,0.392742,0.466975,-0.400038,0.0,-0.204357,0.0,-0.449543,-0.401199,0.214277,-0.333211,0.0,-0.333211,0.499645,-0.801288,0.0,-0.185985,-0.499817,-0.528469,0.405922,-0.400038,-0.527748,0.45653,-0.00668,0.343624,-0.349148,-0.014183,0.343624,0.0,0.188355,0.0,-0.036224,0.693816,0.393499,-0.499817,-0.244888,0.0,-0.418134,0.423297,0.496217,0.518217,-0.333211,0.164464,-0.254614,-0.333211,-0.692107,0.402626,-0.236432,-0.237878,-0.024173,-0.389615,0.0,-0.379169,0.489837,-0.379304,0.661137,0.218066,-0.538497,0.326261,0.481224,-0.068908,-0.007136,0.196381,-0.643888,0.660599,-0.002731,-0.379169,0.326261,0.310712,0.005456,-0.017438,-0.537241,0.183336,0.473201,-0.181199,#
2,-0.019438,-0.173751,1.0,-0.030032,-0.053659,0.371447,0.441114,0.0,0.371447,0.438833,0.550703,0.778389,-0.347252,0.054673,-0.537377,0.371447,0.051564,0.056818,0.097111,-0.506286,-0.214789,-0.124157,-0.017257,-0.054491,0.343653,-0.575163,-0.402869,0.07747,0.520001,-0.093477,-0.049994,0.296074,-0.744209,-5.1e-05,0.219646,0.257386,0.329454,-0.366915,0.527549,0.162712,-0.286072,0.18487,0.405481,-0.523401,-0.476605,0.22378,-0.098807,-0.519995,0.160751,0.222243,0.778389,-0.394508,0.0,0.186569,-0.175921,-0.277813,-0.481845,0.231776,-0.442108,-0.294768,0.474351,-0.23736,-0.239365,0.180771,-0.461653,-0.353123,0.0,0.357247,-0.133247,0.255126,0.666296,-0.285135,0.257386,-0.338261,0.07032,0.246657,-0.506286,0.055388,-0.51409,-0.713362,0.0,0.377436,0.072271,0.220168,-0.090469,0.386079,-0.067,0.415149,-0.078795,-0.192032,-0.22498,0.129814,0.32244,-0.558667,-0.197349,-0.207889,-0.108266,0.0,0.089827,-0.049994,0.520001,0.055388,-0.408762,0.200817,0.07032,-0.03216,0.0,0.774417,-0.506286,0.064511,-0.627767,0.0,-0.170224,0.2588,-0.285322,0.32244,-0.531418,-0.345978,-0.229102,0.627213,-0.506286,0.037159,0.045316,0.037159,-0.239365,0.187687,0.169264,-0.327754,-0.517727,0.0,0.045763,0.0,-0.067728,0.337146,-0.013645,-0.506286,0.0,0.144249,0.230308,-0.117936,0.0,0.404926,-0.271528,-0.428868,-0.291522,-0.517727,0.220168,0.009076,-0.345978,0.257386,-0.22498,-0.344189,0.257386,0.0,0.005546,0.0,0.305473,-0.257601,0.37669,-0.271528,0.446867,0.0,0.298365,0.048464,0.344689,-0.192124,0.172533,-0.202439,-0.452584,0.257386,0.498151,-0.376962,0.377107,-0.477232,0.158006,-0.371889,0.0,0.476641,-0.408159,-0.402822,-0.4784,0.223804,0.761529,-0.230858,-0.359973,-0.28524,-0.36247,-0.50433,0.037034,0.01848,-0.758614,0.476641,-0.230858,-0.173484,-0.114943,0.11866,0.169189,-0.682473,-0.27616,-0.046154,#
3,0.034995,-0.244578,-0.030032,1.0,0.516926,-0.386682,0.508514,0.0,-0.386682,0.445265,-0.052734,0.28544,0.313276,-0.118583,0.492735,0.508514,0.347499,-0.051335,-0.111107,-0.218064,0.23085,-0.503312,0.049174,-0.386522,0.197097,0.056304,-0.403327,-0.185039,-0.51758,0.055387,0.065888,0.04253,-0.320541,2.5e-05,-0.183296,-0.218064,-0.211105,0.376573,0.357194,0.355878,-0.090989,-0.523961,-0.598242,-0.517581,0.592325,-0.36004,-0.386682,-0.042516,0.03046,0.293004,0.28544,-0.27457,0.0,-0.313804,-0.533305,0.141959,-0.004785,-0.189189,0.254005,-0.269734,-0.558129,0.757498,0.17497,0.356535,-0.181885,-0.091703,0.0,-0.389439,0.181014,-0.221183,0.323441,-0.718531,-0.218064,0.313818,0.344353,-0.731415,-0.218064,-0.058658,0.05707,0.191239,0.0,0.075173,-0.065361,0.312082,0.089911,0.239032,0.081522,0.075173,0.020473,-0.32693,0.191289,-0.065361,0.239032,0.055063,-0.237546,-0.327097,-0.385054,0.0,-0.065361,0.065888,-0.51758,-0.533783,0.338977,0.48086,-0.124168,0.075173,-0.073496,0.081522,-0.218064,-0.032663,0.151774,0.0,0.255077,0.197097,-0.32693,0.239032,0.505139,0.312082,0.197097,-0.173216,-0.218064,-0.065361,-0.49663,-0.065361,0.17497,0.213896,-0.051707,0.31353,0.100871,0.0,-0.024711,0.0,0.521875,0.441443,0.084715,0.508817,0.0,-0.218064,-0.216052,0.097982,0.0,0.292703,0.218064,-0.188628,-0.065361,0.100871,0.312082,0.14981,0.312082,-0.218064,0.191289,-0.065361,-0.218064,0.0,0.0948,0.0,-0.402214,0.305409,0.089789,0.218064,0.084715,0.0,0.081522,-0.118293,0.182027,-0.354781,-0.218064,-0.137047,0.588444,0.536774,0.415987,-0.260793,0.020473,0.420954,-0.281424,0.373453,0.0,0.188305,-0.289577,-0.388259,-0.1046,-0.657365,0.315118,0.188305,-0.376593,0.314252,0.30162,-0.073496,-0.033346,-0.583347,0.373453,0.188305,0.188305,0.134401,0.489864,0.323411,0.30162,0.18148,0.323088,0.511084,#
4,0.094245,-0.028044,-0.053659,0.516926,1.0,-0.289134,0.134845,0.0,-0.289134,0.018482,-0.07433,0.097446,-0.211547,-0.605196,0.054459,-0.289134,0.263015,-0.109442,0.361587,0.254225,0.693105,-0.414952,0.113229,0.324966,0.401198,0.227191,0.035862,0.283328,-0.369967,0.139384,0.117887,-0.197593,-0.024418,4.8e-05,-0.189151,0.280706,-0.290483,-0.161795,-0.171168,0.234,0.32152,-0.456362,0.023441,-0.387861,0.152813,0.058628,-0.713113,0.012426,0.34542,0.070611,0.097446,-0.427955,0.0,-0.603282,-0.252093,-0.099012,-0.074912,-0.518014,0.121865,-0.478505,-0.258567,0.420752,0.58569,0.518214,-0.236453,-0.148813,0.0,-0.68654,-0.354192,0.123947,0.252044,-0.296301,0.280706,-0.211137,0.260799,0.017767,0.254225,0.278737,0.515635,-0.04561,0.0,0.135155,-0.571092,0.082681,-0.276791,-0.095334,0.157376,-0.341516,0.535011,-0.129316,-0.306799,0.260799,0.440921,-0.305277,-0.410051,-0.611728,-0.71003,0.0,-0.571092,0.117887,-0.369967,-0.154648,0.217304,0.254225,-0.166561,0.551997,0.331946,-0.232396,0.254225,-0.088876,0.339878,0.0,0.401561,-0.115196,-0.611416,0.440921,0.499287,0.082681,0.381337,0.008343,0.254225,-0.127295,-0.518718,-0.127295,0.58569,-0.416945,0.231195,0.21537,0.178349,0.0,-0.083115,0.0,0.566543,0.599437,0.083039,0.254225,0.0,-0.407819,-0.41952,-0.232396,0.0,-0.422279,-0.115196,-0.200682,-0.182998,0.178349,0.082681,-0.223403,0.082681,-0.407819,-0.306799,0.260799,0.280706,0.0,0.533082,0.0,-0.598698,0.357742,0.164555,-0.115196,0.5681,0.0,-0.232396,-0.604703,-0.129316,-0.113766,0.307188,0.444084,0.127434,0.280706,0.377371,0.317984,-0.375667,0.34788,0.10935,-0.171317,0.0,0.436778,0.088408,-0.511082,-0.134009,-0.364368,0.130279,-0.308436,0.009697,0.522773,-0.43789,0.331946,-0.073386,-0.560379,0.222249,0.436778,-0.308436,-0.38522,-0.283765,0.211735,0.627668,0.38432,0.574279,0.530704,#
5,0.088486,0.381022,0.371447,-0.386682,-0.289134,1.0,0.189156,0.0,1.0,0.181867,-0.052336,0.119716,-0.15163,0.238067,-0.375964,0.189156,-0.575756,0.307105,0.344692,0.249996,-0.216319,0.236147,0.592065,-0.187705,0.39473,-0.580057,0.155003,0.516252,-0.08458,0.578608,-0.801076,-0.414627,-0.028132,0.0,-0.370402,0.276311,0.067185,-0.518605,0.226087,-0.128219,0.313148,0.303744,0.721606,-0.235095,-0.321228,0.325236,0.578685,-0.121991,0.408219,0.093227,0.119716,0.071157,0.0,-0.039959,-0.198409,0.458326,-0.550032,0.582931,-0.522328,0.622877,0.415333,-0.143858,-0.16566,0.203252,0.046442,0.361999,0.0,0.597119,0.418329,0.047112,0.072183,0.19921,0.276311,-0.176682,-0.612966,0.458979,0.249996,-0.200608,0.068182,-0.037617,0.0,-0.369877,-0.156531,0.085538,0.121888,-0.098682,-0.296188,0.103799,0.043708,0.415382,-0.30308,-0.188291,-0.611832,0.137469,-0.377242,-0.078946,0.568962,0.0,-0.172865,-0.801076,-0.08458,0.230055,0.225607,0.249996,-0.188291,-0.386446,0.334873,0.16222,0.249996,-0.083716,-0.004781,0.0,-0.132449,0.39473,-0.113286,-0.611832,0.060296,-0.461457,0.374994,-0.02349,0.249996,-0.59754,-0.098118,-0.59754,-0.16566,-0.009861,0.223309,0.197254,-0.68167,0.0,-0.55686,0.0,-0.268153,-0.262077,-0.386801,-0.407888,0.0,0.276311,0.571303,-0.651613,0.0,-0.10469,-0.098683,-0.380097,-0.188291,-0.68167,0.085538,0.221287,-0.461457,0.276311,-0.30308,-0.612966,0.276311,0.0,0.051092,0.0,0.103646,-0.03048,-0.292593,-0.098683,-0.386801,0.0,-0.264291,0.230055,0.395092,-0.117762,-0.407888,-0.431485,-0.79789,-0.407888,-0.122504,0.024565,0.543371,-0.591293,0.584259,-0.591701,0.0,0.34541,0.037356,-0.270108,0.314201,-0.012805,0.06434,0.34541,0.125557,-0.497903,0.056678,-0.152397,-0.528644,0.773721,-0.607345,0.34541,0.34541,0.038171,-0.371661,0.266113,0.056678,-0.451993,-0.475747,-0.322058,#
6,0.088486,-0.004316,0.441114,0.508514,0.134845,0.189156,1.0,0.0,0.189156,0.536275,0.359112,0.593276,0.239168,-0.184885,0.04895,0.578685,-0.200145,-0.103685,0.328371,-0.407888,0.265112,-0.677005,0.592065,-0.299255,0.39473,-0.705249,-0.173185,-0.039585,-0.08458,0.130038,-0.353162,0.185867,-0.599569,0.0,0.041643,0.276311,0.457647,-0.167135,0.242192,0.677643,-0.130791,0.303744,-0.134358,-0.470191,0.146761,0.020193,-0.23216,0.226873,0.229273,0.093227,0.593276,-0.462328,0.0,-0.023975,-0.272145,0.23099,-0.497711,0.23512,-0.561192,0.105598,-0.278641,0.374185,-0.358663,0.203252,0.11422,0.361999,0.0,0.178392,0.418329,0.086308,0.473672,-0.553898,0.276311,0.214411,-0.188291,-0.211838,-0.407888,-0.567775,0.068182,-0.443143,0.0,-0.344536,-0.132938,0.114802,-0.245155,0.414467,-0.257,0.12914,-0.378472,-0.063688,-0.264262,-0.149272,-0.098682,-0.273079,-0.000443,-0.078946,-0.228597,0.0,-0.149272,-0.353162,-0.08458,-0.567775,-0.193377,0.249996,-0.188291,-0.344536,-0.108282,0.185915,-0.407888,-0.058258,-0.076499,0.0,-0.083978,-0.118419,-0.61152,-0.098682,0.060296,-0.432194,-0.118419,0.000461,-0.407888,-0.573947,-0.485732,-0.573947,-0.358663,0.013446,0.263402,0.044869,-0.26535,0.0,-0.112358,0.0,0.162363,0.146202,0.07736,0.249996,0.0,-0.407888,0.098501,-0.240596,0.0,0.546554,-0.118419,-0.536301,-0.149272,-0.26535,0.114802,0.57738,-0.432194,0.276311,-0.264262,-0.573947,0.276311,0.0,0.094595,0.0,-0.27937,0.359879,0.13734,-0.118419,0.07736,0.0,-0.240596,-0.176682,0.395092,-0.116522,-0.407888,-0.388881,0.121485,0.276311,0.33235,-0.018532,0.104303,-0.565627,0.044843,-0.176682,0.0,0.347124,-0.497227,-0.474514,-0.156533,-0.01182,0.585559,0.347124,-0.062778,0.076035,0.057967,-0.595553,-0.084961,-0.13034,-0.176682,0.347124,0.347124,0.475501,0.082725,0.661611,0.057967,-0.451993,0.053741,0.069332,#
7,0.0,0.0,0.0,0.0,0.0,0.0,0.0,0.0,0.0,0.0,0.0,0.0,0.0,0.0,0.0,0.0,0.0,0.0,0.0,0.0,0.0,0.0,0.0,0.0,0.0,0.0,0.0,0.0,0.0,0.0,0.0,0.0,0.0,0.0,0.0,0.0,0.0,0.0,0.0,0.0,0.0,0.0,0.0,0.0,0.0,0.0,0.0,0.0,0.0,0.0,0.0,0.0,0.0,0.0,0.0,0.0,0.0,0.0,0.0,0.0,0.0,0.0,0.0,0.0,0.0,0.0,0.0,0.0,0.0,0.0,0.0,0.0,0.0,0.0,0.0,0.0,0.0,0.0,0.0,0.0,0.0,0.0,0.0,0.0,0.0,0.0,0.0,0.0,0.0,0.0,0.0,0.0,0.0,0.0,0.0,0.0,0.0,0.0,0.0,0.0,0.0,0.0,0.0,0.0,0.0,0.0,0.0,0.0,0.0,0.0,0.0,0.0,0.0,0.0,0.0,0.0,0.0,0.0,0.0,0.0,0.0,0.0,0.0,0.0,0.0,0.0,0.0,0.0,0.0,0.0,0.0,0.0,0.0,0.0,0.0,0.0,0.0,0.0,0.0,0.0,0.0,0.0,0.0,0.0,0.0,0.0,0.0,0.0,0.0,0.0,0.0,0.0,0.0,0.0,0.0,0.0,0.0,0.0,0.0,0.0,0.0,0.0,0.0,0.0,0.0,0.0,0.0,0.0,0.0,0.0,0.0,0.0,0.0,0.0,0.0,0.0,0.0,0.0,0.0,0.0,0.0,0.0,0.0,0.0,0.0,0.0,0.0,0.0,0.0,0.0,0.0,0.0,0.0,0.0,0.0,0.0,0.0,0.0,0.0,0.0,#
8,0.088486,0.381022,0.371447,-0.386682,-0.289134,1.0,0.189156,0.0,1.0,0.181867,-0.052336,0.119716,-0.15163,0.238067,-0.375964,0.189156,-0.575756,0.307105,0.344692,0.249996,-0.216319,0.236147,0.592065,-0.187705,0.39473,-0.580057,0.155003,0.516252,-0.08458,0.578608,-0.801076,-0.414627,-0.028132,0.0,-0.370402,0.276311,0.067185,-0.518605,0.226087,-0.128219,0.313148,0.303744,0.721606,-0.235095,-0.321228,0.325236,0.578685,-0.121991,0.408219,0.093227,0.119716,0.071157,0.0,-0.039959,-0.198409,0.458326,-0.550032,0.582931,-0.522328,0.622877,0.415333,-0.143858,-0.16566,0.203252,0.046442,0.361999,0.0,0.597119,0.418329,0.047112,0.072183,0.19921,0.276311,-0.176682,-0.612966,0.458979,0.249996,-0.200608,0.068182,-0.037617,0.0,-0.369877,-0.156531,0.085538,0.121888,-0.098682,-0.296188,0.103799,0.043708,0.415382,-0.30308,-0.188291,-0.611832,0.137469,-0.377242,-0.078946,0.568962,0.0,-0.172865,-0.801076,-0.08458,0.230055,0.225607,0.249996,-0.188291,-0.386446,0.334873,0.16222,0.249996,-0.083716,-0.004781,0.0,-0.132449,0.39473,-0.113286,-0.611832,0.060296,-0.461457,0.374994,-0.02349,0.249996,-0.59754,-0.098118,-0.59754,-0.16566,-0.009861,0.223309,0.197254,-0.68167,0.0,-0.55686,0.0,-0.268153,-0.262077,-0.386801,-0.407888,0.0,0.276311,0.571303,-0.651613,0.0,-0.10469,-0.098683,-0.380097,-0.188291,-0.68167,0.085538,0.221287,-0.461457,0.276311,-0.30308,-0.612966,0.276311,0.0,0.051092,0.0,0.103646,-0.03048,-0.292593,-0.098683,-0.386801,0.0,-0.264291,0.230055,0.395092,-0.117762,-0.407888,-0.431485,-0.79789,-0.407888,-0.122504,0.024565,0.543371,-0.591293,0.584259,-0.591701,0.0,0.34541,0.037356,-0.270108,0.314201,-0.012805,0.06434,0.34541,0.125557,-0.497903,0.056678,-0.152397,-0.528644,0.773721,-0.607345,0.34541,0.34541,0.038171,-0.371661,0.266113,0.056678,-0.451993,-0.475747,-0.322058,#
9,0.079553,-0.201414,0.438833,0.445265,0.018482,0.181867,0.536275,0.0,0.181867,1.0,-0.05782,0.323757,0.448195,-0.076559,0.066833,0.536275,-0.184103,-0.122232,-0.004809,-0.215072,0.060286,-0.042079,0.188143,-0.468436,0.245363,-0.484048,-0.251888,-0.209226,0.118132,-0.326291,-0.04561,0.12508,-0.316142,-5.5e-05,-0.370465,-0.215072,0.137569,-0.208746,0.284921,0.345528,-0.047407,-0.069007,-0.008642,-0.72267,0.122566,-0.377151,0.181867,-0.223138,0.031483,0.331402,0.323757,-0.148663,0.0,0.014842,-0.530826,0.157012,-0.588624,0.347518,-0.368448,-0.095659,0.188486,0.251566,-0.592814,0.394883,-0.144195,0.058538,0.0,0.175687,0.235264,0.285555,0.187124,-0.583905,-0.215072,-0.076268,0.27461,-0.447051,-0.215072,-0.164187,-0.422151,-0.196016,0.0,-0.038482,0.338328,0.335554,0.022767,0.10905,0.015106,0.50677,0.063806,0.30817,0.225481,-0.169321,0.10905,-0.335086,-0.148899,0.290801,0.17525,0.0,-0.169321,-0.04561,0.118132,-0.526458,-0.06307,0.542223,-0.082623,-0.038482,0.068093,0.524949,-0.215072,-0.051057,-0.173035,0.0,0.121322,0.245363,-0.322443,0.10905,0.073373,-0.294096,0.245363,0.238049,-0.215072,-0.169321,-0.058597,-0.169321,-0.592814,0.648224,-0.158739,-0.295082,0.051887,0.0,-0.594718,0.0,0.537397,-0.055751,-0.031053,-0.215072,0.0,-0.215072,0.29323,0.079099,0.0,0.324295,-0.322607,-0.3738,-0.169321,0.051887,0.335554,0.28658,-0.294096,-0.215072,0.225481,-0.169321,-0.215072,0.0,-0.023408,0.0,0.131904,-0.170997,0.022736,-0.322607,-0.031053,0.0,0.524949,-0.076268,0.229019,-0.319343,-0.215072,-0.249654,-0.015406,0.360472,0.400067,-0.30073,0.619532,-0.112721,-0.155755,-0.164187,0.0,0.170289,-0.765423,-0.346864,-0.525676,-0.164857,0.299092,0.170289,-0.234608,0.370424,0.285884,-0.492808,-0.046454,0.01213,-0.164187,0.170289,0.170289,0.234759,0.034778,0.45565,0.285884,-0.201124,-0.286386,0.126664,#
10,-0.519858,-0.644981,0.550703,-0.052734,-0.07433,-0.052336,0.359112,0.0,-0.052336,-0.05782,1.0,0.784806,-0.350639,-0.352181,-0.549935,0.359112,0.525117,-0.430359,0.08192,-0.508669,-0.265829,-0.521266,-0.07433,-0.08331,-0.220979,-0.070379,-0.391884,0.118294,0.563441,-0.131432,-0.034574,0.530584,-0.747711,0.000101,0.80351,0.21403,0.254306,0.128357,0.098664,0.52525,-0.758858,0.13383,0.066624,0.247859,-0.489894,0.613648,-0.497359,-0.103556,0.39489,0.259566,0.784806,-0.32725,0.0,0.20406,0.509434,-0.189322,-0.008605,-0.189568,-0.304924,-0.313444,-0.202036,-0.251531,-0.230931,0.200432,-0.02572,-0.415588,0.0,-0.063988,-0.20169,-0.291966,0.683853,-0.231972,0.21403,-0.377136,-0.330966,0.26105,-0.508669,0.11178,-0.080748,-0.684966,0.0,0.438664,0.092686,0.253223,-0.528103,0.321045,-0.498449,0.438664,-0.488537,-0.183956,-0.183564,0.117606,0.341892,-0.557465,0.221289,-0.200132,-0.510613,0.0,0.075433,-0.034574,0.563441,0.11178,-0.377879,-0.508669,-0.330966,-0.016369,0.062483,0.39487,-0.508669,0.542038,-0.741979,0.0,-0.205388,-0.220979,-0.236345,0.341892,-0.544085,-0.324553,-0.763003,0.671851,-0.508669,0.092686,0.082911,0.092686,-0.230931,-0.203007,0.087948,-0.376825,-0.092301,0.0,0.491794,0.0,-0.054899,0.425994,-0.070818,0.186234,0.0,0.21403,-0.321253,0.353477,0.0,0.378721,0.300198,0.182777,-0.348218,-0.092301,0.253223,-0.207302,-0.324553,0.21403,-0.183564,-0.330966,0.21403,0.0,-0.052684,0.0,-0.022562,-0.360022,-0.081024,0.300198,0.438318,0.0,-0.05564,-0.360612,-0.205388,-0.227042,0.241826,-0.218411,-0.023924,0.21403,0.560964,-0.227882,-0.024763,-0.429167,0.230242,0.052488,0.0,0.526719,-0.347779,0.157898,-0.473021,0.220358,0.801385,-0.255483,-0.323536,-0.301562,-0.34914,-0.452207,0.512773,-0.435286,-0.377136,0.526719,-0.255483,-0.188922,-0.14234,0.090593,0.238656,-0.652308,-0.33545,-0.102526,#
11,-0.225357,-0.513736,0.778389,0.28544,0.097446,0.119716,0.593276,0.0,0.119716,0.323757,0.784806,1.0,-0.124211,-0.12581,-0.273414,0.593276,0.408633,-0.36127,0.225239,-0.665437,-0.16425,-0.422191,0.097446,-0.380589,0.225545,-0.368491,-0.359861,0.276514,0.340016,0.044526,-0.196872,0.378923,-0.97815,0.000116,0.469171,0.166359,0.057271,-0.045456,0.388419,0.408751,-0.568271,-0.038143,0.147051,-0.311842,-0.149655,0.254475,-0.392486,-0.47187,0.266002,0.398209,1.0,-0.277192,0.0,0.108558,-0.130218,-0.049054,-0.374239,-0.175901,-0.34623,-0.258431,-0.165715,0.189591,-0.145214,0.353295,-0.32716,-0.335966,0.0,0.103317,-0.176454,-0.242111,0.950652,-0.32606,0.166359,-0.154385,-0.107891,0.032193,-0.665437,-0.067124,-0.249926,-0.554132,0.0,0.347885,-0.089137,0.394071,-0.426092,0.249539,-0.396423,0.347885,-0.206026,-0.331635,-0.156823,-0.060454,0.273533,-0.455299,0.014874,-0.350314,-0.405962,0.0,-0.108994,-0.196872,0.340016,-0.067124,-0.141056,0.134367,-0.107891,-0.175838,0.224278,0.631751,-0.665437,0.25783,-0.598232,0.0,-0.356302,0.225545,-0.391933,0.273533,-0.259703,-0.270924,-0.398303,0.5353,-0.665437,-0.089137,-0.270692,-0.089137,-0.145214,-0.010244,-0.09431,-0.274182,-0.399671,0.0,0.200581,0.0,0.118545,0.586601,-0.238256,0.134367,0.0,0.166359,-0.273028,0.113232,0.0,0.528056,0.225545,-0.243284,-0.596599,-0.399671,0.394071,0.092272,-0.270924,0.166359,-0.156823,-0.576742,0.166359,0.0,-0.217457,0.0,0.130738,-0.313605,0.08823,0.225545,0.347738,0.0,0.113232,-0.135366,0.226115,-0.404481,0.198352,-0.489274,-0.18399,0.166359,0.762861,-0.264903,0.327758,-0.349944,0.340059,-0.135366,0.0,0.621862,-0.329807,-0.272259,-0.427213,0.002156,0.997419,-0.278421,-0.310254,-0.25763,-0.331374,-0.368108,0.224366,-0.382995,-0.629846,0.621862,-0.278421,-0.018562,-0.047224,0.389324,0.345155,-0.522051,-0.279491,0.303438,#
12,0.34149,-0.010763,-0.347252,0.313276,-0.211547,-0.15163,0.239168,0.0,-0.15163,0.448195,-0.350639,-0.124211,1.0,0.150712,0.779749,0.239168,-0.273023,-0.368472,0.019518,-0.271931,0.13587,0.083618,0.247162,-0.63224,0.087123,-0.23222,0.381154,-0.173086,-0.143691,-0.205626,-0.084689,0.161609,0.013054,2.4e-05,-0.18233,-0.271931,-0.043931,0.144422,-0.277284,0.175742,0.075441,0.112659,-0.383694,-0.080171,0.764443,-0.750781,0.271058,0.115075,-0.427705,-0.116894,-0.124211,0.377862,0.0,0.303929,-0.409693,0.304199,-0.340396,0.018145,-0.185906,0.409336,-0.369311,0.571013,-0.454925,-0.047009,0.166977,0.537719,0.0,0.262991,0.271012,-0.113965,-0.117497,0.052645,-0.271931,0.55116,0.147208,-0.673,-0.271931,-0.665639,-0.093278,0.397827,0.0,-0.53379,0.202742,-0.119692,-0.173967,-0.407896,-0.181766,-0.058571,-0.110224,0.141927,0.264524,-0.665761,-0.407896,0.229984,0.411204,0.641545,0.274563,0.0,-0.239703,-0.084689,-0.143691,-0.665639,0.142272,0.388095,0.147208,-0.53379,0.100588,-0.165308,-0.271931,-0.349607,0.382205,0.0,-0.407688,0.087123,0.121571,-0.407896,0.330115,-0.140017,0.087123,-0.35996,-0.271931,-0.239703,-0.315,-0.239703,-0.454925,0.425027,-0.664813,-0.140481,0.237464,0.0,-0.359529,0.0,0.234879,-0.27837,-0.067264,0.388095,0.0,-0.271931,-0.106727,0.262591,0.0,0.390135,0.087123,-0.189449,-0.239703,0.237464,-0.119692,0.701339,-0.140017,-0.271931,0.264524,-0.239703,-0.271931,0.0,-0.533183,0.0,0.219262,-0.035086,-0.173731,0.087123,-0.532936,0.0,0.262591,0.158793,0.072943,0.096506,-0.271931,-0.421161,0.309867,-0.271931,0.043471,0.188255,0.374124,0.060807,-0.151659,0.158793,0.0,-0.48343,-0.149396,0.010254,0.055989,0.008696,-0.151659,0.231998,0.363542,0.434563,0.374005,0.082482,0.111756,0.071781,0.158793,-0.48343,0.231998,0.789976,0.195577,0.587129,-0.163612,0.383785,-0.129057,0.337916,#
13,0.341704,0.407631,0.054673,-0.118583,-0.605196,0.238067,-0.184885,0.0,0.238067,-0.076559,-0.352181,-0.12581,0.150712,1.0,0.353674,0.238067,-0.241772,0.524802,-0.372377,-0.272101,-0.536749,0.528443,-0.179569,-0.296686,0.087178,-0.215609,-0.045724,-0.168227,-0.166422,0.245756,-0.084743,-0.116738,0.013062,2.4e-05,-0.177164,-0.272101,-0.058242,0.16253,0.563249,-0.666099,0.075489,0.098267,-0.108539,-0.101273,0.295115,-0.438123,0.66102,-0.365006,-0.614759,-0.118495,-0.12581,0.417827,0.0,0.349048,-0.411899,0.040213,0.091552,0.361732,0.279814,0.408057,0.252279,0.052083,0.07438,-0.575056,-0.226052,0.082623,0.0,0.650554,0.269139,-0.11328,-0.112425,0.306316,-0.272101,0.591229,0.147301,-0.221521,-0.272101,-0.257739,-0.534091,0.413734,0.0,-0.101659,0.162787,-0.120897,0.666292,0.106991,0.246288,-0.101659,-0.110293,-0.407944,0.263191,-0.239854,-0.408152,0.682367,0.017178,0.106991,0.666292,0.0,0.589113,-0.084743,-0.166422,0.174597,0.158539,0.388339,0.573627,-0.534125,-0.371403,0.222501,-0.272101,-0.35081,0.046462,0.0,-0.407944,0.602322,0.621818,-0.408152,-0.102037,0.407887,0.087178,-0.400874,-0.272101,0.162787,0.098304,0.162787,0.07438,0.385698,-0.227172,0.277569,-0.564926,0.0,0.120116,0.0,-0.606266,-0.263096,-0.067306,-0.272101,0.0,0.414757,0.40816,-0.166327,0.0,0.388931,0.106991,-0.18434,0.186472,-0.564926,-0.120897,0.328981,0.407887,0.414757,0.263191,-0.239854,-0.272101,0.0,-0.533518,0.0,0.588058,0.007838,0.257763,0.106991,-0.533271,0.0,0.222501,0.999547,0.60258,0.095322,-0.272101,-0.421425,-0.129192,-0.272101,-0.400598,-0.346374,0.330481,0.077692,-0.151754,0.174597,0.0,-0.483733,0.37424,0.009132,0.517202,-0.007119,-0.151754,0.232143,-0.055401,-0.591928,0.37424,0.099645,-0.351351,0.517262,-0.23372,-0.483733,0.232143,0.33502,0.615745,-0.268963,-0.668046,-0.002822,-0.0803,-0.054783,#
14,0.523485,0.220729,-0.537377,0.492735,0.054459,-0.375964,0.04895,0.0,-0.375964,0.066833,-0.549935,-0.273414,0.779749,0.353674,1.0,0.04895,-0.10716,-0.045816,-0.10568,-0.218164,0.202022,0.047851,0.054459,-0.411539,0.210987,0.026099,0.326068,-0.17848,-0.521601,0.061034,0.060135,0.007278,0.128121,-5.2e-05,-0.221486,-0.218164,-0.238659,0.344241,-0.111758,-0.111758,0.269103,-0.115596,-0.588703,-0.093671,0.981142,-0.834038,0.083623,0.072541,-0.581831,-0.268309,-0.273414,0.314466,0.0,0.139019,-0.551188,0.145602,-0.01705,-0.18515,0.251142,0.300831,-0.494457,0.742562,0.146439,-0.215622,-0.047648,0.407291,0.0,0.077974,0.180755,-0.214938,-0.135302,0.114482,-0.218164,0.788995,0.349815,-0.731751,-0.218164,-0.534027,0.05071,0.664947,0.0,-0.428248,-0.070874,-0.262737,0.09533,-0.327246,0.086887,-0.428248,0.032291,-0.327079,0.190875,-0.534126,-0.327246,0.534572,0.209479,0.232517,0.09533,0.0,-0.070874,0.060135,-0.521601,-0.534027,0.344541,0.499481,0.349815,-0.428248,-0.067809,-0.378367,-0.218164,-0.544503,0.646513,0.0,-0.327079,0.210988,0.248383,-0.327246,0.511152,0.311847,0.210988,-0.649123,-0.218164,-0.070874,-0.502726,-0.070874,0.146439,0.219234,-0.533364,0.291083,0.089754,0.0,-0.036769,0.0,0.05218,-0.022713,0.078762,0.499481,0.0,-0.218164,-0.209772,0.086887,0.0,0.292352,0.210988,-0.226434,-0.070874,0.089754,-0.262737,0.591761,0.311847,-0.218164,0.190875,-0.070874,-0.218164,0.0,-0.427761,0.0,0.055555,0.30519,0.0952,0.210988,-0.427563,0.0,0.086887,0.362376,0.19551,0.207157,-0.218164,-0.227396,0.48853,-0.218164,-0.09973,0.181841,0.032291,0.420815,-0.275918,0.362376,0.0,-0.591266,0.300424,-0.144321,0.415003,-0.211023,-0.275918,0.186617,0.29208,0.313572,0.300424,0.444039,-0.045309,-0.068972,0.362376,-0.591266,0.186617,0.634092,0.488076,0.328868,-0.284125,0.649622,0.322856,0.518919,#
15,-0.364925,-0.421097,0.371447,0.508514,-0.289134,0.189156,0.578685,0.0,0.189156,0.536275,0.359112,0.593276,0.239168,0.238067,0.04895,1.0,0.222417,-0.103685,-0.146886,-0.407888,-0.439686,-0.220794,0.168086,-0.764048,-0.118419,-0.27125,-0.551374,-0.061027,-0.08458,0.130038,-0.353162,0.086738,-0.599569,0.0,0.018849,-0.407888,-0.056119,0.299497,0.660919,0.258917,-0.574731,-0.216503,-0.24381,-0.298008,0.146761,-0.002148,0.189156,-0.256627,0.123533,0.607685,0.593276,0.052131,0.0,0.00373,-0.272145,0.440051,-0.101662,0.23512,-0.035755,0.105598,-0.303494,0.35429,-0.386541,0.203252,0.048952,-0.090333,0.0,0.178392,0.418329,-0.423249,0.451462,-0.553898,-0.407888,0.214411,-0.188291,-0.441325,-0.407888,-0.161038,-0.361569,-0.037617,0.0,0.086256,0.268144,0.612275,0.161444,0.414467,-0.257,0.559932,-0.378472,-0.063688,0.395647,-0.149272,-0.098682,0.137469,-0.000443,-0.078946,0.178002,0.0,0.25181,-0.353162,-0.08458,-0.161038,0.225607,0.249996,-0.188291,-0.344536,-0.082214,0.58873,-0.407888,0.374517,-0.474293,0.0,-0.083978,0.39473,-0.113286,-0.098682,0.060296,0.065279,-0.118419,0.072311,-0.407888,-0.172865,-0.056345,-0.172865,-0.386541,0.409664,-0.124475,0.022858,-0.26535,0.0,-0.086732,0.0,0.162363,0.052053,-0.335227,0.249996,0.0,0.276311,0.098501,0.16222,0.0,0.584098,0.39473,0.005207,-0.149272,-0.26535,0.612275,0.207043,0.065279,0.276311,0.395647,-0.573947,-0.407888,0.0,-0.326277,0.0,0.103646,-0.224055,-0.244823,0.39473,-0.335227,0.0,0.16222,0.230055,0.395092,-0.632196,-0.407888,-0.749525,0.121485,0.276311,0.33235,-0.57879,0.543371,-0.129315,0.044843,0.230055,0.0,0.347124,-0.497227,0.021901,-0.156533,-0.421571,0.585559,0.347124,-0.480328,-0.370362,0.560346,-0.569485,-0.084961,-0.13034,-0.176682,0.347124,0.347124,0.277012,0.456784,0.250293,0.057967,-0.451993,-0.416915,0.069332,#
16,-0.533976,-0.815545,0.051564,0.347499,0.263015,-0.575756,-0.200145,0.0,-0.575756,-0.184103,0.525117,0.408633,-0.273023,-0.241772,-0.10716,0.222417,1.0,-0.352303,-0.337195,-0.271948,-0.303594,-0.257025,-0.604413,-0.143442,-0.407922,0.678989,-0.543412,0.002549,0.138329,-0.189195,0.364383,0.341535,-0.399746,-2.3e-05,0.538767,-0.271948,-0.423375,0.618601,0.174208,0.127545,-0.656403,-0.653431,-0.332646,0.225353,-0.056119,0.219841,-0.575756,-0.377313,0.163302,0.418298,0.408633,-0.078573,0.0,-0.068232,0.248224,-0.268135,0.469694,-0.589875,0.499517,-0.629814,-0.419044,0.092528,0.304357,0.30974,-0.308641,-0.824621,0.0,-0.578619,-0.446692,-0.566613,0.471999,-0.29939,-0.271948,-0.272849,0.18606,-0.204593,-0.271948,0.606134,-0.09279,-0.017013,0.0,0.813208,0.146622,0.407635,-0.174582,0.087684,-0.142767,0.338782,-0.050273,-0.407714,0.263014,0.18606,0.621414,-0.190003,-0.005394,-0.407922,-0.59038,0.0,0.146622,0.364383,0.138329,0.190195,0.158751,-0.271948,-0.224096,0.381141,0.117169,0.261241,-0.271948,0.526636,-0.474148,0.0,0.101792,0.106746,0.091994,0.621414,-0.101495,0.407635,-0.407922,0.463961,-0.271948,0.588329,0.097766,0.588329,0.304357,-0.01264,-0.243411,-0.113325,0.254259,0.0,0.540298,0.0,0.258097,0.655308,-0.084677,0.38886,0.0,0.414276,-0.601241,0.650285,0.0,0.076287,0.602352,0.524336,-0.255647,0.254259,0.407635,-0.620136,0.407635,-0.271948,0.263014,0.18606,-0.271948,0.0,-0.075923,0.0,-0.093192,-0.425871,-0.134419,0.602352,0.398099,0.0,0.261241,-0.25774,-0.407714,-0.42214,0.439691,0.04086,0.372877,0.38886,0.57493,-0.420979,-0.093446,0.541142,-0.064902,0.551031,0.0,0.319694,-0.077633,0.262393,-0.371601,-0.377478,0.457328,-0.42201,-0.567122,-0.079594,-0.117444,0.117169,0.524931,-0.797624,0.14309,0.319694,-0.42201,-0.519283,0.221626,-0.268366,0.439919,0.013223,-0.080095,0.315152,#
17,0.419571,0.642507,0.056818,-0.051335,-0.109442,0.307105,-0.103685,0.0,0.307105,-0.122232,-0.430359,-0.36127,-0.368472,0.524802,-0.045816,-0.103685,-0.352303,1.0,-0.438698,0.21403,-0.242922,0.089581,-0.126666,0.298874,0.300198,-0.139436,-0.315063,-0.304184,-0.389521,0.343009,-0.016377,-0.212435,0.331326,0.000101,-0.359575,0.21403,0.270169,0.053317,0.52525,-0.343624,0.512278,0.13383,-0.063808,-0.239464,-0.105508,-0.048013,0.324222,0.099942,-0.055093,-0.369051,-0.36127,-0.326447,0.0,0.035229,-0.214083,-0.201676,0.103325,0.656879,0.167979,0.190104,0.477475,-0.251531,0.34215,-0.241239,-0.29088,0.024737,0.0,0.327267,0.496055,0.227952,-0.346573,-0.119066,0.21403,0.095256,0.093644,-0.009319,0.21403,0.086508,-0.062198,0.214367,0.0,-0.043135,0.109938,-0.355462,0.804058,0.341892,0.353477,-0.043135,-0.088768,-0.236345,-0.224567,0.092686,-0.200132,0.353002,-0.63184,-0.200132,0.331826,0.0,0.55851,-0.016377,-0.389521,0.069012,0.064682,0.186234,0.076391,-0.043135,-0.498805,-0.11436,0.21403,-0.427032,0.271096,0.0,0.342313,0.300198,0.342313,-0.200132,-0.070968,0.222313,0.300198,-0.256383,0.21403,0.109938,0.056232,0.109938,0.34215,0.216453,0.540986,0.679252,-0.480084,0.0,0.068085,0.0,-0.552395,-0.093231,0.457175,-0.508669,0.0,0.21403,0.784806,-0.50615,0.0,-0.005643,-0.220979,-0.34887,0.55851,-0.480084,-0.355462,-0.046103,0.222313,0.21403,-0.224567,0.109938,0.21403,0.0,0.438892,0.0,-0.17372,0.555001,0.348842,-0.220979,-0.051961,0.0,-0.097033,0.52488,0.30064,0.338599,-0.508669,0.262994,-0.026099,0.241826,-0.452653,-0.386299,-0.088768,0.050466,-0.382089,0.129276,0.0,-0.251862,0.18423,-0.386618,0.513039,-0.201006,-0.360122,0.53034,-0.345125,-0.368921,0.241377,0.015886,-0.40957,0.523163,0.129276,-0.251862,0.53034,-0.186618,0.424994,-0.392807,-0.346419,-0.228993,0.214272,-0.492316,#
18,-0.027738,0.225901,0.097111,-0.111107,0.361587,0.344692,0.328371,0.0,0.344692,-0.004809,0.08192,0.225239,0.019518,-0.372377,-0.10568,-0.146886,-0.337195,-0.438698,1.0,0.209488,0.66692,-0.044417,0.769555,0.113549,0.334905,-0.383493,0.656293,0.713863,-0.054339,0.348145,-0.490824,-0.455271,-0.123026,-5e-05,-0.19321,0.264616,-0.138428,-0.755099,-0.380594,0.074224,0.189437,0.152918,0.610855,-0.182897,-0.000941,0.247336,-0.130565,0.051891,0.231741,0.178721,0.225239,0.15959,0.0,-0.467218,-0.126219,0.468132,-0.400555,-0.361402,-0.401545,0.172006,-0.144981,0.288868,0.0301,0.133102,0.369179,0.485714,0.0,-0.091093,-0.281247,0.210338,0.24982,0.322664,0.264616,0.046267,-0.358715,0.545481,0.209488,-0.329651,0.427423,-0.279081,0.0,-0.481047,-0.814,0.183912,-0.557903,-0.202597,-0.08916,-0.536175,0.430979,0.292819,-0.273988,0.119381,-0.181924,-0.131928,0.211178,-0.243943,-0.1243,0.0,-0.779782,-0.490824,-0.054339,0.1388,0.040511,0.181924,0.103223,-0.02981,0.510396,-0.081523,0.209488,0.044921,0.156453,0.0,-0.238506,-0.243943,-0.760384,-0.181924,0.375336,-0.346602,0.293559,-0.210343,0.209488,-0.762673,-0.40662,-0.762673,0.0301,-0.698775,0.103915,-0.189057,-0.133207,0.0,-0.394158,0.0,0.302559,-0.061635,-0.528575,0.181924,0.0,-0.507182,-0.37397,-0.545457,0.0,-0.344251,-0.243943,-0.229791,-0.359666,-0.133207,0.183912,0.331218,-0.346602,0.237052,-0.273988,-0.342557,0.264617,0.0,-0.051291,0.0,-0.044528,0.086706,-0.066396,-0.243943,-0.004987,0.0,-0.545457,-0.363387,0.315253,-0.188532,0.264616,-0.207145,-0.533806,-0.507182,0.020911,0.804071,-0.085114,-0.464051,0.765971,-0.831838,0.0,0.481565,0.228299,-0.164933,0.018535,0.2439,0.199594,-0.322839,0.719665,0.145928,-0.436899,0.037807,-0.419996,0.010457,-0.405798,0.481565,-0.322839,0.229613,-0.704757,0.49499,0.187821,0.185389,0.204308,0.408324,#
19,-0.218169,0.317592,-0.506286,-0.218064,0.254225,0.249996,-0.407888,0.0,0.249996,-0.215072,-0.508669,-0.665437,-0.271931,-0.272101,-0.218164,-0.407888,-0.271948,0.21403,0.209488,1.0,0.28843,0.277825,0.254225,0.389479,-0.166667,0.364146,0.241827,0.264637,-0.428552,0.297196,-0.218218,-0.764663,0.801784,-1.9e-05,-0.632982,-0.111111,-0.327059,-0.268385,-0.271998,-0.271998,0.481588,-0.266976,0.334752,0.102527,-0.214988,0.315647,0.249996,0.326637,0.382073,0.138172,-0.665437,0.170305,0.0,-0.670376,0.151572,0.419753,0.248878,0.058742,0.236296,0.142161,0.133189,-0.14216,0.258056,0.170328,0.434575,0.197769,0.0,-0.407997,0.077357,0.162318,-0.638407,0.123092,-0.111111,-0.271981,-0.272031,0.372682,1.0,0.388544,0.523424,0.325405,0.0,-0.218107,-0.272031,0.142567,0.252468,-0.166667,0.24627,-0.218107,0.494925,0.642529,0.075647,0.37931,-0.166667,0.258841,-0.333165,-0.166667,0.252468,0.0,-0.272031,-0.218218,-0.428552,0.388544,0.408248,-0.111111,-0.272031,0.481481,0.211667,-0.407885,1.0,0.194306,0.355301,0.0,0.642529,-0.166667,-0.166582,-0.166667,0.509175,0.142567,0.666667,-0.330599,1.0,-0.272031,0.188683,-0.272031,0.258056,-0.333075,0.397622,0.293112,0.267439,0.0,-0.507699,0.0,0.252468,-0.401346,-0.217758,-0.111111,0.0,-0.111111,0.166359,-0.407885,0.0,-0.908452,-0.166667,0.322442,0.37931,0.267439,0.142567,-0.39951,0.142567,-0.111111,0.075647,0.37931,-0.111111,0.0,0.508338,0.0,-0.404301,0.185142,-0.40728,-0.166667,-0.217758,0.0,-0.407885,-0.271981,-0.166582,-0.146551,-0.111111,0.380687,-0.21735,-0.111111,-0.507671,0.323902,-0.218103,0.200063,0.214037,-0.271981,0.0,0.16647,0.20668,0.175458,0.258625,-0.307757,-0.664064,0.16647,0.209589,0.124274,0.20668,0.211667,-0.508199,0.257604,0.388544,0.16647,0.16647,-0.368386,-0.394847,-0.271956,0.20668,0.317756,0.148088,-0.217194,#
20,0.241593,0.337237,-0.214789,0.23085,0.693105,-0.216319,0.265112,0.0,-0.216319,0.060286,-0.265829,-0.16425,0.13587,-0.536749,0.202022,-0.439686,-0.303594,-0.242922,0.66692,0.28843,1.0,-0.235312,0.458506,0.440766,0.329634,-0.141816,0.530006,0.145197,-0.221713,-0.031549,0.086918,-0.293517,0.203728,-0.000166,-0.319843,0.242647,0.037678,-0.537968,-0.504121,0.195269,0.438339,0.056674,0.086787,-0.296869,0.240219,-0.133199,-0.413662,0.371154,-0.010083,-0.13889,-0.16425,-0.162723,0.0,-0.508511,-0.182468,0.088004,-0.17825,-0.389691,-0.140096,-0.181321,-0.169462,0.338411,0.163972,0.03968,0.273836,0.437713,0.0,-0.43235,-0.27341,0.525481,-0.1128,0.001688,0.242647,0.136082,0.197812,0.138205,0.28843,-0.23214,0.476278,-0.179094,0.0,-0.427473,-0.645218,-0.117487,-0.365697,-0.082409,0.31996,-0.641125,0.476299,0.150025,-0.235332,0.251488,0.15795,-0.23076,0.118306,-0.116746,-0.394504,0.0,-0.645218,0.086918,-0.221713,-0.260958,-0.134573,0.196865,0.169395,0.322004,0.118613,-0.380845,0.28843,-0.226731,0.490105,0.0,0.185325,-0.528788,-0.716785,0.15795,0.446578,-0.117487,0.363971,-0.334142,0.28843,-0.446301,-0.40022,-0.446301,0.163972,-0.523389,0.241214,-0.065689,0.328556,0.0,-0.266465,0.0,0.488929,-0.011812,0.071781,0.196865,0.0,-0.901916,-0.335617,-0.380845,0.0,-0.390148,-0.528788,-0.269344,0.052571,0.328556,-0.117487,0.254711,-0.117487,-0.07783,-0.235332,0.251488,0.242648,0.0,0.315594,0.0,-0.360089,0.492512,0.286887,-0.528788,0.289193,0.0,-0.380845,-0.517112,0.083347,0.136729,0.242647,0.383874,0.06269,-0.032048,-0.085252,0.769728,-0.505333,-0.050491,0.097916,-0.488295,0.0,0.095731,0.093228,-0.30892,-0.085252,0.166565,-0.155355,-0.238287,0.59131,0.705791,-0.35723,0.118613,-0.253333,-0.265359,0.219332,0.095731,-0.238287,0.185943,-0.418415,0.332438,0.129086,0.501789,0.708013,0.414003,#
21,0.033337,0.23216,-0.124157,-0.503312,-0.414952,0.236147,-0.677005,0.0,0.236147,-0.042079,-0.521266,-0.422191,0.083618,0.528443,0.047851,-0.220794,-0.257025,0.089581,-0.044417,0.277825,-0.235312,1.0,-0.209683,-0.024326,-0.185217,0.116671,0.34446,0.12673,0.132294,-0.076971,0.060626,-0.426004,0.426949,0.0,-0.430905,-0.493912,-0.419094,-0.277203,0.020345,-0.855952,0.165043,-0.138956,0.404109,0.001295,-0.017567,-0.295339,0.730376,-0.478173,-0.477077,0.148195,-0.422191,0.765077,0.0,0.005,-0.198033,0.142343,0.092452,0.029376,0.310009,0.164267,0.518046,-0.192093,-0.036476,-0.34854,1e-06,-0.019623,0.0,0.260128,-0.278198,0.177731,-0.407841,0.598461,-0.493912,0.086358,0.202248,0.186371,0.277825,0.175954,-0.454439,0.358395,0.0,0.011433,0.068126,0.130708,0.380925,-0.32413,0.405176,-0.132624,0.52554,0.249915,0.488637,0.067061,-0.162065,0.402058,0.147683,0.277825,0.730555,0.0,0.068126,0.060626,0.132294,0.525703,0.170133,0.246956,0.547135,0.030869,0.111732,0.233056,0.277825,-0.042497,-0.012339,0.0,-0.178511,0.370434,0.417848,-0.162065,0.020209,0.320829,0.393586,-0.192342,0.277825,0.202248,0.472928,0.202248,-0.036476,0.210311,-0.388284,-0.252246,-0.025248,0.0,-0.349161,0.0,-0.078775,-0.516104,-0.423491,-0.493912,0.0,0.246956,0.147545,-0.049177,0.0,-0.342168,-0.185217,0.218866,0.086222,-0.025248,0.130708,-0.093092,0.320829,0.061739,0.488637,0.220344,-0.493912,0.0,-0.464039,0.0,0.735667,-0.467952,-0.032329,-0.185217,-0.444433,0.0,0.387002,0.526783,0.227436,-0.11633,0.277825,-0.086006,-0.49516,-0.493912,-0.4391,0.0637,0.358906,0.239699,0.152474,-0.263391,0.0,-0.313693,0.347549,0.357036,0.114432,0.143275,-0.457423,-0.28152,0.294571,-0.164,0.151108,0.281095,-0.361282,0.484065,-0.24504,-0.313693,-0.28152,-0.015352,-0.090009,-0.405618,-0.281061,0.38184,-0.19775,0.061654,#
