0,1.0,0.36212,-0.215663,-0.301067,0.984883,0.217651,-0.272166,-0.653513,-0.089087,0.36212,0.602475,0.134596,0.635861,0.266489,-0.456336,0.102216,-0.408164,0.019268,0.166667,-0.229575,0.218391,-0.399294,0.266489,-0.128449,-0.083389,-0.231123,0.114501,-0.009855,0.299757,0.52463,-0.59353,0.564938,0.408248,-0.083282,-0.534052,-0.523957,-0.272166,-0.314088,-0.100201,-0.302462,0.610943,0.590782,-0.245742,0.048737,-0.196757,0.375044,-0.048165,0.071892,0.044127,-0.356358,-0.072958,-0.082207,0.408248,-0.273211,0.369078,0.287058,-0.295738,0.431307,-0.076149,0.0,-0.430842,-0.233597,0.377997,-0.623426,0.661896,0.446529,-0.060619,0.71819,0.382143,0.508548,-0.521412,0.034847,0.122352,-0.814607,-0.621068,-0.20909,-0.38905,0.116583,0.103695,-0.268507,-0.231762,-0.6003,-0.142712,-0.292502,-0.440352,-0.071917,-0.080642,-0.071917,-0.346812,-0.377805,0.228652,-0.813733,-0.231762,0.611975,-0.261627,0.111041,0.403118,0.004952,-0.272166,-0.023916,1e-06,-0.617677,-0.431666,-0.071917,-0.357803,-0.071917,0.180083,-0.069613,-0.218137,-0.014531,0.191189,-0.408248,0.228652,-0.408248,-0.190355,-0.6003,0.077522,0.390195,0.102062,-0.142712,-0.532397,-0.666317,-0.326701,0.223565,0.255031,0.190347,-0.272166,-0.041667,0.456439,-0.534522,-0.200261,0.0,-0.362688,-0.40804,-0.080642,0.069997,-0.272166,-0.272166,-0.567121,-0.771776,-0.408248,-0.100466,-0.666317,0.396745,0.228652,0.31096,-0.089658,0.611918,-0.09432,-0.53424,-0.816055,-0.142712,-0.272166,0.116583,0.077522,-0.125152,-0.098307,0.263976,-0.165718,-0.407255,-0.393859,-0.190355,0.190347,0.327899,-0.339552,0.59937,-0.237933,-0.206972,-0.666317,-0.125152,0.583329,0.487861,0.055385,0.092516,0.432702,-0.037903,0.0,0.032119,0.281893,0.113715,0.59937,0.268548,0.255792,0.292583,0.438612,-0.386703,0.107556,-0.417214,-0.072329,0.38763,-0.440352,0.183411,0.673411,0.289072,-0.050299,-0.40804,0.268771,-0.440352,-0.672031,-0.078905,#
1,0.36212,1.0,-0.05949,-0.993714,0.432159,-0.039062,-0.218164,-0.523847,0.041343,0.536488,0.293781,0.505377,0.406575,0.552304,-0.138777,-0.425165,-0.327178,0.24509,0.36212,-0.073528,-0.026105,-0.320069,0.552304,0.130644,0.047142,-0.383681,0.449688,-0.237271,0.137529,0.420535,-0.800742,-0.033824,-0.218164,-0.428362,-0.351541,0.095514,-0.218164,-0.448287,-0.42837,-0.010961,-0.326482,-0.008947,-0.533929,0.177,-0.042097,0.30063,0.298855,0.729946,-0.6468,0.425586,-0.067535,-0.747977,0.528186,-0.497753,0.295847,-0.313515,-0.424211,0.366273,0.352373,0.0,-0.592043,0.532178,0.5642,-0.101528,0.095221,0.348874,-0.421125,0.208309,0.257579,0.364734,-0.192824,-0.148486,0.254653,-0.264793,-0.818369,-0.035288,-0.203768,-0.327079,-0.05031,-0.097756,-0.075778,-0.297579,-0.349208,-0.532515,0.170579,0.059381,-0.428248,-0.428239,0.381528,-0.269126,-0.493635,-0.269126,-0.53411,0.250411,0.307146,-0.071609,0.282519,0.210807,-0.218164,-0.258295,0.392195,-0.399783,-0.232702,-0.428239,-0.570691,-0.428239,0.008044,-0.30124,-0.140345,-0.652277,0.784739,-0.327246,-0.493635,-0.327246,-0.334824,-0.297579,-0.503663,-0.202607,-0.327246,-0.349208,-0.005615,-0.53411,-0.513851,-0.333397,0.204429,-0.082313,0.499481,0.400793,0.250334,-0.428465,0.058275,0.0,0.130062,-0.327079,0.050182,-0.32645,-0.218164,-0.218164,-0.191746,-0.582344,-0.327246,0.152587,-0.53411,-0.194368,-0.493635,-0.44714,-0.253432,0.251632,-0.227315,-0.428239,-0.654138,-0.349208,-0.218164,-0.327079,-0.503663,-0.427449,0.457927,0.549335,0.076906,0.176917,-0.208892,-0.798141,-0.082313,0.060024,0.393721,0.380866,-0.082313,-0.509726,-0.53411,-0.427449,0.362116,0.754192,-0.325569,-0.058113,-0.177988,-0.286246,0.0,0.275304,0.547505,-0.139127,0.828418,0.124845,0.089416,0.246874,0.361251,-0.549699,0.457586,0.175808,-0.13896,0.576464,0.170579,-0.089416,0.107034,0.137991,0.084646,-0.327079,0.116504,-0.589426,-0.644621,-0.42815,#
2,-0.215663,-0.05949,1.0,0.024679,-0.184244,-0.299172,0.406356,0.495907,-0.070939,-0.531914,0.227786,-0.203637,0.156527,-0.116049,-0.114313,-0.426562,0.549576,-0.396364,-0.232252,0.592842,0.121008,0.612253,-0.116049,0.211477,0.849282,0.080251,0.077361,-0.436851,0.264462,-0.306537,0.230501,-0.293618,-0.270904,0.312242,-0.283508,0.275554,0.325085,0.18122,-0.136971,-0.359728,-0.405408,-0.260096,-0.28065,-0.336344,0.586835,-0.442225,-0.80132,-0.017719,-0.379619,0.189905,-0.222986,0.425496,-0.270904,0.032189,-0.094903,-0.165658,-0.520399,-0.00277,0.370203,0.0,0.147033,-0.282117,-0.168661,0.376662,-0.135039,0.017095,-0.167338,-0.215173,0.070767,-0.384705,0.325183,-0.541095,-0.405951,-0.013677,-0.088827,0.582734,0.417471,0.02785,0.105279,-0.225689,0.588255,-0.100383,0.664795,0.151989,0.401653,0.347692,0.294985,0.302697,0.207123,-0.449336,0.348451,-0.015428,0.121111,-0.406092,0.164262,0.138948,0.493477,0.106472,0.433447,0.039992,-0.002644,0.275917,-0.024825,0.302697,-0.365713,-0.149303,-0.021088,0.5761,-0.225022,-0.023142,0.268427,-0.406356,0.348451,0.040636,0.347853,-0.100383,0.183132,-0.057362,0.101589,0.24622,-0.052993,0.128801,0.540623,0.280579,-0.250677,0.151572,-0.270904,-0.108661,0.236249,0.319227,-0.609243,0.0,0.348451,0.116043,0.40736,-0.405368,-0.270904,-0.270904,0.386399,0.078896,-0.406356,0.802001,0.128801,-0.089459,0.348451,0.284758,-0.047596,-0.406055,0.436556,0.310878,0.383469,0.24622,0.433447,0.02785,0.567916,-0.530784,0.367231,0.313018,0.311906,0.154547,0.82327,0.239027,0.570289,-0.042042,0.139416,-0.214351,0.996584,0.015451,0.553652,-0.051995,0.199072,-0.004162,0.147009,0.55457,-0.43685,0.543295,0.0,-0.402825,-0.138215,0.265614,-0.214351,-0.553113,-0.127823,0.247959,-0.577327,0.364487,0.528526,-0.440988,0.64241,-0.51974,0.401653,0.189661,-0.177705,-0.573333,-0.129059,0.550042,0.659897,-0.372963,-0.167597,-0.07854,#
3,-0.301067,-0.993714,0.024679,1.0,-0.377788,0.052128,0.2169,0.475264,-0.009466,-0.508065,-0.26451,-0.469104,-0.379604,-0.530232,0.119204,0.445313,0.261409,-0.203036,-0.318776,0.030579,0.069618,0.335388,-0.530232,-0.170057,-0.035443,0.377521,-0.448324,0.22829,-0.094108,-0.362352,0.758882,0.0798,0.27474,0.405969,0.319024,-0.123399,0.13014,0.414637,0.367683,-0.008241,0.390833,0.069617,0.475862,-0.160541,0.048161,-0.332609,-0.281856,-0.713349,0.679224,-0.438665,0.107166,0.736255,-0.5061,0.488788,-0.318645,0.310851,0.450047,-0.356293,-0.341546,0.0,0.549366,-0.534494,-0.55262,0.07273,-0.058974,-0.26598,0.453039,-0.211008,-0.176117,-0.324226,0.148034,0.138855,-0.238352,0.204926,0.807305,-0.016662,0.145194,0.306602,0.038565,0.108313,0.034375,0.283853,0.34322,0.47359,-0.231404,-0.139736,0.4097,0.427941,-0.379685,0.229548,0.498492,0.192491,0.533068,-0.213263,-0.353918,0.058995,-0.259566,-0.187332,0.24582,0.303423,-0.357022,0.371924,0.172771,0.427941,0.561784,0.409383,-0.038834,0.295351,0.190173,0.648498,-0.762367,0.30366,0.498492,0.26028,0.342301,0.283853,0.550256,0.207308,0.36873,0.308847,0.0,0.461239,0.488177,0.324317,-0.240507,0.043486,-0.5061,-0.385188,-0.242503,0.388118,-0.109671,0.0,-0.154993,0.304124,-0.074442,0.344843,0.18798,0.2169,0.12604,0.556879,0.30366,-0.183082,0.461239,0.175944,0.498492,0.454331,0.21658,-0.214497,0.212975,0.370082,0.598925,0.308847,0.24582,0.306602,0.512913,0.42266,-0.529673,-0.511603,-0.126465,-0.159574,0.167902,0.793516,0.07787,-0.009449,-0.449314,-0.370858,0.041463,0.486589,0.478683,0.442319,-0.318771,-0.720199,0.343299,0.046422,0.172419,0.28194,0.0,-0.249145,-0.506992,0.172387,-0.803714,-0.064205,-0.063235,-0.244274,-0.291463,0.528307,-0.473391,-0.240663,0.118241,-0.545755,-0.231404,0.120724,-0.116486,-0.076222,-0.144901,0.262005,-0.127117,0.595526,0.634051,0.464366,#
4,0.984883,0.432159,-0.184244,-0.377788,1.0,0.288565,-0.268051,-0.643634,-0.059738,0.432159,0.533179,0.248199,0.72654,0.360185,-0.528329,0.103447,-0.401994,0.089636,0.233997,-0.198663,0.289075,-0.393258,0.360185,-0.073038,-0.05382,-0.305908,0.08914,-0.084396,0.395157,0.516699,-0.559071,0.554625,0.245238,-0.053664,-0.628563,-0.516037,-0.268051,-0.38687,-0.07139,-0.378334,0.507214,0.580264,-0.215602,0.03949,-0.165068,0.348216,-0.071949,0.143618,-0.027873,-0.34695,-0.068707,-0.138796,0.473367,-0.361968,0.363498,0.253318,-0.337746,0.432075,-0.102292,0.0,-0.404984,-0.227346,0.428275,-0.670186,0.678166,0.476667,-0.030486,0.738184,0.400576,0.490204,-0.602305,-0.009493,0.176053,-0.802292,-0.70834,-0.173067,-0.356325,-0.006107,0.067361,-0.22277,-0.200941,-0.665443,-0.212326,-0.264706,-0.283538,-0.041766,-0.183981,-0.177397,-0.267794,-0.472577,0.209499,-0.801432,-0.328426,0.688905,-0.2155,0.054515,0.385046,0.056245,-0.268051,-0.085195,0.114098,-0.584663,-0.384938,-0.177397,-0.438003,-0.177397,0.141844,-0.143581,-0.317689,-0.091958,0.258937,-0.402077,0.209499,-0.402077,-0.136849,-0.665443,0.022743,0.372346,-0.01711,-0.212326,-0.524349,-0.656244,-0.398779,0.168245,0.227795,0.115673,-0.268051,0.077708,0.420846,-0.526442,-0.129982,0.0,-0.410076,-0.401872,-0.050906,0.098941,-0.268051,-0.268051,-0.493269,-0.86829,-0.402077,-0.028421,-0.656244,0.384809,0.209499,0.303001,-0.150302,0.688889,-0.132424,-0.526164,-0.803719,-0.212326,-0.268051,-0.006107,0.022743,-0.097604,-0.069556,0.35739,-0.111124,-0.401099,-0.361376,-0.265721,0.115673,0.39573,-0.259931,0.683119,-0.207413,-0.301428,-0.656244,-0.097604,0.548317,0.579796,0.083562,0.056652,0.397016,-0.112787,0.0,0.100061,0.248096,0.033361,0.683119,0.235269,0.203247,0.280277,0.425808,-0.462717,0.20498,-0.369275,-0.104464,0.454636,-0.283538,0.109109,0.658309,0.254415,-0.00445,-0.401872,0.35692,-0.494933,-0.755496,-0.182643,#
5,0.217651,-0.039062,-0.299172,0.052128,0.288565,1.0,0.321572,-0.26787,-0.070173,0.416415,-0.399632,0.306897,0.574558,0.301746,-0.446949,0.275129,0.046149,0.071759,0.217651,-0.662744,0.66848,0.120014,0.301746,-0.560292,-0.124455,-0.341377,-0.72541,-0.419057,0.240352,0.153378,0.226968,0.527037,-0.270798,-0.064162,-0.548399,-0.521324,-0.270798,-0.422859,0.36694,-0.648183,0.090113,0.652183,0.175069,0.085535,-0.26787,-0.0903,0.091853,-0.335795,0.432,-0.312519,0.003914,-0.14671,0.462613,-0.319225,0.41982,0.619234,0.289216,-0.058257,-0.556781,0.0,0.426126,-0.233499,0.565225,-0.633849,0.416549,-0.013172,-0.041047,0.43247,-0.104267,0.414633,-0.622651,0.460848,0.165698,-0.395491,-0.156737,-0.013005,-0.410698,-0.40599,-0.352511,0.186351,-0.662968,-0.116968,-0.621225,0.532121,0.227368,-0.097111,-0.136653,-0.531555,0.075375,-0.400003,0.176837,-0.020482,-0.662968,0.673008,0.167284,-0.372881,-0.146418,-0.423132,-0.270798,0.35693,0.459722,-0.205482,0.383763,-0.531555,-0.365968,-0.531555,-0.055774,-0.743342,-0.660989,-0.023494,-0.226939,0.101549,0.176837,-0.406197,0.183935,-0.116968,0.009641,-0.120701,0.038081,-0.218908,-0.112566,0.123706,-0.407593,-0.253067,0.088548,-0.260411,-0.270798,0.454303,0.208149,-0.531836,0.285044,0.0,-0.436046,0.543736,0.289603,0.089431,0.406197,-0.270798,-0.094045,-0.385246,0.101549,-0.122869,0.123706,0.352792,0.176837,0.281466,-0.167264,0.672993,-0.150056,-0.129056,-0.038946,-0.218908,-0.270798,-0.40599,-0.427441,0.352589,-0.529341,0.26146,-0.174254,-0.405209,-0.444363,0.183935,-0.662866,0.380396,-0.329048,0.646934,-0.290004,-0.002145,0.123706,0.352589,0.148554,0.087403,0.556423,0.043042,0.454019,-0.281284,0.0,0.482472,-0.1015,-0.551573,0.224734,0.239365,0.217715,0.287647,-0.022255,-0.48782,0.104669,0.037888,-0.595564,0.411677,0.227368,-0.27479,0.304282,0.312031,0.402918,0.050749,0.265236,0.227368,-0.082357,-0.135126,#
6,-0.272166,-0.218164,0.406356,0.2169,-0.268051,0.321572,1.0,0.450397,-0.218218,-0.218164,-0.163973,-0.219793,0.315415,-0.407976,0.326023,-0.491479,0.681677,-0.333003,-0.272166,-0.271931,0.475509,0.807294,-0.407976,-0.399671,0.544694,0.179934,-0.52694,-0.332599,0.178,-0.509023,0.307188,0.23754,-0.111111,-0.218165,-0.399714,-0.213905,-0.111111,0.143439,-0.218169,-0.265956,-0.166278,0.380331,-0.271931,-0.477523,0.450397,-0.435778,-0.328661,-0.327039,0.365446,0.022382,0.101619,0.198169,-0.111111,0.059183,0.213457,0.334455,0.094863,0.26128,0.222522,0.0,0.703563,-0.063577,0.287348,0.110348,-0.459874,0.094653,-0.214479,-0.39582,0.119728,0.276819,0.186257,0.298752,-0.1665,-0.332562,0.226472,0.55484,-0.333153,-0.166582,-0.508,-0.272014,-0.272023,0.220564,0.291309,0.457415,0.196116,-0.218103,0.522634,-0.218103,0.266009,-0.332205,0.173818,0.379663,-0.272023,-0.166558,0.468316,-0.505132,0.22598,-0.331563,-0.111111,0.371012,0.271083,0.332121,0.372034,-0.218103,-0.505803,-0.218103,-0.05622,0.01218,-0.271211,-0.332205,-0.27113,-0.166667,0.173818,-0.166667,0.310848,0.220564,0.253185,-0.661693,0.666667,0.291309,0.565111,0.437602,0.241742,0.309524,0.104116,-0.271981,-0.111111,0.204124,0.372681,-0.218218,-0.406684,0.0,0.173818,0.690124,0.522634,-0.166261,-0.111111,-0.111111,0.225004,0.259725,-0.166667,0.348627,0.437602,0.16197,0.173818,0.148107,0.219617,-0.166543,0.202157,0.536868,0.364144,0.291309,-0.111111,-0.166582,0.253185,-0.2177,-0.217194,0.29519,-0.405925,-0.166261,0.35604,0.310848,-0.271981,-0.217813,-0.506836,-0.242527,0.427398,0.443606,0.437602,-0.2177,0.408244,-0.327205,0.738619,0.2476,-0.307034,0.371387,0.0,-0.314702,-0.375083,-0.123797,-0.242527,0.299386,0.306886,0.170638,-0.636072,0.180424,0.263457,-0.332543,0.299827,-0.19083,0.196116,0.428464,-0.375083,-0.384635,-0.191655,0.690124,0.314116,0.196116,0.253251,0.525319,#
7,-0.653513,-0.523847,0.495907,0.475264,-0.643634,-0.26787,0.450397,1.0,-0.204708,-0.523847,-0.393725,-0.4171,-0.271768,-0.681167,0.473387,-0.009337,0.696576,-0.088753,-0.354865,0.523573,0.059084,0.524494,-0.681167,0.203966,0.267908,0.071725,0.028673,0.102356,0.138017,-0.904817,0.662398,-0.293244,-0.266796,0.281567,0.187712,0.201046,0.479085,0.220972,-0.029573,0.213195,-0.399259,-0.226812,0.251596,-0.404293,0.499296,-0.346967,-0.354005,-0.125647,-0.010233,0.098817,0.279289,0.385059,-0.266796,0.012812,-0.461647,-0.031889,0.15987,0.055434,0.374626,0.0,0.586477,-0.274129,-0.595994,0.300807,-0.621493,-0.137489,0.263676,-0.615828,-0.090021,-0.496728,0.352772,0.001101,0.116069,0.397353,0.457357,0.395602,0.356269,0.143161,0.04372,0.095284,0.523493,0.443557,0.631286,0.281035,0.356133,-0.045049,0.424047,0.267914,0.073776,0.08761,0.304338,0.547102,0.523493,-0.399933,0.295073,-0.398059,-0.082698,-0.050737,0.220895,-0.051929,-0.191775,0.725487,0.532349,0.267914,0.086912,0.415191,0.073806,0.528201,0.095002,-0.051259,-0.344499,0.137701,0.304338,0.697111,0.221635,0.443557,0.052296,-0.125917,0.137701,0.341466,0.460164,0.687371,0.507285,0.377448,-0.119624,-0.209664,-0.266796,-0.20027,-0.163578,0.753098,-0.037995,0.0,0.304338,0.152991,-0.045582,0.170903,-0.266796,0.450397,0.376093,0.548888,0.137701,0.553308,0.687371,0.04839,0.304338,0.235447,0.077494,-0.399896,0.400905,0.902505,0.806356,0.341466,0.220895,0.143161,0.533852,-0.035216,0.017311,-0.237234,-0.200824,-0.011537,0.787694,0.239127,0.080254,-0.184411,0.075943,-0.658381,0.531684,0.416141,0.54894,-0.191222,-0.214321,-0.573368,0.185644,0.060352,-0.359335,0.348393,0.0,-0.544618,-0.694845,-0.188582,-0.658381,-0.104189,-0.535275,-0.444974,-0.717217,0.320095,0.053821,0.109313,0.454854,-0.53993,0.356133,0.216846,-0.517667,-0.71254,-0.05019,0.696141,0.215418,0.356133,0.502232,0.40408,#
8,-0.089087,0.041343,-0.070939,-0.009466,-0.059738,-0.070173,-0.218218,-0.204708,1.0,0.511152,-0.322036,0.431666,-0.07492,0.534166,-0.132124,0.046542,-0.327259,0.633407,0.801784,-0.101973,0.252926,0.111798,0.534166,0.402675,0.017829,0.037349,-0.05193,0.172082,0.112887,0.42064,0.065878,-0.509917,-0.218218,0.5175,-0.034768,0.624926,-0.218218,-0.031301,0.035706,-0.004145,0.184386,-0.062752,-0.084689,0.49497,-0.204708,-0.547437,-0.185735,0.107964,-0.192066,-0.337006,0.474854,-0.259464,-0.218218,0.235448,-0.238381,-0.360323,0.270992,-0.156175,-0.227081,0.0,-0.263194,0.485578,-0.202047,-0.086222,0.041753,0.323595,0.442831,-0.297514,0.377651,-0.453051,-0.374512,-0.437724,-0.327,0.186236,0.219168,-0.586756,-0.223172,-0.32716,-0.52656,-0.082393,-0.095493,-0.272743,-0.368699,-0.135149,0.085592,-0.428345,-0.428354,0.038441,-0.095498,-0.264082,-0.58581,-0.264082,-0.095493,0.200489,-0.129088,0.336339,0.218691,0.592941,0.509175,-0.217317,0.319438,0.464375,-0.65375,0.038441,0.348253,-0.428345,-0.959755,-0.321598,0.315348,0.176055,0.328099,-0.327327,-0.58581,-0.327327,0.036525,-0.272743,-0.110499,-0.272743,-0.327327,-0.800967,0.0,-0.534242,-0.534801,-0.43124,-0.732721,-0.534159,0.509175,0.155902,-0.731931,0.047619,0.024702,0.0,-0.58581,-0.32716,-0.428354,0.183674,-0.218218,-0.218218,0.207074,-0.103133,-0.327327,-0.308782,-0.534242,-0.807161,-0.58581,-0.567902,-0.33547,0.199258,-0.768848,-0.428345,-0.223172,-0.800967,0.509175,-0.32716,-0.110499,0.008726,0.006182,0.487719,0.464375,0.761905,-0.22807,0.036525,-0.101745,0.522838,-0.087913,-0.136089,-0.101745,-0.788249,-0.095493,0.503177,-0.534515,0.549485,0.167759,-0.530234,-0.272591,-0.688866,0.0,0.612339,0.044646,0.445742,0.317542,0.035886,0.044646,0.111709,0.255443,0.059057,0.366127,-0.254869,0.053532,0.478381,0.085592,-0.547375,-0.401808,0.474992,-0.466023,-0.32716,0.025352,0.085592,-0.01579,-0.428256,#
9,0.36212,0.536488,-0.531914,-0.508065,0.432159,0.416415,-0.218164,-0.523847,0.511152,1.0,-0.321957,0.505377,0.406575,0.552304,-0.138777,0.073949,-0.327178,0.668476,0.801585,-0.533929,0.415382,-0.320069,0.552304,0.075721,-0.427798,-0.468717,-0.007758,0.161183,0.137529,0.420535,-0.373141,-0.033824,-0.218164,0.047433,-0.351541,0.095514,-0.218164,-0.532509,0.029591,-0.010961,0.177619,0.450395,-0.09058,0.519692,-0.523847,0.072419,0.298855,0.260551,-0.198003,-0.297217,0.498275,-0.789265,0.528186,-0.380136,0.295847,0.111717,0.299889,0.366273,-0.176018,0.0,-0.267459,0.532178,0.357986,-0.6763,0.203624,0.348874,0.069051,0.208309,0.257579,0.185943,-0.751359,0.219052,0.254653,-0.264793,-0.34139,-0.586613,-0.654138,-0.327079,-0.542471,-0.097756,-0.53411,-0.297579,-0.800769,-0.140345,0.043911,-0.428239,-0.428248,-0.428239,-0.117274,-0.269126,-0.618374,-0.269126,-0.53411,0.770944,0.307146,-0.155264,0.187331,0.13246,-0.218164,-0.258295,0.392195,-0.002542,-0.232702,-0.428239,-0.148249,-0.428239,-0.49473,-0.773239,-0.140345,-0.269126,0.307146,-0.327246,-0.618374,-0.327246,-0.412043,-0.297579,-0.585427,-0.297579,-0.327246,-0.800769,-0.005615,-0.53411,-0.998412,-0.435918,-0.047745,-0.534027,0.499481,0.334873,-0.23108,-0.428465,0.464465,0.0,-0.618374,-0.327079,-0.428248,0.176917,-0.218164,-0.218164,-0.233869,-0.582344,-0.327246,-0.324247,-0.53411,-0.258417,-0.618374,-0.501802,-0.347996,0.77092,-0.786896,-0.428239,-0.654138,-0.800769,-0.218164,-0.327079,-0.585427,0.002984,0.000488,0.519072,-0.002542,0.176917,-0.653974,-0.412043,-0.534027,0.499653,-0.109902,0.352894,-0.534027,-0.646162,-0.53411,0.002984,-0.077345,0.699061,0.161227,-0.546004,0.202328,-0.885923,0.0,0.670531,0.107034,-0.259064,0.800446,0.506133,0.061886,0.202789,0.326728,-0.674555,0.427733,0.175808,-0.37369,0.997329,0.043911,-0.519297,0.079505,0.533217,0.055173,-0.327079,0.088712,0.043911,-0.294114,-0.42815,#
10,0.602475,0.293781,0.227786,-0.26451,0.533179,-0.399632,-0.163973,-0.393725,-0.322036,-0.321957,1.0,-0.150866,0.199161,-0.018669,-0.135867,-0.381587,-0.245909,-0.491431,-0.40165,0.210301,-0.394726,-0.240565,-0.018669,0.042512,0.309383,0.330303,0.309381,-0.06002,-0.002673,0.316076,-0.601841,0.350551,0.522425,-0.321959,-0.140923,-0.315671,-0.163973,0.275827,-0.321965,-0.040422,0.299656,-0.053167,-0.401303,-0.335965,0.246238,0.399766,-0.172665,0.140923,-0.056881,0.1037,-0.546346,0.292449,-0.163973,0.188898,0.22236,-0.155366,-0.731641,0.217939,0.231803,0.0,-0.444983,-0.156374,0.252388,0.219043,0.241811,0.195029,-0.316519,0.370806,0.233967,0.408516,0.323954,-0.291482,-0.245714,-0.49078,-0.426135,0.29149,0.106627,0.283403,0.374842,-0.401426,0.207417,-0.431476,0.429901,-0.400241,-0.437495,0.325897,0.135726,0.144523,-0.084521,-0.050491,0.256513,-0.490254,0.036937,-0.2458,-0.400122,0.401397,0.333491,0.135163,-0.163973,-0.055624,-0.228868,-0.599047,-0.491239,0.144523,-0.261584,0.144523,0.427601,0.497289,0.049874,-0.050491,0.234321,-0.245959,0.256513,-0.245959,0.015592,-0.431476,0.373639,0.325499,0.268839,0.429901,-0.320756,-0.401439,0.356752,0.456782,0.345712,0.630735,-0.163973,-0.194987,0.549985,-0.322036,-0.600167,0.0,0.256513,-0.245834,0.313681,-0.245361,-0.163973,-0.163973,-0.211855,-0.27428,-0.245959,0.058417,-0.401439,0.28781,0.256513,0.21857,0.324101,-0.245777,0.298334,-0.321866,-0.491653,0.429901,-0.163973,0.283403,0.373639,-0.321273,0.287144,0.001447,0.034195,-0.245361,0.099725,-0.156742,0.630735,-0.321439,-0.078945,0.199466,0.198688,0.110921,-0.401439,-0.321273,0.602468,0.151844,-0.244699,0.365397,-0.037386,0.548076,0.0,-0.464423,0.416319,0.548082,0.199466,-0.137047,0.416319,0.193257,0.277552,0.266261,-0.107709,-0.490752,0.380107,-0.281618,-0.437495,0.596617,0.416319,-0.135607,-0.282836,-0.245834,0.001329,-0.720184,-0.557501,0.137428,#
11,0.134596,0.505377,-0.203637,-0.469104,0.248199,0.306897,-0.219793,-0.4171,0.431666,0.505377,-0.150866,1.0,0.375466,0.812415,-0.491366,0.103947,-0.653251,0.663914,0.605679,-0.070504,0.308642,-0.061421,0.812415,0.137374,0.129297,-0.251757,-0.06725,-0.44304,0.57768,0.50346,-0.154534,0.1284,-0.549483,-0.151326,-0.425756,-0.006315,-0.65938,-0.455707,-0.223876,-0.369521,-0.281932,-0.033642,-0.156675,0.114796,0.173082,-0.244629,0.23894,0.646929,-0.223998,0.185954,0.062384,-0.442587,0.32969,-0.346717,-0.270115,-0.510525,-0.132207,-0.224719,-0.174779,0.0,-0.298224,0.23476,0.378942,-0.126746,0.265605,0.547841,0.34268,0.028999,0.502385,0.150583,-0.50003,-0.436189,0.335948,-0.015852,-0.486949,-0.168873,0.007663,-0.903831,-0.167483,0.465803,-0.058489,-0.397525,-0.541675,-0.364335,0.478465,-0.203273,-0.928017,-0.655453,0.619561,-0.500684,-0.292896,-0.289458,-0.549797,0.414502,-0.243788,-0.192158,-0.242945,0.587891,0.219793,-0.115881,0.879436,-0.109497,-0.216908,-0.655453,-0.276014,-0.725977,-0.402072,-0.501942,-0.036033,-0.434187,0.601344,0.164845,-0.292896,-0.412113,0.386284,-0.397525,0.033388,-0.048479,-0.576958,-0.606983,0.047295,-0.405524,-0.511179,-0.576958,-0.39904,-0.534172,0.219793,0.858046,-0.331756,-0.215833,0.165872,0.0,-0.292896,-0.089442,0.069194,0.241527,0.109897,0.109896,0.112885,-0.547462,0.164845,-0.044624,-0.405524,-0.369441,-0.292896,-0.246938,-0.473048,0.414647,-0.36181,-0.501961,-0.268208,-0.606983,0.219793,-0.903831,-0.463273,0.281235,-0.20548,0.597829,0.182495,0.328888,-0.193114,-0.579427,-0.468842,0.502675,0.342767,0.522587,-0.261322,-0.731259,-0.339236,0.355939,-0.134585,0.717612,-0.029818,-0.386019,-0.349437,-0.489765,0.0,0.665754,0.311964,-0.097955,0.591121,0.050048,-0.025294,-0.162023,0.634408,-0.407891,0.182862,0.040111,-0.444824,0.497179,0.478465,-0.279777,-0.227648,0.319909,-0.153453,-0.649629,0.034046,-0.33622,-0.489039,-0.446052,#
12,0.635861,0.406575,0.156527,-0.379604,0.72654,0.574558,0.315415,-0.271768,-0.07492,0.406575,0.199161,0.375466,1.0,0.321818,-0.45046,-0.187375,0.04148,0.062643,0.208535,-0.214954,0.654763,0.114663,0.321818,-0.101614,0.333195,-0.30572,-0.285532,-0.423025,0.664319,0.140382,-0.200776,0.560794,-0.270754,-0.068971,-0.97402,-0.521241,-0.270754,-0.38753,-0.086322,-0.648079,0.084992,0.638599,-0.231535,-0.267247,0.196673,-0.01154,-0.323837,0.115933,0.000259,-0.277199,-0.01206,-0.120925,0.454979,-0.452781,0.400285,0.285073,-0.362448,0.493994,-0.053764,0.0,0.111099,-0.208162,0.633367,-0.599403,0.355942,0.521273,-0.046006,0.454091,0.450342,0.500696,-0.590566,0.013223,0.159781,-0.810383,-0.676287,0.258397,-0.373895,-0.405924,-0.316917,-0.238557,-0.217191,-0.634743,-0.18588,0.104842,0.269329,-0.05732,-0.140701,-0.53147,0.107136,-0.809514,0.218167,-0.433966,-0.662862,0.661779,0.158722,-0.336114,0.393931,0.030067,-0.270754,-0.055432,0.524372,-0.213529,-0.030006,-0.53147,-0.821764,-0.53147,-0.021837,-0.286493,-0.660883,-0.436947,0.233026,-0.406132,0.218167,-0.406132,0.213846,-0.634743,0.041343,-0.084345,0.033495,-0.18588,-0.116848,-0.288498,-0.372124,0.188013,0.171972,-0.223523,-0.270754,0.476041,0.440029,-0.531751,-0.157882,0.0,-0.388301,0.046033,0.324512,0.084318,-0.270754,-0.270754,-0.067747,-0.830347,-0.406132,0.332291,-0.288498,0.373928,0.218167,0.307753,-0.130572,0.661764,-0.114387,-0.133184,-0.443963,-0.18588,-0.270754,-0.405924,0.041343,-0.111946,-0.084453,0.689888,-0.139365,-0.405144,-0.015292,-0.236672,-0.223523,0.370943,-0.29263,0.650389,0.145436,-0.261619,-0.288498,-0.111946,0.567484,0.542871,0.546433,0.074114,0.061177,-0.082412,0.0,0.074227,-0.093798,-0.200593,0.650389,0.252855,0.222075,0.287208,-0.017859,-0.439331,0.554905,-0.386525,0.023053,0.430636,0.269329,0.139092,0.307736,-0.096187,-0.0188,0.046033,0.684362,-0.469682,-0.720427,-0.139189,#
13,0.266489,0.552304,-0.116049,-0.530232,0.360185,0.301746,-0.407976,-0.681167,0.534166,0.552304,-0.018669,0.812415,0.321818,1.0,-0.722052,0.088528,-0.611838,0.431321,0.682878,-0.158334,0.218246,-0.194764,1.0,0.093671,0.066667,-0.306168,-0.043689,-0.449755,0.245773,0.802761,-0.28263,-0.0906,-0.407976,0.083227,-0.355798,0.191469,-0.407976,-0.430918,0.065421,-0.492142,-0.132906,-0.060553,-0.190647,0.46594,-0.224715,-0.158567,0.08389,0.390009,-0.376093,0.056979,-0.140672,-0.446752,0.299183,-0.229567,0.072229,-0.314586,-0.202657,-0.336474,-0.362868,0.0,-0.504366,0.261454,0.403796,-0.203895,0.574357,0.241137,0.020193,0.342348,0.190944,0.003388,-0.516994,-0.46664,-0.06032,-0.03629,-0.514601,-0.323875,-0.006638,-0.611653,-0.104662,0.242489,-0.154405,-0.48112,-0.665544,-0.219974,0.318443,0.080083,-0.800843,-0.364479,0.319274,-0.461777,-0.348264,-0.461777,-0.58867,0.428755,-0.200112,0.293799,0.037279,0.390963,0.271984,-0.049711,0.602525,-0.311142,-0.432337,-0.364479,-0.167575,-0.800827,-0.445674,-0.576409,-0.203129,-0.05034,0.679778,-0.122393,-0.348264,-0.611965,0.124868,-0.48112,-0.146677,0.05879,-0.611965,-0.681707,-0.399032,-0.605076,-0.558082,-0.709102,-0.414151,-0.182611,0.271984,0.541306,-0.218944,-0.356111,0.122129,0.0,-0.348264,-0.136311,0.063463,-0.133542,0.244786,-0.407976,0.02714,-0.601376,-0.122393,-0.134534,-0.605076,-0.436938,-0.348264,-0.283821,-0.498167,0.42876,-0.437119,-0.800827,-0.433359,-0.681707,0.271984,-0.611653,-0.568114,0.052202,0.040452,0.584948,0.550019,0.406984,-0.402968,-0.31412,-0.166442,0.550948,0.338266,0.647737,-0.166442,-0.83768,-0.194937,0.514411,-0.149898,0.818364,-0.147595,-0.119163,-0.019561,-0.537884,0.0,0.824911,0.554021,0.062123,0.664699,-0.250822,0.119986,0.335828,0.577012,-0.3896,0.33603,-0.030774,-0.455928,0.543459,0.318443,-0.589579,0.136679,0.56813,0.079308,-0.611653,0.144302,-0.401654,-0.556455,-0.800659,#
14,-0.456336,-0.138777,-0.114313,0.119204,-0.528329,-0.446949,0.326023,0.473387,-0.132124,-0.138777,-0.135867,-0.491366,-0.45046,-0.722052,1.0,-0.415051,0.397496,-0.079501,-0.323238,-0.029142,-0.34881,0.091106,-0.722052,0.127925,-0.191789,0.373437,0.177336,0.605635,-0.401044,-0.624558,-0.00592,-0.215349,0.232873,-0.290181,0.475308,0.187801,0.201823,0.433025,-0.290355,0.824607,-0.044095,-0.128317,-0.0166,-0.253912,0.119048,0.136587,0.232749,-0.022262,0.135924,0.128219,0.347133,-0.079494,-0.326023,0.300876,-0.05351,-0.066601,0.290397,0.4238,0.474604,0.0,0.28087,0.463705,-0.227512,0.37352,-0.901921,-0.103353,-0.076072,-0.659159,-0.04309,0.038678,0.555811,0.419415,0.047459,0.224496,0.504921,0.113306,-0.223004,0.326521,-0.282736,-0.335255,-0.030296,0.488296,0.321824,-0.041288,-0.228351,-0.301225,0.499671,0.07853,-0.093519,0.568056,-0.373292,0.627735,0.326649,-0.488716,0.400645,-0.290158,-0.056285,-0.088135,-0.326023,-0.207903,-0.325741,0.470354,0.199721,0.07853,0.216892,0.55674,0.053779,0.241088,0.456432,-0.29729,-0.365058,0.069862,-0.373292,0.465746,-0.317395,0.488296,-0.17688,-0.543084,0.419172,0.321824,0.772588,0.38614,0.137438,0.363726,0.341866,-0.132465,0.450222,-0.256689,-0.104145,0.193105,0.062682,0.0,0.301333,0.013965,-0.205273,0.104538,-0.326023,0.419172,0.112541,0.624066,0.069862,-0.131235,0.38614,-0.069741,-0.373292,-0.440489,0.486198,-0.488671,-0.067253,0.620032,0.186198,0.321824,-0.326023,0.326521,0.163909,-0.132225,0.205833,-0.325378,-0.430251,0.056625,0.172778,-0.089093,-0.132465,-0.639108,-0.189451,-0.791498,-0.073833,0.469294,-0.063347,-0.638777,-0.057041,-0.483025,0.04423,-0.327779,-0.320281,0.086487,0.0,-0.515442,-0.35971,0.031135,-0.307401,0.480178,0.040497,-0.357632,-0.363714,0.320521,-0.180181,0.239121,0.413852,-0.125514,-0.228351,0.399305,-0.51217,-0.368871,-0.299667,0.398343,-0.446711,0.363535,0.547629,0.635669,#
15,0.102216,-0.425165,-0.426562,0.445313,0.103447,0.275129,-0.491479,-0.009337,0.046542,0.073949,-0.381587,0.103947,-0.187375,0.088528,-0.415051,1.0,-0.350201,0.388577,0.234717,0.02152,0.181064,-0.26216,0.088528,-0.157633,-0.490204,-0.426214,-0.00268,0.084618,0.139736,0.141066,0.344338,0.0856,0.064912,0.388354,0.20319,-0.13438,0.034002,-0.411496,0.367955,-0.129126,0.249131,0.142538,0.493046,0.398903,-0.362088,-0.027195,0.227955,-0.144092,0.181709,-0.240968,0.231132,0.084295,0.312197,-0.277744,-0.410265,0.221474,0.49518,-0.421268,-0.397646,0.0,-0.075496,-0.515866,-0.46098,-0.451662,0.539474,-0.081629,0.520023,0.280182,-0.145646,-0.311888,-0.508536,0.078758,0.423361,0.234414,0.134773,-0.549739,0.175233,0.07481,0.426326,0.668295,0.027309,0.168399,-0.241501,0.007545,-0.116392,-0.151455,-0.262969,0.246435,-0.261634,0.10276,0.380216,-0.253709,0.382655,0.445571,-0.393593,-0.047202,-0.412185,-0.107762,0.281287,0.212403,-0.137254,-0.087946,0.184663,0.246435,0.466534,0.226598,0.058109,-0.108766,0.103265,0.534044,-0.238167,0.375564,0.380216,0.213283,-0.00643,0.168399,0.037565,0.679733,-0.319925,-0.259871,-0.468006,0.008664,-0.099486,-0.276871,-0.317887,-0.099444,-0.491479,-0.161841,-0.311036,0.370314,0.412545,0.0,-0.291385,-0.196624,-0.497661,0.396332,0.250376,0.250376,-0.367316,-0.045129,0.375564,-0.187697,0.008664,0.127914,0.380216,0.432629,-0.465011,0.445581,0.101498,-0.151455,0.175233,-0.259871,0.281287,0.07481,-0.102131,0.509102,-0.581105,-0.382316,-0.087946,-0.121125,-0.278295,0.220848,-0.081068,0.571609,0.103279,0.204337,-0.431283,-0.053476,0.027309,0.530114,-0.370998,-0.14129,-0.209255,-0.072267,0.537416,-0.225576,0.0,0.352869,-0.06071,-0.342675,-0.258313,-0.078713,-0.553985,-0.287672,0.319556,-0.336652,-0.404652,0.245044,-0.59095,0.031205,-0.116392,-0.404227,0.261815,0.393725,0.36713,-0.354187,-0.072183,0.472841,0.242896,-0.129046,#
16,-0.408164,-0.327178,0.549576,0.261409,-0.401994,0.046149,0.681677,0.696576,-0.327259,-0.327178,-0.245909,-0.653251,0.04148,-0.611838,0.397496,-0.350201,1.0,-0.499402,-0.408164,0.097544,0.166124,0.496341,-0.611838,-0.056808,0.255458,0.043678,-0.227109,0.014627,-0.163049,-0.763377,0.441191,-0.192804,-0.166632,0.215159,-0.064403,0.078783,0.651381,0.247114,0.214902,-0.00259,-0.249365,0.092323,0.11698,-0.301103,0.14745,-0.133276,-0.492889,-0.490457,0.03649,-0.098257,0.049207,0.273661,-0.166632,0.05524,0.297009,0.462802,0.04703,0.308205,0.213256,0.0,0.685148,-0.157754,-0.117527,0.060663,-0.467254,-0.400041,-0.321653,-0.22665,-0.381369,-0.196249,0.303815,0.343299,-0.249699,0.002731,0.303392,0.517873,-0.014788,0.345856,-0.232016,-0.407937,0.08546,0.294693,0.408278,0.656179,0.245986,0.197853,0.753492,0.197853,-0.169633,-0.003235,0.213278,0.540261,0.08546,-0.249786,0.672085,-0.217197,0.302732,-0.497242,-0.166632,0.038868,-0.311928,0.467892,0.529105,0.197853,-0.212822,0.197853,0.138556,0.227493,-0.406732,-0.003235,-0.406611,-0.249948,0.213278,0.363561,-0.061939,0.294693,-0.179494,-0.378891,0.386284,0.408278,0.271434,0.627243,0.331853,0.434975,0.251956,0.078399,-0.166632,-0.320038,0.284534,0.208256,-0.085169,0.0,0.213278,0.404256,0.238447,-0.24934,-0.166632,-0.166632,0.313429,0.358161,-0.249948,0.492637,0.627243,0.267241,0.213278,0.190961,0.293427,-0.249763,0.267737,0.774257,0.517584,0.408278,-0.166632,0.345856,0.348633,-0.326483,0.265214,-0.07474,-0.095591,-0.24934,0.505764,0.436836,0.078399,-0.326652,-0.21793,-0.395599,0.61236,0.509753,0.627243,-0.326483,0.111317,-0.490707,0.441847,0.340427,0.004014,0.329116,0.0,-0.504134,-0.593888,-0.231227,-0.395599,-0.078759,-0.073219,0.205653,-0.993263,0.22314,0.361076,0.008846,0.483092,-0.320452,0.245986,0.121934,-0.091814,-0.609012,0.216501,0.999933,0.439397,0.245986,0.335406,0.240534,#
17,0.019268,0.24509,-0.396364,-0.203036,0.089636,0.071759,-0.333003,-0.088753,0.633407,0.668476,-0.491431,0.663914,0.062643,0.431321,-0.079501,0.388577,-0.499402,1.0,0.822111,-0.036198,0.37311,-0.099285,0.431321,0.29051,-0.251297,-0.444607,0.229848,0.142546,0.457993,0.215236,-0.050495,-0.218228,-0.333003,0.198648,-0.109565,0.300687,-0.333003,-0.544569,-0.235544,0.118202,-0.037878,0.105879,-0.020622,0.409437,-0.088753,-0.305456,0.292406,0.553496,-0.273661,-0.054403,0.726287,-0.578229,0.374956,-0.407069,-0.511434,-0.366109,0.415572,0.045842,0.049114,0.0,-0.310716,0.334574,-0.206193,-0.355581,0.029389,0.581502,0.622555,-0.268116,0.528353,-0.231905,-0.638749,-0.195724,0.524153,0.161593,-0.118275,-0.643598,-0.221415,-0.49925,-0.241761,0.41303,-0.024468,-0.066509,-0.443176,-0.454605,0.195922,-0.65366,-0.653673,-0.232997,0.160379,-0.249,-0.434645,-0.249,-0.024468,0.524031,-0.030247,-0.316757,-0.109902,0.533016,0.322515,-0.229944,0.492584,0.331598,-0.205625,-0.232997,0.130476,-0.232997,-0.589982,-0.365892,0.357361,-0.249,0.381765,-0.007866,-0.434645,-0.007866,-0.066208,-0.066509,-0.297745,-0.066509,-0.499505,-0.83273,0.169263,-0.419864,-0.687919,-0.487331,-0.532555,-0.815133,0.322515,0.390984,-0.642017,0.204269,0.371125,0.0,-0.434645,-0.49925,-0.653673,0.482596,-0.333003,0.322515,-0.136746,-0.287668,-0.007866,-0.120503,-0.419864,-0.528645,-0.434645,-0.37997,-0.621343,0.52407,-0.534537,-0.232997,-0.221415,-0.83273,0.322515,-0.49925,-0.297745,0.186311,-0.260954,0.387115,-0.079634,0.482596,-0.230289,-0.465905,-0.425446,0.666499,0.174912,-0.004293,-0.425446,-0.694409,-0.419864,0.186311,-0.382148,0.546891,-0.052291,-0.673136,-0.21846,-0.742037,0.0,0.585458,-0.010662,-0.181129,0.404515,0.374849,-0.445188,-0.374494,0.467595,-0.502415,0.18968,0.182408,-0.323543,0.643976,0.195922,-0.416129,-0.413001,0.375865,-0.216879,-0.49925,-0.023254,0.195922,-0.046388,-0.244194,#
18,0.166667,0.36212,-0.232252,-0.318776,0.233997,0.217651,-0.272166,-0.354865,0.801784,0.801585,-0.40165,0.605679,0.208535,0.682878,-0.323238,0.234717,-0.408164,0.822111,1.0,-0.26191,0.527779,0.004754,0.682878,0.131921,-0.116745,-0.526745,0.114501,-0.042706,0.299757,0.52463,-0.188113,-0.348435,-0.272166,0.350479,-0.277296,0.453575,-0.272166,-0.606881,-0.100201,-0.166742,0.070653,0.249946,-0.245742,0.698564,-0.354865,-0.418319,0.072248,0.328648,-0.381387,-0.164473,0.613706,-0.649827,0.408248,-0.356847,-0.130715,-0.148367,0.364392,0.013913,-0.076149,0.0,-0.430842,0.415283,-0.013034,-0.47084,0.291892,0.467997,0.282889,-0.053864,0.404361,-0.254274,-0.745456,-0.226505,0.122352,-0.029444,-0.198983,-0.73181,-0.412772,-0.40804,-0.388857,0.154143,-0.255904,-0.18009,-0.594632,-0.292502,0.120096,-0.53424,-0.534251,-0.097602,0.021019,-0.45046,-0.520379,-0.45046,-0.255904,0.611975,0.11572,0.005288,0.282784,0.351606,0.408248,-0.047831,0.464811,0.185805,-0.431666,-0.097602,0.016021,-0.53424,-0.773299,-0.541987,0.128899,-0.038749,0.543379,-0.408248,-0.520379,-0.408248,-0.214759,-0.18009,-0.413449,-0.18009,-0.408248,-0.998981,-0.133099,-0.666317,-0.811647,-0.651253,-0.62164,-0.666214,0.408248,0.270833,-0.456438,-0.089087,0.184856,0.0,-0.520379,-0.40804,-0.534251,0.069997,-0.272166,-0.272166,-0.207678,-0.406747,-0.408248,-0.125582,-0.666317,-0.655844,-0.520379,-0.440527,-0.717265,0.611918,-0.654346,-0.53424,-0.412772,-0.998981,0.408248,-0.40804,-0.413449,-0.125152,-0.127221,0.636985,0.185805,0.610883,-0.417303,-0.214759,-0.261727,0.800297,0.031833,0.148517,-0.261727,-0.853761,-0.255904,0.337365,-0.249995,0.749215,0.055385,-0.395763,-0.030907,-0.795992,0.0,0.808331,0.229691,-0.037905,0.57285,0.216905,-0.187929,0.208988,0.373147,-0.544541,0.503815,-0.044701,-0.3227,0.78666,0.120096,-0.657223,-0.187929,0.637029,-0.106187,-0.40804,0.216071,0.120096,-0.155084,-0.534128,#
19,-0.229575,-0.073528,0.592842,0.030579,-0.198663,-0.662744,-0.271931,0.523573,-0.101973,-0.533929,0.210301,-0.070504,-0.214954,-0.158334,-0.029142,0.02152,0.097544,-0.036198,-0.26191,1.0,-0.354491,-0.007009,-0.158334,0.657148,0.342975,0.070179,0.513748,0.015168,0.26183,-0.352205,0.213813,-0.355189,-0.271931,0.34193,0.168101,0.285914,0.414496,0.199227,-0.079055,0.133008,-0.406944,-0.658381,0.166928,-0.327942,0.541295,-0.036661,-0.40388,0.363233,-0.500453,0.245167,-0.164274,0.389302,-0.271931,-0.020661,-0.581483,-0.563108,-0.513714,-0.110939,0.34321,0.0,-0.128963,-0.31069,-0.573775,0.421462,-0.150825,0.012578,0.298326,-0.190539,0.066294,-0.575529,0.339669,-0.664904,0.067255,0.416139,-0.103178,0.333642,0.821242,0.092168,0.545187,0.154251,0.999784,-0.114716,0.642802,-0.238628,0.361919,0.391066,-0.101595,0.330273,0.122946,0.001691,0.309143,0.001691,0.544528,-0.407631,-0.232118,0.151723,-0.03175,0.472118,0.388095,-0.418044,-0.202254,0.265291,-0.007909,0.330273,0.100706,0.330273,0.194314,0.751384,0.153796,0.001691,0.225676,0.087123,0.309143,0.601944,0.270254,-0.114716,0.100265,0.451292,-0.407896,0.250568,-0.09296,0.146413,0.516368,0.285131,-0.199768,0.191106,-0.271931,-0.165715,-0.203672,0.779487,-0.131599,0.0,0.309143,-0.407688,-0.058571,0.117775,-0.271931,0.388095,0.356188,0.067075,0.087123,0.584245,0.146413,-0.052859,0.309143,0.235784,-0.043486,-0.407593,0.407835,0.330273,0.373894,0.250568,0.388095,0.092168,0.543437,-0.084137,0.418692,-0.157091,0.324721,0.117775,0.802229,-0.173856,0.583473,-0.074828,0.58969,-0.254998,0.583473,-0.078803,0.146413,-0.084137,-0.229572,-0.038874,-0.405805,0.106396,-0.411642,0.350038,0.0,-0.459665,-0.204983,0.197082,-0.254998,-0.593843,-0.58477,-0.438698,-0.154566,0.325202,0.064906,0.021585,0.496316,-0.551083,0.361919,0.140257,-0.16346,-0.630819,-0.100403,0.092168,0.22892,-0.392985,-0.185396,-0.121524,#
20,0.218391,-0.026105,0.121008,0.069618,0.289075,0.66848,0.475509,0.059084,0.252926,0.415382,-0.394726,0.308642,0.654763,0.218246,-0.34881,0.181064,0.166124,0.37311,0.527779,-0.354491,1.0,0.556435,0.218246,-0.341933,0.295025,-0.514142,-0.385697,-0.421132,0.640509,0.031992,0.204703,0.214248,-0.267474,0.250086,-0.746148,-0.152001,-0.267474,-0.592932,-0.088991,-0.640226,0.079873,0.741047,-0.232326,0.130386,0.059084,-0.598547,-0.302794,-0.103922,0.099124,-0.293342,0.511743,-0.168419,0.475509,-0.484641,0.033585,0.403617,0.33216,0.197503,-0.037637,0.0,0.255393,-0.217666,0.173642,-0.629341,0.262169,0.495091,0.205641,0.007842,0.419224,0.055531,-0.740167,0.091323,0.178138,-0.490841,-0.160656,-0.148407,-0.502537,-0.401006,-0.442732,0.093389,-0.350086,-0.099636,-0.214013,0.207881,0.234303,-0.52503,-0.029719,-0.200813,0.088364,-0.799705,0.184245,-0.32369,-0.350086,0.669687,0.28129,-0.483854,0.365289,-0.112478,0.237754,0.364561,0.536556,0.211665,0.089035,-0.200813,-0.478177,-0.52503,-0.424518,-0.362697,-0.339971,-0.129053,0.104385,-0.40121,0.184245,-0.40121,0.176947,-0.099636,0.004515,-0.237292,0.156026,-0.514255,0.0,-0.180316,-0.400221,-0.154965,-0.382914,-0.654729,-0.267474,0.325767,0.099682,-0.194558,-0.143541,0.0,-0.409815,0.17186,-0.029719,0.079213,-0.267474,-0.267474,-0.191015,-0.378097,-0.40121,0.31156,-0.180316,-0.026524,0.184245,0.265985,-0.548256,0.669724,-0.132604,-0.020193,-0.036266,-0.514255,0.237754,-0.401006,0.004515,-0.114082,-0.522843,0.660469,-0.281854,0.00139,-0.045056,0.176947,-0.354385,0.730668,-0.421758,0.232835,0.113278,-0.259906,0.124428,0.229351,0.254788,0.310501,0.669288,0.056124,0.053999,-0.231783,0.0,0.364756,-0.20179,-0.324502,0.232835,0.342869,-0.099185,0.264718,-0.158695,-0.48948,0.535308,-0.366633,-0.177402,0.418295,0.234303,-0.170235,-0.099185,0.196407,-0.02197,0.17186,0.664085,0.234303,-0.074189,-0.027837,#
