0,1.0,0.231976,0.224987,-0.229817,0.299781,-0.203293,-0.135057,0.189318,0.0,0.394239,-0.408156,0.305699,0.591652,0.305699,0.601566,0.225337,-0.249786,-0.326776,0.211264,-0.166667,-0.348325,0.649315,-0.206302,-0.24994,-0.326279,0.102062,0.258761,-0.327327,0.311718,0.203999,-0.407596,0.342633,0.0,0.091733,-0.521267,0.487669,-0.408148,-0.105413,0.0,0.111657,-0.116927,0.0,0.194603,0.240005,-0.166667,0.006667,0.487669,-0.012977,-0.447083,0.311718,-0.644538,-0.114775,0.268839,-0.471348,0.142243,-0.494144,-0.365895,0.24952,0.166872,-0.888527,-0.166666,0.377494,0.105721,-0.019307,0.255773,0.25134,0.0,0.025516,0.2002,-0.498821,0.215866,-0.603303,0.0,-0.166667,-0.034818,-0.194623,-0.166667,-0.432888,-0.327154,-0.327161,-0.327327,-0.408046,-0.497937,-0.327161,0.217813,-0.248719,-0.407971,-0.327161,-0.249873,-0.106503,-0.327154,-0.327161,0.101567,0.0,-0.166667,0.666667,-0.25,-0.327154,-0.25,-0.406816,-0.579068,-0.408046,0.211414,-0.166667,-0.327161,0.0,-0.101623,-0.327154,0.356961,-0.25,-0.325972,-0.166667,-0.166667,-0.25,-0.327161,-0.011485,-0.249873,-0.023696,0.375,-0.607553,-0.25,-0.249838,-0.140991,0.28575,-0.652043,0.108813,0.666667,-0.019806,0.182915,-0.166667,0.217813,-0.249461,-0.327161,0.235399,-0.499604,-0.327161,-0.166667,-0.249873,0.404485,-0.499613,0.0,-0.407971,-0.166667,-0.652043,-0.497937,0.1696,0.337506,-0.594777,-0.497937,-0.249838,-0.324824,-0.22225,0.666667,-0.25,0.005932,0.0,0.227396,0.109167,-0.408046,0.217813,-0.326025,-0.166667,-0.248719,-0.248719,0.175882,0.140477,0.15328,0.135974,-0.249873,-0.166667,-0.401737,0.111339,-0.166667,-0.121988,0.418594,0.367876,-0.166667,-0.222247,0.406745,0.31027,-0.222247,0.395973,0.219286,0.238089,-0.192047,-0.25,0.406745,-0.212378,0.422079,0.315447,-0.327161,0.140477,-0.192047,0.363252,-0.030808,-0.407844,-0.192047,-0.116524,0.396459,0.0,#
1,0.231976,1.0,-0.428378,-0.044472,-0.028079,-0.03341,-0.355819,-0.42805,0.0,0.100926,-0.098869,-0.022759,-0.060119,-0.022759,0.38776,0.347797,-0.326972,-0.427752,-0.428375,-0.218168,-0.141479,0.432277,-0.038627,0.200657,0.072274,-0.094704,-0.175791,0.041582,0.454457,0.523016,-0.533546,-0.497713,0.0,0.377487,0.219118,0.247483,0.336203,0.071949,5e-05,0.362116,0.141018,-0.654085,0.26982,0.532544,-0.218168,0.105393,0.247483,-0.178255,0.326254,0.454457,0.218517,0.08875,0.138661,0.255815,0.244559,-0.177773,0.350009,0.479368,0.289158,-0.46867,-0.404574,-0.298417,0.211381,0.125619,-0.062605,-0.159137,0.0,0.314553,0.481003,0.239694,-0.136591,0.15223,0.0,-0.218168,0.637115,-0.09352,-0.218168,0.311715,0.032525,0.502513,0.041582,0.332442,-0.222768,0.050425,0.558057,-0.325575,-0.107194,-0.428256,0.226535,0.094413,0.032525,0.502513,0.387497,0.0,-0.218168,-0.218168,-0.327252,0.032525,-0.327252,0.38302,0.216257,0.332442,0.323249,-0.218168,0.023832,0.0,-0.798155,0.520402,0.226535,0.211264,-0.4267,-0.218168,-0.218168,0.211264,0.023832,0.211906,-0.327085,0.232044,0.231976,0.111733,-0.327252,-0.327039,0.506563,0.414558,-0.515898,-0.061402,0.527469,0.069791,0.28072,0.499853,0.05955,-0.326546,0.023832,0.024164,-0.23341,-0.428256,-0.218168,-0.327085,0.557941,0.202069,0.0,-0.107194,0.499853,-0.515898,-0.222768,0.263121,0.198651,-0.398017,0.231504,-0.327039,-0.425197,-0.532402,-0.218168,0.211264,-0.217823,0.0,-0.52296,-0.279771,0.332442,0.05955,0.05078,-0.218168,-0.325575,-0.325575,0.022066,0.276992,0.002222,-0.748889,0.195778,-0.218168,-0.176075,-0.325951,-0.218168,0.084895,-0.338954,0.519405,0.499853,-0.500591,0.12356,-0.024114,-0.994767,0.120288,0.354527,-0.183514,0.300187,0.211264,0.12356,-0.023674,0.251139,-0.019482,0.023832,0.276992,0.300187,0.539375,0.233289,-0.533871,0.300187,0.077713,0.084895,0.654504,#
2,0.224987,-0.428378,1.0,0.415662,-0.095379,-0.063813,0.516075,0.522393,0.0,0.054187,-0.087775,-0.090448,0.315435,0.390572,0.340628,0.283987,-0.326974,0.041664,0.523272,-0.218169,-0.507113,0.291667,-0.068863,-0.327175,-0.007025,0.350702,0.34035,-0.428476,0.398394,-0.428373,-0.07454,0.449949,0.0,-0.142269,-0.71961,0.184924,-0.087943,0.094203,0.0,-0.534245,-0.645034,0.654089,0.161266,0.031004,0.490881,-0.394921,0.6295,-0.066532,-0.290642,0.398394,-0.535591,0.077625,-0.321965,-0.159663,-0.589628,-0.165822,-0.229502,0.294869,-0.642714,-0.067847,0.504516,0.209543,-0.166398,0.212717,-0.094716,0.194557,0.0,-0.025049,-0.398831,-0.652964,-0.008095,-0.324639,0.0,-0.218169,-0.217441,0.420362,-0.218169,-0.298936,-0.42825,-0.428258,0.05356,-0.534138,-0.211837,-0.428258,-0.427681,-0.325576,-0.096318,-0.428258,-0.327087,-0.353377,0.044266,-0.428258,0.323035,0.0,-0.218169,0.518152,-0.327254,0.044266,-0.327254,-0.532528,-0.572151,-0.534138,-0.202787,-0.218169,-0.428258,0.0,0.09977,-0.42825,0.209102,-0.327254,0.026125,-0.218169,-0.218169,0.224987,-0.428258,-0.222695,-0.327087,-0.206463,-0.327254,-0.343513,-0.327254,0.221544,-0.358545,-0.043639,0.213384,0.283888,-0.218169,-0.45262,-0.499519,-0.218169,0.083531,0.172878,-0.428258,0.062004,-0.222695,0.035351,0.518152,0.209102,-0.109596,-0.654001,0.0,-0.53404,-0.218169,0.213384,-0.211837,0.180897,-0.326548,-0.277511,-0.651807,0.221544,0.467503,0.388598,0.518152,0.224987,0.238786,0.0,0.454157,0.313191,-0.534138,0.083531,-0.426772,-0.218169,-0.325576,-0.325576,-0.427573,0.137915,-0.426373,0.328791,-0.327087,-0.218169,-0.291296,0.377609,-0.218169,-0.340325,0.518753,0.091263,-0.218169,0.382424,0.054353,-0.079779,0.382424,0.490258,0.253731,0.276734,-0.523734,-0.327254,0.054353,0.410691,0.421915,-0.092673,-0.428258,0.137915,-0.523734,0.12858,-0.250034,-0.115059,-0.523734,-0.363215,0.117767,-0.212715,#
3,-0.229817,-0.044472,0.415662,1.0,-0.4783,-0.436147,0.353159,-0.061873,0.0,-0.587624,0.545578,-0.468275,-0.408044,-0.468275,0.072893,0.740751,0.323169,-0.526806,0.433569,0.202458,-0.348061,0.047659,-0.446348,-0.220108,-0.061031,0.512673,-0.37396,0.433441,0.512669,-0.509428,-0.357635,0.038073,0.0,-0.37332,-0.199217,-0.252486,0.097116,0.360323,5e-05,0.084946,-0.579115,-0.22967,-0.222998,-0.077966,0.202458,-0.092373,0.193526,-0.766741,-0.289002,0.512669,-0.230488,0.36991,-0.117183,0.624152,-0.196139,0.292981,0.235788,-0.109682,-0.29753,0.325746,0.564966,-0.234222,0.323624,0.601333,-0.428556,-0.417189,0.0,0.358535,-0.340141,-0.195262,0.143071,0.333397,0.0,0.229817,-0.186327,0.753982,0.229817,0.24522,-0.068369,-0.041343,0.433441,0.104154,-0.170209,-0.058569,-0.484706,-0.158117,0.097586,-0.058569,0.324627,-0.041571,0.451114,0.451123,0.095452,0.0,-0.508881,0.202458,-0.209298,-0.050812,-0.209298,0.14034,-0.298334,0.104154,-0.236471,0.202458,-0.041343,0.0,-0.066924,0.433557,0.324627,0.324206,-0.115101,-0.508881,-0.508881,0.344726,-0.041343,0.198716,0.324627,-0.127778,-0.763321,0.447712,-0.209298,-0.212469,-0.042817,0.564973,0.49772,0.04545,-0.508881,-0.086481,-0.18078,0.229817,-0.484706,-0.260637,-0.041343,-0.140808,0.214741,-0.041343,0.229817,-0.225012,-0.389252,0.220133,0.0,0.081321,0.229817,0.49772,-0.170209,0.478654,-0.761676,-0.153317,0.280797,-0.212469,0.432666,0.492006,0.202458,0.344726,-0.197099,0.0,-0.317948,-0.399025,0.104154,-0.484706,-0.504147,-0.508881,-0.158117,-0.759409,-0.496184,-0.165323,-0.484993,-0.206096,0.34455,-0.508881,-0.294305,-0.219986,0.229817,-0.014017,-0.072544,-0.067986,0.229817,0.041661,-0.543056,0.098469,0.041661,-0.089918,0.773677,0.253908,0.264814,0.324206,-0.062318,0.070994,0.749554,-0.434971,-0.041343,0.572599,0.264814,-0.140677,-0.180039,0.092575,0.264814,0.346216,-0.500622,0.246233,#
4,0.299781,-0.028079,-0.095379,-0.4783,1.0,-0.385008,-0.588921,-0.099463,0.0,0.360794,-0.772018,0.038638,0.526487,0.038638,0.063343,-0.335684,-0.178883,0.438141,-0.566892,0.241491,0.529991,-0.336406,0.570009,-0.188788,-0.083512,0.064592,0.138071,-0.034526,-0.459729,0.437358,0.107415,-0.043603,0.0,0.556243,-0.332845,0.190994,-0.33402,-0.547814,0.0001,-0.30895,-0.241612,0.19207,0.447262,0.304416,0.213733,-0.318907,0.190994,0.547588,0.153246,-0.459729,-0.128498,-0.556253,-0.286648,-0.35408,0.463984,-0.20114,-0.322581,0.06672,0.47492,-0.184974,0.012493,0.271136,-0.366569,-0.291967,0.072192,0.740671,0.0,-0.196326,0.105862,0.224306,0.471039,-0.491394,0.0,-0.507963,-0.181501,0.061586,-0.507963,-0.330173,-0.006915,-0.016346,-0.506987,-0.330506,-0.662944,0.455532,-0.063936,-0.268496,-0.771668,-0.025599,0.340649,-0.130963,-0.997093,-0.515982,-0.39667,0.0,0.241491,0.158218,-0.199854,-0.487859,-0.199854,0.091922,-0.051187,-0.330506,-0.37007,0.241491,-0.497477,0.0,-0.123054,-0.025776,0.28001,-0.199854,0.454588,0.213733,0.213733,-0.761945,-0.497477,0.21892,-0.215804,-0.243887,0.341418,-0.558321,-0.199854,0.320391,-0.506024,-0.453695,-0.232313,0.503299,0.241491,0.437164,-0.247701,-0.507963,-0.063936,0.341904,-0.497477,0.346913,-0.618886,-0.497477,-0.507963,-0.183701,0.447942,-0.186651,0.0,-0.326139,0.213733,-0.232313,-0.662944,-0.230571,0.361455,0.409665,-0.232689,0.320391,-0.588121,-0.45158,0.158218,-0.761945,-0.250158,0.0,-0.001448,0.288475,-0.330506,-0.063936,-0.042352,0.241491,-0.268496,0.341551,-0.035151,-0.298926,-0.044993,0.011197,-0.761556,0.241491,-0.316563,0.151799,-0.507963,-0.557686,-0.155087,-0.089827,0.213733,0.014567,0.313869,-0.253325,0.014567,0.334134,-0.367298,-0.395569,-0.286792,-0.199854,0.295804,0.009218,-0.280542,0.498138,-0.497477,-0.298926,-0.286792,-0.033706,-0.62751,0.083852,-0.286792,-0.097517,-0.115804,-0.641199,#
5,-0.203293,-0.03341,-0.063813,-0.436147,-0.385008,1.0,0.360193,-0.033132,0.0,0.397786,0.061929,0.565139,0.143314,0.565139,-0.321959,-0.313645,-0.243804,0.431161,-0.051971,-0.508925,0.015415,0.101442,0.056148,0.336382,0.411519,-0.365852,0.295476,-0.528725,0.071724,-0.046409,0.100933,0.116784,0.0,0.082869,0.177044,0.24626,0.096303,-0.085046,5e-05,0.083449,0.651989,0.216265,-0.232941,-0.043463,0.210208,-0.194294,-0.187938,0.538966,0.343302,0.071724,0.500421,-0.085713,0.327302,-0.012076,-0.268206,-0.298276,0.208478,0.200602,-0.193426,-0.078641,-0.349882,-0.228699,-0.360588,-0.265084,0.03783,-0.325023,0.0,-0.104165,0.272437,-0.214594,-0.494667,-0.059535,0.0,0.210208,0.21148,-0.613671,0.210208,0.172171,-0.03007,-0.048352,-0.057942,0.085457,0.645521,-0.501139,0.430148,0.313696,0.531962,-0.021717,-0.762998,-0.107226,0.412622,-0.066791,0.529262,0.0,0.237867,-0.508925,0.336056,0.431416,0.336056,-0.403866,0.471621,0.085457,0.190669,-0.508925,0.43107,0.0,-0.090078,-0.537495,-0.762998,-0.224037,0.000442,0.210208,0.210208,0.315312,0.43107,-0.641179,-0.208521,0.183249,0.336056,-0.142154,0.336056,0.315107,0.347461,-0.446814,-0.228785,-0.384033,0.237867,-0.273023,-0.188832,0.210208,0.430148,0.336549,0.43107,-0.000572,0.226052,0.43107,0.210208,0.336477,-0.016457,-0.210296,0.0,0.104458,-0.508924,-0.228785,0.645521,-0.17221,0.356031,0.002541,-0.256653,0.315107,0.409684,0.048475,-0.508925,0.315312,0.211072,0.0,0.565613,0.318853,0.085457,0.430148,0.430677,0.237867,0.313696,0.33621,0.447413,0.477372,0.445791,0.237187,0.315151,0.237867,0.732843,0.177044,0.210208,0.338079,0.343237,-0.091773,-0.508924,0.01856,0.365629,-0.214788,0.01856,-0.099665,-0.363654,0.175214,-0.299586,-0.224037,-0.120376,0.005127,-0.459754,0.036407,0.43107,-0.297327,-0.299586,-0.009104,0.641131,0.059281,-0.299586,-0.518245,0.356299,0.21574,#
6,-0.135057,-0.355819,0.516075,0.353159,-0.588921,0.360193,1.0,0.517936,0.0,0.119644,0.253849,0.317519,-0.21765,0.317519,-0.210157,0.058505,-0.114362,0.077006,0.516944,-0.407819,-0.470579,0.18978,-0.538237,-0.105434,0.549532,0.23352,0.180904,-0.350194,0.329702,-0.344258,-0.171939,-0.032665,0.0,-0.616482,-0.3202,0.379681,-0.163989,0.144686,4.8e-05,-0.17154,0.070864,0.380458,-0.324766,0.171137,0.280706,-0.128818,-0.036037,-0.108731,-0.469037,0.329702,-0.270887,0.145893,-0.011088,0.213116,-0.295535,-0.050036,0.132523,-0.184576,-0.384051,0.136473,0.439597,0.370966,-0.35004,0.454839,-0.117784,-0.52085,0.0,0.180006,-0.082706,-0.412141,-0.034156,-0.238425,0.0,0.280706,-0.406065,0.154619,0.280706,-0.405229,-0.358673,-0.367017,0.100551,-0.167474,0.403033,-0.800533,0.100364,0.418901,0.253734,-0.341516,-0.611416,0.114508,0.551005,0.091999,0.264664,0.0,-0.407819,0.227743,-0.095334,0.083171,-0.095334,-0.19276,-0.376526,-0.167474,0.064403,-0.407819,0.091999,0.0,0.130316,-0.358673,-0.1486,-0.095334,-0.357906,0.280706,0.280706,0.421059,0.091999,-0.446913,-0.080539,0.006024,-0.095334,0.153499,-0.095334,0.420786,-0.232982,-0.088788,0.30267,-0.249544,-0.407819,-0.192171,-0.30707,0.280706,0.100364,-0.125439,0.091999,0.221132,0.011132,0.091999,0.280706,-0.110032,-0.123562,-0.401609,0.0,-0.155574,-0.407819,0.30267,0.403033,-0.284649,-0.610409,-0.093007,-0.008377,0.420786,0.547081,0.330937,0.227743,0.421059,0.366096,0.0,0.391702,0.208147,-0.167474,0.100364,0.064235,-0.407819,0.418901,-0.14155,-0.332157,0.343735,-0.322092,0.115467,0.420845,-0.407819,0.078351,0.162271,0.280706,0.195765,0.570683,-0.277364,-0.407819,0.297995,0.127101,-0.37115,0.297995,-0.312484,0.051268,0.582583,-0.46992,-0.095334,0.127101,0.287138,0.137787,-0.146263,0.091999,0.343735,-0.46992,-0.213672,-0.008811,0.251166,-0.46992,-0.276791,0.137617,0.015889,#
7,0.189318,-0.42805,0.522393,-0.061873,-0.099463,-0.033132,0.517936,1.0,0.0,0.05021,-0.08162,-0.094559,-0.144582,0.392651,0.319593,-0.27131,-0.326723,0.028339,0.498774,-0.218002,-0.501729,0.268489,-0.038347,-0.326925,0.072706,-0.11242,0.427532,-0.428148,-0.089608,0.066416,0.360929,-0.003931,0.0,-0.532122,-0.16793,0.180919,-0.081791,0.071453,-5.2e-05,-0.533836,-0.196065,0.635701,0.24374,0.032755,-0.218002,0.284117,0.180919,-0.061642,-0.408023,-0.089608,-0.488525,0.05531,-0.321718,-0.61653,-0.511071,0.215641,-0.194409,-0.131696,-0.568213,-0.050974,0.327001,0.750355,-0.194431,0.216209,0.362356,0.320437,0.0,-0.01054,-0.42553,-0.240382,-0.034985,-0.318049,0.0,-0.218002,-0.211332,0.080389,-0.218002,-0.727858,-0.427922,-0.427931,0.060091,-0.53373,0.187528,-0.427931,0.029521,0.180564,-0.090276,-0.427931,-0.326837,0.015479,0.050675,-0.427931,-0.048508,0.0,-0.218002,0.470426,-0.327004,0.050675,-0.327004,-0.124566,-0.527441,-0.53373,0.258967,-0.218002,-0.427931,0.0,0.4782,-0.427922,0.174477,-0.327004,-0.426376,0.527795,0.527795,0.232345,-0.427931,-0.250247,-0.326837,0.197384,0.232345,0.039755,-0.327004,0.214162,-0.352255,-0.067759,0.109015,-0.105291,-0.218002,-0.491758,0.141556,-0.218002,0.547313,-0.326299,-0.427931,0.090514,-0.216644,0.041646,0.527795,0.216253,-0.044314,-0.653501,0.0,-0.533632,-0.218002,0.109015,0.187528,-0.550058,-0.326299,-0.224596,-0.258104,0.214162,0.079407,-0.067759,0.470426,0.232345,0.614222,0.0,0.283624,0.355726,-0.53373,0.547313,0.011222,-0.218002,0.180564,0.180564,-0.427246,0.135392,-0.426047,0.33127,-0.326837,-0.218002,-0.257045,0.354674,-0.218002,0.075582,0.51682,0.068624,-0.218002,0.380528,0.046669,-0.107816,0.380528,0.045433,-0.27389,0.274686,-0.537658,-0.327004,0.046669,0.380138,-0.073964,-0.100684,-0.427931,0.135392,-0.537658,0.110236,-0.243904,-0.092945,-0.537658,-0.391063,0.503878,-0.206529,#
8,0.0,0.0,0.0,0.0,0.0,0.0,0.0,0.0,0.0,0.0,0.0,0.0,0.0,0.0,0.0,0.0,0.0,0.0,0.0,0.0,0.0,0.0,0.0,0.0,0.0,0.0,0.0,0.0,0.0,0.0,0.0,0.0,0.0,0.0,0.0,0.0,0.0,0.0,0.0,0.0,0.0,0.0,0.0,0.0,0.0,0.0,0.0,0.0,0.0,0.0,0.0,0.0,0.0,0.0,0.0,0.0,0.0,0.0,0.0,0.0,0.0,0.0,0.0,0.0,0.0,0.0,0.0,0.0,0.0,0.0,0.0,0.0,0.0,0.0,0.0,0.0,0.0,0.0,0.0,0.0,0.0,0.0,0.0,0.0,0.0,0.0,0.0,0.0,0.0,0.0,0.0,0.0,0.0,0.0,0.0,0.0,0.0,0.0,0.0,0.0,0.0,0.0,0.0,0.0,0.0,0.0,0.0,0.0,0.0,0.0,0.0,0.0,0.0,0.0,0.0,0.0,0.0,0.0,0.0,0.0,0.0,0.0,0.0,0.0,0.0,0.0,0.0,0.0,0.0,0.0,0.0,0.0,0.0,0.0,0.0,0.0,0.0,0.0,0.0,0.0,0.0,0.0,0.0,0.0,0.0,0.0,0.0,0.0,0.0,0.0,0.0,0.0,0.0,0.0,0.0,0.0,0.0,0.0,0.0,0.0,0.0,0.0,0.0,0.0,0.0,0.0,0.0,0.0,0.0,0.0,0.0,0.0,0.0,0.0,0.0,0.0,0.0,0.0,0.0,0.0,0.0,0.0,0.0,0.0,0.0,0.0,0.0,0.0,0.0,0.0,0.0,0.0,0.0,0.0,0.0,0.0,0.0,0.0,0.0,0.0,#
9,0.394239,0.100926,0.054187,-0.587624,0.360794,0.397786,0.119644,0.05021,0.0,1.0,-0.599201,0.802356,0.67844,0.802356,-0.181927,-0.448342,-0.610547,0.559146,-0.392272,-0.40738,-0.1,0.284356,-0.037413,0.414624,0.521975,0.209232,0.630915,-0.800079,-0.115916,0.105557,-0.143676,-0.100444,0.0,0.264789,-0.442531,0.798024,-0.151986,-0.264372,0.0,-0.160292,0.400386,0.402497,0.297971,0.52024,0.275967,-0.294391,-0.011291,0.696118,-0.057641,-0.115916,-0.212748,-0.272699,-0.162814,-0.271237,0.317774,-0.864431,-0.40353,0.394574,0.386123,-0.366639,-0.269396,0.383172,-0.471573,-0.394788,0.383529,0.063645,0.0,-0.362131,0.499606,0.007866,-0.16205,-0.578172,0.0,-0.40738,0.009151,-0.506405,-0.40738,-0.459339,0.104174,0.087122,-0.369929,-0.171743,-0.015243,-0.326586,0.53991,-0.144408,-0.159919,-0.326586,-0.610759,0.104969,-0.378001,-0.385965,0.229239,0.0,0.30225,0.223402,-0.078848,0.104174,-0.078848,-0.214003,-0.182634,-0.171743,0.037937,-0.40738,0.087122,0.0,-0.279976,-0.378001,-0.151423,-0.118272,0.149492,0.275967,0.275967,-0.118272,0.087122,-0.026715,-0.610759,-0.448403,0.433663,-0.736586,-0.078848,0.413682,-0.249202,-0.595814,-0.291947,0.209249,0.30225,0.320653,-0.275519,0.249685,0.083724,0.433885,0.087122,0.561348,-0.396191,-0.326586,-0.40738,-0.063609,0.735934,-0.405573,0.0,-0.159919,-0.40738,-0.291947,-0.015243,-0.253584,0.452397,-0.087757,-0.464206,0.413682,-0.413445,-0.125171,0.223402,-0.118272,0.380743,0.0,0.326425,0.65647,-0.171743,0.083724,0.540862,0.30225,-0.144408,0.433223,0.110943,0.343365,0.101219,-0.112573,-0.132284,0.30225,0.081364,0.056264,-0.40738,-0.291439,0.122823,0.144563,-0.40738,0.313165,0.994198,-0.385018,-0.139059,0.145701,-0.479186,0.022657,-0.469416,-0.118272,0.104765,0.300405,-0.350348,0.77104,0.087122,-0.392783,-0.469416,0.279987,-0.001457,-0.189619,-0.469416,-0.283438,0.56845,-0.402124,#
10,-0.408156,-0.098869,-0.087775,0.545578,-0.772018,0.061929,0.253849,-0.08162,0.0,-0.599201,1.0,-0.363982,-0.665286,-0.363982,-0.249533,0.427156,0.622138,-0.533502,0.353288,0.427592,-0.304826,0.124111,-0.344832,0.08725,-0.064083,0.174564,-0.10368,0.36475,0.08351,-0.534273,0.173974,0.112698,0.0,-0.664179,0.47096,-0.408321,0.150487,0.229781,0.0,0.579511,0.039608,-0.411779,-0.289895,-0.557476,-0.272104,0.279903,-0.408321,-0.656779,-0.037107,0.08351,0.263809,0.237948,0.176544,0.341372,-0.313325,0.428444,0.416845,-0.393361,-0.322836,0.366112,0.246188,-0.397868,0.460275,0.363244,0.092796,-0.545996,0.0,0.357062,-0.500394,0.007159,-0.299634,0.583299,0.0,0.401677,-0.017144,0.166439,0.401677,0.460895,0.347275,-0.109897,0.805843,0.146999,0.41854,-0.093581,-0.065618,0.142386,0.55913,0.355607,0.101571,-0.15778,0.788462,0.33929,0.20925,0.0,-0.272104,-0.272104,0.09718,0.330645,0.09718,0.18646,0.238947,0.146999,-0.086148,0.427592,0.33929,0.0,0.276986,0.347275,-0.407948,0.621952,-0.113265,-0.272104,-0.272104,0.602516,0.33929,-0.011161,0.621079,0.025791,-0.408156,0.701956,0.09718,-0.407891,0.237493,0.544029,0.266136,-0.661258,-0.272104,-0.322323,0.271662,0.401677,-0.065618,-0.407276,0.33929,-0.17051,0.801379,0.33929,0.401677,0.0827,-0.746596,0.392833,0.0,0.574536,-0.272104,0.266136,0.41854,0.250034,-0.407276,-0.243105,0.434025,-0.407891,0.407657,0.544029,-0.272104,0.602516,0.001845,0.0,-0.319775,-0.203689,0.146999,-0.065618,-0.08415,-0.272104,0.142386,-0.406064,-0.076182,-0.363762,-0.067031,0.133314,0.602208,-0.272104,0.469714,-0.571683,0.401677,0.721717,-0.137108,-0.182211,-0.272104,0.139341,-0.5576,0.387668,0.139341,-0.569513,0.454212,0.489557,0.472801,0.621952,-0.5576,-0.355239,0.313225,-0.295404,0.33929,0.362081,0.472801,-0.293357,0.416273,0.203365,0.472801,0.241422,-0.157431,0.396494,#
11,0.305699,-0.022759,-0.090448,-0.468275,0.038638,0.565139,0.317519,-0.094559,0.0,0.802356,-0.363982,1.0,0.536351,0.525814,-0.377608,-0.363481,-0.237717,0.446143,-0.077576,-0.508103,0.040693,0.136752,-0.384964,0.347903,0.4263,0.054707,0.246228,-0.522706,0.027377,-0.03588,-0.336957,0.068136,0.0,0.097273,-0.339598,0.63872,-0.329111,-0.099289,-0.000101,0.097902,0.674597,0.201549,-0.320505,0.29792,0.217758,-0.204153,-0.237802,0.557486,-0.295306,0.027377,-0.160253,-0.099332,0.338604,0.003601,0.432509,-0.758698,-0.307706,0.08034,0.473252,-0.322475,-0.361533,0.276783,-0.373407,-0.326208,0.085988,-0.376156,0.0,-0.315424,0.68914,-0.199891,-0.022148,-0.498367,0.0,0.217758,-0.199462,-0.625934,0.217758,-0.336503,-0.019391,-0.037844,-0.522706,0.099926,0.234522,-0.494868,0.445118,0.324963,0.119103,-0.01096,-0.761765,0.31656,-0.03836,-0.056456,0.077835,0.0,0.245676,0.161923,0.347576,-0.019391,0.347576,-0.394016,-0.153704,0.099926,0.184149,-0.508103,0.446063,0.0,-0.104539,-0.531564,-0.273853,-0.217758,0.011366,0.217758,0.217758,-0.217758,0.446063,-0.237979,-0.202101,-0.236959,0.347576,-0.568495,0.347576,0.326425,-0.063766,-0.461631,-0.236386,0.039087,0.245676,0.436148,-0.19567,0.217758,-0.058832,0.348055,0.446063,0.342567,-0.180263,-0.01096,-0.508103,-0.180575,0.463058,-0.195527,0.0,0.119103,-0.508103,-0.236386,0.234522,-0.178451,0.36772,0.02249,-0.242373,0.326425,-0.066403,0.038292,0.161923,-0.217758,0.195955,0.0,0.535279,0.287701,0.099926,-0.058832,0.445628,0.245676,0.324963,0.347688,0.462542,0.477132,0.460874,0.03872,0.326471,0.245676,0.225367,0.169036,0.217758,-0.089908,0.332425,-0.10595,-0.508103,0.008166,0.798283,-0.22843,0.008166,-0.113863,-0.374403,0.168877,-0.295958,-0.217758,0.307731,-0.006037,-0.285375,0.494528,0.446063,-0.304815,-0.295958,-0.021359,0.235319,0.073499,-0.295958,-0.104424,0.345329,-0.201008,#
12,0.591652,-0.060119,0.315435,-0.408044,0.526487,0.143314,-0.21765,-0.144582,0.0,0.67844,-0.665286,0.536351,1.0,0.536351,0.145022,-0.136909,-0.407146,0.401874,-0.12829,-0.271664,0.063552,0.185254,0.135801,0.131805,-0.129459,0.134367,0.360163,-0.533537,0.065096,-0.083795,-0.207805,0.504097,0.0,0.588343,-0.649774,0.387862,-0.22066,-0.17055,4.7e-05,-0.225327,-0.025656,0.408488,0.165684,0.139772,0.407495,-0.457271,0.387862,0.590362,-0.037497,0.065096,-0.327615,-0.186482,0.034784,-0.330229,0.147987,-0.805445,-0.595667,0.532724,0.225727,-0.48276,-0.304314,0.050627,-0.181161,-0.556982,0.08777,0.33544,0.0,-0.482281,0.359269,-0.374661,-0.000564,-0.520751,0.0,-0.271664,0.021464,-0.347734,-0.271664,-0.159381,-0.054035,-0.063079,-0.533537,-0.227347,-0.365416,-0.063079,-0.071689,-0.405407,-0.221053,-0.063079,-0.407288,-0.164325,-0.533255,-0.533266,0.129736,0.0,0.433617,0.355252,0.121465,-0.054035,0.121465,-0.663102,-0.252722,-0.227347,-0.101004,-0.271664,-0.063079,0.0,-0.156275,-0.533255,0.049233,-0.407495,0.409131,-0.271664,-0.271664,-0.407495,-0.063079,-0.00972,-0.407288,-0.410002,0.121465,-0.990299,0.121465,0.118228,-0.150631,-0.406054,-0.32556,0.531713,0.433617,0.176727,-0.368138,-0.271664,-0.071689,0.630624,-0.063079,0.161433,-0.376932,-0.063079,-0.271664,0.136509,0.443899,-0.381909,0.0,-0.221053,-0.271664,-0.32556,-0.365416,0.278414,0.649023,-0.115739,-0.811628,0.118228,-0.151274,0.061704,0.355252,-0.407495,0.018967,0.0,0.536269,0.358161,-0.227347,-0.071689,-0.034746,0.433617,-0.405407,0.168683,0.37135,0.230669,0.360953,0.224003,-0.407288,0.433617,-0.100495,0.341703,-0.271664,-0.581217,0.218758,0.236951,-0.271664,0.060226,0.664049,0.054186,0.060226,0.646463,-0.171597,-0.166504,-0.302997,-0.407495,0.205058,0.083517,-0.032475,0.515296,-0.063079,-0.500968,-0.302997,0.291167,0.00676,-0.263619,-0.302997,-0.1808,0.273401,-0.391823,#
13,0.305699,-0.022759,0.390572,-0.468275,0.038638,0.565139,0.317519,0.392651,0.0,0.802356,-0.363982,0.525814,0.536351,1.0,0.070536,-0.363481,-0.761501,0.446143,-0.095617,-0.508103,-0.445529,0.515003,0.082245,0.347903,0.4263,0.054707,0.831373,-0.997894,0.027377,-0.03588,0.115532,0.068136,0.0,0.097273,-0.339598,0.63872,0.110877,-0.099289,-0.000101,-0.338079,0.219923,0.636787,0.445005,0.29792,0.217758,-0.204153,0.200459,0.557486,0.073067,0.027377,-0.160253,-0.115994,-0.284183,-0.482588,-0.304981,-0.667509,-0.307706,0.563318,-0.225553,-0.322475,-0.180071,0.297593,-0.373407,-0.326208,0.496383,0.171157,0.0,-0.315424,0.122402,-0.199891,-0.5118,-0.410197,0.0,-0.508103,0.230178,-0.456409,-0.508103,-0.368457,-0.019391,-0.037844,-0.047519,-0.350608,0.209009,-0.494868,0.445118,-0.265879,0.09372,-0.494868,-0.761765,-0.147279,-0.06576,-0.540363,0.547824,0.0,0.245676,0.161923,-0.19682,0.446412,-0.19682,-0.394016,-0.153704,-0.350608,0.152399,-0.508103,-0.037844,0.0,-0.130573,-0.531564,-0.273853,-0.217758,0.011366,0.217758,0.217758,0.326637,-0.037844,-0.237979,-0.761765,-0.262759,0.347576,-0.594693,-0.19682,0.326425,-0.089351,-0.489287,-0.236386,0.039087,0.245676,-0.282655,-0.22314,0.217758,0.445118,0.348055,-0.037844,0.342567,-0.205273,-0.037844,0.217758,0.347996,0.463058,-0.640596,0.0,-0.337784,-0.508103,-0.236386,0.209009,-0.205808,0.36772,-0.362215,-0.701605,0.326425,-0.095273,0.010637,0.161923,0.326637,0.635165,0.0,0.447896,0.76314,-0.350608,0.445118,0.445628,0.245676,-0.265879,0.347688,-0.029882,0.43007,-0.039797,0.104519,-0.233193,0.245676,0.19106,0.169036,-0.508103,-0.116472,0.302539,0.333353,-0.508103,0.476514,0.798283,-0.260603,-0.023057,0.317269,-0.408511,0.133121,-0.574754,-0.217758,-0.164653,0.470448,-0.285375,0.494528,-0.037844,-0.351877,-0.574754,0.462934,0.208485,-0.385871,-0.574754,-0.561155,0.796914,-0.201008,#
14,0.601566,0.38776,0.340628,0.072893,0.063343,-0.321959,-0.210157,0.319593,0.0,-0.181927,-0.249533,-0.377608,0.145022,0.070536,1.0,0.390576,-0.407291,-0.532829,0.318904,-0.27176,-0.420213,0.551013,0.114633,-0.407542,-0.532019,-0.277903,-0.049156,-0.084636,0.528614,0.375355,-0.236972,0.142835,0.0,0.206086,-0.161755,-0.014521,0.166138,0.221239,2.4e-05,-0.221135,-0.482194,-0.023731,0.347623,0.150711,-0.27176,0.191885,0.813862,-0.323147,-0.043709,0.528614,-0.360223,0.214402,0.039028,-0.394165,-0.409292,0.090557,-0.045225,0.473789,-0.410176,-0.61656,-0.12005,0.074662,0.309066,0.149358,-0.029409,0.433163,0.0,0.164803,-0.076063,-0.386937,0.01132,-0.100443,0.0,-0.27176,0.419089,0.144808,-0.27176,-0.075731,-0.533445,-0.076124,-0.084636,-0.239553,-0.402017,-0.076124,-0.067239,-0.405551,-0.257416,-0.533455,0.121495,-0.173192,-0.093223,-0.076124,0.215858,0.0,-0.27176,0.361468,-0.40764,-0.093223,-0.40764,-0.213487,-0.351874,-0.239553,0.403005,-0.27176,-0.533455,0.0,-0.189835,-0.067328,0.582612,-0.40764,-0.531517,-0.27176,-0.27176,0.106857,-0.533455,-0.018273,-0.407433,0.447141,0.126646,-0.124081,-0.40764,-0.407376,0.251843,0.516699,-0.430956,0.177906,0.440621,-0.532383,0.299752,-0.27176,0.409035,-0.406762,-0.533455,-0.300122,-0.412818,-0.101531,0.414237,0.09211,0.195128,-0.394023,0.0,-0.665222,0.414237,-0.430956,-0.402017,0.278035,0.095012,-0.606242,-0.377905,-0.407376,-0.065799,-0.388027,0.361468,0.106857,-0.014275,0.0,-0.013023,-0.239642,-0.239553,0.409035,-0.531604,-0.27176,-0.405551,-0.405551,-0.10302,0.273533,-0.12163,-0.056325,-0.407433,-0.27176,-0.592706,0.318944,-0.27176,-0.15063,0.258873,0.64728,0.414237,-0.387923,-0.173854,0.321722,-0.387923,0.672822,0.389794,-0.118662,-0.049656,-0.40764,0.272586,0.10453,0.487772,-0.370899,-0.533455,0.273533,-0.049656,0.622818,-0.001463,-0.665015,-0.049656,-0.189538,0.243325,0.435344,#
15,0.225337,0.347797,0.283987,0.740751,-0.335684,-0.313645,0.058505,-0.27131,0.0,-0.448342,0.427156,-0.363481,-0.136909,-0.363481,0.390576,1.0,0.273935,-0.753318,0.285038,0.198169,-0.328351,0.387529,-0.286442,-0.386092,-0.23119,0.387548,-0.286675,0.347347,0.743374,-0.20425,-0.590546,0.224421,0.0,-0.112132,-0.245937,-0.019447,-0.116867,0.046029,0.000116,0.446873,-0.535288,-0.536631,-0.092939,0.04086,0.166206,-0.253423,0.482314,-0.662318,-0.098716,0.743374,-0.111004,0.057229,0.265025,0.479561,-0.139252,0.095247,0.435954,0.088792,-0.191028,-0.295357,0.365977,-0.424103,0.31455,0.628956,-0.391032,-0.293285,0.0,0.640042,-0.210205,-0.459914,0.204748,0.072836,0.0,0.166206,-0.005342,0.574793,0.166206,0.366967,-0.217902,-0.227764,0.347347,-0.108894,-0.467352,-0.20764,-0.162386,-0.315677,-0.116241,-0.20764,0.272458,-0.404412,0.32625,0.326257,0.424626,0.0,-0.664825,0.102281,-0.373964,-0.238414,-0.373964,-0.028645,-0.131552,-0.108894,-0.235996,0.198169,-0.227764,0.0,-0.395053,0.346762,0.202632,0.273281,-0.252862,-0.664825,-0.664825,0.249309,-0.227764,-0.035902,0.272458,0.071345,-0.349992,0.205573,-0.373964,-0.353629,0.100044,0.758678,-0.193821,-0.178072,0.198169,-0.219538,-0.11951,0.166206,-0.162386,-0.409742,-0.227764,-0.001321,0.001542,-0.227764,0.166206,-0.391572,-0.250729,0.007186,0.0,-0.09724,0.166206,-0.193821,-0.467352,0.645206,-0.387229,-0.446996,0.077518,-0.353629,0.323927,0.169272,0.102281,0.249309,-0.517864,0.0,-0.243442,-0.360092,-0.108894,-0.162386,-0.747787,-0.664825,-0.315677,-0.992126,-0.218763,-0.171174,-0.23002,-0.129803,0.249182,-0.664825,-0.177956,-0.318729,0.166206,0.190664,0.110282,0.05644,0.166206,-0.333824,-0.425122,0.241693,-0.333824,0.079735,0.993374,0.419127,0.203798,0.273281,0.115706,-0.343605,0.938961,-0.3132,-0.227764,0.72407,0.203798,-0.013933,0.020088,-0.06392,0.203798,0.068157,-0.416419,0.517797,#
16,-0.249786,-0.326972,-0.326974,0.323169,-0.178883,-0.243804,-0.114362,-0.326723,0.0,-0.610547,0.622138,-0.237717,-0.407146,-0.761501,-0.407291,0.273935,1.0,-0.326496,0.211083,0.696934,0.365875,-0.404958,-0.185513,-0.249726,-0.326,0.120859,-0.443052,0.763109,-0.234913,-0.326968,0.110315,0.293573,0.0,-0.406469,0.288221,-0.498853,-0.407799,-0.124076,5.6e-05,0.612379,0.00989,-0.499252,-0.557059,-0.601602,-0.166524,0.10165,-0.498853,-0.40194,-0.192944,-0.234913,0.17795,-0.114677,0.442178,0.323143,0.24489,0.471715,0.242853,-0.789468,0.201168,0.301403,0.265205,-0.266477,0.281682,0.239108,-0.172029,-0.304247,0.0,0.285152,-0.324121,-0.00142,0.372949,0.246778,0.0,0.635258,-0.498629,0.208861,0.635258,0.299206,0.227229,-0.32688,0.238219,0.089961,0.009755,0.216778,-0.32644,0.404135,0.097053,0.751299,0.379111,-0.096559,0.217916,0.207641,-0.405921,0.0,-0.166524,-0.166524,0.351551,-0.326874,0.351551,0.128299,0.204396,0.089961,-0.359339,0.696934,0.207641,0.0,0.434903,0.227229,-0.249659,0.397807,0.19128,-0.166524,-0.166524,-0.249786,0.207641,0.006588,0.997313,0.015784,-0.249786,0.443643,0.351551,-0.249624,-0.10174,0.347777,0.162872,-0.404681,-0.166524,0.211078,0.148914,-0.166524,-0.32644,-0.249247,0.207641,-0.090934,0.503851,0.207641,-0.166524,-0.249659,-0.74744,0.492462,0.0,0.610354,-0.166524,0.162872,0.009755,0.13575,-0.249247,0.288308,0.525692,-0.249624,0.249481,0.347777,-0.166524,-0.249786,-0.497881,0.0,-0.162604,-0.379736,0.089961,-0.32644,-0.325746,-0.166524,0.404135,-0.248506,0.217572,-0.647401,0.227597,0.360889,0.368544,-0.166524,0.306947,-0.367252,0.635258,0.455933,-0.082022,-0.610626,-0.166524,-0.165017,-0.609594,0.382447,0.386808,-0.59345,0.297348,0.319915,0.447729,0.397807,-0.087802,-0.758762,0.19169,-0.165017,0.207641,0.248324,0.447729,-0.748103,0.012541,0.646372,0.447729,0.406405,-0.609415,-0.018503,#
17,-0.326776,-0.427752,0.041664,-0.526806,0.438141,0.431161,0.077006,0.028339,0.0,0.559146,-0.533502,0.446143,0.401874,0.446143,-0.532829,-0.753318,-0.326496,1.0,-0.427752,-0.217851,0.480921,-0.529776,0.423398,0.257315,0.464086,-0.083162,0.312041,-0.42785,-0.513207,0.022437,0.352467,-0.058462,0.0,0.366688,-0.178778,0.201506,-0.051929,-0.317072,-2.6e-05,-0.533465,0.261862,0.65517,0.072676,0.142167,0.517749,-0.418537,-0.20847,0.889891,0.282757,-0.513207,0.218933,-0.326673,-0.321495,-0.141637,0.122686,-0.304679,-0.270824,0.084949,0.150026,0.329314,-0.062241,0.16653,-0.676673,-0.497735,0.008684,0.254272,0.0,-0.501571,0.205608,0.198013,-0.045729,-0.287513,0.0,-0.217851,-0.173571,-0.267607,-0.217851,-0.226432,0.09142,0.081628,-0.42785,-0.059219,0.190434,0.081628,-0.011092,0.135491,-0.052436,0.081628,-0.32661,0.053133,-0.427624,-0.427633,-0.138794,0.0,0.546041,-0.217851,0.246143,0.09142,0.246143,-0.16069,0.218527,-0.059219,-0.248991,-0.217851,0.081628,0.0,0.061495,-0.427624,-0.32661,-0.326776,0.592536,0.461165,0.461165,-0.326776,0.081628,-0.17927,-0.32661,-0.288408,0.182485,-0.451034,0.246143,0.735076,-0.313932,-0.996015,0.224932,0.342852,-0.217851,0.2795,-0.548417,-0.217851,-0.011092,0.797369,0.081628,0.217538,-0.17927,0.081628,-0.217851,0.262378,0.249992,-0.184657,0.0,-0.052436,-0.217851,0.224932,0.190434,-0.455952,0.279241,0.651078,-0.29286,0.735076,-0.014967,-0.023715,-0.217851,-0.326776,0.200598,0.0,0.461285,0.528765,-0.059219,-0.011092,0.510272,0.546041,0.135491,0.75729,0.091276,0.141428,0.101152,0.162985,-0.32661,0.546041,0.267838,0.379635,-0.217851,-0.424511,0.017124,-0.309321,-0.217851,0.384331,0.50519,-0.578235,0.384331,0.088504,-0.796874,-0.322914,-0.500963,-0.326776,0.008055,0.386084,-0.779677,0.384331,0.081628,-0.65101,-0.500963,-0.183354,-0.204484,0.302477,-0.500963,-0.318958,0.07869,-0.653552,#
18,0.211264,-0.428375,0.523272,0.433569,-0.566892,-0.051971,0.516944,0.498774,0.0,-0.392272,0.353288,-0.077576,-0.12829,-0.095617,0.318904,0.285038,0.211083,-0.427752,1.0,-0.218168,-0.482599,0.271236,-0.537025,-0.327173,-0.427102,-0.094704,-0.174967,0.059661,0.399316,-0.42837,-0.085945,0.525663,0.0,-0.532527,-0.167462,-0.253383,-0.099033,0.525409,5e-05,-0.086382,-0.177968,0.206989,-0.489503,-0.443519,-0.218168,0.31419,0.180145,-0.526594,-0.651807,0.399316,-0.517552,0.517921,0.317792,-0.117563,-0.483843,0.215659,-0.195641,-0.198225,-0.542477,-0.061344,0.140843,0.194854,0.36904,0.214128,-0.116882,-0.24323,0.0,-0.019447,-0.252941,-0.65296,0.004247,0.044213,0.0,0.527469,-0.228269,0.080621,0.527469,-0.158775,-0.428247,-0.428256,0.041582,-0.071326,0.248976,-0.428256,-0.427679,0.281365,0.362141,0.068836,-0.327085,0.11206,0.539166,0.068836,-0.066897,0.0,-0.218168,0.499853,0.231976,0.032525,0.231976,-0.532525,-0.555034,-0.071326,0.357072,-0.218168,0.068836,0.0,0.558848,-0.428247,0.195778,-0.327252,-0.4267,-0.218168,-0.218168,0.211264,0.068836,-0.23341,0.247828,0.259528,-0.327252,0.129675,0.231976,-0.327039,0.103571,0.444019,0.213384,-0.087446,-0.218168,-0.4345,0.226374,-0.218168,0.070829,-0.326546,0.068836,-0.435333,0.229033,0.520923,0.499853,0.195778,-0.492072,-0.196801,0.0,-0.064702,-0.218168,0.213384,0.248976,0.208998,-0.326546,-0.38338,-0.180059,-0.327039,0.594134,0.444019,0.499853,0.211264,0.216643,0.0,0.402387,-0.329213,-0.071326,0.070829,-0.42677,-0.218168,0.281365,-0.325575,0.07827,0.232229,0.087941,0.458997,0.247828,-0.218168,-0.208706,0.377607,0.527469,0.13947,0.578644,0.069116,-0.218168,-0.068187,-0.360571,0.487546,0.444996,0.075453,0.322085,0.348391,0.035006,-0.327252,0.124683,-0.051399,0.449506,-0.531477,0.068836,0.232229,0.035006,-0.021988,0.207765,-0.061986,0.035006,0.09509,0.095001,0.223691,#
19,-0.166667,-0.218168,-0.218169,0.202458,0.241491,-0.508925,-0.407819,-0.218002,0.0,-0.40738,0.427592,-0.508103,-0.271664,-0.508103,-0.27176,0.198169,0.696934,-0.217851,-0.218168,1.0,0.244125,-0.270203,0.233809,-0.166627,-0.21752,0.408248,0.039809,0.509175,-0.508297,-0.218165,0.394276,0.111282,0.0,-0.271211,0.192312,-0.332854,-0.272099,-0.408137,-3.6e-05,0.420961,-0.328509,-0.33312,0.192511,-0.401411,-0.111111,-0.017779,-0.332854,-0.26819,0.084583,-0.508297,0.139018,-0.408089,-0.163973,0.016538,0.185142,0.368514,0.146983,-0.526763,0.17543,0.296175,0.444443,-0.162466,0.187949,0.180199,0.245302,0.215894,0.0,0.272165,-0.633968,0.306967,0.248846,0.16466,0.0,-0.111111,-0.332704,0.389246,-0.111111,0.17609,0.494925,-0.218107,0.509175,-0.272031,-0.331958,0.481481,-0.217813,-0.165812,-0.271981,0.481481,0.642529,-0.40629,-0.218103,-0.218107,-0.270846,0.0,-0.111111,-0.111111,-0.166667,-0.218103,-0.166667,0.416936,0.20787,-0.272031,-0.660973,1.0,-0.218107,0.0,0.270996,0.494925,-0.166582,0.666667,0.447934,-0.111111,-0.111111,-0.166667,-0.218107,0.317756,0.642529,-0.331739,-0.166667,0.276707,-0.166667,-0.166558,-0.407308,0.211667,0.108674,-0.270019,-0.111111,0.140839,0.058869,-0.111111,-0.217813,-0.166307,-0.218107,0.252623,0.317756,-0.218107,-0.111111,-0.166582,-0.498721,0.310366,0.0,0.388544,-0.111111,0.108674,-0.331958,0.050252,-0.166307,0.19237,0.331958,-0.166558,-0.216549,0.211667,-0.111111,-0.166667,-0.332205,0.0,-0.49492,0.097037,-0.272031,-0.217813,-0.21735,-0.111111,-0.165812,-0.165812,-0.217758,-0.986942,-0.217147,0.216551,-0.166582,-0.111111,0.204807,-0.651162,-0.111111,0.284638,-0.407158,-0.407433,-0.111111,0.258093,-0.406745,0.231471,0.258093,-0.395973,0.198402,0.213459,0.29874,0.666667,-0.406745,-0.506275,0.127903,0.258093,-0.218107,0.165691,0.29874,-0.499163,-0.308079,0.431284,0.29874,0.252468,-0.406625,-0.333333,#
20,-0.348325,-0.141479,-0.507113,-0.348061,0.529991,0.015415,-0.470579,-0.501729,0.0,-0.1,-0.304826,0.040693,0.063552,-0.445529,-0.420213,-0.328351,0.365875,0.480921,-0.482599,0.244125,1.0,-0.857263,0.500442,-0.158276,-0.059663,-0.313576,-0.448353,0.479453,-0.455085,0.326745,0.135195,-0.031857,0.0,0.490445,0.188577,-0.281522,-0.285708,-0.442353,0.000108,0.02077,0.163063,-0.159235,-0.285045,-0.075514,0.244126,-0.290833,-0.263547,0.493435,0.385063,-0.455085,0.514034,-0.434644,0.231529,0.191879,0.484942,0.222615,0.15217,-0.340723,0.476702,0.238075,-0.098241,-0.241386,-0.345502,-0.233828,-0.433958,0.195645,0.0,-0.055603,0.225297,0.270052,0.477499,-0.055113,0.0,0.244126,-0.247534,-0.02781,0.244126,0.212057,0.021802,0.030433,-0.495045,0.17986,-0.156963,0.499057,-0.192593,0.344117,-0.268597,0.499057,0.366002,-0.002537,-0.476053,0.010585,-0.495752,0.0,0.273897,-0.500159,0.388517,-0.455824,0.388517,0.118656,0.541856,0.17986,-0.350039,0.244125,0.030433,0.0,-0.011319,0.001573,-0.175987,-0.192026,0.498858,0.214354,0.214354,-0.750239,0.030433,-0.121658,0.366002,0.144759,0.18756,-0.038468,0.388517,0.344356,-0.095703,-0.457119,-0.026622,0.15377,0.035726,0.487749,-0.254405,-0.500159,-0.192593,0.38899,0.030433,-0.049433,-0.121658,0.030433,-0.500159,-0.153032,-0.082819,0.319051,0.0,0.173859,0.244126,-0.026622,-0.156963,-0.208028,0.242201,0.864889,0.26893,0.344356,-0.027472,-0.309661,-0.500159,-0.750239,-0.617997,0.0,0.097009,-0.188503,0.17986,-0.192593,-0.013977,0.273897,0.344117,0.36835,0.37297,-0.25016,0.377847,0.117936,-0.175987,0.273897,0.195867,0.188577,0.244126,-0.171055,-0.170629,-0.555806,0.244126,-0.35704,-0.169531,-0.244653,0.155212,-0.117886,-0.354775,-0.405937,0.018299,-0.192026,0.295469,-0.349938,-0.486642,-0.01127,0.030433,-0.281044,0.018299,-0.54929,-0.245441,0.579806,0.018299,0.030181,-0.61449,-0.285805,#
21,0.649315,0.432277,0.291667,0.047659,-0.336406,0.101442,0.18978,0.268489,0.0,0.284356,0.124111,0.136752,0.185254,0.515003,0.551013,0.387529,-0.404958,-0.529776,0.271236,-0.270203,-0.857263,1.0,-0.367224,0.121773,-0.030397,0.182349,0.475486,-0.530669,0.524875,-0.055965,-0.29986,0.113655,0.0,-0.214172,-0.192895,0.458953,0.123809,0.197994,2.5e-05,0.233251,-0.014093,-0.06613,0.33938,0.189187,-0.270203,0.180666,0.375717,-0.304413,-0.227081,0.524875,-0.388454,0.192405,0.061128,-0.283995,-0.305011,-0.422865,-0.069377,0.468736,-0.25185,-0.656553,-0.146131,0.118732,0.299654,0.139045,0.455492,-0.110665,0.0,0.159556,-0.000828,-0.363089,-0.409633,-0.142138,0.0,-0.270203,0.372668,-0.19962,-0.270203,-0.132545,-0.070358,-0.079039,0.317679,-0.241301,-0.03295,-0.530399,0.454466,-0.403228,0.108949,-0.530399,-0.405098,-0.156025,0.301206,-0.079039,0.634078,0.0,-0.270203,0.391519,-0.405305,0.301206,-0.405305,-0.21556,-0.375077,-0.241301,0.369281,-0.270203,-0.079039,0.0,-0.232,-0.070358,0.076768,0.132344,-0.528472,-0.270203,-0.270203,0.5666,-0.079039,-0.00247,-0.405098,-0.033516,0.153023,-0.18987,-0.405305,-0.405042,0.205837,0.486375,-0.463832,-0.248615,0.474234,-0.437296,0.30072,0.446663,0.358753,-0.404431,-0.079039,0.155579,-0.05092,-0.165839,0.308804,0.016535,0.265786,-0.394848,0.0,-0.235254,-0.270203,-0.463832,-0.03295,0.279116,0.119921,-0.964263,-0.37892,-0.405042,-0.135107,0.032565,0.391519,0.5666,0.376651,0.0,-0.035184,0.207082,-0.241301,0.358753,-0.051777,-0.270203,-0.403228,-0.403228,-0.080638,0.274222,-0.100161,-0.104473,0.116923,-0.270203,-0.096171,-0.234756,-0.270203,0.253265,0.235898,0.618003,-0.270203,0.06191,0.335319,0.30748,-0.431471,0.21617,0.389196,0.421307,-0.036005,0.132344,-0.131212,0.053872,0.493852,0.168651,-0.079039,0.274222,-0.036005,0.620797,0.384281,-0.661205,-0.036005,-0.172525,0.664946,0.413576,#
