0,1.0,0.381096,-0.01586,-0.180382,0.801203,-0.037903,0.096712,-0.124823,0.801203,0.100487,-0.089293,0.123336,0.623659,-0.028646,0.167354,0.108936,-0.083947,0.192962,0.116618,0.280529,-0.172322,0.238294,0.13561,-0.147844,0.100488,0.254064,-0.14591,-0.012495,0.13561,-0.095274,-0.326024,-0.083464,0.0,0.420794,-0.413886,-0.095274,0.995094,-0.095184,0.38176,-0.314435,-0.011743,-0.799826,0.192777,0.397962,-0.003,-0.140894,0.626803,0.069754,0.6626,0.148772,0.256518,-0.279209,-0.086861,0.213175,-0.253601,-0.023441,-0.562639,0.655935,-0.064459,0.406016,-0.138459,-0.386492,-0.099718,-0.263316,0.153145,0.426079,0.0,0.068398,0.31144,0.169834,-0.254309,-0.552438,0.0,-0.415732,0.420794,-0.022319,-0.162642,-0.036305,-0.611342,0.398916,0.549026,-0.61182,-0.2491,-0.22186,-0.030666,-0.441242,-0.593156,-0.115123,0.280529,-0.35768,0.298342,-0.12536,-0.042619,0.280529,-0.115123,0.031115,-0.800435,-0.109963,0.065033,-0.199714,0.256518,-0.800435,-0.592853,-0.407561,-0.042619,-0.611342,-0.675642,0.403028,0.031115,-0.191854,0.420553,-0.407561,-0.261526,-0.367299,-0.22186,0.0,-0.407561,-0.795289,-0.167919,-0.803187,-0.611342,-0.159622,-0.234984,-0.400992,-0.398509,0.381096,-0.407561,0.14891,-0.136379,0.0,0.083875,0.0,-0.13912,-0.005398,-0.171056,-0.611342,0.0,-0.407561,0.054991,-0.225504,-0.407561,-0.218223,0.0,-0.192855,-0.796507,0.042274,0.0,0.352495,-0.57284,-0.608209,-0.257912,-0.315045,0.420553,0.280529,-0.062867,0.0,0.546525,0.27984,-0.234984,-0.407561,-0.149877,0.0,-0.705732,0.252764,-0.013478,0.107974,-0.162642,-0.536428,-0.611342,0.0,-0.225649,-0.177259,-0.12536,-0.573987,0.155295,0.233863,0.280529,0.634458,0.365438,-0.611342,0.114489,0.026773,-0.084051,-0.245872,0.339932,-0.013478,0.027842,0.374106,-0.354599,0.614999,-0.22186,-0.277799,0.403595,0.178663,0.382447,0.166417,1e-06,-0.453115,-0.115697,0.127143,#
1,0.381096,1.0,0.480201,0.621775,0.327096,0.003875,-0.374654,-0.24994,0.327096,-0.327327,-0.214985,0.243921,-0.098682,0.00781,0.414467,-0.371483,-0.22373,0.420377,-0.090913,-0.166667,0.122393,0.07673,0.249769,0.096986,0.218218,-0.166667,-0.053044,-0.031163,0.249769,-0.25,-0.326776,0.354406,0.0,0.375,-0.747226,-0.25,0.373545,-0.247981,0.999777,-0.327097,0.495738,-0.327078,0.458887,0.0,-0.499814,0.161915,0.255696,0.339286,-0.030773,-0.371483,0.092843,-0.06629,-0.249501,0.181418,-0.670725,0.197317,-0.229817,0.266076,-0.763225,0.16301,-0.622838,-0.180199,-0.239857,0.173405,0.117243,0.173405,0.0,0.255934,0.19439,0.337962,0.11776,-0.405397,0.0,0.175882,-0.25,-0.156172,0.337506,0.458435,-0.25,-0.249461,-0.326789,-0.407418,-0.101478,0.566907,-0.00615,-0.02925,-0.408248,-0.25,-0.166667,-0.325972,0.105769,-0.249461,-0.040145,0.666667,-0.25,0.195949,-0.327327,0.356961,-0.326637,0.09386,0.092843,-0.327327,-0.406217,-0.166667,-0.040145,-0.25,-0.101478,0.532424,0.195949,0.094484,0.393713,-0.166667,-0.608434,-0.327327,0.566907,0.0,-0.166667,-0.497717,-0.406727,0.0,-0.25,-0.406217,0.071837,-0.325721,0.211681,0.375,-0.166667,-0.324973,0.362782,0.0,0.220089,0.0,-0.226259,-0.321041,0.276538,-0.25,0.0,-0.166667,0.208381,0.058203,-0.166667,0.435295,0.0,-0.67184,-0.325721,-0.363907,0.0,-0.060417,-0.406333,-0.248719,-0.121211,0.349097,0.393713,-0.166667,0.413055,0.0,0.195465,0.0,0.071837,-0.166667,0.397654,0.0,-0.135897,0.110093,-0.498946,-0.378681,0.337506,-0.756528,-0.25,0.0,-0.71259,0.0,-0.249461,0.284378,-0.101874,0.109455,-0.166667,0.217606,-0.305555,-0.25,0.207185,0.0,-0.263965,-0.665459,0.300175,-0.498946,-0.143131,0.136522,-0.160213,0.384283,0.566907,0.11003,0.11003,-0.246271,-0.105694,-0.125097,-0.395273,-0.498385,-0.23546,-0.327106,#
2,-0.01586,0.480201,1.0,0.403281,-0.217807,-0.596051,-0.498948,-0.499289,0.201052,-0.201194,0.226715,-0.028663,0.007279,-0.18781,0.385772,0.008896,-0.213915,0.443207,0.088072,0.35855,-0.391195,0.443703,0.47902,0.396799,-0.234726,-0.33294,0.341714,-0.202318,0.47902,-0.499409,-0.194986,0.140746,0.0,0.499409,-0.28638,0.019208,-0.032095,0.204983,0.479732,-0.218451,0.202931,0.235888,-0.027835,-0.598937,0.212268,-0.456807,0.490771,0.303899,-0.228159,-0.010379,-0.199732,0.003183,-0.498412,0.311431,-0.301421,-0.496359,-0.230176,0.462527,-0.619912,-0.350684,-0.401973,-0.307559,0.235218,-0.373046,0.336039,0.319754,0.0,-0.009647,-0.295619,0.44601,-0.376991,0.056632,0.0,0.218144,0.019208,0.323977,-0.029314,0.154266,0.499409,-0.498333,-0.652806,0.40962,-0.41369,0.79854,0.265572,-0.214848,-0.0,-0.499409,-0.33294,-0.209561,0.305851,-0.498333,0.19476,0.307329,0.019208,0.650384,0.21796,0.500252,-0.652503,0.020192,-0.199732,0.21796,-0.392228,0.35855,-0.233536,0.499409,0.032105,0.699049,0.252927,0.813059,0.49796,-0.33294,0.050913,0.21796,0.357528,0.0,-0.33294,-0.161856,0.070192,0.229503,-0.019208,-0.392228,0.413955,0.22376,-0.037823,0.518617,0.307329,-0.178347,0.277437,0.0,0.511807,0.0,0.21247,-0.249564,0.614233,-0.019208,0.0,0.35855,0.45439,-0.039352,0.307329,0.739605,0.0,-0.337779,-0.209039,0.076522,0.0,-0.315653,-0.404495,0.066015,-0.015078,0.368354,0.49796,-0.33294,0.010778,0.0,-0.536893,0.056178,0.380838,-0.33294,0.711358,0.0,0.011803,0.028859,-0.18771,-0.475638,-0.029314,-0.663829,-0.019208,0.0,-0.326912,0.209658,-0.011274,0.210725,-0.814026,0.441042,-0.33294,0.038583,-0.321201,-0.019208,-0.016555,0.624791,-0.250844,-0.264373,-0.688518,0.208861,-0.214443,0.368623,0.080485,0.015817,0.357528,0.333081,-0.300956,-0.026017,-0.658792,-0.400477,0.024297,0.222628,0.277394,-0.653439,#
3,-0.180382,0.621775,0.403281,1.0,-0.347702,0.014013,-0.602146,-0.408061,-0.347702,-0.534406,0.075447,-0.095089,-0.184602,-0.010486,0.238206,-0.118443,0.103171,0.253659,0.283405,-0.272106,0.191108,0.14992,-0.125765,0.166666,-0.084906,-0.272106,-0.19213,0.37409,0.388727,-0.408159,-0.095771,0.580723,0.0,0.106808,-0.453373,-0.408159,-0.185944,0.061584,0.621637,0.331065,0.422785,-0.084176,0.221909,-0.404106,-0.410079,0.31623,-0.118443,-0.204216,-0.48574,-0.118443,-0.21674,0.344408,0.077504,0.424314,-0.379628,0.322147,0.073138,-0.179649,-0.364338,-0.380549,-0.351627,-0.295182,0.084176,0.257629,-0.310263,-0.430295,0.0,-0.080239,-0.238512,-0.000683,0.244667,0.114779,0.0,0.795128,-0.408159,0.054808,0.620435,0.404467,0.087735,-0.407279,-0.533527,0.182055,-0.133344,0.559279,0.03125,0.007587,0.158844,0.106808,-0.272106,-0.038877,0.28932,0.136805,-0.027039,0.414517,0.087735,-0.102651,0.347946,0.60185,-0.067475,-0.25158,-0.21674,0.347946,-0.213606,0.389086,-0.011288,0.087735,0.292919,0.237341,0.363764,0.170027,0.122343,-0.272106,-0.563178,-0.101554,0.575497,0.0,0.414517,0.029847,-0.217208,0.448208,0.106808,-0.663205,0.601398,0.397888,0.385034,0.106808,-0.272106,-0.158673,0.157502,0.0,-0.095708,0.0,0.113447,-0.524143,0.527725,0.106808,0.0,0.389086,-0.110981,0.150084,-0.272106,0.786111,0.0,-0.411638,-0.058178,-0.071015,0.0,-0.06374,-0.226702,0.132136,0.24554,0.640526,0.122343,-0.272106,0.138655,0.0,-0.031937,-0.541378,0.173916,-0.272106,0.158099,0.0,0.25595,-0.239227,0.020214,-0.574914,0.620435,-0.290093,0.106808,0.0,-0.410965,0.165599,0.136805,0.540943,-0.130571,0.194938,-0.272106,-0.128086,-0.611179,0.106808,-0.087252,-0.007421,0.075148,-0.363307,0.114169,-0.405068,0.164887,-0.38195,0.308205,-0.177266,0.575497,0.269458,0.269458,-0.348641,-0.030944,-0.168183,1e-06,0.029887,-0.34051,-0.094613,#
4,0.801203,0.327096,-0.217807,-0.347702,1.0,0.198382,0.219474,0.306466,0.524479,0.42827,-0.415915,0.244853,0.371453,0.211827,-0.076145,-0.31189,-0.446732,0.358189,-0.126375,0.218064,0.088965,0.09267,0.260565,-0.347876,0.42827,0.190107,0.042709,-0.216017,-0.284092,0.327096,-0.053675,-0.400391,0.0,0.327096,-0.328099,0.327096,0.796782,-0.42357,0.327024,-0.485791,0.210889,-0.542062,0.409721,0.655096,-0.23792,-0.087998,0.235171,0.295944,0.737119,-0.31189,0.31458,-0.542917,-0.208943,-0.166068,-0.251765,0.033589,-0.451723,0.310193,0.048959,0.505467,-0.090549,0.234691,-0.428676,-0.196716,0.288671,0.531543,0.0,0.192459,0.294366,0.283118,-0.2287,-0.773987,0.0,-0.558865,0.327097,-0.123125,-0.249594,-0.241599,-0.763225,0.304238,0.426491,-0.837665,-0.158607,-0.394046,0.168988,-0.285558,-0.81834,-0.239032,0.218064,-0.095744,-0.32871,-0.249594,-0.248581,0.218064,-0.239032,-0.085459,-0.999296,-0.233521,-0.084715,0.040935,0.31458,-0.999296,-0.420432,-0.508817,-0.248581,-0.763225,-0.609194,0.189698,-0.085459,-0.394046,0.326909,0.218064,-0.167944,-0.541743,-0.394046,0.0,-0.508817,-0.69528,0.040935,-0.72516,-0.763225,0.037222,-0.407292,-0.576581,-0.333113,0.327097,-0.508817,-0.104355,-0.020379,0.0,0.14275,0.0,-0.504143,0.420045,-0.504143,-0.763225,0.0,-0.508817,0.159291,-0.39833,-0.508817,-0.474612,0.0,-0.219483,-0.576581,-0.376857,0.0,0.587216,-0.410732,-0.266253,-0.559813,-0.58851,0.326909,0.218064,0.326301,0.0,0.650014,0.559783,-0.407292,0.218064,0.101439,0.0,-0.613105,0.53381,-0.248581,0.190286,-0.249594,-0.49029,-0.763225,0.0,-0.261236,-0.2358,-0.249594,-0.515182,0.32582,0.055693,0.218064,0.755582,0.598978,-0.763225,0.201571,-0.195798,-0.457462,-0.261912,0.485343,-0.248581,0.13325,0.393887,-0.623488,0.816345,-0.394046,-0.263929,0.455877,-0.030208,0.152694,0.345535,-0.344783,-0.712739,-0.015579,-0.019324,#
5,-0.037903,0.003875,-0.596051,0.014013,0.198382,1.0,0.480805,0.488517,-0.241022,0.22493,-0.233849,0.005857,-0.427368,0.606343,-0.427368,-0.012937,-0.254694,-0.014058,0.033269,-0.333253,0.828404,-0.424967,-0.487804,-0.8161,0.22493,0.312586,-0.335959,0.194901,-0.487804,0.50763,0.218851,-0.14247,0.0,-0.49988,-0.149205,0.003875,0.008218,-0.213526,-0.005629,-0.214632,0.196068,-0.232195,0.439934,0.581508,-0.205758,0.411592,-0.518448,0.11722,0.426185,-0.518448,-0.174125,0.012587,0.486185,-0.410151,-0.38388,0.335636,0.656208,-0.537694,0.198382,0.235704,-0.26066,0.287093,-0.225435,0.32184,-0.366855,-0.351106,0.0,0.493033,0.243748,-0.415456,0.324194,-0.464043,0.0,0.20758,0.003875,-0.778253,0.506536,-0.202741,-0.49988,0.486065,0.206683,-0.392434,0.377689,-0.433957,0.168833,0.568996,-0.009492,0.488255,0.33842,0.232936,-0.352628,0.506536,-0.227834,-0.333253,-0.0155,-0.231842,-0.214783,-0.499625,0.645718,0.371955,-0.174125,-0.214783,0.385022,-0.333253,0.188188,-0.49988,-0.038676,-0.724353,0.189321,-0.814733,-0.499593,0.33842,-0.043793,-0.231695,-0.005583,0.0,0.33842,-0.22552,-0.031522,-0.239186,0.003875,0.368106,0.00631,-0.187991,-0.005952,0.003875,-0.333253,-0.020149,0.142476,0.0,-0.55208,0.0,-0.221041,0.271348,-0.221041,0.003875,0.0,-0.333253,-0.424659,0.388826,-0.333253,-0.329164,0.0,-0.320699,0.198088,-0.038891,0.0,0.313315,0.381453,-0.041706,-0.402062,-0.018488,-0.499593,0.33842,-0.027542,0.0,0.505081,-0.284061,0.00631,0.33842,-0.217823,0.0,0.362031,0.410854,-0.18161,0.477353,0.506536,0.237485,0.003875,0.0,-0.335519,-0.302803,0.033435,0.172398,0.814793,-0.422541,0.33842,-0.020886,-0.105056,0.003875,0.015415,-0.606607,-0.215019,0.292083,0.673402,-0.597632,0.608162,-0.417025,-0.104491,-0.004361,-0.005583,-0.335126,0.33001,-0.487055,0.218198,0.385433,1e-06,-0.202468,-0.278186,0.234331,#
6,0.096712,-0.374654,-0.498948,-0.602146,0.219474,0.480805,1.0,0.226169,0.219474,0.327025,0.237464,0.402301,-0.392848,-0.007052,-0.392848,0.397094,-0.354389,-0.419988,0.086272,0.166513,0.4076,-0.097609,-0.200627,-0.60234,-0.218016,0.134491,-0.375041,-0.010029,-0.200627,0.249769,-0.224716,-0.235581,0.0,-0.374654,0.348778,0.249769,0.106033,0.202572,-0.386349,-0.175161,-0.008119,-0.239635,-0.377258,0.50072,-0.030699,-0.230204,-0.229506,0.196247,0.559904,-0.229506,0.406712,0.069413,0.223945,-0.203159,-0.212508,-0.228024,0.208316,-0.176366,0.219474,0.660389,-0.207419,0.114499,0.217013,-0.138694,0.032711,-0.138694,0.0,0.348291,0.685404,-0.313777,-0.186785,-0.107156,0.0,-0.238476,0.249769,-0.609108,0.249231,0.024751,-0.374654,0.223857,0.325256,-0.116297,0.080741,-0.625382,-0.055302,0.476564,-0.121577,0.225753,0.166513,0.325671,-0.203584,0.249231,-0.018291,-0.666051,-0.39867,0.32628,-0.218016,-0.998567,0.304612,0.406351,0.406712,-0.218016,0.405842,-0.666051,0.497384,-0.374654,-0.435358,-0.30792,-0.261024,-0.625382,-0.39335,0.166513,0.04537,-0.238979,-0.094397,0.0,0.166513,-0.004225,-0.156289,-0.524584,0.249769,0.384875,-0.13158,-0.24885,-0.263506,0.249769,0.166513,-0.165905,0.168418,0.0,-0.29459,0.0,-0.36081,0.320744,-0.36081,0.249769,0.0,-0.666051,-0.184357,0.386913,0.166513,-0.497021,0.0,-0.17971,0.32542,0.367251,0.0,0.017246,0.385592,-0.429208,-0.399007,-0.427025,-0.39335,0.166513,-0.412674,0.0,0.374295,-0.037822,0.4067,0.166513,-0.172407,0.0,0.056307,0.407615,-0.018291,0.995176,0.249231,0.226043,0.249769,0.0,-0.113496,-0.218448,0.249231,-0.369106,0.610677,-0.656126,0.166513,-0.217404,0.290597,0.249769,0.437872,0.018689,-0.291481,0.664845,0.248696,-0.018291,0.125812,-0.235695,-0.086189,0.150038,-0.094397,-0.109928,-0.109928,-0.369065,0.072598,0.611019,0.394907,-0.023159,0.19126,0.347298,#
7,-0.124823,-0.24994,-0.499289,-0.408061,0.306466,0.488517,0.226169,1.0,-0.249251,0.22886,-0.246335,-0.36556,-0.128063,0.496176,-0.128063,-0.407332,-0.254539,-0.134827,-0.100964,-0.166627,0.091173,-0.407784,-0.362323,-0.40805,0.22886,0.650171,-0.042233,0.036042,-0.998836,0.387162,0.192425,-0.276365,0.0,-0.24994,0.393772,0.387162,-0.059211,-0.174165,-0.249884,-0.327018,-0.002629,0.206458,0.418928,0.480746,-0.017513,0.256463,-0.407332,-0.051983,0.272365,-0.407332,-0.362178,-0.178356,0.39654,-0.373417,0.120816,0.160022,0.323726,-0.408798,0.306466,0.048846,0.411056,0.704224,-0.762998,0.141888,0.370032,0.141888,0.0,0.232207,-0.074373,-0.370908,0.213277,-0.4053,0.0,-0.326559,-0.24994,-0.347477,-0.249401,-0.498936,-0.24994,0.397834,0.238532,-0.40732,0.374222,-0.407367,-0.027851,0.466172,0.092034,0.362658,-0.166627,0.182704,-0.632201,-0.249401,0.007083,-0.166627,0.362658,-0.326503,-0.327248,-0.249812,0.227557,0.071758,-0.362178,-0.327248,0.057406,-0.166627,0.007083,-0.24994,-0.152357,-0.579462,-0.326503,-0.407367,-0.249797,0.682842,0.383678,0.207471,-0.407367,0.0,-0.166627,-0.055137,0.071758,-0.079485,-0.24994,0.592243,-0.406978,-0.325642,0.283525,-0.24994,-0.166627,0.353106,0.19524,0.0,0.217879,0.0,-0.205875,0.352801,-0.205875,-0.24994,0.0,-0.166627,-0.375229,0.106109,-0.166627,-0.590616,0.0,0.20612,0.162633,-0.493353,0.0,0.246685,0.563465,0.327556,-0.102513,-0.097518,-0.249797,-0.166627,0.346498,0.0,0.194619,0.333527,-0.406978,0.682842,-0.003971,0.0,0.364507,0.087215,0.007083,0.196719,-0.249401,0.267916,-0.24994,0.0,0.112562,0.301908,-0.249401,0.282451,0.372781,-0.407319,-0.166627,0.216733,0.051186,-0.24994,-0.402899,-0.519292,-0.240072,0.063317,0.299385,0.007083,0.258486,0.133622,-0.138432,-0.120934,-0.407367,0.108925,0.108925,-0.023686,-0.016964,0.395363,-0.402927,-0.498266,-0.258482,-0.327027,#
8,0.801203,0.327096,0.201052,-0.347702,0.524479,-0.241022,0.219474,-0.249251,1.0,-0.047586,0.062083,0.244853,0.371453,-0.230954,0.371453,0.235171,0.023073,-0.04923,-0.126375,0.218064,-0.338067,0.09267,0.260565,0.092731,-0.047586,0.190107,-0.064063,-0.216017,0.260565,-0.218064,-0.497882,0.021155,0.0,0.327096,-0.308929,-0.218064,0.796782,0.042601,0.327024,-0.485791,-0.214434,-0.523043,-0.046725,0.219225,0.191181,-0.257476,0.782232,0.315415,0.4687,0.235171,0.31458,-0.163459,-0.208943,0.105205,-0.251765,-0.221391,-0.433825,0.817881,-0.426562,0.505467,-0.271639,-0.495075,0.046818,-0.196716,0.310903,0.531543,0.0,0.192459,0.499005,0.218091,-0.200167,-0.291791,0.0,-0.558865,0.327097,-0.123125,-0.249594,0.213954,-0.218064,0.304238,0.426491,-0.380757,-0.080505,0.069537,-0.233365,-0.209017,-0.373218,-0.239032,0.218064,-0.530946,0.426129,-0.249594,0.201635,0.218064,-0.239032,0.427294,-0.523441,-0.233521,-0.084715,0.122805,0.31458,-0.523441,-0.341105,-0.508817,0.201635,-0.218064,-0.531092,0.483629,-0.085459,0.069537,0.326909,-0.508817,-0.089126,-0.065888,0.069537,0.0,-0.508817,-0.619559,-0.368416,-0.623383,-0.218064,0.116549,-0.407292,-0.576581,-0.311643,0.327097,0.218064,0.098119,0.034814,0.0,0.238737,0.0,-0.010753,-0.156487,-0.010753,-0.218064,0.0,-0.508817,0.224206,0.058578,0.218064,-0.203405,0.0,-0.191036,-0.493018,0.186982,0.0,-0.203268,-0.333683,-0.759313,-0.106696,-0.131756,0.326909,0.218064,-0.183544,0.0,0.152735,0.314485,0.06266,-0.508817,-0.062172,0.0,-0.535797,0.110151,-0.248581,0.226188,-0.249594,-0.459454,-0.218064,0.0,-0.216196,-0.145643,-0.249594,-0.432498,-0.08886,0.055693,0.218064,0.24456,0.174964,-0.218064,0.237715,0.256713,0.027266,-0.191125,0.038317,0.201635,-0.412957,0.521476,-0.220371,0.397352,0.069537,-0.215942,-0.215942,0.338999,0.181503,-0.078806,-3e-06,-0.257799,0.069996,-0.019324,#
9,0.100487,-0.327327,-0.201194,-0.534406,0.42827,0.22493,0.327025,0.22886,-0.047586,1.0,-0.520649,0.319368,0.094751,0.231772,-0.801076,-0.212662,-0.527999,0.524921,-0.308795,0.509175,0.338305,-0.075788,0.327025,-0.534392,0.523809,-0.218218,0.616154,-0.652823,-0.218016,0.763763,0.516754,-0.98229,0.0,0.218218,-0.038367,0.763763,0.077132,-0.529943,-0.327254,-0.42827,0.214585,0.02855,0.117705,0.218089,0.221572,-0.480525,-0.212662,0.522164,0.5305,-0.212662,0.121561,-0.791998,-0.326673,-0.576863,0.198834,-0.443339,-0.05015,-0.159672,0.42827,0.21343,-0.090611,0.522431,-0.047583,-0.501731,-0.157957,0.22704,0.0,0.335096,-0.052659,0.279813,-0.545356,-0.53079,0.0,-0.427669,0.763763,0.136319,-0.326621,-0.653418,-0.327327,0.185726,0.019576,-0.127008,0.010421,-0.533496,0.609324,-0.268083,-0.534523,-0.327327,0.509175,0.473252,-0.595903,0.185726,-0.653274,-0.218218,-0.327327,0.028506,-0.428571,-0.32716,0.010966,0.314056,0.121561,-0.428571,0.288423,-0.218218,-0.653274,-0.327327,0.010421,-0.288255,0.028506,-0.121132,0.201571,0.509175,0.439065,-0.428571,-0.533496,0.0,-0.218218,-0.27279,0.751005,-0.292814,-0.327327,0.288423,-0.114958,-0.008362,-0.78635,0.218218,-0.218218,-0.324184,-0.049709,0.0,-0.304173,0.0,-0.117948,0.980795,-0.556825,-0.327327,0.0,-0.218218,0.272835,-0.533435,-0.218218,-0.339247,0.0,0.159418,-0.008362,-0.163002,0.0,0.655434,-0.146497,0.167759,-0.801071,-0.799882,0.201571,0.509175,0.183673,0.0,0.273696,0.306839,-0.114958,0.509175,0.258688,0.0,-0.410016,0.794213,-0.2528,0.312576,-0.326621,-0.095659,-0.327327,0.0,0.216348,-0.586444,0.185726,-0.579192,0.059282,0.315814,0.509175,0.339704,0.781947,-0.327327,0.325523,-0.212264,-0.512354,0.191259,-0.070297,-0.2528,0.398231,0.072351,-0.77453,0.548069,-0.533496,-0.504219,0.216094,-0.171298,-0.210462,0.078862,-1e-06,0.156812,0.348253,0.068277,#
10,-0.089293,-0.214985,0.226715,0.075447,-0.415915,-0.233849,0.237464,-0.246335,0.062083,-0.520649,1.0,-0.282177,-0.100169,-0.257309,0.349761,0.76166,0.052814,-0.534045,0.784261,0.222011,-0.33295,0.542644,-0.310031,0.100096,-0.998984,0.193908,-0.641082,0.645123,0.237464,-0.762987,-0.532177,0.54225,0.0,-0.214985,0.517317,-0.214985,-0.069217,0.992855,-0.225275,0.437128,-0.207123,-0.042282,-0.61568,-0.209349,0.183351,-0.234792,0.211748,-0.514429,-0.025166,0.211748,-0.07671,0.790395,0.310126,0.693517,-0.20229,-0.25791,0.026572,0.164316,0.043698,-0.181802,0.080513,-0.523915,0.537901,-0.227738,0.313125,-0.227738,0.0,-0.340107,0.054704,-0.396134,-0.176169,0.539325,0.0,0.416037,-0.214985,-0.134298,0.332298,0.248924,0.311939,-0.204625,-0.015234,0.525042,-0.463202,0.084736,-0.190921,0.259919,0.509395,0.311939,-0.508658,-0.003253,0.550596,-0.182356,0.646256,-0.508658,0.290862,0.435028,0.417623,-0.220895,-0.024572,-0.308613,-0.07671,0.417623,-0.282873,0.193908,0.663662,0.311939,-0.463202,0.277735,-0.042952,0.084736,-0.231459,-0.508658,-0.044795,0.399226,0.102659,0.0,0.222011,0.281435,-0.327604,-0.150018,0.333016,-0.301274,0.524083,0.414497,0.243043,0.333016,0.222011,0.295894,0.047727,0.0,0.266577,0.0,0.065598,-0.565844,0.506451,0.333016,0.0,0.193908,-0.280087,0.525042,0.222011,0.3046,0.0,-0.166955,0.013892,0.729383,0.0,-0.393227,0.136135,-0.187196,0.366329,0.34484,-0.231459,-0.508658,-0.761131,0.0,-0.258312,-0.301108,0.542252,-0.508658,-0.065406,0.0,0.386258,-0.336653,0.646256,0.280253,0.332298,0.090963,0.333016,0.0,-0.129558,0.573398,0.332298,0.085245,-0.049242,-0.355481,-0.508658,-0.272225,-0.425521,0.333016,-0.216595,0.676289,0.08281,0.588128,-0.365904,0.646256,0.011162,-0.12184,0.765134,-0.462715,0.102659,0.600181,-0.123376,-0.138461,-0.128205,0.388116,0.693152,0.239795,0.120651,-0.045083,#
11,0.123336,0.243921,-0.028663,-0.095089,0.244853,0.005857,0.402301,-0.36556,0.244853,0.319368,-0.282177,1.0,-0.364365,-0.483481,-0.364365,-0.200561,-0.327038,0.092858,-0.417195,0.162614,0.398057,-0.104996,0.402301,-0.105064,0.319368,-0.6664,0.162991,-0.541178,0.402301,0.243922,-0.23001,-0.207544,0.0,0.243922,-0.255632,0.243921,0.05548,-0.385421,0.243867,-0.180671,0.48765,-0.244871,-0.327981,0.029415,-0.510701,-0.318434,-0.200561,0.583669,0.031496,-0.200561,0.850793,-0.358585,-0.412208,-0.17304,-0.178433,-0.186927,-0.337129,-0.090988,-0.297482,0.772068,-0.607692,0.111795,0.201487,-0.104068,-0.211914,-0.104068,0.0,0.374798,0.715054,0.336305,-0.27698,-0.114455,0.0,-0.243708,0.243921,-0.034359,0.243396,0.505795,-0.377839,-0.41352,-0.234014,-0.123596,0.059612,-0.131163,-0.064597,-0.038612,-0.617009,-0.377839,0.162614,0.318046,-0.24576,0.243396,-0.521485,0.162614,-0.999599,0.318641,-0.223349,-0.395402,-0.243708,0.396838,0.850793,-0.223349,0.39634,-0.6664,-0.008009,-0.377839,0.059612,0.252197,-0.266159,-0.131163,0.243782,0.162614,-0.485077,-0.766066,0.397557,0.0,0.162614,-0.013729,-0.163404,-0.038506,0.243921,-0.146496,-0.138806,-0.254021,-0.328496,0.243921,0.162614,-0.833089,0.296098,0.0,-0.32351,0.0,-0.383439,0.313235,-0.383439,0.243921,0.0,-0.6664,0.340566,-0.123596,0.162614,0.01963,0.0,-0.269789,0.317801,-0.134109,0.0,0.016842,-0.130799,-0.432136,-0.417844,-0.445797,0.243782,0.162614,0.243328,0.0,0.377217,-0.036764,0.397178,0.162614,0.190476,0.0,-0.464245,0.398071,-0.521485,0.381285,0.243396,-0.296633,0.243921,0.0,-0.16122,-0.512155,0.243396,-0.391713,0.109141,-0.146929,0.162614,-0.253144,0.453567,0.243921,0.994092,0.009305,-0.318545,-0.142525,0.217662,-0.521485,-0.313873,-0.277786,-0.539214,0.615579,0.397557,-0.161031,-0.161031,-0.397968,-0.016303,0.098123,1e-06,-0.032595,0.17593,0.339559,#
12,0.623659,-0.098682,0.007279,-0.184602,0.371453,-0.427368,-0.392848,-0.128063,0.371453,0.094751,-0.100169,-0.364365,1.0,-0.035759,0.15737,0.093313,0.36241,0.1982,0.122636,0.276311,-0.579746,0.277691,0.119826,0.261283,0.094751,0.249996,0.183611,0.025217,0.119826,-0.098682,0.106206,-0.166784,0.0,0.414467,-0.111041,-0.098682,0.614531,-0.056706,-0.088981,0.096008,-0.38912,-0.352894,0.119169,0.009104,0.39303,-0.086921,0.608251,-0.346094,0.241725,0.608251,-0.109942,-0.270172,-0.090309,0.234475,0.423608,0.0075,-0.554662,0.590783,0.354238,-0.237157,0.501542,-0.33736,-0.06025,-0.28444,0.035816,0.401055,0.0,-0.423542,-0.372546,0.173817,-0.199879,-0.135453,0.0,-0.353079,0.414467,0.579475,-0.610513,-0.395817,-0.118419,0.392721,0.54076,-0.201255,-0.257305,-0.1655,0.025734,-0.80129,-0.193377,-0.118419,0.276311,-0.360804,0.373475,-0.12859,0.009508,0.276311,0.374993,-0.370234,-0.37039,0.393965,0.059508,-0.584392,-0.109942,-0.37039,-0.595913,0.249996,-0.397973,-0.118419,-0.257305,0.249004,0.093847,0.222377,0.414229,-0.407888,0.158367,0.060296,-0.585079,0.0,-0.407888,-0.387445,0.271201,-0.391953,-0.611832,-0.165133,-0.177699,0.049916,-0.354437,-0.098682,-0.407888,0.505774,-0.563146,0.0,0.144214,0.0,0.296215,-0.010436,-0.116601,-0.611832,0.0,0.249996,0.059537,-0.583547,-0.407888,-0.161515,0.0,0.45418,-0.797145,0.046118,0.0,0.382935,-0.576015,-0.073186,0.143993,-0.262278,0.414229,0.276311,-0.066449,0.0,0.095802,0.31452,-0.603042,-0.407888,-0.316894,0.0,-0.649777,-0.147754,0.386201,-0.376292,-0.610513,-0.126706,-0.611832,0.0,0.404392,-0.014688,-0.12859,-0.51686,-0.241275,0.658161,0.276311,0.634966,0.382669,-0.611832,-0.372927,0.0343,0.342747,-0.242176,-0.090166,0.386201,0.032486,0.450361,-0.153724,0.211822,-0.585079,-0.273622,0.403918,0.650702,0.39791,-0.21288,0.0,-0.046666,-0.058864,0.121259,#
13,-0.028646,0.00781,-0.18781,-0.010486,0.211827,0.606343,-0.007052,0.496176,-0.230954,0.231772,-0.257309,-0.483481,-0.035759,1.0,-0.035759,-0.035869,-0.229213,0.390554,0.010866,-0.333211,0.426944,-0.011859,-0.007052,-0.405727,0.231772,0.317592,0.005481,0.204187,-0.51421,0.515436,0.656495,-0.259093,0.0,-0.499817,-0.275988,0.00781,0.017817,-0.203281,-0.001768,-0.244578,-0.207159,0.213885,0.782891,0.593782,0.200025,0.43701,-0.035869,0.127464,0.438353,-0.545265,-0.539447,-0.011519,0.015882,-0.542435,-0.339786,0.335133,0.639842,-0.07065,0.194797,-0.401556,0.064855,0.343379,-0.215247,0.296526,0.003503,0.296526,0.0,0.002564,-0.440568,0.101227,0.349882,-0.39476,0.0,0.196617,0.00781,-0.476885,-0.022003,-0.620692,-0.011714,0.493697,0.213376,-0.40545,-0.046245,-0.015865,0.610202,0.153508,-0.01913,-0.011714,0.343624,-0.246468,-0.359243,-0.022003,0.181304,-0.333211,0.476388,-0.228523,-0.228363,0.00223,0.196617,0.381167,-0.539447,-0.228363,-0.048865,0.317592,-0.221792,-0.011714,-0.046245,-0.457701,0.654964,-0.399568,-0.49953,0.343624,0.388788,0.197688,-0.430928,0.0,-0.333211,-0.235751,0.414397,-0.249681,-0.499817,0.37728,-0.004114,-0.202304,0.009534,0.00781,-0.333211,0.162425,-0.307171,0.0,-0.025209,0.0,-0.228532,0.278448,-0.228532,-0.499817,0.0,0.317592,0.091133,-0.027272,-0.333211,-0.33995,0.0,-0.299935,-0.262157,-0.062673,0.0,0.315993,-0.039735,0.491604,-0.411823,-0.025446,-0.49953,0.343624,-0.023859,0.0,-0.070983,0.284048,-0.42488,0.343624,0.082502,0.0,0.357707,0.420385,-0.191336,-0.038317,-0.022003,0.148423,-0.499817,0.0,-0.382619,-0.226022,-0.49874,0.1678,0.389312,0.007978,0.343624,0.484727,-0.098922,-0.499817,-0.507419,-0.223845,-0.249981,0.226133,0.214757,-0.191336,0.571757,0.288176,0.05794,0.005145,-0.430928,-0.384963,0.285285,-0.028368,-0.202025,-0.025401,-0.321043,-0.212533,0.191241,-0.191927,#
14,0.167354,0.414467,0.385772,0.238206,-0.076145,-0.427368,-0.392848,-0.128063,0.371453,-0.801076,0.349761,-0.364365,0.15737,-0.035759,1.0,0.093313,0.36241,-0.24921,0.090183,-0.407888,-0.562998,0.244534,0.119826,0.676017,-0.353162,0.249996,-0.335653,0.409002,0.119826,-0.611831,-0.364183,0.721276,0.0,-0.098682,-0.111041,-0.611831,0.185818,0.364539,0.414374,0.096008,-0.405801,0.094679,0.119169,0.009104,-0.027031,0.365069,0.608251,-0.236133,-0.263589,0.093313,-0.109942,0.529222,-0.090309,0.340869,-0.251767,0.33751,-0.116635,0.590783,-0.540958,-0.237157,0.160625,-0.3902,-0.078153,0.401055,0.538049,0.401055,0.0,-0.423542,-0.069852,0.153414,0.444692,0.318429,0.0,0.059508,-0.611831,-0.061646,-0.12859,0.414142,0.39473,-0.089202,0.119888,-0.153468,-0.208294,0.658738,-0.378242,0.015241,0.225607,-0.118419,-0.407888,-0.79776,0.452421,-0.610513,0.809982,0.276311,0.374993,0.112411,0.077523,0.393965,-0.353079,-0.122016,-0.109942,0.077523,-0.546134,0.249996,0.402501,0.39473,-0.208294,0.525676,0.093847,0.270861,-0.083085,-0.407888,-0.187854,0.508209,0.23916,0.0,-0.407888,0.040206,-0.550801,0.039149,-0.098682,-0.115353,-0.177699,-0.343362,0.63581,-0.098682,0.276311,0.315192,-0.112896,0.0,0.686318,0.0,-0.064999,-0.785691,0.347817,-0.098682,0.0,0.249996,0.161375,0.228824,0.276311,0.093767,0.0,-0.215246,-0.325211,0.026461,0.0,-0.609154,-0.140866,-0.073186,0.570503,0.549818,-0.083085,-0.407888,-0.066449,0.0,-0.439145,0.276037,-0.160685,-0.407888,-0.008885,0.0,0.174922,-0.573121,0.009508,-0.410086,-0.12859,-0.126706,-0.098682,0.0,-0.316339,0.494499,-0.610513,0.365194,-0.241275,-0.140657,-0.407888,0.085235,-0.529596,-0.098682,-0.406949,0.406997,0.31423,-0.308805,-0.090166,0.433288,-0.555095,0.530425,0.579871,-0.238909,0.23916,0.358748,-0.318791,0.461142,-0.035984,-0.24141,-0.324535,-0.37973,-0.005164,-0.345813,#
15,0.108936,-0.371483,0.008896,-0.118443,-0.31189,-0.012937,0.397094,-0.407332,0.235171,-0.212662,0.76166,-0.200561,0.093313,-0.035869,0.093313,1.0,0.218433,-0.390519,0.594136,0.170464,-0.074007,0.416395,-0.229506,-0.090227,-0.760108,0.138301,-0.504414,0.488162,0.397094,-0.371483,-0.198109,0.24417,0.0,-0.371483,0.217145,-0.371483,0.118283,0.754457,-0.383231,0.336167,-0.487821,-0.2125,-0.48449,0.011127,0.472468,-0.171229,0.370635,-0.328924,0.264559,0.370635,-0.041215,0.60109,0.229748,0.338593,-0.155323,-0.196171,0.203375,0.321558,0.214131,-0.126278,-0.012021,-0.690026,0.779727,-0.173638,-0.119915,-0.173638,0.0,-0.260834,0.076061,-0.271331,-0.126125,0.413843,0.0,0.31226,0.255696,-0.232064,0.255145,0.034491,0.231573,0.229658,0.332997,0.396483,-0.356413,-0.107463,0.02528,0.047979,0.378158,0.231573,0.170464,-0.167277,0.659093,0.255145,0.489286,-0.665774,0.207451,0.334022,0.313729,-0.378182,0.31226,-0.054943,-0.041215,0.313729,-0.040833,0.138301,0.509207,0.231573,-0.356413,0.027052,0.311333,-0.107463,-0.390264,-0.665774,0.127063,0.292673,-0.086951,0.0,0.170464,0.072371,-0.076678,-0.420506,0.255696,-0.061894,0.395556,0.310957,-0.220779,0.255696,0.170464,0.292059,-0.324239,0.0,-0.191833,0.0,0.19806,-0.334915,0.19806,0.255696,0.0,0.138301,-0.14132,0.396483,0.170464,0.052201,0.0,-0.119077,-0.147529,0.988524,0.0,-0.242176,-0.048071,-0.339035,0.112277,0.08814,-0.390264,0.170464,-0.996232,0.0,-0.177129,-0.321096,0.416351,-0.665774,-0.364725,0.0,0.136713,-0.07011,0.489286,0.440528,0.255145,0.256648,0.255696,0.0,-0.065369,-0.017954,0.255145,-0.28293,0.1481,-0.123097,0.170464,-0.181378,-0.18735,0.255696,-0.123145,0.529975,0.258585,0.746396,-0.249793,0.489286,0.165381,-0.09541,0.578873,-0.319543,-0.086951,-0.058392,-0.058392,0.046187,0.115113,0.137335,0.7933,0.48961,0.282476,0.355143,#
16,-0.083947,-0.22373,-0.213915,0.103171,-0.446732,-0.254694,-0.354389,-0.254539,0.023073,-0.527999,0.052814,-0.327038,0.36241,-0.229213,0.36241,0.218433,1.0,-0.488186,-0.127869,-0.508225,-0.365106,-0.304787,-0.294687,0.565636,-0.057863,0.182298,-0.142816,0.256802,0.243424,-0.22373,0.009284,0.464382,0.0,-0.22373,0.03715,-0.762338,-0.081077,0.090555,-0.21352,0.465496,-0.648633,-0.001445,-0.125014,-0.230605,0.22319,0.507689,0.218433,-0.516117,-0.517125,0.758918,-0.116935,0.336171,0.292405,0.132289,0.523903,0.480576,0.058898,0.166461,0.059212,-0.251623,0.467931,-0.492964,0.096124,0.5011,-0.374919,-0.218406,0.0,-0.383975,-0.130417,-0.223871,0.570515,0.562859,0.0,0.015823,-0.22373,0.235525,-0.191633,0.244849,0.35631,0.292313,0.410533,0.146614,0.36326,0.141318,-0.581395,-0.172572,0.531109,0.294163,0.209919,-0.478039,0.595019,0.3142,0.266313,0.209919,0.335594,-0.489271,0.448437,0.357312,0.392666,-0.323544,-0.116935,0.448437,0.11977,0.265161,0.232097,0.35631,0.41668,-0.157932,-0.0,0.141318,-0.207289,-0.508225,-0.020366,0.430355,0.106086,0.0,0.209919,0.303658,-0.286212,0.307462,0.314879,0.101684,-0.276995,0.035563,0.274285,-0.762338,0.209919,0.509327,-0.463221,0.0,-0.195746,0.0,0.543288,-0.572106,0.109991,0.314879,0.0,0.265161,-0.217235,0.094527,0.209919,-0.076262,0.0,0.548923,-0.00254,0.193306,0.0,-0.424534,0.113599,-0.128903,0.804086,0.385695,-0.207289,0.209919,-0.189604,0.0,-0.267786,-0.253225,-0.312711,-0.508225,-0.766944,0.0,-0.005092,-0.797638,0.266313,-0.341617,-0.191633,0.561498,0.314879,0.0,0.50387,0.044539,-0.191633,0.129866,-0.078787,0.130202,0.209919,-0.326784,-0.29071,0.314879,-0.333745,-0.177324,0.995563,-0.183986,0.044166,0.266313,-0.397912,-0.063674,0.418287,-0.544284,0.106086,-0.207876,-0.207876,0.713213,0.647662,-0.517371,1e-06,0.262768,-0.311524,0.429672,#
17,0.192962,0.420377,0.443207,0.253659,0.358189,-0.014058,-0.419988,-0.134827,-0.04923,0.524921,-0.534045,0.092858,0.1982,0.390554,-0.24921,-0.390519,-0.488186,1.0,-0.180995,0.293226,0.226766,0.261755,0.591095,-0.147667,0.524921,-0.407402,0.637444,-0.430361,0.124441,0.381453,0.510162,-0.532516,0.0,0.439839,-0.650132,0.381453,0.164221,-0.545591,0.42065,-0.375165,0.391551,0.050585,0.567999,-0.02334,0.036213,-0.22991,0.136783,0.516574,0.24459,-0.37099,-0.148888,-0.606492,-0.609883,-0.289318,-0.243535,-0.188993,-0.137503,0.1481,-0.100157,-0.261413,-0.352336,0.238878,-0.066202,-0.304081,-0.084843,0.397875,0.0,0.117363,-0.446888,0.665552,-0.344183,-0.559968,0.0,0.066113,0.439839,0.274761,-0.134569,-0.429341,-0.105094,-0.116291,-0.367828,-0.180331,-0.32566,0.238774,0.800828,-0.508696,-0.584773,-0.611103,0.293226,0.023512,-0.315582,-0.116291,-0.430295,0.293226,-0.105094,0.064067,-0.358441,0.419607,-0.375942,0.182669,-0.148888,-0.358441,-0.245338,0.267277,-0.848179,-0.105094,0.109297,0.227491,0.539996,0.253485,0.439586,0.215378,0.099701,-0.358441,-0.191516,0.0,-0.407402,-0.470539,0.6542,-0.064946,-0.611103,-0.245338,0.231522,0.071893,-0.475512,0.420377,-0.407402,-0.400438,-0.065876,0.0,0.017705,0.0,-0.106367,0.503079,-0.122024,-0.611103,0.0,0.267277,0.547992,-0.618924,-0.407402,0.274482,0.0,-0.307307,-0.438221,-0.316244,0.0,0.551763,-0.663172,0.363656,-0.662497,-0.276746,0.439586,0.293226,0.384165,0.0,0.019401,0.286791,-0.204679,0.215378,0.618077,0.0,-0.343229,0.656296,-0.416009,-0.431553,-0.134569,-0.60424,-0.611103,0.0,-0.303576,-0.432903,-0.116291,-0.178089,-0.298191,0.699749,0.293226,0.602935,0.299713,-0.611103,0.073548,0.010601,-0.534383,-0.31765,-0.141119,-0.416009,0.371599,0.298037,-0.54801,0.580895,-0.191516,-0.331486,0.362322,-0.173623,-0.448119,-0.299295,-0.295403,-0.016422,0.292058,-0.321294,#
18,0.116618,-0.090913,0.088072,0.283405,-0.126375,0.033269,0.086272,-0.100964,-0.126375,-0.308795,0.784261,-0.417195,0.122636,0.010866,0.090183,0.594136,-0.127869,-0.180995,1.0,0.334664,-0.115463,0.627466,-0.446853,-0.235957,-0.791825,0.281961,-0.63894,0.766532,0.086272,-0.604767,-0.336904,0.366118,0.0,-0.051385,0.326631,-0.051385,0.143778,0.79741,-0.100586,0.463198,0.075233,-0.325108,-0.278952,-0.074753,0.051584,-0.166913,0.058659,-0.650929,0.213838,0.078491,-0.245139,0.585106,0.440705,0.753564,-0.262918,-0.139695,-0.040748,-0.008413,0.339077,-0.297865,0.101762,-0.408441,0.343036,-0.352256,0.128068,-0.325854,0.0,-0.313875,-0.163,-0.451131,-0.279388,0.147812,0.0,0.570471,-0.051385,-0.069135,0.442911,-0.067712,-0.090913,-0.060555,0.028063,0.304597,-0.572511,-0.160312,0.090144,0.064284,0.287237,0.442705,-0.403178,0.19385,0.410171,-0.039674,0.327249,-0.403178,0.422941,0.102238,0.122483,-0.076192,0.157317,-0.572334,-0.245139,0.122483,-0.516784,0.281961,0.34357,-0.090913,-0.572511,0.157919,0.122892,-0.130435,-0.068115,-0.403178,-0.153632,0.105232,-0.143506,0.0,0.308313,-0.019948,-0.077663,-0.31962,-0.071149,-0.534039,0.736003,0.599513,0.087486,0.462469,-0.403178,0.347924,-0.021143,0.0,0.086415,0.0,0.018582,-0.3586,0.431965,-0.071149,0.0,0.281961,-0.462354,0.27515,-0.403178,0.358377,0.0,-0.215954,-0.297182,0.553566,0.0,0.19023,-0.094691,-0.043972,0.127946,0.212962,-0.068115,-0.403178,-0.603296,0.0,0.139973,-0.377201,0.293038,-0.403178,-0.064177,0.0,0.244854,-0.10229,0.796949,0.141482,0.442911,-0.079482,-0.071149,0.0,-0.189737,0.504985,0.480033,0.001998,0.144964,-0.104893,-0.403178,0.128756,-0.2824,-0.071149,-0.348543,0.390126,-0.098737,0.494511,-0.091679,0.356265,0.530681,-0.26257,0.547737,-0.242709,-0.143506,0.494936,0.494936,-0.352993,0.010131,0.585235,0.68746,0.078982,-0.106308,0.001349,#
19,0.280529,-0.166667,0.35855,-0.272106,0.218064,-0.333253,0.166513,-0.166627,0.218064,0.509175,0.222011,0.162614,0.276311,-0.333211,-0.407888,0.170464,-0.508225,0.293226,0.334664,1.0,-0.271984,0.428074,0.166513,-0.272099,-0.218218,-0.111111,0.304663,-0.332401,0.166513,-0.166667,-0.217851,-0.500157,0.0,0.666667,0.234424,0.666667,0.262419,0.205226,-0.16663,-0.218064,0.344037,-0.218052,-0.405216,-0.333136,0.322715,-0.949901,0.170464,0.136905,0.38979,0.170464,0.061897,-0.403266,-0.166334,0.32828,0.101242,-0.89158,-0.508881,0.177384,0.218064,0.108674,-0.138408,-0.077228,0.218052,-0.997613,0.214096,0.115603,0.0,0.170623,-0.026812,0.043073,-0.990059,-0.270265,0.0,-0.217758,0.666667,0.416461,-0.166307,-0.332704,-0.166667,-0.166307,-0.217859,0.349215,-0.405914,-0.271643,0.32392,-0.331503,-0.272166,-0.166667,-0.111111,0.492284,0.038462,-0.166307,-0.332631,-0.111111,-0.166667,0.478986,-0.218218,-0.166582,-0.217758,-0.271151,0.061897,-0.218218,-0.270811,-0.111111,-0.332631,-0.166667,-0.405914,0.332484,-0.217721,0.358254,0.641046,-0.111111,0.236948,-0.218218,-0.271643,0.0,-0.111111,-0.331811,0.396298,-0.330599,-0.166667,-0.270811,0.367167,0.421521,-0.66294,0.666667,-0.111111,-0.061899,0.255916,0.0,0.122272,0.0,0.163409,0.415464,0.163409,-0.166667,0.0,-0.111111,0.039692,-0.271612,-0.111111,0.269468,0.0,0.095667,-0.217147,0.204299,0.0,0.39127,-0.270888,-0.165812,-0.407885,-0.40728,0.641046,-0.111111,-0.166261,0.0,0.157458,0.031247,0.367167,-0.111111,0.415161,0.0,-0.405723,0.418785,0.279104,0.214037,-0.166307,-0.504352,-0.166667,0.0,0.179008,0.068908,0.616316,-0.50556,-0.407494,0.377013,-0.111111,0.228765,0.444445,-0.166667,0.220998,0.36747,-0.47699,0.205589,-0.507613,0.279104,0.262407,0.058509,-0.394371,0.324811,-0.271643,0.183383,0.183383,-0.24114,-0.312678,0.287259,0.527031,0.285895,0.191856,-0.218071,#
20,-0.172322,0.122393,-0.391195,0.191108,0.088965,0.828404,0.4076,0.091173,-0.338067,0.338305,-0.33295,0.398057,-0.579746,0.426944,-0.562998,-0.074007,-0.365106,0.226766,-0.115463,-0.271984,1.0,-0.254387,-0.1019,-0.666059,0.338305,-0.271984,-0.121188,-0.019706,-0.08152,0.591566,0.333119,-0.209561,0.0,-0.407976,-0.35793,0.081595,-0.177633,-0.370493,0.112361,-0.088965,0.394552,-0.123832,0.289034,0.407735,-0.398191,0.26423,-0.585755,0.353337,0.239793,-0.606225,0.151509,-0.073697,0.072982,-0.469461,-0.450215,0.262373,0.529074,-0.564474,0.071172,0.266018,-0.528534,0.307722,0.088248,0.282981,-0.557352,-0.398269,0.0,0.41766,0.270189,-0.034876,0.192174,-0.310737,0.0,0.354677,0.101994,-0.586175,0.629803,0.005682,-0.407976,0.071841,-0.115023,-0.237453,0.185086,-0.26405,0.367348,0.358957,-0.249833,0.101994,0.407976,0.3474,-0.429944,0.610645,-0.424899,-0.271984,-0.407976,-0.089536,-0.089028,-0.407768,0.338276,0.537119,0.151509,-0.089028,0.534284,-0.271984,-0.003744,-0.407976,0.185086,-0.488325,0.336824,-0.664944,-0.407742,0.380778,-0.245769,-0.534166,0.169609,0.0,0.407976,-0.047223,0.112325,-0.060933,0.101994,0.089047,0.181708,-0.062535,-0.156655,0.122393,-0.271984,-0.530326,0.094311,0.0,-0.687201,0.0,-0.369233,0.379063,-0.352822,0.101994,0.0,-0.271984,-0.042912,0.157668,-0.271984,-0.085243,0.0,-0.483259,0.312674,-0.026568,0.0,0.314093,0.115321,0.036899,-0.574577,-0.174706,-0.407742,0.407976,0.050873,0.0,0.418661,-0.316661,0.181708,0.380778,0.007346,0.0,0.188988,0.57703,-0.393078,0.390934,0.629803,0.104997,0.101994,0.0,-0.42976,-0.590372,0.131708,0.026813,0.666101,-0.267931,0.407976,-0.121557,0.050997,0.101994,0.407081,-0.406369,-0.345746,0.241031,0.550791,-0.814233,0.49781,-0.531516,-0.222235,0.236288,0.169609,-0.40221,0.271133,-0.659351,0.01617,0.221158,0.012902,-0.009457,0.017078,0.365541,#
21,0.238294,0.07673,0.443703,0.14992,0.09267,-0.424967,-0.097609,-0.407784,0.09267,-0.075788,0.542644,-0.104996,0.277691,-0.011859,0.244534,0.416395,-0.304787,0.261755,0.627466,0.428074,-0.254387,1.0,0.406729,0.183367,-0.534043,-0.271921,-0.179808,0.367603,0.406729,-0.407882,-0.069719,0.110559,0.0,0.117115,0.018461,0.117115,0.204902,0.503628,0.067572,0.363907,-0.010699,-0.057414,-0.230901,-0.008693,0.027527,-0.360944,0.416395,-0.223124,0.221954,-0.069906,0.136476,0.30144,-0.407068,0.490243,-0.311345,-0.232917,-0.383571,0.431423,0.127896,-0.324638,0.023474,-0.264891,0.535045,-0.419444,0.354327,0.281877,0.0,-0.61679,-0.283261,0.386409,-0.439319,0.199173,0.0,0.331602,0.117115,0.25606,0.04812,-0.055869,0.117115,-0.407003,-0.09326,0.166413,-0.99339,0.147954,0.446983,-0.448404,-0.237411,-0.407882,-0.271921,-0.084788,0.213726,-0.407003,0.368993,-0.271921,0.117115,0.311255,-0.075788,0.132047,-0.532918,-0.275441,0.136476,-0.075788,-0.662755,0.428074,-0.064571,0.117115,-0.542112,0.671068,0.36612,0.178479,0.101148,-0.271921,-0.132441,-0.075788,-0.298483,0.0,-0.271921,0.022811,0.229956,-0.368017,-0.407882,-0.662755,0.562038,0.353766,-0.12978,0.601727,-0.271921,-0.13649,-0.32838,0.0,0.390486,0.0,-0.343258,-0.12721,0.0466,-0.407882,0.0,0.428074,0.377648,-0.303681,-0.271921,0.309895,0.0,-0.370679,-0.531422,0.422631,0.0,0.192124,-0.662943,0.163997,-0.165592,-0.195963,0.101148,-0.271921,-0.40689,0.0,-0.159322,0.229411,0.109468,-0.271921,0.342148,0.0,-0.179724,0.171251,0.398638,-0.09455,0.04812,-0.36057,-0.407882,0.0,-0.327647,0.175317,0.086047,-0.367501,-0.190894,0.203628,-0.271921,0.458456,0.135288,-0.407882,-0.081662,0.820741,-0.335848,0.306496,-0.373014,0.398638,0.172541,0.264483,0.311959,0.279453,-0.298483,0.315487,0.315487,-0.135134,-0.390664,0.238227,0.332026,0.014416,0.550883,-0.102923,#
