0,1.0,0.180884,-0.077548,0.08743,0.111854,0.402374,-0.018345,0.370487,0.174318,-0.100071,0.359881,0.377367,-0.037274,0.657501,0.053775,0.03914,-0.04298,-0.102935,0.369917,-0.403326,-0.316101,-0.079709,0.306102,0.07185,-0.002231,-0.429001,0.212014,0.235005,0.346526,0.332959,0.009546,0.371568,0.0,-0.532722,-0.162533,-0.369888,-0.616396,0.208047,4.7e-05,0.14097,0.137748,0.135143,0.257482,0.255575,-0.271497,-0.771656,0.388156,0.12721,-0.391693,0.118299,-0.338171,0.472652,0.11785,-0.236607,-0.246029,0.31075,0.260091,-0.594948,-0.471525,0.281904,0.268197,0.352442,0.200171,0.163728,0.311699,0.532348,-0.128632,0.081534,-0.378412,0.595791,0.135143,0.153557,0.0,0.085259,-0.370804,-0.117037,-0.370804,0.187212,-0.185912,0.434055,-0.573548,-0.178143,0.22897,0.520342,-0.306076,0.182645,0.419906,-0.04743,0.116546,-0.372321,-0.188689,-0.178143,-0.370804,0.182645,0.385909,-0.146934,0.101811,0.048386,-0.30349,-0.204485,-0.374184,-0.533209,0.405309,0.071712,-0.370804,0.240592,-0.086755,-0.117892,-0.211004,0.156553,0.339122,0.407245,-0.372321,-0.243411,-0.673017,-0.81386,-0.005817,0.365589,0.122274,-0.365668,-0.015091,-0.341034,-0.21872,-0.045636,-0.52522,0.182645,-0.122789,-0.179506,0.430659,-0.407038,0.085259,-0.045636,-0.527931,0.269943,-0.641904,0.113044,0.0,-0.81386,-0.299557,-0.117892,0.407245,-0.81386,-0.407038,-0.47546,-0.368078,0.430659,-0.532928,-0.069997,0.365589,0.322772,-0.148062,-0.185912,0.101811,-0.154273,-0.111427,-0.154273,0.334139,-0.120834,-0.306076,0.57171,-0.719379,0.118156,-0.271497,-0.332862,-0.188689,-0.297707,0.358903,0.398065,-0.146934,-0.533209,0.034535,0.09784,-0.533209,0.365589,0.548758,0.222851,0.145863,-0.079685,0.519404,-0.541001,0.159119,0.12696,-0.272009,0.178217,0.414597,0.069884,0.336471,-0.368078,-0.1733,0.212513,0.182645,-0.272035,0.519404,0.217434,-0.054757,0.136069,0.238956,-0.341034,-0.637361,-0.407038,#
1,0.180884,1.0,0.294317,0.048926,0.534227,0.068158,0.495677,0.486285,0.096259,0.75955,-0.067758,-0.014305,0.041622,-0.093057,0.101291,0.106834,-0.529175,0.46372,0.505446,0.195888,0.111245,0.743111,-0.052693,0.529263,-0.525693,0.362018,0.617734,0.188202,-0.440505,0.324235,-0.613439,0.455143,0.0,0.321897,-0.508061,-0.523406,0.283791,-0.220764,-2.4e-05,-0.404507,-0.197184,0.361718,0.257313,-0.087307,-0.269671,-0.336523,0.383146,0.705883,0.528601,0.528485,0.286074,0.026525,0.195664,-0.326315,0.18627,0.051651,-0.256602,-0.166302,-0.505479,-0.209098,0.172883,0.442635,-0.361977,0.585005,-0.108163,0.264947,-0.085758,-0.019308,0.150426,0.036072,0.361718,-0.276666,0.0,0.014457,-0.057719,-0.345371,-0.375711,-0.239622,-0.155979,0.042394,-0.218098,0.184702,-0.163859,-0.003017,-0.411679,0.281409,-0.404394,0.013282,0.046143,0.014457,0.342188,-0.268199,-0.375711,0.16016,-0.002792,0.388078,0.13087,0.524141,0.075509,-0.330054,-0.489621,-0.529624,-0.428855,0.117785,-0.808606,-0.155979,-0.565045,-0.663083,-0.334765,-0.404301,0.434641,0.470603,0.014457,-0.66023,-0.190712,-0.049173,-0.095919,-0.076909,0.302705,-0.48687,0.013282,0.046143,0.173516,-0.529355,-0.432957,0.281409,-0.082106,-0.291718,0.401,0.146092,0.014457,-0.529355,0.174701,0.139902,0.184702,0.173574,0.0,-0.049173,0.298377,-0.663083,-0.269671,-0.049173,-0.404301,0.024484,-0.672182,0.401,-0.173055,0.370951,-0.628201,-0.105913,-0.213267,0.173516,0.13087,0.370275,-0.190712,0.370275,0.38018,0.367124,-0.411679,0.666247,-0.006581,0.168499,0.285534,0.439856,0.342188,0.516116,-0.105913,0.368653,-0.105913,-0.062309,-0.813686,0.056769,-0.062309,-0.076909,0.208517,0.174701,0.173574,-0.136246,-0.319851,-0.218098,-0.208395,0.455025,-0.274439,0.108334,-0.386992,0.009139,-0.06258,-0.672182,-0.240996,0.31233,0.281409,0.271606,0.054609,-0.266904,0.364569,-0.745817,0.222915,0.046143,-0.154601,0.0,#
2,-0.077548,0.294317,1.0,0.447701,0.134426,-0.653081,-0.199963,0.229908,0.0731,0.486372,-0.428074,0.05336,0.250131,-0.349971,-0.326955,-0.192946,-0.427816,0.426016,0.467004,0.298769,0.68432,0.210593,-0.169893,0.180232,-0.425001,0.193109,0.53845,-0.378052,-0.615588,0.521209,-0.136806,0.209302,0.0,0.534581,-0.31349,-0.301493,0.069382,-0.533535,5e-05,-0.327028,0.287388,0.033378,0.199589,-0.79939,-0.218018,-0.010645,0.177988,0.467162,-0.283811,-0.116722,-0.59197,-0.117269,-0.533478,0.539526,-0.356043,-0.467684,-0.432801,-0.276743,-0.060981,-0.446495,0.24737,-0.188679,-0.623984,-0.086113,-0.058543,0.095269,-0.428065,0.369217,0.116805,0.121517,0.033378,0.036433,0.0,0.447758,0.1933,-0.003732,-0.201854,-0.533008,-0.330932,0.270358,0.534833,0.086963,0.128472,-0.038841,0.425242,0.155309,-0.196413,0.270358,0.447758,-0.054574,0.366015,-0.38579,-0.201854,0.095462,-0.652252,0.088169,0.790662,0.205983,-0.111378,-0.123526,0.164962,-0.42818,-0.191159,-0.326323,-0.653725,0.137286,-0.165995,0.070343,-0.129326,-0.326861,0.280775,-0.218018,-0.054574,-0.071277,0.342781,0.202871,-0.244447,-0.149311,0.231594,-0.254012,-0.191159,-0.054574,0.546736,-0.427962,0.05165,0.155309,-0.427277,-0.759333,0.561972,0.247658,0.447758,-0.427962,0.259208,0.079381,0.086963,0.403806,0.0,0.202871,0.270566,0.070343,0.527108,0.202871,-0.326861,-0.50263,0.231813,0.561972,0.014793,0.452278,-0.724769,0.088169,-0.79359,0.078518,0.790662,0.078216,0.342781,0.078216,0.249086,0.190403,0.425242,-0.327027,-0.15777,-0.326815,0.471913,0.185583,0.366015,0.361709,-0.427476,-0.234331,-0.427476,0.05962,-0.201332,0.353926,0.05962,-0.149311,-0.060184,0.259208,-0.06457,0.320056,-0.493827,0.070343,-0.058566,-0.119513,-0.1855,-0.085914,-0.207064,0.299163,0.068422,0.231813,-0.368478,0.128439,0.155309,0.490719,-0.028501,0.052098,-0.206354,-0.506128,0.228971,-0.054574,0.342781,0.175547,#
3,0.08743,0.048926,0.447701,1.0,0.305986,-0.698281,-0.230051,-0.207367,-0.022088,0.428962,0.409819,-0.059495,0.238318,-0.565998,-0.228139,-0.242766,-0.077819,0.337647,0.301813,-0.125027,0.538135,-0.336726,-0.118,0.306251,-0.002686,0.652682,-0.111162,-0.567915,-0.363777,-0.037003,0.356899,-0.205034,0.0,0.427578,-0.344531,-0.306685,-0.254965,-0.364493,-0.000101,0.305914,0.058115,-0.112774,0.49938,-0.591386,0.217911,-0.028051,-0.253217,-0.124175,-0.358007,-0.507104,-0.352321,0.337647,-0.373614,0.584199,-0.117587,0.114236,-0.214044,0.146388,-0.279146,-0.260257,-0.171963,0.189686,-0.369055,-0.442233,-0.130381,-0.479365,-0.060564,-0.071411,-0.417208,0.564827,-0.112774,0.619023,0.0,0.996746,0.196906,0.099336,-0.22759,-0.360114,0.342324,0.269748,0.365528,0.321219,0.364076,0.037194,0.033209,-0.044297,-0.187808,0.686963,0.071779,0.488223,0.25531,0.303493,0.212907,-0.079059,-0.23501,0.446599,0.368773,0.305104,0.045623,0.499215,0.439493,-0.523073,0.652356,-0.185465,-0.244532,0.35988,-0.277344,0.330698,0.048938,0.305159,-0.172134,-0.508459,0.488223,0.099996,0.20868,0.208797,0.618454,0.261548,0.290788,0.174536,0.652356,0.052945,0.360855,-0.07512,0.41611,-0.044297,-0.50372,-0.325011,0.817907,0.348241,0.996746,-0.07512,-0.185244,-0.216664,0.338944,0.567807,0.0,0.208797,-0.022678,0.330698,0.245848,0.208797,0.3267,-0.196919,0.064953,0.817907,0.409815,-0.326975,-0.321001,0.446599,-0.375115,0.325745,0.368773,-0.04675,0.745285,-0.04675,-0.207786,-0.52091,0.515877,-0.217911,-0.596909,-0.235332,0.189974,-0.398917,-0.309899,0.516615,0.407932,-0.263476,-0.0754,-0.029263,-0.213052,0.011997,-0.504784,0.261548,-0.357993,-0.213939,0.076098,0.223194,-0.414533,0.330698,-0.782996,0.00312,-0.527703,0.057132,0.216481,-0.282098,-0.038373,0.064953,0.310344,-0.513744,-0.044297,0.159981,-0.433376,-0.201681,-0.228973,-0.441278,-0.190084,0.052945,-0.287382,-0.253701,#
4,0.111854,0.534227,0.134426,0.305986,1.0,0.04443,0.040369,0.036393,0.398626,0.71311,0.290022,-0.324516,0.048586,-0.054449,0.425349,-0.49552,-0.32476,0.296692,0.33402,-0.245861,-0.033942,0.254838,0.091611,0.995351,-0.322623,0.501681,0.364111,0.382455,0.054919,0.183102,0.319521,0.065206,0.0,0.171159,-0.966005,-0.119994,0.172615,-0.405012,3.2e-05,-0.24825,-0.398852,-0.034993,0.143225,-0.050905,-0.1655,-0.322089,0.463957,0.432204,0.253427,0.240241,0.048298,-0.285601,0.143665,-0.227654,0.370523,-0.371164,-0.58369,0.173146,-0.757817,-0.573724,0.11526,0.757145,0.215495,0.272596,-0.314797,0.205675,0.266039,-0.139252,0.145854,0.399637,-0.034993,-0.144128,0.0,0.263239,-0.072723,-0.163992,-0.49625,-0.404613,-0.095268,-0.495454,-0.172191,0.352742,-0.100108,0.279945,-0.293523,-0.085251,-0.495478,0.008603,-0.285395,0.263239,0.189365,0.352742,-0.49625,0.361659,0.02045,0.238672,-0.24825,0.988432,0.57428,0.034478,0.061731,-0.325036,0.008603,-0.247715,-0.49625,-0.095268,-0.989152,-0.172191,0.028292,-0.248124,0.014448,-0.1655,0.263239,-0.40519,0.172845,-0.067892,0.452162,-0.358517,0.283286,-0.067892,0.008603,-0.285395,0.34358,-0.324871,0.157892,-0.085251,-0.324351,0.123528,0.302394,-0.248124,0.263239,-0.324871,0.079972,0.115817,0.352742,0.106983,0.0,-0.067892,0.303047,-0.172191,-0.1655,-0.067892,-0.248124,0.009965,-0.591562,0.302394,0.149672,0.002985,-0.358517,0.238672,0.189365,0.34358,-0.24825,0.227736,0.172845,0.227736,0.503586,0.104559,-0.293523,0.438399,-0.199611,-0.248089,0.573969,0.249095,0.189365,0.58283,0.238672,0.472458,0.238672,-0.325036,-0.518575,0.004812,-0.325036,-0.358517,0.131931,0.079972,0.106983,-0.436907,-0.192221,-0.172191,-0.419427,0.206653,-0.200737,0.031187,-0.518132,-0.01243,-0.35408,-0.591562,0.389696,-0.070806,-0.085251,0.528341,0.306515,-0.201422,0.475304,-0.757717,0.130996,-0.285395,-0.452402,0.290357,#
5,0.402374,0.068158,-0.653081,-0.698281,0.04443,1.0,0.246138,0.237024,0.00419,-0.199688,0.193997,-0.161969,-0.187054,0.822174,0.503283,0.205048,0.208536,-0.557129,-0.142476,-0.051973,-0.793062,0.219568,0.173507,0.002076,0.173317,-0.594908,0.022219,0.812963,0.451427,-0.202856,-0.121055,0.253834,0.0,-0.653081,0.075475,0.238261,-0.228132,0.414615,-2.3e-05,-0.026476,0.062687,0.088576,-0.312423,0.834791,-0.332837,-0.197448,0.255551,0.079429,0.312259,0.707164,0.436153,-0.060743,0.443481,-0.699257,-0.018457,0.17986,0.318413,0.029295,-0.00969,0.371998,0.25421,0.331889,0.505199,0.672756,0.331631,0.672851,0.21051,0.065823,0.054895,-0.218927,0.088576,-0.290854,0.0,-0.702996,-0.218155,-0.212446,0.194708,0.406679,-0.045773,-0.217259,-0.797441,-0.034484,-0.056859,0.18991,-0.2167,-0.008606,0.190781,-0.635465,-0.230806,-0.244028,-0.533675,-0.018486,-0.218155,-0.008606,0.58574,-0.249331,-0.499256,-0.022451,0.003991,-0.417944,-0.295601,0.221194,-0.245024,-0.000888,0.194708,-0.045773,-0.009833,-0.404484,-0.001043,-0.012961,0.188326,0.373181,-0.261027,-0.40796,-0.51445,-0.595757,-0.236339,-0.037648,-0.019684,-0.209236,-0.245024,-0.230806,-0.426039,0.203961,-0.273315,-0.024741,0.218194,0.427409,-0.51038,-0.499001,-0.702996,0.203961,-0.347046,0.39508,-0.418433,-0.447316,0.0,-0.580296,-0.386115,-0.404484,-0.332837,-0.595757,-0.499001,0.250378,-0.272316,-0.51038,-0.653334,-0.019234,0.468659,-0.249331,0.486586,-0.045773,-0.499256,0.187784,-0.533823,0.20489,0.184168,0.181674,-0.652333,0.521949,0.002834,0.047308,-0.332837,0.112307,-0.003924,-0.427333,0.186902,0.584491,0.204351,-0.207989,0.175613,0.025594,0.221194,-0.057122,0.437633,0.300428,0.361023,-0.488646,0.630295,-0.420202,0.425868,0.262808,0.31752,-0.010735,-0.202551,-0.10533,-0.203447,-0.272316,-0.034277,0.426677,-0.008606,-0.326585,0.630295,0.052913,0.194907,0.241098,0.283568,-0.213808,-0.48001,0.025922,#
6,-0.018345,0.495677,-0.199963,-0.230051,0.040369,0.246138,1.0,0.635872,0.38904,0.277257,0.187628,-0.165662,0.224305,0.050899,0.495757,0.226333,-0.653139,0.021969,0.051288,0.509332,0.121699,0.654192,0.544107,-0.001693,-0.231161,0.198843,0.396547,0.001837,-0.222199,-0.206246,-0.574688,0.627783,0.0,0.188526,0.097757,-0.177537,0.442391,-0.398825,2.3e-05,-0.030031,0.072057,0.512625,-0.330554,0.42426,0.292803,-0.029265,0.246138,0.500299,0.340012,0.33014,0.461488,0.021969,0.434032,-0.61944,-0.043507,0.450259,0.367465,0.053158,-0.152679,0.397281,0.181286,0.351847,-0.322767,0.28607,-0.119069,0.020049,-0.2335,-0.510583,0.372424,-0.383355,0.512625,-0.215197,0.0,-0.253634,-0.208847,-0.594358,-0.178494,-0.416488,-0.038877,-0.192121,0.010574,-0.42447,-0.050028,-0.69683,-0.62564,0.414686,0.181859,0.167837,-0.645425,0.201895,-0.038298,-0.027522,-0.208847,0.382657,-0.234742,0.215231,0.007508,-0.026035,-0.00216,-0.420937,-0.264201,0.198238,-0.250679,0.49114,-0.208847,-0.432018,-0.005622,-0.410638,-0.007163,-0.499012,0.602337,0.367881,-0.253634,-0.426562,-0.025636,-0.199825,-0.242061,0.469549,0.494377,-0.614138,0.167837,-0.22364,0.385715,-0.653361,-0.243944,-0.017705,0.194676,0.017258,-0.14022,0.021976,-0.253634,-0.653361,0.301603,-0.408823,0.401183,0.36793,0.0,0.214488,0.232339,-0.410638,-0.332844,-0.199825,-0.016616,0.330905,-0.264642,-0.14022,-0.228237,0.525253,-0.052291,-0.252369,-0.038298,-0.038877,0.007508,0.198449,-0.025636,0.656844,0.17531,0.592297,-0.209902,0.514282,0.044408,0.497006,-0.332844,0.116929,0.000649,0.367645,-0.252369,-0.202967,-0.252369,0.640587,-0.602247,0.054224,0.231004,-0.052291,0.428402,-0.341017,-0.025344,-0.021927,0.203073,-0.410638,0.027553,0.685317,-0.325786,-0.016457,-0.208335,-0.542394,-0.206678,-0.264642,-0.450188,0.429769,0.414686,-0.32629,-0.218897,-0.352608,0.57499,-0.201832,0.283586,0.231888,0.008546,0.021976,#
7,0.370487,0.486285,0.229908,-0.207367,0.036393,0.237024,0.635872,1.0,0.409434,0.270535,-0.219878,0.247642,0.599818,0.431555,0.488668,-0.137708,-0.653589,0.062924,0.09242,0.502187,-0.024363,0.642566,0.563863,-0.005409,-0.649288,-0.205643,0.795733,-0.007296,-0.193927,0.202409,-0.528937,0.997395,0.0,-0.203484,-0.071425,-0.557074,0.215288,-0.402204,4.5e-05,-0.499611,0.36068,0.798862,-0.350557,0.049459,-0.333074,-0.420476,0.618338,0.784384,0.052641,0.316638,-0.155312,0.062924,0.425008,-0.577052,-0.450316,0.188595,0.391602,-0.417712,-0.305676,0.420579,0.183817,0.34731,-0.373609,0.272941,0.376629,0.495288,-0.236798,0.125912,0.153181,-0.218896,0.798862,-0.176236,0.0,-0.246514,-0.591727,-0.831935,-0.184737,-0.419741,-0.438201,0.202023,0.016872,-0.430704,-0.043327,-0.260958,-0.20334,0.816327,0.188406,0.174654,-0.216724,-0.229757,-0.033525,-0.430704,-0.591727,0.386867,-0.240587,0.208898,0.488425,-0.029585,-0.008226,-0.815306,-0.235344,-0.214793,-0.241025,-0.008316,-0.591727,-0.032106,-0.001475,-0.401485,-0.3989,-0.499356,0.995303,0.362901,-0.682197,-0.414328,-0.021219,-0.586944,-0.637311,0.470738,0.272732,-0.998448,-0.22563,-0.652407,0.389608,-0.653811,-0.464228,0.386867,-0.233077,-0.555975,0.035744,0.0181,-0.246514,-0.653811,0.302963,0.16049,-0.004906,0.374984,0.0,-0.17544,0.284831,-0.401485,0.313189,-0.586944,-0.499356,-0.411146,-0.257255,0.035744,-0.653798,0.696547,-0.047564,0.191697,-0.536399,-0.438201,0.488425,0.192232,-0.021219,0.64752,0.547771,0.590452,-0.20334,0.507068,-0.215944,0.039183,-0.333074,0.384228,0.488691,-0.034448,-0.255532,-0.209043,-0.255532,0.224557,-0.228241,-0.015526,0.224557,-0.047564,0.816963,0.302963,-0.031249,-0.047772,0.180217,-0.804347,0.408309,0.242624,-0.325693,-0.400035,-0.223721,-0.11809,0.208713,-0.257255,-0.844936,0.810985,0.816327,-0.326216,0.180217,-0.369954,0.177652,-0.19543,0.245771,-0.199967,0.012731,0.0181,#
8,0.174318,0.096259,0.0731,-0.022088,0.398626,0.00419,0.38904,0.409434,1.0,0.048761,0.160313,0.020971,0.141348,0.203568,0.51645,-0.485449,-0.779558,0.091711,0.144157,-0.099227,0.205588,0.253138,0.866097,0.392237,-0.3075,0.047902,0.562817,0.088284,0.397951,0.391134,0.256748,0.445436,0.0,0.04878,-0.432108,0.022993,0.337786,-0.690039,-0.000101,-0.071341,-0.12704,0.143536,-0.411113,0.180723,0.302148,-0.398068,0.766689,0.506668,-0.361524,-0.164812,-0.340026,-0.370922,0.239181,-0.415977,0.052477,-0.297434,-0.158218,-0.326184,-0.581929,-0.164884,0.347094,0.371541,0.243017,-0.224975,-0.481562,0.186637,-0.310469,-0.551875,0.485125,0.288016,0.143536,-0.374047,0.0,-0.04338,-0.43056,-0.305999,-0.733121,-0.701614,-0.61041,-0.476911,0.24784,-0.694028,-0.165652,-0.203262,-0.46455,0.17843,0.405841,0.09492,-0.665782,-0.024519,0.004112,0.228976,-0.767053,0.981069,-0.511054,-0.331495,-0.050358,0.386873,0.295255,-0.182945,-0.097875,0.172161,0.09492,0.294599,-0.30897,-0.592831,-0.386835,0.24784,0.27475,-0.595599,0.409345,0.078335,-0.533757,-0.087017,0.225691,-0.421803,0.001753,0.141881,0.441649,-0.421803,-0.355614,-0.684643,0.669986,-0.779823,-0.141808,-0.304943,-0.017292,0.102337,-0.008351,-0.595599,-0.04338,-0.779823,0.373243,-0.447859,0.228976,0.332176,0.0,0.041361,0.514175,0.24784,0.330124,-0.421803,-0.056324,-0.225984,-0.228706,-0.008351,0.072447,0.526181,0.141881,0.171878,0.025881,-0.261744,-0.050358,-0.339942,0.225691,0.172501,0.760829,0.616932,0.000207,0.306344,-0.157468,0.279765,0.190241,-0.067191,0.047651,0.274734,-0.331495,-0.132377,-0.331495,0.172161,-0.322206,0.160555,-0.285714,-0.441488,0.677085,-0.345147,-0.564699,0.036372,0.380916,-0.676473,0.223645,0.273563,-0.385623,0.105067,-0.064671,-0.010905,-0.007009,-0.228706,-0.228186,0.186461,0.17843,0.191148,0.305441,0.14371,0.75526,-0.063797,0.374539,-0.175404,0.053736,0.414642,#
9,-0.100071,0.75955,0.486372,0.428962,0.71311,-0.199688,0.277257,0.270535,0.048761,1.0,0.085855,-0.424467,0.29158,-0.334975,0.234912,-0.160731,-0.424786,0.400816,0.439358,0.338426,0.318256,0.501644,-0.155618,0.708447,-0.421991,0.645895,0.462136,0.027909,-0.647482,-0.00287,-0.19807,0.265676,0.0,0.516888,-0.672484,-0.33505,0.242998,-0.529756,5.3e-05,-0.324711,-0.020779,0.192002,0.231228,-0.331893,-0.216474,-0.011283,0.148837,0.576459,0.423173,0.378543,0.160495,-0.082927,-0.073918,0.006334,0.018737,-0.128921,-0.386241,0.301417,-0.401907,-0.371512,0.127815,0.560649,-0.492492,0.422646,-0.070034,0.090333,0.065934,0.08682,0.12941,-0.010884,0.192002,0.065459,0.0,0.390263,0.181739,-0.334658,-0.170109,-0.529233,0.127653,-0.158843,0.059367,0.504627,0.118981,-0.127967,-0.080562,0.145389,-0.648085,0.259906,-0.065519,0.390263,0.300721,0.003506,-0.170109,0.011232,-0.21931,0.589999,0.267667,0.702739,0.283895,-0.164696,0.179379,-0.425147,-0.229305,-0.324011,-0.649095,0.127653,-0.691174,-0.432996,-0.169871,-0.324546,0.27016,-0.216474,0.390263,-0.529989,0.278444,0.191129,0.139132,-0.158898,0.423742,-0.29317,0.259906,-0.065519,0.492229,-0.424931,0.223558,0.145389,-0.424251,-0.347337,0.454807,0.284447,0.390263,-0.424931,0.174606,0.124974,0.504627,0.392282,0.0,0.191129,0.226859,-0.432996,-0.216474,0.191129,-0.324546,0.069233,-0.313733,0.454807,-0.030699,0.233736,-0.768887,0.043412,-0.313873,0.492229,0.267667,0.570226,0.278444,0.570226,0.182385,0.155842,-0.080562,0.245728,-0.184854,-0.3245,0.397845,0.379386,0.300721,0.765669,0.043412,0.155719,0.043412,0.091924,-0.661296,0.142757,0.091924,-0.158898,-0.078185,0.174606,0.392282,-0.258787,-0.509279,0.059367,-0.531182,0.334559,-0.233967,-0.15723,-0.660939,-0.236868,-0.444264,-0.313733,0.033911,0.139704,0.145389,0.370982,-0.09495,-0.474505,0.164763,-0.991094,0.176484,-0.065519,-0.240985,0.122801,#
10,0.359881,-0.067758,-0.428074,0.409819,0.290022,0.193997,0.187628,-0.219878,0.160313,0.085855,1.0,-0.427781,-0.209929,0.066781,0.221906,0.166908,0.052757,-0.202434,0.257168,-0.324096,0.004819,-0.340824,0.265459,0.243434,0.571237,0.261186,-0.390901,0.094096,0.204161,-0.428083,0.39245,-0.196212,0.0,0.017539,-0.134901,0.212196,-0.404731,-0.072661,-5.2e-05,0.749221,-0.052432,-0.329936,0.253802,0.491271,0.499481,-0.104923,-0.213149,-0.333023,-0.212263,-0.04842,0.194677,0.362673,-0.086583,-0.016575,0.070917,0.46169,0.162775,0.329126,-0.260627,0.152809,0.219912,0.516957,0.187416,-0.015894,-0.192252,-0.151361,0.053428,-0.568042,-0.151946,0.405899,-0.329936,0.455931,0.0,0.418008,0.216249,0.139789,-0.218956,-0.075672,0.519093,-0.208617,-0.353514,0.076493,0.50673,-0.050229,-0.521801,-0.374326,0.225788,0.202295,-0.513049,0.418008,-0.226842,0.53181,0.216249,0.084907,0.222277,0.031343,-0.327246,0.215431,-0.104081,0.369402,0.214152,0.041343,0.646791,0.242125,0.216249,0.068143,-0.208801,0.093846,0.356744,0.22625,-0.237156,-0.218164,0.418008,-0.088691,-0.242601,-0.213953,0.662052,0.319731,0.455649,0.226079,0.646791,-0.029243,0.068143,0.050182,0.310034,-0.374326,0.059288,0.424036,0.266375,-0.327079,0.418008,0.050182,-0.523514,-0.397865,0.076493,0.334818,0.0,-0.213953,-0.402469,0.093846,-0.218164,-0.213953,0.22625,0.349285,-0.068893,0.266375,0.059381,-0.393032,0.319731,0.031343,0.331576,0.519093,-0.327246,0.022503,0.308765,0.022503,-0.241036,-0.312118,-0.044932,0.232517,-0.640295,0.193499,-0.218164,-0.716994,-0.785261,0.350094,0.527969,0.205368,0.031343,0.041343,-0.218913,0.234221,-0.428466,0.319731,-0.090372,-0.523514,0.334818,-0.207158,0.442876,0.093846,-0.534524,0.479496,-0.234473,0.338691,0.216484,-0.625737,-0.44686,-0.068893,0.532904,-0.35471,-0.374326,-0.233521,-0.041142,0.051633,0.216315,-0.051054,0.229034,-0.029243,-0.752308,-0.327079,#
11,0.377367,-0.014305,0.05336,-0.059495,-0.324516,-0.161969,-0.165662,0.247642,0.020971,-0.424467,-0.427781,1.0,0.167923,0.135616,-0.326731,-0.158147,0.001452,0.340467,-0.143719,-0.323658,-0.169656,-0.104654,0.131128,-0.326725,-0.42471,-0.26231,0.150382,-0.346085,0.291573,0.522205,-0.199335,0.226056,0.0,-0.427495,0.164686,-0.649231,0.019344,0.333972,5e-05,-0.326804,-0.197641,0.443387,0.142255,-0.29389,-0.217869,-0.580496,0.261104,0.012792,-0.213331,-0.442962,-0.428701,0.340467,0.342785,-0.122703,0.071917,0.170406,0.246057,-0.785483,-0.253037,0.239611,-0.43975,-0.242794,0.07211,-0.421424,0.230667,-0.064674,0.017283,0.177197,-0.359,0.312993,0.443387,-0.055667,0.0,-0.073129,-0.653277,-0.126304,-0.258393,0.320407,-0.389433,0.620344,0.053103,-0.385526,-0.35234,0.412275,-0.088166,0.516984,0.207162,0.195204,0.389609,-0.556526,0.299002,-0.385526,-0.258393,0.100299,0.19559,0.023432,0.210975,-0.326616,-0.111302,-0.123441,-0.53267,-0.427886,0.195204,0.217804,-0.258393,0.061135,0.26548,0.053103,-0.533404,0.175427,0.226883,0.554325,-0.556526,0.31582,-0.25073,-0.253838,-0.24428,0.287414,-0.535232,-0.253838,-0.248916,-0.093787,-0.348035,0.006435,-0.72045,0.516984,0.038666,-0.36466,0.164997,0.175427,-0.073129,0.006435,0.170903,0.163004,-0.385526,-0.081862,0.0,-0.253838,0.331238,0.053103,0.499168,-0.253838,0.175427,-0.665458,-0.347479,0.164997,0.014783,-0.00595,0.287414,0.519639,-0.258944,-0.798603,0.210975,-0.426985,-0.25073,-0.426985,0.227232,-0.092728,-0.088166,0.252342,0.039416,0.270848,-0.217869,0.127651,0.299002,-0.544922,0.023432,-0.183895,0.023432,-0.427886,0.185099,-0.52918,-0.427886,0.287414,0.369447,0.170903,-0.532582,0.28736,-0.051732,-0.393878,0.359515,-0.486731,-0.230498,-0.091096,0.619072,0.532203,0.997514,-0.347479,-0.396975,0.1004,0.516984,-0.229771,-0.051732,0.029718,-0.211569,0.410841,-0.488339,-0.093787,0.276627,-0.326637,#
12,-0.037274,0.041622,0.250131,0.238318,0.048586,-0.187054,0.224305,0.599818,0.141348,0.29158,-0.209929,0.167923,1.0,0.006611,0.51128,-0.573596,-0.258092,0.053907,-0.381854,0.525,-0.006746,0.194754,0.3057,0.005906,-0.649265,0.172269,0.389121,-0.397422,-0.286338,-0.231981,-0.027666,0.623013,0.0,-0.193171,-0.083332,-0.547082,0.213598,-0.437984,-4.6e-05,-0.499593,0.387308,0.797737,-0.363552,-0.386961,-0.333062,-0.046231,0.202978,0.394485,0.038786,-0.143377,-0.246044,0.053907,0.407682,-0.228339,-0.47806,0.146702,0.366967,0.08414,-0.14534,0.344639,-0.427736,0.311845,-0.390716,-0.202215,0.543959,-0.030737,0.183061,0.336396,-0.222558,-0.228632,0.797737,0.259318,0.0,0.187399,-0.582385,-0.846535,0.197955,-0.43141,-0.043047,0.209354,0.419469,-0.031724,-0.016356,-0.254352,0.225822,0.842132,-0.171954,0.573297,-0.208729,0.204539,-0.014068,-0.031724,-0.218341,0.01871,-0.24385,0.644052,0.511034,-0.018827,0.398915,-0.437422,0.440019,-0.204725,0.148114,-0.498516,-0.218341,0.372333,0.019291,-0.008453,-0.389347,-0.036484,0.644818,-0.333062,-0.258245,-0.032526,0.485086,-0.209417,-0.252822,0.5019,0.011578,-0.63033,0.163862,-0.654373,0.426474,-0.253587,0.185377,0.402853,-0.652742,-0.570974,0.037596,0.492803,0.187399,-0.253587,0.344418,0.238525,0.40381,0.402202,0.0,0.211496,0.281725,-0.008453,0.327977,-0.209417,-0.036484,-0.416623,0.015254,0.037596,-0.245885,0.206278,-0.028253,0.626458,-0.52844,-0.420261,0.511034,0.211576,0.485086,0.677273,0.163311,0.025535,0.225822,-0.003814,-0.211899,-0.499268,-0.333062,0.410776,0.520087,-0.042283,0.169004,-0.623546,0.169004,0.244671,0.159761,-0.455097,0.244671,-0.028253,0.389994,0.344418,-0.013318,-0.058924,-0.258823,-0.420526,-0.016024,-0.204479,-0.36825,-0.821553,-0.25051,-0.307397,0.178563,0.015254,-0.465205,0.398066,0.842132,-0.366167,-0.258823,-0.807087,-0.235536,-0.243326,-0.377397,-0.191589,0.033641,0.029949,#
13,0.657501,-0.093057,-0.349971,-0.565998,-0.054449,0.822174,0.050899,0.431555,0.203568,-0.334975,0.066781,0.135616,0.006611,1.0,0.414318,0.008962,0.081736,-0.438931,-0.008308,-0.152814,-0.644295,0.030604,0.403566,-0.098461,0.046569,-0.80954,0.204003,0.585623,0.541528,0.088584,0.016585,0.454526,0.0,-0.79977,0.047103,0.043892,-0.333835,0.260049,9.3e-05,-0.127696,0.208763,0.157792,-0.275843,0.608138,-0.407596,-0.497675,0.456282,0.146221,-0.150012,0.419549,-0.141534,0.068917,0.289599,-0.549421,-0.264367,0.062119,0.409551,-0.367527,-0.138793,0.444347,0.36156,0.281506,0.43079,0.38633,0.481572,0.815395,0.083678,0.213254,0.039835,-0.015998,0.157792,-0.140304,0.0,-0.573529,-0.424309,-0.256234,-0.001912,0.252092,-0.292686,-0.007634,-0.643965,-0.281154,0.11349,0.347378,-0.083044,0.174802,0.405118,-0.435498,-0.090435,-0.556138,-0.42422,-0.264786,-0.424309,0.174802,0.398603,-0.386601,-0.108348,-0.123521,-0.159975,-0.591778,-0.219548,0.094574,-0.03604,-0.101301,-0.001912,0.128782,0.100821,-0.241934,-0.16528,-0.113818,0.411901,0.314726,-0.573529,-0.16528,-0.411815,-0.810577,-0.442635,0.079471,-0.09286,-0.415131,-0.451476,-0.542611,-0.260265,0.077009,-0.384234,0.158294,0.091782,0.055176,-0.349277,-0.611082,-0.573529,0.077009,-0.263204,0.428624,-0.673969,-0.199995,0.0,-0.794759,-0.257594,-0.241934,0.263131,-0.810577,-0.611082,-0.295976,-0.12769,-0.349277,-0.800079,0.176704,0.597471,0.077558,0.097691,-0.292686,-0.108348,0.06067,-0.431635,0.07817,0.383535,0.244446,-0.528737,0.433393,-0.282531,-0.052143,-0.407596,0.027036,0.117765,-0.596555,0.059706,0.396917,0.077558,-0.34452,0.375396,0.117834,0.094574,0.059548,0.700688,0.399222,0.2054,-0.411464,0.77208,-0.676127,0.681853,-0.025048,0.267784,-0.166503,-0.016642,0.143809,0.098947,-0.12769,-0.281191,0.605119,0.174802,-0.391822,0.77208,0.200862,0.004008,0.38249,0.347572,-0.52522,-0.376579,-0.074037,#
14,0.053775,0.101291,-0.326955,-0.228139,0.425349,0.503283,0.495757,0.488668,0.51645,0.234912,0.221906,-0.326731,0.51128,0.414318,1.0,-0.498901,-0.326976,-0.366678,-0.353455,0.304169,-0.397034,0.393078,0.582166,0.375058,-0.324825,0.00215,0.376076,0.408383,0.230472,-0.326962,0.174582,0.541097,0.0,-0.326955,-0.311965,0.054248,0.211355,-0.407776,-2.8e-05,-0.249944,0.158317,0.467198,-0.674887,0.42065,-0.16663,-0.058901,0.503283,0.459448,0.236428,0.356969,0.2228,-0.366678,0.633187,-0.747393,-0.161095,-0.005714,0.177206,0.308447,-0.30508,0.190673,0.006149,0.659688,0.255193,0.260956,0.150536,0.340252,0.200494,-0.119933,0.164995,-0.216428,0.467198,-0.214259,0.0,-0.271534,-0.499637,-0.740605,0.015147,-0.407374,-0.154205,-0.498835,-0.082532,-0.149825,-0.158537,-0.263103,-0.1987,0.398015,0.020964,-0.048791,-0.761379,0.300737,-0.428663,0.388748,-0.499637,0.398015,-0.038177,0.17611,-0.249944,0.344351,0.612486,-0.40788,0.238675,0.22846,-0.048791,-0.249406,0.015147,-0.154205,-0.348226,-0.082532,0.118928,-0.249817,0.48778,-0.16663,-0.271534,-0.407955,0.214711,-0.499502,-0.043567,0.222977,0.326559,-0.499502,-0.048791,-0.761379,0.379202,-0.327088,0.196136,-0.14519,-0.326565,0.219641,-0.372357,-0.249817,-0.271534,-0.327088,0.134911,0.110274,0.388748,0.049406,0.0,0.020991,0.108527,-0.082532,-0.16663,-0.499502,-0.249817,0.132639,-0.238149,-0.372357,-0.327081,0.20324,0.222977,0.17611,0.231864,-0.154205,-0.249944,0.166363,0.214711,0.742235,0.45259,0.332232,-0.1987,0.363127,-0.095674,-0.249782,-0.16663,0.292419,0.231864,0.057266,0.17611,-0.035917,0.17611,0.22846,-0.02263,-0.194544,0.22846,-0.4326,0.594899,0.134911,0.049406,-0.39631,0.281622,-0.611692,0.089796,0.308505,-0.195277,-0.417433,-0.517661,-0.477927,-0.351989,-0.238149,-0.134246,0.385687,0.398015,-0.193558,0.281622,-0.509204,0.453681,-0.202348,0.092721,-0.189108,-0.343537,0.40469,#
15,0.03914,0.106834,-0.192946,-0.242766,-0.49552,0.205048,0.226333,-0.137708,-0.485449,-0.160731,0.166908,-0.158147,-0.573596,0.008962,-0.498901,1.0,0.215009,-0.04392,0.375462,0.078753,0.135596,-0.028337,-0.298079,-0.498892,0.603346,-0.187881,-0.374943,0.004348,-0.282113,-0.199322,-0.569834,-0.187989,0.0,0.201272,0.583409,0.184061,-0.183929,0.423791,-4.6e-05,0.453301,0.05186,-0.326119,0.393757,0.387461,0.302201,0.180045,-0.544719,-0.332153,0.13719,0.291535,0.412177,0.456011,-0.387932,0.193509,0.034854,0.485745,0.318476,0.006556,0.464794,0.348101,0.374948,-0.312881,-0.310825,0.351265,0.013083,-0.027743,-0.209213,-0.164155,0.13451,-0.303963,-0.326119,0.157404,0.0,-0.201829,0.588725,0.420568,0.203714,0.415792,0.424206,0.21348,-0.398051,0.037237,0.408763,-0.198995,-0.206623,-0.37494,0.168644,-0.178002,0.241396,-0.201829,0.048523,-0.413903,0.588725,-0.407441,0.225691,-0.17779,0.015237,-0.498726,-0.813711,-0.015097,-0.325366,0.194512,-0.209461,0.505986,0.172913,0.025266,0.489678,-0.429712,-0.026358,-0.009246,-0.170068,0.378386,0.243298,-0.010596,-0.466096,0.217305,-0.20036,0.014274,0.031389,0.186163,0.215228,0.669402,-0.389631,0.210402,-0.229719,0.047578,0.65543,0.071828,-0.045133,0.029915,-0.201829,0.210402,-0.277649,-0.220988,-0.381679,0.01685,0.0,-0.187547,-0.418094,-0.429712,-0.332675,0.217305,-0.009246,0.41026,0.215219,-0.045133,-0.221634,0.031894,-0.005339,-0.652287,0.009002,0.424206,0.015237,0.2611,-0.485607,-0.186828,-0.574619,0.029941,-0.223497,0.034283,0.048325,0.51195,-0.332675,-0.333784,-0.445491,0.019106,-0.212938,0.221804,-0.195364,0.211137,-0.190206,0.464483,0.227762,0.524198,-0.353731,-0.277649,0.431888,0.032059,0.251028,0.409308,0.050853,0.31509,0.365163,0.406293,0.218819,-0.098798,-0.171555,0.215219,-0.013555,0.064037,-0.37494,-0.286165,-0.177165,0.362541,-0.160294,0.220908,0.362663,0.224275,0.019511,-0.498758,#
16,-0.04298,-0.529175,-0.427816,-0.077819,-0.32476,0.208536,-0.653139,-0.653589,-0.779558,-0.424786,0.052757,0.001452,-0.258092,0.081736,-0.326976,0.215009,1.0,-0.330816,-0.361204,-0.323901,-0.519514,-0.630745,-0.639668,-0.32697,0.529263,-0.261745,-0.79723,0.128786,0.203985,-0.427826,0.284007,-0.653124,0.0,-0.427816,0.360539,0.26275,-0.485745,0.815143,-2.4e-05,0.231327,-0.034401,-0.363374,0.25674,0.087309,-0.218033,0.263072,-0.653124,-0.789064,0.10976,-0.032131,0.194507,0.25544,-0.119237,0.299665,0.090017,0.159463,0.161644,0.328887,0.462384,0.152664,-0.384437,-0.272369,0.3344,0.000826,0.419005,-0.132455,0.518775,0.418533,-0.517292,-0.04947,-0.363374,0.36214,0.0,-0.054175,0.249217,0.449082,0.645168,0.83301,0.546725,0.212815,-0.393381,0.559705,0.127642,0.471324,0.42522,-0.380568,-0.196838,-0.248315,0.447737,-0.054175,-0.213336,0.087349,0.645168,-0.79838,0.704703,0.024329,-0.327049,-0.326862,-0.110562,0.345886,0.21397,0.059183,0.212815,-0.326344,0.645168,0.546725,0.331135,0.07072,-0.0717,0.750576,-0.651986,-0.218033,0.447737,0.333559,-0.229254,0.203251,0.222929,-0.221092,-0.600794,0.659751,0.212815,0.447737,-0.799203,0.999957,0.257111,0.095851,0.077765,0.288601,-0.231585,0.176539,-0.054175,0.999957,-0.505551,0.434364,-0.385008,-0.532982,0.0,-0.253249,-0.575852,0.07072,-0.218033,0.203251,0.176539,0.175105,0.231323,-0.231585,0.015658,-0.779327,0.353884,0.024329,0.365981,0.136449,-0.327049,0.077765,-0.229254,-0.427306,-0.651397,-0.75005,-0.069496,-0.327049,0.081982,-0.326836,-0.218033,-0.139328,-0.213336,-0.545384,0.539542,0.251194,0.539542,-0.428208,0.665218,-0.262627,0.059183,0.353884,-0.546722,0.259148,0.402987,-0.203407,-0.021296,0.534822,-0.086549,-0.473388,0.500153,-0.079036,0.219309,0.096209,0.033536,0.231323,0.534859,-0.353135,-0.380568,-0.230027,-0.021296,0.059028,-0.662036,0.411091,-0.44447,-0.054175,-0.229254,-0.326882,#
17,-0.102935,0.46372,0.426016,0.337647,0.296692,-0.557129,0.021969,0.062924,0.091711,0.400816,-0.202434,0.340467,0.053907,-0.438931,-0.366678,-0.04392,-0.330816,1.0,0.494288,-0.246116,0.469947,-0.002915,-0.022236,0.30082,-0.359897,0.552474,0.178616,-0.492271,-0.257915,0.384695,-0.205173,0.036328,0.0,0.385773,-0.385566,-0.6068,0.554961,-0.228054,0.000117,-0.379141,-0.630934,0.102101,0.612477,-0.484428,0.152305,-0.430725,0.053977,0.146511,0.12737,-0.355696,-0.248162,0.311029,-0.133829,0.184443,0.53371,-0.05153,-0.191481,-0.31621,-0.532384,-0.206386,-0.122811,0.195546,-0.381552,-0.263438,-0.22783,-0.316719,0.2328,-0.165159,0.257968,0.174843,0.102101,0.174757,0.0,0.297837,-0.036792,0.038201,-0.565204,-0.226994,0.026585,0.034456,0.173051,0.060309,0.071953,0.15778,-0.338786,0.140664,-0.496543,0.554077,0.191033,-0.292011,0.978638,-0.412567,-0.073912,0.138359,-0.12147,0.363413,0.325673,0.301932,-0.093716,-0.098586,-0.198206,-0.316092,0.012154,0.227965,-0.604508,0.06731,-0.325956,-0.372363,-0.594804,-0.396299,0.047549,0.152305,0.16676,0.332657,0.356856,0.454353,0.004739,-0.22065,-0.290212,-0.082128,0.012154,0.147341,0.187223,-0.327533,-0.260281,0.576133,0.210555,-0.453747,0.367966,0.278312,0.297837,-0.327533,0.61613,-0.22457,0.142549,0.471894,0.0,0.03709,0.755441,-0.372363,0.217115,0.454353,0.228341,-0.388464,-0.391283,0.367966,0.340553,0.279394,-0.370808,0.363413,-0.382994,0.065048,0.325673,0.274064,-0.165979,-0.187594,0.076687,0.183954,-0.252654,0.252761,0.039289,0.228309,0.217115,0.275931,0.348253,0.459371,-0.242067,-0.056711,0.228862,-0.188806,-0.571792,-0.090455,-0.273663,0.304906,-0.077576,-0.215978,-0.159561,-0.168827,-0.406381,0.051848,-0.17244,-0.316867,0.000212,-0.101374,-0.017171,0.434457,0.330048,-0.391283,0.030539,0.069102,0.140664,0.192734,-0.362669,-0.095569,0.02958,-0.415414,-0.178051,-0.31143,0.334726,-0.349104,#
18,0.369917,0.505446,0.467004,0.301813,0.33402,-0.142476,0.051288,0.09242,0.144157,0.439358,0.257168,-0.143719,-0.381854,-0.008308,-0.353455,0.375462,-0.361204,0.494288,1.0,-0.232566,0.510863,0.041913,0.00631,0.340526,0.150281,0.142697,0.235674,-0.003979,-0.271748,0.427666,-0.17843,0.065701,0.0,0.428222,-0.382669,-0.153222,-0.096139,-0.248472,0.0,0.146385,-0.159269,-0.363366,0.660938,-0.051661,0.16265,-0.422226,0.101874,0.20312,-0.214852,0.134309,-0.261512,0.314978,-0.597805,0.30775,0.108641,-0.067986,-0.25859,-0.334989,-0.382855,-0.24367,0.702253,0.241855,-0.337883,0.239034,-0.271097,0.254919,-0.272106,-0.188288,0.336005,0.346997,-0.363366,0.171616,0.0,0.307025,0.425234,0.320599,-0.589628,-0.258181,0.009085,0.011194,-0.250099,0.061917,0.533285,0.165812,-0.331444,-0.31456,-0.050908,0.109697,0.19981,-0.285094,0.466874,-0.41278,-0.096445,0.194287,-0.146554,-0.147575,0.341565,0.342847,-0.54761,-0.109204,-0.212284,-0.298142,-0.011193,0.243449,-0.629083,0.049967,-0.333692,-0.371769,-0.13012,-0.448685,0.076915,0.16265,0.175443,-0.118903,-0.149956,0.033243,-0.0,-0.228897,0.31884,-0.086433,-0.011193,0.155949,0.243021,-0.366264,-0.214354,0.122586,0.230492,-0.318619,0.564886,-0.298194,0.307025,-0.366264,-0.051975,-0.203325,-0.288946,0.497567,0.0,-0.385625,0.07563,-0.371769,0.22771,0.033243,-0.348358,-0.205022,-0.121982,0.564886,-0.139987,0.353407,-0.379633,-0.147575,-0.368437,0.549636,0.341565,0.294245,-0.149956,-0.169191,0.127878,0.261368,-0.244981,0.268373,-0.451865,0.243817,0.26024,-0.247163,-0.165937,0.537138,-0.282645,0.407207,-0.282645,-0.170367,-0.594877,0.712456,-0.255551,0.298682,-0.021336,-0.185625,0.293087,-0.148638,0.130268,0.054075,-0.118084,0.245972,0.061743,0.387026,-0.037473,0.215313,-0.17704,-0.121982,0.039337,0.137154,-0.31456,0.283818,0.196088,0.438835,0.109931,-0.422456,0.652847,-0.304588,-0.172172,-0.312129,#
19,-0.403326,0.195888,0.298769,-0.125027,-0.245861,-0.051973,0.509332,0.502187,-0.099227,0.338426,-0.324096,-0.323658,0.525,-0.152814,0.304169,0.078753,-0.323901,-0.246116,-0.232566,1.0,0.235198,0.605914,-0.011506,-0.247534,-0.32177,0.05304,0.382839,-0.146371,-0.701308,-0.323887,-0.521448,0.491173,0.0,0.298769,0.293358,-0.023304,0.236597,-0.403941,-3.1e-05,-0.247594,0.667358,0.480548,-0.514309,-0.14986,-0.165063,0.557718,-0.051973,0.472738,0.288842,0.373997,0.251555,-0.246116,0.064912,-0.094141,-0.604123,0.079681,0.206191,0.329303,0.475757,0.219669,0.040354,-0.14285,-0.650375,0.297886,0.268866,0.063112,-0.32409,0.254881,0.142796,-0.716574,0.480548,-0.109902,0.0,-0.128279,0.068123,-0.554217,0.50606,-0.403543,-0.021609,0.080937,0.423014,-0.016,-0.027117,-0.753452,0.341235,0.451845,-0.051944,0.080937,-0.128279,0.358563,-0.262231,-0.146907,0.068123,-0.142302,-0.493823,0.318884,0.448764,-0.247452,0.063826,-0.404044,0.267698,0.148581,-0.494144,-0.24706,-0.057001,-0.021609,0.272872,-0.155772,0.044112,-0.247468,0.539504,-0.165063,-0.128279,-0.404119,0.281816,0.074502,-0.494253,0.290364,0.393723,-0.494804,0.080937,-0.128279,0.432171,-0.324012,0.221234,-0.010269,-0.323493,-0.362937,-0.162351,0.468421,-0.128279,-0.324012,0.226054,0.060099,0.442175,0.180132,0.0,0.517295,-0.052035,-0.155772,-0.165063,0.074502,-0.247468,0.22027,0.371382,-0.162351,-0.324005,0.455465,-0.426694,-0.323644,-0.42278,-0.021609,0.448764,0.306386,0.281816,0.796292,-0.067321,0.333358,0.341235,-0.247594,0.192174,-0.247433,-0.165063,0.360387,0.299692,0.159316,-0.323644,-0.494826,-0.323644,0.756412,-0.06021,0.092633,0.756412,-0.267348,0.051593,0.226054,0.180132,0.21771,-0.273969,-0.027153,0.050206,0.340392,-0.140443,-0.382728,-0.481699,-0.473432,-0.313703,0.371382,-0.605697,0.414887,0.451845,-0.141986,-0.273969,-0.495662,-0.060109,-0.278851,0.141394,0.358563,0.281816,0.309334,#
20,-0.316101,0.111245,0.68432,0.538135,-0.033942,-0.793062,0.121699,-0.024363,0.205588,0.318256,0.004819,-0.169656,-0.006746,-0.644295,-0.397034,0.135596,-0.519514,0.469947,0.510863,0.235198,1.0,0.004242,0.057043,0.001062,0.02619,0.487019,0.147721,-0.640276,-0.569744,0.197761,-0.092446,-0.046835,0.0,0.852449,-0.03422,-0.027618,0.248484,-0.647892,2.7e-05,0.212099,0.086242,-0.225427,0.261837,-0.496467,0.547547,0.204271,-0.166314,0.114552,-0.36609,-0.402181,-0.339287,0.04352,-0.647824,0.613288,-0.101852,-0.136687,-0.253503,-0.04378,0.047693,-0.285984,0.317297,-0.229121,-0.665514,-0.372235,-0.482297,-0.411921,-0.519816,-0.320457,0.357206,0.059706,-0.225427,0.206715,0.0,0.554827,0.465035,0.22441,-0.337728,-0.647253,0.012603,0.008696,0.65973,-0.168821,0.340456,-0.487513,-0.012439,-0.141608,0.036437,0.511817,0.007211,0.18975,0.457275,-0.130645,0.154877,0.224178,-0.792055,0.001388,0.57312,0.021321,-0.316424,0.185159,0.22026,0.011817,0.045964,0.247401,-0.301239,-0.157539,0.024485,0.190876,0.173456,-0.39692,0.017993,-0.264748,0.18975,0.192129,0.428898,0.479211,0.036872,0.047502,0.420133,0.018037,0.176403,0.18975,0.674266,-0.519691,0.225222,-0.141608,0.032202,-0.398708,0.462023,0.182995,0.554827,-0.519691,0.331673,-0.642999,0.346549,0.676596,0.0,0.479211,0.300647,0.190876,0.276782,0.479211,0.229389,-0.074297,0.392601,0.462023,0.379767,0.410062,-0.533362,-0.144349,-0.549354,0.333982,0.57312,-0.008617,0.428898,-0.008617,-0.109751,0.231214,0.527325,-0.397122,-0.128994,0.192322,0.276782,-0.273252,-0.174795,0.675459,-0.5191,-0.464596,-0.5191,0.504199,-0.45652,0.507394,-0.027573,0.047502,-0.296473,-0.502659,-0.174402,0.412964,-0.281537,0.322155,-0.288504,0.162083,-0.22526,0.209502,0.038353,-0.062394,-0.152298,0.392601,-0.124698,-0.157824,-0.141608,0.304632,-0.464155,0.176966,0.070116,-0.318125,0.309621,0.18975,0.428898,-0.002577,#
