0,1.0,0.579417,-0.759192,-0.407997,0.218162,-0.01508,0.0,0.0,-0.187009,-0.080856,-0.140216,-0.465908,0.092356,-0.030763,0.7842,-0.208744,-0.212753,-0.150783,-0.369047,-0.271998,-0.103304,-0.330113,-0.021185,0.187072,0.434151,-0.453218,0.26873,-0.21439,-0.688247,-0.071911,-0.249846,0.069645,0.407997,-0.271998,0.380268,0.339427,0.601471,0.01556,-0.534071,0.386141,0.635011,0.374117,-0.348399,-0.206044,0.613806,-0.244955,0.038272,0.311158,-0.009072,-0.822093,-0.620725,-0.41789,0.0,0.05474,0.204685,-0.131089,-0.332007,-0.207669,-0.071876,0.368839,0.211846,0.581329,0.446735,-0.175466,-0.160543,0.226392,0.0,0.065297,0.219975,-0.336453,-0.141937,-0.119729,0.434151,-0.089032,0.154757,-0.235337,0.0,-0.471704,0.434151,0.368624,0.087383,-0.421579,-0.24386,-0.998839,-0.403209,-0.070292,-0.055471,-0.261566,-0.105777,-0.407997,-0.366502,-0.666256,-0.407997,-0.080592,-0.013746,0.101999,-0.174266,0.381843,-0.403209,-0.089032,-0.516197,-0.533922,-0.271998,0.0,-0.089032,-0.407997,-0.264656,-0.598156,0.381843,-0.666826,0.695391,0.0,-0.407997,-0.407789,0.116511,-0.534193,0.087383,-0.219351,0.037882,-0.463242,0.0,-0.24386,-0.625431,-0.004633,0.372999,-0.174266,-0.107244,0.601535,0.006865,0.0,0.156674,-0.271998,-0.426119,-0.31245,0.784016,0.0,0.0,-0.407789,0.245441,-0.366502,0.0,-0.310222,0.101999,-0.299446,-0.055471,0.006865,-0.703933,0.16753,-0.179846,-0.271998,-0.681552,0.354732,0.434151,-0.271998,0.348968,0.0,-0.185244,0.235173,-0.183079,-0.407789,-0.270344,0.0,-0.578766,-0.24386,-0.407997,0.793413,-0.407997,0.67705,0.055351,-0.407997,-0.407694,0.177075,-0.407789,-0.219351,-0.205965,-0.004633,0.0,-0.363634,0.516994,-0.377219,0.216443,0.374977,-0.61396,0.390902,0.363618,-0.446304,0.060425,0.200645,0.459533,0.000402,-0.089032,-0.146492,0.390902,0.49856,0.302266,0.103275,-0.158493,0.249879,-0.183079,-0.15043,#
1,0.579417,1.0,-0.306037,-0.408152,-0.190037,0.388719,0.007921,0.0,0.222315,-0.076559,-0.12581,-0.446929,0.09725,0.388719,0.353674,-0.184885,-0.617215,0.254025,0.03572,-0.272101,0.244472,0.000488,0.379439,0.057037,0.414757,-0.450033,0.629884,-0.343966,-0.39968,0.364912,-0.245897,0.309875,0.414757,-0.272101,-0.01999,0.330755,0.456345,-0.448002,-0.090414,-0.017004,0.629099,0.732782,-0.002431,0.18194,0.153637,-0.076596,0.068018,0.677384,-0.345397,-0.801213,-0.611165,-0.305511,0.0,-0.273283,0.229395,0.294994,-0.306037,0.316688,-0.156715,0.388383,0.412115,0.072055,0.311206,-0.526419,-0.154127,0.639889,0.0,0.507619,0.245893,0.097053,-0.322861,0.394376,0.414757,0.364912,-0.239854,0.122413,0.0,-0.468576,0.414757,-0.030178,-0.407944,-0.815673,-0.239854,-0.574907,0.017178,-0.039262,0.376169,-0.666057,-0.534125,-0.408152,-0.332752,-0.245897,-0.408152,0.381686,0.017178,0.106991,-0.14254,0.388339,0.017178,-0.084743,0.131892,-0.07622,-0.272101,0.0,0.364912,-0.408152,-0.275845,-0.570708,0.388339,-0.226854,0.691683,0.0,-0.408152,-0.407944,0.121648,-0.534397,-0.407944,0.222679,-0.404224,-0.473004,0.0,-0.239854,-0.586938,-0.394518,0.197273,-0.570708,0.346885,0.47947,-0.327838,0.0,0.196688,-0.272101,-0.815892,-0.326252,0.369767,0.0,0.0,-0.407944,0.402512,-0.789164,0.0,-0.277419,-0.408152,-0.460138,0.376169,-0.327838,-0.665905,0.587778,-0.136529,0.414757,-0.14712,-0.039262,0.414757,-0.272101,-0.069672,0.0,-0.137737,0.588498,0.237737,-0.407944,-0.281376,0.0,-0.574907,0.186472,0.106991,0.393527,-0.408152,0.18763,0.059852,-0.408152,-0.387988,0.543277,-0.407944,-0.211907,0.225716,-0.394518,0.0,-0.372166,0.517202,-0.32213,0.647515,0.375131,-0.623507,0.391063,0.363771,-0.161727,0.073105,0.197182,0.014866,0.414685,-0.084743,-0.151754,0.391063,0.506493,0.227304,0.089162,-0.668046,-0.179197,0.237737,-0.146804,#
2,-0.759192,-0.306037,1.0,0.373318,-0.028023,0.226373,0.293447,0.0,0.386632,-0.053442,0.232853,0.564826,-0.20359,-0.20896,-0.993805,-0.067222,-0.099288,0.375986,0.676126,0.248878,0.418218,0.071492,0.296836,0.083383,0.248878,0.212125,-0.111645,0.419576,0.705921,0.415561,0.095896,0.070467,-0.506146,0.248878,-0.201687,0.013509,-0.330982,-0.250589,0.416392,-0.148734,-0.29838,-0.061991,0.607247,0.300959,-0.829504,0.443223,-0.395993,-0.027459,0.211442,0.522138,0.783343,0.074706,0.0,0.044967,-0.169871,-0.052193,0.01119,0.36112,-0.408139,-0.267153,-0.03356,-0.750041,-0.342856,0.321029,0.001502,-0.004381,0.0,0.084437,-0.10763,0.561402,0.2947,0.186044,0.248878,-0.005492,-0.353984,0.522834,0.0,0.231493,0.248878,-0.65018,-0.176681,0.192611,0.05776,0.779578,0.22432,-0.095744,-0.163824,0.076274,-0.042774,0.352345,0.019201,0.558252,0.310399,-0.085238,-0.211884,-0.213923,-0.084835,-0.506146,0.22432,-0.060412,0.603799,0.362184,0.137023,0.0,-0.060412,0.310399,0.469741,0.33353,-0.506146,0.394156,-0.411332,0.0,0.373317,0.291674,-0.290476,0.433867,-0.176681,-0.08591,-0.120991,0.60347,0.0,0.023046,0.210951,-0.270341,-0.255878,-0.084835,0.487758,-0.429653,-0.341522,0.0,-0.147575,0.248878,0.245989,0.624272,-0.598744,0.0,0.0,0.291674,-0.114249,0.019201,0.0,0.4169,-0.276842,-0.362261,-0.111999,-0.341522,0.279103,0.12193,-0.281258,0.248878,0.255589,-0.6201,0.248878,0.248878,-0.115693,0.0,-0.29985,0.113574,0.390148,0.291674,0.555651,0.0,0.313156,0.075117,0.373317,-0.590354,0.310399,-0.629289,-0.140747,0.373317,0.547984,0.061031,0.270113,-0.08591,0.356319,-0.218902,0.0,0.517467,-0.457555,-0.249832,-0.046506,-0.261148,0.76206,-0.294339,-0.267775,0.618563,-0.417777,-0.105363,-0.482886,0.220767,-0.005492,0.236051,-0.294339,-0.576671,-0.601818,0.35136,0.246119,-0.459585,0.390148,-0.005446,#
3,-0.407997,-0.408152,0.373318,1.0,0.427349,-0.499704,0.0,0.0,-0.085736,0.10905,-0.374308,0.190731,-0.249944,0.019219,-0.327246,-0.098682,0.407584,0.427315,-0.029997,0.666667,-0.135337,-0.488102,0.015255,0.190181,-0.166667,0.381262,-0.700877,-0.300589,0.285727,-0.327327,0.612372,-0.243255,-0.166667,0.666667,-0.446984,0.239032,0.121699,0.390902,0.231976,0.003873,0.023555,-0.152511,-0.493288,-0.414308,0.028677,-0.043082,-0.196958,0.190181,0.301369,0.335825,0.26149,-0.181994,0.0,0.097236,-0.683243,-0.384584,0.373318,0.300122,0.246934,-0.350314,-0.749999,-0.213241,-0.443639,0.358326,0.23862,-0.085736,0.0,-0.200132,0.198068,0.350475,-0.070117,-0.230572,-0.166667,0.218218,0.109195,-0.493915,0.0,0.544016,-0.166667,0.02929,0.392657,0.522323,0.109195,0.417559,0.510978,0.544016,0.01716,0.116563,0.228395,0.375,-0.209192,0.612372,0.375,-0.32716,-0.499748,-0.25,-0.092351,-0.166667,0.510978,0.218218,0.212,-0.32716,-0.166667,0.0,-0.327327,0.375,-0.407464,-0.092351,-0.166667,-0.076598,-0.060301,0.0,1.0,0.392657,-0.249873,0.763763,0.392657,-0.082019,0.448764,0.029171,0.0,0.109195,0.267208,0.011355,-0.070117,0.427125,0.238697,-0.27792,0.382786,0.0,0.237718,0.666667,0.510978,0.421988,0.035543,0.0,0.0,0.392657,0.102396,0.344552,0.0,0.272054,-0.25,-0.02175,0.531959,0.382786,0.292589,-0.407955,0.292589,-0.166667,0.28341,0.02315,-0.166667,0.666667,0.568695,0.0,-0.368902,0.461397,0.426557,0.392657,0.640228,0.0,0.417559,0.109195,0.375,0.032369,0.375,-0.079752,0.429605,1.0,0.375726,-0.281354,-0.249873,0.445245,-0.594179,0.522323,0.0,-0.181256,-0.761507,-0.081764,-0.065995,-0.323769,0.303225,-0.33752,-0.425343,0.391066,-0.186785,-0.071632,-0.372059,-0.473581,0.763763,-0.33752,-0.33752,-0.439233,-0.035408,-0.249814,0.310021,-0.081244,0.426557,0.296983,#
4,0.218162,-0.190037,-0.028023,0.427349,1.0,-0.438249,-0.030744,0.0,-0.2562,0.008123,0.064872,0.392837,-0.611483,-0.406299,0.043487,-0.304566,0.57624,-0.225432,0.049513,0.297968,-0.075649,-0.728643,-0.008134,0.480185,0.271831,0.024064,-0.320211,0.030261,-0.12995,-0.35591,0.281704,-0.233874,-0.407746,0.297968,0.456141,0.534804,0.246838,-0.020036,-0.344568,0.358087,0.302904,-0.116965,-0.293448,-0.672897,0.28153,0.268452,-0.565317,-0.049604,0.526058,-0.072432,0.118551,-0.54348,0.0,-0.244367,-0.32632,-0.444633,-0.06223,-0.424497,0.169025,-0.44387,-0.407748,0.408595,0.218733,0.478654,-0.080457,-0.2562,0.0,-0.539312,-0.320039,-0.032331,0.509122,-0.281388,0.271831,-0.338799,0.244611,-0.278851,0.0,0.429664,0.271831,-0.036748,0.408658,0.438237,-0.576469,-0.205601,-0.382531,0.374299,-0.025297,-0.181887,0.551986,-0.082333,-0.535906,0.281704,0.427349,-0.80039,-0.420397,-0.611619,-0.672195,0.245693,-0.382531,0.106089,-0.240486,-0.329914,-0.407746,0.0,-0.338799,0.427349,-0.161512,-0.248565,0.245693,-0.279799,0.147735,0.0,0.427349,-0.067177,-0.611307,0.568087,0.408658,-0.269564,0.408675,-0.00732,0.0,-0.138439,-0.386188,0.00552,0.509122,-0.248565,0.071715,-0.020799,0.341448,0.0,0.354908,0.297968,0.419692,0.449839,0.347081,0.0,0.0,-0.067177,-0.400855,-0.066964,0.0,-0.391095,-0.12154,-0.08846,-0.025297,0.341448,0.080131,-0.603343,0.080131,-0.407746,-0.410013,0.374299,0.271831,0.297968,0.798584,0.0,-0.361261,0.25408,0.182967,-0.067177,0.697351,0.0,-0.205601,-0.560245,-0.082333,0.382756,0.446952,0.593729,-0.055317,0.427349,0.372526,0.105108,-0.611307,0.176953,-0.252744,0.00552,0.0,-0.07172,-0.1201,-0.416595,-0.265989,0.113192,0.236037,-0.460377,0.019431,-0.104817,-0.577515,0.160829,0.140036,-0.817366,0.106089,0.097343,-0.460377,-0.355895,-0.205459,-0.119423,0.629234,0.194252,0.182967,0.550012,#
5,-0.01508,0.388719,0.226373,-0.499704,-0.438249,1.0,0.231087,0.0,0.803527,0.301108,0.500259,0.319652,0.029004,0.169622,-0.240324,0.41938,-0.437494,-0.023084,0.216775,-0.333136,0.003716,0.091275,0.588133,-0.61022,0.333136,-0.526865,0.471303,0.18785,-0.120815,0.654267,-0.816014,0.357224,-0.333136,-0.333136,0.144816,0.185052,0.064155,-0.524071,0.206999,0.210194,0.105027,0.477309,0.554501,0.258891,-0.361557,0.581814,0.219071,0.225465,0.254381,-0.198252,0.019737,-0.186767,0.0,-0.308355,0.350492,0.764971,-0.67912,0.461454,-0.562065,0.500259,0.40745,-0.058122,0.034106,0.158491,-0.227013,0.398468,0.0,0.642993,0.334011,-0.23964,0.31588,0.29006,0.333136,-0.218089,-0.81561,0.372805,0.0,-0.267843,0.333136,-0.259405,-0.49945,-0.612799,0.004418,0.004397,-0.213249,-0.244707,-0.253289,0.01613,-0.653934,0.019219,-0.204338,-0.408007,-0.499704,0.209752,-0.175262,0.019219,0.015974,0.30751,-0.213249,-0.654267,0.252619,0.209752,0.333136,0.0,-0.218089,-0.499704,0.405862,0.015974,0.30751,0.368721,0.024724,0.0,-0.499704,-0.01427,-0.01427,-0.654267,-0.49945,-0.060352,-0.494895,0.167743,0.0,-0.425036,-0.486529,-0.612799,-0.208071,-0.399361,0.200889,0.274382,-0.648055,0.0,-0.459073,-0.333136,-0.579313,-0.144279,-0.27416,0.0,0.0,-0.01427,0.433941,-0.647071,0.0,-0.192416,-0.0,-0.296524,-0.253289,-0.648055,-0.039501,0.416751,-0.572761,0.333136,-0.05338,-0.661154,0.333136,-0.333136,-0.27416,0.0,-0.064283,-0.024246,-0.437827,-0.01427,-0.442078,0.0,-0.407198,-0.011488,0.0,-0.259798,-0.499704,-0.40553,-0.497143,-0.499704,0.16796,0.236383,0.519208,-0.481913,0.788349,-0.612799,0.0,0.184365,0.156851,-0.231877,0.35515,-0.077707,0.033907,0.445542,0.001422,-0.250353,0.173419,-0.085357,0.070316,0.578589,-0.654267,0.445542,0.445542,0.191348,-0.142639,0.519201,-0.063975,-0.786973,-0.437827,-0.277162,#
6,0.0,0.007921,0.293447,0.0,-0.030744,0.231087,1.0,0.0,0.023968,0.209588,0.500259,0.319652,0.029004,-0.599291,-0.240324,0.41938,-0.438086,-0.007695,0.216775,-0.333136,0.370841,-0.330618,0.221649,0.231622,0.333136,-0.620948,-0.152557,0.169959,-0.120815,0.218089,-0.408007,-0.020609,-0.333136,-0.333136,-0.17427,-0.217935,0.504328,-0.179577,0.223559,0.612718,-0.329568,0.023449,0.223075,-0.017151,-0.361557,0.300291,-0.216494,0.143898,0.229794,0.200165,0.476618,-0.301301,0.0,0.032704,0.349537,0.064371,-0.192837,0.021974,-0.580676,0.001476,0.015376,-0.019374,-0.074035,0.007547,0.236186,0.023968,0.0,-0.191039,0.334011,0.205406,0.175728,-0.612349,0.333136,-0.218089,-0.02651,0.365901,0.0,-0.578399,0.333136,-0.612483,-0.032931,-0.219106,0.027393,0.027264,-0.190802,0.216232,-0.171498,0.420275,-0.250564,0.019219,0.222313,0.0,0.0,-0.209752,0.191665,0.019219,0.000887,-0.333136,-0.190802,-0.218089,-0.290647,-0.209752,-0.333136,0.0,-0.218089,0.0,0.00454,0.416223,-0.333136,0.075194,-0.361592,0.0,0.0,-0.49945,-0.49945,-0.218089,-0.032931,-0.374721,-0.078517,0.191066,0.0,-0.402061,0.001081,-0.219106,-0.348222,0.000887,0.652888,0.176924,-0.291043,0.0,-0.34796,-0.333136,0.191665,-0.122082,0.19765,0.0,0.0,-0.49945,0.311926,-0.220421,0.0,0.436423,-0.019219,-0.441442,-0.171498,-0.291043,0.04389,0.416751,-0.489371,0.333136,-0.433579,-0.200215,0.333136,-0.333136,0.19765,0.0,-0.52309,0.011674,-0.023044,-0.49945,-0.023267,0.0,-0.384332,-0.402061,0.0,-0.209033,-0.499704,0.004379,0.045195,0.0,-0.205404,-0.227113,0.034028,-0.796282,0.003079,-0.219106,0.0,0.640989,-0.246322,-0.416261,-0.421107,-0.015784,0.45916,0.510094,-0.110893,0.005466,0.229753,-0.835211,-0.107261,0.194831,-0.218089,0.510094,0.510094,0.248752,-0.002178,0.519201,-0.0,-0.378593,-0.023044,-0.648834,#
7,0.0,0.0,0.0,0.0,0.0,0.0,0.0,0.0,0.0,0.0,0.0,0.0,0.0,0.0,0.0,0.0,0.0,0.0,0.0,0.0,0.0,0.0,0.0,0.0,0.0,0.0,0.0,0.0,0.0,0.0,0.0,0.0,0.0,0.0,0.0,0.0,0.0,0.0,0.0,0.0,0.0,0.0,0.0,0.0,0.0,0.0,0.0,0.0,0.0,0.0,0.0,0.0,0.0,0.0,0.0,0.0,0.0,0.0,0.0,0.0,0.0,0.0,0.0,0.0,0.0,0.0,0.0,0.0,0.0,0.0,0.0,0.0,0.0,0.0,0.0,0.0,0.0,0.0,0.0,0.0,0.0,0.0,0.0,0.0,0.0,0.0,0.0,0.0,0.0,0.0,0.0,0.0,0.0,0.0,0.0,0.0,0.0,0.0,0.0,0.0,0.0,0.0,0.0,0.0,0.0,0.0,0.0,0.0,0.0,0.0,0.0,0.0,0.0,0.0,0.0,0.0,0.0,0.0,0.0,0.0,0.0,0.0,0.0,0.0,0.0,0.0,0.0,0.0,0.0,0.0,0.0,0.0,0.0,0.0,0.0,0.0,0.0,0.0,0.0,0.0,0.0,0.0,0.0,0.0,0.0,0.0,0.0,0.0,0.0,0.0,0.0,0.0,0.0,0.0,0.0,0.0,0.0,0.0,0.0,0.0,0.0,0.0,0.0,0.0,0.0,0.0,0.0,0.0,0.0,0.0,0.0,0.0,0.0,0.0,0.0,0.0,0.0,0.0,0.0,0.0,0.0,0.0,0.0,0.0,0.0,0.0,0.0,0.0,0.0,0.0,0.0,0.0,0.0,0.0,0.0,0.0,0.0,0.0,0.0,0.0,#
8,-0.187009,0.222315,0.386632,-0.085736,-0.2562,0.803527,0.023968,0.0,1.0,0.169496,0.087074,0.417734,-0.075793,0.398468,-0.381385,0.167675,-0.263914,0.156447,0.404424,0.293582,-0.246457,-0.112897,0.819389,-0.549156,0.267601,-0.383598,0.182839,0.247586,0.148095,0.525558,-0.569573,-0.022288,-0.407897,0.293582,-0.074904,0.526496,0.104069,-0.376834,0.072129,0.002837,0.294844,0.606087,0.35456,-0.034859,-0.173447,0.556627,0.377316,0.2981,0.462403,-0.050928,0.140073,-0.025467,0.0,-0.079862,-0.272077,0.613696,-0.531399,0.624235,-0.476106,0.632411,-0.007794,-0.148677,-0.368468,0.321829,0.121355,0.589332,0.0,0.804568,0.435446,-0.095448,0.275986,0.461698,0.267601,0.100349,-0.998644,0.075591,0.0,-0.042582,0.267601,-0.028765,-0.070669,-0.401445,-0.167262,0.180203,-0.001138,-0.019126,-0.466246,-0.155356,-0.333034,0.440373,-0.528278,-0.155917,-0.611845,0.074959,-0.388026,-0.085736,0.195967,0.24162,-0.001138,-0.801094,0.382523,0.074959,0.267601,0.0,-0.358876,-0.611845,0.239985,-0.241315,0.24162,0.118394,0.140686,0.0,-0.085736,0.421229,-0.119636,-0.341868,-0.070669,-0.317626,-0.01978,-0.038651,0.0,-0.602663,-0.380801,-0.831565,-0.255219,-0.225119,0.066193,-0.033747,-0.495919,0.0,-0.365377,0.293582,-0.37227,-0.003722,-0.487393,0.0,0.0,0.421229,0.40224,-0.511014,0.0,-0.080577,-0.105222,-0.325042,-0.032902,-0.495919,0.083099,0.250818,-0.457545,0.267601,0.065164,-0.879792,0.267601,0.293582,-0.0386,0.0,0.038337,0.243359,-0.264357,0.421229,-0.178735,0.0,-0.237091,0.252013,0.420887,-0.031789,-0.085736,-0.660496,-0.608709,-0.085736,0.328424,0.311553,0.421229,-0.301188,0.549182,-0.401445,0.0,-0.124105,-0.161486,-0.116553,0.554504,0.050839,0.162,0.032467,0.133761,-0.089225,-0.144688,0.109429,-0.329986,0.387275,-0.341868,0.032467,0.032467,0.086157,-0.397965,0.421246,0.065623,-0.700547,-0.264357,0.105617,#
9,-0.080856,-0.076559,-0.053442,0.10905,0.008123,0.301108,0.209588,0.0,0.169496,1.0,0.323757,0.207415,0.302307,-0.208191,0.066833,0.536275,-0.006919,-0.430935,-0.183529,-0.215072,-0.023104,-0.241443,0.293822,-0.620996,-0.215072,-0.322861,0.131529,-0.522707,-0.066214,-0.422392,-0.174369,0.457095,-0.215072,-0.215072,-0.189463,0.054267,0.297656,-0.320836,-0.036063,0.656075,-0.002997,0.202886,-0.128004,-0.240673,0.003127,0.118627,0.047069,0.366849,0.26258,-0.062845,-0.231581,-0.452932,0.0,-0.525653,0.193043,0.580511,-0.588624,0.30027,-0.245874,-0.107105,0.072698,0.251566,-0.290766,0.432507,-0.095955,0.169496,0.0,0.041451,0.21669,-0.09405,0.079649,-0.221344,-0.215072,-0.422392,-0.169321,-0.331332,0.0,0.111918,-0.215072,-0.243286,-0.322443,-0.291814,0.338328,0.071005,-0.295859,0.111918,0.103233,0.350619,-0.422178,0.290801,-0.058597,-0.174369,0.10905,-0.422178,-0.148899,0.290801,-0.279679,0.542223,-0.295859,-0.04561,0.166004,-0.422178,-0.215072,0.0,-0.422392,0.10905,-0.004186,0.079099,0.542223,0.478372,-0.053459,0.0,0.10905,-0.322443,-0.322443,-0.04561,-0.322443,-0.022786,-0.319502,0.238049,0.0,-0.169321,-0.230302,-0.291814,-0.539702,0.079099,-0.031053,-0.104746,0.433561,0.0,-0.662771,-0.215072,0.200131,-0.292557,0.129847,0.0,0.0,-0.322443,0.287998,-0.058597,0.0,-0.390623,-0.322607,0.147849,0.103233,0.433561,0.280288,-0.017468,-0.350068,-0.215072,0.269139,0.111918,-0.215072,-0.215072,0.129847,0.0,-0.144526,-0.08715,-0.43017,-0.322443,-0.163964,0.0,0.071005,-0.526555,-0.322607,-0.214735,-0.322607,0.133146,0.147532,0.10905,0.387473,0.045109,0.30817,-0.022786,0.149369,-0.291814,0.0,-0.08692,-0.525676,-0.011393,-0.346647,-0.14941,-0.154813,0.299092,-0.234608,-0.076892,0.400067,-0.378857,0.481384,-0.169123,-0.04561,0.299092,0.299092,0.201573,0.064999,0.311721,0.285884,-0.508067,-0.43017,0.020461,#
10,-0.140216,-0.12581,0.232853,-0.374308,0.064872,0.500259,0.500259,0.0,0.087074,0.323757,1.0,0.639479,-0.338016,-0.536413,-0.273414,0.593276,0.075137,-0.426527,0.068089,-0.665437,0.199105,-0.047099,-0.013763,-0.163892,0.166359,-0.33448,0.129835,0.317716,-0.230353,0.326723,-0.591652,0.287594,-0.665437,-0.665437,0.510512,-0.258715,-0.125924,-0.388351,0.326649,0.481561,-0.468413,-0.295394,0.533754,0.08014,-0.502022,0.715605,-0.365679,-0.34546,0.323716,0.225858,0.382386,-0.362667,0.0,-0.542678,0.687944,0.379203,-0.374239,-0.291338,-0.270642,-0.294215,0.278336,0.189591,0.445936,0.282099,-0.389904,-0.418615,0.0,-0.339661,-0.22591,-0.308672,0.728143,-0.373385,0.166359,-0.762354,-0.107891,0.52748,0.0,-0.019774,0.166359,-0.591474,-0.415229,-0.010244,-0.089137,0.136588,-0.510035,-0.058656,-0.013834,0.408337,-0.226789,-0.350314,0.231246,-0.082283,0.273533,-0.227974,0.014874,-0.350314,-0.42523,0.134367,-0.510035,-0.196872,-0.170912,0.347885,0.166359,0.0,-0.196872,0.273533,0.44752,0.631751,0.134367,0.630654,-0.560999,0.0,-0.374308,-0.391933,-0.391933,-0.196872,-0.415229,0.085241,-0.468729,0.5353,0.0,-0.089137,-0.241069,-0.010244,0.074026,-0.42523,0.326035,0.256817,-0.377235,0.0,-0.262833,-0.665437,0.014874,0.096776,-0.071865,0.0,0.0,-0.391933,-0.128004,-0.321477,0.0,-0.252404,0.225545,0.050936,-0.547447,-0.377235,0.354514,-0.090519,-0.311226,0.166359,-0.254327,-0.03866,0.166359,-0.665437,-0.071865,0.0,-0.237613,-0.476241,-0.405854,-0.391933,-0.09608,0.0,-0.377262,-0.625282,-0.374308,-0.585303,-0.350314,0.135372,-0.315967,-0.374308,0.204612,-0.152183,0.274079,-0.44105,0.616151,-0.539886,0.0,0.760354,0.168513,-0.274137,-0.477584,-0.304376,0.452235,0.314775,-0.310254,-0.34121,0.167134,-0.461311,0.363934,-0.017444,-0.762354,0.997419,0.314775,-0.165814,-0.004078,0.274157,0.345155,-0.479125,-0.405854,-0.295109,#
11,-0.465908,-0.446929,0.564826,0.190731,0.392837,0.319652,0.319652,0.0,0.417734,0.207415,0.639479,1.0,-0.619438,-0.341158,-0.586929,0.365896,0.392606,-0.271674,0.39144,0.148347,-0.14443,-0.397546,0.345752,-0.103729,0.105962,-0.197507,-0.309234,0.514135,0.136239,0.208104,-0.363373,-0.246184,-0.99604,0.148347,0.314629,0.210091,-0.103163,-0.262465,0.208057,0.294966,-0.313283,-0.192048,0.368435,-0.378897,-0.350054,0.893834,-0.231258,-0.344279,0.762495,0.544049,0.702471,-0.213115,0.0,-0.339236,-0.11215,0.238317,-0.239478,-0.130841,-0.20563,-0.185497,-0.317885,0.104761,-0.06673,0.636627,0.056891,-0.252226,0.0,-0.20093,-0.141362,-0.168295,0.89246,-0.221219,0.105962,-0.485578,-0.423116,0.205534,0.0,0.347341,0.105962,-0.401489,0.160677,0.345071,-0.39827,0.467666,-0.324865,0.295829,-0.360023,0.260858,0.237825,0.22252,-0.217491,0.311463,0.190731,-0.526669,-0.323436,-0.63577,-0.270086,0.063577,-0.324865,-0.485578,-0.020216,0.236255,0.105962,0.0,-0.485578,0.190731,0.313117,0.416871,0.063577,0.418809,-0.554616,0.0,0.190731,0.191542,-0.690821,0.263599,0.160677,-0.305421,0.165284,0.36869,0.0,-0.39827,-0.135906,-0.356622,0.025856,-0.270086,0.207666,-0.168634,-0.236945,0.0,-0.184988,0.148346,0.37056,0.360776,-0.436884,0.0,0.0,0.191542,-0.231106,-0.189327,0.0,-0.147595,0.127154,0.027658,-0.360023,-0.236945,0.670576,-0.400039,-0.211427,0.105962,-0.142345,-0.392967,0.105962,0.148346,0.295273,0.0,-0.145934,-0.193829,-0.244806,0.191542,0.312309,0.0,-0.213104,-0.39827,0.190731,-0.397596,0.22252,-0.227442,-0.589386,0.190731,0.529064,-0.084327,0.191542,-0.278603,0.408322,-0.356622,0.0,0.499953,-0.299621,-0.169811,-0.315524,-0.191786,0.807345,-0.266924,-0.195173,-0.183532,-0.301448,-0.291465,-0.172481,-0.348287,-0.485578,0.637475,-0.266924,-0.395606,-0.418717,0.191685,0.670147,-0.475996,-0.244806,0.239749,#
12,0.092356,0.09725,-0.20359,-0.249944,-0.611483,0.029004,0.029004,0.0,-0.075793,0.302307,-0.338016,-0.619438,1.0,-0.009426,0.221906,-0.068876,-0.61124,-0.102176,-0.021149,-0.16663,0.275446,0.475883,0.024963,-0.293705,-0.16663,-0.073874,0.416705,-0.292291,0.292401,-0.327254,0.092413,0.351925,0.650799,-0.16663,-0.526686,-0.327024,0.092702,-0.070052,-0.327179,0.033093,0.015551,0.290199,0.034641,0.431951,0.020556,-0.712861,0.348137,0.336944,-0.516633,-0.19255,-0.344391,0.346183,0.0,0.367191,0.187469,0.136186,-0.20359,0.301403,-0.37009,0.273925,0.499889,-0.261646,-0.479771,-0.267226,0.168235,0.421161,0.0,0.342209,0.198626,0.308396,-0.724163,0.184654,-0.16663,0.207878,0.099414,-0.040656,0.0,-0.497607,-0.16663,0.019338,-0.249817,-0.499502,0.626297,-0.087507,-0.003919,-0.497607,0.007445,0.126432,-0.327088,0.386706,0.344475,-0.408158,-0.249944,0.217864,0.510864,0.999778,0.42703,-0.16663,-0.003919,0.207878,0.213618,-0.327088,-0.16663,0.0,0.207878,-0.249944,0.134009,-0.082532,-0.16663,-0.066578,0.196282,0.0,-0.249944,-0.249817,0.380449,-0.327254,-0.249817,-0.091947,-0.247539,0.039069,0.0,0.099414,0.267149,0.001713,-0.747971,0.42703,-0.326565,-0.310509,0.339852,0.0,-0.634073,-0.16663,0.015147,-0.49406,0.025478,0.0,0.0,-0.249817,0.229132,0.344475,0.0,0.271993,-0.249944,-0.057988,0.007445,0.339852,-0.337486,0.629079,-0.361717,-0.16663,0.283347,0.013319,-0.16663,-0.16663,-0.497497,0.0,0.24588,-0.160081,-0.101994,-0.249817,-0.407327,0.0,0.417466,0.099414,-0.249944,0.022593,-0.249944,-0.173223,0.305817,-0.249944,-0.205803,0.170784,0.40469,-0.091947,-0.084,0.001713,0.0,-0.206202,-0.197585,0.281569,-0.07594,0.267687,-0.464703,0.279056,0.267219,0.390979,0.351261,-0.08175,0.209237,0.51766,0.207878,-0.36695,0.279056,0.511635,-0.046088,0.408356,-0.371819,0.158089,-0.101994,-0.324537,#
13,-0.030763,0.388719,-0.20896,0.019219,-0.406299,0.169622,-0.599291,0.0,0.398468,-0.208191,-0.536413,-0.341158,-0.009426,1.0,0.207221,-0.023063,-0.006503,0.423807,-0.202938,0.358762,-0.492721,0.219736,0.191744,-0.376289,-0.333136,0.16356,0.049987,-0.296684,-0.120815,0.218089,0.015693,-0.158003,0.333136,0.358762,-0.301904,0.219225,-0.098014,0.175179,0.206999,-0.626413,0.325222,0.339638,-0.306569,0.010617,0.339511,-0.135793,0.654635,0.225465,-0.231685,-0.198252,-0.474424,0.305205,0.0,-0.011213,-0.396333,0.340569,0.243786,0.461454,0.443697,0.500259,-0.215256,-0.038003,-0.117291,-0.351699,0.137584,0.398468,0.0,0.642993,0.334011,-0.188922,-0.384878,0.54789,-0.333136,0.671043,-0.402061,-0.358999,0.0,0.164621,-0.333136,0.599873,0.034028,-0.188554,-0.011488,0.004397,0.610394,0.187757,0.158306,-0.419379,-0.192669,0.019219,-0.221366,0.015693,-0.499704,0.653934,-0.190802,0.0,0.43131,0.30751,0.610394,-0.218089,0.252619,0.209752,0.333136,0.0,0.218089,-0.499704,-0.413125,-0.415336,0.30751,-0.07157,0.356441,0.0,0.019219,0.519208,0.49945,-0.201313,0.034028,0.36121,0.083276,-0.594727,0.0,-0.011488,0.019461,-0.204266,0.119668,0.015974,-0.200889,0.137941,-0.159103,0.0,0.327492,0.358762,-0.579313,-0.264654,-0.226797,0.0,0.0,0.519208,0.353254,-0.204338,0.0,-0.119912,-0.0,0.22518,0.585732,-0.159103,-0.039501,0.013821,0.47401,0.333136,0.456456,-0.244707,-0.333136,0.358762,-0.210402,0.0,0.427295,0.344833,0.038997,0.519208,-0.379435,0.0,0.004397,0.831515,0.518924,0.196093,0.019219,-0.382757,-0.045195,0.019219,-0.220381,0.095789,-0.01427,0.377423,-0.027715,0.219979,0.0,-0.667786,0.18557,0.421849,0.819889,-0.013356,-0.478939,-0.034175,0.076772,-0.193504,0.18557,0.408428,-0.381374,0.205655,0.234865,-0.560724,-0.034175,0.180092,0.310322,-0.499333,-0.519323,-0.077833,0.038997,0.238933,#
14,0.7842,0.353674,-0.993805,-0.327246,0.043487,-0.240324,-0.240324,0.0,-0.381385,0.066833,-0.273414,-0.586929,0.221906,0.207221,1.0,0.04895,0.044107,-0.335768,-0.652796,-0.218164,-0.388606,-0.126935,-0.243428,-0.04241,-0.218164,-0.261369,0.102826,-0.463608,-0.708658,-0.428466,-0.077346,-0.083281,0.528186,-0.218164,0.135276,0.023257,0.420812,0.234166,-0.428367,0.179827,0.342403,0.125746,-0.645706,-0.330077,0.847561,-0.465742,0.391775,0.114473,-0.213557,-0.552272,-0.79512,-0.109929,0.0,-0.03496,0.135865,0.041588,-0.01705,-0.316056,0.37577,0.285316,0.008611,0.742562,0.300794,-0.345948,0.050346,0.072357,0.0,-0.064487,0.162427,-0.499955,-0.340561,-0.200729,-0.218164,0.060135,0.349815,-0.54599,0.0,-0.277706,-0.218164,0.627576,0.19551,-0.2384,-0.070874,-0.801148,-0.201548,0.14593,0.179106,-0.107408,0.023602,-0.327246,-0.05235,-0.53439,-0.327246,0.069319,0.209479,0.232517,0.086887,0.499481,-0.201548,0.060135,-0.598824,-0.428248,-0.218164,0.0,0.060135,-0.327246,-0.533364,-0.378367,0.499481,-0.439219,0.455364,0.0,-0.327246,-0.327079,0.248383,-0.428466,0.19551,0.053075,0.142325,-0.649123,0.0,-0.070874,-0.22551,0.219234,0.224625,0.086887,-0.427563,0.430639,0.356161,0.0,0.147396,-0.218164,-0.243135,-0.64686,0.642382,0.0,0.0,-0.327079,0.164898,-0.05235,0.0,-0.38579,0.210988,0.298697,0.179106,0.356161,-0.315146,-0.06955,0.260082,-0.218164,-0.269692,0.612429,-0.218164,-0.218164,0.164881,0.0,0.251327,-0.027764,-0.335173,-0.327079,-0.533303,0.0,-0.340084,-0.070874,-0.327246,0.63668,-0.327246,0.637351,0.180698,-0.327246,-0.575946,-0.035998,-0.327079,0.053075,-0.404064,0.219234,0.0,-0.547046,0.415003,0.212178,0.06479,0.301127,-0.775792,0.313916,0.29208,-0.590275,0.415003,0.069707,0.440828,-0.216484,0.060135,-0.275918,0.313916,0.624123,0.603758,-0.327003,-0.284125,0.445838,-0.335173,-0.008565,#
15,-0.208744,-0.184885,-0.067222,-0.098682,-0.304566,0.41938,0.41938,0.0,0.167675,0.536275,0.593276,0.365896,-0.068876,-0.023063,0.04895,1.0,0.114441,-0.249516,-0.405252,-0.407888,-0.349911,-0.098938,-0.000301,-0.566186,-0.407888,-0.367135,-0.260658,-0.136258,-0.434225,0.094751,-0.580132,0.02665,-0.407888,-0.407888,-0.074356,-0.386682,0.096991,0.091451,0.54254,0.400819,-0.533687,-0.249736,-0.067741,-0.165636,-0.076974,0.417774,0.337447,-0.182144,0.278219,0.346948,0.095336,-0.155038,0.0,-0.370866,0.38346,0.633746,-0.101662,0.056413,0.046634,0.081074,-0.189472,0.35429,0.036305,0.120129,0.040031,-0.248282,0.0,-0.08591,0.383351,-0.53026,0.27622,-0.554358,-0.407888,-0.353162,-0.188291,-0.092164,0.0,-0.043862,-0.407888,-0.069833,-0.132449,-0.025996,0.268144,0.185595,-0.00133,0.368256,-0.033868,0.677281,-0.386446,-0.078946,0.356527,-0.161148,-0.098682,0.086256,-0.000443,-0.078946,0.16222,0.249996,-0.00133,-0.353162,-0.319388,0.086256,0.276311,0.0,-0.353162,-0.098682,-0.131934,0.58873,0.249996,0.574474,-0.570733,0.0,-0.098682,-0.113286,-0.113286,-0.353162,-0.132449,0.130426,-0.178362,0.072311,0.0,-0.172865,0.097703,-0.025996,-0.261828,0.16222,0.128934,0.331034,-0.16438,0.0,-0.337054,-0.407888,-0.000443,-0.411606,-0.031801,0.0,0.0,-0.113286,0.411261,-0.098118,0.0,-0.051546,0.39473,0.409819,-0.033868,-0.16438,0.574087,-0.130463,0.026479,0.276311,0.077191,-0.059396,-0.407888,-0.407888,-0.031801,0.0,-0.001294,-0.401602,-0.643465,-0.113286,-0.567005,0.0,-0.237074,-0.172865,-0.098682,-0.473778,-0.611832,-0.084547,-0.051766,-0.098682,-0.11755,-0.562433,0.434545,-0.302477,0.137562,-0.025996,0.0,0.339024,-0.156533,0.210144,-0.302185,-0.475671,0.155962,0.585559,-0.480328,-0.54954,0.774727,-0.720077,0.156042,-0.012126,-0.353162,0.585559,0.585559,0.204009,0.500369,-0.060526,0.057967,-0.544192,-0.643465,-0.412752,#
16,-0.212753,-0.617215,-0.099288,0.407584,0.57624,-0.437494,-0.438086,0.0,-0.263914,-0.006919,0.075137,0.392606,-0.61124,-0.006503,0.044107,0.114441,1.0,-0.233939,-0.378153,0.28454,-0.566256,-0.281962,-0.427547,-0.025633,-0.407584,0.488233,-0.591853,0.030722,-0.130737,-0.347378,0.27314,-0.318094,-0.407584,0.28454,0.405862,0.0734,-0.35974,0.450407,0.094231,-0.059624,-0.192371,-0.634022,-0.380052,-0.529961,0.275226,0.239759,-0.121044,-0.582938,0.419155,0.37457,0.127237,-0.080199,0.0,-0.210404,-0.311437,-0.231438,0.336832,-0.443139,0.682443,-0.443736,-0.599838,0.388651,0.209445,0.472003,-0.145886,-0.684689,0.0,-0.547459,-0.332744,-0.478484,0.486915,-0.283384,-0.407584,-0.347378,0.252011,-0.44475,0.0,0.823018,-0.407584,0.369862,0.407925,0.838114,-0.178467,0.189765,-0.001814,0.359258,-0.031935,0.229479,0.55949,-0.092283,-0.093307,0.27314,0.42681,-0.36429,-0.405133,-0.611376,-0.264907,0.233271,-0.001814,0.105724,-0.251885,0.114215,0.28454,0.0,-0.330596,0.42681,-0.121798,0.166543,0.233271,0.129865,-0.302043,0.0,0.407584,0.426592,-0.10706,0.558825,0.407925,0.137322,0.406041,0.071337,0.0,0.267038,0.109451,0.41373,0.486915,0.150564,-0.346646,-0.038096,0.330538,0.0,0.394142,0.28454,0.418778,0.359448,-0.046103,0.0,0.0,0.426592,-0.414002,0.366604,0.0,-0.348694,0.407584,0.627587,-0.047771,0.330538,0.575033,-0.997656,0.575033,-0.407584,0.071924,0.37528,-0.407584,0.28454,0.396705,0.0,0.117261,-0.2685,-0.201608,0.426592,0.308839,0.0,0.189765,-0.162556,-0.092283,-0.047296,0.446035,0.267579,-0.065728,0.407584,0.363426,-0.413727,-0.10706,0.57524,-0.244488,0.398012,0.0,-0.055113,-0.102096,0.219238,-0.274062,-0.401902,0.242657,-0.459488,-0.391666,-0.313316,-0.137455,0.185642,0.144612,-0.809697,0.088942,0.10775,-0.459488,-0.566911,0.139963,-0.610922,0.628911,0.205987,-0.201608,0.540376,#
17,-0.150783,0.254025,0.375986,0.427315,-0.225432,-0.023084,-0.007695,0.0,0.156447,-0.430935,-0.426527,-0.271674,-0.102176,0.423807,-0.335768,-0.249516,-0.233939,1.0,-0.005601,0.284877,0.120054,0.019705,-0.001116,0.204767,0.259212,0.330078,-0.227165,-0.140951,0.122097,0.509083,0.273463,0.049995,0.284877,0.284877,-0.392576,0.10642,-0.004105,0.345969,0.526189,-0.401402,0.196226,0.125833,-0.095812,0.34132,-0.267603,-0.125937,-0.071499,0.350424,-0.171327,-0.09104,0.087854,-0.013165,0.0,0.342417,-0.292677,-0.31792,0.393425,0.619281,0.042797,0.112174,-0.215581,-0.619862,-0.061067,-0.20393,-0.077163,0.17205,0.0,0.352672,0.433296,0.379368,-0.388158,0.200443,0.259212,0.542686,-0.138854,0.052549,0.0,0.041529,0.259212,0.056379,-0.077504,0.012939,0.252309,0.159162,0.823936,0.0647,0.049942,-0.166031,-0.339058,-0.092392,-0.08489,0.257747,-0.092392,0.525934,-0.398695,-0.092392,0.17474,-0.408067,0.823936,0.105849,0.376236,0.063971,0.259212,0.0,0.089047,-0.092392,-0.217423,-0.257222,-0.408067,-0.219299,0.241322,0.0,0.427315,0.408408,0.408408,0.105849,-0.077504,0.206047,-0.027165,-0.053453,0.0,0.252309,0.119325,0.012939,0.136584,0.190739,0.525421,0.243413,-0.426924,0.0,0.46782,0.284877,-0.383131,0.39664,0.0478,0.0,0.0,0.408408,0.484265,-0.067837,0.0,0.557175,-0.111641,-0.460195,0.478013,-0.426924,-0.360549,0.235202,0.173517,0.259212,0.154928,-0.352376,0.259212,0.284877,0.0478,0.0,-0.434252,0.635937,0.582816,0.408408,0.246468,0.0,0.175016,0.666482,0.408067,0.03539,-0.092392,-0.349651,0.425125,0.427315,-0.044357,-0.179025,-0.125876,0.222286,-0.251974,0.437825,0.0,-0.08953,-0.092261,-0.303714,0.612797,-0.371978,0.020799,0.139569,-0.363653,0.416607,-0.045799,0.191378,-0.498564,0.419223,0.559487,-0.408058,0.139569,-0.298164,0.148852,-0.128802,-0.371613,-0.236448,0.582816,-0.277899,#
18,-0.369047,0.03572,0.676126,-0.029997,0.049513,0.216775,0.216775,0.0,0.404424,-0.183529,0.068089,0.39144,-0.021149,-0.202938,-0.652796,-0.405252,-0.378153,-0.005601,1.0,0.292474,0.50754,0.105328,0.593565,0.285921,0.367467,-0.164634,0.314226,0.555845,0.693185,0.247109,-0.003062,-0.135664,-0.33247,0.292474,-0.112294,0.229953,-0.082748,-0.657728,-0.21665,-0.181633,0.013778,0.351753,0.679743,0.161805,-0.478288,0.287223,-0.231677,0.098259,0.044002,0.224361,0.529826,0.247956,0.0,0.061345,-0.207749,0.030156,-0.208431,0.08317,-0.555695,0.009789,0.232481,-0.483528,-0.379845,0.020909,0.312713,0.404424,0.0,0.216436,-0.318349,0.634198,0.202445,0.464352,0.367467,0.198015,-0.379535,0.580523,0.0,-0.164753,0.367467,-0.597909,-0.016597,-0.184272,-0.426082,0.400563,-0.208612,-0.180377,-0.143358,-0.420463,0.230627,0.43871,-0.193054,0.410252,0.026248,-0.202667,0.215855,-0.029997,-0.020604,-0.33247,-0.208612,-0.194742,0.453373,0.263958,-0.33247,0.0,0.247109,0.026248,0.42895,0.026145,-0.33247,0.06195,-0.087127,0.0,-0.029997,-0.016597,-0.49845,0.21438,-0.016597,-0.345502,0.028316,0.18857,0.0,-0.379535,0.001477,-0.567464,-0.270803,-0.441342,0.228374,-0.611076,-0.204856,0.0,-0.247442,0.292473,0.185536,0.235931,-0.594587,0.0,0.0,-0.016597,-0.383182,-0.226276,0.0,0.161858,-0.498705,-0.45063,-0.189686,-0.204856,0.044206,0.401661,-0.437451,0.342469,0.029756,-0.555367,0.367467,0.292473,-0.19476,0.0,0.077462,0.153036,0.413435,-0.016597,0.411164,0.0,-0.016386,-0.007155,0.476207,-0.172351,0.494955,-0.488036,-0.496149,-0.029997,0.243365,0.636154,-0.016597,-0.377135,0.46492,-0.613446,0.0,0.249065,-0.147403,-0.124951,0.027716,0.519603,0.494625,-0.50537,0.51619,0.490032,-0.678614,0.040648,-0.521882,0.207141,-0.243836,0.047784,-0.50537,-0.063134,-0.856631,0.49265,0.024963,-0.078643,0.413435,0.25369,#
19,-0.271998,-0.272101,0.248878,0.666667,0.297968,-0.333136,-0.333136,0.0,0.293582,-0.215072,-0.665437,0.148347,-0.16663,0.358762,-0.218164,-0.407888,0.28454,0.284877,0.292474,1.0,-0.396343,-0.325401,0.353401,0.110105,-0.111111,0.238485,-0.467252,0.0905,0.428593,-0.218218,0.408248,-0.608964,-0.111111,1.0,-0.351202,0.536774,0.061815,0.244711,-0.218168,-0.333053,0.298357,0.193509,-0.328858,-0.470965,0.305888,-0.052656,0.245848,0.110105,0.32392,0.237703,0.190175,0.259589,0.0,0.368687,-0.993808,-0.256389,0.248878,0.24772,0.148483,0.198352,-0.666665,-0.14216,-0.638407,0.255246,0.55678,0.293582,0.0,0.241826,0.153343,0.23365,-0.070117,0.265508,-0.111111,0.509175,-0.272031,-0.478947,0.0,0.362678,-0.111111,0.371012,0.690124,0.348215,-0.272031,0.278373,0.340652,0.362678,-0.331759,-0.271981,0.522634,0.666667,-0.508624,0.408248,-0.166667,-0.218107,-0.333165,-0.166667,0.28475,-0.111111,0.340652,-0.218218,0.200222,-0.218107,-0.111111,0.0,-0.218218,-0.166667,-0.271643,-0.407885,-0.111111,-0.404594,0.183136,0.0,0.666667,0.690124,-0.166582,0.509175,0.690124,-0.406188,0.763414,-0.330599,0.0,-0.272031,0.178139,-0.333075,-0.070117,0.28475,-0.217758,-0.49408,0.25519,0.0,0.158479,1.0,0.340652,0.225801,-0.331739,0.0,0.0,0.690124,-0.059731,0.229701,0.0,0.181369,-0.166667,-0.038667,0.354639,0.25519,0.195059,-0.27197,0.195059,-0.111111,0.18894,-0.331811,-0.111111,1.0,0.37913,0.0,0.163956,0.424407,0.284371,0.690124,0.426819,0.0,0.278373,0.417625,0.666667,0.366853,0.666667,-0.394961,-0.165812,0.666667,0.250484,0.113881,-0.166582,0.29683,-0.396119,0.348215,0.0,-0.492645,-0.507671,0.187755,0.307979,0.205317,0.20215,-0.664064,0.209589,0.26071,-0.507671,0.310405,-0.635602,-0.315721,0.509175,-0.664064,-0.664064,-0.170813,-0.401296,-0.166543,0.206681,0.154155,0.284371,0.612383,#
20,-0.103304,0.244472,0.418218,-0.135337,-0.075649,0.003716,0.370841,0.0,-0.246457,-0.023104,0.199105,-0.14443,0.275446,-0.492721,-0.388606,-0.349911,-0.566256,0.120054,0.50754,-0.396343,1.0,0.319408,-0.005383,0.436296,0.409233,0.028029,0.522598,0.02662,0.423981,0.128679,0.252576,0.536339,0.183671,-0.396343,-0.113888,-0.250853,-0.066329,-0.536315,0.007448,0.032421,-0.087892,0.103392,0.552433,0.612161,-0.655343,-0.158675,-0.661612,0.266964,-0.483133,-0.112381,0.174648,-0.090339,0.0,-0.08072,0.450331,-0.203017,-0.114591,0.040894,-0.462626,-0.45128,0.647684,-0.581122,0.085668,-0.267243,-0.248549,0.106162,0.0,-0.144213,-0.385659,0.770473,-0.189111,0.16494,0.409233,-0.018985,0.269674,0.696225,0.0,-0.297411,0.409233,-0.817164,-0.594212,-0.318761,0.12967,0.13702,-0.113665,-0.438396,0.409069,-0.219727,-0.240957,-0.159504,0.284066,0.252576,0.468845,-0.004655,0.355324,0.275507,-0.37027,-0.396343,-0.113665,0.529483,0.440958,0.14572,-0.396343,0.0,0.508388,0.468845,0.371401,0.151991,-0.396343,0.197192,-0.002202,0.0,-0.135337,-0.594212,-0.147,0.149774,-0.594212,0.182133,-0.588793,0.474305,0.0,0.269674,0.023656,0.036881,-0.189111,-0.350183,0.517842,-0.222095,-0.063191,0.0,-0.122254,-0.396343,0.023124,0.23864,0.037566,0.0,0.0,-0.594212,-0.232863,-0.10135,0.0,0.20864,-0.594515,-0.496776,-0.088582,-0.063191,-0.372111,0.580588,-0.372111,0.183671,0.057534,0.065122,0.409233,-0.396343,-0.333516,0.0,-0.34235,0.121613,0.597572,-0.594212,0.372467,0.0,0.13702,-0.25034,-0.159504,-0.324803,0.009667,0.063659,0.300324,-0.135337,0.060804,0.413996,-0.147,-0.184852,0.284354,-0.457067,0.0,0.424838,0.040557,-0.38765,-0.222014,0.175119,0.101083,0.029763,0.095106,0.663288,-0.238621,-0.09302,0.055598,0.362286,0.002109,0.208022,0.029763,-0.095536,-0.325176,0.438519,-0.239125,-0.001087,0.597572,-0.271201,#
21,-0.330113,0.000488,0.071492,-0.488102,-0.728643,0.091275,-0.330618,0.0,-0.112897,-0.241443,-0.047099,-0.397546,0.475883,0.219736,-0.126935,-0.098938,-0.281962,0.019705,0.105328,-0.325401,0.319408,1.0,-0.335467,-0.189,-0.325401,0.426045,0.484502,0.137977,0.400799,0.166966,0.118483,0.30789,0.4368,-0.325401,-0.132814,-0.638626,-0.718015,-0.083263,0.156727,-0.64433,-0.394006,-0.19652,0.482752,0.815345,-0.390411,-0.372701,0.172333,-0.293756,-0.75521,0.15358,-0.065228,0.702168,0.0,0.146552,0.382383,0.122533,0.244136,-0.011061,0.075455,-0.046255,0.606828,-0.510102,0.026931,-0.493163,-0.168935,-0.077253,0.0,0.163322,-0.385923,0.175147,-0.389109,0.48999,-0.325401,0.205349,0.131313,0.484923,0.0,-0.098335,-0.325401,-0.069552,-0.487853,-0.118636,0.41638,0.320243,0.209483,-0.641927,0.277986,-0.046131,-0.15016,-0.092344,0.646732,-0.025133,0.061562,0.664157,0.570967,0.479307,0.352696,-0.325401,0.209483,0.339689,0.375066,0.644614,0.378169,0.0,0.685135,0.061562,0.432201,0.334422,-0.325401,0.375897,-0.220261,0.0,-0.488102,0.024487,0.612171,-0.159289,-0.487853,0.510698,-0.483404,0.244743,0.0,0.543751,0.492015,0.348717,-0.211513,0.023757,-0.279752,-0.273751,-0.118307,0.0,-0.117912,-0.325401,-0.211261,-0.126865,-0.483891,0.0,0.0,0.024487,-0.272862,0.296094,0.0,0.173863,0.039576,0.293563,-0.17476,-0.118307,-0.046318,0.334579,0.134434,0.202276,0.523422,-0.037258,-0.325401,-0.325401,-0.971534,0.0,0.553703,-0.473686,0.066309,0.024487,-0.334763,0.0,0.465121,0.41638,-0.092344,-0.501601,0.061562,-0.390171,0.031419,-0.488102,-0.179415,0.106399,0.431345,0.176828,0.366495,-0.100661,0.0,0.151315,0.340418,0.511509,0.054558,-0.015418,-0.177299,-0.039241,0.08685,0.313287,0.176148,0.203482,0.007771,0.556755,-0.140098,-0.062408,-0.039241,-0.014808,-0.029272,-0.078638,-0.46523,0.240404,0.066309,-0.178214,#
