0,1.0,-0.111111,-0.270265,-0.166667,0.380139,0.461759,-0.333201,0.556068,-0.218159,0.0,0.714144,-0.508225,0.4547,0.380139,0.566074,0.454405,0.634029,-0.333053,0.247593,-0.33294,-0.166667,0.316382,0.266796,0.135114,-0.218218,-0.327958,0.3849,0.18738,-0.218052,-0.111111,-0.508459,0.376641,-0.111111,-0.508459,0.588035,0.0,-0.217841,0.08737,0.471913,-0.1665,-0.328407,-0.166513,-0.19245,0.0715,-0.111111,-0.649138,0.198593,0.140351,0.22373,-0.665337,0.232406,0.143425,-0.272096,-0.331774,0.480185,0.241562,-0.976003,0.34678,0.415226,0.311641,0.118969,-0.120257,-0.913864,-0.902672,0.027423,0.223602,0.0,0.219305,0.271043,0.356359,0.08737,-0.156174,-0.111111,-0.333069,0.174855,0.179715,-0.508,-0.166582,-0.665376,-0.508,-0.271774,-0.407871,-0.333153,0.308968,-0.993406,0.111345,-0.407871,0.163668,-0.407661,-0.272023,0.111345,-0.66423,-0.332704,-0.332704,-0.333069,0.21932,0.117142,0.28628,-0.271774,-0.407661,0.319438,-0.407433,0.231475,-0.218093,0.117142,-0.166667,0.045404,0.032045,-0.217859,0.300991,0.080454,-0.111111,0.045404,-0.332873,-0.66423,-0.166582,0.293711,-0.523813,-0.332297,0.182904,-0.508,-0.166667,-0.508,-0.166582,0.145942,-0.407433,-0.271774,0.16197,0.264136,-0.333069,-0.66423,-0.218107,-0.912903,-0.407832,-0.523813,-0.333069,-0.111111,-0.271981,0.35889,-0.523813,-0.333075,-0.523813,-0.271981,-0.954513,-0.523813,0.203865,-0.50779,-0.166524,-0.50779,-0.332873,-0.664634,0.038605,-0.407661,-0.333075,-0.508338,-0.271774,0.360002,-0.268705,-0.523813,-0.407308,0.175642,-0.272023,0.180799,-0.332873,-0.407661,0.299386,0.231475,0.215822,-0.333153,-0.333069,0.522246,0.158419,-0.508,0.163668,0.448894,-0.664634,-0.272031,0.301508,-0.132342,0.192015,0.365337,-0.190459,0.242118,0.262952,-0.127603,-0.993406,0.262952,-0.508,0.408248,-0.06614,-0.523813,0.301508,-0.132342,-0.255828,-0.365073,-0.270423,0.298696,-0.664634,0.133845,-0.271015,#
1,-0.111111,1.0,0.303024,0.666667,0.300943,0.380272,0.316947,-0.217841,0.499077,0.0,0.616316,0.192775,-0.271744,0.300943,0.478986,-0.271567,-0.166513,0.312399,-0.061898,0.307329,-0.166667,0.235946,0.180733,0.135114,0.509175,-0.327958,-0.769801,-0.649138,-0.218052,-0.111111,0.189974,0.224973,-0.111111,0.189974,-0.215292,0.0,0.498741,0.08737,-0.218018,-0.1665,0.361524,-0.166513,-0.769801,-0.062562,-0.111111,-0.649138,0.066198,0.140351,0.136563,0.133067,0.132803,0.059057,0.415015,-0.331774,-0.217758,0.167235,-0.065067,0.125431,0.138408,0.231733,0.150276,0.993232,0.18453,-0.082061,-0.246807,0.124954,0.0,-0.210704,0.18454,-0.534539,0.08737,-0.416466,-0.111111,-0.333069,0.174855,0.096127,0.169334,-0.166582,-0.665376,0.169334,0.367694,-0.407871,-0.333153,0.308968,0.032045,0.111345,-0.407871,-0.50779,0.231807,-0.272023,0.111345,0.105892,0.28628,0.28628,-0.333069,-0.407308,0.117141,-0.332704,0.367694,0.231807,-0.0,0.225473,0.231475,0.479805,0.117141,-0.166667,0.045404,-0.993406,0.465621,0.300991,0.080454,-0.111111,0.045404,0.293711,0.105892,-0.166582,-0.332873,-0.523814,0.332297,-0.587218,0.169334,-0.166667,0.169334,-0.166582,0.145942,0.225473,0.367694,0.16197,-0.029349,-0.333069,0.105892,-0.218107,0.080733,-0.407832,-0.523814,-0.333069,-0.111111,-0.271981,-0.567279,-0.523814,-0.333075,-0.523814,-0.271981,0.135114,-0.523814,-0.961076,0.163668,0.635258,0.163668,0.293711,0.111581,0.038605,0.231807,-0.333075,0.175142,0.367694,0.267694,0.313489,-0.523814,0.21932,0.175641,-0.272023,0.180799,0.293711,0.231807,0.215052,0.231475,-0.503586,-0.333153,-0.333069,-0.267706,0.158419,0.169334,-0.50779,-0.328038,0.111581,-0.272031,-0.703518,-0.238215,0.192015,0.281351,-0.283366,-0.536119,0.170688,-0.229685,0.032045,0.170688,0.169334,-0.272166,-0.198419,-0.523814,-0.703518,-0.238215,0.383742,-0.448044,-0.270423,-0.448044,0.111581,-0.331704,-0.271015,#
2,-0.270265,0.303024,1.0,0.55691,0.394738,-0.324339,-0.475022,-0.090425,-0.160582,0.0,-0.000721,0.562195,-0.660986,-0.026852,-0.170108,-0.196799,-0.405023,0.397032,0.043343,-0.479484,0.147417,-0.231093,0.531241,0.113405,0.309181,0.38657,-0.156038,-0.141075,-0.02893,-0.270265,0.050931,-0.065771,0.439522,0.069464,-0.168399,0.0,-0.160145,-0.506608,-0.530304,0.169361,0.319973,-0.405023,-0.156038,-0.331141,0.439522,-0.141075,-0.459199,0.124787,-0.03548,0.429927,-0.10115,0.250404,0.569869,0.443969,-0.049524,-0.044285,0.259517,0.042239,-0.0034,0.223359,-0.095228,0.366268,0.09154,0.455662,0.395167,0.408965,0.0,0.201688,0.08048,-0.172924,-0.506608,-0.098486,0.439522,0.46062,0.53324,0.286187,-0.408764,-0.405191,-0.02952,0.050966,0.119603,-0.123916,-0.373484,0.409432,0.240139,-0.678335,-0.123916,-0.31541,-0.227619,-0.217068,-0.152604,-0.163435,-0.069767,-0.062163,-0.3944,-0.116047,-0.1216,0.054749,0.10291,0.223102,-0.379342,0.648541,0.213957,0.795194,-0.661246,-0.405397,0.274585,-0.288954,0.286632,0.394476,0.064928,0.466821,-0.442555,0.380543,0.379377,0.111676,-0.384391,-0.069029,0.368417,-0.076632,0.050966,-0.405397,0.519016,-0.405191,0.136584,-0.66448,0.119603,-0.682938,-0.074992,-0.3944,-0.163435,-0.53052,0.353533,-0.140761,-0.069029,0.037343,0.412222,0.189972,-0.566328,-0.069029,0.019343,-0.069029,-0.661561,0.113405,-0.069029,-0.294807,0.031036,0.008637,0.031036,-0.061098,0.394179,-0.468873,0.223102,0.019343,0.061819,-0.331119,-0.498726,0.587573,-0.069029,0.19091,0.299253,-0.233534,0.072767,-0.061098,-0.227619,0.200886,-0.227293,-0.220723,0.047209,0.037343,-0.10664,-0.482539,-0.426446,-0.297881,-0.246458,0.394179,0.194015,-0.106179,-0.410349,-0.218138,-0.02342,-0.095758,-0.308696,0.06268,0.074616,0.240139,0.06268,-0.408764,0.207296,0.430631,-0.069029,-0.106179,0.65877,0.60117,-0.134749,0.269033,-0.134749,-0.1422,0.232627,0.147474,#
3,-0.166667,0.666667,0.55691,1.0,0.471214,0.081487,-0.01219,0.189178,0.210688,0.0,0.337506,0.311069,-0.407616,-0.023759,0.195949,-0.407351,-0.249769,0.487962,-0.441025,-0.019208,-0.25,-0.128698,0.292615,0.169982,0.763763,0.004134,-0.721687,-0.371414,-0.327078,-0.166667,0.305914,-0.079625,0.666667,0.305914,-0.322937,0.0,0.210675,0.021843,-0.327027,-0.24975,0.024838,-0.249769,-0.721687,0.174281,0.666667,-0.371414,0.132395,0.177632,0.292012,0.224551,0.224105,0.120224,0.60191,-0.066616,-0.326637,0.027873,0.065067,0.243484,-0.207613,-0.131848,-0.385083,0.654732,0.079085,0.030773,-0.164538,0.212093,0.0,-0.058051,-0.242209,-0.467721,0.021843,0.058565,0.666667,-0.011485,0.294268,0.112844,-0.254,-0.249873,-0.387737,0.28575,0.07194,-0.111772,-0.49973,0.493546,0.096136,-0.413914,-0.111772,-0.226617,0.377686,-0.408034,0.203326,0.194937,0.458435,-0.034818,-0.011485,-0.610962,-0.409995,-0.499056,0.581516,0.377686,0.07986,0.367876,0.377144,0.752422,-0.409995,-0.25,0.116753,-0.672953,0.730469,0.481189,0.167097,-0.166667,0.116753,0.469938,0.194937,0.356961,0.0,-0.428576,0.529598,-0.555931,0.28575,-0.25,0.28575,-0.249873,0.185744,-0.13647,0.07194,0.218164,-0.374192,-0.011485,0.194937,-0.32716,0.167676,-0.116523,-0.428576,-0.011485,-0.166667,0.087422,-0.243119,-0.428576,-0.017032,-0.428576,-0.407971,0.169982,-0.428576,-0.677121,0.276976,0.351551,0.276976,0.469938,0.203756,0.106163,0.377686,-0.017032,0.294751,0.07194,-0.048462,0.033588,-0.428576,0.358353,0.308887,0.094617,0.303485,0.469938,0.377686,-0.151801,0.377144,-0.755378,-0.005811,-0.011485,-0.368645,-0.565171,0.28575,-0.761685,0.025898,0.203756,-0.408046,-0.678391,-0.31762,-0.192015,-0.050391,0.132392,-0.771751,-0.262952,-0.306246,0.096136,-0.262952,-0.254,-0.408248,-0.248024,-0.428576,-0.678391,0.277918,0.575612,-0.640952,0.075627,-0.640952,0.203756,-0.104748,0.059979,#
4,0.380139,0.300943,0.394738,0.471214,1.0,0.400756,-0.256029,0.252924,0.164868,0.0,0.513197,0.180844,0.020711,0.608003,0.248293,0.45254,0.015064,0.184389,0.016912,-0.6316,0.015839,-0.388709,0.64873,-0.242727,0.193557,-0.163302,-0.297204,-0.412914,0.21206,-0.332622,-0.278246,0.590601,0.327342,-0.243731,-0.129174,0.0,-0.243527,0.175059,0.214799,0.036394,0.22988,-0.041996,-0.448092,0.089821,0.327342,-0.472538,-0.344961,0.394102,0.221734,-0.052955,0.522191,-0.319313,0.785292,0.155043,-0.20416,0.362894,-0.415333,0.652463,0.118382,0.033667,-0.016513,0.302434,-0.308773,-0.396757,-0.302312,0.497499,0.0,0.260111,0.232512,-0.23495,0.175059,0.141617,0.327342,-0.208474,0.186033,0.318546,-0.279609,-0.498678,-0.54181,-0.26251,-0.029246,-0.41315,-0.215001,0.996425,-0.447677,-0.577621,-0.032985,-0.665637,-0.06476,-0.400326,-0.088794,-0.596714,-0.252396,-0.268022,-0.2394,-0.406066,-0.055199,-0.192652,-0.045389,-0.032475,0.39971,-0.043983,-0.04191,0.643556,-0.055199,-0.498933,0.2515,-0.374587,0.168881,0.587711,0.083517,0.353741,0.2515,0.167477,-0.091257,-0.018093,-0.199111,-0.719557,0.206255,-0.501111,0.14785,-0.498933,-0.26251,-0.498678,0.410623,-0.475358,-0.029246,-0.045236,0.013248,-0.610506,-0.596714,-0.254013,-0.285061,-0.828689,-0.719557,-0.208474,-0.332622,-0.42187,-0.017604,-0.719557,-0.61491,-0.719557,-0.8142,-0.320391,-0.719557,-0.313448,-0.306696,0.451029,-0.713496,-0.243772,-0.077456,-0.445451,0.354945,-0.61491,0.16198,-0.448951,0.159879,0.300051,-0.719557,-0.466548,0.37183,-0.416249,0.617947,-0.243772,-0.06476,0.013625,-0.04191,-0.573871,0.176161,-0.208474,-0.189351,-0.16154,-0.296707,-0.241887,0.37369,-0.077456,-0.412,-0.255495,-0.065401,0.303266,0.573873,-0.263336,-0.574625,0.216138,-0.499619,-0.447677,0.216138,-0.279609,0.042031,0.303279,-0.719557,-0.255495,0.476671,0.794933,-0.778461,0.418816,-0.352663,-0.077456,0.238914,-0.011189,#
5,0.461759,0.380272,-0.324339,0.081487,0.400756,1.0,0.362241,-0.021722,0.764903,0.0,0.633749,-0.419848,0.19403,0.400756,0.393859,0.193904,0.121335,-0.041025,0.143751,-0.046956,-0.407434,0.268734,0.516158,-0.335627,-0.106691,-0.801728,-0.192891,-0.543958,-0.123668,-0.271623,0.019806,0.384362,-0.271623,-0.40636,0.475244,0.0,0.30831,0.124591,0.359585,-0.407027,0.006746,0.062624,-0.46576,0.075378,-0.271623,-0.605307,0.276185,0.316298,0.529885,-0.181353,0.410684,-0.41868,0.141096,-0.412553,-0.07166,0.419727,-0.551418,0.497823,0.196245,-0.146508,0.36507,0.332089,-0.300736,-0.616866,-0.33184,0.390672,0.0,0.155578,0.085291,-0.457357,0.124591,-0.232253,-0.271623,-0.814223,-0.389919,0.265643,0.017593,-0.407227,-0.651803,-0.40464,0.126037,-0.589622,-0.025569,0.386481,-0.521733,0.330185,-0.198458,-0.362145,0.192475,-0.255394,-0.172785,-0.191794,-0.450169,0.337627,-0.034628,-0.175206,0.344831,-0.002837,0.126037,-0.206153,0.275919,-0.624684,-0.199028,-0.123691,0.344831,-0.407434,0.188691,-0.446528,-0.131579,-0.023236,0.270811,-0.271623,0.188691,-0.446123,-0.191794,-0.407227,0.006701,-0.710105,-0.008123,-0.427125,0.017593,0.101859,-0.40464,-0.407227,0.329742,0.18083,0.126037,0.375752,0.208061,-0.41647,-0.191794,-0.122733,-0.384093,-0.593446,-0.710105,-0.41647,-0.271623,-0.261205,0.124527,-0.710105,-0.420998,-0.710105,-0.261205,-0.415538,-0.710105,-0.448531,-0.428828,0.569919,-0.411388,-0.039251,-0.181452,0.171444,0.192475,-0.420998,0.028195,0.126037,0.375719,0.05255,-0.710105,-0.221162,0.205803,-0.255394,0.046303,-0.039251,0.192475,0.236057,0.215614,-0.371519,-0.428048,-0.41647,-0.080464,0.177936,0.017593,0.056425,0.142447,-0.181452,-0.665008,-0.454525,0.016823,0.578928,0.358268,-0.121509,-0.322365,0.05526,-0.43297,-0.521733,0.05526,0.017593,-0.216235,-0.31852,-0.710105,-0.454525,-0.449051,0.09716,-0.585169,0.107565,-0.147053,-0.181452,0.123767,-0.219393,#
6,-0.333201,0.316947,-0.475022,-0.01219,-0.256029,0.362241,1.0,-0.653264,0.640521,0.0,-0.040785,-0.25864,0.382888,0.146229,-0.245237,-0.436787,0.027637,0.19721,-0.283713,0.609419,0.008127,0.380057,-0.279839,-0.179266,-0.228772,-0.529941,-0.563045,-0.376243,0.197409,-0.333201,0.194394,-0.268271,-0.333201,0.229131,-0.175565,0.0,0.657038,0.439518,-0.217797,-0.499303,0.259917,0.496061,-0.220526,0.387646,-0.333201,0.113232,0.279211,-0.220708,0.246594,0.459874,-0.046948,-0.337132,-0.011861,-0.597491,-0.227609,0.078375,0.277615,0.196257,0.091111,-0.036301,0.488051,0.290913,0.60693,0.129045,-0.190214,-0.06622,0.0,-0.481944,-0.272623,-0.256303,0.439518,-0.319207,-0.333201,-0.57879,-0.654744,-0.423992,0.661584,0.022628,0.027193,0.240482,0.411787,0.043793,0.212695,-0.22393,0.328921,0.509766,0.433909,-0.167082,0.401848,0.025279,0.008144,0.492401,0.213352,0.574597,0.618739,0.043732,-0.006902,-0.172417,0.411787,0.004287,0.194702,-0.417494,-0.40925,-0.245657,0.528594,0.516056,-0.33984,-0.271106,0.215273,-0.192341,0.466087,-0.333201,0.371784,-0.201936,0.492401,0.022628,-0.16279,0.159056,0.185324,-0.206067,0.661584,0.008127,-0.223968,0.022628,-0.23624,0.819847,0.411787,0.526014,0.355619,0.237919,0.492401,0.658276,0.164884,0.031724,0.159056,0.237919,-0.333201,0.013262,-0.097943,0.159056,0.223869,0.159056,0.439543,0.458312,0.159056,-0.333013,0.208417,0.475014,0.225811,0.203846,-0.021408,0.349499,0.401848,0.223869,0.211732,0.411787,0.576585,-0.098268,0.159056,0.410393,0.15608,0.025279,-0.21977,0.203846,0.401848,-0.007916,0.442138,-0.304312,-0.188706,0.237919,-0.215386,0.344585,0.661584,0.250367,-0.02715,-0.021408,0.024941,-0.284235,0.458818,0.462125,0.15265,0.22504,-0.185733,-0.247327,-0.0056,0.328921,-0.247327,0.661584,-0.401451,-0.354755,0.159056,-0.284235,-0.522059,-0.046557,0.020836,-0.044364,-0.383741,0.510845,-0.298089,0.035421,#
7,0.556068,-0.217841,-0.090425,0.189178,0.252924,-0.021722,-0.653264,1.0,-0.427717,0.0,0.287193,-0.092227,-0.026791,-0.155677,0.568394,0.389401,0.231132,-0.237372,-0.093413,-0.22331,-0.326762,-0.29479,-0.011989,0.237915,0.491631,0.210868,0.273054,0.346655,-0.427506,0.498741,-0.0787,0.283922,0.470078,-0.0787,0.137438,0.0,-0.427093,0.08114,0.53366,0.188989,-0.643866,-0.32646,-0.129082,0.105596,0.470078,-0.235995,0.249324,0.248013,-0.011843,-0.78953,0.3503,0.227873,-0.12507,0.14341,0.0592,0.003835,-0.543843,-0.030073,-0.235656,-0.298076,-0.756112,-0.264497,-0.73649,-0.605441,-0.299951,-0.174914,0.0,0.293519,-0.006397,0.135594,0.08114,0.516361,0.470078,0.169671,0.396724,0.247762,-0.531839,0.19522,-0.27587,-0.086274,-0.532832,0.043099,-0.22845,0.216547,-0.570405,-0.230039,-0.38688,0.373929,0.059593,-0.101091,0.279494,-0.267954,0.17904,-0.65229,-0.250062,-0.362098,-0.222361,-0.221156,-0.112175,0.059593,0.288419,0.051226,0.50427,0.031506,-0.222361,-0.326762,0.171007,0.143841,0.02248,0.205967,-0.442555,-0.217841,0.171007,0.188916,-0.795665,0.174348,0.625344,-0.42504,-0.214306,-0.067299,-0.550405,0.210675,-0.086274,0.19522,0.258749,-0.365114,-0.532832,0.297089,-0.598867,0.169671,-0.267954,-0.427614,-0.455302,0.035069,-0.42504,-0.250062,-0.217841,-0.124288,0.557289,-0.42504,-0.254646,-0.42504,-0.107249,-0.52103,-0.42504,0.215621,-0.093753,-0.326482,-0.093753,0.188916,-0.260562,0.157017,-0.378591,-0.254646,-0.078682,-0.094648,-0.169308,-0.526814,-0.42504,-0.386346,-0.243113,0.313849,0.408884,0.188916,0.059593,-0.319155,0.066714,0.006727,0.179282,-0.250062,0.080834,-0.352122,-0.086274,-0.527875,0.353415,-0.260562,-0.533335,-0.044075,-0.32638,-0.432598,-0.186108,-0.000719,-0.036137,-0.029514,-0.314692,-0.570405,-0.029514,-0.531839,-0.059679,-0.213275,-0.42504,-0.044075,0.165239,-0.135056,-0.366865,-0.132901,0.095462,-0.260562,0.035729,-0.146245,#
8,-0.218159,0.499077,-0.160582,0.210688,0.164868,0.764903,0.640521,-0.427717,1.0,0.0,0.178659,-0.092858,-0.116726,0.164868,0.022252,-0.11665,-0.326937,0.196727,-0.021643,0.190119,-0.327239,0.065913,0.374146,-0.467388,0.041085,-0.643924,-0.49174,-0.734557,0.022286,-0.218159,0.391035,0.149371,-0.218159,-0.077846,0.095847,0.0,0.49741,0.073631,0.052924,-0.326912,0.245913,0.189823,-0.372687,0.03101,-0.218159,-0.194574,0.159649,0.246078,0.420524,0.283638,0.283075,-0.564802,0.352835,-0.21297,-0.427554,0.286374,0.102087,0.295888,-0.085621,-0.387507,0.315267,0.452706,0.33277,-0.023175,-0.385016,0.26745,0.0,0.011913,-0.102992,-0.761988,0.073631,-0.142118,-0.218159,-0.65396,-0.555981,0.16176,0.388267,-0.327072,-0.233938,-0.076287,0.336033,-0.352525,0.213804,0.200846,0.147386,0.282421,0.077847,-0.5173,0.507811,-0.08345,-0.270963,0.271346,-0.253681,0.613078,0.203777,-0.352038,0.294326,-0.211019,0.336033,0.069227,0.071598,-0.39142,-0.387075,0.02229,0.294326,-0.327239,0.174631,-0.514557,0.013443,-0.244145,0.23953,-0.218159,0.174631,-0.249106,0.271346,-0.327072,-0.205921,-0.400888,0.232377,-0.602762,0.388267,0.233102,-0.076287,-0.327072,0.25681,0.494833,0.336033,0.295792,0.0371,-0.216339,0.271346,0.023354,0.24036,-0.35676,-0.400888,-0.216339,-0.218159,-0.089874,-0.123619,-0.400888,-0.221316,-0.400888,-0.089874,0.23598,-0.400888,-0.641536,-0.103054,0.747975,-0.083865,0.198548,0.283018,0.160594,0.507811,-0.221316,0.400178,0.336033,0.151945,0.252951,-0.400888,0.052458,0.098881,-0.08345,-0.080353,0.198548,0.507811,0.042303,0.069128,-0.565488,-0.229017,-0.216339,-0.467785,0.080727,0.388267,-0.056775,-0.169263,0.283018,-0.534115,-0.719039,0.114616,0.497514,0.12887,0.004623,-0.530503,-0.130158,-0.383703,0.147386,-0.130158,0.388267,-0.534379,-0.302416,-0.400888,-0.719039,-0.397954,0.292681,-0.378706,0.314729,-0.378706,0.283018,0.038973,-0.044572,#
9,0.0,0.0,0.0,0.0,0.0,0.0,0.0,0.0,0.0,0.0,0.0,0.0,0.0,0.0,0.0,0.0,0.0,0.0,0.0,0.0,0.0,0.0,0.0,0.0,0.0,0.0,0.0,0.0,0.0,0.0,0.0,0.0,0.0,0.0,0.0,0.0,0.0,0.0,0.0,0.0,0.0,0.0,0.0,0.0,0.0,0.0,0.0,0.0,0.0,0.0,0.0,0.0,0.0,0.0,0.0,0.0,0.0,0.0,0.0,0.0,0.0,0.0,0.0,0.0,0.0,0.0,0.0,0.0,0.0,0.0,0.0,0.0,0.0,0.0,0.0,0.0,0.0,0.0,0.0,0.0,0.0,0.0,0.0,0.0,0.0,0.0,0.0,0.0,0.0,0.0,0.0,0.0,0.0,0.0,0.0,0.0,0.0,0.0,0.0,0.0,0.0,0.0,0.0,0.0,0.0,0.0,0.0,0.0,0.0,0.0,0.0,0.0,0.0,0.0,0.0,0.0,0.0,0.0,0.0,0.0,0.0,0.0,0.0,0.0,0.0,0.0,0.0,0.0,0.0,0.0,0.0,0.0,0.0,0.0,0.0,0.0,0.0,0.0,0.0,0.0,0.0,0.0,0.0,0.0,0.0,0.0,0.0,0.0,0.0,0.0,0.0,0.0,0.0,0.0,0.0,0.0,0.0,0.0,0.0,0.0,0.0,0.0,0.0,0.0,0.0,0.0,0.0,0.0,0.0,0.0,0.0,0.0,0.0,0.0,0.0,0.0,0.0,0.0,0.0,0.0,0.0,0.0,0.0,0.0,0.0,0.0,0.0,0.0,0.0,0.0,0.0,0.0,0.0,0.0,0.0,0.0,0.0,0.0,0.0,0.0,#
10,0.714144,0.616316,-0.000721,0.337506,0.513197,0.633749,-0.040785,0.287193,0.178659,0.0,1.0,-0.266937,0.168901,0.513197,0.785939,0.168792,0.385124,-0.043872,0.152596,-0.047353,-0.249461,0.416894,0.338711,0.202234,0.185726,-0.490877,-0.23722,-0.308746,-0.326373,-0.166307,-0.269096,0.456915,-0.166307,-0.269096,0.31432,0.0,0.178675,0.130773,0.220383,-0.249212,-0.005589,-0.249231,-0.694715,0.012591,-0.166307,-0.971608,0.203993,0.210073,0.273475,-0.43349,0.277701,0.155249,0.07671,-0.496588,0.227121,0.309209,-0.819221,0.36314,0.426517,0.41017,0.20012,0.604302,-0.594175,-0.773082,-0.152111,0.265196,0.0,0.025366,0.344759,-0.094126,0.130773,-0.417096,-0.166307,-0.498527,0.261717,0.210115,-0.283271,-0.249334,-0.995913,-0.283271,0.043634,-0.610488,-0.498653,0.462453,-0.764609,0.166658,-0.610488,-0.227976,-0.159757,-0.407155,0.166658,-0.451754,-0.061992,-0.061992,-0.498527,-0.113102,0.175334,-0.007494,0.043634,-0.159757,0.253125,-0.164038,0.346464,0.165138,0.175334,-0.249461,0.067959,-0.674323,0.155332,0.450513,0.120421,-0.166307,0.067959,-0.056892,-0.451754,-0.249334,-0.001724,-0.784027,-0.029257,-0.268679,-0.283271,-0.249461,-0.283271,-0.249334,0.218441,-0.164038,0.043634,0.242432,0.188631,-0.498527,-0.451754,-0.326455,-0.666524,-0.61043,-0.784027,-0.498527,-0.166307,-0.407091,-0.115181,-0.784027,-0.498536,-0.784027,-0.407091,-0.661193,-0.784027,-0.5154,-0.287094,0.315496,-0.287094,-0.056892,-0.448066,0.057782,-0.159757,-0.498536,-0.279447,0.043634,0.47382,0.007886,-0.784027,-0.168273,0.262894,-0.407155,0.270615,-0.056892,-0.159757,0.38871,0.346464,-0.183687,-0.498653,-0.498527,0.225269,0.237117,-0.283271,-0.227976,0.124649,-0.448066,-0.407166,-0.256614,-0.272658,0.287402,0.487668,-0.350512,-0.185765,0.328591,-0.262894,-0.764609,0.328591,-0.283271,0.131796,-0.192168,-0.784027,-0.256614,-0.272658,0.067573,-0.60487,-0.40476,-0.078896,-0.448066,-0.127579,-0.405646,#
11,-0.508225,0.192775,0.562195,0.311069,0.180844,-0.419848,-0.25864,-0.092227,-0.092858,0.0,-0.266937,1.0,-0.393527,-0.252876,-0.116756,0.049901,-0.761633,0.241886,-0.27092,-0.244387,0.354881,-0.541162,0.037103,-0.277957,0.397724,0.179234,-0.217538,-0.358524,0.437163,0.192775,0.520104,0.163864,0.221983,0.042742,-0.58943,0.0,-0.544318,-0.297045,-0.057021,0.334393,0.65103,-0.256571,0.278246,-0.443574,0.221983,0.169235,-0.302789,-0.317294,-0.487461,0.239614,0.151861,-0.198938,0.525545,0.663521,-0.461761,-0.061547,0.41963,-0.48722,-0.611251,-0.076461,-0.236036,0.215668,0.323158,0.455164,-0.179139,-0.333486,0.0,0.397218,0.013341,-0.091335,-0.297045,0.370174,0.221983,0.230664,0.06323,-0.216217,0.004451,0.311536,0.229523,0.02337,0.097498,-0.087219,0.215482,0.226572,0.485218,-0.338258,-0.087219,-0.390968,0.315398,-0.363343,0.202599,0.179417,0.173495,-0.240412,-0.232274,-0.462876,-0.328978,-0.138715,-0.393144,0.351119,-0.369478,0.816069,0.377893,0.436864,-0.352073,-0.214681,-0.216885,-0.161739,-0.088038,0.249237,-0.264855,0.251192,-0.247576,0.648559,0.222437,-0.230211,-0.201774,0.120173,0.23476,-0.407169,0.02337,-0.236587,0.043401,-0.251481,0.455956,-0.147866,0.097498,-0.388763,-0.300113,-0.232274,0.179417,-0.069451,0.370907,-0.077599,0.120173,-0.198057,0.251192,-0.33195,-0.114429,0.120173,-0.187253,0.120173,-0.367698,0.409488,0.120173,-0.181444,0.482753,0.288915,0.032654,-0.269718,0.766708,-0.23104,-0.121662,-0.187253,-0.004042,-0.411005,-0.27881,0.543895,0.120173,-0.085039,0.18405,0.085395,0.015616,-0.269718,0.315398,-0.53162,-0.541135,-0.302346,0.648278,-0.198057,-0.051222,-0.155547,-0.014467,-0.372214,0.044932,0.766708,0.125495,-0.219282,-0.272748,-0.561484,-0.255217,-0.072536,-0.414386,-0.00388,-0.222729,0.485218,-0.00388,0.004451,0.132359,0.210376,0.120173,-0.219282,0.32702,0.527918,-0.094005,0.122174,-0.094005,0.169869,0.332265,0.539111,#
12,0.4547,-0.271744,-0.660986,-0.407616,0.020711,0.19403,0.382888,-0.026791,-0.116726,0.0,0.168901,-0.393527,1.0,0.420234,-0.020034,0.185494,0.639549,-0.392551,-0.046465,0.022946,0.096859,0.288137,-0.335316,-0.22364,-0.533695,-0.351626,0.0233,0.032896,0.312229,-0.271744,-0.364767,0.049519,-0.271744,-0.330266,-0.001323,0.0,-0.064272,0.478137,0.350905,-0.407209,0.032143,0.581394,0.102523,0.289569,-0.271744,-0.027872,0.301891,-0.267425,0.176388,-0.156277,-0.072356,-0.311142,-0.266146,-0.416684,0.346259,-0.09764,-0.416479,0.228154,0.19774,0.27973,0.384208,-0.267149,-0.187033,-0.488825,-0.127165,-0.087747,0.0,-0.293531,0.106408,0.612668,0.478137,-0.003783,-0.271744,-0.39742,-0.330361,-0.417669,0.098409,0.111216,-0.111161,-0.31983,-0.229172,-0.14283,-0.009943,0.001652,-0.399626,0.417677,0.244634,0.11168,-0.166653,-0.235699,0.417677,-0.100002,0.029415,-0.00993,0.397977,0.267057,-0.098807,0.012553,-0.229172,-0.561511,0.337768,-0.565423,-0.14322,-0.53339,0.433048,0.601335,-0.400983,0.270814,-0.067339,0.032223,0.382593,-0.271744,0.305803,-0.387376,-0.100002,0.111216,0.022285,0.148748,-0.025145,0.116319,0.098409,-0.407616,-0.781122,0.111216,-0.285608,0.256418,-0.229172,0.456162,0.560715,0.019746,-0.100002,0.769991,-0.566479,-0.150955,0.148748,0.019746,-0.271744,-0.241799,0.389949,0.148748,0.010265,0.148748,0.181584,-0.302796,0.148748,0.413963,0.087292,0.094536,-0.327318,-0.387376,-0.617563,0.287607,-0.166653,0.010265,-0.355729,-0.229172,0.853632,-0.292799,0.148748,-0.142633,0.318104,-0.235699,0.102362,-0.387376,-0.166653,-0.092815,0.291659,0.05531,-0.009943,0.019746,0.418597,0.465204,0.098409,0.526291,0.629616,-0.617563,0.169689,0.445359,0.619776,0.301339,0.437956,-0.042857,0.164997,0.142651,0.15264,-0.399626,0.142651,0.098409,0.191123,-0.200195,0.148748,0.445359,-0.354433,-0.253988,-0.113315,-0.288456,-0.081169,-0.088928,-0.132037,0.179556,#
13,0.380139,0.300943,-0.026852,-0.023759,0.608003,0.400756,0.146229,-0.155677,0.164868,0.0,0.513197,-0.252876,0.420234,1.0,0.248293,0.45254,0.528599,-0.214323,0.476481,-0.220877,0.015839,0.009428,0.222741,-0.165063,-0.23849,-0.114193,-0.297204,-0.353291,0.21206,-0.332622,-0.709686,0.590601,-0.332622,-0.227137,-0.129174,0.0,0.21615,0.434534,0.214799,0.036394,0.22988,0.47154,-0.448092,0.089821,-0.332622,-0.412914,-0.344961,0.472256,0.238992,-0.052955,0.029186,-0.294257,0.393495,-0.186325,0.210395,0.120082,-0.389568,0.652463,0.611643,0.42919,0.448378,0.328889,-0.100002,-0.396757,-0.220871,0.497499,0.0,-0.378418,0.660679,0.029631,0.434534,-0.244894,-0.332622,-0.185735,0.211364,0.318546,0.172995,-0.498678,-0.513377,-0.237366,-0.029246,-0.389856,-0.215001,0.591258,-0.40961,-0.06004,-0.009691,-0.640711,-0.468322,0.021168,-0.06004,-0.568125,-0.229418,0.145592,-0.216661,0.012655,0.466638,-0.192652,-0.02165,-0.436037,0.39971,-0.443404,-0.444894,0.203119,0.466638,-0.00396,0.290026,-0.336519,0.194254,0.187812,0.120276,0.353741,0.290026,-0.227955,-0.062668,0.010177,-0.594543,-0.436713,0.156912,-0.243809,0.172995,-0.498933,-0.237366,0.010177,-0.219812,-0.052442,-0.029246,0.013665,0.449048,-0.587767,-0.568125,0.185963,-0.248174,-0.805618,-0.436713,-0.185735,-0.332622,-0.398792,-0.361425,-0.436713,-0.592429,-0.436713,-0.398792,-0.242727,-0.436713,-0.226956,-0.281769,0.451029,-0.68857,-0.220511,-0.567317,-0.407234,0.378684,-0.592429,0.187353,-0.02165,0.571089,0.300051,-0.436713,-0.443286,0.12001,-0.814326,0.643516,-0.220511,-0.468322,0.439404,-0.018205,-0.173272,-0.215001,-0.185735,-0.163284,0.525106,-0.271562,0.20679,0.014767,-0.567317,-0.002367,0.042982,0.469125,0.792055,0.997892,-0.649621,-0.138058,0.681953,0.015765,-0.40961,0.681953,0.172995,0.042031,0.342563,-0.436713,0.042982,0.036473,0.41505,-0.359562,0.037678,-0.328022,-0.04864,-0.348693,-0.380637,#
14,0.566074,0.478986,-0.170108,0.195949,0.248293,0.393859,-0.245237,0.568394,0.022252,0.0,0.785939,-0.116756,-0.020034,0.248293,1.0,0.384611,0.238435,-0.247892,0.194062,0.166611,-0.326581,0.115583,-0.016864,0.264754,0.484608,-0.21061,-0.090504,-0.157358,-0.42727,0.478986,-0.102917,0.627072,-0.217721,-0.102917,0.144818,0.0,0.022466,0.171201,0.526705,0.174873,-0.210898,-0.32628,-0.497776,-0.112082,-0.217721,-0.747451,0.223107,0.275016,-0.071738,-0.803091,0.330487,0.201688,-0.102325,-0.22421,0.065645,0.193705,-0.688488,-0.060722,0.119332,0.109605,-0.238025,0.434628,-0.578535,-0.739669,-0.462122,-0.180413,0.0,0.079204,0.422624,-0.139655,0.171201,-0.061204,-0.217721,-0.244554,0.369367,0.27353,-0.119451,0.180927,-0.793534,-0.119451,-0.131568,-0.381166,-0.23987,0.202855,-0.62039,0.248535,-0.799219,-0.074009,0.028193,-0.112785,0.248535,-0.305581,0.148579,-0.263804,-0.652645,-0.356082,0.260142,-0.215288,-0.131568,0.028193,0.225337,0.020153,0.478596,0.010256,0.260142,-0.326581,0.129639,-0.540015,0.001674,0.192457,-0.463245,-0.217721,0.129639,0.158077,-0.818656,-0.326415,0.207189,-0.727815,-0.234407,-0.335762,-0.570708,0.195949,-0.119451,0.180927,0.285971,0.020153,-0.131568,0.317379,-0.310543,-0.244554,-0.305581,-0.427378,-0.50379,-0.38511,-0.727815,-0.652645,-0.217721,-0.532942,0.049908,-0.727815,-0.652657,-0.727815,-0.11877,-0.503886,-0.727815,-0.422297,-0.126637,0.176445,-0.126637,0.158077,-0.298493,0.115989,-0.397837,-0.652657,-0.112164,0.294462,0.213434,-0.161467,-0.727815,-0.405197,-0.263466,-0.112785,0.381267,0.158077,0.028193,0.084278,0.053177,0.0,-0.23987,-0.652645,0.060196,0.310421,-0.119451,-0.521351,-0.067662,-0.298493,-0.533041,-0.35448,-0.358902,-0.025083,0.215585,-0.460586,-0.067775,0.399546,-0.346049,-0.62039,0.399546,-0.119451,-0.05333,-0.254016,-0.727815,-0.35448,-0.358902,-0.128904,-0.4032,-0.529891,0.065032,-0.298493,-0.285074,-0.53105,#
15,0.454405,-0.271567,-0.196799,-0.407351,0.45254,0.193904,-0.436787,0.389401,-0.11665,0.0,0.168792,0.049901,0.185494,0.45254,0.384611,1.0,0.116079,-0.39167,0.425397,-0.427012,0.116962,-0.523084,0.134192,-0.302599,-0.110894,0.032079,0.372568,-0.027854,0.347907,0.373741,-0.399009,0.875284,-0.271567,-0.363854,-0.001322,0.0,-0.532427,0.213542,0.783429,0.601955,0.032123,0.057962,0.218884,-0.164804,-0.271567,-0.088583,-0.418101,0.343032,-0.298336,-0.618261,0.431441,-0.36198,0.166341,0.405413,-0.076206,0.275641,-0.439302,0.115521,0.05024,-0.090433,-0.088035,-0.291765,-0.419753,-0.478579,-0.483773,-0.047107,0.0,0.359105,0.543838,0.073298,0.213542,0.374147,-0.271567,-0.026589,0.082666,0.315854,0.047124,0.06277,-0.169008,-0.370843,-0.23676,-0.190189,0.36504,0.430835,-0.476913,-0.158973,-0.190189,-0.388038,-0.207165,0.146059,-0.158973,-0.673,-0.431203,-0.431203,-0.436072,-0.167181,0.37371,0.005055,-0.664244,-0.174282,0.342701,-0.182161,-0.18369,-0.066498,0.37371,-0.407351,0.227123,0.193091,-0.532471,0.024535,-0.576137,0.427517,0.227123,-0.008055,-0.633398,-0.407143,-0.017532,-0.427521,-0.402063,-0.165629,-0.370843,0.07663,-0.370843,0.06277,0.356698,-0.214707,-0.23676,-0.124065,-0.128547,-0.436072,-0.673,-0.126771,-0.340688,-0.613298,-0.427521,-0.404573,-0.271567,-0.664749,0.305649,-0.427521,-0.814071,-0.427521,-0.281132,-0.381702,-0.427521,0.237504,-0.412411,0.094475,-0.826751,-0.426926,-0.147569,-0.478619,-0.174282,-0.814071,0.057992,-0.269644,0.015413,0.130048,-0.427521,-0.995503,-0.326985,-0.275615,0.518979,-0.426926,-0.207165,-0.100918,-0.577724,0.16408,0.36504,-0.404573,-0.031966,0.387193,-0.405674,0.060831,0.186339,-0.147569,-0.255064,0.15322,0.076221,0.208211,0.429541,-0.51946,0.114669,0.535513,-0.371161,-0.476913,0.535513,0.047124,0.207464,0.427338,-0.427521,0.15322,0.147958,0.179533,-0.161429,0.201976,0.272261,-0.147569,0.160961,-0.223735,#
16,0.634029,-0.166513,-0.405023,-0.249769,0.015064,0.121335,0.027637,0.231132,-0.326937,0.0,0.385124,-0.761633,0.639549,0.528599,0.238435,0.116079,1.0,-0.499119,0.371047,0.039119,-0.249769,0.432409,-0.202888,0.270313,-0.327025,0.087527,0.127566,0.332884,-0.326776,-0.166513,-0.761985,0.013696,-0.166513,-0.175037,0.256148,0.0,0.27574,0.357551,0.170362,-0.24952,-0.492156,0.423219,-0.288408,0.281013,-0.166513,-0.269817,0.228934,0.278589,0.380504,-0.349938,-0.349243,0.21494,-0.407767,-0.497201,0.719612,-0.245266,-0.551308,0.404865,0.622264,0.425578,0.178288,-0.145561,-0.446465,-0.554582,0.147789,0.28392,0.0,-0.574771,0.361316,0.534045,0.357551,-0.234046,-0.166513,0.037072,0.32841,0.17176,-0.168364,-0.249642,-0.326679,-0.168364,-0.407285,-0.061938,-0.499268,-0.036542,-0.59106,0.242203,-0.061938,0.310585,-0.610927,0.144521,0.242203,-0.321266,0.043259,0.043259,0.037072,0.389625,0.251509,-0.052625,0.152501,-0.610927,0.313006,-0.610585,-0.149982,-0.326838,0.251509,0.39867,0.168986,0.147765,0.271826,-0.042002,0.216883,-0.166513,0.168986,-0.498848,-0.321266,0.416984,-0.047402,-0.043915,-0.013168,0.349009,-0.168364,-0.249769,-0.168364,0.416984,-0.641603,-0.056544,-0.407285,0.294174,0.395838,0.037072,-0.321266,0.249532,-0.498268,-0.067163,-0.043915,0.037072,-0.166513,0.136611,-0.002669,-0.043915,0.030979,-0.043915,0.136611,-0.51475,-0.043915,0.305515,-0.173192,-0.249555,-0.173192,0.049659,-0.99603,0.157984,-0.051141,0.030979,-0.16349,0.152501,0.539504,-0.402685,-0.043915,-0.061852,-0.019549,-0.407657,0.337942,0.049659,-0.610927,0.448665,0.409001,0.288448,-0.499268,0.037072,0.236261,0.304042,-0.168364,0.310585,0.13534,-0.99603,0.12897,0.451844,0.460735,0.430054,0.547499,-0.285424,0.362842,0.394064,0.444235,-0.59106,0.394064,-0.168364,0.082359,-0.099118,-0.043915,0.451844,-0.198329,-0.383387,-0.030607,-0.40526,-0.068866,-0.316537,-0.52393,-0.406147,#
17,-0.333053,0.312399,0.397032,0.487962,0.184389,-0.041025,0.19721,-0.237372,0.196727,0.0,-0.043872,0.241886,-0.392551,-0.214323,-0.247892,-0.39167,-0.499119,1.0,-0.667363,0.17972,0.526689,-0.037879,0.178448,0.380695,0.207893,-0.167203,-0.335386,0.057069,0.259078,-0.333053,0.199422,-0.257207,0.338217,0.638253,-0.19734,0.0,0.162911,0.180685,-0.653505,0.023987,0.283372,-0.499119,-0.205703,0.514408,0.338217,0.057069,-0.361474,-0.319193,-0.25703,0.499357,0.498365,0.280925,0.397168,-0.236921,-0.652726,0.654995,0.328085,0.274826,0.073972,-0.014049,0.016877,0.287401,0.395906,0.373733,0.128397,-0.041871,0.0,0.225715,-0.666251,-0.505108,0.180685,-0.301804,0.338217,-0.211985,-0.248832,-0.393604,0.201652,0.038154,0.002114,0.636434,0.813337,0.413179,0.219275,0.198875,0.291144,-0.513287,0.413179,-0.202731,0.406018,-0.021161,-0.494164,-0.030421,0.196506,-0.255656,0.205225,0.010374,-0.552779,0.21898,0.361999,0.816494,0.321644,0.40562,0.011314,0.647649,-0.001588,0.023236,-0.398946,-0.304547,0.182737,0.63166,0.167819,0.338217,0.333536,0.612863,0.463921,-0.010506,0.233407,-0.120607,-0.183382,0.014763,0.636434,-0.015491,0.158371,-0.499325,0.412795,-0.016269,0.813337,-0.032182,-0.081152,0.205225,-0.030421,-0.189046,0.119338,-0.001354,-0.120607,0.598416,-0.333053,-0.032502,-0.086351,-0.120607,0.191551,-0.120607,0.007223,0.380695,-0.120607,-0.41077,-0.227109,-0.033391,0.187324,0.15515,0.482134,-0.349242,0.365156,0.191551,0.172612,-0.048477,-0.213203,-0.061396,-0.120607,0.374387,0.173242,0.424043,-0.238263,0.15515,0.406018,-0.032431,0.405436,-0.258895,0.234577,0.598416,-0.201809,-0.343932,0.201652,-0.202731,-0.001404,0.482134,0.010772,-0.275564,-0.520927,-0.046954,-0.221203,0.639115,-0.195501,-0.657846,-0.502272,0.291144,-0.657846,0.201652,0.022134,0.285852,-0.120607,-0.275564,0.470495,0.406136,0.011375,0.420577,0.011375,0.482134,0.307897,-0.018479,#
18,0.247593,-0.061898,0.043343,-0.441025,0.016912,0.143751,-0.283713,-0.093413,-0.021643,0.0,0.152596,-0.27092,-0.046465,0.476481,0.194062,0.425397,0.371047,-0.667363,1.0,-0.285347,-0.324965,0.079163,0.248512,-0.185744,-0.324175,0.243345,0.348445,-0.095997,-0.218652,0.092848,-0.489471,0.392885,-0.526135,-0.493361,0.345486,0.0,0.09421,-0.316365,0.278269,0.259713,-0.086862,0.259555,0.026809,-0.576311,-0.526135,-0.212499,-0.21512,0.603508,0.189385,-0.236288,-0.467014,-0.078727,-0.140097,0.248133,0.594106,-0.305371,-0.223526,0.028778,0.424092,0.270062,0.297366,-0.011165,-0.25822,-0.131428,0.1585,0.468035,0.0,-0.183255,0.849741,0.136477,-0.316365,-0.17763,-0.526135,0.294317,0.441904,0.734576,-0.094332,-0.457371,-0.137333,-0.495249,-0.362917,-0.423849,-0.207176,-0.006706,-0.241001,0.196874,-0.423849,-0.189368,-0.722493,0.32614,-0.146981,-0.363329,-0.562498,0.391162,-0.558775,0.231269,0.921765,0.073275,-0.234894,-0.627869,-0.326246,-0.326138,-0.33794,-0.224768,0.065258,-0.324965,0.702808,0.044631,-0.210605,-0.499721,-0.196516,0.247593,-0.435411,-0.57813,-0.249369,-0.192228,-0.589039,-0.092834,0.052064,0.115301,-0.495249,0.023212,0.247624,0.258514,-0.362163,-0.237992,-0.362917,-0.471411,0.249323,-0.558775,-0.363329,-0.230399,0.070924,-0.313748,-0.092834,-0.468133,0.402338,0.059524,-0.461134,-0.092834,-0.359505,-0.092834,-0.25433,-0.337498,-0.092834,0.093292,-0.277038,0.027487,-0.376396,-0.17453,-0.377013,-0.256279,-0.026717,-0.359505,0.032127,0.143608,-0.095133,0.461547,-0.092834,-0.406901,-0.273296,-0.733539,0.22662,-0.17453,-0.722493,0.624852,-0.532477,0.3895,-0.482329,-0.468133,-0.014669,0.410257,-0.595476,0.307428,-0.501345,-0.377013,0.12593,0.237952,0.280156,0.4508,0.484247,-0.80482,0.309503,0.84037,0.48338,-0.241001,0.84037,-0.094332,0.132666,0.267128,-0.092834,0.237952,-0.162197,-0.12343,0.149067,-0.112348,0.149067,-0.498629,-0.257729,-0.398483,#
19,-0.33294,0.307329,-0.479484,-0.019208,-0.6316,-0.046956,0.609419,-0.22331,0.190119,0.0,-0.047353,-0.244387,0.022946,-0.220877,0.166611,-0.427012,0.039119,0.17972,-0.285347,1.0,0.019208,0.370187,-0.711496,0.461121,0.201194,-0.10672,-0.337129,0.12263,-0.201041,0.33294,0.1861,-0.262774,-0.33294,0.655537,-0.200718,0.0,0.638216,0.44976,-0.206735,-0.019956,-0.139944,0.039119,-0.208488,0.383171,-0.33294,0.12263,0.278719,-0.232518,-0.231056,-0.01917,-0.05816,0.307255,-0.419382,-0.587094,-0.218144,0.058249,0.277957,-0.2534,0.082946,-0.023944,-0.018041,0.256655,0.451666,0.127675,-0.197528,-0.55026,0.0,-0.493596,-0.258538,-0.225885,0.44976,-0.302981,-0.33294,-0.179133,-0.215279,-0.389191,0.662548,0.518902,0.035308,0.662548,0.393361,0.440234,0.209835,-0.627996,0.330908,0.511062,0.040679,0.257303,0.393361,0.414367,0.036823,0.493701,0.620631,0.1721,0.234726,0.040622,-0.016875,-0.184584,0.393361,0.393361,0.193891,-0.010029,0.00184,-0.251349,0.529889,0.537825,-0.352834,-0.26,0.219571,-0.188049,-0.16262,-0.33294,0.373765,0.201293,0.003328,0.034008,0.22386,0.175619,-0.224993,0.049925,0.231257,0.480201,0.188324,0.518902,-0.248726,0.82059,0.393361,0.528004,-0.162354,0.62476,0.493701,0.268438,0.160321,0.424361,0.175619,0.234726,-0.33294,0.000896,-0.093397,0.175619,0.220722,0.175619,0.831994,0.461121,0.175619,-0.315505,0.23312,-0.036962,0.644225,0.584924,-0.03131,0.35148,-0.013818,0.220722,0.202833,0.80054,0.211703,-0.469678,0.175619,0.401711,-0.449521,0.414367,-0.2044,0.584924,0.393361,-0.02527,0.433272,0.151312,-0.169654,0.234726,-0.204336,0.357256,0.662548,-0.170246,-0.394971,-0.03131,0.043273,-0.266402,0.007321,0.016861,-0.211006,0.212005,0.200309,-0.231805,0.007059,0.330908,-0.231805,0.662548,-0.392083,-0.352159,0.175619,-0.266402,-0.519794,-0.451733,0.391097,-0.440547,-0.021993,0.512144,-0.584826,-0.397337,#
20,-0.166667,-0.166667,0.147417,-0.25,0.015839,-0.407434,0.008127,-0.326762,-0.327239,0.0,-0.249461,0.354881,0.096859,0.015839,-0.326581,0.116962,-0.249769,0.526689,-0.324965,0.019208,1.0,-0.108589,-0.202248,0.235359,-0.327327,0.024804,0.144338,0.306166,0.784987,-0.166667,-0.196958,0.015167,-0.166667,0.34782,-0.322937,0.0,-0.326762,0.240268,-0.327028,0.399601,0.562984,-0.249769,0.433013,0.241312,-0.166667,0.306166,-0.661976,-0.611842,-0.754,0.274452,0.273907,0.1835,0.107189,0.011756,-0.326637,0.501706,0.227734,-0.033202,0.207613,0.407531,0.295856,-0.146981,0.309747,0.338502,0.195389,-0.355133,0.0,0.232205,-0.198957,0.20045,0.240268,-0.234262,-0.166667,-0.011485,-0.217502,-0.639452,0.34925,0.392657,0.258492,0.34925,0.641466,0.417676,0.517162,0.012038,0.192272,-0.341297,0.417676,-0.195142,-0.07194,0.094617,-0.341297,-0.346555,0.023212,-0.499056,0.017228,0.417099,-0.373389,0.516465,-0.407661,0.437636,0.239579,0.427211,-0.071837,0.228998,0.285532,0.375,-0.661598,0.192272,-0.326789,0.540595,-0.064982,0.666667,0.214047,0.528681,0.267136,-0.249873,0.029371,0.285716,-0.498445,0.382654,0.34925,-0.25,-0.22225,-0.249873,0.252082,-0.077135,0.641466,-0.352038,0.286147,0.017228,-0.346555,0.228395,-0.111784,-0.087393,0.285716,0.505347,-0.166667,-0.407971,0.017366,0.285716,0.011355,0.285716,0.116563,0.235359,0.285716,0.196583,-0.195142,-0.249786,-0.195142,-0.499309,0.276526,-0.617673,-0.101915,0.011355,-0.217859,-0.407661,0.020769,0.100764,0.285716,-0.082245,0.081764,0.124184,-0.213085,-0.499309,-0.07194,-0.056925,-0.071837,0.323734,0.517162,0.505347,0.256735,0.269741,-0.1905,0.339925,0.155386,0.276526,0.597701,0.452263,-0.198513,-0.054861,0.044092,0.271752,0.363177,-0.159155,-0.191404,0.192272,-0.159155,0.34925,0.612372,0.694466,0.285716,0.452263,0.436728,0.164461,0.448044,0.178754,0.448044,0.276526,0.331704,0.0933,#
21,0.316382,0.235946,-0.231093,-0.128698,-0.388709,0.268734,0.380057,-0.29479,0.065913,0.0,0.416894,-0.541162,0.288137,0.009428,0.115583,-0.523084,0.432409,-0.037879,0.079163,0.370187,-0.108589,1.0,-0.058427,0.356752,-0.379137,-0.44278,0.046438,0.096246,-0.361309,-0.407543,-0.110831,-0.431377,-0.407543,-0.129033,0.561854,0.0,0.497864,-0.143366,-0.350154,-0.610705,-0.060468,-0.089171,-0.213624,0.028253,-0.407543,-0.448773,0.464312,-0.312854,0.29406,0.06984,-0.388565,0.426311,-0.600085,-0.774374,0.567507,-0.027801,-0.330772,0.009614,0.514344,0.581945,0.58897,0.259666,-0.178751,-0.206932,0.535679,0.127434,0.0,-0.275807,-0.048149,0.253674,-0.143366,-0.80209,-0.407543,-0.373594,-0.076978,-0.221272,-0.117477,-0.094177,-0.369406,-0.117477,0.217383,-0.242082,-0.40402,-0.43146,-0.276835,0.615173,-0.242082,0.390691,-0.281036,-0.16534,0.118689,0.092221,-0.021658,0.3919,0.002402,0.608812,0.108122,0.436709,0.217383,-0.281036,-0.200417,-0.251615,0.176816,-0.395761,0.086922,0.394137,-0.26076,-0.2026,0.060612,-0.010321,0.559429,-0.407543,-0.288934,-0.432811,0.092221,-0.094177,0.014175,0.112608,-0.067156,0.430445,-0.117477,-0.108589,-0.09909,-0.094177,-0.325918,0.13688,0.217383,0.1155,0.621801,0.002402,0.092221,0.093743,-0.385735,0.184642,0.112608,0.002402,0.28957,0.261587,-0.214553,0.112608,0.415935,0.112608,0.244711,-0.353176,0.112608,-0.102606,-0.088306,-0.146447,0.342082,-0.031185,-0.416056,0.416408,-0.281036,0.415935,-0.566739,0.217383,0.414978,-0.14265,0.112608,0.563448,0.318317,-0.16534,-0.548057,-0.031185,-0.281036,0.590369,0.568776,0.322895,-0.80131,0.002402,0.556829,0.263876,-0.117477,0.390691,-0.096032,-0.416056,0.267011,0.220694,-0.067703,0.194607,0.033845,0.116355,0.384146,-0.036291,0.41507,-0.276835,-0.036291,-0.117477,0.282406,-0.359102,0.112608,0.220694,-0.578666,-0.595507,0.179594,-0.604774,0.211629,-0.437128,-0.162052,-0.173895,#
