0,0.0,0.0,0.0,0.0,-2.7e-05,5.3e-05,5e-05,2.5e-05,-2.5e-05,0.0,0.0,-0.0001,2.5e-05,5.3e-05,1.5e-05,2.7e-05,5.6e-05,0.0,-0.000106,-0.000101,0.0,0.0,-0.000109,0.0,-2.6e-05,0.0,7.8e-05,0.0,-2.5e-05,-1.9e-05,-0.000116,0.0,-2.1e-05,-9.1e-05,2.5e-05,1.5e-05,-4.8e-05,7.9e-05,2.5e-05,1.5e-05,-5.2e-05,-2.4e-05,0.000116,5.1e-05,5.3e-05,0.000602,0.000343,0.000121,0.000118,0.000122,8.1e-05,0.000116,-2.7e-05,0.0,2.4e-05,5.7e-05,0.000754,-0.000241,0.001097,5.7e-05,7.6e-05,0.0,-0.00023,-0.000163,-3.1e-05,0.0,0.0,-0.000109,0.0,0.000747,0.0,0.0,-3.1e-05,7.2e-05,7.7e-05,7.8e-05,8.7e-05,-3.7e-05,-0.000116,8.7e-05,7.1e-05,0.000116,3.5e-05,-1.9e-05,0.000234,3.5e-05,8.7e-05,0.0,0.000234,7.7e-05,8.7e-05,0.000116,-3.4e-05,0.0,-4.4e-05,3.6e-05,7.7e-05,7.7e-05,7.1e-05,-7e-05,0.000343,7.7e-05,7.1e-05,-1.9e-05,0.000116,3.5e-05,4.4e-05,-0.000116,-7.3e-05,0.0,0.000116,0.0,-0.000116,0.0,-0.000116,-7.3e-05,3.6e-05,-0.000116,-1.9e-05,7.7e-05,-0.000726,3.8e-05,-7.6e-05,1.8e-05,0.000161,-3.8e-05,-3.6e-05,0.0,0.0,8.7e-05,-0.000726,-6.9e-05,0.000539,0.0,8.7e-05,7.1e-05,0.0,-7e-05,0.000231,-0.000726,-3.8e-05,5.4e-05,-3.8e-05,7.9e-05,5.4e-05,-7.7e-05,-8.8e-05,-3.6e-05,8.7e-05,3.5e-05,3.6e-05,-0.000116,3.5e-05,0.0,4.4e-05,-7e-05,-9.1e-05,4.7e-05,0.000116,-4.4e-05,-5.3e-05,7.1e-05,0.0,1.8e-05,0.000234,-8e-05,0.0,8.2e-05,1.8e-05,7.1e-05,0.0,0.0,0.0,-3.8e-05,8.5e-05,0.000234,2.1e-05,0.0,-7.8e-05,0.000155,0.0,8.3e-05,7.5e-05,0.0,-3.9e-05,-0.000726,-7.8e-05,-4.4e-05,-8.6e-05,0.000128,-0.000726,0.0,9.9e-05,-7.8e-05,0.000145,2.1e-05,-8.2e-05,-0.000726,-4.4e-05,0.0,#
1,0.0,1.0,-0.272104,-0.333136,-0.218159,-0.218161,-0.272096,-0.272071,0.349586,1.0,-0.111111,0.285903,-0.330125,0.518869,0.683496,-0.218218,-0.166667,0.163904,0.257508,-0.508103,-0.111111,-0.218218,0.250062,0.066082,-0.218165,0.188548,0.12512,0.132672,-0.272093,1.0,-0.665155,-0.33294,-0.111111,-0.333028,0.394225,0.683496,-0.332622,0.061467,-0.218064,0.683496,-0.218164,-0.271731,-0.664215,0.313954,-0.218161,-0.049937,0.170665,0.140876,-0.646066,0.17495,0.153041,-0.664825,-0.218159,0.256887,0.414756,-0.298697,0.16667,0.213504,-0.090906,-0.215898,0.10108,0.997654,0.012699,0.125896,-0.457837,-0.090722,-0.166667,-0.503138,0.093659,-0.061898,0.066082,0.333333,-0.166667,0.261018,0.131991,0.12512,-0.665376,-0.218107,-0.996323,-0.665376,-0.407871,-0.025641,-0.333069,-0.218218,-0.019385,-0.333069,-0.665376,-0.407832,-0.019385,0.131991,-0.665376,-0.025641,-0.333075,-0.271981,0.062802,0.185395,0.131991,0.131991,-0.407871,-0.333153,0.170665,0.131991,-0.407871,-0.218218,-0.025641,-0.333069,-0.665619,-0.996323,0.197361,-0.166582,-0.025641,-0.111111,-0.996323,-0.271981,-0.996323,0.197361,-0.408008,-0.996323,-0.271543,-0.482445,-0.842718,-0.218103,-0.508596,-0.272023,0.075853,-0.508492,0.326789,-0.333333,0.0,-0.665376,-0.842718,-0.272031,-0.193599,-0.271981,-0.665376,-0.407871,0.0,-0.333153,0.178434,-0.842718,-0.508492,-0.889503,-0.508492,-0.99226,-0.889503,-0.995105,0.068186,-0.111111,-0.665376,-0.333069,-0.408008,-0.996323,-0.333069,-0.271981,-0.665619,-0.333153,0.196228,0.509175,-0.025641,0.062802,-0.773479,-0.407871,-0.271981,-0.272023,-0.019385,-0.224209,-0.407832,0.232441,-0.272023,-0.407871,-0.229685,0.204176,-0.407832,-0.508492,-0.230781,-0.019385,-0.166667,0.639514,0.407098,0.09439,0.5075,0.210938,0.251259,0.5075,0.396882,-0.842718,0.407098,0.062802,0.255996,0.995503,-0.842718,-0.18622,-0.186723,0.340843,-0.333043,-0.270423,-0.230722,-0.842718,0.112782,-0.270666,#
2,0.0,-0.272104,1.0,0.831966,0.353733,-0.070135,-0.666345,0.562683,-0.021021,-0.272104,0.427592,-0.174473,-0.045675,-0.534262,-0.40805,-0.093308,0.116616,0.363162,-0.398574,0.093763,-0.272104,-0.534401,0.484498,0.24403,0.788688,0.515866,-0.399993,-0.116037,-0.258096,-0.272104,0.417816,0.412153,0.401677,0.01118,-0.245405,0.086844,0.402051,-0.406532,0.330587,-0.40805,-0.099088,0.158441,-0.116187,-0.534008,0.341735,-0.545466,-0.386988,-0.141597,0.397256,-0.591658,0.18372,0.407774,0.33561,0.520548,0.182686,0.000741,0.145775,-0.043571,-0.20849,-0.168213,-0.442031,-0.285658,-0.116991,-0.400596,0.308212,0.251795,0.09718,0.484498,0.08228,-0.421066,-0.423841,-0.247226,0.09718,0.001845,0.558592,0.254084,-0.099922,0.356566,0.259187,0.39355,0.254286,0.29154,-0.381715,0.347785,-0.422743,-0.421003,0.39355,0.242328,0.309711,0.119663,0.39355,-0.369283,0.003531,-0.225646,-0.077181,-0.14122,0.119663,0.119663,0.658583,0.382185,-0.386988,0.558592,0.658583,0.788878,-0.369283,-0.026341,0.408358,0.259187,0.249412,0.0827,0.29154,-0.272104,0.259187,0.174898,0.259187,0.249412,0.225891,0.259187,0.18328,-0.034546,0.154431,-0.058694,0.530853,0.146658,0.269012,0.086517,-0.211922,-0.19436,-0.454209,0.39355,0.154431,-0.231891,0.349071,-0.265519,0.39355,-0.190257,0.0,-0.017167,-0.579659,0.154431,0.086517,0.361654,0.086517,0.23245,0.070088,0.271764,-0.115867,-0.272104,0.39355,0.012947,-0.182468,0.259187,0.012947,-0.265519,0.408358,-0.017167,0.085079,-0.093308,0.29154,0.420831,0.297933,0.658583,0.174898,0.146658,0.309711,-0.078439,0.242328,-0.606437,0.146658,0.214039,0.274396,-0.294566,-0.15808,0.086517,-0.107101,0.309711,-0.408156,0.109181,-0.252522,-0.127085,-0.535872,0.072727,-0.158032,-0.535872,-0.259283,0.154431,-0.252522,-0.575192,0.254305,-0.284054,0.154431,0.09369,0.609696,0.4171,0.003276,0.199369,-0.0976,0.154431,-0.24646,-0.279867,#
3,0.0,-0.333136,0.831966,1.0,0.224004,-0.195141,-0.815806,0.799724,-0.212903,-0.333136,0.358762,-0.023687,-0.23551,-0.654096,-0.029018,0.201313,0.019219,0.453618,-0.684333,0.202176,-0.333136,-0.654267,0.188999,0.304813,0.654109,0.635557,-0.348271,-0.019124,-0.023937,-0.333136,0.492828,0.584761,0.333136,-0.180962,0.00064,-0.010195,0.205787,-0.341246,0.201171,-0.029018,-0.223773,-0.0,-0.037561,-0.75474,0.637098,-0.472204,-0.393609,-0.039453,0.396591,-0.50359,0.24396,0.480632,0.206084,0.575737,0.023762,-0.171491,1e-06,0.003078,-0.083864,-0.290821,-0.354541,-0.343669,-0.474465,-0.349467,0.040797,0.327452,0.480485,0.188999,0.225368,-0.452063,-0.355615,-0.052277,0.480485,0.197928,0.67757,0.348271,-0.013248,0.226836,0.307853,0.474725,0.400696,0.347427,-0.194249,0.218089,-0.354694,-0.608353,0.00552,0.004479,0.369598,0.243532,0.474725,-0.306032,0.182443,-0.37995,-0.457923,-0.373906,-0.173811,0.243532,0.416072,0.185836,-0.393609,0.67757,0.800487,0.654267,-0.306032,0.157165,0.492801,0.307853,0.406874,-0.01427,-0.280899,0.30751,0.307853,0.396976,0.307853,0.406874,0.3764,0.307853,0.024671,0.102483,0.129572,0.227325,0.643691,0.374606,0.335476,-0.207634,-0.365812,-0.192194,-0.449148,0.474725,0.129572,-0.386155,0.405287,-0.419379,0.00552,-0.038894,0.0,0.170647,-0.470318,0.129572,0.200906,0.156634,0.200906,0.290616,0.145545,0.307967,-0.019096,-0.333136,0.474725,0.196015,-0.027408,0.307853,-0.179239,-0.419379,0.492801,0.170647,-0.208877,-0.218089,-0.280899,0.034539,0.423,0.416072,0.01613,-0.01182,0.369598,-0.20684,0.004479,-0.386822,-0.01182,-0.023517,0.138906,-0.577186,-0.391467,-0.207634,-0.238972,0.369598,-0.499704,0.00472,-0.414515,-0.368102,-0.662907,0.19354,-0.39139,-0.662907,-0.027559,0.129572,-0.414515,-0.476864,0.399074,-0.358234,0.129572,0.476115,0.495241,0.210952,-0.188788,0.041227,-0.229542,0.129572,-0.122139,-0.068667,#
4,-2.7e-05,-0.218159,0.353733,0.224004,1.0,0.028387,-0.108445,0.361854,0.192019,-0.218159,-0.218159,0.525516,-0.214755,0.028387,-0.327154,0.510626,-0.327239,-0.290955,-0.064223,-0.529074,-0.218159,-0.428457,0.452085,-0.524322,0.54251,-0.060465,0.188803,-0.767203,0.334907,-0.218159,0.334384,0.222494,0.528962,-0.212802,-0.08617,0.199658,-0.227066,0.17737,0.528314,-0.327154,0.498147,-0.10361,0.325177,-0.040852,0.52318,0.116852,0.090275,0.319905,0.418273,-0.22116,0.242375,-0.210106,0.536211,0.365381,-0.534253,-0.125807,-0.210696,0.246926,-0.773456,-0.423902,-0.537845,-0.208386,-0.238065,0.189141,0.258784,0.297691,0.210688,0.452085,-0.013435,0.283575,-0.524322,0.399859,0.233102,-0.200189,-0.040883,0.160953,-0.255826,-0.428239,0.175558,-0.233938,-0.370457,-0.502065,-0.233844,0.530191,0.215686,0.186272,0.291361,-0.35676,0.215686,-0.527589,0.291361,0.201378,-0.221316,-0.107639,-0.21712,-0.364859,-0.060352,-0.527589,0.077847,0.213804,0.090275,-0.040883,0.077847,0.530191,-0.531376,-0.233844,0.303049,0.175558,0.103674,0.216981,0.201378,-0.218159,0.175558,-0.089874,0.175558,0.103674,0.086406,0.175558,0.840126,-0.691143,-0.078792,-0.42823,-0.056866,-0.101476,0.206537,-0.083629,-0.532083,-0.224136,-0.110488,-0.233938,-0.078792,-0.113666,0.204679,-0.089874,0.291361,0.077847,0.0,0.213804,0.106954,-0.078792,-0.521953,0.259612,-0.54101,0.17737,0.259612,0.217091,0.325137,0.499077,-0.233938,-0.216339,0.086406,0.175558,0.203777,-0.089874,0.303049,-0.229017,-0.08837,0.510626,0.201378,-0.21712,0.134594,0.077847,0.336503,-0.08345,0.215686,-0.44022,-0.35676,-0.384548,0.349174,0.077847,-0.022652,-0.032165,0.069472,-0.083629,0.477951,0.215686,-0.327239,-0.35158,-0.141877,0.060699,-0.006205,-0.090282,-0.80065,-0.006205,-0.120635,-0.078792,-0.141877,-0.76934,-0.372065,-0.263387,-0.078792,-0.365631,0.754507,0.612363,-0.653909,0.314729,-0.453008,-0.078792,0.160771,0.388263,#
5,5.3e-05,-0.218161,-0.070135,-0.195141,0.028387,1.0,0.34158,-0.534198,0.216092,-0.218161,0.518869,-0.376937,0.243328,0.022215,-0.327156,0.03474,0.225531,-0.156559,-0.018479,-0.034667,-0.218161,0.05404,0.471799,-0.485095,-0.428356,-0.496429,0.246811,-0.202411,-0.105538,-0.218161,0.334386,0.245311,-0.218161,0.216354,-0.092225,-0.327156,0.222458,0.206894,0.052518,-0.327156,0.028638,0.350031,0.346373,-0.050731,-0.428348,-0.544129,0.214339,-0.23602,0.417991,0.322082,0.271826,-0.202858,0.047418,0.062547,-0.078646,0.711091,-0.47982,0.33423,0.231557,-0.423905,0.225285,-0.236548,0.274272,0.218559,0.312162,0.32737,-0.327241,0.471799,0.014082,-0.537592,0.216247,-0.056603,-0.327241,-0.652268,-0.486458,0.218192,0.323115,0.063112,0.217924,-0.195088,0.109678,-0.450042,0.649292,0.03474,-0.512986,0.192187,0.323115,0.100997,0.258551,-0.006326,-0.21668,0.2439,-0.202058,0.788659,0.345058,0.118058,0.4546,-0.006326,0.109678,-0.217289,0.214339,-0.486458,-0.332571,-0.42846,0.2439,-0.653965,0.335046,0.217924,-0.798741,-0.327075,0.2439,-0.218161,0.217924,-0.070103,0.217924,-0.798741,-0.354411,0.217924,-0.087768,0.035258,0.187397,0.54553,-0.022751,-0.534103,0.236541,0.42046,0.393144,1e-06,0.29873,-0.195088,0.187397,0.338119,0.303465,-0.095876,0.323115,-0.358586,0.0,-0.217289,0.093336,0.187397,-0.030744,0.299481,-0.030744,0.206894,0.299481,0.217093,-0.773303,0.489388,-0.195088,0.23485,0.074414,0.217924,0.649292,-0.095876,0.335046,-0.217289,-0.048594,0.03474,0.2439,-0.177913,0.165115,0.109678,0.350515,-0.08954,0.258551,0.522108,0.100997,-0.373187,-0.107323,-0.358586,-0.417117,0.322724,0.521472,0.42046,0.027992,0.258551,-0.327241,0.225339,-0.118817,0.579214,0.018362,-0.022631,0.100984,0.018362,-0.533092,0.187397,-0.118817,0.345058,-0.328801,-0.216555,0.187397,-0.330341,-0.330192,0.212468,0.22443,0.303303,0.057137,0.187397,-0.138954,-0.04309,#
6,5e-05,-0.272096,-0.666345,-0.815806,-0.108445,0.34158,1.0,-0.666265,-0.004594,-0.272096,-0.272096,-0.174605,0.455218,0.34158,-0.408038,-0.102559,0.107189,-0.551387,0.540124,0.119607,0.415015,0.815074,-0.337075,-0.329645,-0.534257,-0.758786,0.280788,-0.045124,0.167014,-0.272096,-0.099594,-0.404811,-0.272096,0.417006,-0.254227,-0.408038,0.018023,0.312346,-0.08589,-0.408038,0.353329,0.17476,0.445348,0.584127,-0.534247,0.491218,0.305361,-0.07069,-0.009847,0.408456,-0.347833,-0.066571,-0.090704,-0.754673,-0.257923,0.379962,-0.086578,-0.13401,0.159657,0.438769,0.298579,-0.259906,0.49914,0.28161,0.265281,-0.283878,-0.408144,0.128704,-0.29577,0.48128,0.324196,-0.17645,-0.408144,-0.373306,-0.76684,-0.439592,0.422599,-0.07604,0.297952,-0.060507,-0.149978,-0.316494,0.399346,-0.102559,0.348931,0.825491,0.422599,0.274301,-0.370349,-0.319227,-0.080636,0.330448,0.026964,0.56705,0.450148,0.29789,0.110481,-0.319227,-0.149978,0.022614,0.305361,-0.76684,-0.562274,-0.534386,0.330448,0.036649,-0.099266,0.297952,-0.547871,0.121851,0.330448,-0.272096,0.297952,-0.233548,0.297952,-0.547871,-0.141785,0.297952,0.131895,0.205596,0.398048,-0.093167,-0.335727,-0.227315,-0.394794,0.541476,0.198932,0.412267,0.466671,-0.060507,0.398048,0.573477,-0.297277,0.607416,0.422599,0.28657,0.0,0.022614,0.354992,0.398048,0.120832,0.398131,0.120832,0.312346,0.398131,0.297062,-0.046263,0.387531,-0.060507,0.012974,0.257995,0.297952,0.399346,0.607416,-0.099266,0.022614,0.107159,-0.102559,0.330448,-0.037403,0.037976,-0.149978,0.158582,0.187137,-0.370349,0.375282,0.274301,0.246785,0.170559,0.28657,0.005682,0.481241,0.666298,0.541476,0.378515,-0.370349,0.622523,-0.375227,0.167762,0.333033,0.359488,-0.316015,0.274994,0.359488,-0.225164,0.398048,0.167762,0.450148,-0.558651,-0.241183,0.398048,-0.390223,-0.389336,-0.418247,0.425109,0.11553,0.386183,0.398048,0.031173,0.210899,#
7,2.5e-05,-0.272071,0.562683,0.799724,0.361854,-0.534198,-0.666265,1.0,-0.013375,-0.272071,-0.272071,0.249263,-0.489599,-0.534198,0.101788,0.374399,-0.408107,0.318615,-0.40769,0.063756,-0.272071,-0.534337,0.014604,0.216848,0.792463,0.497926,-0.419134,-0.151659,0.1748,-0.272071,0.377675,0.384588,0.394225,-0.422105,0.200888,0.101788,-0.022294,-0.426523,0.339209,0.101788,-0.085926,-0.281964,-0.130375,-0.538655,0.810873,0.085678,-0.501288,0.386859,0.255674,-0.62241,0.156555,0.367847,0.326012,0.385871,-0.254392,-0.521795,0.147839,-0.12403,-0.404312,-0.172154,-0.409146,-0.28534,-0.66696,-0.421969,-0.225845,0.224412,0.632982,0.014604,0.068645,0.101044,-0.471122,0.079955,0.61216,0.412852,0.531715,0.280501,-0.124629,-0.114545,0.218942,0.363362,0.234004,0.251143,-0.409027,0.33805,0.268986,-0.409027,-0.144962,-0.206714,0.268986,0.097662,0.363362,-0.402341,-0.027804,-0.665983,-0.635637,-0.575981,-0.354477,0.097662,0.217345,0.38543,-0.501288,0.531715,0.63381,0.792418,-0.402341,0.387791,0.377939,0.218942,0.680517,0.077299,-0.429569,0.421988,0.218942,0.142711,0.218942,0.680517,0.649877,0.218942,0.191414,-0.072115,-0.098263,-0.08866,0.504323,0.573098,0.241479,-0.377617,-0.663572,-0.399779,-0.634854,0.363362,-0.098263,-0.666105,0.25526,-0.269888,-0.144962,0.234004,0.0,0.401885,-0.266866,-0.098263,0.04728,0.023427,0.064984,0.205363,0.03544,0.218674,0.405484,-0.272071,0.363362,-0.018749,0.229229,0.218942,-0.425289,-0.269888,0.377939,0.401885,-0.381929,-0.079969,-0.429569,-0.122637,0.252412,0.217345,-0.269888,0.137709,0.268986,-0.549007,-0.206714,-0.11069,0.137709,0.217345,0.249962,-0.758677,-0.602675,-0.377617,-0.141451,0.268986,-0.408107,-0.438463,-0.284378,-0.60076,-0.564857,0.049039,-0.603304,-0.564857,0.152907,-0.098263,-0.284378,-0.615117,0.228847,-0.328475,-0.098263,0.586268,0.585655,-0.036437,-0.43051,0.189878,-0.130896,-0.098263,0.271261,0.110461,#
8,-2.5e-05,0.349586,-0.021021,-0.212903,0.192019,0.216092,-0.004594,-0.013375,1.0,0.349586,-0.333199,-0.01119,-0.280296,0.216092,0.022735,0.203826,-0.499798,-0.088633,0.288141,-0.254864,-0.333199,-0.207402,0.607699,-0.39958,0.198206,-0.255971,-0.285489,-0.541343,-0.02165,0.349586,-0.041388,0.180042,-0.333199,-0.61109,0.412446,0.504182,0.154953,-0.385491,0.632489,0.022735,0.192486,-0.04479,-0.483203,-0.076336,-0.219426,0.046645,-0.383143,0.462033,-0.030959,-0.48759,0.246508,-0.541,0.209648,0.234745,0.011299,-0.20136,0.008193,0.010496,-0.443922,-0.296721,0.303117,0.30888,0.18791,-0.338634,-0.272307,0.162788,-0.008193,0.144852,0.100527,0.057817,-0.39958,-0.117985,-0.499799,-0.235055,-0.272947,0.324304,-0.055066,-0.241352,-0.399059,-0.53513,-0.026799,-0.414082,-0.21493,0.203826,0.250004,0.169008,-0.055066,-0.427717,0.250004,0.171848,-0.555133,-0.414082,-0.998824,-0.020056,-0.065785,-0.047122,0.59885,0.171848,-0.026799,0.182634,-0.383143,-0.272947,-0.436498,0.203826,0.228785,-0.230928,-0.041021,-0.399059,-0.04079,-0.499544,0.228785,-0.333199,-0.399059,-0.815613,-0.399059,-0.04079,-0.01519,-0.399059,0.010922,-0.58024,-0.613535,-0.215884,-0.243003,-0.025001,0.280111,0.164534,-0.028996,-0.606313,-0.269264,-0.53513,-0.613535,-0.43152,0.129584,-0.409717,-0.055066,-0.42011,0.0,-0.205867,-0.141604,-0.613535,-0.671456,-0.231347,-0.253461,-0.411392,-0.514991,-0.399094,-0.07207,0.322274,-0.53513,-0.598869,-0.01519,-0.399059,-0.21493,-0.409717,-0.041021,0.182634,0.155583,0.650814,0.228785,-0.065785,-0.509011,-0.026799,-0.425952,-0.008528,0.250004,-0.240112,-0.427717,-0.05579,-0.025001,-0.026799,0.094095,0.108261,-0.427717,0.164534,-0.275297,0.250004,-0.499799,-0.033954,0.360662,0.287275,0.170107,-0.233096,-0.024096,0.170107,-0.035036,-0.613535,0.360662,-0.065785,-0.031695,0.291902,-0.613535,-0.056236,-0.041577,0.165227,-0.225468,0.421582,0.179922,-0.613535,0.340619,-0.359264,#
9,0.0,1.0,-0.272104,-0.333136,-0.218159,-0.218161,-0.272096,-0.272071,0.349586,1.0,-0.111111,0.285903,-0.330125,0.518869,0.683496,-0.218218,-0.166667,0.163904,0.257508,-0.508103,-0.111111,-0.218218,0.250062,0.066082,-0.218165,0.188548,0.12512,0.132672,-0.272093,1.0,-0.665155,-0.33294,-0.111111,-0.333028,0.394225,0.683496,-0.332622,0.061467,-0.218064,0.683496,-0.218164,-0.271731,-0.664215,0.313954,-0.218161,-0.049937,0.170665,0.140876,-0.646066,0.17495,0.153041,-0.664825,-0.218159,0.256887,0.414756,-0.298697,0.16667,0.213504,-0.090906,-0.215898,0.10108,0.997654,0.012699,0.125896,-0.457837,-0.090722,-0.166667,-0.503138,0.093659,-0.061898,0.066082,0.333333,-0.166667,0.261018,0.131991,0.12512,-0.665376,-0.218107,-0.996323,-0.665376,-0.407871,-0.025641,-0.333069,-0.218218,-0.019385,-0.333069,-0.665376,-0.407832,-0.019385,0.131991,-0.665376,-0.025641,-0.333075,-0.271981,0.062802,0.185395,0.131991,0.131991,-0.407871,-0.333153,0.170665,0.131991,-0.407871,-0.218218,-0.025641,-0.333069,-0.665619,-0.996323,0.197361,-0.166582,-0.025641,-0.111111,-0.996323,-0.271981,-0.996323,0.197361,-0.408008,-0.996323,-0.271543,-0.482445,-0.842718,-0.218103,-0.508596,-0.272023,0.075853,-0.508492,0.326789,-0.333333,0.0,-0.665376,-0.842718,-0.272031,-0.193599,-0.271981,-0.665376,-0.407871,0.0,-0.333153,0.178434,-0.842718,-0.508492,-0.889503,-0.508492,-0.99226,-0.889503,-0.995105,0.068186,-0.111111,-0.665376,-0.333069,-0.408008,-0.996323,-0.333069,-0.271981,-0.665619,-0.333153,0.196228,0.509175,-0.025641,0.062802,-0.773479,-0.407871,-0.271981,-0.272023,-0.019385,-0.224209,-0.407832,0.232441,-0.272023,-0.407871,-0.229685,0.204176,-0.407832,-0.508492,-0.230781,-0.019385,-0.166667,0.639514,0.407098,0.09439,0.5075,0.210938,0.251259,0.5075,0.396882,-0.842718,0.407098,0.062802,0.255996,0.995503,-0.842718,-0.18622,-0.186723,0.340843,-0.333043,-0.270423,-0.230722,-0.842718,0.112782,-0.270666,#
10,0.0,-0.111111,0.427592,0.358762,-0.218159,0.518869,-0.272096,-0.272071,-0.333199,-0.111111,1.0,-0.408036,0.369292,-0.218161,-0.166623,-0.218218,0.666667,0.229465,-0.503311,0.245676,-0.111111,-0.218218,0.250062,0.154191,-0.218165,0.246563,0.12512,0.199007,-0.272093,-0.111111,0.202438,0.35855,-0.111111,0.348165,-0.272071,-0.166623,0.353741,0.149278,-0.218064,-0.166623,-0.218164,0.420916,0.166054,-0.39315,-0.218161,-0.882225,0.170665,-0.66413,0.234933,0.17495,0.153041,0.198169,-0.218159,0.317331,0.414756,0.527487,-0.250008,0.213504,0.515141,-0.215898,0.10108,-0.106133,0.266678,0.125896,0.409278,0.181444,-0.166667,0.250062,0.280976,-0.887204,0.154191,-0.2,-0.166667,-0.332205,0.259725,0.12512,0.196262,0.522634,0.15328,0.196262,0.29806,0.166667,0.35604,-0.218218,-0.988662,-0.333069,0.196262,0.291309,0.17447,0.259725,0.196262,0.166667,0.348215,0.427398,0.207729,0.303732,0.259725,0.259725,0.29806,-0.333153,0.170665,0.259725,0.29806,-0.218218,0.166667,-0.333069,0.20258,0.15328,-0.406805,-0.166582,0.166667,-0.111111,0.15328,0.427398,0.15328,-0.406805,-0.408008,0.15328,-0.271543,0.27931,0.361164,0.536868,0.247993,-0.272023,0.165091,0.241742,0.446346,0.333333,0.304291,0.196262,0.361164,0.417625,0.253168,-0.271981,0.196262,-0.407871,0.0,-0.333153,-0.331378,0.361164,0.241742,0.192325,0.241742,0.149278,0.192325,0.153093,-0.662383,-0.111111,0.196262,0.35604,-0.408008,0.15328,0.35604,-0.271981,0.20258,-0.333153,0.246543,-0.218218,0.166667,0.207729,0.281265,0.29806,0.427398,-0.272023,0.17447,0.523154,0.291309,-0.405632,-0.272023,-0.407871,-0.178644,0.262512,0.291309,0.241742,-0.183682,0.17447,-0.166667,0.690675,-0.242527,0.351818,-0.184546,0.256794,0.292449,-0.184546,-0.24325,0.361164,-0.242527,0.207729,0.303403,-0.063543,0.361164,-0.133014,-0.131804,0.383988,0.349094,-0.270423,-0.185482,0.361164,-0.622751,-0.270666,#
11,-0.0001,0.285903,-0.174473,-0.023687,0.525516,-0.376937,-0.174605,0.249263,-0.01119,0.285903,-0.408036,1.0,-0.372937,0.083371,0.408354,0.506987,-0.612054,0.073703,-0.131146,-0.541489,0.285903,-0.347077,-0.039815,-0.283395,0.10058,-0.125004,0.380798,-0.406011,0.649675,0.285903,0.104436,-0.024952,0.285903,-0.387871,0.249263,0.408354,-0.825805,0.359542,0.087581,0.408354,0.525507,-0.59857,0.111207,0.118495,0.524531,0.32394,0.285654,0.074912,-0.414583,0.097834,0.481054,-0.40611,0.094741,0.251792,-0.570271,-0.252279,-0.397641,-0.039336,-0.704774,-0.304304,-0.23484,0.299609,-0.419713,0.381458,-0.216101,-0.293498,0.387218,-0.039815,-0.116208,0.406682,-0.283395,0.654522,0.408036,-0.026478,-0.141787,-0.293925,-0.441627,-0.338334,-0.309848,-0.421297,-0.257477,-0.316756,-0.012338,0.089041,0.363053,-0.012338,-0.421297,-0.64866,0.363053,-0.593848,0.066609,0.336613,-0.010023,-0.602775,-0.429518,-0.277003,-0.593848,-0.115196,-0.681707,0.018194,0.285654,0.336865,0.158915,0.089041,-0.34398,-0.012338,-0.457401,-0.309848,0.132115,0.428635,-0.316756,0.258145,-0.309848,0.246545,-0.309848,0.132115,0.175058,-0.309848,0.278334,-0.626721,-0.397997,-0.373438,-0.564614,-0.1953,0.414546,-0.549147,-0.173829,-0.208184,0.087419,-0.421297,-0.397997,-0.177744,-0.454253,-0.14948,-0.421297,0.158915,0.0,-0.022452,0.588404,-0.397997,-0.531446,-0.403288,-0.549147,-0.298558,-0.115011,-0.283441,0.577703,0.258145,-0.421297,-0.426458,0.175058,-0.309848,-0.426458,-0.14948,-0.457401,-0.433752,-0.110235,0.525159,-0.316756,-0.429518,-0.048893,-0.240822,-0.190248,-0.580385,0.363053,-0.795911,-0.64866,0.182971,0.264635,-0.240822,0.09627,-0.035705,-0.252769,-0.549147,0.517349,0.363053,-0.0916,-0.11439,-0.200372,-0.345774,0.057628,0.334735,-0.648578,0.057628,0.221857,-0.397997,-0.200372,-0.450034,0.157275,0.256984,-0.397997,-0.140228,0.389912,0.380798,-0.797018,-0.207593,-0.366965,-0.397997,0.508495,0.661522,#
12,2.5e-05,-0.330125,-0.045675,-0.23551,-0.214755,0.243328,0.455218,-0.489599,-0.280296,-0.330125,0.369292,-0.372937,1.0,0.243328,-0.495058,-0.208791,0.553938,-0.441581,0.198493,0.247716,0.369292,0.267399,-0.309961,-0.248472,-0.30933,-0.207427,-0.218137,0.059295,0.039835,-0.330125,0.005178,0.170241,-0.330125,0.296916,-0.808356,-0.495058,0.195551,-0.101484,0.142616,-0.495058,0.255287,0.78977,0.135563,-0.038599,-0.648183,-0.04778,-0.151834,-0.511292,0.034178,0.097081,-0.41005,0.036698,0.146431,-0.131646,0.368237,0.263871,-0.270683,-0.417296,0.30977,0.627751,0.352282,-0.308922,0.674027,-0.190876,0.182001,-0.332364,-0.495187,0.164159,0.235037,-0.059224,0.417078,-0.255148,-0.495187,-0.21728,-0.194259,-0.387607,0.531291,0.619217,0.386266,0.039533,-0.004147,-0.232744,0.271255,0.139194,-0.283753,0.271255,0.531291,0.424444,-0.283753,-0.194259,0.531291,-0.095551,0.296958,0.471547,0.564885,0.133685,0.243145,-0.194259,-0.004147,-0.235852,-0.151834,-0.194259,-0.004147,-0.300366,0.425783,0.189319,0.003158,0.386266,-0.424727,0.04434,0.425783,-0.330125,0.386266,0.072395,0.386266,-0.424727,-0.44125,0.386266,0.004351,0.349293,0.638583,-0.172774,-0.216749,-0.040897,-0.309403,0.673119,0.097936,0.679833,0.302638,0.039533,0.638583,0.887728,-0.158987,0.072395,0.531291,-0.323103,0.0,-0.550907,-0.17907,0.638583,0.244942,0.506349,0.244942,0.40262,0.276328,0.388471,0.03213,0.341315,0.039533,-0.122036,-0.034311,0.386266,0.271255,0.072395,0.003158,-0.235852,0.678032,-0.208791,0.425783,0.068604,0.477148,-0.004147,0.471547,-0.040897,-0.283753,0.302414,0.424444,-0.344502,0.364102,-0.004147,0.245466,0.417886,0.507572,0.673119,0.304534,-0.283753,0.553938,0.079867,0.392783,0.19186,0.284608,-0.542898,0.426049,0.284608,-0.33912,0.638583,0.392783,0.564885,0.001432,-0.265235,0.638583,-0.045549,-0.451067,-0.13123,0.605791,-0.042931,0.201846,0.638583,-0.392129,0.085189,#
13,5.3e-05,0.518869,-0.534262,-0.654096,0.028387,0.022215,0.34158,-0.534198,0.216092,0.518869,-0.218161,0.083371,0.243328,1.0,0.236751,0.03474,0.225531,-0.743656,0.525015,-0.497631,-0.218161,0.05404,-0.027819,-0.455872,-0.428356,-0.015393,0.189573,-0.18041,-0.105538,0.518869,-0.773981,-0.213373,-0.218161,-0.202029,-0.092225,0.236751,-0.180292,0.236018,0.052518,0.236751,0.028638,0.367702,-0.225549,0.41831,-0.428348,0.339198,0.214339,0.36471,-0.123111,0.322082,-0.47462,-0.732902,0.047418,0.022453,0.359443,-0.363892,0.072968,0.33423,0.030553,0.094976,0.197348,0.551945,0.358508,0.218559,-0.263019,0.146835,-0.327241,-0.527437,0.407548,0.28358,0.24547,0.385615,-0.327241,0.213435,-0.062813,0.189573,-0.21668,-0.428242,-0.502275,-0.734884,-0.800834,-0.535084,-0.239523,0.03474,0.172824,0.217582,-0.21668,-0.336998,-0.598712,-0.062813,-0.21668,0.158859,-0.202058,0.350515,0.280969,0.065727,0.398114,-0.571188,-0.332571,-0.654129,0.214339,-0.571188,-0.800834,-0.42846,0.158859,-0.19686,-0.20886,-0.502275,0.082931,-0.327075,0.158859,-0.218161,-0.502275,-0.53402,-0.502275,0.082931,-0.801103,-0.502275,0.321599,-0.441963,-0.344981,-0.428233,-0.496736,-0.063389,-0.532986,-0.049544,-0.135559,0.221109,0.29873,-0.734884,-0.344981,0.338119,0.105897,-0.070103,-0.21668,-0.332571,0.0,-0.191593,0.093336,-0.344981,-0.500747,-0.378258,-0.500747,-0.462948,-0.378258,-0.488121,0.292832,0.489388,-0.734884,-0.19686,-0.372278,-0.502275,0.217582,-0.070103,-0.20886,-0.191593,0.418658,0.51724,0.158859,-0.242002,-0.495656,-0.800834,0.350515,-0.063389,-0.598712,0.055524,-0.336998,0.080297,-0.107323,-0.332571,-0.417117,0.477508,0.083477,-0.049544,0.027992,-0.598712,0.225531,0.225339,0.800465,0.465375,0.997675,-0.509312,0.100984,0.997675,0.372757,-0.344981,0.800465,0.280969,-0.360247,0.532772,-0.344981,-0.330341,-0.330192,0.212468,-0.201433,-0.122343,-0.423002,-0.344981,-0.204007,-0.04309,#
14,1.5e-05,0.683496,-0.40805,-0.029018,-0.327154,-0.327156,-0.408038,0.101788,0.022735,0.683496,-0.166623,0.408354,-0.495058,0.236751,1.0,0.20703,-0.249935,0.245791,-0.172662,-0.249314,-0.166623,-0.327242,-0.178232,0.131455,-0.327163,0.304055,0.155941,0.223318,0.086449,0.683496,-0.407427,-0.029001,-0.166623,-0.499412,0.611576,0.400562,-0.498803,0.124426,-0.327011,1.0,-0.327161,-0.40749,-0.409683,-0.048561,0.214194,0.047377,0.116649,0.235896,-0.489516,0.237645,0.196441,-0.41006,-0.327154,0.274239,0.117474,-0.447929,-0.05611,0.22216,0.086247,-0.323763,0.182515,0.685357,-0.447328,0.15577,-0.686577,0.030541,0.362151,-0.75451,0.255105,-0.092822,0.131455,0.49987,0.362151,0.449522,0.260483,0.219321,-0.400089,-0.327075,-0.696619,-0.400089,-0.121945,0.055715,-0.021441,-0.327242,0.065854,-0.499474,-0.997805,-0.611589,0.065854,0.260483,-0.400089,0.055715,-0.026874,-0.407865,-0.43807,-0.156575,-0.271168,0.260483,-0.611648,-0.4996,0.116649,0.260483,-0.121945,-0.327242,0.055715,-0.021441,-0.395902,-0.696619,0.355133,-0.249808,-0.744704,0.649491,-0.696619,0.077292,-0.696619,0.355133,-0.11723,-0.696619,-0.407208,-0.195052,-0.674244,0.196652,-0.237852,0.084336,0.146523,-0.76254,0.050981,-0.255036,-0.0,-0.400089,-0.674244,-0.40794,-0.071555,-0.407865,-0.997805,-0.121945,0.0,-0.015887,0.267582,-0.674244,-0.242105,-0.936605,-0.242105,-0.681788,-0.583446,-0.711385,0.1738,-0.166623,-0.400089,-0.021441,-0.11723,-0.696619,-0.499474,-0.407865,-0.395902,-0.015887,-0.223124,0.229292,-0.744704,-0.43807,-0.428244,-0.611648,-0.407865,-0.407928,0.065854,-0.336226,-0.611589,0.448999,-0.407928,-0.611648,-0.344437,-0.207991,-0.611589,-0.76254,-0.346081,0.065854,-0.249935,0.357774,0.101527,-0.236614,0.218855,0.316325,-0.107276,0.218855,0.595168,-0.674244,0.101527,0.165145,0.383894,0.663136,-0.674244,0.346019,-0.280012,0.004093,-0.499435,-0.405529,-0.345993,-0.674244,0.241162,0.057985,#
15,2.7e-05,-0.218218,-0.093308,0.201313,0.510626,0.03474,-0.102559,0.374399,0.203826,-0.218218,-0.218218,0.506987,-0.208791,0.03474,0.20703,1.0,-0.327327,-0.3219,-0.490411,-0.065795,-0.218218,-0.428571,-0.041419,-0.504709,0.05379,-0.047475,0.189241,-0.759972,0.787798,-0.218218,0.313437,0.65388,-0.218218,-0.654053,0.374399,0.20703,-0.221208,0.206948,0.541743,0.20703,0.511152,-0.097665,0.326123,-0.512902,0.53654,0.228842,-0.037242,0.34255,0.290511,-0.251089,0.212165,-0.238539,0.060649,0.326451,-0.534396,-0.357803,-0.491003,0.157242,-0.376912,-0.424016,0.226088,-0.208442,-0.224462,0.15895,-0.127156,0.267261,0.763762,-0.041419,0.490511,0.14858,-0.504709,0.305505,0.218218,-0.212301,-0.047385,0.217486,0.291439,-0.428354,0.175605,-0.241299,0.071889,-0.511972,0.197995,0.047619,0.215744,0.197995,-0.241299,-0.800967,0.215744,-0.047385,0.291439,0.201432,-0.232916,-0.101745,-0.762181,-0.358943,-0.047385,-0.047385,-0.364577,-0.223172,-0.037242,-0.047385,0.071889,0.047619,0.201432,0.197995,0.30313,0.175605,0.097561,-0.32716,-0.511972,0.509175,0.175605,-0.101745,0.175605,0.097561,0.080391,0.175605,0.382467,-0.476522,-0.078812,0.038441,-0.063289,0.343257,0.236603,-0.070943,-0.532225,-0.0,0.199205,-0.241299,-0.078812,-0.107855,0.204734,-0.534159,-0.241299,0.071889,0.0,0.207956,0.016687,-0.078812,-0.534801,-0.055084,-0.070943,0.206948,0.259682,0.18931,0.325224,0.509175,-0.241299,-0.22807,0.080391,0.175605,-0.22807,-0.534159,0.30313,0.207956,-0.075759,0.52381,-0.511972,-0.762181,0.130426,-0.364577,-0.101745,-0.534242,0.215744,-0.440338,-0.800967,0.128299,-0.095493,-0.364577,-0.016707,-0.019095,-0.368699,-0.070943,0.00925,0.215744,-0.327327,-0.351674,-0.136089,0.073028,0.0,-0.066044,-0.800865,0.0,0.332458,-0.078812,-0.136089,-0.224543,0.068277,-0.263457,-0.078812,0.191572,0.208525,0.189241,-0.654084,-0.111021,-0.453129,-0.078812,0.157296,0.383917,#
16,5.6e-05,-0.166667,0.116616,0.019219,-0.327239,0.225531,0.107189,-0.408107,-0.499798,-0.166667,0.666667,-0.612054,0.553938,0.225531,-0.249935,-0.327327,1.0,-0.319612,-0.162406,0.368514,-0.166667,0.218218,-0.189806,0.264327,-0.327248,0.391601,0.155321,0.323387,-0.40814,-0.166667,-0.347037,0.019208,-0.166667,0.522248,-0.408107,-0.249935,0.55041,0.256846,-0.327096,-0.249935,-0.327246,0.651354,0.225131,-0.059397,-0.327241,-0.324592,0.255998,-0.316971,0.3524,0.262426,-0.614416,0.297254,-0.327239,-0.135999,0.602322,0.171592,0.250008,0.320256,0.772711,0.262833,0.120032,-0.12736,0.49526,0.188845,0.457837,0.272166,-0.25,-0.189806,0.421464,-0.402336,0.264327,-0.299999,-0.25,0.035593,0.389588,0.155321,0.294393,0.228395,0.229921,0.294393,-0.082359,0.25,0.017228,-0.327327,-0.610644,0.017228,0.294393,0.436963,-0.610644,0.389588,0.294393,0.25,0.522323,0.641097,0.311594,0.455597,0.389588,-0.185214,0.44709,-0.49973,0.255998,-0.185214,-0.082359,-0.327327,0.25,0.017228,0.30387,0.229921,-0.066458,-0.249873,0.25,-0.166667,0.229921,0.116563,0.229921,-0.066458,-0.612012,0.229921,0.055543,0.418965,0.541746,0.239074,0.37199,0.124184,-0.622439,0.362613,0.131513,0.75,0.456436,0.294393,0.541746,0.626437,0.379752,0.116563,0.294393,-0.082359,0.0,0.023243,-0.497067,0.541746,0.362613,0.288487,0.362613,0.256846,0.288487,0.22964,-0.336062,-0.166667,0.294393,0.53406,-0.612012,0.229921,0.53406,0.116563,0.30387,0.023243,0.369814,-0.327327,0.25,0.311594,0.070316,-0.082359,0.641097,0.124184,-0.610644,0.784731,0.436963,-0.095711,-0.408034,-0.082359,-0.267965,0.415644,0.436963,0.362613,-0.275524,-0.610644,0.375,0.422079,0.15591,0.527727,0.276818,-0.165082,0.438673,0.276818,0.14723,0.541746,0.15591,0.311594,-0.078221,-0.095314,0.541746,-0.199522,-0.197707,0.058245,0.523641,-0.405635,-0.278224,0.541746,-0.934126,-0.405999,#
17,0.0,0.163904,0.363162,0.453618,-0.290955,-0.156559,-0.551387,0.318615,-0.088633,0.163904,0.229465,0.073703,-0.441581,-0.743656,0.245791,-0.3219,-0.319612,1.0,-0.346189,0.175437,0.229465,-0.17168,0.168882,0.588776,0.234889,0.129225,-0.122197,0.443279,-0.153101,0.163904,0.368776,-0.076314,0.196684,0.088576,0.298958,0.125404,-0.091902,-0.216319,-0.342294,0.245791,-0.269313,-0.580037,-0.242124,-0.171064,0.233969,-0.47145,-0.083919,-0.406716,-0.39469,-0.109185,0.644069,0.347962,-0.208077,0.134636,-0.045205,0.281246,0.012295,-0.251957,-0.017877,-0.212319,-0.17023,0.125249,-0.400878,-0.145919,-0.063444,-0.294419,0.122928,0.213325,-0.455924,-0.413928,-0.061087,-0.157347,0.270441,-0.015168,0.141946,-0.182023,-0.272565,0.409152,-0.171466,0.351652,0.586623,0.612747,0.092617,-0.19314,-0.27071,-0.552313,-0.248557,0.18793,0.655806,0.120591,-0.248557,-0.19101,0.088216,-0.560544,-0.14395,0.060515,-0.413277,0.731085,0.043968,0.454872,-0.083919,0.75244,0.606293,0.23606,-0.223161,-0.072286,-0.308793,-0.171466,-0.015448,0.320151,-0.19101,0.163904,-0.171466,0.503228,-0.171466,-0.015448,0.564468,-0.171466,-0.653037,0.250957,-0.189427,0.366278,0.15253,-0.220989,0.648979,-0.341846,0.484409,-0.462209,-0.336652,0.351652,-0.189427,-0.506406,-0.316338,-0.053876,-0.248557,0.043968,0.0,-0.100575,0.101525,-0.189427,0.306186,-0.232284,0.18076,-0.216319,-0.232284,-0.189449,-0.32618,-0.655614,0.351652,0.04292,0.16712,-0.171466,-0.437107,-0.053876,-0.308793,-0.120004,-0.341417,-0.3219,-0.19101,0.340634,0.050134,0.606293,-0.541057,-0.102353,0.655806,-0.1738,0.18793,0.040339,-0.031404,0.043968,0.2575,-0.405312,-0.299085,-0.341846,-0.14451,0.655806,-0.319612,0.280746,-0.595413,-0.506319,-0.743185,0.741377,0.167699,-0.743185,-0.209,-0.189427,-0.595413,-0.168179,0.587421,0.154141,-0.189427,0.241735,0.136101,-0.030549,0.068662,-0.055442,0.355027,-0.189427,0.315376,-0.107802,#
18,-0.000106,0.257508,-0.398574,-0.684333,-0.064223,-0.018479,0.540124,-0.40769,0.288141,0.257508,-0.503311,-0.131146,0.198493,0.525015,-0.172662,-0.490411,-0.162406,-0.346189,1.0,-0.429676,0.111197,0.409953,0.040942,-0.281935,-0.095064,-0.404126,-0.228616,0.163347,-0.383706,0.257508,-0.419237,-0.613108,0.140459,0.147905,-0.3375,-0.172662,-0.165605,-0.243053,-0.01075,-0.172662,-0.084067,0.157579,-0.346997,0.743553,-0.578277,0.426986,-0.105876,0.287446,-0.238552,0.215667,-0.315565,-0.386879,0.411155,-0.320759,0.159602,-0.019081,0.250197,-0.167983,-0.164399,0.402299,-0.131106,0.249326,0.187955,-0.200595,-0.270749,-0.201892,-0.754967,-0.05824,-0.397945,0.502087,0.472211,0.126413,-0.272139,0.239764,-0.416912,-0.138852,-0.296007,-0.1177,-0.257683,-0.381733,-0.579227,-0.288346,-0.253473,0.409953,0.490798,0.236534,0.175486,0.288464,-0.336275,-0.359724,-0.360301,-0.259647,-0.27472,0.152467,0.717053,-0.096197,0.135906,-0.480828,-0.081389,0.125284,-0.105876,-0.538016,-0.631903,-0.088121,-0.173548,-0.20911,-0.281493,-0.257683,-0.065979,0.188019,0.457842,-0.503311,-0.257683,-0.462519,-0.257683,-0.065979,-0.176933,-0.257683,0.092968,-0.054389,-0.224054,-0.518503,-0.41091,-0.286353,-0.337958,0.063226,0.024559,-0.201914,-0.276477,-0.381733,-0.224054,0.085567,-0.202377,0.469681,0.175486,-0.129934,0.0,-0.198128,0.328275,-0.224054,-0.011416,-0.024692,-0.421948,-0.270804,-0.34126,-0.258488,0.199843,0.257508,-0.381733,-0.213143,0.284177,-0.257683,0.232501,0.469681,-0.281493,-0.146096,0.080566,0.007663,0.457842,0.154708,-0.241358,-0.192938,0.10028,0.543219,-0.336275,0.003242,0.288464,-0.11619,0.448737,0.309031,-0.087374,0.038408,0.305854,0.063226,0.323987,-0.336275,0.298475,-0.185939,0.628226,-0.033446,0.517611,-0.520264,0.35711,0.517611,-0.288169,-0.224054,0.628226,0.241223,-0.562077,0.255111,-0.224054,-0.21579,-0.299103,-0.237706,0.199092,0.521708,0.365532,-0.224054,0.322334,0.039205,#
19,-0.000101,-0.508103,0.093763,0.202176,-0.529074,-0.034667,0.119607,0.063756,-0.254864,-0.508103,0.245676,-0.541489,0.247716,-0.497631,-0.249314,-0.065795,0.368514,0.175437,-0.429676,1.0,0.245676,0.445945,-0.48478,0.567846,-0.071475,0.088189,-0.161741,0.265013,0.094162,-0.508102,0.195061,0.18597,-0.508103,0.25965,0.063756,-0.228809,0.655196,-0.116053,-0.08331,-0.249314,-0.022503,0.116871,0.239423,-0.394278,-0.053185,-0.015056,-0.177245,-0.336772,0.127405,-0.298914,-0.290887,0.764867,-0.547095,-0.477635,0.101158,0.146269,0.217758,-0.331258,0.589305,0.447494,0.489743,-0.509874,0.345238,-0.187989,0.34563,-0.168681,0.305699,0.026192,0.107465,-0.148268,-0.151647,-0.834182,-0.238697,-0.191583,0.105055,-0.219196,0.776014,0.447097,0.538863,0.776014,0.784575,0.599479,0.229514,-0.540983,-0.155216,0.245866,0.264845,0.387441,-0.155216,0.559724,0.264845,-0.085042,0.267612,0.120079,-0.225041,0.446396,0.105055,0.559724,0.36578,0.207128,-0.177245,0.105055,0.36578,-0.065795,0.599479,0.654681,0.214992,0.538863,-0.060924,-0.180575,-0.085042,0.18984,0.538863,0.120079,0.538863,-0.060924,0.326856,0.538863,-0.366156,0.699879,0.633203,0.410581,0.514116,0.517268,-0.20135,0.554619,0.159612,0.485768,0.240836,0.776014,0.633203,0.159612,-0.028438,0.120079,0.264845,0.36578,0.0,0.207128,-0.519427,0.633203,0.536816,0.424944,0.999697,0.545844,0.424944,0.512026,-0.258456,-0.508103,0.776014,0.229514,-0.113066,0.538863,-0.179302,0.120079,0.214992,0.620801,0.11479,-0.522706,-0.085042,0.311464,0.218784,0.36578,-0.294828,0.079442,-0.155216,0.460397,0.387441,0.376986,-0.341543,0.36578,0.457836,0.083548,-0.027326,0.554619,-0.448266,-0.155216,0.368514,-0.159398,-0.313609,0.062956,-0.46021,0.099318,0.388308,-0.46021,0.11752,0.633203,-0.313609,0.29083,0.367823,-0.469747,0.633203,0.32619,-0.168069,-0.591026,0.671862,-0.344108,0.437397,0.633203,-0.389825,-0.381975,#
20,0.0,-0.111111,-0.272104,-0.333136,-0.218159,-0.218161,0.415015,-0.272071,-0.333199,-0.111111,-0.111111,0.285903,0.369292,-0.218161,-0.166623,-0.218218,-0.166667,0.229465,0.111197,0.245676,1.0,0.509175,-0.503138,0.154191,-0.218165,-0.50763,0.12512,0.199007,0.429178,-0.111111,0.202438,-0.33294,-0.111111,0.348165,-0.272071,-0.166623,-0.332622,0.149278,-0.218064,-0.166623,0.528186,-0.271731,0.22992,0.313954,-0.218161,0.282978,0.170665,-0.66413,-0.646066,0.17495,0.153041,0.198169,-0.218159,-0.498662,-0.272101,0.368605,-0.250008,-0.720574,-0.090906,0.566342,0.185313,-0.106133,0.266678,0.125896,0.166486,-0.952579,-0.166667,0.250062,-0.499512,0.350756,0.154191,-0.2,-0.166667,-0.332205,-0.506677,-0.996644,0.196262,0.522634,0.15328,0.196262,0.29806,0.166667,0.35604,-0.218218,0.17447,0.35604,0.196262,0.291309,0.17447,-0.506677,0.196262,0.166667,0.348215,-0.271981,0.207729,0.303732,-0.506677,0.259725,-0.407871,0.364144,0.170665,0.259725,0.29806,-0.218218,0.166667,0.35604,-0.665619,0.15328,-0.406805,0.690124,0.166667,-0.111111,0.15328,0.427398,0.15328,-0.406805,0.305016,0.15328,-0.271543,0.27931,0.361164,-0.218103,-0.508596,-0.272023,0.165091,0.241742,0.446346,0.333333,0.304291,0.196262,0.361164,0.417625,-0.938209,0.427398,0.196262,0.29806,0.0,-0.333153,0.43334,0.361164,0.241742,0.192325,0.241742,0.149278,0.192325,0.153093,0.2143,-0.111111,0.196262,-0.333069,0.305016,0.15328,-0.333069,0.427398,-0.665619,-0.333153,0.246543,-0.218218,0.166667,0.207729,0.281265,0.29806,-0.271981,-0.272023,0.17447,-0.180246,0.291309,0.278018,0.437602,0.29806,0.638013,0.262512,0.291309,0.241742,0.569887,0.17447,0.666667,-0.127903,-0.242527,-0.334656,-0.184546,0.256794,0.292449,-0.184546,-0.24325,0.361164,-0.242527,0.207729,0.303403,-0.063543,0.361164,-0.133014,-0.131804,-0.306328,0.349094,-0.270423,0.538351,0.361164,0.259888,0.405999,#
