0,1.0,-0.111111,-0.270191,-0.272104,0.461759,0.385926,-0.333201,0.461759,-0.272093,0.0,0.556068,-0.333199,0.347403,0.461759,0.566074,0.566074,0.471913,-0.407634,0.199218,-0.508103,-0.111111,0.380378,0.299819,0.105373,-0.272101,-0.332622,0.207954,0.161811,-0.166623,-0.111111,-0.665155,0.322131,-0.111111,-0.508316,0.683496,0.0,-0.332622,0.10066,0.381608,-0.111111,-0.218164,-0.271731,0.080635,0.125915,-0.111111,-0.653099,0.461081,0.170264,0.166948,-0.508892,0.230477,0.148107,-0.272071,-0.33179,0.39478,0.241562,-0.978399,0.373257,0.415226,0.411554,0.130372,-0.101008,-0.939008,-0.076823,0.11947,0.256114,0.0,0.258481,0.304642,0.296176,-0.035334,-0.139689,-0.111111,-0.272023,0.174855,0.195301,-0.66423,-0.271981,-0.665376,-0.66423,-0.332704,-0.508492,-0.333069,0.308968,-0.664634,0.174855,-0.508492,0.105892,-0.664634,-0.333069,0.038605,-0.66423,-0.407308,-0.332704,-0.508492,0.279104,0.117142,0.28628,-0.407433,-0.407661,0.461081,-0.407433,0.174855,-0.218093,0.038605,-0.218107,0.045404,0.032045,-0.271774,0.377013,0.038605,0.0,-0.523813,-0.332704,-0.66423,-0.218103,0.231807,-0.523813,-0.271577,0.182904,-0.66423,-0.218103,-0.508,-0.218103,0.115566,-0.66423,-0.271643,-0.035334,0.293294,-0.508492,-0.993406,-0.272031,-0.912903,-0.333069,-0.523813,-0.271981,0.0,-0.218103,0.356347,-0.523813,-0.407832,-0.523813,-0.407832,-0.99226,-0.039497,0.218218,-0.508,-0.166524,-0.66423,-0.407433,-0.508338,-0.523813,-0.407433,-0.271981,-0.664634,-0.332873,0.245983,-0.166524,-0.523813,-0.50779,0.133092,-0.407871,0.174855,-0.407661,-0.664634,0.356938,0.111345,0.357742,-0.333153,-0.333069,0.564162,0.177497,-0.66423,0.163668,0.448681,-0.664634,-0.166667,-0.059189,-0.184193,0.181406,0.449648,-0.235853,0.242118,0.383347,-0.059189,-0.993406,0.322275,-0.66423,0.41948,0.364406,-0.523813,-0.06326,-0.05999,-0.248452,-0.365073,-0.270423,0.365073,-0.993406,0.200439,-0.217194,#
1,-0.111111,1.0,0.29721,0.401677,0.380272,0.30608,0.316947,-0.271623,0.401127,0.0,0.470078,0.322275,-0.402988,0.380272,0.478986,-0.217721,-0.218018,0.24984,0.112602,0.18984,-0.111111,0.301132,0.210764,0.105373,0.414756,-0.332622,-0.046684,-0.663757,-0.166623,-0.111111,0.138172,0.166261,-0.111111,0.186105,-0.166623,0.0,0.327342,0.100659,-0.271831,-0.111111,0.499481,-0.271731,-0.046684,0.017988,-0.111111,-0.653099,-0.051231,0.170264,0.068743,0.197085,0.097509,0.063474,0.421988,-0.33179,-0.272078,0.167235,-0.06115,0.118764,0.138408,0.329243,0.16217,0.996909,0.152862,0.103936,-0.079647,0.155017,0.0,-0.179623,0.215041,-0.098726,-0.035335,-0.393669,-0.111111,-0.272023,0.174855,0.110388,0.105892,-0.271981,-0.665376,0.105892,0.28628,-0.508492,-0.333069,0.308968,0.111581,0.174855,-0.508492,-0.66423,0.111581,-0.333069,0.038605,0.105892,0.21932,0.28628,-0.508492,-0.332631,0.117141,-0.332704,0.225473,0.231807,-0.051231,0.225473,0.174855,0.479805,0.038605,-0.218107,0.045404,-0.993406,0.367694,0.377013,0.038605,0.0,-0.523814,0.28628,0.105892,-0.218103,-0.407661,-0.523814,0.39692,-0.587218,0.105892,-0.218103,0.169334,-0.218103,0.115566,0.105892,0.358254,-0.035335,0.048882,-0.508492,0.032045,-0.272031,0.080733,-0.333069,-0.523814,-0.271981,0.0,-0.218103,-0.534521,-0.523814,-0.407832,-0.523814,-0.407832,0.105373,-0.039497,-0.945611,0.169334,0.635258,0.105892,0.225473,0.175142,-0.523814,0.225473,-0.271981,0.111581,0.293711,0.145582,0.635258,-0.523814,0.163668,0.133092,-0.407871,0.174855,0.231807,0.111581,0.274883,0.111345,-0.331881,-0.333153,-0.333069,-0.268208,0.177497,0.105892,-0.50779,-0.320486,0.111581,-0.166667,-0.190719,-0.27629,0.181406,0.363177,-0.320086,-0.536119,0.297201,-0.190719,0.032045,0.23398,0.105892,-0.27197,-0.676755,-0.523814,-0.203836,-0.209963,0.383971,-0.448044,-0.270423,-0.381667,0.032045,-0.190662,-0.217194,#
2,-0.270191,0.29721,1.0,0.993782,0.101719,-0.045952,-0.478247,0.163807,0.107775,0.0,0.292048,-0.043833,-0.189908,-0.327614,-0.173655,-0.529436,-0.040936,0.658703,-0.519197,0.057026,-0.270191,-0.485611,0.456937,0.229546,0.540903,0.442938,-0.511879,-0.048181,-0.405182,-0.270191,0.398507,0.177513,0.432306,0.067546,-0.405182,0.0,0.379386,-0.445919,-0.247881,-0.270191,-0.164041,0.198232,-0.511879,-0.562514,0.432306,-0.146536,-0.444336,-0.176168,0.31602,0.070816,0.154125,0.236674,0.535357,0.442471,0.232215,-0.056934,0.242168,0.12996,-0.006732,-0.134772,-0.128358,0.287274,0.2071,-0.374721,-0.084734,0.313858,0.0,0.070313,-0.005084,-0.633791,-0.300729,-0.148226,0.432306,0.185982,0.535128,0.241589,-0.135772,0.215421,-0.023281,0.381567,0.380062,0.15203,-0.357487,0.380541,-0.176957,-0.885657,0.15203,-0.011705,0.396383,0.053996,0.259722,-0.135772,0.21333,-0.035748,0.15203,-0.357017,-0.113942,0.063971,0.650249,0.194376,-0.444336,0.650249,0.535128,0.763693,-0.431828,-0.088062,0.277601,-0.280531,0.524815,0.106466,0.259722,0.0,-0.046319,0.380062,0.381567,0.371256,-0.132176,-0.046319,0.130048,-0.067886,0.381567,-0.034678,0.520892,-0.079555,0.254003,-0.135772,0.126368,-0.300729,-0.338775,0.15203,0.243127,-0.2087,0.356396,-0.398449,-0.046319,-0.243766,0.0,-0.079555,-0.590329,-0.046319,0.302243,-0.046319,-0.11523,0.229546,-0.422606,-0.339613,0.020589,0.004499,0.381567,0.225086,0.031163,-0.046319,0.225086,-0.243766,0.396383,-0.068566,0.039064,0.004499,-0.046319,0.506167,0.479578,0.314715,0.076743,0.194376,0.396383,-0.055869,0.395546,-0.807043,0.022608,0.013033,-0.152931,-0.585889,-0.135772,-0.287781,-0.263934,0.396383,-0.405287,0.396609,-0.087342,-0.210061,-0.334334,0.172058,-0.30069,-0.490187,-0.294258,0.243127,-0.22759,-0.135772,0.200649,-0.303818,-0.046319,0.396539,0.39387,0.564621,-0.12711,0.240746,-0.401508,0.243127,-0.164056,-0.110224,#
3,-0.272104,0.401677,0.993782,1.0,0.141906,-0.00838,-0.421736,0.125435,0.150147,0.0,0.334928,-0.004459,-0.22914,-0.269876,-0.110699,-0.533184,-0.064687,0.660912,-0.484842,0.076833,-0.272104,-0.430643,0.462837,0.23245,0.567159,0.386043,-0.496398,-0.123616,-0.40805,-0.272104,0.39833,0.189646,0.401677,0.086487,-0.40805,0.0,0.402051,-0.415952,-0.269448,-0.272104,-0.099088,0.158441,-0.496398,-0.537422,0.401677,-0.216707,-0.432147,-0.149111,0.311118,0.090904,0.159196,0.234401,0.562683,0.385692,0.190994,-0.035104,0.225138,0.138498,0.009684,-0.090868,-0.104199,0.391786,0.21646,-0.347282,-0.090558,0.319106,0.0,0.046492,0.020201,-0.619396,-0.292556,-0.188075,0.401677,0.146658,0.533643,0.244586,-0.117873,0.174898,-0.099922,0.378318,0.397911,0.086517,-0.381715,0.401016,-0.156711,-0.829062,0.086517,-0.088686,0.393192,0.012947,0.253607,-0.117873,0.230186,-0.000902,0.086517,-0.381213,-0.095624,0.022557,0.649962,0.213463,-0.432147,0.649962,0.533643,0.788428,-0.409674,-0.109897,0.271548,-0.384911,0.546241,0.14608,0.253607,0.0,-0.105511,0.397911,0.378318,0.330645,-0.174312,-0.105511,0.171019,-0.13359,0.378318,-0.058694,0.519346,-0.101737,0.257096,-0.117873,0.162981,-0.292556,-0.319226,0.086517,0.236926,-0.231891,0.351242,-0.421003,-0.105511,-0.265519,0.0,-0.101737,-0.628531,-0.105511,0.242328,-0.105511,-0.15808,0.23245,-0.409937,-0.436004,0.039494,0.078397,0.378318,0.242179,0.050314,-0.105511,0.242179,-0.265519,0.393192,-0.031511,0.054444,0.078397,-0.105511,0.504563,0.475495,0.254286,0.093997,0.213463,0.393192,-0.02153,0.392361,-0.812755,-0.017167,-0.026341,-0.177957,-0.54124,-0.117873,-0.335233,-0.290519,0.393192,-0.408156,0.358155,-0.115991,-0.180319,-0.278315,0.127698,-0.350919,-0.43549,-0.30447,0.236926,-0.191001,-0.117873,0.160731,-0.370319,-0.105511,0.356559,0.353285,0.586317,-0.174163,0.199369,-0.429604,0.236926,-0.179584,-0.131046,#
4,0.461759,0.380272,0.101719,0.141906,1.0,0.410558,-0.051654,0.218459,0.124803,0.0,0.381884,0.371884,-0.098515,0.584993,0.393859,0.393859,-0.077584,-0.192872,0.278443,-0.832623,-0.271623,0.029059,0.592158,-0.413225,0.157577,-0.425925,0.206459,-0.593348,0.07149,-0.271623,-0.153964,0.236245,0.407434,-0.393839,0.153787,0.0,-0.425925,0.219326,0.180826,-0.271623,0.308767,-0.273525,0.172222,0.227781,0.407434,-0.609,0.317276,0.395825,0.408922,0.033798,0.353224,-0.383787,0.556518,-0.055361,-0.224968,0.101752,-0.544562,0.510152,-0.142109,0.070426,-0.111159,0.397228,-0.507146,0.162392,-0.058411,0.466279,0.0,0.244186,0.146755,0.255824,-0.302321,0.270083,0.407434,-0.255394,0.053171,0.275044,-0.691871,-0.664885,-0.651803,-0.671868,-0.450169,-0.810029,-0.432381,0.80337,-0.181452,0.035447,-0.394316,-0.615389,-0.181452,-0.814223,0.171444,-0.191794,-0.221162,-0.06431,-0.394316,-0.40938,-0.162273,-0.404774,-0.213708,-0.206153,0.317276,-0.213708,0.053171,0.329488,-0.497031,-0.533186,0.188691,-0.446528,0.126037,0.565872,0.171444,0.0,-0.710105,-0.048232,-0.191794,-0.097407,-0.159256,-0.710105,0.579124,-0.662455,-0.191794,-0.533175,-0.40464,-0.533175,0.255348,-0.691871,-0.294496,-0.302321,0.12846,-0.810029,-0.521733,-0.282862,-0.384093,-0.41647,-0.710105,-0.261205,0.0,-0.097407,0.21506,-0.710105,-0.593446,-0.710105,-0.996989,-0.493723,0.061152,-0.323631,0.017593,0.569919,-0.671868,-0.213708,0.028195,-0.710105,0.18083,-0.261205,-0.181452,-0.446123,0.05277,0.569919,-0.710105,-0.411388,0.397822,-0.589622,0.478537,-0.206153,-0.181452,-0.011032,-0.152666,-0.356137,-0.025569,-0.41647,-0.05087,-0.068301,-0.191794,-0.379585,0.543201,-0.181452,-0.407434,-0.30064,-0.154221,0.124593,0.548549,-0.290343,-0.745139,0.388541,-0.30064,-0.521733,0.225558,-0.691871,-0.208473,-0.343606,-0.710105,-0.321317,0.36296,0.521231,-0.990832,0.107565,-0.390451,-0.521733,0.319094,0.343965,#
5,0.385926,0.30608,-0.045952,-0.00838,0.410558,1.0,0.155413,-0.338987,0.379305,0.0,0.67287,-0.244024,0.078224,0.410558,0.255549,0.255549,0.239637,-0.023624,-0.230305,-0.250779,-0.332695,0.224626,0.724233,-0.315513,-0.419869,-0.584926,0.326837,-0.464729,-0.029731,-0.332695,-0.048877,0.408842,-0.332695,-0.25783,0.53964,0.0,0.173897,0.301401,0.0144,-0.332695,0.171905,-0.015954,0.267874,-0.132281,-0.332695,-0.604808,0.382477,-0.009996,0.520272,0.168758,0.431051,-0.31271,-0.016626,-0.174093,0.031948,0.667216,-0.465594,0.621807,0.440954,-0.128159,0.483293,0.302445,-0.24847,0.248428,0.312411,0.569907,0.0,0.341591,0.290466,-0.399664,-0.105798,-0.275294,-0.332695,-0.814506,-0.22628,0.361039,-0.066872,-0.395556,-0.521153,-0.537284,0.170513,-0.648958,0.179284,0.179259,-0.575817,0.164985,-0.241612,-0.481942,-0.052875,-0.194874,-0.386848,-0.066872,-0.437174,0.548606,-0.241612,0.201028,0.4665,0.214994,-0.027005,-0.446132,0.382477,-0.42971,-0.22628,-0.251807,0.268173,-0.653068,0.289769,-0.341589,-0.446133,-0.020878,0.268173,0.0,-0.439161,-0.223335,-0.066872,-0.653055,-0.400179,-0.439161,-0.020517,-0.251347,-0.066872,0.226058,-0.244388,-0.653055,0.346034,-0.066872,0.373914,-0.105798,0.521064,-0.648958,-0.41528,-0.027075,-0.253636,-0.607548,-0.439161,-0.418824,0.0,-0.226058,-0.04268,-0.439161,-0.407052,-0.439161,-0.407052,-0.394391,0.193956,-0.273557,-0.717952,0.458726,-0.537284,-0.027005,-0.276791,-0.439161,0.359592,-0.418824,-0.052875,-0.237803,0.199015,0.458726,-0.439161,-0.254833,0.252148,-0.399262,0.190525,-0.446132,-0.052875,0.596051,-0.024932,-0.186358,-0.618943,-0.607548,-0.155078,0.393683,-0.066872,0.203565,0.007677,-0.052875,-0.499043,0.300103,-0.261421,0.748029,0.392516,0.003027,-0.170884,0.197583,-0.330035,-0.41528,-0.008989,-0.066872,0.046929,-0.118466,-0.439161,-0.352733,-0.353859,0.389007,-0.394518,-0.056543,-0.163969,-0.41528,-0.035717,-0.18888,#
6,-0.333201,0.316947,-0.478247,-0.421736,-0.051654,0.155413,1.0,-0.814546,0.399327,0.0,-0.250739,0.184046,0.028798,0.362241,-0.245237,-0.245237,-0.199631,-0.004168,0.310218,0.228971,0.344037,0.580387,-0.218352,-0.272747,-0.414077,-0.563032,0.244914,-0.440639,0.496024,-0.333201,-0.017314,-0.470465,-0.333201,0.219485,-0.002238,0.0,0.209303,0.35521,-0.402231,-0.333201,0.640515,0.01325,0.320447,0.517055,-0.333201,0.113923,0.158629,0.022221,0.022586,0.644809,-0.301922,-0.3255,-0.003655,-0.594367,-0.409452,0.078375,0.292637,0.149326,0.091111,0.234125,0.524304,0.339524,0.511644,0.394317,0.160443,0.012981,0.0,-0.385913,-0.210733,0.300871,0.324769,-0.273384,-0.333201,-0.383218,-0.654744,-0.392518,0.492401,-0.389337,0.027193,0.013613,0.189772,-0.17844,0.198717,-0.22393,0.510845,0.679282,0.236159,-0.437012,-0.021408,-0.182103,-0.317185,0.492401,0.004583,0.574597,0.236159,0.237606,-0.006902,-0.172417,-0.007619,0.004287,0.158629,-0.417494,-0.654744,-0.245657,0.349499,0.248923,-0.33984,-0.271106,-0.002339,0.009785,0.349499,0.0,0.159056,-0.211088,0.492401,-0.193883,-0.369887,0.159056,0.374353,-0.206067,0.492401,-0.219448,-0.223968,-0.193883,-0.330738,0.492401,0.393817,0.324769,0.516041,-0.17844,0.328921,0.406063,0.164884,0.237919,0.159056,0.439543,0.0,0.240718,-0.060816,0.159056,0.031724,0.159056,0.031724,0.369514,0.359831,-0.289069,0.222936,0.475014,0.013613,-0.007619,0.211732,0.159056,0.385862,0.439543,-0.021408,0.203846,0.190564,0.475014,0.159056,0.225811,0.028909,-0.386483,-0.230517,0.004287,-0.021408,0.189151,0.028209,0.160673,-0.188706,0.237919,-0.185349,0.432107,0.492401,0.250367,-0.014065,-0.021408,0.516056,-0.333025,0.191979,0.436591,0.37758,0.014581,-0.185733,0.182409,0.308333,0.328921,-0.024863,0.492401,-0.394139,-0.138345,0.159056,-0.35593,-0.357235,-0.03249,0.020836,-0.044364,-0.18469,0.328921,0.013469,0.250031,#
7,0.461759,-0.271623,0.163807,0.125435,0.218459,-0.338987,-0.814546,1.0,-0.270179,0.0,-0.021722,-0.013353,-0.180044,-0.179947,0.41089,0.41089,-0.077584,-0.209587,0.282677,-0.389013,-0.271623,-0.342891,0.06894,0.206076,0.545061,0.333641,-0.289457,0.356816,-0.407328,0.407434,-0.153964,0.299117,0.380272,-0.377542,0.153787,0.0,-0.441413,-0.421534,0.581454,0.407434,-0.533325,-0.289155,-0.373493,-0.140714,0.380272,-0.134145,-0.18786,0.377054,-0.16885,-0.812581,0.22212,0.26172,0.116733,0.333451,0.181931,-0.312524,-0.418565,-0.259223,-0.304519,-0.010061,-0.614872,-0.299532,-0.686516,-0.475026,-0.447819,-0.127691,0.0,0.294523,0.076663,0.255824,-0.50099,0.344588,0.380272,0.531027,0.503558,0.326939,-0.643629,0.126328,-0.17436,-0.163555,-0.427471,0.021397,-0.41647,0.410023,-0.152989,-0.347174,-0.411637,0.344759,-0.152989,-0.034628,0.209194,-0.643629,-0.198184,-0.81333,-0.411637,-0.40938,-0.113353,-0.018915,-0.206939,0.215924,-0.18786,0.204038,0.503558,0.336952,-0.432543,-0.122733,0.226746,0.192712,0.132876,0.168473,-0.459281,0.0,-0.43072,-0.025535,-0.663632,0.3035,0.638,-0.43072,-0.247174,0.071776,-0.663632,-0.097407,0.04243,0.32093,0.230357,-0.643629,-0.66406,-0.50099,-0.666203,0.021397,-0.48413,-0.665008,-0.347657,-0.034628,-0.43072,-0.277352,0.0,-0.114838,0.280395,-0.43072,-0.222186,-0.43072,-0.206044,-0.518409,-0.47956,0.188488,0.04243,-0.407085,-0.163555,-0.1905,0.053258,-0.43072,-0.601476,-0.277352,-0.152989,-0.016275,-0.330118,-0.407085,-0.43072,-0.404207,-0.195214,0.192706,0.078192,0.215924,-0.152989,-0.372097,-0.144382,0.091668,0.360811,-0.050538,0.328962,-0.530335,-0.643629,-0.379585,0.17654,-0.152989,-0.407434,-0.262055,-0.100187,-0.635633,-0.212444,-0.281076,0.082441,0.025271,-0.262055,-0.48413,0.267648,-0.643629,0.170159,-0.038178,-0.43072,0.379739,0.379459,-0.290432,-0.196747,0.172553,0.403635,-0.48413,0.338216,-0.143127,#
8,-0.272093,0.401127,0.107775,0.150147,0.124803,0.379305,0.399327,-0.270179,1.0,0.0,-0.116649,-0.02165,-0.262763,0.124803,-0.11103,-0.11103,-0.533892,0.213456,0.301983,0.042006,-0.272093,-0.014138,0.444932,-0.461326,0.149993,-0.430661,-0.468961,-0.645021,0.086449,-0.272093,0.357831,0.172355,-0.272093,-0.385756,0.107052,0.0,0.369081,-0.444052,0.157839,-0.272093,0.335391,0.125498,-0.444318,-0.210256,-0.272093,-0.089919,-0.535025,0.375651,0.289824,0.073445,0.132484,-0.485546,0.578508,0.001197,-0.246066,-0.0577,0.199809,0.087378,-0.164229,-0.091432,0.416394,0.363546,0.320306,-0.374084,-0.519272,0.298788,0.0,0.02024,-0.016287,-0.122127,-0.523621,-0.268339,-0.272093,-0.260066,-0.390077,0.244598,0.348017,-0.265826,-0.12967,-0.147762,0.37387,-0.368703,-0.010535,0.400035,0.362651,0.067507,0.060609,-0.614377,0.362651,-0.010535,-0.47723,-0.147762,-0.617759,0.37387,0.060609,-0.404336,0.376813,-0.001172,0.217603,0.229647,-0.535025,-0.206818,-0.390077,0.338064,0.213113,-0.110229,0.230725,-0.42473,0.13359,-0.272132,0.213113,0.0,-0.405138,-0.439697,0.348017,-0.102076,-0.157806,-0.405138,0.170349,-0.425786,0.348017,-0.084075,0.056643,-0.102076,0.228018,0.348017,0.138846,-0.523621,-0.176472,-0.368703,0.196589,-0.271513,0.312153,-0.404869,-0.405138,-0.249151,0.0,-0.084075,-0.34748,-0.405138,-0.181897,-0.405138,-0.181897,0.203728,-0.492257,-0.618853,0.038475,0.601175,-0.147762,-0.189841,0.50762,-0.405138,0.217603,-0.249151,0.362651,0.38805,0.00545,0.601175,-0.405138,0.045875,0.131956,-0.174059,-0.390077,0.229647,0.362651,-0.046713,-0.136761,-0.431878,-0.017799,-0.010535,-0.207337,-0.229197,-0.147762,0.071302,-0.317704,0.362651,-0.40814,-0.345839,0.273193,0.184716,0.087103,-0.280915,-0.377444,-0.071442,-0.345839,0.196589,0.18178,0.348017,-0.274993,-0.697864,-0.405138,0.311777,-0.37597,0.102068,-0.199622,0.603672,-0.037076,0.196589,0.343973,-0.045535,#
9,0.0,0.0,0.0,0.0,0.0,0.0,0.0,0.0,0.0,0.0,0.0,0.0,0.0,0.0,0.0,0.0,0.0,0.0,0.0,0.0,0.0,0.0,0.0,0.0,0.0,0.0,0.0,0.0,0.0,0.0,0.0,0.0,0.0,0.0,0.0,0.0,0.0,0.0,0.0,0.0,0.0,0.0,0.0,0.0,0.0,0.0,0.0,0.0,0.0,0.0,0.0,0.0,0.0,0.0,0.0,0.0,0.0,0.0,0.0,0.0,0.0,0.0,0.0,0.0,0.0,0.0,0.0,0.0,0.0,0.0,0.0,0.0,0.0,0.0,0.0,0.0,0.0,0.0,0.0,0.0,0.0,0.0,0.0,0.0,0.0,0.0,0.0,0.0,0.0,0.0,0.0,0.0,0.0,0.0,0.0,0.0,0.0,0.0,0.0,0.0,0.0,0.0,0.0,0.0,0.0,0.0,0.0,0.0,0.0,0.0,0.0,0.0,0.0,0.0,0.0,0.0,0.0,0.0,0.0,0.0,0.0,0.0,0.0,0.0,0.0,0.0,0.0,0.0,0.0,0.0,0.0,0.0,0.0,0.0,0.0,0.0,0.0,0.0,0.0,0.0,0.0,0.0,0.0,0.0,0.0,0.0,0.0,0.0,0.0,0.0,0.0,0.0,0.0,0.0,0.0,0.0,0.0,0.0,0.0,0.0,0.0,0.0,0.0,0.0,0.0,0.0,0.0,0.0,0.0,0.0,0.0,0.0,0.0,0.0,0.0,0.0,0.0,0.0,0.0,0.0,0.0,0.0,0.0,0.0,0.0,0.0,0.0,0.0,0.0,0.0,0.0,0.0,0.0,0.0,0.0,0.0,0.0,0.0,0.0,0.0,#
10,0.556068,0.470078,0.292048,0.334928,0.381884,0.67287,-0.250739,-0.021722,-0.116649,0.0,1.0,-0.247438,0.180673,0.381884,0.550421,0.119071,0.53366,0.065808,-0.417171,-0.077925,-0.217841,0.236729,0.494391,0.234906,-0.108221,-0.209476,0.195314,-0.172592,-0.326677,-0.217841,-0.247189,0.518303,-0.217841,-0.082977,0.265447,0.0,0.199125,0.225575,-0.077811,-0.217841,0.016588,-0.086042,0.106635,-0.283987,-0.217841,-0.867931,0.366526,-0.204457,0.308734,-0.086356,0.312373,0.237976,-0.103704,-0.19197,0.378327,0.54742,-0.646092,0.464813,0.642694,0.278161,0.295797,0.481717,-0.432644,0.107016,0.36778,0.396071,0.0,0.17902,0.503274,-0.427864,0.158601,-0.431116,-0.217841,-0.53332,0.397824,0.275567,-0.266712,-0.082191,-0.748825,-0.266712,0.180038,-0.51309,-0.208583,0.191705,-0.822485,-0.097256,-0.51309,-0.207111,-0.259311,-0.208583,0.158677,-0.266712,0.04405,0.180038,-0.51309,0.217776,0.29262,0.227942,0.052246,-0.403336,0.366526,0.052246,0.397824,0.004501,0.158677,-0.427614,0.17268,-0.489391,-0.13692,0.320846,0.158677,0.0,-0.412757,0.180038,-0.266712,-0.427606,-0.353847,-0.412757,-0.118561,-0.056124,-0.266712,0.059293,-0.085182,-0.427606,0.255241,-0.266712,0.314426,0.158601,0.423701,-0.51309,-0.568751,-0.08856,-0.4537,-0.653006,-0.412757,-0.533237,0.0,-0.427606,-0.283824,-0.412757,-0.348691,-0.412757,-0.348691,-0.529615,0.092382,-0.292728,-0.576614,0.169923,-0.266712,0.052246,-0.573471,-0.412757,0.052246,-0.533237,-0.259311,-0.264685,0.420105,0.169923,-0.412757,-0.092671,0.338966,-0.344388,0.397824,-0.403336,-0.259311,0.649,0.280743,-0.170341,-0.65317,-0.653006,0.113566,0.369194,-0.266712,-0.040706,-0.03748,-0.259311,-0.326762,0.48114,-0.418143,0.46708,0.381893,-0.079965,-0.007138,0.253785,-0.197478,-0.568751,0.12163,-0.266712,0.394323,0.069833,-0.412757,-0.21106,-0.210467,0.370575,-0.33904,-0.530184,-0.174657,-0.568751,-0.353627,-0.425824,#
11,-0.333199,0.322275,-0.043833,-0.004459,0.371884,-0.244024,0.184046,-0.013353,-0.02165,0.0,-0.247438,1.0,-0.388024,-0.045401,0.169112,0.169112,-0.653791,0.021979,0.202474,-0.220553,0.349586,-0.218292,-0.207809,-0.331531,0.416494,-0.218803,0.242851,-0.48881,0.504182,0.322275,0.5115,-0.050573,0.349586,0.216026,-0.499669,0.0,-0.608133,0.301857,0.017475,0.322275,0.651124,-0.421969,0.345083,0.28032,0.349586,0.068847,0.056248,-0.022813,-0.484227,0.210696,0.346883,-0.330766,0.412446,0.168806,-0.815906,0.013702,0.212794,-0.404941,-0.748466,-0.177369,-0.45161,0.31888,0.169619,0.367222,-0.198465,-0.488553,0.0,0.253926,-0.236098,0.30091,-0.105959,0.5706,0.349586,-0.008528,-0.246138,-0.3734,-0.039753,0.00382,-0.005648,-0.01964,-0.204639,-0.210432,0.192534,0.2016,0.481282,0.20777,-0.210432,-0.473954,0.481282,-0.614867,0.310294,0.46307,0.383334,-0.244578,-0.210432,-0.574586,-0.550919,-0.569794,-0.435207,0.415159,0.056248,0.399037,0.225591,0.213359,-0.361851,-0.198867,-0.385192,-0.315073,-0.020237,0.440037,-0.334965,0.0,-0.131097,0.587481,-0.01964,-0.215884,0.03792,-0.131097,0.435443,-0.706791,-0.01964,-0.233411,-0.25702,-0.233411,0.346558,-0.039753,-0.007548,-0.105959,-0.216878,-0.210432,0.289867,-0.007723,0.124562,0.208531,-0.131097,0.020056,0.0,-0.215884,0.343248,-0.131097,-0.387619,-0.131097,-0.403849,0.315991,0.279608,-0.293224,0.635785,0.482998,-0.01964,-0.038504,0.654364,-0.131097,-0.038504,0.020056,-0.055331,-0.235837,-0.258141,0.482998,-0.131097,-0.22405,-0.024684,0.013689,0.181563,-0.026917,0.481282,-0.632912,-0.490737,-0.165697,0.611127,-0.175407,-0.209827,0.047507,0.46307,-0.637696,0.360271,0.481282,0.01229,-0.373094,-0.281838,-0.451845,-0.063977,-0.030229,-0.669312,0.12366,-0.373094,0.289867,-0.085076,-0.039753,-0.390682,-0.455538,-0.131097,-0.398755,0.288276,0.36309,-0.443173,-0.03808,-0.244122,0.289867,0.28744,0.663621,#
12,0.347403,-0.402988,-0.189908,-0.22914,-0.098515,0.078224,0.028798,-0.180044,-0.262763,0.0,0.180673,-0.388024,1.0,0.326117,-0.260312,0.15793,0.607111,-0.277927,-0.23832,-0.097065,0.291819,0.10043,-0.118431,-0.187793,-0.673009,-0.030374,-0.072716,0.158179,0.417201,-0.402988,-0.44407,0.189741,-0.402988,-0.43667,-0.030195,0.0,-0.030374,-0.04543,0.189596,-0.402988,0.106267,0.601051,-0.05467,-0.239813,-0.402988,0.036209,0.074752,-0.400413,0.137149,-0.042307,-0.271616,-0.188935,-0.253464,-0.034909,0.643854,-0.089703,-0.276411,0.188847,0.398132,0.411768,0.60567,-0.359756,-0.094496,-0.175767,0.134473,0.086821,0.0,-0.157252,0.358589,0.027163,0.587731,-0.18582,-0.402988,-0.224339,-0.075205,-0.284609,0.096315,0.202148,0.078426,-0.394893,-0.023224,-0.100083,0.044528,-0.040649,-0.431388,0.015468,0.325271,0.12521,-0.431388,-0.036867,0.450622,-0.292558,-0.154779,0.059028,0.325271,0.497772,0.111098,0.394808,-0.267641,-0.705781,0.074752,-0.267641,-0.075205,-0.438596,0.450622,0.467836,-0.252285,0.425624,-0.212934,-0.090753,0.450622,0.0,0.39902,-0.335781,0.096315,0.019933,-0.273915,0.39902,-0.166689,0.404524,0.096315,-0.318932,-0.547444,0.019933,-0.241258,0.096315,-0.098965,0.587731,0.583838,-0.100083,-0.266917,0.698161,-0.389118,-0.34617,0.39902,-0.111765,0.0,-0.318932,0.019498,0.39902,0.146216,0.39902,0.146216,-0.270158,-0.008232,0.565842,-0.115419,-0.085619,-0.394893,-0.587227,-0.581795,0.39902,-0.183539,-0.111765,-0.431388,-0.450102,0.838159,-0.085619,0.39902,-0.085551,0.472116,-0.279577,0.015468,-0.705781,-0.431388,0.133922,0.143492,0.070616,-0.063952,-0.036867,0.560986,0.335447,-0.292558,0.796197,0.375699,-0.431388,0.437728,0.37259,0.507947,0.314384,0.364448,-0.057941,0.416358,0.128747,0.37259,-0.266917,0.211465,0.096315,0.652031,0.761746,0.39902,0.229436,-0.298228,-0.090958,0.191971,-0.225279,0.050846,-0.266917,-0.137568,0.136998,#
13,0.461759,0.380272,-0.327614,-0.269876,0.584993,0.410558,0.362241,-0.179947,0.124803,0.0,0.381884,-0.045401,0.326117,1.0,0.393859,0.393859,0.377801,-0.61076,0.410782,-0.371951,-0.271623,0.432649,0.138606,-0.332726,-0.262197,-0.377524,0.206459,-0.532802,0.07149,-0.271623,-0.664556,0.236245,-0.271623,-0.376863,0.153787,0.0,0.00968,0.299567,0.180826,-0.271623,0.308767,0.166068,0.172222,0.227781,-0.271623,-0.547277,0.317276,0.457035,0.428927,0.033798,-0.323969,-0.357926,0.14931,-0.409411,0.182583,-0.148085,-0.517867,0.510152,0.365422,0.489629,0.374676,0.424068,-0.293611,0.162392,0.002434,0.466279,0.0,-0.425183,0.603085,0.376496,0.345511,-0.117968,-0.271623,-0.2313,0.079235,0.275044,-0.162378,-0.664885,-0.622548,-0.642452,-0.450169,-0.784556,-0.432381,0.386481,-0.151803,0.504601,-0.368843,-0.585973,-0.685486,-0.393073,0.210766,-0.162378,-0.197227,0.36127,-0.368843,0.011216,0.374661,-0.404774,-0.189533,-0.621391,0.317276,-0.624684,-0.389919,-0.123691,0.210766,-0.080481,0.228331,-0.407359,0.150463,0.144689,0.210766,0.0,-0.419078,-0.450169,-0.162378,-0.071774,-0.574493,-0.419078,0.528055,-0.397708,-0.162378,-0.533175,-0.378768,-0.071774,-0.396605,-0.162378,-0.294496,0.345511,0.501892,-0.784556,-0.482564,0.138621,-0.346139,-0.393073,-0.419078,-0.237459,0.0,-0.071774,-0.125224,-0.419078,-0.569708,-0.419078,-0.569708,-0.413225,0.141615,-0.234721,0.043465,0.569919,-0.642452,-0.189533,-0.415621,-0.419078,0.205005,-0.237459,-0.151803,-0.015318,0.512972,0.569919,-0.419078,-0.38574,0.139016,-0.997084,0.504601,-0.181727,-0.685486,0.415225,-0.12308,0.038985,-0.428048,-0.393073,-0.022609,0.474088,-0.162378,0.082072,0.177585,-0.685486,0.101859,-0.260448,0.324201,0.599734,0.997747,-0.650697,-0.295942,0.836047,0.382633,-0.482564,0.684228,-0.162378,-0.208473,-0.025452,-0.419078,-0.27836,-0.278636,0.134725,-0.559815,-0.2846,-0.365097,-0.482564,-0.188827,-0.060021,#
14,0.566074,0.478986,-0.173655,-0.110699,0.393859,0.255549,-0.245237,0.41089,-0.11103,0.0,0.550421,0.169112,-0.260312,0.393859,1.0,0.56314,0.059484,-0.386493,0.308898,-0.102844,-0.217721,0.248448,0.029084,0.206476,0.32819,-0.237947,0.221205,-0.200594,-0.326496,0.478986,-0.275784,0.517186,-0.217721,-0.107768,0.273191,0.0,-0.237947,0.197241,0.370805,0.478986,0.022499,-0.532453,0.131392,0.043706,-0.217721,-0.752011,0.261007,0.33363,-0.247594,-0.554494,0.284866,0.210612,-0.09792,-0.220841,-0.062722,0.193705,-0.6847,-0.119683,0.119332,0.290317,-0.223062,0.462972,-0.635005,0.076152,-0.14046,-0.132067,0.0,0.149372,0.484576,0.208926,-0.069236,-0.034837,-0.217721,-0.112785,0.369367,0.302825,-0.305581,-0.11877,-0.793534,-0.305581,-0.263804,-0.552095,-0.244554,0.202855,-0.298493,0.369367,-0.996384,-0.24522,-0.298493,-0.244554,0.115989,-0.305581,0.012279,-0.263804,-0.996384,-0.220259,0.260142,-0.215288,-0.401505,0.028193,0.261007,0.020153,0.369367,0.010256,0.115989,-0.427378,0.129639,-0.540015,-0.131568,0.332041,-0.56986,0.0,-0.727815,0.148579,-0.818656,-0.427369,0.078314,-0.727815,-0.11298,-0.335762,-0.818656,0.019725,-0.119451,0.019725,0.22645,-0.305581,-0.137313,-0.069236,-0.114941,-0.552095,-0.62039,-0.533041,-0.50379,-0.244554,-0.727815,-0.532942,0.0,-0.427369,0.069826,-0.727815,-0.799142,-0.727815,-0.38511,-0.56781,0.00516,-0.393388,-0.119451,0.176445,-0.305581,0.020153,-0.112164,-0.727815,-0.401505,-0.532942,-0.298493,0.158077,-0.053118,0.176445,-0.727815,-0.57398,-0.346141,-0.381166,0.369367,0.028193,-0.298493,0.210629,-0.267507,0.295599,-0.23987,-0.652645,0.090612,0.347803,-0.305581,-0.521351,-0.058612,-0.298493,-0.326581,-0.239691,-0.447546,-0.023697,0.365987,-0.541376,-0.067775,0.643131,-0.239691,-0.62039,0.520765,-0.305581,-0.045163,-0.265218,-0.727815,-0.256176,-0.258607,-0.118612,-0.4032,-0.529891,0.195097,-0.62039,-0.067056,-0.425589,#
15,0.566074,-0.217721,-0.529436,-0.533184,0.393859,0.255549,-0.245237,0.41089,-0.11103,0.0,0.119071,0.169112,0.15793,0.393859,0.56314,1.0,0.059484,-0.798753,0.336054,-0.54048,-0.217721,-0.149069,0.029084,-0.481779,-0.102495,-0.237947,0.301039,-0.200594,0.185237,0.478986,-0.255635,0.598633,-0.217721,-0.543194,0.273191,0.0,-0.651768,0.197241,0.813313,0.478986,0.022499,-0.114843,0.264448,-0.023968,-0.217721,-0.224284,0.261007,0.33363,-0.144964,-0.554494,0.284866,-0.452734,-0.09792,0.208457,-0.062722,0.007282,-0.602536,-0.119683,-0.227816,-0.122578,-0.203123,-0.225462,-0.635005,0.076152,-0.265312,-0.132067,0.0,0.341667,0.484576,0.332736,-0.069236,0.522553,-0.217721,-0.112785,-0.058497,0.276203,-0.2754,-0.11877,-0.283271,-0.788475,-0.65193,-0.552095,0.163536,0.228015,-0.268073,0.396109,-0.552095,-0.24522,-0.268073,-0.244554,0.156334,-0.2754,-0.380639,-0.239546,-0.552095,-0.220259,0.290747,-0.215288,-0.79836,-0.372776,0.261007,-0.376702,-0.058497,-0.427351,0.156334,-0.427378,0.170311,0.143167,-0.532538,-0.07467,-0.529516,0.0,-0.429225,-0.239546,-0.788475,-0.427369,0.078314,-0.429225,-0.086782,-0.335762,-0.788475,0.019725,-0.544163,0.019725,0.22645,-0.2754,-0.532281,-0.069236,-0.038314,-0.552095,-0.580203,-0.124626,-0.46485,-0.244554,-0.429225,-0.532942,0.0,-0.427369,0.558606,-0.429225,-0.799142,-0.429225,-0.38511,-0.56781,0.087714,0.245155,-0.092906,0.215117,-0.788475,-0.376702,-0.085378,-0.429225,-0.376702,-0.532942,-0.268073,-0.234814,-0.021641,0.215117,-0.429225,-0.995007,-0.308208,-0.381166,0.396109,-0.372776,-0.268073,-0.175256,-0.753194,0.295599,0.17307,-0.652645,0.119608,0.347803,-0.2754,-0.074009,0.370095,-0.268073,-0.326581,-0.198454,0.014437,0.030468,0.365987,-0.514968,-0.040665,0.643131,-0.198454,-0.580203,0.520765,-0.2754,-0.045163,0.061204,-0.429225,-0.212103,-0.211588,-0.118612,-0.377187,-0.127533,0.22111,-0.580203,0.208832,0.077716,#
16,0.471913,-0.218018,-0.040936,-0.064687,-0.077584,0.239637,-0.199631,-0.077584,-0.533892,0.0,0.53366,-0.653791,0.607111,0.377801,0.059484,0.059484,1.0,-0.323661,-0.393265,0.014007,-0.218018,0.232648,0.010986,0.295089,-0.533908,0.285612,0.265738,0.383937,-0.326942,-0.218018,-0.723324,0.126854,-0.218018,0.008486,0.200929,0.0,0.285612,0.285559,-0.127631,-0.218018,-0.428074,0.413681,0.18668,-0.114821,-0.218018,-0.242986,0.446634,-0.180849,0.415389,-0.012201,-0.40974,0.290611,-0.533848,-0.174235,0.792512,0.075228,-0.396627,0.504837,0.814742,0.273949,0.277135,-0.168744,-0.290177,0.15231,0.568244,0.412142,0.0,-0.344832,0.517641,-0.213332,0.641533,-0.274093,-0.218018,-0.05787,0.457494,0.240853,-0.141307,-0.064658,-0.149926,-0.141307,-0.185834,0.008489,-0.191411,-0.254837,-0.718514,-0.057306,0.008489,0.33689,-0.718514,0.270714,0.24834,-0.141307,0.146301,0.281153,0.008489,0.650208,0.360779,0.198517,0.155528,-0.799898,0.446634,-0.321961,-0.057306,-0.427935,0.24834,0.068789,0.263081,0.234799,-0.050825,-0.130191,0.24834,0.0,0.24956,-0.185834,-0.141307,0.07834,-0.402828,0.24956,-0.112595,0.488001,-0.141307,0.07834,0.025235,0.07834,-0.488625,-0.141307,-0.057789,0.641533,0.575492,0.008489,-0.401943,0.391215,-0.291989,-0.191411,0.24956,-0.064658,0.0,0.07834,-0.196929,0.24956,0.137473,0.24956,0.137473,-0.386473,0.275667,0.42818,-0.485773,-0.326748,-0.141307,0.155528,-0.997443,0.24956,0.155528,-0.064658,-0.132906,-0.180431,0.482659,-0.326748,0.24956,0.016782,0.098869,-0.326904,0.457494,-0.317458,-0.718514,0.700372,0.348338,0.210574,-0.653702,-0.191411,0.114626,0.414408,-0.141307,0.433715,-0.036616,-0.718514,0.231817,0.589511,0.132672,0.587668,0.418376,-0.010879,0.475076,0.290028,0.589511,-0.401943,0.158665,-0.141307,0.359393,0.715026,0.24956,-0.124126,-0.117709,-0.002805,0.173932,-0.530615,-0.173931,-0.401943,-0.655815,-0.42617,#
17,-0.407634,0.24984,0.658703,0.660912,-0.192872,-0.023624,-0.004168,-0.209587,0.213456,0.0,0.065808,0.021979,-0.277927,-0.61076,-0.386493,-0.798753,-0.323661,1.0,-0.46948,0.338322,0.302438,-0.033137,0.284912,0.363719,0.221662,-0.01687,-0.302858,0.087932,-0.068011,-0.407634,0.608828,-0.316049,0.276139,0.359954,-0.128375,0.0,0.358652,-0.275026,-0.610609,-0.407634,0.101236,-0.175923,-0.273728,-0.1554,0.276139,0.025498,-0.268792,-0.502168,-0.003486,0.378408,0.336752,0.367082,0.216846,-0.016828,-0.144581,0.358446,0.391821,0.016063,0.003275,-0.071435,0.126818,0.227123,0.403676,-0.148139,0.164951,0.014357,0.0,0.263904,-0.60371,-0.49305,-0.31362,-0.422306,0.276139,-0.188957,-0.092362,-0.326597,0.094558,0.28693,0.124065,0.598108,0.814034,0.367972,0.043948,-0.01852,0.06258,-0.538529,0.367972,0.142406,0.620638,-0.011327,-0.225387,0.113925,0.18725,-0.020145,0.367972,0.04389,-0.429758,0.447764,0.54444,0.564747,-0.268792,0.601552,0.398219,0.507947,-0.251277,0.087176,-0.297068,-0.2101,0.201493,0.277781,0.421841,0.0,0.15216,0.440439,0.598108,0.060558,0.186357,0.15216,-0.163666,0.187977,0.598108,0.104238,0.318633,-0.378237,0.400832,0.094558,0.677896,-0.31362,-0.095453,0.367972,0.396687,-0.116532,0.249148,0.004078,0.15216,0.246465,0.0,0.060558,-0.308382,0.15216,0.585156,0.15216,0.17881,0.363719,-0.194764,-0.321952,-0.107213,-0.136491,0.598108,0.146526,0.337196,0.15216,0.146526,0.246465,0.06258,-0.062567,-0.09565,-0.136491,0.15216,0.783215,0.465363,0.605227,-0.521369,0.105003,0.620638,-0.024762,0.619327,-0.447345,0.018338,0.389188,0.04597,-0.454351,0.113925,-0.053141,-0.158286,0.620638,-0.078897,0.259174,-0.377112,-0.234108,-0.607865,0.657927,-0.075727,-0.842608,-0.413278,0.396687,-0.7048,0.094558,0.267856,-0.215629,0.15216,0.223763,0.248482,0.260351,0.170855,0.243551,-0.009819,0.396687,0.154476,0.062583,#
18,0.199218,0.112602,-0.519197,-0.484842,0.278443,-0.230305,0.310218,0.282677,0.301983,0.0,-0.417171,0.202474,-0.23832,0.410782,0.308898,0.336054,-0.393265,-0.46948,1.0,-0.25006,-0.060632,0.341414,-0.211277,-0.187218,0.222207,-0.324531,-0.116454,-0.224477,0.068126,0.15591,-0.339168,-0.161404,-0.017323,-0.33043,0.235129,0.0,-0.27617,-0.139539,0.38143,0.15591,0.132699,-0.317533,-0.136305,0.521633,-0.017323,-0.055898,-0.107827,0.77998,-0.133461,-0.316677,-0.226657,-0.191328,0.224862,-0.370933,-0.296106,-0.472223,-0.201913,-0.140197,-0.302108,0.337938,-0.113529,0.104075,-0.262159,-0.172263,-0.540168,-0.088793,0.0,-0.255118,-0.042141,0.861964,-0.267178,0.116815,-0.017323,0.278745,-0.1772,0.068512,-0.174851,-0.489166,-0.264198,-0.302425,-0.449958,-0.329462,-0.39066,0.334383,0.57333,0.564182,-0.329462,-0.24239,-0.345662,-0.254869,-0.177054,-0.270532,-0.38102,-0.26147,-0.329462,-0.339477,0.010654,-0.401705,-0.304046,0.248002,-0.107827,-0.444351,-0.356727,0.134312,-0.049153,0.163288,-0.003033,-0.169871,0.252053,0.131465,-0.219687,0.0,-0.490006,-0.501227,-0.302425,0.196506,0.297852,-0.490006,0.268706,-0.290418,-0.302425,-0.486851,-0.224406,0.307674,-0.248784,-0.174851,-0.525715,-0.267178,-0.263886,-0.329462,-0.249809,-0.42472,-0.214948,0.233083,-0.490006,0.143872,0.0,0.196506,0.242199,-0.490006,-0.399677,-0.490006,-0.29673,-0.230001,-0.242215,-0.215475,0.427363,0.202413,-0.302425,-0.277835,0.366971,-0.490006,-0.277835,0.143872,-0.141441,0.418238,-0.192538,0.202413,-0.490006,-0.363787,-0.34238,-0.436578,-0.148941,0.416245,-0.345662,-0.232195,-0.280776,0.368253,0.203237,0.207715,0.122204,-0.115819,-0.270532,-0.200214,0.136576,-0.345662,0.10394,-0.962799,0.272816,-0.207408,0.380182,-0.594915,-0.191439,0.46941,0.144574,-0.249809,0.552704,-0.174851,-0.452057,-0.349004,-0.490006,0.066848,-0.067809,-0.503569,-0.302702,0.224028,0.276831,-0.249809,0.465708,0.063677,#
19,-0.508103,0.18984,0.057026,0.076833,-0.832623,-0.250779,0.228971,-0.389013,0.042006,0.0,-0.077925,-0.220553,-0.097065,-0.371951,-0.102844,-0.54048,0.014007,0.338322,-0.25006,1.0,0.245676,0.187032,-0.522703,0.545844,0.050712,0.257223,-0.211348,0.269495,-0.185234,0.217758,0.195061,-0.152217,-0.508103,0.546052,-0.249314,0.0,0.638614,-0.135696,-0.371578,0.217758,-0.040535,0.116871,-0.180424,-0.216038,-0.508103,0.222631,-0.315801,-0.350464,-0.402035,0.074944,-0.326966,0.490153,-0.389655,-0.174141,0.114339,0.01494,0.495176,-0.454429,0.285165,0.16614,0.223068,0.173683,0.591482,-0.085612,0.063538,-0.407106,0.0,-0.375585,-0.006454,-0.322474,0.353341,-0.543066,-0.508103,0.096282,0.078438,-0.245143,0.772066,0.551583,0.264845,0.772066,0.638433,0.554619,0.245866,-0.69122,0.207952,0.078438,0.091738,0.288315,0.207952,0.654681,-0.125774,0.258081,0.4007,0.225318,0.091738,0.287811,0.231539,0.249619,0.34528,0.322952,-0.315801,0.362176,0.078438,-0.093157,0.561293,0.447097,-0.196546,-0.114334,0.073708,-0.339595,-0.153256,0.0,0.452268,0.241842,0.237521,-0.037306,-0.078729,0.452268,-0.39682,0.388935,0.237521,0.428497,0.51056,0.428497,-0.220905,0.772066,0.53534,0.353341,-0.062027,0.554619,0.529802,0.159612,0.403514,0.245866,0.452268,0.120079,0.0,-0.037306,-0.538892,0.452268,0.387441,0.452268,0.818798,0.545844,-0.054913,-0.19373,0.058502,-0.257863,0.772066,0.362176,0.013095,0.452268,-0.077127,0.120079,0.207952,0.620885,0.065337,-0.257863,0.452268,0.533334,-0.333798,0.36578,-0.376974,0.322952,0.207952,0.215861,0.261033,0.217243,-0.206545,0.229514,-0.070411,0.21952,0.258081,0.111559,-0.746201,0.207952,0.368514,0.234973,-0.025454,-0.008248,-0.340239,0.125716,0.507533,-0.212336,0.234973,0.529802,-0.096948,0.772066,0.099839,0.018311,0.452268,0.19462,-0.511726,-0.33483,0.790529,-0.344108,0.193463,0.529802,-0.48618,-0.51274,#
20,-0.111111,-0.111111,-0.270191,-0.272104,-0.271623,-0.332695,0.344037,-0.271623,-0.272093,0.0,-0.217841,0.349586,0.291819,-0.271623,-0.217721,-0.217721,-0.218018,0.302438,-0.060632,0.245676,1.0,0.327548,-0.501678,0.149278,-0.272101,-0.332622,0.123075,0.194834,0.683496,-0.111111,0.202438,-0.405262,-0.111111,0.241658,-0.166623,0.0,-0.332622,0.144425,-0.271831,-0.111111,0.528186,-0.271731,0.207954,0.305793,-0.111111,0.222188,0.11954,-0.664364,-0.651423,0.226501,0.141832,0.148107,-0.272071,-0.33179,-0.272078,0.241562,0.113564,-0.390224,-0.138409,0.35668,0.225766,-0.101008,0.196537,0.149126,0.169248,-0.653766,0.0,0.17086,-0.501763,0.296176,0.318005,-0.139689,-0.111111,-0.272023,-0.507505,-0.99349,0.202157,0.427398,0.196262,0.202157,0.363653,0.241742,0.35604,-0.333043,0.208608,0.26015,0.241742,0.202157,0.208608,-0.333069,0.167287,0.202157,0.297648,-0.332704,0.241742,0.355571,-0.663802,0.363653,-0.407433,0.311741,0.11954,0.304586,0.26015,-0.218093,0.167287,0.522634,-0.992398,0.160227,-0.271774,0.458091,0.167287,0.0,0.428574,0.363653,0.202157,-0.218103,0.311741,0.428574,-0.271577,0.279169,0.202157,-0.218103,-0.508,-0.218103,0.160014,0.202157,0.436991,0.318005,0.293294,0.241742,0.160227,0.417625,-0.29188,0.35604,0.428574,0.427398,0.0,-0.218103,0.356348,0.428574,0.291309,0.428574,0.291309,0.149278,0.223819,0.218218,0.254,-0.166524,0.202157,-0.407433,0.260577,0.428574,-0.407433,0.427398,-0.664634,-0.332873,0.245983,-0.166524,0.428574,0.2476,0.254084,0.29806,-0.507505,-0.407661,0.208608,-0.2995,0.208167,0.314641,0.364144,0.35604,0.564162,0.210367,0.202157,0.2476,0.448681,0.208608,0.666667,-0.059189,-0.184193,-0.336896,-0.242118,0.438012,0.242118,-0.305816,-0.059189,0.160227,-0.384081,0.202157,0.41948,0.364406,0.428574,-0.06326,-0.05999,-0.248452,0.298696,-0.270423,0.365073,0.160227,0.298215,0.491047,#
21,0.380378,0.301132,-0.485611,-0.430643,0.029059,0.224626,0.580387,-0.342891,-0.014138,0.0,0.236729,-0.218292,0.10043,0.432649,0.248448,-0.149069,0.232648,-0.033137,0.341414,0.187032,0.327548,1.0,-0.140721,0.36783,-0.423175,-0.572738,0.326292,0.052914,0.006144,-0.332831,-0.541008,-0.420955,-0.332831,0.177768,0.531614,0.0,0.180369,0.353546,-0.394827,-0.332831,0.199545,-0.386461,0.269791,0.636322,-0.332831,-0.415694,0.479873,0.033811,-0.003424,0.189655,-0.202101,0.345062,-0.418975,-0.99387,0.009385,0.305694,-0.382545,0.317435,0.592285,0.680323,0.484264,0.323867,-0.191049,0.275886,0.392187,0.088608,0.0,-0.28288,-0.132636,0.427164,0.314164,-0.638823,-0.332831,-0.393079,-0.236641,-0.296144,-0.0341,-0.399042,-0.485249,-0.0341,0.161319,-0.210264,-0.201324,-0.219214,-0.019838,0.650509,-0.210264,0.020826,-0.53884,-0.201324,-0.343246,-0.0341,-0.02458,0.161319,-0.210264,0.600632,-0.026224,0.205465,-0.036488,-0.024894,0.479873,-0.436159,-0.236641,-0.255095,0.306841,0.22717,-0.36515,-0.298639,-0.021664,0.406514,0.306841,0.0,-0.153966,-0.229562,-0.0341,-0.204612,0.020713,-0.153966,-0.059597,0.251514,-0.0341,-0.22954,-0.254624,-0.204612,-0.314262,-0.0341,0.364639,0.314164,0.593838,-0.210264,-0.371775,0.004919,-0.506699,0.208241,-0.153966,0.409203,0.0,0.21917,0.029651,-0.153966,0.001847,-0.153966,0.001847,-0.336726,0.272935,-0.183304,-0.229463,-0.041348,-0.0341,-0.036488,-0.244138,-0.153966,-0.036488,0.409203,-0.53884,0.17503,0.232006,-0.041348,-0.153966,0.183973,0.003164,-0.405951,-0.236641,-0.024894,-0.53884,0.60785,0.477395,0.575664,-0.58352,0.208241,0.30804,0.434009,-0.0341,0.231862,0.067048,-0.53884,0.491321,-0.291432,-0.193768,0.389372,0.449587,0.021427,0.255526,0.25436,0.333959,-0.371775,0.049118,-0.0341,0.040109,0.188116,-0.153966,-0.311476,-0.309835,-0.41024,0.01795,-0.428668,0.24834,-0.371775,-0.000465,-0.229663,#
