0,1.0,0.347343,0.427286,-0.395609,0.530037,-0.326484,0.716012,-0.326484,0.716012,0.433622,0.082751,0.536311,0.160132,-0.120287,-0.326314,0.192872,0.057207,0.248132,0.421894,-0.153993,-0.498393,0.004158,0.440312,-0.142206,-0.404341,-0.498414,-0.186689,-0.386876,-0.045227,-0.247671,-0.380603,-0.117529,-0.166278,-0.056013,-0.310619,0.425173,0.399917,0.187242,-0.326285,-0.249351,0.62107,-0.117791,-0.463974,-0.263383,0.061048,-0.599905,0.402345,0.271049,0.321486,0.514233,0.264278,-0.380603,-0.166278,0.009595,-0.080716,-0.600013,-0.989779,0.347891,-0.077578,0.256742,0.055432,-0.186018,0.085549,-0.498195,0.378812,0.294623,-0.166278,0.091684,0.290443,0.080397,-0.231251,-0.223872,-0.166278,-0.61032,-0.677088,0.213384,-0.61032,-0.6104,-0.424112,-0.428152,-0.146501,-0.386766,-0.428152,0.165021,-0.386766,-0.498447,-0.263242,-0.263242,-0.407018,-0.222378,0.08279,-0.142054,-0.407093,-0.137554,-0.760974,-0.012027,-0.498438,-0.73293,-0.424112,-0.219468,0.264278,-0.142054,-0.73293,-0.041273,-0.61032,-0.32639,-0.424112,-0.382496,-0.424112,0.249184,0.344669,-0.166278,0.283144,-0.041273,-0.61032,-0.263242,-0.267294,-0.760958,0.374973,-0.721311,-0.61032,-0.428152,-0.226729,-0.255171,-0.669247,-0.231058,-0.498447,0.085549,0.607412,-0.263242,-0.677088,-0.035967,0.092976,0.384038,0.08279,-0.610379,0.0,-0.61032,0.012841,-0.428152,-0.041273,0.334552,-0.137554,0.085549,-0.424112,0.340083,-0.760974,0.725982,-0.6104,-0.263242,-0.995635,-0.73293,-0.386766,-0.498438,-0.760958,-0.424112,0.22842,0.692489,0.192277,-0.61032,0.312787,0.070653,-0.498447,0.192277,0.365205,0.518275,-0.249416,-0.403429,-0.326397,-0.146501,0.066268,0.400126,0.216698,-0.995635,-0.414142,-0.647072,-0.407082,0.268548,0.518275,-0.2691,0.298889,0.413427,-0.156918,-0.151711,-0.168095,0.25244,0.342265,0.08279,-0.498469,0.476358,-0.61032,0.248868,0.413427,0.370489,-0.419926,0.192503,0.413427,0.08279,-0.005921,-0.166278,#
1,0.347343,1.0,0.407398,0.279117,0.51172,-0.327169,-0.166627,-0.327169,-0.166627,0.414809,-0.490257,-0.243366,0.096996,0.414809,-0.326999,-0.399801,0.097379,0.029026,0.355769,-0.756148,-0.033109,-0.595149,0.421393,-0.102119,-0.40519,-0.49946,-0.209027,0.250118,-0.10858,-0.248191,-0.329992,0.401581,-0.166627,-0.60764,-0.386189,0.350562,0.380913,0.155918,-0.32697,-0.249875,0.602169,-0.076414,0.180048,0.362922,-0.001473,-0.601164,0.381471,0.245559,-0.251585,0.496176,-0.558417,-0.329992,0.650171,-0.182354,-0.140125,-0.601272,-0.359791,0.280265,-0.098644,0.225751,0.017464,-0.249513,-0.019331,-0.499241,0.369583,0.26308,-0.166627,0.041653,0.257581,0.02863,0.330521,-0.178971,-0.166627,-0.126204,-0.69344,0.135276,-0.126204,-0.611681,0.222537,-0.380086,0.378611,-0.995773,-0.380086,0.207769,-0.995773,-0.499493,0.300022,0.300022,-0.407873,-0.232778,0.133599,-0.101943,-0.407948,0.398009,-0.762572,-0.498827,-0.021051,0.123673,0.222537,0.360074,0.23317,0.388169,0.123673,-0.001914,-0.611602,-0.327075,0.222537,-0.394592,0.222537,-0.32484,0.380173,0.650171,0.317424,-0.001914,-0.126204,-0.220849,-0.225258,-0.241684,0.407563,-0.199039,-0.126204,0.213798,-0.761502,-0.23203,0.155918,-0.761366,-0.499493,-0.019331,0.026627,0.300022,-0.69344,0.487991,0.14417,0.348578,0.133599,-0.121548,0.0,-0.126204,-0.050212,-0.380086,-0.001914,0.369667,0.398009,-0.019331,0.222537,-0.305531,-0.245924,0.466787,-0.611681,0.300022,-0.403841,0.123673,-0.398787,-0.021051,-0.241684,0.222537,0.18442,0.678753,-0.370532,-0.611602,0.064491,0.112041,-0.026488,-0.370532,0.397448,0.454157,-0.24994,-0.404276,-0.327082,0.378611,-0.04211,0.37863,-0.32671,-0.403841,0.028269,-0.2342,-0.407936,0.151654,0.454157,-0.218488,0.178307,-0.288115,-0.210413,-0.268338,-0.225401,0.29166,0.271974,-0.661631,-0.499515,-0.288772,-0.126204,-0.355275,-0.288115,0.729304,0.188399,0.217298,-0.288115,-0.661631,0.096923,-0.166627,#
2,0.427286,0.407398,1.0,0.147543,0.038775,-0.332514,0.297785,-0.332514,0.297785,0.588356,-0.052627,0.389679,-0.124233,-0.216471,-0.799696,-0.229676,-0.157861,0.295928,-0.22082,-0.118539,-0.040763,-0.499323,0.237594,-0.288735,0.215334,-0.44697,-0.055023,-0.533779,-0.207472,0.361596,-0.41799,-0.241091,0.297785,-0.655023,0.014871,0.427368,-0.258028,0.267168,-0.799626,-0.091455,0.261429,-0.300691,-0.436222,0.242618,0.798613,-0.759839,0.065013,0.449627,-0.166905,0.846517,-0.281911,-0.41799,0.271664,0.62177,0.166089,-0.154281,-0.339746,-0.244842,0.605234,0.358964,-0.335112,0.406318,-0.425358,-0.781392,0.325617,-0.139881,-0.407496,0.288413,-0.122596,-0.611523,0.264945,-0.094355,-0.407496,0.15158,-0.295607,0.562787,-0.275766,-0.263792,-0.459599,-0.424542,0.182626,-0.42047,-0.424542,0.55068,-0.42047,-0.372655,0.335897,0.335897,-0.624794,-0.587186,0.365619,-0.712152,-0.208612,-0.293162,-0.541164,0.392615,0.402133,-0.303047,0.087328,-0.018547,-0.281911,-0.304629,-0.303047,-0.035281,-0.252024,-0.397575,0.087328,0.094146,-0.459599,0.160411,0.7345,0.271664,0.336388,-0.456494,0.15158,-0.555778,-0.111576,-0.573416,0.198066,-0.179333,-0.664759,0.069267,-0.571831,-0.147813,-0.417488,-0.505995,-0.442061,-0.425358,0.282801,-0.140316,-0.295607,-0.045172,0.39175,0.597456,0.365619,-0.280657,0.0,0.15158,0.221098,-0.424542,-0.035281,0.719005,0.159432,-0.425358,-0.459599,-0.08522,-0.111576,0.311579,-0.263792,0.335897,-0.424542,-0.303047,0.075918,-0.019081,-0.555778,0.087328,0.138246,0.28936,0.094146,-0.252024,0.412953,-0.198352,0.383689,0.094146,0.181526,0.44021,-0.082283,-0.13465,0.047599,-0.244719,0.485624,-0.065858,0.122922,-0.424542,0.157018,-0.254554,-0.619489,0.100268,0.44021,-0.230732,0.156803,-0.079591,-0.388918,-0.077855,-0.41662,0.505234,-0.536091,-0.295607,-0.024762,0.390919,0.15158,0.072719,-0.079591,0.153609,-0.456739,0.56514,-0.079591,-0.295607,0.31604,-0.407496,#
3,-0.395609,0.279117,0.147543,1.0,-0.023924,-0.196588,-0.662857,-0.196588,-0.662857,0.093353,-0.071159,-0.51562,-0.167647,0.113065,-0.274692,-0.761485,0.415954,-0.277443,-0.505828,-0.400083,-0.005282,-0.379767,0.090989,0.036109,0.408132,-0.050608,-0.282813,0.24606,0.062183,0.24515,0.296247,0.089147,0.218776,-0.539448,-0.339005,-0.369947,-0.469064,-0.221,-0.266145,0.256127,-0.109606,0.059901,0.359602,0.870549,0.013581,-8e-05,-0.217672,0.128965,0.117663,0.080022,-0.262908,0.296247,0.186122,0.07794,0.151646,0.142261,0.41498,-0.342956,0.136542,-0.19411,-0.166122,-0.10556,-0.343557,-0.045786,-0.205341,-0.244928,0.120816,-0.246845,-0.294411,-0.232084,0.181984,0.180053,0.153469,0.112433,-0.14736,0.360498,0.071341,0.097478,0.312722,0.343556,0.151243,-0.246659,0.343556,0.408889,-0.246659,0.00178,0.790533,0.23934,-0.176986,-0.398107,-0.083778,0.005532,-0.109557,0.019906,0.181148,0.071798,0.521923,0.639263,0.363366,0.153473,-0.294553,0.044719,0.639263,-0.024864,0.073624,-0.295332,0.996406,-0.231131,0.312722,-0.202112,0.234293,0.186122,-0.311021,-0.065367,0.112433,0.153599,0.222456,0.153599,0.135541,0.189071,0.071341,0.39104,-0.365424,-0.300101,0.539757,-0.291799,-0.038264,-0.343557,-0.156715,0.195245,-0.14736,-0.052141,-0.125252,0.09416,-0.083778,0.565667,0.0,0.112433,-0.014373,0.343556,-0.024864,0.259393,0.585669,-0.343557,0.312722,-0.456391,0.222456,-0.283089,0.097478,0.23934,0.343556,0.639263,-0.198927,-0.024864,0.153599,0.363366,-0.299633,-0.041459,0.405398,0.073624,0.318531,0.33593,0.039598,-0.231131,-0.36374,-0.005257,-0.333061,-0.10429,0.324233,0.110151,-0.007652,-0.443416,-0.177384,0.343556,0.365793,0.276905,-0.204719,-0.279667,-0.005257,0.498029,-0.748856,-0.43963,0.103477,-0.316571,0.077194,-0.261485,-0.411407,-0.14736,0.024869,-0.497987,0.626088,-0.279669,-0.43963,0.163027,0.302735,-0.111141,-0.43963,-0.14736,-0.043684,0.15347,#
4,0.530037,0.51172,0.038775,-0.023924,1.0,-0.232667,0.354185,-0.232667,0.354185,0.407065,-0.122453,0.120483,0.411363,0.374515,-0.221318,0.054691,0.39408,-0.346808,0.776201,-0.62772,-0.227993,0.004686,0.417644,-0.42975,-0.80986,-0.599066,-0.204236,0.034054,0.406718,-0.496063,-0.539363,0.369635,-0.33304,-0.057199,-0.480721,0.51172,0.383611,0.375029,-0.210756,-0.49943,0.818969,-0.385293,-0.065807,0.201272,-0.156825,-0.390659,0.297718,0.329539,0.259784,0.225537,-0.211485,-0.539363,0.327753,-0.033397,-0.001463,-0.833584,-0.526291,0.480015,-0.392133,-0.173451,0.257678,-0.158514,0.171347,-0.236948,0.449476,0.338243,0.301322,0.321723,0.111963,-0.041176,-0.622755,-0.679014,0.327753,-0.82973,-0.403567,0.477092,-0.413941,-0.810659,-0.030063,-0.524544,-0.421333,-0.542512,-0.524544,-0.221048,-0.542512,-0.630989,-0.218328,-0.664503,-0.399293,0.188318,0.265512,-0.009703,-0.405226,-0.021485,-0.680358,-0.209371,-0.239701,-0.382101,-0.542491,-0.325776,0.428913,0.006158,-0.382101,-0.224219,-0.845437,-0.653732,-0.030063,-0.560823,-0.030063,0.158022,0.290926,0.327753,-0.230615,-0.185968,-0.452748,-0.235184,-0.245668,-0.252039,0.385815,-0.16551,-0.036959,-0.044089,-0.250177,0.161614,-0.2921,-0.260556,-0.593173,0.171347,-0.006383,0.186204,-0.403567,0.176382,-0.399452,0.345427,0.265512,-0.025563,0.0,-0.82973,-0.515218,-0.524544,-0.224219,0.318095,-0.021485,0.171347,-0.030063,-0.251606,-0.262387,0.794628,-0.810659,-0.259971,-0.543763,-0.382101,-0.059547,-0.611273,-0.252039,-0.542491,-0.062232,0.819052,-0.026106,-0.845437,-0.004891,-0.006475,-0.615683,-0.541358,0.369999,0.59135,-0.49956,-0.808033,-0.213216,0.371438,0.150721,0.331611,-0.230268,-0.543763,-0.457389,-0.480484,-0.432715,0.208728,0.202251,-0.427244,0.258983,0.000988,0.296265,0.237667,0.290126,-0.410607,0.640444,-0.377833,-0.59685,0.052005,-0.036959,0.211816,0.475314,0.752167,-0.048132,0.191307,0.475314,-0.377833,-0.399742,0.327753,#
5,-0.326484,-0.327169,-0.332514,-0.196588,-0.232667,1.0,-0.218165,1.0,-0.218165,-0.800725,-0.200354,-0.31864,-0.533895,0.551832,0.536382,-0.029313,0.374664,-0.361645,0.043802,0.012858,0.222961,0.527491,-0.335009,-0.32358,-0.046851,0.236153,0.40321,0.270386,-0.364569,-0.324957,0.323605,0.559203,0.518497,0.038474,-0.281422,-0.327169,-0.317113,0.130152,0.540114,-0.327163,-0.534257,0.032083,0.321843,-0.21808,-0.312786,0.153055,-0.118508,-0.380804,-0.477131,-0.205517,0.319289,0.323605,-0.218165,0.101985,0.099162,0.545632,0.324661,0.397173,-0.32004,0.309517,0.295597,0.038497,-0.270409,0.688975,-0.157089,0.184635,-0.218165,0.372152,0.068802,0.029732,-0.104025,0.432575,0.490164,0.126282,0.299865,-0.198608,0.571981,0.559104,-0.185904,0.373237,0.126282,0.384566,0.373237,0.062858,0.384566,0.249396,-0.022744,-0.003614,0.375506,-0.006477,0.299865,0.117207,0.362762,-0.328387,0.462692,0.241884,-0.197101,0.286485,-0.163933,-0.174715,0.319289,0.117207,0.286485,-0.197101,0.126282,0.072301,-0.185904,-0.155386,-0.185904,-0.425315,-0.671412,-0.218165,0.012954,0.242203,0.126282,0.474658,0.462692,-0.022744,-0.323477,0.534922,0.108454,0.373237,-0.014661,-0.006456,0.130152,0.473918,0.232023,-0.270409,0.027653,-0.022744,0.299865,-0.191837,-0.420833,-0.343197,0.299865,-0.350822,0.0,0.126282,0.016849,0.373237,-0.197101,0.052823,-0.328387,-0.270409,-0.185904,0.085786,0.462692,-0.514668,0.559104,-0.003614,0.373237,0.286485,0.384566,0.259775,0.474658,-0.163933,-0.183306,-0.130862,-0.177478,0.126282,-0.026715,-0.534394,0.249396,-0.155386,0.144141,-0.167053,0.777745,0.437588,0.043969,0.571981,-0.136112,-0.059968,0.082023,0.373237,-0.496743,0.715493,-0.063635,-0.387359,-0.167053,0.107402,0.046599,-0.275277,0.53719,-0.056219,-0.154586,-0.08059,-0.000237,0.299865,0.671695,-0.266888,0.108454,0.078534,-0.275277,-0.457496,0.405815,0.092004,-0.275277,0.299865,0.380704,0.490164,#
6,0.716012,-0.166627,0.297785,-0.662857,0.354185,-0.218165,1.0,-0.218165,1.0,0.289758,0.393408,0.818961,0.442199,-0.407807,-0.218052,0.47873,-0.271948,0.185609,0.344618,0.25211,-0.33304,0.356306,0.294228,-0.407791,-0.270191,-0.333053,0.205354,-0.649189,0.303841,-0.1655,-0.652467,-0.407402,-0.111111,0.287899,0.183105,0.682842,0.267235,0.12512,-0.218033,-0.166623,0.415015,-0.401069,-0.662222,-0.574061,0.367484,-0.400873,0.268858,0.196494,0.268444,0.343624,0.176598,-0.652467,-0.111111,0.365129,0.258905,-0.400945,-0.661397,0.232471,0.262588,0.171562,0.095528,0.364406,0.057166,-0.332907,0.330759,0.196875,-0.111111,0.203601,0.108893,-0.228385,-0.498922,-0.500969,-0.111111,-0.407832,0.025453,0.216089,-0.407832,-0.407885,-0.665376,-0.66531,-0.407832,0.100318,-0.66531,-0.218107,0.100318,-0.333075,-0.508492,-0.508492,-0.271981,0.169333,0.025453,-0.407871,-0.272031,-0.408008,-0.508503,0.279104,-0.333069,-0.995968,-0.665376,-0.488789,0.176598,-0.407871,-0.995968,-0.333069,-0.407832,-0.218103,-0.665376,0.105892,-0.665376,0.505428,0.209801,-0.111111,0.169333,-0.333069,-0.407832,-0.508492,-0.508503,-0.508492,0.231807,-0.481999,-0.407832,-0.66531,0.163668,0.126592,-0.953499,0.158136,-0.333075,0.057166,0.458365,-0.508492,0.025453,-0.333153,0.032045,0.278018,0.025453,-0.407871,0.0,-0.407832,0.008581,-0.66531,-0.333069,0.203258,-0.408008,0.057166,-0.665376,0.285522,-0.508503,0.638915,-0.407885,-0.508492,-0.66531,-0.995968,0.100318,-0.333069,-0.508492,-0.665376,0.178874,0.347576,0.105892,-0.407832,0.186033,-0.272166,-0.333075,0.105892,0.225473,0.366319,-0.166667,-0.269582,-0.218107,-0.407832,0.390567,0.267375,0.465621,-0.66531,-0.25299,-0.676738,-0.272023,0.554265,0.366319,-0.576153,0.586515,0.690604,-0.073495,0.26977,-0.07873,0.145865,0.250484,0.025453,-0.33309,0.770245,-0.407832,0.522984,0.690604,0.014873,-0.663553,0.4347,0.690604,0.025453,-0.064631,-0.111111,#
7,-0.326484,-0.327169,-0.332514,-0.196588,-0.232667,1.0,-0.218165,1.0,-0.218165,-0.800725,-0.200354,-0.31864,-0.533895,0.551832,0.536382,-0.029313,0.374664,-0.361645,0.043802,0.012858,0.222961,0.527491,-0.335009,-0.32358,-0.046851,0.236153,0.40321,0.270386,-0.364569,-0.324957,0.323605,0.559203,0.518497,0.038474,-0.281422,-0.327169,-0.317113,0.130152,0.540114,-0.327163,-0.534257,0.032083,0.321843,-0.21808,-0.312786,0.153055,-0.118508,-0.380804,-0.477131,-0.205517,0.319289,0.323605,-0.218165,0.101985,0.099162,0.545632,0.324661,0.397173,-0.32004,0.309517,0.295597,0.038497,-0.270409,0.688975,-0.157089,0.184635,-0.218165,0.372152,0.068802,0.029732,-0.104025,0.432575,0.490164,0.126282,0.299865,-0.198608,0.571981,0.559104,-0.185904,0.373237,0.126282,0.384566,0.373237,0.062858,0.384566,0.249396,-0.022744,-0.003614,0.375506,-0.006477,0.299865,0.117207,0.362762,-0.328387,0.462692,0.241884,-0.197101,0.286485,-0.163933,-0.174715,0.319289,0.117207,0.286485,-0.197101,0.126282,0.072301,-0.185904,-0.155386,-0.185904,-0.425315,-0.671412,-0.218165,0.012954,0.242203,0.126282,0.474658,0.462692,-0.022744,-0.323477,0.534922,0.108454,0.373237,-0.014661,-0.006456,0.130152,0.473918,0.232023,-0.270409,0.027653,-0.022744,0.299865,-0.191837,-0.420833,-0.343197,0.299865,-0.350822,0.0,0.126282,0.016849,0.373237,-0.197101,0.052823,-0.328387,-0.270409,-0.185904,0.085786,0.462692,-0.514668,0.559104,-0.003614,0.373237,0.286485,0.384566,0.259775,0.474658,-0.163933,-0.183306,-0.130862,-0.177478,0.126282,-0.026715,-0.534394,0.249396,-0.155386,0.144141,-0.167053,0.777745,0.437588,0.043969,0.571981,-0.136112,-0.059968,0.082023,0.373237,-0.496743,0.715493,-0.063635,-0.387359,-0.167053,0.107402,0.046599,-0.275277,0.53719,-0.056219,-0.154586,-0.08059,-0.000237,0.299865,0.671695,-0.266888,0.108454,0.078534,-0.275277,-0.457496,0.405815,0.092004,-0.275277,0.299865,0.380704,0.490164,#
8,0.716012,-0.166627,0.297785,-0.662857,0.354185,-0.218165,1.0,-0.218165,1.0,0.289758,0.393408,0.818961,0.442199,-0.407807,-0.218052,0.47873,-0.271948,0.185609,0.344618,0.25211,-0.33304,0.356306,0.294228,-0.407791,-0.270191,-0.333053,0.205354,-0.649189,0.303841,-0.1655,-0.652467,-0.407402,-0.111111,0.287899,0.183105,0.682842,0.267235,0.12512,-0.218033,-0.166623,0.415015,-0.401069,-0.662222,-0.574061,0.367484,-0.400873,0.268858,0.196494,0.268444,0.343624,0.176598,-0.652467,-0.111111,0.365129,0.258905,-0.400945,-0.661397,0.232471,0.262588,0.171562,0.095528,0.364406,0.057166,-0.332907,0.330759,0.196875,-0.111111,0.203601,0.108893,-0.228385,-0.498922,-0.500969,-0.111111,-0.407832,0.025453,0.216089,-0.407832,-0.407885,-0.665376,-0.66531,-0.407832,0.100318,-0.66531,-0.218107,0.100318,-0.333075,-0.508492,-0.508492,-0.271981,0.169333,0.025453,-0.407871,-0.272031,-0.408008,-0.508503,0.279104,-0.333069,-0.995968,-0.665376,-0.488789,0.176598,-0.407871,-0.995968,-0.333069,-0.407832,-0.218103,-0.665376,0.105892,-0.665376,0.505428,0.209801,-0.111111,0.169333,-0.333069,-0.407832,-0.508492,-0.508503,-0.508492,0.231807,-0.481999,-0.407832,-0.66531,0.163668,0.126592,-0.953499,0.158136,-0.333075,0.057166,0.458365,-0.508492,0.025453,-0.333153,0.032045,0.278018,0.025453,-0.407871,0.0,-0.407832,0.008581,-0.66531,-0.333069,0.203258,-0.408008,0.057166,-0.665376,0.285522,-0.508503,0.638915,-0.407885,-0.508492,-0.66531,-0.995968,0.100318,-0.333069,-0.508492,-0.665376,0.178874,0.347576,0.105892,-0.407832,0.186033,-0.272166,-0.333075,0.105892,0.225473,0.366319,-0.166667,-0.269582,-0.218107,-0.407832,0.390567,0.267375,0.465621,-0.66531,-0.25299,-0.676738,-0.272023,0.554265,0.366319,-0.576153,0.586515,0.690604,-0.073495,0.26977,-0.07873,0.145865,0.250484,0.025453,-0.33309,0.770245,-0.407832,0.522984,0.690604,0.014873,-0.663553,0.4347,0.690604,0.025453,-0.064631,-0.111111,#
9,0.433622,0.414809,0.588356,0.093353,0.407065,-0.800725,0.289758,-0.800725,0.289758,1.0,-0.028498,0.407712,0.246844,-0.280772,-0.800308,0.182324,-0.200312,0.267686,0.19597,-0.144749,-0.009063,-0.681569,0.168033,0.145062,-0.211383,-0.41133,-0.520582,-0.393097,0.173304,0.409488,-0.42853,-0.287852,-0.407807,-0.231982,0.150325,0.414809,0.133488,0.460265,-0.800238,-0.07784,0.660468,-0.194484,-0.462853,0.376309,0.509148,-0.334772,-0.011272,0.58201,0.290172,0.428317,-0.338849,-0.42853,0.262928,0.160475,-0.256132,-0.620179,-0.408842,-0.399671,0.171843,-0.302411,-0.354424,0.067878,0.213266,-0.851443,0.364392,-0.22079,0.236099,0.217988,-0.197788,-0.25774,-0.023386,-0.537258,-0.407807,-0.26073,-0.352173,0.581367,-0.699657,-0.667316,0.063803,-0.441785,-0.244786,-0.45655,-0.441785,0.10374,-0.45655,-0.421871,-0.095006,-0.095006,-0.599508,-0.15333,0.326973,-0.289588,-0.172264,0.128554,-0.567609,-0.012371,0.373096,-0.334544,0.063803,0.02816,-0.364851,-0.27349,-0.334544,0.388811,-0.276674,-0.370067,0.063803,0.051603,0.063803,0.534375,0.930448,0.262928,-0.118576,-0.420981,0.121924,-0.583119,-0.126379,-0.129224,0.135687,-0.224675,-0.276674,0.0459,-0.123829,0.297525,-0.216902,-0.565127,-0.406334,0.213266,-0.207321,0.315613,-0.352173,0.367427,0.352845,0.563684,0.326973,0.137502,0.0,-0.26073,-0.258585,-0.441785,0.388811,0.261479,0.128554,0.213266,0.063803,-0.169063,-0.14335,0.642024,-0.667316,0.315613,-0.461292,-0.334544,0.033682,-0.436696,-0.600228,0.063803,0.096372,0.29424,0.071361,-0.276674,-0.102135,0.2333,-0.017913,0.071361,0.119776,0.376646,-0.611711,-0.615944,0.086848,-0.301059,0.344748,0.027585,-0.370507,-0.461292,0.156386,-0.573187,-0.205429,0.059659,-0.018308,-0.26409,0.114937,-0.11836,-0.431079,0.353328,0.201858,-0.009392,-0.134631,-0.326052,-0.418234,0.377718,0.121924,0.06735,0.363103,0.587277,-0.498273,0.057731,0.363103,-0.326052,-0.36206,-0.407807,#
10,0.082751,-0.490257,-0.052627,-0.071159,-0.122453,-0.200354,0.393408,-0.200354,0.393408,-0.028498,1.0,0.430612,0.073826,-0.781761,0.246476,-0.094637,-0.356532,-0.365826,-0.352239,0.1362,0.140511,0.205421,-0.340435,-0.070046,0.294408,0.532901,0.177739,-0.498894,0.524044,0.36209,-0.17733,-0.778111,-0.326916,0.331941,0.040675,0.060447,-0.341108,-0.250443,0.253526,0.548411,-0.355125,-0.306723,-0.497313,-0.143789,0.230879,0.337534,-0.529083,-0.427069,0.670913,-0.13592,0.247876,-0.17733,-0.326916,0.390423,0.543167,0.284628,-0.042878,-0.424303,0.343674,0.234208,-0.073115,0.202492,0.346372,-0.166016,-0.513391,-0.012,-0.326916,-0.322312,-0.614836,-0.348272,-0.223925,0.063749,0.365703,-0.072636,0.300196,0.056379,-0.072636,0.348478,-0.031272,-0.045027,-0.352526,0.464299,-0.045027,-0.179978,0.464299,-0.154209,0.181246,-0.286418,0.327456,0.173111,-0.374134,-0.061802,0.335514,-0.495237,0.167612,0.551402,-0.274537,-0.37741,-0.56838,0.073553,-0.423365,-0.061802,-0.37741,-0.274537,-0.072636,0.105,-0.031272,-0.058087,-0.031272,0.337117,-0.181568,-0.326916,-0.301888,0.131159,-0.484239,-0.286418,-0.270489,0.181246,-0.361346,-0.317701,0.083289,-0.548623,0.630139,0.171503,-0.277337,0.312742,0.543222,0.346372,0.110945,-0.260437,0.300196,-0.701067,-0.397916,-0.42184,-0.374134,0.378245,0.0,-0.072636,0.474562,-0.045027,-0.274537,0.077207,-0.495237,0.346372,-0.031272,-0.218532,-0.270489,-0.187086,0.348478,-0.728101,-0.045027,-0.37741,-0.041927,-0.298402,-0.286418,-0.56838,-0.5065,-0.002039,0.481981,-0.072636,0.476556,-0.088221,-0.282559,-0.058087,-0.788461,-0.530191,-0.490374,-0.145236,0.578311,-0.764128,-0.083318,-0.614861,0.254779,-0.045027,0.396151,-0.147972,-0.098497,0.326063,-0.105359,-0.112451,-0.104183,0.589613,0.380171,0.252129,-0.306598,-0.186701,-0.088827,0.300196,0.128845,0.440314,-0.048424,0.600296,0.071727,-0.576771,-0.555486,-0.216779,0.071727,0.300196,0.267512,0.365703,#
11,0.536311,-0.243366,0.389679,-0.51562,0.120483,-0.31864,0.818961,-0.31864,0.818961,0.407712,0.430612,1.0,0.233507,-0.59562,-0.318474,0.550232,-0.397192,0.246733,0.071412,0.352042,-0.104861,0.085504,0.02448,-0.210844,0.011013,-0.113739,0.316171,-0.467583,0.03282,0.286931,-0.463181,-0.595029,-0.162283,0.420489,0.267432,0.506817,0.000642,0.182743,-0.318446,-0.243361,0.209393,-0.585778,-0.458616,-0.367594,0.536727,-0.302055,-0.050879,0.419359,0.375585,0.111057,0.034088,-0.463181,-0.162283,0.41888,-0.006704,-0.142995,-0.507711,-0.143709,0.36805,0.02768,-0.484027,0.231635,0.083494,-0.486226,0.459215,-0.369275,-0.162283,0.072245,-0.190276,-0.402975,-0.305036,-0.299442,-0.162283,-0.214384,0.073919,0.297524,-0.214384,-0.218009,-0.501921,-0.505227,-0.595657,0.174102,-0.505227,-0.318555,0.174102,-0.486471,-0.333539,-0.333539,-0.015837,0.271763,0.073919,-0.210738,-0.021213,-0.20707,-0.336872,0.429721,-0.11066,-0.83194,-0.501921,-0.293015,0.034088,-0.210738,-0.83194,-0.11066,-0.214384,0.093171,-0.501921,0.182452,-0.501921,0.321276,0.331662,-0.162283,0.271763,-0.11066,-0.214384,-0.333539,-0.336872,-0.333539,-0.03068,-0.486167,-0.595657,-0.505227,0.263276,0.233625,-0.769807,-0.153505,-0.114933,0.083494,0.217584,-0.333539,0.073919,-0.106317,0.083811,0.458691,0.073919,-0.210738,0.0,-0.214384,0.260274,-0.505227,-0.11066,0.321838,-0.20707,0.083494,-0.501921,0.345336,-0.336872,0.412885,-0.218009,-0.333539,-0.505227,-0.83194,0.174102,-0.11066,-0.333539,-0.501921,0.325808,0.153476,0.182452,-0.214384,0.299978,-0.004622,-0.114933,0.182452,-0.036142,0.116901,-0.243424,-0.036477,0.085405,-0.595657,0.144452,-0.048092,0.285401,-0.505227,-0.018905,-0.687819,-0.010311,0.348445,0.116901,-0.583379,0.380816,0.498949,-0.145923,0.367154,-0.156317,0.241118,-0.089491,0.073919,-0.122617,0.994165,-0.214384,0.73803,0.498949,-0.150033,-0.498061,0.258389,0.498949,0.073919,-0.019757,-0.162283,#
12,0.160132,0.096996,-0.124233,-0.167647,0.411363,-0.533895,0.442199,-0.533895,0.442199,0.246844,0.073826,0.233507,1.0,-0.201481,-0.119659,0.234763,-0.27348,0.22169,0.33421,0.11633,-0.422993,0.234655,0.639298,-0.207337,-0.244448,-0.432127,0.119395,-0.107394,0.661686,-0.405012,-0.590302,-0.211227,-0.271911,0.276231,0.42752,0.642949,0.637296,-0.360372,-0.123435,0.076408,0.591005,-0.166638,-0.110233,-0.301867,0.056293,-0.172097,0.56958,0.246907,0.129609,0.02175,-0.362112,-0.590302,0.414733,-0.135665,0.237558,-0.631391,-0.145508,0.290772,0.245862,-0.319125,0.25739,0.274095,0.051579,-0.056288,0.318868,0.195205,0.387268,-0.248108,0.372658,0.079929,-0.350401,-0.781872,-0.271911,-0.198265,0.177117,-0.068047,-0.198265,-0.610093,-0.159861,-0.669585,-0.198265,-0.17016,-0.669585,-0.533752,-0.17016,-0.051646,-0.386152,-0.386152,-0.273728,0.490784,-0.464656,-0.207074,-0.665714,0.216694,-0.410511,-0.420853,-0.026782,-0.491293,-0.159861,-0.313296,0.303339,-0.190593,-0.491293,-0.428979,-0.214587,-0.11073,-0.159861,0.345994,-0.159861,0.308775,0.151478,0.414733,0.063833,-0.428979,-0.198265,-0.403667,-0.827461,0.034206,0.639399,-0.316515,0.193465,-0.649615,0.035374,0.036508,-0.413697,0.024894,-0.433374,0.051579,0.107501,-0.386152,0.177117,-0.01762,0.194074,0.219578,-0.464656,0.204941,0.0,-0.198265,-0.286565,-0.669585,-0.428979,-0.296865,0.216694,0.051579,-0.159861,0.014423,-0.393138,0.632144,-0.610093,-0.386152,-0.170333,-0.491293,-0.150085,-0.026782,0.034206,-0.159861,0.336873,0.097542,-0.159671,-0.214587,-0.192173,0.141282,-0.417469,-0.159671,0.224211,0.388949,-0.407867,-0.292663,-0.533752,-0.198265,0.361508,0.509366,0.336951,-0.170333,0.176355,-0.716749,0.129514,0.796748,0.388949,-0.408108,0.397682,0.590047,-0.300423,0.106006,0.357561,-0.045672,0.500615,-0.491397,-0.815139,0.147559,-0.198265,-0.091378,0.590047,0.429766,-0.185268,0.343854,0.590047,-0.491397,-0.538397,-0.271911,#
13,-0.120287,0.414809,-0.216471,0.113065,0.374515,0.551832,-0.407807,0.551832,-0.407807,-0.280772,-0.781761,-0.59562,-0.201481,1.0,0.113026,-0.111859,0.660095,-0.235499,0.517857,-0.478888,-0.009063,0.082958,0.168033,-0.24044,-0.533677,-0.379536,-0.078386,0.567538,-0.29003,-0.607429,0.148883,0.999147,0.289758,-0.295707,-0.477504,-0.118495,0.167381,0.323789,0.116594,-0.611552,0.229093,0.133194,0.541466,0.212491,-0.487771,-0.185955,0.322601,0.087776,-0.535936,0.019738,-0.103797,0.148883,0.262928,-0.284454,-0.25737,-0.209432,0.088636,0.633184,-0.620084,-0.068353,0.373679,-0.258947,-0.238804,0.419934,0.274542,0.302132,0.236099,0.454386,0.409892,0.267608,-0.11622,-0.027669,0.262928,-0.220401,-0.23386,0.030097,0.201644,-0.209245,0.0927,0.123929,0.194141,-0.367732,0.123929,0.10374,-0.367732,0.005849,-0.069845,-0.05173,-0.136977,-0.074621,0.445286,0.177276,-0.149135,0.169683,-0.075468,-0.373343,-0.019783,0.42063,0.113506,-0.153019,0.546236,0.193375,0.42063,-0.004068,-0.236345,-0.326518,0.0927,-0.38191,0.0927,-0.428895,-0.176675,0.262928,-0.021466,0.034758,0.162253,0.384049,0.365761,-0.104064,0.18587,0.476676,0.145371,0.611613,-0.520043,-0.074381,0.323789,-0.060693,-0.383486,-0.238804,-0.139834,0.340773,-0.23386,0.407649,-0.224397,0.095965,0.445286,-0.282013,0.0,-0.220401,-0.517584,0.123929,-0.004068,0.070382,0.169683,-0.238804,0.0927,-0.076139,0.348791,0.076347,-0.209245,0.358889,0.104422,0.42063,0.1225,0.035683,0.36694,0.113506,0.049131,0.279429,-0.383072,-0.236345,-0.318463,-0.17744,0.021386,-0.362152,0.616456,0.402359,0.434637,-0.073845,-0.353354,0.99884,-0.037724,0.409085,-0.31687,0.104422,-0.6231,0.394694,-0.164495,-0.383814,0.007405,0.077715,0.052904,-0.608599,0.254581,-0.144207,0.245064,-0.203109,0.341393,-0.207739,0.032824,-0.601449,0.145371,-0.35467,-0.127136,0.461586,0.62724,0.139603,-0.127136,-0.207739,-0.121727,0.262928,#
14,-0.326314,-0.326999,-0.799696,-0.274692,-0.221318,0.536382,-0.218052,0.536382,-0.218052,-0.800308,0.246476,-0.318474,-0.119659,0.113026,1.0,-0.016127,-0.068166,-0.4073,0.066057,-0.017591,0.246216,0.486246,-0.393065,0.10775,-0.089081,0.66509,0.38239,0.426413,0.059807,-0.324788,0.299624,0.136138,-0.218052,0.495937,-0.139815,-0.326999,0.11972,-0.34489,0.999783,0.185518,-0.533979,0.148791,0.341009,-0.429294,-0.644687,0.606168,-0.172783,-0.771227,0.002989,-0.653916,0.264293,0.299624,-0.218052,-0.394382,0.104302,0.40962,0.258728,0.278595,-0.39543,0.254757,0.324405,-0.306487,0.400133,0.654714,-0.479255,0.302792,-0.218052,-0.336083,0.017413,0.419892,0.020734,0.411334,0.508788,0.089945,0.259748,-0.723167,0.547292,0.534648,0.355097,0.343199,0.089945,0.354367,0.343199,-0.428028,0.354367,0.213921,-0.062164,-0.042533,0.814354,0.471882,-0.419593,0.560304,0.386478,0.107278,0.436489,-0.202586,-0.653638,0.246498,-0.208549,0.304037,0.264293,0.560304,0.246498,-0.184822,0.089945,0.533378,-0.231095,-0.200252,0.355097,-0.425094,-0.960698,-0.218052,-0.026585,0.674674,-0.324716,0.448237,-0.004868,0.448237,-0.373343,0.060867,0.547292,-0.164139,0.459552,0.019875,0.332471,0.447537,0.659591,0.400133,-0.065819,0.003272,0.259748,-0.179415,-0.480464,-0.79604,-0.419593,0.080043,0.0,0.089945,0.286276,0.343199,-0.184822,-0.449808,-0.377807,0.400133,0.355097,-0.004873,-0.004868,-0.5144,0.534648,-0.487498,0.343199,0.246498,-0.155621,0.22389,0.448237,-0.208549,-0.232561,-0.120372,-0.222922,0.089945,-0.073017,-0.106823,-0.190152,-0.200252,-0.315172,-0.645328,0.239857,0.310489,0.056532,0.132631,-0.623399,-0.064397,0.028503,0.343199,-0.019859,0.388208,0.369817,0.055308,-0.217338,0.062382,0.027269,0.213993,0.513116,-0.062069,-0.199453,-0.125952,0.462436,0.259748,0.247338,-0.302316,-0.34301,0.062574,-0.307742,-0.488391,0.371447,-0.426543,-0.307742,0.259748,0.299332,0.508788,#
15,0.192872,-0.399801,-0.229676,-0.761485,0.054691,-0.029313,0.47873,-0.029313,0.47873,0.182324,-0.094637,0.550232,0.234763,-0.111859,-0.016127,1.0,-0.243338,0.400726,0.464335,0.575277,-0.048281,0.225631,-0.106066,0.209112,-0.34018,-0.048426,0.031861,-0.074297,-0.094421,0.004452,-0.077434,-0.088439,-0.266598,0.708661,0.484002,0.170019,0.381432,0.358093,-0.023736,-0.399793,0.233505,-0.039547,-0.172451,-0.535036,-0.016089,0.169489,0.113042,0.318535,0.078984,-0.345484,0.200362,-0.077434,-0.266598,-0.196657,-0.530872,-0.210537,-0.237189,0.075571,-0.245826,-0.448159,-0.162985,-0.025519,0.328898,0.061497,0.421343,-0.243244,0.421397,0.263872,0.192602,0.25523,-0.343761,-0.352241,-0.266598,-0.21996,0.213754,-0.102856,-0.21996,-0.227146,-0.15771,-0.167971,-0.509566,0.35532,-0.167971,-0.523323,0.35532,0.056247,-0.909298,-0.406044,0.106258,0.50787,0.213754,0.20014,0.095588,0.211655,0.022505,-0.102686,-0.110723,-0.482983,-0.15771,-0.3354,0.200362,-0.212686,-0.482983,0.351528,0.188895,0.295851,-0.735694,0.369563,-0.15771,0.355805,0.080516,-0.266598,0.062255,-0.05146,0.188895,0.03269,0.022505,0.03269,-0.12848,-0.043795,-0.100711,-0.167971,0.493395,0.477934,-0.36544,0.168993,-0.059958,0.328898,-0.177963,0.03269,0.213754,0.365,0.230667,0.220241,0.213754,-0.273396,0.0,-0.21996,-0.32256,-0.167971,0.351528,-0.385937,-0.266638,0.328898,-0.15771,0.553763,0.022505,0.330523,-0.227146,0.03269,-0.167971,-0.482983,0.35532,-0.05146,0.03269,-0.15771,0.44361,-0.226295,-0.211605,0.188895,-0.54261,0.066707,-0.059958,0.369563,0.340967,0.077806,0.159099,0.06921,-0.216485,-0.100711,0.040306,0.349144,-0.064253,-0.167971,-0.372045,-0.374713,0.53226,-0.018905,-0.344191,-0.330354,0.438078,0.165984,-0.247019,0.504482,0.444469,-0.045159,0.226425,0.213754,-0.069911,0.544731,-0.280086,0.284965,0.680413,0.045917,-0.145376,-0.084114,0.680413,0.213754,-0.485231,-0.266598,#
16,0.057207,0.097379,-0.157861,0.415954,0.39408,0.374664,-0.271948,0.374664,-0.271948,-0.200312,-0.356532,-0.397192,-0.27348,0.660095,-0.068166,-0.243338,1.0,-0.325371,0.166395,-0.333833,-0.391903,0.267764,0.238521,-0.205518,-0.210751,-0.385226,-0.299146,0.325549,-0.169244,-0.405067,0.394756,0.654167,0.414276,-0.220978,-0.723824,-0.407824,-0.194929,0.147344,-0.056807,-0.407816,0.151324,0.140628,0.3775,0.449741,-0.494546,-0.121575,0.130905,0.220237,0.097202,0.005002,0.353409,0.394756,-0.271948,-0.124115,-0.126243,-0.093196,-0.06581,0.398817,-0.550022,-0.270778,0.237607,-0.370333,-0.386404,0.419432,0.112542,0.083562,0.38886,0.238705,0.171037,0.155899,-0.45851,0.086405,0.439691,-0.566392,-0.34526,0.37845,-0.118609,-0.126924,-0.108729,0.408722,-0.173693,-0.060426,0.408722,0.339723,-0.060426,-0.011775,0.120699,-0.359808,-0.217746,-0.327298,0.298099,0.246878,-0.224096,-0.19762,0.109602,0.051686,-0.002539,0.281654,-0.128438,-0.48822,0.353409,-0.149634,0.281654,-0.041071,-0.173693,-0.533813,0.42342,-0.604003,-0.108729,-0.154425,-0.044391,-0.271948,-0.344729,0.013223,-0.173693,0.542095,0.527581,-0.342647,0.254697,0.193183,-0.157701,0.408722,-0.33473,-0.326248,0.147344,0.12051,-0.378862,-0.386404,0.160339,0.07875,-0.34526,-0.032077,-0.422947,0.188384,0.298099,-0.149634,0.0,-0.566392,-0.489329,0.408722,-0.041071,0.220497,0.242744,-0.386404,-0.108729,0.074114,0.109602,0.040471,-0.126924,0.061589,-0.071744,0.281654,-0.060426,-0.389603,0.120699,-0.128438,-0.16571,0.253013,0.437534,-0.173693,0.14177,0.143188,-0.394446,-0.117366,0.242402,0.409413,0.106746,-0.168516,-0.059397,0.666788,-0.030772,0.036557,-0.058334,-0.071744,-0.679386,0.272685,-0.267197,-0.538722,0.004092,0.464446,-0.520342,-0.404901,0.425328,-0.297261,0.403235,-0.514938,0.099525,0.298099,0.034183,-0.400047,0.274089,-0.06554,0.089199,0.314226,0.441163,-0.048723,0.089199,0.298099,-0.294195,0.439691,#
17,0.248132,0.029026,0.295928,-0.277443,-0.346808,-0.361645,0.185609,-0.361645,0.185609,0.267686,-0.365826,0.246733,0.22169,-0.235499,-0.4073,0.400726,-0.325371,1.0,-0.129416,0.625338,-0.471242,-0.125596,0.42571,0.422164,0.268759,-0.333659,-0.132646,-0.141561,-0.407795,0.073261,0.1028,-0.234669,0.185609,0.024087,0.580148,0.061276,0.431859,-0.210649,-0.425193,0.053706,0.227058,0.429062,-0.106263,-0.38091,0.179893,-0.289064,0.554786,0.425221,-0.225084,0.209722,0.077839,0.1028,-0.109678,-0.28219,-0.409141,-0.15737,-0.264914,-0.010591,0.287686,-0.161208,-0.200577,0.023716,-0.236571,-0.174924,0.357888,-0.202641,0.143425,-0.201962,0.598998,0.34957,0.388865,-0.005902,-0.953358,0.2964,-0.187473,-0.287257,-0.261009,-0.236083,-0.307862,-0.082994,0.2964,-0.060575,-0.082994,0.169048,-0.060575,0.352347,-0.35952,0.409523,-0.312727,-0.205723,-0.187473,-0.143534,-0.43435,0.40034,-0.162921,-0.331245,0.177032,-0.217242,0.575378,-0.075531,0.036957,-0.295407,-0.217242,0.325286,0.446812,0.310196,-0.307862,0.601573,-0.307862,0.152825,0.356443,-0.109678,0.575382,-0.224125,0.2964,-0.027217,-0.162921,-0.35952,0.42304,-0.370761,-0.420269,-0.267022,-0.179402,-0.350849,-0.2516,-0.144089,-0.346024,-0.236571,0.350588,-0.35952,-0.187473,0.306502,0.941664,0.430163,-0.187473,-0.456214,0.0,0.2964,0.008469,-0.082994,0.325286,-0.331329,0.40034,-0.236571,-0.307862,0.706013,-0.323016,0.241946,-0.236083,0.409523,-0.267022,-0.217242,-0.245566,0.334007,-0.188621,0.575378,0.768663,-0.369486,-0.100141,0.446812,-0.228985,0.351319,0.205775,0.787967,0.450837,0.322784,0.278414,0.403353,-0.590263,-0.261009,0.182879,0.550001,0.33636,-0.267022,0.063392,-0.391319,0.378076,0.133391,0.322784,0.136523,0.142806,0.224341,-0.945147,-0.35176,0.117931,0.631315,-0.189491,0.058947,-0.313415,0.222761,-0.420269,-0.420527,0.224341,0.152077,-0.109855,0.166687,0.224341,0.058947,-0.230652,-0.953358,#
18,0.421894,0.355769,-0.22082,-0.505828,0.776201,0.043802,0.344618,0.043802,0.344618,0.19597,-0.352239,0.071412,0.33421,0.517857,0.066057,0.464335,0.166395,-0.129416,1.0,-0.357629,-0.048044,0.10886,0.206968,-0.212304,-0.980933,-0.417701,-0.119511,0.144479,0.181711,-0.60085,-0.431402,0.531749,-0.40339,0.195354,-0.192505,0.457888,0.648292,0.506115,0.067637,-0.604928,0.697223,-0.149003,-0.033177,-0.224757,-0.322495,-0.176832,0.378688,0.144092,-0.075254,0.011391,-0.10967,-0.431402,0.264474,-0.294057,-0.283448,-0.741143,-0.457979,0.620413,-0.608925,-0.148496,0.375775,-0.191501,0.379349,-0.008004,0.447327,0.439162,0.317904,0.467335,0.350248,0.289294,-0.46783,-0.594905,0.157616,-0.629891,-0.24418,0.051879,-0.276891,-0.681483,0.046152,-0.457033,-0.26475,-0.376609,-0.457033,-0.404973,-0.376609,-0.349266,-0.649568,-0.54134,-0.180297,0.390846,0.354031,0.135405,-0.1917,0.19591,-0.531086,-0.448319,-0.395523,-0.353397,-0.388894,-0.215866,0.537581,0.103345,-0.353397,0.020526,-0.598139,-0.301724,-0.513193,-0.307599,0.046152,0.109803,0.033418,0.264474,-0.063105,-0.054031,-0.201248,-0.12847,-0.142438,-0.094399,0.175657,0.011589,0.151753,0.028564,-0.056605,0.361183,-0.220019,-0.071239,-0.422977,0.379349,-0.150255,0.297426,-0.24418,0.43068,-0.202634,0.138181,0.354031,-0.2908,0.0,-0.629891,-0.577468,-0.457033,0.020526,-0.066858,-0.26696,0.379349,0.046152,-0.011044,-0.108643,0.688905,-0.681483,-0.081371,-0.418185,-0.353397,0.111524,-0.37067,-0.094399,-0.388894,0.125258,0.576621,-0.47193,-0.598139,-0.471059,-0.170137,-0.380206,-0.346946,0.621711,0.440987,-0.064115,-0.548385,-0.417836,0.516893,0.043822,0.608372,-0.330817,-0.418185,-0.614351,-0.316655,-0.091848,0.128519,-0.001434,-0.503467,0.594484,-0.043321,0.152448,0.365459,0.328508,-0.249001,0.797858,-0.296199,-0.430079,0.014434,-0.302105,0.06416,0.496006,0.632083,0.033738,0.094064,0.496006,-0.296199,-0.374495,0.157616,#
19,-0.153993,-0.756148,-0.118539,-0.400083,-0.62772,0.012858,0.25211,0.012858,0.25211,-0.144749,0.1362,0.352042,0.11633,-0.478888,-0.017591,0.575277,-0.333833,0.625338,-0.357629,1.0,-0.246557,0.376841,-0.044915,0.316488,0.491811,0.164678,0.120564,-0.289564,-0.142851,0.24058,0.268947,-0.469719,0.25211,0.485897,0.735242,-0.177917,-0.009527,-0.263229,-0.029495,0.228897,-0.31666,0.299877,-0.205607,-0.53779,0.163535,0.272941,0.071506,0.092471,0.00288,-0.246111,0.411557,0.268947,-0.50422,-0.00999,-0.122144,0.360476,0.157574,-0.229743,0.312091,-0.284384,-0.14136,0.275611,-0.151327,0.269917,-0.037525,-0.340821,0.224098,-0.14962,0.18302,0.163643,0.00074,0.086377,-0.50422,0.336853,0.48128,-0.291339,-0.033294,0.316257,-0.376527,0.186901,-0.095964,0.729829,0.186901,-0.093374,0.729829,0.620244,-0.470752,0.03993,0.107751,0.08965,-0.227806,-0.059324,0.027046,-0.041944,0.481527,0.165791,0.175661,-0.239898,0.209986,-0.328609,-0.158542,-0.496344,-0.239898,0.175661,0.76967,0.45892,-0.376527,0.757205,-0.376527,0.35269,-0.057301,-0.50422,0.13661,-0.189174,0.336853,0.10718,0.020845,-0.006305,-0.034258,-0.046493,-0.13905,-0.342651,0.469755,-0.007447,-0.290422,0.493099,0.156492,-0.151327,0.16911,-0.470752,0.48128,-0.173842,0.513821,0.016087,-0.227806,-0.166107,0.0,0.336853,0.03894,0.186901,0.175661,-0.505891,-0.041944,-0.151327,-0.376527,0.657236,0.020845,-0.200313,0.316257,0.03993,0.186901,-0.239898,0.197511,0.2799,0.10718,0.209986,0.367814,-0.788646,0.167459,0.76967,-0.227099,0.102923,0.198478,0.757205,-0.007978,-0.139603,0.378165,0.580481,-0.139023,-0.466111,0.195837,0.070472,0.476012,0.186901,0.062506,-0.078741,0.566527,0.016579,-0.139603,0.205359,0.003666,0.37178,-0.464906,0.018762,0.252619,0.193676,-0.339136,0.48128,0.178164,0.371238,-0.13905,-0.004508,0.37178,-0.466187,-0.222137,-0.009863,0.37178,0.48128,-0.228116,-0.50422,#
20,-0.498393,-0.033109,-0.040763,-0.005282,-0.227993,0.222961,-0.33304,0.222961,-0.33304,-0.009063,0.140511,-0.104861,-0.422993,-0.009063,0.246216,-0.048281,-0.391903,-0.471242,-0.048044,-0.246557,1.0,-0.436342,-0.836445,0.04768,-0.041136,0.631126,0.16114,0.076028,-0.001563,0.50578,-0.075278,-0.000124,-0.33304,-0.024224,0.096619,-0.033109,-0.401077,0.45611,0.24972,0.026371,-0.438972,-0.301648,-0.006829,0.22067,0.258416,0.405969,-0.745983,-0.373166,-0.218479,-0.22467,-0.392845,-0.075278,0.301322,0.272292,-0.000854,0.388108,0.494824,-0.48444,-0.009689,0.208141,-0.253133,0.151082,0.439928,-0.173593,-0.297028,-0.164438,-0.33304,0.301113,-0.689624,-0.378592,0.305094,0.157939,0.327753,0.412093,0.383585,0.013708,0.395461,0.43517,0.53247,0.053133,0.019403,0.067729,0.053133,-0.195595,0.067729,-0.155586,0.211983,0.22983,0.426097,0.240685,0.383585,0.030414,0.835242,0.003015,0.25688,0.224469,0.186515,0.363387,0.020042,0.594231,-0.444077,0.411057,0.363387,0.241158,0.035111,0.237267,-0.000455,0.034579,0.53247,-0.146857,-0.114582,0.301322,-0.212488,0.224765,0.412093,-0.192549,0.25688,0.676004,-0.833999,0.568318,0.435192,0.51437,0.285917,0.709699,0.45611,-0.149681,0.63225,0.439928,-0.766992,0.676004,0.383585,0.200342,-0.280531,-0.390747,0.383585,0.411057,0.0,0.412093,0.231889,0.053133,0.241158,0.122629,-0.437992,0.439928,0.53247,-0.617792,0.658132,-0.458304,0.43517,0.22983,0.51437,0.363387,0.531375,0.186515,0.211983,0.020042,-0.446526,-0.105057,-0.453193,0.035111,-0.216848,-0.411126,0.594434,-0.432583,-0.396912,-0.629652,0.015859,-0.030067,0.660989,0.002772,-0.186853,-0.551625,-0.653002,0.51437,0.356282,0.485438,0.022133,-0.243814,-0.629652,-0.305546,0.181726,-0.480749,0.337589,0.612755,-0.319411,-0.089061,-0.23018,-0.234026,0.613125,-0.035568,0.395461,0.22245,-0.480749,-0.331623,-0.013197,-0.229568,-0.480749,-0.234026,0.430491,0.327753,#
