0,1.0,-0.250791,-0.360698,0.370601,0.108627,0.002689,0.502871,-0.101916,-0.311355,-0.172552,0.69361,0.819714,0.481059,-0.167467,-0.030599,-0.415928,0.098378,-0.438996,0.124299,-0.860139,-0.1618,0.047705,-0.101512,0.549524,0.374358,-0.129346,-0.086122,0.090505,0.060839,0.209775,-0.299695,0.077133,-0.266842,-0.039753,0.643035,0.182173,0.361324,-0.287042,0.33387,0.264979,-0.114911,0.938826,0.51369,-0.020236,0.335857,0.815939,0.394451,-0.026131,0.387002,-0.135052,-0.088493,0.317268,0.019393,-0.350659,0.075806,-0.305128,-0.352152,0.393573,0.077105,-0.316385,-0.005266,0.034744,-0.629618,-0.239846,-0.388163,-0.377176,0.355965,-0.383162,0.067024,-0.22442,-0.072048,-0.12066,0.0,-0.380988,0.496095,-0.256007,-0.507877,-0.099958,-0.554101,-0.239319,-0.518675,-0.34434,-0.07193,-0.482681,0.111,-0.202875,-0.330252,-0.418196,-0.313694,0.071884,-0.021684,-0.073331,-0.073331,-0.404912,-0.210853,-0.55591,0.023278,-0.392429,-0.427779,-0.518675,0.20454,-0.554101,-0.170046,0.501539,0.051277,-0.492091,-0.518675,-0.50305,-0.385913,0.237377,-0.570709,0.313506,0.361421,-0.410274,-0.459123,-0.34434,-0.057823,0.354543,-0.231596,0.242613,-0.202875,0.237377,-0.021684,0.663569,-0.140368,-0.144067,-0.695218,0.361324,-0.469432,-0.377638,-0.438121,-0.245178,0.115955,0.545366,-0.202381,-0.326846,0.0,-0.761427,0.210946,-0.524897,-0.518675,-0.275269,-0.165527,-0.342127,-0.105341,-0.387048,-0.202875,0.076513,-0.524897,-0.761427,0.233482,-0.457038,-0.996943,0.00646,-0.374025,-0.04876,-0.313907,0.24365,-0.202381,-0.377638,-0.54309,-0.313694,-0.1248,-0.374025,-0.330218,-0.234204,-0.202875,-0.520033,-0.800161,0.0,0.506677,-0.718223,0.209775,-0.285529,0.371728,-0.330252,-0.55436,0.499017,-0.146393,-0.236619,0.166183,0.494078,-0.511949,0.389867,0.454506,-0.307978,-0.319614,0.030858,0.341394,0.197937,-0.55591,0.284315,0.606393,-0.323726,-0.22835,-0.37463,0.459182,-0.424283,-0.206416,-0.695218,#
1,-0.250791,1.0,-0.184268,-0.178692,0.333657,-0.237301,-0.136325,-0.156833,0.303936,0.438203,-0.293804,-0.247355,-0.088711,0.403651,-0.280577,0.226239,0.225008,-0.306936,0.330692,0.276641,-0.333326,0.269301,-0.247355,0.198596,0.122182,0.096446,-0.231447,0.250795,0.537915,0.047539,-0.092835,-0.18061,-0.099501,-0.529066,-0.083611,0.047539,0.084386,-0.259403,0.304848,0.133973,0.32243,-0.098294,0.2472,-0.353652,-0.736981,-0.22297,-0.415182,-0.065353,-0.270241,0.364428,0.122399,-0.216482,-0.14264,0.09906,-0.003871,-0.360536,-0.143228,-0.247355,0.504366,-0.129623,-0.206463,0.166131,-0.35771,-0.100773,0.591663,-0.330325,-0.656762,-0.163588,-0.379506,-0.273922,-0.064615,0.024078,0.0,-0.218989,-0.397296,0.989371,0.090756,-0.231253,0.179779,-0.348053,-0.485827,-0.401904,-0.265712,-0.257279,-0.410706,0.136134,-0.213798,-0.121726,-0.365725,-0.427972,-0.529066,-0.198663,-0.198663,-0.216932,-0.313586,-0.286168,-0.198095,-0.116447,0.589503,-0.485827,-0.168847,0.179779,-0.307195,-0.285478,-0.257279,-0.227367,0.207513,-0.314127,-0.398281,-0.989674,0.46979,0.210157,-0.316485,-0.411165,-0.132052,-0.401904,-0.557358,-0.236479,-0.018627,-0.36109,-0.674188,0.090756,-0.529066,-0.348954,-0.35771,-0.093488,-0.313586,0.084386,-0.272466,-0.427972,-0.302309,-0.332509,-0.427972,-0.154243,-0.332509,-0.330686,0.0,0.169387,-0.064011,-0.25305,-0.485827,-0.255337,0.169387,-0.134884,-0.291867,-0.236319,-0.674188,-0.008299,0.389017,0.169387,-0.398319,0.47516,0.235774,-0.485827,0.194047,-0.570047,0.523328,0.632623,-0.332509,-0.427972,-0.3669,-0.365725,0.234336,0.194047,-0.111614,0.400731,0.136134,-0.10694,-0.365725,0.0,-0.206453,0.235488,0.047539,0.994712,0.23459,-0.213798,0.181272,0.224515,0.455858,-0.278902,0.389466,-0.32073,0.223998,0.206189,-0.170053,-0.32467,-0.167103,-0.159801,-0.208366,0.389466,-0.286168,0.229416,0.34828,0.992681,0.318534,0.252218,0.238188,-0.151202,0.541003,0.325925,#
2,-0.360698,-0.184268,1.0,-0.488154,-0.651532,0.162478,-0.282378,-0.439048,0.512871,0.045729,-0.580177,-0.48926,-0.242975,-0.05493,0.273583,0.473056,-0.074955,0.96411,-0.608348,0.395465,-0.075765,-0.005892,0.030771,-0.086732,0.387071,0.270192,0.054967,-0.079979,-0.367526,0.210198,-0.276601,-0.315881,-0.351636,0.306968,-0.340189,0.210198,-0.275694,0.974655,0.110168,-0.662931,-0.036786,-0.452754,-0.050053,0.589717,0.214187,-0.482579,-0.407959,-0.361007,-0.110545,0.159089,0.36922,-0.413854,0.17965,0.123539,-0.670927,0.546318,0.364423,-0.508491,-0.302175,-0.197074,0.213976,0.449047,0.471694,-0.332668,0.072848,0.329832,0.170759,-0.265055,-0.435202,0.099234,-0.25911,-0.182941,0.0,0.352946,-0.165688,-0.125074,0.145521,0.041091,0.349125,0.435961,0.266116,0.337908,0.015542,0.726737,-0.188439,0.218282,0.334806,-0.3736,-0.170755,0.376919,0.243458,-0.462917,-0.462917,0.156949,-0.070935,0.575277,-0.359838,0.312393,-0.362138,0.266116,-0.318695,0.349125,-0.08301,0.188046,0.145844,0.027696,0.30762,-0.101894,0.394726,0.080845,0.079789,-0.388488,0.073105,0.38883,0.137407,0.337908,0.285798,-0.484108,-0.283415,-0.112048,0.169775,0.145521,0.243458,-0.573411,-0.060561,-0.421267,0.456007,-0.275694,0.129412,0.376919,0.531798,0.47633,-0.160062,-0.123013,-0.045126,-0.143291,0.0,0.243105,-0.55181,0.066131,0.266116,0.099995,-0.405174,-0.407236,0.054685,0.284381,0.169775,-0.070201,0.104566,0.243105,-0.040462,0.220461,0.32877,-0.305179,-0.544511,0.283096,0.154674,-0.091399,-0.045126,0.376919,0.415195,-0.170755,-0.192386,-0.544511,0.612339,-0.053267,0.218282,0.251647,0.358472,0.0,-0.390498,0.084806,0.210198,-0.15704,-0.201888,0.334806,0.347492,-0.080381,0.103035,-0.045126,-0.467521,-0.151894,0.316432,-0.223139,-0.33471,0.542551,0.631783,-0.392678,-0.444043,-0.486123,0.575277,-0.383607,-0.474359,-0.117627,0.008148,0.540553,0.171661,0.352946,0.342931,0.494289,#
3,0.370601,-0.178692,-0.488154,1.0,0.306945,-0.065056,0.440058,0.058396,-0.77814,-0.527886,0.420378,0.189088,-0.24727,-0.328528,-0.116831,-0.589577,-0.1416,-0.561504,0.252966,-0.222495,0.368096,-0.152472,-0.222881,0.269806,-0.413099,-0.177144,-0.292364,0.239567,-0.021513,-0.407011,0.262864,0.315437,0.118174,-0.398806,0.360264,0.284642,-0.298486,-0.536699,0.149551,0.284642,-0.043756,0.2636,0.280972,0.069382,-0.133143,0.597266,0.408355,-0.194676,-0.242452,-0.652929,0.112405,0.571865,-0.555206,-0.283357,0.165972,-0.676418,0.023274,0.995306,0.401124,-0.403007,-0.54277,-0.154916,-0.101462,0.30936,-0.069035,-0.279168,0.347907,-0.226167,0.702516,-0.068485,0.313793,-0.356847,0.0,-0.40926,0.303191,-0.19584,0.284642,0.558494,0.08877,-0.039848,0.037557,0.190946,0.142154,-0.57455,0.249362,0.407011,0.065225,0.343559,0.213956,0.190946,0.489365,0.578881,0.578881,-0.125895,-0.013708,0.102159,0.751141,0.085968,-0.045433,0.037557,0.142208,0.08877,0.36196,-0.096694,-0.096694,0.111127,0.071699,-0.124778,-0.626517,0.204836,-0.223351,-0.030276,0.142154,-0.611835,-0.107809,0.190946,0.50678,0.618524,-0.243845,0.43565,0.367108,0.25804,0.489365,0.071464,0.336383,0.239525,-0.447182,-0.298486,0.253446,0.206991,-0.396226,-0.067002,0.648724,0.256554,0.377542,-0.208505,0.0,-0.106544,0.000406,0.126935,0.037557,-0.186556,0.426745,0.300277,0.158253,-0.031484,0.367108,-0.632132,0.158553,-0.106544,0.414888,-0.074653,-0.363463,0.507517,0.238894,0.071013,-0.488472,-0.522216,0.377542,0.206991,0.048179,0.213956,0.573359,0.238894,-0.262183,-0.02394,0.407011,-0.270156,-0.221398,0.0,0.813084,0.080615,-0.407011,-0.165875,0.114565,0.065225,-0.345991,-0.161121,-0.653331,0.39404,-0.383573,0.225367,-0.303585,0.097083,-0.113777,-0.381024,-0.340393,0.379492,0.557832,-0.00102,0.102159,-0.081783,0.031112,-0.215908,0.411031,-0.38081,-0.323191,-0.388397,-0.230726,-0.415691,#
4,0.108627,0.333657,-0.651532,0.306945,1.0,0.122405,0.333657,-0.142853,-0.38981,-0.226894,0.071736,0.300381,-0.310586,0.074618,0.053481,-0.664552,-0.221495,-0.584748,0.99469,-0.250976,-0.018482,-0.245857,0.26869,-0.228321,-0.081228,-0.001314,-0.203756,-0.249359,0.56536,-0.271664,0.370339,0.054583,-0.043477,-0.533537,0.262159,-0.271664,-0.22916,-0.733579,0.273247,0.407495,0.323646,0.151064,-0.225931,-0.688729,-0.407089,-0.072085,-0.026791,0.141592,0.003572,-0.170961,-0.094285,0.514364,-0.318114,-0.064961,0.079537,-0.395622,-0.617794,0.300381,0.096735,0.305404,-0.310412,0.139834,-0.509722,-0.206646,0.10027,-0.305586,-0.40738,0.141502,0.261433,0.088387,-0.446866,0.381747,0.0,-0.150003,0.161374,0.262383,0.381374,-0.140697,-0.114184,-0.054319,-0.114184,-0.271188,0.206263,-0.413679,0.550413,0.082283,-0.613535,0.114492,0.150718,-0.665088,-0.106023,0.278505,0.278505,-0.360502,0.362525,-0.605385,0.108718,-0.120172,0.516756,-0.114184,0.449471,-0.114184,-0.01062,-0.370567,0.055545,-0.181713,-0.114184,-0.130007,-0.66416,-0.271664,0.227788,0.182578,-0.560946,-0.660188,0.069654,-0.271188,-0.106023,0.674958,0.277721,0.356218,0.082283,-0.271664,-0.106023,0.424217,-0.079786,0.492138,-0.063119,-0.22916,-0.317145,-0.271188,-0.350017,-0.814346,0.162565,0.339303,-0.01062,-0.243561,0.0,0.068254,0.610463,-0.181713,-0.114184,-0.468786,0.59191,0.054351,0.206263,-0.060265,0.082283,-0.091166,-0.181713,0.068254,0.008286,0.034136,-0.122094,0.347286,0.085872,-0.097417,0.093858,-0.012757,-0.01062,-0.271188,-0.380576,0.150718,0.406933,0.085872,-0.412338,0.380737,0.082283,0.095737,-0.276773,0.0,0.138651,0.412539,-0.271664,0.277721,-0.040741,-0.613535,-0.105849,0.166002,-0.143711,0.021781,0.407698,-0.190511,-0.502704,0.354079,0.106136,-0.205109,-0.43915,0.53138,0.709189,0.032055,-0.605385,0.155448,0.435197,0.285211,-0.031829,-0.025927,0.008923,-0.109031,-0.055977,-0.063119,#
5,0.002689,-0.237301,0.162478,-0.065056,0.122405,1.0,0.511606,0.098665,-0.293199,-0.111654,-0.1719,-0.05434,-0.199667,-0.189574,0.98834,0.033444,0.020569,0.217916,0.160068,-0.303468,-0.652238,0.070283,0.369137,-0.429624,0.363341,0.277592,-0.524596,-0.368052,0.072517,0.176593,-0.121256,0.148433,-0.272383,-0.063397,-0.260599,0.176593,-0.206009,0.108935,-0.099927,-0.506993,-0.734703,-0.126306,0.074485,0.290239,0.309014,-0.08031,0.272657,-0.199491,0.713319,-0.162473,0.365881,-0.234362,0.085011,-0.568375,-0.35371,0.228207,-0.386823,-0.05434,0.050569,-0.035913,0.5284,0.476214,0.173847,-0.250033,-0.480283,-0.435409,-0.216832,-0.119062,0.244446,-0.43145,-0.265158,0.562738,0.0,0.109704,0.555601,-0.311249,0.205076,-0.072586,-0.099562,0.222863,0.44018,0.107932,-0.574337,0.000875,0.057988,-0.226438,-0.406431,0.061043,0.088645,0.090752,-0.044751,-0.089611,-0.089611,-0.467749,-0.261613,-0.108778,0.109205,0.235173,-0.399612,-0.063006,0.755308,0.403623,-0.668913,-0.52935,-0.510764,-0.531689,-0.538236,-0.294735,0.066405,0.233559,-0.054414,0.355598,-0.133241,0.055168,0.091656,-0.36503,0.402761,0.350443,-0.222617,-0.266309,0.328976,-0.506993,-0.044751,0.172974,0.173847,-0.114585,0.202507,-0.206009,-0.41746,0.520258,-0.164018,-0.226307,0.047296,-0.086997,-0.268507,-0.347489,0.0,-0.241573,0.103728,-0.125455,0.44018,-0.559243,-0.241573,0.04703,-0.16062,-0.310643,0.328976,0.31249,-0.565542,-0.241573,0.146567,-0.487112,-0.053168,-0.063006,-0.34942,0.403649,-0.028861,-0.204282,0.190782,0.520258,-0.292138,-0.377488,0.438392,-0.34942,0.477981,0.230692,-0.226438,0.121613,0.088645,0.0,0.032757,0.019919,0.176593,-0.278271,0.401559,-0.406431,-0.10819,0.011564,-0.074405,0.226112,0.219545,0.521033,-0.064877,-0.103821,0.507992,0.213074,-0.299618,0.02711,0.364484,-0.190054,-0.108778,0.322106,0.185085,-0.224866,-0.63828,0.596532,-0.042335,0.735162,-0.526478,-0.235828,#
6,0.502871,-0.136325,-0.282378,0.440058,0.333657,0.511606,1.0,-0.156833,-0.420028,-0.280267,0.383821,0.447624,-0.088711,-0.295294,0.494219,-0.488423,0.225008,-0.306936,0.330692,-0.454721,-0.333326,-0.432636,-0.247355,0.198596,0.122182,0.096446,-0.257611,0.250795,0.537915,0.047539,-0.092835,0.554887,-0.099501,-0.529066,-0.128901,0.047539,-0.070124,-0.295336,0.304848,0.133973,-0.38278,0.286977,0.2472,0.327895,0.138589,0.423038,0.429957,0.075854,0.49798,-0.34532,0.122399,-0.040039,-0.17324,-0.237614,-0.003871,-0.360536,-0.273434,0.447624,0.504366,-0.129623,-0.206463,0.166131,-0.387348,-0.100773,-0.285836,-0.330325,0.16781,-0.163588,0.414487,-0.121352,-0.111023,-0.024078,0.0,-0.267946,0.306813,-0.15541,0.090756,-0.270914,-0.58371,0.325205,0.235246,0.275859,-0.305715,-0.300407,0.276395,0.136134,-0.262474,-0.163534,0.302252,0.249791,0.206534,-0.237942,-0.237942,-0.259371,-0.352709,-0.325829,0.547713,-0.165123,-0.168013,-0.528243,0.6855,0.179779,-0.34591,-0.328607,-0.300407,-0.266646,-0.555976,-0.35436,-0.438093,0.133973,-0.24312,0.210157,0.363565,-0.451921,-0.174492,-0.441772,0.178242,0.443571,-0.083203,0.324779,0.168547,0.090756,0.206534,0.377896,0.323968,0.24749,-0.352709,-0.070124,-0.272466,0.249791,-0.343787,-0.371225,0.249791,-0.028528,-0.371225,-0.369433,0.0,-0.696985,0.279142,-0.292329,0.235246,-0.299042,0.169387,-0.166224,-0.33187,-0.236319,0.168547,-0.055208,-0.318012,-0.696985,0.274939,-0.288752,-0.513324,0.235246,-0.256425,0.179836,-0.300629,-0.129573,0.325659,0.249791,-0.408178,-0.405018,0.234336,-0.256425,-0.176682,0.355588,0.136134,-0.148878,-0.405018,0.0,0.489372,-0.255634,0.047539,-0.167648,0.185362,-0.262474,-0.596319,0.177964,-0.255725,-0.317618,0.346377,0.255034,-0.507261,0.156961,0.502764,-0.375552,-0.243459,-0.202241,0.439332,0.346377,-0.325829,0.173877,0.30343,-0.144623,-0.402077,0.252218,0.186322,-0.200159,-0.350822,-0.37829,#
7,-0.101916,-0.156833,-0.439048,0.058396,-0.142853,0.098665,-0.156833,1.0,-0.400728,0.03918,0.238389,-0.124426,0.330349,-0.206088,0.043746,0.386267,0.384257,-0.374423,-0.191363,-0.149293,-0.066723,0.45651,0.043265,-0.094444,-0.31856,-0.09069,-0.136235,-0.005033,-0.304276,0.084591,0.019273,0.191665,0.443967,0.350726,-0.099442,0.084591,0.284979,-0.399899,-0.58789,0.225576,-0.570347,-0.04673,-0.019216,-0.075475,0.236618,0.275234,0.665162,0.123431,0.312153,0.149334,-0.07091,-0.170466,-0.019964,-0.337941,0.57659,0.139703,0.200539,0.085188,0.126886,0.118509,0.393841,-0.424529,0.359601,0.61463,-0.326912,-0.090089,-0.2555,0.369781,0.478189,-0.388222,0.700499,0.425976,0.0,0.188581,0.117447,-0.187792,-0.267871,0.071659,0.035658,-0.561504,0.126131,-0.213099,-0.422616,-0.403689,-0.236827,-0.613284,0.212537,0.725481,0.25883,-0.0005,-0.387644,0.539662,0.539662,0.130993,-0.087867,-0.017914,0.259263,-0.16612,-0.189035,0.126131,0.284068,0.035658,-0.067036,-0.173705,-0.403689,0.073927,-0.371473,0.487139,0.471559,0.225576,-0.321023,0.353327,0.192235,0.476596,-0.199152,-0.213099,0.027689,0.051697,0.008103,-0.527475,-0.031722,-0.549841,-0.387644,0.224241,0.359601,-0.130793,-0.087867,0.284979,0.198314,0.169578,-0.359092,0.139416,0.169578,-0.270517,0.304578,0.552272,0.0,-0.021137,0.114098,0.45095,0.126131,0.211669,-0.021137,0.786851,-0.038647,-0.259792,-0.031722,0.44967,-0.009857,-0.021137,0.216154,-0.385525,0.132108,0.126131,0.633043,0.024906,-0.313437,-0.075231,0.304578,0.169578,-0.137767,0.25883,0.090465,0.633043,-0.143685,-0.437268,-0.613284,-0.033149,0.25883,0.0,0.14655,-0.145835,0.084591,-0.129637,0.397777,0.212537,0.033064,-0.096954,-0.108813,0.392017,0.210854,0.512916,0.380114,-0.158122,0.434154,0.03256,-0.305617,0.208205,-0.029604,0.251403,-0.017914,0.386051,0.126055,-0.150725,-0.097519,-0.26197,-0.618887,0.299149,-0.469971,-0.546839,#
8,-0.311355,0.303936,0.512871,-0.77814,-0.38981,-0.293199,-0.420028,-0.400728,1.0,0.693117,-0.327751,-0.119995,0.290059,0.647405,-0.251635,0.374492,-0.094287,0.508634,-0.335555,0.487601,-0.135083,-0.072528,-0.086591,-0.108355,0.153422,-0.09875,0.539822,0.082279,0.138939,0.115643,-0.101087,-0.229444,-0.055728,0.118967,-0.317398,-0.324903,0.395268,0.601025,-0.125934,-0.324902,0.353244,-0.16301,-0.101646,0.012634,-0.169991,-0.50229,-0.753073,0.276583,-0.115554,0.387436,-0.353547,-0.421119,0.644541,0.622045,-0.120007,0.293196,0.011327,-0.780887,-0.272046,0.209353,0.194245,-0.11235,-0.03457,-0.251913,0.394156,0.323465,0.039884,0.055189,-0.892153,0.305221,-0.241543,-0.257247,0.0,-0.029512,-0.435198,0.336,-0.324902,-0.324795,-0.151333,0.281431,-0.151333,0.076983,0.076067,0.647629,-0.398539,0.028911,-0.013597,-0.528016,-0.344696,0.076983,-0.187463,-0.742096,-0.742096,0.196758,-0.140734,0.130035,-0.592125,0.15816,0.331441,-0.151333,-0.581513,-0.151333,-0.126746,0.15303,0.15303,0.117426,0.290401,-0.007887,0.368574,-0.324902,0.518062,-0.18169,-0.065088,0.368918,0.346511,0.076983,-0.638096,-0.799288,0.297486,-0.202076,-0.487354,0.36345,-0.187463,-0.362923,-0.487756,0.008594,0.307928,0.395268,-0.104111,-0.338218,0.650483,0.317245,-0.795428,-0.384452,-0.529944,0.093236,0.0,0.064869,-0.242381,-0.291641,-0.151333,0.294726,-0.487105,-0.480596,-0.340536,0.165824,-0.487354,0.212423,0.117426,0.064869,-0.724926,0.346511,0.316744,-0.637759,-0.139089,-0.361021,0.639303,0.542132,-0.529944,-0.338218,0.223337,-0.344696,-0.635101,-0.139089,0.318564,0.329203,0.028911,0.08365,0.105912,0.0,-0.768498,-0.145217,0.115643,0.297486,-0.345241,-0.013597,0.129357,-0.100607,0.792285,-0.529944,0.146768,-0.516847,0.252145,-0.182391,-0.253191,-0.054612,0.344649,-0.582164,-0.737111,0.146768,0.130035,-0.148612,-0.291461,0.320839,-0.156652,0.141306,0.514483,-0.029512,0.348199,0.715366,#
9,-0.172552,0.438203,0.045729,-0.527886,-0.226894,-0.111654,-0.280267,0.03918,0.693117,1.0,0.088922,0.086324,0.421203,0.772585,-0.175083,0.332881,-0.128263,0.034432,-0.192025,0.318018,-0.338921,0.335566,0.119475,-0.14502,-0.030946,-0.010114,0.12407,-0.085556,0.314597,0.265054,-0.245463,0.145152,0.309963,0.127008,-0.117845,-0.39075,0.542563,0.12679,-0.432007,-0.39075,-0.039944,0.049032,0.322697,-0.095913,-0.113832,-0.086609,-0.48298,0.490248,0.055614,0.078798,-0.343882,-0.459544,0.788475,0.160881,0.349942,-0.159066,-0.23178,-0.5156,0.084126,0.203066,0.344835,-0.32599,-0.236117,0.178992,0.039067,-0.280044,-0.062859,0.201367,-0.740569,-0.217272,0.171093,-0.121792,0.0,-0.494199,-0.24556,0.404079,-0.39075,-0.086996,-0.284277,-0.094864,-0.284277,-0.090845,-0.34622,0.280348,-0.735593,-0.073778,-0.270359,-0.324226,-0.509298,-0.090845,-0.320204,-0.505782,-0.505782,0.015171,-0.511665,-0.121718,-0.448938,0.136837,0.352464,-0.284277,-0.424474,-0.284277,-0.330561,-0.210497,-0.210497,-0.134207,0.154104,-0.203507,0.322693,-0.39075,0.579625,0.484075,-0.190572,0.311111,0.370199,-0.090845,-0.767417,-0.72464,0.402799,-0.55522,-0.586125,0.292379,-0.320204,-0.169895,-0.685864,0.009121,-0.066408,0.542563,-0.410303,-0.502895,0.228463,0.110062,-0.956635,-0.424335,-0.730699,-0.07472,0.0,-0.038041,0.020237,-0.54017,-0.284277,0.116592,-0.585826,-0.250211,-0.759661,-0.468724,-0.586125,0.230204,-0.134207,-0.038041,-0.800805,-0.149958,0.180245,-0.767012,0.146795,-0.355063,0.830725,0.580649,-0.730699,-0.502895,0.023389,-0.509298,-0.276126,0.146795,0.428491,0.423311,-0.073778,-0.439655,-0.062109,0.0,-0.408528,-0.215773,0.265054,0.402799,0.190704,-0.270359,0.128901,-0.30021,0.965266,-0.256182,0.358372,-0.031037,0.142899,-0.491664,-0.101676,-0.487897,-0.344075,-0.551428,-0.707328,0.531271,-0.121718,0.504851,-0.065113,0.405698,-0.336336,-0.106279,0.495443,0.10584,-0.100847,0.337939,#
10,0.69361,-0.293804,-0.580177,0.420378,0.071736,-0.1719,0.383821,0.238389,-0.327751,0.088922,1.0,0.827893,0.36931,-0.117518,-0.239766,-0.450131,-0.001501,-0.564488,0.040368,-0.484715,0.196719,-0.013819,0.030286,0.382171,-0.206286,0.043622,-0.005401,-0.009462,0.23136,0.286066,-0.287876,0.637785,0.507862,0.190649,0.466398,-0.332455,0.287753,-0.5033,-0.076816,0.33761,-0.1575,0.657136,0.392704,0.004554,0.468835,0.837208,0.483718,0.547231,0.153292,-0.435704,-0.253491,0.133951,0.198475,-0.219687,0.713179,-0.535974,-0.100343,0.474763,0.22789,0.143272,-0.190575,-0.439992,-0.575633,0.464412,-0.593875,-0.272991,0.486537,0.27595,0.179294,-0.115058,0.415975,-0.236364,0.0,-0.531455,0.089866,-0.293975,-0.332455,0.026744,-0.652585,-0.208463,-0.222587,-0.021123,0.00578,-0.281029,0.030406,-0.015463,-0.068325,-0.165603,0.006309,-0.021123,0.20752,0.053604,0.053604,0.153892,-0.178925,-0.431722,0.184742,-0.456837,-0.170653,-0.222587,0.060594,-0.652585,0.188873,0.181912,0.181912,-0.017568,-0.239125,-0.112579,-0.058532,0.33761,-0.374805,0.510478,0.3581,-0.080671,-0.184846,-0.021123,-0.214269,0.078263,0.331024,0.24457,0.003866,0.311838,0.20752,0.647026,-0.151454,0.166579,-0.59887,0.287753,-0.22484,-0.409748,-0.34105,-0.2267,0.018197,0.252583,-0.188517,-0.005243,0.0,-0.498429,0.54326,-0.400452,-0.222587,0.239675,0.018215,-0.111344,-0.384157,-0.512347,0.003866,-0.106084,-0.415767,-0.498429,0.179396,-0.650124,-0.652598,0.232705,0.043395,0.183121,-0.123439,-0.025989,-0.188517,-0.409748,-0.144,0.006309,-0.1899,0.043395,-0.345631,-0.162763,-0.015463,-0.726498,-0.415458,0.0,0.649772,-0.475352,0.286066,-0.323618,0.227961,-0.068325,-0.271384,-0.023061,-0.016831,-0.15655,0.189754,0.409594,-0.630748,-0.21238,0.21494,-0.554223,-0.437649,-0.14299,0.027483,0.560367,-0.431722,0.503665,0.210776,-0.358505,-0.264563,-0.65169,0.276465,-0.491032,-0.43989,-0.614124,#
11,0.819714,-0.247355,-0.48926,0.189088,0.300381,-0.05434,0.447624,-0.124426,-0.119995,0.086324,0.827893,1.0,0.429953,0.078666,-0.109214,-0.623304,-0.163168,-0.447475,0.317644,-0.657587,0.003592,-0.17585,0.181967,0.230248,0.112779,-0.052622,0.132937,-0.171448,0.356973,0.227313,-0.192014,0.354674,0.126155,0.065754,0.558243,-0.407049,0.367812,-0.395742,0.106222,0.280176,0.057922,0.817457,0.240948,-0.234069,0.381821,0.617491,0.202419,0.508653,0.327502,-0.287933,-0.389725,0.293025,0.333121,-0.096619,0.396099,-0.363476,-0.497257,0.244844,-0.068506,0.235308,-0.061294,-0.208531,-0.785586,-0.065062,-0.486029,-0.263741,0.399906,0.125457,-0.083538,0.050676,-0.141045,-0.072498,0.0,-0.478846,0.27241,-0.269089,-0.407049,-0.215138,-0.799006,-0.039127,-0.357996,-0.18344,0.14002,-0.184237,0.249857,-0.114978,-0.465101,-0.472258,-0.155281,-0.18344,0.083057,-0.187567,-0.187567,-0.144156,-0.013252,-0.685344,-0.109803,-0.405561,-0.080978,-0.357996,0.151036,-0.799006,-0.004371,0.290559,0.290559,-0.260561,-0.374958,-0.304743,-0.221581,0.280176,-0.25397,0.424796,0.124964,-0.24332,-0.092244,-0.18344,-0.349533,0.214358,0.358489,0.386073,-0.095154,0.253745,0.083057,0.819488,-0.350544,0.253918,-0.443951,0.367812,-0.527543,-0.582017,-0.191234,-0.430587,-0.143113,0.436484,-0.391426,-0.167158,0.0,-0.610262,0.627803,-0.653251,-0.357996,-0.039478,-0.080387,-0.410928,-0.259903,-0.396773,-0.095154,0.07327,-0.668958,-0.610262,-0.013974,-0.569438,-0.799021,0.108955,-0.273393,0.058107,0.020968,0.191485,-0.391426,-0.582017,-0.339459,-0.155281,-0.323931,-0.273393,-0.331523,0.024212,-0.114978,-0.540404,-0.587848,0.0,0.344897,-0.526034,0.227313,-0.312918,0.091945,-0.465101,-0.407898,0.211774,0.126586,-0.35864,0.371995,0.245143,-0.785127,0.074575,0.333493,-0.451717,-0.408443,-0.049317,0.221356,0.371995,-0.685344,0.405517,0.40344,-0.330065,-0.480199,-0.508224,0.576361,-0.437388,-0.360831,-0.459596,#
12,0.481059,-0.088711,-0.242975,-0.24727,-0.310586,-0.199667,-0.088711,0.330349,0.290059,0.421203,0.36931,0.429953,1.0,0.389166,-0.240808,0.214749,0.213524,-0.264636,-0.278957,-0.408292,-0.293392,0.257625,-0.209858,0.187219,0.113283,-0.567551,0.430863,0.239194,-0.170161,0.043033,-0.043699,-0.144089,-0.061144,0.197203,0.180386,0.043033,0.970437,-0.045412,-0.378505,0.1291,-0.169925,0.644296,0.235609,-0.171363,0.13155,0.405531,0.117698,0.210909,0.477527,0.34709,-0.609968,-0.03649,0.539069,0.095414,0.321155,0.142139,-0.233125,-0.209858,-0.178835,-0.080567,0.513695,-0.499393,-0.172531,-0.05424,-0.047824,-0.05288,0.160642,-0.113831,-0.293022,-0.115693,0.206172,-0.022132,0.0,-0.211869,0.295038,-0.108795,-0.989762,-0.220244,-0.51982,-0.333678,-0.464589,-0.384771,-0.254316,-0.247759,-0.393168,-0.677772,-0.206923,-0.113682,-0.349119,0.238192,-0.507092,-0.188039,-0.188039,-0.208043,-0.299665,-0.274925,-0.188179,-0.109986,-0.117656,-0.464589,-0.129619,-0.51982,-0.29358,0.426147,-0.247759,-0.216621,-0.492205,0.009245,0.266829,0.129099,-0.192637,0.202831,0.346237,0.270029,-0.123526,-0.384771,-0.535264,-0.225207,-0.014839,-0.346109,-0.645497,0.086066,-0.507092,0.363514,-0.172531,-0.085815,-0.299665,0.970437,-0.232286,-0.410728,0.028593,0.311373,-0.410728,-0.149253,-0.318786,0.316071,0.0,-0.621205,-0.100208,-0.242194,-0.464589,0.090385,-0.621205,0.054012,-0.28036,-0.194697,-0.645497,0.621595,-0.267767,-0.621205,-0.38373,-0.2373,-0.451051,-0.464589,0.189773,-0.547347,-0.035859,0.605214,-0.318786,-0.410728,-0.350951,-0.349119,-0.552258,0.189773,-0.107152,-0.176345,-0.677772,-0.223249,-0.349119,0.0,-0.245547,-0.871476,0.043033,-0.098924,0.224353,-0.206923,-0.531076,0.212149,0.437736,-0.265408,0.374606,0.290331,0.214043,0.196073,0.528231,-0.313739,-0.236866,-0.151157,-0.242738,0.374606,-0.274925,0.221207,0.333227,-0.138835,-0.337087,-0.465204,0.226447,-0.144371,-0.292214,-0.325136,#
13,-0.167467,0.403651,-0.05493,-0.328528,0.074618,-0.189574,-0.295294,-0.206088,0.647405,0.772585,-0.117518,0.078666,0.389166,1.0,-0.262114,-0.028612,-0.484248,-0.047759,0.129555,0.328208,-0.178246,0.051479,0.110916,-0.395969,-0.18617,-0.485667,0.375091,-0.061271,0.226772,-0.329624,0.330156,-0.15593,0.039003,-0.194907,0.004286,-0.329624,0.538053,0.046584,-0.443121,-0.329624,0.293906,0.120311,0.054409,-0.419775,-0.493942,-0.266719,-0.747042,0.336732,-0.06347,-0.033194,-0.647195,0.085153,0.681048,0.411781,0.12062,-0.181084,-0.529358,-0.31656,-0.200938,0.148288,0.248525,-0.405635,-0.185668,-0.133429,0.394268,-0.16725,0.014588,0.007329,-0.659481,0.131816,-0.170395,-0.186838,0.0,-0.54528,0.034883,0.332213,-0.329624,0.100771,-0.177411,0.122736,-0.285784,-0.066589,0.014953,0.181004,-0.423778,0.003987,-0.527635,-0.191089,-0.472219,-0.066589,-0.212309,-0.306652,-0.306652,-0.248392,-0.183629,-0.034341,-0.320081,0.513357,0.641368,-0.177411,-0.466889,-0.285784,-0.170177,-0.186309,-0.186309,-0.045533,0.249057,-0.156097,-0.025995,-0.329624,0.812734,0.106347,-0.465801,-0.0027,0.659233,0.035275,-0.647369,-0.353183,0.359007,-0.242625,-0.494436,0.334941,-0.212309,-0.199466,-0.623193,0.374063,0.149569,0.538053,-0.282453,-0.467441,0.466096,0.159553,-0.806987,-0.334288,-0.559441,-0.048032,0.0,0.038715,-0.107362,-0.440464,-0.285784,-0.127589,-0.494184,-0.127823,-0.387253,-0.057347,-0.494436,0.098102,-0.045533,0.038715,-0.987506,0.153212,0.168159,-0.647027,0.257902,-0.646999,0.743203,0.463051,-0.65836,-0.467441,0.110739,-0.371826,-0.169894,0.257902,0.380826,0.637362,0.003987,-0.119849,-0.037183,0.0,-0.582029,-0.087527,-0.329624,0.359007,-0.132299,-0.527635,-0.168015,-0.379492,0.81646,-0.09782,0.200821,-0.311923,0.140869,-0.184706,-0.198964,-0.520501,-0.387291,-0.128915,-0.310397,0.200821,-0.034341,0.095126,-0.117351,0.345738,-0.174861,-0.250347,0.361239,0.038452,-0.124949,0.542927,#
14,-0.030599,-0.280577,0.273583,-0.116831,0.053481,0.98834,0.494219,0.043746,-0.251635,-0.175083,-0.239766,-0.109214,-0.240808,-0.262114,1.0,0.077851,0.064526,0.328847,0.091689,-0.271025,-0.621765,0.014727,0.328903,-0.401209,0.410324,0.313239,-0.48098,-0.337499,0.029468,0.200378,-0.146164,0.109052,-0.319738,-0.030866,-0.319492,0.200378,-0.256894,0.216168,-0.038987,-0.506839,-0.707856,-0.189274,0.014159,0.364151,0.346191,-0.142308,0.263948,-0.244159,0.692416,-0.103231,0.413244,-0.278556,0.048469,-0.516508,-0.434559,0.32557,-0.294683,-0.109214,0.011449,-0.040532,0.506445,0.535284,0.232088,-0.297347,-0.455464,-0.324451,-0.197814,-0.133718,0.233588,-0.366663,-0.304994,0.544305,0.0,0.219031,0.500513,-0.337355,0.229846,-0.122523,-0.068298,0.283535,0.490102,0.154949,-0.529359,0.081661,0.103239,-0.207745,-0.314787,0.025656,0.134988,0.137175,-0.011575,-0.139063,-0.139063,-0.403117,-0.217716,-0.047636,0.089509,0.211134,-0.451834,-0.030478,0.742124,0.452282,-0.639038,-0.466893,-0.447665,-0.485174,-0.522138,-0.25428,0.111925,0.259313,-0.103658,0.252036,-0.073015,0.100041,0.055426,-0.334364,0.451408,0.31409,-0.255715,-0.222824,0.366869,-0.506839,-0.011575,0.130515,0.232088,-0.156103,0.262449,-0.256894,-0.35244,0.581529,-0.107687,-0.181132,0.092216,-0.088026,-0.22479,-0.316216,0.0,-0.223417,0.054669,-0.064896,0.490102,-0.502243,-0.223417,0.004767,-0.10134,-0.218081,0.366869,0.311482,-0.520197,-0.223417,0.204602,-0.423151,-0.0203,-0.030478,-0.418208,0.452307,-0.081129,-0.229734,0.250376,0.581529,-0.250926,-0.347259,0.37541,-0.418208,0.467885,0.180421,-0.207745,0.203023,0.134988,0.0,-0.005214,0.03091,0.200378,-0.313294,0.32946,-0.314787,-0.077263,0.051516,-0.122464,0.177273,0.172893,0.465058,-0.038354,-0.077201,0.487743,0.317316,-0.152586,-0.011352,0.332678,-0.250865,-0.047636,0.223132,0.134321,-0.253891,-0.612561,0.669528,-0.048695,0.727452,-0.444111,-0.19104,#
15,-0.415928,0.226239,0.473056,-0.589577,-0.664552,0.033444,-0.488423,0.386267,0.374492,0.332881,-0.450131,-0.623304,0.214749,-0.028612,0.077851,1.0,0.538192,0.403121,-0.661624,0.259925,-0.384631,0.59145,-0.186215,0.108844,0.293659,0.162143,-0.10759,0.167711,-0.373046,0.380525,-0.390659,-0.324347,-0.104034,0.355874,-0.407534,0.380525,0.216772,0.476311,-0.181827,-0.271803,-0.359652,-0.366563,0.133116,0.309653,0.061909,-0.241871,0.022302,-0.305137,0.115785,0.65636,0.308504,-0.703375,0.108067,-0.104242,-0.146051,0.528781,0.466143,-0.623304,0.076194,-0.230549,0.503973,0.138634,0.506152,0.078593,0.120826,0.093523,-0.40759,-0.113415,-0.279362,-0.41925,0.334534,0.200358,0.0,0.423959,-0.252474,0.264608,-0.271803,-0.157337,0.365262,-0.365949,-0.053353,-0.214095,-0.543817,0.135623,-0.664822,-0.407705,0.409747,0.11529,-0.220508,0.179377,-0.533811,-0.165325,-0.165325,0.112925,-0.370974,0.291649,-0.301385,-0.042388,-0.289109,-0.053353,-0.168508,0.365262,-0.376477,0.073028,-0.352621,-0.108317,-0.053353,0.132357,0.606719,-0.271803,-0.099637,0.043745,0.222559,0.593489,-0.281285,-0.214095,-0.106762,-0.601876,-0.35927,-0.810019,-0.407705,-0.271803,-0.533811,-0.459202,0.058788,-0.685767,0.071923,0.216772,0.102628,0.179377,-0.014047,0.443906,-0.271959,-0.404449,0.005619,0.211819,0.0,0.137385,-0.514641,0.279342,-0.053353,0.171265,-0.407497,0.16375,-0.149017,-0.096098,-0.407705,0.469768,0.279342,0.137385,-0.055563,0.137563,0.408712,-0.533529,0.087173,-0.123773,0.079724,0.3712,0.005619,0.179377,-0.061907,-0.220508,-0.143222,0.087173,0.295899,-0.340698,-0.407705,0.129848,0.22431,0.0,-0.39434,-0.142559,0.380525,0.278044,0.335803,0.409747,0.357379,0.148634,0.288314,0.005619,0.029185,0.176414,0.806101,-0.092882,0.1023,0.381553,0.310299,-0.34288,-0.619982,0.029185,0.291649,0.096727,-0.019528,0.288862,0.074705,0.386892,-0.160592,0.423959,0.275652,0.071923,#
16,0.098378,0.225008,-0.074955,-0.1416,-0.221495,0.020569,0.225008,0.384257,-0.094287,-0.128263,-0.001501,-0.163168,0.213524,-0.484248,0.064526,0.538192,1.0,-0.164634,-0.25887,-0.221927,-0.373555,0.159671,-0.611418,0.583833,0.305553,0.179986,-0.135001,0.586696,0.098056,0.401192,-0.410433,0.049524,-0.101322,-0.093196,-0.375569,0.375309,0.209987,-0.081529,0.294677,0.452959,-0.348244,-0.022187,0.142311,0.297267,0.076797,0.201862,0.565455,-0.183779,0.331461,0.655538,0.318497,-0.580802,-0.363709,-0.119044,0.073403,0.21844,0.44465,-0.177945,0.527002,-0.226965,0.025009,0.148067,0.033453,0.079161,0.061418,0.085879,-0.407548,-0.109932,0.220308,-0.329658,0.332468,0.204109,0.0,0.422337,-0.255692,0.291537,-0.271776,-0.609367,-0.118224,-0.387258,-0.076211,-0.235563,-0.532151,-0.363115,-0.195516,-0.407663,0.408135,0.101603,0.214512,0.154746,-0.533756,-0.156984,-0.156984,0.114868,-0.359581,-0.181805,0.180893,-0.623415,-0.299549,-0.533475,0.367865,0.33904,-0.365202,0.094877,-0.32735,-0.118077,-0.533475,0.122334,0.146276,-0.271776,-0.569295,0.058023,0.674057,0.120638,-0.784526,-0.665362,-0.11014,-0.140525,-0.356258,-0.341539,-0.407663,-0.271776,-0.533756,0.048259,0.492241,-0.452755,-0.392024,0.209987,0.089128,0.154746,-0.505908,-0.018282,0.187807,-0.250492,0.013823,0.202158,0.0,-0.407455,-0.114616,0.266466,-0.076211,0.17165,0.151341,0.149078,-0.140525,-0.111289,-0.407663,0.463561,0.266466,-0.407455,0.412802,0.123667,-0.08484,-0.041036,0.072636,-0.110755,-0.442147,0.375141,0.431197,0.154746,-0.541509,-0.209081,-0.146287,0.072636,-0.461638,-0.362916,-0.407663,0.109645,-0.241665,0.0,0.096171,-0.350704,0.401192,0.275933,0.345294,0.408135,-0.118915,0.607987,-0.140864,-0.435656,0.436736,0.18568,0.35434,0.379314,0.553515,0.129515,0.306925,-0.333851,-0.175308,0.436736,-0.181805,0.111302,0.423068,0.285721,0.04802,0.371916,-0.146955,-0.146042,0.285895,-0.392024,#
17,-0.438996,-0.306936,0.96411,-0.561504,-0.584748,0.217916,-0.306936,-0.374423,0.508634,0.034432,-0.564488,-0.447475,-0.264636,-0.047759,0.328847,0.403121,-0.164634,1.0,-0.540417,0.415225,-0.004865,-0.10427,0.190751,-0.282002,0.296299,0.276364,0.149741,-0.232633,-0.360246,0.187569,-0.181838,-0.252128,-0.236397,0.412233,-0.388805,0.020097,-0.298448,0.948777,-0.021411,-0.649793,-0.034335,-0.525984,-0.25256,0.508077,0.307172,-0.58557,-0.39392,-0.202883,-0.056192,0.124173,0.260174,-0.384999,0.26616,0.184659,-0.587929,0.648778,0.315937,-0.563009,-0.454152,0.040952,0.270541,0.374435,0.516127,-0.291048,-0.022334,0.431354,0.177613,-0.050664,-0.394177,0.226123,-0.308771,-0.06029,0.0,0.439557,-0.165933,-0.257576,0.187569,-0.003074,0.283472,0.521793,0.412437,0.399787,0.110658,0.836162,-0.043614,0.155749,0.298607,-0.303088,-0.026939,0.29877,0.280669,-0.423855,-0.423855,0.247448,0.096329,0.550215,-0.386307,0.321823,-0.313368,0.412437,-0.245462,0.283472,-0.014772,0.125219,0.234496,0.124112,0.283472,0.061164,0.521465,0.221064,0.117352,-0.393525,-0.009778,0.520213,0.267689,0.399787,0.280669,-0.447402,-0.092396,-0.047144,0.306475,0.020097,0.280669,-0.455251,-0.035162,-0.276465,0.642114,-0.298448,0.155326,0.399787,0.637981,0.427236,-0.156397,-0.1439,-0.014772,0.000693,0.0,0.307036,-0.387166,0.124112,0.412437,0.181869,-0.364426,-0.342297,0.110658,0.347239,0.306475,0.001958,0.004684,0.307036,-0.049582,0.138652,0.412851,-0.179287,-0.507586,0.390521,0.169472,-0.19509,-0.014772,0.399787,0.495134,-0.026939,-0.266732,-0.507586,0.60398,-0.040639,0.155749,0.351528,0.521214,0.0,-0.469651,0.162989,0.187569,-0.288737,-0.328115,0.298607,0.390952,-0.172894,0.106057,-0.014772,-0.409741,-0.197086,0.241334,-0.306104,-0.30227,0.612157,0.631842,-0.324364,-0.402138,-0.525342,0.550215,-0.385074,-0.555628,-0.238159,-0.128269,0.506665,0.107298,0.439557,0.216218,0.52316,#
18,0.124299,0.330692,-0.608348,0.252966,0.99469,0.160068,0.330692,-0.191363,-0.335555,-0.192025,0.040368,0.317644,-0.278957,0.129555,0.091689,-0.661624,-0.25887,-0.540417,1.0,-0.270392,-0.073424,-0.240889,0.302958,-0.265103,-0.022734,-0.021341,-0.18893,-0.28424,0.561888,-0.270467,0.369724,0.007401,-0.105876,-0.531186,0.271349,-0.270467,-0.195655,-0.683087,0.268485,0.346903,0.323964,0.177407,-0.22086,-0.700395,-0.405295,-0.102293,-0.082417,0.129553,0.04762,-0.155841,-0.115919,0.517033,-0.256668,-0.06166,0.022818,-0.359375,-0.684057,0.247709,0.04323,0.301034,-0.248388,0.170858,-0.52218,-0.285754,0.1019,-0.323691,-0.405585,0.103176,0.195272,0.087659,-0.519197,0.3994,0.0,-0.160624,0.208927,0.253589,0.346903,-0.155443,-0.134724,-0.025904,-0.134724,-0.289772,0.196136,-0.381172,0.538674,0.057327,-0.680827,0.058412,0.093551,-0.662158,-0.127023,0.225063,0.225063,-0.419941,0.351912,-0.622393,0.049127,-0.079723,0.509355,-0.134724,0.446366,-0.134724,-0.066246,-0.357476,0.045362,-0.237396,-0.134724,-0.177896,-0.661233,-0.270467,0.259266,0.187233,-0.596152,-0.657279,0.104152,-0.289772,-0.127023,0.667113,0.268634,0.339261,0.057327,-0.270467,-0.127023,0.431125,-0.131359,0.484038,-0.035007,-0.195655,-0.378195,-0.289772,-0.309283,-0.810757,0.104518,0.347991,-0.066246,-0.278982,0.0,0.044075,0.594349,-0.237396,-0.134724,-0.519365,0.520089,0.003936,0.196136,-0.064302,0.057327,-0.052529,-0.237396,0.044075,-0.0487,0.024206,-0.142202,0.284763,0.030643,-0.118872,0.138557,0.028716,-0.066246,-0.289772,-0.399377,0.093551,0.385776,0.030643,-0.357159,0.415038,0.057327,0.104895,-0.295046,0.0,0.078022,0.382057,-0.270467,0.268634,-0.038381,-0.680827,-0.126814,0.179277,-0.09076,0.006685,0.422768,-0.187547,-0.502907,0.36733,0.12448,-0.194631,-0.449894,0.523871,0.709556,-0.0,-0.622393,0.157223,0.450836,0.278589,-0.085919,-0.001583,0.066765,-0.068399,-0.067148,-0.035007,#
19,-0.860139,0.276641,0.395465,-0.222495,-0.250976,-0.303468,-0.454721,-0.149293,0.487601,0.318018,-0.484715,-0.657587,-0.408292,0.328208,-0.271025,0.259925,-0.221927,0.415225,-0.270392,1.0,0.364553,-0.208369,-0.127574,-0.316491,-0.525302,0.027289,0.270726,0.140992,0.045911,-0.26981,0.26399,0.084732,0.386179,-0.056449,-0.56953,-0.26981,-0.27309,0.359266,-0.276288,-0.26981,0.314884,-0.796989,-0.313708,0.165853,-0.404311,-0.637025,-0.577233,0.168601,-0.6359,-0.076157,-0.06217,-0.282596,0.09423,0.572978,0.034045,0.005984,0.447866,-0.244031,0.042954,0.203521,-0.278899,-0.240208,0.449453,0.343681,0.501615,0.421794,0.021388,0.309025,-0.239612,0.382819,0.185421,-0.385046,0.0,0.038903,-0.656392,0.309731,0.425577,0.220117,0.408027,0.40048,0.408027,0.556331,0.231621,0.583676,-0.234723,0.534057,0.436673,0.173767,0.208153,0.136887,0.289531,-0.12203,-0.12203,0.553969,0.056946,0.679595,0.051911,0.436673,0.539225,0.408027,-0.551339,0.408027,0.372912,-0.369722,0.084023,0.663627,0.765025,0.383442,0.262846,-0.26981,0.678657,-0.403227,-0.189238,0.288646,0.553969,0.556331,-0.074659,-0.568507,0.315712,-0.040049,0.116825,0.286499,0.289531,-0.80079,-0.008364,0.268056,0.510193,-0.27309,0.54562,0.220776,0.595011,0.414122,-0.241106,-0.590352,0.047057,0.237199,0.0,0.659486,-0.317911,0.333029,0.408027,0.459049,0.101872,0.10652,-0.105066,0.404627,0.116825,-0.39226,0.663627,0.659486,-0.391656,0.553969,0.872478,-0.083369,0.363534,-0.065517,0.414332,-0.216226,0.047057,0.220776,0.742562,0.208153,-0.025058,0.363534,0.333739,0.375926,0.534057,0.261716,0.663366,0.0,-0.38756,0.58032,-0.26981,0.315712,-0.515841,0.436673,0.425937,-0.655444,0.260372,0.047057,-0.328536,-0.652542,0.376911,-0.515841,-0.71261,-0.026073,0.3597,-0.294897,-0.559227,-0.008533,0.679595,-0.381927,-0.793053,0.334851,0.364032,0.15634,-0.220581,0.038903,0.296443,0.839475,#
20,-0.1618,-0.333326,-0.075765,0.368096,-0.018482,-0.652238,-0.333326,-0.066723,-0.135083,-0.338921,0.196719,0.003592,-0.293392,-0.178246,-0.621765,-0.384631,-0.373555,-0.004865,-0.073424,0.364553,1.0,-0.39246,0.003592,0.02175,-0.64874,-0.093363,0.412785,-0.003186,-0.242531,-0.333211,0.342638,0.142871,0.484007,0.231772,0.192012,-0.333211,-0.352945,-0.079417,-0.051986,0.343624,0.562707,-0.18387,-0.410023,-0.089658,0.028087,-0.014186,-0.05696,0.239686,-0.743126,-0.367314,-0.216633,0.453741,-0.232807,0.428994,0.306182,-0.156666,0.463193,0.390634,-0.259126,0.27452,-0.630162,-0.422329,0.14653,0.433494,0.09508,0.580931,0.495357,0.404238,0.240136,0.652643,0.224281,-0.471925,0.0,0.05603,-0.38651,-0.273665,0.317592,0.394001,0.22346,0.187172,0.197911,0.377589,0.842989,0.236607,0.435041,0.476388,0.520544,0.22142,0.399629,-0.014963,0.64078,0.417693,0.417693,0.667803,0.636463,0.394001,0.20348,-0.007217,0.218787,0.657803,-0.482799,-0.236432,0.99956,0.279572,0.704226,0.804446,0.641097,0.539686,0.024719,0.343624,-0.012112,-0.497979,0.015384,0.049477,0.207656,0.809858,0.21473,0.015384,0.365038,0.652047,0.495912,0.317592,0.64078,-0.087564,0.14653,0.387307,0.212275,-0.352945,0.685143,-0.014963,0.330562,0.198585,0.417306,0.188439,0.618357,0.421182,0.0,0.496217,0.105735,0.417693,0.197911,0.61481,0.496217,0.152621,0.449112,0.512453,0.495912,-0.620763,0.402223,0.496217,0.226626,0.23322,0.206907,0.657803,0.275521,0.23198,-0.221607,-0.583427,0.198585,-0.014963,0.716088,0.825657,-0.181199,0.275521,-0.318371,-0.257697,0.476388,0.069371,0.399629,0.0,0.229142,0.378511,-0.333211,-0.296219,-0.656009,0.520544,0.240398,-0.406791,-0.411111,0.198585,-0.581003,-0.448636,-0.22508,-0.211218,-0.641314,0.054461,0.34,0.249935,-0.010933,-0.206645,0.394001,-0.493056,-0.591439,-0.325734,0.529225,-0.561431,-0.317469,-0.474783,0.154731,0.196866,#
