0,1.0,0.0,-0.339709,0.166362,0.677299,0.105977,0.415164,-0.128063,0.992619,0.543221,0.541342,-0.322503,0.692936,-0.027316,-0.407888,0.00142,0.024147,0.392072,0.660924,-0.180864,0.812217,0.542997,0.378827,0.224514,0.276311,-0.462321,-0.256711,-0.437944,0.56192,0.060916,-0.24162,-0.079046,-0.057573,0.088912,-0.550599,0.302836,-0.119089,-0.437944,-0.450755,-0.090832,0.228043,0.276311,-0.423515,-0.165734,0.0,-0.264133,0.106829,0.414053,0.257131,0.431237,0.664408,-0.373203,0.276311,-0.020135,0.157115,0.02019,-0.456035,0.411141,0.058288,0.029169,-0.209795,0.580131,0.572993,-0.718724,-0.431284,0.579746,0.276311,0.477385,0.813442,0.488604,-0.52395,-0.277981,0.0,-0.418908,-0.441795,-0.140957,-0.281572,0.005087,-0.234068,0.357934,-0.189074,-0.524168,-0.11129,-0.699708,-0.288928,-0.684397,-0.177263,-0.104636,0.395778,-0.538065,-0.462558,-0.668765,-0.413912,0.228014,-0.413912,-0.616807,-0.03743,0.523489,0.077523,-0.396734,0.407153,0.333278,-0.418908,0.006029,-0.699708,-0.189074,-0.524168,0.261537,0.231908,-0.567228,0.52549,-0.407888,-0.462558,-0.413912,-0.262425,-0.555984,0.058924,-0.321856,0.395,-0.395567,-0.189074,-0.66938,-0.418908,-0.11628,-0.161372,-0.555984,-0.407888,0.41509,0.113427,-0.399803,-0.462558,0.276311,-0.537402,-0.165605,-0.246075,0.412342,-0.407888,-0.407888,-0.373203,-0.430294,-0.023822,0.094053,-0.584339,-0.259099,-0.247141,-0.394002,-0.462558,0.543446,-0.418908,-0.104636,-0.281572,-0.418908,0.159733,-0.353162,0.2507,0.134981,-0.407888,0.677431,-0.4313,0.221444,0.085429,-0.186114,-0.427546,0.396204,-0.078408,0.427838,-0.567775,0.221164,-0.60177,0.076287,0.257835,0.606703,-0.042149,-0.090092,-0.305984,-0.247141,0.102273,0.120706,0.112397,0.537926,0.449348,0.18126,0.17679,0.102589,0.358784,0.084305,-0.176727,-0.409612,-0.310708,0.666443,-0.247141,0.395249,-0.073767,0.271051,0.114568,-0.354811,-0.002556,-0.247141,-0.423314,-0.118419,#
1,0.0,0.0,0.0,0.0,0.0,0.0,0.0,0.0,0.0,0.0,0.0,0.0,0.0,0.0,0.0,0.0,0.0,0.0,0.0,0.0,0.0,0.0,0.0,0.0,0.0,0.0,0.0,0.0,0.0,0.0,0.0,0.0,0.0,0.0,0.0,0.0,0.0,0.0,0.0,0.0,0.0,0.0,0.0,0.0,0.0,0.0,0.0,0.0,0.0,0.0,0.0,0.0,0.0,0.0,0.0,0.0,0.0,0.0,0.0,0.0,0.0,0.0,0.0,0.0,0.0,0.0,0.0,0.0,0.0,0.0,0.0,0.0,0.0,0.0,0.0,0.0,0.0,0.0,0.0,0.0,0.0,0.0,0.0,0.0,0.0,0.0,0.0,0.0,0.0,0.0,0.0,0.0,0.0,0.0,0.0,0.0,0.0,0.0,0.0,0.0,0.0,0.0,0.0,0.0,0.0,0.0,0.0,0.0,0.0,0.0,0.0,0.0,0.0,0.0,0.0,0.0,0.0,0.0,0.0,0.0,0.0,0.0,0.0,0.0,0.0,0.0,0.0,0.0,0.0,0.0,0.0,0.0,0.0,0.0,0.0,0.0,0.0,0.0,0.0,0.0,0.0,0.0,0.0,0.0,0.0,0.0,0.0,0.0,0.0,0.0,0.0,0.0,0.0,0.0,0.0,0.0,0.0,0.0,0.0,0.0,0.0,0.0,0.0,0.0,0.0,0.0,0.0,0.0,0.0,0.0,0.0,0.0,0.0,0.0,0.0,0.0,0.0,0.0,0.0,0.0,0.0,0.0,0.0,0.0,0.0,0.0,0.0,0.0,0.0,0.0,0.0,0.0,0.0,0.0,0.0,0.0,0.0,0.0,0.0,0.0,#
2,-0.339709,0.0,1.0,-0.285697,-0.072729,0.174161,0.24278,0.744289,-0.318047,0.066236,-0.422546,0.331421,-0.532669,0.044093,0.437902,0.35058,0.473058,-0.269203,-0.080893,0.726875,-0.187313,0.167421,-0.259229,-0.11506,-0.217461,-0.154098,0.062867,0.688402,-0.304805,0.060413,-0.3923,0.005029,-0.325866,0.00752,-0.119315,0.317575,0.184806,-0.236382,0.652903,0.137758,0.426037,-0.217461,0.374665,0.262424,0.0,0.316311,-0.426974,-0.325866,-0.431258,-0.135652,0.267153,0.108084,-0.217461,-0.636221,0.062699,0.117245,-0.106902,-0.113269,-0.312825,0.114744,0.596145,0.131343,-0.108203,0.174569,-0.048977,0.130526,-0.217461,-0.167181,-0.20261,-0.765301,-0.0627,0.247181,0.0,0.322513,0.356741,0.070503,0.23111,-0.258097,-0.405021,-0.492577,0.805719,-0.074422,0.442639,0.093624,-0.505535,0.545985,0.342952,0.419489,-0.198198,0.431269,0.356741,0.068134,0.193887,-0.043901,0.193887,-0.118909,0.708075,0.100414,0.079957,-0.184414,-0.045534,-0.060158,0.322513,-0.258808,0.093624,0.805719,-0.074422,-0.136896,0.423894,-0.051026,0.070169,-0.217461,0.356741,0.193887,-0.309792,0.431269,-0.140009,0.243699,-0.325399,-0.236669,0.410417,0.076464,0.322513,-0.042809,0.125263,0.431269,-0.217461,-0.421404,-0.415413,0.18428,0.356741,-0.217461,-0.059019,-0.070159,-0.329585,-0.32452,-0.217461,0.527269,0.108084,0.345845,0.274028,-0.014233,0.326051,0.251504,0.249791,-0.232785,0.356741,0.068112,0.322513,0.419489,0.23111,0.322513,0.148579,0.00195,-0.124913,-0.318882,0.437902,-0.066644,-0.249113,0.409844,-0.006297,-0.118909,0.662833,-0.181523,-0.060356,-0.185946,0.326051,-0.530399,0.805719,-0.426073,-0.076615,-0.317504,0.295612,-0.075841,0.232664,0.249791,-0.426842,-0.43338,0.075118,-0.274959,-0.327965,0.133739,-0.328254,0.321503,0.001827,-0.613551,0.825924,0.345845,0.160997,-0.516792,0.249791,-0.31666,-0.058391,-0.056438,0.30991,0.503956,0.216568,0.249791,0.235438,0.232356,#
3,0.166362,0.0,-0.285697,1.0,-0.05653,0.099354,-0.372093,0.172853,0.160332,-0.202352,-0.200179,0.257032,-0.051539,0.206142,0.051792,-0.425668,0.257895,0.005683,-0.065643,0.160435,0.058155,-0.388348,-0.254723,0.4012,0.181272,-0.433015,-0.414104,-0.051388,-0.381077,0.31178,0.023468,0.22452,-0.384173,0.270081,-0.207381,0.413193,0.170743,0.441212,-0.105862,0.205424,-0.087216,0.181272,0.327835,-0.426788,0.0,-0.345425,0.336165,0.296861,-0.271422,0.152569,-0.308505,0.589583,0.213643,0.197149,0.035194,0.166146,-0.449431,0.209608,0.005132,-0.23771,-0.600396,-0.325089,-0.273714,-0.70899,0.176201,-0.365284,0.181272,0.160992,0.054336,0.052921,-0.402021,-0.229942,0.0,0.340832,0.297405,-0.653225,-0.153107,0.061439,0.590014,0.318192,-0.17182,0.181167,-0.323125,-0.005163,-0.174796,0.007847,0.364735,0.222452,0.545618,0.153803,0.297405,0.034734,-0.034352,0.443009,-0.034352,0.32075,-0.567886,0.355168,0.356012,-0.471561,-0.365667,0.786925,0.340832,0.011409,-0.005163,-0.17182,0.181167,-0.070651,-0.585903,0.141905,0.377819,0.116532,0.297405,-0.034352,-0.391818,0.153803,0.423907,0.613289,0.293952,-0.248479,-0.09372,-0.450821,0.340832,-0.317412,-0.099508,0.153803,0.181272,-0.098875,-0.045139,-0.007939,0.297405,0.181272,-0.365057,-0.076349,0.138051,0.296864,0.116532,-0.66035,0.589583,-0.283799,-0.471561,0.317466,-0.181112,-0.257551,0.021715,-0.31894,0.297405,-0.220415,0.340832,0.222452,-0.153107,0.340832,-0.333276,0.271247,0.383503,0.644908,0.051792,-0.098411,0.423495,-0.550066,0.294728,0.32075,-0.061395,0.562716,0.207084,-0.021075,-0.142625,0.654108,-0.21087,0.31116,-0.547092,0.143327,0.002765,0.748931,0.618242,0.021715,-0.172821,-0.288007,-0.274921,0.200544,-0.417451,-0.382787,-0.392518,-0.313492,-0.336129,0.044672,-0.197371,-0.283799,-0.386463,-0.071148,0.021715,0.265667,0.133722,-0.156571,-0.303583,-0.788979,0.461355,0.021715,0.26856,-0.33503,#
4,0.677299,0.0,-0.072729,-0.05653,1.0,0.286525,0.602174,0.076857,0.723501,0.797359,0.438769,0.055963,0.595808,0.127974,-0.272096,0.59886,-0.172684,0.366732,0.567285,0.021817,0.814725,0.277598,0.284962,0.157893,-0.272096,-0.311773,-0.152507,-0.028575,0.302564,0.33042,-0.163604,0.087607,0.127675,-0.078705,-0.233021,0.279034,-0.407737,-0.430097,-0.04129,-0.407359,0.148868,0.415015,-0.597167,0.372618,0.0,0.287483,-0.078467,0.127675,0.015898,0.193774,0.517769,-0.509701,0.415015,0.131643,0.645398,0.515354,-0.307133,0.50132,0.037039,-0.52781,0.219116,0.666497,0.425087,-0.338159,-0.554003,0.649906,0.415015,0.610637,0.3978,0.173314,-0.777904,0.166625,0.0,-0.613473,-0.13662,0.181456,-0.438349,-0.01594,-0.562274,0.073301,-0.268273,-0.781284,-0.39792,-0.622595,-0.461326,-0.599376,-0.262559,-0.36064,-0.003125,-0.353402,-0.678761,-0.998822,-0.815642,0.131895,-0.815642,-0.283331,0.357574,0.327388,-0.102559,-0.00134,0.496457,0.057821,-0.613473,-0.427681,-0.622595,-0.268273,-0.781284,0.162531,0.133266,-0.84583,0.356069,-0.272096,-0.678761,-0.815642,0.223943,-0.821277,-0.14734,-0.462373,-0.407151,-0.614592,-0.268273,-0.606359,-0.613473,0.033583,0.346715,-0.821277,-0.272096,0.294493,0.188153,-0.394346,-0.678761,-0.272096,-0.825161,-0.239683,-0.566377,0.619332,-0.272096,-0.272096,-0.509701,-0.657975,-0.041532,-0.07604,-0.666044,0.282004,-0.460931,-0.086416,-0.678761,0.796884,-0.613473,-0.36064,-0.438349,-0.613473,0.23317,-0.534386,0.161909,-0.2161,-0.272096,0.586203,-0.442731,0.12163,-0.534104,-0.283331,-0.424884,0.392676,0.084427,0.819095,-0.233548,0.067365,-0.268273,-0.120999,0.175039,0.68729,-0.047544,-0.353402,-0.440964,-0.460931,-0.1025,0.368534,0.360299,0.576519,0.628155,0.655971,0.249142,0.391119,0.079215,-0.197624,0.157731,-0.117963,0.165102,0.57708,-0.460931,0.114997,0.545103,0.59076,-0.090741,-0.10344,0.413615,-0.460931,-0.478514,-0.408144,#
5,0.105977,0.0,0.174161,0.099354,0.286525,1.0,-0.107741,-0.107336,0.102003,0.106967,-0.000556,0.805134,-0.124474,0.525123,-0.403708,0.536376,-0.418756,-0.440307,0.172079,-0.161967,0.346581,0.127331,0.395907,0.186339,-0.403708,-0.056487,-0.301715,0.045436,0.150973,0.55591,-0.641769,0.453302,-0.604958,-0.324745,-0.577554,0.276252,-0.604958,-0.074857,0.460429,-0.180568,0.31188,0.302076,0.072582,-0.086962,0.0,-0.162561,0.106967,-0.054996,0.393109,-0.107224,0.17728,0.370066,0.302076,-0.07805,0.189279,-0.124975,-0.44551,-0.524507,-0.422844,0.028164,0.316935,0.573966,0.561787,-0.2403,0.255826,0.24671,0.302076,0.032608,-0.066372,0.187913,-0.573909,0.441713,0.0,0.107396,0.203197,0.080886,-0.228795,-0.420234,-0.286186,-0.116166,-0.110886,-0.08112,-0.535657,-0.19782,-0.237013,-0.190124,-0.573965,-0.08112,0.353974,0.003951,0.069548,-0.26825,-0.42226,-0.168095,-0.42226,-0.168095,0.065163,0.092905,-0.349305,0.09456,0.469953,-0.137067,0.107396,-0.869154,-0.19782,-0.110886,-0.08112,-0.194755,-0.097893,-0.117595,0.121915,0.273844,0.069548,-0.42226,0.262321,-0.11139,0.603783,0.405229,-0.227854,-0.373493,-0.110886,-0.256191,0.107396,-0.08396,-0.223035,-0.11139,-0.403708,0.408647,-0.136001,0.001539,0.069548,-0.403708,-0.535657,0.6354,0.164317,0.450791,0.273844,0.330307,0.370066,-0.410592,0.389447,0.035655,0.214227,-0.144271,0.189384,-0.283202,0.069548,0.091607,0.107396,-0.08112,-0.228795,0.107396,-0.147644,-0.792867,-0.136894,0.090774,-0.403708,-0.156504,-0.41119,0.231366,-0.427982,-0.168095,-0.348239,0.031954,-0.472898,0.455355,-0.081939,-0.354261,0.2978,0.092905,0.221287,-0.203722,0.050042,-0.130614,0.424626,0.189384,-0.792415,0.117905,0.10945,0.17224,-0.074838,0.24567,0.557282,0.591744,0.332971,-0.191863,0.319031,-0.277467,-0.258902,0.201457,0.189384,0.327106,-0.037486,0.283447,0.090134,-0.331932,0.046183,0.189384,0.49035,0.347246,#
6,0.415164,0.0,0.24278,-0.372093,0.602174,-0.107741,1.0,0.350065,0.43257,0.756447,0.274734,-0.321453,0.112447,-0.222145,-0.166623,0.355603,0.116737,0.441296,0.602788,0.279359,0.519277,0.424943,0.276937,-0.407328,-0.166623,-0.150644,-0.07784,-0.002236,-0.072824,0.18635,-0.084827,-0.254599,0.412745,-0.327163,0.127796,0.153169,-0.249685,-0.499013,-0.039597,-0.249454,0.106976,-0.166623,-0.360223,0.360941,0.0,0.288319,-0.327156,-0.249685,-0.281585,0.40154,0.304328,-0.83129,-0.166623,-0.192708,0.395621,0.233235,-0.171398,0.268199,0.018077,-0.323215,0.271096,0.408142,0.343317,0.077545,-0.561325,0.387893,-0.166623,0.362734,0.488061,-0.182662,-0.184488,0.102036,0.0,-0.400089,-0.385163,0.012707,0.09513,-0.049601,-0.611648,0.285028,0.084336,-0.76254,0.285028,-0.610049,-0.688982,-0.11723,0.091624,-0.242105,-0.021441,-0.237852,-0.385163,-0.611648,-0.499474,0.106524,-0.499474,-0.407208,0.491382,0.228295,0.20703,-0.025337,0.265597,-0.228167,-0.400089,-0.019775,-0.610049,0.084336,-0.76254,0.07458,0.580754,-0.759817,0.196652,-0.166623,-0.385163,-0.499474,-0.11681,-0.237852,-0.38928,-0.679964,-0.249327,-0.40686,0.084336,-0.12675,-0.400089,-0.232834,0.246169,-0.237852,-0.166623,0.214416,-0.198302,-0.499483,-0.385163,-0.166623,-0.24357,-0.40794,-0.611589,-0.248654,-0.166623,-0.166623,-0.83129,0.202961,0.457724,-0.327075,-0.407865,0.206578,-0.285141,-0.361483,-0.385163,0.776425,-0.400089,-0.242105,0.09513,-0.400089,0.367175,-0.327242,-0.40671,-0.107119,-0.166623,0.63036,-0.498713,0.566157,-0.327069,-0.407208,-0.015887,-0.004357,0.29402,0.517841,-0.407865,0.041777,0.084336,-0.326466,0.112447,0.441927,-0.004357,-0.237852,-0.689557,-0.285141,0.206912,0.24942,0.773962,0.352367,0.411733,0.417991,-0.075646,0.259086,0.341287,-0.505217,0.108089,0.202961,-0.115903,0.122917,-0.285141,-0.230138,0.351903,0.643848,0.250134,0.20508,0.003039,-0.285141,-0.688772,-0.249935,#
7,-0.128063,0.0,0.744289,0.172853,0.076857,-0.107336,0.350065,1.0,-0.107413,0.192969,-0.323769,0.139933,-0.40815,-0.221718,0.682842,0.172243,0.736104,-0.097356,0.068159,0.992459,-0.009783,-0.110767,-0.58184,0.132584,-0.166627,-0.335363,-0.07826,0.535935,-0.605178,0.186773,-0.085242,-0.25419,-0.24969,0.236025,0.127378,0.561442,0.412234,0.038741,0.477365,0.351091,0.107399,-0.166627,0.303585,0.060897,0.0,0.288237,-0.327163,-0.24969,-0.746772,0.211327,0.094303,0.010076,-0.166627,-0.30148,0.395598,0.3963,-0.280424,0.268142,-0.06155,-0.323221,0.271102,-0.112041,-0.32029,-0.103095,-0.295384,-0.131961,-0.166627,0.178032,-0.025604,-0.679117,-0.184945,0.102038,0.0,0.222537,0.248334,-0.199423,0.14417,0.009761,-0.101943,-0.232778,0.597124,-0.220849,0.317424,-0.086576,-0.640396,0.398009,0.612225,0.300022,-0.021051,0.308867,0.248334,-0.101943,-0.001914,0.106946,-0.001914,0.127512,0.522004,0.228753,0.207471,-0.498936,-0.367859,0.325642,0.222537,0.009788,-0.086576,0.597124,-0.220849,0.104302,0.091901,-0.206453,0.197084,-0.166627,0.248334,-0.001914,-0.609173,0.308867,-0.388795,0.153809,-0.249332,-0.370532,0.08474,-0.09689,0.222537,-0.200609,0.246147,0.308867,-0.166627,-0.670945,-0.198813,-0.007568,0.248334,-0.166627,-0.211616,-0.407948,-0.611602,-0.248659,-0.166627,-0.166627,0.010076,0.240084,-0.015471,0.207769,0.097113,0.206556,1e-06,-0.361989,0.248334,0.194885,0.222537,0.300022,0.14417,0.222537,-0.116664,0.22886,0.119385,-0.10671,0.682842,0.083195,0.022032,0.084622,0.21805,0.127512,0.487991,-0.003954,0.32671,-0.028816,0.097113,0.145581,0.597124,-0.326472,-0.408145,-0.105019,-0.003954,0.308867,0.141104,1e-06,-0.327061,-0.355975,0.180875,-0.115078,-0.278554,-0.130067,-0.610592,0.220328,-0.249104,-0.459291,0.610376,0.240084,0.075675,-0.417315,1e-06,-0.268145,0.316074,0.075026,0.211585,0.275477,0.498536,1e-06,0.058471,-0.24994,#
8,0.992619,0.0,-0.318047,0.160332,0.723501,0.102003,0.43257,-0.107413,1.0,0.575545,0.496683,-0.32315,0.740462,0.047911,-0.403998,0.058844,0.057491,0.43773,0.616704,-0.162084,0.786711,0.536486,0.393907,0.186473,0.302292,-0.5161,-0.301932,-0.401655,0.557269,0.09568,-0.203611,-0.004348,-0.055036,0.12528,-0.543741,0.27645,-0.097371,-0.48764,-0.414817,-0.180698,0.276468,0.302292,-0.438827,-0.069287,0.0,-0.162677,0.143774,0.452986,0.245428,0.425646,0.678547,-0.383669,0.302292,-0.059373,0.207136,0.12745,-0.411891,0.469578,0.005006,-0.011743,-0.151683,0.557076,0.56219,-0.710179,-0.455947,0.643842,0.302292,0.550134,0.787742,0.448677,-0.574321,-0.319196,0.0,-0.441454,-0.355169,-0.102057,-0.312068,-0.048161,-0.269439,0.332604,-0.154069,-0.559133,-0.151771,-0.659841,-0.320664,-0.64451,-0.141864,-0.126748,0.370777,-0.478049,-0.488915,-0.718173,-0.46442,0.276384,-0.46442,-0.595032,-0.003968,0.573078,0.11282,-0.373595,0.465023,0.322941,-0.441454,-0.048293,-0.659841,-0.154069,-0.559133,0.205506,0.264825,-0.605934,0.575247,-0.403998,-0.488915,-0.46442,-0.224262,-0.593474,0.050239,-0.329566,0.333439,-0.436177,-0.154069,-0.735128,-0.441454,-0.157836,-0.047699,-0.593474,-0.403998,0.40894,0.146845,-0.448853,-0.488915,0.302292,-0.590937,-0.217538,-0.28097,0.451115,-0.403998,-0.403998,-0.383669,-0.473797,-0.078496,0.035681,-0.651045,-0.144374,-0.293755,-0.324891,-0.488915,0.575181,-0.441454,-0.126748,-0.312068,-0.441454,0.211315,-0.331061,0.300436,0.10825,-0.403998,0.722909,-0.394166,0.163464,0.024955,-0.150432,-0.390844,0.459345,-0.020311,0.471724,-0.544349,0.192885,-0.58009,0.112176,0.204145,0.670654,0.006838,-0.112539,-0.313039,-0.293755,0.121998,0.135741,0.126933,0.50332,0.46352,0.22762,0.138349,0.075615,0.332055,0.050901,-0.144774,-0.340576,-0.275049,0.622969,-0.293755,0.326078,-0.01965,0.300342,0.088917,-0.349833,0.045118,-0.293755,-0.460599,-0.203412,#
9,0.543221,0.0,0.066236,-0.202352,0.797359,0.106967,0.756447,0.192969,0.575545,1.0,0.094976,-0.109331,0.368291,-0.027661,-0.218161,0.475333,-0.042011,0.612636,0.788883,0.132799,0.635575,0.100693,0.377193,-0.118915,-0.218161,-0.002718,-0.337995,0.190079,0.130704,0.499073,0.095198,-0.063379,0.247395,0.060292,-0.069577,-0.044126,-0.326915,-0.240614,0.176495,-0.326612,0.340042,0.518869,-0.199336,0.211702,0.0,0.133159,-0.428348,-0.326915,-0.055923,0.020133,0.409615,-0.661779,-0.218161,-0.03173,0.51764,0.349229,0.005878,0.385131,-0.204285,-0.423187,0.354949,0.534383,0.268861,-0.147749,-0.233028,0.516707,0.518869,0.48474,0.647752,-0.072296,-0.497183,0.020761,0.0,-0.788229,-0.288696,-0.080791,-0.576478,-0.2632,-0.800834,-0.089859,-0.107323,-0.998398,-0.089859,-0.397981,-0.61014,-0.372278,-0.1011,-0.547195,-0.239523,-0.543577,-0.288696,-0.800834,-0.653965,0.321599,-0.653965,-0.123793,0.603831,0.49558,0.03474,-0.242658,0.381395,-0.110261,-0.788229,-0.237948,-0.397981,-0.107323,-0.998398,-0.115529,0.323223,-0.571188,0.025819,-0.218161,-0.288696,-0.653965,0.029453,-0.543577,-0.295837,-0.606519,-0.326445,-0.793338,-0.107323,-0.38015,-0.788229,-0.139558,0.24864,-0.543577,-0.218161,0.206574,-0.078486,-0.653976,-0.288696,-0.218161,-0.548139,-0.534118,-0.800758,0.174381,-0.218161,-0.218161,-0.661779,-0.264908,0.176143,-0.428242,-0.53402,0.196726,-0.741628,-0.224266,-0.288696,0.999416,-0.788229,-0.547195,-0.576478,-0.788229,0.04807,-0.42846,-0.129744,0.038045,-0.218161,0.809187,-0.254298,0.310655,-0.428233,-0.123793,-0.234763,0.169363,-0.082287,0.635879,-0.53402,0.031715,-0.107323,0.014618,-0.083043,0.532803,0.169363,-0.543577,-0.583424,-0.741628,0.03472,0.521891,0.513605,0.375029,0.761799,0.505037,0.073549,0.288471,0.401345,-0.385538,0.334664,-0.264908,0.024427,0.335235,-0.741628,-0.31813,0.413829,0.799153,-0.224347,0.033422,0.194511,-0.741628,-0.726762,-0.327241,#
10,0.541342,0.0,-0.422546,-0.200179,0.438769,-0.000556,0.274734,-0.323769,0.496683,0.094976,1.0,-0.241862,0.429204,-0.444837,-0.215898,0.088303,-0.419531,-0.14634,0.338046,-0.320458,0.68393,0.487306,0.035934,0.332735,-0.215898,-0.017306,0.515425,-0.646584,0.478472,-0.423717,-0.307888,-0.46186,0.286014,-0.423913,-0.035558,0.35301,-0.323524,-0.284704,-0.646745,0.146518,-0.528326,-0.215898,-0.86263,-0.055865,0.0,-0.11488,0.094976,0.286014,0.229261,0.450048,0.316773,-0.467097,0.566342,0.486635,0.170676,-0.199489,-0.442427,0.111318,0.696556,-0.105783,-0.290175,0.52884,0.49005,-0.111178,-0.665507,0.164674,-0.215898,0.094816,0.184964,0.665,-0.067494,0.342982,0.0,-0.225253,-0.669867,0.362485,0.221093,0.638423,0.082169,0.433937,-0.528563,-0.058452,-0.102524,-0.790457,0.247098,-0.792794,-0.52884,-0.058452,0.206671,-0.455594,-0.817995,-0.414818,-0.278472,-0.527631,-0.278472,-0.527631,-0.194582,-0.42301,-0.424016,0.27955,0.110239,-0.034891,-0.225253,0.171488,-0.790457,-0.528563,-0.058452,0.793678,-0.077884,-0.57445,0.10772,-0.215898,-0.817995,-0.278472,0.1734,-0.583431,-0.208552,-0.488478,0.093933,0.325036,-0.528563,0.034866,-0.225253,0.454214,-0.254422,-0.583431,-0.215898,0.296382,0.345102,0.196972,-0.817995,-0.215898,-0.102524,0.325951,0.073831,0.314547,-0.215898,-0.215898,-0.467097,-0.277742,0.16189,0.494028,-0.154277,-0.306329,0.199405,-0.099281,-0.817995,0.111813,-0.225253,-0.058452,0.221093,-0.225253,0.155172,-0.424016,-0.014021,-0.402544,-0.215898,-0.024588,-0.646196,0.294788,-0.019843,-0.527631,-0.647345,-0.144336,0.034765,0.350945,-0.036107,0.22778,-0.528563,-0.42301,0.793253,0.216028,-0.645503,-0.050779,-0.491822,0.199405,0.067558,0.153484,0.14161,0.589915,0.34,0.220747,0.567387,0.38392,-0.026223,0.422724,-0.484723,-0.130196,0.111362,0.831249,0.199405,0.733754,0.099582,0.008257,0.372062,0.066118,-0.126078,0.199405,-0.102932,0.122029,#
11,-0.322503,0.0,0.331421,0.257032,0.055963,0.805134,-0.321453,0.139933,-0.32315,-0.109331,-0.241862,1.0,-0.460365,0.410541,-0.028369,0.394367,-0.327884,-0.51761,-0.087616,0.118085,0.063708,-0.290895,-0.061946,0.313811,-0.631205,0.07999,-0.055314,0.439999,-0.261137,0.454687,-0.492364,0.398605,-0.486747,-0.251924,-0.278222,0.338484,-0.47612,0.2889,0.573146,0.013567,0.088029,0.255319,0.280378,-0.030613,0.0,-0.077743,-0.109331,-0.255064,-0.062461,-0.400176,-0.174022,0.611319,0.255319,0.084653,0.160313,0.01578,-0.361102,-0.401837,-0.205374,-0.205378,0.184628,0.264929,-0.011079,-0.087448,0.367562,-0.14583,0.255319,-0.237079,-0.455612,-0.198766,-0.478422,0.630835,0.0,0.300657,0.440207,-0.061838,-0.179999,-0.157046,-0.070342,-0.299936,-0.079518,0.121581,-0.436394,0.061959,-0.17546,0.057649,-0.264927,0.121581,0.072577,0.235026,0.272332,-0.047813,-0.175454,-0.112661,-0.175454,0.266816,0.079935,-0.12648,-0.264647,0.124949,-0.021152,0.07039,0.300657,-0.719905,0.061959,-0.079518,0.121581,-0.184948,-0.426539,0.094849,-0.090489,0.219858,0.272332,-0.175454,0.268526,0.090147,0.490903,0.623568,-0.471921,-0.29709,-0.058129,-0.025754,0.300657,0.142522,-0.123413,0.090147,0.007092,0.017911,-0.260739,0.348618,0.272332,-0.631206,-0.436394,0.494253,0.130159,0.381016,0.219858,0.29078,0.611319,-0.33691,0.117541,0.18072,0.323649,-0.053997,0.237882,-0.169898,0.272332,-0.128499,0.300657,0.121581,-0.179999,0.300657,-0.254256,-0.42715,-0.101542,0.052961,-0.028369,-0.500363,-0.127108,-0.012816,-0.394352,-0.134984,-0.073933,0.055284,-0.350647,0.18202,0.331089,-0.224983,0.433827,-0.12648,-0.026055,-0.331413,0.078003,0.066,0.638469,0.237882,-0.812977,-0.117053,-0.127576,0.149436,-0.301487,0.229855,0.245188,0.441732,-0.165266,-0.296342,0.453108,-0.169693,0.068113,-0.057794,0.237882,0.211143,0.188345,0.028494,-0.192338,-0.232928,0.429349,0.237882,0.647102,0.25,#
12,0.692936,0.0,-0.532669,-0.051539,0.595808,-0.124474,0.112447,-0.40815,0.740462,0.368291,0.429204,-0.460365,1.0,0.150428,-0.272166,0.157875,-0.069781,0.451292,0.174458,-0.403975,0.407467,0.298647,0.313661,0.149701,0.408248,-0.320983,-0.16101,-0.434056,0.715803,-0.089024,0.233668,0.124994,0.122352,0.350479,-0.237411,-0.172936,0.081568,-0.434056,-0.416845,-0.407463,0.140756,0.408248,-0.606065,0.213595,0.0,0.197694,0.368291,0.611761,0.464504,0.217099,0.538291,-0.378213,0.408248,0.118004,0.24975,0.360197,0.135652,0.563546,0.028556,-0.056566,0.0,0.25,0.358758,-0.342802,-0.411524,0.666223,0.408248,0.628725,0.418017,0.556188,-0.355807,-0.458335,0.0,-0.603859,-0.131232,0.33903,-0.431721,-0.023916,-0.158507,0.077771,-0.255904,-0.352224,-0.388857,-0.207186,0.189229,-0.587033,-0.25,-0.352224,0.004689,-0.344912,-0.668089,-0.5908,-0.417303,0.141091,-0.417303,-0.28722,-0.053902,0.337365,-0.089087,-0.009476,0.55808,0.062577,-0.603859,-0.023981,-0.207186,-0.255904,-0.352224,0.154293,0.141952,-0.406747,0.364722,-0.272166,-0.668089,-0.417303,0.21181,-0.808227,-0.141999,-0.455354,0.133631,-0.123795,-0.255904,-0.610429,-0.603859,0.020915,0.319709,-0.808227,-0.272166,0.267293,0.603809,-0.398661,-0.668089,0.408248,-0.388857,-0.244011,-0.166497,0.609234,-0.272166,-0.272166,-0.378213,-0.64764,-0.435906,-0.080642,-0.666214,0.254953,-0.456439,0.387904,-0.668089,0.366424,-0.603859,-0.352224,-0.431721,-0.603859,0.237389,-0.089087,0.57509,-0.207186,-0.272166,0.590189,-0.029444,-0.279655,-0.097602,0.141091,-0.412772,0.397179,0.088941,0.406946,-0.237933,0.066542,-0.666317,0.337365,0.166666,0.670616,-0.038749,-0.344912,-0.434361,-0.456439,0.347241,0.359127,-0.078243,0.149786,0.617482,0.242726,0.236741,-0.105482,0.083449,0.41733,-0.262645,-0.112891,0.153755,0.564639,-0.456439,0.109496,0.086045,0.166163,-0.0864,-0.107763,-0.005288,-0.456439,-0.478636,-0.408248,#
13,-0.027316,0.0,0.044093,0.206142,0.127974,0.525123,-0.222145,-0.221718,0.047911,-0.027661,-0.444837,0.410541,0.150428,1.0,-0.500285,0.247161,-0.078749,0.117317,-0.351581,-0.278586,-0.188369,0.073452,0.539309,-0.325889,0.248645,-0.418443,-0.575361,0.147997,0.097172,0.448789,-0.164178,0.989243,-0.361821,-0.008327,-0.475234,-0.184852,-0.210987,-0.32612,0.2732,-0.748984,0.60846,0.248645,0.188085,0.415546,0.0,0.259538,0.469124,0.372594,0.276012,-0.212381,0.019256,0.427361,0.248645,-0.443602,-0.063053,0.330275,0.056203,-0.086277,-0.694693,0.10958,0.229078,-0.003669,0.214114,-0.207328,0.327278,0.456118,0.248645,0.221044,-0.177378,-0.10145,-0.501685,-0.262336,0.0,0.185461,0.746918,0.003731,-0.213406,-0.698632,-0.156282,-0.00799,0.158056,0.022025,-0.453124,0.32068,-0.213664,0.314956,0.003669,0.022025,0.245764,0.503509,0.156002,-0.137249,-0.262073,0.456798,-0.262073,-0.014642,-0.145736,0.466807,0.331436,0.204228,0.612601,-0.026748,0.185461,-0.726954,0.32068,0.158056,0.022025,-0.745445,0.178229,-0.006084,0.468846,0.218687,0.156002,-0.262073,0.347322,-0.00646,0.719102,0.46353,-0.15325,-0.321317,0.483308,-0.573886,0.185461,-0.456512,0.370273,-0.00646,0.038944,0.459806,-0.110136,-0.250629,0.156002,0.248645,-0.453124,0.144931,0.31783,0.371055,0.218687,0.278602,0.427361,-0.356951,-0.158752,-0.482754,-0.306938,0.437299,0.010048,0.211671,0.156002,-0.043887,0.185461,0.022025,-0.213406,0.185461,0.359305,-0.139242,0.14308,0.255523,-0.500285,0.108184,0.138168,-0.293274,-0.501414,0.117361,0.178393,0.598396,0.011172,0.235756,0.057616,-0.420596,0.139986,0.466807,-0.289847,0.285911,0.617589,-0.026859,0.474391,0.010048,-0.122306,-0.052329,-0.060777,-0.152151,-0.226792,0.296386,-0.030272,-0.242726,0.10961,-0.34107,0.126374,0.231645,-0.227343,-0.327993,0.010048,-0.201138,-0.048618,0.088616,-0.230143,-0.493063,0.130255,0.010048,0.128919,-0.166262,#
14,-0.407888,0.0,0.437902,0.051792,-0.272096,-0.403708,-0.166623,0.682842,-0.403998,-0.218161,-0.215898,-0.028369,-0.272166,-0.500285,1.0,0.011991,0.593752,-0.330547,-0.27194,0.767247,-0.332695,-0.403604,-0.916579,0.434596,-0.111111,0.042174,0.289758,0.370637,-0.403549,-0.218064,0.280884,-0.507529,-0.1665,0.518497,0.428074,0.266715,0.699301,0.370637,0.342855,0.619177,-0.271901,-0.111111,0.202438,-0.109,0.0,0.264137,-0.218161,-0.1665,-0.497968,0.034208,-0.054939,0.131138,-0.111111,0.090683,0.289102,0.264263,0.11928,0.230067,0.238336,-0.215533,0.180778,-0.408248,-0.58585,0.176777,-0.19697,-0.407976,-0.111111,0.015099,-0.333247,-0.38925,0.246938,0.068041,0.0,0.148393,0.165596,0.138408,0.096136,0.331958,0.258841,-0.508,0.398178,0.200063,0.211667,0.277916,0.109441,0.265403,0.408248,0.200063,-0.333069,0.20596,0.165596,0.258841,0.317756,-0.271543,0.317756,0.427886,0.348086,-0.2177,-0.218218,-0.332704,-0.600655,0.217147,0.148393,0.332873,0.277916,0.398178,0.200063,0.397622,-0.271774,0.217147,-0.218103,-0.111111,0.165596,0.317756,-0.406213,0.20596,-0.661836,0.102564,-0.166261,0.154024,-0.272023,0.265029,0.148393,0.222003,0.185826,0.20596,-0.111111,-0.993232,0.281719,0.310366,0.165596,-0.111111,0.211667,-0.272031,-0.407832,-0.165812,-0.111111,-0.111111,0.131138,0.160094,-0.332704,0.481481,0.388544,0.159448,-1e-06,0.166359,0.165596,-0.218049,0.148393,0.200063,0.096136,0.148393,-0.407433,0.509175,0.416936,-0.406805,1.0,-0.271956,0.348589,-0.271643,0.494925,0.427886,0.325405,-0.332205,0.217859,-0.349094,0.388544,0.196951,0.398178,-0.2177,-0.272163,-0.407227,-0.332205,0.20596,0.094092,-1e-06,-0.218093,-0.237374,-0.237287,-0.419314,-0.185748,-0.417454,-0.407159,0.146921,-0.522377,0.200798,0.407015,0.160094,0.481239,-0.278277,-1e-06,-0.178806,0.210766,-0.293226,0.141091,0.569609,0.332437,-1e-06,0.264368,-0.166667,#
15,0.00142,0.0,0.35058,-0.425668,0.59886,0.536376,0.355603,0.172243,0.058844,0.475333,0.088303,0.394367,0.157875,0.247161,0.011991,1.0,-0.207282,-0.197515,0.127173,0.153221,0.287236,0.084392,0.17165,0.00513,-0.497631,0.020644,-0.113067,0.164376,0.108126,0.454981,-0.153995,0.166401,-0.161718,-0.142337,0.011186,0.06688,-0.348593,-0.310067,0.592284,-0.384723,0.162448,0.251813,-0.349555,0.484647,0.0,0.593074,-0.021794,-0.161718,0.191998,0.043294,0.304233,-0.289212,0.251813,-0.018197,0.737654,0.455618,0.01701,-0.092543,-0.297611,-0.403732,0.819398,0.466281,0.42911,0.270268,-0.28301,0.467439,0.251813,0.470093,-0.168508,-0.003501,-0.441284,0.424061,0.0,-0.367303,0.184493,0.642291,-0.259375,-0.312941,-0.61307,-0.372342,0.020847,-0.461277,-0.4877,-0.148442,-0.260186,-0.146204,-0.466282,-0.461277,-0.184062,0.01633,-0.40683,-0.594024,-0.709807,-0.346997,-0.709807,-0.026197,0.606876,-0.03644,-0.506326,0.311458,0.578934,-0.520843,-0.367303,-0.762849,-0.148442,0.020847,-0.461277,-0.006798,0.158726,-0.500166,-0.005884,0.221835,-0.40683,-0.709807,0.460521,-0.493989,-0.215319,-0.27395,-0.744631,-0.358159,-0.286547,-0.154536,-0.367303,-0.002074,0.468173,-0.493989,-0.497631,0.027879,0.319232,-0.259175,-0.40683,-0.497631,-0.4877,0.15237,-0.436989,0.375784,0.221835,0.281791,-0.289212,-0.394238,0.26762,-0.156329,0.003145,0.536066,-0.241319,0.228907,-0.40683,0.475016,-0.367303,-0.461277,-0.259375,-0.367303,0.017289,-0.643702,0.001966,-0.527698,0.011991,0.147777,-0.330578,0.138718,-0.649774,-0.026197,-0.274462,-0.172216,-0.023511,0.727611,0.047173,-0.38039,0.454816,-0.03644,0.176232,0.013511,-0.153009,-0.514402,-0.260109,-0.241319,-0.506037,0.487734,0.468824,-0.067879,0.386599,0.463713,0.452277,0.72772,0.154418,-0.151362,0.485065,0.194763,0.304838,0.155537,-0.241319,-0.16295,0.482719,0.598419,0.191419,0.342095,0.150496,-0.241319,-0.003721,-0.16188,#
16,0.024147,0.0,0.473058,0.257895,-0.172684,-0.418756,0.116737,0.736104,0.057491,-0.042011,-0.419531,-0.327884,-0.069781,-0.078749,0.593752,-0.207282,1.0,0.107199,-0.178939,0.74584,-0.287328,0.051589,-0.441148,-0.013195,0.533777,-0.576591,-0.284134,0.231019,-0.31472,-0.046479,0.156048,-0.111516,-0.323541,0.590788,-0.018311,0.276922,0.8466,-0.134055,0.183308,0.249165,0.303819,-0.21591,0.371695,-0.017651,0.0,0.23604,0.07336,0.215694,-0.459756,0.351837,0.208324,0.089281,-0.21591,-0.546536,0.063674,0.340962,-0.028819,0.390615,-0.229048,0.10055,0.107338,-0.426033,-0.289289,-0.264789,-0.226398,0.018351,-0.21591,0.306433,0.153912,-0.476243,0.032931,-0.556416,0.0,0.288356,0.321784,-0.216657,0.186811,-0.161264,0.143103,-0.11311,0.773735,0.006299,0.411309,0.170449,-0.378069,0.515728,0.793303,0.388759,0.143206,0.40022,0.321784,0.143103,0.266161,0.321792,0.266161,-0.017988,0.217475,0.494258,0.459375,-0.646507,-0.216891,0.421958,0.288356,0.287482,0.170449,0.773735,0.006299,-0.040163,0.297061,0.031256,0.442153,-0.21591,0.321784,0.266161,-0.789347,0.40022,-0.288662,0.199301,0.272877,-0.142374,0.285363,-0.301699,0.288356,-0.45006,0.277508,0.40022,-0.21591,-0.607764,-0.003802,-0.178355,0.321784,0.533777,0.022851,-0.528607,-0.346979,-0.322205,-0.21591,-0.21591,0.089281,0.311093,-0.291513,0.085964,-0.047188,0.226162,1e-06,-0.147301,0.321784,-0.04051,0.288356,0.388759,0.186811,0.288356,0.024981,0.596795,0.438741,0.04109,0.593752,0.282774,0.309706,-0.166601,0.576859,0.453929,0.632324,0.170991,0.423341,-0.315113,-0.047188,0.135269,0.321538,0.086573,-0.528862,0.025546,0.170991,0.40022,0.182838,1e-06,0.076519,-0.461262,-0.066996,-0.437581,-0.360942,-0.44702,-0.791187,-0.26143,-0.132401,-0.168162,0.318441,0.311093,-0.132139,-0.540744,1e-06,-0.347454,-0.096069,-0.191821,0.274166,0.150731,0.179907,1e-06,-0.044671,-0.323865,#
17,0.392072,0.0,-0.269203,0.005683,0.366732,-0.440307,0.441296,-0.097356,0.43773,0.612636,-0.14634,-0.51761,0.451292,0.117317,-0.330547,-0.197515,0.107199,1.0,0.360608,-0.14093,0.146677,-0.00123,0.393542,-0.42721,0.346803,-0.110332,-0.328683,0.130884,0.088903,0.135253,0.467299,0.171648,0.560286,0.231864,0.044511,-0.426186,-0.00812,-0.198965,-0.288402,-0.494867,0.336021,0.346803,-0.027738,0.294498,0.0,0.080869,-0.199707,-0.00812,-0.160538,-0.140138,0.092772,-0.482551,-0.330547,-0.134472,-0.047585,0.334046,0.350693,0.633429,-0.132406,-0.171936,-0.141063,-0.036502,-0.163492,-0.16093,-0.018082,0.364773,0.346803,0.270239,0.568302,-0.177179,-0.166476,-0.523468,0.0,-0.570557,-0.091686,-0.371254,-0.418838,-0.195224,-0.384251,0.164133,-0.07383,-0.631555,0.164133,0.009625,-0.327461,-0.04791,0.368334,-0.285999,-0.2767,-0.275917,-0.091686,-0.384251,-0.181479,0.779326,-0.181479,0.011838,0.115514,0.587406,0.610159,-0.18037,0.167681,0.13518,-0.570557,0.234915,0.009625,-0.07383,-0.631555,-0.408762,0.342465,-0.217824,0.133572,-0.330547,-0.091686,-0.181479,0.000785,-0.275917,-0.105313,-0.463932,0.043836,-0.470182,0.351077,-0.384479,-0.570557,-0.241107,0.340279,-0.275917,0.373897,0.276299,-0.192349,-0.582932,-0.091686,0.346803,-0.186843,-0.80927,-0.39211,-0.033816,-0.330547,-0.330547,-0.482551,-0.057256,-0.276592,-0.648851,-0.809121,0.261582,-0.690663,0.05024,-0.091686,0.612574,-0.570557,-0.285999,-0.418838,-0.570557,0.353419,0.255415,-0.017175,0.343558,-0.330547,0.78485,0.224132,-0.082367,-0.214166,-0.005217,0.149062,0.537346,0.17833,0.127585,-0.390349,0.152026,-0.482395,0.219058,-0.378282,0.78461,0.537346,-0.275917,-0.452525,-0.690663,0.715819,0.221089,0.141983,0.243691,0.504703,0.354944,-0.391922,-0.569758,0.148425,-0.328503,-0.102877,-0.057256,-0.029592,-0.000405,-0.690663,-0.500444,0.171315,0.341075,-0.550962,-0.207103,0.130965,-0.690663,-0.909237,-0.49582,#
18,0.660924,0.0,-0.080893,-0.065643,0.567285,0.172079,0.602788,0.068159,0.616704,0.788883,0.338046,-0.087616,0.174458,-0.351581,-0.27194,0.127173,-0.178939,0.360608,1.0,0.014207,0.798747,0.180313,0.309997,0.141188,-0.27194,0.162903,-0.153841,-0.043196,0.20467,0.314096,-0.163679,-0.388977,0.137386,-0.087506,-0.224976,0.161273,-0.407502,-0.011666,-0.055708,0.145402,0.133616,0.401434,-0.110477,-0.334863,0.0,-0.444657,-0.533939,-0.407502,0.038466,0.085898,0.388176,-0.518162,-0.27194,0.140034,0.22322,-0.210623,-0.307157,0.107253,0.052535,-0.159328,-0.012641,0.666113,0.361622,-0.32964,-0.106678,0.22189,0.401434,0.135495,0.813101,0.184486,-0.311834,0.170494,0.0,-0.612005,-0.695915,-0.325843,-0.425014,-0.001365,-0.553972,0.081901,-0.275219,-0.772355,0.081901,-0.629491,-0.447919,-0.606166,-0.269617,-0.359461,-0.002231,-0.828375,-0.144178,-0.553972,-0.381485,0.116998,-0.381485,-0.290578,0.35019,0.311195,-0.110207,-0.424723,0.106213,0.051111,-0.612005,0.023277,-0.629491,-0.275219,-0.772355,0.177564,0.133217,-0.370681,-0.118296,-0.27194,-0.144178,-0.381485,-0.223587,-0.352219,-0.154831,-0.472158,0.083563,-0.595743,-0.275219,-0.150752,-0.612005,0.042791,-0.375391,-0.352219,-0.27194,0.268369,-0.242964,-0.38642,-0.144178,-0.27194,-0.337469,-0.231751,-0.55815,0.050947,-0.27194,-0.27194,-0.518162,-0.107992,0.396769,-0.067625,-0.225509,-0.440829,-0.451716,-0.62043,-0.144178,0.788975,-0.612005,-0.359461,-0.425014,-0.612005,-0.206995,-0.534079,-0.295798,0.22579,-0.27194,0.578856,-0.449693,0.567564,-0.058659,-0.290578,-0.431617,-0.061763,-0.390815,0.39656,-0.66566,0.197086,-0.275219,-0.128931,0.190318,0.237944,-0.061763,-0.352219,-0.451292,-0.451716,-0.094554,0.369407,0.361639,0.578285,0.629031,0.23245,0.257394,0.392647,0.529926,-0.185089,0.143327,-0.657562,-0.222882,0.585226,-0.451716,0.125034,0.074783,0.584021,-0.079869,-0.09553,-0.027674,-0.451716,-0.478238,0.116546,#
19,-0.180864,0.0,0.726875,0.160435,0.021817,-0.161967,0.279359,0.992459,-0.162084,0.132799,-0.320458,0.118085,-0.403975,-0.278586,0.767247,0.153221,0.74584,-0.14093,0.014207,1.0,-0.064411,-0.164961,-0.664581,0.189315,-0.164922,-0.287333,-0.020085,0.532678,-0.598988,0.127376,-0.027703,-0.308308,-0.247136,0.294202,0.18365,0.537634,0.47923,0.0962,0.476599,0.412109,0.048661,-0.164922,0.30048,0.035171,0.0,0.297358,-0.323816,-0.247136,-0.739133,0.19126,0.073569,0.030849,-0.164922,-0.249449,0.395798,0.392246,-0.226165,0.274001,-0.014043,-0.319915,0.268329,-0.166859,-0.379477,-0.060844,-0.292362,-0.184301,-0.164922,0.158824,-0.078393,-0.661498,-0.120927,0.100994,0.0,0.22026,0.245794,-0.151847,0.142695,0.064269,-0.046063,-0.289589,0.591016,-0.160311,0.314177,-0.029372,-0.543831,0.393938,0.605963,0.296953,-0.074366,0.305707,0.245794,-0.046063,0.051636,0.048324,0.051636,0.183736,0.516665,0.16429,0.145521,-0.493833,-0.423721,0.322312,0.22026,0.064446,-0.029372,0.591016,-0.160311,0.158282,0.035078,-0.144807,0.136421,-0.164922,0.245794,0.051636,-0.602941,0.305707,-0.452367,0.152236,-0.246782,-0.29944,0.028749,-0.040589,0.22026,-0.138861,0.247269,0.305707,-0.164922,-0.755666,-0.127265,0.045432,0.245794,-0.164922,-0.150259,-0.403775,-0.605346,-0.246115,-0.164922,-0.164922,0.030849,0.237628,-0.069406,0.263185,0.150448,0.208086,1e-06,-0.289871,0.245794,0.1345,0.22026,0.296953,0.142695,0.22026,-0.170781,0.286347,0.174764,-0.161937,0.767247,0.027404,0.077831,0.028709,0.274467,0.183736,0.482999,-0.059212,0.323368,-0.083872,0.150448,0.16085,0.591016,-0.323133,-0.40397,-0.160523,-0.059212,0.305707,0.139661,1e-06,-0.323716,-0.352334,0.118972,-0.171382,-0.275705,-0.184228,-0.604346,0.218074,-0.306335,-0.369512,0.604132,0.237628,0.147182,-0.413046,1e-06,-0.265402,0.312841,0.016664,0.209421,0.337411,0.493437,1e-06,0.09569,-0.247383,#
20,0.812217,0.0,-0.187313,0.058155,0.814725,0.346581,0.519277,-0.009783,0.786711,0.635575,0.68393,0.063708,0.407467,-0.188369,-0.332695,0.287236,-0.287328,0.146677,0.798747,-0.064411,1.0,0.386046,0.234625,0.377375,-0.332695,-0.176792,0.016709,-0.248527,0.358332,0.166081,-0.427818,-0.232576,0.040681,-0.247384,-0.378241,0.497958,-0.498544,-0.248527,-0.263468,0.027671,-0.03928,0.279464,-0.53072,-0.122717,0.0,-0.242541,-0.194203,0.040681,0.078366,0.288661,0.514068,-0.415968,0.359311,0.273563,0.387067,-0.002042,-0.629271,0.250502,0.281111,-0.295022,-0.11692,0.814932,0.535352,-0.511671,-0.472285,0.390907,0.279464,0.298379,0.579383,0.397829,-0.616916,0.317825,0.0,-0.452354,-0.539003,-0.056363,-0.274039,0.229665,-0.358866,0.26264,-0.413155,-0.606027,-0.211938,-0.885218,-0.360077,-0.818407,-0.407467,-0.181708,0.234307,-0.623747,-0.560003,-0.798523,-0.584621,-0.054205,-0.584621,-0.473058,0.142322,0.167619,-0.2178,-0.177,0.248072,0.204493,-0.452354,-0.184332,-0.885218,-0.413155,-0.606027,0.444642,-0.008616,-0.706289,0.244142,-0.332695,-0.560003,-0.584621,-0.032274,-0.64187,-0.028351,-0.363917,-0.031114,-0.450811,-0.413155,-0.399389,-0.452354,0.185103,-0.232103,-0.64187,-0.332695,0.366481,0.010122,-0.16501,-0.560003,-0.332695,-0.642911,0.027992,-0.367044,0.482042,-0.332695,-0.332695,-0.415968,-0.489822,0.200167,0.251863,-0.395556,-0.31192,-0.187472,-0.495823,-0.560003,0.637105,-0.452354,-0.181708,-0.274039,-0.452354,0.020372,-0.6534,-0.023756,-0.041005,-0.332695,0.399439,-0.66465,0.404091,-0.20094,-0.473058,-0.603168,0.1781,-0.182651,0.621121,-0.378803,0.226941,-0.413155,-0.284686,0.44006,0.432372,-0.265255,-0.170662,-0.345884,-0.187472,-0.218372,0.22354,0.265617,0.793079,0.509139,0.420695,0.410321,0.505451,0.218162,-0.048828,-0.016249,-0.468904,-0.085705,0.812339,-0.187472,0.527063,0.242899,0.419864,0.071215,-0.219088,0.207354,-0.187472,-0.275334,0.0,#
21,0.542997,0.0,0.167421,-0.388348,0.277598,0.127331,0.424943,-0.110767,0.536486,0.100693,0.487306,-0.290895,0.298647,0.073452,-0.403604,0.084392,0.051589,-0.00123,0.180313,-0.164961,0.386046,1.0,0.42547,-0.21583,0.297097,-0.467638,0.130077,-0.355687,0.578483,-0.368972,-0.630062,0.01976,-0.0588,-0.345777,-0.546297,0.267535,-0.1008,-0.884577,-0.37069,-0.183464,0.320453,-0.403604,-0.431058,0.213365,0.0,0.026651,0.137133,0.445201,0.269631,0.409804,0.70124,-0.322903,0.297097,-0.518401,-0.228026,-0.231378,-0.384131,-0.008441,-0.003398,0.507958,0.091203,0.559533,0.698955,-0.210327,-0.493354,0.663446,-0.403604,0.05713,0.349401,0.193106,-0.10626,-0.096117,0.0,0.110366,-0.254809,0.258363,0.42196,-0.056153,-0.277596,0.317157,0.3057,-0.075489,0.336379,-0.570391,-0.191947,-0.18206,-0.147607,0.353474,0.359441,0.009118,-0.387496,-0.259788,-0.01719,-0.121842,-0.01719,-0.986361,0.081548,0.14278,0.106422,0.07768,0.535012,-0.09516,0.110366,-0.056308,-0.570391,0.3057,-0.075489,0.197027,0.727698,-0.514034,0.565193,-0.403604,-0.387496,-0.01719,-0.138383,-0.105393,0.146477,-0.201478,0.326606,0.118744,0.3057,-0.272606,0.110366,-0.042216,-0.162054,-0.105393,-0.403604,0.464913,-0.127915,-0.006874,-0.387496,0.297097,-0.099312,0.229637,0.169502,-0.03194,-0.403604,0.325125,-0.322903,0.085908,0.370443,0.029897,-0.194062,-0.084464,0.423045,-0.276966,-0.387496,0.117426,0.110366,0.353474,0.42196,0.110366,0.666347,-0.333945,-0.091694,-0.283875,-0.403604,0.28909,-0.778454,0.62008,0.019256,-0.54528,0.061172,0.073225,-0.032973,0.088909,-0.08821,-0.432399,-0.11695,-0.314475,0.641912,0.255977,0.091182,-0.124478,-0.215075,0.423045,0.115531,-0.281075,0.149871,0.215512,-0.012048,0.286554,0.196492,0.143899,0.393021,-0.147044,-0.077058,0.218074,-0.240676,0.245372,0.423045,0.351562,-0.445416,-0.094722,0.633256,0.103033,-0.344362,0.423045,-0.122647,0.340541,#
