0,1.0,0.596385,-0.608951,-0.004543,0.384541,-0.017161,-0.002108,0.0,-0.017161,0.027154,-0.547426,-0.391537,0.210594,0.178225,0.803179,-0.263764,-0.247059,0.013257,-0.178064,-4.6e-05,-0.102839,-0.299845,0.18438,0.054346,0.530102,-0.469168,0.2183,-0.088127,-0.707132,0.024911,-0.221369,-0.229007,0.327977,-4.6e-05,-0.200554,0.492595,0.350392,-0.015534,-0.411375,0.169611,0.810514,0.284753,-0.381596,-0.491271,0.794289,-0.419876,0.173257,0.165717,-0.017659,-0.677109,-0.510823,-0.267006,0.0,0.078419,-0.415013,-0.077781,-0.38599,-0.112617,-0.029801,0.465317,0.008151,0.63861,0.402824,-0.034153,-0.143077,0.389892,0.0,0.197351,0.284,-0.202309,-0.090817,-0.04278,0.353401,0.219122,0.187245,-0.475881,0.0,-0.470361,0.353401,0.582424,0.327977,-0.422308,-0.405127,-0.818511,-0.19556,-0.067299,-0.053979,-0.422308,0.210951,-0.333062,-0.516282,-0.65412,-0.499593,0.008891,-0.219198,-0.003814,-0.005777,0.302552,-0.405127,-0.221369,-0.462361,-0.653788,0.015255,0.353401,-0.002718,-0.499593,-0.20856,-0.671934,0.302552,-0.898202,0.81724,0.0,-0.333062,0.015255,0.010346,-0.499593,0.511034,-0.270995,0.509903,-0.654578,0.0,-0.405127,-0.670521,-0.210283,0.402824,-0.005777,-0.238789,0.590232,-0.072386,0.0,-0.085711,0.0,-0.218078,-0.177249,0.557207,0.0,0.0,-0.333062,0.255308,-0.421406,0.0,-0.210524,-0.003814,-0.457375,-0.054709,-0.072386,-0.583284,0.258987,-0.069977,-0.333062,-0.564887,0.139844,0.353401,0.0,0.361338,0.0,-0.096834,0.437841,-0.014645,-0.333062,-0.238789,0.0,-0.406438,0.008891,0.000545,0.783802,-0.333062,0.414162,-0.048634,-0.333062,-0.275935,0.232537,-0.213254,-0.042693,-0.264529,-0.006223,0.0,-0.51522,0.46397,-0.473178,0.38088,0.180057,-0.51941,0.286179,0.451545,-0.290853,-0.048041,0.37815,0.054037,-0.004809,-0.003814,-0.412066,0.286179,0.513414,0.229862,0.223596,-0.061947,0.401859,-0.014645,0.222995,#
1,0.596385,1.0,-0.173751,-0.030459,-0.028044,0.381022,-0.004316,0.0,0.381022,0.013902,-0.513736,-0.380964,0.198203,0.587704,0.399667,-0.250209,-0.628922,0.407463,0.206507,2.4e-05,0.237952,0.011051,0.575129,-0.047056,0.495912,-0.461561,0.609337,-0.223673,-0.415006,0.411287,-0.211321,0.062651,0.343624,2.4e-05,-0.339506,0.496176,0.250441,-0.458651,-0.018505,-0.211832,0.798249,0.642508,-0.038606,-0.09657,0.365622,-0.271795,0.197255,0.517332,-0.344027,-0.673261,-0.513736,-0.167137,0.0,-0.250133,-0.356049,0.319453,-0.350587,0.41437,-0.114863,0.485369,0.275528,0.19015,0.230255,-0.393207,-0.1226,0.797803,0.0,0.632868,0.310521,0.219053,-0.275183,0.48148,0.343624,0.658131,-0.206973,-0.082376,0.0,-0.462554,0.343624,0.178643,-0.333211,-0.815643,-0.395689,-0.418134,0.208037,-0.025583,0.370413,-0.815643,-0.236432,-0.333211,-0.490695,-0.211321,-0.499817,0.423297,-0.178216,0.00781,0.01547,0.317592,0.024416,-0.211321,0.183619,-0.202858,-0.011715,0.317592,0.405922,-0.499817,-0.235479,-0.659999,0.317592,-0.460524,0.807703,0.0,-0.333211,-0.011715,0.022302,-0.499817,-0.011715,0.183478,0.035315,-0.659741,0.0,-0.395689,-0.625809,-0.583851,0.230255,-0.410413,0.214277,0.454232,-0.369085,0.0,-0.030044,0.0,-0.621982,-0.201223,0.170065,0.0,0.0,-0.333211,0.409362,-0.801288,0.0,-0.185985,-0.499817,-0.560215,0.393491,-0.369085,-0.559714,0.614439,-0.03414,0.343624,-0.048152,-0.233039,0.343624,0.0,-0.051781,0.0,-0.055698,0.813193,0.393499,-0.333211,-0.244888,0.0,-0.418134,0.423297,0.496217,0.402822,-0.333211,-0.046445,-0.038142,-0.333211,-0.266821,0.594251,-0.236432,-0.046578,0.180642,-0.389615,0.0,-0.536241,0.465997,-0.411099,0.810723,0.203913,-0.539846,0.288722,0.453812,-0.020422,-0.038833,0.368624,-0.357637,0.404785,0.00781,-0.426209,0.288722,0.519121,0.149596,0.194367,-0.577318,-0.002731,0.393499,0.205978,#
2,-0.608951,-0.173751,1.0,0.344966,-0.053659,0.371447,0.441114,0.0,0.371447,0.086636,0.269399,0.553092,-0.049247,-0.242669,-0.811221,0.076954,-0.236078,0.360903,0.66898,-5.1e-05,0.60362,0.217251,0.277281,-0.027524,0.343653,0.099537,0.042294,0.441337,0.520001,0.526541,-0.049994,0.199708,-0.506286,-5.1e-05,-0.23382,-0.175403,-0.404386,-0.366915,0.527549,-0.133481,-0.266163,-0.172753,0.761841,0.328384,-0.755019,0.227586,-0.427919,-0.131033,0.080174,0.51147,0.778389,0.052777,0.0,-0.094806,-0.12122,0.076007,-0.130017,0.327432,-0.454579,-0.294768,0.16102,-0.526586,-0.201712,0.303953,-0.230287,-0.02914,0.0,0.06374,-0.133247,0.551734,0.347451,0.128755,0.257386,-0.039493,-0.223722,0.672943,0.0,0.093128,0.257386,-0.692227,-0.506286,0.055388,0.072271,0.774417,0.20503,-0.248748,-0.032411,0.090994,-0.078795,0.229102,0.197136,0.449947,0.32244,0.048464,-0.197349,-0.207889,-0.108266,-0.506286,0.089827,-0.049994,0.569441,0.377436,0.2588,0.200817,0.07032,0.32244,0.599346,0.511775,-0.506286,0.419269,-0.339235,0.0,0.257386,0.2588,-0.285322,0.32244,-0.229102,0.057611,-0.176748,0.627213,0.0,0.037159,0.045316,-0.25648,-0.201712,-0.108266,0.504431,-0.300263,-0.468706,0.0,-0.276482,0.0,0.22719,0.617555,-0.588713,0.0,0.0,0.144249,-0.081459,-0.117936,0.0,0.404926,-0.271528,-0.403249,-0.262935,-0.468706,0.265754,0.273136,-0.305287,0.257386,0.242092,-0.610309,0.257386,0.0,-0.275445,0.0,-0.323736,0.047678,0.37669,0.144249,0.446867,0.0,0.298365,0.048464,0.344689,-0.767217,0.172533,-0.616389,-0.133917,0.257386,0.534133,0.050028,0.377107,-0.110152,0.528687,-0.371889,0.0,0.76107,-0.364262,-0.363753,-0.080348,-0.380073,0.750623,-0.167119,-0.309127,0.61007,-0.31785,-0.130945,-0.456057,0.356434,-0.186675,0.549907,-0.167119,-0.490022,-0.53839,0.449599,0.222214,-0.39167,0.37669,-0.046154,#
3,-0.004543,-0.030459,0.344966,1.0,0.401591,-0.13727,0.395124,0.0,-0.13727,0.515266,-0.349991,0.142162,0.176772,-0.030459,0.077486,0.318363,0.011336,0.402529,-0.04798,2.9e-05,0.335201,-0.086659,-0.034078,-0.140092,0.350638,0.059037,-0.332025,-0.200296,-0.271713,0.082359,0.23898,-0.011333,-0.166513,2.9e-05,-0.674929,-0.249709,-0.239109,0.064608,0.612938,0.023215,0.107966,-0.487904,-0.184972,-0.4027,0.129253,-0.411108,-0.253225,-0.140092,-0.081751,0.306436,0.226259,-0.238842,0.0,-0.304257,-0.651584,-0.013563,-0.054591,0.193826,0.157283,-0.415473,-0.480142,0.215597,0.090071,0.324044,-0.392355,-0.13727,0.0,-0.256092,0.149368,0.322127,0.090071,-0.429368,-0.166513,0.177187,0.49457,-0.347953,0.0,0.152065,-0.166513,-0.013449,-0.166513,0.136611,0.12897,0.399007,0.49457,0.152065,0.416694,0.136611,0.186876,-0.166513,0.241819,0.23898,0.39867,0.068306,-0.499286,-0.249769,-0.135445,-0.166513,0.12897,0.23898,0.07552,-0.326858,0.350638,0.63403,0.061614,0.39867,-0.024751,0.323359,-0.166513,-0.05615,0.096844,0.0,0.698073,0.350638,-0.249642,0.39867,0.350638,0.339746,0.40637,0.04932,0.0,0.12897,-0.187721,0.030979,0.090071,0.408575,0.2602,0.207276,-0.046961,0.0,-0.314545,0.0,0.49457,0.406518,0.055998,0.0,0.0,-0.166513,0.206521,-0.072305,0.0,0.23932,-0.249769,-0.399469,0.143918,-0.046961,0.267165,0.10654,0.267165,-0.166513,0.258041,0.043143,-0.166513,0.0,0.169063,0.0,-0.426305,0.323625,0.408022,-0.166513,0.2602,0.0,0.399007,0.068306,0.333313,-0.416448,-0.166513,-0.059977,0.455274,0.698073,0.328212,-0.318532,0.186876,0.426757,-0.255205,0.136611,0.0,0.24181,-0.43628,-0.568447,-0.139429,-0.747734,0.236906,0.16912,-0.532918,0.367427,0.251577,-0.116141,-0.349377,-0.135773,0.39867,0.16912,0.16912,-0.193183,0.307879,0.184723,0.251577,0.068306,0.408022,0.252826,#
4,0.384541,-0.028044,-0.053659,0.401591,1.0,-0.289134,0.134845,0.0,-0.289134,0.177172,0.097446,0.374707,-0.38393,-0.44746,0.205211,-0.148813,0.405168,-0.256849,0.036224,4.8e-05,0.123416,-0.564902,-0.037289,0.317463,0.401198,-0.115306,-0.156904,0.06862,-0.369967,-0.171897,0.117887,-0.148085,-0.407819,4.8e-05,0.017826,0.401491,0.076783,-0.161795,-0.171168,0.378678,0.315885,-0.253276,-0.161759,-0.659308,0.298281,0.059625,-0.604005,-0.178114,0.373831,-0.098412,0.097446,-0.582897,0.0,-0.433399,-0.283245,-0.283894,-0.233653,-0.499571,0.128671,-0.478505,-0.305772,0.52672,0.575252,0.464029,-0.37415,-0.289134,0.0,-0.576953,-0.354192,-0.057066,0.575252,-0.375117,0.280706,-0.383691,0.404857,-0.211866,0.0,0.26766,0.280706,-0.064661,0.254225,0.278737,-0.571092,-0.232396,-0.416945,0.209721,0.141863,-0.171317,0.535011,-0.407819,-0.413238,0.117887,0.440921,-0.604703,-0.410051,-0.611728,-0.71003,0.254225,-0.571092,0.117887,-0.313417,-0.323862,-0.115196,0.254225,-0.166561,0.440921,0.002397,-0.088876,0.254225,-0.264197,0.195426,0.0,0.280706,-0.115196,-0.611416,0.440921,0.381337,-0.109077,0.379124,0.008343,0.0,-0.127295,-0.518718,0.02147,0.575252,-0.276791,0.083039,0.20244,0.15193,0.0,0.069168,0.0,0.404857,0.439603,0.367465,0.0,0.0,-0.407819,-0.363287,-0.232396,0.0,-0.422279,-0.115196,-0.221723,-0.205477,0.15193,0.061462,-0.348282,0.061462,-0.407819,-0.438362,0.395044,0.280706,0.0,0.653641,0.0,-0.389013,0.189416,0.164555,-0.407819,0.5681,0.0,-0.232396,-0.604703,-0.129316,0.207526,0.307188,0.620374,-0.048141,0.280706,0.350427,0.09368,-0.375667,0.157754,-0.101433,-0.171317,0.0,0.11391,0.064523,-0.538925,-0.310986,-0.086996,0.204825,-0.346156,-0.018837,-0.130813,-0.470094,0.140525,0.172177,-0.694153,-0.095334,0.409094,-0.346156,-0.24931,-0.076458,0.062604,0.612308,0.238918,0.164555,0.530704,#
5,-0.017161,0.381022,0.371447,-0.13727,-0.289134,1.0,0.189156,0.0,1.0,0.325471,0.119716,0.400395,0.096008,0.381022,-0.201306,0.361999,-0.429376,0.135063,0.39578,0.0,-0.058871,0.059696,0.814173,-0.643121,0.39473,-0.522767,0.406469,0.281519,-0.08458,0.660706,-0.801076,0.104778,-0.407888,0.0,-0.21533,0.395022,-0.047089,-0.518605,0.226087,0.01865,0.307533,0.454783,0.520231,-0.012999,-0.129801,0.287074,0.361999,0.149198,0.310721,-0.076091,0.119716,-0.051403,0.0,-0.255972,-0.228506,0.764017,-0.679186,0.594418,-0.531473,0.622877,0.232106,0.032946,-0.189418,0.303219,-0.141788,0.578685,0.0,0.799691,0.418329,-0.121375,0.34117,0.406743,0.276311,0.069687,-0.841738,0.184606,0.0,-0.223694,0.276311,-0.056199,-0.407888,-0.591701,-0.156531,0.16222,-0.025996,-0.199153,-0.318202,-0.144474,-0.378472,0.302626,-0.4074,-0.353162,-0.611832,0.230055,-0.377242,-0.078946,0.178002,0.249996,-0.172865,-0.801076,0.33166,0.086256,0.39473,0.249996,-0.188291,-0.611832,0.399482,-0.083716,0.249996,0.139083,0.187777,0.0,-0.407888,0.39473,-0.113286,-0.611832,-0.118419,-0.163974,-0.070259,-0.02349,0.0,-0.59754,-0.51099,-0.826499,-0.189418,-0.252514,0.07736,0.18429,-0.648023,0.0,-0.482389,0.0,-0.406078,-0.022955,-0.477957,0.0,0.0,0.276311,0.447477,-0.651613,0.0,-0.10469,-0.098683,-0.40438,-0.210601,-0.648023,0.064709,0.426483,-0.487017,0.276311,0.046761,-0.875407,0.276311,0.0,-0.225722,0.0,0.018898,0.178835,-0.292593,0.276311,-0.386801,0.0,-0.264291,0.230055,0.395092,-0.220054,-0.407888,-0.650295,-0.608696,-0.407888,0.305284,0.303541,0.543371,-0.331182,0.7667,-0.591701,0.0,0.050309,0.013085,-0.294808,0.538837,-0.139014,0.129055,0.317054,0.099535,-0.114564,0.032713,0.08811,-0.304129,0.555816,-0.611832,0.317054,0.317054,0.192156,-0.291003,0.543446,0.032713,-0.607345,-0.292593,0.069332,#
6,-0.002108,-0.004316,0.441114,0.395124,0.134845,0.189156,1.0,0.0,0.189156,0.238634,0.119716,0.400395,0.096008,-0.421097,-0.201306,0.361999,-0.429974,0.151061,0.39578,0.0,0.331494,-0.375981,0.432004,0.155035,0.39473,-0.61862,-0.305686,0.263692,-0.08458,0.241722,-0.353162,-0.356245,-0.407888,0.0,-0.359252,-0.088599,0.347185,-0.167135,0.242192,0.432004,-0.112307,0.005615,0.16545,-0.296468,-0.129801,0.064231,-0.090333,0.071863,0.285033,0.337447,0.593276,-0.170443,0.0,0.111139,-0.229487,0.059118,-0.208067,0.130029,-0.5508,0.105598,-0.305962,0.067556,-0.331344,0.146111,0.388604,0.189156,0.0,-0.066225,0.418329,0.340443,0.199243,-0.554336,0.276311,0.069687,-0.041235,0.176752,0.0,-0.553099,0.276311,-0.423367,0.249996,-0.176682,-0.132938,0.185915,-0.002689,0.289763,-0.232177,0.270544,0.043708,0.302626,0.096681,0.094751,-0.098682,-0.176682,-0.000443,-0.078946,0.162363,-0.407888,-0.149272,-0.353162,-0.237714,-0.344536,-0.118419,0.249996,-0.188291,-0.098682,-0.005498,0.357872,-0.407888,-0.162341,-0.177075,0.0,0.276311,-0.118419,-0.61152,-0.098682,0.374994,-0.509757,0.372818,0.000461,0.0,-0.573947,-0.07286,-0.422213,-0.331344,0.162363,0.541521,0.072338,-0.30107,0.0,-0.395616,0.0,0.394424,-0.0,0.006547,0.0,0.0,-0.407888,0.322506,-0.240596,0.0,0.546554,-0.118419,-0.519412,-0.124129,-0.30107,0.150987,0.426483,-0.400739,0.276311,-0.34648,-0.402066,0.276311,0.0,0.27826,0.0,-0.455516,0.218798,0.13734,-0.407888,0.07736,0.0,-0.240596,-0.176682,0.395092,-0.166612,-0.407888,-0.229357,-0.051766,0.276311,-0.084987,-0.17385,0.104303,-0.657226,-0.097744,-0.176682,0.0,0.586095,-0.464523,-0.444768,-0.275808,-0.083626,0.573005,0.405655,-0.017827,0.150862,0.099447,-0.690116,-0.486484,0.151398,-0.098682,0.405655,0.405655,0.250489,-0.133934,0.543446,0.099447,-0.216251,0.13734,-0.322058,#
7,0.0,0.0,0.0,0.0,0.0,0.0,0.0,0.0,0.0,0.0,0.0,0.0,0.0,0.0,0.0,0.0,0.0,0.0,0.0,0.0,0.0,0.0,0.0,0.0,0.0,0.0,0.0,0.0,0.0,0.0,0.0,0.0,0.0,0.0,0.0,0.0,0.0,0.0,0.0,0.0,0.0,0.0,0.0,0.0,0.0,0.0,0.0,0.0,0.0,0.0,0.0,0.0,0.0,0.0,0.0,0.0,0.0,0.0,0.0,0.0,0.0,0.0,0.0,0.0,0.0,0.0,0.0,0.0,0.0,0.0,0.0,0.0,0.0,0.0,0.0,0.0,0.0,0.0,0.0,0.0,0.0,0.0,0.0,0.0,0.0,0.0,0.0,0.0,0.0,0.0,0.0,0.0,0.0,0.0,0.0,0.0,0.0,0.0,0.0,0.0,0.0,0.0,0.0,0.0,0.0,0.0,0.0,0.0,0.0,0.0,0.0,0.0,0.0,0.0,0.0,0.0,0.0,0.0,0.0,0.0,0.0,0.0,0.0,0.0,0.0,0.0,0.0,0.0,0.0,0.0,0.0,0.0,0.0,0.0,0.0,0.0,0.0,0.0,0.0,0.0,0.0,0.0,0.0,0.0,0.0,0.0,0.0,0.0,0.0,0.0,0.0,0.0,0.0,0.0,0.0,0.0,0.0,0.0,0.0,0.0,0.0,0.0,0.0,0.0,0.0,0.0,0.0,0.0,0.0,0.0,0.0,0.0,0.0,0.0,0.0,0.0,0.0,0.0,0.0,0.0,0.0,0.0,0.0,0.0,0.0,0.0,0.0,0.0,0.0,0.0,0.0,0.0,0.0,0.0,0.0,0.0,0.0,0.0,0.0,0.0,#
8,-0.017161,0.381022,0.371447,-0.13727,-0.289134,1.0,0.189156,0.0,1.0,0.325471,0.119716,0.400395,0.096008,0.381022,-0.201306,0.361999,-0.429376,0.135063,0.39578,0.0,-0.058871,0.059696,0.814173,-0.643121,0.39473,-0.522767,0.406469,0.281519,-0.08458,0.660706,-0.801076,0.104778,-0.407888,0.0,-0.21533,0.395022,-0.047089,-0.518605,0.226087,0.01865,0.307533,0.454783,0.520231,-0.012999,-0.129801,0.287074,0.361999,0.149198,0.310721,-0.076091,0.119716,-0.051403,0.0,-0.255972,-0.228506,0.764017,-0.679186,0.594418,-0.531473,0.622877,0.232106,0.032946,-0.189418,0.303219,-0.141788,0.578685,0.0,0.799691,0.418329,-0.121375,0.34117,0.406743,0.276311,0.069687,-0.841738,0.184606,0.0,-0.223694,0.276311,-0.056199,-0.407888,-0.591701,-0.156531,0.16222,-0.025996,-0.199153,-0.318202,-0.144474,-0.378472,0.302626,-0.4074,-0.353162,-0.611832,0.230055,-0.377242,-0.078946,0.178002,0.249996,-0.172865,-0.801076,0.33166,0.086256,0.39473,0.249996,-0.188291,-0.611832,0.399482,-0.083716,0.249996,0.139083,0.187777,0.0,-0.407888,0.39473,-0.113286,-0.611832,-0.118419,-0.163974,-0.070259,-0.02349,0.0,-0.59754,-0.51099,-0.826499,-0.189418,-0.252514,0.07736,0.18429,-0.648023,0.0,-0.482389,0.0,-0.406078,-0.022955,-0.477957,0.0,0.0,0.276311,0.447477,-0.651613,0.0,-0.10469,-0.098683,-0.40438,-0.210601,-0.648023,0.064709,0.426483,-0.487017,0.276311,0.046761,-0.875407,0.276311,0.0,-0.225722,0.0,0.018898,0.178835,-0.292593,0.276311,-0.386801,0.0,-0.264291,0.230055,0.395092,-0.220054,-0.407888,-0.650295,-0.608696,-0.407888,0.305284,0.303541,0.543371,-0.331182,0.7667,-0.591701,0.0,0.050309,0.013085,-0.294808,0.538837,-0.139014,0.129055,0.317054,0.099535,-0.114564,0.032713,0.08811,-0.304129,0.555816,-0.611832,0.317054,0.317054,0.192156,-0.291003,0.543446,0.032713,-0.607345,-0.292593,0.069332,#
9,0.027154,0.013902,0.086636,0.515266,0.177172,0.325471,0.238634,0.0,0.325471,1.0,-0.119914,0.254327,0.426197,0.013902,0.190285,0.530197,-0.09413,-0.241621,0.014609,-5.1e-05,0.030088,-0.155944,0.481648,-0.68083,0.12175,-0.364344,0.111448,-0.340341,-0.160729,-0.229668,-0.179563,0.213964,-0.26869,-5.1e-05,-0.500431,0.111433,0.038539,-0.361886,0.091969,0.396452,0.242915,0.077392,-0.115668,-0.518959,0.26152,-0.198718,0.17863,0.161866,0.195449,0.070936,-0.119914,-0.280264,0.0,-0.529303,-0.447477,0.614031,-0.64156,0.369942,-0.19848,0.001139,-0.125677,0.396846,-0.428003,0.542231,-0.137957,0.325471,0.0,0.170886,0.26609,0.039322,0.13632,-0.151138,-0.268689,-0.086868,-0.074176,-0.544758,0.0,0.064448,-0.268689,-0.006376,-0.268689,-0.32298,0.141294,0.228171,-0.074176,0.064448,0.141277,0.152681,-0.078394,0.487,-0.119589,-0.179563,-0.004198,-0.241746,-0.347385,0.163733,-0.094904,0.431023,-0.327755,-0.179563,0.191968,-0.527427,0.12175,0.431023,-0.24765,-0.004198,0.083222,0.075188,0.431023,0.187208,0.17219,0.0,0.263092,0.12175,-0.402829,-0.004198,0.12175,-0.020654,0.171534,0.011757,0.0,-0.327755,-0.374443,-0.479377,-0.428003,0.239707,-0.165823,-0.117787,0.253228,0.0,-0.72642,0.0,0.389184,-0.143479,-0.088936,0.0,0.0,-0.268689,0.293918,-0.183778,0.0,-0.272453,-0.403034,-0.174107,0.053995,0.253228,0.366089,0.153044,-0.220716,-0.268689,0.351852,-0.105547,-0.268689,0.0,0.086302,0.0,-0.051844,0.087771,-0.235474,-0.268689,-0.165823,0.0,0.228171,-0.241746,0.106702,-0.258341,-0.268689,-0.125701,0.031895,0.263092,0.488349,0.100702,0.435077,0.152223,0.139654,-0.32298,0.0,-0.157846,-0.629055,-0.249633,-0.164001,-0.310029,-0.064317,0.208794,-0.134935,0.075522,0.35767,-0.171822,0.044517,-0.126613,-0.004198,0.208794,0.208794,0.246464,0.009583,0.437108,0.35767,-0.241746,-0.235474,0.396531,#
10,-0.547426,-0.513736,0.269399,-0.349991,0.097446,0.119716,0.119716,0.0,0.119716,-0.119914,1.0,0.696125,-0.719154,-0.513736,-0.659962,0.213944,0.481637,-0.400661,0.068089,0.000116,-0.273409,-0.471094,0.016949,0.180763,-0.374308,0.003765,-0.324151,0.195597,0.340016,-0.101874,-0.196872,0.082656,-0.665437,0.000116,0.728143,0.225961,0.253443,-0.045456,-0.082232,0.481561,-0.546819,0.056063,0.211344,0.08014,-0.589353,0.949372,-0.335966,0.013127,0.729077,0.261751,0.424282,-0.332853,0.0,-0.161892,0.687944,-0.009338,0.073531,-0.182355,-0.175934,-0.258431,-0.161611,-0.255856,-0.092643,0.325656,0.229197,-0.392486,0.0,-0.309746,-0.176454,-0.278642,0.552405,-0.21365,0.166359,-0.751698,-0.491935,0.385836,0.0,0.409187,0.166359,-0.575277,0.134367,0.408337,-0.089137,0.160874,-0.493025,0.369025,-0.411811,0.408337,-0.206026,0.198352,-0.21442,0.347667,0.273533,-0.610828,0.014874,-0.350314,-0.405962,0.134367,-0.108994,-0.196872,-0.030456,0.347885,-0.374308,-0.665437,-0.576742,0.273533,0.045893,0.25783,0.134367,0.630654,-0.688167,0.0,0.166359,-0.374308,-0.391933,0.273533,-0.398303,-0.334614,-0.453705,0.5353,0.0,-0.089137,0.231246,-0.010244,-0.092643,-0.405962,0.326035,-0.235352,0.072134,0.0,0.319807,0.0,0.037707,0.119782,-0.071865,0.0,0.0,0.166359,-0.22961,0.113232,0.0,-0.218033,0.225545,0.44213,-0.140394,0.072134,0.385886,-0.577791,-0.28486,0.166359,-0.227666,-0.03866,0.166359,0.0,0.368095,0.0,-0.206301,-0.339116,-0.386425,0.166359,0.347738,0.0,-0.357645,-0.610828,-0.356302,-0.149559,0.198352,0.135372,-0.315967,0.166359,0.264829,-0.132519,-0.185496,-0.42182,0.260465,-0.135366,0.0,0.423542,-0.268844,0.299983,-0.434214,0.201747,0.534341,-0.194309,-0.240567,-0.316065,-0.270435,-0.442134,0.363934,-0.385008,-0.374308,0.718098,-0.194309,-0.424388,-0.343121,-0.183092,0.416788,-0.609709,-0.386425,-0.274345,#
11,-0.391537,-0.380964,0.553092,0.142162,0.374707,0.400395,0.400395,0.0,0.400395,0.254327,0.696125,1.0,-0.498402,-0.380964,-0.495723,0.476066,0.323413,-0.30295,0.37227,0.000155,-0.066875,-0.331732,0.323104,-0.14067,0.14106,-0.252473,-0.255554,0.508687,0.042134,0.256527,-0.472922,-0.211044,-0.995972,0.000155,0.09621,0.141655,-0.134571,-0.318861,0.257375,0.323104,-0.307228,-0.238218,0.451391,-0.345886,-0.335644,0.65454,-0.258684,-0.364653,0.713351,0.532444,0.696125,-0.241483,0.0,-0.432781,-0.03664,0.296406,-0.292506,-0.168216,-0.23193,-0.20857,-0.30162,0.147359,0.049123,0.626518,-0.056297,-0.283972,0.0,-0.227363,-0.161365,-0.19331,0.910988,-0.271525,0.115413,-0.541285,-0.358785,0.292217,0.0,0.286088,0.115413,-0.441528,0.072667,0.284006,-0.38073,0.451804,-0.360241,0.232427,-0.302312,0.284006,0.20073,0.158159,-0.154865,0.25465,0.205179,-0.442451,-0.300556,-0.62836,-0.299599,0.072668,-0.407262,-0.472922,-0.052255,0.255049,0.14106,0.072667,-0.405788,0.205179,0.373863,0.531372,0.072668,0.453505,-0.508573,0.0,0.115413,0.14106,-0.683885,0.205179,0.109001,-0.249937,0.108369,0.397266,0.0,-0.38073,-0.180208,-0.334031,0.049123,-0.299599,0.226189,-0.090645,-0.29159,0.0,-0.207901,0.0,0.348883,0.346476,-0.415079,0.0,0.0,0.115413,-0.216749,-0.241002,0.0,-0.168177,0.14106,-0.020123,-0.448118,-0.29159,0.663115,-0.2897,-0.233086,0.115413,-0.162345,-0.370782,0.115413,0.0,0.231055,0.0,-0.164497,-0.266473,-0.273825,0.115413,0.255188,0.0,-0.241002,-0.442451,0.141904,-0.48919,0.158159,-0.19899,-0.581646,0.115413,0.517325,-0.096285,0.228161,-0.309421,0.517799,-0.442451,0.0,0.668054,-0.252934,-0.203544,-0.355294,-0.233218,0.803789,-0.224347,-0.224902,-0.210414,-0.25506,-0.323843,-0.125044,-0.295445,-0.660419,0.994744,-0.224347,-0.353376,-0.389229,0.228443,0.663157,-0.440956,-0.273825,0.19654,#
12,0.210594,0.198203,-0.049247,0.176772,-0.38393,0.096008,0.096008,0.0,0.096008,0.426197,-0.719154,-0.498402,1.0,0.198203,0.347876,-0.035544,-0.653219,0.06694,0.165169,-2.5e-05,0.342015,0.525905,0.225936,-0.417153,0.197097,-0.158859,0.423717,-0.115529,0.117413,-0.106144,0.047586,0.103893,0.508817,-2.5e-05,-0.666882,-0.327018,-0.156695,-0.154919,-0.122531,-0.180073,0.266281,0.119775,0.065815,0.087851,0.284865,-0.801589,0.445006,0.100607,-0.54895,-0.046113,-0.216052,0.452114,0.0,0.291281,-0.458434,0.235863,-0.331371,0.351271,-0.308965,0.344036,0.419195,0.0239,-0.579693,-0.106822,0.077548,0.543606,0.0,0.437128,0.238325,0.401588,-0.558816,0.218063,-0.218064,0.496599,0.196754,-0.230345,0.0,-0.531851,-0.218064,0.236631,-0.218064,-0.533783,0.385806,0.081522,0.196754,-0.531851,0.080386,-0.058658,0.020474,0.536774,0.331528,-0.42827,-0.327097,0.339236,0.244704,0.784193,0.547284,-0.218064,-0.082714,0.047586,0.218366,-0.428052,0.197097,0.48086,0.327,-0.327097,0.233811,-0.050346,-0.218064,-0.313705,0.39092,0.0,-0.218064,0.197097,0.233521,-0.327097,0.197097,-0.053472,0.246387,-0.173216,0.0,-0.082714,-0.013623,-0.207991,-0.579693,0.547284,-0.427368,-0.278858,0.127807,0.0,-0.728513,0.0,0.213896,-0.315523,-0.186018,0.0,0.0,-0.218064,0.239409,0.123155,0.0,0.332589,-0.327097,-0.349702,-0.069344,0.127807,-0.199482,0.707839,-0.221191,-0.218064,0.352892,-0.196876,-0.218064,0.0,-0.532114,0.0,0.30019,0.007218,0.072222,-0.218064,-0.427368,0.0,0.53464,0.339236,0.182027,-0.068353,-0.218064,-0.402477,0.167641,-0.218064,-0.066766,0.209631,0.533366,0.088928,-0.058103,-0.076255,0.0,-0.241848,-0.236325,-0.08183,0.090054,-0.017538,-0.344724,0.217788,0.321649,0.496244,0.326684,0.106458,-0.213754,0.533864,0.218064,-0.550006,0.217788,0.531987,-0.074767,0.535371,-0.251617,0.339236,0.072222,0.078647,#
13,0.178225,0.587704,-0.242669,-0.030459,-0.44746,0.381022,-0.421097,0.0,0.381022,0.013902,-0.513736,-0.380964,0.198203,1.0,0.399667,0.197255,-0.214209,0.407463,-0.21986,2.4e-05,-0.270158,0.442039,0.166224,-0.516177,-0.011714,-0.006419,0.304375,-0.242778,-0.415006,0.411287,-0.211321,-0.033168,0.343624,2.4e-05,-0.367981,-0.02128,-0.262758,0.002959,0.395715,-0.620738,0.348317,0.161145,-0.143894,0.032854,0.365622,-0.294272,0.644719,0.048211,-0.445672,-0.230791,-0.513736,0.285162,0.0,-0.224264,-0.356049,0.532521,0.019038,0.41437,0.402096,0.485369,0.004173,0.173031,0.202175,-0.393207,-0.190133,0.381022,0.0,0.632868,0.310521,-0.220875,-0.303263,0.48148,-0.333211,0.658131,-0.206973,-0.284426,0.0,-0.049859,-0.333211,0.588189,-0.333211,-0.413283,0.001077,-0.019654,0.59999,-0.025583,0.370413,-0.413283,-0.236432,-0.333211,-0.00199,-0.211321,-0.499817,0.825657,-0.178216,0.00781,0.417693,0.317592,0.421182,-0.211321,0.183619,0.223298,0.495912,0.317592,0.405922,-0.499817,-0.211913,-0.231881,0.317592,-0.053746,0.407316,0.0,-0.333211,0.495912,0.515173,-0.499817,-0.011715,0.61669,0.035315,-0.588664,0.0,0.001077,-0.201043,-0.191898,0.202175,-0.00819,-0.19387,0.432083,-0.369085,0.0,-0.000678,0.0,-0.621982,-0.292053,-0.214848,0.0,0.0,0.343624,0.409362,-0.402808,0.0,-0.148846,0.00781,-0.014005,0.393491,-0.369085,-0.063339,0.261001,0.462236,0.343624,0.444518,-0.233039,-0.333211,0.0,-0.452167,0.0,0.41361,0.273568,0.015449,0.343624,-0.653035,0.0,-0.019654,0.825657,0.496217,-0.028403,-0.333211,-0.370318,-0.038142,-0.333211,-0.266821,0.082644,0.197911,0.361905,0.180642,0.012744,0.0,-0.536241,0.465997,0.085636,0.810723,-0.24302,-0.539846,0.288722,0.033507,-0.224643,0.465997,0.393123,-0.357637,0.404785,0.00781,-0.426209,0.288722,0.313192,0.525394,-0.238088,-0.577318,-0.002731,0.015449,0.205978,#
14,0.803179,0.399667,-0.811221,0.077486,0.205211,-0.201306,-0.201306,0.0,-0.201306,0.190285,-0.659962,-0.495723,0.347876,0.399667,1.0,0.039046,-0.035582,-0.162965,-0.435366,-4.9e-05,-0.337104,-0.062544,-0.033115,-0.175448,0.096986,-0.302392,0.075031,-0.300982,-0.749295,-0.254063,-0.075838,-0.375196,0.428354,-4.9e-05,-0.341719,0.08706,0.158025,0.160388,-0.26976,-0.033115,0.53648,0.021229,-0.631354,-0.59526,0.984203,-0.601475,0.502124,-0.039511,-0.245278,-0.398435,-0.659962,0.034206,0.0,-0.045615,-0.474898,0.115725,-0.130109,-0.221546,0.388665,0.368503,-0.20738,0.785028,0.265896,-0.196226,0.028494,0.230018,0.0,0.066708,0.21653,-0.35109,-0.257178,-0.13318,-0.272099,0.356911,0.393883,-0.769652,0.0,-0.301285,-0.272099,0.80989,0.401413,-0.265667,-0.23141,-0.602343,0.003854,0.109382,0.206063,-0.265667,0.33031,-0.272099,-0.121405,-0.534392,-0.408148,0.175227,-0.005355,0.117191,0.242503,0.401413,-0.23141,-0.075838,-0.536561,-0.53412,0.096986,0.401413,0.163408,-0.408148,-0.416101,-0.393238,0.401413,-0.657458,0.599025,0.0,-0.272099,0.096986,0.132133,-0.408148,0.60212,0.046557,0.598626,-0.809601,0.0,-0.23141,-0.357438,0.003854,0.265896,0.242503,-0.533266,0.432349,0.203851,0.0,-0.135239,0.0,-0.035607,-0.486988,0.401791,0.0,0.0,-0.272099,0.179735,-0.1657,0.0,-0.276295,0.096986,-0.044388,0.139072,0.203851,-0.196181,0.092548,0.347732,-0.272099,-0.156765,0.373636,-0.272099,0.0,0.132873,0.0,0.317696,0.143807,-0.157531,-0.272099,-0.533266,0.0,-0.1657,0.175227,0.082511,0.568781,-0.272099,0.358746,0.069077,-0.272099,-0.429766,0.023215,-0.1019,0.217776,-0.422592,0.175227,0.0,-0.659247,0.373749,-0.064084,0.220437,0.072937,-0.660606,0.226765,0.362881,-0.417352,0.373749,0.241744,0.028441,-0.183445,0.117191,-0.513112,0.226765,0.63419,0.556441,-0.103648,-0.183526,0.575611,-0.157531,0.355352,#
15,-0.263764,-0.250209,0.076954,0.318363,-0.148813,0.361999,0.361999,0.0,0.361999,0.530197,0.213944,0.476066,-0.035544,0.197255,0.039046,1.0,0.177598,-0.097111,-0.249166,0.0,-0.507335,-0.188899,0.21861,-0.595297,-0.233084,-0.340393,-0.502032,-0.052633,-0.36323,0.086506,-0.51788,-0.348973,-0.508548,0.0,-0.282886,-0.243413,0.017138,0.150938,0.53667,0.21861,-0.329047,-0.241118,-0.191182,-0.477216,0.140483,0.201719,0.514368,-0.21462,0.394587,0.519283,0.213944,-0.011619,0.0,-0.292633,-0.220059,0.62015,-0.080499,0.189458,0.117025,0.203741,-0.67962,0.377296,-0.271931,0.283373,0.245254,-0.090333,0.0,0.052164,0.4983,-0.435075,0.297718,-0.493806,-0.508548,-0.06383,-0.256002,-0.387964,0.0,0.061814,-0.508548,0.155869,0.197769,0.074097,0.114959,0.372785,0.210768,0.51883,-0.135062,0.554248,-0.091719,0.254274,0.211196,-0.036991,-0.211895,0.074097,-0.212264,-0.190705,0.351596,0.197769,0.097423,-0.51788,-0.262855,-0.046041,0.317842,0.197769,-0.375078,-0.211895,-0.191821,0.525606,0.197769,0.359572,-0.405291,0.0,0.226021,0.317842,-0.22752,-0.211895,0.296653,-0.0,0.294931,-0.132522,0.0,-0.358516,0.05945,-0.239641,-0.271931,0.351596,0.0,0.201555,-0.141035,0.0,-0.353031,0.0,0.211731,-0.307106,-0.245024,0.0,0.0,0.226021,0.43281,-0.085124,0.0,0.04961,0.317842,0.2014,0.06888,-0.141035,0.737382,-0.133834,0.145039,0.226021,0.195974,-0.274696,-0.508548,0.0,0.083565,0.0,0.093752,-0.227397,-0.521748,0.226021,-0.498332,0.0,-0.085124,0.074097,0.318285,-0.416256,-0.508548,-0.341842,-0.160981,0.226021,0.016808,-0.539016,0.444729,-0.144432,0.007279,0.074097,0.0,0.190393,-0.428479,0.11953,-0.147484,-0.469898,0.278696,0.458834,-0.411498,-0.437192,0.724902,-0.589056,-0.236513,-0.110217,-0.211895,0.458834,0.458834,0.186655,0.407853,-0.024499,0.177011,-0.405066,-0.521748,-0.063631,#
16,-0.247059,-0.628922,-0.236078,0.011336,0.405168,-0.429376,-0.429974,0.0,-0.429376,-0.09413,0.481637,0.323413,-0.653219,-0.214209,-0.035582,0.177598,1.0,-0.394083,-0.551174,-9.1e-05,-0.56515,-0.290348,-0.631484,0.080532,-0.499256,0.499353,-0.563226,-0.080853,-0.105899,-0.398376,0.237701,-0.058007,-0.332837,-9.1e-05,0.521914,-0.035737,-0.159986,0.46145,0.018518,0.145421,-0.403089,-0.544869,-0.352235,-0.232721,0.015287,0.405612,-0.255819,-0.425592,0.417481,0.241932,0.027879,-0.223716,0.0,-0.250183,0.302585,-0.259634,0.382089,-0.545979,0.635691,-0.544186,-0.509501,0.197829,0.431826,0.331938,-0.208317,-0.8486,0.0,-0.677413,-0.399276,-0.603624,0.431826,-0.370987,-0.332837,-0.653347,0.216795,-0.258937,0.0,0.821545,-0.332837,0.15006,0.322751,0.83677,-0.008869,0.027769,-0.201506,0.350359,-0.022867,0.392374,0.247094,-0.332837,0.012637,0.237701,0.521949,-0.410009,-0.194368,-0.499256,-0.427498,0.297536,-0.008869,0.237701,-0.306063,0.245985,0.011347,-0.332837,-0.376659,0.521949,-0.15118,0.233983,0.297536,0.375644,-0.462584,0.0,0.322751,0.011347,-0.00324,0.521949,-0.007565,0.198224,-0.054827,0.272735,0.0,0.429349,0.219865,0.611046,0.431826,-0.014984,-0.207551,0.035316,0.374362,0.0,0.480925,0.0,0.216795,0.227898,0.157915,0.0,0.0,0.347966,-0.420653,0.41374,0.0,-0.439714,0.503038,0.696938,-0.060405,0.374362,0.463824,-0.980757,0.463824,-0.332837,-0.031094,0.572451,-0.332837,0.0,0.385767,0.0,0.031471,-0.479415,-0.364422,0.347966,0.271412,0.0,0.027769,-0.410009,-0.499001,-0.052814,0.373181,0.505204,0.036944,0.322751,0.235943,-0.468101,-0.216445,0.399598,-0.197708,0.392374,0.0,0.060256,0.011284,0.338323,-0.44141,-0.220406,0.154043,-0.367884,-0.485117,-0.458441,-0.028838,0.004381,0.531694,-0.802437,-0.007564,0.377871,-0.367884,-0.578446,0.248267,-0.653175,0.532865,0.019398,-0.364422,0.174439,#
17,0.013257,0.407463,0.360903,0.402529,-0.256849,0.135063,0.151061,0.0,0.135063,-0.241621,-0.400661,-0.30295,0.06694,0.407463,-0.162965,-0.097111,-0.394083,1.0,-0.019347,-9.4e-05,0.319164,0.189218,-0.029159,0.066051,0.381916,0.198586,-0.061238,-0.101642,-0.10355,0.639576,0.117358,0.188041,0.293582,-9.4e-05,-0.350312,-0.095265,-0.138054,0.212999,0.656305,-0.390771,0.212294,-0.009682,0.040213,0.367549,-0.219479,-0.240802,-0.097111,0.202188,-0.337008,-0.11654,0.066877,-0.038196,0.0,0.197506,-0.249807,-0.165285,0.209863,0.590526,0.001297,0.091261,-0.05625,-0.387237,0.199727,-0.235768,-0.357221,0.151061,0.0,0.337296,0.416627,0.364951,-0.324113,0.134534,0.267601,0.526253,0.013629,0.15589,0.0,-0.130087,0.267601,0.031626,-0.407897,-0.155356,0.268138,0.141082,0.818997,-0.105859,0.212055,-0.155356,-0.383859,-0.407897,0.102955,0.100349,-0.085736,0.655949,-0.388026,-0.085736,0.156666,-0.407897,0.687413,0.117358,0.326881,0.074959,0.381916,0.24162,0.236782,-0.085736,-0.060789,-0.106431,-0.407897,-0.203079,0.279332,0.0,0.293582,0.381916,0.421229,-0.085736,-0.124707,0.398413,-0.077115,-0.038651,0.0,0.268138,-0.06215,0.028675,0.199727,0.173014,0.542076,0.491254,-0.576114,0.0,0.165816,0.0,-0.41649,0.385612,0.063902,0.0,0.0,0.267601,0.52875,-0.22512,0.0,0.547017,-0.105222,-0.504944,0.327444,-0.576114,-0.387349,0.405748,0.15736,0.267601,0.138721,-0.341199,0.267601,0.0,-0.128908,0.0,-0.462333,0.611748,0.573663,0.267601,0.083818,0.0,0.157277,0.655949,0.382278,-0.144423,-0.407897,-0.335487,0.438115,0.293582,-0.078166,-0.194419,0.049625,0.204668,-0.108327,0.286183,0.0,0.084437,0.087848,-0.438215,0.599692,-0.505881,-0.01529,0.453667,-0.411848,0.403379,0.142106,0.17238,-0.474981,0.583966,0.440373,-0.287294,0.453667,-0.196262,0.307497,0.046124,-0.415984,-0.170801,0.573663,-0.328119,#
18,-0.178064,0.206507,0.66898,-0.04798,0.036224,0.39578,0.39578,0.0,0.39578,0.014609,0.068089,0.37227,0.165169,-0.21986,-0.435366,-0.249166,-0.551174,-0.019347,1.0,9e-05,0.736308,0.292158,0.58916,0.118026,0.494955,-0.310843,0.555207,0.588895,0.442442,0.410252,-0.194742,-0.047333,-0.33247,9e-05,-0.270803,0.036532,-0.231847,-0.803068,-0.033068,-0.181633,0.059623,0.189232,0.860235,0.161805,-0.389048,0.046571,-0.249166,-0.055236,-0.130923,0.212067,0.517938,0.235924,0.0,-0.114555,-0.207749,0.196947,-0.38414,0.033968,-0.60488,-0.007123,0.5452,-0.23564,-0.194245,0.003731,0.056869,0.39578,0.0,0.204028,-0.343819,0.626234,0.272441,0.405289,0.367467,0.190816,-0.205561,0.730565,0.0,-0.358997,0.367467,-0.615888,-0.33247,-0.373259,-0.426082,0.394074,-0.220888,-0.375136,0.027943,-0.420463,0.224017,0.292473,-0.010936,0.247109,0.026248,-0.017483,0.215855,-0.029997,-0.031022,-0.33247,-0.39505,-0.194742,0.39943,0.263958,-0.029997,0.292474,0.405739,0.026248,0.594635,0.213087,-0.33247,0.06195,-0.004436,0.0,-0.33247,-0.029997,-0.49845,0.026248,-0.029997,-0.18287,0.015272,0.18857,0.0,-0.379535,-0.193054,-0.567464,-0.194245,-0.455711,0.228374,-0.453853,-0.382481,0.0,-0.416588,0.0,0.17763,0.22778,-0.594587,0.0,0.0,-0.33247,-0.337376,-0.394593,0.0,0.147183,-0.498705,-0.525346,-0.3813,-0.382481,0.031921,0.579302,-0.453358,0.342469,0.017447,-0.555367,0.367467,0.0,-0.397231,0.0,0.063514,0.088072,0.407098,-0.33247,0.245333,0.0,-0.026664,-0.017483,0.477035,-0.374671,0.367467,-0.488036,-0.496149,-0.33247,0.222863,0.629214,0.173061,-0.391275,0.674212,-0.813828,0.0,0.480286,0.033561,-0.326236,0.004653,0.247394,0.470059,-0.405147,0.492228,0.482508,-0.579238,0.030493,-0.521882,0.373925,-0.498705,0.334185,-0.405147,0.051936,-0.783957,0.621879,-0.003729,-0.001748,0.407098,0.24772,#
19,-4.6e-05,2.4e-05,-5.1e-05,2.9e-05,4.8e-05,0.0,0.0,0.0,0.0,-5.1e-05,0.000116,0.000155,-2.5e-05,2.4e-05,-4.9e-05,0.0,-9.1e-05,-9.4e-05,9e-05,0.0,-0.000121,0.0,4.7e-05,5.6e-05,5.6e-05,-5.6e-05,5.7e-05,0.000114,-0.000862,2.3e-05,-4.9e-05,0.0,-1.4e-05,0.0,0.0,-1.5e-05,-6.1e-05,0.0,4.7e-05,4.7e-05,-5.3e-05,2.9e-05,5.2e-05,3.2e-05,-5.3e-05,0.000134,0.0,5.6e-05,0.0,-0.000101,0.000116,-5.2e-05,0.0,0.000154,0.0,5.8e-05,4.8e-05,-0.000355,-5.9e-05,5.8e-05,-0.001612,5.1e-05,8.3e-05,0.0,-0.000201,0.0,0.0,-5.1e-05,-0.000156,0.000101,8.3e-05,-0.000262,1.9e-05,-3.7e-05,-3.4e-05,-0.0012,0.0,-3.6e-05,3.1e-05,7.2e-05,1.5e-05,0.0,-6.9e-05,-7e-05,-3.4e-05,-3.6e-05,7.1e-05,0.0,3.8e-05,-1.4e-05,-8.5e-05,1.8e-05,2.1e-05,0.0,6.8e-05,2.1e-05,0.0,0.0,-6.9e-05,1.8e-05,0.000218,-3.7e-05,-2.2e-05,1.5e-05,-6.9e-05,2.1e-05,-7e-05,3.7e-05,0.0,3.6e-05,-1.9e-05,0.0,-1.4e-05,-2.2e-05,0.0,2.1e-05,-2.2e-05,-7.6e-05,2.4e-05,0.0,0.0,-6.9e-05,7.4e-05,-3.4e-05,8.3e-05,0.0,3.8e-05,-6.6e-05,-9.6e-05,0.0,-4.4e-05,0.0,-3.4e-05,-3.4e-05,7.1e-05,0.0,0.0,1.5e-05,0.000154,-7e-05,0.0,0.00011,-2.2e-05,0.0,1.8e-05,-9.6e-05,4.3e-05,7.5e-05,4.3e-05,0.0,8.6e-05,-7e-05,3.1e-05,0.0,-1.9e-05,0.0,0.0001,7.6e-05,0.0,1.5e-05,3.8e-05,0.0,-7e-05,0.0,0.0,4e-05,-1.4e-05,6.9e-05,-4.5e-05,-1.4e-05,8.5e-05,0.0,3.8e-05,3.6e-05,0.000173,0.0,0.0,0.0,0.0,-8.7e-05,0.000163,8.3e-05,0.0,0.0,-0.000114,8.7e-05,0.0,-7.3e-05,4.7e-05,0.000158,2.1e-05,0.0,0.0,8.7e-05,-9.3e-05,-4.6e-05,0.0,0.0,0.0,-2.1e-05,#
20,-0.102839,0.237952,0.60362,0.335201,0.123416,-0.058871,0.331494,0.0,-0.058871,0.030088,-0.273409,-0.066875,0.342015,-0.270158,-0.337104,-0.507335,-0.56515,0.319164,0.736308,-0.000121,1.0,0.294343,0.238553,0.335506,0.490466,0.042816,0.445643,0.142586,0.48186,0.167541,0.390982,0.259199,0.110105,-0.000121,-0.397943,-0.097815,-0.190447,-0.535226,0.040996,-0.206457,0.16617,0.078686,0.510117,0.294438,-0.36703,-0.341376,-0.529393,0.173627,-0.457847,0.039932,0.302998,0.078723,0.0,0.001148,-0.249932,-0.209398,-0.141648,0.172516,-0.421758,-0.345585,0.502957,-0.416287,-0.165691,-0.112546,-0.149144,0.310948,0.0,0.009536,-0.3154,0.960796,-0.165691,0.294627,0.34366,0.342177,0.261864,0.508962,0.0,-0.248437,0.34366,-0.597113,-0.490466,-0.276517,-0.061783,0.334861,0.118657,-0.399222,0.374361,-0.423527,0.117887,0.110105,0.14072,0.390982,0.365347,0.031502,0.12781,0.165157,-0.190697,-0.490466,-0.061783,0.390982,0.546122,-0.006302,-0.135128,0.310295,0.531885,0.365347,0.369188,0.049533,-0.490466,-0.087405,0.199594,0.0,0.14347,-0.135128,-0.272263,0.365347,-0.135128,0.087055,-0.076562,0.252857,0.0,0.083182,-0.072425,-0.201854,-0.165691,-0.169703,0.37926,-0.411853,-0.08798,0.0,-0.251741,0.0,0.261864,0.402304,-0.200181,0.0,0.0,-0.490466,-0.235886,-0.136579,0.0,0.332663,-0.735699,-0.606951,-0.028647,-0.08798,-0.259949,0.595741,-0.259949,0.110105,0.183863,-0.171702,0.34366,0.0,-0.281503,0.0,-0.253327,0.385337,0.820576,-0.490466,0.537704,0.0,0.334861,0.031502,0.310851,-0.283788,0.34366,-0.218728,0.191469,0.14347,0.221465,0.502887,-0.040807,0.011726,0.196138,-0.423527,0.0,0.304577,-0.157611,-0.451855,-0.033214,0.069125,0.219729,-0.311681,0.21887,0.870382,-0.491082,0.117511,-0.4005,0.322644,0.190181,-0.06498,-0.311681,-0.098323,-0.523646,0.49321,-0.131066,0.178511,0.820576,0.151424,#
21,-0.299845,0.011051,0.217251,-0.086659,-0.564902,0.059696,-0.375981,0.0,0.059696,-0.155944,-0.471094,-0.331732,0.525905,0.442039,-0.062544,-0.188899,-0.290348,0.189218,0.292158,0.0,0.294343,1.0,-0.128439,-0.265219,-0.06633,0.419609,0.428787,0.24298,0.410598,0.216633,0.202642,0.027649,0.368501,0.0,-0.391294,-0.596828,-0.764465,-0.086706,0.199846,-0.860026,-0.144627,-0.230208,0.448274,0.520027,-0.125814,-0.499774,0.317831,-0.362479,-0.74875,0.293529,0.038197,0.866051,0.0,0.211264,-0.248297,0.137939,0.182692,0.096243,0.126872,0.062578,0.496398,-0.329191,-0.176729,-0.356405,-0.102951,0.096002,0.0,0.306077,-0.316987,0.312846,-0.352847,0.605622,-0.397981,0.529003,0.138583,0.294814,0.0,-0.063442,-0.397981,0.157394,-0.397981,-0.089687,0.245498,0.493117,0.421774,-0.628075,0.254918,-0.219579,0.173601,0.13266,0.599135,0.048248,-0.04422,0.683478,0.362025,0.375871,0.530211,-0.397981,0.245498,0.202642,0.448089,0.50935,0.464311,0.309541,0.702947,-0.04422,0.44034,0.278059,-0.397981,0.120375,-0.016349,0.0,-0.397981,0.464311,0.509535,-0.04422,-0.06633,0.471167,-0.014891,0.035602,0.0,0.373583,0.326488,0.138583,-0.176729,0.196317,-0.419985,-0.416764,-0.158429,0.0,-0.255172,0.0,-0.006025,0.005934,-0.69785,0.0,0.0,0.309541,-0.264194,0.223587,0.0,0.275811,-0.06633,0.021808,-0.145307,-0.158429,0.06486,0.37771,0.247994,0.13266,0.638079,-0.248754,-0.397981,0.0,-0.971141,0.0,0.650464,-0.305549,0.239275,0.309541,-0.27999,0.0,0.640134,0.683478,0.327693,-0.487166,0.339021,-0.643861,-0.073989,-0.397981,-0.047604,0.170691,0.487419,0.359498,0.310776,-0.071131,0.0,0.022544,0.237473,0.261537,0.231434,-0.116799,-0.085093,-0.331828,0.189724,0.472705,0.046908,0.395359,-0.396917,0.539018,-0.02211,-0.362968,-0.331828,-0.001281,-0.152769,0.034308,-0.372334,0.392768,0.239275,0.202944,#
22,0.18438,0.575129,0.277281,-0.034078,-0.037289,0.814173,0.432004,0.0,0.814173,0.481648,0.016949,0.323104,0.225936,0.166224,-0.033115,0.21861,-0.631484,-0.029159,0.58916,4.7e-05,0.238553,-0.128439,1.0,-0.390893,0.487962,-0.802537,0.551906,0.120828,-0.111747,0.401581,-0.654104,0.043404,-0.333053,4.7e-05,-0.338343,0.488224,0.251044,-0.804477,-0.024673,0.219509,0.464151,0.64288,0.404237,-0.241662,0.035081,0.132294,0.21861,0.386455,0.19144,-0.206303,0.016949,-0.195358,0.0,-0.397375,-0.299239,0.728449,-0.787485,0.476572,-0.64172,0.505702,0.281546,0.183428,-0.29445,0.157222,0.088618,0.814173,0.0,0.650454,0.337726,0.188014,0.226112,0.302745,0.338217,0.200138,-0.624607,0.121004,0.0,-0.465047,0.338217,-0.260615,-0.333053,-0.815256,-0.382731,0.010372,-0.21301,-0.03167,-0.066794,-0.37648,-0.239555,0.364035,-0.482384,-0.214654,-0.49958,-0.009028,-0.168834,0.023236,0.022112,0.312399,-0.398756,-0.654104,0.260036,-0.206258,-0.015491,0.312399,-0.020387,-0.49958,0.195607,-0.199522,0.312399,-0.022545,0.34803,0.0,-0.333053,-0.015491,-0.499325,-0.49958,-0.015491,-0.284716,0.031175,-0.222775,0.0,-0.815406,-0.615326,-0.998386,-0.29445,-0.400269,0.207455,0.040217,-0.392073,0.0,-0.569385,0.0,-0.19718,-0.207191,-0.268508,0.0,0.0,-0.333053,0.356754,-0.788083,0.0,-0.180064,-0.49958,-0.55474,-0.042966,-0.392073,-0.029181,0.616224,-0.570482,0.338217,-0.043224,-0.658403,0.338217,0.0,-0.057655,0.0,-0.051276,0.415016,-0.041009,-0.333053,-0.247934,0.0,-0.408079,-0.009028,0.488266,-0.034132,-0.333053,-0.399394,-0.497019,-0.333053,0.168299,0.592097,0.234098,-0.484591,0.616737,-0.815256,0.0,-0.04689,-0.087298,-0.402257,0.360238,0.179434,0.032559,0.244589,0.415975,-0.014022,-0.068041,-0.081212,-0.351455,0.381312,-0.49958,0.244589,0.244589,0.49196,-0.360045,0.66491,-0.068041,-0.431553,-0.041009,0.199238,#
