0,1.0,0.567225,-0.55479,-0.666256,0.062532,-0.015071,0.00632,-0.271998,0.14326,-0.080856,-0.140087,-0.154296,0.092356,0.322317,0.7842,0.126648,-0.042615,0.174309,-0.208797,-0.271998,-0.354409,-0.371264,-0.186896,-0.087034,0.434151,-0.456984,0.119763,-0.270816,-0.579973,0.434151,-0.561788,0.281741,0.407997,-0.407997,0.342906,0.339427,0.342906,-0.186535,-0.407997,0.218162,0.226091,0.105666,-0.395217,0.154517,0.613806,-0.100528,0.209852,0.11761,-0.133071,-0.605916,-0.370098,-0.229003,0.0,-0.025341,0.215672,0.13361,0.009325,-0.205993,-0.138172,0.3685,0.281069,0.56054,0.513905,-0.484991,-0.400387,0.065251,0.0,0.065251,0.270242,-0.55964,0.233459,0.014989,-0.065891,-0.089032,0.154757,-0.096937,-0.271998,-0.649594,0.105505,0.354732,0.087383,-0.426119,-0.089032,-0.815994,-0.089032,-0.070292,-0.04668,-0.267308,-0.267308,-0.407997,-0.182031,-0.534193,-0.407997,0.407997,-0.174266,-0.24386,-0.013746,0.03761,-0.403209,-0.249846,-0.50987,-0.271998,-0.407789,0.0,-0.24386,-0.407997,-0.270344,-0.426119,0.381843,-0.492433,0.601359,0.0,-0.407997,-0.407997,-0.080592,-0.666256,-0.097541,-0.04668,0.037882,-0.467106,0.0,-0.089032,-0.373696,-0.004633,0.434485,-0.182031,-0.264656,0.502199,-0.481622,-0.271998,0.317289,-0.407997,-0.818353,-0.159919,0.479677,-0.271998,0.0,-0.407789,0.24504,-0.373696,0.0,-0.310222,0.407997,-0.384503,-0.219351,-0.481622,-0.243253,0.16753,-0.179846,0.0,-0.422527,0.186991,0.434151,-0.407997,0.17629,-0.271998,0.001789,0.364594,-0.368438,-0.271998,-0.60259,-0.271998,-0.582974,-0.089032,-0.407997,0.484046,-0.407997,0.67705,0.055351,-0.533922,-0.415168,0.105666,-0.271998,-0.226728,0.121549,-0.013746,0.0,-0.189594,0.629236,-0.377219,0.355529,0.404831,-0.442092,0.500286,0.357689,-0.375588,0.376527,0.026775,0.195189,0.147397,-0.249846,0.035942,0.647349,0.300917,0.194493,-0.120084,-0.504103,0.063174,-0.013524,-0.30226,#
1,0.567225,1.0,-0.571175,-0.23383,-0.384316,0.408721,-0.404494,-0.271998,0.12741,-0.080856,-0.100213,-0.11479,0.092356,0.322317,0.345005,-0.277284,-0.443831,0.158746,-0.225674,-0.271998,0.126121,0.093453,0.242757,-0.065483,0.407997,-0.456984,0.568872,-0.252059,-0.079344,0.407997,-0.215706,0.265205,0.407997,-0.407997,-0.356484,0.322317,0.370924,-0.149946,0.121615,0.250769,0.673318,0.591398,0.025494,0.139847,0.145801,-0.140886,-0.192519,0.678894,-0.134063,-0.55822,-0.335806,-0.551543,0.0,-0.127492,0.241114,0.13361,-0.394758,0.374615,-0.079438,0.408375,0.46895,0.078172,0.532911,-0.230911,-0.258883,0.524886,0.0,0.524886,0.323016,-0.155306,-0.258792,0.075518,0.366936,-0.089032,-0.24386,0.0954,-0.271998,-0.227625,0.631842,-0.04668,-0.407789,-0.815582,-0.089032,-0.815994,-0.089032,-0.471704,0.370171,-0.665926,-0.665926,-0.407997,-0.578766,-0.534193,-0.407997,0.407997,-0.158868,0.170089,-0.403209,0.03761,0.001234,-0.249846,0.204825,-0.271998,0.106428,0.0,0.170089,-0.407997,-0.284957,-0.815582,0.381843,-0.492433,0.584097,0.0,-0.407997,-0.407997,0.36402,-0.666256,-0.080758,0.370171,-0.40407,-0.479769,0.0,-0.089032,-0.797219,0.010513,0.456387,-0.578766,0.145858,0.521052,-0.435312,-0.271998,-0.19839,-0.407997,-0.80194,-0.178391,0.480678,-0.271998,0.0,0.106428,0.374378,-0.797219,0.0,-0.308799,-0.271998,-0.329543,0.202619,-0.435312,-0.649594,0.591779,-0.160809,0.0,-0.422527,-0.219351,0.407997,-0.407997,-0.252726,0.434151,-0.405212,0.346037,0.061989,-0.271998,-0.198124,0.43415,-0.582974,-0.089032,-0.407997,0.513898,-0.407997,0.176459,0.055351,-0.08931,0.064039,0.086984,-0.271998,-0.226728,0.133135,-0.403209,0.0,-0.600653,0.657354,-0.352983,0.799689,-0.118992,-0.801409,0.530424,0.39196,-0.391013,-0.025129,0.466084,0.233213,0.594635,-0.249846,0.06608,0.220769,0.34481,0.23776,-0.135257,-0.458824,-0.349885,-0.027761,0.112989,#
2,-0.55479,-0.571175,1.0,0.281027,0.388495,0.014857,0.444991,0.288756,0.28485,0.065508,0.10576,0.121241,-0.098776,-0.326556,-0.799825,-0.136854,0.01018,0.276983,0.640656,0.288756,0.359427,-0.106075,0.197252,0.107859,0.288756,0.444663,-0.142277,0.275356,0.318454,0.288756,0.222747,0.134792,-0.407352,0.433134,0.352052,0.128832,-0.285339,-0.249656,-0.088947,-0.217607,-0.193846,-0.075286,0.372961,0.216268,-0.621935,0.327436,-0.209309,-0.07627,0.187287,0.159978,0.357182,0.207037,0.0,0.064292,-0.234598,-0.160634,-0.021095,0.190347,-0.422952,-0.354805,-0.112604,-0.620303,-0.53326,0.47752,-0.128515,-0.053753,0.0,-0.053753,-0.238718,0.675163,0.2427,0.347782,0.123203,0.111396,-0.181184,0.286685,0.288756,0.223663,-0.104708,-0.346286,-0.073993,0.420233,0.094518,0.804391,0.111396,0.08881,-0.39463,0.282888,0.250883,0.413797,0.160508,0.516471,0.375125,-0.407352,-0.25786,-0.149179,0.029359,-0.041273,0.044994,0.233663,0.433518,0.21141,-0.073993,0.0,-0.181184,0.375125,0.641041,0.404598,-0.407352,0.45761,-0.125708,0.0,0.433134,0.433134,-0.335545,0.65994,-0.326614,-0.39463,-0.023459,0.794666,0.0,0.060761,0.361771,-0.414882,-0.447073,0.208288,0.286654,-0.467325,-0.098684,0.288756,0.157166,0.433134,0.379565,0.652432,-0.4697,0.288756,0.0,-0.073993,-0.160312,0.361771,0.0,0.31984,-0.407352,-0.365013,-0.167838,-0.098684,0.207351,-0.17563,-0.33802,0.0,0.395893,-0.216775,0.288756,0.433134,0.257074,-0.407352,-0.047176,0.15697,0.362625,0.288756,0.596722,-0.407352,0.571527,0.111396,0.433134,-0.476726,0.375125,-0.3694,-0.041273,0.128527,0.375782,0.366707,0.262974,0.207347,0.256255,0.044994,0.0,0.58971,-0.682296,-0.298215,-0.359566,0.08415,0.801034,-0.510117,-0.415916,0.789533,-0.384574,-0.058654,-0.24961,-0.152267,0.281027,-0.087587,-0.218875,-0.611063,-0.614787,0.546371,0.460897,-0.084569,0.390842,-0.135033,#
3,-0.666256,-0.23383,0.281027,1.0,0.096304,-0.0,-0.009486,0.408248,-0.237898,-0.174369,-0.10178,-0.077568,-0.408158,-0.071904,-0.53439,-0.245742,0.003088,0.174417,-0.272857,0.408248,0.146171,0.059704,0.257583,0.345033,-0.272166,0.386052,-0.362838,0.086333,0.147445,-0.272166,0.628828,-0.54601,-0.272166,0.612372,-0.442968,-0.071904,0.257931,0.671941,0.612372,-0.150456,0.261342,0.143865,0.009341,-0.538532,-0.30439,0.05727,-0.161048,0.25161,0.330204,0.257594,0.100998,-0.116186,0.0,0.158431,-0.422601,-0.405391,0.024882,0.428268,0.416389,-0.082207,-0.703857,-0.367198,-0.380363,0.450808,0.506944,0.098657,0.0,0.098657,0.217602,0.373323,-0.477527,-0.209964,0.350479,0.356348,-0.244011,-0.32025,0.408248,0.703164,0.117459,0.037803,0.116583,0.421797,-0.089087,0.408248,0.356348,0.463089,0.014176,0.178315,0.178315,0.102062,-0.158792,0.356348,0.102062,-0.272166,-0.174373,0.154853,0.00917,0.147693,0.8115,0.166667,0.27071,-0.272166,0.61206,0.0,0.154853,0.102062,-0.237611,0.00917,-0.272166,0.037652,-0.213315,0.0,0.612372,0.612372,0.347767,0.583333,0.364722,0.014176,0.164255,0.037652,0.0,-0.089087,0.099714,-0.004636,-0.201615,0.261539,0.612349,0.105639,0.2871,0.408248,-0.035151,0.612372,0.537532,0.096116,0.140568,0.408248,0.0,0.61206,0.271275,0.099714,0.0,0.40724,-0.272166,0.257931,0.703164,0.2871,-0.133936,-0.242764,0.448661,0.0,0.120962,-0.133936,-0.272166,0.612372,0.32168,0.408248,-0.360709,0.036782,0.551053,0.408248,0.688838,0.408248,0.25,0.356348,0.612372,0.138068,0.102062,-0.548843,0.147693,0.801376,0.14634,-0.342166,-0.272166,0.284268,-0.646694,0.421797,0.0,-0.126745,-0.563556,0.126102,0.041734,-0.639329,0.200809,-0.313625,-0.567981,0.110354,-0.385828,0.128996,-0.234484,-0.210119,0.583333,-0.313625,-0.559007,-0.133226,0.289445,-0.022557,0.36648,-0.106975,0.018518,0.21873,#
4,0.062532,-0.384316,0.388495,0.096304,1.0,-0.276396,0.174293,0.19377,0.084768,-0.127167,0.154459,0.207295,-0.762275,-0.040841,-0.091126,0.041171,0.667118,0.109459,0.155592,0.249936,-0.281483,-0.609266,-0.122522,0.26434,0.221853,0.298869,-0.431882,0.113791,-0.396572,0.221853,0.007471,-0.09902,-0.508297,0.33278,0.681895,0.436818,-0.099166,-0.094754,-0.214832,-0.146392,-0.055853,-0.322083,-0.203123,-0.332615,0.133362,0.585938,-0.133935,-0.401665,0.400018,-0.07708,0.060096,-0.090778,0.0,-0.341396,-0.280438,-0.17862,0.229716,-0.416577,0.196846,-0.391641,-0.475296,0.295779,0.096547,0.309615,-0.312352,-0.461453,0.0,-0.461453,-0.335614,-0.189151,0.599168,0.106156,-0.04848,-0.042284,0.09093,-0.152005,0.19377,0.377676,-0.231294,0.174943,0.333813,0.66617,-0.52028,0.244319,-0.0239,0.631316,-0.221946,0.056068,0.544126,-0.193771,-0.103801,0.47248,0.353842,-0.508297,-0.542296,-0.808685,-0.236438,0.289166,-0.195754,0.096303,-0.277268,0.249936,-0.220738,0.0,-0.338058,0.353842,0.083359,0.206351,0.19377,0.191727,0.071939,0.0,0.353842,0.33278,-0.529723,0.560624,-0.032014,-0.221946,0.334792,0.205324,0.0,-0.0239,0.054016,-0.204526,0.256149,-0.103801,0.084676,0.062208,-0.130873,0.19377,0.735304,0.33278,0.073192,0.568414,-0.02138,0.19377,0.0,-0.177432,-0.306176,0.054016,0.0,-0.3056,0.19377,-0.070238,-0.102069,-0.130873,0.352998,-0.82009,0.209345,0.0,0.040252,0.317461,0.221853,0.33278,0.778294,-0.508297,0.056909,0.281232,0.08315,0.249936,0.397535,-0.508297,-0.06191,-0.042284,0.33278,-0.00926,0.374904,0.388354,-0.164204,-0.005513,0.067716,0.219536,-0.508297,0.356377,0.08946,0.206351,0.0,0.351794,-0.132177,-0.328962,-0.246104,0.18332,0.58473,-0.486248,-0.337051,0.063765,-0.259433,0.043657,-0.088613,-0.808687,0.096303,0.031521,-0.131306,-0.586916,-0.157403,-0.042709,0.50257,0.165469,0.251459,0.13079,#
5,-0.015071,0.408721,0.014857,-0.0,-0.276396,1.0,0.21007,0.307329,0.396981,0.300931,0.500977,0.021168,0.028987,-0.250671,-0.240182,0.009128,-0.634085,-0.419107,0.014756,-0.33294,0.313462,0.166672,0.803762,-0.296266,0.33294,-0.513522,0.626477,0.259966,-0.083248,0.33294,-0.469795,0.016192,-0.33294,-0.019208,-0.184673,0.184942,0.527636,-0.256431,0.019208,0.4404,0.543724,0.774943,0.60185,-0.182752,-0.361344,0.428734,-0.021823,0.528492,0.416561,-0.360046,-0.171704,-0.388124,0.0,-0.217374,0.340173,0.491856,-0.996846,0.461816,-0.458682,0.500977,0.301728,-0.018985,-0.110955,0.524304,0.074962,0.643447,0.0,0.643447,0.274968,-0.071723,-0.187911,0.09032,0.65307,-0.234726,-0.815128,0.218482,0.307329,-0.061216,0.518902,-0.26057,-0.499155,-0.610033,-0.201194,-0.199764,-0.65388,-0.26057,-0.252567,0.011481,-0.41772,0.019208,-0.399926,-0.65388,-0.499409,-0.33294,0.015078,0.416837,-0.190689,0.45863,-0.213986,-0.423449,0.254739,-0.33294,0.498058,0.0,-0.012364,-0.499409,0.39531,-0.190689,0.307329,0.148809,0.152131,0.0,-0.499409,-0.019208,0.20868,-0.423449,-0.209789,-0.252567,-0.494603,0.161209,0.0,-0.65388,-0.646492,-0.597606,-0.320873,-0.399926,0.388381,0.34224,-0.370506,0.307329,-0.609718,-0.019208,-0.205163,-0.335939,0.149911,0.307329,0.0,0.004388,0.431013,-0.646492,0.0,-0.193696,-0.33294,-0.158291,-0.061216,-0.370506,-0.442018,0.432442,-0.57352,0.0,-0.273181,-0.474426,0.33294,-0.019208,-0.077968,0.35855,-0.271541,-0.192098,-0.260697,-0.33294,-0.035763,0.35855,-0.407766,-0.234726,-0.019208,0.18189,-0.499409,-0.40529,-0.49685,-0.218166,0.197025,0.280999,0.35855,-0.481492,0.389877,-0.610033,0.0,-0.025841,-0.024476,-0.233136,0.180652,-0.113989,-0.13553,0.203305,-0.027345,-0.245446,-0.234983,0.135952,0.484049,0.417193,-0.423449,0.203305,-0.039194,0.482361,-0.027237,0.645268,0.279171,-0.551819,-0.634303,-0.051205,#
6,0.00632,-0.404494,0.444991,-0.009486,0.174293,0.21007,1.0,0.312399,0.030391,0.216158,0.481118,-0.002207,0.033093,-0.653643,-0.237057,0.430221,-0.220768,-0.001359,0.021183,-0.333053,0.195292,-0.283119,0.002836,0.058915,0.338217,-0.158859,-0.243336,0.220125,-0.334753,0.338217,-0.382855,0.074083,-0.333053,-0.015491,0.360314,-0.214503,0.360314,0.047452,0.003873,0.421251,-0.308635,-0.147981,0.183789,0.053178,-0.35805,0.312444,-0.012527,-0.118318,0.313531,-0.012575,0.204072,-0.075743,0.0,0.157757,0.338967,-0.032156,-0.19939,-0.036453,-0.523058,-0.020944,-0.074928,-0.036135,-0.230924,0.306366,-0.067783,-0.213444,0.0,-0.213444,0.247607,0.042571,0.191903,-0.325225,0.219035,-0.231556,-0.020387,0.208099,0.312399,-0.384429,-0.011377,-0.210144,-0.029307,0.169531,0.241697,0.209127,-0.214654,0.209427,-0.575027,0.812913,-0.036412,0.023236,0.397581,-0.214654,0.003873,-0.333053,-0.005722,0.017895,0.185188,0.028371,-0.200149,-0.009486,-0.358709,-0.333053,-0.001659,0.0,-0.414781,0.003873,0.404821,0.59227,-0.333053,0.263059,-0.238671,0.0,0.003873,-0.015491,-0.22347,-0.009486,-0.239555,-0.575027,-0.07527,0.588088,0.0,-0.214654,0.204788,-0.21301,-0.459179,0.397581,0.40607,0.226977,-0.366017,0.312399,-0.023564,-0.015491,0.218643,0.073984,0.221155,0.312399,0.0,-0.499325,0.334933,0.204788,0.0,0.435482,0.312399,-0.331166,-0.384429,-0.366017,0.033942,0.008462,-0.497574,0.0,-0.174702,0.001271,0.338217,-0.015491,0.409827,-0.333053,-0.26204,-0.151259,-0.242378,-0.333053,-0.018477,-0.333053,0.009486,-0.231556,-0.015491,-0.249068,-0.49958,0.01359,0.049387,-0.206258,-0.207484,-0.147981,0.364035,-0.392357,0.009254,0.169531,0.0,0.800747,-0.433642,-0.423746,-0.609095,-0.06767,0.609307,0.226659,-0.522131,0.209747,0.219195,-0.66764,0.244123,-0.003986,-0.009486,0.226659,0.42849,0.008787,-0.008847,0.65552,0.319341,-0.156738,-0.220641,-0.809517,#
7,-0.271998,-0.271998,0.288756,0.408248,0.19377,0.307329,0.312399,1.0,-0.27194,-0.215072,0.134244,-0.66501,-0.16663,-0.218064,-0.218164,-0.271931,-0.332837,-0.272106,-0.271442,-0.111111,0.326637,0.349363,0.241474,0.281718,-0.111111,0.471285,0.19841,0.303417,-0.441426,-0.111111,0.295615,-0.405287,-0.111111,0.666667,0.28843,-0.218064,0.28843,0.396238,-0.166667,-0.407746,0.362462,0.336523,0.327977,-0.315068,-0.267652,0.010391,0.24984,0.029348,0.029489,-0.407825,-0.508532,0.308312,0.0,0.095976,0.087302,-0.1655,-0.332675,0.056705,0.208978,0.134244,-0.287347,-0.158145,-0.496904,0.132344,0.256236,0.186105,0.0,0.186105,-0.122678,0.200036,-0.493013,0.281642,0.518497,0.509175,-0.272031,-0.130741,1.0,0.29683,-0.166571,0.362678,-0.166582,0.340652,-0.218218,0.333333,-0.218218,0.362678,-0.331811,0.417625,0.417625,-0.166667,0.278373,-0.218218,-0.166667,-0.111111,0.28475,0.417625,0.340652,0.738619,0.340652,0.408248,-0.0349,-0.111111,0.690124,0.0,0.417625,-0.166667,0.426819,0.340652,-0.111111,0.361229,0.142087,0.0,-0.166667,0.666667,0.522634,0.408248,-0.218103,-0.331811,-0.165063,0.361229,0.0,-0.218218,0.223894,-0.333075,-0.636999,0.278373,0.436991,0.304968,0.179998,1.0,0.200904,0.666667,0.229701,-0.269069,0.259302,1.0,0.0,-0.166582,0.195938,0.223894,0.0,0.181369,-0.111111,0.28843,0.29683,0.179998,-0.406188,-0.27197,0.195059,0.0,0.234568,0.29683,-0.111111,0.666667,0.310405,-0.111111,0.209013,-0.322852,0.235286,-0.111111,0.290914,-0.111111,0.272166,0.509175,0.666667,0.244253,-0.166667,-0.394961,-0.165812,-0.218107,-0.491732,0.336523,-0.111111,0.290129,-0.264012,0.340652,0.0,0.293212,-0.407048,0.187755,-0.323724,0.054948,0.237459,-0.507406,-0.663277,0.229354,-0.332528,0.25278,0.442741,-0.257343,0.408248,-0.507406,-0.407205,0.295257,0.293226,0.612383,0.149615,0.393052,-0.332647,-0.270066,#
8,0.14326,0.12741,0.28485,-0.237898,0.084768,0.396981,0.030391,-0.27194,1.0,0.429646,-0.114733,0.408925,0.126413,0.348634,-0.115755,0.167692,-0.018808,0.166862,0.576002,0.427334,-0.367504,-0.495228,0.672096,-0.618902,0.401435,-0.447256,0.056067,-0.048935,0.173046,0.401435,-0.549428,0.252547,-0.27194,0.116546,0.163807,0.78915,0.163807,-0.624493,-0.407909,0.238823,0.209854,0.447703,-0.014519,-0.001211,0.151512,0.427505,0.279224,0.355724,0.45709,-0.126448,0.122699,-0.124381,0.0,-0.118178,-0.413287,0.593833,-0.382686,0.43397,-0.644512,0.428388,0.070701,0.052221,-0.311277,0.453084,-0.073509,0.542242,0.0,0.542242,0.34955,-0.0692,0.462296,0.389608,-0.087506,-0.076297,-0.665783,-0.114279,-0.27194,-0.210296,0.08177,-0.037772,0.131463,-0.391343,-0.076297,0.023309,-0.076297,-0.037772,-0.474846,-0.231751,-0.231751,0.641,-0.566643,-0.076297,-0.407909,-0.27194,-0.562374,-0.231751,0.032721,0.033379,-0.391343,-0.666113,0.277943,-0.27194,-0.407701,0.0,-0.665783,-0.407909,0.15104,-0.391343,0.375536,-0.060014,0.359503,0.0,0.116546,0.116546,-0.533807,-0.237898,-0.058659,-0.474846,0.18035,-0.047474,0.0,-0.534079,-0.323089,-0.815187,-0.110942,-0.134661,-0.283094,-0.316294,-0.3215,-0.27194,-0.191776,0.116546,-0.315511,0.16986,-0.454298,-0.27194,0.0,0.131463,0.214457,-0.323089,0.0,-0.263517,-0.27194,-0.52984,-0.210296,-0.3215,0.232145,0.160633,-0.6637,0.0,0.053237,-0.652737,0.401435,0.116546,0.191085,-0.27194,0.052041,0.490026,-0.374761,0.427333,-0.181277,-0.27194,-0.142739,-0.076297,0.116546,0.041605,0.116546,-0.179698,-0.405819,-0.067625,0.485789,0.447703,0.427333,-0.217758,0.548112,-0.391343,0.0,-0.196995,-0.233073,-0.307053,0.371328,0.406013,0.11597,0.023765,0.358857,0.0821,-0.043854,0.016694,-0.333305,0.139963,-0.237898,0.023765,0.197654,-0.042863,-0.639107,0.295678,0.195128,-0.537208,-0.019384,0.187835,#
9,-0.080856,-0.080856,0.065508,-0.174369,-0.127167,0.300931,0.216158,-0.215072,0.429646,1.0,0.323459,0.308208,0.302307,0.054267,0.066833,0.803757,0.124974,-0.171037,-0.054175,-0.215072,-0.223138,-0.275473,0.169393,-0.880362,-0.215072,-0.326718,0.016524,-0.549039,-0.055798,-0.215072,-0.420352,0.550985,-0.215072,-0.322607,0.060286,0.054267,0.060286,-0.467,0.10905,0.527592,-0.291349,-0.006405,-0.17682,0.046157,0.003127,0.259498,0.181754,0.225832,0.171928,0.065801,-0.067821,-0.295482,0.0,-0.606016,0.201854,0.847961,-0.288773,0.297847,-0.291922,-0.107006,0.131435,0.231021,-0.148169,0.33848,-0.285874,0.041423,0.0,0.041423,0.256144,-0.24385,0.316869,-0.099151,-0.42229,-0.422392,-0.169321,-0.235248,-0.215072,-0.022786,-0.322422,-0.24782,-0.322443,-0.295859,0.489816,0.190838,-0.04561,0.111918,0.111918,0.338328,-0.526555,0.290801,0.071005,-0.04561,0.10905,-0.215072,-0.279679,-0.018906,-0.148899,0.192737,-0.295859,-0.174369,0.16397,-0.215072,-0.322443,0.0,-0.526555,0.10905,-0.011636,0.200131,0.542223,0.594444,-0.143575,0.0,0.10905,-0.322607,-0.422178,-0.174369,-0.422169,0.111918,-0.319502,0.227762,0.0,-0.04561,-0.066033,-0.291814,-0.295421,0.071005,-0.158739,-0.152931,0.258257,-0.215072,-0.342714,-0.322607,-0.058597,-0.172385,-0.148223,-0.215072,0.0,-0.322443,0.287527,-0.066033,0.0,-0.390623,-0.215072,0.060286,-0.022786,0.258257,0.494698,-0.017468,-0.350068,0.0,0.369896,-0.022786,-0.215072,-0.322607,-0.007812,-0.215072,0.003108,0.024972,-0.5979,-0.215072,-0.426692,-0.215072,0.063069,-0.422392,-0.322607,-0.533741,-0.322607,0.133146,0.147532,-0.038482,0.374989,-0.006405,0.602806,-0.030057,0.410022,-0.295859,0.0,0.036207,-0.365725,-0.011393,-0.220174,-0.14531,-0.044391,0.386941,-0.173917,-0.058508,0.619561,-0.54787,0.290991,-0.053788,-0.174369,0.386941,0.503713,0.033469,-0.007517,0.089501,0.140042,-0.62248,-0.291439,-0.107115,#
10,-0.140087,-0.100213,0.10576,-0.10178,0.154459,0.500977,0.481118,0.134244,-0.114733,0.323459,1.0,0.383511,-0.337705,-0.802132,-0.273163,0.389302,-0.027998,-0.620058,-0.033738,-0.664825,0.348021,-0.001402,0.088435,0.0,0.166206,-0.339635,0.211414,0.341371,-0.170846,0.166206,-0.426532,0.097156,-0.664825,-0.397936,0.075596,-0.258477,0.075596,-0.249887,0.273282,0.612937,-0.213412,-0.129866,0.536976,-0.139237,-0.501561,0.674966,-0.469047,-0.234912,0.412751,0.133402,0.249873,-0.457401,0.0,-0.508484,0.68501,0.2425,-0.529485,-0.283283,-0.219288,-0.291835,0.227778,0.213816,0.326979,0.519429,-0.233037,-0.337515,0.0,-0.337515,-0.247273,-0.25721,0.299032,-0.421298,0.325529,-0.782578,-0.107792,0.487047,0.134244,0.084039,0.273851,-0.598008,-0.414847,-0.023906,-0.196691,0.019178,-0.761653,-0.07858,-0.000888,0.388182,-0.127631,-0.349992,0.098068,-0.196691,0.273282,-0.664825,0.112021,-0.090157,-0.527873,0.200333,-0.510643,-0.10178,-0.161971,0.198169,0.247813,0.0,-0.090157,0.273282,0.426384,0.499444,0.134244,0.498781,-0.519751,0.0,-0.373964,-0.397936,-0.228948,-0.10178,-0.238414,-0.000888,-0.468298,0.514258,0.0,-0.196691,-0.333742,0.008275,-0.008647,-0.435054,0.405207,0.283744,-0.269252,0.134244,-0.344556,-0.397936,0.229854,0.00258,0.144049,0.134244,0.0,-0.368297,-0.130128,-0.333742,0.0,-0.253911,0.134244,0.108521,-0.461991,-0.269252,0.086287,-0.070545,-0.312309,0.0,-0.347329,0.04584,0.166206,-0.397936,0.014195,0.198169,-0.326318,-0.542984,-0.331768,-0.664825,0.106002,0.198169,-0.387548,-0.782578,-0.397936,-0.404552,-0.349992,0.135247,-0.315677,-0.20764,0.230557,-0.129866,0.198169,-0.450684,0.418094,-0.547256,0.0,0.594646,0.083238,-0.275627,-0.531542,-0.346167,0.323002,0.194253,-0.270534,-0.321874,-0.043801,-0.375699,0.614775,-0.0876,-0.630254,0.783561,0.055609,-0.036358,0.048596,0.319739,0.632878,-0.36981,-0.500637,-0.162394,#
11,-0.154296,-0.11479,0.121241,-0.077568,0.207295,0.021168,-0.002207,-0.66501,0.408925,0.308208,0.383511,1.0,-0.34408,-0.226287,-0.283072,0.370201,0.477174,-0.101469,0.443737,0.190003,-0.264957,-0.50248,0.141342,-0.200727,0.158336,-0.498025,-0.323019,0.166836,0.423172,0.158336,-0.405737,0.073155,-0.66501,-0.356255,-0.190504,0.31234,-0.190504,-0.412627,0.261254,0.584026,-0.370725,-0.304923,0.042027,-0.155909,-0.070833,0.669316,-0.409994,-0.231067,0.605116,0.641834,0.789693,-0.435597,0.0,-0.305646,-0.148104,0.230823,-0.015923,-0.131982,-0.277353,-0.232293,-0.036398,0.202824,0.295631,0.585819,-0.064601,-0.281036,0.0,-0.281036,-0.024113,-0.243429,0.714493,-0.401348,-0.214797,-0.746316,-0.122301,0.223569,-0.66501,0.100182,0.261823,-0.571805,0.238739,-0.004267,-0.20731,0.038001,-0.20731,-0.05718,-0.019793,-0.122301,-0.102645,0.285004,-0.415163,0.352427,0.261254,-0.66501,-0.405775,-0.596216,-0.503573,-0.455388,-0.486503,-0.601155,0.016579,0.190003,-0.374386,0.0,-0.596216,0.261254,-0.090681,-0.004267,0.126669,-0.017524,-0.506845,0.0,0.261254,-0.356255,-0.767049,-0.077568,0.332318,-0.019793,0.241098,-0.00219,0.0,-0.20731,-0.317893,-0.010787,0.450809,-0.415163,-0.118934,-0.317818,-0.256502,-0.66501,-0.329918,-0.356255,0.240821,0.418577,-0.431298,-0.66501,0.0,0.284859,-0.314422,-0.317893,0.0,-0.241225,0.126669,-0.157884,-0.440799,-0.256502,0.603316,-0.085395,-0.298302,0.0,-0.330746,-0.478645,0.158336,-0.356255,0.031757,0.190003,-0.311386,0.050287,-0.315288,0.190003,0.121604,0.190003,-0.36845,-0.746316,-0.356255,-0.386888,0.285004,0.111483,-0.322209,0.351857,0.766217,-0.304923,0.190003,-0.429978,0.399179,-0.522778,0.0,0.074964,0.059266,-0.262376,-0.020638,-0.212983,0.333549,0.163534,0.358095,-0.305824,-0.06235,-0.357815,-0.378549,-0.101459,-0.601155,0.747391,0.031883,-0.457656,-0.473982,-0.286075,0.635553,-0.588396,0.008619,0.427059,#
12,0.092356,0.092356,-0.098776,-0.408158,-0.762275,0.028987,0.033093,-0.16663,0.126413,0.302307,-0.337705,-0.34408,1.0,0.207732,0.221906,0.136782,-0.499145,0.09707,0.082023,-0.16663,0.113042,0.399019,-0.075747,-0.484261,-0.16663,-0.081224,0.316775,-0.318526,0.246401,-0.16663,-0.09157,0.425074,0.650799,-0.249944,-0.11672,-0.327024,-0.11672,-0.190601,-0.249944,-0.072331,-0.209091,0.123788,-0.013885,0.640412,0.020556,-0.672443,0.434208,0.232935,-0.606608,-0.082519,-0.195615,0.422102,0.0,0.328127,0.194446,0.316745,0.005533,0.29897,-0.399712,0.273673,0.526688,-0.286574,-0.33393,-0.49899,0.018962,0.341972,0.0,0.341972,0.228982,0.251472,-0.296234,0.235266,-0.327175,0.207878,0.099414,0.053641,-0.16663,-0.609147,-0.249801,0.013319,-0.249817,-0.499637,0.763593,0.009432,0.207878,-0.497607,0.013319,0.118928,-0.407955,0.386706,0.417466,-0.327254,-0.249944,0.650799,0.42703,0.626297,0.510864,-0.248663,-0.003919,0.092413,0.211,-0.16663,-0.249817,0.0,0.099414,-0.249944,0.12626,0.015147,-0.16663,0.032838,0.132674,0.0,-0.249944,-0.249944,0.217864,-0.408158,-0.327081,0.013319,-0.247539,0.032838,0.0,0.207878,0.335766,0.001713,-0.48139,0.417466,-0.407374,-0.335843,0.205977,-0.16663,-0.356512,-0.249944,-0.1987,-0.403514,-0.195696,-0.16663,0.0,-0.249817,0.228758,0.335766,0.0,0.271993,-0.16663,-0.11672,-0.091947,0.205977,-0.072054,0.629079,-0.361717,0.0,0.351774,-0.091947,-0.16663,-0.249944,-0.608736,-0.16663,0.313449,-0.069896,-0.214794,-0.16663,-0.610784,-0.16663,0.408158,0.207878,-0.249944,-0.20787,-0.249944,-0.173223,0.305817,-0.327088,-0.210789,0.123788,0.682238,-0.096871,0.116867,-0.003919,0.0,-0.10078,-0.089638,0.281569,0.015909,0.287637,-0.352589,0.340685,0.258019,0.343955,0.517747,-0.200272,0.03589,0.610446,0.092413,-0.217507,0.42885,0.403214,-0.09523,0.203112,-0.668683,0.043476,0.001711,-0.405009,#
13,0.322317,0.322317,-0.326556,-0.071904,-0.040841,-0.250671,-0.653643,-0.218064,0.348634,0.054267,-0.802132,-0.226287,0.207732,1.0,0.511514,-0.118508,0.205812,0.381614,-0.097808,0.536774,-0.59174,-0.182486,0.084538,-0.398722,-0.218064,0.097945,-0.038023,-0.593629,-0.058565,-0.218064,0.139757,0.089058,0.508817,0.239032,0.020044,0.52448,0.020044,-0.046015,-0.327096,-0.3892,0.36274,0.281819,-0.65366,-0.052095,0.720587,-0.395326,0.543268,0.364052,-0.243155,-0.329914,-0.493829,0.157538,0.0,-0.028979,-0.589118,0.251092,0.261467,0.301522,0.286138,0.327802,-0.162274,0.18619,-0.140656,-0.360467,0.006943,0.421157,0.0,0.421157,0.259498,-0.146681,-0.087077,0.475718,-0.428167,0.541743,-0.082714,-0.684241,-0.218064,0.048939,-0.326909,0.638974,0.255077,-0.196102,0.047586,-0.20129,0.541743,0.184644,0.16717,-0.533882,-0.065362,0.239032,-0.351746,0.065888,-0.327097,0.508817,-0.34739,-0.082714,0.244704,0.148677,0.244704,-0.089024,0.165675,-0.218064,-0.32693,0.0,-0.082714,-0.327097,-0.53306,-0.653863,0.48086,-0.310185,0.66289,0.0,0.239032,0.239032,0.056535,-0.071904,0.084849,0.16717,0.306816,-0.648605,0.0,0.047586,-0.02151,-0.207991,0.149112,0.114562,-0.533121,-0.145562,0.326929,-0.218064,0.304022,0.239032,-0.49663,-0.14725,-0.091127,-0.218064,0.0,0.255077,0.184127,-0.02151,0.0,-0.32857,-0.218064,0.020044,0.508848,0.326929,0.048939,-0.081422,0.29304,0.0,0.3827,0.03125,-0.218064,0.239032,0.065485,-0.218064,0.380323,0.600941,-0.005609,0.536774,-0.324998,-0.218064,0.106144,0.541743,0.239032,0.420272,0.239032,0.099186,0.167641,0.075173,-0.060822,0.281819,-0.218064,0.496402,-0.124075,0.244704,0.0,-0.805677,0.053881,0.254189,0.648623,0.362234,-0.552523,-0.081852,0.323737,-0.013603,0.190676,0.416597,-0.336908,-0.083097,0.373218,-0.578213,0.063276,0.127206,0.044708,-0.424714,-0.54173,0.106089,0.254518,0.386231,#
14,0.7842,0.345005,-0.799825,-0.53439,-0.091126,-0.240182,-0.237057,-0.218164,-0.115755,0.066833,-0.273163,-0.283072,0.221906,0.511514,1.0,0.318666,0.177059,-0.073059,-0.532969,-0.218164,-0.582273,-0.170442,-0.381154,-0.272934,-0.218164,-0.266918,-0.01278,-0.493768,-0.597173,-0.218164,-0.323981,0.112385,0.528186,-0.327246,0.202022,0.023257,0.202022,0.062996,-0.327246,0.043487,0.025978,-0.083989,-0.653959,-0.037211,0.847561,-0.372894,0.50822,-0.054213,-0.318669,-0.386594,-0.554637,0.026687,0.0,-0.101554,0.144565,0.266369,0.233829,-0.313505,0.307985,0.285054,0.070936,0.731341,0.362663,-0.648355,-0.143601,-0.064442,0.0,-0.064442,0.202842,-0.714658,0.030969,-0.079724,-0.428362,0.060135,0.349815,-0.467814,-0.218164,-0.419153,-0.327058,0.612429,0.19551,-0.243135,0.060135,-0.654492,0.060135,0.14593,0.188792,-0.113437,-0.113437,-0.327246,0.078617,-0.428466,-0.327246,0.528186,0.086887,-0.070874,0.209479,0.161227,-0.201548,-0.077346,-0.591484,-0.218164,-0.327079,0.0,-0.070874,-0.327246,-0.533303,-0.243135,0.499481,-0.301417,0.377268,0.0,-0.327246,-0.327246,0.069319,-0.53439,0.032291,0.188792,0.142325,-0.648901,0.0,0.060135,-0.059947,0.219234,0.291418,0.078617,-0.533364,0.353675,0.137129,-0.218164,0.270889,-0.327246,-0.548294,-0.528311,0.399312,-0.218164,0.0,-0.327079,0.164628,-0.059947,0.0,-0.38579,0.499481,0.202022,0.053075,0.137129,0.009687,-0.06955,0.260082,0.0,-0.0976,0.481914,-0.218164,-0.327246,0.025497,-0.218164,0.349029,0.083797,-0.497811,-0.218164,-0.799684,-0.218164,-0.344541,0.060135,-0.327246,0.38857,-0.327246,0.637351,0.180698,-0.428248,-0.579635,-0.083989,-0.218164,0.044973,-0.142659,0.209479,0.0,-0.389009,0.505004,0.212178,0.179815,0.325089,-0.616108,0.401599,0.28727,-0.501967,0.63686,-0.075102,0.240204,-0.099727,-0.077346,-0.108057,0.519537,0.479362,0.490941,-0.424908,-0.609987,0.284533,-0.196099,-0.136393,#
15,0.126648,-0.277284,-0.136854,-0.245742,0.041171,0.009128,0.430221,-0.271931,0.167692,0.803757,0.389302,0.370201,0.136782,-0.118508,0.318666,1.0,0.354325,-0.241761,-0.253607,-0.271931,-0.467762,-0.489255,-0.16232,-0.635919,-0.271931,-0.434693,-0.37205,-0.416766,-0.317523,-0.271931,-0.55749,0.293394,-0.271931,-0.407896,0.164154,-0.118508,0.164154,-0.177436,0.106924,0.650987,-0.556196,-0.377326,-0.407352,-0.135987,0.253478,0.273574,0.239019,-0.167014,0.272363,0.239088,0.081317,-0.251018,0.0,-0.418517,0.242308,0.613209,0.001629,-0.130694,-0.142962,-0.124096,-0.103933,0.570383,0.033945,0.205973,-0.152678,-0.350395,0.0,-0.350395,0.297826,-0.569687,0.462529,-0.503653,-0.533933,-0.534061,0.147208,-0.304439,-0.271931,-0.211774,-0.407662,-0.078658,0.072943,-0.02108,0.381966,0.023761,-0.084689,0.350386,-0.039237,0.589653,-0.27885,0.126725,0.250894,-0.084689,0.106924,-0.271931,-0.165308,-0.223316,-0.00507,0.041906,-0.399107,-0.245742,-0.417117,-0.271931,-0.407688,0.0,-0.665761,0.106924,-0.216662,0.411204,0.388095,0.381858,-0.3656,0.0,0.106924,-0.407896,-0.53379,-0.245742,-0.110224,-0.039237,0.025003,0.062273,0.0,-0.084689,0.088504,-0.012051,-0.118535,0.250894,-0.22703,0.026131,0.187886,-0.271931,-0.174353,-0.407896,0.099217,-0.242947,0.042725,-0.271931,0.0,-0.407688,0.22246,0.088504,0.0,-0.238459,0.388095,0.164154,-0.211774,0.187886,0.633652,-0.222017,-0.185052,0.0,0.060722,0.182634,-0.271931,-0.407896,0.205569,-0.271931,0.014899,-0.130055,-0.78357,-0.271931,-0.565434,-0.271931,-0.142272,-0.534061,-0.407896,-0.432373,-0.407896,0.403178,0.152938,-0.076172,0.047937,-0.377326,0.440897,-0.219221,0.130035,-0.02108,0.0,0.228886,-0.234017,0.016262,-0.463341,-0.138396,0.108277,0.500173,-0.175411,-0.314524,0.793445,-0.861903,0.236272,-0.268028,-0.245742,0.500173,0.647199,0.085049,0.190405,-0.086539,0.193493,-0.386118,-0.393763,-0.298702,#
16,-0.042615,-0.443831,0.01018,0.003088,0.667118,-0.634085,-0.220768,-0.332837,-0.018808,0.124974,-0.027998,0.477174,-0.499145,0.205812,0.177059,0.354325,1.0,0.010734,0.034751,0.347966,-0.616665,-0.551412,-0.423305,-0.057539,-0.332837,0.195012,-0.639863,-0.219226,-0.083786,-0.332837,0.075206,-0.039855,-0.332837,0.011347,0.315429,0.205812,-0.411845,-0.07747,-0.007564,-0.064179,-0.470446,-0.682131,-0.561508,-0.301084,0.43472,0.302314,-0.025066,-0.574771,0.197318,0.414552,0.230183,-0.008731,0.0,-0.417991,-0.371521,0.023653,0.605,-0.525024,0.457539,-0.537916,-0.469508,0.47956,0.215662,0.092353,-0.171762,-0.669181,0.0,-0.669181,-0.329086,-0.392992,0.646719,-0.165067,-0.653522,-0.207989,0.414568,-0.361971,-0.332837,0.407888,-0.498969,0.146921,0.503321,0.616066,-0.224496,0.226934,0.221194,0.55669,0.185447,-0.02365,0.430219,0.011347,0.001385,0.683392,0.521949,-0.332837,-0.395752,-0.814877,-0.20966,-0.0691,-0.187572,0.018529,-0.294626,0.373181,-0.499001,0.0,-0.376659,0.521949,-0.369828,0.203203,0.297536,0.162904,-0.27647,0.0,0.503038,0.011347,-0.653347,0.435434,0.229961,0.185447,0.500537,-0.142323,0.0,0.237701,0.230951,0.216795,0.450238,-0.014192,-0.395601,-0.28466,0.342551,-0.332837,0.492177,0.011347,0.244997,0.361787,-0.275701,-0.332837,0.0,0.025922,-0.500522,0.230951,0.0,-0.417077,0.322751,0.315429,-0.038821,0.342551,0.799644,-0.814696,0.475261,0.0,0.195556,0.368889,-0.332837,0.011347,0.383455,-0.332837,0.241257,0.146362,-0.155125,0.347966,0.063378,-0.332837,0.027794,-0.207989,0.011347,-0.270324,0.54086,0.505204,0.036944,0.237581,0.216507,-0.177809,-0.332837,0.392408,-0.006905,0.187912,0.0,0.014286,-0.026507,0.13772,-0.238952,0.044891,0.293045,-0.275924,-0.004406,-0.166183,0.151718,-0.20938,-0.309838,-0.820518,0.003088,0.20619,-0.0459,-0.569652,-0.071112,-0.648252,0.3253,0.132264,0.25426,0.432569,#
17,0.174309,0.158746,0.276983,0.174417,0.109459,-0.419107,-0.001359,-0.272106,0.166862,-0.171037,-0.620058,-0.101469,0.09707,0.381614,-0.073059,-0.241761,0.010734,1.0,0.157542,0.414517,-0.01452,-0.367383,-0.163365,0.168449,0.389086,0.245708,-0.33772,-0.411546,0.14971,0.389086,0.307313,0.310436,0.414517,0.106808,0.028397,0.364978,0.028397,0.065575,0.106808,-0.174202,0.111592,-0.018747,-0.422287,0.369509,0.053383,-0.303947,-0.136936,0.406048,-0.19293,-0.158679,0.080215,-0.108018,0.0,0.312401,-0.429407,-0.405302,0.456437,0.428715,-0.142847,-0.086761,-0.126418,-0.427255,-0.044781,-0.213546,-0.270221,0.094662,0.0,0.094662,0.347293,0.470985,0.008776,0.162833,-0.095909,0.364595,0.186169,-0.133158,-0.272106,-0.125862,0.072666,0.045742,0.121459,0.016879,0.364595,0.007629,0.814095,0.045742,0.045742,-0.240011,-0.240011,0.106808,-0.150902,0.364595,0.106808,0.414517,-0.570872,-0.240011,0.016879,-0.406067,0.433271,0.174417,0.271318,-0.272106,-0.407951,0.0,-0.240011,0.106808,-0.295728,-0.399514,-0.272106,-0.381893,0.454965,0.0,0.621775,0.106808,-0.076386,0.174417,-0.067581,0.045742,0.169531,-0.061743,0.0,0.364595,0.11227,0.026335,0.188712,0.273265,0.147501,-0.051962,-0.231757,-0.272106,0.435075,0.106808,-0.333085,0.570156,0.111593,-0.272106,0.0,0.121459,0.296563,0.11227,0.0,0.372213,-0.272106,-0.652703,0.308576,-0.231757,-0.125862,0.145278,-0.031904,0.0,0.133651,-0.125862,0.389086,0.106808,0.270148,-0.272106,-0.352476,0.861622,0.527078,0.414517,0.234815,-0.272106,0.261625,0.364595,0.106808,0.105786,0.106808,0.1236,0.618588,0.381363,0.114754,-0.018747,-0.272106,0.296158,-0.24713,0.433271,0.0,-0.160272,-0.164453,-0.488358,0.429734,-0.037729,-0.011128,0.118411,-0.076644,0.512934,0.050872,0.100282,-0.531582,0.176697,0.594886,-0.350459,0.287073,-0.449445,-0.131319,-0.146376,-0.380424,-0.100591,0.806677,-0.17686,#
18,-0.208797,-0.225674,0.640656,-0.272857,0.155592,0.014756,0.021183,-0.271442,0.576002,-0.054175,-0.033738,0.443737,0.082023,-0.097808,-0.532969,-0.253607,0.034751,0.157542,1.0,0.368751,0.142163,-0.082764,0.247623,-0.047072,0.445574,0.01862,0.096967,0.419146,0.623357,0.445574,-0.133033,0.218571,-0.271442,0.072982,0.22348,0.371259,-0.515123,-0.65189,-0.407163,-0.150959,-0.196445,-0.023707,0.422124,0.416051,-0.323408,0.293612,-0.17759,-0.188713,0.108934,0.248633,0.553062,0.263699,0.0,0.136371,-0.281113,0.021749,-0.024348,-0.009584,-0.63029,-0.093406,0.306105,-0.426588,-0.211864,0.258499,-0.144002,0.088472,0.0,0.088472,-0.340647,0.431605,0.50366,0.467916,-0.057594,-0.113996,-0.21952,0.524293,-0.271442,-0.13358,0.114238,-0.410461,0.086656,0.009145,-0.113996,0.384116,-0.113996,-0.410461,-0.362444,-0.267203,0.177841,0.553127,-0.15837,0.355401,0.130599,-0.271442,-0.150408,-0.267203,-0.037443,-0.405076,-0.425679,-0.225813,0.408069,0.445574,-0.406955,0.0,-0.21952,0.130599,0.590212,0.009145,-0.271442,0.037552,-0.035282,0.0,0.072982,0.072982,-0.53283,0.166223,-0.097825,-0.362444,0.13172,0.384731,0.0,-0.063704,0.074117,-0.374049,-0.030351,-0.205828,-0.257136,-0.714643,-0.337854,-0.271442,-0.067028,0.072982,0.084703,0.606169,-0.796882,-0.271442,0.0,0.086656,-0.487311,0.074117,0.0,0.052947,-0.271442,-0.515123,-0.587247,-0.337854,0.27148,0.150434,-0.569505,0.0,0.095033,-0.53864,0.445574,0.072982,-0.168025,-0.271442,0.142761,0.174252,0.093421,0.368751,0.258354,-0.271442,0.225813,-0.113996,0.072982,-0.351613,0.610744,-0.254174,-0.405076,-0.106035,0.538896,0.488471,0.368751,-0.141756,0.63693,-0.425679,0.0,0.266132,-0.109312,-0.244834,0.014136,0.469831,0.511046,-0.370716,0.42156,0.507447,-0.434213,0.126226,-0.49723,0.15717,-0.272857,0.118908,-0.174908,-0.505941,-0.994327,0.285242,0.278481,-0.095711,0.408763,0.21363,#
19,-0.271998,-0.271998,0.288756,0.408248,0.249936,-0.33294,-0.333053,-0.111111,0.427334,-0.215072,-0.664825,0.190003,-0.16663,0.536774,-0.218164,-0.271931,0.347966,0.414517,0.368751,1.0,-0.489956,-0.327697,0.293404,0.0,-0.111111,0.226462,-0.508255,0.058232,0.361168,-0.111111,0.295615,-0.405287,-0.111111,0.666667,-0.07783,0.536774,-0.07783,0.152399,-0.166667,-0.407746,0.128615,0.082543,-0.333062,-0.315068,0.305888,0.010392,0.302438,0.029348,0.282248,0.284708,0.23365,0.308312,0.0,0.346348,-0.993584,-0.1655,0.352991,0.245721,0.115406,0.198169,-0.606622,-0.158145,-0.496904,0.21506,0.45334,0.241658,0.0,0.241658,0.173441,0.200036,0.087002,0.281643,-0.218165,0.509175,-0.272031,-0.457593,-0.111111,0.29683,-0.166571,0.362678,0.690124,0.340652,-0.218218,0.333333,0.509175,0.362678,-0.331811,-0.272031,0.417625,0.666667,-0.408026,0.509175,-0.166667,-0.111111,-0.407885,-0.272031,0.340652,-0.165812,0.340652,-0.272166,0.197768,-0.111111,-0.166582,0.0,-0.272031,-0.166667,-0.271612,-0.333165,-0.111111,-0.330486,0.142087,0.0,0.666667,0.666667,-0.218107,0.408248,0.536868,-0.331811,0.763414,-0.330486,0.0,-0.218218,0.223894,-0.333075,0.007157,0.278373,-0.271643,-0.495958,0.179998,-0.111111,0.200904,0.666667,0.229701,0.291492,-0.505852,-0.111111,0.0,0.690124,-0.059633,0.223894,0.0,0.181369,-0.111111,-0.07783,0.29683,0.179998,0.29683,-0.27197,0.195059,0.0,0.234568,-0.406188,-0.111111,0.666667,0.310405,-0.111111,0.209013,0.465508,0.235286,1.0,0.290914,-0.111111,0.272166,0.509175,0.666667,0.244253,0.666667,-0.394961,-0.165812,0.522634,0.243568,0.082543,-0.111111,0.290129,-0.264012,0.340652,0.0,-0.396699,-0.407048,0.187755,0.3578,0.219794,0.237459,-0.507406,0.199523,0.229354,-0.332528,0.25278,-0.873516,-0.257342,0.408248,-0.507406,-0.407205,-0.274537,-0.407015,-0.216406,0.149615,0.075434,0.347767,0.513997,#
20,-0.354409,0.126121,0.359427,0.146171,-0.281483,0.313462,0.195292,0.326637,-0.367504,-0.223138,0.348021,-0.264957,0.113042,-0.59174,-0.582273,-0.467762,-0.616665,-0.01452,0.142163,-0.489956,1.0,0.654068,0.00866,0.426033,0.29523,0.287541,0.566832,0.314822,0.299463,0.29523,0.342598,0.203155,0.075378,-0.122489,-0.178848,-0.447914,-0.178848,-0.036186,0.301511,-0.095013,0.106091,0.153993,0.777886,0.477983,-0.888421,-0.108386,-0.605115,0.176078,-0.320082,-0.109043,0.073038,-0.054971,0.0,0.083511,0.544785,-0.353548,-0.319149,0.177916,-0.227292,-0.285319,0.510809,-0.730883,0.056183,0.00491,-0.204473,0.058259,0.0,0.058259,-0.334095,0.692704,-0.411517,0.116993,0.600503,-0.057571,0.009097,0.744667,0.326637,0.06911,0.442591,-0.599397,-0.734559,-0.135866,0.1686,0.188445,-0.201498,-0.579766,0.217467,0.028591,-0.20534,-0.310934,0.257403,-0.057571,0.301511,0.075378,0.366988,0.469379,-0.288238,-0.06647,0.180519,0.492366,0.497202,0.29523,0.466835,0.0,0.605838,0.301511,0.603237,0.206973,-0.489956,0.263307,-0.119712,0.0,-0.287378,-0.122489,0.453895,0.146171,-0.457873,0.217467,-0.72786,0.643494,0.0,0.312527,-0.048329,0.179954,-0.219307,-0.227653,0.62162,0.086552,-0.225054,0.326637,-0.228237,-0.122489,0.086495,0.20472,0.123282,0.326637,0.0,-0.162787,-0.082355,-0.048329,0.0,0.329818,-0.489956,-0.178848,-0.069993,-0.225054,-0.559065,0.449014,-0.214361,0.0,-0.012563,-0.042394,0.29523,-0.122489,-0.428807,0.29523,-0.367376,-0.277599,0.571966,-0.489956,0.490101,0.29523,0.23849,-0.057571,-0.122489,-0.273247,-0.146045,-0.306372,0.138052,-0.069562,0.103662,0.153993,0.075378,-0.059047,0.157603,-0.269192,0.0,0.401975,0.034768,-0.245501,-0.147614,-0.312195,0.078628,-0.043162,-0.283211,0.432514,-0.40022,0.232221,0.371047,0.481311,0.01154,0.106966,-0.230966,-0.121236,-0.052948,0.461775,-0.006847,-0.024241,0.15301,-0.267432,#
