0,1.0,-0.241379,-0.252363,0.368612,0.411392,0.492599,-0.354305,-0.015782,-0.623181,-0.227352,0.427775,-0.018302,0.480844,-0.018302,0.196947,-0.333228,0.241411,-0.594636,0.425921,-0.166743,0.226677,0.559815,-0.066298,0.065856,0.31874,-0.221808,0.002586,0.008818,0.321977,-0.333228,0.613178,0.117853,0.176837,0.06995,0.234525,-0.243878,0.294021,0.072163,-0.186399,-0.333228,0.342887,0.437795,0.340291,0.513856,-0.333228,0.082735,-0.059268,0.035454,-0.186237,-0.256386,-0.205589,0.108149,0.07552,-0.173942,0.404064,0.272524,-0.710387,0.232788,0.492403,0.321977,0.596525,0.016198,-0.542058,0.242778,0.028605,-0.491809,-0.035723,0.262667,0.094015,-0.277727,0.004369,0.255053,-0.333228,0.021721,-0.801799,0.417055,0.253618,0.392377,-0.43244,-0.39011,0.361083,-0.219856,0.215563,-0.008118,-0.424883,-0.591286,0.187378,-0.046347,-0.194699,-0.621144,0.0,-0.676116,0.239181,-0.427593,-0.049027,0.022498,-0.559925,-0.264534,-0.430745,0.397461,-0.224017,0.164659,0.439474,-0.602864,0.392377,-0.206562,-0.011805,-0.499588,-0.333228,-0.026404,0.16082,-0.333228,-0.543223,0.215563,-0.032106,-0.499588,-0.651845,-0.220526,-0.4576,0.360706,-0.644548,-0.153371,0.187378,-0.651845,0.234525,-0.032194,-0.039544,0.004369,0.351999,0.390638,-0.064355,-0.022536,-0.249838,0.178073,-0.409376,0.16573,0.0,-0.039293,0.482236,-0.2344,-0.63863,0.068441,0.19876,0.515869,-0.019746,0.447878,-0.496942,-0.02297,-0.424883,-0.244567,-0.032194,-0.032106,-0.235118,-0.01386,0.398674,-0.235366,-0.284119,-0.163007,-0.543223,-0.499588,0.052321,-0.654115,-0.333228,0.128309,-0.046347,-0.192614,-0.01386,0.061552,0.021721,-0.274812,0.268581,0.316482,-0.039544,0.439474,0.190817,-0.264534,0.16573,0.214355,-0.015264,0.392377,-0.242048,-0.254322,0.434114,0.783687,0.187831,-0.219856,0.008391,-0.049027,0.232334,-0.057233,0.253618,0.223169,0.592829,-0.426228,-0.013494,0.44199,0.182851,-0.049027,-0.471477,-0.035115,#
1,-0.241379,1.0,0.684703,0.01873,-0.435487,-0.011424,0.323104,-0.011424,0.612718,0.625053,-0.840466,0.41835,-0.020963,0.41835,0.187827,-0.333053,-0.208705,0.677,-0.346525,0.252173,-0.242298,0.300617,0.39185,-0.049649,0.312399,-0.225787,0.574806,0.002538,-0.348332,0.338217,-0.424845,0.10271,0.648474,-0.494772,-0.67585,0.665077,0.506814,-0.50817,-0.171702,-0.333053,-0.333053,0.051591,0.288244,-0.499119,0.338217,-0.805101,-0.05934,-0.126844,0.524416,0.650454,-0.211832,-0.393032,-0.047508,-0.149268,-0.409413,0.024553,-0.15024,-0.998569,-0.057766,-0.348332,-0.055445,-0.199172,-0.329237,-0.298864,0.287966,-0.003374,0.328133,0.367447,-0.483895,0.270581,-0.427366,-0.146977,0.338217,-0.499325,0.025572,0.241918,-0.395943,-0.849264,0.397925,0.022571,-0.003785,-0.209929,-0.25599,-0.499293,-0.012376,-0.092312,-0.650142,-0.475681,-0.222987,-0.179247,0.0,0.214861,-0.653758,0.061859,-0.044208,-0.05861,0.464073,0.636393,0.311902,-0.008973,-0.1991,0.648566,-0.530095,-0.172844,-0.398573,-0.149518,-0.37597,0.018248,-0.333053,-0.443165,0.653862,0.338217,0.017634,-0.25599,0.023222,-0.499325,-0.257571,-0.617163,0.445312,-0.507954,-0.183192,-0.658504,-0.650142,-0.257571,-0.67585,-0.494164,-0.043872,-0.427366,0.35475,-0.060569,0.499765,0.053874,-0.216059,0.13042,0.291558,-0.269434,0.0,0.003485,0.165696,-0.200821,0.205843,-0.358128,-0.263503,-0.666986,-0.41461,0.449892,-0.044588,0.461741,-0.012376,0.199666,-0.494164,-0.406335,0.229254,-0.003751,-0.009,0.261651,0.561383,0.637311,0.017634,0.038154,0.614463,-0.189046,0.338217,0.430981,0.017634,0.204556,-0.003751,0.18257,-0.499325,0.188001,-0.427997,0.121078,-0.043872,-0.029877,-0.240715,0.159098,-0.269434,0.178817,0.386781,-0.849264,0.554145,-0.233003,-0.485525,-0.460682,-0.243967,0.205843,-0.007974,0.482241,-0.657961,0.326905,0.333782,-0.23287,-0.227855,0.810492,-0.40899,-0.074861,-0.237498,-0.044208,0.81625,0.057096,#
2,-0.252363,0.684703,1.0,0.360049,-0.354382,0.221247,0.499593,0.199814,0.273473,0.287313,-0.598114,0.136064,-0.328609,0.136064,-0.195633,0.205226,-0.051518,0.699114,-0.42584,0.628962,0.364899,0.014928,0.121956,0.084351,0.262233,-0.031915,0.71164,0.018416,-0.213171,0.205226,-0.290953,0.2516,0.460046,0.281057,-0.542208,0.477359,0.425911,-0.201206,-0.087951,0.205226,0.176722,0.285249,-0.274611,-0.228037,0.233729,-0.777102,0.011166,0.142899,0.883126,0.078004,-0.201945,-0.326262,0.31681,-0.385218,-0.315887,-0.259042,-0.316377,-0.684338,-0.389916,-0.241682,-0.422642,-0.24857,-0.053849,-0.143839,-0.054117,0.287138,0.0353,0.364074,-0.222449,0.525509,-0.19079,-0.119829,0.233729,0.285704,0.343718,-0.271686,-0.262574,-0.588278,0.323392,0.537242,-0.055368,0.174977,0.365134,-0.210287,0.367515,0.07412,-0.443454,-0.285128,0.401767,-0.212182,0.0,0.528864,-0.073811,-0.030848,0.201684,0.464955,0.732659,0.992079,0.509447,0.138264,-0.391317,0.460224,-0.327101,-0.192099,-0.090709,0.23971,-0.326487,0.307682,-0.507363,-0.411546,0.554649,0.205226,0.259499,0.365134,0.34818,-0.24175,-0.100363,-0.397037,0.429384,-0.167198,0.048361,-0.277019,-0.39141,-0.100363,-0.542208,-0.334815,-0.217331,-0.19079,0.430417,0.499595,0.787391,-0.149572,0.03578,-0.010888,0.478322,0.160518,0.0,0.069053,0.320543,-0.234016,0.192631,-0.412515,-0.11774,-0.463189,-0.124782,0.220159,0.325249,-0.327407,0.31929,0.403944,-0.334815,-0.107818,0.500818,0.503753,-0.368702,-0.002503,0.428745,0.317998,0.200354,0.351636,0.712992,-0.034204,0.205226,0.689663,-0.264181,-0.205462,0.503753,-0.014486,0.285704,0.489277,-0.3254,-0.274349,-0.277562,-0.305861,-0.450724,0.465139,0.160518,-0.063874,0.091709,-0.588278,0.175705,0.092057,-0.654666,-0.596298,-0.228683,0.616341,0.275402,0.760538,-0.484181,0.013038,0.543053,-0.546485,-0.250335,0.559493,-0.79466,0.099993,-0.266357,0.201684,0.822525,-0.43233,#
3,0.368612,0.01873,0.360049,1.0,-0.2149,0.603843,0.396161,0.103782,-0.40493,-0.012177,0.158454,0.242827,0.091608,-0.164181,-0.447611,0.284642,0.523038,-0.027498,-0.223074,0.425194,0.53883,0.290848,-0.206136,0.204901,0.231438,0.064796,0.549822,0.148337,0.396161,-0.407011,0.658831,0.697577,0.559843,0.378395,-0.079243,0.090763,-0.113362,0.243296,-0.410561,0.284642,0.231438,0.379665,-0.34926,-0.113159,-0.407011,-0.110858,-0.111292,0.117509,0.188313,-0.077577,-0.441515,0.161586,0.394293,0.011665,-0.285552,-0.065843,-0.402773,-0.025155,0.088904,0.396161,-0.196133,-0.008922,-0.06356,-0.404266,0.192674,-0.293738,0.206615,0.401795,0.564541,-0.332304,0.182875,0.290108,-0.407011,0.385723,-0.24119,-0.272119,-0.349486,0.162818,-0.238204,0.268841,0.623017,0.421898,0.537652,-0.076014,0.143275,-0.146999,0.385537,0.066239,0.078728,-0.809337,0.0,-0.12215,0.505509,-0.211099,0.585204,0.291324,0.074289,0.344049,-0.276559,-0.19061,-0.094398,0.559837,0.606594,0.020073,0.627194,0.026455,-0.142134,-0.106544,-0.407011,0.247449,-0.088381,-0.407011,-0.422505,0.537652,0.204372,-0.106544,-0.336163,-0.066615,-0.237538,0.52047,-0.095911,0.013012,0.336966,-0.336163,-0.079243,0.140129,-0.159502,0.182875,0.373873,0.645338,0.111011,-0.040051,-0.044524,0.348599,0.350862,0.364692,0.0,-0.146654,0.320307,0.434586,0.026455,0.022849,0.068578,0.510318,0.58679,0.134375,-0.041335,-0.40284,0.188283,0.11383,0.140129,0.204372,0.367435,0.694004,-0.150743,0.178704,-0.146184,-0.028582,-0.367306,0.447256,0.011156,0.115374,-0.407011,0.521413,-0.442055,-0.407428,0.694004,-0.263317,0.385723,0.325725,-0.374649,-0.229352,-0.10329,0.091187,-0.618565,-0.147738,0.364692,0.03533,-0.635032,0.162818,-0.454931,-0.03206,-0.235208,0.097306,-0.028932,0.421898,0.372576,0.585204,0.361718,-0.229532,0.402397,-0.367672,-0.07067,-0.198454,-0.608473,0.221879,-0.46799,0.585204,0.17524,-0.7267,#
4,0.411392,-0.435487,-0.354382,-0.2149,1.0,-0.092881,-0.395621,0.418417,-0.030763,-0.435487,0.290507,-0.281088,0.408751,0.135065,-0.024688,-0.271998,-0.066327,-0.411222,0.574124,-0.362792,-0.04785,-0.030785,0.084958,0.218032,0.381843,0.350716,-0.643977,-0.318857,0.284541,-0.271998,0.389688,-0.14753,-0.117159,0.186008,0.160826,-0.122531,0.138505,-0.088266,-0.06445,-0.271998,0.434151,-0.346073,0.33201,0.631781,-0.271998,0.110776,-0.603191,-0.113723,-0.100858,-0.384589,0.395715,-0.113646,0.19162,-0.423993,0.319941,0.519021,-0.109917,0.439725,0.404436,0.284541,0.45005,0.017545,-0.246322,0.368739,-0.040036,0.417568,0.150664,-0.49861,0.006393,0.32843,-0.106456,0.280047,-0.271998,0.136677,-0.134413,0.330527,0.271956,0.290462,-0.125996,-0.221325,-0.214716,0.044278,-0.044644,0.086495,0.251114,-0.079344,0.121372,0.378526,-0.054102,-0.00947,0.0,0.083457,-0.054102,-0.610053,-0.080677,-0.193779,-0.091805,-0.360136,0.254093,0.57012,0.062577,-0.122995,0.407668,-0.393616,-0.149177,-0.00252,0.586355,-0.407789,0.407997,-0.225027,0.064542,-0.271998,0.378526,-0.044644,-0.15732,0.116511,-0.053207,0.11024,-0.229965,0.251561,-0.316457,0.07453,0.519313,-0.053207,0.160826,-0.062445,0.592254,-0.106456,-0.374864,0.180538,-0.128858,0.071844,0.121372,0.099494,-0.387784,0.432647,0.0,-0.267945,-0.183569,-0.388286,-0.393098,0.020217,0.407292,0.411054,-0.117629,-0.141893,-0.405629,-0.116099,-0.117629,-0.533888,-0.062445,0.27782,-0.762984,-0.214616,-0.262264,-0.124853,0.147665,-0.32642,-0.073715,-0.407789,-0.033362,-0.080592,-0.271998,-0.557637,0.378526,-0.385688,-0.214616,0.071236,0.136677,0.094285,0.291947,0.390986,0.131714,0.407668,0.533907,0.105454,0.432647,-0.086441,0.156002,0.290462,0.007091,0.003745,0.325115,0.683089,-0.009069,-0.376899,0.138339,-0.613968,0.13221,0.210982,-0.439875,-0.067399,0.413617,-0.257319,0.18046,0.209713,0.81486,-0.080677,-0.620755,0.194304,#
5,0.492599,-0.011424,0.221247,0.603843,-0.092881,1.0,-0.170718,-0.256389,-0.489863,0.007243,0.093227,-0.092881,-0.227231,-0.092881,-0.012925,0.138172,0.376214,-0.036831,-0.370114,0.512243,0.315319,0.749211,0.417684,0.387821,0.138172,-0.261575,0.325775,-0.211675,0.664947,-0.665155,0.469124,0.463685,0.315319,0.258966,-0.365951,-0.210698,0.15082,0.057121,-0.279856,0.138172,0.202438,0.520204,-0.226417,0.280226,0.170305,-0.003715,0.257358,0.519375,-0.040741,-0.337849,-0.035835,-0.15883,0.300189,-0.263315,-0.228575,0.246492,-0.24932,0.011116,0.376771,-0.170718,-0.255374,-0.226333,-0.385663,-0.256848,0.136617,-0.121388,-0.195554,0.747184,0.139974,-0.137625,-0.453422,0.703574,0.170305,0.256704,-0.395276,-0.175086,-0.291712,0.06648,-0.403271,0.438227,0.587674,-0.004312,0.315393,0.230496,0.097632,-0.495549,0.209014,-0.280041,0.335509,-0.55627,0.0,-0.344679,0.335509,0.090259,0.343148,-0.06558,-0.302266,0.189457,-0.246189,0.41795,-0.337849,0.316081,0.337765,-0.006532,0.627408,0.013379,-0.06845,-0.412241,-0.665155,-0.16251,0.205265,-0.665155,-0.280041,0.315393,0.092417,-0.412241,-0.766858,0.233385,0.06648,0.038634,-0.316952,-0.024829,0.209014,-0.766858,-0.365951,0.365549,-0.42975,-0.453422,0.540133,0.379968,0.337765,0.28037,0.209014,-0.297085,-0.235451,-0.054853,0.0,-0.17105,0.521479,-0.030432,-0.541684,-0.325668,-0.230586,0.310983,0.097632,0.34008,0.227697,-0.284136,0.097632,0.292654,0.365549,0.092417,0.213966,0.419776,0.397776,-0.164556,-0.414786,-0.104442,-0.280041,0.256704,0.288328,-0.22148,-0.665155,0.533534,-0.256426,0.011852,0.419776,-0.559708,0.256704,-0.37285,-0.265271,-0.346792,-0.42975,0.36171,-0.344325,-0.404582,-0.054853,-0.256752,-0.13008,0.06648,-0.571556,-0.568359,-0.357762,0.042333,-0.046091,-0.004312,0.264876,0.343148,0.225385,-0.720867,0.616501,-0.22887,-0.013373,-0.110548,-0.131684,0.418313,-0.51944,0.343148,0.048013,-0.435689,#
6,-0.354305,0.323104,0.499593,0.396161,-0.395621,-0.170718,1.0,-0.170718,0.348006,0.347935,-0.283972,0.284541,-0.135877,-0.395621,-0.350528,0.072667,0.282238,0.323527,-0.144203,0.350579,0.201397,-0.245256,-0.424994,-0.498275,0.072668,0.171033,0.655775,0.233553,-0.111659,0.115413,-0.189974,0.64585,0.201397,0.179391,-0.241972,0.228658,-0.289308,0.390941,-0.55955,0.072667,0.158159,-0.219791,-0.154231,-0.594518,0.115413,-0.478015,-0.266479,-0.19472,0.562272,0.503485,-0.380964,-0.153257,0.234528,-0.234783,-0.194094,-0.274058,-0.152008,-0.31843,-0.191281,-0.111659,-0.233296,0.071687,0.536786,-0.191832,0.470295,-0.016249,0.250557,-0.206567,0.254119,-0.178762,0.402114,-0.225405,0.115413,0.174862,0.451804,-0.118653,-0.084272,-0.238901,0.452893,0.310911,-0.277299,0.349922,0.201644,-0.667808,0.427598,0.504831,-0.144713,-0.074654,0.228161,-0.298853,0.0,0.532159,0.228161,-0.208332,0.664698,0.257922,0.66449,0.505682,-0.032552,-0.331568,-0.227363,0.202698,-0.115795,0.347438,-0.211265,-0.238429,-0.285113,0.141904,0.115413,0.231557,-0.148568,0.115413,-0.074654,0.201644,-0.205,0.141904,0.197336,-0.113498,-0.238901,0.375331,0.55841,0.345135,-0.144713,0.197336,-0.241972,-0.08027,0.142638,0.402114,-0.017884,0.233781,-0.115795,-0.576198,-0.144713,0.531824,0.996139,0.298645,0.0,-0.418122,-0.189795,0.323261,0.323446,-0.099128,0.229411,-0.231318,0.427598,-0.052551,0.137157,-0.190409,0.427598,0.171162,-0.08027,-0.205,0.532293,0.286704,-0.40233,0.229141,0.525983,0.326687,-0.074654,0.174862,-0.140798,0.228135,0.115413,0.294992,-0.04324,-0.291698,0.286704,0.486586,0.174862,0.505661,-0.160191,0.107672,0.142638,-0.083943,-0.194013,0.476415,0.298645,0.182517,-0.429743,-0.238901,0.289915,0.300421,-0.272488,-0.2843,-0.376635,0.349922,0.212899,0.664698,-0.20868,0.219518,-0.039526,-0.495707,-0.324708,0.271773,-0.382199,0.28682,-0.315817,0.664698,0.375241,-0.273929,#
7,-0.015782,-0.011424,0.199814,0.103782,0.418417,-0.256389,-0.170718,1.0,0.011116,-0.478082,0.093227,-0.092881,0.398209,0.418417,-0.517966,0.138172,-0.177198,-0.017248,0.072784,0.003088,0.315319,-0.377147,-0.117687,0.387821,0.138172,0.292609,-0.310017,-0.211675,-0.170718,0.170305,0.322844,-0.287834,0.315319,0.258966,0.27423,0.335855,0.343396,-0.308783,0.314035,0.138172,0.202438,-0.056641,-0.068593,0.280226,-0.665155,-0.157379,-0.407427,-0.293157,0.290272,-0.337849,-0.035835,0.350097,0.300189,0.18138,-0.136722,0.08864,-0.024243,0.011116,-0.214778,0.664947,0.087467,0.053888,-0.199974,-0.031565,-0.473465,0.35004,0.389666,-0.297778,0.212907,0.57608,0.15114,-0.172815,-0.665155,0.256704,0.15446,-0.083059,-0.194537,0.096489,0.150876,-0.05843,0.067129,0.513157,0.315393,0.230496,0.12708,0.107926,0.240793,0.40617,-0.200626,-0.00358,0.0,0.249844,-0.200626,-0.385632,-0.239266,0.397754,0.383944,0.221237,0.669604,-0.107161,0.211551,0.316081,0.374386,-0.467111,0.117264,0.530848,0.456709,0.231928,0.170305,-0.132458,0.23728,0.170305,0.40617,0.315393,0.627042,0.231928,0.311772,-0.271494,0.096489,0.069073,-0.254781,-0.409786,0.240793,0.311772,0.27423,-0.216865,0.232274,0.15114,-0.188261,0.379968,0.374386,0.28037,0.240793,0.223941,-0.139424,0.474447,0.0,0.377623,-0.126476,-0.001343,0.493254,0.356027,0.336191,0.310983,0.12708,-0.218135,-0.334976,-0.241409,0.12708,-0.264903,-0.216865,0.627042,-0.290912,0.419776,-0.655651,0.335654,0.269368,-0.330263,0.40617,0.256704,0.324825,0.335493,0.170305,-0.211015,-0.184193,-0.469669,0.419776,-0.227992,0.256704,0.761331,-0.209559,-0.073044,0.232274,-0.224238,-0.309504,0.199235,0.474447,-0.220609,-0.13008,0.096489,-0.038565,0.494998,0.107661,0.10884,-0.013169,0.513157,0.305197,-0.239266,0.225385,0.390831,-0.160899,-0.193804,0.019122,-0.110548,-0.585594,-0.545354,0.506126,-0.239266,0.078022,-0.404214,#
8,-0.623181,0.612718,0.273473,-0.40493,-0.030763,-0.489863,0.348006,0.011116,1.0,0.612718,-0.812663,0.408962,0.001476,0.408962,0.178742,-0.333136,-0.212183,0.664331,-0.016055,-0.147763,-0.653637,-0.128228,0.382743,-0.055489,0.30751,0.212819,0.067894,-0.003599,-0.31843,0.333136,-0.514483,-0.008923,0.230503,-0.494895,-0.603811,0.655096,0.048732,-0.480619,-0.175416,-0.333136,-0.333136,-0.594291,0.337896,-0.499243,0.333136,-0.490184,-0.425854,-0.140692,0.260595,0.666935,0.187921,-0.48243,-0.050954,-0.227334,-0.40383,0.152516,0.37971,-0.599291,-0.016693,-0.31843,-0.052579,0.01719,0.124592,-0.268506,0.413763,0.496206,0.355416,-0.263214,-0.418326,0.292547,-0.359282,-0.119932,0.333136,-0.49945,0.43131,0.242751,-0.314456,-0.789739,0.446401,0.01613,-0.388833,-0.156076,-0.653191,-0.499418,0.401045,0.379461,-0.590714,0.031018,-0.226357,0.231982,0.0,0.650725,-0.653921,0.052001,0.016748,-0.443405,0.52066,0.230047,0.387345,-0.015159,0.228793,0.237008,-0.465042,0.233982,-0.773171,-0.156076,0.039375,0.01427,0.333136,-0.383454,0.244514,0.333136,0.52066,-0.653191,-0.350744,0.01427,0.208533,-0.171314,0.432608,-0.45002,0.252671,-0.236154,-0.200804,0.208533,-0.603811,-0.429858,0.480577,-0.359282,-0.227887,-0.440367,0.031452,0.049637,-0.159863,0.185783,0.366704,-0.213762,0.0,-0.37679,-0.353767,-0.146327,0.2566,-0.294934,-0.200889,-0.636697,-0.359496,0.003425,-0.048078,0.495392,0.039743,-0.209246,-0.429858,-0.350744,-0.171314,-0.373175,-0.395341,0.244462,0.675934,0.62512,0.077545,0.034028,0.14777,0.251513,0.333136,-0.164143,0.52066,0.220559,-0.373175,0.289978,-0.49945,0.24062,-0.334927,0.335865,0.029331,0.031452,0.221087,0.212501,-0.213762,0.200656,0.403942,-0.789739,0.609997,-0.171235,-0.423176,-0.398809,-0.224176,-0.156076,0.019788,0.016748,-0.619254,0.442219,-0.28763,-0.208657,-0.208317,0.8245,0.026851,-0.080521,0.190707,0.016748,0.432608,0.423824,#
9,-0.227352,0.625053,0.287313,-0.012177,-0.435487,0.007243,0.347935,-0.478082,0.612718,1.0,-0.825179,0.813363,-0.002379,0.41835,0.578006,-0.333053,0.218844,0.677,0.073411,-0.141185,-0.653474,0.317352,0.39185,-0.049649,0.312399,-0.225787,0.592999,0.45583,-0.323501,0.338217,-0.40601,0.121439,0.237298,-0.494772,-0.614027,0.665077,0.060479,-0.491541,-0.171702,-0.333053,-0.333053,0.077806,0.31263,-0.499119,0.338217,-0.381114,0.098689,0.379397,0.098201,0.666779,-0.211832,-0.374309,-0.047508,-0.132908,-0.385759,-0.13805,0.02365,-0.611527,-0.002925,-0.323501,0.032845,0.23381,0.11907,-0.448048,0.427619,-0.003374,-0.105905,0.391911,-0.427549,-0.23068,-0.368983,-0.120935,0.338217,-0.499325,0.025572,0.265617,-0.358406,-0.82608,0.037404,0.022571,0.019871,-0.565291,-0.653028,-0.499293,-0.012376,0.140802,-0.625589,-0.001339,-0.222987,-0.179247,0.0,0.214861,-0.239555,0.452497,-0.016086,-0.440431,0.017634,0.243558,-0.283899,-0.008973,0.225351,0.243845,-0.501802,0.205225,-0.37539,-0.149518,-0.37597,0.018248,-0.333053,-0.419948,0.258122,0.338217,0.017634,-0.653028,-0.343921,-0.499325,-0.257571,-0.202731,0.445312,-0.484437,0.225075,-0.269588,-0.232755,-0.257571,-0.614027,-0.466042,-0.043872,-0.368983,0.467297,-0.437359,0.047079,0.053874,-0.608894,0.155578,0.328652,-0.632919,0.0,-0.373305,0.340903,-0.178348,-0.149518,-0.330409,-0.652726,-0.646738,-0.391859,0.536145,-0.044588,0.494751,-0.376389,-0.205748,-0.466042,-0.773478,0.253633,-0.369662,0.014937,-0.15056,0.17192,0.964428,-0.428804,0.038154,0.163315,-0.189046,0.338217,0.466932,0.491976,0.601366,-0.369662,0.208197,-0.499325,-0.201437,-0.384956,0.332568,-0.498503,-0.001584,0.18971,-0.233737,-0.632919,0.625581,0.412936,-0.82608,0.193843,-0.592417,-0.459841,-0.434992,0.162983,-0.149518,0.023176,0.510363,-0.629289,0.004831,0.371319,0.200578,0.173828,0.836647,-0.008216,0.310226,-0.212738,-0.016086,0.445312,0.421848,#
10,0.427775,-0.840466,-0.598114,0.158454,0.290507,0.093227,-0.283972,0.093227,-0.812663,-0.825179,1.0,-0.579775,0.119716,-0.579775,-0.396165,0.249996,0.122953,-0.890383,0.125554,-0.039785,0.526719,-0.164768,-0.546754,-0.122782,-0.407888,0.071917,-0.472099,-0.179264,0.400395,-0.407888,0.54714,0.02558,-0.381209,0.415364,0.772549,-0.800512,-0.338545,0.681344,0.037413,0.249996,0.302626,0.047027,-0.235136,0.434561,-0.407888,0.651342,0.068053,-0.228687,-0.427472,-0.551431,-0.004316,0.53205,-0.006208,0.283142,0.455682,0.053864,-0.077983,0.829657,0.151297,0.400395,0.134986,0.02648,0.069455,0.342128,-0.242695,-0.361066,-0.061198,-0.297724,0.609914,-0.325453,0.554612,0.127936,-0.407888,0.415382,-0.240596,-0.156526,0.406324,0.998139,-0.251254,-0.160118,0.128276,0.389823,0.526596,0.393906,-0.216121,-0.128307,0.777779,0.111484,0.104303,-0.02199,0.0,-0.504624,0.543371,-0.293703,0.111789,0.280206,-0.409533,-0.54955,-0.291493,-0.143022,-0.101501,-0.386734,0.610207,-0.012241,0.555782,-0.019468,0.261907,-0.132449,0.276311,0.644611,-0.54706,-0.407888,-0.391332,0.526596,0.122087,0.395092,0.121485,0.359301,-0.699453,0.643336,-0.083716,0.484083,0.377378,0.121485,0.772549,0.588756,-0.06835,0.554612,-0.32579,0.261632,-0.439488,-0.12859,0.335336,-0.002051,-0.274488,0.427449,0.0,0.194424,-0.204603,0.36833,-0.050256,0.476906,0.543504,0.790455,0.564883,-0.383302,-0.070259,-0.394999,0.154902,0.051653,0.588756,0.559917,-0.121755,0.225174,0.229338,0.032036,-0.458777,-0.838433,0.063705,-0.132449,-0.525363,0.069687,-0.407888,-0.389153,-0.371993,-0.390297,0.225174,-0.11232,0.415382,-0.095761,0.436942,-0.166523,0.395038,0.119965,-0.049904,-0.081081,0.427449,-0.336403,-0.579562,0.998139,-0.409736,0.409773,0.653413,0.604881,0.014517,-0.033957,-0.060961,-0.424799,0.79314,-0.176723,-0.309908,0.104374,0.035312,-0.995439,0.252245,-0.072744,0.045426,0.111789,-0.714576,-0.304857,#
11,-0.018302,0.41835,0.136064,0.242827,-0.281088,-0.092881,0.284541,-0.092881,0.408962,0.813363,-0.579775,1.0,0.408751,0.583846,0.386373,-0.271998,0.367398,0.466027,0.327711,-0.362792,-0.533679,0.170604,0.119121,0.10814,0.381843,-0.100343,0.489028,0.636244,-0.395621,0.407997,-0.007174,0.052061,0.368671,-0.40407,-0.244995,0.802042,0.016428,-0.543073,-0.046547,-0.271998,-0.271998,0.172293,0.306318,-0.40762,-0.271998,-0.210832,-0.062112,0.270277,-0.021414,0.544801,-0.432725,0.024429,0.048831,0.179912,-0.37975,-0.204083,-0.088779,-0.407756,-0.055554,0.284541,0.253287,0.473699,0.108266,-0.549078,0.245731,-0.147889,0.05027,0.285487,-0.112329,-0.364177,-0.059142,-0.26232,-0.271998,-0.407789,-0.134413,0.277712,-0.427707,-0.5813,-0.125996,-0.221325,0.276063,-0.376899,-0.533315,-0.407763,-0.180315,0.166245,-0.318352,0.407922,-0.533911,-0.388286,0.0,0.083457,-0.097541,0.30242,-0.110304,-0.286607,-0.091805,0.105454,-0.373594,-0.276937,0.544801,0.375133,-0.099051,0.020906,-0.124752,0.044278,-0.221025,0.116511,-0.271998,-0.249487,0.116657,0.407997,-0.091805,-0.533315,-0.108971,-0.407789,-0.133017,-0.326372,0.275432,-0.236314,0.11366,-0.400089,0.079588,-0.133017,-0.244995,-0.566109,0.053423,-0.059142,0.455129,-0.283212,-0.069244,0.152439,-0.758077,0.470556,0.276559,-0.445534,0.0,-0.218325,0.390465,0.030597,0.044278,0.049419,-0.533068,-0.255165,-0.141597,0.494183,-0.405629,0.42561,-0.549059,-0.533888,-0.566109,-0.544111,0.135923,-0.214616,-0.237046,-0.024636,0.059742,0.858554,-0.544046,0.136677,0.02605,-0.063156,0.407997,0.389239,0.407922,0.413223,-0.214616,0.136656,-0.407789,0.094285,-0.45972,0.41241,-0.407117,-0.099051,0.064095,-0.378044,-0.445534,0.796071,0.156002,-0.5813,-0.020022,-0.388427,-0.204602,-0.171553,0.392864,0.044278,0.138339,0.422986,-0.320883,0.182706,0.311502,0.360706,0.398359,0.585221,-0.241763,0.10985,-0.008829,-0.110304,0.275432,0.24554,#
12,0.480844,-0.020963,-0.328609,0.091608,0.408751,-0.227231,-0.135877,0.398209,0.001476,-0.002379,0.119716,0.408751,1.0,0.408751,-0.022463,-0.665437,0.368282,-0.420386,0.602074,-0.400139,-0.201845,0.171033,-0.124898,-0.116446,0.134367,-0.224266,-0.144454,-0.016177,-0.135877,0.166359,0.467907,-0.116782,0.307659,-0.266742,0.356684,0.328103,0.327787,-0.277757,-0.135777,-0.665437,0.198351,-0.017671,0.720392,0.274203,-0.665437,-0.122392,-0.373232,-0.260154,-0.149568,0.195978,-0.513736,0.494074,0.294128,0.228509,-0.07316,0.385244,-0.243052,0.039106,0.426766,0.696125,0.860351,0.600909,-0.168876,-0.220598,0.100196,-0.263944,0.380249,-0.260701,0.289335,-0.230067,0.231505,-0.171928,-0.665437,-0.331635,-0.328838,0.744021,-0.19052,0.10388,0.138488,-0.541466,0.075043,0.033466,-0.214997,-0.392987,-0.364457,0.106302,0.245822,0.408814,-0.719281,-0.486551,0.0,-0.275109,-0.185496,-0.376309,-0.233617,-0.114497,-0.224599,-0.311537,-0.146179,-0.114497,0.237245,0.308426,0.377513,-0.455913,0.124564,0.05108,0.446886,-0.356302,0.166359,-0.12014,0.221651,0.166359,-0.202471,-0.214997,0.129203,-0.356302,-0.227797,-0.264382,-0.404027,0.07693,-0.248069,-0.398237,0.245822,-0.227797,0.356684,-0.211314,0.226467,0.231505,0.098184,-0.125595,-0.242326,0.274352,-0.292066,0.759657,-0.136055,-0.015764,0.0,-0.127929,0.066993,0.00802,0.013651,0.634742,0.328447,0.341234,0.133965,0.430934,-0.992364,0.378605,-0.364457,-0.803782,-0.211314,0.129203,-0.283715,-0.071639,-0.136202,0.327925,0.253709,0.083447,-0.202471,-0.331635,-0.008944,-0.175838,0.166359,-0.205991,0.408814,0.033682,-0.071639,0.254302,-0.331635,0.230667,-0.205226,0.753439,0.226467,0.377513,0.231478,-0.333442,-0.015764,0.349046,-0.104489,0.10388,-0.015817,0.006617,0.624802,0.625731,-0.003278,0.033466,0.338444,-0.233617,0.266605,0.415059,-0.15703,0.358785,0.52661,-0.085043,-0.074989,-0.054461,0.525752,-0.233617,-0.422413,0.055925,#
13,-0.018302,0.41835,0.136064,-0.164181,0.135065,-0.092881,-0.395621,0.418417,0.408962,0.41835,-0.579775,0.583846,0.408751,1.0,0.386373,-0.271998,-0.083033,0.466027,0.229398,-0.362792,-0.533679,0.170604,0.554869,0.56389,0.381843,-0.100343,-0.04762,0.158694,-0.395621,0.407997,-0.027017,-0.500419,0.368671,-0.40407,-0.244995,0.802042,0.506243,-0.981036,0.418927,-0.271998,-0.271998,0.172293,0.3577,0.082308,-0.271998,-0.210832,-0.062112,0.270277,-0.021414,0.097636,-0.018505,0.004704,0.048831,0.162677,-0.37975,0.0957,0.094417,-0.407756,-0.055554,0.284541,0.253287,0.245622,-0.364034,-0.365716,-0.232433,0.276204,0.05027,0.285487,-0.409134,0.322337,-0.489697,-0.125145,-0.271998,-0.407789,-0.134413,0.277712,-0.467253,-0.605725,-0.125996,-0.221325,0.251141,-0.376899,-0.533315,0.086495,-0.180315,-0.079344,-0.344219,0.378526,-0.533911,-0.00947,0.0,0.083457,-0.533911,0.278211,-0.613968,-0.286607,-0.091805,0.105454,0.254093,0.100177,0.544801,0.375133,-0.128858,-0.377396,-0.149177,0.418656,0.158919,0.116511,-0.271998,-0.665298,0.533577,0.407997,0.378526,-0.533315,0.27782,-0.407789,-0.133017,-0.352055,0.666222,-0.657488,-0.316457,-0.80982,0.053722,-0.133017,-0.244995,-0.595736,0.053423,-0.489697,0.336558,-0.283212,0.407668,0.6314,-0.344219,0.01998,-0.387784,-0.445534,0.0,0.17863,0.364096,-0.371895,0.044278,0.020217,-0.533068,-0.255165,-0.549059,0.403316,-0.405629,0.42561,-0.549059,-0.533888,-0.595736,-0.15732,-0.300689,-0.214616,-0.262264,-0.024636,0.059742,0.513931,-0.073715,0.136677,0.501341,-0.063156,0.407997,0.124114,0.378526,0.413223,-0.214616,-0.268328,-0.407789,0.094285,-0.45972,0.217453,-0.407117,-0.128858,0.064095,-0.378044,-0.445534,0.354815,0.569324,-0.605725,-0.020022,-0.388427,-0.204602,-0.171553,0.392864,0.044278,0.138339,-0.080677,-0.320883,0.182706,0.271956,0.360706,0.398359,0.585221,-0.241763,-0.295846,0.382448,-0.613968,0.275432,0.271158,#
14,0.196947,0.187827,-0.195633,-0.447611,-0.024688,-0.012925,-0.350528,-0.517966,0.178742,0.578006,-0.396165,0.386373,-0.022463,0.386373,1.0,-0.333253,-0.209442,0.235975,0.430148,-0.582702,-0.653866,0.299458,0.358339,0.058869,0.312586,-0.225923,0.063275,0.474246,-0.350528,0.33842,-0.425854,-0.424206,-0.242443,-0.495069,-0.213542,0.191622,0.16249,-0.475198,0.287974,-0.333253,-0.333253,0.247827,0.389924,-0.015486,0.33842,0.076839,0.312215,0.379625,-0.270212,0.207844,0.197191,-0.394018,-0.49417,-0.150012,0.329754,-0.171486,-0.171209,-0.193637,-0.002926,-0.350528,0.319096,0.008665,-0.231107,0.243315,-0.006707,-0.143777,-0.477295,0.365709,-0.781868,-0.121478,-0.415939,-0.154361,0.33842,-0.499625,-0.409219,0.342606,0.291915,-0.424794,-0.400869,-0.416455,-0.030298,-0.997653,-0.653421,-0.011384,-0.454924,-0.353614,-0.678047,-0.060529,-0.223121,0.194825,0.0,-0.25524,-0.223121,0.404024,-0.543986,-0.440695,-0.525104,-0.233877,-0.388398,0.363521,0.207844,-0.248041,-0.56212,-0.212113,-0.424794,-0.211833,-0.439346,0.018259,-0.333253,-0.404404,0.188981,0.33842,-0.060529,-0.653421,-0.408416,-0.499625,-0.257725,-0.254566,0.380626,-0.468727,-0.225595,-0.254184,-0.284976,-0.257725,-0.213542,-0.525977,-0.043898,-0.415939,0.350458,-0.437622,-0.03216,-0.025702,-0.678047,-0.316578,-0.367449,-0.6333,0.0,0.018568,0.47735,-0.600307,-0.581631,-0.389406,-0.653117,-0.515837,-0.819155,0.44671,-0.044615,0.495048,-0.819155,-0.205871,-0.525977,-0.838231,-0.203828,-0.814733,0.429777,-0.651787,-0.278912,0.624601,-0.507236,-0.499625,0.084415,-0.654164,0.33842,0.166481,0.433082,0.601727,-0.814733,0.223708,-0.499625,-0.675008,0.312491,0.311606,-0.498802,-0.061602,0.625892,-0.233877,-0.6333,0.64272,0.821447,-0.424794,0.193959,-0.592773,-0.043791,-0.018817,0.575366,-0.581631,-0.481753,-0.017221,-0.629667,0.004834,0.291915,0.639829,0.580881,0.413184,0.397807,0.325825,0.173622,-0.543986,-0.005382,0.841574,#
15,-0.333228,-0.333053,0.205226,0.284642,-0.271998,0.138172,0.072667,0.138172,-0.333136,-0.333053,0.249996,-0.271998,-0.665437,-0.271998,-0.333253,1.0,-0.218173,0.216166,-0.40161,0.216166,0.48981,-0.492607,-0.268373,0.418175,-0.111111,0.489388,0.003132,0.265308,0.072667,-0.111111,0.029181,0.029017,-0.218008,0.557086,0.138353,-0.218064,-0.489819,0.286252,0.397845,1.0,-0.111111,0.171485,-0.986516,-0.166513,-0.111111,0.432084,0.241434,0.195209,0.029348,-0.508658,0.317592,0.025784,-0.164763,0.199956,0.069224,-0.601811,0.179606,0.30751,-0.660848,0.072667,-0.805528,-0.372678,0.246956,0.107005,-0.462782,0.178192,-0.267737,0.147396,0.164893,0.133749,0.201008,0.004483,-0.111111,0.642529,0.24627,-0.987271,0.109851,0.271384,-0.40728,0.388544,0.285062,0.317338,0.508338,0.691522,0.258484,-0.04013,0.211326,0.153704,0.494925,0.324967,0.0,0.199751,0.494925,0.265029,0.159756,0.427235,0.153704,0.211326,0.102564,-0.27113,0.193908,-0.217721,0.165596,0.317756,0.271384,0.317338,-0.271612,0.642529,-0.111111,0.407661,-0.506677,-0.111111,0.153704,0.508338,0.264657,0.642529,0.52164,0.205634,0.271384,0.283375,0.194306,0.338688,0.211326,0.52164,0.138353,0.159756,-0.166307,0.201008,-0.154995,0.417552,0.165596,-0.166307,0.211326,-0.502376,0.095783,0.332414,0.0,0.417552,-0.021544,0.324967,0.317338,-0.190866,-0.217758,0.191712,0.258484,-0.653305,0.742976,-0.664848,0.258484,0.523424,0.159756,0.264657,0.205634,0.397622,-0.271957,-0.217315,-0.50283,-0.322852,0.153704,0.642529,-0.184449,0.481481,-0.111111,0.142342,-0.662849,-0.350082,0.397622,-0.489691,0.642529,0.205309,0.118548,-0.887418,-0.166307,-0.662383,-0.523299,0.211326,0.332414,-0.245144,-0.301664,0.271384,-0.367714,0.349131,-0.415604,-0.428981,0.341515,0.317338,-0.193047,0.159756,0.182621,-0.300318,0.109851,-0.237838,-0.350059,-0.301664,-0.293213,-0.269582,-0.34951,0.159756,0.271384,-0.406043,#
16,0.241411,-0.208705,-0.051518,0.523038,-0.066327,0.376214,0.282238,-0.177198,-0.212183,0.218844,0.122953,0.367398,0.368282,-0.083033,-0.209442,-0.218173,1.0,-0.200304,0.169118,0.265491,0.0783,0.331007,-0.054679,-0.181053,-0.218173,-0.428371,0.374367,-0.004061,0.282238,-0.218173,0.439292,0.436057,0.060215,0.290917,0.072762,0.053969,-0.043094,0.161172,-0.425059,-0.218173,0.517831,0.252379,0.151451,0.245748,-0.218173,-0.043927,0.098385,0.451749,-0.039575,-0.030117,-0.654278,0.430348,0.751043,-0.000466,-0.432437,0.186574,-0.050988,0.245526,0.370001,0.282238,0.216095,0.731774,0.427218,-0.586788,0.268585,-0.110697,-0.14789,0.120052,0.640438,-0.504934,0.206855,0.180607,-0.218173,0.240393,0.100318,0.226226,-0.443169,0.125949,0.108739,0.375948,0.127169,0.242315,0.081554,-0.327071,0.117483,0.443346,0.469944,0.364304,0.071839,-0.653283,0.0,-0.02225,0.544152,0.100224,0.37668,-0.042567,-0.176584,-0.005999,-0.437053,-0.042567,-0.030117,0.07314,0.388528,0.217275,0.584805,0.242315,0.375438,-0.327092,-0.218173,-0.083583,0.002317,-0.218173,-0.176584,0.081554,0.126249,-0.327092,-0.426779,0.458377,-0.34046,0.143655,0.435322,0.263478,0.469944,-0.426779,0.072762,0.37668,-0.326554,0.206855,0.456512,-0.049966,-0.159928,0.235831,-0.005999,0.515557,0.271159,-0.186424,0.0,-0.533324,0.30019,0.227157,-0.213552,0.436862,0.071726,0.311292,0.558506,0.466473,-0.32536,-0.196405,0.117483,-0.428238,0.37668,0.126249,0.458377,0.388653,-0.069992,0.083201,-0.05268,0.098759,-0.176584,0.220126,-0.083137,0.044881,-0.218173,0.360021,0.364304,0.229674,0.388653,-0.08485,0.240393,-0.014175,-0.477119,0.317062,-0.326554,0.388528,-0.016324,-0.491941,-0.186424,0.09063,-0.503926,0.125949,-0.635035,-0.235552,0.149364,0.123352,-0.18396,0.242315,0.772832,0.37668,0.455501,-0.498969,0.299777,0.087929,0.256316,-0.072537,-0.062634,0.436707,-0.179082,0.37668,-0.34046,-0.381363,#
17,-0.594636,0.677,0.699114,-0.027498,-0.411222,-0.036831,0.323527,-0.017248,0.664331,0.677,-0.890383,0.466027,-0.420386,0.466027,0.235975,0.216166,-0.200304,1.0,-0.296842,0.142299,-0.300563,-0.0788,0.420056,0.317688,0.346386,0.148019,0.477656,0.307644,-0.379836,0.37243,-0.537091,-0.022445,0.266186,-0.135899,-0.700724,0.714541,0.116238,-0.558243,0.157845,0.216166,-0.330759,0.038715,-0.223856,-0.495681,0.346386,-0.45466,0.049179,0.343335,0.451959,0.301889,0.137535,-0.503447,-0.0402,-0.191634,-0.43724,-0.340682,0.1698,-0.676345,-0.469865,-0.353785,-0.506232,-0.165973,0.073804,-0.305493,0.01282,0.467022,-0.081146,0.357831,-0.523142,0.396125,-0.452308,-0.139016,0.346386,-0.097615,0.383149,-0.302558,-0.366692,-0.877838,0.07319,0.36065,-0.0105,-0.234709,-0.291073,-0.073473,0.349022,0.143916,-0.674655,-0.008557,0.136261,0.174831,0.0,0.621936,-0.29828,0.429198,-0.044141,-0.073374,0.489076,0.656823,0.347388,0.019066,0.202423,0.272516,-0.534506,0.161615,-0.423203,0.200834,-0.366528,0.444568,-0.330759,-0.474586,0.318066,0.37243,0.489076,-0.291073,0.019351,-0.097615,0.129403,-0.24759,0.834059,-0.520939,0.202432,-0.31921,-0.262531,0.129403,-0.700724,-0.516191,-0.018115,-0.452308,0.265212,-0.074022,0.524917,0.062142,-0.236773,-0.221502,0.327038,-0.280959,0.0,-0.007507,0.204514,-0.225974,0.200834,-0.548045,-0.64823,-0.706322,-0.438618,0.087703,0.410069,0.069395,-0.032864,0.167675,-0.516191,-0.430631,0.230474,-0.030729,-0.382668,-0.14169,0.229549,0.694982,0.020716,0.444568,0.447587,0.163885,0.37243,0.464346,0.087142,0.238769,-0.030729,-0.118608,-0.097615,0.204575,-0.39562,-0.237342,-0.49507,-0.437469,-0.18464,0.175351,-0.280959,0.226802,0.437024,-0.877838,0.219008,-0.242086,-0.845447,-0.816749,0.147374,0.200834,0.002262,0.50734,-0.704674,0.02545,0.369419,-0.206269,-0.182035,0.864444,-0.397814,-0.048376,-0.192221,-0.044141,0.834059,0.109991,#
18,0.425921,-0.346525,-0.42584,-0.223074,0.574124,-0.370114,-0.144203,0.072784,-0.016055,0.073411,0.125554,0.327711,0.602074,0.229398,0.430148,-0.40161,0.169118,-0.296842,1.0,-0.738025,-0.290634,-0.163128,-0.283751,-0.147698,0.294514,0.046176,-0.203752,0.427204,-0.331667,0.348062,0.082818,-0.342613,-0.344531,0.007458,0.41801,0.140123,0.056315,-0.155198,0.135342,-0.40161,0.321288,0.014136,0.498699,0.365745,-0.40161,0.139292,-0.226973,0.073078,-0.144974,-0.060269,-0.111657,0.132807,0.013535,-0.144547,0.498458,-0.06492,-0.360655,0.353825,0.065213,0.418189,0.76177,0.502895,0.130174,0.347575,-0.118032,-0.033396,-0.222804,-0.368366,-0.119201,-0.142431,0.293038,-0.365113,-0.40161,-0.044728,-0.205845,0.514136,0.442211,0.124057,-0.193477,-0.528049,-0.283592,-0.406291,-0.287187,-0.193392,-0.264243,0.135378,-0.143601,0.589126,-0.29714,-0.067119,0.0,-0.046127,0.166762,-0.234482,-0.368626,-0.083151,-0.331022,-0.401269,-0.293484,0.224706,0.30947,-0.350455,0.041076,-0.431734,-0.239458,0.019347,0.140248,-0.024084,0.160644,-0.17624,-0.044117,0.348062,0.057871,-0.287187,-0.208453,-0.16859,0.050279,-0.157753,-0.263501,0.182415,-0.017931,0.059786,0.280073,0.050279,0.41801,-0.461949,0.334739,0.293038,0.032679,-0.100616,-0.349737,-0.205087,-0.611069,0.382995,-0.126173,0.004712,0.0,-0.161181,0.219071,-0.422293,-0.389708,0.244908,0.084763,0.078113,-0.223662,0.239715,-0.598919,0.087634,-0.656832,-0.788295,-0.461949,-0.328385,-0.370114,-0.520807,-0.193619,-0.448846,-0.009232,0.225248,-0.423616,-0.602107,-0.208194,-0.413509,0.348062,-0.193867,0.589126,0.034978,-0.520807,0.504949,-0.044728,-0.031299,0.419563,0.714985,-0.155583,0.041076,0.781134,-0.016295,0.004712,0.664842,0.264725,0.124057,0.026689,0.017039,0.544412,0.554147,0.447338,-0.290208,-0.014214,-0.221642,-0.12488,0.328432,-0.146366,0.560747,0.878931,-0.07703,0.166245,0.362072,0.780574,-0.368626,-0.586625,0.525525,#
19,-0.166743,0.252173,0.628962,0.425194,-0.362792,0.512243,0.350579,0.003088,-0.147763,-0.141185,-0.039785,-0.362792,-0.400139,-0.362792,-0.582702,0.216166,0.265491,0.142299,-0.738025,1.0,0.614597,0.212902,0.10296,-0.118697,-0.330759,-0.30115,0.456368,-0.528591,0.350579,-0.330759,0.016948,0.487667,0.266186,0.451707,-0.311572,-0.171427,0.233301,0.313341,-0.34202,0.216166,0.37243,0.203727,-0.354726,0.05149,0.346386,-0.45466,0.206996,0.115371,0.544827,-0.160529,-0.259084,0.007253,0.552263,-0.226621,-0.43724,0.124332,-0.019646,-0.238462,0.02803,-0.326733,-0.506232,-0.165973,0.073804,-0.278405,0.074805,0.131336,0.032692,0.277874,0.322616,0.238363,-0.084807,0.292849,0.346386,0.444568,0.383149,-0.302558,-0.366692,-0.034051,0.451413,0.803266,-0.0105,0.573644,0.612084,-0.073473,0.413282,0.143916,0.218941,-0.476917,0.61406,-0.265873,0.0,0.216156,0.179519,-0.021418,0.50734,0.405192,0.489076,0.656823,0.347388,0.086469,-0.688161,0.272516,0.020321,0.161615,0.420584,0.200834,0.075488,-0.097615,-0.330759,-0.084875,0.318066,-0.330759,0.020716,0.612084,0.404521,-0.097615,-0.28326,0.230474,-0.009729,-0.010438,0.202432,0.12942,-0.193183,-0.28326,-0.311572,0.50734,-0.49507,-0.084807,0.265212,0.387785,0.524917,0.062142,0.656823,-0.086489,0.327038,0.164542,0.0,-0.074022,0.046962,0.151254,0.138101,-0.082766,0.237148,-0.02737,0.389414,0.087703,0.410069,-0.470044,0.795168,0.592995,0.50734,0.404521,0.639681,0.801623,0.019124,0.290761,0.229549,-0.284399,0.489076,0.444568,0.447587,0.163885,-0.330759,0.464346,-0.381218,-0.166518,0.801623,-0.286127,0.444568,0.204575,-0.39562,-0.431483,-0.018115,0.117358,-0.607979,0.175351,0.164542,-0.668913,-0.401986,-0.034051,-0.201562,0.105971,-0.35733,-0.39692,-0.668519,0.573644,0.511319,0.50734,0.18499,-0.469471,0.369419,-0.648976,-0.577104,0.025434,-0.397814,0.078002,-0.581859,0.50734,0.379424,-0.775038,#
20,0.226677,-0.242298,0.364899,0.53883,-0.04785,0.315319,0.201397,0.315319,-0.653637,-0.653474,0.526719,-0.533679,-0.201845,-0.533679,-0.653866,0.48981,0.0783,-0.300563,-0.290634,0.614597,1.0,-0.190634,-0.526567,-0.090355,-0.218008,0.022687,0.212031,-0.182531,0.201397,-0.218008,0.294376,0.268893,0.023159,0.774961,0.344678,-0.427858,0.079048,0.581341,-0.033395,0.48981,0.546435,0.367513,-0.54501,0.268124,-0.218008,-0.080642,0.111517,-0.125954,0.453936,-0.550463,-0.239199,0.286299,0.320795,-0.074131,0.217794,-0.22949,-0.440879,0.230503,-0.254194,0.201397,-0.267613,-0.218417,0.033824,0.268846,-0.35668,-0.1305,-0.049343,0.028437,0.456997,0.184368,0.463538,-0.019762,-0.218008,0.778001,0.092953,-0.449501,0.218829,0.534509,0.0766,0.368304,0.057073,0.624587,0.999573,0.219812,0.109975,-0.058286,0.416791,-0.185549,0.545711,-0.233829,0.0,-0.030115,0.545711,-0.37103,0.31592,0.84036,0.304026,0.416791,0.204505,-0.023239,-0.550463,0.016644,0.327393,-0.238907,0.534509,0.23489,-0.052402,0.188588,-0.218008,0.306949,-0.032874,-0.218008,-0.185549,0.999573,0.521288,0.188588,0.044307,-0.022136,-0.366509,0.558066,-0.038029,0.265129,-0.014001,0.044307,0.344678,0.31592,-0.326307,0.463538,0.085903,0.821333,0.327393,-0.326307,0.416791,-0.007946,0.191187,0.654214,0.0,0.319298,0.108145,0.160486,0.151105,0.133748,0.518172,0.400134,0.50916,-0.195983,0.253745,-0.797688,0.50916,0.489045,0.31592,0.521288,0.405607,0.78217,-0.113608,0.025653,-0.065284,-0.633459,0.304026,0.188588,0.1551,0.017722,-0.218008,0.282439,-0.705723,-0.657514,0.78217,-0.112077,0.778001,0.404966,0.1854,-0.46559,0.172252,-0.20006,-0.516974,0.416791,0.654214,-0.44792,-0.56091,0.534509,-0.267662,0.596056,0.093735,0.067727,-0.228045,0.624587,0.211522,0.31592,0.392273,-0.174831,0.218829,-0.43457,-0.211107,-0.56091,-0.545637,0.018356,-0.216568,0.31592,0.040271,-0.796684,#
