0,1.0,0.36212,-0.377333,-0.31178,0.797859,0.409664,-0.272166,-0.800778,-0.245729,0.36212,0.602475,0.134596,0.635861,0.414624,-0.456336,0.102216,-0.408164,-0.114558,0.166667,-0.388933,0.218391,-0.399294,0.266489,-0.318906,-0.24178,-0.231123,-0.067191,-0.009855,0.145826,0.666667,-0.59353,0.555489,0.408248,-0.083282,-0.534052,-0.654973,-0.40815,-0.314088,-0.094704,-0.302462,0.349691,0.590782,-0.249846,0.172725,-0.359671,0.375044,-0.048165,-0.100074,0.05085,-0.072958,-0.356358,-0.082207,0.408248,-0.212581,0.504991,0.395389,-0.314658,0.363768,-0.357192,0.0,-0.153089,-0.245191,0.377997,-0.623426,0.619307,0.309937,-0.236591,0.71819,0.216617,0.508548,-0.280703,0.209963,0.122352,-0.665141,-0.621068,-0.0,-0.38905,0.116583,0.103695,-0.268507,-0.38905,-0.6003,-0.142712,-0.133099,-0.440352,-0.071917,-0.237933,-0.071917,-0.346812,-0.377805,0.228652,-0.813733,-0.231762,0.611975,-0.261627,0.111041,0.261756,-0.165718,-0.408248,-0.023916,1e-06,-0.838434,-0.431666,-0.231762,-0.357803,-0.231762,0.180083,-0.25206,-0.377805,0.153688,0.019601,-0.272166,0.228652,-0.408248,-0.190355,-0.6003,0.077522,0.390195,-0.107763,0.018542,-0.664328,-0.53424,-0.326701,0.062273,0.255031,0.190347,-0.272166,-0.041667,0.456439,-0.666667,-0.200261,0.0,-0.362688,-0.272166,-0.080642,-0.125152,0.0,-0.408248,-0.529006,-0.771776,-0.272166,-0.285176,-0.666317,0.396745,0.228652,0.31096,-0.089658,0.611918,-0.09432,-0.53424,-0.666317,-0.142712,-0.272166,0.116583,-0.112416,-0.125152,-0.248623,0.110921,-0.165718,-0.533255,-0.507068,-0.190355,0.190347,0.327899,-0.339552,0.819327,-0.237933,-0.050252,-0.53424,-0.125152,-0.204336,0.315063,0.055385,0.092516,0.605301,-0.037903,0.0,0.206864,0.437638,-0.007459,0.59937,0.111266,0.412194,0.421609,0.438612,-0.386703,0.107556,-0.255856,-0.287226,0.38763,-0.440352,0.183411,0.673411,0.289072,0.145163,-0.40804,0.268771,-0.440352,-0.548161,-0.078905,#
1,0.36212,1.0,-0.192255,-0.994058,0.290719,0.100274,-0.218164,-0.641892,-0.090462,0.536488,0.293781,0.505377,0.406575,0.661707,-0.138777,-0.425165,-0.327178,0.149114,0.36212,-0.203707,-0.026105,-0.320069,0.552304,-0.00897,-0.086505,-0.383681,0.353838,-0.237271,0.006921,0.53439,-0.800742,-0.039059,-0.218164,-0.428362,-0.351541,-0.050558,-0.327167,-0.448287,-0.428367,-0.010961,-0.427685,-0.008947,-0.534061,0.265977,-0.176649,0.30063,0.298855,0.597484,-0.647072,0.498275,-0.297217,-0.747977,0.528186,-0.457636,0.404793,-0.199654,-0.438076,0.323186,0.263603,0.0,-0.32724,0.526459,0.5642,-0.101528,0.073326,0.236766,-0.525178,0.208309,0.111108,0.364734,-0.026114,0.016451,0.254653,-0.134567,-0.818369,0.112089,-0.203768,-0.327079,-0.05031,-0.097756,-0.203768,-0.297579,-0.349208,-0.426762,0.170579,0.059381,-0.534027,-0.428239,0.381528,-0.269126,-0.493635,-0.269126,-0.53411,0.250411,0.307146,-0.071609,0.156277,0.076906,-0.327246,-0.258295,0.392195,-0.570691,-0.232702,-0.53411,-0.570691,-0.53411,0.008044,-0.461253,-0.269126,-0.532515,0.630742,-0.218164,-0.493635,-0.327246,-0.334824,-0.297579,-0.503663,-0.202607,-0.427361,-0.213953,-0.140345,-0.428239,-0.513851,-0.497415,0.204429,-0.082313,0.499481,0.400793,0.250334,-0.53439,0.058275,0.0,0.130062,-0.218164,0.050182,-0.427449,0.0,-0.327246,-0.156227,-0.582344,-0.218164,0.016487,-0.53411,-0.194368,-0.493635,-0.44714,-0.253432,0.251632,-0.227315,-0.428239,-0.53411,-0.349208,-0.218164,-0.327079,-0.737863,-0.427449,0.313506,0.451583,0.076906,0.002984,-0.293203,-0.798141,-0.082313,0.060024,0.393721,0.550678,-0.082313,-0.374191,-0.428239,-0.427449,-0.177405,0.617344,-0.325569,-0.058113,-0.046451,-0.286246,0.0,0.419601,0.664252,-0.232538,0.828418,-0.008215,0.217696,0.347247,0.361251,-0.549699,0.457586,0.320588,-0.332203,0.576464,0.170579,-0.089416,0.107034,0.137991,0.257485,-0.327079,0.116504,-0.589426,-0.544237,-0.42815,#
2,-0.377333,-0.192255,1.0,0.156453,-0.123907,-0.272952,0.326524,0.526711,0.017326,-0.651462,0.120377,-0.130224,-0.014686,-0.1646,-0.312004,-0.260352,0.431526,-0.444783,-0.393458,0.61285,-0.04719,0.494681,0.03803,0.194634,0.862432,0.188877,-0.008107,-0.629572,0.234209,-0.364433,0.397019,-0.163514,-0.33179,0.169078,-0.091285,0.349162,0.44863,0.264535,0.179722,-0.513542,-0.197001,-0.418582,-0.025041,-0.418659,0.612067,-0.335509,-0.566003,0.003205,-0.153252,-0.047004,-0.434958,0.516006,-0.33179,0.096056,-0.218236,-0.239492,-0.443466,-0.337045,0.268632,0.0,-0.043448,-0.353923,0.013115,0.499921,0.070357,-0.143724,-0.029582,-0.019456,-0.064639,-0.288658,0.147353,-0.603045,-0.497189,-0.015211,0.022869,0.317038,0.606301,-0.075574,0.232759,0.038294,0.606301,0.008131,0.394898,0.199861,0.470979,0.64293,0.353596,0.159838,0.338801,-0.227193,0.406139,0.194577,-0.049892,-0.497362,-0.007399,0.276056,0.447263,0.119134,0.529285,0.24342,0.030837,0.254624,0.18098,0.363074,-0.210396,-0.049892,0.131393,0.566598,-0.163459,-0.027053,0.307409,-0.33179,0.406139,-0.063198,0.505104,0.008131,0.308016,0.049949,0.24672,0.180478,0.045856,0.16779,0.648774,0.253652,-0.17951,0.386745,-0.33179,0.020157,0.229638,0.380558,-0.40361,0.0,0.406139,0.326524,0.692644,-0.184684,0.0,0.0158,0.440169,0.210491,-0.33179,0.799945,0.370548,0.012847,0.406139,0.341978,0.058987,-0.497316,0.519251,0.16779,0.370548,0.394898,0.352856,-0.075574,0.535581,-0.184684,0.413741,0.280697,0.482562,0.280711,0.746864,0.399323,0.386745,-0.175079,0.276987,-0.189158,0.801115,-0.041813,0.607145,0.280711,0.365849,0.020322,0.040725,0.665763,-0.444481,0.566238,0.0,-0.410403,-0.183353,0.296156,-0.384481,-0.625457,-0.173505,-0.032146,-0.459075,0.425759,0.191913,-0.440631,0.568266,-0.651466,0.470979,0.012619,-0.009899,-0.390313,-0.060576,0.43201,0.38425,-0.281968,-0.195171,-0.210705,#
3,-0.31178,-0.994058,0.156453,1.0,-0.235498,-0.077108,0.208802,0.588673,0.121482,-0.51373,-0.270054,-0.458306,-0.389384,-0.633331,0.101112,0.453324,0.249965,-0.111117,-0.329296,0.159312,0.055084,0.32332,-0.511819,-0.039448,0.098867,0.382647,-0.36196,0.208665,0.030651,-0.476428,0.765019,0.09376,0.266009,0.390288,0.330927,0.028214,0.268552,0.417478,0.389369,-0.021843,0.485108,0.055004,0.49162,-0.254055,0.180724,-0.321083,-0.260978,-0.577649,0.690783,-0.513,0.323233,0.736744,-0.506275,0.450805,-0.426343,0.191274,0.462964,-0.340921,-0.271401,0.0,0.281016,-0.529839,-0.531771,0.083112,-0.021835,-0.149951,0.552371,-0.192846,-0.027199,-0.313549,-0.019137,-0.031837,-0.244312,0.077105,0.807584,-0.16288,0.160356,0.294666,0.04904,0.128656,0.160356,0.289575,0.318462,0.368164,-0.222137,-0.112723,0.513112,0.412023,-0.364038,0.244543,0.498664,0.207892,0.513221,-0.219501,-0.363999,0.07013,-0.147883,-0.056259,0.356108,0.317189,-0.350318,0.527341,0.188016,0.530474,0.567751,0.513221,-0.025717,0.442826,0.313773,0.52738,-0.602634,0.208802,0.498664,0.248847,0.352503,0.289575,0.555089,0.213869,0.465054,0.17285,0.136612,0.354798,0.493128,0.474147,-0.232513,0.063014,-0.506275,-0.370458,-0.239849,0.493944,-0.092712,0.0,-0.14766,0.208803,-0.048837,0.445706,0.0,0.334656,0.094512,0.561957,0.208802,-0.054835,0.476685,0.182355,0.498664,0.454799,0.223001,-0.220721,0.218571,0.354798,0.476685,0.318462,0.237406,0.294666,0.726394,0.445706,-0.376256,-0.415385,-0.110091,0.0191,0.235939,0.798773,0.063014,-0.02056,-0.43257,-0.526142,0.027006,0.347501,0.373153,0.46515,0.20141,-0.579817,0.331001,0.056501,0.043981,0.282034,0.0,-0.384689,-0.617594,0.262433,-0.809623,0.063729,-0.189749,-0.353544,-0.279739,0.52849,-0.495095,-0.37806,0.278888,-0.551996,-0.222137,0.105051,-0.101604,-0.061435,-0.309362,0.250558,-0.147214,0.595732,0.528464,0.448051,#
4,0.797859,0.290719,-0.123907,-0.235498,1.0,0.340822,-0.328509,-0.550055,0.022588,0.290719,0.42193,0.308397,0.546493,0.29105,-0.711847,0.251554,-0.492661,0.049905,0.064783,-0.144386,0.121376,-0.481955,0.498841,-0.100337,0.030963,-0.190451,0.004205,-0.282398,0.369929,0.39552,-0.377012,0.656366,0.172606,-0.183582,-0.433803,-0.366495,-0.001473,-0.291439,0.236507,-0.52929,0.567744,0.404732,0.030668,-0.075742,-0.098849,0.432027,0.137529,0.158419,0.18621,-0.448473,-0.244507,-0.035558,0.395324,-0.300666,0.17976,0.152748,-0.270365,0.318689,-0.342249,0.0,-0.482314,-0.299685,0.590909,-0.523717,0.836203,0.434109,0.084144,0.905803,0.347758,0.561808,-0.645085,-0.151566,0.071755,-0.802838,-0.584959,-0.29895,-0.152195,-0.106134,0.193046,0.033976,-0.152195,-0.5465,-0.452535,-0.234172,-0.198191,0.256842,-0.091511,-0.304343,-0.127281,-0.256844,0.270341,-0.577899,-0.484213,0.572407,-0.373429,0.19082,0.310265,0.066572,0.008352,0.116444,0.143995,-0.640001,-0.175639,-0.081196,-0.286023,-0.081196,0.286712,-0.175325,-0.256844,-0.092904,0.29533,-0.328509,0.270341,-0.492763,0.029357,-0.5465,0.149078,0.466674,0.143184,-0.250743,-0.388047,-0.644838,-0.269016,0.135677,0.285,0.346575,-0.328509,0.198612,0.410863,-0.39552,0.057147,0.0,-0.334538,-0.328509,0.239834,0.227982,0.0,0.008352,-0.433727,-0.717116,-0.328509,-0.051427,-0.401239,0.473081,0.270341,0.35943,-0.044021,0.572401,-0.036662,-0.644838,-0.804256,-0.055472,-0.328509,-0.106134,-0.072141,0.227982,0.003391,0.326767,0.066572,-0.189465,-0.474743,-0.096458,-0.050623,0.255364,-0.115703,0.745608,-0.366045,-0.338229,-0.644838,0.227982,0.396909,0.589409,-0.018129,0.178964,0.38153,-0.072892,0.0,0.090431,0.187808,0.071105,0.495032,0.199173,0.145124,0.00103,0.51535,-0.381995,-0.113956,-0.367446,-0.344538,0.30111,-0.198191,-0.061078,0.801606,0.411338,0.077729,-0.492512,0.097464,-0.404572,-0.761073,-0.309437,#
5,0.409664,0.100274,-0.272952,-0.077108,0.340822,1.0,0.415851,-0.243896,-0.065446,0.58685,-0.320189,0.256322,0.790022,0.282472,-0.265259,0.130945,0.157761,0.200405,0.409664,-0.650351,0.888222,0.234312,0.163019,-0.503421,-0.12182,-0.481804,-0.670595,-0.231182,0.418178,0.143936,0.059755,0.436863,-0.216966,0.073461,-0.780519,-0.522134,-0.325371,-0.545096,0.060817,-0.51933,0.033688,0.871816,-0.070079,0.134368,-0.243896,-0.196125,-0.12677,-0.284569,0.230552,-0.176954,0.322932,-0.26491,0.566522,-0.45827,0.433881,0.649807,0.256647,0.427402,-0.422872,0.0,0.431664,-0.161961,0.416786,-0.818462,0.237118,0.308355,-0.058839,0.261614,0.175208,0.352854,-0.5513,0.479554,0.285387,-0.53024,-0.282803,0.058835,-0.650546,-0.325283,-0.514354,-0.073112,-0.650546,-0.236616,-0.398186,0.463323,0.157792,-0.425888,-0.132774,-0.425888,-0.064696,-0.648695,0.117677,-0.243261,-0.531177,0.827374,0.355184,-0.54728,0.143679,-0.37564,-0.325449,0.16523,0.455823,-0.097207,0.1933,-0.531177,-0.544217,-0.531177,-0.220031,-0.710259,-0.648695,-0.117906,-0.197054,-0.216966,0.117677,-0.325449,0.020103,-0.236616,-0.127031,-0.240604,-0.029389,-0.262375,-0.114613,0.004095,-0.565644,-0.148008,0.026825,-0.531095,-0.216966,0.352458,0.222363,-0.531456,0.105293,0.0,-0.537054,0.415851,-0.004018,0.02675,0.0,-0.325449,-0.191033,-0.552891,-0.216966,-0.014501,-0.127021,0.271455,0.117677,0.231825,-0.289867,0.827347,-0.260556,0.004095,-0.127021,-0.398186,-0.216966,-0.325283,-0.305796,0.02675,-0.528528,0.447308,-0.37564,-0.425102,-0.344781,0.020103,-0.531095,0.548144,-0.500956,0.598099,-0.132774,-0.028932,0.004095,0.02675,-0.179564,0.168217,0.702343,-0.087865,0.410895,-0.340778,0.0,0.437346,-0.143563,-0.555934,0.426128,0.426249,0.188863,0.341673,-0.131628,-0.596624,0.451774,-0.058923,-0.458565,0.594293,0.157792,-0.112141,0.15305,0.156948,0.284832,0.162641,0.555022,0.157792,-0.118148,-0.002419,#
6,-0.272166,-0.218164,0.326524,0.208802,-0.328509,0.415851,1.0,0.365703,-0.272096,-0.218164,-0.163973,-0.219793,0.315415,-0.333249,0.326023,-0.491479,0.681677,-0.404407,-0.272166,-0.333053,0.475509,0.807294,-0.407976,-0.496828,0.446101,0.179934,-0.680925,-0.332599,0.119067,-0.408248,0.307188,0.23365,-0.111111,-0.218165,-0.399714,-0.267392,-0.166627,0.143439,-0.218168,-0.265956,-0.21782,0.380331,-0.271998,-0.389364,0.365703,-0.435778,-0.328661,-0.400097,0.371073,0.101619,0.022382,0.198169,-0.111111,0.089131,0.261138,0.367881,0.085639,0.279543,0.191529,0.0,0.666656,-0.068152,0.287348,0.110348,-0.456727,0.013557,-0.267474,-0.39582,0.041889,0.276819,0.238008,0.330623,-0.1665,-0.271543,0.226472,0.542334,-0.333153,-0.166582,-0.508,-0.272014,-0.333153,0.220564,0.291309,0.565111,0.196116,-0.218103,0.427398,-0.218103,0.266009,-0.332205,0.173818,0.379663,-0.272023,-0.166558,0.468316,-0.505132,0.187817,-0.405925,-0.166667,0.371012,0.271083,0.279064,0.372034,-0.272023,-0.505803,-0.272023,-0.05622,-0.060027,-0.332205,-0.271211,-0.332082,-0.111111,0.173818,-0.166667,0.310848,0.220564,0.253185,-0.661693,0.47699,0.348215,0.457415,0.536868,0.241742,0.258463,0.104116,-0.271981,-0.111111,0.204124,0.372681,-0.272166,-0.406684,0.0,0.173818,1.0,0.522634,-0.2177,0.0,-0.166667,0.249191,0.259725,-0.111111,0.293212,0.437602,0.16197,0.173818,0.148107,0.219617,-0.166543,0.202157,0.536868,0.437602,0.291309,-0.111111,-0.166582,0.207729,-0.2177,-0.270666,0.246543,-0.405925,-0.2177,0.340957,0.310848,-0.271981,-0.217813,-0.506836,-0.184546,0.427398,0.492366,0.536868,-0.2177,-0.061467,-0.400163,0.738619,0.2476,-0.242852,0.371387,0.0,-0.248911,-0.29916,-0.170516,-0.242527,0.249832,0.36564,0.210656,-0.636072,0.180424,0.263457,-0.271577,0.297439,-0.19083,0.196116,0.428464,-0.375083,-0.384635,-0.133985,0.690124,0.314116,0.196116,0.298381,0.525319,#
7,-0.800778,-0.641892,0.526711,0.588673,-0.550055,-0.243896,0.365703,1.0,-0.098136,-0.641892,-0.482449,-0.334304,-0.431233,-0.700226,0.253939,0.147056,0.568838,-0.126628,-0.512362,0.549638,-0.109672,0.404909,-0.505239,0.191194,0.335103,0.18143,-0.05697,-0.108479,0.106878,-0.912751,0.814682,-0.159698,-0.326916,0.135924,0.367719,0.288082,0.569603,0.302814,0.28907,0.040104,-0.182165,-0.386733,0.488961,-0.482826,0.53302,-0.239636,-0.126496,-0.095968,0.211189,-0.125642,0.193095,0.475471,-0.326916,0.075095,-0.535296,-0.120682,0.213535,-0.244828,0.276987,0.0,0.299207,-0.344964,-0.396453,0.425854,-0.382317,-0.329694,0.353471,-0.402821,-0.257408,-0.39343,0.161772,-0.156938,0.008303,0.386957,0.55217,0.153256,0.546906,0.034415,0.174166,0.352689,0.546906,0.535296,0.355431,0.327336,0.425431,0.265009,0.475684,0.122779,0.210322,0.296621,0.362132,0.740369,0.335989,-0.490056,0.115952,-0.241783,-0.283892,-0.029853,0.382326,0.156779,-0.151408,0.719962,0.721607,0.335989,0.23071,0.469677,0.224937,0.519363,0.145747,-0.060155,-0.264768,0.365703,0.362132,0.569333,0.382968,0.535296,0.182024,-0.014666,0.283363,0.262929,0.514148,0.735626,0.614614,0.356882,-0.050624,0.039721,-0.326916,-0.066166,-0.157974,0.777026,0.154092,0.0,0.362132,0.365703,0.256115,0.301099,0.0,0.548554,0.426654,0.665441,0.365703,0.547683,0.912026,0.147698,0.362132,0.293325,0.181316,-0.49001,0.483181,0.735626,0.778338,0.487144,0.144065,0.034415,0.499167,0.301099,0.094484,-0.287044,-0.012473,0.150439,0.706638,0.399861,-0.092037,-0.313867,0.216459,-0.649963,0.343926,0.328404,0.593395,0.150439,0.32711,-0.525972,0.075923,0.186467,-0.371395,0.375041,0.0,-0.552815,-0.712367,-0.132714,-0.814,-0.149505,-0.562144,-0.546009,-0.589353,0.381429,-0.273598,0.104178,0.338874,-0.669398,0.425431,0.035681,-0.3352,-0.5192,0.020816,0.568449,-0.052144,0.425431,0.441931,0.254308,#
8,-0.245729,-0.090462,0.017326,0.121482,0.022588,-0.065446,-0.272096,-0.098136,1.0,0.353329,-0.401547,0.473003,-0.231508,0.410593,-0.318356,0.192604,-0.40806,0.612249,0.595808,-0.017946,0.08013,0.008833,0.649906,0.41207,0.126583,0.142101,-0.111677,-0.034899,0.105292,0.262559,0.228875,-0.362072,-0.272096,0.359325,0.144715,0.672395,0.076857,0.055587,0.336024,-0.161804,0.322116,-0.218982,0.158111,0.297812,-0.098136,-0.426223,0.02967,0.152773,0.026766,-0.469707,0.466719,-0.146425,-0.272096,0.278611,-0.361392,-0.42819,0.314578,-0.495269,-0.442971,0.0,-0.397829,0.387317,-0.02027,0.047459,0.233215,0.281353,0.521212,-0.098273,0.358172,-0.345792,-0.471062,-0.532193,-0.407737,0.149196,0.312251,-0.657342,-0.017632,-0.407936,-0.371741,0.170423,-0.017632,-0.155796,-0.590397,-0.129033,0.15847,-0.110805,-0.273914,-0.093167,0.042239,-0.047544,-0.488397,-0.047544,-0.251695,0.090507,-0.2829,0.453556,0.141138,0.611485,0.60191,-0.008211,0.333935,0.468752,-0.419931,0.14618,0.468752,-0.268273,-0.760265,-0.313509,0.368219,0.136877,0.382316,-0.272096,-0.488397,-0.408144,0.195383,-0.155796,0.020876,-0.155796,-0.065638,-0.815656,0.119855,-0.534104,-0.386415,-0.440302,-0.630333,-0.273914,0.415015,0.26845,-0.691396,0.158209,0.205032,0.0,-0.488397,-0.272096,-0.118794,0.327388,0.0,0.086576,0.246149,0.031491,-0.272096,-0.294169,-0.268273,-0.666306,-0.488397,-0.473648,-0.215487,0.089353,-0.634832,-0.534104,-0.251695,-0.60673,0.415015,-0.407936,-0.177215,0.327388,0.10266,0.480535,0.611485,0.794458,-0.310649,0.195383,-0.257575,0.364576,0.053256,-0.136947,-0.257575,-0.803825,-0.093167,0.794458,0.312128,0.575524,0.060032,-0.378793,-0.303838,-0.613971,0.0,0.546,-0.037822,0.475718,0.130267,0.023034,-0.037822,-0.161534,0.339667,0.124644,0.035786,-0.277494,-0.11206,0.310969,0.15847,-0.682522,-0.222673,0.609567,-0.454308,-0.407936,-0.223839,0.15847,-0.067903,-0.533992,#
9,0.36212,0.536488,-0.651462,-0.51373,0.290719,0.58685,-0.218164,-0.641892,0.353329,1.0,-0.321957,0.505377,0.406575,0.661707,-0.138777,0.073949,-0.327178,0.593328,0.801585,-0.653942,0.415382,-0.320069,0.552304,-0.066962,-0.533599,-0.468717,-0.167248,0.161183,0.006921,0.53439,-0.373141,-0.039059,-0.218164,0.047433,-0.351541,-0.050558,-0.327167,-0.532509,0.035388,-0.010961,0.009582,0.450395,-0.094866,0.582805,-0.641892,0.072419,0.298855,0.12433,-0.194551,-0.067535,0.425586,-0.789265,0.528186,-0.33644,0.404793,0.204439,0.280988,0.323186,-0.439264,0.0,-0.058128,0.526459,0.357986,-0.6763,0.17868,0.236766,-0.083691,0.208309,0.111108,0.185943,-0.519551,0.33281,0.254653,-0.134567,-0.34139,-0.354955,-0.654138,-0.327079,-0.542471,-0.097756,-0.654138,-0.297579,-0.800769,-0.005615,0.043911,-0.428239,-0.534027,-0.428239,-0.117274,-0.269126,-0.618374,-0.269126,-0.53411,0.770944,0.307146,-0.155264,0.030787,-0.002542,-0.327246,-0.258295,0.392195,-0.148249,-0.232702,-0.53411,-0.148249,-0.53411,-0.49473,-0.959725,-0.269126,-0.140345,0.165593,-0.218164,-0.618374,-0.327246,-0.412043,-0.297579,-0.585427,-0.297579,-0.427361,-0.653985,-0.140345,-0.428239,-0.998412,-0.606881,-0.047745,-0.534027,0.499481,0.334873,-0.23108,-0.53439,0.464465,0.0,-0.618374,-0.218164,-0.428248,0.002984,0.0,-0.327246,-0.199146,-0.582344,-0.218164,-0.484813,-0.53411,-0.258417,-0.618374,-0.501802,-0.347996,0.77092,-0.786896,-0.428239,-0.53411,-0.800769,-0.218164,-0.327079,-0.831469,0.002984,-0.123538,0.419086,-0.002542,0.002984,-0.765097,-0.412043,-0.534027,0.499653,-0.109902,0.520879,-0.534027,-0.506695,-0.428239,0.002984,-0.23412,0.561961,0.161227,-0.546004,0.338804,-0.885923,0.0,0.821518,0.234871,-0.350538,0.800446,0.402524,0.19086,0.314062,0.326728,-0.674555,0.427733,0.320588,-0.627757,0.997329,0.043911,-0.519297,0.079505,0.533217,0.224201,-0.327079,0.088712,0.043911,-0.197344,-0.42815,#
10,0.602475,0.293781,0.120377,-0.270054,0.42193,-0.320189,-0.163973,-0.482449,-0.401547,-0.321957,1.0,-0.150866,0.199161,0.075521,-0.135867,-0.381587,-0.245909,-0.596806,-0.40165,0.106595,-0.394726,-0.240565,-0.018669,-0.065534,0.192873,0.330303,0.23336,-0.06002,-0.108288,0.40165,-0.601841,0.34481,0.522425,-0.321959,-0.140923,-0.394605,-0.2459,0.275827,-0.321963,-0.040422,0.15133,-0.053167,-0.401403,-0.233693,0.135588,0.399766,-0.172665,0.038099,-0.053523,0.205285,-0.856484,0.292449,-0.163973,0.236185,0.304244,-0.073778,-0.739191,0.154701,0.154173,0.0,-0.245956,-0.163437,0.252388,0.219043,0.220567,0.091348,-0.394726,0.370806,0.135298,0.408516,0.394605,-0.142467,-0.245714,-0.400731,-0.426135,0.353643,0.106627,0.283403,0.374842,-0.401426,0.106627,-0.431476,0.429901,-0.320756,-0.437495,0.325897,0.03067,0.144523,-0.084521,-0.050491,0.256513,-0.490254,0.036937,-0.2458,-0.400122,0.401397,0.277173,0.034195,-0.245959,-0.055624,-0.228868,-0.746442,-0.491239,0.036937,-0.261584,0.036937,0.427601,0.417614,-0.050491,0.049874,0.127839,-0.163973,0.256513,-0.245959,0.015592,-0.431476,0.373639,0.325499,0.107917,0.513881,-0.400241,-0.321866,0.356752,0.381428,0.345712,0.630735,-0.163973,-0.194987,0.549985,-0.40165,-0.600167,0.0,0.256513,-0.163973,0.313681,-0.321273,0.0,-0.245959,-0.186439,-0.27428,-0.163973,-0.046764,-0.401439,0.28781,0.256513,0.21857,0.324101,-0.245777,0.298334,-0.321866,-0.401439,0.429901,-0.163973,0.283403,0.306558,-0.321273,0.18114,-0.102399,0.034195,-0.321273,0.051821,-0.156742,0.630735,-0.321439,-0.078945,0.321429,0.198688,0.198551,-0.321866,-0.321273,-0.090711,0.047086,-0.244699,0.365397,0.062729,0.548076,0.0,-0.367332,0.503945,0.467332,0.199466,-0.254888,0.503945,0.266793,0.277552,0.266261,-0.107709,-0.400781,0.360424,-0.281618,-0.437495,0.596617,0.416319,-0.135607,-0.197729,-0.245834,0.001329,-0.720184,-0.4813,0.137428,#
11,0.134596,0.505377,-0.130224,-0.458306,0.308397,0.256322,-0.219793,-0.334304,0.473003,0.505377,-0.150866,1.0,0.375466,0.727228,-0.491366,0.103947,-0.653251,0.750995,0.605679,-0.002554,0.308642,-0.061421,0.812415,0.219056,0.187647,-0.251757,0.003191,-0.44304,0.688926,0.403786,-0.154534,0.130501,-0.549483,-0.151326,-0.425756,0.063938,-0.423324,-0.455707,-0.22944,-0.369521,-0.171769,-0.033642,-0.15262,0.054582,0.235657,-0.244629,0.23894,0.721777,-0.228423,0.062384,0.185954,-0.442587,0.32969,-0.385107,-0.309941,-0.534651,-0.122821,-0.224642,-0.129161,0.0,-0.329675,0.240139,0.378942,-0.126746,0.267814,0.813463,0.382128,0.028999,0.754977,0.150583,-0.514407,-0.448122,0.335948,-0.085456,-0.486949,-0.214554,0.007663,-0.903831,-0.167483,0.465803,0.007663,-0.397525,-0.541675,-0.464345,0.478465,-0.203273,-0.810867,-0.655453,0.619561,-0.500684,-0.292896,-0.289458,-0.549797,0.414502,-0.243788,-0.192158,-0.211387,0.665092,0.247267,-0.115881,0.879436,-0.043128,-0.216908,-0.549797,-0.276014,-0.616085,-0.402072,-0.458001,0.031293,-0.51247,0.652948,0.109897,-0.292896,-0.412113,0.386284,-0.397525,0.033388,-0.048479,-0.403071,-0.655126,0.112103,-0.501961,-0.511179,-0.544802,-0.39904,-0.534172,0.219793,0.858046,-0.331756,-0.134595,0.165872,0.0,-0.292896,-0.219793,0.069194,0.281235,0.0,0.164845,0.095302,-0.547462,0.109896,0.025589,-0.405524,-0.369441,-0.292896,-0.246938,-0.473048,0.414647,-0.36181,-0.501961,-0.339236,-0.606983,0.219793,-0.903831,-0.449142,0.281235,-0.133854,0.711637,0.182495,0.355939,-0.168616,-0.579427,-0.468842,0.502675,0.342767,0.483701,-0.261322,-0.771058,-0.431437,0.355939,0.095537,0.791579,-0.029818,-0.386019,-0.4214,-0.489765,0.0,0.606683,0.238355,-0.048186,0.591121,0.125797,-0.090412,-0.203271,0.634408,-0.407891,0.182862,-0.028927,-0.480885,0.497179,0.478465,-0.279777,-0.227648,0.319909,-0.254848,-0.649629,0.034046,-0.33622,-0.531216,-0.446052,#
12,0.635861,0.406575,-0.014686,-0.389384,0.546493,0.790022,0.315415,-0.431233,-0.231508,0.406575,0.199161,0.375466,1.0,0.467621,-0.45046,-0.187375,0.04148,-0.068351,0.208535,-0.373782,0.654763,0.114663,0.321818,-0.289621,0.151227,-0.30572,-0.521851,-0.423025,0.536909,0.304256,-0.200776,0.551401,-0.270754,-0.068971,-0.97402,-0.651577,-0.406034,-0.38753,-0.080684,-0.648079,-0.105595,0.638599,-0.235739,-0.120073,0.021158,-0.01154,-0.323837,-0.054785,0.006584,-0.01206,-0.277199,-0.120925,0.454979,-0.397973,0.531375,0.392868,-0.380796,0.461733,-0.326089,0.0,0.295173,-0.219576,0.633367,-0.599403,0.322083,0.407663,-0.222485,0.454091,0.305526,0.500696,-0.342729,0.190417,0.159781,-0.661693,-0.676287,0.395104,-0.373895,-0.405924,-0.316917,-0.238557,-0.373895,-0.634743,-0.18588,0.292665,0.269329,-0.05732,-0.293801,-0.53147,0.107136,-0.809514,0.218167,-0.433966,-0.662862,0.661779,0.158722,-0.336114,0.251044,-0.139365,-0.406132,-0.055432,0.524372,-0.407705,-0.030006,-0.662862,-0.821764,-0.662862,-0.021837,-0.480179,-0.809514,-0.279546,0.061211,-0.270754,0.218167,-0.406132,0.213846,-0.634743,0.041343,-0.084345,-0.163919,-0.024341,-0.276495,-0.133184,-0.372124,0.025227,0.171972,-0.223523,-0.270754,0.476041,0.440029,-0.66321,-0.157882,0.0,-0.388301,0.315415,0.324512,-0.111946,0.0,-0.406132,-0.02045,-0.830347,-0.270754,0.170717,-0.288498,0.373928,0.218167,0.307753,-0.130572,0.661764,-0.114387,-0.133184,-0.288498,-0.18588,-0.270754,-0.405924,-0.152792,-0.111946,-0.234584,0.569173,-0.139365,-0.53049,-0.105232,-0.236672,-0.223523,0.370943,-0.29263,0.87274,0.145436,-0.104106,-0.133184,-0.111946,-0.204931,0.371233,0.546433,0.074114,0.228085,-0.082412,0.0,0.248781,0.070561,-0.316071,0.650389,0.095284,0.378482,0.416519,-0.017859,-0.439331,0.554905,-0.22514,-0.166111,0.430636,0.269329,0.139092,0.307736,-0.096187,0.179688,0.046033,0.684362,-0.469682,-0.596665,-0.139189,#
13,0.414624,0.661707,-0.1646,-0.633331,0.29105,0.282472,-0.333249,-0.700226,0.410593,0.661707,0.075521,0.727228,0.467621,1.0,-0.515888,-0.056949,-0.499771,0.474636,0.81953,-0.199978,0.365031,-0.096267,0.83258,0.112848,-0.021726,-0.400518,0.034107,-0.247343,0.289797,0.816291,-0.435199,-0.199566,-0.333249,0.205566,-0.51685,0.072322,-0.499754,-0.500979,-0.227053,-0.326633,-0.250416,0.094801,-0.411131,0.529676,-0.27157,-0.241665,-0.115811,0.359353,-0.571479,0.225541,-0.034097,-0.529383,0.354408,-0.287649,0.193023,-0.207782,-0.250737,-0.201287,-0.280383,0.0,-0.251916,0.327901,0.228503,-0.322319,0.358766,0.449417,-0.094795,0.157032,0.373808,-0.075777,-0.317823,-0.247175,0.036462,-0.030947,-0.601663,-0.111883,-0.192354,-0.499619,-0.222698,-0.003093,-0.192354,-0.565856,-0.414202,-0.263859,0.234969,-0.204869,-0.815736,-0.229829,0.183014,-0.643344,-0.401182,-0.643344,-0.417034,0.512083,-0.039701,0.154975,0.213361,0.36854,-0.003967,-0.237983,0.554935,-0.297469,-0.61058,-0.417034,-0.297469,-0.815863,-0.574207,-0.572968,-0.243255,-0.042589,0.590664,-0.333249,-0.401182,-0.499874,-0.033392,-0.565856,-0.263166,-0.040835,-0.652802,-0.593547,-0.452097,-0.654143,-0.656984,-0.7054,-0.462209,-0.399544,0.32796,0.409765,-0.212908,-0.411385,-0.056087,0.0,-0.401182,-0.333249,-0.21335,-0.256352,0.0,-0.499874,-0.025308,-0.708844,-0.333249,-0.123373,-0.815863,-0.51742,-0.401182,-0.336431,-0.582012,0.512079,-0.513056,-0.654143,-0.417034,-0.807138,0.32796,-0.499619,-0.547596,-0.256352,-0.033288,0.649616,0.36854,0.19311,-0.323286,-0.460273,-0.006474,0.660188,0.197775,0.644648,-0.006474,-0.735433,-0.229829,0.19311,-0.341121,0.77291,-0.048798,-0.233353,-0.002231,-0.558412,0.0,0.830975,0.577399,0.017685,0.809661,-0.223819,0.16596,0.448356,0.466437,-0.445118,0.625141,-0.027847,-0.360541,0.66408,0.234969,-0.414098,-0.018059,0.397648,0.016437,-0.499619,0.378769,-0.46527,-0.501438,-0.654006,#
14,-0.456336,-0.138777,-0.312004,0.101112,-0.711847,-0.265259,0.326023,0.253939,-0.318356,-0.138777,-0.135867,-0.491366,-0.45046,-0.515888,1.0,-0.415051,0.397496,-0.244856,-0.323238,-0.225463,-0.34881,0.091106,-0.722052,-0.084474,-0.376135,0.373437,-0.03472,0.605635,-0.63884,-0.38028,-0.00592,-0.22238,0.232873,-0.290181,0.475308,-0.034077,-0.085366,0.433025,-0.285925,0.824607,-0.254171,-0.128317,-0.024118,-0.081819,-0.088259,0.136587,0.232749,-0.229124,0.144666,0.347133,0.128219,-0.079494,-0.326023,0.392621,0.170914,0.083572,0.263249,0.292941,0.324784,0.0,0.477383,0.45351,-0.227512,0.37352,-0.905271,-0.451457,-0.286522,-0.659159,-0.383044,0.038678,0.706574,0.576593,0.047459,0.435747,0.504921,0.308159,-0.223004,0.326521,-0.282736,-0.335255,-0.223004,0.488296,0.321824,0.172496,-0.228351,-0.301225,0.277959,0.07853,-0.093519,0.568056,-0.373292,0.627735,0.326649,-0.488716,0.400645,-0.290158,-0.397258,-0.2939,-0.489034,-0.207903,-0.325741,0.282691,0.199721,-0.122838,0.216892,0.326649,0.053779,0.040738,0.248663,-0.102372,-0.555121,0.419172,-0.373292,0.465746,-0.317395,0.488296,-0.17688,-0.543084,0.118412,0.502405,0.517516,0.620032,0.137438,0.177015,0.341866,-0.132465,0.450222,-0.256689,-0.104145,-0.019014,0.062682,0.0,0.301333,0.326023,-0.205273,-0.132225,0.0,0.069862,0.173161,0.624066,0.419172,-0.353055,0.38614,-0.069741,-0.373292,-0.440489,0.486198,-0.488671,-0.067253,0.620032,0.38614,0.321824,-0.326023,0.326521,-0.053325,-0.132225,0.011346,-0.556088,-0.430251,-0.173196,0.075997,-0.089093,-0.132465,-0.639108,-0.189451,-0.626586,-0.073833,0.636357,0.141822,-0.638777,-0.342312,-0.694911,0.04423,-0.327779,-0.124418,0.086487,0.0,-0.315494,-0.155588,-0.112319,-0.307401,0.304013,0.234543,-0.027998,-0.363714,0.320521,-0.180181,0.454766,0.28612,-0.125514,-0.228351,0.399305,-0.51217,-0.368871,-0.096485,0.398343,-0.446711,0.363535,0.682065,0.635669,#
15,0.102216,-0.425165,-0.260352,0.453324,0.251554,0.130945,-0.491479,0.147056,0.192604,0.073949,-0.381587,0.103947,-0.187375,-0.056949,-0.415051,1.0,-0.350201,0.531677,0.234717,0.172308,0.181064,-0.26216,0.088528,0.002165,-0.311257,-0.426214,0.178747,0.084618,0.310536,-0.0265,0.344338,0.091383,0.064912,0.388354,0.20319,0.035232,0.210051,-0.411496,0.366388,-0.129126,0.381923,0.142538,0.49432,0.251352,-0.193608,-0.027195,0.227955,0.013482,0.17737,-0.378136,0.537352,0.084295,0.312197,-0.349622,-0.526502,0.097678,0.511034,-0.372312,-0.293538,0.0,-0.250372,-0.508831,-0.46098,-0.451662,0.546355,0.139167,0.635792,0.280182,0.064871,-0.311888,-0.614797,-0.097768,0.423361,0.083096,0.134773,-0.628645,0.175233,0.07481,0.426326,0.668295,0.175233,0.168399,-0.241501,-0.15842,-0.116392,-0.151455,-0.099444,0.246435,-0.261634,0.10276,0.380216,-0.253709,0.382655,0.445571,-0.393593,-0.047202,-0.295302,0.047794,0.398747,0.212403,-0.137254,0.07351,0.184663,0.382655,0.466534,0.36401,0.058109,0.049382,0.252389,0.39155,-0.078693,0.250376,0.380216,0.213283,-0.00643,0.168399,0.037565,0.679733,-0.08928,-0.398228,-0.28074,-0.151455,-0.099486,-0.133315,-0.317887,-0.099444,-0.491479,-0.161841,-0.311036,0.49972,0.412545,0.0,-0.291385,-0.491479,-0.497661,0.509102,0.0,0.375564,-0.419179,-0.045129,0.250376,-0.032148,0.008664,0.127914,0.380216,0.432629,-0.465011,0.445581,0.101498,-0.151455,0.027309,-0.259871,0.281287,0.07481,0.068138,0.509102,-0.412884,-0.251813,-0.087946,0.06662,-0.212741,0.220848,-0.081068,0.571609,0.103279,0.05134,-0.431283,-0.190623,-0.131618,0.530114,0.209353,0.019084,-0.209255,-0.072267,0.390784,-0.225576,0.0,0.198587,-0.208987,-0.227358,-0.258313,0.07898,-0.689842,-0.401791,0.319556,-0.336652,-0.404652,0.092405,-0.563629,0.031205,-0.116392,-0.404227,0.261815,0.393725,0.228805,-0.354187,-0.072183,0.472841,0.132813,-0.129046,#
16,-0.408164,-0.327178,0.431526,0.249965,-0.492661,0.157761,0.681677,0.568838,-0.40806,-0.327178,-0.245909,-0.653251,0.04148,-0.499771,0.397496,-0.350201,1.0,-0.606485,-0.408164,-0.00528,0.166124,0.496341,-0.611838,-0.172194,0.140514,0.043678,-0.379697,0.014627,-0.281643,-0.612246,0.441191,-0.196,-0.166632,0.215159,-0.064403,-0.03325,0.375501,0.247114,0.221762,-0.00259,-0.326663,0.092323,0.111962,-0.200215,0.038527,-0.133276,-0.492889,-0.600021,0.040685,0.049207,-0.098257,0.273661,-0.166632,0.099133,0.371389,0.514858,0.033859,0.290601,0.127,0.0,0.693027,-0.164926,-0.117527,0.060663,-0.46879,-0.678322,-0.401128,-0.22665,-0.656767,-0.196249,0.378571,0.40568,-0.249699,0.107697,0.303392,0.54715,-0.014788,0.345856,-0.232016,-0.407937,-0.014788,0.294693,0.408278,0.815488,0.245986,0.197853,0.61236,0.197853,-0.169633,-0.003235,0.213278,0.540261,0.08546,-0.249786,0.672085,-0.217197,0.233987,-0.608762,-0.249948,0.038868,-0.311928,0.386408,0.529105,0.08546,-0.212822,0.08546,0.138556,0.13094,-0.498205,0.099889,-0.498021,-0.166632,0.213278,0.363561,-0.061939,0.294693,-0.179494,-0.378891,0.203931,0.49435,0.149558,0.774257,0.331853,0.35642,0.251956,0.078399,-0.166632,-0.320038,0.284534,0.092765,-0.085169,0.0,0.213278,0.681677,0.238447,-0.326483,0.0,-0.249948,0.349249,0.358161,-0.166632,0.407983,0.627243,0.267241,0.213278,0.190961,0.293427,-0.249763,0.267737,0.774257,0.627243,0.408278,-0.166632,0.345856,0.275964,-0.326483,0.158676,-0.185898,-0.095591,-0.326483,0.481447,0.436836,0.078399,-0.326652,-0.21793,-0.310727,0.61236,0.587361,0.774257,-0.326483,-0.156829,-0.600121,0.441847,0.340427,0.106299,0.329116,0.0,-0.406013,-0.479237,-0.300556,-0.395599,-0.193838,0.028324,0.278092,-0.993263,0.22314,0.361076,0.115634,0.488178,-0.320452,0.245986,0.121934,-0.091814,-0.609012,0.368149,0.999933,0.439397,0.245986,0.403545,0.240534,#
17,-0.114558,0.149114,-0.444783,-0.111117,0.049905,0.200405,-0.404407,-0.126628,0.612249,0.593328,-0.596806,0.750995,-0.068351,0.474636,-0.244856,0.531677,-0.606485,1.0,0.72778,-0.080737,0.259015,-0.184891,0.573755,0.211048,-0.262294,-0.377378,0.099319,-0.015142,0.392826,0.232485,0.086025,-0.134418,-0.404407,0.100387,0.033151,0.285409,-0.201993,-0.50033,0.005949,-0.007682,-0.009329,-0.022126,0.172379,0.368236,-0.126628,-0.244664,0.477887,0.514566,-0.110444,-0.094309,0.713214,-0.524371,0.338381,-0.35391,-0.488328,-0.37246,0.469667,-0.345204,-0.22978,0.0,-0.297112,0.284542,-0.074045,-0.26555,0.176895,0.519271,0.590141,-0.128856,0.449784,-0.174776,-0.606977,-0.206471,0.467489,0.25956,-0.036326,-0.613214,-0.071169,-0.606301,-0.148838,0.640424,-0.071169,0.015169,-0.666933,-0.387468,0.270303,-0.440734,-0.662831,-0.352463,0.278748,-0.092828,-0.401834,-0.092828,-0.160375,0.467333,-0.165996,-0.219031,-0.437287,0.49207,0.321875,-0.076873,0.543664,0.253492,-0.050905,-0.243345,0.253492,-0.243345,-0.49694,-0.515724,0.323331,-0.185316,0.348602,0.28336,-0.401834,-0.090785,0.064729,0.015169,-0.207914,0.015169,-0.402345,-0.813998,0.155449,-0.352463,-0.622692,-0.665437,-0.507198,-0.662831,0.28336,0.511299,-0.673604,0.188684,0.540942,0.0,-0.401834,-0.404407,-0.447405,0.461685,0.0,0.321875,-0.075273,-0.194291,0.28336,-0.239574,-0.243345,-0.474446,-0.401834,-0.346277,-0.567325,0.467381,-0.484563,-0.352463,-0.160375,-0.748677,0.28336,-0.606301,-0.536936,0.461685,-0.281466,0.311817,0.060608,0.461685,-0.383104,-0.35463,-0.581059,0.591428,0.297208,0.113089,-0.581059,-0.676589,-0.352463,0.461685,0.080661,0.507425,-0.136973,-0.604423,-0.159185,-0.747891,0.0,0.703015,0.029422,-0.213508,0.282872,0.296353,-0.415002,-0.365484,0.572651,-0.469697,-0.059623,0.286034,-0.701891,0.55811,0.270303,-0.574615,-0.302458,0.528549,-0.08957,-0.606301,-0.231084,0.270303,-0.016253,-0.364187,#
18,0.166667,0.36212,-0.393458,-0.329296,0.064783,0.409664,-0.272166,-0.512362,0.595808,0.801585,-0.40165,0.605679,0.208535,0.81953,-0.323238,0.234717,-0.408164,0.72778,1.0,-0.420553,0.527779,0.004754,0.682878,-0.043987,-0.27318,-0.526745,-0.067191,-0.042706,0.145826,0.666667,-0.188113,-0.353493,-0.272166,0.350479,-0.277296,0.244715,-0.40815,-0.606881,-0.094704,-0.166742,-0.118967,0.249946,-0.249846,0.773508,-0.512362,-0.418319,0.072248,0.158738,-0.378195,0.07725,0.520831,-0.649827,0.408248,-0.298762,0.067332,-0.01839,0.34088,-0.278174,-0.357192,0.0,-0.153089,0.406913,-0.013034,-0.47084,0.259709,0.33761,0.072797,-0.053864,0.245119,-0.254274,-0.478634,-0.014997,0.122352,0.141091,-0.198983,-0.442812,-0.412772,-0.40804,-0.388857,0.154143,-0.412772,-0.18009,-0.594632,-0.133099,0.120096,-0.53424,-0.666214,-0.097602,0.021019,-0.45046,-0.520379,-0.45046,-0.255904,0.611975,0.11572,0.005288,0.103116,0.185805,0.102062,-0.047831,0.464811,0.016021,-0.431666,-0.255904,0.016021,-0.666317,-0.773299,-0.750928,-0.038749,0.128899,0.362615,-0.272166,-0.520379,-0.408248,-0.214759,-0.18009,-0.413449,-0.18009,-0.533145,-0.815865,-0.292502,-0.53424,-0.811647,-0.871813,-0.62164,-0.666214,0.408248,0.270833,-0.456438,-0.25,0.184856,0.0,-0.520379,-0.272166,-0.534251,-0.125152,0.0,-0.408248,-0.162771,-0.406747,-0.272166,-0.311581,-0.666317,-0.655844,-0.520379,-0.440527,-0.717265,0.611918,-0.654346,-0.53424,-0.255904,-0.998981,0.408248,-0.40804,-0.674497,-0.125152,-0.276247,0.511469,0.185805,0.337365,-0.531924,-0.214759,-0.261727,0.800297,0.031833,0.339032,-0.261727,-0.678401,-0.097602,0.337365,-0.311882,0.577616,0.055385,-0.395763,0.135671,-0.795992,0.0,0.996215,0.38675,-0.156629,0.57285,0.055633,-0.020355,0.358682,0.373147,-0.544541,0.503815,0.127928,-0.602475,0.78666,0.120096,-0.657223,-0.187929,0.637029,0.082049,-0.40804,0.216071,0.120096,-0.036544,-0.534128,#
19,-0.388933,-0.203707,0.61285,0.159312,-0.144386,-0.650351,-0.333053,0.549638,-0.017946,-0.653942,0.106595,-0.002554,-0.373782,-0.199978,-0.225463,0.172308,-0.00528,-0.080737,-0.420553,1.0,-0.508256,-0.105336,-0.006952,0.651356,0.394732,0.177335,0.47474,-0.186104,0.228942,-0.401581,0.378678,-0.227705,-0.333053,0.202576,0.34508,0.353059,0.507203,0.281486,0.230305,-0.030605,-0.208335,-0.806366,0.401942,-0.406989,0.566376,0.05665,-0.186222,0.373311,-0.278749,0.005781,-0.367692,0.481118,-0.333053,0.043711,-0.627545,-0.604594,-0.441766,-0.501779,0.233242,0.0,-0.25753,-0.382441,-0.387506,0.543337,0.050031,-0.153621,0.372215,-0.000341,-0.074516,-0.479201,0.169258,-0.701945,-0.03482,0.421217,0.006178,0.121819,0.9997,-0.010506,0.661026,0.40348,0.9997,-0.008542,0.382219,-0.205047,0.432916,0.681437,-0.017154,0.191216,0.255018,0.207132,0.368435,0.207132,0.368163,-0.499255,-0.390794,0.286613,-0.230097,0.477231,0.487962,-0.208263,-0.165033,0.240734,0.193368,0.383736,0.240734,0.383736,0.338947,0.746615,0.19151,0.00254,0.262449,0.312399,0.368435,0.487962,0.428007,-0.008542,0.225518,0.544968,-0.176797,0.191551,0.00254,0.191216,0.625832,0.255883,-0.132455,0.421622,-0.333053,-0.038735,-0.199173,0.796838,0.056212,0.0,0.368435,-0.333053,0.233606,0.242501,0.0,0.487962,0.412654,0.196782,0.312399,0.576314,0.383736,0.046162,0.368435,0.29449,0.06067,-0.499209,0.491882,0.191216,0.368163,0.397562,0.312399,-0.010506,0.508167,0.242501,0.458068,-0.215003,0.493428,0.242501,0.72963,-0.006297,0.406274,-0.204766,0.715375,-0.228344,0.406274,-0.125849,0.191216,0.242501,0.297285,-0.019261,-0.497019,0.228279,-0.417086,0.379704,0.0,-0.464147,-0.242139,0.227541,-0.422052,-0.676039,-0.604189,-0.526614,-0.051046,0.388094,-0.252066,0.027669,0.391822,-0.682322,0.432916,-0.031221,-0.000198,-0.453171,-0.025625,-0.010506,-0.028296,-0.305319,-0.209385,-0.250578,#
20,0.218391,-0.026105,-0.04719,0.055084,0.121376,0.888222,0.475509,-0.109672,0.08013,0.415382,-0.394726,0.308642,0.654763,0.365031,-0.34881,0.181064,0.166124,0.259015,0.527779,-0.508256,1.0,0.556435,0.218246,-0.54116,0.117263,-0.514142,-0.633569,-0.421132,0.513536,0.200192,0.204703,0.206602,-0.267474,0.250086,-0.746148,-0.309659,-0.401114,-0.592932,-0.083469,-0.640226,-0.107862,0.741047,-0.236445,0.246011,-0.109672,-0.598547,-0.302794,-0.274321,0.106193,-0.027181,0.395114,-0.168419,0.475509,-0.431634,0.208072,0.504041,0.309234,0.009347,-0.301552,0.0,0.412349,-0.229001,0.173642,-0.629341,0.231236,0.377116,0.006359,0.007842,0.268904,0.055531,-0.477063,0.255473,0.178138,-0.335641,-0.160656,0.048353,-0.502537,-0.401006,-0.442732,0.093389,-0.502537,-0.099636,-0.214013,0.401135,0.234303,-0.52503,-0.187065,-0.200813,0.088364,-0.799705,0.184245,-0.32369,-0.350086,0.669687,0.28129,-0.483854,0.216535,-0.281854,-0.022289,0.364561,0.536556,0.046651,0.089035,-0.350086,-0.478177,-0.65483,-0.424518,-0.558504,-0.493998,0.033564,-0.062069,-0.267474,0.184245,-0.40121,0.176947,-0.099636,0.004515,-0.237292,-0.059456,-0.346232,-0.165655,-0.020193,-0.400221,-0.33886,-0.382914,-0.654729,-0.267474,0.325767,0.099682,-0.345786,-0.143541,0.0,-0.409815,0.475509,-0.029719,-0.114082,0.0,-0.40121,-0.146635,-0.378097,-0.267474,0.151087,-0.180316,-0.026524,0.184245,0.265985,-0.548256,0.669724,-0.132604,-0.020193,0.124428,-0.514255,0.237754,-0.401006,-0.192529,-0.114082,-0.651564,0.539661,-0.281854,-0.180629,-0.13571,0.176947,-0.354385,0.730668,-0.421758,0.425739,0.113278,-0.104259,0.304024,0.229351,-0.241916,0.139908,0.669288,0.056124,0.218801,-0.231783,0.0,0.542128,-0.036675,-0.43654,0.232835,0.194396,0.063347,0.397162,-0.158695,-0.48948,0.535308,-0.206744,-0.416145,0.418295,0.234303,-0.170235,-0.099185,0.196407,0.173674,0.17186,0.664085,0.234303,0.041501,-0.027837,#
