0,1.0,0.223905,-0.373848,-0.155242,0.804153,0.050774,-0.333333,-0.640371,0.0,0.223905,0.491919,-0.240021,0.652415,0.235496,-0.444934,0.026388,-0.245112,0.212388,0.0,-0.20129,0.053495,-0.162823,0.235496,-0.152106,-0.00776,-0.351732,0.015833,-0.008228,0.455792,0.208616,-0.429004,0.672583,0.333333,0.0,-0.548176,-0.641714,-0.01998,-0.423057,-0.229078,-0.256132,0.653429,0.417437,0.0,-0.067781,-0.150675,0.428572,0.167038,0.287722,0.193987,-0.240021,0.062636,0.0,0.333333,-0.426506,-0.037669,0.215158,-0.218941,0.473015,-0.18974,0.333333,-0.447207,-0.303725,0.337868,-0.657143,0.589692,0.564094,0.073967,0.718048,0.518321,0.498274,-0.411215,-0.144714,0.333333,-0.588995,-0.502177,-0.250007,-0.185946,0.014278,0.2286,-0.01218,0.011827,-0.485242,0.011652,-0.237289,-0.353009,0.011827,0.0,0.011827,-0.205942,-0.166103,0.289696,-0.593224,0.011827,0.653439,-0.204051,-0.194282,0.0,0.218346,0.0,-0.222607,0.064416,-0.430527,-0.223221,0.011827,-0.209298,0.226491,0.324347,-0.096589,0.036431,-0.012083,0.228057,-0.333333,0.289696,0.0,-0.222607,-0.485242,0.202548,0.485242,0.23618,0.011652,-0.208656,-0.654308,-0.200063,0.175023,0.274774,0.218218,-0.333333,0.07186,0.223609,-0.5,-0.012578,0.333333,-0.289696,-0.499745,0.0,0.333333,-0.333333,0.0,-0.459791,-0.625895,-0.333333,-0.208907,-0.654308,0.478091,0.289696,0.342762,0.014641,0.499629,0.0,-0.226491,-0.604325,0.011652,0.0,0.226491,0.202548,0.199929,-0.226637,0.226417,-0.209298,-0.498784,-0.195248,-0.242694,0.218218,0.388564,-0.194937,0.41576,-0.396315,-0.246184,-0.816068,-0.024686,0.408244,0.492607,0.182574,0.0,0.428571,0.0,0.333333,-0.183576,0.025574,0.0,0.41576,0.20924,0.0,-0.307148,0.529169,-0.309298,-0.207993,-0.194659,-0.215449,0.237374,-0.353009,0.224209,0.409182,0.026225,0.025872,-0.499745,0.012909,-0.353009,-0.680309,0.0,#
1,0.223905,1.0,-0.05949,-0.993465,0.432159,-0.039062,-0.218164,-0.419117,-0.094925,0.536488,0.293781,0.413859,0.262521,0.447668,0.008004,-0.265121,-0.427798,0.24509,0.36212,0.059371,-0.026105,-0.419997,0.447668,0.268092,-0.082201,-0.132208,0.543223,-0.107994,0.131172,0.420535,-0.800742,-0.044218,-0.218164,-0.534219,-0.21229,0.095514,-0.326919,-0.181469,-0.42837,0.155321,-0.427664,-0.008947,-0.534061,0.067904,0.108023,0.327245,0.290719,0.742171,-0.654346,0.413859,-0.073899,-0.747977,0.528186,-0.242952,0.295847,-0.454178,-0.430772,0.341008,0.456328,-0.218164,-0.487825,0.537941,0.48649,0.059052,-0.004102,0.339688,-0.322739,0.067386,0.248476,0.364734,-0.187256,-0.007478,0.528186,-0.264793,-0.818369,0.047365,-0.203768,-0.327079,-0.05031,-0.097756,-0.075778,-0.297579,-0.349208,-0.652277,0.170579,-0.075778,-0.534027,-0.53411,0.381528,-0.269126,-0.493635,-0.269126,-0.53411,0.060024,0.165593,-0.071609,0.282519,0.210807,-0.327246,-0.258295,0.367232,-0.399783,-0.232702,-0.53411,-0.570691,-0.428239,0.008044,-0.16428,-0.140345,-0.798752,0.630742,-0.218164,-0.493635,-0.327246,-0.197757,-0.297579,-0.503663,-0.202607,-0.427361,-0.349208,-0.005615,-0.428239,-0.513851,-0.196948,0.231219,-0.208892,0.499481,0.409849,0.250334,-0.327246,0.058275,-0.218164,0.130062,-0.327079,-0.082313,-0.218164,-0.218164,0.0,-0.191746,-0.582344,-0.218164,0.212288,-0.428239,-0.188705,-0.493635,-0.44714,-0.253432,0.251632,-0.227315,-0.428239,-0.654138,-0.349208,-0.327246,-0.428239,-0.503663,-0.427449,0.457927,0.451583,-0.063761,0.176917,-0.208892,-0.994847,-0.208892,-0.084195,0.393721,0.380866,-0.082313,-0.374191,-0.53411,-0.533168,0.362116,0.627846,-0.426762,-0.227315,-0.319193,-0.286246,-0.218164,0.275304,0.547505,-0.139127,0.828418,0.25036,0.089416,0.246874,0.361251,-0.549699,0.457586,0.175808,-0.012369,0.576464,0.170579,0.043614,0.107034,0.137991,-0.055477,-0.327079,0.116504,-0.589426,-0.544237,-0.327246,#
2,-0.373848,-0.05949,1.0,0.017523,-0.184244,-0.299172,0.406356,0.73397,-0.232252,-0.531914,0.227786,0.177729,-0.013256,-0.301263,0.071517,-0.233045,0.328026,-0.396364,-0.232252,0.798188,0.121008,0.309026,-0.301263,0.381844,0.648983,0.273246,0.226474,-0.279536,0.255932,-0.306537,0.230501,-0.303972,-0.270904,0.131372,-0.112052,0.275554,0.058457,0.344642,-0.136971,-0.196019,-0.53105,-0.260096,-0.284397,-0.547188,0.833465,-0.417967,-0.80095,-0.011004,-0.403234,0.177729,-0.229922,0.425496,-0.270904,0.193604,-0.094903,-0.320346,-0.528574,-0.030204,0.507471,-0.270904,0.266532,-0.270496,-0.315778,0.521684,-0.290315,0.00849,0.04208,-0.412238,0.061432,-0.384705,0.335015,-0.31167,-0.270904,-0.013677,-0.088827,0.670506,0.417471,0.02785,0.105279,-0.225689,0.588255,-0.100383,0.664795,-0.015428,0.401653,0.163404,0.117468,0.121111,0.207123,-0.449336,0.348451,-0.015428,0.121111,-0.531058,-0.005853,0.138948,0.493477,0.106472,0.121907,0.039992,-0.028794,0.275917,-0.024825,0.121111,-0.365713,-0.149303,-0.021088,0.737892,-0.225022,-0.190513,0.095599,-0.270904,0.348451,0.040636,0.502755,-0.100383,0.183132,-0.057362,-0.107264,0.24622,-0.052993,0.310878,0.540623,0.436213,-0.220122,-0.009334,-0.270904,-0.100951,0.236249,0.568899,-0.609243,-0.270904,0.348451,0.116043,0.223568,-0.270904,-0.270904,0.0,0.386399,0.078896,-0.270904,0.841362,0.310878,-0.081758,0.348451,0.284758,-0.047596,-0.406055,0.436556,0.310878,0.383469,0.24622,0.121907,-0.149303,0.567916,-0.530784,0.367231,0.164384,0.150963,0.154547,0.82327,0.078896,0.403234,-0.211886,0.139416,-0.214351,0.996584,0.165062,0.553652,-0.21868,0.199072,-0.172782,-0.052993,0.436556,-0.618506,0.543295,-0.270904,-0.402825,-0.138215,0.265614,-0.214351,-0.378115,-0.127823,0.247959,-0.577327,0.364487,0.528526,-0.440988,0.700393,-0.51974,0.401653,0.371938,-0.177705,-0.573333,-0.290162,0.550042,0.659897,-0.372963,-0.04947,0.101589,#
3,-0.155242,-0.993465,0.017523,1.0,-0.382483,0.044812,0.212739,0.359151,0.133796,-0.510696,-0.267183,-0.419305,-0.226618,-0.41674,-0.034621,0.273101,0.377698,-0.193487,-0.323928,-0.109081,0.062285,0.444246,-0.41674,-0.313094,0.101732,0.11117,-0.5484,0.091974,-0.080193,-0.373373,0.760959,0.095075,0.270236,0.519554,0.171346,-0.128202,0.272263,0.138823,0.359858,-0.180403,0.493455,0.062243,0.484239,-0.047935,-0.105422,-0.35607,-0.262771,-0.712037,0.689552,-0.419305,0.118665,0.735361,-0.505973,0.218731,-0.333973,0.449955,0.457181,-0.32578,-0.456412,0.241487,0.437117,-0.540705,-0.468565,-0.096102,0.043816,-0.249919,0.357242,-0.063516,-0.159999,-0.322304,0.145495,-0.013728,-0.505973,0.21273,0.807102,-0.103497,0.152752,0.300473,0.043813,0.11849,0.044473,0.286608,0.347717,0.599219,-0.226649,0.009792,0.522757,0.540208,-0.371661,0.236986,0.498367,0.200149,0.540208,-0.015028,-0.201657,0.045576,-0.275059,-0.177015,0.362231,0.293035,-0.326667,0.37725,0.180358,0.540208,0.564544,0.41976,-0.032226,0.149946,0.199833,0.796605,-0.597104,0.18399,0.498367,0.275985,0.19603,0.286608,0.552451,0.210517,0.473049,0.313548,0.013497,0.343795,0.490458,0.179126,-0.266094,0.177109,-0.505973,-0.387261,-0.25071,0.275985,-0.101102,0.241487,-0.151242,0.298011,0.068361,0.241487,0.18399,0.0,0.129426,0.559194,0.18399,-0.247838,0.343795,0.172664,0.498367,0.453278,0.219715,-0.217534,0.215697,0.380693,0.603792,0.313548,0.362231,0.41976,0.51533,0.434062,-0.532151,-0.404347,0.016246,-0.16293,0.175128,0.988835,0.210787,0.140533,-0.440709,-0.376054,0.03418,0.341837,0.468806,0.553973,-0.323923,-0.583164,0.45214,0.215697,0.317652,0.281868,0.241487,-0.256941,-0.514793,0.16656,-0.806342,-0.198293,-0.073668,-0.268433,-0.285448,0.528175,-0.484097,-0.230002,-0.017549,-0.54866,-0.226649,-0.01547,-0.126603,-0.086853,0.008033,0.256141,-0.137162,0.595376,0.524973,0.362231,#
4,0.804153,0.432159,-0.184244,-0.382483,1.0,0.288565,-0.268051,-0.514956,-0.220027,0.432159,0.533179,0.357738,0.543618,0.20967,-0.369976,0.267883,-0.525621,0.089636,0.233997,-0.041759,0.289075,-0.516037,0.20967,0.097304,-0.207132,-0.032391,0.235818,0.079123,0.38581,0.516699,-0.559071,0.535808,0.245238,-0.211399,-0.455597,-0.516037,-0.401675,-0.096339,-0.07139,-0.219116,0.273219,0.580264,-0.219891,-0.118676,0.008701,0.38069,-0.078022,0.151739,-0.062934,-0.355228,-0.076625,-0.138796,0.473367,-0.108392,0.363498,0.137533,-0.346614,0.401188,0.090456,-0.268051,-0.280555,-0.216093,0.317367,-0.41389,0.626903,0.465057,0.20987,0.587501,0.388727,0.490204,-0.597351,0.137419,0.473367,-0.802292,-0.70834,-0.068441,-0.356325,-0.006107,0.067361,-0.22277,-0.200941,-0.665443,-0.212326,-0.420813,-0.283538,-0.200941,-0.333057,-0.328426,-0.267794,-0.472577,0.209499,-0.801432,-0.328426,0.39573,-0.373973,0.054515,0.385046,0.056245,-0.402077,-0.085195,0.087068,-0.584663,-0.384938,-0.328426,-0.438003,-0.177397,0.141844,0.022723,-0.317689,-0.25884,0.088102,-0.268051,0.209499,-0.402077,0.02606,-0.665443,0.022743,0.372346,-0.204187,-0.212326,-0.524349,-0.526164,-0.398779,0.324413,0.260586,-0.043035,-0.268051,0.086416,0.420846,-0.402077,-0.129982,-0.268051,-0.410076,-0.401872,-0.207413,0.444851,-0.268051,0.0,-0.493269,-0.86829,-0.268051,0.057189,-0.526164,0.394514,0.209499,0.303001,-0.150302,0.688889,-0.132424,-0.526164,-0.803719,-0.212326,-0.402077,-0.177397,0.022743,-0.097604,-0.069556,0.21384,-0.297,-0.401099,-0.361376,-0.458513,-0.043035,0.193012,-0.259931,0.683119,-0.207413,-0.144264,-0.656244,-0.25912,0.548317,0.420234,-0.105985,-0.132424,0.241535,-0.112787,-0.268051,0.100061,0.248096,0.033361,0.683119,0.387274,0.203247,0.280277,0.425808,-0.462717,0.20498,-0.369275,0.043006,0.454636,-0.283538,0.285002,0.658309,0.254415,-0.170644,-0.401872,0.35692,-0.494933,-0.632534,-0.01711,#
5,0.050774,-0.039062,-0.299172,0.044812,0.288565,1.0,0.321572,-0.101847,-0.23147,0.416415,-0.399632,0.384116,0.393924,0.145405,-0.281639,0.43247,-0.124455,0.071759,0.217651,-0.531462,0.66848,-0.095803,0.145405,-0.385155,-0.27582,-0.05813,-0.521344,-0.261405,0.231988,0.153378,0.226968,0.508365,-0.270798,-0.222931,-0.374486,-0.521324,-0.405791,-0.122064,0.36694,-0.5202,-0.095291,0.652183,0.167055,-0.068066,-0.101847,-0.06226,0.084248,-0.331997,0.381103,-0.32115,-0.004594,-0.14671,0.462613,-0.074122,0.41982,0.53472,0.277479,-0.085204,-0.306973,-0.270798,0.542438,-0.222112,0.4609,-0.379601,0.33089,-0.02157,0.199258,0.265649,-0.112215,0.414633,-0.617721,0.537615,0.462613,-0.395491,-0.156737,0.088858,-0.410698,-0.40599,-0.352511,0.186351,-0.662968,-0.116968,-0.621225,0.356027,0.227368,-0.254618,-0.290004,-0.662968,0.075375,-0.400003,0.176837,-0.020482,-0.662968,0.380396,-0.002844,-0.372881,-0.146418,-0.423132,-0.406197,0.35693,0.429004,-0.205482,0.383763,-0.662968,-0.365968,-0.531555,-0.055774,-0.570121,-0.660989,-0.190807,-0.386795,0.406197,0.176837,-0.406197,0.342058,-0.116968,0.009641,-0.120701,-0.160127,-0.218908,-0.112566,0.305389,-0.407593,-0.086892,0.120913,-0.415205,-0.270798,0.465292,0.208149,-0.406197,0.285044,-0.270798,-0.436046,0.543736,0.11245,0.434405,0.406197,0.0,-0.094045,-0.385246,0.406197,-0.031036,0.305389,0.362438,0.176837,0.281466,-0.167264,0.672993,-0.150056,-0.129056,-0.038946,-0.218908,-0.406197,-0.531555,-0.427441,0.352589,-0.529341,0.109086,-0.365968,-0.405209,-0.444363,0.020105,-0.81175,0.177138,-0.329048,0.646934,-0.290004,0.147914,0.123706,0.156049,0.148554,-0.080009,0.301279,-0.150056,0.298493,-0.281284,-0.270798,0.482472,-0.1015,-0.551573,0.224734,0.392882,0.217715,0.287647,-0.022255,-0.48782,0.104669,0.037888,-0.386929,0.411677,0.227368,-0.118975,0.304282,0.312031,0.212588,0.050749,0.265236,0.227368,0.034845,0.038081,#
6,-0.333333,-0.218164,0.406356,0.212739,-0.268051,0.321572,1.0,0.571311,-0.272166,-0.218164,-0.163973,0.017779,0.239219,-0.508788,0.425159,-0.39582,0.544694,-0.333003,-0.272166,-0.218064,0.475509,0.584247,-0.508788,-0.326746,0.452686,0.227592,-0.427496,-0.271543,0.17403,-0.509023,0.307188,0.229663,-0.111111,-0.272078,-0.326691,-0.213905,-0.1665,0.194741,-0.218169,-0.213443,-0.21781,0.380331,-0.271998,-0.610023,0.571311,-0.428572,-0.328509,-0.327214,0.338233,0.017779,0.097434,0.198169,-0.111111,0.114428,0.213457,0.306958,0.090152,0.24777,0.270235,-0.111111,0.745346,-0.059058,0.24777,0.174603,-0.574572,0.090534,-0.164371,-0.490973,0.115182,0.276819,0.190563,0.313548,-0.111111,-0.332562,0.226472,0.583348,-0.333153,-0.166582,-0.508,-0.272014,-0.272023,0.220564,0.291309,0.379663,0.196116,-0.272023,0.427398,-0.272023,0.266009,-0.332205,0.173818,0.379663,-0.272023,-0.217813,0.388096,-0.505132,0.22598,-0.331563,-0.166667,0.371012,0.257663,0.332121,0.372034,-0.272023,-0.505803,-0.218103,-0.05622,0.080491,-0.271211,-0.406805,-0.332082,-0.111111,0.173818,-0.166667,0.371012,0.220564,0.253185,-0.661693,0.47699,0.291309,0.565111,0.536868,0.241742,0.369493,0.11776,-0.333069,-0.111111,0.208736,0.372681,-0.166667,-0.406684,-0.111111,0.173818,0.690124,0.427398,-0.111111,-0.111111,0.0,0.225004,0.259725,-0.111111,0.363653,0.536868,0.166004,0.173818,0.148107,0.219617,-0.166543,0.202157,0.536868,0.364144,0.291309,-0.166667,-0.218103,0.253185,-0.2177,-0.217194,0.246543,-0.505803,-0.166261,0.35604,0.259725,-0.333069,-0.271577,-0.506836,-0.242527,0.427398,0.492366,0.437602,-0.271543,0.408244,-0.400423,0.565111,0.202157,-0.385281,0.371387,-0.111111,-0.314702,-0.375083,-0.123797,-0.242527,0.356938,0.306886,0.170638,-0.636072,0.180424,0.263457,-0.332543,0.319184,-0.19083,0.196116,0.523154,-0.375083,-0.384635,-0.250093,0.690124,0.314116,0.196116,0.298381,0.666667,#
7,-0.640371,-0.419117,0.73397,0.359151,-0.514956,-0.101847,0.571311,1.0,-0.196073,-0.419117,-0.31501,-0.011051,-0.23393,-0.628353,0.387532,-0.042245,0.660167,-0.324905,-0.196073,0.450677,0.253565,0.41346,-0.628353,0.140218,0.300362,0.127428,0.03161,0.00217,-0.038709,-0.630552,0.545253,-0.455575,-0.213457,0.307014,0.12718,0.371068,0.316102,0.269775,0.121732,0.034171,-0.418437,-0.05818,-0.003842,-0.249576,0.400497,-0.470188,-0.631102,-0.398303,-0.165959,-0.011051,0.15179,0.326525,-0.213457,0.161051,-0.035119,0.161771,0.099209,0.014636,0.385953,-0.213457,0.5896,-0.215948,-0.535811,0.303145,-0.508977,-0.296302,0.019736,-0.560034,-0.264802,-0.543531,0.262197,0.108343,-0.213457,0.188588,0.375268,0.414368,0.160006,0.274305,-0.101659,-0.191089,0.291588,0.364185,0.512452,0.358431,0.297346,-0.030295,0.456643,0.291588,-0.076849,-0.144356,0.255717,0.358431,0.291588,-0.418443,0.370301,-0.078794,0.374453,-0.306833,0.080046,0.177637,-0.266305,0.58823,0.347403,0.291588,-0.071203,0.10475,-0.093344,0.496869,-0.190524,0.050296,-0.311297,-0.213457,0.255717,0.291934,0.177637,0.364185,-0.091795,-0.258945,0.072481,0.195324,0.135091,0.637979,0.413781,0.34503,-0.180393,-0.161805,-0.213457,-0.358856,0.08423,0.692165,-0.257744,-0.213457,0.255717,0.285062,-0.02854,-0.213457,-0.213457,0.0,0.298674,0.447236,-0.213457,0.651622,0.637979,-0.055341,0.255717,0.2128,-0.035848,-0.319948,0.329893,0.637979,0.652501,0.195324,0.080046,0.10475,0.435134,-0.418227,0.172344,-0.104905,-0.071203,0.104805,0.637484,0.447236,0.150772,-0.180599,-0.07906,-0.518533,0.773878,0.401076,0.792789,-0.185744,-0.042289,-0.534053,0.135091,0.329893,-0.283984,0.337502,-0.213457,-0.342791,-0.465292,-0.075196,-0.518533,-0.161577,-0.290687,0.212115,-0.901827,0.268335,0.427782,-0.132445,0.527522,-0.423148,0.297346,0.097125,-0.27142,-0.477142,-0.02607,0.879388,0.530512,0.297346,0.500728,0.268391,#
8,0.0,-0.094925,-0.232252,0.133796,-0.220027,-0.23147,-0.272166,-0.196073,1.0,0.344541,-0.40165,-0.201421,0.019976,0.534116,-0.149352,-0.071819,-0.116745,0.789997,0.583333,-0.106144,0.072797,0.29717,0.534116,0.303585,0.126726,-0.202721,-0.174525,0.124294,0.27404,0.081761,0.217304,-0.341552,-0.272166,0.574979,-0.105114,0.453575,0.081568,-0.263181,-0.100201,0.021784,0.325229,-0.223437,0.166564,0.44274,-0.196073,-0.466569,0.047735,0.321294,-0.009138,-0.201421,0.579611,-0.160499,-0.272166,-0.101924,-0.630508,-0.425135,0.325982,-0.08276,-0.359137,0.408248,-0.304286,0.371985,-0.220694,-0.233285,-0.064815,0.434993,0.603938,-0.263076,0.502559,-0.42379,-0.249769,-0.561255,-0.272165,0.387674,0.313549,-0.612388,-0.009489,-0.40804,-0.362933,0.179005,0.154508,-0.150075,-0.190282,-0.038749,0.160128,-0.255904,-0.261727,0.154508,0.047293,-0.038749,-0.480956,-0.038749,0.154508,0.355687,-0.029401,0.005288,-0.19855,0.772542,0.612372,-0.406564,0.368167,0.612656,-0.407684,0.154508,0.46995,-0.097602,-0.746816,-0.369678,0.550301,0.212119,0.387115,-0.272166,-0.480956,0.102062,-0.047831,-0.150075,0.025841,-0.150075,-0.051046,-0.594632,0.319438,-0.53424,-0.377748,-0.476353,-0.673056,-0.417303,0.408248,0.25984,-0.912878,0.102062,0.210531,0.408248,-0.480956,-0.40804,-0.261727,0.408248,-0.272166,0.0,0.291548,0.036503,-0.272166,-0.412216,-0.53424,-0.670931,-0.480956,-0.492354,-0.209202,0.084402,-0.624871,-0.097602,-0.009489,-0.594632,0.612372,-0.097602,0.025841,0.337365,-0.127221,0.480658,0.46995,0.610883,-0.018755,0.036503,-0.018755,0.588468,0.058361,-0.302337,-0.261727,-0.804031,-0.255904,0.569401,-0.666658,0.571564,0.319438,-0.624871,-0.227983,-0.60647,0.408248,0.35331,-0.21403,0.303239,0.121996,-0.055273,-0.21403,-0.50157,0.340415,0.12627,0.022644,-0.019867,-0.146595,0.302123,0.160128,-0.549197,-0.631649,0.182008,-0.295738,-0.40804,-0.231881,0.160128,-0.073088,-0.408248,#
9,0.223905,0.536488,-0.531914,-0.510696,0.432159,0.416415,-0.218164,-0.419117,0.344541,1.0,-0.321957,0.413859,0.262521,0.447668,0.008004,0.208309,-0.427798,0.668476,0.801585,-0.428164,0.415382,-0.419997,0.447668,0.213513,-0.533303,-0.199025,0.117125,0.299464,0.131172,0.420535,-0.373141,-0.044218,-0.218164,-0.08628,-0.21229,0.095514,-0.326919,-0.246527,0.029591,0.155321,0.015571,0.450395,-0.094866,0.457042,-0.419117,0.096574,0.290719,0.268476,-0.220643,-0.303849,0.487982,-0.789265,0.528186,-0.153368,0.295847,0.009042,0.290138,0.341008,-0.007873,-0.218164,-0.166889,0.537941,0.268268,-0.453551,0.117972,0.339688,0.287705,0.067386,0.248476,0.185943,-0.748677,0.304083,0.528186,-0.264793,-0.34139,-0.490883,-0.654138,-0.327079,-0.542471,-0.097756,-0.53411,-0.297579,-0.800769,-0.269126,0.043911,-0.53411,-0.534027,-0.53411,-0.117274,-0.269126,-0.618374,-0.269126,-0.53411,0.499653,0.165593,-0.155264,0.187331,0.13246,-0.327246,-0.258295,0.367232,-0.002542,-0.232702,-0.53411,-0.148249,-0.428239,-0.49473,-0.632168,-0.140345,-0.408533,0.165593,-0.218164,-0.618374,-0.327246,-0.273429,-0.297579,-0.585427,-0.297579,-0.427361,-0.800769,-0.005615,-0.428239,-0.998412,-0.297431,-0.022311,-0.653974,0.499481,0.343545,-0.23108,-0.327246,0.464465,-0.218164,-0.618374,-0.327079,-0.534027,0.499481,-0.218164,0.0,-0.233869,-0.582344,-0.218164,-0.237475,-0.428239,-0.253036,-0.618374,-0.501802,-0.347996,0.77092,-0.786896,-0.428239,-0.654138,-0.800769,-0.327246,-0.428239,-0.585427,0.002984,0.000488,0.419086,-0.148249,0.176917,-0.653974,-0.582344,-0.653974,0.320588,-0.109902,0.352894,-0.534027,-0.506695,-0.53411,-0.134567,-0.077345,0.572028,-0.005615,-0.786896,0.072249,-0.885923,-0.218164,0.670531,0.107034,-0.259064,0.800446,0.621343,0.061886,0.202789,0.326728,-0.674555,0.427733,0.175808,-0.218524,0.997329,0.043911,-0.410699,0.079505,0.533217,-0.083327,-0.327079,0.088712,0.043911,-0.197344,-0.327246,#
10,0.491919,0.293781,0.227786,-0.267183,0.533179,-0.399632,-0.163973,-0.31501,-0.40165,-0.321957,1.0,0.096409,0.093668,-0.12722,-0.027486,-0.258105,-0.321534,-0.491431,-0.40165,0.32584,-0.394726,-0.315671,-0.12722,0.146167,0.198419,0.386759,0.381643,0.039819,-0.006731,0.316076,-0.601841,0.338926,0.522425,-0.401521,-0.037437,-0.315671,-0.245714,0.336939,-0.321965,0.080579,0.157798,-0.053167,-0.401403,-0.481527,0.385252,0.421645,-0.175231,0.146377,-0.076989,0.096409,-0.547687,0.292449,-0.163973,0.246221,0.22236,-0.253918,-0.734753,0.199444,0.31395,-0.163973,-0.366651,-0.149408,0.183984,0.30779,0.18863,0.188577,-0.242572,0.274868,0.226806,0.408516,0.330562,-0.158103,-0.163973,-0.49078,-0.426135,0.346066,0.106627,0.283403,0.374842,-0.401426,0.207417,-0.431476,0.429901,-0.490254,-0.437495,0.207417,0.03067,0.036937,-0.084521,-0.050491,0.256513,-0.490254,0.036937,-0.321439,-0.490073,0.401397,0.333491,0.135163,-0.245959,-0.055624,-0.242445,-0.599047,-0.491239,0.036937,-0.261584,0.144523,0.427601,0.593925,0.049874,-0.152471,0.127839,-0.163973,0.256513,-0.245959,0.113257,-0.431476,0.373639,0.325499,0.107917,0.429901,-0.320756,-0.321866,0.356752,0.545282,0.366881,0.525428,-0.163973,-0.191074,0.549985,-0.245959,-0.600167,-0.163973,0.256513,-0.245834,0.198688,-0.163973,-0.163973,0.0,-0.211855,-0.27428,-0.163973,0.106483,-0.321866,0.293978,0.256513,0.21857,0.324101,-0.245777,0.298334,-0.321866,-0.491653,0.429901,-0.245959,0.144523,0.373639,-0.321273,0.287144,-0.102399,-0.073028,-0.245361,0.099725,-0.27428,0.525428,-0.400781,-0.078945,0.199466,0.198688,0.198551,-0.401439,-0.400731,0.602468,0.051707,-0.320756,0.298334,-0.140697,0.548076,-0.163973,-0.464423,0.416319,0.548082,0.199466,-0.036469,0.416319,0.193257,0.277552,0.266261,-0.107709,-0.490752,0.416266,-0.281618,-0.437495,0.734328,0.416319,-0.135607,-0.369076,-0.245834,0.001329,-0.720184,-0.4813,0.268839,#
11,-0.240021,0.413859,0.177729,-0.419305,0.357738,0.384116,0.017779,-0.011051,-0.201421,0.413859,0.096409,1.0,-0.158986,0.170968,0.013712,0.39175,-0.654781,-0.041118,0.506273,0.151205,0.38163,-0.549433,0.170968,0.340748,-0.284571,0.494676,0.334426,0.050034,-0.040003,0.692333,-0.30658,-0.166903,-0.115566,-0.409968,0.115404,0.202813,-0.783287,0.442973,0.118913,0.002846,-0.550003,0.244671,-0.45344,0.014762,0.250143,-0.150489,-0.255926,-0.072896,-0.382436,-0.111309,-0.200732,-0.307893,0.240021,0.487993,0.529671,-0.276344,-0.17929,-0.215354,0.393774,-0.915637,0.099389,0.230513,0.054966,0.396226,0.150914,0.000836,0.289319,-0.222185,-0.045789,0.060906,-0.355482,0.335768,0.240021,-0.341087,-0.367114,0.156686,-0.309318,-0.205628,-0.270958,-0.213083,-0.405941,-0.325484,-0.461474,-0.443613,0.067993,-0.432752,-0.700995,-0.604654,0.036386,-0.529044,-0.223536,-0.443613,-0.604654,-0.359061,-0.403016,0.407251,0.533752,-0.103845,-0.540048,0.271839,0.212161,-0.323785,-0.407316,-0.604654,-0.337698,-0.768797,-0.399286,0.080498,-0.414868,-0.418282,-0.070104,0.151124,-0.223536,-0.806739,0.445254,-0.325484,-0.189062,-0.184311,-0.709898,-0.487889,-0.481691,0.006376,-0.398827,0.062236,-0.154934,-0.491914,0.195573,0.180145,0.22363,0.026669,-0.226757,-0.915637,-0.223536,0.123757,-0.320189,0.195573,0.151124,0.0,-0.107751,-0.429905,0.151125,0.288472,0.006376,-0.278911,-0.223536,-0.160816,-0.355323,0.327602,-0.294213,-0.678192,-0.420895,-0.487889,-0.540048,-0.768797,-0.389939,-0.402382,0.125417,0.099431,-0.117915,0.292646,-0.383179,-0.429905,-0.465879,-0.205581,-0.081794,0.485789,0.155431,0.003283,0.123959,-0.249512,0.206862,0.042178,-0.481691,-0.294213,-0.371288,-0.257515,-0.915637,0.613373,0.527209,0.138665,0.513509,0.320371,0.390803,0.884664,0.097504,-0.276332,0.575405,-0.326408,0.279311,0.428986,0.067993,0.067532,0.30896,0.540635,-0.411914,-0.102814,0.414498,-0.261511,0.014323,-0.07334,#
12,0.652415,0.262521,-0.013256,-0.226618,0.543618,0.393924,0.239219,-0.23393,0.019976,0.262521,0.093668,-0.158986,1.0,0.295901,-0.441228,-0.248196,0.157916,0.25827,0.036623,-0.18919,0.474069,0.25979,0.295901,-0.131075,0.384152,-0.417443,-0.354054,-0.424644,0.810051,-0.174622,-0.04004,0.668105,-0.331644,0.01997,-0.975106,-0.638462,-0.008147,-0.48663,-0.217508,-0.637085,0.207605,0.457383,0.019964,-0.41494,0.265264,0.046019,-0.094402,0.334574,0.156496,-0.158986,0.124808,-0.035659,0.375139,-0.567885,-0.017203,0.213647,-0.280219,0.53289,-0.178088,0.347955,0.072942,-0.27948,0.601775,-0.640765,0.25118,0.636544,0.087466,0.449697,0.585088,0.487622,-0.474075,-0.170535,0.375139,-0.576012,-0.550221,0.191653,-0.165101,-0.497213,-0.179178,0.023441,0.032022,-0.513241,-0.026608,0.148232,0.342264,0.032022,-0.04848,-0.402012,0.240798,-0.580348,0.279408,-0.214607,-0.402012,0.699865,0.202038,-0.636296,-0.01899,0.246918,0.012233,-0.257023,0.572076,-0.029894,0.174376,-0.402012,-0.656289,-0.214877,0.129505,-0.311142,-0.388612,-0.425897,0.272516,-0.331644,0.279408,0.012233,0.158609,-0.513241,0.169311,0.022784,0.188757,-0.026608,0.205259,-0.263106,-0.240041,0.134171,0.191431,-0.174589,-0.331644,0.581177,0.200593,-0.497466,0.033439,0.347955,-0.311223,-0.057057,0.379287,0.347955,-0.331644,0.0,0.031753,-0.675849,-0.331644,0.184376,-0.263106,0.454875,0.279408,0.338541,-0.022686,0.54262,-0.017193,0.17301,-0.23334,-0.026608,0.012233,-0.214877,0.169311,0.219786,-0.215092,0.674331,-0.176234,-0.496256,0.179459,-0.285215,-0.174589,0.432389,-0.144561,0.458578,-0.024715,-0.302154,-0.447344,-0.005234,0.386201,0.549173,0.604079,-0.017193,0.058463,-0.042401,0.347955,-0.146929,-0.346834,-0.308934,0.458578,0.1871,-0.039209,-0.32563,0.083956,-0.356917,0.220961,-0.158153,-0.140562,0.274204,0.342264,0.172951,0.044215,-0.355667,0.061609,-0.057057,0.411201,-0.37745,-0.727086,-0.069319,#
13,0.235496,0.447668,-0.301263,-0.41674,0.20967,0.145405,-0.508788,-0.628353,0.534116,0.447668,-0.12722,0.170968,0.295901,1.0,-0.683443,0.107023,-0.552288,0.672032,0.55192,-0.047549,0.058323,-0.102335,1.0,0.16215,0.059225,-0.333853,-0.057311,-0.400119,0.436216,0.525126,-0.135813,0.032908,-0.508788,0.080266,-0.318749,0.064742,-0.239617,-0.448064,-0.072785,-0.395605,-0.080024,-0.240705,0.054747,0.343873,-0.094458,-0.093451,0.318337,0.660599,-0.242081,0.170968,-0.008195,-0.389736,0.247125,-0.338884,-0.35812,-0.540842,-0.145468,-0.312371,-0.378376,0.218052,-0.500571,0.200891,0.324161,-0.217221,0.463889,0.392694,0.322573,0.262559,0.3579,0.003621,-0.439583,-0.533283,0.247125,0.18924,-0.434137,-0.337993,0.20577,-0.762792,0.026585,0.532756,0.09542,-0.40207,-0.546276,-0.271125,0.425924,0.077883,-0.813337,-0.368785,0.487231,-0.271125,-0.300683,-0.271125,-0.368785,0.446449,-0.247594,-0.016381,-0.390774,0.650681,0.327078,-0.27029,0.693871,-0.142157,-0.244393,-0.368785,-0.025101,-0.53228,-0.315148,-0.552862,0.055607,-0.141752,0.668451,0.188978,-0.300683,-0.218052,0.174233,-0.40207,-0.01877,0.175064,-0.48167,-0.563553,-0.085308,-0.550938,-0.465686,-0.699675,-0.402286,-0.239918,0.218052,0.709592,-0.477833,-0.218052,0.330761,0.218052,-0.300683,-0.254679,0.058967,0.218052,0.188978,0.0,0.133535,-0.500789,0.188978,-0.216628,-0.550938,-0.369214,-0.300683,-0.261866,-0.420774,0.349375,-0.366499,-0.53228,-0.250371,-0.563553,0.327078,-0.53228,-0.469263,0.407467,-0.098837,0.523328,0.488324,0.326282,-0.222888,-0.500789,-0.222888,0.550453,0.511776,0.505414,-0.355835,-0.842787,-0.386322,0.514592,-0.338269,0.804662,-0.085308,-0.366499,-0.120636,-0.534476,0.218052,0.647327,0.318972,-0.055068,0.523545,-0.225978,-0.144987,-0.288435,0.725186,-0.340587,0.017537,0.200557,-0.52199,0.425648,0.425924,-0.53663,-0.127142,0.327095,0.068825,-0.762792,-0.118785,-0.343818,-0.557456,-0.763181,#
14,-0.444934,0.008004,0.071517,-0.034621,-0.369976,-0.281639,0.425159,0.387532,-0.149352,0.008004,-0.027486,0.013712,-0.441228,-0.683443,1.0,-0.41789,0.32233,-0.313984,-0.149351,-0.157395,-0.179835,-0.016762,-0.683443,0.085557,-0.201416,0.417941,0.207271,0.576106,-0.614293,-0.300573,-0.187265,-0.367865,0.326285,-0.303988,0.45512,0.351621,0.036547,0.477852,-0.152887,0.793513,-0.109124,0.055307,-0.297433,-0.082878,-0.024023,0.064974,-0.005615,-0.284149,-0.023902,0.013712,0.211391,-0.179947,-0.266961,0.427155,0.416956,0.097603,0.229337,0.394863,0.503461,-0.266961,0.27267,0.575085,-0.126277,0.398793,-0.845653,-0.258628,-0.394926,-0.621675,-0.215458,0.041054,0.467772,0.513677,-0.266961,-0.009865,0.409778,0.128538,-0.468365,0.465178,-0.450798,-0.653553,-0.315619,0.396181,0.161873,-0.015719,-0.335462,-0.315619,0.488664,0.063264,-0.258093,0.360843,-0.474145,0.42419,0.063264,-0.523328,0.438755,0.051609,0.408887,-0.346861,-0.400441,0.015639,-0.406346,0.292017,-0.024975,0.063264,0.0626,0.238622,-0.118401,0.20891,0.18767,-0.245039,-0.352832,-0.266961,-0.474145,0.019775,-0.359692,0.396181,-0.337952,-0.698588,0.280637,0.161873,0.448718,0.305805,0.003462,0.34899,0.321747,-0.104133,0.556992,-0.411995,0.154761,0.019775,-0.15135,-0.266961,0.241942,0.133412,-0.217824,-0.266961,-0.266961,0.0,0.005707,0.507835,-0.266961,-0.033967,0.305805,-0.18219,-0.474145,-0.512749,0.394479,-0.400144,-0.181035,0.305805,-0.034013,0.161873,-0.400441,0.238622,0.023782,-0.523057,0.373103,-0.228495,-0.356458,0.178466,-0.042812,0.034226,-0.104133,-0.652503,-0.36454,-0.63666,0.115251,0.471001,0.126411,-0.652421,0.133204,-0.449379,-0.034814,-0.181035,-0.26054,0.047737,-0.266961,-0.291971,-0.084455,0.165244,-0.12281,0.475469,0.340349,0.324948,-0.504028,0.25765,0.180562,-0.000241,0.502973,0.035757,-0.335462,0.325877,-0.246285,-0.086606,-0.30671,0.541414,-0.177031,0.292802,0.554052,0.563583,#
15,0.026388,-0.265121,-0.233045,0.273101,0.267883,0.43247,-0.39582,-0.042245,-0.071819,0.208309,-0.258105,0.39175,-0.248196,0.107023,-0.41789,1.0,-0.446293,0.164329,0.395004,0.010328,0.341141,-0.403962,0.107023,-0.092168,-0.540959,-0.100095,0.116289,0.107482,-0.042643,0.456177,0.165615,-0.053389,0.13194,0.23932,0.249854,0.008003,-0.204742,-0.072652,0.48719,-0.184928,0.045272,0.305573,0.210493,0.531608,-0.40837,-0.081677,-0.012489,-0.365478,0.0,-0.341315,0.075296,-0.005061,0.3665,0.061763,0.032305,0.302426,0.392523,-0.457669,-0.170688,-0.39582,-0.019667,-0.405186,-0.427951,-0.233303,0.70223,-0.21501,0.498804,0.267213,-0.293495,-0.29584,-0.591518,0.270493,0.3665,0.001586,0.01559,-0.439813,-0.039867,0.176458,0.270336,0.369073,-0.226267,0.051089,-0.388965,-0.064703,-0.193204,-0.243952,-0.340396,0.110793,-0.389465,-0.117927,0.29134,-0.456052,0.110793,0.171232,-0.438677,0.275133,0.025927,-0.327564,-0.04398,0.411706,-0.201143,-0.267789,-0.035652,0.110793,0.293407,-0.098504,-0.100995,-0.044604,-0.166099,0.486253,-0.295091,0.30786,0.29134,-0.2199,0.062348,0.051089,-0.097989,0.536109,-0.445426,-0.406389,-0.774283,-0.005534,-0.221068,-0.189359,-0.32283,-0.155071,-0.39582,-0.272246,-0.059006,0.32985,0.197483,-0.39582,-0.345701,-0.081007,-0.55058,0.33718,0.30786,0.0,-0.449608,-0.180329,0.30786,-0.031647,-0.005534,0.030664,0.29134,0.370167,-0.54926,0.528125,-0.00127,-0.457103,-0.039867,-0.406389,-0.04398,-0.098504,-0.230496,0.142444,-0.413651,-0.363128,-0.079393,-0.009597,-0.465212,0.241,-0.137897,0.373202,-0.047439,0.374844,-0.236841,0.027067,0.198179,0.344159,-0.179545,-0.172178,-0.344126,-0.00127,0.505484,-0.25317,-0.39582,0.561696,0.206952,-0.207438,-0.063998,0.002707,-0.260939,0.353918,0.198172,-0.392784,-0.053056,0.006421,-0.308478,0.179931,-0.193204,-0.413569,0.51288,0.644739,0.225292,-0.230463,0.195867,0.365708,0.277153,-0.19791,#
16,-0.245112,-0.427798,0.328026,0.377698,-0.525621,-0.124455,0.544694,0.660167,-0.116745,-0.427798,-0.321534,-0.654781,0.157916,-0.552288,0.32233,-0.446293,1.0,-0.251297,-0.533689,0.05345,-0.014569,0.61743,-0.552288,-0.156037,0.360775,-0.241737,-0.350575,-0.060508,0.025052,-0.998143,0.552384,-0.038199,-0.217878,0.334103,-0.164224,-0.060256,0.736236,-0.110281,0.059492,-0.018311,0.011701,-0.081855,0.350659,-0.357197,0.12003,-0.075868,-0.217681,-0.226784,0.203605,0.026148,0.184235,0.328264,-0.217878,-0.266029,-0.140805,0.423309,0.117853,0.342305,-0.04087,0.46299,0.52372,-0.22334,-0.1049,-0.15018,-0.554073,-0.221055,-0.322315,-0.147421,-0.186159,-0.176415,0.375314,0.017736,-0.217878,0.216064,0.381337,0.357466,0.186109,0.208823,-0.078861,-0.11046,0.320819,0.370032,0.521721,0.694074,0.301242,0.320819,0.788561,0.320819,-0.015775,0.205508,0.258785,0.694074,0.320819,0.045603,0.710022,-0.504781,-0.131251,-0.228944,0.183834,-0.168478,-0.199995,0.598994,0.679608,0.320819,-0.047026,0.481137,0.275605,0.09766,-0.110134,0.075032,-0.234386,-0.217878,0.258785,0.735337,-0.168478,0.370032,-0.032064,-0.235475,0.532366,0.521721,0.563652,0.562355,0.420908,0.269796,0.23733,0.176416,-0.217878,-0.177815,0.027403,0.224686,0.110988,0.46299,0.258785,0.26132,0.351424,-0.217878,-0.217878,0.0,0.379665,0.455026,-0.217878,0.26077,0.562355,0.327145,0.258785,0.210557,0.368442,-0.326574,0.33506,0.999285,0.664674,0.521721,0.183834,0.481137,0.442686,0.035937,0.105317,-0.046865,-0.047026,-0.326022,0.649362,0.455026,0.176416,-0.09729,-0.055214,-0.53077,0.383805,0.326855,0.397158,-0.103872,-0.06671,-0.361526,0.563652,0.33506,0.072154,0.333782,0.46299,-0.672809,-0.789827,-0.321648,-0.53077,-0.189059,-0.321781,-0.4216,-0.791338,0.271662,0.004532,0.226639,0.163318,-0.433522,0.301242,0.073275,-0.338497,-0.809941,0.333984,0.796793,0.139221,0.301242,0.216485,0.245112,#
17,0.212388,0.24509,-0.396364,-0.193487,0.089636,0.071759,-0.333003,-0.324905,0.789997,0.668476,-0.491431,-0.041118,0.25827,0.672032,-0.313984,0.164329,-0.251297,1.0,0.822111,-0.241203,0.37311,0.150004,0.672032,0.084287,-0.050972,-0.599582,0.030265,-0.053271,0.462903,0.215236,-0.050495,-0.200143,-0.333003,0.380583,-0.309424,0.300687,-0.027504,-0.664304,-0.235544,-0.115011,0.174549,0.105879,-0.012837,0.66167,-0.324905,-0.343304,0.297875,0.550378,-0.221144,-0.041118,0.731344,-0.578229,0.374956,-0.511348,-0.511434,-0.232276,0.426202,0.078138,-0.173812,0.322515,-0.451456,0.320745,-0.054749,-0.538274,0.197678,0.587693,0.477109,-0.057931,0.534626,-0.231905,-0.651753,-0.340937,0.374956,0.161593,-0.118275,-0.749277,-0.221415,-0.49925,-0.241761,0.41303,-0.024468,-0.066509,-0.443176,-0.249,0.195922,-0.419864,-0.425446,-0.024468,0.160379,-0.249,-0.434645,-0.249,-0.024468,0.666499,0.16797,-0.316757,-0.109902,0.533016,0.483772,-0.229944,0.518869,0.331598,-0.205625,-0.024468,0.130476,-0.232997,-0.589982,-0.561295,0.357361,-0.054844,0.569246,-0.333003,-0.434645,-0.007866,-0.257592,-0.066509,-0.297745,-0.066509,-0.18786,-0.83273,0.169263,-0.65366,-0.687919,-0.669569,-0.573397,-0.614253,0.322515,0.383332,-0.642017,-0.007866,0.371125,0.322515,-0.434645,-0.49925,-0.425446,0.322515,-0.333003,0.0,-0.136746,-0.287668,-0.333003,-0.214726,-0.65366,-0.540611,-0.434645,-0.37997,-0.621343,0.52407,-0.534537,-0.232997,-0.221415,-0.83273,0.483772,-0.232997,-0.297745,0.186311,-0.260954,0.620159,0.130476,0.482596,-0.230289,-0.287668,-0.230289,0.81984,0.174912,-0.004293,-0.425446,-0.853041,-0.419864,0.37555,-0.382148,0.754393,0.169263,-0.534537,-0.023803,-0.742037,0.322515,0.585458,-0.010662,-0.181129,0.404515,0.174178,-0.445188,-0.374494,0.467595,-0.502415,0.18968,0.182408,-0.446289,0.643976,0.195922,-0.643949,-0.413001,0.375865,-0.004681,-0.49925,-0.023254,0.195922,-0.184485,-0.499505,#
18,0.0,0.36212,-0.232252,-0.323928,0.233997,0.217651,-0.272166,-0.196073,0.583333,0.801585,-0.40165,0.506273,0.036623,0.55192,-0.149351,0.395004,-0.533689,0.822111,1.0,-0.106144,0.527779,-0.191596,0.55192,0.303585,-0.269292,-0.202721,0.261787,0.124294,0.290956,0.52463,-0.188113,-0.358295,-0.272166,0.166613,-0.105114,0.453575,-0.407841,-0.263181,-0.100201,0.021785,-0.113282,0.249946,-0.249846,0.627215,-0.196073,-0.393668,0.064783,0.338568,-0.405111,-0.174201,0.60092,-0.649827,0.408248,-0.101924,-0.130715,-0.302162,0.352271,-0.013793,0.116191,-0.272166,-0.304283,0.42365,-0.151727,-0.233285,0.189815,0.456316,0.603938,-0.244285,0.392349,-0.254274,-0.741119,-0.044309,0.408248,-0.029444,-0.198983,-0.612389,-0.412772,-0.40804,-0.388857,0.154143,-0.255904,-0.18009,-0.594632,-0.45046,0.120096,-0.666317,-0.666214,-0.255904,0.021019,-0.45046,-0.520379,-0.45046,-0.255904,0.327899,-0.053902,0.005288,0.282784,0.351606,0.102062,-0.047831,0.433911,0.185805,-0.431666,-0.255904,0.016021,-0.53424,-0.773299,-0.369678,0.128899,-0.207186,0.362615,-0.272166,-0.520379,-0.408248,-0.047831,-0.18009,-0.413449,-0.18009,-0.533145,-0.998981,-0.133099,-0.53424,-0.811647,-0.476352,-0.592931,-0.81585,0.408248,0.280795,-0.456438,0.102062,0.184856,-0.272166,-0.520379,-0.40804,-0.666214,0.408248,-0.272166,0.0,-0.207678,-0.406747,-0.272166,-0.033167,-0.53424,-0.6506,-0.520379,-0.440527,-0.717265,0.611918,-0.654346,-0.53424,-0.412772,-0.998981,0.102062,-0.53424,-0.413449,-0.125152,-0.127221,0.511469,0.016021,0.610883,-0.417303,-0.406747,-0.417303,0.562883,0.031833,0.148517,-0.261727,-0.678401,-0.255904,0.141091,-0.249995,0.589205,-0.133099,-0.654346,-0.201473,-0.795992,-0.272166,0.808331,0.229691,-0.037905,0.57285,0.371836,-0.187929,0.208988,0.373147,-0.544541,0.503815,-0.044701,-0.146594,0.78666,0.120096,-0.522276,-0.187929,0.637029,-0.269333,-0.40804,0.216071,0.120096,-0.036544,-0.408248,#
19,-0.20129,0.059371,0.798188,-0.109081,-0.041759,-0.531462,-0.218064,0.450677,-0.106144,-0.428164,0.32584,0.151205,-0.18919,-0.047549,-0.157395,0.010328,0.05345,-0.241203,-0.106144,1.0,-0.207134,-0.078402,-0.047549,0.636588,0.348214,0.138651,0.524803,-0.066391,0.106621,-0.05277,0.066498,-0.496547,-0.218064,0.339205,0.125807,0.437317,0.239631,0.258006,0.053522,-0.023272,-0.427469,-0.527963,-0.07186,-0.186272,0.471213,-0.113226,-0.644724,0.157707,-0.654047,0.151205,-0.308722,0.327801,-0.218064,0.13471,-0.197142,-0.486073,-0.609427,-0.159822,0.361095,-0.218064,-0.162536,-0.252826,-0.519706,0.425745,0.03462,-0.118453,0.116836,-0.101144,-0.080061,-0.609447,0.250339,-0.486101,-0.218064,0.221391,-0.220748,0.348073,0.664951,0.202385,0.444172,-0.099701,0.808239,-0.229387,0.521875,-0.212152,0.301006,0.386661,-0.101673,0.326152,-0.010148,-0.212152,0.258521,-0.212152,0.326152,-0.427476,-0.206776,0.478409,0.380463,0.276118,0.197097,-0.233869,-0.266889,0.097803,-0.217763,0.326152,-0.041471,0.038414,0.050707,0.738205,-0.099406,0.080264,0.265366,-0.218064,0.258521,0.218064,0.243696,-0.229387,-0.026544,0.369979,-0.427166,0.106525,-0.426567,0.038414,0.420954,0.259335,-0.252843,0.24024,-0.218064,-0.298938,0.018753,0.742257,-0.331877,-0.218064,0.258521,-0.32693,-0.058658,-0.218064,-0.218064,0.0,0.27667,-0.065564,-0.218064,0.664055,0.038414,-0.152038,0.258521,0.209752,-0.153495,-0.326854,0.334984,0.038414,0.191239,0.106525,0.197097,0.038414,0.442747,-0.427254,0.579989,-0.041524,0.491731,0.2293,0.649629,-0.065564,0.649629,-0.086204,0.480022,-0.090227,0.788944,-0.102206,0.326152,-0.092962,-0.071903,0.031023,-0.426567,0.334984,-0.358575,0.331732,-0.218064,-0.261304,0.045686,0.325506,-0.090227,-0.64044,-0.356483,0.157999,-0.267905,0.271408,0.39727,-0.201629,0.556152,-0.434245,0.301006,0.03783,0.089657,-0.398554,-0.094824,0.202385,0.504961,-0.498388,-0.220725,-0.327097,#
20,0.053495,-0.026105,0.121008,0.062285,0.289075,0.66848,0.475509,0.253565,0.072797,0.415382,-0.394726,0.38163,0.474069,0.058323,-0.179835,0.341141,-0.014569,0.37311,0.527779,-0.207134,1.0,0.265575,0.058323,-0.170272,0.124541,-0.196459,-0.206807,-0.265578,0.629511,0.031992,0.204703,0.198912,-0.267474,0.074914,-0.57242,-0.152001,-0.40081,-0.25595,-0.088991,-0.513814,-0.102152,0.741047,-0.236445,-0.015108,0.253565,-0.576342,-0.306791,-0.098084,0.059869,-0.301975,0.499813,-0.168419,0.475509,-0.202189,0.033585,0.301557,0.320362,0.168692,0.146869,-0.267474,0.372138,-0.206481,0.048198,-0.37786,0.158738,0.483375,0.503399,-0.176464,0.407247,0.055531,-0.735943,0.222567,0.475509,-0.490841,-0.160656,-0.044579,-0.502537,-0.401006,-0.442732,0.093389,-0.350086,-0.099636,-0.214013,0.041255,0.234303,-0.65483,-0.187065,-0.350086,0.088364,-0.799705,0.184245,-0.32369,-0.350086,0.379899,0.110226,-0.483854,0.365289,-0.112478,-0.022289,0.364561,0.505399,0.211665,0.089035,-0.350086,-0.478177,-0.52503,-0.424518,-0.194839,-0.339971,-0.296264,-0.062069,-0.267474,0.184245,-0.40121,0.333223,-0.099636,0.004515,-0.237292,-0.059456,-0.514255,0.0,-0.020193,-0.400221,0.007282,-0.353475,-0.801785,-0.267474,0.335904,0.099682,-0.022289,-0.143541,-0.267474,-0.409815,0.17186,-0.187065,0.41607,-0.267474,0.0,-0.191015,-0.378097,-0.267474,0.377688,-0.020193,-0.018649,0.184245,0.265985,-0.548256,0.669724,-0.132604,-0.020193,-0.036266,-0.514255,-0.022289,-0.52503,0.004515,-0.114082,-0.522843,0.539661,-0.478177,0.00139,-0.045056,0.014805,-0.505852,0.501772,-0.421758,0.232835,0.113278,-0.104259,0.124428,0.044019,0.254788,0.14794,0.401135,-0.132604,-0.111158,-0.231783,-0.267474,0.364756,-0.20179,-0.324502,0.232835,0.491624,-0.099185,0.264718,-0.158695,-0.48948,0.535308,-0.366633,-0.021343,0.418295,0.234303,-0.010583,-0.099185,0.196407,-0.18684,0.17186,0.664085,0.234303,0.041501,0.156026,#
