0,1.0,0.115099,-0.227587,-0.408438,-0.001567,0.198552,0.198552,0.198552,-0.233103,0.430672,-0.096762,0.077956,0.591304,0.430672,0.026237,0.676464,-0.117814,-0.173789,0.281861,-0.108468,0.234053,-0.233497,0.361031,-0.601982,-0.66512,-0.986065,-0.197151,-0.185028,0.203601,0.433506,0.387173,0.174662,0.526096,-0.407914,0.000962,0.241877,0.718638,-0.009359,-0.399817,0.059997,0.105274,0.382327,0.082416,-0.339581,-0.177748,-0.298964,-0.37667,-0.374075,0.291464,0.415814,0.398114,-0.126537,0.394755,0.303588,0.622464,0.070765,-0.51549,-0.697906,-0.379171,0.005663,0.596593,0.433913,-0.248386,0.089906,-0.053114,0.246711,-0.062667,0.58301,-0.516115,0.170222,0.489182,-0.370545,-0.601982,-0.527613,-0.368358,0.400653,-0.22538,-0.407914,-0.213867,-0.024456,-0.128821,-0.703652,-0.194172,-0.306412,0.053302,-0.422557,-0.687462,-0.150078,-0.213867,0.077156,-0.558359,-0.315574,-0.37806,0.035835,-0.150078,-0.434264,-0.28436,-0.574085,-0.306412,-0.058594,0.120863,-0.327776,-0.44746,0.070778,-0.1724,-0.176311,-0.120289,0.148463,0.0,0.048306,-0.073108,0.43325,-0.541921,-0.550883,0.213688,-0.228872,-0.161894,-0.558359,-0.450607,-0.581065,-0.407914,-0.07455,-0.004047,-0.353292,-0.310432,-0.10598,-0.464412,0.624373,-0.344985,-0.407914,0.14481,-0.464412,-0.292596,-0.096321,-0.306088,-0.411361,0.0,-0.145843,-0.222968,-0.44746,0.070778,0.511925,-0.336706,0.213048,-0.167769,0.061932,0.0,0.381758,-0.115281,-0.991299,-0.140435,-0.3289,-0.180744,-0.611871,0.561893,-0.184919,0.257791,0.336618,-0.432783,-0.182475,0.206947,-0.567915,0.022886,-0.422924,0.229953,-0.084795,-0.611559,0.067352,-0.407914,-0.407914,0.387211,0.255682,-0.80072,-0.111943,-0.150236,-0.115281,0.085246,0.570024,0.181026,-0.574085,0.332419,-0.154836,-0.108563,0.325303,0.37431,-0.257991,0.341412,0.07137,-0.256517,0.413519,-0.328257,0.13142,0.636012,0.12639,-0.019596,-0.199632,-0.098999,-0.527613,-0.002689,0.251342,#
1,0.115099,1.0,0.669183,-0.509462,-0.505784,0.133152,0.133152,0.133152,-0.37672,0.516602,-0.335317,0.350631,0.133152,0.516602,0.516389,0.437315,-0.998161,0.121949,0.437902,0.26774,0.437174,0.122707,0.260184,0.23562,0.141556,-0.121966,0.286945,-0.401817,0.08857,0.267744,0.771959,0.369222,-0.187483,0.178533,-0.340864,-0.137464,0.34929,0.212232,0.037152,-0.242495,0.35054,0.75234,-0.248584,-0.441517,0.582668,-0.441559,0.609877,-0.444906,-0.178122,-0.144274,-0.105049,-0.149355,0.26773,-0.366905,-0.232632,-0.222033,-0.344715,-0.428096,-0.285675,0.428241,0.595997,-0.351235,-0.417741,-0.278456,0.752252,0.118818,-0.138587,-0.282188,-0.427104,-0.021154,-0.018571,0.397237,0.263471,0.208376,-0.012163,-0.122676,-0.562865,0.178533,-0.08692,0.532658,0.263896,-0.367034,-0.012043,0.656774,-0.180986,-0.435268,-0.325548,-0.237357,-0.08692,0.30585,-0.057645,-0.366116,0.012577,-0.170176,-0.237357,-0.005636,-0.037696,0.377773,0.656774,0.052977,-0.245631,-0.180937,-0.445234,-0.136206,-0.273597,-0.105565,-0.247485,0.480471,0.0,-0.178552,0.880451,0.267799,-0.268262,0.375614,0.329925,0.062605,-0.30606,-0.057645,0.410337,-0.326515,0.178533,0.035396,-0.445234,0.308131,-0.272556,0.229153,0.513992,0.596718,-0.335848,0.178533,0.611585,0.513992,0.101986,-0.264794,-0.347444,-0.707364,0.0,0.397559,0.514536,-0.445234,-0.136206,0.150715,0.350632,-0.248639,-0.282687,0.459218,0.0,0.078726,-0.256007,-0.103021,0.059735,-0.051795,0.435262,0.267799,-0.18801,0.395616,0.582172,-0.102573,-0.185201,-0.533233,0.868828,-0.124862,-0.166421,0.024779,0.307065,0.295248,-0.346919,0.350373,0.178533,-0.665441,-0.113601,0.479056,-0.180937,-0.294836,-0.067334,-0.256007,-0.257801,0.138385,0.157113,-0.097941,0.517254,-0.069396,-0.995439,0.238727,0.241216,0.193308,0.775345,-0.19452,-0.370877,0.51632,-0.070901,-0.123866,-0.235589,0.795229,-0.175083,-0.054872,0.251704,0.208376,0.421946,0.415676,#
2,-0.227587,0.669183,1.0,-0.298052,-0.29864,0.372834,0.372834,0.372834,-0.337987,0.304632,-0.218371,0.254066,-0.281085,0.304632,0.277917,0.273822,-0.670725,0.40182,0.620158,0.184056,0.272216,0.348052,-0.205019,0.139273,0.422956,0.236976,0.570877,-0.321173,0.370564,0.120775,0.090056,-0.076507,-0.472441,0.101242,-0.235335,-0.397552,-0.154889,0.53546,0.305415,-0.463594,0.17192,0.49451,-0.201352,-0.362824,0.38762,-0.353468,0.370583,-0.278843,-0.107196,-0.081605,-0.036186,-0.011292,0.153114,-0.385477,-0.161078,-0.218811,-0.220346,-0.269295,-0.187143,0.245241,0.396634,-0.70052,-0.308769,-0.233724,0.493072,0.472169,0.29254,-0.192795,-0.235119,0.350893,-0.012065,0.639465,0.175467,0.467577,0.304926,-0.064395,-0.336258,0.101241,0.250194,0.330189,0.519018,-0.1854,-0.307639,0.985898,-0.403477,-0.300989,-0.212356,-0.147601,0.277856,0.252471,0.27405,-0.19275,0.354735,-0.131373,-0.147601,0.333099,0.335227,0.275505,0.985898,-0.191305,-0.203846,0.198733,-0.216207,-0.432573,-0.111699,0.299451,-0.074012,0.331295,0.0,-0.053618,0.607708,0.1835,-0.128012,0.279017,0.673412,0.400744,-0.59289,0.27405,0.637319,-0.180378,0.101241,-0.25458,-0.216207,0.254066,-0.156185,0.521577,0.306919,-0.114385,-0.10319,0.101241,0.426454,0.306919,0.427109,-0.169236,-0.134483,-0.445598,0.0,0.299655,0.965169,-0.216207,-0.403477,-0.248542,0.22645,-0.156185,-0.118146,-0.010311,0.0,0.076187,-0.079975,0.252154,0.390318,0.361461,0.251298,0.1835,-0.060429,0.324088,0.36271,-0.101488,-0.047952,-0.315918,0.556454,0.249297,-0.497425,0.154569,0.647667,0.191632,0.151785,0.228792,0.101241,0.101241,-0.047585,0.338753,0.226856,-0.196122,0.28284,-0.079975,0.252506,-0.211395,0.410118,0.300233,0.295912,0.236844,-0.663645,-0.131604,0.528051,0.5624,0.510325,-0.054617,-0.189623,0.359316,0.076622,-0.387783,-0.155823,0.546794,-0.558517,-0.358387,0.52592,0.467577,-0.058564,0.224068,#
3,-0.408438,-0.509462,-0.298052,1.0,0.589068,-0.829593,-0.829593,-0.829593,-0.017281,-0.999527,0.200824,-0.221498,-0.829593,-0.999527,-0.596494,-0.816306,0.492252,-0.394003,-0.620446,-0.013173,-0.403198,-0.419359,-0.668036,-0.083204,-0.032538,0.358813,-0.267488,0.35048,-0.425813,-0.49978,-0.389946,-0.256473,-0.232689,0.328168,0.61669,-0.007473,-0.553023,0.175792,0.203093,0.659994,-0.21559,-0.620663,-0.492693,0.100736,-0.034304,0.974743,-0.296805,0.641736,0.374911,-0.374471,0.284675,0.166636,-0.499754,-0.359363,-0.514468,-0.444445,0.67567,0.817505,0.452532,-0.460755,-0.803385,-0.041541,0.428235,-0.481475,-0.200881,-0.526708,0.380106,-0.483324,0.888714,-0.278227,-0.276512,-0.431569,0.484296,0.26713,0.210752,-0.340452,0.409516,0.328168,0.029935,-0.158495,-0.176061,0.817057,0.379407,-0.22431,0.658893,0.16676,0.378139,0.2322,0.029935,0.261556,0.392907,0.854718,0.598323,-0.502027,0.2322,0.651395,0.540764,0.431504,-0.22431,0.60546,-0.026492,0.203232,0.995909,0.185122,0.693385,0.426112,0.640672,-0.010861,0.0,0.54133,-0.234354,-0.499884,0.640672,0.482621,-0.037863,0.092613,0.489729,0.392907,-0.449102,0.763255,0.328168,0.659126,0.582493,0.661163,0.441965,0.26713,-0.158713,-0.311428,0.755324,0.328168,0.053295,-0.158713,0.464839,-0.200716,0.817057,0.641946,0.0,0.414385,-0.152485,0.995909,0.185122,-0.04457,0.211505,0.441965,0.711798,-0.038865,0.0,-0.580219,0.657847,0.461634,0.37302,0.579573,0.028853,0.492252,0.034418,0.448633,-0.372454,-0.770979,0.506949,0.373369,-0.755227,0.426112,0.237248,0.426585,-0.3114,-0.501891,0.492001,-0.211501,0.328168,0.328168,-0.288868,0.011326,0.644181,0.235175,-0.407767,0.657847,0.271707,0.033149,-0.826728,0.819235,-0.923105,-0.420253,0.517502,-0.176954,-0.638016,-0.038682,-0.597503,0.004896,0.806414,-0.585994,0.34597,0.299778,-0.494336,-0.096846,0.364778,0.033289,-0.195277,0.26713,0.063661,-0.813442,#
4,-0.001567,-0.505784,-0.29864,0.589068,1.0,-0.403052,-0.403052,-0.403052,-0.001142,-0.583448,0.185762,-0.654077,-0.403052,-0.583448,-0.580129,-0.39494,0.49163,-0.37734,-0.615626,-0.499449,-0.815516,-0.386562,-0.195719,-0.066947,-0.418539,-0.063339,0.045654,0.37921,-0.024381,0.025225,-0.379226,-0.522339,0.222961,-0.33304,0.609907,-0.038174,-0.05242,-0.29375,0.23503,0.644588,-0.198051,-0.638617,0.071388,0.117796,-0.474651,0.512341,-0.367246,0.203608,0.427523,0.302858,0.288565,0.31023,-0.49943,0.00533,-0.015095,-0.239554,0.657394,0.385148,0.031219,-0.413718,-0.398549,-0.002838,-0.018608,-0.361671,-0.183968,-0.05678,0.802763,-0.108103,0.541395,-0.196687,-0.30998,-0.472981,-0.066947,0.267102,0.194663,0.347465,-0.030881,-0.33304,-0.403665,-0.125248,-0.139952,0.377406,0.412419,-0.223945,0.166515,0.18302,0.411187,0.268429,0.046992,-0.222348,0.425095,0.407731,0.598065,-0.480924,0.268429,0.221563,0.533053,0.004922,-0.223945,0.175672,-0.043511,0.22046,0.565749,0.202978,0.216883,-0.023107,0.640288,-0.333077,0.0,0.541014,-0.233891,0.015859,0.640288,0.04078,0.194495,-0.000388,-0.048768,0.425095,-0.407658,0.274839,-0.33304,0.216593,0.995292,0.211104,0.434456,0.267102,-0.560208,-0.320415,0.315367,-0.33304,0.053516,-0.560208,0.025523,-0.655428,0.377406,0.175795,0.0,0.414363,-0.133515,0.565749,0.677,-0.358861,0.245711,0.434456,0.231517,-0.576642,0.0,-0.068196,0.657451,0.046785,0.567542,0.117896,0.062199,0.015859,0.013556,0.016615,-0.392375,-0.400527,0.506656,0.833508,-0.48772,-0.023107,-0.247148,0.426411,0.207633,-0.501545,-0.018115,-0.193815,-0.33304,0.327753,0.34019,-0.404466,0.22046,0.216883,-0.004431,0.657451,0.234738,0.405447,-0.42312,0.392283,-0.505881,-0.004566,0.51687,0.215564,-0.246689,-0.058234,-0.670669,-0.015724,0.376061,-0.616765,0.345792,0.306343,-0.034379,-0.155221,0.179955,0.461944,-0.687232,0.267102,-0.483114,-0.362259,#
5,0.198552,0.133152,0.372834,-0.829593,-0.403052,1.0,1.0,1.0,0.15634,0.827046,-0.084825,0.100614,0.60503,0.827046,0.407141,0.688022,-0.115268,0.558126,0.680361,-0.085626,0.257767,0.580147,0.375569,-0.033831,0.161221,-0.133542,0.397285,-0.193515,0.599662,0.421238,-0.154319,-0.097448,0.112302,-0.408076,-0.490653,-0.155026,0.189222,-0.03415,-0.01926,-0.800836,0.094495,0.344653,0.603603,0.057417,-0.203265,-0.891658,0.058197,-0.502949,-0.298775,0.443501,-0.22007,-0.045,0.421216,0.426352,0.621195,0.53847,-0.574866,-0.69275,-0.366411,0.319961,0.593566,-0.06528,-0.290937,0.603033,-0.093319,0.725772,-0.125306,0.608082,-0.750813,0.504891,0.295604,0.540937,-0.602221,-0.155039,-0.033579,0.398807,-0.171841,-0.408076,0.217402,-0.032554,0.312647,-0.692561,-0.55671,0.296097,-0.797513,0.008382,-0.252302,-0.105669,0.217402,-0.384299,-0.183114,-0.70811,-0.42638,0.612191,-0.105669,-0.468722,-0.335561,-0.610744,0.296097,-0.811935,0.118668,0.075373,-0.827578,-0.322295,-0.571316,-0.195517,-0.527172,-0.16584,0.0,-0.441337,-0.108745,0.421325,-0.544132,-0.659812,0.179629,0.080212,-0.608977,-0.183114,0.546616,-0.644512,-0.408076,-0.866096,-0.39695,-0.801446,-0.359083,-0.138078,-0.048432,-0.221898,-0.599254,-0.408076,-0.280924,-0.048432,-0.309686,0.33411,-0.676569,-0.357662,0.0,-0.577679,0.319758,-0.827578,-0.322295,-0.223278,-0.350416,-0.339559,-0.586731,-0.343296,0.0,0.563353,-0.541556,-0.246818,-0.190569,-0.365079,-0.191562,-0.612114,0.090681,-0.612592,0.153533,0.831621,-0.432055,-0.146555,0.433652,-0.21127,-0.37651,-0.373547,0.456051,0.384299,-0.129398,0.090297,-0.408076,0.254385,0.34321,-0.190946,-0.383933,-0.111367,0.645165,-0.541556,0.046652,-0.273254,0.998285,-0.610744,0.744673,0.66492,-0.141093,-0.12625,0.78296,0.219303,0.311807,0.09458,-0.679769,0.397266,-0.297925,-0.468216,0.602459,-0.201048,-0.553901,-0.210159,0.313605,-0.155039,-0.457621,0.669196,#
6,0.198552,0.133152,0.372834,-0.829593,-0.403052,1.0,1.0,1.0,0.15634,0.827046,-0.084825,0.100614,0.60503,0.827046,0.407141,0.688022,-0.115268,0.558126,0.680361,-0.085626,0.257767,0.580147,0.375569,-0.033831,0.161221,-0.133542,0.397285,-0.193515,0.599662,0.421238,-0.154319,-0.097448,0.112302,-0.408076,-0.490653,-0.155026,0.189222,-0.03415,-0.01926,-0.800836,0.094495,0.344653,0.603603,0.057417,-0.203265,-0.891658,0.058197,-0.502949,-0.298775,0.443501,-0.22007,-0.045,0.421216,0.426352,0.621195,0.53847,-0.574866,-0.69275,-0.366411,0.319961,0.593566,-0.06528,-0.290937,0.603033,-0.093319,0.725772,-0.125306,0.608082,-0.750813,0.504891,0.295604,0.540937,-0.602221,-0.155039,-0.033579,0.398807,-0.171841,-0.408076,0.217402,-0.032554,0.312647,-0.692561,-0.55671,0.296097,-0.797513,0.008382,-0.252302,-0.105669,0.217402,-0.384299,-0.183114,-0.70811,-0.42638,0.612191,-0.105669,-0.468722,-0.335561,-0.610744,0.296097,-0.811935,0.118668,0.075373,-0.827578,-0.322295,-0.571316,-0.195517,-0.527172,-0.16584,0.0,-0.441337,-0.108745,0.421325,-0.544132,-0.659812,0.179629,0.080212,-0.608977,-0.183114,0.546616,-0.644512,-0.408076,-0.866096,-0.39695,-0.801446,-0.359083,-0.138078,-0.048432,-0.221898,-0.599254,-0.408076,-0.280924,-0.048432,-0.309686,0.33411,-0.676569,-0.357662,0.0,-0.577679,0.319758,-0.827578,-0.322295,-0.223278,-0.350416,-0.339559,-0.586731,-0.343296,0.0,0.563353,-0.541556,-0.246818,-0.190569,-0.365079,-0.191562,-0.612114,0.090681,-0.612592,0.153533,0.831621,-0.432055,-0.146555,0.433652,-0.21127,-0.37651,-0.373547,0.456051,0.384299,-0.129398,0.090297,-0.408076,0.254385,0.34321,-0.190946,-0.383933,-0.111367,0.645165,-0.541556,0.046652,-0.273254,0.998285,-0.610744,0.744673,0.66492,-0.141093,-0.12625,0.78296,0.219303,0.311807,0.09458,-0.679769,0.397266,-0.297925,-0.468216,0.602459,-0.201048,-0.553901,-0.210159,0.313605,-0.155039,-0.457621,0.669196,#
7,0.198552,0.133152,0.372834,-0.829593,-0.403052,1.0,1.0,1.0,0.15634,0.827046,-0.084825,0.100614,0.60503,0.827046,0.407141,0.688022,-0.115268,0.558126,0.680361,-0.085626,0.257767,0.580147,0.375569,-0.033831,0.161221,-0.133542,0.397285,-0.193515,0.599662,0.421238,-0.154319,-0.097448,0.112302,-0.408076,-0.490653,-0.155026,0.189222,-0.03415,-0.01926,-0.800836,0.094495,0.344653,0.603603,0.057417,-0.203265,-0.891658,0.058197,-0.502949,-0.298775,0.443501,-0.22007,-0.045,0.421216,0.426352,0.621195,0.53847,-0.574866,-0.69275,-0.366411,0.319961,0.593566,-0.06528,-0.290937,0.603033,-0.093319,0.725772,-0.125306,0.608082,-0.750813,0.504891,0.295604,0.540937,-0.602221,-0.155039,-0.033579,0.398807,-0.171841,-0.408076,0.217402,-0.032554,0.312647,-0.692561,-0.55671,0.296097,-0.797513,0.008382,-0.252302,-0.105669,0.217402,-0.384299,-0.183114,-0.70811,-0.42638,0.612191,-0.105669,-0.468722,-0.335561,-0.610744,0.296097,-0.811935,0.118668,0.075373,-0.827578,-0.322295,-0.571316,-0.195517,-0.527172,-0.16584,0.0,-0.441337,-0.108745,0.421325,-0.544132,-0.659812,0.179629,0.080212,-0.608977,-0.183114,0.546616,-0.644512,-0.408076,-0.866096,-0.39695,-0.801446,-0.359083,-0.138078,-0.048432,-0.221898,-0.599254,-0.408076,-0.280924,-0.048432,-0.309686,0.33411,-0.676569,-0.357662,0.0,-0.577679,0.319758,-0.827578,-0.322295,-0.223278,-0.350416,-0.339559,-0.586731,-0.343296,0.0,0.563353,-0.541556,-0.246818,-0.190569,-0.365079,-0.191562,-0.612114,0.090681,-0.612592,0.153533,0.831621,-0.432055,-0.146555,0.433652,-0.21127,-0.37651,-0.373547,0.456051,0.384299,-0.129398,0.090297,-0.408076,0.254385,0.34321,-0.190946,-0.383933,-0.111367,0.645165,-0.541556,0.046652,-0.273254,0.998285,-0.610744,0.744673,0.66492,-0.141093,-0.12625,0.78296,0.219303,0.311807,0.09458,-0.679769,0.397266,-0.297925,-0.468216,0.602459,-0.201048,-0.553901,-0.210159,0.313605,-0.155039,-0.457621,0.669196,#
8,-0.233103,-0.37672,-0.337987,-0.017281,-0.001142,0.15634,0.15634,0.15634,1.0,0.002046,-0.108339,-0.347447,0.15634,0.002046,0.434022,-0.150254,0.38805,0.117649,0.004017,-0.101802,-0.133559,0.576837,-0.103153,-0.030114,-0.265723,0.327538,0.091667,0.678236,0.177999,0.427966,-0.34413,-0.535501,0.083582,0.28537,0.422767,-0.182797,-0.367058,-0.489755,0.414068,-0.364629,0.560309,-0.096965,0.112276,0.936356,-0.194933,-0.005657,0.067995,0.269298,0.194782,-0.288983,-0.250612,0.390225,-0.102599,0.014719,0.097658,0.636971,0.335665,0.156058,0.006531,0.017892,-0.225858,0.408081,0.549222,0.477041,-0.081715,-0.041838,-0.11968,0.045569,-0.104239,-0.470554,0.198346,-0.00144,-0.007231,0.326043,0.399378,-0.294076,0.254599,0.28537,0.250582,0.023871,-0.071117,0.110872,0.24058,-0.276246,0.064079,0.806644,0.553983,0.347511,-0.204138,-0.329292,0.25263,0.108483,-0.000629,0.614133,0.347511,-0.030376,0.115977,-0.17777,-0.276246,-0.437862,0.627158,0.543378,-0.044268,0.542375,-0.151298,-0.166007,-0.115777,-0.354473,0.0,0.070721,-0.361981,-0.092012,0.310981,-0.211837,-0.504322,0.115904,0.40777,0.25263,0.111058,0.250175,0.28537,-0.059976,-0.044268,-0.347447,0.145497,-0.100715,-0.016405,-0.254176,-0.277935,0.28537,-0.248619,-0.016405,-0.277323,0.22673,-0.291525,0.524838,0.0,-0.150254,-0.293645,-0.044268,0.064079,-0.485439,0.106504,0.165148,-0.136666,-0.494647,0.0,-0.46929,-0.101125,0.210787,0.072834,-0.308844,0.254715,-0.092012,0.089382,-0.56161,0.164123,0.113006,0.075098,0.217717,-0.1218,0.230358,0.541076,0.245667,-0.523646,-0.165919,0.408415,-0.36781,0.28537,0.2587,-0.410133,-0.241437,0.081097,0.765319,0.191674,-0.101125,-0.354761,-0.308704,0.114557,-0.17777,0.127033,0.646765,0.351796,-0.601764,-0.14982,0.039047,-0.114519,0.093559,-0.285145,-0.449553,-0.299241,-0.511841,0.02567,-0.343687,0.134894,0.166225,-0.122003,0.326043,-0.462472,0.250582,#
9,0.430672,0.516602,0.304632,-0.999527,-0.583448,0.827046,0.827046,0.827046,0.002046,1.0,-0.204604,0.22493,0.827046,1.0,0.590606,0.828956,-0.49988,0.387585,0.630871,0.013377,0.409446,0.410157,0.661954,0.062328,0.016732,-0.381343,0.267125,-0.355911,0.431788,0.507525,0.397003,0.255584,0.236294,-0.333253,-0.608021,0.006956,0.563179,-0.160407,-0.20624,-0.653998,0.218931,0.631641,0.480581,-0.118186,0.035489,-0.972038,0.284873,-0.647199,-0.358782,0.379262,-0.264911,-0.168137,0.507498,0.353964,0.522441,0.432926,-0.684848,-0.830801,-0.459545,0.456345,0.815834,0.042185,-0.433581,0.46953,0.204666,0.534139,-0.368563,0.490038,-0.89357,0.2856,0.288187,0.42276,-0.4918,-0.270297,-0.213138,0.345728,-0.415862,-0.333253,-0.030399,0.160951,0.17879,-0.828802,-0.385286,0.229271,-0.651285,-0.18478,-0.399589,-0.235798,-0.030399,-0.248083,-0.398995,-0.85118,-0.591929,0.490212,-0.235798,-0.645343,-0.532528,-0.4373,0.229271,-0.598696,0.026141,-0.206382,-0.995195,-0.187991,-0.686234,-0.416455,-0.633093,0.023149,0.0,-0.529337,0.23909,0.50763,-0.649628,-0.48641,0.058866,-0.090252,-0.497318,-0.398995,0.436852,-0.771006,-0.333253,-0.652715,-0.575372,-0.654496,-0.447228,-0.253762,0.145736,0.324495,-0.753487,-0.333253,-0.037776,0.145736,-0.455534,0.190007,-0.813211,-0.651894,0.0,-0.404986,0.161644,-0.995195,-0.187991,0.057078,-0.214783,-0.428194,-0.70479,0.040257,0.0,0.582545,-0.650409,-0.481906,-0.361686,-0.571498,-0.0293,-0.49988,-0.014391,-0.439346,0.382059,0.764373,-0.513684,-0.379155,0.758154,-0.431812,-0.240924,-0.42991,0.326361,0.491494,-0.499625,0.214778,-0.333253,-0.333253,0.295099,0.005538,-0.654164,-0.237825,0.39893,-0.650409,-0.257725,-0.017039,0.824383,-0.815896,0.921749,0.411145,-0.524165,0.180791,0.649046,0.040498,0.607857,-0.003842,-0.802752,0.596106,-0.349846,-0.29774,0.50334,0.110969,-0.369116,-0.04819,0.199422,-0.270297,-0.063506,0.810048,#
10,-0.096762,-0.335317,-0.218371,0.200824,0.185762,-0.084825,-0.084825,-0.084825,-0.108339,-0.204604,1.0,-0.509708,-0.084825,-0.204604,-0.211764,-0.330761,0.314597,-0.594689,-0.314391,-0.76262,-0.330655,-0.55784,0.067258,0.32726,-0.067784,0.048767,-0.265833,-0.138388,0.338265,-0.212691,-0.386949,0.323547,-0.540599,-0.508526,-0.017307,0.514799,0.16344,0.007823,-0.218925,0.413094,-0.522788,-0.439741,0.216602,-0.218973,0.334285,0.129511,-0.552736,0.123616,0.026651,0.478941,-0.243086,0.437674,-0.213926,-0.250646,0.192387,0.242372,0.007115,0.317299,0.243743,-0.443274,-0.091435,0.305515,0.319959,-0.349011,0.043191,-0.027205,0.034226,0.272708,-0.063706,-0.25907,-0.336937,-0.317292,-0.289003,-0.001839,-0.269725,0.502014,0.050774,-0.508526,-0.388214,-0.232446,-0.447686,0.307925,-0.384026,-0.280411,-0.105361,-0.282247,-0.132696,0.003455,0.101633,-0.078396,-0.360318,0.313467,-0.242277,-0.414173,0.003455,0.192346,-0.325122,0.067665,-0.280411,-0.246618,0.177907,-0.545982,0.177381,-0.58097,0.001548,-0.383783,-0.477789,0.305026,0.0,0.1467,-0.483285,-0.202549,-0.018065,0.04761,-0.19211,-0.575528,-0.271669,-0.360318,-0.355895,0.449016,-0.508526,0.174517,0.177381,-0.058306,-0.431047,-0.461564,-0.223677,-0.344842,-0.187532,-0.508526,-0.55625,-0.223677,-0.110257,0.055435,-0.125557,-0.095541,0.0,-0.365948,-0.158606,0.177381,-0.065727,0.045867,-0.509707,0.16344,0.484913,0.102709,0.0,0.342464,-0.008715,0.059503,0.016707,0.141954,-0.368799,-0.202549,-0.424014,0.077254,-0.442163,0.01238,0.144722,0.066362,-0.444659,0.043201,-0.098899,0.232478,0.11322,0.294236,-0.239366,-0.03178,-0.508526,0.209731,0.510147,0.046901,-0.04799,-0.045999,0.07886,-0.008715,0.406894,0.355661,-0.0909,0.067665,-0.333408,0.081274,0.284832,0.033247,0.024145,0.470543,-0.455102,-0.419986,0.338321,0.180386,-0.305182,0.455994,0.192074,-0.506539,0.264021,0.100903,-0.020412,-0.001839,0.170469,-0.388214,#
11,0.077956,0.350631,0.254066,-0.221498,-0.654077,0.100614,0.100614,0.100614,-0.347447,0.22493,-0.509708,1.0,0.100614,0.22493,0.21473,0.356348,-0.327327,0.599432,0.429022,0.763593,0.792796,0.100793,-0.037018,-0.322036,0.542567,-0.049693,-0.334191,-0.320231,-0.344254,-0.327259,0.405344,0.276171,0.05379,0.509175,-0.48948,-0.071222,-0.163018,0.488328,-0.207702,-0.428245,0.05404,0.436301,-0.232701,-0.271863,0.130659,-0.154303,0.197363,-0.164059,-0.152055,-0.475691,0.255254,-0.432044,0.229292,0.20844,-0.228067,-0.124386,-0.507692,-0.341281,-0.26193,0.487942,0.072548,-0.316471,-0.346837,0.356248,-0.052973,-0.13364,-0.526714,-0.155082,-0.018828,0.611953,0.312093,0.440712,0.302065,-0.501174,-0.208138,-0.528235,0.381886,0.509175,0.394848,0.21702,0.425774,-0.33312,-0.069393,0.200691,0.075259,-0.191751,-0.33312,-0.031038,-0.08215,0.50443,-0.082772,-0.322915,-0.213206,0.360243,-0.031038,-0.197015,-0.163745,-0.082772,0.200691,0.232377,-0.190985,0.056575,-0.197015,0.075259,-0.011198,0.356106,-0.035603,0.262768,0.0,-0.207228,0.233211,0.218218,-0.501174,-0.062348,0.137324,0.141624,0.26644,-0.082772,0.324532,-0.464827,0.509175,-0.179441,-0.651665,0.047619,-0.163018,-0.035603,0.242884,0.348068,0.172486,0.509175,0.09716,0.242884,0.105875,0.569741,0.105875,0.085373,0.0,-0.089087,0.12439,-0.197015,-0.426468,0.502438,0.047619,-0.163018,-0.031038,0.488961,0.0,-0.075069,-0.055161,-0.055405,-0.503308,0.274819,-0.069393,0.218218,0.347333,0.330222,0.024283,0.182836,-0.224073,-0.532225,0.172981,-0.076308,0.10655,-0.425708,-0.171229,0.263181,0.233686,0.058398,0.509175,-0.218218,-0.459693,0.371825,0.056575,-0.487114,-0.045723,-0.055161,-0.0,-0.315952,0.137169,-0.082772,0.062994,-0.518353,-0.297927,-0.00925,-0.0,-0.270521,0.484077,0.324532,0.109193,0.252594,0.200691,0.028227,-0.170297,0.222951,-0.244284,-0.529448,0.485257,-0.501174,0.347333,-0.08215,#
12,0.591304,0.133152,-0.281085,-0.829593,-0.403052,0.60503,0.60503,0.60503,0.15634,0.827046,-0.084825,0.100614,1.0,0.827046,0.407141,0.688022,-0.115268,0.156712,0.264696,-0.085626,0.257767,0.177536,0.796988,-0.033831,-0.226031,-0.551296,-0.084296,-0.193515,0.199759,0.421238,0.365625,0.318286,0.534619,-0.408076,-0.490653,0.250377,0.677328,-0.462812,-0.41009,-0.367483,0.094495,0.344653,0.603603,0.057417,-0.203265,-0.768695,0.058197,-0.502949,-0.298775,0.443501,-0.22007,-0.183549,0.421216,0.602123,0.621195,0.53847,-0.574866,-0.69275,-0.366411,0.319961,0.593566,0.440042,-0.290937,0.603033,-0.093319,0.257653,-0.537948,0.608082,-0.750813,0.112408,0.295604,0.044191,-0.602221,-0.579051,-0.417208,0.398807,-0.220826,-0.408076,-0.192881,-0.032554,-0.118205,-0.739597,-0.205606,-0.351235,-0.41673,-0.038187,-0.299338,-0.157065,-0.192881,-0.384299,-0.571453,-0.755929,-0.805801,0.553076,-0.157065,-0.859783,-0.73797,-0.610744,-0.351235,-0.466881,0.118668,-0.341732,-0.873585,0.058488,-0.622308,-0.589332,-0.577055,-0.16584,0.0,-0.499408,-0.108745,0.421325,-0.594016,-0.659812,-0.314816,-0.333502,-0.159614,-0.571453,0.054013,-0.696775,-0.408076,-0.510828,-0.442958,-0.801446,-0.359083,-0.56209,-0.048432,0.412096,-0.681933,-0.408076,-0.280924,-0.048432,-0.709494,0.283487,-0.723605,-0.409497,0.0,-0.577679,-0.406436,-0.873585,0.058488,0.231279,-0.350416,-0.339559,-0.638126,0.061534,0.0,0.563353,-0.591793,-0.655298,-0.605061,-0.778174,-0.191562,-0.612114,0.032102,-0.612592,0.153533,0.831621,-0.48954,-0.194076,0.433652,-0.605085,0.027818,-0.542115,-0.034885,0.384299,-0.611802,0.090297,-0.408076,-0.408076,0.34321,-0.190946,-0.801039,-0.162359,0.22875,-0.591793,-0.393946,0.126396,0.58187,-0.999083,0.744673,0.235755,-0.141093,0.294959,0.343424,-0.310866,0.311807,0.036627,-0.679769,0.397266,-0.374082,-0.039761,0.602459,-0.201048,-0.048271,0.158726,-0.116856,-0.579051,-0.018277,0.669196,#
13,0.430672,0.516602,0.304632,-0.999527,-0.583448,0.827046,0.827046,0.827046,0.002046,1.0,-0.204604,0.22493,0.827046,1.0,0.590606,0.828956,-0.49988,0.387585,0.630871,0.013377,0.409446,0.410157,0.661954,0.062328,0.016732,-0.381343,0.267125,-0.355911,0.431788,0.507525,0.397003,0.255584,0.236294,-0.333253,-0.608021,0.006956,0.563179,-0.160407,-0.20624,-0.653998,0.218931,0.631641,0.480581,-0.118186,0.035489,-0.972038,0.284873,-0.647199,-0.358782,0.379262,-0.264911,-0.168137,0.507498,0.353964,0.522441,0.432926,-0.684848,-0.830801,-0.459545,0.456345,0.815834,0.042185,-0.433581,0.46953,0.204666,0.534139,-0.368563,0.490038,-0.89357,0.2856,0.288187,0.42276,-0.4918,-0.270297,-0.213138,0.345728,-0.415862,-0.333253,-0.030399,0.160951,0.17879,-0.828802,-0.385286,0.229271,-0.651285,-0.18478,-0.399589,-0.235798,-0.030399,-0.248083,-0.398995,-0.85118,-0.591929,0.490212,-0.235798,-0.645343,-0.532528,-0.4373,0.229271,-0.598696,0.026141,-0.206382,-0.995195,-0.187991,-0.686234,-0.416455,-0.633093,0.023149,0.0,-0.529337,0.23909,0.50763,-0.649628,-0.48641,0.058866,-0.090252,-0.497318,-0.398995,0.436852,-0.771006,-0.333253,-0.652715,-0.575372,-0.654496,-0.447228,-0.253762,0.145736,0.324495,-0.753487,-0.333253,-0.037776,0.145736,-0.455534,0.190007,-0.813211,-0.651894,0.0,-0.404986,0.161644,-0.995195,-0.187991,0.057078,-0.214783,-0.428194,-0.70479,0.040257,0.0,0.582545,-0.650409,-0.481906,-0.361686,-0.571498,-0.0293,-0.49988,-0.014391,-0.439346,0.382059,0.764373,-0.513684,-0.379155,0.758154,-0.431812,-0.240924,-0.42991,0.326361,0.491494,-0.499625,0.214778,-0.333253,-0.333253,0.295099,0.005538,-0.654164,-0.237825,0.39893,-0.650409,-0.257725,-0.017039,0.824383,-0.815896,0.921749,0.411145,-0.524165,0.180791,0.649046,0.040498,0.607857,-0.003842,-0.802752,0.596106,-0.349846,-0.29774,0.50334,0.110969,-0.369116,-0.04819,0.199422,-0.270297,-0.063506,0.810048,#
14,0.026237,0.516389,0.277917,-0.596494,-0.580129,0.407141,0.407141,0.407141,0.434022,0.590606,-0.211764,0.21473,0.407141,0.590606,1.0,0.411287,-0.499817,0.367219,0.522525,-0.001768,0.419592,0.406411,0.213957,0.066649,0.009983,0.066622,-0.031641,0.088987,0.428317,0.51533,0.368998,-0.046886,-0.205517,0.343624,-0.141837,-0.003186,0.043316,-0.167465,0.215259,-0.653916,0.674689,0.63129,-0.01754,0.338193,0.456806,-0.523233,0.296258,-0.233952,0.143357,-0.310104,-0.269993,0.419001,-0.002549,-0.18594,0.029733,0.658831,-0.221028,-0.39983,-0.58419,0.454028,0.416835,0.026917,-0.004939,0.365903,0.64133,0.133917,-0.365113,-0.039554,-0.60149,-0.204819,0.286678,0.400711,0.088985,0.19818,0.208037,-0.306332,0.022329,0.343624,0.000379,0.582964,0.201975,-0.393142,0.048565,0.26904,-0.184348,0.249792,0.03937,0.230643,-0.443464,0.198579,0.024416,-0.40852,-0.178216,0.521042,0.230643,-0.21948,-0.093762,-0.014183,0.26904,-0.572021,0.541119,0.248366,-0.572021,0.282507,-0.653636,-0.389615,-0.600616,0.328774,0.0,-0.002282,0.272643,0.495912,-0.184066,-0.048717,-0.152238,-0.056614,0.053681,0.024416,0.467082,-0.284649,0.343624,-0.214435,-0.572021,-0.211321,-0.435401,-0.21837,0.178423,0.322837,-0.766751,0.343624,-0.004758,0.178423,-0.425488,0.258606,-0.785914,-0.175175,0.0,0.012753,0.161403,-0.572021,-0.184348,-0.167191,0.231772,0.083276,-0.241953,0.014317,0.0,-0.155823,-0.197412,-0.037391,-0.106159,-0.136739,0.407288,0.00781,0.01243,-0.025454,0.394362,0.250517,0.008358,-0.37572,0.534926,-0.002731,0.258029,0.256351,-0.17635,0.47905,0.022302,-0.231291,0.343624,-0.333211,-0.3959,0.38676,-0.202858,0.241056,0.391632,-0.197412,-0.269891,-0.023871,0.398178,-0.395689,0.490342,0.420488,-0.52464,-0.253575,0.199204,0.35368,0.635812,0.023001,-0.392303,0.187241,-0.314528,-0.31159,-0.025733,0.147323,-0.159749,-0.042245,0.224862,0.19818,-0.037061,0.403443,#
15,0.676464,0.437315,0.273822,-0.816306,-0.39494,0.688022,0.688022,0.688022,-0.150254,0.828956,-0.330761,0.356348,0.688022,0.828956,0.411287,1.0,-0.408248,0.313342,0.60624,0.111666,0.574979,0.258038,0.554035,-0.40165,-0.155917,-0.657915,0.110797,-0.123343,0.282589,0.612246,0.443249,0.05978,0.367829,-0.272165,-0.321245,-0.233178,0.472089,0.132084,-0.012845,-0.534116,0.350238,0.526264,0.377555,-0.296152,-0.141156,-0.793857,0.101017,-0.814532,-0.004445,0.330395,0.318357,-0.159379,0.612213,0.296077,0.426674,0.252097,-0.803418,-0.999069,-0.588032,0.608575,0.666286,0.149938,-0.591119,0.355728,0.081407,0.365412,-0.215444,0.392291,-0.786658,0.467619,0.291937,0.420412,-0.40165,-0.394514,-0.398661,0.282353,-0.261627,-0.272166,0.128899,0.358241,0.478972,-0.995204,-0.230796,0.172085,-0.5319,-0.382648,-0.560406,0.058067,0.128899,-0.123091,-0.24401,-0.623764,-0.403457,0.388586,0.058067,-0.458364,-0.350101,-0.666336,0.172085,-0.41111,-0.064233,-0.080642,-0.812769,-0.062576,-0.398042,-0.261727,-0.343278,0.210683,0.0,-0.149111,0.116346,0.612372,-0.778781,-0.660973,0.430175,-0.189967,-0.406156,-0.24401,0.345238,-0.848139,-0.272166,-0.467066,-0.387483,-0.534522,-0.551467,0.040989,-0.047831,0.406984,-0.526499,-0.272166,0.200904,-0.047831,-0.22223,0.129986,-0.584562,-0.532397,0.0,-0.25,0.155142,-0.812769,-0.062576,0.33615,-0.089087,-0.050133,-0.417027,0.02079,0.0,0.421325,-0.36119,-0.661408,-0.13523,-0.389348,0.129823,-0.408248,0.373034,-0.285133,0.282677,0.586378,-0.614042,-0.224521,0.567982,-0.666214,-0.11628,-0.502096,0.438986,0.123092,-0.40804,0.34597,-0.272166,-0.272166,0.258927,0.145856,-0.534251,-0.371855,0.17108,-0.36119,-0.133099,0.235342,0.684319,-0.666336,0.707107,0.176318,-0.407309,0.074988,0.541736,-0.134532,0.507612,-0.10119,-0.573124,0.423676,-0.414568,-0.140821,0.424795,0.278069,-0.200809,-0.254392,0.09432,-0.394514,-0.168467,0.57509,#
16,-0.117814,-0.998161,-0.670725,0.492252,0.49163,-0.115268,-0.115268,-0.115268,0.38805,-0.49988,0.314597,-0.327327,-0.115268,-0.49988,-0.499817,-0.408248,1.0,-0.10099,-0.439219,-0.249944,-0.408118,-0.105344,-0.233252,-0.245959,-0.124707,0.122619,-0.295629,0.431612,-0.108659,-0.249948,-0.758705,-0.381765,0.203999,-0.166667,0.334653,0.101994,-0.363287,-0.211198,-0.007866,0.218052,-0.327241,-0.762923,0.278389,0.449446,-0.602973,0.419845,-0.588734,0.404821,0.174202,0.137059,0.129969,0.146399,-0.249935,0.380308,0.214626,0.237504,0.321045,0.401116,0.264069,-0.372673,-0.612023,0.362563,0.38695,0.305474,-0.762942,-0.141327,0.116792,0.265252,0.417018,0.039498,0.0,-0.354929,-0.245959,-0.225902,-0.017032,0.111153,0.579233,-0.166667,0.109294,-0.497255,-0.216794,0.33726,0.035333,-0.661021,0.15328,0.439356,0.33726,0.278004,0.109294,-0.326637,0.08046,0.354907,-0.022461,0.200778,0.278004,-0.005787,0.023821,-0.408046,-0.661021,-0.063662,0.231093,0.197531,0.428268,0.15328,0.269408,0.087422,0.244727,-0.47697,0.0,0.182623,-0.890588,-0.25,0.244727,-0.404762,-0.321966,-0.085717,0.316551,0.08046,-0.371798,0.302422,-0.166667,-0.04767,0.428268,-0.327327,0.250719,-0.225902,-0.497937,-0.598142,0.332814,-0.166667,-0.609282,-0.497937,-0.106503,0.28656,0.33726,0.717256,0.0,-0.408248,-0.526179,0.428268,0.15328,-0.137233,-0.327327,0.250719,0.278004,-0.458325,0.0,-0.086003,0.25278,0.108814,-0.067476,0.036681,-0.406333,-0.25,0.191591,-0.407418,-0.59968,0.119694,0.166318,0.549962,-0.865496,0.087422,0.183102,-0.04241,-0.312416,-0.301511,0.356961,-0.327086,-0.166667,0.666667,0.101931,-0.494685,0.197531,0.269408,0.069843,0.25278,0.228218,-0.140765,-0.139686,0.08046,-0.505181,0.071982,0.9977,-0.25433,-0.258023,-0.219691,-0.784183,0.174964,0.36139,-0.538852,0.05748,0.129353,0.216778,-0.79218,0.195055,0.059662,-0.267136,-0.225902,-0.434765,-0.406816,#
17,-0.173789,0.121949,0.40182,-0.394003,-0.37734,0.558126,0.558126,0.558126,0.117649,0.387585,-0.594689,0.599432,0.156712,0.387585,0.367219,0.313342,-0.10099,1.0,0.55932,0.464834,0.304514,0.581364,-0.10005,-0.134018,0.560444,0.261818,0.13391,-0.139484,0.128106,-0.071229,-0.087719,-0.308437,0.153141,0.296239,-0.431138,-0.21359,-0.338981,0.050827,0.045758,-0.792762,0.135766,0.350701,0.118939,0.277754,-0.235061,-0.410614,0.226107,-0.065414,-0.175927,-0.269978,-0.099755,-0.154326,-0.049452,0.470179,0.084439,0.257893,-0.146196,-0.303776,-0.452298,0.36131,0.14773,-0.582042,-0.319349,0.72017,-0.114875,0.40877,-0.101349,0.054991,-0.076678,0.647794,0.40442,0.596129,0.004621,-0.115591,0.349524,-0.307328,0.317626,0.296239,0.34045,0.072787,0.46467,-0.298295,-0.094204,0.411764,-0.306501,0.403242,0.149147,0.022983,-0.118716,0.105559,0.27488,-0.604579,0.02359,0.698119,0.022983,-0.371258,0.140495,-0.238663,0.411764,-0.339462,0.085805,0.564549,-0.371258,0.17647,-0.433249,0.284406,0.00507,-0.301967,0.0,-0.29273,0.138149,0.444358,-0.115591,-0.261614,0.109962,0.531269,-0.032882,0.27488,0.631396,-0.570467,0.296239,-0.748126,-0.371258,-0.334977,0.157089,0.00507,-0.007573,-0.177193,-0.097472,0.296239,-0.156196,-0.007573,-0.184522,0.437314,-0.184522,0.150667,0.0,-0.131933,0.355441,-0.371258,-0.306501,-0.320302,0.123412,-0.260437,-0.465928,-0.30364,0.0,0.0403,-0.023486,0.164104,-0.284471,0.122493,-0.094204,-0.080792,0.269098,-0.156117,0.00999,0.46321,0.072444,-0.122673,0.237878,0.172339,-0.276141,-0.147335,0.032872,0.345098,0.424521,-0.306302,0.296239,0.269308,-0.32209,-0.113239,0.097749,-0.071517,0.630864,-0.023486,0.068485,-0.629293,0.580078,-0.159728,0.296199,0.196566,-0.084849,-0.115297,0.344262,0.007607,0.359588,0.631396,-0.213367,-0.016124,0.411764,-0.418028,0.089671,-0.101686,-0.71121,-0.262433,0.36282,-0.115591,-0.389359,0.257054,#
18,0.281861,0.437902,0.620158,-0.620446,-0.615626,0.680361,0.680361,0.680361,0.004017,0.630871,-0.314391,0.429022,0.264696,0.630871,0.522525,0.60624,-0.439219,0.55932,1.0,0.269075,0.582614,0.544549,-0.14192,-0.348376,0.083302,-0.172011,0.306724,-0.336716,0.575059,0.316515,0.050067,-0.03522,-0.150045,0.090633,-0.288864,-0.114341,0.037028,0.424056,-0.058241,-0.799016,0.334262,0.800035,-0.158294,-0.09763,0.231766,-0.566614,0.024805,-0.183853,0.019128,-0.078627,-0.040775,-0.072321,0.422889,0.009619,0.428791,0.251352,-0.559153,-0.617257,-0.329375,0.155892,0.692337,-0.237537,-0.022452,0.333487,0.206354,0.677883,-0.122318,0.417864,-0.638812,0.441136,0.687993,0.392709,-0.318467,0.013912,0.252688,-0.0979,-0.082999,0.090632,0.421876,0.057507,0.271257,-0.568269,-0.610416,0.555821,-0.243647,-0.134775,-0.545994,-0.272876,-0.058163,0.303747,-0.231269,-0.449654,-0.170995,0.444505,-0.272876,-0.09853,0.001993,-0.252906,0.555821,-0.465296,0.299051,0.179199,-0.588762,-0.219603,-0.306153,0.304742,-0.383757,0.220124,0.0,-0.236815,0.219052,0.318957,-0.517626,-0.267914,0.351086,0.417976,-0.361302,-0.231269,0.351607,-0.472466,0.090632,-0.490036,-0.566974,-0.301229,-0.303286,0.147781,0.001225,0.125103,-0.416781,0.090632,0.104642,0.001225,0.059154,0.324979,-0.442042,-0.275483,0.0,-0.204926,0.610173,-0.588762,-0.72453,-0.019454,-0.278408,-0.096743,-0.297216,-0.060711,0.0,0.149298,-0.375373,-0.296872,-0.047983,0.095132,-0.111589,-0.413075,0.470688,-0.121732,0.579538,0.400548,-0.388389,-0.644144,0.514639,0.180408,-0.142122,-0.229735,0.330966,0.279574,0.110495,-0.064679,0.090632,0.055774,-0.128862,0.481684,-0.332061,0.088277,0.341823,-0.375373,0.276847,-0.303386,0.696792,-0.252906,0.553959,0.352289,-0.449191,-0.306454,0.795615,0.403364,0.788446,0.310438,-0.442175,0.614434,-0.255669,-0.633973,0.435259,0.212449,-0.691407,-0.710433,0.765899,0.013912,-0.139634,0.444735,#
19,-0.108468,0.26774,0.184056,-0.013173,-0.499449,-0.085626,-0.085626,-0.085626,-0.101802,0.013377,-0.76262,0.763593,-0.085626,0.013377,-0.001768,0.111666,-0.249944,0.464834,0.269075,1.0,0.611663,0.421662,-0.2016,-0.245905,0.401312,0.134156,0.075148,-0.074905,-0.611575,-0.249893,0.321033,0.09579,0.235621,0.650799,-0.196038,-0.407886,-0.325563,0.372884,0.002152,-0.327005,0.215054,0.333157,-0.370539,-0.034062,-0.085824,0.055856,0.520359,0.033818,-0.300266,-0.629986,0.19491,-0.703822,0.399595,0.127464,-0.380396,-0.432788,-0.210705,-0.095002,0.195178,0.372588,-0.111602,-0.249057,-0.101327,0.232668,-0.231252,-0.226162,-0.402195,-0.322971,0.194492,0.34683,0.238312,0.345326,0.455447,-0.205137,0.001714,-0.676325,0.137395,0.650799,0.655044,0.019312,0.356391,-0.086947,0.113641,0.200232,0.238182,0.019338,-0.086947,-0.185498,0.119005,0.227979,0.099414,-0.076367,-0.003919,0.311551,-0.185498,0.013319,0.043475,0.099414,0.200232,0.514419,-0.370909,0.217864,0.013319,0.238182,0.364939,0.61127,0.338186,-0.093367,0.0,-0.34105,0.355484,-0.249944,-0.205137,0.120818,0.048726,0.464641,0.416714,0.099414,0.283565,-0.168912,0.650799,0.031585,-0.497607,0.207878,0.301819,0.338186,0.526557,0.265782,0.499502,0.650799,0.415307,0.526557,0.42536,0.316528,0.42536,0.249692,0.0,0.092413,0.094983,0.013319,-0.325648,0.325172,0.207878,-0.349693,-0.185498,0.382333,0.0,-0.369891,-0.200272,0.128745,-0.287894,0.056854,0.113641,0.363127,0.301362,0.106498,0.327587,-0.077897,-0.352068,-0.406403,0.231775,0.106642,0.273249,-0.482402,-0.300697,-0.21771,0.380449,0.240912,0.650799,-0.16663,-0.618074,0.114571,0.217864,-0.190455,-0.384051,-0.200272,-0.325953,-0.576339,-0.059946,0.099414,0.118439,-0.395811,-0.227495,-0.173647,-0.173832,-0.501594,0.380743,0.283565,-0.10016,0.036016,0.200232,-0.337679,-0.334499,0.428612,-0.106545,-0.404283,0.381888,-0.205137,0.301362,0.119005,#
20,0.234053,0.437174,0.272216,-0.403198,-0.815516,0.257767,0.257767,0.257767,-0.133559,0.409446,-0.330655,0.792796,0.257767,0.409446,0.419592,0.574979,-0.408118,0.304514,0.582614,0.611663,1.0,0.248877,0.095025,-0.401521,0.249237,-0.202133,-0.202598,-0.10638,-0.144534,0.102554,0.441536,0.307509,-0.092098,0.421455,-0.30341,-0.241592,-0.060763,0.590159,0.002896,-0.533945,0.367465,0.525744,-0.17233,-0.283438,0.297204,-0.333851,0.210571,-0.394294,-0.061511,-0.375832,0.318255,-0.290986,0.611609,-0.082666,-0.116342,0.061579,-0.777136,-0.560394,-0.169821,0.608379,0.226499,0.120877,-0.150097,0.247014,0.072015,-0.144007,-0.656718,-0.026753,-0.433133,0.367907,0.289935,0.500684,0.193529,-0.377817,-0.390356,-0.436242,0.192114,0.421455,0.58268,0.366085,0.478818,-0.551704,-0.22224,0.17203,-0.053357,-0.374087,-0.551704,0.066844,0.127886,0.339399,-0.235654,-0.165783,-0.39524,0.388462,0.066844,-0.017784,-0.341411,-0.235654,0.17203,0.014635,-0.053983,-0.071724,-0.379022,-0.053357,0.081513,0.166966,-0.342666,0.535362,0.0,-0.139126,0.116309,0.092027,-0.769493,-0.214919,0.186443,-0.114453,0.158502,-0.235654,0.345127,-0.34807,0.421455,-0.013924,-0.812508,-0.080327,-0.55129,0.04901,0.390026,0.406322,-0.085225,0.421455,0.208341,0.390026,0.220076,0.595198,-0.149242,-0.04383,0.0,-0.241753,0.124682,-0.379022,-0.531729,0.642312,-0.080327,-0.04029,0.066844,0.559929,0.0,-0.125256,-0.360063,-0.208402,-0.323192,0.060859,0.145332,0.112032,0.372915,0.143452,0.292481,0.205933,-0.612688,-0.663589,0.302412,-0.229462,0.399848,-0.490057,-0.105351,0.112329,0.126829,0.345264,0.421455,-0.272078,-0.402767,0.54497,-0.071724,-0.354797,-0.236976,-0.360063,-0.140883,-0.148262,0.276099,-0.235654,0.291068,-0.226951,-0.407879,-0.346214,0.110908,-0.128839,0.565114,-0.109909,-0.14749,0.415022,-0.425935,-0.149977,-0.081879,0.344335,0.018459,-0.660126,0.56574,-0.377817,0.372915,0.127886,#
