0,1.0,0.334141,-0.601025,-0.34986,0.82593,0.258967,-0.074704,0.289745,-0.665452,0.19867,-0.534047,0.14457,0.682559,0.18455,-0.271924,0.38451,-0.074704,-0.159527,-0.660327,0.281097,-0.302502,0.34556,0.357103,-0.407886,-0.080611,-0.06817,-0.333432,-0.867464,0.306496,-0.241785,-0.065755,-0.390863,0.121748,-0.405031,-0.981428,0.111591,-0.253784,0.432815,-0.055653,-0.407885,-0.074464,-0.222398,-0.375157,0.002351,-0.161543,-0.023926,0.262594,0.444592,-0.510651,0.317071,0.258967,-0.318757,-0.074464,-0.295891,0.278732,0.398565,-0.005375,0.101431,0.39398,0.5913,0.580346,0.402696,-0.260311,-0.359367,0.127564,0.511424,-0.271924,0.147184,0.000481,-0.348161,0.068938,-0.065755,-0.400652,0.333401,-0.558131,0.520712,0.084817,-0.312051,-0.380141,0.309784,-0.365163,-0.312051,0.254432,0.344264,0.266751,-0.435212,0.266489,-0.142521,-0.134258,-0.327623,0.163473,-0.142521,-0.216661,0.132604,0.333401,0.166722,0.31518,-0.04686,0.31518,0.424049,0.305508,-0.216661,-0.426151,0.254432,-0.134258,-0.319605,-0.00586,-0.11791,-0.125678,-0.666074,0.084817,-0.271924,0.298448,-0.174033,-0.103342,0.19442,-0.209532,-0.023745,0.31518,-0.375225,0.084817,-0.000537,0.452285,-0.295244,-0.260311,0.437869,0.369406,-0.305995,0.439549,0.162911,-0.997674,0.19442,-0.080859,-0.20259,-0.606182,-0.114199,0.111591,-0.81533,0.256836,-0.312051,0.034255,-0.49336,-0.063138,0.347264,0.452285,0.398054,0.19442,0.111591,0.095939,-0.665703,0.437869,-0.17276,-0.404803,0.107107,0.266751,0.266751,0.557434,0.322043,0.420723,-0.534047,-0.099899,-0.407886,-0.407006,-0.09207,0.31518,0.446534,-0.080611,-0.3364,-0.534047,-0.533765,-0.200937,0.010344,0.039783,0.556454,0.153141,-0.391254,-0.080611,-0.316583,0.406285,0.070877,0.073451,-0.54946,-0.367287,-0.240273,0.041301,-0.56911,0.627557,-0.3137,-0.564826,-0.013357,0.298448,-0.221656,0.010839,-0.035278,0.11868,-0.405519,-0.100098,-0.080859,0.398523,0.363955,#
1,0.334141,1.0,0.077166,-0.532567,0.209367,0.089407,0.060039,0.112302,-0.060442,-0.074365,-0.428468,-0.013549,0.542971,0.469534,0.518497,-0.428365,0.060039,0.582959,-0.033857,0.111819,-0.497453,0.029133,0.035215,-0.327248,-0.428468,-0.428353,-0.010602,-0.060005,-0.338242,-0.066536,-0.191055,-0.075839,0.236025,-0.324957,-0.309208,0.225249,0.47227,-0.107253,0.098615,-0.327248,0.060292,0.344706,0.45686,0.217533,-0.020305,-0.308226,0.279756,0.141453,0.442632,0.246764,0.089407,-0.409634,0.060292,-0.390372,0.236743,-0.353875,-0.543202,-0.541001,-0.271699,0.383617,0.460476,0.503966,0.000507,-0.039942,-0.571672,0.365147,-0.218165,0.000913,0.324804,0.305814,0.149432,-0.191055,-0.321444,-0.52501,-0.332821,0.426308,0.432269,-0.51665,-0.191578,-0.35415,-0.045741,-0.51665,0.074647,0.141931,-0.375824,0.227992,0.083162,0.109207,-0.35465,-0.023259,-0.106863,0.109207,-0.533625,-0.031247,-0.52501,-0.091527,0.231254,-0.19567,0.231254,0.212205,0.237509,-0.533625,-0.224312,0.074647,-0.35465,-0.015113,0.222694,-0.332361,-0.349975,-0.534394,0.432269,0.518497,0.217906,0.091987,0.335036,-0.089773,-0.129956,-0.758209,0.231254,-0.653592,0.432269,-0.234314,-0.232448,-0.076109,0.000507,-0.240576,0.490164,0.083416,0.451883,0.363484,-0.323477,-0.089773,-0.224763,-0.123819,-0.200284,0.035242,0.225249,-0.191837,0.607814,-0.51665,-0.202297,-0.275588,-0.428242,-0.243788,-0.232448,0.427197,-0.089773,0.225249,-0.061631,-0.534096,-0.240576,-0.690241,0.244785,-0.053702,-0.375824,-0.375824,0.359716,0.41245,0.150171,-0.428468,0.159189,-0.327248,0.257193,0.346507,0.231254,0.653033,0.05379,0.373147,-0.428468,0.072301,-0.092379,0.045,-0.212205,-0.069347,0.767863,0.245707,0.05379,0.315347,0.637269,-0.678564,0.141314,0.105938,0.164414,-0.216584,-0.212167,-0.203133,-0.063955,-0.463325,-0.775033,0.065419,0.217906,0.496425,0.217661,0.045146,0.229948,-0.325349,0.103007,-0.224763,0.299466,0.694032,#
2,-0.601025,0.077166,1.0,0.344645,-0.820241,-0.26622,0.060273,-0.282229,0.670349,-0.188687,0.083267,-0.556731,-0.274722,0.237058,0.254385,-0.378936,-0.362043,0.564028,0.233563,0.145756,-0.119168,0.088723,0.08251,0.401452,0.100614,0.071129,0.752515,0.850252,-0.282683,0.249151,0.092068,0.387654,-0.105501,0.400741,0.675937,-0.115268,0.552281,-0.095738,0.042138,0.401452,0.094495,0.210084,0.35312,0.319743,0.15192,-0.118371,0.247313,-0.255632,0.605893,-0.299374,-0.26622,0.333371,0.094495,0.438439,-0.311809,-0.476755,-0.0,-0.103402,-0.349537,-0.585948,-0.611329,-0.440482,0.273631,0.336747,-0.473092,-0.526636,0.280884,-0.15844,-0.151264,0.359633,0.402103,0.092068,-0.007047,-0.275078,0.560622,-0.536573,0.338418,-0.08313,0.008857,-0.678472,0.38645,-0.08313,0.155687,0.078371,0.139735,0.80986,-0.249535,0.147217,0.155687,0.338418,0.247648,0.147217,-0.171758,-0.119081,-0.275078,-0.150892,-0.284296,0.068953,-0.284296,-0.396928,-0.313496,-0.155554,0.432626,0.155687,0.155687,-0.089854,0.030645,-0.26582,-0.233331,0.671795,0.355459,0.254385,0.366466,0.188438,0.595623,-0.183903,0.202921,-0.415123,-0.284296,0.0,0.338418,0.394121,-0.415123,-0.1217,0.273631,0.07799,0.280884,0.280345,-0.361226,-0.159565,0.600676,-0.167919,0.11502,-0.195354,0.616901,0.534297,-0.095394,0.80986,-0.189586,-0.08313,-0.034481,0.093902,0.083223,-0.335459,-0.415123,-0.294802,-0.183903,-0.115268,0.348873,0.268394,0.07799,-0.275876,0.401512,-0.08313,0.155635,0.155635,-0.203582,-0.323571,-0.076849,0.534297,0.505886,0.401452,-0.085857,0.105516,-0.258312,-0.433135,0.083267,0.265955,0.534297,0.516344,-0.205513,0.008941,-0.396928,-0.095631,-0.155668,0.418008,0.083267,0.322634,0.023539,-0.510646,-0.073424,0.136233,-0.19688,0.249874,-0.428606,0.616026,-0.599158,-0.284296,0.21201,0.016059,0.366466,0.205528,-0.0,0.038623,-0.108184,0.418881,-0.282782,0.11502,0.223314,0.038104,#
3,-0.34986,-0.532567,0.344645,1.0,-0.207122,-0.102595,-0.532567,-0.526008,0.040332,-0.382823,0.435711,-0.464821,-0.566733,-0.514868,-0.508297,-0.029862,-0.04848,-0.154423,0.012086,0.33317,0.502601,-0.05485,-0.096629,0.33278,0.454095,0.454478,-0.072988,0.392466,-0.117447,-0.401545,0.737819,0.526918,-0.225516,0.330451,0.290287,-0.762445,-0.176531,0.116943,-0.586608,0.33278,-0.085987,-0.394152,-0.026851,0.100991,0.426918,0.666528,-0.150806,-0.178162,0.085242,-0.274851,0.373739,0.398172,-0.085987,0.378693,-0.294156,0.20472,0.40895,0.543776,0.259528,-0.674925,-0.484058,-0.550826,-0.058802,-0.007012,-0.070664,-0.218784,0.221853,0.169044,-0.338788,-0.325403,-0.178162,0.158328,0.326878,0.474338,0.334637,-0.46829,0.031764,0.520504,0.191058,-0.078282,0.497176,0.520504,0.39016,0.320285,0.368338,0.206982,0.38567,-0.103484,0.35612,0.031764,0.042945,-0.069782,0.560828,-0.453186,0.474338,-0.404518,-0.274565,-0.357996,-0.274565,0.244972,-0.212496,0.526483,0.631102,0.35612,0.35612,0.023539,0.222129,-0.095422,0.351325,0.509033,-0.48454,-0.508297,-0.260854,0.328654,0.200171,0.120665,0.160932,0.191647,-0.274565,0.682457,0.031764,0.682824,0.233336,0.120764,-0.058802,0.200171,0.221853,-0.136167,-0.411573,0.08958,0.306879,0.086787,0.762037,0.155119,0.733605,0.435711,-0.214833,0.173692,-0.160159,0.520504,-0.213136,0.311507,0.454563,0.256963,0.191647,-0.431643,0.120665,-0.762445,0.525124,0.543125,0.200171,0.105606,-0.25907,0.557213,0.334637,0.334637,-0.542502,-0.45608,-0.494272,0.435711,-0.217079,0.33278,-0.246513,-0.404261,-0.274565,-0.673648,-0.042284,-0.00874,0.435711,-0.096679,-0.37221,-0.078805,0.211319,0.031764,-0.785367,0.474338,-0.042284,0.13916,-0.691867,0.113578,-0.701619,-0.145509,-0.191898,0.176839,-0.220806,0.104196,-0.416637,-0.274565,0.774037,-0.582131,-0.260854,-0.529994,0.222209,-0.578012,0.302036,0.330849,-0.599157,0.762037,-0.317174,-0.265283,#
4,0.82593,0.209367,-0.820241,-0.207122,1.0,0.41287,-0.205517,0.035263,-0.815435,0.028979,-0.228363,0.250711,0.433744,-0.048485,-0.333211,0.243222,0.225963,-0.386972,-0.402325,0.043536,-0.17901,0.220729,0.232276,-0.499817,-0.211321,-0.199128,-0.62145,-0.80616,0.051795,-0.401493,0.03168,-0.242985,0.017759,-0.496319,-0.915355,0.00781,-0.480862,0.134971,-0.185873,-0.499817,-0.20528,-0.2282,-0.237466,-0.179515,0.092934,0.216815,-0.114682,0.340778,-0.463126,0.368246,0.41287,-0.242498,-0.20528,-0.340805,0.327252,0.525887,0.065453,0.226606,0.483828,0.482955,0.697408,0.344819,-0.580491,-0.22127,0.209855,0.647959,-0.333211,0.263475,0.230146,-0.279473,-0.478179,0.03168,-0.093363,0.350733,-0.793147,0.628761,-0.210547,-0.213376,-0.211006,0.425943,-0.245893,-0.213376,0.015406,0.114525,0.027382,-0.613361,0.402081,-0.387017,-0.379026,-0.629079,0.009052,-0.387017,-0.002247,-0.179287,0.350733,-0.144845,0.328845,-0.449952,0.328845,0.59363,0.354135,-0.002247,-0.232484,0.015406,-0.379026,-0.224153,0.178219,0.004404,0.00412,-0.816198,-0.210547,-0.333211,-0.289989,-0.024418,-0.487505,0.024754,-0.36949,0.027733,0.328845,-0.201853,-0.210547,-0.188601,0.510796,-0.1904,-0.580491,0.04136,0.317592,-0.215591,0.450951,0.389419,-0.847984,0.024754,-0.006647,0.022329,-0.523526,-0.228363,0.00781,-0.999094,0.338581,-0.213376,-0.168841,-0.334406,-0.194177,0.33057,0.510796,0.392503,0.024754,0.00781,-0.199679,-0.435266,0.04136,-0.093408,-0.597932,0.211975,0.027382,0.027382,0.264178,0.381531,0.018221,-0.654414,-0.31934,-0.499817,-0.040339,-0.021141,0.328845,0.613708,-0.211321,-0.110844,-0.654414,-0.654069,0.011049,-0.050986,0.203688,0.250332,0.040583,-0.357391,-0.211321,-0.088008,0.177498,0.143396,-0.052897,-0.404652,0.060707,-0.316274,0.203709,-0.527714,0.443972,-0.309325,-0.43988,-0.148433,-0.289989,-0.29333,0.192985,-0.170635,0.504122,-0.496917,0.030799,-0.006647,-0.128702,0.168451,#
5,0.258967,0.089407,-0.26622,-0.102595,0.41287,1.0,0.089407,-0.232926,-0.583864,-0.563199,0.516716,-0.071507,-0.224496,-0.282899,-0.408072,0.089407,0.534391,-0.295898,-0.57138,-0.288208,-0.094061,0.101126,0.113099,-0.10873,-0.362053,-0.367973,-0.134768,-0.306541,-0.216129,-0.571794,0.043877,0.289566,-0.078311,-0.161145,-0.340041,-0.088595,-0.313316,0.270649,0.05386,0.394648,0.089184,-0.079601,-0.120371,0.064992,0.506288,0.310141,-0.532469,0.408901,-0.117045,-0.251983,0.561494,-0.290276,0.089184,-0.4382,0.339309,0.02045,-0.011251,0.337347,0.056036,0.080496,0.309483,0.286061,-0.56887,-0.086725,-0.022518,0.269188,-0.408072,-0.318233,0.481916,0.467193,-0.435686,0.577348,0.387649,0.381059,-0.692506,-0.107307,-0.555737,-0.120555,-0.848005,0.161908,0.336937,-0.120555,0.144908,-0.150862,0.153701,-0.03014,0.136741,-0.676397,-0.261868,-0.555737,-0.148409,-0.273667,-0.201441,-0.523073,0.381059,-0.487432,-0.30352,-0.408053,0.354622,0.37849,0.390914,-0.611857,-0.025682,-0.261868,-0.261868,-0.569736,0.397875,0.129831,-0.273674,-0.177555,-0.080436,-0.408072,-0.287337,0.153045,-0.443559,-0.173175,-0.580383,0.090962,0.354622,-0.039742,-0.124107,-0.03014,0.589142,-0.090434,-0.56887,0.101857,0.263099,0.002112,0.478806,0.660776,-0.290091,-0.173175,0.058857,-0.176879,-0.477549,0.516716,-0.088595,-0.427944,0.120279,-0.120555,-0.406598,-0.390458,-0.370307,0.456415,0.589142,0.007859,-0.173175,-0.088595,-0.109624,0.227191,0.101857,0.23632,-0.412032,0.318107,-0.249029,-0.249029,-0.382116,-0.285083,-0.394663,0.077332,0.082186,-0.10873,-0.138042,0.589142,-0.30352,0.408719,0.094907,0.134251,0.077332,-0.370307,0.23722,-0.616833,-0.023656,-0.080436,-0.095446,-0.349226,0.094907,0.135144,-0.069182,0.232322,-0.20581,0.170691,-0.080079,0.234052,0.001005,0.015045,-0.134666,-0.30352,-0.361175,0.060269,-0.287337,-0.419851,-0.015468,-0.334706,0.377119,-0.15653,0.182796,0.058857,-0.093811,-0.391593,#
6,-0.074704,0.060039,0.060273,-0.532567,-0.205517,0.089407,1.0,0.534619,-0.060442,0.38515,0.035242,-0.013549,0.118191,0.172964,0.518497,0.511596,-0.428365,0.038474,-0.033857,-0.436662,-0.535234,0.066465,0.073025,0.203999,-0.428468,0.028882,0.423585,-0.060005,0.089349,0.384318,-0.858167,-0.597883,-0.327169,0.146451,0.132203,0.777745,-0.312414,-0.11286,0.994506,0.203999,-0.428356,0.338314,-0.481757,-0.623422,-0.419821,-0.173005,0.302387,0.141453,-0.074547,-0.449837,-0.373375,0.195807,-0.428356,0.320686,0.263355,-0.660661,0.228561,-0.045383,-0.733015,0.383617,0.408342,-0.205999,-0.01724,0.458222,-0.277443,0.205664,-0.218165,0.030594,0.480695,0.278519,0.141453,-0.295161,-0.321444,-0.482192,0.092206,-0.006861,-0.04148,-0.535168,-0.191578,0.100768,-0.531737,-0.535168,-0.371822,-0.321047,0.092206,0.227992,-0.3673,0.092206,-0.371822,-0.04148,-0.063635,0.092206,-0.100488,0.448087,-0.482192,0.398137,0.273746,0.354842,0.273746,-0.653592,0.237509,-0.533625,-0.224312,-0.371822,-0.371822,-0.033464,-0.654125,0.559462,-0.800437,-0.100633,0.004609,0.518497,0.260249,-0.363312,-0.208598,-0.106863,0.308735,-0.200284,0.273746,-0.229182,-0.04148,-0.234314,-0.200284,-0.094888,-0.01724,-0.208598,-0.218165,0.595214,0.356469,-0.094106,0.10966,-0.534113,-0.776069,-0.123819,-0.200284,0.035242,-0.327248,0.227992,-0.217932,-0.535168,0.659587,-0.040266,-0.428242,-0.250233,-0.200284,-0.091246,-0.106863,0.777745,-0.539539,-0.094106,-0.208598,-0.125578,0.227992,-0.535168,-0.332821,-0.332821,0.004366,0.062806,0.518511,0.035242,0.43658,0.203999,0.257193,0.378672,-0.420833,0.25153,0.035242,0.022445,0.035242,0.526853,0.828134,-0.420154,-0.653592,-0.497007,0.242667,-0.482192,0.035242,-0.122602,0.213255,-0.123453,0.719652,0.117354,0.204365,-0.169774,0.681058,0.437476,-0.03553,0.273746,-0.392112,0.599899,0.260249,0.542953,-0.189365,0.560769,-0.293807,-0.325349,0.131867,-0.776069,0.339313,-0.180315,#
7,0.289745,0.112302,-0.282229,-0.526008,0.035263,-0.232926,0.534619,1.0,-0.162838,0.29066,-0.367763,-0.025343,0.221075,0.151254,0.280884,0.534619,-0.344475,0.134904,-0.192661,0.129106,-0.064434,0.089408,-0.332122,0.381578,0.083267,0.517287,-0.071096,-0.480935,0.599662,0.250353,-0.454732,-0.595121,0.401745,0.378907,-0.199946,0.421325,-0.174764,0.412168,0.532586,-0.115268,-0.344231,0.233142,-0.504872,-0.236736,-0.785272,-0.287472,0.544446,-0.18101,-0.181364,-0.189923,-0.232926,-0.355156,-0.344231,-0.091733,-0.180395,-0.364155,-0.005551,-0.084888,-0.409229,0.717547,0.383613,0.252112,0.399302,-0.07471,-0.141469,0.170792,0.254385,0.22378,-0.049372,-0.17032,0.458602,-0.454732,-0.601258,-0.221171,0.17247,-0.029687,0.365483,-0.073961,0.033768,0.605455,-0.540084,-0.073961,0.164189,0.290951,0.17247,-0.005913,0.180336,0.585875,0.164189,0.365483,-0.159458,0.585875,0.258114,0.812299,-0.221171,0.797513,0.472299,0.634047,-0.177303,-0.372645,0.444258,-0.146976,-0.419573,0.164189,0.164189,0.383645,-0.403494,0.212395,-0.224753,-0.188232,-0.060546,0.280884,0.447193,-0.253756,0.11825,0.655694,0.652785,0.136755,-0.177303,0.008406,-0.060546,-0.005913,0.136755,0.359727,0.399302,0.11825,-0.408076,-0.165557,0.217022,-0.159565,-0.240957,-0.143474,-0.390087,-0.155186,-0.374629,-0.367763,0.401452,-0.005913,-0.092672,-0.073961,0.811308,0.120312,0.092226,0.248322,-0.35496,-0.271527,0.655694,0.421326,-0.088988,-0.176025,0.11825,0.03911,0.402436,-0.073961,-0.225034,-0.225034,0.506675,-0.066208,0.625381,0.06592,-0.307249,0.381578,-0.064859,-0.35496,-0.177303,0.052811,0.51695,-0.469686,0.06592,0.092226,0.289354,-0.160057,-0.372645,-0.060546,0.453907,-0.221171,0.51695,-0.520639,0.116847,0.047657,0.511519,-0.207552,-0.10347,-0.36134,0.438527,-0.31339,0.305714,0.472299,-0.155324,0.181174,0.447193,0.319338,-0.38067,0.141179,-0.583616,-0.066797,-0.1852,-0.390087,0.597416,0.006036,#
8,-0.665452,-0.060442,0.670349,0.040332,-0.815435,-0.583864,-0.060442,-0.162838,1.0,0.159597,-0.084509,0.081065,-0.173078,0.293972,0.442199,-0.533895,-0.096161,0.293363,0.565337,-0.163888,0.031239,-0.108141,-0.119659,0.086517,0.347025,-0.108372,0.583171,0.765035,-0.218061,0.579498,-0.082188,0.141524,0.076805,0.138138,0.74875,0.127716,0.735897,-0.293739,-0.022127,0.107117,0.340619,0.082764,0.541199,0.360292,0.023511,-0.475114,-0.007763,-0.421312,0.324628,0.237481,-0.583864,0.2795,0.340619,0.267034,-0.366532,-0.167371,-0.140994,-0.374762,-0.115988,-0.356425,-0.733358,-0.239504,0.512187,0.078295,0.05997,-0.800274,0.387268,-0.408788,-0.468899,0.220884,0.416229,-0.082188,0.191582,-0.452743,0.658643,-0.319332,0.089459,0.066419,0.413696,-0.598125,0.077596,0.066419,-0.182814,-0.321373,-0.190593,0.430533,-0.594546,0.246628,0.216694,0.531042,0.129514,0.263108,-0.262003,0.078508,-0.452743,0.029365,-0.39686,0.393914,-0.369927,-0.403189,-0.394432,0.141079,-0.015294,-0.199461,0.216694,0.100459,0.001373,-0.132244,0.228413,0.561764,0.531042,0.442199,0.25986,-0.183634,0.408716,-0.26809,0.134783,-0.138269,-0.369927,-0.008228,0.107123,-0.01762,-0.627548,0.069282,0.512187,-0.149274,-0.271911,0.002006,-0.441009,-0.665673,0.690772,0.146081,-0.127441,0.1641,0.422963,-0.084509,0.086517,0.82123,-0.094486,0.066419,0.004491,0.365496,0.329908,-0.487822,-0.627548,0.020104,-0.26809,0.127716,0.055551,0.170307,-0.149274,-0.043814,0.414254,-0.364406,0.204941,0.204941,0.031593,-0.082224,0.085146,0.347025,0.351776,0.086517,0.158878,-0.066316,0.276456,-0.401596,-0.102489,0.289263,0.347025,0.37449,-0.2411,0.593534,-0.008228,0.044782,0.103651,0.294379,-0.102489,0.291844,0.064513,-0.27216,0.208018,0.249655,0.061071,0.415196,-0.386664,0.436822,-0.272893,0.276456,0.296111,0.323179,0.25986,0.41253,0.02532,0.328966,-0.421653,0.596029,0.242748,-0.127441,0.076957,0.043406,#
9,0.19867,-0.074365,-0.188687,-0.382823,0.028979,-0.563199,0.38515,0.29066,0.159597,1.0,-0.534009,0.54033,0.667199,0.307266,0.421185,0.38515,-0.533881,-0.143515,0.206249,-0.154747,-0.371496,-0.068319,0.339692,-0.407856,-0.080276,-0.067827,0.142366,-0.210674,0.243053,0.589994,-0.595839,-0.812324,-0.407758,-0.405002,-0.116146,0.631778,-0.122244,-0.364297,0.437381,-0.407856,-0.10949,-0.057561,-0.326487,-0.535525,-0.523233,-0.320892,0.413075,0.27518,-0.448942,0.29194,-0.563199,0.406495,-0.10949,0.425035,0.352939,0.083236,0.161979,-0.312754,-0.060658,0.292236,0.199916,-0.215395,0.198462,0.092075,0.295281,0.14362,-0.271904,0.149079,-0.078169,-0.469852,0.27518,-0.595839,-0.400623,-0.351409,0.266466,0.569002,0.110726,-0.346197,0.43326,-0.108758,-0.823051,-0.346197,-0.553682,-0.280869,-0.117426,-0.380312,-0.548854,0.266466,-0.165934,0.110726,0.162872,-0.117426,-0.21632,0.567578,-0.351409,0.531389,0.355194,0.452718,0.355194,-0.374879,-0.321858,0.174897,-0.427036,-0.165934,-0.165934,0.121877,-0.815251,0.322474,-0.157637,-0.274246,0.110726,0.421185,0.338324,-0.603011,-0.073597,-0.223027,0.169564,-0.062153,0.355194,-0.374879,0.110726,-0.380312,-0.537029,-0.34858,0.198462,-0.073597,-0.271904,0.324112,0.0158,-0.665656,-0.157637,0.162872,-0.599904,0.182135,-0.062153,-0.534009,-0.407856,-0.001115,-0.102978,-0.346197,0.459845,-0.032472,-0.062791,-0.568916,-0.062153,0.499484,-0.223027,0.631778,-0.354015,-0.665656,-0.073597,-0.211799,-0.001115,-0.76434,0.266466,0.266466,0.408649,0.677419,0.767753,-0.534009,0.355249,-0.407856,0.142231,-0.062153,0.355194,0.05838,-0.534009,-0.139148,-0.534009,0.347768,0.227317,0.449267,0.008456,0.110726,0.153561,-0.351409,-0.534009,-0.282262,0.380375,0.032657,0.585987,-0.162397,0.121438,-0.196151,0.457125,0.032969,0.597606,0.355194,-0.218634,0.460316,0.338324,0.478847,0.043005,0.816809,-0.354166,-0.40549,0.27654,-0.599904,0.159189,0.388259,#
10,-0.534047,-0.428468,0.083267,0.435711,-0.228363,0.516716,0.035242,-0.367763,-0.084509,-0.534009,1.0,-0.063583,-0.800886,-0.788768,-0.218218,0.035242,0.5175,-0.429302,-0.075202,-0.427179,0.408901,-0.428466,-0.428245,0.218218,0.047619,0.041085,-0.135169,0.283384,-0.361818,-0.534217,0.24375,0.391703,-0.327248,0.15906,0.44007,-0.327327,-0.337313,0.018507,-0.022981,0.763763,0.03474,-0.26959,-0.07082,-0.152952,0.56955,0.652643,-0.701676,0.084862,0.01705,-0.526497,0.516716,0.135405,0.03474,-0.044866,0.15304,-0.233535,0.228616,0.41221,-0.242673,-0.306697,-0.137462,-0.207505,-0.143196,-0.052973,-0.092,-0.083238,-0.218218,-0.345829,0.188739,0.221434,-0.412604,0.24375,0.750217,0.16066,0.071889,-0.535573,-0.531076,0.399902,-0.248198,0.054381,0.412134,0.399902,0.08039,-0.30925,0.071889,0.207956,0.062795,-0.364577,0.08039,-0.063289,-0.534242,0.071889,0.329671,-0.534801,0.16066,-0.521239,-0.566423,-0.241299,0.14685,0.192279,0.179759,-0.115123,0.202516,-0.360461,0.08039,-0.083141,0.202516,0.482013,0.062795,0.356348,-0.531076,-0.218218,-0.535177,0.071402,-0.233663,-0.095493,-0.08215,0.282659,0.14685,0.628112,-0.063289,0.207956,0.282659,0.422551,-0.143196,-0.233663,-0.218218,0.06539,0.156772,0.342861,0.507589,-0.095493,0.294599,0.354993,0.282659,0.523809,-0.327327,0.207956,0.02494,0.399902,-0.232916,0.362483,0.038441,0.302537,0.282659,-0.319438,-0.095493,-0.327327,-0.055517,0.794693,-0.233663,0.363216,-0.223172,0.399902,-0.364577,-0.364577,-0.94617,-0.559636,-0.581934,0.523809,-0.074403,0.218218,0.185726,0.282659,-0.566423,-0.256315,0.047619,0.324127,0.523809,0.038441,0.322768,-0.496828,0.192279,-0.531076,-0.352639,0.16066,0.047619,0.291607,-0.759669,0.357072,-0.403102,0.533396,0.236691,0.476072,0.190643,0.224906,-0.547302,0.14685,0.404462,-0.034149,-0.535177,-0.248093,0.19558,-0.440252,0.172573,0.164463,0.062692,0.294599,-0.409195,-0.652438,#
11,0.14457,-0.013549,-0.556731,-0.464821,0.250711,-0.071507,-0.013549,-0.025343,0.081065,0.54033,-0.063583,1.0,0.381405,-0.119891,0.234244,-0.013549,0.422784,-0.482212,0.140249,-0.491412,0.028382,-0.499489,-0.06204,-0.76272,-0.044882,-0.498953,-0.356171,-0.315631,-0.070081,0.100755,-0.289361,-0.443845,-0.194708,-0.757381,-0.147754,0.351365,0.005888,-0.344515,0.045727,-0.227102,0.403837,-0.296447,0.068177,-0.211622,-0.007014,-0.178869,-0.400532,0.411876,-0.502351,0.529953,-0.071507,-0.037888,0.403837,-0.301299,0.558734,0.310929,-0.22146,-0.405523,0.166821,0.355995,0.192071,0.334337,0.142636,-0.430787,0.560213,0.101425,-0.50848,-0.384193,-0.051081,-0.254942,-0.076537,-0.289361,0.303044,-0.216181,-0.082881,0.561395,-0.397462,0.027237,0.212052,-0.056341,-0.471593,0.027237,-0.507582,-0.596686,-0.494264,-0.635223,-0.51952,-0.06574,-0.092065,0.061813,-0.356978,-0.0486,-0.351827,0.088298,-0.216181,0.063272,-0.173013,0.252046,0.527281,0.223516,-0.136932,0.067406,-0.700701,-0.524895,-0.092065,0.054419,-0.232683,0.380407,0.336414,-0.388349,0.061813,0.234244,-0.160587,-0.568926,-0.304311,-0.322517,-0.34822,0.215028,0.527281,-0.221502,0.061813,-0.635223,-0.293855,0.047222,0.142636,-0.304311,-0.50848,-0.08009,0.271669,-0.365953,-0.117755,0.521784,-0.349351,0.536741,-0.336262,-0.531109,-0.205677,-0.228872,0.329099,0.027237,-0.158031,0.073814,-0.035154,-0.282366,0.215028,0.748519,-0.322517,0.351365,-0.428423,-0.383697,-0.304311,0.134817,-0.21194,-0.42085,-0.082881,-0.082881,0.055481,0.560116,0.248535,-0.531109,0.062822,-0.76272,0.330487,0.215028,0.527281,0.252409,-0.512408,0.162246,-0.531109,-0.053485,0.112429,0.490609,0.634303,0.061813,0.378537,-0.216181,-0.512408,-0.024557,0.127337,0.390658,0.226907,0.357031,0.357871,0.253763,0.240653,-0.314108,0.554428,0.527281,-0.233408,0.454023,-0.160587,0.266313,0.229328,0.437299,-0.214896,-0.277317,0.812708,-0.349351,-0.227761,0.216369,#
12,0.682559,0.542971,-0.274722,-0.566733,0.433744,-0.224496,0.118191,0.221075,-0.173078,0.667199,-0.800886,0.381405,1.0,0.547129,0.285187,0.118191,-0.341251,0.208716,-0.123871,0.203355,-0.522311,0.095163,0.50876,-0.611687,-0.347225,-0.334706,-0.042269,-0.472107,0.179172,0.257129,-0.363996,-0.568902,-0.081742,-0.607405,-0.606728,0.427781,0.125658,-0.157555,0.172483,-0.611687,0.083307,0.099212,-0.064475,-0.132782,-0.408898,-0.408574,0.522894,0.483472,-0.207099,0.436792,-0.224496,-0.102537,0.083307,-0.070485,0.466237,0.15168,-0.276437,-0.50423,0.096748,0.425802,0.464187,0.306807,0.037684,-0.096913,0.048082,0.463515,-0.407791,0.194587,0.116901,-0.296923,0.29583,-0.363996,-0.600838,-0.22494,-0.232556,0.812293,0.362675,-0.515114,0.02617,-0.187782,-0.548613,-0.515114,-0.228906,0.096071,-0.216563,-0.392889,-0.216285,0.18326,-0.24506,-0.06584,0.231976,-0.20057,-0.548766,0.387323,-0.22494,0.362884,0.472748,0.146174,0.472748,0.032409,-0.18265,-0.157612,-0.430202,0.15878,-0.24506,-0.050774,-0.397856,-0.175867,-0.232583,-0.607163,0.362675,0.285187,0.447656,-0.261922,0.115238,-0.137786,-0.162255,-0.360871,0.472748,-0.782047,0.362675,-0.392889,-0.341088,-0.509278,0.037684,0.115238,0.258534,0.161132,0.235522,-0.15397,-0.656334,0.248052,-0.396352,-0.149587,-0.380655,-0.364674,-0.091953,-0.408686,0.223287,-0.515114,0.052296,-0.509145,-0.329602,-0.406353,0.133712,0.698386,-0.137786,0.427781,-0.094592,-0.998324,0.115238,-0.466047,0.002044,-0.497694,0.167267,0.167267,0.674955,0.81192,0.631697,-0.800886,0.292294,-0.611687,-0.061248,0.133712,0.472748,0.46525,-0.347225,-0.13611,-0.800886,0.080892,-0.11364,0.326149,0.01644,0.362675,0.460862,-0.22494,-0.347225,-0.240468,0.777372,-0.217329,0.334796,-0.241409,-0.099737,-0.36023,0.049897,-0.318823,0.684412,-0.180643,-0.701492,0.187578,0.447656,0.324231,0.034808,0.54244,-0.055593,-0.608137,0.199645,-0.396352,0.320922,0.804284,#
13,0.18455,0.469534,0.237058,-0.514868,-0.048485,-0.282899,0.172964,0.151254,0.293972,0.307266,-0.788768,-0.119891,0.547129,1.0,0.323528,-0.307807,-0.455736,0.605699,0.283383,0.146672,-0.620575,0.599212,0.581639,-0.079487,-0.332305,-0.338467,0.544972,0.105717,0.105194,0.74145,-0.423689,-0.119858,0.29409,-0.023688,-0.109787,0.485292,0.509438,-0.250577,0.229394,-0.602431,-0.011544,0.604931,0.331981,0.246314,-0.379577,-0.848693,0.525062,-0.238765,0.31984,0.398043,-0.738449,-0.052567,-0.011544,0.113109,-0.249598,0.031077,-0.280504,-0.449478,0.083027,0.036589,-0.037311,0.097627,-0.08136,0.466874,0.014482,-0.138532,0.295638,0.192833,0.105849,0.383897,0.238092,0.130517,-0.591747,-0.300875,-0.193539,0.338527,0.30555,-0.616123,0.06079,-0.282189,-0.146334,-0.616123,-0.325343,0.004124,-0.176804,0.077402,-0.313807,0.107697,-0.342246,-0.142857,0.724771,-0.293952,-0.555983,0.332906,-0.300875,0.302887,0.431148,0.088195,-0.252575,-0.484622,-0.249004,-0.14667,0.048183,0.080341,-0.342246,-0.128577,-0.05336,-0.552094,-0.330861,-0.146882,0.799327,0.323528,0.406557,0.111133,0.05424,-0.259865,-0.152209,-0.445453,-0.252575,-0.785421,-0.142857,-0.377678,-0.424751,-0.613059,-0.08136,0.05424,0.295638,0.257462,-0.263736,-0.238263,-0.16834,-0.276688,-0.484246,-0.577868,-0.300541,-0.332305,0.297032,0.060872,-0.225044,-0.616123,0.089117,-0.489026,-0.340903,-0.509862,-0.445453,0.183723,-0.259865,0.485292,-0.174552,-0.550105,0.05424,-0.308854,0.358424,-0.597895,0.224845,0.224845,0.782144,0.425337,0.323535,-0.332305,0.393893,-0.079488,-0.026521,0.124454,0.431148,0.401146,-0.003652,-0.082064,-0.332305,0.133919,-0.08394,0.326142,-0.501333,0.30555,0.318676,-0.300875,-0.003652,-0.035042,0.89638,-0.54595,0.55642,-0.32858,-0.102854,-0.392726,-0.307012,0.295357,0.193709,-0.252575,-0.499495,0.215688,0.406557,0.322019,-0.332102,0.588407,-0.051832,-0.028712,0.135051,-0.484246,0.266725,0.394504,#
14,-0.271924,0.518497,0.254385,-0.508297,-0.333211,-0.408072,0.518497,0.280884,0.442199,0.421185,-0.218218,0.234244,0.285187,0.323528,1.0,-0.218165,-0.218165,0.314556,0.478191,-0.405479,-0.508401,-0.218164,-0.218052,-0.166667,-0.218218,-0.218159,0.280013,0.328725,-0.407807,0.433201,-0.65975,-0.504479,-0.166627,-0.1655,0.320241,0.666667,0.314877,-0.493162,0.573364,-0.166667,-0.218161,0.268569,0.269062,-0.317508,-0.213814,-0.324229,0.24577,-0.120689,0.279972,0.139867,-0.408072,0.198217,-0.218161,0.205602,0.175329,-0.643514,-0.116406,-0.508905,-0.662172,0.364383,0.27076,-0.077101,0.258505,0.242754,-0.465977,0.037801,-0.111111,-0.071629,0.177151,0.184109,0.192208,-0.65975,-0.163711,-0.994563,0.29806,0.252769,0.247993,-0.508338,0.363653,-0.407433,-0.50881,-0.508338,-0.408008,-0.390233,-0.407871,0.364144,-0.407661,0.29806,-0.408008,0.247993,-0.272023,0.29806,-0.271774,0.241742,-0.994563,0.131991,0.160227,0.196262,0.160227,-0.332873,0.135114,-0.271774,-0.333144,-0.408008,-0.408008,0.254,-0.333144,0.297648,-0.407661,-0.272166,0.247993,1.0,0.15328,-0.407998,0.20258,-0.272023,0.335977,-0.664634,0.160227,-0.332873,0.247993,-0.333153,-0.664634,0.142954,0.258505,-0.665619,-0.111111,0.387054,0.329276,-0.272014,0.311741,-0.272023,-0.66523,0.345075,0.208608,-0.218218,-0.166667,0.364144,0.393668,-0.508338,0.348215,0.348627,-0.218103,-0.628212,-0.664634,0.3253,-0.272023,0.666667,-0.508822,-0.272014,-0.665619,-0.633381,0.364144,-0.508338,-0.407871,-0.407871,0.115465,0.406269,0.444458,-0.218218,0.340957,-0.166667,0.714143,0.208608,0.160227,0.332588,-0.218218,0.557984,-0.218218,0.536868,0.40729,0.265164,-0.332873,-0.508596,0.66541,0.167913,-0.218218,0.4087,0.32456,-0.622665,0.615749,0.286515,0.602584,-0.063543,0.332814,0.257663,-0.2358,0.160227,-0.394723,0.535858,0.15328,0.996547,0.341432,0.507803,-0.131804,-0.1657,0.278588,-0.66523,0.192325,0.379663,#
15,0.38451,-0.428365,-0.378936,-0.029862,0.243222,0.089407,0.511596,0.534619,-0.533895,0.38515,0.035242,-0.013549,0.118191,-0.307807,-0.218165,1.0,-0.428365,-0.438715,-0.529783,0.026226,-0.034448,0.066465,0.073025,0.203999,0.05379,0.52422,-0.101479,-0.599469,0.551832,-0.083235,-0.295161,-0.597883,-0.327169,0.146451,-0.345993,0.225249,-0.786874,0.407785,0.470846,0.203999,-0.428356,-0.255219,-0.996688,-0.623422,-0.419821,0.329244,0.302387,0.348902,-0.657307,-0.449837,0.089407,0.167238,-0.428356,0.292287,0.235679,-0.05779,0.537267,0.450235,-0.165863,0.383617,0.390024,-0.234398,-0.01724,-0.039942,0.090343,0.365147,-0.218165,0.238361,0.043136,-0.487927,0.141453,-0.295161,-0.321444,0.288525,0.092206,-0.024881,-0.04148,-0.02538,-0.191578,0.572833,-0.531737,-0.02538,0.10091,0.169165,0.560235,-0.234314,0.10966,0.092206,0.10091,-0.04148,-0.063635,0.092206,0.376473,0.448087,0.288525,0.482824,0.273746,0.354842,0.273746,-0.186241,0.237509,-0.056665,-0.224312,0.10091,0.10091,-0.033464,-0.654125,0.559462,-0.323477,-0.100633,-0.497007,-0.218165,0.260249,-0.363312,-0.208598,0.363615,0.389248,0.378672,0.273746,0.238169,-0.04148,0.227992,0.378672,-0.008727,-0.01724,0.367014,-0.218165,0.077844,0.257238,-0.094106,-0.3673,-0.063635,-0.192333,-0.042111,-0.200284,0.035242,-0.327248,-0.234314,-0.302125,-0.02538,0.659587,-0.040266,0.072301,0.34819,0.378672,-0.199082,0.363615,0.225249,-0.033518,-0.094106,0.367014,0.199948,-0.234314,-0.02538,0.135209,0.135209,0.004366,-0.10554,0.518511,0.035242,-0.047819,0.203999,-0.326543,-0.200284,-0.420833,-0.16715,0.035242,-0.524651,0.035242,0.026311,0.401768,-0.420154,-0.186241,0.004609,-0.282528,-0.482192,0.035242,-0.579288,-0.2289,0.452581,0.209354,-0.327861,-0.275048,-0.169774,0.681058,-0.131955,0.390836,0.273746,0.034572,0.128299,0.260249,-0.154976,-0.189365,0.105808,-0.293807,-0.325349,-0.301029,-0.192333,0.339313,-0.258976,#
16,-0.074704,0.060039,-0.362043,-0.04848,0.225963,0.534391,-0.428365,-0.344475,-0.096161,-0.533881,0.5175,0.422784,-0.341251,-0.455736,-0.218165,-0.428365,1.0,-0.336072,-0.06928,-0.333266,0.428558,-0.428362,-0.428142,-0.327248,0.035242,-0.428353,-0.517635,-0.087393,-0.338242,-0.534088,0.350296,0.429004,0.236025,-0.324957,-0.02082,-0.327248,0.125549,0.032921,-0.425044,0.203999,0.511352,-0.233304,0.420079,0.3512,0.559699,0.173933,-0.852672,0.111817,-0.019757,0.217785,0.534391,-0.466772,0.511352,-0.753,0.181389,0.225809,-0.388849,-0.064445,0.234051,0.038495,-0.016486,0.558578,-0.083159,-0.519682,0.245946,-0.04583,-0.218165,-0.534486,0.04225,0.24904,-0.391987,0.350296,0.739515,0.160072,-0.375824,-0.042901,-0.524875,0.399442,-0.242876,0.065464,0.411668,0.399442,0.074647,-0.30324,-0.375824,-0.234314,0.07399,-0.358823,0.074647,-0.069347,-0.534113,0.066204,-0.10966,-0.528649,0.160072,-0.514961,-0.548309,-0.248157,0.14627,0.627628,0.208612,-0.10966,-0.233414,-0.35465,0.074647,-0.071247,0.643405,0.040147,0.507127,-0.100633,-0.069347,-0.218165,-0.544276,0.082716,-0.240576,-0.089773,-0.532519,0.282179,0.14627,0.186241,-0.069347,-0.234314,0.282179,0.422081,-0.083159,-0.240576,-0.218165,-0.420423,0.253421,0.354166,0.056665,0.337478,0.294113,0.348622,-0.264612,0.035242,0.225249,-0.234314,0.439426,0.399442,-0.653989,0.114523,0.026311,0.324253,0.282179,0.211525,-0.089773,-0.327248,-0.061631,0.336567,-0.240576,0.362712,-0.217521,0.399442,-0.375824,-0.375824,-0.391596,-0.161656,-0.586514,0.035242,-0.32521,-0.327248,0.192333,0.282179,0.14627,0.195706,0.05379,0.318037,0.035242,-0.428242,-0.120804,0.006528,0.627628,-0.069347,0.207654,0.160072,0.05379,0.284901,-0.287854,0.356575,-0.403005,0.532888,0.244316,0.456753,-0.239749,-0.345491,-0.092379,0.14627,0.006127,-0.044621,-0.544276,-0.248033,0.189365,-0.440146,0.179533,0.151702,0.518144,0.294113,-0.417781,-0.206535,#
17,-0.159527,0.582959,0.564028,-0.154423,-0.386972,-0.295898,0.038474,0.134904,0.293363,-0.143515,-0.429302,-0.482212,0.208716,0.605699,0.314556,-0.438715,-0.336072,1.0,0.283801,0.547478,-0.128943,0.099723,0.093468,0.331883,-0.342045,0.013192,0.321512,0.377309,0.10595,0.297535,0.058455,0.300188,0.431744,0.34012,0.235476,-0.067976,0.627015,-0.125402,0.031723,-0.187934,0.123919,0.760319,0.451465,0.374264,-0.388798,-0.494642,0.623544,-0.249228,0.846023,-0.171557,-0.295898,-0.348188,0.123919,-0.094955,-0.262,-0.448735,-0.597648,-0.596951,-0.359385,-0.23229,-0.144104,0.23677,0.334428,0.329891,-0.522775,0.005936,0.287899,0.320927,0.209339,0.361172,0.427462,0.058455,-0.597007,-0.334366,0.137561,-0.021127,0.778307,-0.128927,0.058288,-0.308054,0.342834,-0.128927,0.111573,0.466144,-0.319721,0.390163,0.127145,0.553443,0.111573,0.33258,0.262185,0.137561,-0.22495,0.314588,-0.334366,0.285206,0.392097,0.064543,-0.287538,-0.383335,-0.290488,-0.143446,0.386502,0.531633,0.111573,0.350397,0.046814,-0.693245,-0.215169,0.199155,0.418297,0.314556,0.367437,0.571611,0.594102,0.181789,0.180247,-0.464867,-0.287538,-0.463196,0.33258,-0.061527,-0.464867,-0.137603,0.334428,0.031707,0.287899,0.266449,-0.350465,0.21682,0.169335,-0.155873,0.067829,-0.589575,0.100795,0.024432,0.431848,0.390163,-0.136492,-0.128927,-0.047764,-0.321772,-0.350586,-0.367959,-0.464867,-0.218525,0.181789,-0.067976,0.306203,-0.213704,0.031707,-0.32724,0.800959,-0.128927,-0.239744,-0.239744,0.368529,0.109857,-0.045323,0.024432,0.097187,0.331883,-0.036145,0.100795,-0.156839,0.033129,0.478165,-0.096725,0.024432,0.497703,-0.226288,-0.093671,-0.383335,-0.0718,0.419631,0.418654,0.478165,-0.08285,0.520108,-0.562576,-0.024621,0.123301,-0.151798,-0.443457,-0.447144,0.081907,-0.15943,-0.287538,-0.200106,-0.321288,0.367437,0.2667,-0.376808,0.084732,-0.097237,-0.037446,-0.231007,0.067829,0.221192,0.507811,#
18,-0.660327,-0.033857,0.233563,0.012086,-0.402325,-0.57138,-0.033857,-0.192661,0.565337,0.206249,-0.075202,0.140249,-0.123871,0.283383,0.478191,-0.529783,-0.06928,0.283801,1.0,-0.19569,0.022002,-0.167437,-0.093319,0.016029,-0.162646,-0.167632,0.117579,0.619062,-0.249124,0.569946,-0.132083,0.091533,0.007777,0.060364,0.618812,0.15628,0.302826,-0.816936,0.006049,-0.404726,-0.069039,0.45502,0.559342,-0.130784,-0.127455,-0.332729,-0.017891,-0.531662,0.496714,0.235609,-0.57138,0.26999,-0.069039,0.263437,-0.24269,-0.076856,-0.165127,-0.423547,-0.126375,-0.354191,-0.251229,-0.230482,0.08032,0.520706,0.054595,-0.216388,0.291189,0.269521,0.118675,0.184577,-0.254385,-0.132083,0.026785,-0.528557,0.238185,0.178596,0.081757,0.013455,0.790995,-0.25422,0.024052,0.013455,-0.650779,-0.36394,-0.65383,-0.007079,-0.24715,0.238185,-0.229816,0.081757,0.096777,-0.178592,0.082832,0.070949,-0.528557,0.017505,0.236534,-0.116127,-0.313582,-0.416643,-0.429543,0.507561,0.349572,-0.229816,-0.229816,0.516038,-0.071898,-0.122789,0.177579,0.107971,0.081757,0.478191,-0.418593,0.189295,-0.105299,-0.32218,0.097617,-0.196774,-0.313582,-0.080504,-0.279027,-0.476505,-0.712329,0.011769,0.08032,-0.689777,-0.269817,0.389801,-0.49588,-0.254477,0.661886,-0.241611,-0.186521,0.167316,0.391099,-0.529911,0.016029,0.4046,-0.143196,0.013455,-0.025299,0.313096,-0.169619,-0.704341,-0.613184,-0.007821,-0.32218,0.15628,-0.421042,0.094001,-0.689777,-0.103766,0.4046,-0.440507,-0.237053,-0.237053,0.002776,0.352665,-0.243111,-0.162646,-0.023032,0.016029,0.678107,-0.025311,0.236534,0.020143,-0.162646,0.29968,-0.162646,0.42435,0.187089,0.392195,-0.000471,-0.427585,0.132813,0.25403,-0.162646,0.272601,0.091182,-0.296979,0.209731,0.278132,0.653409,-0.278223,0.030007,0.370152,-0.245844,0.236534,0.247368,-0.030442,-0.418593,0.449167,0.030784,0.377384,0.098503,0.056418,0.270436,-0.186521,-0.577723,0.092804,#
19,0.281097,0.111819,0.145756,0.33317,0.043536,-0.288208,-0.436662,0.129106,-0.163888,-0.154747,-0.427179,-0.491412,0.203355,0.146672,-0.405479,0.026226,-0.333266,0.547478,-0.19569,1.0,0.35702,0.105728,0.099423,0.338347,0.117782,0.488022,-0.180529,-0.139147,0.554904,-0.153877,0.608421,0.314583,0.43894,0.346616,-0.223747,-0.608219,0.174334,0.37904,-0.478203,-0.185285,0.130101,0.196884,-0.039753,0.384684,-0.386484,-0.014427,0.62218,-0.05153,0.293152,-0.176196,0.150397,-0.38261,0.130101,-0.127536,-0.294391,0.134898,-0.306644,-0.119308,0.191502,-0.242799,-0.169066,0.213456,0.330634,-0.145692,-0.166778,0.156218,0.292697,0.521925,-0.208105,-0.367031,0.425954,0.074829,-0.597432,0.417668,0.131367,-0.04447,0.778026,0.365566,0.049927,0.146935,0.357647,0.365566,0.570287,0.943598,0.131367,-0.053927,0.589973,0.550302,0.570287,0.329028,0.270683,0.131367,0.23201,0.311054,0.417668,0.364371,0.391102,0.060273,-0.29352,0.064831,-0.295885,0.314111,0.39739,0.99343,0.570287,0.34683,0.055209,-0.705526,0.245146,0.207194,-0.060036,-0.405479,0.366429,0.585666,0.593566,0.635596,0.249756,0.096493,-0.29352,-0.015616,0.329028,0.384226,0.096493,-0.060407,0.330634,0.593566,0.292697,-0.23129,-0.455041,0.224986,-0.288998,0.295455,0.637643,-0.524801,0.096493,0.029885,0.439045,-0.053927,-0.226802,0.365566,-0.056531,-0.332559,0.126505,0.211681,0.096493,-0.330193,0.635596,-0.608219,0.800331,-0.208698,0.593566,-0.005814,0.359884,0.365566,0.211932,0.211932,0.368443,-0.058707,-0.056396,0.029885,-0.369432,0.338347,-0.606908,-0.452216,-0.161862,-0.371472,0.486948,-0.629433,0.029885,0.013988,-0.641883,-0.100766,0.064831,0.415374,-0.091128,0.417668,0.486948,-0.526161,0.097027,-0.005716,-0.523322,-0.304673,-0.621842,-0.445176,-0.458469,-0.4634,0.249189,-0.29352,0.212358,-0.783557,0.366429,-0.416894,-0.387825,-0.358111,-0.094766,-0.033716,-0.649716,0.637643,0.218167,0.42781,#
20,-0.302502,-0.497453,-0.119168,0.502601,-0.17901,-0.094061,-0.535234,-0.064434,0.031239,-0.371496,0.408901,0.028382,-0.522311,-0.620575,-0.508401,-0.034448,0.428558,-0.128943,0.022002,0.35702,1.0,-0.529139,-0.559863,0.326829,0.42792,0.44734,-0.530611,0.015743,0.363372,-0.389847,0.738678,0.4885,0.348961,0.324542,0.277973,-0.762601,-0.017963,0.269796,-0.588947,0.305041,0.409308,-0.175552,0.016318,0.280377,-0.013494,0.305424,-0.285599,-0.142001,0.03575,-0.242277,0.380455,-0.361658,0.409308,-0.369582,-0.232485,0.210319,-0.234354,0.040219,0.178518,-0.333448,-0.437765,0.234068,0.470528,-0.47528,0.274614,-0.174758,0.217886,-0.011705,-0.343755,-0.327449,0.062527,0.161399,0.295977,0.474492,0.321981,-0.405422,0.0555,0.997955,0.198256,0.369748,0.499445,0.997955,0.378556,0.336705,-0.096389,-0.250181,0.391869,0.356845,0.801129,0.503893,-0.386028,0.356845,0.551752,0.035963,0.474492,0.095183,-0.242144,0.179604,-0.270632,0.236016,-0.205696,0.533987,0.19495,0.378556,0.801129,0.518012,0.212578,-0.121856,0.800458,0.498129,-0.477517,-0.508401,-0.257162,0.351188,0.203041,0.569507,0.153995,0.733797,-0.270632,0.65378,0.036816,0.223846,0.216271,0.589539,0.470528,0.203041,-0.508401,-0.473357,-0.426553,0.100314,0.293641,0.534461,0.762236,0.129966,0.173143,-0.066565,0.348618,0.163073,-0.170995,0.997955,-0.219697,0.282575,0.428791,0.43046,0.194707,-0.42527,0.569507,-0.762602,0.527719,0.515367,0.203041,0.655363,0.197511,0.542258,-0.113821,-0.113821,-0.333649,-0.428218,-0.493892,0.408901,-0.678159,0.326829,-0.249389,-0.398927,-0.270632,-0.661003,0.446938,-0.392471,0.408901,-0.084442,-0.377204,-0.080089,0.65378,0.036816,-0.211262,0.474492,0.446938,-0.369208,-0.663191,0.654372,-0.703015,0.328915,-0.195367,0.143066,-0.227336,-0.477199,0.061093,0.441557,0.759458,-0.600725,-0.257162,-0.530296,-0.251077,-0.563981,-0.278568,0.305367,-0.135438,0.762236,-0.323716,-0.23783,#
