0,1.0,0.529944,-0.325428,-0.488726,0.775912,0.274321,-0.218218,-0.785775,-0.534337,0.22886,0.751418,0.219786,0.458037,0.365079,-0.274412,0.07357,-0.327259,-0.30797,-0.084743,-0.332858,0.102413,-0.320148,0.143119,-0.469614,-0.204487,-0.314645,0.352427,-0.200504,0.137513,0.654654,-0.80094,0.456423,0.509175,-0.327248,-0.309251,-0.525147,-0.428245,-0.134998,-0.42827,-0.149236,0.22886,0.331843,-0.42827,0.204246,-0.170488,0.433134,0.06152,0.02355,-0.160678,0.337215,-0.469318,-0.175766,0.229292,-0.37774,0.404893,0.356145,-0.42048,0.404443,0.269842,-0.218218,-0.251454,-0.180357,0.33057,-0.249344,0.591487,0.262042,-0.420101,0.606912,0.140787,0.543661,-0.12913,0.262444,0.2398,-0.653139,-0.726971,0.118346,-0.334528,0.065899,0.346178,-0.238865,-0.334528,-0.493033,0.114424,-0.428345,-0.493033,0.065899,-0.203008,-0.069684,-0.208568,-0.324326,0.230765,-0.652438,-0.069684,0.509175,-0.233115,0.140883,0.257082,-0.324326,-0.428571,0.062615,0.019838,-0.995955,-0.382,-0.197812,-0.489537,-0.197812,0.413795,-0.104278,-0.324326,0.065899,0.106479,-0.218218,0.230765,-0.327327,-0.338903,-0.493033,-0.016371,0.346178,0.027285,0.114424,-0.652438,-0.428345,-0.178624,-0.016371,0.353383,0.24812,-0.218218,-0.139666,0.487951,-0.654654,-0.36886,0.0,0.243977,-0.218218,-0.076308,-0.327327,0.0,-0.327327,-0.663334,-0.726971,-0.327327,-0.148516,-0.6543,0.353728,0.312615,0.290877,-0.161291,0.509175,0.230765,-0.428345,-0.6543,-0.016371,-0.218218,0.233686,-0.178624,-0.428571,-0.211014,0.119629,-0.324326,-0.5333,-0.444939,-0.338903,0.381542,0.028555,-0.200707,0.787081,-0.203008,0.236815,-0.534242,-0.428571,-0.26082,0.290953,-0.218218,0.334008,0.562908,0.243977,0.0,0.112739,0.574809,-0.023685,0.553824,0.136814,0.244786,0.460573,0.474314,-0.428043,-0.006004,-0.22832,-0.277101,0.276636,-0.493033,0.244786,0.675178,0.278098,0.101569,-0.428345,0.128356,-0.493033,-0.528955,0.058398,#
1,0.529944,1.0,-0.331561,-0.994058,0.442694,0.290022,-0.218164,-0.785581,-0.085926,0.770987,0.293781,0.425586,0.464788,0.806261,-0.138777,-0.26161,-0.327178,0.149114,0.370736,-0.338933,0.116134,-0.320069,0.60217,-0.014765,-0.210341,-0.390576,0.353431,-0.240821,0.143991,0.654492,-0.800742,-0.028561,-0.218164,-0.327167,-0.351541,-0.050558,-0.428139,-0.192824,-0.428164,-0.010961,-0.327167,-0.014831,-0.428164,0.344561,-0.176649,0.278373,0.202874,0.494429,-0.642555,0.498275,-0.249386,-0.747977,0.243877,-0.457636,0.404793,-0.077302,-0.438076,0.406655,0.278126,-0.218164,-0.251394,0.532178,0.537044,-0.101528,0.222995,0.295259,-0.419997,0.253424,0.170384,0.364734,-0.187256,0.124285,0.254653,-0.264793,-0.828713,0.112089,-0.340586,-0.428239,-0.219588,-0.227877,-0.340586,-0.610883,-0.349208,-0.428239,0.143915,0.059381,-0.653974,-0.53411,0.272253,-0.408533,-0.516609,-0.269126,-0.53411,0.528186,0.165593,0.051274,0.130062,0.059729,-0.428465,-0.396599,0.484344,-0.57935,-0.370892,-0.654138,-0.57935,-0.654138,-0.15325,-0.68038,-0.408533,-0.428239,0.505302,-0.218164,-0.516609,-0.327246,-0.344898,-0.610883,-0.513851,-0.219588,-0.427361,-0.349208,-0.269126,-0.428239,-0.749935,-0.513851,0.180955,-0.208892,0.499481,0.392299,0.273869,-0.654492,0.041014,0.0,-0.491044,-0.218164,-0.082313,-0.327246,0.0,-0.327246,-0.125653,-0.828713,-0.327246,-0.14266,-0.654138,-0.2002,-0.392285,-0.44714,-0.269834,0.528186,-0.516609,-0.428239,-0.654138,-0.513851,-0.218164,-0.327079,-0.749935,-0.428465,0.188061,0.549335,0.059729,-0.134567,-0.451455,-0.800845,-0.082313,0.040568,0.284378,0.761332,-0.208892,0.061958,-0.53411,-0.428465,-0.303643,0.729946,-0.218164,-0.227315,0.082217,-0.491044,0.0,0.576464,0.547505,-0.159208,0.998601,0.115544,0.207217,0.432083,0.444974,-0.572018,0.444974,0.175808,-0.332203,0.790028,0.143915,-0.217407,0.224201,0.256659,0.084646,-0.428239,0.107034,-0.610883,-0.644621,-0.42815,#
2,-0.325428,-0.331561,1.0,0.307258,-0.079491,-0.160418,0.261912,0.511406,0.272718,-0.609201,0.019629,-0.288559,0.220696,-0.136211,-0.520551,-0.276571,0.33376,-0.274216,-0.152249,0.596331,0.037321,0.400122,0.171372,0.323325,0.863593,0.259589,-0.414362,-0.450981,0.181889,-0.368815,0.561934,-0.034475,-0.406231,0.351123,-0.342622,0.187153,0.493714,0.033761,0.49385,-0.687534,-0.09839,-0.138525,0.056755,-0.46513,0.416759,-0.362614,-0.670476,-0.075856,0.03083,-0.444351,-0.392978,0.607664,-0.098805,0.241243,-0.092565,-0.223906,-0.369751,-0.421894,-0.333595,0.288638,0.004103,-0.43736,0.086538,0.108909,0.070745,-0.096501,0.056519,0.151751,0.004598,-0.292969,0.02525,-0.652489,-0.608739,-0.00347,0.097,0.208715,0.59112,0.025827,0.120891,0.046934,0.59112,-0.250486,0.145743,0.479813,0.508467,0.516132,0.355079,0.198376,0.247579,-0.268554,0.431643,-0.010274,-0.220756,-0.406231,0.004234,0.18558,0.480645,0.268166,0.566874,0.216255,-0.033529,0.368413,0.151505,0.366007,-0.096755,-0.045844,0.021051,0.516419,-0.202675,0.025827,0.285594,-0.406231,0.431643,-0.168372,0.642594,-0.250486,0.408631,0.120891,0.114286,0.145743,0.054412,0.033898,0.60241,0.340459,-0.248911,0.388229,-0.406231,0.113872,-0.21514,0.384851,-0.244144,0.0,0.466134,0.261912,0.706535,-0.088195,0.0,-0.088195,0.526437,0.097,-0.088195,0.783916,0.373461,0.081308,0.28148,0.386779,0.129678,-0.406231,0.431643,0.033898,0.373461,0.340459,0.288638,-0.180879,0.60241,0.111975,0.411557,0.209176,0.6305,0.319448,0.73041,0.536941,0.222428,0.130097,0.17746,-0.092294,0.802611,-0.324515,0.625094,0.566874,0.43443,0.010488,0.261912,0.623328,-0.41194,0.466134,0.0,-0.373027,-0.232315,0.28659,-0.346251,-0.655496,0.011267,-0.143304,-0.518182,0.45516,0.311262,-0.419835,0.548134,-0.613813,0.508467,0.011267,-0.036173,-0.408308,0.032489,0.479813,0.538651,-0.250486,-0.225675,-0.350221,#
3,-0.488726,-0.994058,0.307258,1.0,-0.397979,-0.278197,0.208802,0.743167,0.116779,-0.75923,-0.270054,-0.425793,-0.449674,-0.789021,0.101112,0.275748,0.249965,-0.111117,-0.338059,0.304862,-0.09772,0.32332,-0.563362,-0.032872,0.233581,0.390303,-0.361949,0.212878,-0.120765,-0.609246,0.765019,0.082874,0.266009,0.268552,0.330927,0.028214,0.388063,0.156002,0.388201,-0.021843,0.377891,0.060843,0.370208,-0.341301,0.180724,-0.296844,-0.153615,-0.460866,0.685186,-0.513,0.27118,0.736744,-0.212979,0.450805,-0.426343,0.057963,0.462964,-0.434243,-0.21659,0.237406,0.196656,-0.536275,-0.503167,0.083112,-0.185741,-0.211651,0.436493,-0.240466,-0.089193,-0.313549,0.149665,-0.14792,-0.244312,0.220628,0.81973,-0.16288,0.307857,0.412023,0.232415,0.269738,0.307857,0.619394,0.318462,0.373153,-0.192872,-0.112723,0.644637,0.530474,-0.237843,0.395355,0.523834,0.207892,0.513221,-0.506275,-0.209186,-0.062991,-0.119487,-0.038053,0.466255,0.468431,-0.455829,0.538113,0.337053,0.66197,0.577941,0.645017,0.147695,0.673845,0.465861,0.412023,-0.464764,0.208802,0.523834,0.248847,0.363654,0.619394,0.566089,0.232415,0.465054,0.318462,0.277122,0.354798,0.740228,0.493128,-0.207085,0.201147,-0.506275,-0.361517,-0.283551,0.626408,-0.07337,0.0,0.498877,0.208803,0.095021,0.334656,0.0,0.334656,0.059993,0.81973,0.334656,0.113943,0.609116,0.188796,0.390726,0.454799,0.241385,-0.506275,0.523834,0.354798,0.609116,0.493128,0.237406,0.294666,0.740228,0.44753,-0.239479,-0.526985,-0.090933,0.167131,0.403733,0.802826,0.063014,-0.001123,-0.314167,-0.747414,0.165668,-0.086914,0.493938,0.466255,0.336744,-0.704381,0.208803,0.239635,-0.096299,0.498877,0.0,-0.551996,-0.487831,0.182543,-0.99072,-0.075319,-0.178868,-0.449107,-0.386956,0.553139,-0.481393,-0.219652,0.278888,-0.776324,-0.192872,0.244237,-0.22964,-0.193917,-0.11794,0.373153,-0.136716,0.619394,0.637037,0.448051,#
4,0.775912,0.442694,-0.079491,-0.397979,1.0,0.218333,-0.26819,-0.526954,-0.241669,0.171034,0.543447,0.342149,0.348391,0.252904,-0.525824,0.25314,-0.402202,-0.132163,-0.193282,-0.091549,0.022289,-0.393462,0.391215,-0.234153,0.053189,-0.266494,0.424914,-0.480051,0.384164,0.389308,-0.555478,0.547247,0.250887,-0.402188,-0.189999,-0.206136,-0.073571,-0.074411,-0.073575,-0.375698,0.503435,0.123318,-0.073575,-0.024443,0.109726,0.47406,0.237189,0.277137,-0.004247,-0.053021,-0.325549,-0.123936,0.17148,-0.46059,0.052437,0.120015,-0.363406,0.395975,0.117677,-0.26819,-0.574878,-0.227159,0.531866,-0.129063,0.828387,0.396084,-0.019141,0.795129,0.287138,0.581945,-0.58734,-0.05896,0.18236,-0.802707,-0.673498,-0.192369,-0.102707,-0.173737,0.407826,0.044055,-0.102707,-0.447545,-0.204136,-0.526436,-0.235231,0.407564,-0.076608,-0.325069,0.023534,-0.216704,0.260322,-0.383063,-0.325069,0.481588,-0.369571,0.241411,0.292562,-0.084988,-0.073627,0.179351,0.18692,-0.76895,-0.129247,-0.068168,-0.407563,-0.068168,0.490887,-0.045475,-0.216704,-0.173737,0.36304,-0.26819,0.260322,-0.402285,-0.111151,-0.447545,0.051275,0.407826,0.289541,-0.204136,-0.383063,-0.526436,-0.137531,0.051275,0.369383,0.370518,-0.26819,0.10872,0.496519,-0.389308,-0.103218,0.0,0.164433,-0.26819,0.208743,0.116792,0.0,0.116792,-0.536479,-0.673498,-0.402285,0.09308,-0.393923,0.418484,0.36224,0.331129,-0.115476,0.481588,0.260322,-0.526436,-0.804135,0.051275,-0.26819,-0.001853,-0.137531,-0.073627,0.026491,0.354974,-0.084988,-0.219756,-0.427013,-0.239403,0.124036,-0.055472,0.035678,0.709724,-0.356806,0.181512,-0.656584,-0.073627,0.175784,0.589004,-0.26819,0.393006,0.332908,0.164433,0.0,0.012925,0.261735,0.074179,0.452866,0.246251,-0.042551,0.101467,0.561509,-0.41626,-0.238267,-0.364808,-0.327196,0.200888,-0.235231,-0.042551,0.810597,0.420378,0.001658,-0.526436,-0.05686,-0.447545,-0.756503,-0.179044,#
5,0.274321,0.290022,-0.160418,-0.278197,0.218333,1.0,0.573969,-0.127154,-0.40525,0.451754,-0.244238,0.217761,0.644899,0.171867,-0.051661,0.043301,0.31637,0.009678,0.160661,-0.607446,0.870237,0.402954,-0.000711,-0.740406,-0.022293,-0.639738,-0.259927,-0.495866,0.386546,0.052819,-0.131594,0.337063,-0.1655,-0.248191,-0.595375,-0.39828,-0.324788,-0.407713,-0.324807,-0.396142,-0.248191,0.655544,-0.324807,0.142583,-0.025989,-0.18197,0.034249,-0.123695,0.002593,0.295728,0.262938,-0.415916,0.452295,-0.717623,0.343666,0.624501,0.198125,0.4401,0.686188,-0.1655,0.377361,-0.094698,0.407404,-0.451577,0.132811,0.251228,-0.318611,0.067585,0.067397,0.412322,-0.40484,0.53078,0.4654,-0.495351,-0.403168,0.211978,-0.607728,-0.324864,-0.350388,0.026646,-0.607728,0.163781,-0.142173,0.177585,0.163781,-0.324864,-0.03749,-0.405178,0.247757,-0.605937,0.133039,-0.021056,-0.405178,0.750033,0.512135,-0.605473,0.152811,-0.605937,-0.325036,0.364496,0.466409,-0.240524,0.398475,-0.496232,-0.755349,-0.496232,0.023114,-0.620602,-0.605937,-0.324864,-0.069587,-0.1655,0.133039,-0.24825,-0.137712,0.163781,-0.258102,-0.350388,0.138103,-0.142173,-0.021056,0.177585,-0.41764,-0.258102,0.137274,-0.496107,-0.1655,0.2976,0.37007,-0.4965,-0.064257,0.0,-0.059054,0.573969,0.060336,-0.24825,0.0,-0.24825,-0.348947,-0.403168,-0.24825,0.287126,-0.032165,0.235557,0.197502,0.220606,-0.40709,0.750033,0.133039,0.177585,-0.032165,-0.258102,-0.1655,-0.248124,-0.41764,-0.325036,-0.493446,0.439685,-0.605937,-0.404463,-0.2074,-0.137712,-0.405115,0.250204,-0.33505,0.48398,-0.03749,0.213572,0.067092,-0.325036,-0.19781,0.088673,0.573969,0.221792,0.307056,-0.059054,0.0,0.329378,0.003242,-0.694432,0.320148,0.435802,-0.009246,0.371414,-0.105797,-0.702495,0.382495,0.039328,-0.499594,0.479819,0.163781,-0.009246,0.09493,0.097171,0.316129,0.177585,0.457108,0.163781,-0.020256,0.169937,#
6,-0.218218,-0.218164,0.261912,0.208802,-0.26819,0.573969,1.0,0.304299,-0.272071,-0.166627,-0.163973,0.022382,0.351308,-0.272099,0.326023,-0.39629,0.681677,-0.404407,-0.272101,-0.407819,0.584247,0.807294,-0.403604,-0.497083,0.378386,0.174774,-0.66501,-0.332907,0.182047,-0.333333,0.307188,0.241658,-0.111111,-0.166627,-0.399714,-0.267392,-0.218052,0.186257,-0.218064,-0.265956,-0.166627,0.37254,-0.218064,-0.323654,0.365703,-0.448958,-0.399385,-0.497631,0.409067,0.101619,0.050228,0.198169,-0.166623,0.089131,0.261138,0.433201,0.085639,0.295468,0.460683,-0.111111,0.725532,-0.063577,0.273517,0.110348,-0.371657,0.041408,-0.213905,-0.394695,0.071685,0.276819,0.190563,0.356348,-0.1665,-0.332562,0.2143,0.542334,-0.408008,-0.218103,-0.664634,-0.333145,-0.408008,0.181788,0.291309,0.536868,0.181788,-0.218103,0.35604,-0.272023,0.220564,-0.406805,0.160227,0.379663,-0.272023,-0.111111,0.388096,-0.406494,0.173818,-0.406805,-0.218218,0.310848,0.313131,0.26645,0.311741,-0.333153,-0.507115,-0.333153,-0.145865,-0.149633,-0.406805,-0.218103,-0.406625,-0.111111,0.160227,-0.166667,0.29806,0.181788,0.241742,-0.664634,0.47699,0.291309,0.379663,0.536868,0.196262,0.241742,0.092161,-0.333069,-0.111111,0.199798,0.248452,-0.333333,-0.407159,0.0,0.372681,1.0,0.427398,-0.166667,0.0,-0.166667,0.270202,0.2143,-0.166667,0.24617,0.364144,0.158145,0.199473,0.148107,0.207729,-0.111111,0.160227,0.536868,0.364144,0.241742,-0.111111,-0.166582,0.196262,-0.218218,-0.331283,0.29519,-0.406805,-0.271543,0.286395,0.29806,-0.271981,-0.218093,-0.66262,-0.127903,0.35604,0.254558,0.437602,-0.218218,-0.132803,-0.327039,1.0,0.202157,-0.186154,0.372681,0.0,-0.19083,-0.375083,-0.132655,-0.185482,0.292582,0.35748,0.249355,-0.476904,0.166667,0.256794,-0.332543,0.297439,-0.133985,0.181788,0.35748,-0.299955,-0.307034,-0.191655,0.536868,0.306886,0.181788,0.253251,0.525319,#
7,-0.785775,-0.785581,0.511406,0.743167,-0.526954,-0.127154,0.304299,1.0,0.147419,-0.600001,-0.590446,-0.362108,-0.23297,-0.689449,0.05984,0.12314,0.477098,0.043671,-0.281762,0.529972,-0.030279,0.312585,-0.400716,0.316714,0.331517,0.250406,-0.452102,0.068886,0.064629,-0.912897,0.983255,-0.034232,-0.400097,0.312179,0.130706,0.130247,0.598651,0.07186,0.598629,-0.121074,-0.082187,-0.115067,0.616352,-0.52438,0.343123,-0.265445,-0.204938,-0.184117,0.415621,-0.513779,0.257288,0.565256,-0.103304,0.216266,-0.418929,-0.100655,0.295346,-0.342614,-0.259467,0.276123,0.361469,-0.426696,-0.327589,0.045313,-0.377958,-0.289575,0.475715,-0.258987,-0.197535,-0.40012,0.042728,-0.236075,-0.092887,0.391584,0.627165,0.04584,0.52877,0.118697,0.053637,0.356222,0.52877,0.461969,0.113269,0.597316,0.461969,0.136779,0.475309,0.159154,0.099433,0.271481,0.386804,0.550779,0.176149,-0.400097,0.12317,-0.295495,-0.258912,0.115211,0.431623,0.124908,-0.201841,0.831948,0.711063,0.336748,0.341541,0.470348,0.128228,0.463654,0.115211,-0.007871,-0.307277,0.304299,0.386804,0.47758,0.517344,0.461969,0.279662,0.053637,0.155717,0.230477,0.516681,0.615397,0.564692,0.441372,-0.115517,0.038444,-0.400097,0.023873,-0.37802,0.777653,0.306825,0.0,0.236263,0.304299,0.284746,0.456448,0.0,0.456448,0.512177,0.627165,0.435317,0.498416,0.912404,0.216053,0.244637,0.336943,0.250642,-0.400097,0.386804,0.615397,0.778805,0.441372,0.078892,-0.066381,0.564692,0.579186,0.08764,-0.323659,0.132574,0.192804,0.68766,0.534251,-0.259128,-0.014379,0.10809,-0.612352,0.343279,-0.189238,0.609025,0.431623,0.397383,-0.529769,0.304299,0.066398,-0.33426,0.236263,0.0,-0.524277,-0.786424,-0.142813,-0.802121,-0.206683,-0.385109,-0.590316,-0.626533,0.409958,-0.161401,0.113739,0.316786,-0.635356,0.461969,0.031676,-0.351767,-0.531785,0.100209,0.597316,0.095547,0.461969,0.427216,0.125923,#
8,-0.534337,-0.085926,0.272718,0.116779,-0.241669,-0.40525,-0.272071,0.147419,1.0,0.102206,-0.401511,-0.204681,-0.32146,0.175151,-0.313429,-0.082909,-0.408022,0.61136,0.587862,0.224837,-0.184749,0.012995,0.609832,0.419758,0.358633,0.156118,-0.106026,-0.032607,-0.153954,0.016657,0.224837,-0.395183,-0.272071,0.102206,0.156165,0.685875,0.320358,-0.229535,0.321047,-0.156795,0.081798,-0.218517,-0.098075,0.11817,-0.09096,-0.387897,0.237884,0.430092,-0.049061,-0.458609,0.378557,-0.15126,0.081396,0.275685,-0.370198,-0.666055,0.314549,-0.672487,-0.20477,0.394225,-0.569439,0.377014,0.015245,0.06386,-0.049473,0.186462,0.293876,-0.177514,0.263893,-0.34929,-0.242582,-0.68837,-0.407699,0.395048,0.344637,-0.659475,0.229229,-0.106476,-0.123156,0.414019,0.229229,0.205046,-0.586176,-0.106476,0.205046,-0.106476,-0.03501,0.154455,0.35883,0.202485,-0.445183,-0.039724,-0.247443,-0.272071,-0.030391,0.207515,0.187555,0.630198,0.792418,0.240375,0.095402,0.493519,-0.183346,0.38543,0.493519,-0.025941,-0.556409,-0.051619,0.630198,-0.08866,0.646175,-0.272071,-0.445183,-0.408107,0.217345,0.205046,0.04728,-0.123156,-0.060863,-0.602675,0.363444,-0.534055,-0.144962,-0.395321,-0.593451,-0.03501,0.421988,0.278547,-0.600094,0.399778,0.226896,0.0,-0.465593,-0.272071,0.126207,0.091616,0.0,0.091616,0.188193,0.344637,0.091616,-0.02798,-0.025941,-0.661535,-0.591442,-0.480024,-0.18299,-0.272071,-0.445183,-0.534055,-0.009486,-0.395321,0.421988,-0.407899,-0.144962,0.33805,0.331994,0.214713,0.630198,0.996338,-0.062374,0.217345,-0.253384,0.373822,0.374123,-0.438463,-0.018749,-0.595201,0.154455,0.792418,0.547509,0.334121,-0.272071,-0.133975,-0.564355,-0.465593,0.0,0.320044,0.211506,0.34411,-0.11281,-0.204694,-0.030184,-0.380722,0.047893,0.171059,0.047893,-0.020874,-0.112049,0.060775,0.205046,-0.440853,-0.440853,0.363192,-0.143205,-0.106476,-0.214488,0.205046,0.107873,-0.533943,#
9,0.22886,0.770987,-0.609201,-0.75923,0.171034,0.451754,-0.166627,-0.600001,0.102206,1.0,-0.2459,0.336307,0.183945,0.622572,0.081714,-0.006435,-0.249888,0.467002,0.621985,-0.611581,0.289425,-0.244458,0.466967,-0.220299,-0.498892,-0.605139,0.285867,-0.029367,-0.052295,0.49988,-0.611581,-0.210155,-0.166627,-0.24988,-0.106274,0.139021,-0.326999,-0.380836,-0.327018,0.183034,-0.24988,0.180658,-0.327018,0.63009,-0.490257,0.125762,0.524499,0.355592,-0.490763,0.389379,0.384141,-0.996998,0.40006,-0.551901,0.309168,0.111977,0.225378,0.344366,0.334379,-0.166627,-0.192005,0.6836,0.332844,-0.301344,0.079514,0.170327,-0.32078,0.016284,0.000703,0.211634,-0.37779,0.37067,0.412234,-0.056906,-0.456281,-0.271102,-0.611865,-0.327075,-0.403278,-0.014461,-0.611865,0.030163,-0.611602,-0.327075,0.030163,-0.327075,-0.499484,-0.407936,0.147728,-0.165928,-0.705771,-0.062099,-0.407936,0.682843,0.432592,-0.170152,0.020255,-0.165928,-0.327248,-0.152574,0.395329,-0.286606,-0.122457,-0.49961,-0.286606,-0.49961,-0.353137,-0.948251,-0.165928,-0.327075,0.335983,-0.166627,-0.705771,-0.24994,-0.61166,0.030163,-0.762555,-0.403278,-0.326405,-0.611602,-0.062099,-0.327075,-0.997825,-0.762555,0.041424,-0.499484,0.650171,0.274731,0.129067,-0.49988,0.34599,0.0,-0.832851,-0.166627,-0.407873,-0.24994,0.0,-0.24994,-0.341644,-0.456281,-0.24994,-0.343335,-0.49961,-0.368335,-0.593121,-0.617794,-0.459821,0.682842,-0.705771,-0.327075,-0.49961,-0.762555,-0.166627,-0.249812,-0.997825,-0.327248,-0.036069,0.408234,-0.165928,0.046456,-0.724364,-0.61166,-0.407873,0.206498,0.156455,0.396403,-0.499484,0.031123,-0.407936,-0.327248,-0.24797,0.536961,-0.166627,-0.40733,0.230422,-0.832851,0.0,0.796393,0.428886,-0.438296,0.774077,0.408042,0.003262,0.341209,0.351389,-0.773569,0.351389,0.444556,-0.680851,0.997676,0.030163,-0.48003,0.022594,0.517826,0.23723,-0.327075,-0.072442,0.030163,-0.121985,-0.327007,#
10,0.751418,0.293781,0.019629,-0.270054,0.543447,-0.244238,-0.163973,-0.590446,-0.401511,-0.2459,1.0,0.1037,0.23678,0.17632,-0.135867,-0.255976,-0.245909,-0.596806,-0.401555,0.011633,-0.315671,-0.240565,0.005579,-0.069568,0.097353,0.322405,0.233665,-0.063525,0.001442,0.491919,-0.601841,0.356629,0.522425,-0.2459,-0.140923,-0.394605,-0.321791,0.323954,-0.32181,-0.040422,0.278866,-0.057011,-0.32181,-0.153407,0.135588,0.383583,-0.26285,-0.06564,-0.028078,0.205285,-0.833237,0.292449,-0.245895,0.236185,0.304244,0.018671,-0.739191,0.237839,-0.035783,-0.163973,-0.188948,-0.156374,0.233955,0.219043,0.330097,0.133743,-0.315671,0.414042,0.181236,0.408516,0.330562,-0.04739,-0.245714,-0.49078,-0.435937,0.353643,0.009652,0.144523,0.307854,-0.49164,0.009652,-0.734412,0.429901,-0.321866,-0.45366,0.325897,-0.065826,0.036937,-0.219523,-0.152471,0.236456,-0.490254,0.036937,-0.163973,-0.490073,0.458736,0.256513,0.021702,-0.322036,-0.156742,-0.123759,-0.748379,-0.601608,-0.060892,-0.270502,-0.060892,0.358768,0.34904,-0.152471,0.144523,0.027911,-0.163973,0.236456,-0.245959,0.003769,-0.734412,0.356752,0.307854,0.107917,0.429901,-0.490254,-0.321866,0.289635,0.356752,0.330303,0.525428,-0.163973,-0.199087,0.366655,-0.491919,-0.600868,0.0,0.549985,-0.163973,0.198688,-0.245959,0.0,-0.245959,-0.164601,-0.435937,-0.245959,-0.173443,-0.491653,0.282005,0.294374,0.21857,0.306558,-0.163973,0.236456,-0.321866,-0.491653,0.356752,-0.163973,0.283403,0.289635,-0.322036,0.087269,0.001447,0.021702,-0.400731,-0.052666,-0.165824,0.630735,-0.321853,-0.214173,0.469688,0.099725,0.203236,-0.401439,-0.322036,-0.195985,0.140923,-0.163973,0.298334,0.163371,0.549985,0.0,-0.281618,0.416319,0.516113,0.308505,-0.142014,0.492299,0.329782,0.339621,0.245959,-0.113627,-0.490752,0.360424,-0.197729,-0.45366,0.492299,0.492299,-0.037386,-0.282836,-0.321866,-0.004974,-0.734412,-0.557501,0.137428,#
11,0.219786,0.425586,-0.288559,-0.425793,0.342149,0.217761,0.022382,-0.362108,-0.204681,0.336307,0.1037,1.0,-0.146885,0.521518,0.128219,0.380075,-0.098257,0.020504,-0.144213,-0.203775,0.291329,0.139165,0.197607,-0.127712,-0.177508,-0.2306,0.668514,-0.485515,0.616639,0.443163,-0.318998,-0.138204,-0.11191,0.0283,0.229165,0.295357,-0.58038,0.446211,-0.581179,0.117352,0.029616,-0.478557,0.09461,0.309534,0.425255,-0.114236,-0.013014,0.147343,-0.332902,0.664215,0.09658,-0.315486,-0.485653,-0.388381,-0.33389,0.004059,-0.17941,0.514023,0.219786,-0.91766,-0.042982,0.243329,-0.008477,0.590125,0.419506,0.366082,0.323485,-0.190445,0.316719,0.061336,-0.33201,0.215345,0.304538,-0.33011,-0.355156,0.094684,-0.209859,-0.765467,-0.172972,-0.103857,-0.209859,-0.243254,0.190125,-0.674219,0.086315,0.136872,-0.593038,-0.597987,0.182656,-0.432447,-0.205274,0.216689,0.050031,0.246202,-0.392498,0.288999,-0.185441,-0.007302,-0.366311,-0.266522,0.681631,-0.235469,-0.309151,-0.494738,-0.328964,-0.52127,-0.313415,-0.333503,-0.211761,-0.047314,0.039316,0.156674,-0.205274,-0.0,-0.099541,-0.243254,-0.18135,-0.172972,0.055038,-0.474921,-0.243775,0.015208,-0.323026,-0.409718,-0.114041,-0.481988,0.201438,0.183498,0.790751,-0.335729,-0.221198,0.0,-0.180174,0.022382,-0.311504,0.23501,0.0,0.23501,-0.008164,-0.355156,-0.57074,-0.121539,-0.436993,-0.273434,0.205778,-0.164515,-0.343514,0.246201,-0.205274,0.015208,-0.410461,-0.409718,0.201438,-0.200376,-0.323026,-0.395615,-0.301199,0.627657,-0.200402,-0.240344,-0.259178,-0.486643,0.082963,-0.323341,0.047813,0.336999,-0.37248,0.779959,-0.51222,-0.366311,-0.569808,0.592901,0.022382,-0.269541,0.0,-0.180174,0.0,0.441594,-0.111616,0.145755,0.42922,0.417611,-0.351772,0.38569,0.692786,-0.258253,-0.134862,-0.315327,-0.149789,0.348788,0.086315,-0.378259,0.204442,0.42616,-0.52946,-0.674219,-0.248991,-0.243254,-0.374105,0.037935,#
12,0.458037,0.464788,0.220696,-0.449674,0.348391,0.644899,0.351308,-0.23297,-0.32146,0.183945,0.23678,-0.146885,1.0,0.273362,-0.42445,-0.426984,0.070435,-0.117463,0.149997,-0.176887,0.479521,0.147258,0.261833,-0.327176,0.368337,-0.325056,-0.448455,-0.482239,0.314398,0.097421,-0.252876,0.537054,-0.268647,-0.402874,-0.966439,-0.646506,-0.174964,-0.521741,-0.17441,-0.643035,-0.402874,0.605413,-0.527241,-0.258832,0.074493,0.032019,-0.156519,0.19546,-0.105064,0.088354,-0.40388,-0.149295,0.596393,-0.457556,0.529137,0.205573,-0.423223,0.150586,0.546939,0.292264,0.16669,-0.224665,0.678086,-0.532376,0.081211,0.334823,-0.517184,0.396793,0.219033,0.529555,-0.111301,0.024261,0.195533,-0.460217,-0.694391,0.446695,-0.172923,-0.167383,-0.074374,-0.026765,-0.172923,-0.459196,-0.131579,0.25386,0.317055,-0.025854,-0.092258,-0.319372,0.440823,-0.637922,0.266497,-0.40602,-0.657703,0.498916,0.384503,-0.506345,0.298818,-0.15635,-0.16041,0.172382,0.333057,-0.425681,0.200486,-0.473052,-0.857299,-0.473052,0.27904,-0.268165,-0.637922,-0.527334,0.301427,-0.268647,0.266497,-0.402971,0.213196,-0.459196,0.045182,-0.074374,-0.138669,0.201754,-0.066619,-0.106091,-0.144864,0.045182,0.243817,-0.019021,-0.268647,0.488475,0.015403,-0.469394,-0.176913,0.0,0.198038,0.351308,0.530623,-0.402971,0.0,-0.402971,-0.096021,-0.694391,0.017713,0.50414,-0.083988,0.387618,0.124146,0.315373,-0.122836,0.498916,0.266497,-0.106091,-0.083988,0.045182,-0.268647,-0.402765,-0.144864,-0.16041,-0.038539,0.358912,-0.15635,-0.303457,0.139354,-0.25571,-0.193048,0.329135,-0.039941,0.740152,0.365474,-0.265556,0.07657,-0.16041,0.081156,0.174751,0.351308,0.397981,0.017429,0.198038,0.0,0.029556,0.311657,-0.447302,0.479475,-0.095506,0.362127,0.191185,-0.212484,-0.426474,0.567275,-0.007758,-0.168391,0.219619,0.317055,0.362127,0.11758,-0.298708,0.38652,0.25386,0.692168,-0.459196,-0.472294,-0.11245,#
13,0.365079,0.806261,-0.136211,-0.789021,0.252904,0.171867,-0.272099,-0.689449,0.175151,0.622572,0.17632,0.521518,0.273362,1.0,-0.327864,-0.037574,-0.408064,0.311705,0.599347,-0.163989,0.308321,0.000753,0.745227,-0.008444,-0.014224,-0.472498,0.427673,-0.427806,0.313394,0.816297,-0.597398,-0.334926,-0.272099,0.08706,-0.284175,0.235749,-0.533985,-0.229352,-0.534016,-0.171499,-0.40805,-0.176805,-0.534016,0.569046,-0.078459,-0.225734,-0.051694,0.471292,-0.801408,0.614192,-0.092889,-0.620606,0.127879,-0.432337,0.071648,-0.23743,-0.333269,-0.009118,0.246325,-0.272099,-0.313543,0.409529,0.159673,0.057913,0.352997,0.413757,-0.194839,-0.001409,0.319232,-0.077187,-0.22235,-0.139862,0.138067,-0.037208,-0.677372,-0.004385,-0.158764,-0.534109,-0.109041,-0.007116,-0.158764,-0.502478,-0.174697,-0.534109,0.205903,-0.076476,-0.81565,-0.259904,0.359498,-0.629999,-0.426565,-0.453945,-0.259904,0.428354,-0.045886,0.212388,0.188402,0.224518,-0.093474,-0.207943,0.583138,-0.40826,-0.595191,-0.416663,-0.40826,-0.815856,-0.526969,-0.524431,-0.214948,-0.1019,0.646764,-0.272099,-0.426565,-0.408148,-0.166789,-0.502478,-0.360981,-0.109041,-0.533014,-0.574944,-0.453945,-0.534109,-0.613867,-0.790479,-0.412758,-0.397939,0.401413,0.325067,0.206826,-0.412189,-0.208313,0.0,-0.460846,-0.272099,-0.242115,-0.408148,0.0,-0.408148,-0.097453,-0.677372,-0.408148,-0.013927,-0.815856,-0.591304,-0.283889,-0.381166,-0.654419,0.428354,-0.426565,-0.534109,-0.416663,-0.790479,0.401413,-0.40794,-0.613867,-0.534392,-0.024314,0.666083,0.224518,0.133076,-0.276001,-0.594697,0.158269,0.355352,0.374797,0.605972,-0.003435,0.050027,-0.259904,-0.093474,-0.405721,0.774857,-0.272099,-0.119972,-0.062545,-0.460846,0.0,0.820323,0.648185,0.026024,0.797336,-0.144922,-0.012254,0.502679,0.517676,-0.474671,0.517676,-0.036578,-0.339511,0.62899,0.205903,-0.410765,0.003686,0.41169,-0.064393,-0.534109,0.234802,-0.502478,-0.488019,-0.533998,#
14,-0.274412,-0.138777,-0.520551,0.101112,-0.525824,-0.051661,0.326023,0.05984,-0.313429,0.081714,-0.135867,0.128219,-0.42445,-0.327864,1.0,-0.180163,0.397496,-0.244856,-0.318548,-0.425515,-0.159252,0.091106,-0.694731,-0.092745,-0.558856,0.358976,-0.024778,0.593533,-0.395633,-0.176984,-0.00592,-0.208414,0.232873,-0.085366,0.475308,-0.034077,-0.280703,0.555811,-0.281251,0.824607,-0.061628,-0.135679,0.1875,0.059074,-0.088259,0.10235,0.079602,-0.454883,0.20805,0.347133,0.211181,-0.079494,-0.488907,0.392621,0.170914,0.268859,0.263249,0.461629,0.030491,-0.326023,0.614207,0.463705,-0.255759,0.37352,-0.663443,-0.37864,-0.092339,-0.633992,-0.309164,0.038678,0.568493,0.687728,0.047459,0.224496,0.47092,0.308159,-0.425626,0.07853,-0.566003,-0.52533,-0.425626,0.322944,0.321824,0.141822,-0.264887,-0.301225,0.082912,-0.122838,-0.351326,0.377623,-0.409244,0.627735,0.326649,-0.326023,0.190631,-0.092434,-0.432659,-0.312341,-0.640295,-0.410942,-0.12561,0.253401,0.004467,-0.313938,0.188549,0.12774,-0.182069,-0.19491,0.052338,0.07853,-0.767006,0.419172,-0.409244,0.465746,-0.335361,0.322944,-0.199169,-0.566003,0.118412,0.321824,0.308342,0.620032,-0.08093,0.137438,0.307211,-0.321485,0.450222,-0.265444,0.196717,-0.214243,0.037352,0.0,-0.11456,0.326023,-0.387622,0.069862,0.0,0.069862,0.225579,0.47092,0.069862,-0.635986,0.186198,-0.07918,-0.244084,-0.440489,0.452922,-0.326022,-0.409244,0.620032,0.186198,0.137438,-0.326023,0.326521,-0.08093,-0.152451,-0.172642,-0.325378,-0.446282,-0.365614,-0.133189,-0.110691,-0.132465,-0.63993,-0.462919,-0.469652,-0.263714,0.482974,-0.063347,-0.640295,-0.51214,-0.49093,0.326023,-0.616035,0.065645,-0.11456,0.0,-0.125514,-0.35971,-0.005055,-0.121996,0.463705,0.219888,0.171715,-0.110204,0.281239,-0.192216,0.239121,0.28612,0.087844,-0.264887,0.201517,-0.312896,-0.169837,-0.299667,0.141822,-0.454997,0.322944,0.547629,0.635669,#
15,0.07357,-0.26161,-0.276571,0.275748,0.25314,0.043301,-0.39629,0.12314,-0.082909,-0.006435,-0.255976,0.380075,-0.426984,-0.037574,-0.180163,1.0,-0.224178,0.320134,-0.03811,0.160283,0.150578,-0.142354,-0.03924,-0.135317,-0.342289,-0.482632,0.602651,-0.116963,0.380182,0.035489,0.160283,-0.048943,0.13604,0.333583,0.460378,0.211634,0.028632,-0.057188,0.028128,0.053428,0.334453,-0.166779,0.474598,0.331077,0.032298,-0.013207,0.257627,0.040374,-0.013066,0.060251,0.485417,-0.008677,-0.005974,-0.487458,-0.640916,0.122543,0.403457,-0.040035,-0.080024,-0.39629,-0.263538,-0.395974,-0.522484,-0.008148,0.574431,0.102376,0.617946,0.11108,0.010176,-0.298401,-0.579467,0.061651,0.515845,0.010451,0.040965,-0.481168,0.157941,-0.093552,0.560664,0.560952,0.157941,0.402982,0.040319,-0.455256,-0.156908,0.000223,-0.147549,0.118993,-0.198297,0.081047,0.329233,-0.021684,0.547114,0.372631,-0.433637,0.08401,-0.322478,-0.120499,0.170374,0.191144,-0.006989,-0.058566,0.164034,0.302728,0.312047,0.285199,0.133296,0.126676,0.226846,0.380906,-0.098489,0.313483,0.329233,0.314962,-0.159292,0.402982,-0.077434,0.560664,0.059411,-0.399053,-0.325896,0.000223,-0.010957,-0.228308,-0.249505,-0.147549,-0.39629,-0.256342,0.273335,0.40812,0.212802,0.0,-0.079356,-0.39629,-0.548109,0.470225,0.0,0.470225,-0.471066,0.040965,-0.062105,0.032633,-0.048874,0.046653,0.482983,0.371683,-0.523072,0.372631,0.329233,0.000223,-0.031345,-0.228308,0.343057,0.18242,-0.010957,0.151013,-0.436828,-0.111992,-0.248073,-0.056287,-0.200469,0.054698,0.103417,0.198527,0.197951,-0.012255,-0.460376,0.346261,-0.220986,0.170374,-0.081299,0.079755,-0.39629,0.016398,0.381282,-0.079356,0.0,0.187807,-0.215777,-0.174615,-0.269,0.195801,-0.853276,-0.157153,0.443541,-0.357616,-0.513354,0.015328,-0.508806,-0.030724,-0.156908,-0.433309,0.319131,0.44197,0.042753,-0.455256,-0.233929,0.402982,0.116838,0.021633,#
16,-0.327259,-0.327178,0.33376,0.249965,-0.402202,0.31637,0.681677,0.477098,-0.408022,-0.249888,-0.245909,-0.098257,0.070435,-0.408064,0.397496,-0.224178,1.0,-0.606485,-0.408068,-0.104702,0.288581,0.496341,-0.60528,-0.175715,0.04397,0.036933,-0.367839,0.01053,-0.15999,-0.499897,0.441191,-0.189727,-0.166632,0.375501,-0.064403,-0.03325,0.229502,0.303815,0.228692,-0.00259,-0.249888,0.086594,0.228692,-0.120451,0.038527,-0.151411,-0.598954,-0.746292,0.071386,0.049207,-0.059141,0.273661,-0.249883,0.099133,0.371389,0.612583,0.033859,0.344234,-0.201645,-0.166632,0.773869,-0.157754,-0.131949,0.060663,-0.345081,-0.649217,-0.320791,-0.208986,-0.63135,-0.196249,0.310399,0.452427,-0.249699,0.002731,0.285527,0.54715,-0.116112,0.197853,-0.38957,-0.499613,-0.116112,0.224827,0.408278,0.774257,0.224827,0.197853,0.505764,0.08546,-0.31875,-0.105982,0.193106,0.540261,0.08546,-0.166632,0.552568,-0.110839,0.213278,-0.610082,-0.327259,-0.061939,-0.199683,0.367954,0.43809,-0.014788,-0.222647,-0.014788,0.031819,0.024349,-0.610082,0.197853,-0.609812,-0.166632,0.193106,0.363561,-0.072717,0.224827,-0.189793,-0.38957,0.203931,0.408278,0.045291,0.774257,0.259091,0.331853,0.235142,-0.020356,-0.166632,-0.323643,0.250659,-0.009089,-0.095881,0.0,0.284534,0.681677,0.126074,-0.249948,0.0,-0.249948,0.380354,0.285527,-0.249948,0.333643,0.517584,0.261424,0.254647,0.190961,0.275964,-0.166632,0.193106,0.774257,0.517584,0.331853,-0.166632,0.345856,0.259091,-0.327259,0.063476,-0.07474,-0.105982,-0.40723,0.398035,0.418124,0.078399,-0.327072,-0.374838,-0.22948,0.505764,0.33244,0.627243,-0.327259,-0.248049,-0.490457,0.681677,0.267737,0.210287,0.284534,0.0,-0.320452,-0.593888,-0.243334,-0.311472,-0.084337,0.021848,0.341173,-0.748967,0.202755,0.351352,0.008846,0.488178,-0.238875,0.224827,0.021848,0.003921,-0.491421,0.216501,0.774257,0.428855,0.224827,0.335406,0.240534,#
17,-0.30797,0.149114,-0.274216,-0.111117,-0.132163,0.009678,-0.404407,0.043671,0.61136,0.467002,-0.596806,0.020504,-0.117463,0.311705,-0.244856,0.320134,-0.606485,1.0,0.727936,0.086025,0.090984,-0.184891,0.548369,0.217483,-0.0979,-0.364578,0.089383,-0.008243,0.191045,0.057772,0.086025,-0.149997,-0.404407,-0.100875,0.033151,0.285409,-0.0018,-0.577939,-0.001108,-0.007682,-0.201993,-0.014063,-0.001108,0.231237,-0.126628,-0.2153,0.641888,0.730955,-0.164754,-0.094309,0.657655,-0.524371,0.467026,-0.35391,-0.488328,-0.535421,0.469667,-0.470863,0.265946,0.28336,-0.413168,0.272326,-0.046363,-0.26555,-0.022371,0.458283,0.446698,-0.181283,0.388701,-0.174776,-0.485981,-0.32976,0.467489,0.426486,-0.011095,-0.613214,0.098961,-0.352463,0.039759,0.797554,0.098961,0.301566,-0.666933,-0.352463,0.301566,-0.440734,-0.487122,-0.160375,0.530939,0.08008,-0.367358,-0.092828,-0.160375,0.338381,0.011788,-0.35463,-0.401834,0.503916,0.466458,0.094331,0.351885,0.271762,0.12132,-0.071169,0.271762,-0.071169,-0.347914,-0.371321,0.503916,-0.352463,0.530577,0.28336,-0.367358,-0.090785,0.083703,0.301566,-0.184104,0.039759,-0.402345,-0.666933,0.323331,-0.352463,-0.507626,-0.622692,-0.479519,-0.487122,0.28336,0.517582,-0.510582,0.354887,0.551609,0.0,-0.710514,-0.404407,-0.253973,0.321875,0.0,0.321875,-0.119586,-0.011095,0.42504,-0.058919,-0.071169,-0.464488,-0.469792,-0.346277,-0.536936,0.338381,-0.367358,-0.352463,0.010359,-0.622692,0.28336,-0.606301,-0.507626,0.466458,-0.119489,0.123089,0.08008,0.605911,-0.218129,-0.328986,-0.581059,0.590749,0.553648,-0.070304,-0.406551,-0.460101,-0.160375,0.466458,0.281137,0.332268,-0.404407,-0.484563,-0.335148,-0.710514,0.0,0.55811,0.204101,-0.303666,0.122428,0.112803,-0.399926,-0.487078,0.315862,-0.434563,-0.047459,0.453452,-0.701891,0.420801,0.301566,-0.399926,-0.448759,0.347716,0.106882,-0.352463,-0.218031,0.301566,0.106597,-0.364187,#
18,-0.084743,0.370736,-0.152249,-0.338059,-0.193282,0.160661,-0.272101,-0.281762,0.587862,0.621985,-0.401555,-0.144213,0.149997,0.599347,-0.318548,-0.03811,-0.408068,0.727936,1.0,-0.195939,0.30507,0.008674,0.644933,-0.038287,-0.044862,-0.516309,-0.062492,-0.040209,-0.111538,0.42004,-0.195939,-0.385618,-0.272101,0.096867,-0.270419,0.25339,-0.11924,-0.737175,-0.118583,-0.161998,-0.408054,0.249461,-0.534021,0.577274,-0.509442,-0.380344,0.279426,0.432067,-0.477219,0.093061,0.435673,-0.659173,0.602569,-0.307057,0.063068,-0.245756,0.341054,-0.499413,0.240393,0.388339,-0.313545,0.396543,0.02201,-0.46015,-0.018892,0.245799,-0.188325,-0.129269,0.14828,-0.256682,-0.255871,-0.210223,0.12747,0.383058,-0.16652,-0.442709,-0.182619,-0.110293,-0.147757,0.393965,-0.182619,0.165785,-0.590567,-0.110293,0.165785,-0.534114,-0.42881,0.146505,0.329213,-0.215756,-0.477715,-0.446827,-0.25186,0.414757,0.357773,-0.207129,0.148623,0.20752,0.347617,0.195569,0.221667,0.042506,-0.199171,-0.017316,0.042506,-0.424418,-0.575699,-0.553501,0.20752,-0.09334,0.621643,-0.272101,-0.477715,-0.408152,-0.190406,0.165785,-0.386082,-0.147757,-0.53302,-0.606266,-0.047203,-0.534114,-0.642697,-0.824091,-0.585052,-0.42881,0.414757,0.280755,-0.490295,-0.007925,0.206616,0.0,-0.691142,-0.272101,-0.273443,-0.408152,0.0,-0.408152,-0.230472,-0.16652,0.087178,-0.052447,-0.424418,-0.650642,-0.619562,-0.446208,-0.684676,0.414757,-0.477715,-0.534114,-0.017316,-0.824091,0.414756,-0.407944,-0.642697,-0.102037,-0.051304,0.247203,0.20752,0.564621,-0.301743,-0.190406,-0.257739,0.79647,0.344244,0.099136,-0.026488,-0.548851,0.146505,0.347617,0.066308,0.339536,-0.272101,-0.158384,-0.098636,-0.691142,0.0,0.799754,0.647157,-0.286153,0.357855,-0.170929,-0.012602,0.078131,0.080462,-0.501731,0.516569,0.372569,-0.607093,0.596934,0.165785,-0.41901,-0.403379,0.3931,0.332427,-0.110293,0.225583,0.165785,0.137055,-0.534003,#
19,-0.332858,-0.338933,0.596331,0.304862,-0.091549,-0.607446,-0.407819,0.529972,0.224837,-0.611581,0.011633,-0.203775,-0.176887,-0.163989,-0.425515,0.160283,-0.104702,0.086025,-0.195939,1.0,-0.461721,-0.205172,0.121177,0.784757,0.38591,0.245764,0.091324,-0.015234,0.194246,-0.397226,0.539889,-0.108041,-0.407819,0.401491,0.115785,0.202812,0.534246,0.071661,0.53425,-0.189858,-0.105434,-0.549622,0.53425,-0.446429,0.386145,0.036044,-0.276744,0.318371,-0.111795,-0.371978,-0.324963,0.573473,-0.125296,0.181796,-0.520837,-0.592591,-0.37658,-0.531994,-0.545519,0.254225,-0.215638,-0.465692,-0.324941,0.177652,0.065365,-0.105708,0.508441,0.167284,-0.004556,-0.491519,0.044462,-0.735708,-0.134922,0.419035,0.074988,0.017235,0.999618,0.066177,0.618823,0.400215,0.999618,-0.281313,0.149041,0.066177,0.470711,0.568999,-0.028103,0.215545,0.144855,0.171449,0.394098,0.014516,0.215545,-0.407819,-0.392112,0.21295,-0.208976,0.621671,0.516623,-0.264811,-0.206075,0.350095,0.155456,0.378176,0.350095,0.378176,0.252624,0.722,0.15513,0.066177,0.230653,0.254225,0.394098,0.401198,0.562137,-0.281313,0.322052,0.618823,-0.31103,0.149041,-0.001508,0.066177,0.575462,0.33894,-0.201452,0.415343,-0.407819,0.04891,-0.378976,0.794452,0.205256,0.0,0.239822,-0.407819,0.25466,0.401198,0.0,0.401198,0.502311,0.074988,0.381337,0.52735,0.378176,0.111661,0.261046,0.339881,0.126882,-0.407819,0.394098,0.066177,0.36248,0.33894,0.254225,-0.110032,0.575462,0.516623,0.449625,-0.246575,0.637991,0.270248,0.709885,0.123756,0.25466,0.083167,0.68521,-0.13047,0.399831,-0.320594,0.215545,0.516623,0.36083,-0.016522,-0.407819,0.108752,-0.377966,0.239822,0.0,-0.425308,-0.306992,0.227352,-0.381043,-0.694339,-0.436969,-0.565222,-0.14492,0.417699,-0.14492,0.028223,0.374628,-0.647757,0.470711,-0.045244,-0.013906,-0.461317,0.045896,0.066177,0.115605,-0.281313,-0.250345,-0.386946,#
20,0.102413,0.116134,0.037321,-0.09772,0.022289,0.870237,0.584247,-0.030279,-0.184749,0.289425,-0.315671,0.291329,0.479521,0.308321,-0.159252,0.150578,0.288581,0.090984,0.30507,-0.461721,1.0,0.705481,0.088749,-0.709785,0.180452,-0.618945,-0.241125,-0.640894,0.505783,0.162823,0.051894,0.078935,-0.213905,0.0782,-0.537394,-0.155941,-0.419781,-0.368702,-0.419805,-0.512003,-0.32078,0.491699,-0.419805,0.277567,0.098233,-0.613095,-0.220402,-0.170723,-0.101084,0.389955,0.349918,-0.269642,0.289898,-0.615595,0.087276,0.471408,0.247302,0.109596,0.650008,-0.213905,0.366663,-0.163802,0.115469,-0.254985,0.180254,0.33486,-0.146684,-0.1884,0.19705,0.059655,-0.364171,0.305253,0.3014,-0.307508,-0.240986,0.171414,-0.456533,-0.419879,-0.319077,0.143814,-0.456533,0.224979,0.039619,0.122445,0.224979,-0.419879,-0.146194,-0.19631,0.330258,-0.783158,0.185076,-0.128181,-0.19631,0.584247,0.337875,-0.451626,0.210689,-0.448693,-0.064792,0.493078,0.553481,-0.063718,0.191321,-0.319682,-0.619399,-0.641367,-0.308752,-0.469752,-0.448693,-0.071587,0.022199,-0.213905,0.185076,-0.320857,0.047554,0.224979,-0.093892,-0.319077,0.079971,-0.282917,-0.128181,0.122445,-0.264496,-0.439999,-0.337066,-0.641206,-0.213905,0.252307,0.316492,-0.316068,-0.311149,0.0,1e-06,0.584247,-0.021212,-0.320857,0.0,-0.320857,-0.250384,-0.240986,-0.320857,0.380988,-0.140473,-0.097886,0.267646,0.243787,-0.649487,0.584247,0.185076,0.122445,0.181212,-0.439999,0.328839,-0.320693,-0.264496,-0.4201,-0.637766,0.545395,-0.448693,-0.18111,-0.022231,0.047554,-0.200956,0.443674,-0.296673,0.316793,0.171714,0.214811,0.313439,-0.064792,-0.2881,0.104491,0.584247,0.296519,0.129392,1e-06,0.0,0.485865,0.059276,-0.482347,0.140778,0.216178,-0.125267,0.436543,-0.077475,-0.539305,0.449567,-0.174089,-0.416804,0.309173,0.224979,-0.125267,-0.125267,0.179948,0.133215,0.122445,0.54916,0.224979,0.111577,0.114204,#
