0,1.0,0.231475,-0.202439,0.116231,0.513147,0.619649,0.231475,0.238435,0.231475,0.698073,0.141108,-0.183477,0.694861,0.497766,0.619649,0.505369,0.176772,-0.218669,0.392611,-0.249769,0.006554,0.264382,0.33709,-0.092546,0.253251,-0.976869,0.289468,0.14007,-0.206462,0.121508,-0.32695,0.138489,-0.326684,-0.249769,-0.081746,-0.166513,0.0,-0.356249,0.748529,-0.401293,-0.070058,-0.166513,-0.012169,-0.461947,0.246564,-0.927675,0.412567,-0.365041,-0.035321,-0.363003,0.380714,0.163513,-0.166513,-0.397981,-0.269093,0.219447,-0.991613,0.340908,-0.429668,0.259601,0.126303,0.391094,-0.560844,-0.299417,-0.436264,0.234555,0.0,0.406113,0.18502,0.267531,0.288942,0.079495,0.0,0.113844,0.286707,0.176637,-0.407871,-0.499268,-0.611447,-0.20163,-0.326852,-0.407871,-0.327025,0.388607,-0.359469,0.046745,-0.087447,-0.052625,0.113844,-0.407657,0.108323,-0.499143,0.0,-0.092455,-0.326852,0.165952,0.108323,-0.154584,-0.407657,-0.249769,0.286946,-0.499268,0.108323,0.39867,0.378489,-0.407657,-0.538752,0.353969,-0.249642,-0.145757,0.274413,-0.166513,-0.042062,0.013174,-0.611242,-0.326852,0.482568,-0.538752,0.26146,-0.273286,-0.499268,-0.249769,-0.76219,-0.327025,0.14007,0.113844,-0.249769,0.322531,-0.333455,-0.326852,-0.611242,0.0,-0.359469,-0.165913,-0.154584,-0.407871,-0.166513,-0.499143,0.258956,-0.436777,-0.326858,0.108323,-0.499268,-0.976869,-0.273286,-0.380911,-0.359469,0.503396,-0.359469,-0.166513,-0.35504,-0.154584,-0.166513,-0.407594,-0.499268,-0.249642,0.462495,-0.021541,0.286707,-0.499143,-0.117266,-0.249642,0.470633,0.113844,0.227974,0.084327,0.332253,-0.030719,-0.407871,-0.327025,0.495707,0.132742,0.121577,-0.538752,0.482682,-0.76219,-0.326852,0.097418,0.097418,-0.421351,0.382552,-0.019212,0.225762,0.225762,-0.148119,-0.041434,0.217258,-0.082359,-0.217797,0.094782,-0.436777,-0.008347,-0.231537,0.216051,-0.46102,0.19998,0.136835,-0.15571,0.213989,0.299092,#
1,0.231475,1.0,-0.013459,-0.099187,0.186316,0.318666,0.536488,-0.42749,0.498665,0.499481,-0.524981,-0.004648,-0.070586,0.207221,0.353452,-0.237057,-0.428164,0.428886,0.049423,0.210987,0.220451,0.318566,0.407291,-0.314001,0.053225,-0.127634,0.412866,0.347591,0.423342,0.360611,-0.428367,-0.708019,0.066669,-0.327246,-0.79156,-0.218164,0.0,-0.701912,0.035153,-0.033498,0.131503,0.528186,0.225016,-0.201616,0.047679,0.007526,0.508537,-0.13952,0.252668,0.31681,-0.511037,-0.55397,-0.218164,-0.648512,-0.50304,0.516532,-0.150935,0.342702,-0.219125,0.300831,0.242471,0.241887,0.370119,0.279354,0.125348,0.255323,0.0,0.077974,0.189937,0.35377,-0.166374,0.442851,0.0,-0.101241,-0.02078,0.206871,-0.094925,0.239597,-0.366171,0.444757,0.078886,-0.53439,-0.428465,0.085996,0.335454,-0.057364,0.547721,-0.185503,0.808295,0.375425,0.246269,0.229267,0.0,0.534572,0.078886,-0.427761,0.246269,-0.321711,-0.057444,-0.327246,0.268217,-0.228788,0.246269,0.210988,0.121634,0.375425,0.294255,-0.471356,0.770972,-0.35755,0.123809,-0.218164,-0.218655,0.239597,-0.326661,0.078886,0.216811,0.294255,0.5482,-0.485599,0.239597,-0.327246,-0.028886,-0.428465,0.347591,0.375425,0.210988,0.452714,-0.128809,0.078886,-0.326661,0.0,0.335454,-0.429439,-0.321711,-0.53439,-0.218164,-0.191088,0.197207,-0.718422,0.069319,-0.462839,-0.185753,-0.127634,-0.02078,-0.199804,0.335454,0.300183,0.335454,0.528186,-0.24015,0.112619,-0.218164,-0.064244,0.239597,0.248383,0.194166,0.165482,-0.02078,-0.191088,-0.27722,0.248383,0.249901,0.375425,0.539417,-0.052726,-0.327058,-0.206742,-0.53439,-0.428465,-0.228434,-0.28383,-0.094925,0.294255,0.206446,-0.490404,-0.428239,0.353435,0.353435,-0.390288,0.073013,0.223904,-0.208912,-0.230674,0.541192,0.135838,0.322506,0.077346,-0.997799,0.343874,-0.185747,0.664236,0.431899,0.037376,-0.225077,0.00996,-0.544518,0.292746,-0.232016,0.091976,#
2,-0.202439,-0.013459,1.0,0.061937,-0.629073,-0.40815,-0.013459,-0.095351,-0.090368,0.208956,-0.454321,0.523725,-0.427031,0.215214,-0.337416,-0.238312,-0.54708,0.527633,-0.493223,-0.2018,-0.193951,0.144878,-0.369014,-0.137441,0.410289,0.167044,-0.368437,-0.324629,0.056265,-0.399425,0.410289,-0.016506,-0.083327,0.377839,-0.192994,0.180332,0.0,0.183968,-0.090368,0.13833,0.315547,0.266205,0.421027,-0.216772,-0.046177,0.20356,-0.114231,-0.348157,-0.467311,0.223895,-0.038395,-0.265334,0.266205,0.614088,-0.473212,-0.446121,0.195823,-0.119121,-0.213967,-0.307301,0.508061,-0.228086,0.377392,0.197687,-0.362478,-0.22035,0.0,0.347527,-0.235302,0.218473,0.205329,-0.394825,0.0,0.11446,0.595458,-0.226763,0.108678,0.204386,-0.065413,0.049155,0.467433,0.511837,0.429121,-0.533551,0.768407,0.158926,0.405031,0.212083,0.099226,0.133757,-0.205972,0.242718,0.0,-0.089718,-0.028526,0.006933,0.557687,0.429936,0.513599,0.377839,-0.325419,0.219355,-0.205972,0.356371,0.426878,0.116492,0.546969,0.451714,-0.163688,-0.551243,-0.229785,0.266205,-0.181661,0.679423,0.803418,0.449064,-0.633258,0.546969,-0.077029,0.558378,0.272248,0.24903,0.535247,0.372904,-0.324629,0.530865,-0.180332,-0.488437,-0.335061,0.449064,0.339675,0.0,0.282561,0.283041,0.429936,0.108678,0.208956,0.628346,0.353963,0.263831,0.430317,0.557687,0.204386,0.167044,0.13196,-0.253944,0.198066,-0.126125,0.198066,0.266205,0.187992,-0.037807,0.266205,0.547523,0.272248,0.378259,0.218101,-0.156952,0.595458,0.225952,0.37703,0.378259,0.258775,0.530865,0.430696,0.120776,-0.228992,-0.18556,0.108678,0.44786,-0.302638,-0.438336,0.476779,0.546969,-0.729504,0.535247,0.428535,-0.434952,-0.434952,-0.545365,-0.569203,-0.16316,0.214692,-0.414603,-0.058315,-0.14868,-0.336338,-0.091149,0.018535,0.055892,-0.224837,-0.255458,0.058315,-0.041626,0.846126,0.015517,-0.322389,0.024364,-0.281257,-0.017272,#
3,0.116231,-0.099187,0.061937,1.0,-0.011221,-0.265673,0.352926,0.311255,-0.099187,0.401151,0.100148,0.004078,0.534737,-0.4272,0.150141,-0.017454,-0.075735,0.058799,-0.200406,0.117115,0.397317,-0.164913,-0.371726,-0.160698,0.787665,-0.078973,-0.54124,0.039386,0.053475,0.158794,0.335984,0.33802,0.323061,0.117115,0.29523,0.374228,0.0,-0.071072,-0.099187,0.108253,0.259875,-0.271921,-0.534223,0.03537,0.822643,-0.353806,-0.599697,-0.073318,-0.288242,-0.146668,0.42562,0.218394,-0.271921,0.195327,0.063074,-0.309398,-0.111449,-0.29056,-0.73175,-0.630682,-0.451817,0.570361,0.194881,-0.305471,-0.22337,0.093943,0.0,-0.602413,-0.478909,-0.226643,-0.050981,-0.060359,0.0,0.162489,0.064623,-0.45721,0.158274,-0.017459,0.24159,0.064728,-0.11911,0.158274,-0.075788,-0.149857,-0.138844,-0.243155,0.225273,-0.431766,0.130011,-0.275974,0.252881,-0.026623,0.0,-0.174282,0.330094,-0.533165,-0.438787,-0.182399,0.14625,0.117115,-0.130501,-0.400434,0.252881,0.096922,0.237069,0.14625,-0.151491,-0.057135,-0.407674,-0.166497,0.403377,-0.271921,0.001538,-0.001502,-0.190437,0.330094,0.442631,-0.151491,-0.07525,-0.371326,-0.017459,0.07673,-0.378976,0.347216,0.039386,0.162489,-0.407882,0.044981,-0.276564,0.330094,0.229589,0.0,0.377731,0.62085,-0.182399,0.586932,-0.271921,-0.026623,-0.313901,-0.107794,-0.126937,0.252881,0.39743,-0.078973,-0.371326,-0.131329,0.377731,0.60666,0.377731,-0.271921,0.39263,-0.182399,-0.271921,0.134629,-0.017459,0.102063,0.036957,-0.056438,0.064623,0.004917,-0.11887,0.102063,-0.411352,0.162489,0.312817,-0.681986,0.091363,-0.454133,0.586932,0.347216,-0.049482,0.337767,0.570445,-0.151491,-0.059243,0.071192,-0.11911,0.111709,0.111709,-0.51416,-0.227222,-0.815765,-0.148101,-0.188921,0.176012,-0.092068,-0.653195,0.270384,0.053521,-0.325228,-0.107794,-0.059243,0.039788,0.302521,0.262697,0.302998,0.186425,0.621482,0.407003,0.371138,#
4,0.513147,0.186316,-0.629073,-0.011221,1.0,0.408364,0.186316,-0.157014,0.186316,0.317399,0.081647,-0.187251,0.50321,0.219608,0.408364,0.606818,0.213793,-0.247833,0.789964,-0.011707,0.586713,-0.478466,0.645649,0.104364,-0.217395,-0.427358,0.595323,0.436361,0.182468,0.378957,-0.653866,0.126154,-0.204994,0.007805,-0.3424,-0.333008,0.0,-0.399777,0.219923,0.056099,0.063599,-0.333008,-0.306096,-0.1612,0.20902,-0.384522,-0.003081,0.113104,-0.235005,-0.04602,0.307821,0.30898,0.343415,-0.437591,-0.227316,0.71738,-0.451191,0.345416,-0.063221,0.486586,-0.309784,0.497743,-0.170663,-0.019251,0.0977,0.425972,0.0,0.020331,0.326503,0.051709,0.085585,0.353909,0.0,0.377359,-0.234919,0.359932,-0.003186,-0.612987,-0.024486,0.179701,-0.219592,-0.401478,-0.211192,0.809841,-0.535771,-0.415916,-0.024486,-0.60582,-0.030647,-0.014954,-0.399514,-0.617263,0.0,-0.051608,-0.236288,0.221248,-0.373807,-0.411605,-0.815272,0.007805,0.484515,-0.212069,-0.399514,0.49561,-0.006176,-0.42296,-0.576855,-0.124301,-0.025632,0.407853,0.222068,0.343415,0.207827,-0.212069,-0.816539,-0.65367,0.586706,-0.576855,0.231775,-0.656188,-0.212069,-0.499512,-0.671016,-0.654015,0.436361,-0.42296,0.49561,0.223837,0.11124,-0.65367,-0.83215,0.0,-0.055791,-0.479385,-0.411605,-0.003186,-0.333008,-0.998234,-0.27167,-0.516391,-0.653683,-0.373807,-0.612987,-0.427358,-0.234919,-0.005937,-0.55497,0.467093,-0.55497,-0.333008,-0.041663,-0.427351,0.343415,-0.815146,-0.212069,-0.499258,-0.212205,0.500808,-0.234919,-0.617263,-0.515556,-0.499258,0.193477,-0.42296,-0.236288,0.053351,0.011346,0.235775,-0.003186,-0.211192,0.225026,0.535653,-0.417409,-0.576855,0.608186,-0.671016,-0.219592,0.39636,0.39636,0.237177,0.823139,0.218536,0.029831,0.5229,-0.084934,0.481866,0.503203,0.385546,-0.174124,0.401766,-0.033623,0.177329,0.200061,0.663634,-0.607958,0.638619,0.37182,0.290537,0.467512,0.205853,#
5,0.619649,0.318666,-0.40815,-0.265673,0.408364,1.0,-0.107632,-0.030005,0.779749,0.388095,0.275431,-0.324469,0.25131,0.420746,0.183866,0.430221,0.381033,0.050751,0.230705,0.087123,-0.010871,0.398367,0.083914,-0.092585,-0.091013,-0.556771,0.218711,0.333832,0.0629,0.577261,-0.533939,-0.03114,-0.078535,-0.407896,-0.091449,-0.271931,0.0,-0.531697,0.813853,-0.655348,-0.137147,-0.271931,0.066098,-0.192766,-0.096109,-0.412704,0.661856,-0.526006,0.282458,-0.135912,0.178026,0.273065,-0.271931,-0.45986,0.104512,0.282442,-0.64308,0.518069,-0.17573,0.409336,0.27507,0.071042,-0.286228,-0.078736,-0.25132,-0.322883,0.0,0.262991,0.282636,-0.074134,-0.039157,0.601581,0.0,-0.267627,-0.381229,0.318766,-0.26191,-0.017305,-0.598527,0.05642,-0.533779,-0.245743,-0.084689,0.656245,-0.148301,-0.260705,-0.198505,-0.010847,0.130488,-0.267627,0.211458,-0.428541,0.0,0.205756,-0.533779,-0.0947,0.211458,-0.591104,-0.251702,-0.407896,0.428537,-0.017305,0.211458,0.087123,-0.183852,-0.267627,-0.548616,0.161246,0.072943,0.248311,-0.177063,-0.271931,-0.007727,-0.017305,-0.58633,-0.533779,0.392776,-0.548616,0.364521,-0.364129,-0.424152,0.106924,-0.378821,-0.084689,0.333832,0.146413,0.087123,0.546024,-0.512014,-0.533779,-0.58633,0.0,-0.654863,-0.229269,-0.591104,-0.666091,-0.271931,-0.413076,0.429078,-0.619128,-0.53379,-0.440717,-0.408504,-0.556771,-0.381229,-0.590447,-0.148301,0.17118,-0.148301,-0.271931,-0.137581,-0.191646,-0.271931,-0.665639,-0.424152,-0.407688,0.363982,-0.059681,-0.381229,-0.413076,-0.542673,-0.407688,0.394073,0.146413,-0.110224,-0.210718,0.110461,0.011896,-0.666091,-0.534061,0.430958,-0.111509,0.158439,-0.548616,0.819601,-0.803285,-0.533779,0.570428,0.570428,0.062839,0.656244,0.00792,-0.092942,0.40742,-0.125868,0.102971,0.392072,0.229575,-0.324347,0.554998,-0.638724,0.382372,0.053125,-0.121207,-0.754637,-0.129956,0.276712,-0.315849,-0.138074,-0.054749,#
6,0.231475,0.536488,-0.013459,0.352926,0.186316,-0.107632,1.0,-0.42749,0.035153,0.499481,-0.075265,0.463895,0.384223,0.207221,0.779749,0.179827,0.041314,-0.040592,0.032771,-0.327246,0.185481,-0.214652,0.407291,-0.789539,0.053225,-0.171952,0.35477,0.139701,0.423342,0.328077,-0.428367,-0.331813,-0.428019,-0.327246,-0.34198,-0.218164,0.0,-0.166374,0.035153,0.421636,-0.347627,0.528186,-0.523613,-0.088298,0.523713,-0.20414,0.083623,-0.161429,0.09221,0.31681,-0.042849,-0.581481,-0.218164,-0.428826,-0.538287,0.497155,-0.171782,0.066685,-0.40868,0.300831,-0.505237,0.76212,0.312143,0.279354,0.062674,0.255323,0.0,0.077974,0.189937,-0.185261,0.369164,0.351954,0.0,0.331629,-0.02078,0.153663,-0.53439,-0.185753,-0.366171,0.444757,0.078886,-0.53439,-0.428465,0.085996,-0.194145,-0.057364,0.112778,-0.185503,0.375425,-0.057444,0.246269,-0.191088,0.0,0.534572,0.539417,-0.427761,-0.462839,-0.321711,-0.057444,-0.327246,0.268217,-0.654138,0.246269,0.210988,0.121634,-0.057444,0.294255,-0.471356,0.248383,-0.35755,0.002269,-0.218164,-0.654121,0.239597,-0.326661,0.078886,0.216811,0.294255,0.060375,-0.485599,-0.185753,-0.327246,-0.490404,-0.428465,0.139701,0.375425,-0.327246,0.414529,-0.149884,0.078886,0.103956,0.0,0.335454,0.015711,-0.321711,-0.094925,-0.218164,-0.191088,-0.535276,-0.185747,0.069319,0.246269,0.239597,-0.171952,-0.485599,-0.220275,0.335454,0.735051,0.335454,0.528186,-0.24015,-0.321711,-0.218164,-0.064244,-0.185753,0.248383,0.194166,0.137415,-0.02078,0.229267,-0.27722,0.248383,0.249901,0.375425,0.539417,-0.079195,-0.327058,-0.65006,-0.094925,-0.428465,0.189841,-0.328768,-0.094925,0.294255,0.178934,-0.028886,-0.428239,0.324858,0.324858,-0.390288,0.045356,-0.206682,0.301127,-0.264677,0.511232,0.135838,0.289784,0.077346,-0.542836,-0.128786,-0.185747,0.636724,0.401939,0.492447,0.180534,0.44569,-0.591266,0.292746,-0.232016,0.518919,#
7,0.238435,-0.42749,-0.095351,0.311255,-0.157014,-0.030005,-0.42749,1.0,-0.42749,-0.217721,0.320898,-0.650468,0.330051,-0.1647,-0.030005,-0.160877,0.065738,-0.085459,-0.307156,0.195949,-0.245075,0.34295,-0.458387,0.563762,0.472953,-0.244701,-0.582805,0.145061,-0.548961,-0.533,0.472953,0.611759,0.459475,0.195949,0.594454,0.478986,0.0,0.369626,0.078748,-0.206567,0.070443,-0.217721,0.194675,0.330037,0.016175,-0.413835,-0.298043,0.342983,0.050303,-0.793278,0.356805,0.247056,-0.217721,0.025448,0.376401,-0.472661,-0.284612,0.030146,0.080511,-0.688807,0.132864,-0.381316,-0.647272,-0.790882,-0.509584,0.098836,0.0,-0.301337,-0.454834,0.254105,-0.150287,-0.645295,0.0,-0.533025,0.384896,-0.485881,0.319983,0.17307,0.04502,-0.545043,0.019725,0.319983,0.028506,-0.343534,-0.275976,0.331711,0.04502,0.197095,-0.112785,-0.112785,0.156919,0.163536,0.0,-0.799219,0.019725,0.055245,0.156919,0.491418,0.307455,0.195949,-0.055544,-0.23987,0.156919,-0.326581,0.504344,0.307455,-0.55795,0.254505,-0.326415,0.087071,0.373648,-0.217721,0.640358,-0.23987,0.036887,0.466819,0.217598,-0.55795,-0.426581,0.384896,0.17307,0.195949,-0.100482,0.484608,0.145061,-0.112785,-0.326581,-0.03012,0.173909,0.466819,0.036887,0.0,-0.275976,0.069909,0.491418,0.319983,-0.217721,0.163536,0.37265,0.279481,0.011289,0.156919,0.17307,-0.244701,0.384896,0.332896,-0.275976,-0.320405,-0.275976,-0.217721,-0.268643,0.491418,-0.217721,0.295402,0.17307,0.180927,0.289336,-0.64714,0.384896,-0.244554,0.565836,0.180927,-0.210258,-0.112785,0.019725,-0.054605,0.781367,0.161394,0.319983,0.484608,-0.184424,0.413094,0.319983,-0.55795,-0.1903,-0.100482,0.019725,-0.558324,-0.558324,-0.083109,-0.325549,-0.182886,-0.191874,-0.191874,-0.447191,-0.764657,-0.69292,-0.373313,0.419999,-0.543221,0.279481,-0.671057,-0.556262,-0.445475,-0.167803,-0.424906,0.235429,-0.027454,0.291373,-0.425589,#
8,0.231475,0.498665,-0.090368,-0.099187,0.186316,0.779749,0.035153,-0.42749,1.0,0.499481,-0.038568,-0.004648,-0.070586,0.207221,-0.107632,0.213845,0.078872,0.410107,0.049423,0.210987,0.220451,0.274202,-0.08613,-0.314001,0.053225,-0.150679,0.070489,0.239488,0.423342,0.817395,-0.428367,-0.27764,0.066669,-0.327246,-0.323997,-0.218164,0.0,-0.725118,0.536488,-0.525771,0.131503,-0.218164,0.002567,-0.248757,0.047679,-0.016933,0.508537,-0.709166,0.113604,0.31681,-0.004645,0.189939,-0.218164,-0.191566,-0.008177,0.194087,-0.237659,0.342702,-0.416263,0.300831,0.270243,0.198604,0.339971,0.279354,-0.070196,-0.491211,0.0,0.077974,0.189937,-0.228383,-0.189581,0.820985,0.0,-0.101241,-0.532628,0.234539,-0.094925,0.213576,-0.366171,0.416275,-0.428239,-0.077346,0.060135,0.547283,0.303055,-0.533364,0.068772,-0.211489,0.331629,-0.101241,0.202888,-0.233619,0.0,0.508229,-0.428239,-0.427761,0.202888,-0.799985,-0.083926,-0.327246,0.268217,0.213576,0.202888,0.210988,-0.361599,-0.101241,-0.121542,0.026349,0.19551,0.103737,-0.29753,-0.218164,-0.218655,0.213576,-0.353004,-0.428239,0.216811,-0.121542,0.5482,-0.514035,-0.228788,0.232517,-0.05712,0.060135,0.239488,0.348944,0.210988,0.432858,-0.72059,-0.428239,-0.353004,0.0,-0.247728,0.033517,-0.799985,-0.53439,-0.218164,-0.216804,0.314404,-0.75101,-0.428248,-0.50622,-0.211774,-0.150679,-0.532628,-0.774648,0.303055,0.300183,0.303055,-0.218164,0.315009,-0.365655,-0.218164,-0.534027,-0.228788,-0.327079,0.16447,0.165482,-0.532628,-0.216804,-0.773165,-0.327079,0.223596,0.348944,0.032291,-0.520693,-0.327058,-0.206742,-0.53439,-0.428465,0.206572,-0.28383,0.36212,-0.121542,0.635624,-0.518638,-0.428239,0.799228,0.799228,-0.097008,0.504451,-0.223905,-0.244275,0.299767,0.167295,0.384168,0.288475,0.53439,-0.524637,0.777609,-0.772317,0.635624,0.400741,0.005825,-0.378472,0.00996,0.184747,-0.001357,-0.232016,0.091976,#
9,0.698073,0.499481,0.208956,0.401151,0.317399,0.388095,0.499481,-0.217721,0.499481,1.0,-0.267373,0.226335,0.436585,0.30751,0.388095,0.312399,-0.218064,0.190107,0.237192,-0.166667,0.316738,0.128789,0.197769,-0.402113,0.527469,-0.651848,0.149913,0.016094,0.205829,0.408015,-0.218168,-0.145617,-0.217991,-0.166667,-0.403142,-0.111111,0.0,-0.652964,0.499481,-0.267776,0.282464,-0.111111,-0.107629,-0.64565,0.518869,-0.619021,0.249996,-0.6513,-0.30226,0.150183,0.226164,0.068152,-0.111111,-0.10204,-0.507515,0.132009,-0.661686,0.145299,-0.851101,0.14216,0.124035,0.663702,0.143621,0.099658,-0.291111,0.115413,0.0,0.245844,0.081975,0.147655,0.176197,0.323689,0.0,0.398178,0.211667,0.078261,-0.272166,-0.333153,-0.408008,0.212009,-0.218103,-0.272166,-0.218218,0.278732,0.154346,-0.271643,0.265403,-0.332704,0.398178,-0.272023,0.103331,-0.333069,0.0,0.258841,-0.218103,-0.217859,0.103331,-0.407433,-0.272023,-0.166667,0.106299,-0.333153,0.103331,0.666667,0.271774,-0.272023,-0.061902,0.257152,-0.166582,-0.407998,0.213268,-0.111111,-0.333145,0.325405,-0.407871,-0.218103,0.341077,-0.061902,0.537587,-0.508,-0.333153,-0.166667,-0.508596,-0.218218,0.016094,0.398178,-0.166667,0.201008,-0.646066,-0.218103,-0.407871,0.0,0.154346,0.162168,-0.407433,-0.272166,-0.111111,-0.333069,0.130856,-0.664634,-0.218107,0.103331,-0.333153,-0.651848,-0.508,-0.665611,0.154346,0.798335,0.154346,-0.111111,0.160434,-0.407433,-0.111111,-0.271981,-0.333153,-0.166582,0.28736,0.278114,0.211667,-0.333069,-0.393773,-0.166582,0.332873,0.398178,0.494925,-0.27867,-0.166571,-0.331076,-0.272166,-0.218218,0.289264,-0.045225,0.408248,-0.061902,0.281129,-0.508596,-0.218103,0.362803,0.362803,-0.760956,0.214098,-0.333333,0.100026,0.100026,0.213375,0.308079,0.096258,0.272166,-0.50818,0.352989,-0.664634,0.281129,0.157712,0.460322,-0.005709,0.457785,0.021713,0.253947,0.166307,0.585479,#
10,0.141108,-0.524981,-0.454321,0.100148,0.081647,0.275431,-0.075265,0.320898,-0.038568,-0.267373,1.0,-0.019057,0.540823,0.100848,0.24168,0.512294,0.895732,-0.422708,-0.10521,-0.025066,-0.100973,-0.119694,-0.264862,-0.181856,-0.201025,-0.144475,-0.190143,0.147646,-0.29222,0.198992,-0.201025,0.554812,-0.205572,-0.025066,0.724526,-0.267373,0.0,0.447374,0.447126,0.026142,-0.659113,-0.267373,-0.544346,0.415683,0.256132,-0.252828,-0.054749,-0.094553,0.195329,-0.537998,0.510799,0.268634,-0.267373,-0.128508,0.472884,-0.01474,-0.203886,-0.016711,0.111084,0.042437,-0.494345,0.070745,-0.383403,-0.493992,-0.231074,-0.495877,0.0,-0.060706,-0.202885,-0.699516,0.447374,0.17215,0.0,-0.234599,-0.439311,0.252337,-0.347931,-0.075352,-0.255979,-0.302913,-0.524833,0.09551,0.277142,0.333541,-0.697367,0.074604,-0.677976,0.046935,-0.654584,-0.654584,0.204943,-0.507837,0.0,-0.129174,-0.07801,-0.061676,-0.483058,-0.248677,0.08459,-0.025066,0.153654,-0.075352,0.204943,-0.40106,-0.241638,-0.352195,-0.567892,-0.032339,-0.400855,0.333541,-0.342133,-0.267373,-0.067998,-0.075352,-0.246158,-0.203121,0.354506,-0.567892,-0.523865,0.029712,-0.50455,0.142042,-0.43577,0.277142,0.147646,0.08459,-0.40106,0.183609,-0.152784,-0.203121,0.171642,0.0,-0.71792,0.216458,-0.248677,0.078455,-0.267373,-0.08368,-0.261312,0.352411,-0.524844,0.204943,0.337337,-0.144475,-0.439311,-0.154132,-0.18353,0.02845,-0.18353,-0.267373,-0.17329,-0.248677,-0.267373,-0.356459,-0.50455,-0.035791,0.393397,-0.413483,-0.439311,0.324164,-0.188772,-0.035791,0.056935,0.08459,-0.524833,-0.199078,0.145756,-0.104444,0.078455,-0.196916,0.517509,-0.043426,0.09551,-0.567892,0.500325,0.012011,-0.524833,0.210939,0.210939,0.453093,0.338097,-0.350928,0.403013,0.022961,-0.178361,-0.260502,0.022096,0.194432,0.506247,-0.226382,-0.185083,0.039078,0.020231,-0.085009,-0.298517,-0.099047,0.275403,-0.377759,-0.17484,-0.108411,#
11,-0.183477,-0.004648,0.523725,0.004078,-0.187251,-0.324469,0.463895,-0.650468,-0.004648,0.226335,-0.019057,1.0,-0.044136,0.279071,0.106456,0.258374,0.007593,0.01212,-0.025316,-0.356913,0.117644,-0.387394,0.134286,-0.659963,-0.155638,0.139771,0.198886,-0.364813,0.161559,0.111423,-0.136165,-0.178736,-0.646843,0.208925,-0.202083,-0.499098,0.0,0.15627,-0.004648,0.490991,-0.205058,0.255353,-0.280216,-0.271068,0.315051,0.189239,-0.008934,-0.422925,-0.383439,0.379592,-0.024535,-0.281215,0.255353,0.323334,-0.476862,0.082897,0.205678,-0.313833,-0.209241,0.346622,-0.210551,0.362814,0.523228,0.37608,0.103901,-0.260774,0.0,0.441093,-0.021634,-0.372029,0.69762,0.167595,0.0,0.59015,0.04975,0.444049,-0.440682,-0.266276,-0.135106,0.152814,0.017088,0.021323,0.349532,-0.003376,0.22346,0.056753,-0.135106,-0.102245,-0.302488,-0.284985,-0.193622,-0.254351,0.0,0.449834,-0.001534,0.036591,-0.164949,-0.090495,0.030063,0.208925,-0.235039,0.180889,-0.193622,0.361266,-0.118362,-0.425007,0.562563,0.03392,-0.166558,-0.451735,-0.442621,0.255353,-0.721708,0.610856,0.345364,-0.131882,-0.299124,0.562563,-0.032256,0.068545,-0.266276,-0.182809,0.049177,-0.144372,-0.364813,0.467631,-0.182809,-0.373945,-0.290239,-0.131882,0.327953,0.0,0.202046,0.286929,-0.090495,0.003554,0.255353,0.187564,-0.399834,0.24655,0.026223,0.551855,0.163691,0.139771,-0.420114,-0.363384,0.202046,0.333082,0.202046,0.255353,0.192479,-0.547101,0.255353,0.038559,-0.266276,0.21379,0.138546,0.284623,0.04975,0.612481,-0.159825,0.21379,0.322159,0.467631,-0.001534,0.139559,-0.748218,-0.261918,0.003554,-0.144372,0.260905,-0.520218,0.003554,0.562563,-0.19556,0.515705,0.017088,0.114853,0.114853,-0.174946,-0.039139,-0.139283,0.722905,-0.245002,0.349124,0.386192,0.314627,0.298526,0.011563,0.129734,-0.313445,0.267199,0.477047,0.459519,0.663178,0.463112,-0.31264,-0.078212,-0.348991,0.460924,#
12,0.694861,-0.070586,-0.427031,0.534737,0.50321,0.25131,0.384223,0.330051,-0.070586,0.436585,0.540823,-0.044136,1.0,0.077305,0.669604,0.493159,0.413888,-0.450741,0.312407,-0.021125,0.318086,-0.124314,0.19266,-0.173722,0.274779,-0.672283,0.080567,0.14891,-0.319589,0.190903,-0.197771,0.353637,-0.202374,-0.021125,0.284167,-0.267584,0.0,-0.077509,0.420607,0.033226,-0.22241,-0.267584,-0.547782,-0.118307,0.731657,-0.815997,-0.079051,-0.079113,-0.094992,-0.569416,0.491739,0.241874,-0.267584,-0.35156,0.005534,0.159716,-0.678726,-0.076917,-0.446389,0.018019,-0.503087,0.628075,-0.391385,-0.58422,-0.226311,0.199925,0.0,-0.084864,-0.235697,-0.182271,0.447974,0.073136,0.0,0.194382,0.024683,0.226063,-0.344971,-0.501818,-0.248534,-0.311718,-0.525248,-0.344971,-0.193615,0.330253,-0.709177,0.082335,-0.248534,-0.377572,-0.23036,-0.655101,0.204645,-0.505145,0.0,-0.137198,-0.073365,-0.056852,-0.491148,-0.241165,-0.349287,-0.021125,0.094314,-0.501818,0.204645,0.12675,0.196553,-0.349287,-0.572754,-0.039223,-0.401172,-0.104964,0.351414,-0.267584,-0.060323,-0.084455,-0.678038,-0.199892,0.794255,-0.572754,-0.045614,-0.431408,-0.501818,-0.401377,-0.898779,-0.193615,0.14891,0.075454,-0.401377,0.180593,-0.138136,-0.199892,-0.255507,0.0,-0.189521,0.134635,-0.241165,0.086243,-0.267584,-0.505145,-0.296337,-0.17033,-0.525258,0.204645,-0.084455,-0.672283,-0.431408,-0.139004,-0.189521,0.642492,-0.189521,-0.267584,-0.179319,-0.241165,-0.267584,-0.353601,-0.501818,-0.031973,0.390567,-0.024235,0.024683,-0.092683,-0.180927,-0.031973,0.049141,0.075454,-0.073365,-0.194269,0.151629,-0.097234,0.086243,-0.193615,0.487581,0.347023,0.086243,-0.572754,0.47079,-0.445926,-0.525248,0.174969,0.174969,-0.221364,0.308276,-0.346452,0.370342,-0.014013,0.11994,-0.054669,-0.013485,0.189734,0.060585,-0.266267,-0.17033,0.004319,-0.014111,0.366747,-0.339381,0.332877,0.230267,0.102113,0.367032,0.404563,#
13,0.497766,0.207221,0.215214,-0.4272,0.219608,0.420746,0.207221,-0.1647,0.207221,0.30751,0.100848,0.279071,0.077305,1.0,0.420746,0.612718,0.234055,0.201816,0.001189,-0.499704,-0.217902,0.012186,0.238485,-0.340266,-0.224196,-0.432023,0.343674,0.341476,0.223508,-0.015684,-0.654117,0.151129,-0.653585,0.0,-0.339804,-0.333136,0.0,0.113145,0.654105,0.07606,-0.383635,0.333136,0.178534,-0.046938,-0.229138,-0.240184,0.41938,-0.407605,-0.148016,0.000753,0.314302,-0.330082,0.333136,-0.239617,-0.655101,0.486438,-0.493552,0.69584,0.115068,0.52459,0.2956,-0.01932,-0.18632,0.135034,-0.581879,-0.190269,0.0,0.816718,0.377127,0.059224,0.591224,0.113602,0.0,-0.027277,0.202104,0.335341,-0.408007,-0.185836,-0.819492,0.21221,0.226357,-0.0,0.218089,0.398751,-0.018911,0.002724,-0.003654,0.199861,-0.003637,0.01182,-0.350026,-0.585396,0.0,-0.015377,-0.201207,0.207878,0.308321,0.002737,0.01182,-0.0,0.588383,-0.209066,-0.350026,0.480485,0.406498,-0.390063,-0.199868,0.299554,0.01427,0.002795,-0.565646,0.333136,-0.199403,0.588778,0.0,-0.201207,-0.214952,-0.199868,-0.21723,0.218702,-0.185836,-0.0,-0.21424,-0.218089,0.341476,0.398246,-0.0,0.213387,-0.351439,-0.201207,-0.399791,0.0,-0.510599,-0.474996,0.002737,-0.408007,-0.333136,-0.195132,0.289725,0.003357,-0.209752,0.308321,-0.185836,-0.432023,-0.212844,-0.455418,-0.510599,0.064332,-0.510599,0.333136,-0.529233,-0.400502,0.333136,-0.39608,-0.185836,0.01427,0.544472,-0.248551,0.202104,-0.195132,-0.083249,0.01427,0.997125,0.398246,0.209913,0.433825,0.003492,-0.178787,-0.408007,-0.218089,0.222047,-0.504667,-0.015693,-0.199868,0.206301,-0.21424,-0.226357,-0.014286,-0.014286,-0.014385,0.4128,0.215256,0.52331,0.018213,-0.376573,-0.126948,0.503597,-0.015693,-0.178705,0.399112,-0.491187,0.190583,0.207543,0.210164,-0.031601,0.230054,-0.322171,-0.332224,-0.529086,-0.18839,#
14,0.619649,0.353452,-0.337416,0.150141,0.408364,0.183866,0.779749,-0.030005,-0.107632,0.388095,0.24168,0.106456,0.669604,0.420746,1.0,0.398934,0.34649,-0.363762,0.21539,-0.407896,-0.043033,-0.051238,0.537719,-0.529943,-0.091013,-0.576336,0.480168,0.242057,0.0629,0.12723,-0.533939,-0.080964,-0.533505,-0.407896,-0.107988,-0.271931,0.0,-0.017814,0.35277,0.215993,-0.577809,0.414496,-0.417836,-0.04519,0.341704,-0.58488,0.271058,-0.022246,0.262782,-0.135912,0.14289,-0.436419,-0.271931,-0.678071,-0.383036,0.561176,-0.582491,0.264214,-0.168757,0.409336,-0.438148,0.589314,-0.311822,-0.078736,-0.129119,0.363713,0.0,0.262991,0.282636,-0.034474,0.474727,0.170208,0.0,0.130488,0.089523,0.244384,-0.666091,-0.384572,-0.598527,0.082616,-0.06737,-0.666091,-0.534061,0.231994,-0.605582,0.177078,-0.158032,0.013053,0.170768,-0.227347,0.251356,-0.389425,0.0,0.229984,0.356185,-0.0947,-0.400819,-0.15123,-0.227347,-0.407896,0.428537,-0.815351,0.251356,0.087123,0.260583,-0.227347,-0.166203,-0.296499,0.121571,-0.175939,0.098666,-0.271931,-0.40823,0.006627,-0.562101,-0.06737,0.392776,-0.166203,-0.084137,-0.337976,-0.384572,-0.407896,-0.777318,-0.534061,0.242057,0.170768,-0.407896,0.529167,0.01287,-0.06737,-0.166058,0.0,-0.118503,-0.245646,-0.15123,-0.26191,-0.271931,-0.389425,-0.352383,-0.09925,-0.076172,0.251356,0.006627,-0.576336,-0.337976,-0.080584,-0.118503,0.571133,-0.118503,0.414496,-0.648168,-0.15123,-0.271931,-0.233574,-0.384572,0.121571,0.391294,-0.085494,0.089523,-0.00282,-0.086547,0.121571,0.418266,0.170768,0.356185,0.195333,0.110461,-0.395828,-0.26191,-0.534061,0.415571,-0.152839,-0.26191,-0.166203,0.399578,-0.352854,-0.533779,0.134144,0.134144,-0.206894,0.23401,0.023761,0.40867,-0.111706,0.190455,-0.12542,0.393276,-0.190774,-0.341084,-0.278624,-0.09925,0.383384,0.054227,0.326345,-0.240513,0.27079,-0.436995,-0.045359,-0.138074,0.337916,#
15,0.505369,-0.237057,-0.238312,-0.017454,0.606818,0.430221,0.179827,-0.160877,0.213845,0.312399,0.512294,0.258374,0.493159,0.612718,0.398934,1.0,0.663128,-0.240878,0.385084,-0.49958,0.165627,-0.491012,0.21861,-0.333475,-0.220808,-0.459976,0.288427,0.246435,0.203132,0.37092,-0.653954,0.50145,-0.653422,0.003873,0.071369,-0.333053,0.0,0.089028,0.664081,0.049449,-0.377164,-0.333053,-0.498642,-0.073871,0.202359,-0.417975,0.01865,-0.415233,-0.325866,-0.022455,0.749339,0.3092,0.338217,-0.033554,-0.236109,0.447282,-0.520879,0.397797,-0.1473,0.505702,-0.32856,0.451729,-0.21817,0.058471,-0.360765,-0.220203,0.0,0.42151,0.351986,-0.448707,0.570692,0.362004,0.0,0.368163,-0.244934,0.336038,-0.404743,-0.600756,-0.42497,0.183258,-0.222987,0.006324,0.224795,0.810149,-0.528103,-0.41906,-0.42497,-0.211608,-0.426058,-0.410485,-0.394069,-0.998369,0.0,-0.0452,-0.239555,0.2145,-0.368558,-0.417937,-0.410485,0.003873,0.536811,-0.202892,-0.394069,0.487962,-0.015602,-0.815382,-0.573895,0.313043,-0.499325,0.411222,-0.41889,0.338217,-0.193157,0.179669,-0.417006,-0.653758,0.182836,-0.573895,-0.213801,-0.228211,-0.600756,0.003873,-0.661118,-0.214654,0.246435,-0.021161,0.003873,0.192459,-0.397443,-0.653758,-0.432498,0.0,-0.547156,-0.068769,-0.417937,-0.009486,-0.333053,-0.605177,-0.265546,-0.029647,-0.653771,0.269216,-0.218195,-0.459976,-0.662993,-0.500078,-0.547156,0.459735,-0.547156,-0.333053,-0.037618,-0.8242,0.338217,-0.815256,-0.600756,-0.499325,0.15563,0.110667,-0.244934,-0.227108,-0.520778,-0.499325,0.586474,-0.021161,-0.239555,0.022663,0.007389,-0.172435,-0.009486,-0.214654,0.607234,-0.008649,-0.009486,-0.573895,0.586331,-0.246027,-0.222987,0.377097,0.377097,0.242327,0.797964,-0.178145,0.491883,0.491883,-0.413457,0.286822,0.473353,0.388933,0.240957,0.382901,-0.527901,0.158757,0.176334,0.625617,-0.20416,0.628715,0.329129,-0.155455,-0.034552,0.199238,#
16,0.176772,-0.428164,-0.54708,-0.075735,0.213793,0.381033,0.041314,0.065738,0.078872,-0.218064,0.895732,0.007593,0.413888,0.234055,0.34649,0.663128,1.0,-0.504784,0.06007,-0.327097,-0.22846,-0.203403,-0.056159,-0.343859,-0.428172,-0.181278,0.065633,0.132818,-0.026182,0.356528,-0.428172,0.414755,-0.427824,-0.327097,0.593144,-0.218064,0.0,0.367532,0.530294,-0.064539,-0.789541,-0.218064,-0.622653,0.320316,0.054002,-0.216223,0.111237,-0.189993,0.324629,-0.196497,0.500041,0.216279,-0.218064,-0.183145,0.397647,0.192648,-0.245266,0.171183,0.146211,0.341598,-0.538871,0.184668,-0.395697,-0.111586,-0.126962,-0.445701,0.0,0.105421,0.244472,-0.739966,0.367532,0.376768,0.0,-0.095425,-0.570927,0.233395,-0.534146,-0.206445,-0.360207,-0.037341,-0.428044,-0.071904,0.065888,0.521622,-0.749283,-0.136896,-0.800748,0.183194,-0.533866,-0.533866,0.162172,-0.653675,0.0,0.088613,0.038414,0.002365,-0.556063,-0.401502,-0.078562,-0.327097,0.380241,-0.206445,0.162172,-0.327097,-0.397821,-0.533866,-0.510861,-0.007457,-0.32693,0.521622,-0.468428,-0.218064,-0.254663,-0.206445,-0.347546,-0.428044,0.186407,-0.510861,-0.427254,-0.082018,-0.65384,0.239032,-0.512724,0.065888,0.132818,-0.078562,-0.327097,0.413087,-0.180128,-0.428044,0.088613,0.0,-0.769914,0.123431,-0.401502,-0.089024,-0.218064,-0.211534,-0.372053,0.283681,-0.428052,0.162172,0.22438,-0.181278,-0.570927,-0.249619,-0.212867,0.119555,-0.212867,-0.218064,-0.205017,-0.401502,-0.218064,-0.533783,-0.65384,-0.32693,0.186877,-0.250168,-0.570927,0.214231,-0.359985,-0.32693,0.193129,-0.078562,-0.428044,-0.108681,0.181108,-0.243407,-0.089024,-0.42827,0.679592,-0.156157,-0.071904,-0.510861,0.662127,-0.045265,-0.428044,0.381397,0.381397,0.548346,0.531156,-0.234839,0.332746,0.332746,-0.274508,-0.057879,0.320211,0.106144,0.416762,-0.079502,-0.276601,0.233427,-0.037115,0.041838,-0.36745,0.015762,0.230191,-0.475476,-0.269285,0.006178,#
17,-0.218669,0.428886,0.527633,0.058799,-0.247833,0.050751,-0.040592,-0.085459,0.410107,0.190107,-0.422708,0.01212,-0.450741,0.201816,-0.363762,-0.240878,-0.504784,1.0,-0.566057,0.327097,0.212112,0.159365,-0.442874,-0.00741,0.409411,0.358239,-0.40964,0.498878,0.531845,0.08834,-0.059619,-0.008061,0.427824,0.327097,-0.480032,0.218064,0.0,-0.211061,-0.059371,0.082979,0.436337,0.246021,0.40913,0.257101,-0.072547,0.404043,-0.111237,-0.209454,-0.283999,0.218676,-0.025827,-0.272011,0.218064,0.090561,-0.414124,0.020986,0.243642,0.44387,-0.124058,-0.341598,0.512863,-0.268977,0.600096,0.133525,-0.437043,-0.309323,0.0,-0.105421,-0.244472,0.152807,-0.231924,0.090651,0.0,-0.385669,0.056453,-0.261378,0.534146,0.671384,-0.106248,0.528107,0.44704,0.534146,0.42827,-0.088631,0.739574,-0.324707,0.801745,-0.190008,0.534858,0.551721,-0.201171,0.220204,0.0,-0.096508,-0.019418,-0.522581,0.517064,-0.062306,0.551721,0.327097,0.257208,0.197672,-0.201171,0.306129,0.382737,0.551721,0.137057,-0.038602,0.348486,-0.071352,-0.306499,0.218064,0.238697,0.654814,0.356427,0.44704,-0.219338,0.137057,-0.027724,0.074561,0.671384,0.327097,0.522242,0.42827,0.498878,0.534858,0.327097,0.051022,-0.396216,0.44704,-0.079732,0.0,0.203158,-0.146893,-0.062306,0.089024,-0.508817,0.220204,0.510338,-0.292226,-0.037897,-0.201171,0.24056,0.358239,0.074561,-0.31023,0.203158,-0.143756,0.203158,0.246021,0.173212,-0.062306,0.218064,0.093852,0.671384,0.348486,0.218023,-0.276846,0.056453,-0.205562,-0.120958,0.348486,0.244368,0.534858,0.429099,-0.320269,-0.201429,-0.248283,0.089024,0.42827,-0.695887,-0.290256,0.517026,0.137057,-0.260221,0.054783,-0.065853,0.053881,0.053881,-0.245453,-0.127133,-0.201292,-0.331422,-0.352616,-0.052288,-0.192241,-0.318937,0.338978,-0.450944,0.503005,-0.292226,0.202775,0.512135,-0.090295,0.279825,-0.032737,-0.257509,0.467764,-0.347314,-0.4897,#
18,0.392611,0.049423,-0.493223,-0.200406,0.789964,0.230705,0.032771,-0.307156,0.049423,0.237192,-0.10521,-0.025316,0.312407,0.001189,0.21539,0.385084,0.06007,-0.566057,1.0,-0.108283,0.38167,-0.359216,0.796509,0.188186,-0.367303,-0.435447,0.75623,-0.172523,-0.139564,0.202556,-0.315399,-0.181106,-0.33712,-0.088947,-0.280765,-0.407352,0.0,-0.426635,0.066075,-0.113802,0.150415,-0.407352,-0.148691,-0.577435,0.055273,-0.343034,0.172803,0.095555,-0.170438,0.080907,-0.024624,0.410961,0.288756,-0.180375,-0.064452,0.421313,-0.343019,-0.109869,-0.032005,0.6029,-0.192829,0.415508,-0.240982,0.134122,0.484097,0.531235,0.0,0.193709,0.409655,0.197225,0.054352,0.200504,0.0,0.661195,-0.074654,0.467555,-0.161038,-0.824091,0.18622,-0.142662,-0.352891,-0.571527,-0.344314,0.5504,-0.392162,-0.14086,-0.277032,-0.379533,-0.204176,-0.173074,-0.307499,-0.380735,0.0,0.139049,-0.38598,0.584015,-0.256549,-0.213309,-0.997281,-0.088947,-0.01932,0.041528,-0.307499,0.394461,-0.274131,-0.592953,-0.212575,0.06695,-0.122585,0.152035,0.399088,0.288756,0.005338,-0.426787,-0.618987,-0.799601,0.365157,-0.212575,0.528648,-0.492125,-0.411506,-0.611028,-0.494287,-0.800023,-0.172523,-0.608504,0.413797,-0.11427,0.272262,-0.799601,-0.649927,0.0,0.083491,-0.283157,-0.213309,-0.176826,0.314537,-0.773373,-0.294524,-0.387911,-0.318357,-0.282024,-0.839372,-0.435447,-0.057955,0.125028,-0.430214,0.349059,-0.430214,-0.407352,0.101978,-0.228913,0.288756,-0.542739,-0.411506,-0.610716,-0.4411,0.804839,-0.074654,-0.395836,-0.295809,-0.610716,-0.024535,-0.608504,-0.38598,0.302007,-0.104708,0.50721,-0.176826,-0.344314,0.424356,0.535668,-0.603103,-0.212575,0.399101,-0.510868,0.137614,0.230581,0.230581,0.159781,0.57925,0.448604,0.118736,0.626906,0.081585,0.718666,0.603291,0.129462,-0.018446,0.256307,0.109642,-0.027872,-0.109569,0.537762,-0.466033,0.500923,0.437325,-0.018896,0.610845,0.512952,#
19,-0.249769,0.210987,-0.2018,0.117115,-0.011707,0.087123,-0.327246,0.195949,0.210987,-0.166667,-0.025066,-0.356913,-0.021125,-0.499704,-0.407896,-0.49958,-0.327097,0.327097,-0.108283,1.0,0.515715,0.21795,-0.233084,0.458749,0.211264,0.30877,-0.269844,0.265543,-0.227269,0.120893,0.211264,-0.131056,0.777696,0.375,-0.082659,-0.166667,0.0,-0.357575,-0.327246,-0.02114,0.466494,-0.166667,0.242166,0.215802,0.20342,0.245788,-0.118419,0.295121,0.012422,-0.386883,-0.356643,0.166122,-0.166667,-0.199442,0.323336,-0.117008,0.290496,-0.230769,0.044023,-0.392557,0.155043,-0.26097,0.282753,-0.504521,0.218334,-0.051294,0.0,-0.611995,-0.686002,0.125185,-0.357575,0.06333,0.0,-0.408034,-0.22225,0.148284,0.612373,0.488108,0.398105,-0.22261,-0.327154,0.102062,0.218218,-0.09695,0.23152,0.094485,0.398105,-0.499056,0.094617,0.094617,0.154997,0.476634,0.0,-0.111772,-0.327154,-0.326789,0.154997,-0.106803,0.094617,0.375,-0.305608,0.488108,0.154997,-0.25,-0.101915,0.597267,-0.092852,-0.431492,0.356961,-0.09695,0.319902,-0.166667,0.511615,-0.005811,-0.111772,0.207617,0.511615,-0.092852,0.239915,-0.22225,0.488108,-0.25,0.308941,0.218218,0.265543,0.094617,0.375,-0.186228,0.156622,0.207617,-0.111772,0.0,0.23152,-0.09122,-0.106803,0.102062,-0.166667,-0.011485,0.261712,-0.378405,-0.327161,-0.668424,-0.005811,0.30877,0.3175,0.237718,0.23152,-0.245272,0.23152,-0.166667,0.240652,0.397544,-0.166667,0.087422,0.488108,0.356961,0.066314,-0.006518,-0.22225,-0.011485,-0.06768,0.356961,-0.499309,0.094617,-0.327154,-0.387269,-0.249857,0.442108,0.102062,0.218218,-0.505132,0.349623,0.102062,-0.092852,0.006389,-0.226977,-0.327154,0.112823,0.112823,0.074848,-0.096344,1e-06,-0.363254,-0.363254,0.424431,-0.061616,-0.34957,0.408248,-0.233964,0.109771,0.240141,0.006389,0.340936,-0.33115,-0.30829,-0.325268,0.195421,0.38092,0.249461,-0.325791,#
20,0.006554,0.220451,-0.193951,0.397317,0.586713,-0.010871,0.185481,-0.245075,0.220451,0.316738,-0.100973,0.117644,0.318086,-0.217902,-0.043033,0.165627,-0.22846,0.212112,0.38167,0.515715,1.0,-0.539311,0.196871,0.089969,0.202058,0.096963,0.104463,0.350154,0.216338,0.412125,-0.233952,0.053218,0.245321,0.495411,-0.394096,-0.332981,0.0,-0.461028,-0.23416,0.352651,0.499612,-0.332981,-0.29935,-0.058307,0.6219,0.023067,-0.420921,0.095377,-0.571902,-0.007318,0.117555,0.282077,0.34381,-0.076016,-0.223241,0.356136,0.081395,-0.112243,-0.32678,-0.026607,-0.303212,0.479471,0.514607,-0.135368,0.191505,0.196943,0.0,-0.426173,-0.358775,-0.08071,0.023822,0.30483,0.0,0.376818,-0.242386,0.287724,0.427711,-0.196132,0.401593,0.213851,-0.219303,-0.003316,0.214443,0.433748,-0.016923,-0.422717,0.401593,-0.997059,0.001249,0.017578,-0.359074,-0.205302,0.0,-0.020257,-0.236676,-0.210552,-0.332325,-0.418183,-0.423308,0.495411,0.009928,0.205004,-0.359074,0.495411,-0.013243,0.001249,-0.185506,-0.335888,0.013336,0.032184,0.261642,0.34381,0.233651,0.172913,-0.42636,-0.236676,0.611473,-0.185506,0.267698,-0.66321,0.205004,-0.499472,-0.218442,-0.228621,0.350154,-0.03141,0.536019,-0.207133,-0.023373,-0.236676,-0.442604,0.0,0.46255,-0.077047,-0.418183,0.394555,-0.332981,-0.617585,-0.298632,-0.524928,-0.65363,-0.385824,-0.228223,0.096963,-0.207318,-0.025484,-0.036901,0.466122,-0.036901,-0.332981,0.480795,-0.401798,0.34381,-0.42884,0.205004,-0.026092,-0.192269,0.531712,-0.242386,-0.237016,-0.522478,-0.026092,-0.202757,-0.03141,-0.236676,-0.384813,-0.499186,0.191235,0.394555,0.214443,-0.237625,0.517121,-0.019894,-0.185506,0.184523,-0.253262,-0.219303,0.403815,0.403815,-0.014589,0.397488,-0.170551,-0.041431,-0.000385,0.356907,0.514925,-0.00037,0.815634,-0.239417,0.409673,-0.002482,0.184523,0.642161,0.635622,-0.107523,0.638109,0.329591,0.761036,0.498395,0.205,#
