0,1.0,0.189123,0.258965,0.016461,0.374674,-0.152342,0.078372,0.0,0.419135,0.1871,-0.369416,0.066853,-0.20986,0.236774,-0.497077,-0.2037,-0.233815,0.039538,-0.130922,-0.222315,-0.210551,-0.221633,-0.58123,-0.057486,0.422336,-0.403306,0.193612,-0.069038,0.797591,0.163588,-0.450243,-0.217084,-0.320752,0.0,0.151011,0.222847,0.160542,-0.184039,-0.332743,0.237649,-0.499115,-0.114977,-0.304352,-0.29054,0.0,-0.069532,0.007447,0.358999,0.145273,0.583419,0.424498,-0.450243,-0.092245,0.074899,-0.291596,-0.486653,0.528276,0.132766,-0.029199,0.507613,-0.442126,0.391696,0.263789,-0.265634,-0.366778,-0.047938,0.0,0.237649,-0.017613,-0.288834,-0.451893,-0.246285,0.281552,0.156041,0.003633,-0.230367,-0.201075,-0.426766,0.043739,-0.182816,-0.224908,-0.201898,-0.241459,-0.406939,0.226569,-0.399118,-0.533324,0.031577,-0.514172,-0.218037,-0.179813,-0.173509,-0.012871,0.031327,0.019684,0.019197,-0.590305,-0.039616,0.031577,-0.382528,0.482915,-0.035754,-0.179813,0.243482,0.159415,0.004632,0.464581,-0.080612,-0.403668,-0.653163,-0.150936,0.0,0.225769,-0.192441,-0.037694,-0.332743,-0.382528,-0.075796,-0.164058,0.016111,0.376362,-0.169325,-0.358917,0.019684,-0.188779,0.028114,-0.649645,-0.541138,0.106604,0.242684,0.038807,-0.200745,0.191413,0.304106,-0.358917,0.226569,0.332743,0.043739,0.201419,-0.011152,0.243482,-0.506464,0.545292,-0.188779,0.043739,0.018791,-0.014253,0.227202,0.009852,0.177128,-0.118535,0.031577,0.234588,-0.174176,0.312736,-0.024569,-0.07178,0.181721,-0.011152,-0.008055,0.070493,-0.332743,0.220065,0.176078,-0.649645,0.0,-0.007344,0.132544,0.04051,-0.499115,0.215812,-0.077657,0.242684,-0.358917,-0.225222,-0.179813,-0.209665,0.330411,0.242723,-0.305101,0.417502,0.00404,0.106629,-0.016075,0.0,-0.179813,0.732222,-0.367191,-0.1238,0.437576,-0.590305,0.167834,0.0,0.299959,-0.441337,-0.215676,0.014568,-0.614487,0.312736,-0.332743,#
1,0.189123,1.0,-0.230315,0.106388,0.819321,-0.014777,0.195171,0.0,0.353329,0.64107,-0.060626,0.12433,0.599342,0.710756,-0.32591,0.001066,0.023927,0.036305,-0.434072,0.495741,0.238981,0.234497,0.23334,-0.192815,-0.094866,-0.090462,0.417936,0.218202,0.380148,0.50347,-0.851591,-0.274693,-0.032209,-0.534061,0.132938,0.035153,0.467617,-0.998233,-0.218164,0.477006,-0.327246,0.75347,0.123706,-0.160474,0.0,0.293787,0.335756,0.454984,-0.083618,0.40616,0.362314,-0.851591,0.256986,0.360836,-0.532106,-0.146415,-0.184121,0.453078,0.333865,0.060446,-0.756382,0.364694,0.048145,0.271532,-0.530341,0.466541,0.0,0.477006,0.528066,0.046752,-0.787746,-0.397403,0.528186,-0.279188,-0.53411,-0.432164,-0.428466,0.033881,-0.391204,-0.654162,-0.104826,-0.998434,-0.104826,-0.120602,-0.428248,-0.391204,-0.288889,-0.395013,-0.331543,-0.428248,-0.563352,-0.653985,0.042068,-0.534027,-0.800769,-0.327246,-0.741179,-0.790355,-0.395013,-0.395013,-0.35933,-0.116284,-0.563352,-0.428239,-0.242201,0.007689,-0.258402,-0.505841,-0.534027,-0.428248,0.059783,0.0,-0.653974,-0.428248,0.042068,-0.218164,-0.395013,-0.764223,0.200738,-0.534027,-0.110253,-0.253467,-0.597195,-0.800769,-0.502657,-0.126527,-0.563352,-0.101683,0.050721,-0.428248,-0.278299,0.013685,-0.546004,0.343419,-0.597195,-0.428248,-0.218164,-0.391204,0.325529,-0.281659,-0.428239,-0.349281,0.120438,-0.502657,-0.391204,-0.281728,-0.327079,0.687658,-0.784529,0.031343,-0.968583,-0.395013,-0.428465,0.013685,0.117356,0.033881,0.241506,0.636618,-0.281659,-0.534027,0.096353,-0.218164,-0.0974,0.616567,-0.563352,0.487829,-0.145996,-0.06791,-0.120602,-0.327246,-0.245008,0.324901,-0.428248,-0.597195,0.359938,-0.563352,-0.428239,-0.196083,0.153722,-0.946394,0.775587,-0.123684,-0.300575,0.231877,0.487829,-0.563352,-0.134911,-0.395013,-0.261399,0.327004,-0.741179,0.504401,0.487829,0.291307,0.258368,-0.217927,0.298766,-0.566805,0.117356,0.499481,#
2,0.258965,-0.230315,1.0,0.421428,-0.01347,0.113181,-0.485462,0.0,0.399742,-0.183324,-0.523058,0.351255,-0.198828,-0.184835,-0.065491,-0.172189,-0.653175,-0.074443,-0.298102,0.1554,-0.989499,-0.638453,-0.587771,0.075004,0.003824,-0.441615,0.180489,0.010441,0.018602,-0.652501,0.431403,0.545576,-0.639266,0.404133,-0.150916,-0.230315,0.291722,0.209314,-0.332797,-0.172189,-0.499196,0.074677,-0.416183,0.273292,0.0,0.049664,-0.020777,0.039699,-0.250241,0.411913,-0.185127,0.431403,0.055843,-0.618116,0.268872,-0.128585,-0.017322,-0.402192,-0.550123,-0.394281,0.095897,0.372325,0.382095,-0.305584,-0.003688,-0.333936,0.0,-0.206946,-0.369588,-0.763649,0.47344,0.182498,-0.332797,0.250031,0.370699,-0.092196,-0.190419,-0.013136,0.795675,-0.19361,0.194373,0.193929,0.211319,0.364212,0.24739,0.342283,-0.018805,0.399202,-0.004434,-0.24079,0.617889,0.179778,0.414704,0.394028,0.391604,0.031445,0.319554,-0.004845,0.399202,0.3835,-0.385098,-0.368786,0.617889,0.668292,-0.159511,0.429968,0.009535,0.537349,-0.051315,-0.25729,0.078339,0.0,0.592385,0.214392,-0.026731,0.296111,0.3835,0.303866,-0.216178,0.409606,0.048002,0.587394,0.289897,0.391604,0.1702,0.41939,0.13688,-0.225367,-0.398529,0.230891,0.4636,0.178621,0.221996,0.172907,0.289897,0.24739,0.34852,0.795675,-0.249257,0.480781,0.668292,0.290986,-0.107665,0.1702,0.795675,0.431403,-0.002806,-0.277431,-0.019053,-0.22436,0.288644,0.399202,0.633015,0.651116,0.311375,0.018539,-0.119775,-0.30304,0.480781,-0.02016,-0.10149,-0.332797,0.653469,-0.225847,0.13688,-0.457574,0.028572,0.20526,0.822305,-0.499196,-0.189064,0.013223,0.230891,0.289897,-0.240224,0.617889,0.170733,0.538052,0.171546,0.091434,-0.053155,-0.041254,0.135093,-0.021015,-0.457574,0.617889,0.542325,0.367798,-0.55707,0.36092,0.319554,-0.682815,-0.457574,0.113389,-0.62144,-0.611252,-0.034624,0.166453,0.311375,0.322316,#
3,0.016461,0.106388,0.421428,1.0,0.265609,-0.187885,0.154587,0.0,-0.164052,0.438249,-0.272773,0.114222,0.168801,-0.349905,-0.172887,0.432891,-0.351028,-0.290256,-0.694597,0.510514,-0.393439,-0.039914,-0.383112,0.209557,-0.560398,-0.620991,-0.144162,-0.514281,0.281804,-0.378586,0.066994,0.352719,0.098284,0.653715,0.351088,-0.800237,0.051136,-0.08096,-0.407561,-0.005897,-0.611342,0.413331,0.327918,-0.155281,0.0,0.451423,-0.580979,-0.307908,0.034174,0.562485,-0.02052,0.066994,0.65604,-0.423581,-0.31959,-0.311953,0.071964,-0.2167,-0.446978,-0.273573,-0.216949,0.243892,0.313402,-0.202114,-0.600682,-0.718569,0.0,-0.479789,-0.5806,-0.508002,0.109368,0.245227,0.280529,0.381215,0.222921,-0.424414,0.100488,0.554917,0.580194,-0.387502,-0.122817,-0.106544,0.322143,0.208286,0.550669,0.122295,0.563795,0.179477,0.105868,-0.358944,0.338455,-0.010097,0.995451,0.246171,0.156349,-0.075425,-0.036025,0.069862,-0.240298,0.560074,-0.283746,0.253231,0.338455,0.534674,0.413624,0.188335,0.088047,0.274243,-0.620054,0.040972,-0.126233,0.0,0.406874,0.076258,0.14563,0.227599,0.560074,0.080473,-0.392817,0.655221,0.685834,0.80867,0.351336,0.156349,-0.260674,0.685834,-0.147337,-0.275747,-0.116906,0.117426,0.088047,0.082008,0.338455,0.767049,0.351336,0.550669,0.280529,0.156213,-0.632494,0.585994,0.534674,0.49592,0.459489,-0.260674,0.580194,0.592373,0.400174,-0.461571,-0.418806,-0.375853,-0.177663,-0.240298,0.065837,0.533764,0.37761,0.586906,-0.613985,-0.0523,0.585994,-0.172134,0.494271,0.254064,0.3407,-0.010942,-0.147337,-0.706903,-0.145421,0.316505,0.670934,-0.115123,-0.385801,-0.353633,0.117426,0.351336,-0.097851,0.338455,-0.392414,0.33071,-0.438033,-0.192673,-0.215842,-0.622146,0.745681,0.596838,-0.706903,0.338455,-0.150713,0.147761,-0.061787,-0.225886,-0.036025,-0.372023,-0.706903,-0.116334,0.045499,-0.429493,-0.181837,-0.117755,0.37761,0.280529,#
4,0.374674,0.819321,-0.01347,0.265609,1.0,0.113755,0.360877,0.0,0.562445,0.41165,-0.214181,0.28002,0.440782,0.479112,-0.40631,0.120493,-0.105446,0.190376,-0.338297,0.34236,0.032347,0.026527,0.026766,-0.339525,-0.24968,-0.245565,0.521468,0.32679,0.583888,0.349048,-0.71486,-0.05044,-0.155906,-0.28169,-0.065798,-0.094861,0.316935,-0.81781,-0.271984,0.571442,-0.407976,0.617727,0.186424,-0.444257,0.0,0.27836,0.158271,0.612868,0.077593,0.479804,0.357349,-0.71486,0.512839,0.200704,-0.465782,-0.284884,-0.074586,0.483703,0.398065,0.132247,-0.81222,0.588996,0.130029,-0.316744,-0.661175,0.209418,0.0,0.571442,0.264102,-0.297427,-0.646253,-0.379302,0.435175,-0.065553,-0.272139,-0.534091,-0.534166,-0.206923,-0.21496,-0.815541,-0.397284,-0.831853,0.02483,0.125226,-0.122897,-0.21496,-0.18342,-0.222415,-0.220672,-0.533895,-0.412963,-0.815321,0.199293,-0.66577,-0.610399,-0.407976,-0.591897,-0.661853,-0.222415,-0.222415,-0.27104,-0.269746,-0.412963,-0.11499,-0.043051,0.170319,-0.154347,-0.336372,-0.66577,-0.533895,-0.13095,0.0,-0.432956,-0.533895,0.199293,-0.271984,-0.222415,-0.740594,-0.004897,-0.277721,0.129134,-0.049244,-0.509565,-0.610399,-0.414141,0.113715,-0.412963,0.013019,0.089251,-0.533895,-0.173198,-0.115023,-0.396526,0.499819,-0.509565,-0.122897,0.380778,-0.21496,0.4468,-0.173015,-0.11499,-0.152618,0.322239,-0.414141,-0.21496,-0.174921,0.067573,0.460063,-0.659577,-0.098292,-0.782812,-0.222415,-0.106833,-0.115023,0.171672,0.187584,0.074294,0.412079,-0.173015,-0.277721,0.203655,-0.271984,0.035494,0.38875,-0.412963,0.210097,-0.297536,0.010378,0.125226,-0.407976,-0.432501,0.462108,-0.533895,-0.509565,0.034518,-0.412963,-0.533884,0.004403,0.351121,-0.958256,0.557402,-0.289753,-0.099143,0.320617,0.210097,-0.412963,0.095447,-0.613558,-0.196064,0.137094,-0.591897,0.338038,0.210097,0.483368,0.376829,-0.031953,0.535194,-0.835308,0.171672,0.407976,#
5,-0.152342,-0.014777,0.113181,-0.187885,0.113755,1.0,-0.134791,0.0,0.587798,-0.165828,0.509084,0.316967,-0.458018,-0.106782,-0.395581,-0.27951,0.504762,0.415799,0.54038,-0.200702,-0.039857,0.162846,0.388652,-0.372178,0.168425,0.021885,0.007362,0.305874,-0.341994,0.050138,0.148367,-0.321891,-0.36522,-0.013883,-0.205388,0.50548,0.101392,-0.011294,0.27704,-0.27951,-0.16533,-0.090673,-0.288112,-0.381481,0.0,0.220188,0.136006,0.072528,-0.456232,0.143205,0.213018,0.148367,0.243969,0.066705,0.476433,0.317335,-0.429865,0.505773,0.341078,-0.034215,0.300886,0.158766,0.623472,-0.125551,0.093378,0.203873,0.0,0.214393,0.041453,0.022526,0.165485,-0.398639,-0.49748,-0.74522,0.443605,0.41516,-0.489491,-0.615405,0.267146,-0.143819,-0.478187,-0.015628,-0.497451,0.460111,-0.0299,0.267146,-0.372937,-0.05649,0.131961,0.505203,0.471764,-0.31011,-0.167346,-0.005208,-0.189004,-0.74622,0.325818,-0.360272,-0.03759,-0.199291,-0.16556,-0.261112,-0.054794,-0.192739,-0.130079,-0.231508,-0.396942,-0.058466,0.013542,0.355154,-0.385687,0.0,0.122244,-0.65768,0.478925,0.008937,-0.199291,-0.25808,0.755058,-0.022917,-0.310629,0.114921,-0.254228,-0.189004,0.413191,0.111565,0.471764,0.575612,0.475605,-0.011143,0.723168,0.484792,0.021715,-0.021432,-0.254228,-0.0299,0.217461,-0.21009,0.206794,-0.410011,-0.192739,0.452859,-0.147218,0.413191,0.267146,0.148367,0.348994,-0.097486,0.161809,-0.488686,-0.082318,-0.03759,0.310076,-0.186335,-0.30153,-0.48938,-0.011392,0.342315,0.197413,0.606268,0.120501,0.247251,-0.532021,0.315566,0.471764,0.00545,-0.503883,-0.432416,-0.041361,0.393218,-0.14883,0.374648,-0.011143,-0.254228,-0.492361,-0.054794,-0.173623,0.319932,0.275725,-0.081468,0.143903,0.004819,-0.26765,0.157445,0.00545,-0.054794,0.077941,-0.181441,-0.255056,0.186315,0.325818,0.00766,0.00545,0.369309,0.213893,0.289871,0.592835,-0.006025,-0.30153,0.247251,#
6,0.078372,0.195171,-0.485462,0.154587,0.360877,-0.134791,1.0,0.0,-0.111703,0.134482,0.198877,-0.335797,0.082368,0.030976,0.21379,-0.05068,0.16931,0.281647,0.201563,0.091621,0.471191,0.42043,-0.005509,-0.311653,-0.530309,0.127096,0.306991,-0.002674,0.360877,0.162225,-0.452921,-0.044578,0.55758,0.199995,0.373047,-0.312664,-0.387675,-0.182088,-0.398369,-0.05068,-0.161383,-0.125082,0.451029,-0.70864,0.0,-0.031229,-0.168293,0.193372,0.653164,0.141549,-0.217952,-0.452921,0.327753,0.013319,-0.320368,-0.435118,0.597716,0.070836,0.235037,0.027832,-0.285193,-0.06192,-0.253986,-0.334486,-0.367198,-0.329709,0.0,-0.05068,-0.273756,0.37718,-0.49702,-0.262167,0.357659,0.27848,0.208099,-0.086443,0.07424,0.107407,-0.273397,-0.400976,-0.640426,-0.19269,-0.189141,-0.245377,0.142051,0.099276,0.040728,-0.211957,0.006434,-0.297349,-0.560882,-0.10559,0.172959,-0.223702,0.069629,-0.161383,-0.362663,0.023378,-0.673178,0.08425,0.312563,-0.094437,-0.165508,-0.016904,0.082147,0.050838,0.576159,-0.19779,-0.315216,0.013893,0.010961,0.0,-0.044985,-0.083034,-0.128884,0.095957,0.08425,-0.014596,-0.274436,0.191163,0.338654,-0.031588,-0.335056,0.069629,-0.226224,-0.089944,-0.165508,0.23245,0.482599,-0.297349,-0.401321,-0.278028,-0.104005,0.372378,-0.335056,0.142051,0.299503,-0.366566,-0.010786,0.058405,-0.016904,-0.180554,0.498956,-0.226224,-0.273397,-0.319709,0.471446,0.120859,0.017411,0.086416,-0.286241,-0.673178,-0.001904,-0.458014,0.401085,0.230423,-0.079957,0.231984,-0.397688,-0.102699,0.259023,0.328581,-0.175561,0.14531,-0.165508,-0.196835,0.096368,0.451257,-0.245377,-0.05234,0.008495,0.045318,-0.297349,-0.335056,-0.139864,-0.165508,-0.069591,-0.266638,0.022361,-0.285735,-0.067497,0.113699,0.34559,0.193021,-0.196835,-0.165508,-0.159006,-0.333924,0.409625,-0.510668,-0.362663,0.18693,-0.196835,-0.261132,0.67047,0.438443,-0.072705,-0.62338,0.401085,-0.398369,#
7,0.0,0.0,0.0,0.0,0.0,0.0,0.0,0.0,0.0,0.0,0.0,0.0,0.0,0.0,0.0,0.0,0.0,0.0,0.0,0.0,0.0,0.0,0.0,0.0,0.0,0.0,0.0,0.0,0.0,0.0,0.0,0.0,0.0,0.0,0.0,0.0,0.0,0.0,0.0,0.0,0.0,0.0,0.0,0.0,0.0,0.0,0.0,0.0,0.0,0.0,0.0,0.0,0.0,0.0,0.0,0.0,0.0,0.0,0.0,0.0,0.0,0.0,0.0,0.0,0.0,0.0,0.0,0.0,0.0,0.0,0.0,0.0,0.0,0.0,0.0,0.0,0.0,0.0,0.0,0.0,0.0,0.0,0.0,0.0,0.0,0.0,0.0,0.0,0.0,0.0,0.0,0.0,0.0,0.0,0.0,0.0,0.0,0.0,0.0,0.0,0.0,0.0,0.0,0.0,0.0,0.0,0.0,0.0,0.0,0.0,0.0,0.0,0.0,0.0,0.0,0.0,0.0,0.0,0.0,0.0,0.0,0.0,0.0,0.0,0.0,0.0,0.0,0.0,0.0,0.0,0.0,0.0,0.0,0.0,0.0,0.0,0.0,0.0,0.0,0.0,0.0,0.0,0.0,0.0,0.0,0.0,0.0,0.0,0.0,0.0,0.0,0.0,0.0,0.0,0.0,0.0,0.0,0.0,0.0,0.0,0.0,0.0,0.0,0.0,0.0,0.0,0.0,0.0,0.0,0.0,0.0,0.0,0.0,0.0,0.0,0.0,0.0,0.0,0.0,0.0,0.0,0.0,0.0,0.0,0.0,0.0,0.0,0.0,0.0,0.0,0.0,0.0,0.0,0.0,0.0,0.0,0.0,0.0,0.0,0.0,#
8,0.419135,0.353329,0.399742,-0.164052,0.562445,0.587798,-0.111703,0.0,1.0,-0.011076,-0.209834,0.292862,-0.058711,0.457847,-0.406477,-0.358647,-0.10116,0.617004,0.15057,-0.145215,-0.366373,-0.406935,0.035229,-0.653748,0.158758,-0.241417,0.557348,0.479334,0.141957,-0.078592,-0.20162,-0.042815,-0.522666,-0.277924,-0.358302,0.353329,0.454667,-0.382664,-0.272096,0.097044,-0.408144,0.191712,-0.51811,-0.302606,0.0,-0.086817,0.583167,0.740157,-0.336747,0.458358,0.280598,-0.20162,0.20758,0.154559,0.235745,0.016584,-0.099409,0.417763,0.378927,0.102069,-0.197142,0.584939,0.324936,-0.351429,-0.221889,0.370837,0.0,0.552734,0.241102,-0.385286,-0.140612,-0.41929,-0.272096,-0.412654,0.14618,0.042727,-0.534386,-0.605507,0.208708,-0.422337,-0.379507,-0.393406,-0.39728,0.133266,-0.118794,0.208708,-0.663216,0.197047,-0.206656,-0.101489,0.036436,-0.417752,-0.199217,-0.257575,-0.1984,-0.408144,-0.076136,-0.641753,0.197047,-0.214679,-0.306043,-0.665141,0.036436,-0.110805,-0.428705,0.182159,-0.128824,0.120657,-0.257575,-0.534115,-0.115196,0.0,-0.0268,-0.534115,0.220343,-0.272096,-0.214679,-0.316921,0.423883,-0.273914,-0.267898,-0.041532,-0.476225,-0.1984,0.177207,0.12163,0.036436,0.209186,-0.001734,-0.101489,0.34742,0.338237,-0.378793,0.105648,-0.476225,-0.118794,0.387531,0.208708,0.540342,-0.147651,-0.110805,-0.144482,-0.028679,0.177207,0.208708,-0.20162,0.072404,0.458305,-0.150465,-0.084427,-0.331776,0.197047,0.347261,-0.110844,0.212311,-0.206851,0.431931,0.410378,-0.147651,0.134554,-0.270848,-0.272096,0.057916,0.409884,0.036436,0.234096,-0.293962,0.011836,0.133266,-0.408144,-0.022056,0.467495,-0.101489,-0.476225,-0.405666,0.036436,-0.093167,0.459119,0.801725,-0.515788,0.582231,0.148244,-0.519756,-0.176866,0.234096,0.036436,0.594942,-0.19821,-0.64768,0.607595,-0.076136,-0.111901,0.234096,0.510396,-0.144534,-0.02405,0.548086,-0.394047,0.212311,0.415015,#
9,0.1871,0.64107,-0.183324,0.438249,0.41165,-0.165828,0.134482,0.0,-0.011076,1.0,0.056861,0.054395,0.279969,0.24158,-0.497776,0.284656,0.21522,-0.019352,-0.601742,0.185476,0.250262,0.209436,0.224929,-0.040519,-0.003186,-0.413533,-0.239415,-0.590446,0.427581,0.191168,-0.521832,-0.299316,0.247325,0.028677,0.591726,-0.233911,0.162506,-0.604413,-0.333211,0.267392,-0.499817,0.483843,0.255717,-0.300628,0.0,0.48022,-0.027015,-0.075019,-0.096155,0.606309,0.503506,-0.521832,0.367388,0.378896,-0.32833,0.077849,0.040127,0.210262,-0.017384,0.262121,-0.289617,-0.011275,0.271756,0.396378,-0.810014,-0.059319,0.0,-0.181484,-0.011013,-0.036342,-0.46602,-0.308748,0.343624,-0.224397,-0.3835,-0.096558,0.231772,0.401282,0.016311,-0.178216,-0.249538,-0.618349,-0.249538,-0.440472,0.248366,-0.417417,-0.016205,0.004404,-0.048115,-0.202858,-0.209229,-0.168841,0.4174,0.036413,-0.371283,0.00781,-0.619331,-0.478126,-0.425021,0.004404,-0.128581,0.414541,-0.209229,-0.194177,0.213551,-0.046926,0.011954,-0.110382,-0.815643,-0.202858,-0.334808,0.0,-0.159298,-0.202858,-0.020197,-0.333211,0.004404,-0.287295,0.216162,0.036413,0.432404,0.213181,-0.347085,-0.371283,-0.165986,0.417646,-0.669376,-0.513398,-0.039427,0.248366,-0.00609,0.215378,-0.193498,0.728817,-0.347085,0.248366,-0.333211,-0.417417,-0.314523,-0.001815,-0.194177,-0.09687,0.589866,-0.165986,0.016311,-0.005046,0.022302,0.226515,-0.479872,-0.236995,-0.728122,-0.425021,-0.654414,0.215378,0.310231,0.401282,-0.101447,0.626862,-0.001815,-0.389615,0.378643,0.343624,-0.239005,0.58809,-0.669376,-0.025401,-0.025583,0.167158,-0.002247,0.00781,0.213332,-0.466237,0.248366,-0.347085,0.206156,-0.209229,-0.654069,0.271365,-0.243543,-0.526339,0.391959,-0.416608,0.166635,0.484953,-0.025401,-0.209229,-0.080253,0.004404,-0.067072,0.364778,-0.619331,0.225364,-0.025401,-0.177457,0.028959,-0.192146,-0.031751,-0.219957,0.310231,0.317592,#
10,-0.369416,-0.060626,-0.523058,-0.272773,-0.214181,0.509084,0.198877,0.0,-0.209834,0.056861,1.0,0.19598,-0.519433,-0.353107,-0.06382,-0.220165,0.902753,-0.037598,0.583744,-0.181627,0.592811,0.793131,0.565127,0.151637,0.25984,0.540943,-0.400986,-0.051878,-0.214181,0.46451,-0.072115,-0.478105,0.056068,0.101154,0.425826,0.440393,-0.515505,0.060381,0.479085,-0.220165,0.159217,-0.393096,0.33938,-0.372573,0.0,0.483899,-0.218619,-0.484673,0.127501,-0.21443,0.004944,-0.072115,-0.154035,0.067158,0.307634,0.399883,-0.179782,0.177237,0.06266,-0.029655,0.390551,-0.621592,0.382105,0.325451,0.147183,0.020074,0.0,-0.220165,-0.105722,0.632433,-0.123126,-0.557303,-0.266796,-0.500473,0.099039,0.609496,-0.054464,-0.22325,-0.223565,0.087276,-0.391757,0.067353,-0.391757,0.128575,-0.045582,-0.223565,-0.094747,-0.522981,0.383237,0.451672,0.088523,-0.077592,-0.215976,0.08828,-0.238174,-0.400193,-0.014053,-0.105701,-0.50478,-0.230751,0.264525,0.267485,-0.418564,-0.210736,0.1075,-0.285875,-0.148382,-0.493512,0.106337,0.758737,-0.457295,0.0,-0.06929,-0.216645,-0.031531,0.220895,-0.230751,-0.168972,0.509379,0.08828,-0.194854,-0.06073,-0.386613,-0.238174,0.366516,-0.194854,0.088523,0.255879,0.686122,-0.045582,0.433216,-0.026801,0.088523,0.001769,-0.386613,-0.045582,-0.266796,-0.683154,-0.174824,-0.668832,-0.210736,0.332751,0.064858,0.366516,-0.223565,-0.072115,0.152991,-0.236179,0.4049,-0.523115,-0.051385,-0.50478,-0.204708,-0.204371,-0.445538,-0.517994,-0.239787,0.216272,-0.08387,0.267849,0.522203,0.450397,-0.90038,0.095914,0.088523,-0.049569,0.032515,-0.424871,-0.354354,0.697111,0.083917,0.065233,-0.045582,-0.386613,0.097938,-0.418564,-0.210736,-0.252379,-0.345543,0.148795,-0.184176,0.113079,0.057802,0.447108,-0.049569,-0.418564,-0.300618,-0.230751,0.520468,-0.162555,-0.014053,0.462282,-0.049569,-0.257134,0.501905,0.525067,0.275835,0.07779,-0.445538,-0.266796,#
11,0.066853,0.12433,0.351255,0.114222,0.28002,0.316967,-0.335797,0.0,0.292862,0.054395,0.19598,1.0,-0.29607,-0.324555,-0.268928,0.055161,0.137772,-0.234077,-0.079541,-0.052409,-0.282041,-0.053755,0.144046,0.295509,0.348318,0.193197,-0.12844,0.181357,0.28002,0.185531,0.020354,0.270318,-0.768541,0.142723,0.012659,0.161454,-0.270533,-0.130395,0.332475,0.522315,-0.050717,0.018023,0.346342,-0.045497,0.0,0.742268,-0.125839,-0.109559,0.118457,0.011614,0.11045,0.020354,-0.078292,-0.277461,0.357438,0.457867,-0.45335,-0.102305,-0.275175,-0.140235,-0.024749,-0.146439,0.526219,-0.196876,-0.191061,-0.014219,0.0,0.055161,-0.154677,-0.511342,0.069659,-0.523354,-0.400097,-0.045739,-0.282719,0.142929,-0.324639,-0.324143,0.08466,-0.328257,-0.103962,-0.137964,0.333321,0.607484,0.10999,-0.366729,0.067478,-0.217298,0.543511,-0.296994,0.31585,-0.490072,0.099786,-0.251246,-0.338821,-0.071848,-0.05521,-0.434641,0.24749,0.069718,-0.25925,-0.07478,-0.182189,0.434586,0.08784,0.4975,-0.473089,-0.209509,-0.233511,0.004592,-0.609294,0.0,-0.08582,-0.014192,-0.174475,0.078892,0.069718,-0.4298,0.036931,0.150748,-0.121595,0.319617,-0.301181,-0.338821,0.407572,0.277732,-0.163034,-0.27604,-0.12802,-0.315778,0.586356,-0.351187,-0.109824,0.283795,-0.301181,0.10999,0.276123,0.08466,0.046286,-0.489083,0.434586,0.469938,0.07003,0.407572,0.08466,0.020354,-0.107416,-0.261269,0.062664,-0.784483,-0.034724,0.24749,-0.029513,0.449328,-0.350462,-0.204943,-0.203184,-0.294903,0.085442,-0.116263,0.508035,-0.400097,-0.154433,-0.369378,-0.163034,-0.180991,0.149971,-0.37444,0.589241,-0.050717,-0.341347,0.367854,-0.315778,-0.301181,0.34185,-0.182189,-0.47798,0.097372,0.039068,-0.223196,-0.143769,-0.253918,-0.002032,0.584509,-0.180991,-0.182189,0.333428,-0.335482,0.161702,0.273863,-0.05521,0.158187,-0.180991,0.125547,0.059838,0.0573,0.746873,-0.132332,-0.350462,0.304299,#
12,-0.20986,0.599342,-0.198828,0.168801,0.440782,-0.458018,0.082368,0.0,-0.058711,0.279969,-0.519433,-0.29607,1.0,0.631089,0.168901,0.393543,-0.424578,-0.019929,-0.609758,0.555902,0.110219,-0.158441,0.124359,-0.168052,-0.529561,-0.152919,0.391495,0.180238,-0.025358,0.059971,-0.348239,0.160471,0.366672,-0.529561,-0.303035,-0.42475,0.525766,-0.591503,-0.216326,0.393543,0.132538,0.822182,0.115149,0.320034,0.0,-0.227133,0.316111,0.421038,-0.1345,-0.057443,0.03675,-0.348239,0.309369,0.30934,-0.584934,-0.179109,-0.223131,0.17187,0.326813,-0.075823,-0.60212,0.407249,-0.595422,0.150619,-0.214014,0.371153,0.0,0.393543,0.537972,-0.065575,-0.286739,0.379573,0.575853,0.137798,-0.52961,-0.678909,-0.02593,0.48169,-0.359363,-0.279107,0.375509,-0.581905,0.375509,-0.090745,-0.424639,0.031131,0.25842,0.023197,-0.281177,-0.424639,-0.528321,-0.274834,0.100464,-0.529528,-0.410591,0.132538,-0.224674,-0.276266,0.023197,0.023197,-0.523606,-0.086184,-0.114042,-0.424631,-0.211467,0.047313,-0.26899,-0.049501,-0.145966,-0.424639,0.516611,0.0,-0.648463,-0.018394,0.100464,-0.216326,0.023197,-0.361672,-0.207688,-0.529528,-0.079779,-0.223414,0.132201,-0.410591,-0.638632,-0.097051,-0.114042,0.079243,-0.455685,-0.424639,-0.765261,0.044395,-0.509909,-0.039457,0.132201,-0.424639,-0.216326,0.031131,0.289008,0.269882,-0.424631,-0.316738,-0.240874,-0.638632,-0.359363,-0.208657,-0.324323,0.54242,-0.826186,0.484834,-0.540616,0.023197,-0.424855,0.044395,0.145734,0.48169,0.364528,0.162794,-0.20802,-0.529528,-0.369745,-0.216326,0.387209,0.238487,-0.114042,0.477525,-0.134198,0.159604,-0.090745,-0.324489,-0.303432,0.148294,-0.424639,0.132201,0.350461,-0.114042,-0.010581,-0.314157,0.115208,-0.524664,0.380384,-0.187179,-0.270823,-0.219031,0.477525,-0.114042,-0.465991,0.023197,-0.29658,-0.098929,-0.224674,0.071818,0.477525,0.195404,0.181795,-0.278212,-0.113343,-0.121189,0.145734,0.545385,#
13,0.236774,0.710756,-0.184835,-0.349905,0.479112,-0.106782,0.030976,0.0,0.457847,0.24158,-0.353107,-0.324555,0.631089,1.0,-0.052646,-0.266936,-0.218649,0.341708,-0.165039,0.232099,0.132754,-0.145405,0.125025,-0.47917,0.010681,-0.049294,0.648107,0.41307,0.060893,0.238262,-0.621506,-0.261587,0.066429,-0.809713,-0.234768,0.23334,0.695182,-0.727249,-0.330768,0.186297,-0.086109,0.536274,-0.424633,0.130529,0.0,-0.419655,0.777404,0.758372,-0.264332,0.188751,0.209607,-0.621506,-0.05083,0.503605,-0.369089,-0.20738,0.008917,0.394746,0.502384,0.141289,-0.54022,0.464046,-0.357462,0.28673,-0.087088,0.734756,0.0,0.639529,0.771794,0.179678,-0.582025,-0.099767,0.379973,-0.283308,-0.397571,-0.310896,-0.2917,-0.068319,-0.410007,-0.268834,0.154935,-0.715336,-0.286994,-0.415733,-0.649285,-0.059657,-0.583535,-0.070724,-0.619944,-0.218993,-0.659854,-0.260548,-0.41062,-0.403397,-0.46394,-0.086109,-0.474139,-0.565189,-0.070724,-0.480228,-0.270583,-0.411442,-0.288163,-0.649272,-0.598906,-0.086185,-0.051867,-0.191402,-0.059267,-0.649285,0.504313,0.0,-0.591218,-0.284803,0.006677,-0.330768,-0.480228,-0.383723,0.241854,-0.809662,-0.405733,-0.609715,-0.431239,-0.46394,-0.442905,-0.42123,-0.288163,0.082002,-0.150081,-0.218993,-0.497121,0.218495,-0.643334,-0.203975,-0.431239,-0.649285,-0.330768,-0.059657,0.58523,-0.067532,-0.649272,-0.768569,-0.250777,-0.442905,-0.410007,-0.496274,-0.495899,0.970921,-0.565877,0.613655,-0.647207,-0.070724,-0.202222,-0.228163,0.257388,-0.068319,0.725294,0.59624,-0.496304,-0.403397,-0.596416,-0.330768,0.169032,0.632945,-0.288163,0.789631,-0.086085,0.113395,-0.415733,-0.496152,0.116962,0.303289,-0.218993,-0.431239,0.135186,-0.288163,0.16077,-0.160178,0.533597,-0.625403,0.884355,0.333609,-0.702884,-0.513472,0.789631,-0.288163,0.049422,-0.070724,-0.571211,0.468136,-0.474139,0.240168,0.789631,0.316132,-0.113345,-0.244074,-0.018338,-0.298139,0.257388,0.352637,#
14,-0.497077,-0.32591,-0.065491,-0.172887,-0.40631,-0.395581,0.21379,0.0,-0.406477,-0.497776,-0.06382,-0.268928,0.168901,-0.052646,1.0,-0.276929,-0.325777,-0.041904,0.210656,0.206094,-0.048908,-0.06211,-0.052646,0.079198,-0.406331,0.601116,0.341468,0.281879,-0.40631,-0.325442,0.282718,0.596787,0.22829,0.060401,-0.03577,-0.32591,-0.32072,0.305554,-0.165986,-0.276929,0.423937,-0.244563,0.175999,0.386581,0.0,-0.365601,0.159134,-0.024871,0.475555,-0.573009,-0.925665,0.282718,-0.398804,-0.453183,0.191571,-0.031156,0.235814,-0.688535,-0.293958,-0.647512,0.242981,-0.41936,-0.694213,0.006397,0.524034,-0.124746,0.0,-0.276929,-0.143374,0.28965,0.231671,0.221154,-0.165986,0.537758,0.053641,0.135809,0.261379,0.427261,-0.147093,0.0464,0.349824,0.323652,0.349824,0.060351,-0.325824,0.427862,0.268401,-0.039215,0.276583,-0.325824,-0.268898,0.494211,-0.142443,0.047062,0.408519,0.423937,0.319526,0.2598,-0.039215,0.417768,-0.175111,-0.405754,0.341079,0.163586,-0.496909,0.447044,0.26896,0.163515,0.61181,0.154355,0.609624,0.0,-0.050854,0.752503,-0.608121,0.596653,0.417768,0.469984,-0.496089,0.047062,-0.405801,-0.045609,0.19465,0.408519,0.067241,-0.405801,0.341079,0.24767,-0.251956,-0.325824,-0.430647,-0.325454,-0.268898,-0.434332,0.19465,-0.325824,-0.165986,0.427862,-0.129561,0.277748,0.163586,-0.109634,-0.493141,0.067241,-0.147093,-0.40234,-0.248852,0.025807,0.251351,0.295444,0.377393,-0.039215,0.173274,0.172989,0.205743,-0.033651,0.325956,-0.485957,-0.425905,-0.406305,-0.370659,-0.165986,0.359359,-0.496973,0.341079,-0.057452,0.639432,0.434539,0.060351,-0.248979,0.021401,0.167341,-0.325824,0.19465,0.344071,0.341079,0.773225,-0.55478,0.036286,0.378215,-0.41372,0.60908,-0.067028,-0.393585,-0.057452,0.341079,-0.203463,0.417768,0.17296,-0.401557,0.319526,-0.317232,-0.057452,-0.574263,0.129299,0.047615,-0.402162,0.332006,0.205743,-0.165986,#
15,-0.2037,0.001066,-0.172189,0.432891,0.120493,-0.27951,-0.05068,0.0,-0.358647,0.284656,-0.220165,0.055161,0.393543,-0.266936,-0.276929,1.0,0.01207,-0.186466,-0.523154,-0.03726,0.179659,-0.124529,0.186297,0.129937,-0.295837,-0.395831,-0.508686,-0.412872,0.120493,0.00698,0.166021,0.100579,0.372697,0.101711,-0.213121,-0.474874,-0.060896,0.044314,0.262331,0.511299,0.260858,0.361097,0.481973,-0.008482,0.0,0.182488,-0.416012,-0.202642,-0.097366,-0.139553,0.422818,0.166021,0.55331,0.329259,-0.283152,0.191393,-0.340083,0.212682,0.194782,0.380301,-0.14239,0.110285,-0.137103,-0.197551,-0.4137,-0.17305,0.0,0.022598,-0.038462,-0.385765,0.219061,0.449664,0.262331,0.152113,-0.336651,-0.407576,0.360839,0.329768,-0.055931,0.204668,0.047091,0.035862,0.504544,0.120019,0.438529,-0.150372,0.754582,0.300878,0.247203,0.012773,0.119009,-0.245796,0.402099,-0.306125,-0.131373,0.238751,0.12254,0.221895,0.319579,0.300878,-0.074652,0.604215,-0.001225,-0.034715,0.714338,-0.116402,-0.352157,0.153625,-0.380338,0.012773,-0.347301,0.0,-0.182502,-0.105129,0.421156,-0.50403,0.300878,-0.194475,-0.190305,0.11441,0.568239,0.243637,0.510723,-0.131373,-0.161995,0.551529,0.018814,-0.13498,-0.344111,-0.006878,-0.234687,-0.025044,0.136821,0.274467,0.510723,0.438529,0.203381,-0.150372,-0.051545,0.181463,-0.034715,0.363868,0.28813,-0.161995,-0.055931,0.301054,0.327642,-0.33991,-0.325251,-0.108901,-0.025496,0.319579,-0.526787,-0.025044,-0.255001,0.757302,-0.345134,-0.220053,0.320162,0.132963,0.246074,0.232856,-0.001018,-0.179024,0.018814,-0.118037,-0.37298,-0.138014,0.100934,0.371391,-0.243402,-0.336625,-0.006878,0.510723,0.034789,-0.001225,-0.588817,0.149335,-0.299598,-0.025017,-0.339634,-0.871902,0.328352,0.314991,-0.118037,-0.001225,-0.411525,-0.123011,0.264158,-0.379229,0.12254,0.026528,-0.118037,0.176383,0.250391,0.161917,0.130021,0.046145,-0.255001,0.232856,#
16,-0.233815,0.023927,-0.653175,-0.351028,-0.105446,0.504762,0.16931,0.0,-0.10116,0.21522,0.902753,0.137772,-0.424578,-0.218649,-0.325777,0.01207,1.0,0.152643,0.523752,-0.42545,0.738454,0.660567,0.709997,-0.049358,0.35653,0.348366,-0.506977,-0.155138,-0.105446,0.535612,-0.140891,-0.647076,0.178707,-0.054753,0.292495,0.512209,-0.421367,-0.010207,0.508843,-0.02364,0.218075,-0.321312,0.286285,-0.491982,0.0,0.385246,-0.109733,-0.320594,-0.012128,-0.167454,0.360107,-0.140891,-0.012093,0.453174,0.261797,0.504839,-0.213486,0.451122,0.352457,0.361798,0.334996,-0.49849,0.338975,0.270664,-0.046502,0.169689,0.0,-0.02364,0.049266,0.549678,-0.169158,-0.539909,-0.218075,-0.649276,-0.052444,0.574939,0.065213,-0.316141,-0.316586,0.244089,-0.497719,-0.006311,-0.497719,-0.062754,0.074487,-0.316586,-0.148741,-0.321133,0.31574,0.559099,0.010067,-0.191494,-0.311577,-0.059312,-0.326107,-0.327113,-0.082983,-0.157305,-0.338214,-0.321133,0.34645,0.3977,-0.484129,-0.428066,0.264307,-0.417197,-0.200367,-0.425306,-0.076259,0.559099,-0.626713,0.0,-0.186178,-0.428074,0.158399,-0.218075,-0.321133,-0.273889,0.657976,-0.059312,-0.05237,-0.180543,-0.410794,-0.326107,0.380481,-0.05237,0.010067,0.199972,0.596341,0.074487,0.366446,0.094088,0.010067,0.048147,-0.410794,0.074487,-0.218076,-0.799661,0.01926,-0.710503,-0.428066,0.211103,0.22416,0.380481,-0.316586,-0.140891,0.254292,-0.106363,0.343144,-0.427588,-0.15003,-0.338214,-0.428292,-0.427588,-0.469889,-0.316141,-0.133845,0.370464,-0.140411,0.39824,0.439101,0.535766,-0.99607,0.254878,0.010067,0.116572,-0.155276,-0.459197,-0.533405,0.783456,0.245621,-0.064143,0.074487,-0.410794,-0.02631,-0.484129,-0.428066,-0.058614,-0.198562,0.059411,-0.062495,-0.076166,-0.061364,0.373559,0.116572,-0.484129,-0.240745,-0.321133,0.47668,-0.044444,-0.082983,0.543458,0.116572,-0.093152,0.479197,0.671418,0.382553,0.001815,-0.469889,-0.218075,#
17,0.039538,0.036305,-0.074443,-0.290256,0.190376,0.415799,0.281647,0.0,0.617004,-0.019352,-0.037598,-0.234077,-0.019929,0.341708,-0.041904,-0.186466,0.152643,1.0,0.413024,-0.473965,0.074422,-0.352539,0.374697,-0.972957,-0.153647,-0.112707,0.361999,0.174262,-0.15427,-0.314599,0.03607,-0.029178,0.221349,-0.136603,-0.26011,0.105591,0.097657,-0.045928,-0.404954,-0.186466,-0.084477,-0.110928,-0.337371,-0.507932,0.0,-0.442198,0.634573,0.652191,-0.150601,0.163226,0.075669,0.03607,0.309424,0.427526,0.420439,0.206707,0.197637,0.327647,0.586137,0.223832,0.231623,0.189392,-0.151015,-0.352895,-0.198667,0.192747,0.0,0.258177,0.044973,0.001559,0.061383,-0.257025,-0.404954,-0.356834,0.279848,0.389847,0.135186,-0.25294,0.111419,0.031714,-0.594735,-0.053185,-0.594735,-0.256404,0.109954,0.558243,-0.42756,0.538432,0.059691,0.109954,-0.157102,0.04586,-0.28243,-0.136919,0.20484,-0.084477,0.188223,-0.34002,0.079025,0.136688,-0.128132,-0.534759,0.316938,-0.364647,-0.371617,0.105714,0.208184,0.446723,-0.1538,-0.312183,-0.080774,0.0,0.020606,-0.330062,0.126958,-0.404954,0.136688,0.13491,0.437169,-0.136919,-0.124383,-0.048182,-0.309016,0.20484,0.410902,0.194888,0.316938,0.455941,-0.015232,0.109954,0.054834,0.491705,-0.497439,0.027012,-0.309016,0.109954,0.2655,0.094234,0.37589,0.083311,-0.364647,-0.200579,0.075595,0.410902,0.111419,-0.49632,0.439402,0.420221,0.170904,0.126715,-0.140209,0.079025,0.082516,-0.447576,0.424888,0.152259,0.624619,0.453427,-0.463529,0.261647,-0.466244,0.319136,-0.147095,0.4183,0.316938,0.146647,-0.147939,0.412385,-0.256404,-0.064364,0.449959,0.05687,0.109954,-0.309016,-0.575311,0.316938,0.109131,0.447337,0.797035,-0.13404,0.221526,0.278612,-0.463971,-0.416934,0.146647,0.316938,0.317719,0.136688,-0.383278,0.256499,0.188223,-0.310324,0.146647,0.011973,0.128826,0.469989,0.215336,-0.127763,0.424888,0.158227,#
18,-0.130922,-0.434072,-0.298102,-0.694597,-0.338297,0.54038,0.201563,0.0,0.15057,-0.601742,0.583744,-0.079541,-0.609758,-0.165039,0.210656,-0.523154,0.523752,0.413024,1.0,-0.537832,0.30626,0.251188,0.275065,-0.277382,0.266821,0.573088,0.065902,0.396942,-0.338297,0.136017,0.184229,-0.25572,-0.039771,-0.056288,-0.134931,0.609787,-0.406206,0.406819,0.310565,-0.399574,0.349386,-0.732137,-0.17641,-0.303703,0.0,-0.262909,0.173192,0.056333,0.149221,-0.401955,-0.224086,0.184229,-0.345511,0.037537,0.530712,0.190934,0.120129,0.129449,0.300716,0.04875,0.490995,-0.32581,0.007302,-0.161154,0.541188,0.164802,0.0,0.115341,-0.008707,0.516652,0.109287,-0.339639,-0.496904,-0.31482,0.417629,0.643733,-0.121987,-0.609456,-0.182431,0.235422,-0.365037,0.417149,-0.465452,0.067026,-0.149531,0.235501,-0.408135,-0.156538,0.157652,0.486552,0.017595,0.119545,-0.640298,0.024978,0.196502,-0.256216,0.313695,0.140199,-0.058018,-0.249585,0.407349,-0.297164,-0.087974,-0.178195,-0.220143,-0.171996,0.150679,-0.127631,0.533232,0.388781,-0.103161,0.0,0.097376,-0.149531,-0.023426,0.124226,-0.249585,0.167111,0.362333,-0.067333,-0.424748,-0.34386,-0.269505,0.196502,0.483969,-0.424748,0.460984,0.568632,0.540913,-0.051761,0.27176,-0.015522,0.017595,-0.481344,-0.269505,-0.149531,0.124226,-0.182431,0.292941,-0.447885,-0.178195,-0.011465,-0.212667,0.483969,-0.182431,-0.313737,0.21019,-0.031945,0.7279,-0.015522,0.387495,-0.058018,0.345631,-0.568339,-0.258967,-0.609456,0.200204,-0.013639,-0.326104,0.533232,-0.126964,0.155283,-0.501846,-0.090771,0.460984,0.107323,0.038987,-0.184523,-0.455779,0.349386,0.256114,0.316396,-0.051761,-0.269505,-0.329767,-0.087974,0.364597,-0.153324,0.295745,0.385424,-0.181848,0.567353,-0.277419,-0.273071,0.107323,-0.087974,0.133818,-0.156538,0.249874,-0.140887,0.313695,0.119789,0.107323,-0.047994,0.249689,0.655485,0.214646,0.043037,-0.258967,-0.496904,#
19,-0.222315,0.495741,0.1554,0.510514,0.34236,-0.200702,0.091621,0.0,-0.145215,0.185476,-0.181627,-0.052409,0.555902,0.232099,0.206094,-0.03726,-0.42545,-0.473965,-0.537832,1.0,-0.204539,0.268569,-0.26176,0.305853,-0.530649,-0.072498,0.378141,0.166558,-0.039252,0.046803,-0.311837,0.176954,-0.016207,-0.058153,0.144627,-0.425623,0.416197,-0.507379,-0.21677,-0.03726,-0.325155,0.690105,0.141011,0.309057,0.0,0.240123,-0.152853,-0.063194,-0.040128,0.217275,-0.301882,-0.311837,0.212795,-0.417845,-0.581862,-0.476348,-0.180948,-0.119097,-0.265633,-0.640061,-0.543357,0.31045,-0.016407,0.271004,-0.052809,-0.04565,0.0,-0.03726,0.124417,0.015546,-0.289995,0.213601,0.555287,0.202921,-0.065007,-0.62441,-0.425728,0.46671,0.027592,-0.649982,0.359194,-0.503706,0.359194,0.300781,-0.425511,0.027592,0.239533,-0.442949,-0.286145,-0.425511,-0.118099,-0.202711,0.479322,-0.071649,-0.336842,-0.325155,-0.229523,-0.200054,-0.442949,0.019677,-0.511008,-0.098513,-0.118099,0.069946,-0.223874,0.043747,-0.19218,-0.290715,-0.071649,0.060599,0.537403,0.0,-0.197568,0.060599,0.007893,0.555287,0.019677,-0.285356,-0.288595,-0.071649,-0.092272,0.155292,0.106658,-0.336842,-0.694472,-0.176442,-0.118099,0.061121,0.016865,-0.425511,-0.295088,-0.041441,-0.028375,0.153208,0.106658,-0.425511,-0.21677,0.027592,-0.220299,0.250865,0.069946,0.084627,-0.2524,-0.694472,0.027592,0.277654,-0.324989,0.108489,-0.736619,0.049889,-0.460058,-0.442949,0.079702,0.463158,0.120022,0.000106,-0.195209,0.080416,0.250865,-0.530615,0.125229,-0.21677,0.370763,0.146909,-0.118099,-0.011469,-0.057939,0.019909,0.300781,-0.325155,-0.665353,0.270467,-0.425511,0.106658,0.363919,-0.118099,0.069946,-0.418651,-0.351754,-0.44525,0.260189,-0.085647,0.185915,0.237569,-0.011469,-0.118099,-0.489242,0.019677,-0.234635,-0.206927,-0.229523,0.031815,-0.011469,0.071638,0.156156,-0.649835,-0.217909,-0.125229,0.120022,0.406815,#
20,-0.210551,0.238981,-0.989499,-0.393439,0.032347,-0.039857,0.471191,0.0,-0.366373,0.250262,0.592811,-0.282041,0.110219,0.132754,-0.048908,0.179659,0.738454,0.074422,0.30626,-0.204539,1.0,0.678484,0.608231,-0.06327,0.066746,0.399742,-0.258418,-0.074256,0.032347,0.686286,-0.446278,-0.612663,0.596819,-0.353817,0.214076,0.275966,-0.318348,-0.215225,0.357895,0.179659,0.433603,-0.099924,0.426398,-0.352114,0.0,0.04522,-0.028036,-0.087918,0.226526,-0.338793,0.272765,-0.446278,-0.026602,0.63748,-0.23978,0.166121,0.004768,0.448806,0.54004,0.45112,-0.07254,-0.387519,-0.254601,0.309704,-0.063402,0.303639,0.0,0.179659,0.325561,0.743036,-0.48605,-0.260233,0.302834,-0.318107,-0.351652,0.142661,0.180228,-0.039149,-0.752722,0.19478,-0.274372,-0.202819,-0.274372,-0.362439,-0.1713,-0.399884,-0.011901,-0.407561,0.028667,0.287539,-0.555257,-0.21382,-0.383673,-0.358127,-0.415748,-0.082591,-0.35088,-0.02604,-0.425028,-0.407561,0.425077,0.428785,-0.64884,-0.64848,0.229252,-0.460393,-0.021467,-0.558298,-0.028881,0.287539,-0.201391,0.0,-0.546377,-0.281421,0.061309,-0.330364,-0.407561,-0.334054,0.286497,-0.358127,0.007804,-0.540621,-0.338582,-0.415748,-0.117899,-0.351161,-0.180926,0.180104,0.458651,-0.1713,-0.353008,-0.152413,-0.172608,-0.090545,-0.338582,-0.1713,-0.330364,-0.858573,0.212996,-0.537373,-0.64848,-0.237818,0.195503,-0.117899,-0.752722,-0.383217,0.056605,0.228643,0.047099,0.122777,-0.311888,-0.425028,-0.648822,-0.647756,-0.334781,-0.039149,0.050134,0.352628,-0.429419,0.075091,0.199033,0.385425,-0.739684,0.264946,-0.180926,0.410771,-0.065171,-0.252111,-0.80806,0.55749,0.210745,-0.052754,-0.1713,-0.338582,0.203812,-0.64884,-0.274357,-0.460108,-0.202933,-0.105926,0.059875,-0.018466,-0.093736,0.115713,0.410771,-0.64884,-0.50018,-0.407561,0.577445,-0.31107,-0.35088,0.716183,0.410771,-0.100453,0.616688,0.632364,0.09178,-0.191785,-0.334781,-0.330364,#
21,-0.221633,0.234497,-0.638453,-0.039914,0.026527,0.162846,0.42043,0.0,-0.406935,0.209436,0.793131,-0.053755,-0.158441,-0.145405,-0.06211,-0.124529,0.660567,-0.352539,0.251188,0.268569,0.678484,1.0,0.261026,0.351215,0.025882,0.394643,-0.236096,-0.061571,0.026527,0.676937,-0.442596,-0.580371,0.240322,-0.007093,0.534125,0.234497,-0.296215,-0.22737,0.354185,-0.124529,0.015859,-0.07086,0.431202,-0.299185,0.0,0.459204,-0.415031,-0.462293,0.229392,-0.068259,0.031881,-0.442596,-0.046387,0.029593,-0.315108,-0.113751,-0.04288,0.243358,0.052216,-0.044526,-0.116077,-0.363151,0.242162,0.423821,0.037199,-0.006325,0.0,-0.124529,0.042304,0.734908,-0.501951,-0.342393,0.354185,-0.268313,-0.010691,0.070645,-0.221486,-0.022364,-0.413849,-0.181129,-0.221195,-0.220098,-0.221195,0.018254,-0.213216,-0.413849,0.003656,-0.8016,-0.028899,0.244934,-0.198265,-0.225816,-0.010633,-0.022183,-0.429649,-0.49956,-0.37194,-0.010682,-0.784831,-0.421483,0.339609,0.417212,-0.665475,-0.246646,0.216283,-0.468427,-0.045571,-0.769309,-0.005546,0.644347,-0.144226,0.0,-0.216933,-0.254332,0.04633,0.301322,-0.421483,-0.347641,0.20863,-0.022183,-0.003184,-0.207619,-0.320513,-0.429649,-0.255316,-0.392777,-0.198265,0.155203,0.797295,-0.213216,0.013969,-0.195718,0.217033,0.089105,-0.320513,-0.213216,-0.33304,-0.837297,-0.18979,-0.520766,-0.246646,0.113578,0.149203,-0.255316,-0.413849,0.082123,0.01019,-0.10694,-0.014696,-0.230268,-0.314212,-0.784831,-0.23879,-0.238398,-0.369482,-0.40575,-0.42742,0.295994,0.018196,0.033274,0.601706,0.327753,-0.685208,0.219138,-0.198265,0.036536,-0.069965,-0.403994,-0.426697,0.511454,-0.19041,0.084752,-0.213216,-0.320513,0.241971,-0.665475,-0.246646,-0.543145,-0.599879,-0.122637,0.024321,-0.009595,0.2738,0.513594,0.036536,-0.665475,-0.557477,-0.421483,0.548501,-0.380592,-0.37194,0.680806,0.036536,-0.116414,0.57604,0.222293,0.023641,-0.209078,-0.369482,-0.33304,#
