0,1.0,0.231976,0.015237,-0.105094,0.487377,0.111657,-0.031201,0.349651,-0.327012,0.25445,-0.611728,0.323372,0.479635,0.147533,0.601566,0.249282,0.0,-0.403699,0.032513,-0.166667,-0.116927,0.649315,-0.089054,-0.499545,-0.249944,0.008127,0.206492,-0.408107,0.311497,0.362658,-0.605467,0.301661,0.0,-0.107482,-0.519005,0.611394,-0.762923,-0.218052,0.0,0.239032,0.09796,-0.098543,0.153847,0.239835,-0.166667,0.154508,0.495308,0.055308,-0.316265,0.237028,-0.631509,-0.36225,0.666667,-0.603484,0.387248,-0.404475,-0.365895,0.140599,0.140142,-0.812614,0.165314,0.212047,-0.006667,0.123526,0.203479,0.230929,-0.166667,0.236985,0.259743,-0.748112,0.227791,-0.981888,-0.166667,-0.327154,-0.721021,0.040961,-0.249873,-0.281014,-0.408034,-0.762738,-0.408248,-0.762738,-0.408034,-0.611749,-0.029371,-0.166667,-0.611807,-0.249873,-0.249873,-0.231322,-0.408248,-0.408034,0.079168,-0.408034,-0.327154,0.094617,-0.407971,-0.612012,-0.249873,-0.584497,0.012623,-0.407971,0.203756,-0.327327,-0.611807,-0.249873,-0.106954,-0.611807,0.356961,-0.408034,-0.327161,0.0,-0.249873,-0.612012,-0.499604,-0.011485,-0.166667,-0.13647,0.163013,-0.49973,-0.249873,-0.327154,-0.721021,0.294751,-0.006667,-0.017032,0.355856,0.117031,0.14834,-0.25,-0.13189,-0.499604,-0.408034,0.277916,-0.762895,-0.408034,-0.24994,-0.611807,0.323153,-0.762738,-0.408034,-0.584497,-0.249873,-0.613508,-0.611807,0.14834,0.064958,-0.407955,-0.499604,-0.249873,-0.408034,-0.226977,0.666667,-0.408034,-0.383454,0.0,0.452073,0.173369,-0.762738,0.079168,-0.569177,-0.166667,-0.166667,-0.499604,-0.034818,0.298413,0.316551,0.136915,-0.327327,-0.327161,-0.115082,0.117031,-0.166667,-0.13189,0.762456,0.194937,-0.166667,-0.090909,0.396104,0.137931,0.012952,0.285964,0.325791,0.486563,0.306612,-0.478753,0.595049,-0.387737,0.441821,0.474112,-0.611807,0.474112,0.238366,0.229819,-0.23569,0.0,0.229819,-0.116524,0.17391,-0.019118,#
1,0.231976,1.0,-0.653211,0.105579,0.247335,0.362116,-0.216616,-0.326925,-0.428061,-0.182187,-0.355819,-0.006416,-0.189467,-0.454692,0.38776,0.380171,5e-05,-0.528445,-0.649033,-0.218168,0.141018,0.432277,0.100597,-0.220017,0.221375,-0.2166,-0.226218,-0.085701,0.454135,0.769901,-0.792561,-0.52033,0.0,0.116223,0.226966,0.39675,-0.054198,-0.059615,5e-05,0.548104,0.456728,-0.800834,0.293797,0.532167,-0.218168,0.276923,0.254485,-0.115054,0.320069,0.363573,0.245638,-0.176438,0.527469,0.070808,0.541667,-0.067157,0.350009,0.254465,0.253637,-0.358063,0.187952,-0.425844,0.087938,0.277546,-0.195725,-0.183589,-0.218168,0.527826,0.529375,0.020945,-0.126444,-0.176438,-0.218168,-0.428247,0.187172,0.223298,-0.327085,0.39674,-0.101023,-0.055733,-0.094704,-0.055733,-0.101023,-0.348985,0.197102,-0.218168,-0.370018,-0.327085,0.226535,-0.055733,-0.094704,0.35755,0.347828,-0.53412,-0.428247,-0.53412,-0.534037,-0.365957,-0.327085,0.152942,0.292612,0.344758,0.313141,-0.428473,-0.370018,-0.327085,-0.801128,0.086169,0.226535,-0.101023,-0.428256,0.0,-0.327085,-0.365957,-0.23341,0.211906,-0.218168,0.084847,0.010804,0.22203,-0.327085,-0.428247,0.187172,0.426707,0.087938,-0.213734,0.214906,0.226966,0.355994,0.211264,-0.371317,-0.653986,-0.101023,0.064971,-0.536875,-0.53412,-0.327173,-0.80086,0.465311,-0.055733,-0.53412,-0.3192,0.226535,-0.460973,-0.370018,0.355994,-0.110667,-0.087189,0.211906,-0.327085,-0.53412,-0.536875,-0.218168,-0.101023,-0.777074,0.0,-0.212129,-0.132656,-0.055733,-0.098183,-0.271359,-0.218168,-0.218168,-0.653986,-0.237884,0.447762,0.180209,-0.75407,0.041582,-0.428256,0.13327,-0.321058,-0.218168,0.067747,0.085628,0.301232,0.499853,-0.308907,0.126855,-0.823631,-0.618836,-0.118459,0.487487,0.255792,0.460066,-0.177166,0.388819,-0.223794,0.273954,0.24436,-0.370018,0.674367,0.380483,0.366841,0.008639,0.0,0.366841,0.077713,-0.423752,0.600614,#
2,0.015237,-0.653211,1.0,-0.029476,-0.230978,-0.402804,0.625274,0.528958,0.239622,-0.041976,0.401646,-0.289734,-0.190598,0.283243,0.000422,-0.053921,-4.6e-05,0.058436,0.700245,0.352991,-0.157037,-0.043356,0.006608,0.153828,-0.050515,0.194845,0.109975,-0.020812,0.229553,-0.498893,0.449016,0.301097,0.0,-0.387105,-0.419594,-0.023259,-0.204033,0.204996,-4.6e-05,-0.652901,-0.642465,0.436123,-0.088493,-0.404737,-0.332675,-0.522249,0.192063,-0.081898,-0.45817,0.022407,-0.373618,0.042414,-0.332675,-0.033426,-0.410208,-0.06402,-0.023087,-0.36351,-0.36427,0.127485,0.404572,0.633916,-0.284043,0.044419,-0.086335,0.452516,0.352991,-0.211541,-0.341022,-0.270169,0.269686,-0.081051,0.276806,0.203996,-0.344967,0.237791,0.029915,-0.673315,-0.446829,-0.249775,0.38256,-0.249775,-0.400876,-0.035066,-0.196465,0.276806,-0.008426,-0.017949,-0.054934,0.187474,-0.021772,-0.446829,-0.009929,0.389342,0.161816,0.40466,-0.020425,-0.036486,-0.054934,0.072732,-0.42583,-0.81433,-0.519694,0.177887,-0.023664,0.029915,0.379075,-0.023664,0.000544,-0.00892,0.219808,0.0,0.029915,0.40352,0.171762,-0.238612,-0.332675,0.003345,0.271234,-0.229849,-0.498758,0.627708,-0.344967,-0.227387,-0.284043,0.202599,-0.028034,-0.419594,0.151061,-0.499012,0.419096,0.171762,-0.446829,0.02955,0.201647,-0.033249,0.025314,0.387764,-0.397358,-0.249775,0.389342,-0.105388,-0.054934,0.244127,-0.008426,0.151061,-0.376022,-0.004109,-0.214987,0.029915,0.40466,0.642599,0.352991,0.40466,0.491889,0.0,0.195067,0.368224,-0.249775,0.02162,-0.221545,-0.332675,0.276806,0.171762,-0.175602,-0.212695,-0.496455,0.49987,-0.254362,0.219808,-0.058255,0.55031,-0.332675,0.015346,0.225682,0.042023,-0.332675,0.384982,-0.015732,0.518322,0.590772,-0.103952,0.159282,0.200942,-0.234112,0.293848,0.000197,0.47384,0.07169,-0.199042,-0.023664,-0.199042,-0.075061,-0.019843,-0.295241,0.0,-0.019843,-0.38217,0.186049,-0.127007,#
3,-0.105094,0.105579,-0.029476,1.0,-0.421146,-0.155981,0.011173,0.420735,-0.369557,-0.524234,0.14608,-0.155216,-0.458217,-0.363928,0.253193,0.591465,-9.4e-05,-0.659966,-0.01101,-0.407402,-0.765647,0.228204,-0.649013,-0.436428,0.382469,0.375734,-0.387967,0.218111,-0.073207,-0.075311,-0.335149,-0.516837,0.0,-0.318202,-0.289478,-0.171344,-0.056525,0.341872,-9.4e-05,0.083181,-0.29654,-0.24951,0.37307,0.180744,0.267277,0.643501,0.011173,-0.970947,0.001515,0.109808,-0.315626,0.553467,-0.407402,0.098657,0.195448,0.656352,0.104368,0.320298,-0.378962,0.110587,-0.188881,0.046881,0.502213,0.646211,0.138745,-0.465837,-0.407402,0.507032,-0.519663,-0.08689,-0.046461,0.060705,0.215378,0.032913,-0.268674,0.769758,-0.119491,0.38353,0.207804,-0.117197,0.241536,-0.117197,0.25476,-0.283471,-0.023322,0.215378,0.123832,-0.610792,0.382926,-0.117197,0.654691,0.655268,0.259891,-0.214801,-0.400046,0.192152,-0.225946,0.1396,-0.157283,0.075646,0.265711,0.261335,0.617595,0.049264,-0.296574,-0.119491,0.123873,0.148562,0.420718,0.207804,-0.799715,0.0,-0.119491,0.1396,-0.446062,0.383654,0.267276,0.164347,-0.796941,0.817681,-0.119491,-0.400046,-0.268674,0.825743,0.502213,-0.400958,-0.12979,-0.309283,-0.332195,0.420377,-0.272925,-0.461262,0.207804,-0.272132,-0.129283,0.207804,0.420657,-0.296574,-0.098111,-0.117197,-0.214801,-0.369891,0.382926,0.335422,0.123832,-0.332195,-0.589626,-0.561207,0.383654,-0.119491,0.207804,-0.129283,0.267276,0.223456,0.048888,0.0,-0.016525,-0.639051,-0.117197,-0.143078,-0.266458,-0.407402,0.215378,-0.461262,-0.820555,-0.040783,-0.607971,-0.284108,0.507933,-0.799715,-0.259409,-0.34731,0.267276,0.155503,0.094089,-0.360387,0.293226,-0.222725,-0.632183,-0.466818,-0.404425,0.093499,0.370726,0.030401,-0.041904,-0.118116,-0.139574,0.080156,0.639499,-0.378603,-0.296574,0.434354,0.105151,-0.328,-0.117983,0.0,-0.328,0.163733,-0.117143,-0.009525,#
4,0.487377,0.247335,-0.230978,-0.421146,1.0,0.053973,-0.271664,-0.053326,-0.242008,0.030511,-0.836839,0.23035,0.211946,-0.331285,0.399431,-0.01936,4.7e-05,0.055591,-0.204237,-0.332654,0.591713,0.026108,0.431811,-0.185499,-0.498871,-0.620344,-0.053719,-0.395742,0.176566,0.525553,-0.358571,0.157048,0.0,0.089432,-0.030546,0.379747,-0.1985,-0.206137,4.7e-05,-0.179858,0.215008,-0.012769,-0.368362,-0.094853,-0.332654,0.041039,0.576155,0.462021,0.173149,-0.03847,-0.256214,-0.444257,0.363599,-0.433552,0.382215,-0.375618,-0.48389,-0.292391,0.323571,-0.362289,0.298474,0.158793,0.259545,-0.581781,-0.425744,0.494787,-0.332654,0.034529,0.567323,-0.108832,0.146265,-0.425083,-0.332654,-0.652975,-0.280383,-0.108373,-0.498727,-0.174016,-0.369735,-0.188434,-0.42005,-0.188434,-0.369735,0.022085,-0.603949,-0.332654,-0.778765,0.507564,0.018226,0.206233,-0.814833,-0.386205,-0.407331,-0.425548,0.233817,-0.441102,-0.376029,-0.384009,0.038109,-0.325378,-0.342955,0.045989,0.030062,-0.231279,-0.391931,-0.498727,-0.008918,-0.408315,0.468903,-0.814406,0.21709,0.0,-0.498727,-0.83081,-0.187742,0.212976,-0.332654,-0.393567,0.186641,-0.576661,0.038109,-0.239268,-0.280383,-0.225148,0.259545,0.572559,0.00738,0.441818,0.355368,-0.498982,-0.425567,-0.187742,-0.369735,-0.010376,-0.633987,-0.369735,-0.498862,-0.391931,0.348494,-0.188434,-0.425548,-0.308422,0.018226,-0.25885,-0.778765,0.355368,0.025492,0.410708,-0.581351,-0.498727,-0.814406,-0.235977,0.286237,-0.814406,-0.516276,0.0,0.16787,0.154909,-0.188434,-0.006878,-0.224365,0.363599,-0.332654,-0.187742,0.209739,0.239578,0.542603,-0.16747,-0.65332,0.21709,-0.343455,0.441818,-0.332654,-0.819783,0.216496,0.490176,0.337812,-0.006129,0.400773,-0.038148,0.200699,0.132104,0.207547,-0.197201,0.641494,-0.551947,0.4081,-0.006777,0.074716,0.209837,-0.391931,0.194393,0.510182,0.49189,-0.183107,0.0,0.49189,0.006761,-0.470746,-0.208242,#
5,0.111657,0.362116,-0.402804,-0.155981,0.053973,1.0,-0.002883,0.112315,-0.53385,-0.033008,-0.17154,0.155043,0.047276,0.346554,0.190902,-0.061277,-4.6e-05,-0.205795,-0.386314,-0.272085,-0.040389,0.581026,0.273827,0.023329,0.101827,-0.409155,0.374819,-0.666238,0.105283,0.101441,-0.126499,0.083495,0.0,-0.127031,0.354836,0.199277,0.106424,0.098732,-4.6e-05,0.37343,0.795004,-0.143798,0.245232,-0.193628,-0.272085,0.418013,0.028951,0.271491,0.419639,-0.076436,0.323803,-0.056231,0.420961,-0.544343,0.243903,-0.230613,-0.090163,0.334844,-0.303931,-0.107538,0.216018,-0.536889,0.203722,-0.152956,0.43905,-0.044605,-0.272085,0.137476,0.22135,-0.27374,-0.886175,-0.056231,-0.272085,-0.534082,0.235415,-0.280094,-0.407919,0.505184,0.179053,-0.351638,0.150899,-0.351638,0.581602,-0.562602,-0.024427,-0.272085,0.242447,0.126444,-0.407919,-0.351638,0.150899,-0.26357,0.568181,-0.666119,-0.063175,-0.666119,-0.229785,0.254583,0.126444,-0.539737,0.382201,0.166953,0.392033,-0.534364,-0.158007,-0.407919,-0.149895,-0.598326,-0.407919,-0.26357,-0.072062,0.0,-0.407919,-0.19016,0.00513,0.00513,-0.272085,-0.19903,-0.125528,-0.0247,0.126444,-0.534082,0.235415,0.053881,0.203722,-0.390674,0.095851,-0.154536,0.344974,0.092406,-0.191306,-0.385782,0.179053,-0.188329,0.084867,0.179053,0.102196,-0.158007,-0.279701,-0.351638,-0.666119,-0.084017,-0.407919,-0.242031,0.242447,0.344974,0.169708,-0.234705,-0.424696,-0.407919,-0.26357,0.084867,-0.272085,0.13898,-0.103404,0.0,0.397966,0.333566,-0.351638,0.153628,-0.004781,0.420961,-0.272085,-0.385782,0.00572,0.54129,0.628206,-0.018978,-0.097463,-0.072062,0.699305,-0.154536,-0.272085,0.216789,0.38033,0.377169,-0.272085,0.29462,0.309621,-0.117367,0.048074,0.010067,0.118457,0.425479,0.556164,-0.363749,-0.208987,-0.114344,-0.14182,0.450214,-0.158007,0.409862,0.45399,0.437712,0.606298,0.0,0.437712,-0.165999,0.358622,0.351557,#
6,-0.031201,-0.216616,0.625274,0.011173,-0.271664,-0.002883,1.0,0.476891,0.244076,-0.014046,0.455343,-0.274935,-0.214896,0.312611,-0.040996,-0.044379,2.4e-05,0.062348,0.658356,0.369206,-0.153354,0.350725,0.004591,0.212297,0.017362,0.222247,0.568903,-0.376407,0.633828,-0.499089,0.067982,0.259691,0.0,-0.755529,0.09319,0.356206,0.237899,0.227912,2.4e-05,-0.210915,-0.169703,0.395725,-0.220806,0.003019,-0.332806,-0.376017,0.145169,-0.078595,-0.522226,0.486888,-0.287789,0.070045,-0.332806,0.118699,-0.42112,-0.372414,0.04142,-0.32442,-0.323365,0.264808,0.377715,0.200464,-0.275421,0.074769,-0.056812,-0.032723,0.369206,-0.136791,0.091171,-0.20672,-0.168441,0.089378,-0.332806,-0.176274,-0.283452,0.069012,0.042322,-0.63686,-0.407019,-0.203452,0.410786,-0.203452,0.000738,-0.393553,-0.146623,-0.332806,0.035608,-0.025616,-0.498954,0.194479,0.012738,-0.407019,0.025081,0.025646,-0.236144,0.009963,-0.372775,-0.008713,-0.498954,0.117968,-0.375527,-0.41278,-0.524024,-0.228085,0.020006,0.042322,-0.04023,0.020006,-0.044549,0.041329,0.223989,0.0,0.042322,0.441783,0.214468,-0.236148,-0.332806,-0.36137,0.275666,-0.19653,-0.498954,0.240855,-0.283452,-0.231109,-0.275421,0.170584,-0.498922,0.053501,0.253784,0.0078,0.04433,-0.181501,-0.407019,0.415461,0.242158,-0.407019,0.017737,0.020006,-0.361963,-0.203452,0.025646,0.117968,-0.498954,0.332036,0.035608,0.253784,-0.365916,-0.000216,-0.166271,0.042322,0.041329,0.64346,0.291205,0.449086,0.492781,0.0,-0.252253,0.712276,-0.203452,0.00893,0.010696,-0.332806,-0.332806,-0.181501,-0.171822,0.208972,-0.49665,-0.017325,-0.211064,0.223989,0.035507,0.053501,-0.332806,0.060229,0.206392,0.491752,-0.332806,0.791966,0.396895,0.030662,0.576467,-0.504744,0.204181,0.602903,0.182826,0.339537,-0.002422,0.474719,0.072069,0.203203,0.020006,0.188605,-0.02479,0.460106,-0.207685,0.0,0.460106,-0.007271,0.191626,0.266035,#
7,0.349651,-0.326925,0.528958,0.420735,-0.053326,0.112315,0.476891,1.0,-0.326685,-0.4292,-0.074604,-0.271191,-0.056732,0.117909,0.582779,0.226571,0.0,-0.403296,0.560286,-0.1665,-0.492271,0.522239,-0.088191,-0.499047,-0.249695,-0.012178,0.256179,-0.407699,0.291842,-0.24969,-0.066853,0.345503,0.0,-0.604479,-0.315159,0.052695,-0.19273,0.326751,0.0,-0.32677,-0.321547,0.414287,0.176747,-0.217737,-0.1665,0.334433,0.476891,-0.396814,-0.314977,0.214562,-0.629604,0.257131,-0.1665,-0.602881,-0.116058,0.153382,-0.340223,0.11109,-0.749645,-0.048107,0.228667,0.189805,0.22646,0.248781,0.200148,0.20859,-0.1665,0.145995,-0.340788,-0.747365,-0.204807,-0.337127,-0.1665,-0.326827,-0.639627,0.450123,-0.249623,-0.195237,-0.407627,-0.761977,0.122352,-0.761977,0.114608,-0.611138,-0.498811,-0.1665,-0.091679,-0.249623,-0.249623,-0.252327,0.122352,-0.407627,0.130193,-0.407627,-0.326827,0.074436,-0.407563,-0.086665,-0.249623,-0.583914,-0.010088,-0.407563,0.239902,-0.327,-0.611196,-0.249623,0.397707,-0.611196,0.332355,-0.407627,-0.326834,0.0,-0.249623,-0.086665,-0.499105,-0.030979,-0.1665,-0.086542,-0.3257,0.013932,-0.249623,-0.326827,-0.639627,0.326463,0.22646,-0.036299,-0.249607,-0.365991,0.024699,-0.24975,-0.081451,-0.499105,-0.407627,-0.191933,-0.205335,0.114608,0.412234,-0.091679,-0.582386,-0.761977,-0.407627,-0.583914,-0.249623,0.212156,-0.091679,0.024699,-0.407058,-0.407548,-0.499105,-0.249623,0.114608,0.308632,0.632701,0.114608,0.231288,0.0,0.452931,0.174433,-0.761977,0.130193,-0.568609,-0.1665,-0.1665,-0.499105,-0.498558,0.298115,-0.24847,0.335866,-0.327,-0.326834,-0.094529,0.294826,-0.1665,-0.081451,0.761695,0.230806,-0.1665,0.395708,-0.110279,0.223914,0.498158,0.285679,0.325466,0.486077,0.306306,-0.478275,0.09046,0.222368,0.432087,-0.012464,-0.611196,0.473639,0.238128,0.22959,-0.212623,0.0,0.22959,-0.136196,0.219456,-0.0,#
8,-0.327012,-0.428061,0.239622,-0.369557,-0.242008,-0.53385,0.244076,-0.326685,1.0,0.324936,0.535246,-0.092736,0.230096,0.20987,-0.533213,-0.266372,2.6e-05,0.760539,0.594153,0.546435,0.259923,-0.530158,0.090374,0.219133,-0.326939,0.226343,0.376968,0.368144,-0.028389,-0.326933,0.479492,0.45305,0.0,0.039628,0.342813,-0.108885,0.39864,-0.498213,2.6e-05,0.017382,-0.421019,0.507574,-0.226722,0.180767,0.48981,-0.721361,-0.238908,0.258547,-0.322356,0.322781,0.192018,-0.289227,-0.218008,0.616075,-0.812572,-0.073338,0.309908,-0.477796,0.200085,0.197352,-0.487994,0.043947,-0.524625,-0.156123,-0.305069,-0.196066,0.546435,-0.362659,-0.095602,0.2755,0.467838,0.358538,-0.218008,0.545711,0.23272,-0.482212,0.778001,-0.533034,-0.106786,0.421212,-0.10056,0.421212,-0.106786,0.522082,0.255959,-0.218008,0.110127,0.188588,-0.326845,-0.030162,-0.10056,-0.106786,-0.533711,0.808377,0.026292,0.381435,0.368304,0.057434,-0.326845,0.410408,-0.430581,-0.112867,-0.778677,0.498592,0.534848,0.778001,0.057434,0.534848,-0.326845,0.381435,0.52735,0.0,0.778001,0.547993,0.2352,-0.653506,0.48981,0.118838,0.582639,-0.234145,0.188588,0.545711,0.23272,-0.534782,-0.524625,0.225105,-0.326824,0.342813,-0.48425,0.203852,0.560737,0.649799,-0.106786,0.608309,0.433028,-0.106786,0.193396,0.534848,-0.097166,0.421212,0.808377,0.617267,-0.326845,0.077364,0.110127,-0.48425,0.380903,0.353205,0.2352,0.778001,0.381435,-0.022171,-0.218008,-0.045507,0.336023,0.0,-0.651323,0.229404,0.421212,0.345634,0.486085,-0.218008,-0.218008,0.649799,0.664224,-0.510875,-0.325336,0.261142,0.035217,0.52735,-0.350375,-0.175815,0.48981,0.127912,-0.447815,-0.185936,-0.218008,0.049308,0.049308,0.372264,0.184712,-0.290777,-0.572451,-0.222311,-0.559637,0.558249,-0.100645,-0.194309,-0.325369,-0.227632,0.534848,-0.656828,-0.808504,-0.252464,-0.112956,0.0,-0.252464,0.101447,0.018348,-0.124062,#
9,0.25445,-0.182187,-0.041976,-0.524234,0.030511,-0.033008,-0.014046,-0.4292,0.324936,1.0,0.060489,0.728962,0.543749,0.663411,-0.608788,-0.345563,0.000118,0.440911,-0.057751,0.218566,0.055254,-0.027847,-0.299653,0.521054,0.205933,0.441492,0.377757,-0.132371,-0.300975,-0.345612,0.098549,0.224784,0.0,0.117966,-0.23265,0.398426,-0.303975,-0.319669,0.000118,0.324711,0.376445,0.10311,-0.363611,0.061026,0.120701,-0.361391,-0.510231,0.48744,-0.307609,-0.258289,-0.110121,-0.299287,0.218566,0.12259,0.074849,-0.715261,-0.26893,-0.146228,0.695849,-0.23328,-0.163278,0.270607,-0.286836,-0.326885,0.41992,-0.201611,0.218566,-0.386156,0.247419,0.16225,0.145795,-0.275031,0.120701,0.303423,-0.143948,-0.711138,0.256416,-0.354645,0.377679,0.197505,-0.143832,0.197505,-0.094564,0.09294,0.498424,0.120701,0.117216,0.280171,-0.422702,0.197505,-0.163809,-0.184846,-0.113357,0.377679,0.324357,0.358003,0.418655,0.07106,0.256416,0.013347,-0.167265,-0.116356,-0.30495,0.258407,0.606577,0.256416,0.051289,0.046979,-0.422702,0.377679,0.387958,0.0,0.256416,0.07106,0.521423,-0.043948,0.120701,-0.414491,0.384155,-0.574136,0.256416,0.324357,-0.143948,-0.41977,-0.286836,0.020669,0.252081,0.36491,-0.08565,0.205517,0.103729,0.502315,0.377679,0.584529,0.224229,-0.114241,-0.417554,0.117216,0.507905,0.197505,0.377679,0.592518,-0.422702,-0.24155,0.117216,-0.08565,0.475399,-0.051022,-0.043948,0.256416,-0.114241,0.224229,0.120701,-0.094564,0.34638,0.0,0.014363,0.321036,0.197505,-0.113357,0.561584,0.218566,0.120701,0.502315,0.557915,-0.262838,0.326168,0.206795,0.258407,0.387958,0.148416,-0.257548,0.120701,0.103729,-0.221919,-0.196993,-0.662222,0.117312,0.632058,0.391125,0.021676,-0.29985,-0.39397,0.018676,-0.310069,0.452435,-0.101784,-0.258173,-0.289625,0.521136,0.606577,-0.500866,-0.275267,-0.197924,0.201443,0.0,-0.197924,0.09294,0.562905,-0.395901,#
10,-0.611728,-0.355819,0.401646,0.14608,-0.836839,-0.17154,0.455343,-0.074604,0.535246,0.060489,1.0,-0.138998,-0.39507,0.390557,-0.572367,0.066325,4.8e-05,0.217448,0.38564,0.307188,-0.35976,-0.188729,-0.248052,0.39392,0.401484,0.40727,0.187854,0.242041,-0.054443,-0.611581,0.546964,-0.032809,0.0,-0.292094,0.17641,-0.171305,0.345132,-0.083151,4.8e-05,0.066498,-0.305813,0.150312,0.211447,-0.132507,0.254225,-0.428803,-0.415311,-0.244143,-0.04484,0.1219,0.357173,0.064071,-0.407819,0.616662,-0.637476,0.207754,0.598366,-0.261172,-0.260323,0.359613,-0.202658,0.081535,-0.23984,0.197057,0.058527,-0.407286,0.307188,-0.006903,-0.524825,0.266018,-0.047776,0.556344,0.254225,0.535011,0.394098,-0.068988,0.421979,-0.100057,0.215545,0.322052,0.655154,0.322052,0.231519,0.133304,0.437745,0.254225,0.578027,-0.129316,-0.129316,-0.100132,0.655154,0.215545,0.268225,0.65622,0.049183,0.256888,0.238918,0.540783,-0.129316,0.507501,-0.180709,-0.195394,-0.434517,0.499287,0.562137,0.421979,0.123489,0.562137,-0.611416,0.672193,0.09298,0.0,0.421979,0.999618,0.399831,-0.431402,0.254225,0.180824,0.146082,0.378176,-0.129316,0.535011,0.394098,-0.100385,-0.23984,-0.400707,-0.100092,-0.349101,-0.320549,0.401198,0.602202,0.38432,0.215545,0.261494,0.782999,0.215545,0.401491,0.562137,-0.402552,0.322052,0.65622,0.507501,-0.129316,0.238453,0.578027,-0.320549,-0.142245,-0.168752,0.399831,0.421979,0.672193,0.357238,-0.407819,0.688166,0.597547,0.0,-0.369977,0.095626,0.322052,0.251775,0.443757,-0.407819,0.254225,0.38432,0.010696,-0.506812,-0.608592,0.204492,0.516624,0.09298,0.158271,-0.349101,0.254225,0.618395,-0.37219,-0.378796,-0.407819,0.144859,-0.257526,0.123825,-0.030046,-0.525771,-0.135714,0.011848,-0.553217,0.781953,-0.578795,0.090586,-0.079069,-0.390139,0.562137,-0.405007,-0.463325,-0.410197,0.306173,0.0,-0.410197,-0.244391,0.285925,0.065614,#
11,0.323372,-0.006416,-0.289734,-0.155216,0.23035,0.155043,-0.274935,-0.271191,-0.092736,0.728962,-0.138998,1.0,0.216815,0.47184,-0.362857,0.17004,5.1e-05,0.06115,-0.300748,-0.507751,-0.230419,0.159642,-0.491072,0.22791,0.323701,0.171719,0.158312,-0.392792,-0.454142,-0.198431,-0.13003,-0.022489,0.0,-0.11301,-0.345363,0.530621,-0.419836,-0.430865,5.1e-05,0.452358,0.478656,-0.115375,-0.110626,-0.187408,0.201398,0.132798,-0.239755,0.170207,0.185496,-0.375749,-0.194984,-0.391337,0.25813,-0.102155,0.355217,-0.42442,-0.344661,-0.229177,0.504459,-0.449743,-0.207338,0.373888,0.421669,-0.429724,0.371708,-0.344968,-0.507751,0.155623,-0.00221,0.085177,-0.052338,-0.370245,0.201398,-0.086518,-0.228249,-0.446865,-0.244835,0.057502,0.546407,0.02043,0.07643,0.02043,0.118662,-0.117503,0.202453,0.201398,-0.083702,0.345686,-0.244835,0.002341,0.07643,0.057267,0.103336,0.040158,0.433878,0.023048,0.08233,0.363353,0.345686,-0.208699,-0.259092,0.099193,0.205222,0.395539,0.341817,-0.244835,0.328969,-0.144777,-0.265492,0.057267,-0.039607,0.0,-0.244835,-0.128129,0.215704,0.199089,0.201398,-0.567236,-0.072135,-0.244673,0.345686,-0.086518,-0.228249,0.002072,0.421669,-0.247559,0.34316,0.17424,-0.219225,0.323372,-0.121215,0.199089,0.546407,0.371101,0.039811,0.101552,-0.240135,-0.100723,0.465844,0.02043,0.040158,0.294914,-0.244835,-0.304816,-0.083702,-0.219225,0.108445,-0.35434,-0.259294,-0.244835,-0.387588,0.021569,0.173032,-0.370478,0.173376,0.0,0.234837,-0.035092,0.02043,0.085716,0.470928,0.25813,0.201398,0.199089,0.225775,-0.385429,0.385211,0.094116,0.414109,-0.039607,-0.050272,-0.388663,0.201398,-0.103869,-0.074255,-0.340622,-0.507751,-0.09405,0.353543,0.148775,-0.236642,-0.32887,-0.00675,-0.215846,0.038848,0.126192,-0.383303,-0.369184,0.194322,0.226574,0.341817,-0.232095,0.189321,-0.306395,0.529133,0.0,-0.306395,-0.117503,0.357677,-0.652062,#
12,0.479635,-0.189467,-0.190598,-0.458217,0.211946,0.047276,-0.214896,-0.056732,0.230096,0.543749,-0.39507,0.216815,1.0,0.36624,-0.020653,-0.541651,0.0,0.407703,0.132863,0.358128,0.210869,0.019678,0.079038,-0.145306,-0.49871,0.172133,0.451811,0.000639,-0.206098,0.009026,-0.011005,0.637113,0.0,0.401419,-0.025772,-0.01288,-0.191795,-0.199465,0.0,0.218837,0.208345,0.403325,-0.230226,0.334525,0.306967,-0.013438,-0.214896,0.499297,-0.47944,-0.014106,-0.225182,-0.070231,0.358128,-0.341084,-0.048911,-0.395286,-0.475909,0.352139,0.326552,-0.230969,-0.386448,-0.253206,-0.429792,-0.078112,0.434025,0.053166,0.358128,-0.533475,0.287701,-0.307514,0.151036,-0.416995,-0.332547,0.226923,-0.274448,-0.603538,0.499662,-0.226437,0.012707,-0.181359,-0.814571,-0.181359,0.012707,0.028615,0.21458,-0.332547,0.040631,0.033968,-0.498566,-0.197672,-0.42295,-0.428401,-0.41033,0.012707,-0.183469,0.38302,0.435633,-0.390326,0.033968,-0.501819,0.294485,0.000895,-0.033507,-0.23445,0.040631,0.499662,-0.01824,-0.398181,-0.0515,0.012707,0.268122,0.0,0.499662,-0.390326,-0.140141,-0.208889,0.306967,0.003643,0.24119,-0.618061,0.499662,-0.183469,-0.274448,-0.277337,-0.429792,0.205648,0.003486,0.442808,-0.212499,-0.019185,0.015642,0.23445,0.012707,0.263352,-0.170315,0.012707,-0.028583,0.040631,0.190459,-0.181359,0.012707,0.139238,-0.498566,-0.253517,0.040631,-0.212499,0.84473,0.045634,-0.193906,0.499662,0.012707,-0.186766,0.281386,-0.373036,0.012215,0.0,0.158883,0.208122,-0.181359,-0.013086,0.036731,0.358128,-0.332547,0.23445,0.63326,0.215775,0.534438,0.379422,-0.23445,0.268122,0.048083,-0.025772,0.306967,0.015642,0.21021,0.019946,-0.332547,0.01495,0.418591,0.518669,0.221654,0.505371,-0.665263,0.190093,-0.201834,-0.285444,0.388153,-0.470579,-0.404493,0.588848,0.040631,-0.21256,-0.473168,0.019988,-0.192931,0.0,0.019988,0.393457,0.476246,-0.120306,#
13,0.147533,-0.454692,0.283243,-0.363928,-0.331285,0.346554,0.312611,0.117909,0.20987,0.663411,0.390557,0.47184,0.36624,1.0,-0.414916,-0.251829,-0.000155,0.298312,0.281129,0.1625,-0.294224,0.268896,-0.176436,0.361985,0.148105,0.282959,0.683339,-0.425899,-0.203265,-0.63903,0.416584,0.521305,0.0,-0.248608,-0.119328,0.245662,-0.179775,-0.204768,-0.000155,0.237145,0.2839,0.390006,0.027626,-0.313728,0.076974,-0.23654,-0.363846,0.343418,-0.199747,-0.177733,-0.024224,-0.206927,0.1625,-0.211965,-0.282347,-0.473999,-0.155987,-0.066574,-0.066357,-0.142094,-0.0894,0.131665,-0.210756,-0.210451,0.65836,-0.139982,0.1625,-0.266531,-0.19438,-0.263435,-0.312104,-0.175129,0.076974,0.209206,-0.0814,-0.628487,0.181346,-0.222534,0.268864,-0.226823,0.24092,-0.226823,0.294658,-0.282532,0.358715,0.076974,0.442554,0.181346,-0.708896,-0.254093,0.24092,-0.468539,0.291569,0.24307,0.209206,0.217276,0.296086,0.389372,0.181346,-0.350242,-0.072224,-0.405249,-0.221068,0.151173,0.416894,0.181346,0.337537,-0.316671,-0.740037,0.268864,0.265132,0.0,0.181346,0.389372,0.361873,-0.37926,0.076974,-0.273425,0.260992,-0.389432,0.181346,0.209206,-0.0814,-0.307111,-0.210756,-0.344657,0.17756,-0.184605,-0.125603,0.147533,0.413159,0.336825,0.268864,0.373899,0.523814,0.268864,0.148126,0.416894,-0.247085,-0.226823,0.24307,0.40898,-0.708896,-0.170733,0.442554,-0.125603,0.345762,-0.370435,-0.354212,0.181346,0.268864,0.496313,0.034211,0.294658,0.626332,0.0,0.332511,0.525215,-0.226823,0.265006,0.384016,0.1625,0.076974,0.336825,0.385333,-0.175253,0.242501,0.633502,0.179169,0.265132,0.463257,-0.184605,0.076974,0.439308,0.191283,-0.14931,-0.992106,0.396865,0.421856,0.648526,0.321357,-0.220118,-0.303109,0.336263,-0.232515,0.304575,-0.415879,-0.204129,-0.227917,0.36206,0.416894,-0.353417,-0.216098,-0.149383,0.512006,0.0,-0.149383,-0.282532,0.901357,-0.226624,#
14,0.601566,0.38776,0.000422,0.253193,0.399431,0.190902,-0.040996,0.582779,-0.533213,-0.608788,-0.572367,-0.362857,-0.020653,-0.414916,1.0,0.43007,2.4e-05,-0.658256,0.027923,-0.27176,-0.05249,0.551013,0.278033,-0.814539,-0.40755,-0.428996,-0.117909,-0.236933,0.528239,0.640601,-0.560973,0.089658,0.0,-0.118854,-0.154336,0.160934,-0.341644,0.067312,2.4e-05,-0.049392,-0.165933,-0.185055,0.436564,0.150605,-0.27176,0.391762,0.826462,-0.260838,0.036202,0.409845,-0.332433,-0.090397,0.440621,-0.614785,0.249558,0.223848,-0.045225,0.260112,-0.448649,-0.479313,0.292704,-0.134274,0.170142,0.340259,-0.187326,0.399774,-0.27176,0.481774,0.075385,-0.742034,0.026324,-0.561243,-0.27176,-0.533445,-0.387324,0.553122,-0.407433,0.090287,-0.665325,-0.780499,-0.245589,-0.780499,-0.251545,-0.565846,-0.412425,-0.27176,-0.585962,-0.407433,0.121495,-0.37669,-0.245589,-0.227205,0.177292,-0.665325,-0.533445,-0.283374,-0.665222,-0.582161,-0.407433,-0.501975,0.188439,-0.233427,0.390413,-0.533727,-0.997589,-0.407433,-0.198381,-0.561749,0.582612,-0.665325,-0.533455,0.0,-0.407433,-0.582161,-0.814635,-0.018273,-0.27176,0.264041,-0.113547,0.022261,-0.407433,-0.533445,-0.387324,0.531835,0.170142,-0.027323,0.110392,-0.194611,0.247748,-0.40764,-0.167603,-0.814635,-0.665325,-0.266559,-0.802781,-0.251545,0.116917,-0.585962,-0.163192,-0.780499,-0.665325,-0.953059,0.121495,-0.359728,-0.585962,0.247748,-0.260542,-0.238297,-0.389181,-0.407433,-0.251545,-0.395552,0.361468,-0.251545,-0.654453,0.0,0.36115,-0.072632,-0.780499,0.177292,-0.928078,-0.27176,-0.27176,-0.814635,-0.416884,0.513875,0.077674,-0.056715,-0.533727,-0.533455,-0.137042,0.328971,-0.27176,-0.167603,0.807363,0.375576,0.414237,-0.171362,-0.155943,-0.204981,-0.001948,0.499912,0.560373,0.403238,0.527995,-0.780636,0.597558,-0.129242,0.517948,0.002765,-0.997589,0.798745,0.421374,0.406266,-0.327775,0.0,0.406266,-0.189538,-0.32139,0.384972,#
15,0.249282,0.380171,-0.053921,0.591465,-0.01936,-0.061277,-0.044379,0.226571,-0.266372,-0.345563,0.066325,0.17004,-0.541651,-0.251829,0.43007,1.0,-5.9e-05,-0.702471,-0.050695,-0.664752,-0.548011,0.426782,-0.391528,-0.535288,0.249688,-0.047032,-0.253314,-0.121478,0.21859,0.29761,-0.486597,-0.352713,0.0,-0.446594,-0.279351,0.410332,-0.342561,-0.358113,-5.9e-05,0.359773,-0.247708,-0.473317,0.651221,0.046727,0.149895,0.288996,0.5115,-0.688724,0.354836,0.359959,-0.176599,-0.324679,0.215067,0.043689,0.147009,0.405735,0.403365,-0.212666,-0.244356,-0.557842,-0.057929,0.263676,0.560006,0.329424,-0.234007,-0.297051,-0.664752,0.968389,-0.407116,-0.290517,0.151425,-0.300449,0.149895,-0.259299,-0.1936,0.563804,-0.403394,0.224016,-0.133655,-0.371351,0.407076,-0.371351,-0.114,-0.454504,-0.011485,0.149895,-0.445806,-0.403394,0.249853,-0.392131,0.407076,0.407441,0.445546,-0.153311,-0.259299,-0.172966,-0.658628,0.067148,-0.403394,0.031665,-0.232235,-0.105973,0.351708,0.294388,-0.465359,-0.403394,0.027649,0.072921,0.226124,-0.133655,-0.791958,0.0,-0.403394,0.067148,-0.542069,-0.035704,0.149895,0.105336,-0.242223,0.50852,-0.403394,-0.259299,-0.1936,0.769714,0.560006,-0.548573,0.272084,-0.329093,-0.24459,0.249282,0.079939,-0.561156,-0.133655,0.133953,-0.3814,-0.133655,0.249701,-0.465359,0.026537,-0.371351,-0.153311,-0.525442,0.249853,-0.370924,-0.445806,-0.24459,-0.635708,-0.626737,-0.016617,-0.403394,-0.133655,-0.402356,0.117309,-0.114,-0.351092,0.0,0.007173,-0.412566,-0.371351,0.425305,-0.351806,-0.664752,0.149895,-0.561156,-0.535972,-0.298204,-0.395216,-0.193034,0.315721,-0.791958,-0.385256,-0.329093,0.149895,0.099864,0.308082,-0.279779,0.182481,-0.443845,-0.424802,-0.424067,-0.556101,-0.239616,0.748303,0.008402,0.193164,-0.089043,-0.097625,-0.316711,0.939299,-0.492265,-0.465359,0.490802,0.332443,-0.241141,0.189631,0.0,-0.241141,-0.454504,-0.321051,-0.020184,#
16,0.0,5e-05,-4.6e-05,-9.4e-05,4.7e-05,-4.6e-05,2.4e-05,0.0,2.6e-05,0.000118,4.8e-05,5.1e-05,0.0,-0.000155,2.4e-05,-5.9e-05,0.0,0.0,-2.5e-05,3.7e-05,2.5e-05,2.5e-05,9.3e-05,4.9e-05,-2.8e-05,2.5e-05,-0.000116,2.5e-05,-5.1e-05,-5.9e-05,-9.6e-05,5.1e-05,0.0,-9.6e-05,-0.000123,-2.4e-05,5.3e-05,0.0,0.0,-2.5e-05,5.6e-05,5e-05,0.000464,0.000102,0.0,0.0,2.4e-05,6.1e-05,0.0,5.8e-05,-7.7e-05,5.7e-05,-1.4e-05,9.8e-05,4.9e-05,2.5e-05,0.000113,0.000154,0.000154,-0.000726,-7.7e-05,0.0,8e-05,0.0,-6.3e-05,-0.000116,0.0,0.000476,0.0,5.2e-05,0.0,5.7e-05,-2.1e-05,3.8e-05,0.0,-0.000494,0.0,7.7e-05,1.8e-05,-3.8e-05,-3.6e-05,-3.8e-05,1.8e-05,0.0,0.0,1.5e-05,7.1e-05,0.0,0.0,-3.8e-05,-3.6e-05,1.8e-05,3.7e-05,1.8e-05,3.8e-05,1.8e-05,0.0,3.6e-05,0.0,-7.3e-05,0.000152,0.0,-4.4e-05,-1.9e-05,7.1e-05,0.0,3.6e-05,7.1e-05,0.0,1.8e-05,-3.7e-05,0.0,0.0,3.6e-05,3.5e-05,3.5e-05,1.5e-05,3.6e-05,0.0,-7e-05,0.0,3.8e-05,0.0,7.7e-05,8e-05,-3.4e-05,-4.6e-05,-0.000123,-0.000298,-2.2e-05,-3.6e-05,3.5e-05,1.8e-05,7.3e-05,-7.6e-05,1.8e-05,-1.5e-05,7.1e-05,0.0,-3.8e-05,1.8e-05,-7.3e-05,0.0,0.000285,7.1e-05,-0.000298,1.8e-05,2.1e-05,3.5e-05,0.0,1.8e-05,-7.6e-05,1.5e-05,1.8e-05,4.4e-05,0.0,-7.9e-05,-3.7e-05,-3.8e-05,3.7e-05,-3.9e-05,-1.4e-05,1.5e-05,3.5e-05,-7e-05,0.0,-4.5e-05,-4.6e-05,-1.9e-05,-3.7e-05,0.000154,-0.000123,1.5e-05,-3.6e-05,-4.3e-05,4.4e-05,-1.4e-05,7.8e-05,7.8e-05,-0.000416,0.000156,0.0,8.5e-05,0.000152,0.0,-3.7e-05,3.9e-05,8.7e-05,4.7e-05,7.5e-05,7.1e-05,7.5e-05,0.0,0.0,0.000172,0.0,0.0,0.0,-0.00011,-3.8e-05,#
17,-0.403699,-0.528445,0.058436,-0.659966,0.055591,-0.205795,0.062348,-0.403296,0.760539,0.440911,0.217448,0.06115,0.407703,0.298312,-0.658256,-0.702471,0.0,1.0,0.331416,0.457525,0.553626,-0.654484,0.330123,0.495057,-0.403609,-0.049212,0.41564,0.11768,-0.292966,-0.403602,0.652232,0.524169,0.0,0.217273,0.460948,-0.238753,0.524647,-0.262673,0.0,-0.189608,0.009039,0.65706,-0.602446,-0.136568,0.269132,-0.55555,-0.396762,0.682009,-0.153211,-0.141384,0.276056,-0.155476,-0.269132,0.293009,-0.581032,-0.306578,-0.155286,-0.383901,0.292132,0.427681,-0.323417,-0.066428,-0.381126,-0.615165,-0.133116,0.029521,0.457525,-0.723908,0.157986,0.438785,0.094902,0.457192,-0.269132,0.310876,0.31669,-0.773882,0.54875,-0.3754,0.129868,0.539106,-0.230733,0.539106,0.129868,0.662329,-0.022766,-0.269132,0.258385,0.66634,-0.403493,0.195855,-0.329619,-0.33422,-0.65887,0.551941,0.414502,0.129868,0.57597,0.228358,0.156786,0.145509,-0.328172,0.118582,-0.639248,0.281902,0.678261,0.54875,0.228358,0.216587,-0.403493,0.129868,0.88116,0.0,0.54875,0.228358,0.504456,-0.356086,0.269132,-0.19546,0.450653,-0.48793,0.54875,0.414502,0.31669,-0.879495,-0.381126,0.489564,-0.403467,0.460948,-0.223569,-0.0,0.240082,0.81974,0.129868,0.293657,0.553854,0.129868,-0.007914,0.678261,-0.100191,0.539106,0.551941,0.780637,-0.403493,0.270534,0.258385,-0.223569,0.593128,0.652065,-0.040802,0.54875,0.129868,0.207695,-0.269132,-0.194803,0.436945,0.0,-0.375582,0.37494,0.539106,0.11014,0.687239,0.457525,-0.269132,0.81974,0.837733,-0.277346,0.189861,0.299699,-0.176189,0.88116,-0.091885,0.066554,0.269132,-0.187806,-0.531244,0.039639,-0.269132,0.305133,0.305133,0.512281,0.471633,-0.149087,-0.79599,-0.378564,-0.301471,0.325093,-0.23082,0.027828,-0.733476,0.051375,0.678261,-0.791784,-0.544008,-0.023504,0.053052,0.0,-0.023504,0.246492,0.127112,-0.302542,#
18,0.032513,-0.649033,0.700245,-0.01101,-0.204237,-0.386314,0.658356,0.560286,0.594153,-0.057751,0.38564,-0.300748,0.132863,0.281129,0.027923,-0.050695,-2.5e-05,0.331416,1.0,0.346803,-0.145683,-0.017212,0.030465,-0.188481,-0.49571,0.168048,0.547708,-0.061334,0.268109,-0.495701,0.353949,0.685997,0.0,-0.504378,0.010422,0.002988,0.165508,-0.148879,-2.5e-05,-0.307865,-0.638355,0.792433,-0.10129,-0.051711,0.211333,-0.399367,0.230399,-0.072582,-0.564756,0.461443,-0.392806,-0.066792,-0.330547,0.026117,-0.788743,0.000268,-0.039349,-0.381908,-0.428301,0.125252,-0.155869,0.258534,-0.2766,0.028113,-0.139268,0.058345,0.346803,-0.207394,-0.320205,-0.382881,0.253289,0.006044,-0.330547,0.159141,-0.365702,-0.03862,0.42129,-0.695416,-0.482395,-0.277868,0.036502,-0.277868,-0.057487,-0.06251,-0.23587,-0.330547,-0.035193,-0.002321,-0.495567,-0.174201,-0.046457,-0.482395,-0.371643,0.358768,-0.214166,0.37511,-0.060637,-0.04791,-0.495567,-0.115012,-0.447957,-0.486988,-0.529265,0.148992,-0.05145,0.42129,0.379032,-0.05145,0.017409,-0.049797,0.229195,0.0,0.42129,0.38676,-0.174011,-0.578232,0.211333,-0.023728,0.2809,-0.252405,-0.10097,0.246076,-0.365702,-0.237288,-0.2766,0.224645,-0.495536,0.010422,-0.332784,-0.08941,0.402109,0.143391,-0.482395,0.389131,0.185311,-0.057487,0.441208,0.371246,-0.548445,-0.277868,0.358768,0.043352,-0.495567,0.248569,-0.035193,-0.332784,-0.049727,0.005845,-0.253362,0.42129,0.37511,0.289856,0.373897,0.048259,0.488572,0.0,-0.184473,0.404232,-0.277868,0.385701,-0.061615,-0.330547,-0.330547,0.143391,0.156408,-0.184342,-0.493279,0.494115,-0.294437,0.229195,-0.394536,0.151042,0.211333,-0.012085,0.255471,0.088497,-0.330547,0.4214,0.009712,0.5146,0.625768,-0.057113,-0.182833,0.225377,-0.189408,0.103172,0.013038,0.073771,0.082409,-0.185382,-0.05145,-0.17017,-0.457246,0.026152,-0.304892,0.0,0.026152,-0.046409,0.175283,-0.115614,#
19,-0.166667,-0.218168,0.352991,-0.407402,-0.332654,-0.272085,0.369206,-0.1665,0.546435,0.218566,0.307188,-0.507751,0.358128,0.1625,-0.27176,-0.664752,3.7e-05,0.457525,0.346803,1.0,0.367484,-0.270203,0.289102,0.338402,-0.16663,0.344037,0.233705,0.421988,0.249759,-0.166627,0.313356,0.286082,0.0,0.313157,0.196747,-0.271731,0.222154,0.218052,3.7e-05,-0.218064,-0.214579,0.276468,-0.282053,0.356246,-0.111111,-0.635199,-0.332806,0.338551,-0.648749,0.206392,0.153093,0.203368,-0.111111,0.331644,-0.41414,-0.26965,0.178257,0.157641,0.157129,0.361161,0.067821,-0.197911,-0.960085,0.230583,0.013913,0.202063,1.0,-0.69779,0.288603,0.103188,0.258163,0.203368,-0.111111,0.536868,0.160227,-0.245766,0.690124,-0.506676,-0.272023,0.241742,-0.272166,0.241742,-0.272023,0.291309,0.372035,-0.111111,0.29806,-0.166582,-0.166582,0.241742,-0.272166,-0.272023,-0.272014,0.437602,-0.218103,0.437602,0.427398,-0.408008,-0.166582,0.340957,0.17672,-0.271981,-0.664634,-0.218218,0.29806,0.690124,-0.408008,0.29806,-0.166582,0.437602,0.522634,0.0,0.690124,0.305016,0.35604,-0.333069,-0.111111,0.304586,0.565111,-0.333153,-0.166582,0.536868,0.160227,-0.508338,-0.960085,0.348215,-0.166571,0.196747,0.181305,-0.166667,0.311741,0.35604,-0.272023,0.205417,0.247993,-0.272023,-0.166627,0.29806,-0.021543,0.241742,0.437602,0.340957,-0.166582,0.141579,0.29806,0.181305,0.436991,0.41948,0.35604,0.690124,0.437602,0.247993,-0.111111,0.437602,0.20258,0.0,-0.331957,0.425166,0.241742,-0.272014,0.051743,-0.111111,-0.111111,0.35604,0.363653,0.198942,-0.165812,0.116631,-0.218218,0.522634,0.264263,0.196747,-0.111111,0.311741,-0.197674,0.202157,-0.111111,0.264069,0.264069,0.264368,0.332437,0.081704,-0.491047,0.324375,-0.476952,0.417374,0.396699,0.196262,-0.635602,0.316075,0.29806,-0.307757,-0.635642,0.153213,-0.490426,0.0,0.153213,0.291309,0.207471,0.433341,#
20,-0.116927,0.141018,-0.157037,-0.765647,0.591713,-0.040389,-0.153354,-0.492271,0.259923,0.055254,-0.35976,-0.230419,0.210869,-0.294224,-0.05249,-0.548011,2.5e-05,0.553626,-0.145683,0.367484,1.0,-0.463133,0.807539,0.278458,-0.492653,-0.560918,-0.016524,0.065109,0.193502,0.407836,0.137998,0.1858,0.0,0.471049,0.476305,-0.078497,0.328701,-0.101256,2.5e-05,-0.30429,0.144774,0.081479,-0.49341,0.010964,-0.328509,-0.480042,0.146969,0.777548,0.103219,-0.015999,0.374849,-0.301593,0.172606,0.069882,-0.062799,-0.349121,-0.041843,-0.252361,0.385823,0.157857,0.250435,-0.208978,-0.387341,-0.542252,-0.557589,0.538751,0.367484,-0.449957,0.679006,0.339555,0.154482,0.195223,-0.328509,-0.171929,0.377373,-0.391366,0.044123,-0.230647,-0.341972,0.351308,-0.39552,0.351308,-0.341972,0.522605,-0.260024,-0.328509,-0.303834,0.552138,0.044123,0.351308,-0.804679,-0.359752,-0.511265,0.043265,0.275758,-0.359752,0.089564,-0.336861,0.065589,0.178181,-0.187024,0.089564,-0.4991,-0.207769,0.097085,0.044123,-0.336861,0.079398,0.044123,-0.359752,0.722389,0.0,0.044123,-0.354726,0.287194,-0.104172,-0.328509,-0.027157,0.585976,-0.548211,0.065589,0.256842,0.377373,-0.713046,-0.387341,0.6995,-0.128242,0.476305,0.436927,-0.492763,-0.05768,0.287194,-0.341972,-0.019376,-0.107212,-0.341972,-0.492645,0.097085,0.188926,0.351308,0.043265,0.196487,0.044123,-0.07016,-0.303834,0.436927,0.386475,0.900658,-0.121439,0.044123,-0.359752,-0.107212,-0.328509,-0.359752,-0.365457,0.0,-0.259154,0.344822,0.351308,-0.096231,0.094642,0.395324,-0.328509,0.287194,0.580816,0.219324,0.438872,-0.162123,-0.645178,0.722389,-0.001495,0.476305,-0.328509,-0.46625,-0.294342,0.525333,0.367484,0.083302,0.376161,0.032832,0.287312,0.040943,-0.261687,-0.253746,0.208279,-0.063976,0.363659,0.162877,-0.609052,0.170686,0.097085,-0.236751,0.007963,0.487536,-0.230728,0.0,0.487536,0.125542,-0.459901,0.185858,#
