0,1.0,-0.318582,-0.264674,-0.344598,0.19988,0.37096,0.37096,0.37096,-0.085302,0.252767,0.078445,0.210966,0.52836,0.37096,-0.207696,0.440883,0.288961,-0.287758,0.177845,-0.216616,0.203897,-0.199441,0.22457,-0.750469,-0.512702,-0.983952,-0.288698,-0.300774,0.381114,0.23365,-0.167203,-0.168623,0.309168,-0.257438,0.015412,0.361609,0.371736,0.178239,-0.354143,0.060303,-0.217465,0.208123,-0.102104,-0.48991,-0.315829,-0.201256,-0.624108,-0.217853,0.375025,0.516272,0.494871,-0.319103,0.329352,0.417955,0.758881,0.18646,-0.538331,-0.53896,-0.181125,0.058918,0.524882,0.374477,0.020884,0.228667,-0.400531,0.446467,0.07732,0.772357,-0.291636,-0.004559,0.283428,-0.284958,-0.750469,-0.52853,-0.503441,0.464782,-0.092713,-0.508532,-0.083883,-0.402482,-0.268682,-0.682477,-0.583029,-0.338112,-0.071101,-0.575351,-0.85578,-0.137206,-0.083883,-0.045584,-0.392611,-0.265982,-0.512865,0.009692,-0.289668,-0.374416,-0.410976,-0.684338,-0.459039,-0.260582,0.23354,-0.508532,-0.388985,-0.274095,0.007862,-0.053449,-0.174115,0.156375,0.0,-0.137206,-0.45299,0.23365,-0.682477,-0.757889,0.344242,-0.213131,-0.274095,-0.582232,-0.548697,-0.387869,-0.508532,-0.276649,0.083042,-0.512865,-0.275142,-0.101454,-0.55868,0.532951,-0.143008,-0.508532,-0.246264,-0.700955,-0.246264,0.070909,-0.166383,-0.274095,0.178673,-0.512865,-0.1814,-0.388985,-0.274095,0.492523,-0.762797,0.106153,-0.137206,-0.167203,0.0,0.478711,-0.108656,-0.817926,0.019938,-0.075559,-0.567229,-0.762797,0.710385,-0.361893,0.135967,0.445892,-0.444007,-0.274095,-0.142079,-0.503441,-0.104019,-0.343141,0.211874,-0.205572,-0.508532,0.058731,-0.508532,0.23365,0.092598,0.2289,-0.762797,-0.251187,0.086325,-0.159465,0.348678,0.503422,0.357592,-0.512865,0.160087,0.08879,0.296163,0.007673,0.531001,-0.013769,-0.084539,0.036281,-0.110557,0.531001,-0.474813,0.131704,0.783737,-0.17865,-0.190751,-0.281665,0.198907,-0.52853,-0.393772,0.093634,#
1,-0.318582,1.0,0.306823,-0.129788,-0.471876,0.140233,0.140233,0.140233,-0.353036,-0.012901,-0.375688,0.057971,-0.266262,0.140233,0.531971,0.333853,-0.335465,0.396392,0.751821,0.254928,0.550442,-0.025331,-0.177701,0.223344,0.084233,0.306095,0.69776,-0.120848,0.09743,0.16999,-0.142483,0.329999,-0.3581,0.302079,-0.468713,-0.40194,-0.332522,0.161909,-0.104189,-0.0731,0.254918,0.320784,0.073744,0.044534,0.744001,-0.04375,0.251032,-0.415774,-0.177641,-0.139982,-0.102202,0.216587,0.254918,-0.534302,-0.23556,-0.191968,0.101633,-0.459567,-0.236015,0.239615,0.199515,-0.394895,-0.377878,-0.261532,0.758941,0.127283,-0.301894,-0.233623,-0.03951,-0.249195,-0.256908,0.368711,0.250863,0.034048,0.270724,-0.164011,-0.166812,0.16999,0.332526,0.414317,0.507529,0.014256,-0.147119,0.285414,-0.191365,-0.178184,-0.053608,-0.38329,0.332526,0.289632,-0.072804,0.021827,0.291859,-0.326948,0.05198,0.373637,0.273004,0.485718,0.708873,0.033189,-0.233623,0.16999,-0.068336,-0.311985,-0.322039,0.290919,0.161254,-0.096155,0.0,0.121531,0.194009,0.16999,0.014256,0.355558,0.292946,0.481795,-0.311985,0.371832,0.395049,-0.17517,0.16999,0.015939,-0.598703,0.291859,-0.333022,0.053214,0.069343,-0.300663,-0.368848,0.16999,0.467546,0.4887,0.467546,-0.242738,0.168406,-0.311985,0.234137,0.291859,0.196556,-0.068336,-0.311985,-0.448144,0.254985,0.185345,0.121531,-0.142483,0.0,-0.083132,-0.395809,-0.071203,0.03758,-0.092803,0.332215,0.254985,-0.224321,0.375219,0.234901,-0.248788,-0.334437,-0.311985,0.096665,0.270724,-0.176965,-0.255276,0.094255,0.252222,0.16999,0.456008,0.16999,-0.663922,0.273086,0.021684,0.254985,-0.00357,-0.059656,0.163807,0.201463,-0.285229,0.14863,0.291859,-0.068353,-0.061359,-0.308814,0.231241,0.226389,0.214704,0.581983,-0.343945,0.142494,0.226389,0.230319,-0.566017,-0.242603,0.182773,-0.223564,-0.420471,0.385357,0.034048,0.378911,-0.151786,#
2,-0.264674,0.306823,1.0,-0.079744,-0.489643,0.050296,0.050296,0.050296,-0.4731,0.482905,0.22134,-0.00229,-0.363586,0.050296,-0.084933,0.323887,-0.997132,0.399799,0.146157,0.25564,-0.048637,0.465075,-0.277209,0.220303,0.624594,0.292492,0.19771,-0.154263,0.042089,0.122899,0.767222,0.370503,-0.346647,-0.370739,0.093805,-0.429092,0.370434,0.775286,0.399035,-0.615303,0.208411,0.505855,0.066231,0.038748,0.107258,-0.41912,0.32871,0.510465,-0.315555,-0.199145,-0.162282,0.235854,0.232521,-0.331428,-0.261302,-0.379387,-0.421531,0.110941,-0.070334,-0.355068,0.243791,-0.433792,-0.235655,-0.369781,0.138397,0.083313,0.359058,-0.29021,-0.49962,0.719612,0.429582,0.447556,0.247341,0.588849,0.304271,-0.081159,-0.168422,0.154411,0.304518,0.398128,0.50134,0.05515,-0.147443,0.993027,-0.147443,-0.199724,-0.063069,0.157293,0.326709,0.343,-0.040717,0.047581,0.344517,0.243699,0.035269,0.399836,0.327089,0.031771,0.74759,0.092355,-0.313967,0.154411,-0.017704,-0.325338,0.299342,0.343953,-0.263981,0.580883,0.0,0.157293,0.899192,0.185924,0.05515,0.399759,0.394919,0.037449,-0.325338,-0.170075,0.71431,-0.224198,0.154411,0.043601,0.002338,0.344517,-0.113317,0.626511,0.588116,0.303116,0.230615,0.154411,0.502701,0.464645,0.502701,0.229447,-0.285774,-0.325338,-0.664914,0.344517,0.979595,-0.017704,-0.299687,0.31902,0.255251,-0.230256,0.157293,0.767222,0.0,-0.07745,0.20634,0.39682,0.103735,0.517447,0.305392,0.255251,-0.140712,0.434684,0.217217,-0.10956,0.29991,-0.299687,0.852324,0.304271,-0.217722,0.648588,0.746387,0.256119,0.154411,-0.110995,0.154411,0.185924,0.104924,0.541969,0.255251,0.003055,-0.08645,-0.295117,0.277456,-0.272391,0.102389,0.344517,0.45786,-0.12832,-0.990124,-0.272391,0.229543,0.289875,0.604703,0.295492,-0.354749,0.229543,0.295492,-0.002981,-0.239648,0.792433,-0.244366,-0.446885,0.37678,0.588849,0.422998,0.380346,#
3,-0.344598,-0.129788,-0.079744,1.0,0.372369,-0.998306,-0.998306,-0.998306,-0.190082,-0.816115,0.069957,-0.417785,-0.821075,-0.998306,-0.411313,-0.534401,0.107063,-0.230672,-0.449173,0.087626,-0.411313,-0.414886,-0.639616,0.014675,-0.190049,0.297902,-0.137157,0.541961,-0.600054,-0.272104,0.173903,0.10449,0.08725,0.107063,0.62942,-0.196655,-0.168267,0.038885,0.174707,0.548531,0.107465,-0.525335,-0.158402,0.402789,0.016636,0.874148,-0.197803,0.420848,0.301303,-0.460787,0.202218,0.437684,-0.40805,-0.468351,-0.615762,-0.567293,0.676686,0.659538,0.250706,-0.468139,-0.780513,0.053178,0.163838,-0.624641,0.088418,-0.720033,0.323127,-0.649995,0.592103,0.062315,-0.036565,-0.546582,0.592777,0.300605,0.381521,-0.374336,0.35531,0.401677,-0.05779,0.219181,0.049739,0.817984,0.785007,-0.018552,0.802882,0.337615,0.568844,0.260592,-0.05779,0.398492,0.181901,0.854224,0.805843,-0.365487,0.43788,0.638665,0.775961,0.453442,0.171023,0.817984,-0.142022,0.401677,0.995768,0.599427,0.555877,0.381521,0.702891,-0.044283,0.0,0.71946,0.121305,-0.272104,0.817984,0.65527,-0.14908,0.08732,0.599427,0.380911,-0.235317,0.553824,0.401677,0.871381,0.567245,0.805843,0.404619,0.300605,-0.13386,0.121952,0.581659,0.401677,0.467034,0.039622,0.467034,-0.330229,0.687765,0.599427,-0.272104,0.805843,-0.046407,0.995768,0.599427,0.018123,0.602516,0.550061,0.71946,0.173903,0.0,-0.685962,0.67112,0.24511,0.20869,0.350545,0.397717,0.602516,-0.060569,0.62172,-0.310122,-0.858896,0.542399,0.599427,-0.419444,0.381521,0.373276,0.419027,-0.213905,-0.40666,0.401677,-0.24674,0.401677,-0.272104,0.064524,0.032049,0.602516,0.439653,-0.655797,0.703911,0.16348,0.115174,-0.997564,0.805843,-0.756854,-0.674516,0.105771,0.115174,-0.778468,-0.299747,-0.13528,0.093691,0.656904,-0.778468,0.557682,0.270177,-0.60899,0.199894,0.543506,0.03446,-0.558785,0.300605,0.464039,-0.664177,#
4,0.19988,-0.471876,-0.489643,0.372369,1.0,-0.340449,-0.340449,-0.340449,0.043987,-0.592068,0.170151,-0.142083,-0.170173,-0.340449,-0.530156,-0.65293,0.524481,-0.805961,-0.641706,-0.498572,-0.530156,-0.582051,0.057678,-0.076685,-0.400682,-0.300073,-0.247653,-0.072571,0.022237,-0.332455,-0.435294,-0.551266,-0.024932,0.031904,0.335109,0.413456,-0.096447,-0.293615,0.022383,0.814317,-0.498553,-0.549819,-0.400727,-0.515042,-0.222773,0.519557,-0.235269,-0.183138,0.44414,0.341403,0.327398,-0.322138,-0.498553,0.097741,0.007542,-0.159923,0.41419,0.368524,0.31666,0.069442,-0.221575,0.006611,0.165452,-0.29681,-0.15748,-0.001558,0.614487,0.00269,0.623656,-0.405808,-0.48279,-0.453024,-0.076685,0.023916,-0.24025,0.319365,-0.264473,-0.332455,-0.650333,-0.371537,-0.563899,0.148197,0.1828,-0.446483,0.147248,-0.272233,-0.031613,0.019718,-0.178464,-0.231949,0.432894,0.174835,0.190649,-0.659701,-0.201157,0.009015,0.104087,0.200153,-0.626188,0.148197,0.00269,-0.332455,0.35049,-0.059088,0.204319,-0.24025,0.364716,-0.056972,0.0,-0.014085,-0.269365,-0.332455,0.148197,0.020986,0.187946,-0.192165,-0.059088,0.238165,-0.717761,0.543473,-0.332455,0.188242,0.776651,0.190649,0.368689,0.023916,-0.359291,-0.230916,0.30174,-0.332455,-0.187394,-0.569319,-0.187394,-0.692506,0.375862,-0.059088,0.389153,0.190649,-0.362708,0.35049,0.486338,-0.110501,0.003866,0.094513,-0.014085,-0.435294,0.0,0.162118,0.378524,0.018751,0.566058,0.119311,-0.18754,0.003866,0.008376,-0.0027,-0.208487,-0.283956,0.190552,0.486338,-0.515691,-0.24025,-0.256077,-0.183528,-0.06427,-0.487783,-0.332455,0.052283,-0.332455,0.33761,-0.160042,-0.190383,0.003866,-0.244015,0.051903,0.391327,0.007342,0.672069,-0.356171,0.190649,-0.483406,0.053384,0.551027,0.240476,-0.191083,0.070416,-0.834526,-0.25645,0.395371,-0.191083,-0.25645,0.491056,0.014103,-0.157758,0.177244,0.652733,-0.472098,0.023916,-0.516857,-0.372085,#
5,0.37096,0.140233,0.050296,-0.998306,-0.340449,1.0,1.0,1.0,0.190328,0.787031,-0.094525,0.436046,0.819145,1.0,0.415102,0.525239,-0.076884,0.205814,0.463456,-0.095584,0.430055,0.384684,0.632939,-0.044645,0.155153,-0.326998,0.141145,-0.555578,0.61595,0.267439,-0.217241,-0.13777,-0.095207,-0.076884,-0.632229,0.211983,0.139737,-0.044247,-0.187754,-0.513017,-0.115461,0.526037,0.123182,-0.439265,-0.001157,-0.848578,0.180921,-0.461012,-0.264563,0.470274,-0.169356,-0.461207,0.401054,0.464893,0.626365,0.565535,-0.66328,-0.680504,-0.254357,0.496077,0.790205,-0.059201,-0.160775,0.620204,-0.074335,0.738128,-0.314888,0.661645,-0.562299,-0.10485,0.011836,0.5343,-0.601591,-0.319259,-0.391493,0.377,-0.366156,-0.407649,0.047744,-0.232263,-0.06534,-0.834177,-0.796679,-0.011153,-0.796679,-0.365698,-0.598445,-0.280017,0.047744,-0.391827,-0.165932,-0.854777,-0.800607,0.325304,-0.454203,-0.636051,-0.768106,-0.440384,-0.194003,-0.818849,0.152687,-0.407649,-0.993847,-0.60834,-0.562698,-0.375145,-0.678202,0.037854,0.0,-0.722748,-0.148179,0.267439,-0.834177,-0.665444,0.177405,-0.070932,-0.60834,-0.360512,0.195502,-0.542567,-0.407649,-0.871772,-0.564492,-0.800607,-0.404596,-0.303743,0.09946,-0.126099,-0.588062,-0.407649,-0.467218,-0.070729,-0.467218,0.294005,-0.661572,-0.60834,0.319368,-0.800607,0.021354,-0.993847,-0.60834,-0.033437,-0.611474,-0.529487,-0.722748,-0.217241,0.0,0.692766,-0.674815,-0.271742,-0.179155,-0.349347,-0.408637,-0.611474,0.087735,-0.6193,0.322739,0.846893,-0.566094,-0.60834,0.384469,-0.391493,-0.384143,-0.460446,0.200943,0.381909,-0.407649,0.266824,-0.407649,0.267439,-0.078086,-0.029543,-0.611474,-0.455049,0.661908,-0.677309,-0.150412,-0.087077,0.998009,-0.800607,0.728751,0.680802,-0.072274,-0.103801,0.791925,0.31097,0.1181,-0.116521,-0.629045,0.791925,-0.581413,-0.277749,0.620263,-0.210558,-0.554742,-0.033714,0.5692,-0.319259,-0.494557,0.636709,#
6,0.37096,0.140233,0.050296,-0.998306,-0.340449,1.0,1.0,1.0,0.190328,0.787031,-0.094525,0.436046,0.819145,1.0,0.415102,0.525239,-0.076884,0.205814,0.463456,-0.095584,0.430055,0.384684,0.632939,-0.044645,0.155153,-0.326998,0.141145,-0.555578,0.61595,0.267439,-0.217241,-0.13777,-0.095207,-0.076884,-0.632229,0.211983,0.139737,-0.044247,-0.187754,-0.513017,-0.115461,0.526037,0.123182,-0.439265,-0.001157,-0.848578,0.180921,-0.461012,-0.264563,0.470274,-0.169356,-0.461207,0.401054,0.464893,0.626365,0.565535,-0.66328,-0.680504,-0.254357,0.496077,0.790205,-0.059201,-0.160775,0.620204,-0.074335,0.738128,-0.314888,0.661645,-0.562299,-0.10485,0.011836,0.5343,-0.601591,-0.319259,-0.391493,0.377,-0.366156,-0.407649,0.047744,-0.232263,-0.06534,-0.834177,-0.796679,-0.011153,-0.796679,-0.365698,-0.598445,-0.280017,0.047744,-0.391827,-0.165932,-0.854777,-0.800607,0.325304,-0.454203,-0.636051,-0.768106,-0.440384,-0.194003,-0.818849,0.152687,-0.407649,-0.993847,-0.60834,-0.562698,-0.375145,-0.678202,0.037854,0.0,-0.722748,-0.148179,0.267439,-0.834177,-0.665444,0.177405,-0.070932,-0.60834,-0.360512,0.195502,-0.542567,-0.407649,-0.871772,-0.564492,-0.800607,-0.404596,-0.303743,0.09946,-0.126099,-0.588062,-0.407649,-0.467218,-0.070729,-0.467218,0.294005,-0.661572,-0.60834,0.319368,-0.800607,0.021354,-0.993847,-0.60834,-0.033437,-0.611474,-0.529487,-0.722748,-0.217241,0.0,0.692766,-0.674815,-0.271742,-0.179155,-0.349347,-0.408637,-0.611474,0.087735,-0.6193,0.322739,0.846893,-0.566094,-0.60834,0.384469,-0.391493,-0.384143,-0.460446,0.200943,0.381909,-0.407649,0.266824,-0.407649,0.267439,-0.078086,-0.029543,-0.611474,-0.455049,0.661908,-0.677309,-0.150412,-0.087077,0.998009,-0.800607,0.728751,0.680802,-0.072274,-0.103801,0.791925,0.31097,0.1181,-0.116521,-0.629045,0.791925,-0.581413,-0.277749,0.620263,-0.210558,-0.554742,-0.033714,0.5692,-0.319259,-0.494557,0.636709,#
7,0.37096,0.140233,0.050296,-0.998306,-0.340449,1.0,1.0,1.0,0.190328,0.787031,-0.094525,0.436046,0.819145,1.0,0.415102,0.525239,-0.076884,0.205814,0.463456,-0.095584,0.430055,0.384684,0.632939,-0.044645,0.155153,-0.326998,0.141145,-0.555578,0.61595,0.267439,-0.217241,-0.13777,-0.095207,-0.076884,-0.632229,0.211983,0.139737,-0.044247,-0.187754,-0.513017,-0.115461,0.526037,0.123182,-0.439265,-0.001157,-0.848578,0.180921,-0.461012,-0.264563,0.470274,-0.169356,-0.461207,0.401054,0.464893,0.626365,0.565535,-0.66328,-0.680504,-0.254357,0.496077,0.790205,-0.059201,-0.160775,0.620204,-0.074335,0.738128,-0.314888,0.661645,-0.562299,-0.10485,0.011836,0.5343,-0.601591,-0.319259,-0.391493,0.377,-0.366156,-0.407649,0.047744,-0.232263,-0.06534,-0.834177,-0.796679,-0.011153,-0.796679,-0.365698,-0.598445,-0.280017,0.047744,-0.391827,-0.165932,-0.854777,-0.800607,0.325304,-0.454203,-0.636051,-0.768106,-0.440384,-0.194003,-0.818849,0.152687,-0.407649,-0.993847,-0.60834,-0.562698,-0.375145,-0.678202,0.037854,0.0,-0.722748,-0.148179,0.267439,-0.834177,-0.665444,0.177405,-0.070932,-0.60834,-0.360512,0.195502,-0.542567,-0.407649,-0.871772,-0.564492,-0.800607,-0.404596,-0.303743,0.09946,-0.126099,-0.588062,-0.407649,-0.467218,-0.070729,-0.467218,0.294005,-0.661572,-0.60834,0.319368,-0.800607,0.021354,-0.993847,-0.60834,-0.033437,-0.611474,-0.529487,-0.722748,-0.217241,0.0,0.692766,-0.674815,-0.271742,-0.179155,-0.349347,-0.408637,-0.611474,0.087735,-0.6193,0.322739,0.846893,-0.566094,-0.60834,0.384469,-0.391493,-0.384143,-0.460446,0.200943,0.381909,-0.407649,0.266824,-0.407649,0.267439,-0.078086,-0.029543,-0.611474,-0.455049,0.661908,-0.677309,-0.150412,-0.087077,0.998009,-0.800607,0.728751,0.680802,-0.072274,-0.103801,0.791925,0.31097,0.1181,-0.116521,-0.629045,0.791925,-0.581413,-0.277749,0.620263,-0.210558,-0.554742,-0.033714,0.5692,-0.319259,-0.494557,0.636709,#
8,-0.085302,-0.353036,-0.4731,-0.190082,0.043987,0.190328,0.190328,0.190328,1.0,-0.021499,-0.117391,0.045552,0.35888,0.190328,0.441073,-0.355691,0.425832,-0.235648,-0.100706,-0.11146,0.064987,0.378677,0.106101,-0.041059,-0.257875,0.159208,-0.146461,0.315617,0.211803,0.271664,-0.403478,-0.567026,-0.131037,0.445802,0.205578,0.19114,-0.40546,-0.487695,0.241152,-0.122538,0.407389,0.026157,-0.28224,0.18189,0.01054,0.015438,0.19323,-0.106988,0.21714,-0.234444,-0.198123,-0.16707,-0.11224,0.090155,0.115763,0.659157,0.162754,0.145575,0.232212,0.297523,-0.078803,0.408716,0.735999,0.499708,-0.062855,0.007322,-0.311742,0.130582,0.022835,-0.443155,-0.063507,0.004994,-0.018647,0.11808,0.064046,-0.307124,0.081951,0.271664,0.079712,-0.177885,-0.42003,-0.066759,0.047446,-0.437696,0.047446,0.498713,0.194126,0.134191,-0.398562,-0.337877,0.266363,-0.071661,-0.355691,0.323787,-0.043853,-0.201574,-0.267067,-0.014561,-0.573027,-0.452258,0.642609,0.271664,-0.215418,0.387688,-0.154796,-0.347126,-0.294714,-0.129276,0.0,-0.311209,-0.39641,-0.407495,-0.066759,-0.226511,-0.497972,-0.038992,0.387688,0.103175,-0.194924,0.474985,0.271664,-0.081997,-0.215418,-0.355691,0.095964,-0.272153,0.133723,-0.19373,-0.27542,0.271664,-0.438652,-0.03948,-0.438652,0.186647,-0.280857,0.387688,0.323907,-0.355691,-0.436237,-0.215418,-0.16514,-0.300601,-0.101874,-0.085635,-0.311209,-0.403478,0.0,-0.243787,-0.273924,0.189076,0.081616,-0.294768,0.062461,-0.101874,0.086287,-0.569214,0.336355,0.177526,-0.134701,-0.16514,-0.159989,0.064046,0.514641,-0.19842,-0.66121,-0.161843,0.271664,-0.147817,0.271664,0.271664,-0.613151,-0.07624,-0.101874,0.340648,0.232657,-0.268705,-0.60811,-0.120916,0.151765,-0.355691,0.125984,0.663896,0.39441,-0.575192,-0.104549,0.141554,-0.283078,-0.120322,-0.24611,-0.104549,-0.588017,-0.315627,0.065192,-0.351755,0.12965,0.331409,0.094128,0.11808,-0.499387,0.2263,#
9,0.252767,-0.012901,0.482905,-0.816115,-0.592068,0.787031,0.787031,0.787031,-0.021499,1.0,0.236977,0.190759,0.63689,0.787031,0.163059,0.664644,-0.49976,0.38013,0.283931,0.013377,0.177936,0.599549,0.479921,0.062328,0.420022,-0.185386,0.02877,-0.37774,0.39909,0.33842,0.397003,0.255584,0.013749,-0.49976,-0.367253,-0.0059,0.563179,0.281584,-0.009793,-0.814065,-0.006404,0.549876,0.387842,-0.102256,-0.207739,-0.975969,0.169986,0.119035,-0.4773,0.334268,-0.298861,-0.13238,0.507498,0.380279,0.492149,0.353671,-0.848132,-0.411577,-0.208989,0.006329,0.672294,0.023561,-0.187439,0.429957,-0.26323,0.491868,-0.173603,0.503088,-0.875624,0.501462,0.435723,0.501344,-0.4918,-0.053213,-0.247524,0.348094,-0.222831,-0.333253,0.188999,-0.054788,0.150954,-0.613946,-0.651285,0.418861,-0.651285,-0.222351,-0.418998,-0.015059,0.188999,-0.248083,-0.392434,-0.635093,-0.654496,0.652378,-0.236372,-0.456484,-0.627927,-0.619855,0.136291,-0.598696,-0.003296,-0.333253,-0.81247,-0.497318,-0.231605,-0.231258,-0.802696,0.284871,0.0,-0.45555,0.23909,0.33842,-0.613946,-0.48641,0.074078,-0.248786,-0.497318,-0.653117,0.512194,-0.645522,-0.333253,-0.652715,-0.385286,-0.654496,-0.391289,-0.037776,0.363455,0.201321,-0.323456,-0.333253,-0.248844,0.145736,-0.248844,0.609589,-0.808487,-0.497318,-0.333253,-0.654496,0.443422,-0.81247,-0.497318,0.353979,-0.49988,-0.567001,-0.45555,0.397003,0.0,0.526384,-0.407274,-0.094942,-0.353134,-0.138284,-0.265206,-0.49988,0.000345,-0.439346,0.21146,0.785735,-0.234108,-0.497318,0.758154,-0.247524,-0.240924,0.127696,0.513277,0.478999,-0.333253,-0.007609,-0.333253,0.33842,0.127131,0.173375,-0.49988,-0.23718,0.385966,-0.828138,-0.041706,-0.232621,0.806245,-0.654496,0.918534,0.396983,-0.523009,-0.249261,0.637199,0.177639,0.37509,0.213381,-0.807877,0.637199,-0.249159,-0.088927,0.495048,0.11259,-0.39146,-0.242887,0.45391,-0.053213,-0.063506,0.810048,#
10,0.078445,-0.375688,0.22134,0.069957,0.170151,-0.094525,-0.094525,-0.094525,-0.117391,0.236977,1.0,-0.647082,0.027562,-0.094525,-0.238874,-0.026181,-0.216548,-0.410058,-0.442958,-0.76255,-0.650158,-0.215961,0.206753,0.321177,-0.049619,-0.095426,-0.30884,0.054842,0.31739,0.234244,0.348867,0.306194,-0.237547,-0.762537,0.319173,0.296828,0.715802,0.019595,0.10993,0.029538,-0.216989,-0.235124,0.368829,0.091564,-0.039521,-0.213897,-0.413132,0.445774,0.036976,0.440211,-0.265519,0.528061,-0.216989,-0.135036,0.200645,0.187091,-0.141619,0.32585,-0.080296,-0.545775,0.083085,0.315077,0.110997,-0.357377,0.003371,-0.040353,0.410798,0.155063,-0.449503,0.386568,0.157505,-0.287429,-0.291569,0.333171,-0.091412,0.570444,-0.092586,-0.50848,-0.5588,0.084589,-0.224594,0.167838,-0.070934,0.198802,-0.110342,-0.100584,0.059016,0.350744,-0.035763,-0.083547,-0.309249,0.171924,-0.063583,0.010296,0.196603,0.062377,-0.148371,-0.219792,0.013989,-0.253741,0.155063,-0.50848,0.047237,-0.274381,0.016122,-0.541067,-0.539018,0.454527,0.0,0.313276,0.075712,0.234244,0.167838,0.040401,-0.131973,-0.701315,-0.274381,-0.492667,-0.018988,0.13123,-0.50848,0.165044,0.519608,-0.063583,-0.31217,-0.093585,-0.083565,0.020434,-0.171829,-0.50848,-0.238861,-0.230934,-0.238861,0.043882,-0.553103,-0.274381,-0.50848,-0.063583,0.264489,0.047237,0.330187,0.238629,-0.205677,0.09365,0.313276,0.348867,0.0,0.24717,0.329741,0.054358,0.071191,0.157045,-0.054514,-0.205677,-0.364227,0.06983,-0.343678,0.069727,0.485251,0.330187,0.191877,-0.091412,-0.103914,0.62704,0.471806,0.30184,-0.50848,-0.351035,-0.50848,0.234244,0.428989,0.192657,-0.205677,0.148315,0.074547,-0.110273,0.303059,0.50489,-0.093168,-0.063583,0.129889,0.076675,-0.263023,0.008096,0.016617,0.331719,-0.147272,-0.002404,-0.111004,0.016617,-0.002404,0.579901,0.177358,-0.034947,0.270599,0.229254,-0.376513,0.333171,0.152572,0.09408,#
11,0.210966,0.057971,-0.00229,-0.417785,-0.142083,0.436046,0.436046,0.436046,0.045552,0.190759,-0.647082,1.0,0.25965,0.436046,0.228987,0.204805,0.019882,0.461624,0.291799,0.484296,0.606757,0.203338,0.048191,-0.491468,0.382984,-0.177748,-0.281526,-0.369777,0.053677,-0.333028,-0.119998,-0.490503,0.002077,0.521381,-0.369337,0.061938,-0.442422,0.258503,0.00339,-0.344409,0.002471,0.438732,-0.419459,-0.476492,-0.114496,-0.20715,0.209697,-0.349268,0.153601,-0.243138,0.398965,-0.593651,0.002471,0.443615,0.018283,0.168013,-0.367845,-0.398661,-0.427806,0.636521,0.201639,-0.454438,-0.265067,0.610792,-0.1719,0.287331,-0.184159,0.067889,0.152382,-0.069454,0.041623,0.55082,0.071348,-0.387369,-0.216412,-0.365379,0.238867,0.322936,0.246762,-0.000367,0.194772,-0.584518,-0.198386,-0.015763,-0.198386,-0.189513,-0.388747,0.029415,-0.215177,0.187891,0.405282,-0.573023,-0.224624,0.25975,-0.181888,-0.394728,-0.143854,-0.201757,-0.236285,-0.197292,0.067889,0.322936,-0.394728,0.036965,-0.185492,0.196602,-0.002914,0.110454,0.0,-0.400774,-0.012942,0.322936,-0.584518,-0.387091,0.384504,0.226331,0.036965,0.218319,0.120586,-0.441942,0.322936,-0.5661,-0.394728,-0.224624,0.009426,0.004612,0.01648,0.224157,0.079254,0.322936,-0.197292,-0.187996,-0.197292,0.321399,0.010482,0.036965,0.373395,-0.224624,-0.007697,-0.394728,-0.496981,0.146992,-0.007569,-0.215888,-0.400774,-0.119998,0.0,0.121357,-0.006798,0.0,-0.073198,0.2701,-0.198386,-0.007569,0.546318,-0.035242,0.112315,0.351551,-0.221936,-0.496981,0.02155,-0.216412,-0.17,-0.425561,-0.13706,0.04298,0.322936,0.032657,0.322936,0.322936,-0.622757,0.202185,-0.007569,-0.568528,0.457602,-0.001094,-0.052026,-0.172904,0.456493,-0.224624,0.099696,0.060568,0.081356,-0.172904,0.266792,0.009191,0.035121,0.215437,0.026227,0.266792,-0.236285,-0.05354,0.058837,0.021787,-0.535773,-0.190633,0.5494,-0.387369,-0.493932,0.02353,#
12,0.52836,-0.266262,-0.363586,-0.821075,-0.170173,0.819145,0.819145,0.819145,0.35888,0.63689,0.027562,0.25965,1.0,0.819145,0.237309,0.427669,0.346261,0.052093,0.186124,-0.207441,0.253387,0.204417,0.764867,-0.151002,-0.089505,-0.486636,-0.144527,-0.32084,0.406538,0.217758,-0.277402,-0.089002,0.306036,-0.187332,-0.505458,0.387316,0.255239,-0.36175,-0.372671,-0.308277,-0.228809,0.156486,0.3195,-0.216769,-0.313962,-0.674853,-0.105192,-0.367047,-0.214095,0.553994,-0.136597,-0.39912,0.326552,0.717278,0.761013,0.694496,-0.54778,-0.566526,-0.183105,0.362429,0.530198,0.354072,-0.032725,0.785841,-0.398625,0.490579,-0.473358,0.800455,-0.465922,-0.118523,0.058177,0.165806,-0.749836,-0.598417,-0.557941,0.457456,-0.112325,-0.508103,-0.085194,-0.419841,-0.278635,-0.741806,-0.591819,-0.426852,-0.591819,-0.120145,-0.438181,-0.173933,-0.085194,-0.558081,-0.349025,-0.755793,-0.997894,0.442736,-0.315904,-0.854046,-0.957384,-0.682447,-0.526344,-0.725326,0.253218,-0.508103,-0.868843,-0.284816,-0.522511,-0.540363,-0.605777,-0.197828,0.0,-0.649961,-0.532271,0.217758,-0.741806,-0.884992,-0.204584,-0.283625,-0.284816,-0.524411,-0.096321,-0.513256,-0.508103,-0.770152,-0.407196,-0.997894,-0.315513,-0.581734,-0.14827,-0.056756,-0.53892,-0.508103,-0.710785,-0.284567,-0.710785,0.416291,-0.591341,-0.284816,0.273594,-0.997894,-0.384393,-0.868843,-0.284816,0.095331,-0.762154,-0.414184,-0.649961,-0.277402,0.0,0.667961,-0.609275,-0.461446,-0.439256,-0.577568,-0.575771,-0.762154,0.147156,-0.836489,0.035191,0.941605,-0.529278,-0.284816,0.050945,-0.557941,-0.123365,-0.475585,-0.086292,0.279699,-0.508103,0.116054,-0.508103,0.217758,0.025079,-0.284957,-0.762154,-0.321371,0.5222,-0.604637,-0.265879,0.017263,0.795679,-0.997894,0.566774,0.537106,0.322164,-0.000719,0.512151,-0.047039,-0.149803,-0.042509,-0.529521,0.512151,-0.542365,-0.077616,0.749009,-0.56856,-0.24717,0.138447,0.178153,-0.598417,-0.482379,0.514235,#
13,0.37096,0.140233,0.050296,-0.998306,-0.340449,1.0,1.0,1.0,0.190328,0.787031,-0.094525,0.436046,0.819145,1.0,0.415102,0.525239,-0.076884,0.205814,0.463456,-0.095584,0.430055,0.384684,0.632939,-0.044645,0.155153,-0.326998,0.141145,-0.555578,0.61595,0.267439,-0.217241,-0.13777,-0.095207,-0.076884,-0.632229,0.211983,0.139737,-0.044247,-0.187754,-0.513017,-0.115461,0.526037,0.123182,-0.439265,-0.001157,-0.848578,0.180921,-0.461012,-0.264563,0.470274,-0.169356,-0.461207,0.401054,0.464893,0.626365,0.565535,-0.66328,-0.680504,-0.254357,0.496077,0.790205,-0.059201,-0.160775,0.620204,-0.074335,0.738128,-0.314888,0.661645,-0.562299,-0.10485,0.011836,0.5343,-0.601591,-0.319259,-0.391493,0.377,-0.366156,-0.407649,0.047744,-0.232263,-0.06534,-0.834177,-0.796679,-0.011153,-0.796679,-0.365698,-0.598445,-0.280017,0.047744,-0.391827,-0.165932,-0.854777,-0.800607,0.325304,-0.454203,-0.636051,-0.768106,-0.440384,-0.194003,-0.818849,0.152687,-0.407649,-0.993847,-0.60834,-0.562698,-0.375145,-0.678202,0.037854,0.0,-0.722748,-0.148179,0.267439,-0.834177,-0.665444,0.177405,-0.070932,-0.60834,-0.360512,0.195502,-0.542567,-0.407649,-0.871772,-0.564492,-0.800607,-0.404596,-0.303743,0.09946,-0.126099,-0.588062,-0.407649,-0.467218,-0.070729,-0.467218,0.294005,-0.661572,-0.60834,0.319368,-0.800607,0.021354,-0.993847,-0.60834,-0.033437,-0.611474,-0.529487,-0.722748,-0.217241,0.0,0.692766,-0.674815,-0.271742,-0.179155,-0.349347,-0.408637,-0.611474,0.087735,-0.6193,0.322739,0.846893,-0.566094,-0.60834,0.384469,-0.391493,-0.384143,-0.460446,0.200943,0.381909,-0.407649,0.266824,-0.407649,0.267439,-0.078086,-0.029543,-0.611474,-0.455049,0.661908,-0.677309,-0.150412,-0.087077,0.998009,-0.800607,0.728751,0.680802,-0.072274,-0.103801,0.791925,0.31097,0.1181,-0.116521,-0.629045,0.791925,-0.581413,-0.277749,0.620263,-0.210558,-0.554742,-0.033714,0.5692,-0.319259,-0.494557,0.636709,#
14,-0.207696,0.531971,-0.084933,-0.411313,-0.530156,0.415102,0.415102,0.415102,0.441073,0.163059,-0.238874,0.228987,0.237309,0.415102,1.0,0.201075,0.027847,0.337831,0.658992,-0.009415,0.631486,0.158918,0.022825,0.057977,-0.02424,0.284767,0.138997,0.061934,0.435652,0.332743,-0.359596,-0.073889,-0.498995,0.536627,-0.373133,0.034706,-0.498193,-0.195457,-0.015966,-0.336904,0.498985,0.396184,-0.047537,0.198916,0.727666,-0.195165,0.087933,-0.411997,0.144843,-0.276812,-0.238496,0.249939,-0.010183,-0.278437,0.02925,0.668426,0.017244,-0.41718,-0.492314,0.446705,0.210361,0.002188,0.152793,0.375437,0.65267,0.154755,-0.642597,0.042305,-0.203413,-0.435082,-0.108344,0.374685,0.079938,-0.06208,0.193389,-0.351575,0.236001,0.332743,0.208287,0.360339,0.15102,-0.199979,-0.191261,-0.108831,-0.191261,0.243335,0.008262,-0.039167,-0.260358,0.185217,0.005363,-0.212288,-0.217832,0.17548,0.178576,-0.035271,-0.136297,0.184957,0.133175,-0.577716,0.544024,0.332743,-0.387978,0.045141,-0.672506,-0.209505,-0.392616,0.025468,0.0,-0.039167,-0.271354,0.307148,-0.199979,-0.060333,-0.188021,0.159507,0.045141,0.231521,0.243054,-0.03974,0.332743,-0.22603,-0.811226,-0.217832,-0.518773,-0.444456,-0.050886,-0.2674,-0.774876,0.332743,-0.231087,0.160137,-0.231087,0.261129,-0.37586,0.045141,0.383934,-0.217832,-0.167213,-0.387978,-0.496557,-0.485155,0.0,0.229689,-0.039167,-0.359596,0.0,-0.143474,-0.427387,-0.025785,-0.130432,-0.159229,0.191261,0.0,-0.026208,-0.037541,0.228707,0.160127,-0.259126,-0.496557,-0.081987,0.193389,0.243704,-0.288779,-0.427537,0.451617,0.332743,0.018052,0.332743,-0.332743,-0.21868,0.149831,0.0,0.187481,0.392057,0.002775,-0.062504,-0.225313,0.39642,-0.217832,0.036438,0.41925,0.02336,-0.241799,0.203332,0.423106,0.373913,-0.248724,0.029564,0.203332,-0.248724,-0.521069,-0.015709,-0.324642,-0.187522,-0.218226,0.486026,-0.06208,-0.066768,-0.052219,#
15,0.440883,0.333853,0.323887,-0.534401,-0.65293,0.525239,0.525239,0.525239,-0.355691,0.664644,-0.026181,0.204805,0.427669,0.525239,0.201075,1.0,-0.327248,0.415021,0.573256,0.22846,0.619982,0.211104,0.326423,-0.322036,0.089047,-0.422227,0.116297,-0.063827,0.094574,0.509175,0.348253,0.458764,0.22886,-0.327248,-0.344814,-0.349533,0.37293,0.459963,-0.115179,-0.533059,0.20703,0.364196,0.499336,-0.030149,-0.043836,-0.639076,-0.11084,-0.163858,-0.229468,0.235158,0.225925,0.087982,0.763564,0.104305,0.314249,0.090075,-0.800982,-0.800918,-0.437735,0.133629,0.43315,0.228041,-0.509218,0.200987,-0.082104,0.151928,-0.421424,0.34169,-0.722592,0.373949,0.300004,0.395499,-0.322036,-0.41421,-0.428354,0.217202,0.037744,-0.218218,0.483783,0.288423,0.589472,-0.651665,-0.426468,0.217761,-0.426468,-0.426867,-0.532225,0.026502,0.483783,0.010966,-0.533435,-0.262974,-0.428571,0.376155,0.169163,-0.146497,-0.411173,-0.653274,0.342289,-0.222273,-0.206701,-0.218218,-0.532014,-0.325649,-0.102632,0.029634,-0.349168,0.229713,0.0,0.026502,-0.046642,0.509175,-0.651665,-0.529958,0.309009,-0.200294,-0.325649,-0.427669,0.423069,-0.810475,-0.218218,-0.283465,-0.532014,-0.428571,-0.690716,0.020455,0.028406,0.383381,-0.302743,-0.218218,0.156602,0.166184,0.156602,0.482502,-0.354311,-0.325649,-0.218218,-0.428571,0.221919,-0.532014,-0.325649,0.515713,-0.327327,0.020209,0.026502,0.348253,0.0,0.282278,-0.384229,-0.529225,-0.365259,-0.210468,-0.008362,-0.327327,0.262301,-0.127008,0.040622,0.469979,-0.551611,-0.325649,0.349492,-0.428354,0.017758,-0.101568,0.417302,0.217594,-0.218218,0.341004,-0.218218,-0.218218,0.411938,0.167921,-0.327327,-0.258563,-0.091374,-0.375966,0.167759,-0.059346,0.533483,-0.428571,0.483246,-0.093982,-0.335611,-0.059346,0.42312,-0.165621,0.518059,-0.075137,-0.351067,0.42312,-0.075137,-0.146585,0.331084,0.140678,-0.071305,-0.648618,0.303798,-0.41421,0.250852,0.315348,#
16,0.288961,-0.335465,-0.997132,0.107063,0.524481,-0.076884,-0.076884,-0.076884,0.425832,-0.49976,-0.216548,0.019882,0.346261,-0.076884,0.027847,-0.327248,1.0,-0.403948,-0.179892,-0.249884,0.027847,-0.49944,0.271806,-0.2459,-0.611953,-0.322404,-0.234524,0.138914,-0.069898,-0.166627,-0.745701,-0.371421,0.37458,0.350562,-0.083434,0.438817,-0.351163,-0.750059,-0.407759,0.639025,-0.249875,-0.527858,-0.071894,-0.067032,-0.14733,0.437816,-0.353476,-0.495791,0.327377,0.209741,0.202579,-0.250893,-0.249875,0.357515,0.254524,0.341199,0.413814,-0.098772,0.060229,0.342121,-0.260157,0.415299,0.201595,0.35611,-0.174165,-0.094998,-0.321791,0.283644,0.525791,-0.691093,-0.423402,-0.463241,-0.2459,-0.609136,-0.327082,0.093901,0.182704,-0.166627,-0.325947,-0.40612,-0.497488,-0.055137,0.162633,-0.990437,0.162633,0.17256,0.050624,-0.142844,-0.325947,-0.326559,0.049061,-0.044468,-0.327248,-0.258041,-0.03348,-0.406235,-0.313964,-0.049129,-0.758596,-0.055137,0.283644,-0.166627,0.043983,0.327556,-0.270237,-0.327082,0.294682,-0.569463,0.0,-0.142844,-0.890374,-0.166627,-0.055137,-0.404665,-0.365496,-0.051138,0.327556,0.165988,-0.7318,0.204696,-0.166627,-0.038898,0.043983,-0.327248,0.132744,-0.609136,-0.609289,-0.273062,-0.181794,-0.166627,-0.497598,-0.497817,-0.497598,-0.236114,0.315713,0.327556,0.650171,-0.327248,-0.972513,0.043983,0.327556,-0.277495,-0.24994,0.234189,-0.142844,-0.745701,0.0,0.090318,-0.156714,-0.404106,-0.10269,-0.482127,-0.325642,-0.24994,0.16247,-0.40732,-0.255705,0.101975,-0.275018,0.327556,-0.865288,-0.327082,0.193029,-0.637779,-0.721825,-0.271174,-0.166627,0.100439,-0.166627,-0.166627,-0.098575,-0.537127,-0.24994,-0.039064,0.077185,0.324633,-0.248659,0.29981,-0.126772,-0.327248,-0.482317,0.079388,0.996072,0.29981,-0.242811,-0.315418,-0.627744,-0.271114,0.384243,-0.242811,-0.271114,0.057376,0.23777,-0.780148,0.243917,0.449015,-0.401114,-0.609136,-0.423826,-0.406718,#
17,-0.287758,0.396392,0.399799,-0.230672,-0.805961,0.205814,0.205814,0.205814,-0.235648,0.38013,-0.410058,0.461624,0.052093,0.205814,0.337831,0.415021,-0.403948,1.0,0.497532,0.677723,0.447517,0.391326,-0.141823,0.069381,0.657309,0.369136,0.062552,-0.181521,-0.230586,-0.269363,0.365811,0.441641,0.157691,0.136889,-0.524098,-0.225631,-0.071753,0.227311,-0.217895,-0.657996,0.137311,0.460354,0.238974,0.363129,0.076354,-0.322249,0.258937,0.17106,-0.46819,-0.438553,-0.263644,0.086128,0.158128,0.182567,-0.139918,-0.015349,-0.228943,-0.216017,-0.409755,-0.001664,0.068692,-0.419519,-0.37903,0.418448,0.026384,-0.002393,-0.520196,-0.127337,-0.195688,0.396168,0.408709,0.439424,0.209449,-0.211938,0.285487,-0.438724,0.433214,0.438055,0.459853,0.218444,0.494564,-0.041004,-0.038473,0.385668,-0.038473,0.333181,0.131549,-0.105079,-0.038321,0.378598,-0.213786,-0.350647,-0.065905,0.569844,0.071383,-0.206789,0.014043,-0.049902,0.525566,0.071427,-0.14785,0.438055,-0.206789,0.173856,-0.260532,0.405405,-0.071589,-0.124885,0.0,-0.105079,0.336721,0.438055,-0.041004,0.072685,-0.159172,0.389588,0.173856,-0.047991,0.628804,-0.645087,0.438055,-0.344066,-0.656706,-0.065905,-0.022448,-0.098126,0.238874,0.199231,-0.027232,0.438055,0.071427,0.40692,0.071427,0.639919,-0.080688,0.173856,-0.269363,-0.065905,0.285662,-0.206789,-0.401974,0.047373,0.126519,-0.214681,-0.105079,0.365811,0.0,-0.097375,-0.130893,0.106086,-0.688698,0.090535,-0.038473,0.126519,0.031857,0.18148,-0.036685,0.262022,0.03714,-0.401974,0.342932,0.285487,-0.007971,0.088901,-0.046616,0.555533,0.438055,-0.202167,0.438055,-0.269363,0.007705,0.061466,0.126519,-0.013384,0.116539,-0.11398,0.077885,-0.759071,0.238235,-0.065905,0.236162,-0.322399,-0.396336,0.064609,0.077009,-0.213112,0.682421,0.525566,-0.113472,0.077009,0.525566,-0.283888,-0.115912,0.062289,-0.406677,-0.502687,0.426534,-0.211938,0.42874,0.134511,#
18,0.177845,0.751821,0.146157,-0.449173,-0.641706,0.463456,0.463456,0.463456,-0.100706,0.283931,-0.442958,0.291799,0.186124,0.463456,0.658992,0.573256,-0.179892,0.497532,1.0,0.299338,0.761214,0.163409,-0.158627,-0.225801,-0.123133,-0.098823,0.463034,-0.279882,0.372047,0.301749,-0.220347,0.227053,-0.157275,0.295065,-0.502589,-0.107813,-0.190543,0.175654,-0.368785,-0.34968,0.316699,0.692187,-0.038112,0.027384,0.580737,-0.254293,-0.049996,-0.378038,-0.026169,-0.097461,-0.063978,0.053761,0.429871,-0.183727,0.294365,0.16363,-0.218823,-0.716902,-0.368224,0.213767,0.557752,-0.146705,-0.09777,0.196876,0.479324,0.440332,-0.507724,0.301265,-0.324443,-0.205561,0.19522,0.222009,-0.200419,-0.256017,0.225271,-0.155693,-0.015587,0.12425,0.445593,0.096209,0.258456,-0.358309,-0.542782,0.094211,-0.11427,-0.141201,-0.450316,-0.501192,0.008102,0.350543,-0.394641,-0.262347,-0.162681,0.055862,-0.174792,0.001882,-0.020358,0.051305,0.425325,-0.253528,0.189749,0.12425,-0.421453,-0.235988,-0.446962,0.337029,-0.116168,-0.089841,0.0,-0.093771,-0.061967,0.301749,-0.358309,-0.112416,0.173588,0.525632,-0.235988,-0.088751,0.15474,-0.432831,0.12425,-0.275417,-0.816566,-0.162681,-0.404334,-0.14995,-0.173709,0.115829,-0.559783,0.12425,0.162513,0.142453,0.162513,0.139545,-0.105531,-0.235988,0.272166,-0.162681,0.081622,-0.421453,-0.741676,-0.236566,-0.279561,0.14301,-0.093771,-0.220347,0.0,0.057544,-0.568852,-0.47904,-0.205771,-0.166915,-0.083662,-0.279561,0.285265,0.012397,0.485486,0.176376,-0.547393,-0.741676,0.113999,0.225271,-0.028167,-0.401513,-0.032096,0.306585,0.12425,0.204717,0.12425,-0.496998,0.120742,0.231223,-0.279561,0.113231,0.108369,-0.099228,0.305821,-0.333331,0.4623,-0.162681,0.180457,0.111462,-0.165892,0.02871,0.570701,0.222283,0.748928,-0.033048,-0.085667,0.570701,-0.033048,-0.7244,0.291091,-0.038852,-0.487505,-0.702062,0.735009,-0.256017,0.161927,0.066174,#
19,-0.216616,0.254928,0.25564,0.087626,-0.498572,-0.095584,-0.095584,-0.095584,-0.11146,0.013377,-0.76255,0.484296,-0.207441,-0.095584,-0.009415,0.22846,-0.249884,0.677723,0.299338,1.0,0.479449,0.511714,-0.362124,-0.245905,0.388732,0.259073,0.218225,0.140195,-0.610555,-0.16663,0.321033,0.09579,0.399094,0.375058,-0.08221,-0.610437,-0.325563,0.366107,0.10213,-0.40704,0.375541,0.295055,-0.092243,0.257145,-0.211136,0.05118,0.484737,0.131988,-0.304395,-0.638401,0.172515,-0.245696,0.399595,0.077574,-0.383378,-0.440801,-0.098894,-0.098386,0.124775,0.102038,-0.219554,-0.260748,-0.196038,0.212926,-0.236634,-0.233636,-0.321797,-0.355358,0.126177,0.266427,0.289365,0.343953,0.455447,-0.091947,0.217864,-0.668892,0.261397,0.650799,0.814267,0.129123,0.538397,0.013319,0.238182,0.274043,0.238182,0.249692,0.121335,-0.071019,0.238622,0.227979,0.106498,0.025407,0.207878,0.384533,0.038157,0.113641,0.288728,0.007465,0.356391,0.514419,-0.379061,0.650799,0.113641,0.416714,0.355238,0.752337,0.444471,-0.215847,0.0,-0.071019,0.355484,-0.16663,0.013319,0.120818,0.056485,0.560893,0.416714,0.227979,0.421324,-0.302067,0.650799,0.031585,-0.406242,0.207878,0.337206,0.415307,0.42536,0.345023,0.49163,0.650799,0.514419,0.526557,0.514419,0.334287,0.435101,0.416714,-0.16663,0.207878,0.187875,0.113641,-0.248663,0.198186,0.363127,-0.172947,-0.071019,0.321033,0.0,-0.447207,-0.086826,0.144871,-0.284756,0.050033,0.238182,0.363127,0.310864,0.106498,0.252582,-0.114035,-0.200272,-0.248663,0.231775,0.217864,0.273249,-0.053558,-0.15865,-0.228108,0.650799,0.12039,0.650799,-0.16663,-0.256943,0.004666,0.363127,0.031721,-0.384874,-0.076478,-0.248663,-0.736981,-0.072267,0.207878,0.103621,-0.39586,-0.228108,-0.190219,-0.185065,-0.53832,0.451142,0.356391,-0.105958,-0.185065,0.356391,-0.431735,-0.345857,0.418984,-0.116628,-0.49528,0.29865,-0.091947,0.301362,0.119005,#
20,0.203897,0.550442,-0.048637,-0.411313,-0.530156,0.430055,0.430055,0.430055,0.064987,0.177936,-0.650158,0.606757,0.253387,0.430055,0.631486,0.619982,0.027847,0.447517,0.761214,0.479449,1.0,0.174141,0.041233,-0.491048,-0.03902,-0.170423,0.156636,0.061934,0.057482,0.332743,-0.183816,-0.093967,-0.009784,0.536627,-0.373133,-0.345846,-0.478548,0.233177,-0.015966,-0.336904,0.498985,0.415719,-0.062581,-0.088407,0.308503,-0.195165,0.105661,-0.569248,0.144843,-0.252185,0.399457,-0.127612,0.479401,-0.056953,0.011415,0.228209,-0.354395,-0.803458,-0.467942,0.642628,0.194616,0.020426,-0.263915,0.394246,0.242289,0.084412,-0.642597,0.060859,-0.15256,-0.249377,-0.038892,0.508502,0.079938,-0.444456,-0.209505,-0.37546,0.236001,0.332743,0.633873,0.360339,0.537666,-0.577716,-0.191261,-0.108831,-0.191261,-0.182251,-0.381905,-0.039167,0.165228,0.185217,0.005363,-0.212288,-0.217832,0.17548,0.178576,-0.035271,-0.136297,-0.189361,0.133175,-0.199979,0.080156,0.332743,-0.387978,0.045141,-0.25768,0.193389,-0.0,0.025468,0.0,-0.039167,-0.271354,0.307148,-0.577716,-0.380278,0.293357,0.22906,0.045141,0.231521,0.243054,-0.448825,0.332743,-0.22603,-0.811226,-0.217832,-0.498851,-0.06208,-0.050886,0.154177,-0.346855,0.332743,0.146651,0.160137,0.146651,0.285952,0.013751,0.045141,0.383934,-0.217832,-0.145993,-0.387978,-0.496557,0.039504,0.0,0.229689,-0.039167,-0.183816,0.0,-0.112817,-0.427387,-0.360034,-0.130432,-0.159229,0.191261,0.0,0.458076,-0.037541,0.254233,0.182002,-0.671593,-0.496557,-0.081987,-0.209505,0.243704,-0.538959,-0.227754,-0.002595,0.332743,0.416259,0.332743,-0.332743,-0.18744,0.149831,0.0,-0.203105,0.029041,0.002775,-0.062504,-0.197836,0.422639,-0.217832,0.064043,0.045872,0.055803,-0.214322,0.23111,-0.072266,0.399808,-0.248724,0.029564,0.23111,-0.248724,-0.494753,0.017017,-0.008059,-0.154508,-0.56859,0.517102,-0.444456,-0.066768,-0.052219,#
