0,1.0,0.22538,-0.450657,0.207513,-0.402245,0.016586,0.014169,-0.622898,0.22538,0.501175,0.187475,0.647268,0.495713,0.419309,0.02929,-0.014914,-0.192992,-0.508606,-0.018625,-0.478779,-0.22052,-0.303762,-0.486264,0.419309,0.313189,0.258206,-0.00334,0.338045,0.430136,-0.000335,-0.085503,0.243557,0.22538,-0.181528,0.01634,-0.209037,0.121727,0.241837,0.634418,-0.412215,0.4055,-0.249897,0.340582,0.425639,0.0,-0.208792,0.085752,0.612731,-0.616773,-0.505162,-0.013548,-0.667883,-0.213296,-0.078163,-0.435335,-0.183689,0.199422,0.423792,0.378396,-0.491815,-0.011075,-0.005171,-0.674574,0.401064,-0.068097,0.345049,0.525671,-0.270394,-0.163663,-0.537655,0.121727,-0.187709,-0.231066,-0.231066,0.469544,0.134226,-0.213542,0.188587,-0.414328,0.179908,-0.333074,-0.009561,0.396667,-0.424727,-0.499356,-0.0179,0.183631,-0.21238,0.0,0.231259,-0.231255,-0.6068,-0.009561,-0.520919,-0.6068,0.160707,-0.046701,-0.051029,-0.037052,-0.231066,0.21631,-0.050577,-0.213542,-0.235557,0.18014,-0.009561,-0.029478,-0.333074,-0.431121,0.182821,0.391429,-0.204466,0.39682,-0.231066,0.203929,0.339748,-0.001065,-0.408522,0.196354,0.197372,-0.014914,0.338045,-0.231981,0.0,-0.25084,0.081577,-0.815306,0.064953,-0.534075,-0.333074,-0.231322,-0.424727,-0.408522,0.312205,-0.602185,-0.422042,0.012133,-0.653811,0.380285,-0.602185,0.313189,-0.213542,0.313189,0.027932,-0.213542,0.024884,0.0,0.070742,-0.051029,-0.333074,0.183631,0.183631,-0.49705,-0.333074,-0.04873,-0.653798,0.141833,-0.008453,0.174027,-0.020914,0.005135,-0.03119,0.0,-0.391398,-0.385679,0.587846,-0.010647,0.048342,-0.437916,-0.333074,0.21205,-0.380586,0.0,0.285316,0.381093,-0.213542,-0.653811,0.197222,-0.034198,-0.602185,0.171996,-0.007856,-0.351817,-0.031656,0.176553,-0.548835,0.371412,-0.034672,-0.406059,0.161794,-0.666995,0.527858,0.182302,-0.050233,0.172887,0.348071,0.034238,-0.684196,-0.033018,-0.226783,#
1,0.22538,1.0,-0.144399,-0.551624,-0.554549,0.367994,0.209997,-0.381447,0.545421,0.226069,0.227302,0.434,0.236503,0.794465,0.081403,-0.208944,0.415149,0.300343,0.52133,0.054925,0.433759,0.481896,0.236503,-0.093278,-0.508857,-0.03087,-0.291188,0.201837,-0.116632,-0.33392,0.123844,-0.20621,0.053749,0.414051,0.206415,-0.019065,0.143738,0.043609,-0.147134,-0.819502,0.080165,-0.292809,-0.158584,-0.375203,0.0,-0.230265,-0.327821,0.190753,-0.20062,-0.325451,-0.502916,-0.560247,0.205226,0.045226,-0.196137,0.144244,0.083899,0.068383,-0.128556,-0.188959,0.245021,-0.181275,-0.404298,-0.254274,-0.423038,0.312077,0.302103,-0.143438,-0.556993,0.05922,0.143738,-0.389163,-0.515507,-0.050248,-0.224668,0.508866,-0.208395,-0.217741,-0.328292,0.217652,-0.508858,-0.357872,0.058319,-0.085061,-0.214926,-0.085842,0.020508,0.236165,0.0,-0.078119,0.415151,-0.198351,-0.340973,-0.307611,-0.198351,0.203166,-0.393162,0.229797,-0.319775,-0.050248,-0.411594,-0.340268,-0.224858,0.656367,0.065262,-0.357872,0.366644,0.230265,0.106368,-0.561652,0.529476,-0.081082,-0.54191,-0.050248,0.051258,0.327145,-0.762897,-0.798254,-0.223698,-0.287389,-0.208944,0.201837,-0.42527,0.0,-0.404298,-0.435395,-0.315126,0.249235,-0.399188,-0.508858,-0.434742,-0.085061,-0.78036,-0.37526,-0.636419,0.546108,0.302683,-0.013372,0.119499,-0.636419,-0.508857,-0.207427,-0.508857,-0.289645,-0.208395,-0.053429,0.0,0.091395,0.229797,0.230265,0.038761,0.020508,0.343627,0.201837,0.201542,-0.51595,0.591768,0.763777,-0.218721,0.087342,0.500179,-0.083769,0.0,-0.187138,0.525544,0.660011,0.32452,0.544545,0.077287,0.201837,0.248261,-0.950949,0.0,-0.241865,-0.042205,-0.224858,-0.032323,0.441548,0.758857,-0.618988,0.659968,-0.352843,0.068359,-0.049291,0.235611,0.075792,0.354755,-0.308114,-0.777445,0.676317,-0.413255,0.355138,-0.395141,0.217285,0.059497,0.522904,-0.296254,0.091922,-0.09391,0.223031,#
2,-0.450657,-0.144399,1.0,0.071838,0.150375,-0.296736,0.062998,-0.193269,-0.161371,0.054928,-0.398971,-0.374242,-0.493102,0.117892,0.212118,-0.091544,0.047143,0.299439,-0.142104,0.692845,0.09474,-0.002943,0.090396,0.118529,-0.405978,0.018399,0.096749,0.257385,0.111813,-0.192276,-0.305728,-0.291883,-0.161371,0.502592,0.107038,-0.357326,0.078472,-0.117931,-0.402201,0.297103,-0.174237,-0.310142,-0.356743,-0.501948,0.0,0.039802,-0.750139,-0.480356,0.068927,0.090396,-0.641093,0.411595,0.464898,0.313148,0.040081,-0.531913,-0.049637,0.201551,-0.330155,-0.295129,-0.399398,-0.105722,-0.025968,-0.247682,-0.167167,-0.325438,0.322167,-0.424368,-0.528768,0.825863,0.078472,-0.226564,-0.32831,0.123334,-0.608657,-0.098181,-0.36282,0.003566,-0.145757,0.034415,0.310454,-0.173514,0.177973,0.183053,0.465444,0.223348,0.322406,-0.033999,0.0,0.490622,0.098374,0.045861,-0.133615,0.156613,0.030663,0.029467,-0.207983,-0.364297,0.175246,0.123334,-0.575261,-0.437358,0.428985,0.029467,-0.529131,0.244962,0.231148,0.28392,0.301562,-0.33531,0.19528,0.523878,-0.236402,0.123334,0.331852,0.197336,-0.086951,0.293211,-0.393226,0.033217,-0.071643,0.257385,-0.054346,0.0,-0.461559,0.505095,0.27651,0.065822,0.172745,0.310454,0.295347,0.183053,-0.15774,0.339507,0.459717,-0.121052,0.368039,0.114098,-0.484663,0.459717,-0.405978,-0.010304,-0.405978,-0.420721,0.060199,0.084454,0.0,-0.413954,-0.345003,0.28392,-0.555517,0.339444,-0.044278,0.310454,0.05282,0.59237,0.360225,0.192892,-0.352995,-0.549265,-0.014922,-0.307895,0.0,-0.184976,0.39871,-0.044466,-0.125596,-0.440495,0.652497,0.310454,-0.074598,0.196512,0.0,0.39871,-0.711942,0.444351,0.575013,-0.425654,0.056548,0.020428,-0.434816,0.216015,0.624892,-0.262003,-0.462831,-0.082822,0.121356,-0.448748,-0.162777,-0.399269,0.393038,-0.194411,-0.573007,0.054486,-0.6173,-0.137935,-0.025764,-0.011546,0.214732,0.447896,#
3,0.207513,-0.551624,0.071838,1.0,0.106429,-0.36465,-0.25975,-0.172334,-0.086692,0.302651,-0.247782,0.017395,0.309024,-0.381427,-0.093409,0.239032,-0.428181,0.060367,-0.528646,0.276441,0.023257,-0.985036,-0.77583,0.054758,0.536774,0.02853,0.292246,0.48086,0.534591,-0.093036,0.325944,0.194241,0.415434,-0.42799,-0.238082,0.035217,-0.384056,-0.060364,0.570072,0.373434,0.365884,0.281759,0.258818,0.360348,0.0,0.218064,-0.142889,-0.262405,-0.224466,-0.201928,0.094743,0.442591,-0.244808,0.419186,0.202019,-0.471107,-0.02451,-0.1145,0.222659,-0.357254,-0.75909,-0.375123,-0.042805,0.241891,0.400681,-0.346068,0.165903,0.186797,0.011784,-0.118127,-0.384056,-0.303872,0.065888,0.065888,0.255077,-0.518144,-0.190849,0.649629,-0.065361,0.191239,-0.218064,0.356833,0.369282,0.509467,-0.32693,0.06339,0.432083,-0.652958,0.0,0.038413,0.012011,-0.196102,-0.058658,0.312082,0.220215,0.213896,0.317797,0.312082,0.323753,0.065888,-0.036992,-0.170902,0.63483,-0.248942,0.420954,0.788944,-0.381096,-0.218064,-0.101673,0.588444,-0.105992,-0.428164,0.547786,0.065888,-0.065779,0.125257,0.255077,0.373453,0.249097,0.276118,-0.327097,0.48086,0.420954,0.0,-0.042805,0.414727,-0.101673,-0.327691,0.281578,-0.218064,0.432083,0.509467,0.373453,0.232802,0.230086,-0.533882,-0.327018,-0.428052,0.18135,0.230086,0.536774,0.63483,0.536774,-0.212691,-0.190849,-0.345361,0.0,-0.590858,-0.216425,-0.218064,-0.4834,-0.034634,-0.32542,-0.218064,0.323088,0.038414,-0.127016,-0.356548,-0.185526,-0.065361,-0.037649,0.115097,0.0,0.204948,-0.551511,-0.261304,0.182027,-0.522365,-0.088642,-0.218064,-0.268316,0.392857,0.0,0.232215,-0.3612,0.213896,0.029614,-0.434694,-0.253111,0.230086,-0.656551,-0.090177,-0.546187,-0.356483,-0.222041,-0.499334,0.054658,-0.179724,0.373438,-0.266133,0.409427,-0.356561,-0.040096,0.280941,-0.12855,-0.530026,0.280615,-0.534425,0.089911,0.18148,#
4,-0.402245,-0.554549,0.150375,0.106429,1.0,0.134499,0.082912,0.305317,-0.554549,-0.457494,-0.385507,-0.801206,-0.416852,-0.698354,0.213202,-0.092012,0.525637,-0.185792,0.317595,-0.12389,-0.353333,0.033834,0.07058,-0.265604,0.28537,0.054084,0.141657,-0.408052,0.145249,0.681703,-0.313639,0.393289,-0.093278,0.087694,0.171338,0.083582,0.553809,-0.02606,-0.248743,0.666773,-0.561605,-0.212052,0.330471,0.076666,0.0,0.424054,0.193392,0.001081,0.413249,0.597787,0.17792,0.481866,-0.37812,0.374348,-0.155701,-0.111614,-0.526371,-0.166213,0.413749,0.205938,0.123662,-0.063881,0.377336,-0.333142,-0.118204,-0.243579,-0.082421,0.081552,0.546201,0.369601,0.553809,0.48611,0.560455,0.089044,-0.077113,-0.036447,0.437535,-0.402583,0.268264,-0.409877,0.28537,0.286316,-0.17737,0.174751,0.407273,-0.246167,-0.109092,-0.005386,0.0,0.080618,0.105791,0.418988,-0.150152,0.126615,0.403713,-0.389203,0.34138,-0.377564,-0.392612,0.089044,0.355606,0.616775,-0.003089,-0.389203,-0.505823,-0.166007,-0.6582,-0.408052,-0.182794,0.133557,-0.614352,0.525865,-0.229053,0.089044,-0.567737,-0.676108,0.427837,0.665894,-0.25233,0.029505,-0.092012,-0.408052,0.38657,0.0,0.377336,0.228746,0.246213,0.225239,0.147155,0.28537,0.354273,0.174751,0.682681,-0.145521,0.39847,-0.154778,0.387957,0.097889,0.152136,0.39847,0.28537,0.013264,0.28537,0.144483,0.012356,0.218384,0.0,0.139158,-0.358173,-0.408052,0.379456,-0.091968,-0.138577,0.2587,0.096662,0.524923,-0.616123,-0.197278,0.026557,0.275622,-0.427215,0.159623,0.0,-0.227034,-0.286907,-0.396155,-0.077113,0.039932,0.200499,0.2587,0.030595,0.565359,0.0,-0.286907,0.200523,0.012356,0.063317,0.106683,-0.360138,0.414823,0.023321,0.261428,0.277754,0.586842,0.023939,0.116197,-0.224605,0.105828,0.682566,-0.364064,0.368253,-0.098908,0.394073,0.135117,-0.405309,-0.12923,0.636573,-0.081636,-0.229814,-0.419124,#
5,0.016586,0.367994,-0.296736,-0.36465,0.134499,1.0,0.612667,-0.005174,0.367994,0.095374,0.033671,0.118266,0.110355,0.167147,0.65034,-0.612078,0.525637,0.170709,0.657199,-0.12389,-0.353333,0.315179,0.597787,0.167147,-0.408052,0.525834,-0.425593,-0.408052,0.145249,-0.143551,0.099044,0.367415,-0.093278,0.087694,-0.36738,0.543318,0.333303,-0.499633,-0.388858,-0.198867,-0.579111,-0.240531,0.410448,0.055233,0.0,-0.408052,0.193392,-0.069205,0.413249,0.07058,0.17792,-0.496635,-0.395015,-0.123742,-0.297246,-0.006534,-0.508698,-0.166213,0.439222,-0.100318,0.123662,-0.063881,-0.078723,-0.333142,-0.549957,-0.440993,-0.082421,0.081552,-0.00814,-0.113762,0.333303,0.324488,-0.347447,-0.364907,-0.106816,-0.036447,0.012356,-0.426475,-0.568624,0.412109,-0.408052,-0.562372,-0.619614,-0.257509,-0.097677,0.174095,-0.135282,-0.005386,0.0,-0.382148,0.105791,-0.398681,-0.586621,-0.407222,-0.016803,-0.412824,-0.538913,0.096958,-0.422486,-0.364907,0.355606,0.586626,-0.428269,0.012356,-0.089639,-0.602475,-0.242118,-0.408052,0.229426,0.052171,-0.19033,0.060083,-0.253774,-0.364907,-0.114532,0.086131,-0.611766,-0.182794,-0.358487,-0.475182,-0.092012,-0.408052,-0.081636,0.0,0.359093,-0.317443,-0.166007,-0.234329,-0.379177,-0.408052,-0.562384,-0.257509,-0.166007,-0.409184,-0.428269,0.25171,0.387957,-0.33871,0.645345,-0.428269,-0.408052,-0.411916,-0.408052,0.123648,-0.412824,-0.174555,0.0,0.577717,-0.38783,-0.408052,0.353266,-0.563391,-0.138577,0.2587,0.066849,0.079937,0.204293,0.657596,0.002665,0.25171,0.023774,0.135181,0.0,-0.266624,0.393055,0.422174,-0.077113,0.414546,0.200499,0.2587,0.030595,-0.404892,0.0,-0.326904,0.200523,-0.814383,0.063317,0.533855,0.640602,-0.411916,0.810776,0.261428,-0.167291,0.187839,0.832254,-0.13431,-0.224605,0.07579,-0.165859,0.442898,-0.534766,0.423778,0.394073,0.135117,-0.405309,0.659115,0.245114,0.360559,-0.666134,-0.012957,#
6,0.014169,0.209997,0.062998,-0.25975,0.082912,0.612667,1.0,-0.328437,0.209997,-0.278817,0.529384,0.338173,-0.266364,0.082912,0.388362,-0.99904,0.316518,0.029374,0.400859,-0.155578,-0.232294,0.230667,0.37902,0.612667,-0.666027,0.31694,-0.248573,0.150182,0.059322,-0.06862,-0.354215,0.661016,-0.354672,-0.219448,-0.225353,0.338173,0.201414,-0.300669,-0.326836,-0.12133,-0.622131,-0.068115,0.634374,0.351186,0.0,-0.0,0.141837,0.136341,0.507958,-0.266364,0.129211,-0.330492,0.011773,-0.352815,-0.091968,-0.331977,-0.38209,0.40851,0.602562,-0.379232,-0.207298,0.280917,-0.300272,-0.212498,-0.351863,-0.282935,0.224788,-0.57826,0.015186,0.254016,0.201414,-0.142554,-0.196635,-0.773716,-0.380393,0.121891,0.007563,-0.543109,-0.606134,0.489006,0.182831,-0.106176,-0.673944,-0.445937,0.248933,0.610843,-0.402488,-0.002728,0.0,0.316573,0.316568,-0.501138,-0.621073,-0.284859,-0.519837,-0.531831,-0.126472,-0.284859,-0.294814,-0.773716,0.234274,0.353738,-0.550737,-0.011344,-0.351243,-0.65989,0.091499,-0.666027,-0.126726,-0.261847,-0.141159,0.31681,0.087064,-0.773716,0.18627,0.025493,-0.380393,-0.126726,-0.336882,-0.048475,0.274246,0.150183,0.199871,0.0,0.235683,-0.09715,-0.106176,-0.143428,-0.315485,0.182831,-0.380292,-0.445937,-0.106176,-0.307868,-0.531831,-0.099521,0.22522,-0.207015,-0.027634,-0.531831,-0.666027,-0.530719,-0.666027,-0.206593,-0.512924,-0.377415,0.0,0.017207,-0.261121,-0.666027,0.216534,-0.381525,-0.418119,0.150183,-0.316666,0.315748,0.081449,0.370578,0.00135,-0.099521,-0.006995,-0.444893,0.0,-0.202805,0.625226,0.461325,0.250332,-0.22501,-0.160662,0.150183,0.494804,-0.366111,0.0,-0.256117,0.109416,-0.531831,-0.249337,0.297933,0.339877,-0.511812,0.469379,0.383929,-0.101697,0.092429,0.481813,-0.23259,-0.426548,-0.277487,-0.109095,0.481007,-0.363458,0.217549,0.221226,-0.26271,-0.285026,0.40215,0.450456,0.220691,-0.437114,-0.036897,#
7,-0.622898,-0.381447,-0.193269,-0.172334,0.305317,-0.005174,-0.328437,1.0,-0.381447,-0.336928,-0.134568,-0.455451,-0.25945,-0.502757,-0.297958,0.348263,-0.091413,-0.002132,-0.22701,0.008528,-0.133248,0.218906,0.34674,-0.502757,0.232175,-0.423092,-0.290224,-0.679943,-0.561788,0.099057,0.37061,-0.124383,-0.381447,-0.104881,-0.289891,0.07316,-0.100202,-0.35677,-0.364781,0.468997,-0.285536,0.482207,-0.184261,-0.158908,0.0,0.099503,0.47678,-0.322748,0.594215,0.725003,0.497165,0.435806,-0.181019,-0.208687,0.551782,0.666395,0.123417,-0.737337,-0.233943,0.931427,0.374086,-0.011021,0.95372,-0.164819,0.172722,-0.210574,-0.886303,0.596391,0.573695,-0.216531,-0.100202,0.62748,0.455983,0.4017,0.348086,-0.398032,0.357032,-0.17828,0.568429,-0.240531,0.232176,0.026096,-0.404855,0.214799,0.284152,-0.10524,-0.085187,-0.015014,0.0,-0.621737,-0.173825,0.64589,0.272564,0.24116,0.598398,0.116939,0.101055,0.24116,0.232917,0.4017,0.206775,0.402341,0.06892,0.116939,0.110733,-0.023197,-0.046243,0.232175,0.466838,0.399021,-0.419359,-0.079692,-0.052029,0.4017,-0.372349,-0.484662,0.348086,0.466838,0.048235,0.083284,0.348263,-0.679943,0.054744,0.0,0.639595,-0.007257,0.519031,0.021982,0.694751,0.232176,-0.028813,0.214799,0.519031,-0.096689,0.597125,0.225313,-0.263817,0.455752,-0.086699,0.597125,0.232175,0.119764,0.232175,0.364251,0.357032,0.350842,0.0,0.35836,0.30145,0.232175,0.234261,-0.031945,0.346478,0.149256,0.082708,0.346189,-0.326833,-0.34898,0.35313,0.225313,-0.440318,0.380541,0.0,0.547272,-0.162621,-0.608015,-0.316119,0.250221,0.060671,0.149256,-0.57074,0.55857,0.0,-0.162621,0.120794,0.116939,0.348263,0.002043,-0.28242,0.647968,-0.058382,0.089378,0.055348,0.360711,-0.059928,0.768066,-0.174983,0.443256,0.51917,-0.156325,0.377633,-0.559196,0.232864,0.073794,0.25121,-0.206095,0.014979,0.636401,0.257978,0.061712,#
8,0.22538,0.545421,-0.161371,-0.086692,-0.554549,0.367994,0.209997,-0.381447,1.0,0.226069,0.227302,0.434,0.75606,0.367994,0.081403,-0.208944,-0.038805,0.282074,0.068847,0.037521,0.433759,0.001307,0.236503,0.333194,-0.508857,0.415439,0.207137,0.201837,-0.116632,-0.33392,0.102695,-0.285767,0.508328,-0.050904,-0.345723,0.434,-0.308257,0.043609,-0.147134,-0.819502,0.080165,-0.176059,-0.185907,0.152015,0.0,-0.656682,-0.237012,-0.025357,-0.232894,-0.325451,-0.081854,-0.57917,-0.244983,-0.087125,-0.051065,-0.340397,-0.405147,0.068383,-0.20688,-0.45053,-0.269562,-0.201809,-0.441692,0.438194,0.22061,-0.052121,0.302103,0.199951,-0.453693,-0.074158,-0.308257,-0.251123,-0.515507,-0.515507,-0.224668,0.271965,-0.644166,0.198543,-0.328292,0.192874,-0.508858,-0.357872,0.058319,-0.109674,-0.762897,-0.111179,-0.006335,0.236165,0.0,-0.078119,-0.058645,-0.629342,-0.340973,-0.338008,-0.222295,-0.232605,-0.393162,0.1994,-0.350394,-0.515507,0.040508,-0.371168,-0.249067,0.220597,0.518472,0.064616,-0.084888,0.230265,0.081515,-0.088974,0.529476,-0.540106,-0.111179,-0.515507,0.515753,0.785105,-0.762897,-0.823106,0.429118,-0.675333,-0.208944,0.201837,-0.45193,0.0,-0.441692,-0.466495,0.107362,-0.356357,-0.419936,-0.508858,0.021582,-0.109674,-0.357872,-0.420298,-0.660628,0.104987,-0.240659,-0.013372,0.245873,-0.660628,-0.508857,0.204134,-0.508857,0.22285,-0.644166,-0.523277,0.0,0.053938,-0.317338,0.230265,-0.444406,-0.462659,0.343627,-0.508857,0.170987,-0.542778,0.399573,0.522076,-0.659492,-0.353779,0.744885,0.342089,0.0,-0.227714,0.48455,0.18474,0.32452,-0.058799,0.051797,-0.508857,0.219553,-0.666829,0.0,-0.282859,-0.070492,-0.660628,-0.058645,0.412361,0.724668,-0.207427,0.202629,0.079139,-0.357363,-0.512759,0.649836,-0.386353,-0.113914,0.215261,-0.357659,0.207648,-0.439698,0.319424,0.062622,0.184343,0.027646,0.021398,-0.336375,0.065262,-0.541098,0.198543,#
9,0.501175,0.226069,0.054928,0.302651,-0.457494,0.095374,-0.278817,-0.336928,0.226069,1.0,-0.489527,0.346299,0.37563,0.627766,0.39833,0.255925,-0.240549,0.150975,-0.132329,0.394739,-0.204968,-0.399464,-0.248021,0.095374,0.154211,0.324956,-0.304067,0.154211,0.586975,-0.635612,0.448927,-0.261756,0.204242,0.323338,-0.256868,-0.219292,-0.069902,-0.331124,0.317192,-0.134379,0.417398,-0.24875,-0.153516,-0.312366,0.0,-0.521693,-0.466407,-0.301311,-0.486944,-0.272967,-0.403948,-0.318334,0.000879,0.2493,-0.265223,-0.190349,0.30405,-0.113899,-0.120172,-0.38909,-0.259955,-0.402806,-0.33077,-0.018542,-0.360857,-0.290321,0.230818,0.055034,-0.68007,-0.324686,-0.069902,-0.117007,-0.771123,0.324344,0.255092,-0.438578,-0.4967,0.501835,-0.592067,0.501277,-0.666061,-0.626459,0.397939,0.075223,-0.366123,0.108903,0.748135,-0.49786,0.0,-0.244729,-0.244137,-0.48495,-0.069989,-0.255404,-0.015144,0.501394,-0.666568,0.364863,0.39622,0.324344,-0.335628,-0.281175,0.482394,-0.001565,0.215881,0.398134,0.134109,0.187022,0.41764,0.320915,0.418502,-0.248199,0.108903,0.324344,0.235006,0.619608,-0.366123,-0.110147,-0.214989,-0.029373,-0.359279,0.154211,-0.350283,0.0,-0.33077,0.305823,-0.605807,-0.22926,-0.174332,-0.666061,-0.357276,0.075223,-0.626459,0.54665,0.007377,-0.091984,0.231261,-0.738731,0.509221,0.007377,0.154211,-0.020565,0.154211,-0.238281,0.026377,0.095134,0.0,0.062254,-0.231547,0.187022,-0.337448,0.221454,-0.299571,0.154211,0.336158,-0.223684,0.730479,0.390555,0.020236,-0.112349,0.004143,0.085351,0.0,-0.159418,-0.178849,0.506472,-0.40126,0.164343,0.397298,0.154211,-0.526955,-0.212823,0.0,0.672814,-0.407587,0.007377,0.324585,-0.220452,0.360352,-0.495582,-0.003601,-0.090543,-0.131404,-0.405789,-0.003697,-0.449715,0.589168,-0.247882,-0.626265,-0.003691,-0.340484,0.265788,-0.333771,0.324396,-0.370702,0.412127,-0.274507,-0.307206,0.118712,0.501835,#
10,0.187475,0.227302,-0.398971,-0.247782,-0.385507,0.033671,0.529384,-0.134568,0.227302,-0.489527,1.0,0.648015,0.006421,0.002046,-0.392673,-0.49988,-0.209442,-0.159378,-0.051304,-0.491594,0.196621,0.184266,0.044948,0.421224,-0.333253,-0.197044,-0.004226,0.312586,-0.411844,0.013864,-0.180344,0.397727,-0.219502,-0.654069,-0.043228,0.236294,-0.312989,0.189595,0.116108,-0.396794,-0.017805,0.465973,0.370361,0.577323,0.0,0.193752,0.504212,0.474475,0.190759,-0.465723,0.431309,-0.306216,0.180833,-0.684663,0.269995,0.172838,0.132206,0.410066,0.256141,-0.010079,0.02482,0.518978,-0.200216,0.272351,0.280903,0.379209,-0.043898,-0.337195,0.303022,-0.212838,-0.312989,-0.343614,0.22493,-0.654496,-0.010513,0.333257,0.190786,-0.227244,-0.005256,0.179777,0.33842,0.390257,-0.425719,-0.424428,-0.010513,0.388937,-0.677053,0.218212,0.0,0.22514,0.200258,-0.207232,-0.017164,-0.032042,-0.591929,-0.236018,0.370777,-0.032042,-0.046855,-0.654496,0.251109,0.029989,-0.624982,0.175826,0.196914,-0.431812,0.373306,-0.333253,-0.416455,-0.257725,-0.009478,-0.203161,0.388937,-0.654496,0.21443,-0.058166,-0.010513,-0.416455,0.306904,0.18727,0.50763,0.312586,0.196914,0.0,0.223868,-0.416011,0.006324,-0.064572,-0.117652,0.33842,-0.220415,-0.424428,0.006324,-0.362298,-0.610022,-0.005256,-0.49976,0.216524,-0.398545,-0.610022,-0.333253,-0.213138,-0.333253,0.005356,-0.221058,-0.402329,0.0,-0.156578,0.456324,-0.333253,0.227441,-0.245784,-0.041706,-0.333253,-0.508799,-0.223121,-0.210635,-0.200975,0.181315,-0.005256,0.18472,-0.393005,0.0,0.285695,0.327082,0.151622,0.488559,-0.247825,-0.812792,-0.333253,0.589788,-0.360694,0.0,-0.370296,0.397619,-0.236018,-0.654164,0.198611,-0.051077,-0.198178,0.173381,-0.033813,-0.395494,-0.016054,0.177974,0.081941,-0.43522,0.015443,0.006322,0.55347,-0.241935,-0.029079,0.200008,-0.516212,0.645683,-0.046384,0.035585,0.213388,-0.041089,-0.227244,#
11,0.647268,0.434,-0.374242,0.017395,-0.801206,0.118266,0.338173,-0.455451,0.434,0.346299,0.648015,1.0,0.330167,0.543318,-0.069866,-0.327248,-0.428379,-0.042243,-0.16811,-0.181986,0.029133,-0.168528,-0.187661,0.543318,-0.218165,0.073025,-0.267207,0.490164,0.089407,-0.533982,0.192398,0.221805,-0.056035,-0.428189,-0.26753,0.060039,-0.390124,-0.086182,0.412288,-0.534223,0.341266,0.281129,0.287246,0.359942,0.0,-0.229499,0.129425,0.251576,-0.218995,-0.747743,0.106426,-0.598666,0.19115,-0.503973,0.055523,-0.000215,0.400332,0.350707,0.194326,-0.368943,-0.218956,0.198845,-0.514163,0.269992,-0.01716,0.147453,0.172377,-0.329143,-0.267273,-0.502033,-0.390124,-0.485605,-0.428468,-0.428468,0.209356,-0.02739,-0.227391,0.192415,-0.534129,0.63893,-0.218165,-0.112949,-0.106714,-0.383856,-0.327081,0.521116,-0.069237,-0.217227,0.0,0.044491,0.017734,-0.654166,-0.096106,-0.255691,-0.654166,0.1828,-0.170492,0.279928,0.291368,-0.428468,-0.024512,-0.210528,-0.243798,0.1828,0.39282,-0.112949,0.508232,-0.218165,-0.096106,0.005542,0.349975,-0.428362,0.521116,-0.428468,0.427764,0.47233,-0.327081,-0.534031,0.133599,0.189305,0.225249,0.490164,-0.076948,0.0,-0.049046,-0.166139,-0.534031,-0.26611,-0.279577,-0.218165,-0.542234,-0.383856,-0.534031,0.088161,-0.653989,-0.102293,-0.327169,-0.42825,0.018742,-0.653989,-0.218165,-0.243798,-0.218165,-0.219895,-0.227391,-0.357769,0.0,-0.132903,0.279928,-0.218165,-0.051045,-0.069237,-0.325571,-0.218165,-0.247647,-0.428242,0.40648,0.124062,0.209011,-0.102293,0.196956,-0.358327,0.0,0.161926,0.188762,0.612563,0.188724,-0.135355,-0.532097,-0.218165,0.182657,-0.572294,0.0,0.188762,0.066649,-0.243798,-0.42825,0.018152,0.255836,-0.653989,0.179002,-0.114697,-0.547232,-0.368018,0.183744,-0.319968,0.048469,-0.219209,-0.533865,0.595591,-0.550402,0.197623,-0.077986,-0.265679,0.358205,0.307233,-0.177224,-0.05888,0.057941,0.192415,#
12,0.495713,0.236503,-0.493102,0.309024,-0.416852,0.110355,-0.266364,-0.25945,0.75606,0.37563,0.006421,0.330167,1.0,0.110355,-0.113837,0.268054,-0.210228,0.018375,-0.126108,-0.161911,0.329892,-0.380106,-0.236105,0.07058,0.178703,0.309039,0.350278,0.146211,0.087142,-0.095212,0.308424,-0.250963,0.75606,-0.223983,-0.26893,0.330167,-0.325463,0.218486,0.326859,-0.616213,0.417927,-0.069388,-0.111799,0.330415,0.0,-0.497118,-0.028023,0.125146,-0.519385,-0.236105,0.116655,-0.432539,-0.533166,0.12966,-0.092856,-0.194897,-0.264984,-0.128703,-0.109215,-0.309724,-0.202229,-0.360019,-0.335925,0.616067,0.438633,0.094351,0.218844,0.525916,-0.174737,-0.462991,-0.325463,-0.10981,-0.202071,-0.202071,0.267917,0.113718,-0.471498,0.49762,-0.0577,-0.032851,-0.666073,-0.084078,0.398899,0.091144,-0.9986,-0.437279,0.181009,0.016969,0.0,-0.255101,-0.232855,-0.460305,-0.064763,-0.2418,0.004926,-0.001107,-0.103119,0.372427,-0.251262,-0.202071,0.218266,-0.266288,-0.019923,-0.001107,0.77638,0.398802,-0.407126,0.178702,-0.113619,0.327959,0.398532,-0.783179,0.104831,-0.202071,0.202988,0.589927,-0.347248,-0.615814,0.671517,-0.470593,-0.365528,0.146211,-0.332734,0.0,-0.335925,-0.348342,-0.084078,-0.29532,-0.307328,-0.666073,0.212916,0.091144,-0.084078,-0.250175,-0.490313,-0.08683,-0.401745,-0.181109,0.515354,-0.490313,0.178702,0.498061,0.178702,0.384156,-0.471498,-0.366701,0.0,0.061648,-0.218176,0.178702,-0.319681,-0.340543,0.26668,-0.666073,0.344339,-0.786187,0.091162,0.129838,-0.483066,-0.08683,0.563721,0.617289,0.0,-0.149332,-0.201472,-0.028119,0.244257,0.050152,-0.146837,-0.666073,0.005249,-0.365324,0.0,-0.201472,0.131263,-0.490313,-0.232855,0.32559,0.34465,0.02767,-0.001845,-0.104671,-0.596403,-0.385135,0.503104,-0.435476,0.076253,0.399731,-0.080879,-0.00189,-0.323387,0.254709,0.242066,0.33208,0.232253,-0.180874,-0.260462,-0.312014,-0.396963,-0.026308,#
13,0.419309,0.794465,0.117892,-0.381427,-0.698354,0.167147,0.082912,-0.502757,0.367994,0.627766,0.002046,0.543318,0.110355,1.0,0.246181,-0.092012,0.066312,0.156997,0.215714,0.219633,0.095223,0.277666,0.110355,0.167147,-0.408052,0.107121,-0.406892,0.2587,0.145249,-0.579534,0.083172,-0.307307,-0.093278,0.524547,0.090052,-0.34147,0.1128,-0.097517,-0.003926,-0.599033,0.245016,-0.382921,-0.258081,-0.480605,0.0,-0.424054,-0.506907,0.052444,-0.389753,-0.416852,-0.644368,-0.603148,0.400344,-0.03505,-0.297246,-0.006534,0.393283,0.233953,-0.225048,-0.345716,0.104352,-0.103951,-0.517942,-0.170989,-0.549957,0.166436,0.387213,-0.378672,-0.804763,-0.024383,0.1128,-0.348938,-0.801399,0.089044,-0.106816,0.176914,-0.412824,0.003584,-0.568624,0.412109,-0.408052,-0.602475,0.22424,-0.257509,-0.097677,0.174095,0.336141,-0.005386,0.0,0.062819,0.063317,-0.398681,-0.150152,-0.407222,-0.398681,0.39847,-0.653061,0.096958,0.115245,0.089044,-0.527302,-0.448869,-0.003089,0.39847,-0.089639,-0.166007,0.598518,0.28537,0.269528,-0.39128,0.666347,0.060083,-0.253774,0.089044,0.365333,0.559245,-0.611766,-0.579159,-0.358487,-0.062698,-0.092012,0.2587,-0.549842,0.0,-0.517942,-0.014005,-0.562372,0.141911,-0.394749,-0.408052,-0.562384,-0.257509,-0.99884,0.249973,-0.389203,0.25171,0.387957,-0.33871,0.067722,-0.389203,-0.408052,-0.411916,-0.408052,-0.377994,0.012356,0.152894,0.0,0.085744,0.096958,0.28537,-0.118158,0.336141,-0.044504,0.2587,0.066849,-0.347935,0.855216,0.657596,0.002665,-0.17869,0.227841,-0.264345,0.0,-0.266624,0.393055,0.815601,-0.126237,0.334272,0.241632,0.2587,-0.013574,-0.732752,0.0,0.393055,-0.241074,-0.003089,0.105791,0.078205,0.575169,-0.798029,0.3908,-0.170863,0.218415,-0.237765,-0.013368,-0.13431,0.566839,-0.415225,-0.998531,0.400481,-0.534766,0.423778,-0.540432,0.072071,-0.139964,0.659115,-0.418861,-0.064628,0.166417,0.417102,#
14,0.02929,0.081403,0.212118,-0.093409,0.213202,0.65034,0.388362,-0.297958,0.081403,0.39833,-0.392673,-0.069866,-0.113837,0.246181,1.0,-0.408148,0.342059,0.29848,0.557518,0.214471,-0.534259,0.060702,0.378537,0.246181,-0.272099,0.806088,-0.147501,-0.272099,0.661225,-0.242525,-0.091711,0.141137,0.081403,0.363535,-0.057155,0.359496,0.292132,-0.324389,-0.121861,0.142157,-0.241923,-0.461597,0.166859,-0.204017,0.0,-0.412189,-0.207401,-0.325501,0.010277,-0.154015,-0.16887,-0.266687,0.020808,0.109802,-0.672012,-0.310885,-0.360331,0.175142,0.232674,-0.441634,-0.089655,0.109519,-0.359616,-0.363819,-0.666548,-0.501301,0.126426,-0.169034,-0.323838,0.117949,0.292132,0.197169,-0.534392,-0.093474,-0.40794,-0.176914,0.002937,-0.010861,-0.666173,0.421171,-0.272099,-0.66605,-0.283405,-0.182494,0.111361,0.265759,0.053827,-0.024951,0.0,-0.111048,-0.085112,-0.407443,-0.249651,-0.111768,-0.021693,-0.402693,-0.661246,-0.111768,-0.10086,-0.093474,0.074036,0.361119,-0.012665,-0.402693,-0.369065,-0.265667,-0.150624,-0.272099,0.158269,-0.08432,-0.277924,0.335756,-0.166448,-0.093474,0.067427,0.198517,-0.40794,0.158269,-0.555146,-0.444314,-0.408148,-0.272099,0.085697,0.0,0.082639,-0.044798,-0.265667,-0.422396,-0.546612,-0.272099,-0.40406,-0.182494,-0.265667,0.137095,-0.012665,0.162479,0.601975,-0.53412,0.56221,-0.012665,-0.272099,-0.425636,-0.272099,-0.08977,0.002937,-0.163095,0.0,0.362071,-0.601471,-0.272099,0.071125,-0.378622,-0.406056,0.401413,-0.1493,0.355734,0.315283,0.545153,0.012346,0.162479,0.018655,-0.214038,0.0,-0.413296,0.235427,0.409922,-0.40794,0.143048,0.544207,0.401413,-0.014365,-0.086969,0.0,0.235427,-0.176607,-0.402693,0.338951,-0.110863,0.404484,-0.425636,0.384156,0.161897,0.142706,-0.170314,0.394333,-0.525365,-0.16167,-0.147981,-0.26802,0.001777,-0.368178,0.61111,0.085259,-0.097277,-0.77356,0.594402,0.002434,0.085697,-0.574944,-0.003435,#
15,-0.014914,-0.208944,-0.091544,0.239032,-0.092012,-0.612078,-0.99904,0.348263,-0.208944,0.255925,-0.49988,-0.327248,0.268054,-0.092012,-0.408148,1.0,-0.327259,-0.042843,-0.404045,0.126519,0.232517,-0.211884,-0.365528,-0.612078,0.666667,-0.327078,0.248335,-0.166667,-0.088595,0.078593,0.352124,-0.659212,0.345398,0.197883,0.224105,-0.327248,-0.211996,0.31083,0.32715,0.112032,0.622729,0.088983,-0.634354,-0.334856,0.0,0.0,-0.106479,-0.118254,-0.499541,0.268054,-0.098744,0.319499,-0.012182,0.319247,0.102064,0.36201,0.390786,-0.408117,-0.606143,0.404855,0.232069,-0.255221,0.311308,0.22735,0.367925,0.303676,-0.249461,0.586711,0.012113,-0.27704,-0.211996,0.155386,0.218218,0.763763,0.392657,-0.111112,0.011355,0.53406,0.626437,-0.49973,-0.166667,0.116563,0.655486,0.427125,-0.249873,-0.612012,0.3714,0.023212,0.0,-0.32714,-0.32716,0.510978,0.641097,0.285133,0.510978,0.522323,0.139039,0.285133,0.294393,0.763763,-0.212047,-0.34058,0.522323,0.011355,0.362613,0.641097,-0.082359,0.666667,0.116563,0.26082,0.13189,-0.327246,-0.077244,0.763763,-0.185821,-0.037905,0.392657,0.116563,0.357218,0.048521,-0.25,-0.166667,-0.200062,0.0,-0.214846,0.072933,0.116563,0.142019,0.316265,-0.166667,0.3714,0.427125,0.116563,0.295738,0.522323,0.109195,-0.24994,0.228395,0.017782,0.522323,0.666667,0.522323,0.666667,0.230357,0.522323,0.377778,0.0,0.0,0.285133,0.666667,-0.195142,0.3714,0.429605,-0.166667,0.293788,-0.327154,-0.101412,-0.389689,0.017228,0.109195,0.006376,0.446472,0.0,0.218859,-0.624884,-0.472053,-0.249873,0.231532,0.131513,-0.166667,-0.484719,0.366463,0.0,0.24034,-0.079605,0.522323,0.228395,-0.287482,-0.35278,0.522323,-0.460552,-0.384959,0.092706,-0.083115,-0.472752,0.252884,0.407309,0.303235,0.119541,-0.471961,0.353472,-0.217758,-0.200389,0.239484,0.321182,-0.405099,-0.461034,-0.200062,0.436963,0.017228,#
16,-0.192992,0.415149,0.047143,-0.428181,0.525637,0.525637,0.316518,-0.091413,-0.038805,-0.240549,-0.209442,-0.428379,-0.210228,0.066312,0.342059,-0.327259,1.0,0.104734,0.878168,-0.059669,0.046994,0.50972,0.308616,-0.359573,-0.218173,0.053305,-0.139155,-0.218173,0.072023,0.391513,-0.229337,0.220882,-0.038805,0.535461,0.391149,0.059588,0.763158,0.008147,-0.421953,-0.108287,-0.53427,-0.560925,0.203429,-0.303059,0.0,0.212915,-0.158698,0.18757,0.23182,0.308616,-0.347911,-0.054169,-0.204237,0.47455,-0.389546,-0.019054,-0.50137,-0.092511,0.328606,-0.009868,0.355394,-0.270297,-0.029182,-0.622366,-0.576256,0.032329,0.25666,-0.081103,-0.006113,0.48408,0.763158,0.120696,0.053345,0.036137,-0.327092,0.472274,0.23245,-0.654,-0.077317,-0.208768,-0.218173,-0.070778,-0.11614,0.100318,0.220126,-0.345704,-0.069794,0.218005,0.0,0.034053,0.53555,0.22255,-0.534048,-0.19337,0.22255,-0.21884,-0.049673,-0.19337,-0.756134,0.036137,-0.044145,0.311887,-0.21884,0.23245,-0.501494,-0.534048,-0.349966,-0.218173,-0.087323,-0.426779,-0.110057,0.505387,-0.801146,0.036137,-0.54541,-0.37543,-0.327092,-0.087323,-0.518316,-0.263631,-0.327259,-0.218173,-0.022284,0.0,-0.029182,-0.166787,-0.070778,0.495754,-0.263212,-0.218173,-0.051924,0.100318,-0.070778,-0.519896,-0.21884,0.363198,0.756465,0.062405,0.29671,-0.21884,-0.218173,-0.202722,-0.218173,-0.154564,-0.21884,0.180481,0.0,0.232745,-0.19337,-0.218173,0.430579,-0.069794,0.173667,0.491546,0.321292,0.053979,-0.043007,0.584427,-0.213834,0.363198,0.045555,0.082275,0.0,-0.469887,0.229706,0.263056,0.240393,0.579997,0.32206,0.491546,0.287103,-0.359653,0.0,-0.534465,0.152646,-0.21884,0.044881,0.560709,0.394909,-0.202722,0.690639,-0.05656,0.381724,0.574354,0.267702,0.167701,0.132454,-0.220222,-0.068094,0.279489,-0.030221,0.269731,0.014786,0.380505,-0.420675,0.403333,0.401846,-0.022284,-0.354227,-0.213834,#
17,-0.508606,0.300343,0.299439,0.060367,-0.185792,0.170709,0.029374,-0.002132,0.282074,0.150975,-0.159378,-0.042243,0.018375,0.156997,0.29848,-0.042843,0.104734,1.0,0.183247,0.76586,0.470047,-0.07185,0.164538,-0.323593,-0.399869,0.070252,-0.00751,0.171373,0.149756,-0.601599,0.515053,-0.309071,0.282074,0.187553,0.009388,0.464674,-0.463212,-0.245332,-0.113778,-0.070626,0.162962,0.235776,-0.29319,-0.486449,0.0,-0.034275,-0.452542,-0.755617,0.084311,-0.269776,-0.307304,0.334604,0.392488,0.291788,0.145756,-0.025248,-0.073521,-0.279761,-0.348353,-0.12825,-0.380204,-0.186505,0.029305,-0.427463,-0.127721,-0.374049,-0.196151,0.260237,-0.444212,0.304772,-0.463212,-0.437159,-0.392664,0.205681,-0.599498,-0.152336,-0.027243,0.366093,-0.145765,0.402309,-0.399869,-0.261682,-0.159897,0.623169,-0.004894,0.169033,0.045308,-0.017901,0.0,-0.403652,0.488729,0.082756,-0.171791,0.60347,0.508085,0.060323,-0.290075,0.60347,0.159966,0.205681,-0.584333,-0.337778,0.490369,0.4281,0.278568,0.269672,0.17945,0.342745,0.415495,-0.288299,-0.147943,-0.287046,-0.325847,0.205681,-0.083455,0.201372,-0.599498,-0.051937,-0.257988,-0.41888,-0.599804,0.171373,0.297853,0.0,-0.078897,-0.36496,0.307626,-0.462424,0.101728,-0.399869,-0.071199,0.623169,-0.159806,-0.3602,0.159564,0.667762,-0.010078,0.110017,0.048757,0.159564,-0.399869,0.38529,-0.399869,-0.457417,0.060323,-0.561087,0.0,-0.34021,0.063523,0.342745,-0.5286,-0.43151,0.414611,0.371307,0.206301,0.215636,0.403585,0.48933,-0.385775,0.206829,0.561658,-0.169134,0.0,0.417463,0.467893,-0.04719,0.27895,0.0507,0.454851,0.371307,-0.159213,-0.228369,0.0,-0.154866,-0.736672,0.060323,0.691837,-0.373019,0.607316,0.054485,-0.021623,-0.518513,-0.12832,-0.580702,-0.039953,-0.041274,-0.17949,-0.376137,-0.160273,0.310229,0.416589,-0.186589,-0.55927,0.187994,-0.268809,-0.114212,-0.351508,0.434994,-0.175727,0.509774,#
18,-0.018625,0.52133,-0.142104,-0.528646,0.317595,0.657199,0.400859,-0.22701,0.068847,-0.132329,-0.051304,-0.16811,-0.126108,0.215714,0.557518,-0.404045,0.878168,0.183247,1.0,-0.185289,-0.07198,0.550277,0.391054,-0.208791,-0.269363,0.322153,-0.102226,-0.269363,0.223652,0.24738,-0.220708,0.223965,0.068847,0.432551,0.451218,0.300905,0.604787,0.097484,-0.206796,-0.235018,-0.329916,-0.501498,0.221657,-0.222866,0.0,0.040813,-0.00956,0.226696,0.060051,-0.022676,-0.218265,-0.300779,-0.040902,0.227144,-0.637594,0.086517,-0.416199,0.120971,0.325745,-0.124775,0.43303,0.05841,-0.283882,-0.543468,-0.645147,0.126727,0.178949,-0.124139,-0.032824,0.236128,0.604787,0.087304,-0.065905,-0.065905,-0.403839,0.514244,0.375185,-0.488707,-0.220388,-0.04117,-0.269363,-0.214076,-0.24207,-0.106854,0.141606,-0.205351,-0.306136,0.368136,0.0,-0.067291,0.414474,0.050325,-0.335861,-0.128007,0.050325,-0.373702,-0.192738,-0.128007,-0.665921,-0.065905,0.061618,0.384112,-0.373702,0.060059,-0.408049,-0.659354,-0.212816,-0.269363,-0.214076,-0.526915,-0.23606,0.4025,-0.659317,-0.065905,-0.424799,-0.273715,-0.403839,-0.214076,-0.48902,-0.417642,-0.404045,-0.269363,0.069607,0.0,0.059697,-0.460772,-0.214076,0.202479,-0.581438,-0.269363,-0.306136,-0.106854,-0.214076,-0.485035,-0.373702,0.537694,0.676926,-0.057138,0.425948,-0.373702,-0.269363,-0.373702,-0.269363,-0.090826,-0.058576,-0.02287,0.0,0.37571,-0.128007,-0.269363,0.524203,-0.306136,0.077885,0.438055,-0.009475,-0.048067,-0.009381,0.603782,-0.049967,0.537694,0.204959,-0.124291,0.0,-0.432319,0.272295,0.415497,0.141606,0.626181,0.194982,0.438055,0.426646,-0.477785,0.0,-0.462196,0.259585,-0.373702,-0.057138,0.43043,0.443585,-0.373702,0.818077,-0.197685,0.242381,0.360924,0.399946,-0.033616,-0.063644,-0.148745,-0.211451,0.410886,-0.285181,0.584646,0.094986,0.049059,-0.322281,0.57514,0.137319,0.069607,-0.543568,-0.36871,#
19,-0.478779,0.054925,0.692845,0.276441,-0.12389,-0.12389,-0.155578,0.008528,0.037521,0.394739,-0.491594,-0.181986,-0.161911,0.219633,0.214471,0.126519,-0.059669,0.76586,-0.185289,1.0,0.297763,-0.26075,-0.022676,-0.23818,-0.269363,-0.084365,-0.158665,0.274805,0.210504,-0.659294,0.453722,-0.396354,0.037521,0.397609,-0.141463,-0.077915,-0.303689,-0.442108,-0.206796,0.205885,0.098707,0.072856,-0.392372,-0.653461,0.0,-0.040813,-0.751806,-0.868176,0.077349,-0.022676,-0.570326,0.498256,0.389995,0.457329,0.289917,-0.252267,0.117052,-0.332996,-0.4199,-0.152814,-0.548959,-0.448645,0.162771,-0.425761,-0.183118,-0.55958,-0.019883,0.080569,-0.639879,0.468098,-0.303689,-0.369299,-0.529019,0.415021,-0.403839,-0.447129,-0.357019,0.364398,-0.220388,0.395194,-0.269363,-0.335861,0.120409,0.646966,0.162584,0.240854,0.552977,-0.36321,0.0,-0.165558,0.303625,0.066826,-0.214076,0.407296,0.471995,0.391868,-0.378271,0.407296,0.421871,0.415021,-0.783724,-0.506667,0.801532,0.391868,0.043071,0.529957,0.25392,0.438055,0.668868,-0.056417,0.131927,-0.054407,-0.230572,0.415021,0.075211,0.308987,-0.403839,0.22359,-0.401547,-0.066141,-0.404045,0.274805,0.061442,0.0,-0.283882,0.286941,0.206464,-0.227724,0.397951,-0.269363,0.05354,0.646966,-0.238814,0.142596,0.486406,0.235587,0.157691,-0.057138,-0.121727,0.486406,-0.269363,0.351087,-0.269363,-0.590331,0.076742,-0.156493,0.0,-0.467487,-0.10706,0.438055,-0.731582,0.098757,0.173856,0.465264,0.421004,0.424388,0.609612,0.394424,-0.351835,-0.2035,0.167486,-0.114701,0.0,0.282258,0.316239,-0.028685,-0.007576,-0.15182,0.705371,0.465264,-0.504238,0.038887,0.0,0.316239,-0.982568,0.391868,0.878025,-0.516024,0.410862,0.035961,-0.346779,-0.214223,0.149247,-0.50642,-0.372881,-0.015924,0.226605,-0.5377,-0.241298,-0.038735,0.524705,-0.414831,-0.759071,0.395877,-0.522258,-0.136318,-0.192922,0.192083,0.242061,0.820012,#
20,-0.22052,0.433759,0.09474,0.023257,-0.353333,-0.353333,-0.232294,-0.133248,0.433759,-0.204968,0.196621,0.029133,0.329892,0.095223,-0.534259,0.232517,0.046994,0.470047,-0.07198,0.297763,1.0,0.003727,-0.194746,-0.370559,-0.218164,-0.428139,0.377902,0.499481,-0.367743,-0.082765,0.193561,-0.448373,0.433759,0.042012,0.2822,0.047433,-0.39617,0.397069,-0.007623,-0.534219,0.352784,0.157739,-0.430851,-0.194316,0.0,0.206682,-0.401634,-0.052956,-0.230218,-0.194746,-0.359191,0.224854,0.202267,0.320138,0.356263,-0.02494,-0.018875,-0.103508,-0.465471,-0.051136,-0.185463,-0.313345,-0.055431,0.101809,0.440986,0.356644,0.17894,0.223107,-0.282471,0.32847,-0.39617,-0.636288,0.041343,0.060135,-0.327079,0.457382,-0.213953,0.229267,0.374561,-0.228788,-0.218164,0.344307,0.374901,0.534247,-0.327079,-0.366171,-0.02884,0.264261,0.0,0.05071,0.502032,0.233657,-0.064244,0.342541,0.233657,0.219234,0.302779,0.342541,-0.202077,0.060135,-0.524454,-0.737863,0.219234,0.659266,0.447735,0.362376,0.103956,0.528186,-0.064244,-0.426762,0.388445,-0.42836,-0.366171,0.060135,-0.012581,0.177794,-0.327079,-0.534027,0.357725,-0.207046,-0.327246,0.499481,-0.056209,0.0,-0.526665,-0.380614,0.387471,0.150568,0.151683,-0.218164,0.459051,0.534247,-0.082313,-0.54793,-0.196352,0.374561,-0.327167,0.547749,-0.354448,-0.196352,-0.218164,0.659266,-0.218164,-0.227186,-0.196352,-0.35407,0.0,-0.567348,0.342541,0.528186,-0.509142,-0.02884,0.768747,-0.218164,0.35371,-0.428239,0.096261,0.154981,-0.653974,-0.088691,0.732072,0.129108,0.0,0.24551,0.273206,-0.222682,0.748839,-0.029244,-0.050244,-0.218164,0.235151,-0.424035,0.0,-0.471902,-0.327,0.219234,0.069319,0.065783,0.325347,0.24368,-0.195374,-0.532986,-0.100962,-0.323525,-0.200549,0.179614,0.087746,-0.162652,-0.079692,0.217362,0.435987,-0.321105,-0.50267,0.313481,0.354811,-0.530268,-0.311791,-0.009907,0.09533,0.229267,#
