0,1.0,0.503651,-0.430221,-0.521053,0.035217,0.264828,0.217958,0.058294,-0.067094,0.798204,-0.104689,-0.222339,0.363871,0.329112,0.217958,-0.104689,0.546435,0.367564,0.083417,-0.202238,-0.326927,0.412284,0.251109,-0.062553,-0.428159,-0.420249,-0.051595,-0.421019,-0.208889,0.797798,-0.202238,0.457306,0.203852,0.315789,-0.32791,-0.113087,-0.593379,-0.165627,0.113422,0.193396,-0.035897,-0.17265,0.190446,0.187744,0.064441,-0.521142,0.203523,0.048209,-0.525421,-0.481862,-0.493339,-0.698058,0.042136,-0.617153,0.114361,-0.215952,0.326796,-0.203321,0.065884,0.260226,-0.410367,0.201855,-0.567726,-0.129712,-0.240225,0.379,0.546435,-0.662166,0.215651,-0.04567,-0.591894,-0.121308,-0.326933,-0.800196,-0.341575,0.049717,-0.749567,-0.070116,-0.200583,-0.257207,-0.200583,-0.205739,-0.205739,-0.137432,-0.271925,-0.326845,-0.653517,-0.341575,-0.341575,-0.327012,-0.205739,-0.749567,-0.341575,-0.070116,-0.070116,-0.653506,-0.205739,-0.74459,-0.253964,-0.416759,0.312853,-0.653506,-0.249713,0.06263,-0.34591,-0.205739,-0.510213,0.170257,-0.510213,-0.533728,0.06263,0.223322,-0.510213,-0.34591,-0.631715,0.194003,-0.653517,-0.341575,0.341562,-0.800196,-0.653506,-0.411915,-0.510213,-0.427933,-0.404675,0.242922,0.246321,-0.404675,-0.439078,-0.089291,-0.200583,-0.205739,-0.205739,0.297558,-0.653506,-0.205739,0.0,-0.145334,-0.078445,-0.510213,-0.065884,-0.326845,-0.653506,-0.165627,-0.34591,-0.707528,-0.07263,0.69616,-0.341575,-0.653517,-0.800196,-0.341575,-0.07263,-0.326845,-0.077742,-0.427933,0.553474,0.517098,-0.749567,-0.326845,-0.322874,0.229822,0.446122,-0.786385,-0.55487,0.760528,-0.533645,-0.823672,-0.170368,-0.327012,0.45341,-0.313989,-0.653506,-0.341575,0.488099,-0.99772,-0.079205,0.493308,0.155709,0.071025,0.169491,0.806036,-0.33126,-0.261138,0.30761,-0.183739,0.627565,-0.200583,0.031311,0.806036,-0.350242,0.713132,0.493308,0.627943,-0.155802,0.526835,-0.305045,-0.582814,-0.078517,0.0,#
1,0.503651,1.0,-0.388529,-0.494334,0.023471,-0.142459,0.68223,0.102749,0.413906,0.819125,-0.115463,-0.233113,0.390452,0.436912,0.68223,-0.115463,-0.217869,-0.111462,0.548957,-0.653382,-0.326719,-0.114062,0.286252,-0.019438,-0.427886,-0.442016,0.43221,-0.059512,0.373633,0.778023,-0.653382,-0.046701,0.190291,0.343748,-0.335708,0.319322,-0.615787,-0.165521,0.153181,0.728299,-0.420751,-0.17254,0.358307,0.096452,0.572182,-0.52081,0.455417,-0.315456,-0.525087,0.295455,-0.528794,-0.816795,-0.279686,-0.177684,0.058088,-0.696373,0.688965,0.38143,0.533662,0.295455,-0.628563,0.191978,-0.764395,-0.112268,0.395694,0.245784,-0.217869,-0.032611,0.063522,-0.551679,-0.614473,-0.593053,-0.326725,-0.799686,-0.799763,0.502497,-0.752537,-0.525368,-0.653254,-0.215913,-0.653254,-0.65309,-0.65309,0.349597,-0.848094,-0.326637,-0.653101,-0.799763,-0.799763,-0.326804,-0.65309,-0.752537,-0.799763,-0.525368,-0.033624,-0.65309,-0.65309,-0.525321,-0.217244,0.081309,0.540531,-0.65309,-0.767221,-0.42766,-0.799686,-0.208384,-0.997063,0.21562,-0.512911,-0.533388,-0.42766,0.790974,-0.512911,-0.799686,-0.631313,-0.222195,-0.213442,-0.799763,-0.149502,-0.799686,-0.65309,-0.411653,-0.997063,-0.42766,-0.394351,0.273118,-0.326804,-0.440857,-0.286289,-0.549644,-0.653254,-0.65309,-0.65309,0.329467,-0.65309,-0.65309,0.0,-0.109815,0.057238,-0.997063,-0.533668,-0.326637,-0.65309,-0.165521,-0.348507,-0.826786,-0.533388,0.721135,-0.799763,-0.213442,-0.348507,-0.799763,-0.533388,-0.326637,-0.529039,-0.42766,0.193835,0.54974,-0.752537,-0.326637,0.197972,-0.326637,0.476506,-0.474439,-0.499729,0.356625,-0.533305,-0.342332,-0.179354,-0.326804,0.515354,-0.279877,-0.208384,-0.799763,0.490324,-0.516858,-0.533305,0.997877,0.596966,0.139745,0.228164,0.808209,-0.295851,-0.241791,0.763541,-0.142151,0.629748,-0.653254,-0.023323,0.808209,-0.352809,0.786704,0.997877,0.630093,-0.58505,0.05738,0.244543,-0.602439,-0.741972,0.0,#
2,-0.430221,-0.388529,1.0,-0.036138,0.533671,0.226888,0.248002,0.491241,0.39132,-0.508108,0.359806,0.217907,-0.182922,-0.379058,-0.195956,0.324175,-0.238379,-0.097318,-0.409066,0.223854,-0.334958,0.198556,0.248476,-0.107064,0.052018,-0.343763,0.474536,0.084922,0.360168,-0.512077,-0.263571,0.37674,-0.335496,-0.548394,-0.24699,0.343132,0.544371,-0.249355,0.292208,-0.312483,0.11787,0.50109,-0.463709,0.161721,-0.370268,-0.063639,-0.113018,0.788307,0.001296,0.258377,0.226461,0.401448,0.369197,0.012489,-0.8328,0.33711,-0.567693,-0.168866,0.151381,-0.455845,0.718324,-0.321002,0.411049,0.472493,0.091576,0.075413,-0.238379,0.072168,0.436118,0.391642,0.534126,0.466082,-0.334983,0.523128,0.069181,0.597227,0.32852,-0.034759,-0.225322,-0.199786,0.217934,-0.258267,0.179783,-0.050358,0.31899,0.788518,0.187668,0.069181,0.087879,-0.357568,-0.240015,0.32852,0.069181,0.449627,-0.014576,0.645212,0.645212,0.392125,0.243236,-0.298932,0.173631,0.225413,0.348293,0.031994,0.523128,-0.659813,0.409345,-0.315414,-0.047691,-0.085519,0.541906,-0.269049,-0.047691,0.050924,0.738711,-0.219895,-0.227367,0.087879,-0.58257,0.523128,0.207161,-0.428163,0.409345,-0.447923,-0.108537,-0.151242,-0.357568,0.479638,0.308888,-0.007781,0.199465,-0.258267,-0.258267,-0.482065,0.207161,0.207161,0.0,0.405595,0.053256,0.409345,-0.097318,0.187202,0.207161,-0.310547,-0.356468,0.391933,-0.564804,-0.214956,0.087879,-0.227367,0.097219,0.069181,-0.085519,-0.334695,-0.053465,0.031994,0.028131,0.134404,0.32852,-0.334695,0.485363,0.187202,0.145569,0.324957,0.2754,0.000357,0.370482,0.264284,-0.098952,-0.357568,-0.385985,-0.196543,-0.194385,0.087879,-0.287284,0.436576,0.351958,-0.36733,0.345793,0.456786,0.33407,-0.49548,0.22562,0.19093,-0.464181,-0.128983,-0.099789,-0.225322,-0.530315,-0.49548,0.546696,-0.292545,-0.36733,-0.601791,0.234707,-0.430929,0.423704,0.235075,0.350825,0.0,#
3,-0.521053,-0.494334,-0.036138,1.0,-0.488726,-0.267409,-0.601632,-0.538443,-0.311878,-0.362311,0.077088,-0.244146,-0.307191,-0.369093,-0.601632,-0.390429,0.180199,0.073566,-0.036117,0.222637,0.335882,-0.494927,-0.21602,0.035229,0.41008,0.742624,-0.352649,0.453676,-0.293447,-0.321536,0.59305,-0.42304,-0.1802,-0.382751,0.281117,-0.321536,0.477843,0.685887,-0.156061,-0.168802,0.410446,-0.020387,-0.32418,-0.17656,-0.015122,0.492064,-0.360893,-0.196661,0.552158,-0.223577,0.511532,0.703216,-0.132971,0.089384,0.353936,0.041119,-0.434166,0.201562,-0.441393,0.442822,0.217304,-0.289081,0.50348,0.291675,0.256712,-0.305095,0.180199,0.347984,-0.111091,-0.024778,0.415877,0.0519,0.335837,0.33446,0.767491,-0.49476,0.745021,0.519824,0.645017,0.206228,0.160356,0.593389,0.11442,0.164812,0.219,-0.196648,0.171875,0.767491,0.331348,0.270299,0.167639,0.745021,0.767491,-0.009808,0.519824,0.164682,0.164682,0.548476,0.204145,0.453042,-0.3132,0.217901,0.196268,-0.112723,0.33446,0.646608,0.473815,-0.211861,0.995269,0.547727,-0.057657,-0.201479,0.995269,0.283466,0.127432,0.210931,0.64541,0.331348,0.059099,0.33446,0.643651,0.405331,0.473815,0.412023,0.193202,-0.278219,0.270299,0.193202,-0.160795,0.068724,0.591165,0.593389,0.593389,0.049319,0.643651,0.643651,0.0,0.117855,0.011406,0.473815,0.493944,0.270161,0.643651,-0.117002,0.337459,0.699038,0.495968,-0.28201,0.331348,0.64541,0.820401,0.767491,0.547727,0.336323,0.000324,-0.112723,-0.599894,-0.507686,0.745021,0.336323,-0.249512,0.270161,-0.431736,0.45311,0.533695,-0.334242,0.114025,0.32913,0.145349,0.270299,-0.470521,0.273816,0.69687,0.331348,-0.504739,0.534147,0.54612,-0.51541,-0.587598,-0.079759,-0.661715,-0.375395,-0.186579,-0.223196,-0.297179,0.115689,-0.180866,0.645017,0.485652,-0.375395,0.391079,-0.771753,-0.51541,-0.188965,0.13687,-0.077478,-0.319082,0.562587,-0.053007,0.0,#
4,0.035217,0.023471,0.533671,-0.488726,1.0,0.203891,0.612804,0.017829,0.32149,-0.106023,0.34699,0.675675,0.301698,-0.525767,0.190763,0.34699,-0.218218,0.356348,0.097074,0.221448,-0.327242,0.198549,0.169031,-0.533392,0.047619,-0.78001,0.429662,-0.421424,0.285798,-0.101973,-0.654429,0.380453,0.218218,-0.09779,-0.31978,0.330116,0.05495,-0.45664,-0.321788,0.207471,0.107901,0.288028,-0.469174,-0.329775,-0.427886,-0.521644,0.366594,0.678479,-0.016965,0.177943,0.207308,-0.154805,0.331084,-0.477069,-0.381727,0.375203,-0.230023,-0.238016,0.534516,-0.528179,0.156772,0.2174,0.244292,-0.087954,-0.014556,0.535707,-0.218218,-0.30595,0.27807,0.430947,0.061293,-0.007394,-0.327248,0.088996,-0.364577,0.516845,-0.217774,-0.52656,-0.223172,-0.741171,0.233316,-0.654135,-0.203007,-0.533435,0.281469,0.763373,-0.208138,-0.364577,0.097563,-0.327327,-0.203007,-0.217774,-0.364577,-0.027714,-0.52656,0.223058,0.223058,-0.300707,-0.217917,-0.354817,-0.218216,0.223058,-0.201665,0.065899,0.088996,-0.654135,-0.043657,-0.326531,-0.534801,-0.095493,0.532686,-0.327047,-0.534801,-0.343271,0.289815,-0.653418,-0.654147,0.097563,-0.129285,0.088996,-0.22807,-0.412312,-0.043657,-0.428345,-0.642835,0.30483,-0.327327,0.356626,0.660609,-0.019512,-0.223172,-0.654135,-0.654135,-0.567379,-0.22807,-0.22807,0.0,-0.08215,0.007437,-0.043657,-0.089087,-0.32716,-0.22807,-0.45664,-0.343271,-0.16188,-0.534242,0.290595,0.097563,-0.654147,-0.368699,-0.364577,-0.095493,-0.32716,-0.502761,0.065899,0.395366,0.518393,-0.217774,-0.32716,0.36353,-0.32716,0.531655,0.231951,-0.491565,0.379541,0.356106,0.15315,-0.160939,-0.327327,0.021329,-0.6215,-0.22807,0.097563,0.091034,-0.051423,-0.101745,0.041428,0.679732,0.210827,0.710872,-0.096429,0.193198,0.184851,-0.100766,-0.671657,0.252148,-0.223172,-0.993711,-0.096429,0.080611,0.199342,0.041428,-0.228833,0.348067,-0.428327,0.346771,0.145776,0.105164,0.0,#
5,0.264828,-0.142459,0.226888,-0.267409,0.203891,1.0,0.240354,0.252115,0.438826,0.054269,-0.051778,0.168393,0.062283,-0.238485,-0.13928,-0.41682,0.321918,0.371829,-0.64832,0.548594,-0.037085,0.443236,0.318284,-0.325517,0.186758,-0.471102,-0.125321,-0.641908,-0.433801,0.041603,-0.239274,0.230273,-0.49858,0.01797,-0.592393,-0.424803,-0.234998,-0.338338,-0.03988,-0.49846,0.163865,0.325413,-0.142284,0.133781,-0.142459,-0.4839,0.411832,0.212948,-0.017702,-0.303154,-0.434285,-0.074547,0.53955,-0.24469,-0.429385,-0.175661,-0.384852,-0.46322,0.02885,-0.303154,-0.019742,-0.488547,-0.30661,0.091775,-0.078036,0.221123,0.321918,-0.62872,-0.018413,0.170825,0.199124,0.597533,-0.49846,-0.046203,-0.058014,0.060172,-0.078357,0.181483,0.151291,-0.038595,0.561911,-0.245192,0.160606,-0.403062,-0.0363,0.482631,-0.231445,-0.058014,0.357691,-0.027481,0.160606,-0.078357,-0.058014,0.630206,0.181483,0.160606,0.175936,-0.130668,0.185873,-0.039802,0.060197,0.160606,0.457359,0.212017,-0.030649,-0.245192,0.155708,0.016644,-0.286086,-0.040209,0.6319,0.071331,-0.286086,-0.046203,0.253111,-0.199748,-0.632639,0.357691,-0.005039,-0.046203,-0.245192,-0.36429,0.155708,-0.249362,-0.077399,0.509725,-0.007852,0.041928,-0.002708,0.618501,0.151291,-0.245192,-0.245192,-0.235307,-0.245192,-0.229862,0.0,-0.005626,-0.714713,0.155708,0.371829,-0.498326,-0.245192,-0.338338,-0.046203,0.025751,-0.040209,0.12764,0.357691,-0.632639,-0.457909,-0.058014,-0.024423,-0.498326,0.192067,0.195221,0.44786,0.430546,-0.078357,-0.498326,-0.423319,-0.021861,0.290055,-0.507679,0.262006,0.446844,-0.012813,-0.590097,-0.420443,-0.027481,-0.19153,-0.219514,-0.245192,0.357691,0.029479,-0.271788,-0.035693,-0.171191,0.257202,-0.015433,0.601957,0.038166,-0.019912,-0.224767,-0.365153,0.076358,0.25476,0.151291,-0.173097,0.038166,-0.041875,0.037167,-0.171191,-0.172905,0.114801,0.24453,0.038679,-0.390389,0.295485,0.0,#
6,0.217958,0.68223,0.248002,-0.601632,0.612804,0.240354,1.0,0.238292,0.829578,0.450678,-0.033032,0.181256,0.543353,-0.080362,0.62595,-0.033032,-0.332654,-0.025266,0.261814,-0.221342,-0.498852,-0.03397,0.367533,-0.333334,-0.231279,-0.874182,0.679614,-0.304648,0.518232,0.411936,-0.99762,0.169997,-0.015472,0.005696,-0.694995,0.365982,-0.241838,-0.510507,-0.046899,0.487639,-0.173291,0.144996,-0.021384,0.029163,0.282199,-0.795202,0.642443,0.194757,-0.350645,0.381404,-0.37196,-0.523171,0.219846,-0.298793,-0.426374,-0.462247,0.236485,0.059066,0.814824,-0.244423,-0.205638,-0.003816,-0.434554,0.102898,0.511902,0.546347,-0.332654,-0.245373,0.258213,-0.25587,-0.234606,-0.269469,-0.498862,-0.432242,-0.834287,0.799556,-0.51065,-0.663182,-0.615321,-0.473515,-0.210741,-0.997173,-0.597344,0.011707,-0.579987,0.467798,-0.601898,-0.834287,-0.424698,-0.498982,-0.597344,-0.51065,-0.834287,-0.221061,-0.203376,-0.219728,-0.219728,-0.327193,-0.203134,-0.00259,0.37649,-0.219728,-0.51073,-0.214933,-0.432242,-0.581351,-0.675964,0.008682,-0.658552,-0.425548,0.198774,0.546363,-0.658552,-0.815355,-0.146643,-0.593841,-0.586087,-0.424698,-0.454896,-0.432242,-0.619557,-0.628534,-0.675964,-0.652975,-0.574085,0.482888,-0.498982,-0.094137,0.147335,-0.237259,-0.615321,-0.997173,-0.997173,-0.274191,-0.619557,-0.619557,0.0,-0.018131,-0.183761,-0.675964,-0.42005,-0.498727,-0.619557,-0.510507,-0.39348,-0.535225,-0.814406,0.635422,-0.424698,-0.586087,-0.416016,-0.834287,-0.425548,-0.498727,-0.645643,-0.214933,0.422905,0.829393,-0.51065,-0.498727,0.448725,-0.498727,0.65924,-0.248502,-0.326972,0.453413,-0.025249,-0.219772,-0.48104,-0.498982,0.233433,-0.610182,-0.203735,-0.424698,0.403008,-0.233825,-0.431036,0.684519,0.992738,0.362624,0.667379,0.440567,0.001974,-0.221268,0.407752,-0.362087,0.635083,-0.615321,-0.60895,0.440567,-0.021791,0.542872,0.684519,0.208896,-0.135734,-0.199427,0.474531,-0.415654,-0.490425,0.0,#
7,0.058294,0.102749,0.491241,-0.538443,0.017829,0.252115,0.238292,1.0,0.369436,-0.030733,-0.052099,-0.238375,-0.172244,0.522796,0.238292,0.360078,-0.217878,-0.533689,-0.424971,-0.235747,-0.326732,0.460584,0.314329,0.410408,-0.427903,-0.299153,0.43059,0.093758,0.394738,-0.080243,-0.202334,0.435099,-0.326817,-0.075843,-0.187375,0.342975,0.009552,-0.449757,0.779789,-0.326738,-0.420767,0.246958,0.346312,0.668925,0.102749,-0.015715,-0.108362,0.296255,-0.525108,0.323605,-0.489433,-0.161975,0.168534,0.39507,-0.794168,-0.076475,0.12488,-0.094686,0.083388,-0.337352,0.322839,-0.246564,-0.338965,0.281747,-0.147149,-0.140479,-0.217878,0.036743,0.252847,-0.046101,0.015546,0.373739,-0.326738,0.091396,-0.332607,0.581776,-0.214328,-0.026979,-0.65328,0.318488,-0.225989,-0.197061,0.225212,0.355703,-0.189459,0.198323,0.215235,-0.332607,-0.367213,-0.326817,-0.230843,-0.214328,-0.332607,0.439961,-0.026979,0.225212,0.225212,0.138571,0.243814,-0.386825,0.721712,-0.230843,0.330341,0.034954,0.091396,-0.653116,-0.040865,0.208858,-0.500594,-0.533409,0.034954,0.266067,-0.500594,0.091396,0.291994,0.233271,-0.202247,-0.367213,-0.532468,0.091396,-0.197061,-0.41167,-0.040865,-0.427677,0.324035,-0.218655,-0.326817,-0.10461,-0.209772,-0.085578,-0.191806,-0.197061,-0.197061,0.02907,-0.197061,-0.197061,0.0,0.367112,0.083534,-0.040865,-0.533689,0.240321,-0.197061,0.258093,-0.371298,-0.169071,-0.533409,-0.209395,-0.367213,-0.202247,-0.337024,-0.332607,-0.533409,-0.32665,0.427915,0.034954,0.207243,0.1137,-0.214328,-0.32665,0.39101,0.240321,0.060181,-0.353272,0.212125,-0.039658,-0.104761,-0.203189,-0.049392,-0.326817,0.104958,0.163839,-0.653116,-0.367213,0.140599,-0.04864,-0.070475,0.128863,0.254502,0.348411,0.271549,-0.013539,0.225591,0.244274,-0.021559,0.396699,-0.160603,-0.65328,-0.017717,-0.013539,0.083,0.298547,0.128863,-0.149938,-0.260644,0.051319,0.379122,-0.474074,0.286361,0.0,#
8,-0.067094,0.413906,0.39132,-0.311878,0.32149,0.438826,0.829578,0.369436,1.0,0.232375,-0.269077,-0.018596,0.460112,-0.104618,0.450678,-0.269077,-0.271664,-0.265535,-0.076693,-0.028368,-0.407389,-0.139037,0.321715,-0.178034,-0.106023,-0.652091,0.581731,-0.182483,0.439423,0.189181,-0.81471,0.047075,-0.407495,-0.226256,-0.802947,0.14263,0.043977,-0.467513,0.048791,0.111835,-0.049422,0.198593,0.038512,0.263791,0.413906,-0.649405,0.541066,0.084231,-0.197802,0.333098,-0.438821,-0.147282,0.413063,-0.008734,-0.576118,-0.613743,0.033042,-0.027932,0.665429,-0.300843,0.038003,-0.384744,-0.375682,0.393764,0.675355,0.393115,-0.271664,-0.191547,0.21331,-0.382733,0.05169,0.022437,-0.407398,-0.198149,-0.605385,0.679881,-0.126245,-0.373211,-0.427493,-0.089395,-0.017668,-0.814346,-0.409333,0.171494,-0.624417,0.571769,-0.413943,-0.605385,-0.190485,-0.407495,-0.409333,-0.126245,-0.605385,0.074642,0.092556,-0.026821,-0.026821,0.104664,-0.010127,0.236287,0.446674,-0.026821,-0.126962,-0.089533,-0.198149,-0.393132,-0.38587,0.106512,-0.368232,-0.271188,0.329538,0.651318,-0.368232,-0.58623,0.040684,-0.405999,-0.397926,-0.190485,-0.663915,-0.198149,-0.431834,-0.513295,-0.38587,-0.533255,-0.212414,0.445938,-0.407495,-0.093319,-0.023423,0.057456,-0.427493,-0.814346,-0.814346,-0.358175,-0.431834,-0.431834,0.0,0.141033,-0.433178,-0.38587,-0.265535,-0.407288,-0.431834,-0.467513,-0.158885,-0.155888,-0.665088,0.343391,-0.190485,-0.397926,-0.181713,-0.605385,-0.271188,-0.407288,-0.355569,-0.089533,0.318232,0.694192,-0.126245,-0.407288,0.395203,-0.407288,0.406933,-0.262313,0.252223,0.240053,0.134276,-0.25849,-0.660188,-0.407495,-0.034358,-0.413125,-0.01062,-0.190485,0.270317,0.062008,-0.276773,0.404432,0.83554,0.413013,0.497748,0.213617,0.110772,-0.385211,0.193337,0.004077,0.463779,-0.427493,-0.319468,0.213617,0.217655,0.175711,0.404432,0.031843,-0.033332,-0.073832,0.418419,-0.402347,-0.385205,0.0,#
9,0.798204,0.819125,-0.508108,-0.362311,-0.106023,0.054269,0.450678,-0.030733,0.232375,1.0,-0.269077,-0.416632,0.460112,0.437046,0.450678,-0.269077,0.381374,0.134367,0.392583,-0.428957,-0.407389,-0.00341,0.321715,-0.178034,-0.533537,-0.345401,0.122124,-0.182483,-0.035732,0.996053,-0.428957,0.114711,0.082283,0.165679,-0.51099,0.14263,-0.555067,-0.206391,0.048791,0.591894,-0.195643,-0.215143,0.279206,0.263791,0.413906,-0.649405,0.348598,-0.185741,-0.654737,-0.300843,-0.438821,-0.66132,-0.154698,-0.46223,0.230249,-0.633675,0.549315,-0.027932,0.265533,0.333098,-0.489798,0.070036,-0.659509,0.042816,0.217975,0.393115,0.381374,-0.347023,0.21331,-0.398989,-0.551837,-0.425641,-0.407398,-0.997139,-0.605385,0.236557,-0.628992,-0.373211,-0.427493,-0.117471,-0.427493,-0.431834,-0.431834,0.171494,-0.709596,-0.407288,-0.81436,-0.605385,-0.605385,-0.407495,-0.431834,-0.628992,-0.605385,-0.373211,0.092556,-0.814346,-0.431834,-0.518337,-0.401409,-0.161897,0.446674,-0.814346,-0.636166,-0.114184,-0.609058,-0.01062,-0.826808,0.106512,-0.368232,-0.665088,-0.114184,0.651318,-0.368232,-0.609058,-0.787192,-0.019463,-0.397926,-0.605385,0.109879,-0.997139,-0.814346,-0.513295,-0.826808,-0.533255,-0.375558,0.359516,0.082283,-0.419607,-0.548938,-0.392984,-0.427493,-0.431834,-0.431834,0.392491,-0.814346,-0.431834,0.0,-0.263414,-0.099348,-0.826808,-0.265535,-0.407288,-0.814346,-0.206391,-0.181713,-0.672199,-0.271188,0.835636,-0.605385,-0.397926,-0.569794,-0.605385,-0.271188,-0.407288,-0.380234,-0.533255,0.293752,0.666654,-0.628992,-0.407288,-0.198195,0.068254,0.323682,-0.650558,-0.42097,0.557024,-0.664985,-0.706841,-0.328578,-0.407495,0.348617,-0.47006,-0.393132,-0.605385,0.602339,-0.788419,-0.276773,0.804974,0.360347,0.21721,0.006821,0.998177,-0.388995,-0.434021,0.555199,-0.024233,0.776019,-0.427493,0.162,0.998177,-0.18943,0.631258,0.804974,0.776568,-0.3979,0.361983,-0.173096,-0.514525,-0.642695,0.0,#
10,-0.104689,-0.115463,0.359806,0.077088,0.34699,-0.051778,-0.033032,-0.052099,-0.269077,-0.269077,1.0,0.382888,-0.633396,-0.365676,-0.423302,0.217539,-0.271744,0.553597,-0.046679,-0.036188,0.066779,0.319627,0.241753,-0.233243,0.329376,-0.076306,0.088931,-0.016492,-0.07165,-0.2655,0.012103,0.050438,0.096859,0.141326,0.349568,0.200547,-0.240565,0.392786,0.224164,0.086947,-0.035318,0.378209,-0.622271,-0.486176,-0.532842,0.168776,-0.097774,0.440537,0.150398,0.252932,0.290108,-0.134209,-0.344963,-0.286837,-0.23045,0.38621,-0.429668,0.388787,-0.174645,0.252932,-0.075384,0.084395,0.145108,-0.225925,-0.211055,-0.279119,-0.271744,0.264554,0.057305,0.532188,0.203824,0.140303,-0.407518,0.243127,0.25508,0.255589,-0.10932,0.109685,-0.033395,-0.589827,-0.033395,0.014184,0.014184,-0.207646,0.362988,0.082404,0.004766,0.25508,-0.206457,0.07668,-0.436356,-0.10932,0.25508,0.109685,0.109685,0.408174,0.029943,-0.283203,0.436687,-0.190301,-0.069954,-0.042366,-0.087181,-0.533413,-0.14061,-0.436356,0.087604,-0.406625,0.087604,0.129926,-0.101767,-0.407267,0.087604,-0.156599,0.497988,-0.358415,0.004766,-0.206457,0.115965,0.243127,0.408174,-0.24232,0.087604,-0.119033,-0.464715,-0.184559,-0.407616,0.459505,0.384466,-0.380342,0.422498,0.014184,0.014184,0.146906,0.408174,0.029943,0.0,0.22966,0.293509,0.087604,0.141694,0.152706,0.408174,-0.306504,-0.613697,-0.029308,-0.275794,0.063073,-0.206457,0.004766,0.243127,0.25508,-0.259565,-0.407408,-0.333416,-0.119033,-0.261721,-0.202753,-0.10932,-0.407408,-0.033005,0.152706,0.354889,0.304357,-0.395389,0.163568,-0.26532,0.370922,0.553621,0.07668,-0.12747,0.043162,-0.042366,-0.206457,-0.597264,0.076783,0.191934,-0.109505,-0.001237,-0.160536,0.341612,-0.272414,-0.419927,0.371633,-0.271021,-0.500491,0.009541,-0.033395,-0.372812,-0.272414,-0.148712,0.06502,-0.109505,-0.429561,-0.356197,-0.53339,0.423279,0.197966,0.168678,0.0,#
11,-0.222339,-0.233113,0.217907,-0.244146,0.675675,0.168393,0.181256,-0.238375,-0.018596,-0.416632,0.382888,1.0,-0.036576,-0.597368,-0.211685,0.382888,-0.333201,0.411404,-0.163242,0.20027,-0.022136,0.354607,-0.396587,-0.428728,0.640207,-0.342864,-0.204614,-0.643481,-0.055584,-0.413173,-0.231167,-0.238345,0.008127,0.402168,0.12535,-0.010878,-0.085659,-0.159988,-0.491344,-0.001832,0.304264,-0.117994,-0.556638,-0.773462,-0.653348,-0.153407,0.061557,0.252049,0.344766,0.221213,0.265072,-0.034197,-0.070795,-0.159903,-0.037374,0.400926,-0.419759,-0.084843,0.019907,-0.43622,0.005839,0.489163,0.278824,-0.658393,-0.098119,-0.078682,-0.333201,0.014404,0.020799,0.647233,0.364564,0.264078,-0.021746,0.378315,-0.036526,0.004536,-0.035917,-0.242546,0.173027,-0.516764,0.59804,-0.237172,0.18285,-0.814512,0.448626,0.515792,0.169425,-0.036526,0.39375,0.475421,0.18285,-0.035917,-0.036526,0.221904,-0.242546,0.579537,0.198717,-0.321322,0.18666,-0.013214,-0.658268,0.579537,-0.00751,0.223334,-0.008049,-0.237172,0.19348,0.018241,-0.263799,0.377067,0.240718,-0.499374,-0.263799,-0.024148,0.528871,-0.612891,-0.245832,0.39375,0.380371,0.378315,0.159515,0.107487,0.19348,0.180385,-0.318332,0.484571,-0.01219,0.612215,0.95887,0.235954,0.173027,-0.237172,-0.237172,-0.207967,0.159515,-0.221305,0.0,0.008783,-0.298842,0.19348,0.394815,-0.026109,0.159515,-0.159988,-0.024148,0.070123,-0.03143,-0.111695,0.39375,-0.245832,-0.047822,-0.036526,-0.01509,-0.026109,-0.227448,0.640551,0.319362,0.005598,-0.035917,-0.026109,0.072616,-0.499547,0.240822,0.377597,-0.353415,0.000986,0.399757,0.392556,-0.064948,0.475421,-0.257933,-0.193198,0.159515,0.39375,-0.403444,0.179513,-0.413019,-0.240567,0.224511,-0.544469,0.579539,-0.434537,-0.036707,0.152667,-0.428346,-0.405506,-0.184896,0.173027,-0.727818,-0.434537,-0.402283,-0.041169,-0.240567,-0.62212,0.272217,-0.220134,0.508829,0.247407,0.217543,0.0,#
12,0.363871,0.390452,-0.182922,-0.307191,0.301698,0.062283,0.543353,-0.172244,0.460112,0.460112,-0.633396,-0.036576,1.0,-0.108829,0.543353,-0.177522,0.153617,-0.124093,0.321439,-0.02198,-0.369805,-0.284908,-0.106333,-0.063525,-0.254624,-0.522831,0.291238,-0.258611,0.356246,0.454396,-0.542524,0.234593,0.230425,-0.095414,-0.581006,-0.128064,0.122398,-0.34986,-0.416101,0.255358,0.273797,-0.308023,0.201785,0.085326,0.390452,-0.614364,0.401793,-0.079299,-0.070218,-0.143032,-0.272726,-0.223258,0.492941,-0.375348,0.089177,-0.315338,0.304905,-0.219819,0.64448,-0.143032,-0.089815,0.195656,-0.153031,0.155889,0.422845,0.745309,0.153617,-0.597365,0.21304,-0.39558,-0.436128,-0.377426,0.206343,-0.455307,-0.465151,0.126769,-0.301949,-0.348678,-0.043075,-0.24268,-0.043075,-0.544047,-0.544047,-0.062776,-0.352565,0.230308,-0.532641,-0.465151,0.053991,-0.406921,-0.037276,-0.301949,-0.465151,-0.348678,-0.326263,-0.544047,-0.06543,-0.23178,-0.512053,0.117699,0.039223,-0.037276,-0.276661,0.280564,0.030278,-0.017005,-0.390619,0.272659,-0.368551,-0.136495,0.301538,0.330012,-0.368551,-0.455307,-0.602585,-0.016842,-0.5126,0.053991,-0.159512,-0.455307,-0.544047,-0.076165,-0.390619,-0.243797,-0.359582,0.372707,0.205912,-0.414698,-0.113097,0.203276,-0.555867,-0.544047,-0.544047,-0.422671,-0.544047,-0.06543,0.0,-0.127528,-0.216871,-0.390619,-0.144108,-0.423514,-0.544047,-0.34986,0.079407,-0.36331,-0.136495,0.525504,0.053991,-0.5126,-0.434741,-0.465151,0.356371,0.206507,-0.339851,-0.243797,0.603405,0.646286,-0.301949,0.206507,0.302935,-0.399714,0.362783,-0.323448,-0.173707,0.448036,0.356597,-0.411997,-0.664,-0.406921,0.361041,-0.483866,-0.017005,0.053991,0.625335,-0.359847,-0.138296,0.384187,0.529993,0.306737,0.103068,0.458748,0.224973,-0.520592,0.44437,-0.297975,0.545271,-0.043075,-0.262945,0.458748,0.074933,0.306987,0.384187,0.53211,0.503085,0.341301,-0.260214,-0.272304,-0.291682,0.0,#
13,0.329112,0.436912,-0.379058,-0.369093,-0.525767,-0.238485,-0.080362,0.522796,-0.104618,0.437046,-0.365676,-0.597368,-0.108829,1.0,0.454369,0.192242,0.039498,-0.548247,0.164893,-0.503723,-0.037473,0.089062,0.173371,0.437107,-0.69815,0.203015,0.064532,0.326855,0.101544,0.412628,0.124434,0.081135,0.059246,0.169415,0.116743,0.346933,-0.318985,-0.264804,0.527433,0.159889,-0.686506,-0.130333,0.788551,0.656588,0.436912,0.145065,-0.12068,-0.33372,-0.686146,0.049589,-0.39191,-0.351979,-0.315794,0.462227,0.075345,-0.280892,0.749421,0.008462,-0.096752,0.049589,-0.170261,0.002674,-0.496794,0.019457,-0.267419,-0.205913,0.039498,0.212102,-0.092628,-0.409019,-0.411914,-0.222832,-0.037552,-0.393507,-0.398723,0.076269,-0.320972,-0.165536,-0.583885,0.620953,-0.583885,0.127472,0.127472,0.565522,-0.434476,-0.611904,0.127371,-0.398723,-0.566019,-0.138243,-0.035837,-0.320972,-0.398723,-0.165536,-0.075244,-0.412357,-0.335238,0.012545,-0.201857,-0.280501,0.566121,-0.575667,-0.157415,-0.006958,-0.315266,0.045817,-0.397077,0.231485,-0.308179,-0.618031,-0.513893,0.461143,-0.308179,0.15418,-0.410119,0.425404,0.208099,-0.566019,-0.069227,-0.393507,-0.412357,-0.074629,-0.397077,-0.091447,0.519275,-0.270067,-0.039498,-0.451027,-0.558509,-0.364767,-0.418635,0.127472,0.127472,0.513482,-0.412357,-0.335238,0.0,-0.167398,0.30825,-0.397077,-0.628872,0.16637,-0.412357,0.693335,0.071337,-0.37551,-0.06213,-0.072447,-0.566019,0.208099,-0.310664,-0.398723,-0.538617,-0.036658,0.429143,-0.091447,-0.11598,-0.06607,-0.320972,-0.036658,-0.005982,0.262244,-0.336806,-0.39066,-0.031671,-0.255087,-0.529458,-0.256715,0.186719,-0.138243,0.365653,0.250234,-0.494012,-0.566019,0.48299,-0.304212,-0.285448,0.459718,-0.148246,0.132897,-0.295367,0.459255,0.10135,0.232239,0.440335,0.61242,-0.155804,-0.583885,0.533879,0.459255,-0.15138,0.403453,0.459718,0.460787,-0.535508,0.237752,-0.094149,-0.395788,-0.174773,0.0,#
14,0.217958,0.68223,-0.195956,-0.601632,0.190763,-0.13928,0.62595,0.238292,0.450678,0.450678,-0.423302,-0.211685,0.543353,0.454369,1.0,-0.033032,-0.332654,-0.42005,0.625811,-0.206695,-0.005603,-0.378262,0.367533,0.04914,-0.65332,-0.436856,0.647205,0.164486,0.518232,0.411936,-0.602157,0.236768,0.468037,0.005696,-0.278677,0.365982,-0.241838,-0.510507,-0.046899,0.487639,-0.642425,0.144996,0.691454,0.350345,0.68223,-0.334646,0.642443,-0.238332,-0.367352,0.381404,-0.37196,-0.504377,0.219846,0.148899,-0.028352,-0.324509,0.848083,0.059066,0.814824,-0.244423,-0.379319,-0.003816,-0.434554,0.102898,0.124879,0.546347,-0.332654,-0.143049,-0.259539,-0.673118,-0.690219,-0.695429,-0.00599,-0.409706,-0.811532,0.405672,-0.483077,-0.63862,-0.592844,0.025389,-0.592844,-0.597344,-0.597344,0.416944,-0.551957,-0.001657,-0.206606,-0.811532,-0.401943,-0.498982,-0.197515,-0.483077,-0.811532,-0.63862,-0.620935,-0.597344,-0.597344,-0.122184,-0.589407,0.020533,0.37649,-0.197515,-0.482803,-0.214933,-0.409706,-0.181522,-0.651781,0.008682,-0.634369,-0.402674,-0.214933,0.546363,-0.634369,-0.409706,-0.543608,-0.189806,-0.190794,-0.401943,-0.454896,-0.409706,-0.597344,-0.141298,-0.651781,-0.214933,-0.050652,-0.000569,-0.498982,-0.61757,-0.149115,-0.212554,-0.997424,-0.597344,-0.597344,-0.274191,-0.597344,-0.597344,0.0,-0.417402,0.27762,-0.651781,-0.814833,-0.498727,-0.597344,0.15972,0.012169,-0.610737,-0.402674,0.29526,-0.401943,-0.190794,-0.39348,-0.811532,-0.402674,-0.001657,-0.207358,-0.214933,0.084581,0.448788,-0.483077,-0.001657,0.390145,-0.498727,0.19352,-0.213659,-0.290051,0.036194,-0.002705,-0.101742,-0.060142,-0.498982,0.692523,-0.216734,-0.181522,-0.401943,0.831633,-0.209838,-0.408492,0.712763,0.597697,0.427056,0.259259,0.467275,0.495344,0.188309,0.841531,-0.082613,0.224092,-0.592844,-0.189563,0.467275,0.000536,0.574995,0.712763,0.639871,-0.135734,-0.199427,-0.017211,-0.37874,-0.405694,0.0,#
15,-0.104689,-0.115463,0.324175,-0.390429,0.34699,-0.41682,-0.033032,0.360078,-0.269077,-0.269077,0.217539,0.382888,-0.177522,0.192242,-0.033032,1.0,-0.271744,-0.253732,-0.046679,-0.402341,-0.40751,0.459324,-0.358462,0.149855,-0.110966,-0.076306,0.055117,-0.016492,0.379393,-0.2655,0.012103,0.120104,0.096859,0.141326,0.349568,0.600107,0.194978,-0.306504,0.224164,0.086947,-0.07297,-0.261018,-0.126438,-0.06729,-0.532842,0.168776,-0.554527,0.440537,-0.320249,0.252932,0.290108,-0.001647,-0.344963,0.180268,-0.199783,0.52992,-0.004255,-0.102503,-0.174645,-0.400032,0.453757,0.629333,0.323704,-0.316295,-0.324121,-0.279119,-0.271744,0.371315,0.447115,0.548932,0.203824,0.157397,0.067168,0.266641,-0.148528,0.27081,-0.080552,-0.32598,-0.432067,-0.069289,-0.009943,0.014184,0.43135,-0.207646,0.392233,0.111216,0.417199,-0.148528,-0.182716,0.07668,-0.01919,-0.080552,-0.148528,0.135312,-0.32598,0.43135,0.43135,-0.069304,0.033664,-0.600434,-0.069954,-0.01919,-0.058043,0.338004,0.266641,-0.436356,0.112836,0.106689,-0.341334,-0.275794,-0.076376,-0.407267,-0.341334,0.266641,0.358629,0.023794,0.004766,-0.182716,0.115965,0.266641,0.014184,-0.052531,0.112836,-0.119033,0.081415,-0.154887,0.07668,0.459505,0.461792,-0.354566,0.023826,0.014184,0.014184,0.146906,0.014184,0.014184,0.0,0.212997,0.362278,0.112836,-0.270208,0.622926,0.014184,0.392786,-0.190458,-0.009612,-0.275794,-0.291839,-0.182716,0.004766,-0.156599,-0.148528,-0.275794,0.062811,0.123875,0.338004,0.174985,-0.174388,-0.080552,0.062811,0.496298,0.152706,-0.131025,0.340711,-0.356867,-0.271743,0.142069,0.401709,0.155459,0.07668,-0.099293,-0.015483,-0.436356,-0.182716,-0.150053,0.10181,-0.207928,-0.080037,-0.001237,-0.09331,0.009474,-0.244549,0.094838,0.412858,-0.244398,0.024377,-0.419271,-0.432067,-0.372812,-0.244549,-0.125418,0.098536,-0.080037,-0.40311,0.05579,-0.102453,0.423279,0.236481,0.257084,0.0,#
16,0.546435,-0.217869,-0.238379,0.180199,-0.218218,0.321918,-0.332654,-0.217878,-0.271664,0.381374,-0.271744,-0.333201,0.153617,0.039498,-0.332654,-0.271744,1.0,0.408248,-0.216722,0.323121,-0.166623,0.178017,0.086066,-0.27159,-0.218218,0.124657,-0.488749,-0.214579,-0.662931,0.440897,0.323121,0.270437,-0.166667,-0.272078,-0.328407,-0.271931,0.047964,-0.084414,-0.163846,-0.166627,0.345192,-0.087994,-0.102382,0.293387,-0.217869,-0.265608,-0.140814,0.19235,-0.267789,-0.988014,0.105556,0.191119,0.187521,-0.500112,0.298145,0.044087,-0.175682,-0.662226,-0.408243,0.090604,0.179606,-0.190223,0.109754,0.253777,-0.266815,0.272769,1.0,-0.537889,0.260567,0.210208,0.051344,0.231539,-0.166627,-0.407832,0.258841,-0.407318,0.142567,0.211667,0.325405,0.148088,0.325405,0.317756,0.317756,-0.271612,0.15942,-0.166582,-0.333075,0.258841,0.258841,-0.166667,0.317756,0.142567,0.258841,0.211667,0.211667,-0.333069,0.317756,-0.035334,-0.332873,-0.406494,-0.11111,-0.333069,0.154024,0.494925,0.252468,0.317756,0.200063,-0.166261,0.200063,-0.272023,0.494925,-0.166524,0.200063,0.252468,-0.321964,0.324967,-0.333075,0.258841,0.427886,-0.407832,-0.333069,-0.209939,0.200063,-0.218103,-0.00347,0.17155,0.666667,-0.00347,-0.472616,0.217147,0.325405,0.317756,0.317756,0.136845,-0.333069,0.317756,0.0,-0.271211,-0.261278,0.200063,0.408248,-0.166582,-0.333069,-0.084414,0.252468,0.18871,0.398178,0.259635,0.258841,-0.333075,-0.407832,0.258841,0.398178,-0.166582,0.205634,-0.218103,0.187427,0.248334,0.142567,-0.166582,-0.656264,0.642529,-0.217194,-0.342301,0.089087,0.373023,-0.271981,-0.650963,-0.270019,-0.166667,-0.237374,-0.348743,-0.333069,0.258841,0.234658,-0.508503,0.388544,-0.238525,-0.348939,0.144364,-0.356097,0.395864,-0.185072,-0.348803,-0.285856,0.187854,0.305474,0.325405,0.313221,0.395864,0.24627,-0.193773,-0.238525,0.305855,0.265841,0.523424,-0.688612,0.095433,0.102225,0.0,#
17,0.367564,-0.111462,-0.097318,0.073566,0.356348,0.371829,-0.025266,-0.533689,-0.265535,0.134367,0.553597,0.411404,-0.124093,-0.548247,-0.42005,-0.253732,0.408248,1.0,-0.04191,0.389558,0.091624,0.274551,0.184466,-0.665257,0.356348,-0.209481,-0.342053,-0.525608,-0.633694,0.174607,-0.012367,0.063424,0.102062,0.166613,-0.077739,-0.26191,-0.396523,0.201331,-0.40134,0.092034,0.312318,0.188598,-0.626959,-0.552545,-0.533668,-0.314085,0.236633,0.295354,0.172803,-0.465003,0.231625,-0.166627,-0.027838,-0.770012,0.229431,0.232596,-0.430332,-0.151079,-0.166663,0.195513,-0.293294,0.047385,0.080652,-0.292528,-0.245085,0.198942,0.408248,-0.399586,-0.017487,0.514902,0.070281,0.11758,-0.40815,-0.190282,0.225753,-0.197081,-0.145506,0.077771,0.393794,-0.63187,0.393794,-0.018755,-0.018755,-0.66531,0.331332,0.087437,-0.421839,0.225753,0.225753,0.102062,-0.018755,-0.145506,0.225753,0.077771,0.077771,-0.018755,-0.018755,-0.519294,0.0,-0.16595,-0.442263,-0.018755,-0.123795,-0.097602,-0.190282,-0.018755,0.056152,-0.407255,0.056152,0.154508,0.339037,-0.407899,0.056152,-0.190282,0.04929,-0.412216,-0.421839,0.225753,0.569402,-0.190282,-0.018755,-0.228553,0.056152,-0.097602,-0.62469,0.36018,0.102062,0.31022,0.250306,0.08865,0.393794,-0.018755,-0.018755,0.027933,-0.018755,-0.018755,0.0,-0.242926,-0.222608,0.056152,0.583333,-0.40804,-0.018755,-0.506048,-0.190282,-0.055788,0.154508,0.43082,0.225753,-0.421839,-0.190282,0.225753,0.154508,-0.40804,-0.370064,-0.097602,0.102022,0.20659,-0.145506,-0.40804,-0.618274,0.087437,0.364314,-0.02942,-0.444229,0.555936,-0.261727,-0.193087,0.103654,0.102062,-0.153912,-0.379663,-0.018755,0.225753,-0.223531,-0.384811,0.14276,-0.137123,-0.020847,-0.258414,0.33921,0.124027,-0.453331,-0.066113,-0.296239,-0.542737,0.395817,0.393794,-0.324598,0.124027,-0.197937,0.033903,-0.137123,-0.053513,0.027132,-0.080133,-0.12975,0.155842,0.071543,0.0,#
18,0.083417,0.548957,-0.409066,-0.036117,0.097074,-0.64832,0.261814,-0.424971,-0.076693,0.392583,-0.046679,-0.163242,0.321439,0.164893,0.625811,-0.046679,-0.216722,-0.04191,1.0,-0.265108,0.154994,-0.668048,0.196587,-0.157541,-0.425634,-0.000893,0.388489,0.411512,0.305418,0.401934,-0.265108,-0.048437,0.74427,-0.051481,0.121539,0.401934,-0.158797,0.036031,-0.319582,0.82878,-0.418536,0.0271,0.283778,-0.113939,0.44279,-0.069891,0.385933,-0.261417,-0.099617,0.205512,0.235235,-0.300616,-0.214673,-0.120283,0.511108,-0.08634,0.685338,0.31292,0.530852,0.205512,-0.448657,0.231355,-0.015774,-0.021455,0.141518,0.409331,-0.216722,0.163845,-0.266759,-0.475885,-0.597463,-0.980337,0.154621,-0.400729,-0.396971,0.093437,-0.243926,-0.560615,-0.256108,-0.235883,-0.649815,-0.260568,-0.649652,0.330614,-0.27921,-0.324918,-0.264994,-0.396971,-0.396971,-0.325083,-0.260568,-0.243926,-0.396971,-0.990855,-0.48239,-0.649652,-0.649652,-0.141464,-0.649269,0.090824,-0.031368,-0.260568,-0.806402,-0.425409,-0.400729,0.199258,-0.568218,-0.324293,-0.067604,-0.129913,-0.425409,0.210205,-0.067604,-0.400729,-0.62799,-0.255763,0.189615,-0.396971,-0.086162,-0.400729,-0.260568,0.064656,-0.568218,0.000861,-0.298852,-0.173594,-0.325083,-0.359406,-0.056386,-0.555548,-0.649815,-0.260568,-0.260568,-0.063217,-0.260568,-0.260568,0.0,-0.528996,0.580761,-0.568218,-0.530859,-0.324918,-0.260568,0.036031,0.065791,-0.400144,-0.129913,0.383897,-0.396971,0.189615,0.065791,-0.396971,-0.129913,0.158794,-0.563937,-0.425409,-0.352749,0.145265,-0.243926,0.158794,0.19693,-0.324918,0.051379,0.257076,-0.525213,-0.047521,-0.135616,0.267828,0.288366,-0.325083,0.516512,-0.242653,0.199258,-0.396971,0.506773,-0.07512,-0.135616,0.574184,0.228033,0.258782,-0.166534,0.408276,0.152506,0.19353,0.778781,-0.380255,0.245875,-0.256108,-0.096464,0.408276,0.057674,0.287017,0.574184,0.64591,-0.163744,-0.425391,-0.212074,0.173079,-0.610162,0.0,#
19,-0.202238,-0.653382,0.223854,0.222637,0.221448,0.548594,-0.221342,-0.235747,-0.028368,-0.428957,-0.036188,0.20027,-0.02198,-0.503723,-0.206695,-0.402341,0.323121,0.389558,-0.265108,1.0,0.50387,-0.127475,0.23269,-0.410121,0.204922,0.00764,-0.180204,-0.147525,-0.518701,-0.39444,0.194196,0.23191,0.01136,-0.40628,-0.137186,-0.410635,0.260989,-0.132029,-0.49137,-0.499708,0.164765,0.557769,-0.167477,-0.022512,-0.230451,0.014982,0.347004,0.231158,0.455582,-0.390914,0.290579,0.498092,0.673398,-0.114272,-0.01103,0.42346,-0.407125,-0.548567,0.012366,-0.415419,0.184983,-0.530917,0.438863,0.228592,-0.337951,0.365423,0.323121,-0.447152,-0.402555,0.20624,0.236319,0.261354,0.021378,0.414752,0.391336,-0.38867,0.485855,0.219288,0.595667,0.023009,0.595667,0.192745,0.192745,-0.38612,0.537364,0.503898,0.217044,0.391336,0.824372,-0.007573,0.615462,0.485855,0.391336,0.219288,-0.248142,0.192745,0.192745,0.327523,-0.211755,0.021368,-0.497299,0.615462,0.520965,0.230225,0.414752,0.192745,0.651116,-0.498612,0.190903,0.411297,0.651415,-0.4994,0.190903,0.414752,0.287107,-0.182116,-0.200877,0.824372,0.011965,0.414752,0.192745,0.16111,0.651116,0.230225,0.104688,0.033407,-0.007573,0.084192,0.193276,0.703454,0.167927,0.192745,0.192745,-0.669482,0.192745,0.192745,0.0,-0.40686,-0.226088,0.651116,0.389557,-0.499573,0.192745,-0.105785,0.414752,0.506059,0.411297,-0.286946,0.824372,-0.200877,-0.014119,0.391336,0.411297,0.025952,0.246752,0.230225,-0.114499,-0.016394,0.485855,0.025952,-0.439271,-0.021627,-0.177214,0.204109,0.345238,0.001634,0.432547,0.00855,0.039921,-0.007573,-0.197955,-0.112687,0.192745,0.824372,0.040281,0.218284,0.393706,-0.655609,-0.149273,0.110001,0.196565,-0.419153,0.488203,0.212455,-0.371685,-0.097616,-0.184268,0.595667,-0.19159,-0.419153,0.399352,-0.513196,-0.655609,-0.178685,0.565724,-0.216036,-0.447685,0.364255,0.485733,0.0,#
20,-0.326927,-0.326719,-0.334958,0.335882,-0.327242,-0.037085,-0.498852,-0.326732,-0.407389,-0.407389,0.066779,-0.022136,-0.369805,-0.037473,-0.005603,-0.40751,-0.166623,0.091624,0.154994,0.50387,1.0,-0.387823,0.097458,0.097079,0.20703,0.513431,-0.219239,0.296849,-0.375585,-0.40779,0.50387,-0.187014,0.387654,0.101391,0.56326,-0.40779,-0.14092,0.373783,-0.245706,-0.249875,-0.321784,0.363554,0.316466,-0.174157,0.200791,0.612646,0.255865,-0.486491,0.594218,0.104181,0.125988,0.168631,0.079476,0.386138,0.388155,0.247744,0.139792,0.200086,-0.091622,0.104181,-0.399427,-0.28526,0.104127,-0.167668,-0.398417,-0.153733,-0.166623,0.113613,-0.94743,-0.234983,-0.183661,-0.214483,0.40006,0.408321,0.418167,-0.610818,0.250154,0.349807,0.517621,0.258624,-0.015887,0.505801,-0.021441,0.127062,0.27603,-0.249808,0.494386,0.418167,0.418167,0.362151,0.505801,0.250154,0.418167,-0.233205,-0.233205,-0.021441,-0.499474,0.217353,-0.010187,0.436879,-0.370648,0.505801,0.267803,-0.327069,-0.076672,0.505801,0.331905,-0.249327,0.331905,0.627275,-0.327069,-0.249721,0.331905,0.408321,0.019707,0.033862,0.494386,0.418167,0.106524,0.408321,0.505801,0.670345,0.331905,0.774286,0.385576,-0.380262,-0.249935,-0.304659,0.049647,0.358213,-0.015887,0.505801,0.505801,-0.182878,0.505801,0.027768,0.0,-0.40671,0.216594,0.331905,0.091624,-0.249808,0.505801,0.373783,0.408321,0.183417,0.627275,-0.489828,0.418167,0.494386,0.408321,0.418167,0.135011,0.405664,0.340479,0.196652,-0.593364,-0.611305,0.250154,0.405664,-0.40478,-0.249808,-0.325706,0.253075,0.182282,-0.417169,0.127235,0.359223,0.653328,0.362151,0.24942,0.568043,0.505801,0.418167,-0.060378,0.323014,0.127235,-0.320451,-0.490715,-0.269509,-0.080592,-0.406561,0.373058,0.505023,0.143339,0.023734,-0.503888,0.517621,0.289789,-0.406561,-0.081729,-0.248224,-0.320451,0.044128,-0.021696,-0.327055,-0.369614,0.19179,0.265031,0.0,#
