0,1.0,0.534536,-0.78835,-0.225407,0.199191,-0.072448,0.071512,-0.386614,-0.067956,0.534536,0.00653,-0.19811,-0.012327,0.259702,0.28911,0.078079,-0.427636,-0.469956,0.636465,-0.235568,0.150601,-0.008057,0.340046,0.05005,0.357198,-0.42762,-0.614582,0.314753,0.43415,0.258649,-0.437663,-0.149769,0.534536,-0.427636,0.459995,0.065128,0.262445,-0.122591,0.30441,0.0,-0.217792,0.335194,-0.121977,0.12016,0.0,0.303785,0.135937,0.278431,0.394586,-0.06666,0.067715,-0.318522,0.162972,-0.025671,0.2031,0.29243,0.360042,-0.006874,-0.546232,0.130761,0.330039,-0.245941,-0.036199,0.463644,-0.702248,0.118771,-0.195682,-0.114176,-0.014297,-0.19786,0.10458,0.387423,0.237957,-0.196484,-0.072448,0.024124,-0.330194,0.419733,0.073784,0.533935,0.073784,-0.067329,0.082074,-0.426833,0.198022,0.073784,-0.133514,-0.059617,0.073784,-0.325241,-0.067329,-0.067329,0.198022,-0.053505,0.33452,-0.067329,-0.487607,0.190991,-0.051894,-0.427508,0.322739,0.253961,-0.191244,-0.652869,-0.571546,-0.259123,-0.059155,-0.057563,-0.004282,0.148174,0.521186,0.0,-0.067329,-0.059235,-0.330194,0.491306,-0.120192,-0.325241,0.188666,0.384354,-0.065922,-0.217792,-0.196484,0.10277,-0.420528,-0.243363,0.055614,-0.225858,-0.231431,-0.133514,-0.399936,-0.334695,-0.235271,0.288932,-0.524193,-0.427517,-0.326687,0.0,0.486989,-0.067329,-0.326521,-0.206521,-0.059155,-0.507187,0.073684,0.350545,-0.217792,-0.328285,-0.067329,-0.326521,-0.227616,0.217738,-0.427508,-0.326687,-0.187455,-0.133514,0.517594,-0.07276,-0.227616,0.17746,-0.345841,0.255047,-0.217792,-0.053505,-0.053505,0.21267,0.515405,0.072782,0.065128,-0.533214,0.124791,0.448656,0.526403,0.065555,0.399574,-0.524193,0.003857,-0.07805,0.21267,-0.235271,0.05359,0.373693,-0.426343,0.519758,0.052034,0.203895,0.343373,-0.252521,0.185826,0.603935,-0.235271,0.358432,0.432247,0.127909,-0.37859,0.585536,0.389416,-0.053505,0.382454,0.065128,#
1,0.534536,1.0,-0.277215,0.012756,0.003601,-0.155778,0.534619,-0.231649,-0.179683,0.572801,0.089408,-0.390974,-0.065926,0.454649,0.224946,0.089408,0.534394,-0.070183,0.813727,0.022301,0.389339,0.060753,0.225959,-0.326543,-0.15564,-0.337968,-0.723496,0.231115,0.35349,-0.076191,-0.260461,0.279911,0.572801,-0.356043,0.223335,0.100614,0.299174,-0.53666,0.399878,0.0,0.280884,0.429521,-0.418384,0.222191,0.0,0.023619,0.156611,-0.058969,0.445864,0.35349,0.145602,-0.157314,0.401815,-0.137233,0.349105,0.05187,0.597801,-0.509319,-0.519541,-0.336453,0.096536,0.227141,0.108219,-0.028924,-0.256097,0.182192,-0.302485,-0.410411,-0.437856,-0.367004,-0.227703,-0.187009,-0.095394,-0.411203,-0.577679,-0.081769,-0.272921,-0.126835,0.132462,0.561557,0.132462,-0.132314,0.139542,-0.384299,-0.018234,0.132462,-0.195517,-0.126835,0.132462,-0.284916,-0.132314,-0.132314,-0.018234,-0.738224,0.565683,-0.132314,-0.126835,-0.347584,0.31286,0.066218,0.120778,0.421111,-0.018234,-0.440677,-0.593735,-0.043642,-0.179521,-0.433209,-0.383933,-0.066696,0.148209,0.0,-0.132314,0.238142,-0.272921,0.130573,0.217402,-0.26919,0.079618,-0.149707,-0.183114,-0.408076,-0.411203,-0.244262,-0.605712,-0.46302,0.123834,-0.552051,-0.423517,-0.195517,-0.30105,-0.670973,-0.458072,0.024912,-0.3645,-0.367249,-0.095394,0.0,0.417541,-0.132314,-0.110102,-0.038197,-0.179521,-0.395914,-0.284916,0.071477,-0.408076,0.153368,-0.132314,-0.110102,0.04033,0.327189,0.066218,-0.612114,-0.037541,-0.195517,0.362727,0.032757,0.04033,0.401452,-0.395932,0.399171,-0.408076,-0.738224,-0.738224,0.363676,0.534349,-0.245197,-0.350416,-0.59521,-0.252414,0.833881,0.07372,-0.272921,0.223484,-0.3645,0.049214,-0.194562,0.363676,-0.458072,0.030309,0.236272,0.043341,0.222231,0.0459,-0.338874,0.208526,0.028468,-0.010305,0.226483,-0.477299,0.636313,-0.105276,0.128431,-0.4642,0.128091,0.233228,-0.738224,-0.043551,0.534297,#
2,-0.78835,-0.277215,1.0,0.431389,-0.480401,-0.151521,0.119263,0.319538,-0.143172,-0.727481,0.131463,0.017696,-0.107411,-0.39886,-0.617666,0.095331,0.496198,0.378352,-0.43753,-0.019583,0.009817,0.238294,-0.58794,0.052486,-0.151386,0.600472,0.360856,-0.50987,-0.489036,-0.616708,0.423961,-0.036855,-0.310568,0.477481,-0.652416,0.142615,-0.391227,0.010764,0.002457,0.0,0.153301,-0.253883,0.037018,-0.135595,0.0,-0.050156,-0.2346,-0.499563,-0.086767,-0.131221,-0.177156,0.372313,-0.181448,-0.142719,-0.269415,-0.394753,0.051897,-0.026752,0.312976,-0.243859,-0.430934,0.318796,0.493402,-0.417633,0.79796,-0.227273,-0.217038,0.169617,0.212303,0.128701,-0.177589,-0.14518,-0.597065,-0.06225,-0.151521,-0.018016,0.558105,-0.012692,0.137734,-0.307761,0.137734,0.339335,0.12684,0.105824,-0.048923,-0.319186,0.191859,0.346914,0.120811,0.647365,-0.147002,-0.147002,-0.048923,-0.1119,0.064778,-0.128989,0.792139,-0.299683,0.320689,0.478585,0.097223,-0.184904,0.372511,0.784783,0.321322,0.357604,0.295851,0.19786,0.124613,-0.356693,-0.734738,0.0,0.339335,0.184335,0.558105,-0.270112,0.254654,0.111259,-0.412881,0.018356,0.287218,0.287775,-0.06225,-0.227434,0.21613,0.072765,0.136509,-0.007172,0.132938,0.208788,0.120811,0.130978,0.079209,-0.071876,0.383875,0.462292,0.431662,0.0,-0.456968,0.339335,0.312781,0.445924,0.295851,0.345468,0.232375,0.05063,0.26088,0.573751,0.339335,0.312781,0.608561,-0.338553,0.46031,0.411491,0.590589,0.208788,-0.672647,-0.147383,0.608561,-0.193643,0.550818,-0.0594,0.26088,-0.1119,-0.1119,-0.515718,-0.42701,0.171934,0.107402,0.175002,-0.196998,-0.108785,-0.303309,0.146419,-0.132155,0.383875,0.097869,-0.145495,-0.515718,0.079209,-0.361456,-0.231466,0.518099,-0.402577,-0.334241,-0.292382,-0.687466,0.064778,-0.351048,-0.272904,0.176786,-0.153685,-0.481929,-0.217638,0.284512,-0.340776,-0.113139,-0.1119,-0.515615,0.019368,#
3,-0.225407,0.012756,0.431389,1.0,-0.199554,-0.398604,-0.202268,0.33892,-0.394461,-0.409627,0.22735,-0.205775,0.224639,-0.525743,0.036487,-0.230218,0.243427,0.249652,0.168325,-0.57329,0.24603,0.129143,-0.815487,-0.185292,-0.012349,0.667314,0.098478,-0.067233,-0.232894,-0.499114,0.327683,-0.135492,-0.409627,0.226496,-0.39873,0.237838,-0.183812,0.334142,0.157562,0.0,0.348165,-0.065021,-0.080609,0.396046,0.0,0.108959,-0.068267,-0.373547,-0.163199,-0.199329,0.012756,0.268314,0.025937,0.206003,0.39138,-0.436407,-0.060835,0.20102,-0.18481,-0.273179,-0.484148,-0.330971,0.575634,0.258339,0.163691,-0.353717,0.000863,0.443038,0.286867,0.035745,0.351441,0.398501,-0.026491,0.17187,-0.02781,0.238683,0.40524,0.213174,0.007937,-0.413019,0.007937,0.22473,0.387904,0.203105,0.18512,-0.420688,0.002647,0.646893,-0.007938,0.396337,-0.231489,-0.231489,0.18512,-0.020541,-0.013771,-0.214592,0.646893,-0.318628,0.201824,0.229141,0.504329,0.483076,0.20059,0.21606,-0.197695,-0.192461,0.391185,0.288723,-0.199592,-0.176936,-0.420688,0.0,0.22473,-0.013234,0.40524,0.015585,0.0557,0.372557,-0.338387,0.241069,-0.001044,0.322936,0.17187,0.056274,0.265889,0.001929,-0.38096,-0.408716,-0.019934,0.018527,-0.388938,0.390161,0.481362,0.160726,0.319486,0.212487,0.011353,0.0,-0.266114,0.22473,-0.003242,-0.206608,0.391185,0.506792,0.396337,-0.015597,-0.333028,0.438068,0.22473,-0.003242,0.499177,-0.361513,-0.216569,-0.007569,0.492406,0.018527,-0.702194,-0.248747,0.499177,0.011353,0.495817,-0.208108,-0.333028,-0.020541,-0.020541,-0.6109,0.211998,0.438816,0.188288,-0.008874,0.381873,0.23124,0.23667,0.40524,0.012457,0.319486,-0.653708,0.00235,-0.6109,0.481362,-0.640244,0.410692,0.694635,-0.303624,-0.198225,0.319486,-0.407238,-0.485912,0.197463,0.007154,-0.012923,-0.400859,0.193234,-0.006684,0.168003,0.227282,0.408672,-0.020541,-0.621332,-0.208108,#
4,0.199191,0.003601,-0.480401,-0.199554,1.0,0.012753,-0.205517,-0.318954,0.020796,0.423282,0.18643,0.197191,-0.197712,-0.202734,0.385246,0.220729,-0.21688,0.236939,0.277043,0.159514,-0.250712,-0.649942,0.419592,0.268894,0.403409,-0.234137,-0.310357,0.074105,0.207003,0.514995,-0.370044,-0.112218,0.003601,-0.21688,0.082043,-0.211321,0.304184,-0.262442,-0.1827,0.0,0.343624,-0.450431,-0.018332,0.213773,0.0,0.227338,-0.430978,0.458968,0.08356,0.657241,-0.41608,-0.40883,0.496217,0.720906,0.345073,-0.015079,-0.039061,-0.223889,0.208107,0.262689,-0.024358,-0.333119,-0.469861,0.156959,-0.364385,0.048996,0.792087,-0.335523,-0.581343,-0.076776,-0.054158,-0.072175,0.00781,0.193652,-0.003188,-0.198432,-0.419036,-0.238482,-0.434073,-0.020398,-0.434073,-0.249316,-0.01303,0.247635,0.169019,-0.00819,0.383243,-0.238482,-0.02457,-0.812444,0.203985,0.203985,0.169019,-0.002356,-0.008345,-0.231881,-0.652851,0.302182,-0.227911,0.222478,-0.026367,-0.006691,-0.606907,-0.207859,0.203985,0.182439,-0.814537,0.162128,-0.244316,0.604446,0.394033,0.0,-0.249316,-0.413283,-0.419036,0.359132,-0.024279,0.01454,0.103787,-0.267493,-0.815793,0.317592,0.193652,-0.066521,-0.18149,-0.021892,-0.020398,0.535394,-0.02235,-0.026399,-0.00819,-0.008577,-0.007778,-0.173541,-0.332614,0.205943,-0.499817,0.0,-0.283818,-0.249316,-0.006691,-0.189253,-0.814537,-0.381384,-0.426215,-0.10094,-0.333211,0.002822,-0.249316,-0.006691,-0.517298,0.343198,-0.219726,-0.011714,-0.493516,-0.026399,0.2818,0.638319,-0.517298,0.495912,-0.310405,-0.20594,-0.333211,-0.002356,-0.002356,0.629285,0.197911,0.065968,-0.228363,0.405024,-0.009104,0.168042,0.186742,-0.035881,-0.418163,-0.332614,-0.236432,0.39157,0.629285,-0.007778,0.227316,-0.016984,-0.266116,0.313285,0.220714,0.321951,0.82802,0.011954,0.17696,-0.368017,-0.498901,-0.003628,0.198317,-0.009331,-0.310337,-0.237692,-0.407532,-0.002356,0.363225,0.231772,#
5,-0.072448,-0.155778,-0.151521,-0.398604,0.012753,1.0,0.367829,0.367455,0.174716,-0.155778,-0.077346,0.828956,0.534578,0.517475,-0.222415,-0.077346,-0.077792,-0.014303,0.044912,-0.038605,0.029607,-0.553667,0.182948,-0.164784,-0.226214,-0.076863,0.510355,0.668024,0.111414,0.611848,-0.558201,-0.022649,-0.155778,-0.077792,0.233997,0.356348,0.436415,0.102837,-0.060568,0.0,-0.272166,0.328794,-0.071277,-0.095164,0.0,-0.02527,0.460276,-0.084381,-0.339986,0.111414,-0.155778,0.173795,-0.40804,-0.14352,-0.371414,0.108726,-0.063561,0.5442,-0.391178,-0.327205,-0.082878,-0.245191,-0.048212,0.05305,-0.112409,0.392032,-0.166742,-0.024451,0.222635,-0.668908,0.369275,-0.157206,0.102062,0.00917,0.166667,0.088855,-0.57496,0.056064,-0.570846,-0.158507,-0.570846,-0.789876,-0.182271,0.338502,-0.398661,-0.142712,-0.237933,-0.377158,-0.570846,-0.190024,-0.334178,-0.334178,-0.398661,-0.184632,-0.123795,-0.334178,-0.377158,-0.393754,-0.370064,-0.53424,-0.087137,-0.40804,-0.398661,-0.398661,-0.334178,-0.393859,0.142567,-0.529701,-0.080642,0.434245,0.261638,0.0,-0.789876,-0.237933,-0.57496,-0.198075,-0.292502,0.23753,0.348921,0.025799,-0.24401,-0.272166,0.00917,0.186638,-0.339399,-0.589546,-0.158507,0.02268,-0.69423,-0.237933,-0.142712,-0.158792,-0.116169,0.035786,-0.41804,-0.080642,0.612372,0.0,0.15912,-0.789876,0.116583,0.393263,0.142567,-0.254152,-0.190024,-0.554424,0.408248,-0.147537,-0.789876,0.116583,-0.63187,0.257185,-0.071917,0.102062,-0.139519,-0.237933,0.05068,0.097447,-0.63187,-0.408248,-0.500814,0.004689,0.408248,-0.184632,-0.184632,0.03852,-0.53424,-0.208998,-0.089087,0.178315,0.268979,-0.267474,-0.140797,-0.57496,-0.222171,-0.41804,-0.071917,0.602038,0.03852,-0.116169,0.400743,-0.646694,-0.030914,0.450499,0.812045,0.239986,0.202777,0.406756,0.011026,0.248055,-0.116169,0.189663,0.111473,0.2757,-0.441711,-0.11628,0.179555,-0.184632,0.005764,-0.089087,#
6,0.071512,0.534619,0.119263,-0.202268,-0.205517,0.367829,1.0,0.175007,0.342144,0.077841,0.066465,0.236294,-0.035246,0.364165,-0.529455,0.52396,0.52372,0.407669,0.27391,-0.214472,-0.203491,-0.226892,0.350707,-0.423913,-0.057696,0.066985,-0.177424,0.429695,0.434,0.245501,-0.591095,-0.136442,0.077841,-0.42837,0.292462,0.536049,0.280514,-0.455422,0.593427,0.0,-0.218165,0.353933,-0.170086,-0.073216,0.0,0.197901,0.34096,-0.336538,-0.060938,0.434,0.077841,0.186737,-0.327081,-0.257768,0.173053,-0.025561,0.384524,-0.029904,-0.542454,-0.482595,-0.204087,0.516801,0.346221,0.003314,0.025319,0.250311,-0.522201,-0.029357,-0.082278,-0.760661,0.143518,-0.099979,-0.327248,-0.654166,-0.534394,0.410908,-0.383856,-0.086379,-0.379835,0.066204,-0.379835,-0.550402,-0.384293,0.016658,-0.653989,-0.379835,-0.534031,-0.555415,-0.379835,0.032146,-0.550402,-0.550402,-0.653989,-0.727831,0.270513,-0.550402,-0.104419,-0.561977,-0.097061,0.026311,-0.193134,-0.327081,-0.243798,-0.243798,-0.550402,-0.239079,-0.121701,-0.424604,-0.42825,0.222373,-0.362998,0.0,-0.550402,-0.112949,-0.383856,-0.405461,0.308735,-0.388222,-0.081754,-0.126768,-0.118902,-0.218165,-0.654166,-0.396465,-0.598267,-0.795086,0.066204,-0.197388,-0.696183,-0.534031,-0.379835,-0.801153,-0.800591,-0.168298,-0.592988,-0.42825,0.225249,0.0,0.137545,-0.550402,-0.327081,0.612419,-0.121701,-0.472127,-0.388222,-0.272265,-0.218165,0.534493,-0.550402,-0.327081,-0.279319,0.132733,0.026311,-0.327248,0.17535,-0.534031,-0.107395,0.287678,-0.279319,-0.327248,-0.528139,0.192415,-0.218165,-0.727831,-0.727831,0.195001,-0.428242,-0.371505,-0.428468,-0.534129,0.075066,0.445809,-0.002931,-0.800878,0.331021,-0.592988,0.026311,0.339098,0.195001,-0.800591,0.494454,-0.54691,0.073375,0.50135,0.497706,-0.565587,-0.101897,0.270513,-0.206375,0.115344,-0.286616,0.793727,-0.062085,0.4909,-0.61743,0.023518,0.339098,-0.727831,-0.179303,0.517501,#
7,-0.386614,-0.231649,0.319538,0.33892,-0.318954,0.367455,0.175007,1.0,0.255908,-0.231649,-0.553244,0.340936,0.687462,0.017114,-0.193175,0.05232,0.173376,0.421754,-0.129487,-0.359956,-0.097914,0.08351,-0.420457,-0.632611,-0.420812,0.173495,0.343294,0.362357,-0.272505,0.224827,-0.195533,-0.221589,-0.231649,0.294551,0.275274,0.294618,0.098682,0.006298,0.217874,0.0,0.150013,0.24799,0.590393,0.202316,0.0,-0.398949,0.527418,-0.082683,-0.306554,-0.272505,-0.231649,0.94196,-0.594391,-0.25397,-0.065013,0.277166,-0.28246,0.568582,-0.300181,0.078538,-0.021803,-0.044569,0.606363,-0.170566,-0.128142,-0.014405,-0.314187,0.68732,0.245422,-0.238566,0.542763,0.322971,0.225018,0.336095,0.252625,0.445313,0.3234,-0.157318,-0.229427,-0.236948,-0.229427,-0.269314,-0.243231,0.166788,-0.316827,-0.229427,-0.419663,-0.157318,-0.347416,0.32076,-0.269314,-0.269314,-0.316827,0.18658,-0.216075,-0.143727,0.439643,-0.112771,-0.284714,0.046718,-0.05567,0.224904,0.341099,0.226122,-0.269314,-0.435467,0.366706,-0.452541,-0.413925,-0.239349,-0.117991,0.0,-0.269314,0.255732,0.3234,-0.250304,0.250031,0.432043,0.464544,-0.170641,0.257349,-0.037503,0.336095,0.546842,0.437224,-0.192741,-0.236948,-0.050005,-0.34065,-0.301633,-0.229427,0.435041,-0.06403,0.448738,-0.121611,0.169458,0.225019,0.0,-0.072581,-0.269314,0.224904,0.220676,0.366706,0.093388,-0.23566,-0.168605,0.150012,0.323715,-0.269314,0.224904,-0.207997,-0.131021,0.17413,0.084382,0.653661,-0.301633,-0.369351,0.236046,-0.207997,-0.618803,0.338148,0.339846,0.150012,0.18658,0.18658,-0.339703,-0.427538,0.417584,0.171861,0.250882,0.450473,-0.201752,0.163832,-0.22859,0.286727,-0.121611,-0.547873,0.279437,-0.339703,-0.06403,0.211278,-0.315667,0.332262,0.202052,0.3217,0.059733,-0.315667,-0.069859,-0.302338,-0.159511,-0.200096,-0.442754,-0.153608,0.352142,0.298798,0.292988,0.388593,0.18658,-0.249408,0.171861,#
8,-0.067956,-0.179683,-0.143172,-0.394461,0.020796,0.174716,0.342144,0.255908,1.0,0.246213,-0.534265,0.014311,0.102043,-0.047014,-0.21811,0.353674,-0.107485,0.538925,-0.31307,-0.063576,-0.809064,0.054686,0.587528,-0.528716,0.190419,-0.090878,0.115891,0.234733,0.090097,0.621602,-0.461607,-0.504472,-0.179683,-0.090414,0.547684,0.364912,-0.291961,-0.268916,0.011077,0.0,-0.272101,0.274686,0.482987,0.210781,0.0,0.091595,0.513545,-0.110298,-0.534323,0.090097,0.246213,0.277781,-0.407944,0.133295,0.257619,0.563814,-0.589884,0.109456,0.076332,0.333173,0.40676,0.387069,-0.093083,0.065567,-0.378708,-0.320654,-0.161998,0.305842,-0.160994,-0.182942,0.258073,0.13761,0.106991,-0.399357,-0.245897,0.501062,-0.18188,-0.342935,-0.174076,-0.190406,-0.174076,-0.367519,-0.997461,-0.067306,-0.815673,-0.174076,-0.666057,-0.78026,-0.606266,-0.173841,-0.367519,-0.367519,-0.815673,0.129034,-0.634452,0.092494,-0.359755,0.263191,-0.819476,-0.110293,-0.591901,-0.407944,-0.012059,-0.012059,0.092494,-0.42881,-0.233403,-0.04833,-0.07622,0.05219,-0.158377,0.0,-0.367519,-0.273443,-0.18188,-0.629206,0.570623,-0.565789,0.129652,-0.378634,0.147301,-0.272101,-0.399357,0.198036,0.113464,-0.102442,0.245981,0.548606,-0.044458,-0.23372,0.258113,-0.150595,-0.570561,0.044028,-0.384879,-0.534125,-0.408152,0.0,0.272256,-0.367519,-0.407944,-0.017292,-0.233403,-0.311928,-0.565789,-0.176662,-0.272101,0.246314,-0.367519,-0.407944,-0.611846,-0.411218,-0.110293,-0.408152,-0.079777,-0.23372,0.01924,0.454614,-0.611846,-0.408152,-0.277571,-0.026488,-0.272101,0.129034,0.129034,0.420679,-0.534114,-0.201341,-0.534397,-0.239854,0.255359,-0.415669,-0.136968,-0.570708,0.560267,-0.384879,-0.110293,0.188227,0.420679,-0.570561,0.804003,-0.258212,-0.056412,0.413953,0.370129,-0.359331,0.184377,0.4367,-0.398329,-0.184593,-0.091335,0.154424,0.09684,0.246301,-0.011563,0.306996,0.161572,0.129034,-0.027528,0.347617,#
9,0.534536,0.572801,-0.727481,-0.409627,0.423282,-0.155778,0.077841,-0.231649,0.246213,1.0,-0.373377,-0.390974,-0.065926,0.454649,0.668539,0.089408,0.072052,-0.070183,0.44642,0.364334,-0.027032,0.060753,0.655994,-0.326543,-0.15564,-0.801231,-0.689499,0.231115,0.35349,0.420965,-0.260461,0.279911,0.572801,-0.356043,0.66538,-0.350416,0.299174,-0.53666,0.060956,0.0,0.280884,0.225094,0.102861,0.199248,0.0,-0.305361,0.18114,0.534374,0.314897,0.35349,0.145602,-0.157314,0.401815,0.03486,0.374516,0.533518,0.054768,-0.509319,-0.075646,0.35824,0.592421,0.20073,-0.446529,-0.11845,-0.644122,0.182192,0.188317,-0.327885,-0.719645,0.051335,-0.227703,-0.187009,0.421326,0.006606,-0.155778,-0.09843,-0.272921,-0.539696,0.132462,0.561557,0.132462,-0.132314,-0.249008,-0.332367,-0.018234,0.565974,-0.195517,-0.539696,0.132462,-0.669738,0.329108,0.329108,-0.018234,-0.115045,0.088159,0.329108,-0.539696,0.356004,-0.103486,0.066218,-0.40059,0.421111,-0.018234,-0.440677,-0.132314,-0.043642,-0.564473,-0.433209,-0.383933,-0.017292,0.581721,0.0,-0.132314,0.238142,-0.272921,0.130573,0.217402,-0.221088,0.527467,-0.567679,-0.183114,-0.408076,0.006606,0.12873,-0.106203,0.063702,0.123834,0.022082,0.026542,-0.195517,0.132462,-0.245363,-0.399257,0.024912,-0.286113,-0.367249,-0.612114,0.0,0.417541,-0.132314,-0.110102,-0.422006,-0.564473,-0.395914,-0.669738,0.071477,-0.408076,-0.277565,-0.132314,-0.110102,-0.433601,0.406103,0.066218,-0.612114,-0.422828,-0.195517,0.790367,0.42225,-0.433601,0.401452,-0.395932,0.399171,-0.408076,-0.115045,-0.115045,0.809431,0.534349,-0.245197,-0.350416,-0.16758,-0.226226,0.334978,0.07372,-0.272921,0.223484,-0.286113,0.049214,-0.167825,0.809431,-0.399257,0.500774,0.236272,-0.426189,0.222231,0.07445,-0.260487,0.652469,0.088159,-0.010305,-0.192135,-0.418485,0.212684,-0.077057,0.155274,-0.057601,0.128091,-0.167825,-0.115045,0.481751,0.534297,#
10,0.00653,0.089408,0.131463,0.22735,0.18643,-0.077346,0.066465,-0.553244,-0.534265,-0.373377,1.0,0.213974,-0.511204,-0.200851,-0.17402,0.035153,0.072489,-0.083873,0.119808,-0.208742,0.149334,-0.53614,-0.103508,0.586555,0.327666,0.536751,0.059211,-0.042349,0.415398,-0.326966,0.141299,0.116418,-0.373377,-0.428367,-0.526312,0.060135,0.218817,0.374882,0.1552,0.0,-0.218164,-0.439747,-0.762966,-0.296143,0.0,0.551634,-0.581532,-0.218937,-0.005145,0.415398,0.089408,-0.676117,0.19551,0.252235,0.198833,-0.921028,0.405754,-0.054201,-0.073838,-0.659716,-0.807854,-0.161327,-0.095044,0.444635,0.500537,0.226037,0.316231,-0.289523,0.213683,-0.214143,0.007789,-0.110941,-0.327246,-0.218956,-0.094925,-0.023881,-0.353514,0.39113,-0.374294,-0.370229,-0.374294,-0.063871,0.506515,0.509354,0.201632,-0.374294,0.344307,0.39113,0.077267,0.068143,-0.063871,-0.063871,0.201632,-0.40765,0.301179,-0.544503,-0.065798,-0.530607,0.402673,0.059381,0.301114,-0.327079,-0.653985,-0.213953,-0.063871,0.211463,-0.116284,0.469296,0.023602,0.602303,-0.374294,0.0,-0.063871,-0.534027,-0.353514,0.09396,-0.532515,0.068143,-0.764223,0.412518,-0.534126,0.499481,-0.218956,-0.795276,-0.468525,-0.2397,-0.370229,-0.255482,-0.108225,-0.107408,-0.374294,-0.357817,0.278133,-0.652603,0.159709,0.050182,0.232517,0.0,-0.445377,-0.063871,-0.327079,0.212288,-0.116284,0.229935,0.49404,-0.279074,-0.218164,0.115151,-0.063871,-0.327079,0.289533,0.173276,-0.428239,0.210987,-0.293773,-0.107408,-0.381064,-0.235636,0.289533,0.210988,-0.287351,-0.653974,-0.218164,-0.40765,-0.40765,-0.217531,0.032291,-0.29979,0.041343,-0.088691,0.069397,0.370602,0.068641,0.068993,-0.532438,0.159709,0.032291,0.333309,-0.217531,0.278133,-0.431002,-0.084855,0.079557,-0.216519,0.045441,0.159709,-0.084855,-0.258402,0.642618,0.138372,0.278133,0.38149,0.402098,0.071131,-0.540421,-0.426094,-0.084441,-0.40765,-0.155883,-0.428465,#
11,-0.19811,-0.390974,0.017696,-0.205775,0.197191,0.828956,0.236294,0.340936,0.014311,-0.390974,0.213974,1.0,0.231719,0.147354,-0.376294,0.213974,-0.203604,0.135214,-0.14586,-0.230484,-0.162807,-0.757833,0.022451,0.166523,0.006322,0.214216,0.497425,0.503439,0.227302,0.507195,-0.466851,-0.162099,-0.390974,-0.203604,0.075185,0.22493,0.547646,0.247932,0.141426,0.0,-0.333253,-0.192837,0.025484,-0.326214,0.0,0.110404,0.017475,0.085789,-0.275987,0.227302,-0.390974,0.144068,-0.499625,-0.023374,-0.276126,-0.243123,0.044721,0.65,-0.270922,-0.26289,-0.467995,-0.281655,0.081374,0.178253,0.092729,0.486225,0.122493,0.173135,0.351851,-0.557608,0.481368,0.061859,0.003875,0.207058,0.401822,0.229843,-0.402062,0.195639,-0.800568,-0.393549,-0.800568,-0.642758,-0.00692,0.645718,-0.191138,-0.377933,0.013551,-0.232019,-0.394188,-0.018488,-0.192914,-0.192914,-0.191138,-0.007008,-0.0047,-0.625456,-0.232019,-0.308084,-0.221391,-0.21532,-0.003308,-0.499625,-0.587142,-0.191138,-0.192914,-0.181849,-0.017141,-0.196086,-0.206382,0.653281,0.021222,0.0,-0.642758,-0.392967,-0.402062,-0.018984,-0.446388,0.403575,0.118203,0.172398,-0.398995,0.312586,0.207058,-0.051188,-0.172089,-0.474993,-0.393549,0.173085,-0.538655,-0.392967,-0.377933,0.005054,-0.004411,-0.157866,-0.328167,0.224178,0.50763,0.0,-0.384564,-0.642758,0.018259,0.599587,-0.017141,-0.130268,-0.018488,-0.474716,0.33842,0.021329,-0.642758,0.018259,-0.509909,0.342651,-0.197766,0.488255,-0.005297,-0.392967,-0.238601,0.271451,-0.509909,-0.49988,-0.29235,-0.18897,0.33842,-0.007008,-0.007008,-0.155233,-0.654151,0.004463,0.208018,0.418771,0.415274,-0.177183,0.180269,-0.402062,-0.368477,-0.328167,-0.197766,0.824888,-0.155233,-0.004411,0.277071,-0.791845,-0.147888,0.394405,0.686531,0.321406,0.046714,0.015443,0.209727,0.022499,-0.004411,0.033675,0.229076,0.42565,-0.38204,-0.240924,0.031881,-0.007008,0.137004,-0.214783,#
12,-0.012327,-0.065926,-0.107411,0.224639,-0.197712,0.534578,-0.035246,0.687462,0.102043,-0.065926,-0.511204,0.231719,1.0,0.232371,0.169335,-0.511204,-0.041583,-0.007653,0.273327,-0.244207,0.297193,0.034,-0.338807,-0.600235,-0.339273,-0.041093,0.398463,0.527157,-0.396446,0.327081,-0.284472,-0.133181,-0.065926,0.428515,0.190432,0.42861,-0.005994,0.136416,-0.236873,0.0,0.21824,0.669133,0.184169,0.566859,0.0,-0.206497,0.751098,-0.245588,-0.359551,-0.396446,-0.065926,0.543359,-0.20255,-0.016152,-0.144892,0.433501,-0.384381,0.539482,-0.425439,-0.062072,0.257769,-0.535448,0.267099,0.047267,-0.442497,-0.195597,-0.327523,0.291908,0.208266,-0.347071,0.4606,0.183378,0.327357,0.21323,0.089096,0.065091,-0.080624,0.043589,-0.063581,-0.071895,-0.063581,-0.408721,-0.097439,-0.065802,-0.213116,-0.063581,-0.356144,0.043589,-0.521319,-0.088884,-0.408721,-0.408721,-0.213116,0.065829,-0.334049,0.078494,0.043589,-0.189855,-0.431383,-0.532738,0.249843,0.327191,0.232935,-0.213116,-0.408721,-0.649187,0.533486,-0.481383,-0.029642,-0.185193,0.368734,0.0,-0.408721,0.101753,-0.080624,-0.105888,0.082159,0.342837,0.528046,0.027584,0.107862,-0.509225,0.21323,0.795548,0.082281,-0.299719,-0.071895,-0.193994,-0.495582,0.101753,-0.063581,0.352028,0.217355,0.652826,-0.202794,-0.056583,0.32736,0.0,0.481046,-0.408721,0.327191,-0.23303,0.533486,-0.015101,-0.088884,-0.245301,0.218239,-0.07887,-0.408721,0.327191,-0.322141,-0.216658,-0.038443,-0.218241,0.230547,0.101753,-0.048165,-0.153542,-0.322141,-0.218243,0.040156,0.228094,0.218239,0.065829,0.065829,-0.200038,-0.038443,0.293275,-0.047624,0.082776,0.378837,-0.293535,-0.075268,-0.080624,0.127454,-0.202794,-0.50528,0.124214,-0.200038,0.217355,-0.003108,0.108396,0.462721,0.264429,0.44917,0.500729,0.108396,0.233197,-0.200397,0.338867,-0.31051,-0.345922,0.074477,-0.03684,0.03221,0.426242,0.547681,0.065829,-0.3821,-0.047624,#
13,0.259702,0.454649,-0.39886,-0.525743,-0.202734,0.517475,0.364165,0.017114,-0.047014,0.454649,-0.200851,0.147354,0.232371,1.0,0.275389,-0.205217,0.235653,-0.447624,0.278032,0.381159,0.422037,-0.025553,0.373274,-0.268902,-0.665682,-0.636848,-0.090071,0.502616,0.335113,0.248602,-0.161975,0.633845,0.454649,-0.310424,0.483194,-0.188089,0.560069,-0.149003,0.095413,0.0,-0.118305,0.50219,-0.221797,-0.274646,0.0,-0.502589,0.458512,0.230553,0.204696,0.087778,0.245059,-0.008503,-0.054296,-0.605089,-0.276765,0.259371,0.293555,-0.084269,-0.389494,-0.251687,0.28446,0.199553,-0.276521,-0.257828,-0.148489,0.662156,-0.283174,-0.357314,-0.131337,-0.2761,-0.125355,-0.468579,0.380265,0.014235,0.082796,-0.145093,-0.403857,-0.263321,0.015952,0.464105,0.015952,-0.401824,0.027403,-0.099367,-0.111688,0.568938,-0.274223,-0.39245,0.015952,-0.195289,0.186763,0.186763,-0.111688,-0.336313,0.257708,0.186763,-0.284843,-0.272316,0.170434,-0.359818,-0.341382,0.109316,-0.013817,-0.552685,-0.401824,-0.141504,0.067282,-0.848636,-0.215953,-0.017573,0.48859,0.0,-0.401824,0.379421,-0.403857,-0.071399,-0.301084,0.156349,0.54503,-0.272991,0.055364,-0.625325,0.014235,0.033549,-0.310253,-0.264877,-0.094252,-0.468712,-0.369586,-0.274223,0.015952,-0.371799,-0.252482,-0.080556,-0.124027,-0.322365,0.380265,0.0,0.487911,-0.401824,0.109316,0.088267,0.067282,-0.145195,-0.295589,-0.284924,0.25351,-0.51164,-0.401824,0.109316,-0.28992,0.602037,0.237327,-0.278861,-0.296143,-0.274223,0.625223,-0.092997,-0.28992,-0.050702,-0.521843,0.423347,0.25351,-0.336313,-0.336313,0.303437,0.128871,-0.528859,-0.077449,-0.142782,-0.217779,0.148609,-0.207891,-0.503358,-0.036341,-0.124027,0.345783,-0.015741,0.303437,-0.252482,0.361373,-0.259324,-0.33018,0.072405,0.371889,-0.254783,0.16948,0.257708,0.110915,0.200588,-0.007214,0.369953,-0.201434,0.27063,-0.201977,-0.144413,-0.015741,-0.336313,0.31356,0.121705,#
14,0.28911,0.224946,-0.617666,0.036487,0.385246,-0.222415,-0.529455,-0.193175,-0.21811,0.668539,-0.17402,-0.376294,0.169335,0.275389,1.0,-0.529452,-0.067157,-0.335172,0.338932,0.32992,0.363573,0.060362,0.116523,-0.136528,-0.329578,-0.529441,-0.268298,0.14765,0.068849,0.112105,0.241765,0.518717,0.224946,-0.067157,0.267496,-0.529583,0.211779,0.062995,-0.332978,0.0,0.445749,0.086075,-0.083429,0.291008,0.0,-0.42905,0.058778,0.474691,0.129418,0.068849,0.224946,-0.257485,0.548062,0.182362,0.290651,0.214892,-0.20354,-0.293752,0.087004,0.227503,0.372627,-0.323619,-0.555122,0.005006,-0.443001,0.088779,0.49772,-0.260707,-0.434403,0.346081,-0.119465,-0.191875,0.668623,0.468884,0.215675,-0.298238,-0.122734,-0.399437,0.21257,0.224152,0.21257,0.04566,0.223843,-0.04314,0.363296,0.662718,0.092369,0.056061,0.21257,-0.53887,0.524789,0.524789,0.363296,0.159284,-0.122055,0.524789,-0.294322,0.264761,0.066719,-0.070214,-0.133582,0.668282,0.044615,-0.39404,0.04566,-0.066933,-0.209471,-0.224917,-0.182824,-0.06452,0.662718,0.0,0.04566,0.215529,-0.122734,0.235024,-0.215119,0.335233,0.424693,-0.383934,-0.216138,-0.26965,0.468884,0.308056,0.214333,0.392905,-0.230368,-0.190773,0.256261,0.092369,0.21257,0.31106,0.406358,0.016462,0.280813,-0.078877,-0.404475,0.0,0.276912,0.04566,0.116684,-0.807424,-0.209471,0.224967,-0.212282,-0.098959,-0.26965,-0.571843,0.04566,0.116684,-0.13273,0.298143,-0.070214,-0.404476,-0.508812,0.092369,0.552901,-0.010785,-0.13273,0.544804,-0.10025,0.054418,-0.26965,0.159284,0.159284,0.394767,0.769027,-0.10459,-0.061244,0.203234,-0.090156,0.066606,-0.03353,0.201254,-0.217379,0.280813,-0.176157,-0.211852,0.394767,0.406358,-0.06036,0.556057,-0.125012,-0.292199,-0.058607,0.280813,0.556057,-0.122055,0.373192,-0.159384,-0.112747,-0.332058,0.086777,-0.092409,0.220033,-0.002687,-0.211852,0.159284,0.252217,-0.061244,#
15,0.078079,0.089408,0.095331,-0.230218,0.220729,-0.077346,0.52396,0.05232,0.353674,0.089408,0.035153,0.213974,-0.511204,-0.205217,-0.529452,1.0,0.035388,0.504446,-0.111938,-0.208742,-0.648687,-0.220485,0.362348,0.081322,0.379361,0.034898,-0.437282,-0.042349,0.415398,0.253032,-0.459551,-0.421875,0.089408,-0.428367,0.303233,0.060135,0.248323,-0.488809,0.679705,0.0,-0.218164,-0.409328,0.388082,-0.337247,0.0,0.214287,-0.299453,0.268578,0.239631,0.415398,-0.373377,0.190415,-0.327079,-0.059275,0.198833,-0.010321,0.363017,-0.054201,-0.073838,0.232002,-0.189607,0.525358,0.321004,-0.021635,-0.011425,0.220524,-0.03141,0.229692,-0.150283,-0.214143,0.072703,0.28097,-0.327246,-0.218956,-0.094925,0.428044,0.068993,-0.037844,-0.374294,0.077612,-0.374294,-0.063871,-0.344422,0.059288,-0.213953,-0.374294,-0.082313,-0.513049,0.077267,0.077162,-0.063871,-0.063871,-0.213953,-0.070105,0.333511,-0.544503,-0.056121,0.189246,-0.048355,0.519912,-0.221074,-0.327079,-0.2384,0.201632,-0.063871,0.211463,-0.533303,0.078216,-0.428248,0.268834,-0.357235,0.0,-0.063871,-0.107408,0.068993,0.058292,0.319802,-0.348734,-0.072773,-0.078368,-0.113437,0.499481,-0.218956,-0.391215,-0.093905,-0.2397,0.077612,0.390399,-0.108225,-0.534027,-0.374294,-0.357817,-0.752308,-0.161924,-0.519626,0.050182,-0.327246,0.0,-0.468525,-0.063871,-0.327079,0.663051,-0.533303,-0.514673,-0.348734,0.245195,-0.218164,0.534101,-0.063871,-0.327079,-0.223876,0.21602,0.032291,0.210987,0.310897,-0.534027,-0.095979,0.705609,-0.223876,-0.327246,-0.049653,0.203551,-0.218164,-0.070105,-0.070105,0.206155,-0.428239,0.130056,0.041343,-0.088691,0.069397,0.370602,0.497644,-0.353514,0.342004,-0.519626,0.032291,0.333309,0.206155,-0.752308,0.506225,-0.547282,-0.429085,0.51018,0.045441,-0.491864,-0.096416,-0.226071,-0.217927,-0.326745,-0.231574,0.352072,-0.068192,0.490533,-0.187482,0.029434,-0.084441,-0.070105,0.381562,0.529944,#
16,-0.427636,0.534394,0.496198,0.243427,-0.21688,-0.077792,0.52372,0.173376,-0.107485,0.072052,0.072489,-0.203604,-0.041583,0.235653,-0.067157,0.035388,1.0,0.406496,0.228979,0.232809,0.253217,0.075843,-0.103292,-0.423919,-0.533925,0.073015,-0.153719,-0.042822,-0.043877,-0.326972,0.141441,0.434973,0.072052,0.035624,-0.194624,0.059661,0.071079,-0.449154,0.155067,0.0,0.499853,0.138014,-0.303037,0.110172,0.0,-0.286373,0.057028,-0.342102,0.073195,0.433758,0.089176,0.185004,0.226535,-0.146087,0.172341,-0.227722,0.279987,-0.508785,-0.037776,-0.492017,-0.231185,0.499277,0.182161,-0.488404,0.419532,0.088044,-0.153924,-0.289615,-0.432606,-0.2136,-0.317243,-0.563233,-0.327252,-0.242931,-0.5344,-0.076202,0.044568,-0.550049,0.052613,0.060825,0.052613,-0.090115,0.051007,0.022065,-0.238193,0.052613,-0.107194,-0.092882,0.052613,0.042901,-0.090115,-0.090115,-0.238193,-0.731895,0.270128,-0.090115,0.364286,-0.570632,0.375602,0.493297,-0.200465,0.195778,0.17761,0.17761,-0.090115,0.187166,-0.116692,-0.424609,-0.428256,-0.221499,-0.374085,0.0,-0.090115,0.31965,0.044568,-0.364417,0.356861,0.042901,-0.090057,-0.540316,-0.113226,-0.218168,-0.242931,-0.354736,-0.218403,-0.26966,0.060825,-0.37466,-0.241652,-0.107194,0.052613,-0.382242,-0.27347,-0.251369,0.118927,0.023832,0.231976,0.0,-0.040308,-0.090115,0.195778,0.187115,-0.116692,0.080804,-0.383219,-0.278567,-0.218168,0.504155,-0.090115,0.195778,0.258716,0.132221,0.493297,-0.327252,0.174516,-0.107194,-0.143074,0.116364,0.258716,0.211264,-0.075717,0.187166,-0.218168,-0.731895,-0.731895,0.160138,0.032525,-0.327113,-0.428473,-0.113226,-0.367509,0.444812,-0.426371,-0.37816,-0.132181,0.118927,0.032525,-0.112745,0.160138,-0.27347,-0.002004,-0.142471,0.470515,-0.263154,0.015221,-0.575469,-0.142471,0.270128,-0.200929,-0.356292,-0.27347,0.322407,-0.538968,0.042931,-0.116395,-0.426102,-0.112745,-0.731895,-0.429077,0.511637,#
17,-0.469956,-0.070183,0.378352,0.249652,0.236939,-0.014303,0.407669,0.421754,0.538925,-0.070183,-0.083873,0.135214,-0.007653,-0.447624,-0.335172,0.504446,0.406496,1.0,-0.111325,-0.258265,-0.645483,-0.265495,0.082423,-0.441328,0.173095,0.406281,0.048406,0.076132,-0.008067,0.279707,-0.337105,-0.462915,-0.450339,-0.004934,0.039112,0.409008,-0.133479,-0.356919,0.194638,0.0,0.256915,-0.17053,0.281366,0.341632,0.0,0.183396,0.040538,-0.269333,-0.440969,0.496872,-0.160696,0.373759,-0.167577,0.43771,0.513197,-0.047234,-0.298805,-0.014188,0.087106,-0.014946,-0.27091,0.279578,0.279646,-0.015934,0.030473,-0.318479,0.143256,0.302848,-0.303299,-0.321622,0.264077,0.087076,-0.293409,-0.238818,-0.389743,0.473181,-0.003236,-0.420319,-0.463338,-0.476905,-0.463338,-0.321102,-0.558571,0.316453,-0.600286,-0.555189,-0.300149,-0.420319,-0.463338,-0.093765,-0.418866,-0.418866,-0.600286,-0.221822,-0.308082,-0.418866,0.062982,-0.128535,-0.433572,0.504304,-0.271236,-0.200091,-0.160713,0.304718,0.089508,-0.145255,-0.407812,0.086367,-0.479661,0.205584,-0.555189,0.0,-0.321102,-0.326692,-0.003236,-0.48879,0.627102,-0.185492,-0.181765,-0.445007,-0.313291,0.256915,-0.238818,-0.128763,0.065533,-0.281728,0.005359,0.423325,-0.206516,-0.300149,-0.077563,-0.084566,-0.393778,-0.12975,-0.276364,-0.00173,-0.293408,0.0,-0.357381,-0.321102,-0.200091,0.212246,-0.407812,-0.145401,-0.544244,-0.296953,-0.502152,0.851444,-0.321102,-0.200091,-0.294718,-0.292935,-0.011462,-0.183928,0.245989,-0.300149,-0.512956,0.672737,-0.294718,-0.183928,-0.023638,-0.171409,-0.502152,-0.221822,-0.221822,0.213918,-0.498574,0.062773,-0.489281,0.067249,0.264338,0.044093,-0.02148,-0.450129,0.139969,-0.276364,-0.498574,0.432119,0.213918,-0.393778,0.404204,-0.337209,0.401908,0.249392,0.301729,-0.276364,0.057848,0.169976,-0.29899,-0.557007,-0.393778,0.054333,-0.044243,0.270944,-0.128649,-0.054169,0.051437,-0.221822,-0.378911,0.504571,#
18,0.636465,0.813727,-0.43753,0.168325,0.277043,0.044912,0.27391,-0.129487,-0.31307,0.44642,0.119808,-0.14586,0.273327,0.278032,0.338932,-0.111938,0.228979,-0.111325,1.0,-0.177115,0.491104,-0.205031,0.030338,-0.238625,0.048454,-0.244148,-0.560545,0.384059,0.175807,0.123383,-0.451584,0.049453,0.44642,-0.168545,0.117714,0.262225,0.329842,-0.35875,0.187531,0.0,0.406197,0.437145,-0.412381,0.514948,0.0,0.217307,0.16571,-0.063551,0.331996,0.269629,-0.130778,-0.165499,0.485737,0.200106,0.318152,0.069678,0.453891,-0.199623,-0.623383,-0.297118,0.053412,-0.354259,0.139186,0.212598,-0.502663,0.036839,-0.133752,-0.347012,-0.323044,-0.501607,0.015309,0.033179,-0.046543,-0.201855,-0.438756,-0.172861,-0.400137,0.121284,-0.057192,0.427731,-0.057192,-0.280021,0.287942,-0.284069,0.133757,-0.057192,-0.029592,0.085364,-0.057192,-0.496307,-0.280021,-0.280021,0.133757,-0.591943,0.45359,-0.280021,-0.273841,-0.314957,0.098443,-0.171648,0.497863,0.500237,-0.192948,-0.556166,-0.676753,-0.220821,-0.096537,-0.3294,-0.287096,0.13067,0.412178,0.0,-0.280021,0.007891,-0.400137,0.385746,0.087145,-0.061054,0.173991,0.087704,-0.433432,-0.327214,-0.201855,0.069637,-0.639556,-0.56981,0.051376,-0.436285,-0.603872,-0.029592,-0.429927,-0.407764,-0.154114,0.300801,-0.52185,-0.180532,-0.046543,0.0,0.413088,-0.280021,0.043499,-0.182286,-0.096537,-0.47297,-0.161497,0.034873,-0.327214,0.091982,-0.280021,0.043499,-0.141165,0.262355,-0.171648,-0.490821,-0.054686,-0.029592,0.287379,0.020412,-0.141165,0.482359,-0.358151,0.278748,-0.327214,-0.591943,-0.591943,0.257333,0.592889,0.081229,-0.254838,-0.37118,-0.007934,0.720183,0.223105,-0.067992,0.041784,-0.52185,-0.280259,0.017734,0.257333,-0.154114,-0.150246,0.35853,0.183268,0.429925,0.22233,0.241989,0.453956,-0.008309,0.058965,0.410205,-0.686288,0.388752,0.146728,-0.008133,-0.575445,0.276842,0.385549,-0.591943,-0.123309,0.354557,#
19,-0.235568,0.022301,-0.019583,-0.57329,0.159514,-0.038605,-0.214472,-0.359956,-0.063576,0.364334,-0.208742,-0.230484,-0.244207,0.381159,0.32992,-0.208742,0.232809,-0.258265,-0.177115,1.0,0.221099,0.188178,0.353636,0.217175,-0.400015,-0.649829,-0.109139,-0.441275,-0.275135,-0.09798,0.352841,0.644994,0.462057,0.26741,-0.129029,-0.650003,-0.057887,-0.384792,-0.568675,0.0,0.351979,-0.125148,-0.065275,-0.210629,0.0,-0.521633,-0.228188,0.316341,0.351237,0.179167,-0.059135,-0.266948,0.527699,-0.107457,-0.444875,0.245017,0.031592,-0.686503,0.658207,0.251002,0.461305,0.324646,-0.671559,-0.760475,0.240053,0.163449,0.281881,-0.727446,-0.61882,0.467091,-0.845838,-0.840819,-0.082741,0.163364,-0.038605,-0.752996,0.031293,-0.599323,0.44901,0.465052,0.44901,0.256257,0.055181,-0.274422,0.233715,0.796097,0.448244,-0.164489,0.44901,-0.362206,0.625689,0.625689,0.233715,-0.028512,0.083292,0.625689,-0.164489,0.296861,0.285128,0.226865,-0.433942,0.001125,0.233715,0.233715,0.625689,0.647831,-0.363245,-0.27197,0.253137,-0.286115,0.390243,0.0,0.256257,0.448244,0.031293,0.067327,0.038086,-0.015589,0.301461,-0.581646,0.030252,-0.330965,0.163364,-0.028062,0.035194,0.461208,0.465052,0.239906,0.42799,0.448244,0.796097,-0.038043,-0.017939,-0.18875,0.316489,0.253137,0.035461,0.0,0.109299,0.256257,0.547952,-0.142306,-0.363245,-0.044697,-0.362206,0.084137,0.378246,-0.417093,0.256257,0.547952,0.068436,0.33757,0.708756,0.035461,-0.432847,0.448244,0.65999,0.059597,0.068436,0.527968,-0.033834,0.247801,0.378246,-0.028512,-0.028512,0.554028,0.226865,-0.352987,-0.185715,0.37263,-0.862057,-0.193471,-0.646814,0.031293,-0.438045,0.316489,0.708756,-0.481954,0.554028,-0.017939,0.119056,-0.016291,-0.291192,-0.390793,-0.308915,-0.343984,0.339148,0.513408,-0.269644,-0.406451,-0.017939,-0.003015,-0.698221,-0.484474,0.281876,-0.646406,-0.824459,-0.028512,0.354709,0.244181,#
20,0.150601,0.389339,0.009817,0.24603,-0.250712,0.029607,-0.203491,-0.097914,-0.809064,-0.027032,0.149334,-0.162807,0.297193,0.422037,0.363573,-0.648687,0.253217,-0.645483,0.491104,0.221099,1.0,0.18482,-0.486584,0.109904,-0.486064,-0.197152,-0.071043,-0.03551,-0.258185,-0.495141,0.35545,0.621849,0.405994,0.271242,-0.348946,-0.209249,0.183543,0.115246,-0.194486,0.0,0.367981,0.287255,-0.489823,0.055992,0.0,-0.295917,0.001913,-0.060329,0.445818,-0.258185,-0.043687,-0.117775,0.434333,-0.292373,-0.368132,-0.154602,0.442312,-0.152487,-0.227904,-0.366459,0.000892,-0.357098,0.041179,-0.227916,0.145427,0.215629,-0.172364,-0.416171,0.05383,0.060966,-0.313415,-0.314243,0.028203,0.256367,0.046055,-0.598701,0.069021,0.176451,0.400459,0.416009,0.400459,0.204975,0.794136,-0.242552,0.581555,0.400459,0.365373,0.621098,0.400459,0.041726,0.204975,0.204975,0.581555,-0.269678,0.48939,0.204975,0.279061,-0.343487,0.638821,-0.200351,0.503619,0.551689,0.270465,-0.157741,-0.26274,0.166492,0.445544,-0.350249,0.15529,-0.328301,0.400459,0.0,0.204975,0.485598,0.069021,0.430149,-0.3739,0.456177,0.179352,0.203689,0.058073,-0.330377,0.256367,0.131552,-0.21024,-0.018595,-0.027683,-0.706415,-0.140452,0.365373,-0.038966,0.057061,0.454002,0.228415,0.285584,0.256761,0.531826,0.0,0.275731,0.204975,0.551689,-0.177502,0.445544,0.198985,0.360534,0.095846,0.367981,-0.384617,0.204975,0.551689,0.471503,0.306424,0.274164,0.028203,0.036551,0.365373,0.239633,-0.602736,0.471503,0.431101,0.129988,0.284952,0.367981,-0.269678,-0.269678,-0.267408,0.618898,0.055174,0.265517,0.033992,-0.357036,0.297033,-0.163963,0.385291,-0.367286,0.285584,0.170744,-0.400686,-0.267408,0.454002,-0.659038,0.383256,0.21356,-0.337544,-0.222501,0.285584,-0.066743,-0.055153,0.146679,0.388967,-0.052738,-0.070907,-0.249178,-0.365957,0.012021,-0.133773,0.032939,-0.269678,-0.129248,-0.191665,#
