0,1.0,-0.039658,-0.378719,0.233332,0.350698,0.51952,-0.135222,0.061638,-0.600357,-0.182635,0.418997,-0.002894,0.397795,-0.002894,0.409476,-0.272091,0.120729,-0.578024,0.244417,-0.399974,-0.091227,0.645,-0.0606,0.235285,0.395768,-0.091227,-0.077387,-0.015754,0.265741,-0.408052,0.499666,0.02225,0.317039,-0.272091,0.087661,-0.113895,0.107618,0.05265,-0.056006,-0.272091,-0.272091,0.313444,0.2866,0.245884,-0.272091,0.252175,-0.08585,-0.107091,-0.424046,-0.127785,-0.002898,-0.018045,-0.403474,-0.049304,0.331582,0.148576,-0.466476,0.189959,0.406989,0.265741,0.403277,-0.21571,-0.728448,0.162634,0.034623,-0.56217,0.130296,0.339279,0.149433,-0.355931,-0.183468,0.199393,-0.272091,-0.408136,-0.998706,0.342299,0.168299,0.220003,-0.620773,-0.534093,0.483968,-0.442676,0.077535,-0.015494,-0.442676,0.151046,0.2079,-0.162736,-0.534375,-0.603216,-0.272091,-0.620773,0.11131,-0.3732,-0.169507,-0.263226,-0.692976,-0.42249,-0.533695,0.327304,0.087587,0.114615,0.331337,-0.583216,0.220003,-0.428897,-0.1156,-0.407928,-0.407928,-0.023539,0.013394,-0.272091,-0.675732,-0.114582,-0.215008,-0.407928,-0.532251,-0.3732,-0.4073,0.345151,-0.803537,-0.227941,0.2079,-0.532251,0.087661,-0.152122,0.063157,-0.183468,0.395085,0.32202,-0.189179,-0.10746,-0.4073,0.190919,-0.507054,0.114615,0.0,-0.038793,0.432177,-0.198137,-0.446854,0.118832,0.063157,0.535127,-0.198137,0.355269,-0.405768,0.390893,-0.617306,-0.114582,-0.152122,-0.215008,-0.388279,-0.122676,0.395722,-0.268871,-0.417146,-0.155312,-0.675732,-0.407928,-0.092788,-0.534104,-0.272091,0.019481,-0.162736,0.004694,-0.122676,0.10991,-0.272091,-0.429054,0.357976,0.168177,-0.122676,0.331337,0.224528,-0.42249,0.114615,0.350891,-0.009873,0.220003,-0.03503,-0.42911,0.428849,0.782796,0.394461,-0.442676,-0.405493,-0.169507,0.10648,0.109837,0.168299,0.356055,0.574714,-0.424546,0.151056,0.366888,-0.009605,-0.169507,-0.345803,0.045437,#
1,-0.039658,1.0,0.660789,0.01873,-0.242473,0.21861,0.505702,0.21861,0.442394,0.453236,-0.620738,0.228853,0.007912,0.228853,0.187827,-0.333053,0.013728,0.481735,-0.34105,0.262206,-0.225787,0.400819,0.191762,-0.049649,0.312399,-0.225787,0.574806,-0.21856,-0.31355,0.013024,-0.417683,0.10271,0.648474,-0.333053,-0.67585,0.665077,0.506814,-0.292317,-0.171702,-0.333053,-0.333053,0.051591,0.261097,-0.476452,0.338217,-0.805101,-0.13893,-0.126844,0.740883,0.51731,-0.211832,-0.385668,-0.047508,-0.420271,-0.399149,-0.027001,-0.15024,-0.815618,-0.075971,-0.31355,0.329773,-0.199172,-0.329237,-0.26453,0.17006,0.12776,0.328133,0.27317,-0.087271,0.369662,-0.427366,-0.209752,0.338217,-0.49958,0.037455,0.255431,-0.379799,-0.846265,0.413518,0.250666,-0.22515,-0.200821,-0.030143,-0.625851,0.196506,0.333782,-0.398573,-0.464917,-0.214654,-0.384847,-0.333053,0.413518,-0.49958,-0.149518,-0.029941,-0.047086,0.482241,0.654931,0.333782,0.234922,-0.1991,0.397231,-0.519899,-0.376909,-0.39075,-0.139694,-0.179821,0.018248,-0.499325,-0.633793,0.672856,0.338217,0.032284,-0.248316,0.035425,-0.499325,-0.257571,-0.609875,0.258544,-0.288768,-0.172196,-0.463843,-0.398573,-0.257571,-0.67585,-0.483597,-0.043872,-0.427366,0.549078,0.173641,0.518758,-0.170627,-0.20523,0.346623,0.313062,-0.060569,0.0,-0.198406,0.263446,-0.406907,0.205843,-0.090824,-0.043872,-0.36154,-0.406907,0.506077,-0.044588,0.461741,-0.000643,0.199666,-0.483597,-0.398573,0.24395,0.226411,-0.213234,0.033028,0.580612,0.39222,0.032284,0.038154,0.635445,-0.189046,0.338217,0.454015,0.032284,0.214676,0.226411,0.355252,-0.333053,0.20231,-0.052912,0.121078,-0.25599,-0.015409,-0.017326,0.173321,-0.060569,0.191423,0.194873,-0.846265,0.559812,-0.243547,-0.268975,-0.24251,-0.227855,0.219878,0.008362,0.500836,-0.649244,0.336925,0.356175,-0.216968,-0.020985,0.612236,-0.391987,0.187702,-0.227472,-0.029941,0.772527,-0.165576,#
2,-0.378719,0.660789,1.0,0.368121,-0.511497,0.046628,0.202629,0.027977,0.391088,0.405788,-0.713198,0.246906,-0.33925,0.246906,-0.210556,0.197485,-0.200778,0.825931,-0.413703,0.641602,0.387003,-0.073499,0.23678,0.069816,0.253909,-0.042668,0.710885,0.154227,-0.231711,0.316936,-0.284948,0.25705,0.444272,0.197485,-0.524234,0.461405,0.437326,-0.327019,-0.098045,0.197485,0.225697,0.293332,-0.249658,-0.349779,0.225697,-0.782797,0.062155,0.153121,0.912621,0.217384,-0.216802,-0.320251,0.352743,-0.294208,-0.314809,-0.207307,-0.334423,-0.824374,-0.363591,-0.260263,-0.343143,-0.227104,-0.03919,-0.161202,0.017467,0.213729,0.021343,0.427526,-0.377394,0.481094,-0.173528,-0.071347,0.225697,0.317387,0.350106,-0.270684,-0.266419,-0.580713,0.330146,0.444091,0.069412,0.185652,0.275551,-0.122438,0.232802,-0.221497,-0.548215,-0.283945,0.424791,-0.095416,0.225697,0.360973,-0.23275,0.091365,0.202007,0.483752,0.731374,0.995148,0.503702,0.011522,-0.413147,0.553776,-0.325524,-0.076676,-0.082959,0.250483,-0.478478,0.296076,-0.227193,-0.277423,0.558693,0.197485,0.259361,0.388739,0.355681,-0.247737,-0.110374,-0.392333,0.57933,-0.296272,0.051856,-0.414925,-0.499575,-0.110374,-0.524234,-0.333373,-0.223555,-0.173528,0.117089,0.405704,0.786995,0.010846,0.040066,-0.147612,0.472133,0.036026,0.0,0.190055,0.27572,-0.117512,0.17377,-0.51481,-0.283169,-0.55593,-0.117512,0.204532,0.313509,-0.357822,0.326423,0.388739,-0.333373,-0.10032,0.50412,0.408908,-0.230255,0.12934,0.42918,0.448448,0.20036,0.339582,0.715908,-0.04493,0.197485,0.687196,-0.263049,-0.224839,0.408908,-0.130582,0.197485,0.492578,-0.40555,-0.258833,-0.099787,-0.304321,-0.545004,0.468878,0.036026,-0.082218,0.202696,-0.580713,0.146494,0.11209,-0.764051,-0.702206,-0.247996,0.627681,0.305045,0.759694,-0.481989,-0.009279,0.537801,-0.555158,-0.378082,0.65876,-0.799674,-0.041202,-0.258535,0.202007,0.944586,-0.322203,#
3,0.233332,0.01873,0.368121,1.0,-0.392153,0.372031,0.117733,-0.067642,-0.28589,0.120592,0.010346,0.371383,0.072596,-0.033241,-0.447611,0.284642,0.426149,0.115394,-0.230374,0.423364,0.542646,0.177986,-0.068141,0.204901,0.231438,0.064796,0.549822,0.293673,0.373809,-0.140357,0.656093,0.697577,0.559843,0.284642,-0.079243,0.090763,-0.113362,0.093803,-0.410561,0.284642,0.231438,0.379665,-0.329274,-0.254388,-0.407011,-0.110858,-0.053872,0.117509,0.109055,0.072596,-0.441515,0.1558,0.394293,0.187122,-0.295471,-0.02847,-0.402773,-0.174503,0.101134,0.373809,-0.29258,-0.008922,-0.06356,-0.43789,0.272753,-0.390889,0.206615,0.483855,0.248717,-0.404573,0.182875,0.329858,-0.407011,0.38706,-0.251546,-0.282036,-0.366054,0.156159,-0.248668,0.132955,0.81751,0.41884,0.446054,0.018329,-0.00352,-0.265943,0.214416,0.056678,0.071402,-0.687469,0.231438,-0.261795,0.407011,-0.076015,0.579848,0.287591,0.064791,0.338277,-0.292243,-0.380684,-0.094398,0.66475,0.601544,0.159436,0.625506,0.01871,-0.310406,-0.106544,-0.145287,0.381134,-0.098159,-0.407011,-0.435918,0.539909,0.198172,-0.106544,-0.336163,-0.076015,-0.102821,0.367716,-0.105377,-0.140025,0.168551,-0.336163,-0.079243,0.131114,-0.159502,0.182875,0.06591,0.541644,0.101727,0.116285,-0.05381,0.177291,0.34013,0.226048,0.0,-0.003034,0.264866,0.584429,0.026455,-0.140785,-0.10329,0.292959,0.584429,0.10589,-0.041335,-0.40284,0.18193,0.11383,0.131114,0.198172,0.361834,0.59288,-0.004707,0.310995,-0.157481,0.132659,-0.380283,0.447256,0.001057,0.115374,-0.407011,0.513593,-0.455622,-0.411193,0.59288,-0.374117,0.284642,0.319763,-0.452684,-0.229352,0.061057,0.081735,-0.719357,-0.157958,0.226048,0.025082,-0.496188,0.156159,-0.457932,-0.022604,-0.376256,-0.048859,-0.03756,0.41884,0.373131,0.579848,0.354758,-0.236468,0.392268,-0.374069,-0.21886,-0.066151,-0.611096,0.064467,-0.482705,0.579848,0.27262,-0.613153,#
4,0.350698,-0.242473,-0.511497,-0.392153,1.0,-0.061237,-0.234971,0.425779,0.077743,-0.375673,0.243222,-0.23908,0.329541,0.209112,0.202698,-0.218165,-0.32718,-0.356424,0.409081,-0.649846,-0.428356,0.072136,0.145426,0.421569,0.490164,0.530146,-0.786046,-0.298498,0.227191,-0.32718,0.276187,-0.268594,0.023175,-0.218165,0.005699,0.017395,-0.063758,-0.171114,0.07922,-0.218165,-0.218165,-0.524049,0.297581,0.363439,-0.218165,0.304933,-0.653209,-0.2816,-0.390689,-0.22948,0.658107,-0.269288,-0.32351,-0.291787,0.252093,0.422526,0.169457,0.3765,0.336193,0.227191,0.309525,-0.237581,-0.458131,0.29673,-0.008313,0.375972,0.347555,-0.458094,0.006113,0.269848,-0.322917,0.251009,-0.218165,-0.327248,-0.337246,0.260658,0.188789,0.109338,-0.332361,-0.428242,-0.093942,-0.191578,-0.32706,0.117385,0.203022,0.174498,0.100344,0.282818,-0.428468,0.09169,-0.218165,0.067111,-0.327248,-0.548383,-0.223036,-0.533238,-0.230723,-0.561479,0.174498,0.486455,0.418,-0.11981,0.306253,-0.332821,-0.372037,-0.242876,0.51641,-0.327081,0.240911,-0.186241,-0.101478,-0.218165,0.282818,-0.428224,-0.375933,0.240911,0.092004,-0.04318,-0.109077,0.192116,-0.501016,-0.041984,0.507417,0.092004,0.005699,-0.203122,0.756112,-0.322917,-0.216297,0.025763,-0.279949,0.02538,-0.035126,0.066658,-0.521409,0.363979,0.0,-0.233084,-0.311487,-0.327924,-0.196842,0.02371,0.257193,0.410223,-0.327924,-0.294934,-0.325349,0.33197,-0.327924,-0.428224,-0.203122,0.100344,-0.997453,-0.427764,-0.228276,-0.123819,0.021182,-0.279867,-0.210971,-0.327081,-0.202439,0.062858,-0.218165,-0.739872,0.282818,-0.195374,-0.427764,0.082672,-0.218165,-0.060354,0.340417,0.25124,0.082023,0.306253,0.534263,-0.052526,0.363979,0.051,0.218606,0.109338,0.235841,-0.182119,0.28542,0.670342,0.213023,-0.653261,-0.307059,-0.805519,-0.006861,0.407956,-0.588968,0.067188,0.355551,-0.222451,0.372279,0.024439,0.670342,-0.223036,-0.504498,0.371331,#
5,0.51952,0.21861,0.046628,0.372031,-0.061237,1.0,0.203741,0.028736,-0.499319,-0.050119,0.197255,-0.181148,-0.296033,-0.181148,0.217427,0.197769,0.359762,-0.117102,-0.537763,0.208386,-0.06147,0.814331,0.246714,0.525829,0.197768,-0.08021,0.198282,-0.341135,0.541068,-0.762664,0.275403,0.29923,0.426911,0.197769,-0.489807,-0.035544,-0.08059,0.160846,-0.097442,0.197769,-0.508548,0.308671,-0.27862,-0.053889,0.226021,0.181133,0.144101,0.298705,-0.17689,-0.296033,0.197255,-0.277015,-0.265652,-0.251374,-0.287168,0.043933,0.068506,0.082623,0.214184,-0.202351,0.417794,-0.454859,-0.529828,-0.304069,0.052475,-0.079621,0.011874,0.678437,0.373872,-0.137011,-0.605665,0.502378,0.226021,-0.233084,-0.530357,-0.242923,-0.349659,-0.138464,-0.541739,0.444729,0.510856,-0.233136,0.296483,0.107445,0.201658,0.422271,0.337926,-0.365596,-0.055487,-0.574324,-0.508548,-0.118505,0.317842,0.054898,0.182439,-0.366522,-0.385292,0.011929,-0.303969,0.424612,0.052164,0.082464,0.173612,-0.076786,0.360005,-0.217397,-0.036204,-0.248093,-0.762433,-0.261889,0.021855,-0.508548,-0.365596,-0.083183,-0.110612,-0.248093,-0.525031,0.054898,0.029279,0.144755,-0.424982,0.044781,0.337926,-0.525031,-0.489807,0.202296,-0.263676,-0.605665,0.675117,0.388179,0.173612,-0.017379,0.029279,-0.090162,-0.289576,0.019585,0.0,-0.272904,0.446294,-0.101588,-0.247905,-0.051445,-0.263676,0.460386,-0.101588,0.20869,0.313959,0.206621,-0.101588,0.407043,0.202296,-0.110612,0.037675,0.426874,0.21018,-0.315459,-0.494879,-0.225947,-0.365596,0.340069,0.103488,-0.044995,-0.508548,0.360779,-0.34467,0.238028,0.426874,-0.286647,0.197769,-0.482538,0.166021,-0.476752,-0.562648,0.194845,-0.105212,-0.515097,0.019585,-0.067806,-0.223285,-0.138464,-0.256732,-0.691288,-0.18797,0.165656,0.193406,-0.233136,-0.205532,0.182439,0.062077,-0.433281,0.455716,-0.048191,0.071692,-0.20637,0.074874,0.425503,-0.673594,0.182439,0.171486,-0.455793,#
6,-0.135222,0.505702,0.202629,0.117733,-0.234971,0.203741,1.0,0.203741,0.161299,0.158159,-0.026343,0.052318,-0.203689,-0.45877,-0.003305,0.14216,0.285437,0.100206,-0.347807,-0.011915,-0.235233,0.105598,-0.496249,-0.16524,0.142161,0.300557,0.394858,-0.078023,-0.133309,-0.356796,-0.301665,0.364132,0.323386,0.142161,-0.375075,0.344036,-0.462482,0.474766,-0.252979,0.14216,-0.66557,-0.336194,-0.214678,-0.952136,0.17447,-0.150432,-0.309301,-0.327808,0.361228,0.433781,-0.026343,-0.270214,-0.428361,-0.251067,-0.241779,-0.40311,0.214129,-0.111232,-0.278684,-0.133309,0.586477,-0.23841,0.187605,-0.222799,0.24769,0.054044,0.399587,-0.180529,0.548384,-0.129971,0.067217,-0.30181,0.17447,-0.392557,0.142309,-0.187904,-0.163357,-0.405362,0.138481,0.343691,-0.324531,0.008324,0.213118,-0.636333,0.505547,0.712514,0.139028,-0.187507,-0.228434,-0.366696,-0.66557,0.622484,0.237473,-0.257275,0.371,-0.15065,0.375576,0.210324,-0.118,-0.193704,0.227502,-0.111043,-0.228535,0.137533,-0.384249,-0.441651,-0.142714,0.238044,-0.350146,-0.01822,-0.293422,0.17447,-0.187507,-0.260013,-0.373912,0.238044,0.319801,-0.257275,-0.285723,0.464685,0.263968,0.404203,0.139028,0.319801,-0.375075,-0.196712,0.238383,0.067217,0.444538,0.279032,-0.228535,-0.701319,-0.285723,0.620083,0.670914,0.36873,0.0,-0.503717,-0.153112,0.114103,0.50563,0.227568,0.238383,0.150813,0.114103,-0.140539,0.233763,0.37806,0.114103,0.3006,-0.196712,-0.373912,0.235117,0.323456,-0.496818,-0.099864,0.259235,0.027547,-0.187507,0.262955,-0.27833,0.343674,0.17447,0.100691,-0.163576,0.045858,0.323456,0.586697,0.14216,0.215075,0.361201,-0.115128,-0.226817,-0.204253,0.117561,0.188002,0.36873,0.318476,-0.493409,-0.405362,0.492882,-0.004067,-0.011127,-0.009535,-0.010808,0.008324,-0.339685,0.371,-0.313226,0.388689,-0.129246,-0.194901,-0.101202,0.028887,-0.066017,0.321744,-0.480001,0.371,0.423089,-0.333385,#
7,0.061638,0.21861,0.027977,-0.067642,0.425779,0.028736,0.203741,1.0,-0.044414,-0.490353,0.197255,-0.181148,0.2614,0.265772,-0.226624,0.197769,-0.201066,-0.099604,-0.145416,-0.243117,-0.06147,-0.090333,-0.21656,0.525829,0.197768,0.407049,-0.36073,-0.341135,-0.202351,-0.201836,0.145997,-0.361535,0.426911,0.197769,0.073065,0.445006,0.08873,-0.159397,0.424729,0.197769,-0.508548,-0.198513,-0.140899,-0.053889,-0.508548,0.046026,-0.432303,-0.415705,0.151619,-0.296033,0.197255,0.173134,-0.265652,0.194244,-0.206012,-0.09045,0.266403,0.082623,-0.301444,0.541068,0.499264,-0.208477,-0.366563,-0.102831,-0.4814,0.343313,0.526422,-0.26347,0.426702,0.505368,-0.074111,-0.252306,-0.508548,-0.233084,-0.042468,-0.161601,-0.263487,-0.111797,-0.049792,-0.026662,0.023171,0.227234,0.296483,0.107445,0.227234,0.507711,0.36431,0.2425,-0.536375,-0.077448,-0.508548,0.373441,-0.233084,-0.392896,-0.333852,0.047807,0.222805,0.040124,0.507711,-0.085384,0.535218,0.082464,0.206087,-0.49163,-0.093335,0.242973,0.462128,0.318285,-0.196054,-0.235999,0.050267,0.226021,0.2425,-0.083183,0.36431,0.318285,0.423341,-0.392896,0.057474,0.171448,-0.369872,-0.307215,0.36431,0.423341,0.073065,-0.313994,0.318401,-0.074111,0.213195,0.388179,0.206087,-0.017379,0.057474,0.34597,-0.204503,0.502,0.0,0.198384,-0.139748,-0.075437,0.662052,0.48928,0.318401,0.460386,-0.075437,-0.293709,-0.180764,0.244188,-0.075437,-0.083183,-0.313994,0.36431,-0.410119,0.426874,-0.691758,0.091922,0.111747,-0.420149,0.2425,0.340069,0.135906,0.444717,0.226021,-0.300385,-0.28066,-0.180129,0.426874,-0.014646,0.197769,0.523377,0.201694,-0.236062,-0.05431,-0.324742,-0.076717,0.020604,0.502,-0.036325,-0.223285,-0.111797,0.205608,0.233393,0.214507,0.222703,0.221978,0.227234,-0.16893,-0.333852,0.062077,0.53318,-0.233658,-0.017631,0.100817,-0.20637,-0.320112,-0.546706,0.239158,-0.333852,0.200252,-0.42646,#
8,-0.600357,0.442394,0.391088,-0.28589,0.077743,-0.499319,0.161299,-0.044414,1.0,0.587356,-0.803085,0.393127,0.096554,0.393127,-0.005907,-0.407561,-0.085152,0.646052,0.162815,0.055432,-0.395759,-0.223765,0.370537,-0.211213,0.254064,0.095078,0.143517,0.004214,-0.267839,0.381739,-0.412608,0.081094,0.113429,-0.407561,-0.483657,0.551893,0.227845,-0.46083,-0.304906,-0.407561,0.227599,-0.489926,0.399128,-0.256864,0.280529,-0.659775,-0.415173,-0.013783,0.504983,0.618716,0.003596,-0.381817,0.388338,-0.425068,-0.340926,0.260798,0.152582,-0.572724,0.067026,-0.267839,-0.210356,0.230793,0.287489,-0.196584,0.412614,0.575655,0.214004,-0.343669,-0.399703,0.374717,-0.19869,-0.07383,0.280529,-0.134972,0.605967,0.332637,-0.240296,-0.652741,0.625372,0.127075,-0.524836,0.034647,-0.610992,-0.510101,0.434559,-0.141906,-0.58632,0.1386,0.065837,0.188248,0.227599,0.617909,-0.611342,-0.044366,0.127416,-0.202018,0.64826,0.377269,0.486053,0.111109,-0.054486,0.253175,-0.370884,0.189067,-0.635447,0.034647,0.152808,-0.080488,0.382036,-0.403889,0.395937,0.280529,0.64826,-0.376093,-0.198482,-0.080488,0.091115,-0.044366,0.377269,-0.427753,0.390349,-0.179885,-0.206087,0.091115,-0.483657,-0.337607,0.401246,-0.19869,-0.274262,-0.375915,0.146248,0.110497,-0.029052,0.181484,0.460365,-0.158162,0.0,-0.393926,-0.300028,-0.211237,0.074857,-0.310469,-0.064777,-0.629502,-0.211237,0.111499,-0.144374,0.131558,0.205207,-0.34077,-0.337607,-0.198482,-0.044366,-0.30463,-0.409246,0.261839,0.818317,0.608888,0.187029,-0.060083,0.289886,0.13507,0.280529,-0.066102,0.64826,0.042786,-0.30463,0.244598,-0.407561,0.384558,-0.379407,0.489945,0.092183,0.146248,0.187049,0.358984,-0.158162,0.083932,0.393596,-0.652741,0.430172,-0.018531,-0.40829,-0.387833,-0.415248,0.034647,0.402198,0.127416,-0.52192,0.298579,-0.212354,-0.331404,-0.164742,0.821418,-0.122789,0.062565,0.3829,0.127416,0.313603,0.372423,#
9,-0.182635,0.453236,0.405788,0.120592,-0.375673,-0.050119,0.158159,-0.490353,0.587356,1.0,-0.816511,0.808785,0.092902,0.403644,0.404584,-0.407531,0.426693,0.659934,0.256923,0.063724,-0.393086,0.194615,0.380813,-0.206123,0.258369,-0.358456,0.685659,0.453795,-0.272679,0.3882,-0.298747,0.216179,0.119388,-0.407531,-0.49265,0.560686,0.241059,-0.473029,-0.301687,-0.407531,0.231733,0.204896,0.373441,-0.254713,0.285005,-0.547719,0.119697,0.523783,0.315669,0.618437,-0.410252,-0.268392,0.394796,-0.312781,-0.321352,-0.028506,-0.216711,-0.586366,0.081818,-0.272679,-0.190543,0.455634,0.282686,-0.384242,0.427253,0.04851,-0.2633,0.349926,-0.409948,-0.17851,-0.207201,-0.073886,0.285005,-0.131848,0.183895,0.356509,-0.285281,-0.688771,0.19979,0.133124,-0.07396,-0.391181,-0.610946,-0.508391,0.011314,-0.185732,-0.621488,0.105492,0.071493,-0.244558,0.231733,0.192279,-0.111871,0.398829,0.09384,-0.196813,0.125221,0.391872,-0.212066,0.117049,-0.06016,0.261322,-0.408017,0.159639,-0.218825,0.042846,-0.310802,-0.077015,-0.145472,-0.438887,0.410652,0.285005,0.125221,-0.373295,-0.190005,-0.610985,-0.39078,-0.076112,0.391872,-0.464199,0.362097,-0.216785,-0.238798,-0.39078,-0.49265,-0.374188,-0.140945,-0.207201,0.24019,-0.373115,0.163089,0.116434,-0.495539,0.149842,0.420769,-0.607483,0.0,-0.388496,0.437332,-0.24361,-0.34563,-0.345291,-0.609978,-0.640269,-0.24361,0.674408,-0.141334,0.127913,-0.227489,-0.337743,-0.374188,-0.637753,0.398829,-0.301375,0.004906,-0.114039,0.29383,0.95233,-0.33899,-0.056478,0.306688,-0.32052,0.285005,0.592165,0.618445,0.429306,-0.301375,0.163922,-0.407531,-0.074977,-0.41963,0.48711,-0.38125,0.112455,0.154883,-0.104997,-0.607483,0.517119,0.403687,-0.688771,0.00461,-0.446991,-0.446579,-0.425401,-0.022067,0.042846,0.408114,0.641431,-0.531024,-0.149158,0.47401,0.086434,0.236037,0.834273,-0.159695,0.524054,-0.037544,0.09384,0.327207,0.370999,#
10,0.418997,-0.620738,-0.713198,0.010346,0.243222,0.197255,-0.026343,0.197255,-0.803085,-0.816511,1.0,-0.586258,0.022034,-0.586258,-0.181092,0.317592,0.017036,-0.888859,-0.071544,-0.269426,0.209148,-0.004316,-0.559216,0.048853,-0.333211,0.209148,-0.548242,-0.230043,0.338442,-0.499714,0.411974,-0.074631,-0.239199,0.317592,0.609393,-0.653954,-0.531343,0.686281,0.173948,0.317592,-0.333211,-0.090504,-0.295377,0.143996,-0.333211,0.814239,0.026241,-0.371762,-0.663591,-0.491587,0.206514,0.399728,-0.494108,0.432403,0.369479,-0.080643,0.187955,0.826032,0.050726,0.338442,0.336838,-0.209555,-0.107039,0.259183,-0.253385,-0.390797,0.108826,-0.255306,0.621576,-0.379349,0.357913,0.055342,-0.333211,-0.011715,-0.410413,-0.241891,0.313626,0.811038,-0.425021,-0.236432,0.188486,0.174207,0.476115,0.353373,-0.188347,0.291585,0.790478,-0.002949,-0.228363,-0.008712,-0.333211,-0.402082,0.495912,-0.250932,-0.006633,-0.006852,-0.52242,-0.697631,-0.377576,-0.238571,0.221359,-0.434622,0.486807,0.003492,0.368757,-0.235479,0.214277,-0.025647,0.022302,0.59363,-0.699177,-0.333211,-0.504273,0.189059,-0.060403,0.496217,0.257669,0.213242,-0.681644,0.648351,-0.221277,0.470375,0.416465,0.257669,0.609393,0.469081,0.037589,0.357913,-0.045181,0.20626,-0.560461,-0.236995,0.185649,0.053709,-0.356057,0.413537,0.0,0.153842,-0.269368,0.386092,0.160701,0.521827,0.495989,0.801838,0.386092,-0.496385,0.035315,0.029822,-0.02354,0.189059,0.469081,0.377193,-0.266801,0.172342,0.183884,-0.052743,-0.580673,-0.842733,-0.050586,-0.025647,-0.671617,0.206907,-0.333211,-0.50054,-0.484991,-0.176642,0.172342,-0.02005,0.317592,-0.240626,0.519094,-0.323064,0.215378,-0.002302,0.032718,-0.230012,0.413537,-0.191894,-0.591024,0.811038,-0.184943,0.224675,0.662833,0.618833,0.223972,-0.249981,-0.479931,-0.54181,0.658829,-0.000214,-0.400966,0.236094,0.026836,-0.996262,0.416333,-0.190565,-0.154456,-0.006633,-0.607365,-0.273605,#
11,-0.002894,0.228853,0.246906,0.371383,-0.23908,-0.181148,0.052318,-0.181148,0.393127,0.808785,-0.586258,1.0,0.499336,0.588708,0.196951,-0.332806,0.533844,0.462407,0.502975,-0.159689,-0.25608,0.028326,0.137742,-0.043699,0.317205,-0.222277,0.558274,0.649961,-0.342078,0.476419,0.110693,0.140479,0.244076,-0.332806,-0.106091,0.674877,0.190733,-0.548089,-0.167849,-0.332806,0.291205,0.292935,0.359168,-0.155647,-0.332806,-0.360441,-0.026366,0.397902,0.143409,0.499336,-0.617325,0.139757,0.481764,0.099895,-0.305067,-0.079752,-0.323619,-0.397121,0.031684,0.342078,-0.194167,0.680224,0.263661,-0.478865,0.254336,-0.124802,-0.100388,0.248125,-0.198213,-0.325144,0.110536,-0.195412,-0.332806,-0.031201,0.01636,0.354238,-0.347101,-0.417957,0.028227,-0.176274,0.242072,-0.187212,-0.498922,-0.374115,-0.194454,-0.245564,-0.352639,0.510229,-0.245106,-0.409503,0.291205,0.020895,0.0078,0.265485,-0.005482,-0.033242,0.009516,0.238315,-0.296975,-0.227662,0.255943,0.413982,0.009195,0.004405,0.040776,0.236459,-0.175995,0.022275,-0.044549,-0.218102,0.253022,0.343206,0.009516,-0.236801,0.052672,-0.498954,-0.254304,-0.198124,0.238315,-0.243379,0.236418,-0.386039,0.020919,-0.254304,-0.106091,-0.462342,-0.04029,0.110536,0.164153,-0.236629,0.039081,0.241105,-0.627922,0.399049,0.350505,-0.434093,0.0,-0.184609,0.4549,0.016291,-0.142791,-0.037876,-0.498132,-0.316129,0.016291,0.599632,-0.496312,0.049731,-0.392842,-0.653244,-0.462342,-0.384392,0.265485,-0.166734,-0.199435,0.047296,0.169289,0.859579,-0.443619,0.042322,0.156512,-0.185277,0.343206,0.490277,0.510229,0.224184,-0.166734,0.05507,-0.332806,0.223519,-0.510632,0.550564,-0.244704,0.009195,-0.007665,-0.246698,-0.434093,0.661897,0.173521,-0.417957,-0.210287,-0.225629,-0.221218,-0.194652,0.199428,0.236459,0.51303,0.529043,-0.203564,0.026511,0.394072,0.236889,0.41442,0.593832,-0.388065,0.224982,0.168806,-0.005482,0.151911,0.214713,#
12,0.397795,0.007912,-0.33925,0.072596,0.329541,-0.296033,-0.203689,0.2614,0.096554,0.092902,0.022034,0.499336,1.0,0.499336,0.006409,-0.66481,0.291366,-0.333335,0.583809,-0.444658,-0.271906,0.117897,-0.035399,-0.094465,0.145934,-0.208232,-0.157673,0.081757,-0.166627,0.21974,0.454186,-0.132213,0.330956,-0.66481,0.34013,0.351685,0.30508,-0.380482,-0.118679,-0.66481,0.113504,-0.03688,0.727789,0.221852,-0.66481,-0.100548,-0.34011,-0.283858,-0.268306,0.360151,-0.491587,0.481215,0.230609,0.399553,-0.091961,0.384146,-0.209686,-0.064382,0.42432,0.686706,0.112098,0.576496,-0.195513,-0.257644,0.154948,-0.33953,0.408893,-0.214847,0.10962,-0.290044,0.20827,-0.148648,-0.66481,-0.41348,-0.365602,0.740179,-0.216846,0.074758,0.112022,-0.710023,0.194407,-0.001129,-0.40735,-0.332267,-0.461817,-0.106559,0.140944,0.394923,-0.796135,-0.405818,0.113504,-0.354354,-0.364835,-0.296538,-0.262122,-0.164017,-0.252214,-0.345416,-0.170683,-0.25694,0.285029,0.379217,0.362003,-0.375448,0.09595,0.016937,0.371562,-0.34659,0.220178,-0.028003,0.199438,0.178364,-0.229606,-0.27626,0.10134,-0.34659,-0.211881,-0.296538,-0.3255,-0.024747,-0.278578,-0.529552,0.140944,-0.211881,0.34013,-0.239329,0.244127,0.20827,-0.042825,-0.265654,-0.271681,0.329775,-0.3255,0.634191,-0.159622,-0.124828,0.0,-0.034677,0.016817,0.106794,0.042963,0.482465,0.244127,0.2112,0.106794,0.410329,-0.991429,0.441998,-0.403508,-0.795681,-0.239329,0.10134,-0.316307,-0.198862,-0.041576,0.39687,0.235394,0.189156,-0.229606,-0.321586,-0.036495,-0.159146,0.178364,-0.235337,0.394923,0.055998,-0.198862,0.163313,-0.66481,0.20971,-0.247264,0.741828,0.287384,0.362003,0.130202,-0.367822,-0.124828,0.36275,-0.01877,0.074758,0.007654,-0.011482,0.526711,0.52448,0.019551,-0.001129,0.288436,-0.262122,0.247212,0.433341,-0.182608,0.372368,0.441676,0.000647,-0.057918,-0.209426,0.505592,-0.262122,-0.387967,0.174826,#
13,-0.002894,0.228853,0.246906,-0.033241,0.209112,-0.181148,-0.45877,0.265772,0.393127,0.403644,-0.586258,0.588708,0.499336,1.0,0.196951,-0.332806,0.017724,0.462407,0.404501,-0.159689,-0.25608,0.028326,0.564085,0.409381,0.317205,-0.222277,0.02477,0.201474,-0.342078,0.476419,0.090844,-0.408764,0.244076,-0.332806,-0.106091,0.674877,0.677679,-0.981493,0.294899,-0.332806,0.291205,0.292935,0.409865,0.464271,-0.332806,-0.360441,-0.026366,0.397902,0.143409,-0.01366,-0.205531,0.120031,0.481764,0.080367,-0.305067,0.208813,-0.141495,-0.397121,0.031684,0.342078,-0.194167,0.453482,-0.205872,-0.293669,-0.218783,0.305387,-0.100388,0.248125,-0.441305,0.373512,-0.317497,-0.061849,-0.332806,-0.031201,0.01636,0.354238,-0.386752,-0.442498,0.028227,-0.176274,0.215672,-0.187212,-0.498922,0.109815,-0.194454,-0.284879,-0.376921,0.480775,-0.245106,-0.024437,0.291205,0.020895,-0.499208,0.23973,-0.510312,-0.033242,0.009516,0.238315,0.332057,0.186462,0.255943,0.413982,-0.02069,-0.40123,0.016235,0.613056,0.231655,0.022275,-0.044549,-0.623149,0.671374,0.343206,0.480775,-0.236801,0.441173,-0.498954,-0.254304,-0.22388,0.65347,-0.660978,-0.194674,-0.809647,-0.003362,-0.254304,-0.106091,-0.492038,-0.04029,-0.317497,0.079133,-0.236629,0.517249,0.656941,-0.212767,-0.027401,-0.314972,-0.434093,0.0,0.200919,0.427934,-0.392842,-0.142791,-0.064066,-0.498132,-0.316129,-0.392842,0.507162,-0.496312,0.049731,-0.392842,-0.653244,-0.492038,0.004109,-0.172367,-0.166734,-0.223847,0.047296,0.169289,0.524477,0.027641,0.042322,0.633852,-0.185277,0.343206,0.224076,0.480775,0.224184,-0.166734,-0.320406,-0.332806,0.223519,-0.510632,0.356748,-0.244704,-0.02069,-0.007665,-0.246698,-0.434093,0.227318,0.578265,-0.442498,-0.210287,-0.225629,-0.221218,-0.194652,0.199428,0.236459,0.51303,0.024213,-0.203564,0.026511,0.354421,0.236889,0.41442,0.593832,-0.388065,-0.237798,0.562551,-0.510312,0.151911,0.241708,#
14,0.409476,0.187827,-0.210556,-0.447611,0.202698,0.217427,-0.003305,-0.226624,-0.005907,0.404584,-0.181092,0.196951,0.006409,0.196951,1.0,-0.333253,0.013032,0.033415,0.441481,-0.579813,-0.654326,0.399836,0.158665,0.058869,0.312586,-0.225923,0.063275,0.226918,-0.315749,0.013032,-0.418692,-0.424206,-0.242443,-0.333253,-0.213542,0.191622,0.16249,-0.259367,0.287974,-0.333253,-0.333253,0.247827,0.361997,0.139203,0.33842,0.076839,0.227427,0.379625,-0.155967,0.006409,0.197191,-0.386653,-0.49417,-0.421269,0.343637,-0.216846,-0.171209,0.014311,-0.021615,-0.315749,0.431207,0.008665,-0.231107,0.286324,-0.123293,-0.015422,-0.477295,0.271327,-0.33257,-0.031628,-0.415939,-0.217024,0.33842,-0.49988,-0.401413,0.356637,0.313962,-0.417244,-0.393005,-0.223121,-0.253533,-0.997873,-0.499593,-0.145403,-0.240518,0.291915,-0.424794,-0.046486,-0.214783,-0.002483,-0.333253,-0.028774,0.003875,0.216537,-0.533819,-0.435681,-0.514721,-0.223201,-0.372142,0.64653,0.207844,-0.437622,-0.552189,-0.417256,-0.417244,-0.202741,-0.248083,0.018259,-0.499625,-0.595932,0.203637,0.33842,-0.046486,-0.654123,-0.400669,-0.499625,-0.257725,-0.244097,0.18929,-0.249515,-0.214938,-0.043232,-0.053633,-0.257725,-0.213542,-0.515662,-0.043898,-0.415939,0.546159,-0.240181,-0.017702,-0.240253,-0.671388,-0.078799,-0.350948,-0.437622,0.0,-0.183792,0.584092,-0.815498,-0.581631,-0.118903,-0.498802,-0.22673,-0.815498,0.502847,-0.044615,0.495048,-0.815498,-0.205871,-0.515662,-0.834927,-0.192915,-0.653421,0.213921,-0.813195,-0.266788,0.37965,-0.496712,-0.499625,0.099986,-0.654164,0.33842,0.186888,0.451014,0.606962,-0.653421,0.393729,-0.333253,-0.66822,0.48653,0.311606,-0.653421,-0.047396,0.789369,-0.223201,-0.437622,0.651006,0.622915,-0.417244,0.204466,-0.599375,0.165607,0.188688,0.580881,-0.57692,-0.480776,-0.002724,-0.620674,0.018482,0.313962,0.648069,0.803547,0.220769,0.40651,0.647625,0.188688,-0.533819,-0.123318,0.665796,#
15,-0.272091,-0.333053,0.197485,0.284642,-0.218165,0.197769,0.14216,0.197769,-0.407561,-0.407531,0.317592,-0.332806,-0.66481,-0.332806,-0.333253,1.0,-0.166632,0.150865,-0.401939,0.220643,0.518869,-0.407888,-0.328813,0.418175,-0.111111,0.489388,0.003132,0.176915,0.0865,-0.166632,0.032623,0.029017,-0.218008,1.0,0.138353,-0.218064,-0.489819,0.356177,0.397845,1.0,-0.111111,0.171485,-0.987423,-0.158951,-0.111111,0.432084,0.211261,0.195209,0.082817,-0.66481,0.317592,0.029181,-0.164763,0.144438,0.073654,-0.599642,0.179606,0.388339,-0.66139,0.0865,-0.102693,-0.372678,0.246956,0.121758,-0.499479,0.225589,-0.267737,0.116569,0.239731,0.167833,0.201008,-0.017562,-0.111111,0.666667,0.252468,-0.988162,0.117309,0.278323,-0.407308,0.494925,0.229981,0.324967,0.691522,0.63632,0.324967,0.109851,0.271384,0.159756,0.509175,0.265029,-0.111111,0.258484,0.666667,0.211667,0.16595,0.438701,0.159756,0.217502,0.109851,-0.217813,0.193908,-0.271611,0.171922,0.258841,0.278323,0.324967,-0.217758,0.642529,-0.166582,0.332873,-0.507115,-0.111111,0.159756,0.523424,0.271384,0.642529,0.52164,0.211667,0.217502,0.355301,0.200063,0.425943,0.271384,0.52164,0.138353,0.16595,-0.166307,0.201008,-0.013974,0.538544,0.171922,-0.217859,0.217502,-0.404063,0.102946,0.417552,0.0,0.340595,0.008865,0.265029,0.317338,-0.094704,-0.166307,0.248452,0.265029,-0.65354,0.742976,-0.664848,0.265029,0.523424,0.16595,0.271384,0.211667,0.508338,-0.333043,-0.27113,-0.502257,-0.392891,0.159756,0.642529,-0.181431,0.481481,-0.111111,0.150012,-0.66323,-0.341553,0.508338,-0.394971,1.0,0.211326,0.172673,-0.887418,-0.217859,-0.663129,-0.418084,0.217502,0.417552,-0.238095,-0.359235,0.278323,-0.35841,0.340927,-0.339182,-0.349472,0.341416,0.324967,-0.193773,0.16595,0.189329,-0.292375,0.117309,-0.231125,-0.286355,-0.359235,-0.285926,-0.218049,-0.349472,0.16595,0.256713,-0.505813,#
16,0.120729,0.013728,-0.200778,0.426149,-0.32718,0.359762,0.285437,-0.201066,-0.085152,0.426693,0.017036,0.533844,0.291366,0.017724,0.013032,-0.166632,1.0,-0.08119,-0.046707,0.025784,-0.327174,0.433755,0.042624,-0.003124,-0.166632,-0.327174,0.333459,0.076379,0.226426,-0.249897,0.342474,0.381978,0.235848,-0.166632,-0.103018,0.228692,-0.28676,0.052444,-0.324644,-0.166632,-0.166632,0.12551,0.113036,-0.238377,-0.166632,0.154436,0.120238,0.345029,-0.381634,0.291366,-0.499714,0.335515,0.276704,0.312884,-0.610312,0.084524,0.261191,0.116334,0.31815,0.226426,0.186489,0.558902,0.280293,-0.816951,0.373104,-0.254768,0.033955,0.27135,0.538195,-0.721373,0.008221,0.167604,-0.166632,-0.249948,-0.096906,0.149256,-0.639737,-0.087439,-0.091839,0.228732,0.376846,0.013713,-0.249805,-0.313124,0.013713,0.212316,0.436374,0.275226,-0.327259,-0.611023,-0.166632,-0.091839,0.386284,0.348601,0.284808,-0.407281,-0.353107,-0.195944,-0.626375,-0.326652,0.353637,0.129882,0.293993,0.417055,0.447095,0.013713,0.22837,-0.249821,-0.249821,0.009076,-0.191008,-0.166632,-0.353107,-0.327072,-0.081616,-0.249821,-0.325958,0.348601,-0.195944,0.027523,0.330717,0.126193,0.436374,-0.325958,-0.103018,0.284808,-0.24941,0.008221,0.39818,-0.327065,-0.34355,0.239363,-0.195944,0.475556,0.201755,-0.407333,0.0,-0.498908,0.21633,0.426584,0.007819,0.406128,-0.24941,0.281991,0.426584,0.387484,-0.248498,0.281224,-0.086827,-0.327072,0.284808,-0.081616,0.348601,0.239363,0.021335,0.137777,-0.219912,0.236787,-0.353107,0.380896,-0.284124,0.218249,-0.166632,0.270988,0.275226,0.499577,0.239363,-0.121159,-0.166632,-0.200526,-0.336937,0.174345,-0.326721,0.293993,-0.068752,-0.761101,-0.407333,0.259687,-0.472229,-0.087439,-0.471955,-0.471955,0.054542,0.034705,0.034763,0.013713,0.40382,0.284808,0.358655,-0.36996,0.223908,0.252084,0.141146,0.017535,0.123927,0.253724,-0.459397,0.284808,-0.147708,-0.250435,#
17,-0.578024,0.481735,0.825931,0.115394,-0.356424,-0.117102,0.100206,-0.099604,0.646052,0.659934,-0.888859,0.462407,-0.333335,0.462407,0.033415,0.150865,-0.08119,1.0,-0.110331,0.371792,0.011798,-0.198398,0.421419,0.156105,0.283203,0.015309,0.564946,0.328009,-0.324528,0.444924,-0.418087,0.075035,0.135493,0.150865,-0.560518,0.591103,0.310457,-0.552166,0.026341,0.150865,0.283203,0.173501,-0.165839,-0.225918,0.283203,-0.628404,0.078202,0.491407,0.720064,0.188877,-0.066599,-0.38641,0.436899,-0.365088,-0.363182,-0.212322,-0.086992,-0.661319,-0.380197,-0.297741,-0.38895,0.062142,0.247073,-0.227471,0.01204,0.527025,-0.248286,0.313775,-0.519663,0.472806,-0.272925,-0.079694,0.283203,0.325551,0.56115,-0.222983,-0.283476,-0.717083,0.247038,0.488965,-0.092098,-0.028383,-0.177832,-0.061104,0.354978,-0.236892,-0.682203,0.104825,0.469563,0.142377,0.283203,0.555835,-0.190566,0.380172,0.072318,0.208506,0.614533,0.821149,0.443461,0.133603,-0.109317,0.307953,-0.426498,0.126866,-0.250109,0.419486,-0.308836,0.348626,-0.106005,-0.467828,0.477667,0.30967,0.614533,0.035327,0.200022,-0.202373,-0.003106,-0.109917,0.821149,-0.513199,0.343921,-0.281755,-0.286723,-0.003106,-0.560518,-0.411352,-0.121411,-0.272925,0.048933,0.024703,0.659347,0.150294,-0.095189,-0.240038,0.418108,-0.243446,0.0,-0.000189,0.285699,-0.274106,-0.001912,-0.56665,-0.60612,-0.712418,-0.274106,0.203107,0.314112,-0.341244,0.142377,0.035327,-0.411352,-0.262006,0.380172,0.063801,-0.368853,-0.080047,0.357544,0.691777,0.134808,0.348626,0.604941,0.031467,0.30967,0.588419,0.202846,0.040881,0.063801,-0.170333,0.150865,0.353384,-0.459393,-0.086182,-0.344242,-0.327041,-0.224952,0.327424,-0.243446,0.095283,0.439166,-0.717083,0.010828,-0.072466,-0.844626,-0.817363,-0.0559,0.419486,0.413446,0.637374,-0.590568,-0.141686,0.471011,-0.336941,-0.15269,0.867029,-0.564294,0.084676,-0.000308,0.072318,0.74905,0.044179,#
18,0.244417,-0.34105,-0.413703,-0.230374,0.409081,-0.537763,-0.347807,-0.145416,0.162815,0.256923,-0.071544,0.502975,0.583809,0.404501,0.441481,-0.401939,-0.046707,-0.110331,1.0,-0.766153,-0.342558,-0.262902,-0.100638,-0.142274,0.299431,0.05182,-0.208405,0.611346,-0.37696,0.490244,0.069699,-0.349031,-0.341834,-0.401939,0.415218,0.146473,0.0492,-0.355232,0.141617,-0.401939,0.299431,0.008984,0.519613,0.304666,-0.401939,0.146863,-0.151673,0.068043,-0.311651,0.153924,-0.104409,0.120518,-0.005091,0.072861,0.489965,-0.020809,-0.353197,0.166308,0.078923,0.387461,-0.104216,0.497637,0.124409,0.315875,-0.009658,-0.158339,-0.217983,-0.281645,-0.386076,-0.235688,0.287926,-0.301234,-0.401939,-0.076881,-0.22679,0.505797,0.427525,0.107821,-0.214508,-0.788975,-0.09513,-0.433365,-0.602562,-0.067347,-0.457785,-0.292898,-0.336024,0.58026,-0.330238,0.120333,0.299431,-0.23923,-0.056649,-0.048305,-0.392706,-0.10803,-0.354127,-0.425654,-0.319568,0.017407,0.324151,-0.138085,0.023255,-0.257652,-0.262355,0.000563,-0.061814,-0.020221,0.344921,0.011885,-0.062811,0.353382,0.040784,-0.320871,-0.230411,-0.165816,0.055935,-0.177805,-0.077759,-0.020389,-0.035214,-0.145571,0.06705,0.055935,0.415218,-0.487506,0.341299,0.287926,-0.243932,-0.339406,-0.373867,0.018772,-0.638947,0.160962,-0.149335,-0.201075,0.0,0.02923,0.137522,-0.245565,-0.384569,0.00857,-0.152718,-0.144013,-0.245565,0.200365,-0.599409,0.104436,-0.686371,-0.788941,-0.487506,-0.352496,-0.393639,-0.788094,0.000292,-0.225801,-0.027671,0.437442,-0.448153,-0.6026,-0.231313,-0.41133,0.353382,-0.219128,0.58026,0.030815,-0.788094,0.304257,-0.401939,-0.049254,0.073101,0.714296,0.06233,0.023255,0.541734,-0.034272,-0.201075,0.65551,0.436186,0.107821,0.022497,0.022497,0.345013,0.352057,0.440784,-0.315021,-0.046372,-0.243397,-0.146122,0.320977,-0.170567,0.552151,0.704308,0.097014,0.160282,0.157953,0.776284,-0.392706,-0.528075,0.774946,#
19,-0.399974,0.262206,0.641602,0.423364,-0.649846,0.208386,-0.011915,-0.243117,0.055432,0.063724,-0.269426,-0.159689,-0.444658,-0.159689,-0.579813,0.220643,0.025784,0.371792,-0.766153,1.0,0.603974,0.063455,0.313352,-0.113348,-0.330965,-0.298572,0.45724,-0.264184,0.312868,0.006446,0.001542,0.488108,0.273619,0.220643,-0.320027,-0.16774,0.227957,0.081507,-0.339832,0.220643,0.351979,0.200351,-0.330152,-0.12275,0.351979,-0.452205,0.292364,0.11092,0.450302,0.073599,-0.253426,-0.008125,0.538757,0.017452,-0.459681,0.172031,-0.009908,-0.482631,0.044841,-0.378305,-0.503991,-0.176205,0.067868,-0.331221,0.202077,-0.009392,0.039301,0.402337,-0.068009,0.142835,-0.092662,0.358711,0.351979,0.429467,0.370961,-0.323364,-0.397806,-0.054926,0.440338,0.624475,0.232656,0.564652,0.426237,0.072629,0.184193,-0.34646,-0.024719,-0.504933,0.605294,-0.053116,0.351979,-0.023517,-0.082741,0.215167,0.495469,0.391137,0.477008,0.64888,0.32874,-0.174643,-0.682029,0.478987,-0.0,0.386246,0.408511,0.184193,-0.167504,-0.094513,0.001125,0.133314,0.303977,-0.330965,0.000915,0.60323,0.392296,-0.094513,-0.280548,0.215167,0.229467,-0.248357,0.187014,-0.107085,-0.417204,-0.280548,-0.320027,0.495469,-0.495378,-0.092662,-0.120909,0.163719,0.513264,0.288213,0.64888,-0.324385,0.308164,-0.068235,0.0,0.146617,-0.055324,0.377046,0.147147,-0.325854,-0.014339,-0.27532,0.377046,0.036649,0.417498,-0.458353,0.790374,0.60323,0.495469,0.392296,0.63149,0.622476,0.241131,0.497619,0.213039,-0.028819,0.477008,0.452314,0.434475,0.170444,-0.330965,0.448316,-0.407654,-0.172056,0.622476,-0.46842,0.220644,0.188842,-0.56613,-0.441095,0.217523,0.098704,-0.793954,0.158893,-0.068235,-0.678817,-0.196689,-0.054926,-0.206864,0.113455,-0.581641,-0.615647,-0.671851,0.564652,0.49866,0.495469,0.167018,-0.476701,0.350968,-0.658944,-0.824842,0.227933,-0.404756,-0.213144,-0.615647,0.495469,0.551747,-0.57942,#
20,-0.091227,-0.225787,0.387003,0.542646,-0.428356,-0.06147,-0.235233,-0.06147,-0.395759,-0.393086,0.209148,-0.25608,-0.271906,-0.25608,-0.654326,0.518869,-0.327174,0.011798,-0.342558,0.603974,1.0,-0.364475,-0.2337,-0.072653,-0.218161,0.040989,0.210561,0.165076,0.142297,0.193732,0.276126,0.267416,0.041468,0.518869,0.33942,-0.428158,0.057592,0.263858,-0.017542,0.518869,0.489388,0.365438,-0.531505,0.051258,-0.218161,-0.06259,0.23774,-0.149465,0.272479,-0.271906,-0.222548,0.268069,0.272633,0.325327,0.197816,-0.167014,-0.425716,-0.096169,-0.244854,0.142297,-0.587459,-0.257096,0.013105,0.211374,-0.185538,-0.351273,-0.030068,0.201385,-0.089051,0.042422,0.458669,0.076187,-0.218161,0.756193,0.057712,-0.50088,0.187101,0.519717,0.039903,0.044738,0.422772,0.612394,0.777858,0.435542,-0.216996,-0.526702,0.074336,-0.232236,0.51724,0.074309,0.489388,-0.35809,0.225531,-0.061778,0.293459,0.833653,0.281561,0.398765,0.172824,-0.427665,-0.532692,0.33581,0.304977,0.065973,0.519717,0.201805,-0.427557,0.209631,0.188163,0.627602,-0.074346,-0.218161,-0.232236,0.998783,0.506376,0.209631,0.063437,-0.061778,-0.053863,0.233753,-0.077191,-0.068896,-0.349232,0.063437,0.33942,0.293459,-0.326536,0.458669,-0.379675,0.546062,0.304977,0.034683,0.398765,-0.355763,0.159449,0.354096,0.0,0.64247,-0.040219,0.494132,0.183819,-0.232777,0.192599,0.013184,0.494132,-0.295189,0.277406,-0.777688,0.494132,0.526589,0.293459,0.506376,0.387516,0.507322,0.206331,0.34836,-0.107124,-0.280393,0.281561,0.209631,0.121259,0.035814,-0.218161,0.253079,-0.778146,-0.670622,0.507322,-0.39343,0.518869,0.386893,-0.246544,-0.504728,0.488054,-0.248935,-0.820887,0.398765,0.354096,-0.467488,-0.281712,0.519717,-0.268824,0.612566,-0.233296,-0.256885,-0.228649,0.612394,0.148366,0.293459,0.371738,-0.180122,0.187101,-0.453802,-0.562243,-0.281712,-0.5614,-0.428129,-0.274056,0.293459,0.253523,-0.512815,#
