0,1.0,0.194451,-0.247077,-0.218431,0.267397,-0.217498,-0.102637,0.034865,0.011037,0.522248,-0.397721,0.044837,0.813742,0.651451,-0.183811,0.26105,-0.393719,0.634089,-0.370883,0.003392,0.035202,0.634728,0.414801,0.0,0.034562,0.522122,0.201387,-0.221525,0.47219,0.522248,0.234059,-0.210513,-0.333028,-0.49908,-0.132167,0.420234,-0.071727,0.099615,0.348165,-0.499412,-0.333028,-0.322661,-0.41853,-0.292408,-0.236086,-0.236086,0.4619,0.326104,-0.444789,0.653128,0.038917,-0.17104,-0.499542,0.662005,-0.290419,0.072852,-0.327009,0.541402,0.376924,0.653128,0.657494,0.013891,-0.15749,-0.192909,0.012941,0.465107,-0.333028,0.546761,0.096183,-0.177909,0.152462,-0.23567,-0.643479,0.229974,-0.386423,0.328862,0.411061,-0.379737,-0.379737,0.054708,-0.675031,-0.172508,0.213903,0.220526,0.415156,-0.241141,0.205409,0.003529,0.246283,-0.190855,0.205409,-0.191591,-0.181577,0.429507,0.261457,0.66755,0.538188,-0.162947,-0.190771,-0.386694,0.653128,0.015375,-0.226751,0.634851,-0.386423,-0.366726,-0.423503,-0.21139,-0.373528,0.107588,0.331086,0.322936,0.430592,-0.23275,0.003966,0.412325,0.230093,-0.339282,0.686325,-0.095744,0.000179,0.186066,0.048542,-0.185876,-0.15749,0.600331,-0.026491,-0.139596,0.437561,0.205018,-0.580014,0.025937,-0.222047,-0.615127,-0.49008,-0.026491,-0.333028,-0.65368,0.499347,-0.157392,0.254536,-0.452399,0.006066,-0.420878,-0.283133,0.577254,0.025937,0.00108,-0.222047,-0.407831,0.216346,-0.561569,0.503326,-0.187625,0.216346,0.216105,0.619534,0.568268,0.037596,-0.499255,-0.08781,-0.333028,0.027882,-0.638932,0.366728,0.451391,0.0,-0.180083,-0.224624,-0.333028,-0.36794,0.12288,-0.560063,0.019017,-0.253347,-0.49008,0.0,-0.18993,0.619885,-0.151841,0.26691,-0.617974,-0.466813,-0.372976,0.279001,-0.294653,0.445436,-0.233461,-0.366204,0.100119,0.366728,-0.160317,0.036748,0.246685,-0.164272,-0.174612,-0.15077,-0.205705,0.8239,0.480866,#
1,0.194451,1.0,0.665373,-0.235499,-0.244104,0.206857,0.307967,-0.027302,0.4488,-0.499505,-0.011553,-0.794209,0.425344,0.216032,0.217033,-0.263456,0.435369,0.667802,0.376204,-0.028578,-0.397945,0.209864,0.808799,0.0,-0.011603,0.02182,0.200737,-0.209723,-0.001519,0.011799,-0.179524,0.228455,0.348736,0.031436,0.284313,0.436746,0.793919,-0.217538,-0.333003,-0.499375,-0.333003,0.297092,0.029484,0.567427,0.708013,-0.242438,0.411151,-0.149706,0.436503,0.160132,0.000234,-0.327593,-0.027532,0.141112,-0.342646,-0.463188,-0.328523,-0.464977,-0.26445,0.160132,0.221028,-0.202119,0.237582,0.216572,-0.332846,0.118263,-0.333003,0.507419,0.578397,0.24139,0.333876,0.296585,-0.194471,-0.60912,-0.386019,0.327971,-0.008652,-0.379329,-0.379329,-0.814122,0.223896,-0.589151,-0.232997,0.158493,-0.419992,-0.224868,-0.196384,0.019255,-0.216171,-0.65366,0.158493,-0.176082,-0.65293,0.016957,-0.65635,-0.22443,0.481079,-0.58022,-0.637484,-0.450911,0.160132,0.031309,0.236123,0.204492,-0.386019,-0.446667,-0.408048,-0.54854,-0.814514,0.125152,0.547294,0.348736,-0.053302,-0.216162,0.482097,-0.018054,-0.216171,-0.858364,-0.214787,-0.565373,-0.419864,-0.235001,-0.548499,-0.62703,0.237582,-0.21493,-0.007866,0.565765,-0.326158,0.238807,-0.215991,-0.49925,-0.188813,-0.214349,-0.009445,-0.007866,0.296294,-0.258365,0.089833,-0.589151,-0.653673,0.010136,-0.440277,-0.238733,-0.359547,-0.19812,-0.49925,0.500261,0.194807,-0.391761,-0.21088,-0.39807,0.523103,-0.604862,-0.21088,-0.614253,0.109392,0.53671,-0.474337,-0.04181,0.398821,0.348736,0.417937,-0.235805,-0.289635,0.431911,0.0,0.159036,-0.207702,-0.333003,-0.29026,-0.326469,-0.638146,-0.038165,0.358896,-0.009445,0.0,0.681275,0.601093,-0.689702,0.206326,-0.203839,0.006325,0.410042,-0.17086,-0.149717,0.028872,-0.333735,-0.40968,0.047411,0.291147,0.600356,0.530769,0.213228,0.204799,0.6231,0.227466,-0.188813,-0.010921,0.022806,#
2,-0.247077,0.665373,1.0,0.01581,-0.464232,0.052537,0.274751,-0.350732,0.543685,-0.762987,0.078422,-0.577608,-0.084914,-0.048515,0.417685,-0.545286,0.371466,0.417062,0.083239,0.070704,-0.368721,-0.073039,0.359103,0.0,0.096313,-0.204191,0.221348,0.292678,-0.136442,-0.214985,0.03689,0.261694,0.250114,0.334329,0.320854,0.096372,0.80032,-0.174807,-0.508658,0.312288,0.222011,0.214482,0.368486,0.654274,0.631731,-0.059396,-0.038486,0.075768,0.504123,-0.294677,0.177332,-0.299543,0.333016,-0.416513,-0.228964,-0.452224,-0.230192,-0.371668,-0.238099,-0.294677,-0.439231,-0.340411,0.486915,0.048497,-0.491941,-0.241339,0.193908,-0.279639,0.008581,0.360592,0.566941,0.476424,0.05973,-0.658122,0.084514,-0.236666,0.059927,-0.319528,-0.336455,-0.820377,0.544604,-0.244155,-0.06068,0.184726,-0.147202,0.417623,-0.244155,0.067808,-0.06068,-0.078714,0.167888,0.196853,-0.538161,-0.120342,-0.45077,-0.55612,-0.329004,-0.229561,-0.419368,-0.105184,-0.294677,-0.336455,0.237222,-0.078714,0.084514,-0.381115,0.098886,-0.382442,-0.367749,0.492558,0.453031,0.193908,-0.139367,-0.041922,0.734126,0.02795,-0.096748,-0.568497,-0.45077,-0.323713,0.059927,0.178648,-0.384669,-0.248231,0.486915,-0.257274,0.311939,0.38901,-0.251958,-0.041922,0.226013,-0.230525,0.051394,0.022996,0.215296,0.333016,0.222011,0.417017,-0.054579,-0.227317,-0.55612,0.215296,0.045355,0.003259,-0.246379,-0.186273,-0.250989,0.386156,0.49681,0.081429,0.012439,-0.174596,0.311939,-0.227317,0.012439,-0.257274,-0.297223,-0.255613,-0.317495,0.332825,0.558283,0.250114,0.09213,0.061591,-0.232615,-0.091418,0.0,0.224496,0.399226,0.193908,-0.300081,0.085306,-0.237799,0.168243,0.217491,0.215296,0.0,0.547569,0.194029,-0.480973,-0.066017,-0.029299,-0.222565,0.782099,-0.423195,-0.266188,-0.106095,-0.246379,-0.124219,0.059133,0.441724,0.625119,0.252241,0.177401,-0.071857,0.665284,0.048248,0.069596,-0.130339,-0.180295,#
3,-0.218431,-0.235499,0.01581,1.0,0.008339,0.013732,-0.505256,-0.3655,-0.357216,-0.203293,0.532163,0.35477,-0.523071,-0.540823,-0.083303,-0.051697,-0.119517,-0.03341,-0.327973,0.532001,0.092079,-0.05245,-0.556788,0.0,0.07448,-0.214224,-0.698475,0.127396,-0.096645,-0.763387,0.526489,-0.265212,-0.508925,-0.244556,0.18031,-0.789291,-0.143832,-0.196307,-0.508925,0.31523,0.210208,0.049399,-0.142101,0.18031,-0.057224,0.96464,-0.416447,0.396988,0.482187,-0.565167,0.744255,0.557156,0.315312,-0.216192,-0.299695,-0.507815,0.484931,0.198118,-0.254562,-0.565167,-0.452564,-0.340747,-0.000957,-0.496296,0.206944,-0.245041,0.210208,-0.141833,-0.192524,-0.142708,-0.142325,-0.156695,0.406166,0.196072,0.079311,-0.281222,0.09853,0.072912,0.072912,0.072912,0.477712,0.663873,0.431416,0.216417,0.348917,0.41284,0.663873,0.095753,-0.03007,0.431416,0.190096,0.217475,0.431302,-0.526947,0.021076,-0.030937,-0.363698,-0.234793,0.001671,0.788823,-0.565167,0.089572,0.190096,0.449165,0.079311,0.532019,0.514616,-0.422162,0.53207,0.033545,-0.32837,0.237867,0.344443,0.412605,0.200711,0.15538,0.449165,0.323076,0.038991,0.209927,0.532297,0.262265,0.729731,0.257757,-0.000957,0.217475,0.315312,-0.276265,-0.120031,0.431063,0.188583,0.336477,0.504774,0.029005,0.729731,0.315312,0.210208,0.412605,0.283074,0.216417,-0.048352,0.1927,0.13825,0.508301,0.431483,0.415841,0.336477,-0.679587,0.504774,0.531797,0.027183,0.087079,-0.203293,0.6473,0.027183,0.201274,-0.711586,-0.433874,-0.37287,0.315131,-0.390066,-0.508925,0.078571,-0.033547,-0.263243,-0.542392,0.0,0.116614,0.430947,0.210208,-0.502802,0.378529,0.647122,0.177089,-0.555489,0.729731,0.0,0.031092,-0.639484,0.500451,-0.552967,-0.093809,0.274647,-0.094559,-0.427589,-0.081246,-0.514021,-0.276443,0.806714,-0.869232,-0.263243,-0.219379,0.207305,-0.639484,0.381824,-0.238659,-0.444728,0.021076,-0.082592,0.333945,#
4,0.267397,-0.244104,-0.464232,0.008339,1.0,-0.457874,-0.119753,0.092006,-0.780516,0.363858,-0.395148,-0.085209,-0.051327,0.457878,0.402407,0.440147,-0.531545,-0.046223,0.144375,0.506636,0.135015,-0.027306,-0.096841,0.0,0.100328,0.363771,-0.18589,0.155125,0.351766,0.363858,0.030238,-0.223648,-0.508246,-0.262322,-0.268956,-0.325383,-0.595511,-0.290781,0.242572,-0.253114,-0.508246,-0.130348,-0.098229,-0.745829,-0.54818,0.07585,0.449,0.09217,-0.332379,-0.252889,0.186092,-0.224735,-0.242572,0.124986,0.521207,0.307722,-0.250109,0.239561,-0.145623,-0.252889,0.094728,-0.568423,-0.398476,0.492645,0.012088,0.176535,0.184817,0.289113,-0.023285,-0.31475,-0.327233,-0.188734,-0.122755,0.24875,-0.359496,0.478344,0.541611,-0.354431,0.063028,0.541878,-0.514424,-0.223917,-0.0242,0.642233,-0.062584,-0.071838,0.208649,-0.359496,-0.005668,-0.042731,0.192365,-0.651919,0.420108,-0.062588,0.549019,0.003422,0.221191,-0.201462,0.042973,0.322261,-0.252889,-0.354431,-0.267682,-0.0242,-0.359496,0.506573,0.056768,-0.09555,0.082267,-0.449653,-0.286494,-0.508246,-0.069703,0.400176,-0.358335,0.091318,-0.042731,0.345194,0.100122,0.170471,0.088731,0.218522,0.202205,0.213378,-0.398476,-0.169348,0.298883,0.010187,-0.122639,-0.06235,0.180624,-0.183073,-0.452198,-0.032577,-0.391471,-0.220914,0.184817,-0.099761,-0.175814,0.225952,0.439795,-0.369906,0.091318,-0.426775,-0.263206,0.280141,0.321615,-0.192066,-0.469802,-0.391677,-0.409685,-0.446173,-0.199256,0.208649,-0.409685,0.236609,0.283226,0.25191,0.227924,-0.258175,-0.353736,-0.508246,0.068968,-0.010419,-0.194888,-0.072891,0.0,0.183695,-0.544459,0.184817,0.181791,-0.320921,0.186921,-0.345015,-0.506083,-0.391471,0.0,-0.466514,-0.188807,0.037242,0.418411,-0.555424,0.295165,-0.570715,0.051628,-0.038784,-0.072248,-0.234779,-0.125181,-0.280022,-0.221539,-0.246126,-0.352931,-0.205894,0.406987,-0.662411,-0.433098,0.034107,-0.027928,0.340017,#
5,-0.217498,0.206857,0.052537,0.013732,-0.457874,1.0,0.044113,0.084506,0.105127,-0.202549,0.514799,-0.061326,-0.061618,-0.045349,-0.558941,-0.069127,0.334618,-0.033062,0.043834,-0.383074,-0.383286,0.449657,0.358991,0.0,-0.399536,-0.762606,0.227068,-0.357633,-0.528562,-0.202549,-0.419064,0.199329,0.238461,-0.180834,0.161893,0.126674,0.315334,0.164685,0.238461,-0.213047,0.209731,0.435245,-0.107595,0.636333,0.443324,-0.077385,-0.201785,-0.121318,0.498444,0.009934,-0.368489,0.580301,0.293049,0.297783,-0.271818,-0.445608,0.511598,-0.310298,-0.197722,0.009934,0.062735,0.431063,-0.452582,0.046892,0.428056,-0.335232,-0.508526,0.111372,0.628645,0.658493,-0.349404,0.48126,0.384747,0.195864,-0.347615,-0.224438,-0.811737,0.072988,-0.359646,-0.359646,0.506901,-0.240495,-0.076351,-0.70427,-0.081938,-0.058306,-0.240495,-0.330536,-0.537275,-0.537275,0.217205,-0.202834,-0.555261,-0.482579,-0.444418,-0.029901,0.202913,-0.192409,0.048071,-0.160309,0.009934,0.090293,0.233406,-0.057914,-0.347615,-0.421283,0.067291,-0.369518,-0.391257,-0.219183,0.476486,0.238461,0.328225,-0.067672,-0.352368,-0.778626,-0.518838,-0.132502,0.039407,-0.553407,-0.378498,-0.651198,0.17265,-0.666352,-0.452582,0.21788,-0.224096,0.162908,-0.207357,0.430842,-0.269865,-0.239366,0.039407,-0.38893,0.17265,0.314597,0.181001,-0.085717,-0.042633,-0.688069,-0.500226,-0.363728,-0.79642,0.299033,0.476146,-0.161565,-0.762401,-0.065916,0.021892,0.085137,0.073932,0.384736,-0.202549,-0.257709,0.073932,-0.219662,-0.136685,0.08933,-0.319359,0.293533,0.512313,0.238461,0.061584,0.511344,-0.191408,0.37516,0.0,0.100942,-0.039498,-0.508526,0.019701,-0.498141,-0.284482,0.210831,0.209486,0.17265,0.0,0.520162,0.245324,0.014005,-0.050029,0.422956,0.288462,-0.094522,-0.377796,0.662957,-0.467648,-0.230919,-0.117923,0.087578,-0.217924,-0.219054,0.221292,-0.179663,0.398353,0.205092,0.523137,-0.444418,-0.081938,-0.189965,#
6,-0.102637,0.307967,0.274751,-0.505256,-0.119753,0.044113,1.0,0.385509,0.135552,-0.021872,-0.181319,-0.197168,0.117143,0.019706,0.419829,0.170146,0.089669,-0.098938,0.15435,-0.123918,-0.696009,0.113013,0.540395,0.0,-0.273887,-0.255968,0.025945,-0.379841,0.482748,0.306206,-0.673786,-0.435576,0.364531,0.504269,-0.067421,0.589323,0.165146,-0.276518,0.364531,-0.076308,-0.393693,0.64142,-0.257254,0.136323,-0.006505,-0.35209,0.058509,0.115626,0.115433,-0.0168,-0.565781,-0.175711,-0.065616,-0.334234,-0.142825,-0.131184,-0.011511,-0.4977,-0.285766,-0.0168,-0.111869,-0.030106,0.358031,0.392607,0.036967,-0.003047,0.306206,-0.081003,0.280536,0.202861,0.430154,0.325779,-0.261368,-0.703655,-0.070365,0.427975,-0.277822,-0.478923,-0.057347,-0.057347,0.007909,-0.410623,-0.77279,-0.103298,-0.193515,-0.315007,-0.410623,0.27636,-0.492076,-0.323647,0.465098,0.041699,-0.314489,0.531635,-0.543323,0.099908,0.083225,0.154971,-0.31887,-0.605039,-0.0168,-0.12761,0.070407,-0.398504,-0.070365,-0.119699,-0.529057,0.194541,-0.534978,0.001141,0.223701,0.189556,-0.206085,-0.305668,0.007003,0.072776,0.050639,-0.122554,-0.618877,-0.638864,-0.541676,-0.520034,-0.302328,-0.511928,0.358031,-0.368261,-0.065616,0.758211,-0.367713,-0.383516,-0.077406,-0.590239,-0.448881,-0.145957,-0.302328,-0.59054,0.306206,0.133944,-0.735014,-0.497989,0.173355,0.02434,-0.288448,0.121856,-0.018576,-0.357856,-0.080572,0.918293,-0.022222,-0.166762,0.040476,0.419841,0.174975,-0.760089,0.040476,-0.299934,0.086446,0.095186,-0.333511,-0.081476,0.439611,0.364531,0.095171,0.135999,-0.258208,0.12865,0.0,-0.495045,0.06682,0.306206,0.537213,-0.092524,-0.355494,0.258976,0.386104,-0.302328,0.0,-0.165151,0.342407,-0.007276,0.491045,-0.266826,-0.021982,0.516138,0.349743,-0.219882,0.545021,0.412044,-0.235163,0.296317,0.387733,0.740243,-0.471887,0.756531,-0.356536,0.317833,0.340604,-0.543323,-0.351003,-0.589103,#
7,0.034865,-0.027302,-0.350732,-0.3655,0.092006,0.084506,0.385509,1.0,-0.237421,0.631778,-0.289724,-0.127706,0.282388,-0.074365,-0.126366,0.793341,-0.171662,-0.533887,0.096975,0.150774,-0.224471,-0.068319,0.234933,0.0,0.135031,0.101744,0.04407,-0.791901,0.242896,0.111961,-0.788979,-0.383411,0.421185,0.131832,-0.394967,0.182831,-0.128264,0.469204,0.421185,-0.40775,-0.271904,0.128286,-0.5576,0.04524,-0.268773,-0.268773,0.567405,0.112035,-0.287366,0.239589,-0.633632,0.242065,0.071975,0.409133,0.326692,0.112878,0.316857,-0.565123,-0.323106,0.239589,0.153913,0.069718,0.144738,0.092006,0.363378,-0.130019,-0.271904,0.245728,0.05105,-0.487852,0.249998,-0.511066,-0.068941,0.054575,0.206943,0.329419,-0.223027,0.219316,0.219316,0.219316,-0.363124,-0.374879,-0.062791,-0.014093,-0.117426,-0.534009,-0.374879,0.206943,-0.062791,-0.062791,-0.014093,0.044639,-0.053498,0.310309,-0.292505,0.390381,0.453664,0.459845,0.17096,-0.172451,0.239589,0.219316,-0.374879,-0.062791,0.206943,0.163979,-0.665656,0.273146,-0.21632,-0.638263,-0.031878,-0.271904,0.255667,-0.533705,-0.090087,-0.209188,-0.062791,0.267714,-0.292505,-0.303487,-0.223027,-0.368903,-0.078691,-0.363418,0.144738,0.044639,-0.407856,-0.031694,-0.44088,-0.533705,-0.445335,0.126748,-0.292505,0.166456,-0.078691,-0.407856,0.367871,-0.131856,-0.522374,-0.374879,0.390381,-0.078691,-0.209188,0.338747,0.335279,-0.425505,0.126748,0.274127,0.097502,-0.665656,0.159594,0.310546,-0.407856,-0.374879,0.159594,0.044639,0.497534,0.350358,-0.004157,0.057401,0.177126,0.421185,-0.2859,0.108662,-0.272161,-0.118212,0.0,-0.473223,-0.534009,-0.271904,0.248201,-0.245043,-0.004561,0.439277,0.450122,-0.078691,0.0,-0.352778,0.036869,0.108662,0.380548,-0.060198,0.126992,-0.164167,0.130899,0.458096,0.273961,0.335279,-0.171969,0.246549,0.318291,0.005458,-0.094884,0.036869,-0.136322,-0.020353,0.115737,-0.292505,-0.117426,0.079279,#
8,0.011037,0.4488,0.543685,-0.357216,-0.780516,0.105127,0.135552,-0.237421,1.0,-0.408152,0.175246,-0.168786,0.270145,-0.078884,-0.060374,-0.533869,0.67201,0.370519,0.139559,-0.666296,0.142266,-0.090637,0.286495,0.0,0.174608,0.117064,0.407048,0.098026,-0.136166,0.106991,0.109378,0.435376,0.414757,0.126687,0.473297,0.595329,0.741391,0.090205,-0.272101,0.097262,0.388339,-0.20147,0.262373,0.473297,0.679593,-0.406901,-0.178977,-0.289091,-0.016316,0.477912,-0.073398,-0.399062,0.087178,-0.085755,-0.402989,-0.101189,-0.404874,-0.088768,0.252497,0.477912,0.106667,0.512728,0.507511,-0.316381,-0.251081,-0.000868,-0.272101,-0.089505,0.035946,0.273446,0.416729,0.242149,-0.054578,-0.423846,0.158893,-0.343356,-0.25186,0.170637,-0.227172,-0.66523,0.122409,-0.007914,-0.110293,-0.403631,-0.190406,-0.102037,-0.403631,0.174597,0.330481,-0.110293,-0.403631,0.3995,-0.533518,0.249802,-0.371403,-0.101659,-0.068025,-0.012059,-0.352516,-0.590097,0.477912,0.186549,0.032123,-0.09334,0.158893,-0.665153,-0.255895,0.215706,-0.261697,0.714174,0.431687,0.414757,-0.182361,-0.534091,0.422046,0.136568,-0.09334,-0.59362,0.073475,0.043038,-0.267795,-0.047203,-0.619461,-0.037956,0.507511,-0.026488,-0.408152,0.041763,0.230515,-0.075706,0.011544,0.072989,0.099645,0.11417,-0.076359,0.087178,-0.272101,-0.093336,0.353381,-0.007914,-0.534125,0.43657,0.120207,-0.179893,-0.384276,-0.162853,-0.407944,0.411264,0.099645,0.170758,0.077692,0.007339,0.622135,-0.41946,0.077692,-0.42881,-0.042539,0.035385,-0.098876,0.10213,0.272853,0.414757,0.200055,-0.337351,0.275048,0.268146,0.0,0.092817,0.347617,-0.272101,-0.219527,0.263227,-0.414501,-0.098876,0.442695,-0.076359,0.0,0.562206,0.409436,-0.363715,-0.073342,0.391653,-0.388702,0.674582,0.117647,-0.270353,0.261802,0.291878,-0.164336,0.553551,0.275048,0.419769,0.439959,0.409436,-0.525008,0.832954,0.544916,0.099645,0.221737,-0.407159,#
9,0.522248,-0.499505,-0.762987,-0.203293,0.363858,-0.202549,-0.021872,0.631778,-0.408152,1.0,-0.407976,0.434637,0.414725,0.225249,-0.326986,0.791693,-0.611845,-0.327252,-0.405861,0.112032,0.122393,0.232517,-0.091953,0.0,0.101999,0.362658,0.026277,-0.485404,0.434355,0.375,-0.214985,-0.499409,-0.166667,-0.249769,-0.491173,0.102062,-0.600811,0.473876,0.666667,-0.249935,-0.166667,-0.296709,-0.611619,-0.491173,-0.734256,-0.153357,0.371062,0.36345,-0.701824,0.448106,-0.352384,0.246193,-0.25,0.569495,0.215138,0.386089,0.194221,0.280262,0.201008,0.448106,0.364754,0.172062,-0.158508,-0.199256,0.427458,0.139298,-0.166667,0.178053,-0.256923,-0.543249,0.039705,-0.628177,-0.322035,0.54548,0.116563,0.200691,0.124184,0.124011,0.124011,0.655486,-0.761941,0.029371,0.239074,0.029371,0.44709,-0.327327,0.029371,0.116563,0.239074,0.239074,0.029371,0.017228,0.249897,0.436963,0.381,0.783951,0.312251,0.522323,0.3714,-0.066556,0.448106,0.124011,-0.499309,0.239074,0.116563,0.13986,-0.408021,0.355784,0.13189,-0.39123,-0.144238,-0.166667,0.456879,-0.32714,-0.342019,0.139653,0.239074,0.46694,0.381,0.095831,0.124184,0.035594,0.322139,0.04201,-0.158508,0.53406,-0.25,-0.446391,0.206284,-0.32714,-0.499565,0.392657,-0.1905,-0.158888,-0.336782,-0.25,-0.166667,-0.32714,-0.054554,0.029371,0.783951,-0.336782,0.139653,0.0933,0.25093,0.225454,0.392657,-0.142726,-0.1905,-0.408021,0.362613,0.080839,-0.25,0.029371,0.362613,0.53406,0.609938,0.233719,0.303235,-0.249857,-0.188338,-0.166667,-0.407936,-0.185517,0.24034,-0.051148,0.0,-0.493114,-0.327327,-0.166667,0.092284,0.128624,0.035644,0.303235,-0.1066,-0.336782,0.0,-0.738053,0.043144,0.390225,0.260103,-0.295615,-0.217758,-0.578899,0.350552,0.183261,0.418228,0.25093,-0.078221,0.173349,0.24034,-0.461287,-0.35369,0.043144,-0.302735,-0.499438,-0.165082,-0.1905,0.44709,0.33512,#
10,-0.397721,-0.011553,0.078422,0.532163,-0.395148,0.514799,-0.181319,-0.289724,0.175246,-0.407976,1.0,0.266639,-0.563349,-0.534038,-0.118259,-0.129197,0.63915,-0.059488,0.182478,-0.274239,0.1498,-0.077295,-0.181375,0.0,0.134443,-0.407878,-0.416567,-0.04034,-0.175894,-0.407976,0.114881,-0.015673,-0.271984,-0.4076,0.770453,-0.233178,0.305961,-0.357478,-0.271984,0.112372,0.407976,0.12105,-0.182346,0.476783,0.527073,0.527073,-0.573149,-0.013479,0.440563,-0.292506,0.398491,0.377447,0.591566,-0.182,-0.47603,-0.687207,0.265829,-0.083448,-0.439759,-0.292506,-0.357147,0.299508,0.035273,-0.395148,0.591732,-0.543137,-0.271984,-0.019094,0.328162,0.364343,-0.259177,0.324447,0.768891,-0.033145,-0.261552,-0.44009,-0.665873,0.130098,-0.279469,-0.279469,0.496312,0.399744,-0.097537,-0.446716,-0.166082,-0.089028,-0.007669,-0.245384,-0.097537,-0.097537,-0.023007,-0.002811,-0.115023,-0.578072,-0.388598,-0.088647,-0.170645,-0.421558,-0.395499,0.19649,-0.292506,0.14648,-0.007669,-0.080083,-0.261552,0.113127,0.15404,-0.1437,0.141858,0.284111,0.14016,0.435175,0.213992,-0.106772,-0.141317,-0.225919,-0.080083,0.184639,0.069429,0.078194,-0.255734,-0.401755,0.347679,-0.004897,0.035273,-0.002811,-0.407976,-0.039977,-0.318753,0.365161,0.372262,0.087379,0.069429,0.074546,0.347679,0.101994,0.380778,0.329926,0.228504,-0.023965,-0.533895,0.347679,-0.242764,0.288201,0.174822,0.247031,-0.407768,-0.256206,0.052849,0.593304,-0.360152,0.432941,0.122393,-0.023965,-0.360152,-0.417025,-0.796288,-0.176237,-0.653911,0.591844,-0.099581,-0.271984,0.5709,0.019835,-0.443985,-0.170066,0.0,0.363128,0.373917,-0.271984,-0.288456,0.053642,0.357727,-0.15199,-0.302693,0.347679,0.0,0.533888,-0.390257,0.481261,-0.122871,0.342398,0.580878,0.250507,-0.344341,0.09506,-0.548043,0.174822,0.656814,-0.314442,-0.469086,-0.004125,0.407968,-0.390257,0.282487,0.386304,0.517469,-0.388598,-0.166082,-0.406984,#
11,0.044837,-0.794209,-0.577608,0.35477,-0.085209,-0.061326,-0.197168,-0.127706,-0.168786,0.434637,0.266639,1.0,-0.208549,-0.338242,-0.390368,0.13631,-0.273145,-0.332617,-0.55974,-0.176739,0.25022,0.118389,-0.626586,0.0,-0.160911,-0.098772,-0.388919,-0.01201,0.190082,-0.088537,0.340511,-0.433505,-0.407807,-0.147219,-0.060118,-0.144581,-0.612675,0.044043,0.289758,0.374584,0.262928,-0.128961,-0.29802,-0.349805,-0.543562,0.39155,-0.654833,0.290938,-0.243278,0.08656,0.098111,0.453257,-0.108659,-0.115359,-0.289485,0.130951,0.400595,0.608189,0.365438,0.08656,-0.046974,0.439473,-0.097889,-0.55658,0.466963,0.042124,0.236099,-0.341492,-0.34948,-0.095343,-0.222425,-0.205789,0.029509,0.423914,0.222352,-0.266125,-0.164495,0.232139,0.215979,0.660865,-0.123278,0.804717,0.10391,-0.393375,0.596791,0.059717,0.402831,0.238302,0.10391,0.517121,0.024586,0.388811,0.516564,0.178197,0.35266,0.568784,-0.35583,0.39427,0.334197,0.161487,0.08656,0.2483,-0.039716,0.121127,0.222352,0.252158,0.210378,0.430978,0.644079,0.17949,-0.387757,0.289758,0.226753,0.050555,-0.397583,0.292838,0.534338,0.596128,0.387415,0.379495,0.24008,0.02311,0.640903,0.424504,-0.097889,0.444276,-0.128781,-0.413099,0.480878,0.086365,-0.02771,0.414878,0.326082,-0.110622,0.089335,-0.108659,-0.407807,0.076886,0.179738,0.386756,0.534998,0.089335,0.276222,0.36239,0.419785,0.432402,0.395341,-0.372203,-0.082798,0.643682,0.358889,0.523127,-0.088537,0.386756,0.358889,0.412846,-0.27492,-0.414116,0.082983,-0.093362,-0.45962,-0.407807,-0.16039,-0.111011,0.394629,-0.210574,0.0,-0.387969,0.516381,0.236099,0.09439,0.602298,0.405662,0.131797,-0.38782,0.089335,0.0,-0.529843,-0.348847,0.826095,-0.32659,0.090299,-0.127003,-0.237476,0.370489,-0.157408,0.195342,0.419785,0.582425,-0.165069,-0.224397,-0.390202,-0.390528,0.032146,-0.364625,-0.407055,-0.052927,-0.125731,0.21042,-0.120941,#
12,0.813742,0.425344,-0.084914,-0.523071,-0.051327,-0.061618,0.117143,0.282388,0.270145,0.414725,-0.563349,-0.208549,1.0,0.526085,-0.328813,0.118282,-0.217652,0.525862,-0.194329,-0.161197,-0.144382,0.525861,0.604794,0.0,-0.145034,0.414625,0.412486,-0.425341,0.221122,0.414725,-0.067598,0.008497,0.276483,-0.078922,-0.333148,0.677243,0.127573,0.355623,0.276483,-0.612054,-0.408142,-0.123241,-0.240956,-0.048835,-0.054332,-0.53157,0.5525,0.01044,-0.315643,0.844501,-0.362661,-0.195505,-0.612213,0.663564,-0.224933,0.216332,-0.243996,0.141769,0.466435,0.844501,0.810673,0.19935,-0.022766,-0.051327,-0.228996,0.604822,-0.408142,0.559399,0.195541,-0.17375,0.265032,-0.274717,-0.788616,0.025671,-0.137198,0.44192,0.248052,-0.124553,-0.124553,-0.124553,-0.503961,-0.378189,0.086477,0.016241,0.177519,-0.370621,0.016241,0.269792,0.103375,-0.335967,0.016241,0.026765,-0.326481,0.607977,-0.057185,0.542726,0.676316,0.035879,-0.046246,-0.642858,0.844501,0.287824,0.016241,0.525818,-0.137198,-0.548089,-0.590274,-0.089937,-0.555033,-0.047388,0.311785,0.276483,0.19358,-0.361795,0.139688,0.250857,0.103375,-0.610039,0.386248,-0.307351,-0.164901,-0.017807,-0.352794,-0.406294,-0.022766,0.412355,-0.118493,0.040423,0.399239,0.0951,-0.803054,-0.084031,-0.057185,-0.461264,-0.352794,-0.118493,-0.408142,-0.801118,0.307414,-0.378189,0.111666,-0.333131,-0.173154,-0.286914,-0.176876,0.0229,-0.084031,0.292671,-0.057185,-0.573917,0.375345,-0.419726,0.414725,-0.393967,0.375345,0.011341,0.795969,0.672933,0.150569,-0.611862,0.117237,0.276483,-0.135736,-0.488666,0.471606,0.629296,0.0,-0.385641,-0.353383,-0.408142,-0.142997,-0.027096,-0.782758,0.150569,0.353679,-0.352794,0.0,-0.045969,0.833057,-0.471484,0.140584,-0.308135,-0.566338,-0.214264,0.405261,-0.118916,0.604546,-0.150954,-0.621279,0.351823,0.471606,0.039435,0.147954,0.443551,-0.281457,0.041615,-0.027168,-0.057185,0.588323,0.392784,#
13,0.651451,0.216032,-0.048515,-0.540823,0.457878,-0.045349,0.019706,-0.074365,-0.078884,0.225249,-0.534038,-0.338242,0.526085,1.0,0.079775,0.066416,-0.335823,0.505411,-0.055337,-0.092098,-0.083227,0.52396,0.542971,0.0,-0.065891,0.236025,0.657876,0.185972,0.124161,0.777745,-0.048515,0.212901,-0.218165,-0.326946,-0.17506,0.367829,-0.007751,0.040811,0.518497,-0.327163,-0.218165,-0.225679,0.083846,-0.337019,-0.111866,-0.625378,0.53156,0.040442,-0.401675,0.314506,-0.208149,-0.422271,-0.327248,0.483261,0.22783,0.27643,-0.520077,0.345964,0.263117,0.314506,0.433915,-0.140401,-0.48307,0.457878,-0.194281,0.235199,-0.218165,0.287122,0.190749,0.269848,-0.074585,0.279745,-0.421541,0.227684,-0.534031,0.209395,0.337478,-0.533368,-0.533368,-0.063546,-0.53085,-0.653592,0.026311,0.212205,0.092206,0.035242,-0.229182,-0.534031,0.044493,-0.428242,0.238169,-0.653978,-0.427764,0.10053,0.443672,0.062858,0.345776,-0.202297,-0.041414,-0.36278,0.314506,-0.533368,-0.229182,0.026311,-0.534031,-0.533306,-0.094106,-0.254028,-0.533625,-0.02217,0.526742,-0.218165,0.100768,0.044491,-0.232448,-0.129956,-0.428242,-0.323013,0.443672,-0.203641,-0.106863,0.169625,-0.191921,-0.254143,-0.48307,0.217797,0.203999,0.081994,0.270024,0.044491,-0.201673,-0.327081,-0.538668,-0.548995,-0.774403,0.203999,-0.218165,-0.428224,0.121801,-0.212205,0.062858,-0.753245,-0.129956,-0.741725,-0.480392,0.295117,-0.327081,0.123035,-0.538668,-0.534096,-0.049315,-0.656266,0.225249,-0.229182,-0.049315,0.217797,0.694715,0.414172,0.334337,-0.32706,0.342584,-0.218165,-0.069559,-0.025339,0.231254,0.547136,0.0,0.238912,-0.428468,-0.218165,0.006155,-0.420798,-0.653201,-0.208163,-0.184844,-0.774403,0.0,-0.04319,0.648471,-0.487528,0.532469,-0.417601,-0.320639,-0.354174,-0.013867,0.034047,0.109725,-0.452501,-0.800509,0.413928,0.231254,-0.211729,-0.206755,0.229359,0.098575,-0.200164,-0.023153,-0.061531,0.534234,0.236625,#
14,-0.183811,0.217033,0.417685,-0.083303,0.402407,-0.558941,0.419829,-0.126366,-0.060374,-0.326986,-0.118259,-0.390368,-0.328813,0.079775,1.0,0.010343,0.113102,0.06692,0.403183,0.314846,-0.064898,-0.428019,0.084655,0.0,0.369163,0.25865,-0.187238,0.358114,0.49987,0.247449,-0.047237,-0.17654,-0.21799,0.182698,0.293073,-0.064942,0.155599,-0.637344,-0.21799,0.19239,-0.217991,0.063608,0.118913,-0.193386,0.066368,0.025299,0.170368,0.095775,-0.024809,-0.500103,0.298786,-0.644472,0.203261,-0.584653,0.227706,-0.104424,-0.549918,-0.217437,-0.483179,-0.500103,-0.488523,-0.636619,0.452332,0.402407,-0.237253,-0.180963,0.489006,-0.138471,-0.106366,-0.073536,0.354865,0.224578,0.08319,-0.652737,-0.113313,0.209285,0.354745,-0.53294,-0.107089,-0.107089,-0.092673,-0.229456,-0.427899,0.62815,-0.375982,0.034713,-0.229456,-0.113313,0.063607,0.025799,0.169237,-0.239336,0.034656,0.075173,-0.04265,-0.427907,-0.241039,-0.244046,-0.542291,0.047696,-0.500103,-0.53294,-0.229456,-0.427899,-0.113313,0.318351,-0.094506,0.047163,-0.100875,0.246634,-0.003245,-0.21799,-0.396633,0.043945,0.283222,0.324321,0.025799,0.039361,-0.500572,0.05759,-0.107239,0.184959,-0.277442,0.194967,0.452332,-0.653454,0.203261,0.430289,-0.468518,-0.42788,0.65936,-0.326819,-0.538732,0.311725,-0.277442,-0.326986,0.489006,0.488015,-0.402411,0.229457,0.017238,0.294524,0.324321,-0.338531,-0.592946,0.021633,0.188016,0.455551,-0.107746,-0.094506,-0.546767,-0.211205,0.247449,-0.229456,-0.546767,-0.239336,-0.217768,-0.09316,-0.21847,0.187086,0.011984,-0.217991,0.368814,-0.100179,-0.504661,-0.349408,0.0,0.259293,0.034713,0.489006,0.113175,0.009094,0.178919,-0.292484,-0.229866,-0.277442,0.0,-0.054689,-0.215916,-0.100179,0.502316,-0.447818,0.212575,0.518958,-0.043133,-0.514558,0.082527,0.161031,0.044744,-0.067878,0.14783,0.636397,-0.219653,0.202408,-0.033751,0.224679,-0.053007,-0.04265,-0.340629,-0.32619,#
15,0.26105,-0.263456,-0.545286,-0.051697,0.440147,-0.069127,0.170146,0.793341,-0.533869,0.791693,-0.129197,0.13631,0.118282,0.066416,0.010343,1.0,-0.381773,-0.42805,-0.103209,0.344864,-0.058981,0.072921,0.061376,0.0,0.327869,0.221324,-0.182709,-0.634916,0.534918,0.232345,-0.50756,-0.653234,-0.218002,-0.326702,-0.205214,-0.077289,-0.345853,0.222821,0.527795,-0.326918,-0.218002,-0.071822,-0.800006,-0.205214,-0.480529,0.039351,0.512088,0.475397,-0.43484,0.057291,-0.235416,0.295263,0.189318,0.450865,0.255267,-0.051305,0.254044,-0.16146,-0.437625,0.057291,0.011568,-0.130298,0.000992,-0.063815,0.650447,-0.280156,-0.218002,0.264416,-0.040137,-0.519023,0.147602,-0.500667,0.06992,0.282042,-0.064196,0.236601,-0.057402,-0.057322,-0.057322,0.418326,-0.569883,-0.179957,0.078828,0.208265,0.147415,-0.428148,-0.179957,-0.064196,0.078828,0.078828,0.208265,-0.190947,0.088665,0.138376,0.026229,0.566466,0.348439,0.261088,0.017768,0.087889,0.057291,-0.057322,-0.653104,0.078828,-0.064196,0.35876,-0.533697,0.134712,-0.050351,-0.511735,0.000903,-0.218002,0.548586,-0.427904,-0.236959,-0.043055,0.078828,0.56131,0.026229,-0.112154,-0.057402,-0.173975,0.36088,-0.168156,0.000992,0.271595,-0.327004,-0.22411,-0.422485,-0.427904,-0.255657,0.248199,-0.485239,-0.016407,-0.228826,-0.327004,0.470426,0.004504,-0.334255,-0.179957,0.566466,-0.228826,-0.043055,0.218383,0.24849,0.16186,0.248199,-0.027021,-0.065573,-0.533697,0.009469,0.166449,-0.327004,-0.179957,0.009469,0.271595,0.344317,0.272418,-0.140165,0.173572,-0.028525,-0.218002,-0.125099,-0.057692,-0.400406,-0.30458,0.0,-0.288552,-0.428148,-0.218002,0.003421,-0.097404,0.218389,0.336991,-0.183467,-0.228826,0.0,-0.525684,-0.172694,0.457572,0.53813,-0.416451,0.234092,-0.3542,-0.000928,0.293778,0.121614,0.24849,0.088607,-0.021114,0.234949,-0.211854,-0.213608,-0.172694,-0.011222,-0.257635,-0.017047,-0.485239,0.147415,0.196905,#
16,-0.393719,0.435369,0.371466,-0.119517,-0.531545,0.334618,0.089669,-0.171662,0.67201,-0.611845,0.63915,-0.273145,-0.217652,-0.335823,0.113102,-0.381773,1.0,0.105707,0.681995,-0.593404,0.225769,-0.364605,0.188149,0.0,0.242293,-0.075402,0.011645,0.014993,-0.240994,-0.085736,-0.090485,0.429373,0.293582,-0.065441,0.78929,0.27365,0.688345,-0.304051,-0.407897,-0.114736,0.24162,0.022828,0.189339,0.497547,0.877567,-0.095334,-0.2309,-0.544927,0.261838,0.068855,0.093847,-0.269048,0.381916,-0.200484,-0.266518,-0.356773,-0.28645,-0.409367,-0.295322,0.068855,-0.070404,0.41663,0.323011,-0.05753,0.101406,-0.281434,-0.407897,0.144329,0.431386,0.338322,-0.032288,0.360497,0.498526,-0.460619,-0.170801,-0.218601,-0.575496,0.224336,-0.166894,-0.614276,0.334582,-0.047159,-0.383859,-0.420764,-0.702261,-0.375885,-0.436331,-0.155356,0.066298,-0.383859,-0.436331,-0.011548,-0.384256,-0.237497,-0.578081,-0.375373,0.077088,-0.41649,-0.561978,-0.310023,0.068855,0.239985,0.008699,-0.367187,-0.170801,-0.208445,-0.20021,0.113695,-0.211764,0.390314,0.259184,0.267601,-0.309022,-0.37635,0.08746,-0.19394,-0.367187,-0.32139,-0.140561,0.06822,-0.606839,-0.452014,-0.497827,-0.053419,0.323011,-0.446604,-0.611845,0.217751,-0.310109,0.074454,0.387401,-0.138555,-0.113835,0.369665,0.056836,-0.124707,0.267601,0.057115,0.154209,-0.031592,-0.800686,0.580684,-0.21003,-0.14409,-0.350239,-0.256557,-0.611533,0.28432,-0.113835,0.219386,-0.548104,0.18295,0.420887,-0.451898,-0.548104,-0.842272,-0.424055,0.171235,-0.428353,0.381107,0.060479,0.293582,0.671365,-0.124951,-0.307964,0.156871,0.0,0.443916,0.066333,-0.407897,-0.076245,-0.165305,-0.05723,-0.447485,0.284156,0.056836,0.0,0.798939,0.002786,-0.168828,0.090268,0.533086,0.41883,0.575617,-0.082073,-0.015712,-0.226334,0.340309,0.13058,0.218465,-0.307964,0.41263,0.609865,0.002786,0.046828,0.818965,0.774369,-0.097007,-0.281345,-0.610357,#
17,0.634089,0.667802,0.417062,-0.03341,-0.046223,-0.033062,-0.098938,-0.533887,0.370519,-0.327252,-0.059488,-0.332617,0.525862,0.505411,0.06692,-0.42805,0.105707,1.0,-0.067387,-0.086055,-0.094641,0.51698,0.542745,0.0,-0.077744,0.22177,0.187411,0.17784,0.118086,0.211264,0.45478,0.206877,-0.218168,-0.32695,0.286675,0.361904,0.46112,-0.31045,-0.218168,-0.327167,-0.218168,-0.06645,0.077697,0.140742,0.39949,-0.101027,0.162933,0.048726,0.170559,0.31079,0.36193,-0.374442,-0.327252,0.224507,-0.537233,-0.289073,-0.501518,0.345682,0.235018,0.31079,0.396994,-0.14065,-0.043933,-0.046223,-0.363261,0.388838,-0.218168,0.444229,0.347693,0.303196,0.127084,0.308721,-0.421546,-0.228269,-0.534037,0.180611,0.332073,-0.533374,-0.533374,-0.533374,-0.033382,-0.206835,0.032525,0.206835,0.077396,0.041582,0.223382,-0.090777,0.032525,-0.428247,0.223382,-0.217234,-0.427769,0.069025,-0.067339,0.04122,0.313683,-0.653997,-0.536023,-0.356808,0.31079,-0.084248,0.223382,0.511019,-0.534037,-0.533312,-0.088092,-0.580681,-0.533631,0.461343,0.497769,0.527469,0.08583,0.050954,0.314347,0.321648,0.050247,-0.799299,0.41561,-0.214367,-0.101023,0.16553,-0.210356,-0.26422,-0.043933,0.203342,0.211264,0.250942,0.298868,0.548566,-0.213125,-0.327085,-0.049452,-0.560114,-0.210356,0.211264,-0.218168,-0.428229,0.605045,-0.223382,-0.428256,-0.210356,-0.140149,-0.519994,-0.504697,0.439213,-0.327085,0.115192,-0.049452,-0.070938,-0.065056,-0.682035,0.770492,-0.223382,-0.065056,-0.23341,0.123299,0.410101,-0.24668,-0.327064,0.079266,-0.218168,0.388767,-0.527979,0.188764,0.547487,0.0,0.230824,0.059661,-0.218168,-0.50026,0.022734,-0.653209,-0.226343,-0.185465,-0.210356,0.0,0.45907,0.648811,-0.509959,0.03652,-0.418025,-0.321129,0.100125,-0.019771,-0.480214,0.104259,-0.504697,-0.323318,-0.069157,0.188764,0.229616,0.362155,0.223964,0.105341,0.247473,-0.029177,-0.067339,0.508238,0.244325,#
18,-0.370883,0.376204,0.083239,-0.327973,0.144375,0.043834,0.15435,0.096975,0.139559,-0.405861,0.182478,-0.55974,-0.194329,-0.055337,0.403183,-0.103209,0.681995,-0.067387,1.0,-0.248293,0.21627,-0.531265,0.213655,0.0,0.200034,0.143048,-0.021392,0.025017,-0.142309,0.132526,-0.312704,0.410472,0.309227,0.045673,0.406972,0.131877,0.295198,-0.402281,-0.270574,-0.405755,-0.270574,0.08118,0.270314,0.009259,0.533962,-0.230491,0.223576,-0.737275,0.08991,-0.078472,-0.036012,-0.493269,0.111819,-0.13876,0.295806,0.030343,-0.440267,-0.54035,-0.403119,-0.078472,0.082964,0.022803,0.064929,0.536167,-0.072765,-0.048295,-0.270574,0.390188,0.48978,0.06519,-0.272084,0.179588,0.332396,-0.410286,-0.297367,0.294642,-0.229427,0.115238,0.115238,-0.254542,0.04022,-0.405787,-0.531116,0.008758,-0.993233,-0.531396,-0.405787,-0.297367,-0.070454,-0.531116,-0.421356,-0.451487,-0.088951,-0.201716,-0.334512,-0.531126,0.352944,-0.455581,-0.408569,-0.174202,-0.078472,0.115238,-0.037951,-0.531116,-0.297367,0.16057,-0.242725,0.131137,-0.248677,-0.157705,-0.049526,-0.270574,-0.598996,-0.080206,-0.147793,-0.26816,-0.531116,-0.182075,-0.334512,0.075143,-0.66242,-0.425714,-0.626793,-0.007357,0.064929,-0.811078,-0.405861,0.384529,-0.499132,-0.080206,0.443296,-0.405654,-0.401836,0.511943,-0.168342,-0.405861,0.419665,-0.097548,-0.197014,0.024328,-0.531126,0.367731,-0.26816,-0.417088,-0.503937,-0.466316,-0.405654,0.330813,-0.418666,-0.242725,-0.846774,-0.085462,0.132526,-0.405787,-0.846774,-0.811078,-0.079822,0.450188,-0.139218,0.096076,-0.11107,0.309227,0.62581,0.02946,-0.450696,0.192337,0.0,0.486043,-0.531396,-0.270574,0.296815,-0.600872,-0.007086,-0.686998,0.293142,-0.168342,0.0,0.499401,-0.062691,-0.371118,0.371237,0.30123,0.671795,0.195893,0.03864,0.10452,-0.215499,0.202726,-0.151725,0.137839,-0.476177,0.354443,0.369925,-0.062691,0.362368,0.38489,0.484043,0.063115,-0.562494,-0.404873,#
19,0.003392,-0.028578,0.070704,0.532001,0.506636,-0.383074,-0.123918,0.150774,-0.666296,0.112032,-0.274239,-0.176739,-0.161197,-0.092098,0.314846,0.344864,-0.593404,-0.086055,-0.248293,1.0,-0.224615,-0.08628,-0.198739,0.0,0.150814,0.101809,-0.424521,-0.024889,0.209581,-0.408118,0.088245,-0.415628,-0.272078,0.072723,-0.378278,-0.666453,-0.253147,-0.014167,-0.272078,0.081798,-0.272078,0.108454,-0.182723,-0.078746,-0.405054,0.543246,0.350936,0.524576,0.202932,-0.559395,0.377944,0.220445,0.092027,-0.06722,0.247911,-0.168707,0.265921,-0.113789,-0.37559,-0.559395,-0.357611,-0.884881,0.084869,0.037991,-0.148307,-0.066405,0.39478,-0.00977,-0.320574,-0.515732,0.222622,-0.403601,-0.049955,0.030463,0.166966,0.22524,0.597392,-0.222859,0.178816,0.178816,0.06552,0.024444,0.382226,0.816048,0.258163,0.356234,0.439989,0.166966,-0.062832,0.365108,0.376059,0.005147,0.382312,-0.165977,0.112809,-0.071724,-0.101576,-0.00418,0.101554,0.6825,-0.559395,-0.222859,0.0,0.382226,0.166966,0.593273,0.178948,-0.441299,0.19132,-0.403866,-0.315212,-0.272078,0.246335,0.373832,0.393188,0.203685,0.365108,0.242017,-0.319116,-0.07362,0.597392,0.454018,0.407536,0.044568,0.084869,0.020771,0.612176,-0.054367,-0.359657,-0.071206,-0.020807,0.126829,0.112809,0.058488,0.407536,0.112032,0.39478,0.329852,-0.220026,0.024444,0.34815,-0.110379,0.203685,0.311232,0.253628,0.110312,0.612436,-0.294861,0.519326,-0.251852,0.090655,-0.271461,-0.408118,0.439989,0.090655,0.411379,-0.060523,-0.167939,-0.08389,0.076827,-0.127805,-0.272078,-0.270255,0.054468,-0.378501,-0.570563,0.0,-0.100624,-0.09779,0.39478,-0.266311,0.093322,0.414726,0.378316,-0.303685,0.407536,0.0,-0.364362,-0.399112,0.081088,-0.114369,-0.570283,0.078818,-0.191339,-0.363168,-0.042319,-0.183424,-0.429098,0.242185,-0.668839,0.236948,-0.020833,-0.10781,-0.414895,0.331956,-0.432077,-0.811116,0.112809,-0.14198,0.630644,#
20,0.035202,-0.397945,-0.368721,0.092079,0.135015,-0.383286,-0.696009,-0.224471,0.142266,0.122393,0.1498,0.25022,-0.144382,-0.083227,-0.064898,-0.058981,0.225769,-0.094641,0.21627,-0.224615,1.0,-0.534034,-0.574137,0.0,0.598591,0.631812,-0.01899,0.400468,-0.127326,0.101994,0.526253,0.391195,-0.271984,-0.4076,0.322001,-0.249833,-0.145332,0.099218,-0.271984,0.091563,0.380778,-0.85516,0.233531,-0.403538,0.034885,0.059154,-0.045063,-0.34778,-0.561966,0.219382,0.438178,-0.311896,0.081595,0.118106,0.275705,0.382433,-0.423282,0.418044,0.253195,0.219382,0.111692,0.271429,0.037624,-0.342838,0.034478,-0.015425,-0.271984,0.04234,-0.378959,-0.374073,-0.258097,-0.392085,0.283786,0.393948,0.167394,-0.361283,0.195902,0.56472,0.171536,0.171536,-0.391992,0.408372,0.365506,0.041221,-0.157442,-0.106833,0.017255,-0.220655,0.801853,0.365506,-0.814826,0.005623,0.374348,-0.149272,0.519167,-0.062456,-0.091247,-0.003706,0.0678,0.262644,0.219382,0.171536,-0.431378,-0.053388,0.167394,0.196483,0.137146,0.436906,0.583084,0.247932,-0.307068,-0.271984,-0.149117,-0.106772,-0.08194,0.171421,-0.053388,0.250093,0.519167,0.93937,0.179496,0.397883,-0.100361,0.804076,0.037624,0.005623,-0.407976,-0.706259,0.310337,-0.106772,0.395835,0.612818,0.078756,0.552072,-0.100361,0.081595,-0.271984,-0.098231,0.57868,0.815785,-0.062456,0.407418,0.575697,-0.390431,-0.415794,0.23652,0.137476,-0.499796,-0.335749,0.137146,-0.350969,-0.266241,0.101994,0.408372,-0.350969,0.005623,-0.034838,0.006576,0.378208,0.096375,-0.604863,-0.271984,0.166428,-0.398789,0.236896,-0.18676,0.0,0.485847,-0.106833,-0.271984,-0.253703,0.212234,0.42268,-0.593822,-0.259203,-0.100361,0.0,0.052115,-0.40635,0.08978,-0.104999,0.352987,0.090207,-0.191065,0.067108,-0.055541,-0.167062,0.253571,0.250657,0.106627,-0.390644,-0.416605,0.373861,-0.40635,-0.081072,-0.021213,0.050512,0.519167,0.250563,0.089028,#
