0,1.0,0.072288,0.035166,-0.216818,0.51595,-0.533381,0.507881,-0.022256,0.575462,0.065703,-0.105949,0.423579,0.682386,-0.10171,-0.335073,-0.110283,-0.12642,-0.217863,0.072137,-0.37562,-0.327018,-0.095168,0.11204,-0.533634,-0.183762,-0.067358,-0.512091,-0.143625,0.377851,0.356975,-0.783469,-0.486238,-0.218064,-0.323977,-0.102989,0.536774,-0.174858,-0.097816,-0.080554,0.083664,0.329889,-0.317554,-0.498317,-0.597668,0.0,0.192721,0.153827,0.427085,-0.152718,0.460094,0.176599,-0.25976,0.0,0.511911,0.311778,0.168602,0.310512,0.176599,0.045983,-0.171876,0.210044,-0.742261,0.228868,-0.377556,0.037587,0.305858,0.034716,-0.036886,0.350412,-0.563805,0.448818,-0.237984,-0.005896,-0.533866,-0.360207,0.51017,-0.223015,-0.533866,-0.073615,-0.246608,-0.533866,-0.360207,-0.360207,-0.218064,-0.073615,-0.360207,-0.42827,-0.223015,-0.095425,-0.377151,-0.360207,-0.365641,-0.32693,-0.229902,-0.360207,-0.327097,-0.218064,-0.360207,0.172998,-0.377151,0.396707,-0.32693,-0.246608,-0.533866,-0.527041,-0.095425,0.187392,0.172998,-0.65384,0.231353,-0.089024,-0.326444,-0.223015,-0.428044,-0.223015,-0.428044,-0.377151,-0.073615,-0.050341,-0.239585,-0.095425,-0.65384,-0.246608,-0.412022,0.219168,-0.246608,-0.533866,-0.476573,-0.019274,-0.112288,-0.800748,0.06339,-0.058256,0.077062,-0.223015,-0.534146,0.0,-0.223015,0.070794,-0.527041,-0.651979,0.51959,-0.327097,0.042931,-0.360207,-0.309466,-0.533866,0.501519,-0.527041,-0.223015,-0.246608,-0.545178,-0.533866,-0.360207,-0.360207,-0.095425,-0.023801,0.668441,-0.065888,-0.533866,0.410759,-0.534146,-0.428044,-0.527041,0.07884,-0.206181,-0.082092,0.066784,0.48086,-0.239585,-0.058165,0.044054,-0.089024,-0.545178,0.212408,-0.527041,-0.360207,0.440744,0.108835,-0.430499,0.199873,0.216002,0.034263,-0.18918,0.535741,0.361725,0.032519,0.172998,0.008479,0.368457,0.071904,0.22164,0.427993,0.638111,-0.525149,0.513495,0.53381,-0.377151,-0.47573,0.251524,#
1,0.072288,1.0,0.005122,-0.222718,0.11202,-0.087453,0.106227,0.272691,-0.016142,0.053639,-0.083129,0.761395,-0.190938,-0.532931,0.106161,-0.06982,0.375449,-0.22504,-0.447905,-0.335823,-0.327169,-0.057449,-0.337369,-0.109033,0.229363,0.35876,-0.118573,-0.150079,0.231357,0.402035,-0.22504,0.369695,-0.218165,0.094804,-0.053668,0.518497,-0.181246,-0.048226,-0.091712,0.11202,-0.534252,0.129507,-0.025179,-0.195464,0.0,-0.176079,-0.03803,-0.043477,-0.614462,0.332139,-0.36041,-0.777027,0.0,0.555638,0.393354,0.320086,-0.493391,-0.36041,-0.367921,0.216157,-0.427226,0.327249,0.088891,-0.037717,0.074575,-0.779282,0.041498,-0.024442,-0.676301,-0.517646,-0.484983,-0.232689,0.053639,-0.106863,-0.371822,0.122806,-0.234314,-0.106863,-0.539539,-0.780895,-0.106863,-0.371822,-0.371822,0.490164,-0.539539,-0.371822,0.035242,-0.234314,-0.106863,-0.371822,0.074647,0.056665,0.188724,-0.257193,-0.371822,0.203999,0.212499,-0.371822,-0.559682,0.074647,0.247996,-0.327081,-0.780895,-0.106863,-0.539539,-0.534113,0.188574,0.174164,-0.234314,-0.212814,-0.534394,0.173581,-0.234314,0.026311,-0.234314,-0.428242,0.074647,-0.539539,-0.074329,0.202308,-0.534113,0.202308,-0.780895,-0.114801,0.275577,-0.780895,-0.106863,-0.401814,-0.495104,-0.106863,-0.371822,-0.371822,-0.082023,0.064703,-0.234314,-0.100633,0.0,-0.234314,-0.420413,-0.061631,0.169625,0.520504,-0.327248,0.235102,-0.371822,-0.837352,-0.106863,0.1116,-0.061631,-0.234314,-0.232942,-0.539539,-0.106863,0.074647,-0.371822,-0.534113,-0.497427,-0.102652,-0.05379,-0.106863,-0.074329,-0.100633,0.026311,-0.539539,0.056665,0.235074,0.308735,0.193955,-0.218165,-0.234314,0.405095,-0.441445,-0.100633,-0.061631,0.223975,-0.061631,-0.371822,-0.036269,0.103183,-0.412856,0.384044,-0.256113,0.534299,0.251505,0.055927,-0.397267,0.044826,0.174164,0.064703,0.363012,-0.367829,0.767863,0.428191,0.184105,-0.496345,0.557559,0.093688,-0.371822,-0.015226,0.190254,#
2,0.035166,0.005122,1.0,0.339387,0.148202,-0.034601,0.142213,-0.227974,0.479259,0.110392,-0.029798,0.241257,-0.208443,-0.024894,-0.292609,-0.087543,0.32281,-0.224716,0.019792,-0.799746,-0.326698,-0.230651,-0.282371,-0.125845,0.194449,-0.533163,-0.021717,-0.313964,0.26205,0.348877,-0.224716,-0.026757,-0.217851,0.059605,-0.091289,-0.217851,-0.343023,-0.086058,-0.074596,0.148202,-0.087783,-0.44434,-0.025861,0.248327,0.0,-0.790472,-0.606367,-0.16533,0.142358,0.358773,-0.246273,0.326475,0.0,0.531846,0.286541,-0.589779,0.257555,-0.246273,0.531414,0.24655,-0.537872,-0.224925,-0.690014,0.17303,0.049467,-0.068188,0.022671,-0.452248,-0.232745,0.217494,-0.133961,0.188694,0.553665,-0.123774,-0.388433,0.107163,-0.250745,-0.123774,-0.079896,0.314557,-0.123774,-0.388433,-0.388433,0.461165,-0.079896,-0.388433,0.01667,-0.250745,-0.123774,0.057392,-0.388433,-0.384071,0.167849,-0.224439,-0.388433,0.182485,-0.246143,-0.388433,0.217018,0.057392,-0.364435,-0.32661,0.314557,-0.123774,-0.061542,-0.533343,0.231782,-0.543954,-0.250745,0.697648,-0.065837,0.757492,-0.250745,0.008117,-0.250745,-0.427624,0.057392,-0.079896,-0.045675,0.185247,-0.533343,-0.250745,0.314557,-0.126515,0.035068,0.314557,-0.123774,0.087118,-0.006752,0.319926,0.07454,0.057392,-0.552887,0.083538,-0.250745,-0.117813,0.0,-0.250745,-0.400444,-0.557115,-0.240476,0.546497,-0.326776,-0.584621,-0.388433,0.298958,-0.123774,-0.056076,-0.061542,-0.250745,-0.253651,0.415677,-0.123774,-0.388433,-0.388433,-0.533343,-0.477492,0.451512,-0.072234,-0.123774,0.439621,-0.117813,0.498326,-0.061542,-0.384071,-0.19996,-0.111215,-0.776719,0.517749,0.185247,-0.05179,0.279284,-0.117813,-0.079896,0.240832,-0.557115,-0.388433,-0.017155,-0.34108,0.296212,0.394931,0.075021,0.515717,-0.182984,-0.248554,-0.115395,-0.247509,-0.543954,0.0318,-0.074903,0.533623,-0.315739,0.427574,-0.104225,-0.184359,0.0318,0.111143,0.520365,0.013651,-0.325981,#
3,-0.216818,-0.222718,0.339387,1.0,0.148717,-0.025735,0.189075,-0.712671,0.1082,-0.211466,0.447943,-0.130662,-0.060947,-0.091857,-0.367161,-0.104242,0.385506,-0.321382,0.047033,0.076129,-0.373005,-0.175759,0.083891,-0.218899,-0.039718,-0.637877,0.25676,-0.429982,0.32744,-0.05167,0.335991,-0.389578,0.18196,-0.498257,0.129886,-0.662855,-0.397004,0.168481,-0.62746,0.148717,0.404576,-0.483198,-0.34981,0.41183,0.0,-0.437797,-0.414088,-0.142408,0.841707,0.258535,-0.177743,0.311644,0.0,0.158619,0.387321,-0.303461,-0.185014,-0.177743,0.60673,-0.263809,-0.218079,-0.272942,-0.319356,-0.288362,-0.170432,-0.218217,0.271056,-0.278659,-0.396741,0.629328,-0.39254,-0.053861,0.400416,-0.172472,0.007877,0.129216,-0.061628,-0.172472,0.126478,0.304533,-0.172472,0.007877,0.007877,0.116974,0.126478,0.007877,0.272276,-0.061628,-0.172472,0.007877,0.066956,-0.484806,-0.425904,-0.296669,0.007877,0.224201,0.487393,0.007877,-0.213633,0.066956,-0.366823,-0.425904,0.304533,-0.172472,0.147558,-0.133274,0.705244,-0.213633,-0.100145,0.489771,0.425812,0.252204,-0.061628,-0.300262,-0.061628,-0.300262,0.066956,0.126478,0.201503,-0.042369,-0.172472,-0.042369,0.304533,-0.368363,-0.305518,0.304533,-0.172472,0.487624,0.225739,-0.172472,0.02757,0.047263,-0.399248,-0.226955,-0.061628,0.326323,0.0,-0.061628,-0.315095,0.147558,-0.05852,0.176725,0.175462,-0.454324,0.007877,0.275521,-0.172472,0.103152,0.210797,-0.061628,0.304533,0.147558,-0.172472,0.066956,0.007877,-0.172472,-0.375792,-0.021292,0.727488,-0.21167,0.244376,0.326323,-0.237707,0.147558,-0.445068,0.007489,-0.132344,-0.261819,0.18196,-0.061628,-0.116339,-0.292736,0.366119,0.147558,0.014304,0.147558,0.007877,0.25339,0.121902,0.901285,-0.380512,0.535678,0.29812,-0.427782,0.164062,-0.242083,-0.427111,-0.213633,-0.186376,-0.057768,0.608871,-0.362308,0.215474,0.045848,-0.218434,-0.186376,0.12777,0.02757,-0.422397,0.295067,#
4,0.51595,0.11202,0.148202,0.148717,1.0,-0.096669,0.6246,-0.520382,0.299619,0.554021,0.300381,0.357038,0.378482,0.249993,-0.156834,0.205971,0.205777,-0.419114,-0.259243,-0.288502,-0.610426,0.093895,0.203835,-0.615621,-0.365761,-0.163417,-0.529734,-0.439002,0.751293,0.700989,-0.419114,-0.119094,-0.407049,-0.242149,-0.169189,0.280176,-0.495154,-0.159409,-0.139382,0.244844,0.204324,0.112586,-0.515425,-0.161497,0.0,-0.04141,-0.319987,0.650889,0.10338,0.504685,0.498024,-0.43892,0.0,0.594399,0.128585,-0.298512,-0.167018,0.498024,-0.257422,-0.211497,0.383904,-0.380619,-0.253494,-0.132584,0.55623,0.052331,0.04236,0.378915,0.042803,-0.30509,-0.154962,-0.827504,0.569948,-0.996538,-0.709757,0.997905,-0.828832,-0.996538,-0.59512,-0.434619,-0.996538,-0.709757,-0.709757,-0.407049,-0.59512,-0.709757,-0.799428,-0.828832,-0.597961,-0.709757,-0.293251,-0.710021,-0.610262,-0.429831,-0.709757,-0.610573,-0.031718,-0.709757,-0.319375,-0.677718,0.163673,-0.610262,-0.434619,-0.613904,-0.543677,-0.597961,0.392458,-0.372037,-0.844498,0.383982,0.249265,-0.02404,-0.828832,-0.799006,-0.452844,-0.39192,-0.293251,-0.59512,-0.094574,-0.045524,-0.215326,-0.437178,-0.434619,-0.316296,0.257501,-0.434619,-0.996538,-0.325973,-0.604857,-0.215326,-0.661699,-0.30927,-0.593047,0.552208,-0.452844,-0.608596,0.0,-0.828832,-0.129689,-0.577973,-0.466258,0.604059,-0.134802,-0.437225,-0.709757,-0.42762,-0.613904,0.814237,-0.509382,-0.452844,-0.47394,-0.543677,-0.613904,-0.677718,-0.709757,-0.215326,-0.071097,0.684537,-0.134968,-0.613904,-0.077136,-0.608596,-0.324072,-0.543677,-0.305952,0.438597,-0.208766,-0.144185,0.253745,-0.452844,0.679086,-0.375511,-0.59241,-0.577973,0.433938,-0.577973,-0.709757,0.395329,0.209113,-0.108417,0.412995,0.279008,0.093853,0.469252,0.686547,0.017987,0.212635,-0.372037,0.073565,0.693646,0.155386,0.422613,0.798911,0.894457,-0.211899,0.533345,0.996434,-0.261212,-0.623547,0.398231,#
5,-0.533381,-0.087453,-0.034601,-0.025735,-0.096669,1.0,0.280106,0.207374,-0.078817,-0.022746,0.223929,-0.205393,-0.814585,0.232346,0.693559,0.18282,-0.241629,-0.077578,-0.141906,0.245417,0.582617,0.324152,-0.116572,-0.229143,-0.008954,0.166361,0.459276,-0.23274,-0.450707,0.188751,0.426682,0.509812,0.375309,-0.149187,-0.328316,-0.271775,-0.172948,0.084986,0.204974,0.288161,-0.273467,0.21502,0.057177,0.015572,0.0,-0.031089,-0.541382,-0.314204,-0.081158,0.18704,0.500052,-0.077578,0.0,-0.136325,-0.111927,0.142275,-0.383611,0.500052,-0.142735,0.525745,0.24817,0.407664,-0.335189,0.347055,0.349621,0.04556,-0.533617,0.572014,-0.263226,0.297171,0.036578,-0.013926,0.416579,0.154746,-0.173943,-0.120559,-0.009024,0.154746,-0.362505,-0.07871,0.154746,-0.173943,-0.173943,-0.271776,-0.362505,-0.173943,-0.11014,-0.009024,-0.235563,-0.173943,0.233923,-0.165723,0.111427,-0.067228,-0.173943,0.07765,-0.023295,-0.173943,-0.360223,0.233923,-0.525302,0.111427,-0.07871,0.154746,0.107665,0.154746,-0.387071,-0.411792,-0.009024,-0.36264,0.174353,0.166322,-0.009024,-0.076211,-0.009024,-0.076211,0.233923,-0.362505,-0.339511,0.006317,-0.235563,0.389846,-0.07871,-0.004891,-0.442401,-0.07871,0.154746,0.107841,-0.404252,-0.235563,0.265297,-0.173943,-0.354755,-0.048488,-0.009024,-0.269455,0.0,-0.009024,0.159089,0.074081,0.369433,-0.134096,-0.407663,-0.296361,-0.173943,0.000765,0.154746,0.051084,0.544252,-0.009024,-0.117216,0.107665,0.154746,0.233923,-0.173943,-0.235563,0.116622,-0.100087,-0.381255,-0.235563,-0.339511,-0.269455,0.38887,0.107665,-0.165723,0.422538,0.145688,0.310996,-0.271776,-0.009024,0.249426,-0.346474,-0.269455,0.074081,0.0388,0.074081,-0.173943,0.097,0.261048,0.102648,0.362142,0.212699,-0.071157,0.406099,-0.094289,0.313965,-0.058425,-0.411792,0.36712,0.207578,-0.158503,0.139015,-0.320479,-0.314897,0.149189,-0.083122,-0.129237,-0.126881,0.206617,0.065358,#
6,0.507881,0.106227,0.142213,0.189075,0.6246,0.280106,1.0,-0.104616,0.691897,0.165638,0.29226,0.348719,0.002541,-0.116874,0.22274,-0.168445,-0.184093,-0.412811,-0.266241,-0.280545,-0.127904,0.241886,0.22408,-0.996916,0.022428,-0.168927,-0.123672,-0.552512,0.283164,0.690604,-0.412811,-0.113505,0.249685,-0.633915,-0.592255,0.275967,-0.507732,-0.170522,-0.145027,0.6246,0.196735,-0.290352,-0.507845,-0.344362,0.0,-0.105688,-0.482682,0.226512,0.128496,0.915588,0.564817,-0.432505,0.0,0.581395,0.57948,0.148139,-0.11342,0.564817,0.144306,0.256327,0.335669,-0.374529,-0.274685,-0.103948,0.413077,0.1894,-0.381455,0.39745,-0.143006,-0.300745,0.258582,-0.439579,0.561585,-0.601021,-0.699475,0.59473,-0.442592,-0.601021,-0.586747,-0.428371,-0.601021,-0.699475,-0.699475,-0.40738,-0.586747,-0.699475,-0.369929,-0.442592,-0.601021,-0.699475,-0.285318,-0.699586,-0.610759,-0.423472,-0.699475,-0.118272,-0.023654,-0.699475,-0.314955,-0.285318,-0.308022,-0.610759,-0.428371,-0.601021,-0.535595,-0.204692,0.39304,-0.36732,-0.832036,0.052605,0.257516,-0.027839,-0.442592,-0.799656,-0.442592,-0.799656,-0.285318,-0.586747,-0.088737,-0.427014,-0.601021,-0.427014,-0.428371,-0.769725,-0.389051,-0.428371,-0.601021,-0.476606,-0.494815,-0.601021,-0.651687,-0.301247,-0.584547,0.150051,-0.442592,-0.595505,0.0,-0.442592,0.126951,-0.569697,-0.455582,0.591,-0.61107,-0.520436,-0.699475,-0.42039,-0.601021,0.813395,-0.092275,-0.442592,-0.467471,-0.535595,-0.601021,-0.285318,-0.699475,-0.601021,-0.066054,0.674367,-0.129045,-0.99735,0.344747,-0.595505,-0.327403,-0.535595,-0.297797,0.41896,-0.214003,0.245513,0.249685,-0.442592,0.338051,-0.529624,-0.193137,-0.569697,0.423411,-0.569697,-0.699475,0.795715,0.584814,-0.104232,0.401737,0.683564,0.087698,0.071584,0.661298,0.496503,-0.210045,-0.36732,0.067992,0.68313,0.160947,0.415982,0.360544,0.475679,-0.625627,0.525178,0.588748,-0.651687,-0.415999,0.392051,#
7,-0.022256,0.272691,-0.227974,-0.712671,-0.520382,0.207374,-0.104616,1.0,0.151495,-0.040717,-0.651574,0.058883,-0.335512,-0.196467,0.348503,-0.187813,-0.348916,0.420617,0.185833,-0.082068,0.684919,0.072381,-0.087262,0.114405,0.374006,0.276056,0.027277,0.421801,-0.729368,-0.183801,-0.131708,0.586527,0.442269,0.24541,-0.383683,0.47062,0.483506,0.068065,0.266796,-0.09887,-0.223165,-0.007768,0.498134,-0.101203,0.0,0.145095,0.334834,-0.160009,-0.649133,-0.019679,-0.142775,-0.131708,0.0,-0.230207,-0.151631,0.348679,0.248231,-0.142775,-0.221051,0.344434,-0.165856,0.399744,0.245359,0.26801,-0.06281,0.050159,-0.203553,0.20501,0.022955,-0.441544,0.291672,0.365183,-0.521918,0.536554,0.216094,-0.50715,0.369281,0.536554,0.058423,-0.131242,0.536554,0.216094,0.216094,0.215464,0.058423,0.216094,0.256125,0.369281,0.109041,0.216094,0.216094,0.651839,0.519765,0.398881,0.216094,0.4933,-0.085052,0.216094,0.265477,0.216094,-0.147746,0.168802,-0.131242,0.536554,0.058423,0.245845,-0.500715,0.265477,0.369281,-0.497076,-0.21875,-0.058617,0.369281,0.287026,0.369281,-0.02226,0.216094,0.058423,0.022885,-0.050806,-0.181668,0.369281,-0.131242,0.255931,-0.304619,-0.131242,0.536554,-0.439634,0.03007,0.109041,0.216094,0.216094,0.522526,-0.029842,0.369281,0.076389,0.0,0.369281,0.267612,0.058423,0.395969,-0.251908,-0.399743,0.390296,0.216094,-0.127574,0.536554,-0.150479,0.058423,0.369281,-0.131242,0.058423,0.536554,0.216094,0.216094,-0.181668,0.231856,-0.21839,-0.441723,0.109041,0.022885,0.076389,0.287026,0.058423,0.651839,0.070784,0.131378,0.267863,-0.266495,0.369281,-0.160949,0.321142,0.076389,0.058423,-0.343647,0.058423,0.216094,-0.281492,-0.095014,-0.639902,0.105929,-0.482519,-0.184913,0.050897,-0.170287,0.12077,-0.127065,0.265477,-0.029842,-0.185179,-0.25,0.164932,-0.412235,-0.427078,-0.142424,-0.029842,-0.517532,-0.213467,0.616768,-0.398771,#
8,0.575462,-0.016142,0.479259,0.1082,0.299619,-0.078817,0.691897,0.151495,1.0,0.220054,-0.070177,0.151495,0.076243,-0.061347,-0.114815,-0.561714,-0.285567,0.066212,0.050327,-0.648987,-0.095959,-0.180489,0.322531,-0.696655,0.375062,-0.536692,-0.089372,-0.076033,0.122926,0.326452,-0.465369,-0.079164,0.283772,-0.285957,-0.66298,0.311058,-0.032081,-0.226055,-0.090464,0.299619,0.264381,-0.654523,-0.096994,-0.026631,0.0,-0.487334,-0.166429,0.294521,0.156837,0.786435,0.095952,0.045766,0.0,0.538546,0.539498,-0.184171,0.534718,0.095952,0.543125,0.098281,-0.150021,-0.425661,-0.446097,-0.147397,-0.008439,0.339237,-0.040108,0.05677,-0.013256,-0.336741,0.378844,-0.106577,0.167987,-0.28405,-0.354866,0.27121,-0.110923,-0.28405,-0.195759,0.047517,-0.28405,-0.354866,-0.354866,0.065486,-0.195759,-0.354866,-0.032153,-0.110923,-0.28405,-0.354866,-0.354866,-0.352545,-0.259472,0.054534,-0.354866,0.261943,-0.098229,-0.354866,0.355277,-0.354866,-0.494898,-0.597254,0.047517,-0.28405,-0.142654,-0.152384,0.381914,-0.405803,-0.515232,0.414858,0.327497,0.335407,-0.110923,-0.484305,-0.110923,-0.781974,-0.354866,-0.195759,0.326351,-0.515232,-0.56384,-0.515232,0.047517,-0.557941,-0.43492,0.047517,-0.28405,-0.531826,-0.083205,-0.28405,-0.305255,0.058561,-0.191342,0.203972,-0.110923,-0.274029,0.0,-0.110923,0.23587,-0.638298,-0.49764,0.551954,-0.597558,-0.566764,-0.354866,-0.004679,-0.28405,0.506894,-0.142654,-0.110923,-0.520772,-0.142654,-0.28405,-0.354866,-0.354866,-0.56384,0.04374,0.759046,-0.1822,-0.695506,0.77638,-0.274029,0.005974,-0.142654,0.064581,0.074413,-0.262629,-0.214024,0.283772,-0.110923,-0.045327,0.122011,0.143698,-0.638298,0.08429,-0.638298,-0.354866,0.463941,0.254204,-0.1416,0.154029,0.334948,-0.021301,-0.287634,0.311832,0.341948,-0.576838,-0.405803,-0.355855,0.332192,0.541373,-0.067956,0.326107,0.124471,-0.615623,0.118781,0.262724,-0.305255,-0.015627,-0.053843,#
9,0.065703,0.053639,0.110392,-0.211466,0.554021,-0.022746,0.165638,-0.040717,0.220054,1.0,-0.01784,-0.040717,0.192053,0.36827,0.165535,-0.143175,-0.126805,0.326107,-0.349392,-0.391791,-0.32633,0.18472,0.571387,-0.130919,0.249648,-0.084452,-0.455278,0.246234,0.425842,0.387725,-0.217405,0.445746,-0.217606,0.522779,-0.557594,0.507746,0.210166,-0.554884,0.371779,0.171754,-0.110295,0.432938,0.425016,0.410662,0.0,-0.230196,0.072627,0.759717,-0.004809,0.085553,0.354877,-0.217405,0.0,0.107809,-0.187308,-0.62528,0.286979,0.354877,-0.321336,-0.062682,0.229455,0.326409,-0.489748,0.38645,0.543771,0.237221,0.016877,0.447363,0.218659,-0.506914,-0.111593,-0.652665,0.123004,-0.532743,-0.393266,0.574545,-0.652464,-0.532743,-0.56213,-0.225337,-0.532743,-0.393266,-0.393266,-0.217606,-0.56213,-0.393266,-0.427369,-0.652464,-0.532743,-0.393266,-0.393266,0.028499,-0.326242,0.293773,-0.393266,-0.326408,-0.251083,-0.393266,0.174269,-0.799064,-0.21271,-0.326242,-0.225337,-0.12888,-0.055361,-0.532743,0.188647,-0.603893,-0.255617,0.175028,0.355349,0.292031,-0.652464,-0.427143,-0.255617,0.002527,-0.393266,-0.56213,0.410977,-0.255617,-0.12888,-0.255617,-0.225337,0.066769,0.059027,-0.225337,-0.532743,-0.608412,-0.625838,-0.12888,0.080165,-0.393266,-0.111761,0.998948,-0.255617,-0.123005,0.0,-0.652464,0.302703,-0.56213,-0.245467,0.105687,0.175758,-0.502069,-0.393266,-0.158697,-0.12888,0.526237,-0.489734,-0.255617,-0.806381,-0.055361,-0.12888,-0.799064,-0.393266,-0.12888,0.452522,0.487416,-0.558867,-0.12888,-0.030748,-0.123005,0.074139,-0.055361,0.028499,0.668677,-0.531152,-0.387922,-0.217606,-0.255617,0.778853,0.094598,-0.533023,-0.56213,0.245841,-0.56213,-0.393266,-0.011277,0.126123,-0.402724,0.235553,-0.22642,-0.402564,0.684497,0.20373,-0.140786,0.186762,-0.603893,-0.427054,0.384934,0.088837,0.237085,0.427093,0.32364,0.287299,0.058235,0.532687,0.080165,0.265051,-0.325614,#
10,-0.105949,-0.083129,-0.029798,0.447943,0.300381,0.223929,0.29226,-0.651574,-0.070177,-0.01784,1.0,-0.201017,-0.040788,0.209269,0.276641,-0.236973,-0.237459,-0.1206,-0.593205,0.210234,-0.407398,-0.073089,0.269387,-0.273114,-0.001205,0.126493,0.527774,-0.181332,0.508661,0.196879,0.388299,-0.379466,-0.271664,-0.172731,0.037536,-0.271664,-0.220212,-0.383965,0.166211,0.284847,-0.269586,0.176332,-0.311064,-0.129916,0.0,-0.177339,-0.245806,0.101031,0.416586,0.200398,0.358928,-0.1206,0.0,0.265095,0.422843,0.115232,-0.361943,0.358928,0.225341,0.008581,0.246345,-0.082283,-0.395566,-0.334626,-0.099916,0.001415,-0.117547,0.141171,-0.230961,0.246143,-0.005484,-0.42606,0.425527,-0.271188,-0.205995,0.27463,-0.040436,-0.271188,-0.396742,-0.112923,-0.271188,-0.205995,-0.205995,-0.271664,-0.396742,-0.205995,-0.106023,-0.040436,0.122711,-0.601782,-0.190164,-0.597393,-0.407288,-0.101654,-0.205995,-0.407495,-0.015673,-0.205995,-0.405937,-0.190164,-0.08347,0.068254,-0.112923,-0.665088,0.077754,0.122711,0.289036,-0.457981,-0.427493,0.045818,0.182355,0.171763,-0.040436,-0.114184,-0.427493,-0.114184,-0.58595,-0.396742,0.100155,-0.412011,0.122711,-0.412011,-0.112923,-0.513295,0.115278,-0.112923,-0.271188,0.18056,-0.341477,-0.665088,-0.158501,-0.601782,-0.389251,-0.043807,-0.427493,-0.265535,0.0,-0.040436,0.225943,0.043861,-0.449629,0.277877,0.082283,-0.484873,-0.205995,-0.13994,-0.665088,0.063181,0.518357,-0.427493,-0.151783,-0.345903,-0.665088,0.205623,-0.205995,0.122711,0.082328,0.253564,0.054722,-0.271188,0.100155,-0.265535,-0.063896,0.077754,-0.597393,0.032107,0.112484,0.285918,-0.271664,-0.814551,0.230867,-0.654497,0.134367,-0.379796,0.417941,0.043861,-0.205995,0.549077,0.682304,0.369381,-0.01014,0.667424,-0.094725,0.052908,-0.084977,0.282109,-0.092639,-0.457981,-0.07876,0.593633,-0.150363,0.112235,0.096865,0.08293,0.112842,-0.07876,0.259024,-0.158501,-0.259648,0.588992,#
11,0.423579,0.761395,0.241257,-0.130662,0.357038,-0.205393,0.348719,0.058883,0.151495,-0.040717,-0.201017,1.0,0.092787,-0.650991,-0.070371,0.241532,0.528,-0.684034,-0.295905,-0.51296,-0.399647,0.215863,-0.514012,-0.363077,-0.051001,0.241027,-0.496645,-0.60225,0.363844,0.701193,-0.684034,0.000145,-0.266495,-0.219954,0.022221,0.47062,-0.635053,0.029341,-0.209719,0.357038,-0.223165,-0.04449,-0.400955,-0.456552,0.0,-0.008883,-0.358011,-0.160009,-0.512633,0.476705,-0.142775,-0.705277,0.0,0.662294,0.435537,0.254682,-0.413866,-0.142775,-0.272712,0.344434,-0.193463,-0.131831,0.186886,0.097359,0.371137,-0.526495,-0.203553,-0.244573,-0.3682,-0.469848,-0.244053,-0.090484,0.386385,-0.361726,-0.686489,0.349723,-0.513395,-0.361726,-0.447908,-0.711784,-0.361726,-0.686489,-0.686489,0.215464,-0.447908,-0.686489,-0.20787,-0.513395,-0.361726,-0.256928,-0.239746,-0.258818,-0.048576,-0.71564,-0.686489,-0.038273,-0.068041,-0.686489,-0.512014,0.189815,0.385402,-0.399539,-0.711784,-0.361726,-0.907718,-0.652435,0.239968,0.222283,-0.513395,-0.058601,-0.652778,-0.058617,-0.513395,-0.213824,-0.513395,-0.52311,0.189815,-0.447908,-0.444707,0.343581,-0.652435,-0.076505,-0.711784,-0.301166,0.308648,-0.711784,-0.361726,-0.357512,-0.38039,0.065787,-0.686489,-0.256928,-0.450807,-0.029842,-0.513395,-0.357639,0.0,-0.513395,-0.624925,-0.429516,-0.111606,0.641727,-0.399743,0.191711,-0.686489,-0.715992,-0.361726,0.313815,-0.429516,-0.513395,-0.163495,-0.447908,-0.361726,-0.239746,-0.686489,-0.652435,-0.718163,0.159634,0.040832,-0.361726,0.022885,-0.357639,-0.213824,-0.907718,-0.258818,0.087118,0.050816,0.022238,0.442269,-0.093309,0.284861,-0.353654,-0.357639,0.030293,0.506326,-0.429516,-0.686489,0.213924,-0.078325,-0.347577,0.624111,0.015852,0.755119,0.10745,0.328084,-0.139812,0.304172,0.222283,0.412736,0.242157,-0.25,0.690451,0.523049,0.470718,-0.619465,0.905894,0.352732,-0.256928,-0.376333,0.118253,#
12,0.682386,-0.190938,-0.208443,-0.060947,0.378482,-0.814585,0.002541,-0.335512,0.076243,0.192053,-0.040788,0.092787,1.0,-0.048536,-0.425381,-0.033449,-0.033179,-0.023375,0.016772,-0.046346,-0.499425,0.054716,0.367532,-0.041754,-0.177153,-0.000766,-0.607451,0.097918,0.525377,0.023629,-0.546608,-0.632453,-0.33303,0.00201,0.161388,0.365259,0.046227,-0.252276,-0.008929,-0.020828,0.404921,0.034788,-0.210035,-0.223344,0.0,0.3815,0.471358,0.500472,0.182471,-0.143854,0.080453,-0.043499,0.0,0.00582,0.016046,-0.06805,0.355776,0.080453,-0.038765,-0.445718,0.349849,-0.507605,0.382634,-0.220732,0.009154,0.352981,0.20124,-0.241912,0.622806,-0.390442,0.274141,-0.215464,-0.247618,-0.426531,-0.034661,0.400426,-0.21855,-0.426531,0.182435,-0.038544,-0.426531,-0.034661,-0.034661,-0.33303,0.182435,-0.034661,-0.232085,-0.21855,-0.021536,-0.034661,-0.425319,-0.031687,-0.499291,-0.03476,-0.034661,-0.499545,-0.209487,-0.034661,0.290839,-0.425319,0.553391,-0.029911,-0.038544,-0.426531,-0.253155,-0.021536,0.313053,0.290839,-0.234468,0.16537,-0.009868,-0.498548,-0.21855,-0.240073,-0.21855,0.173567,-0.425319,0.182435,0.201991,-0.21855,0.367259,-0.61651,-0.038544,-0.169152,0.367662,-0.038544,-0.426531,-0.243833,0.192996,-0.021536,-0.441596,-0.018384,0.187304,0.216102,-0.21855,-0.026315,0.0,-0.21855,0.136161,-0.253155,-0.605685,0.013279,0.467317,0.177996,-0.034661,-0.04542,-0.426531,0.272474,-0.671321,-0.21855,-0.038544,-0.253155,-0.426531,-0.425319,-0.034661,0.367259,0.194104,0.315958,0.196921,-0.037736,0.219709,-0.026315,-0.653713,-0.253155,-0.015264,-0.19807,-0.397053,-0.085223,0.338402,-0.21855,-0.044182,0.173496,-0.009868,-0.253155,0.199364,-0.253155,-0.034661,0.238845,0.010118,-0.219716,-0.245009,0.08555,-0.232662,-0.17226,0.381337,0.088299,0.335119,0.290839,-0.23431,0.01038,-0.006579,-0.007148,0.222963,0.561119,0.013905,0.232872,0.414508,-0.034661,-0.354404,0.035416,#
13,-0.10171,-0.532931,-0.024894,-0.091857,0.249993,0.232346,-0.116874,-0.196467,-0.061347,0.36827,0.209269,-0.650991,-0.048536,1.0,-0.085031,0.135173,-0.28101,0.407514,0.272425,0.205738,0.116771,-0.356008,0.266174,0.158938,-0.388353,-0.22472,0.147687,0.379766,-0.018354,-0.230102,0.407514,0.157297,-0.27142,0.251951,0.068503,-0.27142,0.333865,0.076002,0.221579,-0.50287,0.133651,0.205125,0.065571,0.207335,0.0,-0.039908,0.102595,0.523728,0.150135,-0.247482,0.363803,0.407514,0.0,-0.155921,-0.609487,-0.449444,0.248943,0.363803,-0.125983,-0.439874,0.271016,-0.086961,-0.348149,-0.181496,-0.031104,0.419517,0.306104,0.539568,0.33797,0.271987,0.060931,-0.390535,-0.012836,-0.22692,0.225565,0.254301,0.006615,-0.22692,0.065365,0.421885,-0.22692,0.225565,0.225565,-0.27142,0.065365,0.225565,-0.533059,0.006615,0.170447,-0.173707,0.225565,-0.165497,0.121343,0.436414,0.225565,-0.407131,-0.039527,0.225565,0.310531,-0.557007,-0.087931,0.121343,0.421885,0.154553,0.544038,0.170447,-0.399678,-0.42449,-0.009004,0.376295,0.577702,0.17722,0.006615,-0.067244,0.381461,0.338606,-0.173707,0.065365,0.095719,-0.009004,0.551921,-0.009004,0.421885,0.456407,0.167054,0.421885,-0.22692,0.232549,-0.069875,0.154553,0.273477,0.225565,0.076287,0.355894,0.381461,-0.277555,0.0,0.006615,0.350084,0.065365,0.01013,-0.133455,0.067196,-0.307401,0.225565,0.400924,0.154553,0.015713,0.133747,0.381461,-0.126946,0.116651,0.154553,-0.157736,0.225565,0.551921,0.543779,0.262121,-0.3985,0.154553,-0.321517,-0.277555,0.406248,0.544038,0.237346,0.034414,0.194788,-0.201999,-0.27142,-0.009004,0.156612,0.286648,-0.261418,-0.362022,-0.360318,0.065365,0.225565,-0.310244,-0.118717,0.097338,-0.056689,-0.197124,-0.521262,0.396865,-0.081037,0.046928,-0.071699,-0.42449,-0.074282,0.208277,0.245281,-0.370981,0.10355,0.086512,0.5469,-0.532666,0.265093,0.273477,0.017262,0.117554,#
14,-0.335073,0.106161,-0.292609,-0.367161,-0.156834,0.693559,0.22274,0.348503,-0.114815,0.165535,0.276641,-0.070371,-0.425381,-0.085031,1.0,-0.135882,-0.566631,0.118089,-0.63038,0.150166,0.394286,0.617676,0.192943,-0.175817,0.400425,0.64377,0.30588,0.013704,-0.241727,0.303998,0.118089,0.376655,0.24953,0.180874,-0.52189,0.275796,0.051339,-0.514009,0.674959,0.593595,-0.599122,0.561696,0.340799,-0.175586,0.0,0.174207,-0.163332,-0.187722,-0.262687,0.06463,0.570168,-0.39363,0.0,-0.209488,0.110593,0.378138,-0.242599,0.570168,-0.264502,0.739227,0.43482,0.610692,-0.168251,0.531578,0.397899,0.190863,-0.799373,0.431192,-0.013611,-0.24912,0.330539,-0.032775,0.165535,0.215749,-0.276713,-0.168407,-0.029305,0.215749,-0.560321,-0.398224,0.215749,-0.276713,-0.276713,-0.407127,-0.560321,-0.276713,0.042988,-0.029305,-0.180334,-0.276713,-0.244875,0.128493,-0.083822,0.098286,-0.276713,-0.118198,-0.417634,-0.276713,-0.274741,0.137186,-0.30625,0.375229,-0.398224,-0.164491,-0.083196,0.215749,-0.293433,-0.327073,-0.029305,-0.759906,-0.144763,-0.027821,-0.029305,0.069406,-0.402939,0.069406,-0.244875,-0.560321,-0.10601,-0.387371,-0.180334,0.001831,-0.398224,-0.253107,-0.283053,-0.398224,0.215749,-0.37,-0.567639,-0.560574,0.169024,-0.658774,-0.128753,0.149958,-0.402939,-0.209102,0.0,-0.029305,0.503688,-0.117277,-0.017763,-0.22107,-0.137898,-0.159218,-0.276713,-0.283451,-0.164491,0.04081,0.359849,-0.402939,-0.4373,-0.083196,-0.164491,0.137186,-0.276713,-0.180334,0.381211,-0.026518,-0.576043,-0.180334,-0.10601,-0.209102,0.136829,-0.083196,-0.256986,0.444932,-0.172723,0.527244,-0.407127,-0.402939,0.365377,-0.411192,-0.209102,-0.117277,0.433116,-0.117277,-0.276713,0.363877,0.594758,-0.375,0.363251,0.249223,-0.324666,0.438304,-0.200269,0.526373,0.245168,-0.327073,0.114811,0.30303,-0.64339,0.448182,-0.488652,-0.33956,0.252326,0.114811,-0.201571,-0.228956,0.486834,-0.130193,#
15,-0.110283,-0.06982,-0.087543,-0.104242,0.205971,0.18282,-0.168445,-0.187813,-0.561714,-0.143175,-0.236973,0.241532,-0.033449,0.135173,-0.135882,1.0,0.558832,-0.601171,0.296318,0.27844,0.127378,0.314432,-0.62196,0.175562,-0.815282,0.199399,-0.413035,-0.493099,-0.073812,0.175179,-0.076659,0.059549,-0.271921,-0.163489,0.551818,-0.271921,-0.528097,0.561935,-0.212957,-0.162932,0.149736,0.326933,-0.406057,-0.226949,0.0,0.501942,-0.359729,-0.232879,-0.252131,-0.304171,0.199872,-0.096833,0.0,-0.150875,-0.588236,-0.007423,-0.492805,0.199872,-0.594385,-0.010029,0.301698,-0.096924,0.384743,0.234256,0.486186,-0.17522,-0.105295,0.075142,0.139514,0.298354,-0.278796,0.017814,0.330018,-0.218659,-0.157701,0.213947,-0.376029,-0.218659,0.09144,-0.097421,-0.218659,-0.157701,-0.157701,-0.271921,0.09144,-0.157701,-0.534043,-0.376029,-0.218659,0.250228,0.266546,-0.14933,0.132047,-0.589763,-0.157701,-0.407882,-0.008077,-0.157701,-0.385419,0.282863,0.489045,0.132047,-0.097421,0.171087,-0.345214,-0.218659,-0.414074,0.311901,0.006946,-0.065839,-0.270384,-0.407068,-0.376029,-0.058132,0.006946,0.356518,0.674475,0.09144,-0.818923,0.820767,0.171087,0.421835,-0.097421,0.476478,0.372173,-0.097421,-0.218659,0.438861,-0.02927,0.577071,-0.157701,0.250228,-0.33733,-0.13017,0.006946,-0.270384,0.0,-0.376029,-0.57836,0.108907,0.400177,-0.149857,0.07673,0.390949,-0.157701,-0.018945,0.171087,0.006105,-0.310281,0.006946,0.423258,0.09144,0.171087,-0.125066,-0.157701,0.171087,-0.358555,-0.293652,0.075788,0.171087,-0.801161,-0.270384,-0.058132,-0.345214,-0.14933,0.018614,0.177826,-0.046075,0.401151,0.405878,0.138732,-0.030097,-0.666069,0.545561,0.024419,0.108907,-0.157701,-0.327854,-0.557433,0.092128,0.361009,-0.214627,0.369394,0.388533,0.223294,-0.178337,0.658846,0.311901,0.823289,-0.223199,-0.191247,0.126171,0.095227,0.374813,0.234894,0.354966,0.25766,0.250228,-0.461619,0.084097,#
16,-0.12642,0.375449,0.32281,0.385506,0.205777,-0.241629,-0.184093,-0.348916,-0.285567,-0.126805,-0.237459,0.528,-0.033179,-0.28101,-0.566631,0.558832,1.0,-0.601596,0.195905,-0.14746,-0.407811,-0.096428,-0.60629,0.157825,-0.39602,-0.250154,-0.376493,-0.515835,0.278264,0.159622,-0.077625,0.040159,-0.27194,-0.163811,0.515946,-0.271939,-0.55055,0.52587,-0.665521,-0.178669,0.151364,-0.127413,-0.336033,0.192175,0.0,-0.152836,-0.361515,-0.21504,-0.018858,-0.013416,-0.4863,-0.116438,0.0,0.275152,-0.069996,-0.262577,-0.466781,-0.4863,-0.173248,-0.214603,-0.42971,-0.077697,0.136108,-0.009494,0.153665,-0.727451,0.376575,-0.370621,-0.449599,0.271494,-0.804162,-0.013935,0.314086,-0.243976,-0.166661,0.215603,-0.400917,-0.243976,0.065231,-0.127486,-0.243976,-0.166661,-0.166661,0.427334,0.065231,-0.166661,-0.076297,-0.400917,-0.243976,0.225754,0.257147,-0.15837,0.101509,-0.600854,-0.166661,0.116545,0.427334,-0.166661,-0.4257,0.241451,0.298851,-0.407701,-0.127486,0.162191,-0.354817,-0.665764,0.28933,0.2709,-0.001806,0.364744,-0.253757,0.086686,-0.400917,-0.085055,-0.001806,-0.101675,0.649563,0.065231,-0.339716,0.796415,-0.259597,0.412655,-0.127486,0.260442,0.317944,-0.127486,-0.243976,0.384353,0.059747,0.552735,-0.166661,0.225754,-0.347004,-0.113206,-0.001806,0.174458,0.0,-0.400917,-0.957499,0.098835,0.390858,0.266,0.097121,0.205833,-0.166661,-0.142424,0.162191,0.006525,-0.338015,-0.001806,0.392656,0.065231,0.162191,-0.150965,-0.166661,-0.259597,-0.816851,-0.307349,0.534079,0.162191,-0.356802,0.174458,-0.085055,-0.354817,-0.15837,0.007958,0.151437,-0.421068,0.375535,0.381954,0.124266,-0.086003,-0.237898,0.518883,-0.018183,0.098835,-0.166661,-0.375148,-0.585426,0.369757,0.117296,-0.262195,0.791892,0.028812,0.194177,-0.754772,0.17538,0.2709,0.338462,-0.250746,0.237898,0.092322,0.533733,0.34727,-0.228894,0.338462,0.230955,0.225754,-0.480027,0.083563,#
17,-0.217863,-0.22504,-0.224716,-0.321382,-0.419114,-0.077578,-0.412811,0.420617,0.066212,0.326107,-0.1206,-0.684034,-0.023375,0.407514,0.118089,-0.601171,-0.601596,1.0,0.094252,0.087155,0.274191,-0.346421,0.590288,0.428223,0.499243,-0.0665,0.309098,0.96365,-0.319845,-0.611054,0.376154,0.330254,0.166513,0.631497,-0.302018,0.166513,0.976758,-0.308019,0.42821,-0.400071,-0.116088,0.104491,0.780538,0.456376,0.0,-0.163883,0.712753,0.382324,0.030645,-0.378695,-0.159178,0.376154,0.0,-0.435225,-0.284228,-0.20809,0.627028,-0.159178,0.112554,-0.258856,-0.134803,0.398672,-0.181113,-0.032124,-0.442034,0.341657,0.306548,0.212057,0.249942,-0.16378,0.213249,0.023607,-0.719108,0.428108,0.612589,-0.394425,0.500385,0.428108,0.223626,0.38026,0.428108,0.612589,0.612589,0.166513,0.223626,0.612589,0.327025,0.500385,0.408794,0.127404,0.107996,0.63166,0.274332,0.998333,0.612589,0.249769,-0.019213,0.612589,0.665382,-0.377188,-0.309668,0.274332,0.38026,0.428108,0.76375,0.408794,-0.209338,-0.163999,0.519364,-0.037989,0.388262,0.249271,0.500385,0.34861,0.500385,0.34861,-0.377188,0.223626,0.741384,-0.467562,0.408794,0.025901,0.38026,0.338819,-0.173675,0.38026,0.428108,-0.214229,0.173217,-0.074078,0.631996,0.107996,0.763034,0.326783,0.500385,0.407871,0.0,0.500385,0.702307,0.223626,0.073857,-0.437503,0.249769,-0.05435,0.612589,0.341395,0.428108,-0.291521,0.223626,0.500385,-0.239028,0.2444,0.428108,0.107996,0.612589,0.408794,0.763016,-0.061484,-0.347988,0.428108,0.192119,0.407871,0.34861,0.76375,0.612079,0.00123,-0.047364,-0.061651,-0.666051,0.025901,-0.119558,0.500895,0.388262,-0.295724,-0.498003,0.223626,0.612589,-0.356775,0.085703,-0.239107,-0.493604,-0.429436,-0.760432,0.004423,-0.429436,-0.042733,-0.363875,-0.163999,-0.728693,-0.115098,0.082359,-0.362533,-0.346871,-0.506512,0.412658,-0.750117,-0.426279,0.127404,0.747632,-0.360266,#
18,0.072137,-0.447905,0.019792,0.047033,-0.259243,-0.141906,-0.266241,0.185833,0.050327,-0.349392,-0.593205,-0.295905,0.016772,0.272425,-0.63038,0.296318,0.195905,0.094252,1.0,0.207465,0.45212,-0.385023,-0.242643,0.23771,-0.46025,-0.541208,-0.10308,0.135857,-0.538467,-0.579651,0.094252,-0.037981,0.287775,-0.251612,0.334119,-0.411491,0.177751,0.787557,-0.521469,-0.657831,0.705393,-0.533602,-0.128382,0.142392,0.0,0.147477,0.176441,-0.080985,0.109268,-0.224024,-0.302999,0.618217,0.0,-0.31212,-0.513405,-0.164918,0.345455,-0.302999,0.149344,-0.494698,-0.182724,-0.411492,0.33058,-0.264107,-0.322881,0.152218,0.476544,-0.068922,0.243025,0.412882,0.028886,0.383439,-0.365599,0.218812,0.568684,-0.248886,0.369636,0.218812,0.795422,0.625929,0.218812,0.568684,0.568684,0.153301,0.795422,0.568684,0.019368,0.369636,0.20259,0.584984,0.568684,0.177423,0.354255,0.124555,0.568684,0.330807,0.36308,0.568684,0.45247,0.14488,0.023549,-0.057026,0.625929,0.656819,0.359223,0.283702,-0.29187,0.425678,0.401517,0.35665,0.29316,-0.195915,0.369636,0.048122,0.800033,0.151677,0.584984,0.795422,-0.110008,0.401517,0.299925,0.401517,0.625929,0.526798,-0.174533,0.625929,0.218812,0.449717,0.733839,0.656819,0.17748,0.992488,0.36014,-0.336122,0.800033,0.210812,0.0,0.369636,-0.192775,0.341775,0.4392,-0.297544,-0.072616,0.334752,0.568684,0.572994,0.656819,-0.170308,-0.111872,0.800033,0.605924,0.376671,0.656819,0.12858,0.568684,0.299925,-0.040556,-0.235558,0.315162,0.235035,-0.127752,0.210812,0.065382,0.359223,0.588572,-0.370868,0.237997,-0.247396,0.287775,0.815974,-0.601412,0.629829,0.177872,0.359223,-0.796428,0.341775,0.568684,-0.526149,-0.671051,0.271524,-0.379774,-0.354984,-0.000339,-0.379049,0.125771,-0.192175,-0.287568,0.425678,0.11492,-0.573267,0.563262,-0.629176,-0.114445,-0.054013,-0.06625,-0.37091,-0.201796,0.17748,-0.16173,-0.081243,#
19,-0.37562,-0.335823,-0.799746,0.076129,-0.288502,0.245417,-0.280545,-0.082068,-0.648987,-0.391791,0.210234,-0.51296,-0.046346,0.205738,0.150166,0.27844,-0.14746,0.087155,0.207465,1.0,0.421168,0.103934,0.085474,0.26653,-0.412849,0.269709,0.327688,0.136661,-0.374627,-0.552371,0.612778,-0.103811,0.267601,-0.233218,0.377743,-0.407897,0.175488,0.37275,-0.139283,-0.273051,0.230287,0.276662,-0.116103,-0.056792,0.0,0.647192,0.308577,-0.132708,0.205626,-0.486787,0.182725,0.087155,0.0,-0.663387,-0.39839,0.425892,-0.374299,0.182725,-0.265114,-0.316176,0.440212,0.124707,0.536978,-0.236083,-0.189079,0.030409,0.060801,0.314439,0.122852,0.409223,-0.013218,0.014454,-0.340909,0.264288,0.574177,-0.264333,0.402906,0.264288,0.349987,0.097877,0.264288,0.574177,0.574177,-0.407897,0.349987,0.574177,0.083341,0.402906,0.248617,0.180525,0.589924,0.196811,-0.070669,0.116432,0.574177,-0.105222,0.397504,0.574177,-0.251354,0.196271,0.193009,0.421229,0.097877,0.264288,0.349987,0.656064,-0.270894,0.447443,0.418305,-0.47122,0.22592,-0.610624,0.402906,0.10945,0.402906,0.542934,0.196271,0.349987,-0.102438,0.033334,0.656064,0.433703,0.097877,0.241628,-0.121631,0.097877,0.264288,0.484121,0.272122,-0.14316,0.180525,0.164778,0.368275,-0.378698,0.402906,0.24183,0.0,0.402906,0.206739,0.80507,0.421867,-0.662799,0.401402,0.450061,0.574177,0.113991,0.264288,-0.197686,0.366842,0.402906,0.619659,-0.071386,0.264288,0.589924,0.574177,0.656064,0.307417,-0.632572,0.341868,0.264288,-0.548083,0.24183,-0.324034,0.349987,0.180925,0.008981,0.249973,0.611363,-0.407897,0.017935,-0.184787,-0.249392,0.22592,0.383697,-0.391137,0.80507,0.574177,-0.102179,0.160888,0.276426,-0.53454,0.069992,-0.372606,0.001395,0.069992,0.045578,0.1119,0.447443,0.13813,-0.162168,-0.27365,-0.092366,-0.541492,-0.094668,0.345633,-0.331187,-0.250259,-0.228875,-0.141354,0.397996,#
20,-0.327018,-0.327169,-0.326698,-0.373005,-0.610426,0.582617,-0.127904,0.684919,-0.095959,-0.32633,-0.407398,-0.399647,-0.499425,0.116771,0.394286,0.127378,-0.407811,0.274191,0.45212,0.421168,1.0,0.200424,-0.118189,0.142504,-0.009796,0.137175,0.301804,0.218782,-0.96304,-0.407648,0.274191,0.377069,0.650171,-0.075402,-0.162611,-0.166627,0.314541,0.355811,0.14136,-0.124666,0.086854,-0.030519,0.274588,-0.047176,0.0,0.35319,0.078709,-0.402792,-0.215664,-0.213417,0.164538,0.274191,0.0,-0.611814,-0.414551,0.326227,0.115218,0.164538,-0.082095,0.283949,0.170334,0.24994,0.253082,0.257805,-0.042069,0.311335,-0.327163,0.317498,0.194702,0.198972,0.396022,0.511582,-0.32633,0.627264,0.428294,-0.611018,0.517608,0.627264,0.350354,0.277762,0.627264,0.428294,0.428294,-0.166627,0.350354,0.428294,0.207471,0.517608,0.134588,0.428294,0.428294,0.438119,0.405158,0.286797,0.428294,0.362658,-0.009802,0.428294,0.215768,0.428294,-0.303078,0.405158,0.277762,0.627264,0.350354,0.627264,-0.676299,0.215768,0.517608,-0.497225,0.092034,-0.249441,0.517608,0.250117,0.517608,0.250117,0.428294,0.350354,-0.224167,0.03349,0.134588,0.517608,0.277762,0.327179,-0.52851,0.277762,0.627264,0.124198,0.285027,0.134588,0.428294,0.428294,0.359369,-0.327007,0.517608,0.092034,0.0,0.517608,0.322421,0.350354,0.540285,-0.611851,-0.24994,0.298391,0.428294,0.330553,0.627264,-0.261495,0.350354,0.517608,0.277762,0.350354,0.627264,0.428294,0.428294,0.134588,0.332738,-0.399922,-0.22886,0.134588,-0.224167,0.092034,0.250117,0.350354,0.438119,-0.008785,0.150332,0.355286,-0.166627,0.517608,-0.382292,0.273458,0.092034,0.350354,-0.479969,0.350354,0.428294,-0.23415,-0.113599,-0.11032,-0.085083,-0.164966,-0.321018,-0.042362,-0.164966,0.339426,-0.110688,0.215768,0.241321,-0.38577,-0.112041,-0.228893,-0.750806,-0.54705,0.159508,-0.327007,-0.595019,-0.066743,0.418957,-0.249332,#
