0,1.0,-0.027515,0.19259,-0.436585,0.296806,-0.027014,0.485536,0.186846,0.82233,-0.012196,0.188459,0.218759,0.615894,0.365774,0.584008,0.296806,0.210275,0.011138,0.545679,-0.332797,-0.650361,0.65117,-0.200781,0.374725,-0.189301,-0.012838,-0.158829,0.013009,0.218759,-0.207574,-0.177922,0.222341,0.0,-0.497211,-0.350747,-0.247057,0.609901,0.40771,0.296111,-0.184588,-0.247457,-0.218876,-0.040764,0.441103,0.215899,0.422046,0.644527,-0.012178,-0.108101,0.229047,-0.330904,0.341536,0.01991,-0.192196,-0.281704,-0.040453,-0.512312,0.610327,-0.292445,-0.334077,-0.129658,0.01196,0.21815,-0.334077,0.413004,0.373498,0.0,-0.4264,0.297933,0.028194,0.288393,-0.350707,0.0,-0.055142,-0.018227,-0.51714,-0.055142,-0.407671,-0.332797,0.203055,0.434906,-0.499196,0.014394,-0.265665,0.222249,-0.01611,-0.007861,-0.216527,-0.233427,-0.412231,0.580598,-0.241374,0.458503,0.0,0.322315,0.464149,-0.332797,0.0,0.203055,-0.230541,-0.345899,-0.499196,-0.21031,-0.332797,0.386894,0.0,-0.20108,-0.019417,0.357668,-0.332797,-0.498872,-0.332797,0.254898,0.322315,-0.055142,-0.232853,-0.498941,-0.380276,0.028257,-0.808753,-0.332797,0.039845,-0.272978,-0.425184,-0.304107,-0.016182,0.0,0.288393,-0.294652,0.0,0.440629,-0.332797,0.203055,-0.321909,-0.039274,-0.332797,0.0,0.0,0.290083,-0.24427,0.0,-0.265665,-0.332797,-0.239976,-0.496637,0.255416,0.0,-0.378593,-0.584362,-0.498872,0.055222,-0.034261,0.322315,0.34852,0.022792,0.0,0.323969,0.317608,-0.272978,-0.332797,-0.012291,0.0,-0.01611,0.222249,0.22895,0.329558,-0.055142,-0.037124,-0.332797,0.0,-0.203952,0.269114,-0.332797,-0.216829,0.518071,0.19474,-0.018227,0.518071,0.245591,-0.36252,0.007818,0.206585,-0.003613,0.329558,-0.142632,0.245911,0.072334,0.521321,0.080265,0.240813,-0.055142,-0.363681,-0.142632,0.51903,0.399666,-0.210802,-0.142632,-0.229191,0.63464,0.048687,#
1,-0.027515,1.0,0.211264,0.427315,0.172836,-0.098744,-0.367979,-0.327078,0.101999,-0.407856,-0.003814,-0.214833,-0.499208,-0.091953,0.514809,0.172836,-0.499256,0.106857,0.019798,-0.166667,0.348883,0.210688,0.315312,-0.166667,-0.326581,-0.408248,-0.496148,0.373545,0.33278,0.218218,-0.326762,-0.170378,0.0,0.42331,-0.108449,-0.327003,0.463248,0.373545,0.666667,-0.327254,0.210688,-0.327241,0.266538,0.287221,-0.327248,0.151842,0.338788,0.091616,0.353212,-0.211743,0.1592,0.451552,-0.249501,0.264833,-0.649306,0.27742,0.249778,0.360095,-0.65107,0.060193,-0.720571,-0.26149,0.311547,0.060193,-0.121987,0.211244,0.0,0.180199,0.374701,0.440365,-0.28735,0.176279,0.0,0.337506,0.410877,-0.194623,0.337506,0.425063,-0.166667,0.238697,-0.407661,0.375,-0.406217,0.762507,0.229677,0.078818,-0.25,-0.32716,0.249897,0.131513,-0.029331,0.238697,0.093567,0.0,-0.166667,0.355856,-0.166667,0.0,-0.326637,0.534523,0.136364,0.375,0.035544,-0.166667,0.064958,0.0,-0.498124,0.611491,0.626328,-0.166667,-0.249838,-0.166667,-0.325972,-0.166667,0.337506,0.239074,-0.249873,0.131513,-0.249838,0.139039,-0.166667,-0.406727,0.741215,0.116563,0.124914,0.654972,0.0,-0.28735,0.382372,0.0,0.086269,-0.166667,-0.326637,-0.488148,0.064958,-0.166667,0.0,0.0,0.387514,0.476006,0.0,0.185821,0.666667,-0.668454,-0.248719,0.222971,0.0,-0.044757,0.02315,-0.249838,-0.405028,-0.131701,-0.166667,-0.166667,-0.249392,0.0,-0.422079,-0.447039,0.741215,-0.166667,0.394905,0.0,0.078818,0.229677,-0.32716,0.220059,0.337506,-0.979801,-0.166667,0.0,-0.748773,0.169404,-0.166667,-0.023696,-0.368255,0.249897,0.410877,-0.368255,-0.519323,-0.076348,-0.372934,0.531608,-0.344729,-0.660178,0.285721,-0.327154,0.290565,0.275751,0.161941,-0.212319,0.337506,0.20711,0.285721,-0.056563,-0.396882,-0.239152,0.285721,0.023212,-0.00616,0.093633,#
2,0.19259,0.211264,1.0,0.525551,0.168967,0.083444,0.298929,0.040105,-0.094645,0.343336,-0.226795,0.39792,0.202141,0.524196,0.202141,0.168967,-0.653529,0.353004,0.256209,-0.218168,-0.040828,0.516452,-0.069845,-0.218168,0.003968,0.361904,0.208356,-0.383885,0.39792,-0.428473,-0.427733,0.46195,0.0,0.167514,-0.799183,0.515885,-0.246734,0.065356,0.499853,-0.428378,0.035133,0.542523,0.264587,0.22352,0.047675,-0.497509,0.405585,0.344873,-0.285871,-0.068767,-0.532328,0.11733,-0.326599,-0.009777,-0.5879,-0.805876,-0.252073,0.342487,-0.592073,-0.459792,-0.240119,0.200885,-0.054967,-0.459792,0.058618,0.053777,0.0,0.178298,0.107987,-0.35537,-0.269014,-0.529039,0.0,0.179199,-0.326546,-0.080621,0.179199,-0.010062,-0.218168,-0.427571,-0.533631,-0.327252,-0.531741,0.013909,0.05155,-0.113823,-0.327252,-0.428256,-0.427769,-0.077458,-0.248347,-0.427571,0.275452,0.0,-0.218168,0.770677,-0.218168,0.0,-0.427571,-0.233298,-0.533244,-0.327252,-0.20083,-0.218168,-0.126323,0.0,-0.195604,-0.120395,0.348321,-0.218168,0.228487,-0.218168,-0.4267,-0.218168,0.179199,0.050247,-0.327085,-0.532104,-0.327039,-0.530185,-0.218168,-0.10109,0.005412,-0.090777,0.178219,0.74987,0.0,-0.269014,-0.008827,0.0,-0.107617,0.499853,-0.427571,0.19589,-0.126323,-0.218168,0.0,0.0,0.36778,-0.25781,0.0,0.013909,-0.218168,-0.508523,-0.325575,0.250175,0.0,-0.446451,-0.651516,0.228487,-0.165576,0.481285,0.527469,-0.218168,0.266279,0.0,0.349051,0.235414,0.005412,-0.218168,0.228487,0.0,-0.113823,0.05155,-0.428256,0.168642,0.179199,-0.295158,-0.218168,0.0,-0.577498,0.236325,-0.218168,-0.243038,0.303569,0.059563,-0.326546,0.303569,0.194675,-0.03247,0.289746,0.624649,-0.260216,0.168642,-0.401233,-0.428247,0.275233,0.296746,0.40301,0.409309,0.179199,0.152803,-0.401233,-0.202325,-0.561418,-0.096343,-0.401233,-0.211923,0.239954,-0.534041,#
3,-0.436585,0.427315,0.525551,1.0,-0.294435,-0.233858,-0.426025,-0.381773,-0.574861,-0.198143,0.013566,-0.112801,-0.441533,-0.265154,-0.004324,0.397542,-0.389521,-0.158269,0.072864,0.259212,0.382445,0.076829,-0.091742,-0.408067,-0.398627,0.226314,-0.091305,0.142999,0.342556,-0.347789,-0.369699,0.382356,0.0,0.407978,-0.257794,0.06069,-0.420933,0.142999,0.284877,0.083148,0.112033,0.084031,0.089923,-0.466198,-0.358831,-0.341375,-0.103034,-0.166855,-0.245975,-0.103034,-0.247599,0.25795,-0.121567,0.299275,-0.315695,-0.324247,0.10247,-0.174113,-0.303522,-0.093614,-0.315614,-0.14569,0.359065,-0.093614,-0.289908,-0.35417,0.0,0.415434,-0.127351,-0.224569,-0.316376,0.230003,0.0,0.426394,-0.061688,0.302692,0.426394,0.579738,0.259212,-0.329645,-0.590082,0.427315,-0.540844,0.541794,-0.337919,-0.137522,-0.092392,0.081081,0.115542,0.306347,-0.391585,0.140448,-0.22813,0.0,-0.408067,0.40725,0.284877,0.0,-0.329645,0.052566,-0.212082,0.427315,0.071517,0.259212,-0.162863,0.0,0.046485,0.257376,0.27595,0.259212,0.388566,-0.408067,-0.79811,-0.408067,0.426394,0.526252,0.408408,-0.10052,-0.611702,0.324599,0.284877,-0.594993,0.558308,0.666815,0.358988,0.663258,0.0,-0.316376,0.454902,0.0,-0.585837,0.259212,-0.329645,-0.049508,0.239065,0.284877,0.0,0.0,-0.1031,0.40862,0.0,0.541794,0.284877,-0.312131,-0.044915,0.495401,0.0,-0.395603,0.041529,-0.095435,-0.200419,0.549597,0.259212,-0.408067,-0.080167,0.0,-0.283023,-0.514782,0.558308,-0.408067,-0.075579,0.0,-0.137522,-0.337919,-0.339058,-0.209248,0.426394,-0.350975,0.284877,0.0,-0.511064,-0.184709,0.284877,0.022258,-0.388054,0.115542,-0.061688,-0.408675,-0.433911,0.640932,0.12634,0.418805,0.116785,-0.236357,0.419073,-0.372794,0.052946,-0.388701,0.613211,-0.088613,0.426394,0.464285,0.419073,-0.458035,-0.5454,-0.09759,0.419073,0.436606,-0.392592,-0.164678,#
4,0.296806,0.172836,0.168967,-0.294435,1.0,-0.285706,-0.205553,0.144607,0.284075,0.232824,-0.286409,-0.224672,0.299187,0.348156,0.299187,-0.108014,-0.280464,0.281819,-0.428365,0.157899,-0.17029,0.199835,0.585127,0.157899,0.225779,0.229973,0.31281,-0.223794,-0.224672,0.226295,0.253427,-0.313875,0.0,0.172148,-0.223794,0.173189,0.341674,-0.300929,0.115224,-0.425256,-0.519845,0.169621,0.628501,0.631604,0.199035,-0.139629,0.477113,0.282142,0.411507,-0.255906,-0.020381,-0.347478,-0.64476,-0.32466,-0.120659,-0.046938,-0.157598,0.510807,-0.113753,0.066277,0.221407,0.131476,-0.202465,0.066277,0.394605,0.973447,0.0,-0.157537,-0.267613,0.473172,-0.00368,-0.271041,0.0,-0.70676,0.172463,0.15449,-0.70676,-0.254993,0.157899,0.196867,0.306394,-0.659336,-0.473647,0.253815,0.226149,-0.473647,-0.691342,-0.515108,0.253815,-0.487357,-0.359739,-0.526909,0.278714,0.0,0.072548,0.106821,-0.994338,0.0,-0.55586,0.370783,0.004657,-0.659336,-0.417432,0.157899,-0.42746,0.0,-0.400924,0.334025,0.228726,0.157899,0.203677,0.115224,0.194697,0.072548,-0.70676,0.19879,-0.651688,-0.409294,0.172723,-0.418084,-0.994338,0.252348,-0.526909,-0.441725,-0.114134,0.226006,0.0,-0.00368,-0.302303,0.0,0.279588,0.115224,-0.55586,0.321674,-0.42746,-0.994338,0.0,0.0,0.491159,-0.343768,0.0,-0.514028,0.115224,-0.10924,-0.73122,-0.169645,0.0,0.068761,-0.35091,0.172723,-0.445946,-0.348874,0.029873,0.115224,0.104567,0.0,-0.311451,0.63278,-0.526909,0.115224,0.172723,0.0,-0.473647,0.226149,-0.515108,-0.229612,-0.70676,-0.307637,-0.994338,0.0,-0.21285,-0.186351,-0.994338,-0.367376,-0.267235,0.17014,0.172463,0.65855,0.309812,-0.5174,-0.193103,0.310555,-0.207922,-0.184535,-0.407864,0.251951,-0.293878,0.618478,-0.162308,0.528277,-0.70676,-0.175282,-0.407864,0.351396,-0.426323,-0.190596,-0.407864,-0.375628,0.318123,-0.36014,#
5,-0.027014,-0.098744,0.083444,-0.233858,-0.285706,1.0,0.621151,0.095427,0.226229,0.282388,-0.032235,0.382341,-0.004313,0.604794,-0.420846,-0.285706,-0.041232,0.676235,0.056616,-0.408142,0.370339,-0.359426,-0.097011,-0.408142,0.541766,-0.177373,0.054614,-0.242412,-0.06755,0.09481,0.100533,-0.072962,0.0,-0.139266,-0.242412,0.118282,0.003411,-0.242412,0.276483,-0.364506,0.542857,0.08873,0.056275,0.164208,0.526085,-0.201305,-0.091662,0.677008,0.315101,-0.091662,0.364706,-0.285995,0.393072,0.037804,-0.334669,-0.10098,0.611297,-0.062581,-0.347919,-0.090345,-0.303581,-0.114174,-0.535891,-0.090345,-0.242196,-0.349421,0.0,0.415862,0.264283,-0.241314,0.056748,-0.618823,0.0,0.413831,-0.12867,-0.630347,0.413831,-0.28973,-0.408142,0.059545,-0.178065,-0.098744,0.656632,-0.379123,0.542652,0.656632,0.394976,0.094112,-0.379123,-0.185111,0.400838,0.077408,0.219278,0.0,0.250152,-0.114238,0.276483,0.0,0.523995,-0.047023,0.244167,-0.098744,-0.026206,-0.408142,0.246773,0.0,-0.011852,-0.604285,-0.198388,-0.408142,-0.082127,0.276483,0.521836,0.250152,0.413831,-0.801152,-0.084031,-0.185111,0.414456,-0.197225,0.276483,0.656925,0.077408,-0.568129,-0.264867,-0.224205,0.0,0.056748,-0.136434,0.0,0.226836,0.276483,0.523995,0.095295,0.246773,0.276483,0.0,0.0,-0.12959,-0.013138,0.0,0.094654,-0.408142,-0.253152,0.412599,-0.285844,0.0,0.551554,-0.022859,0.414456,0.232563,0.15984,-0.408142,0.276483,-0.130518,0.0,0.658964,0.13022,0.077408,0.276483,0.414456,0.0,0.656632,0.542652,0.094112,0.358972,0.413831,0.088819,0.276483,0.0,0.313821,0.330949,0.276483,0.394958,0.600982,-0.379123,-0.12867,0.050908,-0.025574,-0.495558,0.083797,-0.434461,-0.444184,0.358972,-0.468338,-0.353859,0.553172,0.031203,-0.522669,-0.120297,0.413831,-0.342714,-0.468338,-0.379238,0.221991,0.325886,-0.468338,-0.41165,-0.032602,-0.147404,#
6,0.485536,-0.367979,0.298929,-0.426025,-0.205553,0.621151,1.0,0.280413,0.428218,0.389379,0.005466,0.78026,0.487345,0.583201,-0.023265,-0.205553,-0.00967,0.426325,0.473165,-0.664945,-0.299839,0.32227,-0.287178,0.206585,0.34155,-0.146274,0.049463,-0.375109,0.228759,-0.207089,-0.199514,0.273707,0.0,-0.416671,-0.375109,0.301993,0.024939,0.091638,0.174306,-0.192518,0.342239,0.299418,-0.349148,0.352053,0.32167,-0.064186,0.205045,0.426813,-0.221972,0.205045,-0.131965,0.054794,0.235409,-0.048411,-0.222372,-0.374416,-0.237496,0.220381,-0.246256,-0.296108,-0.083731,0.199812,-0.327527,-0.296108,0.08584,-0.245722,0.0,-0.247041,0.511357,-0.380641,0.02226,-0.595712,0.0,0.260895,-0.404132,-0.580478,0.260895,-0.415145,-0.664945,-0.249637,-0.08801,-0.367979,0.4037,-0.78753,0.342109,0.4037,0.23725,-0.207781,-0.78753,-0.156065,0.52034,-0.227739,0.422835,0.0,0.142027,0.211452,0.174306,0.0,0.319711,-0.549612,-0.186631,-0.367979,-0.055529,-0.664945,0.424997,0.0,-0.032313,-0.610493,-0.165113,-0.664945,-0.347449,0.174306,0.317722,0.142027,0.260895,-0.808097,-0.349817,-0.09702,0.261289,-0.641829,0.174306,0.403556,-0.227739,-0.638877,-0.168838,-0.182423,0.0,0.02226,-0.394907,0.0,0.424143,0.174306,0.319711,-0.000217,-0.099959,0.174306,0.0,0.0,0.180122,-0.508932,0.0,-0.206748,-0.664945,-0.161447,0.260119,-0.194943,0.0,0.05201,-0.519634,0.261289,0.422422,0.065854,0.109748,0.174306,0.209504,0.0,0.961624,0.420181,-0.227739,0.174306,0.261289,0.0,0.4037,0.342109,0.340961,0.603068,0.260895,0.293664,0.174306,0.0,0.19094,0.605199,0.174306,-0.007343,0.992987,-0.281208,-0.404132,0.318676,0.488265,-0.494364,0.348297,-0.039912,-0.317504,0.603068,-0.644674,-0.197638,0.410805,0.310619,-0.227611,0.185184,0.260895,-0.269382,-0.644674,0.003013,0.384079,0.232745,-0.644674,-0.539014,0.501525,-0.059066,#
7,0.186846,-0.327078,0.040105,-0.381773,0.144607,0.095427,0.280413,1.0,-0.106073,0.339692,-0.237832,-0.077523,0.16396,0.50876,0.16396,-0.610252,-0.24082,-0.102522,0.23243,-0.218052,-0.523773,0.022286,-0.509506,-0.218052,0.086214,0.338273,0.274544,-0.308292,-0.57426,0.066616,0.040501,-0.105588,0.0,-0.325777,0.128922,0.511885,-0.172919,0.112106,-0.218052,-0.42815,0.059821,0.516075,0.307292,0.211877,0.035215,0.298274,-0.110071,-0.080634,-0.40634,-0.110071,-0.512654,0.006274,0.248411,-0.504529,0.188963,-0.282295,-0.196483,-0.169602,0.179268,-0.68776,0.279329,0.78789,-0.53964,-0.68776,0.549725,0.194856,0.0,0.153803,-0.093376,-0.36748,0.346704,-0.528757,0.0,-0.326373,-0.326373,-0.261418,-0.326373,-0.794449,-0.218052,0.065745,-0.062747,-0.327078,0.35695,-0.427541,0.045529,0.35695,0.218052,0.056532,-0.427541,0.300322,-0.191868,-0.427343,-0.040805,0.0,0.508788,0.211983,-0.218052,0.0,0.065745,-0.238405,-0.586758,-0.327078,0.173607,-0.218052,-0.069533,0.0,0.183732,-0.533347,-0.100241,-0.218052,-0.326865,0.537861,0.548322,0.508788,-0.326373,0.019755,-0.326911,-0.125134,0.221425,-0.146053,-0.218052,0.384768,-0.427343,-0.118951,0.262628,-0.086507,0.0,0.346704,0.339504,0.0,0.370846,-0.218052,0.065745,0.224628,-0.069533,-0.218052,0.0,0.0,-0.048446,-0.202586,0.0,-0.427541,-0.218052,0.253218,0.187352,-0.640106,0.0,-0.318546,0.196865,0.221425,-0.055363,0.097118,0.479714,-0.218052,0.758606,0.0,0.18407,0.307055,-0.427343,0.537861,0.221425,0.0,0.35695,0.045529,0.056532,0.166026,-0.326373,0.224155,-0.218052,0.0,-0.069541,0.319947,-0.218052,0.217009,0.301486,0.028503,-0.326373,0.301486,0.216478,-0.063262,-0.254438,-0.253016,-0.25524,0.166026,-0.417421,0.065849,0.272862,0.325666,-0.068605,-0.07152,-0.326373,0.150219,-0.417421,0.267023,-0.114457,-0.033896,-0.417421,-0.23991,0.204694,-0.533757,#
8,0.82233,0.101999,-0.094645,-0.574861,0.284075,0.226229,0.428218,-0.106073,1.0,-0.241449,0.399526,0.131278,0.42767,0.242038,0.42767,0.284075,0.390059,0.190537,0.351688,-0.271998,-0.338065,0.379716,0.108985,0.434151,-0.071063,-0.265862,-0.378306,0.263589,0.131278,-0.089032,-0.059642,0.090621,0.0,-0.406375,-0.129715,-0.533666,0.818235,0.263589,0.407997,-0.066117,-0.095105,-0.534054,-0.117872,0.470269,0.33359,0.352439,0.554228,0.166506,0.396779,0.104998,0.261811,0.18511,0.109922,0.093907,-0.375683,0.345193,-0.112262,0.592191,-0.383427,0.117128,-0.195993,-0.388699,0.095987,0.117128,0.280119,0.346756,0.0,-0.440115,0.345863,0.281019,0.290089,-0.20416,0.0,0.071844,0.071844,-0.623028,0.071844,-0.157225,-0.271998,0.320551,0.581195,-0.407997,0.160978,-0.115029,0.37483,0.160978,0.082384,-0.098028,-0.115029,-0.663393,0.78889,-0.123016,0.635275,0.0,0.381843,0.086495,-0.271998,0.0,0.320551,-0.019826,0.229678,-0.407997,-0.42538,-0.271998,0.562858,0.0,-0.421157,0.157858,0.12901,-0.271998,-0.407732,-0.271998,0.372054,0.381843,0.071844,-0.533911,-0.407789,-0.232825,0.118374,-0.661,-0.271998,0.186564,-0.123016,-0.665803,-0.362528,-0.254501,0.0,0.290089,-0.424333,0.0,0.617501,-0.271998,0.320551,-0.453267,0.137518,-0.271998,0.0,0.0,0.157429,-0.034918,0.0,-0.115029,-0.271998,-0.345331,-0.405906,0.185942,0.0,0.146086,-0.403591,-0.407732,0.201298,-0.182995,-0.271998,0.407997,-0.407004,0.0,0.281793,0.301865,-0.123016,-0.271998,0.118374,0.0,0.160978,0.37483,0.346584,0.269351,0.071844,-0.124514,-0.271998,0.0,0.079203,0.193648,-0.271998,-0.007065,0.423424,-0.115029,0.071844,0.423424,0.021379,-0.643761,-0.08193,0.026159,-0.125021,0.269351,-0.116571,0.36351,-0.015199,0.418446,-0.176191,0.118794,0.071844,-0.418053,-0.116571,0.311546,0.553684,0.097574,-0.116571,-0.435638,0.433614,0.195838,#
9,-0.012196,-0.407856,0.343336,-0.198143,0.232824,0.282388,0.389379,0.339692,-0.241449,1.0,-0.815048,0.510566,0.388247,0.667199,-0.455118,-0.459299,-0.405555,0.602241,-0.412293,-0.271904,0.096955,-0.120884,0.100334,-0.271904,0.825307,0.150182,0.866149,-0.996027,0.055112,0.373458,0.378772,-0.369751,0.0,0.070095,-0.595149,0.793341,-0.405254,-0.610568,-0.271904,-0.53389,-0.086468,0.79161,0.355776,0.33777,0.38515,-0.412233,0.062315,0.615708,-0.20786,0.062315,-0.375835,-0.5921,-0.407042,-0.657372,0.199273,-0.661049,-0.08171,0.057595,0.187442,-0.363918,0.130619,0.580969,-0.368321,-0.363918,-0.214622,0.135763,0.0,0.244573,-0.069349,-0.155335,-0.277291,-0.659345,0.0,-0.406977,0.081208,0.155644,-0.406977,-0.637127,-0.271904,-0.114936,-0.266181,-0.407856,0.118889,-0.533132,0.363569,-0.284519,-0.407856,-0.533738,-0.10679,0.099819,-0.423151,-0.114936,-0.298313,0.0,-0.271904,0.086465,-0.271904,0.0,-0.114936,-0.029534,-0.388227,-0.407856,0.338444,-0.271904,-0.664748,0.0,0.352667,-0.665069,0.136747,-0.271904,0.128645,0.421185,0.325804,-0.271904,-0.406977,-0.123168,-0.407648,-0.290278,0.631367,-0.308825,-0.271904,0.559459,-0.532884,-0.285246,-0.453421,0.108749,0.0,-0.277291,-0.376019,0.0,-0.279116,0.421185,-0.114936,0.811813,-0.664748,-0.271904,0.0,0.0,0.47174,-0.813994,0.0,-0.533132,-0.271904,0.218652,0.064373,-0.350514,0.0,0.080177,-0.450981,0.631367,-0.308825,-0.207201,0.367871,0.421185,0.587859,0.0,0.411191,0.475035,-0.532884,0.421185,0.09513,0.0,-0.284519,0.363569,-0.533738,0.177745,-0.406977,0.269238,-0.271904,0.0,0.048127,0.112757,-0.271904,-0.442289,0.353669,0.311352,0.081208,0.353669,0.802146,-0.228353,0.336682,-0.059624,-0.166637,0.177745,-0.710621,-0.533727,0.314474,0.325898,-0.489415,0.488542,-0.406977,-0.521646,-0.710621,0.125978,-0.273778,-0.373425,-0.710621,-0.049378,0.382063,-0.220576,#
10,0.188459,-0.003814,-0.226795,0.013566,-0.286409,-0.032235,0.005466,-0.237832,0.399526,-0.815048,1.0,-0.186416,-0.192048,-0.428927,0.210134,0.373708,0.609742,-0.406493,0.562055,0.353401,-0.193925,0.234348,-0.174932,0.353401,-0.65263,-0.006228,-0.639734,0.816639,-0.186416,-0.65412,-0.210274,0.6458,0.0,-0.497606,0.434299,-0.653474,0.200803,0.40305,0.327977,0.677687,0.217252,-0.65395,-0.46463,-0.447877,-0.248761,0.309984,-0.211893,-0.419145,0.081101,-0.211893,0.346312,0.357704,0.470875,0.52569,-0.261943,0.494642,-0.01596,-0.207641,-0.246545,0.386574,0.007328,-0.494631,0.230667,0.386574,0.43979,-0.209656,0.0,-0.327119,-0.093293,0.005205,0.262275,0.365061,0.0,0.490905,-0.498516,-0.365179,0.490905,0.455748,0.353401,-0.221541,0.436411,-0.003814,0.037273,0.202238,-0.212024,0.422025,0.472897,0.642865,-0.204388,-0.385554,0.60806,-0.204293,0.450566,0.0,0.302552,-0.018827,0.327977,0.0,0.226908,-0.184577,0.373048,-0.003814,-0.571485,0.353401,0.800933,0.0,-0.146757,0.405317,-0.428281,0.353401,-0.001352,-0.333062,-0.194744,0.302552,0.490905,-0.213254,0.510229,0.033011,-0.499268,0.045463,0.327977,-0.383248,0.194328,0.008891,0.364456,-0.414406,0.0,0.262275,0.178529,0.0,0.432778,-0.333062,0.226908,-0.58263,0.800933,0.327977,0.0,0.0,-0.6184,0.571547,0.0,0.659692,-0.333062,-0.273622,0.041046,0.233236,0.0,-0.035504,0.221067,-0.499268,0.460444,0.417155,-0.333062,-0.333062,-0.498377,0.0,-0.029852,-0.07608,0.194328,-0.333062,0.012171,0.0,0.422025,-0.212024,0.642865,-0.306321,0.490905,0.133294,0.327977,0.0,0.267261,-0.218564,0.327977,0.625886,0.034599,-0.653045,-0.498516,0.055027,-0.580477,0.11142,0.08976,-0.174605,0.035058,0.418779,0.434767,0.659149,-0.475015,-0.474426,0.370085,-0.151222,0.490905,0.393097,0.434767,-0.359486,0.413354,0.687231,0.434767,-0.176692,-0.174868,-0.004183,#
11,0.218759,-0.214833,0.39792,-0.112801,-0.224672,0.382341,0.78026,-0.077523,0.131278,0.510566,-0.186416,1.0,0.223561,0.344028,-0.22067,-0.224672,-0.196414,0.542618,0.186479,-0.508297,0.060622,0.418222,0.071724,0.249936,0.434718,-0.385214,0.25203,-0.542916,0.520193,-0.042284,-0.035933,0.158801,0.0,-0.257613,-0.542916,0.400481,-0.231322,-0.136846,0.221853,-0.029638,0.435594,0.398341,-0.395622,0.205804,-0.029862,-0.217138,0.053517,0.543239,-0.329077,0.053517,-0.155046,-0.04996,-0.245339,-0.153676,-0.244917,-0.396776,-0.321764,0.10072,-0.262641,-0.029413,-0.275202,0.253946,0.036672,-0.029413,-0.147992,-0.275798,0.0,-0.263724,0.456156,-0.073799,-0.565678,-0.348025,0.0,0.332062,-0.246513,-0.259068,0.332062,-0.105386,-0.508297,-0.555875,-0.359407,-0.214833,0.062623,-0.547495,0.43543,0.062623,-0.214833,-0.511001,-0.547495,0.035455,0.217947,-0.060541,0.065691,0.0,-0.508297,0.289213,0.221853,0.0,-0.060541,-0.268353,-0.124075,-0.214833,0.161302,-0.508297,0.093631,0.0,0.181717,-0.359407,0.027972,-0.508297,-0.19704,0.221853,-0.090682,-0.508297,0.332062,-0.565235,-0.199085,0.086824,0.332564,-0.387778,0.221853,0.047972,-0.060541,-0.38397,-0.296437,0.012087,0.0,-0.565678,-0.405102,0.0,0.073095,0.221853,-0.060541,0.205439,-0.363082,0.221853,0.0,0.0,0.474111,-0.667443,0.0,-0.042215,-0.508297,-0.28677,0.331074,-0.11593,0.0,0.045248,-0.681244,0.332564,0.079756,-0.139401,0.165688,0.221853,0.287322,0.0,0.755798,0.318481,-0.060541,0.221853,0.332564,0.0,0.062623,0.43543,-0.033595,0.455146,0.332062,0.160763,0.221853,0.0,0.028855,0.359103,0.221853,-0.245945,0.754608,-0.106994,-0.246513,0.167957,0.629346,-0.263933,0.721937,0.169859,-0.373038,0.455146,-0.530774,-0.511171,0.255402,0.122687,-0.28248,0.481851,0.332062,-0.298647,-0.530774,-0.196927,0.083375,0.051378,-0.530774,-0.258721,0.6465,0.120468,#
12,0.615894,-0.499208,0.202141,-0.441533,0.299187,-0.004313,0.487345,0.16396,0.42767,0.388247,-0.192048,0.223561,1.0,0.370847,0.177415,0.299187,0.200849,0.036797,0.132191,-0.332806,-0.639513,0.221404,-0.177471,0.369206,0.2133,0.378942,0.198196,-0.35754,0.223561,-0.211064,-0.181634,0.173186,0.0,-0.03263,-0.35754,0.187407,0.244608,0.018422,-0.332806,-0.188256,-0.653442,0.208893,-0.094502,0.447465,0.657305,-0.223078,0.646114,0.029624,-0.077523,0.646114,-0.300014,-0.075805,0.015863,-0.059725,0.271988,-0.462653,-0.485678,0.615686,0.257307,-0.311757,0.484616,-0.012609,-0.206867,-0.311757,0.019665,0.220096,0.0,-0.418261,0.145927,-0.367752,0.46471,-0.354281,0.0,-0.498132,-0.021976,0.085013,-0.498132,-0.432916,-0.332806,0.196378,0.425159,-0.499208,0.007945,-0.652543,-0.201518,-0.385522,-0.0117,-0.219944,-0.236707,-0.431216,0.216886,-0.24459,0.429145,0.0,0.317205,-0.017009,-0.332806,0.0,0.196378,-0.600386,-0.31626,-0.499208,-0.232145,-0.332806,0.023768,0.0,-0.223202,-0.384757,-0.031874,-0.332806,0.02414,-0.332806,0.247828,0.317205,-0.498132,-0.252829,-0.498954,-0.383655,0.02414,-0.808773,-0.332806,0.439272,-0.65224,-0.443693,-0.274662,-0.058387,0.0,0.46471,-0.739808,0.0,0.061715,0.343206,0.196378,0.115892,-0.399081,-0.332806,0.0,0.0,0.188748,-0.593708,0.0,-0.652543,-0.332806,0.377659,-0.49665,0.256408,0.0,-0.139645,-0.587576,0.02414,0.39175,-0.029511,0.291205,0.343206,-0.001945,0.0,0.510003,0.485778,-0.65224,-0.332806,-0.498884,0.0,-0.385522,-0.201518,0.222063,0.284937,-0.498132,0.386389,-0.332806,0.0,0.207231,0.294564,-0.332806,-0.577775,0.484137,0.171133,-0.021976,0.484137,0.628556,-0.382724,-0.021979,0.186137,0.427839,0.284937,-0.432359,0.238892,0.036263,0.519237,0.073143,0.214496,-0.498132,-0.402681,-0.432359,0.630472,0.389862,-0.188407,-0.432359,-0.250582,0.236581,0.041943,#
13,0.365774,-0.091953,0.524196,-0.265154,0.348156,0.604794,0.583201,0.50876,0.242038,0.667199,-0.428927,0.344028,0.370847,1.0,-0.050768,-0.343856,-0.434644,0.697523,0.023746,-0.407791,-0.054049,0.059572,-0.073778,-0.407791,0.558821,0.225238,0.461361,-0.643357,-0.111352,0.106436,0.112211,-0.122896,0.0,-0.133001,-0.643357,0.526516,0.019399,-0.25796,0.285187,-0.800707,0.093982,0.524591,0.553729,0.552506,0.542971,-0.209673,0.321684,0.698321,0.055414,-0.136123,-0.271393,-0.319903,-0.083488,-0.460592,-0.369388,-0.546031,0.121641,0.293687,-0.382378,-0.555416,-0.143399,0.386237,-0.553095,-0.555416,0.148911,0.282435,0.0,0.365772,0.075758,-0.224717,0.058974,-0.988859,0.0,-0.122261,-0.122261,-0.482417,-0.122261,-0.728306,-0.407791,0.070719,-0.167199,-0.611687,0.223875,-0.373296,0.559735,0.223875,-0.111943,-0.356262,-0.373296,-0.231726,-0.017355,-0.381317,0.234921,0.0,0.258534,0.386368,-0.407791,0.0,0.070719,-0.031666,-0.367811,-0.611687,-0.06745,-0.407791,-0.179145,0.0,-0.05365,-0.598619,0.208977,-0.407791,-0.075138,0.285187,0.538629,0.258534,-0.122261,-0.389969,-0.611375,-0.621761,0.427503,-0.639109,-0.407791,0.677948,-0.381317,-0.617934,-0.273145,0.193024,0.0,0.058974,-0.167505,0.0,0.242611,0.285187,0.070719,0.413558,-0.179145,-0.407791,0.0,0.0,0.322591,-0.426558,0.0,-0.373296,-0.407791,-0.261061,-0.138488,-0.321932,0.0,0.042945,-0.440358,0.427503,-0.204078,0.123879,0.231881,0.285187,0.384366,0.0,0.53569,0.537066,-0.381317,0.285187,0.427503,0.0,0.223875,0.559735,-0.356262,0.312324,-0.122261,-0.04829,-0.407791,0.0,-0.147349,0.328527,-0.407791,-0.027662,0.565218,0.044779,-0.122261,0.565218,0.377928,-0.550035,0.04241,-0.04639,-0.488805,0.312324,-0.768763,-0.347712,0.511906,0.549552,-0.357877,0.324082,-0.122261,-0.397099,-0.768763,0.041948,-0.214053,-0.111866,-0.768763,-0.456391,0.384859,-0.553278,#
14,0.584008,0.514809,0.202141,-0.004324,0.299187,-0.420846,-0.023265,0.16396,0.42767,-0.455118,0.210134,-0.22067,0.177415,-0.050768,1.0,0.299187,-0.198017,-0.396623,0.549768,-0.332806,-0.621825,0.657778,-0.177471,0.369206,-0.652128,-0.035028,-0.610068,0.440752,0.223561,-0.211064,-0.652489,0.227744,0.0,0.048169,0.049752,-0.266344,0.62677,0.816714,0.343206,-0.188256,-0.217068,-0.239524,-0.035533,0.447465,-0.23908,0.419583,0.646114,-0.409539,-0.077523,0.199516,-0.300014,0.78323,0.015863,0.241799,-0.32775,0.088932,-0.485678,0.615686,-0.338164,-0.311757,-0.16487,-0.012609,0.220284,-0.311757,0.415496,0.375882,0.0,-0.418261,0.444462,0.050626,0.270459,0.116573,0.0,-0.021976,0.037543,-0.23075,-0.021976,0.05968,-0.332806,0.247334,0.0361,0.0078,-0.385522,0.231109,-0.201518,0.007945,-0.0117,-0.219944,-0.184727,0.005222,0.216886,-0.193634,0.479747,0.0,0.317205,0.474354,-0.332806,0.0,-0.211273,-0.156919,-0.31626,0.0078,-0.18409,-0.332806,0.407004,0.0,-0.612681,0.441993,0.412084,-0.332806,-0.498884,-0.332806,-0.183899,0.317205,-0.021976,0.206503,-0.498954,0.052783,-0.498884,-0.367419,-0.332806,-0.372894,0.214016,-0.018184,0.365327,0.447634,0.0,0.270459,0.183779,0.0,0.461614,-0.332806,-0.211273,-0.680645,-0.015845,-0.332806,0.0,0.0,0.293534,0.197187,0.0,-0.236707,0.343206,-0.286874,-0.49665,0.256408,0.0,-0.539029,-0.165041,-0.498884,0.048474,-0.029511,0.291205,-0.332806,-0.001945,0.0,-0.143663,-0.109185,0.214016,-0.332806,0.02414,0.0,0.007945,-0.201518,0.222063,0.374195,-0.021976,-0.558284,-0.332806,0.0,-0.636401,0.453128,-0.332806,-0.193331,0.008878,0.223112,0.037543,0.008878,-0.192123,-0.124663,-0.492579,0.63868,-0.007171,-0.339865,0.147089,0.238892,0.114833,0.579695,0.542318,-0.201247,-0.021976,0.348944,0.147089,0.51576,0.000399,-0.188407,0.147089,-0.203507,0.236581,0.014816,#
15,0.296806,0.172836,0.168967,0.397542,-0.108014,-0.285706,-0.205553,-0.610252,0.284075,-0.459299,0.373708,-0.224672,0.299187,-0.343856,0.299187,1.0,0.37421,-0.350526,0.28338,0.157899,-0.141257,0.199835,-0.133002,0.157899,-0.527934,0.229973,-0.418191,0.444708,0.50446,-0.500084,-0.433533,0.492052,0.0,0.172148,-0.197054,-0.571568,0.341674,0.367573,0.115224,0.282806,-0.490002,-0.536942,-0.210328,-0.211033,0.199035,-0.095678,0.477113,-0.383226,0.087167,0.477113,-0.020381,0.370806,0.13874,0.510488,-0.120659,-0.010724,-0.126224,0.414916,-0.113753,0.066277,-0.045097,-0.723116,0.527847,0.066277,-0.255088,-0.134568,0.0,-0.157537,0.044203,-0.160703,0.315157,0.330049,0.0,0.172463,0.172463,0.15449,0.172463,0.47267,0.157899,0.196867,0.306394,0.172836,-0.352557,0.253815,-0.468871,-0.352557,0.140829,0.224599,0.253815,-0.367967,0.343217,0.225818,0.278714,0.0,0.072548,0.106821,0.115224,0.0,0.196867,-0.235782,0.004657,0.172836,-0.299119,0.157899,0.280185,0.0,-0.281062,0.334025,0.228726,0.157899,0.203677,-0.994338,-0.469624,0.072548,0.172463,0.19879,0.203824,-0.289904,-0.632081,-0.257104,0.115224,-0.372513,0.225818,0.256678,-0.070365,0.226006,0.0,0.315157,-0.216497,0.0,-0.335758,0.115224,0.196867,-0.462756,0.280185,0.115224,0.0,0.0,-0.196794,0.343474,0.0,0.253815,0.115224,-0.065611,-0.580692,0.975462,0.0,-0.288796,-0.235323,-0.632081,0.278465,0.368494,0.029873,0.115224,-0.673696,0.0,-0.107092,-0.343754,0.225818,-0.994338,-0.632081,0.0,-0.352557,-0.468871,0.224599,-0.083112,0.172463,-0.093772,0.115224,0.0,-0.120538,-0.142975,0.115224,-0.249064,-0.155797,0.17014,0.172463,-0.121508,-0.318792,0.245016,-0.082758,0.354247,0.659074,-0.038033,0.54321,0.251951,-0.16492,-0.125756,0.607766,-0.154096,0.172463,-0.030144,0.54321,0.163116,0.298148,-0.140842,0.54321,0.319759,-0.296989,0.307738,#
16,0.210275,-0.499256,-0.653529,-0.389521,-0.280464,-0.041232,-0.00967,-0.24082,0.390059,-0.405555,0.609742,-0.196414,0.200849,-0.434644,-0.198017,0.37421,1.0,-0.393741,0.144971,0.373181,-0.204532,-0.195726,-0.168092,0.347966,-0.206856,0.003088,-0.213127,0.436673,-0.196414,-0.224496,0.259407,0.184776,0.0,-0.49727,0.436673,-0.653033,0.207046,0.011303,-0.332837,0.683858,-0.21268,-0.653509,-0.4553,-0.458988,0.182991,0.332197,-0.221679,-0.405483,0.106506,0.211427,0.346828,-0.063116,0.463218,0.153518,0.401492,0.517803,0.006132,-0.217915,0.412928,0.393402,0.329468,-0.475448,0.251071,0.393402,0.058442,-0.203763,0.0,-0.320722,-0.244772,0.026529,0.447772,0.369596,0.0,0.021312,-0.036409,-0.047112,0.021312,0.07625,0.373181,0.170678,0.819368,-0.007564,0.4124,-0.191167,-0.215225,0.03082,0.465215,0.64849,0.212106,-0.388525,0.595503,0.187784,0.04813,0.0,0.297536,-0.498969,0.322751,0.0,0.615429,-0.174968,0.375472,-0.007564,-0.201471,0.373181,0.416507,0.0,0.240065,0.033921,-0.430914,0.373181,0.013168,-0.332837,0.220614,0.297536,0.021312,-0.200264,0.520603,0.026589,0.008291,0.054509,0.322751,0.007573,-0.207551,0.017635,-0.256816,-0.80971,0.0,0.447772,-0.257525,0.0,0.035239,-0.332837,0.615429,-0.239721,0.431695,0.322751,0.0,0.0,-0.607764,0.213094,0.0,0.262515,-0.332837,0.375371,0.036944,0.258299,0.0,0.176054,0.226599,-0.498931,0.450519,0.04311,-0.332837,0.322751,-0.498041,0.0,-0.013932,-0.046286,-0.207551,-0.332837,-0.498931,0.0,0.03082,-0.215225,0.632614,-0.326268,0.021312,0.611889,0.322751,0.0,0.70738,-0.392124,0.322751,0.255603,0.019246,-0.249331,-0.036409,0.059765,-0.158565,0.120897,0.094035,-0.567753,0.521539,0.419487,0.440908,0.664946,-0.489414,-0.485511,-0.0546,-0.143772,0.021312,-0.249349,0.440908,0.079583,0.807302,0.27543,0.440908,0.197359,-0.180975,0.410605,#
17,0.011138,0.106857,0.353004,-0.158269,0.281819,0.676235,0.426325,-0.102522,0.190537,0.602241,-0.406493,0.542618,0.036797,0.697523,-0.396623,-0.350526,-0.393741,1.0,-0.383314,-0.27176,0.534701,-0.090764,0.514136,-0.27176,0.793768,-0.245588,0.445124,-0.598724,0.126502,0.347181,0.35543,-0.323948,0.0,0.065436,-0.629245,0.352287,-0.005655,-0.598724,0.414237,-0.533607,0.317993,0.324689,0.374767,0.468332,0.393521,-0.430171,0.134081,0.999153,0.413489,-0.319114,0.259585,-0.562761,-0.406827,-0.279426,-0.463368,-0.238274,0.388999,0.20408,-0.470479,0.098149,-0.370098,0.042901,-0.342601,0.098149,-0.222082,0.186359,0.0,0.293826,0.124779,0.247952,-0.457172,-0.658996,0.0,0.076427,0.095012,-0.317345,0.076427,-0.240323,-0.27176,-0.10302,-0.254726,-0.40764,0.097804,-0.110871,0.797593,0.082447,-0.40764,-0.533455,-0.094641,-0.322133,-0.025538,-0.10302,0.109118,0.0,-0.27176,0.091214,-0.27176,0.0,-0.10302,0.349436,0.22235,-0.40764,-0.068647,-0.27176,-0.2755,0.0,-0.05976,-0.26991,0.152001,-0.27176,0.123374,0.361468,0.302566,-0.27176,0.076427,-0.533445,-0.407433,-0.322133,0.603089,-0.338872,-0.27176,0.533427,-0.118931,-0.665222,-0.497281,0.109118,0.0,-0.457172,-0.381421,0.0,0.093843,0.414237,-0.10302,0.473345,-0.2755,-0.27176,0.0,0.0,0.476114,-0.435879,0.0,-0.110871,-0.27176,-0.453474,0.023982,-0.290451,0.0,0.542739,-0.481731,0.582676,-0.312076,-0.207165,-0.27176,0.440621,0.037506,0.0,0.41002,0.456463,-0.118931,0.361468,0.582676,0.0,0.082447,0.797593,-0.533455,0.182023,0.076427,-0.192742,-0.27176,0.0,0.019866,0.082826,-0.27176,-0.083651,0.356807,-0.094641,0.095012,0.356807,0.36024,-0.643199,0.339796,-0.033455,-0.626983,0.182023,-0.681866,-0.533445,0.318155,0.299792,-0.670454,0.491193,0.076427,-0.536326,-0.681866,-0.308811,-0.261552,0.015854,-0.681866,-0.416884,0.364404,-0.207837,#
18,0.545679,0.019798,0.256209,0.072864,-0.428365,0.056616,0.473165,0.23243,0.351688,-0.412293,0.562055,0.186479,0.132191,0.023746,0.549768,0.28338,0.144971,-0.383314,1.0,-0.329972,-0.577794,0.593207,-0.712318,0.197983,-0.646575,0.03233,-0.563608,0.398883,0.186479,-0.648051,-0.646932,0.710856,0.0,-0.492989,0.001908,-0.222164,0.164465,0.812398,0.356369,0.156793,0.274416,-0.192614,-0.450176,-0.117585,-0.210356,0.420348,0.160978,-0.396406,-0.493368,0.178418,-0.37268,0.77659,0.552127,0.281479,-0.351799,-0.090033,-0.405318,0.087833,-0.361933,-0.433786,-0.215576,0.018073,0.190429,-0.433786,0.387067,-0.352324,0.0,-0.252793,0.404835,-0.470641,0.299623,-0.073546,0.0,0.554319,-0.49389,-0.582606,0.554319,-0.007694,-0.329972,-0.181072,-0.03988,0.039597,0.111874,-0.224796,-0.189054,0.511353,0.554352,0.284998,-0.646986,0.073851,0.601603,-0.163164,0.406557,0.0,0.356369,0.534247,0.382767,0.0,0.30245,-0.585893,-0.406765,0.039597,-0.114468,-0.329972,0.79268,0.0,-0.104086,-0.089256,0.019744,-0.329972,-0.494636,-0.329972,-0.152254,0.356369,0.554319,-0.207267,0.054842,-0.022723,-0.494636,-0.336553,0.382767,-0.341426,0.250715,0.048924,0.366536,0.044953,0.0,0.299623,0.290564,0.0,0.389418,-0.329972,0.30245,-0.642967,0.474673,0.382767,0.0,0.0,-0.228799,0.256608,0.0,0.268436,-0.329972,-0.295306,0.08774,0.254272,0.0,-0.589799,-0.110914,-0.494636,0.437088,0.509165,0.356369,-0.329972,0.051844,0.0,0.415087,-0.173693,0.250715,-0.329972,0.03638,0.0,0.511353,-0.189054,0.617413,0.373813,0.554319,0.01908,0.382767,0.0,-0.238838,0.453551,0.382767,0.300245,0.549464,-0.198409,-0.49389,-0.023198,-0.252102,0.154179,0.015752,0.161123,-0.016987,0.373813,0.164046,0.157443,0.214,0.004131,0.555735,-0.255112,0.554319,0.348752,0.164046,0.018477,0.362463,0.217801,0.164046,-0.13511,0.180976,-0.06091,#
19,-0.332797,-0.166667,-0.218168,0.259212,0.157899,-0.408142,-0.664945,-0.218052,-0.271998,-0.271904,0.353401,-0.508297,-0.332806,-0.407791,-0.332806,0.157899,0.373181,-0.27176,-0.329972,1.0,0.218052,-0.218159,0.237867,-0.111111,-0.217721,0.408248,0.238585,0.262419,-0.508297,-0.218218,0.498741,0.125542,0.0,-0.166004,0.262419,-0.218002,-0.332387,-0.407017,-0.111111,0.518152,-0.218159,-0.218161,0.242308,-0.652333,-0.218165,-0.052815,-0.508183,-0.272071,0.093378,-0.508183,0.148587,-0.404932,-0.166334,-0.102216,0.167148,0.257475,0.150809,-0.528139,0.204257,0.441415,0.320254,-0.158479,0.222325,0.441415,0.271083,0.183505,0.0,0.163038,-0.909989,0.253904,-0.031929,0.332494,0.0,-0.166307,-0.166307,0.389246,-0.166307,0.283375,1.0,-0.217758,0.407661,-0.166667,-0.270812,0.508338,-0.218077,-0.270812,-0.166667,0.481481,0.508338,-0.270996,-0.332415,-0.217758,-0.270306,0.0,-0.111111,-0.166571,-0.111111,0.0,-0.217758,0.356348,0.242424,-0.166667,-0.331739,1.0,-0.271643,0.0,0.348086,0.407661,-0.271611,1.0,0.639369,-0.111111,-0.217315,-0.111111,-0.166307,0.494925,0.642529,-0.270996,-0.166558,0.415103,-0.111111,-0.271151,-0.217758,0.388544,0.10519,-0.270306,0.0,-0.031929,0.211952,0.0,-0.27113,-0.111111,-0.217758,0.31047,0.397622,-0.111111,0.0,0.0,-0.502333,0.317338,0.0,0.508338,-0.111111,0.100486,-0.165812,0.084941,0.0,0.0,0.324095,-0.166558,-0.270019,0.271384,-0.111111,-0.111111,-0.166261,0.0,-0.639514,0.074506,-0.217758,-0.111111,-0.166558,0.0,-0.270812,-0.218077,-0.218107,-0.990267,-0.166307,0.256997,-0.111111,0.0,0.263457,-0.951266,-0.111111,0.339637,-0.663976,-0.217859,-0.166307,0.228765,-0.323734,0.458088,0.220998,-0.323778,0.204284,0.183383,0.42858,0.494925,-0.807123,-0.660809,0.133666,0.27333,-0.166307,0.174408,0.42858,-0.391227,-0.24325,0.239153,0.42858,0.324967,-0.332624,-0.271983,#
20,-0.650361,0.348883,-0.040828,0.382445,-0.17029,0.370339,-0.299839,-0.523773,-0.338065,0.096955,-0.193925,0.060622,-0.639513,-0.054049,-0.621825,-0.141257,-0.204532,0.534701,-0.577794,0.218052,1.0,-0.51102,0.51023,-0.508788,0.40752,-0.356077,0.186577,-0.112807,0.079728,0.409212,0.409505,-0.382462,0.0,0.325777,-0.146439,-0.042032,-0.238662,-0.550722,0.247125,-0.053519,0.428131,-0.072513,0.243044,-0.227163,-0.035215,-0.328217,-0.387097,0.53393,0.43396,-0.406304,0.513765,-0.441945,-0.248411,0.014184,-0.245036,0.182662,0.752227,-0.327896,-0.234942,0.446257,-0.474857,-0.2712,0.06047,0.446257,-0.567458,-0.22054,0.0,0.578166,-0.131894,0.368173,-0.563915,0.060001,0.0,0.346851,0.326373,0.071295,0.346851,0.36121,0.218052,-0.065745,-0.381709,0.327078,0.039661,0.445426,0.429183,0.056583,-0.218052,-0.056532,0.427541,0.072995,-0.22666,0.427343,-0.404242,0.0,-0.508788,-0.213304,0.218052,0.0,-0.065745,0.6527,0.515395,0.327078,0.196341,0.218052,-0.351788,0.0,0.191061,0.105624,0.09918,0.218052,0.326865,0.188978,-0.113146,-0.508788,0.346851,-0.038412,0.326911,0.072995,0.305777,0.515139,0.218052,0.02456,0.444875,0.101667,-0.292446,0.085419,0.0,-0.563915,0.11017,0.0,-0.407393,0.218052,-0.065745,0.275525,0.086015,0.218052,0.0,0.0,0.029668,0.218593,0.0,0.445426,0.218052,-0.310378,0.30568,-0.054453,0.0,0.574632,0.181721,0.305777,-0.392813,-0.098162,-0.508788,0.218052,-0.271902,0.0,-0.217538,-0.276593,0.444875,0.188978,0.328271,0.0,0.056583,0.429183,-0.514172,-0.21401,0.346851,-0.278792,0.218052,0.0,0.039306,-0.349498,0.218052,0.187041,-0.337985,-0.047505,0.326373,-0.337985,-0.264716,0.044394,0.218296,-0.204932,-0.300675,-0.21401,0.10591,-0.53228,0.107286,-0.39197,-0.445263,0.039592,0.346851,-0.197757,0.10591,-0.625932,-0.332205,0.019555,0.10591,0.222702,-0.259494,0.096251,#
21,0.65117,0.210688,0.516452,0.076829,0.199835,-0.359426,0.32227,0.022286,0.379716,-0.120884,0.234348,0.418222,0.221404,0.059572,0.657778,0.199835,-0.195726,-0.090764,0.593207,-0.218159,-0.51102,1.0,-0.032881,0.528962,-0.427481,-0.095163,-0.211909,0.065828,0.418222,-0.428457,-0.427717,0.500543,0.0,-0.325938,-0.349017,0.016356,0.192808,0.497957,0.499077,0.066748,0.034644,0.047418,-0.236791,0.251135,-0.428353,0.213552,0.425994,-0.104091,-0.422701,-0.047839,-0.475577,0.546996,-0.326586,-0.009914,-0.474121,-0.196732,-0.780485,0.411946,-0.479103,-0.169454,-0.23257,0.200338,0.417637,-0.169454,0.497257,0.250109,0.0,-0.569604,0.3189,0.088778,-0.268788,-0.047181,0.0,0.178659,-0.326534,-0.247775,0.178659,0.086017,-0.218159,-0.427554,-0.076752,-0.327239,-0.531721,0.013443,0.051042,-0.114259,-0.327239,-0.428239,-0.427752,-0.094755,0.198274,-0.427554,0.374138,0.0,-0.218159,0.748186,-0.218159,0.0,-0.427554,-0.233731,-0.404261,-0.327239,-0.217965,-0.218159,0.323273,0.0,-0.212965,0.336033,0.330268,-0.218159,-0.327027,-0.218159,-0.426683,-0.218159,0.178659,0.032038,-0.327072,-0.076532,-0.327027,-0.530164,-0.218159,-0.532388,0.004956,-0.107639,0.178242,0.355124,0.0,-0.268788,-0.02835,0.0,0.361527,-0.218159,-0.427554,-0.30092,-0.126747,-0.218159,0.0,0.0,0.459757,-0.258216,0.0,0.013443,-0.218159,-0.50776,-0.325562,0.221607,0.0,-0.616348,-0.65149,-0.327027,-0.069482,0.05088,0.499077,-0.218159,0.243714,0.0,0.185078,0.242729,0.004956,-0.218159,0.227893,0.0,-0.114259,0.051042,0.042171,0.216036,0.178659,-0.258635,-0.218159,0.0,-0.528221,0.236346,-0.218159,-0.243459,0.339613,0.041017,-0.326534,0.339613,0.224212,-0.050881,0.325436,0.652898,-0.226648,0.216036,-0.0935,0.051216,-0.117227,0.328874,0.428373,0.440833,0.178659,0.199756,-0.0935,0.133244,-0.10227,-0.045026,-0.0935,-0.228708,0.691081,-0.084306,#
