0,1.0,0.257546,0.110262,-0.620821,-0.151825,0.127271,0.406592,0.406592,-0.080047,0.668722,-0.377181,-0.295926,0.524592,0.668722,0.286996,0.432808,-0.154863,-0.354188,0.217544,-0.405508,0.340789,0.403822,0.127825,-0.52208,-0.438674,-0.799277,0.106016,-0.31901,0.668722,1.0,0.052143,0.083359,0.54774,0.027875,-0.091697,0.517802,0.112614,-0.561324,-0.102893,-0.405418,0.580359,0.389995,0.220731,0.276741,-0.364698,-0.647622,-0.023884,-0.234241,-0.133593,0.268963,-0.037471,-0.000337,0.601081,-0.289798,0.377454,-0.228372,-0.150553,-0.248816,-0.433762,0.280989,0.661228,0.767831,0.145585,-0.121521,0.115532,0.074199,-0.322314,0.542317,-0.770527,-0.347171,-0.044097,0.105987,-0.398954,-0.315529,0.005653,0.219874,-0.295772,-0.143051,-0.430889,0.234838,-0.133037,-0.992405,-0.203247,0.078504,-0.530935,0.005653,-0.525216,0.192345,-0.015283,-0.405508,-0.356112,-0.430889,-0.196686,-0.124765,0.192345,-0.603681,-0.512117,0.070199,0.175622,-0.405508,0.406592,-0.031029,-0.62643,0.156582,-0.228909,-0.449777,-0.196686,-0.116967,-0.405508,0.040184,0.109741,0.766691,-0.345878,-0.143051,-0.241196,-0.08901,-0.405508,-0.146533,-0.10831,-0.418613,-0.405301,0.089609,-0.154853,-0.405508,-0.379045,-0.419424,-0.429405,0.239866,-0.76436,0.042995,0.200591,-0.430889,-0.0588,-0.28999,-0.810607,-0.405301,-0.133185,-0.040302,0.504714,-0.62643,-0.040302,-0.126963,-0.040302,0.252193,-0.23879,-0.247958,-0.270339,-0.071227,-0.7395,-0.344357,-0.173032,-0.957099,0.027834,-0.810607,-0.10831,-0.405508,0.35464,0.078869,-0.470458,-0.031029,0.438593,-0.530665,0.279845,-0.502299,0.192345,-0.172219,-0.661864,-0.089423,-0.405508,-0.530654,-0.147173,0.11285,-0.661864,0.35762,-0.012989,-0.345878,-0.449777,0.215731,0.476348,-0.295772,0.375296,0.333615,-0.15628,0.085017,0.333615,0.124571,0.586072,-0.345878,-0.475804,0.325171,-0.470458,-0.320185,0.333615,0.444089,0.036952,0.104942,-0.416707,0.175622,-0.025413,0.461997,#
1,0.257546,1.0,-0.219621,-0.275093,-0.232724,-0.203587,-0.145418,-0.145418,-0.26467,0.37352,-0.268594,0.259526,0.504315,0.37352,0.37352,0.22704,-0.53787,-0.330432,0.054369,0.173405,0.199691,-0.196278,0.531543,0.193295,-0.326219,-0.354449,-0.196612,-0.140766,-0.26467,0.257546,0.346472,0.429171,0.257653,0.142925,-0.140776,0.141888,0.369272,-0.175218,-0.273558,0.206077,0.278202,0.631838,-0.158615,-0.196276,0.31497,-0.161864,0.879053,-0.37252,-0.017944,-0.077172,0.505202,-0.093156,0.17033,-0.243394,-0.177048,-0.113485,-0.196819,-0.232724,-0.140609,-0.127066,0.370281,0.224513,-0.26723,-0.215971,0.608268,-0.24777,-0.338693,-0.328758,-0.258776,-0.293367,-0.086117,-0.171234,0.170602,-0.184256,-0.271866,-0.114546,-0.378799,0.199967,-0.285161,0.424115,-0.242609,-0.229537,0.309389,-0.185868,0.25507,-0.298119,-0.256227,-0.096839,-0.253818,0.205517,-0.290954,-0.311923,-0.369547,-0.274971,-0.140969,-0.274971,-0.149659,0.257524,-0.048201,0.173405,-0.145418,-0.473989,-0.262675,0.173405,-0.197512,-0.304048,-0.369547,0.246211,0.205517,-0.19579,0.269741,0.199691,-0.173486,0.199967,-0.255611,-0.514254,0.205517,-0.146499,-0.190987,-0.207574,0.142138,0.280935,-0.262675,0.173405,-0.235902,-0.048201,0.528265,0.915206,-0.1576,0.173317,0.28184,0.319951,-0.319795,-0.377531,-0.264989,-0.637328,0.171676,0.22704,-0.313107,-0.235733,0.22704,0.274177,0.22704,-0.149274,-0.12634,0.659383,0.115603,-0.109962,-0.16786,-0.427227,-0.249725,-0.272852,0.345172,0.348078,-0.12634,0.173405,0.369312,-0.300435,-0.076275,-0.473989,0.268657,-0.473989,0.200316,0.129876,-0.096839,0.199827,-0.342971,0.315412,0.205517,-0.514935,-0.129723,0.351346,-0.369547,-0.197512,-0.197102,-0.202162,-0.304048,0.446343,-0.232714,-0.404252,0.321919,-0.142662,-0.452633,0.195302,-0.142662,-0.406026,0.421479,-0.200569,-0.185783,0.374804,-0.076275,0.279784,-0.142662,0.504187,0.348436,0.172516,-0.183294,-0.048201,0.471556,0.251916,#
2,0.110262,-0.219621,1.0,0.371236,0.362004,-0.464558,-0.351548,-0.351548,0.325236,-0.086088,-0.248612,-0.357403,-0.438602,-0.086088,-0.103226,-0.075997,-0.502015,0.208389,-0.302701,-0.223883,-0.063997,0.193586,0.039085,-0.084013,0.680164,0.182692,0.604364,0.473708,-0.102567,0.110262,0.193377,-0.126713,-0.339885,-0.190439,0.088193,-0.192133,-0.291459,-0.429707,0.789008,-0.213666,0.500406,-0.341264,-0.261302,0.264573,0.166071,0.408564,-0.167884,0.767695,-0.407543,-0.228566,-0.223866,-0.063961,0.302554,0.230483,-0.308705,-0.144856,0.233596,-0.079863,-0.2739,0.516678,-0.115934,-0.099984,-0.184585,-0.337685,-0.179925,-0.406073,0.193095,0.144649,-0.126539,0.441115,-0.475474,0.578972,0.327077,0.490771,0.205068,-0.134749,0.07829,-0.519221,-0.285439,-0.113285,0.316148,-0.091319,0.0914,0.490771,-0.528362,0.205068,0.35666,0.482711,0.033258,-0.223883,0.210827,0.181015,0.531449,0.310859,0.482711,0.328522,0.140142,0.120817,-0.270932,0.335825,0.191768,0.412347,0.369092,0.315095,0.202132,0.216373,0.531449,0.512429,-0.762862,0.07177,0.499361,-0.027347,0.533541,-0.021702,0.440455,0.410916,-0.223883,0.243525,0.18935,0.481669,0.335062,0.531543,0.369092,0.335825,0.472834,0.450401,0.021437,-0.386278,-0.23823,0.335062,0.515063,0.197331,0.64702,0.027269,-0.224981,0.314934,-0.516568,0.430651,0.550523,0.369092,-0.039808,-0.019666,0.430651,0.319523,-0.368684,-0.265021,-0.508574,0.18616,0.042243,0.163613,0.089119,-0.163958,0.186115,-0.20915,0.157156,0.335825,-0.056851,0.180832,-0.196333,0.430773,0.482118,-0.066745,-0.024969,-0.241382,-0.257973,-0.520901,-0.377809,0.164911,-0.223883,-0.05822,-0.357086,-0.504594,0.085398,0.180501,-0.449991,0.533541,-0.229325,0.356392,0.003247,0.104386,-0.264752,-0.388563,-0.056239,0.304963,-0.388563,0.362215,-0.141369,-0.43831,0.099621,-0.69536,-0.196333,-0.315504,-0.388563,0.528365,-0.41221,0.335979,-0.458617,-0.270932,0.040938,-0.045211,#
3,-0.620821,-0.275093,0.371236,1.0,0.13947,-0.536558,-0.414423,-0.414423,0.166188,-0.23419,-0.015488,-0.169627,-0.527047,-0.23419,-0.23419,-0.344933,-0.337463,0.411849,-0.30293,0.414542,-0.356047,0.12361,-0.095271,0.545639,0.805765,0.811907,0.474413,0.178924,-0.249589,-0.620821,0.01911,0.29686,-0.153153,-0.077461,-0.026229,-0.098579,-0.461068,0.037426,0.171756,-0.117955,-0.236193,-0.538185,-0.256451,0.358901,0.408089,0.593251,-0.02062,0.291447,-0.347371,-0.28631,-0.276337,-0.041579,-0.191018,-0.226745,-0.38829,-0.180906,0.621667,0.140081,0.408563,0.407064,-0.279447,-0.399141,-0.337713,-0.170599,-0.289434,-0.30535,-0.061201,-0.03176,0.193963,0.430407,-0.455272,0.592158,0.388784,-0.072738,-0.033785,-0.242088,0.66113,0.111539,0.033364,-0.642054,0.200461,0.579799,-0.177144,0.383335,0.094688,0.393809,0.579799,-0.251415,0.412523,-0.108478,0.398365,0.453098,0.228178,0.208693,0.467337,0.637815,0.502217,0.245666,-0.233201,0.395171,-0.43395,0.069449,0.998581,-0.108478,0.674227,0.388362,0.228178,0.155428,-0.089107,-0.481133,-0.056822,-0.356047,0.322513,0.094321,0.330229,0.121257,-0.108478,0.074013,0.158888,0.366418,0.413777,0.299219,0.576035,0.395171,0.243164,0.44085,0.399867,-0.429137,0.667085,0.394969,-0.140722,0.468345,0.43303,-0.139211,0.398365,0.394969,0.117574,0.077779,-0.023281,0.559784,0.094688,0.165394,0.077779,-0.468164,0.139946,0.18669,0.289275,0.090841,0.346876,0.299219,-0.019424,0.52868,0.042016,0.413158,0.129918,0.395171,-0.295977,-0.425242,0.393597,0.069449,-0.359461,0.534356,-0.293906,0.272052,-0.224795,0.132553,0.24421,0.458568,-0.108478,0.551251,-0.324607,-0.583661,0.661023,0.14868,-0.034778,0.78956,0.40438,-0.207547,-0.035941,0.245666,-0.346604,-0.355656,0.078829,-0.071551,-0.355656,-0.10823,-0.207175,-0.084953,0.365812,-0.389826,0.393597,-0.133881,-0.355656,-0.040865,-0.551043,-0.062371,-0.040288,-0.233201,0.418842,-0.797027,#
4,-0.151825,-0.232724,0.362004,0.13947,1.0,-0.090333,0.105598,0.105598,-0.289316,-0.257309,0.009104,-0.15163,-0.066225,-0.257309,-0.681556,-0.353162,0.124091,-0.035759,-0.259839,-0.611831,-0.800883,-0.412782,0.371453,0.017308,0.383928,-0.089672,0.209528,0.344235,-0.257309,-0.151825,-0.389416,-0.447027,-0.152976,-0.610403,-0.001237,-0.088599,-0.013648,-0.498871,0.156314,0.434479,-0.22165,-0.409615,0.372276,-0.323077,-0.485282,0.452663,0.007209,0.136124,-0.421098,0.418329,0.105254,0.468308,-0.182989,0.580075,0.081726,0.005764,0.054849,0.189156,-0.198152,-0.309623,-0.28813,-0.355327,-0.314973,-0.03415,-0.255492,0.232255,0.802963,-0.080146,0.208717,-0.083105,-0.469445,-0.245916,-0.179273,0.392844,0.409664,0.414566,-0.200608,-0.800668,-0.385618,-0.175751,-0.232177,0.146727,0.273951,-0.071832,-0.335935,-0.025996,0.130323,0.469372,-0.08521,-0.078946,-0.016402,-0.402066,0.236384,-0.260181,-0.262939,-0.260181,0.499223,-0.161038,-0.193012,-0.098682,0.105598,0.069687,0.121888,-0.098682,-0.415897,0.389431,0.236384,-0.191234,-0.078946,0.018141,-0.039473,0.106359,0.790647,-0.344536,0.035218,0.041181,-0.078946,0.612275,-0.400739,0.381303,-0.132449,-0.122652,0.552404,-0.098682,0.727897,0.442881,-0.053998,-0.4219,0.166593,-0.113286,-0.124129,-0.402066,0.016187,-0.121697,-0.000443,-0.132449,-0.375964,0.094751,0.012625,0.568962,0.094751,-0.642847,0.094751,0.221492,-0.361006,-0.305891,-0.407888,0.612056,0.340012,-0.138878,-0.012633,0.073202,-0.372545,-0.000443,0.121471,-0.098682,-0.713713,0.415083,0.395647,0.525819,-0.107888,-0.386446,-0.794424,0.285077,0.469372,-0.363777,-0.171957,-0.03004,-0.078946,0.043708,0.090514,-0.618713,-0.188291,-0.415897,0.336505,0.31479,0.389431,0.599036,-0.133756,-0.176682,-0.432515,0.081187,0.551734,0.397814,0.081187,-0.135825,-0.691989,-0.100361,0.37064,-0.400011,0.395647,0.271051,0.081187,-0.098971,-0.240206,0.412342,-0.555384,-0.193012,-0.524683,0.138127,#
5,0.127271,-0.203587,-0.464558,-0.536558,-0.090333,1.0,0.759102,0.759102,0.340936,0.340936,0.238485,0.083914,0.535218,0.340936,0.340936,0.443897,0.425125,0.197255,0.572648,-0.211895,-0.061237,0.180116,0.075352,0.046654,-0.687754,-0.15786,-0.062169,0.028918,0.340936,0.127271,-0.21698,-0.200743,0.082623,-0.264897,-0.084126,-0.243413,0.352386,0.313118,-0.12689,-0.179871,-0.271963,0.318954,0.578741,-0.063254,-0.14087,-0.531931,-0.50199,-0.12618,0.687837,0.4983,-0.169503,0.415731,-0.115744,0.319952,0.81243,0.710166,-0.364615,-0.542664,-0.158066,-0.28022,0.400902,-0.02188,0.00794,0.664198,-0.211509,0.859455,0.315253,0.405592,-0.119133,0.109935,0.728168,-0.37813,-0.750492,0.01702,-0.197295,0.520244,-0.362583,-0.06383,0.216814,-0.10229,-0.120166,-0.101758,-0.328722,-0.454209,-0.018496,-0.214618,-0.11937,-0.276634,-0.009744,-0.190705,-0.229397,-0.25998,-0.375078,0.322966,-0.305753,-0.146438,-0.147107,-0.824951,-0.23453,-0.762821,0.203741,-0.06383,-0.564924,-0.211895,-0.409049,-0.223895,-0.375078,-0.195013,0.360221,-0.00541,-0.452042,-0.061237,-0.430997,-0.553543,0.155626,-0.093953,-0.190705,-0.351634,0.142601,-0.508151,-0.248093,-0.862845,-0.102713,-0.762821,-0.252833,-0.23453,-0.435062,0.097423,-0.384273,-0.762433,-0.383331,-0.25998,-0.710022,0.070708,-0.212264,-0.248093,0.407291,-0.51788,-0.470719,-0.547147,-0.036991,-0.160817,-0.51788,0.061985,-0.353456,-0.371753,0.226021,0.23458,0.041719,-0.44167,0.127713,0.040826,-0.232711,-0.212264,0.216949,-0.762821,0.356093,0.661994,-0.235629,-0.06383,-0.118928,-0.06383,-0.124102,-0.254267,0.480469,0.398918,0.098397,-0.158031,-0.190705,0.407402,0.714014,0.142088,-0.375078,0.165831,0.513818,-0.449919,0.231683,-0.102266,0.511864,-0.405066,0.637153,0.778665,-0.051237,-0.252347,0.778665,0.243452,-0.117962,0.507735,-0.422642,0.233022,-0.235629,0.05898,0.778665,-0.498307,-0.021812,-0.260636,0.491546,-0.23453,-0.484983,0.458684,#
6,0.406592,-0.145418,-0.351548,-0.414423,0.105598,0.759102,1.0,1.0,0.081368,0.602246,0.020864,-0.109627,0.779913,0.602246,0.081368,0.342652,0.321486,-0.026343,0.718804,-0.368325,-0.234971,0.35045,0.251036,-0.108876,-0.530645,-0.42889,0.118617,-0.073549,0.602246,0.406592,-0.499901,-0.060338,0.408057,-0.428644,-0.130434,0.237891,0.154327,-0.134502,-0.453425,-0.331675,-0.135512,0.325563,0.649162,0.103406,-0.409461,-0.480476,-0.370235,-0.443486,0.146487,0.660823,-0.109846,0.676154,0.257063,0.0336,0.987055,0.453308,-0.297043,-0.41168,-0.048781,-0.225701,0.598471,0.359017,0.071317,0.579457,-0.325402,0.891137,0.111703,0.716068,-0.535438,-0.253262,0.29782,-0.29937,-0.982219,-0.363233,0.009025,0.585433,-0.120891,-0.237892,-0.002917,-0.424069,-0.444512,-0.424744,-0.581687,-0.364449,-0.186132,-0.010786,-0.444885,-0.244202,0.153028,-0.344093,-0.514219,-0.54817,-0.634598,0.062168,-0.277503,-0.474634,-0.035576,-0.649646,-0.201337,-0.998355,0.3649,-0.237892,-0.455162,-0.368325,-0.347254,-0.015808,-0.634598,-0.423097,0.285937,-0.385817,-0.712957,0.321972,-0.345978,-0.797918,-0.190254,-0.271767,-0.344093,-0.294337,-0.337024,-0.404896,-0.409656,-0.672901,0.073413,-0.998355,-0.260856,-0.201337,-0.342553,-0.018441,-0.293851,-0.386129,-0.643172,-0.54817,-0.560996,-0.123283,-0.494626,-0.409656,0.300831,-0.757218,-0.281836,-0.434833,-0.207283,-0.38314,-0.757218,-0.05645,-0.288241,-0.27643,0.17447,0.372234,-0.336828,-0.709229,-0.210158,-0.250717,-0.516945,-0.494626,0.364064,-0.998355,0.105178,0.505324,-0.212269,-0.237892,-0.331225,-0.237892,-0.305532,-0.374776,0.621606,0.271532,-0.09314,0.017457,-0.344093,0.301004,0.296033,-0.098036,-0.634598,0.310168,0.730819,-0.367617,0.505183,0.065491,0.733377,-0.668853,0.457522,0.994133,0.312977,-0.429012,0.994133,-0.074336,0.047214,0.19619,-0.351047,0.497429,-0.212269,-0.15424,0.994133,-0.431861,-0.276724,-0.423419,0.155345,-0.201337,-0.395104,0.360475,#
7,0.406592,-0.145418,-0.351548,-0.414423,0.105598,0.759102,1.0,1.0,0.081368,0.602246,0.020864,-0.109627,0.779913,0.602246,0.081368,0.342652,0.321486,-0.026343,0.718804,-0.368325,-0.234971,0.35045,0.251036,-0.108876,-0.530645,-0.42889,0.118617,-0.073549,0.602246,0.406592,-0.499901,-0.060338,0.408057,-0.428644,-0.130434,0.237891,0.154327,-0.134502,-0.453425,-0.331675,-0.135512,0.325563,0.649162,0.103406,-0.409461,-0.480476,-0.370235,-0.443486,0.146487,0.660823,-0.109846,0.676154,0.257063,0.0336,0.987055,0.453308,-0.297043,-0.41168,-0.048781,-0.225701,0.598471,0.359017,0.071317,0.579457,-0.325402,0.891137,0.111703,0.716068,-0.535438,-0.253262,0.29782,-0.29937,-0.982219,-0.363233,0.009025,0.585433,-0.120891,-0.237892,-0.002917,-0.424069,-0.444512,-0.424744,-0.581687,-0.364449,-0.186132,-0.010786,-0.444885,-0.244202,0.153028,-0.344093,-0.514219,-0.54817,-0.634598,0.062168,-0.277503,-0.474634,-0.035576,-0.649646,-0.201337,-0.998355,0.3649,-0.237892,-0.455162,-0.368325,-0.347254,-0.015808,-0.634598,-0.423097,0.285937,-0.385817,-0.712957,0.321972,-0.345978,-0.797918,-0.190254,-0.271767,-0.344093,-0.294337,-0.337024,-0.404896,-0.409656,-0.672901,0.073413,-0.998355,-0.260856,-0.201337,-0.342553,-0.018441,-0.293851,-0.386129,-0.643172,-0.54817,-0.560996,-0.123283,-0.494626,-0.409656,0.300831,-0.757218,-0.281836,-0.434833,-0.207283,-0.38314,-0.757218,-0.05645,-0.288241,-0.27643,0.17447,0.372234,-0.336828,-0.709229,-0.210158,-0.250717,-0.516945,-0.494626,0.364064,-0.998355,0.105178,0.505324,-0.212269,-0.237892,-0.331225,-0.237892,-0.305532,-0.374776,0.621606,0.271532,-0.09314,0.017457,-0.344093,0.301004,0.296033,-0.098036,-0.634598,0.310168,0.730819,-0.367617,0.505183,0.065491,0.733377,-0.668853,0.457522,0.994133,0.312977,-0.429012,0.994133,-0.074336,0.047214,0.19619,-0.351047,0.497429,-0.212269,-0.15424,0.994133,-0.431861,-0.276724,-0.423419,0.155345,-0.201337,-0.395104,0.360475,#
8,-0.080047,-0.26467,0.325236,0.166188,-0.289316,0.340936,0.081368,0.081368,1.0,0.177831,-0.015278,-0.17957,-0.090076,0.177831,0.60503,0.551645,-0.343694,0.811301,0.394434,0.421326,0.112302,0.601245,-0.099877,0.17681,-0.021933,0.487198,0.54488,0.566976,0.177831,-0.080047,0.422404,-0.157548,-0.147551,-0.06361,0.295513,-0.611967,0.081923,0.148547,0.56639,-0.611978,0.366217,0.139274,-0.198529,0.47831,0.503133,-0.124607,-0.458584,0.6139,0.51994,-0.302145,-0.254364,0.201958,-0.007047,0.22012,0.217624,0.657801,0.110461,-0.681556,-0.360069,0.408764,0.213952,-0.353364,-0.201334,0.502553,-0.041535,0.226317,0.043032,0.344793,-0.03086,0.821886,0.497621,0.430199,-0.011095,0.311873,0.005235,-0.156181,0.262234,0.117575,0.392534,-0.256706,0.575074,0.140957,-0.155778,0.354773,0.100614,0.427679,0.570435,-0.32015,-0.126522,-0.095394,0.409239,0.392534,0.244517,0.995098,0.389945,0.554839,0.232745,-0.56524,-0.276316,-0.095394,0.081368,0.53468,0.156546,0.421326,0.076269,-0.019904,0.244517,0.31609,-0.095394,-0.067183,0.196089,-0.344475,-0.106679,-0.341732,0.71522,0.531827,-0.095394,-0.419335,0.59306,-0.18467,0.401814,-0.192034,0.156546,-0.095394,0.049657,0.364002,-0.112139,-0.046842,-0.384078,-0.08059,0.246615,0.392534,-0.024216,0.216446,-0.00857,0.401814,0.089408,0.100614,-0.095541,-0.276966,0.100614,0.339372,0.100614,-0.083717,-0.427762,-0.37447,0.280884,0.078713,0.3369,-0.133405,0.401328,0.264978,0.413061,-0.00857,0.59306,-0.095394,0.622685,0.380696,-0.269408,0.075373,0.350665,0.53468,0.147363,-0.178417,-0.32015,0.104403,0.244517,0.056263,-0.095394,0.517344,0.086877,-0.170581,0.244517,0.615456,-0.088506,0.354742,-0.019904,-0.262597,0.375446,-0.171425,0.42296,0.112545,-0.371554,-0.122769,0.112545,0.326393,0.197446,0.354742,-0.506048,-0.383684,-0.269408,-0.578021,0.112545,-0.087975,-0.566066,-0.141639,0.380176,-0.276316,-0.097616,0.128091,#
9,0.668722,0.37352,-0.086088,-0.23419,-0.257309,0.340936,0.602246,0.602246,0.177831,1.0,-0.397242,-0.211681,0.781866,1.0,0.572801,0.551645,-0.396343,0.003601,0.44963,-0.095394,0.077841,0.621674,0.350836,0.17681,-0.406992,-0.342725,0.383764,-0.309634,0.60503,0.668722,0.002978,0.535693,0.672109,-0.145347,-0.375578,0.401745,0.081923,-0.339559,-0.266047,-0.611978,0.220459,0.503529,0.399258,0.527911,0.071573,-0.625093,0.008089,-0.32238,0.092883,0.390698,-0.254364,0.218621,0.413853,-0.466274,0.616143,0.068639,0.09079,-0.681556,-0.176277,0.408764,0.994801,0.558181,-0.308296,0.146719,-0.088805,0.378212,-0.362934,0.724444,-0.894596,-0.053049,0.074456,0.299041,-0.602221,-0.579051,-0.401863,0.366757,-0.155673,0.075373,-0.429155,-0.296758,-0.256706,-0.678539,-0.577679,-0.095178,-0.350416,0.020581,-0.249061,-0.359599,0.322296,-0.612114,-0.387992,-0.429155,-0.571453,0.155031,0.350496,-0.285228,-0.277303,-0.195517,-0.315489,-0.612114,0.081368,-0.341732,-0.261219,-0.095394,0.046315,-0.431674,-0.571453,-0.018806,-0.095394,-0.618243,-0.263218,0.534619,-0.551339,-0.383933,0.011102,-0.393946,-0.612114,-0.448802,0.058072,-0.648917,-0.129398,-0.217023,0.172293,-0.612114,-0.550985,-0.315489,-0.138078,0.417379,-0.481382,-0.110102,-0.191562,-0.038094,-0.444268,-0.641842,-0.805801,-0.611802,0.517279,-0.350416,-0.091689,-0.694731,0.100614,0.012569,-0.350416,-0.250727,-0.457484,0.016417,0.280884,0.097845,-0.536653,-0.655298,-0.324794,-0.589882,-0.01255,-0.42638,0.077505,-0.612114,0.581705,-0.005294,-0.308496,-0.341732,0.048568,-0.341732,0.017789,-0.408065,0.350496,0.495356,-0.571453,0.423281,-0.612114,0.092226,0.053264,-0.132822,-0.571453,0.585501,0.33317,-0.089918,-0.004382,0.12533,0.811232,-0.605085,0.79144,0.608507,-0.384447,-0.155677,0.608507,0.025036,0.54106,-0.106679,-0.536184,0.396565,-0.308496,-0.213757,0.608507,0.282024,-0.333815,-0.141639,-0.121729,-0.315489,0.303918,0.128091,#
10,-0.377181,-0.268594,-0.248612,-0.015488,0.009104,0.238485,0.020864,0.020864,-0.015278,-0.397242,1.0,-0.371426,-0.176294,-0.397242,-0.397242,0.218089,0.246431,-0.21794,-0.139604,0.0,-0.212373,-0.532663,0.252109,0.177156,-0.224023,0.134836,0.020033,0.260198,-0.015278,-0.377181,0.187206,-0.181381,-0.403951,-0.498538,0.512447,-0.499584,0.580898,0.420109,-0.031558,0.519171,-0.378826,-0.487745,0.32482,-0.597245,0.150246,-0.128456,-0.233676,-0.092718,-0.024409,0.362766,0.358735,0.215934,0.083802,0.175758,0.056741,0.35154,-0.513632,0.009104,0.343695,-0.348856,-0.385576,-0.206778,0.043209,-0.135912,0.272029,0.102593,0.153768,-0.123116,0.382485,0.207376,-0.031081,-0.262811,-0.080032,0.189105,-0.203393,0.413857,-0.015234,-0.209752,0.579289,-0.007206,0.359408,0.416223,0.015693,0.171738,0.234865,-0.219106,-0.015087,-0.360964,0.200325,0.019219,0.176125,0.563271,-0.02651,-0.050946,-0.387376,0.374815,-0.098432,-0.39608,0.304517,0.0,-0.482861,-0.250564,-0.003583,-0.499704,-0.033425,-0.194249,-0.02651,0.016193,0.518924,0.230635,-0.111045,-0.654109,-0.209765,-0.209752,0.280325,-0.225576,0.019219,-0.483343,-0.047536,0.233937,-0.49945,-0.03625,-0.003583,0.0,-0.223575,0.304517,0.230592,-0.304706,0.07001,-0.49945,-0.035312,0.185088,0.160326,0.37551,0.595717,-0.032931,-0.206559,-0.218089,-0.241419,0.012541,0.218089,0.474061,-0.218089,-0.344489,0.489734,0.079383,0.333136,0.516727,0.222313,0.020449,0.659156,0.337905,0.171498,0.22879,-0.027637,0.0,-0.296235,0.195172,-0.300955,0.193618,-0.043822,0.193618,-0.234685,-0.102501,0.325748,-0.196081,0.402945,0.202819,0.019219,0.209913,0.537607,-0.01074,0.387039,-0.554856,-0.188211,-0.226927,0.218972,0.043287,-0.211875,-0.015234,-0.171536,0.035577,0.236901,0.048959,0.035577,-0.193916,-0.373451,-0.209765,-0.232026,0.241989,-0.300955,0.029272,0.035577,-0.632547,0.321193,0.045195,0.215235,0.304517,-0.227732,0.178302,#
11,-0.295926,0.259526,-0.357403,-0.169627,-0.15163,0.083914,-0.109627,-0.109627,-0.17957,-0.211681,-0.371426,1.0,0.07659,-0.211681,0.213948,-0.534061,0.341171,-0.010763,0.239746,0.106924,0.34193,-0.141382,-0.345826,-0.063326,-0.001657,0.039425,-0.757215,-0.157059,-0.605198,-0.295926,-0.397113,0.021705,-0.273618,0.601748,-0.46332,0.077399,-0.354072,0.492552,-0.168681,0.136782,-0.200588,0.549711,-0.408547,-0.209206,0.039425,0.401989,0.30026,-0.035672,0.407381,-0.419283,-0.031677,-0.273267,-0.400662,0.222174,-0.168387,0.042796,-0.121362,0.271058,0.189489,-0.465485,-0.184808,-0.11021,0.352556,0.318676,-0.186993,-0.007046,0.054065,-0.506983,0.276899,-0.355089,0.467239,-0.486115,0.187649,0.131905,0.042809,-0.498003,-0.233574,0.3394,0.062523,0.285645,-0.559781,0.262591,0.190774,-0.773636,0.381966,-0.39427,-0.181766,0.313682,-0.380092,0.641545,-0.399107,-0.383023,-0.239703,-0.157367,-0.421014,-0.157367,0.010254,0.158793,-0.341949,0.106924,0.409336,-0.076172,-0.173967,0.106924,-0.106867,0.439275,-0.239703,0.135134,0.126725,0.089585,-0.176887,-0.113169,0.110118,0.3394,-0.490456,-0.048546,0.641545,0.40876,-0.117766,0.111994,0.602202,-0.212682,-0.605886,0.106924,0.220413,-0.341949,0.131905,0.4419,0.356529,0.121571,-0.226399,0.006601,-0.378142,0.25271,0.033177,0.121571,0.318666,-0.084689,-0.422597,0.274563,-0.534061,-0.319339,-0.084689,0.45559,-0.048291,0.366083,-0.271931,-0.598801,0.099217,0.122477,-0.593337,0.352513,-0.387893,0.411204,-0.048291,0.106924,0.134837,0.014724,0.264524,-0.53379,-0.330969,-0.076172,0.365302,0.194484,-0.393803,0.326345,0.202742,-0.380135,0.641545,-0.110224,-0.096734,0.648168,-0.239703,-0.106867,0.103531,-0.367289,0.013554,-0.138885,-0.376094,0.158793,-0.006627,-0.087968,-0.066564,-0.387761,-0.087968,0.139962,-0.153475,0.527603,0.576017,-0.001368,0.264524,0.564561,-0.087968,0.103173,0.370714,-0.405805,0.548822,-0.341949,0.082217,-0.096037,#
12,0.524592,0.504315,-0.438602,-0.527047,-0.066225,0.535218,0.779913,0.779913,-0.090076,0.781866,-0.176294,0.07659,1.0,0.781866,0.328804,0.436021,-0.066557,-0.223729,0.656175,-0.214985,-0.06643,0.204826,0.540081,0.040979,-0.659208,-0.58781,-0.014809,-0.176156,0.362985,0.524592,-0.224251,0.245886,0.526981,-0.267696,-0.238972,0.312278,0.342197,-0.222678,-0.560643,-0.18313,0.051205,0.687399,0.469228,-0.005466,-0.148431,-0.524831,0.222387,-0.612141,0.127415,0.525872,0.185461,0.508597,0.32711,-0.141107,0.749447,0.309644,-0.358667,-0.516155,-0.125889,-0.248236,0.77751,0.46497,-0.115664,0.363951,0.074457,0.617431,-0.125288,0.431968,-0.649118,-0.398578,0.209338,-0.343851,-0.750655,-0.445555,-0.188397,0.437633,-0.350831,-0.069008,-0.207466,-0.11202,-0.54963,-0.525163,-0.33386,-0.446613,-0.023917,-0.205629,-0.542681,-0.272751,-0.0042,-0.193908,-0.638997,-0.681728,-0.791816,-0.113037,-0.301716,-0.579948,-0.141888,-0.393088,-0.231048,-0.762987,0.227502,-0.511364,-0.555539,-0.214985,-0.402845,-0.21467,-0.791816,-0.200671,0.354093,-0.475501,-0.4562,0.418,-0.423794,-0.55612,-0.320828,-0.566222,-0.193908,-0.346161,-0.390132,-0.499558,-0.250989,-0.414556,-0.095783,-0.762987,-0.38851,-0.231048,0.022114,0.56595,-0.356723,-0.230525,-0.388147,-0.266992,-0.697856,-0.369706,-0.621954,-0.762598,0.399611,-0.520649,-0.439212,-0.537856,-0.042314,-0.166628,-0.520649,-0.138782,-0.3477,0.174111,0.222011,0.236813,-0.41228,-0.879363,-0.362669,-0.400818,-0.239866,-0.219563,0.219676,-0.762987,0.344098,0.240702,-0.232464,-0.511364,-0.124827,-0.511364,-0.128917,-0.255726,0.480332,0.390622,-0.320855,0.223704,-0.193908,-0.051132,0.178653,0.132618,-0.791816,0.168982,0.515881,-0.442616,0.23849,0.328225,0.514098,-0.82745,0.6247,0.777998,-0.038535,-0.255705,0.777998,-0.292066,0.311841,0.047785,-0.415973,0.659412,-0.232464,0.051251,0.777998,-0.035474,-0.030119,-0.263446,0.023724,-0.231048,-0.02348,0.45076,#
13,0.668722,0.37352,-0.086088,-0.23419,-0.257309,0.340936,0.602246,0.602246,0.177831,1.0,-0.397242,-0.211681,0.781866,1.0,0.572801,0.551645,-0.396343,0.003601,0.44963,-0.095394,0.077841,0.621674,0.350836,0.17681,-0.406992,-0.342725,0.383764,-0.309634,0.60503,0.668722,0.002978,0.535693,0.672109,-0.145347,-0.375578,0.401745,0.081923,-0.339559,-0.266047,-0.611978,0.220459,0.503529,0.399258,0.527911,0.071573,-0.625093,0.008089,-0.32238,0.092883,0.390698,-0.254364,0.218621,0.413853,-0.466274,0.616143,0.068639,0.09079,-0.681556,-0.176277,0.408764,0.994801,0.558181,-0.308296,0.146719,-0.088805,0.378212,-0.362934,0.724444,-0.894596,-0.053049,0.074456,0.299041,-0.602221,-0.579051,-0.401863,0.366757,-0.155673,0.075373,-0.429155,-0.296758,-0.256706,-0.678539,-0.577679,-0.095178,-0.350416,0.020581,-0.249061,-0.359599,0.322296,-0.612114,-0.387992,-0.429155,-0.571453,0.155031,0.350496,-0.285228,-0.277303,-0.195517,-0.315489,-0.612114,0.081368,-0.341732,-0.261219,-0.095394,0.046315,-0.431674,-0.571453,-0.018806,-0.095394,-0.618243,-0.263218,0.534619,-0.551339,-0.383933,0.011102,-0.393946,-0.612114,-0.448802,0.058072,-0.648917,-0.129398,-0.217023,0.172293,-0.612114,-0.550985,-0.315489,-0.138078,0.417379,-0.481382,-0.110102,-0.191562,-0.038094,-0.444268,-0.641842,-0.805801,-0.611802,0.517279,-0.350416,-0.091689,-0.694731,0.100614,0.012569,-0.350416,-0.250727,-0.457484,0.016417,0.280884,0.097845,-0.536653,-0.655298,-0.324794,-0.589882,-0.01255,-0.42638,0.077505,-0.612114,0.581705,-0.005294,-0.308496,-0.341732,0.048568,-0.341732,0.017789,-0.408065,0.350496,0.495356,-0.571453,0.423281,-0.612114,0.092226,0.053264,-0.132822,-0.571453,0.585501,0.33317,-0.089918,-0.004382,0.12533,0.811232,-0.605085,0.79144,0.608507,-0.384447,-0.155677,0.608507,0.025036,0.54106,-0.106679,-0.536184,0.396565,-0.308496,-0.213757,0.608507,0.282024,-0.333815,-0.141639,-0.121729,-0.315489,0.303918,0.128091,#
14,0.286996,0.37352,-0.103226,-0.23419,-0.681556,0.340936,0.081368,0.081368,0.60503,0.572801,-0.397242,0.213948,0.328804,0.572801,1.0,0.551645,-0.396343,0.423282,0.394434,0.421326,0.534619,0.601245,-0.099877,0.17681,-0.406992,0.088835,0.084548,-0.083972,0.177831,0.286996,0.422404,0.32938,0.246213,0.401728,-0.202822,-0.12498,0.081923,0.189222,0.166488,-0.611978,0.366217,0.674944,-0.198529,0.502625,0.503133,-0.460636,0.008089,0.164486,0.696619,-0.302145,-0.254364,-0.214621,-0.007047,-0.202537,0.160475,0.295016,0.110461,-0.681556,-0.334683,0.408764,0.627992,0.093472,-0.167485,0.328125,0.13282,0.085672,-0.362934,0.21218,-0.341237,0.354905,0.631533,0.299041,-0.011095,-0.112139,-0.378394,-0.231172,-0.13158,0.53468,0.001472,0.139158,0.17921,-0.249061,-0.155778,-0.069239,0.100614,0.04405,0.180418,-0.32015,-0.126522,-0.095394,0.029818,0.001472,-0.143823,0.59529,0.389945,0.155031,-0.247899,-0.171425,-0.276316,-0.095394,0.081368,0.117575,-0.237135,0.421326,0.076269,-0.407936,-0.143823,0.31609,-0.095394,-0.143296,0.196089,0.077841,-0.525705,0.075373,0.278358,0.09123,-0.095394,-0.419335,0.59306,-0.622153,0.401814,-0.192034,-0.237135,-0.095394,-0.396364,-0.276316,-0.112139,0.635836,-0.481382,-0.08059,0.246615,0.392534,-0.420053,-0.192034,-0.387992,-0.08059,0.517279,0.100614,-0.191853,-0.670647,0.100614,0.339372,0.100614,-0.030865,-0.427762,0.016417,0.280884,-0.39958,-0.078845,-0.20549,-0.049186,-0.14187,0.413061,-0.00857,0.107226,-0.095394,0.981256,-0.005294,-0.269408,-0.341732,0.350665,0.117575,0.531691,-0.178417,-0.32015,0.524482,-0.143823,0.056263,-0.095394,0.092226,0.086877,0.329167,-0.143823,0.615456,-0.088506,-0.064284,-0.407936,-0.262597,0.375446,-0.171425,0.818892,0.112545,-0.81109,-0.122769,0.112545,0.326393,0.596379,0.354742,-0.506048,0.012248,-0.269408,-0.18662,0.112545,0.341591,-0.114802,-0.141639,0.380176,-0.276316,0.330083,0.128091,#
15,0.432808,0.22704,-0.075997,-0.344933,-0.353162,0.443897,0.342652,0.342652,0.551645,0.551645,0.218089,-0.534061,0.436021,0.551645,0.551645,1.0,-0.427791,0.231772,0.340905,0.218218,0.05379,0.332159,0.42827,0.107901,-0.654496,-0.171319,0.471756,0.229316,0.551645,0.432808,0.64039,0.00396,0.364912,-0.326563,0.435464,-0.327248,0.715866,-0.185349,0.077281,-0.327254,0.417424,0.282776,0.268918,0.189552,0.26609,-0.774827,-0.096789,-0.057571,0.332564,0.236328,0.218202,0.338484,0.305838,-0.097457,0.443437,0.501912,-0.207685,-0.801076,-0.493365,0.246143,0.582591,0.089041,-0.340075,0.21615,0.506264,0.313271,-0.182018,0.426431,-0.355405,0.410201,0.301429,0.172817,-0.322036,-0.090376,-0.208138,0.332111,-0.076308,0.056575,0.18186,0.046023,0.506256,-0.347635,-0.089087,0.402583,0.047619,0.237872,0.105802,-0.56228,-0.075259,-0.327327,0.22791,0.18186,-0.082772,0.519047,0.187427,0.054229,-0.121073,-0.534159,0.173702,-0.327327,-0.207283,0.056575,-0.343272,0.218218,-0.256169,-0.654135,-0.082772,0.010607,0.218218,-0.066859,0.218218,0.05379,-0.51152,-0.428354,0.482502,-0.0,-0.327327,-0.746653,0.301244,-0.58774,-0.32716,-0.160939,0.114424,-0.327327,-0.457089,0.173702,-0.090376,0.325784,-0.732931,-0.32716,0.316124,0.18186,-0.268451,-0.160939,-0.213206,-0.32716,0.060135,0.047619,-0.095177,-0.800967,0.523809,0.517549,0.047619,-0.388812,-0.263589,-0.2146,0.509175,0.345114,-0.032223,-0.530306,0.558688,-0.299569,0.621605,-0.213206,0.301244,-0.327327,0.62151,0.22402,-0.470464,0.056575,0.545403,0.056575,0.027129,-0.218212,0.187427,0.0738,-0.082772,0.238031,-0.327327,0.065899,0.315847,-0.067067,-0.082772,0.313095,-0.04134,-0.024358,-0.203008,0.06436,0.450237,-0.534159,0.657905,0.344099,-0.418268,0.191086,0.344099,-0.120904,0.531483,-0.024358,-0.992684,0.252148,-0.470464,-0.518582,0.344099,-0.081756,-0.191591,0.167759,-0.028054,0.173702,-0.082874,0.550508,#
16,-0.154863,-0.53787,-0.502015,-0.337463,0.124091,0.425125,0.321486,0.321486,-0.343694,-0.396343,0.246431,0.341171,-0.066557,-0.396343,-0.396343,-0.427791,1.0,-0.204959,0.110363,-0.326731,0.003903,-0.235486,-0.497553,-0.420657,-0.208461,-0.18379,-0.637312,-0.287308,0.05995,-0.154863,-0.652824,-0.427425,-0.131011,0.149589,-0.097058,0.171029,-0.179323,0.391831,-0.337467,0.23554,-0.52419,-0.133654,0.240298,-0.327564,-0.644003,0.010012,-0.433377,-0.2566,0.208596,0.208574,-0.135387,0.005923,-0.320936,0.260478,0.258671,0.032723,-0.235321,0.524944,0.256498,-0.554588,-0.373529,0.020001,0.604313,0.311344,-0.392176,0.389775,0.293574,-0.069867,0.349898,-0.443207,0.36534,-0.603757,-0.32145,-0.003768,0.241449,0.117512,-0.078228,-0.001308,0.261254,0.073876,-0.338959,0.109687,-0.082916,-0.502478,0.053956,-0.209764,-0.34904,0.229222,-0.053691,0.225179,-0.214801,-0.1987,-0.084652,-0.334603,-0.529233,-0.334603,-0.115827,-0.130723,0.215226,-0.326731,0.321486,0.054292,-0.344704,-0.326731,-0.231386,0.251725,-0.084652,-0.518813,0.225179,0.384189,-0.508248,0.003903,-0.019933,-0.001308,-0.450109,0.082915,0.225179,0.310959,-0.238982,0.03842,-0.326564,-0.52934,-0.344704,-0.326731,0.065895,-0.439155,-0.493612,-0.377535,0.257336,-0.326564,-0.531045,-0.650478,-0.193471,0.423002,0.231462,0.230738,0.009582,-0.427791,-0.031668,0.118331,-0.427791,-0.516607,-0.427791,0.361412,0.332441,-0.299604,-0.21782,-0.18125,-0.027818,0.286343,-0.108802,0.177372,-0.650375,-0.206868,-0.164062,-0.326731,-0.416747,0.252605,0.190048,0.054292,-0.506205,0.054292,-0.03147,0.027474,0.229222,-0.018416,0.372102,-0.646486,0.225179,0.063557,0.280327,0.328639,-0.084652,-0.231386,0.403552,-0.512778,0.251725,-0.367465,-0.081656,0.324235,-0.269047,0.306643,0.546838,-0.328988,0.306643,0.15785,-0.402259,0.408295,0.375184,0.170764,0.190048,0.288925,0.306643,-0.583806,0.343007,-0.325056,0.3769,0.215226,-0.555587,0.023714,#
17,-0.354188,-0.330432,0.208389,0.411849,-0.035759,0.197255,-0.026343,-0.026343,0.811301,0.003601,-0.21794,-0.010763,-0.223729,0.003601,0.423282,0.231772,-0.204959,1.0,0.227532,0.515436,-0.205517,0.5144,-0.230954,0.30441,0.181455,0.678736,0.441227,0.448924,0.003601,-0.354188,0.237474,-0.235849,0.020796,0.038798,0.16939,-0.499697,-0.13014,0.044115,0.412603,-0.499706,0.093075,0.02105,-0.210356,0.551871,0.287383,0.11791,-0.323368,0.518916,0.51079,-0.370129,-0.317569,0.206915,-0.490953,0.246474,0.08923,0.490549,0.514343,-0.421097,-0.382263,0.325226,0.03471,-0.656572,-0.368979,0.613367,-0.171439,0.275707,0.24275,0.13549,0.246023,0.731084,0.440977,0.369027,0.088985,0.232484,0.208037,-0.247929,0.423297,0.248366,0.235208,-0.361629,0.455513,0.386941,0.012753,0.274629,0.231772,0.623046,0.808861,-0.295138,-0.204698,0.00781,0.604986,0.235208,0.405922,0.864653,0.402461,0.432142,0.612841,-0.389615,-0.248364,0.00781,-0.026343,0.658131,0.402223,0.515436,0.036671,0.183336,0.405922,-0.021765,0.00781,-0.14895,0.124954,-0.205517,0.204954,-0.202858,0.605488,0.654867,0.00781,-0.00668,0.547585,-0.244522,0.496217,-0.367866,0.402223,0.00781,0.348785,0.380686,-0.184066,-0.12918,0.02233,0.022302,0.048565,0.235208,-0.178423,0.033425,0.194529,0.496217,0.220729,0.231772,-0.182421,-0.02366,0.231772,0.012348,0.231772,-0.168641,-0.455273,-0.447754,0.343624,-0.006444,0.640801,0.033425,0.275132,0.499939,0.259449,0.194529,0.547585,0.00781,0.331729,0.182448,0.342059,0.206907,0.056617,0.658131,-0.144122,0.343617,-0.295138,0.251353,0.405922,-0.104404,0.00781,0.641097,0.009398,-0.354796,0.405922,0.566368,0.241497,0.658255,0.183336,-0.404971,0.249578,-0.002731,0.229437,0.027039,-0.215325,-0.00746,0.027039,0.16078,0.047238,0.658255,-0.189247,-0.563012,0.342059,-0.38923,0.027039,-0.197612,-0.722084,-0.038142,0.26617,-0.248364,-0.173012,-0.155072,#
18,0.217544,0.054369,-0.302701,-0.30293,-0.259839,0.572648,0.718804,0.718804,0.394434,0.44963,-0.139604,0.239746,0.656175,0.44963,0.394434,0.340905,0.110363,0.227532,1.0,0.160228,0.139938,0.503881,0.069208,-0.19296,-0.442798,-0.204969,-0.020876,0.222133,0.316949,0.217544,-0.269704,-0.095236,0.182753,-0.037925,0.080494,0.028661,0.061143,0.092778,-0.339822,-0.490274,0.228224,0.691408,-0.019141,0.171035,-0.01762,-0.224302,-0.137259,-0.249856,0.310321,0.011706,0.093466,0.581591,0.278145,0.064744,0.717234,0.636645,-0.383778,-0.41901,-0.059523,-0.268502,0.445286,0.227158,0.300075,0.792375,-0.095535,0.641739,-0.16206,0.446118,-0.384587,-0.138047,0.551966,-0.290794,-0.583965,-0.206283,0.203465,-0.059284,0.155639,0.111599,0.405541,-0.296314,-0.324475,-0.215177,-0.392477,-0.293421,0.311768,0.176175,-0.353902,-0.279061,-0.242016,0.193609,-0.443704,-0.345576,-0.589498,0.377164,-0.324935,-0.248546,0.147594,-0.572751,-0.221681,-0.707674,0.550557,-0.007088,-0.332176,0.026705,-0.278077,0.282631,-0.589498,-0.149063,0.360513,-0.349096,-0.514807,0.051413,-0.296926,-0.659869,-0.24223,-0.012189,0.193609,-0.376912,-0.306825,-0.21543,0.12297,-0.430547,-0.304171,-0.707674,-0.140841,-0.00658,-0.000168,0.263024,-0.218481,0.058148,-0.435455,-0.214208,-0.437244,0.271695,-0.308748,-0.039083,0.226984,-0.591485,-0.397951,-0.304171,-0.445799,-0.105559,-0.591485,0.000355,-0.199302,0.002626,0.218088,0.016985,-0.202754,-0.671085,-0.262798,0.046951,-0.28824,-0.18129,0.724245,-0.707674,0.417631,0.414556,-0.277262,-0.630197,-0.209405,0.111599,0.131504,-0.315997,-0.049696,0.216001,0.266893,-0.08942,0.193609,0.228158,-0.107923,0.265994,-0.478996,0.488231,0.443442,-0.326734,0.420649,-0.119217,0.458281,-0.652127,0.382875,0.724101,0.179151,-0.711099,0.724101,-0.166647,0.322345,0.393637,-0.325896,0.457357,-0.277262,-0.372883,0.724101,-0.333244,-0.286206,-0.737256,0.522023,-0.221681,-0.211288,0.349884,#
19,-0.405508,0.173405,-0.223883,0.414542,-0.611831,-0.211895,-0.368325,-0.368325,0.421326,-0.095394,0.0,0.106924,-0.214985,-0.095394,0.421326,0.218218,-0.326731,0.515436,0.160228,1.0,0.225249,0.261927,-0.218064,0.28455,0.003875,0.572106,0.038605,0.129651,-0.095394,-0.405508,0.515122,0.176951,0.106991,0.412301,0.350004,-0.24994,0.033733,0.301886,-0.088537,-0.249944,0.149857,0.181418,-0.591019,0.318092,0.572106,0.029838,0.241341,-0.004711,0.28575,-0.657531,0.166656,-0.125767,-0.245566,-0.340271,-0.316315,0.155162,0.28552,-0.098682,0.070254,0.187995,-0.088735,-0.3206,-0.068128,0.238227,0.394789,-0.232525,-0.493657,-0.238311,0.267726,0.352459,0.286372,0.263982,0.469039,-0.194527,0.011355,-0.616315,0.641097,0.783951,0.544016,-0.082019,0.445245,0.427125,0.102062,0.370228,0.763763,0.522323,0.427125,-0.620315,-0.185214,0.375,0.510978,0.544016,0.109195,0.455597,0.238583,0.455597,0.334319,0.116563,0.22743,0.375,-0.368325,0.228395,0.436963,0.375,0.311594,0.017228,0.109195,0.008102,0.375,-0.178725,0.166667,-0.327248,-0.204642,0.228395,0.174561,0.26082,0.375,-0.356416,0.301979,-0.168335,0.392657,0.139039,-0.087393,0.375,-0.154293,0.22743,0.370228,0.270841,0.288869,0.392657,0.123666,0.544016,0.02929,0.139039,0.510978,0.392657,0.232517,0.218218,-0.242308,-0.087393,0.218218,0.592927,0.218218,-0.551814,0.301979,0.295027,0.666667,-0.352402,0.344552,0.139039,0.226687,0.493725,0.531959,0.510978,0.301979,0.375,0.367291,-0.499422,0.208029,-0.327161,-0.021924,0.783951,0.296983,0.38888,-0.620315,0.267738,0.626437,0.076102,0.375,0.239074,-0.300863,0.18161,0.626437,0.311594,-0.153012,0.353472,0.017228,-0.576468,-0.158132,0.116563,0.059767,-0.308516,-0.294884,-0.199015,-0.308516,-0.335347,0.495141,0.353472,-0.211414,0.059767,0.208029,-0.374191,-0.308516,-0.158507,-0.196789,-0.248719,0.407101,0.22743,0.379777,-0.325515,#
20,0.340789,0.199691,-0.063997,-0.356047,-0.800883,-0.061237,-0.234971,-0.234971,0.112302,0.077841,-0.212373,0.34193,-0.06643,0.077841,0.534619,0.05379,0.003903,-0.205517,0.139938,0.225249,1.0,0.288672,-0.517136,-0.421323,-0.209022,-0.183582,-0.424445,-0.317501,0.077841,0.340789,0.208576,0.23587,-0.11324,0.756027,-0.119978,0.193536,-0.198487,0.394297,0.088665,-0.327175,0.429562,0.440143,-0.537422,0.160042,0.2594,-0.22513,-0.009536,0.097548,0.273112,-0.53194,-0.135985,-0.661719,0.31391,-0.32249,-0.251919,-0.205744,-0.214377,0.072136,0.088704,0.218533,0.1052,0.500495,0.606805,-0.139506,0.131907,-0.442725,-0.646193,-0.054692,-0.206137,-0.132618,0.371994,0.118923,0.310096,-0.07862,-0.202297,-0.552838,-0.070345,0.508843,0.192638,0.48024,0.056968,-0.341664,-0.083282,-0.07862,0.05379,-0.202297,-0.341664,0.145201,-0.109984,0.225249,-0.207428,0.192638,-0.07689,0.06528,0.145201,0.06528,-0.672453,0.350736,0.131776,0.225249,0.321972,0.062858,-0.337246,0.225249,0.280991,-0.197101,-0.07689,0.375574,-0.327248,0.324882,0.22761,0.023192,-0.505071,0.508843,-0.241907,0.092004,0.225249,-0.224184,0.269392,-0.06736,0.240911,0.324849,-0.800774,0.225249,-0.450356,-0.552878,-0.07862,0.353406,-0.309377,0.240911,0.32706,0.192638,0.202659,0.324849,-0.207428,0.240911,0.029133,0.05379,0.306881,-0.337246,-0.428468,0.356149,0.05379,0.364382,0.269392,0.217335,-0.218165,-0.773252,-0.50917,0.310461,-0.188376,-0.293355,0.182907,-0.207428,-0.25008,0.225249,0.595801,-0.224517,-0.520182,-0.42825,0.300527,0.062858,0.993415,-0.463706,-0.61406,0.000719,-0.07689,-0.255079,0.225249,-0.428242,-0.258358,0.78395,-0.07689,0.280991,-0.56198,-0.505071,-0.653978,-0.368293,-0.081543,0.350736,0.188868,-0.261071,-0.449916,-0.329527,-0.261071,0.416163,0.532113,-0.057033,-0.07535,0.188868,-0.520182,-0.128229,-0.261071,0.422074,0.464238,-0.325571,0.409049,0.131776,0.386294,0.023518,#
