0,1.0,0.387162,-0.407997,-0.082333,0.720193,0.138168,-0.327327,-0.408144,-0.408107,0.387162,0.268839,0.357727,0.059536,0.232517,0.009161,0.560112,-0.327257,-0.169061,0.003873,-0.611451,0.375,-0.327327,-0.058859,-0.761446,-0.326804,-0.355133,0.290952,-0.198957,0.149704,0.763763,-0.611451,0.341655,0.666667,-0.327027,0.024172,-0.249935,-0.498933,-0.355133,-0.24994,0.110859,0.387162,0.314635,-0.499817,0.418099,-0.327327,0.335377,0.060086,-0.214516,-0.311267,0.159455,0.08812,-0.352958,0.387654,-0.139397,0.320822,0.514282,0.645511,0.288279,0.047892,-0.247144,-0.060193,-0.14106,-0.223607,-0.50562,0.396799,-0.10451,-0.25,0.362573,-0.035843,0.42945,-0.351692,0.616323,0.399601,-0.406816,-0.345118,-0.060193,-0.611807,0.228395,0.231036,-0.254,-0.49973,-0.053001,0.011355,-0.249873,-0.404368,-0.327154,-0.204642,0.011355,-0.404368,-0.34058,0.222132,-0.759555,0.109195,0.064958,-0.248675,-0.076919,0.15328,-0.610208,-0.499604,0.376605,-0.316557,-0.609741,-0.13647,0.239074,-0.34058,0.017228,0.203009,-0.301356,-0.071734,0.666667,-0.244556,-0.166667,0.133631,-0.249873,-0.762738,0.247865,-0.082359,0.231036,0.085379,-0.204642,-0.992753,-0.407971,-0.356416,-0.087393,0.206685,-0.087393,-0.326025,-0.661976,0.339951,-0.611807,-0.404368,-0.25,-0.053001,-0.327161,-0.611749,-0.408034,0.0,-0.408034,-0.96955,-0.620315,-0.499604,-0.358609,-0.762738,0.183813,0.197693,0.214795,-0.189889,0.666667,0.133631,-0.499613,-0.408034,-0.356416,-0.327161,0.228395,-0.356416,-0.49973,-0.499422,0.119541,-0.609741,-0.609741,-0.674596,-0.087393,0.218218,0.07194,-0.240422,0.130347,-0.499613,0.3114,-0.249873,-0.408034,-0.211314,-0.078991,-0.408046,0.222132,0.997887,0.164161,-0.166667,0.248082,0.523734,-0.361884,0.248082,0.288185,-0.181033,0.511455,0.43925,-0.620315,0.030808,-0.244556,-0.216958,0.412805,-0.704927,0.133685,0.784476,0.523734,0.030808,-0.324824,0.133685,-0.053001,0.140544,0.230447,#
1,0.387162,1.0,-0.407899,-0.611472,0.305767,0.148805,-0.327248,-0.408046,0.102206,1.0,-0.2459,0.510721,0.070359,0.770987,0.158211,0.177395,-0.327179,0.373561,0.507203,-0.611304,0.387162,-0.327248,0.466967,-0.249489,-0.326725,-0.415962,0.291817,-0.252325,0.160568,0.763579,-0.611304,-0.210155,-0.166627,-0.326949,-0.025587,0.375062,-0.498813,-0.415962,-0.24988,0.26768,-0.24988,-0.057594,-0.499697,0.563255,-0.327248,0.127791,0.294335,0.311185,-0.967613,0.339908,0.325952,-0.996628,0.40006,-0.195338,0.320745,0.01744,0.329006,0.290779,0.057268,-0.247085,-0.060179,0.676601,0.113968,-0.335875,0.002475,-0.005463,-0.24994,-0.019439,0.000703,0.148728,-0.412782,0.452907,0.412234,0.039636,-0.46343,-0.060179,-0.61166,-0.327082,-0.40733,-0.243981,-0.49961,-0.842606,-0.499493,-0.249812,0.147728,-0.327075,-0.762572,-0.499493,0.147728,-0.459821,-0.411429,-0.294071,-0.407948,0.074203,0.230116,-0.174331,0.010517,-0.165928,-0.499484,-0.152574,0.336923,-0.170152,-0.127132,-0.327075,-0.459821,-0.499484,-0.612859,-0.946892,-0.170152,-0.166627,0.238694,-0.166627,-0.71028,-0.249812,-0.762555,0.139194,-0.61166,-0.40733,-0.407093,-0.762572,-0.459821,-0.407873,-0.997726,-0.611602,0.140632,-0.611602,0.153387,0.133012,0.101865,-0.61166,0.147728,-0.24994,-0.842606,-0.327082,-0.611602,-0.407936,0.0,-0.407936,-0.323725,-0.777312,-0.499484,-0.347276,-0.762555,-0.653358,-0.596813,-0.621194,-0.294071,0.682842,-0.71028,-0.499493,-0.407936,-0.997726,-0.327082,-0.327082,-0.997726,-0.49961,-0.023388,0.612309,-0.170152,-0.170152,-0.674434,-0.611602,-0.327248,0.081325,0.247497,0.109631,-0.499493,0.156425,-0.249812,-0.407936,-0.260578,0.420208,-0.407948,-0.411429,0.372555,0.020255,-0.166627,0.751428,0.493412,-0.507138,0.751428,0.249944,-0.224364,0.481843,0.407946,-0.777312,0.493412,0.238694,-0.261495,0.997486,0.020255,-0.406698,0.225678,0.493412,0.010267,-0.324746,0.112438,-0.842606,0.025956,-0.327007,#
2,-0.407997,-0.407899,1.0,0.666667,-0.06186,0.125622,-0.106154,0.562447,0.149516,-0.407899,0.204471,-0.195926,0.325387,-0.534061,-0.280463,-0.228524,0.360855,0.060814,-0.420294,0.274231,0.082384,-0.106154,0.194885,0.106515,0.781833,0.387155,-0.595483,-0.342342,0.108062,-0.534193,0.692078,0.540577,-0.271998,-0.060152,-0.404339,0.091567,0.413588,-0.095821,0.611848,-0.52703,0.091977,0.256606,0.028677,-0.803935,0.339007,-0.653244,-0.420521,-0.36795,0.4048,-0.617963,0.175721,0.416449,0.091567,0.509885,0.114288,0.011075,-0.526733,-0.389039,-0.117236,0.032084,0.128462,-0.283535,0.368432,-0.09881,-0.033822,-0.088559,0.101999,0.252398,0.32622,-0.377384,-0.108355,-0.369083,-0.40759,-0.242776,0.434156,0.128462,0.266232,0.364989,-0.073869,0.121567,0.433673,0.345982,0.018531,0.591518,-0.08076,-0.097541,0.52626,0.011404,0.479944,-0.062314,0.420988,0.129123,-0.227627,-0.214616,0.140481,-0.132959,0.328324,0.303003,0.419208,0.256277,-0.063701,0.712172,0.697204,0.338828,-0.062314,-0.018744,0.117,0.278332,-0.165848,-0.271998,0.144214,-0.271998,0.29597,0.136677,0.540765,-0.091976,0.232999,-0.073869,0.177469,0.096144,0.449388,0.19023,0.407167,0.22125,0.283949,0.254163,-0.034789,0.271123,-0.237769,0.266232,-0.039226,0.121615,0.345982,-0.098028,0.665577,-0.255747,0.0,-0.255747,0.304618,0.311491,0.020906,0.526722,0.540765,0.247443,0.102656,0.273217,0.08542,-0.271998,0.29597,0.018531,0.161837,0.407167,-0.063156,-0.533922,0.407167,-0.009483,0.418193,0.149848,0.290047,0.290047,0.640338,0.665577,-0.071911,-0.249487,0.156212,-0.227529,0.412314,-0.593715,0.591518,0.154413,0.640458,-0.094988,0.178205,0.420988,-0.391829,0.346706,-0.271998,-0.070704,-0.402225,0.068699,-0.525232,-0.101689,0.087539,-0.407902,-0.581792,0.311491,-0.01547,-0.302162,0.582727,-0.406757,0.346706,0.150243,-0.087539,0.01547,0.01547,0.39779,0.150243,0.345982,-0.153685,-0.096355,#
3,-0.082333,-0.611472,0.666667,1.0,0.036558,-0.205652,-0.373021,0.63335,-0.183384,-0.611472,0.439728,0.056237,-0.077095,-0.800599,0.171105,0.188581,0.093757,-0.129438,-0.827439,0.162087,-0.12154,-0.373021,-0.298938,-0.088025,0.514847,0.600874,-0.415445,-0.06281,0.179099,-0.338799,0.579676,0.80318,0.297968,-0.326804,0.026914,-0.112309,0.006458,0.118194,0.407648,0.03084,0.427631,0.091617,0.003797,-0.889654,0.499643,-0.376058,-0.431989,-0.559824,0.552672,-0.534335,0.185818,0.616061,-0.112309,0.76753,-0.048875,0.033085,-0.506163,-0.363319,-0.280897,-0.16948,0.315293,-0.424539,-0.354179,-0.005886,-0.175512,-0.332167,0.388143,0.097143,0.406962,-0.251435,0.110619,0.003134,-0.141002,-0.169686,0.65196,0.315293,0.159235,0.568443,0.145156,-0.07668,0.413176,0.526967,0.42221,0.387385,-0.400092,-0.364273,0.376558,0.036683,0.160267,0.163417,0.632217,-0.068493,0.260835,-0.546768,-0.478382,-0.178902,-0.144831,0.207878,0.011527,0.214495,-0.491186,0.612924,0.593859,0.551343,0.163417,0.394275,0.321553,0.53089,0.191058,0.297968,-0.475169,0.245693,0.44518,0.408658,0.335123,0.141081,0.57439,0.145156,0.262435,0.360025,0.122506,0.245867,0.611492,0.554611,0.45337,0.199185,-0.300639,-0.294834,-0.150801,0.159235,-0.358584,-0.082333,0.526967,-0.364764,0.166292,-0.194196,0.0,-0.194196,0.030245,0.468446,-0.003782,0.019121,0.335123,0.398218,0.30186,0.398674,0.370257,-0.407746,0.44518,-0.010506,0.223131,0.611492,-0.329914,-0.329914,0.611492,-0.029708,0.01066,-0.182838,-0.20737,-0.20737,0.548616,0.610347,0.123199,-0.581778,-0.030775,-0.550368,0.00463,-0.274699,0.387385,-0.17843,0.428287,-0.583142,-0.154662,0.154627,-0.077894,0.521253,-0.407746,-0.332064,-0.385551,0.109906,-0.786313,0.102848,-0.06961,-0.391609,-0.248188,0.468446,-0.416472,-0.492327,0.806053,-0.608539,-0.214741,0.649521,0.10536,0.031887,-0.385551,0.132654,-0.181099,0.526967,0.173311,0.51715,#
4,0.720193,0.305767,-0.06186,0.036558,1.0,0.013014,-0.421848,-0.057195,-0.071348,0.305767,0.034257,0.527172,-0.090913,0.129918,-0.238207,0.788201,-0.421758,-0.000986,-0.147676,-0.321487,0.293763,-0.421848,0.217367,-0.48654,0.068053,-0.285678,0.360505,-0.597414,0.491251,0.48802,-0.321487,0.427679,0.353779,-0.421462,0.171639,0.234717,-0.192722,-0.285678,0.257468,-0.120217,0.669864,0.012248,-0.182351,0.149693,0.074444,0.36866,0.17866,0.055425,-0.224172,-0.27803,0.216341,-0.281317,0.306254,-0.138743,-0.079282,0.201768,0.538295,0.212583,-0.301344,-0.318511,-0.351374,-0.191516,-0.016952,-0.367108,0.600258,0.129407,0.246382,0.533505,0.127709,0.423234,-0.843787,0.263924,0.318083,-0.524291,-0.281256,-0.351374,-0.333586,-0.042585,0.286805,0.009628,-0.194708,-0.148664,-0.295257,-0.322027,-0.130981,0.064865,-0.1227,-0.295257,-0.130981,-0.274124,0.275412,-0.489444,-0.172968,-0.059541,-0.475167,0.035436,0.183017,-0.319238,-0.199823,0.485355,-0.125637,-0.32357,0.138993,0.451196,-0.274124,0.152806,0.24764,-0.225194,0.043505,0.353779,0.026346,-0.214794,0.157747,-0.322027,-0.499553,0.308387,0.02765,0.286805,0.319146,-0.602219,-0.719094,-0.525779,-0.297218,0.019876,0.246151,0.019876,-0.420171,-0.35129,0.327666,-0.333586,-0.130981,-0.322192,-0.148664,-0.421634,-0.337886,-0.068591,0.0,-0.068591,-0.770167,-0.582398,-0.643873,-0.081558,-0.499553,0.216985,0.241156,0.248084,-0.100768,0.606478,0.157747,-0.643885,-0.525861,-0.297218,-0.421634,-0.042585,-0.297218,-0.194708,-0.201926,0.441923,-0.32357,-0.32357,-0.5876,0.019876,-0.049629,-0.05272,0.034975,-0.010823,-0.643885,0.295089,-0.322027,-0.068591,0.276912,0.213373,-0.525876,0.275412,0.705873,0.196924,-0.214794,0.126566,0.198521,-0.265645,0.126566,0.335974,-0.589118,0.193866,0.537135,-0.582398,-0.137797,-0.471301,-0.152273,0.307632,-0.396044,-0.165532,0.980508,0.646945,-0.137797,-0.418622,-0.0111,-0.148664,-0.031964,-0.041139,#
5,0.138168,0.148805,0.125622,-0.205652,0.013014,1.0,0.308818,-0.300554,-0.227084,0.148805,0.199161,-0.161906,0.439291,-0.044133,-0.316511,-0.15859,0.31254,0.228108,0.032235,-0.134446,0.577795,0.308818,0.372614,-0.326099,-0.123528,-0.647964,0.02053,-0.331179,0.140045,-0.056647,0.240154,0.099715,-0.270754,0.370007,-0.406707,-0.406026,0.018436,-0.152326,-0.406034,-0.52462,-0.406034,0.26582,0.038192,0.101705,-0.148013,-0.608368,-0.134955,-0.320993,-0.05156,0.459758,0.407663,-0.12805,0.149238,-0.356361,0.096924,0.801516,-0.216216,0.461733,0.655292,-0.401492,0.325621,-0.257613,0.363255,-0.10729,0.374261,0.50992,-0.406132,0.436837,-0.366771,-0.26132,-0.144928,0.094572,0.159781,-0.660883,-0.614841,0.325621,-0.131823,-0.066267,-0.057556,0.135062,0.039706,0.091426,0.379764,0.046033,-0.111434,-0.083661,0.06221,0.020348,0.442658,-0.550853,-0.125167,0.094346,-0.229751,0.614861,0.549638,-0.122975,0.281096,-0.10594,0.02991,0.203835,0.539828,-0.161586,0.243363,-0.53147,-0.550853,-0.81162,0.10107,-0.234806,-0.99054,-0.270754,0.157794,-0.270754,0.249058,0.13212,0.072875,-0.641233,-0.20276,-0.057556,-0.315017,0.06221,-0.092112,0.560271,-0.125352,-0.624968,0.28161,-0.14002,0.425893,0.268849,0.348924,-0.131823,-0.022779,0.117234,0.091426,0.298667,0.228813,-0.24195,0.0,-0.24195,-0.059832,-0.40037,0.02991,0.49008,0.072875,0.245286,0.351257,0.296038,-0.833211,0.454979,0.249058,0.379764,0.132414,-0.125352,0.373101,-0.092112,-0.125352,-0.398224,-0.375691,0.167699,-0.114532,-0.114532,0.118052,0.228813,-0.07492,0.18213,0.169875,0.643156,0.379764,-0.12321,0.046033,-0.24195,-0.385417,0.228517,0.543145,0.384861,0.162222,0.299029,-0.270754,0.419859,-0.347242,-0.274506,-0.029308,0.435552,0.082085,-0.000504,-0.524225,-0.40037,-0.000516,0.157794,-0.273337,0.168403,0.299029,-0.278585,-0.029308,0.065527,0.478296,0.280551,0.591392,0.091426,-0.137139,-0.139189,#
6,-0.327327,-0.327248,-0.106154,-0.373021,-0.421848,0.308818,1.0,-0.084566,-0.079969,-0.327248,-0.322036,-0.388409,0.20787,0.041343,-0.107949,-0.527102,0.529504,-0.514598,0.224795,0.094692,0.218218,1.0,-0.333945,-0.028485,0.077633,-0.18513,-0.222738,-0.033978,-0.140006,-0.428571,0.094692,-0.507339,-0.218218,0.511286,-0.232085,-0.327242,0.228121,0.331512,-0.327248,-0.422824,-0.327248,0.105772,0.21473,0.258353,0.047619,-0.064037,-0.387525,-0.022928,0.409667,0.321021,-0.476296,0.339312,-0.327242,-0.545577,-0.03455,0.214621,0.0,0.320256,0.480734,0.289268,0.183896,-0.198683,0.39036,0.338968,-0.031487,0.243263,-0.327327,-0.306947,-0.391074,0.312379,0.33941,-0.138127,-0.327,-0.05565,-0.16945,0.183896,0.097563,-0.428354,-0.201665,-0.027714,-0.223172,0.39323,0.213093,0.233686,0.401092,0.532686,0.435739,0.213093,-0.176481,-0.192917,-0.178256,0.46962,-0.082772,0.368551,0.481431,0.105875,0.284312,-0.350694,0.223058,0.114794,0.398216,-0.328727,-0.334057,-0.428345,-0.192917,-0.203007,0.024164,0.1691,-0.328727,-0.218218,-0.011235,-0.218218,0.25828,-0.32716,0.447486,-0.152721,0.097563,-0.201665,0.326762,0.435739,0.376347,0.356106,0.342216,0.114424,-0.529589,0.088996,0.056916,0.245573,0.233148,0.097563,-0.176481,0.218218,0.39323,0.999492,0.546692,0.369066,0.0,0.369066,0.409348,0.270728,0.223058,0.438228,0.447486,0.226342,0.337278,0.226089,0.0,-0.218218,0.25828,0.659103,0.369066,0.342216,0.514563,0.514563,0.342216,0.233316,-0.199802,-0.073654,0.114794,0.114794,0.228324,0.088996,0.047619,0.382,-0.5133,0.360291,0.659103,0.322777,0.233686,0.369066,-0.320592,0.014516,0.795116,0.353386,-0.297983,-0.459376,0.509175,-0.406751,-0.201685,0.219574,0.061452,-0.200558,0.436014,0.223217,-0.341734,0.270728,0.228576,-0.011235,-0.360427,-0.309336,0.299227,-0.075015,-0.406751,-0.631947,0.228576,0.500517,0.369517,0.39323,-0.041969,0.058398,#
7,-0.408144,-0.408046,0.562447,0.63335,-0.057195,-0.300554,-0.084566,1.0,0.141329,-0.408046,-0.401547,0.258125,-0.117394,-0.534254,0.191706,0.20869,-0.073579,0.001716,-0.432421,0.221506,0.107189,-0.084566,-0.256244,0.067089,0.796717,0.366999,-0.624604,-0.386152,0.553346,-0.534386,0.660614,0.507277,-0.272096,-0.533897,0.014881,0.096647,-0.030299,-0.101511,0.602169,-0.050314,0.097062,-0.20677,0.005023,-0.804225,0.815074,-0.138609,-0.476599,0.074649,0.2686,-0.632867,0.147216,0.378255,0.07646,0.375659,-0.335092,-0.381762,-0.532244,-0.473661,-0.308796,0.018896,0.398047,-0.281574,-0.276557,-0.108566,-0.506971,-0.162003,0.622523,-0.216327,0.296125,0.120394,-0.133882,-0.073342,0.08649,0.16992,0.405263,0.398047,0.221572,-0.118794,-0.128824,0.073301,0.389621,0.131975,0.003558,0.602191,0.450413,-0.093167,0.066778,-0.433669,0.450413,-0.117466,0.392189,0.116905,-0.263377,-0.665217,-0.336583,-0.580266,-0.381682,0.257148,-0.0268,0.269317,-0.123751,0.688277,0.673483,0.330132,-0.117466,0.375671,0.065129,0.238066,0.244673,-0.272096,-0.355744,0.415015,0.257513,0.092418,0.515701,0.434713,0.65812,-0.128824,0.201662,0.066778,0.420273,0.174921,0.378514,0.642279,0.256618,-0.1984,-0.532261,0.243982,-0.418048,0.221572,-0.095175,-0.408144,0.131975,-0.07604,0.233949,0.162758,0.0,0.162758,0.398323,0.273047,-0.0268,0.261386,0.515701,0.22052,0.075279,0.222528,0.542774,-0.272096,0.257513,0.003558,0.585012,0.378514,-0.534115,-0.534115,0.378514,0.389621,-0.030655,0.174866,-0.174287,-0.174287,0.610488,0.233949,-0.534386,-0.262182,0.106833,-0.673614,-0.012358,-0.016047,0.602191,0.14618,0.589249,-0.548883,-0.239683,-0.110011,-0.422284,0.307817,-0.272096,-0.552511,-0.439457,-0.263307,-0.552511,-0.117781,-0.386216,-0.413277,-0.183608,0.273047,-0.033023,-0.355744,0.561597,-0.438372,0.307817,0.552083,-0.110237,-0.4232,-0.439457,0.407646,0.132168,0.131975,0.378268,0.354769,#
8,-0.408107,0.102206,0.149516,-0.183384,-0.071348,-0.227084,-0.079969,0.141329,1.0,0.102206,-0.401511,-0.11002,-0.482259,-0.085926,-0.181131,-0.237332,-0.534224,0.451157,0.394023,0.216846,-0.408107,-0.079969,0.609832,0.479082,0.309947,-0.16728,-0.078815,0.036887,-0.252931,-0.079969,0.216846,-0.395183,-0.272071,-0.102881,0.392435,0.612426,0.356974,-0.147561,0.591196,-0.025371,0.081798,-0.570702,0.012749,0.057784,-0.098144,0.118015,0.238207,0.489176,-0.179203,-0.515971,0.286118,-0.158266,0.081396,0.058574,-0.360482,-0.424204,-1e-06,-0.476705,-0.695634,0.023204,-0.338905,0.359291,0.089393,-0.005731,-0.16419,-0.24024,0.091616,0.228775,-0.482411,-0.119226,-0.159906,-0.550498,-0.407699,0.127843,-0.193303,-0.338905,0.217345,-0.114545,-0.133975,0.068753,0.38543,-0.527943,-0.413654,0.077299,0.35883,0.33892,0.036774,-0.027804,0.35883,0.33001,-0.651943,0.033739,-0.666105,-0.247097,0.044397,0.195739,0.17043,0.630198,0.37153,0.240375,-0.125932,0.190588,-0.19115,0.321104,0.33001,-0.03501,-0.321867,-0.062867,0.190588,-0.272071,0.492701,-0.272071,-0.45759,-0.407899,0.04728,-0.172195,0.217345,-0.133975,-0.21836,-0.384678,0.33001,-0.253384,-0.155549,-0.206714,0.200795,0.205744,0.336706,0.188559,-0.626133,0.217345,0.35883,-0.408107,-0.527943,-0.097065,0.205744,0.154455,0.0,0.154455,0.35706,0.154198,-0.018749,-0.039425,0.04728,-0.490553,-0.600834,-0.488071,0.015815,-0.272071,-0.45759,-0.413654,0.154455,-0.155549,-0.097065,-0.097065,-0.155549,0.38543,0.365578,0.137747,0.613784,0.613784,-0.127735,0.205744,-0.534337,0.166369,0.50807,-0.28557,-0.027804,-0.245091,0.077299,0.556352,0.536708,0.148061,-0.259243,-0.144664,-0.453174,0.187555,-0.272071,-0.133354,-0.050292,0.20613,-0.133354,-0.15491,0.041771,-0.433994,-0.218231,0.154198,-0.050292,0.055316,-0.019585,0.048523,0.187555,-0.309849,-0.151224,-0.050292,-0.050292,0.306755,0.114311,-0.527943,0.2935,-0.533943,#
9,0.387162,1.0,-0.407899,-0.611472,0.305767,0.148805,-0.327248,-0.408046,0.102206,1.0,-0.2459,0.510721,0.070359,0.770987,0.158211,0.177395,-0.327179,0.373561,0.507203,-0.611304,0.387162,-0.327248,0.466967,-0.249489,-0.326725,-0.415962,0.291817,-0.252325,0.160568,0.763579,-0.611304,-0.210155,-0.166627,-0.326949,-0.025587,0.375062,-0.498813,-0.415962,-0.24988,0.26768,-0.24988,-0.057594,-0.499697,0.563255,-0.327248,0.127791,0.294335,0.311185,-0.967613,0.339908,0.325952,-0.996628,0.40006,-0.195338,0.320745,0.01744,0.329006,0.290779,0.057268,-0.247085,-0.060179,0.676601,0.113968,-0.335875,0.002475,-0.005463,-0.24994,-0.019439,0.000703,0.148728,-0.412782,0.452907,0.412234,0.039636,-0.46343,-0.060179,-0.61166,-0.327082,-0.40733,-0.243981,-0.49961,-0.842606,-0.499493,-0.249812,0.147728,-0.327075,-0.762572,-0.499493,0.147728,-0.459821,-0.411429,-0.294071,-0.407948,0.074203,0.230116,-0.174331,0.010517,-0.165928,-0.499484,-0.152574,0.336923,-0.170152,-0.127132,-0.327075,-0.459821,-0.499484,-0.612859,-0.946892,-0.170152,-0.166627,0.238694,-0.166627,-0.71028,-0.249812,-0.762555,0.139194,-0.61166,-0.40733,-0.407093,-0.762572,-0.459821,-0.407873,-0.997726,-0.611602,0.140632,-0.611602,0.153387,0.133012,0.101865,-0.61166,0.147728,-0.24994,-0.842606,-0.327082,-0.611602,-0.407936,0.0,-0.407936,-0.323725,-0.777312,-0.499484,-0.347276,-0.762555,-0.653358,-0.596813,-0.621194,-0.294071,0.682842,-0.71028,-0.499493,-0.407936,-0.997726,-0.327082,-0.327082,-0.997726,-0.49961,-0.023388,0.612309,-0.170152,-0.170152,-0.674434,-0.611602,-0.327248,0.081325,0.247497,0.109631,-0.499493,0.156425,-0.249812,-0.407936,-0.260578,0.420208,-0.407948,-0.411429,0.372555,0.020255,-0.166627,0.751428,0.493412,-0.507138,0.751428,0.249944,-0.224364,0.481843,0.407946,-0.777312,0.493412,0.238694,-0.261495,0.997486,0.020255,-0.406698,0.225678,0.493412,0.010267,-0.324746,0.112438,-0.842606,0.025956,-0.327007,#
10,0.268839,-0.2459,0.204471,0.439728,0.034257,0.199161,-0.322036,-0.401547,-0.401511,-0.2459,1.0,-0.2689,0.122791,-0.321957,-0.057011,-0.071686,0.294392,-0.072601,-0.491505,0.007672,-0.245959,-0.322036,0.005579,-0.102042,-0.321522,0.281455,0.239323,0.357441,-0.399772,0.127317,0.007672,0.356629,0.522425,0.317575,-0.060097,-0.245895,0.098029,0.281455,-0.2459,0.039591,0.278866,0.357703,0.088985,-0.177777,-0.322036,-0.406211,0.063697,-0.749441,0.339731,0.160409,0.091348,0.286249,-0.245895,0.460095,0.315637,0.484498,-0.103385,0.154701,0.12382,-0.24315,-0.059223,-0.170322,-0.020465,0.172813,0.393481,-0.090865,-0.245959,0.359712,0.181236,-0.56007,0.287528,0.034682,-0.245714,-0.400241,0.297098,-0.059223,0.003769,0.77128,0.298334,-0.09589,0.106627,0.469293,0.513881,-0.245834,-0.976498,-0.321866,0.347759,0.513881,-0.219523,0.306558,0.289039,-0.095582,0.616312,0.207127,-0.090014,0.448234,0.245055,0.021702,0.099725,-0.156742,-0.29866,0.015592,0.009639,0.144523,0.306558,-0.065826,0.290513,0.33884,-0.156742,0.522425,-0.084521,-0.163973,0.225378,0.489218,-0.106711,-0.43501,-0.165824,0.298334,0.005109,0.347759,-0.230623,0.198688,0.280524,-0.169961,0.236142,0.429901,0.350594,-0.480885,0.334455,0.003769,-0.219523,0.469039,0.469293,-0.321873,-0.002,-0.401439,0.0,-0.401439,-0.320934,0.234726,0.099725,-0.178868,-0.106711,0.213136,0.282906,0.211323,-0.278057,-0.163973,0.225378,0.093008,-0.401439,0.280524,0.313681,0.135726,0.280524,-0.491653,0.103793,-0.401253,0.015592,0.015592,0.045044,0.429901,0.751418,-0.401072,-0.078945,0.207769,0.093008,-0.380286,-0.245834,-0.401439,-0.207899,0.029298,0.190272,0.289039,0.295094,0.256513,-0.163973,0.329981,-0.048637,0.425505,-0.283652,0.283526,0.349617,-0.047497,-0.150459,0.234726,-0.45465,-0.084521,0.302964,-0.206898,-0.459336,0.049959,0.158164,0.515269,0.109257,-0.319574,-0.36952,0.469293,-0.332227,0.137428,#
11,0.357727,0.510721,-0.195926,0.056237,0.527172,-0.161906,-0.388409,0.258125,-0.11002,0.510721,-0.2689,1.0,-0.359019,0.189498,0.600745,0.673797,-0.378576,0.004387,-0.306945,-0.629867,0.423165,-0.388409,-0.080847,-0.466954,0.087924,0.004648,0.154645,-0.57421,0.715038,0.525494,-0.239556,0.310892,0.122151,-0.78752,0.391427,0.467114,-0.786896,0.004648,-0.068244,0.50499,0.311461,-0.393826,-0.369589,-0.012425,0.525494,0.145578,-0.157042,0.037281,-0.500051,0.030338,0.427481,-0.505384,-0.02332,0.190048,-0.104261,-0.03891,-0.011266,0.374085,-0.252385,-0.595152,0.29621,0.362963,-0.401903,-0.035111,-0.174364,-0.154408,0.444978,-0.239814,0.276452,0.424656,-0.50203,0.710986,0.489859,-0.150032,-0.014303,0.29621,-0.635639,-0.438838,-0.438942,-0.469828,-0.375989,-0.469831,-0.103431,-0.130809,0.156521,-0.339898,-0.635642,-0.882134,0.156521,-0.474947,0.019756,-0.096094,-0.248514,-0.552543,-0.526515,-0.324617,-0.374801,-0.213807,-0.794254,0.096386,0.170267,0.168363,0.195277,0.015809,-0.474947,-0.060726,-0.44507,-0.590477,0.112033,0.122151,-0.482232,0.296652,-0.364438,-0.093435,-0.534141,0.549819,0.084998,-0.438942,0.157468,-0.635642,-0.406664,-0.183064,-0.514975,0.070151,0.4093,-0.728956,-0.358418,-0.15017,0.301693,-0.635639,-0.328437,-0.602029,-0.469831,-0.380671,-0.674055,-0.140547,0.0,-0.140547,-0.24569,-0.409668,-0.794254,-0.470585,-0.534141,-0.331754,-0.16998,-0.306249,0.261773,0.354819,-0.364438,-0.424423,-0.171505,-0.514975,-0.787841,-0.438838,-0.514975,-0.375989,-0.372323,0.7247,-0.651547,-0.651547,-0.420901,-0.344653,-0.445528,-0.546502,-0.008618,-0.510369,-0.828636,0.626264,-0.130809,-0.561571,-0.089201,-0.099536,-0.603534,-0.490406,0.338314,0.332971,-0.401353,0.175034,-0.004301,-0.423253,0.175034,0.594764,-0.614961,0.348598,0.603422,-0.409668,0.047309,-0.482232,0.304341,0.503429,-0.212994,0.134192,0.493279,0.408577,-0.744041,-0.344952,-0.150189,-0.469831,0.37588,0.407061,#
12,0.059536,0.070359,0.325387,-0.077095,-0.090913,0.439291,0.20787,-0.117394,-0.482259,0.070359,0.122791,-0.359019,1.0,0.307186,-0.451748,-0.29119,0.669912,-0.1227,0.217128,0.018118,0.506058,0.20787,-0.006007,-0.184295,0.103159,-0.031212,-0.3419,-0.19173,0.010914,-0.163326,-0.054354,0.191502,-0.328867,0.305323,-0.985703,-0.493172,0.215139,-0.413804,-0.097203,-0.63722,-0.493182,0.894225,-0.139354,-0.05591,-0.256125,-0.343719,-0.182384,-0.17679,-0.009431,0.152769,-0.343836,-0.026288,0.466448,-0.239872,0.645095,0.253632,0.054901,0.01159,0.729925,0.454415,0.055289,-0.283794,0.654223,-0.424009,0.187764,0.315254,-0.4933,0.054096,0.37801,-0.068181,-0.02157,-0.010768,0.081568,-0.004338,0.000245,0.055289,0.016611,0.166113,0.046914,0.266799,-0.222004,0.301118,-0.186196,0.358249,0.001251,-0.163954,0.183756,0.195274,0.001251,-0.45139,0.493161,-0.122743,0.074689,0.517925,0.690474,-0.296709,0.375784,-0.409644,0.208847,-0.093754,0.265435,-0.032743,0.375664,-0.299868,-0.45139,-0.230728,0.207509,-0.119855,-0.417113,-0.328867,0.295797,-0.328867,0.336744,0.053434,0.197594,-0.013145,-0.505742,0.046914,-0.032621,0.183756,0.014545,0.015862,-0.027889,-0.066401,-0.359971,0.004955,-0.144191,0.389611,0.121435,0.016611,0.091296,0.569847,0.301118,0.223864,0.379573,-0.352472,0.0,-0.352472,-0.123155,-0.3198,0.208847,0.620987,0.197594,0.360467,0.226532,0.382996,-0.259482,0.408248,0.336744,0.248391,-0.099988,-0.027889,0.299466,-0.173044,-0.027889,-0.222004,0.213328,0.038515,0.040471,0.040471,0.30936,-0.066401,0.282109,0.408113,-0.185914,0.541219,0.560327,-0.406546,0.358249,-0.027562,-0.026702,0.215411,0.444224,0.493161,0.106952,-0.341334,0.379898,0.340106,0.242112,-0.358236,0.340106,-0.389254,0.205067,0.269189,-0.28003,-0.3198,0.594276,0.295797,-0.200718,0.111026,0.39784,-0.068654,-0.116106,-0.076512,0.661355,0.149523,0.381819,0.301118,-0.556909,-0.247085,#
13,0.232517,0.770987,-0.534061,-0.800599,0.129918,-0.044133,0.041343,-0.534254,-0.085926,0.770987,-0.321957,0.189498,0.307186,1.0,-0.034554,-0.017485,0.035606,0.003434,0.680756,-0.341758,0.232517,0.041343,0.149601,-0.041218,-0.427781,-0.221048,0.340597,-0.046634,-0.033888,0.529944,-0.800379,-0.512954,-0.218164,0.053188,-0.237579,0.221914,-0.192737,-0.221048,-0.327167,0.096133,-0.327167,0.185567,-0.233911,0.728381,-0.428466,0.39207,0.370717,0.454375,-0.701466,0.43375,-0.31779,-0.750365,0.243877,-0.493035,0.40201,-0.199654,0.567014,0.323186,0.27715,0.281134,-0.337981,0.547532,0.38898,-0.153701,0.114784,0.175202,-0.327246,-0.27477,0.170384,0.315588,-0.215506,0.232961,0.254653,0.33026,-0.277146,-0.337981,-0.344898,-0.428248,-0.227315,-0.05031,-0.654138,-0.534931,-0.653985,-0.327079,0.272253,0.059381,-0.517802,-0.213953,-0.297579,-0.269834,-0.234984,-0.094846,-0.088691,0.347439,0.36966,0.043005,0.116491,-0.408533,-0.208892,-0.396599,0.400256,-0.412043,-0.374852,-0.428239,-0.269834,-0.208892,-0.411317,-0.683649,0.051274,-0.218164,0.381528,-0.218164,-0.525419,-0.327079,-0.513851,0.260415,-0.800845,-0.227315,-0.108818,-0.517802,-0.269834,-0.534027,-0.753835,-0.349208,-0.519506,-0.349208,-0.005615,0.245133,0.235878,-0.344898,0.272253,0.210987,-0.534931,0.050182,-0.349208,-0.075778,0.0,-0.075778,-0.225437,-0.580222,-0.208892,-0.150707,-0.513851,-0.452498,-0.400548,-0.453298,-0.094846,0.528186,-0.525419,-0.213953,-0.53411,-0.753835,0.050182,0.050182,-0.753835,-0.203768,0.212416,0.362367,0.051274,0.051274,-0.586635,-0.800769,0.041343,0.360566,-0.109902,0.36626,-0.213953,0.221239,-0.327079,-0.075778,-0.319935,0.594755,-0.088691,-0.234984,0.240102,-0.618374,0.499481,0.536067,0.659029,-0.259349,0.997995,-0.192907,-0.044114,0.643577,0.54756,-0.580222,0.659029,0.381528,-0.549186,0.785848,0.130062,-0.519053,0.074139,0.234534,0.234534,-0.425189,-0.062936,-0.534931,-0.362589,-0.42815,#
14,0.009161,0.158211,-0.280463,0.171105,-0.238207,-0.316511,-0.107949,0.191706,-0.181131,0.158211,-0.057011,0.600745,-0.451748,-0.034554,1.0,0.072477,-0.097689,-0.243192,-0.344271,-0.552189,0.077867,-0.107949,-0.494674,-0.271047,-0.081249,0.375395,-0.105915,0.094459,0.141843,0.331843,-0.142384,0.03252,0.280932,-0.527268,0.425739,0.181113,-0.804432,0.375395,-0.40298,0.826049,0.01724,-0.37065,-0.376601,-0.074479,0.371825,-0.058374,-0.405853,-0.265656,-0.194434,0.285363,0.179334,-0.162718,-0.402972,0.487892,0.072979,-0.066301,-0.319326,0.239119,-0.115823,-0.398472,0.63083,0.509139,-0.626818,0.305992,-0.691974,-0.551461,0.146573,-0.705593,0.131339,0.178347,0.384981,0.694613,0.124463,0.215151,0.356467,0.63083,-0.54667,-0.16105,-0.63812,-0.7539,-0.371345,-0.192269,0.34909,0.091562,-0.03637,-0.527472,-0.432201,-0.468505,-0.03637,-0.130907,-0.148614,0.121768,0.112878,-0.656957,-0.343696,-0.224835,-0.488302,-0.117114,-0.805515,-0.214229,-0.049811,0.288487,-0.130889,-0.154,-0.130907,-0.035352,-0.609315,-0.288687,0.229343,0.280932,-0.782232,0.464149,-0.459588,0.130802,-0.329435,0.384942,0.209959,-0.63812,0.04741,0.031358,-0.059213,0.181528,-0.159335,0.198546,0.27094,-0.640471,-0.077653,-0.309277,0.112111,-0.54667,-0.545549,-0.403076,-0.192269,-0.099977,-0.582829,-0.215825,0.0,-0.215825,0.166825,0.211567,-0.376243,-0.722735,-0.329435,-0.486642,-0.316767,-0.490535,0.497508,-0.268718,-0.459588,0.012066,0.193722,-0.159335,-0.527483,-0.16105,-0.159335,-0.371345,-0.360418,0.199178,-0.572373,-0.572373,-0.096355,-0.236974,-0.167921,-0.657274,-0.293583,-0.64617,-0.412334,0.513482,0.091562,-0.657876,-0.431041,-0.508214,-0.259873,-0.684257,0.001925,0.245216,-0.268718,-0.03366,-0.023707,-0.044957,-0.03366,0.394717,0.04103,0.347267,0.259162,0.211567,0.03048,-0.301149,0.568302,0.161825,-0.328017,0.512959,-0.171246,-0.023707,-0.800393,-0.064614,-0.270825,-0.192269,0.569482,0.727029,#
15,0.560112,0.177395,-0.228524,0.188581,0.788201,-0.15859,-0.527102,0.20869,-0.237332,0.177395,-0.071686,0.673797,-0.29119,-0.017485,0.072477,1.0,-0.52699,0.137487,-0.346251,-0.139478,0.166283,-0.527102,-0.053572,-0.312255,-0.074435,-0.16438,0.415095,-0.417288,0.714231,0.313205,-0.139478,0.512251,0.256718,-0.52662,0.371752,0.111779,-0.387582,-0.16438,0.132789,0.239263,0.513656,-0.240531,0.031714,-0.068689,0.389597,0.437335,0.246333,0.190958,-0.204991,-0.146574,0.293769,-0.177659,0.177846,-0.06391,-0.393523,-0.023391,0.225974,0.152294,-0.258186,-0.397982,-0.096931,-0.249599,-0.485324,-0.222987,0.304334,0.221953,0.647629,0.241312,0.253457,0.330742,-0.677316,0.362704,0.692447,-0.221486,-0.163101,-0.096931,-0.14498,-0.176764,0.361933,0.142269,0.025224,-0.159563,-0.077115,-0.402375,-0.012869,-0.077526,-0.433741,-0.482564,-0.012869,-0.152712,0.347671,-0.319077,0.079269,-0.226159,-0.75759,-0.223287,-0.450734,-0.119709,-0.394422,0.192107,-0.092565,-0.128071,0.295369,0.279269,-0.152712,0.34135,0.313988,-0.093439,0.210941,0.256718,-0.294685,0.431753,0.201823,0.107467,-0.335297,0.388934,0.188639,0.361933,0.123692,-0.433741,-0.563663,-0.240751,-0.184661,0.177443,0.300153,-0.23863,-0.525006,-0.254912,0.241413,-0.14498,-0.012869,-0.40258,-0.159563,-0.526834,-0.56904,0.187556,0.0,0.187556,-0.565192,-0.477738,-0.394422,-0.19584,-0.335297,0.263825,0.305767,0.266272,0.039885,0.490098,0.201823,-0.399089,-0.234755,-0.184661,-0.526834,-0.176764,-0.184661,0.025224,-0.396288,0.236808,-0.554975,-0.554975,-0.334474,-0.23863,-0.18334,-0.219941,0.176973,-0.18991,-0.804538,0.419695,-0.402375,-0.234755,0.1247,-0.054432,-0.657085,-0.164052,0.53529,0.250831,-0.268387,-0.032391,-0.036669,-0.397357,-0.032391,0.398631,-0.873625,-0.035809,0.653849,-0.477738,-0.347274,-0.294685,-0.04067,0.163052,-0.296805,0.090478,0.756265,0.377472,-0.347274,-0.523071,-0.194773,-0.159563,0.122742,0.261795,#
16,-0.327257,-0.327179,0.360855,0.093757,-0.421758,0.31254,0.529504,-0.073579,-0.534224,-0.327179,0.294392,-0.378576,0.669912,0.035606,-0.097689,-0.52699,1.0,-0.482887,-0.203274,0.117762,0.231475,0.529504,-0.339467,-0.002778,0.089944,0.373699,-0.256447,-0.008424,-0.130417,-0.42848,0.134766,-0.010376,-0.218172,0.535408,-0.65392,-0.327172,0.251462,0.373699,-0.327179,-0.422735,-0.327179,0.585626,0.204087,-0.198779,0.059221,-0.528027,-0.405205,-0.487676,0.452023,0.318763,-0.470063,0.380864,-0.327172,-0.011629,0.439255,0.236948,-0.288532,0.322978,0.689603,0.281734,0.199872,-0.170322,0.581846,0.336677,0.076013,0.235797,-0.327257,-0.312694,0.38794,-0.178247,0.381775,-0.054778,-0.326931,-0.061454,0.395299,0.199872,0.111942,0.05065,-0.18395,-0.012164,-0.203335,0.624411,0.243259,0.247312,-0.137321,0.059859,0.462705,0.226945,-0.137321,-0.175139,0.384577,0.49714,0.357625,0.382927,0.509151,0.120336,0.326054,-0.330044,0.237067,-0.317206,0.400114,0.146579,0.137724,-0.428254,-0.175139,-0.208465,0.056566,0.194264,-0.334383,-0.218172,0.004521,-0.218172,0.299874,0.226798,0.474671,-0.145706,-0.327562,-0.18395,0.331934,0.462705,0.407886,0.387044,0.373247,0.11998,-0.462778,0.103239,0.07911,0.302234,0.445005,0.111942,-0.158447,0.750297,0.624411,0.547301,0.571998,-0.075333,0.0,-0.075333,0.320657,0.312312,0.237067,0.469431,0.474671,0.282536,0.376417,0.281172,0.006063,-0.218172,0.299874,0.683736,-0.058341,0.373247,0.529564,0.05065,0.373247,-0.203335,0.243166,-0.062413,0.129402,0.129402,0.501532,0.11998,0.512086,-0.068523,-0.491062,0.376729,0.683736,-0.144162,0.247312,-0.075333,-0.276617,0.166054,0.820024,0.384577,-0.265181,-0.407893,0.500198,0.084987,-0.180003,0.250526,0.084987,-0.159899,0.465178,0.254548,-0.319304,0.312312,0.26066,0.004521,0.107032,-0.275284,0.341299,-0.036381,-0.377408,-0.180003,0.244922,0.108153,-0.036381,0.624411,-0.576491,0.070253,#
17,-0.169061,0.373561,0.060814,-0.129438,-0.000986,0.228108,-0.514598,0.001716,0.451157,0.373561,-0.072601,0.004387,-0.1227,0.003434,-0.243192,0.137487,-0.482887,1.0,0.239999,0.292076,-0.169061,-0.514598,0.784687,0.439099,-0.164691,-0.417195,0.241002,0.048448,0.095674,-0.003784,0.292076,0.012138,-0.502848,-0.014786,0.116936,0.223233,0.143913,-0.417195,0.218902,0.049477,-0.329203,-0.351225,0.182676,-0.085129,-0.136217,-0.165736,0.591081,0.434513,-0.496378,-0.054941,0.681941,-0.423944,0.373589,-0.007329,-0.346924,-0.168064,-0.279821,-0.28901,-0.154458,-0.28303,-0.129421,0.174773,-0.093054,-0.224875,0.043159,0.300818,0.22108,0.434173,-0.183962,-0.600683,-0.318137,-0.312515,0.374161,0.062328,-0.436598,-0.129421,0.297242,-0.011988,0.165,0.489974,0.609177,-0.619408,-0.192163,-0.227776,0.093063,-0.152509,-0.499142,-0.192163,0.712631,0.115849,-0.385914,-0.040609,-0.323274,0.145811,0.080047,-0.170514,-0.326579,0.752805,0.161509,-0.186369,0.187916,0.286291,0.324909,-0.152509,0.115849,-0.32242,-0.067522,-0.243603,-0.217465,-0.502848,0.479624,0.219635,-0.30023,0.373849,-0.023632,-0.466952,-0.198501,0.165,-0.84134,-0.407744,0.115849,0.119248,-0.414067,-0.64352,0.467517,-0.152545,0.470342,0.444214,-0.426938,0.297242,0.712631,-0.169061,-0.619408,-0.532176,-0.152545,-0.010869,0.0,-0.010869,0.12828,-0.365704,0.246147,0.088298,-0.023632,-0.282071,-0.377383,-0.277581,-0.574008,0.277433,-0.30023,-0.192163,0.076289,-0.414067,-0.011988,-0.532176,-0.414067,0.119498,0.159003,0.031458,0.286291,0.286291,0.042731,-0.152545,-0.47676,0.102704,0.982714,0.126354,-0.192163,-0.492708,-0.227776,-0.010869,0.173783,0.285758,-0.323274,-0.385914,-0.205293,0.411569,-0.502848,0.460159,-0.2062,-0.311297,-0.042086,0.167197,-0.40668,-0.618702,-0.16712,-0.365704,-0.2062,0.574477,-0.132761,0.327101,0.411569,-0.382586,-0.135095,0.169874,0.255346,-0.089197,0.094267,-0.619408,-0.006926,-0.535702,#
18,0.003873,0.507203,-0.420294,-0.827439,-0.147676,0.032235,0.224795,-0.432421,0.394023,0.507203,-0.491505,-0.306945,0.217128,0.680756,-0.344271,-0.346251,-0.203274,0.239999,1.0,-0.012527,0.003873,0.224795,0.37018,0.199174,-0.252547,-0.498785,0.04278,0.189343,-0.364089,0.224795,-0.458012,-0.683962,-0.333053,0.214757,-0.234398,0.014144,0.186229,-0.498785,-0.024977,-0.160008,-0.49946,0.105449,-0.197315,0.699548,-0.654104,0.389321,0.392064,0.64996,-0.537253,0.14972,-0.256525,-0.529841,0.48823,-0.60351,0.204149,-0.226032,0.529974,-0.189181,0.110541,0.506751,-0.372048,0.328467,0.370633,-0.373295,-0.027102,0.079868,-0.49958,0.005887,-0.390327,0.184054,-0.030616,-0.223717,0.023987,0.410754,-0.533727,-0.372048,-0.005103,-0.247375,-0.031539,0.200669,-0.233497,-0.524632,-0.624607,-0.029307,0.456133,0.234098,-0.240829,0.1766,-0.097377,-0.04636,-0.517374,-0.242186,-0.382731,0.399667,0.59946,-0.025389,0.230618,-0.058868,0.190102,-0.070192,0.126055,-0.463751,-0.448269,-0.239555,-0.04636,-0.187967,-0.224709,-0.407695,-0.013705,-0.333053,0.617906,-0.333053,-0.38503,-0.499325,-0.230305,-0.042236,-0.44799,-0.031539,-0.40166,-0.240829,-0.04636,-0.431553,-0.518992,-0.400269,-0.429238,-0.016697,0.171714,0.30815,-0.36261,-0.005103,0.456133,0.023236,-0.524632,0.21735,-0.016697,0.019146,0.0,0.019146,-0.025794,-0.404326,0.190102,0.083328,-0.230305,-0.355216,-0.497229,-0.355635,-0.242186,0.338217,-0.38503,-0.19718,-0.036734,-0.518992,0.21735,0.21735,-0.518992,0.203973,0.204372,0.006318,0.379853,0.379853,-0.367032,-0.455323,-0.197752,0.812408,0.147665,0.395087,0.1766,-0.124817,-0.029307,0.40847,-0.034137,0.36735,-0.004362,-0.045621,-0.009647,-0.475241,0.364035,0.20908,0.592255,-0.224099,0.657776,-0.519659,0.199109,0.205528,0.013905,-0.404326,0.592255,0.617906,-0.708384,0.491909,0.251757,-0.431041,-0.222998,-0.201873,0.576984,0.146744,0.373648,-0.524632,-0.069783,-0.653621,#
19,-0.611451,-0.611304,0.274231,0.162087,-0.321487,-0.134446,0.094692,0.221506,0.216846,-0.611304,0.007672,-0.629867,0.018118,-0.341758,-0.552189,-0.139478,0.117762,0.292076,-0.012527,1.0,-0.611451,0.094692,0.110787,0.819432,0.049936,0.136203,0.085423,0.360351,-0.167719,-0.800577,0.546219,-0.119327,-0.407634,0.560773,-0.029877,-0.109059,0.829772,0.136203,0.394776,-0.333505,-0.10865,-0.103656,0.828114,-0.355668,0.077475,0.041344,0.42507,0.350237,0.517636,-0.287728,-0.224081,0.579147,-0.128375,-0.141199,-0.532206,-0.435073,-0.254644,-0.446614,-0.056675,0.414795,-0.413173,-0.446686,0.127022,0.247165,0.189972,0.469994,0.394484,0.189902,0.029975,-0.476609,0.109817,-0.873952,-0.137932,0.285036,0.141816,-0.413173,0.999739,0.087176,0.626589,0.83065,0.797711,0.32198,-0.025084,-0.132366,0.128193,0.543033,0.349821,0.410304,0.128193,0.646611,0.12381,0.403505,0.268884,0.30517,-0.022638,0.226408,-0.185935,0.607752,0.829573,-0.272604,0.001469,0.185824,0.169932,0.060558,0.646611,0.389188,0.575147,0.728,0.185824,-0.407634,0.441748,0.24984,0.408166,0.415124,0.787242,-0.379612,0.097468,0.626589,-0.118141,0.333186,0.646611,0.230831,0.583773,0.13836,-0.310355,0.585156,0.13993,0.437147,-0.321852,0.999739,0.692013,0.453657,0.32198,0.087176,0.585156,0.661115,0.0,0.661115,0.458967,0.431433,0.814169,0.536438,0.787242,0.401403,0.276499,0.349898,-0.081899,-0.407634,0.408166,0.410304,0.191756,0.583773,0.560557,0.087176,0.583773,0.797711,0.446566,-0.593622,0.644252,0.644252,0.593062,0.13836,0.129125,0.266765,0.399365,0.243387,0.410304,-0.483384,-0.132366,0.661115,0.375517,0.179749,0.268884,0.12381,-0.615042,-0.25675,0.302438,-0.354957,-0.419529,0.360027,-0.354957,-0.441832,-0.101039,-0.789478,-0.264687,0.431433,-0.419529,0.424484,-0.192156,-0.638475,0.483788,-0.216471,-0.371885,-0.403973,0.389389,0.016213,-0.216471,0.32198,-0.427783,-0.389436,#
20,0.375,0.387162,0.082384,-0.12154,0.293763,0.577795,0.218218,0.107189,-0.408107,0.387162,-0.245959,0.423165,0.506058,0.232517,0.077867,0.166283,0.231475,-0.169061,0.003873,-0.611451,1.0,0.218218,-0.058859,-0.761446,0.252342,-0.379795,-0.329109,-0.761228,0.598816,0.218218,-0.078897,0.341655,-0.166667,-0.327028,-0.499545,-0.249935,-0.498933,-0.379795,-0.24994,-0.322937,-0.24994,0.378412,-0.499817,0.045536,0.218218,-0.293455,-0.54077,-0.214516,-0.311267,0.236611,0.189797,-0.352958,0.387654,-0.251813,0.362487,0.533052,0.0,0.419314,0.526805,-0.247144,0.541744,-0.109001,0.223607,-0.427431,-0.009018,0.156765,-0.25,-0.030578,0.071685,0.42945,-0.376459,0.616323,0.399601,-0.406816,-0.345118,0.541744,-0.611807,-0.327161,-0.418754,-0.254,-0.49973,-0.053001,0.011355,0.392657,0.257325,-0.327154,-0.204642,-0.499613,0.257325,-0.992753,0.222132,-0.189889,-0.408046,0.064958,0.325191,-0.609435,0.15328,-0.610208,-0.499604,0.376605,0.428283,-0.071734,0.397544,-0.327154,-0.992753,-0.499604,-0.166098,-0.588362,-0.609741,-0.166667,-0.244556,-0.166667,0.133631,-0.249873,-0.200062,0.247865,-0.082359,-0.418754,0.085379,-0.204642,-0.34058,0.116563,-0.356416,-0.087393,0.173349,-0.611749,-0.326025,0.165494,0.33995,-0.611807,-0.404368,-0.25,-0.053001,0.228395,-0.087393,-0.408034,0.0,-0.408034,-0.258195,-0.620315,-0.499604,0.286888,-0.200062,0.150989,0.197693,0.214794,-0.189889,0.666667,0.133631,0.011355,0.124184,-0.356416,-0.327161,-0.327161,-0.356416,-0.49973,-0.499422,0.646925,-0.609741,-0.609741,-0.055069,-0.087393,-0.327327,0.07194,-0.240422,0.130347,0.011355,0.3114,0.392657,-0.408034,-0.211314,-0.078991,0.109195,0.222132,0.397654,0.164161,-0.166667,0.248082,0.030808,-0.714941,0.248082,0.288184,-0.181033,0.511455,-0.070025,-0.620315,0.523734,-0.244556,-0.041992,0.412805,0.164161,0.133685,0.248082,0.030808,0.030808,0.271791,0.64296,-0.053001,0.140544,0.230447,#
