0,1.0,0.422035,0.177518,-0.377931,0.032702,0.281894,-0.065351,0.124585,0.373818,0.367352,-0.53325,-0.246234,0.68225,0.572383,-0.047152,-0.407279,0.214937,0.47892,-0.369108,-0.159287,-0.061007,0.589292,0.47037,0.11477,-0.049361,-0.153369,0.428714,-0.203803,-0.047152,0.81409,0.039529,0.722584,-0.27159,-0.107497,-0.16429,0.173039,0.005096,-0.027252,0.387609,-0.532987,0.440345,-0.250566,0.25893,0.196393,0.105613,-0.802977,0.342331,0.323885,-0.76454,-0.315542,-0.315495,-0.468519,0.036864,-0.329691,-0.378598,-0.060457,-0.136739,-0.291596,0.286215,0.374419,0.538953,-0.203007,-0.254605,0.03033,0.045306,0.458235,0.039003,0.273963,0.544184,0.1974,0.084068,0.511316,-0.406978,-0.283196,-0.392364,0.079057,-0.142583,-0.015334,-0.235482,-0.189529,0.001694,-0.235482,0.126566,0.041799,-0.392364,-0.27159,-0.533111,-0.017283,0.193943,-0.533392,-0.363627,-0.378347,-0.182276,0.657341,0.507172,-0.119107,0.612667,-0.378742,-0.119039,-0.634993,0.672045,-0.407178,-0.015334,0.440345,-0.076244,-0.370705,-0.235482,0.252919,-0.569774,-0.108691,0.417154,0.105235,-0.565018,-0.235482,-0.222657,0.388433,-0.664805,-0.561108,0.39875,-0.376402,-0.533111,-0.385534,-0.174137,-0.076381,-0.3196,0.150425,0.126566,0.024438,0.264677,0.138233,0.113174,-0.017283,-0.392364,0.429863,-0.813645,0.111254,-0.27159,-0.128578,0.333802,0.090562,0.158241,-0.057967,-0.43191,-0.576575,-0.370705,-0.211781,-0.235482,0.344126,-0.387074,-0.814125,-0.443449,-0.561108,0.380623,-0.533111,-0.181725,-0.407385,0.968944,0.728498,0.0795,-0.532516,-0.392447,0.440345,0.365704,-0.776286,0.082379,0.994762,-0.407178,-0.206881,-0.439249,-0.407385,-0.01318,-0.107956,-0.813233,-0.561108,0.234698,-0.995893,0.111254,0.397026,0.576159,-0.546103,0.42118,0.407164,-0.513448,-0.183893,0.228915,-0.108796,0.671712,-0.086827,-0.541379,0.827963,0.090416,0.376285,0.235099,0.388407,-0.028044,0.6487,0.069282,-0.109198,0.593725,0.112513,#
1,0.422035,1.0,0.436938,-0.202339,0.199232,0.051403,0.561355,0.495138,0.6773,0.267793,-0.259607,-0.36048,0.47911,0.316151,0.557544,-0.051188,-0.029302,-0.140194,0.190839,-0.426646,-0.21509,0.089749,0.557544,0.064304,0.178936,-0.430565,0.644859,-0.118583,0.557544,0.610302,-0.601158,0.060687,-0.332482,-0.193827,-0.016104,0.429298,0.166236,-0.256203,0.378166,-0.203549,-0.332482,-0.076959,-0.257876,0.263232,0.684058,-0.601455,0.65422,0.215305,-0.515678,0.433988,-0.30448,-0.429521,-0.032938,0.265573,-0.403732,-0.503326,0.070336,-0.12739,-0.175502,0.433988,0.23715,-0.27047,-0.333817,0.095004,0.648119,0.052998,-0.490662,0.617969,0.642338,-0.240863,0.207026,0.178939,-0.060091,-0.400643,-0.996907,0.656859,-0.405277,-0.595315,-0.813984,-0.391514,-0.233185,-0.813984,-0.498723,0.625512,-0.996907,-0.332482,-0.652637,-0.590747,-0.415952,-0.652982,-0.69855,-0.631858,-0.805577,0.023899,0.251845,-0.204368,0.37772,-0.634346,-0.206244,-0.046945,0.675412,-0.498469,-0.595315,-0.332482,-0.652637,-0.252385,-0.813984,0.327406,-0.801237,-0.322305,0.170376,0.530135,-0.449342,-0.813984,-0.047945,-0.22784,-0.398497,-0.869293,-0.220984,-0.580759,-0.652637,-0.591588,-0.450258,-0.257874,-0.20432,0.023006,-0.498723,0.166804,-0.193233,-0.423206,-0.256874,-0.590747,-0.996907,0.564139,-0.652566,-0.498469,0.276645,0.1816,0.38506,-0.6499,-0.394772,0.170376,-0.641755,-0.414095,-0.252385,-0.292113,-0.813984,0.451356,-0.652566,-0.587395,-0.186004,-0.869293,-0.22917,-0.652637,-0.810866,-0.498723,0.496448,0.848643,-0.207483,-0.277215,0.260169,-0.332482,0.639747,-0.417762,-0.206936,0.473467,-0.498469,0.199316,-0.590747,-0.498723,-0.038699,-0.335221,-0.242661,-0.869293,0.038181,-0.449342,-0.498469,0.996332,0.844216,-0.436343,0.676278,0.247945,-0.21382,-0.010797,0.415467,0.065786,0.444284,-0.554854,-0.560102,0.642752,0.175025,0.616134,0.809157,0.026644,-0.253877,0.361222,0.644214,-0.483451,0.141573,0.064588,#
2,0.177518,0.436938,1.0,0.110965,0.804725,-0.166869,0.298355,0.087762,-0.058225,-0.50424,-0.124577,0.157609,-0.109179,-0.295884,0.413756,0.074219,0.146909,0.027238,0.024185,0.20979,-0.094193,-0.220805,-0.056867,-0.378456,0.340594,-0.531195,0.066103,0.241713,0.413756,0.028736,-0.055371,-0.130253,-0.26706,-0.106908,0.250574,0.205347,0.099474,-0.679434,-0.240084,-0.116819,-0.294036,0.086009,-0.434352,-0.248463,0.128745,0.010003,0.02863,0.873574,0.047796,0.278058,0.258597,-0.073466,-0.188867,0.011992,0.208395,0.148312,-0.047811,-0.367329,-0.377755,0.278058,-0.331511,-0.268795,0.428763,0.165734,0.113302,0.102074,0.144703,0.153265,0.194302,0.41366,0.662927,0.567071,0.084889,-0.263307,-0.464986,0.531543,-0.202427,-0.83335,-0.29585,-0.587453,0.370129,-0.29585,-0.441053,0.549696,-0.464986,0.380358,-0.126065,-0.033294,-0.279578,-0.13598,0.021676,-0.3887,-0.212251,0.252148,0.100495,-0.100661,0.578294,-0.819138,-0.09319,-0.171757,-0.041706,-0.420029,-0.429273,-0.294036,-0.126065,0.047278,-0.29585,0.545493,-0.623278,0.108205,0.331461,-0.359818,-0.626828,-0.29585,0.544781,-0.038563,-0.267901,-0.245297,-0.11832,-0.199164,-0.126065,-0.006403,0.20008,0.337893,0.53193,-0.653219,0.064742,0.624428,-0.143482,-0.670538,0.47716,-0.433009,-0.464986,0.496239,-0.064177,-0.420029,0.407334,0.383167,0.368869,0.03706,0.138761,0.781528,-0.079309,-0.170596,0.047278,0.381739,-0.29585,0.29572,-0.064177,-0.436196,-0.009573,-0.245297,-0.108754,-0.126065,-0.6179,0.064742,0.127571,0.416681,0.062351,-0.126423,-0.060373,-0.294036,0.401896,-0.061055,-0.364861,0.186639,-0.420029,0.167081,-0.033294,0.064742,0.17597,-0.074649,-0.039824,-0.245297,-0.53834,-0.218674,-0.420029,0.471456,0.225909,-0.569872,0.469018,-0.372982,-0.098036,0.63788,0.289235,-0.540821,0.294665,0.329661,-0.705852,0.052357,0.501555,0.834595,0.297049,-0.072767,-0.14781,0.11694,0.120631,-0.14544,-0.265079,0.157152,#
3,-0.377931,-0.202339,0.110965,1.0,-0.202135,-0.161018,-0.116357,-0.255468,-0.512755,-0.08896,-0.091426,0.081521,-0.08881,0.00417,-0.290485,-0.22547,-0.392479,-0.190078,-0.212051,0.779449,-0.065729,0.014871,0.159298,-0.22503,-0.097162,-0.189736,-0.173929,-0.101442,-0.290485,-0.21911,0.177087,-0.477375,0.249405,-0.073557,-0.053886,-0.29775,0.177691,0.092442,-0.507218,-0.023098,0.165336,0.827761,-0.287909,-0.019889,-0.367848,0.209378,0.111223,0.268109,0.391184,-0.233451,0.486558,0.813573,0.157178,-0.125519,0.443545,0.214987,0.747083,-0.463196,-0.225883,0.418344,0.029884,-0.553822,0.415344,-0.125812,0.446484,0.067346,0.292083,0.252027,0.051418,0.094367,0.451178,0.079391,0.353578,0.103506,0.183094,-0.426955,0.343818,-0.233587,0.492275,0.36484,0.612758,0.492275,0.248004,0.145314,0.183094,0.221382,0.417631,0.631546,0.052797,-0.078885,0.501084,0.528883,0.33838,-0.113191,0.052899,-0.06054,0.071983,0.061925,-0.060505,0.415784,-0.442456,0.312698,0.202969,0.165336,0.417631,0.996146,0.492275,-0.424663,0.343818,-0.13727,-0.089108,-0.214193,0.338901,0.492275,0.054576,-0.16781,0.543865,0.316308,-0.115576,-0.262168,0.417631,-0.238281,0.778977,0.261882,0.149553,0.071769,0.290039,0.535468,-0.106564,0.091168,-0.003045,0.199703,0.183094,0.256261,0.21087,0.312698,0.221382,-0.01236,0.453819,0.033151,0.490792,-0.051705,-0.183927,0.568323,0.996146,0.553681,0.492275,-0.198162,0.613845,0.23878,0.681967,0.316308,-0.04993,-0.013963,-0.103017,0.290039,-0.449136,-0.092891,0.528883,-0.022733,-0.31152,0.165336,-0.518212,0.703763,0.061925,-0.367215,-0.177056,0.049766,0.232922,0.290039,-0.258136,-0.054553,0.664845,0.316308,-0.089584,0.372821,0.312698,-0.180835,-0.323757,0.176821,-0.24022,-0.24727,-0.035186,0.374139,-0.027412,0.303463,-0.088332,0.194176,0.07403,-0.224425,0.560532,-0.178956,-0.503232,-0.29907,0.407578,-0.386048,-0.428571,0.232591,0.004189,-0.13764,#
4,0.032702,0.199232,0.804725,-0.202135,1.0,0.001389,0.044315,-0.060089,-0.214968,-0.652212,0.199659,0.432378,-0.353389,-0.582968,0.459785,0.471496,0.402051,0.206968,0.221532,-0.022729,-0.197803,-0.360382,-0.462088,-0.497937,0.212019,-0.309846,-0.150861,0.432247,0.459785,-0.168729,-0.220399,-0.01763,-0.332622,-0.243888,0.416752,0.447143,-0.111134,-0.486619,-0.332622,0.176832,-0.332622,-0.312108,-0.33665,-0.122166,0.215469,0.207162,-0.365372,0.671693,0.050854,0.303526,0.348823,-0.038431,-0.373181,0.134712,0.327136,-0.059619,-0.476466,-0.247542,-0.297181,-0.336068,-0.615321,0.349466,0.53078,0.253692,-0.158985,-0.185715,0.052729,-0.223796,-0.062448,0.528235,0.369346,0.2732,-0.042723,0.013675,-0.230648,0.620935,-0.428991,-0.601056,-0.432172,-0.836246,0.181481,-0.432172,-0.498933,0.196165,-0.230648,0.300943,-0.246336,-0.199355,-0.400326,0.193557,0.179233,-0.232285,-0.005459,0.034935,-0.193239,0.245403,0.425188,-0.682929,-0.230064,-0.459239,-0.113786,-0.498678,-0.616873,-0.332622,-0.246336,-0.26251,-0.432172,0.358735,-0.444831,0.3367,0.203119,-0.498505,-0.459381,-0.432172,0.375994,-0.235555,-0.437563,-0.06476,-0.203927,0.073213,-0.246336,0.25142,-0.032475,0.163122,0.606511,-0.813582,-0.023759,0.330037,-0.12393,-0.811895,0.646641,-0.183708,-0.230648,0.106771,0.135842,-0.498678,0.300943,0.201823,-0.194638,0.223645,0.009699,0.625939,0.154661,-0.084781,-0.26251,0.359727,-0.432172,0.020334,-0.259589,-0.2394,-0.208474,-0.06476,-0.212455,0.177179,-0.42939,-0.023759,-0.023317,0.166346,-0.215308,0.168881,0.031121,-0.332622,0.238479,0.058028,-0.66583,0.030354,-0.018093,0.299537,0.191808,-0.023759,0.355055,0.046551,-0.268022,-0.06476,-0.363625,-0.075937,-0.498678,0.227135,0.043096,-0.475383,0.247991,-0.155984,0.185095,0.379752,0.022595,-0.798363,0.036634,0.469966,-0.504321,-0.151348,0.182047,0.591151,0.437593,0.039519,-0.29901,-0.057323,0.245437,-0.005501,-0.529822,0.531342,#
5,0.281894,0.051403,-0.166869,-0.161018,0.001389,1.0,-0.282928,0.43096,-0.286728,0.132085,0.4717,0.259795,-0.163869,-0.037055,-0.32639,0.366953,0.196741,0.372728,-0.420822,0.135122,-0.392086,0.700443,0.118582,-0.020187,0.020456,-0.308998,-0.306394,-0.695314,-0.32639,0.030399,-0.438116,0.157556,-0.406494,0.110647,0.123814,-0.148338,-0.460436,0.364489,0.337417,-0.363237,0.257712,0.071933,-0.290053,0.544867,-0.020988,-0.11543,0.043648,0.00535,-0.150755,-0.220095,-0.343087,0.080223,0.158489,-0.0265,-0.364589,-0.512691,0.084395,-0.502896,-0.267375,-0.220095,-0.088371,0.295327,-0.320937,-0.470271,0.273134,-0.612094,-0.189567,-0.005499,0.259856,0.39558,-0.09213,0.333728,-0.150491,0.222754,-0.05354,-0.06228,-0.711015,0.379713,-0.209933,-0.278932,0.370607,-0.209933,0.366642,-0.540168,-0.05354,-0.406494,-0.388729,-0.022046,-0.209933,0.053918,0.286308,-0.13498,0.133648,0.188065,-0.08243,0.523529,0.235803,-0.131593,0.094912,-0.320533,0.179247,-0.145102,-0.01826,0.257712,-0.371679,-0.16196,-0.209933,-0.27078,-0.312464,-0.158627,0.045891,-0.031117,0.062521,-0.209933,-0.226289,-0.379712,-0.615968,0.077791,0.053918,-0.331075,-0.388729,-0.513579,0.110283,-0.426959,-0.1514,0.229932,-0.111587,-0.037497,-0.290168,0.220588,0.304778,0.371631,-0.05354,0.232824,-0.07819,-0.125755,0.231144,0.075519,-0.37134,-0.120652,0.240791,-0.397377,-0.427625,0.336564,-0.16196,-0.259482,-0.209933,-0.302013,-0.07819,-0.455971,-0.424846,0.077791,-0.371679,-0.371679,0.138953,-0.131513,0.340753,0.175663,-0.562131,0.029315,-0.347712,0.257712,0.075519,-0.083908,-0.561799,0.274413,-0.125755,-0.100165,-0.022046,-0.131513,-0.025556,0.046619,-0.484541,0.077791,0.193806,-0.339467,-0.125755,0.040821,-0.103428,-0.060566,0.387458,0.451074,0.030937,-0.297272,-0.597751,0.227677,-0.209101,0.023626,0.138735,0.047846,-0.574958,0.009596,0.203521,-0.360338,-0.00918,0.272153,0.374101,-0.454871,0.027592,0.42778,#
6,-0.065351,0.561355,0.298355,-0.116357,0.044315,-0.282928,1.0,0.594258,0.616741,0.365791,-0.205776,-0.399481,0.008417,-0.185741,0.482755,0.002273,-0.128006,-0.700983,0.133849,-0.404601,-0.358256,-0.279574,0.021998,0.127358,0.06396,-0.534269,0.168411,-0.107259,0.482755,0.173475,-0.336912,-0.428011,-0.321875,0.291973,-0.529477,-0.097651,0.095268,-0.655516,0.448424,0.269584,-0.321875,0.046649,-0.271192,-0.072076,0.220311,-0.124488,0.115589,0.118038,-0.086099,0.344147,-0.463312,-0.454713,0.056542,-0.141106,-0.428878,-0.185738,0.223536,0.242173,-0.283367,0.344147,-0.227019,-0.314084,-0.452569,0.287981,0.258312,0.133412,0.091489,0.020144,0.355011,-0.457081,0.111222,0.072957,-0.00742,-0.788015,-0.573767,0.667491,-0.083314,-0.529899,-0.389761,0.116451,-0.187359,-0.389761,-0.482812,0.602622,-0.573767,0.338381,-0.208113,-0.573767,-0.539106,-0.19991,-0.634918,-0.561673,-0.781786,-0.070713,0.197467,-0.632149,-0.145656,-0.083852,0.292675,0.496211,0.194626,-0.482566,-0.134293,-0.321875,-0.208113,-0.150935,-0.389761,0.69193,-0.330927,-0.651423,0.058319,0.632356,-0.345828,-0.389761,0.264473,0.10887,0.054835,-0.397209,-0.362,-0.465893,-0.208113,-0.277662,-0.397209,-0.326773,-0.358334,0.119143,0.01238,0.101601,-0.347526,-0.364718,-0.356158,-0.965102,-0.573767,0.314042,-0.196349,-0.482566,0.338381,0.730747,0.133499,-0.77794,-0.384106,0.498951,-0.342523,-0.24706,-0.150935,-0.434216,-0.389761,0.767123,-0.196349,-0.134506,-0.134506,-0.397209,-0.367001,-0.208113,-0.333878,0.01238,0.053154,0.267688,-0.296291,-0.224966,0.583017,-0.321875,0.558846,-0.297941,0.183428,-0.050721,-0.482566,-0.416875,-0.573767,0.01238,-0.023227,-0.386894,0.243105,-0.397209,-0.291213,0.053769,-0.482566,0.555831,0.355408,0.241033,0.189733,-0.089947,-0.190499,-0.103393,0.356151,0.208103,0.382316,-0.659075,0.055975,0.164465,0.116345,0.55242,0.365772,-0.030953,-0.237408,0.306914,0.175615,-0.577532,-0.375958,-0.48001,#
7,0.124585,0.495138,0.087762,-0.255468,-0.060089,0.43096,0.594258,1.0,0.288236,0.2958,0.168686,-0.405936,-0.024163,-0.126607,0.272986,0.313908,0.058094,-0.493137,-0.038174,-0.158652,-0.326038,0.182355,0.272986,0.458562,0.156197,-0.593103,0.054833,-0.594115,0.272986,0.021641,-0.497867,-0.05822,-0.166054,0.251462,-0.143771,-0.406496,0.014678,-0.273074,0.728082,-0.325875,-0.166054,0.162347,-0.529283,0.425645,0.356877,-0.010882,0.32127,0.005936,0.06134,0.209454,-0.756095,-0.366782,0.562768,0.006203,-0.722959,-0.343538,0.289093,-0.115913,-0.553751,0.209454,-0.191353,-0.132661,-0.624301,-0.029976,0.407915,-0.282828,-0.245055,0.119574,0.439685,-0.312828,-0.212022,0.20655,0.302426,-0.406533,-0.497892,0.363843,-0.609557,0.006753,-0.406533,-0.099589,-0.060183,-0.406533,-0.249081,0.261318,-0.497892,-0.166054,-0.325951,-0.497892,-0.406533,-0.326123,-0.288265,-0.760089,-0.609761,-0.089628,-0.209692,-0.326123,0.041539,-0.214133,0.235677,0.322265,0.293241,-0.248954,0.006753,-0.166054,-0.325951,-0.291999,-0.406533,0.432913,-0.609557,-0.583197,0.155447,0.445976,-0.172348,-0.406533,0.041539,0.018858,-0.40647,-0.168162,-0.326123,-0.476843,-0.325951,-0.481705,-0.168162,-0.495515,-0.26574,0.108432,-0.249081,-0.19467,-0.675262,0.083298,-0.284533,-0.497892,-0.497892,0.196002,-0.065279,-0.248954,0.600348,0.723026,-0.013588,-0.760426,-0.406747,0.155447,-0.496475,0.048113,-0.291999,-0.67841,-0.406533,0.358563,-0.065279,-0.497767,-0.497767,-0.168162,-0.325951,-0.325951,-0.094648,-0.249081,0.293805,0.27483,-0.760089,0.145851,0.463516,-0.166054,0.723026,-0.397861,-0.214133,0.139274,-0.248954,-0.346768,-0.497892,-0.249081,0.113209,-0.221898,-0.070269,-0.168162,-0.064053,-0.172348,-0.248954,0.510264,0.144366,0.22698,0.534041,0.040253,0.180499,-0.128116,-0.062475,0.4141,-0.058242,-0.454351,0.176293,0.046205,-0.291999,0.497671,0.417056,-0.319304,0.122096,0.579856,0.335622,-0.994757,-0.168831,-0.247635,#
8,0.373818,0.6773,-0.058225,-0.512755,-0.214968,-0.286728,0.616741,0.288236,1.0,0.560085,-0.428075,-0.532981,0.560095,0.47289,0.393046,-0.32695,-0.087716,-0.209781,0.229354,-0.800083,0.04194,-0.030716,0.393046,0.277117,0.053486,0.034105,0.654416,0.021509,0.393046,0.661593,-0.228789,0.139496,-0.218023,0.064776,-0.369686,0.333573,0.158003,-0.206812,0.545058,0.054196,-0.218023,-0.405102,0.290824,-0.053209,0.455341,-0.644603,0.45644,-0.275797,-0.613747,0.321167,-0.491063,-0.776672,-0.139652,0.087556,-0.51308,-0.256573,-0.166451,0.497413,0.288065,0.321167,0.441481,-0.17844,-0.608602,0.180333,0.138746,0.34192,-0.321749,0.333424,0.363669,-0.556708,-0.132873,-0.115637,-0.326708,-0.533766,-0.653717,0.474888,0.075031,-0.222845,-0.533766,0.089261,-0.653699,-0.533766,-0.327035,0.424693,-0.653717,-0.218023,-0.427963,-0.653717,-0.106366,-0.428189,-0.997466,-0.515482,-0.800597,0.081247,0.42539,-0.428189,-0.093605,-0.045687,0.051353,0.078918,0.663956,-0.326868,-0.222845,-0.218023,-0.427963,-0.510862,-0.533766,0.439729,-0.350144,-0.320393,0.044934,0.777556,-0.345402,-0.533766,-0.093605,0.170755,-0.087676,-0.799916,0.035682,-0.224483,-0.427963,-0.23204,-0.799916,-0.263809,-0.537396,0.364668,-0.327035,-0.205752,0.159098,-0.115172,-0.530924,-0.653717,-0.653717,0.212718,-0.653167,-0.326868,-0.218023,0.040068,0.214095,-0.538728,-0.534046,0.044934,-0.273547,-0.72181,-0.510862,-0.54158,-0.533766,0.623271,-0.653167,-0.214095,-0.214095,-0.799916,0.026748,-0.427963,-0.360747,-0.327035,0.459359,0.497881,-0.059796,-0.427485,0.399093,-0.218023,0.532018,-0.667728,0.413258,0.399805,-0.326868,-0.091242,-0.653717,-0.327035,-0.1305,-0.295005,-0.208756,-0.799916,0.102496,-0.345402,-0.326868,0.642743,0.793566,-0.139395,0.279173,0.240474,-0.388495,-0.342478,0.506103,0.168877,0.533794,-0.775034,-0.224905,0.65933,-0.051917,0.245035,0.519775,0.305348,-0.381578,0.366647,0.410825,-0.229511,0.272305,-0.325137,#
9,0.367352,0.267793,-0.50424,-0.08896,-0.652212,0.132085,0.365791,0.2958,0.560085,1.0,-0.427772,-0.532604,0.544048,0.455653,-0.127902,-0.326719,-0.115457,-0.221132,-0.205389,-0.377831,-0.427775,0.380374,0.373282,0.284555,-0.427585,-0.118132,0.253177,-0.439957,-0.127902,0.660469,-0.23979,0.133028,-0.217869,0.070964,-0.799757,-0.094516,0.023912,0.154228,0.554325,0.060255,0.47159,-0.006804,0.238465,0.413218,0.020951,-0.644147,0.236158,-0.320811,-0.613312,-0.373218,-0.527876,-0.217156,0.210905,-0.453414,-0.52304,-0.378589,0.32027,0.038034,0.237587,0.294961,0.440451,-0.204232,-0.675045,0.150339,0.329628,0.317644,0.104398,0.096195,0.574182,-0.471254,-0.2733,-0.123083,-0.326477,-0.533388,-0.24461,0.009845,0.069502,0.19586,-0.11752,0.517712,-0.234874,-0.11752,0.190291,-0.025511,-0.24461,-0.217869,-0.42766,-0.24461,-0.11752,-0.427886,-0.546145,-0.065622,-0.38217,0.075299,0.425063,-0.427886,-0.105102,0.41294,0.05738,0.089943,0.506499,-0.326637,0.19586,0.47159,0.014783,-0.05779,-0.11752,-0.042709,0.069502,-0.765178,0.032479,0.790974,0.077858,-0.11752,-0.533371,0.215794,-0.081973,-0.377752,0.023471,-0.625637,-0.42766,-0.632017,-0.377752,-0.650136,-0.98535,0.797366,0.190291,-0.250394,-0.012522,0.317189,-0.54283,-0.24461,-0.24461,0.181991,-0.652704,0.175427,-0.217869,0.045953,0.040848,-0.550424,-0.111462,-0.427642,-0.651395,-0.215958,-0.05779,-0.552506,-0.11752,0.483,-0.2396,-0.208384,-0.208384,-0.377752,0.014783,-0.42766,0.066662,-0.326804,0.430844,0.371867,-0.065622,-0.427183,0.085598,0.47159,0.045953,-0.390685,0.41294,0.366855,-0.326637,-0.575869,-0.653254,-0.326804,-0.301997,-0.413366,-0.202991,-0.377752,0.491159,-0.339414,0.175427,0.218219,0.359746,0.391442,-0.164358,0.631178,-0.416791,-0.783653,0.083883,0.623553,0.505724,-0.788417,0.344395,0.631698,-0.05779,-0.184169,0.086149,0.272253,0.051856,0.415722,-0.054347,-0.236083,0.269265,-0.324907,#
10,-0.53325,-0.259607,-0.124577,-0.091426,0.199659,0.4717,-0.205776,0.168686,-0.428075,-0.427772,1.0,0.344097,-0.799908,-0.561747,-0.256778,0.771286,0.353733,0.150166,0.241143,0.059896,0.028387,-0.128554,-0.299357,-0.326586,0.49222,0.155749,-0.663361,-0.30882,-0.256778,-0.653145,-0.224004,-0.428091,-0.218159,0.053428,0.50688,-0.094401,-0.169828,0.057966,-0.218159,0.060603,-0.218159,-0.113203,-0.526429,-0.00686,-0.072635,0.577015,-0.235923,-0.179144,0.503445,0.12199,0.150209,0.19808,-0.043112,0.308466,0.217811,-0.156245,-0.257328,-0.075382,-0.562518,-0.602071,-0.541786,0.496378,0.117563,-0.356523,-0.085236,-0.943602,-0.32195,-0.142833,-0.238821,0.362623,0.014243,-0.041366,0.188982,0.349174,0.213804,-0.046181,-0.370457,0.223827,-0.101476,-0.365885,0.190728,-0.101476,0.210688,-0.555981,0.213804,-0.218159,0.032038,-0.229017,-0.101476,0.530191,0.400178,-0.056866,0.086406,-0.357785,-0.529319,0.530191,-0.114766,-0.04896,0.050447,0.059171,-0.540457,0.195219,-0.223827,-0.218159,-0.42823,-0.095644,-0.101476,-0.251275,0.077847,0.154123,0.02229,-0.326959,0.494833,-0.101476,0.330757,-0.652022,-0.107639,0.507811,0.041085,0.314139,0.032038,0.115853,0.050953,-0.207285,0.327086,-0.095027,-0.327239,0.045377,-0.477834,-0.088297,0.41241,0.213804,0.213804,-0.188729,0.628295,-0.327072,0.499077,0.041009,-0.629235,-0.04904,-0.095163,0.02229,0.233802,0.35962,-0.095644,0.147646,-0.101476,-0.38955,0.180641,0.203777,-0.233844,0.507811,-0.42823,0.051216,0.095027,0.210688,-0.521869,-0.412351,-0.53734,0.501744,0.065783,-0.218159,0.041009,0.357409,-0.532871,-0.562239,0.216981,0.302772,0.213804,0.210688,-0.199466,-0.051916,0.170854,0.507811,-0.352171,0.494833,-0.327072,-0.229582,-0.547924,0.141393,0.141558,-0.216609,0.491774,0.052834,-0.800268,0.119468,-0.821734,0.294959,0.353071,-0.670348,-0.560198,-0.246422,0.097575,-0.741565,-0.061289,-0.137075,0.440936,-0.226249,-0.481526,0.177837,#
11,-0.246234,-0.36048,0.157609,0.081521,0.432378,0.259795,-0.399481,-0.405936,-0.532981,-0.532604,0.344097,1.0,-0.533493,-0.345952,-0.094775,0.112223,-0.253404,0.389128,-0.389643,0.251111,-0.118195,0.169013,-0.588398,-0.406621,-0.106616,-0.120386,-0.366809,0.232952,-0.094775,-0.404713,-0.04761,-0.226424,-0.271623,0.325609,0.258844,0.200757,-0.794482,0.27073,-0.271623,0.320541,-0.271623,0.078036,0.176792,-0.240793,-0.312606,0.307618,-0.509418,0.113598,0.161172,0.227438,0.264034,0.267245,-0.650552,0.255707,0.212533,-0.150846,-0.124811,-0.002089,0.220852,-0.430659,-0.380701,0.418041,0.252561,-0.484862,-0.234927,-0.411585,0.158475,-0.407002,-0.61371,0.5541,0.209806,0.14266,-0.407027,0.580178,0.360811,0.062384,-0.214757,-0.016275,0.121433,-0.206939,0.421746,0.121433,0.081487,-0.336748,0.360811,0.380272,0.3035,0.393009,-0.271778,0.764621,0.53258,0.503492,0.648806,0.261693,0.088763,0.817967,-0.209415,0.04243,0.336952,-0.19074,-0.216341,0.067483,-0.03255,-0.271623,-0.114838,0.077616,0.121433,-0.189402,0.192706,0.56033,-0.533152,-0.407085,-0.1905,0.121433,0.144903,-0.412752,0.110181,0.215924,-0.106691,0.296604,0.3035,0.310064,0.249142,0.396374,0.496298,-0.265752,0.081487,0.254039,0.410738,-0.259264,0.548133,0.409108,0.360811,0.069867,0.374322,-0.407227,-0.271623,-0.07987,-0.367863,0.518279,0.58217,-0.0981,0.387686,0.486786,0.077616,0.281671,0.121433,-0.619041,-0.03255,0.347215,0.379035,0.215924,-0.533175,0.32093,0.215924,0.570408,-0.24491,-0.383799,0.06679,-0.088763,-0.467812,-0.271623,-0.532467,0.483791,-0.397395,-0.234777,0.087263,0.204612,0.795488,0.570408,0.326307,0.644957,-0.041612,0.215924,-0.136207,0.204038,-0.407227,-0.383946,-0.221715,-0.259898,-0.04961,0.034239,-0.115936,0.222613,-0.149458,-0.545998,-0.144313,0.406556,-0.106926,-0.378223,-0.344616,-0.004175,-0.13644,-0.06905,-0.564369,-0.662471,0.109799,0.377316,-0.270331,0.652032,#
12,0.68225,0.47911,-0.109179,-0.08881,-0.353389,-0.163869,0.008417,-0.024163,0.560095,0.544048,-0.799908,-0.533493,1.0,0.833322,0.204853,-0.610944,-0.179447,0.057026,-0.037535,-0.241239,0.07794,0.307819,0.676429,0.422836,-0.341213,0.062985,0.845782,0.0811,0.204853,0.828502,-0.023939,0.655069,0.241327,-0.330643,-0.232586,0.27376,0.311461,0.250189,0.319175,-0.340515,0.241327,-0.05486,0.437461,0.327737,0.407557,-0.781902,0.606258,-0.078915,-0.681354,-0.105924,-0.222712,-0.248027,0.183414,-0.041005,-0.320021,-0.119611,0.133826,-0.02235,0.490355,0.522782,0.80712,-0.357774,-0.259841,0.232702,0.330723,0.691488,-0.200468,0.498417,0.459991,-0.423916,-0.194324,-0.088957,-0.104989,-0.16048,-0.429921,-0.040877,0.139403,-0.010518,-0.191784,0.160651,-0.402725,-0.191784,-0.124556,0.397106,-0.429921,-0.407402,-0.358905,-0.014656,0.21517,-0.800122,-0.533037,-0.095907,-0.261901,0.177645,0.372816,-0.341453,0.259891,-0.091946,-0.343296,-0.232662,0.773222,-0.110598,-0.010518,0.241327,0.057401,-0.081071,-0.191784,-0.051127,-0.265433,-0.134786,0.083532,0.440902,-0.253218,-0.191784,-0.578284,0.383011,-0.164242,-0.678018,0.066252,-0.346304,-0.358905,-0.360641,-0.24959,-0.040039,-0.438926,0.25519,-0.124556,-0.237503,0.338111,0.229817,-0.530299,-0.014656,-0.429921,0.154668,-0.808954,0.361806,-0.407402,-0.353537,0.573973,-0.106949,-0.171618,-0.349408,-0.442229,-0.457329,-0.081071,-0.267351,-0.191784,0.232127,-0.420254,-0.400463,0.009924,-0.678018,0.49036,-0.358905,-0.259857,-0.611103,0.680428,0.642299,0.33798,-0.349871,-0.036805,0.241327,0.114878,-0.477177,0.345044,0.721747,-0.110598,0.011898,-0.39916,-0.611103,0.02932,-0.088572,-0.390491,-0.678018,0.598571,-0.645839,0.361806,0.453515,0.719147,-0.268086,0.109933,0.449763,-0.322704,-0.230191,0.598696,0.112951,0.611658,-0.410332,-0.395186,0.85357,0.355919,0.059425,0.207536,0.601148,0.160352,0.295618,-0.051792,0.087187,0.740679,-0.034578,#
13,0.572383,0.316151,-0.295884,0.00417,-0.582968,-0.037055,-0.185741,-0.126607,0.47289,0.455653,-0.561747,-0.345952,0.833322,1.0,-0.179669,-0.760629,-0.358493,0.277294,-0.24153,-0.095981,0.380395,0.54719,0.798936,0.355948,-0.060497,0.266156,0.708874,-0.153048,-0.179669,0.693362,0.175795,0.463168,0.193359,-0.037358,-0.089311,0.131,0.139635,0.451102,0.277429,-0.499715,0.193359,0.085672,0.5106,0.054047,0.132895,-0.739914,0.742713,-0.283157,-0.553906,-0.085711,-0.203305,-0.240883,0.036992,0.108979,-0.305528,-0.00289,0.204026,0.082755,0.551916,0.593242,0.991164,-0.467353,-0.360782,-0.284289,0.275445,0.455854,-0.315742,0.665001,0.262187,-0.270622,-0.047743,0.05184,-0.214163,0.067711,-0.267313,-0.3514,0.30722,0.190129,0.033905,0.333913,-0.228459,0.033905,0.269021,0.121651,-0.267313,-0.507218,-0.088011,0.18114,0.473383,-0.555866,-0.443768,0.021096,-0.122185,0.360559,0.534482,-0.06054,0.116013,0.028827,-0.053905,-0.083279,0.614446,0.269485,0.190129,0.193359,-0.070028,0.040572,0.033905,-0.213354,-0.12997,0.040922,-0.041804,0.375343,-0.113034,0.033905,-0.371383,0.212613,0.057816,-0.567701,0.37975,-0.135108,-0.088011,-0.331187,-0.105033,0.17214,-0.352335,0.522342,-0.235394,-0.080285,0.506915,0.500555,-0.43696,0.18114,-0.267313,0.292302,-0.672119,0.289891,-0.507218,-0.513634,0.614342,0.012833,0.061778,-0.509345,-0.271702,-0.373882,0.040572,-0.179993,0.033905,0.007677,-0.252353,-0.240132,0.203055,-0.567701,0.397533,-0.519606,-0.116121,-0.256411,0.573924,0.456056,0.48966,-0.509703,-0.330878,0.193359,-0.007782,-0.395524,0.500742,0.6061,-0.220269,0.130329,-0.234094,-0.256411,-0.231062,0.06287,-0.224998,-0.567701,0.393467,-0.537034,0.289891,0.283092,0.607705,-0.375512,0.254907,0.273763,-0.496207,-0.088477,0.399834,0.31511,0.407215,-0.342461,-0.372543,0.71513,0.076873,-0.14773,-0.029253,0.247092,0.025277,0.155213,0.080003,0.187581,0.953324,-0.13764,#
14,-0.047152,0.557544,0.413756,-0.290485,0.459785,-0.32639,0.482755,0.272986,0.393046,-0.127902,-0.256778,-0.094775,0.204853,-0.179669,1.0,0.19429,-0.132996,-0.504674,0.455344,-0.45144,-0.207448,-0.469574,-0.128229,0.294295,-0.241432,-0.349133,0.563426,0.566061,1.0,0.06111,-0.532017,0.114577,0.145385,-0.215346,0.083645,0.436508,0.060749,-0.231906,0.242308,0.287003,-0.662308,-0.188161,-0.040956,0.228018,0.79787,0.025094,0.06435,0.070895,-0.076681,0.71701,-0.191495,-0.276517,-0.029692,0.448374,-0.244452,-0.366959,-0.138772,0.259224,0.004179,-0.065752,-0.257581,0.188437,-0.044932,0.4866,0.214946,0.14483,-0.312126,-0.036432,-0.016167,-0.490028,-0.266364,-0.353162,0.194621,-0.092279,-0.540674,0.77146,-0.415087,-0.477683,-0.637925,-0.388187,-0.543154,-0.637925,-0.993461,0.768216,-0.540674,0.113077,-0.25367,-0.502376,-0.59895,-0.264379,-0.389396,-0.330601,-0.425593,-0.368233,-0.266429,-0.200928,-0.104474,-0.321271,-0.214342,0.069582,0.4541,-0.370196,-0.497041,-0.662308,-0.25367,-0.358199,-0.637925,0.389002,-0.434473,0.053151,-0.252391,0.316524,-0.442246,-0.637925,-0.164679,-0.006399,-0.123144,-0.492735,-0.750837,-0.093996,-0.25367,0.115022,-0.453223,-0.03292,0.172419,-0.555489,-0.411923,-0.298977,-0.100852,-0.592625,-0.377388,-0.483227,-0.540674,-0.157608,-0.085972,-0.370196,0.113077,0.300833,0.040978,-0.340284,-0.613315,0.265074,-0.056347,-0.100556,-0.358199,-0.334391,-0.637925,0.141745,-0.569918,-0.036178,0.00167,-0.492735,-0.212205,0.264646,-0.41836,-0.411923,0.060044,0.235745,-0.309824,0.265187,0.696282,-0.662308,0.345694,-0.070877,-0.300345,0.018574,0.217966,0.221033,-0.023655,-0.411923,0.657496,0.136786,-0.059619,-0.492735,0.193652,0.027029,-0.370196,0.564643,0.505877,-0.087611,0.143028,0.103086,0.307258,0.082587,0.650589,-0.460214,0.188943,-0.312899,-0.29037,0.114981,0.18587,0.538759,0.668163,0.443353,-0.2327,-0.123278,0.270719,-0.248238,-0.301206,0.269654,#
15,-0.407279,-0.051188,0.074219,-0.22547,0.471496,0.366953,0.002273,0.313908,-0.32695,-0.326719,0.771286,0.112223,-0.610944,-0.760629,0.19429,1.0,0.602359,-0.090887,0.518286,-0.131507,-0.327156,-0.40689,-0.423681,-0.249436,0.18635,-0.063211,-0.506654,-0.059401,0.19429,-0.498852,-0.499574,-0.190715,-0.166623,-0.327161,0.380345,0.092368,0.045468,-0.153578,-0.166623,0.229117,-0.166623,-0.304659,-0.645326,0.35609,0.290169,0.529783,-0.375232,0.036344,0.352118,0.104006,0.125769,0.192664,0.146409,0.165015,0.199216,-0.33102,-0.365008,-0.215483,-0.667212,-0.719873,-0.76153,0.663081,0.231057,0.244241,0.002164,-0.720693,-0.245895,-0.316329,0.012891,0.185487,-0.180508,-0.226547,0.33733,0.104847,0.004268,0.320294,-0.611648,0.010187,-0.407928,-0.610991,-0.0335,-0.407928,-0.249935,-0.259865,0.004268,-0.166623,-0.327069,-0.4996,-0.407928,0.229292,0.295328,-0.215984,-0.096621,-0.611838,-0.762309,0.229292,0.069208,-0.21118,-0.327055,-0.136504,-0.347312,-0.249808,-0.49918,-0.166623,-0.327069,-0.264299,-0.407928,-0.094019,-0.101541,-0.050914,0.185554,-0.249721,0.368386,-0.407928,0.069208,-0.497994,-0.407865,0.378199,-0.327242,0.067583,-0.327069,0.061108,-0.141641,-0.497215,0.224537,-0.407555,-0.249935,-0.162178,-0.715754,-0.40671,0.304573,0.004268,0.004268,-0.36676,0.470415,-0.249808,0.649491,0.206646,-0.709302,-0.211521,-0.408142,0.185554,0.016219,0.263585,-0.264299,0.036067,-0.407928,-0.148381,-0.038952,-0.001523,-0.499474,0.378199,-0.327069,0.218474,-0.091492,-0.249935,-0.398587,-0.180909,-0.762696,0.730933,0.428126,-0.166623,0.206646,0.261321,-0.761803,-0.42942,0.369249,0.201955,0.004268,-0.249935,0.091843,-0.251431,-0.044281,0.378199,-0.093786,0.368386,-0.249808,-0.010449,-0.418487,0.265244,-0.004185,0.010716,0.738812,-0.13417,-0.611219,-0.09842,-0.627614,0.213469,0.335943,-0.511991,-0.264299,-0.023257,0.418487,-0.355864,0.10972,0.043073,0.336773,-0.370808,-0.734113,0.324061,#
16,0.214937,-0.029302,0.146909,-0.392479,0.402051,0.196741,-0.128006,0.058094,-0.087716,-0.115457,0.353733,-0.253404,-0.179447,-0.358493,-0.132996,0.602359,1.0,0.36048,0.443307,-0.190199,-0.070135,-0.268952,-0.132996,-0.407341,0.365146,0.240185,-0.389939,-0.087946,-0.132996,0.04601,0.00777,0.244132,-0.272104,-0.534269,0.229,0.158596,0.417571,-0.392946,-0.272104,-0.093237,0.401677,-0.633248,-0.404518,0.119995,0.048727,0.022726,-0.249791,0.308416,-0.096553,-0.430467,0.259075,-0.093915,0.136403,-0.341255,0.351503,0.105197,-0.642355,-0.343447,-0.455415,-0.430467,-0.302021,0.383237,0.352172,0.451126,-0.297599,-0.173329,0.014675,-0.130904,0.370568,0.434891,0.065303,0.127726,0.07689,-0.259754,-0.017167,0.103188,-0.174707,-0.007764,-0.259754,-0.589994,-0.0222,-0.259754,0.09718,-0.372506,-0.017167,-0.272104,-0.534119,-0.416519,0.162289,-0.093308,0.050314,-0.378901,-0.182468,-0.150275,-0.347213,-0.093308,0.580924,-0.371243,-0.534096,-0.604565,-0.248899,-0.407948,-0.411474,0.401677,-0.101737,-0.396914,-0.259754,0.08825,-0.190257,-0.092452,0.805722,-0.407806,0.201585,-0.259754,0.162393,-0.022862,-0.666063,0.213463,0.36475,0.047979,-0.534119,0.037588,-0.198548,-0.430036,0.004688,-0.253545,0.09718,0.006935,-0.464362,-0.246883,0.522955,-0.017167,-0.017167,-0.182735,-0.031511,0.0827,0.401677,-0.093135,-0.401862,0.082083,-0.253911,0.356064,-0.032284,-0.421786,-0.396914,0.253917,-0.259754,0.29376,-0.031511,-0.421003,-0.815665,0.213463,0.347275,-0.101737,-0.174312,-0.408156,0.082496,0.186321,-0.362235,0.321309,0.075183,0.401677,0.392649,-0.295517,-0.354458,0.143335,0.0827,0.035836,-0.416519,-0.408156,-0.292269,-0.605153,-0.439417,0.213463,-0.177667,-0.206198,0.0827,0.007963,-0.244075,-0.062276,0.019035,-0.007146,0.324852,-0.193677,-0.570372,-0.126313,-0.180325,0.377614,0.010447,-0.00756,0.056279,-0.012945,0.260346,-0.116508,0.27969,0.570877,0.096026,-0.119245,-0.280341,0.047996,#
17,0.47892,-0.140194,0.027238,-0.190078,0.206968,0.372728,-0.700983,-0.493137,-0.209781,-0.221132,0.150166,0.389128,0.057026,0.277294,-0.504674,-0.090887,0.36048,1.0,-0.231308,0.081348,0.244444,0.435742,0.089421,-0.493969,0.267673,0.386436,-0.127484,-0.058335,-0.504674,0.26926,0.245354,0.379297,-0.329972,-0.186866,0.381508,0.375921,-0.194409,0.270958,-0.329972,-0.302194,0.356369,-0.364774,0.232251,-0.162627,-0.255504,-0.348566,-0.0142,0.180594,-0.389768,-0.341276,0.369257,-0.010177,-0.446244,-0.035994,0.319262,0.072253,-0.478786,-0.287594,0.259026,-0.187779,0.302959,0.218534,0.28636,-0.362043,-0.270312,-0.118337,-0.062965,0.148024,0.006004,0.754493,0.321758,0.388957,-0.494463,0.354512,0.137133,-0.275135,0.024226,0.150259,0.020137,-0.379203,0.276077,0.020137,0.534554,-0.594252,0.137133,-0.329972,-0.207267,0.246655,0.434125,0.146892,0.198409,0.170263,0.372209,0.501455,0.301927,0.613488,0.487581,-0.277588,-0.189641,-0.784006,0.024736,0.005088,-0.166076,0.356369,-0.207267,-0.157903,0.020137,-0.30286,-0.070813,0.483563,0.268399,-0.494533,-0.059676,0.020137,0.044852,-0.195339,-0.399702,-0.048426,0.699895,0.221428,-0.207267,0.027349,0.064568,0.203656,0.179082,0.032284,0.019798,0.280724,0.429141,0.044719,0.66588,0.559575,0.137133,0.222432,-0.260977,0.005088,-0.329972,-0.646849,-0.086407,0.629613,0.468792,-0.189641,0.114629,-0.274745,-0.157903,0.436634,0.020137,-0.292947,-0.166076,-0.277866,-0.16963,-0.048426,0.233175,-0.308907,-0.048426,0.019798,0.336623,0.202039,0.272122,-0.301927,-0.771922,0.356369,-0.170337,-0.15768,-0.175001,0.445348,-0.110249,0.331421,0.152779,0.019798,-0.282194,0.074894,-0.581798,-0.048426,-0.033093,-0.475061,0.005088,-0.154123,0.049725,-0.664048,0.20805,0.174696,-0.316686,0.027301,-0.355058,-0.29025,0.052856,0.49389,-0.440077,0.257202,-0.157903,-0.179531,-0.03315,-0.03666,-0.200795,0.05919,0.204524,0.458369,0.399794,0.446369,#
18,-0.369108,0.190839,0.024185,-0.212051,0.221532,-0.420822,0.133849,-0.038174,0.229354,-0.205389,0.241143,-0.389643,-0.037535,-0.24153,0.455344,0.518286,0.443307,-0.231308,1.0,-0.456807,0.193833,-0.810884,-0.046732,-0.084413,0.235279,0.434592,0.148485,0.4291,0.455344,-0.144576,-0.217499,-0.044353,0.252366,-0.651993,0.37682,0.438954,0.634788,-0.205728,-0.332061,0.270047,-0.332061,-0.495666,-0.268906,0.067635,0.595704,0.230298,0.049821,-0.192024,0.152495,0.298126,0.343253,-0.021712,0.071762,0.37165,0.38459,-0.04742,-0.486367,0.222679,-0.28521,-0.371242,-0.202352,0.327877,0.331452,0.576906,-0.003074,-0.127456,-0.490041,0.126801,0.037463,-0.32086,-0.205192,-0.609294,0.435494,-0.023093,-0.219505,0.276214,0.005626,-0.210197,-0.439701,-0.400518,-0.616335,-0.439701,-0.498091,0.22279,-0.219505,-0.332061,-0.254707,-0.628876,-0.023093,-0.199994,-0.254816,-0.207519,-0.425707,-0.792439,-0.589804,-0.199994,0.004368,-0.196352,-0.651782,0.001442,-0.143129,-0.047223,-0.624036,-0.332061,-0.254707,-0.238861,-0.439701,-0.062463,0.005626,0.090843,0.226299,0.000737,0.39579,-0.439701,0.004368,-0.240578,-0.010218,-0.035355,-0.199994,0.279039,-0.254707,0.265714,-0.457704,-0.231047,0.153784,-0.365016,-0.498091,-0.261547,-0.374779,-0.42728,-0.196905,-0.219505,-0.219505,-0.494806,0.164319,-0.047223,0.332061,-0.216982,-0.198907,-0.223027,-0.813379,0.226299,0.168305,-0.28807,-0.238861,0.146117,-0.439701,0.101783,-0.249521,0.199994,-0.20457,-0.035355,0.188524,0.188524,-0.417571,-0.498091,-0.413055,-0.003317,-0.207519,0.613294,0.69607,-0.332061,0.262548,0.107901,-0.196352,-0.367066,0.455734,0.528797,-0.219505,-0.498091,-0.073087,-0.413944,0.174812,-0.035355,0.006244,0.39579,-0.047223,0.232647,0.02919,0.109521,-0.130261,-0.15278,0.637933,-0.02229,-0.020302,-0.087325,-0.378652,-0.023389,0.033388,-0.164804,0.208497,-0.164336,0.462867,0.01063,0.16511,-0.036575,0.272934,0.026523,-0.31559,-0.030032,#
19,-0.159287,-0.426646,0.20979,0.779449,-0.022729,0.135122,-0.404601,-0.158652,-0.800083,-0.377831,0.059896,0.251111,-0.241239,-0.095981,-0.45144,-0.131507,-0.190199,0.081348,-0.456807,1.0,0.100282,0.233583,0.0608,-0.112069,0.055374,-0.216152,-0.372606,-0.212199,-0.45144,-0.40182,0.40871,-0.173541,0.297968,0.077926,0.20549,-0.549649,0.032628,0.076971,-0.407746,-0.389835,0.271831,0.774106,-0.308595,-0.06372,-0.524179,0.379316,-0.01824,0.432932,0.545203,-0.348957,0.363965,0.694743,0.31184,-0.190794,0.348817,0.453853,0.574849,-0.588146,-0.287482,0.309644,-0.070348,-0.437874,0.461139,-0.300858,0.123088,-0.019167,0.37873,0.073161,-0.110185,0.425539,0.388604,0.406425,0.408905,0.288048,0.413175,-0.591697,0.159235,0.040534,0.666424,0.175124,0.800103,0.666424,0.407746,-0.086679,0.413175,0.245693,0.53457,0.831454,0.272283,0.071866,0.801491,0.362285,0.603084,0.182831,-0.088831,0.106088,0.244301,-0.07668,0.089269,0.167839,-0.516774,0.427691,0.432056,0.271831,0.53457,0.778749,0.666424,-0.269994,0.159235,0.125618,0.063617,-0.611095,0.151861,0.666424,0.211829,0.054777,0.238555,0.567675,0.088977,-0.032196,0.53457,-0.029738,0.999213,0.455422,0.435018,-0.166222,0.388143,0.457101,-0.106811,0.309283,0.33189,0.444159,0.413175,0.177583,0.393364,0.427691,0.245693,0.08134,0.370882,0.381027,0.665846,0.046173,0.039632,0.594854,0.778749,0.524156,0.666424,-0.369036,0.800547,-0.003782,0.409584,0.567675,0.115241,0.098468,0.191607,0.388143,-0.23567,-0.220473,0.362285,0.090841,-0.525271,0.271831,-0.372329,0.492336,-0.07668,-0.170995,-0.067177,-0.029677,0.428667,0.388143,-0.038207,0.212655,0.374396,0.567675,-0.221793,0.136042,0.427691,-0.390545,-0.553276,0.000692,-0.036738,-0.410814,0.064121,0.57389,-0.206341,0.086513,-0.241465,0.612602,-0.009669,-0.389777,0.338586,-0.020287,-0.655029,-0.369386,0.512112,-0.180139,-0.519699,0.114824,0.084106,-0.030932,#
20,-0.061007,-0.21509,-0.094193,-0.065729,-0.197803,-0.392086,-0.358256,-0.326038,0.04194,-0.427775,0.028387,-0.118195,0.07794,0.380395,-0.207448,-0.327156,-0.070135,0.244444,0.193833,0.100282,1.0,-0.134017,0.286312,0.193854,0.53542,0.681143,0.210004,0.208322,-0.207448,-0.191306,0.671094,0.159812,0.518869,0.046918,0.542964,-0.082995,0.343538,0.085983,-0.218161,-0.428134,-0.218161,-0.082305,0.263285,-0.583838,-0.066519,0.154235,0.349747,-0.26151,0.305277,0.178742,0.208059,-0.208043,0.011166,0.38701,0.217797,0.663006,-0.248719,0.403412,0.208762,0.178742,0.443893,-0.234964,0.179234,-0.291256,-0.392965,0.133088,-0.321952,0.365604,-0.425592,-0.028716,0.021157,-0.016018,0.247395,0.363391,0.227773,-0.49988,0.534237,0.237948,0.363391,0.100548,-0.224772,0.363391,0.20342,-0.006337,0.227773,-0.218161,0.526611,0.227773,0.807953,0.03474,-0.025615,-0.041711,0.10069,0.091748,-0.053951,0.03474,-0.076267,-0.033697,0.043979,0.118025,-0.197516,0.756439,0.237948,-0.218161,0.072559,-0.033697,0.363391,-0.00502,0.091988,0.632145,0.063654,-0.326961,0.100548,0.363391,0.363239,0.223783,0.350515,0.109438,0.51724,0.747002,0.526611,0.550007,0.109438,0.67182,0.461335,-0.100954,-0.327241,-0.051325,0.340388,0.389017,-0.045992,0.227773,0.227773,-0.214683,0.237948,0.241202,-0.218161,-0.427665,0.374179,0.444395,-0.1011,0.063654,0.641565,-0.312097,-0.033697,0.236437,0.363391,-0.232235,0.237948,0.217582,0.217582,0.109438,0.54553,0.072559,0.109438,0.20342,-0.115007,-0.270978,0.432274,0.082287,-0.095848,-0.218161,0.08404,-0.123717,0.443678,-0.065458,0.241202,0.461541,0.227773,0.20342,-0.14018,0.256846,0.227466,0.109438,-0.300753,0.100548,0.241202,-0.189111,-0.056227,-0.343964,0.178391,-0.629436,0.070613,0.548127,0.129098,-0.041884,-0.324955,0.358982,-0.27853,-0.183011,-0.014602,-0.205939,-0.330191,-0.159328,0.115631,-0.097185,-0.024579,0.335046,0.526747,-0.325343,#
