0,1.0,0.189206,0.221741,-0.075222,0.514486,0.082231,0.52327,-0.218002,0.791487,0.202421,-0.523689,0.202174,-0.11242,0.747643,0.0,-0.08243,0.041981,0.089497,-0.069139,0.470426,-0.555908,-0.542752,-0.523689,-0.664045,0.221741,-0.081791,0.421923,0.077652,0.393969,0.319593,-0.756753,0.527795,-0.08817,-0.103048,-0.156865,0.047398,-0.349603,-0.350144,-0.327003,0.38629,-0.533864,-0.349603,-0.083028,-0.218307,-0.218002,-0.106669,0.232345,0.401468,0.493261,0.631037,0.158344,-0.230047,0.2601,0.310377,-0.449678,0.184461,0.533905,-0.51202,-0.405592,0.167481,-0.605864,0.745526,0.223127,-0.542752,-0.800498,-0.387502,0.0,0.284651,-0.266722,0.265017,-0.081791,-0.229189,0.02838,0.279665,-0.096538,-0.204016,-0.327004,-0.273607,-0.090276,-0.533994,-0.012108,-0.365428,0.483466,0.041646,-0.096538,0.041646,-0.291395,-0.226526,0.041945,-0.654007,-0.226526,-0.218002,0.483466,-0.218002,-0.361199,-0.326837,-0.096538,-0.115942,-0.090276,-0.096538,-0.51202,-0.148253,-0.361199,0.216253,-0.291395,0.507246,0.613622,-0.226526,-0.218002,-0.533994,0.0612,0.0,0.041646,-0.327004,-0.108722,-0.428148,-0.221612,-0.523288,0.069578,-0.226526,0.483466,0.041646,0.028038,-0.090276,0.223127,-0.226526,-0.361199,-0.095002,-1e-06,-0.428148,-0.061841,-0.327004,-0.607788,0.46264,-0.108722,-0.096538,0.527795,0.050675,0.186366,0.162664,0.527795,-0.771154,0.566201,-0.433709,-0.529886,-0.536873,0.216253,0.546015,-0.228557,0.470426,-0.325682,-0.096538,0.527795,-0.218002,0.482885,0.344037,0.029412,0.168942,-0.108722,-0.096538,-0.795333,-0.326837,0.483466,0.162664,-0.096538,-0.126456,0.180564,0.46264,0.527795,-0.653677,-0.128442,0.341319,-0.218002,-0.115942,0.144846,-0.226526,0.0,-0.015044,0.196497,-0.937505,0.009435,0.058389,-0.127922,0.124541,0.009435,-0.096538,0.564359,-0.653677,-0.499419,-0.00235,-0.226526,-0.126456,0.155426,0.155962,0.124541,0.035071,-0.239682,-0.654007,0.482885,-0.218002,#
1,0.189206,1.0,-0.499593,-0.188922,0.41891,-0.384629,0.008721,-0.333136,-0.009411,0.187921,-0.201996,-0.185893,0.408007,0.480746,0.0,-0.195893,-0.250235,-0.000588,-0.130455,0.333136,0.289093,0.362766,0.238485,0.159098,-0.028279,-0.427479,0.65637,0.219281,0.248126,-0.039553,-0.527256,-0.333136,0.150586,-0.815289,0.122621,-0.245699,0.564204,-0.805548,0.019219,0.238314,0.007456,0.564204,0.011591,-0.069653,0.333136,0.320536,-0.019219,0.684431,0.477654,0.229053,0.376497,-0.998492,-0.077411,-0.470007,-0.324252,-0.378875,0.417323,0.518921,0.371877,0.391014,-0.172595,0.010812,-0.080625,0.362766,0.031969,0.419275,0.0,0.536271,0.478732,0.005205,-0.411946,-0.359761,0.228709,-0.471246,-0.402061,-0.186404,-0.499704,-0.225738,-0.404145,-0.408007,-0.251111,-0.811758,-0.243346,-0.653934,-0.402061,-0.653934,-0.009844,-0.594853,-0.458493,-0.199882,-0.594853,-0.333136,-0.243346,-0.333136,-0.400249,0.004391,-0.81561,-0.680689,-0.404145,-0.81561,0.518921,-0.442078,-0.400249,0.01427,-0.009844,-0.275704,-0.24715,-0.594853,-0.333136,-0.408007,0.34392,0.0,-0.209752,-0.499704,-0.233224,-0.218089,-0.189426,0.11074,-0.225576,-0.594853,-0.243346,-0.653934,-0.430298,-0.404145,-0.080625,-0.594853,-0.400249,0.110572,-0.249259,-0.654267,-0.237449,-0.499704,-0.352038,-0.12664,-0.682397,-0.81561,-0.333136,0.242802,0.114241,-0.630479,-0.333136,-0.48761,-0.303607,-0.357191,-0.205284,-0.368794,-0.49945,0.637479,-0.523526,0.333136,-0.761239,-0.81561,-0.333136,-0.333136,-0.03884,-0.035055,-0.259633,0.562198,-0.682397,-0.81561,-0.446942,0.004391,-0.243346,0.156958,-0.81561,0.640816,0.47976,-0.12664,-0.333136,-0.198572,0.386775,0.132251,-0.333136,-0.235147,0.179171,-0.594853,0.0,-0.362472,0.589413,-0.370507,0.79678,-0.189032,-0.487529,0.302988,0.405414,-0.81561,-0.227389,-0.198572,-0.1863,0.642342,-0.594853,0.640816,0.588308,0.069445,-0.385772,-0.842038,-0.014371,-0.599645,-0.03884,0.358762,#
2,0.221741,-0.499593,1.0,0.330174,0.374567,0.374324,0.381155,0.682238,0.350524,-0.499706,-0.22304,-0.040022,-0.408157,-0.249884,0.0,-0.260993,-0.327041,-0.142812,-0.324104,-0.16663,-0.617017,-0.67441,-0.22304,-0.157829,-0.249889,0.127075,0.320306,0.233932,0.281366,-0.40755,0.253269,0.650799,-0.320114,0.593182,-0.164492,-0.327175,0.060048,0.415071,-0.249944,-0.263621,0.127075,0.060048,-0.301443,-0.400654,-0.16663,-0.422484,0.386706,0.243722,0.257493,-0.036406,-0.731625,0.48501,0.127524,0.05,0.124391,-0.124556,-0.117884,-0.681452,-0.298313,0.097903,-0.179567,0.359768,-0.356286,-0.67441,-0.112337,-0.338437,0.0,0.194994,-0.448869,0.167586,0.087435,0.270357,0.235621,0.653306,0.071227,-0.179567,0.386706,0.026938,0.078058,0.111666,-0.326565,0.389412,0.207537,0.753501,0.071227,0.753501,-0.402583,0.483324,0.416412,-0.499889,0.483324,-0.16663,0.207537,-0.16663,0.398721,0.40469,0.59811,0.322483,0.61237,0.59811,-0.681452,-0.407327,0.398721,0.345434,0.249601,0.217712,0.516898,0.483324,-0.16663,0.111666,0.049768,0.0,0.187589,0.386706,0.331352,0.22846,-0.026132,-0.320459,-0.325953,0.483324,0.207537,0.187589,0.407738,0.078058,-0.356286,0.483324,0.398721,0.279136,0.005272,0.22846,0.314299,0.386706,0.161031,-0.084866,0.331352,0.59811,0.650799,0.197483,0.266056,0.50511,0.650799,0.232661,0.008429,0.198688,0.314299,0.17068,0.345434,-0.32138,0.241295,-0.16663,0.446764,0.59811,0.650799,0.682238,0.41756,0.107173,0.192656,-0.486325,0.331352,0.071227,0.00703,-0.249817,0.794973,0.026938,0.59811,-0.20449,-0.248663,-0.084866,0.650799,-0.499637,-0.417482,0.379676,-0.16663,0.322483,-0.517185,0.483324,0.0,0.583238,-0.015453,0.012838,-0.6258,0.173644,0.40985,-0.693484,-0.6258,0.59811,0.237059,0.015147,0.198091,-0.340595,0.483324,-0.771497,-0.517747,0.423567,0.184035,0.416231,0.24992,0.009432,-0.121013,-0.16663,#
3,-0.075222,-0.188922,0.330174,1.0,-0.089605,-0.105467,0.3398,0.23365,-0.237655,0.215746,-0.418673,-0.201332,0.100998,-0.216215,0.0,0.012299,-0.531846,-0.11162,-0.53654,0.206161,-0.224144,-0.194565,-0.418673,0.044679,-0.762628,-0.32758,0.032596,-0.248581,0.066364,-0.37826,0.195987,0.206161,0.395283,0.521677,-0.000723,-0.506432,0.213159,0.358654,-0.206161,-0.418372,0.122301,0.213159,-0.261065,-0.420273,0.23365,-0.794527,-0.206161,-0.038065,0.092295,0.197402,-0.229635,0.212838,0.015259,0.103366,-0.234956,-0.527937,-0.138574,-0.030924,-0.363103,-0.239675,-0.362873,0.317701,0.146611,-0.194565,-0.050468,-0.337109,0.0,-0.310086,-0.153309,0.141578,0.070981,0.155399,0.440544,0.5369,0.061137,-0.362873,0.309242,0.650287,0.520988,0.084165,-0.06216,0.349527,-0.090357,-0.053449,0.061137,0.404687,0.17482,0.201427,-0.057974,-0.222654,-0.248658,0.178673,0.385205,0.178673,0.807266,0.350296,0.061137,0.004595,0.088433,0.521802,-0.030924,0.054716,0.807266,0.330279,0.17482,0.003226,0.194287,0.201427,-0.508532,-0.370326,-0.151349,0.0,-0.0901,0.350475,-0.004118,0.458879,0.195702,0.29648,-0.510825,0.201427,0.385205,0.404687,0.323867,0.520988,-0.409358,0.651512,-0.118044,-0.136773,-0.253545,0.422888,-0.436347,0.309242,0.469308,0.362765,0.496229,0.521802,0.206161,-0.063296,-0.193405,0.634207,0.206161,0.211074,0.224086,-0.206186,0.522602,0.460321,0.28789,-0.148771,0.234086,0.206162,-0.158012,0.095261,0.206161,0.23365,0.344928,0.50002,0.003355,-0.21499,0.496229,0.061137,-0.153662,0.307907,0.42325,0.216132,0.061137,-0.406235,-0.154761,-0.054029,0.206161,0.217171,0.079581,-0.478331,0.178673,0.004595,-0.659325,0.651512,0.0,-0.04751,-0.216379,0.139732,-0.082347,-0.091759,0.813258,-0.23088,-0.518301,0.521802,-0.076765,0.217171,-0.502161,-0.50945,-0.248658,-0.406235,-0.677607,0.292057,0.536352,-0.048837,-0.270407,0.222654,-0.125957,0.23365,#
4,0.514486,0.41891,0.374567,-0.089605,1.0,-0.313609,0.575783,0.262928,0.374584,0.019738,-0.552584,-0.467474,0.282589,0.414809,0.0,-0.080117,-0.377834,0.152031,-0.067316,0.289758,-0.251907,-0.257769,-0.091415,-0.115527,-0.118125,-0.169265,0.782574,0.326838,0.313381,-0.185776,-0.358353,0.236099,0.044266,-0.208254,0.323067,-0.373133,0.400313,-0.687411,-0.611711,-0.124753,-0.153002,0.400313,-0.422261,-0.214847,0.289758,0.185935,0.394392,0.731879,0.498403,-0.033789,-0.293503,-0.445569,0.19285,-0.484904,-0.322457,-0.328889,0.609199,-0.374272,0.019963,0.373871,-0.439467,0.383909,-0.487818,-0.257769,-0.248945,0.018466,0.0,0.577902,-0.025304,0.118956,-0.185528,-0.222287,0.106453,0.19813,-0.187991,-0.453924,-0.108659,-0.42135,-0.615457,-0.16101,-0.378583,-0.276603,0.050336,0.052069,-0.187991,0.052069,-0.421422,-0.024225,0.113358,-0.386344,-0.024225,-0.407807,0.050336,-0.407807,-0.264994,-0.094238,-0.204644,-0.127182,-0.193268,-0.204644,-0.374272,-0.607127,-0.264994,0.395341,0.093904,0.024142,0.365997,-0.024225,-0.407807,-0.16101,0.536878,0.0,0.069955,-0.108659,-0.112945,0.094845,-0.421871,-0.323486,-0.351632,-0.024225,0.050336,-0.395088,0.136744,-0.615457,-0.487818,-0.024225,-0.264994,0.229027,0.350954,-0.361818,0.331006,-0.108659,-0.290611,0.062879,-0.583214,-0.204644,0.236099,0.086693,0.24254,-0.044683,0.236099,-0.412484,-0.096624,-0.259876,-0.089932,-0.18861,-0.142507,0.12588,-0.446924,0.289758,-0.185837,-0.204644,0.236099,0.262928,0.554357,-0.177757,0.02227,0.416333,-0.583214,-0.620963,-0.299958,-0.611399,0.514501,0.40307,-0.204644,0.346993,0.41421,0.062879,0.236099,-0.799776,-0.204024,0.762041,-0.407807,0.339285,-0.009379,-0.024225,0.0,0.273535,0.370669,-0.48606,0.144777,0.071648,0.024149,-0.33386,-0.26497,-0.204644,0.085318,-0.393018,0.083522,0.062636,-0.024225,-0.101029,0.418585,0.207503,-0.361595,-0.290103,0.056923,-0.402441,0.128801,-0.407807,#
5,0.082231,-0.384629,0.374324,-0.105467,-0.313609,1.0,0.101551,0.262758,0.374341,-0.421256,0.370878,0.414343,-0.998273,-0.118418,0.0,-0.578415,0.533251,-0.296484,-0.190534,-0.407543,-0.170023,-0.255528,0.370878,-0.41337,0.414533,0.253408,-0.052611,-0.10825,-0.113572,-0.135995,0.035704,0.235946,-0.290571,0.209728,-0.446926,0.089292,-0.313278,0.592511,0.454464,-0.088565,0.285913,-0.313278,0.220693,-0.524437,-0.407543,-0.054385,0.394137,-0.053084,-0.048799,0.394958,-0.291234,0.377216,-0.113254,0.505313,0.457353,0.615786,-0.297488,-0.35392,-0.219487,0.375717,0.304825,-0.119753,0.221899,-0.255528,-0.215335,-0.2654,0.0,0.089994,-0.403793,0.539002,0.237155,-0.0032,0.105701,-0.15599,-0.204511,0.665997,0.394137,0.033767,0.23721,0.249568,-0.325791,0.13766,0.103906,0.516778,-0.204511,0.498903,-0.392539,-0.040469,0.537395,-0.402181,0.382286,0.262758,0.085351,0.262758,0.144668,0.432985,0.644229,-0.093233,0.676002,0.211538,-0.35392,-0.136702,0.144668,-0.142414,0.122454,0.024126,0.397501,-0.040469,0.28957,0.249568,-0.483016,0.0,0.052035,-0.108589,0.382198,-0.361584,-0.018815,-0.349131,0.529729,-0.040469,0.085351,0.052035,0.16848,0.23721,0.221899,-0.040469,0.579229,0.471725,-0.377708,0.077231,0.312975,0.394137,-0.252528,-0.242319,0.382198,0.211538,0.235946,0.077528,-0.028895,-0.013286,0.235946,0.086652,-0.013017,0.478242,-0.116599,-0.352128,0.374412,0.169069,0.588528,-0.407543,0.077541,0.22818,0.235946,0.262758,0.143839,0.257541,0.022256,-0.354164,0.382198,0.22818,-0.0,0.432985,0.085351,0.002399,0.644229,-0.042759,-0.1535,-0.242319,0.235946,0.02186,0.28048,-0.013341,0.262758,-0.093233,-0.415546,-0.040469,0.0,0.284011,0.012148,0.006926,-0.630181,0.104148,-0.276166,-0.243564,-0.2207,0.211538,0.116663,0.005601,0.083467,0.108718,0.382286,-0.490491,-0.405222,0.285796,0.449362,0.493778,0.109512,-0.0,-0.281441,0.316382,#
6,0.52327,0.008721,0.381155,0.3398,0.575783,0.101551,1.0,0.26741,0.381171,0.439319,-0.578992,-0.46255,-0.138943,0.42167,0.0,-0.103518,0.083056,0.146244,-0.179812,0.294422,-0.229449,-0.288559,-0.1147,-0.572046,-0.114874,-0.163797,0.344375,-0.330838,-0.138636,-0.180428,-0.365643,0.240399,0.545776,0.217896,0.337328,-0.370357,-0.026806,-0.257926,-0.611803,-0.577204,-0.147424,-0.026806,-0.420236,-0.668674,0.294422,-0.107295,0.401116,0.267314,0.119511,0.372218,-0.324705,-0.026496,0.200642,0.069454,-0.276248,0.082197,0.574922,-0.634086,-0.487462,0.346964,-0.454087,0.390661,0.050666,-0.288559,-0.670511,-0.498424,0.0,0.06504,-0.434472,0.664569,0.245531,-0.35834,0.112478,0.206036,-0.199417,-0.090235,0.401116,0.002138,-0.187966,0.258038,-0.375853,0.148601,0.055973,0.057724,-0.199417,0.50791,-0.428888,-0.03267,0.55126,-0.397064,-0.03267,0.26741,0.523282,0.26741,0.164077,-0.090827,0.219722,-0.133763,-0.187966,0.219722,-0.634086,-0.180165,0.164077,0.402068,0.089928,0.029589,0.799776,-0.03267,-0.407868,-0.172025,0.001859,0.0,0.057724,-0.105343,-0.119578,0.100793,-0.433193,-0.333588,0.126811,-0.03267,0.523282,0.057724,0.5719,-0.187966,-0.47542,0.393223,-0.273711,0.252838,0.348802,0.08311,0.327664,0.401116,-0.295939,0.528181,-0.119578,0.219722,0.240399,-0.384605,-0.3046,0.381356,0.240399,-0.419609,0.351141,-0.183465,-0.096125,-0.193653,0.381242,0.131943,0.082487,0.294422,-0.363583,-0.199417,0.240399,0.26741,0.996451,0.277029,0.027696,0.480183,-0.119578,-0.199417,-0.308032,-0.090827,0.523282,0.832142,0.219722,-0.107803,0.421046,0.13379,0.240399,-0.387581,0.217917,0.314616,0.26741,0.335863,-0.438042,0.393223,0.0,0.265407,-0.050407,-0.494529,-0.28464,0.077052,0.412074,-0.33996,-0.697162,0.219722,0.091006,-0.403962,-0.369581,-0.392189,-0.03267,-0.558859,-0.013189,0.220063,0.35811,0.104752,-0.452282,0.008103,0.122438,-0.407868,#
7,-0.218002,-0.333136,0.682238,0.23365,0.262928,0.262758,0.26741,1.0,-0.166623,-0.333211,0.197769,-0.332806,-0.272166,-0.166627,0.0,-0.508488,-0.218075,-0.40785,-0.499264,-0.111111,0.149538,0.077357,0.197769,0.27238,-0.16663,0.428354,0.213585,0.177191,0.201544,-0.27176,0.200036,-0.111111,-0.213457,0.420712,0.262915,-0.218165,0.393408,0.289946,-0.166667,-0.508183,0.428354,0.393408,-0.201004,-0.267162,-0.111111,-0.281718,0.666667,0.05789,0.034866,-0.332797,-0.994978,0.348165,-0.266796,0.049544,0.082945,-0.255186,-0.40784,-0.25,0.206721,0.0865,-0.119736,-0.170779,-0.645892,0.077357,0.245844,0.171748,0.0,0.145934,0.030229,0.222464,-0.272099,0.300113,0.518497,0.455405,-0.272031,-0.119736,0.666667,0.355571,-0.271981,0.408248,-0.217758,0.278373,-0.217859,0.522634,-0.272031,0.522634,-0.663962,0.340652,0.29683,-0.333333,0.340652,-0.111111,-0.217859,-0.111111,0.28475,0.690124,0.417625,0.235286,0.427398,0.417625,-0.25,-0.271612,0.28475,-0.166582,0.189703,-0.21735,0.363653,0.340652,-0.111111,0.408248,0.267652,0.0,-0.218107,0.666667,0.241365,0.509175,-0.333075,-0.388889,-0.21735,0.340652,-0.217859,-0.218107,0.290914,-0.271981,-0.645892,0.340652,0.28475,0.207321,0.186339,0.509175,0.229701,0.666667,0.138193,-0.403505,0.241365,0.417625,-0.111111,-0.218103,0.219671,0.355571,-0.111111,0.178139,-0.330109,0.196875,0.229701,0.154882,-0.166582,-0.214301,0.18405,-0.111111,0.31737,0.417625,-0.111111,1.0,0.297648,-0.27113,0.461147,-0.324289,0.241365,-0.272031,0.248449,-0.166582,0.551056,0.355571,0.417625,0.250484,-0.165812,-0.403505,-0.111111,-0.333165,-0.257343,0.2676,-0.111111,0.235286,-0.323694,0.340652,0.0,0.410569,-0.324254,0.212963,-0.395948,0.472061,0.30117,-0.990679,-0.395948,0.417625,-0.2102,0.340652,0.53852,-0.204789,0.340652,-0.49169,-0.323778,0.305888,0.157934,0.360854,0.192123,0.333333,-0.407308,-0.111111,#
8,0.791487,-0.009411,0.350524,-0.237655,0.374584,0.374341,0.381171,-0.166623,1.0,-0.001753,-0.222216,0.456587,-0.408142,0.375062,0.0,-0.26177,0.208543,0.38304,0.271412,-0.166623,-0.615673,-0.673143,-0.222216,-0.74589,0.375541,0.107267,0.36274,0.233974,0.281388,0.117327,-0.402592,0.649491,-0.320102,0.063279,-0.163609,0.214785,-0.490247,-0.118972,-0.249935,0.275626,-0.408042,-0.490247,-0.30143,-0.400639,-0.166623,0.152318,0.387654,0.429959,0.577278,0.4641,0.091088,-0.036136,0.126691,0.201662,0.187848,0.387561,0.41458,-0.680943,-0.297347,0.097949,-0.179559,0.358788,0.305065,-0.673143,-0.611836,-0.337489,0.0,0.195024,-0.448076,0.16784,0.086654,-0.450266,-0.327163,0.098301,0.070472,0.278499,-0.249935,-0.498817,0.077292,-0.408142,-0.326552,-0.135727,0.20669,0.186774,0.070472,0.186774,-0.403499,-0.032193,0.326794,-0.49987,-0.032193,-0.166623,0.20669,-0.166623,-0.13119,-0.249808,0.070472,-0.245963,0.077292,0.070472,-0.680943,-0.407312,-0.13119,0.344487,-0.403499,0.715739,0.487323,-0.032193,-0.166623,-0.408142,-0.315365,0.0,0.186774,-0.249935,-0.241727,-0.327242,-0.026874,-0.320859,0.239467,-0.032193,0.20669,0.186774,-0.126426,0.077292,0.305065,-0.032193,-0.13119,0.014805,0.005702,-0.327242,0.282951,-0.249935,-0.703984,0.39173,-0.241727,0.070472,0.649491,0.196652,0.266146,-0.021413,0.649491,-0.412903,0.469654,0.198832,-0.250564,-0.69397,0.344487,0.34787,0.205233,-0.166623,-0.099557,0.070472,0.649491,-0.166623,0.387625,0.106362,0.193432,0.071257,-0.241727,0.070472,-0.372577,-0.249808,0.20669,-0.001521,0.070472,-0.239062,0.328002,0.39173,0.649491,-0.499618,0.07482,0.379696,-0.166623,-0.245963,-0.021794,-0.032193,0.0,0.211716,0.473458,-0.624271,-0.12637,0.253856,-0.28573,0.129186,-0.12637,0.070472,0.810559,-0.499618,-0.355609,0.181755,-0.032193,-0.239062,-0.015533,0.021356,0.129186,0.318967,0.210242,-0.49987,0.387625,-0.166623,#
9,0.202421,0.187921,-0.499706,0.215746,0.019738,-0.421256,0.439319,-0.333211,-0.001753,1.0,-0.250871,-0.22137,0.411287,0.496176,0.0,0.24013,0.21522,0.421636,0.224884,0.343624,0.315522,0.309515,-0.233661,-0.300628,-0.020919,-0.027015,-0.222518,-0.441667,-0.226255,0.374358,-0.424475,-0.333211,0.66014,0.012141,0.593396,0.192108,-0.27158,-0.405448,-0.499817,-0.233493,-0.405727,-0.27158,-0.296687,-0.075248,0.343624,0.052802,-0.011714,-0.227573,-0.075153,0.199777,0.323128,-0.184777,-0.048662,0.179531,-0.308988,0.035125,0.411602,0.001951,-0.135611,-0.321216,-0.359079,-0.002197,0.43666,0.309515,-0.411034,-0.117375,0.0,-0.491587,0.045012,0.137629,0.020955,-0.497261,-0.205517,-0.041168,0.008258,-0.008416,0.00781,0.197427,0.020027,0.012753,0.196617,0.014652,-0.236995,-0.654082,0.008258,-0.202858,0.011111,-0.194002,-0.018484,0.203051,-0.588673,0.343624,0.231391,0.343624,0.026325,-0.499562,-0.395689,-0.232492,-0.815643,0.008258,0.001951,0.398178,0.026325,0.022302,-0.4889,0.188414,0.188709,-0.194002,-0.333211,-0.401722,-0.164832,0.0,-0.202858,-0.011714,-0.660651,0.21473,-0.184803,0.122351,0.257669,-0.194002,0.231391,0.231011,0.00727,0.020027,-0.070358,0.216455,-0.801288,-0.501517,0.445302,0.21473,-0.21738,0.00781,-0.324359,0.784949,-0.221907,0.008258,-0.333211,-0.654069,-0.390741,0.197427,-0.333211,-0.474033,0.572889,-0.285979,-0.193355,-0.223019,0.022302,0.24264,0.006855,0.343624,-0.505624,-0.411846,-0.333211,-0.333211,0.409055,0.037729,0.223074,0.652893,-0.221907,0.008258,-0.151343,0.022302,-0.236995,0.594253,-0.395689,-0.247566,0.495136,0.404852,-0.333211,0.216455,0.388887,-0.290191,0.343624,-0.215084,0.181,0.216455,0.0,-0.354359,-0.233705,-0.357074,0.371269,0.212447,0.2668,0.300392,-0.026301,0.008258,0.159937,-0.194002,-0.622111,-0.242032,-0.588673,0.187142,0.186364,-0.391701,0.300392,-0.000995,-0.529685,0.203051,0.392539,-0.333211,#
10,-0.523689,-0.201996,-0.22304,-0.418673,-0.552584,0.370878,-0.578992,0.197769,-0.222216,-0.250871,1.0,0.265772,-0.346023,-0.243413,0.0,-0.410999,0.40664,-0.081668,0.102734,-0.508548,0.566998,0.4983,0.514368,0.188957,0.318171,0.518565,-0.380163,-0.018681,0.078676,0.116735,0.218796,-0.508548,-0.458157,0.09393,0.141133,0.425779,-0.104964,0.367945,0.360221,0.101938,0.107549,-0.104964,0.089446,0.217088,-0.508548,0.176696,0.296653,-0.366448,-0.196816,-0.204558,-0.165379,0.225814,-0.272815,0.260352,0.54098,0.25306,-0.552645,0.254275,0.420509,-0.202351,0.631754,-0.758653,-0.183704,0.4983,0.381721,0.379855,0.0,-0.296033,0.13921,-0.286933,-0.354843,0.220946,-0.043947,-0.29513,0.105217,0.61653,0.296653,0.253738,0.115592,0.069205,0.0,-0.087266,-0.488787,-0.03767,0.105217,-0.056505,-0.249625,0.222734,-0.12811,0.220371,0.222734,0.197769,-0.508339,0.197769,-0.079254,0.337649,0.087681,0.094464,0.115592,0.087681,0.254275,0.124315,-0.079254,-0.762433,-0.271331,-0.063004,-0.219365,0.222734,0.226021,0.519034,-0.089932,0.0,-0.03767,0.317842,0.104757,-0.055487,0.25119,0.081731,0.403445,0.222734,-0.508339,-0.03767,-0.514844,0.115592,0.366562,-0.222734,0.378656,-0.099941,-0.037904,0.406905,0.030246,0.296653,-0.129374,-0.479156,0.104757,0.087681,-0.508548,-0.009598,0.007667,-0.192491,-0.508548,0.246744,-0.187325,0.550661,0.065708,-0.209685,-0.217838,0.025577,0.218396,-0.508548,0.331874,0.105217,-0.508548,0.197769,-0.544726,-0.34784,0.406953,-0.242742,0.104757,0.105217,0.480121,0.337649,-0.508339,-0.234294,0.087681,0.123844,-0.279801,-0.066638,-0.508548,0.231301,0.138505,-0.330497,0.197769,-0.396748,0.271064,-0.222734,0.0,0.151544,-0.157305,0.413195,0.001106,0.443197,-0.455144,-0.100396,0.432589,0.087681,-0.054721,0.659636,0.497693,0.477909,0.222734,0.142716,-0.167994,-0.46303,-0.129603,0.375658,0.283869,0.203419,-0.060746,0.254274,#
11,0.202174,-0.185893,-0.040022,-0.201332,-0.467474,0.414343,-0.46255,-0.332806,0.456587,-0.22137,0.265772,1.0,-0.401233,-0.021254,0.0,-0.241433,0.198578,-0.042351,0.197598,-0.332806,-0.275617,-0.26509,-0.181148,-0.121518,0.495566,0.39855,-0.187846,0.426566,0.209108,0.438112,-0.077718,0.291205,-0.639357,-0.032896,-0.598826,0.657305,-0.541592,0.395406,0.534309,0.646114,0.020299,-0.541592,0.3269,0.083175,-0.332806,-0.004395,-0.0117,-0.096822,0.300246,0.186657,0.327774,0.170265,-0.396338,0.46683,0.348402,0.348584,-0.436953,0.0507,0.154794,-0.342078,0.012608,-0.020217,0.577921,-0.26509,0.051531,0.13983,0.0,-0.01366,0.107049,-0.131879,-0.026982,-0.176549,-0.20593,0.017352,-0.029407,0.362844,-0.499208,-0.166947,0.399142,-0.401233,0.264973,-0.022844,0.223112,0.190285,-0.029407,-0.26039,0.012208,-0.230557,-0.073298,-0.187203,-0.230557,-0.332806,-0.244704,-0.332806,-0.01963,0.012251,-0.029407,-0.22255,0.399142,-0.029407,0.0507,0.036319,-0.01963,-0.044549,-0.507171,0.621519,-0.242434,-0.230557,0.343206,-0.401233,-0.629894,0.0,-0.26039,0.0078,-0.220663,-0.211064,0.184755,-0.103445,0.178013,-0.230557,-0.244704,0.190285,-0.424788,0.399142,0.577921,-0.230557,-0.01963,-0.342225,-0.470923,-0.211064,-0.274706,-0.499208,-0.322494,0.00915,0.235075,-0.029407,0.291205,0.19767,0.528955,-0.212575,0.291205,-0.016016,0.189726,0.273345,-0.242071,-0.428452,-0.044549,0.284304,0.467348,-0.332806,0.059413,0.390186,0.291205,-0.332806,-0.456579,-0.030569,0.241846,-0.545007,0.235075,0.390186,-0.139531,0.012251,-0.244704,-0.616075,-0.029407,-0.199505,-0.055732,0.00915,0.291205,0.224075,0.015055,-0.181114,-0.332806,-0.674604,0.198959,-0.230557,0.0,-0.384919,0.193885,-0.112885,0.034821,0.230396,-0.436946,0.347062,0.431907,-0.029407,0.627025,-0.185882,-0.23846,0.220439,-0.230557,0.252041,-0.211119,0.08746,0.347062,0.350679,0.484326,-0.187203,-0.027677,0.369206,#
12,-0.11242,0.408007,-0.408157,0.100998,0.282589,-0.998273,-0.138943,-0.272166,-0.408142,0.411287,-0.346023,-0.401233,1.0,0.112041,0.0,0.563622,-0.534174,0.265366,0.173192,0.408248,0.204692,0.294753,-0.346023,0.44963,-0.408157,-0.254063,0.047561,0.116446,0.111252,0.142183,-0.034999,-0.272166,0.284498,-0.241923,0.429339,-0.083282,0.33592,-0.588561,-0.408248,0.103732,-0.254063,0.33592,-0.184633,0.537044,0.408248,0.057505,-0.408248,0.048511,0.042702,-0.397964,0.305967,-0.398604,0.084324,-0.505654,-0.457141,-0.625076,0.265557,0.408247,0.25318,-0.370791,-0.293294,0.094327,-0.216112,0.294753,0.249846,0.30163,0.0,-0.079436,0.444275,-0.540974,-0.254063,0.008548,-0.083282,0.128333,0.178315,-0.659911,-0.408248,-0.01873,-0.237933,-0.25,0.338502,-0.158792,-0.1151,-0.534251,0.178315,-0.534251,0.406592,0.00917,-0.564445,0.408248,-0.403457,-0.272166,-0.1151,-0.272166,-0.150809,-0.40804,-0.666336,0.070778,-0.666214,-0.24401,0.408247,0.142567,-0.150809,0.116583,-0.116169,-0.05324,-0.435906,0.00917,-0.272166,-0.25,0.48,0.0,-0.080642,0.102062,-0.377158,0.356348,0.018542,0.359647,-0.532397,0.00917,-0.1151,-0.080642,-0.190024,-0.237933,-0.216112,0.00917,-0.57496,-0.470801,0.342326,-0.089087,-0.341609,-0.408248,0.26157,0.208885,-0.377158,-0.24401,-0.272166,-0.071917,0.036927,-0.01873,-0.272166,-0.08038,-0.019722,-0.482242,0.110521,0.353749,-0.40804,-0.149979,-0.589546,0.408248,-0.097174,-0.24401,-0.272166,-0.272166,-0.182271,-0.261627,-0.033223,0.34362,-0.377158,-0.24401,0.0,-0.40804,-0.1151,-0.01873,-0.666336,0.073854,0.147693,0.208885,-0.272166,0.00917,-0.262649,-0.010805,-0.272166,0.070778,0.422872,0.00917,0.0,-0.319008,-0.010451,0.01134,0.655462,-0.11436,0.250544,0.254976,0.25579,-0.24401,-0.147109,0.00917,-0.076101,-0.083605,-0.403457,0.528341,0.412621,-0.275122,-0.448404,-0.519946,-0.101752,0.0,0.249424,-0.272166,#
13,0.747643,0.480746,-0.249884,-0.216215,0.414809,-0.118418,0.42167,-0.166627,0.375062,0.496176,-0.243413,-0.021254,0.112041,1.0,0.0,-0.197883,0.187544,-0.105686,-0.175914,0.682843,0.123378,0.148863,-0.243413,-0.361113,0.351021,0.08706,0.318669,-0.031643,0.323946,0.580862,-0.985656,-0.166627,0.087873,-0.407787,0.193274,0.193536,-0.130181,-0.611961,-0.24994,0.317953,-0.40805,-0.130181,0.082748,-0.023226,-0.166627,0.057987,0.362658,0.242703,0.306545,0.503391,0.155658,-0.499422,-0.027247,0.346238,-0.639014,0.109741,0.413814,-0.056359,-0.006078,0.162784,-0.63727,0.383914,0.100444,0.148863,-0.611848,0.034589,0.0,0.243642,0.199405,0.308966,-0.40805,-0.269257,0.236025,0.026427,-0.407948,-0.197166,-0.24994,-0.031142,-0.407873,-0.40815,0.18569,-0.611891,0.195825,-0.327082,-0.407948,-0.327082,-0.415574,-0.499628,-0.178468,-0.49988,-0.499628,-0.166627,0.195825,-0.166627,-0.611681,-0.249812,-0.407948,-0.256471,-0.407873,-0.407948,-0.056359,0.067316,-0.611681,-0.249812,-0.415574,0.153387,0.457756,-0.499628,-0.166627,-0.40815,0.269274,0.0,-0.327082,-0.24994,-0.25232,-0.327248,-0.499493,-0.583193,0.217298,-0.499628,0.195825,-0.327082,-0.136298,-0.407873,0.100444,-0.499628,-0.611681,-0.240292,0.136981,-0.327248,-0.25015,-0.24994,-0.71998,0.298826,-0.25232,-0.407948,-0.166627,-0.327075,0.098917,-0.031142,-0.166627,-0.998275,0.379747,-0.607849,-0.762753,-0.630581,-0.249812,0.78974,-0.408116,0.682843,-0.594926,-0.407948,-0.166627,-0.166627,0.357691,0.095912,0.173088,0.439388,-0.25232,-0.407948,-0.752473,-0.249812,0.195825,0.446662,-0.407948,0.27061,0.305394,0.298826,-0.166627,-0.499628,0.054231,0.198965,-0.166627,-0.256471,0.452428,-0.499628,0.0,-0.315058,-0.048426,-0.930332,0.351713,0.228957,-0.303605,0.074304,0.351713,-0.407948,0.198376,-0.499628,-0.358723,0.159911,-0.499628,0.27061,0.465222,-0.000843,0.074304,-0.136692,-0.42492,-0.49988,0.357691,-0.166627,#
14,0.0,0.0,0.0,0.0,0.0,0.0,0.0,0.0,0.0,0.0,0.0,0.0,0.0,0.0,0.0,0.0,0.0,0.0,0.0,0.0,0.0,0.0,0.0,0.0,0.0,0.0,0.0,0.0,0.0,0.0,0.0,0.0,0.0,0.0,0.0,0.0,0.0,0.0,0.0,0.0,0.0,0.0,0.0,0.0,0.0,0.0,0.0,0.0,0.0,0.0,0.0,0.0,0.0,0.0,0.0,0.0,0.0,0.0,0.0,0.0,0.0,0.0,0.0,0.0,0.0,0.0,0.0,0.0,0.0,0.0,0.0,0.0,0.0,0.0,0.0,0.0,0.0,0.0,0.0,0.0,0.0,0.0,0.0,0.0,0.0,0.0,0.0,0.0,0.0,0.0,0.0,0.0,0.0,0.0,0.0,0.0,0.0,0.0,0.0,0.0,0.0,0.0,0.0,0.0,0.0,0.0,0.0,0.0,0.0,0.0,0.0,0.0,0.0,0.0,0.0,0.0,0.0,0.0,0.0,0.0,0.0,0.0,0.0,0.0,0.0,0.0,0.0,0.0,0.0,0.0,0.0,0.0,0.0,0.0,0.0,0.0,0.0,0.0,0.0,0.0,0.0,0.0,0.0,0.0,0.0,0.0,0.0,0.0,0.0,0.0,0.0,0.0,0.0,0.0,0.0,0.0,0.0,0.0,0.0,0.0,0.0,0.0,0.0,0.0,0.0,0.0,0.0,0.0,0.0,0.0,0.0,0.0,0.0,0.0,0.0,0.0,0.0,0.0,0.0,0.0,0.0,0.0,0.0,0.0,0.0,0.0,0.0,0.0,0.0,0.0,0.0,0.0,0.0,0.0,0.0,0.0,0.0,0.0,0.0,0.0,#
15,-0.08243,-0.195893,-0.260993,0.012299,-0.080117,-0.578415,-0.103518,-0.508488,-0.26177,0.24013,-0.410999,-0.241433,0.563622,-0.197883,0.0,1.0,-0.032971,0.336931,0.470955,0.230098,-0.221967,-0.162394,-0.410999,0.026341,-0.198297,-0.349827,-0.479186,-0.307275,-0.435518,0.106782,0.285503,0.173284,0.421177,0.052206,-0.000747,-0.019051,-0.262217,-0.117233,-0.208792,0.041864,-0.349827,-0.262217,0.082228,0.553261,0.230098,0.079228,-0.762732,-0.420565,-0.533952,-0.265503,0.491251,0.187186,0.49676,-0.237709,-0.256595,0.048116,0.330497,-0.014916,-0.364671,-0.234418,0.033675,0.288598,0.144192,-0.162394,-0.059109,-0.336614,0.0,-0.32294,-0.167365,-0.320567,0.511138,0.161843,-0.50873,0.041936,0.512406,-0.364288,-0.230098,-0.218274,0.072516,0.093937,0.450951,0.338008,0.414028,-0.076489,0.512406,-0.095427,0.776006,0.192274,-0.067501,0.673249,0.192274,0.201691,0.394369,0.201691,-0.101724,-0.762343,0.053973,0.502657,-0.374499,0.053973,-0.014916,0.544619,-0.101724,0.303599,0.208552,-0.021116,-0.262501,0.192274,0.230098,0.093937,0.117796,0.0,0.396964,-0.208792,0.027875,-0.031615,0.211727,0.320392,-0.061126,0.192274,0.394369,0.396964,0.327752,0.072516,0.144192,0.192274,-0.101724,-0.168731,0.376358,-0.050211,0.044464,-0.230098,0.510372,0.365533,0.027875,0.053973,0.173284,-0.058763,-0.36351,0.180543,0.173284,0.225561,0.228696,-0.313747,0.044464,0.60178,0.281696,-0.57372,-0.315993,0.230098,0.301233,0.071606,0.173284,-0.508488,-0.119754,0.097256,-0.452176,0.170383,0.027875,0.512406,0.171503,-0.21477,-0.097091,-0.218274,0.053973,-0.428592,-0.157622,0.365533,0.173284,0.249697,-0.366249,-0.024885,0.201691,0.502657,0.242202,0.192274,0.0,-0.055644,-0.24041,0.164998,-0.074421,-0.543896,0.399085,0.487842,-0.074421,0.053973,-0.102107,-0.198207,-0.090551,-0.511355,0.192274,0.064751,0.236478,-0.261985,-0.275672,-0.142728,-0.339451,0.230098,0.348849,-0.508488,#
16,0.041981,-0.250235,-0.327041,-0.531846,-0.377834,0.533251,0.083056,-0.218075,0.208543,0.21522,0.40664,0.198578,-0.534174,0.187544,0.0,-0.032971,1.0,0.10006,0.413062,-0.218076,0.26472,0.179942,0.40664,-0.491982,0.743288,0.330896,-0.506977,-0.442852,-0.55019,0.364855,-0.16826,-0.218076,0.134781,-0.063775,0.019112,0.5,-0.641632,0.111758,0.218075,-0.072513,-0.093413,-0.641632,0.263005,-0.049396,-0.218075,0.477834,0.197883,-0.463706,-0.504365,0.20401,0.188801,0.237682,-0.017587,0.464584,0.298458,0.939092,0.076431,-0.218075,-0.155279,0.198067,0.367013,-0.335184,0.409491,0.179942,-0.355897,-0.191353,0.0,-0.242417,-0.264584,0.415532,0.381813,-0.283605,-0.428189,-0.52996,-0.066008,0.744183,0.238268,-0.185932,-0.059312,0.372603,0.065752,0.113928,0.075457,0.056538,-0.066008,0.074487,-0.165479,-0.19674,0.508765,0.234229,0.244089,0.535766,0.094088,0.535766,-0.330625,-0.326946,0.385183,-0.006301,-0.076259,-0.066008,-0.218075,0.3977,-0.330625,-0.326946,-0.165479,-0.0158,0.233787,-0.19674,0.508843,0.372603,-0.412747,0.0,0.074487,-0.327113,0.001815,-0.428292,-0.191494,-0.278652,0.996427,-0.19674,0.094088,0.074487,0.131112,-0.059312,0.409491,-0.19674,0.122516,0.160961,0.243814,0.065213,0.424988,0.238268,-0.441088,0.109162,0.001815,-0.066008,-0.218076,-0.428066,-0.386056,-0.185932,-0.218075,-0.181971,0.22416,0.300535,-0.497344,-0.435437,0.254292,0.130452,0.331501,-0.218075,-0.01538,-0.082718,-0.218075,-0.218075,0.098314,-0.030459,0.001315,0.267604,0.001815,0.385183,0.174581,0.254292,-0.427588,0.223545,0.385183,-0.071484,0.149387,0.109162,-0.218075,0.244089,0.36582,-0.012754,0.535766,-0.006301,0.196083,-0.19674,0.0,0.037761,-0.233225,-0.107018,-0.365945,0.09314,-0.390626,0.217783,0.061043,-0.066008,0.060392,-0.19674,0.040652,0.028119,0.244089,-0.071484,0.207371,-0.280955,0.217783,0.458273,-0.253271,0.234229,0.098314,-0.218075,#
17,0.089497,-0.000588,-0.142812,-0.11162,0.152031,-0.296484,0.146244,-0.40785,0.38304,0.421636,-0.081668,-0.042351,0.265366,-0.105686,0.0,0.336931,0.10006,1.0,0.76867,-0.40785,-0.188685,-0.252399,-0.081668,-0.450323,-0.105306,-0.164403,-0.07509,-0.150704,-0.120478,-0.147694,0.166812,0.229416,0.208124,0.227759,0.475163,0.094251,-0.341948,-0.264841,-0.611775,-0.130187,-0.581592,-0.341948,-0.737818,-0.081277,0.280397,0.361931,-0.09559,0.070598,0.158378,-0.049296,0.355736,-0.016785,0.338284,-0.328102,0.40722,0.094402,0.582708,-0.382357,-0.227642,-0.323464,0.302166,-0.146731,0.210046,-0.252399,-0.234002,-0.275812,0.0,-0.447138,-0.44076,-0.391281,0.23857,-0.465142,-0.800809,-0.148857,0.656604,0.302166,-0.09559,-0.368397,0.246912,-0.156098,-0.332407,0.149597,-0.383182,-0.399353,0.656604,0.059478,0.140355,0.39419,0.123651,0.428243,-0.023188,0.280397,0.093101,0.280397,0.165081,-0.611463,-0.197772,-0.080494,-0.619509,0.229416,-0.382357,-0.131745,0.165081,0.383257,-0.388425,0.514592,-0.005325,0.39419,-0.40785,-0.156098,-0.239035,0.0,0.51831,-0.09559,-0.529862,0.100125,0.412455,0.547138,0.144604,0.39419,0.093101,0.51831,-0.251833,0.246912,0.210046,0.39419,-0.263953,-0.226914,0.470239,0.100125,0.336885,-0.09559,-0.22913,0.625089,-0.529862,0.229416,0.229416,0.076017,-0.2836,0.004386,0.229416,0.104321,0.452546,0.403485,0.362292,-0.179583,0.383257,-0.244817,0.093109,-0.40785,0.085551,-0.197772,0.229416,-0.40785,0.17251,-0.136655,0.127575,0.502388,-0.529862,0.229416,0.319188,-0.080801,-0.383182,0.034208,-0.197772,-0.509735,0.41844,0.625089,0.229416,0.029199,0.252881,-0.018215,0.280397,-0.080494,0.043566,0.39419,0.0,0.305867,0.392499,0.026553,0.192654,0.127339,0.087344,0.449614,-0.211619,0.229416,0.52701,0.029199,-0.294607,0.096052,-0.023188,-0.050016,0.033125,-0.680921,-0.261863,0.122717,0.096491,0.015294,0.609176,-0.40785,#
18,-0.069139,-0.130455,-0.324104,-0.53654,-0.067316,-0.190534,-0.179812,-0.499264,0.271412,0.224884,0.102734,0.197598,0.173192,-0.175914,0.0,0.470955,0.413062,0.76867,1.0,-0.499264,-0.042038,-0.093316,0.102734,-0.216391,0.39776,0.159329,-0.368801,0.042992,-0.415611,0.204286,0.243204,0.07792,0.01598,-0.043176,0.213968,0.511381,-0.51551,-0.197754,-0.186142,0.069662,-0.312991,-0.51551,-0.224492,0.289179,0.251075,0.712203,-0.164497,-0.204409,-0.171157,-0.351947,0.462822,0.105764,0.083527,-0.256934,0.504122,0.452363,0.31618,-0.203453,0.048323,-0.275219,0.410516,-0.332503,0.295568,-0.093316,0.021194,-0.002609,0.0,-0.284279,-0.17125,-0.337727,0.41893,-0.472408,-0.9803,-0.367516,0.441546,0.410516,-0.294364,-0.654518,-0.025229,0.067156,0.039591,0.268312,-0.082437,-0.116399,0.441546,-0.212596,0.229116,0.128634,0.263548,0.683964,0.128634,0.106779,-0.182293,0.106779,-0.1797,-0.748515,-0.042095,0.012973,-0.406698,-0.042095,-0.203453,0.103804,-0.1797,0.250329,-0.347369,0.392913,-0.312297,0.128634,0.251075,0.084829,-0.341631,0.0,0.30687,-0.186142,-0.47407,0.001889,0.147068,0.293333,0.40872,0.128634,-0.182293,0.28763,-0.163713,-0.025229,0.317187,0.111133,-0.16171,-0.180167,0.517864,-0.092575,0.483467,-0.294364,-0.204591,0.327268,-0.493525,-0.042095,0.07792,-0.080179,-0.076857,-0.316882,0.07792,0.184344,0.180264,0.45851,-0.00554,-0.168413,0.139072,-0.349528,0.173688,-0.499264,0.270994,0.047468,0.07792,-0.499264,-0.156856,-0.452191,0.050024,0.336252,-0.493525,0.423633,0.509791,-0.281234,-0.601689,-0.198709,-0.042095,-0.285295,0.394258,0.343475,0.07792,0.235586,0.081323,0.193467,0.106779,0.012973,0.364881,0.111133,0.0,0.050338,0.23515,0.15608,0.055037,0.065078,-0.212681,0.525066,0.055037,-0.042095,0.411288,-0.201945,0.036583,0.045508,0.128634,0.215899,0.360021,-0.553413,-0.280432,0.236519,0.276612,0.216444,0.337515,-0.499264,#
19,0.470426,0.333136,-0.16663,0.206161,0.289758,-0.407543,0.294422,-0.111111,-0.166623,0.343624,-0.508548,-0.332806,0.408248,0.682843,0.0,0.230098,-0.218076,-0.40785,-0.499264,1.0,0.017593,0.120332,-0.508548,0.005921,-0.16663,-0.272099,0.158109,-0.211764,0.229931,0.361468,-0.657262,-0.111111,0.320185,-0.271924,0.0,-0.218165,0.144065,-0.408072,-0.166667,0.225859,-0.272099,0.144065,0.301508,0.226507,-0.111111,-0.375624,-0.166667,0.027422,-0.034866,0.34852,0.124911,-0.333028,0.220895,0.21469,-0.995345,-0.255186,0.263289,0.166667,-0.20672,0.12975,-0.718422,0.666372,-0.079904,0.120332,-0.407997,-0.119899,0.0,0.178364,0.231757,0.190223,-0.272099,0.265216,0.518497,0.294199,-0.272031,-0.718422,-0.166667,0.279104,-0.271981,-0.272166,0.452267,-0.408026,0.465621,-0.218107,-0.272031,-0.218107,0.094852,-0.333165,-0.406188,-0.333333,-0.333165,-0.111111,0.465621,-0.111111,-0.407885,-0.166582,-0.272031,0.15273,-0.271981,-0.272031,0.166667,0.349215,-0.407885,-0.166582,0.094852,-0.21735,0.28628,-0.333165,-0.111111,-0.272166,0.554421,0.0,-0.218107,-0.166667,0.158136,-0.218218,-0.333075,-0.388889,-0.21735,-0.333165,0.465621,-0.218107,0.213337,-0.271981,-0.079904,-0.333165,-0.407885,-0.181406,-0.0,-0.218218,-0.508624,-0.166667,0.012563,0.178873,0.158136,-0.272031,-0.111111,-0.218103,-0.081838,0.279104,-0.111111,-0.665677,0.233492,-0.984373,-0.508624,0.113022,-0.166582,0.397988,-0.665413,1.0,-0.396713,-0.272031,-0.111111,-0.111111,0.21932,0.386155,-0.21701,0.185828,0.158136,-0.272031,-0.745346,-0.166582,0.465621,0.279104,-0.272031,0.157712,-0.165812,0.178873,-0.111111,-0.333165,-0.300233,0.002941,-0.111111,0.15273,0.280535,-0.333165,0.0,-0.339934,-0.366919,-0.62037,0.213203,-0.254186,0.187521,0.014358,0.213203,-0.272031,-0.260247,-0.333165,-0.289972,-0.250298,-0.333165,0.157712,0.288775,0.210298,0.014358,-0.403307,-0.690603,-0.333333,0.21932,-0.111111,#
20,-0.555908,0.289093,-0.617017,-0.224144,-0.251907,-0.170023,-0.229449,0.149538,-0.615673,0.315522,0.566998,-0.275617,0.204692,0.123378,0.0,-0.221967,0.26472,-0.188685,-0.042038,0.017593,1.0,0.986319,0.566998,0.463147,0.190655,0.312881,-0.224866,-0.13925,-0.193715,0.235197,-0.093259,-0.993986,0.192844,-0.321489,0.522668,0.235296,0.301798,-0.221253,0.158334,-0.21792,0.286221,0.301798,0.151173,0.214723,0.105556,0.312239,0.224306,-0.275702,-0.31191,-0.308276,-0.081157,-0.253861,-0.465352,-0.011767,0.013133,-0.051769,-0.276691,0.61684,0.621881,-0.0428,0.184843,-0.732469,-0.186347,0.986319,0.41348,0.629556,0.0,-0.141205,0.5935,0.014549,-0.380278,-0.086195,0.178098,-0.437422,-0.35883,0.208543,0.224307,0.322054,-0.36758,0.312425,0.153827,-0.199549,-0.565778,-0.455781,-0.35883,-0.426459,-0.19336,-0.259904,-0.192322,0.343057,-0.259904,0.149538,-0.535341,0.149538,-0.205018,0.192165,-0.331531,-0.20555,-0.36758,-0.331531,0.61684,0.236529,-0.205018,-0.642433,-0.159569,-0.499002,-0.302595,-0.259904,0.105556,0.312425,0.158162,0.0,-0.455781,0.19132,-0.211178,0.236101,-0.293351,0.044296,0.266708,-0.259904,-0.535341,-0.455781,-0.25948,-0.36758,-0.186347,-0.259904,-0.205018,-0.137117,0.206526,0.264893,-0.120798,0.224307,-0.103932,-0.308246,-0.211178,-0.331531,-0.993986,-0.498405,-0.145604,-0.321146,-0.993986,-0.089441,-0.355674,0.036365,-0.148401,-0.105715,-0.608522,0.189737,-0.062766,0.017593,-0.244971,-0.35883,-0.993986,0.149538,-0.23936,-0.456285,0.259848,0.322499,-0.211178,-0.35883,0.314704,0.192165,-0.535341,0.347782,-0.331531,0.518519,0.187356,-0.308246,-0.993986,0.343181,0.342946,-0.234433,0.149538,-0.20555,0.328012,-0.259904,0.0,-0.306163,-0.296559,0.242999,0.39682,0.305133,-0.256873,-0.115938,0.39682,-0.331531,-0.509528,0.369852,0.316469,0.270209,-0.259904,0.489141,0.328373,-0.286811,-0.070472,-0.124354,-0.096191,0.369446,-0.267264,0.105556,#
21,-0.542752,0.362766,-0.67441,-0.194565,-0.257769,-0.255528,-0.288559,0.077357,-0.673143,0.309515,0.4983,-0.26509,0.294753,0.148863,0.0,-0.162394,0.179942,-0.252399,-0.093316,0.120332,0.986319,1.0,0.4983,0.537525,0.148842,0.241538,-0.204489,-0.106646,-0.16008,0.267781,-0.126986,-0.997041,0.199604,-0.404033,0.4497,0.208874,0.352976,-0.261052,0.212731,-0.128854,0.293639,0.352976,0.237116,0.289334,0.120332,0.268777,0.116035,-0.257142,-0.299384,-0.295348,-0.000334,-0.326318,-0.461146,-0.03577,-0.094642,-0.128313,-0.28514,0.721988,0.639641,-0.046839,0.118098,-0.655622,-0.172298,1.0,0.44388,0.662537,0.0,-0.091566,0.677882,-0.021449,-0.409719,-0.042922,0.235175,-0.424613,-0.38708,0.09494,0.116035,0.332139,-0.371197,0.242119,0.235831,-0.263127,-0.49435,-0.495974,-0.38708,-0.524624,-0.093552,-0.331278,-0.304847,0.335212,-0.331278,0.077357,-0.524091,0.077357,-0.244384,0.178566,-0.413754,-0.213303,-0.371197,-0.413754,0.721988,0.267139,-0.244384,-0.633264,-0.12657,-0.532987,-0.380367,-0.331278,0.120332,0.242119,0.209264,0.0,-0.495974,0.148267,-0.192184,0.208194,-0.287813,0.060473,0.176541,-0.331278,-0.524091,-0.495974,-0.276051,-0.371197,-0.172298,-0.331278,-0.244384,-0.169398,0.129727,0.18006,-0.234486,0.116035,-0.04519,-0.327262,-0.192184,-0.413754,-0.997041,-0.453264,-0.109621,-0.346632,-0.997041,-0.114956,-0.382107,-0.086303,-0.180545,-0.049544,-0.6664,0.223628,-0.151867,0.120333,-0.293074,-0.38708,-0.997041,0.077357,-0.308717,-0.413436,0.182561,0.297648,-0.192184,-0.38708,0.230626,0.178566,-0.524091,0.28186,-0.413754,0.552232,0.150422,-0.327262,-0.997041,0.359367,0.296948,-0.260236,0.077357,-0.213303,0.368921,-0.331278,0.0,-0.408786,-0.290767,0.218819,0.474247,0.215089,-0.258032,-0.051645,0.474247,-0.413754,-0.556336,0.333305,0.277988,0.26931,-0.331278,0.580938,0.369264,-0.233298,-0.096072,-0.239736,-0.121707,0.309426,-0.281451,0.163308,#
