0,1.0,0.071929,-0.120376,-0.599218,0.39885,0.21718,0.534633,0.082095,0.999041,-0.080225,0.2424,0.266522,0.442104,0.225035,0.409915,0.272884,0.242961,0.00631,0.341143,-0.271731,-0.356205,0.338778,-0.078517,0.121262,-0.061945,-0.097665,-0.353403,0.092533,0.115694,-0.080225,-0.216147,0.110663,0.0,-0.405975,-0.252224,-0.407596,0.819277,0.249004,0.367636,-0.212368,-0.120806,-0.533262,-0.097981,0.534633,0.158602,0.342498,0.544292,0.1507,0.407116,0.123844,0.025272,0.174757,0.119943,-0.079319,-0.360872,0.212361,-0.429002,0.563787,-0.352337,0.229591,-0.220086,-0.258121,0.080861,0.025272,0.321551,0.335058,0.0,-0.150941,0.422839,0.11161,0.22707,-0.361641,0.0,-0.146992,0.081156,-0.631609,0.043627,-0.171798,-0.407388,0.336957,0.60504,-0.533668,0.17696,-0.301862,0.137025,0.145948,-0.097665,-0.089393,-0.106722,-0.53105,0.623561,-0.114862,0.426387,0.0,0.091909,0.367636,-0.407596,-0.271731,0.336957,-0.035341,0.025272,-0.533668,-0.25914,-0.407388,0.556151,-0.271731,-0.417387,0.047002,0.101812,-0.407388,-0.407331,-0.271731,0.17696,0.091909,0.043627,-0.407388,-0.407388,-0.386864,-0.089108,-0.808505,-0.271731,0.203037,-0.307005,-0.665271,-0.381061,-0.114258,0.0,0.22707,-0.246495,0.0,0.413032,-0.271731,0.141408,-0.312562,-0.048951,-0.271731,0.0,-0.271731,0.148658,-0.048951,0.0,-0.301862,-0.271731,-0.313406,-0.405507,0.183291,0.0,-0.147903,-0.395189,-0.531459,0.039166,-0.205139,0.0,0.420916,-0.271731,0.0,0.399606,0.294151,-0.146992,-0.271731,-0.042537,0.0,-0.030858,0.356662,0.169763,0.40535,0.043627,-0.107977,-0.271731,0.0,-0.08689,0.181165,-0.271731,-0.196936,0.549084,-0.114862,0.081156,0.423008,0.210519,-0.513422,0.097254,0.0107,-0.09551,0.269086,0.248808,0.181658,-0.023222,0.40394,-0.191899,0.271145,0.043627,-0.430711,-0.11646,0.338363,0.573162,0.09031,-0.11646,-0.432129,0.410301,0.212524,#
1,0.071929,1.0,0.211264,0.427315,0.243698,-0.098744,-0.218064,-0.24994,0.101999,-0.327327,-0.101937,-0.105286,-0.49958,-0.095394,0.507325,0.166121,-0.611061,0.00387,0.019798,-0.166667,0.348883,0.196247,0.243698,-0.24994,-0.326581,-0.327327,-0.494491,0.286461,0.327096,0.218218,-0.407596,-0.155682,0.0,0.42331,-0.197795,-0.25,0.463248,0.367108,0.666667,-0.407909,0.210688,-0.327078,0.288869,0.327096,-0.408152,0.144425,0.333016,0.091616,0.415173,-0.214985,2e-06,0.451552,-0.249501,0.188443,-0.658069,0.214286,0.169868,0.342998,-0.655055,0.136364,-0.730761,-0.190731,0.305273,2e-06,-0.100125,0.204257,0.0,0.249769,0.387505,0.359705,-0.324973,0.061817,0.0,0.175882,0.410877,-0.221164,0.337506,0.425063,-0.249873,0.238697,-0.407661,0.218218,-0.406217,0.596434,0.09386,0.078818,-0.327327,-0.32716,0.249897,0.249081,-0.136278,0.238697,-0.017927,0.0,-0.25,0.666667,-0.25,-0.166667,-0.326637,0.534523,2e-06,0.218218,0.139448,-0.249873,0.064958,-0.166667,-0.497608,0.570735,0.610614,-0.249873,-0.249838,-0.166667,-0.406217,-0.25,0.337506,0.392657,-0.249873,0.02315,-0.325972,0.029171,-0.166667,-0.406727,0.582025,0.109195,0.11776,0.825834,0.0,-0.324973,0.465469,0.0,-0.023696,-0.166667,-0.407418,-0.40256,-0.040145,-0.166667,0.0,-0.166667,0.387514,0.476006,0.0,0.064958,0.666667,-0.67184,-0.248719,0.222971,0.0,-0.393749,0.02315,-0.325972,-0.495899,-0.136278,0.0,-0.166667,-0.166667,0.0,-0.274212,-0.453096,0.741215,-0.166667,0.303468,0.0,-0.02925,0.229677,-0.408046,0.29006,0.337506,-0.982147,-0.166667,0.0,-0.994197,0.161915,-0.166667,-0.131325,-0.212319,0.238697,0.410877,-0.368255,-0.43068,0.03499,-0.2173,0.531608,-0.344729,-0.660178,0.20711,-0.407971,0.290565,0.265858,0.151013,-0.096071,0.337506,0.20711,0.285721,-0.056563,-0.407479,-0.239152,0.285721,0.017205,-0.012148,0.093633,#
2,-0.120376,0.211264,1.0,0.525551,-0.236818,0.083444,-0.059619,-0.327173,-0.094645,0.041582,0.077047,0.072173,0.212979,0.533736,0.212979,0.18887,-0.321472,0.663695,0.256209,-0.218168,-0.040828,0.530035,0.297626,0.242883,0.003968,0.041582,0.161649,-0.056817,0.409411,-0.428473,-0.068729,0.413799,0.0,0.167514,-0.624164,0.211264,-0.246734,0.077557,0.499853,-0.099453,0.035133,0.548823,0.205332,-0.059619,0.370519,-0.473937,0.417062,0.344873,-0.080906,-0.05511,-0.353675,0.11733,-0.326599,0.336877,-0.51857,-0.583491,0.181182,0.385049,-0.569786,-0.533244,-0.108975,-0.234393,-0.040828,-0.353675,-0.019079,0.073824,0.0,-0.231762,-0.227298,-0.030853,-0.113847,-0.167983,0.0,0.511253,-0.326546,0.040311,0.179199,-0.010062,0.247828,-0.427571,-0.533631,0.059661,-0.531741,0.349223,0.402806,-0.113823,0.059661,-0.428256,-0.427769,-0.426371,0.086691,-0.427571,0.604294,0.0,0.231976,0.499853,0.231976,0.527469,-0.427571,-0.233298,-0.353675,0.059661,-0.531741,0.247828,-0.126323,0.527469,-0.174327,0.071749,0.361857,0.247828,0.228487,-0.218168,-0.0435,0.231976,0.179199,-0.327085,-0.327085,-0.185462,0.109017,-0.179322,-0.218168,-0.10109,0.336575,-0.071326,0.198053,0.449548,0.0,-0.113847,-0.34137,0.0,0.234007,0.499853,-0.064615,-0.051809,0.204024,-0.218168,0.0,0.527469,0.36778,-0.25781,0.0,0.349223,-0.218168,-0.485494,-0.325575,0.250175,0.0,-0.047301,-0.651516,0.567574,0.172555,0.495112,0.0,-0.218168,-0.218168,0.0,0.007868,0.256994,0.005412,-0.218168,0.466865,0.0,0.223432,0.05155,-0.071326,-0.266401,0.179199,-0.268189,-0.218168,0.0,-0.26185,0.255411,-0.218168,0.095151,-0.082007,0.07827,-0.326546,0.303569,-0.129258,-0.412218,-0.090615,0.624649,-0.260216,0.168642,-0.578702,-0.064702,0.275233,0.317419,0.418501,0.057876,0.179199,0.152803,-0.401233,-0.202325,-0.54679,-0.096343,-0.401233,-0.19129,0.255843,-0.534041,#
3,-0.599218,0.427315,0.525551,1.0,-0.398149,-0.233858,-0.525514,-0.611953,-0.574861,-0.36459,0.166387,-0.249976,-0.432413,-0.257434,0.001729,0.406732,-0.227006,0.001729,0.072864,0.259212,0.382445,0.088308,0.08013,-0.101803,-0.398627,0.072246,-0.120155,0.325107,0.347544,-0.347789,-0.182017,0.361993,0.0,0.407978,-0.159058,-0.111641,-0.420933,0.148269,0.284877,0.230015,0.112033,0.089651,0.06039,-0.525514,-0.174333,-0.329246,-0.096004,-0.166855,-0.196103,-0.096004,3e-06,0.25795,-0.121567,0.508135,-0.281203,-0.192484,0.391201,-0.150529,-0.292523,-0.212082,-0.243414,-0.442021,0.363642,3e-06,-0.33637,-0.343231,0.0,0.130769,-0.251016,-0.068423,-0.234481,0.387107,0.0,0.540897,-0.061688,0.34397,0.426394,0.579738,0.38862,-0.329645,-0.590082,0.542685,-0.540844,0.664636,-0.128634,-0.137522,0.089047,0.081081,0.115542,0.158437,-0.229651,0.140448,-0.051254,0.0,-0.111641,0.284877,0.408067,0.259212,-0.329645,0.052566,3e-06,0.542685,-0.087106,0.38862,-0.162863,0.259212,0.055097,0.362817,0.280975,0.38862,0.388566,-0.408067,-0.557649,-0.111641,0.426394,0.408408,0.408408,0.0647,-0.318691,0.47659,0.284877,-0.594993,0.680251,0.666482,0.367407,0.540777,0.0,-0.234481,0.264891,0.0,-0.397357,0.259212,-0.142503,-0.168729,0.392724,0.284877,0.0,0.259212,-0.1031,0.40862,0.0,0.664636,0.284877,-0.300521,-0.044915,0.495401,0.0,-0.410784,0.041529,0.10746,-0.030096,0.553188,0.0,-0.408067,-0.408067,0.0,-0.392283,-0.502889,0.558308,-0.408067,0.048048,0.0,0.031079,-0.337919,-0.154784,-0.350944,0.426394,-0.336536,0.284877,0.0,-0.3915,-0.173533,0.284877,0.189539,-0.510259,0.123037,-0.061688,-0.408675,-0.608961,0.519942,-0.058557,0.418805,0.116785,-0.236357,-0.190347,-0.182185,0.052946,-0.37368,0.612165,-0.243145,0.426394,0.464285,0.419073,-0.458035,-0.541016,-0.09759,0.419073,0.440412,-0.37769,-0.164678,#
4,0.39885,0.243698,-0.236818,-0.398149,1.0,0.067567,0.203751,0.220222,0.399213,0.319076,-0.375737,0.113066,0.007328,0.083873,0.007328,-0.126519,-0.407325,-0.01339,-0.564976,0.194322,0.222975,-0.223809,0.429172,-0.366162,0.31835,0.319076,0.061515,-0.323778,-0.29721,0.319076,-0.099903,-0.338348,0.0,0.242729,-0.192389,0.243698,0.483762,-0.418489,0.162466,-0.546877,-0.237936,-0.244647,0.451158,0.74559,-0.133076,-0.214187,0.221652,0.39782,0.879629,-0.323011,0.438193,-0.457356,-0.366842,-0.344774,-0.219632,-0.058706,-0.198656,0.28846,-0.162522,0.670716,-0.03014,0.153721,-0.319667,0.438193,0.22997,0.661011,0.0,0.355111,0.271082,0.236185,-0.166821,-0.444261,0.0,-0.805375,0.243173,-0.122592,-0.413142,0.088209,-0.371843,0.296793,0.415719,-0.765366,-0.167222,-0.111855,-0.163254,-0.167222,-0.786221,-0.234437,0.339372,-0.253789,-0.466254,-0.243485,-0.052197,0.0,-0.401386,0.162466,-0.998686,-0.665791,-0.265096,0.50526,0.438193,-0.765366,-0.146362,-0.371843,-0.132172,-0.665791,-0.555492,0.20371,-0.138679,-0.371843,0.266646,0.162466,-0.167222,-0.401386,-0.413142,0.266772,-0.371843,-0.53141,-0.277321,-0.541385,-0.665791,0.374947,-0.644114,-0.611745,-0.182942,0.316728,0.0,-0.166821,0.051833,0.0,-0.04597,0.162466,-0.664139,0.410331,-0.54074,-0.665791,0.0,-0.665791,0.198749,-0.027733,0.0,-0.640093,0.162466,-0.176038,-0.431742,-0.214306,0.0,0.287868,-0.033628,-0.277321,-0.561457,-0.466254,0.0,0.162466,0.162466,0.0,0.125405,0.424355,-0.243485,0.162466,-0.075702,0.0,-0.582,0.31887,-0.631518,0.310469,-0.413142,-0.326151,-0.665791,0.0,-0.280596,-0.256247,-0.665791,-0.475549,0.160089,-0.243485,0.243173,0.372571,0.405884,-0.29627,0.208362,0.003011,-0.260632,-0.213461,0.61171,-0.105827,-0.330447,0.302633,-0.446672,0.636002,-0.413142,-0.200848,-0.271693,0.045002,-0.148598,0.207412,-0.271693,-0.521009,-0.03808,-0.081686,#
5,0.21718,-0.098744,0.083444,-0.233858,0.067567,1.0,0.784448,0.395269,0.226229,0.543003,-0.273166,0.583119,-0.013767,0.591553,-0.427378,-0.300815,-0.303503,0.414893,0.056616,-0.408142,0.370339,-0.371028,-0.404271,-0.612066,0.541766,0.077572,0.097325,-0.530263,-0.077517,0.09481,-0.160991,-0.02966,0.0,-0.139266,-0.459024,0.414725,0.003411,-0.250596,0.276483,-0.584002,0.542857,0.076824,0.104814,0.33657,0.238216,-0.21625,-0.101564,0.677008,0.201771,-0.101564,-0.312247,-0.285995,0.393072,-0.226599,-0.375887,-0.499927,0.415486,-0.097091,-0.362223,0.244167,-0.385856,0.23655,-0.543278,-0.312247,-0.187189,-0.364053,0.0,0.592676,0.444473,-0.526847,-0.058677,-0.855544,0.0,0.077408,-0.12867,-0.68719,0.413831,-0.28973,-0.611901,0.059545,-0.178065,-0.353383,0.656632,-0.609701,0.212055,0.656632,0.077572,0.094112,-0.379123,0.06811,0.143694,0.077408,-0.053342,0.0,-0.118493,0.276483,-0.098744,-0.408142,0.523995,-0.047023,-0.312247,-0.353383,0.225583,-0.611901,0.246773,-0.408142,-0.026206,-0.777233,-0.209967,-0.611901,-0.082127,0.276483,0.208341,-0.118493,0.413831,-0.611901,-0.084031,-0.434319,0.048873,-0.447501,0.276483,0.656925,-0.184828,-0.574305,-0.279592,0.0385,0.0,-0.058677,0.129174,0.0,-0.043052,0.276483,0.228967,0.282718,-0.013138,0.276483,0.0,-0.408142,-0.12959,-0.013138,0.0,-0.173068,-0.408142,-0.267937,0.412599,-0.285844,0.0,0.489893,-0.022859,0.048873,-0.032722,0.143694,0.0,0.276483,0.276483,0.0,0.803587,0.112884,0.077408,0.276483,0.209606,0.0,0.375709,0.542652,-0.165708,0.574797,0.413831,0.068754,0.276483,0.0,0.048769,0.313112,0.276483,0.134863,0.794655,-0.387042,-0.12867,0.050908,0.228823,-0.253738,0.339308,-0.434461,-0.444184,0.358972,0.328936,-0.584704,0.553172,0.012834,-0.530259,0.139315,0.413831,-0.342714,-0.468338,-0.379238,0.208461,0.325886,-0.468338,-0.420873,-0.047023,-0.147404,#
6,0.534633,-0.218064,-0.059619,-0.525514,0.203751,0.784448,1.0,0.306466,0.535133,0.42827,-0.0876,0.818677,0.232692,0.350836,-0.206448,-0.215208,-0.131969,0.214375,0.194611,-0.508817,0.047549,-0.048281,-0.29721,-0.208147,0.427294,-0.065888,-0.120624,-0.42357,0.084834,-0.047586,-0.355529,0.146855,0.0,-0.260637,-0.328099,0.327096,0.222318,-0.090763,0.218064,-0.329736,0.428155,-0.066569,-0.334424,0.524479,0.068065,-0.149321,0.062083,0.533961,0.136558,0.062083,0.026517,-0.126285,0.304333,-0.06041,-0.295919,-0.369032,-0.237028,0.116987,-0.278007,0.423928,-0.218065,0.179164,-0.428676,0.026517,0.00154,-0.265106,0.0,0.176772,0.670808,-0.425202,-0.104355,-0.665708,0.0,-0.065749,-0.249594,-0.662828,0.326391,-0.1151,-0.762836,-0.084715,0.087891,-0.523441,0.513183,-0.831875,0.040935,0.513183,-0.065888,-0.048252,-0.550526,-0.075206,0.332359,-0.065749,0.178824,0.0,-0.239032,0.218064,-0.218064,-0.508817,0.408402,-0.275506,0.026517,-0.523441,0.055529,-0.762836,0.53213,-0.508817,-0.253191,-0.566717,-0.407292,-0.762836,-0.200348,0.218064,0.037222,-0.239032,0.326391,-0.762836,-0.202385,-0.24095,-0.095744,-0.699716,0.218064,0.513263,-0.380757,-0.794556,-0.2287,-0.10628,0.0,-0.104355,-0.137826,0.0,0.185024,0.218064,0.058578,0.117847,-0.239923,0.218064,0.0,-0.508817,0.008667,-0.239923,0.0,-0.368291,-0.508817,-0.219483,0.32542,-0.245781,0.0,0.386382,-0.249687,-0.095744,0.189853,-0.12384,0.0,0.218064,0.218064,0.0,0.971319,0.32506,-0.065749,0.218064,0.078053,0.0,0.17369,0.427993,0.08175,0.722876,0.326391,0.17064,0.218064,0.0,0.164348,0.420435,0.218064,-0.132573,0.996231,-0.558865,-0.249594,0.171557,0.535531,-0.412022,0.507874,-0.235372,-0.367513,0.455877,0.418354,-0.356833,0.258321,0.134034,-0.477494,0.337496,0.326391,-0.29475,-0.529598,-0.188099,0.490827,0.508469,-0.529598,-0.672824,0.192161,0.113085,#
7,0.082095,-0.24994,-0.327173,-0.611953,0.220222,0.395269,0.306466,1.0,0.072751,0.22886,-0.131118,-0.095323,-0.024977,0.401745,-0.024977,-0.711921,-0.142996,-0.025721,0.009703,-0.166627,-0.229541,-0.326999,-0.365226,-0.24988,0.250532,0.207471,0.082313,-0.174165,-0.763042,0.22886,0.081312,-0.279514,0.0,-0.248946,0.393772,0.387162,0.040249,-0.062813,-0.166627,-0.407811,0.221183,0.206458,0.264805,0.306466,0.077447,0.240264,-0.246335,0.10139,0.093949,-0.246335,-0.387428,-0.195994,0.39654,-0.37187,0.133468,0.035006,0.169211,-0.237015,0.140504,0.02495,0.226942,0.714758,-0.762998,-0.387428,0.482187,0.172926,0.0,0.226169,0.051149,-0.243893,0.353106,-0.494417,0.0,-0.326559,-0.249401,-0.401757,-0.249401,-0.607087,-0.249812,0.227557,0.121282,-0.327248,0.592243,-0.407367,0.071758,0.592243,0.207471,0.21745,-0.32671,0.162633,-0.087462,-0.326559,0.031277,0.0,0.362658,-0.166627,-0.24994,-0.166627,0.227557,-0.033578,-0.387428,-0.327248,0.057406,-0.249812,0.113563,-0.166627,-0.044593,-0.483768,-0.406978,-0.249812,-0.249778,0.682842,0.592243,0.362658,-0.249401,-0.249812,-0.249812,-0.055137,0.182704,-0.079485,-0.166627,0.623743,-0.40732,-0.407948,0.213277,-0.32484,0.0,0.353106,0.304684,0.0,0.477979,-0.166627,0.106109,0.187773,0.007083,-0.166627,0.0,-0.166627,-0.226628,0.007083,0.0,-0.407367,-0.166627,0.20612,0.327556,-0.809245,0.0,0.306819,0.455394,0.182704,0.01887,-0.087462,0.0,-0.166627,0.682842,0.0,0.226685,0.317706,-0.326559,0.682842,0.275938,0.0,0.466172,0.205063,0.09903,0.206323,-0.249401,0.174844,-0.166627,0.0,0.207625,0.256463,-0.166627,0.374222,0.299385,-0.326559,-0.249401,0.216733,0.099814,-0.314833,-0.243516,-0.519,-0.394954,0.108925,0.097013,0.106253,0.192714,0.226707,-0.388544,-0.120934,-0.249401,0.097013,-0.435477,0.077201,0.067453,0.320552,-0.435477,-0.498827,-0.033578,-0.407876,#
8,0.999041,0.101999,-0.094645,-0.574861,0.399213,0.226229,0.535133,0.072751,1.0,-0.089032,0.250769,0.274259,0.41835,0.234148,0.41835,0.273114,0.219346,0.022108,0.351688,-0.271998,-0.338065,0.355174,-0.069435,0.111203,-0.071063,-0.106154,-0.362467,0.099163,0.123847,-0.089032,-0.224991,0.122437,0.0,-0.406375,-0.271068,-0.407997,0.818235,0.255351,0.407997,-0.221291,-0.095105,-0.533787,-0.087125,0.535133,0.142895,0.339745,0.544801,0.166506,0.411293,0.097636,0.024811,0.18511,0.109922,-0.073598,-0.400749,0.208482,-0.416822,0.564254,-0.392408,0.229678,-0.251071,-0.26039,0.08828,0.024811,0.328247,0.335348,0.0,-0.140345,0.427278,0.120196,0.205439,-0.370556,0.0,-0.123016,0.071844,-0.65015,0.071844,-0.157225,-0.407789,0.320551,0.581195,-0.534193,0.160978,-0.279483,0.153178,0.160978,-0.106154,-0.098028,-0.115029,-0.531572,0.622771,-0.123016,0.433039,0.0,0.082384,0.407997,-0.407997,-0.271998,0.320551,-0.019826,0.024811,-0.534193,-0.267155,-0.407789,0.562858,-0.271998,-0.42538,0.062109,0.117237,-0.407789,-0.407732,-0.271998,0.160978,0.082384,0.071844,-0.407789,-0.407789,-0.395418,-0.097711,-0.809301,-0.271998,0.186564,-0.284957,-0.665926,-0.371431,-0.088377,0.0,0.205439,-0.228019,0.0,0.419617,-0.271998,0.126039,-0.319487,-0.034918,-0.271998,0.0,-0.271998,0.157429,-0.034918,0.0,-0.279483,-0.271998,-0.354356,-0.405906,0.185942,0.0,-0.160648,-0.403591,-0.531982,0.022888,-0.190792,0.0,0.407997,-0.271998,0.0,0.398394,0.289872,-0.123016,-0.271998,-0.012699,0.0,-0.016524,0.37483,0.153856,0.405749,0.071844,-0.136829,-0.271998,0.0,-0.117763,0.181921,-0.271998,-0.182472,0.549624,-0.123016,0.071844,0.423424,0.192067,-0.513927,0.105707,0.026159,-0.125021,0.269351,0.249054,0.165536,-0.015199,0.402588,-0.184839,0.27933,0.071844,-0.418053,-0.116571,0.311546,0.54889,0.097574,-0.116571,-0.439895,0.417676,0.195838,#
9,-0.080225,-0.327327,0.041582,-0.36459,0.319076,0.543003,0.42827,0.22886,-0.089032,1.0,-0.800797,0.525878,0.224795,0.551645,-0.654104,-0.507509,-0.366697,0.646955,-0.648051,-0.218218,0.409212,-0.428245,0.319076,-0.327248,0.997722,0.047619,0.742544,-0.996442,-0.047586,0.523809,0.355779,-0.523577,0.0,0.17388,-0.517949,0.763763,-0.224452,-0.799354,-0.218218,-0.534079,0.041085,0.504378,0.314113,0.42827,0.364912,-0.512852,-0.042314,0.810593,0.287551,-0.042314,-2e-06,-0.795271,-0.326673,-0.598548,0.132556,-0.592306,0.208681,0.012474,0.141557,0.178542,0.050357,0.485577,-0.523411,-2e-06,-0.349586,0.100288,0.0,0.327025,0.101473,-0.055408,-0.324184,-0.647499,0.0,-0.427669,0.185726,0.032174,-0.326621,-0.424029,-0.32716,0.010966,-0.115123,-0.428571,0.288423,-0.533496,0.314056,-0.13495,-0.428571,-0.428354,0.019576,-0.008362,-0.385306,0.010966,-0.284274,0.0,-0.327327,-0.218218,-0.327327,-0.218218,0.010966,0.169662,-2e-06,-0.428571,0.288423,-0.32716,-0.533496,-0.218218,0.149953,-0.633553,-0.114958,-0.32716,0.235663,0.509175,0.288423,-0.327327,-0.326621,-0.32716,-0.32716,-0.27279,0.473252,-0.292814,-0.218218,0.751005,-0.533435,-0.534258,-0.545356,-0.011817,0.0,-0.324184,-0.370964,0.0,-0.263711,0.509175,-0.127008,0.820696,-0.653274,-0.218218,0.0,-0.218218,0.347645,-0.653274,0.0,-0.533496,-0.218218,0.159418,0.167759,-0.444857,0.0,0.988116,-0.27279,0.473252,-0.292814,-0.385306,0.0,0.509175,0.509175,0.0,0.458272,0.471552,-0.427669,0.509175,0.091692,0.0,-0.268083,0.513346,-0.534258,0.253185,-0.326621,0.21258,-0.218218,0.0,0.255443,0.028266,-0.218218,-0.406415,0.377045,0.010966,0.185726,0.266649,0.785205,-0.412312,0.363544,-0.26352,-0.26747,0.120052,0.104662,-0.534159,0.23249,0.219168,-0.774414,0.488171,-0.326621,-0.608945,-0.717017,-0.058629,-0.124205,-0.084804,-0.717017,-0.2528,0.169662,-0.067135,#
10,0.2424,-0.101937,0.077047,0.166387,-0.375737,-0.273166,-0.0876,-0.131118,0.250769,-0.800797,1.0,-0.225168,-0.020285,-0.296961,0.390276,0.41042,0.592947,-0.416628,0.787396,0.297968,-0.498579,0.532775,-0.375737,0.406879,-0.798973,0.088977,-0.492106,0.802737,-0.0876,-0.800797,-0.166822,0.798222,0.0,-0.609187,0.34328,-0.611619,0.010959,0.570838,0.271831,0.682962,0.095046,-0.355639,-0.425071,-0.532174,-0.206195,0.39863,-0.111458,-0.590904,-0.449257,-0.111458,0.049591,0.536939,0.38626,0.456917,-0.189931,0.387583,-0.303692,-0.162718,-0.198277,-0.186765,0.094093,-0.390843,0.372053,0.049591,0.574176,-0.172976,0.0,-0.405863,-0.247134,-0.087603,0.311606,0.365804,0.0,0.515008,-0.610301,-0.228917,0.406867,0.230455,0.406418,-0.355817,0.28882,0.071866,-0.120945,0.230228,-0.145234,0.274598,0.499643,0.532625,-0.338242,-0.328122,0.591166,-0.338085,0.450016,0.0,0.36854,0.271831,0.388143,0.245693,0.105208,-0.385031,0.049591,0.071866,-0.548815,0.406418,0.663642,0.245693,0.061873,0.357245,-0.182882,0.406418,-0.099342,-0.407746,-0.13806,0.36854,0.406867,-0.097406,0.426571,0.032129,-0.328007,0.046662,0.271831,-0.553459,0.220889,0.242809,0.444048,-0.353291,0.0,0.311606,0.151073,0.0,0.431622,-0.407746,0.251923,-0.587902,0.796685,0.271831,0.0,0.245693,-0.492253,0.391957,0.0,0.663642,-0.407746,-0.211542,-0.055317,0.314707,0.0,-0.802749,0.032129,-0.328007,0.458383,0.591166,0.0,-0.407746,-0.407746,0.0,-0.125444,-0.05138,0.071715,-0.407746,0.032216,0.0,0.420186,-0.34622,0.648392,-0.371708,0.406867,0.204366,0.271831,0.0,0.15164,-0.135087,0.271831,0.610177,-0.041794,-0.355817,-0.610301,0.158292,-0.555802,0.246928,0.005679,0.016056,0.126145,0.495231,-0.177102,0.663566,-0.393403,-0.36528,0.638249,-0.173693,0.406867,0.463952,0.418954,-0.183841,0.269001,0.407634,0.418954,0.017808,0.043628,-0.164252,#
11,0.266522,-0.105286,0.072173,-0.249976,0.113066,0.583119,0.818677,-0.095323,0.274259,0.525878,-0.225168,1.0,0.033646,0.177438,-0.374699,-0.23998,-0.256748,0.394035,-0.027484,-0.408145,0.341815,0.082648,0.113066,-0.096087,0.52468,-0.359095,0.08066,-0.563925,0.376502,0.083391,-0.171656,0.054423,0.0,-0.14526,-0.49363,0.401646,-0.027494,-0.282011,0.267764,-0.14755,0.525737,0.065642,-0.404524,0.376502,-0.163855,-0.284764,-0.055692,0.655657,-0.017316,-0.055692,0.332929,-0.207808,-0.133713,-0.129656,-0.314646,-0.371007,-0.298913,0.030762,-0.300671,0.429651,-0.367749,0.203788,-0.101014,0.332929,-0.219815,-0.301274,0.0,0.085709,0.593546,-0.098351,-0.603924,-0.426183,0.0,0.066233,-0.134814,-0.386367,0.40078,0.12976,-0.611905,-0.392304,-0.1801,-0.359095,0.210038,-0.61465,0.196666,0.210038,-0.359095,-0.350568,-0.38449,0.057081,0.131144,0.066233,-0.059747,0.0,-0.612217,0.267764,-0.105286,-0.408145,0.066233,-0.061962,0.332929,-0.359095,0.210038,-0.611905,0.23921,-0.408145,-0.041395,-0.338286,-0.219993,-0.611905,-0.088875,0.267764,-0.232546,-0.612217,0.40078,-0.611905,-0.090756,-0.02997,0.038082,-0.457274,0.267764,0.196666,-0.195185,-0.579722,-0.347872,0.027874,0.0,-0.603924,-0.222861,0.0,-0.049711,0.267764,-0.195185,0.26656,-0.43108,0.267764,0.0,-0.408145,0.301884,-0.43108,0.0,-0.183575,-0.408145,-0.336355,0.399587,-0.178862,0.0,0.474443,-0.444316,0.038082,-0.039585,-0.293064,0.0,0.267764,0.267764,0.0,0.801493,0.261492,0.066233,0.267764,0.196984,0.0,-0.055205,0.525538,-0.16826,0.575234,0.40078,0.074604,0.267764,0.0,0.055902,0.23942,0.267764,-0.304838,0.795043,-0.392304,-0.134814,0.058354,0.652376,-0.260331,0.768834,-0.029483,-0.431359,0.35955,0.329508,-0.581804,0.145785,-0.007833,-0.517619,0.551984,0.40078,-0.33359,-0.464606,-0.359632,0.22437,0.332927,-0.464606,-0.43108,0.37291,0.264243,#
12,0.442104,-0.49958,0.212979,-0.432413,0.007328,-0.013767,0.232692,-0.024977,0.41835,0.224795,-0.020285,0.033646,1.0,0.378917,0.188914,0.3092,0.394016,0.218179,0.139545,-0.333053,-0.64685,0.241513,0.007328,0.506444,0.206745,0.207893,0.179687,-0.17962,0.232692,-0.214654,0.022409,0.14711,0.0,-0.036259,-0.250568,0.003873,0.235169,0.03171,-0.333053,-0.000301,-0.653928,0.224624,-0.128101,0.232692,0.796957,-0.205116,0.650454,0.023094,0.05998,0.650454,-0.281662,-0.068587,0.011887,0.126821,0.303273,-0.341905,-0.357871,0.6345,0.268265,-0.336573,0.535621,-0.293981,-0.190846,-0.281662,-0.021068,0.231178,0.0,-0.525458,-0.073234,-0.193386,0.533616,-0.142363,0.0,-0.214851,-0.025687,0.151888,-0.498503,-0.439286,-0.001659,0.18994,0.415862,-0.231556,0.001597,-0.402594,0.026656,-0.389111,0.190991,-0.22347,-0.240109,-0.650894,0.409639,-0.247934,0.603827,0.0,0.468598,-0.333053,-0.015491,0.312399,0.18994,-0.603891,-0.281662,-0.231556,-0.421044,-0.001659,0.017289,0.312399,-0.199683,-0.285608,-0.010386,-0.001659,0.0201,-0.333053,0.424237,0.468598,-0.498503,-0.499325,-0.499325,-0.179662,0.24104,-0.584276,-0.333053,0.429891,-0.408428,-0.414781,-0.256706,-0.267602,0.0,0.533616,-0.884071,0.0,0.252725,0.338217,0.372364,-0.02708,-0.197492,-0.333053,0.0,0.312399,0.193094,-0.597273,0.0,-0.402594,-0.333053,0.387801,-0.497019,0.25757,0.0,0.202809,-0.591165,0.24104,0.566201,-0.011657,0.0,0.338217,-0.333053,0.0,0.267403,0.495099,-0.652726,-0.333053,-0.336179,0.0,-0.178073,-0.205171,0.394482,-0.017973,-0.498503,0.398664,-0.333053,0.0,0.464389,0.306001,-0.333053,-0.38449,0.218208,0.18994,-0.025687,0.484761,0.455929,-0.629288,-0.219362,0.192558,0.428398,0.285496,-0.372164,0.411691,0.03976,0.528982,0.095328,0.011587,-0.498503,-0.397492,-0.430432,0.633388,0.396566,-0.198895,-0.430432,-0.227698,0.251417,0.035329,#
13,0.225035,-0.095394,0.533736,-0.257434,0.083873,0.591553,0.350836,0.401745,0.234148,0.551645,-0.296961,0.177438,0.378917,1.0,-0.037313,-0.330756,-0.281137,0.825439,0.032107,-0.408076,-0.06587,0.08251,0.083873,-0.105501,0.550388,0.083267,0.455593,-0.52152,-0.099877,0.100614,0.257437,-0.146765,0.0,-0.136188,-0.589817,0.421325,0.01136,-0.242476,0.280884,-0.612714,0.088234,0.533197,0.529801,0.350836,0.655728,-0.194343,0.328804,0.687783,0.217255,-0.124257,-0.628444,-0.311186,-0.086971,-0.36086,-0.330581,-0.504228,0.389909,0.312659,-0.367247,-0.388804,-0.077047,0.292126,-0.534584,-0.628444,0.119658,0.291057,0.0,0.09607,-0.092825,-0.080738,0.126955,-0.784955,0.0,0.065115,-0.125519,-0.394999,-0.125519,-0.733737,-0.101021,0.065115,-0.172711,-0.367763,0.216118,-0.184585,0.66755,0.216118,0.06592,-0.359398,-0.376327,-0.401498,0.13735,-0.384299,0.381744,0.0,0.381578,0.280884,-0.115268,0.254385,0.065115,-0.039402,-0.628444,-0.367763,-0.21766,-0.101021,-0.184585,0.254385,-0.035413,-0.52788,0.223479,-0.101021,-0.078675,0.280884,0.649896,0.381578,-0.125519,-0.611802,-0.611802,-0.445718,0.530323,-0.459146,-0.408076,0.66755,-0.196178,-0.5879,-0.257751,0.04391,0.0,0.126955,-0.312109,0.0,0.388417,0.280884,0.220237,0.290908,-0.021701,-0.408076,0.0,0.254385,0.326539,-0.432018,0.0,-0.184585,-0.408076,-0.245989,-0.141639,-0.317027,0.0,0.49769,-0.445718,0.530323,-0.041741,0.13735,0.0,0.280884,0.280884,0.0,0.322832,0.544165,-0.384299,0.280884,0.52529,0.0,0.369252,0.551288,-0.176717,0.046117,-0.125519,-0.033262,-0.408076,0.0,0.011983,0.337748,-0.408076,0.128314,0.327557,0.065115,-0.125519,0.566065,0.236567,-0.77104,-0.125527,-0.038191,-0.482317,0.313137,-0.366374,-0.164939,0.512787,0.557012,-0.326532,0.149907,-0.125519,-0.39237,-0.765441,0.049237,-0.212044,-0.123337,-0.765441,-0.432018,0.395176,-0.556556,#
14,0.409915,0.507325,0.212979,0.001729,0.007328,-0.427378,-0.206448,-0.024977,0.41835,-0.654104,0.390276,-0.374699,0.188914,-0.037313,1.0,0.3092,-0.005916,-0.20271,0.554193,-0.333053,-0.629286,0.663064,0.007328,0.506444,-0.652614,-0.231556,-0.647342,0.664171,0.232692,-0.214654,-0.412144,0.202436,0.0,0.043973,0.192011,-0.49958,0.614651,0.819211,0.338217,-0.000301,-0.220615,-0.214491,-0.068943,0.232692,-0.032964,0.429452,0.650454,-0.412989,0.05998,0.209026,-0.281662,0.784422,0.011887,0.464144,-0.282885,0.377313,-0.357871,0.6345,-0.320873,-0.336573,-0.084006,-0.293981,0.230704,-0.281662,0.382198,0.385429,0.0,-0.525458,0.155672,0.249763,0.346634,0.305793,0.0,0.18994,0.033415,-0.145035,-0.025687,0.049855,-0.001659,0.240539,0.029532,0.207893,-0.389111,0.40607,0.026656,0.001597,0.190991,-0.22347,-0.188494,-0.187878,0.409639,-0.197336,0.651963,0.0,0.468598,0.338217,-0.015491,0.312399,-0.214851,-0.163534,-0.281662,0.207893,-0.372206,-0.001659,0.397837,0.312399,-0.581431,0.563913,0.423612,-0.001659,-0.499255,-0.333053,0.03353,0.468598,-0.025687,0.018248,-0.499325,0.239908,-0.187659,-0.16132,-0.333053,-0.376579,0.388592,0.00187,0.375685,0.277668,0.0,0.346634,-0.020064,0.0,0.634472,-0.333053,-0.002705,-0.804443,0.172084,-0.333053,0.0,0.312399,0.297144,0.188075,0.0,-0.022046,0.338217,-0.268975,-0.497019,0.25757,0.0,-0.669421,-0.171594,-0.187659,0.237235,-0.011657,0.0,-0.333053,-0.333053,0.0,-0.298277,-0.094484,0.207455,-0.333053,0.165257,0.0,0.198916,-0.205171,0.394482,0.048784,-0.025687,-0.533985,-0.333053,0.0,-0.504381,0.462512,-0.333053,0.000185,-0.194618,0.240539,0.033415,0.012835,-0.383402,-0.347436,-0.627789,0.641928,-0.00356,-0.334925,-0.284358,0.411691,0.117779,0.588469,0.551496,-0.37535,-0.025687,0.348861,0.144952,0.519481,0.005811,-0.198895,0.144952,-0.181501,0.251417,0.008392,#
15,0.272884,0.166121,0.18887,0.406732,-0.126519,-0.300815,-0.215208,-0.711921,0.273114,-0.507509,0.41042,-0.23998,0.3092,-0.330756,0.3092,1.0,0.407994,-0.31119,0.296509,0.153343,-0.160496,0.216224,-0.126519,0.164829,-0.535288,0.217504,-0.423258,0.501333,0.509295,-0.507509,-0.367454,0.503667,0.0,0.165461,-0.199956,-0.664486,0.328289,0.376105,0.110748,0.299843,-0.497444,-0.507123,-0.214473,-0.215208,0.219562,-0.087579,0.482215,-0.392936,0.125483,0.482215,0.080814,0.381139,0.132102,0.59853,-0.107702,0.014604,-0.135385,0.418579,-0.107599,-0.032525,-0.025554,-0.996031,0.533873,0.080814,-0.261862,-0.1292,0.0,-0.163513,-0.007923,-0.142762,0.322719,0.349677,0.0,0.188149,0.165763,0.165799,0.165763,0.456262,0.164212,0.188149,0.295399,0.189619,-0.362277,0.269245,-0.382208,-0.362277,0.161734,0.215816,0.244986,-0.420142,0.376758,0.217046,0.300557,0.0,0.102229,0.110748,0.134175,0.068152,0.188149,-0.248069,0.080814,0.189619,-0.334385,0.164212,0.269245,0.068152,-0.261313,0.359586,0.242957,0.164212,0.196909,-0.996728,-0.390168,0.102229,0.165763,0.197055,0.197055,-0.247601,-0.477072,-0.214708,0.110748,-0.382208,0.243949,0.269672,-0.063203,0.215904,0.0,0.322719,-0.237921,0.0,-0.288565,0.110748,0.217174,-0.478053,0.303694,0.110748,0.0,0.068152,-0.18707,0.330077,0.0,0.269245,0.110748,-0.058678,-0.585957,0.978513,0.0,-0.588692,-0.247601,-0.477072,0.301188,0.376758,0.0,0.110748,-0.996728,0.0,-0.128881,-0.338488,0.217046,-0.996728,-0.583472,0.0,-0.306497,-0.47635,0.243233,-0.110138,0.165763,-0.086118,0.110748,0.0,-0.109831,-0.134074,0.110748,-0.219379,-0.175137,0.188149,0.165763,-0.114649,-0.356483,0.239657,-0.111071,0.366329,0.663709,-0.033744,0.015601,0.268112,-0.158422,-0.114375,0.613656,-0.178184,0.165763,-0.026187,0.540361,0.174916,0.292253,-0.160059,0.540361,0.330077,-0.276012,0.296732,#
16,0.242961,-0.611061,-0.321472,-0.227006,-0.407325,-0.303503,-0.131969,-0.142996,0.219346,-0.366697,0.592947,-0.256748,0.394016,-0.281137,-0.005916,0.407994,1.0,-0.37486,0.375037,0.30553,-0.532972,0.135242,-0.352577,0.439469,-0.348567,0.08334,-0.023046,0.395158,-0.083922,-0.366697,0.304007,0.31757,0.0,-0.608631,0.341779,-0.611061,-0.004198,0.185922,-0.407374,0.700888,-0.354729,-0.314453,-0.406137,-0.565034,0.23064,0.424213,-0.106898,-0.584003,-0.44121,0.328423,0.024155,0.12087,0.361014,0.033585,0.485251,0.414649,-0.262383,-0.161561,0.47606,-0.243036,0.423038,-0.362271,0.401727,0.024155,0.175263,-0.157967,0.0,-0.436593,-0.401752,-0.048486,0.503538,0.388442,0.0,0.134343,-0.143469,0.101359,-0.085185,-0.182745,0.458062,0.032626,0.652987,0.100008,0.242666,-0.111863,-0.114708,-0.142636,0.51671,0.514875,0.074394,-0.339531,0.587447,0.049899,0.077595,0.0,0.401009,-0.407374,0.420104,0.305531,0.481716,-0.389724,0.024155,0.100008,-0.174127,0.458062,0.246279,0.305531,0.470583,-0.031274,-0.153639,0.458062,-0.093569,-0.407374,0.27601,0.401009,-0.085185,-0.091612,0.4188,0.048626,0.138213,0.07843,0.254609,-0.166327,-0.131592,0.273924,-0.178898,-0.794179,0.0,0.503538,-0.292468,0.0,0.062443,-0.407374,0.638397,-0.254413,0.443312,0.254609,0.0,0.305531,-0.457145,0.001752,0.0,0.31033,-0.407374,0.453383,-0.069083,0.342568,0.0,-0.330832,0.015914,-0.284555,0.46434,0.226289,0.0,0.254609,-0.407374,0.0,-0.140996,-0.015973,-0.349292,-0.407374,-0.446951,0.0,0.055408,-0.357246,0.654081,-0.422854,-0.085185,0.690418,0.254609,0.0,0.673656,-0.29583,0.254609,0.242567,-0.087239,0.084444,-0.143469,0.171327,-0.124158,0.239466,-0.023237,-0.359936,0.62493,0.494176,-0.236461,0.684671,-0.390616,-0.355372,0.237617,-0.189743,-0.085185,-0.186505,0.414657,0.282988,0.650152,-0.047951,0.414657,0.413524,0.06217,0.240102,#
17,0.00631,0.00387,0.663695,0.001729,-0.01339,0.414893,0.214375,-0.025721,0.022108,0.646955,-0.416628,0.394035,0.218179,0.825439,-0.20271,-0.31119,-0.37486,1.0,-0.159691,-0.332854,0.215713,0.22449,0.467461,0.013733,0.644807,-0.214525,0.630475,-0.659404,0.231254,0.207769,0.411525,-0.209545,0.0,-0.036237,-0.781876,0.468317,-0.206219,-0.416186,0.338014,-0.423711,0.179259,0.630934,0.419244,0.214375,0.444956,-0.331017,0.240878,0.812847,0.066931,-0.200286,-0.318209,-0.376634,-0.498284,-0.4073,-0.359125,-0.516421,0.302723,0.255772,-0.399448,-0.368038,-0.23877,0.271167,-0.190732,-0.318209,-0.122457,0.228075,0.0,-0.003867,-0.133982,0.219476,-0.357926,-0.556349,0.0,0.207331,-0.007497,-0.144947,-0.025671,-0.479446,0.018237,-0.232226,-0.4132,-0.214525,-0.067864,-0.005577,0.811314,-0.082882,-0.214525,-0.653379,-0.224093,-0.294551,-0.01165,-0.232226,0.164026,0.0,0.00387,0.338014,0.00387,0.338014,-0.232226,0.141243,-0.318209,-0.214525,-0.067864,0.018237,-0.433436,0.338014,0.161779,-0.317131,0.406676,0.018237,0.020088,0.286409,0.371419,0.00387,-0.025671,-0.499026,-0.499026,-0.252129,0.64668,-0.264189,-0.332854,0.357947,-0.01712,-0.398517,-0.407466,0.168513,0.0,-0.357926,-0.427985,0.0,0.147105,0.338014,-0.002703,0.416024,-0.211579,-0.332854,0.0,0.338014,0.61293,-0.627103,0.0,-0.005577,-0.332854,-0.367776,-0.076661,-0.207116,0.0,0.577583,-0.671448,0.630202,-0.238899,-0.026327,0.0,0.363817,0.286409,0.0,0.19994,0.476456,-0.247786,0.286409,0.61088,0.0,0.133588,0.648333,-0.398517,-0.068,-0.025671,-0.113359,-0.332854,0.0,-0.082048,0.174466,-0.332854,-0.066354,0.173873,0.222891,-0.007497,0.453373,0.369622,-0.628911,0.157554,0.168057,-0.520648,0.244442,-0.437756,-0.392496,0.408604,0.415477,-0.3653,0.368539,-0.025671,-0.46307,-0.695579,-0.111321,-0.41976,-0.291337,-0.695579,-0.197373,0.581336,-0.367471,#
18,0.341143,0.019798,0.256209,0.072864,-0.564976,0.056616,0.194611,0.009703,0.351688,-0.648051,0.787396,-0.027484,0.139545,0.032107,0.554193,0.296509,0.375037,-0.159691,1.0,-0.329972,-0.577794,0.595753,-0.564976,0.417993,-0.646575,-0.198736,-0.616608,0.662288,0.194611,-0.648051,-0.379118,0.686794,0.0,-0.492989,0.17126,-0.494957,0.164465,0.815609,0.356369,0.356571,0.274416,-0.180626,-0.49669,-0.271658,0.024164,0.432024,0.169252,-0.396406,-0.499616,0.186611,-0.400679,0.77659,0.552127,0.552165,-0.305672,0.202508,-0.191323,0.117707,-0.347014,-0.406765,-0.12488,-0.315686,0.198584,-0.400679,0.3436,-0.337669,0.0,-0.43516,0.102702,-0.266764,0.389709,0.158613,0.0,0.716329,-0.49389,-0.472897,0.554319,-0.007694,0.034488,-0.181072,-0.03988,0.267861,0.111874,0.020109,0.070862,0.511353,0.717177,0.284998,-0.646986,-0.153252,0.835702,-0.163164,0.619466,0.0,0.534554,0.356369,0.554352,0.356369,0.30245,-0.585893,-0.400679,0.267861,-0.337541,0.034488,0.79268,0.356369,-0.090073,0.040285,0.032238,0.034488,-0.494636,-0.329972,0.094588,0.534554,0.554319,-0.494705,0.054842,0.200746,-0.152254,-0.100259,0.382767,-0.341426,0.456315,0.060533,0.378731,-0.197273,0.0,0.389709,0.048722,0.0,0.602366,-0.329972,0.504251,-0.797,0.681715,0.382767,0.0,0.356369,-0.228799,0.256608,0.0,0.474673,-0.329972,-0.279973,0.08774,0.254272,0.0,-0.665741,-0.110914,-0.152254,0.646367,0.516624,0.0,-0.329972,-0.329972,0.0,0.161544,-0.158434,0.250715,-0.329972,0.201504,0.0,0.718554,-0.189054,0.796028,0.015752,0.554319,0.036044,0.382767,0.0,-0.001905,0.464689,0.382767,0.532294,0.245835,-0.181072,-0.49389,-0.023198,-0.482448,-0.084791,-0.21855,0.161123,-0.016987,0.373813,-0.324581,0.370163,0.214,0.019884,0.56029,-0.459206,0.554319,0.348752,0.164046,0.018477,0.380064,0.217801,0.164046,-0.121264,0.191449,-0.06091,#
19,-0.271731,-0.166667,-0.218168,0.259212,0.194322,-0.408142,-0.508817,-0.166627,-0.271998,-0.218218,0.297968,-0.408145,-0.333053,-0.408076,-0.333053,0.153343,0.30553,-0.332854,-0.329972,1.0,0.218052,-0.218052,0.194322,-0.166627,-0.217721,0.509175,0.257023,0.205226,-0.508817,-0.218218,0.394276,0.140419,0.0,-0.166004,0.234424,-0.166667,-0.332387,-0.407011,-0.111111,0.427333,-0.218159,-0.218052,0.25786,-0.508817,-0.272101,-0.056894,-0.508658,-0.272071,0.066187,-0.508658,0.527029,-0.404932,-0.166334,-0.188443,0.151862,0.238095,0.092274,-0.533552,0.199272,0.242424,0.282048,-0.105962,0.218052,0.527029,0.294813,0.178725,0.0,0.198535,-0.637231,0.197485,-0.061901,0.247268,0.0,-0.217758,-0.166307,0.344033,-0.166307,0.283375,0.642529,-0.217758,0.407661,-0.218218,-0.270812,0.397622,-0.271151,-0.270812,-0.218218,0.481481,0.508338,-0.217147,-0.406861,-0.217758,-0.330656,0.0,-0.166667,-0.111111,-0.166667,-0.111111,-0.217758,0.356348,0.527029,-0.218218,-0.270812,0.642529,-0.271643,-0.111111,0.339637,0.38049,-0.271384,0.642529,0.639369,-0.111111,-0.270812,-0.166667,-0.166307,0.642529,0.642529,-0.331812,-0.217315,0.330599,-0.111111,-0.271151,-0.271612,0.37931,0.100314,-0.216612,0.0,-0.061901,0.269837,0.0,-0.331739,-0.111111,-0.271612,0.356606,0.317338,-0.111111,0.0,-0.111111,-0.502333,0.317338,0.0,0.397622,-0.111111,0.095667,-0.165812,0.084941,0.0,-0.196875,0.324095,-0.217315,-0.330599,0.264657,0.0,-0.111111,-0.111111,0.0,-0.49492,0.069707,-0.217758,-0.111111,-0.212687,0.0,-0.331503,-0.218077,-0.272031,-0.662993,-0.166307,0.250195,-0.111111,0.0,0.219151,-0.949901,-0.111111,0.270609,-0.507613,-0.217758,-0.166307,0.228765,-0.263965,0.583164,0.265589,-0.323778,0.204284,0.183383,0.174408,0.388544,-0.807123,-0.659722,0.125844,0.324811,-0.166307,0.174408,0.42858,-0.391227,-0.250093,0.239153,0.42858,0.317338,-0.332052,-0.271983,#
20,-0.356205,0.348883,-0.040828,0.382445,0.222975,0.370339,0.047549,-0.229541,-0.338065,0.409212,-0.498579,0.341815,-0.64685,-0.06587,-0.629286,-0.160496,-0.532972,0.215713,-0.577794,0.218052,1.0,-0.523773,0.222975,-0.762998,0.40752,-0.047583,0.243428,-0.459431,0.066569,0.409212,0.063434,-0.334675,0.0,0.325777,-0.401776,0.305273,-0.238662,-0.559296,0.247125,-0.34731,0.428131,-0.084823,0.305333,0.047549,-0.347353,-0.346412,-0.398187,0.53393,0.312523,-0.417305,0.34476,-0.441945,-0.248411,-0.319591,-0.299128,-0.218052,0.504843,-0.368971,-0.253499,0.515395,-0.573638,0.12255,0.046786,0.34476,-0.505786,-0.239395,0.0,0.783424,0.197834,0.056842,-0.688362,-0.269586,0.0,-0.048213,0.326373,-0.045011,0.346851,0.36121,-0.233508,-0.065745,-0.381709,-0.047583,0.039661,0.086015,0.042024,0.056583,-0.523411,-0.056532,0.427541,0.409432,-0.554522,0.427343,-0.715616,0.0,-0.763181,0.247125,-0.218052,-0.508788,-0.065745,0.6527,0.34476,-0.047583,0.515594,-0.233508,-0.351788,-0.508788,0.170507,-0.080081,0.079365,-0.233508,0.326865,0.188978,-0.436272,-0.763181,0.346851,0.326911,0.326911,-0.247343,-0.113146,0.176573,0.218052,0.02456,0.092392,0.082709,-0.310988,0.443987,0.0,-0.688362,0.425049,0.0,-0.717162,0.218052,-0.380735,0.506472,-0.231598,0.218052,0.0,-0.508788,0.029668,0.218593,0.0,0.086015,0.218052,-0.328834,0.30568,-0.054453,0.0,0.362319,0.181721,-0.113146,-0.699675,-0.115246,0.0,0.218052,0.188978,0.0,0.096251,-0.297308,0.444875,0.188978,0.079406,0.0,-0.266859,0.429183,-0.794511,0.218296,0.346851,-0.301564,0.218052,0.0,-0.346159,-0.367181,0.218052,-0.139534,0.039592,-0.065745,0.326373,-0.337985,0.045441,0.411998,0.522473,-0.204932,-0.300675,-0.21401,0.515307,-0.813337,0.107286,-0.410949,-0.459026,0.351335,0.346851,-0.197757,0.10591,-0.625932,-0.355406,0.019555,0.10591,0.202586,-0.274431,0.096251,#
21,0.338778,0.196247,0.530035,0.088308,-0.223809,-0.371028,-0.048281,-0.326999,0.355174,-0.428245,0.532775,0.082648,0.241513,0.08251,0.663064,0.216224,0.135242,0.22449,0.595753,-0.218052,-0.523773,1.0,0.318,0.785226,-0.42727,-0.428245,-0.247814,0.40424,0.427212,-0.428245,-0.06204,0.451292,0.0,-0.325777,-0.139548,-0.327078,0.17018,0.507787,0.479714,0.364252,0.022286,0.086345,-0.288252,-0.048281,-0.066706,0.234186,0.434954,-0.115503,-0.325118,-0.023899,-0.013791,0.547204,-0.326425,0.315939,-0.388535,0.188148,-0.53228,0.446255,-0.439879,-0.444033,-0.090573,-0.205728,0.429441,-0.013791,0.428645,0.266118,0.0,-0.784262,-0.079764,0.424468,-0.105279,0.288277,0.0,0.506237,-0.326373,-0.10288,0.165106,0.062497,0.255925,-0.427343,-0.088891,0.066616,-0.531458,0.344577,0.397866,-0.125329,0.066616,-0.428028,-0.427541,-0.426144,0.521447,-0.427343,0.682259,0.0,0.239857,0.479714,0.239857,0.537861,-0.427343,-0.244763,-0.013791,0.066616,-0.531458,0.255925,0.300282,0.537861,-0.167407,0.523772,0.357143,0.255925,-0.326865,-0.218052,-0.036488,0.239857,0.165106,-0.326911,-0.326911,0.250372,0.116627,-0.172502,-0.218052,-0.532125,0.332001,-0.064664,0.199146,0.02834,0.0,-0.105279,-0.353737,0.0,0.668593,-0.218052,-0.057872,-0.526673,0.199585,-0.218052,0.0,0.537861,0.460045,-0.268614,0.0,0.344577,-0.218052,-0.465374,-0.325401,0.222259,0.0,-0.468783,-0.651169,0.116627,0.260025,0.082171,0.0,-0.218052,-0.218052,0.0,-0.141752,0.259612,-0.006574,-0.218052,0.456754,0.0,0.218895,0.038244,0.361415,-0.238535,0.165106,-0.219382,-0.218052,0.0,-0.211891,0.256462,-0.218052,0.090593,-0.057471,0.085469,-0.326373,0.339445,-0.092699,-0.411998,-0.066336,0.652576,-0.212477,0.215929,-0.541929,0.374135,-0.105597,0.350402,0.455075,0.080801,0.165106,0.199658,-0.093453,0.146154,-0.094775,-0.070399,-0.093453,-0.184578,0.701441,-0.096251,#
