0,1.0,-0.249944,0.414345,0.526621,0.082169,-0.400998,-0.487595,-0.16663,-0.131426,0.321047,-0.399365,0.362712,-0.495376,-0.232199,-0.248924,-0.073889,-2.8e-05,-0.182043,-0.321251,-0.093077,-0.325211,-0.327166,-0.235078,0.632608,0.682238,-0.499691,-0.39996,-0.997325,0.479351,-0.16663,-0.260872,-0.456301,-0.248663,0.354665,0.435522,-0.249879,-0.005472,0.34279,-0.16663,0.026067,0.087435,-0.005472,-0.630203,0.136322,0.363127,0.065377,-0.113714,-0.354295,0.272064,0.254601,0.124148,0.074216,0.375541,-0.023254,0.238341,0.26421,0.196394,-0.326686,-0.397974,0.22316,0.273038,-0.192572,0.390412,-0.622503,-0.119526,-0.235078,0.082571,-0.740896,-0.095576,0.110246,0.328772,0.122263,0.0,-0.1987,-0.499493,0.184056,0.322979,-0.072253,0.427676,0.314299,0.516898,0.322979,0.267757,-0.498945,0.408291,-0.009419,0.182216,0.12626,0.258579,-0.249944,0.349772,0.250108,0.427676,0.505776,0.408291,-0.1987,0.024124,0.331869,0.50511,0.313327,-0.312401,0.61237,0.182216,0.408291,0.61237,-0.189108,0.331869,0.313327,-0.125839,-0.499502,-0.194228,0.0,0.331869,0.322979,-0.121013,-0.16663,0.267757,0.228268,0.084995,-0.032281,0.627253,0.331352,0.182216,0.020991,0.199523,0.026938,-0.015106,-0.675633,-0.508298,0.61237,0.182216,-0.23666,-0.077482,0.379355,0.1986,0.238824,-0.16663,0.267757,-0.350665,0.182216,0.331869,0.031643,0.22846,0.328772,0.258579,0.187592,0.078058,-0.128736,0.161606,-0.130439,-0.348924,0.331352,0.207878,0.026938,0.17152,0.50511,-0.18987,0.022328,0.258579,0.363127,0.271379,0.650799,0.516898,-0.116293,-0.398343,-0.394404,0.398721,-0.074936,0.033059,0.197483,0.241551,-0.291646,0.505776,0.08247,-0.072608,0.17152,0.197483,0.133368,-0.394404,0.161606,-0.319382,-0.745696,0.11204,-0.074572,-0.319382,0.173826,0.396687,0.17152,0.023359,0.056493,-0.691392,-0.170724,-0.405264,-0.319382,-0.754965,0.195283,-0.394242,0.08247,0.08247,-0.249406,#
1,-0.249944,1.0,0.413694,0.00387,0.632982,0.700801,0.051792,-0.166667,0.407434,0.320301,0.131735,0.385014,0.01638,0.355503,-0.248979,-0.083785,0.0,0.420322,-0.283582,0.48406,-0.325284,0.233102,0.348739,-0.407976,-0.166667,-0.499802,-0.363889,0.255653,0.0,0.666667,-0.090388,0.165048,-0.248719,-0.601148,-0.611787,0.387654,-0.016114,-0.762942,-0.166667,0.016402,-0.408148,-0.016114,0.07523,-0.370601,-0.25,0.012695,0.438033,0.406414,-0.598641,0.279108,0.210042,0.134782,0.362151,0.303722,0.214625,0.266785,-0.625431,0.287879,0.265522,-0.095404,0.226013,0.668654,0.367658,0.18421,-0.500379,0.348739,0.112032,0.273768,0.472316,0.179111,0.0,-0.407733,0.0,-0.209192,-0.499604,0.151862,-0.762755,-0.140991,-0.13647,-0.209192,-0.034818,-0.762755,-0.418754,0.48745,-0.611749,-0.029371,-0.725424,0.058203,0.222132,-0.25,-0.254,-0.356416,-0.13647,-0.499604,-0.611749,-0.209192,-0.368483,-0.762738,-0.040145,-0.362478,-0.324426,-0.407971,0.133631,-0.087393,-0.407971,-0.262172,-0.200062,-0.362478,-0.087393,0.011355,0.133307,0.0,-0.762738,-0.762755,0.387726,-0.166667,-0.418754,-0.545906,0.596434,-0.042629,-0.408034,0.299626,-0.725424,-0.499613,0.165785,0.476006,-0.034818,0.173349,0.085002,-0.407971,0.133631,0.308451,-0.087393,-0.239816,0.08737,0.228395,-0.166667,-0.418754,0.242734,-0.725424,-0.200062,-0.364662,0.218218,0.0,0.222132,0.234754,0.116563,0.407643,-0.642999,-0.092351,-0.361022,0.299626,-0.327327,-0.040145,0.123257,-0.040145,0.245079,0.485607,0.222132,-0.25,-0.363326,-0.166667,-0.034818,0.397544,0.222132,0.59267,-0.092351,-0.393112,0.48745,-0.327154,-0.312153,0.203924,-0.499604,-0.301506,0.363242,0.123257,-0.327154,0.576224,0.59267,-0.642999,0.746957,-0.188374,-0.40742,0.373067,0.746957,0.076472,-0.039603,0.123257,-0.499438,0.624767,0.08737,-0.171775,0.592334,0.746957,0.291859,-0.327074,0.576224,-0.301506,-0.301506,0.337506,#
2,0.414345,0.413694,1.0,0.369334,0.250047,0.206649,0.041151,-0.407127,0.1952,0.411333,0.237748,0.303743,-0.33655,-0.004202,-0.175513,-0.625558,0.0,0.19906,-0.340376,0.789471,-0.293096,0.084423,-0.014958,0.660964,0.302062,-0.419774,-0.419023,-0.419888,0.46654,0.302062,0.032764,0.044755,-0.607561,0.200913,0.173743,-0.067926,-0.013968,-0.102475,-0.407127,-0.371898,-0.59897,-0.013968,-0.325546,0.110174,-0.118198,0.043015,-0.228466,-0.203304,-0.330875,0.553762,0.063446,0.419262,0.374197,0.163776,0.04559,-0.312182,-0.213062,-0.137301,-0.359358,-0.226534,0.588458,0.263968,0.424672,-0.142045,-0.173223,-0.014958,0.265471,-0.602172,0.310601,0.350752,0.050865,-0.01669,0.0,-0.0543,-0.41133,0.394896,-0.497936,-0.294413,0.11455,-0.037816,0.353011,-0.099196,-0.477892,0.408797,-0.211643,-0.078227,-0.320411,-0.182534,0.057029,-0.078799,-0.141105,-0.410043,0.11455,0.41314,-0.283262,-0.449919,-0.047255,-0.563588,-0.033893,0.195459,-0.353508,-0.15982,-0.320411,0.162979,0.286573,-0.109197,-0.084735,-0.019602,-0.283262,0.014316,0.263111,0.0,-0.084735,-0.099196,0.171278,0.223263,-0.477892,-0.048752,0.677054,-0.118529,-0.147716,0.787005,-0.320411,-0.420532,-0.295238,0.460499,-0.091454,-0.308919,0.084397,-0.15982,0.410667,-0.077877,-0.227252,0.193831,0.406197,0.14641,-0.407127,0.075097,-0.422392,-0.320411,0.394117,-0.029884,0.128965,0.050865,0.605856,0.643505,0.286573,0.178885,-0.235455,-0.223773,-0.356438,0.385633,0.042988,0.39,0.384766,-0.033893,-0.427557,0.661511,0.605856,-0.118198,0.121676,0.24953,0.353011,0.187488,0.057029,0.270351,0.147363,-0.449978,0.408797,0.104109,0.136355,0.207628,-0.395945,-0.071273,0.160691,0.384766,0.026771,0.69078,0.270351,-0.235455,0.552717,-0.536571,-0.173062,0.582788,0.098659,0.355528,0.265256,0.384766,-0.421046,0.687627,-0.33735,-0.413684,-0.167821,0.552717,-0.610924,-0.379404,0.249987,-0.071273,-0.071273,0.415114,#
3,0.526621,0.00387,0.369334,1.0,0.006318,-0.079085,-0.701387,-0.332854,-0.006938,0.220866,-0.10171,0.616047,-0.1654,-0.185063,-0.072195,0.067775,4.7e-05,-0.153085,-0.617697,0.081301,-0.649631,-0.253794,-0.63688,0.402968,0.363817,-0.243266,-0.062345,-0.57669,-0.193767,-0.332854,-0.695472,-0.154741,-0.496721,0.318033,0.400406,-0.499151,0.186109,-0.229788,-0.332854,0.262875,-0.408468,0.186109,-0.41899,0.369545,0.507021,0.666069,-0.38525,-0.714663,0.270873,0.389202,-0.171259,0.086347,0.506889,-0.01761,-0.022826,0.367593,-0.353661,-0.379767,-0.537779,-0.389929,0.014725,0.321214,0.700244,-0.29415,0.004265,-0.63688,-0.412424,-0.530013,-0.353644,0.163602,-0.489682,0.361689,0.0,-0.251088,-0.242086,0.327778,-0.208043,0.373253,0.794862,-0.218702,0.577307,0.183658,0.462526,0.140688,0.013981,0.154147,0.268355,-0.000901,-0.045594,-0.49928,0.63507,-0.0309,0.388842,0.582944,-0.016687,-0.639723,0.32226,0.197645,0.196841,0.32581,-0.553352,0.421369,0.268355,0.38199,0.421369,0.172211,0.197645,0.343415,-0.455051,-0.250677,-0.379936,0.0,0.197645,0.183658,-0.439827,0.286409,0.462526,-0.221147,-0.029347,0.079856,0.439352,0.172211,0.268355,0.176494,0.280787,-0.195598,0.140688,-0.428981,-0.669829,0.421369,0.268355,-0.25426,-0.016687,0.548953,0.177872,0.233466,0.338014,0.462526,-0.595628,0.268355,0.197645,0.339862,-0.197634,-0.489682,0.444735,0.326551,-0.017143,-0.429036,-0.380911,-0.431962,-0.529219,-0.222076,0.190877,0.166653,0.247628,0.196841,-0.518659,-0.103842,0.444735,0.507021,0.597857,0.338014,0.577307,-0.026364,-0.094405,-0.456224,-0.028059,-0.165282,0.577307,-0.222854,-0.208958,-0.359989,0.220215,-0.590475,-0.056433,-0.401166,0.174543,-0.028467,-0.456224,-0.380911,-0.27974,-0.695382,-0.046419,-0.057959,-0.27974,-0.459947,-0.439602,-0.401166,0.172966,-0.07433,-0.55255,-0.405384,-0.47438,-0.27974,-0.378158,-0.224566,-0.461478,-0.590475,-0.590475,-0.025671,#
4,0.082169,0.632982,0.250047,0.006318,1.0,0.685875,0.067292,0.394225,0.63253,0.072965,-0.209668,0.59229,0.010368,0.544802,-0.40644,-0.153521,2.5e-05,0.210893,0.043188,0.334859,-0.078684,0.362601,0.533995,-0.258242,-0.272071,-0.81589,-0.147899,-0.063627,0.367092,0.421988,-0.292091,-0.118704,0.136343,-0.649846,-0.58833,0.612426,0.408541,-0.361619,-0.272071,-0.383041,0.157649,0.408541,-0.428571,-0.268256,0.091616,-0.385291,0.598312,0.535651,-0.179493,-0.062432,0.202928,-0.498415,0.611576,-0.266056,0.369013,0.38218,-0.46534,0.348796,0.358953,0.073102,-0.10165,0.403396,0.15206,-0.383121,-0.299873,0.533995,0.582778,0.088375,0.650862,0.371945,0.25806,-0.686763,0.0,-0.78424,-0.425289,0.2732,-0.402239,-0.605926,-0.199057,-0.366088,-0.033639,-0.82369,-0.164041,0.00696,-0.206714,0.374763,-0.497339,-0.277278,0.362615,-0.408107,0.04231,-0.125864,0.204196,-0.425289,-0.206714,-0.366088,-0.572637,-0.395321,-0.042607,-0.563305,-0.549867,-0.269888,0.218142,-0.165954,-0.269888,-0.827257,0.073316,-0.563305,0.230006,-0.390011,0.395258,0.0,-0.395321,-0.82369,0.632934,-0.272071,-0.164041,-0.309175,0.572298,-0.093935,0.137709,0.064883,-0.497339,-0.815582,0.297142,0.387281,-0.033639,0.309633,0.002831,-0.269888,0.218142,0.503523,-0.165954,-0.391482,0.142626,-0.07136,-0.272071,-0.164041,0.456895,-0.497339,0.073316,-0.070462,-0.079969,0.25806,-0.124373,-0.175884,0.166981,0.637349,-0.444809,-0.173832,-0.617642,0.489117,0.33805,-0.432371,-0.443165,-0.042607,0.559571,0.428715,-0.124373,0.091616,-0.118248,0.394226,-0.033639,0.648961,-0.124373,0.151376,-0.173832,-0.724441,0.00696,0.321104,-0.536696,0.311437,-0.03501,-0.492188,-0.196806,0.201209,-0.106476,0.13826,0.151376,-0.444809,0.337722,-0.335399,-0.283339,0.216521,0.337722,0.124835,0.251998,0.201209,-0.815296,0.178277,0.142626,0.363389,0.567837,0.337722,0.087509,0.317517,0.13826,-0.492188,-0.492188,0.081641,#
5,-0.400998,0.700801,0.206649,-0.079085,0.685875,1.0,0.351314,0.437817,0.331143,-0.268308,0.043903,0.489925,0.072122,0.218582,-0.05659,-0.087522,-5.3e-05,-0.062202,-0.088475,0.387906,-0.043136,0.74661,0.210055,-0.361074,-0.267392,-0.509569,-0.186476,0.416343,0.044695,0.467201,0.116329,0.373059,0.175,-0.641384,-0.686174,0.679036,0.0679,-0.435318,-0.267392,-0.344179,-0.210244,0.0679,0.215194,-0.239671,-0.401087,-0.042301,0.284266,0.329195,-0.14454,-0.198939,-0.156764,-0.397057,0.138577,-0.435619,0.37806,0.075256,-0.550656,0.034459,-0.010102,-0.403679,-0.14129,0.446563,0.102129,0.267701,-0.387465,0.210055,0.243931,0.184991,0.327025,0.383258,0.079662,-0.738634,0.0,-0.422396,-0.095877,0.289378,-0.777661,-0.266592,-0.259744,-0.735885,-0.09576,-0.907763,-0.202134,0.364625,-0.562374,0.335029,-0.542875,-0.243191,0.356378,-0.401087,0.005598,-0.159606,0.16706,-0.508948,-0.265523,-0.293313,-0.640855,-0.455443,-0.396046,-0.63041,-0.205462,-0.654528,0.21439,-0.222382,-0.654528,-0.463536,0.040562,-0.800825,0.196703,-0.061858,0.374471,0.0,-0.455443,-0.907763,0.322727,0.232131,-0.202134,-0.349688,0.231231,0.283767,-0.229261,0.031695,-0.542875,-0.512282,0.274161,0.471474,-0.09576,0.28634,0.382145,-0.654528,0.21439,0.174129,0.196703,-0.546621,0.140172,-0.035152,-0.267392,-0.202134,0.068471,-0.542875,0.040562,-0.11058,-0.044243,0.079662,-0.15905,-0.100651,-0.192146,0.333692,-0.48479,-0.523662,-0.169855,0.162656,0.263535,-0.10384,-0.484257,-0.396046,0.326371,0.142868,-0.15905,-0.401087,0.048411,-0.267392,-0.09576,0.33548,-0.15905,0.213041,-0.229573,-0.519434,0.364625,-0.072319,-0.525329,0.265195,-0.388469,-0.483721,0.174369,0.197748,-0.204313,0.19907,0.213041,-0.48479,0.401341,0.076016,0.059596,0.622185,0.401341,0.122687,-0.038401,0.197748,-0.5142,0.241487,0.140172,0.412435,0.655209,0.401341,0.482097,-0.074159,0.19907,-0.483721,-0.483721,0.117195,#
6,-0.487595,0.051792,0.041151,-0.701387,0.067292,0.351314,1.0,0.365418,0.165296,-0.474353,0.426092,-0.292851,0.238734,0.313772,0.314708,-0.47914,2.6e-05,0.242392,0.503296,0.336165,0.709118,0.606808,0.303086,-0.033103,-0.325136,0.13546,-0.028479,0.526424,0.356677,0.394191,0.691273,0.640857,0.467248,-0.334605,-0.425803,0.569999,-0.071079,0.163294,-0.325136,-0.684743,-0.012069,-0.071079,0.381075,0.063689,-0.487704,-0.667795,-0.027008,0.347423,0.0269,-0.472555,-0.212732,-0.120442,-0.487577,-0.25775,-0.081516,-0.643652,0.283348,0.022757,0.148857,-0.047215,-0.058203,-0.306533,-0.650509,0.279856,0.209944,0.303086,0.550115,0.134373,0.465519,0.482259,0.356606,-0.427462,0.0,0.195231,0.198179,0.333396,-0.145491,-0.533665,-0.896203,-0.111743,-0.323387,-0.27289,-0.626207,0.25366,-0.294203,0.097862,-0.362196,-0.433069,-0.0788,0.094951,-0.722432,-0.092297,-0.478268,-0.206308,-0.130254,0.321632,-0.430707,-0.347112,-0.616921,-0.423687,0.422951,-0.795875,-0.421518,-0.450105,-0.30688,-0.262514,0.138586,-0.590561,0.322366,0.22602,0.772391,0.0,-0.211116,-0.27289,0.171195,0.164007,-0.626207,0.46808,0.159344,0.053513,-0.37947,-0.165526,-0.362196,-0.338541,-0.412713,0.357321,-0.323387,0.375004,0.688242,-0.795875,-0.21389,-0.025321,-0.03973,-0.743452,0.441947,-0.158678,-0.325136,-0.020442,0.188923,-0.362196,0.274581,-0.360101,-0.167644,0.356606,-0.427648,-0.28878,0.145894,0.525263,0.338896,0.097853,0.488467,0.350665,0.133738,-0.206037,-0.309527,-0.616921,0.187345,0.24574,-0.427648,-0.487704,-0.155724,-0.325136,-0.323387,0.184485,0.01769,0.503062,-0.098451,-0.029289,-0.233223,0.332794,0.235123,0.301931,-0.570148,0.348745,-0.06975,0.358305,0.066689,0.146647,0.503062,0.338896,0.383176,0.618374,-0.056819,0.480896,0.254223,0.386818,0.200323,0.358305,-0.338865,0.19356,0.441947,0.405347,0.471313,0.383176,0.179839,0.197104,0.146647,0.348745,0.348745,0.128946,#
7,-0.16663,-0.166667,-0.407127,-0.332854,0.394225,0.437817,0.365418,1.0,0.244461,-0.507865,-0.266303,0.226479,0.324864,0.207377,-0.165986,0.265321,-2.1e-05,-0.399094,0.232942,-0.32813,0.537425,0.499077,0.203063,-0.271984,-0.111111,-0.333201,0.097037,0.203854,0.30608,-0.111111,0.180775,0.223301,0.738619,-0.400765,-0.407858,0.649491,0.365259,0.242754,-0.111111,-0.330768,0.428354,0.365259,0.154639,0.033691,-0.166667,-0.33007,0.125152,0.301386,0.365129,-0.644607,0.023338,-0.937053,-0.166623,-0.829777,0.174189,0.0,-0.016847,0.090909,0.083849,0.127205,-0.665483,-0.150061,-0.502166,0.078947,-0.18366,0.203063,0.421455,0.261181,0.143126,0.207857,0.430339,-0.642488,0.0,-0.508624,0.317756,0.143425,0.194306,-0.407308,-0.407433,-0.508624,-0.332704,-0.508503,0.154024,-0.332704,0.252468,0.332873,0.089087,-0.271612,0.148088,-0.166667,0.211667,0.142566,0.265029,-0.333069,0.252468,0.188683,-0.630998,0.200062,-0.332631,-0.620714,0.172351,-0.271981,0.089087,-0.407832,-0.271981,-0.507699,0.200062,-0.620714,0.252468,-0.333075,0.23699,0.0,0.200062,-0.508503,0.258484,-0.111111,0.154024,0.121312,-0.271643,0.296374,0.398178,-0.507699,0.089087,-0.333075,0.154732,0.317338,-0.332704,0.160014,0.283341,-0.271981,0.089087,0.205634,0.252468,-0.479632,0.058247,-0.218107,-0.111111,0.154024,0.229249,0.089087,0.200062,0.194487,-0.218218,0.430339,-0.664008,-0.642659,-0.271981,0.248334,0.075647,-0.407885,0.136858,0.19975,0.509175,-0.332631,-0.99238,-0.332631,0.448361,-0.263037,-0.664008,-0.166667,0.340035,-0.111111,-0.332704,0.265029,-0.664008,-0.28536,-0.407885,-0.331042,-0.332704,0.494925,-0.230722,-0.025043,0.317756,-0.201004,-0.416347,0.082171,-0.218103,-0.284875,-0.28536,0.075647,-0.237129,0.223258,0.3862,0.270528,-0.237129,0.050981,0.237617,0.082171,-0.332959,-0.28522,0.058247,0.994864,0.417074,-0.237129,0.269408,0.491879,-0.284875,-0.201004,-0.201004,-0.166307,#
8,-0.131426,0.407434,0.1952,-0.006938,0.63253,0.331143,0.165296,0.244461,1.0,0.363289,0.394066,0.407487,0.49385,0.87341,-0.608656,-0.238277,0.0,0.549396,0.192293,0.393782,0.165953,0.07744,0.4072,-0.149601,-0.407434,-0.377472,0.083817,0.133981,0.410558,0.271623,-0.418355,0.149524,-0.077384,-0.314859,-0.240898,0.387377,0.813471,-0.523498,-0.407434,-0.377568,-0.191649,0.813471,-0.277903,0.071379,0.387063,-0.382756,0.072748,0.262706,-0.336972,0.219314,0.530585,-0.393293,0.386546,0.023294,-0.485134,0.006522,-0.288283,0.718565,0.558753,0.343101,-0.42743,0.289156,-0.05115,-0.16083,0.041232,0.4072,0.664472,0.333858,0.637494,0.320013,-0.010521,-0.298593,0.0,-0.500362,0.013103,0.342369,-0.119256,-0.703697,-0.301705,-0.091248,-0.455843,-0.531598,-0.504784,0.44544,0.144326,-0.056483,-0.331341,-0.616556,-0.489307,-0.061115,-0.164546,-0.475147,-0.318144,0.013103,-0.720681,-0.091248,-0.289668,-0.600134,-0.464524,-0.516611,-0.231319,-0.206114,-0.387343,-0.277258,0.255506,-0.527986,-0.141628,-0.284947,-0.2934,0.037936,0.276225,0.0,-0.104947,-0.531598,0.566787,-0.407434,-0.504784,-0.108245,0.682346,-0.170708,0.198533,-0.087489,-0.331341,-0.828117,-0.325304,0.410314,-0.455843,0.422683,0.022165,-0.206114,0.368675,0.78174,-0.277258,-0.065884,0.3097,0.080481,0.271623,0.067069,0.503556,-0.331341,0.35356,0.210384,-0.355638,-0.010521,0.098095,0.011396,0.682932,0.56928,-0.297424,0.168381,-0.399169,0.327575,0.053346,-0.391621,-0.287409,-0.464524,0.054803,0.6727,0.098095,0.387062,0.101345,0.244461,-0.455843,0.997947,0.098095,0.248987,-0.688577,-0.785663,-0.014186,0.535226,-0.340627,0.090082,-0.059897,-0.405385,-0.693768,-0.313677,-0.381425,0.22897,0.248987,-0.297424,0.529835,-0.134171,-0.621451,0.129067,0.060287,-0.352078,0.032271,-0.313677,-0.830678,0.289967,0.3097,0.211711,0.212593,0.529835,-0.09635,0.03347,0.22897,-0.405385,-0.405385,0.449603,#
9,0.321047,0.320301,0.411333,0.220866,0.072965,-0.268308,-0.474353,-0.507865,0.363289,1.0,0.220429,0.134888,-0.124497,0.125409,-0.758687,-0.019583,-5.2e-05,0.299471,-0.225852,0.196773,-0.440262,-0.512085,0.149343,0.134913,0.24239,-0.203178,-0.307451,-0.326676,0.262663,0.213534,-0.303598,-0.387118,-0.757893,0.332339,0.376486,-0.209652,0.187347,-0.391475,0.213534,0.280707,-0.386629,0.187347,-0.219036,-0.26599,0.277017,0.196205,-0.054893,-0.051074,-0.717144,0.897957,0.806713,0.400704,0.29814,0.670822,-0.375956,0.11663,-0.097784,0.544066,0.226792,0.532977,0.219133,0.23337,0.481447,-0.032122,-0.29728,0.149343,0.089918,0.061128,0.06765,-0.408649,0.022354,0.207012,0.0,0.084794,-0.186123,-0.276732,0.059266,-0.106186,0.329969,0.519418,-0.238718,0.059266,-0.368506,0.231484,0.375244,-0.699723,-0.207566,0.086662,-0.335462,0.363585,0.024187,-0.345567,-0.08917,0.237426,-0.526552,0.084794,0.133099,-0.447263,0.193424,0.150619,-0.063542,0.506549,-0.267059,0.33893,0.542876,0.070033,-0.447263,0.386884,-0.544709,0.241023,-0.480728,0.0,0.078801,0.059266,0.369821,-0.507865,-0.368506,-0.267795,0.541472,-0.138334,0.07126,0.55637,-0.207566,-0.219005,-0.267515,0.270873,-0.256802,-0.2498,-0.150114,0.506549,0.5361,0.514857,-0.072628,0.675009,-0.195139,0.420228,0.184678,-0.323506,0.103138,-0.207566,0.078801,0.156577,0.438264,0.022354,0.773648,0.707556,0.524713,-0.079339,-0.181396,0.336176,-0.269143,0.070033,-0.544051,0.270873,0.50363,0.193424,-0.354455,0.537036,0.773648,0.277017,-0.145407,0.184678,-0.238718,0.34846,0.19304,0.129976,-0.089541,-0.33816,0.213399,-0.023093,0.031017,-0.130263,0.201633,0.099182,-0.061566,-0.166126,-0.552478,0.574377,0.129976,-0.181396,0.465571,-0.431476,-0.325582,-0.057566,-0.033255,-0.144317,0.286609,-0.166126,-0.217717,0.572829,-0.225392,-0.49555,-0.355598,0.465571,-0.392071,-0.554167,0.556442,0.099182,0.099182,0.365342,#
10,-0.399365,0.131735,0.237748,-0.10171,-0.209668,0.043903,0.426092,-0.266303,0.394066,0.220429,1.0,-0.009239,0.150766,0.287791,-0.067257,-0.525526,5.1e-05,0.417566,0.339661,0.489951,0.021155,0.264253,-0.190143,0.099168,-0.266303,0.363863,-0.103915,0.394001,0.121473,0.441949,0.132131,0.481557,-0.397407,0.217052,0.197096,0.142538,0.074915,-0.421035,-0.266303,-0.357139,-0.652146,0.074915,0.321607,0.003436,0.131735,-0.066032,-0.523326,-0.292941,-0.276693,0.376494,0.091639,0.313543,-0.39935,0.279797,-0.715843,-0.480692,0.281778,0.248789,0.062395,0.005406,-0.167118,-0.22349,0.060056,0.354723,0.419922,-0.190143,0.249059,0.090021,0.027735,0.204999,-0.186529,0.007381,0.0,0.506605,0.373075,0.205003,-0.258464,-0.263224,-0.25638,0.204357,-0.512333,0.046169,-0.715727,0.830149,-0.075266,-0.509237,-0.432226,-0.650979,-0.69134,0.17423,-0.446862,-0.184175,-0.685026,0.373075,-0.691255,0.204357,-0.038563,-0.459941,-0.797225,-0.279559,0.423419,-0.230827,-0.490636,0.17529,0.25064,0.056448,0.018279,-0.202239,-0.245603,0.794044,0.165523,0.0,0.056536,0.046169,-0.041541,0.215309,-0.715727,0.371173,0.288487,0.261067,-0.22476,0.082974,-0.432226,-0.109244,-0.515134,0.115226,-0.512333,0.257713,0.395896,-0.230827,0.297886,0.239255,0.17529,-0.004659,0.332669,0.395362,0.441949,-0.119288,-0.053982,-0.432226,0.534756,-0.027274,-0.059348,-0.186529,0.418263,0.451504,0.696443,-0.045159,0.264885,0.357717,0.390581,-0.22367,-0.20772,-0.041723,0.280748,-0.797225,-0.565589,0.369383,0.418263,0.131735,0.085749,-0.266303,-0.512333,0.396169,0.418263,0.275363,-0.252541,-0.167405,0.350762,-0.002994,-0.025838,-0.09651,-0.383422,0.184502,-0.213612,-0.4042,-0.21367,0.260385,0.275363,0.264885,0.467969,0.471049,-0.351245,0.231184,-0.021766,-0.358765,-0.187141,-0.4042,-0.114201,0.305666,0.332669,-0.265341,-0.19051,0.467969,0.065638,-0.522605,0.260385,0.184502,0.184502,0.207528,#
11,0.362712,0.385014,0.303743,0.616047,0.59229,0.489925,-0.292851,0.226479,0.407487,0.134888,-0.009239,1.0,-0.126499,0.178741,-0.391976,0.044403,0.0,-0.112694,-0.35645,0.092494,-0.480455,0.328532,-0.335523,0.005913,0.256676,-0.752053,-0.459755,-0.364656,0.245575,0.256676,-0.479836,0.086634,-0.153626,-0.240746,-0.149158,0.362734,0.275907,-0.488525,-0.498253,-0.090266,-0.323987,0.275907,-0.232283,-0.025943,0.362366,0.251096,-0.083521,-0.309847,0.206542,0.148097,0.044399,-0.397118,0.361809,-0.330715,0.147938,0.523247,-0.317059,-0.124907,-0.286538,-0.101409,-0.354898,0.215909,0.597895,-0.193103,-0.273508,-0.335523,0.138464,-0.268963,-0.021783,0.452522,0.08187,-0.463393,0.0,-0.481579,-0.326183,0.500999,-0.380326,-0.161786,0.29295,-0.348922,0.134579,-0.51403,0.134736,0.152453,-0.043807,0.109092,-0.335503,-0.321632,0.144758,-0.747379,0.460205,0.154984,0.274675,0.142022,-0.18737,-0.348922,-0.509885,-0.037381,-0.184438,-0.501575,-0.347631,0.135163,0.442726,0.305597,0.135163,-0.50781,0.472355,-0.41916,-0.18737,-0.296252,-0.116164,0.0,-0.037381,-0.51403,-0.053219,0.015099,0.134736,-0.074182,0.127857,0.465075,0.591966,-0.018096,-0.335503,-0.296252,0.504027,0.283151,-0.338551,-0.258511,-0.328041,0.135163,0.442726,0.10778,0.305597,-0.022967,0.360134,0.503845,0.256676,0.134736,-0.223562,-0.335503,0.472355,0.046249,0.009884,0.08187,0.166829,0.079184,0.135163,-0.049026,-0.303243,-0.487334,-0.390542,0.116491,0.306414,-0.308089,-0.289459,-0.184438,-0.097069,-0.012648,0.166829,0.362366,0.522196,0.226479,0.134579,0.420881,-0.417396,-0.325128,-0.158959,-0.543561,0.625583,-0.047876,-0.481348,-0.417605,0.265837,-0.559936,-0.167419,-0.318663,-0.183524,0.130209,-0.325128,-0.303243,-0.032223,-0.463918,-0.037485,0.283418,-0.032223,-0.37756,-0.099738,-0.318663,-0.29936,0.1052,-0.431368,0.170202,0.114556,-0.032223,-0.025762,-0.05168,-0.339013,-0.559936,-0.559936,-0.214026,#
12,-0.495376,0.01638,-0.33655,-0.1654,0.010368,0.072122,0.238734,0.324864,0.49385,-0.124497,0.150766,-0.126499,1.0,0.653635,-0.052576,0.323539,-4.9e-05,0.394934,-0.076393,-0.139986,0.630177,-0.225637,0.188648,-0.357515,-0.330324,0.190821,0.4816,0.485341,-0.135691,-0.330324,-0.196909,0.526297,0.410727,-0.356855,-0.355035,-0.01412,0.658947,-0.23474,-0.330324,0.124857,-0.064934,0.658947,0.22971,0.57199,0.01638,-0.149509,-0.104889,0.195893,-0.012587,-0.300753,0.215599,-0.395175,0.005932,-0.00478,-0.558964,-0.161685,-0.372936,0.396835,0.449947,0.144809,-0.540033,0.366091,-0.611612,0.289662,0.020352,0.188648,0.042468,0.648899,0.362907,0.172441,-0.274905,0.192377,0.0,-0.231188,0.250486,0.292691,0.193703,-0.070629,-0.409456,-0.231188,-0.266713,-0.220722,-0.090823,0.257018,0.046284,0.134224,0.299244,-0.082941,-0.603163,0.057329,-0.227785,-0.584967,-0.425978,-0.133285,-0.479541,0.179992,0.101659,-0.290011,-0.274956,-0.132832,0.035786,-0.402856,-0.460592,-0.806869,0.061097,0.199174,-0.290011,0.100002,-0.479541,-0.143025,0.103562,0.0,-0.160981,-0.220722,0.034256,-0.330324,-0.090823,-0.20268,0.049427,-0.339849,-0.00184,-0.603452,0.299244,-0.260198,-0.432852,0.226672,-0.266713,0.315173,-0.126701,-0.402856,-0.263598,0.262824,-0.417511,-0.10157,0.251873,-0.218699,0.352163,0.483918,0.341928,0.299244,-0.160981,0.174413,-0.648743,-0.274905,-0.435324,-0.475577,0.061097,0.389457,-0.36057,-0.010967,-0.031422,0.181792,-0.219822,-0.156594,-0.355174,-0.274956,0.078233,0.156596,-0.435324,0.01638,0.176589,-0.330324,-0.266713,0.459411,-0.012793,0.340311,-0.872254,-0.096247,-0.20493,0.272881,0.149943,-0.086758,-0.206653,-0.325948,-0.51022,-0.381576,-0.277415,0.003606,0.340311,-0.36057,0.229551,0.116335,-0.421155,0.000215,0.107201,-0.405839,-0.428779,-0.381576,-0.261444,0.04416,0.251873,0.311081,0.307855,0.229551,0.10223,0.144151,0.003606,-0.325948,-0.325948,0.570371,#
13,-0.232199,0.355503,-0.004202,-0.185063,0.544802,0.218582,0.313772,0.207377,0.87341,0.125409,0.287791,0.178741,0.653635,1.0,-0.273911,-0.177971,0.0,0.778826,0.243934,0.254512,0.400548,-0.031873,0.489634,-0.308203,-0.503629,-0.228241,0.194908,0.237015,0.270375,0.237002,-0.35989,0.282159,0.229089,-0.557119,-0.480234,0.33365,0.709643,-0.456927,-0.503629,-0.296645,0.005028,0.709643,-0.242927,0.21559,0.333284,-0.593474,0.249897,0.431009,-0.172821,-0.104539,0.34224,-0.335407,0.332744,0.13338,-0.41965,0.054535,-0.233572,0.616743,0.720373,0.3516,-0.3691,0.258891,-0.32357,-0.226867,0.166893,0.489634,0.579637,0.436285,0.786886,0.45987,-0.011471,-0.178835,0.0,-0.423244,-0.16332,0.449896,-0.004409,-0.608783,-0.546328,0.022967,-0.303258,-0.454141,-0.442754,0.308415,-0.060065,0.136784,-0.279947,-0.44486,-0.429233,-0.155532,-0.45036,-0.416866,-0.564257,-0.16332,-0.630687,0.022967,-0.190074,-0.525642,-0.317036,-0.439647,-0.232471,-0.369839,-0.341026,-0.519877,0.133639,-0.447153,-0.02556,-0.186976,-0.164662,-0.136238,0.450215,0.0,-0.385619,-0.454141,0.400982,-0.503629,-0.442754,-0.021024,0.599363,-0.396189,0.071477,-0.366155,-0.279947,-0.71752,-0.295864,0.270143,-0.303258,0.522636,-0.126919,-0.369839,-0.127249,0.581843,-0.519877,-0.327624,0.446494,-0.028528,0.237002,0.180952,0.671465,-0.279947,0.114463,-0.1076,-0.504251,-0.011471,-0.247095,-0.330271,0.599822,0.778311,-0.250438,0.335494,-0.337218,0.485988,-0.058183,-0.604508,-0.235945,-0.317036,0.298863,0.593432,-0.247095,0.333284,-0.130405,0.207377,-0.303258,0.871171,0.211433,0.493965,-0.599169,-0.445001,-0.192888,0.467454,-0.108559,0.103974,-0.242939,-0.281363,-0.616216,-0.264596,-0.129724,0.120838,0.493965,-0.250438,0.476718,-0.027283,-0.811325,-0.063986,0.343945,-0.288852,-0.119671,-0.264596,-0.718719,0.188308,0.446494,0.188925,0.454277,0.476718,-0.014633,0.325843,0.120838,-0.281363,-0.281363,0.401687,#
14,-0.248924,-0.248979,-0.175513,-0.072195,-0.40644,-0.05659,0.314708,-0.165986,-0.608656,-0.758687,-0.067257,-0.391976,-0.052576,-0.273911,1.0,-0.153919,4.1e-05,-0.001943,0.072651,-0.006241,0.183613,0.16639,-0.276497,0.041729,-0.165986,0.495355,0.267721,0.231671,-0.497005,-0.165986,0.270056,0.311371,0.360904,-0.105455,-0.158373,-0.248914,-0.497505,0.299637,-0.165986,-0.052646,0.137379,-0.497505,0.168575,0.308782,-0.248979,-0.028362,-0.018528,-0.117628,0.526029,-0.575255,-0.902694,0.262071,-0.248914,-0.106277,0.285334,-0.172343,0.139777,-0.675771,-0.286003,-0.645414,0.271984,-0.158239,-0.257782,0.006375,0.444462,-0.276497,-0.406451,-0.229834,-0.136378,0.310512,-0.295374,0.265961,0.0,0.314991,-0.050854,0.21426,-0.158738,0.417768,-0.147093,-0.163623,0.516699,0.323652,0.26896,-0.045609,-0.60925,0.528893,0.184469,0.158228,0.2598,-0.248979,-0.264927,0.251351,-0.147093,-0.050854,0.408519,-0.163623,0.319526,0.332525,0.058814,0.314319,-0.014054,-0.406305,0.184469,-0.156037,-0.406305,0.332006,0.332525,0.05414,0.408519,-0.055931,0.388207,0.0,-0.273289,0.323652,-0.608467,0.596653,0.26896,0.230205,-0.405801,-0.114579,-0.406368,-0.272863,0.184469,0.494211,0.134764,-0.496909,0.516699,0.142133,-0.034319,-0.406305,-0.740445,-0.758574,-0.156037,-0.434332,0.2046,-0.325824,-0.165986,0.26896,-0.259166,0.184469,-0.273289,-0.376915,-0.32599,-0.295374,-0.434542,-0.365817,-0.406305,-0.04143,0.163911,-0.050027,0.242557,-0.15357,0.173274,-0.050787,0.173795,0.058814,0.096036,-0.392945,-0.434542,-0.248979,-0.131459,-0.165986,0.516699,-0.608654,0.2598,0.140916,0.39897,0.680543,-0.045609,-0.325818,0.239826,0.163369,-0.497564,0.105504,0.393492,0.173795,0.773225,-0.390713,0.140916,0.163911,-0.315945,0.33352,0.062886,-0.124376,0.258501,0.179078,-0.470095,0.173795,0.493347,-0.389525,0.2046,-0.166739,0.13579,-0.315945,0.219158,0.288476,-0.390713,0.105504,0.105504,-0.248442,#
15,-0.073889,-0.083785,-0.625558,0.067775,-0.153521,-0.087522,-0.47914,0.265321,-0.238277,-0.019583,-0.525526,0.044403,0.323539,-0.177971,-0.153919,1.0,0.0,-0.355371,-0.46629,-0.838068,-0.019354,-0.362442,-0.149795,-0.54692,0.293249,-0.022811,0.039025,0.07434,-0.409094,-0.404963,-0.174183,-0.041893,0.320163,-0.192091,-0.179234,-0.114961,0.017552,-0.09298,0.321178,0.82213,0.209583,0.017552,0.358754,0.007056,-0.083785,0.459145,0.121986,0.030226,0.11988,-0.218819,0.222914,-0.327489,-0.094448,-0.034429,0.103204,0.521936,-0.290063,0.006347,0.03942,0.22062,-0.400036,0.252938,-0.069122,0.339552,-0.531829,-0.149795,-0.573258,0.494744,-0.395013,-0.438534,-0.010818,0.11269,0.0,-0.097946,0.03801,-0.301131,0.340322,0.585729,0.248073,-0.097946,-0.035979,-0.083652,0.61702,-0.410357,0.223084,-0.063491,0.398268,0.646627,0.084652,-0.062839,0.437336,0.096755,0.23117,-0.371925,0.159625,0.322708,0.004237,0.358295,0.400266,0.004168,0.137185,0.320334,0.398268,-0.175245,-0.136728,0.349368,-0.132003,0.242367,-0.279709,-0.364375,-0.702064,0.0,-0.018858,-0.083652,-0.228385,-0.404963,0.61702,-0.4147,-0.594227,0.139296,0.27994,-0.471751,0.398268,0.406235,0.401709,-0.003364,-0.018476,-0.306123,-0.391708,0.320334,-0.177542,-0.056434,0.223084,0.195764,-0.38066,0.110162,0.293249,0.050813,0.051691,0.398268,-0.509156,0.080661,0.137126,-0.010818,-0.327201,-0.374547,-0.576211,-0.324468,-0.285215,-0.274689,0.078883,-0.157948,-0.356528,0.054298,-0.275656,0.400266,0.218712,-0.602674,-0.327201,-0.083785,0.118839,-0.404963,-0.035979,-0.25901,-0.435268,-0.244423,-0.250508,0.315503,0.027227,-0.364774,0.035819,-0.493243,0.47104,-0.151571,0.123873,-0.302666,-0.415378,-0.14755,-0.244423,-0.285215,-0.362392,-0.091191,0.288555,-0.2369,-0.004768,-0.307548,-0.227624,-0.302666,0.408712,-0.190609,-0.351379,0.270754,0.165058,-0.362392,0.337333,0.015933,-0.130191,-0.151571,-0.151571,-0.114342,#
16,-2.8e-05,0.0,0.0,4.7e-05,2.5e-05,-5.3e-05,2.6e-05,-2.1e-05,0.0,-5.2e-05,5.1e-05,0.0,-4.9e-05,0.0,4.1e-05,0.0,0.0,-5.1e-05,6.1e-05,-4.9e-05,5.7e-05,-2.7e-05,-5.3e-05,0.0,-1.9e-05,2.5e-05,0.0,-6e-05,0.0,-1.9e-05,0.0,5.9e-05,1.7e-05,0.0,5e-05,1.5e-05,4.9e-05,-5.2e-05,3.7e-05,-4.9e-05,-4.9e-05,4.9e-05,0.000151,-0.000406,0.0,-2.6e-05,0.0,-5.5e-05,-5.1e-05,-6e-05,0.000422,-7.7e-05,1.5e-05,-7.2e-05,-5.6e-05,0.0,-7.6e-05,0.000183,0.000112,0.0,-0.000114,2e-05,0.000108,-0.000159,6.8e-05,-5.3e-05,-2.4e-05,-0.000114,0.0,0.00016,0.0,-0.000128,0.0,7.4e-05,3.5e-05,7.6e-05,3.7e-05,7.1e-05,3.6e-05,7.4e-05,-7e-05,3.7e-05,4.4e-05,-7e-05,0.0,0.0,-0.000115,0.0,8.6e-05,2.1e-05,0.0,0.0,3.6e-05,3.5e-05,0.0,7.4e-05,-8.7e-05,-3.8e-05,3.5e-05,-8.6e-05,6.1e-05,0.0,-0.000115,0.0,0.0,-3.8e-05,-3.8e-05,-8.6e-05,0.0,-3.4e-05,7.7e-05,0.0,-3.8e-05,3.7e-05,7.1e-05,1.5e-05,4.4e-05,0.0,1.8e-05,-3.7e-05,1.8e-05,-3.8e-05,-0.000115,-3.4e-05,0.0,3.5e-05,-7e-05,-8e-05,0.0,0.0,-0.000115,-7.6e-05,0.0,0.0,-0.000263,-3.7e-05,0.0,4.4e-05,-0.000122,-0.000115,-3.8e-05,0.0,1.8e-05,0.0,8.6e-05,0.000121,0.0,4.2e-05,0.000228,-7e-05,-8.5e-05,-3.8e-05,-1.9e-05,3.5e-05,-0.000229,3.5e-05,-3.4e-05,0.0,8.6e-05,-2.2e-05,-4.2e-05,1.5e-05,-7e-05,3.6e-05,8.6e-05,0.0,-7e-05,0.00025,-7e-05,3.8e-05,-8.2e-05,-0.000129,3.5e-05,0.000909,0.000154,-0.000229,3.8e-05,-7.8e-05,0.0,0.000228,0.0,-0.000168,7.7e-05,0.000158,0.0,-0.000231,0.0,-0.000229,-4.1e-05,4.1e-05,-0.000263,-0.00013,-8e-05,0.0,-9e-05,-4.6e-05,-7.8e-05,0.000909,0.000909,-2.2e-05,#
17,-0.182043,0.420322,0.19906,-0.153085,0.210893,-0.062202,0.242392,-0.399094,0.549396,0.299471,0.417566,-0.112694,0.394934,0.778826,-0.001943,-0.355371,-5.1e-05,1.0,0.152134,0.409582,0.177815,-0.269725,0.388264,-0.162821,-0.399094,0.048789,0.074158,0.174604,0.082378,0.365129,-0.24407,0.220033,-0.096382,-0.362952,-0.310927,-0.013773,0.280918,-0.483378,-0.399094,-0.112184,-0.188111,0.280918,-0.210059,0.155342,0.250495,-0.478407,0.22069,0.319432,-0.350494,0.14694,0.217592,0.312933,0.27122,0.639292,-0.413144,-0.023786,-0.106644,0.442322,0.635017,0.255995,0.140578,0.240153,-0.139192,-0.202452,0.270307,0.388264,0.298167,0.264771,0.696387,0.348904,-0.153478,0.179675,0.0,0.033019,-0.390781,0.341077,-0.10563,-0.32165,-0.439646,0.388284,-0.067606,-0.10563,-0.566229,0.429088,-0.31118,-0.054369,-0.372184,-0.180884,-0.401458,-0.025474,-0.729001,-0.411599,-0.782253,-0.059197,-0.665401,0.033019,0.150802,-0.607535,-0.080547,-0.044781,-0.207386,-0.303862,-0.372184,-0.31118,0.177171,-0.095621,-0.091523,0.148344,-0.184531,0.06865,0.389825,0.0,-0.588423,-0.10563,0.181177,-0.399094,-0.566229,0.007726,0.677043,-0.56024,-0.294154,-0.076539,-0.372184,-0.417298,-0.378964,0.079183,-0.067606,0.399243,-0.19777,-0.303862,-0.343006,0.301364,-0.647591,-0.187927,0.428073,0.082502,0.166997,0.029672,0.520267,-0.372184,-0.072412,-0.409974,-0.283504,-0.153478,0.034195,-0.018916,0.658203,0.653258,-0.173112,0.61304,-0.250175,0.419586,-0.413212,-0.394162,0.390148,-0.080547,0.109183,0.676764,0.034195,0.250495,-0.461227,0.166997,-0.067606,0.539808,0.603708,0.765511,-0.196636,-0.057626,-0.049867,0.099153,0.179665,0.149737,-0.533167,0.033282,-0.201082,-0.157316,0.07992,0.308309,0.765511,-0.173112,0.611314,-0.031044,-0.965323,-0.189849,0.593192,-0.144806,-0.201096,-0.157316,-0.417468,0.372166,0.428073,-0.394006,0.299975,0.611314,-0.117687,0.082286,0.308309,0.033282,0.033282,0.426893,#
18,-0.321251,-0.283582,-0.340376,-0.617697,0.043188,-0.088475,0.503296,0.232942,0.192293,-0.225852,0.339661,-0.35645,-0.076393,0.243934,0.072651,-0.46629,6.1e-05,0.152134,1.0,0.109503,0.335269,0.349313,0.382618,-0.12809,-0.64481,0.338039,0.299749,0.342286,0.170227,0.266702,0.228859,-0.145626,0.233122,0.018055,0.032519,0.375152,0.051083,0.2146,0.232942,-0.593945,0.46813,0.051083,-0.075303,-0.353846,0.197494,-0.669185,0.207453,0.342147,0.013674,-0.217461,-0.041836,-0.151977,-0.29539,-0.127748,-0.167659,-0.258039,0.611164,0.374119,0.475277,0.235763,-0.201436,-0.616057,-0.365821,-0.226812,0.64697,0.382618,0.571217,0.174297,0.186125,-0.029965,0.169978,-0.288742,0.0,0.116652,0.440041,-0.250702,0.214419,-0.547855,-0.453468,0.243773,-0.567268,0.086295,-0.330221,-0.031267,0.161089,-0.025582,-0.231238,-0.57886,-0.143548,0.324093,-0.334424,0.320546,-0.330877,-0.10434,0.076119,0.243773,-0.123082,0.101058,-0.434118,-0.351422,0.308143,-0.102707,-0.161635,0.0832,-0.123957,-0.447854,0.123852,-0.351422,0.649667,0.463683,0.463671,0.0,0.192237,0.086295,0.358891,0.030384,-0.330221,0.503128,0.071889,0.018873,-0.112477,-0.182328,-0.231238,-0.178021,-0.180666,-0.329567,-0.017162,0.688219,0.511373,-0.102707,-0.022428,0.404075,0.0832,-0.386532,-0.144236,-0.232942,0.030384,-0.356545,0.547811,-0.231238,0.215032,-0.001478,-0.095034,0.169978,-0.187091,-0.16825,0.449786,0.229634,0.628622,0.630644,0.302405,-0.167155,0.324883,-0.468968,-0.181874,-0.434118,0.282617,0.09529,-0.187091,0.197494,-0.34915,0.232942,-0.567268,0.231602,0.361555,-0.027345,0.104523,-0.060349,-0.560215,0.434309,-0.254429,0.38839,0.035245,0.34506,-0.374084,0.014019,0.212567,-0.46504,-0.027345,0.628622,-0.070608,0.683712,-0.086266,-0.304658,-0.157066,0.059636,0.260711,0.014019,-0.179187,-0.408955,0.77604,0.247693,0.001887,-0.070608,0.259817,0.341581,0.080523,0.34506,0.34506,-0.296346,#
19,-0.093077,0.48406,0.789471,0.081301,0.334859,0.387906,0.336165,-0.32813,0.393782,0.196773,0.489951,0.092494,-0.139986,0.254512,-0.006241,-0.838068,-4.9e-05,0.409582,0.109503,1.0,-0.122652,0.303204,0.244139,0.390987,-0.32813,-0.125157,-0.012631,0.079197,0.241323,0.404061,0.030884,0.11287,-0.489673,0.034066,-0.002605,0.068137,0.11707,-0.233182,-0.32813,-0.626546,-0.474795,0.11707,-0.276738,0.006303,-0.085422,-0.198091,-0.050569,0.062338,-0.43528,0.408397,-0.082021,0.3395,0.341185,0.135755,-0.090644,-0.456874,-0.235803,0.13781,0.000531,-0.37566,0.459527,0.281793,0.216816,-0.114753,0.187623,0.244139,0.418478,-0.288541,0.499526,0.362344,-0.210061,-0.09667,0.0,-0.086495,-0.116516,0.297954,-0.668262,-0.459194,-0.123865,-0.188608,0.073081,-0.222283,-0.648223,0.669814,-0.421374,0.085543,-0.44045,-0.483921,-0.090824,0.056948,-0.34509,-0.494094,-0.123865,0.20117,-0.463085,-0.528983,0.022219,-0.706175,-0.351514,0.021857,-0.363654,-0.480785,-0.44045,-0.00237,-0.019914,-0.215524,-0.211792,-0.218683,-0.00237,0.32258,0.582126,0.0,-0.211792,-0.222283,0.372402,0.376943,-0.648223,-0.090304,0.781262,-0.243459,-0.476186,0.623415,-0.44045,-0.575323,-0.423503,0.238231,0.073081,0.319589,0.363746,-0.480785,0.314341,0.188358,-0.324681,-0.064105,0.289295,-0.15598,-0.32813,-0.077298,-0.070927,-0.44045,0.282592,0.036787,-0.165103,-0.210061,0.475805,0.51988,0.440957,0.378866,-0.242784,0.027611,-0.33644,0.174491,0.172204,0.197172,0.293576,-0.351514,-0.236663,0.776794,0.475805,-0.085422,-0.105386,0.214234,0.073081,0.387815,0.475805,0.426983,-0.013712,-0.533249,0.210934,0.201459,-0.174564,0.588776,-0.665926,-0.188875,0.010576,0.293576,0.156417,0.407053,0.426983,-0.242784,0.671346,-0.116017,-0.377962,0.442162,0.202561,0.253208,0.070237,0.293576,-0.578082,0.467062,0.289295,-0.349542,-0.020142,0.671346,-0.251565,-0.297402,0.407053,-0.188875,-0.188875,0.490179,#
20,-0.325211,-0.325284,-0.293096,-0.649631,-0.078684,-0.043136,0.709118,0.537425,0.165953,-0.440262,0.021155,-0.480455,0.630177,0.400548,0.183613,-0.019354,5.7e-05,0.177815,0.335269,-0.122652,1.0,0.061116,0.392157,-0.050006,-0.216856,0.211713,0.335774,0.355325,0.292477,-0.216856,0.438042,0.458702,0.716731,-0.25447,-0.312104,0.228822,0.298855,0.436999,-0.216856,-0.336273,0.325461,0.298855,0.219057,0.431059,-0.325284,-0.644198,-0.019273,0.398774,0.172211,-0.623683,0.029046,-0.382568,-0.325199,-0.277493,-0.236321,-0.547097,0.181553,0.163142,0.321762,0.24227,-0.264417,-0.205486,-0.980079,0.147879,0.139839,0.392157,0.411352,0.327281,0.457469,0.249309,0.292138,-0.06071,0.0,-0.052906,0.279058,0.220264,0.43185,-0.396142,-0.795188,-0.052906,-0.255402,-0.045255,-0.25078,-0.156918,0.146669,0.201048,0.254867,-0.134996,-0.258216,0.263998,-0.502917,-0.266149,-0.338685,-0.162757,0.047791,0.420463,-0.127934,-0.087005,-0.259873,-0.125849,0.331599,-0.530825,-0.555093,-0.795967,-0.036267,-0.037431,-0.087005,-0.125849,0.047791,-0.168297,0.516401,0.0,0.019099,-0.045255,0.155532,-0.216856,-0.25078,0.313972,-0.029064,-0.300068,-0.075939,-0.461185,0.254867,-0.26465,-0.535832,0.27869,-0.255402,0.255724,0.312565,-0.530825,-0.393101,0.027421,-0.347721,-0.451575,0.29903,-0.42568,-0.216856,0.361875,0.328226,0.254867,0.019099,-0.053636,-0.425896,0.292138,-0.687901,-0.618521,-0.036267,0.544314,0.22788,0.08555,0.327175,0.442823,0.067897,-0.162542,-0.488632,-0.259873,0.283951,0.116181,-0.687901,-0.325284,-0.014888,-0.216856,-0.255402,0.164811,-0.201465,0.337142,-0.404239,0.07569,-0.649339,0.592238,0.47103,0.173751,-0.208238,0.247321,-0.398001,0.24083,0.001424,-0.043219,0.337142,0.22788,0.10061,0.369952,-0.05654,0.157731,0.0,0.261729,0.165041,0.24083,-0.262798,-0.018824,0.29903,0.575155,0.343373,0.10061,-0.059834,0.48667,-0.043219,0.247321,0.247321,0.298018,#
