0,1.0,0.06835,-0.373369,-0.0506,0.647459,0.37096,0.079427,-0.28941,-0.412735,-0.043922,0.392936,0.649125,-0.242298,0.079427,-0.046965,-0.032594,-0.086567,-0.593308,0.424257,-0.216616,0.518922,-0.504122,0.056582,-0.1952,-0.061206,-0.493054,-0.174565,0.206161,-0.063429,0.23365,-0.147211,-0.017728,0.093047,-0.257438,0.200116,0.050217,0.333338,0.256795,-0.026993,0.400835,0.23365,-0.13017,-0.555273,-0.247883,0.236824,0.053407,-0.51048,0.098606,0.311056,0.537928,0.212816,-0.418787,0.206161,0.408226,0.300927,-0.277838,-0.216057,-0.073012,-0.393813,0.209243,-0.229155,-0.206573,-0.377368,0.22457,-0.281456,0.183035,0.35039,0.261857,0.237098,-0.297901,0.164555,-0.181728,0.0,0.136967,-0.190161,0.092772,-0.405504,-0.508532,-0.539572,-0.222901,-0.221086,-0.672936,0.206161,0.244055,0.330032,-0.567704,-0.052696,0.213713,-0.03528,-0.349162,-0.060766,-0.052696,0.23365,-0.459601,0.088418,-0.323697,-0.503441,-0.534832,-0.058227,0.078612,0.23354,0.23365,-0.218583,-0.575351,0.053299,-0.03528,0.155449,0.192875,-0.508532,0.440522,0.203112,0.350475,-0.672936,-0.459743,0.212705,0.255113,-0.575351,0.310996,0.022158,-0.098827,-0.762409,0.330032,0.555068,-0.206161,-0.167464,-0.05807,-0.507839,0.422092,0.007908,-0.508532,-0.352772,-0.539572,-0.053449,-0.051787,-0.149747,0.330032,0.178673,0.23365,-0.190205,-0.376622,0.206161,0.492141,-0.508532,0.08435,0.068497,-0.297901,0.0,0.286757,-0.09156,-0.186828,-0.081087,0.265317,-0.508532,0.0,0.462534,-0.045584,0.117519,0.090682,-0.428541,0.206161,-0.41296,-0.493916,0.206161,-0.272951,-0.107258,-0.309905,0.0,0.090866,0.0,0.23365,0.14965,0.290091,0.23365,-0.218583,-0.385424,0.011656,-0.036564,0.673742,0.079948,-0.026993,-0.288158,-0.33472,-0.045631,0.54532,0.546322,0.053383,0.133108,-0.33666,0.521734,0.122269,-0.33666,0.337588,0.533011,0.084129,-0.512511,-0.090552,0.252315,-0.61426,-0.100597,-0.339897,#
1,0.06835,1.0,-0.014568,-0.54802,-0.187015,0.402528,0.556763,0.257893,-0.390192,0.340204,-0.124575,0.279101,-0.194903,0.556763,0.463969,0.424864,-0.02588,0.1862,0.808777,0.317488,0.588544,-0.114298,0.09114,0.317498,-0.080893,-0.036146,0.330838,-0.507455,0.344712,0.225536,-0.236317,0.564359,0.095429,-0.180717,-0.439014,-0.414163,0.098305,-0.220433,-0.055368,-0.018637,0.225536,0.331769,-0.115192,-0.276046,0.661771,-0.390819,-0.008086,-0.11697,0.015419,0.522835,-0.303283,0.027538,0.225536,-0.391326,0.06497,-0.141798,0.207074,-0.584753,-0.357246,0.10099,0.482691,-0.249201,-0.539711,-0.248972,0.654806,0.705222,-0.243719,-0.245003,-0.192904,-0.360846,-0.378043,0.158296,0.0,0.04569,0.274128,-0.253725,-0.361685,-0.507455,-0.07343,0.316337,0.199262,-0.245744,-0.507455,0.163924,-0.206531,-0.036073,-0.007721,-0.639247,0.424618,0.030966,-0.048774,-0.047427,0.169152,-0.452861,0.126121,0.04569,-0.101282,0.323948,0.75676,0.095517,-0.303283,0.225536,-0.218306,-0.523904,-0.43625,0.386307,-0.20245,-0.32221,-0.507455,-0.03826,0.121515,0.338304,-0.245744,0.364428,0.179152,0.649599,-0.523904,0.377289,0.454497,-0.531322,-0.24756,-0.206531,-0.340671,-0.253728,-0.389304,-0.137664,-0.128116,-0.454108,-0.415876,-0.507455,0.038448,-0.07343,-0.083532,-0.475485,-0.072453,-0.160635,0.28192,0.169152,0.038663,-0.371097,-0.507455,-0.007808,-0.507455,-0.047113,-0.36715,-0.360846,0.0,0.26547,-0.568473,-0.250625,-0.115148,0.169765,0.197344,0.0,-0.200165,-0.093502,0.511038,0.098305,-0.47888,-0.507455,-0.221379,0.368215,-0.507455,-0.343101,0.060111,0.533452,0.0,0.156955,0.0,-0.507455,0.092491,0.218489,0.225536,-0.218306,0.078324,0.070643,0.382725,-0.195522,0.55561,-0.073824,0.126484,-0.321013,-0.475386,0.537253,0.521135,0.011694,0.501512,-0.379807,0.126317,0.10249,0.197302,-0.19255,-0.179846,0.153944,-0.548541,-0.498443,0.224848,-0.290024,0.350785,0.050014,#
2,-0.373369,-0.014568,1.0,-0.020132,-0.665485,-0.120882,-0.002885,0.168468,-0.47481,0.336844,-0.09916,-0.216787,-0.146175,-0.002885,-0.103594,0.43351,-0.527212,0.639168,-0.147389,0.324303,-0.375631,0.336844,0.009944,-0.260157,0.352088,-0.087279,-0.048986,-0.508539,0.300874,-0.508538,0.55513,0.078713,-0.357852,-0.198254,0.081746,0.021505,0.301332,0.688547,-0.050117,-0.54516,-0.508538,0.735181,0.335142,-0.128502,-0.262007,-0.259283,0.191491,0.449972,-0.070778,-0.282681,0.217542,0.057863,0.229663,-0.27586,-0.243651,-0.3141,-0.254375,-0.09916,0.31367,-0.401562,0.542729,-0.24892,0.103765,-0.342756,-0.006041,0.079218,0.344411,0.054832,-0.707215,0.830969,0.578224,0.234236,0.0,0.072029,0.304499,0.334236,0.133837,0.229663,0.433265,0.323181,0.208857,0.247935,-0.508538,0.655321,-0.158011,-0.04854,-0.540175,-0.169862,-0.068323,0.545008,-0.021653,-0.002139,0.229663,0.565033,-0.357437,0.088056,0.433604,-0.091937,0.319456,0.140245,-0.358818,-0.508538,-0.176208,-0.002139,0.111586,0.433265,-0.110734,0.183929,0.229663,0.007203,0.631816,-0.209157,0.247935,0.398664,0.264987,-0.179525,-0.002139,-0.761163,0.216947,-0.060634,0.324409,-0.158011,-0.300825,0.344494,0.011992,0.366813,0.329735,0.441365,0.126431,0.229663,0.54592,0.41572,0.450819,0.391077,-0.005542,-0.758898,-0.508539,0.229663,0.682087,0.146311,-0.508538,0.026395,0.229663,-0.277924,0.156947,0.830969,0.0,0.230194,0.425772,0.30467,-0.050586,0.214314,0.202322,0.0,-0.086487,0.450098,0.044885,0.214787,0.568603,-0.508538,0.891097,0.398174,-0.508538,0.442849,0.675541,0.067004,0.0,-0.382443,0.0,0.229663,-0.060059,0.265091,-0.508538,-0.192347,0.037742,-0.367634,0.431071,-0.188757,0.037742,-0.032218,0.596579,0.081763,-0.510242,-0.425134,0.053879,0.066397,0.530465,0.820872,-0.325994,0.508673,0.23966,-0.171891,-0.183395,0.683631,-0.045915,-0.54359,0.222962,0.640955,0.384219,0.512787,#
3,-0.0506,-0.54802,-0.020132,1.0,0.168256,-0.800429,-0.997671,-0.754684,-0.066122,-0.801267,0.053997,-0.653907,-0.486007,-0.997671,-0.427573,-0.428373,0.041725,-0.193076,-0.406044,-0.327181,-0.533418,-0.344701,-0.549642,-0.327175,-0.361833,0.034252,0.05268,0.490881,-0.378865,-0.218169,0.047625,-0.214571,-0.10868,0.235759,0.411935,0.387489,-0.130754,0.228931,-0.428476,0.472905,-0.218169,-0.301149,0.094527,0.50391,-0.212338,0.886422,-0.408288,0.080148,0.078127,-0.579515,0.278352,0.347035,-0.218169,0.044774,-0.020951,-0.315396,0.222776,0.516266,0.356377,-0.455896,-0.471003,0.182956,0.535822,-0.244762,-0.138882,-0.739446,0.235759,0.121539,0.441542,0.208284,0.412713,-0.686595,0.0,-0.077112,0.240643,0.224984,0.35088,0.518152,0.072061,-0.327066,-0.191804,0.653724,0.490881,-0.191804,0.754745,-0.002181,-0.010669,0.187616,-0.42825,0.405831,-0.427772,0.507859,0.518152,-0.071608,-0.139142,0.379915,0.553503,0.134575,-0.328157,0.337798,0.278352,-0.218169,0.638262,0.507859,0.404546,0.072061,0.683473,0.114416,0.518152,0.526847,-0.152119,-0.327254,0.653724,0.101961,-0.155616,-0.149908,0.507859,-0.326548,-0.746337,0.613046,0.240643,0.754745,0.312199,0.777228,0.396525,0.117112,-0.337475,0.497201,0.294587,0.518152,0.392901,0.072061,0.553503,0.082205,0.546875,0.155389,-0.218169,0.518152,-0.071401,0.800116,0.490881,-0.246016,0.518152,0.58932,0.819442,0.208284,0.0,-0.629407,0.533301,-0.327011,0.125668,-0.197065,-0.218169,0.0,0.217241,0.571468,-0.42206,-0.607853,0.427766,0.490881,-0.040575,0.072061,0.490881,0.280602,-0.088385,-0.547854,0.0,-0.104382,0.0,-0.218169,0.412341,-0.184372,-0.218169,0.638262,-0.517338,0.439449,0.091756,0.207404,-0.996793,0.535595,-0.614119,-0.085091,0.515853,-0.055641,-0.501817,0.004114,-0.085091,0.326845,0.336025,-0.081647,0.326845,-0.135358,0.203253,-0.188547,0.533087,0.073916,-0.195625,0.248966,0.07585,-0.534123,#
4,0.647459,-0.187015,-0.665485,0.168256,1.0,0.066668,-0.137149,-0.405673,0.27735,-0.390038,0.368524,0.253502,-0.320015,-0.137149,-0.143883,-0.652772,0.234415,-0.987308,0.015706,-0.498572,0.071736,-0.390038,-0.162661,0.013716,-0.39045,-0.196573,-0.103799,0.311838,0.030286,0.33761,-0.456262,-0.358079,-0.009157,0.031904,0.451023,0.221672,-0.035705,-0.209236,0.224392,0.649846,0.33761,-0.387106,-0.821719,-0.207332,0.241628,0.3662,-0.33979,-0.074033,0.406003,0.355576,0.00269,-0.313619,-0.332455,0.212908,0.412809,-0.012302,0.214714,0.368524,-0.097754,0.166945,-0.331421,0.006827,0.235797,0.057678,-0.112358,0.161866,0.466887,0.058864,0.628133,-0.619903,-0.203157,-0.417626,0.0,0.401772,-0.021527,-0.034788,-0.453933,-0.332455,-0.652585,-0.498397,-0.575539,-0.26224,0.311838,-0.187898,0.444382,-0.264942,0.199637,0.194036,-0.197293,-0.418308,0.255729,0.16334,0.286066,-0.675909,-0.008004,-0.01413,-0.24025,0.005814,-0.393332,-0.053799,0.507862,0.33761,0.148197,-0.272233,0.176694,-0.232316,0.144632,0.134225,-0.332455,0.179916,-0.123219,0.003866,-0.26224,-0.205113,0.039885,0.216283,-0.272233,0.541628,-0.39957,0.396565,-0.498429,0.444382,0.776651,-0.034792,0.25142,0.000535,-0.377028,-0.011176,0.092482,-0.332455,-0.42447,-0.652585,-0.24025,-0.473601,-0.044684,0.486338,0.389153,0.286066,-0.340108,-0.06489,0.311838,0.121445,-0.332455,0.165071,-0.05372,-0.619903,0.0,-0.147986,-0.03766,0.021179,0.415204,0.217889,-0.332455,0.0,0.323268,-0.231949,0.291539,-0.283956,-0.25645,0.311838,-0.606163,-0.232316,0.311838,-0.218554,-0.353775,-0.397752,0.0,0.075028,0.0,0.33761,-0.17192,0.196333,0.33761,0.148197,-0.15752,0.199497,-0.214761,0.600393,-0.15752,0.190649,-0.483406,0.051903,0.256918,0.228449,0.237873,0.247918,-0.418043,-0.540417,0.394425,-0.159827,-0.540417,0.280648,0.337276,-0.158092,-0.223151,0.445766,0.031257,-0.206483,-0.455541,-0.385974,#
5,0.37096,0.402528,-0.120882,-0.800429,0.066668,1.0,0.819145,0.632939,-0.052922,0.56424,0.167148,0.834596,0.392022,0.819145,0.544357,0.094747,-0.336943,-0.052126,0.636692,-0.095584,0.688064,0.145642,0.390387,0.381974,0.563243,0.083906,0.192226,-0.407649,0.211983,0.267439,-0.19407,-0.001876,-0.15546,-0.076884,-0.545918,-0.042822,0.091751,-0.007785,0.08329,-0.280517,0.267439,0.350453,-0.289072,-0.238739,0.415102,-0.641085,0.307485,-0.16167,-0.244995,0.487854,-0.317873,-0.520277,0.267439,0.470087,0.489701,0.253957,-0.401455,-0.256678,-0.451161,0.605353,0.377585,-0.588666,-0.539444,0.632939,0.024907,0.588143,-0.115058,0.319669,-0.123366,-0.360872,-0.104206,0.62988,0.0,0.220523,-0.138471,0.118784,-0.595381,-0.407649,-0.366964,-0.120432,-0.021878,-0.830035,-0.407649,0.36234,-0.60834,-0.357462,0.109709,0.015949,0.091741,-0.613904,0.115097,-0.797424,-0.407649,-0.101866,-0.146109,-0.579018,-0.8002,-0.267057,0.123774,-0.576926,0.152687,0.267439,-0.795407,-0.797424,-0.510008,-0.366964,-0.411232,0.090154,-0.407649,-0.366156,0.31882,0.401158,-0.830035,-0.433027,0.084632,0.353593,-0.797424,0.436871,0.658622,-0.313656,-0.611162,-0.60834,-0.135137,-0.611474,-0.315735,-0.257354,0.140233,-0.224515,-0.438983,-0.407649,-0.596533,0.049595,-0.375145,0.13762,-0.653858,-0.058826,0.319368,-0.407649,0.019261,-0.994242,-0.407649,0.052702,-0.407649,-0.583611,-0.600635,-0.360872,0.0,0.832732,-0.667152,0.382072,-0.23975,-0.012419,-0.407649,0.0,-0.239959,-0.391827,0.306156,0.523794,-0.555585,-0.407649,0.043676,-0.383626,-0.407649,-0.389108,-0.041744,0.254422,0.0,0.290016,0.0,0.267439,-0.024568,0.026117,0.267439,-0.41222,0.381648,-0.521098,-0.401252,0.045633,0.821231,-0.358658,0.321027,0.278925,-0.299904,0.381648,0.796593,0.318511,0.247361,-0.436347,-0.125279,0.410892,-0.436347,-0.070385,0.422459,-0.047909,-0.802239,0.182328,0.604225,-0.432158,-0.272713,0.231883,#
6,0.079427,0.556763,-0.002885,-0.997671,-0.137149,0.819145,1.0,0.764867,0.064728,0.766468,-0.076445,0.688175,0.483161,1.0,0.448513,0.409768,-0.036592,0.167807,0.432131,0.306026,0.569167,0.316388,0.541379,0.306036,0.349264,-0.046752,-0.032627,-0.508103,0.387316,0.217758,-0.094907,0.17083,0.080828,-0.187332,-0.429382,-0.3648,0.087787,-0.217619,0.409392,-0.438261,0.217758,0.312114,-0.134579,-0.52785,0.237309,-0.857888,0.404676,-0.119532,-0.061656,0.575781,-0.252733,-0.379503,0.217758,-0.025835,0.07077,0.31554,-0.22563,-0.532146,-0.364668,0.505034,0.484257,-0.214945,-0.538993,0.262933,0.154662,0.749608,-0.228378,-0.083985,-0.394971,-0.244742,-0.426242,0.694108,0.0,0.066232,-0.253523,-0.238696,-0.371792,-0.508103,-0.083676,0.30489,0.180604,-0.683942,-0.508103,0.180604,-0.758247,-0.046662,-0.018568,-0.191085,0.409527,-0.410309,0.443065,-0.52973,-0.508103,0.030616,0.111269,-0.384302,-0.557941,-0.124776,0.29956,-0.358418,-0.252733,0.217758,-0.651649,-0.52973,-0.419604,-0.083676,-0.650159,-0.105012,-0.508103,-0.5302,0.140557,0.326637,-0.683942,-0.129696,0.187546,0.172592,-0.52973,0.365261,0.71639,-0.590814,-0.253523,-0.758247,-0.315459,-0.762154,-0.401845,-0.122015,0.309367,-0.49466,-0.311356,-0.508103,-0.397335,-0.083676,-0.540363,-0.099983,-0.528716,-0.167405,0.273594,-0.508103,0.051166,-0.813679,-0.508103,0.219594,-0.508103,-0.573208,-0.815918,-0.244742,0.0,0.650516,-0.547345,0.306194,-0.099409,0.185982,0.18984,0.0,-0.189516,-0.558081,0.430634,0.594206,-0.461192,-0.508103,0.020999,-0.101591,-0.508103,-0.329571,0.071194,0.514998,0.0,0.141828,0.0,0.217758,-0.414684,0.177694,0.217758,-0.651649,0.525482,-0.420379,-0.103762,-0.176458,0.998126,-0.522706,0.580022,0.110413,-0.481007,0.071017,0.527351,0.024003,0.076475,-0.365367,-0.305539,0.113434,-0.365367,0.110853,-0.171748,0.172854,-0.553792,-0.06007,0.231356,-0.269705,-0.114429,0.499438,#
7,-0.28941,0.257893,0.168468,-0.754684,-0.405673,0.632939,0.764867,1.0,0.23992,0.57231,-0.392532,0.538804,0.658497,0.764867,0.350631,0.305968,-0.205065,0.458659,0.19416,0.225739,0.44845,0.57231,0.23992,0.225753,0.590633,0.305266,0.19943,-0.664825,0.138992,0.166206,0.026793,-0.177441,-0.110955,0.296242,-0.692182,-0.248972,-0.378145,-0.019932,0.305498,-0.664463,0.166206,0.481258,0.055762,-0.297218,0.022825,-0.659268,0.718342,-0.503201,-0.371429,-0.082494,-0.159226,-0.22028,0.166206,0.144073,0.176795,0.438467,-0.507428,-0.392532,-0.274118,0.652641,0.647622,-0.370514,-0.428687,0.42534,0.1502,0.374657,-0.386092,0.042736,-0.20392,-0.109611,-0.384522,0.96527,0.0,-0.127631,-0.414847,-0.086297,-0.075395,0.166206,0.305739,0.224482,0.478759,-0.505549,-0.664825,-0.042067,-0.992126,-0.216247,-0.183821,0.058339,0.305739,-0.142921,0.344319,-0.769045,-0.664825,0.234007,-0.075395,-0.127631,-0.247889,0.079765,0.038234,-0.613196,-0.159226,0.166206,-0.474811,-0.183821,-0.295797,-0.258925,-0.454926,0.180342,0.166206,-0.769557,-0.079883,0.249309,-0.505549,-0.310451,0.365605,-0.04958,-0.183821,0.293799,0.5359,-0.412237,0.225907,-0.992126,-0.563771,-0.373964,-0.33181,0.073279,0.57207,-0.426586,-0.165193,0.166206,-0.135242,0.305739,-0.227764,0.127086,-0.367682,-0.315677,0.230132,-0.664825,0.250257,-0.597739,-0.664825,-0.113565,0.166206,-0.447944,-0.592527,-0.109611,0.0,0.529956,-0.39449,0.225996,0.10377,-0.035855,0.134244,0.0,-0.087454,-0.238037,0.116425,0.319499,-0.334075,-0.664825,0.302244,-0.279436,-0.664825,-0.225615,0.25516,0.39219,0.0,0.441905,0.0,0.166206,-0.30486,-0.029513,0.166206,-0.474811,0.774781,-0.282661,-0.281358,-0.437806,0.774781,-0.217615,0.441789,0.43959,-0.158619,-0.286658,0.246833,0.212375,-0.104393,-0.258365,-0.553223,0.236499,-0.258365,-0.144542,-0.102151,-0.047293,-0.228851,0.146076,0.3943,-0.048342,-0.435135,0.368349,#
8,-0.412735,-0.390192,-0.47481,-0.066122,0.27735,-0.052922,0.064728,0.23992,1.0,-0.12408,-0.101101,-0.16134,0.455169,0.064728,-0.001974,-0.550079,0.433866,-0.291021,-0.513494,-0.245601,-0.278673,0.328338,0.041746,0.311835,-0.09083,0.416713,-0.040115,0.193633,-0.05167,0.221696,-0.291647,-0.432479,0.053761,0.373723,0.012163,0.09114,-0.507181,-0.665336,0.417031,0.010917,0.221696,-0.427852,-0.108867,0.058236,-0.17325,0.046271,0.419093,-0.379462,-0.085437,-0.184431,-0.278783,0.011802,-0.507936,0.050891,0.078689,0.64272,0.198998,0.356969,0.145339,0.295715,-0.197227,0.313346,0.432068,0.23992,-0.028885,-0.105551,-0.225356,-0.167278,0.370789,-0.400873,-0.571723,0.119279,0.0,0.073447,-0.250633,-0.235722,0.076156,0.221696,-0.05106,-0.219657,-0.191118,0.152393,0.193633,-0.648395,-0.282108,0.379386,0.398538,0.236896,-0.05106,-0.353876,0.45087,-0.11528,-0.507936,0.027307,0.076156,0.073447,-0.06891,0.347785,-0.545787,-0.421929,0.271297,0.221696,0.174819,0.398538,0.014686,-0.546826,-0.241122,-0.044659,0.221696,-0.573392,-0.564135,-0.21468,0.152393,-0.1249,-0.26786,-0.285169,0.398538,0.37136,-0.217049,0.311597,0.311939,-0.282108,0.061575,-0.21468,0.273315,-0.087079,0.346781,-0.631099,0.047562,0.221696,-0.367016,-0.05106,-0.510639,-0.21037,-0.113871,0.311804,0.277821,-0.507936,-0.296169,0.037443,0.193633,-0.303234,0.221696,-0.099697,-0.377411,-0.400873,0.0,-0.279279,-0.110761,0.311991,0.368843,-0.206358,0.193633,0.0,-0.190015,-0.500483,-0.022316,-0.127306,0.007623,0.193633,-0.238805,-0.096611,0.193633,-0.049211,-0.379481,0.038948,0.0,0.1494,0.0,0.221696,-0.455933,-0.292452,0.221696,0.174819,0.510183,0.052144,-0.526993,-0.213646,0.035084,-0.042254,-0.069248,0.532533,0.42883,-0.440016,-0.40909,0.091961,-0.832061,-0.368984,-0.346827,-0.434488,-0.368984,0.072976,-0.220143,-0.491476,0.386147,0.815853,-0.301558,0.184689,-0.600791,0.068803,#
9,-0.043922,0.340204,0.336844,-0.801267,-0.390038,0.56424,0.766468,0.57231,-0.12408,1.0,0.199759,0.403851,0.307564,0.766468,0.049136,0.534619,-0.362043,0.379618,0.200618,0.401737,0.233237,0.572801,0.328338,0.401745,0.604014,0.101231,-0.134879,-0.408076,0.145235,0.280884,0.537616,0.495185,0.258403,-0.611967,-0.228466,-0.534509,0.510672,0.015889,0.534297,-0.798947,0.280884,0.365023,0.144769,-0.21276,-0.031131,-0.985701,0.369208,0.213627,-0.292334,0.406043,-0.39909,-0.02804,0.280884,-0.041132,-0.303324,0.111718,-0.450147,-0.232776,-0.348228,-0.030059,0.431902,-0.114293,-0.555201,0.095893,-0.089108,0.520114,-0.105501,-0.369048,-0.739567,0.197742,-0.070559,0.618505,0.0,0.244517,-0.129398,0.162966,-0.171841,-0.408076,0.066218,0.400619,0.39359,-0.427504,-0.408076,0.39359,-0.608977,0.101082,0.127514,0.039995,0.534349,-0.208057,0.109618,-0.357662,-0.408076,0.36713,0.286663,-0.183114,-0.383933,-0.264886,0.5564,-0.159093,-0.39909,0.280884,-0.39695,-0.357662,-0.06026,0.066218,-0.795597,0.115008,-0.408076,-0.358132,0.348407,0.421325,-0.427504,0.021501,0.107449,-0.03452,-0.357662,-0.064859,0.933787,-0.740484,-0.129398,-0.608977,-0.118533,-0.612114,-0.31512,0.156558,0.565974,-0.200281,0.038258,-0.408076,-0.195517,0.066218,-0.367249,0.16869,-0.660292,-0.048172,-0.408076,-0.408076,0.478708,-0.591353,-0.408076,0.534288,-0.408076,-0.601788,-0.593602,0.197742,0.0,0.398258,-0.248466,0.401838,-0.236814,0.398645,0.254385,0.0,-0.209862,-0.384299,0.269172,0.50566,-0.099958,-0.408076,0.32351,0.049214,-0.408076,0.290535,0.482063,0.665083,0.0,-0.114948,0.0,0.280884,-0.192517,0.376648,0.280884,-0.39695,0.344169,-0.519139,0.046652,-0.395538,0.792784,-0.350416,0.748984,-0.17481,-0.806609,-0.087193,0.35058,-0.086335,0.243961,0.09458,-0.570118,-0.051,0.09458,0.347578,-0.24737,0.382979,-0.384958,-0.248836,0.104045,-0.033579,0.162917,0.655694,#
10,0.392936,-0.124575,-0.09916,0.053997,0.368524,0.167148,-0.076445,-0.392532,-0.101101,0.199759,1.0,0.013159,-0.338404,-0.076445,0.060266,-0.338242,-0.35603,-0.461487,0.108208,-0.611575,-0.160713,-0.232776,-0.101101,0.414809,0.214938,0.113026,-0.278181,0.262928,0.135433,0.289758,0.227394,0.285291,-0.160637,-0.611564,0.320589,0.300885,0.651533,0.015444,0.112409,0.020875,0.289758,-0.101208,-0.250043,0.295245,0.370208,-0.12285,-0.48832,0.476497,0.07211,0.355345,-0.449819,0.25333,-0.407807,0.210433,0.212297,0.144228,-0.041869,0.562063,-0.400539,-0.419679,-0.219651,-0.126226,0.042952,0.089836,-0.031375,0.079024,0.393509,-0.077721,-0.164965,-0.050539,0.363882,-0.316193,0.0,0.660374,0.373505,0.666026,-0.210491,-0.407807,-0.800495,-0.104331,-0.39533,-0.056581,0.262928,0.405231,0.370532,0.059218,0.533221,0.409649,-0.326518,-0.190883,-0.31687,0.049333,0.236099,-0.113545,0.25374,-0.165787,-0.37124,-0.241905,0.167534,-0.206629,0.562312,0.289758,-0.029999,-0.404115,-0.097175,-0.362977,-0.437929,0.36486,-0.407807,0.512102,0.358589,0.434637,-0.056581,0.039697,-0.363719,-0.029092,-0.404115,-0.057638,0.260152,0.089147,-0.611399,0.370532,0.658082,-0.128781,-0.139914,-0.22597,-0.220401,0.196608,-0.181328,-0.407807,-0.59294,-0.370067,-0.37124,0.175418,-0.707191,0.41421,-0.407807,0.236099,0.1629,-0.218056,0.262928,0.297019,-0.407807,0.012678,0.199688,-0.050539,0.0,0.030713,0.135105,0.4149,-0.213546,0.42615,-0.407807,0.0,-0.258015,0.058244,-0.056434,0.034486,0.31532,0.262928,-0.123968,0.067451,0.262928,0.518867,0.020365,0.266806,0.0,-0.507855,0.0,0.289758,0.272482,0.433998,0.289758,0.365947,-0.064523,-0.106118,0.065078,0.391808,-0.064523,0.077281,-0.112733,-0.1646,-0.36732,0.337286,0.344113,0.374138,0.226786,0.057269,0.226176,-0.063112,0.057269,0.506027,0.378909,-0.074906,-0.379592,0.159311,0.096987,-0.011516,0.125678,-0.148312,#
11,0.649125,0.279101,-0.216787,-0.653907,0.253502,0.834596,0.688175,0.538804,-0.16134,0.403851,0.013159,1.0,0.325199,0.688175,0.256354,0.215907,-0.203554,-0.163036,0.534276,0.001713,0.822785,-0.002888,0.26941,0.002077,0.388024,-0.207289,0.007067,-0.333028,0.061938,0.322936,-0.144513,-0.158024,0.003392,0.019882,-0.378212,-0.153633,-0.018851,0.181535,0.204805,-0.149083,0.322936,0.246471,-0.440146,-0.465067,0.228987,-0.470571,0.123302,-0.315197,-0.009725,0.427732,0.067889,-0.565436,0.322936,0.466184,0.403151,0.107337,-0.561829,-0.398661,-0.547208,0.720007,0.296152,-0.459393,-0.667154,0.538804,-0.125357,0.46554,-0.017211,0.275477,0.05641,-0.365881,-0.17979,0.596804,0.0,-0.001044,-0.499287,-0.026489,-0.424605,-0.333028,-0.23276,-0.022464,0.167605,-0.99496,-0.333028,0.167605,-0.496981,-0.652502,-0.189513,0.203679,0.21295,-0.442311,0.235507,-0.651453,-0.333028,-0.225627,0.01194,-0.408194,-0.653721,-0.406223,-0.030179,-0.406627,0.067889,0.322936,-0.584518,-0.651453,-0.208217,-0.23276,-0.211613,0.2701,-0.333028,-0.232422,0.104177,0.484404,-0.99496,-0.649052,0.458508,0.198718,-0.651453,0.518901,0.434116,-0.409798,-0.499287,-0.496981,0.022464,-0.499541,-0.404136,-0.018523,-0.007056,0.010718,-0.142798,-0.333028,-0.425242,-0.23276,-0.240707,0.040922,-0.404744,0.036965,0.373395,-0.333028,-0.008807,-0.812242,-0.333028,0.328219,-0.333028,-0.289027,-0.429891,-0.365881,0.0,0.68104,-0.417831,0.009389,-0.001761,0.176754,-0.333028,0.0,0.323892,-0.257115,0.205801,0.351551,-0.662912,-0.333028,-0.142643,-0.653708,-0.333028,-0.458335,0.069718,0.029022,0.0,0.435429,0.0,0.322936,-0.122838,0.202185,0.322936,-0.584518,0.266792,-0.219419,-0.266503,0.248146,0.693922,-0.224624,0.099696,0.058887,-0.148129,0.266792,0.673104,0.192942,0.028217,-0.517788,0.032657,0.291346,-0.517788,0.164396,0.378621,0.028442,-0.631446,0.040398,0.518646,-0.596098,-0.426565,-0.000716,#
12,-0.242298,-0.194903,-0.146175,-0.486007,-0.320015,0.392022,0.483161,0.658497,0.455169,0.307564,-0.338404,0.325199,1.0,0.483161,0.30924,0.249311,0.27434,0.371588,-0.198973,0.179801,0.243996,0.307564,0.623311,-0.015937,0.33209,0.074258,-0.198262,0.098153,-0.111468,-0.115224,-0.080488,-0.228767,0.1338,0.273936,-0.455332,-0.025987,-0.318211,-0.269707,0.081019,-0.367736,-0.115224,-0.206561,0.437888,-0.048661,-0.365704,-0.403812,0.456419,-0.291539,-0.233733,-0.060513,0.076474,-0.258793,0.140829,0.321981,-0.080334,0.626577,-0.285823,-0.338404,-0.060717,0.625499,-0.121247,0.182593,-0.216549,0.658497,-0.291384,-0.171265,-0.637092,0.244871,-0.132844,0.027826,-0.265286,0.617857,0.0,-0.527852,-0.675452,-0.332869,0.293157,0.140829,0.249051,0.178165,0.235956,-0.354745,0.098153,-0.298957,-0.721958,0.192313,0.04174,0.235923,0.07507,-0.389054,0.300739,-0.559314,-0.968733,0.560938,0.122754,-0.527852,-0.490136,-0.35319,-0.41036,-0.433612,-0.116568,-0.115224,-0.480427,0.222056,-0.335328,-0.504868,-0.274433,-0.160524,0.140829,-0.547299,-0.34161,0.019204,-0.354745,-0.57253,-0.194814,-0.451977,0.222056,0.068008,0.256907,-0.239348,0.18006,-0.721958,-0.547807,-0.620928,-0.255483,-0.359432,0.305075,-0.297245,-0.201361,0.140829,-0.379048,0.249051,-0.463266,0.455902,-0.208075,-0.027211,0.22618,-0.968733,-0.343445,-0.421846,0.098153,-0.056903,0.140829,-0.35056,-0.406583,0.027826,0.0,0.399489,-0.249751,0.180207,-0.31956,-0.449204,0.098153,0.0,-0.175148,-0.476728,-0.37621,0.585165,-0.20294,0.098153,0.071784,-0.532254,0.098153,-0.330271,-0.308833,0.126462,0.0,0.214326,0.0,0.140829,-0.291989,-0.502439,-0.115224,-0.480427,0.462394,-0.306986,-0.53427,-0.226014,0.462394,-0.617422,0.326963,0.356408,0.291947,-0.260097,-0.22534,-0.260221,-0.369897,-0.127307,-0.317447,-0.07666,-0.328906,0.012853,-0.111592,-0.349361,0.215005,0.360174,-0.152861,-0.307607,-0.29205,0.293296,#
13,0.079427,0.556763,-0.002885,-0.997671,-0.137149,0.819145,1.0,0.764867,0.064728,0.766468,-0.076445,0.688175,0.483161,1.0,0.448513,0.409768,-0.036592,0.167807,0.432131,0.306026,0.569167,0.316388,0.541379,0.306036,0.349264,-0.046752,-0.032627,-0.508103,0.387316,0.217758,-0.094907,0.17083,0.080828,-0.187332,-0.429382,-0.3648,0.087787,-0.217619,0.409392,-0.438261,0.217758,0.312114,-0.134579,-0.52785,0.237309,-0.857888,0.404676,-0.119532,-0.061656,0.575781,-0.252733,-0.379503,0.217758,-0.025835,0.07077,0.31554,-0.22563,-0.532146,-0.364668,0.505034,0.484257,-0.214945,-0.538993,0.262933,0.154662,0.749608,-0.228378,-0.083985,-0.394971,-0.244742,-0.426242,0.694108,0.0,0.066232,-0.253523,-0.238696,-0.371792,-0.508103,-0.083676,0.30489,0.180604,-0.683942,-0.508103,0.180604,-0.758247,-0.046662,-0.018568,-0.191085,0.409527,-0.410309,0.443065,-0.52973,-0.508103,0.030616,0.111269,-0.384302,-0.557941,-0.124776,0.29956,-0.358418,-0.252733,0.217758,-0.651649,-0.52973,-0.419604,-0.083676,-0.650159,-0.105012,-0.508103,-0.5302,0.140557,0.326637,-0.683942,-0.129696,0.187546,0.172592,-0.52973,0.365261,0.71639,-0.590814,-0.253523,-0.758247,-0.315459,-0.762154,-0.401845,-0.122015,0.309367,-0.49466,-0.311356,-0.508103,-0.397335,-0.083676,-0.540363,-0.099983,-0.528716,-0.167405,0.273594,-0.508103,0.051166,-0.813679,-0.508103,0.219594,-0.508103,-0.573208,-0.815918,-0.244742,0.0,0.650516,-0.547345,0.306194,-0.099409,0.185982,0.18984,0.0,-0.189516,-0.558081,0.430634,0.594206,-0.461192,-0.508103,0.020999,-0.101591,-0.508103,-0.329571,0.071194,0.514998,0.0,0.141828,0.0,0.217758,-0.414684,0.177694,0.217758,-0.651649,0.525482,-0.420379,-0.103762,-0.176458,0.998126,-0.522706,0.580022,0.110413,-0.481007,0.071017,0.527351,0.024003,0.076475,-0.365367,-0.305539,0.113434,-0.365367,0.110853,-0.171748,0.172854,-0.553792,-0.06007,0.231356,-0.269705,-0.114429,0.499438,#
14,-0.046965,0.463969,-0.103594,-0.427573,-0.143883,0.544357,0.448513,0.350631,-0.001974,0.049136,0.060266,0.256354,0.30924,0.448513,1.0,0.035168,0.070763,0.116072,0.528545,-0.326565,0.392353,-0.383633,0.456343,0.186511,0.065367,0.02922,0.052176,-0.217758,0.569684,-0.217758,-0.596313,-0.02319,-0.533226,0.24808,-0.525605,0.463969,-0.189481,-0.234359,-0.427669,0.130186,-0.217758,0.163821,0.049345,-0.074425,0.655977,-0.156566,-0.096405,-0.115349,0.122731,0.277428,-0.139885,-0.103776,-0.217758,0.022709,0.551202,0.551122,0.229463,-0.377909,-0.289966,0.453367,0.185771,-0.323623,-0.106423,0.350631,0.579531,0.310495,-0.326559,0.460356,-0.073182,-0.292948,-0.11124,0.202603,0.0,-0.123993,0.181771,-0.096313,-0.118494,-0.217758,-0.427443,0.180854,-0.263227,-0.233541,-0.217758,0.149888,-0.324963,0.047778,0.038228,-0.257719,-0.427443,-0.136704,0.053881,-0.425968,-0.217758,-0.102843,-0.118494,-0.533132,-0.427451,0.060814,0.021468,-0.531525,0.366066,-0.217758,-0.650292,-0.425968,-0.992038,-0.427443,-0.227946,-0.22618,-0.217758,0.019835,0.051571,0.19682,-0.233541,-0.035755,-0.275648,0.161661,-0.425968,0.224663,0.16071,0.051981,-0.326471,-0.324963,-0.530894,-0.326637,-0.534734,-0.799384,-0.384513,-0.357776,-0.979631,-0.217758,-0.533034,0.020445,-0.427451,0.128034,-0.343382,-0.324963,0.563938,-0.217758,-0.370517,-0.531104,-0.217758,-0.514523,-0.217758,-0.051803,-0.12451,-0.292948,0.0,0.6433,-0.39556,0.178637,-0.361576,-0.267637,-0.217758,0.0,-0.556623,-0.005892,-0.067794,0.457536,-0.110225,-0.217758,-0.112151,0.020445,-0.217758,-0.496672,-0.472405,0.326266,0.0,-0.077066,0.0,-0.217758,0.040353,-0.207617,-0.217758,-0.238285,0.42344,-0.07792,-0.016383,0.229263,0.42344,-0.427669,-0.010358,0.368119,0.0822,0.42344,0.410736,0.346572,0.317212,-0.287946,0.387773,0.435824,-0.287946,-0.296793,0.203487,-0.365872,-0.444395,0.097322,0.306191,-0.248592,0.045976,-0.112131,#
15,-0.032594,0.424864,0.43351,-0.428373,-0.652772,0.094747,0.409768,0.305968,-0.550079,0.534619,-0.338242,0.215907,0.249311,0.409768,0.035168,1.0,0.041254,0.717228,0.178148,0.756728,0.332514,0.077841,0.417407,-0.327169,0.094957,-0.428142,-0.285563,-0.218165,0.077645,-0.218165,0.384179,0.502281,0.350707,-0.327169,-0.195678,-0.510412,0.287129,0.229352,0.035242,-0.427132,-0.218165,0.213418,0.517058,-0.335688,-0.229092,-0.526975,-0.022022,0.169721,0.074307,0.217078,0.321068,0.042666,0.518497,-0.341271,-0.575731,-0.174006,-0.232553,-0.800725,-0.165333,-0.01607,0.217134,0.203623,-0.614023,-0.203435,-0.017101,0.14549,-0.327169,-0.187829,-0.678001,0.470081,0.005699,0.341784,0.0,-0.534129,-0.327081,-0.316615,0.348622,-0.218165,0.499045,0.755418,0.612419,-0.228552,-0.218165,0.193157,-0.325571,0.05404,-0.426765,-0.237189,0.499045,0.310905,0.035184,0.044339,-0.218165,0.409617,0.348622,-0.118902,0.017734,-0.375304,0.494156,0.36241,-0.747791,-0.218165,-0.23337,0.044339,-0.069019,0.499045,-0.200514,-0.204952,-0.218165,0.043766,0.088258,0.225249,-0.228552,0.053755,0.269951,-0.177401,0.044339,-0.326543,0.460228,-0.792611,0.188724,-0.325571,-0.531886,-0.327248,-0.524049,0.049846,0.057941,0.121117,0.020453,-0.218165,0.324976,0.044493,0.035574,0.203042,0.091584,-0.325571,-0.218165,-0.218165,0.141122,-0.1002,-0.218165,0.48014,-0.218165,-0.063758,-0.102966,0.470081,0.0,0.254767,0.056422,-0.327005,-0.379321,0.166813,0.490164,0.0,0.171565,0.016658,-0.092302,0.474709,-0.081622,-0.218165,0.192862,0.026311,-0.218165,-0.048431,0.331424,0.355566,0.0,-0.104175,0.0,-0.218165,-0.09282,0.163987,-0.218165,-0.651508,-0.055839,-0.073836,0.476646,-0.211462,0.423838,-0.428468,0.47987,-0.532612,-0.431228,-0.03739,-0.036269,-0.550993,0.36292,0.292231,-0.075582,-0.018177,0.292231,0.176807,-0.467792,0.441811,0.034024,-0.800558,-0.195087,-0.243798,0.531923,0.337478,#
16,-0.086567,-0.02588,-0.527212,0.041725,0.234415,-0.336943,-0.036592,-0.205065,0.433866,-0.362043,-0.35603,-0.203554,0.27434,-0.036592,0.070763,0.041254,1.0,-0.192854,-0.332852,0.214776,-0.067142,-0.362043,0.433866,-0.327169,-0.801278,-0.428142,-0.42376,0.518497,0.110672,-0.218165,-0.530638,-0.086101,0.350027,0.193536,0.27642,-0.02588,-0.293303,-0.654077,0.05379,0.545424,-0.218165,-0.736629,0.111867,-0.289152,-0.196458,0.271968,-0.230865,-0.070288,0.553203,0.242256,0.339965,-0.057273,-0.218165,-0.418448,-0.325414,0.268951,0.660187,-0.35603,0.235377,0.178463,-0.551837,0.796706,0.251937,-0.205065,0.03863,-0.122205,-0.327169,-0.134164,0.220357,-0.241541,-0.558777,-0.370693,0.0,-0.534129,-0.327081,-0.869104,0.339194,-0.218165,0.044493,0.241852,-0.217227,0.176766,0.518497,-0.653261,0.174125,0.51514,0.005542,-0.263046,0.044493,-0.089648,0.489418,0.49549,-0.218165,-0.083805,0.339194,-0.102293,0.035574,0.041146,-0.35415,0.326283,-0.194054,-0.218165,0.167058,0.49549,-0.106355,0.044493,0.128081,-0.631252,-0.218165,0.014363,-0.632172,-0.327248,0.176766,0.072913,-0.270196,-0.248873,0.49549,0.172377,-0.485629,0.054471,0.209356,0.174125,-0.141456,-0.327248,-0.01542,-0.367175,-0.362998,-0.400463,-0.095152,-0.218165,-0.096106,-0.428242,-0.42825,-0.378531,0.465921,0.174125,0.490164,-0.218165,-0.805577,0.313405,0.518497,-0.025448,-0.218165,0.297073,-0.129764,-0.241541,0.0,-0.307603,0.047289,-0.327005,0.033135,-0.22219,0.518497,0.0,0.088154,-0.427566,-0.093514,0.121171,-0.091378,0.518497,-0.618632,0.044493,0.518497,-0.470051,-0.684717,-0.119152,0.0,-0.120606,0.0,-0.218165,-0.486192,-0.307884,-0.218165,-0.267805,-0.089048,0.353235,0.063183,0.177074,-0.089048,-0.428468,-0.170387,-0.133067,0.482223,-0.089048,-0.551663,-0.568088,-0.563611,-0.266701,0.334653,-0.541678,-0.266701,0.162384,-0.542954,-0.221966,0.517521,0.072542,-0.772725,-0.227391,0.064287,-0.089773,#
17,-0.593308,0.1862,0.639168,-0.193076,-0.987308,-0.052126,0.167807,0.458659,-0.291021,0.379618,-0.461487,-0.163036,0.371588,0.167807,0.116072,0.717228,-0.192854,1.0,-0.013733,0.554602,0.015515,0.379618,0.177013,-0.10673,0.375695,0.128821,0.079039,-0.329972,-0.062168,-0.329972,0.442554,0.303037,0.048797,0.029884,-0.475818,-0.266574,-0.032463,0.244709,-0.198736,-0.646031,-0.329972,0.382466,0.801079,0.124653,-0.288847,-0.364559,0.347892,-0.007986,-0.372278,-0.36666,0.098743,0.261788,0.382767,-0.196015,-0.420807,0.004651,-0.278762,-0.461487,0.065334,-0.066983,0.343419,0.00456,-0.306985,-0.034931,0.080376,-0.16944,-0.494838,-0.042647,-0.588947,0.603244,0.150442,0.47893,0.0,-0.498371,-0.110249,-0.039597,0.488968,0.356369,0.716466,0.534247,0.65257,0.17397,-0.329972,0.128676,-0.49242,0.178913,-0.294336,-0.165393,0.250115,0.433519,-0.198409,-0.188995,-0.329972,0.662562,0.032207,0.020481,0.241979,-0.046523,0.34725,0.061068,-0.553418,-0.329972,-0.151247,0.294336,-0.142622,0.250115,-0.104735,-0.110752,0.356369,-0.207045,0.056413,0.019798,0.17397,0.11497,0.068469,-0.24698,0.294336,-0.49389,0.37523,-0.451552,0.534281,-0.49242,-0.804469,0.019798,-0.298055,0.040225,0.365885,0.033876,-0.04764,0.356369,0.456011,0.614825,0.2586,0.461801,0.101763,-0.49242,-0.329972,-0.329972,0.315951,0.056809,-0.329972,-0.073634,0.356369,-0.129681,0.044653,0.603244,0.0,0.165716,0.048218,-0.112562,-0.370918,-0.208466,0.356369,0.0,-0.194283,0.232807,-0.311486,0.284717,0.18027,-0.329972,0.571137,0.131535,-0.329972,0.143839,0.368672,0.353722,0.0,0.007654,0.0,-0.329972,0.127396,-0.189349,-0.329972,-0.244745,0.170743,-0.151629,0.213781,-0.57836,0.187931,-0.198736,0.460072,-0.073274,-0.208727,-0.258979,-0.251209,-0.287188,0.359951,0.49073,-0.380569,0.154677,0.49073,-0.255886,-0.351804,0.16449,0.249069,-0.473325,-0.029276,0.134884,0.393185,0.354512,#
18,0.424257,0.808777,-0.147389,-0.406044,0.015706,0.636692,0.432131,0.19416,-0.513494,0.200618,0.108208,0.534276,-0.198973,0.432131,0.528545,0.178148,-0.332852,-0.013733,1.0,-0.055924,0.783419,-0.260225,-0.025445,0.34918,0.196512,0.058342,0.490394,-0.401888,0.121534,0.313803,-0.279665,0.369679,-0.090666,-0.07657,-0.579967,-0.135495,0.101126,0.03037,-0.320763,0.07545,0.313803,0.358551,-0.264123,-0.029388,0.778046,-0.237919,-0.09616,-0.201294,-0.172341,0.439665,-0.317356,-0.141907,0.313803,0.169065,0.463116,-0.168964,-0.090449,-0.35839,-0.521976,0.277739,0.370453,-0.613609,-0.637453,0.19416,0.447843,0.523947,-0.160749,0.162548,0.062607,-0.463846,-0.071715,0.185139,0.0,0.141809,0.244076,0.099096,-0.541021,-0.401888,-0.329599,-0.062275,0.082807,-0.506012,-0.401888,0.322412,-0.12921,-0.413193,0.084,-0.329472,0.156695,-0.192527,-0.347751,-0.379077,0.17617,-0.540812,-0.064727,-0.180916,-0.40352,0.081113,0.545061,-0.158648,0.081734,0.313803,-0.391515,-0.786155,-0.496014,0.063177,-0.001779,-0.057744,-0.401888,0.103939,0.261224,0.49135,-0.506012,-0.062845,0.144222,0.753037,-0.786155,0.46969,0.445719,-0.341271,-0.602525,-0.12921,-0.156978,-0.169289,-0.376985,-0.247476,-0.272316,-0.145198,-0.498361,-0.401888,-0.19444,0.023691,0.047101,-0.179186,-0.237738,-0.017178,0.313803,0.17617,0.016645,-0.606992,-0.401888,-0.074714,-0.401888,-0.060912,-0.168428,-0.463846,0.0,0.488422,-0.669617,-0.20402,-0.260416,0.007388,-0.401888,0.0,-0.155399,0.052702,0.329984,0.071329,-0.618594,-0.401888,-0.208645,-0.04281,-0.401888,-0.408399,-0.014791,0.278558,0.0,0.349283,0.0,-0.401888,0.455205,0.096681,0.313803,-0.066527,-0.028917,-0.030562,0.057077,0.042086,0.437105,0.057665,-0.118987,-0.180923,-0.292449,0.813507,0.789101,0.277567,0.622189,-0.473909,0.2839,0.376739,0.08958,-0.285162,0.422137,-0.070549,-0.786865,-0.258032,0.599906,-0.531477,0.132973,-0.220143,#
19,-0.216616,0.317488,0.324303,-0.327181,-0.498572,-0.095584,0.306026,0.225739,-0.245601,0.401737,-0.611575,0.001713,0.179801,0.306026,-0.326565,0.756728,0.214776,0.554602,-0.055924,1.0,0.091504,0.401737,0.311825,-0.249884,-0.105367,-0.327005,-0.017916,-0.16663,-0.124301,-0.16663,0.304535,0.390761,0.612417,-0.249884,-0.020318,-0.761013,0.15906,0.009426,0.207878,-0.326234,-0.16663,0.085021,0.401262,-0.352433,-0.499004,-0.402491,0.34725,0.129629,-0.07099,0.155119,0.237209,-0.16933,0.682238,-0.413177,-0.762035,-0.44247,-0.013165,-0.611575,0.311516,-0.094793,0.155142,0.362457,-0.329716,-0.362124,-0.220766,0.178038,-0.249884,-0.359048,-0.462673,0.367677,-0.180983,0.219619,0.0,-0.407955,-0.249817,-0.55647,0.107173,-0.16663,0.742223,0.381486,0.487342,-0.009393,-0.16663,0.003503,-0.248663,0.229176,-0.325953,-0.497144,0.742223,0.084995,0.207537,0.217712,-0.16663,0.334582,0.107173,0.071227,0.187589,-0.121013,0.397455,0.625264,-0.995331,-0.16663,-0.015066,0.217712,0.307409,0.742223,0.021561,-0.482136,-0.16663,-0.325899,0.039857,-0.249944,-0.009393,0.227964,0.230505,0.047703,0.217712,-0.249406,0.286681,-0.605378,0.345434,-0.248663,-0.406242,-0.249944,0.092448,0.369323,0.378617,-0.078746,0.405728,-0.16663,0.582686,0.217659,0.207384,-0.135047,0.416175,-0.248663,-0.16663,-0.16663,0.09917,0.092016,-0.16663,0.388982,-0.16663,-0.310621,-0.406127,0.367677,0.0,-0.03599,-0.111027,-0.249759,-0.125669,-0.020663,0.650799,0.0,0.163516,-0.326565,0.278502,0.277189,-0.226969,-0.16663,0.218684,0.197483,-0.16663,-0.1167,0.277127,0.081111,0.0,0.086424,0.0,-0.16663,-0.281184,-0.062729,-0.16663,-0.497607,-0.241022,-0.222282,0.217712,-0.504973,0.311718,-0.327254,0.597313,-0.417998,-0.341438,-0.22055,-0.213933,-0.760311,0.09797,0.24781,-0.407865,-0.203045,0.24781,-0.058818,-0.636637,0.573043,0.200693,-0.611447,-0.357726,-0.026132,0.426861,0.597134,#
20,0.518922,0.588544,-0.375631,-0.533418,0.071736,0.688064,0.569167,0.44845,-0.278673,0.233237,-0.160713,0.822785,0.243996,0.569167,0.392353,0.332514,-0.067142,0.015515,0.783419,0.091504,1.0,-0.171688,0.133003,0.111835,0.217662,-0.071084,0.2581,-0.271664,-0.104145,0.407495,-0.26985,0.12965,0.166306,0.130269,-0.655717,-0.290295,-0.167531,-0.031326,-0.088923,-0.011158,0.407495,0.116645,-0.218261,-0.215509,0.441073,-0.310542,0.020078,-0.520222,-0.131026,0.360906,-0.044234,-0.276414,0.381374,0.333736,0.343158,0.055734,-0.362454,-0.570696,-0.654335,0.679967,0.225574,-0.385685,-0.840475,0.44845,0.17188,0.346615,-0.407398,0.162982,0.197367,-0.529748,-0.347276,0.466979,0.0,-0.243561,-0.407288,-0.182192,-0.276597,-0.271664,-0.114184,0.067402,0.362525,-0.811628,-0.271664,-0.063119,-0.405407,-0.532272,-0.053142,-0.01467,0.347286,-0.293948,-0.082751,-0.531415,-0.271664,-0.405683,0.175384,-0.243561,-0.533266,-0.152472,0.206263,-0.258656,-0.024541,0.407495,-0.386768,-0.531415,-0.359365,-0.114184,-0.01707,0.034012,-0.271664,-0.114273,-0.148545,0.591652,-0.811628,-0.529457,0.345314,0.406572,-0.531415,0.646724,0.398728,-0.544101,-0.407288,-0.405407,-0.23037,-0.407495,-0.534491,-0.18943,-0.181713,-0.176625,-0.299112,-0.271664,-0.276773,-0.114184,-0.122094,-0.098049,-0.167736,0.147421,0.459738,-0.271664,-0.169675,-0.662578,-0.271664,0.143247,-0.271664,0.004365,-0.282031,-0.529748,0.0,0.486641,-0.618222,-0.407193,-0.160493,-0.033077,-0.271664,0.0,0.225876,-0.138616,0.092245,0.155559,-0.837055,-0.271664,-0.382819,-0.533255,-0.271664,-0.593611,-0.077307,0.187476,0.0,0.613827,0.0,-0.271664,0.207663,0.007323,0.407495,-0.386768,0.140834,0.089421,-0.148183,0.047555,0.566059,-0.088923,-0.163172,-0.182908,-0.019171,0.566059,0.549077,0.056738,0.166396,-0.673435,0.196584,0.145238,-0.138709,-0.039671,0.308856,-0.226381,-0.515095,-0.114588,0.42308,-0.81436,-0.205529,-0.271188,#
