0,1.0,0.392211,0.39836,-0.091535,0.392211,-0.272099,0.150007,0.621805,0.806088,0.076704,-0.399197,0.424615,0.246186,0.528662,0.166286,-0.397412,-0.269428,0.454357,0.121205,0.401413,-0.119991,0.401413,0.665655,0.401413,-0.405292,-0.238094,0.654996,-0.190161,0.407371,0.399424,-0.512752,0.39309,0.401413,-4.9e-05,0.159577,-0.111027,-0.621182,-0.356604,0.076704,0.601564,0.531878,0.362289,-0.179235,0.029879,0.0,-0.629182,0.059007,0.501183,-0.302176,-0.312592,-0.055658,-0.244845,-0.048076,0.587871,-0.476831,-0.43562,-0.147306,-0.334308,0.371229,0.36753,0.238634,0.100169,-0.621182,0.129421,0.370059,0.573597,-0.22859,0.407371,0.438693,0.522411,0.176537,-0.294499,-0.272099,0.229719,-0.283405,0.244196,-0.277924,-0.435358,-0.215262,-0.15718,0.175592,-0.231691,-0.225157,-0.448355,-0.009919,0.00902,0.23011,0.079534,0.163323,-0.435358,-0.557993,-0.435358,-0.453945,0.581205,-0.435358,-0.277924,0.388296,-0.111048,-0.215262,-0.435358,0.36753,-0.119214,0.00902,0.133279,-0.277924,-0.000563,-0.029249,-0.292892,-0.111048,0.003601,0.388296,0.0,-0.215262,0.217365,-0.448355,-0.277924,-0.408148,-0.225157,0.112583,-0.453945,-0.408148,-0.81565,-0.067152,-0.47234,0.159577,-0.173206,-0.40794,-0.159575,-0.244845,-0.534109,-0.353093,-0.40794,-0.225157,-0.228703,0.120045,-0.05817,0.599726,-0.435358,0.055932,-0.124972,0.365515,-0.423935,-0.664979,-0.286917,-0.772288,0.233625,-0.435358,0.384191,-0.613631,-0.381231,-0.215262,-0.453945,-0.000563,-0.272099,-0.165254,-0.272099,0.475218,0.473165,0.068351,0.065256,-0.435358,-0.111048,-0.272379,-0.075327,-0.353093,0.331778,-0.272099,0.031291,-0.614116,0.067127,0.051376,0.42296,-0.283405,-0.360307,0.647843,-0.448355,-0.534109,-0.099751,0.375688,-0.785784,-0.377367,-0.090615,-0.107445,0.140676,0.374351,-0.32232,0.166077,0.068351,-0.450996,0.50996,0.068351,-0.03396,0.396333,0.375688,-0.040281,0.17527,0.375688,-0.431188,-0.452104,0.401413,#
1,0.392211,1.0,0.473719,0.027683,0.613744,-0.332797,0.368629,0.041448,0.17039,0.484561,-0.488247,-0.190285,0.372218,0.641151,0.410736,-0.486065,-0.397846,0.537305,0.214156,0.322316,0.258799,0.296111,0.80904,0.296111,-0.495702,-0.037774,0.385758,0.169042,0.491999,0.568411,-0.762344,0.191763,0.296111,-2.4e-05,0.283057,-0.258156,-0.482961,-0.220337,0.520687,0.523808,0.006344,0.513913,-0.02627,0.52512,0.0,-0.361597,0.259247,0.59685,-0.199099,0.307492,0.587728,-0.150611,0.110441,0.33791,0.296952,-0.444863,-0.425432,0.441309,-0.217826,-0.241356,0.361594,0.505892,-0.482961,0.73743,-0.081977,0.610817,-0.387205,0.491999,0.57272,0.562238,-0.000413,-0.186844,-0.332797,-0.445929,-0.007706,0.303104,-0.436979,-0.235053,-0.474415,-0.443389,-0.452061,-0.445929,-0.814629,-0.423057,-0.213613,-0.24983,-0.040849,-0.294012,-0.44223,0.197186,-0.792826,0.197186,-0.617266,0.34237,-0.627578,0.004147,0.551084,-0.258205,0.375099,-0.195339,-0.241356,-0.249546,-0.627578,-0.052671,-0.436979,-0.631553,-0.477917,-0.114427,-0.241746,0.189336,0.551084,0.0,-0.070111,-0.453112,-0.423057,-0.436979,-0.499196,-0.385781,0.478427,-0.617266,-0.499196,-0.57505,-0.199057,-0.675653,0.283057,-0.025677,-0.498941,-0.458434,-0.123642,-0.190319,-0.230629,-0.498941,-0.814629,-0.687345,-0.0202,-0.653256,0.505824,-0.195339,0.113369,-0.057786,-0.249546,0.406157,-0.434895,-0.157718,-0.645226,0.169825,-0.210116,0.372787,-0.52172,-0.57505,-0.474415,-0.220865,0.168609,-0.332797,-0.410572,0.322315,0.573487,0.514532,-0.260804,-0.001715,-0.24983,-0.258205,-0.024799,0.261998,-0.697877,0.652891,-0.332797,0.182519,-0.425498,0.503196,-0.243411,0.287547,0.372038,-0.677669,0.804694,-0.423057,-0.232853,-0.227846,0.47428,-0.114427,-0.570223,0.279967,-0.212915,0.388749,0.473118,-0.220318,-0.009622,-0.304054,-0.243663,0.636661,0.166661,0.583219,0.216407,0.47428,0.129103,-0.396464,0.47428,-0.226166,-0.666631,0.374724,#
2,0.39836,0.473719,1.0,0.425703,0.473719,-0.665155,0.378902,0.279041,0.315721,0.208978,0.249855,0.000834,0.100222,0.205807,0.379167,-0.489073,-0.644229,-0.147541,0.301567,0.170305,0.348463,0.106039,0.607696,0.106039,-0.302347,0.021358,0.6072,-0.281827,-0.251427,0.492361,-0.321231,0.530126,0.106039,-0.000116,-0.396975,-0.274522,-0.337461,-0.398301,0.255203,0.255222,0.38807,0.251499,-0.409917,0.099839,0.0,-0.286068,0.523507,0.474071,-0.424757,0.149305,-0.325245,-0.096922,-0.044968,-0.067544,-0.285176,-0.135859,-0.370569,-0.257574,-0.521217,-0.225377,0.065088,0.239408,-0.337461,0.149305,-0.369783,0.187378,-0.676453,-0.251427,0.032598,0.243237,0.06709,0.002884,0.170305,0.124651,-0.116472,-0.235119,-0.635244,-0.520404,-0.474427,0.13477,-0.110497,-0.446861,-0.088769,-0.200587,-0.476447,-0.006229,0.607787,0.21089,-0.599208,0.009627,-0.37686,0.009627,-0.531604,0.399899,-0.520404,-0.094316,0.493674,0.293916,0.071508,0.009627,-0.225377,-0.244235,0.030012,0.378709,-0.635244,-0.488023,-0.345492,0.206391,0.334282,0.177854,0.493674,0.0,-0.474427,-0.414888,-0.200587,-0.635244,-0.371137,-0.059554,0.578169,-0.531604,-0.371137,-0.497004,0.355725,-0.574687,-0.396975,-0.385997,-0.388842,-0.352386,-0.030781,-0.201839,0.259545,-0.997224,-0.585427,-0.381241,-0.117809,0.35613,0.210275,0.009627,0.20983,0.373777,0.35616,-0.431042,-0.109704,-0.473562,-0.295797,0.715433,-0.026615,0.393096,-0.223553,0.041076,-0.474427,-0.026077,0.494288,-0.665155,0.139449,0.170305,0.755703,0.347148,0.215467,0.254837,-0.556645,0.293916,0.416929,-0.427018,-0.313414,0.288172,-0.665155,-0.000819,-0.453126,0.254907,-0.351708,0.194347,-0.152905,-0.343099,0.590521,-0.200587,-0.233377,-0.215228,0.363183,-0.404114,0.010079,0.328642,-0.211953,0.367948,0.342168,-0.036256,-0.101217,-0.361744,-0.333883,0.204533,0.215467,0.467074,0.029622,0.363183,0.465484,-0.585129,0.363183,0.00367,-0.324865,0.170305,#
3,-0.091535,0.027683,0.425703,1.0,0.027683,-0.666213,-0.101231,0.26122,-0.185114,-0.330873,0.232715,0.027683,0.141134,-0.286104,-0.091416,-0.496754,-0.155131,-0.15343,-0.21442,0.158622,0.344031,-0.666214,0.146779,-0.666214,-0.312678,0.049462,0.140601,-0.296594,-0.212129,0.031941,0.183715,0.494861,-0.666214,0.0,-0.347688,-0.767851,0.274205,-0.373347,0.237696,0.237714,-0.11093,0.292118,0.080807,-0.421675,0.0,0.124269,0.509042,-0.057806,0.114442,-0.35311,-0.281972,-0.111764,0.480098,-0.063055,-0.240242,0.358366,0.100946,-0.21273,-0.034079,-0.21273,-0.391884,0.221338,0.274205,-0.35311,-0.32294,-0.3119,-0.164495,-0.212129,-0.366565,0.159836,0.091763,0.757722,0.158622,0.601396,-0.118025,-0.250525,-0.146065,-0.04808,-0.436492,0.602517,-0.066186,0.037152,-0.110937,-0.143291,0.003275,0.03019,0.148134,0.235986,-0.118025,0.495336,0.103136,0.495336,-0.054201,-0.072921,-0.04808,0.408525,0.050247,-0.206737,0.123231,0.495336,-0.21273,-0.25979,0.495336,-0.101179,-0.146065,-0.022092,-0.313877,0.732963,0.31135,0.226974,0.050247,0.0,-0.436492,0.063158,-0.143291,-0.146065,0.237933,0.428217,0.098293,-0.054201,0.237933,-0.016396,0.353669,-0.474999,-0.347688,0.098403,-0.398165,-0.329936,0.737134,0.332919,0.768735,-0.398165,-0.110937,-0.275805,0.387703,0.332919,-0.329886,0.495336,0.132465,0.418078,0.33297,-0.075019,0.405275,-0.392591,0.211827,0.565539,0.03019,-0.10582,0.354565,0.514841,-0.436492,-0.054201,0.055229,-0.666214,0.622311,0.158622,0.253411,-0.41649,0.2618,0.237355,-0.513226,-0.206737,0.388327,-0.368765,0.181305,-0.234888,0.158622,-0.56599,-0.396427,0.262559,-0.3153,-0.461985,-0.585631,-0.291166,0.114464,-0.143291,-0.249091,0.318076,-0.21713,0.130222,0.001228,0.305496,-0.227717,-0.100979,0.390566,-0.318358,0.405849,-0.329989,0.105177,-0.295639,0.2618,0.00125,0.001219,-0.21713,0.001555,-0.113771,-0.21713,0.475597,-0.275697,0.158622,#
4,0.392211,0.613744,0.473719,0.027683,1.0,-0.332797,0.368629,0.041448,0.17039,0.484561,0.083846,0.195971,-0.025927,0.222733,0.410736,-0.486065,-0.012814,0.035006,-0.208342,0.322316,-0.24865,0.296111,0.416424,0.296111,-0.495702,-0.14529,0.385758,-0.290311,0.011681,0.18493,-0.435298,-0.210191,0.296111,-2.4e-05,0.115435,0.17039,-0.610683,-0.34643,0.01021,0.523808,0.006344,0.378862,-0.424303,0.52512,0.0,-0.478241,0.146391,0.269545,-0.199099,0.307492,0.100876,-0.306201,0.110441,-0.017203,0.296952,-0.550581,-0.823949,0.441309,-0.217826,-0.241356,-0.017976,0.004236,-0.610683,0.307492,-0.203966,0.270035,-0.07365,0.011681,0.171149,0.079215,-0.413851,-0.340246,0.322316,-0.038359,-0.007706,0.303104,-0.036384,-0.627578,-0.070111,-0.443389,-0.452061,-0.038359,-0.425184,-0.423057,-0.213613,-0.642355,0.359172,-0.294012,-0.44223,-0.195339,-0.403512,-0.195339,-0.220865,-0.063961,-0.235053,0.004147,0.159099,0.178995,-0.029205,0.197186,-0.241356,-0.249546,-0.235053,0.360342,-0.436979,-0.631553,-0.477917,-0.319311,0.195454,0.627135,0.159099,0.0,-0.474415,-0.453112,-0.423057,-0.036384,-0.499196,-0.385781,0.057625,-0.220865,-0.499196,-0.191322,-0.199057,-0.275775,0.115435,-0.418229,-0.498941,-0.584216,-0.279232,0.230084,-0.230629,-0.498941,-0.814629,-0.595976,-0.0202,-0.232853,0.505824,0.197186,-0.342539,-0.057786,-0.249546,0.124495,-0.022511,-0.52622,-0.645226,0.169825,0.182409,0.202513,-0.52172,-0.191322,-0.070111,-0.220865,-0.219155,-0.332797,-0.014087,-0.332797,0.660221,0.514532,0.166661,-0.001715,-0.24983,0.178995,-0.024799,-0.175351,-0.697877,0.193674,-0.332797,0.588012,-0.029013,0.503196,-0.243411,0.310759,-0.022562,-0.257033,0.3891,-0.423057,-0.653256,-0.663916,0.47428,-0.114427,-0.164298,0.190272,0.232281,0.811073,0.473118,-0.220318,-0.009622,-0.304054,0.114064,0.200592,-0.260804,0.583219,-0.186211,0.47428,0.546602,-0.396464,0.47428,-0.226166,-0.666631,0.374724,#
5,-0.272099,-0.332797,-0.665155,-0.666213,-0.332797,1.0,-0.272096,-0.16663,-0.218052,-0.1665,-0.163011,-0.332797,-0.407868,0.229931,-0.271744,0.818961,0.459738,0.02949,0.097455,-0.111111,-0.215166,-0.111111,-0.407531,-0.111111,0.573969,-0.39814,-0.406909,0.597302,0.182481,-0.333008,0.180274,-0.333003,-0.111111,1.9e-05,0.279558,0.537861,0.267171,0.262743,-0.1665,-0.166513,-0.268974,-0.633717,0.319369,0.322967,0.0,0.197836,-0.328133,-0.326546,0.307606,0.262512,0.21469,-0.026389,-0.325449,0.086998,0.210355,-0.035861,0.267764,0.171278,0.378386,0.171278,0.314162,-0.122899,0.267171,0.262512,0.262075,0.248534,0.469763,0.182481,0.418869,-0.436926,-0.403199,-0.0477,-0.111111,-0.406625,0.436991,0.194985,0.447628,0.372034,0.31866,-0.407661,-0.271774,0.3253,0.427398,0.167286,0.355571,-0.332873,-0.407076,-0.50796,0.436991,-0.332873,0.291309,-0.332873,0.379663,-0.271611,0.372034,-0.271774,-0.332414,-0.218093,-0.407401,-0.332873,0.171278,0.551056,-0.332873,-0.271957,0.447628,0.363653,0.25294,-0.482149,-0.218093,-0.506671,-0.332414,0.0,0.31866,0.317731,0.167286,0.447628,-0.166667,-0.271981,-0.394638,0.379663,-0.166667,0.35604,-0.218107,0.386983,0.279558,0.297648,0.690124,0.245334,-0.026389,-0.218103,-0.508,0.690124,0.427398,0.278944,-0.271577,-0.218103,-0.166004,-0.332873,-0.399511,-0.663802,-0.217859,0.310516,-0.271543,0.354167,0.241742,-0.887203,-0.332873,0.105892,0.202157,-0.333069,0.31866,0.379663,-0.332704,1.0,-0.407433,-0.111111,-0.505066,0.153827,-0.507505,-0.166261,0.372034,-0.218093,-0.272014,0.296709,0.254,-0.189847,-0.111111,0.279142,0.304586,-0.166307,0.231243,0.358254,0.436991,0.2476,-0.374464,0.167286,0.536868,-0.1849,0.179555,0.299714,0.357145,-0.187624,0.523836,-0.241747,-0.637633,0.283086,-0.236191,0.26015,0.251358,0.231125,-0.507505,-0.306382,0.341432,0.179555,-0.299582,0.431284,0.179555,-0.333144,0.245897,-0.111111,#
6,0.150007,0.368629,0.378902,-0.101231,0.368629,-0.272096,1.0,-0.408053,0.329737,0.066721,0.200844,-0.036493,0.221224,0.037847,0.549795,-0.397408,-0.261429,-0.053413,0.07629,0.415015,0.005322,0.387531,0.205106,0.387531,-0.405287,0.22937,-0.17906,-0.042879,-0.15605,0.375054,-0.641791,0.01148,0.387531,5e-05,0.364628,0.329737,-0.08252,0.456002,0.127675,0.087288,0.192947,0.527495,-0.179386,0.638104,0.0,-0.112554,0.346313,0.474147,0.023903,0.103175,-0.085378,-0.396442,-0.349741,-0.074988,0.199744,0.299825,-0.163527,0.289158,-0.422069,0.289158,-0.216062,0.070856,-0.08252,0.103175,0.345801,-0.015441,0.108965,-0.15605,-0.018785,0.095244,0.278825,-0.416075,0.415015,-0.165962,-0.275689,0.216413,0.150072,-0.015983,0.208633,0.237466,-0.285908,-0.165962,-0.257575,0.174115,-0.436271,-0.031483,0.19665,0.495995,-0.275689,-0.015983,-0.590397,-0.015983,-0.397763,0.547214,-0.015983,-0.27009,0.355507,0.338791,0.208633,-0.015983,0.289158,-0.110844,-0.015983,0.566303,-0.27009,-0.431967,0.44134,-0.482322,0.356054,0.065474,0.355507,0.0,0.208633,-0.596816,0.174115,0.150072,-0.408144,-0.666044,0.289114,-0.397763,-0.408144,-0.413171,-0.534115,-0.059902,0.364628,-0.19821,-0.407936,0.360685,-0.368156,-0.093167,0.064924,-0.407936,-0.666044,0.272932,-0.251656,-0.093167,0.046812,-0.015983,-0.35672,0.347231,-0.110844,-0.001772,-0.232445,0.163877,-0.368888,0.353688,-0.031483,0.320036,-0.138349,-0.413171,0.208633,0.018,-0.040575,-0.272096,-0.190509,0.415015,0.535272,0.435746,0.032597,-0.407151,0.380215,0.338791,0.589199,0.108148,0.064924,0.331011,-0.272096,0.453419,-0.206164,0.07671,0.071325,0.270625,0.122604,-0.403707,0.239197,0.174115,-0.093167,-0.108625,0.408355,-0.267431,-0.385625,0.325753,-0.099342,0.139973,0.408063,0.231651,-0.25866,0.480942,-0.601177,0.081183,0.032597,0.398421,0.008446,0.408355,0.363112,-0.665837,0.408355,0.410464,0.122986,-0.272096,#
7,0.621805,0.041448,0.279041,0.26122,0.041448,-0.16663,-0.408053,1.0,0.229109,-0.249695,-0.244462,0.542683,-0.095002,0.366506,0.147464,-0.24337,0.091503,0.263959,-0.187189,-0.16663,0.152206,-0.16663,0.447762,-0.16663,-0.248195,-0.202351,0.398874,0.100304,0.298556,-0.001767,-0.052187,0.482923,-0.16663,-2.8e-05,-0.114364,-0.327005,-0.474834,-0.751399,0.36088,0.410813,-0.007611,0.050986,-0.114686,-0.331028,0.0,-0.165137,0.030949,-0.057287,-0.180496,-0.141956,-0.28458,0.255369,-0.096692,0.37474,-0.667244,-0.382545,-0.0957,-0.529472,0.471883,0.289574,0.412118,0.417567,-0.474834,-0.141956,0.155922,0.394797,-0.403197,0.298556,0.378594,0.260397,-0.217758,0.219263,-0.16663,0.394645,-0.407374,0.132893,-0.40757,-0.499198,-0.610965,-0.082102,0.121683,-0.143821,0.106642,-0.633921,0.007465,0.019392,-0.081984,-0.191722,0.113958,-0.499198,-0.097265,-0.499198,-0.044985,0.129505,-0.499198,-0.40757,0.019365,-0.327067,-0.610965,-0.499198,0.289574,-0.326716,0.019392,-0.407845,-0.40757,0.013355,-0.289587,0.349916,-0.327067,-0.259294,0.019365,0.0,-0.610965,0.38431,-0.633921,-0.40757,-0.249944,0.106642,-0.282964,-0.044985,-0.249944,-0.499493,0.217864,-0.496584,-0.114364,-0.0922,-0.249817,-0.494282,0.255369,-0.327081,-0.201238,-0.249817,0.106642,-0.406045,0.071524,0.22834,0.435898,-0.499198,0.265106,-0.349137,0.238963,-0.461953,-0.407224,-0.641957,-0.210632,0.053127,-0.499198,0.369903,-0.358735,0.007475,-0.610965,-0.044985,0.013355,-0.16663,-0.087192,-0.16663,0.308161,0.190165,-0.196336,0.346072,-0.499198,-0.327067,-0.40793,-0.411875,-0.201238,0.235947,-0.16663,-0.491423,-0.611014,-0.249406,0.310733,0.267684,-0.407374,-0.205786,0.39578,-0.633921,-0.327081,0.197503,0.228927,-0.225289,0.009618,0.260998,0.228743,0.116286,0.228072,-0.369935,0.086881,-0.196336,0.064256,0.311295,-0.196336,0.008669,0.479428,0.228927,-0.490886,0.610967,0.228927,-0.499606,-0.455991,0.682238,#
8,0.806088,0.17039,0.315721,-0.185114,0.17039,-0.218052,0.329737,0.229109,1.0,0.175139,-0.319904,0.205359,0.526197,0.39701,-0.127778,-0.318474,-0.533131,0.40168,0.455256,0.508788,0.01689,0.479714,0.508435,0.479714,-0.324788,-0.342356,0.55983,-0.420458,0.29587,0.640583,-0.27976,0.239105,0.479714,0.0,0.232467,0.01027,-0.238067,-0.062354,-0.326751,0.196903,0.738995,0.374593,0.083906,-0.00041,0.0,-0.776492,0.286916,0.74337,-0.473584,-0.533489,-0.226001,-0.338345,-0.165584,0.620759,-0.570077,-0.15295,0.1187,-0.503072,0.211641,0.254337,0.096354,-0.321992,-0.238067,-0.056478,0.42679,0.432538,-0.063779,0.29587,0.175096,0.575207,0.447236,-0.346636,-0.218052,0.12555,-0.12104,0.215173,-0.115036,-0.243368,0.02797,0.107715,0.357656,-0.372394,-0.05795,0.163305,0.215591,0.2198,0.508564,0.413385,0.361059,-0.243368,-0.324716,-0.243368,-0.651942,0.795034,-0.243368,-0.115036,0.628816,0.010272,0.02797,-0.243368,0.254337,0.019561,0.236195,0.311599,-0.115036,0.225738,0.371654,-0.414282,0.028533,-0.09829,0.628816,0.0,0.02797,0.116288,0.163305,-0.115036,-0.327078,-0.05795,0.372401,-0.651942,-0.327078,-0.653638,0.075914,-0.299079,0.232467,0.090181,-0.326911,0.244219,-0.308424,-0.428019,-0.035447,-0.326911,-0.05795,0.177066,-0.09566,0.085604,0.153767,-0.243368,0.062384,0.296298,0.54267,-0.537501,-0.532894,-0.0,-0.487498,0.423806,-0.259764,0.375315,-0.210328,-0.184822,0.02797,-0.651942,0.209542,-0.218052,0.098847,-0.218052,0.389413,0.433737,0.401175,-0.326282,-0.259764,0.010272,-0.108888,0.232912,-0.035447,0.023564,-0.218052,0.23553,-0.402116,0.185584,-0.069769,0.420806,-0.137522,-0.060944,0.534296,0.163305,-0.428019,0.049591,0.319207,-0.946201,-0.181836,-0.433222,-0.4217,-0.110112,0.318716,0.142855,0.369128,0.401175,-0.782447,0.424546,0.401175,-0.245086,0.241217,0.319207,0.180295,-0.055199,0.319207,-0.238683,0.054142,-0.218052,#
9,0.076704,0.484561,0.208978,-0.330873,0.484561,-0.1665,0.066721,-0.249695,0.175139,1.0,-0.244273,-0.046336,0.402334,0.303716,0.057251,-0.243181,-0.407089,0.289694,0.362515,-0.1665,0.180559,0.632701,0.388763,0.632701,-0.248002,-0.093819,0.401584,-0.321054,0.226571,0.516167,-0.040729,-0.499006,0.632701,0.0,0.092304,0.175139,-0.445802,-0.245389,-0.249501,-0.24952,0.09136,0.217384,-0.084821,0.220839,0.0,-0.592914,0.062283,0.508904,-0.749624,0.351415,0.274199,0.289989,-0.065025,0.082231,0.18913,-0.698591,-0.611606,0.195062,-0.498514,-0.672452,0.39514,-0.254052,-0.445802,0.351415,-0.380318,0.330856,-0.402884,0.226571,0.090835,0.368287,-0.120839,-0.557528,-0.1665,-0.609329,0.145125,0.228667,-0.407254,-0.498811,-0.146276,-0.610881,0.052703,-0.609329,-0.407563,0.158121,0.037813,-0.048121,0.409062,-0.265768,-0.407058,0.050468,-0.066352,0.050468,-0.49781,0.059533,-0.498811,0.153319,0.500468,0.175172,0.419486,0.050468,-0.672452,-0.326463,-0.498811,0.066687,-0.407254,-0.498558,-0.3732,-0.113257,-0.326813,0.356061,0.500468,0.0,-0.146276,-0.608711,0.158121,-0.407254,-0.24975,0.137407,0.480642,-0.49781,-0.24975,0.037863,0.250367,-0.094457,0.092304,-0.061035,-0.249623,-0.376159,-0.532526,0.261462,-0.167473,-0.249623,-0.407563,-0.455154,-0.406959,-0.326827,0.300499,0.050468,0.366926,0.251603,-0.326463,0.078744,0.073983,-0.187313,-0.177378,0.216427,0.501158,0.124058,-0.320243,0.037863,-0.146276,-0.49781,0.489282,-0.1665,-0.055719,-0.1665,0.310085,0.421278,0.328484,-0.249143,-0.048121,0.175172,-0.407614,0.381849,-0.76124,0.205705,-0.1665,0.563788,0.399518,0.436854,-0.239027,0.265472,0.598198,0.310658,0.397416,0.158121,-0.326827,-0.310322,0.231078,-0.113257,0.039977,-0.317629,-0.309744,0.611814,0.230299,0.341095,0.117119,-0.269689,-0.090918,0.313093,0.328484,0.493219,-0.47838,0.231078,0.491368,-0.407437,0.231078,-0.499218,-0.09167,-0.1665,#
10,-0.399197,-0.488247,0.249855,0.232715,0.083846,-0.163011,0.200844,-0.244462,-0.319904,-0.244273,1.0,0.083846,-0.598384,-0.745462,0.188718,0.142904,0.171723,-0.966242,-0.297568,-0.163011,-0.31567,-0.163011,-0.597889,-0.163011,0.300862,0.344819,-0.19682,-0.314326,-0.975259,-0.488557,0.322608,-0.083715,-0.163011,3.5e-05,-0.582935,0.314826,0.171265,0.198711,-0.244273,-0.244291,0.049066,-0.329645,-0.598063,-0.065061,0.0,0.427305,-0.051579,-0.479077,0.196232,0.203774,-0.611484,-0.077123,-0.030105,-0.854172,0.119666,0.389577,-0.197417,-0.014957,-0.488068,-0.014957,-0.596913,-0.272769,0.171265,-0.433019,-0.388827,-0.737729,0.069972,-0.975259,-0.684469,-0.760251,-0.157783,0.020903,0.807294,0.417592,-0.0011,-0.529779,0.194613,-0.093021,0.408328,0.39872,0.004747,0.417592,0.570033,0.151032,-0.488003,-0.093021,0.398148,0.328406,-0.398528,-0.093021,0.370396,-0.093021,0.498983,-0.398481,0.488358,0.004747,-0.487686,0.767916,-0.190497,0.488358,-0.014957,0.111614,0.488358,0.62871,0.004747,-0.097568,0.068645,0.072527,0.767916,0.346037,-0.487686,0.0,-0.190497,-0.189941,0.151032,0.194613,0.250339,-0.006786,-0.155155,0.498983,0.250339,0.46618,0.095449,0.509213,-0.582935,-0.597562,0.23608,0.142581,-0.077123,0.302691,0.310537,-0.244392,-0.006786,0.333454,0.023351,0.726106,-0.243545,0.488358,-0.31602,0.243466,0.111614,-0.332908,0.627752,-0.117164,0.293512,0.211892,0.488358,-0.315415,0.225969,0.46618,0.408328,0.498983,-0.097568,-0.163011,0.388825,-0.163011,-0.013018,-0.293125,0.319098,0.280583,0.093021,0.767916,0.613499,-0.716967,0.310537,-0.349941,-0.163011,0.119835,0.388825,-0.24399,-0.109129,-0.299515,-0.398528,0.301686,-0.614009,0.151032,0.103436,-0.339084,-0.238338,0.169633,0.447312,0.226021,0.320134,0.205169,-0.253952,0.056102,-0.409519,-0.111431,0.305187,-0.745984,-0.314033,0.097849,-0.500915,-0.238338,0.519429,-0.398899,-0.238338,0.500394,0.272767,-0.163011,#
11,0.424615,-0.190285,0.000834,0.027683,0.195971,-0.332797,-0.036493,0.542683,0.205359,-0.046336,0.083846,1.0,-0.025927,-0.195686,0.410736,-0.486065,0.387619,0.035779,-0.63084,-0.332797,-0.24865,0.296111,0.023808,0.296111,-0.495702,0.284775,-0.010941,-0.290311,0.011681,-0.214504,-0.009484,-0.178653,0.296111,-2.4e-05,0.115435,0.17039,-0.610683,-0.34643,0.01021,0.051807,-0.086695,0.378862,-0.408994,-0.283155,0.0,-0.128309,-0.256668,-0.192532,-0.199099,-0.157529,-0.425703,0.369059,-0.22216,-0.007733,-0.388478,-0.286708,-0.393551,-0.241356,0.216988,0.441309,-0.002186,0.023559,-0.610683,-0.587467,0.345799,-0.155942,-0.07365,0.011681,-0.190264,0.082435,-0.09137,-0.339224,0.322316,0.434421,-0.813618,0.302104,-0.012819,-0.604488,-0.046328,0.021302,0.389662,-0.014385,0.003665,-0.385121,-0.19107,0.182409,-0.017318,0.206499,0.015505,-0.604488,-0.014198,-0.604488,0.175536,0.001052,-0.211963,-0.413415,-0.209827,0.178995,-0.450632,-0.211963,0.441309,-0.652527,0.220276,-0.028376,-0.413415,-0.181747,0.087645,0.116066,-0.216028,0.170793,-0.209827,0.0,-0.450632,0.014512,-0.385121,-0.012819,-0.007861,0.003665,-0.54437,0.175536,-0.007861,-0.230146,-0.199057,0.124103,0.115435,-0.395138,-0.498941,-0.191776,-0.278195,0.187549,-0.205669,-0.021888,0.003665,-0.029482,0.004434,0.230084,0.505824,-0.211963,0.116409,-0.029008,-0.181039,-0.499387,0.01145,-0.52622,-0.227461,0.174691,0.142694,0.011806,-0.493341,0.192406,-0.046328,-0.220865,-0.219155,-0.332797,0.009236,-0.332797,0.255461,0.076686,0.191806,-0.001715,0.142694,0.178995,-0.407796,-0.363669,-0.205669,0.193674,0.322315,-0.118022,-0.069128,-0.49812,0.63585,0.061001,-0.457086,0.163603,-0.026494,-0.385121,-0.653256,0.197321,-0.023913,-0.158477,-0.164298,0.190272,0.232281,0.399307,0.473118,-0.220318,-0.009622,0.191806,0.073181,-0.235478,-0.235659,0.180643,-0.196276,-0.023913,-0.23958,0.421672,-0.023913,-0.202783,-0.089535,0.374724,#
12,0.246186,0.372218,0.100222,0.141134,-0.025927,-0.407868,0.221224,-0.095002,0.526197,0.402334,-0.598384,-0.025927,1.0,0.327856,-0.211984,-0.59571,-0.584467,0.710446,0.415575,0.26741,0.549222,0.240399,0.561855,0.240399,-0.60752,-0.167051,0.21063,-0.312978,0.572418,0.819158,-0.125743,0.021226,0.240399,-4.9e-05,0.465243,-0.393323,0.068811,-0.073825,-0.085,-0.124707,0.189625,0.725181,0.572064,-0.095817,0.0,-0.610793,0.525148,0.796217,-0.514466,-0.489262,0.146537,0.016466,0.027251,0.656114,-0.298579,-0.022666,0.177775,-0.202985,-0.001296,-0.202985,0.168521,-0.105641,0.068811,-0.04609,0.251154,0.299002,-0.125045,0.572418,0.037502,0.905497,0.522903,-0.035947,-0.407868,-0.214506,-0.166431,0.404557,-0.196068,-0.031893,-0.309963,0.172749,0.243093,-0.677127,-0.556341,0.382586,0.415746,0.39842,0.174442,0.335085,0.240315,0.413652,-0.21198,0.413652,-0.810861,0.655656,-0.4365,0.258638,0.819034,-0.393398,0.5657,0.009044,-0.202985,-0.384335,0.009044,-0.212964,-0.196068,-0.005267,0.200078,0.116049,-0.376432,-0.079212,0.819034,0.0,0.106786,-0.22693,0.382586,-0.196068,-0.105344,0.287143,0.528263,-0.810861,-0.105344,-0.391538,0.135756,-0.477458,0.465243,0.586103,-0.611491,0.075113,0.044264,0.109916,0.384893,-0.119753,-0.154906,-0.064798,-0.158957,-0.323427,-0.163844,0.009044,0.432033,0.612733,0.101666,0.001742,-0.181633,0.066853,-0.056944,0.535187,-0.006188,0.251806,0.119584,0.044021,-0.309963,-0.810861,0.419826,-0.407868,0.197806,0.26741,0.310769,0.171374,0.360897,-0.610314,-0.047125,-0.393398,-0.184267,0.711541,-0.096738,0.085322,0.26741,-0.003049,-0.26762,0.421655,-0.085011,0.089101,0.225003,-0.083758,0.597065,0.382586,-0.367271,0.547257,0.114773,-0.378136,-0.345929,-0.317678,-0.789192,-0.178918,0.628382,0.304626,0.679099,0.316316,-0.683957,0.371955,0.801521,-0.006384,0.035276,0.114773,-0.039063,-0.154761,0.114773,-0.01774,0.128449,-0.407868,#
13,0.528662,0.641151,0.205807,-0.286104,0.222733,0.229931,0.037847,0.366506,0.39701,0.303716,-0.745462,-0.195686,0.327856,1.0,0.083928,-0.090344,-0.306046,0.751812,0.475693,0.201544,0.423271,0.173158,0.79502,0.173158,-0.265655,-0.569844,0.359346,0.437558,0.775391,0.622654,-0.475796,0.218181,0.173158,5.1e-05,0.457701,-0.06722,-0.336117,-0.396975,0.34285,0.346214,0.006872,0.171264,0.361326,0.456375,0.0,-0.523118,0.317161,0.603168,-0.343639,0.178098,0.351454,-0.022922,-0.312719,0.748337,-0.197307,-0.529547,-0.087868,-0.033912,0.23298,-0.033912,0.809064,0.384747,-0.336117,0.643837,0.259361,0.991854,-0.285997,0.775391,0.928048,0.572777,-0.186759,-0.092948,-0.508119,-0.537081,0.101484,0.531067,-0.356556,-0.228613,-0.572864,-0.544024,-0.372893,-0.537081,-0.314669,-0.236046,0.240972,-0.244621,-0.107874,-0.478621,0.101484,-0.228613,-0.471843,-0.228613,-0.637142,0.494747,-0.653823,-0.356556,0.622949,-0.56944,-0.134895,-0.653823,-0.033912,-0.049001,-0.653823,-0.41835,-0.356556,-0.201032,-0.181684,-0.245137,-0.55161,-0.468006,0.622949,0.0,-0.134895,-0.068741,-0.236046,-0.356556,-0.762178,-0.314669,0.272862,-0.637142,-0.762178,-0.607675,-0.013352,-0.694813,0.457701,0.367607,-0.192727,-0.336007,0.006292,-0.495913,-0.418551,-0.192727,-0.314669,-0.476943,-0.382669,-0.495913,0.327409,-0.653823,0.105688,-0.360872,-0.049001,0.138523,-0.831851,-0.18469,-0.377801,-0.172366,-0.669831,0.768308,-0.2966,-0.607675,-0.572864,-0.207733,0.203207,0.229931,-0.513075,0.201544,0.438839,0.761734,-0.446826,-0.222735,-0.244621,-0.56944,-0.388232,0.446121,-0.418551,0.455047,-0.508119,0.165471,-0.529245,0.324158,0.043525,0.761277,0.512849,-0.405163,0.813174,-0.236046,-0.040505,-0.031886,0.75231,-0.245137,-0.143241,0.054023,-0.004943,0.099962,0.20843,0.137412,0.103678,0.016235,-0.361827,0.996723,0.016235,0.224758,0.688015,0.75231,-0.258138,0.143479,0.75231,-0.687578,-0.395469,0.258317,#
14,0.166286,0.410736,0.379167,-0.091416,0.410736,-0.271744,0.549795,0.147464,-0.127778,0.057251,0.188718,0.410736,-0.211984,0.083928,1.0,-0.396894,0.157879,-0.08577,-0.383547,-0.271744,-0.00521,0.373984,0.248126,0.373984,-0.404763,0.543054,-0.211939,0.308451,-0.102894,-0.042713,-0.647744,0.009714,0.373984,-4.9e-05,0.151337,0.312229,-0.636108,-0.02175,0.639439,0.158026,-0.258356,0.355346,-0.588308,0.474777,0.0,0.237132,-0.090713,-0.026094,0.016477,0.591878,-0.031592,0.256028,-0.46102,-0.31551,0.199486,-0.163253,-0.589023,0.345277,-0.39854,0.345277,0.189685,0.616637,-0.636108,0.150442,0.169174,0.03331,-0.335605,-0.102894,0.189086,-0.0734,-0.171071,-0.45582,0.40089,-0.177234,-0.664356,0.215138,-0.253367,-0.411083,-0.206191,-0.174395,-0.293046,-0.177234,-0.26532,-0.500743,-0.813514,-0.04694,-0.213768,0.043989,-0.664356,-0.411083,-0.597708,-0.411083,-0.017621,0.129872,-0.411083,-0.664677,-0.046876,0.32109,-0.206191,-0.411083,0.345277,-0.532818,-0.411083,0.142085,-0.664677,-0.813694,-0.069259,-0.069525,-0.084497,0.044845,-0.046876,0.0,-0.206191,-0.599044,-0.500743,-0.253367,-0.407616,-0.665182,-0.142731,-0.017621,-0.407616,-0.420596,-0.533424,-0.074676,0.151337,-0.593101,-0.407408,-0.194666,-0.408537,-0.101767,-0.371084,-0.407408,-0.665182,-0.202137,-0.254448,-0.101767,0.623866,-0.411083,-0.03776,-0.164993,-0.532818,-0.031522,-0.240698,-0.304199,-0.385742,0.083436,-0.04694,0.31609,-0.633811,-0.420596,-0.206191,0.389382,-0.055833,-0.271744,-0.589369,0.40089,0.53278,0.431446,-0.405748,0.102914,0.356083,0.32109,0.170371,-0.34043,-0.371084,0.789877,-0.271744,0.085129,-0.221552,-0.406737,0.507269,0.26702,0.106865,-0.419793,0.219222,-0.500743,-0.101767,-0.11753,0.373919,0.140838,-0.393546,0.804652,0.354368,0.562187,0.372543,-0.124647,-0.682678,0.03315,-0.041137,0.060444,-0.405748,0.802309,-0.003101,0.373919,-0.057375,-0.235886,0.373919,0.001537,-0.246743,0.4547,#
15,-0.397412,-0.486065,-0.489073,-0.496754,-0.486065,0.818961,-0.397408,-0.24337,-0.318474,-0.243181,0.142904,-0.486065,-0.59571,-0.090344,-0.396894,1.0,0.249139,-0.354252,0.225092,-0.162283,-0.314259,-0.162283,-0.595217,-0.162283,0.93997,-0.142768,-0.205204,0.403776,-0.222692,-0.486373,0.343371,-0.092713,-0.162283,-3.4e-05,-0.275692,0.349087,0.390214,0.383747,-0.243181,-0.243199,0.038574,-0.925572,0.046654,0.000958,0.0,0.422222,-0.479253,-0.476935,0.359566,0.23183,0.141917,-0.038542,-0.040328,-0.259357,0.232866,0.133986,0.391081,0.027634,0.142065,0.027634,0.042509,-0.215891,0.390214,0.23183,-0.134931,-0.070871,0.259612,-0.222692,0.100517,-0.638149,-0.16712,0.055527,-0.162283,-0.194742,0.615512,-0.400541,0.23838,0.52076,0.442125,-0.203084,-0.004616,0.451635,0.601798,0.207177,0.121942,-0.101758,-0.202793,-0.319335,0.229062,-0.101758,0.403041,-0.101758,0.531679,-0.3967,0.52076,-0.004616,-0.485506,0.109635,-0.199073,-0.101758,0.027634,0.780175,-0.101758,0.007278,0.630702,0.508793,0.116645,-0.277814,0.109635,-0.311257,-0.485506,0.0,0.442125,0.440836,0.207177,0.23838,0.237763,-0.015837,-0.164274,0.531679,0.237763,0.497906,0.085405,0.542169,-0.275692,0.027669,0.980474,0.358321,-0.038542,-0.318549,-0.326404,0.513274,0.601798,0.377582,0.013482,0.093171,-0.242456,-0.101758,-0.211428,-0.490393,0.101131,0.143196,0.007267,0.517276,0.329008,-0.70011,-0.101758,-0.262234,0.267466,-0.11066,0.442125,0.531679,-0.106174,0.818961,-0.206778,-0.162283,-0.737671,-0.234761,-0.322597,0.267186,0.136342,0.109635,0.001241,-0.020156,0.346534,-0.305388,-0.162283,0.0573,0.42202,-0.242899,-0.098261,-0.045064,0.229062,0.337398,-0.572359,0.207177,0.759901,-0.296746,-0.225656,0.212012,0.447088,-0.303314,0.329084,-0.378932,-0.96276,0.113225,-0.369764,-0.063303,0.342095,-0.089495,-0.322597,-0.472757,0.104374,-0.225656,-0.060129,0.223876,-0.225656,-0.097261,0.324513,-0.162283,#
16,-0.269428,-0.397846,-0.644229,-0.155131,-0.012814,0.459738,-0.261429,0.091503,-0.533131,-0.407089,0.171723,0.387619,-0.584467,-0.306046,0.157879,0.249139,1.0,-0.194428,-0.837198,-0.271664,-0.526074,-0.271664,-0.57372,-0.271664,0.082121,0.097601,-0.629296,0.334723,-0.052553,-0.814196,0.149965,-0.444324,-0.271664,4.7e-05,0.236823,0.391646,-0.047871,0.049128,0.062629,0.101027,-0.657635,-0.204088,-0.10548,0.088606,0.0,0.464324,-0.512995,-0.798397,0.587003,0.178288,0.019412,0.094713,-0.052566,-0.26085,0.310444,0.003372,-0.139834,0.392598,0.44693,0.392598,-0.141782,0.086975,-0.047871,-0.250288,0.275147,-0.276246,0.574834,-0.052553,-0.017453,-0.573939,-0.557197,0.04037,0.381374,0.193102,-0.197693,0.275437,0.623702,0.057081,0.304022,-0.182093,-0.24918,0.6749,0.183602,-0.348809,0.037032,-0.406933,-0.596536,-0.364529,0.211391,-0.406933,0.254764,-0.406933,0.811117,-0.664082,0.448362,-0.24918,-0.812744,-0.097417,-0.576939,-0.015651,0.392598,-0.026512,-0.015651,-0.253223,0.224375,0.04693,0.045513,-0.11478,-0.097417,0.036556,-0.812744,0.0,-0.099001,0.255859,-0.348809,0.623702,0.101874,-0.261244,-0.964878,0.811117,0.101874,0.419593,-0.533266,0.47627,0.236823,-0.12485,0.156649,-0.090611,0.094713,0.321649,-0.379183,0.651213,0.19913,0.073593,0.138497,-0.114184,0.120982,-0.015651,-0.510211,-0.628124,-0.53266,0.301547,0.174684,-0.116077,0.100142,-0.694605,-0.015651,-0.238987,-0.072647,-0.034021,0.304022,0.400166,-0.813453,0.459738,-0.189896,-0.271664,-0.341457,-0.172589,-0.371569,0.051546,0.448362,-0.097417,-0.259422,-0.224444,0.122413,-0.121993,0.407495,0.002473,0.278799,-0.406617,0.537646,-0.072746,-0.197693,0.111091,-0.605881,-0.348809,-0.036287,-0.082591,-0.10851,0.604125,0.047747,0.28516,0.791491,0.144609,-0.130429,-0.270824,-0.234223,0.133749,0.689957,-0.348837,-0.797681,-0.02984,-0.00903,-0.10851,-0.413615,0.584988,-0.10851,-0.006154,-0.105184,0.381374,#
17,0.454357,0.537305,-0.147541,-0.15343,0.035006,0.02949,-0.053413,0.263959,0.40168,0.289694,-0.966242,0.035779,0.710446,0.751812,-0.08577,-0.354252,-0.194428,1.0,0.240396,0.193322,0.393402,0.193322,0.687069,0.193322,-0.523052,-0.361284,0.176021,0.220562,0.980748,0.599349,-0.362732,0.039667,0.193322,5.9e-05,0.69013,-0.289364,-0.224227,-0.269747,0.242557,0.238723,-0.089015,0.5307,0.602071,0.127883,0.0,-0.536741,0.214498,0.585491,-0.292388,-0.234824,0.486526,0.074448,-0.062917,0.892615,-0.193823,-0.388115,0.092992,-0.003789,0.435782,0.029043,0.584883,0.265872,-0.224227,0.32428,0.462289,0.740252,-0.069789,0.980748,0.642022,0.84879,0.136307,-0.055115,-0.658606,-0.387319,-0.145005,0.67576,-0.174199,-0.054856,-0.46998,-0.331426,-0.046909,-0.516825,-0.622174,-0.122193,0.478397,0.069869,-0.310943,-0.237136,0.369305,0.049082,-0.404906,0.049082,-0.612759,0.494095,-0.565307,-0.068124,0.599127,-0.757635,0.162845,-0.461369,0.029043,-0.291124,-0.440582,-0.601012,-0.174199,-0.026924,-0.014058,-0.064175,-0.757635,-0.317639,0.599127,0.0,0.055788,0.041393,-0.122193,-0.174199,-0.373538,-0.032083,0.151787,-0.612759,-0.373538,-0.539315,-0.135071,-0.58978,0.69013,0.605885,-0.456859,-0.189889,0.074448,-0.188254,-0.218471,0.139654,-0.135205,-0.354328,-0.129988,-0.691667,0.23596,-0.461369,0.284656,-0.116013,-0.155073,0.264497,-0.620722,-0.026419,-0.311215,-0.06267,-0.461369,0.440304,-0.225404,-0.417385,-0.46998,-0.592932,0.095148,0.02949,-0.321142,0.193322,0.220811,0.409678,-0.227512,-0.433917,-0.054856,-0.757635,-0.585101,0.725468,-0.330827,0.366203,0.160556,-0.046647,-0.447126,0.289358,0.179389,0.389042,0.368144,-0.320655,0.703496,-0.122193,-0.278547,0.395318,0.363489,-0.202517,-0.461512,-0.141615,-0.328301,-0.095582,0.479413,0.027088,0.479334,0.215187,-0.401553,0.756558,0.328377,0.028396,0.475749,0.363489,-0.476266,0.332063,0.363489,-0.474143,-0.270427,0.127789,#
18,0.121205,0.214156,0.301567,-0.21442,-0.208342,0.097455,0.07629,-0.187189,0.455256,0.362515,-0.297568,-0.63084,0.415575,0.475693,-0.383547,0.225092,-0.837198,0.240396,1.0,0.212109,0.477354,0.212108,0.385616,0.212108,0.26325,-0.376805,0.466549,-0.03065,0.176193,0.706846,-0.002862,0.282606,0.212108,-5.2e-05,-0.109521,-0.130502,0.232286,0.069829,-0.197579,-0.239723,0.560495,-0.171949,0.337453,0.055651,0.0,-0.411687,0.382329,0.684021,-0.494234,-0.057938,0.092022,-0.094852,-0.128111,0.355287,-0.247627,-0.037929,0.327134,-0.366732,-0.255888,-0.366732,0.360182,-0.195428,0.232286,0.412341,-0.169374,0.456702,-0.363249,0.176193,0.258982,0.383226,0.363443,-0.046535,-0.504474,-0.453155,0.499264,-0.190703,-0.431792,0.150527,-0.163993,-0.043509,0.13527,-0.566444,0.074172,0.508895,0.215804,0.259634,0.431172,0.084619,0.050373,0.259634,-0.056111,0.259634,-0.671716,0.556148,-0.278829,0.13527,0.707209,-0.042759,0.390628,-0.169722,-0.366732,0.355279,-0.169722,0.085464,0.02392,0.192014,0.088089,-0.128414,-0.042759,-0.353357,0.707209,0.0,0.278247,-0.074287,0.508895,-0.431792,-0.197777,0.182423,0.832415,-0.671716,-0.197777,-0.222409,0.510844,-0.299284,-0.109521,0.348156,0.250471,0.229674,-0.094852,-0.464393,0.138693,-0.292217,0.074172,0.07649,-0.325503,0.01385,-0.261226,-0.169722,0.353735,0.308989,0.474293,-0.16144,-0.333904,0.323537,0.07505,0.240582,-0.169722,0.324325,0.233683,-0.115747,-0.163993,-0.23812,0.723946,0.097455,0.001224,0.212108,0.059706,0.267379,0.131581,-0.162447,-0.296003,-0.042759,0.091956,0.436514,0.020749,-0.015571,-0.504474,0.150699,-0.108983,0.362903,-0.467003,0.290052,0.481999,0.067554,0.440952,0.508895,0.356843,-0.0,0.214433,-0.482504,0.202914,-0.460728,-0.575109,-0.313434,-0.246314,0.489433,0.156202,-0.005941,-0.598342,0.523492,0.599156,-0.172753,0.205885,0.214433,0.271193,-0.363766,0.214433,-0.216285,0.277872,-0.504474,#
19,0.401413,0.322316,0.170305,0.158622,0.322316,-0.111111,0.415015,-0.16663,0.508788,-0.1665,-0.163011,-0.332797,0.26741,0.201544,-0.271744,-0.162283,-0.271664,0.193322,0.212109,1.0,-0.215166,-0.111111,0.258369,-0.111111,-0.1655,-0.39814,0.292871,-0.21425,0.149895,0.317399,-0.40215,0.322515,-0.111111,-1.9e-05,0.232175,-0.218052,0.231067,0.232191,-0.1665,0.63403,0.448291,0.2825,0.241474,0.291611,0.0,-0.395671,0.355478,0.457165,0.276535,-0.495857,0.181661,-0.950004,0.397771,0.421606,0.081566,0.251027,0.267764,0.128459,0.302201,0.128459,-0.406865,-0.185924,0.231067,0.233344,0.227592,0.219635,0.440218,0.149895,0.146434,0.245771,0.298016,0.169117,-0.111111,0.243975,0.358254,0.067821,0.367694,0.293711,0.237986,0.231807,-0.271774,0.243975,-0.271981,0.038605,0.279104,-0.332873,0.231475,0.180799,0.358254,0.293711,-0.407832,0.293711,-0.332205,0.377013,0.293711,0.367694,0.293307,-0.218093,0.237986,0.293711,0.128459,0.465621,0.293711,0.387333,0.367694,0.28628,0.155656,-0.482149,0.479805,0.192186,0.293307,0.0,0.237986,0.237293,0.038605,0.367694,-0.166667,-0.271981,0.277086,-0.332205,-0.166667,-0.333069,-0.218107,-0.33113,0.232175,0.21932,-0.166582,0.209779,0.193519,-0.218103,0.169333,-0.166582,-0.271981,0.072319,0.39692,-0.218103,-0.166004,0.293711,-0.528385,0.117142,0.465621,0.191086,-0.271543,0.25,-0.508492,0.144429,-0.332873,0.057759,0.105892,-0.333069,0.237986,-0.332205,-0.332704,-0.111111,0.225473,-0.111111,0.181431,0.100783,0.174855,-0.166261,-0.332873,-0.218093,0.377572,0.209441,0.169333,-0.238525,-0.111111,0.238687,-0.407433,0.616316,-0.523836,0.043305,-0.271643,-0.50779,0.286355,0.038605,-0.218103,-0.231125,0.179555,-0.482149,-0.331328,-0.238333,-0.231243,-0.286515,0.179845,-0.236868,0.407966,0.174855,-0.398706,0.231125,0.174855,-0.35015,0.341432,0.179555,0.299582,-0.271896,0.179555,0.301417,-0.293877,-0.111111,#
20,-0.119991,0.258799,0.348463,0.344031,-0.24865,-0.215166,0.005322,0.152206,0.01689,0.180559,-0.31567,-0.24865,0.549222,0.423271,-0.00521,-0.314259,-0.526074,0.393402,0.477354,-0.215166,1.0,-0.215166,0.531278,-0.215166,-0.32049,-0.205991,0.040152,0.188588,0.328132,0.659982,0.075191,0.279269,-0.215166,0.0,0.119283,-0.422256,0.195763,-0.378641,0.34822,-0.322451,-0.208347,0.280923,0.517893,-0.042505,0.0,-0.153243,0.720152,0.480589,-0.487372,0.045187,-0.108733,0.4003,-0.315115,0.349901,-0.415663,0.041667,0.140957,-0.348263,-0.26064,-0.348263,0.533572,0.353938,0.195763,0.045187,-0.066777,0.346972,-0.520641,0.328132,0.217622,0.555255,0.067895,0.352685,-0.215166,-0.362216,-0.114355,0.205211,-0.526288,-0.128921,-0.788928,0.154791,-0.108353,-0.787426,-0.120386,0.274111,0.155481,0.280593,0.046371,0.033344,-0.114355,0.280593,0.022565,0.280593,-0.643313,0.431769,-0.644606,-0.108353,0.689157,-0.422336,0.164034,-0.235091,-0.348263,-0.421883,-0.235091,-0.526643,-0.526288,-0.239732,-0.056517,0.546748,-0.422336,-0.524415,0.689157,0.0,-0.257769,-0.366054,0.274111,-0.526288,-0.322749,0.285916,0.471535,-0.643313,-0.322749,-0.24465,0.438301,-0.64123,0.119283,0.546057,-0.322584,-0.213445,0.4003,0.016244,0.459078,-0.322584,-0.120386,-0.25008,-0.525907,0.016244,-0.321465,-0.235091,0.549042,0.378073,0.024817,-0.069382,-0.167313,-0.242061,0.435847,0.399549,-0.235091,0.587213,0.354192,0.155686,-0.788928,-0.122536,0.674245,-0.215166,0.038301,0.645497,0.408315,0.256798,-0.090845,-0.321964,-0.128921,-0.422336,0.007862,0.337984,0.016396,0.197958,-0.215166,-0.282029,-0.375345,0.189443,0.036555,0.266829,0.404055,-0.105647,0.554524,0.274111,0.129955,0.581843,0.347707,0.092527,0.15832,0.225855,-0.392967,-0.1127,0.348269,0.503443,0.257797,0.024776,-0.394437,0.447572,0.470743,0.296653,0.289266,0.347707,-0.242603,-0.118014,0.347707,-0.122882,0.150983,-0.215166,#
