0,1.0,0.542232,0.054383,-0.526419,0.542232,-0.326933,-0.039176,0.383998,0.223473,0.182435,-0.218008,0.198382,-0.044584,0.433057,0.449242,0.0,0.549095,0.224849,0.095824,-0.533679,-0.146561,0.350912,0.191736,0.530436,-0.533679,-0.012572,0.152249,-0.063543,0.34538,0.230367,-0.529386,-0.125936,0.517429,-2.6e-05,-0.123705,0.536736,-0.267134,-0.363018,-0.121908,0.392811,-0.246857,-0.61233,-0.428159,0.51601,-0.326927,-0.227683,-0.594736,-0.204497,0.028713,0.225078,0.337282,-0.237313,0.188588,-0.115228,0.191706,-0.493294,-0.307663,0.23653,0.079197,0.246163,0.307376,-0.111286,-0.432832,0.23653,0.372412,0.278788,-0.019348,0.319425,0.304903,-0.489319,-0.385346,-0.546471,-0.218008,-0.10365,-0.093286,0.340066,-0.217076,-0.359906,-0.249415,-0.533728,-0.253964,-0.269641,-0.534008,-0.125876,-0.427933,-0.125876,-0.396229,-0.260286,-0.327012,-0.533728,-0.65367,-0.800272,-0.269641,-0.084023,-0.534008,-0.533728,-0.267649,-0.253964,-0.084023,-0.363974,0.353602,-0.427933,-0.533728,-0.392495,-0.327012,-0.327012,-0.392495,-0.364411,-0.533728,0.279282,-0.190384,0.0,-0.249415,-0.002604,-0.809582,-0.108193,-0.327012,-0.653506,-0.396229,0.038337,-0.427933,-0.308752,-0.533645,-0.02258,-0.096542,-0.800272,-0.326845,-0.169076,-0.785182,-0.800272,-0.65367,-0.326845,-0.086797,-0.092116,0.038337,-0.428159,0.731793,-0.65367,-0.536456,-0.260286,-0.327012,-0.40488,-0.65181,-0.096542,-0.527162,-0.536456,0.007946,-0.204392,-0.770024,-0.533645,-0.084023,-0.283256,-0.565247,-0.327012,-0.800272,-0.533728,0.140798,0.521692,-0.565247,-0.002604,-0.260286,-0.119901,-0.533728,-0.267649,-0.527162,0.412398,-0.427933,-0.409295,0.007946,-0.218008,0.318859,0.179465,-0.253964,-0.565247,0.561416,-0.572031,-0.65367,-0.214629,0.191058,-0.587281,0.084599,-0.188562,0.359539,0.413017,0.413017,-0.338895,-0.172602,-0.076313,0.324818,0.643845,-0.267649,0.412398,0.25862,0.179562,-0.124062,0.77807,0.308025,-0.800541,-0.74229,0.77807,#
1,0.542232,1.0,0.178941,-0.057596,0.201839,-0.121635,-0.132184,0.275113,-0.032188,0.388763,-0.407531,-0.400845,0.323636,0.79502,0.359872,0.0,0.134998,0.564532,0.600253,-0.5901,0.376138,0.21032,0.403644,0.50862,-0.5901,-0.294686,0.402621,0.526144,0.628892,0.392929,-0.538844,-0.167812,0.05602,9.6e-05,-0.15857,0.072833,-0.228134,-0.234217,0.259905,-0.108162,-0.455159,-0.373457,0.088931,0.528,-0.611137,-0.318919,-0.237192,-0.042121,0.073034,0.207757,0.613838,0.160782,0.446686,0.063314,0.405896,-0.474925,-0.256114,0.41995,-0.241843,-0.269241,0.093173,0.250436,-0.52584,0.41995,-0.106062,0.368978,-0.525742,0.575639,0.340123,-0.277863,-0.306428,-0.283628,-0.407531,-0.56503,-0.149847,0.632154,-0.422322,-0.282256,-0.452746,-0.596061,-0.461418,-0.422532,-0.590464,0.226686,0.097933,0.185488,-0.283437,-0.490333,-0.111871,-0.153764,-0.392638,-0.256851,-0.422532,-0.160365,-0.590464,-0.153764,0.043526,-0.461418,0.322588,-0.656106,0.110782,-0.799952,-0.596061,-0.720107,-0.111871,-0.611296,-0.312915,-0.125534,-0.997719,0.243441,-0.047109,0.0,-0.048678,-0.367127,-0.458331,-0.19213,-0.611296,-0.402069,-0.283437,-0.276837,-0.372627,-0.12861,-0.165795,-0.431787,-0.17848,-0.256851,-0.610985,-0.38455,-0.342623,-0.656419,-0.392638,-0.610985,-0.179177,-0.201131,-0.276837,-0.364441,0.410686,-0.392638,-0.216,0.061956,-0.611296,0.12109,-0.848709,-0.17848,-0.088784,-0.216,0.073424,0.292296,-0.421116,-0.561654,-0.598945,-0.44951,-0.135987,-0.111871,-0.656419,-0.194403,0.273421,0.409594,-0.567291,0.085524,-0.490333,-0.210321,-0.194403,0.043526,-0.568035,0.357528,-0.372627,-0.524458,0.073424,0.285005,0.241391,-0.283645,-0.022062,-0.567291,0.643039,-0.346589,-0.43257,0.273004,0.391638,-0.533516,0.100024,-0.331867,-0.142026,-0.082581,0.356095,-0.254746,0.018437,-0.145983,0.127091,0.816134,0.043526,0.794085,0.082978,0.40186,-0.229196,0.446464,0.100189,-0.689318,-0.56462,0.446464,#
2,0.054383,0.178941,1.0,0.400566,0.178941,-0.611168,-0.557335,-0.554619,-0.854169,0.395351,0.28957,0.377885,-0.546587,-0.080007,-0.077868,0.0,0.088544,-0.359919,-0.102106,-0.603846,-0.471332,-0.634475,0.413089,-0.406858,-0.603846,0.475951,-0.021655,0.062168,0.093563,0.370805,0.23197,0.240323,-0.411897,-9.7e-05,0.6881,0.060335,0.0829,0.104628,-0.152803,-0.167934,-0.466206,0.15212,0.112337,0.527163,-0.138511,-0.604594,-0.272155,-0.48192,-0.237362,-0.068367,-0.390647,0.572545,0.434134,-0.70957,0.351615,-0.483274,-0.694459,0.391176,-0.697128,-0.302819,0.068182,-0.150214,-0.20101,-0.290133,-0.227297,-0.346293,-0.24183,-0.111104,-0.359704,0.417463,-0.298609,-0.156788,0.28957,-0.562806,-0.151995,0.094533,-0.408461,-0.675488,-0.040961,0.231362,-0.472501,-0.020885,-0.177325,0.677417,0.086637,-0.200216,-0.259252,-0.446652,-0.128698,0.256097,0.010096,-0.248707,-0.020885,-0.581297,-0.177325,-0.164389,-0.430134,-0.440371,-0.095152,-0.236343,0.085462,-0.387033,-0.577264,-0.305146,-0.611315,-0.128698,0.121133,0.534591,-0.189123,0.674879,-0.285933,0.0,-0.040961,0.057036,0.072113,-0.152099,-0.128698,-0.412394,0.130198,-0.274742,-0.387033,-0.30341,-0.176267,0.497917,-0.649541,-0.248707,-0.611003,-0.524779,0.063282,-0.248707,0.423277,-0.142414,-0.598004,-0.165353,-0.708442,0.077231,0.395775,0.010096,0.320027,0.109287,-0.128698,0.395254,-0.035119,-0.649541,-0.050304,0.332463,0.534784,0.206828,-0.377424,0.238148,-0.581297,-0.423366,-0.124628,-0.128698,-0.248707,-0.577264,-0.571989,0.394962,-0.124628,0.057036,-0.446652,-0.188493,-0.156778,-0.430134,-0.532722,-0.575106,-0.799977,0.018824,0.534784,0.28957,0.677085,0.203943,0.38745,-0.124628,0.518177,-0.284239,-0.42739,0.261009,-0.294454,0.350562,0.07795,-0.47356,-0.178916,0.307778,0.343104,-0.187751,-0.809033,-0.107405,0.428864,0.376319,-0.430134,0.333074,-0.043652,0.825932,0.155837,-0.10643,0.570018,-0.261529,-0.029383,-0.10643,#
3,-0.526419,-0.057596,0.400566,1.0,-0.023596,-0.260988,-0.442964,-0.373637,-0.678429,-0.164075,0.229764,-0.214945,-0.415362,-0.398652,0.061345,0.0,-0.056596,-0.269272,-0.067663,0.024304,0.176119,-0.825189,-0.157447,-0.544509,0.024304,-0.194163,-0.202831,0.403478,0.225977,-0.21184,0.539472,0.066829,-0.994931,-5.1e-05,-0.059823,-0.513994,0.304589,0.316112,0.526559,0.072994,-0.26362,0.320093,-0.012999,-0.131049,-0.261391,0.030876,0.283611,-0.433296,0.467732,0.078713,-0.289168,0.722543,0.366342,-0.259902,-0.23152,0.01636,-0.170451,-0.216349,-0.157392,-0.255314,-0.302079,0.534795,-0.040194,-0.216349,-0.522165,-0.260928,0.029492,0.001931,0.004746,0.3732,-0.128449,0.479132,0.229764,-0.004755,0.121215,-0.336159,0.198854,-0.128357,0.198854,0.057268,-0.263439,0.61814,0.493323,0.155906,0.397471,-0.374664,-0.066348,-0.344978,0.259549,0.546407,0.639472,0.324796,0.61814,-0.452998,0.493323,0.512187,-0.309522,-0.229447,0.081105,-0.066348,0.198477,-0.086518,0.057268,-0.128357,0.302098,0.302098,-0.128357,0.789169,0.057268,0.14326,-0.369066,0.0,0.198854,0.411614,0.217607,0.080457,0.302098,0.182474,-0.066348,-0.147409,-0.122925,0.330111,0.048605,-0.010619,-0.499924,0.324796,-0.224179,-0.427545,0.702972,0.324796,0.673097,-0.265492,0.060841,0.067955,-0.147409,0.376969,-0.163586,0.639472,0.410718,0.265803,0.302098,0.275436,0.195265,-0.499924,0.542985,0.423875,0.016467,0.106019,0.217607,0.08233,-0.452998,0.168406,0.041068,0.259549,0.324796,0.057268,-0.139895,-0.043358,0.041068,0.37305,-0.344978,0.096081,0.057268,-0.309522,0.012978,-0.443214,-0.086518,-0.05635,0.016467,0.25813,0.098784,-0.305663,0.256441,0.041068,-0.13089,-0.183308,0.158829,0.185473,-0.187514,0.521645,-0.053833,0.138151,0.074741,-0.426173,-0.3888,-0.317293,-0.228784,0.052931,0.244606,-0.21103,-0.309522,0.039577,-0.278867,0.248061,-0.380613,-0.227395,-0.314213,0.301665,0.128983,-0.227395,#
4,0.542232,0.201839,0.178941,-0.023596,1.0,-0.611149,-0.132184,-0.116741,-0.032188,0.388763,0.258369,-0.008229,-0.106823,-0.055596,0.359872,0.0,0.5592,0.034326,0.164833,-0.605774,-0.024293,-0.196646,0.014086,0.0676,-0.605774,-0.402868,-0.014651,-0.424003,0.138245,0.009209,0.21131,-0.583187,0.05602,9.6e-05,-0.277083,0.508435,0.095818,-0.356788,-0.175744,0.287398,-0.455159,-0.540627,-0.347003,0.528,-0.611137,-0.448737,-0.257875,-0.538194,0.053795,0.207757,0.125611,0.022381,0.446686,-0.406375,-0.281114,-0.577616,-0.636293,-0.230852,-0.257111,-0.269241,0.112329,-0.169967,-0.18751,-0.230852,0.232193,-0.151002,0.217932,-0.053777,-0.166314,-0.303783,-0.713912,-0.309939,0.258369,-0.123681,0.257346,0.117619,-0.018254,-0.689448,-0.048678,-0.596061,-0.461418,-0.014312,-0.182685,0.226686,-0.329392,-0.628896,0.119577,-0.490333,-0.611296,-0.153764,0.002043,-0.656419,-0.014312,-0.598945,-0.182685,-0.153764,-0.453752,-0.06243,-0.115991,0.149921,0.110782,-0.372627,-0.194403,-0.312915,-0.111871,-0.111871,-0.720107,0.100608,-0.194403,0.661978,-0.309476,0.0,-0.452746,0.085524,-0.458331,-0.19213,-0.111871,-0.402069,-0.283437,-0.276837,-0.799952,0.294449,-0.561654,0.028829,-0.574517,-0.656419,-0.126076,-0.510193,-0.480144,-0.256851,0.002043,-0.610985,-0.179177,-0.12029,-0.276837,-0.364441,0.410686,0.002043,-0.396171,0.061956,-0.111871,-0.613677,-0.042852,-0.574517,-0.088784,-0.241739,0.508641,-0.389574,-0.421116,-0.165795,-0.160365,-0.44951,-0.567291,-0.611296,-0.256851,-0.596061,0.376263,0.801068,-0.135987,-0.367127,-0.490333,0.203314,-0.596061,-0.453752,-0.568035,-0.090222,-0.372627,-0.072889,0.508641,0.285005,0.241391,-0.03039,-0.022062,-0.135987,0.214418,-0.346589,-0.827251,-0.404005,0.391638,-0.099722,0.530234,-0.429552,0.688537,0.356095,0.356095,0.031325,0.018437,-0.145983,0.47845,0.407556,-0.453752,0.346335,-0.333996,0.40186,0.163884,0.446464,0.100189,-0.689318,-0.56462,0.446464,#
5,-0.326933,-0.121635,-0.611168,-0.260988,-0.611149,1.0,0.3428,0.592622,0.51172,-0.24969,-0.166627,0.021806,0.336486,0.323946,-0.234428,0.0,-0.326933,0.314964,-0.174156,0.631843,0.018992,0.631771,0.017737,0.214306,0.631843,0.002477,0.525553,0.260771,-0.39509,-0.499289,-0.404618,0.122124,0.250532,-1.5e-05,-0.106507,-0.326999,-0.598955,-0.089177,0.106795,-0.407798,0.520755,0.335328,0.22886,-0.597066,0.40006,0.379511,-0.048609,0.42937,-0.094116,0.06861,0.249701,-0.353979,-0.249812,0.635811,0.196753,0.298579,0.40151,0.170002,0.439726,0.177315,-0.361656,0.095265,-0.143681,0.170002,-0.114975,0.202314,-0.40319,-0.119574,0.031805,0.10174,0.429514,0.136191,-0.166627,0.377424,-0.407563,0.266571,-0.003965,0.438119,-0.003965,0.134588,0.529129,0.002003,0.092034,-0.407563,0.197084,0.6419,0.42769,0.296019,0.362658,-0.407936,-0.015492,0.418152,0.002003,0.368601,0.092034,0.08474,0.286181,0.529129,-0.223793,-0.066649,-0.392171,0.250117,0.627264,0.438119,0.362658,-0.24994,0.438119,-0.58473,0.134588,-0.406597,0.057499,0.0,-0.003965,-0.326472,0.277173,0.106946,-0.24994,0.505788,-0.066649,0.457941,0.774276,-0.066423,0.612381,-0.325437,0.3815,0.418152,0.405158,0.304427,0.320017,0.418152,-0.49961,0.405158,0.099444,-0.193294,0.457941,0.207471,-0.248946,-0.015492,0.251813,-0.381423,-0.24994,0.405211,0.046051,0.3815,-0.228484,0.251813,-0.32671,-0.11096,0.277173,0.126818,0.368601,0.304767,0.349789,0.362658,0.418152,0.627264,0.235136,-0.741679,0.349789,0.228753,0.296019,0.099444,0.627264,0.286181,0.359369,0.336118,0.774276,0.219995,-0.32671,-0.166627,-0.406543,-0.314786,-0.499189,0.349789,-0.589234,0.214949,0.517608,-0.147193,0.177156,-0.173901,-0.302107,0.277025,-0.395539,-0.201916,-0.201916,-0.01,0.48724,-0.219452,-0.489838,-0.478611,0.286181,-0.199364,0.023272,-0.491637,0.201022,-0.249754,-0.356374,0.428294,0.339426,-0.249754,#
6,-0.039176,-0.132184,-0.557335,-0.442964,-0.132184,0.3428,1.0,0.099723,0.660249,-0.263299,0.213855,-0.244136,0.513963,0.020377,0.4755,0.0,-0.020766,0.22107,0.258659,0.099723,0.325263,0.543279,-0.254137,0.421535,0.099723,-0.035369,-0.214224,0.048108,-0.379706,-0.240469,-0.4212,-0.325315,0.440942,-5.2e-05,-0.317514,0.421196,-0.031868,0.302602,0.103216,-0.35144,0.209375,-0.01838,-0.034054,0.076203,-0.187856,0.441326,0.081324,0.216856,0.19522,-0.459485,0.180187,-0.389044,-0.762553,0.131272,-0.237861,0.561362,0.408084,-0.256909,-0.040419,0.471203,-0.339017,0.0596,0.138022,-0.256909,0.623732,-0.29833,0.075615,-0.349426,-0.235613,-0.304849,0.34455,-0.298023,0.213855,0.112445,-0.369858,0.225453,0.219304,0.378174,0.186295,0.10623,0.209825,-0.193629,0.081407,0.03867,-0.534763,0.525161,0.323262,0.757985,-0.22108,-0.37365,-0.240407,-0.089152,-0.193629,0.521976,0.081407,-0.37365,0.189662,0.642716,-0.002015,-0.081073,0.168478,-0.024218,0.542018,0.34491,0.320782,-0.22108,0.34491,-0.612629,0.10623,-0.376744,0.114117,0.0,0.186295,-0.505443,0.177662,0.083896,-0.22108,-0.212292,-0.113996,-0.027498,-0.024218,0.039529,-0.342586,-0.09854,0.558021,-0.089152,0.342901,0.736848,-0.335074,-0.089152,-0.240407,-0.183211,0.091657,0.474567,-0.027498,-0.052973,-0.283239,-0.240407,-0.25312,0.158767,-0.22108,-0.450259,-0.164992,0.558021,0.023999,-0.085565,-0.09844,0.215038,0.21804,-0.342586,0.521976,0.290154,0.016516,-0.22108,-0.089152,0.542018,0.627526,0.066016,0.016516,-0.505443,0.757985,0.506649,0.542018,0.189662,0.543973,0.542634,0.439417,0.027437,-0.09844,-0.508628,0.080042,-0.201501,-0.266865,0.016516,-0.475273,0.464273,0.231137,0.215954,0.544383,-0.389149,-0.014003,0.233732,0.119851,-0.399323,0.076628,0.553715,0.248597,0.498339,-0.689236,-0.199483,0.189662,0.068983,-0.12984,-0.223126,0.114166,-0.179839,-0.295497,0.365961,0.359615,-0.179839,#
7,0.383998,0.275113,-0.554619,-0.373637,-0.116741,0.592622,0.099723,1.0,0.41473,-0.407589,-0.271998,0.051935,0.092107,0.564203,0.127854,0.0,0.383998,0.351389,-0.266234,0.166461,0.048361,0.599074,0.045166,0.368183,0.166461,-0.168398,0.399032,0.297764,-0.06259,-0.391841,-0.66049,0.165149,0.390849,4.7e-05,-0.341807,-0.071172,-0.518266,-0.574388,0.156909,0.207435,0.001307,-0.371837,-0.089032,-0.181278,0.112378,0.458031,-0.260435,-0.012044,0.238183,0.631591,0.448244,-0.599175,0.106428,0.449378,0.294212,0.05098,0.250356,0.331676,0.669215,0.34386,-0.082909,0.171721,-0.25336,0.331676,0.112334,0.384353,-0.206127,0.151093,0.4002,-0.445897,-0.16511,0.165338,-0.271998,0.506976,-0.273946,0.414952,-0.030433,0.233494,-0.418781,-0.23162,0.008296,-0.031312,-0.265862,-0.665298,-0.114325,0.174791,-0.165921,-0.11008,0.082384,-0.665906,-0.428019,-0.174103,-0.031312,0.082885,-0.265862,-0.271522,-0.121092,0.008296,-0.391323,-0.174301,-0.054853,-0.071873,0.162765,-0.157858,0.082384,-0.407997,-0.157858,-0.554819,-0.23162,-0.272103,-0.25441,0.0,-0.418781,-0.109388,-0.607274,0.12454,-0.407997,-0.010633,-0.561636,0.645103,0.347714,-0.133514,0.150903,-0.531237,0.13014,-0.174103,0.116511,-0.036846,-0.061728,-0.174103,-0.815553,0.116511,0.137802,-0.342694,0.645103,-0.106154,0.163331,-0.428019,-0.354222,-0.652367,-0.407997,0.057717,-0.377572,0.13014,-0.39878,-0.354222,-0.533315,-0.18568,-0.132235,-0.237787,0.082885,0.37293,-0.353741,0.082384,-0.174103,0.162765,0.347637,-0.367252,-0.353741,0.335066,-0.11008,-0.259741,0.162765,-0.121092,0.071793,0.547574,0.347714,-0.443183,-0.533315,-0.271998,-0.233291,-0.431025,-0.814867,-0.353741,-0.099112,-0.43085,-0.001277,-0.241969,0.28755,-0.365406,-0.054915,0.450932,0.190221,0.116944,0.116944,-0.443525,0.402327,-0.38449,0.117101,0.041121,-0.121092,0.118923,0.462444,-0.386341,-0.154385,0.630466,-0.071165,-0.166155,-0.518453,0.630466,#
8,0.223473,-0.032188,-0.854169,-0.678429,-0.032188,0.51172,0.660249,0.41473,1.0,-0.042777,-0.33304,-0.217057,0.647776,0.200962,0.185624,0.0,-0.180638,0.478904,0.281509,0.41473,0.290867,0.819966,-0.223159,0.644623,0.41473,-0.311464,0.199736,-0.172072,-0.043469,-0.204705,-0.395161,-0.386317,0.662255,-4.8e-05,-0.529531,0.212327,-0.304179,0.009174,0.001537,0.00201,0.587698,-0.088695,-0.204183,-0.324333,0.026371,0.25335,-0.073395,0.574254,-0.023827,-0.22202,0.470994,-0.477468,-0.499305,0.642082,-0.29835,0.195491,0.448692,-0.343469,0.447857,0.316792,0.005475,-0.013473,-0.067744,0.302343,0.372807,0.366974,0.072672,0.145105,0.256905,-0.330262,0.396002,-0.350902,-0.33304,0.267725,-0.015022,0.051135,0.195861,0.426697,0.165671,-0.376445,0.587837,-0.186627,-0.006475,-0.449515,-0.229684,0.399506,0.38035,0.48833,-0.003965,-0.416772,-0.215272,0.00709,-0.186627,0.646373,-0.006475,-0.018194,0.469547,0.587837,0.167123,0.010539,-0.033826,0.237267,0.420711,0.396273,0.49163,-0.003965,-0.007796,-0.744832,0.022133,-0.437413,0.353157,0.0,0.165671,-0.203346,-0.027928,-0.016247,-0.003965,0.201997,-0.019573,0.047398,0.237267,0.080604,0.010167,-0.289092,0.667574,0.00709,0.511759,0.578344,-0.423435,0.00709,-0.606926,0.03057,0.407372,0.204081,0.458501,-0.221486,-0.061604,-0.215272,-0.25194,-0.059724,-0.003965,-0.470144,-0.155608,0.667574,-0.237178,-0.25194,-0.262786,-0.276972,0.009002,-0.382656,0.646373,0.05364,0.191339,-0.003965,0.00709,0.420711,0.553534,-0.128307,0.191339,-0.203346,0.48833,0.376467,0.022133,0.469547,0.238398,0.674028,0.661315,0.167434,-0.262786,-0.33304,-0.438169,0.067017,-0.244078,0.191339,-0.365575,0.293476,0.216009,-0.314747,0.357391,-0.614202,-0.172899,0.09099,0.037501,-0.196543,-0.196543,0.272238,0.623604,0.181777,-0.590537,-0.18245,0.469547,-0.203497,-0.129098,-0.620553,0.044407,0.033607,-0.475578,0.019035,0.089469,0.033607,#
9,0.182435,0.388763,0.395351,-0.164075,0.388763,-0.24969,-0.263299,-0.407589,-0.042777,1.0,-0.1665,-0.046336,0.316005,0.303716,-0.265867,0.0,-0.326685,0.289694,0.533035,-0.407589,-0.101792,0.042331,0.476891,0.160556,-0.407589,-0.097378,0.507757,-0.321713,0.232602,0.500446,0.159224,-0.407449,0.153992,0.0,0.271633,0.175139,-0.1773,-0.120839,-0.407475,-0.407489,-0.039932,0.048765,0.2398,0.332464,-0.249685,-0.946732,-0.226513,0.197332,-0.70717,-0.224767,0.226571,0.30156,0.41794,-0.068115,0.167961,-0.754892,-0.609963,0.139293,-0.610807,-0.737543,0.250976,-0.419688,-0.302663,0.139293,-0.21896,0.17162,-0.402884,0.203962,-0.248192,0.259241,-0.142641,-0.524976,-0.1665,-0.759494,0.153319,0.290661,-0.499218,-0.610881,-0.04279,-0.407627,-0.048121,-0.498345,-0.407841,0.613277,0.261462,0.052703,0.399518,-0.429328,-0.24975,0.145328,0.044118,-0.06112,-0.498345,-0.265768,-0.407841,0.145328,0.251603,-0.048121,0.338015,-0.055719,-0.428121,-0.326827,-0.407627,-0.150923,-0.24975,-0.24975,-0.150923,0.00377,-0.407627,0.642675,0.309057,0.0,-0.04279,-0.326225,0.242809,-0.406908,-0.24975,0.037863,0.399518,-0.609329,-0.326827,-0.002489,0.137407,0.130076,-0.297073,-0.06112,-0.249623,-0.40107,-0.31831,-0.06112,0.044118,-0.249623,-0.407614,-0.30185,-0.609329,-0.327,0.300499,0.044118,0.218813,0.261138,-0.24975,0.12346,-0.035558,-0.297073,-0.162591,0.218813,0.764306,-0.107979,-0.315507,0.137407,-0.265768,-0.992937,0.319721,-0.24975,-0.06112,-0.407627,-0.058286,0.475433,0.319721,-0.326225,-0.429328,0.059621,-0.407627,0.251603,-0.761746,-0.243501,-0.326827,0.411788,0.764306,0.699301,0.082736,0.295509,0.501158,0.319721,0.41663,0.169122,-0.499231,-0.146002,0.127039,-0.16206,0.223205,-0.983509,-0.394577,0.303007,0.303007,0.298632,0.013558,-0.26184,-0.0,0.480152,0.251603,0.302277,-0.47438,0.493219,0.530739,-0.249565,0.221039,-0.611401,-0.001472,-0.249565,#
10,-0.218008,-0.407531,0.28957,0.229764,0.258369,-0.166627,0.213855,-0.271998,-0.33304,-0.1665,1.0,0.322316,-0.508526,-0.508119,0.209576,0.0,0.48981,-0.658606,-0.401048,-0.271998,-0.328509,-0.271623,-0.332806,-0.21782,-0.271998,0.144408,-0.332654,-0.21469,-0.664774,-0.33294,0.286499,-0.271904,-0.217721,0.0,0.10217,0.508788,0.141141,0.122713,-0.271921,-0.271931,-0.333102,-0.079032,-0.218218,0.331276,-0.166623,0.018051,0.003451,-0.635855,0.170147,-0.16666,-0.664752,0.003299,-0.166582,-0.791555,0.067931,0.181629,-0.407049,0.091217,-0.407612,0.095994,-0.664825,-0.293582,0.068998,-0.994703,0.072119,-0.971748,0.262949,-0.915804,-0.819682,-0.0865,-0.407953,-0.065852,1.0,0.229592,-0.271774,0.130372,0.341077,-0.407661,0.341077,0.398178,-0.332873,0.348589,0.408248,0.407661,-0.218103,-0.271774,0.265029,0.172297,-0.166667,-0.272023,0.325405,-0.407871,0.348589,-0.50796,0.408248,-0.272023,-0.663802,0.332873,-0.50796,0.265029,0.15799,-0.218103,0.398178,0.271774,-0.166667,-0.166667,0.271774,-0.012578,0.398178,0.427235,-0.622622,0.0,-0.333145,-0.2177,0.160094,0.427886,-0.166667,-0.333069,-0.407433,0.284638,-0.218103,0.315584,-0.271981,0.551568,-0.462574,-0.407871,-0.166582,-0.024459,0.0,0.258841,0.325405,-0.166582,-0.272014,0.260785,-0.406625,0.509175,-0.166004,0.325405,-0.111663,0.172297,-0.166667,-0.147122,0.340115,-0.462574,0.217859,0.146021,0.508338,-0.170664,0.160094,0.388544,0.223847,0.178017,-0.508,-0.166667,0.258841,-0.272023,0.10296,0.158636,0.211667,-0.2177,0.172297,0.418171,0.398178,-0.663802,0.217859,-0.522977,-0.218103,0.25707,0.508338,-0.111111,0.429935,-0.140859,-0.332873,0.211667,-0.415705,0.110266,-0.333153,-0.134146,0.118132,0.217147,0.493517,0.021733,0.407098,0.224165,0.224165,0.1969,-0.33313,0.230372,0.259635,-0.340873,-0.663802,0.224133,-0.339182,0.35015,0.378397,-0.166543,0.172614,0.265403,0.201307,-0.166543,#
11,0.198382,-0.400845,0.377885,-0.214945,-0.008229,0.021806,-0.244136,0.051935,-0.217057,-0.046336,0.322316,1.0,-0.674799,-0.195686,-0.215242,0.0,0.215075,-0.4472,-0.789976,0.019245,-0.983941,-0.026905,0.21793,-0.269211,0.019245,0.752524,0.173753,-0.28549,-0.500539,-0.242206,-0.053727,0.426627,0.188616,-2.4e-05,0.636364,0.17039,-0.45263,-0.103773,-0.403004,0.028579,0.181995,0.22926,-0.207574,-0.037774,0.503397,-0.181781,-0.657889,-0.305511,-0.336088,0.051097,-0.468636,-0.081928,0.016276,-0.337689,0.279564,-0.259357,-0.407558,0.330579,0.027638,0.345146,-0.011759,-0.386081,-0.226781,-0.309681,0.105823,-0.24432,-0.07365,-0.444451,-0.334613,0.336603,-0.017906,-0.238654,0.322316,0.242232,-0.413415,-0.022723,-0.202783,-0.379294,0.15639,0.410679,0.182409,0.189842,-0.012838,-0.051465,-0.232853,-0.010934,-0.029013,-0.014512,-0.007861,-0.419604,-0.221278,-0.395685,0.189842,-0.224976,-0.012838,-0.419604,-0.518231,0.182409,-0.700106,0.009236,-0.008073,0.230084,0.015527,0.383252,-0.499196,-0.007861,0.383252,-0.124687,0.410679,0.36409,-0.399909,0.0,-0.241132,0.21763,-0.043363,0.01145,-0.007861,-0.191322,-0.029013,0.434421,0.230084,-0.532548,0.003665,0.614584,-0.281566,-0.395685,0.026378,-0.101276,-0.030924,-0.00259,-0.221278,0.503431,-0.407796,-0.250681,0.026852,0.204143,0.505824,-0.221278,0.257067,-0.557855,-0.007861,0.248665,0.234296,-0.281566,-0.666228,0.257067,0.162502,-0.394892,-0.482714,0.393111,0.206499,0.024724,-0.246603,-0.007861,-0.00259,-0.379624,-0.541491,-0.152072,0.177714,0.21763,-0.014512,-0.040119,0.015527,-0.518231,-0.19474,-0.26584,-0.190319,0.311083,0.162502,-0.332797,0.390108,0.385355,-0.24983,0.177714,-0.068628,-0.368816,-0.181993,-0.358497,-0.385293,0.212581,-0.221143,-0.06945,-0.007354,0.61639,0.18482,-0.334769,-0.594286,-0.258226,0.246312,-0.226102,-0.518231,-0.254828,0.15937,0.180643,0.393257,0.013138,0.454095,0.009249,0.073762,0.013138,#
12,-0.044584,0.323636,-0.546587,-0.415362,-0.106823,0.336486,0.513963,0.092107,0.647776,0.316005,-0.508526,-0.674799,1.0,0.503302,-0.00438,0.0,-0.483838,0.775489,0.774293,0.092107,0.65176,0.533078,0.193219,0.413437,0.092107,-0.395493,0.246511,0.042275,0.177735,0.217209,-0.299129,-0.330443,0.432734,-0.000104,-0.313015,-0.056758,-0.028032,-0.049559,0.095582,-0.356416,0.199537,-0.020316,0.44952,-0.038272,-0.191065,0.002334,0.26655,0.654449,-0.233176,-0.180999,0.73153,-0.253609,-0.186447,0.636922,-0.177627,0.101992,0.395172,-0.223845,-0.050722,-0.26243,0.225957,0.069127,0.138998,0.478127,0.242504,0.436577,-0.275556,0.363241,0.17065,-0.130844,0.331986,-0.120896,-0.508526,-0.377368,0.108924,0.27026,-0.22643,0.365421,-0.259247,-0.334665,0.19999,-0.641413,-0.365948,0.075854,-0.029716,0.515062,0.354818,0.195389,-0.224096,0.098575,-0.204543,0.375413,-0.641413,0.505788,-0.365948,0.098575,0.762035,0.19999,0.505788,-0.047152,-0.381626,-0.029716,0.098575,-0.106857,0.314597,-0.224096,-0.106857,-0.355693,-0.334665,-0.335876,0.685981,0.0,0.176591,-0.508116,0.213378,-0.375749,-0.224096,0.243618,0.354818,-0.484705,-0.029716,0.075374,0.122569,-0.600408,0.542796,0.375413,0.336588,0.309079,-0.200886,-0.055572,-0.204543,-0.186447,0.084087,-0.035344,-0.037851,-0.528516,-0.285874,-0.204543,-0.081289,0.195389,-0.224096,-0.154704,-0.208408,0.542796,0.05821,-0.081289,-0.056001,0.336852,0.253519,-0.304414,0.032725,-0.272091,0.515569,-0.224096,-0.055572,0.531814,0.549608,0.101099,0.050353,-0.508116,0.195389,0.050494,0.098575,0.762035,0.05821,0.55733,0.431208,-0.025672,-0.056001,0.238461,-0.365689,-0.203965,0.19999,0.050353,-0.002427,0.508015,0.22117,0.258688,0.544254,-0.352633,-0.00116,-0.205393,-0.307059,-0.391192,0.081976,0.595682,0.680918,0.004608,-0.650338,0.2512,0.762035,0.074375,-0.108617,-0.212768,0.123282,-0.183094,-0.289305,-0.082044,0.131655,-0.183094,#
13,0.433057,0.79502,-0.080007,-0.398652,-0.055596,0.323946,0.020377,0.564203,0.200962,0.303716,-0.508119,-0.195686,0.503302,1.0,0.045987,0.0,-0.00094,0.751812,0.373308,-0.340499,0.182648,0.512821,0.658145,0.39736,-0.340499,-0.05826,0.653471,0.418116,0.228651,0.197599,-0.753477,0.10093,0.416431,5.1e-05,0.05212,-0.06722,-0.508426,-0.517432,0.096364,-0.295899,-0.245373,-0.234335,0.432992,0.298238,-0.197293,-0.160024,-0.31926,0.157545,-0.235635,0.387467,0.775391,-0.264734,0.365392,0.374617,0.505896,-0.362727,-0.069283,0.536993,-0.054671,-0.194188,0.209698,0.089142,-0.368738,0.536993,0.101497,0.496965,-0.738881,0.423719,0.238988,-0.152482,-0.127095,-0.141881,-0.508119,-0.420884,-0.340219,0.78142,-0.671366,-0.093734,-0.70379,-0.344559,-0.244621,-0.671204,-0.810054,0.06106,-0.040505,0.495013,-0.099745,-0.375412,-0.229931,-0.344559,-0.639737,-0.075747,-0.671204,0.006379,-0.810054,-0.344559,0.18904,-0.244621,0.006379,-0.496906,-0.323579,-0.495913,-0.344559,-0.560361,-0.229931,-0.762178,-0.126408,-0.392782,-0.772615,0.079343,0.117809,0.0,-0.273167,-0.535861,-0.349887,-0.385128,-0.762178,-0.191995,-0.099745,-0.078952,-0.040505,-0.396335,0.107206,-0.604312,0.014632,-0.075747,-0.192727,-0.263604,-0.212719,-0.501574,-0.639737,-0.192727,-0.371636,-0.548853,-0.078952,-0.533342,0.327409,-0.639737,-0.104674,-0.375412,-0.762178,0.324498,-0.652297,0.014632,-0.43228,-0.104674,-0.066463,0.324102,-0.310225,-0.314669,-0.461024,-0.327958,0.023794,-0.229931,-0.501574,0.083496,0.283791,0.107996,-0.435856,-0.053461,-0.375412,-0.404827,0.083496,0.18904,-0.43228,0.529904,-0.040505,-0.44705,-0.066463,0.229931,0.091918,-0.395851,-0.244621,-0.435856,0.438862,-0.253039,-0.219118,0.248738,0.495845,-0.396058,-0.012608,-0.230973,-0.312457,0.060893,0.528399,-0.101065,0.235465,-0.493383,-0.081523,0.67165,0.18904,0.529904,0.325285,0.224758,0.107629,0.365181,0.221431,-0.532015,-0.435396,0.365181,#
14,0.449242,0.359872,-0.077868,0.061345,0.359872,-0.234428,0.4755,0.127854,0.185624,-0.265867,0.209576,-0.215242,-0.00438,0.045987,1.0,0.0,0.467531,0.156879,0.246593,-0.382345,0.314633,0.058251,-0.225457,0.41313,-0.382345,-0.214079,-0.240064,0.43396,0.222448,-0.247488,-0.425398,-0.349483,-0.074632,-0.000104,-0.490762,0.412787,-0.041977,0.290191,0.546283,0.141137,-0.266808,-0.271352,-0.528124,0.425857,-0.762025,0.243929,-0.282938,-0.432897,0.719248,-0.159332,0.206448,0.148916,-0.197376,-0.240365,-0.263061,0.061185,-0.084549,-0.221435,-0.085572,0.502147,-0.354788,0.52354,-0.402423,-0.221435,0.431096,-0.262066,0.06817,-0.002822,0.114847,-0.387771,-0.144057,-0.381702,0.209576,0.028094,-0.374444,0.205975,0.209252,-0.118137,0.17646,-0.378217,-0.273708,0.218339,0.073838,0.031393,-0.536876,0.031393,-0.167721,0.14055,-0.22393,-0.378217,-0.247431,-0.573341,0.218339,-0.015127,0.073838,-0.378217,-0.418948,0.156332,-0.015127,-0.569394,0.770169,-0.536876,0.0547,-0.151182,0.314363,-0.22393,-0.151182,-0.179935,-0.378217,0.048614,-0.490916,0.0,0.17646,-0.042819,-0.427316,0.076327,-0.22393,-0.682436,-0.6021,-0.104014,-0.536876,0.029183,-0.817193,-0.103498,-0.052362,-0.573341,-0.239188,0.128288,-0.395545,-0.573341,-0.247431,-0.761835,0.084025,0.458429,-0.104014,-0.058263,0.339706,-0.247431,-0.336454,0.14055,-0.22393,-0.542328,-0.650715,-0.052362,0.010706,-0.170003,-0.10342,0.081823,-0.387204,-0.817193,-0.015127,0.190629,-0.508623,-0.22393,-0.573341,0.0547,0.583193,0.508499,-0.508623,-0.042819,0.14055,0.496283,0.0547,-0.418948,0.010706,0.512276,-0.076294,-0.432201,-0.10342,-0.508149,0.515092,-0.302081,-0.273708,-0.508623,-0.045158,-0.34876,-0.247431,0.163635,0.495372,-0.468986,-0.049847,0.199063,0.535779,-0.422816,0.05,-0.192555,-0.20371,0.481916,-0.10885,0.210279,-0.418948,0.512276,-0.150108,0.197908,-0.436057,0.377935,-0.325582,-0.125994,-0.252838,0.377935,#
15,0.0,0.0,0.0,0.0,0.0,0.0,0.0,0.0,0.0,0.0,0.0,0.0,0.0,0.0,0.0,0.0,0.0,0.0,0.0,0.0,0.0,0.0,0.0,0.0,0.0,0.0,0.0,0.0,0.0,0.0,0.0,0.0,0.0,0.0,0.0,0.0,0.0,0.0,0.0,0.0,0.0,0.0,0.0,0.0,0.0,0.0,0.0,0.0,0.0,0.0,0.0,0.0,0.0,0.0,0.0,0.0,0.0,0.0,0.0,0.0,0.0,0.0,0.0,0.0,0.0,0.0,0.0,0.0,0.0,0.0,0.0,0.0,0.0,0.0,0.0,0.0,0.0,0.0,0.0,0.0,0.0,0.0,0.0,0.0,0.0,0.0,0.0,0.0,0.0,0.0,0.0,0.0,0.0,0.0,0.0,0.0,0.0,0.0,0.0,0.0,0.0,0.0,0.0,0.0,0.0,0.0,0.0,0.0,0.0,0.0,0.0,0.0,0.0,0.0,0.0,0.0,0.0,0.0,0.0,0.0,0.0,0.0,0.0,0.0,0.0,0.0,0.0,0.0,0.0,0.0,0.0,0.0,0.0,0.0,0.0,0.0,0.0,0.0,0.0,0.0,0.0,0.0,0.0,0.0,0.0,0.0,0.0,0.0,0.0,0.0,0.0,0.0,0.0,0.0,0.0,0.0,0.0,0.0,0.0,0.0,0.0,0.0,0.0,0.0,0.0,0.0,0.0,0.0,0.0,0.0,0.0,0.0,0.0,0.0,0.0,0.0,0.0,0.0,0.0,0.0,0.0,0.0,0.0,0.0,0.0,0.0,0.0,0.0,0.0,0.0,0.0,0.0,0.0,0.0,0.0,0.0,0.0,0.0,0.0,0.0,#
16,0.549095,0.134998,0.088544,-0.056596,0.5592,-0.326933,-0.020766,0.383998,-0.180638,-0.326685,0.48981,0.215075,-0.483838,-0.00094,0.467531,0.0,1.0,-0.31786,-0.367005,-0.533679,-0.146561,-0.047065,-0.205781,0.099157,-0.533679,-0.108399,-0.258435,-0.063543,-0.155292,-0.177507,-0.174997,-0.125936,0.092094,-2.6e-05,-0.228683,0.555257,0.07721,-0.45608,-0.121908,0.392811,-0.65357,-0.760408,-0.428159,0.535371,-0.326927,0.186286,-0.199008,-0.755765,0.437732,0.4905,-0.160919,-0.363409,0.188588,-0.564559,0.191706,-0.056673,-0.307663,0.264201,0.079197,0.273959,-0.201659,-0.111286,-0.073204,-0.427569,0.272537,-0.384467,0.319432,-0.32285,-0.125751,-0.65463,-0.800433,0.012865,0.48981,0.365481,-0.093286,0.299553,0.212427,-0.359906,-0.22415,-0.106786,-0.65312,0.164276,-0.10056,-0.100415,-0.427933,-0.53324,-0.37103,-0.228926,-0.327012,-0.533728,-0.234145,-0.800272,0.164276,-0.522788,-0.10056,-0.533728,-0.765138,-0.229016,-0.522788,0.064409,0.37457,-0.427933,-0.106786,-0.367035,-0.327012,-0.327012,-0.367035,-0.124034,-0.106786,0.305452,-0.686175,0.0,-0.653653,-0.002604,-0.778677,0.337368,-0.327012,-0.653506,-0.799413,0.478696,-0.427933,0.140938,-0.533645,0.063822,-0.447347,-0.800272,-0.326845,-0.28037,-0.367532,-0.375552,-0.234145,-0.326845,-0.086797,-0.006187,0.038337,0.035217,0.245341,-0.234145,-0.70061,-0.228926,-0.327012,-0.40488,-0.223518,-0.447347,-0.064548,-0.536456,0.035159,-0.204392,-0.244642,-0.112867,-0.056601,0.25226,-0.996733,-0.327012,-0.375552,-0.533728,0.250113,0.343356,-0.538279,-0.002604,-0.228926,-0.094038,-0.106786,-0.765138,-0.064548,-0.033791,-0.427933,-0.494,0.035159,-0.218008,0.347688,-0.269197,-0.65312,-0.538279,0.134289,-0.530711,-0.65367,-0.214629,0.235326,-0.126179,0.541891,0.261385,0.800963,0.44216,0.44216,-0.300886,-0.172602,-0.048623,0.698294,0.236692,-0.765138,0.442144,0.25862,0.207444,-0.091921,0.77807,0.341347,-0.371553,-0.711012,0.77807,#
17,0.224849,0.564532,-0.359919,-0.269272,0.034326,0.314964,0.22107,0.351389,0.478904,0.289694,-0.658606,-0.4472,0.775489,0.751812,0.156879,0.0,-0.31786,1.0,0.590656,-0.046584,0.444319,0.389291,0.557579,0.266141,-0.046584,-0.284969,0.562055,0.340422,0.327089,-0.033231,-0.532111,-0.075625,0.289781,5.9e-05,-0.215671,-0.289364,-0.40409,-0.260035,0.415157,-0.195653,0.06958,0.051137,0.401128,-0.009053,-0.310766,-0.065476,-0.20548,0.315221,-0.110482,0.191677,0.980748,-0.092326,0.242114,0.683874,-0.163267,-0.279635,0.117388,-0.136933,0.044325,-0.177314,0.320664,0.405838,-0.262483,0.663657,0.278607,0.625073,-0.613463,0.547819,0.374546,0.071424,0.189313,-0.10163,-0.658606,-0.386692,-0.162413,0.397686,-0.567708,0.095232,-0.474143,-0.533515,0.069869,-0.521435,-0.58992,-0.048087,-0.167227,0.494074,0.194458,-0.241711,-0.348963,-0.060339,-0.449648,0.19962,-0.521435,0.22241,-0.58992,-0.060339,0.405038,0.069869,0.199559,-0.414464,-0.30789,-0.16599,-0.039412,-0.331426,0.265408,-0.373538,-0.311389,-0.215504,-0.553279,-0.100066,0.335949,0.0,0.042806,-0.261908,-0.10687,-0.691093,-0.373538,0.081626,0.194458,-0.462864,-0.144963,-0.26744,-0.012604,-0.801016,0.194224,0.19962,0.291239,-0.116127,-0.059936,-0.311573,-0.449648,-0.305275,-0.172046,-0.424569,0.046766,-0.735759,0.23596,-0.449648,0.115759,-0.267841,-0.373538,0.028924,-0.451813,0.194224,-0.351339,0.115759,-0.177748,0.274571,-0.221322,-0.519051,-0.338693,-0.29515,0.333324,-0.348963,-0.311573,0.474455,0.532695,0.198684,-0.218471,-0.239634,-0.241711,-0.076265,-0.019648,0.405038,-0.328664,0.751571,0.380714,-0.290429,-0.177748,0.193322,-0.088751,-0.419545,0.049082,-0.218471,0.127468,-0.115341,0.075855,0.225072,0.640796,-0.264809,-0.271229,-0.201241,-0.200002,-0.372487,0.188739,0.093784,0.476522,-0.372624,-0.472732,0.44984,0.405038,0.180112,0.029751,0.028396,-0.00372,0.115331,-0.280279,-0.321596,-0.176503,0.115331,#
18,0.095824,0.600253,-0.102106,-0.067663,0.164833,-0.174156,0.258659,-0.266234,0.281509,0.533035,-0.401048,-0.789976,0.774293,0.373308,0.246593,0.0,-0.367005,0.590656,1.0,-0.28402,0.730777,0.171215,0.109216,0.461778,-0.28402,-0.508798,0.076755,0.158092,0.575238,0.503732,-0.099379,-0.52822,0.065298,0.000105,-0.340673,0.084407,0.20076,0.195326,0.194493,-0.259224,-0.08785,-0.118676,0.201667,0.300639,-0.601415,-0.311605,0.25527,0.406229,-0.056762,-0.350901,0.560639,0.23798,0.003735,0.238191,-0.159019,-0.145744,0.063464,-0.212678,-0.387135,-0.428424,0.163521,0.165534,-0.073335,0.355373,0.01099,0.29138,-0.193807,0.510487,0.192067,-0.151582,0.109517,-0.314621,-0.401048,-0.67823,0.233738,0.209419,-0.148544,0.034915,-0.082156,-0.543614,-0.095258,-0.487731,-0.270505,0.389494,0.118918,0.236874,0.149605,-0.028326,-0.16565,0.308103,-0.021075,0.159815,-0.487731,0.239371,-0.270505,0.220457,0.574731,-0.095258,0.786567,-0.268379,-0.014291,-0.414237,-0.280675,-0.342454,0.270271,-0.16565,-0.2536,-0.03553,-0.631261,-0.026647,0.509665,0.0,0.358705,-0.390679,0.127396,-0.275267,-0.16565,-0.034646,0.237547,-0.748731,-0.414237,0.222428,-0.142274,-0.369411,0.237366,0.159815,-0.178014,0.072563,-0.332667,-0.276137,0.065049,-0.601265,0.097056,0.200394,-0.387128,-0.407138,-0.099863,-0.021075,-0.108735,0.597429,-0.16565,-0.230882,-0.428446,0.237366,0.318204,-0.108735,0.20357,0.366029,0.046188,-0.487798,-0.239145,-0.527948,0.370926,-0.16565,-0.276137,0.157557,0.431469,0.472518,-0.099652,-0.390679,-0.028326,0.165016,-0.193028,0.574731,-0.224798,0.309478,-0.041248,-0.093437,0.20357,0.383611,-0.087593,-0.062631,0.489606,-0.099652,0.328057,0.365765,-0.082882,0.343106,0.419121,-0.435654,0.116173,-0.447351,-0.234251,-0.440092,0.038529,0.43135,0.334756,0.257388,-0.390363,0.512649,0.574731,0.413289,-0.332563,0.141954,-0.114806,-0.127976,-0.258026,-0.327814,-0.006678,-0.127976,#
19,-0.533679,-0.5901,-0.603846,0.024304,-0.605774,0.631843,0.099723,0.166461,0.41473,-0.407589,-0.271998,0.019245,0.092107,-0.340499,-0.382345,0.0,-0.533679,-0.046584,-0.28402,1.0,0.031323,0.199478,-0.385074,-0.082865,1.0,-0.033141,0.037876,-0.040427,-0.143526,-0.407515,0.191312,0.199033,-0.053298,4.7e-05,-0.19441,-0.533787,-0.112531,0.283893,0.15881,0.126648,0.833069,0.518909,-0.071911,-0.974638,0.631846,0.46483,0.253774,0.567149,0.043979,-0.143183,-0.11091,-0.071907,-0.407789,0.655988,-0.32739,0.466405,0.63796,-0.388113,0.687205,0.262722,-0.082156,0.171721,0.188839,0.250904,-0.244152,0.303684,0.193053,0.062099,0.310692,0.266724,0.683779,0.324477,-0.271998,0.589568,0.150332,-0.576022,0.406459,0.690698,0.406459,0.195244,0.839755,0.420445,0.566958,-0.665298,0.338828,0.207717,0.262382,0.453065,0.611995,0.138638,0.37805,0.658564,0.420445,0.575331,0.566958,0.548798,0.437263,0.432322,0.082885,0.262382,-0.136202,0.801854,0.589628,0.690698,0.59238,0.59238,0.29088,-0.098885,0.589628,-0.663721,0.29288,0.0,0.406459,0.37376,0.42274,0.191362,0.59238,0.802191,0.262382,0.315851,0.818638,0.120612,0.587151,-0.060871,0.555299,0.658564,0.612804,0.47554,0.483023,0.658564,-0.024985,0.631849,0.585039,0.152614,0.72263,0.356129,-0.406375,0.37805,0.359479,-0.11008,0.59238,0.140829,0.446272,0.555299,0.071793,0.201777,-0.533315,-0.297268,0.42274,0.182913,0.575331,0.46721,0.545061,0.611995,0.658564,0.589628,-0.141101,-0.826317,0.545061,0.391538,0.453065,0.162649,0.195244,0.437263,0.560464,0.091445,0.801854,0.413346,-0.533315,-0.271998,-0.69135,0.169095,-0.01567,0.545061,-0.633604,0.311153,0.821206,-0.283516,-0.391251,0.115655,-0.520632,0.452211,-0.264433,-0.329941,-0.777902,-0.064324,0.392647,0.094332,-0.440806,-0.807372,0.437263,-0.793333,-0.04217,-0.829345,-0.166261,-0.407694,-0.582123,0.674877,0.524001,-0.407694,#
20,-0.146561,0.376138,-0.471332,0.176119,-0.024293,0.018992,0.325263,0.048361,0.290867,-0.101792,-0.328509,-0.983941,0.65176,0.182648,0.314633,0.0,-0.146561,0.444319,0.730777,0.031323,1.0,0.082349,-0.288206,0.315511,0.031323,-0.739933,-0.233377,0.338477,0.491159,0.162991,-0.035962,-0.387125,-0.152017,2.5e-05,-0.708693,-0.152248,0.436858,0.125622,0.477058,0.056624,-0.15023,-0.261621,0.120287,0.003198,-0.492635,0.326547,0.632792,0.289224,0.455596,-0.033408,0.479101,0.01554,-0.106135,0.371525,-0.317221,0.35325,0.502528,-0.362635,0.088726,-0.179734,-0.013134,0.461274,0.224431,0.317578,-0.020898,0.25087,0.130435,0.443766,0.409485,-0.410707,0.054515,0.248596,-0.328509,-0.124386,0.363106,-0.00255,0.273072,0.471057,-0.140312,-0.401239,-0.150127,-0.129908,0.047735,-0.070498,0.142293,0.030643,-0.041032,0.099908,0.029232,0.338613,0.154524,0.348643,-0.129908,0.30373,0.047735,0.355406,0.480862,-0.150127,0.653192,-0.049953,0.117437,-0.198201,0.035363,-0.354094,0.551226,0.029232,-0.371118,0.062609,-0.384447,-0.468125,0.350518,0.0,0.265122,-0.170541,-0.042058,0.037317,0.029232,0.141391,-0.057881,-0.345383,-0.198201,0.500233,-0.074961,-0.641608,0.359846,0.348643,0.01431,0.192078,0.005749,-0.052277,0.138023,-0.492512,0.483596,0.315893,0.087619,-0.189544,-0.490804,0.154524,-0.322608,0.499541,0.029232,-0.318247,-0.293508,0.359846,0.635555,-0.322608,-0.297334,0.388651,0.463607,-0.48871,-0.136333,0.114978,0.176075,0.029232,-0.052277,0.43838,0.585313,0.111293,-0.256688,-0.170541,0.099908,0.060424,0.01857,0.480862,0.288772,0.377195,0.248435,-0.390463,-0.297334,0.172606,-0.384402,-0.409402,0.151108,-0.256688,0.018592,0.31301,0.236057,0.360525,0.394537,-0.263718,0.157378,0.214,0.088112,-0.664596,-0.224436,0.271192,0.591697,0.319537,-0.273224,0.181493,0.480862,0.2251,-0.083241,-0.269778,-0.491749,0.06878,-0.504056,0.042281,-0.103585,0.06878,#
