0,1.0,0.00727,-0.762796,-0.228807,0.813426,0.23486,0.244248,-0.35253,0.259382,0.024589,0.621686,0.429282,-0.23378,0.09121,-0.054489,-0.33294,-0.023139,-0.807995,0.203917,-0.427087,0.159148,-0.442431,0.411497,0.060074,0.218869,-0.182947,-0.252827,0.33294,0.208035,0.35855,-0.319165,-0.280708,-0.007377,-0.438259,0.317001,0.213569,0.081162,-0.003616,0.251492,0.478157,0.019208,-0.364332,-0.795138,-0.19957,0.238377,0.351395,-0.489411,-0.125437,0.089717,0.521068,0.401043,-0.67224,-0.032911,0.502414,0.337298,-0.201569,-0.180641,0.031761,-0.455803,-0.137768,-0.393236,0.038345,-0.396997,0.663655,-0.408957,0.09121,0.262389,0.099747,0.351645,-0.52209,-0.012367,-0.183973,0.0,-0.150056,-0.499155,0.233652,-0.643627,-0.250416,-0.622995,-0.428907,-0.406455,-0.718389,-0.05225,0.034008,-0.05225,-0.462337,-0.022965,0.20635,-0.194135,-0.653548,-0.025529,-0.252506,-0.242659,-0.534485,-0.022965,-0.406455,-0.814978,-0.535859,-0.398651,-0.252944,0.344279,0.034008,-0.420964,-0.643627,-0.007734,-0.428907,-0.087794,0.400625,-0.250416,0.480507,-0.194135,0.35855,-0.718389,-0.809973,-0.20527,-0.041743,-0.448788,-0.009982,-0.392903,0.154744,-0.653548,0.33294,0.216994,-0.653548,-0.232846,-0.192488,-0.463341,0.190264,0.070884,-0.434356,-0.622995,-0.814978,-0.434356,-0.446815,-0.315471,-0.007349,-0.001422,0.0,-0.280781,-0.469396,-0.260512,0.216994,-0.499409,-0.040532,-0.063382,-0.52209,-0.33294,0.126258,-0.251913,-0.415183,-0.011011,0.028649,-0.653535,-0.33294,0.12394,-0.434356,0.120328,0.029521,-0.534485,0.182284,-0.716785,-0.815104,-0.045168,-0.334354,-0.346063,-0.177539,-0.019208,-0.170848,-0.33294,-0.192555,0.095752,0.167519,0.35855,-0.251913,0.029448,-0.075056,-0.242659,0.657464,0.247968,-0.203273,-0.18805,0.011351,0.026841,0.421429,0.425471,-0.011011,-0.210534,-0.534485,0.61948,0.065894,-0.251913,0.639929,0.664627,-0.046753,-0.56464,0.432515,0.220357,-0.648474,-0.380756,-0.373476,#
1,0.00727,1.0,-0.329553,-0.347054,0.211935,0.032757,0.420786,0.353739,-0.063393,0.539703,-0.026376,-0.111046,-0.207382,0.494702,0.675199,0.249685,0.268391,0.199813,0.823247,0.213628,0.422536,-0.073459,0.170168,0.303893,-0.020446,0.095249,0.012595,-0.40738,0.402281,0.275967,-0.306878,0.413207,0.145414,-0.146001,-0.447311,-0.366901,-0.105716,-0.66244,0.077427,-0.027839,0.413951,0.129151,-0.302118,0.022246,0.561345,-0.19673,0.068587,-0.243463,0.029234,0.623987,-0.229095,-0.102344,0.394601,0.041656,0.401707,0.002089,0.342785,-0.680708,-0.29566,-0.143401,0.351638,-0.135459,-0.541743,-0.063393,0.619292,0.494702,-0.031135,-0.347899,-0.354888,-0.44908,-0.666277,0.203152,0.0,-0.025964,-0.132284,-0.098003,-0.416169,-0.385965,-0.051165,0.20749,0.121736,-0.128412,-0.164213,-0.132284,-0.164213,0.14434,0.16874,-0.534851,0.372646,-0.385965,0.134271,-0.009355,0.06052,-0.464516,0.16874,0.121736,-0.200358,0.562441,0.531563,0.112975,-0.227633,0.41374,-0.243995,-0.416169,-0.42972,0.20749,-0.58418,-0.221525,-0.385965,-0.135164,-0.051165,0.275967,-0.128412,0.187945,-0.106312,0.536973,-0.164213,0.268662,0.181495,-0.555812,-0.385965,-0.40738,-0.386051,-0.369416,-0.484768,-0.143264,0.016862,-0.854575,-0.371314,-0.200358,-0.051165,-0.200358,-0.200358,-0.700105,-0.090324,-0.135746,-0.038661,0.0,-0.01765,-0.272435,-0.342409,-0.401566,-0.61107,-0.099635,-0.592946,-0.44908,-0.40738,0.125215,-0.566951,-0.199567,0.060454,0.121736,0.06052,-0.40738,-0.364425,-0.200358,0.602454,0.108876,-0.464516,0.112975,-0.390574,0.20749,-0.607938,-0.327324,-0.067911,0.785385,0.394239,0.088154,-0.40738,-0.369416,-0.139115,0.359134,0.275967,-0.099815,0.147454,0.114962,0.043654,-0.339045,0.787024,-0.025964,0.033714,0.159902,-0.18125,0.247822,0.241242,0.060454,0.503153,-0.464516,0.124147,-0.189989,-0.116784,-0.038291,-0.090979,-0.087963,-0.430166,-0.223575,-0.00101,-0.171547,0.066942,0.20749,#
2,-0.762796,-0.329553,1.0,0.057924,-0.698317,-0.000675,0.008649,0.443186,-0.036644,0.136919,-0.374069,-0.153927,0.28961,0.045702,-0.212426,0.292318,-0.21252,0.627061,-0.494075,0.194838,-0.446043,0.699319,-0.222407,-0.228718,0.059081,0.098593,0.069271,-0.404954,0.018112,-0.404954,0.445993,-0.088582,-0.298878,0.22258,0.101833,0.040774,0.125802,0.389659,0.135186,-0.606218,-0.185045,0.614866,0.536897,-0.067378,-0.378017,-0.517785,0.662481,0.331639,-0.09429,-0.457367,-0.181746,0.363499,-0.172889,-0.391849,-0.259783,0.241773,-0.210275,0.226154,0.497804,0.225463,0.477738,-0.098993,0.610495,-0.47691,0.01793,0.045702,0.126218,0.14383,-0.375547,0.655647,0.384602,0.393179,0.0,0.355553,0.398046,0.003067,0.425591,0.134786,0.389294,0.197064,0.140154,0.373148,-0.199996,0.439402,-0.199996,0.144754,-0.296454,-0.048567,-0.059785,0.573809,0.171569,-0.018518,0.022069,0.673135,-0.280102,0.140154,0.635829,0.088525,0.098067,0.063375,-0.302107,-0.197013,0.171087,0.425591,0.158731,0.197064,-0.059905,-0.052487,0.134786,-0.60698,0.373586,-0.404954,0.373148,0.59549,0.380476,-0.297439,0.267019,-0.223205,0.402295,-0.016419,0.573809,-0.404954,-0.005215,0.489381,0.472714,0.362913,0.610209,0.243175,0.114928,0.221321,0.389294,0.619887,0.221321,0.585653,-0.048464,-0.211423,-0.123109,0.0,0.482072,0.187376,0.054559,0.073941,0.438477,-0.38159,-0.08734,0.655647,0.2655,0.118434,0.416563,0.606419,0.140781,0.140154,0.469526,0.2655,0.023915,0.221321,-0.068982,0.236873,0.673135,-0.410601,0.942629,0.601469,-0.058576,0.469126,0.514372,-0.070513,-0.185045,-0.070961,0.2655,0.489381,-0.223064,0.044935,-0.404954,-0.095738,0.233398,-0.373734,0.108119,-0.311474,-0.131709,-0.032705,0.586,0.139821,-0.218447,-0.576199,-0.130256,0.121181,-0.001318,0.673135,-0.7947,0.159688,-0.009167,-0.373692,-0.469403,0.537171,0.327675,-0.188767,0.057686,0.808618,0.102915,0.635724,#
3,-0.228807,-0.347054,0.057924,1.0,0.066677,-0.653594,-0.653349,-0.43795,-0.066122,-0.341697,-0.23569,-0.533928,0.160331,-0.9014,-0.060022,-0.218169,0.359211,0.418709,-0.165243,-0.087775,-0.196426,-0.20515,-0.377805,-0.528435,-0.222605,0.034252,-0.196033,0.490881,-0.653174,-0.218169,0.1464,-0.121727,0.083788,0.367176,0.069403,0.196005,-0.184245,-0.024645,-0.428476,0.174084,0.224987,-0.384281,0.495513,0.713736,-0.427791,0.394481,-0.274579,-0.041481,-0.086469,-0.234288,0.072249,0.3976,0.240643,0.418366,0.22652,-0.045529,-0.121007,0.078046,0.285921,0.125743,-0.469547,0.182956,0.364965,-0.066122,-0.46822,-0.9014,0.005239,0.099037,-0.105506,0.280793,0.310772,-0.410131,0.0,-0.2276,-0.327087,-0.045421,0.627843,0.062623,0.23397,-0.089988,0.100099,0.400248,0.310973,-0.327087,0.310973,0.040532,0.032279,0.376824,-0.222695,0.062623,-0.354371,0.171809,0.044266,0.283383,0.032279,0.100099,0.367153,-0.187838,-0.359041,0.498339,0.199011,0.209102,0.494727,0.627843,0.271765,-0.089988,0.349819,-0.05649,0.062623,0.222706,-0.222695,-0.218169,0.400248,-0.069361,-0.031663,-0.319417,0.793825,-0.089862,-0.263963,-0.030555,0.062623,0.490881,0.152463,0.526232,0.301327,-0.039573,-0.204117,0.460705,0.194091,0.367153,0.23397,0.367153,0.367153,0.570736,0.411744,0.298332,-0.326974,0.0,-0.20273,0.507653,0.479052,-0.282199,0.224987,0.511894,0.324742,0.280793,-0.218169,0.084733,0.388386,-0.054874,-0.195804,-0.363215,0.044266,-0.218169,0.247639,0.367153,-0.77395,-0.041259,0.283383,0.498339,0.166439,-0.089988,0.155389,0.148346,-0.128224,-0.241625,0.224987,0.227659,-0.218169,0.035351,0.300152,-0.246799,-0.218169,0.388386,-0.354659,0.294637,-0.42825,0.019869,-0.544816,0.223884,-0.44994,0.075816,0.764845,-0.11441,-0.53307,-0.195804,0.029241,0.283383,0.024892,-0.398724,-0.086998,-0.25145,-0.076447,-0.40519,0.618459,0.073916,-0.217883,-0.031713,-0.114223,-0.089988,#
4,0.813426,0.211935,-0.698317,0.066677,1.0,0.055197,0.064987,-0.244501,-0.0413,0.166907,0.382918,0.29093,-0.101843,0.035674,0.265486,-0.407495,0.260349,-0.551649,0.483465,-0.190082,0.412199,-0.53203,0.191261,-0.120546,-0.012251,-0.33765,-0.433871,0.245542,0.044013,0.271664,-0.301291,-0.151703,0.13493,-0.1515,0.154712,0.034299,0.06204,-0.185158,0.088923,0.429554,0.407495,-0.361752,-0.726564,0.013336,0.147564,0.214903,-0.544687,-0.094563,0.298565,0.643211,0.180423,-0.558655,0.388266,0.651791,0.426708,-0.204759,-0.089911,-0.265008,-0.340142,-0.039344,-0.304703,-0.100182,-0.377687,0.371036,-0.415757,0.035674,0.507646,-0.098437,-0.009115,-0.441459,-0.209379,-0.175572,0.0,0.004627,-0.610932,-0.075584,-0.467329,-0.388727,-0.441194,-0.194077,-0.276679,-0.615001,0.187283,-0.087276,0.187283,-0.315887,0.111304,0.285603,-0.019981,-0.799899,0.163857,-0.063595,0.055022,-0.485179,0.111304,-0.276679,-0.593737,-0.418453,-0.264983,0.05494,0.428598,0.407288,-0.298419,-0.467329,0.028397,-0.194077,-0.225885,0.210092,-0.388727,0.36804,-0.019981,0.271664,-0.615001,-0.565772,-0.075527,0.17763,-0.217164,0.260629,-0.218258,-0.130445,-0.799899,0.245542,0.373162,-0.37228,-0.275897,-0.112548,-0.425659,0.028178,0.033686,-0.205524,-0.441194,-0.593737,-0.205524,-0.299449,-0.152106,0.210054,-0.042339,0.0,-0.296987,-0.327167,0.037812,-0.027756,-0.611243,0.030188,-0.244344,-0.441459,-0.407495,0.159726,-0.16071,-0.165022,0.092764,0.150667,-0.364049,-0.407495,0.210781,-0.205524,0.199339,0.142271,-0.485179,0.498848,-0.569016,-0.587977,-0.16514,-0.358971,-0.283478,-0.003857,0.387904,0.079826,-0.407495,0.080493,-0.117414,0.365593,0.271664,-0.16071,-0.20921,0.04159,-0.380812,0.542954,0.387266,-0.033635,-0.358181,0.19197,0.252085,0.26705,0.275495,0.092764,0.086826,-0.485179,0.535509,-0.1549,-0.599189,0.387236,0.3588,-0.203989,-0.408406,0.193013,0.032107,-0.556758,-0.410823,-0.154223,#
5,0.23486,0.032757,-0.000675,-0.653594,0.055197,1.0,0.619291,0.4374,0.250223,-0.016651,0.187982,0.835048,-0.079412,0.699199,0.069658,-0.332868,-0.392268,-0.493201,0.227893,-0.399141,0.290319,0.164704,0.040887,0.356642,0.192915,0.211764,0.555142,-0.332868,0.232999,0.327786,-0.357875,-0.20869,-0.397846,0.023685,-0.167324,0.2236,0.067871,0.021886,0.21126,0.064378,-0.003812,0.393287,-0.423688,-0.388839,0.662281,-0.464918,0.41049,-0.120201,-0.188747,0.046019,-0.3429,-0.241267,-0.499048,-0.096959,-0.254697,0.590669,-0.187501,0.385166,-0.439428,0.479185,0.343749,-0.477164,0.017943,0.250223,0.312228,0.699199,-0.11064,0.41311,0.426758,-0.528293,0.074844,0.390677,0.0,0.5853,0.472925,0.232829,-0.576506,-0.212972,-0.588077,-0.392995,-0.390386,-0.64839,-0.379264,0.472925,-0.379264,-0.396167,0.022602,-0.173256,-0.178341,-0.212972,0.03139,-0.571956,-0.204498,-0.47914,-0.364732,-0.390386,-0.39896,0.001321,-0.001256,-0.65219,0.375443,0.01034,-0.372828,-0.576506,-0.442635,-0.392995,0.021917,0.041019,-0.212972,-0.498932,0.193749,0.327786,-0.64839,-0.043646,0.241536,0.356753,-0.812496,0.43224,0.442412,0.178643,-0.212972,-0.332868,0.244761,-0.212972,0.279875,-0.195989,-0.005434,-0.105763,-0.466871,-0.39896,-0.588077,-0.021325,-0.39896,-0.059647,-0.617946,0.041194,0.530751,0.0,-0.020239,-0.791256,-0.185898,0.244761,-0.003811,-0.540175,-0.38533,-0.528293,0.327786,0.282746,-0.613744,0.356552,0.033975,0.025315,-0.204498,0.327786,-0.083729,-0.39896,0.412175,0.166769,-0.47914,-0.65219,0.082862,-0.009827,0.041022,-0.293174,-0.107848,-0.198138,-0.499302,0.217802,0.327786,0.227465,0.100338,-0.096307,0.327786,-0.203616,0.439763,-0.441911,-0.204498,0.284227,0.25259,-0.187656,0.242771,0.034195,-0.318824,0.454864,0.835701,0.498267,-0.212401,-0.47914,-0.166179,0.439792,-0.203616,-0.177592,0.244878,0.124986,-0.64638,0.420857,0.617819,-0.226091,-0.311899,-0.009827,#
6,0.244248,0.420786,0.008649,-0.653349,0.064987,0.619291,1.0,0.413,0.667789,0.376611,0.197033,0.447939,-0.182161,0.68028,0.076365,0.307148,0.006694,-0.078597,0.237122,-0.426835,-0.107241,0.298332,0.43136,0.043071,0.202002,0.218336,0.168043,-0.332743,0.613638,0.332743,-0.389642,-0.199299,-0.422689,-0.392815,0.16951,0.232901,0.043677,-0.328888,0.636738,0.068681,0.0,0.366414,-0.417897,-0.383086,0.672144,-0.462125,0.438632,-0.14405,-0.246086,0.525961,0.042381,-0.266455,-0.49886,-0.082666,0.364872,0.543305,-0.177252,-0.01526,-0.421154,0.381589,0.3186,0.002211,-0.005164,0.263754,0.309029,0.68028,-0.106533,0.453986,0.08349,-0.556618,0.017303,0.365579,0.0,0.189203,-0.032892,0.643913,-0.61176,-0.653163,-0.622628,-0.428654,-0.422321,-0.683636,-0.812191,0.480222,-0.812191,-0.42959,-0.397512,-0.613866,-0.209894,-0.250268,0.001822,-0.607661,-0.65315,-0.515251,-0.397512,-0.422321,-0.4341,-0.031046,-0.030717,-0.216974,-0.263464,0.014253,-0.405268,-0.61176,-0.478115,-0.428654,-0.413239,0.047535,-0.653163,-0.498744,-0.209894,0.332743,-0.683636,-0.078308,0.213776,-0.085378,-0.415887,0.017231,0.21641,-0.287797,-0.250268,-0.332743,-0.161761,-0.653163,0.253864,-0.22666,-0.037221,-0.169313,-0.374454,-0.814497,-0.622628,-0.4341,-0.814497,-0.499256,-0.653302,-0.381905,0.058251,0.0,-0.042372,-0.827155,-0.650896,0.215977,-0.499115,-0.57088,-0.811548,-0.556618,-0.332743,0.670151,-0.648367,-0.089401,0.002201,-0.003579,-0.242516,-0.332743,-0.123867,-0.814497,0.38142,0.499726,-0.515251,-0.651945,-0.13218,-0.042684,-0.496557,-0.335623,-0.140946,0.175335,-0.499115,-0.144992,-0.332743,-0.209505,0.080642,0.194941,0.332743,-0.648367,0.806801,-0.478059,-0.242516,0.263269,0.658241,-0.589406,0.645332,0.017532,-0.342295,0.437861,0.822024,0.002201,-0.237854,-0.515251,-0.162372,0.072127,-0.235239,0.18594,0.230471,0.584071,-0.714,0.433327,0.604641,-0.257316,-0.346728,0.382337,#
7,-0.35253,0.353739,0.443186,-0.43795,-0.244501,0.4374,0.413,1.0,-0.069531,0.295322,-0.419937,0.387641,0.081504,0.62172,0.236674,0.093466,-0.325657,0.281536,0.308058,0.152594,0.339203,0.555814,-0.304597,0.139732,0.232404,0.239006,0.432025,-0.968644,0.265036,0.13595,-0.013684,-0.16182,-0.342026,0.382804,-0.525366,-0.19867,-0.364552,0.203962,0.239188,-0.509275,0.203925,0.89836,-0.260591,-0.344756,0.299263,-0.504739,0.82897,-0.392898,-0.103201,-0.166216,-0.274348,-0.020944,0.018198,-0.191587,-0.090922,0.270876,-0.292683,-0.184604,-0.155343,0.297751,0.972147,-0.651504,-0.122855,-0.203657,0.602286,0.62172,0.122418,-0.037565,-0.09604,-0.115141,-0.311815,0.931614,0.0,0.382932,0.172884,-0.094205,-0.20159,0.106368,0.233333,0.153453,0.322273,-0.236386,-0.429658,0.172884,-0.429658,-0.312324,-0.278244,-0.167633,0.233333,0.240115,0.366929,-0.363222,0.10328,-0.16181,-0.278244,0.322273,0.307526,0.621317,0.295112,-0.425033,-0.038182,0.203821,-0.116738,-0.20159,-0.123529,0.153453,-0.23302,0.202711,0.106368,-0.837053,0.233333,0.13595,-0.236386,0.282193,0.645063,0.356213,-0.298099,0.380538,0.420642,-0.191078,0.240115,-0.968644,-0.169358,0.266865,-0.052486,0.434071,0.566922,-0.385659,-0.117328,0.181248,0.233333,0.307526,0.181248,-0.148876,-0.163066,-0.262702,0.269781,0.0,0.525488,-0.278244,-0.382287,-0.194438,0.203925,-0.326487,-0.418129,-0.115141,0.13595,0.12813,-0.201683,0.30775,0.653538,0.322273,0.239596,0.13595,0.088246,0.181248,0.549219,-0.083252,-0.16181,-0.569428,0.436339,0.281582,-0.546392,-0.072979,0.529798,0.235609,0.012745,0.452824,0.13595,0.266865,-0.301614,0.34108,0.13595,-0.201683,0.515448,-0.077677,0.076017,-0.36051,0.486165,0.259919,0.248054,0.39062,-0.278555,-0.285519,0.379006,0.653538,0.102875,-0.16181,-0.543671,0.373732,-0.229111,-0.406644,-0.205346,0.236979,-0.282068,-0.117631,0.445501,0.405428,-0.366145,0.281582,#
8,0.259382,-0.063393,-0.036644,-0.066122,-0.0413,0.250223,0.667789,-0.069531,1.0,-0.112692,0.200983,0.140855,-0.131121,-0.058727,-0.262775,0.193633,0.090541,0.036276,-0.162873,-0.818469,-0.542047,0.167716,0.365793,-0.299434,0.220018,0.416713,0.203606,0.193633,0.2443,0.221696,-0.385556,-0.51649,-0.568041,-0.334502,0.395478,0.667789,-0.178159,-0.209617,0.417031,0.356452,-0.21468,0.025061,-0.076054,0.022245,0.456299,0.060367,0.266519,-0.277027,-0.551452,0.230011,0.385339,-0.068509,-0.761516,0.162302,0.539793,0.585411,-0.376223,0.328338,-0.301027,0.46452,-0.196617,0.313346,0.331209,0.55702,-0.067763,-0.058727,-0.391734,0.82992,0.407451,-0.46804,0.502726,-0.004716,0.0,-0.221588,-0.250633,0.99451,-0.266812,-0.510639,-0.659147,-0.820359,-0.529245,-0.495637,-0.856433,0.311939,-0.856433,-0.613519,-0.581976,-0.434357,-0.659147,-0.06891,-0.522809,-0.719572,-0.99704,-0.388852,-0.581976,-0.529245,-0.367016,-0.320691,-0.559049,-0.097512,-0.167387,-0.198944,-0.12782,-0.266812,-0.355681,-0.820359,0.070754,0.173588,-0.510639,-0.217422,-0.659147,0.221696,-0.495637,-0.434037,0.072312,-0.614403,0.056537,-0.331006,-0.250046,-0.016058,-0.06891,0.193633,-0.239329,-0.510639,0.60208,-0.41484,-0.336068,0.411534,-0.23822,-0.784079,-0.659147,-0.367016,-0.784079,-0.181444,-0.454904,-0.390333,-0.15063,0.0,-0.280929,-0.581976,-0.581888,0.174819,-0.21468,-0.183434,-0.390333,-0.46804,-0.507936,0.800548,-0.464672,-0.445771,-0.288236,-0.529245,-0.546826,-0.507936,0.014343,-0.784079,-0.410461,0.396465,-0.388852,-0.574409,-0.17198,-0.397186,-0.282108,-0.283613,-0.398453,-0.253359,-0.761905,-0.177793,-0.507936,-0.510639,0.600046,-0.272318,0.221696,-0.464672,0.808351,-0.340751,-0.546826,0.464238,0.057661,-0.627865,0.42328,-0.063997,0.177291,0.559506,0.561339,-0.288236,-0.554284,-0.388852,-0.01063,-0.041488,-0.011723,0.190309,0.520748,0.387068,-0.366734,0.815853,0.671545,-0.444443,-0.485299,0.068803,#
9,0.024589,0.539703,0.136919,-0.341697,0.166907,-0.016651,0.376611,0.295322,-0.112692,1.0,0.414954,-0.166131,-0.44811,0.447203,0.18673,0.2587,-0.158462,0.215704,0.365005,0.229841,-0.047585,0.488486,0.123667,0.321293,0.417416,0.107121,-0.346104,-0.408052,0.357332,0.28537,0.425532,0.443372,0.167147,-0.574533,0.05777,-0.422689,0.526713,-0.16984,0.542996,-0.610856,0.428055,0.349122,-0.286785,0.04049,0.061099,-0.544144,0.214055,0.303845,-0.070583,0.581479,-0.281049,-0.079935,0.408415,0.143719,0.373503,-0.296413,-0.145086,-0.241188,-0.165682,-0.380799,0.40652,-0.131006,-0.388308,-0.112692,-0.021813,0.447203,0.533677,-0.445391,-0.750183,0.108816,-0.194458,0.349555,0.0,0.414823,-0.126237,-0.073724,-0.406368,-0.381185,-0.03593,0.223608,0.143109,-0.105981,-0.153614,0.408415,-0.153614,0.165998,0.190742,-0.0485,0.394129,-0.381185,0.174799,0.006455,0.071883,0.103086,0.190742,0.143109,-0.190255,0.085032,0.558981,0.125092,-0.293883,0.427837,-0.228088,-0.406368,0.134153,0.223608,-0.992706,0.233935,-0.381185,-0.129162,0.394129,0.28537,-0.105981,0.203693,-0.063529,0.13971,-0.153614,-0.137682,0.46762,-0.601784,-0.381185,-0.408052,0.057604,-0.364392,-0.278906,0.343445,0.582887,-0.362883,0.202549,-0.190255,-0.03593,-0.190255,-0.190255,-0.301644,-0.528721,-0.124738,-0.611554,0.0,0.576043,-0.256937,-0.337023,0.04186,-0.612078,-0.5652,-0.588678,0.108816,-0.408052,0.110267,-0.076978,0.205344,0.116154,0.579429,0.071883,-0.408052,-0.298448,-0.190255,0.604248,0.25036,0.103086,0.125092,0.073102,0.223608,-0.608941,0.429886,0.489616,0.812499,0.408052,-0.312096,-0.408052,0.097889,-0.284573,0.815126,0.28537,-0.076978,0.135882,-0.374237,0.054768,-0.36919,0.787177,-0.010357,0.503726,0.148505,-0.641659,-0.192816,0.224707,0.116154,0.520342,0.103086,-0.374768,-0.207603,-0.094197,0.39143,-0.103421,0.446299,-0.419452,-0.240661,-0.017415,0.318541,0.086648,0.66647,#
10,0.621686,-0.026376,-0.374069,-0.23569,0.382918,0.187982,0.197033,-0.419937,0.200983,0.414954,1.0,0.003513,-0.525266,0.039615,-0.084887,-0.333209,-0.410527,-0.483787,0.116539,-0.418254,-0.261975,0.033545,0.371722,0.481304,0.615216,0.239253,-0.156788,0.322715,0.175186,0.348952,0.17093,0.156538,-0.010769,-0.81569,0.302824,0.166209,0.614829,-0.003334,0.238748,-0.035646,0.011807,-0.183324,-0.383671,0.215377,0.193867,0.048347,-0.248316,0.346002,-0.336448,0.465122,-0.026376,-0.341036,-0.021915,0.480804,0.312856,-0.259061,-0.200469,0.404337,-0.301999,-0.448006,-0.336361,-0.007101,-0.272607,0.615141,-0.457957,0.039615,0.262925,-0.012014,-0.046175,-0.136547,0.353464,-0.207209,0.0,0.217539,-0.021915,0.255801,-0.649682,-0.241089,-0.614634,-0.420124,-0.404012,-0.287847,-0.048653,0.504055,-0.048653,-0.054878,0.374159,0.196874,-0.191559,-0.654078,-0.387729,-0.249155,-0.233142,-0.053501,-0.025785,-0.404012,-0.815638,-0.493952,-0.002593,-0.259444,0.269965,0.026411,-0.433213,-0.649682,-0.018789,-0.420124,-0.447964,0.395803,-0.241089,0.483713,0.192644,0.348952,-0.287847,-0.472142,-0.602763,-0.053903,-0.454887,-0.379564,0.022786,0.110129,-0.654078,0.322715,0.199341,-0.654078,-0.079437,-0.196317,0.008977,0.175425,0.060887,-0.42571,-0.614634,-0.42571,-0.42571,-0.114828,-0.707765,-0.019386,-0.499386,0.0,0.124974,-0.466193,-0.266882,0.199341,-0.499814,-0.471431,-0.05985,-0.136547,-0.333209,0.09152,-0.255084,-0.072516,-0.456056,0.025222,-0.654065,-0.333209,-0.453955,-0.42571,0.100359,0.143089,-0.053501,0.186426,-0.321107,-0.420124,-0.052324,0.289197,-0.100467,0.202651,-0.007871,-0.535831,-0.333209,-0.199304,0.333958,0.164327,0.348952,0.168395,0.00052,-0.526991,-0.233142,0.204648,0.226789,-0.200736,0.211216,-0.002326,-0.410377,0.39166,0.396864,0.02335,0.210172,-0.053501,0.184281,0.052076,0.168395,0.605623,0.637752,0.078497,-0.59633,0.396484,0.192488,-0.227742,0.043462,0.015546,#
11,0.429282,-0.111046,-0.153927,-0.533928,0.29093,0.835048,0.447939,0.387641,0.140855,-0.166131,0.003513,1.0,-0.060328,0.594526,-0.166498,-0.271924,-0.238969,-0.659919,0.098402,-0.245907,0.483307,0.01373,-0.105274,0.106611,-0.003355,-0.079878,0.348397,-0.271924,0.055131,0.395059,-0.304742,-0.350639,-0.166131,0.180908,-0.044661,0.048458,-0.103452,0.176043,0.339238,0.161002,0.092351,0.22725,-0.598979,-0.590741,0.396425,-0.314188,0.200938,-0.306697,0.096425,-0.035441,-0.111046,-0.292347,-0.407678,-0.105559,-0.331522,0.371991,-0.309376,0.242025,-0.527387,0.513346,0.275339,-0.367247,-0.132839,0.140855,0.136212,0.594526,0.011499,0.285425,0.557336,-0.539046,-0.141213,0.394419,0.0,0.411764,0.10659,0.097952,-0.390423,-0.089121,-0.401464,-0.239748,-0.158726,-0.779937,-0.226355,0.10659,-0.226355,-0.560374,-0.133599,0.117254,0.012198,-0.089121,0.26686,-0.385687,-0.080568,-0.575746,-0.133599,-0.158726,-0.245796,-0.087569,-0.15067,-0.532781,0.337164,0.10659,-0.14189,-0.390423,-0.065072,-0.239748,0.178149,0.197163,-0.089121,-0.407583,0.012198,0.395059,-0.779937,-0.218998,0.536891,0.253208,-0.663737,0.593171,0.24791,0.111066,-0.089121,-0.271924,0.438626,-0.089121,0.137484,0.09564,-0.087775,0.017231,-0.098779,-0.245796,-0.401464,-0.245796,-0.245796,-0.163463,-0.331645,0.198007,0.631952,0.0,-0.05048,-0.564208,-0.062225,0.438626,0.092351,-0.177125,-0.232603,-0.539046,0.395059,0.110101,-0.327348,0.174919,0.417564,0.260957,-0.080568,0.395059,0.424605,-0.245796,0.361338,-0.067273,-0.575746,-0.532781,-0.085416,-0.239748,0.137121,-0.351066,0.005216,-0.381552,-0.407886,0.411096,0.395059,0.355534,-0.114231,0.092403,0.395059,-0.327348,0.30412,-0.064633,-0.080568,0.424377,0.145431,0.002796,-0.03858,-0.105014,-0.152497,0.237186,0.627566,0.417564,-0.498095,-0.575746,-0.041913,0.292092,-0.327348,0.028056,0.140991,0.093661,-0.420512,0.285826,0.451297,-0.343732,-0.501224,-0.239748,#
12,-0.23378,-0.207382,0.28961,0.160331,-0.101843,-0.079412,-0.182161,0.081504,-0.131121,-0.44811,-0.525266,-0.060328,1.0,-0.087027,0.379196,-0.034381,0.328609,0.137927,-0.213489,0.128299,-0.07769,-0.403798,0.324082,-0.56978,-0.42096,-0.544271,-0.182885,-0.034382,0.335929,-0.893906,-0.458783,-0.500458,-0.44811,0.538973,0.057669,0.435601,-0.362785,0.247588,-0.517677,0.356395,-0.567287,0.106455,0.177091,-0.300247,-0.263686,0.273346,-0.040975,0.172575,0.527475,-0.175626,0.426961,-0.384058,0.080999,-0.139829,-0.114487,0.202263,0.403874,-0.339455,0.788913,0.195511,0.006405,-0.036627,0.612717,-0.131121,0.017853,-0.087027,0.170617,0.242474,-0.041735,0.333652,0.149414,-0.101101,0.0,-0.319731,0.080999,-0.182901,0.217519,0.161717,0.210861,0.129307,-0.34854,0.192352,0.135275,0.080999,0.135275,0.092225,-0.464896,-0.279604,-0.42883,0.161717,0.492045,0.11136,0.159634,0.325873,-0.464896,-0.34854,0.234442,-0.123619,-0.459928,0.04949,0.075268,-0.589088,-0.351523,0.217519,-0.345585,0.129307,0.429615,-0.415029,0.161717,-0.051534,0.210861,-0.893906,0.192352,0.138135,0.029616,-0.092529,0.135275,-0.126691,-0.413016,0.525529,0.161717,-0.034382,-0.323538,0.269954,0.092728,-0.278874,-0.345563,0.178444,-0.393185,0.234442,0.210861,0.234442,0.234442,0.312784,0.513777,-0.42297,0.473288,0.0,-0.397336,0.201002,0.168136,-0.425016,0.206286,-0.039228,0.138111,0.333652,0.137524,0.079761,0.306841,0.242784,0.008868,-0.34854,0.159634,0.137524,-0.001873,0.234442,-0.084846,0.374016,0.325873,0.04949,0.320335,0.129307,0.088621,-0.492165,-0.330587,-0.530264,0.077357,-0.089692,0.137524,0.269954,-0.418846,-0.409725,-0.893906,-0.398243,-0.122687,-0.121814,0.049317,0.375734,-0.159667,-0.319731,0.045622,0.497302,0.442485,-0.294077,-0.18403,0.008868,0.044544,0.325873,0.285574,0.48161,-0.509229,-0.515992,-0.154792,0.069736,0.215537,-0.126163,-0.099047,0.300498,0.054487,0.129307,#
13,0.09121,0.494702,0.045702,-0.9014,0.035674,0.699199,0.68028,0.62172,-0.058727,0.447203,0.039615,0.594526,-0.087027,1.0,0.246406,0.19295,-0.176737,-0.268711,0.360451,0.195644,0.399824,0.221704,0.209093,0.400645,0.043286,-0.112528,0.156563,-0.624634,0.566285,0.225653,-0.182208,0.171762,-0.043409,-0.149645,-0.169955,-0.299836,0.180742,-0.128836,0.421764,-0.210885,0.068677,0.468018,-0.481168,-0.658626,0.467628,-0.638368,0.348223,0.034323,0.204458,0.324048,-0.290478,-0.298514,-0.08195,-0.389821,-0.210337,0.198633,0.130264,-0.224932,-0.291017,0.099019,0.613047,-0.309983,-0.306804,-0.161973,0.53028,1.0,0.119363,-0.132707,-0.085837,-0.31418,-0.440579,0.502816,0.0,0.449174,0.314492,-0.089752,-0.546574,-0.247455,-0.195727,0.197376,-0.056589,-0.451025,-0.258182,0.314492,-0.258182,-0.019087,0.009149,-0.384286,0.33162,-0.1445,0.508436,-0.135492,0.086168,-0.335138,0.009149,-0.056589,-0.216141,0.273704,0.455493,-0.334632,-0.154873,0.076347,-0.407861,-0.546574,-0.298811,0.197376,-0.449155,-0.096708,-0.247455,-0.462972,0.33162,0.225653,-0.451025,0.286176,0.247174,0.482707,-0.714497,0.37207,0.501838,-0.212386,-0.1445,-0.624634,0.018624,-0.35041,-0.220223,0.090896,0.244776,-0.582094,-0.278607,-0.313347,-0.195727,-0.216141,-0.313347,-0.477136,-0.401322,-0.126447,0.389018,0.0,0.188463,-0.539802,-0.296833,0.211677,-0.299235,-0.545974,-0.575696,-0.31418,0.225653,0.033328,-0.417311,0.298729,0.305248,0.478434,0.191101,0.225653,-0.136214,-0.313347,0.884347,0.181653,-0.335138,-0.445784,-0.013818,0.296006,-0.240025,-0.208794,0.177037,0.327182,-0.078488,0.006094,0.225653,0.216448,-0.447864,0.39471,0.225653,-0.417311,0.313143,-0.27694,0.296034,-0.054661,0.689014,-0.166881,0.420947,0.003162,-0.661231,0.065935,0.569881,0.305248,0.07583,-0.335138,-0.181043,0.256168,-0.206172,0.044251,-0.165432,0.38474,-0.578735,-0.178371,0.192194,0.062319,0.020608,0.296006,#
14,-0.054489,0.675199,-0.212426,-0.060022,0.265486,0.069658,0.076365,0.236674,-0.262775,0.18673,-0.084887,-0.166498,0.379196,0.246406,1.0,-0.269005,0.230185,0.13848,0.772736,0.099181,0.391811,-0.394268,0.248628,0.127819,-0.074565,-0.083542,0.014454,-0.269005,0.398492,-0.269005,-0.533151,0.095141,-0.220906,0.221553,-0.52123,0.076365,-0.194648,-0.384828,-0.528315,0.19901,0.126351,0.146448,-0.184453,0.159533,0.422799,0.074492,-0.033612,-0.022732,0.183079,0.430283,-0.161006,-0.368298,0.537153,0.284075,0.299812,0.115786,0.498094,-0.582958,0.207327,-0.082271,0.203542,-0.420758,-0.101417,0.080363,0.41396,0.246406,0.186171,-0.15717,-0.336806,-0.204444,-0.308333,0.031961,0.0,-0.003888,0.091368,-0.301665,-0.381547,-0.185878,-0.074243,0.09535,-0.244589,0.030092,0.117503,0.091368,0.117503,0.203992,0.192189,-0.425483,-0.074243,-0.528047,0.203435,-0.047971,0.27407,-0.176383,-0.222011,-0.244589,-0.238496,0.339941,0.170142,-0.046828,0.290442,0.111155,-0.557274,-0.381547,-0.684801,0.09535,-0.233769,-0.381575,-0.185878,-0.009971,0.323655,-0.269005,0.030092,0.138819,-0.323421,0.619624,-0.219069,0.199194,-0.014658,0.020984,-0.528047,-0.269005,-0.386285,-0.083227,-0.34184,-0.440498,-0.208025,-0.57545,-0.703219,0.084566,-0.074243,0.165332,0.084566,-0.17121,0.064843,-0.225325,0.188082,0.0,-0.247401,-0.222011,-0.056342,-0.80333,-0.403507,-0.232417,-0.324733,-0.204444,-0.269005,0.14116,-0.418967,0.163407,-0.170677,-0.244589,-0.074672,-0.269005,-0.554649,0.084566,0.420647,0.307146,-0.176383,0.322582,-0.091553,0.177299,-0.401439,-0.509549,-0.345063,0.346745,0.533934,0.070885,-0.269005,-0.083227,-0.171219,-0.060137,-0.269005,0.019607,-0.126589,-0.138346,-0.179294,-0.054733,0.516768,-0.082564,-0.110575,0.63783,0.184879,0.19866,0.193385,0.325818,0.738212,-0.176383,0.340157,0.257675,-0.43651,-0.49229,0.050895,-0.334825,-0.381161,-0.114665,0.032355,-0.000815,0.080281,0.177299,#
15,-0.33294,0.249685,0.292318,-0.218169,-0.407495,-0.332868,0.307148,0.093466,0.193633,0.2587,-0.333209,-0.271924,-0.034381,0.19295,-0.269005,1.0,0.414756,0.445748,-0.32828,0.401677,-0.329536,0.264299,0.253904,-0.269126,-0.33322,-0.218052,-0.324804,-0.111111,0.312025,-0.111111,0.157641,0.242466,0.2587,-0.271998,0.363104,-0.332743,0.06578,-0.266715,0.509175,-0.166334,-0.166667,-0.004986,0.296662,-0.373201,-0.217869,-0.268858,0.09589,0.118305,0.213085,0.141894,0.249685,0.259308,-0.166582,-0.651253,0.04573,-0.053,0.236536,-0.408076,0.145098,-0.051231,0.124226,0.665437,0.037361,-0.507936,0.238008,0.19295,-0.213443,-0.122807,-0.303434,0.20711,-0.268259,0.0,0.0,-0.333075,-0.166582,0.182298,0.331958,-0.218107,0.317756,0.398178,0.252468,0.217147,-0.271211,-0.166582,-0.271211,0.277916,-0.406494,-0.506188,0.317756,0.481481,0.265029,0.340115,-0.218103,0.15942,0.270996,0.252468,0.388544,0.154024,0.258841,0.537587,-0.994338,-0.166582,0.264286,0.331958,0.153386,0.398178,-0.27031,-0.269841,-0.218107,-0.166543,-0.333069,-0.111111,0.217147,0.425943,0.199751,-0.404319,0.416936,-0.271643,0.004251,-0.502401,0.481481,-0.111111,-0.331811,-0.218107,-0.038668,0.194306,0.142566,-0.214843,0.233181,-0.271981,0.317756,-0.271981,-0.271981,-0.403505,0.223104,-0.270996,-0.166524,0.0,0.052058,0.270996,-0.21735,0.324095,-0.166667,0.098147,-0.270996,0.20711,-0.111111,0.027618,0.210987,-0.269977,0.148088,0.252468,0.494925,-0.111111,0.145,-0.271981,0.094916,0.168102,0.15942,-0.2177,-0.028088,0.398178,-0.165812,0.095433,0.178848,0.314479,-0.166667,-0.331269,-0.111111,-0.218107,-0.326732,0.268806,-0.111111,-0.50637,0.2423,0.165243,0.494925,-0.238095,0.189847,-0.333075,0.491473,-0.429772,-0.293455,-0.294166,-0.286355,-0.664008,-0.253168,0.15942,-0.218049,-0.417475,0.210987,0.306015,-0.523836,0.61978,0.299196,-0.407722,-0.341432,0.200063,0.322832,0.398178,#
16,-0.023139,0.268391,-0.21252,0.359211,0.260349,-0.392268,0.006694,-0.325657,0.090541,-0.158462,-0.410527,-0.238969,0.328609,-0.176737,0.230185,0.414756,1.0,0.224129,0.073156,0.166667,0.048627,-0.558484,0.260211,-0.659066,-0.816027,-0.53399,-0.495379,0.414756,0.013059,-0.272101,-0.430418,0.049394,0.253705,0.142895,0.307048,0.006694,-0.109387,-0.653161,-0.084743,0.6,0.106991,-0.567035,0.224023,0.008873,-0.074553,0.096025,-0.495819,0.053443,0.503587,0.424927,0.252144,0.076685,0.121648,-0.112023,0.263217,0.185237,0.508112,-0.589828,0.207483,0.284623,-0.436145,0.620227,0.230069,-0.34315,-0.023321,-0.176737,-0.12687,0.084397,-0.187975,-0.122793,-0.25895,-0.549332,0.0,-0.417915,-0.407944,0.036645,0.370023,-0.534125,-0.011014,0.162439,-0.182388,0.048895,0.136568,-0.407944,0.136568,0.2238,-0.207129,-0.412076,-0.011014,-0.101659,0.209824,0.384392,-0.09334,-0.157472,0.211677,-0.182388,0.150579,-0.15724,-0.174555,0.812634,-0.379376,0.092226,0.199857,0.370023,-0.167985,0.162439,0.082965,-0.660818,-0.534125,0.124662,-0.413336,-0.272101,0.048895,0.198843,0.02711,-0.172033,0.561961,0.122899,-0.24327,-0.395242,-0.101659,0.414757,-0.049353,-0.101659,0.084581,-0.376366,-0.630473,-0.106732,-0.201917,-0.257739,-0.011014,-0.257739,-0.257739,-0.165268,0.467815,0.124694,0.105433,0.0,-0.714165,0.211677,0.327631,-0.049353,-0.408152,0.392031,-0.294111,-0.122793,-0.272101,0.259158,0.038125,-0.217843,-0.167755,-0.182388,0.347434,-0.272101,0.244485,-0.257739,-0.192572,0.435458,-0.157472,0.345736,-0.308245,0.162439,0.059852,-0.487835,-0.532204,-0.03175,0.106991,-0.006892,-0.272101,-0.101659,-0.200867,-0.066041,-0.272101,-0.405326,-0.197442,0.315691,-0.09334,0.31135,0.042476,-0.417915,-0.116852,-0.211602,0.530596,0.129659,-0.282284,-0.66977,-0.130182,-0.157472,0.356994,-0.590803,-0.405326,-0.030896,-0.396417,0.004019,0.343678,-0.184405,-0.430245,-0.369235,0.107758,0.162439,#
17,-0.807995,0.199813,0.627061,0.418709,-0.551649,-0.493201,-0.078597,0.281536,0.036276,0.215704,-0.483787,-0.659919,0.137927,-0.268711,0.13848,0.445748,0.224129,1.0,-0.055391,0.207284,-0.361915,0.449972,-0.235262,-0.302362,-0.054226,0.280069,0.000264,-0.26965,-0.072927,-0.26965,0.255962,0.127183,-0.114522,0.215543,-0.150076,-0.062117,-0.173821,-0.162402,-0.061244,-0.403668,0.132074,0.328699,0.635437,0.410339,-0.187264,-0.195934,0.456604,-0.004185,-0.237104,-0.15397,-0.125615,0.54272,0.147328,-0.1175,0.259227,0.146997,-0.008892,-0.218647,0.378825,0.095575,0.301478,0.095387,0.346028,-0.415436,0.218613,-0.268711,-0.105713,-0.011296,-0.531836,0.404934,0.082375,0.180317,0.0,-0.075359,-0.003536,0.060739,0.501936,-0.052381,0.473458,0.202871,0.310679,0.554398,-0.215119,-0.003536,-0.215119,0.233598,-0.214749,-0.285718,0.029769,0.398055,-0.122838,0.059545,-0.070214,0.417994,-0.114085,0.310679,0.640813,0.404785,0.198901,0.44427,-0.455906,0.116684,0.33466,0.501936,-0.000475,0.202871,-0.181344,-0.194966,-0.052381,-0.404175,-0.066933,-0.26965,0.554398,0.524559,0.161176,-0.228201,0.697082,-0.228325,0.151375,-0.395701,0.398055,-0.26965,-0.382946,0.398055,0.236517,0.150086,0.376585,-0.084566,0.000167,0.215529,0.473458,0.542671,0.215529,0.246615,0.207821,-0.221459,-0.404129,0.0,0.260409,0.347782,-0.051671,-0.382946,0.132074,0.031596,-0.1958,0.404934,-0.26965,0.233451,0.183915,0.099031,-0.012066,-0.139469,0.388876,-0.26965,-0.117896,0.215529,-0.244972,0.166118,0.417994,-0.042029,0.530021,0.534805,-0.402402,0.272566,0.277858,0.352365,0.132074,0.049221,-0.26965,-0.078877,0.034676,0.035996,-0.26965,0.077328,0.190918,0.023108,-0.070214,-0.547162,0.02194,0.044615,0.275059,0.183145,0.157568,-0.348543,-0.339288,-0.13273,0.265774,0.417994,-0.529174,-0.266997,0.077328,-0.414928,-0.434509,0.173015,0.408897,-0.220752,-0.071869,0.512358,0.108601,0.534805,#
18,0.203917,0.823247,-0.494075,-0.165243,0.483465,0.227893,0.237122,0.308058,-0.162873,0.365005,0.116539,0.098402,-0.213489,0.360451,0.772736,-0.32828,0.073156,-0.055391,1.0,-0.027901,0.650389,-0.215072,-0.05907,0.393668,0.120821,0.211834,0.19758,-0.32828,0.132878,0.395048,-0.383398,0.250012,0.031118,0.064698,-0.636083,-0.196106,-0.162184,-0.52089,-0.171199,0.080623,0.592573,0.110115,-0.473676,0.245942,0.671042,-0.078266,0.013491,-0.357997,-0.086076,0.524197,-0.395501,-0.193903,0.470718,0.425294,0.366191,0.069005,0.142282,-0.425421,-0.434924,-0.023089,0.271642,-0.507532,-0.551923,0.188449,0.448574,0.360451,0.089071,-0.251554,-0.153638,-0.599729,-0.523906,0.212701,0.0,0.20053,-0.086993,-0.193089,-0.548569,-0.294071,-0.234464,-0.031785,0.010698,-0.300847,-0.008716,-0.086993,-0.008716,-0.070392,0.385563,-0.186236,0.214143,-0.644401,-0.017234,-0.207154,0.17685,-0.598258,0.046299,0.010698,-0.373573,0.455067,0.356256,-0.151511,0.353253,0.592271,-0.301629,-0.548569,-0.454142,-0.031785,-0.398703,-0.054051,-0.294071,-0.089438,0.091447,0.395048,-0.300847,-0.058247,-0.118367,0.74787,-0.353316,0.504492,0.212655,-0.331068,-0.644401,-0.32828,-0.101242,-0.188972,-0.404696,-0.208475,-0.073772,-0.691383,-0.455062,-0.042805,-0.234464,-0.042805,-0.042805,-0.440161,-0.208836,0.107367,0.070109,0.0,-0.05822,-0.420687,-0.161085,-0.528234,-0.49242,-0.099116,-0.461399,-0.599729,-0.32828,0.136921,-0.669854,-0.035066,0.030859,0.010698,-0.18021,-0.32828,-0.32796,-0.042805,0.507521,-0.002405,-0.598258,0.226711,-0.364297,-0.031785,-0.489896,-0.380724,-0.150368,0.566244,0.467381,0.369101,-0.32828,-0.188972,0.053759,0.235815,0.395048,0.18384,0.012133,0.074473,-0.287328,-0.17646,0.648662,0.20053,-0.292874,0.357795,0.042686,0.413596,0.402613,0.437529,0.571992,-0.598258,0.206448,-0.026814,-0.283156,-0.215205,0.168026,-0.451439,-0.553424,0.025058,0.200898,-0.331443,-0.192526,-0.031785,#
19,-0.427087,0.213628,0.194838,-0.087775,-0.190082,-0.399141,-0.426835,0.152594,-0.818469,0.229841,-0.418254,-0.245907,0.128299,0.195644,0.099181,0.401677,0.166667,0.207284,-0.027901,1.0,0.350742,-0.019263,-0.195545,0.10935,-0.421019,-0.533995,-0.360145,-0.272104,-0.032778,-0.272104,0.412883,0.59314,0.666507,0.190926,-0.176494,-0.814866,0.161994,0.04574,-0.093308,-0.407341,0.09718,-0.011048,0.216451,-0.280276,-0.533547,-0.210514,-0.18158,0.290509,0.661647,-0.140651,-0.200755,0.194008,0.602208,-0.547124,-0.492074,-0.556257,0.49219,-0.565496,0.354369,-0.432147,0.280077,0.077601,-0.292785,-0.818469,0.232979,0.195644,0.232315,-0.834043,-0.52488,0.527901,-0.654446,0.029393,0.0,0.003531,0.131542,-0.825875,0.434936,0.356566,0.802272,0.999938,0.642736,0.558591,0.629245,-0.407948,0.629245,0.705963,0.277916,0.097082,0.802272,0.356566,0.673949,0.857824,0.80607,0.420831,0.688747,0.642736,0.575442,0.407506,0.658583,0.382882,-0.416544,0.0827,0.265419,0.434936,0.405817,0.999938,-0.197732,-0.323933,0.356566,0.079695,0.407609,-0.272104,0.558591,0.646689,0.086382,0.35559,0.170411,0.186854,0.225552,-0.268053,0.356566,-0.272104,0.022497,0.356566,-0.59184,0.501877,0.379062,-0.523501,0.341682,0.575442,0.802272,0.174898,0.575442,-0.087804,0.573385,0.198909,0.097097,0.0,0.275613,0.688747,0.408586,0.022497,0.116616,0.241308,0.198909,0.527901,0.427592,-0.728962,0.543267,0.251869,0.392741,0.642736,0.80607,0.427592,0.100047,0.575442,0.457506,-0.280982,0.420831,0.382882,0.134296,0.593527,0.16348,0.273774,0.467625,0.395965,0.602516,0.00676,0.427592,0.356566,-0.770752,0.40519,-0.272104,0.10826,-0.59646,0.435275,0.80607,-0.553093,0.065282,0.393715,-0.123797,-0.182723,-0.322117,-0.691894,-0.673522,-0.099717,0.34444,0.420831,-0.103486,-0.182037,0.10826,-0.018102,-0.795239,-0.003942,0.508101,-0.998485,-0.809268,0.516187,0.613603,0.146658,#
20,0.159148,0.422536,-0.446043,-0.196426,0.412199,0.290319,-0.107241,0.339203,-0.542047,-0.047585,-0.261975,0.483307,-0.07769,0.399824,0.391811,-0.329536,0.048627,-0.361915,0.650389,0.350742,1.0,-0.332831,-0.408641,0.315405,-0.26762,-0.184088,0.231114,-0.329536,-0.207225,0.350459,-0.236476,0.228808,0.376786,0.472544,-0.638517,-0.514516,-0.258484,-0.175046,-0.202035,0.085839,0.525688,-0.007747,-0.438872,-0.176393,0.301594,-0.099169,-0.132631,-0.417703,0.347083,0.030667,-0.413875,-0.068992,0.41115,-0.002816,-0.316462,-0.07402,0.175616,-0.367002,-0.418626,0.097276,0.300204,-0.491886,-0.594489,-0.211772,0.441054,0.399824,0.043542,-0.435803,0.155543,-0.452062,-0.780455,0.230721,0.0,0.239833,0.030248,-0.595797,-0.148001,0.135805,0.138595,0.353183,0.36113,-0.249951,0.386651,-0.494052,0.386651,-0.021426,0.405991,0.19044,0.560326,-0.193537,0.372624,0.17836,0.587223,-0.541494,0.405991,0.36113,0.025608,0.484,0.376269,-0.183429,0.377896,0.52542,0.074464,-0.148001,-0.023468,0.353183,0.054372,-0.101626,0.135805,-0.115441,0.138595,0.350459,-0.249951,0.07558,0.282891,0.843045,-0.38322,0.886451,0.256748,-0.175606,-0.193537,-0.329536,0.267366,0.234608,-0.494677,0.163678,-0.051455,-0.621219,-0.115024,0.33656,0.138595,0.025608,0.33656,-0.305693,0.213291,0.488915,0.565887,0.0,-0.056366,-0.03302,0.286499,-0.134046,0.015692,0.296861,-0.045777,-0.452062,0.350459,-0.375318,-0.260233,0.102868,0.46619,0.36113,0.251554,0.350459,0.236638,0.33656,0.529743,-0.424701,-0.541494,0.172134,-0.29487,0.037675,0.061737,-0.351925,0.060709,0.171004,0.407997,0.693978,0.350459,0.234608,-0.298839,0.220751,0.350459,0.204611,-0.31835,0.517538,0.150854,-0.145713,0.230767,0.542743,-0.636264,0.000421,0.048462,0.075633,0.073625,0.46619,0.172231,-0.541494,0.188829,-0.001282,-0.234409,-0.240728,-0.209502,-0.562322,-0.107399,-0.325865,-0.118542,-0.281763,-0.128096,-0.396612,#
