0,1.0,0.24063,-0.010934,-0.42059,0.242091,0.221381,0.516244,0.319005,0.230874,0.237681,-0.188852,-0.574377,0.364735,-0.048979,-0.205209,0.068302,0.01338,-0.177669,0.656115,0.02568,-0.033062,0.409497,0.672907,-0.001692,0.007283,-0.400414,-0.519645,-0.194851,-0.256692,0.222435,-0.785627,-0.296841,0.647486,9.1e-05,0.654792,0.263623,0.336782,-0.412482,-0.163115,0.367674,-0.011255,0.035468,0.085377,-0.111656,0.384055,-0.058839,0.480627,0.167226,-0.103035,-0.294518,-0.199699,-0.113752,0.0,-0.135757,-0.165077,0.392815,0.325358,-0.294518,-0.182997,0.364735,0.19511,-0.031455,0.012572,0.516876,-0.438973,-0.337123,-0.498856,-0.120593,-0.518005,0.15109,0.030014,0.432972,0.026262,-0.498985,-0.372963,-0.045545,0.026262,-0.164183,0.041248,0.513993,0.656884,0.230874,-0.392056,-0.836936,0.026262,-0.018367,-0.21078,-0.218411,-0.332657,-0.176844,-0.498985,-0.178393,0.189997,-0.620324,0.446801,-0.332657,-0.359714,-0.355465,-0.432482,-0.496428,0.032159,0.367674,0.264324,0.207598,0.003638,-0.332657,-0.167782,0.035812,0.31765,-0.57618,0.209711,0.292638,0.027154,0.0,-0.018367,0.235492,0.496805,-0.168822,-0.012236,0.206006,0.0,-0.332657,-0.241053,0.222248,-0.232354,0.170914,0.655624,0.336782,0.056893,0.25742,0.230874,-0.259289,-0.362019,0.866149,0.01528,0.223346,0.026262,0.31765,0.381034,0.405105,0.292638,0.392775,-0.278817,-0.389506,-0.359714,0.477803,0.0,-0.055746,0.010014,0.0,-0.359714,-0.023953,-0.332657,-0.21078,0.620971,-0.332657,0.395909,0.250011,-0.432482,0.017397,0.027154,0.513993,0.0,0.27475,0.344071,-0.024433,0.31765,0.537562,-0.332657,0.001466,-0.305033,-0.246626,-0.021377,0.221103,0.22613,-0.181685,0.0,-0.7943,0.207302,-0.556426,-0.024433,0.507033,0.026335,0.437419,-0.206356,-0.19664,0.602053,0.242273,-0.395167,0.236468,-0.362019,0.012552,0.145067,-0.143423,0.102989,0.839346,0.204103,0.364385,-0.206055,0.395167,#
1,0.24063,1.0,-0.33243,0.347204,-0.185659,0.550103,0.756454,-0.01799,-0.515132,-0.2889,-0.019051,-0.185659,-0.234814,-0.158478,-0.24158,0.082668,0.5633,-0.301889,0.180018,-0.39323,0.51179,0.038518,0.018084,-0.762548,0.06452,-0.34073,-0.337528,-0.031615,-0.197337,-0.04308,-0.120737,-0.397522,0.208057,5.1e-05,0.069499,0.451903,-0.21947,-0.788476,0.172416,0.230098,-0.251403,0.315316,-0.300974,0.57839,0.047563,0.30818,0.15165,-0.504054,0.364633,0.513933,0.041894,0.607107,0.0,0.469075,-0.187487,0.031141,0.505925,0.513933,-0.42895,-0.234814,0.043359,0.27011,0.779137,0.252837,-0.156979,-0.059046,-0.762533,-0.113705,-0.222794,-0.355954,0.230062,-0.251946,-0.208792,-0.762732,-0.366055,0.048334,-0.208792,0.220465,0.303599,-0.208792,-0.013362,-0.031615,0.084484,-0.164071,-0.208792,-0.374499,-0.050106,0.17566,-0.508488,-0.050106,-0.762732,-0.238404,-0.505752,0.002161,-0.067687,-0.508488,0.084484,-0.127764,-0.147368,-0.257822,0.775029,0.230098,0.450951,-0.058603,-0.544429,-0.508488,0.637289,0.09821,-0.508488,-0.247461,0.185251,0.201691,-0.101731,0.0,-0.374499,-0.059762,0.324335,-0.215707,-0.13774,-0.010476,0.0,-0.508488,-0.690771,0.203979,0.040085,-0.660148,-0.022304,-0.21947,-0.549129,-0.031563,-0.031615,-0.550993,-0.093591,0.380908,-0.523113,-0.505752,0.345147,0.230098,0.573248,-0.328054,0.201691,-0.093749,0.433754,-0.04699,0.084484,-0.157824,0.0,0.311392,0.074381,0.0,0.084484,-0.567048,0.230098,-0.050106,-0.155043,0.230098,-0.129352,-0.320528,-0.147368,0.344403,-0.101731,-0.208792,0.0,-0.407712,-0.269087,0.318728,0.230098,0.155627,-0.508488,-0.786486,0.481997,0.293821,-0.257822,-0.200679,0.397104,-0.658145,0.0,-0.116984,-0.265065,-0.236467,-0.156338,-0.222492,0.536764,0.332592,0.489512,-0.673957,-0.215671,-0.211069,-0.059146,0.64029,-0.093591,0.536215,-0.2695,-0.465089,-0.259695,0.111333,0.64029,-0.22774,-0.692292,0.059146,#
2,-0.010934,-0.33243,1.0,-0.16883,-0.016733,-0.342875,-0.065007,0.193224,-0.084906,-0.37752,0.342459,-0.016733,0.292507,-0.112644,0.020483,-0.265396,0.158753,-0.322157,0.381235,-0.181589,0.191108,0.138183,-0.33243,0.602931,-0.265101,0.579549,0.442991,-0.084906,0.280738,-0.533552,-0.16806,0.61126,0.020483,-2.3e-05,-0.347682,-0.084906,0.269446,0.575391,-0.051246,-0.272106,0.106808,-0.022849,-0.086806,-0.214671,0.199216,-0.145822,-0.15307,-0.329553,-0.478251,-0.403561,0.116393,-0.408265,0.0,-0.500602,0.198359,-0.316586,0.303732,-0.403561,0.082797,-0.403561,-0.357051,-0.36779,-0.111346,0.401873,0.477618,0.261026,0.077595,-0.181026,0.504044,0.044304,-0.087714,0.195221,-0.408159,0.087735,-0.249548,0.031125,0.087735,0.426502,-0.407951,0.106808,0.355932,0.347946,0.601398,-0.174829,0.087735,0.174298,0.381079,0.412436,0.389086,0.329322,0.087735,0.001457,0.796727,0.098669,0.656321,-0.272106,0.157474,-0.577978,0.256927,0.132136,-0.096152,-0.272106,-0.067475,-0.093339,0.24554,0.389086,-0.423124,0.182055,0.414517,-0.008503,-0.811983,-0.272106,0.26909,0.0,0.59048,-0.075718,-0.407856,0.384478,-0.578479,0.133384,0.0,0.389086,0.006021,-0.325426,-0.371701,-0.012648,0.373042,-0.422361,0.387711,-0.084766,-0.084906,-0.093339,0.24455,-0.155148,0.640526,0.338979,0.106808,0.414517,-0.32889,0.572887,-0.272106,0.672584,-0.065186,0.238042,0.157474,0.360737,0.0,-0.268859,-0.243552,0.0,0.157474,0.232584,-0.272106,0.381079,0.48871,-0.272106,-0.139552,-0.522875,0.256927,0.136805,0.26909,0.106808,0.0,0.046897,0.256037,-0.553791,0.414517,0.048275,0.389086,0.146708,-0.393898,-0.044389,0.132136,0.421869,-0.533993,0.374615,0.0,-0.169172,0.049525,-0.017862,-0.553791,0.130052,0.178153,-0.118624,-0.797675,0.388529,0.037712,-0.025855,0.246052,-0.397762,0.24455,0.191422,0.213915,0.55291,-0.28692,0.174417,0.046481,0.272566,-0.003417,-0.246052,#
3,-0.42059,0.347204,-0.16883,1.0,-0.427683,-0.084853,0.086774,-0.476594,-0.801463,-0.482886,0.534399,0.009488,-0.334343,-0.23085,-0.421153,0.22167,0.280787,0.309693,-0.484577,-0.19269,0.233295,-0.141651,-0.579905,-0.118325,0.206372,0.249101,-0.250604,-0.344933,-0.296662,-0.383487,0.618492,-0.380537,-0.436876,9.3e-05,-0.551473,0.094688,-0.312694,-0.169432,0.37874,0.263447,-0.108478,-0.323315,-0.450691,-0.141768,-0.201393,0.363068,-0.388198,-0.052464,0.624509,0.372611,-0.091944,0.262693,0.0,0.280377,-0.201456,-0.580421,0.39155,0.372611,-0.091989,-0.334343,-0.547162,0.394791,0.601884,-0.009382,0.325459,0.042063,-0.118726,0.324836,-0.26147,0.038503,-0.395088,-0.21803,-0.108478,-0.108478,0.236313,0.165001,0.395171,-0.01,0.394969,-0.612127,-0.353367,0.077779,0.238978,0.560707,0.395171,-0.599713,0.076317,0.382375,0.263447,0.531885,-0.108478,-0.024539,-0.353367,-0.119861,-0.250538,-0.408085,0.673145,0.151852,0.581524,0.410665,0.591999,0.263447,0.076317,0.517137,-0.26548,0.263447,0.818238,0.236313,-0.408085,-0.01,-0.055079,0.263447,0.151852,0.0,-0.177024,0.128864,-0.125752,-0.019683,-0.274624,0.378892,0.0,0.263447,-0.015108,-0.477591,0.334778,-0.01091,-0.80104,-0.312694,-0.306725,0.093539,-0.361842,0.069449,0.142552,-0.344734,-0.262381,0.094321,0.414542,-0.408085,-0.386229,-0.165478,0.263447,-0.262427,0.551201,0.171788,0.673145,-0.376863,0.0,0.689293,0.658714,0.0,0.673145,-0.262427,0.289275,0.076317,-0.290892,0.289275,-0.713408,-0.057347,0.581524,-0.119615,0.151852,-0.612127,0.0,-0.347917,-0.314771,-0.288442,-0.408085,0.005392,0.263447,-0.165478,0.345634,0.428778,-0.062371,-0.005866,0.057287,-0.005866,0.0,0.14625,-0.854294,0.39623,-0.288442,-0.130895,0.232874,-0.267775,0.340191,-0.41259,-0.814355,-0.41259,0.177144,0.396671,0.142552,-0.162511,-0.460307,-0.58479,0.261135,-0.588372,-0.037808,-0.307257,-0.413457,-0.177144,#
4,0.242091,-0.185659,-0.016733,-0.427683,1.0,0.241339,-0.465281,0.310789,0.22493,-0.14657,0.202698,0.187939,0.364631,-0.437841,-0.180981,0.421962,0.006324,-0.352802,0.192091,-0.080371,-0.388275,-0.027709,0.260821,-0.024992,0.014142,-0.436335,-0.295783,0.22493,0.350191,0.246799,-0.408398,-0.075197,0.22792,4.7e-05,0.249094,0.22493,0.336603,-0.017317,-0.169966,0.33842,-0.49988,-0.559605,0.499315,-0.097786,-0.392417,0.223964,-0.004782,0.15897,0.07326,0.364631,-0.193123,0.314392,0.0,0.434479,0.798258,0.266649,-0.357111,0.364631,0.200764,0.364631,-0.188548,-0.509648,-0.003285,0.045842,-0.720456,0.427915,0.488523,0.296116,-0.117351,0.055214,0.0155,0.272493,0.50763,0.488255,0.435737,0.491246,0.488255,0.23959,0.018259,0.003875,0.2414,0.647732,0.037858,-0.36912,0.488255,0.029811,0.240684,-0.172159,0.312586,0.240684,0.488255,0.614384,0.224178,0.27515,0.442905,0.33842,0.037858,0.442905,-0.799881,0.028388,0.016229,0.33842,0.258209,0.224178,0.435343,0.312586,-0.566846,0.435737,-0.333253,0.23959,0.227695,-0.333253,0.04043,0.0,0.013551,0.643563,0.02123,0.631736,-0.377084,-0.117502,0.0,0.312586,-0.172159,0.270368,0.217692,0.220706,0.233263,0.336603,0.390857,-0.188607,0.664644,0.224178,0.465937,0.167534,0.45047,0.224178,0.003875,0.33842,-0.160728,0.418771,-0.333253,0.028787,-0.652736,0.399884,0.037858,0.03326,0.0,-0.641492,0.025538,0.0,0.037858,0.028787,-0.333253,0.240684,0.445837,-0.333253,0.037488,-0.084653,-0.799881,0.033435,0.04043,0.003875,0.0,0.799547,0.419585,0.049953,0.33842,0.625938,0.312586,0.418771,0.411532,-0.255689,0.484,0.234412,-0.194181,0.234412,0.0,0.020459,0.239268,0.248459,-0.382074,0.034516,0.044287,0.03523,-0.161575,0.225407,0.615911,0.241598,0.404986,-0.155233,0.465937,0.031911,0.389957,0.196759,0.393384,0.417642,-0.155233,0.440197,0.211579,-0.404986,#
5,0.221381,0.550103,-0.342875,-0.084853,0.241339,1.0,0.241958,0.602882,-0.042344,-0.169483,-0.029904,0.241339,-0.17325,-0.108062,-0.190169,-0.324428,0.543889,-0.407381,0.161644,-0.442107,0.079855,-0.385302,0.064062,-0.763346,-0.358677,-0.351085,-0.283664,0.436331,-0.136611,0.418183,-0.179292,0.066951,-0.190169,-5.1e-05,0.521359,0.436331,-0.211152,-0.342186,-0.251841,0.222169,-0.76353,0.165705,-0.291103,0.245142,-0.359181,0.288554,0.200846,-0.486175,-0.063801,0.567997,0.08724,0.491333,0.0,0.363332,0.236228,0.056163,-0.212105,0.567997,-0.414611,-0.17325,0.053551,-0.257488,0.226682,0.315532,-0.472636,0.3899,-0.203893,-0.040933,-0.192406,-0.329492,0.23618,-0.357312,0.333253,-0.215138,0.083477,0.036099,-0.215138,0.20143,-0.199368,-0.215138,-0.024269,-0.042344,0.0699,-0.122427,-0.215138,-0.325512,-0.060627,-0.242443,-0.50902,-0.060627,-0.215138,-0.196033,-0.511728,0.04065,-0.087627,0.222169,0.0699,-0.087627,-0.583057,-0.263634,0.258067,0.222169,0.435412,-0.069057,-0.501188,-0.50902,0.20509,0.083477,-0.50902,0.20143,0.645568,0.194046,-0.525765,0.0,-0.785751,-0.070156,0.312656,0.217374,-0.096302,-0.422923,0.0,-0.50902,-0.242443,0.244611,0.051149,-0.222061,-0.033122,-0.211152,-0.176287,-0.042275,0.436331,-0.069057,0.350027,0.014374,-0.079031,-0.511728,0.333253,0.222169,0.456194,-0.338538,0.194046,-0.113435,0.418393,0.383458,0.0699,-0.489606,0.0,-0.22672,0.059886,0.0,0.0699,-0.113435,0.222169,-0.060627,0.131546,0.222169,-0.085371,-0.286213,-0.583057,0.332535,-0.525765,-0.215138,0.0,-0.115004,-0.220007,0.385403,0.222169,0.137324,-0.50902,-0.338538,0.573078,0.210456,-0.263634,-0.215507,-0.049157,-0.215507,0.0,-0.04677,-0.192549,0.206718,-0.084904,-0.196942,0.544002,-0.056875,0.55574,-0.225797,0.228071,0.232455,0.368541,0.234946,0.350027,0.543872,0.266804,-0.385444,0.147639,0.096441,0.234946,0.480818,-0.64408,-0.368541,#
6,0.516244,0.756454,-0.065007,0.086774,-0.465281,0.241958,1.0,0.132131,-0.201879,-0.050613,-0.187483,-0.465281,-0.169598,0.052038,-0.015201,-0.112082,0.437065,-0.156567,0.526015,-0.066153,0.378224,0.394152,0.195441,-0.352685,-0.132708,-0.058799,-0.1432,-0.201879,-0.130456,-0.214716,-0.444179,-0.192171,0.498594,0.0,0.245043,0.350631,-0.158949,-0.585747,-0.05464,0.178533,0.219108,0.509908,-0.194264,0.341998,0.379505,0.103976,0.329519,-0.383455,0.089147,-0.169598,0.219553,-0.02445,0.0,-0.109186,-0.46743,0.278328,0.680062,-0.169598,-0.298159,-0.169598,0.208995,0.194576,0.384314,0.442213,0.02582,-0.302579,-0.997901,-0.206707,-0.20764,-0.214741,0.389445,-0.119055,-0.365181,-0.998161,-0.624597,-0.121129,-0.365181,-0.000571,0.220387,0.267799,0.350453,-0.201879,-0.109598,-0.496687,-0.365181,-0.132808,-0.222659,-0.05199,-0.66544,-0.222659,-0.998161,-0.525486,-0.212196,-0.382775,0.118993,-0.66544,-0.109598,-0.455376,0.043012,-0.420558,0.380204,0.178533,0.349893,-0.232634,-0.435052,-0.66544,0.475532,-0.094086,0.178533,-0.535265,-0.040163,0.146072,0.080091,0.0,-0.132808,-0.233229,0.244112,-0.499157,0.04904,0.126362,0.0,-0.66544,-0.542499,-0.017773,-0.340738,-0.518598,0.350447,-0.158949,-0.356888,0.350055,-0.201879,-0.795283,-0.415901,0.591288,-0.406247,-0.212196,0.267799,0.178533,0.679762,-0.086748,0.146072,0.094183,0.330338,-0.363704,-0.109598,0.103537,0.0,0.404773,-0.121339,0.0,-0.109598,-0.446649,0.178533,-0.222659,-0.034477,0.178533,0.070385,-0.108513,0.043012,0.267222,0.080091,0.267799,0.0,-0.533562,-0.239814,0.05546,0.178533,-0.073417,-0.66544,-0.610594,-0.198885,0.069319,-0.420558,0.011728,0.288141,-0.511013,0.0,-0.434447,-0.03111,-0.522582,0.05546,0.251248,0.417663,0.602395,0.174538,-0.523286,0.012604,0.005651,-0.377681,0.479105,-0.415901,0.417256,-0.081042,-0.340674,-0.494584,0.437314,0.479105,-0.187482,-0.549714,0.377681,#
7,0.319005,-0.01799,0.193224,-0.476594,0.310789,0.602882,0.132131,1.0,0.394775,-0.191938,0.074321,0.310789,-0.117559,-0.171035,0.03765,-0.396953,0.49209,-0.328521,0.592239,-0.160748,-0.418239,-0.122038,-0.01799,-0.067972,-0.714086,0.196815,0.035773,0.394776,0.378553,0.082322,-0.599078,0.542985,0.03765,0.000909,0.604858,0.394775,-0.178224,0.193916,-0.633212,0.20101,-0.452272,0.043001,0.116951,-0.205988,-0.396953,0.340402,0.093024,-0.431236,-0.31502,-0.117559,0.306671,-0.274174,0.0,-0.230505,0.452236,0.349069,-0.166925,-0.117559,-0.039343,-0.117559,-0.042475,-0.835755,-0.286067,0.617861,-0.398221,0.559931,-0.06767,0.182875,0.074535,-0.216616,0.452174,-0.283859,0.301514,-0.075379,0.175489,0.270014,-0.075379,0.282993,-0.430516,0.301514,0.394573,0.065795,0.166057,-0.509009,-0.075379,-0.105437,0.05303,-0.605392,-0.301515,0.05303,-0.075379,-0.277657,0.059556,-0.076464,0.418025,0.20101,0.166057,-0.184212,-0.521756,-0.109082,-0.241933,0.20101,0.393943,-0.256847,-0.167072,-0.301515,-0.311662,0.175489,0.201008,0.282993,0.288941,-0.301515,-0.184212,0.0,-0.421747,0.046217,-0.062337,0.294055,-0.184372,-0.329469,0.0,-0.301515,-0.010502,-0.227985,-0.383152,0.003422,0.394567,-0.178224,0.395825,0.394125,0.394775,-0.256847,0.417449,-0.043717,0.421028,0.059556,0.301515,0.20101,0.235495,0.180214,-0.301515,0.110918,0.094149,0.441027,0.166057,-0.326401,0.0,-0.366404,-0.13176,0.0,0.166057,0.110918,0.201009,0.05303,0.379053,0.201009,-0.142496,-0.199102,-0.521756,0.300864,-0.184212,0.301514,0.0,-0.040374,-0.189951,-0.113138,0.20101,-0.023314,-0.301515,0.180214,-0.071681,-0.018668,-0.109082,0.290503,-0.568771,0.290503,0.0,-0.119395,0.065498,0.286561,-0.113138,0.347281,0.523381,0.190797,0.008637,0.286946,0.628123,0.601887,0.430825,-0.251976,0.417449,0.523746,0.810716,-0.060284,-0.062234,0.492372,-0.251976,0.779756,-0.297812,-0.430827,#
8,0.230874,-0.515132,-0.084906,-0.801463,0.22493,-0.042344,-0.201879,0.394775,1.0,0.722699,-0.428468,0.22493,0.255254,0.513079,0.23163,-0.075788,-0.534217,0.284155,0.355978,0.371538,-0.534166,-0.051522,0.451903,0.22886,-0.059306,-0.071222,0.109121,0.52381,0.24573,0.547045,-0.395874,0.200163,0.23163,-2.5e-05,0.447278,0.047619,0.237455,0.365254,-0.195906,-0.218218,0.218218,0.231193,0.346642,-0.172375,-0.075788,-0.164242,0.403951,0.35951,-0.390843,-0.482146,-0.036991,-0.464976,0.0,-0.500464,-0.0,0.528955,-0.505227,-0.482146,-0.037366,0.255254,0.448437,-0.337699,-0.757672,-0.111799,-0.386458,-0.218218,0.229292,-0.198516,0.12138,-0.222094,0.327263,0.236825,0.218218,0.218218,-0.076205,-0.021716,-0.327327,-0.217616,-0.32716,0.763763,0.029634,-0.428571,-0.532988,-0.329198,-0.327327,0.356106,-0.427669,-0.653418,-0.218218,-0.427669,0.218218,-0.213206,0.029634,-0.027669,0.071789,0.509175,-0.532988,0.097428,-0.351207,-0.325649,-0.751622,-0.218218,-0.427669,-0.428354,0.080611,-0.218218,-0.653359,-0.533435,0.509175,0.243218,0.275294,-0.218218,-0.364074,0.0,-0.101745,-0.008362,0.236854,-0.20787,0.559918,-0.089419,0.0,-0.218218,0.233002,0.204827,-0.518016,0.213093,0.505228,0.237455,0.093654,0.047541,0.047619,0.056575,-0.337969,0.13975,0.088876,0.029634,-0.327327,-0.218218,0.216085,-0.107855,-0.218218,0.080277,-0.427419,-0.353259,-0.532988,0.143426,0.0,-0.325449,-0.533496,0.0,-0.532988,0.546403,-0.218218,-0.427669,0.148206,-0.218218,0.564165,0.456302,-0.351207,-0.326621,-0.364074,0.763763,0.0,0.116645,0.216621,0.108194,-0.218218,-0.227793,-0.218218,0.34363,-0.476326,-0.216117,0.167759,-0.22777,0.069714,0.222764,0.0,0.115211,0.67482,-0.197279,0.57606,0.234588,-0.505979,0.095816,-0.025031,0.663548,0.642898,0.663548,-0.356348,-0.211779,-0.337969,-0.084235,0.307327,0.459718,-0.125467,0.356348,-0.211779,0.229916,0.649123,0.356348,#
9,0.237681,-0.2889,-0.37752,-0.482886,-0.14657,-0.169483,-0.050613,-0.191938,0.722699,1.0,-0.648691,-0.14657,0.318374,0.783414,0.162008,-0.056167,-0.808792,0.473031,-0.014352,0.41006,-0.085474,-0.016851,0.639534,0.038464,0.363846,-0.364251,-0.053339,0.265517,-0.347624,0.704877,-0.018099,-0.225875,0.162008,2.4e-05,0.297645,-0.191665,0.332438,0.054681,0.194287,-0.330377,0.431101,0.415691,-0.003572,0.02288,0.350603,-0.513113,0.559445,0.602642,-0.30308,-0.38959,-0.260897,-0.217302,0.0,-0.377818,-0.564058,0.2615,-0.384682,-0.38959,-0.24711,0.318374,0.6422,0.400302,-0.557445,-0.43197,-0.133594,-0.747665,0.038882,-0.514353,-0.134962,-0.070915,-0.008053,0.400692,0.028203,0.028203,-0.368629,-0.473881,-0.495565,-0.570539,-0.104125,0.551971,-0.208811,-0.648847,-0.806931,-0.020839,-0.495565,0.365373,-0.64748,-0.273828,-0.330377,-0.64748,0.028203,-0.259444,-0.208811,-0.230908,-0.374156,0.367981,-0.806931,-0.027645,-0.034421,-0.493025,-0.574173,-0.330377,-0.64748,-0.225723,-0.050045,-0.330377,-0.25677,-0.807608,0.367981,-0.128099,0.319043,0.341121,-0.470725,0.0,-0.074202,-0.244247,0.532125,-0.561434,0.83321,0.062736,0.0,-0.330377,0.259239,0.49919,-0.268722,0.231121,0.247803,0.332438,-0.34644,-0.19135,-0.191665,0.239849,-0.766947,0.313814,-0.357721,-0.208811,-0.495565,-0.330377,0.304671,-0.399472,0.341121,0.040258,-0.246809,-0.783136,-0.806931,0.341759,0.0,-0.008679,-0.403232,0.0,-0.806931,0.487777,-0.330377,-0.64748,-0.049254,-0.330377,0.803731,0.652032,-0.034421,-0.494497,-0.470725,0.551971,0.0,0.015073,0.304886,0.341967,-0.330377,-0.215066,-0.330377,0.033992,-0.433802,-0.165095,-0.019313,-0.580522,0.60201,-0.147973,0.0,-0.048925,0.5583,-0.550842,0.791158,0.002475,-0.811984,-0.073468,0.152742,0.275137,0.228359,0.275137,-0.786227,0.119258,-0.766947,-0.407474,-0.308471,0.293295,-0.011761,0.046055,0.119258,-0.1999,0.57555,0.786227,#
10,-0.188852,-0.019051,0.342459,0.534399,0.202698,-0.029904,-0.187483,0.074321,-0.428468,-0.648691,1.0,0.202698,0.227574,-0.323957,-0.653858,0.359261,0.384318,0.106391,0.129745,-0.129956,-0.083227,-0.045298,-0.50873,0.193536,-0.104613,0.332907,-0.223256,0.05379,0.218166,-0.427783,0.086645,-0.056437,-0.205392,2.6e-05,-0.517107,0.536049,0.208851,0.341804,0.164336,0.518497,-0.327248,-0.717312,-0.244297,-0.564907,-0.533914,0.543489,-0.168004,-0.021698,0.344231,0.227574,-0.024495,0.008883,0.0,-0.002166,0.433498,-0.451128,0.208987,0.227574,-0.042901,-0.519222,-0.997894,-0.316527,0.322065,0.297309,-0.109114,0.485104,0.193107,0.375028,-0.210657,-0.142316,-0.203954,0.20639,0.225249,0.203999,0.374997,0.626742,0.756495,0.210916,0.240911,-0.327248,0.062858,0.517501,0.348455,0.082025,0.756495,-0.534031,0.052965,0.201049,0.490164,0.996941,0.203999,0.222128,0.043969,-0.06251,0.532497,-0.218165,0.824731,0.117046,0.090824,0.251001,0.337849,0.518497,0.072186,0.535077,0.099889,0.490164,0.239548,0.374997,-0.218165,0.210916,-0.248901,-0.218165,0.117046,0.0,-0.088179,0.570333,-0.327005,0.632713,-0.800437,0.565409,0.0,0.490164,-0.209335,-0.648462,-0.061583,0.232023,-0.428242,-0.533374,0.067881,0.082023,0.05379,0.043969,0.531763,-0.302268,0.519773,0.535077,0.777745,-0.218165,-0.558477,0.362762,-0.218165,0.073533,0.074557,0.525745,0.824731,-0.37365,0.0,0.126533,0.388205,0.0,0.824731,0.073533,-0.218165,0.052965,0.399556,-0.218165,-0.800558,-0.329983,0.090824,-0.326543,0.117046,-0.327248,0.0,0.109045,0.215488,-0.798105,-0.218165,0.270679,0.490164,0.362762,0.231645,0.184673,0.251001,0.241884,-0.428138,0.647462,0.0,0.080778,-0.635628,0.66184,-0.798105,0.241493,0.362188,-0.320969,-0.012431,0.201049,-0.185352,0.218806,0.534394,0.270618,0.531763,-0.078746,0.031561,-0.117244,0.385833,-0.083282,-0.206,0.228776,-0.214673,-0.534394,#
11,-0.574377,-0.185659,-0.016733,0.009488,0.187939,0.241339,-0.465281,0.310789,0.22493,-0.14657,0.202698,1.0,-0.316282,-0.007136,-0.180981,-0.001189,0.006324,0.209457,-0.160097,-0.444241,-0.404716,-0.809305,-0.632138,-0.024992,0.014142,0.385745,0.062861,0.664644,0.350191,0.246799,0.322701,0.280898,-0.589883,4.7e-05,-0.190285,0.22493,-0.340142,0.398046,0.16922,-0.333253,-0.49988,-0.046423,-0.021759,-0.033257,-0.815568,0.541393,-0.425919,-0.297034,0.153461,0.364631,-0.193123,0.150307,0.0,0.049373,0.395255,-0.207207,-0.331756,0.364631,-0.24285,-0.316282,-0.171851,-0.509648,-0.003285,0.045842,-0.115617,0.427915,0.488523,0.219737,0.530236,-0.588178,0.0155,-0.41254,0.003875,0.488255,0.388826,0.491246,-0.0155,0.570561,-0.499625,0.003875,-0.654164,-0.231695,0.375615,0.402896,-0.0155,-0.392967,0.190055,-0.218931,0.312586,0.190055,0.488255,-0.200269,-0.223604,0.632844,-0.030595,0.33842,0.375615,0.395555,-0.019601,0.484,0.016229,-0.333253,-0.248083,-0.223604,-0.402062,0.312586,-0.231674,-0.033379,-0.333253,0.996094,0.227695,-0.333253,-0.43307,0.0,-0.409228,0.180269,0.02123,0.174721,0.009478,-0.172548,0.0,0.312586,0.202021,-0.202473,-0.226857,-0.191138,-0.223121,-0.340142,-0.06698,-0.240253,-0.214783,0.224178,0.371367,-0.708999,-0.018488,-0.223604,0.003875,-0.333253,-0.329347,-0.41503,-0.333253,-0.019038,0.262458,0.399884,0.375615,-0.434173,0.0,-0.029324,-0.022059,0.0,0.375615,0.411382,0.33842,0.190055,-0.136517,0.33842,-0.382632,-0.084653,-0.019601,-0.025702,-0.43307,0.003875,0.0,-0.277564,-0.349753,0.049953,-0.333253,-0.153113,0.312586,0.001871,0.367983,0.617396,0.484,-0.227834,-0.194181,0.188188,0.0,0.844948,-0.172717,0.575426,0.049953,-0.460611,0.018756,-0.381129,0.27181,0.599587,-0.178936,0.194825,0.404986,-0.182394,0.371367,0.420824,0.131971,0.165773,-0.081922,-0.404986,-0.182394,0.285794,0.211579,-0.404986,#
12,0.364735,-0.234814,0.292507,-0.334343,0.364631,-0.17325,-0.169598,-0.117559,0.255254,0.318374,0.227574,-0.316282,1.0,0.396407,-0.344893,0.24144,-0.371205,-0.010361,0.38293,0.259284,0.239669,0.263024,0.513933,0.163059,0.213953,-0.396621,-0.120069,0.255254,-0.094205,0.227963,-0.255989,-0.160777,0.340835,0.0,-0.168906,0.255254,0.996967,0.292557,0.281282,0.129969,0.129969,-0.195953,-0.158444,-0.241401,0.24144,-0.378772,0.67391,0.470596,-0.3634,-0.141892,-0.202692,-0.028222,0.0,-0.2782,0.038989,-0.110499,-0.150455,-0.141892,-0.232084,-0.141892,-0.244469,0.113295,-0.202019,-0.151333,-0.274385,-0.241372,0.163082,-0.5222,-0.265075,-0.072622,-0.129944,0.943173,0.194953,0.162461,-0.33889,-0.077596,0.162461,-0.272944,0.131758,0.194953,0.255124,0.226892,-0.357902,-0.278541,0.162461,0.266632,-0.453917,0.28509,0.086646,0.225326,0.162461,0.313811,0.226242,-0.177978,0.448949,0.129969,-0.357902,-0.238218,-0.286241,-0.605372,-0.206025,0.129969,-0.424526,0.198964,0.399093,0.086646,-0.332,-0.33889,0.129969,-0.272944,-0.253827,0.086646,-0.238218,0.0,0.239363,0.224119,0.16346,0.362574,-0.250891,0.479314,0.0,0.086646,-0.291124,0.315149,-0.262648,0.337952,0.255119,-0.137934,-0.156402,-0.438048,0.255254,0.198964,-0.186042,0.400466,0.44918,0.226242,0.194953,0.129969,-0.012688,0.291309,0.086646,0.4226,-0.538649,-0.242439,-0.357902,0.376867,0.0,-0.423565,-0.374541,0.0,-0.357902,0.4226,-0.996427,-0.453917,0.672356,-0.996427,0.401047,-0.082246,-0.286241,-0.598856,-0.238218,0.194953,0.0,0.538419,0.989965,-0.322198,0.129969,0.333317,0.086646,0.291309,-0.174151,-0.378109,0.158689,-0.257899,0.172015,0.362251,0.0,-0.322508,0.333824,-0.265124,-0.322198,0.185626,-0.378755,-0.280302,-0.260898,0.362019,0.374894,0.38917,-0.238768,0.315335,-0.186042,-0.389652,-0.232962,0.571592,0.25867,0.318357,0.315335,0.034856,0.311977,0.238768,#
13,-0.048979,-0.158478,-0.112644,-0.23085,-0.437841,-0.108062,0.052038,-0.171035,0.513079,0.783414,-0.323957,-0.007136,0.396407,1.0,0.021559,-0.247541,-0.556817,0.461851,0.061307,0.322925,0.248196,-0.117016,0.315135,-0.063496,0.180658,-0.103303,0.198163,0.513079,-0.286027,0.489587,0.191752,0.000277,-0.061854,9.9e-05,-0.103255,0.046644,0.413715,0.328624,0.333967,-0.405572,0.419274,0.545541,-0.440977,0.024221,0.253782,-0.478171,0.669769,0.313448,-0.446642,-0.325887,-0.041808,-0.228952,0.0,-0.587625,-0.608356,-0.082685,-0.308677,-0.325887,-0.495777,-0.325887,0.317313,0.400352,-0.460857,-0.408166,0.112526,-0.583695,-0.063068,-0.761591,0.028453,-0.404573,0.094532,0.374942,-0.07399,-0.073989,-0.543561,-0.495741,-0.608358,-0.467791,-0.129122,0.357616,-0.347517,-0.796528,-0.581127,0.204142,-0.608358,0.270233,-0.79485,-0.022708,-0.405572,-0.365201,-0.073989,-0.407337,-0.347517,-0.132384,-0.313149,0.30692,-0.581127,-0.295763,0.195186,-0.60524,-0.479608,-0.405572,-0.79485,-0.364771,-0.238017,-0.405572,0.005665,-0.991424,0.30692,-0.016397,0.0363,0.279516,-0.665708,0.0,-0.178239,-0.461836,0.33398,-0.390069,0.581962,0.201001,0.0,-0.405572,0.059347,0.285299,-0.515384,0.030432,0.030413,-0.304156,-0.600779,-0.32955,-0.330093,0.110223,-0.631995,0.030596,-0.218116,-0.347517,-0.073989,-0.405572,0.320584,-0.575285,0.279516,0.112778,0.099415,-0.611518,-0.581127,0.073741,0.0,0.044502,-0.578883,0.0,-0.581127,0.569355,-0.405572,-0.79485,-0.046093,-0.405572,0.546894,0.230942,0.195186,-0.607047,-0.665708,0.357616,0.0,-0.325194,0.325182,0.077335,-0.405572,-0.50283,-0.405572,-0.133049,-0.391945,-0.000508,-0.214883,-0.797365,0.455987,0.03621,0.0,0.108511,0.350038,-0.370468,0.535617,-0.097215,-0.585195,-0.339316,0.280784,0.391385,-0.042157,0.391385,-0.617547,0.327783,-0.631995,-0.245413,-0.435755,0.417432,-0.177436,-0.20473,0.327783,-0.292925,0.365784,0.617547,#
14,-0.205209,-0.24158,0.020483,-0.421153,-0.180981,-0.190169,-0.015201,0.03765,0.23163,0.162008,-0.653858,-0.180981,-0.344893,0.021559,1.0,-0.451864,-0.002595,-0.357994,-0.170454,0.432752,-0.002547,0.357496,0.208057,0.017748,-0.436356,0.029295,0.770253,-0.211192,0.326503,-0.216451,-0.067424,0.538839,0.176413,2.4e-05,0.245069,-0.654015,-0.319166,0.021108,-0.617605,-0.333008,0.476098,0.44557,0.499674,0.411238,0.400424,-0.535249,-0.067113,-0.158822,-0.455096,-0.344893,0.645649,-0.297866,0.0,-0.0358,0.01561,0.508832,-0.310729,-0.344893,0.644288,0.340835,0.645958,-0.03119,-0.499761,-0.391139,0.323925,0.092544,0.018154,-0.066268,0.41291,0.383781,0.499414,-0.4176,0.007805,0.007805,-0.010902,-0.493944,-0.499512,-0.186801,-0.044577,0.007805,0.223162,-0.211192,0.012709,-0.012709,-0.499512,0.809687,0.214147,-0.203631,-0.333008,-0.652637,0.007805,0.179509,0.223162,0.221676,-0.386247,0.343415,-0.424621,-0.035947,-0.025312,-0.038119,-0.521772,-0.333008,0.214147,-0.653683,0.386705,-0.333008,-0.232941,-0.010902,0.343415,-0.186801,-0.181399,-0.333008,0.369374,0.0,0.383919,-0.650806,-0.499142,-0.168521,0.4009,-0.727057,0.0,-0.333008,0.203993,0.225069,0.231147,-0.191781,0.240019,0.362365,0.437167,0.205244,0.23163,-0.202734,0.019048,-0.069034,0.03088,-0.227787,-0.499512,0.343415,0.371844,0.001076,-0.333008,-0.378262,-0.191423,0.02745,-0.424621,0.033797,0.0,-0.373778,-0.430665,0.0,-0.424621,-0.378262,0.343415,0.214147,-0.571585,0.343415,0.411809,-0.084608,-0.025312,0.514012,0.369374,0.007805,0.0,0.00417,-0.314083,0.438429,0.343415,-0.599083,-0.333008,0.001076,-0.286078,-0.553644,-0.496952,0.190145,-0.254565,-0.182267,0.0,0.016483,0.609582,-0.19612,0.438429,0.009589,0.026898,0.409627,-0.211287,-0.172833,0.229364,-0.172833,0.019118,-0.642999,0.019048,0.040171,0.415698,0.19587,-0.449211,0.012745,-0.205356,-0.284077,0.183225,-0.019118,#
15,0.068302,0.082668,-0.265396,0.22167,0.421962,-0.324428,-0.112082,-0.396953,-0.075788,-0.056167,0.359261,-0.001189,0.24144,-0.247541,-0.451864,1.0,-0.221408,0.333336,0.055258,0.136544,-0.270204,0.192333,0.082668,0.087003,0.590481,-0.270204,-0.52211,-0.075788,0.229889,-0.04671,-0.114429,-0.736579,0.400424,-4.9e-05,-0.311024,0.382466,0.268766,-0.266319,0.436098,0.428074,0.07673,-0.567075,0.38968,-0.106737,-0.289712,0.455081,-0.057715,0.468944,0.754654,0.24144,-0.387472,0.258809,0.0,0.362239,0.218076,0.166268,0.225822,0.24144,0.074616,0.24144,-0.338919,0.065977,0.407774,-0.141821,-0.491263,-0.163268,0.086598,0.383302,-0.317978,-0.123628,-0.096905,0.411982,0.117115,0.096922,0.19838,0.669487,0.621919,0.031745,0.602573,0.117115,-0.067108,0.364841,-0.228993,-0.166523,0.621919,-0.281498,-0.076305,-0.009937,0.401151,0.398572,0.096922,0.387403,-0.085056,0.090122,0.293802,-0.271921,0.223577,0.680983,-0.158434,0.142082,0.389317,0.428074,-0.058041,0.381607,0.238132,0.401151,0.026486,0.19838,-0.271921,0.031745,0.003723,-0.271921,0.261537,0.0,0.142161,0.818025,0.135118,0.026745,-0.174509,0.588014,0.0,0.401151,-0.392395,-0.043803,0.073201,0.02678,-0.084556,0.268766,-0.168767,-0.048752,-0.075788,-0.085056,-0.125471,0.316307,-0.133932,0.381607,0.117115,-0.271921,-0.257173,0.186511,-0.271921,-0.142143,-0.532606,-0.16918,0.223577,0.118351,0.0,0.238016,0.210913,0.0,0.223577,-0.142143,-0.271921,-0.076305,0.043067,-0.271921,-0.182768,0.274891,-0.158434,-0.407003,0.261537,0.117115,0.0,0.33244,0.296658,-0.208996,-0.271921,0.470799,0.401151,0.186511,0.232683,0.031496,0.616905,0.036408,0.358416,0.036408,0.0,0.204686,-0.042936,0.046245,-0.208996,0.110395,-0.229338,0.221965,0.082688,0.021935,0.004281,0.038808,-0.158274,0.429597,-0.125471,-0.249423,-0.29265,-0.024964,0.186589,0.191247,-0.023298,-0.317959,0.390815,0.158274,#
16,0.01338,0.5633,0.158753,0.280787,0.006324,0.543889,0.437065,0.49209,-0.534217,-0.808792,0.384318,0.006324,-0.371205,-0.556817,-0.002595,-0.221408,1.0,-0.591539,0.268275,-0.277563,0.167077,0.134562,-0.340762,-0.407917,-0.665331,0.166461,0.090552,-0.089036,0.306305,-0.533363,-0.24673,0.295921,0.012738,2.3e-05,0.088968,0.372633,-0.389171,-0.245588,-0.467683,0.433201,-0.408015,-0.056652,-0.083599,0.14889,-0.253142,0.43075,-0.161977,-0.747433,0.100746,0.318175,0.55332,0.171048,0.0,0.28496,0.408014,0.047702,0.301955,0.318175,0.104366,-0.371205,-0.364514,-0.408364,0.428294,0.494084,-0.047779,0.699455,-0.407909,0.311032,-0.024283,-0.074036,0.407933,-0.517891,0.120893,-0.408015,0.158317,0.258638,0.120893,0.366999,0.135936,-0.408015,0.372755,0.356145,0.540617,-0.214944,0.120893,-0.253651,0.321222,-0.025256,-0.27201,0.355395,-0.408015,0.009164,-0.097386,0.03449,0.249282,-0.27201,0.573184,-0.166188,-0.207371,0.055353,0.447158,0.433201,0.799638,-0.063805,-0.150723,-0.27201,0.413672,0.56994,-0.27201,-0.047869,-0.055543,-0.27201,0.249282,0.0,-0.253651,-0.045168,-0.407712,0.388667,-0.606622,-0.260076,0.0,-0.27201,-0.435657,-0.347516,0.104418,-0.38299,-0.088989,-0.389171,0.198765,0.372989,0.356145,-0.533946,0.63192,-0.088743,0.237395,-0.063805,0.630912,0.382829,0.244061,0.178213,-0.27201,-0.190448,0.393794,0.677274,0.573184,-0.522322,0.0,-0.051961,0.170267,0.0,0.573184,-0.61008,0.408015,0.321222,-0.011792,0.408015,-0.58855,-0.669194,-0.207371,0.590746,0.249282,-0.408015,0.0,-0.218102,-0.405031,-0.136485,0.382829,-0.021033,-0.27201,-0.228238,0.361537,0.025255,-0.405924,0.402475,-0.533805,-0.00312,0.0,-0.134636,-0.390846,0.384629,-0.557684,0.143887,0.997756,0.295076,0.151891,-0.435657,0.030177,0.006314,0.666286,0.054793,0.63192,0.588192,0.47015,-0.438961,-0.138572,0.166571,0.022202,0.234484,-0.815384,-0.666286,#
17,-0.177669,-0.301889,-0.322157,0.309693,-0.352802,-0.407381,-0.156567,-0.328521,0.284155,0.473031,0.106391,0.209457,-0.010361,0.461851,-0.357994,0.333336,-0.591539,1.0,-0.205918,0.256395,-0.396811,-0.231256,-0.12524,0.339397,0.471516,0.255868,-0.316228,0.110182,-0.225987,0.256584,0.348947,-0.43027,-0.223176,-8e-05,-0.225992,0.110182,0.001429,0.252423,0.469056,-0.017716,0.305609,-0.144564,-0.162476,-0.500969,-0.224729,0.203736,0.010315,0.617749,0.393998,-0.279764,-0.412192,-0.334701,0.0,-0.392768,-0.47834,-0.149744,-0.010365,-0.279764,-0.237054,-0.010361,-0.104157,0.262368,-0.186685,-0.178233,0.00585,-0.519155,0.136092,0.11987,-0.234866,-0.189062,-0.305537,0.214395,-0.026575,0.139517,0.095896,0.161309,0.139517,-0.369461,0.10245,0.338827,-0.487531,-0.49872,-0.501443,0.321674,0.139517,-0.36552,-0.515475,-0.261236,0.203739,0.115515,0.139517,-0.381408,-0.339894,-0.308315,-0.222622,-0.017716,0.099907,0.314419,0.489767,0.153824,-0.197107,-0.017716,-0.665711,0.252296,-0.246035,0.203739,0.188497,-0.488762,0.248031,0.219806,0.221139,0.203739,-0.249162,0.0,-0.226127,0.245421,0.305382,-0.487003,0.476673,0.611626,0.0,0.203739,0.374119,-0.359262,-0.298067,0.364817,-0.354114,0.001429,-0.371454,0.138949,-0.643697,0.252296,-0.513851,-0.163124,-0.352532,0.280183,-0.026575,-0.947831,-0.356178,-0.327449,0.203739,-0.090193,0.097313,-0.507288,0.099907,-0.058565,0.0,0.665326,0.231316,0.0,0.099907,0.50584,-0.017716,-0.515475,-0.131332,-0.017716,-0.109336,0.74506,0.489767,-0.763546,-0.249162,0.338827,0.0,-0.298314,-0.02638,-0.305183,-0.947831,-0.189733,0.203739,0.249863,-0.329665,0.351194,0.304042,-0.336513,0.371528,0.239583,0.0,0.289379,-0.245182,0.085627,0.464007,0.153044,-0.621908,-0.258767,0.302165,0.374119,-0.335446,0.235328,-0.499057,0.30698,-0.513851,-0.502652,-0.4287,-0.119325,0.205292,-0.314623,-0.294801,-0.198541,0.473388,0.499058,#
18,0.656115,0.180018,0.381235,-0.484577,0.192091,0.161644,0.526015,0.592239,0.355978,-0.014352,0.129745,-0.160097,0.38293,0.061307,-0.170454,0.055258,0.268275,-0.205918,1.0,0.043514,-0.074023,0.375611,0.290668,0.081741,-0.294056,0.031918,-0.086483,0.247005,0.368643,-0.10205,-0.8707,0.12425,0.657131,2.5e-05,0.281662,0.62841,0.356228,0.021823,-0.196272,0.255237,0.070745,0.13515,0.112379,-0.098972,0.037779,0.204972,0.48424,-0.191966,-0.209525,-0.376439,0.152374,-0.326674,0.0,-0.431599,0.124844,0.425172,0.34413,-0.376439,-0.214857,-0.207691,-0.096001,-0.48243,-0.051579,0.594638,-0.387396,0.024374,-0.490926,-0.165311,-0.055554,-0.371386,0.490954,0.327351,-0.054099,-0.491053,-0.434037,0.301461,-0.054099,0.1826,-0.041593,0.653351,0.605828,0.11987,-0.08809,-0.864556,-0.054099,0.010672,-0.246345,-0.29056,-0.327369,0.104979,-0.491053,-0.274986,0.217424,-0.238501,0.782112,-0.327369,-0.08809,-0.364946,-0.399641,-0.488536,-0.033554,0.255237,0.148895,-0.254209,-0.034396,-0.327369,-0.274114,-0.067818,0.421696,-0.186506,-0.178296,-0.327369,-0.01193,0.0,0.010672,0.208584,0.111559,0.05059,-0.268042,0.273975,0.0,-0.327369,-0.536879,-0.107201,-0.728159,-0.190334,0.732455,-0.230777,0.03474,0.250866,0.11987,-0.642613,-0.132028,0.555944,0.302173,0.217424,0.382855,0.255237,0.404651,0.360852,-0.327369,0.428259,-0.244293,-0.125297,-0.08809,0.200149,0.0,-0.17217,-0.428778,0.0,-0.08809,0.054915,-0.327369,-0.246345,0.578735,-0.327369,0.117537,-0.186402,-0.399641,-0.028335,-0.01193,0.653351,0.0,-0.028919,0.295845,-0.354439,0.255237,0.151667,-0.327369,-0.000765,-0.377017,-0.149916,0.03839,0.179855,-0.110661,0.13976,0.0,-0.359227,0.309707,-0.290169,-0.247372,0.529169,0.281776,0.471212,-0.21457,0.247478,0.631376,0.61261,-0.132515,0.221903,-0.132028,0.388745,0.35804,0.247266,-0.355099,0.846058,0.221903,0.315688,-0.087561,0.132515,#
19,0.02568,-0.39323,-0.181589,-0.19269,-0.080371,-0.442107,-0.066153,-0.160748,0.371538,0.41006,-0.129956,-0.444241,0.259284,0.322925,0.432752,0.136544,-0.277563,0.256395,0.043514,1.0,-0.221016,0.685647,0.521327,0.187615,-0.225019,-0.16699,0.30916,-0.135105,0.247755,-0.139869,-0.18571,-0.0288,0.432752,5.2e-05,0.060001,-0.135105,0.293187,0.191009,-0.372617,0.332494,0.713716,-0.111076,0.388028,-0.25169,0.244891,-0.397202,0.455971,0.614616,-0.150591,-0.525272,0.511641,-0.534039,0.0,-0.293624,-0.085989,0.524516,-0.337799,-0.525272,0.548437,0.259284,0.119991,0.12684,-0.617265,-0.53186,-0.12527,-0.182421,0.056493,0.015646,-0.345442,0.336685,0.404077,0.31752,0.498741,0.047294,0.098095,-0.203648,0.047294,-0.806077,0.581978,0.176279,0.359671,-0.135105,-0.658083,-0.160403,0.047294,0.605404,-0.528045,-0.382631,-0.269435,-0.119696,0.047294,0.332584,-0.041615,-0.354353,-0.142051,0.332494,-0.268916,0.205499,-0.068053,-0.402081,-0.649241,0.332494,-0.119696,-0.127605,0.638877,-0.269435,0.01369,-0.28027,0.504474,-0.424729,-0.081152,-0.269435,0.287335,0.0,0.226525,-0.111376,-0.403852,-0.06943,0.312606,0.116279,0.0,-0.269435,0.028543,-0.055378,0.037031,0.378649,-0.032243,0.293187,0.193064,0.394069,0.258951,-0.127605,-0.223578,0.210302,0.228143,0.359671,0.047294,-0.269435,0.198842,0.167631,-0.269435,-0.519608,-0.527737,-0.24774,-0.268916,-0.097742,0.0,-0.12872,-0.274818,0.0,-0.268916,-0.133882,-0.269435,-0.528045,-0.229132,-0.269435,0.290201,0.31774,-0.068053,-0.403281,0.287335,0.176279,0.0,0.266598,0.284974,-0.195197,-0.269435,-0.453027,-0.269435,0.541242,-0.493964,-0.784024,-0.402081,0.018937,-0.070901,0.391761,0.0,-0.181598,0.443487,-0.052225,0.302589,0.608787,-0.285892,0.281177,0.031564,0.028543,0.376508,0.405785,-0.252758,-0.011127,-0.223578,-0.651695,0.17395,0.098643,0.082148,0.182547,-0.400573,-0.398639,0.438695,0.252758,#
20,-0.033062,0.51179,0.191108,0.233295,-0.388275,0.079855,0.378224,-0.418239,-0.534166,-0.085474,-0.083227,-0.404716,0.239669,0.248196,-0.002547,-0.270204,0.167077,-0.396811,-0.074023,-0.221016,1.0,0.110086,0.059802,-0.407878,0.126718,-0.249667,0.211617,-0.089028,-0.405551,-0.128265,0.263624,-0.030212,-0.002547,0.0,-0.37292,-0.089028,0.269654,-0.245565,0.349257,-0.271984,0.101994,0.462159,-0.589297,0.553954,0.570724,-0.478448,0.296403,-0.339021,-0.293097,0.239669,0.08714,0.427457,0.0,0.11124,-0.383499,-0.438374,0.278236,0.239669,-0.361931,-0.449645,0.058146,0.611377,0.408488,-0.167213,0.453919,-0.227302,-0.40787,-0.708261,0.092789,-0.092815,-0.081574,0.138697,-0.407976,-0.407976,-0.664867,-0.560233,-0.407976,0.017231,0.087379,-0.407976,-0.062456,-0.071222,0.183662,0.208085,-0.407976,0.183562,-0.053304,0.79642,-0.271984,-0.123009,-0.407976,0.002749,-0.062456,0.096217,-0.164894,-0.271984,-0.273539,-0.589591,0.220187,-0.405885,0.388032,-0.271984,-0.053304,-0.122897,-0.157302,-0.271984,0.380994,-0.220356,-0.271984,-0.430784,-0.407789,0.380778,-0.140927,0.0,0.183562,-0.531545,0.064665,-0.011104,-0.182948,-0.015603,0.0,-0.271984,-0.42804,0.419107,0.087127,-0.437309,-0.053388,-0.415441,-0.499877,-0.533288,-0.071222,-0.122897,-0.164667,0.161695,-0.172807,-0.533895,0.101994,0.435175,0.343675,-0.226966,0.380778,0.238199,0.319638,-0.144159,-0.273539,0.208207,0.0,-0.03493,-0.27176,0.0,-0.273539,-0.21496,-0.271984,-0.053304,-0.040089,-0.271984,0.222292,-0.567982,0.220187,0.15326,-0.140927,-0.407976,0.0,-0.207177,0.21963,0.209931,0.435175,-0.046268,-0.271984,-0.665892,0.188687,0.010102,-0.405885,-0.376232,0.31777,-0.439873,0.0,-0.21432,-0.018768,-0.435031,-0.24492,-0.437328,0.136468,-0.187566,0.00117,-0.435616,-0.405344,-0.435616,-0.1499,0.353046,-0.164667,0.149085,-0.553679,0.159349,-0.263441,-0.233178,0.810575,-0.428284,-0.417025,0.1499,#
