0,1.0,0.341042,-0.428866,-0.357345,0.831229,0.06728,0.583063,-0.27176,0.818957,-0.237275,0.176163,0.755092,0.461218,-0.270213,0.419874,0.331658,0.014638,-0.024648,0.378451,-0.214744,-0.266146,0.385351,0.437549,-0.153384,-0.227125,-0.407542,-0.298174,-0.142288,0.44744,-0.404787,-0.660845,0.115881,-0.27176,0.364454,-0.48223,0.116917,0.826022,-0.359313,0.582395,-0.043095,0.571303,-0.654937,-0.151571,-0.098302,-0.765807,0.167813,0.437549,0.014758,0.47127,-0.031302,0.396576,-0.327385,-0.27176,0.297563,-0.069068,-0.054029,-0.831099,0.486009,-0.331407,0.495805,0.252022,-0.277288,-0.359313,0.262205,0.288887,0.38532,0.0,-0.041252,0.520353,0.587479,-0.359313,-0.563394,0.0,-0.639093,-0.431583,0.131034,-0.30028,0.038566,-0.81465,-0.533455,-0.241731,-0.612975,-0.417391,-0.235335,-0.244722,-0.310507,-0.997624,-0.665222,-0.27176,-0.102541,-0.746787,-0.27176,-0.212225,-0.084636,-0.665344,-0.244722,-0.997624,-0.589826,-0.665222,-0.46098,0.396576,-0.665222,-0.81465,-0.533455,-0.212225,-0.533455,-0.809807,0.259751,-0.46098,-0.034591,-0.118808,-0.27176,-0.609333,-0.533455,-0.418841,-0.407433,-0.533455,-0.574147,-0.2755,-0.738986,-0.533455,-0.81465,-0.070113,-0.45024,-0.359313,0.09439,-0.533455,0.173597,0.015205,-0.533445,-0.746787,-0.40764,-0.650781,-0.251408,-0.53753,-0.665222,0.0,-0.81465,-0.010743,-0.464932,-0.533455,-0.276503,-0.533445,-0.291516,-0.665222,-0.318547,-0.665222,0.71212,-0.665344,-0.81465,-0.610499,-0.68708,-0.190587,-0.533445,-0.251545,-0.665222,0.502907,0.593501,-0.244722,-0.533455,-0.209093,-0.27176,-0.862289,-0.070113,-0.009922,0.265368,0.039259,-0.395894,-0.533455,-0.407433,-0.066954,0.46188,0.076427,-0.68708,0.087593,-0.386952,-0.27176,0.681829,0.28572,-0.634107,0.681829,0.424296,0.177847,0.036168,0.802679,-0.542501,0.378586,0.158454,-0.412428,0.874126,-0.418841,0.532291,0.813089,0.101556,-0.041144,0.315201,0.663949,-0.612975,-0.511753,0.440621,#
1,0.341042,1.0,0.197623,0.448491,0.637773,0.225249,-0.087559,-0.218165,0.222699,-0.109103,-0.476537,0.145881,0.202577,0.350707,0.229363,-0.315343,-0.225517,0.279577,0.227572,-0.530124,0.342098,-0.236626,0.3142,-0.356261,-0.064764,-0.327169,0.010143,0.094306,0.321972,-0.324957,-0.530517,0.45916,-0.218165,0.05379,-0.729437,0.193536,0.640283,-0.509313,0.777572,-0.428056,0.792463,-0.525774,0.565604,0.106263,-0.528767,0.020626,0.3142,0.343092,-0.188893,-0.234971,-0.399102,-0.482341,0.490164,-0.199957,-0.260114,-0.220508,-0.058819,0.288951,-0.527554,0.278989,0.115223,-0.171058,-0.509313,0.100571,0.16936,0.259763,0.0,0.383839,0.313311,0.388813,0.218917,-0.795079,0.0,0.040147,-0.233998,-0.472584,0.323477,-0.078869,-0.243798,-0.42825,-0.112949,-0.799689,-0.227391,0.048961,-0.379841,-0.121701,-0.383856,-0.112949,-0.218165,0.044491,-0.470261,-0.218165,-0.384293,0.517501,-0.534129,-0.379841,-0.383856,0.057941,-0.112949,0.176386,0.269993,-0.112949,-0.243798,-0.42825,-0.384293,-0.42825,-0.084442,0.242218,0.176386,-0.22219,0.143464,0.490164,-0.375304,-0.42825,0.375936,-0.327081,-0.42825,-0.379835,-0.106714,-0.019772,0.017734,-0.243798,-0.237841,-0.228552,0.218917,-0.109503,-0.42825,0.01124,0.315252,0.026311,-0.470261,0.203999,-0.247647,-0.135611,0.145732,-0.112949,0.0,-0.243798,-0.202712,-0.247539,-0.42825,0.332925,0.026311,-0.486576,-0.112949,-0.601467,-0.112949,0.393177,-0.534129,-0.243798,-0.255691,0.259098,0.074542,0.026311,0.337478,-0.112949,0.363106,0.319371,-0.379841,-0.42825,0.012992,-0.218165,-0.104419,-0.237841,-0.233998,0.05273,0.192333,-0.649476,-0.42825,0.188724,-0.291562,0.342195,-0.326543,0.259098,0.218643,-0.069237,-0.218165,0.488889,-0.044454,-0.509052,0.488889,-0.222812,-0.13421,-0.152878,0.502027,-0.716941,0.416887,-0.546293,-0.545702,0.210302,0.375936,-0.086621,0.183744,0.121595,0.103017,0.192762,0.057387,-0.799689,-0.573974,-0.218165,#
2,-0.428866,0.197623,1.0,0.502529,-0.344902,0.204507,-0.415863,0.157641,-0.36512,0.25714,-0.272533,-0.374286,-0.325412,0.333852,-0.371433,-0.326704,-0.32139,0.672906,-0.129908,0.281576,0.229907,-0.230345,-0.145652,-0.322834,0.226895,0.109871,0.487765,-0.296003,-0.181871,0.101133,0.28077,-0.229611,0.157641,0.170141,-0.21326,0.205085,-0.330219,-0.11355,0.139965,-0.50928,0.28168,0.297769,0.384501,-0.357688,0.510546,-0.309697,-0.145652,0.4309,-0.180925,-0.149659,-0.170964,-0.229989,0.115035,-0.162133,-0.126031,-0.291978,0.502487,-0.2122,-0.177896,-0.241255,-0.100937,0.295334,-0.11355,-0.282607,-0.221576,-0.120088,0.0,0.624613,-0.299585,-0.259851,-0.197786,-0.271317,0.0,0.424697,0.344454,-0.097814,0.256852,-0.267609,0.295493,0.200562,-0.350121,0.421664,0.270821,0.423151,0.448494,0.281205,0.398683,0.257748,0.029824,0.19569,0.092234,0.029824,-0.293142,0.142249,0.284576,0.393966,0.398683,0.399895,0.257748,0.267316,-0.170964,0.230931,0.295493,0.200562,-0.293142,0.172158,0.474149,-0.168313,0.32072,0.342913,0.368577,0.115035,0.421693,0.172158,0.443655,0.143265,0.200562,-0.286703,0.359736,0.471701,0.197406,0.295493,0.344155,0.342185,-0.197786,0.333,0.143755,-0.145113,0.612559,0.171123,0.092234,0.108645,0.65632,0.273772,0.983085,0.204113,0.0,0.347742,-0.240392,0.294533,0.143755,0.862161,0.200073,-0.150428,0.204113,-0.067447,0.257748,-0.176973,0.231687,0.347742,-0.176757,0.627012,0.396037,0.200073,0.231744,0.257748,-0.231895,-0.402677,0.393966,0.200562,0.759447,0.029824,0.500099,0.344155,-0.234087,-0.215945,0.205942,-0.316433,0.143755,0.205316,-0.102155,-0.146463,0.235952,0.627012,-0.440201,0.527333,0.029824,-0.229996,-0.324241,0.240012,-0.281719,-0.281718,-0.42822,-0.177698,-0.537153,-0.16309,0.156028,-0.099165,-0.168196,-0.382158,0.443655,-0.2489,-0.287891,-0.341149,-0.389097,-0.230511,-0.249148,0.421664,-0.05754,-0.992712,#
3,-0.357345,0.448491,0.502529,1.0,-0.215168,0.356066,-0.791833,0.237377,-0.636004,0.04983,-0.52252,-0.609681,-0.238332,0.548135,-0.215168,-0.636647,-0.189317,0.698633,-0.178145,0.040906,0.514719,-0.202446,-0.321832,-0.095904,0.524881,0.295108,0.087041,0.2963,-0.330197,0.285343,0.50743,0.104984,0.237377,-0.075893,-0.463154,-0.234074,-0.212788,-0.300365,0.355986,-0.064566,0.099174,0.081225,0.781047,0.291603,-0.015866,0.114973,-0.321832,-0.005007,-0.294671,-0.330197,-0.294731,0.09653,0.209775,0.120316,-0.290742,0.345373,0.497026,-0.370961,0.027557,-0.354686,-0.19097,0.172816,-0.300365,-0.074326,-0.435157,-0.255839,0.0,0.174085,-0.431583,0.141733,0.436359,-0.132888,0.0,0.7865,0.230266,-0.215968,0.513103,0.046496,0.173758,0.413825,0.121617,-0.08094,0.206667,0.384467,0.377595,0.111813,0.324626,0.515423,0.154571,-0.07585,0.179264,0.154571,-0.11636,0.39392,0.515491,-0.081642,0.324626,0.788311,0.515423,0.17837,-0.320804,0.028956,0.190682,0.395424,-0.098848,-0.101412,0.498918,0.295969,0.628137,-0.17837,0.326971,0.209775,-0.106631,-0.101412,0.507287,0.295585,0.413825,-0.123505,0.123617,0.459166,-0.048252,0.190682,0.223446,0.23284,0.436359,0.151489,-0.08301,-0.227292,0.113384,0.395102,0.179264,0.27326,0.227135,0.060261,0.521885,0.04633,0.0,0.630719,-0.237619,0.200595,-0.08301,0.62122,0.395102,-0.289648,0.04633,-0.339037,0.515423,-0.216965,0.070052,0.630719,0.204233,0.73979,0.379109,0.395102,0.514552,0.515423,0.033518,-0.514209,-0.081642,0.413825,0.366083,0.154571,0.493321,0.240933,-0.179138,-0.523529,0.355298,-0.218553,-0.08301,0.335784,-0.326013,-0.357128,-0.169629,0.73979,0.150727,0.544817,0.154571,-0.118621,-0.332166,0.029442,-0.554236,-0.653518,-0.375426,-0.38803,-0.047991,-0.402527,0.00048,-0.179249,0.079248,-0.29377,0.507287,-0.477874,-0.236167,-0.365743,0.164754,-0.153389,-0.539702,-0.08094,-0.206216,-0.507877,#
4,0.831229,0.637773,-0.344902,-0.215168,1.0,0.0,0.427937,-0.333136,0.618398,-0.01538,-0.103031,0.517454,0.612718,-0.01538,0.231087,0.106352,-0.193191,-0.014962,0.574005,-0.376695,-0.022974,0.195934,0.512573,-0.403084,-0.388845,-0.499584,-0.161359,0.034614,0.52459,-0.496207,-0.810095,0.272296,-0.333136,0.218089,-0.390832,0.480746,0.999637,-0.288791,0.499593,-0.177612,0.800364,-0.802852,0.016589,0.067745,-0.645794,-0.110108,0.512573,0.07748,0.161869,0.020864,-0.15008,-0.59544,0.30751,0.193262,-0.026891,-0.398394,-0.674109,0.530786,-0.212989,0.531348,0.279384,-0.160443,-0.288791,0.031969,0.408613,0.440517,0.0,0.069417,0.546388,0.387861,-0.288791,-0.79935,0.0,-0.461563,-0.24715,-0.144077,-0.039636,-0.247776,-0.627639,-0.653934,-0.023299,-0.848967,-0.612799,-0.453558,-0.461889,-0.442078,-0.845758,-0.434613,-0.333136,0.192144,-0.801338,-0.333136,-0.430853,0.201313,-0.81561,-0.461889,-0.845758,-0.446111,-0.434613,-0.24715,0.455082,-0.434613,-0.627639,-0.653934,-0.430853,-0.653934,-0.697944,0.348161,-0.24715,-0.240728,0.045965,0.30751,-0.461563,-0.653934,-0.280684,-0.49945,-0.653934,-0.430882,-0.050846,-0.607057,-0.250564,-0.627639,-0.246232,-0.261206,-0.288791,-0.047863,-0.653934,0.140212,0.034079,-0.242802,-0.801338,-0.019219,-0.577313,-0.054308,-0.465376,-0.434613,0.0,-0.627639,-0.256382,-0.630479,-0.653934,-0.152892,-0.242802,-0.274358,-0.434613,-0.363641,-0.434613,0.807635,-0.81561,-0.627639,-0.541432,-0.577313,-0.051089,-0.242802,-0.027277,-0.434613,0.593472,0.668056,-0.461889,-0.653934,-0.287748,-0.333136,-0.715029,-0.246232,0.162387,0.396753,-0.029331,-0.590489,-0.653934,-0.032931,-0.029885,0.549992,-0.029331,-0.577313,0.254429,-0.280684,-0.333136,0.809893,0.459054,-0.777318,0.809893,0.220415,-0.01027,0.098658,0.658249,-0.447695,0.583334,-0.415304,-0.67545,0.654195,-0.280684,0.216047,0.598432,0.251405,0.123118,0.537406,0.409979,-0.848967,-0.44034,0.358762,#
5,0.06728,0.225249,0.204507,0.356066,0.0,1.0,0.09718,0.666667,-0.003816,-0.408117,-0.181575,-0.072723,-0.49958,0.632182,0.0,-0.06917,0.003728,0.316265,0.019774,0.136332,0.117115,0.483772,0.255696,-0.612108,0.14185,-0.24994,-0.156572,0.288842,-0.368325,-0.24825,0.14185,0.42685,0.666667,-0.327327,-0.494977,-0.24994,-0.01219,-0.052723,0.363127,-0.327012,0.091616,-0.02114,0.431572,0.304715,-0.350382,-0.191575,0.255696,0.327548,-0.135505,-0.368325,0.226707,0.406956,-0.166667,0.172975,-0.382877,0.319306,0.341418,0.263523,-0.188525,0.263447,0.088024,-0.372678,-0.052723,0.407997,0.109028,0.025811,0.0,0.309165,0.43238,0.130801,-0.052723,-0.067933,0.0,0.387726,0.023212,-0.624701,0.611491,0.308451,-0.499613,0.228395,0.116563,-0.087274,0.011355,0.378188,0.396985,0.582025,-0.092351,0.116563,-0.166667,-0.32714,-0.133636,-0.166667,-0.140991,-0.327327,0.109195,0.396985,-0.092351,-0.087393,0.116563,-0.034818,0.226707,-0.407971,0.011355,-0.32716,0.387726,-0.32716,-0.204642,0.243857,-0.034818,-0.498946,-0.280266,-0.166667,-0.082245,-0.32716,0.308451,0.392657,0.228395,-0.611748,0.124011,-0.157174,-0.32716,0.011355,-0.029331,-0.497937,-0.052723,0.610614,-0.32716,-0.752332,0.344782,-0.327154,-0.133636,-0.25,-0.351112,0.0933,0.143674,-0.407971,0.0,0.011355,0.0,0.476006,-0.32716,0.285427,0.239074,-0.84627,-0.407971,0.254308,0.116563,-0.155223,0.109195,0.011355,-0.356416,0.222132,-0.077135,0.239074,0.124184,0.116563,0.289127,-0.262075,0.396985,0.228395,0.529107,-0.166667,0.299626,0.498622,0.023212,0.428971,0.997844,0.083768,-0.32716,0.392657,-0.334309,0.091589,0.410877,0.222132,0.059099,-0.195142,-0.166667,-0.087678,0.074135,0.166667,-0.087678,0.0064,-0.407428,-0.486102,0.240269,-0.296232,0.043442,0.143674,0.232611,0.027144,0.308451,-0.205803,0.012952,-0.563588,0.027144,0.508279,-0.085378,-0.087274,0.143674,-0.166667,#
6,0.583063,-0.087559,-0.415863,-0.791833,0.427937,0.09718,1.0,-0.272104,0.819681,-0.245742,0.63927,0.755718,0.030409,-0.245742,0.427937,0.767721,-0.001159,-0.546225,0.388314,-0.223514,-0.241438,0.39231,0.437709,-0.169688,-0.661681,-0.408058,-0.4188,-0.126809,0.447611,-0.405299,-0.661681,0.108734,-0.272104,-0.093308,0.017637,0.107063,0.415418,0.317664,0.087626,-0.052497,0.158639,-0.228449,-0.571629,-0.081954,-0.327225,0.046809,0.437709,0.171986,0.479734,-0.061792,0.396564,0.061916,-0.272104,-0.181096,-0.098854,-0.26045,-0.351859,0.48555,-0.349211,0.495168,0.248316,-0.608442,0.317664,0.270224,0.484206,0.385281,0.0,-0.030903,0.615573,0.142366,-0.348405,-0.136073,0.0,-0.617482,-0.439417,-0.218551,-0.277781,0.070962,-0.402543,-0.53413,-0.250113,-0.197671,-0.402543,-0.197671,-0.229862,0.134842,-0.578869,-0.666063,-0.272104,-0.110889,-0.4883,-0.272104,0.229272,-0.534401,-0.666185,0.201302,-0.578869,-0.998755,-0.666063,-0.017144,0.396564,-0.241957,-0.402543,-0.53413,0.229272,-0.084942,-0.794036,-0.235626,-0.439417,-0.026306,-0.563125,-0.272104,-0.189994,-0.084942,-0.3783,-0.407948,-0.53413,-0.158985,-0.283265,-0.722894,-0.084942,-0.402543,-0.055183,-0.457707,-0.348405,0.109836,-0.084942,0.168379,0.02489,-0.534119,-0.4883,-0.408156,-0.641198,-0.259573,-0.487747,-0.241957,0.0,-0.81568,0.396443,-0.026306,-0.084942,-0.526122,-0.534119,-0.331002,-0.241957,0.388004,-0.666063,0.331618,-0.247976,-0.81568,-0.601844,-0.641198,-0.613981,-0.534119,-0.666166,-0.666063,0.0635,0.589796,0.201302,-0.53413,-0.191963,-0.272104,-0.385323,-0.055183,-0.025264,0.673154,0.067309,-0.013526,-0.084942,-0.407948,-0.065278,0.46125,0.067309,-0.641198,0.105101,-0.83637,-0.272104,0.300971,0.128894,-0.185722,0.709957,0.819948,0.187973,0.436113,0.400759,-0.036511,0.243731,0.195843,0.004133,0.491164,-0.3783,0.561653,0.447588,0.109269,-0.386706,0.321491,0.691339,-0.197671,0.195843,0.427592,#
7,-0.27176,-0.218165,0.157641,0.237377,-0.333136,0.666667,-0.272104,1.0,-0.333256,-0.272078,-0.495729,-0.398628,-0.333053,0.421455,-0.333136,-0.398743,0.338045,0.227062,-0.329558,0.451767,-0.271921,0.348736,0.170464,-0.408072,0.459325,-0.166627,0.290575,0.107608,-0.66557,-0.1655,0.459325,0.284566,1.0,-0.218218,-0.020624,-0.166627,-0.333201,-0.166956,-0.16663,-0.218008,-0.272071,0.239589,0.287715,0.093336,0.032525,-0.492622,0.170464,0.117581,-0.54202,0.17447,0.151138,0.285891,-0.111111,0.384388,0.154411,0.33501,0.241491,0.175682,0.256831,0.175632,0.100599,0.248452,-0.166956,0.271998,-0.018171,-0.111849,0.0,0.20611,0.288253,-0.22423,-0.166956,0.314355,0.0,0.297648,0.363653,-0.156175,0.447628,0.2476,-0.333075,0.522634,0.427398,0.290914,0.348215,0.290914,0.304158,0.426819,0.28475,0.427398,-0.111111,-0.218093,0.356361,-0.111111,-0.407308,-0.218218,0.417625,0.304158,0.28475,0.291309,0.427398,-0.332704,0.151138,-0.271981,0.348215,-0.218107,0.297648,-0.218107,0.235648,0.278694,-0.332704,-0.332631,0.02076,-0.111111,0.297648,-0.218107,0.2476,0.690124,0.522634,-0.407832,0.436991,0.272434,-0.218107,0.348215,-0.332414,-0.331958,-0.166956,0.446986,-0.218107,-0.957513,0.246273,-0.218103,0.356361,-0.166667,0.195859,0.395415,0.159638,-0.271981,0.0,0.348215,-0.323152,0.355571,-0.218107,0.251666,0.536868,-0.170566,-0.271981,0.190731,0.427398,-0.393231,0.417625,0.348215,0.190089,0.195859,0.304586,0.536868,0.437602,0.427398,0.216845,-0.496564,0.304158,0.522634,0.41806,-0.111111,0.241365,0.371522,0.363653,0.307979,0.714143,0.442468,-0.218107,0.690124,0.21769,-0.040706,0.714143,0.195859,-0.329969,0.2476,-0.111111,-0.395674,0.431331,0.481481,-0.395674,-0.315721,-0.249355,-0.810169,-0.203864,0.236022,-0.333054,0.159638,0.177227,-0.321201,0.2476,-0.492035,-0.315168,-0.352533,0.402633,0.42252,-0.385298,0.290914,0.159638,-0.111111,#
8,0.818957,0.222699,-0.36512,-0.636004,0.618398,-0.003816,0.819681,-0.333256,1.0,-0.403198,0.332447,0.921433,0.231185,-0.403198,0.618398,0.516276,0.185297,-0.401042,0.185013,-0.380135,-0.39888,0.186884,0.531155,-0.009958,-0.392202,-0.499763,-0.254939,-0.363853,0.54326,-0.496385,-0.810385,0.204053,-0.333256,0.211505,-0.363276,0.005909,0.612598,-0.258322,0.492142,-0.18131,0.406931,-0.383661,-0.374015,-0.319037,-0.618686,0.205246,0.531155,0.238826,0.396476,0.0432,0.47926,-0.237912,-0.333256,-0.177775,-0.005123,-0.160115,-0.647786,0.581224,-0.645326,0.590637,0.303646,-0.449385,-0.258322,0.427183,0.410423,0.465283,0.0,0.092357,0.686504,0.451208,-0.258322,-0.374625,0.0,-0.848619,-0.62941,0.002383,-0.434469,0.19207,-0.593434,-0.654169,-0.407431,-0.436492,-0.210406,-0.04396,-0.467842,-0.029317,-0.811058,-0.815752,-0.333256,-0.238682,-0.532378,-0.333256,-0.017396,-0.221498,-0.815902,-0.044587,-0.811058,-0.830148,-0.815752,-0.214882,0.47926,-0.399425,-0.593434,-0.654169,-0.017396,-0.21322,-0.663806,-0.134529,-0.62941,0.163082,-0.367422,-0.333256,-0.428972,-0.21322,-0.248952,-0.499629,-0.654169,-0.398844,-0.439773,-0.572411,-0.21322,-0.593434,-0.252051,-0.646921,-0.258322,-0.053728,-0.21322,0.228623,0.171035,-0.654156,-0.532378,-0.499884,-0.541284,-0.416142,-0.421784,-0.399425,0.0,-0.998993,0.273752,-0.223832,-0.21322,-0.4032,-0.654156,-0.244224,-0.399425,-0.186805,-0.815752,0.461058,-0.405363,-0.998993,-0.505939,-0.541284,-0.444954,-0.654156,-0.41692,-0.815752,0.191419,0.693932,-0.044587,-0.654169,-0.250658,-0.333256,-0.68048,-0.252051,-0.222853,0.425093,-0.032925,-0.210183,-0.21322,-0.499629,0.003797,0.56991,-0.032925,-0.541284,-0.093251,-0.698621,-0.333256,0.434633,0.089085,-0.336648,0.836117,0.616967,0.40718,0.138748,0.676574,-0.411463,0.184667,0.249269,-0.286067,0.667975,-0.248952,0.652741,0.611573,0.283985,-0.247655,0.118863,0.814191,-0.436492,-0.39693,0.353607,#
9,-0.237275,-0.109103,0.25714,0.04983,-0.01538,-0.408117,-0.245742,-0.272078,-0.403198,1.0,-0.002353,-0.264205,-0.009173,-0.266009,-0.815752,-0.259437,-0.815599,0.278783,0.049369,0.556908,0.562829,-0.389899,-0.625738,-0.160741,0.114162,0.612421,0.149404,-0.151873,-0.116502,0.605778,0.114162,-0.776327,-0.272078,0.356234,0.539515,0.612421,-0.002992,0.345329,-0.408027,-0.092031,0.166889,-0.198267,-0.160143,0.27139,0.587178,-0.384283,-0.625738,0.031454,0.255907,-0.116502,-0.538004,-0.391071,0.39478,0.24731,-0.112873,-0.484899,0.056908,-0.64529,0.512147,-0.25447,-0.406739,0.310157,0.345329,-0.999064,-0.224444,-0.3658,0.0,0.287931,-0.506607,-0.698603,-0.340266,-0.226657,0.0,0.241823,0.795748,0.104979,0.150062,-0.343751,0.381996,0.34815,0.166966,0.221624,-0.00418,-0.56151,0.24504,-0.229151,0.218751,0.563395,0.39478,0.791645,-0.218156,0.39478,-0.157767,0.338772,0.155263,0.24504,0.218751,0.230317,0.563395,0.40939,-0.563201,0.126857,0.381996,0.34815,-0.157767,-0.114206,0.062924,0.398089,0.40939,-0.003121,0.762544,0.39478,0.192932,-0.114206,0.084426,0.077697,0.34815,0.230317,0.12967,-0.055341,0.34815,0.381996,0.414973,0.78849,-0.340266,0.182423,0.34815,0.264168,0.204169,0.793048,-0.218156,0.592171,0.362624,0.578948,0.234544,0.563395,0.0,0.381996,-0.480989,0.00514,0.34815,0.159443,0.321811,0.333041,0.563395,0.104805,0.563395,-0.046704,0.155263,0.381996,-0.125495,-0.114452,0.648978,0.321811,0.138369,0.563395,0.108743,-0.399131,0.24504,0.34815,0.223935,0.39478,0.073529,0.414973,-0.033621,-0.186953,-0.407238,-0.449024,0.34815,0.077697,-0.090336,-0.576893,0.08126,-0.114452,0.301019,0.503537,0.39478,-0.169038,0.095136,0.049792,-0.169038,-0.39823,-0.664045,0.398329,-0.557467,0.219477,0.043107,-0.416966,-0.406322,-0.036057,0.084426,-0.334832,-0.392406,-0.356569,0.000869,0.00924,-0.558773,0.221624,0.234544,-0.272078,#
10,0.176163,-0.476537,-0.272533,-0.52252,-0.103031,-0.181575,0.63927,-0.495729,0.332447,-0.002353,1.0,0.349608,-0.12644,-0.313714,0.312417,0.803948,-0.128822,-0.374425,0.303643,-0.04729,0.009637,0.299673,-0.148837,0.303346,-0.527746,0.167633,-0.613522,-0.050243,0.3887,0.144864,-0.072188,-0.340175,-0.495729,-0.162265,0.2682,-0.170514,-0.117067,0.654623,-0.192136,0.480746,-0.296408,0.231043,-0.659519,-0.022217,0.090656,0.462699,-0.148837,-0.284955,0.733443,-0.17784,0.482645,0.42043,-0.495729,-0.119649,-0.141576,0.005612,-0.026352,-0.129877,-0.031326,-0.090043,0.051972,-0.464016,0.654623,0.015468,-0.06104,0.133682,0.0,-0.378828,-0.171194,0.11762,-0.086159,0.262315,0.0,-0.186721,-0.325335,0.106678,-0.481655,0.000871,0.140788,-0.184244,-0.297317,0.268641,-0.301017,-0.022135,0.255542,0.130843,-0.165891,-0.468653,-0.005764,-0.175373,-0.120173,-0.005764,0.755011,-0.652835,-0.032002,0.273986,-0.165891,-0.621635,-0.468653,0.144303,-0.197981,0.003023,-0.301017,0.296113,0.29786,0.315328,-0.491792,-0.431338,0.12624,0.285227,-0.515895,-0.495729,-0.168435,0.315328,-0.498783,-0.386422,-0.184244,0.312329,-0.327599,-0.496847,0.006832,-0.301017,0.567062,0.118524,-0.086159,0.116359,0.315328,0.569286,-0.348366,-0.16907,-0.120173,-0.37612,-0.393796,-0.426636,-0.293175,0.003023,0.0,-0.318689,0.583411,0.125555,0.315328,-0.493266,-0.658655,-0.075781,0.003023,0.551913,-0.468653,0.088043,-0.014113,-0.318689,-0.359946,-0.393796,-0.632675,-0.658655,-0.918108,-0.468653,-0.447486,0.240197,0.273986,-0.184244,-0.193501,-0.005764,-0.027418,0.110572,-0.15474,0.041085,-0.214172,0.093155,0.315328,-0.743214,-0.150041,-0.046987,-0.214172,-0.393796,0.219216,-0.518378,-0.005764,0.064613,-0.376211,-0.01345,0.082108,0.759417,0.189191,0.766635,0.070004,0.098456,0.140481,0.467092,0.494193,0.227421,-0.498783,0.542675,0.350975,-0.060402,-0.68907,-0.21681,0.505851,0.268641,0.467092,0.28245,#
11,0.755092,0.145881,-0.374286,-0.609681,0.517454,-0.072723,0.755718,-0.398628,0.921433,-0.264205,0.349608,1.0,0.107522,-0.539014,0.517454,0.572326,0.058928,-0.344405,0.060076,-0.227319,-0.257008,0.060638,0.288006,0.097879,-0.237098,-0.2612,-0.161802,-0.259203,0.300907,-0.21647,-0.679856,0.008953,-0.398628,0.433763,-0.293968,-0.062409,0.511287,-0.215564,0.452396,-0.281805,0.318725,-0.516557,-0.26645,-0.220133,-0.556346,0.239864,0.288006,0.398225,0.568685,-0.228539,0.414,-0.146101,-0.398628,-0.251583,-0.279432,-0.045849,-0.620653,0.361989,-0.611188,0.314552,-0.086164,-0.578178,-0.215564,0.284153,0.501937,0.091976,0.0,0.061383,0.523918,0.333985,-0.215564,-0.278074,0.0,-0.791969,-0.53248,0.045431,-0.292005,0.288098,-0.500407,-0.494195,-0.543456,-0.358242,-0.09487,-0.214381,-0.386271,-0.142969,-0.757234,-0.703573,0.059256,-0.037007,-0.600375,0.059256,0.088102,-0.024686,-0.707537,0.061857,-0.757234,-0.774891,-0.703573,-0.093592,0.414,-0.26278,-0.500407,-0.494195,0.088102,-0.027333,-0.622742,-0.075439,-0.53248,0.03559,-0.260685,-0.398628,-0.347661,-0.027333,-0.17884,-0.264206,-0.494195,-0.318242,-0.57756,-0.649229,-0.31563,-0.500407,-0.129876,-0.548139,-0.215564,-0.168722,-0.027333,0.285902,0.187852,-0.488641,-0.600375,-0.254529,-0.512066,-0.24103,-0.407099,-0.26278,0.0,-0.929799,0.42301,-0.106213,-0.027333,-0.348479,-0.488641,-0.202705,-0.26278,-0.13665,-0.703573,0.326104,-0.272873,-0.929799,-0.476919,-0.512066,-0.361884,-0.488641,-0.277333,-0.703573,0.331745,0.53008,0.061857,-0.494195,-0.120026,0.059256,-0.638152,-0.129876,-0.373055,0.268765,-0.103395,-0.111007,-0.027333,-0.597637,-0.269378,0.335004,-0.103395,-0.512066,0.008834,-0.654935,0.059256,0.27859,-0.042694,-0.310642,0.703667,0.505535,0.310001,0.213675,0.612319,-0.358229,0.038379,0.303389,-0.248102,0.798579,-0.17884,0.780784,0.499841,0.136281,-0.114929,-0.010344,0.685215,-0.358242,-0.380784,0.328599,#
12,0.461218,0.202577,-0.325412,-0.238332,0.612718,-0.49958,0.030409,-0.333053,0.231185,-0.009173,-0.12644,0.107522,1.0,-0.040784,0.210194,0.08427,0.217396,-0.019597,0.57004,-0.373247,-0.439726,0.220983,0.493773,0.008858,-0.385484,-0.49946,0.193182,0.061326,0.505702,-0.496083,-0.401807,0.179797,-0.333053,0.224795,-0.019488,0.488224,0.622095,-0.242158,0.013369,0.237298,0.410151,-0.376929,-0.06735,-0.35364,-0.192443,-0.081116,0.493773,-0.397724,-0.127883,0.505702,-0.179106,-0.605871,0.312399,0.242944,0.500921,-0.383218,-0.684132,0.479658,0.209888,0.111148,0.378488,0.432982,-0.242158,0.010696,0.24954,0.415433,0.0,-0.428979,0.090283,0.381508,-0.242158,-0.393573,0.0,-0.42462,-0.241273,0.47539,-0.419948,-0.643492,-0.228841,-0.653771,-0.017154,-0.440286,-0.609656,-0.416852,-0.424692,-0.814151,-0.440268,-0.431553,-0.333053,0.198653,-0.277397,-0.333053,-0.393679,0.207893,-0.414781,-0.837727,-0.440268,-0.033845,-0.431553,-0.615228,0.430596,-0.025279,-0.624607,-0.22347,-0.803193,-0.22347,-0.259081,-0.055044,-0.210709,0.164976,0.055476,0.312399,-0.046047,-0.22347,-0.676647,-0.499325,-0.653771,-0.018502,0.366735,-0.162154,-0.247375,-0.624607,-0.209459,0.152908,-0.242158,-0.427692,-0.653771,0.318904,-0.466571,-0.239555,-0.277397,-0.015491,-0.066711,-0.048417,-0.39542,-0.431553,0.0,-0.228841,-0.265813,-0.997054,-0.653771,-0.08572,-0.239555,0.406393,-0.431553,-0.369816,-0.431553,0.83341,-0.815406,-0.228841,-0.033127,-0.528474,-0.042005,-0.239555,-0.021161,-0.431553,0.202107,0.696357,-0.837727,-0.653771,-0.524261,-0.333053,-0.675719,-0.61838,0.575855,0.010223,-0.498503,-0.212913,-0.653771,-0.029307,0.46705,0.589745,-0.025687,-0.528474,-0.182298,0.167821,-0.333053,0.80949,0.496324,-0.777124,0.4177,0.214534,0.410345,0.095633,0.228055,0.067266,0.578625,-0.344973,-0.4777,0.256598,-0.676647,0.212611,0.595196,0.693695,0.158836,0.195287,0.406747,-0.440286,-0.370197,0.364035,#
13,-0.270213,0.350707,0.333852,0.548135,-0.01538,0.632182,-0.245742,0.421455,-0.403198,-0.266009,-0.313714,-0.539014,-0.040784,1.0,-0.01538,-0.129198,0.021005,0.380017,0.427864,-0.210621,0.158869,0.412057,0.378809,-0.580316,-0.206269,-0.40802,0.083032,0.60749,-0.135893,-0.405261,0.21535,0.587805,0.421455,-0.534351,-0.312916,0.0822,-0.0199,0.124884,0.102195,-0.109024,0.14956,0.100825,0.608596,0.167922,-0.004117,-0.27624,0.378809,0.030647,-0.513149,-0.135893,-0.310224,0.191613,0.39478,0.005537,-0.114386,-0.02329,0.540695,0.324754,0.102193,-0.065973,0.219168,-0.011929,0.124884,0.242232,0.15072,0.145411,0.0,-0.025447,0.093133,0.138764,0.124884,-0.126887,0.0,0.656456,0.014674,-0.551146,0.590463,-0.352818,-0.020535,-0.071724,0.166966,-0.142473,-0.390356,0.244904,0.268747,0.158356,0.241846,0.166966,-0.272078,-0.089008,0.049191,-0.272078,-0.183153,-0.09779,0.178258,-0.157986,0.241846,0.253628,0.166966,-0.033621,0.319698,0.150177,-0.00418,-0.089507,-0.166229,-0.089507,0.087736,-0.089765,0.384314,-0.401475,-0.283088,0.39478,0.265328,-0.089507,0.075359,0.126829,-0.071724,-0.182762,0.604119,0.171054,-0.114206,-0.00418,-0.000939,0.0075,0.124884,0.182423,-0.53408,-0.498414,-0.087501,-0.106129,0.049191,0.092027,-0.085782,0.125645,0.272868,-0.269572,0.0,0.404712,-0.077579,-0.003121,-0.53408,0.50279,0.365108,-0.541559,-0.269572,0.237083,0.166966,0.119245,-0.235654,0.404712,-0.096973,0.391295,-0.149662,0.365108,0.179066,0.166966,0.038176,-0.013908,-0.157986,-0.071724,0.275685,-0.272078,0.514106,0.01596,0.432609,0.251383,0.630819,0.059402,-0.53408,0.612436,-0.110245,0.312389,0.142322,0.391295,0.007803,0.109613,-0.272078,0.234667,0.094057,-0.172494,-0.170117,-0.015159,-0.26425,-0.248956,-0.073878,0.007863,0.476491,-0.378642,0.193588,-0.390114,0.075359,-0.364362,-0.004768,-0.084855,0.01716,0.453139,-0.165656,-0.142473,0.272868,-0.272078,#
14,0.419874,0.229363,-0.371433,-0.215168,0.231087,0.0,0.427937,-0.333136,0.618398,-0.815752,0.312417,0.517454,0.210194,-0.01538,1.0,0.497352,0.595624,-0.427921,0.146542,-0.809493,-0.395533,0.180211,0.512573,0.401845,-0.388845,-0.499584,-0.343539,0.067269,0.52459,-0.496207,-0.405047,0.583691,-0.333136,-0.218089,-0.509747,-0.499584,0.218671,-0.238126,0.499593,0.230503,-0.0,0.042255,-0.044852,-0.312133,-0.611697,0.673974,0.512573,-0.110797,0.089749,0.020864,0.455082,0.209245,-0.333136,-0.453901,0.027618,0.275254,-0.224703,0.530786,-0.65472,0.173939,0.351889,-0.458409,-0.238126,0.816718,0.225261,0.440517,0.0,-0.402168,0.342791,0.818818,0.420521,0.031335,0.0,-0.438982,-0.997522,-0.006004,-0.431386,0.20519,-0.197283,-0.653934,-0.404145,-0.399882,-0.204266,0.367677,-0.430914,-0.023267,-0.408236,-0.815459,-0.333136,-0.653893,-0.010275,-0.333136,0.398336,-0.218089,-0.417967,-0.414515,-0.408236,-0.423716,-0.815459,-0.208784,0.455082,0.007169,-0.590103,-0.226836,-0.008129,0.217345,-0.227881,-0.538311,-0.224844,0.20193,-0.759384,-0.333136,-0.392013,0.217345,-0.239065,-0.49945,-0.653934,0.01075,-0.405862,-0.130498,-0.209752,-0.590103,-0.215566,-0.589965,0.420521,-0.430767,-0.209752,0.315478,-0.344578,-0.653921,-0.010275,-0.499704,-0.492478,-0.812564,-0.351977,-0.39608,0.0,-0.605815,0.65586,-0.217802,-0.209752,-0.338345,-0.653921,-0.223925,-0.39608,-0.217012,-0.815459,0.285441,-0.402061,-0.605815,-0.001096,-0.034154,-0.818338,-0.653921,-0.413703,-0.815459,-0.228942,0.694566,-0.414515,-0.653934,-0.485105,-0.333136,-0.241862,-0.621443,-0.186478,0.015221,-0.029331,0.167437,-0.209752,-0.49945,-0.03108,0.58911,-0.498627,-0.034154,-0.086325,-0.659123,-0.333136,0.404428,-0.334706,-0.333136,0.419983,0.588428,0.801024,0.097163,0.686236,-0.362156,0.14806,0.323996,0.285099,0.246236,-0.239065,0.624137,0.5825,0.556301,-0.242063,-0.248924,0.787644,-0.399882,-0.326941,0.358762,#
15,0.331658,-0.315343,-0.326704,-0.636647,0.106352,-0.06917,0.767721,-0.398743,0.516276,-0.259437,0.803948,0.572326,0.08427,-0.129198,0.497352,1.0,0.082041,-0.372189,0.486911,-0.22234,-0.252193,0.485277,0.266258,0.108535,-0.678083,-0.258985,-0.272662,0.198132,0.279063,-0.213966,-0.249334,-0.013451,-0.398743,-0.019534,0.097174,-0.058784,0.093182,0.503477,-0.079132,0.153514,-0.112915,-0.066404,-0.37357,-0.21191,-0.078897,0.253592,0.266258,0.029115,0.575772,-0.254139,0.387624,0.328032,-0.398743,-0.300289,-0.246718,-0.071392,-0.172189,0.306656,-0.169556,-0.128882,-0.038067,-0.588346,0.503477,0.263567,0.508159,0.062802,0.0,-0.462361,0.139422,0.247551,-0.193711,0.152575,0.0,-0.357394,-0.528136,0.036854,-0.287442,-0.150296,-0.08002,-0.492376,-0.540671,0.075282,-0.495826,-0.198384,0.05487,-0.137353,-0.329918,-0.701924,0.062388,-0.031946,-0.330595,0.062388,0.52892,-0.481235,-0.285004,0.072228,-0.329918,-0.762846,-0.701924,-0.086134,0.387624,0.168841,-0.495826,-0.040286,0.098671,0.429887,-0.606672,-0.576048,-0.103134,0.05143,-0.700935,-0.398743,0.090066,0.429887,-0.620547,-0.262014,-0.492376,0.116157,-0.142531,-0.633882,-0.312545,-0.495826,0.306945,-0.114887,-0.193711,-0.163293,-0.022203,0.378091,-0.357927,-0.486783,-0.330595,-0.252266,-0.490159,-0.236124,-0.373353,-0.258004,0.0,-0.512458,0.746305,-0.098846,-0.022203,-0.318134,-0.486783,-0.18076,-0.258004,0.558237,-0.701924,0.322859,-0.268167,-0.512458,-0.454779,-0.490159,-0.781339,-0.486783,-0.698059,-0.701924,-0.112347,0.529126,0.072228,-0.492376,-0.118326,0.062388,-0.173115,-0.122683,0.057422,0.280338,-0.100068,0.289554,-0.022203,-0.59781,-0.242439,0.35328,-0.100068,-0.490159,0.016952,-0.638988,0.062388,0.3023,-0.178572,-0.306517,0.318765,0.907419,0.330245,0.622628,0.190307,0.183795,0.335483,0.342175,0.356946,0.410074,-0.620547,0.81104,0.522675,0.158311,-0.452484,-0.002349,0.711239,0.075282,0.342175,0.333642,#
16,0.014638,-0.225517,-0.32139,-0.189317,-0.193191,0.003728,-0.001159,0.338045,0.185297,-0.815599,-0.128822,0.058928,0.217396,0.021005,0.595624,0.082041,1.0,-0.378062,-0.240046,-0.373395,-0.815129,0.236507,0.510274,0.400107,0.039288,-0.499491,0.138968,-0.008742,0.014889,-0.496114,0.070719,0.581466,0.338045,-0.231066,-0.136412,-0.499491,-0.195862,-0.375653,-0.005767,0.251576,-0.411888,0.37266,-0.026699,-0.455304,-0.264979,0.238228,0.510274,-0.25477,-0.458897,0.522279,0.452121,0.243553,-0.333074,-0.123826,0.521385,0.424994,-0.182063,0.524671,-0.170775,0.135897,0.404709,0.155625,-0.375653,0.814773,0.105081,0.281586,0.0,-0.428733,0.305896,0.453685,0.263213,0.475099,0.0,-0.353605,-0.57673,0.31793,-0.380163,0.219305,-0.17544,-0.206399,0.006084,0.044254,0.183568,0.427788,-0.344805,0.013888,0.032367,-0.392877,-0.333074,-0.65377,0.540103,-0.333074,0.032767,-0.231066,0.033084,-0.376617,0.032367,0.021723,-0.392877,-0.592308,0.452121,0.029553,-0.190681,-0.189828,0.016997,0.241014,0.232875,-0.424469,-0.561153,0.212287,-0.521085,-0.333074,0.056423,0.241014,-0.211607,0.0181,-0.206399,0.020854,0.057598,0.336605,-0.22297,-0.190681,-0.555537,-0.554774,0.263213,-0.379618,-0.22297,-0.228481,-0.352593,-0.653798,0.540103,-0.499611,0.039968,-0.409883,-0.252841,-0.408522,0.0,-0.160199,0.274707,-0.181154,-0.22297,-0.23426,-0.197791,0.248899,-0.408522,-0.171619,-0.392877,-0.053707,0.002229,-0.160199,0.513477,0.039968,-0.400154,-0.197791,0.002999,-0.392877,-0.223145,0.301162,-0.376617,-0.206399,-0.39221,-0.333074,-0.164591,-0.571284,0.25669,0.020669,0.033265,0.6431,-0.22297,0.0181,0.498349,0.467606,0.033265,0.039968,-0.542935,-0.17781,-0.333074,0.009857,0.10996,0.101082,-0.020318,0.213223,0.825378,-0.478473,0.223902,0.174131,-0.25872,0.402831,0.338981,-0.184596,-0.211607,0.196224,0.203595,0.581724,0.199979,-0.156848,0.391593,0.044254,-0.228556,0.338045,#
17,-0.024648,0.279577,0.672906,0.698633,-0.014962,0.316265,-0.546225,0.227062,-0.401042,0.278783,-0.374425,-0.344405,-0.019597,0.380017,-0.427921,-0.372189,-0.378062,1.0,0.083126,0.433121,0.260945,0.125539,-0.195303,-0.386393,0.432256,0.167871,0.35826,0.062829,-0.344278,0.181955,0.411748,-0.266902,0.227062,0.424706,-0.416447,0.173594,-0.004745,-0.286031,0.316654,-0.301692,0.40038,-0.157993,0.633848,-0.065716,0.114806,-0.222824,-0.195303,0.16869,0.038545,-0.319754,-0.099276,-0.2061,-0.0,0.41296,-0.293469,0.026488,0.106966,-0.230796,0.136397,-0.35288,-0.23862,0.319142,-0.286031,-0.297774,-0.216174,-0.282573,0.0,0.295126,-0.381313,0.058188,-0.286031,-0.402863,0.0,0.514507,0.404326,0.113982,0.378036,-0.29281,-0.145856,0.295541,-0.222324,0.120033,0.005525,0.121165,0.648088,-0.135932,-0.00674,0.279039,0.194625,0.272506,-0.247084,0.194625,-0.429899,0.276059,0.395961,0.108399,-0.00674,0.536343,0.279039,-0.162634,-0.129917,-0.170145,-0.125966,0.273916,-0.409319,-0.180208,0.136382,0.315274,0.365927,-0.003348,0.510316,0.0,0.100615,-0.180208,0.12374,0.316799,0.295541,-0.535209,0.397663,0.079534,-0.410875,-0.125966,0.497779,0.379662,-0.286031,0.410117,-0.288333,-0.212978,0.310591,0.146936,-0.247084,0.145969,0.313784,0.404676,0.598398,-0.272233,0.0,0.391158,-0.388681,-0.020091,-0.288333,0.847602,0.279178,-0.245142,-0.272233,-0.214064,0.279039,0.160718,-0.127513,0.391158,-0.314928,0.291471,0.550842,0.279178,0.399369,0.279039,0.282763,-0.424158,0.108399,0.295541,0.717027,0.194625,0.10934,0.51833,0.006776,-0.375055,0.317011,-0.376231,-0.288333,0.175073,-0.27993,-0.221829,0.339859,0.291471,-0.179721,0.71671,0.194625,0.110262,-0.069519,-0.194625,-0.401667,-0.391102,-0.551169,-0.317881,-0.16721,-0.340299,0.31142,-0.035419,-0.232826,0.095091,0.12374,-0.165742,0.105874,-0.526775,-0.026415,0.018319,-0.276094,0.120033,-0.257255,-0.648749,#
18,0.378451,0.227572,-0.129908,-0.178145,0.574005,0.019774,0.388314,-0.329558,0.185013,0.049369,0.303643,0.060076,0.57004,0.427864,0.146542,0.486911,-0.240046,0.083126,1.0,-0.321271,0.008624,0.585151,0.481942,-0.461208,-0.801394,-0.494219,-0.176387,0.419957,0.493716,-0.490878,-0.368,0.195384,-0.329558,-0.163968,-0.04649,0.554688,0.56983,0.390944,0.010071,0.152837,0.460467,-0.342104,-0.033503,-0.005863,-0.095768,-0.162348,0.481942,-0.206858,0.15994,-0.024532,-0.205212,-0.206279,0.329558,0.13134,-0.012338,-0.504276,-0.188041,0.456464,0.190604,0.062512,0.313298,-0.112011,0.390944,-0.052129,0.395601,0.402179,0.0,-0.336522,0.125395,0.266029,-0.338818,-0.457659,0.0,0.008364,-0.185428,-0.148231,-0.008535,-0.753308,-0.185907,-0.646911,-0.101414,-0.364932,-0.98791,-0.394384,0.041709,-0.422599,-0.39444,-0.414875,-0.329558,0.256678,-0.5602,-0.329558,-0.070626,-0.215747,-0.381379,-0.396942,-0.39444,-0.386624,-0.414875,-0.214803,0.417397,0.016595,-0.606218,-0.189923,-0.505537,-0.189923,-0.632232,-0.168078,0.214803,-0.155587,-0.309851,0.329558,0.038101,-0.189923,-0.668666,-0.494086,-0.646911,-0.07327,0.446988,-0.541516,-0.231912,-0.606218,0.250083,0.232133,-0.338818,0.013258,-0.646911,0.225398,-0.393859,-0.223926,-0.5602,-0.0,-0.449435,0.007907,-0.273488,-0.414875,0.0,-0.185907,0.007668,-0.609192,-0.646911,0.028401,-0.223926,-0.271372,-0.414875,0.297188,-0.414875,0.81766,-0.80685,-0.185907,-0.582977,-0.485707,-0.389053,-0.223926,-0.40926,-0.414875,0.138924,0.626221,-0.396942,-0.646911,-0.156547,-0.329558,-0.213287,-0.184199,0.556285,0.378961,-0.010446,-0.277764,-0.646911,-0.014117,-0.015988,0.563434,0.026695,-0.485707,0.17821,-0.170776,-0.329558,0.830042,0.289984,-0.76897,0.413954,0.585146,-0.06445,0.48521,0.161245,0.049718,0.934015,-0.402277,-0.146134,0.242064,-0.668666,0.227889,0.604929,0.224533,-0.282855,0.517661,0.418682,-0.364932,0.241669,0.197735,#
19,-0.214744,-0.530124,0.281576,0.040906,-0.376695,0.136332,-0.223514,0.451767,-0.380135,0.556908,-0.04729,-0.227319,-0.373247,-0.210621,-0.809493,-0.22234,-0.373395,0.433121,-0.321271,1.0,0.113935,0.07652,-0.531366,-0.219088,0.543435,0.535214,0.252687,-0.20316,-0.663515,0.544137,0.543435,-0.709827,0.451767,0.397251,0.395625,0.146911,-0.36973,0.164051,-0.404896,-0.17213,-0.210262,0.049165,-0.08409,0.136978,0.462459,-0.455197,-0.531366,0.127298,0.226031,-0.117841,0.109691,0.076361,-0.269991,0.558569,-0.121379,0.074386,0.047882,-0.511426,0.523504,-0.207046,-0.416085,0.292892,0.164051,-0.549686,-0.241977,-0.533631,0.0,0.300121,-0.299359,-0.622783,-0.549446,0.1992,0.0,0.240835,0.809188,0.252994,0.231924,0.084709,-0.06265,0.763043,0.146761,0.632241,0.379904,-0.183373,0.663051,0.146562,0.217926,0.559934,0.425035,0.38723,0.008572,0.425035,-0.217091,-0.07525,0.542839,0.663051,0.217926,0.229411,0.559934,-0.045234,-0.420583,-0.247717,0.379904,0.281871,0.240835,-0.092373,0.063358,0.453703,-0.045234,-0.063193,0.561901,-0.269991,0.291716,-0.092373,0.084709,0.657839,0.763043,-0.224739,0.209415,-0.064031,-0.155737,0.379904,0.370234,0.344356,-0.549446,0.584932,0.281871,-0.355785,0.355103,0.297478,0.008572,0.116283,0.383977,0.679707,0.265005,0.10563,0.0,0.379904,-0.380955,0.393049,0.281871,0.245291,0.406459,0.152674,0.10563,0.308464,0.559934,-0.363983,0.542839,0.379904,-0.123478,-0.112515,0.663984,0.406459,0.219193,0.559934,0.222012,-0.75861,0.663051,0.763043,0.626105,0.425035,0.073888,0.827498,0.045979,-0.075154,0.167812,0.074723,0.281871,0.151721,-0.048383,-0.635099,0.676189,-0.112515,-0.108652,0.520876,0.425035,-0.522267,0.207112,0.457113,-0.522267,-0.350433,-0.633765,-0.195695,-0.525736,0.286119,-0.337815,0.265005,-0.028781,0.029278,0.084709,-0.259974,-0.344121,-0.734984,0.114173,0.093701,-0.508571,0.632241,0.265005,-0.269991,#
20,-0.266146,0.342098,0.229907,0.514719,-0.022974,0.117115,-0.241438,-0.271921,-0.39888,0.562829,0.009637,-0.257008,-0.439726,0.158869,-0.395533,-0.252193,-0.815129,0.260945,0.008624,0.113935,1.0,-0.418501,-0.634919,-0.152351,0.121772,0.622165,-0.317657,0.268151,-0.121032,0.615433,0.121772,-0.293854,-0.271921,-0.093413,-0.001333,0.067212,-0.027766,0.318525,0.107185,-0.087607,0.141401,-0.193627,0.268403,0.717324,0.121869,0.08385,-0.634919,0.156699,0.249536,-0.650254,-0.52023,0.095286,0.374228,-0.085689,-0.633074,-0.035007,0.506925,-0.653431,0.06382,-0.258594,-0.464765,-0.319067,0.318525,-0.570094,-0.260219,-0.37171,0.0,0.286412,-0.398992,-0.304261,0.318525,-0.218957,0.0,0.632585,0.405331,-0.539883,0.544445,0.088365,0.378035,0.356679,0.159108,-0.157428,0.003852,-0.165887,0.257182,0.166413,0.214822,0.55923,0.401151,0.346665,-0.218032,0.401151,0.245404,0.329591,0.163301,0.257182,0.214822,0.226345,0.55923,0.795289,-0.571094,0.118625,0.378035,0.356679,0.245404,-0.109985,0.058802,0.397859,0.795289,-0.38048,0.343576,0.374228,-0.206307,-0.109985,0.503246,0.082457,0.356679,0.226345,-0.275589,-0.061442,0.339727,0.378035,0.426894,0.418737,0.318525,0.190698,0.356679,0.171983,0.184987,0.788446,-0.218032,0.581535,-0.119107,0.15599,0.234408,0.55923,0.0,0.378035,-0.06734,0.398638,0.356679,0.156318,0.312817,-0.354901,0.55923,0.081647,0.55923,-0.260271,0.163301,0.378035,-0.130119,0.362415,0.249876,0.312817,0.13001,0.55923,0.075312,-0.435382,0.257182,0.356679,0.230137,0.401151,0.488848,0.426894,-0.431766,-0.221743,0.086047,-0.445193,0.356679,0.062852,-0.649046,-0.607584,-0.407003,0.362415,0.7629,0.08023,0.401151,-0.204605,-0.393452,0.056538,-0.204605,-0.420136,-0.691164,0.358853,-0.097854,-0.268558,0.004795,-0.396869,-0.007515,-0.056015,0.503246,-0.354689,-0.414579,-0.542422,-0.035188,-0.026254,-0.581167,-0.157428,0.234408,-0.271921,#
