0,1.0,0.231976,-0.085632,-0.105094,0.394239,0.01136,-0.134972,0.349651,-0.249769,0.242536,-0.49958,0.317387,0.472348,0.140599,0.601566,0.243223,0.0,-0.408127,0.112032,-0.166667,-0.223479,0.649315,-0.203153,-0.499545,-0.326279,0.004031,0.217465,-0.327241,0.231144,0.362658,-0.499828,0.312973,0.0,-0.118052,-0.348325,0.495308,-0.611965,-0.218052,0.0,0.386706,0.09796,-0.101994,0.257666,0.233788,-0.166667,0.246794,0.400945,-0.065094,-0.340278,0.231144,-0.63577,-0.229817,0.666667,-0.603484,0.319623,-0.324127,-0.365895,0.133739,0.152783,-0.835167,-0.085751,0.214985,0.117031,0.117959,0.283926,0.178944,-0.166667,0.213441,0.198615,-0.607147,0.221776,-0.753145,-0.166667,-0.249873,-0.418754,-0.075378,-0.166667,-0.266797,-0.327154,-0.611749,-0.408248,-0.611749,-0.327154,-0.499613,0.07194,-0.166667,-0.499604,-0.249873,-0.249873,-0.231322,-0.327327,-0.327154,-0.006141,-0.327154,-0.327154,0.207617,-0.327161,-0.49973,-0.249873,-0.499604,0.006285,-0.327161,0.28575,-0.25,-0.499604,-0.166667,-0.005811,-0.499604,0.356961,-0.327154,-0.407465,0.0,-0.166667,-0.49973,-0.499604,-0.011485,0.0,-0.034818,0.163013,-0.408034,-0.166667,-0.407661,-0.418754,0.377686,-0.013267,-0.10119,0.355856,0.111339,0.162895,-0.166667,-0.029371,-0.499056,-0.327154,0.250679,-0.611807,-0.327154,-0.166667,-0.499604,0.323153,-0.611749,-0.327154,-0.47799,-0.249873,-0.632198,-0.499604,0.0,0.175882,-0.49111,-0.407971,-0.249461,-0.405465,-0.378405,0.666667,-0.408034,-0.226977,0.0,0.306634,0.054228,-0.611749,0.196284,-0.466581,-0.166667,-0.166667,-0.407971,0.064958,0.229819,0.316551,0.16311,-0.25,-0.327161,-0.228792,-0.013267,0.0,-0.029371,0.628092,0.194937,-0.166667,-0.20539,0.325791,0.228218,-0.087678,0.285964,0.258729,0.40719,0.238366,-0.408034,0.498656,-0.672953,0.441821,0.396104,-0.499604,0.396104,0.164251,0.221491,-0.118013,-0.166667,0.153574,-0.017032,0.260651,-0.019118,#
1,0.231976,1.0,-0.799939,0.105579,0.11791,0.227253,-0.355594,-0.326925,-0.32695,-0.193302,-0.220166,-0.01192,-0.193079,-0.461383,0.38776,0.371982,5e-05,-0.534242,-0.534229,-0.218168,0.004402,0.432277,-0.033387,-0.220017,0.072274,-0.22016,-0.214999,0.047921,0.35563,0.769901,-0.654279,-0.513829,0.0,0.099434,0.339492,0.254485,0.077741,-0.059615,5e-05,0.770711,0.456728,-0.801066,0.414671,0.522549,-0.218168,0.389317,0.123925,-0.258555,0.277627,0.35563,0.2365,-0.044472,0.527469,0.070808,0.456114,0.079964,0.350009,0.245239,0.270139,-0.393902,-0.304066,-0.41776,0.226966,0.269647,-0.033918,-0.411189,-0.218168,0.493205,0.477193,0.122422,-0.131542,-0.012479,-0.218168,-0.327085,0.301232,0.057454,-0.218168,0.429783,0.032525,0.077713,-0.094704,0.077713,0.032525,-0.213734,0.334563,-0.218168,-0.23341,-0.327085,0.226535,-0.055733,0.041582,0.520402,0.238211,-0.428247,-0.428247,-0.428247,-0.428256,-0.228577,-0.327085,0.211906,0.283157,0.502513,0.414558,-0.327252,-0.23341,-0.218168,-0.65415,0.211906,0.226535,0.032525,-0.533374,0.0,-0.218168,-0.228577,-0.23341,0.211906,0.0,0.212115,0.010804,0.35755,-0.218168,-0.533631,0.301232,0.532638,0.078812,-0.33317,0.214906,0.219118,0.254237,0.499853,-0.233116,-0.653269,0.032525,0.039798,-0.370018,-0.428247,-0.218168,-0.653986,0.465311,0.077713,-0.428247,-0.182564,0.226535,-0.488073,-0.23341,0.654506,0.022066,-0.241139,0.344758,-0.326546,-0.530757,-0.772061,-0.218168,-0.101023,-0.536875,0.0,-0.366442,-0.322687,0.077713,0.040113,-0.129469,-0.218168,-0.218168,-0.534037,-0.110667,0.366841,0.180209,-0.739504,0.211264,-0.428256,0.008386,-0.635662,0.0,0.197102,-0.050694,0.301232,0.499853,-0.475986,-0.000704,-0.23294,-0.776911,-0.118459,0.41059,0.1369,0.380483,-0.101023,0.26215,-0.500982,0.273954,0.126855,-0.23341,0.574453,0.309355,0.36627,0.136664,-0.218168,0.289245,0.202069,-0.174076,0.600614,#
2,-0.085632,-0.799939,1.0,0.132174,-0.282046,-0.409384,0.61016,0.439399,0.420736,0.045691,0.395362,-0.166036,-0.002194,0.345174,-0.164584,0.043549,-9.4e-05,0.249857,0.702449,0.293226,-0.194391,-0.208372,-0.085078,-0.045035,0.01925,0.394911,0.181706,0.061415,0.116286,-0.610957,0.388278,0.419932,0.0,-0.295613,-0.461394,-0.021617,-0.242011,-0.099472,-9.4e-05,-0.610967,-0.786779,0.599628,-0.164986,-0.222818,0.267277,-0.547694,0.159586,-0.039671,-0.415032,0.116286,-0.32913,-0.104277,-0.407402,0.150716,-0.56642,0.036167,0.065659,-0.316105,-0.374356,0.152786,0.651524,0.500573,-0.367908,0.152511,-0.164774,0.283681,0.293226,-0.12628,-0.582131,-0.338097,0.418441,-0.155697,0.215378,0.382926,-0.417716,0.267579,0.293226,-0.597959,-0.400046,-0.283471,0.225646,-0.283471,-0.350089,-0.040308,-0.162037,0.215378,-0.011534,-0.119491,-0.157283,-0.117197,0.066252,-0.400046,-0.038915,0.508971,0.032913,0.525623,0.059491,-0.037274,-0.157283,-0.026733,-0.367245,-0.799715,-0.551675,0.361991,-0.026733,0.293226,0.37799,-0.026733,-0.100594,0.076013,0.239694,0.0,0.293226,0.402417,-0.026733,-0.446062,0.0,0.00253,0.145175,-0.199149,-0.407402,0.638815,-0.417716,-0.257057,-0.213695,0.138643,-0.12979,-0.319986,-0.311464,-0.407402,0.421168,0.363024,-0.400046,0.224737,0.148562,0.049565,0.293226,0.383654,-0.445273,-0.283471,0.508971,-0.090718,-0.157283,0.275604,-0.011534,-0.801833,-0.32313,0.047136,-0.18602,0.420613,0.651185,0.588138,0.293226,0.248315,0.347796,0.0,0.198565,0.308274,-0.283471,0.118167,-0.191024,-0.407402,0.215378,0.215057,-0.142786,-0.423418,-0.607971,0.619405,-0.144018,0.092168,-0.17282,0.483472,0.0,0.01692,0.240902,-0.360387,-0.407402,0.315592,-0.131,0.079592,0.564312,-0.023534,0.007407,0.150723,-0.45772,0.232663,-0.022283,0.353991,0.126596,-0.276308,-0.026733,-0.276308,-0.418547,-0.418648,-0.33645,0.267277,-0.319607,-0.385931,0.023335,-0.330995,#
3,-0.105094,0.105579,0.132174,1.0,-0.264859,0.004481,0.176892,0.420735,-0.610539,-0.504118,-0.012843,-0.147588,-0.448785,-0.352338,0.253193,0.596432,-9.4e-05,-0.592393,-0.139169,-0.407402,-0.604048,0.228204,-0.522089,-0.436428,0.50653,0.37922,-0.405923,0.061415,0.117035,-0.075311,-0.440041,-0.535279,0.0,-0.295613,-0.425934,-0.004615,-0.209616,0.341872,-9.4e-05,-0.095526,-0.29654,-0.241376,0.105808,0.186028,0.267277,0.395133,0.176892,-0.711469,0.047607,0.117035,-0.304383,0.344907,-0.407402,0.098657,0.373636,0.5282,0.104368,0.329392,-0.399135,0.157431,0.651524,0.039838,0.187439,0.650681,-0.047129,-0.413831,-0.407402,0.529291,-0.436792,-0.206124,-0.038899,-0.12117,0.215378,-0.157283,-0.398606,0.88959,-0.407402,0.359464,0.049565,-0.26805,0.241536,-0.26805,0.099522,-0.431012,-0.187239,0.215378,-0.035674,-0.610792,0.382926,-0.117197,0.524921,0.525623,0.399953,-0.400046,-0.400046,0.032913,-0.407594,-0.021894,-0.157283,-0.011534,0.274675,0.108506,0.365806,-0.144018,-0.446062,-0.407402,-0.037274,-0.011534,0.420718,0.049565,-0.613531,0.0,-0.407402,-0.021894,-0.446062,0.383654,0.0,0.00253,-0.796941,0.67092,-0.407402,-0.227375,-0.398606,0.609133,0.510325,-0.286739,-0.12979,-0.299499,-0.285127,0.293226,-0.42757,-0.475419,0.049565,-0.23454,-0.281003,0.049565,0.293226,-0.446062,-0.098111,-0.26805,-0.400046,-0.532531,0.382926,0.370387,-0.035674,-0.381455,-0.798436,-0.305176,0.230483,-0.134569,0.186326,0.037502,0.267276,0.223456,-0.129283,0.0,0.184925,-0.4822,-0.26805,-0.33209,-0.449883,-0.407402,0.215378,-0.627024,-0.996012,0.137163,-0.607971,-0.327479,0.381453,-0.799715,-0.114529,-0.186841,0.0,-0.007774,0.252468,-0.360387,0.293226,-0.072558,-0.51915,-0.496032,-0.258949,0.093499,0.637638,0.189579,0.142264,-0.199149,0.016032,0.353991,0.639499,-0.23789,-0.446062,0.608323,0.408317,-0.308296,-0.266016,0.267277,-0.192083,0.004773,-0.290049,-0.009525,#
4,0.394239,0.11791,-0.282046,-0.264859,1.0,0.052547,-0.319266,-0.15675,-0.137099,0.120477,-0.83942,0.3637,0.408177,-0.278659,0.239969,0.080163,0.0,0.250153,-0.20948,-0.40738,0.579494,-0.139569,0.381168,-0.39388,-0.392666,-0.427193,0.014098,-0.346587,0.055814,0.433172,-0.398283,0.272126,0.0,0.187093,-0.116901,0.382544,-0.239973,-0.523008,0.0,-0.068791,0.08717,0.146043,-0.408868,0.094143,0.275967,-0.041441,0.560281,0.477328,0.221443,0.055814,-0.208036,-0.535851,0.30225,-0.254635,0.31312,-0.31236,-0.40279,-0.242033,0.326763,-0.341014,-0.074375,0.015622,0.049749,-0.48093,-0.472653,0.339128,-0.40738,0.122396,0.481555,-0.190245,0.294773,-0.467812,-0.40738,-0.610759,-0.373443,-0.053491,-0.40738,-0.076962,-0.317481,-0.228312,-0.595505,-0.228312,-0.317481,0.01343,-0.588031,-0.40738,-0.781062,0.414866,-0.083874,-0.102534,-0.800079,-0.33534,-0.444991,-0.378001,0.104174,-0.394868,-0.326586,-0.386695,-0.063609,-0.412491,-0.28098,0.128979,-0.06609,-0.118272,-0.396191,-0.40738,-0.012829,-0.412491,0.375462,-0.799656,0.239793,0.0,-0.40738,-0.832036,-0.396191,0.012225,0.0,-0.39624,0.056554,-0.560922,0.30225,-0.201368,-0.373443,-0.258091,0.339463,0.535038,-0.094921,0.555857,-0.267252,-0.40738,-0.426579,-0.005491,-0.317481,0.188461,-0.650307,-0.317481,-0.40738,-0.396191,0.315441,-0.228312,-0.378001,-0.299122,-0.083874,-0.232621,-0.781062,0.039424,0.110943,0.431834,-0.567069,-0.12843,-0.638432,-0.445824,0.223402,-0.99735,-0.553304,0.0,0.175656,0.072153,-0.228312,0.084605,-0.19638,0.30225,-0.40738,-0.159919,0.254693,0.111141,0.451051,-0.07594,-0.61107,0.087122,-0.485979,0.339463,0.0,-0.820274,0.234838,0.091083,0.275967,-0.118388,0.333942,-0.228889,0.151027,0.21839,0.066465,-0.269276,0.585139,-0.601021,0.396754,-0.302447,0.130179,0.160256,-0.396191,0.143872,0.40493,0.180928,-0.234695,0.275967,0.378607,-0.001791,-0.51208,-0.416045,#
5,0.01136,0.227253,-0.409384,0.004481,0.052547,1.0,-0.002886,0.012105,-0.499366,0.057307,-0.20577,0.278179,0.233554,0.397258,0.027215,0.037576,-2.3e-05,0.003382,-0.40628,-0.333219,-0.031677,0.411805,0.23938,-0.17378,0.192995,-0.205643,0.434048,-0.654258,0.017942,0.001336,-0.193508,0.186109,0.0,-0.026225,0.182896,0.231206,0.013595,-0.203445,-2.3e-05,0.50386,0.655102,0.013595,0.066346,-0.004932,0.323121,0.251139,0.028981,0.327614,0.462259,0.017942,0.369775,-0.216436,0.348365,-0.355493,0.190063,-0.1871,-0.001847,0.383137,-0.305846,-0.070476,-0.190925,-0.665803,-0.03576,-0.043326,0.254142,-0.331436,-0.333219,0.223948,0.109802,-0.359362,-0.72337,-0.170477,-0.333219,-0.499573,-0.021433,-0.167831,-0.333219,0.599051,0.230225,-0.404162,-0.012367,-0.404162,0.651415,-0.580961,-0.021429,-0.333219,0.192745,0.025952,-0.499573,-0.646192,0.204922,-0.232893,0.568135,-0.654083,-0.190965,-0.654083,-0.199707,0.206653,0.025952,-0.614418,0.440938,0.213544,0.20967,-0.499828,-0.191701,-0.333219,-0.182362,-0.614418,-0.499573,-0.232893,-0.007871,0.0,-0.333219,-0.221087,-0.191701,-0.191701,0.0,-0.229578,-0.251842,-0.024004,0.348365,-0.437304,-0.021433,-0.027604,0.274904,-0.447537,-0.004128,-0.045685,-0.302523,0.323121,-0.220653,-0.204968,0.230225,0.01819,-0.002495,0.230225,0.323121,-0.191701,-0.313253,-0.404162,-0.654083,-0.105206,-0.499573,-0.200021,0.192745,0.212047,0.220347,-0.110918,-0.425485,-0.036451,-0.060669,-0.024689,-0.333219,-0.024004,-0.216967,0.0,0.429177,0.309648,-0.404162,0.212072,-0.009157,0.348365,-0.333219,-0.386644,0.00644,0.490809,0.519869,0.067292,-0.007573,-0.199707,0.679838,-0.378193,0.0,0.172607,0.415924,-0.021433,-0.333219,0.245868,0.261959,-0.315247,0.024926,0.090339,0.005309,0.411228,0.509061,-0.419896,-0.19088,-0.378587,-0.087582,0.434915,-0.191701,0.393607,0.37317,0.130165,0.452228,0.323121,0.348912,-0.200877,0.108786,0.149996,#
6,-0.134972,-0.355594,0.61016,0.176892,-0.319266,-0.002886,1.0,0.382302,0.421931,0.076254,0.442394,-0.147162,-0.022017,0.375275,-0.210025,0.055615,4.8e-05,0.25837,0.653896,0.306994,-0.1856,0.18966,-0.084004,0.009852,0.08835,0.425934,0.652258,-0.326242,0.588935,-0.611195,0.013348,0.37797,0.0,-0.662339,-0.008651,0.360304,0.171674,-0.083099,4.8e-05,-0.104988,-0.30562,0.56037,-0.285382,0.1945,0.280529,-0.420478,0.114347,-0.029975,-0.475184,0.588935,-0.239261,-0.086931,-0.407561,0.309367,-0.574134,-0.309381,0.133184,-0.273647,-0.331963,0.292705,0.471126,0.056494,-0.36908,0.185435,-0.144853,-0.375275,0.306994,-0.048065,-0.074903,-0.283342,-0.022567,-0.009966,-0.407562,-0.060083,-0.378557,0.114905,0.306994,-0.556321,-0.358447,-0.244237,0.249579,-0.244237,0.083118,-0.400455,-0.113472,-0.407561,0.027538,-0.129235,-0.61103,-0.116946,0.100488,-0.358447,0.000585,0.110092,-0.37543,0.093108,-0.323658,-0.01421,-0.61103,0.012037,-0.312969,-0.366786,-0.560625,-0.115123,0.012037,0.306994,-0.045581,0.012037,-0.148506,0.127075,0.247928,0.0,0.306994,0.434223,0.012037,-0.446631,0.0,-0.365265,0.14599,-0.167708,-0.407561,0.266355,-0.378557,-0.265403,-0.202036,0.106049,-0.610992,0.162973,-0.298057,0.280529,0.041042,0.002396,-0.358447,0.608374,0.18066,-0.358447,0.280529,0.012037,-0.408455,-0.244237,0.110092,0.131048,-0.61103,0.365111,0.027538,-0.381096,-0.313993,0.057649,-0.138818,0.440858,0.268852,0.58839,0.227599,0.288652,0.339993,0.0,-0.230932,0.694462,-0.244237,0.100776,0.045497,-0.407561,-0.407561,-0.154551,-0.142155,0.075419,-0.608209,0.080661,-0.095274,0.092922,-0.066274,-0.175702,0.0,0.056899,0.226494,0.089193,-0.407561,0.768563,0.329963,-0.195689,0.550256,-0.429433,0.062818,0.578583,0.040374,0.272689,-0.020772,0.354159,0.127759,0.154047,0.012037,0.138581,-0.346014,0.140682,-0.259435,0.280529,0.334902,-0.017309,0.018855,0.065572,#
7,0.349651,-0.326925,0.439399,0.420735,-0.15675,0.012105,0.382302,1.0,-0.24952,-0.435159,0.023987,-0.273948,-0.060126,0.11109,0.582779,0.220626,0.0,-0.40772,0.631551,-0.1665,-0.602371,0.522239,-0.202122,-0.499047,-0.325954,-0.016109,0.267456,-0.326915,0.208784,-0.24969,0.012105,0.357204,0.0,-0.609325,-0.169528,-0.049871,-0.081514,0.326751,0.0,-0.249695,-0.321547,0.407569,0.276714,-0.220209,-0.1665,0.406347,0.382302,-0.483076,-0.338981,0.208784,-0.633865,0.303384,-0.1665,-0.602881,-0.226574,0.284228,-0.340223,0.10434,-0.73644,-0.077473,0.342659,0.192872,0.294826,0.242557,0.280898,0.149397,-0.1665,0.12406,-0.490088,-0.606541,-0.20799,-0.187262,-0.1665,-0.249623,-0.357749,0.301211,-0.1665,-0.179421,-0.326827,-0.611138,0.122352,-0.611138,0.228779,-0.499114,-0.407254,-0.1665,0.008032,-0.249623,-0.249623,-0.252327,0.2398,-0.326827,0.045399,-0.326827,-0.326827,0.18604,-0.326834,0.013932,-0.249623,-0.499105,-0.016325,-0.326834,0.317183,-0.24975,-0.499105,-0.1665,0.487621,-0.499105,0.332355,-0.326827,-0.407058,0.0,-0.1665,0.013932,-0.499105,-0.030979,0.0,0.013913,-0.3257,0.114608,-0.1665,-0.407254,-0.357749,0.407254,0.218694,-0.121307,-0.249607,-0.369073,0.131438,-0.1665,0.019952,-0.498558,-0.326827,-0.202672,-0.091679,0.228779,0.699301,0.008032,-0.582386,-0.611138,-0.326827,-0.477512,-0.249623,0.18713,0.008032,-0.499501,-0.326311,-0.490619,-0.407563,-0.249212,0.137475,0.239902,0.632701,0.114608,0.308632,0.0,0.307578,0.055528,-0.611138,0.250993,-0.466115,-0.1665,-0.1665,-0.407563,-0.407058,0.22959,-0.24847,0.366242,-0.24975,-0.326834,-0.2064,0.218694,0.0,0.019952,0.627465,0.230806,-0.1665,0.325466,-0.226411,0.273588,0.417739,0.285679,0.258471,0.406784,0.238128,-0.407627,-0.00647,0.14406,0.432087,-0.110279,-0.499105,0.395708,0.164087,0.22127,-0.096936,-0.1665,0.153421,-0.036299,0.296556,-0.0,#
8,-0.249769,-0.32695,0.420736,-0.610539,-0.137099,-0.499366,0.421931,-0.24952,1.0,0.268407,0.508345,-0.252862,0.034984,0.174849,-0.407264,-0.412163,2.9e-05,0.612365,0.591624,0.698073,0.430506,-0.404931,0.316397,0.487784,-0.325978,0.02339,0.338895,0.246564,0.256836,-0.249709,0.503877,0.379406,0.0,-0.058215,0.3444,-0.030422,0.388004,-0.196903,2.9e-05,-0.249714,-0.321571,0.388004,-0.22525,-0.015882,-0.166513,-0.735133,-0.134084,0.330711,-0.387846,0.256836,0.161239,-0.187816,-0.166513,0.477421,-0.77426,-0.323828,0.244606,-0.596865,0.217465,0.220061,-0.102147,0.215597,-0.389481,-0.298592,-0.294398,0.213159,0.698073,-0.487628,0.182213,0.315261,0.358097,0.356127,-0.166513,0.416984,0.268276,-0.451852,0.698073,-0.754143,-0.326852,0.408575,0.082359,0.408575,-0.326852,0.49457,0.152501,-0.166513,0.037072,0.333313,-0.249642,0.332249,-0.327025,-0.326852,-0.49697,0.774339,0.186876,0.260611,0.249532,-0.024785,-0.249642,0.505983,-0.557637,-0.326858,-0.761297,0.350638,0.505983,0.698073,-0.024785,0.505983,-0.249642,0.260611,0.626517,0.0,0.698073,0.517801,0.505983,-0.499143,0.0,0.043259,0.815564,-0.407657,-0.166513,0.642026,0.268276,-0.610927,-0.673467,0.435266,-0.249626,0.263893,0.163948,-0.166513,0.529321,0.517103,-0.326852,0.447579,0.418421,-0.326852,-0.166513,0.505983,-0.063329,0.408575,0.774339,0.581474,-0.249642,0.074678,0.037072,0.019214,0.2602,0.41111,0.136611,0.435872,0.168552,0.277669,-0.166513,0.144521,0.341362,0.0,-0.600197,0.529534,0.408575,0.207416,0.411353,-0.166513,-0.166513,0.612511,0.626517,-0.359129,-0.248489,0.164451,-0.249769,0.753577,-0.207267,0.186847,0.0,0.049659,-0.417044,0.268276,-0.166513,0.291471,0.291471,0.320964,0.385375,-0.426981,-0.43103,-0.097918,-0.418281,0.627392,0.000498,0.193942,-0.431286,-0.103301,0.505983,-0.608578,-0.740552,0.178731,-0.135539,-0.166513,0.104255,0.030979,0.055921,0.09844,#
9,0.242536,-0.193302,0.045691,-0.504118,0.120477,0.057307,0.076254,-0.435159,0.268407,1.0,-0.030432,0.734879,0.556915,0.666504,-0.619313,-0.327042,0.0,0.456453,-0.129648,0.210198,0.148492,-0.043333,-0.228461,0.497137,0.282385,0.456787,0.374593,-0.228236,-0.241528,-0.352306,0.019102,0.227514,0.0,0.135524,-0.308465,0.47825,-0.374422,-0.346505,0.0,0.267645,0.360681,0.120322,-0.428078,0.081813,0.17786,-0.425202,-0.424405,0.55663,-0.269674,-0.241528,-0.098069,-0.343989,0.210198,0.139246,0.161836,-0.869977,-0.258036,-0.133453,0.677493,-0.199664,-0.19966,0.249053,-0.342584,-0.30755,0.260788,-0.180421,0.210198,-0.350133,0.354539,0.067316,0.161585,-0.346657,0.113183,0.24449,-0.233945,-0.541148,0.210198,-0.366151,0.308841,0.087609,-0.158424,0.087609,-0.189211,0.001102,0.415264,0.113183,0.023956,0.268038,-0.428723,0.166189,-0.264628,-0.284427,-0.037534,0.308841,0.308841,0.288089,0.351527,-0.021422,0.24449,-0.044012,-0.153042,-0.210198,-0.370857,0.194028,0.497501,0.210198,-0.040589,-0.044012,-0.428723,0.308841,0.456599,0.0,0.210198,-0.021422,0.497501,-0.062954,0.0,-0.492037,0.368163,-0.66721,0.210198,0.396652,-0.233945,-0.486219,-0.269655,0.090085,0.240193,0.374613,-0.16958,0.145521,0.009688,0.515682,0.308841,0.593846,0.111859,-0.209963,-0.662931,0.023956,0.499726,0.087609,0.308841,0.491307,-0.428723,-0.213528,0.023956,0.067905,0.41195,0.072975,-0.131176,0.291839,-0.11324,0.346633,0.113183,-0.109576,0.192675,0.0,0.128705,0.462297,0.087609,-0.213274,0.467313,0.210198,0.113183,0.418406,0.474931,-0.212553,0.31368,0.197423,0.194028,0.371888,0.244157,-0.205298,0.0,0.009688,-0.115971,-0.233945,-0.662931,0.212999,0.769546,0.044281,0.108615,-0.289316,-0.363551,0.103218,-0.266707,0.378067,-0.01445,-0.230366,-0.281993,0.620513,0.497501,-0.434044,-0.256017,-0.224332,0.087775,0.177859,-0.149982,0.001102,0.316788,-0.411747,#
10,-0.49958,-0.220166,0.395362,-0.012843,-0.83942,-0.20577,0.442394,0.023987,0.508345,-0.030432,1.0,-0.259596,-0.567014,0.322046,-0.400155,-0.032026,4.7e-05,0.006919,0.4092,0.364035,-0.37212,-0.027036,-0.220677,0.577508,0.247131,0.203202,0.123145,0.219485,0.026631,-0.49946,0.587863,-0.133027,0.0,-0.37824,0.282106,-0.211574,0.404474,0.214491,4.7e-05,-0.005625,-0.173499,-0.00632,0.317821,-0.309516,-0.333053,-0.249135,-0.421609,-0.310145,-0.100524,0.026631,0.294966,0.227336,-0.333053,0.424345,-0.614698,0.172388,0.497987,-0.308392,-0.24545,0.310962,0.154088,0.218037,0.018287,0.086111,0.182528,-0.270566,0.364035,-0.097989,-0.458429,0.355688,-0.186779,0.606028,0.312399,0.508173,0.491882,-0.156469,0.364035,-0.188904,0.191216,0.382219,0.796838,0.382219,0.207784,0.1766,0.441865,0.312399,0.598416,-0.029307,-0.029307,0.197764,0.647343,0.191216,0.25124,0.6483,0.174647,0.234098,0.21735,0.56223,-0.029307,0.583294,-0.241548,-0.23112,-0.235097,0.468598,0.583294,0.364035,0.164366,0.583294,-0.499325,0.664869,0.019119,0.0,0.364035,0.9997,0.583294,-0.227108,0.0,0.218979,0.268682,0.383736,-0.333053,0.426078,0.491882,-0.006315,-0.307567,-0.373256,-0.000821,-0.442706,0.314355,0.338217,0.620143,0.203698,0.191216,0.050753,0.800477,0.191216,0.338217,0.583294,-0.354919,0.382219,0.6483,0.523843,-0.029307,0.192964,0.598416,-0.178144,-0.179821,-0.254328,0.406274,0.053874,0.477356,0.510315,-0.333053,0.82894,0.643733,0.0,-0.41044,0.13829,0.382219,0.225005,0.454125,-0.333053,0.312399,0.390926,0.019119,-0.459252,-0.497019,0.120801,0.487962,0.21735,0.222639,-0.281876,0.0,0.635613,-0.413563,0.016553,-0.333053,0.213281,-0.214598,0.328075,-0.01588,-0.591699,-0.037623,0.026249,-0.513256,0.813367,-0.588575,0.328375,-0.128118,-0.379324,0.583294,-0.394413,-0.399469,-0.104991,0.376594,-0.333053,-0.325921,-0.182228,0.399172,0.256469,#
11,0.317387,-0.01192,-0.166036,-0.147588,0.3637,0.278179,-0.147162,-0.273948,-0.252862,0.734879,-0.259596,1.0,0.226971,0.478155,-0.36779,0.178683,0.0,0.095806,-0.397567,-0.507818,-0.097071,0.151916,-0.388097,0.218218,0.422947,0.182876,0.14888,-0.547942,-0.361919,-0.201586,-0.222415,-0.029029,0.0,-0.091921,-0.442971,0.645651,-0.516564,-0.441447,0.0,0.360024,0.470612,-0.102208,-0.261696,-0.171723,0.225697,-0.027077,-0.111547,0.307737,0.220664,-0.361919,-0.182952,-0.446676,0.253909,-0.093871,0.508424,-0.606573,-0.33906,-0.216682,0.484912,-0.403917,0.065319,0.358203,0.156758,-0.414321,0.185267,-0.305067,-0.507819,0.180649,0.11767,-0.027362,-0.039839,-0.466744,0.197485,-0.247737,-0.334864,-0.261569,-0.507819,0.037451,0.444091,-0.110456,0.069105,-0.110456,-0.00852,-0.238336,0.076109,0.197485,-0.207049,0.339582,-0.247737,-0.010583,-0.055408,-0.073483,0.213102,-0.091587,0.425987,-0.109692,-0.044931,0.226231,0.339582,-0.266345,-0.245755,-0.027167,0.035471,0.296228,0.206077,-0.507819,0.192788,-0.266345,-0.268281,-0.073483,0.084966,0.0,-0.507819,-0.251805,0.206077,0.189552,0.0,-0.67876,-0.077262,-0.375376,0.253909,0.042621,-0.334864,-0.130908,0.428952,-0.154159,0.33707,0.183326,-0.231195,0.225697,-0.246598,0.200386,0.444091,0.386832,-0.093604,-0.026624,-0.507818,-0.223574,0.461677,-0.110456,-0.091587,0.159773,-0.247737,-0.269517,-0.207049,-0.169273,-0.019139,-0.154688,-0.387714,-0.243426,-0.414925,0.167525,0.169273,-0.375376,0.008538,0.0,0.384519,0.131952,-0.110456,-0.047623,0.333716,0.253909,0.197485,0.074978,0.10096,-0.30214,0.378912,0.069682,0.317387,-0.044931,0.075109,-0.30094,0.0,-0.229694,0.06059,-0.35564,-0.507819,0.029972,0.51551,-0.1298,-0.11759,-0.323629,0.145515,-0.098942,0.190985,0.05005,-0.257612,-0.305937,0.195499,0.357232,0.206077,-0.117612,0.457827,-0.311936,0.354027,0.225697,-0.221831,-0.238336,0.117656,-0.656939,#
12,0.472348,-0.193079,-0.002194,-0.448785,0.408177,0.233554,-0.022017,-0.060126,0.034984,0.556915,-0.567014,0.226971,1.0,0.376559,-0.026714,-0.522175,-4.6e-05,0.4373,-0.022679,0.352991,0.410997,0.01336,0.285919,-0.151863,-0.260089,0.184639,0.435543,-0.198369,-0.001247,0.005152,-0.156472,0.626017,0.0,0.420009,-0.229853,0.180772,-0.365521,-0.209647,-4.6e-05,0.024934,0.20193,0.411522,-0.440212,0.344519,0.327596,-0.223605,-0.022017,0.681256,-0.412303,-0.001247,-0.20876,-0.221735,0.352991,-0.331652,0.134961,-0.646974,-0.469099,0.362531,0.299627,-0.169521,-0.380217,-0.263279,-0.5638,-0.063731,0.174234,0.301189,0.352991,-0.480145,0.50993,-0.43336,0.163029,-0.573784,-0.332675,0.029915,-0.444219,-0.334226,0.352991,-0.262353,-0.187124,-0.358201,-0.814884,-0.358201,-0.187124,-0.156405,0.024846,-0.332675,-0.146737,0.029915,-0.498758,-0.20786,-0.653361,-0.653016,-0.248059,-0.187124,-0.187124,0.203995,0.261193,-0.567184,0.029915,-0.571986,0.305583,-0.195918,-0.238018,-0.499012,-0.146737,0.352991,-0.205943,-0.571986,-0.054934,-0.187124,0.435588,0.0,0.352991,-0.567184,-0.146737,-0.214987,0.0,-0.184444,0.234473,-0.814456,0.352991,0.010231,-0.444219,-0.45326,-0.409064,0.36986,-0.000346,0.450875,-0.305386,-0.332675,-0.174984,0.23113,-0.187124,0.292954,-0.349938,-0.187124,-0.332675,-0.146737,0.1876,-0.358201,-0.187124,-0.057988,-0.498758,-0.204074,-0.146737,0.236172,0.6918,0.279525,-0.382744,0.510458,-0.013667,0.001441,0.276806,-0.376548,-0.197036,0.0,0.389412,0.480578,-0.358201,-0.222315,-0.174328,0.352991,-0.332675,0.048842,0.449984,0.459898,0.526772,0.343919,-0.499012,0.261193,0.245823,0.273214,0.0,-0.174984,0.393409,0.00462,-0.332675,0.214319,0.651374,-0.030601,0.419488,0.504818,-0.546702,0.381468,-0.013317,-0.376548,0.57005,-0.343502,-0.399552,0.791632,-0.146737,-0.036509,-0.346207,0.092471,-0.365428,0.327596,0.308101,0.196544,0.134701,-0.127007,#
13,0.140599,-0.461383,0.345174,-0.352338,-0.278659,0.397258,0.375275,0.11109,0.174849,0.666504,0.322046,0.478155,0.376559,1.0,-0.423808,-0.240621,0.000154,0.309253,0.2285,0.157641,-0.235953,0.257544,-0.130574,0.347882,0.196668,0.294521,0.683775,-0.507803,-0.167539,-0.643066,0.346923,0.525962,0.0,-0.231868,-0.172836,0.298698,-0.227358,-0.223523,0.000154,0.205065,0.274626,0.398398,-0.058456,-0.295833,0.115035,-0.278409,-0.310733,0.387245,-0.176178,-0.167539,-0.017065,-0.234787,0.157641,-0.199509,-0.253066,-0.577243,-0.149776,-0.058934,-0.073719,-0.121235,-0.028497,0.118859,-0.241417,-0.198893,0.508186,-0.130861,0.157641,-0.244043,-0.175165,-0.292475,-0.297121,-0.222478,0.07243,0.17429,-0.142853,-0.506781,0.157641,-0.23089,0.227414,-0.27181,0.229597,-0.27181,0.254755,-0.331486,0.307425,0.07243,0.372725,0.17429,-0.712673,-0.272655,0.198033,-0.554221,0.341761,0.200073,0.200073,0.172732,0.255792,0.321152,0.17429,-0.365678,-0.063784,-0.484285,-0.261348,0.108644,0.347769,0.157641,0.270647,-0.365678,-0.743698,0.227414,0.309919,0.0,0.157641,0.321152,0.347769,-0.390634,0.0,-0.324577,0.251696,-0.451545,0.157641,0.256852,-0.142853,-0.348803,-0.200275,-0.31589,0.170518,-0.173229,-0.127647,0.115035,0.344629,0.347421,0.227414,0.382108,0.425285,0.227414,0.115035,0.347769,-0.248653,-0.27181,0.200073,0.345382,-0.712673,-0.153232,0.372725,-0.24284,0.308949,-0.255379,-0.414185,0.205942,0.281428,0.62858,0.029824,0.283142,0.474983,0.0,0.39065,0.646163,-0.27181,0.224123,0.325399,0.157641,0.07243,0.284566,0.334073,-0.144915,0.235249,0.636962,0.140599,0.255792,0.554918,-0.15788,0.0,0.370158,0.24326,-0.174229,-0.992712,0.486664,0.513822,0.238029,0.38896,-0.214085,-0.293789,0.402265,-0.211239,0.257443,-0.359077,-0.200292,-0.223709,0.428768,0.347769,-0.313234,-0.219737,-0.170993,0.4066,0.115035,-0.126936,-0.331486,0.62985,-0.238496,#
14,0.601566,0.38776,-0.164584,0.253193,0.239969,0.027215,-0.210025,0.582779,-0.407264,-0.619313,-0.400155,-0.36779,-0.026714,-0.423808,1.0,0.420078,2.4e-05,-0.665477,0.157973,-0.27176,-0.224886,0.551013,0.121948,-0.814539,-0.532019,-0.432168,-0.102896,-0.078547,0.400145,0.640601,-0.409778,0.104453,0.0,-0.136737,0.039307,-0.008273,-0.158234,0.067312,2.4e-05,0.136696,-0.165933,-0.190527,0.575653,0.142622,-0.27176,0.526494,0.672933,-0.430745,-0.011229,0.400145,-0.341696,0.056002,0.440621,-0.614785,0.106673,0.435008,-0.045225,0.248819,-0.427598,-0.523656,0.016288,-0.126592,0.328971,0.330448,0.007322,0.322636,-0.27176,0.441718,-0.075461,-0.551853,0.018772,-0.315292,-0.27176,-0.407433,-0.090751,0.324574,-0.27176,0.123823,-0.533445,-0.565846,-0.245589,-0.565846,-0.093223,-0.394023,-0.254726,-0.27176,-0.412818,-0.407433,0.121495,-0.37669,-0.084636,-0.067328,0.038595,-0.533445,-0.533445,-0.127087,-0.533455,-0.408248,-0.407433,-0.389181,0.1774,-0.076124,0.516699,-0.40764,-0.814635,-0.27176,-0.032932,-0.389181,0.582612,-0.533445,-0.664396,0.0,-0.27176,-0.408248,-0.814635,-0.018273,0.0,0.419089,-0.113547,0.186575,-0.27176,-0.664716,-0.090751,0.663767,0.15847,-0.164526,0.110392,-0.201814,0.267098,-0.27176,-0.001395,-0.813742,-0.533445,-0.285726,-0.585962,-0.093223,0.414237,-0.412818,-0.163192,-0.565846,-0.533445,-0.779392,0.121495,-0.395136,-0.412818,0.023745,-0.10302,-0.416975,-0.233427,-0.406762,-0.231271,-0.646388,0.361468,-0.251545,-0.395552,0.0,0.140872,-0.300569,-0.565846,0.371842,-0.760788,-0.27176,-0.27176,-0.665222,-0.260542,0.406266,0.077674,-0.019919,-0.40764,-0.533455,-0.318181,0.15847,0.0,-0.001395,0.607172,0.375576,0.414237,-0.360128,-0.34331,0.144514,-0.166987,0.499912,0.456226,0.258468,0.421374,-0.665325,0.439915,-0.423849,0.517948,-0.155943,-0.814635,0.672599,0.312892,0.39762,-0.140532,-0.27176,0.292552,-0.027323,-0.053527,0.384972,#
15,0.243223,0.371982,0.043549,0.596432,0.080163,0.037576,0.055615,0.220626,-0.412163,-0.327042,-0.032026,0.178683,-0.522175,-0.240621,0.420078,1.0,0.0,-0.634554,-0.129237,-0.66481,-0.44756,0.416851,-0.314621,-0.542443,0.327459,-0.032944,-0.259996,-0.229743,0.365895,0.291321,-0.537854,-0.357463,0.0,-0.423037,-0.354524,0.499336,-0.416763,-0.371247,0.0,0.292262,-0.252784,-0.456455,0.41049,0.0593,0.178364,0.142729,0.618716,-0.516591,0.378614,0.365895,-0.166387,-0.366524,0.210794,0.052365,0.253452,0.329356,0.405722,-0.201986,-0.255787,-0.519438,0.700781,0.249759,0.297021,0.336157,-0.313209,-0.281659,-0.66481,0.97032,-0.374867,-0.347509,0.161163,-0.374506,0.145934,-0.406323,-0.273943,0.630678,-0.66481,0.212716,-0.243611,-0.444957,0.397182,-0.444957,-0.2228,-0.536887,-0.110818,0.145934,-0.530198,-0.406323,0.243794,-0.405093,0.329069,0.329304,0.531145,-0.264422,-0.264422,-0.285233,-0.79453,-0.032789,-0.406323,-0.026259,-0.220737,-0.211995,0.193986,0.218901,-0.549194,-0.66481,-0.071232,-0.026259,0.220178,-0.243611,-0.658976,0.0,-0.66481,-0.032789,-0.549194,-0.045254,0.0,0.004516,-0.247407,0.41711,-0.66481,-0.149312,-0.273943,0.61358,0.564717,-0.493396,0.265919,-0.315606,-0.202976,0.178364,-0.021146,-0.561181,-0.243611,0.155405,-0.455574,-0.243611,0.178364,-0.549194,0.024523,-0.444957,-0.264422,-0.621025,0.243794,-0.341702,-0.530198,-0.457255,-0.774902,-0.434856,-0.113403,-0.401167,-0.145836,-0.354695,0.113504,-0.121393,-0.415273,0.0,0.131505,-0.319843,-0.444957,0.348826,-0.464802,-0.66481,0.145934,-0.66341,-0.640591,-0.237005,-0.398162,-0.214607,0.243223,-0.79453,-0.317696,-0.274291,0.0,-0.001714,0.394893,-0.297825,0.178364,-0.38173,-0.361058,-0.387223,-0.478999,-0.234494,0.993059,0.103511,0.333942,-0.140954,-0.00189,-0.283396,0.937362,-0.416322,-0.549194,0.602057,0.604039,-0.25255,0.072716,0.178364,-0.182282,-0.536887,-0.381082,-0.02976,#
16,0.0,5e-05,-9.4e-05,-9.4e-05,0.0,-2.3e-05,4.8e-05,0.0,2.9e-05,0.0,4.7e-05,0.0,-4.6e-05,0.000154,2.4e-05,0.0,0.0,-4.6e-05,-2.4e-05,3.7e-05,0.000102,2.5e-05,5e-05,4.9e-05,-5.2e-05,4.9e-05,0.0,5.3e-05,-0.000116,-5.9e-05,-9.1e-05,-0.000103,0.0,0.0,0.000108,2.4e-05,0.0,0.0,0.0,-2.8e-05,5.6e-05,0.0,-0.000777,5e-05,1.9e-05,-5.5e-05,4.8e-05,5.6e-05,5.8e-05,-0.000116,0.0,5e-05,-1.4e-05,9.8e-05,-0.000106,2.7e-05,0.000113,-7.7e-05,7.7e-05,0.00072,-0.001034,5.1e-05,-0.000123,5.9e-05,0.00011,-0.000154,0.0,-0.000234,0.0,4.8e-05,-5.5e-05,0.0,-2.1e-05,0.0,4.4e-05,-0.000909,-1.4e-05,-7.8e-05,3.8e-05,0.0,-3.6e-05,0.0,3.8e-05,-3.4e-05,-3.6e-05,1.5e-05,3.5e-05,0.0,0.0,-3.8e-05,-1.9e-05,3.8e-05,-7.4e-05,3.8e-05,3.8e-05,3.8e-05,-3.7e-05,-7e-05,0.0,3.5e-05,-7.6e-05,-3.7e-05,0.0,-2.2e-05,3.5e-05,-1.4e-05,-7e-05,3.5e-05,0.0,3.8e-05,1.8e-05,0.0,-1.4e-05,-7e-05,3.5e-05,3.5e-05,0.0,-7e-05,0.0,1.8e-05,-1.4e-05,-3.6e-05,4.4e-05,-3.6e-05,-0.00016,-3.6e-05,-4.6e-05,0.000122,-7.6e-05,1.5e-05,0.0,-7e-05,3.8e-05,-3.5e-05,7.1e-05,3.8e-05,1.9e-05,3.5e-05,0.0,0.0,3.8e-05,7.3e-05,0.0,-0.000565,3.5e-05,0.0,3.8e-05,7.5e-05,0.0,-2.2e-05,-1.9e-05,-4.4e-05,1.5e-05,1.8e-05,-7.6e-05,0.0,-7.5e-05,-4.1e-05,0.0,0.0,-7.9e-05,-1.4e-05,1.5e-05,0.0,1.8e-05,0.0,-4.5e-05,9.4e-05,-2.2e-05,-3.7e-05,0.000167,-0.00016,0.0,0.0,-4.1e-05,4.4e-05,-1.4e-05,8.5e-05,8.5e-05,0.0,0.000163,0.0,-0.000101,0.000158,0.0,1.8e-05,0.000156,0.0,4.7e-05,7.8e-05,3.5e-05,7.8e-05,0.0,0.0,0.000158,-3.6e-05,0.0,-3.4e-05,8.7e-05,-3.8e-05,#
17,-0.408127,-0.534242,0.249857,-0.592393,0.250153,0.003382,0.25837,-0.40772,0.612365,0.456453,0.006919,0.095806,0.4373,0.309253,-0.665477,-0.634554,-4.6e-05,1.0,0.150234,0.420961,0.737198,-0.661664,0.532274,0.425997,-0.137263,0.006581,0.395204,-0.074508,-0.103236,-0.408029,0.428514,0.512252,0.0,0.250294,0.151446,-0.0185,0.258242,-0.321046,-4.6e-05,-0.408037,-0.021122,0.666653,-0.759935,-0.078055,0.395293,-0.707105,-0.187328,0.843264,-0.075731,-0.103236,0.286891,-0.324616,-0.272085,0.321657,-0.424955,-0.52914,-0.12773,-0.339756,0.25236,0.469479,-0.159799,-0.104134,-0.555763,-0.549247,-0.342626,0.218308,0.420961,-0.61979,0.330358,0.206201,0.132023,0.145634,-0.272085,0.126444,-0.054263,-0.442305,0.420961,-0.380428,-0.063175,0.270085,-0.257785,0.270085,-0.063175,0.420752,-0.216789,-0.272085,0.044044,0.612429,-0.407919,0.116314,-0.534364,-0.534082,-0.467789,0.365098,0.365098,-0.063175,0.389969,0.014677,0.126444,0.00513,-0.283996,-0.072062,-0.768682,0.092406,0.434956,0.420961,0.014677,0.00513,-0.407919,-0.063175,0.999148,0.0,0.420961,0.014677,0.434956,-0.385782,0.0,-0.380367,0.399682,-0.666119,0.420961,0.575397,-0.054263,-0.998265,-0.331223,0.638776,-0.407893,0.471706,-0.385383,-0.272085,0.024427,0.820791,-0.063175,0.349978,0.282311,-0.063175,-0.272085,0.434956,-0.104515,0.270085,0.365098,0.537299,-0.407919,0.309403,0.044044,0.015397,0.407088,0.820123,-0.229785,0.612001,0.142301,0.423413,-0.272085,-0.223497,0.127592,0.0,-0.089245,0.639734,0.270085,-0.088674,0.450784,0.420961,-0.272085,0.603184,0.620807,-0.114442,0.158096,0.267474,-0.408127,0.81017,0.088838,0.358399,0.0,-0.375447,-0.276884,-0.054263,-0.272085,0.504587,0.504587,-0.098414,0.656675,-0.123316,-0.685624,-0.191978,-0.137054,0.179053,-0.030719,0.276871,-0.687373,0.231616,0.434956,-0.60544,-0.457021,-0.02729,-0.164385,0.395293,0.211291,0.034276,-0.179974,-0.33448,#
18,0.112032,-0.534229,0.702449,-0.139169,-0.20948,-0.40628,0.653896,0.631551,0.591624,-0.129648,0.4092,-0.397567,-0.022679,0.2285,0.157973,-0.129237,-2.4e-05,0.150234,1.0,0.39478,-0.157645,0.11279,0.065824,-0.025661,-0.532641,0.006581,0.491902,-0.091866,0.376564,-0.40802,0.396705,0.598063,0.0,-0.57059,0.115356,-0.035329,0.225268,0.097715,-2.4e-05,-0.408027,-0.52544,0.649686,0.034022,-0.200314,-0.272078,-0.250303,0.225039,-0.138263,-0.594613,0.376564,-0.428378,0.085254,-0.272078,-0.12047,-0.791421,-0.042077,-0.109312,-0.41973,-0.414873,0.092611,0.21684,0.367823,-0.047559,-0.059154,-0.012899,0.291098,0.39478,-0.275768,-0.253505,-0.249743,0.131692,0.110493,-0.272078,0.106262,-0.10469,-0.110989,0.39478,-0.771929,-0.534069,-0.182762,0.166613,-0.182762,-0.089011,-0.020535,-0.233729,-0.272078,0.004228,0.077697,-0.407909,0.072644,-0.080327,-0.534069,-0.377614,0.346984,-0.106129,0.364101,-0.089507,-0.009486,-0.407909,-0.011396,-0.493687,-0.53408,-0.34554,0.092027,-0.011396,0.39478,0.401573,-0.011396,0.097121,-0.080956,0.161804,0.0,0.39478,0.409013,-0.011396,-0.409357,0.0,0.013745,0.380907,-0.247778,-0.272078,0.174049,-0.10469,-0.150062,-0.332738,0.263505,-0.407884,-0.075813,0.239851,-0.272078,0.423066,-0.002043,-0.534069,0.208625,0.241216,-0.089011,0.421455,0.394835,-0.508918,-0.182762,0.346984,0.067011,-0.407909,0.212105,0.004228,-0.416121,-0.080828,-0.080391,-0.246252,0.121185,0.215131,0.42114,0.421455,0.17812,0.529564,0.0,-0.225547,0.468228,-0.182762,0.373832,-0.051746,-0.272078,-0.272078,0.150177,0.161804,-0.115249,-0.406026,0.427874,-0.408118,0.330367,-0.373496,0.330826,0.0,0.023504,0.187644,0.406048,-0.272078,0.503506,0.061437,0.483596,0.655642,-0.121611,-0.111936,0.24428,-0.119535,0.16203,-0.004768,0.273875,0.038953,-0.174388,-0.011396,-0.158799,-0.432872,0.326128,-0.192653,-0.272078,0.20974,-0.005088,0.281816,0.045284,#
19,-0.166667,-0.218168,0.293226,-0.407402,-0.40738,-0.333219,0.306994,-0.1665,0.698073,0.210198,0.364035,-0.507818,0.352991,0.157641,-0.27176,-0.66481,3.7e-05,0.420961,0.39478,1.0,0.300784,-0.270203,0.237703,0.338402,-0.21752,0.338622,0.241628,0.518869,0.202251,-0.166627,0.348365,0.294395,0.0,0.301688,0.244126,-0.332806,0.271984,0.218052,3.7e-05,-0.16663,-0.214579,0.271984,-0.150305,0.350683,-0.111111,-0.490541,-0.407561,0.23558,-0.658191,0.202251,0.148347,0.229817,-0.111111,0.331644,-0.51665,-0.216085,0.178257,0.152845,0.165515,0.338044,-0.343003,-0.193908,-0.6513,0.226089,0.08243,0.183204,1.0,-0.698536,0.264819,0.147187,0.253459,0.251048,-0.111111,0.690124,0.202157,-0.301513,1.0,-0.503227,-0.218103,0.291309,-0.272166,0.291309,-0.218103,0.348215,0.447628,-0.111111,0.35604,-0.166582,-0.166582,0.241742,-0.218218,-0.218103,-0.331619,0.536868,-0.218103,0.536868,0.522634,-0.333153,-0.166582,0.35604,0.171789,-0.218107,-0.508,-0.166667,0.35604,1.0,-0.333153,0.35604,-0.166582,0.536868,0.436991,0.0,1.0,0.364144,0.35604,-0.333069,0.0,0.363653,0.565111,-0.272023,-0.111111,0.447628,0.202157,-0.407661,-0.959679,0.309524,-0.166571,0.192312,0.129481,-0.111111,0.372035,0.363653,-0.218103,0.186552,0.29806,-0.218103,-0.111111,0.35604,-0.021543,0.291309,0.536868,0.407401,-0.166582,0.124879,0.35604,0.333335,0.53602,0.294251,0.427398,0.714144,0.4669,0.208608,-0.111111,0.437602,0.247993,0.0,-0.400501,0.375074,0.291309,-0.218093,0.12705,-0.111111,-0.111111,0.427398,0.436991,0.153213,-0.165812,0.13463,-0.166667,0.522634,0.217237,0.145942,0.0,0.372035,-0.25664,0.202157,-0.111111,0.217194,0.217194,0.243432,0.278771,0.081704,-0.662123,0.27146,-0.635642,0.437602,0.332437,0.160227,-0.635602,0.264069,0.35604,-0.385281,-0.985507,0.147661,-0.384635,-0.111111,0.102383,0.348215,0.24617,0.433341,#
20,-0.223479,0.004402,-0.194391,-0.604048,0.579494,-0.031677,-0.1856,-0.602371,0.430506,0.148492,-0.37212,-0.097071,0.410997,-0.235953,-0.224886,-0.44756,0.000102,0.737198,-0.157645,0.300784,1.0,-0.638541,0.791443,0.07053,-0.370594,-0.355734,0.053388,0.143056,0.081951,0.306415,0.072424,0.302189,0.0,0.571115,0.319057,-0.062096,0.245655,-0.424044,0.000102,-0.216271,0.010464,0.245655,-0.527483,0.206875,0.300784,-0.522088,0.123064,0.780926,0.154556,0.081951,0.431607,-0.420705,0.104009,0.26313,-0.1714,-0.288224,0.050716,-0.196782,0.385138,0.186645,-0.358683,-0.359545,-0.467381,-0.432146,-0.599296,0.395484,0.300784,-0.354107,0.609683,0.215314,0.306268,0.071983,-0.401982,-0.060808,0.110327,-0.302582,0.300784,-0.132582,-0.292449,0.269742,-0.571511,0.269742,-0.292449,0.495641,-0.237012,-0.401982,-0.315849,0.45215,-0.060808,0.033111,-0.789477,-0.311549,-0.538917,0.121394,0.140494,-0.311549,0.166686,-0.34675,-0.039134,0.061891,-0.118407,0.166686,-0.546218,-0.096982,0.079326,0.300784,-0.34675,0.061891,-0.060808,-0.311549,0.736348,0.0,0.300784,-0.364391,0.079326,-0.315849,0.0,-0.040912,0.454207,-0.535304,0.328894,0.288782,0.110327,-0.728629,-0.310039,0.670037,-0.234845,0.58991,-0.270201,-0.401982,-0.068858,0.485657,-0.292449,0.187214,-0.159944,-0.292449,-0.401982,0.079326,0.149887,0.269742,0.121394,0.200324,-0.060808,-0.037912,-0.315849,0.379498,0.489894,0.887356,-0.099283,0.450203,-0.149001,-0.286099,-0.401982,-0.535304,-0.429937,0.0,-0.224604,0.291422,0.269742,-0.020967,0.122698,0.328894,-0.401982,0.319475,0.624795,0.091738,0.338268,-0.068383,-0.602973,0.591469,-0.100448,0.389255,0.0,-0.473092,-0.249577,0.110327,0.300784,-0.012184,0.310343,-0.212476,0.248667,0.12747,-0.486636,-0.318357,0.075047,-0.128365,0.357284,-0.065669,-0.559416,0.125184,0.079326,-0.303047,-0.29273,0.163626,-0.289058,0.300784,0.373858,0.10495,-0.516191,-0.021927,#
