0,1.0,-0.054348,0.18956,-0.533912,0.32223,-0.108452,0.184349,0.072385,0.095107,0.116534,-0.653142,0.217695,0.787125,-0.326748,-0.210099,-0.243167,0.160986,0.128428,-0.104024,-0.326955,-0.218018,-0.180111,0.342612,-0.533897,0.084878,-0.326287,-0.79345,-0.307797,-0.050431,0.194786,-0.488449,-0.092798,-0.218018,0.071904,-0.383893,0.107138,0.167314,0.218129,0.413372,-0.066521,0.023467,0.305323,0.013269,-0.177846,-0.063565,0.331608,0.369188,0.100292,-0.493922,0.212427,0.202922,0.100016,0.066195,-0.119781,-0.013779,0.237546,0.333857,0.297979,-0.545311,0.168876,0.244453,-0.499512,0.228495,-0.449651,-0.178587,0.170959,-0.218018,-0.023223,0.503982,-0.460007,0.391644,0.136748,-0.143684,-0.200975,-0.195752,0.321233,0.231817,-0.326861,0.2272,0.069166,-0.077739,-0.084308,-0.326861,0.05962,-0.051449,-0.063766,-0.53216,-0.325351,0.05962,-0.09851,-0.652541,0.224002,0.050213,0.244966,-0.063766,-0.326232,-0.063766,-0.084308,0.519827,-0.382432,0.233069,-0.326861,0.069166,-0.048825,-0.077739,-0.218018,0.29352,0.481984,-0.533754,-0.234372,0.079342,-0.218018,-0.063766,-0.327027,-0.427953,-0.326861,-0.244777,0.023487,0.244966,-0.535413,-0.218018,-0.339036,-0.051449,-0.427953,-0.463792,0.086134,-0.327027,-0.18695,0.010143,0.014793,-0.077739,0.032391,0.224002,0.017018,-0.212063,-0.326232,0.220806,0.231817,-0.357683,-0.334794,0.079342,-0.123908,-0.326861,0.247429,-0.084308,-0.219467,-0.327027,0.473695,-0.339036,-0.200975,-0.541393,-0.222656,0.231817,0.05962,-0.651842,-0.218018,0.209178,0.256393,-0.373049,-0.218018,0.050825,0.527108,-0.42818,-0.195752,0.213502,-0.35788,-0.218018,-0.505103,0.014793,0.22222,-0.033075,0.153891,0.231817,0.196861,0.072295,-0.339036,0.527108,0.19039,0.04248,-0.400815,0.206202,-0.052005,-0.245654,-0.469878,0.459671,-0.108519,0.431335,0.411043,-0.411345,0.369149,0.069166,-0.35788,0.068634,0.315566,-0.239891,0.345579,0.070334,-0.222656,0.16328,0.079342,#
1,-0.054348,1.0,-0.479806,-0.405867,-0.151004,-0.222676,0.034422,-0.05388,0.2042,0.212094,0.034422,0.067974,0.233065,0.107206,0.456737,0.067974,-0.374722,0.287361,0.168005,0.659579,0.303228,0.471417,0.206926,-0.307526,-0.041975,0.244745,0.193387,0.273576,0.501798,0.424537,-0.318475,0.041855,0.439817,0.330365,-0.13555,0.311243,0.264529,0.0339,-0.199706,-0.298045,-0.085473,0.522492,0.08458,-0.336895,-0.249687,-0.429503,0.580576,0.27322,0.030514,0.257123,0.245364,-0.534912,-0.531008,0.55682,0.012593,0.298359,-0.529852,-0.337691,-0.34867,-0.263445,0.274554,0.202152,0.260535,0.132924,-0.122113,-0.159273,0.439817,0.520934,0.027936,-0.296062,-0.528698,-0.512689,0.206926,-0.082259,-0.073587,0.377118,-0.40567,-0.405463,-0.42527,-0.993099,-0.311153,-0.316079,-0.405463,-0.155588,-0.445043,-0.26644,-0.271994,0.078198,-0.155588,0.09468,0.361829,-0.05714,-0.530866,0.350168,-0.26644,0.093506,0.180661,-0.316079,-0.225351,-0.214942,0.282626,-0.405463,-0.993099,-0.252646,-0.662456,-0.270446,-0.58735,0.126148,-0.316079,-0.429383,-0.10388,-0.270446,0.09468,-0.40567,-0.162725,0.012287,-0.049907,-0.531146,0.350168,0.004989,-0.270446,0.18726,-0.445043,-0.530866,0.336258,-0.603966,-0.40567,-0.083237,-0.295587,-0.530866,-0.311153,-0.112219,-0.05714,0.293229,-0.470882,0.093506,-0.405572,0.024586,0.094567,0.199243,-0.10388,-0.637363,-0.405463,0.225139,-0.316079,-0.60713,0.024586,0.176119,-0.166266,-0.429383,0.021977,-0.711928,-0.40567,-0.06617,-0.082259,-0.270446,0.400534,0.139731,0.18726,-0.270446,-0.232685,-0.270446,-0.155588,-0.073587,-0.065954,0.655632,0.439817,0.61597,-0.530866,0.093506,-0.303104,-0.117647,-0.40567,-0.389926,0.307926,0.18726,-0.270446,0.385928,0.406863,-0.37016,0.468687,-0.081118,-0.381389,0.26078,0.348737,-0.029511,0.096254,0.049614,-0.233978,0.21289,-0.993099,0.655632,0.236493,0.383847,-0.37194,0.237197,0.655632,-0.711928,0.089241,0.28608,#
2,0.18956,-0.479806,1.0,0.350869,0.479213,0.010326,0.237203,-0.189094,-0.01181,-0.035027,-0.143493,-0.601932,-0.039096,0.038383,-0.554645,-0.601932,0.182972,0.032279,0.04771,-0.499298,0.307329,-0.106553,0.002407,0.008236,-0.212747,-0.407494,0.053519,-0.469883,-0.242867,0.179487,0.243609,-0.597859,-0.33294,0.205463,-0.385615,-0.280449,0.38012,-0.205536,0.394563,-0.150757,-0.21778,-0.259428,0.208385,0.161707,0.025198,0.147228,-0.05461,0.398783,0.154318,-0.393274,0.293001,0.397247,0.229682,-0.265334,0.118049,-0.341151,0.030339,0.149738,0.185788,-0.279716,0.357893,-1e-06,-0.336616,-0.239074,-0.391859,0.476737,-0.33294,-0.261266,0.155875,0.357405,-0.037387,0.005848,0.016848,0.222424,-0.211492,0.536654,-0.019208,0.034008,-0.195792,0.431874,-0.031367,0.398919,0.034008,0.184428,0.241701,-0.410626,-0.359217,0.066015,0.184428,0.008535,-0.604,-0.221224,0.22719,0.227146,-0.410626,-0.498195,-0.410626,0.398919,0.407827,0.012783,-0.427919,0.034008,0.431874,0.076814,0.0,-0.33294,0.049608,0.121219,0.012722,0.268914,0.252944,0.35855,-0.007587,-0.499409,0.22719,0.500252,0.209835,-0.21796,0.227146,-0.167183,-0.33294,0.021353,0.696377,-0.183686,-0.385254,0.463266,-0.499409,0.459784,0.266458,0.243626,0.392083,0.278548,-0.221224,-0.123882,0.194655,-0.498195,0.500042,0.460993,-0.1112,-0.422395,-0.217102,0.544149,0.034008,-0.267083,0.398919,0.465551,-0.019208,0.524591,0.052918,-0.164995,-0.179295,0.545727,-0.019208,-0.234726,-0.164995,-0.33294,0.208897,0.158427,0.037135,-0.33294,0.447713,0.307329,0.21796,0.212416,0.208514,-0.37454,-0.33294,-0.65466,0.243626,0.031137,-0.192508,-0.085487,-0.019208,0.209835,-0.368642,0.021353,0.307329,0.224454,-0.176868,0.218544,-0.15241,0.46068,-0.178429,-0.29166,-0.107303,0.336429,-0.119434,-0.240521,-0.075841,0.025998,0.431874,-0.37454,0.430439,0.132595,0.528003,-0.42141,0.038745,0.545727,0.096946,0.218126,#
3,-0.533912,-0.405867,0.350869,1.0,-0.171599,0.309721,-0.238076,-0.559054,-0.269251,-0.2992,0.402104,-0.3658,-0.424173,0.22031,-0.262661,0.325701,0.322623,-0.319969,0.257797,0.219864,0.081702,-0.174633,-0.374216,0.200076,-0.524524,-0.331569,0.418501,-0.361645,-0.170496,-0.287903,0.487639,-0.23028,0.124703,-0.507211,0.404686,-0.637817,-0.301558,0.348188,-0.417575,-0.188752,0.18611,-0.32433,-0.286495,0.335293,0.252004,-0.20381,-0.450222,-0.36551,0.497063,-0.146643,-0.099392,0.430011,0.188941,0.044886,-0.151955,-0.127424,-0.215809,-0.194927,0.482234,-0.086602,-0.11169,-0.124705,-0.18857,-0.135643,-0.170508,-0.104464,0.124702,-0.231025,-0.312334,0.967498,-0.244284,0.354252,0.359264,0.294784,0.241437,-0.128176,0.122552,0.155645,0.267797,0.379732,0.173795,0.227486,0.155645,0.132308,0.427776,0.196485,0.224491,0.186095,0.132308,0.223554,0.294159,-0.395077,0.161998,-0.306361,0.196485,0.152416,0.27769,0.201548,-0.245603,0.379732,-0.206521,0.155645,0.379732,0.229537,0.22646,0.081702,-0.105252,-0.219094,0.201548,0.346823,0.24433,0.167703,0.196485,0.090302,0.161998,0.155645,0.348419,0.160459,-0.306361,0.481708,0.081702,0.403569,0.512599,0.161998,-0.148497,0.430068,0.090302,0.690646,0.428097,0.217187,0.252793,0.243937,-0.395077,-0.221815,0.246472,0.152416,0.155398,0.122552,-0.286031,0.349876,0.211661,0.348217,0.124332,-0.236055,0.227486,0.609676,0.122552,-0.366199,0.456567,0.268764,0.484324,0.614976,0.122552,0.21676,0.268764,0.081702,-0.322511,-0.141813,0.430068,0.081702,-0.238508,0.081702,0.18861,0.294159,-0.334186,-0.253045,0.167704,-0.187914,0.217187,0.186599,-0.217817,-0.086402,0.122552,0.348419,-0.205233,0.403569,0.081702,-0.262838,-0.429347,0.902816,-0.251049,0.510749,0.305779,-0.12684,-0.427612,-0.13936,-0.171769,-0.23663,0.353611,-0.351899,0.379732,-0.278066,-0.194841,-0.168528,0.25257,-0.425984,-0.199668,0.614976,-0.293481,0.211661,#
4,0.32223,-0.151004,0.479213,-0.171599,1.0,-0.018695,0.613657,0.345948,-0.377831,-0.403477,-0.363537,0.025783,-0.113805,-0.269822,-0.363537,-0.502388,0.493885,0.0406,-0.615036,-0.332707,0.032844,0.317148,-0.033954,-0.16655,-0.115495,0.081202,0.066321,-0.442812,-0.284526,0.504314,0.171437,-0.256842,-0.656886,0.317335,-0.346749,0.246701,0.09193,-0.46372,0.48152,0.344174,-0.214839,0.070395,0.222123,-0.498701,-0.571729,0.596803,-0.193389,0.179909,-0.5293,-0.186891,0.649615,-0.366995,-0.200436,-0.451124,0.548789,-0.35501,-0.170814,0.578586,-0.402758,-0.013992,-0.025703,0.197066,-0.193195,-0.155855,0.038423,0.305195,-0.656886,0.194742,0.249622,-0.246412,-0.179546,-0.486659,-0.015434,-0.522561,-0.576801,0.476746,-0.394132,-0.3264,-0.496262,0.146367,-0.221243,-0.171307,-0.3264,0.193515,-0.373487,-0.612954,-0.555204,-0.285172,0.193515,-0.158103,-0.536532,-0.106683,0.302517,0.020379,-0.612954,-0.982932,-0.571604,0.304158,0.074034,0.046838,-0.278292,-0.3264,0.146367,-0.084793,-0.080452,-0.656886,0.467022,0.11496,-0.171307,0.113397,-0.126077,0.262754,-0.178778,-0.394132,0.239286,0.175862,-0.032063,-0.236518,0.020379,-0.30629,-0.656886,-0.410759,-0.287102,-0.203331,-0.134141,-0.289317,-0.394132,-0.256057,-0.423374,-0.182254,-0.140791,-0.137492,-0.106683,-0.580914,-0.090464,-0.982932,0.247239,0.123166,-0.367676,-0.463452,-0.239022,0.526674,0.247614,-0.004756,-0.171307,-0.313472,-0.468031,0.762459,-0.269077,-0.46294,-0.330294,-0.229416,-0.394132,-0.215016,-0.522561,-0.656886,0.003921,-0.392379,-0.390519,-0.656886,0.60252,0.131377,0.279521,-0.013028,-0.059038,0.136326,0.197066,-0.233285,-0.182254,-0.330204,0.308601,-0.40306,-0.394132,0.026337,-0.278943,-0.410759,0.131377,0.520343,0.446815,-0.195624,0.136692,-0.200683,0.039629,-0.120591,0.459166,0.35765,-0.215053,0.122362,0.08604,0.501401,0.146367,0.098104,0.6378,0.477226,0.449119,0.424033,0.156711,-0.229416,-0.252385,0.229828,#
5,-0.108452,-0.222676,0.010326,0.309721,-0.018695,1.0,0.066711,-0.532532,-0.102965,0.273711,0.443353,0.002006,-0.296461,0.166604,0.443353,0.002006,-0.034426,-0.138598,-0.317238,0.116393,-0.27142,-0.64014,0.178804,-0.273573,0.357157,-0.190289,-0.19954,-0.230485,0.176883,0.025341,0.613023,0.421524,-0.27142,-0.074417,-0.168113,-0.530212,-0.235684,0.394046,0.208619,0.154449,-0.532619,0.37599,-0.308809,0.322601,0.133557,0.213246,-0.296461,-0.290226,0.143877,0.352784,-0.298206,0.270102,0.306104,-0.04364,0.034414,0.190383,-0.096009,0.457005,-0.295791,0.298012,0.254236,-0.044798,-0.455709,-0.355967,0.008599,-0.592952,-0.27142,0.159315,-0.488722,0.350738,-0.198645,-0.165742,0.240716,-0.030202,-0.020811,-0.051341,0.561287,0.072806,-0.020811,0.233081,0.125868,0.114348,0.072806,-0.119033,-0.389754,0.149486,-0.254501,-0.405044,-0.119033,-0.66332,0.011498,-0.030287,-0.126928,0.037895,0.149486,0.117554,0.580771,-0.283019,0.257426,-0.182162,-0.438105,0.072806,0.233081,-0.251313,0.577702,0.387367,0.406253,0.138037,-0.267125,-0.365046,0.399663,0.466421,-0.265211,0.08696,-0.532778,-0.406923,-0.017272,-0.101781,0.037895,-0.346188,0.387367,0.224195,0.0954,-0.110017,-0.479725,0.256673,0.08696,0.333367,-0.416445,-0.110017,0.577702,-0.530939,-0.030287,0.176992,-0.04851,0.117554,0.057882,0.067196,-0.200501,0.236622,0.756862,0.217617,-0.406923,-0.411069,0.114348,-0.098744,0.08696,0.036638,0.67889,-0.030202,-0.3551,-0.094944,0.561287,0.760774,-0.412881,0.387367,-0.0173,0.083644,-0.165543,0.387367,-0.544643,0.361015,-0.050028,0.027653,-0.039473,-0.138101,0.413718,-0.21223,-0.110017,-0.40614,0.532715,-0.24163,0.561287,0.357574,0.278331,0.224195,0.361015,0.019147,0.382605,0.404152,0.030441,0.464976,-0.011179,0.27025,0.008111,-0.720787,0.189423,0.060949,-0.228302,0.584594,0.233081,-0.567428,-0.134762,-0.604695,-0.09779,-0.230585,-0.138101,-0.094944,0.350222,0.309046,#
6,0.184349,0.034422,0.237203,-0.238076,0.613657,0.066711,1.0,0.233791,0.074002,-0.305259,0.244,0.197296,-0.013607,0.05402,0.244,-0.21132,0.18776,-0.345506,-0.40463,0.005536,-0.332868,0.466419,0.058267,-0.4066,0.254653,0.006842,-0.048028,-0.447128,0.288047,0.57619,-0.186491,-0.157418,-0.332868,0.231683,-0.008048,-0.177646,-0.028122,-0.21091,0.420637,0.695649,-0.237678,0.184389,-0.203528,-0.249444,-0.397891,0.322892,-0.398416,0.099125,-0.015383,-0.184696,0.46946,-0.017372,-0.215339,-0.54585,0.120049,0.037289,0.05308,0.335328,-0.266722,0.417265,0.35821,0.015245,-0.355724,0.381395,0.593893,0.12963,-0.332868,-0.102963,-0.180637,-0.304423,-0.056746,-0.436651,0.416468,-0.571956,-0.996293,0.538508,-0.499302,0.01034,-0.606866,0.017846,-0.815357,-0.392995,0.01034,-0.65374,-0.641577,-0.813492,-0.379264,0.041022,-0.65374,-0.413614,-0.591289,-0.620736,-0.204498,-0.168976,-0.813492,-0.498088,-0.397619,-0.392995,-0.005635,-0.012954,-0.269928,0.01034,0.017846,-0.357324,-0.37967,-0.332868,0.498226,0.089847,-0.392995,0.242928,-0.168559,0.378606,-0.813492,-0.499302,-0.204498,0.01034,0.184623,-0.237875,-0.168976,-0.195195,-0.332868,-0.380508,-0.17376,-0.204498,0.257492,0.042279,-0.499302,-0.056746,-0.671973,0.203155,-0.37967,0.236598,-0.620736,-0.432251,-0.58346,-0.498088,0.005903,-0.499302,-0.325879,-0.808359,-0.255938,0.266883,0.01034,-0.283022,-0.392995,-0.538906,-0.499302,0.688919,0.057937,-0.571956,-0.207176,-0.44877,-0.499302,-0.22124,-0.571956,-0.332868,-0.1744,-0.177127,0.010961,-0.332868,0.4102,-0.332868,-0.187971,-0.560134,-0.205535,0.034794,0.327786,-0.077392,0.203155,0.006891,0.228879,-0.588226,-0.499302,0.184623,0.441026,-0.380508,-0.332868,0.60127,0.688179,-0.412411,0.637371,0.192983,0.196513,-0.301073,0.752177,0.319515,0.323414,-0.259145,-0.09782,0.437907,0.017846,0.005224,0.793815,0.085723,-0.232423,0.396876,0.429066,-0.44877,-0.313852,-0.255938,#
7,0.072385,-0.05388,-0.189094,-0.559054,0.345948,-0.532532,0.233791,1.0,-0.323017,-0.319731,-0.209651,0.200888,-0.063666,-0.326724,-0.209651,-0.26039,0.242535,0.011124,-0.537973,-0.326931,-0.218002,0.398281,-0.077099,0.353067,0.085372,0.551895,0.098332,0.138064,-0.491982,-0.195954,-0.202165,0.165825,-0.218002,0.072385,0.101232,0.562238,0.168234,-0.653383,0.340134,0.407571,0.041278,-0.169508,0.390103,-0.177378,-0.063102,0.359317,-0.063666,0.267029,-0.631679,-0.512024,0.234055,-0.41217,0.066671,-0.588055,0.394444,-0.059905,0.315599,0.016989,-0.141884,0.19997,-0.368994,0.218002,0.256464,0.27714,0.394912,0.331,-0.218002,-0.05793,0.067706,-0.737267,0.413042,-0.044249,-0.532683,-0.173975,-0.230462,-0.135657,-0.327004,0.248199,-0.230462,0.09531,-0.11242,-0.057402,0.248199,0.022534,-0.023077,-0.099417,0.383311,0.281743,0.022534,-0.099417,-0.230462,0.19003,0.52061,-0.216927,-0.099417,-0.326208,-0.532773,0.357845,-0.366671,0.09531,0.264852,0.248199,0.09531,0.345874,-0.11242,-0.218002,0.326298,-0.191216,0.357845,0.242585,-0.427133,-0.218002,-0.099417,0.189318,0.52061,0.248199,-0.185615,0.022534,-0.216927,-0.014712,-0.218002,-0.311528,-0.47574,0.52061,0.317355,-0.311528,0.189318,-0.70064,-0.182628,0.078828,-0.533995,0.098756,0.19003,-0.367742,0.222418,-0.326208,0.243254,-0.327004,0.270104,-0.370062,-0.427133,0.174787,0.749513,0.347333,-0.057402,-0.307633,-0.327004,0.105878,-0.311528,0.242585,-0.023077,-0.190215,-0.327004,-0.428148,0.242585,-0.218002,-0.205436,-0.519903,-0.311528,-0.218002,0.533226,-0.218002,0.022534,-0.230462,0.240617,0.098808,-0.218002,0.331048,0.078828,-0.326208,0.427871,-0.238805,-0.327004,-0.185615,-0.337628,-0.311528,-0.218002,-0.194668,0.073988,-0.700477,-0.193685,-0.681408,0.217931,0.217062,0.020112,0.471009,-0.087558,-0.081039,0.195589,-0.066749,0.09531,0.532765,0.102935,0.315542,0.255377,0.345155,-0.328472,-0.190215,-0.315754,-0.427133,#
8,0.095107,0.2042,-0.01181,-0.269251,-0.377831,-0.102965,0.074002,-0.323017,1.0,0.604576,0.058585,0.007056,0.301872,0.48647,0.475461,0.007056,-0.828721,0.259477,0.597602,-0.090799,0.161796,0.0427,0.364934,-0.25614,0.582002,-0.312223,-0.194379,0.525453,0.792731,0.388367,-0.467989,-0.100751,0.296626,0.5251,-0.281978,0.038581,0.112177,-0.027386,-0.044225,-0.010263,0.086724,0.008257,-0.022796,-0.009459,-0.191163,-0.46289,0.236532,0.161956,0.633077,0.448768,-0.196608,0.276864,-0.382073,0.469858,-0.637012,-0.209282,0.236076,-0.085998,0.407252,-0.092951,0.309505,-1e-06,-0.400374,0.510794,0.09796,0.203079,0.296626,-0.033514,0.299089,-0.114258,0.077894,-0.149835,0.316783,-0.10078,-0.087518,0.084571,-0.121347,-0.135146,-0.021393,-0.226884,-0.247699,-0.258333,-0.135146,-0.423682,-0.19817,-0.191715,-0.203358,-0.128042,-0.423682,0.181729,-0.087518,-0.07604,-0.793984,0.402547,-0.191715,0.400985,-0.191715,-0.648702,0.555878,-0.341287,-0.349134,-0.135146,-0.226884,-0.583555,-0.132106,0.242694,-0.373941,-0.063281,-0.258333,0.029754,0.141252,0.350558,-0.242639,-0.121347,-0.430584,-0.194056,-0.094017,0.070614,0.402547,-0.210608,0.242694,-0.351907,0.298298,-0.378669,0.264975,0.179863,-0.121347,-0.026802,-0.067771,0.05395,0.214672,0.068575,-0.07604,0.621324,-0.493588,0.400985,-0.60659,-0.182021,0.411788,-0.340973,-0.35259,-0.518892,-0.606426,-0.515565,-0.258333,0.151253,0.303368,-0.016738,-0.235582,-0.443434,-0.19817,0.036956,-0.121347,-0.370722,-0.10078,0.242694,0.435611,0.836139,0.063539,0.242694,0.139676,-0.404491,0.070614,-0.021393,-0.08934,0.163183,-0.404491,-0.248885,0.05395,0.422421,-0.479712,0.583306,-0.121347,-0.429657,0.649425,-0.351907,-0.404491,0.394896,0.15145,-0.160613,0.482474,0.155527,-0.405131,-0.276888,0.190223,0.2447,0.011432,-0.171624,-0.418726,-0.110549,-0.226884,-0.276157,0.169446,-0.418836,-0.443621,-0.147903,0.581602,0.036956,0.506297,-0.407582,#
9,0.116534,0.212094,-0.035027,-0.2992,-0.403477,0.273711,-0.305259,-0.319731,0.604576,1.0,0.067084,-0.388222,0.278199,0.493606,0.48659,-0.388222,-0.841212,0.665612,0.181331,-0.087303,0.165531,-0.446713,0.741103,-0.251111,0.590998,-0.304229,-0.18573,0.538599,0.375358,0.014279,-0.027322,0.385033,0.301211,0.533737,-0.683064,0.044125,0.5408,-0.019425,0.366682,-0.428259,-0.351157,0.431777,0.419514,0.406454,0.225024,-0.443011,0.6234,0.480407,0.262464,0.423573,-0.225631,0.255271,0.052849,0.474313,-0.383575,0.049779,0.214593,-0.114975,-0.015692,-0.120863,0.358682,0.010854,-0.378572,-0.122329,-0.386961,0.060978,0.301211,0.383272,0.150991,-0.144304,0.094315,-0.17536,-0.057125,0.300772,0.319303,0.118544,0.370409,-0.131931,-0.030042,-0.234797,0.156204,0.139513,-0.131931,0.005329,-0.204878,0.223672,-0.198018,-0.1248,0.005329,-0.237538,-0.079948,0.326806,-0.375732,0.817305,0.223672,0.407575,0.223672,-0.253319,0.552578,-0.744636,-0.380024,-0.131931,-0.234797,-0.160305,0.272526,0.246939,-0.380362,-0.070048,-0.253319,-0.372439,0.590165,0.355484,0.172426,-0.118042,-0.427974,-0.191212,-0.488566,-0.367731,0.817305,-0.647725,0.246939,0.057152,0.294722,-0.375732,-0.368258,0.174211,-0.118042,-0.011041,-0.092692,-0.375732,0.621492,-0.376885,0.326806,0.971633,-0.102557,0.407575,-0.127589,0.309352,0.640575,0.072603,0.093207,-0.52434,-0.606184,-0.42488,0.139513,0.12846,0.309352,-0.020437,0.174211,-0.044044,-0.633107,0.032991,0.370409,0.058624,-0.093303,0.246939,0.809238,0.838581,-0.344191,0.246939,-0.264325,0.246939,0.076389,0.385844,0.308447,0.174424,-0.404329,-0.238586,-0.375732,-0.110142,-0.034789,0.431937,0.370409,-0.440315,0.231221,0.057152,0.246939,-0.000813,0.158051,-0.165666,0.071878,0.151859,-0.821395,0.394142,-0.266136,-0.209893,0.006136,-0.178182,-0.772267,0.30259,-0.234797,-0.267688,-0.230401,-0.425406,-0.081748,-0.54291,0.174424,0.032991,0.938143,0.037869,#
10,-0.653142,0.034422,-0.143493,0.402104,-0.363537,0.443353,0.244,-0.209651,0.058585,0.067084,1.0,-0.21132,-0.398416,0.530751,0.607182,0.197296,-0.172431,-0.345506,-0.065901,0.49157,-0.332868,0.01357,0.058267,-0.029478,0.204797,-0.04043,0.370797,-0.086795,0.288047,-0.188567,0.234292,0.321679,0.327786,-0.211361,0.373903,-0.650248,-0.062052,0.165467,-0.006188,0.259821,-0.239064,0.150675,-0.255887,0.562936,0.37007,-0.341075,-0.398416,-0.047832,0.58188,-0.184696,-0.146435,0.387966,0.189181,-0.184875,-0.265476,0.328434,0.033992,-0.316806,0.210176,0.417265,0.258786,0.00254,-0.409325,0.381395,0.4304,-0.272378,0.327786,-0.102963,-0.79375,0.338599,-0.097786,-0.016955,0.46184,0.165147,-0.249509,0.006065,-0.022869,0.472925,-0.249509,0.017846,-0.426351,-0.009827,0.472925,-0.65374,-0.258282,-0.046668,0.375191,0.489159,-0.65374,-0.446545,0.155496,-0.612573,-0.204498,-0.193089,-0.046668,0.470284,0.369204,-0.392995,-0.389938,-0.012954,-0.269928,0.472925,0.017846,0.018908,0.009336,0.302376,0.032887,-0.330586,-0.009827,0.211273,0.227692,0.378606,-0.446545,-0.022869,-0.204498,0.01034,0.184623,-0.237875,-0.193089,0.164193,0.302376,0.370192,0.209534,0.203155,0.204062,0.401509,-0.022869,0.415215,-0.293619,0.203155,0.009336,0.201804,-0.612573,0.112871,-0.206948,0.470284,0.005903,-0.499302,0.143201,-0.049358,0.175875,0.002037,0.01034,-0.474402,-0.009827,-0.053129,-0.022869,-0.225855,0.808637,0.165147,0.176119,-0.010672,-0.022869,0.194625,0.165147,0.302376,-0.200686,-0.023872,0.370192,0.302376,-0.358468,-0.332868,-0.187971,-0.202777,-0.197475,0.009167,0.327786,0.252977,0.203155,-0.034695,0.211901,-0.480127,-0.022869,0.184623,0.414684,0.370192,-0.332868,-0.175299,0.248421,0.155127,0.216345,0.532517,0.170799,0.29032,-0.134271,-0.176777,0.292293,-0.669358,-0.09782,0.025199,0.017846,-0.020404,0.008945,-0.516883,-0.26022,-0.396447,0.009167,-0.010672,-0.080122,-0.255938,#
11,0.217695,0.067974,-0.601932,-0.3658,0.025783,0.002006,0.197296,0.200888,0.007056,-0.388222,-0.21132,1.0,0.018189,-0.499132,0.197296,0.57495,0.186919,-0.470233,-0.07047,0.025578,-0.33304,0.087975,-0.39397,-0.030991,0.240311,0.411499,-0.471045,0.058823,0.251872,0.219291,-0.252819,0.086965,-0.33304,-0.192617,0.405551,0.259913,-0.764656,0.213041,-0.367015,0.610288,0.21093,-0.108986,-0.622293,-0.587298,-0.414894,0.495796,-0.382097,-0.69834,-0.274056,0.353343,-0.301984,-0.390162,-0.233117,-0.077174,0.13503,0.07907,-0.023064,0.483283,-0.233778,0.286635,-0.276975,0.002642,0.338185,0.244065,0.595808,-0.498441,-0.33304,-0.18957,-0.00294,-0.37626,0.056319,-0.031385,-0.021363,-0.5959,-0.202831,-0.470522,-0.003965,-0.018115,0.202259,-0.037505,-0.022661,-0.416772,-0.018115,-0.23879,-0.23391,0.00137,-0.010785,-0.496999,-0.23879,0.00137,0.218462,0.179823,-0.246646,-0.595426,0.00137,0.026944,0.034647,-0.432715,-0.006342,0.379002,0.385333,-0.018115,-0.037505,-0.472044,-0.022661,0.327753,0.468229,0.325274,-0.034137,-0.212055,-0.652526,-0.33304,-0.41459,0.471806,-0.246646,-0.499305,0.192049,0.626391,-0.595426,0.231906,0.327753,-0.388625,-0.651023,0.177402,0.431379,-0.404914,0.471806,-0.436265,-0.311857,0.194363,-0.411126,-0.211988,0.179823,-0.39742,-0.230938,0.026944,-0.49944,-0.49956,-0.399881,0.014531,0.208842,-0.008478,-0.037363,0.339197,-0.416772,-0.501588,-0.003965,-0.11025,-0.388625,-0.212055,0.217962,-0.51765,-0.003965,0.228408,-0.212055,0.327753,-0.58368,-0.341114,0.018588,0.327753,-0.034417,-0.33304,-0.23879,-0.607921,-0.214267,-0.006357,0.354185,0.29126,0.194363,0.026944,0.212145,0.065392,-0.003965,0.192049,0.431889,-0.388625,-0.33304,0.196803,0.222125,-0.173173,0.217335,-0.401489,0.596891,-0.32634,0.594845,-0.21244,0.180786,0.645402,0.411032,0.000413,-0.037505,-0.006357,0.009805,-0.106534,-0.552047,0.819877,0.010048,-0.51765,-0.330977,-0.240338,#
12,0.787125,0.233065,-0.039096,-0.424173,-0.113805,-0.296461,-0.013607,-0.063666,0.301872,0.278199,-0.398416,0.018189,1.0,0.097587,0.017794,0.018189,-0.06607,0.285164,0.192672,0.107185,-0.271921,0.022737,0.555127,-0.665899,-0.051933,-0.55293,-0.545857,-0.115652,0.130622,-0.003786,-0.796805,0.053882,0.428074,-0.064128,-0.187189,-0.030445,0.29306,0.384052,0.191467,-0.353167,0.345462,0.464654,0.097297,0.056799,0.148271,-0.282377,0.592276,0.16267,-0.18541,0.294328,0.282328,0.277806,-0.105295,0.180246,-0.482942,0.422453,0.417956,-0.290697,-0.313187,0.239825,0.205973,-0.73769,0.235799,-0.267136,-0.192955,0.315577,0.428074,0.111882,0.516454,-0.330924,0.450811,0.329041,0.142704,-0.048297,-0.039126,0.326982,0.07673,-0.407674,0.373492,-0.198974,-0.270384,-0.275974,-0.407674,-0.111039,0.032489,0.130995,-0.281206,0.069032,-0.111039,0.147942,-0.435239,-0.023448,-0.11911,0.379106,0.130995,0.084097,0.130995,-0.275974,0.224051,-0.590586,0.32054,-0.407674,-0.198974,0.154957,-0.270384,-0.271921,-0.147678,0.13696,-0.665719,-0.032006,0.326297,-0.271921,0.130995,-0.407882,-0.533761,-0.407674,-0.416391,-0.093413,0.379106,-0.410813,-0.271921,-0.21676,0.032489,-0.533761,-0.341195,0.198021,-0.407882,-0.092738,0.181453,-0.101833,-0.270384,0.326525,-0.023448,0.290581,-0.432348,0.084097,0.067212,0.07673,-0.176698,-0.20919,-0.093551,-0.623833,-0.407674,0.132974,-0.275974,-0.090291,-0.407882,0.128342,-0.21676,-0.048297,-0.392374,-0.167226,0.07673,-0.111039,-0.439275,-0.271921,0.35618,0.50036,-0.200168,-0.271921,-0.183225,0.374228,-0.534043,-0.039126,-0.032737,-0.181408,-0.271921,-0.374783,-0.101833,0.619147,-0.383718,0.27894,0.07673,-0.033417,0.24293,-0.21676,0.374228,-0.012302,-0.099685,-0.356791,0.406201,0.026136,-0.432042,-0.442982,0.288216,-0.040718,0.505004,0.059763,-0.612672,0.140225,-0.198974,-0.181408,-0.166831,0.354617,-0.463755,0.175155,0.236342,-0.167226,0.12097,-0.093551,#
13,-0.326748,0.107206,0.038383,0.22031,-0.269822,0.166604,0.05402,-0.326724,0.48647,0.493606,0.530751,-0.499132,0.097587,1.0,0.530751,-0.003228,-0.498543,0.443978,0.114299,0.340129,-0.166524,0.157791,0.650919,-0.407795,0.223322,-0.611441,0.429371,0.276109,0.398502,-0.008953,-0.155244,0.365656,0.635258,0.209406,-0.147589,-0.3253,0.269711,-0.042317,0.152336,-0.147099,0.175827,0.374222,0.323583,0.419402,0.057726,-0.774315,0.097587,0.223109,0.576549,0.29446,0.286547,0.452934,-0.326961,0.286086,-0.755717,-0.116619,0.27995,-0.435059,0.381814,0.260366,0.020915,-0.234368,-0.744833,0.319773,0.069114,0.406414,0.635258,0.411201,0.071074,0.245983,0.077967,-0.075268,0.650919,-0.069809,-0.064721,0.193769,-0.249786,-0.249659,-0.064721,-0.088172,-0.407899,-0.407685,-0.249659,-0.327047,-0.294848,0.038367,0.031682,0.295362,-0.327047,0.038367,-0.064721,-0.499289,-0.326874,0.476327,0.038367,0.313203,0.038367,-0.407685,-0.077808,-0.611488,-0.644924,-0.249659,-0.088172,0.051982,0.120859,-0.166524,-0.350793,-0.735196,-0.407685,0.452659,0.74157,0.696934,0.038367,-0.249786,-0.326874,-0.249659,-0.499302,-0.327047,0.476327,-0.320889,-0.166524,-0.173717,0.272902,-0.326874,-0.066839,0.358388,-0.249786,0.077967,-0.183671,-0.326874,0.120859,0.144776,-0.499289,0.503522,-0.499302,0.313203,-0.249726,-0.249786,0.383652,-0.169535,-0.326271,-0.50933,-0.249659,-0.842398,-0.407685,0.283634,-0.249786,-0.208256,0.358388,-0.069809,-0.294848,0.186771,-0.249786,-0.327047,-0.069809,-0.166524,0.465027,0.591121,-0.173717,-0.166524,-0.082971,-0.166524,0.238219,0.46461,-0.498882,0.375858,-0.166524,-0.277937,-0.326874,0.313203,-0.208876,0.163888,-0.249786,-0.499302,0.386335,-0.173717,-0.166524,0.006006,0.228361,0.156122,0.4805,0.23949,-0.504348,0.115911,-0.177192,0.221202,-0.115048,-0.762561,-0.594284,0.110288,-0.088172,-0.126562,-0.088483,-0.284293,-0.08252,-0.407495,0.375858,0.186771,0.242569,-0.326271,#
14,-0.210099,0.456737,-0.554645,-0.262661,-0.363537,0.443353,0.244,-0.209651,0.475461,0.48659,0.607182,0.197296,0.017794,0.530751,1.0,0.197296,-0.591981,0.070826,-0.065901,0.49157,-0.332868,0.01357,0.46184,-0.438027,0.659327,-0.024258,-0.032516,0.340606,0.72829,0.215999,-0.133304,0.589562,0.327786,0.231683,-0.041261,-0.177646,-0.062052,0.165467,0.075894,0.259821,-0.239064,0.572098,-0.168622,0.149106,-0.046603,-0.341075,0.017794,-0.047832,0.356552,0.484764,-0.146435,0.048005,-0.249049,0.229946,-0.392358,0.309789,0.05308,-0.040903,-0.147989,0.417265,0.258786,0.00254,-0.409325,0.381395,0.4304,-0.352625,0.327786,0.341783,-0.344709,-0.20071,-0.097786,-0.368958,0.46184,-0.258122,-0.249509,0.006065,-0.022869,-0.036463,-0.249509,-0.40611,-0.426351,-0.431762,-0.036463,-0.65374,-0.718235,-0.046668,-0.058042,-0.048606,-0.65374,-0.446545,0.155496,-0.23527,-0.653395,0.192718,-0.046668,0.470284,0.369204,-0.814929,-0.005635,-0.43691,-0.269928,-0.036463,-0.40611,-0.43257,0.009336,0.302376,-0.025281,-0.172924,-0.431762,-0.211996,0.227692,0.378606,-0.446545,-0.022869,-0.653395,-0.499048,-0.229982,-0.237875,0.192718,-0.297878,0.302376,-0.060885,-0.250419,-0.245742,0.204062,-0.029568,-0.022869,-0.097786,-0.668539,-0.245742,0.009336,-0.263439,-0.23527,0.478788,-0.621554,0.470284,-0.499182,-0.499302,0.240769,-0.049358,0.175875,-0.527654,-0.499048,-0.474402,-0.431762,-0.460555,-0.022869,-0.089164,0.37756,-0.258122,-0.283835,-0.53639,-0.022869,0.194625,-0.258122,0.302376,0.193609,0.359263,-0.060885,0.302376,-0.405995,-0.332868,-0.187971,-0.202777,-0.244045,0.393581,0.327786,0.252977,-0.245742,-0.034695,0.211901,-0.09097,-0.022869,-0.229982,0.809814,-0.060885,-0.332868,0.195855,0.660694,-0.223231,0.601792,0.155257,-0.214908,0.29032,0.289399,-0.290968,0.292293,-0.259145,-0.474052,0.412112,-0.40611,-0.020404,0.008945,-0.516883,-0.621576,0.021655,0.393581,-0.53639,0.320008,-0.255938,#
15,-0.243167,0.067974,-0.601932,0.325701,-0.502388,0.002006,-0.21132,-0.26039,0.007056,-0.388222,0.197296,0.57495,0.018189,-0.003228,0.197296,1.0,0.186919,-0.470233,0.361816,0.531159,-0.33304,0.109313,-0.39397,-0.030991,-0.232499,-0.025881,-0.035375,0.023255,0.251872,-0.201547,-0.252819,0.106869,0.354185,-0.653479,0.802863,-0.231697,-0.79995,0.604556,-0.811006,0.156931,0.641723,-0.144056,-0.676757,-0.139606,-0.016137,-0.194876,-0.382097,-0.851207,0.253322,0.353343,-0.301984,0.047669,-0.233117,0.246455,-0.392909,0.195438,-0.04292,-0.195079,0.245241,0.286635,-0.405022,-0.340971,0.282429,0.244065,0.405397,-0.414966,0.354185,-0.18957,-0.130331,0.31831,0.013628,0.421955,0.398441,-0.22899,0.168899,-0.565888,-0.003965,-0.018115,0.573988,-0.037505,-0.022661,-0.416772,-0.018115,-0.23879,0.1648,0.383075,0.364762,-0.030838,-0.23879,0.383075,0.590192,-0.212655,-0.246646,-0.620509,0.383075,0.508974,0.416351,-0.432715,-0.406102,0.379002,0.385333,-0.018115,-0.037505,-0.080681,-0.022661,0.327753,-0.015825,-0.112069,-0.034137,0.154855,-0.240338,-0.33304,-0.032885,0.471806,-0.246646,-0.499305,0.192049,0.626391,-0.620509,0.605748,0.327753,-0.014947,-0.252312,0.177402,0.3758,-0.031236,0.471806,0.054677,0.171,0.194363,-0.411126,0.191307,-0.212655,-0.245167,-0.230938,0.508974,-0.49944,-0.49956,-0.399881,0.392342,0.208842,-0.283973,-0.037363,0.140119,-0.416772,0.023131,-0.003965,-0.679002,-0.014947,0.154855,0.616672,-0.061931,-0.003965,0.228408,0.154855,0.327753,-0.611023,-0.181696,0.392266,0.327753,-0.42993,-0.33304,-0.23879,-0.236191,-0.601811,-0.033016,0.354185,0.263682,0.194363,0.508974,-0.247024,0.177839,-0.003965,0.192049,0.404487,-0.014947,-0.33304,-0.215018,-0.23532,0.41719,0.190605,-0.0483,0.570143,-0.369106,0.124755,-0.271832,0.148414,0.21869,0.411032,-0.428893,-0.037505,-0.033016,-0.406418,-0.144792,-0.580961,0.384959,-0.01661,-0.061931,-0.513075,-0.240338,#
16,0.160986,-0.374722,0.182972,0.322623,0.493885,-0.034426,0.18776,0.242535,-0.828721,-0.841212,-0.172431,0.186919,-0.06607,-0.498543,-0.591981,0.186919,1.0,-0.497805,-0.424588,0.020964,-0.332647,0.110637,-0.457563,0.042513,-0.652677,0.043181,-0.013018,-0.764943,-0.651956,-0.221994,0.140886,-0.173565,-0.332647,-0.652708,0.45786,-0.200519,-0.346982,0.189011,-0.050472,0.209086,0.222946,-0.148663,-0.254578,-0.146868,0.028355,0.52295,-0.447709,-0.386369,-0.521148,-0.387957,0.312545,-0.064098,0.232823,-0.572407,0.407518,0.149352,-0.059269,0.162839,-0.283132,0.260595,-0.296191,-0.297368,0.365777,-0.368747,0.109701,-0.04362,-0.332647,-0.234896,-0.107599,0.17104,0.082343,0.329538,-0.04192,-0.161276,-0.192292,-0.008253,-0.026461,0.045338,0.193928,0.407347,-0.012346,0.016273,0.045338,0.20457,0.248942,0.011944,0.072162,0.077949,0.20457,0.011944,-0.161395,-0.202209,0.66742,-0.604666,0.011944,-0.497756,0.011944,0.426686,-0.442707,0.437894,0.358604,0.045338,0.407347,0.442211,-0.012346,-0.332647,0.528958,0.124089,0.046674,0.250435,-0.2235,-0.332647,0.011944,0.01134,0.263125,0.045338,0.222113,0.20457,-0.604666,0.296306,-0.332647,0.050061,-0.198452,0.263125,-0.178128,0.019001,0.01134,0.082343,0.144238,0.230781,-0.429013,0.265213,-0.202209,-0.865756,0.222113,-0.497756,0.503741,-0.026461,-0.7439,0.021243,0.184604,0.549574,0.540815,0.438739,0.016273,-0.075042,-0.49897,0.103655,0.050061,0.250435,0.282082,0.034536,-0.026461,0.20457,-0.130779,-0.332647,-0.64172,-0.771263,0.050061,-0.332647,0.037709,0.297366,-0.20787,-0.192292,-0.171423,-0.379685,0.347767,-0.047327,0.230781,0.003064,0.23194,-0.492171,-0.026461,0.595524,-0.422423,0.050061,0.297366,-0.20991,-0.209681,0.212445,-0.205055,-0.051806,0.604593,-0.296084,0.130148,-0.067515,0.145299,0.205765,0.479524,-0.01102,0.407347,0.030891,-0.000382,0.481481,0.211211,0.39063,-0.410967,0.034536,-0.765624,0.184604,#
17,0.128428,0.287361,0.032279,-0.319969,0.0406,-0.138598,-0.345506,0.011124,0.259477,0.665612,-0.345506,-0.470233,0.285164,0.443978,0.070826,-0.470233,-0.497805,1.0,-0.046912,-0.090681,0.32317,0.01756,0.708666,-0.20651,0.135188,-0.263032,0.220683,0.551249,-0.005522,0.078183,-0.085626,0.299518,0.296239,0.59933,-0.739226,0.487555,0.623082,-0.394904,0.339281,-0.55758,0.013212,0.412979,0.851603,-0.000675,-0.157623,-0.43955,0.725635,0.565357,-0.153087,0.369462,0.351969,-0.170257,-0.34656,0.507291,-0.201716,-0.326053,0.062249,-0.162568,-0.041715,-0.302477,-0.148529,0.080792,-0.291694,-0.196928,-0.538907,0.509488,0.296239,0.768414,0.632341,-0.234499,0.005019,-0.303378,-0.098707,0.01342,0.358354,0.205545,-0.100991,-0.605634,-0.087404,-0.324519,0.1979,-0.144286,-0.605634,0.476019,-0.162495,0.16454,-0.269809,-0.127875,0.476019,0.198445,-0.054384,0.365282,-0.015249,0.886609,0.16454,-0.113338,-0.174512,0.180597,0.222257,-0.716246,-0.368937,-0.605634,-0.324519,0.13803,0.181409,-0.403962,-0.49438,-0.390972,-0.225507,-0.084353,0.562115,0.296239,0.622259,-0.201981,0.019315,-0.076137,-0.780258,-0.440759,0.886609,-0.619488,-0.403962,-0.235274,-0.056248,-0.447303,-0.347394,-0.25187,-0.201981,-0.392307,-0.043666,-0.792947,0.29685,-0.379301,0.365282,0.622501,-0.06197,-0.113338,-0.110865,0.444358,0.558408,0.112522,-0.333823,-0.518212,-0.213414,-0.269148,-0.144286,0.15501,-0.060594,0.050148,-0.25187,-0.100649,-0.605191,0.036908,-0.100991,-0.352607,-0.068058,-0.403962,0.887229,0.537262,-0.650177,-0.403962,0.123025,0.269308,0.49365,0.787602,0.02373,0.570396,-0.403962,-0.211816,-0.792947,-0.113338,-0.130455,0.461805,-0.100991,-0.812182,-0.221203,-0.235274,0.269308,0.061527,0.122122,-0.160403,0.035615,-0.364472,-0.88677,0.403896,-0.277478,0.225761,-0.483333,-0.135865,-0.598129,0.282846,-0.324519,0.16297,-0.167186,0.196401,0.376189,-0.227246,0.236098,0.036908,0.592287,0.160451,#
18,-0.104024,0.168005,0.04771,0.257797,-0.615036,-0.317238,-0.40463,-0.537973,0.597602,0.181331,-0.065901,-0.07047,0.192672,0.114299,-0.065901,0.361816,-0.424588,-0.046912,1.0,0.10299,0.478495,-0.009682,-0.225349,0.129133,-0.161245,-0.214517,-0.043551,0.272687,0.455825,0.068651,-0.304132,-0.52538,0.424731,-0.016558,0.160009,-0.100736,-0.084353,0.327466,-0.650339,-0.431746,0.357242,-0.389043,-0.285765,-0.003772,0.076362,-0.520663,0.22524,-0.101205,0.68947,0.180203,-0.378642,0.252416,-0.178884,0.636334,-0.463616,-0.096348,-0.144775,-0.399863,0.594602,-0.486205,0.185924,-0.048387,0.187347,0.222499,-0.271941,0.003265,0.424731,-0.343137,0.191682,0.412343,-0.153464,0.285365,0.168759,0.350385,0.364874,-0.091618,0.012097,0.0,0.331916,-0.224832,0.134985,0.12323,0.0,-0.045755,0.479736,0.07346,0.062286,0.064915,-0.045755,0.631875,0.364874,-0.022836,-0.538221,0.045721,0.07346,0.528701,0.07346,-0.217275,0.255862,0.215057,0.174979,0.0,-0.224832,-0.268208,-0.309479,0.290323,-0.675959,0.152682,0.12323,-0.007463,-0.099749,-0.247312,0.191912,0.012097,-0.055202,0.137027,0.372829,0.288611,0.045721,0.46544,0.290323,0.187876,0.497411,-0.175957,0.283931,0.17131,0.012097,0.431002,0.621691,0.272561,0.151447,0.338646,-0.022836,0.34602,-0.041425,0.528701,-0.411191,0.153226,0.100521,0.200003,-0.153494,-0.340534,-0.411081,0.024141,0.12323,0.47255,0.576613,-0.336604,-0.259402,-0.105058,0.479736,0.362463,0.012097,-0.168943,0.350385,0.290323,0.096262,0.510716,0.618588,0.290323,-0.101915,-0.274194,-0.028157,0.035285,-0.032213,-0.111994,-0.274194,-0.036461,0.272561,0.635547,-0.867293,0.588696,0.012097,-0.073291,0.210725,0.187876,-0.274194,0.072087,-0.52115,0.328226,0.024885,0.300871,-0.068636,-0.419554,-0.139291,0.081312,-0.034949,0.074485,0.121653,-0.66038,-0.224832,-0.127636,-0.08283,-0.117925,-0.30176,-0.258135,0.321801,0.362463,0.137779,-0.025582,#
19,-0.326955,0.659579,-0.499298,0.219864,-0.332707,0.116393,0.005536,-0.326931,-0.090799,-0.087303,0.49157,0.025578,0.107185,0.340129,0.49157,0.531159,0.020964,-0.090681,0.10299,1.0,-0.16663,0.346143,0.092186,-0.408053,-0.326939,-0.092351,0.330342,-0.117155,0.354467,0.020964,-0.16577,0.243398,0.650799,-0.326955,0.394508,-0.325506,-0.120533,0.491935,-0.40577,-0.201022,0.185428,0.528005,-0.260463,0.03986,0.066546,-0.546885,0.107185,-0.202024,0.23957,0.227299,0.219713,-0.087593,-0.327169,0.360021,-0.272923,0.517281,-0.382519,-0.515882,-0.187328,0.193606,0.083066,-0.242086,0.129707,0.054662,0.091563,-0.31601,0.650799,0.36672,-0.3218,0.246139,-0.39422,-0.06533,0.610732,-0.061771,-0.056574,0.168232,-0.249944,-0.249817,-0.056574,-0.611876,-0.408157,-0.407943,-0.249817,-0.327254,-0.286253,0.046799,0.039974,0.305817,-0.327254,0.046799,0.463813,-0.499606,-0.327081,-0.051178,0.046799,0.32402,0.581149,-0.407943,-0.611862,-0.097403,0.244108,-0.249817,-0.611876,0.060636,-0.408157,-0.16663,-0.362344,-0.161688,-0.407943,-0.061771,0.163805,-0.16663,0.046799,-0.249944,-0.327081,-0.249817,0.003508,-0.327254,-0.051178,0.247868,-0.16663,0.357518,-0.286253,-0.327081,0.176461,-0.165596,-0.249944,0.264929,-0.173151,-0.327081,-0.408157,0.153751,-0.499606,0.037033,-0.499619,0.32402,-0.249884,-0.249944,-0.268002,0.367579,0.182662,-0.521789,-0.249817,0.028689,-0.407943,-0.364324,-0.249944,-0.217784,0.357518,-0.061771,0.271904,-0.452412,-0.249944,0.22846,-0.061771,-0.16663,-0.041906,-0.064301,0.357518,-0.16663,-0.611355,-0.16663,-0.327254,-0.056574,-0.499198,0.375509,0.682238,0.479796,-0.327081,0.32402,-0.219122,-0.333555,-0.249944,0.003508,0.385976,0.357518,-0.16663,-0.003062,0.21843,0.154487,0.480216,0.238778,-0.009667,0.115042,0.181725,-0.294804,0.29116,-0.203023,-0.111245,0.100901,-0.611876,0.375509,-0.097707,0.195678,-0.483087,0.129462,0.375509,-0.452412,-0.308117,0.182662,#
20,-0.218018,0.303228,0.307329,0.081702,0.032844,-0.27142,-0.332868,-0.218002,0.161796,0.165531,-0.332868,-0.33304,-0.271921,-0.166524,-0.332868,-0.33304,-0.332647,0.32317,0.478495,-0.16663,1.0,0.075896,-0.271497,0.415015,-0.218008,0.271984,0.326109,0.31628,0.093976,0.372968,0.294398,-0.60822,-0.111111,0.527108,-0.40777,0.424933,0.310996,-0.333015,-0.270574,-0.507455,-0.218038,-0.328867,0.258306,-0.328509,-0.271901,-0.129535,0.401151,0.380005,0.211588,-0.064957,-0.068945,-0.405675,-0.218161,0.549408,0.341431,-0.47036,-0.664538,-0.016874,0.24095,-0.989763,0.178043,0.666668,0.130714,-0.047539,-0.643082,0.067481,-0.111111,0.100691,0.236862,0.207321,-0.652263,-0.40313,-0.271497,0.340115,0.348589,0.203529,-0.166667,-0.166582,-0.332562,-0.408008,0.408248,0.398178,-0.166582,0.509175,0.223475,-0.271543,-0.271211,-0.165812,0.509175,0.427886,0.348589,0.341077,-0.218103,0.356875,-0.271543,-0.166261,-0.271543,0.398178,0.278732,0.265403,-0.057191,-0.166582,-0.408008,-0.269977,-0.272166,-0.111111,-0.66523,0.260743,0.398178,-0.332205,-0.2177,-0.111111,0.427886,-0.166667,0.494925,0.642529,0.325405,-0.218218,0.356875,0.228821,-0.111111,0.277916,0.223475,-0.218103,0.161749,-0.406805,-0.166667,0.210519,0.312274,-0.218103,0.408248,-0.21735,0.341077,0.217445,0.325405,-0.166261,-0.166627,0.666667,0.288806,0.285062,-0.2177,0.089086,-0.166582,0.177029,0.398178,0.221881,0.666667,0.193108,-0.406805,-0.332205,0.223475,0.171922,-0.166667,-0.218218,0.340115,-0.111111,0.419988,0.158945,0.277916,-0.111111,0.271774,-0.111111,0.509175,0.348589,0.332873,0.314641,-0.111111,0.182808,-0.218103,-0.166261,-0.477913,0.276344,-0.166667,-0.333153,-0.385435,0.277916,-0.111111,0.366209,-0.1849,0.165448,-0.306842,-0.0,-0.315698,0.179777,-0.218513,0.240063,-0.565267,0.224221,0.23623,-0.242937,-0.408008,0.314641,0.307034,0.222681,0.448794,-0.271896,0.314641,0.171922,0.323858,0.537587,#
