0,1.0,0.381096,-0.265459,-0.422714,0.998949,0.213183,0.351059,0.254064,0.801203,0.100487,-0.398939,0.372868,0.623659,0.225039,0.167354,0.108936,-0.083947,0.22437,0.116618,-0.030469,-0.18857,0.238294,0.38502,-0.394203,0.161118,-0.124823,0.123603,-0.012495,-0.211305,-0.040091,-0.304906,-0.083464,0.0,0.420794,-0.430163,0.280529,0.995094,-0.418786,0.38176,-0.539036,0.23004,-0.800242,0.442776,0.397962,-0.2574,-0.170914,0.626803,0.330496,0.642193,-0.195307,0.433995,-0.533152,-0.086861,-0.141564,-0.267855,-0.041123,-0.56967,0.646483,-0.074283,0.465496,-0.138459,0.069125,-0.429466,0.108936,0.40067,0.443433,0.0,0.080571,0.478685,0.208122,-0.284172,-0.767605,0.0,-0.641394,0.064304,-0.117434,-0.162642,-0.295335,-0.800435,0.065033,0.246053,-0.845617,-0.285481,-0.467899,-0.073098,-0.469267,-0.825709,-0.367299,0.280529,-0.12536,-0.744985,-0.12536,-0.299339,0.280529,-0.367299,-0.234984,-0.998317,-0.366786,-0.19593,-0.234984,0.426079,-0.800435,-0.61182,-0.611342,-0.299339,-0.611342,-0.701229,0.108159,-0.234984,-0.438758,0.073868,0.0,-0.039017,-0.367299,-0.467899,0.0,-0.611342,-0.812809,0.064304,-0.827967,-0.800435,-0.19593,-0.482562,-0.628945,-0.418786,0.031115,-0.611342,-0.082522,-0.106519,-0.407561,0.029517,0.0,-0.473045,0.420794,-0.509381,-0.800435,0.0,-0.611342,0.092168,-0.469267,-0.611342,-0.402745,0.0,-0.223167,-0.800435,-0.269572,-0.407561,0.659266,-0.593156,-0.611342,-0.545746,-0.607807,0.073868,0.280529,0.280529,-0.407561,0.71651,0.635348,-0.482562,-0.407561,-0.061757,0.0,-0.730785,0.195601,-0.013478,0.337501,-0.162642,-0.272385,-0.800435,0.0,-0.249786,0.323243,-0.12536,-0.607807,0.173364,-0.032602,0.280529,0.798746,0.625543,-0.800435,0.345192,0.011066,-0.103222,-0.284515,0.547845,-0.16299,0.287595,0.298342,-0.622446,0.824245,-0.467899,0.073987,0.583792,0.237613,0.371284,0.392826,0.374967,-0.71692,-0.159829,0.127143,#
1,0.381096,1.0,0.388143,0.50735,0.407997,0.106991,-0.218064,-0.166667,0.327096,-0.327327,-0.368325,0.321269,-0.098682,0.112032,0.414467,-0.371483,-0.22373,0.437619,-0.090913,-0.247594,0.112032,0.07673,0.327096,-0.007871,0.253888,-0.24994,0.057176,-0.031163,0.173405,-0.24825,-0.324711,0.354406,0.0,0.375,-0.746951,-0.166667,0.373545,-0.4098,0.999777,-0.407896,0.60191,-0.327248,0.556099,0.0,-0.612078,0.147533,0.255696,0.44473,-0.038371,-0.657531,0.166655,-0.166128,-0.249501,0.056744,-0.673983,0.189142,-0.232694,0.262576,-0.763003,0.187318,-0.622838,-0.192056,-0.402413,0.255696,0.212229,0.180499,0.0,0.261951,0.247265,0.355998,0.103896,-0.494535,0.0,0.058203,-0.326581,-0.194623,0.337506,0.358353,-0.327327,-0.326637,-0.407465,-0.49897,-0.116366,0.447331,-0.023729,-0.045361,-0.5,-0.327327,-0.166667,-0.249461,-0.401485,-0.249461,-0.145457,0.666667,-0.327327,0.071837,-0.408248,0.197531,-0.407418,0.071837,0.173405,-0.327327,-0.407418,-0.25,-0.145457,-0.25,-0.116366,0.418004,0.071837,-0.01147,0.217859,0.0,-0.498385,-0.327327,0.447331,0.0,-0.25,-0.499748,-0.326581,-0.022461,-0.327327,-0.407418,-0.034771,-0.406333,0.200022,0.195949,-0.25,-0.441258,0.379304,-0.166667,0.194532,0.0,-0.386148,-0.25,0.185923,-0.327327,0.0,-0.25,0.225169,-0.045361,-0.25,0.405813,0.0,-0.680043,-0.327327,-0.61491,-0.166667,0.100112,-0.408248,-0.25,-0.239956,0.260053,0.217859,-0.166667,0.666667,-0.166667,0.268674,0.164303,-0.034771,-0.166667,0.462243,0.0,-0.149871,0.0864,-0.498946,-0.228083,0.337506,-0.608428,-0.327327,0.0,-0.719701,0.154803,-0.249461,0.260053,-0.09589,0.0,-0.166667,0.290343,-0.216057,-0.327327,0.280177,-0.006574,-0.27677,-0.67919,0.373536,-0.589843,-0.015401,0.105769,-0.270841,0.465839,0.447331,0.197573,0.197573,-0.201632,-0.11383,-0.027007,0.098575,-0.61012,-0.24908,-0.327106,#
2,-0.265459,0.388143,1.0,0.404028,-0.249539,-0.578439,-0.533489,-0.407746,-0.106014,0.106088,0.105949,-0.115685,-0.242043,-0.150721,0.144235,-0.398121,-0.529156,0.572285,-0.156708,0.425663,-0.150094,0.286518,0.337903,0.3992,0.039956,-0.091921,0.37237,-0.409783,0.37085,-0.155065,0.064411,-0.162264,0.0,0.407746,-0.150649,0.297968,-0.281695,0.091504,0.387687,-0.175013,0.245426,0.534403,-0.019934,-0.407505,0.182694,-0.388499,0.093666,0.327104,-0.200985,-0.295402,-0.284876,-0.109987,-0.610398,0.204082,-0.234313,-0.441968,-0.103843,0.020372,-0.489618,-0.331218,-0.32559,0.323278,0.129645,-0.437464,0.224624,0.388005,0.0,0.08703,-0.425098,0.522596,-0.326278,0.032961,0.0,0.253748,0.122919,0.329634,-0.131633,0.125849,0.533865,-0.338085,-0.563438,0.411886,-0.269174,0.798484,0.457348,-0.034502,-0.0,-0.35591,-0.407746,-0.113223,-0.055769,-0.610301,0.166067,0.245693,0.106089,0.662057,0.249692,0.534561,-0.569564,0.256486,-0.283828,0.088977,-0.158821,0.427349,-0.277386,0.407746,0.174279,0.686272,0.290284,0.812874,0.531982,0.0,0.023993,0.088977,0.361377,0.0,-0.101936,0.013737,0.141357,0.387991,0.071866,-0.158821,0.418426,0.260988,0.05325,0.549038,0.388143,-0.27219,0.37121,0.271831,0.592298,0.0,0.103845,-0.082333,0.570365,0.071866,0.0,0.427349,0.528898,-0.034502,0.388143,0.6693,0.0,-0.289473,0.071866,-0.211955,0.271831,-0.342712,-0.182468,0.427349,-0.1017,0.316747,0.531982,-0.407746,0.245693,0.271831,-0.582348,-0.012761,0.385708,0.271831,0.943389,0.0,0.150423,0.277188,-0.395015,-0.52782,-0.131633,-0.688234,0.071866,0.0,-0.290231,-0.19887,-0.113223,0.316747,-0.709366,0.44618,-0.407746,-0.069438,-0.28123,0.071866,-0.1201,0.429322,-0.576946,-0.249041,-0.70722,0.109477,-0.288867,0.414079,-0.008909,0.002087,0.361377,0.083141,-0.40099,-0.23919,-0.891734,-0.408084,-0.291316,0.196517,0.39623,-0.800257,#
3,-0.422714,0.50735,0.404028,1.0,-0.401818,0.014073,-0.647539,-0.333259,-0.647539,-0.214913,-0.022708,-0.215542,-0.427038,-0.008836,-0.013547,-0.518189,-0.206245,0.359101,0.033502,-0.058652,0.425222,-0.017717,-0.240794,0.206247,0.193282,0.013602,-0.211101,0.164962,0.29594,-0.049497,0.164611,0.26566,0.0,0.003731,-0.297962,-0.333259,-0.427824,-0.023732,0.507237,0.382218,0.413036,0.219554,0.179003,-0.193872,-0.401275,0.384017,-0.518189,-0.225634,-0.439735,-0.365342,-0.32577,0.292251,-0.024727,0.392888,-0.295889,0.3782,0.201148,-0.530808,-0.21477,-0.355684,-0.260232,-0.135651,0.005634,-0.012814,-0.39229,-0.365342,0.0,0.014911,-0.411094,0.055666,0.29786,0.124221,0.0,0.81118,-0.179336,0.069701,0.506256,0.411483,0.2084,-0.197588,-0.38649,0.220662,0.020837,0.581247,0.230509,0.190203,0.193987,0.224682,-0.333259,0.033283,0.224232,0.033283,-0.018232,0.338233,0.2084,0.006074,0.402065,0.647359,0.029529,0.006074,-0.350949,0.2084,0.029529,0.488697,-0.002605,-0.014922,0.427158,0.248886,0.424137,0.211549,0.250129,0.0,-0.591841,-0.231194,0.596651,0.0,0.50735,0.207295,-0.19688,0.591889,0.224682,-0.392562,0.622281,0.452903,0.467656,0.241714,0.003731,-0.201923,0.234413,0.338233,-0.004515,0.0,0.038841,-0.499889,0.499811,0.224682,0.0,0.488697,-0.055253,0.190203,0.003731,0.714557,0.0,-0.34212,0.224682,-0.347921,0.338233,-0.189296,0.006092,0.488697,0.217959,0.630863,0.250129,-0.333259,0.338233,0.338233,-0.173871,-0.570439,0.217573,0.338233,0.317766,0.0,0.388444,0.030942,-0.181254,-0.634747,0.506256,-0.361403,0.224682,0.0,-0.354401,-0.27662,0.033283,0.630863,-0.004701,0.239845,-0.333259,-0.253452,-0.603964,0.224682,-0.22019,-0.219163,-0.233608,-0.327695,0.009121,-0.50977,-0.005516,-0.31365,0.268711,-0.220455,0.596651,-0.020146,-0.020146,-0.542866,-0.235603,-0.210167,-0.355312,0.040619,-0.198801,-0.224318,#
4,0.998949,0.407997,-0.249539,-0.401818,1.0,0.2302,0.357194,0.245844,0.802042,0.089032,-0.386032,0.378564,0.597119,0.242232,0.178392,0.115679,-0.106884,0.234846,0.12852,-0.037882,-0.166511,0.253107,0.390755,-0.405251,0.149018,-0.131198,0.10664,0.001345,-0.203377,-0.04741,-0.31151,-0.06847,0.0,0.407997,-0.448544,0.271998,0.994479,-0.408347,0.407906,-0.545496,0.245577,-0.801097,0.454396,0.408962,-0.273581,-0.165279,0.627452,0.344752,0.650292,-0.239947,0.434119,-0.513774,-0.09367,-0.140096,-0.311556,-0.036987,-0.553615,0.647117,-0.097356,0.465897,-0.169413,0.042192,-0.418332,0.115679,0.406868,0.44388,0.0,0.087844,0.484854,0.21606,-0.278587,-0.774094,0.0,-0.617408,0.053298,-0.146597,-0.131714,-0.281536,-0.80129,0.054016,0.23037,-0.851327,-0.301295,-0.449255,-0.058088,-0.450933,-0.831686,-0.37325,0.271998,-0.131714,-0.757824,-0.131714,-0.285774,0.271998,-0.37325,-0.214935,-0.999384,-0.372738,-0.206412,-0.214935,0.426508,-0.80129,-0.617408,-0.611995,-0.285774,-0.611995,-0.712152,0.118929,-0.214935,-0.449255,0.062743,0.0,-0.0542,-0.37325,-0.449255,0.0,-0.611995,-0.81893,0.053298,-0.83391,-0.80129,-0.206412,-0.463425,-0.634298,-0.408347,0.053298,-0.611995,-0.103096,-0.09403,-0.407997,0.034144,0.0,-0.498675,0.407997,-0.498675,-0.80129,0.0,-0.611995,0.101291,-0.450933,-0.611995,-0.386331,0.0,-0.267292,-0.80129,-0.259834,-0.407997,0.653529,-0.59899,-0.611995,-0.56327,-0.593466,0.062743,0.271998,0.271998,-0.407997,0.715402,0.631801,-0.463425,-0.407997,-0.039019,0.0,-0.712418,0.211506,-0.028978,0.343148,-0.131714,-0.288275,-0.80129,0.0,-0.293636,0.323286,-0.131714,-0.593466,0.184437,-0.047867,0.271998,0.799599,0.604622,-0.80129,0.351051,0.026204,-0.127398,-0.277108,0.554188,-0.179584,0.295811,0.296642,-0.60911,0.830211,-0.449255,0.080609,0.584416,0.211539,0.349684,0.40219,0.375368,-0.727633,-0.14973,0.115381,#
5,0.213183,0.106991,-0.578439,0.014073,0.2302,1.0,0.517403,0.388339,0.068065,-0.084743,-0.111232,0.094637,-0.184885,0.587528,-0.184885,0.398333,0.053719,-0.130106,0.283254,-0.404224,0.586894,-0.26648,-0.347373,-0.816001,-0.053586,0.077447,-0.369175,0.404788,-0.37859,0.160661,-0.04187,0.163492,0.0,-0.408152,-0.290208,-0.272101,0.26001,-0.098361,0.09725,-0.241604,0.166177,-0.534268,0.434113,0.388719,-0.174315,0.343045,-0.118605,0.099394,0.403236,-0.42159,-0.058114,0.130167,0.6,-0.323095,-0.463364,0.278815,0.536361,-0.081707,0.060867,0.213031,-0.352114,-0.587529,-0.115206,0.398333,-0.254014,-0.42159,0.0,0.408441,0.385315,-0.492908,0.273062,-0.450723,0.0,0.150374,-0.102495,-0.792817,0.620794,-0.174314,-0.534397,0.328963,0.145364,-0.39401,0.232863,-0.436426,-0.031218,0.384304,-0.007925,0.347617,0.414757,0.136998,-0.196369,0.620794,-0.198741,-0.272101,-0.102037,-0.269862,-0.245897,-0.534125,0.565519,0.124873,0.257653,-0.084743,0.150374,-0.408152,0.232863,-0.408152,-0.182141,-0.711655,0.124873,-0.814584,-0.533518,0.0,-0.018188,-0.102037,-0.010999,0.0,0.106991,-0.399357,-0.102495,-0.399357,-0.084743,0.133769,-0.001653,-0.226541,-0.098361,-0.102495,-0.408152,0.060616,0.060932,-0.272101,-0.634275,0.0,-0.110739,0.106991,-0.110739,-0.084743,0.0,-0.408152,-0.500064,0.384304,-0.408152,-0.211732,0.0,-0.378807,-0.084743,0.268184,-0.272101,0.339697,0.158539,-0.408152,-0.350306,0.065854,-0.533518,0.414757,-0.272101,-0.272101,0.554631,-0.183789,-0.001653,-0.272101,-0.411312,0.0,0.221291,0.148883,0.019908,0.529747,0.620794,0.285274,-0.084743,0.0,-0.383787,0.169409,0.136998,0.065854,0.710344,-0.42725,0.414757,0.084564,-0.172373,-0.084743,0.118653,-0.409329,0.094263,0.277853,0.693268,-0.52925,0.635187,-0.463629,-0.014973,0.007911,-0.010999,-0.085207,0.423685,-0.249857,0.438757,0.39255,0.295478,-0.174074,-0.398552,0.374434,#
6,0.351059,-0.218064,-0.533489,-0.647539,0.357194,0.517403,1.0,0.190107,0.524479,-0.047586,0.251036,0.544781,-0.076145,0.080942,-0.076145,0.782232,0.023073,-0.478005,0.339077,-0.148476,0.080271,0.09267,0.084834,-0.651177,-0.487591,-0.249251,-0.208394,0.208699,-0.141774,-0.158948,-0.474605,0.121523,0.0,-0.218064,0.141758,0.218064,0.358841,0.193292,-0.2283,-0.311948,0.084507,-0.535672,-0.198555,0.219225,-0.123205,-0.294172,0.235171,0.290939,0.444111,-0.177771,0.536736,0.063716,0.304333,-0.234999,-0.269854,-0.274317,0.036704,0.324077,0.035948,0.579716,-0.271639,-0.597066,0.200671,0.235171,0.251773,-0.177771,0.0,0.208146,0.794624,-0.324484,-0.238324,-0.180426,0.0,-0.380757,-0.085459,-0.581109,0.326391,-0.080607,-0.523441,-0.084715,0.068547,-0.237398,-0.106381,-0.672824,-0.27942,0.190603,-0.234839,-0.065888,0.218064,0.326391,-0.359822,0.326391,-0.115164,-0.508817,-0.541743,0.06266,-0.356098,-0.998789,0.058578,0.06266,0.531543,-0.047586,0.076151,-0.763225,0.341589,-0.218064,-0.545567,-0.392884,-0.407292,-0.672824,-0.550526,0.0,0.179643,-0.065888,-0.222607,0.0,-0.218064,-0.211738,-0.085459,-0.644067,-0.047586,0.058578,-0.257799,-0.392951,-0.338629,-0.085459,-0.218064,-0.195739,0.074205,-0.508817,-0.36571,0.0,-0.374005,0.327096,-0.374005,-0.047586,0.0,-0.763225,-0.208156,0.190603,-0.218064,-0.39822,0.0,-0.22923,-0.047586,0.587614,-0.508817,0.29004,0.071904,-0.763225,-0.425005,-0.453459,-0.550526,0.218064,-0.508817,-0.508817,0.527293,0.252244,0.19714,-0.508817,-0.291969,0.0,-0.122991,0.048448,0.201635,0.997845,0.326391,0.36807,-0.047586,0.0,-0.156941,0.427156,0.326391,-0.453459,0.409244,-0.703558,0.218064,0.079142,0.332216,-0.047586,0.575778,0.24019,0.068091,0.536005,0.38506,0.028152,0.343075,-0.286774,-0.106598,0.263446,-0.222607,0.262091,0.262091,-0.034547,0.280346,0.653716,0.563661,-0.122811,0.009856,0.445873,#
7,0.254064,-0.166667,-0.407746,-0.333259,0.245844,0.388339,0.190107,1.0,0.190107,-0.218218,0.14216,-0.509023,0.249996,0.39478,0.249996,0.138301,0.182298,-0.404764,0.281961,-0.165063,-0.272078,-0.271921,-0.508817,-0.333209,-0.21677,0.650171,-0.329441,0.394727,-0.997614,-0.1655,-0.216474,0.144217,0.0,-0.166667,0.312677,-0.111111,0.342751,0.247181,-0.16663,-0.271931,-0.272096,-0.218165,0.331011,0.30751,0.2587,0.248026,0.138301,-0.326135,0.332547,0.077357,-0.44441,0.128712,0.712411,0.037829,0.054591,0.126095,0.22589,0.082918,0.186234,-0.03122,0.415226,0.298753,-0.66572,0.138301,0.35221,0.077357,0.0,0.142294,0.044645,-0.648485,0.220779,-0.32969,0.0,-0.271612,-0.217721,-0.389247,-0.166307,-0.407308,-0.218218,0.53602,0.436991,-0.332647,0.290914,-0.332631,-0.332205,0.347767,0.333333,0.509175,-0.111111,-0.166307,0.305893,-0.166307,0.290914,-0.111111,0.509175,-0.271384,-0.272166,-0.218107,0.426819,-0.271384,0.072787,-0.218218,-0.271612,-0.166667,0.290914,-0.166667,-0.40728,-0.475109,-0.271384,-0.332631,-0.217859,0.0,0.363164,0.509175,-0.332631,0.0,-0.166667,-0.333165,-0.217721,-0.333165,-0.218218,0.426819,-0.332257,-0.270888,0.247181,-0.217721,-0.166667,0.849834,0.096602,-0.111111,0.201737,0.0,0.195458,-0.166667,0.195458,-0.218218,0.0,-0.166667,-0.650488,0.347767,-0.166667,-0.473449,0.0,0.215887,-0.218218,-0.071845,-0.111111,0.090578,0.408248,-0.166667,0.229701,0.235286,-0.217859,-0.111111,-0.111111,-0.111111,0.202684,0.135616,-0.332257,-0.111111,-0.382546,0.0,0.284371,-0.271543,0.355571,0.204325,-0.166307,0.248605,-0.218218,0.0,0.102814,0.253705,-0.166307,0.235286,0.278539,-0.332414,-0.111111,0.217757,-0.240063,-0.218218,-0.507671,-0.333103,0.217631,0.086246,0.271663,0.336474,0.246416,0.166667,0.171753,-0.332742,-0.332631,0.159156,0.159156,0.273643,0.348187,0.342093,0.102225,-0.406747,-0.506677,-0.218071,#
8,0.801203,0.327096,-0.106014,-0.647539,0.802042,0.068065,0.524479,0.190107,1.0,-0.047586,-0.298512,0.544781,0.371453,0.080942,0.371453,0.235171,0.023073,-0.013756,-0.126375,-0.148476,-0.355984,0.09267,0.560354,-0.222076,0.017483,-0.249251,0.272514,-0.216017,-0.141774,-0.158948,-0.474605,0.021155,0.0,0.327096,-0.331741,0.218064,0.796782,-0.338629,0.327024,-0.761003,0.084507,-0.535672,0.269182,0.219225,-0.123205,-0.294172,0.782232,0.640066,0.444111,-0.177771,0.536736,-0.464997,-0.208943,-0.372486,-0.269854,-0.24259,-0.444012,0.806253,-0.436836,0.579716,-0.271639,-0.03866,-0.341008,0.235171,0.606255,0.553207,0.0,0.208146,0.682291,0.265945,-0.238324,-0.557867,0.0,-0.837665,-0.085459,-0.241584,-0.249594,-0.106228,-0.523441,-0.084715,0.068547,-0.682521,-0.131756,-0.247619,-0.27942,-0.254519,-0.670967,-0.541743,0.218064,-0.249594,-0.609965,-0.249594,-0.115164,0.218064,-0.541743,0.06266,-0.80122,-0.541123,-0.39833,0.06266,0.531543,-0.523441,-0.380757,-0.763225,-0.115164,-0.218064,-0.570942,0.115175,-0.407292,-0.247619,-0.075453,0.0,0.179643,-0.065888,-0.247619,0.0,-0.763225,-0.652544,-0.085459,-0.668557,-0.523441,0.058578,-0.712739,-0.855247,-0.338629,-0.085459,-0.218064,-0.195739,0.074205,-0.508817,0.168473,0.0,-0.405192,0.327096,-0.405192,-0.523441,0.0,-0.763225,0.271946,-0.254519,-0.218064,-0.427718,0.0,-0.22923,-0.523441,-0.158867,-0.508817,0.29004,-0.373218,-0.763225,-0.451839,-0.480463,-0.075453,0.218064,0.218064,-0.508817,0.434786,0.764083,-0.257799,-0.508817,0.055613,0.0,-0.575506,0.048448,-0.248581,0.500476,-0.249594,-0.145516,-0.523441,0.0,-0.246622,0.427156,-0.249594,-0.480463,-0.068705,-0.268631,0.218064,0.522336,0.489263,-0.523441,0.513115,0.24019,0.00619,-0.239793,0.32582,0.028152,-0.026351,0.426129,-0.53875,0.669777,-0.247619,0.190286,0.190286,0.40514,0.163535,0.212016,0.468125,-0.583353,0.009856,-0.019324,#
9,0.100487,-0.327327,0.106088,-0.214913,0.089032,-0.084743,-0.047586,-0.218218,-0.047586,1.0,-0.228435,-0.052808,0.094751,-0.080327,-0.801076,-0.212662,-0.527999,0.495548,-0.308795,0.756412,0.356234,-0.075788,-0.047586,-0.207831,0.487934,0.22886,0.279836,-0.652823,0.199011,0.758417,0.49409,-0.98229,0.0,0.218218,-0.011372,0.509175,0.077132,-0.217177,-0.327254,-0.101973,-0.084566,0.05379,-0.199362,0.218089,0.542996,-0.436723,-0.212662,0.194096,0.552631,0.208194,-0.145468,-0.570237,-0.326673,-0.200874,0.217176,-0.419092,-0.037415,-0.259352,0.438544,0.143066,-0.090611,0.307339,0.340413,-0.760108,-0.471005,0.208194,0.0,0.321803,-0.339484,0.236338,-0.501618,-0.269791,0.0,-0.076205,0.997722,0.254821,-0.326621,-0.338435,0.047619,0.50443,0.342778,0.188073,0.063483,-0.20274,0.642082,-0.20787,-0.218218,0.047619,0.509175,0.185726,-0.40051,0.185726,-0.342806,-0.218218,0.047619,0.355325,-0.089087,0.056575,0.330222,0.355325,-0.501731,-0.428571,0.330222,0.218218,-0.342806,-0.327327,0.063483,0.083739,0.355325,0.197734,0.522949,0.0,0.156812,-0.428571,-0.20274,0.0,0.218218,-0.213206,0.484608,-0.213206,0.047619,0.330222,0.207396,0.316124,-0.749472,0.54162,0.218218,-0.042796,-0.089281,0.509175,-0.232691,0.0,0.259035,0.763763,-0.24031,0.047619,0.0,0.218218,0.229301,-0.20787,0.218218,-0.162352,0.0,0.197863,0.047619,0.190901,0.509175,0.084264,-0.089087,0.218218,-0.51557,-0.510734,0.522949,0.509175,-0.218218,0.509175,-0.064801,-0.245856,0.207396,0.509175,0.153044,0.0,-0.347172,0.813417,-0.2528,-0.034218,-0.326621,-0.368329,0.047619,0.0,0.246796,-0.655911,0.185726,-0.510734,0.038861,0.627247,0.509175,-0.01584,0.502906,0.047619,-0.025083,-0.195113,-0.501752,0.239961,-0.35569,-0.082271,0.013443,0.159467,-0.527597,0.246875,-0.20274,-0.729344,-0.19042,-0.248284,-0.192874,-0.212165,-0.468455,0.481349,0.398595,0.068277,#
10,-0.398939,-0.368325,0.105949,-0.022708,-0.386032,-0.111232,0.251036,0.14216,-0.298512,-0.228435,1.0,-0.272413,-0.41168,-0.135893,0.105598,0.39168,-0.308738,-0.473393,0.608561,0.238187,-0.097111,0.426195,-0.298512,0.006714,-0.84516,0.213189,-0.590292,0.500047,-0.145418,-0.453805,-0.297212,0.259824,0.0,-0.368325,0.742354,0.17447,-0.375461,0.989808,-0.380128,0.409336,-0.092228,0.299727,-0.576744,0.00149,0.056768,-0.194232,-0.240545,-0.451758,-0.0,-0.183951,-0.109846,0.7475,0.23563,0.574942,-0.152879,-0.229023,0.180277,-0.240041,0.211119,-0.150697,0.193182,-0.158853,0.393323,-0.240545,0.342439,-0.183951,0.0,-0.272334,-0.075096,-0.367805,-0.149042,0.500113,0.0,0.385874,-0.207655,-0.196192,0.26114,0.135065,0.300349,-0.20847,-0.071434,0.48276,-0.368825,-0.009117,0.00184,0.48276,0.465253,0.300349,-0.66557,0.26114,0.375806,-0.33055,0.597789,-0.66557,0.279198,0.405246,0.387791,-0.229515,-0.083493,-0.077521,-0.145418,0.3215,-0.063184,0.213241,0.618092,0.237473,-0.368825,0.144264,-0.09841,-0.009117,-0.229301,0.0,0.01393,0.300349,0.010895,0.0,0.237473,0.502463,-0.207655,0.00283,0.3215,-0.083493,0.481275,0.384259,0.375079,0.31908,0.237473,0.157777,0.170524,0.14216,0.371803,0.0,-0.223739,-0.368325,0.352936,0.3215,0.0,0.213241,-0.235711,0.48276,0.237473,0.127182,0.0,-0.141874,0.3215,0.590856,0.14216,-0.301646,0.387791,0.213241,0.227335,0.201891,-0.229301,-0.66557,-0.66557,0.14216,-0.277141,-0.182613,0.501497,0.14216,0.168093,0.0,0.579279,-0.092838,0.501183,0.259487,0.26114,0.123274,0.3215,0.0,-0.109622,0.058018,0.26114,0.201891,0.103035,-0.494674,-0.66557,-0.284237,-0.328089,0.3215,-0.232018,0.523047,-0.285326,0.679638,-0.352844,0.583273,0.008658,-0.118177,0.720201,-0.430886,0.010895,0.437903,-0.184481,-0.372447,-0.406545,0.523027,-0.073464,0.124644,0.257028,-0.21036,#
11,0.372868,0.321269,-0.115685,-0.215542,0.378564,0.094637,0.544781,-0.509023,0.544781,-0.052808,-0.272413,1.0,-0.052373,-0.343631,-0.052373,0.258378,0.045498,-0.023819,-0.101525,-0.151857,0.073053,0.085394,0.544781,-0.229294,0.011968,-0.763351,0.262888,-0.25575,0.558543,-0.162287,-0.477622,0.14449,0.0,0.321269,-0.378766,0.214179,0.313319,-0.394235,0.321197,-0.317176,0.524496,-0.538422,-0.154792,-0.191172,-0.550082,-0.369975,0.258378,0.628663,-0.016009,-0.146962,0.884472,-0.342524,-0.251332,-0.205503,-0.239788,-0.238205,-0.436109,0.38448,-0.411871,0.677603,-0.620215,-0.586564,0.18299,0.258378,0.063378,-0.146962,0.0,0.231704,0.814073,0.248365,-0.316121,-0.187766,0.0,-0.385629,-0.090477,-0.081203,0.320576,0.342956,-0.526254,-0.561488,-0.382097,-0.244524,-0.123806,-0.254693,-0.286322,-0.244524,-0.659227,-0.526254,0.214179,0.320576,-0.599214,0.320576,-0.56174,0.214179,-0.999701,0.055549,-0.361109,-0.543844,-0.385629,0.055549,0.558543,-0.052808,0.068966,-0.763535,-0.107299,-0.221133,-0.123806,0.102699,-0.412024,-0.254693,-0.080525,0.0,-0.264812,-0.526254,0.193245,0.0,-0.221133,-0.219006,-0.090477,-0.234938,-0.052808,-0.385629,-0.264812,-0.397744,-0.394235,-0.090477,-0.221133,-0.811708,0.187207,-0.509023,-0.390072,0.0,-0.398248,0.321269,-0.398248,-0.052808,0.0,-0.763535,0.254285,-0.244524,-0.221133,0.090868,0.0,-0.306975,-0.052808,0.005184,-0.509023,0.290839,-0.361109,-0.763535,-0.443801,-0.472141,-0.080525,0.214179,0.214179,-0.509023,0.529699,0.254363,0.187825,-0.509023,0.045755,0.0,-0.565474,0.041405,-0.238422,0.533987,0.320576,-0.053392,-0.052808,0.0,-0.198186,0.347381,0.320576,-0.472141,-0.031664,-0.275593,0.214179,0.052696,0.480778,-0.052808,0.996578,0.230635,0.042401,-0.166249,0.360442,-0.438517,0.013366,-0.322873,-0.531723,0.658058,0.193245,0.229028,0.229028,-0.058769,0.200479,0.219507,0.515841,-0.132372,-0.002878,0.438157,#
12,0.623659,-0.098682,-0.242043,-0.427038,0.597119,-0.184885,-0.076145,0.249996,0.371453,0.094751,-0.41168,-0.052373,1.0,0.217954,0.15737,0.093313,0.36241,0.229699,0.122636,-0.034206,-0.588159,0.277691,0.371453,0.004039,0.155073,-0.128063,0.453636,0.025217,-0.232724,-0.043784,0.14203,-0.166784,0.0,0.414467,-0.130966,0.276311,0.614531,-0.37513,-0.088981,-0.15163,-0.152645,-0.364709,0.370343,0.009104,0.144964,-0.117484,0.608251,-0.083561,0.222345,0.418329,0.105254,-0.523543,-0.090309,-0.115975,0.406272,-0.010337,-0.561743,0.592421,0.341996,-0.181153,0.501542,0.560995,-0.384756,0.093313,0.296949,0.418329,0.0,-0.413599,-0.046768,0.21217,-0.230174,-0.348121,0.0,-0.583547,0.058784,0.482451,-0.610513,-0.659493,-0.37039,0.059508,0.238227,-0.445842,-0.293512,-0.413367,-0.018733,-0.818273,-0.434203,-0.37039,0.276311,-0.12859,-0.298845,-0.12859,-0.24666,0.276311,0.060296,-0.603042,-0.596247,0.068712,-0.201255,-0.603042,0.401055,-0.37039,-0.614792,-0.118419,-0.660057,-0.118419,-0.293512,-0.048688,-0.177699,-0.036673,0.068291,0.0,0.36509,0.060296,-0.820848,0.0,-0.611832,-0.417139,0.522865,-0.432211,-0.801076,-0.201255,-0.427311,-0.213391,-0.37513,-0.370234,-0.611832,0.294167,-0.537656,-0.407888,0.088732,0.0,0.022017,0.414467,-0.447675,-0.801076,0.0,-0.118419,0.096781,-0.818273,-0.611832,-0.341198,0.0,0.419267,-0.801076,-0.264744,-0.407888,0.68478,-0.596247,-0.118419,-0.117547,-0.55187,0.068291,0.276311,0.276311,-0.407888,0.325417,0.664614,-0.839066,-0.407888,-0.239087,0.0,-0.67623,-0.186114,0.386201,-0.081591,-0.610513,0.106912,-0.801076,0.0,0.377431,0.374271,-0.12859,-0.55187,-0.226564,0.376507,0.276311,0.799385,0.64361,-0.801076,-0.077132,0.018685,0.332791,-0.280863,0.149054,0.260672,0.291804,0.373475,-0.407298,0.433433,-0.820848,0.077338,0.584259,0.679359,0.386946,0.024519,0.375268,-0.305672,-0.10437,0.121259,#
13,0.225039,0.112032,-0.150721,-0.008836,0.242232,0.587528,0.080942,0.39478,0.080942,-0.080327,-0.135893,-0.343631,0.217954,1.0,0.217954,0.378809,0.082356,0.288486,0.26279,-0.404189,0.182889,0.157577,0.080942,-0.406517,-0.048903,0.0822,-0.0217,0.416702,-0.410741,0.166196,0.419402,0.046703,0.0,-0.408118,-0.420081,-0.272078,0.272308,-0.083389,0.102195,-0.269748,-0.254557,-0.092098,0.780034,0.400494,0.24996,0.36917,0.378809,0.10819,0.416367,-0.454369,-0.394747,0.106065,0.120096,-0.484559,-0.419779,0.278498,0.519816,0.318057,0.05632,-0.443696,-0.019936,-0.067623,-0.100344,0.378809,0.080508,0.243073,0.0,-0.096426,-0.152854,0.039482,0.299515,-0.378593,0.0,0.141589,-0.098264,-0.485919,0.08126,-0.606249,-0.09779,0.337388,0.153298,-0.406188,-0.190895,-0.019642,0.403698,-0.028676,-0.016005,-0.09779,0.421455,-0.407238,-0.20562,0.08126,0.228142,-0.272078,0.338772,-0.265969,-0.258087,-0.089507,0.141589,0.132601,0.231685,-0.09779,-0.27759,0.092027,-0.190895,0.092027,-0.190895,-0.432985,0.563747,-0.401475,-0.533473,0.0,0.406985,0.338772,-0.432682,0.0,-0.408118,-0.411416,0.372149,-0.411416,-0.534351,0.141589,-0.010388,-0.239204,-0.083389,-0.098264,-0.408118,0.260517,-0.405299,-0.272078,-0.105625,0.0,-0.116507,0.112032,-0.116507,-0.534351,0.0,0.092027,0.031232,-0.028676,-0.408118,-0.221908,0.0,-0.358648,-0.534351,0.241063,-0.272078,0.340824,-0.258087,0.092027,-0.359225,0.060845,-0.533473,0.421455,-0.272078,-0.272078,0.042548,0.299525,-0.427761,-0.272078,-0.087246,0.0,0.216615,0.156849,0.011565,0.072551,0.08126,0.200407,-0.534351,0.0,-0.432768,0.193869,-0.407238,0.060845,0.270982,-0.000939,0.421455,0.533224,-0.168285,-0.534351,-0.346313,-0.010733,0.060424,0.211191,0.257611,-0.087006,0.603401,0.248071,0.165776,0.015976,-0.432682,-0.124111,0.389726,0.190626,0.00493,-0.017073,0.25032,-0.182901,0.069712,-0.060546,#
14,0.167354,0.414467,0.144235,-0.013547,0.178392,-0.184885,-0.076145,0.249996,0.371453,-0.801076,0.105598,-0.052373,0.15737,0.217954,1.0,0.093313,0.36241,-0.223474,0.090183,-0.605943,-0.571734,0.244534,0.371453,0.407943,-0.320344,-0.128063,-0.066095,0.409002,-0.232724,-0.607549,-0.344336,0.721276,0.0,-0.098682,-0.130966,-0.407888,0.185818,0.10553,0.414374,-0.15163,-0.169569,0.071465,0.370343,0.009104,-0.282031,0.330171,0.608251,0.025981,-0.281718,-0.269726,0.105254,0.342766,-0.090309,0.013439,-0.266042,0.318167,-0.126013,0.592421,-0.548049,-0.181153,0.160625,0.035378,-0.405151,0.608251,0.741838,0.418329,0.0,-0.413599,0.185852,0.191587,0.409597,0.108666,0.0,-0.201255,-0.799251,-0.15672,-0.12859,0.160468,0.077523,-0.353079,-0.14965,-0.399289,-0.245742,0.387107,-0.408381,-0.026858,-0.023684,-0.37039,-0.407888,-0.610513,0.17206,-0.610513,0.565435,0.276311,0.060296,-0.160685,-0.177263,0.068712,-0.583547,-0.160685,0.401055,0.077523,-0.567005,-0.118419,0.152038,0.39473,-0.245742,0.232621,-0.177699,0.010413,-0.352582,0.0,0.032025,0.508209,-0.020374,0.0,-0.611832,-0.002216,-0.33517,-0.017288,-0.353162,-0.153468,-0.427311,-0.576015,0.606216,-0.370234,-0.098682,0.092897,-0.082768,-0.407888,0.621126,0.0,-0.388964,-0.611831,0.080728,-0.353162,0.0,-0.118419,0.199488,-0.026858,-0.098682,-0.063541,0.0,-0.245425,-0.353162,-0.290768,-0.407888,-0.137182,-0.177263,-0.118419,0.337098,0.312352,-0.352582,-0.407888,0.276311,-0.407888,-0.138986,0.632495,-0.410841,-0.407888,0.088085,0.0,0.128329,-0.591472,0.009508,-0.110851,-0.12859,0.106912,-0.353162,0.0,-0.340094,0.533145,-0.610513,0.312352,-0.226564,-0.394105,-0.407888,0.322619,-0.302474,-0.353162,-0.106624,0.396533,0.303657,-0.347249,0.149054,0.310598,-0.21399,0.452421,0.379136,-0.003678,-0.020374,0.550465,0.043543,0.501987,-0.052862,-0.003198,0.330305,-0.642838,-0.051933,-0.345813,#
15,0.108936,-0.371483,-0.398121,-0.518189,0.115679,0.398333,0.782232,0.138301,0.235171,-0.212662,0.39168,0.258378,0.093313,0.378809,0.093313,1.0,0.218433,-0.348302,0.594136,-0.290265,-0.104547,0.416395,0.235171,-0.49662,-0.717817,-0.407332,-0.064389,0.488162,-0.110429,-0.302628,-0.152252,0.24417,0.0,-0.371483,0.179846,0.170464,0.118283,0.354176,-0.383231,-0.078027,-0.099687,-0.241042,-0.065539,0.011127,0.064772,-0.220833,0.370635,0.098697,0.233249,-0.148536,0.29588,0.274755,0.229748,-0.242977,-0.179781,-0.224336,0.186,0.432839,0.196243,-0.033438,-0.012021,-0.470695,0.372273,0.370635,0.326686,-0.148536,0.0,-0.242644,0.449431,-0.213647,-0.177064,0.07078,0.0,-0.129166,-0.255873,-0.386849,0.255145,-0.38749,-0.233717,-0.255044,-0.11772,-0.021447,-0.41712,-0.516733,-0.046707,-0.021447,-0.028947,-0.233717,0.170464,0.255145,-0.192592,0.255145,0.078035,-0.665774,-0.254773,-0.124305,-0.114235,-0.77084,-0.129166,-0.124305,0.664185,0.313729,-0.108949,-0.395605,0.098245,0.231573,-0.41712,-0.465216,-0.145099,-0.516733,-0.791008,0.0,0.46948,0.292673,-0.496812,0.0,-0.371483,0.002926,0.311333,-0.494446,-0.212662,-0.129166,-0.033774,-0.136712,-0.257771,-0.255873,-0.371483,-0.083265,-0.276505,-0.665774,-0.27474,0.0,-0.288827,0.255696,-0.288827,-0.212662,0.0,-0.395605,-0.08256,-0.021447,-0.371483,-0.213403,0.0,-0.169978,-0.212662,0.776944,-0.665774,0.399223,-0.114235,-0.395605,-0.322718,-0.351411,-0.791008,0.170464,-0.665774,-0.665774,0.241639,0.388334,-0.013644,-0.665774,-0.228236,0.0,0.064295,-0.14077,0.489286,0.780028,0.255145,0.603352,-0.212662,0.0,-0.10615,0.612782,0.255145,-0.351411,0.17672,-0.540547,0.170464,0.248632,0.208471,-0.212662,0.295017,0.511037,0.235828,0.679058,0.1481,0.275883,0.573013,-0.209307,0.224745,0.062285,-0.496812,0.416698,0.416698,0.158282,0.089934,0.511018,0.722439,0.073814,0.199293,0.355143,#
16,-0.083947,-0.22373,-0.529156,-0.206245,-0.106884,0.053719,0.023073,0.182298,0.023073,-0.527999,-0.308738,0.045498,0.36241,0.082356,0.36241,0.218433,1.0,-0.458408,-0.127869,-0.755,-0.382472,-0.304787,0.075197,0.238843,0.006496,-0.254539,0.1933,0.256802,-0.164124,-0.165266,0.049741,0.464382,0.0,-0.22373,0.01022,-0.508225,-0.081077,-0.283462,-0.21352,0.137692,-0.356374,-0.027328,0.191561,-0.230605,-0.090299,0.463699,0.218433,-0.18868,-0.539245,0.522628,0.149145,0.076791,0.292405,-0.338961,0.50232,0.456201,0.046141,0.264757,0.046158,-0.181603,0.467931,-0.023341,-0.28438,0.758918,-0.001646,-0.199565,0.0,-0.370931,0.198232,-0.179985,0.526663,0.302559,0.0,-0.304802,-0.545559,0.116114,-0.191633,-0.074576,-0.021699,-0.094523,0.054218,-0.168391,0.300842,-0.177542,-0.615042,-0.219134,0.215443,-0.075945,0.209919,-0.191633,0.401119,0.3142,-0.049176,0.209919,-0.039781,-0.777014,0.108252,-0.029872,0.04437,-0.3643,0.5011,0.448437,0.061732,-0.182298,-0.083889,0.35631,0.352911,-0.536703,-0.328584,-0.177542,-0.527131,0.0,0.245481,0.430355,-0.211758,0.0,-0.22373,0.243252,-0.0,0.227432,-0.057863,0.04437,-0.586234,-0.290439,0.242066,-0.995861,-0.22373,0.238885,-0.429005,-0.508225,-0.25815,0.0,0.22564,-0.22373,-0.267355,-0.057863,0.0,-0.182298,-0.173313,-0.219134,-0.22373,-0.289191,0.0,0.505542,-0.057863,-0.150023,-0.508225,0.106184,0.057509,-0.182298,0.519416,0.070598,-0.527131,0.209919,0.209919,-0.508225,0.069367,0.289668,-0.620809,-0.508225,-0.693148,0.0,-0.0577,-0.816575,0.266313,0.008505,-0.191633,0.798851,-0.057863,0.0,0.470276,0.485946,-0.191633,0.070598,-0.058571,-0.196378,0.209919,0.026465,0.005968,-0.057863,0.017382,-0.199823,0.99545,-0.232622,0.330908,0.096946,-0.013783,-0.150746,0.14626,-0.243736,-0.211758,0.195911,0.195911,0.755192,0.636069,-0.214391,0.467581,-0.056001,-0.36262,0.429672,#
17,0.22437,0.437619,0.572285,0.359101,0.234846,-0.130106,-0.478005,-0.404764,-0.013756,0.495548,-0.473393,-0.023819,0.229699,0.288486,-0.223474,-0.348302,-0.458408,1.0,-0.154714,0.350435,0.205827,0.284423,0.416105,-0.036493,0.506309,-0.185022,0.525284,-0.412315,0.373527,0.349177,0.488821,-0.503881,0.0,0.457331,-0.657321,0.304888,0.195221,-0.47746,0.437893,-0.256802,0.292176,0.024262,0.456024,-0.047282,0.153178,-0.225377,0.185792,0.404674,0.251726,-0.296643,-0.212877,-0.551443,-0.605935,-0.159484,-0.247143,-0.18998,-0.14923,0.123353,-0.112567,-0.294662,-0.366694,0.290758,0.078817,-0.348302,-0.183152,0.390577,0.0,0.102968,-0.430394,0.656614,-0.338544,-0.47508,0.0,0.168886,0.486179,0.319199,-0.1245,-0.322954,0.013765,0.009114,-0.235238,-0.069031,-0.319306,0.344763,0.778724,-0.501814,-0.473101,-0.433605,0.304888,-0.105987,-0.577066,-0.105987,-0.325729,0.304888,0.013765,0.168798,-0.23499,0.475827,-0.245985,0.168798,-0.158202,-0.347572,-0.245985,0.319344,-0.75514,-0.09462,0.110106,0.371094,0.610618,0.359233,0.488671,0.0,0.006946,-0.347572,-0.078503,0.0,-0.193183,-0.464539,0.578883,-0.058089,-0.433605,-0.245985,0.337778,0.174963,-0.47746,0.469698,-0.193183,-0.313912,-0.091002,0.147187,0.031587,0.0,0.032027,0.457331,0.013984,-0.433605,0.0,0.319344,0.536584,-0.501814,-0.193183,0.392514,0.0,-0.301302,-0.433605,-0.244728,0.147187,0.310794,-0.653466,0.319344,-0.586634,-0.16912,0.488671,0.304888,0.304888,0.147187,-0.076712,0.07329,-0.089928,0.147187,0.602271,0.0,-0.336705,0.624429,-0.397761,-0.47299,-0.1245,-0.657408,-0.433605,0.0,-0.299957,-0.271996,-0.105987,-0.16912,-0.32685,0.795579,0.304888,0.43269,0.199891,-0.433605,-0.031042,0.04313,-0.508764,-0.305515,-0.22813,-0.368046,0.220044,0.323589,-0.477538,0.472263,-0.078503,-0.354934,0.170846,-0.17057,-0.428503,-0.394602,-0.171688,0.100287,0.295508,-0.309957,#
18,0.116618,-0.090913,-0.156708,0.033502,0.12852,0.283254,0.339077,0.281961,-0.126375,-0.308795,0.608561,-0.101525,0.122636,0.26279,0.090183,0.594136,-0.127869,-0.154714,1.0,0.017616,-0.132597,0.627466,-0.126375,-0.477324,-0.786571,-0.100964,-0.372771,0.766532,-0.273051,-0.600534,-0.316503,0.366118,0.0,-0.051385,0.301703,0.334664,0.143778,0.603038,-0.100586,0.197922,0.315682,-0.33739,-0.025435,-0.074753,-0.199179,-0.196346,0.058659,-0.390253,0.194743,-0.284977,-0.018439,0.405993,0.440705,0.520064,-0.276964,-0.156656,-0.05041,0.093301,0.32704,-0.242855,0.101762,-0.191304,0.078314,0.038826,0.375605,-0.311477,0.0,-0.303569,0.111502,-0.41874,-0.308723,-0.060597,0.0,0.27515,-0.327368,-0.163088,0.442911,-0.324348,-0.343297,-0.325359,-0.231272,0.049845,-0.600249,-0.405411,0.043896,0.021157,0.039527,0.122483,-0.403178,0.480033,-0.050783,-0.039674,0.078653,-0.403178,0.105232,-0.166964,-0.132323,-0.334664,-0.107667,-0.590998,0.386984,0.122483,-0.538337,-0.090913,0.095212,-0.090913,-0.600249,-0.137814,-0.148033,-0.376395,-0.336654,0.0,0.06249,0.105232,-0.389089,0.0,-0.071149,-0.060104,0.155939,-0.361958,-0.326046,-0.554901,0.46015,0.296364,0.063096,0.102238,-0.604767,0.130234,0.009568,-0.403178,0.03258,0.0,-0.29023,-0.051385,0.180108,-0.326046,0.0,-0.090913,-0.429984,0.021157,-0.604767,0.226174,0.0,-0.245762,-0.326046,0.410841,-0.403178,0.520877,-0.132323,-0.090913,-0.131522,-0.042977,-0.336654,-0.403178,-0.403178,-0.403178,0.360966,0.082634,0.031336,-0.403178,0.028226,0.0,0.197041,-0.142265,0.796949,0.363888,0.442911,0.148021,-0.326046,0.0,-0.213765,0.532043,0.480033,-0.042977,0.162766,-0.356619,-0.403178,0.357492,-0.048963,-0.326046,-0.058838,0.379615,-0.118039,0.453578,0.144964,0.230649,0.717607,-0.328684,0.347488,-0.009996,-0.389089,0.6491,0.6491,-0.260617,-0.005928,0.797227,0.466179,-0.175493,-0.150156,0.001349,#
19,-0.030469,-0.247594,0.425663,-0.058652,-0.037882,-0.404224,-0.148476,-0.165063,-0.148476,0.756412,0.238187,-0.151857,-0.034206,-0.404189,-0.605943,-0.290265,-0.755,0.350435,0.017616,1.0,0.046561,0.18098,-0.148476,-0.051644,0.083263,0.304564,0.102128,-0.493803,0.143908,0.234745,0.07768,-0.743015,0.0,0.448764,0.35429,0.763414,-0.045249,0.243393,-0.247539,0.025003,0.169954,0.154683,-0.491738,-0.061862,0.401649,-0.687684,-0.290265,-0.038539,0.370515,0.15083,-0.195997,-0.334061,-0.247099,0.403533,0.170773,-0.663731,-0.278466,-0.338747,0.336021,0.08406,-0.025702,0.443816,0.262618,-0.989049,-0.100062,0.15083,0.0,0.238411,-0.380082,0.079453,-0.741174,-0.114791,0.0,0.050437,0.768165,0.409593,-0.24706,-0.146907,0.148581,0.166413,0.057022,0.453455,-0.15126,-0.046859,0.497918,-0.051944,-0.061898,0.148581,-0.165063,0.406922,-0.184611,-0.24706,-0.15126,-0.165063,0.148581,0.597326,0.037905,0.157421,0.050437,0.063735,-0.551781,-0.324176,0.050437,0.294018,-0.15126,-0.247594,-0.15126,0.439431,0.063735,0.464325,0.747236,0.0,0.022958,-0.324176,-0.046859,0.0,0.294018,-0.057001,0.25875,-0.057001,0.148581,0.050437,0.474935,0.548956,-0.436053,0.768165,0.294018,0.018208,0.285961,0.557086,0.219418,0.0,0.210691,0.448764,0.210691,0.148581,0.0,0.294018,0.074334,-0.051944,0.294018,0.192581,0.0,0.156348,0.148581,0.105161,0.557086,-0.051345,0.037905,0.294018,-0.27573,-0.271348,0.747236,-0.165063,-0.165063,0.557086,-0.158427,-0.307041,0.474935,0.557086,0.487393,0.0,-0.155565,0.628011,0.017039,-0.120003,-0.24706,-0.602572,0.148581,0.0,0.210014,-0.51344,0.406922,-0.271348,-0.217916,0.48656,-0.165063,-0.107831,0.285303,0.148581,-0.113838,0.091156,-0.730949,0.218211,-0.605358,0.22132,-0.091517,0.140462,-0.296857,0.098862,-0.046859,-0.252742,-0.252742,-0.462677,-0.477464,0.069376,-0.498975,0.376202,0.314679,-0.323958,#
20,-0.18857,0.112032,-0.150094,0.425222,-0.166511,0.586894,0.080271,-0.272078,-0.355984,0.356234,-0.097111,0.073053,-0.588159,0.182889,-0.571734,-0.104547,-0.382472,0.205827,-0.132597,0.046561,1.0,-0.262542,-0.355984,-0.390141,0.321791,0.122202,-0.381848,-0.035286,0.256354,0.605778,0.327403,-0.229537,0.0,-0.408118,-0.315131,-0.272078,-0.193753,-0.121648,0.102195,0.158072,0.157828,-0.074413,0.032422,0.415874,-0.150206,0.2932,-0.606434,0.090395,0.25547,-0.429608,-0.07468,0.139121,0.063589,-0.180827,-0.418771,0.278498,0.53615,-0.588781,0.090352,0.208357,-0.511704,-0.569673,0.3974,-0.104547,-0.750586,-0.402783,0.0,0.407441,-0.046499,-0.065643,0.22261,-0.100914,0.0,0.577535,0.374239,-0.479689,0.609682,0.256866,-0.080327,0.339399,0.155188,0.018513,0.230005,-0.003121,0.405597,0.396024,0.0,0.356234,0.39478,0.121185,-0.187261,0.590894,-0.174133,-0.272078,-0.080327,0.182423,0.166613,-0.071724,0.562631,0.565664,-0.411769,-0.09779,0.562631,0.112032,0.244904,-0.408118,0.230005,-0.1939,0.565664,-0.384953,-0.053532,0.0,-0.442601,-0.534351,0.409919,0.0,0.612176,0.009167,-0.11499,0.009167,0.356234,0.143452,0.42368,0.201882,-0.121648,0.390965,0.112032,-0.320151,0.069437,0.421455,-0.60377,0.0,-0.114218,0.092027,-0.095907,0.356234,0.0,0.112032,-0.073677,0.396024,0.112032,0.059536,0.0,-0.435353,0.356234,0.260341,0.421455,-0.111243,0.166613,0.112032,-0.3415,0.078683,-0.053532,0.39478,-0.272078,0.421455,0.110443,-0.658404,0.42368,0.421455,-0.07449,0.0,0.233221,0.603295,-0.401475,0.083959,0.609682,-0.129417,0.356234,0.0,-0.39163,-0.573144,0.121185,0.078683,0.652462,0.000939,0.39478,-0.355483,-0.185574,0.356234,0.096351,-0.40531,-0.35414,0.275895,0.26848,-0.709864,0.153562,-0.441358,-0.003383,0.0,0.409919,-0.585247,-0.091173,-0.691047,0.015646,-0.017073,-0.389503,0.24149,0.071756,0.348027,#
