0,1.0,0.392676,-0.381887,-0.666256,-0.132968,0.158963,0.182835,-0.271998,0.339427,0.147549,-0.132968,0.048252,0.101999,0.322317,0.7842,0.134489,-0.042615,0.006088,-0.217442,-0.271998,-0.394838,-0.404494,-0.18174,-0.383208,0.434151,-0.456984,0.112605,-0.314084,-0.516601,0.434151,-0.778372,0.43819,0.407997,-0.407997,0.259531,0.339427,0.259531,-0.186535,-0.407997,0.226087,0.226091,0.049488,-0.398587,0.087553,0.613806,-0.179604,0.379552,0.053001,-0.133071,-0.429239,-0.365375,-0.06615,-0.271998,0.155997,0.238411,0.381843,-0.160939,-0.186102,-0.464798,0.37833,0.281069,0.555385,0.513905,-0.478378,-0.43023,0.072467,0.0,0.072467,0.346462,-0.318538,0.345382,-0.043575,-0.065891,-0.089032,-0.013746,-0.017174,-0.271998,-0.649594,0.105505,0.354732,0.087383,-0.426119,0.101999,-0.666256,-0.249846,-0.070292,-0.219351,-0.267308,-0.267308,-0.407997,-0.182031,-0.534193,-0.407997,0.407997,-0.004633,-0.080592,0.154757,-0.155743,-0.403209,-0.249846,-0.488897,-0.271998,-0.407789,0.0,-0.403209,-0.407997,-0.107244,-0.426119,0.381843,-0.492433,0.38402,0.0,-0.534193,-0.407997,-0.24386,-0.666256,-0.261566,-0.219351,0.037882,-0.467106,0.0,-0.089032,-0.182031,-0.004633,0.273097,-0.013746,-0.425496,0.352267,-0.497123,-0.271998,0.14017,-0.407997,-0.818353,-0.159919,0.479677,-0.271998,0.0,-0.533922,0.288259,-0.182031,0.0,-0.310222,0.407997,-0.454337,-0.415793,-0.497123,-0.070292,0.362088,-0.179846,0.0,-0.422527,0.186991,0.434151,-0.407997,0.17629,-0.271998,0.164814,0.235173,-0.368438,-0.271998,-0.823156,-0.271998,-0.407997,-0.089032,-0.407997,0.341683,-0.407997,0.580429,0.055351,-0.533922,-0.230822,0.049488,0.0,-0.422527,0.108739,-0.013746,0.0,-0.198089,0.484046,-0.377219,0.190696,0.53086,-0.292931,0.484046,0.341683,-0.183079,0.546447,-0.180375,0.086034,0.134804,-0.407997,0.024103,0.629236,0.458271,0.194493,0.05488,-0.517889,0.063174,-0.183079,-0.30226,#
1,0.392676,1.0,-0.589343,-0.392314,-0.529141,0.420746,-0.399879,-0.333136,0.185052,0.045772,0.011116,-0.223578,0.499704,0.185052,0.207221,-0.01538,-0.634459,0.193872,0.015086,-0.333136,0.226994,0.240562,0.40871,-0.228371,0.333136,-0.642282,0.66524,-0.143505,0.019851,0.333136,-0.259047,0.214979,0.333136,-0.499704,-0.294292,0.185052,0.40517,-0.384522,0.019219,0.41938,0.421348,0.671505,0.212505,0.362828,-0.017637,-0.021572,-0.217807,0.735551,-0.113675,-0.574308,-0.198252,-0.570993,0.333136,-0.272207,0.316696,0.30751,-0.386498,0.494689,-0.283093,0.512096,0.670083,-0.028263,0.224191,-0.110503,-0.095905,0.654635,0.0,0.654635,0.335328,-0.268818,-0.345248,0.164215,0.228709,-0.218089,-0.190802,0.114742,-0.333136,-0.4666,0.519208,-0.244707,-0.49945,-0.998904,0.0,-0.816014,0.0,-0.661154,0.376523,-0.402061,-0.81561,0.0,-0.400162,-0.654267,-0.499704,0.333136,-0.189426,0.225887,-0.402061,0.176757,-0.198572,-0.408007,0.288835,-0.333136,0.004391,0.0,0.205479,-0.499704,-0.251111,-0.594853,0.30751,-0.265887,0.605773,0.0,-0.218089,-0.499704,0.417083,-0.816014,0.015234,0.376523,-0.494895,-0.253479,0.0,-0.218089,-0.811758,-0.189426,0.422614,-0.594853,0.186939,0.498669,-0.340276,-0.333136,-0.436996,-0.499704,-0.648018,-0.336138,0.167646,-0.333136,0.0,0.225887,0.384161,-0.811758,0.0,-0.193811,-0.333136,-0.268386,0.17605,-0.340276,-0.661154,0.670929,-0.554108,0.0,-0.273343,-0.458493,0.333136,-0.499704,-0.491031,0.358762,-0.453929,0.325975,-0.243715,-0.333136,-0.243715,0.358762,-0.599645,-0.218089,-0.499704,0.483556,-0.499704,0.11537,-0.045195,-0.218294,-0.023828,0.194383,0.0,-0.273343,0.381533,-0.594853,0.0,-0.421253,0.649992,-0.233274,0.802196,-0.231792,-0.816283,0.649992,0.483556,-0.437827,-0.027715,0.432461,0.342058,0.814323,-0.199882,0.199331,0.383678,0.234098,-0.011103,-0.061862,-0.37854,-0.535663,-0.023044,-0.051235,#
2,-0.381887,-0.589343,1.0,0.435185,0.527354,0.010419,0.443213,0.347767,0.254518,-0.057582,-0.003936,0.230199,-0.49897,-0.190604,-0.653144,-0.389853,0.206222,0.220662,0.386512,0.347767,0.233147,-0.250505,0.027743,0.273138,0.347767,0.625929,-0.247073,0.165701,0.234245,0.347767,0.261865,0.171171,-0.332647,0.521651,0.288592,0.254518,-0.322832,-0.01037,0.01134,-0.383174,0.044949,-0.182259,0.177259,-0.039436,-0.450082,0.194272,-0.168522,-0.163356,0.165675,0.192607,0.220789,0.243051,-0.332647,0.221487,-0.308011,-0.332647,-0.030173,0.070681,-0.37387,-0.456516,-0.317171,-0.506149,-0.228218,0.354921,-0.266222,-0.187809,0.0,-0.187809,-0.24965,0.712442,0.330778,0.237389,0.249075,0.237566,-0.21803,0.266295,0.347767,0.458146,-0.004121,-0.142812,0.025907,0.607224,0.01134,0.805556,0.018518,0.282474,-0.402871,0.030241,0.405641,0.01134,-0.007265,0.633508,0.464949,-0.332647,-0.209117,-0.199364,0.030241,-0.180776,0.240444,0.388889,0.347279,0.272166,0.025907,0.0,-0.21803,0.464949,0.630274,0.194597,-0.332647,0.23428,-0.176317,0.0,0.237566,0.521651,-0.392085,0.805556,-0.385981,-0.402871,0.074406,0.563737,0.0,0.188073,0.413066,-0.209117,-0.417245,0.240444,0.221644,-0.443471,-0.176526,0.347767,0.375203,0.521651,0.235554,0.796391,-0.160814,0.347767,0.0,-0.199364,-0.171897,0.413066,0.0,0.205677,-0.332647,-0.39926,-0.143395,-0.176526,0.23522,-0.227949,0.059562,0.0,0.248645,0.027638,0.347767,0.521651,0.490643,-0.332647,0.041113,0.181741,0.653849,0.347767,0.653849,-0.332647,0.589692,0.237566,0.521651,-0.446173,0.464949,-0.322509,0.057436,0.254245,0.428221,0.23481,0.0,0.248645,-0.002994,0.240444,0.0,0.411744,-0.678194,-0.402209,-0.36847,0.20286,0.815598,-0.627058,-0.504401,0.804292,-0.37673,0.015622,-0.356034,-0.383353,0.226805,-0.217968,-0.378714,-0.474238,-0.360913,0.51663,0.380279,0.106975,0.380705,0.027267,#
3,-0.666256,-0.392314,0.435185,1.0,-0.094452,0.174606,0.166613,0.408248,-0.071904,0.032103,-0.094452,0.115666,-0.408248,-0.071904,-0.53439,-0.241753,0.003088,0.006092,-0.280384,0.408248,0.08929,0.006324,0.265698,0.163883,-0.272166,0.386052,-0.367848,0.032816,0.263529,-0.272166,0.485518,-0.372972,-0.272166,0.612372,-0.511762,-0.071904,0.17609,0.671941,0.612372,-0.145033,0.261342,0.086333,0.003092,-0.549943,-0.30439,-0.030146,0.012745,0.182688,0.330204,0.420234,0.108326,0.044127,-0.272166,0.307647,-0.4063,-0.272166,-0.14525,0.459427,0.26737,-0.074774,-0.703857,-0.377245,-0.380363,0.464346,0.439844,0.10607,0.0,0.10607,0.293294,0.495055,-0.308591,-0.261612,0.350479,0.356348,-0.403458,-0.243728,0.408248,0.703164,0.117459,0.037803,0.116583,0.421797,0.102062,0.583333,0.166667,0.463089,-0.157853,0.178315,0.178315,0.102062,-0.158792,0.356348,0.102062,-0.272166,-0.004636,0.347767,0.178315,-0.062576,0.8115,0.166667,0.30387,-0.272166,0.61206,0.0,-0.013754,0.102062,-0.071803,0.00917,-0.272166,0.037652,-0.399411,0.0,0.356348,0.612372,0.154853,0.583333,0.166553,-0.157853,0.164255,0.037652,0.0,-0.089087,0.261539,-0.004636,-0.533284,0.421797,0.426118,-0.093214,0.263942,0.408248,-0.323806,0.612372,0.537532,0.096116,0.140568,0.408248,0.0,0.347767,0.314658,0.261539,0.0,0.40724,-0.272166,0.17609,0.563982,0.263942,0.037803,-0.078905,0.448661,0.0,0.120962,-0.133936,-0.272166,0.612372,0.32168,0.408248,-0.174124,-0.104912,0.551053,0.408248,0.551053,0.408248,0.408248,0.356348,0.612372,-0.052405,0.102062,-0.743221,0.147693,0.801376,0.295244,-0.382869,0.0,0.120962,-0.646621,0.421797,0.0,-0.135893,-0.782385,0.126102,-0.126533,-0.382817,0.327278,-0.322158,-0.576458,0.272978,-0.228945,-0.064443,-0.312947,-0.217252,0.408248,-0.322158,-0.563556,0.053278,0.289445,0.164255,0.346583,-0.106975,-0.150609,0.21873,#
4,-0.132968,-0.529141,0.527354,-0.094452,1.0,-0.15736,0.378457,0.138172,0.335855,0.225467,0.322553,0.218417,-0.371137,-0.210698,-0.268309,0.378457,0.513072,0.025317,0.455008,0.202438,-0.224106,-0.518401,0.07695,-0.049662,0.170305,0.098061,-0.359646,0.200953,-0.261355,0.170305,-0.199912,-0.013402,-0.665155,0.255458,0.756496,0.335855,-0.120582,-0.406358,-0.371137,0.052892,-0.362823,-0.262977,-0.001022,-0.102781,-0.048654,0.695454,-0.034309,-0.385468,0.479885,0.019408,0.241561,-0.012355,0.170305,-0.373373,-0.207545,0.138172,0.119595,-0.311823,-0.185471,-0.305641,-0.279772,0.200858,-0.263157,0.513406,-0.200068,-0.352586,0.0,-0.352586,-0.30225,-0.20529,0.609085,0.18086,-0.219514,-0.212464,0.005088,-0.077696,0.138172,0.126731,-0.389901,-0.049319,0.256704,0.511741,-0.371137,0.436839,-0.074774,0.472877,-0.401878,0.378173,0.418062,0.279558,0.09054,0.376545,0.279558,-0.665155,-0.504172,-0.770123,-0.120444,0.292197,-0.4745,-0.094452,-0.189291,0.202438,-0.37783,0.0,-0.4745,0.279558,0.333768,0.492254,0.138172,0.490993,-0.027911,0.0,0.355509,0.255458,-0.611304,0.436839,-0.078656,-0.401878,0.258966,0.506551,0.0,-0.191428,0.110391,-0.484469,-0.061781,-0.014399,0.001216,-0.206298,-0.063883,0.138172,0.627699,0.255458,0.256463,0.44808,-0.404821,0.138172,0.0,-0.170305,-0.294723,0.110391,0.0,-0.213303,0.138172,-0.088098,-0.334011,-0.063883,0.513046,-0.783684,-0.2577,0.0,0.222432,0.057831,0.170305,0.255458,0.585336,-0.665155,0.105744,0.171495,-0.286622,0.202438,0.272058,-0.665155,0.02892,-0.212464,0.255458,-0.315238,0.303658,0.253402,-0.312564,-0.170305,0.11279,0.335302,0.0,0.222432,0.408435,-0.014399,0.0,0.591042,-0.370302,-0.235234,-0.425017,0.181483,0.692995,-0.392037,-0.265741,0.124248,-0.156647,-0.242918,-0.017831,-0.618893,0.00964,0.194796,0.054508,-0.566957,-0.486146,0.226148,0.640385,-0.052472,0.144252,-0.053412,#
5,0.158963,0.420746,0.010419,0.174606,-0.15736,1.0,0.158705,0.388095,0.330548,0.15286,0.39924,0.095767,-0.407896,-0.118508,-0.107632,-0.269748,-0.440121,-0.416137,-0.22978,-0.271931,0.213722,0.015521,0.650987,-0.144665,0.414496,-0.321257,0.526945,0.173029,-0.235181,0.414496,-0.420537,0.008494,-0.271931,0.087123,-0.214798,0.330548,0.505822,-0.010139,0.126725,0.271058,0.815541,0.667568,0.417113,-0.40967,-0.200783,0.328099,-0.042283,0.448351,0.410497,-0.378028,-0.321939,-0.393441,-0.271931,-0.058705,0.264313,0.388095,-0.996943,0.347616,-0.343821,0.39924,0.085725,0.09546,0.204407,0.415685,-0.069165,0.518043,0.0,0.518043,0.247317,0.02855,-0.09896,0.009305,0.813185,-0.101973,-0.81538,0.182048,0.388095,0.197483,0.641777,-0.055739,-0.407688,-0.415117,-0.407896,-0.26191,-0.666091,-0.055739,-0.220126,-0.25609,-0.25609,-0.407896,-0.590856,-0.534061,-0.407896,-0.271931,0.002338,0.355045,-0.25609,0.303203,-0.006849,-0.26191,0.166753,-0.271931,0.620296,0.0,-0.006849,-0.407896,0.328757,-0.415117,0.388095,-0.078344,0.151731,0.0,-0.534061,0.087123,0.161775,-0.26191,-0.241883,-0.220126,-0.40397,-0.065561,0.0,-0.534061,-0.590856,-0.402364,-0.178793,-0.415117,0.389639,0.541866,-0.45958,0.388095,-0.547138,0.087123,-0.358858,-0.173685,0.479064,0.388095,0.0,-0.084972,0.417148,-0.590856,0.0,-0.31603,-0.271931,-0.188109,0.027009,-0.45958,-0.468282,0.371872,-0.166965,0.0,-0.432097,-0.228478,0.414496,0.087123,0.180038,0.440897,-0.224118,-0.133502,0.056985,-0.271931,0.056985,0.440897,-0.419776,-0.101973,0.087123,0.374654,-0.407896,-0.328033,-0.405805,-0.084972,0.229527,0.176013,0.0,-0.432097,0.12754,-0.415117,0.0,-0.195602,0.066519,-0.360784,0.229527,-0.018853,-0.113253,0.066519,-0.133696,-0.206178,-0.294315,0.316653,0.353857,0.169296,-0.419776,0.066519,-0.218247,0.495681,0.233041,0.593699,0.218529,-0.362534,-0.617072,0.120474,#
6,0.182835,-0.399879,0.443213,0.166613,0.378457,0.158705,1.0,0.39478,-0.080271,0.040633,0.378457,0.073619,-0.408117,-0.533975,-0.103508,0.16688,-0.012349,0.006687,-0.225636,-0.272078,0.095825,-0.428166,-0.182095,0.324449,0.421455,0.046138,-0.367406,0.133224,-0.516556,0.421455,-0.323575,0.06548,-0.272078,0.092027,0.33783,-0.080271,0.33783,0.305862,0.112032,0.250173,-0.061192,-0.25178,-0.012363,-0.187766,-0.196436,0.215088,-0.034726,-0.197635,0.304815,-0.027498,0.066488,-0.080689,-0.272078,0.260049,0.262715,-0.272078,-0.160677,-0.176876,-0.427378,-0.143021,-0.30506,0.078876,0.083504,0.18864,-0.211457,-0.372501,0.0,-0.372501,0.218258,0.130669,0.261169,-0.406822,0.367712,-0.09779,-0.0133,0.170397,0.39478,-0.133893,0.096215,-0.002038,0.077697,0.391106,0.112032,0.166613,-0.241753,0.431448,-0.555825,0.569175,0.138707,-0.408118,0.23033,-0.080327,0.112032,-0.272078,-0.020535,-0.089507,0.138707,-0.071756,0.009167,0.166613,-0.477642,-0.272078,0.106262,0.0,-0.411416,0.112032,0.337388,0.391106,-0.272078,0.03764,-0.234238,0.0,-0.080327,0.092027,-0.252211,0.166613,-0.269572,-0.555825,0.029225,0.373449,0.0,-0.080327,0.23033,-0.00418,-0.355626,0.391106,0.409919,0.4126,-0.456478,0.39478,0.253582,0.092027,0.077005,0.250845,0.556376,0.39478,0.0,-0.53408,0.317642,0.23033,0.0,0.332364,0.39478,-0.363285,-0.325075,-0.456478,0.014635,-0.10089,-0.085432,0.0,-0.33254,0.264598,0.421455,0.092027,0.686527,-0.272078,-0.216732,-0.088053,0.078683,-0.272078,0.078683,-0.272078,0.0,-0.09779,0.092027,-0.128146,-0.408118,0.140958,0.158502,-0.071724,-0.162663,-0.25178,0.0,-0.33254,-0.260889,0.391106,0.0,0.647898,-0.379565,-0.5595,-0.592573,0.021934,0.627639,0.089535,-0.641759,0.233221,0.180362,-0.621948,0.124552,-0.260782,0.0,0.089535,0.257682,0.038756,0.254681,0.603808,0.259854,0.046513,-0.181927,-0.661312,#
7,-0.271998,-0.333136,0.347767,0.408248,0.138172,0.388095,0.39478,1.0,-0.218064,-0.164763,0.138172,-0.508316,-0.166667,-0.218064,-0.218164,-0.272078,-0.332837,-0.333259,-0.2717,-0.111111,0.294659,0.312399,0.245693,0.245318,-0.111111,0.471285,0.19482,0.273897,-0.43034,-0.111111,0.239506,-0.331011,-0.111111,0.666667,0.25161,-0.218064,0.25161,0.396238,-0.166667,-0.407888,0.362462,0.303417,0.323121,-0.312089,-0.267652,-0.024614,0.317399,0.003552,0.029489,-0.333028,-0.508575,0.365446,-0.111111,0.151404,0.096583,-0.111111,-0.407352,0.067329,0.160641,0.138172,-0.287347,-0.16229,-0.496904,0.137489,0.226819,0.189974,0.0,0.189974,-0.094079,0.243634,-0.400178,0.249207,0.518497,0.509175,-0.333165,-0.0995,1.0,0.29683,-0.166571,0.362678,-0.166582,0.340652,-0.166667,0.408248,-0.272166,0.362678,-0.406188,0.417625,0.417625,-0.166667,0.278373,-0.218218,-0.166667,-0.111111,0.348215,0.522634,0.417625,0.549255,0.340652,0.408248,-0.02363,-0.111111,0.690124,0.0,0.340652,-0.166667,0.53602,0.340652,-0.111111,0.361229,0.057291,0.0,-0.218218,0.666667,0.417625,0.408248,-0.271981,-0.406188,-0.165063,0.361229,0.0,-0.218218,0.278373,-0.333075,-0.920741,0.340652,0.355571,0.256002,0.16992,1.0,0.151078,0.666667,0.229701,-0.269069,0.259302,1.0,0.0,-0.218107,0.214098,0.278373,0.0,0.181369,-0.111111,0.25161,0.240616,0.16992,-0.331811,-0.218057,0.195059,0.0,0.234568,0.29683,-0.111111,0.666667,0.310405,-0.111111,0.262129,-0.393258,0.235286,-0.111111,0.235286,-0.111111,0.333333,0.509175,0.666667,0.192549,-0.166667,-0.48793,-0.165812,-0.218107,-0.396037,0.303417,0.0,0.234568,-0.263982,0.340652,0.0,0.285926,-0.507294,0.187755,-0.396037,0.120219,0.283582,-0.507294,-0.663225,0.284371,-0.271498,0.200904,0.37217,-0.257632,0.333333,-0.507294,-0.407048,0.348009,0.293226,0.763414,0.141492,0.393052,-0.407343,-0.270066,#
8,0.339427,0.185052,0.254518,-0.071904,0.335855,0.330548,-0.080271,-0.218064,1.0,0.26551,-0.253549,0.421157,-0.327097,0.52448,0.023257,-0.1145,0.205812,0.225149,0.354856,0.536774,-0.474954,-0.653643,0.534804,-0.519614,0.508817,-0.262419,-0.060865,-0.130641,0.021656,0.508817,-0.483764,0.217211,-0.218064,0.239032,0.163697,1.0,0.163697,-0.40493,-0.327096,0.060916,0.496598,0.370305,-0.224595,-0.2375,0.345381,0.362919,0.232777,0.303649,0.473378,-0.190822,-0.021003,-0.174447,-0.218064,-0.017143,-0.551118,0.48086,-0.326556,0.32575,-0.54908,0.335855,-0.162274,0.180671,0.001563,0.353698,-0.215918,0.429074,0.0,0.429074,0.321071,-0.010171,0.509416,0.336808,0.053753,0.065888,-0.653863,-0.19528,-0.218064,0.048939,0.201429,0.184644,0.255077,-0.196102,-0.327097,-0.071904,-0.071904,0.184644,-0.428659,-0.533882,-0.065362,0.239032,-0.800782,0.065888,-0.327097,-0.218064,-0.653687,-0.428052,-0.065362,-0.024426,-0.196102,-0.534146,0.191444,-0.218064,-0.32693,0.0,-0.653863,-0.327097,0.010958,-0.653863,0.48086,-0.310185,0.424027,0.0,0.065888,0.239032,-0.533882,-0.071904,-0.058658,-0.428659,0.306816,-0.296649,0.0,-0.42827,-0.334475,-0.653687,0.174152,-0.196102,-0.252622,-0.174786,-0.42462,-0.218064,0.095349,0.239032,-0.49663,0.366151,-0.146745,-0.218064,0.0,0.075173,0.190699,-0.334475,0.0,-0.407671,-0.218064,-0.571131,-0.094571,-0.42462,0.184644,0.025937,-0.267183,0.0,-0.101888,-0.428659,0.508817,0.239032,0.482028,-0.218064,0.050528,0.661487,-0.059617,0.536774,-0.059617,-0.218064,-0.20129,0.065888,0.239032,0.275614,0.239032,-0.040442,-0.32542,0.075173,0.492174,0.370305,0.0,-0.101888,0.301109,-0.196102,0.0,-0.386986,-0.121023,-0.459004,0.492174,0.42711,0.109225,-0.121023,0.275614,0.072712,-0.14088,0.241436,-0.425446,-0.117745,-0.20129,-0.121023,0.024936,-0.055214,-0.413384,0.148476,0.142405,-0.361423,0.072712,0.386231,#
9,0.147549,0.045772,-0.057582,0.032103,0.225467,0.15286,0.040633,-0.164763,0.26551,1.0,0.225467,0.293754,-0.247144,0.26551,0.281134,0.602486,0.457352,-0.064203,-0.402895,-0.164763,-0.364662,-0.493873,-0.054086,-0.81323,-0.164763,-0.108706,-0.138792,-0.741669,-0.362578,-0.164763,-0.271098,0.524758,-0.164763,-0.247144,0.096001,0.26551,0.096001,-0.216743,0.286463,0.38756,0.001576,-0.111965,-0.494118,-0.238477,0.247413,0.243879,0.054185,0.207546,0.185701,-0.073803,-0.293983,-0.488479,-0.164763,-0.582617,0.107839,0.77139,-0.158311,0.16143,0.150754,-0.309502,-0.157098,0.456975,0.268989,0.230556,-0.504514,-0.165521,0.0,-0.165521,0.204936,-0.268531,0.366635,-0.18637,-0.32351,-0.323588,-0.062575,-0.426993,-0.164763,0.341439,-0.247003,-0.004421,-0.247018,-0.062575,0.286463,0.032103,0.032103,0.44028,0.341439,0.038221,-0.403385,-0.247144,-0.165527,0.142183,0.286463,-0.164763,-0.493906,-0.323423,-0.403385,0.216102,-0.062575,0.032103,0.040614,-0.164763,-0.247018,0.0,-0.494039,0.286463,-0.322906,-0.062575,0.77139,0.406143,-0.011585,0.0,0.142183,-0.247144,-0.403385,0.032103,-0.403311,0.341439,-0.244765,-0.047142,0.0,0.142183,-0.165527,-0.057656,0.103638,-0.062575,-0.052572,0.166257,0.21705,-0.164763,0.064917,-0.247144,-0.28145,0.031738,0.277065,-0.164763,0.0,-0.323423,0.281401,-0.165527,0.0,-0.647915,-0.164763,0.096001,0.251942,0.21705,0.44028,-0.323349,0.168994,0.0,0.243816,0.341439,-0.164763,-0.247144,0.359701,-0.164763,-0.075465,0.250108,-0.277115,-0.164763,-0.277115,-0.164763,-0.067403,-0.323588,-0.247144,-0.352579,-0.247144,0.474526,0.333255,0.150894,0.361531,-0.111965,0.0,0.243816,0.127518,-0.062575,0.0,-0.187257,-0.198193,-0.18493,-0.079502,-0.181509,-0.130859,0.283043,-0.352579,-0.161111,0.578392,-0.374327,0.256096,-0.417618,-0.067403,0.283043,0.371582,-0.060597,0.361067,-0.244765,0.090601,-0.476872,-0.161111,0.11333,#
10,-0.132968,0.011116,-0.003936,-0.094452,0.322553,0.39924,0.378457,0.138172,-0.253549,0.225467,1.0,0.218417,-0.371137,-0.800101,-0.268309,0.378457,-0.018522,-0.499007,-0.036087,-0.665155,0.368883,0.025909,0.07695,0.194132,0.170305,-0.332064,0.210811,0.363679,-0.261355,0.170305,-0.328887,-0.013402,-0.665155,-0.395237,0.124999,-0.253549,0.124999,-0.23976,0.279558,0.607685,-0.203053,-0.095459,0.531181,-0.102781,-0.496493,0.695454,-0.582797,-0.191348,0.414098,0.019408,0.241561,-0.554926,0.170305,-0.534584,0.677768,0.138172,-0.42395,-0.311823,-0.088983,-0.305641,0.218828,0.226719,0.343092,0.513406,-0.200068,-0.352586,0.0,-0.352586,-0.30225,-0.334998,0.192455,-0.375107,0.333573,-0.780437,0.005088,0.440268,0.138172,0.096234,0.280127,-0.591599,-0.412241,-0.014399,-0.371137,-0.094452,-0.606064,-0.069403,0.116565,0.378173,-0.120444,-0.371137,0.09054,-0.191428,0.279558,-0.665155,-0.001751,-0.223861,-0.65895,0.292197,-0.50373,-0.094452,-0.189291,0.202438,0.253951,0.0,0.02241,0.279558,0.333768,0.492254,0.138172,0.490993,-0.372025,0.0,-0.212464,-0.395237,-0.102715,-0.094452,-0.108995,0.116565,-0.46602,0.506551,0.0,-0.191428,-0.425572,0.017951,0.186131,-0.540538,0.508734,0.469022,-0.258047,0.138172,-0.257051,-0.395237,0.224435,0.010375,0.159445,0.138172,0.0,-0.202439,-0.160984,-0.425572,0.0,-0.26051,0.138172,0.157484,-0.366405,-0.258047,-0.029234,-0.20323,-0.294849,0.0,-0.355963,0.057831,0.170305,-0.395237,0.02601,0.202438,-0.414627,-0.466966,-0.318853,-0.665155,0.239826,0.202438,-0.491636,-0.780437,-0.395237,-0.315238,-0.347037,0.253402,-0.312564,-0.202439,0.11279,-0.095459,0.0,-0.355963,0.408435,-0.540538,0.0,0.591042,0.216531,-0.282526,-0.425017,-0.41929,0.224585,0.194796,-0.265741,-0.415866,-0.156647,-0.280268,0.632773,-0.09124,-0.510916,0.781629,0.054508,-0.151804,0.060626,0.226148,0.640385,-0.362481,-0.395862,-0.155449,#
11,0.048252,-0.223578,0.230199,0.115666,0.218417,0.095767,0.073619,-0.508316,0.421157,0.293754,0.218417,1.0,-0.762473,-0.051299,-0.101041,0.03961,0.64321,-0.214621,0.11484,0.241658,-0.371272,-0.617482,-0.062597,-0.19123,0.213882,-0.217885,-0.409512,0.008634,0.333504,0.213882,-0.427998,0.187015,-0.508316,-0.199993,-0.256318,0.421157,-0.256318,-0.094484,0.341655,0.325312,-0.056852,-0.410135,-0.17771,-0.419077,0.118527,0.391962,-0.23635,-0.329126,0.510873,0.676376,0.550568,-0.247311,-0.508316,0.056086,-0.209012,0.186105,-0.10467,-0.242617,-0.256707,-0.324613,-0.26898,0.293354,0.594711,0.390477,-0.242877,-0.399211,0.0,-0.399211,-0.002779,0.050109,0.766611,-0.473771,-0.041152,-0.507339,-0.233675,0.216413,-0.508316,0.362042,0.34209,-0.277593,0.321849,0.221136,-0.220826,0.115666,-0.343597,0.173809,-0.112479,-0.389163,0.093579,-0.199993,-0.552054,0.456423,0.341655,-0.508316,-0.227467,-0.525599,-0.371922,-0.59426,-0.201857,-0.343597,-0.06675,0.241658,-0.215954,0.0,-0.639823,0.341655,-0.051925,-0.233675,0.186105,-0.259192,-0.585119,0.0,-0.03455,-0.199993,-0.804857,0.115666,0.086448,-0.112479,0.322892,-0.245742,0.0,-0.03455,-0.088752,0.215356,0.527367,-0.233675,-0.23809,-0.332791,-0.325012,-0.508316,-0.312846,-0.199993,0.056193,0.54877,-0.036875,-0.508316,0.0,-0.025616,-0.274036,-0.088752,0.0,-0.334009,0.186105,-0.228238,-0.461096,-0.325012,0.642573,-0.044849,0.184705,0.0,-0.448441,-0.145676,0.213882,-0.199993,0.301839,0.241658,-0.082523,0.004575,0.066146,0.241658,0.066146,0.241658,-0.19166,-0.507339,-0.199993,-0.388026,0.362487,0.112036,-0.170706,0.455848,0.80001,-0.410135,0.0,-0.448441,0.053895,-0.233675,0.0,-0.121514,0.003053,-0.356872,-0.112565,0.069123,0.413907,-0.015735,0.189601,-0.080505,0.027483,-0.36281,-0.501163,-0.363523,-0.641644,0.491542,-0.168786,-0.196231,-0.141028,-0.285755,0.468677,-0.299047,-0.080505,0.556883,#
12,0.101999,0.499704,-0.49897,-0.408248,-0.371137,-0.407896,-0.408117,-0.166667,-0.327097,-0.247144,-0.371137,-0.762473,1.0,0.218064,0.232517,0.112032,-0.499256,0.50735,0.101888,-0.166667,0.236942,0.507325,-0.101937,0.066905,-0.166667,-0.073447,0.332817,-0.192025,1e-06,-0.166667,0.359259,0.019861,0.666667,-0.25,0.074135,-0.327097,0.074135,-0.182879,-0.25,-0.098682,-0.201692,0.24825,-0.007573,0.726085,0.028677,-0.443049,0.007805,0.378238,-0.619261,-0.499541,-0.223883,0.027022,0.666667,-0.160007,0.144875,-0.166667,0.433134,0.245271,0.179176,0.255458,0.526806,-0.268275,-0.326093,-0.543708,0.127586,0.326867,0.0,0.326867,0.051316,-0.195184,-0.600267,0.37381,-0.327248,0.218218,0.510978,-0.149252,-0.166667,-0.609282,-0.249857,0.02315,-0.249873,-0.499748,0.375,-0.408248,0.612372,-0.497717,0.445245,0.109195,-0.408046,0.375,0.417559,-0.327327,-0.25,0.666667,0.011355,0.228395,0.109195,0.249081,0.005615,0.102062,0.141777,-0.166667,-0.249873,0.0,0.510978,-0.25,-0.326637,0.005615,-0.166667,0.023057,0.614776,0.0,0.218218,-0.25,0.626437,-0.408248,0.116563,0.445245,-0.247594,0.023057,0.0,0.218218,-0.09724,0.011355,0.081642,0.005615,0.017205,0.150487,0.25488,-0.166667,0.226617,-0.25,-0.209192,-0.403604,-0.184912,-0.166667,0.0,0.228395,0.128459,-0.09724,0.0,0.272054,-0.166667,0.074135,0.360924,0.25488,-0.497717,0.230447,-0.349679,0.0,0.351852,-0.082019,-0.166667,-0.25,-0.608871,-0.166667,-0.106629,0.286183,-0.204328,-0.166667,-0.204328,-0.166667,0.0,0.218218,-0.25,0.288824,-0.25,0.190662,0.316551,-0.32716,-0.594056,0.24825,0.0,0.351852,0.131991,0.005615,0.0,-0.083217,0.366379,0.281632,0.439085,-0.180328,-0.67896,0.366379,0.288824,-0.092229,0.126847,0.301356,0.26663,0.627186,0.5,-0.197281,0.451292,-0.058001,-0.085342,-0.247594,-0.636714,0.053598,0.426557,-0.405099,#
13,0.322317,0.185052,-0.190604,-0.071904,-0.210698,-0.118508,-0.533975,-0.218064,0.52448,0.26551,-0.800101,-0.051299,0.218064,1.0,0.511514,-0.1145,0.205812,0.241419,-0.105963,0.536774,-0.614061,-0.214503,0.09023,-0.723868,-0.218064,0.097945,-0.043164,-0.617547,0.021656,-0.218064,0.002494,0.217211,0.508817,0.239032,-0.042055,0.52448,-0.042055,-0.046015,-0.327096,-0.386682,0.36274,0.229956,-0.653968,-0.091667,0.720587,-0.442191,0.675288,0.303649,-0.243155,-0.190822,-0.491131,0.280126,-0.218064,0.117922,-0.578589,0.48086,0.128832,0.32575,0.15152,0.335855,-0.162274,0.180671,-0.140656,-0.354956,-0.030438,0.429074,0.0,0.429074,0.321071,0.007941,0.024613,0.41444,-0.428167,0.541743,-0.213056,-0.629234,-0.218064,0.048939,-0.326909,0.638974,0.255077,-0.196102,0.218064,-0.071904,0.373218,0.184644,0.03125,-0.533882,-0.065362,0.239032,-0.351746,0.065888,-0.327097,0.508817,-0.207991,0.056535,0.385806,-0.024426,0.244704,-0.089024,0.191444,-0.218064,-0.32693,0.0,-0.213056,-0.327097,-0.427368,-0.653863,0.48086,-0.310185,0.481687,0.0,0.065888,0.239032,-0.082714,-0.071904,-0.058658,0.03125,0.306816,-0.648605,0.0,0.047586,0.114562,-0.207991,-0.033552,0.244704,-0.652814,-0.333208,0.307411,-0.218064,0.177711,0.239032,-0.49663,-0.14725,-0.091127,-0.218064,0.0,0.075173,0.218711,0.114562,0.0,-0.32857,-0.218064,-0.042055,0.393941,0.307411,0.184644,0.058357,0.29304,0.0,0.3827,0.03125,-0.218064,0.239032,0.065485,-0.218064,0.486502,0.508655,-0.005609,0.536774,-0.49168,-0.218064,0.234838,0.541743,0.239032,0.310604,0.239032,-0.013618,0.167641,0.075173,0.069754,0.229956,0.0,0.3827,-0.130628,0.244704,0.0,-0.805756,-0.090295,0.254189,0.520335,0.458568,-0.425921,-0.090295,0.310604,0.122991,0.324987,0.304022,-0.389107,-0.090115,0.234838,-0.581951,0.053881,0.260988,0.044708,-0.323948,-0.551819,0.106089,0.122991,0.386231,#
14,0.7842,0.207221,-0.653144,-0.53439,-0.268309,-0.107632,-0.103508,-0.218164,0.023257,0.281134,-0.268309,-0.101041,0.232517,0.511514,1.0,0.327202,0.177059,-0.203294,-0.533476,-0.218164,-0.604924,-0.203039,-0.378556,-0.564645,-0.218164,-0.266918,-0.018036,-0.520561,-0.555899,-0.218164,-0.489894,0.240133,0.528186,-0.327246,0.136508,0.023257,0.136508,0.062996,-0.327246,0.04895,0.025978,-0.123205,-0.654267,-0.077996,0.847561,-0.420968,0.64068,-0.101297,-0.318669,-0.246513,-0.552272,0.152392,-0.218164,0.05814,0.162516,0.499481,0.100711,-0.300183,0.180267,0.292882,0.070936,0.72869,0.362663,-0.644969,-0.174822,-0.059329,0.0,-0.059329,0.263825,-0.487238,0.133254,-0.123861,-0.428362,0.060135,0.209479,-0.409589,-0.218164,-0.419153,-0.327058,0.612429,0.19551,-0.243135,0.232517,-0.53439,-0.077346,0.14593,0.053075,-0.113437,-0.113437,-0.327246,0.078617,-0.428466,-0.327246,0.528186,0.219234,0.069319,0.349815,-0.01386,-0.201548,-0.077346,-0.577507,-0.218164,-0.327079,0.0,-0.201548,-0.327246,-0.427563,-0.243135,0.499481,-0.301417,0.20699,0.0,-0.428466,-0.327246,-0.070874,-0.53439,-0.107408,0.053075,0.142325,-0.648901,0.0,0.060135,0.078617,0.219234,0.146709,0.209479,-0.653113,0.227374,0.119491,-0.218164,0.134007,-0.327246,-0.548294,-0.528311,0.399312,-0.218164,0.0,-0.428248,0.199125,0.078617,0.0,-0.38579,0.499481,0.136508,-0.090245,0.119491,0.14593,0.071188,0.260082,0.0,-0.0976,0.481914,-0.218164,-0.327246,0.025497,-0.218164,0.457293,-0.027764,-0.497811,-0.218164,-0.996902,-0.218164,-0.206682,0.060135,-0.327246,0.274429,-0.327246,0.567366,0.180698,-0.428248,-0.416163,-0.123205,0.0,-0.0976,-0.148904,0.209479,0.0,-0.393382,0.38857,0.212178,0.046487,0.426126,-0.487205,0.38857,0.274429,-0.335173,0.778921,-0.25433,0.146666,-0.106496,-0.206682,-0.116255,0.505004,0.589652,0.490941,-0.324096,-0.619603,0.284533,-0.335173,-0.136393,#
15,0.134489,-0.01538,-0.389853,-0.241753,0.378457,-0.269748,0.16688,-0.272078,-0.1145,0.602486,0.378457,0.03961,0.112032,-0.1145,0.327202,1.0,0.365984,0.02221,-0.241339,-0.272078,-0.378195,-0.396556,-0.182095,-0.371563,-0.272078,-0.431405,-0.368055,-0.331344,-0.516556,-0.272078,-0.30573,0.033058,-0.272078,-0.408117,0.283898,-0.1145,0.283898,-0.169761,0.112032,0.645017,-0.55241,-0.288568,-0.40628,-0.048623,0.262527,0.392359,-0.034726,-0.069744,0.274475,-0.027498,0.066488,-0.497726,0.421455,-0.62468,0.211301,0.39478,0.273819,-0.176876,0.267779,-0.143021,-0.11344,0.596498,0.046225,0.18864,-0.079863,-0.372501,0.0,-0.372501,0.186433,-0.767268,0.225587,-0.403973,-0.534223,-0.534351,0.407283,-0.44271,-0.272078,-0.204215,-0.407884,-0.071507,0.077697,-0.0133,0.112032,-0.241753,0.182948,0.361979,0.234594,0.585732,-0.275206,0.112032,0.246808,-0.080327,0.112032,-0.272078,-0.429428,-0.53408,-0.275206,0.329954,-0.39524,-0.241753,-0.477642,-0.272078,-0.407909,0.0,-0.39524,0.112032,-0.533226,0.407283,0.39478,0.377139,-0.046974,0.0,0.373697,-0.408118,-0.235654,-0.241753,0.166966,0.234594,0.029225,0.054246,0.0,-0.080327,-0.181627,-0.00418,0.297698,-0.0133,0.044608,0.371074,0.217096,-0.272078,0.218824,-0.408118,0.09473,-0.239002,0.055311,-0.272078,0.0,-0.071724,0.158307,-0.181627,0.0,-0.245282,0.39478,0.283898,0.06633,0.217096,0.361979,-0.533957,-0.171092,0.0,0.05572,0.194276,-0.272078,-0.408118,0.217442,-0.272078,-0.243397,0.093287,-0.779493,-0.272078,-0.315721,-0.272078,-0.400115,-0.534351,-0.408118,-0.158963,-0.408118,0.683332,0.158502,-0.071724,-0.204001,-0.288568,0.0,0.05572,0.136254,-0.0133,0.0,0.23912,0.044429,0.011923,-0.204001,-0.399433,-0.105523,0.513529,-0.158963,-0.565709,0.554335,-0.648361,0.368588,-0.259768,0.016005,0.513529,0.657058,-0.200278,0.202148,-0.404189,0.219093,-0.382395,-0.133955,-0.295311,#
16,-0.042615,-0.634459,0.206222,0.003088,0.513072,-0.440121,-0.012349,-0.332837,0.205812,0.457352,-0.018522,0.64321,-0.499256,0.205812,0.177059,0.365984,1.0,-0.19065,0.019068,0.347966,-0.660134,-0.587541,-0.41829,-0.406906,-0.332837,0.195012,-0.645116,-0.275381,0.039062,-0.332837,-0.142815,0.15925,-0.332837,0.011347,0.215344,0.205812,-0.498392,-0.07747,-0.007564,-0.056733,-0.470446,-0.722777,-0.565078,-0.343712,0.43472,0.183212,0.185621,-0.630909,0.197318,0.611817,0.239733,0.184203,-0.332837,-0.128221,-0.350118,0.297536,0.405692,-0.505528,0.258736,-0.531157,-0.469508,0.472165,0.215662,0.105516,-0.221335,-0.664679,0.0,-0.664679,-0.242999,-0.135332,0.754766,-0.231062,-0.653522,-0.207989,0.203203,-0.267953,-0.332837,0.407888,-0.498969,0.146921,0.503321,0.616066,-0.007564,0.435434,0.003088,0.55669,-0.022867,-0.02365,0.430219,0.011347,0.001385,0.683392,0.521949,-0.332837,-0.185186,-0.653347,-0.007999,-0.288132,-0.187572,0.018529,-0.263828,0.373181,-0.499001,0.0,-0.569853,0.521949,-0.173339,0.203203,0.297536,0.162904,-0.50345,0.0,0.221194,0.011347,-0.814877,0.435434,0.003527,-0.022867,0.500537,-0.142323,0.0,0.237701,0.421956,0.216795,0.230975,0.187912,-0.590348,-0.578758,0.314316,-0.332837,0.308277,0.011347,0.244997,0.361787,-0.275701,-0.332837,0.0,-0.199478,-0.451852,0.421956,0.0,-0.417077,0.322751,0.215344,-0.264924,0.314316,0.99798,-0.653197,0.475261,0.0,0.195556,0.368889,-0.332837,0.011347,0.383455,-0.332837,0.425275,-0.023151,-0.155125,0.347966,-0.155125,-0.332837,0.226934,-0.207989,0.011347,-0.564165,0.54086,0.361216,0.036944,0.237581,0.396229,-0.235918,0.0,0.195556,-0.019969,0.187912,0.0,0.001356,-0.253269,0.13772,-0.447809,0.255357,0.446026,-0.28738,-0.020391,0.051278,0.35432,-0.495651,-0.404139,-0.820626,-0.196676,0.190165,-0.058637,-0.314365,-0.071112,-0.49445,0.301828,0.132264,0.051278,0.432569,#
17,0.006088,0.193872,0.220662,0.006092,0.025317,-0.416137,0.006687,-0.333259,0.225149,-0.064203,-0.499007,-0.214621,0.50735,0.241419,-0.203294,0.02221,-0.19065,1.0,0.385611,0.338233,0.095055,-0.187582,0.009712,0.062897,0.313363,0.04425,-0.217548,-0.293338,0.260074,0.313363,0.28579,0.256057,0.338233,0.003731,0.076834,0.225149,0.076834,-0.175334,0.003731,0.001767,-0.131117,0.095766,-0.220816,0.571529,-0.109547,-0.170789,-0.165496,0.477283,-0.170858,-0.190759,0.21245,-0.148158,0.338233,0.079793,-0.345705,-0.333259,0.460968,0.548562,-0.36362,0.025317,0.088617,-0.526052,-0.344094,-0.092137,-0.1045,0.231495,0.0,0.231495,0.358173,0.262872,-0.10616,0.248089,-0.225642,0.224682,0.222377,-0.11284,-0.333259,-0.368565,-0.029601,-0.155794,0.01811,-0.184839,0.50735,0.006092,0.828498,-0.155794,0.056299,0.017666,-0.399122,0.50735,0.020656,0.224682,0.003731,0.338233,-0.58727,-0.206514,0.017666,-0.188127,0.222377,0.006092,0.354892,-0.333259,-0.499634,0.0,-0.184839,0.003731,-0.263201,-0.184839,-0.333259,-0.155171,0.485517,0.0,0.664277,0.003731,0.017666,0.006092,0.029569,0.056299,0.066041,0.157924,0.0,0.224682,0.020656,-0.175537,0.091167,0.222377,0.190155,-0.130399,-0.141558,-0.333259,0.379865,0.003731,-0.186927,0.394982,-0.196574,-0.333259,0.0,0.241148,0.306699,0.020656,0.0,0.47362,-0.333259,-0.576857,0.287115,-0.141558,-0.155794,0.199003,-0.430852,0.0,0.272466,-0.368565,0.313363,0.003731,0.018884,-0.333259,-0.407128,0.849381,0.208624,0.338233,0.208624,-0.333259,0.208909,0.224682,0.003731,0.029211,0.003731,0.060022,0.504749,0.241148,0.020427,0.095766,0.0,0.272466,0.017726,0.222377,0.0,0.007451,-0.203125,-0.364128,0.436674,-0.164681,-0.071042,0.251067,0.029211,0.390164,0.046424,0.026553,-0.350868,0.412737,0.611804,-0.203125,0.448815,-0.493551,-0.374401,-0.074816,-0.300867,-0.292724,0.808197,-0.336175,#
18,-0.217442,0.015086,0.386512,-0.280384,0.455008,-0.22978,-0.225636,-0.2717,0.354856,-0.402895,-0.036087,0.11484,0.101888,-0.105963,-0.533476,-0.241339,0.019068,0.385611,1.0,0.357235,0.216379,0.005144,0.248673,0.314077,0.432707,0.003603,0.112482,0.478997,0.516413,0.432707,0.11444,-0.020385,-0.2717,0.064151,0.327366,0.354856,-0.384742,-0.65837,-0.40755,-0.145381,-0.210993,0.059816,0.434616,0.470553,-0.329842,0.40014,-0.416695,-0.087006,0.108354,0.003085,0.546836,0.028319,0.40755,-0.15099,-0.301969,-0.2717,0.215751,-0.033538,-0.43441,-0.095018,0.316627,-0.417845,-0.23064,0.25036,-0.059487,0.088177,0.0,0.088177,-0.440157,0.121233,0.263096,0.534152,-0.06646,-0.121874,0.02441,0.410024,-0.2717,-0.149624,0.104686,-0.418269,0.077589,-0.006103,-0.40755,0.150976,0.13557,-0.418269,-0.117789,-0.243593,0.162395,0.573589,-0.142979,0.339269,0.120756,-0.2717,-0.382554,-0.533337,-0.274823,-0.062469,-0.43328,-0.234167,0.372901,0.432707,-0.407342,0.0,0.02441,0.120756,0.37016,0.02441,-0.2717,0.053249,0.243867,0.0,0.3228,0.064151,-0.243593,0.150976,0.158351,-0.117789,0.121929,0.394324,0.0,-0.072465,-0.174061,-0.382554,0.341564,-0.43328,-0.004848,-0.496446,-0.293894,-0.2717,0.289615,0.064151,0.093615,0.583326,-0.805776,-0.2717,0.0,0.338786,-0.539046,-0.174061,0.0,0.060229,-0.2717,-0.384742,-0.358438,-0.293894,0.022014,-0.093358,-0.589436,0.0,0.103984,-0.547562,0.432708,0.064151,-0.183451,-0.2717,-0.104417,0.376614,0.068787,0.357235,0.523007,-0.2717,-0.015094,-0.121874,0.064151,-0.1056,0.592457,-0.063315,-0.405461,-0.114047,0.267449,0.545565,0.0,0.103984,0.6495,-0.43328,0.0,0.285622,0.142086,-0.232027,0.251854,0.145896,0.292145,-0.334369,0.436933,0.223786,-0.663893,0.43062,-0.309896,0.18475,-0.030189,0.142086,-0.14185,-0.719442,-0.995273,0.054191,0.30114,-0.10859,0.646649,0.197644,#
19,-0.271998,-0.333136,0.347767,0.408248,0.202438,-0.271931,-0.272078,-0.111111,0.536774,-0.164763,-0.665155,0.241658,-0.166667,0.536774,-0.218164,-0.272078,0.347966,0.338233,0.357235,1.0,-0.495148,-0.333053,0.297968,-0.111508,-0.111111,0.226462,-0.508695,0.035726,0.430342,-0.111111,0.239506,-0.331011,-0.111111,0.666667,-0.107833,0.536774,-0.107833,0.152399,-0.166667,-0.407888,0.128615,0.058232,-0.333219,-0.312089,0.305888,-0.024614,0.369431,0.003552,0.282248,0.348165,0.237703,0.365446,-0.111111,0.357864,-0.995228,-0.111111,0.288756,0.259699,0.037071,0.202438,-0.606622,-0.16229,-0.496904,0.220816,0.415836,0.245848,0.0,0.245848,0.205263,0.243634,0.133393,0.249207,-0.218165,0.509175,-0.333165,-0.431172,-0.111111,0.29683,-0.166571,0.362678,0.690124,0.340652,-0.166667,0.408248,0.408248,0.362678,-0.406188,-0.272031,0.417625,0.666667,-0.408026,0.509175,-0.166667,-0.111111,-0.333075,-0.218107,0.417625,-0.217147,0.340652,-0.272166,0.212665,-0.111111,-0.166582,0.0,-0.333165,-0.166667,-0.217758,-0.333165,-0.111111,-0.330486,0.057291,0.0,0.509175,0.666667,-0.272031,0.408248,0.427398,-0.406188,0.763414,-0.330486,0.0,-0.218218,0.278373,-0.333075,-0.10432,0.340652,-0.332631,-0.643464,0.16992,-0.111111,0.151078,0.666667,0.229701,0.291492,-0.505852,-0.111111,0.0,0.522634,-0.042819,0.278373,0.0,0.181369,-0.111111,-0.107833,0.240616,0.16992,0.362678,-0.218057,0.195059,0.0,0.234568,-0.406188,-0.111111,0.666667,0.310405,-0.111111,0.262129,0.424407,0.235286,1.0,0.235286,-0.111111,0.333333,0.509175,0.666667,0.192549,0.666667,-0.48793,-0.165812,0.522634,0.292723,0.058232,0.0,0.234568,-0.263982,0.340652,0.0,-0.396882,-0.507294,0.187755,0.292723,0.264481,0.283582,-0.507294,0.192549,0.284371,-0.271497,0.200904,-0.849881,-0.257632,0.333333,-0.507294,-0.407048,-0.183671,-0.407015,-0.165062,0.141492,0.075434,0.284371,0.513997,#
20,-0.394838,0.226994,0.233147,0.08929,-0.224106,0.213722,0.095825,0.294659,-0.474954,-0.364662,0.368883,-0.371272,0.236942,-0.614061,-0.604924,-0.378195,-0.660134,0.095055,0.216379,-0.495148,1.0,0.68136,0.058739,0.633495,0.264282,0.216028,0.584853,0.356178,0.282368,0.264282,0.446391,0.085791,0.051641,-0.150367,-0.10957,-0.474954,-0.10957,-0.110829,0.259725,-0.041368,0.026532,0.210063,0.810516,0.532488,-0.9105,-0.015477,-0.688795,0.22944,-0.303938,-0.212169,0.10942,-0.157184,0.264281,-0.090124,0.545213,-0.495148,-0.212444,0.200116,-0.183894,-0.246947,0.561264,-0.739516,-0.040755,0.036336,-0.115754,0.096543,0.0,0.096543,-0.364298,0.442339,-0.477741,0.172926,0.539053,-0.097444,0.118002,0.690056,0.294659,-0.010891,0.396195,-0.643236,-0.742343,-0.195168,0.100245,0.08929,-0.059527,-0.624249,0.315851,0.107577,-0.250664,-0.17315,0.302233,-0.097444,0.259725,0.051641,0.240691,0.397266,-0.382648,0.100924,0.110838,0.424129,0.498725,0.264282,0.419642,0.0,0.681914,0.259725,0.538553,0.265376,-0.495148,0.3238,0.019157,0.0,-0.097444,-0.150367,0.533905,0.08929,-0.28256,0.315851,-0.735573,0.691516,0.0,0.260514,-0.166911,0.110308,-0.153639,-0.324121,0.697098,0.193133,-0.177549,0.294659,-0.187244,-0.150367,0.127617,0.146511,0.02243,0.294659,0.0,0.012488,-0.099506,-0.166911,0.0,0.353709,-0.495148,-0.10957,0.023138,-0.177549,-0.643236,0.376391,-0.333886,0.0,0.03274,-0.118737,0.264282,-0.150367,-0.492423,0.264281,-0.453431,-0.203639,0.456037,-0.495148,0.598232,0.264281,0.118471,-0.097444,-0.150367,-0.207935,-0.17315,-0.255249,0.101791,-0.10902,-0.024244,0.210063,0.0,0.03274,0.236962,-0.324121,0.0,0.442305,0.131757,-0.201516,-0.043074,-0.40821,-0.02296,0.008476,-0.231331,0.269168,-0.489526,0.349958,0.42993,0.541196,0.118471,0.152304,-0.160395,-0.238387,-0.129103,0.417991,0.025144,-0.08499,0.250257,-0.310343,#
