0,1.0,-0.382562,-0.624298,0.175012,0.11131,-0.15495,0.119206,-0.441714,0.310755,-0.762616,0.999313,0.611973,-0.561939,0.188963,0.434959,-0.230048,0.120729,-0.991655,0.513981,0.41786,0.434959,0.14948,-0.076889,-0.272091,0.159131,0.32607,0.260845,0.72717,-0.119581,-0.407321,0.004396,0.0,0.183374,-0.400894,-0.128916,-0.408136,-0.539293,0.33001,0.092758,0.0,-0.226451,0.33001,-0.14841,0.397663,0.092758,0.349813,-0.123213,0.504781,-0.814157,0.102932,0.102932,0.43444,-0.232177,-0.01285,-0.062783,0.454326,-0.346688,0.677469,-0.406193,-0.366293,-0.366326,0.347185,0.398679,-0.560934,-0.698861,-0.317661,-0.272091,0.256083,-0.470902,0.219018,0.33001,-0.132469,0.793032,-0.2238,-0.230083,0.5374,-0.131798,0.259239,-0.158027,-0.008612,0.276796,0.127233,0.092758,-0.623628,0.101833,0.259239,0.09079,-0.158027,0.389355,0.024167,-0.666483,-0.046354,0.26978,-0.12096,0.393481,-0.063494,0.585123,-0.60316,-0.562822,0.612422,0.677469,0.339341,0.282004,-0.55877,-0.046354,-0.072374,-0.158027,0.17904,-0.28659,0.11131,-0.666133,-0.097159,-0.351663,0.193619,0.276796,0.420504,0.420504,-0.263294,-0.191411,-0.277631,0.043466,0.365088,0.408251,0.608608,0.540988,-0.12096,-0.438522,0.194571,-0.229579,0.17904,-0.442303,-0.408136,0.408251,-0.260317,0.408251,0.389355,-0.408136,-0.281157,0.587523,-0.12096,0.372804,0.530652,0.602887,0.401589,-0.158027,-0.042561,0.0,-0.317047,-0.158027,-0.072374,0.674545,-0.077229,-0.072374,0.126087,-0.12096,0.17904,-0.603952,-0.175345,-0.077229,0.389355,0.520542,-0.230083,0.155127,-0.60316,-0.276662,-0.101372,0.365088,0.093397,-0.272091,0.11131,0.181378,-0.21821,0.395768,0.423361,0.097494,0.282004,0.395768,0.162519,0.175186,0.014661,-0.800288,-0.278837,0.405465,0.099487,-0.414514,0.081322,-0.174433,0.276796,0.629715,0.014842,-0.046354,0.410282,0.411396,-0.15231,0.505173,-0.125805,-0.801438,-0.351663,-0.274157,-0.666133,#
1,-0.382562,1.0,0.618541,-0.388145,0.194298,-0.21494,-0.377859,0.186919,-0.493433,-0.258065,-0.377859,0.167268,0.717485,0.143993,-0.292174,0.34621,0.227223,0.398037,-0.195337,-0.342201,-0.292174,0.02217,-0.06648,0.086355,0.267709,-0.413236,-0.151187,-0.2441,-0.135362,0.129273,0.13811,0.240992,-0.380172,0.390696,0.364019,0.129532,-0.244407,-0.048002,0.129532,0.0,-0.45654,-0.048002,0.226682,-0.108063,-0.680043,0.195903,-0.115041,-0.193932,0.312792,0.515872,0.515872,-0.217943,-0.422501,0.335434,-0.17778,-0.258633,0.56789,-0.276105,-0.137125,-0.005021,-0.189584,-0.564313,0.360386,0.380573,0.452924,-0.199619,0.129532,0.037535,-0.144505,0.02048,-0.048002,-0.050268,-0.500526,0.266565,0.265736,-0.072153,-0.099132,-0.081602,0.425199,-0.237528,-0.04732,-0.408463,0.161915,-0.067335,-0.084801,0.002473,-0.135839,0.370335,0.255866,0.36367,0.264406,0.708023,0.37281,-0.13762,-0.124375,0.228183,0.293308,0.615714,0.712823,0.164607,-0.276105,-0.393808,0.425199,0.451107,0.708023,0.198296,0.425199,0.240521,-0.373282,0.161915,0.291077,-0.537058,0.510192,0.318619,-0.04732,0.129532,0.172709,0.18537,-0.145169,0.501929,0.389776,0.255891,-0.099132,-0.501114,-0.222114,-0.13762,-0.298273,0.018525,0.011963,0.240521,-0.04732,0.129532,-0.065465,0.503715,-0.065465,0.255866,0.161915,-0.410016,-0.018313,-0.13762,-0.280804,-0.197325,0.267246,-0.19118,0.397767,0.148583,0.0,-0.070386,0.345951,0.198296,-0.18907,0.618642,0.227081,0.162757,-0.13762,0.292609,-0.238523,-0.205251,0.681429,0.255866,-0.091229,0.317072,-0.266193,0.615714,-0.00728,-0.198018,0.200475,0.540874,0.086355,0.194298,0.291563,0.335556,0.043177,-0.103687,-0.672323,0.425199,0.043177,0.336665,-0.507222,0.287526,-0.225732,0.133502,0.282721,-0.209525,0.314222,0.507688,-0.225419,-0.002491,0.275195,0.414504,0.708023,0.092122,-0.401867,-0.232424,-0.16545,0.2196,0.357181,0.481038,0.491714,0.291077,#
2,-0.624298,0.618541,1.0,-0.632225,0.279452,-0.40653,-0.031032,-0.040174,-0.180268,0.200212,-0.643063,-0.417555,0.355309,-0.077948,-0.553614,-0.076565,-0.345344,0.623712,-0.359607,-0.489482,-0.572747,-0.243087,-0.261877,0.153617,0.436918,-0.686163,-0.225831,-0.424404,-0.225235,0.253045,0.17715,0.04257,-0.682682,0.037992,0.099952,0.254939,0.359654,-0.052524,0.279452,0.0,-0.10499,-0.052524,-0.063727,-0.232797,-0.382408,-0.240393,-0.32486,-0.267436,0.480982,0.183822,0.142101,-0.319635,-0.101075,0.016902,-0.281689,-0.341018,0.253946,-0.481583,0.686098,-0.168895,0.639723,-0.246831,0.029397,0.081951,0.654012,0.593066,0.218986,-0.384612,0.619673,-0.015504,-0.052524,-0.076864,-0.753295,-0.165487,0.417173,-0.385995,-0.186045,-0.183066,0.125517,-0.487976,-0.197013,-0.072186,0.279452,-0.210115,-0.260844,-0.087602,-0.294527,0.603127,-0.222617,-0.013985,0.396298,0.246543,0.010854,0.423697,-0.225818,-0.253667,-0.090502,0.994548,0.364855,-0.399714,-0.461865,-0.701657,0.083986,0.105905,0.246543,0.280965,0.125517,-0.145772,-0.065662,0.230425,0.457263,-0.254624,0.237118,-0.109662,-0.197013,0.153617,-0.663494,0.376086,-0.252922,0.166523,-0.007996,-0.211718,-0.237016,-0.985662,-0.31523,-0.269859,0.038591,0.046745,0.505745,-0.145772,-0.129142,0.230425,-0.186045,0.179586,-0.234184,-0.263776,0.254939,-0.094523,-0.351427,-0.269859,-0.455606,-0.38923,-0.118866,-0.239114,0.083986,0.169838,0.0,0.246867,0.585823,0.280965,-0.405979,0.317326,-0.263776,0.206507,-0.269859,-0.126058,0.125288,0.149374,0.388619,-0.263776,-0.270709,-0.080006,-0.52773,0.994548,-0.203359,0.328334,-0.274642,0.225188,0.153617,0.279452,-0.111302,-0.138673,0.153617,-0.269859,-0.367547,0.083986,0.153617,-0.039456,-0.195167,-0.071563,0.218637,0.197275,-0.267008,-0.349077,0.45052,0.153724,-0.379097,-0.129142,-0.274384,0.049029,0.246543,0.164214,-0.045763,0.101134,-0.279264,-0.157282,0.532497,0.788841,0.203911,0.457263,#
3,0.175012,-0.388145,-0.632225,1.0,-0.407882,0.655115,-0.26156,0.176284,-0.09904,0.151813,0.191587,0.147678,-0.100583,-0.491214,0.021559,-0.224976,0.126634,-0.157317,0.12173,0.021338,0.399793,-0.24256,-0.120136,-0.271921,-0.241293,0.334346,0.206192,0.16044,0.407506,0.087223,-0.002393,0.255456,0.579263,0.00089,-0.121126,0.117115,-0.16948,-0.199461,-0.407882,0.0,0.227017,-0.199461,-0.165574,-0.058107,0.096922,0.340458,0.245555,-0.006835,-0.027439,-0.313351,-0.347718,0.433043,0.527539,0.424228,0.42504,-0.002304,0.075196,0.254542,-0.465053,0.254552,-0.451817,-0.124593,-0.412303,0.087779,-0.274691,-0.326177,-0.271921,0.344049,-0.150487,0.212844,-0.199461,-0.512165,0.352433,0.59331,0.134629,-0.043494,0.378109,0.219564,0.254296,-0.000562,0.236826,0.117372,-0.407882,0.378109,0.089382,0.219564,0.078449,-0.190437,0.37363,-0.39085,0.158274,-0.36958,-0.173641,-0.157166,0.363573,0.805723,-0.231258,-0.642463,-0.110543,0.132047,0.676829,0.347837,0.254296,0.254296,-0.36958,-0.533771,-0.13342,0.59331,-0.28322,-0.407882,-0.243495,0.329591,-0.325398,0.147519,0.236826,-0.271921,0.428074,0.14625,0.43679,0.190698,0.407513,-0.058132,-0.097734,0.618433,0.375388,0.392973,-0.015657,-0.55447,-0.239066,0.59331,0.236826,0.601727,0.378109,-0.231832,-0.137388,0.339727,0.07673,0.545414,0.354568,0.392973,-0.009913,0.054809,0.191117,0.192454,0.254296,-0.651318,0.0,-0.646192,-0.190437,-0.533771,0.225914,-0.110543,0.339727,-0.407674,0.392973,-0.218658,-0.21878,-0.604886,-0.580351,-0.067108,0.461906,0.191117,0.163216,-0.642463,0.322463,-0.652431,0.356518,-0.777726,-0.271921,-0.407882,0.14455,0.297449,-0.271921,0.392973,0.613505,0.254296,-0.271921,-0.256279,0.136329,0.421835,0.070031,0.398706,-0.082508,0.064617,-0.027748,0.131416,0.24346,0.236826,0.274063,-0.395767,-0.36958,-0.326121,0.015035,-0.577306,-0.345932,0.344431,-0.398211,-0.798042,-0.247539,-0.243495,#
4,0.11131,0.194298,0.279452,-0.407882,1.0,-0.611342,0.111889,0.219031,-0.326762,-0.292983,0.111889,-0.249461,0.261459,0.226207,0.007805,0.097121,0.363561,-0.071462,-0.157816,0.048474,0.007805,0.026332,0.261459,-0.166667,0.116546,-0.326762,0.210364,-0.068526,-0.361358,-0.249501,0.444264,-0.31008,-0.407856,0.035439,-0.068128,-0.25,-0.305835,0.286372,0.375,0.0,0.15615,0.286372,-0.249994,0.230647,-0.25,-0.327241,0.141585,-0.17901,-0.498705,-0.20849,-0.20849,-0.324702,-0.403287,-0.499814,-0.385423,-0.219023,0.338546,-0.08848,0.258199,0.187366,0.186052,-0.296653,0.0,-0.484923,0.272142,0.092201,0.666667,-0.368803,-0.079685,-0.131762,0.286372,-0.077615,-0.327239,-0.408034,0.641097,0.092847,-0.346555,0.229081,-0.082359,-0.499056,-0.624884,0.13189,-0.25,-0.346555,0.3714,0.229081,0.362048,-0.082359,0.228395,0.510978,-0.408248,0.546598,-0.087393,0.312911,0.293788,-0.327154,0.626437,0.294393,0.285133,-0.249873,-0.08848,0.238697,-0.082359,-0.082359,0.546598,0.228395,-0.082359,-0.408034,0.124011,0.375,0.124184,-0.327327,-0.200062,0.626437,-0.624884,0.666667,-0.166667,-0.408034,-0.44473,-0.253875,0.017228,-0.327154,-0.346555,-0.247594,0.357677,-0.99695,-0.499309,0.238365,0.438671,-0.408034,-0.624884,-0.25,0.303235,-0.244745,0.303235,0.228395,0.375,-0.407661,-0.377019,-0.99695,0.017205,-0.195142,0.116563,0.279232,-0.611807,0.401479,0.0,0.404874,0.44709,0.228395,-0.077135,0.285133,-0.32716,0.392657,-0.99695,-0.408034,-0.08434,0.430888,0.285133,0.228395,0.422577,-0.407971,0.124011,0.294393,-0.03747,0.22768,-0.327154,0.347967,-0.166667,1.0,0.110474,-0.315062,-0.166667,-0.342019,-0.21897,-0.082359,-0.166667,0.09895,-0.395822,-0.49973,-0.23569,-0.118095,0.274685,-0.225874,0.019669,-0.277194,-0.577922,0.24034,0.060701,0.5,0.546598,-0.114708,0.020233,0.374357,0.292145,-0.326025,-0.012766,0.362613,-0.152351,0.124184,#
5,-0.15495,-0.21494,-0.40653,0.655115,-0.611342,1.0,-0.137566,0.360689,0.125347,0.492426,-0.137566,-0.043806,0.123475,-0.263751,0.004833,-0.098083,-0.065668,0.124697,0.397195,-0.044387,0.004833,-0.236657,0.123475,0.254064,-0.146816,0.567748,-0.374553,0.137105,0.633043,0.380336,-0.343317,0.531771,0.259181,0.399288,-0.184853,0.381096,0.116388,0.093087,-0.611342,0.0,-0.131768,0.093087,0.192531,-0.32588,0.381096,0.093673,0.322724,-0.119902,0.421431,-0.032836,-0.032836,0.023124,0.649951,0.433824,0.105386,-0.040602,0.358833,0.168086,-0.320821,0.410986,-0.340732,-0.391649,0.030468,0.345146,-0.304852,-0.258721,-0.407561,0.246381,-0.114339,0.016739,0.093087,-0.08812,0.088122,0.256726,-0.211003,-0.156271,0.595923,-0.327989,0.18066,0.433637,0.393849,-0.211523,-0.075425,0.595923,-0.09336,0.367699,-0.116763,0.147031,0.092922,-0.387502,0.249579,-0.238062,-0.236836,-0.463131,0.051657,0.534674,-0.554306,-0.435087,0.10074,-0.060083,0.168086,0.084982,0.18066,0.18066,-0.238062,-0.358944,-0.216343,0.256726,-0.199355,-0.115123,-0.167708,0.498972,-0.058374,-0.166456,0.393849,-0.407561,0.306994,0.222921,0.423713,0.000849,0.415081,0.144058,0.108683,0.421658,-0.421624,0.618433,0.396427,-0.276305,-0.437737,0.256726,0.393849,0.381096,0.080022,-0.019863,-0.407218,0.092922,-0.115123,0.621433,0.062112,0.618433,-0.003461,-0.102356,-0.154551,-0.269413,0.601016,-0.288701,0.0,-0.156157,-0.702088,-0.358944,0.173173,-0.418806,0.534005,-0.61103,0.618433,-0.110428,0.156467,-0.248522,-0.380321,-0.323658,-0.120782,0.686687,0.264807,-0.435087,0.521209,-0.348363,0.110092,-0.471655,0.254064,-0.611342,-0.138802,0.166207,-0.407561,0.09845,0.398184,0.18066,-0.407561,-0.089036,-0.182273,0.010703,0.392172,0.265261,-0.300841,-0.021289,-0.009162,-0.022724,0.609796,-0.293097,-0.054941,0.031759,-0.238062,-0.417112,-0.411032,-0.187352,-0.009494,0.52805,0.048854,-0.54085,0.064915,-0.167708,#
6,0.119206,-0.377859,-0.031032,-0.26156,0.111889,-0.137566,1.0,-0.412092,0.793622,0.137611,0.10258,0.043627,-0.538807,0.19215,-0.424539,0.207401,0.102423,-0.082243,0.062924,0.434154,-0.424539,0.254428,-0.055103,-0.271731,0.160208,0.397773,-0.414129,0.299027,0.40994,-0.406782,0.260377,0.267646,-0.265499,0.091766,-0.128089,-0.407596,0.537074,0.399581,0.591414,0.0,0.236757,0.399581,0.131868,0.399576,0.091909,-0.10942,-0.449126,-0.393302,-0.35997,-0.354201,-0.354201,-0.648918,0.245664,-0.012833,0.384365,-0.314755,-0.27395,-0.224613,0.319849,-0.336873,0.224033,0.327858,-0.0,0.098484,0.136563,0.259802,0.420916,0.137691,0.276508,-0.101092,0.399581,0.518574,0.326306,-0.665252,-0.229169,-0.442247,0.377832,-0.480899,0.257833,-0.016882,-0.482509,0.558086,0.611394,-0.093015,0.093374,0.219395,-0.375558,-0.182232,-0.533397,-0.394735,-0.22513,-0.369444,-0.617429,0.392686,-0.162411,-0.533387,0.139448,-0.095031,-0.57084,0.058198,-0.224613,0.338965,-0.182232,-0.125813,-0.369444,-0.533397,0.257833,-0.279599,0.15499,-0.407596,0.210975,-0.097665,0.090539,-0.235353,-0.482509,-0.271731,-0.271731,-0.279599,0.167764,0.053822,-0.393229,0.338495,-0.162258,0.029187,-0.005381,-0.151677,-0.007512,0.293375,0.353541,-0.279599,0.236645,-0.407596,0.377832,0.076937,0.377832,-0.533397,0.111889,-0.281343,-0.05725,-0.151677,0.356227,-0.428838,-0.285064,-0.288625,-0.182232,0.205353,0.0,0.344186,-0.173769,-0.533397,0.205238,-0.62895,-0.533397,-0.407388,-0.151677,0.154261,0.289393,0.274829,-0.105964,-0.533397,0.036024,-0.237553,0.588244,-0.095031,-0.561194,0.407598,-0.123089,0.095145,-0.271731,0.111889,0.137072,-0.650764,0.367635,-0.151677,0.098001,-0.182232,0.367635,0.575715,0.157946,-0.435797,0.110051,-0.276627,-0.518092,0.555305,-0.820977,-0.346833,-0.129534,0.236645,-0.317273,0.031968,-0.369444,0.383203,-0.025226,0.267826,0.506717,-0.531546,0.012855,0.090539,0.174726,0.210975,#
7,-0.441714,0.186919,-0.040174,0.176284,0.219031,0.360689,-0.412092,1.0,-0.541325,0.400715,-0.412092,-0.53392,0.816471,0.0,0.263667,0.386411,0.251776,0.458526,-0.094437,-0.393257,0.263667,-0.140116,0.660513,0.103074,-0.292311,0.176601,-0.165071,-0.312991,-0.127594,0.154302,0.152637,-0.111866,0.179079,0.439754,-0.234365,0.15461,-0.305083,-0.164082,-0.618442,0.0,0.139107,-0.164082,0.251235,-0.100912,-0.006442,-0.455126,0.852736,-0.317027,0.362529,-0.03991,-0.03991,-0.24163,0.16947,-0.223311,-0.204933,-0.137553,0.643379,-0.290387,-0.149701,0.981274,-0.207751,-0.639934,-0.208076,0.083061,0.265206,-0.180906,0.146021,-0.284425,-0.333391,0.020369,-0.164082,-0.062001,-0.602746,0.307203,0.306372,-0.08134,-0.159627,-0.144133,-0.132489,0.293684,-0.111478,-0.500213,-0.586231,0.631064,0.513232,-0.060507,0.458105,-0.187061,0.288224,0.413244,0.305077,0.325966,-0.178656,-0.199143,-0.183537,0.260689,-0.27042,-0.039595,0.81189,-0.561097,-0.290387,0.159921,-0.132489,0.511766,0.325966,0.230961,-0.132489,-0.340422,0.157648,0.186821,0.331584,0.061854,-0.071208,0.35898,-0.111478,0.146021,0.188968,-0.39528,-0.21774,-0.125331,0.439196,-0.3732,-0.159627,0.085334,-0.284907,-0.199143,0.239164,-0.128989,0.014277,-0.340422,-0.111478,0.15461,-0.126139,-0.135945,-0.126139,0.288224,0.186821,0.128529,-0.386179,-0.199143,-0.357929,-0.260509,-0.30487,-0.253208,-0.159775,0.165525,0.0,0.374214,-0.211315,0.230961,-0.259619,-0.031227,0.259593,0.187645,-0.199143,-0.288612,0.332878,0.36032,0.031227,0.288224,-0.192375,0.357434,0.264166,-0.039595,0.909058,-0.174333,-0.428321,-0.024419,0.103074,0.219031,-0.304956,0.384283,-0.97061,-0.16539,0.030929,-0.132489,-0.97061,-0.23288,-0.529291,-0.273417,0.447589,0.15603,0.317945,-0.200148,0.367962,-0.094352,0.37749,-0.066886,-0.211162,0.46383,0.325966,-0.948824,-0.412239,0.365572,-0.156165,0.252035,0.409227,-0.100206,-0.103707,0.331584,#
8,0.310755,-0.493433,-0.180268,-0.09904,-0.326762,0.125347,0.793622,-0.541325,1.0,0.077519,0.292626,0.158486,-0.696635,0.105594,-0.233423,-0.0461,-0.326694,-0.296191,0.402895,0.201605,-0.233423,0.10008,-0.176199,-0.217841,0.354769,0.57409,-0.569985,0.591762,0.318794,-0.326109,0.081498,0.426621,-0.103289,-0.154806,-0.345346,-0.326762,0.42488,0.301874,0.189178,0.0,-0.064451,0.301874,0.253666,0.326786,0.210675,0.028596,-0.460211,-0.088441,-0.164312,-0.040539,-0.040539,-0.256028,0.444648,0.209683,0.312671,0.06675,-0.465056,0.031678,0.228685,-0.446235,0.185584,0.485402,0.223431,-0.027963,-0.177568,0.326648,-0.217841,0.165816,0.252157,0.244732,0.301874,0.332369,0.49741,-0.53332,-0.533237,-0.309769,0.270933,-0.619851,0.077497,0.204988,0.147148,0.300233,0.76961,-0.23567,-0.065606,0.133622,-0.565966,0.077497,-0.427614,-0.653193,-0.059679,-0.641912,-0.390774,0.282588,-0.306111,-0.427606,-0.130072,-0.233884,-0.741686,0.174348,0.031678,0.005185,0.077497,-0.335283,-0.641912,-0.427614,0.077497,-0.11838,-0.126339,-0.326762,-0.066512,0.041282,-0.064728,-0.533335,0.147148,-0.217841,-0.217841,-0.11838,0.021415,-0.052624,-0.199694,0.510487,0.270933,0.142115,-0.165724,0.282588,0.215183,0.209069,0.184238,-0.11838,0.147148,-0.326762,0.270933,-0.035778,0.270933,-0.427614,-0.326762,-0.120423,0.344055,0.282588,0.14479,-0.120818,-0.124288,-0.435401,0.077497,0.041427,0.0,0.105911,-0.38688,-0.427614,0.494097,-0.804209,-0.427614,-0.326595,0.282588,0.348427,0.113379,0.103028,-0.241508,-0.427614,-0.150195,-0.07317,0.339816,-0.233884,-0.440453,0.354924,0.01385,-0.053222,-0.217841,-0.326762,-0.118033,-0.559303,0.470078,0.282588,0.203355,0.077497,0.470078,0.368711,0.346931,-0.245439,0.000246,-0.244828,-0.431291,0.470411,-0.672245,-0.033038,0.119046,0.147148,-0.164941,-0.189179,-0.641912,0.463595,0.189993,0.135202,0.429754,-0.42613,-0.180251,-0.064728,0.000655,-0.066512,#
9,-0.762616,-0.258065,0.200212,0.151813,-0.292983,0.492426,0.137611,0.400715,0.077519,1.0,-0.762262,-0.742123,0.15277,-0.307049,-0.289883,-0.023464,-0.301116,0.742646,-0.231187,-0.247261,-0.289883,-0.245092,0.15277,0.255421,-0.247601,0.077519,-0.33707,-0.464476,0.337206,0.382367,-0.109469,0.039132,0.012256,0.259129,-0.207664,0.383132,0.696275,-0.19286,-0.292983,0.0,0.419085,-0.19286,0.067611,-0.372054,0.383132,-0.475195,0.24135,-0.443049,0.683828,-0.402368,-0.402368,-0.353475,0.658,-0.085503,0.133897,-0.316833,0.13276,-0.459002,0.472508,0.451392,0.44279,-0.139063,-0.531537,0.335579,0.359821,0.433401,0.105173,-0.262415,0.548558,-0.180548,-0.19286,0.125944,-0.488571,0.018658,0.057794,-0.55241,0.315018,-0.357957,-0.04985,0.205067,-0.160331,0.068096,-0.135223,0.713346,-0.052776,-0.094652,-0.081033,0.045608,-0.500269,-0.356869,0.533644,-0.415315,-0.57932,0.150227,-0.301666,-0.009075,-0.840869,0.170239,0.1478,-0.743347,-0.459002,-0.110988,-0.431683,0.274707,-0.415315,-0.131884,-0.176067,-0.307597,0.401927,-0.180297,0.438739,0.501637,-0.014654,-0.400488,-0.160331,-0.495818,-0.495818,0.17219,0.291869,-0.069262,-0.130974,-0.452596,-0.308509,-0.248313,-0.518751,0.268309,0.675181,-0.227775,0.189403,-0.307597,0.46366,0.383132,-0.270759,-0.091318,-0.425664,-0.500269,0.270446,0.624752,-0.549115,0.268309,-0.233169,-0.471574,-0.767084,-0.39077,0.045608,-0.062044,0.0,0.372193,-0.212129,-0.131884,-0.444499,-0.442115,0.000556,-0.34947,0.268309,-0.398224,0.755878,0.288197,-0.398417,-0.63271,-0.464756,0.188093,0.085709,0.170239,0.382544,0.195721,-0.491163,-0.490554,0.255421,-0.292983,-0.409566,-0.044181,-0.495818,-0.322102,0.382368,-0.431683,-0.495818,-0.343131,0.035683,-0.275538,0.984451,0.242925,-0.650518,-0.003284,0.193861,-0.385872,0.398644,-0.316329,-0.790719,-0.189313,-0.415315,-0.533583,-0.256578,0.295002,-0.323388,0.058781,0.576573,-0.014654,-0.028613,0.438739,#
10,0.999313,-0.377859,-0.643063,0.191587,0.111889,-0.137566,0.10258,-0.412092,0.292626,-0.762262,1.0,0.613594,-0.538807,0.19215,0.45186,-0.212368,0.141648,-0.990344,0.516983,0.416721,0.45186,0.152363,-0.055103,-0.271731,0.143442,0.342107,0.261624,0.725524,-0.117706,-0.406782,0.004734,-0.0,0.200435,-0.384057,-0.129451,-0.407596,-0.56077,0.32688,0.071929,0.0,-0.226773,0.32688,-0.137861,0.399576,0.091909,0.348618,-0.094228,0.501512,-0.81308,0.105553,0.105553,0.433922,-0.232488,-0.012833,-0.062658,0.454628,-0.327388,0.678595,-0.432313,-0.336873,-0.393544,0.327858,0.39807,-0.553518,-0.703113,-0.343385,-0.271731,0.261907,-0.49929,0.219035,0.32688,-0.132745,0.790615,-0.205871,-0.229169,0.544649,-0.131099,0.260589,-0.156843,0.008162,0.278134,0.109624,0.071929,-0.601946,0.120541,0.260589,0.109355,-0.173769,0.407892,0.041466,-0.665601,-0.03245,0.270998,-0.141209,0.394231,-0.04465,0.585902,-0.621831,-0.540076,0.612794,0.678595,0.357037,0.283221,-0.54049,-0.03245,-0.071633,-0.156843,0.179783,-0.28676,0.111889,-0.665252,-0.097665,-0.350162,0.211101,0.278134,0.420916,0.447556,-0.279599,-0.190511,-0.276157,0.061132,0.365647,0.408991,0.630244,0.539431,-0.120272,-0.438488,0.190504,-0.244305,0.179783,-0.44102,-0.407596,0.408991,-0.258847,0.408991,0.407892,-0.407596,-0.281343,0.586814,-0.120272,0.372728,0.531066,0.603665,0.399995,-0.156843,-0.042171,0.0,-0.316596,-0.173769,-0.071633,0.674705,-0.075201,-0.053873,0.126667,-0.120272,0.179783,-0.603725,-0.175073,-0.075201,0.407892,0.522351,-0.2124,0.17198,-0.621831,-0.248255,-0.120096,0.365647,0.095145,-0.271731,0.111889,0.182322,-0.197523,0.367635,0.424091,0.098001,0.283221,0.367635,0.163436,0.157946,0.015604,-0.798669,-0.276627,0.425296,0.099927,-0.41227,0.082844,-0.157558,0.278134,0.637456,0.031968,-0.03245,0.383203,0.395211,-0.151039,0.50563,-0.109436,-0.799283,-0.36815,-0.272742,-0.665252,#
11,0.611973,0.167268,-0.417555,0.147678,-0.249461,-0.043806,0.043627,-0.53392,0.158486,-0.742123,0.613594,1.0,-0.304662,0.199164,0.058181,0.147078,0.422796,-0.60612,0.242646,0.511909,0.058181,0.360508,-0.304662,-0.166307,0.049026,0.219054,0.178046,0.443205,0.252807,-0.248963,-0.147768,0.309413,0.163354,0.024962,0.440626,-0.249461,-0.343208,0.196765,0.337506,0.0,-0.400664,0.196765,0.080707,0.258955,-0.249461,0.753265,-0.417796,0.303757,-0.49763,0.326421,0.326421,0.240547,-0.402418,0.483028,0.296859,0.138725,-0.178844,0.416894,-0.723672,-0.567713,-0.698922,0.179101,0.477486,0.240265,-0.437587,-0.677261,-0.166307,0.695042,-0.528104,0.0,0.196765,0.116172,0.768052,0.155156,-0.407091,0.337884,0.268679,0.183766,0.418502,0.053817,0.194679,0.071785,0.337506,-0.307667,-0.161467,0.183766,-0.166344,-0.140882,0.260512,0.035266,-0.407368,0.178753,0.408663,-0.413895,0.259507,0.271794,0.598099,-0.422726,-0.317991,0.999431,0.416894,0.271365,0.418502,-0.051104,0.178753,-0.326455,0.418502,0.627219,-0.406586,-0.249461,-0.407155,-0.326621,0.332474,0.13932,0.194679,-0.166307,0.714144,0.064909,0.31325,0.415286,0.047527,0.774024,0.268679,0.48867,0.329119,0.278066,-0.498233,0.11193,-0.510905,0.627219,0.194679,-0.249461,0.268679,0.43616,0.268679,0.260512,-0.249461,-0.406782,0.623092,0.278066,0.505277,0.34104,0.612348,0.243508,0.418502,-0.171692,0.0,-0.579423,-0.140882,-0.326455,0.428032,0.251046,0.260512,-0.249334,0.278066,0.627219,-0.610146,-0.610265,0.251046,0.260512,0.355522,0.1471,0.154939,-0.422726,-0.502005,-0.414763,0.774024,0.312452,-0.166307,-0.249461,0.628991,0.158219,0.616316,0.278066,-0.256581,0.418502,0.616316,0.594357,0.0697,0.517753,-0.767591,-0.168254,0.271914,0.322044,-0.501822,0.368544,-0.092619,0.194679,0.710807,0.029348,0.178753,0.639633,-0.041171,-0.590634,0.29351,0.191366,-0.488561,-0.262016,0.388254,-0.407155,#
12,-0.561939,0.717485,0.355309,-0.100583,0.261459,0.123475,-0.538807,0.816471,-0.696635,0.15277,-0.538807,-0.304662,1.0,0.062586,0.013755,0.448426,0.286049,0.579911,-0.205123,-0.494283,0.013755,-0.10276,0.413916,0.142027,-0.061696,-0.157047,-0.179265,-0.399479,-0.182908,0.212615,0.172082,0.036031,-0.094634,0.522694,0.056407,0.213041,-0.341739,-0.168998,-0.367979,0.0,-0.154667,-0.168998,0.285661,-0.165185,-0.392189,-0.215314,0.536211,-0.326525,0.465645,0.265018,0.265018,-0.274984,-0.128403,0.025763,-0.259623,-0.245438,0.778612,-0.370921,-0.16252,0.689969,-0.228211,-0.776446,0.037161,0.277884,0.461263,-0.222701,0.174306,-0.198466,-0.289858,0.015309,-0.168998,-0.091695,-0.742993,0.388942,0.388293,-0.097098,-0.181499,-0.123118,0.137404,0.054396,-0.102405,-0.589594,-0.34377,0.412778,0.290647,-0.060265,0.252429,0.096388,0.343352,0.504167,0.387427,0.638193,0.102682,-0.214505,-0.196232,0.322654,-0.045191,0.356837,0.996769,-0.324929,-0.370921,-0.14258,0.137404,0.621621,0.638193,0.300313,0.137404,-0.097808,-0.089666,0.23725,0.407267,-0.249352,0.241925,0.427862,-0.102405,0.174306,0.206585,-0.139039,-0.232557,0.198228,0.523616,-0.153772,-0.181499,-0.259542,-0.332305,-0.214505,0.009101,-0.096947,0.019674,-0.097808,-0.102405,0.213041,-0.15633,0.190129,-0.15633,0.343352,0.23725,-0.117036,-0.30394,-0.214505,-0.431182,-0.290891,-0.071112,-0.272716,0.116896,0.191055,0.0,0.217288,0.078158,0.300313,-0.326131,0.363089,0.321832,0.23782,-0.214505,-0.058868,0.105901,0.13083,0.410028,0.343352,-0.199149,0.426671,-0.009607,0.356837,0.643328,-0.234967,-0.195201,0.277024,0.142027,0.261459,-0.058036,0.478662,-0.664945,-0.189137,-0.363144,0.137404,-0.664945,-0.008943,-0.65517,-0.011929,0.20638,0.2046,0.376995,-0.288723,0.484801,0.22373,0.130289,-0.06889,-0.005878,0.542285,0.638193,-0.624266,-0.513607,0.117255,-0.243693,0.315712,0.510313,0.22013,0.202364,0.407267,#
13,0.188963,0.143993,-0.077948,-0.491214,0.226207,-0.263751,0.19215,0.0,0.105594,-0.307049,0.19215,0.199164,0.062586,1.0,0.277439,0.398213,0.259056,-0.191417,0.468621,0.244888,0.277439,0.873893,0.688447,0.107718,-0.332932,0.185623,-0.125433,0.365938,-0.164115,-0.599378,-0.034457,-0.120244,0.190205,0.454011,-0.219606,-0.646306,-0.281418,-0.063144,0.161577,0.0,-0.54209,-0.063144,0.662457,-0.13765,0.0,0.237793,-0.149739,-0.222976,-0.229256,-0.074249,0.613242,-0.280445,-0.506972,-0.261987,-0.151891,0.517503,-0.045949,0.323355,-0.195244,-0.020879,-0.133073,0.050397,0.424222,-0.009218,0.006396,-0.228145,0.150805,-0.383079,-0.391407,-0.14988,-0.063144,0.436418,0.099085,-0.330981,-0.322435,0.516061,-0.166119,-0.148056,-0.142957,0.307541,-0.115568,0.141036,0.193892,-0.134388,-0.157042,-0.064158,-0.20656,-0.197707,-0.380602,0.427508,-0.343009,0.333086,0.451106,-0.205999,-0.189877,-0.421257,0.345439,-0.045478,0.057128,0.196561,-0.326475,0.168886,-0.142957,-0.117103,0.333086,0.24017,-0.142957,-0.356971,0.168695,0.193892,-0.306521,0.070518,-0.079197,0.370697,-0.115568,0.150805,0.193892,-0.412007,-0.225346,-0.135583,-0.177408,0.297645,-0.166119,0.092012,-0.261085,-0.205999,-0.392563,0.018486,-0.134297,-0.356971,-0.115568,-0.646306,-0.132522,-0.146756,0.660742,0.29762,0.193892,-0.519198,-0.098991,-0.205999,0.258719,0.422304,-0.320929,-0.218281,-0.170332,0.91188,0.0,0.390443,-0.22204,0.24017,0.381184,-0.036857,0.268895,0.194716,-0.205999,0.34474,0.349768,0.377303,0.0258,0.29762,-0.200284,-0.271207,0.27556,-0.045478,-0.081127,0.608573,0.242345,0.638313,0.107718,0.226207,0.348074,-0.393676,0.06463,-0.172136,-0.799859,-0.142957,0.06463,0.391387,0.138874,-0.286925,-0.268651,-0.947827,0.328192,0.49823,-0.294921,-0.103325,-0.276149,-0.070832,-0.223619,0.478268,0.333086,0.121584,-0.469027,0.382947,0.49531,-0.455138,-0.235973,-0.10829,-0.113235,-0.306521,#
14,0.434959,-0.292174,-0.553614,0.021559,0.007805,0.004833,-0.424539,0.263667,-0.233423,-0.289883,0.45186,0.058181,0.013755,0.277439,1.0,0.006064,0.036888,-0.485495,0.231429,0.158017,0.619274,0.150232,0.48613,0.317399,-0.389319,0.201476,0.366295,0.062309,-0.4819,0.015873,-0.402221,-0.600197,0.420317,-0.253729,-0.054369,-0.011707,-0.550387,-0.024717,-0.499512,0.0,-0.088445,-0.024717,0.007806,0.023441,0.476098,-0.206535,0.620439,0.648279,-0.220897,0.241628,0.241628,0.464,-0.390718,-0.583981,-0.445798,0.6286,-0.216009,0.445358,-0.394982,0.325957,-0.284614,0.216319,0.217149,-0.423449,-0.632835,-0.373996,-0.333008,-0.111849,-0.639799,-0.094612,-0.024717,0.14478,0.219439,0.025662,-0.389378,0.750734,-0.485064,0.345968,-0.776134,0.59803,0.367662,-0.440204,-0.499512,-0.006086,0.226199,-0.287264,0.65031,-0.379435,0.265559,0.604617,-0.417409,0.177958,0.441084,-0.523207,0.027739,-0.176381,0.040549,-0.488907,0.04117,0.042348,0.052986,0.216108,-0.346377,-0.385863,0.177958,0.640386,-0.385863,-0.366651,0.361162,0.49561,-0.42296,0.197567,-0.195769,0.040549,0.367662,0.343415,0.369431,-0.399882,-0.320727,-0.636573,-0.143066,-0.176381,0.521353,0.514995,-0.005419,0.008406,0.17147,0.282782,-0.518252,-0.366651,-0.334648,-0.499512,-0.464778,-0.222645,0.0142,0.265559,-0.499512,-0.019091,-0.001104,0.008406,0.199097,0.668379,0.052766,0.322339,-0.362906,0.224715,0.0,0.20357,-0.402392,0.640386,0.032973,0.04117,0.248214,0.495914,0.008406,0.025662,-0.042348,0.36733,0.04117,0.675074,-0.200089,0.03639,0.002581,-0.488907,0.47055,0.022085,-0.176381,0.232984,0.317399,0.007805,-0.362354,0.291258,-0.333008,0.028853,0.00557,-0.346377,-0.333008,-0.359374,0.009047,-0.172159,-0.215616,-0.319753,0.676309,-0.185164,0.197929,-0.210712,0.396123,-0.307636,0.144024,0.218536,0.177958,-0.31872,0.20361,0.404419,0.253893,0.218835,-0.195888,-0.213335,-0.295487,-0.42296,#
15,-0.230048,0.34621,-0.076565,-0.224976,0.097121,-0.098083,0.207401,0.386411,-0.0461,-0.023464,-0.212368,0.147078,0.448426,0.398213,0.006064,1.0,0.621801,0.292735,-0.266695,0.053669,0.006064,0.470045,0.448426,-0.271939,-0.225475,0.386839,-0.314767,-0.104822,-0.00607,-0.407095,0.361288,0.03373,0.175844,0.479104,0.160454,-0.407909,-0.146602,-0.126957,0.097121,0.0,0.090127,-0.126957,0.621565,0.458691,-0.407909,-0.088646,0.230016,-0.43243,-0.009031,0.134551,0.134551,-0.600512,-0.19317,0.010091,0.4061,-0.259615,0.159797,-0.541845,-0.385177,0.334829,-0.476074,-0.108001,0.006522,0.552967,0.430582,-0.403217,0.401435,0.220029,-0.49868,0.004095,-0.126957,0.584952,-0.082546,0.17138,-0.241811,-0.230842,-0.040389,-0.38416,0.293441,0.421116,-0.384679,-0.229171,0.116545,0.43643,0.555124,-0.33373,0.09506,-0.578654,-0.067625,0.387853,0.158598,0.260881,-0.173375,-0.097814,-0.562867,-0.058659,0.186205,-0.119946,0.407633,0.131463,-0.541845,0.398251,-0.134379,0.681953,0.260881,-0.126138,0.681953,-0.219164,0.154623,-0.407909,0.576628,-0.534079,0.541135,0.186205,-0.384679,-0.27194,0.427333,-0.665764,-0.029026,0.46147,0.028109,0.390082,-0.088632,0.18035,-0.153665,-0.07746,-0.007759,0.196314,0.044846,-0.219164,0.314465,-0.407909,-0.040389,0.491774,0.43643,-0.067625,0.097121,-0.665155,-0.026547,-0.07746,0.036093,-0.35166,-0.225509,-0.476267,-0.134379,0.303024,0.0,0.307539,-0.181915,-0.126138,-0.125857,-0.100801,-0.067625,0.06379,-0.07746,0.593168,0.252835,0.238671,0.407633,0.340044,-0.275797,0.190189,0.631799,-0.119946,0.133192,-0.104245,-0.058659,0.538994,-0.27194,0.097121,0.189909,0.334552,-0.27194,-0.07746,-0.388786,-0.134379,-0.27194,0.613513,-0.26141,0.007224,0.071585,-0.234397,0.353012,0.555365,-0.413636,0.131227,0.254786,0.314465,-0.083478,0.427334,0.260881,-0.231724,-0.425508,0.233193,0.110855,-0.12159,0.386835,0.068978,0.435018,0.576628,#
16,0.120729,0.227223,-0.345344,0.126634,0.363561,-0.065668,0.102423,0.251776,-0.326694,-0.301116,0.141648,0.422796,0.286049,0.259056,0.036888,0.621801,1.0,-0.08119,-0.191651,0.552561,0.036888,0.42182,0.286049,-0.166632,-0.407825,0.198517,0.243626,-0.08058,0.298259,-0.249449,0.142673,0.005637,0.141739,0.526816,0.442351,-0.249948,-0.31755,0.200572,0.363561,0.0,0.145981,0.200572,0.068167,0.280555,-0.249948,0.213025,0.177822,-0.25145,-0.498602,-0.176735,-0.176735,-0.362643,-0.403204,0.001073,0.273414,-0.362031,0.359246,-0.058487,-0.628937,0.220212,-0.696706,-0.318162,-0.011263,0.372044,0.053967,-0.775766,0.651381,0.429783,-0.636032,-0.388019,0.200572,0.306868,0.220423,0.133833,0.107004,0.101265,0.303173,0.229034,0.446997,0.032701,-0.609027,0.122055,-0.249948,0.303173,0.371323,0.229034,0.361973,-0.611681,0.238447,0.510872,-0.408164,0.546485,-0.077843,-0.353854,0.293727,0.249318,0.626307,-0.36351,0.285074,0.404256,-0.058487,0.803864,-0.072717,0.446997,0.546485,-0.327093,0.446997,0.133833,0.114324,-0.249948,0.114484,-0.327259,0.362538,0.626307,-0.609027,-0.166632,0.681677,-0.40795,0.355711,0.349159,0.026619,0.249318,-0.334671,0.46133,0.330831,-0.330043,-0.499206,0.116991,-0.266506,0.133833,0.240291,-0.249948,0.303173,0.368896,0.303173,0.238447,0.363561,-0.407577,-0.127432,-0.330043,0.533246,-0.184803,0.126074,0.245335,-0.072717,0.109471,0.0,-0.005326,-0.091966,-0.327093,-0.067412,0.285074,0.238447,-0.249821,-0.330043,0.133833,-0.093905,-0.099804,0.285074,0.238447,0.42249,0.126074,0.655351,-0.36351,-0.031502,-0.392445,0.249318,0.347895,-0.166632,0.363561,0.628816,0.219544,-0.166632,-0.330043,-0.218925,-0.072717,-0.166632,0.594178,-0.39574,0.032745,-0.24473,-0.118071,0.28475,0.321192,-0.471955,-0.169915,-0.082037,0.240291,0.285235,0.499897,0.546485,-0.114684,-0.4855,-0.117916,0.292703,0.171869,-0.020886,-0.21025,0.418879,0.114484,#
17,-0.991655,0.398037,0.623712,-0.157317,-0.071462,0.124697,-0.082243,0.458526,-0.296191,0.742646,-0.990344,-0.60612,0.579911,-0.191417,-0.485495,0.292735,-0.08119,1.0,-0.536257,-0.456678,-0.408029,-0.140398,0.08012,0.150865,-0.124312,-0.296191,-0.293873,-0.689873,0.104535,0.319294,0.119937,0.034473,-0.16548,0.404703,0.087702,0.325551,0.506097,-0.360874,-0.071462,0.0,0.257894,-0.360874,0.186598,-0.313208,-0.190566,-0.338632,0.11508,-0.578375,0.780715,-0.124801,-0.124801,-0.473689,0.263707,0.052436,0.139881,-0.490507,0.355507,-0.73487,0.397733,0.381373,0.341749,-0.353998,-0.438974,0.564653,0.774513,0.327563,0.30967,-0.248704,0.461541,-0.1381,-0.360874,0.104152,-0.795099,0.253839,0.276737,-0.60009,0.109611,-0.29831,0.222156,-0.033913,-0.318315,-0.107009,-0.071462,0.616388,-0.022292,-0.272541,-0.117567,0.121261,-0.361625,-0.049668,0.70991,0.026045,-0.318741,0.202119,-0.430933,0.088321,-0.547878,0.595564,0.573932,-0.60712,-0.655035,-0.308836,-0.231871,0.635078,0.026045,0.008921,0.222156,-0.161243,0.234729,-0.190566,0.726206,0.01906,0.337964,-0.144476,-0.318315,-0.404953,-0.404953,0.193736,0.155376,0.349164,0.010852,-0.336301,-0.447615,-0.601583,-0.480803,0.077312,0.392267,-0.227121,0.317886,-0.161243,0.423657,0.424804,-0.323787,0.251231,-0.323787,-0.361625,0.444655,0.210972,-0.533428,0.077312,-0.425411,-0.589102,-0.582165,-0.451247,0.121261,0.028236,0.0,0.292971,0.206274,0.008921,-0.635937,0.054337,0.008921,-0.106005,0.077312,-0.145279,0.582511,0.157383,0.073581,-0.361625,-0.471988,0.192513,-0.103813,0.595564,0.268216,0.074767,-0.353285,-0.10217,0.150865,-0.071462,-0.149341,0.21848,-0.404953,-0.359515,-0.096722,-0.231871,-0.404953,-0.11471,-0.173759,0.009412,0.780448,0.289326,-0.378917,-0.038531,0.366909,-0.020884,0.138491,-0.153432,-0.607778,-0.02382,0.026045,-0.420794,-0.400146,0.130072,-0.531484,0.056952,0.782951,0.337964,0.256861,0.726206,#
18,0.513981,-0.195337,-0.359607,0.12173,-0.157816,0.397195,0.062924,-0.094437,0.402895,-0.231187,0.516983,0.242646,-0.205123,0.468621,0.231429,-0.266695,-0.191651,-0.536257,1.0,0.06212,0.316966,0.244601,0.325514,0.113978,0.110697,0.493365,-0.344958,0.831294,0.167488,-0.262749,-0.184369,0.429548,0.144298,0.218463,-0.571255,-0.289329,-0.324861,0.235422,-0.311248,0.0,-0.734597,0.235422,0.401105,-0.247226,0.258643,0.375775,-0.112625,0.029677,-0.150109,0.03738,0.522345,0.13708,0.145241,0.209998,-0.274623,0.603955,0.092757,0.74599,-0.227509,-0.049962,-0.182697,-0.130789,0.60177,-0.307365,-0.509307,-0.125414,-0.49975,-0.190084,-0.262436,0.231045,0.235422,-0.134057,0.355059,-0.298536,-0.274911,0.433061,0.138249,-0.287213,-0.090157,0.220199,0.513313,0.020184,0.280561,-0.292196,-0.302557,0.481031,-0.407401,0.336903,0.032148,-0.204703,-0.275609,-0.045184,0.306999,-0.27524,0.149648,0.003089,0.06238,-0.342343,-0.223742,0.239733,0.375745,-0.043177,0.411175,-0.440883,-0.045184,-0.045786,-0.546101,0.054025,-0.416166,0.30248,-0.747533,0.39604,-0.503415,0.165172,0.513313,0.289329,0.230879,-0.020635,-0.177803,-0.345946,0.351733,0.396934,0.193953,0.342985,-0.248294,0.161163,-0.223006,-0.167192,-0.271656,0.054025,-0.305965,-0.179735,0.274978,-0.462662,0.274978,0.510574,-0.179735,0.06013,0.335305,0.161163,0.080753,0.47122,0.080736,-0.195621,0.299768,0.369095,0.0,-0.049416,-0.526502,-0.045786,0.84869,-0.372487,0.393674,-0.140835,0.161163,0.071653,-0.066181,-0.036316,-0.351238,0.032148,0.081509,0.091978,0.133683,-0.342343,0.110218,0.272765,0.378179,0.024277,0.113978,-0.157816,0.085478,-0.493535,0.084753,0.298974,-0.188712,0.411175,0.084753,0.110468,0.076101,-0.243117,-0.343527,-0.487771,0.077066,0.12636,-0.19682,0.088396,-0.056818,-0.123903,0.131453,0.254257,-0.045184,0.116662,-0.233218,0.016184,0.515615,-0.116624,-0.597915,-0.463948,-0.35887,-0.747533,#
19,0.41786,-0.342201,-0.489482,0.021338,0.048474,-0.044387,0.434154,-0.393257,0.201605,-0.247261,0.416721,0.511909,-0.494283,0.244888,0.158017,0.053669,0.552561,-0.456678,0.06212,1.0,-0.173024,0.429403,-0.00532,0.23429,-0.41837,0.201605,0.369839,0.062767,0.487462,-0.048605,-0.437882,-0.115236,0.029333,0.156006,0.489651,-0.072711,0.153108,0.490209,0.55341,0.0,0.121107,0.490209,-0.244385,0.061928,0.432225,0.224935,-0.201112,0.202996,-0.634889,-0.27617,-0.27617,-0.124247,-0.371859,-0.198466,0.109667,-0.080985,-0.211971,0.360922,-0.338972,-0.328113,-0.312647,0.249252,0.150819,0.143572,-0.504487,-0.524403,0.39587,0.462044,-0.29122,-0.702572,0.490209,0.532364,0.671515,-0.380961,-0.353142,0.327041,0.515165,0.339611,0.077754,0.159587,-0.393777,0.459732,0.008079,0.019365,-0.154909,0.339611,0.215238,-0.452644,-0.201376,0.198969,-0.811365,0.140051,-0.036244,-0.439873,0.497047,-0.192741,0.452887,-0.488093,-0.469931,0.512754,0.019755,0.706818,-0.384206,-0.326223,0.140051,-0.273189,0.077754,0.02513,0.396268,-0.072711,-0.346562,0.160431,0.240829,0.058224,-0.393777,-0.331238,0.34201,-0.043667,0.599307,-0.118637,-0.57538,0.2393,-0.051797,0.508078,0.222164,-0.037744,-0.253899,0.36204,-0.530856,0.02513,0.361157,-0.496857,0.074195,0.252324,0.074195,-0.201376,0.048474,-0.05657,-0.18485,-0.037744,0.990508,0.167521,0.013184,0.5238,-0.024904,0.102865,0.0,0.056209,-0.349986,-0.273189,0.007766,0.01958,0.175643,-0.496604,-0.037744,0.02513,-0.000114,-0.013925,0.01958,-0.201376,0.286775,-0.031076,0.464969,-0.488093,-0.465734,-0.000132,0.2393,0.213054,0.23429,0.048474,0.461653,-0.224559,0.34201,-0.482202,0.023456,-0.384206,0.34201,0.427954,0.041343,-0.171632,-0.234151,-0.321442,-0.170817,0.277493,-0.635194,-0.600381,-0.035359,-0.226014,0.098571,0.185816,0.140051,0.374396,-0.175017,-0.006362,0.614101,0.145394,-0.228551,-0.213756,0.345456,-0.346562,#
20,0.434959,-0.292174,-0.572747,0.399793,0.007805,0.004833,-0.424539,0.263667,-0.233423,-0.289883,0.45186,0.058181,0.013755,0.277439,0.619274,0.006064,0.036888,-0.408029,0.316966,-0.173024,1.0,0.30437,0.48613,-0.333008,-0.389319,0.201476,0.339814,0.363157,-0.4819,-0.498515,0.175683,-0.358183,0.810423,-0.176897,-0.486399,-0.499512,-0.712218,-0.550622,-0.499512,0.0,-0.088445,-0.550622,0.251704,0.023441,-0.011707,0.224897,0.36929,0.140223,-0.23553,-0.173484,0.241628,0.559994,-0.079417,-0.184667,0.049451,0.727987,-0.232523,0.445358,-0.420172,0.325957,-0.308816,0.183243,-0.188445,-0.423449,-0.214464,-0.219792,-0.333008,-0.317454,-0.470181,0.419582,-0.550622,-0.385273,0.219439,0.417975,-0.002729,0.569573,-0.513239,0.308719,-0.385863,0.190406,0.330146,-0.042486,-0.499512,-0.034261,0.226199,-0.324513,0.211833,-0.402392,0.265559,0.210187,-0.019118,-0.126766,0.418348,-0.040439,-0.000224,0.241002,0.040549,-0.516927,0.013353,0.042348,0.445358,0.216108,0.043894,0.004408,-0.126766,0.206781,-0.385863,0.025662,-0.053649,0.007805,-0.42296,0.197567,-0.63493,0.421822,0.330146,0.343415,0.369431,-0.42296,-0.355437,-0.19335,0.237905,-0.176381,0.0142,0.514995,0.364061,-0.019992,-0.241159,-0.461382,-0.067755,0.025662,-0.372164,-0.011707,0.0142,-0.620605,0.493178,0.675074,-0.011707,-0.042486,0.36672,-0.019992,-0.203753,0.643813,0.052766,0.11478,-0.385863,0.112805,0.0,-0.253798,-0.012121,0.206781,0.426609,0.013353,0.224125,0.495914,-0.019992,0.025662,-0.069776,-0.039489,-0.459551,0.675074,0.184697,-0.373002,0.002581,-0.516927,0.433994,-0.041379,0.241002,-0.200394,-0.333008,0.007805,0.014874,0.154645,-0.333008,0.51162,-0.026079,0.043894,-0.333008,-0.385117,0.395215,0.213339,-0.271359,-0.36165,0.647337,0.212916,0.146758,0.216951,-0.034666,0.330146,0.144024,-0.171708,-0.126766,-0.363484,0.17729,-0.023778,-0.196836,-0.239191,-0.619348,-0.652497,-0.741392,-0.42296,#
