0,1.0,0.055154,-0.383861,-0.353071,0.347324,0.37096,0.37096,0.066313,-0.085302,0.252767,0.078445,0.649125,0.186837,0.37096,-0.046965,0.329858,0.288961,-0.287758,0.424257,0.206162,0.518922,-0.195886,0.043512,-0.441994,-0.391219,-0.726623,-0.451682,-0.148323,0.233034,0.23365,-0.147211,0.062941,0.42302,-0.257438,0.200116,0.050217,0.333338,0.039292,-0.026993,0.060303,0.23365,0.184427,-0.546988,-0.468644,0.027428,-0.189824,-0.587375,0.098606,0.510182,0.516272,0.19718,-0.360655,0.206161,0.271202,0.500833,0.041713,-0.216057,-0.417667,-0.381349,0.058918,0.213733,0.250084,-0.111173,0.22457,-0.305094,0.498362,0.07732,0.462774,-0.11222,-0.226421,0.164555,-0.268193,-0.508532,-0.17457,-0.190161,-0.490983,-0.092713,-0.508532,-0.241969,-0.23839,-0.235995,-0.682477,-0.274095,-0.075574,0.330032,-0.259646,-0.376622,-0.108656,-0.053449,-0.045584,-0.078736,-0.071101,-0.206161,-0.117907,0.068497,-0.33666,-0.410976,-0.547454,-0.075574,0.059155,0.23354,0.23365,-0.23349,-0.274095,0.033869,0.330279,-0.174115,0.009441,-0.508532,0.068497,-0.128103,0.350475,-0.682477,-0.46972,0.189292,0.255113,-0.274095,-0.078736,-0.148155,-0.465697,-0.508532,-0.071101,0.224999,-0.512865,-0.167464,-0.075,-0.520725,0.422092,0.007908,-0.508532,-0.365403,-0.819932,-0.365403,-0.051787,-0.166383,0.330032,0.178673,-0.206161,-0.205645,-0.388985,-0.274095,0.655309,-0.762797,0.08435,-0.255201,-0.297901,0.0,0.2478,-0.108656,-0.52911,-0.097922,0.407622,-0.508532,-0.508532,0.727085,-0.361893,0.390893,0.3073,-0.444007,-0.274095,-0.434348,-0.190161,0.206161,-0.298306,-0.127826,-0.013951,0.0,-0.201799,0.0,0.23365,-0.323204,0.539214,-0.206161,-0.218583,-0.071321,-0.007874,0.348678,0.338587,0.36329,-0.33666,0.019855,-0.35945,-0.068541,0.196702,0.536391,-0.158753,0.113807,0.036281,0.200443,0.102747,-0.356002,0.286314,0.534528,0.038021,-0.50026,-0.484179,0.235568,-0.624655,-0.117907,-0.03528,#
1,0.055154,1.0,-0.003913,-0.385202,-0.061984,0.390111,0.390111,0.087421,-0.486938,0.207402,0.005191,0.26922,-0.306935,0.390111,0.45602,0.332309,-0.183967,0.059125,0.794358,0.221539,0.578576,-0.233352,0.100617,0.408216,0.044469,0.062374,0.458468,-0.288985,0.21211,0.221539,-0.230497,0.551169,-0.029819,-0.183967,-0.430361,-0.424781,0.097348,-0.13927,-0.042224,0.114193,0.221539,0.128779,-0.113289,-0.230153,0.783605,-0.295342,0.037789,-0.11417,-0.054438,0.528633,-0.290365,0.004707,0.221539,-0.467833,-0.201046,-0.244473,0.214257,-0.482187,-0.358591,0.164857,0.195335,-0.53433,-0.593436,-0.264435,0.660269,0.476926,-0.123148,-0.25237,-0.056099,-0.395847,-0.388669,0.194177,0.221539,0.172046,0.268474,-0.018316,-0.527093,-0.507577,-0.230035,0.331592,0.211615,-0.225526,-0.163971,0.297128,-0.209624,-0.202205,0.130957,-0.50931,0.434873,-0.098504,-0.026634,-0.024823,0.290244,-0.553317,0.142105,0.061822,-0.161505,0.333339,0.759723,0.111847,-0.31843,0.221539,-0.198934,-0.757463,-0.416931,0.288895,-0.066902,-0.26219,-0.507577,0.10538,0.256513,0.332309,-0.225526,0.376591,0.190224,0.637824,-0.757463,0.467998,0.498364,-0.405607,-0.507577,-0.024823,-0.198934,-0.078941,-0.389751,-0.12194,-0.112268,-0.461883,-0.407223,-0.507577,0.055022,0.066683,0.055022,-0.482934,-0.056446,-0.163971,0.277625,0.290244,0.046495,-0.345707,-0.163971,-0.064786,-0.214528,-0.044682,-0.21901,-0.353182,0.0,0.283832,-0.545099,-0.038,-0.09951,0.129825,0.221539,0.221539,-0.31286,0.047986,0.351905,-0.006438,-0.458284,-0.163971,-0.212277,0.268474,-0.507577,-0.322462,0.073264,0.43526,0.0,0.27471,0.0,-0.507577,0.315878,0.113242,0.332309,-0.225526,-0.048658,0.083654,0.284952,-0.056053,0.394723,0.061822,0.001519,-0.321641,-0.474368,0.791561,0.525738,0.094505,0.506027,-0.470877,0.250612,0.100407,0.208421,-0.160679,-0.202815,0.175559,-0.555116,-0.348402,0.22421,-0.270115,0.36025,-0.078547,#
2,-0.383861,-0.003913,1.0,0.111713,-0.544249,-0.130227,-0.130227,0.007411,-0.567912,0.201529,0.035242,-0.223803,-0.273246,-0.130227,-0.108381,0.338609,-0.762708,0.520613,-0.156454,0.225739,-0.380313,0.201529,0.020227,-0.136486,0.509502,0.014047,0.054786,-0.287179,0.166982,-0.508594,0.556654,0.051703,-0.511758,-0.201293,0.087458,0.008971,0.299329,0.816689,-0.037391,-0.371599,-0.508594,0.436504,0.337161,-0.066187,-0.185064,-0.16026,0.228875,0.44973,-0.146725,-0.269433,0.225399,0.034999,0.225739,-0.29151,-0.234548,-0.395828,-0.245014,0.035242,0.311904,-0.346417,0.237018,-0.538972,-0.008171,-0.357233,0.011003,-0.075855,0.43595,-0.152138,-0.594585,0.817171,0.56295,0.268895,0.225739,0.200397,0.298826,0.586079,0.001845,0.225739,0.338436,0.337879,0.220959,0.259526,-0.161242,0.794915,-0.161242,-0.220527,-0.351764,-0.034808,-0.046437,0.442409,-0.00041,0.019072,0.338609,0.3931,-0.331344,0.103261,0.425346,-0.076431,0.32901,0.155494,-0.373184,-0.508594,-0.157654,-0.161242,0.123481,0.338436,0.02778,0.270892,0.225739,0.149496,0.765795,-0.212141,0.259526,0.409702,0.275043,-0.186674,-0.161242,-0.498582,0.277916,0.087418,0.225739,0.019072,-0.157654,0.443343,0.009499,0.375327,0.338895,0.429183,0.132028,0.225739,0.552672,0.520234,0.552672,0.379365,0.009351,-0.75898,-0.508594,0.338609,0.685368,0.161156,-0.161242,-0.030971,0.338609,-0.274352,0.28687,0.832198,0.0,0.248293,0.43379,0.408105,-0.035933,0.175096,0.225739,0.225739,-0.23054,0.551821,-0.080153,0.098271,0.574405,-0.161242,0.89551,0.298826,-0.508594,0.452267,0.680199,-0.058934,0.0,-0.253326,0.0,0.225739,0.133031,0.157151,-0.212141,-0.199461,-0.08887,-0.348319,0.336874,-0.046084,-0.08887,0.103261,0.487937,0.084062,-0.509039,-0.311805,0.051375,0.159192,0.535591,0.570931,-0.185983,0.51401,0.250283,-0.140577,-0.205501,0.684885,-0.044792,-0.390922,0.223013,0.645722,0.3931,0.408203,#
3,-0.353071,-0.385202,0.111713,1.0,0.200848,-0.998237,-0.998237,-0.79428,-0.182,-0.816058,0.057545,-0.815506,-0.590944,-0.998237,-0.533238,-0.408127,0.102196,-0.21836,-0.62357,-0.272085,-0.66524,-0.397108,-0.389029,-0.189232,-0.375179,0.086738,0.012527,0.585518,-0.428307,-0.272085,0.153603,-0.101009,-0.108784,0.12182,0.538417,0.059918,-0.133458,0.196248,-0.097463,0.537048,-0.272085,-0.488281,0.249963,0.388934,-0.249121,0.87328,-0.224478,0.127356,0.140028,-0.479327,0.356989,0.458851,-0.272085,-0.433975,-0.410717,-0.442827,0.406679,0.520813,0.441625,-0.46212,-0.577312,0.350536,0.315986,-0.629698,0.012708,-0.777359,0.315099,-0.391198,0.456888,0.279898,0.088017,-0.547016,0.395293,0.009167,0.126444,0.313537,0.365355,0.420961,0.126444,0.121587,0.028087,0.818589,0.5899,-0.134265,0.610794,0.060974,0.126313,0.229497,-0.089174,0.407088,-0.080489,0.790236,0.612191,-0.180807,0.138009,0.59102,0.782675,0.293017,-0.134265,0.573749,-0.136653,-0.272085,0.799714,0.610794,0.514459,0.126444,0.70353,0.060732,0.420961,0.591814,-0.078635,-0.408127,0.818589,0.423635,-0.036784,-0.339601,0.610794,-0.080489,-0.52079,0.631573,0.420961,0.790236,0.371579,0.809948,0.313589,0.26939,-0.150765,0.225811,0.430881,0.420961,0.608429,0.19029,0.608429,-0.159721,0.6884,0.046663,-0.272085,0.612191,-0.025711,0.996373,0.5899,-0.191779,0.612191,0.606603,0.837,0.333039,0.0,-0.816369,0.671749,-0.032123,0.280887,-0.094695,0.395293,0.395293,-0.089182,0.625672,-0.497395,-0.673034,0.543084,0.5899,-0.046718,0.126444,0.395293,0.36747,0.044273,-0.545781,0.0,-0.03121,0.0,-0.272085,0.41589,-0.225002,0.092406,0.401451,-0.576289,0.557467,0.158096,0.248413,-0.997736,0.59102,-0.619722,-0.248109,0.354792,-0.098478,-0.787271,-0.173894,-0.248109,0.098791,0.389528,-0.382208,0.420748,0.082167,-0.407963,0.069477,0.796212,0.124444,-0.583428,0.429455,0.254022,-0.534082,#
4,0.347324,-0.061984,-0.544249,0.200848,1.0,-0.182606,-0.182606,-0.459972,0.211803,-0.395426,0.31739,0.053677,-0.403037,-0.182606,-0.280485,-0.610691,0.432131,-0.986985,-0.231005,-0.407127,-0.09386,-0.395426,-0.039598,0.054769,-0.51935,-0.202809,-0.22228,0.386284,0.022237,0.275796,-0.353707,-0.246166,0.072002,-0.069898,0.61388,-0.085972,-0.047022,-0.315317,0.541652,0.66312,0.275796,-0.508241,-0.675562,-0.420338,0.164921,0.343862,-0.209481,-0.022326,0.546725,0.421548,0.09743,-0.18664,-0.407127,-0.269454,-0.258291,-0.128351,0.420419,0.31739,0.010454,0.112592,-0.405879,0.267022,0.129837,-0.349837,0.025168,0.064352,0.494391,-0.325834,0.603178,-0.545964,-0.514493,-0.35179,0.275796,0.403972,-0.124326,-0.085759,-0.403116,-0.407127,-0.610379,-0.068222,-0.372828,-0.052901,0.393756,-0.225902,0.350995,-0.148617,0.242118,0.16994,0.111388,-0.37024,0.57219,0.487662,0.374294,-0.686927,0.260375,0.225186,-0.022594,0.172845,-0.225902,0.208203,0.109675,0.275796,0.355624,-0.162135,0.313825,-0.124326,0.122767,0.041097,-0.407127,0.225977,-0.143284,-0.098498,-0.052901,0.127802,0.145942,0.017306,-0.162135,0.57219,-0.283139,0.35974,-0.407127,0.487662,0.777506,0.060184,0.195224,0.160008,-0.217406,-0.2592,0.251443,-0.407127,-0.1816,-0.566717,-0.1816,-0.725305,0.133587,0.393756,0.328328,0.374294,-0.307624,0.190719,0.393756,0.214106,-0.098499,0.221366,-0.039183,-0.49161,0.0,-0.3771,0.136418,0.140956,0.582309,0.368602,0.275796,0.275796,0.095157,-0.169693,0.21433,-0.359719,-0.116525,0.393756,-0.632339,-0.124326,0.24953,-0.119489,-0.233183,-0.349493,0.0,0.069298,0.0,0.275796,-0.410753,0.209117,0.413694,-0.052901,-0.201256,0.347629,-0.09443,0.585521,-0.201256,0.225186,-0.449412,-0.122745,0.119975,0.120689,-0.069507,0.051702,-0.607265,-0.572283,0.396899,-0.48286,-0.433626,0.47837,-0.268219,0.079927,0.063615,0.421106,-0.376013,-0.010177,-0.276197,-0.335132,#
5,0.37096,0.390111,-0.130227,-0.998237,-0.182606,1.0,1.0,0.80482,0.190328,0.787031,-0.094525,0.834596,0.595044,1.0,0.544357,0.401158,-0.076884,0.205814,0.636692,0.267439,0.688064,0.378936,0.378127,0.158207,0.343198,-0.107216,-0.004988,-0.603821,0.443072,0.267439,-0.19407,0.063186,0.094747,-0.076884,-0.545918,-0.042822,0.091751,-0.193852,0.08329,-0.513017,0.267439,0.499177,-0.281458,-0.419861,0.259961,-0.846677,0.21636,-0.16167,-0.112946,0.470274,-0.32821,-0.479406,0.267439,0.432002,0.425482,0.447725,-0.401455,-0.545788,-0.441856,0.496077,0.593547,-0.360033,-0.306501,0.632939,0.002903,0.789296,-0.314888,0.408921,-0.421886,-0.306486,-0.104206,0.544584,-0.407649,-0.031754,-0.138471,-0.348084,-0.366156,-0.407649,-0.119563,-0.13465,-0.035649,-0.834177,-0.60834,0.108177,-0.60834,-0.093975,-0.162603,-0.244023,0.074914,-0.391827,0.097467,-0.796679,-0.611474,0.155358,-0.158589,-0.585127,-0.768106,-0.278726,0.108177,-0.582613,0.152687,0.267439,-0.800131,-0.60834,-0.520984,-0.119563,-0.678202,-0.060443,-0.407649,-0.600635,0.052904,0.401158,-0.834177,-0.439647,0.066508,0.353593,-0.60834,0.097467,0.482906,-0.618519,-0.407649,-0.796679,-0.38309,-0.800607,-0.315735,-0.269027,0.12481,-0.224515,-0.438983,-0.407649,-0.602297,-0.210648,-0.602297,0.13762,-0.661572,-0.058826,0.319368,-0.611474,0.006542,-0.993847,-0.60834,0.171446,-0.611474,-0.583611,-0.8371,-0.360872,0.0,0.82159,-0.674815,0.00226,-0.251624,0.090154,-0.407649,-0.407649,0.121039,-0.6193,0.509724,0.661295,-0.566094,-0.60834,0.026851,-0.138471,-0.407649,-0.407862,-0.058615,0.521262,0.0,0.053015,0.0,0.267439,-0.437791,0.226749,-0.105158,-0.41222,0.587789,-0.531874,-0.150412,-0.231209,0.998316,-0.585127,0.593591,0.265451,-0.320962,0.093487,0.796478,0.189045,0.23352,-0.116521,-0.370046,0.402175,-0.450506,-0.102074,0.423352,-0.080999,-0.800978,-0.12677,0.60357,-0.441152,-0.284495,0.5083,#
6,0.37096,0.390111,-0.130227,-0.998237,-0.182606,1.0,1.0,0.80482,0.190328,0.787031,-0.094525,0.834596,0.595044,1.0,0.544357,0.401158,-0.076884,0.205814,0.636692,0.267439,0.688064,0.378936,0.378127,0.158207,0.343198,-0.107216,-0.004988,-0.603821,0.443072,0.267439,-0.19407,0.063186,0.094747,-0.076884,-0.545918,-0.042822,0.091751,-0.193852,0.08329,-0.513017,0.267439,0.499177,-0.281458,-0.419861,0.259961,-0.846677,0.21636,-0.16167,-0.112946,0.470274,-0.32821,-0.479406,0.267439,0.432002,0.425482,0.447725,-0.401455,-0.545788,-0.441856,0.496077,0.593547,-0.360033,-0.306501,0.632939,0.002903,0.789296,-0.314888,0.408921,-0.421886,-0.306486,-0.104206,0.544584,-0.407649,-0.031754,-0.138471,-0.348084,-0.366156,-0.407649,-0.119563,-0.13465,-0.035649,-0.834177,-0.60834,0.108177,-0.60834,-0.093975,-0.162603,-0.244023,0.074914,-0.391827,0.097467,-0.796679,-0.611474,0.155358,-0.158589,-0.585127,-0.768106,-0.278726,0.108177,-0.582613,0.152687,0.267439,-0.800131,-0.60834,-0.520984,-0.119563,-0.678202,-0.060443,-0.407649,-0.600635,0.052904,0.401158,-0.834177,-0.439647,0.066508,0.353593,-0.60834,0.097467,0.482906,-0.618519,-0.407649,-0.796679,-0.38309,-0.800607,-0.315735,-0.269027,0.12481,-0.224515,-0.438983,-0.407649,-0.602297,-0.210648,-0.602297,0.13762,-0.661572,-0.058826,0.319368,-0.611474,0.006542,-0.993847,-0.60834,0.171446,-0.611474,-0.583611,-0.8371,-0.360872,0.0,0.82159,-0.674815,0.00226,-0.251624,0.090154,-0.407649,-0.407649,0.121039,-0.6193,0.509724,0.661295,-0.566094,-0.60834,0.026851,-0.138471,-0.407649,-0.407862,-0.058615,0.521262,0.0,0.053015,0.0,0.267439,-0.437791,0.226749,-0.105158,-0.41222,0.587789,-0.531874,-0.150412,-0.231209,0.998316,-0.585127,0.593591,0.265451,-0.320962,0.093487,0.796478,0.189045,0.23352,-0.116521,-0.370046,0.402175,-0.450506,-0.102074,0.423352,-0.080999,-0.800978,-0.12677,0.60357,-0.441152,-0.284495,0.5083,#
7,0.066313,0.087421,0.007411,-0.79428,-0.459972,0.80482,0.80482,1.0,0.380185,0.625345,-0.431621,0.676376,0.75876,0.80482,0.440806,0.320822,-0.190552,0.504902,0.419904,0.213882,0.559503,0.625345,0.074259,0.029776,0.498741,0.160836,0.178388,-0.75293,0.257902,0.213882,-0.089901,-0.255442,-0.040444,0.361584,-0.758331,0.100783,-0.317812,-0.030147,-0.052734,-0.725234,0.213882,0.657676,-0.115936,-0.182259,0.017982,-0.655436,0.43007,-0.491322,-0.371035,-0.141755,-0.240623,-0.310824,0.213881,0.640281,0.530211,0.577501,-0.645952,-0.431621,-0.345396,0.574922,0.750727,-0.45403,-0.144294,0.785138,-0.023806,0.521104,-0.476333,0.532053,-0.274424,-0.164924,-0.02155,0.714971,-0.508316,-0.25052,-0.256408,-0.289146,-0.014081,0.213881,0.320659,-0.252143,0.192977,-0.656655,-0.758565,-0.149015,-0.758565,-0.208599,-0.350091,-0.063909,-0.061623,-0.070769,-0.037269,-0.993414,-0.762474,0.372717,-0.345677,-0.360607,-0.425303,-0.109089,-0.149015,-0.79941,0.276426,0.213881,-0.625459,-0.170706,-0.400944,-0.236181,-0.51961,0.183382,0.213881,-0.81857,-0.199089,0.320822,-0.656655,-0.610884,0.198192,0.16346,-0.170706,-0.037269,0.260661,-0.473006,0.213881,-0.993414,-0.625459,-0.525523,-0.226307,-0.106865,0.318601,-0.118738,-0.303391,0.213881,-0.37288,0.052452,-0.37288,0.357144,-0.505982,-0.170706,0.269435,-0.762474,0.170995,-0.779955,-0.758565,-0.124246,-0.220826,-0.443302,-0.654696,-0.237804,0.0,0.679131,-0.524762,-0.138242,-0.084348,-0.112519,-0.508316,-0.508316,0.268185,-0.385093,0.282109,0.450809,-0.441296,-0.758565,0.267711,-0.256408,-0.508316,-0.309659,0.083842,0.420588,0.0,0.255535,0.0,0.213881,-0.357951,0.076603,-0.220826,-0.205253,0.810332,-0.400722,-0.268682,-0.504812,0.810332,-0.360607,0.478517,0.556336,-0.002329,-0.331558,0.531984,0.355326,0.07811,0.043889,-0.612369,0.521801,-0.347206,-0.344548,0.535648,-0.298727,-0.493724,0.000238,0.758217,-0.25052,-0.568376,0.402008,#
8,-0.085302,-0.486938,-0.567912,-0.182,0.211803,0.190328,0.190328,0.380185,1.0,-0.021499,-0.117391,0.045552,0.575163,0.190328,0.126146,-0.611243,0.425832,-0.235648,-0.241769,-0.407495,-0.09973,0.389056,-0.084798,0.164206,-0.094293,0.321486,-0.010985,-0.050852,0.043987,0.271664,-0.377911,-0.517299,0.066476,0.445802,-0.136133,0.383084,-0.461931,-0.632314,0.088923,-0.122538,0.271664,-0.032531,-0.258478,0.183602,-0.142271,0.008358,0.229159,-0.404015,-0.137616,-0.234444,-0.353036,-0.105228,-0.407495,0.543845,0.426303,0.712332,-0.007531,0.336594,0.034308,0.297523,0.116208,0.28797,0.522122,0.614063,-0.166446,0.086207,-0.311742,0.382807,0.334318,-0.456324,-0.23819,0.021007,-0.407496,-0.024114,-0.13539,-0.34316,0.081951,0.271664,-0.087276,-0.609926,-0.378593,-0.066759,-0.16514,-0.671577,-0.16514,0.367417,0.194126,0.159465,-0.347126,-0.337877,0.103175,-0.421011,-0.611243,0.151662,-0.192138,-0.166359,-0.267067,0.155934,-0.671577,-0.642528,0.642609,0.271664,-0.041418,0.387688,-0.121132,-0.610932,-0.294714,-0.0,0.271664,-0.63685,-0.599986,-0.101874,-0.066759,-0.437215,-0.354606,-0.071204,0.387688,0.103175,-0.332301,0.261183,0.271664,-0.421011,-0.041418,-0.355691,0.312759,-0.237749,0.158673,-0.350477,-0.106035,0.271664,-0.576114,-0.181775,-0.576114,0.036183,-0.280857,0.387688,0.323907,-0.611243,-0.316248,-0.215418,-0.16514,-0.333191,-0.101874,-0.143603,-0.44285,-0.507195,0.0,-0.070769,-0.273924,0.007361,0.179241,-0.294768,-0.407495,-0.407495,0.120172,-0.569214,0.118784,0.0437,-0.134701,-0.16514,-0.21502,-0.13539,0.245542,-0.150041,-0.475058,0.050953,0.0,0.061125,0.0,0.271664,-0.482816,-0.209679,-0.101874,0.357742,0.574179,-0.097179,-0.60811,-0.265145,0.161177,-0.166359,-0.039859,0.664096,0.535127,-0.454385,-0.091941,0.26375,-0.620837,-0.120322,-0.406775,-0.117166,-0.454696,-0.137278,0.378895,-0.679689,0.09086,0.710707,0.094376,-0.024114,-0.733349,0.080659,#
9,0.252767,0.207402,0.201529,-0.816058,-0.395426,0.787031,0.787031,0.625345,-0.021499,1.0,0.236977,0.587292,0.427446,0.787031,0.174476,0.50763,-0.49976,0.38013,0.429184,0.33842,0.385291,0.59397,0.198103,0.297099,0.672747,0.06792,-0.076315,-0.493623,0.187489,0.33842,0.41886,0.386415,0.236294,-0.49976,-0.368563,-0.226137,0.507912,0.068822,0.22493,-0.814065,0.33842,0.507912,-0.01438,-0.0798,0.02628,-0.977398,0.215266,0.158023,-0.378889,0.334268,-0.478974,-0.153212,0.33842,0.454146,0.321332,0.246072,-0.629491,-0.212004,-0.443733,0.006329,0.515283,-0.316823,-0.377391,0.479921,-0.220444,0.572642,-0.173603,0.256373,-0.744585,0.113143,0.221955,0.516167,-0.333253,0.185299,-0.029325,0.126024,-0.222831,-0.333253,-0.010513,-0.025702,0.181076,-0.613946,-0.497318,0.37279,-0.497318,0.014738,0.01464,0.021339,0.216524,-0.248083,-0.197454,-0.651285,-0.49988,0.419019,0.018513,-0.404986,-0.627927,-0.4162,0.37279,-0.403246,-0.003296,0.33842,-0.580106,-0.497318,-0.188858,-0.010513,-0.802696,0.188298,-0.333253,-0.421297,0.308726,0.50763,-0.613946,-0.296643,0.000998,0.158443,-0.497318,-0.197454,0.736813,-0.747099,-0.333253,-0.651285,-0.165175,-0.654496,-0.249506,-0.002039,0.389715,0.039097,-0.111353,-0.333253,-0.422156,-0.032521,-0.422156,0.393899,-0.808487,0.049416,-0.333253,-0.49988,0.427275,-0.81247,-0.497318,0.478723,-0.49988,-0.636931,-0.617055,0.060205,0.0,0.603527,-0.407274,0.14313,-0.385444,0.298994,-0.333253,-0.333253,0.044653,-0.439346,0.340962,0.573787,-0.234108,-0.497318,0.325921,-0.029325,-0.333253,0.180953,0.345323,0.655892,0.0,-0.146388,0.0,0.33842,-0.120892,0.391836,0.003875,-0.194123,0.403004,-0.64246,-0.041706,-0.406786,0.811454,-0.404986,0.747333,-0.008683,-0.660908,-0.019589,0.646165,0.097341,0.404317,0.213381,-0.590878,0.245189,-0.01827,0.134167,0.338327,0.131823,-0.660113,-0.262197,0.48781,-0.222028,-0.018609,0.647715,#
10,0.078445,0.005191,0.035242,0.057545,0.31739,-0.094525,-0.094525,-0.431621,-0.117391,0.236977,1.0,-0.208602,-0.394663,-0.094525,-0.081393,-0.205677,-0.216548,-0.410058,-0.153429,-0.50848,-0.352711,-0.212004,0.027562,0.432385,0.102836,0.084224,-0.470584,0.322789,0.170151,0.234244,0.363173,0.465928,-0.050699,-0.762537,0.509049,-0.018845,0.68215,-0.110864,0.460045,0.029538,0.234244,-0.267701,-0.08459,0.11832,0.284059,-0.2026,-0.377874,0.565125,0.224016,0.440211,-0.375688,0.442727,-0.50848,-0.355181,-0.242323,0.042315,0.174657,0.503525,-0.306487,-0.545775,-0.29112,0.169993,-0.026261,-0.348751,0.113898,0.029357,0.410798,-0.357447,-0.314294,0.064807,0.053082,-0.270603,0.234244,0.651368,0.286333,0.596927,-0.092586,-0.50848,-0.762331,0.350608,-0.193252,0.167838,0.330187,0.360269,0.283682,0.307766,0.538525,0.366199,-0.007829,-0.083547,0.011197,0.40196,0.308516,-0.117671,0.555335,0.083968,-0.148371,-0.07579,0.360269,0.066188,0.155063,0.234244,0.190588,-0.274381,0.042023,-0.233716,-0.539018,0.272534,-0.50848,0.517925,0.318473,0.351365,0.167838,0.400299,-0.272338,-0.251889,-0.274381,0.011197,0.346107,-0.016056,-0.50848,0.40196,0.649412,-0.063583,-0.215336,-0.067255,-0.057182,-0.060172,-0.022116,-0.50848,-0.358359,-0.352623,-0.358359,-0.077088,-0.553103,0.330187,-0.50848,0.308516,0.212733,0.047237,0.330187,0.439731,-0.205677,0.071279,0.178478,0.098653,0.0,-0.213099,0.329741,0.439653,-0.05019,0.640579,0.234244,0.234244,-0.32643,0.06983,-0.085544,-0.038987,0.485251,0.330187,-0.150067,0.286333,0.205677,0.65383,0.153852,0.428129,0.0,-0.579334,0.0,0.234244,0.081955,0.503155,0.351365,0.167838,-0.082687,0.044517,0.303059,0.339623,-0.082687,0.083968,-0.012122,-0.371673,-0.555206,0.197675,0.026551,0.169552,0.049885,-0.002404,0.199973,-0.415618,0.180211,0.736257,-0.264556,0.173608,-0.08803,0.074743,-0.341339,0.200954,0.329025,-0.035154,#
11,0.649125,0.26922,-0.223803,-0.815506,0.053677,0.834596,0.834596,0.676376,0.045552,0.587292,-0.208602,1.0,0.489869,0.834596,0.256354,0.484404,0.019882,0.043988,0.534276,0.322936,0.822785,0.190759,0.25965,-0.1658,0.203018,-0.361187,-0.165302,-0.493289,0.253502,0.322936,-0.144513,-0.109895,0.215907,0.019882,-0.378212,-0.153633,-0.018851,0.03983,0.204805,-0.344409,0.322936,0.377032,-0.435198,-0.641066,0.096028,-0.637704,0.054119,-0.315197,0.108775,0.413257,0.057971,-0.536404,0.322936,0.476336,0.347894,0.278742,-0.561829,-0.647082,-0.54051,0.636521,0.475632,-0.265624,-0.458162,0.538804,-0.141556,0.631619,-0.184159,0.339019,-0.178187,-0.323146,-0.17979,0.525427,-0.333028,-0.20298,-0.499287,-0.410903,-0.232422,-0.333028,-0.021614,-0.03643,0.154183,-0.994522,-0.496981,-0.041618,-0.496981,-0.498326,-0.388747,-0.006798,0.196602,-0.257115,0.218319,-0.650844,-0.499541,-0.006575,-0.000367,-0.414054,-0.627502,-0.413952,-0.041618,-0.412274,0.067889,0.322936,-0.589138,-0.496981,-0.218918,-0.021614,-0.429067,0.157898,-0.333028,-0.429891,-0.112654,0.484404,-0.994522,-0.648154,0.440784,0.198718,-0.496981,0.218319,0.296922,-0.66591,-0.333028,-0.650844,-0.183911,-0.654053,-0.404136,-0.029786,-0.018523,0.010718,-0.142798,-0.333028,-0.430813,-0.425242,-0.430813,0.040922,-0.412409,0.036965,0.373395,-0.499541,-0.019149,-0.81192,-0.496981,0.435283,-0.499541,-0.289027,-0.625205,-0.365881,0.0,0.671962,-0.425386,-0.240881,-0.013263,0.2701,-0.333028,-0.333028,0.492024,-0.447572,0.375361,0.47,-0.669636,-0.496981,-0.15654,-0.499287,-0.333028,-0.472362,0.055034,0.236491,0.0,0.239624,0.0,0.322936,-0.484718,0.365277,-0.007569,-0.584518,0.438173,-0.23012,-0.052026,0.025467,0.837069,-0.414054,0.314812,0.045919,-0.164341,0.024325,0.673498,0.077274,0.014893,-0.236285,-0.170481,0.283243,-0.528051,0.132382,0.3816,-0.000859,-0.629893,-0.214861,0.518906,-0.600779,-0.433968,0.21295,#
12,0.186837,-0.306935,-0.273246,-0.590944,-0.403037,0.595044,0.595044,0.75876,0.575163,0.427446,-0.394663,0.489869,1.0,0.595044,0.393683,0.281992,0.304799,0.439876,0.141969,0.187995,0.383442,0.427446,0.314034,-0.225709,0.170636,-0.0922,-0.203114,-0.28395,0.11668,-0.006483,-0.193208,-0.281853,0.219525,0.329579,-0.528804,0.350345,-0.229073,-0.257982,-0.309801,-0.51627,-0.006483,0.303749,0.143896,0.055599,-0.323887,-0.426923,0.123903,-0.284469,-0.200707,-0.130236,-0.063998,-0.326432,0.187995,0.853622,0.652624,0.735348,-0.456279,-0.394663,-0.168258,0.460483,0.35949,0.215139,0.108035,0.984993,-0.400129,0.198486,-0.674768,0.715258,-0.25208,-0.047487,0.1633,0.324291,-0.654741,-0.594932,-0.391534,-0.577706,0.34828,0.187995,0.281849,-0.386404,-0.079635,-0.528095,-0.427417,-0.399641,-0.427417,0.232805,-0.248322,0.007354,-0.322449,-0.203276,-0.164184,-0.813802,-0.982112,0.649749,-0.238651,-0.690738,-0.612328,-0.475241,-0.523029,-0.64708,0.395496,-0.006483,-0.616719,0.25856,-0.425265,-0.367931,-0.392135,-0.131115,0.187995,-0.663129,-0.45035,0.136134,-0.528095,-0.832703,-0.286203,-0.102266,0.25856,-0.296118,-0.043316,-0.348724,0.187995,-0.813802,-0.616719,-0.734186,-0.12164,-0.470994,0.024471,0.068274,-0.339447,0.187995,-0.585892,-0.089542,-0.585892,0.634144,-0.380079,0.100258,0.252821,-0.982112,-0.315991,-0.630806,-0.427417,-0.052842,-0.35006,-0.329296,-0.521068,-0.145206,0.0,0.544812,-0.406317,-0.281261,-0.445271,-0.436102,-0.654741,-0.654741,0.325113,-0.599911,-0.010785,0.663961,-0.334288,-0.427417,0.057652,-0.391534,0.155582,-0.38657,-0.393807,0.209417,0.0,-0.019334,0.0,0.187995,-0.3712,-0.230385,-0.495918,-0.122907,0.57476,-0.416969,-0.40543,-0.354194,0.57476,-0.690738,0.388352,0.469554,0.381071,-0.331719,0.187446,-0.085815,-0.08849,0.235856,-0.439619,0.301541,-0.395735,-0.255112,0.640998,-0.563918,-0.169265,0.081481,0.349425,-0.476994,-0.448419,0.34822,#
13,0.37096,0.390111,-0.130227,-0.998237,-0.182606,1.0,1.0,0.80482,0.190328,0.787031,-0.094525,0.834596,0.595044,1.0,0.544357,0.401158,-0.076884,0.205814,0.636692,0.267439,0.688064,0.378936,0.378127,0.158207,0.343198,-0.107216,-0.004988,-0.603821,0.443072,0.267439,-0.19407,0.063186,0.094747,-0.076884,-0.545918,-0.042822,0.091751,-0.193852,0.08329,-0.513017,0.267439,0.499177,-0.281458,-0.419861,0.259961,-0.846677,0.21636,-0.16167,-0.112946,0.470274,-0.32821,-0.479406,0.267439,0.432002,0.425482,0.447725,-0.401455,-0.545788,-0.441856,0.496077,0.593547,-0.360033,-0.306501,0.632939,0.002903,0.789296,-0.314888,0.408921,-0.421886,-0.306486,-0.104206,0.544584,-0.407649,-0.031754,-0.138471,-0.348084,-0.366156,-0.407649,-0.119563,-0.13465,-0.035649,-0.834177,-0.60834,0.108177,-0.60834,-0.093975,-0.162603,-0.244023,0.074914,-0.391827,0.097467,-0.796679,-0.611474,0.155358,-0.158589,-0.585127,-0.768106,-0.278726,0.108177,-0.582613,0.152687,0.267439,-0.800131,-0.60834,-0.520984,-0.119563,-0.678202,-0.060443,-0.407649,-0.600635,0.052904,0.401158,-0.834177,-0.439647,0.066508,0.353593,-0.60834,0.097467,0.482906,-0.618519,-0.407649,-0.796679,-0.38309,-0.800607,-0.315735,-0.269027,0.12481,-0.224515,-0.438983,-0.407649,-0.602297,-0.210648,-0.602297,0.13762,-0.661572,-0.058826,0.319368,-0.611474,0.006542,-0.993847,-0.60834,0.171446,-0.611474,-0.583611,-0.8371,-0.360872,0.0,0.82159,-0.674815,0.00226,-0.251624,0.090154,-0.407649,-0.407649,0.121039,-0.6193,0.509724,0.661295,-0.566094,-0.60834,0.026851,-0.138471,-0.407649,-0.407862,-0.058615,0.521262,0.0,0.053015,0.0,0.267439,-0.437791,0.226749,-0.105158,-0.41222,0.587789,-0.531874,-0.150412,-0.231209,0.998316,-0.585127,0.593591,0.265451,-0.320962,0.093487,0.796478,0.189045,0.23352,-0.116521,-0.370046,0.402175,-0.450506,-0.102074,0.423352,-0.080999,-0.800978,-0.12677,0.60357,-0.441152,-0.284495,0.5083,#
14,-0.046965,0.45602,-0.108381,-0.533238,-0.280485,0.544357,0.544357,0.440806,0.126146,0.174476,-0.081393,0.256354,0.393683,0.544357,1.0,0.19682,0.24808,0.258278,0.528545,-0.217758,0.392353,-0.247434,0.448513,0.067823,-0.069293,-0.072747,-0.056962,-0.322549,0.68173,-0.217758,-0.596313,0.010852,-0.427566,0.24808,-0.525605,0.463969,-0.189481,-0.346373,-0.427669,-0.012845,-0.217758,0.248586,0.054683,-0.165664,0.597615,-0.263504,-0.134359,-0.115349,0.207415,0.267971,-0.145542,-0.076538,-0.217758,-0.112367,0.255262,0.600252,0.229463,-0.547934,-0.285243,0.398332,0.30508,-0.204471,0.003011,0.350631,0.560871,0.418377,-0.420536,0.318571,-0.233077,-0.266286,-0.11124,0.159798,-0.217758,-0.253202,0.181771,-0.349598,0.019835,-0.217758,-0.326471,0.16567,-0.267637,-0.238285,-0.324963,0.01358,-0.324963,0.228978,-0.10554,-0.399255,-0.427451,-0.005892,0.044613,-0.42557,-0.326637,0.037592,-0.12451,-0.533396,-0.410307,0.052628,0.01358,-0.531104,0.366066,-0.217758,-0.650189,-0.324963,-0.991914,-0.326471,-0.3706,-0.321746,-0.217758,-0.12451,-0.090165,0.19682,-0.238285,-0.043468,-0.282925,0.161661,-0.324963,0.044613,0.078533,-0.100783,-0.217758,-0.42557,-0.650189,-0.427669,-0.534734,-0.799658,-0.388476,-0.357776,-0.979631,-0.217758,-0.533132,-0.118127,-0.533132,0.128034,-0.347565,-0.324963,0.563938,-0.326637,-0.376553,-0.530894,-0.324963,-0.470229,-0.326637,-0.051803,-0.257719,-0.292948,0.0,0.64396,-0.399255,-0.019204,-0.365752,-0.22618,-0.217758,-0.217758,-0.259309,-0.14234,0.057947,0.516746,-0.1175,-0.324963,-0.121254,0.181771,-0.217758,-0.504027,-0.477512,0.480012,0.0,-0.20111,0.0,-0.217758,-0.167738,-0.099446,-0.326637,-0.238285,0.519043,-0.08552,0.148468,0.084767,0.519043,-0.533396,0.12679,0.363464,0.073431,0.30394,0.410352,0.303385,0.311966,-0.110225,0.246326,0.435962,-0.295066,-0.306565,0.202475,-0.372125,-0.444068,-0.067794,0.305315,-0.253202,0.037592,0.020445,#
15,0.329858,0.332309,0.338609,-0.408127,-0.610691,0.401158,0.401158,0.320822,-0.611243,0.50763,-0.205677,0.484404,0.281992,0.401158,0.19682,1.0,-0.24994,0.677489,0.49135,0.666667,0.572061,0.003875,0.326637,-0.321868,0.324206,-0.402285,-0.138446,-0.246871,0.003866,-0.166667,0.303992,0.408248,0.225249,-0.24994,-0.402285,-0.21144,0.337281,0.451176,-0.327327,-0.407131,-0.166667,0.337281,0.388818,-0.139459,-0.09329,-0.488816,-0.137505,0.129658,-0.096237,0.179605,0.254985,-0.139876,0.666667,0.224231,0.142247,-0.120655,-0.499593,-0.76272,-0.322192,0.102061,0.243716,-0.158943,-0.603446,0.249309,-0.173007,0.136847,-0.321868,0.218308,-0.612373,0.401806,0.367167,0.330149,-0.166667,-0.499748,-0.249873,-0.12804,0.206227,-0.166667,0.356961,0.337506,0.447331,-0.497717,-0.248719,0.358353,-0.248719,-0.249392,-0.406494,-0.135897,0.197531,0.175882,-0.326637,-0.325721,-0.25,0.386103,0.078818,-0.408248,-0.314039,-0.61092,0.358353,0.101623,-0.367291,-0.166667,-0.497639,-0.248719,-0.230245,0.356961,-0.096246,-0.063603,-0.166667,0.078818,0.222778,0.375,-0.497717,-0.324374,0.185923,0.03765,-0.248719,-0.326637,0.424537,-0.752086,-0.166667,-0.325721,-0.497639,-0.327327,-0.521223,-0.12584,-0.121211,0.427768,-0.161291,-0.166667,0.08046,0.087422,0.08046,0.514353,-0.101478,-0.248719,-0.166667,-0.25,0.119243,-0.406333,-0.248719,0.416443,-0.25,-0.13446,-0.02925,0.367284,0.0,0.572366,-0.135897,-0.324609,-0.611014,0.0,-0.166667,-0.166667,0.210966,0.058203,-0.112231,0.534596,-0.25278,-0.248719,0.241293,-0.249873,-0.166667,-0.164426,0.23251,0.23537,0.0,-0.019118,0.0,-0.166667,0.254755,0.095756,-0.25,-0.497717,-0.087838,-0.248272,0.316551,-0.093466,0.418919,-0.408248,0.391254,-0.396258,-0.316279,0.259453,0.337058,-0.367716,0.628547,0.293309,0.006752,0.357028,0.202474,-0.027501,0.190975,0.219886,-0.315235,-0.755295,0.259691,-0.499748,0.386103,0.207617,#
16,0.288961,-0.183967,-0.762708,0.102196,0.432131,-0.076884,-0.076884,-0.190552,0.425832,-0.49976,-0.216548,0.019882,0.304799,-0.076884,0.24808,-0.24994,1.0,-0.403948,-0.07657,-0.166627,0.130269,-0.49976,0.346261,-0.321791,-0.763138,-0.402188,-0.298708,0.472191,0.031904,-0.166627,-0.750352,-0.292977,0.214364,0.350562,0.12694,0.358118,-0.324994,-0.602828,-0.327248,0.639025,-0.166627,-0.501986,-0.082182,-0.067663,-0.043572,0.446885,-0.373779,-0.147136,0.473794,0.209741,0.277558,-0.270544,-0.166627,0.134433,0.171916,0.317394,0.510537,-0.216548,0.13022,0.342121,-0.423827,0.714758,0.297749,0.271806,-0.118615,-0.140103,-0.321791,0.248464,0.48818,-0.437962,-0.261932,-0.4683,-0.166627,-0.499628,-0.249813,-0.761785,0.182704,-0.166627,-0.249813,-0.249401,-0.498827,-0.055137,0.327556,-0.610815,0.327556,0.346498,0.050624,-0.156714,-0.327082,-0.326559,0.165988,0.162633,-0.24994,-0.147947,0.057406,-0.40815,-0.313964,-0.154547,-0.610815,0.050624,0.283644,-0.166627,-0.060214,0.327556,-0.283254,-0.249813,0.294682,-0.572287,-0.166627,0.057406,-0.58992,-0.24994,-0.055137,-0.324297,-0.433015,-0.03432,0.327556,0.165988,-0.590518,0.269776,-0.166627,0.162633,-0.060214,-0.327248,0.058121,-0.611891,-0.611681,-0.153544,-0.305243,-0.166627,-0.407948,-0.407873,-0.407948,-0.134713,0.315713,0.327556,0.650171,-0.24994,-0.969265,0.043983,0.327556,-0.187896,-0.24994,0.276481,-0.049886,-0.452905,0.0,-0.07449,-0.156714,-0.324531,-0.158875,-0.482127,-0.166627,-0.166627,0.137473,-0.40732,-0.121911,0.167162,-0.275018,0.327556,-0.689244,-0.249813,0.682842,-0.65325,-0.929815,-0.353692,0.0,-0.028483,0.0,-0.166627,-0.275438,-0.452651,-0.24994,-0.055137,-0.132189,0.228495,-0.248659,0.373121,-0.132189,-0.40815,-0.39942,0.07125,0.749342,0.216733,-0.247848,-0.378935,-0.430984,-0.271114,0.478603,-0.237247,-0.437595,-0.052427,0.133672,-0.525458,0.233468,0.277127,-0.40217,-0.499628,-0.147947,-0.327075,#
17,-0.287758,0.059125,0.520613,-0.21836,-0.986985,0.205814,0.205814,0.504902,-0.235648,0.38013,-0.410058,0.043988,0.439876,0.205814,0.258278,0.677489,-0.403948,1.0,0.241718,0.465263,0.188953,0.38013,0.052093,-0.139435,0.521631,0.143563,0.208498,-0.398987,-0.063803,-0.269363,0.340842,0.184582,-0.041837,0.136889,-0.650164,0.048325,-0.022448,0.367103,-0.529019,-0.657996,-0.269363,0.506141,0.657309,0.341882,-0.208711,-0.337334,0.219988,-0.063265,-0.524739,-0.438553,0.003691,0.127875,0.465264,0.324266,0.252613,0.116743,-0.496138,-0.410058,-0.047338,-0.001664,0.411103,-0.277637,-0.203943,0.387275,-0.060542,-0.080785,-0.520196,0.331861,-0.553724,0.529553,0.473527,0.418949,-0.269363,-0.496012,-0.007576,0.028218,0.433214,0.438055,0.676561,0.095104,0.450988,-0.041004,-0.401974,0.177805,-0.401974,0.029517,-0.325165,-0.130893,-0.066207,0.378598,-0.527904,-0.526423,-0.404045,0.672762,-0.244772,-0.226599,0.014043,-0.219887,0.177805,-0.209035,-0.14785,-0.269363,-0.367259,0.173856,-0.285259,0.131116,-0.071589,-0.007268,0.438055,-0.244772,0.087285,0.126519,-0.041004,-0.227703,-0.03864,-0.044152,0.173856,-0.527904,0.265773,-0.409907,0.438055,-0.526423,-0.804273,-0.065905,-0.243998,-0.12354,0.205039,0.291614,-0.211927,0.438055,0.210255,0.546131,0.210255,0.727302,-0.080688,-0.401974,-0.269363,-0.404045,0.285819,-0.206789,-0.401974,-0.172301,0.126519,-0.188697,0.040589,0.476553,0.0,0.407238,-0.130893,-0.208926,-0.54711,-0.370014,-0.269363,-0.269363,-0.004038,0.18148,-0.243357,0.359616,0.03714,-0.401974,0.604374,-0.007576,-0.269363,0.042948,0.248678,0.293346,0.0,0.02372,0.0,-0.269363,0.379739,-0.212596,-0.404045,-0.041004,0.208255,-0.305641,0.077885,-0.557041,0.2248,-0.226599,0.417381,0.106849,-0.066882,-0.140867,0.064742,-0.085807,0.558558,0.525566,-0.377627,0.491377,0.385668,-0.46253,0.271971,-0.078856,-0.045061,-0.441329,0.39321,-0.067009,0.211845,0.291895,#
18,0.424257,0.794358,-0.156454,-0.62357,-0.231005,0.636692,0.636692,0.419904,-0.241769,0.429184,-0.153429,0.534276,0.141969,0.636692,0.528545,0.49135,-0.07657,0.241718,1.0,0.313803,0.783419,-0.020096,-0.035412,0.129894,-0.046497,-0.129882,0.318549,-0.595287,0.35154,0.313803,-0.279665,0.445745,0.159898,-0.07657,-0.579967,-0.135495,0.101126,-0.150982,-0.320763,-0.177439,0.313803,0.502204,-0.256487,-0.186568,0.645916,-0.434489,-0.16957,-0.201294,-0.038298,0.422493,-0.327529,-0.090097,0.313803,-0.016357,0.417569,0.07695,-0.090449,-0.650234,-0.513193,0.161821,0.583808,-0.399013,-0.399084,0.19416,0.420987,0.728792,-0.355476,0.350376,-0.220821,-0.412806,-0.071715,0.110031,-0.401888,-0.105167,0.244076,-0.361619,-0.311378,-0.401888,-0.081359,-0.078039,0.068008,-0.513863,-0.599743,0.071411,-0.12921,-0.163728,-0.182453,-0.589224,0.138856,0.052702,-0.356052,-0.386698,-0.169289,-0.259658,-0.078306,-0.192164,-0.331044,0.066305,0.525489,-0.170605,0.081734,0.313803,-0.400746,-0.599743,-0.506892,0.364345,-0.262879,-0.214294,-0.401888,-0.168428,-0.000796,0.49135,-0.513863,-0.077146,0.125899,0.753037,-0.599743,0.129473,0.284937,-0.643299,-0.401888,-0.386698,-0.400746,-0.410865,-0.376985,-0.25904,-0.283701,-0.145198,-0.498361,-0.401888,-0.205595,-0.231018,-0.205595,-0.179186,-0.249628,-0.017178,0.313803,-0.169289,0.00411,-0.612157,-0.599743,0.037885,-0.602832,-0.060912,-0.416429,-0.463846,0.0,0.466356,-0.677051,-0.463347,-0.271899,0.109515,-0.401888,-0.401888,0.180703,-0.203789,0.528606,0.242548,-0.628323,-0.599743,-0.225448,0.244076,-0.401888,-0.42666,-0.031652,0.54326,0.0,0.114934,0.0,-0.401888,0.161181,0.294158,-0.066064,-0.066527,0.201093,-0.045631,0.374932,-0.230891,0.636311,-0.192164,0.129487,-0.199497,-0.313176,0.597981,0.78907,0.144565,0.612933,-0.153121,0.033008,0.367518,0.071419,-0.310445,0.423396,-0.102388,-0.785534,-0.573824,0.599394,-0.539187,0.116976,0.023691,#
19,0.206162,0.221539,0.225739,-0.272085,-0.407127,0.267439,0.267439,0.213882,-0.407495,0.33842,-0.50848,0.322936,0.187995,0.267439,-0.217758,0.666667,-0.166627,0.465263,0.313803,1.0,0.381374,0.33842,0.217758,-0.214579,0.202458,-0.26819,0.311505,-0.164581,-0.332455,-0.111111,0.224221,0.272166,0.518497,-0.166627,-0.26819,-0.507455,0.224854,0.300784,-0.218218,-0.27142,-0.111111,0.224854,0.259212,-0.092973,-0.400199,-0.325878,0.305566,0.086439,-0.384949,0.119737,0.16999,-0.497336,1.0,0.336346,0.074216,-0.498089,-0.333062,-0.50848,0.22743,0.068042,0.146854,-0.105962,-0.402298,0.166206,-0.485012,0.120661,-0.214579,0.145539,-0.294846,0.285042,0.244778,0.236525,-0.111111,-0.333165,-0.166582,-0.298762,-0.217315,-0.111111,0.642529,-0.166307,0.317338,-0.331811,-0.165812,0.258484,-0.165812,-0.166261,-0.270996,-0.405723,0.481481,-0.217758,-0.217758,-0.217147,-0.166667,0.277512,-0.270811,-0.272166,-0.209359,-0.40728,0.258484,0.406494,-0.663702,-0.111111,-0.331759,-0.165812,0.199131,0.642529,0.276707,-0.381616,-0.111111,-0.270811,0.28901,-0.166667,-0.331811,-0.21625,0.147785,0.380687,-0.165812,-0.217758,0.303534,-0.501391,-0.111111,-0.217147,-0.331759,-0.218218,0.216612,0.240239,0.24627,0.285179,0.284802,-0.111111,0.37931,0.388544,0.37931,0.203349,0.270609,-0.165812,-0.111111,-0.166667,0.079495,-0.270888,-0.165812,0.300385,-0.166667,-0.489819,-0.331503,0.261627,0.0,0.328581,-0.405723,-0.216406,-0.407343,-0.321495,-0.111111,-0.111111,0.164893,-0.271612,0.255271,0.338927,-0.50556,-0.165812,0.321724,-0.166582,-0.111111,-0.292314,0.178492,-0.210853,0.0,0.305888,0.0,-0.111111,0.169837,-0.255348,-0.166667,-0.331811,-0.396396,-0.505031,-0.165812,-0.396119,0.279279,-0.272166,0.51164,-0.264172,-0.210853,0.172969,0.224705,-0.629684,0.419031,0.216794,-0.33309,0.238018,0.159086,-0.362092,0.127317,0.383027,-0.210157,-0.50353,0.173127,-0.333165,0.277512,0.494925,#
20,0.518922,0.578576,-0.380313,-0.66524,-0.09386,0.688064,0.688064,0.559503,-0.09973,0.385291,-0.352711,0.822785,0.383442,0.688064,0.392353,0.572061,0.130269,0.188953,0.783419,0.381374,1.0,-0.009474,0.12549,-0.030414,0.05956,-0.19742,0.13643,-0.402395,0.055983,0.407495,-0.26985,0.177209,0.349833,0.130269,-0.655717,-0.290295,-0.167531,-0.156757,-0.088923,-0.177922,0.407495,0.242351,-0.213347,-0.342067,0.346967,-0.445741,-0.033045,-0.520222,-0.041227,0.349052,-0.051877,-0.246994,0.381374,0.318634,0.285172,0.19972,-0.362454,-0.789235,-0.649923,0.614241,0.37595,-0.231173,-0.645542,0.44845,0.155322,0.485968,-0.524639,0.255205,0.01493,-0.500406,-0.347276,0.409164,-0.271664,-0.402713,-0.407288,-0.499685,-0.114273,-0.271664,0.068254,0.053357,0.348931,-0.81127,-0.405407,-0.236258,-0.405407,-0.406504,-0.224107,-0.188173,0.330679,-0.138616,-0.091361,-0.530919,-0.407495,-0.213121,0.162681,-0.249539,-0.511878,-0.160493,0.194641,-0.264394,-0.024541,0.407495,-0.391586,-0.405407,-0.366517,0.068254,-0.193648,-0.067785,-0.271664,-0.282031,-0.324812,0.591652,-0.81127,-0.528725,0.33107,0.406572,-0.405407,0.369381,0.284085,-0.762664,-0.271664,-0.530919,-0.391586,-0.533537,-0.534491,-0.197048,-0.18943,-0.176625,-0.299112,-0.271664,-0.282292,-0.276773,-0.282292,-0.098049,-0.175699,0.147421,0.459738,-0.407495,-0.177788,-0.662315,-0.405407,0.226194,-0.407495,0.004365,-0.443767,-0.529748,0.0,0.476939,-0.621562,-0.529107,-0.1684,0.034012,-0.271664,-0.271664,0.372375,-0.299202,0.236119,0.262696,-0.839901,-0.405407,-0.394384,-0.407288,-0.271664,-0.603027,-0.088121,0.366358,0.0,0.451249,0.0,-0.271664,-0.014742,0.141072,0.101874,-0.386768,0.285713,0.078222,0.037564,-0.136653,0.68283,-0.249539,0.000944,-0.196166,-0.031356,0.422903,0.549399,-0.052434,0.15719,-0.412331,0.026879,0.13658,-0.149374,-0.060989,0.311286,-0.241904,-0.513828,-0.326541,0.423292,-0.81458,-0.213121,-0.114184,#
