0,1.0,0.401396,-0.035814,-0.509573,0.401396,0.0,0.204045,0.673652,0.825937,-0.031188,-0.488557,0.199655,0.226972,0.655887,0.215608,-0.333008,0.022007,0.457414,0.178658,0.317399,0.050138,0.516303,0.38518,0.516303,-0.333008,-0.481628,0.37528,-0.093306,0.50876,0.413189,-0.55167,0.169082,0.516303,2.4e-05,-0.050772,0.232816,-0.430967,-0.41,-0.031188,0.656959,0.343588,-0.050772,-0.21183,0.224572,0.0,-0.38252,0.086378,0.49716,-0.15421,-0.135909,0.081977,-0.42533,-0.252175,0.622703,-0.344312,-0.325844,0.035439,-0.214558,0.594269,0.463204,0.423477,0.008526,-0.430967,0.29094,0.515542,0.711042,0.076234,0.50876,0.688451,-0.230278,-0.08442,-0.314551,-0.333008,0.194521,-0.0243,0.347332,-0.01235,-0.216468,-0.246533,-0.409509,-0.002246,-0.260749,-0.194058,-0.540337,-0.014011,-0.20173,-0.035136,-0.017638,0.215246,-0.630864,-0.578718,-0.630864,-0.45258,0.598178,-0.435001,-0.440204,0.384026,-0.245116,-0.269856,-0.435211,0.463204,-0.026474,-0.20173,-0.043224,-0.245116,-0.002246,-0.144224,-0.587656,-0.245116,-0.316838,0.384026,0.0,-0.246533,0.169189,-0.540337,-0.026414,-0.499512,-0.389378,-0.140767,-0.230363,-0.499512,-0.601521,-0.202734,-0.470061,0.330838,-0.210878,-0.333008,0.000999,-0.42533,-0.65367,-0.662136,-0.333008,0.0277,-0.080622,0.16365,-0.194058,0.474205,-0.630864,-0.368616,-0.37478,0.215246,-0.493719,-0.813834,-0.053171,-0.630417,-0.36929,-0.630864,0.437955,-0.503766,-0.578718,-0.033949,-0.230363,-0.210878,0.0,-0.417162,-0.333008,0.501765,0.554182,-0.254837,-0.042092,-0.216468,-0.245116,-0.435001,0.08761,-0.212071,0.414979,-0.333008,0.004942,-0.630864,-0.040315,-0.037527,0.588832,-0.252854,-0.417162,0.647203,-0.37478,-0.499512,-0.213221,0.489168,-0.800468,-0.122554,0.056714,0.237659,0.21051,0.316629,-0.17497,0.229381,0.205643,-0.276617,0.647203,-0.032204,0.006319,0.604462,0.19028,-0.228293,0.441913,0.489168,-0.627008,-0.528615,0.516084,#
1,0.401396,1.0,0.06694,-0.3871,0.60092,0.0,0.376605,0.129956,0.214081,0.388763,-0.597889,-0.400845,0.323636,0.79502,0.416424,-0.407531,-0.125883,0.564532,0.278424,0.258369,0.317638,0.389089,0.568355,0.389089,-0.407531,-0.286549,0.13849,0.413225,0.613838,0.556371,-0.779199,-0.012634,0.389089,9.6e-05,0.127391,0.072833,-0.32439,-0.242953,0.425484,0.560686,-0.161199,0.127391,-0.014058,0.733444,0.0,-0.174431,0.242637,0.577776,-0.052268,0.476174,0.731218,-0.308586,-0.090587,0.397699,0.42509,-0.37987,-0.2572,0.55533,0.007981,-0.138576,0.5607,0.427878,-0.32439,0.913191,0.071726,0.775782,-0.100785,0.613838,0.843224,-0.138568,-0.251727,-0.219651,-0.407531,-0.579872,0.251604,0.421592,-0.191435,-0.027799,-0.467392,-0.704778,-0.628896,-0.437091,-0.799952,-0.472473,-0.177143,-0.461418,-0.295245,-0.505152,-0.389443,-0.007041,-0.792115,-0.007041,-0.59651,0.34108,-0.608384,-0.165176,0.528834,-0.39839,0.315084,-0.252669,-0.138576,-0.126932,-0.845385,-0.223045,-0.38166,-0.613567,-0.499934,-0.416826,-0.38166,-0.123346,0.528834,0.0,-0.05858,-0.445901,-0.472473,-0.204826,-0.611296,-0.561654,0.240335,-0.421536,-0.611296,-0.391008,-0.338277,-0.657486,0.461962,-0.021145,-0.407531,-0.31307,-0.287773,-0.329392,-0.551054,-0.407531,-0.598237,-0.563619,-0.018015,-0.799952,0.410686,-0.406029,-0.277863,-0.363397,-0.389443,0.286191,-0.611304,0.060431,-0.534817,-0.310204,-0.42105,0.444926,-0.435031,-0.792115,-0.310741,-0.008361,-0.035983,0.0,-0.671278,0.258369,0.5541,0.618882,-0.581418,-0.105371,-0.04319,-0.39839,-0.194749,0.437805,-0.582434,0.673141,-0.407531,0.204533,-0.42105,0.407825,-0.27023,0.481508,0.508641,-0.68645,0.794772,-0.363397,-0.111871,-0.346843,0.601762,-0.125534,-0.341035,0.33485,0.119448,0.407556,0.391638,-0.079065,0.018437,-0.171741,-0.091008,0.794772,0.032383,0.578309,0.437704,0.349237,-0.055495,-0.134181,0.601762,-0.437534,-0.661726,0.446464,#
2,-0.035814,0.06694,1.0,0.425703,0.06694,0.0,-0.047398,-0.184729,-0.126679,0.208978,0.249855,0.000834,-0.340575,0.205807,-0.038574,0.170305,-0.635319,-0.147541,0.301567,0.170305,-0.180947,-0.453687,0.607696,-0.453687,0.170305,0.021358,0.6072,0.250927,-0.251427,0.072633,0.026325,0.530126,-0.453687,-0.000116,0.251499,-0.274522,-0.337461,0.055903,0.255203,-0.212315,0.38807,0.251499,0.025177,0.119658,0.0,-0.399916,0.098418,0.105479,-0.343362,0.149305,-0.325245,0.346197,-0.044968,-0.067544,-0.261413,-0.319087,-0.383631,-0.257574,-0.510313,-0.225377,0.081074,0.257274,-0.337461,0.149305,-0.351842,0.187378,-0.676453,-0.251427,0.032598,0.622387,0.06709,0.002884,0.170305,-0.284467,-0.071398,-0.211166,-0.605601,-0.485175,-0.039571,0.13477,-0.110497,-0.008679,0.35613,0.373777,-0.066376,-0.006229,0.607787,-0.231895,-0.189878,0.009627,0.041076,0.009627,-0.109704,0.011471,-0.102031,-0.094316,0.122656,0.293916,-0.338699,-0.376439,-0.225377,0.255311,0.030012,0.378709,-0.223275,-0.073511,0.161593,0.206391,0.334282,0.177854,0.122656,0.0,-0.039571,0.018397,0.373777,-0.589046,-0.371137,-0.059554,0.578169,-0.496569,-0.371137,-0.461511,0.355725,-0.151167,-0.396975,0.035578,0.170305,-0.352386,0.396413,-0.201839,0.259545,-0.665155,-0.554336,-0.326529,-0.509117,0.35613,0.210275,0.009627,0.614132,-0.125148,0.35616,0.183837,-0.109704,-0.473562,-0.249751,0.688143,-0.026615,0.393096,-0.168256,0.041076,-0.435147,0.021814,0.494288,0.0,0.139449,0.170305,0.144969,0.347148,0.215467,0.254837,-0.522308,0.293916,0.416929,-0.382592,-0.267161,-0.160886,-0.665155,0.363661,-0.026615,0.254907,0.068359,0.355324,0.294391,0.102843,0.175036,-0.125148,0.255458,-0.215228,0.32841,0.061716,-0.015456,-0.139966,-0.234829,-0.057916,-0.229299,0.033735,-0.490861,-0.316111,-0.333883,0.175036,-0.222317,0.047585,0.004018,0.748316,0.465484,-0.585129,0.32841,0.00367,0.265429,-0.392452,#
3,-0.509573,-0.3871,0.425703,1.0,-0.3871,0.0,-0.513608,-0.201067,-0.591133,-0.330873,0.232715,0.027683,-0.297772,-0.286104,-0.497547,0.158622,-0.140961,-0.15343,-0.21442,0.158622,-0.185537,-0.996987,0.146779,-0.996987,0.158622,0.049462,0.140601,0.233714,-0.212129,-0.393465,0.511449,0.494861,-0.996987,0.0,0.292118,-0.767851,0.274205,0.080265,0.237696,-0.228293,-0.11093,0.292118,0.514108,-0.406432,0.0,-0.013312,0.083196,-0.441652,0.214856,-0.35311,-0.281972,0.335598,0.480098,-0.063055,-0.216103,0.159848,0.084806,-0.21273,-0.019012,-0.21273,-0.379112,0.239304,0.274205,-0.35311,-0.304604,-0.3119,-0.164495,-0.212129,-0.366565,0.596768,0.091763,0.757722,0.158622,0.226974,-0.072921,-0.226635,-0.101179,-0.001146,-0.001146,0.602517,-0.066186,0.474739,0.332919,0.418078,0.428264,0.03019,0.148134,-0.203759,0.33297,0.495336,0.514841,0.495336,0.387655,-0.456461,0.388327,0.408525,-0.334653,-0.206737,-0.283719,0.123231,-0.21273,0.237797,0.495336,-0.101179,0.31135,0.408525,0.190943,0.732963,0.31135,0.226974,-0.334653,0.0,-0.001146,0.494643,0.418078,-0.077541,0.237933,0.428217,0.098293,-0.006947,0.237933,0.03019,0.353669,-0.046379,-0.347688,0.514733,0.158622,-0.329936,0.980099,0.332919,0.768735,0.158622,-0.066186,-0.218637,-0.012897,0.332919,-0.329886,0.495336,0.589034,-0.066989,0.33297,0.49285,0.405275,-0.392591,0.265915,0.657832,0.03019,-0.10582,0.418078,0.514841,-0.396331,-0.006947,0.055229,0.0,0.622311,0.158622,-0.378948,-0.41649,0.2618,0.237355,-0.477744,-0.206737,0.388327,-0.323039,0.235986,-0.634106,0.158622,-0.202812,0.03019,0.262559,0.103535,-0.339028,-0.174413,0.152472,-0.320019,-0.066989,0.237933,0.318076,-0.246424,0.578189,-0.024221,-0.161282,-0.250284,-0.50488,-0.168645,-0.255288,-0.005871,-0.283719,0.105177,-0.320019,-0.169702,-0.416355,-0.024041,0.230411,0.001555,-0.113771,-0.246424,0.475597,0.306884,-0.401727,#
4,0.401396,0.60092,0.06694,-0.3871,1.0,0.0,0.376605,0.129956,0.214081,0.388763,-0.016375,-0.008229,-0.106823,0.369712,0.416424,-0.407531,0.269677,0.053963,-0.151031,0.258369,-0.127441,0.389089,0.169274,0.389089,-0.407531,-0.395836,0.13849,-0.161098,0.125611,0.162341,-0.460169,-0.421207,0.389089,9.6e-05,-0.009884,0.508435,-0.454216,-0.364534,-0.093399,0.560686,-0.161199,-0.009884,-0.416598,0.733444,0.0,-0.286198,0.127315,0.235921,-0.052268,0.476174,0.236349,-0.428658,-0.090587,0.036738,0.42509,-0.48407,-0.659656,0.55533,0.007981,-0.138576,0.172145,-0.080067,-0.454216,0.476174,-0.053232,0.429389,0.217932,0.125611,0.435041,-0.294496,-0.671972,-0.375579,0.258369,-0.134864,0.251604,0.421592,0.228379,-0.436611,-0.05858,-0.704778,-0.628896,-0.023915,-0.372627,-0.472473,-0.177143,-0.860406,0.111363,-0.505152,-0.389443,-0.406029,-0.402069,-0.406029,-0.177335,-0.06714,-0.194749,-0.165176,0.118474,0.046008,-0.127011,0.158292,-0.138576,-0.126932,-0.446397,0.19677,-0.38166,-0.613567,-0.499934,-0.625083,0.062739,0.321663,0.118474,0.0,-0.467392,-0.445901,-0.472473,0.220851,-0.611296,-0.561654,-0.187396,-0.008361,-0.611296,0.00798,-0.338277,-0.23314,0.29158,-0.415294,-0.407531,-0.440923,-0.407846,0.097933,-0.551054,-0.407531,-0.598237,-0.46867,-0.018015,-0.372627,0.410686,-0.007041,-0.433384,-0.363397,-0.389443,0.038407,-0.19213,-0.314138,-0.534817,-0.310204,-0.022062,0.271848,-0.435031,-0.402069,0.108913,-0.008361,-0.430132,0.0,-0.268265,-0.407531,0.645879,0.618882,-0.146913,-0.105371,-0.04319,0.046008,-0.194749,-0.016017,-0.582434,0.25144,-0.407531,0.618076,-0.022062,0.407825,-0.27023,0.506477,0.073424,-0.283437,0.356095,-0.363397,-0.611296,-0.790093,0.601762,-0.125534,0.065686,0.253602,0.561848,0.816134,0.391638,-0.079065,0.018437,-0.171741,0.272609,0.356095,-0.468072,0.578309,0.034011,0.349237,0.368878,-0.134181,0.601762,-0.437534,-0.661726,0.446464,#
5,0.0,0.0,0.0,0.0,0.0,0.0,0.0,0.0,0.0,0.0,0.0,0.0,0.0,0.0,0.0,0.0,0.0,0.0,0.0,0.0,0.0,0.0,0.0,0.0,0.0,0.0,0.0,0.0,0.0,0.0,0.0,0.0,0.0,0.0,0.0,0.0,0.0,0.0,0.0,0.0,0.0,0.0,0.0,0.0,0.0,0.0,0.0,0.0,0.0,0.0,0.0,0.0,0.0,0.0,0.0,0.0,0.0,0.0,0.0,0.0,0.0,0.0,0.0,0.0,0.0,0.0,0.0,0.0,0.0,0.0,0.0,0.0,0.0,0.0,0.0,0.0,0.0,0.0,0.0,0.0,0.0,0.0,0.0,0.0,0.0,0.0,0.0,0.0,0.0,0.0,0.0,0.0,0.0,0.0,0.0,0.0,0.0,0.0,0.0,0.0,0.0,0.0,0.0,0.0,0.0,0.0,0.0,0.0,0.0,0.0,0.0,0.0,0.0,0.0,0.0,0.0,0.0,0.0,0.0,0.0,0.0,0.0,0.0,0.0,0.0,0.0,0.0,0.0,0.0,0.0,0.0,0.0,0.0,0.0,0.0,0.0,0.0,0.0,0.0,0.0,0.0,0.0,0.0,0.0,0.0,0.0,0.0,0.0,0.0,0.0,0.0,0.0,0.0,0.0,0.0,0.0,0.0,0.0,0.0,0.0,0.0,0.0,0.0,0.0,0.0,0.0,0.0,0.0,0.0,0.0,0.0,0.0,0.0,0.0,0.0,0.0,0.0,0.0,0.0,0.0,0.0,0.0,0.0,0.0,0.0,0.0,0.0,0.0,0.0,0.0,0.0,0.0,0.0,0.0,0.0,0.0,0.0,0.0,0.0,0.0,#
6,0.204045,0.376605,-0.047398,-0.513608,0.376605,0.0,1.0,-0.206327,0.396805,-0.039136,0.09309,-0.242918,0.19949,0.180082,0.574769,-0.33312,0.025012,-0.0334,0.134746,0.33312,0.149178,0.500956,-0.055261,0.500956,-0.33312,-0.025878,-0.42737,0.083798,-0.037515,0.387609,-0.670306,-0.19653,0.500956,0.0,0.116285,0.655132,0.086595,0.340253,0.019967,0.218595,0.019354,0.116285,-0.209118,0.817124,0.0,0.083868,0.363284,0.469587,0.170459,0.263744,0.051097,-0.531391,-0.542068,-0.018459,0.313275,0.361549,0.016726,0.387184,-0.183051,0.387184,-0.022081,-0.01807,0.086595,0.263744,0.491336,0.140014,0.3986,-0.037515,0.242993,-0.352058,0.018921,-0.433182,0.33312,-0.218951,-0.020905,0.319861,0.411135,0.195849,0.165052,-0.023965,-0.446703,-0.194535,-0.226346,-0.077264,-0.436711,-0.238106,-0.063176,0.445741,-0.243334,-0.223078,-0.608324,-0.223078,-0.394719,0.564593,-0.012172,-0.431365,0.350192,0.192497,0.169123,-0.0208,0.387184,-0.015133,-0.223078,0.379509,-0.23539,-0.431365,0.27331,-0.76834,0.209236,-0.252475,0.350192,0.0,0.165052,-0.61176,-0.077264,0.403347,-0.49968,-0.81542,0.034236,-0.178972,-0.49968,-0.20805,-0.653903,-0.051447,0.527885,-0.231971,-0.33312,0.50272,-0.510568,-0.226346,-0.253838,-0.33312,-0.416028,0.414191,-0.193537,-0.226346,-0.058131,-0.223078,-0.493771,0.234468,-0.243334,-0.135111,-0.394719,0.379757,-0.237592,-0.335472,-0.238106,0.376349,-0.039803,-0.608324,0.382822,0.234415,-0.246817,0.0,-0.438798,0.33312,0.559525,0.518437,-0.284874,-0.498465,0.589471,0.192497,0.401674,0.26709,0.197204,0.410842,-0.33312,0.418622,-0.238106,-0.02933,-0.015033,0.433189,0.175713,-0.453978,0.23536,0.234468,-0.0,-0.220629,0.52002,-0.314246,-0.135304,0.411324,0.240125,0.206437,0.357504,0.372804,-0.168185,0.611445,-0.426169,0.23536,-0.073634,0.419702,0.231737,0.224681,0.165263,-0.376664,0.52002,0.190247,-0.063557,0.037879,#
7,0.673652,0.129956,-0.184729,-0.201067,0.129956,0.0,-0.206327,1.0,0.37078,-0.326925,-0.320074,0.261628,-0.033062,0.470522,0.261628,-0.218168,0.36963,0.250916,-0.101448,-0.218168,0.357323,0.243664,0.129956,0.243664,-0.218168,-0.435028,0.087415,0.134077,0.380171,0.100335,-0.183644,0.209002,0.243664,5e-05,-0.364735,0.060338,-0.244439,-0.790976,0.209398,0.548104,-0.180502,-0.364735,-0.220299,-0.09702,0.0,0.081657,0.13569,0.018264,-0.030693,0.044948,-0.111236,-0.158103,-0.295245,0.385388,-0.472982,-0.207512,0.100016,-0.354399,0.653094,0.365042,0.557356,0.272135,-0.244439,0.044948,0.293057,0.507393,-0.050595,0.380171,0.603235,-0.426691,-0.451831,0.161774,-0.218168,0.404499,-0.114159,0.225183,-0.107945,-0.239055,-0.653935,-0.335556,-0.06874,-0.244731,0.059629,-0.73564,-0.075441,-0.198075,-0.335075,-0.215064,0.069118,-0.6536,-0.20867,-0.6536,-0.119029,0.227356,-0.534103,-0.533631,0.086194,-0.428229,-0.548204,-0.382874,0.365042,-0.327064,-0.198075,-0.533992,-0.428229,-0.06874,-0.438504,-0.00421,-0.428229,-0.555182,0.086194,0.0,-0.653935,0.21609,-0.73564,-0.128249,-0.327252,-0.082085,-0.503575,0.174578,-0.327252,-0.248689,0.050425,-0.531577,0.0802,-0.203269,-0.218168,-0.275633,-0.158103,-0.428247,-0.505046,-0.218168,0.344496,-0.227864,0.184839,0.059629,0.275614,-0.6536,-0.417084,-0.513159,0.069118,-0.596014,-0.533177,-0.335019,-0.067339,-0.514847,-0.6536,0.393348,-0.230979,-0.20867,-0.374798,0.174578,-0.203269,0.0,-0.339879,-0.218168,0.424271,0.266445,-0.500419,0.196545,-0.239055,-0.428229,-0.534103,-0.213672,-0.05157,0.392952,-0.218168,-0.526014,-0.6536,-0.326546,0.098584,0.381385,-0.427769,-0.339879,0.439014,-0.513159,-0.327252,0.053999,0.33763,-0.343567,0.254911,0.421526,0.548123,0.255227,0.230227,-0.198829,0.222942,-0.043464,0.218874,0.439014,-0.222809,0.123986,0.651994,-0.035071,-0.624785,0.815372,0.33763,-0.654133,-0.600641,0.769206,#
8,0.825937,0.214081,-0.126679,-0.591133,0.214081,0.0,0.396805,0.37078,1.0,0.057289,-0.398936,-0.019493,0.532765,0.512497,-0.019493,-0.271921,-0.216415,0.390545,0.482976,0.401151,0.206492,0.602789,0.214081,0.602789,-0.271921,-0.567857,0.262066,-0.400648,0.388945,0.661136,-0.354971,0.011627,0.602789,-4.9e-05,-0.052356,0.348361,-0.05214,-0.176892,-0.407475,0.347649,0.514876,-0.052356,-0.001189,0.192694,0.0,-0.476511,0.334638,0.741564,-0.315272,-0.328643,-0.07403,-0.520659,-0.358367,0.629647,-0.414997,-0.038674,0.286756,-0.357953,0.428189,0.343427,0.279191,-0.386241,-0.05214,0.113081,0.551274,0.557117,0.236888,0.388945,0.42603,-0.269089,0.160139,-0.351045,-0.271921,0.118959,0.136832,0.307837,0.149167,-0.021682,-0.052794,-0.157078,0.159983,-0.42077,-0.058132,-0.143813,0.163216,-0.006168,0.214487,0.377781,0.365276,-0.435074,-0.380982,-0.435074,-0.664545,0.805526,-0.272201,-0.277743,0.632321,-0.127886,0.019241,-0.199484,0.343427,0.081578,0.009015,0.117217,-0.110975,0.175477,0.150316,-0.687388,-0.110975,-0.41022,0.632321,0.0,-0.052794,0.028793,-0.143813,0.135153,-0.407882,-0.22501,0.096234,-0.405048,-0.407882,-0.419892,-0.067108,-0.323453,0.391391,-0.000563,-0.271921,0.380713,-0.499622,-0.533761,-0.352863,-0.271921,0.190972,0.306599,-0.00209,-0.058132,0.03781,-0.435074,-0.414997,0.209711,0.365276,-0.619871,-0.664545,0.223123,-0.33645,-0.381744,-0.450257,0.414263,-0.105967,-0.380982,0.199711,-0.405048,-0.015561,0.0,-0.165146,-0.271921,0.457158,0.498562,0.051772,-0.40689,-0.037238,-0.127886,-0.272201,0.376682,0.096171,0.182752,-0.271921,0.160708,-0.450257,0.067083,-0.181805,0.554938,-0.135698,-0.180482,0.550815,0.209711,-0.407882,-0.070564,0.424972,-0.954233,0.072148,-0.184284,-0.041363,0.020649,0.292472,0.27275,0.438376,0.51131,-0.566212,0.550815,0.362423,-0.149352,0.448743,0.092509,-0.021777,0.220591,0.424972,-0.430907,-0.174144,0.135118,#
9,-0.031188,0.388763,0.208978,-0.330873,0.388763,0.0,-0.039136,-0.326925,0.057289,1.0,-0.244273,-0.046336,0.316005,0.303716,-0.046336,-0.1665,-0.407489,0.289694,0.362515,-0.1665,0.035241,0.312222,0.388763,0.312222,-0.1665,-0.093819,0.401584,-0.245321,0.226571,0.415371,0.044671,-0.499006,0.312222,0.0,0.217384,0.175139,-0.445802,-0.124205,-0.249501,-0.32677,0.09136,0.217384,0.024001,0.227529,0.0,-0.591524,-0.044488,0.427384,-0.751758,0.351415,0.274199,0.325245,-0.065025,0.082231,0.197023,-0.724297,-0.611516,0.195062,-0.498911,-0.672452,0.401826,-0.248366,-0.445802,0.351415,-0.378055,0.330856,-0.402884,0.226571,0.090835,0.253422,-0.120839,-0.557528,-0.1665,-0.759248,0.161589,0.236612,-0.407529,-0.499066,-0.03728,-0.610881,0.052703,-0.498316,-0.326827,0.251603,0.145125,-0.048121,0.409062,-0.424787,-0.326463,0.050468,0.037863,0.050468,-0.406908,-0.037226,-0.407614,0.153319,0.418873,0.175172,0.347228,-0.044729,-0.672452,-0.249607,-0.498811,0.066687,-0.326813,-0.407254,-0.218886,-0.113257,-0.326813,0.356061,0.418873,0.0,-0.03728,-0.497626,0.251603,-0.406959,-0.24975,0.137407,0.480642,-0.498316,-0.24975,0.050468,0.250367,0.013731,0.092304,0.044059,-0.1665,-0.376159,-0.299226,0.261462,-0.167473,-0.1665,-0.407254,-0.449495,-0.498438,-0.326827,0.300499,0.050468,0.259241,0.179695,-0.326463,0.207551,0.073983,-0.187313,-0.167473,0.180019,0.501158,0.124058,-0.310115,0.037863,-0.137026,-0.498316,0.489282,0.0,-0.055719,-0.1665,0.162167,0.421278,0.328484,-0.249143,-0.03728,0.175172,-0.407614,0.403161,-0.76118,0.080399,-0.1665,0.656903,0.501158,0.436854,-0.12612,0.318407,0.764306,0.399518,0.303007,0.179695,-0.24975,-0.310322,0.221039,0.00377,0.033051,-0.391404,-0.309727,0.480152,0.127039,0.367346,0.013558,-0.261396,-0.090918,0.303007,0.26057,0.386154,-0.478196,0.312573,0.491368,-0.407437,0.221039,-0.499218,0.057893,-0.249565,#
10,-0.488557,-0.597889,0.249855,0.232715,-0.016375,0.0,0.09309,-0.320074,-0.398936,-0.244273,1.0,0.083846,-0.746059,-0.745462,0.083846,0.496796,0.177434,-0.966242,-0.297568,-0.163011,-0.390421,-0.243946,-0.597889,-0.243946,0.496796,0.344819,-0.19682,-0.24018,-0.975259,-0.59804,0.391606,-0.083715,-0.243946,3.5e-05,-0.329645,0.314826,0.171265,0.294793,-0.244273,-0.319922,0.049066,-0.329645,-0.488916,-0.060994,0.0,0.370885,-0.156708,-0.5858,0.226688,0.203774,-0.611484,0.044324,-0.030105,-0.854172,0.126904,0.331846,-0.199928,-0.014957,-0.488456,-0.014957,-0.597338,-0.267109,0.171265,-0.433019,-0.386739,-0.737729,0.069972,-0.975259,-0.684469,-0.107848,-0.157783,0.020903,0.807294,0.346037,0.010762,-0.52711,0.212737,-0.083537,0.512156,0.39872,0.004747,0.523572,0.726106,0.243466,-0.398528,-0.093021,0.398148,0.261746,-0.319621,-0.093021,0.46618,-0.093021,0.627752,-0.487902,0.613499,0.004747,-0.596825,0.767916,-0.306787,0.408328,-0.014957,0.265182,0.488358,0.62871,0.120368,0.004747,0.178276,0.072527,0.767916,0.346037,-0.596825,0.0,-0.083537,-0.083296,0.243466,0.221837,0.250339,-0.006786,-0.155155,0.523572,0.250339,0.488358,0.095449,0.641606,-0.582935,-0.488111,0.496796,0.142581,0.044324,0.302691,0.310537,-0.163011,0.004747,0.3564,-0.073443,0.726106,-0.243545,0.488358,0.027194,0.172105,0.111614,-0.151643,0.627752,-0.117164,0.310537,0.176247,0.488358,-0.315415,0.243466,0.46618,0.429052,0.523572,-0.097568,0.0,0.388825,-0.163011,-0.170823,-0.293125,0.319098,0.280583,0.107085,0.767916,0.613499,-0.718849,0.328406,-0.419379,-0.163011,0.209559,0.488358,-0.24399,-0.005004,-0.280299,-0.319621,0.388825,-0.744999,0.172105,0.250339,-0.339084,-0.243741,0.274452,0.434706,0.095343,0.306202,0.095256,-0.486924,0.074875,-0.488736,-0.100646,0.305187,-0.744999,-0.477001,-0.004866,-0.500293,-0.109129,0.519429,-0.398899,-0.243741,0.500394,0.356069,-0.244335,#
11,0.199655,-0.400845,0.000834,0.027683,-0.008229,0.0,-0.242918,0.261628,-0.019493,-0.046336,0.083846,1.0,-0.251313,-0.195686,0.195971,-0.332797,0.399675,0.035779,-0.63084,-0.332797,-0.45553,-0.056262,0.023808,-0.056262,-0.332797,0.284775,-0.010941,-0.058103,0.011681,-0.429513,0.158312,-0.178653,-0.056262,-2.4e-05,0.378862,0.17039,-0.610683,-0.111614,0.01021,-0.172483,-0.086695,0.378862,-0.190272,-0.276181,0.0,-0.18612,-0.472096,-0.388783,-0.157905,-0.157529,-0.425703,0.490228,-0.22216,-0.007733,-0.378423,-0.371748,-0.398738,-0.241356,0.226502,0.441309,0.005566,0.03287,-0.610683,-0.587467,0.358885,-0.155942,-0.07365,0.011681,-0.190264,0.29893,-0.09137,-0.339224,0.322316,0.257323,-0.813524,0.316935,0.011467,-0.595334,0.170244,0.021302,0.389662,0.204293,0.230084,-0.029008,0.015505,0.182409,-0.017318,0.000234,0.247128,-0.604488,0.192406,-0.604488,0.404428,-0.190976,-0.000862,-0.413415,-0.409127,0.178995,-0.692722,-0.411629,0.441309,-0.49891,0.220276,-0.028376,-0.216028,0.027712,0.316476,0.116066,-0.216028,0.170793,-0.409127,0.0,-0.231945,0.230143,-0.029008,0.024141,-0.007861,0.003665,-0.54437,0.204293,-0.007861,-0.211963,-0.199057,0.354114,0.115435,-0.181747,-0.332797,-0.191776,-0.001181,0.187549,-0.205669,0.322315,0.027712,0.001495,-0.192436,0.230084,0.505824,-0.211963,0.311103,-0.351055,-0.181039,-0.153575,0.01145,-0.52622,-0.205669,0.30619,0.142694,0.011806,-0.471036,0.192406,-0.022634,-0.202189,-0.219155,0.0,0.009236,-0.332797,-0.055138,0.076686,0.191806,-0.001715,0.170244,0.178995,-0.407796,-0.34457,-0.183351,-0.035783,0.322315,0.063946,0.142694,-0.49812,0.804316,0.13943,-0.265665,0.367471,-0.24675,-0.351055,-0.499196,0.197321,-0.039353,0.073072,-0.174658,-0.047,0.213264,0.175857,0.270246,-0.190341,-0.206308,0.221151,0.073181,-0.24675,-0.506828,-0.02895,-0.206222,0.190655,-0.23958,0.421672,-0.039353,-0.202783,0.193094,0.013138,#
12,0.226972,0.323636,-0.340575,-0.297772,-0.106823,0.0,0.19949,-0.033062,0.532765,0.316005,-0.746059,-0.251313,1.0,0.503302,-0.251313,-0.508526,-0.321601,0.775489,0.507542,0.209731,0.551926,0.316495,0.323636,0.316495,-0.508526,-0.445348,-0.049525,-0.129781,0.73153,0.806842,-0.132002,-0.201297,0.316495,-0.000104,0.345294,-0.056758,0.252806,-0.062423,-0.202346,-0.057542,0.020865,0.345294,0.663778,0.10944,0.0,-0.440347,0.493149,0.781457,-0.386828,-0.343918,0.300197,-0.150667,-0.18981,0.756361,-0.186761,0.020411,0.372257,-0.100755,0.249658,-0.100755,0.387656,-0.200972,0.252806,0.127461,0.439303,0.485119,0.182813,0.73153,0.32149,0.017155,0.285118,-0.070303,-0.508526,-0.388742,0.102831,0.556039,0.077566,0.204292,-0.269865,-0.090322,0.075854,-0.656853,-0.49064,0.205464,0.549395,0.19999,-0.088128,0.187347,0.431109,0.216192,-0.177096,0.216192,-0.790647,0.646386,-0.378866,0.092389,0.80537,-0.565058,0.501653,-0.082084,-0.100755,-0.240283,-0.214167,-0.409352,-0.067672,0.092389,0.176334,-0.200708,-0.547012,-0.424883,0.80537,0.0,0.17109,-0.182184,0.205464,0.069682,-0.224096,0.122569,0.296575,-0.640075,-0.224096,-0.197965,-0.002235,-0.419478,0.682797,0.664017,-0.508526,0.244829,-0.128218,-0.029716,0.067867,0.209731,0.108924,0.098591,-0.204613,-0.49064,-0.285874,-0.214167,-0.130844,0.498135,-0.038328,-0.017372,-0.375749,0.309209,0.085381,-0.199026,-0.230369,0.339023,0.24585,-0.177096,-0.135582,-0.640075,0.222873,0.0,-0.063518,0.209731,0.220693,0.285698,0.042676,-0.760934,0.187691,-0.565058,-0.378866,0.957124,0.050534,0.117695,0.209731,0.054367,-0.230369,0.336685,-0.08242,0.301537,0.413436,-0.079883,0.555144,0.498135,-0.224096,0.457782,0.251704,-0.355693,-0.116914,-0.258352,-0.466448,-0.189502,0.544254,0.501738,0.680918,0.501653,-0.558503,0.555144,0.75763,-0.062131,0.272472,0.06504,-0.242954,0.125337,0.251704,-0.242839,0.058017,-0.183094,#
13,0.655887,0.79502,0.205807,-0.286104,0.369712,0.0,0.180082,0.470522,0.512497,0.303716,-0.745462,-0.195686,0.503302,1.0,0.222733,-0.508119,-0.314785,0.751812,0.475693,0.201544,0.531724,0.304212,0.79502,0.304212,-0.508119,-0.569844,0.359346,0.331639,0.775391,0.77636,-0.572283,0.218181,0.304212,5.1e-05,0.171264,-0.06722,-0.336117,-0.526503,0.34285,0.452686,0.006872,0.171264,0.209812,0.453859,0.0,-0.448101,0.466741,0.751704,-0.388937,0.178098,0.351454,-0.162513,-0.312719,0.748337,-0.207729,-0.448721,-0.081954,-0.033912,0.229659,-0.033912,0.809431,0.376764,-0.336117,0.643837,0.254178,0.991854,-0.285997,0.775391,0.928048,-0.006536,-0.186759,-0.092948,-0.508119,-0.432297,0.087723,0.525836,-0.384663,-0.250848,-0.719331,-0.544024,-0.372893,-0.686706,-0.495913,-0.360872,0.101484,-0.244621,-0.107874,-0.386924,-0.049001,-0.228613,-0.607675,-0.228613,-0.816084,0.621659,-0.829051,-0.356556,0.774948,-0.56944,-0.001441,-0.539888,-0.033912,-0.245919,-0.653823,-0.41835,-0.55161,-0.356556,-0.328216,-0.245137,-0.55161,-0.468006,0.774948,0.0,-0.283653,-0.217415,-0.360872,-0.39868,-0.762178,-0.314669,0.272862,-0.670129,-0.762178,-0.637815,-0.013352,-0.880526,0.457701,0.21902,-0.508119,-0.336007,-0.140333,-0.495913,-0.418551,-0.508119,-0.340219,-0.509455,-0.240143,-0.495913,0.327409,-0.653823,-0.152482,-0.266068,-0.049001,-0.072619,-0.831851,-0.18469,-0.401247,-0.222294,-0.669831,0.768308,-0.320969,-0.607675,-0.60203,-0.2298,0.203207,0.0,-0.513075,0.201544,0.678676,0.761734,-0.446826,-0.222735,-0.267251,-0.56944,-0.388232,0.436989,-0.443428,0.556714,-0.508119,0.040028,-0.669831,0.324158,-0.097674,0.753923,0.397357,-0.529245,0.995905,-0.266068,-0.229931,-0.031886,0.755968,-0.392782,-0.132419,0.197766,0.004715,0.236221,0.495845,0.116332,0.235465,-0.001441,-0.361827,0.995905,0.181337,0.367654,0.68739,0.525791,-0.258138,0.143479,0.755968,-0.687578,-0.5111,0.365181,#
14,0.215608,0.416424,-0.038574,-0.497547,0.416424,0.0,0.574769,0.261628,-0.019493,-0.046336,0.083846,0.195971,-0.251313,0.222733,1.0,-0.332797,0.432052,-0.065453,-0.313798,-0.332797,0.134134,0.484745,-0.008229,0.484745,-0.332797,0.284775,-0.455929,0.506917,0.011681,-0.02574,-0.674678,-0.194731,0.484745,-2.4e-05,-0.042496,0.633905,-0.455713,-0.094527,0.520687,0.27323,-0.416557,-0.042496,-0.602132,0.656359,0.0,0.400315,-0.066905,-0.031891,0.161394,0.73743,0.100876,-0.04292,-0.648572,-0.253945,0.312123,-0.077335,-0.398738,0.441309,-0.165497,0.441309,0.371924,0.513338,-0.455713,0.307492,0.317087,0.18484,-0.038811,0.011681,0.441005,-0.393426,-0.413851,-0.473195,0.322316,-0.234043,-0.415797,0.317941,0.002721,-0.201662,-0.231945,-0.419824,-0.452061,-0.202189,-0.232853,-0.567729,-0.813618,-0.24983,-0.457812,-0.060543,-0.652527,-0.604488,-0.613874,-0.604488,-0.007957,0.161493,-0.407796,-0.814011,-0.05481,0.178995,-0.266998,-0.42019,0.441309,-0.49891,-0.604488,-0.028376,-0.653228,-0.814011,-0.169133,-0.363361,-0.216028,-0.267006,-0.05481,0.0,-0.231945,-0.612489,-0.567729,-0.010346,-0.499196,-0.814629,-0.380999,0.195685,-0.499196,-0.220276,-0.653269,-0.063357,0.318816,-0.608744,-0.332797,-0.03916,-0.534329,-0.232853,-0.672917,-0.332797,-0.421898,-0.059534,-0.201152,-0.232853,0.505824,-0.604488,-0.379443,-0.43098,-0.652527,-0.153575,-0.400934,-0.079105,-0.257585,-0.378842,-0.24983,0.372787,-0.530894,-0.613874,-0.031377,0.602167,-0.258388,0.0,-0.823849,0.322315,0.554033,0.514532,-0.706374,-0.001715,0.563916,0.178995,-0.000862,-0.180689,-0.236144,0.810553,-0.332797,0.063946,-0.24983,-0.49812,0.39255,0.429295,0.162502,-0.465613,0.212872,-0.43098,-0.007861,-0.227846,0.486169,0.073072,-0.148649,0.822657,0.665907,0.593894,0.312856,0.016339,-0.569068,0.167936,0.114064,0.212872,-0.567068,0.808754,0.216747,0.201785,-0.23958,0.034715,0.486169,-0.202783,-0.353597,0.541354,#
15,-0.333008,-0.407531,0.170305,0.158622,-0.407531,0.0,-0.33312,-0.218168,-0.271921,-0.1665,0.496796,-0.332797,-0.508526,-0.508119,-0.332797,1.0,-0.271931,-0.658606,0.240772,-0.111111,-0.266118,-0.166278,-0.407531,-0.166278,1.0,0.361669,0.266953,-0.163711,-0.664752,-0.407634,0.361984,0.348736,-0.166278,1.5e-05,-0.633717,-0.218052,0.267171,0.32169,-0.1665,-0.218064,0.478177,-0.633717,-0.333253,-0.493473,0.0,0.38231,-0.401341,-0.399291,0.173656,0.0,-0.082573,0.050088,0.427905,-0.582218,0.0865,0.24689,0.263447,-0.214098,-0.33294,-0.214098,-0.407156,-0.182066,0.267171,0.0,-0.635934,-0.502848,-0.268858,-0.664752,-0.466545,-0.0477,0.327234,0.169117,-0.111111,0.235864,0.417552,-0.994338,-0.271958,0.349094,0.349094,0.271774,0.407661,0.356875,0.494925,0.16595,-0.271643,0.332873,0.271384,0.17841,-0.217859,0.332873,0.317756,0.332873,0.427886,-0.332562,0.418171,0.407661,-0.406805,0.523424,0.229981,0.278323,-0.214098,0.691522,0.332873,0.428539,0.523424,0.407661,-0.087994,0.256277,0.523424,0.235864,-0.406805,0.0,0.349094,0.348086,0.16595,-0.271577,0.666667,0.388544,0.319069,0.356875,0.666667,0.332873,0.481481,0.437329,-0.90501,-0.332704,1.0,0.245334,0.050088,-0.218103,0.211667,-0.111111,0.407661,0.242928,0.365476,0.494925,-0.166004,0.332873,0.173,0.117309,0.508338,-0.103362,0.427886,0.354167,0.211667,0.120133,0.332873,-0.616097,0.16595,0.317756,0.292449,0.356875,0.324967,0.0,0.265029,-0.111111,-0.632983,-0.641831,0.217502,0.717002,-0.333043,0.523424,0.418171,-0.489979,0.223847,-0.285856,-0.111111,-0.267895,0.332873,-0.166307,-0.429772,-0.63745,-0.217859,0.265029,-0.507803,0.117309,0.666667,-0.231125,-0.664303,-0.012578,0.220561,-0.284695,-0.230682,-0.340873,-0.993701,-0.230931,-0.33313,-0.507694,0.20802,-0.507803,0.171922,-0.417881,-0.341008,-0.523836,0.354051,-0.271896,-0.664303,0.341077,0.242702,-0.166543,#
16,0.022007,-0.125883,-0.635319,-0.140961,0.269677,0.0,0.025012,0.36963,-0.216415,-0.407489,0.177434,0.399675,-0.321601,-0.314785,0.432052,-0.271931,1.0,-0.19721,-0.848473,-0.271931,-0.13514,0.159085,-0.570176,0.159085,-0.271931,0.108106,-0.626362,0.002562,-0.057451,-0.54209,-0.080445,-0.441167,0.159085,2.4e-05,-0.191215,0.383057,-0.054732,-0.246319,0.067255,0.381033,-0.658282,-0.191215,-0.400647,0.070052,0.0,0.52429,-0.229784,-0.568215,0.542675,0.173958,0.014519,-0.205099,-0.045395,-0.265709,0.29391,0.128316,-0.136487,0.392729,0.43632,0.392729,-0.162123,0.078018,-0.054732,-0.259204,0.26018,-0.285107,0.569824,-0.057451,-0.027593,-0.542274,-0.553579,0.041935,0.388095,0.497334,-0.248614,0.258673,0.60625,0.01821,0.011536,-0.174355,-0.245389,0.382935,-0.110224,-0.619073,-0.251351,-0.403378,-0.593247,-0.095617,-0.08455,-0.403378,-0.026471,-0.403378,0.549603,-0.40262,0.170651,-0.245389,-0.582166,-0.093278,-0.34138,0.247948,0.392729,-0.407662,-0.007909,-0.249471,-0.075659,-0.245389,-0.278079,-0.104552,-0.093278,0.048986,-0.582166,0.0,-0.393669,-0.036031,-0.619073,0.598136,0.106924,-0.257577,-0.965827,0.799211,0.106924,0.394073,-0.53379,0.195456,0.232715,-0.407953,-0.271931,-0.09741,-0.205099,0.330273,-0.37117,0.414496,0.164859,0.027355,0.404638,-0.110224,0.126221,-0.007909,-0.530272,-0.412842,-0.533183,-0.111747,0.183005,-0.125736,0.06337,-0.499125,-0.007909,-0.24406,-0.118062,-0.026471,0.273354,0.373299,-0.814252,0.0,-0.182247,-0.271931,0.078597,-0.178091,-0.363487,0.056048,0.423416,-0.093278,-0.255735,-0.274125,0.08551,0.171895,0.414496,-0.245744,-0.007909,-0.407017,0.243806,-0.186014,-0.533183,-0.182247,-0.336214,-0.412842,-0.407896,-0.079081,-0.092097,0.283022,0.056036,0.547719,0.788199,0.415098,0.292417,-0.334434,0.039773,0.096816,0.691368,-0.336214,-0.602834,0.253609,-0.0003,-0.382712,-0.410923,0.581,-0.092097,0.001696,-0.4464,0.622647,#
17,0.457414,0.564532,-0.147541,-0.15343,0.053963,0.0,-0.0334,0.250916,0.390545,0.289694,-0.966242,0.035779,0.775489,0.751812,-0.065453,-0.658606,-0.19721,1.0,0.240396,0.193322,0.360814,0.159213,0.687069,0.159213,-0.658606,-0.361284,0.176021,0.244805,0.980748,0.624706,-0.362945,0.039667,0.159213,5.9e-05,0.5307,-0.289364,-0.224227,-0.275111,0.242557,0.227712,-0.089015,0.5307,0.579827,0.128173,0.0,-0.500192,0.234602,0.618534,-0.306886,-0.234824,0.486526,0.037911,-0.062917,0.892615,-0.196417,-0.368036,0.093076,-0.003789,0.438804,0.029043,0.58834,0.264011,-0.224227,0.32428,0.464946,0.740252,-0.069789,0.980748,0.642022,0.245397,0.136307,-0.055115,-0.658606,-0.397499,-0.151468,0.679208,-0.181786,-0.058337,-0.486691,-0.331426,-0.046909,-0.53482,-0.691667,-0.116013,0.473792,0.069869,-0.310943,-0.251957,0.380313,0.049082,-0.417385,0.049082,-0.657121,0.505366,-0.605455,-0.068124,0.634157,-0.757635,0.19361,-0.458085,0.029043,-0.368114,-0.440582,-0.601012,-0.210954,-0.046909,-0.033734,-0.064175,-0.757635,-0.317639,0.634157,0.0,0.036327,0.022064,-0.116013,-0.185434,-0.373538,-0.032083,0.151787,-0.630495,-0.373538,-0.553759,-0.135071,-0.635626,0.69013,0.580013,-0.658606,-0.189889,0.037911,-0.188254,-0.218471,0.160556,-0.141198,-0.365047,-0.110321,-0.691667,0.23596,-0.461369,0.071424,-0.127231,-0.155073,0.204225,-0.620722,-0.026419,-0.318343,-0.036946,-0.461369,0.440304,-0.231162,-0.417385,-0.482108,-0.610164,0.095148,0.0,-0.321142,0.193322,0.258321,0.409678,-0.227512,-0.433917,-0.058337,-0.757635,-0.585101,0.738232,-0.338693,0.349514,0.160556,-0.062962,-0.461369,0.289358,0.152351,0.405085,0.379053,-0.321142,0.749966,-0.127231,-0.348963,0.395318,0.361415,-0.215504,-0.4538,-0.107011,-0.31973,-0.072879,0.640796,0.024621,0.476522,0.216643,-0.401553,0.749966,0.399078,0.046725,0.47041,0.306033,-0.476266,0.332063,0.361415,-0.474143,-0.246998,0.115331,#
18,0.178658,0.278424,0.301567,-0.21442,-0.151031,0.0,0.134746,-0.101448,0.482976,0.362515,-0.297568,-0.63084,0.507542,0.475693,-0.313798,0.240772,-0.848473,0.240396,1.0,0.212109,0.482467,0.226378,0.385616,0.226378,0.240772,-0.376805,0.466549,-0.125255,0.176193,0.776806,-0.051771,0.282606,0.226378,-5.2e-05,-0.171949,-0.130502,0.232286,0.002691,-0.197579,-0.145539,0.560495,-0.171949,0.272303,0.053368,0.0,-0.369,0.447039,0.758774,-0.52563,-0.057938,0.092022,-0.133518,-0.128111,0.355287,-0.253268,-0.009329,0.327281,-0.366732,-0.260308,-0.366732,0.36046,-0.197426,0.232286,0.412341,-0.173734,0.456702,-0.363249,0.176193,0.258982,0.041837,0.363443,-0.046535,-0.504474,-0.42547,0.506996,-0.195739,-0.452405,0.147194,-0.226485,-0.043509,0.13527,-0.628958,0.01385,0.308989,0.160057,0.259634,0.431172,0.166967,-0.012783,0.259634,-0.115747,0.259634,-0.763756,0.605911,-0.353161,0.13527,0.784894,-0.042759,0.481117,-0.118208,-0.366732,0.340116,-0.169722,0.085464,-0.042759,0.13527,0.010215,-0.128414,-0.042759,-0.353357,0.784894,0.0,0.213442,-0.137068,0.308989,-0.462387,-0.197777,0.182423,0.832415,-0.695913,-0.197777,-0.234378,0.510844,-0.378208,-0.109521,0.282832,0.240772,0.229674,-0.133518,-0.464393,0.138693,-0.504474,0.069285,0.068935,-0.262294,0.01385,-0.261226,-0.169722,0.03905,0.504035,0.474293,-0.221314,-0.333904,0.323537,0.068801,-0.028999,-0.169722,0.324325,0.228405,-0.115747,-0.174687,-0.25129,0.723946,0.0,0.001224,0.212108,0.156179,0.267379,0.131581,-0.162447,-0.31033,-0.042759,0.091956,0.437802,0.013548,0.047649,-0.504474,0.097799,-0.169722,0.362903,-0.50191,0.285034,0.455559,0.001224,0.522103,0.504035,0.33966,-0.0,0.216979,-0.531916,0.203739,-0.347163,-0.558194,-0.238524,-0.216549,0.49125,0.207311,-0.013657,-0.598342,0.522103,0.759031,-0.110721,0.206783,0.129534,0.271193,-0.363766,0.216979,-0.216285,0.151286,-0.289482,#
19,0.317399,0.258369,0.170305,0.158622,0.258369,0.0,0.33312,-0.218168,0.401151,-0.1665,-0.163011,-0.332797,0.209731,0.201544,-0.332797,-0.111111,-0.271931,0.193322,0.212109,1.0,-0.266117,-0.166278,0.258369,-0.166278,-0.111111,-0.39814,0.292871,-0.163711,0.149895,0.24984,-0.330044,0.322515,-0.166278,-1.9e-05,0.2825,-0.218052,0.231067,0.292709,-0.1665,0.48086,0.448291,0.2825,0.312586,0.297349,0.0,-0.394743,0.285887,0.406002,0.30229,-0.495857,0.181661,-0.65114,0.397771,0.421606,0.0865,0.212117,0.263447,0.128459,0.307329,0.128459,-0.407155,-0.182066,0.231067,0.233344,0.232829,0.219635,0.440218,0.149895,0.146434,0.169117,0.298016,0.169117,-0.111111,0.192186,0.377013,0.072548,0.387333,0.308968,0.308968,0.231807,-0.271774,0.316321,-0.218103,0.117142,0.358254,-0.332873,0.231475,0.128852,0.465621,0.293711,-0.333069,0.293711,-0.271543,0.308521,0.377572,0.367694,0.237639,-0.218093,0.186588,0.237986,0.128459,0.641046,0.293711,0.387333,0.479805,0.367694,0.219985,-0.482149,0.479805,0.192186,0.237639,0.0,0.308968,0.308076,0.117142,0.39692,-0.166667,-0.271981,0.277086,-0.332543,-0.166667,-0.332873,-0.218107,-0.270728,0.232175,0.28628,-0.111111,0.209779,0.217047,-0.218103,0.169333,-0.111111,-0.271774,0.084497,0.324411,-0.218103,-0.166004,0.293711,-0.0865,0.052137,0.465621,0.258406,-0.271543,0.25,-0.508001,0.120133,-0.332873,0.057759,0.117142,-0.333069,0.251259,-0.332543,-0.332704,0.0,0.225473,-0.111111,0.081675,0.100783,0.174855,-0.166261,-0.333043,-0.218093,0.377572,0.222718,0.180799,-0.285856,-0.111111,0.300367,-0.332873,0.616316,-0.429772,0.070828,-0.217859,-0.407433,0.224165,0.052137,-0.166667,-0.231125,0.172614,-0.389914,-0.330841,-0.284695,-0.230682,-0.340873,0.118132,-0.230931,0.324905,0.186588,-0.398706,0.224165,0.122802,-0.417881,0.332588,0.231243,0.299582,-0.271896,0.172614,0.301417,-0.153546,-0.166543,#
20,0.050138,0.317638,-0.180947,-0.185537,-0.127441,0.0,0.149178,0.357323,0.206492,0.035241,-0.390421,-0.45553,0.551926,0.531724,0.134134,-0.266118,-0.13514,0.360814,0.482467,-0.266117,1.0,0.24061,0.163344,0.24061,-0.266117,-0.466034,-0.259992,0.248424,0.415273,0.676017,-0.083317,-0.000146,0.24061,-5.6e-05,-0.216463,0.0251,0.362376,-0.480553,0.179914,0.004049,-0.37454,-0.216463,0.324185,0.183592,0.0,0.11582,0.73218,0.492085,-0.282651,0.229073,0.06163,-0.092065,-0.507561,0.364919,-0.228853,0.161338,0.325987,-0.176491,0.037089,-0.176491,0.6802,0.20037,0.362376,0.229073,0.116328,0.479358,-0.109105,0.415273,0.491081,-0.389586,-0.233366,0.269788,-0.266117,-0.313351,0.184929,0.299737,-0.17397,0.123146,-0.797658,-0.161616,-0.290285,-0.796459,-0.143908,-0.154417,0.059863,0.001091,-0.254746,-0.006073,-0.136335,0.001091,-0.106832,0.001091,-0.650361,0.484509,-0.651489,-0.290285,0.676843,-0.522346,0.17136,-0.144464,-0.176491,-0.398947,-0.443886,-0.651354,-0.522346,-0.290285,-0.262213,0.122663,-0.522346,-0.819384,0.676843,0.0,-0.341726,-0.434337,-0.154417,-0.196645,-0.399176,0.049775,0.121129,-0.326625,-0.399176,0.009816,0.220275,-0.648408,0.305352,0.340889,-0.266118,-0.006536,-0.092065,-0.143908,0.028295,-0.266118,0.172746,-0.065301,-0.320903,-0.143908,-0.397589,-0.443886,-0.37821,0.299112,-0.136335,-0.308009,-0.340993,0.047576,0.518744,-0.498501,-0.443886,0.583372,0.411054,-0.106832,-0.499456,0.134174,0.340889,0.0,-0.261968,0.476536,0.505533,0.332971,-0.445867,-0.398205,0.123146,-0.522346,-0.190178,0.473877,0.159687,0.371102,-0.266118,-0.336411,-0.443886,0.043046,-0.136646,0.397057,0.349046,-0.261968,0.570014,0.299112,0.157814,0.36818,0.451296,-0.079165,0.410131,0.402975,0.061674,0.071199,0.33325,0.597947,0.368122,0.17136,-0.158349,0.570014,0.425443,0.371439,0.510488,0.041268,-0.426262,0.210454,0.451296,-0.347259,-0.177393,0.22487,#
21,0.516303,0.389089,-0.453687,-0.996987,0.389089,0.0,0.500956,0.243664,0.602789,0.312222,-0.243946,-0.056262,0.316495,0.304212,0.484745,-0.166278,0.159085,0.159213,0.226378,-0.166278,0.24061,1.0,-0.160826,1.0,-0.166278,-0.104794,-0.153798,-0.244993,0.227303,0.415651,-0.49391,-0.498339,1.0,1.5e-05,-0.331587,0.764064,-0.234203,-0.134625,-0.249167,0.250855,0.080321,-0.331587,-0.498713,0.400542,0.0,0.026295,-0.033078,0.450792,-0.214501,0.351872,0.274881,-0.364583,-0.487034,0.083184,0.198133,-0.143476,-0.056952,0.196162,0.050841,0.196162,0.402113,-0.247536,-0.234203,0.351872,0.299607,0.331331,0.184164,0.227303,0.387626,-0.642176,-0.131349,-0.711042,-0.166278,-0.203298,0.108581,0.236296,0.116533,0.011397,-0.047426,-0.610064,0.042477,-0.49765,-0.32639,-0.444814,-0.406513,-0.058007,-0.160646,0.192827,-0.326026,-0.498144,-0.498438,-0.498144,-0.406363,0.461701,-0.407069,-0.406709,0.355626,0.163854,0.279229,-0.097198,0.196162,-0.249273,-0.498144,0.056127,-0.326376,-0.406709,-0.229773,-0.721535,-0.326376,-0.267329,0.355626,0.0,-0.047426,-0.496961,-0.444814,0.091236,-0.249416,-0.407018,-0.11873,0.017587,-0.249416,-0.000598,-0.326397,0.004452,0.351791,-0.497891,-0.166278,0.317191,-0.97443,-0.32639,-0.760222,-0.166278,0.101067,0.210318,0.023954,-0.32639,0.28797,-0.498144,-0.634026,0.078023,-0.326026,-0.524023,-0.406363,0.383668,-0.222378,-0.706012,-0.058007,0.124656,-0.373262,-0.498438,0.376008,0.017587,-0.063093,0.0,-0.609723,-0.166278,0.405967,0.416502,-0.280165,-0.24881,0.46237,0.163854,-0.407069,0.333297,-0.213245,0.62925,-0.166278,0.169337,-0.058007,-0.248879,-0.135904,0.347756,0.154076,-0.165146,0.339655,0.078023,-0.249416,-0.309173,0.263109,-0.583506,0.077465,0.183971,0.277581,0.51402,0.183152,0.274698,0.056648,0.279229,-0.080473,0.339655,0.183772,0.420894,0.057988,-0.2492,-0.027448,0.151475,0.263109,-0.49855,-0.34021,0.434795,#
