0,1.0,0.347343,0.354051,-0.241615,0.530037,-0.326484,0.4123,-0.326484,0.4123,0.433622,0.077874,0.318715,0.273926,-0.120287,-0.326484,0.077821,-0.041067,0.317013,0.421894,-0.042223,-0.498393,0.107232,0.426782,-0.142206,-0.323953,-0.407044,-0.165438,-0.231251,-0.052714,-0.247671,-0.223872,-0.217093,-0.166278,0.04701,-0.310619,0.425173,0.490174,0.085549,-0.249416,-0.166278,0.62107,-0.117791,-0.293381,-0.204598,-0.043527,-0.591496,0.388648,0.15129,0.389822,0.420342,0.248905,-0.362767,-0.166278,-0.044739,-0.077368,-0.574881,-0.989121,0.313306,0.021821,0.241596,0.061922,-0.186018,0.085549,-0.498339,0.283833,0.278288,-0.166278,-0.194056,0.277531,0.180613,-0.231251,-0.226656,-0.166278,-0.498447,-0.386766,0.121393,-0.498447,-0.610609,-0.428152,-0.267294,-0.046469,-0.391074,-0.432244,0.050433,-0.231058,-0.498581,-0.267294,-0.146501,-0.326397,-0.107158,-0.699826,-0.041273,-0.498581,-0.035967,-0.6104,-0.116686,-0.61032,-0.428152,-0.263242,-0.223656,0.248905,-0.146501,-0.737761,-0.041273,-0.6104,-0.326397,-0.428152,-0.332317,-0.263242,0.115653,0.344669,-0.166278,0.274407,-0.046469,-0.760974,-0.146501,-0.267294,-0.760974,0.467047,-0.928921,-0.6104,-0.737761,-0.111956,-0.255171,-0.669247,-0.116686,-0.498581,0.085549,0.568421,-0.263242,-0.682028,-0.035967,0.08279,0.384038,-0.699826,-0.61032,0.0,-0.498447,0.0,-0.432244,-0.146501,0.307289,-0.035967,0.085549,-0.428152,0.313973,-0.760974,0.725982,-0.610609,-0.263242,-0.995789,-0.737761,-0.386766,-0.407018,-0.61032,-0.263242,0.300425,0.597337,0.183681,-0.498447,0.373495,0.184386,-0.6104,0.274407,0.365205,0.429985,-0.249416,-0.404153,-0.407093,-0.146501,-0.038484,0.358132,0.372571,-0.995789,-0.341339,0.08279,-0.32639,0.42935,0.627086,-0.273009,0.170071,0.413427,-0.24628,-0.303621,-0.180182,0.242875,0.418721,0.072778,-0.610461,0.471919,-0.760974,0.134669,0.408894,0.239399,-0.259676,0.192503,0.256353,0.072778,-0.024913,-0.166278,#
1,0.347343,1.0,0.332464,0.344314,0.51172,-0.327169,-0.24994,-0.327169,-0.24994,0.414809,-0.489814,-0.319573,0.207313,0.414809,-0.327169,-0.489482,-0.001693,0.148795,0.355769,-0.607001,-0.033109,-0.4865,0.408085,-0.102119,-0.324633,-0.407899,-0.188276,0.330521,-0.115246,-0.248191,-0.178971,0.348807,-0.166627,-0.496329,-0.386189,0.350562,0.471785,-0.019331,-0.24994,-0.166627,0.602169,-0.076414,0.275689,0.366683,-0.106877,-0.592737,0.368013,0.125064,-0.195902,0.401745,-0.565696,-0.31117,0.650171,-0.25312,-0.137147,-0.576088,-0.368887,0.247049,0.001744,0.210872,0.023799,-0.249513,-0.019331,-0.499385,0.274032,0.247081,-0.166627,-0.321258,0.245101,0.125923,0.330521,-0.182064,-0.166627,-0.026488,-0.398787,0.017464,-0.026488,-0.611891,0.213798,-0.225258,0.465437,-0.995704,-0.384526,0.090017,-0.761366,-0.499628,0.291389,0.378611,-0.327082,-0.116664,-0.301433,-0.001914,-0.499628,0.487991,-0.611681,-0.610773,-0.126204,0.213798,0.300022,0.350156,0.218077,0.378611,0.113443,-0.001914,-0.611681,-0.327082,0.213798,-0.344317,0.300022,-0.404757,0.380173,0.650171,0.308377,-0.007568,-0.245924,-0.106788,-0.225258,-0.245924,0.499189,-0.347619,-0.1308,0.113443,-0.610815,-0.23203,0.155918,-0.610773,-0.499628,-0.019331,0.00949,0.300022,-0.698291,0.487991,0.133599,0.348578,-0.301433,-0.126204,0.0,-0.026488,-0.060881,-0.384526,-0.106788,0.347123,0.487991,-0.019331,0.213798,-0.316552,-0.245924,0.466787,-0.611891,0.300022,-0.408116,0.113443,-0.398787,0.07769,-0.126204,0.300022,0.262382,0.583486,-0.374907,-0.499493,0.118883,0.22886,-0.1308,-0.216073,0.397448,0.363535,-0.24994,-0.405002,-0.407948,0.378611,-0.149516,0.337165,-0.249401,-0.408116,0.161364,0.133599,-0.327075,0.295406,0.561794,-0.223058,0.057675,-0.288115,-0.288115,-0.438489,-0.237951,0.281714,0.352992,-0.666694,-0.611743,-0.29983,-0.245924,-0.439144,-0.298264,0.580323,0.270932,0.217298,-0.365961,-0.666694,0.076454,-0.166627,#
2,0.354051,0.332464,1.0,0.085264,-0.168629,-0.494978,0.332544,-0.494978,0.332544,0.374587,0.177533,0.39867,-0.004039,-0.490053,-0.532189,-0.272874,-0.222803,0.167128,-0.491936,-0.105814,-0.254078,-0.464999,0.4111,-0.146951,0.413452,-0.400557,0.060361,-0.531467,-0.055327,0.28397,-0.417685,-0.459405,0.249759,-0.633296,0.13159,0.353919,-0.221228,-0.420874,-0.761905,0.221696,0.109053,-0.142647,-0.427603,0.015928,0.779341,-0.695938,0.209969,0.384608,-0.099691,0.83162,-0.228459,-0.36042,0.221696,0.515569,0.355875,-0.089292,-0.260106,-0.197024,0.656856,0.450448,-0.281963,0.337903,-0.420874,-0.626946,0.246205,-0.065208,-0.507936,-0.193072,0.023659,-0.558178,0.432882,0.05959,-0.507936,0.201896,-0.337703,0.436698,-0.245487,-0.1201,-0.388879,-0.440944,0.234398,-0.347365,-0.35531,0.542773,-0.435341,-0.195615,0.490436,0.338933,-0.573,-0.581754,-0.271601,-0.700724,-0.269361,-0.258886,-0.54094,0.336514,0.346781,-0.34567,0.039791,0.137781,-0.228459,-0.155487,-0.260794,-0.248207,-0.103601,-0.105287,0.19444,0.139781,-0.471813,0.160505,0.479987,0.221696,0.498055,-0.279901,0.028923,-0.55377,-0.440944,-0.478533,0.260623,-0.407025,-0.542883,-0.260794,-0.568168,-0.478527,-0.369512,-0.504037,-0.269361,-0.420874,0.521696,-0.471813,-0.248565,-0.258886,0.48922,0.385736,-0.271601,-0.129982,0.0,0.201896,0.510368,-0.35531,-0.129982,0.614094,0.216619,-0.420874,-0.388879,0.031232,-0.440944,0.169229,-0.1201,0.039791,-0.35531,-0.260794,-0.337703,0.067711,-0.55377,0.039791,0.078068,0.248532,0.205228,-0.220632,0.546075,-0.078997,0.325963,0.04865,-0.062242,0.377811,-0.193633,0.082291,0.039578,-0.520416,0.433008,0.000821,0.37383,-0.35531,0.404189,-0.234003,-0.564834,0.350431,0.578147,-0.068982,0.142922,0.317763,-0.248781,-0.326467,-0.534091,0.667763,-0.533091,-0.248565,-0.121434,0.310914,0.028923,0.050485,-0.199345,0.118691,-0.467938,0.469902,-0.055006,-0.248565,0.397227,-0.507936,#
3,-0.241615,0.344314,0.085264,1.0,0.183139,-0.03708,-0.761075,-0.03708,-0.761075,0.330723,-0.295555,-0.651656,-0.086407,0.347834,-0.544488,-0.801958,0.222492,0.132402,-0.192118,-0.142551,0.199322,-0.193132,-0.091588,-0.126945,0.444334,0.060315,-0.319113,0.424515,-0.121898,0.314139,0.463024,0.085039,0.257944,-0.323255,-0.406391,-0.219124,-0.257015,-0.333235,-0.229598,0.257944,0.071448,-0.12292,0.512765,0.972746,-0.105919,-0.087868,-0.340124,-0.021701,0.140914,-0.036233,-0.319756,0.215718,0.229598,0.170245,-0.031063,0.117753,0.230332,-0.402429,0.269587,-0.257731,-0.21009,0.003984,-0.333235,-0.247699,-0.281508,-0.315861,0.172907,-0.413191,-0.418135,-0.164522,0.014225,-0.00839,0.201253,0.238304,0.233862,0.458474,0.203543,-0.082981,0.157603,0.504446,0.271133,-0.324247,0.187932,0.13987,0.05754,-0.203507,0.540305,0.380991,-0.09522,-0.136938,0.094868,0.147182,-0.237886,0.158715,0.334351,-0.048982,0.347301,0.746797,0.519096,-0.033032,-0.346956,-0.136245,0.472485,0.182342,-0.107393,-0.567644,0.746797,-0.14119,0.480818,-0.374945,0.503108,0.229598,-0.415283,-0.265726,0.029847,0.31163,0.504446,-0.008121,0.256255,0.127755,-0.109356,0.472485,-0.109503,0.049519,0.391946,-0.048982,-0.237886,-0.333235,-0.384235,0.480818,-0.210111,0.158715,-0.195452,0.330091,0.094868,0.31163,0.0,0.238304,-0.30846,0.187932,-0.134263,0.372268,0.639009,-0.333235,0.157603,-0.538752,0.504446,-0.085258,-0.082981,0.519096,0.187932,0.472485,0.233862,0.08227,0.31163,0.519096,0.019094,-0.152489,0.233862,0.205474,0.296608,0.376696,-0.074017,0.068625,-0.0663,-0.099894,-0.18708,-0.319812,0.07145,0.34532,-0.113644,-0.501296,-0.152985,0.187932,0.402397,0.535057,-0.122836,-0.265918,0.090909,0.242307,-0.79888,-0.772672,-0.24281,-0.341259,0.127324,-0.364831,-0.154179,-0.210111,-0.084305,-0.343192,0.504446,-0.402862,-0.290012,-0.045333,0.472651,0.036596,-0.570513,-0.210111,-0.13461,0.201253,#
4,0.530037,0.51172,-0.168629,0.183139,1.0,-0.232667,0.015859,-0.232667,0.015859,0.407065,-0.129541,-0.142089,0.644588,0.374515,-0.232667,-0.161425,0.193115,-0.01389,0.776201,-0.38415,-0.227993,0.211167,0.3964,-0.42975,-0.648851,-0.410873,-0.15746,0.24994,0.385148,-0.496063,-0.251634,0.224968,-0.33304,0.148341,-0.480721,0.51172,0.573332,0.171347,-0.003965,-0.33304,0.818969,-0.385293,0.175055,0.254897,-0.368995,-0.345206,0.276552,0.085703,0.388089,0.023071,-0.234963,-0.499525,0.327753,-0.146696,0.00626,-0.77662,-0.547447,0.415318,-0.184199,-0.197278,0.271331,-0.158514,0.171347,-0.249002,0.247708,0.308424,0.301322,-0.040064,0.092544,0.147352,-0.622755,-0.683047,0.327753,-0.615683,-0.059547,0.309056,-0.21051,-0.814788,-0.044089,-0.245668,-0.217713,-0.552815,-0.53505,-0.412517,-0.260556,-0.635288,-0.22895,-0.421333,-0.213216,0.377527,-0.614436,0.185604,-0.597887,0.176382,-0.437185,-0.421685,-0.452748,-0.044089,-0.259971,-0.335288,0.399113,-0.005544,-0.398596,-0.224219,-0.849105,-0.653745,-0.044089,-0.46017,0.186204,-0.077436,0.290926,0.327753,-0.241192,-0.195203,-0.704944,-0.021251,-0.245668,-0.262387,0.577589,-0.436105,-0.048149,-0.398596,-0.033912,0.161614,-0.2921,-0.045213,-0.597887,0.171347,-0.038389,0.186204,-0.419819,0.176382,-0.415677,0.345427,-0.614436,-0.036959,0.0,-0.615683,-0.522078,-0.53505,-0.43704,0.214631,0.176382,0.171347,-0.044089,-0.282048,-0.262387,0.794628,-0.814788,-0.259971,-0.554135,-0.398596,-0.059547,-0.4224,-0.036959,-0.259971,0.149837,0.631648,-0.040228,-0.630989,0.100358,0.211104,-0.833543,-0.258164,0.369999,0.39981,-0.49956,-0.809484,-0.405226,0.371438,-0.058685,0.260468,-0.014429,-0.554135,-0.261089,0.265512,-0.246646,0.482075,0.402224,-0.436498,0.024671,0.000988,-0.018775,0.016856,0.27074,-0.421211,0.796373,-0.394257,-0.813826,0.035331,-0.262387,-0.002423,0.463419,0.489107,0.171242,0.191307,0.200662,-0.394257,-0.432354,0.327753,#
5,-0.326484,-0.327169,-0.494978,-0.03708,-0.232667,1.0,-0.327248,1.0,-0.327248,-0.800725,-0.20388,-0.418419,-0.428142,0.551832,0.511596,-0.168072,0.241295,-0.112492,0.043802,0.146243,0.222961,0.658062,-0.341251,-0.32358,0.098615,0.367603,0.447182,0.382421,-0.370357,-0.324957,0.432575,0.493127,0.518497,0.172006,-0.281422,-0.327169,-0.180655,-0.270409,0.756495,-0.218165,-0.534257,0.032083,0.437013,-0.152167,-0.453817,0.197258,-0.128505,-0.551635,-0.40752,-0.344475,0.29939,0.362198,-0.218165,0.038294,0.104857,0.602594,0.300472,0.353046,-0.181467,0.289903,0.305105,0.038497,-0.270409,0.668023,-0.306101,0.165526,-0.218165,0.381221,0.056143,0.156652,-0.104025,0.424069,0.490164,0.249396,0.384566,-0.475433,0.683716,0.546581,-0.193889,0.462692,0.249396,0.372481,0.361381,-0.07689,0.473918,0.23931,-0.030677,0.126282,0.535077,0.125985,0.592006,0.242203,0.222128,-0.191837,0.559104,0.108307,-0.337246,0.373237,-0.003614,-0.181328,0.29939,0.108454,0.272308,-0.197101,0.117551,0.062858,-0.193889,-0.089295,-0.022744,-0.529952,-0.671412,-0.218165,0.004602,0.232023,-0.011702,0.571981,0.462692,-0.030677,-0.186241,0.430702,0.099889,0.272308,0.117046,-0.006456,0.130152,0.571206,0.222128,-0.270409,0.005487,-0.022744,0.285453,-0.191837,-0.430326,-0.343197,0.592006,-0.355074,0.0,0.249396,0.0,0.361381,-0.337246,-0.036545,-0.191837,-0.270409,-0.193889,0.059973,0.462692,-0.514668,0.546581,-0.003614,0.361381,0.272308,0.384566,0.39334,0.571981,-0.003614,-0.025778,-0.24989,-0.185522,0.249396,0.041622,-0.428468,0.117551,0.004602,0.144141,-0.310771,0.777745,0.422751,-0.094476,0.571981,-0.278555,-0.09892,0.257193,0.361381,-0.394896,0.299865,0.072301,-0.285879,-0.042495,0.096406,-0.098308,-0.275277,0.254356,-0.233521,-0.169937,-0.089295,0.127927,0.285453,0.548972,-0.280407,-0.030677,-0.058764,-0.287751,-0.583068,0.493487,0.092004,-0.388748,0.285453,0.350354,0.490164,#
6,0.4123,-0.24994,0.332544,-0.761075,0.015859,-0.327248,1.0,-0.327248,1.0,-0.088537,0.580507,0.884828,0.239857,-0.611711,0.225249,0.580114,-0.011268,-0.316265,-0.044079,-0.074908,-0.49956,0.073208,0.427781,-0.111943,-0.324711,-0.407997,0.233515,-0.748383,0.441632,-0.24825,-0.751453,-0.309856,-0.166667,0.01576,0.274657,0.387162,-0.003962,0.08575,-0.25,-0.166667,0.107189,-0.086532,-0.760658,-0.749641,0.451176,-0.211743,0.389557,0.350263,0.144515,0.421325,0.249488,-0.448545,-0.166667,0.193477,0.394697,-0.30612,-0.332106,0.314039,-0.027083,0.242161,0.150188,0.156174,0.08575,0.011799,0.405281,0.278939,-0.166667,0.344494,0.2864,-0.267651,-0.198101,-0.171593,-0.166667,-0.499613,-0.422768,0.205592,-0.499613,-0.09724,-0.356416,-0.762755,-0.499613,0.213416,-0.361022,0.109195,-0.262172,0.005615,-0.204642,-0.611748,-0.32716,-0.13647,-0.301506,-0.499604,0.005615,-0.49973,-0.611828,0.378188,-0.087393,-0.997965,-0.762738,-0.1592,0.249488,-0.087393,-0.642998,-0.499604,-0.092351,0.228395,-0.356416,-0.007225,-0.762738,0.637953,-0.209801,-0.166667,0.308451,0.011355,-0.204642,-0.611748,-0.762755,-0.204642,-0.029371,-0.301031,-0.092351,-0.642998,-0.140991,-0.284833,-0.621284,-0.145457,0.005615,0.08575,0.645498,-0.762738,0.123257,-0.49973,0.133631,-0.095711,-0.301506,-0.087393,0.0,-0.499613,0.372678,-0.361022,-0.087393,0.051712,-0.49973,0.08575,-0.356416,0.400065,-0.762755,0.282597,-0.09724,-0.762738,-0.361022,-0.642998,-0.422768,-0.407971,-0.611748,-0.762738,-0.211414,0.426956,0.222132,-0.499613,0.113003,-0.327327,-0.092351,-0.258091,-0.13647,0.428971,-0.25,0.08494,0.109195,-0.611748,0.459225,0.35897,0.337506,-0.361022,-0.301679,-0.725424,-0.327154,0.428704,0.137059,-0.198594,0.676355,0.996962,0.373861,0.297922,-0.129823,0.281781,-0.071793,0.123257,-0.096252,0.471275,-0.204642,0.61113,0.408248,0.261603,-0.761108,0.163013,0.773537,0.123257,0.076472,-0.166667,#
7,-0.326484,-0.327169,-0.494978,-0.03708,-0.232667,1.0,-0.327248,1.0,-0.327248,-0.800725,-0.20388,-0.418419,-0.428142,0.551832,0.511596,-0.168072,0.241295,-0.112492,0.043802,0.146243,0.222961,0.658062,-0.341251,-0.32358,0.098615,0.367603,0.447182,0.382421,-0.370357,-0.324957,0.432575,0.493127,0.518497,0.172006,-0.281422,-0.327169,-0.180655,-0.270409,0.756495,-0.218165,-0.534257,0.032083,0.437013,-0.152167,-0.453817,0.197258,-0.128505,-0.551635,-0.40752,-0.344475,0.29939,0.362198,-0.218165,0.038294,0.104857,0.602594,0.300472,0.353046,-0.181467,0.289903,0.305105,0.038497,-0.270409,0.668023,-0.306101,0.165526,-0.218165,0.381221,0.056143,0.156652,-0.104025,0.424069,0.490164,0.249396,0.384566,-0.475433,0.683716,0.546581,-0.193889,0.462692,0.249396,0.372481,0.361381,-0.07689,0.473918,0.23931,-0.030677,0.126282,0.535077,0.125985,0.592006,0.242203,0.222128,-0.191837,0.559104,0.108307,-0.337246,0.373237,-0.003614,-0.181328,0.29939,0.108454,0.272308,-0.197101,0.117551,0.062858,-0.193889,-0.089295,-0.022744,-0.529952,-0.671412,-0.218165,0.004602,0.232023,-0.011702,0.571981,0.462692,-0.030677,-0.186241,0.430702,0.099889,0.272308,0.117046,-0.006456,0.130152,0.571206,0.222128,-0.270409,0.005487,-0.022744,0.285453,-0.191837,-0.430326,-0.343197,0.592006,-0.355074,0.0,0.249396,0.0,0.361381,-0.337246,-0.036545,-0.191837,-0.270409,-0.193889,0.059973,0.462692,-0.514668,0.546581,-0.003614,0.361381,0.272308,0.384566,0.39334,0.571981,-0.003614,-0.025778,-0.24989,-0.185522,0.249396,0.041622,-0.428468,0.117551,0.004602,0.144141,-0.310771,0.777745,0.422751,-0.094476,0.571981,-0.278555,-0.09892,0.257193,0.361381,-0.394896,0.299865,0.072301,-0.285879,-0.042495,0.096406,-0.098308,-0.275277,0.254356,-0.233521,-0.169937,-0.089295,0.127927,0.285453,0.548972,-0.280407,-0.030677,-0.058764,-0.287751,-0.583068,0.493487,0.092004,-0.388748,0.285453,0.350354,0.490164,#
8,0.4123,-0.24994,0.332544,-0.761075,0.015859,-0.327248,1.0,-0.327248,1.0,-0.088537,0.580507,0.884828,0.239857,-0.611711,0.225249,0.580114,-0.011268,-0.316265,-0.044079,-0.074908,-0.49956,0.073208,0.427781,-0.111943,-0.324711,-0.407997,0.233515,-0.748383,0.441632,-0.24825,-0.751453,-0.309856,-0.166667,0.01576,0.274657,0.387162,-0.003962,0.08575,-0.25,-0.166667,0.107189,-0.086532,-0.760658,-0.749641,0.451176,-0.211743,0.389557,0.350263,0.144515,0.421325,0.249488,-0.448545,-0.166667,0.193477,0.394697,-0.30612,-0.332106,0.314039,-0.027083,0.242161,0.150188,0.156174,0.08575,0.011799,0.405281,0.278939,-0.166667,0.344494,0.2864,-0.267651,-0.198101,-0.171593,-0.166667,-0.499613,-0.422768,0.205592,-0.499613,-0.09724,-0.356416,-0.762755,-0.499613,0.213416,-0.361022,0.109195,-0.262172,0.005615,-0.204642,-0.611748,-0.32716,-0.13647,-0.301506,-0.499604,0.005615,-0.49973,-0.611828,0.378188,-0.087393,-0.997965,-0.762738,-0.1592,0.249488,-0.087393,-0.642998,-0.499604,-0.092351,0.228395,-0.356416,-0.007225,-0.762738,0.637953,-0.209801,-0.166667,0.308451,0.011355,-0.204642,-0.611748,-0.762755,-0.204642,-0.029371,-0.301031,-0.092351,-0.642998,-0.140991,-0.284833,-0.621284,-0.145457,0.005615,0.08575,0.645498,-0.762738,0.123257,-0.49973,0.133631,-0.095711,-0.301506,-0.087393,0.0,-0.499613,0.372678,-0.361022,-0.087393,0.051712,-0.49973,0.08575,-0.356416,0.400065,-0.762755,0.282597,-0.09724,-0.762738,-0.361022,-0.642998,-0.422768,-0.407971,-0.611748,-0.762738,-0.211414,0.426956,0.222132,-0.499613,0.113003,-0.327327,-0.092351,-0.258091,-0.13647,0.428971,-0.25,0.08494,0.109195,-0.611748,0.459225,0.35897,0.337506,-0.361022,-0.301679,-0.725424,-0.327154,0.428704,0.137059,-0.198594,0.676355,0.996962,0.373861,0.297922,-0.129823,0.281781,-0.071793,0.123257,-0.096252,0.471275,-0.204642,0.61113,0.408248,0.261603,-0.761108,0.163013,0.773537,0.123257,0.076472,-0.166667,#
9,0.433622,0.414809,0.374587,0.330723,0.407065,-0.800725,-0.088537,-0.800725,-0.088537,1.0,-0.038307,0.038928,0.517392,-0.280772,-0.800725,-0.087292,-0.4363,0.515379,0.19597,0.114999,-0.009063,-0.422587,0.146349,0.145062,0.050293,-0.176699,-0.470019,-0.077244,0.151185,0.409488,-0.103447,-0.532004,-0.407807,0.022072,0.150325,0.414809,0.373004,0.213266,-0.611711,0.289758,0.660468,-0.194484,-0.123283,0.43055,0.256169,-0.274049,-0.032553,0.286753,0.446658,0.183123,-0.366811,-0.375467,0.262928,0.038857,-0.248293,-0.543219,-0.438383,-0.458054,0.402091,-0.330734,-0.34069,0.067878,0.213266,-0.857522,0.110391,-0.249993,0.236099,-0.49329,-0.216976,-0.039393,-0.023386,-0.544163,-0.407807,-0.017913,0.033682,0.374682,-0.445633,-0.675303,0.0459,-0.126379,-0.002376,-0.470664,-0.45604,-0.156536,-0.138066,-0.430983,-0.109409,0.153812,-0.378196,0.103538,-0.737741,-0.043817,-0.415616,0.367427,-0.288223,-0.268806,0.121924,0.0459,0.315613,0.012301,-0.392555,-0.285115,-0.355579,0.388811,-0.288223,-0.378196,0.0459,0.175393,0.315613,0.21408,0.930448,0.262928,-0.13295,-0.430096,-0.14335,-0.301059,-0.126379,-0.14335,0.3773,-0.558517,-0.288223,-0.355579,0.128801,0.297525,-0.216902,-0.284729,-0.415616,0.213266,-0.238994,0.315613,-0.373022,0.367427,0.326973,0.563684,-0.737741,0.121924,0.0,-0.017913,-0.279965,-0.45604,0.137868,0.117017,0.367427,0.213266,0.0459,-0.209596,-0.14335,0.642024,-0.675303,0.315613,-0.475412,-0.355579,0.033682,-0.200774,-0.317003,0.315613,0.333521,0.06873,0.053291,-0.03345,0.024254,0.516381,-0.272427,0.324064,0.119776,0.130672,-0.611711,-0.623085,-0.172264,-0.301059,0.091923,-0.049082,-0.119055,-0.475412,0.493958,0.326973,0.043144,0.365369,0.220843,-0.278722,-0.157872,-0.11836,-0.639944,0.092547,0.17694,-0.026984,0.113258,-0.347075,-0.678211,0.36001,-0.14335,-0.185278,0.346791,0.281581,-0.173361,0.057731,0.051587,-0.347075,-0.403775,-0.407807,#
10,0.077874,-0.489814,0.177533,-0.295555,-0.129541,-0.20388,0.580507,-0.20388,0.580507,-0.038307,1.0,0.625511,-0.155488,-0.784566,0.269251,0.152382,-0.127854,-0.569713,-0.358928,-0.10622,0.130977,-0.030991,-0.308589,-0.063008,0.062435,0.314889,0.126121,-0.687277,0.537196,0.354635,-0.411509,-0.644632,-0.326621,0.093176,0.04482,0.055769,-0.554249,0.344564,0.024702,0.359558,-0.358545,-0.296814,-0.701356,-0.219864,0.467541,0.284543,-0.492252,-0.150386,0.543196,0.094521,0.275068,-0.231862,-0.326621,0.537335,0.539627,0.208175,-0.004584,-0.346953,0.108763,0.261527,-0.083887,0.196752,0.344564,-0.136215,-0.283181,0.021045,-0.326621,0.126703,-0.574384,-0.578046,-0.216043,0.078771,0.359558,-0.288159,-0.05794,0.428555,-0.288159,0.361439,-0.010565,-0.280535,-0.558367,0.476815,-0.024365,0.069186,0.157487,-0.130478,0.197406,-0.48981,0.110094,-0.069084,0.029793,-0.280212,0.552889,-0.702778,-0.068819,0.789055,-0.040777,-0.559957,-0.733892,0.09281,-0.383368,-0.040777,-0.347571,-0.280212,-0.05171,0.128392,-0.010565,-0.171221,-0.270576,0.554191,-0.191972,-0.326621,-0.276686,0.149409,-0.262153,-0.48981,-0.280535,0.197406,-0.576078,-0.071134,0.101328,-0.347571,0.355442,0.1574,-0.271668,0.063718,0.552889,0.344564,0.151482,-0.270576,0.319622,-0.702778,-0.366883,-0.427937,0.029793,0.390985,0.0,-0.288159,0.493036,-0.024365,-0.040777,0.244896,-0.702778,0.344564,-0.010565,-0.165308,-0.280535,-0.191821,0.361439,-0.733892,-0.024365,-0.347571,-0.05794,-0.52213,-0.48981,-0.733892,-0.670634,0.203906,0.494321,-0.288159,0.36785,-0.336009,-0.05171,-0.295346,-0.791194,-0.306487,-0.489932,-0.118146,0.768615,-0.767098,0.154103,-0.518982,0.013775,-0.024365,0.15969,-0.395177,-0.341703,0.103503,-0.325778,-0.086365,0.149812,0.599908,0.579385,0.572576,-0.284705,-0.161702,-0.305142,0.319622,0.361066,0.455082,0.197406,0.795602,0.085074,-0.287249,-0.724287,-0.220132,0.3154,0.319622,0.307284,0.359558,#
11,0.318715,-0.319573,0.39867,-0.651656,-0.142089,-0.418419,0.884828,-0.418419,0.884828,0.038928,0.625511,1.0,0.128087,-0.782134,0.113957,0.625088,-0.168224,-0.212782,-0.233086,0.059468,-0.326495,-0.082751,0.21951,0.014298,-0.05578,-0.212708,0.346251,-0.610186,0.232821,0.1152,-0.607087,-0.536581,-0.2131,0.181506,0.351176,0.294327,-0.161089,0.10964,-0.31965,-0.2131,-0.025287,-0.272896,-0.604978,-0.607078,0.576873,-0.15067,0.139588,0.503016,0.274446,0.213155,0.137627,-0.33016,-0.2131,0.254635,0.187724,-0.107778,-0.263087,0.014422,0.111628,0.128952,-0.320514,0.076691,0.10964,-0.145983,0.497927,-0.174659,-0.2131,-0.024622,0.041959,-0.402444,-0.079944,-0.050478,-0.2131,-0.334763,-0.337396,0.262871,-0.334763,0.019821,-0.27607,-0.643163,-0.638805,0.272874,-0.283205,-0.023323,-0.158237,-0.152019,-0.105374,-0.470173,-0.087734,-0.006267,-0.385505,-0.331262,0.148689,-0.327768,-0.473178,0.483552,0.035088,-0.894256,-0.640427,-0.043071,0.137627,0.035088,-0.583837,-0.331262,0.027381,0.44759,-0.27607,0.081804,-0.640427,0.487184,-0.082371,-0.2131,0.394385,0.157597,-0.105374,-0.470173,-0.643163,-0.105374,-0.185593,-0.384898,-0.281725,-0.583837,-0.013716,-0.174763,-0.539537,-0.33261,0.148689,0.10964,0.469484,-0.640427,0.157597,-0.327768,0.17086,0.082218,-0.385505,0.035088,0.0,-0.334763,0.554773,-0.283205,0.035088,0.159205,-0.327768,0.10964,-0.27607,0.454238,-0.643163,0.148448,0.019821,-0.640427,-0.283205,-0.583837,-0.337396,-0.209517,-0.470173,-0.640427,-0.052145,0.257695,0.284018,-0.334763,0.239412,-0.074808,0.027381,-0.151525,-0.324023,0.205451,-0.31965,0.242393,0.284453,-0.782182,0.24123,0.109961,0.246631,-0.283205,-0.059895,-0.65691,-0.081375,0.318812,-0.009796,-0.253922,0.513233,0.869872,0.269463,0.368241,-0.200072,0.360286,-0.276834,0.157597,0.017709,0.710543,-0.105374,0.771364,0.2994,0.089485,-0.637038,0.054373,0.630055,0.157597,0.097777,-0.2131,#
12,0.273926,0.207313,-0.004039,-0.086407,0.644588,-0.428142,0.239857,-0.428142,0.239857,0.517392,-0.155488,0.128087,1.0,0.042823,-0.428142,0.258014,-0.244718,0.276698,0.607098,0.117603,-0.238608,0.195689,0.50876,-0.381831,-0.424823,-0.533787,0.013201,-0.057595,0.526197,-0.324788,-0.513038,-0.081448,-0.218052,0.243995,0.337559,0.785226,0.625521,0.018698,-0.327078,-0.218052,0.796474,-0.355805,-0.071623,-0.065384,0.13056,-0.332431,0.453924,0.353946,0.066461,0.101231,-0.452507,-0.72898,0.508788,0.043795,0.078302,-0.753883,-0.252606,0.236989,0.234533,-0.404643,0.195401,0.388216,0.018698,-0.258316,0.449436,0.119383,0.479714,0.241807,0.234968,-0.033349,-0.518357,-0.982176,-0.218052,-0.232739,0.258119,0.242896,-0.232739,-0.800736,-0.269834,-0.556564,-0.232739,-0.280456,-0.802033,-0.533851,-0.09909,-0.254184,-0.538174,-0.368418,-0.428028,0.4932,-0.736333,-0.244926,-0.653825,0.190566,-0.389659,-0.377054,0.046243,-0.269834,-0.089429,-0.485994,0.244945,-0.368418,-0.580622,-0.244926,-0.389659,-0.428028,-0.269834,0.335888,-0.089429,0.275003,0.467768,0.508788,-0.073023,-0.653649,-0.096817,-0.385696,-0.556564,-0.096817,0.62661,-0.20089,0.038261,-0.580622,0.04509,0.35664,-0.516488,0.037046,-0.653825,0.018698,-0.121047,-0.089429,0.118257,0.190566,0.131539,0.487164,-0.736333,0.046243,0.0,-0.232739,-0.574259,-0.802033,-0.385696,-0.105026,0.190566,0.018698,-0.269834,-0.107853,-0.096817,0.833756,-0.800736,-0.089429,-0.277223,-0.580622,0.258119,-0.101667,0.046243,-0.089429,0.376424,0.148958,-0.273119,-0.249575,-0.291085,0.02855,-0.372542,-0.091691,0.4932,0.519207,-0.327078,-0.529995,-0.533851,0.046243,0.474843,0.450317,0.206063,-0.277223,0.020298,0.131539,0.019755,0.761242,0.340984,-0.602403,0.388759,0.223504,-0.341709,0.338507,0.462365,-0.178342,0.50493,-0.584667,-0.800542,0.268303,-0.096817,-0.083842,0.740914,0.453261,-0.114777,0.500477,0.516254,-0.584667,-0.626975,-0.218052,#
13,-0.120287,0.414809,-0.490053,0.347834,0.374515,0.551832,-0.611711,0.551832,-0.611711,-0.280772,-0.784566,-0.782134,0.042823,1.0,0.089349,-0.368771,0.411389,0.128453,0.517857,-0.198519,-0.009063,0.335103,0.146349,-0.24044,-0.298651,-0.144491,-0.016846,0.769604,-0.306024,-0.607429,0.406141,0.871459,0.289758,-0.04072,-0.477504,-0.118495,0.406171,-0.238804,0.414515,-0.407807,0.229093,0.133194,0.76377,0.281143,-0.750451,-0.119981,0.297201,-0.216676,-0.397876,-0.232776,-0.134079,0.212604,0.262928,-0.443893,-0.249538,-0.12508,0.051417,0.553005,-0.360238,-0.098892,0.390655,-0.258947,-0.238804,0.394192,0.01719,0.266909,0.236099,0.103516,0.382372,0.517643,-0.11622,-0.037981,0.262928,0.021386,0.1225,-0.35643,0.432655,-0.221356,0.074587,0.365761,0.425344,-0.382486,0.105748,-0.156536,-0.060693,-0.007954,-0.084453,0.194141,0.11169,0.177085,0.196569,0.411922,-0.393018,0.407649,0.169849,-0.63502,-0.276674,0.611613,0.358889,-0.167091,0.509539,0.177259,0.394851,-0.004068,-0.248269,-0.335467,0.074587,-0.258437,0.340773,-0.658831,-0.176675,0.262928,-0.036683,0.020472,-0.100425,0.600242,0.365761,-0.118394,0.426471,0.22246,0.129895,0.394851,-0.240959,-0.074381,0.323789,0.185448,-0.393018,-0.238804,-0.17405,0.340773,-0.255499,0.407649,-0.246152,0.095965,0.196569,-0.293556,0.0,0.021386,-0.529933,0.105748,-0.26073,-0.100606,0.407649,-0.238804,0.074587,-0.118849,0.348791,0.076347,-0.221356,0.358889,0.086376,0.394851,0.1225,0.278644,0.584298,0.358889,0.292447,0.054002,-0.397722,0.005849,-0.197673,0.077281,-0.232474,-0.05391,0.616456,0.157231,0.434637,-0.088772,-0.582106,0.99884,-0.299127,0.321888,-0.057638,0.086376,-0.391282,0.445286,0.086693,-0.143752,0.247109,0.058728,-0.215577,-0.608599,-0.107075,-0.481659,0.220478,-0.218892,0.559776,-0.229552,-0.218913,-0.627604,-0.118394,-0.585962,-0.147361,0.162074,0.807949,0.139603,-0.383125,-0.229552,-0.166804,0.262928,#
14,-0.326484,-0.327169,-0.532189,-0.544488,-0.232667,0.511596,0.225249,0.511596,0.225249,-0.800725,0.269251,0.113957,-0.428142,0.089349,1.0,0.304739,0.224694,-0.693152,0.043802,-0.324254,0.222961,0.163179,-0.341251,0.118191,-0.425044,0.367603,0.313388,0.03218,0.095258,-0.324957,-0.082815,0.399322,-0.218165,0.172006,-0.126916,-0.327169,-0.180655,0.392858,0.756495,-0.218165,-0.534257,0.159572,-0.059659,-0.507174,-0.323356,0.534181,-0.128505,-0.39682,-0.175247,-0.344475,0.29939,0.230027,-0.218165,-0.26712,0.104857,0.304128,0.300472,0.353046,-0.660291,0.289903,0.305105,-0.306646,0.392858,0.668023,-0.163932,0.337559,-0.218165,0.381221,0.056143,0.156652,0.03218,0.424069,0.490164,-0.202297,-0.185522,-0.475433,0.232023,0.546581,0.373237,-0.030677,-0.202297,0.372481,0.361381,-0.07689,-0.022709,0.23931,-0.030677,-0.337246,0.535077,0.125985,0.592006,0.242203,0.668866,-0.191837,0.099889,0.108307,-0.337246,-0.193889,-0.501016,0.325308,0.29939,0.571981,0.272308,-0.197101,0.117551,0.553966,-0.193889,-0.344775,-0.022744,-0.041921,-0.961198,-0.218165,0.004602,0.683716,-0.011702,0.108454,-0.030677,0.462692,-0.653592,0.430702,0.559104,0.272308,0.117046,-0.006456,0.330385,0.108307,0.668866,0.392858,0.005487,-0.022744,0.285453,-0.191837,-0.430326,-0.796454,0.592006,0.108454,0.0,-0.202297,0.329445,0.361381,0.126282,-0.297761,-0.654142,0.392858,0.373237,0.059973,-0.030677,-0.514668,0.546581,-0.501016,0.361381,0.272308,-0.185522,-0.070345,0.108454,-0.501016,-0.509112,0.154496,-0.185522,-0.202297,-0.224761,-0.428468,0.117551,-0.496219,-0.327924,-0.33994,0.225249,0.336112,0.362762,0.108454,-0.307972,0.038197,-0.326543,0.361381,-0.394896,-0.459534,0.072301,-0.285879,-0.504054,0.096406,0.350113,0.241115,0.770748,0.30032,-0.169937,-0.089295,0.127927,0.285453,0.548972,-0.280407,-0.030677,0.363296,-0.287751,-0.114306,-0.009553,-0.426765,0.069155,0.285453,0.350354,0.490164,#
15,0.077821,-0.489482,-0.272874,-0.801958,-0.161425,-0.168072,0.580114,-0.168072,0.580114,-0.087292,0.152382,0.625088,0.258014,-0.368771,0.304739,1.0,-0.174745,0.072067,0.185377,0.413561,-0.25995,0.163923,0.070598,0.366017,-0.31673,-0.071406,0.124612,-0.214448,0.087416,-0.101963,-0.215068,-0.170584,-0.3264,0.612499,0.580623,0.055731,0.29513,0.351387,0.045257,-0.3264,0.048782,0.145526,-0.292614,-0.733021,0.016169,0.285744,0.260114,0.343801,0.092393,-0.314376,0.276987,-0.005331,-0.3264,-0.353811,-0.336369,-0.16536,-0.105854,0.16336,-0.305183,-0.340637,-0.082801,-0.124654,0.351387,0.26972,0.424218,-0.130563,0.331886,0.132016,0.34805,0.290715,-0.178223,-0.166965,-0.3264,-0.271146,-0.086203,-0.317123,-0.271146,-0.045467,-0.038713,-0.304838,-0.54117,0.448394,-0.052308,-0.356477,0.132726,0.263274,-0.721223,-0.47222,0.128305,0.346945,-0.267942,0.122575,0.153307,0.135411,-0.09157,-0.07325,-0.08102,-0.587732,-0.295086,-0.150387,0.276987,-0.023491,-0.384684,0.122575,0.352983,0.603733,-0.587732,0.335432,-0.295086,0.438732,-0.237159,-0.3264,0.208332,0.166126,0.172779,-0.08102,-0.304838,0.172779,-0.181262,-0.098736,0.078462,-0.384684,0.331998,0.132293,-0.269353,0.040695,0.153307,0.351387,0.087641,-0.295086,0.281956,0.135411,0.302544,-0.049616,-0.267942,-0.08102,0.0,-0.271146,0.002045,-0.052308,0.367708,-0.606295,-0.312134,0.351387,-0.038713,0.660786,-0.304838,0.148015,-0.045467,-0.295086,-0.052308,-0.384684,-0.086203,-0.072895,-0.08102,-0.295086,0.200838,-0.172651,-0.086203,0.110065,-0.500259,0.095168,-0.034576,0.146174,0.064741,0.084716,0.045257,0.301295,-0.083137,-0.35812,0.058708,0.430964,0.013765,-0.052308,-0.335477,-0.43261,0.565529,0.071484,-0.351336,-0.125042,0.49922,0.568738,0.035506,0.470153,0.356441,0.097621,0.098924,0.281956,-0.046503,0.42093,-0.304838,0.350859,0.55015,0.131834,-0.283642,-0.219983,0.724371,0.281956,-0.372519,-0.3264,#
16,-0.041067,-0.001693,-0.222803,0.222492,0.193115,0.241295,-0.011268,0.241295,-0.011268,-0.4363,-0.127854,-0.168224,-0.244718,0.411389,0.224694,-0.174745,1.0,-0.423255,-0.072425,-0.380982,-0.581251,0.237509,0.38628,-0.050995,-0.168241,-0.386174,-0.211344,0.167333,-0.005052,-0.496052,0.230209,0.612585,0.343048,-0.243767,-0.605837,-0.499428,-0.223711,-0.347197,0.026292,-0.333032,-0.010344,0.305947,0.218953,0.168671,-0.485199,-0.01018,0.265477,0.225154,0.124613,0.003464,0.421637,0.465361,-0.333032,-0.28092,0.035231,-0.049644,0.04043,0.463402,-0.573199,-0.190145,0.303865,-0.456367,-0.347197,0.598533,0.09752,0.169483,0.318008,0.042638,0.316127,0.211975,-0.314163,0.236856,0.368088,-0.583777,-0.4486,0.290069,-0.153877,0.029992,-0.006426,0.221833,-0.206761,0.040614,0.496349,0.39002,-0.17875,0.179101,0.246056,-0.41009,-0.186316,-0.377885,0.314827,0.199213,-0.178594,-0.22681,0.019251,0.05376,-0.000438,0.012852,-0.237266,-0.32481,0.421637,0.015318,0.341809,-0.235621,-0.011967,-0.219703,0.514061,-0.601698,-0.220358,-0.042209,-0.330572,-0.333032,-0.201728,0.207785,-0.223509,0.417968,0.221833,-0.206739,0.21137,0.137889,0.003642,0.341809,-0.385875,-0.618126,0.218478,0.031032,-0.178594,-0.347197,0.378221,-0.220358,-0.267944,-0.22681,-0.339583,-0.052075,0.314827,0.015318,0.0,-0.583777,-0.194103,0.496349,-0.038952,0.062264,0.197476,-0.347197,-0.006426,0.19835,-0.189969,-0.113712,0.029992,-0.237266,0.026269,0.341809,-0.4486,-0.389652,0.031074,-0.237266,-0.274037,0.26758,0.531065,-0.206761,0.183923,0.19835,-0.395261,-0.226318,8.9e-05,0.401564,0.007512,0.050457,0.023918,0.417968,-0.035797,0.125375,0.037259,0.026269,-0.670152,-0.287957,-0.235928,-0.499591,0.01108,0.620936,-0.399858,-0.024691,0.499552,-0.444453,0.332228,-0.375912,0.017356,0.361675,0.032331,-0.494987,0.246056,0.001243,-0.009908,0.352774,0.253171,-0.175356,0.188955,0.361675,-0.211975,0.368088,#
17,0.317013,0.148795,0.167128,0.132402,-0.01389,-0.112492,-0.316265,-0.112492,-0.316265,0.515379,-0.569713,-0.212782,0.276698,0.128453,-0.693152,0.072067,-0.423255,1.0,0.206673,0.690579,-0.109573,0.082136,0.112047,0.128387,0.312568,-0.118346,-0.185158,0.209913,-0.527544,0.181955,0.375715,-0.206526,0.227062,0.201677,0.307123,0.173594,0.512047,-0.2253,-0.316265,0.032437,0.381127,0.113077,0.235523,0.088582,-0.018875,-0.335453,0.230008,0.149974,-0.124437,0.01934,-0.058517,0.026189,-0.0,-0.121931,-0.518897,-0.128795,-0.356449,-0.148814,0.417164,-0.236893,-0.23506,0.136779,-0.2253,-0.391926,0.152747,-0.286592,0.194625,-0.284152,0.247349,0.357199,0.120807,-0.207892,-0.648749,0.411048,0.315178,-0.258269,-0.00663,-0.387411,-0.374584,0.260694,0.411048,-0.185528,-0.198392,-0.127513,0.274565,0.013114,-0.448974,0.537477,-0.158583,0.094694,-0.469444,0.080471,-0.518009,0.488561,0.128064,-0.409922,-0.013607,0.299667,0.700868,-0.262747,-0.089643,-0.442228,-0.265009,0.502941,0.128064,-0.158583,-0.374584,0.542791,0.109511,-0.174304,0.645664,0.0,0.25483,-0.430937,0.137589,0.224516,0.260694,-0.448974,0.505326,-0.400579,-0.532476,-0.265009,0.114335,0.114567,-0.288438,0.140415,-0.518009,-0.2253,-0.056533,0.109511,-0.247271,0.488561,0.609326,0.638665,-0.469444,-0.564691,0.0,0.411048,-0.362662,-0.198392,0.102053,-0.155279,0.488561,-0.2253,-0.374584,0.339764,0.137589,0.385003,-0.387411,0.700868,-0.338919,-0.265009,0.315178,0.401543,0.108856,0.700868,0.830024,-0.438036,-0.220346,0.523754,-0.15835,0.382235,0.01348,0.8429,0.655929,0.125874,0.340593,0.019075,-0.67112,0.108856,-0.001295,0.250132,0.339859,-0.338919,0.122461,0.609326,0.404074,0.147982,0.383613,-0.125975,-0.151381,-0.312273,-0.967136,-0.357301,0.164234,0.306551,0.099079,-0.05905,-0.38938,0.286839,-0.448974,-0.532757,0.290317,-0.125222,0.240885,0.293151,-0.147861,-0.05905,-0.297667,-0.648749,#
18,0.421894,0.355769,-0.491936,-0.192118,0.776201,0.043802,-0.044079,0.043802,-0.044079,0.19597,-0.358928,-0.233086,0.607098,0.517857,0.043802,0.185377,-0.072425,0.206673,1.0,-0.08746,-0.048044,0.358034,0.185005,-0.212304,-0.785912,-0.185752,-0.059679,0.39374,0.159695,-0.60085,-0.108958,0.364128,-0.40339,0.440438,-0.192505,0.457888,0.874155,0.379349,0.35664,-0.40339,0.697223,-0.149003,0.253131,-0.118585,-0.580773,-0.111322,0.352828,-0.155997,0.071457,-0.238532,-0.139554,-0.379052,0.264474,-0.452847,-0.275885,-0.667314,-0.486373,0.541227,-0.352061,-0.177938,0.392594,-0.191501,0.379349,-0.026919,0.199318,0.402705,0.317904,0.147511,0.323783,0.538103,-0.46783,-0.601312,0.157616,-0.380206,0.111524,-0.323248,-0.036219,-0.68919,0.028564,-0.142438,-0.024389,-0.391111,-0.470994,-0.627424,-0.071239,-0.359025,-0.65931,-0.26475,0.063027,0.609347,-0.48811,0.368461,-0.431928,0.43068,-0.256828,-0.708308,-0.655105,0.028564,-0.081371,-0.22915,0.501308,0.08825,-0.374064,0.020526,-0.606544,-0.310978,-0.52673,-0.185413,0.297426,-0.167739,0.033418,0.264474,-0.077794,-0.06716,-0.484369,0.120001,-0.142438,-0.108643,0.413818,-0.29209,0.13637,-0.374064,0.188891,0.361183,-0.220019,0.172997,-0.431928,0.379349,-0.183651,0.297426,-0.265499,0.43068,-0.224291,0.138181,-0.48811,-0.302105,0.0,-0.380206,-0.5874,-0.470994,-0.232999,-0.254938,-0.021981,0.379349,0.028564,-0.054798,-0.108643,0.688905,-0.68919,-0.081371,-0.432416,-0.374064,0.111524,-0.13639,0.151753,-0.081371,0.355931,0.351955,-0.485722,-0.349266,-0.355617,0.082197,-0.638,-0.043488,0.621711,0.199929,-0.064115,-0.556323,-0.6394,0.516893,-0.21293,0.516496,-0.076913,-0.432416,-0.384771,0.354031,0.161148,0.441208,0.235485,-0.514855,0.291084,-0.043321,-0.183146,0.109962,0.304851,-0.264164,0.985354,-0.31717,-0.68754,-0.006181,-0.591719,-0.185607,0.480963,0.327181,0.28766,0.094064,0.172366,-0.31717,-0.41553,0.157616,#
19,-0.042223,-0.607001,-0.105814,-0.142551,-0.38415,0.146243,-0.074908,0.146243,-0.074908,0.114999,-0.10622,0.059468,0.117603,-0.198519,-0.324254,0.413561,-0.380982,0.690579,-0.08746,1.0,-0.02651,0.419556,-0.206923,0.137949,0.488821,0.200077,0.031779,-0.071507,-0.303118,0.32752,0.389158,-0.423849,0.304888,0.523549,0.577251,-0.064456,0.070983,-0.177147,-0.074908,0.147187,-0.129769,0.10566,-0.005725,-0.197876,0.102936,0.158278,-0.082417,0.030775,0.000829,-0.277432,0.296192,0.194916,-0.404765,0.1219,-0.28205,0.313647,0.029884,-0.305327,0.377191,-0.347519,-0.202702,0.354654,-0.177147,0.044782,-0.064725,-0.414108,0.278604,0.042427,0.008186,0.151952,-0.143707,-0.081181,-0.404764,0.391081,0.593708,-0.216933,0.052645,0.130075,-0.458649,0.332305,-0.004656,0.57215,0.069883,-0.207911,0.774918,0.373154,-0.575225,0.160788,0.108833,0.201927,-0.161659,0.027349,-0.057204,0.041786,0.547601,0.111023,0.120362,0.087683,0.350204,-0.46697,-0.233443,-0.633047,-0.297045,0.369669,0.547601,0.108833,-0.458649,0.739022,-0.12896,0.152456,0.247316,-0.404764,-0.017273,-0.382486,0.332305,0.219591,0.332305,-0.142975,0.047245,-0.024509,-0.297103,-0.297045,0.535849,0.304446,-0.349451,0.55695,-0.057204,-0.177147,-0.091616,-0.12896,0.371111,0.041786,0.396786,0.26457,-0.161659,-0.326171,0.0,0.391081,-0.254676,0.069883,0.120362,-0.37769,0.041786,-0.177147,-0.458649,0.461133,0.332305,-0.026739,0.130075,0.350204,0.069883,-0.297045,0.593708,0.308819,0.219591,0.350204,0.482167,-0.79547,0.044523,0.786818,-0.238795,0.099798,0.145274,0.796749,0.243098,-0.164439,0.457331,0.309324,-0.247789,-0.186514,0.147569,-0.04375,0.456345,0.069883,0.027186,0.396786,0.564738,-0.045666,-0.099425,0.009512,-0.123727,-0.043973,-0.574595,0.077204,0.305732,0.043981,-0.178472,0.371111,0.128371,0.449975,-0.142975,-0.11304,0.451657,-0.525387,-0.004263,0.124423,0.145731,0.371111,-0.296668,-0.404764,#
20,-0.498393,-0.033109,-0.254078,0.199322,-0.227993,0.222961,-0.49956,0.222961,-0.49956,-0.009063,0.130977,-0.326495,-0.238608,-0.009063,0.222961,-0.25995,-0.581251,-0.109573,-0.048044,-0.02651,1.0,-0.225918,-0.841874,0.04768,0.183437,0.835308,0.216987,0.286942,-0.017735,0.50578,0.157939,-0.178251,-0.33304,0.180833,0.096619,-0.033109,-0.194546,0.439928,0.511454,0.354185,-0.438972,-0.301648,0.227147,0.272588,0.050287,0.479528,-0.754272,-0.630077,-0.100842,-0.435201,-0.414534,-0.026873,0.301322,0.184978,0.006873,0.467057,0.45791,-0.528785,0.183953,0.180703,-0.241756,0.151082,0.439928,-0.186627,-0.526636,-0.18847,-0.33304,-0.092096,-0.698053,-0.210416,0.305094,0.148311,0.327753,0.594434,0.531375,-0.305499,0.578227,0.419822,0.51437,0.25688,0.21177,0.053025,0.038619,-0.38882,0.271049,-0.1651,0.197872,0.412093,0.660989,0.426459,0.317975,0.224765,0.614094,0.200342,0.43517,0.018454,-0.020328,0.51437,0.22983,0.575646,-0.46526,0.395461,0.342211,0.241158,0.02325,0.22046,-0.014696,0.135667,0.676004,-0.353717,-0.114582,0.301322,-0.223223,0.21087,0.215574,0.018479,0.25688,0.658132,-0.617648,0.381036,0.419609,0.342211,0.466389,0.709699,0.45611,0.058132,0.614094,0.439928,-0.770333,0.676004,0.362078,0.200342,-0.297604,-0.390747,0.317975,0.395461,0.0,0.594434,0.19898,0.038619,0.035111,-0.007967,-0.230938,0.439928,0.51437,-0.639654,0.658132,-0.458304,0.419822,0.22983,0.496655,0.342211,0.531375,0.387277,0.395461,0.22983,-0.18429,-0.287289,-0.464101,0.227077,-0.117085,-0.221486,0.396725,-0.163324,-0.396912,-0.861372,0.015859,-0.042692,0.408689,0.002772,-0.40383,-0.598389,-0.498483,0.496655,0.662973,0.383585,0.237267,-0.037458,-0.447559,-0.31635,-0.047196,-0.480749,0.01334,0.449746,-0.343487,-0.102668,-0.020287,-0.25141,0.418252,-0.052997,0.197872,0.007673,-0.500274,-0.541359,0.2017,-0.229568,-0.647113,-0.25141,0.386268,0.327753,#
