0,1.0,-0.166627,0.312025,0.414237,0.30608,-0.271731,-0.332797,-0.111111,0.244461,0.061361,-0.407791,0.128915,-0.27159,0.052182,0.0,-0.407868,-1.9e-05,0.144147,0.244353,0.3669,-0.271911,-0.218052,0.176722,0.276468,-0.16663,-0.333201,0.169512,-0.407705,0.240084,-0.111111,-0.105115,-0.406875,-0.111111,0.148039,0.222154,-0.271984,0.217886,0.213855,-0.111111,-0.218165,0.322715,0.271803,-0.989225,0.241712,0.666667,-0.32515,0.335309,0.046575,0.097914,0.176981,-0.457601,0.0,1.0,0.003245,0.213733,0.358823,0.105283,0.047619,-0.218214,-0.457601,0.193791,-0.170464,0.193305,-0.508107,0.252213,0.120933,0.39478,-0.925185,0.219365,0.105962,0.170435,0.019838,-0.111111,-0.333075,-0.665376,0.124703,0.317756,-0.333069,0.258841,0.082469,0.408248,0.148393,0.258841,-0.407832,0.205961,0.509175,0.148393,-0.218107,0.317756,-0.407832,0.265403,0.205961,0.325405,0.325405,0.258841,-0.407832,0.252468,0.154346,0.388544,0.24365,-0.664182,0.317756,0.148393,0.258841,0.205961,-0.218107,0.205961,0.205961,0.388544,-0.407832,0.252468,0.0,0.317756,0.205961,0.082469,-0.218103,0.398178,0.240107,0.388544,-0.394371,0.398178,0.252468,0.089414,-0.272023,0.110523,-0.333075,0.494925,0.10574,-0.65702,0.398178,0.148393,0.082469,-0.508492,0.148906,0.059391,-0.271981,-0.111111,0.205961,0.128913,0.089414,0.205961,0.132223,-0.218107,-0.0,0.142567,-0.108639,0.310366,0.248334,0.148393,0.310366,-0.407832,0.148393,0.666667,-0.271981,0.082469,0.642529,0.169327,0.145719,0.082469,0.509175,-0.120277,0.642529,0.666667,0.148393,0.194306,-0.27867,0.37931,0.006907,-0.272023,0.317756,-0.285458,0.224613,0.398178,0.148393,-0.185072,0.142567,1.0,-0.340527,-0.340527,0.043811,-0.285458,-0.516483,-0.357742,-0.285664,-0.285211,0.132223,0.316075,0.082469,-0.332948,-0.27867,-0.272163,-0.192123,-0.42785,-0.340527,-0.68688,0.666667,-0.407159,0.142567,0.051743,-0.165812,#
1,-0.166627,1.0,0.012966,0.137089,-0.009783,0.611639,0.503391,-0.166627,-0.111818,0.157748,0.408085,0.268169,-0.407287,0.176711,0.0,-0.074739,-1.5e-05,-0.05974,-0.183854,0.254816,-0.407769,0.785226,-0.237026,-0.088458,0.399094,0.018082,-0.344885,-0.091911,0.421117,0.650171,-0.584177,-0.108448,-0.166627,-0.600237,-0.20405,0.632611,-0.207156,-0.210405,-0.166627,0.236025,0.001774,-0.611411,0.212489,0.250921,-0.24994,0.072267,0.014749,-0.128278,-0.266713,0.330039,0.053824,0.338593,-0.166627,0.345556,0.320523,-0.132515,0.221041,0.169427,0.399965,0.053824,0.242975,-0.231045,0.314818,0.330039,0.048372,-0.39433,0.101809,0.085277,0.396088,0.286028,-0.358575,-0.279415,-0.166627,0.001336,-0.37568,0.187009,-0.499484,-0.001914,-0.101943,0.170307,0.112041,-0.37568,-0.101943,-0.097651,-0.216417,-0.327248,-0.37568,-0.327082,0.007092,-0.106788,-0.097027,0.339766,0.003873,-0.49961,-0.61166,-0.097651,-0.611602,-0.371307,-0.407873,-0.168804,0.243411,-0.001914,0.257726,-0.092718,-0.216417,-0.327082,-0.206529,-0.216417,0.106253,0.407163,-0.097651,0.0,-0.499484,-0.216417,0.170307,0.21805,-0.407936,-0.165664,0.106253,0.486081,-0.407936,-0.097651,-0.664056,0.104447,0.198244,0.001336,-0.327075,0.19096,0.341063,0.104447,-0.364419,-0.654182,0.330661,-0.090106,0.198215,0.106253,-0.166627,-0.762711,0.544819,-0.664056,-0.206529,-0.552801,0.21745,0.316351,0.248733,0.27571,0.001336,-0.094653,0.257726,0.001336,-0.097651,0.257726,-0.24994,0.097113,0.170307,-0.249812,-0.147948,0.276033,0.170307,-0.327248,-0.205424,-0.249812,-0.24994,-0.364419,-0.215533,0.626857,0.09903,-0.678152,0.626105,-0.499484,0.156977,-0.476044,-0.407936,0.257726,0.385792,0.248733,-0.166627,0.535279,0.535279,-0.608482,0.136932,-0.15187,0.055385,0.642589,0.641571,0.242469,0.027638,0.170307,0.031002,0.626857,0.092036,0.42492,0.460153,0.535279,0.316945,-0.24994,0.437899,0.248733,0.17269,0.327556,#
2,0.312025,0.012966,1.0,-0.062888,0.193033,-0.396193,0.252815,-0.332654,0.453254,0.320014,0.420817,-0.05209,-0.366992,0.315683,0.0,-0.437504,4.7e-05,0.465645,0.297897,0.678105,0.01396,-0.197365,0.236693,0.367131,-0.043561,-0.211057,-0.414745,0.011355,0.442065,0.363599,0.346906,0.066101,-0.332654,-0.019342,-0.217495,0.022093,-0.224859,-0.264527,-0.332654,-0.653163,-0.617018,-0.006939,-0.306825,-0.185974,-0.015472,-0.696088,0.25076,0.039994,-0.243977,0.23704,-0.171441,0.001497,0.312025,0.411934,-0.232366,-0.021737,0.367984,-0.351743,0.235779,-0.171441,0.520468,0.480193,0.029358,-0.19358,-0.217277,0.48191,0.424806,-0.44823,0.22745,0.313303,0.492425,-0.09024,0.286237,0.215039,-0.50782,0.344405,-0.187742,-0.634661,-0.462927,0.326405,0.369518,-0.035662,-0.834287,0.421425,-0.235977,0.173881,-0.526706,-0.230843,0.17477,-0.016677,-0.455718,-0.235977,-0.248502,0.585831,-0.060619,0.022987,-0.032001,-0.56553,-0.063122,0.300891,-0.481613,-0.619557,-0.526706,0.381737,0.1952,-0.188819,0.1952,0.1952,0.007214,0.022987,0.436749,0.0,-0.187742,0.1952,0.326405,-0.255817,-0.425548,0.332758,0.844037,-0.328355,-0.425548,0.804538,-0.372638,-0.441102,-0.385274,0.244906,0.15789,-0.29592,0.021113,-0.425548,0.504265,0.326405,-0.657585,-0.01346,0.363894,-0.008116,-0.332654,0.1952,-0.04923,-0.372638,0.669301,-0.474532,0.200853,-0.229712,-0.001103,0.332236,0.229972,0.436826,0.013221,0.229972,0.022987,0.504265,-0.015472,-0.008116,0.326405,-0.029272,-0.09469,0.515475,0.326405,0.207644,-0.3694,-0.029272,0.448697,0.504265,0.242076,0.013125,-0.004357,0.22266,0.003568,0.204979,-0.044793,0.502444,-0.425548,0.013221,0.0101,0.036396,0.312025,0.200244,0.200244,0.314186,0.412038,-0.294221,-0.266784,0.013455,-0.001168,0.471185,0.200185,0.326405,-0.245554,0.013125,0.037903,-0.510119,-0.041223,0.200244,-0.540781,-0.015472,0.003723,-0.451092,-0.307426,0.070318,#
3,0.414237,0.137089,-0.062888,1.0,-0.419342,-0.220524,-0.377148,-0.27176,-0.174794,0.17818,0.238035,0.396939,-0.257279,0.235018,0.0,0.254447,2.4e-05,-0.30619,-0.414019,-0.167472,-0.665052,-0.048672,-0.818578,0.238095,0.602552,0.391172,-0.088555,-0.222672,-0.146882,-0.27176,-0.652474,-0.589985,-0.27176,0.104289,0.108837,-0.21184,0.101064,0.060527,-0.27176,0.376028,0.010529,-0.17491,-0.377037,0.211207,0.621355,0.392103,-0.395941,-0.851223,0.359964,0.09666,-0.312017,0.255052,0.414236,0.273816,0.093004,0.32234,0.284506,0.223377,-0.23433,-0.312017,-0.075967,0.080269,0.432528,0.080392,0.663356,-0.672824,-0.253744,-0.201105,-0.270167,0.206829,-0.158474,0.319388,0.361468,-0.050691,-0.139472,0.302961,-0.011,0.375363,0.633085,0.201705,0.578425,0.362947,0.253122,-0.213518,0.503747,0.329909,0.362947,-0.533455,-0.041909,-0.197839,0.649135,0.503747,0.389298,0.37366,-0.206,-0.213518,0.194149,0.377507,0.11902,0.384801,-0.122712,0.406272,0.362947,0.205627,0.503747,-0.101531,0.045614,0.503747,-0.257416,0.209829,-0.589826,0.0,-0.011,0.503747,-0.464118,0.330067,0.162235,0.119937,-0.257416,0.312354,0.162235,-0.213518,0.218691,0.560101,0.217833,-0.81465,0.313135,-0.396306,-0.607863,0.59193,-0.158796,-0.489727,0.051862,0.199501,0.145262,0.11902,0.414236,0.045614,0.17059,0.218691,0.045614,0.04938,-0.134756,-0.510944,0.348695,0.064692,-0.020133,-0.592032,0.362947,-0.020133,-0.213518,-0.139472,0.106857,0.134705,0.201705,0.09211,-0.227274,-0.256423,0.201705,0.364454,0.210399,0.09211,0.581778,-0.158796,-0.375894,-0.234914,-0.263208,-0.357062,0.560101,-0.412818,0.13041,-0.557572,0.162235,0.362947,-0.420587,-0.610499,0.414237,-0.385701,-0.385701,-0.548257,-0.670869,-0.450439,-0.036743,-0.24081,-0.240429,0.026545,-0.416951,-0.464118,0.399044,-0.234914,-0.665671,0.096052,-0.205966,-0.385701,-0.163107,0.106857,-0.547584,-0.111718,0.126556,0.077674,#
4,0.30608,-0.009783,0.193033,-0.419342,1.0,0.417983,0.149707,0.30608,0.342891,-0.28347,-0.422972,0.489732,0.011053,0.2927,0.0,-0.444184,0.0,0.453763,0.248246,0.160429,0.421396,0.183509,0.618595,0.0259,-0.498932,-0.99769,-0.040605,-0.391299,0.332459,0.332695,0.347979,0.398341,0.30608,-0.404522,-0.191153,0.375271,0.235562,-0.189678,-0.332695,-0.653243,0.212741,0.423853,-0.330338,-0.30086,-0.019962,-0.481002,0.527391,0.648193,0.298156,-0.272827,-0.344502,-0.475941,0.30608,-0.530585,0.187836,-0.050261,-0.440333,-0.36968,-0.18295,-0.344502,0.006468,-0.028121,0.113324,-0.700187,-0.353024,0.464666,0.382736,-0.43578,0.540381,0.472615,-0.010807,-0.448272,-0.332695,-0.589321,-0.479874,0.316739,-0.24898,-0.551607,-0.381412,-0.29404,-0.016299,-0.479874,0.001879,0.045125,-0.701275,0.182952,-0.499367,0.244962,0.163694,-0.373557,-0.447396,-0.24819,-0.240339,-0.224564,0.401141,-0.422868,-0.389374,0.002311,0.017684,-0.593367,-0.490877,-0.17745,0.016627,-0.01597,-0.194826,-0.653068,0.669055,-0.684158,0.363911,-0.802473,0.804334,0.0,-0.24898,-0.684158,0.325951,-0.164771,-0.043912,-0.163302,0.379734,-0.336542,0.415044,-0.027447,-0.341161,-0.814506,0.384944,0.606548,-0.243138,0.370437,0.024213,-0.429209,-0.053319,0.325951,-0.18071,-0.388605,0.36278,0.056774,-0.332695,0.21597,-0.060356,-0.341161,0.179724,-0.17708,-0.209475,0.525729,-0.462169,-0.291263,0.221222,0.80194,-0.540646,-0.219409,-0.422868,0.503954,0.459119,-0.81438,-0.29404,-0.033633,0.404642,0.336196,-0.29404,0.200376,0.132051,0.52045,-0.019962,0.503954,0.229255,0.033376,0.418966,0.106717,-0.389546,0.586456,-0.360774,0.391112,-0.043912,-0.540646,-0.012581,0.486075,0.30608,0.217684,0.217684,0.313085,0.430174,-0.120345,-0.233851,-0.014088,0.410923,-0.228909,0.169357,0.325951,-0.609236,0.033376,0.032598,-0.032961,0.419785,0.217684,0.022782,0.459119,0.021181,0.002277,-0.303669,-0.496485,#
5,-0.271731,0.611639,-0.396193,-0.220524,0.417983,1.0,0.365411,0.367636,-0.214261,-0.31652,-0.165894,0.440493,0.160833,0.292346,0.0,-0.186646,-2.4e-05,-0.06221,-0.334977,-0.055713,0.176617,0.775147,0.078182,-0.110127,0.121664,-0.392691,-0.15366,-0.166831,0.217834,0.394276,-0.269165,0.229722,0.367636,-0.49968,-0.296317,0.558863,0.13304,0.125276,-0.271731,-0.074318,0.42814,-0.132943,0.266123,0.024795,-0.407596,0.154372,-0.088234,0.29406,0.156223,-0.352197,0.11912,0.051041,-0.271731,-0.507965,0.502735,-0.266409,-0.472547,0.280449,0.094176,0.11912,-0.120197,-0.41534,0.027158,0.042023,0.096032,-0.110181,0.149399,0.128402,0.563483,0.442058,-0.605587,-0.434259,-0.271731,-0.406191,-0.093883,0.27404,-0.440042,0.037267,-0.124873,-0.33979,-0.241444,-0.56215,0.258773,-0.125721,-0.387192,-0.115105,-0.093883,-0.053873,-0.026986,-0.133171,-0.190521,0.066312,-0.025264,-0.814751,-0.156843,-0.198359,-0.54479,-0.082802,-0.2124,-0.728278,0.400057,0.037267,0.422588,-0.574341,-0.308584,-0.533397,0.110655,-0.798369,0.134148,-0.166696,0.254235,0.0,-0.440042,-0.798369,0.280775,0.399839,-0.279599,-0.313337,-0.245937,0.315972,0.179783,-0.578315,-0.390784,-0.247461,0.350851,0.405102,-0.533387,0.338879,0.483491,-0.247461,-0.64249,-0.391503,0.541233,-0.562214,0.330364,0.206811,-0.271731,-0.342849,0.365844,-0.390784,-0.37913,-0.250159,-0.089393,0.784164,-0.05697,-0.199565,0.034848,0.256813,-0.135201,-0.406191,-0.198359,0.422588,0.071929,-0.25339,-0.33979,-0.407388,0.298108,0.119157,-0.33979,-0.533668,0.208113,0.147207,-0.407596,-0.084701,-0.315802,0.621375,0.194566,-0.499797,0.177892,0.006058,0.247822,-0.250212,-0.279599,-0.135201,0.120647,0.407906,-0.271731,0.471577,0.471577,-0.348039,0.231477,0.19363,0.032449,0.588623,0.635961,-0.302035,0.005185,0.280775,-0.381846,0.621375,0.182716,0.623231,0.725537,0.471577,0.486462,0.071929,0.311797,0.407906,0.287822,0.064332,#
6,-0.332797,0.503391,0.252815,-0.377148,0.149707,0.365411,1.0,0.296111,0.416388,-0.249322,0.447491,-0.039525,-0.001928,0.343969,0.0,-0.025927,-2.4e-05,0.120011,0.25526,0.318787,0.384572,0.633905,0.197905,0.02111,0.021429,-0.151479,0.051049,0.028205,0.835518,0.322316,-0.177996,0.439857,0.296111,-0.727497,-0.196335,0.790266,0.223702,-0.195063,-0.332797,-0.201733,-0.209703,-0.003846,0.32306,0.259989,-0.499196,-0.524833,0.127246,0.158538,-0.193764,0.265516,0.040085,-0.330142,-0.332797,0.175048,-0.229188,-0.498715,0.3213,-0.308635,0.106931,0.040085,0.016259,0.004475,-0.440775,0.232529,-0.481272,-0.017806,0.411173,0.208126,0.578736,0.360357,0.017103,-0.298495,-0.332797,-0.162104,-0.004854,0.345111,-0.190419,-0.598525,-0.812828,-0.285608,0.003209,-0.465462,-0.435457,0.025191,-0.198955,-0.241884,-0.484654,-0.24079,-0.222923,0.017863,-0.427967,-0.234642,-0.221278,-0.165547,-0.45118,0.009618,-0.776338,-0.543287,-0.814629,-0.082766,0.00191,-0.598525,-0.525296,-0.412333,-0.182102,-0.181588,-0.251494,-0.182102,-0.028407,0.040763,0.398932,0.0,-0.190419,-0.182102,0.324806,-0.216037,-0.43541,-0.104962,0.432514,0.078282,-0.43541,0.025191,-0.331674,-0.403798,-0.347719,0.581468,-0.653256,0.341648,0.53518,-0.403798,0.004177,-0.336476,-0.245154,0.070791,0.359978,-0.402275,-0.332797,-0.215807,0.09038,-0.331674,0.23028,-0.168108,-0.216527,0.243579,-0.448306,-0.112538,-0.162104,0.399031,0.023369,-0.162104,0.009618,0.503169,-0.027515,0.035737,-0.285608,-0.498941,-0.324799,0.532319,-0.285608,-0.224729,0.114883,-0.498941,-0.499196,0.004177,-0.196074,0.420812,-0.408158,-0.48755,0.014597,0.193308,0.048332,-0.156066,-0.43541,0.023369,0.009555,0.485291,-0.332797,0.59981,0.59981,-0.316516,0.40906,-0.203751,0.202183,0.811822,0.401014,0.469739,0.196362,0.324806,-0.190199,0.420812,0.019259,0.499761,0.403312,0.59981,0.002492,-0.027515,0.404177,0.008966,-0.296538,0.541431,#
7,-0.111111,-0.166627,-0.332654,-0.27176,0.30608,0.367636,0.296111,1.0,0.244461,-0.990543,-0.407791,0.128915,0.361241,0.052182,0.0,0.240399,-2.1e-05,-0.399804,0.244353,-0.215481,0.387268,0.479714,0.176722,-0.407858,-0.16663,-0.333201,0.104315,0.298984,0.240084,-0.111111,0.147161,0.301875,1.0,-0.400254,-0.508615,0.380778,0.246938,0.242754,-0.111111,-0.218165,0.348952,0.298984,0.142515,0.241712,-0.166667,-0.32515,0.196751,0.326022,0.305611,-0.508107,-0.457603,-0.645094,-0.111111,-0.645842,0.241491,0.176371,-0.021057,0.047619,-0.703138,-0.457603,-0.663974,-0.202627,-0.654523,0.176981,-0.312443,0.120932,0.421455,0.142336,0.071145,0.148346,0.203854,-0.641428,-0.111111,-0.333075,0.148393,0.167703,0.317756,-0.333069,-0.407871,-0.995968,-0.272166,-0.665376,0.258841,-0.407832,0.205961,0.509175,0.148393,-0.218107,0.317756,-0.407832,0.265403,0.205961,0.325405,-0.333153,0.258841,0.252468,-0.407832,0.154346,-0.271981,-0.483025,0.113397,-0.333069,0.148393,-0.407871,-0.508597,-0.218107,0.205961,-0.508597,0.388544,-0.407832,0.252468,0.0,0.317756,-0.508597,0.082469,-0.218103,0.398178,0.240107,-0.271981,0.303994,0.398178,-0.407832,0.089414,-0.272023,0.154732,0.310366,-0.218103,0.149799,0.10108,-0.272023,0.148393,0.082469,0.200062,-0.399696,0.059391,-0.271981,-0.111111,0.205961,0.246106,0.089414,0.205961,0.132223,-0.218107,0.430339,-0.66531,-0.944327,-0.333075,0.248334,0.148393,-0.333075,0.252468,0.148393,0.666667,-0.271981,-0.995968,-0.166582,0.491856,-0.391141,-0.995968,-0.218218,0.280646,-0.166582,-0.166667,0.148393,-0.508503,-0.27867,-0.272031,0.006907,-0.272023,0.317756,-0.285458,-0.051834,0.398178,0.148393,-0.185072,0.142566,-0.111111,-0.340527,-0.340527,0.043811,-0.285458,0.234765,0.331881,0.386486,-0.285211,0.132223,0.316075,0.082469,-0.332948,-0.27867,-0.272165,0.638679,0.263625,-0.340527,0.158511,0.666667,-0.407159,0.142566,0.051743,-0.165812,#
8,0.244461,-0.111818,0.453254,-0.174794,0.342891,-0.214261,0.416388,0.244461,1.0,-0.251792,0.201332,0.009697,0.248168,0.357179,0.0,-0.289879,0.0,0.551179,0.771631,0.550968,0.245743,0.054016,0.321225,-0.240898,-0.611015,-0.377472,0.128301,0.198671,0.571084,0.271623,0.290885,0.628232,0.244461,-0.322357,-0.096468,0.216756,0.336632,-0.523498,-0.407434,-0.367096,-0.436787,0.56412,-0.222357,0.404648,0.387063,-0.762639,0.336686,0.203424,-0.164652,0.355889,-0.431482,-0.485716,0.244461,0.157883,-0.558457,0.186587,0.365473,-0.321714,-0.468251,-0.431482,-0.378218,-0.111649,-0.368923,-0.080249,-0.427912,0.068715,0.664472,-0.359916,0.250739,0.249709,0.624153,-0.324115,-0.407434,0.037936,-0.399039,0.401559,0.394945,-0.823582,-0.697,-0.249678,-0.182968,-0.399039,-0.305836,0.200347,-0.090423,0.053346,-0.418933,-0.372224,-0.0365,-0.630477,-0.294384,-0.127414,-0.448882,0.429942,-0.305836,0.184206,-0.243076,-0.476362,-0.609795,-0.157789,-0.411856,-0.44174,-0.46106,0.141893,-0.072955,0.116697,0.309288,-0.072955,0.205165,-0.203196,0.571607,0.0,0.394945,-0.072955,-0.276042,-0.799762,0.198533,0.489488,0.682932,-0.157668,0.198533,0.184206,-0.293523,-0.587888,-0.325304,0.415446,-0.381425,0.386663,-0.376828,-0.194678,0.604995,0.383046,-0.557341,0.154228,0.406528,-0.166221,0.271623,0.346279,-0.340925,-0.293523,0.80867,-0.099909,-0.347074,-0.010521,-0.384532,-0.363641,0.415446,0.56928,0.107659,0.415446,0.184206,0.107659,0.366691,-0.535707,-0.249678,-0.13613,-0.227666,0.281231,-0.249678,0.515675,0.041654,-0.13613,-0.12223,0.604995,0.352714,-0.163297,-0.193883,0.239768,-0.1542,0.394945,-0.570764,-0.014361,0.198533,0.107659,-0.125946,0.089453,0.244461,-0.013038,-0.013038,0.346291,0.23643,-0.101008,-0.457288,0.226959,-0.19789,0.267402,0.371088,-0.276042,-0.429573,-0.163297,-0.133066,-0.151054,-0.289478,-0.013038,-0.470162,0.366691,-0.254366,0.089453,-0.278283,-0.011055,#
9,0.061361,0.157748,0.320014,0.17818,-0.28347,-0.31652,-0.249322,-0.990543,-0.251792,1.0,0.390267,-0.179418,-0.280625,-0.032248,0.0,-0.306436,7.9e-05,0.451452,-0.256279,0.243052,-0.282124,-0.481676,-0.099843,0.443352,0.125506,0.317583,-0.061465,-0.308784,-0.220906,0.10519,-0.112783,-0.231944,-0.990543,0.424345,0.542624,-0.386237,-0.202838,-0.199039,0.10519,0.178599,-0.329322,-0.254103,-0.106813,-0.251764,0.092041,0.320534,-0.233271,-0.253534,-0.334973,0.486662,0.562155,0.664157,0.061361,0.596065,-0.26366,-0.274929,-0.058143,-0.028005,0.761312,0.562155,0.683733,0.162649,0.591553,-0.19007,0.312128,-0.069363,-0.400049,-0.127733,0.008653,-0.142114,-0.257585,0.662026,0.061361,0.318313,-0.100832,-0.170641,-0.323476,0.318342,0.362932,0.995445,0.203983,0.669574,-0.268254,0.444322,-0.248043,-0.568122,-0.132933,0.264924,-0.377842,0.470368,-0.357515,-0.307732,-0.385999,0.292479,-0.268254,-0.261997,0.418275,-0.207006,0.260553,0.445483,-0.063902,0.318342,-0.20091,0.307239,0.516314,0.237328,-0.248043,0.456624,-0.41995,0.389164,-0.180793,0.0,-0.323476,0.456624,-0.025525,0.237916,-0.456272,-0.281434,0.286608,-0.37044,-0.400287,0.389164,-0.074572,0.204653,-0.228451,-0.211711,0.150228,-0.094892,-0.015949,0.204653,-0.20091,-0.068065,-0.214063,0.376851,-0.0328,0.260553,0.061361,-0.188354,-0.293088,-0.074572,-0.248043,-0.096728,0.178888,-0.356489,0.669224,0.963232,0.372062,-0.175956,-0.20091,0.318313,-0.261997,-0.100832,-0.696886,0.286608,0.995445,0.125789,-0.502224,0.461057,0.995445,0.149204,-0.257784,0.193376,0.092041,-0.132933,0.543376,0.370512,0.286251,-0.011988,0.204653,-0.243438,0.355959,0.098143,-0.456272,-0.20091,0.183102,-0.063736,0.061361,0.429195,0.429195,-0.018435,0.381169,-0.188917,-0.360101,-0.336064,0.329575,-0.182077,-0.295951,-0.025525,0.264131,0.370512,0.365021,-0.629224,-0.241054,0.429195,-0.170907,-0.696886,0.492536,-0.095604,-0.028576,0.22833,#
10,-0.407791,0.408085,0.420817,0.238035,-0.422972,-0.165894,0.447491,-0.407791,0.201332,0.390267,1.0,0.079847,-0.140353,0.434557,0.0,0.155958,9.6e-05,0.198919,-0.139641,0.189852,-0.157924,0.107052,-0.508972,0.161068,0.408078,0.417897,-0.332646,0.149959,0.223051,0.258534,-0.240549,0.179143,-0.407791,-0.233322,-0.096202,0.258362,-0.106274,-0.532261,-0.407791,0.083529,-0.813832,-0.273837,0.417474,-0.006826,-0.111943,-0.016372,-0.379364,-0.603671,-0.148825,0.381125,0.147405,0.151649,-0.407791,0.670527,-0.531939,-0.251364,0.465197,-0.232296,0.251837,0.147405,0.116825,0.418239,0.119666,0.381125,-0.007133,-0.393502,-0.15075,0.353809,-0.042523,0.306539,0.064372,0.20843,0.258534,0.399123,0.087613,0.404036,-0.385795,-0.035907,-0.281475,0.381799,0.241559,0.087613,-0.681298,0.563219,-0.073906,-0.364674,-0.400399,-0.380941,-0.418856,0.159789,-0.269765,-0.110204,-0.417049,0.413704,-0.697291,0.167242,-0.252028,-0.456323,-0.60209,0.281054,0.111526,-0.426202,-0.441737,0.125874,0.354609,0.098814,-0.127344,0.354609,-0.578789,0.579059,-0.228735,0.0,-0.385795,0.354609,-0.264931,0.071837,-0.596442,0.042992,0.270288,0.269218,-0.596442,0.167242,-0.281585,0.223465,-0.363214,0.013256,-0.372865,-0.29888,0.152755,-0.17845,0.096799,-0.290801,-0.124575,0.222211,0.403181,0.213434,0.258534,-0.091047,-0.176262,-0.281585,0.362675,-0.37686,0.063276,-0.516141,0.098036,0.449236,0.013256,-0.226028,0.116319,0.013256,0.167242,0.116319,-0.611687,0.262832,0.381799,-0.611375,-0.676382,0.297483,0.381799,0.071539,0.051452,-0.611375,-0.111943,0.096799,-0.095103,0.254214,-0.584804,-0.243059,0.649022,-0.385795,0.254379,-0.398293,-0.596442,0.116319,-0.105707,-0.386442,-0.407791,0.397697,0.397697,-0.294609,0.238027,-0.173449,-0.026778,0.260594,0.229998,0.271905,-0.401242,-0.264931,0.375373,0.254214,-0.150156,-0.089805,0.134043,0.397697,0.038023,-0.611687,0.157157,-0.386442,-0.269342,0.447284,#
11,0.128915,0.268169,-0.05209,0.396939,0.489732,0.440493,-0.039525,0.128915,0.009697,-0.179418,0.079847,1.0,-0.110057,0.613453,0.0,0.073848,6e-05,0.064163,-0.401528,-0.287952,-0.091433,0.319591,-0.378874,0.127933,0.268155,-0.501515,-0.321777,-0.437456,0.034428,0.16197,-0.26831,0.062865,0.128915,-0.469446,-0.300362,0.398099,0.223414,-0.310884,-0.664409,-0.207944,0.018187,0.089755,-0.12046,-0.326866,0.218164,0.127145,-0.090602,-0.28312,0.747031,-0.382826,-0.470638,-0.272517,0.128915,-0.331072,0.200416,0.070382,-0.276254,-0.220096,-0.34551,-0.470638,-0.216338,0.226484,0.527354,-0.382826,0.190045,-0.315334,-0.139824,-0.084424,0.154685,0.766015,-0.324008,-0.185314,0.16197,-0.527873,-0.260464,0.675323,-0.578236,0.033371,0.11154,-0.178722,0.396745,-0.260464,0.091705,0.116129,-0.405275,0.274824,-0.284674,-0.188904,-0.065716,-0.384208,0.044428,0.157433,-0.052552,-0.052552,0.071871,-0.465094,-0.423495,0.351843,-0.10172,-0.440379,-0.254942,0.014009,0.356163,0.049703,0.223707,-0.783898,0.743899,-0.384017,-0.162983,-0.425806,0.076841,0.0,-0.578236,-0.384017,-0.210806,0.384068,-0.171117,-0.223732,-0.143332,0.269356,0.398883,-0.465094,-0.221542,-0.111302,0.662209,0.000225,-0.26478,-0.152831,-0.20749,-0.131241,-0.36015,-0.242888,0.227904,-0.37561,0.584837,0.438088,0.16197,0.181192,0.04916,-0.221542,0.136175,-0.278571,-0.232978,0.0128,-0.251651,-0.194665,0.000225,0.074297,-0.335941,-0.547016,-0.465094,0.356163,0.193373,-0.624189,-0.178722,-0.418407,0.118979,-0.021904,-0.178722,0.296464,0.500352,0.269734,0.218164,0.331954,-0.342282,-0.049742,-0.09472,-0.29158,0.416475,-0.024715,-0.057925,-0.342846,-0.171117,-0.335941,-0.395378,-0.275685,0.128915,0.039912,0.039912,-0.302815,-0.078205,-0.303114,-0.051675,-0.110979,0.41701,-0.342939,-0.54736,-0.210806,-0.009905,-0.049742,-0.574875,0.207461,0.604407,0.039912,0.348957,0.193373,-0.353475,-0.275685,-0.26015,-0.408531,#
12,-0.27159,-0.407287,-0.366992,-0.257279,0.011053,0.160833,-0.001928,0.361241,0.248168,-0.280625,-0.140353,-0.110057,1.0,0.320523,0.0,-0.227109,2.4e-05,0.286506,-0.002388,-0.022942,0.608321,-0.135575,0.135691,-0.102441,-0.407295,0.005207,0.357866,0.228338,-0.160234,-0.27159,0.263919,0.67309,0.361241,0.295494,0.128192,-0.293035,0.550507,0.12907,-0.27159,-0.113027,0.011145,0.681143,0.214064,0.197279,0.087014,0.110321,-0.506174,0.158791,0.110477,-0.324752,0.331988,-0.078075,-0.27159,-0.51656,-0.38792,-0.183007,-0.489204,0.308505,-0.332,0.331988,-0.625526,-0.414377,-0.552011,0.065438,0.224315,-0.044134,0.157241,0.117801,0.143652,0.103098,-0.119515,0.086153,-0.27159,0.004132,0.424063,0.221134,0.384213,0.013537,-0.149098,-0.331349,-0.665257,-0.039419,0.230627,0.290811,0.072517,-0.119107,0.424063,-0.058498,-0.443449,-0.100931,-0.214237,-0.412261,-0.439249,0.023167,-0.16492,0.218915,0.290811,-0.11721,-0.216684,-0.459423,0.420956,0.013537,-0.128025,-0.601418,0.150321,0.356554,0.072517,-0.334458,-0.288605,-0.157158,0.275141,0.0,0.384213,-0.334458,-0.356941,-0.049369,0.11442,0.147334,-0.216684,-0.151887,0.569106,-0.5489,0.300399,-0.267292,-0.410738,0.425393,-0.533111,0.285646,-0.040779,-0.267292,-0.128025,0.282873,0.06172,-0.205142,0.335444,0.175191,0.387609,0.557296,-0.566518,0.300399,0.072517,0.400214,-0.533121,0.265525,-0.050749,-0.366691,0.440663,0.277873,-0.128025,0.004132,0.218915,-0.05873,0.067238,-0.216684,-0.331349,-0.407178,-0.073096,-0.046957,-0.331349,-0.101845,0.493321,0.14175,-0.407385,0.424063,0.12764,0.185363,-0.223037,0.228331,-0.267292,0.439633,0.203127,-0.098816,0.11442,-0.128025,-0.388274,-0.069921,-0.27159,0.035148,0.035148,0.29423,0.203127,0.515898,-0.426425,0.142163,-0.213404,-0.578214,-0.02191,-0.356941,-0.42974,0.185363,0.206682,0.070115,-0.153532,0.035148,-0.117865,0.067238,-0.125611,0.409376,0.292248,0.17421,#
13,0.052182,0.176711,0.315683,0.235018,0.2927,0.292346,0.343969,0.052182,0.357179,-0.032248,0.434557,0.613453,0.320523,1.0,0.0,-0.333838,0.000157,0.437899,-0.300393,0.224276,0.317959,0.190018,-0.22132,0.460437,0.17669,-0.296216,-0.175292,-0.288273,0.384498,0.095667,-0.153035,0.429423,0.052182,-0.258357,-0.160386,0.236307,0.524143,-0.182998,-0.991454,-0.504086,-0.328171,0.405285,-0.096459,-0.077594,0.110886,-0.176318,-0.467647,-0.290426,0.459144,-0.226113,-0.066515,-0.119921,0.052182,-0.192046,-0.273103,-0.331559,-0.207667,-0.101991,-0.172696,-0.066515,-0.14696,0.151804,0.002124,-0.226113,0.317631,-0.183429,0.233216,-0.195663,0.529264,0.940529,-0.246144,0.021739,0.095667,-0.326476,-0.13526,0.974735,-0.384461,-0.308048,-0.284256,-0.080937,0.234334,-0.13526,-0.310349,0.460591,-0.271098,0.130951,-0.167108,-0.478977,-0.438399,-0.197613,-0.372688,-0.330318,-0.421171,0.31565,-0.336442,-0.30402,-0.249297,-0.24049,-0.421211,-0.276699,-0.112851,-0.333519,-0.234551,-0.365605,0.556342,-0.478977,0.441192,-0.243132,-0.501804,-0.252337,0.408908,0.0,-0.384461,-0.243132,-0.123142,0.274785,-0.51255,0.004699,0.263067,-0.06238,0.237297,-0.30402,-0.129475,-0.433862,-0.179939,0.368249,-0.578789,-0.089317,-0.032635,-0.460091,-0.266399,-0.165349,-0.237501,-0.29537,0.989019,0.288917,0.095667,0.500412,-0.294453,-0.129475,0.441192,-0.16324,-0.536957,0.016847,-0.130189,-0.061814,0.368249,0.409661,-0.234551,-0.351658,-0.30402,0.675927,0.078273,-0.36951,-0.080937,-0.726447,-0.260972,0.44933,-0.080937,0.159418,0.584085,0.178818,0.110886,0.644079,-0.201275,0.332958,-0.412056,-0.303296,0.260441,0.343708,0.34249,-0.213677,-0.51255,-0.234551,-0.662835,-0.161806,0.052182,0.386323,0.386323,-0.197751,0.315811,-0.249909,-0.400454,0.262397,0.291529,-0.247917,-0.386074,-0.123142,-0.36485,0.332958,-0.324864,0.124775,0.388676,0.386323,-0.210919,0.078273,-0.199908,-0.161806,-0.150866,0.243053,#
14,0.0,0.0,0.0,0.0,0.0,0.0,0.0,0.0,0.0,0.0,0.0,0.0,0.0,0.0,0.0,0.0,0.0,0.0,0.0,0.0,0.0,0.0,0.0,0.0,0.0,0.0,0.0,0.0,0.0,0.0,0.0,0.0,0.0,0.0,0.0,0.0,0.0,0.0,0.0,0.0,0.0,0.0,0.0,0.0,0.0,0.0,0.0,0.0,0.0,0.0,0.0,0.0,0.0,0.0,0.0,0.0,0.0,0.0,0.0,0.0,0.0,0.0,0.0,0.0,0.0,0.0,0.0,0.0,0.0,0.0,0.0,0.0,0.0,0.0,0.0,0.0,0.0,0.0,0.0,0.0,0.0,0.0,0.0,0.0,0.0,0.0,0.0,0.0,0.0,0.0,0.0,0.0,0.0,0.0,0.0,0.0,0.0,0.0,0.0,0.0,0.0,0.0,0.0,0.0,0.0,0.0,0.0,0.0,0.0,0.0,0.0,0.0,0.0,0.0,0.0,0.0,0.0,0.0,0.0,0.0,0.0,0.0,0.0,0.0,0.0,0.0,0.0,0.0,0.0,0.0,0.0,0.0,0.0,0.0,0.0,0.0,0.0,0.0,0.0,0.0,0.0,0.0,0.0,0.0,0.0,0.0,0.0,0.0,0.0,0.0,0.0,0.0,0.0,0.0,0.0,0.0,0.0,0.0,0.0,0.0,0.0,0.0,0.0,0.0,0.0,0.0,0.0,0.0,0.0,0.0,0.0,0.0,0.0,0.0,0.0,0.0,0.0,0.0,0.0,0.0,0.0,0.0,0.0,0.0,0.0,0.0,0.0,0.0,0.0,0.0,0.0,0.0,0.0,0.0,0.0,0.0,0.0,0.0,0.0,0.0,#
15,-0.407868,-0.074739,-0.437504,0.254447,-0.444184,-0.186646,-0.025927,0.240399,-0.289879,-0.306436,0.155958,0.073848,-0.227109,-0.333838,0.0,1.0,-4.9e-05,-0.707257,-0.152,-0.79099,-0.212928,0.08446,-0.561822,-0.266109,0.421662,0.423248,0.089707,0.138098,-0.264345,-0.407868,-0.304088,-0.282376,0.240399,-0.252318,-0.090531,0.242658,-0.119002,-0.09386,0.294422,0.560874,0.004018,-0.291393,0.445705,-0.08338,-0.105344,0.350998,-0.026879,-0.484218,0.340671,-0.05954,-0.25745,-0.385784,-0.407868,0.13657,-0.042039,0.117391,0.365999,-0.294562,-0.323595,-0.25745,-0.330471,0.392271,0.024486,0.340169,-0.238206,-0.447576,-0.594114,0.716044,-0.66631,-0.279747,0.056137,0.095327,0.26741,-0.009937,0.57498,-0.249944,-0.01182,0.415363,0.180765,-0.286381,0.258038,0.100194,0.164557,-0.293184,0.348338,0.065427,0.080411,0.092738,-0.01182,0.164768,0.590017,0.348338,0.418509,-0.022225,0.148349,0.132664,-0.252582,0.597064,-0.154906,0.28961,0.064979,0.019824,0.080411,0.164557,-0.112502,0.092738,-0.147244,0.365708,-0.170964,0.164768,-0.710533,0.0,-0.01182,0.365708,-0.312598,0.083406,0.248318,-0.212008,-0.596956,0.509718,-0.200207,-0.252582,0.368588,0.688219,0.350899,-0.456197,0.109916,-0.309109,-0.00983,0.280904,0.060628,-0.338814,0.330112,0.304645,-0.438919,-0.195522,0.26741,-0.147244,0.122791,0.368588,-0.147244,0.231141,0.092738,-0.533541,-0.408964,-0.238302,-0.831606,-0.714987,0.080411,-0.400989,0.132664,-0.464197,-0.125602,0.262585,-0.286381,-0.07,-0.134076,-0.582824,-0.286381,0.08311,0.248047,-0.611491,-0.105344,-0.48398,-0.542007,-0.556702,-0.56267,-0.159348,0.239693,-0.447379,-0.17473,-0.449848,0.248318,0.080411,-0.110289,-0.428604,-0.407868,-0.409224,-0.409224,-0.393002,-0.6056,-0.124416,0.801251,-0.178515,-0.187408,0.231141,-0.42099,-0.312598,0.835029,-0.556702,-0.569002,0.370233,0.11252,-0.409224,0.552321,-0.125602,-0.235854,-0.428604,-0.35724,-0.132287,#
16,-1.9e-05,-1.5e-05,4.7e-05,2.4e-05,0.0,-2.4e-05,-2.4e-05,-2.1e-05,0.0,7.9e-05,9.6e-05,6e-05,2.4e-05,0.000157,0.0,-4.9e-05,0.0,-9.8e-05,0.0,5.3e-05,5e-05,0.0,0.000103,5e-05,-2.8e-05,2.5e-05,0.000118,0.0,-4.9e-05,-1.9e-05,0.0,0.0,-2.1e-05,-5e-05,5.3e-05,0.0,0.0,-5.2e-05,3.7e-05,2.6e-05,-2.4e-05,0.0,7.6e-05,-5.5e-05,0.0,-5.3e-05,5e-05,0.0,-0.000107,0.000103,-0.000591,0.0,0.0,-5.9e-05,0.0001,-0.00011,0.0,-7.8e-05,-0.000439,-0.000591,-5.7e-05,-2.9e-05,0.000123,0.000103,0.000136,0.000118,-2.4e-05,0.000161,-5.4e-05,0.0,-6e-05,-6e-05,-2.1e-05,-3.4e-05,8.7e-05,7.8e-05,3.5e-05,3.5e-05,7.1e-05,-0.00023,-3.6e-05,8.7e-05,7.1e-05,0.0,-7.6e-05,-1.9e-05,8.7e-05,-3.7e-05,3.5e-05,0.0,3.6e-05,-7.6e-05,-7e-05,-7e-05,7.1e-05,0.0,0.0,4.4e-05,0.0,3.9e-05,0.0,3.5e-05,8.7e-05,7.1e-05,-7.6e-05,-3.7e-05,-7.6e-05,-7.6e-05,0.0,0.0,0.0,0.0,3.5e-05,-7.6e-05,-0.00023,3.8e-05,1.8e-05,7.8e-05,0.0,-7.4e-05,1.8e-05,0.0,-0.000116,1.8e-05,0.0,-3.4e-05,3.8e-05,8e-05,-0.000457,1.8e-05,8.7e-05,-0.00023,-3.8e-05,-3.5e-05,-0.000269,0.0,0.0,-7.6e-05,-0.000212,-0.000116,-7.6e-05,5.4e-05,-3.7e-05,0.0,0.0,7.6e-05,-3.4e-05,4.2e-05,8.7e-05,-3.4e-05,0.0,8.7e-05,-2.2e-05,0.0,-0.00023,0.0,3.6e-05,-3.5e-05,-0.00023,-1.9e-05,9.1e-05,0.0,-2.2e-05,8.7e-05,3.7e-05,3.7e-05,-6.9e-05,0.000125,1.8e-05,3.5e-05,-3.9e-05,0.0,1.8e-05,8.7e-05,-4.5e-05,0.0,1.5e-05,0.000148,0.000148,-0.000528,-3.9e-05,0.0,0.000156,3.8e-05,3.8e-05,5.4e-05,7.5e-05,-0.00023,4.2e-05,3.7e-05,0.001231,-4.7e-05,7.8e-05,0.000148,0.0,-1.3e-05,7.4e-05,0.0,-0.000234,-4.5e-05,#
17,0.144147,-0.05974,0.465645,-0.30619,0.453763,-0.06221,0.120011,-0.399804,0.551179,0.451452,0.198919,0.064163,0.286506,0.437899,0.0,-0.707257,-9.8e-05,1.0,0.282524,0.548975,0.366875,-0.304233,0.450996,0.208179,-0.599572,-0.433065,0.076123,-0.231529,0.207534,0.33453,0.365879,0.628084,-0.399804,0.075023,0.302801,-0.096535,0.290491,-0.502389,-0.399804,-0.438243,-0.427014,0.516284,-0.205409,-0.128592,0.21622,-0.322445,0.037782,0.299071,-0.181497,0.291648,0.233621,0.037107,0.144147,0.102241,-0.557211,-0.26305,-0.28915,-0.268408,0.211875,0.233621,0.151406,-0.059912,0.141867,-0.497912,-0.083943,0.223132,0.246546,-0.401321,0.464976,0.304501,0.045563,0.163644,-0.399804,0.017047,-0.338979,0.315033,-0.105799,-0.424414,-0.34828,0.422518,-0.213184,0.059406,-0.34828,0.662194,-0.630388,-0.429099,-0.458495,0.149989,-0.424414,-0.123122,-0.808763,-0.630388,-0.876362,0.326004,-0.250363,-0.220098,0.103156,-0.496579,-0.193067,-0.22297,-0.301759,-0.105799,-0.458495,0.07603,0.324402,0.047243,0.324402,-0.175628,-0.193067,-0.220098,0.662194,0.0,-0.105799,-0.175628,-0.105436,-0.285824,-0.3226,-0.024978,0.689525,-0.588451,0.146391,0.200132,-0.311413,-0.650701,-0.324103,0.561812,-0.435717,0.389105,-0.128042,-0.3226,0.059406,0.422518,-0.491137,0.068677,0.508093,0.269152,0.144147,0.324402,-0.660647,-0.311413,0.324402,-0.120046,-0.295244,0.084269,0.093059,0.348566,0.782312,0.665327,-0.458495,0.332047,-0.220098,0.230478,-0.191743,-0.51643,0.422518,-0.203295,-0.345988,0.685779,0.422518,0.389929,0.051767,0.362902,-0.191743,0.628863,0.781127,0.351493,0.251624,0.263241,-0.18171,0.445218,-0.069769,0.249102,-0.3226,-0.458495,-0.037833,0.211709,0.144147,0.522114,0.522114,0.447187,0.787488,-0.024136,-0.790321,-0.083909,0.344344,-0.355431,0.003257,-0.105436,-0.469068,0.351493,0.369738,-0.588351,-0.127261,0.522114,-0.356959,-0.191743,0.286608,0.093059,-0.215949,0.001107,#
18,0.244353,-0.183854,0.297897,-0.414019,0.248246,-0.334977,0.25526,0.244353,0.771631,-0.256279,-0.139641,-0.401528,-0.002388,-0.300393,0.0,-0.152,0.0,0.282524,1.0,0.47388,0.082786,-0.010155,0.578171,-0.518766,-0.754451,-0.278599,0.222659,0.357239,0.405151,0.2731,0.422628,0.350784,0.244353,-0.201438,-0.030251,0.122443,-0.023677,-0.358149,0.244353,-0.125719,-0.167329,0.28551,-0.195208,0.442907,0.237166,-0.734009,0.725214,0.508112,-0.499367,0.487439,-0.38901,-0.417257,0.244353,0.241408,-0.301987,0.367415,0.476691,-0.261526,-0.304247,-0.38901,-0.206721,-0.231751,-0.396156,0.025849,-0.686143,0.293012,0.599038,-0.292307,0.009971,-0.337206,0.778599,-0.414031,-0.503079,0.19977,-0.380836,-0.236417,0.613617,-0.707715,-0.57837,-0.224037,-0.334478,-0.380836,-0.129879,-0.137172,0.026644,-0.00941,-0.359782,-0.036733,0.312504,-0.496935,-0.113249,0.065794,-0.153348,0.152346,-0.043631,0.350216,-0.138177,-0.371881,-0.316659,-0.013824,-0.366735,-0.269912,-0.315196,0.346007,-0.500793,0.351889,0.019031,0.008156,0.616228,-0.09396,0.409507,0.0,0.613617,0.008156,-0.056625,-0.987506,0.494186,0.471462,0.581043,-0.161554,0.01683,0.435635,-0.269342,-0.407487,-0.205314,0.257547,0.0,0.48788,-0.274597,0.04335,0.768485,0.501415,-0.430267,0.290973,-0.230493,-0.401101,0.071868,-0.020119,-0.080351,-0.269342,0.508406,-0.035765,0.028215,0.089071,-0.324594,-0.329727,0.174309,0.406719,0.242125,0.632606,0.350216,-0.232217,0.366529,-0.308616,-0.224037,0.366342,0.016689,0.058536,-0.224037,0.348162,-0.394172,-0.209954,-0.194045,0.18887,0.490421,-0.323386,0.152163,0.417274,-0.389127,0.234254,-0.793121,0.216807,0.494186,0.242125,0.360416,0.323365,0.244353,-0.204336,-0.204336,0.493073,0.096453,0.051022,-0.186787,0.120645,-0.330978,0.471161,0.713396,-0.056625,-0.287142,-0.323386,0.140834,-0.206218,-0.482479,-0.204336,-0.352694,0.366529,-0.06012,0.218855,-0.174036,-0.16575,#
19,0.3669,0.254816,0.678105,-0.167472,0.160429,-0.055713,0.318787,-0.215481,0.550968,0.243052,0.189852,-0.287952,-0.022942,0.224276,0.0,-0.79099,5.3e-05,0.548975,0.47388,1.0,-0.04146,0.091432,0.423398,0.051938,-0.323149,-0.166978,-0.201788,0.190189,0.541953,0.570733,0.212668,0.213948,-0.215481,0.034917,-0.086258,-0.046331,-0.091363,-0.096489,-0.215481,-0.423094,-0.302404,0.046301,-0.346469,0.40381,0.113564,-0.630572,0.19928,0.310029,-0.649911,0.424018,0.037691,0.319525,0.3669,0.327796,-0.096168,0.071883,0.263776,0.214876,0.263066,0.037691,0.308386,-0.307827,-0.201039,0.064934,-0.016968,0.327037,0.784483,-0.629707,0.509325,0.145512,0.354177,-0.265667,-0.215481,0.31821,-0.680694,0.211412,0.182803,-0.64593,-0.441543,0.249709,-0.171184,-0.254162,-0.441543,0.198494,-0.076448,-0.041938,-0.254162,-0.422981,0.182803,-0.296213,-0.438297,-0.076448,-0.300914,0.192488,-0.441543,0.198494,0.049878,-0.861074,-0.18125,-0.011426,-0.095947,-0.304805,-0.254162,0.057968,-0.076448,0.101162,-0.076448,-0.076448,0.313624,0.198494,0.544585,0.0,0.182803,-0.076448,0.249709,-0.422972,-0.17626,0.526324,0.808499,-0.241588,-0.17626,0.544585,-0.549665,-0.527541,-0.536431,0.31821,-0.049244,0.23624,-0.022516,-0.17626,0.355526,0.249709,-0.455273,-0.071681,0.325304,-0.032584,-0.215481,-0.076448,0.084154,-0.549665,0.458909,-0.424014,0.101162,0.304507,0.343736,0.203241,0.655465,0.54791,0.355526,0.655465,0.198494,0.355526,0.113564,-0.032584,0.249709,0.101033,-0.042474,0.526804,0.249709,-0.041938,-0.516946,0.101033,0.113564,0.355526,0.435329,0.416494,0.301834,0.111143,-0.025416,0.182803,-0.04109,0.288889,-0.17626,0.355526,0.278165,0.343736,0.3669,0.297618,0.297618,0.291632,0.441269,0.028302,-0.632782,0.426947,-0.018906,0.341479,0.6424,0.249709,-0.645695,0.416494,0.435094,-0.299105,-0.279299,0.297618,-0.659118,0.113564,0.170728,0.343736,0.283414,0.318404,#
20,-0.271911,-0.407769,0.01396,-0.665052,0.421396,0.176617,0.384572,0.387268,0.245743,-0.282124,-0.157924,-0.091433,0.608321,0.317959,0.0,-0.212928,5e-05,0.366875,0.082786,-0.04146,1.0,-0.119659,0.557186,0.271942,-0.407776,-0.396891,0.393878,-0.158563,0.237454,-0.271911,0.413141,0.673212,0.387268,-0.046352,0.111564,0.125052,0.551883,0.130444,-0.271911,-0.533895,0.027693,0.682626,0.166404,-0.259342,-0.407867,-0.30622,-0.083639,0.478552,0.235215,-0.343777,0.310261,-0.480779,-0.271911,-0.538387,-0.370312,-0.63953,-0.494998,-0.336117,-0.066526,0.310261,-0.135151,0.079743,-0.552192,-0.360712,-0.297488,0.438951,0.157721,0.122926,0.455494,0.25931,-0.119864,0.065711,-0.271911,-0.394079,0.423496,0.223326,-0.003123,-0.372198,-0.544442,-0.358003,-0.262381,-0.059282,-0.148907,0.275075,-0.353162,-0.102489,-0.059282,0.35736,-0.428979,0.275075,-0.598969,-0.820719,-0.424596,0.00632,0.246628,-0.174262,-0.116655,-0.098006,-0.216101,-0.275465,-0.061267,-0.372198,-0.591758,-0.602609,0.133098,-0.075989,0.089459,-0.353162,-0.273728,-0.565993,0.666806,0.0,-0.003123,-0.353162,0.281792,-0.048522,-0.26809,-0.2868,0.158474,-0.550793,0.187985,-0.174262,0.299329,-0.665695,-0.384126,0.807243,-0.533741,0.287084,0.40665,-0.665695,-0.130279,0.281792,-0.34185,-0.126699,0.332527,-0.216101,-0.271911,0.557017,-0.553603,0.299329,0.070757,0.399346,-0.533752,0.27658,-0.549764,-0.244172,0.043787,0.666794,-0.613057,-0.394079,-0.174262,0.423496,0.086517,-0.233389,-0.358003,-0.407659,-0.052021,0.411583,-0.358003,-0.102489,0.502215,0.142945,-0.407867,0.423496,0.110676,0.170997,-0.222473,0.103979,-0.665695,0.825876,0.188203,0.387376,-0.26809,-0.613057,-0.389849,0.408799,-0.271911,0.385687,0.385687,0.291319,0.567347,0.100976,-0.028447,0.142058,0.159459,-0.295944,-0.022206,0.281792,-0.430715,0.170997,0.191742,0.08818,0.246669,0.385687,-0.099262,0.086517,0.225591,-0.070483,-0.324241,0.153144,#
21,-0.218052,0.785226,-0.197365,-0.048672,0.183509,0.775147,0.633905,0.479714,0.054016,-0.481676,0.107052,0.319591,-0.135575,0.190018,0.0,0.08446,0.0,-0.304233,-0.010155,0.091432,-0.119659,1.0,-0.099941,-0.334846,0.250498,-0.193156,-0.241392,0.10597,0.525508,0.508788,-0.427423,0.09307,0.479714,-0.785485,-0.500982,0.802063,-0.029266,-0.034785,-0.218052,0.073025,0.220717,-0.356315,0.278585,0.375079,-0.327078,-0.139883,0.136682,0.090589,-0.045418,-0.025395,-0.239474,-0.10381,-0.218052,-0.098083,0.436875,-0.007161,0.183473,0.180672,-0.085647,-0.239474,-0.200753,-0.332846,-0.130888,0.404833,-0.153167,-0.274956,0.355265,0.16527,0.397143,0.347686,-0.191065,-0.651452,-0.218052,-0.207979,-0.241115,0.271729,-0.244926,-0.210867,-0.346855,-0.473907,-0.071215,-0.752154,0.071834,-0.34301,-0.063241,0.02855,-0.241115,-0.428028,0.205858,-0.351141,0.080329,0.431687,0.207797,-0.653802,-0.381745,0.071651,-0.800357,-0.233485,-0.533753,-0.453548,0.287815,-0.210867,0.322531,-0.338645,-0.511975,-0.428028,-0.054442,-0.511975,0.338552,0.106206,0.071651,0.0,-0.244926,-0.511975,0.20334,0.057069,-0.112957,0.003366,-0.07625,0.623452,-0.112957,-0.34301,-0.534769,-0.077883,0.273581,0.196095,-0.428019,0.264001,0.366977,-0.077883,-0.231095,-0.530344,0.419881,-0.331187,0.213682,-0.07625,-0.218052,-0.549369,0.639368,-0.534769,-0.054442,-0.408884,0.056532,0.551758,-0.196469,-0.347682,-0.207979,0.071723,0.322531,-0.207979,0.071651,0.322531,0.196247,-0.084384,-0.473907,-0.326911,0.177226,0.0,-0.473907,-0.428245,-0.006557,-0.326911,-0.327078,-0.231095,-0.51113,0.382816,-0.082709,-0.599126,0.386322,-0.244926,-0.039576,-0.456166,-0.112957,0.322531,0.22708,0.310869,-0.218052,0.262479,0.262479,-0.513954,-0.057414,0.012286,0.257703,0.814527,0.391802,0.2988,0.223085,0.20334,-0.1815,0.382816,-0.089018,0.779205,0.575027,0.262479,0.381582,0.196247,0.13398,0.310869,0.186165,0.187352,#
