0,1.0,0.072288,-0.105949,-0.227633,0.499642,-0.533381,0.399085,-0.160137,0.575462,0.217878,-0.234423,0.423579,0.819163,0.023454,-0.335073,0.017395,-0.133959,-0.047552,0.212974,-0.237846,-0.327018,-0.140509,0.231046,-0.533634,-0.183762,-0.194024,-0.735241,0.02106,0.468315,0.356975,-0.762497,-0.419392,-0.218064,-0.187308,-0.102989,0.536774,-0.174858,0.042507,-0.189005,-0.05462,0.505139,-0.179453,-0.483427,-0.593111,-0.218064,0.192721,0.294532,0.427085,-0.07033,0.460094,0.12826,-0.23151,-0.218064,0.473812,0.181773,0.01057,0.291315,0.269141,-0.063476,-0.435738,0.200738,-0.742261,0.228868,-0.390021,0.016531,0.248804,0.206885,0.08886,0.472144,-0.523441,0.341895,-0.359244,-0.005896,-0.653675,-0.223015,0.50193,-0.223015,-0.653675,0.06339,-0.25413,-0.533866,-0.364321,-0.364321,-0.218064,-0.081224,-0.223015,-0.533866,-0.364321,-0.095425,-0.239585,-0.223015,-0.227617,-0.428052,-0.058256,-0.223015,-0.327097,-0.089024,-0.364321,0.293161,-0.548682,0.379334,-0.428052,-0.25413,-0.533783,-0.360207,-0.095425,0.172998,0.252837,-0.653675,0.191239,0.047586,-0.326444,-0.223015,-0.428044,-0.22791,-0.428052,-0.381096,0.06339,0.087615,-0.244285,0.038414,-0.653675,-0.25413,-0.410884,0.219168,-0.25413,-0.533866,-0.476573,-0.024989,-0.118293,-0.65384,0.055063,0.07884,0.239032,-0.22791,-0.42827,-0.218064,-0.223015,0.013456,-0.360207,-0.532272,0.398546,-0.32693,0.042931,-0.364321,-0.282706,-0.428044,0.488689,-0.769914,-0.22791,-0.25413,-0.548682,-0.428044,-0.360207,-0.364321,0.038414,0.106577,0.668441,-0.073615,-0.428044,0.293161,-0.42827,-0.428044,-0.360207,0.070268,-0.083135,-0.082092,-0.053671,0.182027,-0.112288,-0.081039,0.219166,-0.089024,-0.548682,0.206678,-0.530703,-0.223015,0.441002,0.101885,-0.337753,0.193876,0.075855,-0.105455,-0.18918,0.655919,0.238136,0.032519,0.293161,-0.127816,0.3637,0.06339,0.048849,0.427993,0.638111,-0.524569,0.513495,0.653549,-0.381096,-0.365641,0.251524,#
1,0.072288,1.0,-0.133752,-0.233489,0.100447,-0.087453,-0.02984,0.122759,-0.016142,0.20461,-0.212122,0.761395,-0.065194,-0.427783,0.106161,0.060039,0.358254,-0.053753,-0.302938,-0.19884,-0.327169,-0.103822,-0.205018,-0.109033,0.229363,0.225825,-0.293859,0.015389,0.339655,0.402035,-0.196294,0.4486,-0.218165,0.222569,-0.053668,0.518497,-0.181246,0.089016,-0.200375,-0.024442,-0.428468,0.262001,-0.003068,-0.198786,-0.218165,-0.176079,0.109659,-0.043477,-0.544606,0.332139,-0.404601,-0.755951,-0.218165,0.521603,0.289062,0.192817,-0.506667,-0.101755,-0.511992,0.064141,-0.432941,0.327249,0.088891,-0.05395,0.052617,-0.816816,0.214785,0.100447,-0.460164,-0.47713,-0.715089,-0.353745,0.053639,-0.239079,-0.234314,0.117073,-0.234314,-0.239079,-0.371822,-0.78421,-0.106863,-0.375824,-0.375824,0.490164,-0.543096,-0.234314,-0.106863,-0.375824,-0.106863,-0.234314,0.202308,0.186241,0.017734,-0.082023,-0.234314,0.203999,0.350479,-0.375824,-0.257193,-0.069347,0.232265,-0.42825,-0.78421,-0.112949,-0.371822,-0.534113,0.174164,0.254,-0.239079,-0.234314,-0.428468,0.173581,-0.234314,0.026311,-0.239079,-0.42825,0.066204,-0.371822,0.065205,0.192415,-0.428242,0.192415,-0.78421,-0.120931,0.275577,-0.78421,-0.106863,-0.401814,-0.499545,-0.112949,-0.234314,-0.375824,0.056665,0.225249,-0.239079,0.035242,-0.218165,-0.234314,-0.480063,0.074647,0.308735,0.399442,-0.327081,0.235102,-0.375824,-0.821004,0.026311,0.101675,-0.240576,-0.239079,-0.240576,-0.543096,0.026311,0.074647,-0.375824,-0.428242,-0.334427,-0.102652,-0.061631,0.026311,-0.257193,0.035242,0.026311,-0.371822,0.048316,0.372402,0.308735,0.083221,-0.327081,-0.106863,0.363012,-0.176397,-0.100633,-0.069347,0.218386,-0.069347,-0.234314,-0.046449,0.096139,-0.320392,0.380762,-0.449243,0.364557,0.251505,0.189243,-0.721962,0.044826,0.294113,-0.075582,0.358195,-0.371822,0.526893,0.428191,0.184105,-0.494788,0.557559,0.218386,-0.375824,0.056665,0.190254,#
2,-0.105949,-0.133752,1.0,0.40947,0.298207,-0.204457,0.148837,-0.08824,0.189619,0.140935,0.063784,0.053587,-0.249373,-0.042532,-0.528583,-0.100447,0.562046,-0.372529,-0.064867,-0.814327,-0.407398,-0.105388,-0.351166,0.134238,-0.03193,-0.401349,-0.048068,-0.434338,0.024219,0.149564,-0.166545,-0.037747,-0.271664,-0.037895,0.053915,-0.271664,-0.194882,-0.209249,-0.031697,0.156415,-0.088923,-0.489523,0.058313,0.604162,0.433617,-0.619324,-0.651124,0.140153,0.13302,0.017049,-0.177788,0.349425,0.433617,0.425162,0.248301,-0.714357,0.305201,-0.4814,0.485734,0.194285,-0.393601,-0.101875,-0.544758,0.25836,0.219298,0.013584,0.072268,-0.532056,-0.356021,0.188509,-0.168558,0.17936,0.373057,-0.00972,-0.442976,0.282072,-0.442976,-0.00972,-0.205995,0.407989,-0.286944,-0.172967,-0.172967,0.355252,0.076681,-0.442976,0.163492,-0.172967,-0.286944,-0.040436,-0.442976,-0.438235,0.331646,-0.372179,-0.442976,0.062692,-0.281531,-0.172967,-0.121203,0.076681,-0.208305,-0.063079,0.407989,0.151631,-0.190164,-0.665088,0.311954,-0.587498,-0.00972,0.820197,-0.071822,0.593791,-0.442976,-0.130947,-0.00972,-0.063079,0.234557,-0.205995,-0.174172,0.388092,-0.533255,-0.00972,0.407989,0.264927,0.121465,0.407989,-0.286944,0.186779,0.061204,0.555372,-0.024954,0.234557,-0.613366,0.121465,-0.00972,-0.123124,0.433617,-0.442976,-0.351889,-0.617613,-0.274833,0.559775,0.136509,-0.463761,-0.172967,0.347941,-0.130947,0.066629,-0.093209,-0.00972,-0.112486,0.530248,-0.130947,-0.617613,-0.172967,-0.533255,-0.550551,0.247593,0.087722,-0.130947,0.437665,-0.123124,0.321649,-0.190164,-0.164787,-0.224746,-0.274833,-0.793328,0.631072,0.122711,0.189801,-0.014401,-0.281531,0.076681,0.022282,-0.360087,-0.442976,-0.337417,-0.572635,0.193822,0.144704,0.064969,0.57944,0.052908,-0.32268,-0.207026,-0.065018,-0.649023,0.168407,-0.231919,0.674048,-0.06629,0.533192,0.110154,0.073825,-0.109052,0.022282,0.657754,-0.182093,-0.406504,#
3,-0.227633,-0.233489,0.40947,1.0,0.166939,-0.041279,0.289199,-0.582034,0.084183,-0.31869,0.523985,-0.145014,-0.145114,-0.177049,-0.387672,-0.192411,0.405688,-0.383604,-0.048438,-0.01445,-0.379519,-0.130796,-0.003614,-0.194171,-0.058702,-0.536972,0.382328,-0.486999,0.184096,-0.066999,0.322156,-0.438272,0.17398,-0.571794,0.141415,-0.663702,-0.382522,0.06151,-0.56167,0.246877,0.34169,-0.563372,-0.358455,0.439421,0.17398,-0.424004,-0.496087,-0.114454,0.803816,0.227646,-0.141564,0.297679,0.17398,0.214893,0.637372,-0.249035,-0.165363,-0.242047,0.717458,-0.214062,-0.20086,-0.260973,-0.308225,-0.263341,-0.136532,-0.173828,0.211601,-0.345088,-0.46679,0.598764,-0.340809,0.01144,0.384415,-0.073489,-0.080428,0.147125,-0.080428,-0.073489,0.023202,0.316364,-0.186791,0.029112,0.029112,0.109543,0.143088,-0.080428,0.348204,0.029112,-0.186791,-0.080428,-0.02314,-0.559828,-0.25751,-0.362186,-0.080428,0.212642,0.406433,0.029112,-0.284519,0.163808,-0.340331,-0.25751,0.316364,-0.139704,0.042729,-0.147924,0.710252,-0.266642,-0.073489,0.502562,0.362782,0.240428,-0.080428,-0.310375,-0.035745,-0.25751,0.08711,0.023202,0.091833,-0.016874,-0.269024,-0.016874,0.316364,-0.316205,-0.294799,0.316364,-0.186791,0.493222,0.232945,-0.139704,-0.061332,0.067777,-0.464952,-0.343127,-0.035745,0.257322,0.17398,-0.080428,-0.276569,0.042729,-0.146955,0.280682,0.213914,-0.443547,0.029112,0.264409,-0.269024,0.1179,0.34014,-0.035745,0.316364,0.163808,-0.269024,0.042729,0.029112,-0.269024,-0.439117,-0.036577,0.734019,-0.310375,0.379264,0.257322,-0.248348,0.042729,-0.414988,-0.075369,-0.146955,-0.204112,0.260837,-0.147924,-0.073469,-0.369981,0.347243,0.163808,0.00099,0.163808,-0.080428,0.23318,0.105083,0.818259,-0.397942,0.690844,0.37476,-0.403901,0.066111,-0.175034,-0.408567,-0.284519,-0.075387,-0.067425,0.619341,-0.207758,0.226301,0.064316,-0.212286,-0.197448,0.040605,0.048445,-0.445251,0.282934,#
4,0.499642,0.100447,0.298207,0.166939,1.0,-0.108313,0.817019,-0.332497,0.277372,0.447745,0.441073,0.340317,0.234027,0.114499,-0.174136,0.066476,0.230384,-0.532504,-0.415674,-0.428323,-0.611096,0.150461,0.053847,-0.589846,-0.377132,-0.012722,-0.412583,-0.562386,0.488727,0.67998,-0.451704,-0.201224,-0.407495,-0.383494,-0.156967,0.271664,-0.480319,-0.304876,-0.019091,0.416885,0.054722,-0.043684,-0.535724,-0.120524,0.271664,-0.03274,-0.473744,0.664938,0.009729,0.475488,0.543494,-0.471549,0.271664,0.728898,0.411096,-0.148139,-0.140145,0.15433,-0.154583,-0.041266,0.393601,-0.368316,-0.243681,-0.103862,0.571495,0.112993,-0.131426,0.201056,-0.142593,-0.349454,0.007003,-0.736493,0.553028,-0.800305,-0.834769,0.998837,-0.834769,-0.800305,-0.70478,-0.406855,-0.997632,-0.672506,-0.672506,-0.407496,-0.562858,-0.834769,-0.563879,-0.672506,-0.603733,-0.834769,-0.432229,-0.837803,-0.347126,-0.541698,-0.834769,-0.611243,-0.182355,-0.672506,-0.436516,-0.546059,0.183433,-0.347126,-0.406855,-0.569987,-0.657285,-0.603733,0.405938,-0.45655,-0.800305,0.412011,0.106023,-0.031578,-0.834769,-0.799883,-0.417793,-0.347126,-0.264983,-0.70478,-0.245588,-0.019981,-0.380812,-0.402493,-0.406855,-0.267067,0.261078,-0.406855,-0.997632,-0.31427,-0.584824,-0.181775,-0.788322,-0.280657,-0.704883,0.446678,-0.417793,-0.800305,0.271664,-0.834769,-0.063967,-0.688948,-0.623514,0.79899,-0.087276,-0.426464,-0.672506,-0.462136,-0.799883,0.817404,-0.387578,-0.417793,-0.445409,-0.512462,-0.799883,-0.688948,-0.672506,-0.380812,-0.217224,0.663964,-0.111646,-0.799883,0.101654,-0.800305,-0.330524,-0.657285,-0.276939,0.302423,-0.219067,-0.01705,0.388266,-0.603733,0.688534,-0.520374,-0.598254,-0.546059,0.428372,-0.546059,-0.834769,0.385748,0.200807,-0.203993,0.407314,0.486281,0.248184,0.480178,0.504578,0.258125,0.22225,-0.475613,0.227144,0.689843,0.174332,0.539013,0.799788,0.899247,-0.217981,0.516832,0.829846,-0.233635,-0.656963,0.385739,#
5,-0.533381,-0.087453,-0.204457,-0.041279,-0.108313,1.0,0.120612,0.025977,-0.078817,0.155886,0.056644,-0.205393,-0.665268,0.405058,0.693559,0.358722,-0.249408,0.110063,0.035432,0.401853,0.582617,0.255791,0.039321,-0.229143,-0.008954,0.004848,0.31486,-0.021547,-0.22616,0.188751,0.472317,0.608798,0.375309,0.015695,-0.328316,-0.271775,-0.172948,0.246759,0.074275,0.128063,-0.11014,0.379391,0.086071,0.006361,-0.271775,-0.031089,-0.339592,-0.314204,0.024497,0.18704,0.437633,-0.03895,-0.271775,-0.256487,-0.432359,-0.068501,-0.401853,0.528827,-0.295857,0.410364,0.236649,0.407664,-0.335189,0.322475,0.316064,-0.019502,-0.407557,0.683347,-0.047199,0.350355,-0.165602,-0.15152,0.416579,-0.018282,-0.009024,-0.125928,-0.009024,-0.018282,-0.173943,-0.089888,0.154746,-0.181805,-0.181805,-0.271776,-0.369631,-0.009024,-0.275053,-0.181805,-0.235563,-0.009024,0.389846,0.000456,-0.08484,0.118915,-0.009024,0.07765,0.142652,-0.181805,-0.067228,0.063155,-0.535656,-0.08484,-0.089888,0.143008,0.265297,0.154746,-0.399659,-0.289318,-0.018282,-0.385334,0.36431,0.166322,-0.009024,-0.076211,-0.018282,-0.08484,0.222003,-0.173943,-0.150093,-0.003121,-0.076211,0.375904,-0.089888,-0.015903,-0.442401,-0.089888,0.154746,0.107841,-0.410354,-0.241665,0.420528,-0.181805,-0.165723,0.135888,-0.018282,-0.11014,-0.271775,-0.009024,0.087958,0.233923,0.546448,-0.329877,-0.407455,-0.296361,-0.181805,0.04175,0.33904,0.039376,0.406742,-0.018282,-0.12809,0.096447,0.33904,0.233923,-0.181805,-0.076211,0.269055,-0.100087,-0.388187,-0.076211,-0.600491,-0.11014,0.38887,0.265297,-0.173698,0.597793,0.145688,0.178387,-0.407455,0.154746,0.207578,-0.053947,-0.269455,0.063155,0.028841,0.063155,-0.009024,0.087428,0.254397,0.206596,0.356337,0.031701,-0.238467,0.406099,0.076255,0.123691,-0.058425,-0.105969,0.172349,0.199083,-0.166561,-0.059225,-0.320479,-0.314897,0.176929,-0.083122,0.028841,-0.135212,0.277446,0.065358,#
6,0.399085,-0.02984,0.148837,0.289199,0.817019,0.120612,1.0,-0.133953,0.477163,0.375875,0.263754,0.19734,0.079685,-0.014558,-0.029521,-0.066336,0.075894,-0.43439,-0.220789,-0.253066,-0.245985,0.30691,0.257893,-0.805365,-0.194813,-0.223933,-0.341868,-0.55248,0.212606,0.558877,-0.368424,-0.059369,0.193633,-0.622294,-0.489399,0.221696,-0.416094,-0.170464,-0.229228,0.572472,0.380288,-0.253979,-0.441708,0.024554,0.221696,0.001465,-0.459938,0.544762,0.228923,0.652559,0.598996,-0.389743,0.221696,0.473573,0.473179,-0.070732,-0.066251,0.234181,0.001604,0.027257,0.451593,-0.290452,-0.19779,-0.023237,0.590199,0.222964,-0.246402,0.371036,-0.144936,-0.291673,0.110121,-0.609444,0.456728,-0.659147,-0.691341,0.815882,-0.691341,-0.659147,-0.589578,-0.339635,-0.820359,-0.559049,-0.559049,-0.507936,-0.474642,-0.691341,-0.35437,-0.559049,-0.820359,-0.691341,-0.258886,-0.689885,-0.510639,-0.444396,-0.691341,-0.235727,0.061865,-0.559049,-0.363948,-0.456594,-0.210008,-0.510639,-0.339635,-0.367016,-0.538554,-0.397186,0.505994,-0.395425,-0.659147,0.232273,0.435402,-0.138951,-0.691341,-0.99704,-0.248207,-0.510639,-0.12124,-0.589578,-0.087844,-0.23177,-0.546826,-0.23177,-0.339635,-0.419106,-0.323239,-0.339635,-0.820359,-0.39887,-0.463163,-0.367016,-0.641443,-0.138078,-0.585666,0.374638,-0.248207,-0.538282,0.221696,-0.691341,0.096402,-0.57257,-0.406594,0.537397,-0.198944,-0.477059,-0.559049,-0.354762,-0.546826,0.974645,-0.318926,-0.248207,-0.381054,-0.4205,-0.546826,-0.57257,-0.559049,-0.546826,-0.076566,0.544924,0.013922,-0.99704,0.214217,-0.538282,-0.4928,-0.538554,-0.130178,0.561339,-0.406594,0.129836,0.311939,-0.397186,0.563455,-0.502444,-0.384941,-0.456594,0.239161,-0.456594,-0.691341,0.52611,0.36399,-0.098181,0.192882,0.628173,0.081162,0.305944,0.724195,0.367496,-0.055126,-0.405951,0.072299,0.560324,0.354867,0.433136,0.528168,0.721407,-0.413102,0.417558,0.670471,-0.508533,-0.534185,0.309427,#
7,-0.160137,0.122759,-0.08824,-0.582034,-0.332497,0.025977,-0.133953,1.0,-0.108203,0.021136,-0.553866,-0.113119,-0.348868,-0.183622,0.075227,-0.172002,-0.060312,0.195723,0.128681,-0.136919,0.551036,0.157859,-0.149385,0.360851,0.146785,0.313326,-0.036094,0.219738,-0.769973,-0.349336,-0.076295,0.57611,0.35358,0.170526,-0.229524,0.380778,0.586002,-0.040818,0.271418,-0.126288,-0.195861,-0.058864,0.573515,0.283429,0.380778,0.249989,0.234097,0.140071,-0.620279,-0.333912,-0.099589,-0.076295,0.380778,-0.375176,-0.348384,0.295924,0.301546,-0.383379,-0.303823,0.273427,-0.059762,0.489572,0.327946,0.350794,0.111406,0.110097,-0.135679,0.067139,-0.103194,-0.427333,0.246936,0.336707,-0.639201,0.567903,0.14224,-0.300348,0.14224,0.567903,-0.052361,-0.007084,0.341622,0.385924,0.385924,0.135992,0.203723,0.14224,0.341622,0.385924,-0.068517,0.14224,0.14224,0.554082,0.593329,0.177763,0.14224,0.367179,-0.099933,0.385924,-0.04071,0.203723,-0.018614,0.302205,-0.007084,0.770391,-0.052361,0.062727,-0.379322,0.162756,0.567903,-0.260774,-0.195861,-0.162097,0.14224,0.136551,0.567903,0.302205,0.385924,-0.052361,-0.081084,0.169621,-0.160165,0.567903,-0.007084,0.617206,-0.202915,-0.007084,0.341622,-0.315139,0.094944,0.366173,0.14224,0.385924,0.365895,0.040798,0.567903,0.106833,0.380778,0.14224,0.263253,-0.052361,0.37455,-0.266644,0.055923,0.45064,0.385924,-0.050021,0.572899,-0.027206,-0.007084,0.567903,-0.007084,0.203723,0.572899,-0.052361,0.385924,-0.160165,0.098638,-0.379241,-0.267788,0.136551,-0.04071,0.106833,0.136551,-0.052361,0.80368,0.067939,-0.046571,0.224523,0.055923,0.341622,0.081994,0.071317,-0.099933,0.203723,-0.539253,0.203723,0.14224,-0.600371,-0.348116,-0.656573,-0.125,-0.56757,-0.068682,0.271272,-0.225259,0.019762,0.042035,-0.04071,0.081243,-0.344062,-0.052361,0.291933,-0.256688,-0.20279,0.113711,-0.167411,-0.539253,-0.02208,0.365895,-0.488381,#
8,0.575462,-0.016142,0.189619,0.084183,0.277372,-0.078817,0.477163,-0.108203,1.0,0.508595,-0.307364,0.151495,0.311249,0.173104,-0.114815,-0.347335,-0.298289,0.318419,0.308253,-0.398089,-0.095959,-0.263144,0.536452,-0.696655,0.375062,-0.762064,-0.393958,0.204208,0.357016,0.326452,-0.413634,0.054321,0.283772,-0.042831,-0.66298,0.311058,-0.032081,0.033296,-0.287758,0.05677,0.557317,-0.401289,-0.057395,-0.039164,-0.398372,-0.487334,0.106749,0.294521,0.319216,0.786435,0.009404,0.104604,-0.398372,0.431715,0.292479,-0.573116,0.499889,0.335101,0.381495,-0.264818,-0.164011,-0.425661,-0.446097,-0.176169,-0.045041,0.238961,0.258535,0.277372,0.269166,-0.261006,0.125361,-0.312389,0.167987,-0.522908,-0.110923,0.260438,-0.110923,-0.522908,0.058561,0.029849,-0.28405,-0.365398,-0.365398,0.065486,-0.209125,-0.110923,-0.28405,-0.365398,-0.28405,-0.110923,-0.110923,-0.106748,-0.489931,0.307993,-0.110923,0.261943,0.143698,-0.365398,0.565039,-0.647813,-0.513122,-0.78199,0.029849,-0.293879,0.108172,-0.152384,0.355277,-0.23352,-0.522908,0.341902,0.610905,0.335407,-0.110923,-0.484305,-0.123347,-0.78199,-0.365398,0.058561,0.551954,-0.522908,-0.344225,-0.522908,0.029849,-0.560623,-0.43492,0.029849,-0.28405,-0.531826,-0.093517,-0.293879,-0.062406,0.043917,0.064581,0.507515,-0.123347,-0.032153,-0.398372,-0.110923,0.131616,-0.354866,-0.262629,0.307993,-0.597254,-0.566764,-0.365398,0.055282,-0.046556,0.48651,-0.473553,-0.123347,-0.533961,-0.156483,-0.046556,-0.354866,-0.365398,-0.344225,0.275923,0.759046,-0.195759,-0.484305,0.565039,-0.032153,0.005974,0.108172,0.049736,0.313738,-0.262629,-0.459917,-0.100516,0.127406,-0.089639,0.43423,0.143698,-0.647813,0.070034,-0.647813,-0.110923,0.456948,0.242396,0.016088,0.139957,0.072234,-0.27152,-0.287634,0.549553,0.031721,-0.576838,-0.006727,-0.578907,0.320025,0.521599,-0.324655,0.326107,0.124471,-0.603008,0.118781,0.489402,-0.31628,0.114636,-0.053843,#
9,0.217878,0.20461,0.140935,-0.31869,0.447745,0.155886,0.375875,0.021136,0.508595,1.0,0.058251,0.132504,0.102662,0.273557,0.454163,-0.326968,-0.407336,0.326816,-0.48317,-0.499165,-0.249726,0.155182,0.554105,-0.407507,0.497854,-0.010975,-0.32502,0.230455,0.430959,0.609644,-0.331778,0.415482,-0.166524,0.490133,-0.76137,0.635258,0.104475,-0.61044,0.518817,0.38183,-0.327047,0.383754,0.360582,0.056389,-0.166524,-0.370404,0.000862,0.532512,-0.117872,0.424278,0.40118,-0.331778,-0.166524,0.361825,0.134901,-0.515587,0.26467,0.416643,-0.186818,0.298126,0.157798,0.249786,-0.638223,0.339132,0.429842,0.246561,-0.249721,0.447745,0.184664,-0.603979,0.110112,-0.607266,0.280911,-0.499176,-0.499302,0.444652,-0.499302,-0.499176,-0.611488,-0.360369,-0.407685,-0.611283,-0.611283,-0.166524,-0.762241,-0.499302,-0.407685,-0.611283,-0.407685,-0.499302,-0.499302,-0.046736,-0.32688,0.295684,-0.499302,-0.249786,-0.407899,-0.611283,0.213951,-0.762241,-0.345933,-0.32688,-0.360369,-0.407622,-0.088172,-0.407685,0.118904,-0.648308,-0.499176,0.012472,0.238219,0.433596,-0.499302,-0.326874,-0.499176,-0.32688,-0.611283,-0.611488,0.38859,-0.499176,-0.326874,-0.499176,-0.360369,-0.31377,-0.028241,-0.360369,-0.407685,-0.784117,-0.753046,-0.407622,0.012472,-0.611283,-0.149525,0.999144,-0.499176,-0.327047,-0.166524,-0.499302,0.391936,-0.611488,-0.406468,0.295684,-0.249659,-0.634728,-0.611283,-0.292126,-0.326874,0.465528,-0.360369,-0.499176,-0.997574,-0.206951,-0.326874,-0.611488,-0.611283,-0.326874,0.442405,0.716409,-0.762579,-0.326874,0.213951,-0.327047,0.227229,-0.088172,-0.153919,0.62724,-0.406468,-0.27351,-0.249659,-0.407685,0.611425,0.078372,-0.407899,-0.762241,0.49908,-0.762241,-0.499302,0.33677,0.418304,-0.471013,0.51249,-0.048227,-0.374517,0.523815,0.145108,0.169256,0.034867,-0.432246,-0.407606,0.611157,-0.088172,0.22323,0.326835,0.141168,0.04203,0.209618,0.49908,-0.093173,0.378472,-0.249178,#
10,-0.234423,-0.212122,0.063784,0.523985,0.441073,0.056644,0.263754,-0.553866,-0.307364,0.058251,1.0,-0.356585,-0.046991,0.242683,0.027228,-0.212122,0.02282,-0.233779,-0.605488,0.160477,-0.498995,0.009636,0.206386,-0.031318,-0.200709,0.156421,0.499685,-0.272458,0.307971,0.030105,0.438272,-0.363214,-0.332743,-0.206746,0.167181,-0.332743,-0.100831,-0.432616,0.163687,0.257175,-0.234588,0.137857,-0.223673,0.23066,0.332743,-0.069508,-0.286106,0.375275,0.447758,-0.100104,0.377639,-0.067311,0.332743,0.148305,0.370993,0.012903,-0.292706,-0.011515,0.156258,-0.157677,0.331724,0.019196,-0.300499,-0.235383,0.062274,0.054452,-0.028983,0.034299,-0.303384,0.244444,-0.091238,-0.478982,0.286628,-0.209894,-0.23916,0.439032,-0.23916,-0.209894,-0.44622,-0.0,-0.428654,-0.030717,-0.030717,-0.332743,-0.246909,-0.23916,-0.003633,-0.030717,-0.042684,-0.618425,-0.22399,-0.613447,-0.209505,-0.217473,-0.23916,-0.499115,-0.015674,-0.030717,-0.498039,-0.230448,0.031988,0.193389,-0.0,-0.395613,-0.011863,-0.042684,0.370468,-0.499955,-0.209894,0.223989,0.234588,0.068681,-0.23916,-0.242516,-0.209894,0.193389,-0.399319,-0.44622,0.012097,-0.194902,0.168118,-0.194902,-0.0,-0.136297,0.197019,-0.0,-0.428654,0.27727,-0.272108,-0.395613,-0.193648,-0.414678,-0.438242,0.038393,-0.209894,-0.234588,0.332743,-0.23916,0.220664,-0.042888,-0.448523,0.259787,0.480222,-0.403398,-0.030717,-0.065594,-0.65315,0.16962,0.491108,-0.209894,-0.037778,-0.197527,-0.65315,-0.042888,-0.030717,0.168118,-0.011873,0.088735,0.195354,-0.242516,0.029296,-0.234588,-0.193239,-0.011863,-0.406408,0.045668,-0.052219,0.237826,0.014253,-0.814623,0.430326,-0.670284,-0.031348,-0.230448,0.220299,0.181066,-0.23916,0.243398,0.437822,0.314635,-0.225814,0.65831,-0.011109,0.261177,-0.127613,0.204575,0.063501,-0.53635,0.013805,0.431716,0.027375,0.223617,0.225529,0.275998,0.356344,-0.207777,0.220299,0.015358,-0.391288,0.477554,#
11,0.423579,0.761395,0.053587,-0.145014,0.340317,-0.205393,0.19734,-0.113119,0.151495,0.132504,-0.356585,1.0,0.250527,-0.52255,-0.070371,0.417278,0.505662,-0.422866,-0.120787,-0.343433,-0.399647,0.15156,-0.349327,-0.363077,-0.051001,0.081517,-0.753619,-0.353784,0.486279,0.701193,-0.654605,0.090188,-0.266495,-0.056698,0.022221,0.47062,-0.635053,0.191393,-0.343882,0.20501,-0.059391,0.119925,-0.379587,-0.456345,-0.266495,-0.008883,-0.166373,-0.160009,-0.420823,0.476705,-0.199066,-0.676143,-0.266495,0.619177,0.293912,0.071458,-0.431475,0.081199,-0.433943,0.181935,-0.202297,-0.131831,0.186886,0.075944,0.337547,-0.580005,-0.030888,-0.076248,-0.146256,-0.419888,-0.479207,-0.229083,0.386385,-0.516549,-0.513395,0.341427,-0.513395,-0.516549,-0.256928,-0.717742,-0.361726,-0.689067,-0.689067,0.215464,-0.454091,-0.513395,-0.361726,-0.689067,-0.361726,-0.093309,-0.076505,-0.093927,-0.219664,-0.450807,-0.513395,-0.038273,0.09375,-0.689067,-0.185213,0.019948,0.365273,-0.523121,-0.717742,-0.365823,-0.686489,-0.652435,0.222283,0.319456,-0.516549,-0.093309,-0.523386,-0.058617,-0.513395,-0.213824,-0.516549,-0.523121,0.178521,-0.256928,-0.251908,0.330365,-0.52311,-0.084789,-0.717742,-0.304721,0.308648,-0.717742,-0.361726,-0.357512,-0.386416,0.055518,-0.513395,-0.263779,-0.258818,0.153093,-0.516549,-0.20787,-0.266495,-0.513395,-0.698308,-0.239746,0.050816,0.494187,-0.399539,0.191711,-0.689067,-0.689961,-0.213824,0.300367,-0.69682,-0.516549,-0.173774,-0.454091,-0.213824,-0.239746,-0.689067,-0.52311,-0.511453,0.159634,0.030293,-0.213824,-0.185213,-0.20787,-0.213824,-0.686489,-0.26565,0.248421,0.050816,-0.129535,0.116583,0.065787,0.242157,-0.064236,-0.357639,0.019948,0.502401,-0.435859,-0.513395,0.207137,-0.090207,-0.237485,0.622391,-0.183226,0.541635,0.10745,0.483854,-0.444947,0.304172,0.366432,0.218064,0.234221,-0.256928,0.426963,0.523049,0.470718,-0.618006,0.905894,0.502401,-0.263779,-0.258818,0.118253,#
12,0.819163,-0.065194,-0.249373,-0.145114,0.234027,-0.665268,0.079685,-0.348868,0.311249,0.102662,-0.046991,0.250527,1.0,-0.111388,-0.191602,-0.100566,-0.276691,0.071856,0.009798,-0.037964,-0.407878,-0.011946,0.379502,-0.274064,0.016309,-0.002547,-0.571079,0.163319,0.561011,0.183626,-0.62069,-0.681435,-0.271984,0.009958,0.03553,0.435175,-0.065935,-0.194054,0.019114,0.053138,0.356111,0.033445,-0.305688,-0.568641,-0.271984,0.284078,0.476554,0.235834,0.140331,0.145118,0.06444,-0.104111,-0.271984,0.161174,0.249574,0.085692,0.303655,0.269181,0.067124,-0.362857,0.264373,-0.611967,0.302056,-0.304091,-0.140723,0.311809,0.091563,-0.165609,0.630363,-0.409527,0.439182,-0.160523,-0.122923,-0.432956,-0.025603,0.235724,-0.025603,-0.432956,0.221082,-0.144043,-0.272139,-0.198722,-0.198722,-0.271984,0.049387,-0.025603,-0.272139,-0.198722,0.138,-0.025603,-0.412497,-0.024924,-0.533895,0.061694,-0.025603,-0.407976,-0.249834,-0.198722,0.375966,-0.387896,0.446735,-0.122897,-0.144043,-0.66577,-0.191022,0.138,0.229506,0.328584,-0.432956,-0.009483,-0.089028,-0.407162,-0.025603,-0.11499,-0.417025,-0.122897,-0.590407,0.221082,0.236331,-0.417025,0.321357,-0.815307,-0.144043,-0.512482,0.289878,-0.144043,-0.272139,-0.345358,0.135942,-0.261552,-0.428618,-0.182402,0.224038,0.122393,-0.417025,-0.106833,-0.271984,-0.025603,0.154643,-0.191022,-0.663885,0.07947,0.067573,0.109912,-0.198722,-0.127923,-0.533884,0.170039,-0.645833,-0.417025,-0.144043,-0.387896,-0.533884,-0.191022,-0.198722,0.321357,0.236273,0.476642,0.0602,-0.11499,0.375966,-0.106833,-0.533884,-0.191022,-0.183007,-0.252344,-0.242764,0.001044,0.087379,-0.255734,-0.245981,0.242295,0.1499,-0.387896,0.397124,-0.387896,-0.025603,0.550047,0.249429,-0.199695,-0.037946,0.204992,-0.26185,-0.37978,0.387759,0.310116,0.188051,0.375966,-0.270811,0.16566,-0.174538,-0.095048,0.097678,0.377232,-0.227423,0.363936,0.413845,-0.198722,-0.191753,0.133542,#
13,0.023454,-0.427783,-0.042532,-0.177049,0.114499,0.405058,-0.014558,-0.183622,0.173104,0.273557,0.242683,-0.52255,-0.111388,1.0,0.153533,0.04761,-0.532931,0.428279,0.238172,0.18433,0.221466,-0.416685,0.256406,-0.068679,-0.207988,-0.199662,0.33678,0.390139,0.04173,-0.078888,0.363676,0.114968,-0.217869,0.231659,-0.058002,-0.217869,0.235085,0.084745,0.292459,-0.446434,0.023471,0.174988,-0.027299,-0.137097,-0.217869,-0.145463,0.081306,0.273331,0.088238,0.035858,0.373627,0.363676,-0.217869,0.001271,-0.547642,-0.344081,0.208365,0.439807,-0.001576,-0.314456,0.195041,-0.190292,-0.45099,-0.267613,-0.178276,0.405066,0.179691,0.552783,0.338727,0.26115,0.242992,-0.33003,0.116193,-0.208384,0.20538,0.096231,0.20538,-0.208384,0.077968,0.333772,-0.075443,0.069502,0.069502,-0.217869,-0.065622,0.20538,-0.533388,0.069502,0.340425,-0.203265,0.20538,-0.197804,0.050356,0.45475,0.20538,-0.326804,-0.111462,0.069502,0.357665,-0.509014,-0.196536,0.050356,0.333772,-0.081973,0.545972,0.340425,-0.49726,-0.405414,-0.208384,0.213072,0.52899,0.284555,0.20538,0.059548,0.195461,0.050356,-0.344202,0.077968,0.103373,-0.208384,0.501991,-0.208384,0.333772,0.118162,0.091226,0.333772,-0.075443,0.143575,-0.131204,-0.081973,0.254417,0.069502,0.086502,0.252342,0.195461,-0.427886,-0.217869,0.20538,0.39974,0.077968,-0.061589,-0.041456,-0.326637,-0.393038,0.069502,0.336998,0.059548,-0.086552,0.333772,0.195461,-0.236083,-0.012415,0.059548,0.077968,0.069502,0.501991,0.54974,0.433184,-0.550424,0.059548,-0.21052,-0.427886,0.555084,0.545972,0.077858,-0.043192,0.365415,-0.099005,-0.326637,-0.075443,-0.042102,0.2963,-0.111462,-0.509014,-0.184169,-0.065622,0.20538,-0.02219,0.118429,0.096487,0.158998,-0.075607,-0.517197,0.207142,-0.106021,0.320151,-0.228476,-0.220232,-0.087069,0.379664,0.085833,-0.391239,-0.021536,-0.103143,0.341403,-0.427571,0.239695,0.119147,0.137094,0.222068,#
14,-0.335073,0.106161,-0.528583,-0.387672,-0.174136,0.693559,-0.029521,0.075227,-0.114815,0.454163,0.027228,-0.070371,-0.191602,0.153533,1.0,0.106161,-0.574348,0.369439,-0.361457,0.389165,0.394286,0.511733,0.415607,-0.175817,0.400425,0.39607,0.042989,0.289993,0.04207,0.303998,0.179212,0.519502,0.24953,0.419217,-0.52189,0.275796,0.051339,-0.231023,0.484546,0.364547,-0.369699,0.80489,0.387972,-0.185489,-0.407127,0.174207,0.115606,-0.187722,-0.108257,0.06463,0.478051,-0.339619,-0.407127,-0.389989,-0.281354,0.095996,-0.272374,0.668597,-0.498115,0.552434,0.417206,0.610692,-0.168251,0.494627,0.35067,0.09119,-0.610532,0.629236,0.275023,-0.171447,0.06402,-0.239464,0.165535,-0.042988,-0.029305,-0.176529,-0.029305,-0.042988,-0.276713,-0.412759,0.215749,-0.288331,-0.288331,-0.407127,-0.570846,-0.029305,-0.220408,-0.288331,-0.180334,-0.029305,0.001831,0.369843,-0.343894,0.351925,-0.029305,-0.118198,-0.176932,-0.288331,0.098286,-0.131657,-0.327086,0.053019,-0.412759,-0.176353,0.169024,0.215749,-0.31476,-0.154213,-0.042988,-0.784815,0.11177,-0.027821,-0.029305,0.069406,-0.412235,0.053019,-0.256809,-0.276713,0.152314,-0.39685,0.069406,-0.012218,-0.412759,-0.263598,-0.283053,-0.412759,0.215749,-0.37,-0.576882,-0.566717,0.406602,-0.666591,0.128493,0.453093,-0.412235,0.042988,-0.407127,-0.029305,0.398365,0.137186,0.233965,-0.515516,-0.151329,-0.159218,-0.288331,-0.227676,0.086262,0.023537,0.091217,-0.412235,-0.451526,-0.097874,0.086262,0.137186,-0.288331,0.069406,0.59536,-0.026518,-0.586383,0.069406,-0.442866,0.042988,0.136829,0.169024,-0.268842,0.701406,-0.172723,0.33331,-0.610379,-0.164491,0.30303,0.007064,-0.209102,-0.131657,0.422874,-0.131657,-0.029305,0.354319,0.588062,-0.209652,0.351908,-0.029695,-0.562235,0.438304,0.05682,0.256179,0.245168,0.058972,-0.146566,0.290224,-0.651283,0.121295,-0.488652,-0.33956,0.294851,0.114811,0.035324,-0.241048,0.578218,-0.130193,#
15,0.017395,0.060039,-0.100447,-0.192411,0.066476,0.358722,-0.066336,-0.172002,-0.347335,-0.326968,-0.212122,0.417278,-0.100566,0.04761,0.106161,1.0,0.325868,-0.498601,0.259797,0.256282,0.236025,0.267734,-0.652666,-0.056692,-0.654109,0.243074,-0.315583,-0.427729,-0.011585,0.350714,-0.153243,0.008247,-0.218165,-0.19884,0.447479,-0.218165,-0.673213,0.560931,-0.165862,-0.061106,0.035242,0.298235,-0.534046,-0.593386,-0.218165,0.421701,-0.391527,-0.527379,-0.34998,-0.017172,0.205658,-0.174769,-0.218165,0.013245,-0.508936,0.223763,-0.565978,0.32311,-0.529657,0.278303,0.226548,-0.204,0.315894,0.162281,0.349294,-0.206527,-0.327163,0.100447,0.147332,0.28881,-0.152272,0.123444,0.480479,-0.197101,-0.191837,0.051035,-0.191837,-0.197101,0.10091,-0.208598,-0.063635,-0.332821,-0.332821,-0.218165,-0.04148,-0.191837,-0.534113,-0.332821,-0.063635,0.227992,0.244785,-0.186241,0.062858,-0.488328,-0.191837,-0.327248,-0.083282,-0.332821,-0.192333,0.432269,0.400879,0.062858,-0.208598,-0.070345,-0.328387,-0.063635,-0.516514,0.337174,-0.197101,-0.234314,-0.428468,-0.326595,-0.191837,0.072301,-0.197101,0.062858,0.534234,0.10091,-0.8011,0.649292,0.072301,0.234393,-0.208598,0.132073,0.305775,-0.208598,-0.063635,0.359316,-0.090438,0.350736,-0.191837,0.092206,-0.323477,-0.327248,-0.197101,-0.428468,-0.218165,-0.191837,-0.57747,0.118082,0.35312,-0.053702,-0.327081,0.33815,-0.332821,-0.114553,0.072301,-0.099077,-0.187689,-0.197101,0.335036,-0.04148,0.072301,0.118082,-0.332821,0.072301,-0.334427,-0.145828,-0.061631,0.072301,-0.776069,-0.428468,0.072301,-0.328387,-0.327924,-0.065718,0.35312,0.083221,0.188724,0.363615,-0.064061,0.022669,-0.534394,0.432269,0.229273,-0.023259,-0.191837,-0.034258,-0.344451,0.089357,0.610963,-0.088887,0.364557,0.194987,0.200918,0.033414,0.535718,0.358972,0.794257,-0.073232,-0.371822,0.067188,-0.033247,0.195463,-0.002014,0.507009,0.229273,0.092206,-0.323477,0.190254,#
16,-0.133959,0.358254,0.562046,0.405688,0.230384,-0.249408,0.075894,-0.060312,-0.298289,-0.407336,0.02282,0.505662,-0.276691,-0.532931,-0.574348,0.325868,1.0,-0.79596,-0.080036,-0.390991,-0.407587,0.004941,-0.81309,0.172828,-0.403636,0.003212,-0.115132,-0.741204,-0.028909,0.144123,-0.133673,-0.098893,-0.27179,-0.406684,0.515978,-0.27179,-0.531187,0.222287,-0.458705,0.083139,-0.118065,-0.38044,-0.370738,0.225492,0.439436,-0.141938,-0.62358,-0.189814,-0.181153,-0.03579,-0.381877,-0.172268,0.439436,0.448388,0.330498,0.045883,-0.417798,-0.628287,0.024679,0.122783,-0.396649,-0.068583,0.14014,0.029175,0.197369,-0.59869,0.117151,-0.577573,-0.700169,0.187514,-0.583816,0.19111,0.298096,0.028094,-0.408439,0.232561,-0.408439,0.028094,-0.197506,-0.097695,-0.251721,-0.134305,-0.134305,0.414035,0.089652,-0.408439,0.202512,-0.134305,-0.251721,-0.032059,-0.001948,-0.403317,0.372453,-0.795211,-0.408439,0.106684,0.174214,-0.134305,-0.638724,0.530707,0.323112,-0.059363,-0.097695,0.190084,-0.582374,-0.665397,0.312428,0.087185,0.028094,0.414284,-0.533785,0.077414,-0.408439,-0.093392,0.028094,-0.059363,0.658258,-0.197506,-0.57413,0.801771,-0.533503,0.429811,-0.097695,0.293202,0.318247,-0.097695,-0.251721,0.384621,0.074092,0.567587,-0.408439,0.246735,-0.577807,-0.407685,0.028094,-0.084807,0.439436,-0.408439,-0.834094,-0.166716,0.136125,0.560251,0.140903,0.207349,-0.134305,-0.199192,-0.093392,0.031866,-0.060205,0.028094,0.408423,0.089652,-0.093392,-0.166716,-0.134305,-0.533503,-0.997139,-0.313631,0.545739,-0.093392,-0.075144,-0.084807,-0.093392,-0.582374,-0.125788,-0.237178,0.136125,-0.211147,0.603327,0.131313,0.181129,-0.427973,-0.245766,0.530707,-0.016982,0.122323,-0.408439,-0.381555,-0.585298,0.191725,0.11726,0.02082,0.997324,0.044238,-0.074206,-0.530829,0.183784,-0.125464,0.572955,-0.244166,0.258903,0.364576,0.53344,0.355458,-0.248181,0.321983,-0.016982,0.246735,-0.577807,0.074355,#
17,-0.047552,-0.053753,-0.372529,-0.383604,-0.532504,0.110063,-0.43439,0.195723,0.318419,0.326816,-0.233779,-0.422866,0.071856,0.428279,0.369439,-0.498601,-0.79596,1.0,0.207334,0.20586,0.348392,-0.412933,0.636029,0.115768,0.653806,-0.179754,0.283444,0.972446,-0.012523,-0.355659,0.296862,0.326388,0.218064,0.670932,-0.406113,0.218064,0.72722,-0.074834,0.309507,-0.424189,-0.065888,0.215206,0.613148,-0.002382,-0.508817,-0.256962,0.756252,0.032028,0.054113,-0.006807,-0.200518,0.296862,-0.508817,-0.324711,-0.288575,-0.212572,0.467319,0.280041,0.121578,-0.249989,-0.222602,0.239032,-0.253263,-0.13591,-0.562403,0.200563,0.306477,0.356098,0.407678,-0.118211,0.193008,-0.006305,-0.485471,0.220204,0.654814,-0.53293,0.654814,0.220204,0.361204,0.203158,0.551721,0.339651,0.339651,0.218064,0.036804,0.654814,0.069635,0.339651,0.534858,0.24056,0.22399,0.671026,-0.037897,0.998729,0.654814,0.327097,0.071904,0.339651,0.762811,-0.412675,-0.3993,-0.037897,0.203158,0.093852,0.801745,0.534858,-0.287675,-0.006629,0.220204,-0.249723,0.409968,0.326443,0.654814,0.44704,0.203828,-0.037897,-0.515891,0.361204,0.78345,-0.631327,0.429099,-0.205562,0.203158,-0.104439,-0.243446,0.203158,0.551721,-0.296638,0.0797,-0.338258,0.671384,-0.096508,0.801073,0.327096,0.203828,0.42827,-0.508817,0.654814,0.579488,0.361204,0.153387,-0.473784,-0.233521,-0.125784,0.339651,0.244776,0.44704,-0.376829,0.203158,0.203828,-0.333258,0.054783,0.44704,0.361204,0.339651,0.429099,0.80121,0.12078,-0.461961,0.44704,0.164672,0.42827,0.44704,0.801745,0.334817,0.073159,0.136073,-0.071919,-0.762836,0.11328,-0.350089,0.639831,0.517026,-0.412675,-0.233534,0.036804,0.654814,0.010105,0.333969,-0.103876,-0.207643,-0.45118,-0.799077,-0.224786,-0.223939,-0.035002,-0.486194,0.218825,-0.775708,0.063091,-0.123192,-0.512919,-0.445505,-0.654922,0.120155,-0.512248,-0.250721,-0.079732,0.818168,-0.205768,#
18,0.212974,-0.302938,-0.064867,-0.048438,-0.415674,0.035432,-0.220789,0.128681,0.308253,-0.48317,-0.605488,-0.120787,0.009798,0.238172,-0.361457,0.259797,-0.080036,0.207334,1.0,0.231662,0.556633,-0.452407,-0.193214,-0.019974,-0.240635,-0.552208,-0.009915,0.227386,-0.34373,-0.398855,0.034464,-0.061308,0.357574,-0.214076,0.190329,-0.336226,0.051914,0.803962,-0.511454,-0.636438,0.684792,-0.502044,-0.22466,-0.245545,-0.336226,0.033445,0.211032,-0.379461,0.07104,0.098696,-0.32416,0.561558,-0.336226,-0.182199,-0.456537,-0.042597,0.27785,0.051618,0.262868,-0.426395,-0.278658,-0.516349,0.233692,-0.353535,-0.481252,0.096506,0.414538,0.024717,0.307972,0.403435,0.142924,0.455698,-0.221638,0.173588,0.582774,-0.430659,0.582774,0.173588,0.812633,0.498334,0.393491,0.376373,0.376373,0.224151,0.633338,0.582774,-0.066655,0.376373,0.377396,0.598591,0.582774,0.201269,0.173153,0.233497,0.582774,0.436293,0.352964,0.376373,0.534969,0.204316,-0.097664,-0.179676,0.498334,0.376052,0.408314,0.457874,-0.382789,0.470609,0.173588,0.146438,0.248062,-0.086527,0.582774,0.189172,0.564346,-0.179676,0.392385,0.812633,-0.030657,0.173588,0.257669,0.173588,0.498334,0.12723,-0.264177,0.498334,0.393491,0.337562,0.660096,0.376052,0.20319,0.792682,0.407743,-0.484326,0.564346,0.160716,-0.336226,0.582774,-0.183901,0.392141,0.428526,-0.265095,-0.504082,0.254491,0.376373,0.495752,0.634401,-0.283828,-0.013669,0.564346,0.478641,0.221477,0.634401,0.392141,0.376373,0.257669,0.042536,-0.060793,0.156822,0.189172,-0.035947,0.160716,0.206296,0.408314,0.391589,-0.408396,0.411999,-0.181348,0.001143,0.811978,-0.800323,0.648926,0.352964,0.204316,-0.588739,0.187155,0.582774,-0.200706,-0.414103,0.299227,-0.147823,-0.298913,-0.067595,-0.602721,0.157011,-0.059957,-0.452346,0.514999,0.028341,-0.404867,0.366455,-0.668308,-0.254959,-0.264422,-0.332012,-0.226615,-0.178611,-0.007912,0.016125,0.027202,#
19,-0.237846,-0.19884,-0.814327,-0.01445,-0.428323,0.401853,-0.253066,-0.136919,-0.398089,-0.499165,0.160477,-0.343433,-0.037964,0.18433,0.389165,0.256282,-0.390991,0.20586,0.231662,1.0,0.511285,0.019622,0.132036,0.026107,-0.205817,0.22455,0.437788,0.234344,-0.191427,-0.378825,0.556214,-0.115901,0.327977,-0.180988,0.240128,-0.333062,0.057552,0.422907,-0.137996,-0.246425,0.194738,0.301384,-0.200288,-0.407664,-0.333062,0.529774,0.346361,-0.404298,0.179458,-0.181881,0.148403,0.034694,-0.333062,-0.576198,-0.342613,0.621602,-0.422721,0.378009,-0.199994,-0.233783,0.337177,0.022882,0.438962,-0.316953,-0.337554,-0.024114,-0.032602,0.379788,0.208182,0.39956,0.06801,0.054776,-0.20415,0.201746,0.592486,-0.427583,0.592486,0.201746,0.403989,-0.014127,0.420466,0.388215,0.388215,-0.333062,0.201881,0.592486,-0.017952,0.388215,0.405131,0.215755,0.607555,0.229849,-0.196146,0.23078,0.592486,-0.003814,0.398574,0.388215,0.014998,0.234582,0.074517,0.220064,-0.014127,0.00978,0.403989,0.803856,-0.35205,0.490011,0.201746,-0.621915,0.194738,-0.498595,0.592486,0.236864,0.186854,0.220064,0.022076,0.403989,-0.013033,-0.17056,0.644753,0.216638,-0.014127,-0.121431,-0.202527,-0.014127,0.420466,0.374083,0.20433,-0.383189,0.215755,-0.008435,0.419583,-0.499593,0.186854,0.211382,-0.333062,0.592486,0.20433,0.820034,0.421721,-0.659692,-0.01797,0.369192,0.388215,0.040397,0.236864,-0.299567,0.492461,0.186854,0.492461,-0.206883,0.236864,0.820034,0.388215,0.644753,0.36807,-0.460375,0.190167,0.236864,-0.52896,0.211382,-0.187341,0.403989,0.003349,-0.00252,0.405975,0.706269,-0.499338,0.02174,-0.385688,-0.050085,0.383005,0.234582,-0.1946,0.643347,0.592486,0.202059,0.399719,0.307017,-0.316636,0.142758,-0.420026,-0.20657,0.114503,0.19795,-0.04374,0.528735,0.039133,-0.005559,-0.437164,-0.207314,-0.659643,-0.286078,0.109377,-0.194368,-0.21023,-0.38983,0.030911,0.488391,#
20,-0.327018,-0.327169,-0.407398,-0.379519,-0.611096,0.582617,-0.245985,0.551036,-0.095959,-0.249726,-0.498995,-0.399647,-0.407878,0.221466,0.394286,0.236025,-0.407587,0.348392,0.556633,0.511285,1.0,0.158466,-0.021228,0.142504,-0.009796,0.037638,0.215725,0.308279,-0.742066,-0.407648,0.302345,0.438665,0.650171,0.025344,-0.162611,-0.166627,0.314541,0.435747,0.061458,-0.24289,0.207471,0.072316,0.295954,-0.051712,-0.166627,0.35319,0.187623,-0.402792,-0.155405,-0.213417,0.127372,0.302345,-0.166627,-0.735067,-0.720495,0.245676,0.10145,0.226101,-0.175523,0.202134,0.163168,0.24994,0.253082,0.242236,-0.056448,0.266342,-0.249875,0.388195,0.294431,0.231628,0.321316,0.452124,-0.32633,0.505788,0.517608,-0.61083,0.517608,0.505788,0.428294,0.268339,0.627264,0.418152,0.418152,-0.166627,0.341002,0.517608,0.08474,0.418152,0.134588,0.517608,0.517608,0.529129,0.239231,0.359369,0.517608,0.362658,0.092034,0.418152,0.286797,0.341002,-0.309636,0.239231,0.268339,0.612381,0.428294,0.627264,-0.680232,0.273714,0.505788,-0.49961,0.207471,-0.249441,0.517608,0.250117,0.505788,0.239231,0.418152,0.428294,-0.107023,0.027355,0.250117,0.505788,0.268339,0.312358,-0.52851,0.268339,0.627264,0.124198,0.279856,0.126818,0.517608,0.418152,0.438119,-0.24994,0.505788,0.207471,-0.166627,0.517608,0.279856,0.428294,0.656201,-0.762324,-0.249812,0.298391,0.418152,0.362201,0.774276,-0.266489,0.268339,0.505788,0.268339,0.341002,0.774276,0.428294,0.418152,0.250117,0.408234,-0.399922,-0.233154,0.250117,-0.386327,0.207471,0.250117,0.428294,0.42769,0.090031,0.150332,0.286641,-0.249812,0.627264,-0.38577,0.362886,0.092034,0.341002,-0.492358,0.341002,0.517608,-0.246442,-0.122064,-0.043433,-0.093176,-0.309037,-0.406976,-0.042362,-0.057484,0.26168,-0.110688,0.286797,0.120771,-0.396209,-0.116829,-0.311264,-0.750806,-0.54705,0.178803,-0.327007,-0.492358,-0.07196,0.438119,-0.249332,#
