0,1.0,-0.076297,0.134319,-0.434311,0.365815,-0.266269,0.206406,-0.064187,0.221796,0.00363,-0.601562,0.002464,0.802162,-0.115387,-0.3989,-0.430038,-0.050517,0.301316,0.168732,-0.110129,0.0,-0.334125,0.387762,-0.533939,-0.052466,-0.37923,-0.574057,-0.108422,0.05004,0.159622,-0.305618,-0.455691,-0.271939,0.136591,-0.391117,0.137386,0.337781,0.246836,0.223957,-0.369964,0.142635,0.087229,-0.100992,-0.36599,-0.224435,0.330238,0.589582,0.316494,-0.281204,0.222122,0.210643,0.100224,-0.070092,0.0,0.042293,0.185307,0.282005,0.327455,-0.36573,-0.441348,0.310669,-0.570953,0.278618,-0.589502,-0.557328,0.24629,0.107836,0.079558,0.599388,-0.341771,0.355499,-0.115979,-0.29938,-0.230694,0.027551,0.406514,0.36453,-0.407701,0.261985,0.065231,-0.076297,0.162191,-0.101675,0.116545,0.08715,0.027551,-0.663776,-0.0841,0.36453,-0.092686,-0.401128,0.177437,-0.085055,0.446171,0.027551,-0.406917,0.027551,0.162191,0.65676,-0.431617,0.246786,-0.407701,0.065231,-0.209437,0.00777,0.097121,0.229924,0.610344,-0.533797,-0.181665,0.199473,-0.27194,0.199473,-0.407909,-0.101675,-0.27194,-0.275219,0.142738,0.446171,-0.590624,0.097121,-0.389936,0.08715,-0.533797,-0.355499,0.08715,-0.407909,-0.060701,0.179866,-0.118296,-0.076297,0.154268,0.416923,-0.07225,-0.001806,-0.406917,0.106237,0.621576,-0.18725,-0.141434,-0.057475,-0.062294,-0.407701,0.285705,0.162191,-0.15793,-0.27194,0.548894,-0.338585,-0.149745,-0.372643,-0.355614,0.116545,0.174458,-0.405607,0.097121,0.42145,0.323171,-0.181665,-0.27194,0.212402,0.427334,-0.407909,0.027551,0.402097,-0.405882,0.128373,-0.325246,-0.118296,0.107785,-0.33062,0.215155,0.36453,-0.017156,-0.17888,-0.149745,0.621576,0.390694,0.165662,-0.275883,-0.007958,0.019679,-0.431889,-0.573847,0.523181,0.043646,0.042156,0.521634,-0.458969,0.422145,0.065231,-0.405882,0.237898,0.413258,-0.257663,0.159534,0.243927,-0.355614,0.091298,0.400256,#
1,-0.076297,1.0,-0.534079,-0.465485,-0.195699,-0.08453,0.088923,0.060091,0.100361,0.231068,0.088923,0.245711,0.245711,0.041525,0.643759,0.245711,-0.20787,0.135976,-0.06731,0.541743,0.0,0.50794,0.224392,-0.42846,0.072287,0.235525,0.036387,0.119527,0.435402,0.390132,-0.47708,0.364466,0.509175,0.23898,-0.058742,0.2398,0.112938,0.082859,-0.061454,-0.036912,-0.107569,0.708985,0.094548,-0.171319,-0.111939,-0.42492,0.382466,0.085824,-0.102361,0.263119,0.253546,-0.498308,-0.42846,0.478286,-0.089089,0.485752,-0.472146,-0.366778,-0.484483,0.253546,0.205464,0.089087,0.207486,0.257024,0.214977,-0.221873,0.206552,0.450596,-0.084228,-0.401148,-0.470379,-0.311895,0.355473,-0.135149,-0.259682,0.293587,-0.428571,-0.32716,-0.399893,-0.999306,-0.428571,-0.534242,-0.428345,-0.327327,-0.57394,-0.259682,-0.135149,-0.0,-0.428571,0.008726,0.186236,-0.108971,-0.428345,0.169913,-0.259682,0.183673,0.186236,-0.534242,-0.378168,-0.223172,0.284134,-0.32716,-0.999306,-0.115987,-0.654654,-0.327327,-0.549853,-0.00868,-0.428345,-0.40343,-0.129285,-0.218218,-0.129285,-0.327327,-0.428345,-0.218218,-0.095493,-0.534523,0.169913,0.026541,-0.327327,0.176055,-0.57394,-0.428345,0.269211,-0.57394,-0.327327,-0.190941,-0.463237,-0.428345,-0.428571,-0.135149,-0.238865,0.296573,-0.6543,0.183673,-0.327248,-0.327327,-0.043644,0.053319,0.008726,-0.699841,-0.32716,0.171184,-0.534242,-0.711883,-0.218218,0.087919,-0.095657,-0.40343,-0.095657,-0.57394,-0.327327,-0.089087,-0.264082,-0.327327,0.22402,0.067862,0.044825,-0.218218,-0.382,-0.218218,-0.327327,-0.259682,-0.243554,0.642618,0.183673,0.507647,-0.428345,0.183673,-0.047619,-0.217937,-0.428571,-0.223172,0.519525,0.044825,-0.327327,0.212557,0.351416,-0.466569,0.642618,-0.118728,-0.212413,0.305517,0.312886,-0.157158,0.396885,-0.067748,-0.233884,0.212557,-0.999306,0.642618,0.089087,0.290678,-0.495572,0.386685,0.519525,-0.57394,0.060658,0.008726,#
2,0.134319,-0.534079,1.0,0.295531,0.428677,0.168606,0.286168,-0.064187,-0.129997,0.007259,-0.109596,-0.414635,-0.044975,-0.047248,-0.366917,-0.414635,0.378874,-0.144606,-0.217959,-0.533703,0.0,0.021995,0.000901,-0.070092,-0.088102,-0.396001,-0.124929,-0.657623,-0.323461,0.141954,0.090502,-0.250161,-0.271939,0.096285,-0.338828,-0.407502,0.211783,-0.179308,0.556674,0.143254,-0.253574,-0.070708,0.233706,0.354959,0.183926,0.159119,-0.288986,0.191351,0.001786,-0.401431,0.293898,0.503152,0.359396,-0.525482,0.026432,-0.252841,0.283994,0.118897,0.047471,0.293898,0.281407,-0.142738,-0.407373,0.006101,-0.021528,0.403512,-0.407794,-0.34563,0.036879,0.265255,0.182753,0.240829,0.175247,0.195783,-0.417005,0.443536,-0.110207,0.131463,-0.173707,0.545568,-0.110207,0.17138,-0.058659,0.077697,0.114197,-0.417005,-0.205219,-0.039517,-0.110207,-0.07508,-0.81393,-0.263553,0.356842,0.021741,-0.417005,-0.406917,-0.417005,0.17138,0.249993,0.022574,-0.440944,0.131463,0.545568,0.235002,-0.00777,-0.407909,0.311876,-0.029358,-0.058659,0.306531,0.18317,0.427334,-0.257013,-0.407909,-0.058659,0.427334,0.187002,-0.253757,0.021741,-0.11529,-0.407909,0.026733,0.573991,-0.058659,-0.475579,0.573991,-0.407909,0.352874,0.103796,0.373462,0.347575,0.211823,-0.422469,-0.098185,0.007224,-0.406917,0.602769,0.077697,-0.268832,-0.593262,-0.092686,0.498361,0.131463,-0.339035,0.17138,0.407498,-0.27194,0.432315,0.131226,-0.140356,-0.311538,0.573991,0.077697,-0.269617,-0.365046,-0.407909,-0.001078,0.078527,-0.124396,-0.27194,0.294382,0.375535,0.116546,0.011674,0.016887,-0.379022,-0.406917,-0.776608,0.373462,0.128373,0.093252,-0.183411,-0.110207,0.406334,-0.135177,-0.140356,0.077697,0.02408,-0.223719,0.124592,0.034818,0.413258,0.013932,-0.084946,-0.146283,0.200324,0.21553,-0.373888,-0.057909,0.008354,0.545568,-0.379022,0.269617,0.019679,0.50072,-0.267711,-0.135177,0.573991,0.084426,-0.092686,#
3,-0.434311,-0.465485,0.295531,1.0,-0.153821,0.298053,-0.186495,-0.565284,-0.245364,-0.33777,0.469057,-0.377216,-0.353781,0.264939,-0.274472,0.311596,0.308544,-0.316703,0.275526,0.26448,0.0,-0.216421,-0.308783,0.151383,-0.530889,-0.385257,0.429969,-0.353939,-0.151673,-0.361531,0.497856,-0.252832,0.119934,-0.655985,0.49235,-0.749698,-0.293733,0.414199,-0.426382,-0.207581,0.238959,-0.335747,-0.338554,0.321325,0.240543,-0.17947,-0.433007,-0.356422,0.501834,-0.129618,-0.082947,0.518778,0.179796,-2e-06,-0.195858,-0.087176,-0.20005,-0.175043,0.489647,-0.124421,-0.114538,-0.267548,-0.188509,-0.17784,-0.194636,-0.085565,0.179851,-0.210526,-0.313413,0.975261,-0.234484,0.337334,0.347401,0.239691,0.253936,-0.127742,0.179464,0.148618,0.332817,0.465862,0.123381,0.241951,0.207935,0.083526,0.434727,0.253936,0.213163,0.23461,0.151423,0.176755,0.306453,-0.463899,0.15296,-0.291412,0.253936,0.145414,0.332712,0.216115,-0.233903,0.308833,-0.188275,0.148618,0.465862,0.218237,0.282703,0.147776,-0.054215,-0.208191,0.15296,0.412713,0.293106,0.162768,0.212216,0.083526,0.180447,0.119934,0.293624,0.215088,-0.291412,0.384475,0.147776,0.332668,0.519221,0.15296,-0.14738,0.519221,0.083526,0.696583,0.438807,0.207935,0.207505,0.292747,-0.380393,-0.270236,0.258058,0.145414,0.148371,0.147776,-0.285273,0.359505,0.202446,0.350299,0.117427,-0.249491,0.241951,0.606233,0.077101,-0.364906,0.547385,0.333524,0.491056,0.462892,0.115651,0.267548,0.280831,0.147776,-0.334074,-0.140531,0.43911,0.077101,-0.227104,0.077101,0.147776,0.306453,-0.320055,-0.315895,0.209508,-0.16754,0.207935,0.179464,-0.235547,-0.111127,0.179464,0.334221,-0.22054,0.412713,0.147776,-0.255538,-0.334411,0.905684,-0.263247,0.521709,0.28407,-0.186783,-0.336124,-0.129563,-0.193255,-0.227066,0.285268,-0.281547,0.465862,-0.340575,-0.188858,-0.167796,0.196354,-0.43481,-0.193645,0.462892,-0.357519,0.231562,#
4,0.365815,-0.195699,0.428677,-0.153821,1.0,-0.050244,0.671915,0.316745,-0.333609,-0.436555,-0.321902,-0.01345,-0.05287,-0.163395,-0.398585,-0.53597,0.449689,0.07177,-0.582332,-0.216,0.0,0.195536,0.022158,-0.223811,-0.13976,0.020263,0.098144,-0.408162,-0.251449,0.46427,0.198964,-0.32524,-0.662855,0.31951,-0.321882,0.225925,0.124443,-0.417842,0.444717,0.281132,-0.13123,0.031173,0.139375,-0.531792,-0.597417,0.612639,-0.144395,0.220535,-0.467829,-0.168847,0.656908,-0.340351,-0.223811,-0.555495,0.55847,-0.362678,-0.178711,0.587871,-0.370263,-0.129619,-0.015909,0.151224,-0.182721,-0.213361,-0.037212,0.322987,-0.371973,0.216524,0.268867,-0.234232,-0.186597,-0.528608,-0.047026,-0.580988,-0.529853,0.49198,-0.259513,-0.342393,-0.445393,0.200877,-0.280785,-0.122898,-0.205817,0.175462,-0.34335,-0.529853,-0.580988,-0.161445,0.251005,-0.216456,-0.490015,-0.160043,0.273768,0.061906,-0.529853,-0.991864,-0.490015,0.34748,0.105846,-0.012915,-0.257437,-0.342393,0.200877,-0.115466,-0.019496,-0.385041,0.660321,0.14423,-0.226668,0.166786,-0.044998,0.246946,-0.126814,-0.40941,0.29462,0.18196,-0.0837,-0.151223,0.061906,-0.352122,-0.385041,-0.457524,-0.257889,-0.226668,-0.120521,-0.257889,-0.40941,-0.234761,-0.396555,-0.205817,-0.195699,-0.057767,-0.065645,-0.612199,-0.051432,-0.991864,0.225103,0.199831,-0.3441,-0.425148,-0.26193,0.531458,0.225478,-0.005734,-0.122898,-0.322893,-0.662855,0.776263,-0.236524,-0.413902,-0.300619,-0.279254,-0.40941,-0.131325,-0.477185,-0.385041,0.036783,-0.377409,-0.353831,-0.662855,0.627864,0.116974,0.27294,0.027887,-0.019469,0.072389,0.246447,-0.19397,-0.205817,-0.346119,0.238242,-0.421937,-0.259513,-0.012915,-0.321843,-0.373855,0.199831,0.559342,0.477216,-0.174178,0.092359,-0.170446,-0.003496,-0.19444,0.493234,0.381904,-0.278301,0.147281,0.0269,0.539612,0.200877,0.034947,0.668564,0.495247,0.418118,0.387691,0.188209,-0.279254,-0.308403,0.290253,#
5,-0.266269,-0.08453,0.168606,0.298053,-0.050244,1.0,-0.090944,-0.532532,-0.126752,0.394913,0.296248,0.002006,-0.45247,-0.019425,0.443353,0.002006,-0.034426,-0.127299,-0.307574,-0.067232,0.0,-0.4022,0.019131,-0.113408,0.357157,-0.023701,-0.189507,-0.225237,0.146886,0.205059,0.636508,0.421524,-0.27142,0.124852,-0.355389,-0.406724,-0.230485,0.237807,0.208619,0.154449,-0.664361,0.37599,-0.115799,0.322601,0.133557,0.148098,-0.296461,-0.285601,0.109721,0.309844,-0.339856,0.110795,0.306104,0.12624,0.147385,0.041899,-0.398668,0.412107,-0.295791,0.298012,0.277391,0.277555,-0.446704,-0.101648,0.008599,-0.616395,-0.407015,0.12918,-0.478074,0.376807,-0.525042,-0.165742,0.240716,0.137187,-0.020811,-0.036635,0.312245,0.072806,-0.190263,0.07341,0.312245,0.114348,-0.110017,0.067196,-0.389754,-0.020811,-0.254501,-0.530939,-0.119033,-0.531795,0.011498,0.137593,-0.126928,0.037895,-0.020811,0.117554,0.399204,-0.283019,0.257426,-0.017272,-0.479424,0.072806,0.07341,-0.251313,0.403178,0.08696,0.270383,0.138037,-0.110017,-0.539042,0.19925,0.466421,-0.265211,0.08696,-0.532778,-0.27142,0.146138,-0.261418,0.037895,-0.156726,0.08696,0.384368,0.0954,-0.110017,-0.471456,0.0954,0.08696,0.343887,-0.408117,-0.110017,0.795276,-0.662509,-0.030287,0.317044,-0.04851,0.117554,0.057882,0.067196,-0.187359,0.236622,0.756862,0.217617,-0.406923,-0.377517,0.114348,-0.044041,0.387367,0.048215,0.5459,-0.198021,-0.3551,0.0954,0.561287,0.545428,-0.412881,0.08696,0.015793,0.09465,-0.165543,0.387367,-0.544643,0.361015,0.146251,0.027653,-0.039473,0.040488,0.074426,-0.229936,-0.110017,-0.40614,0.533059,-0.177464,0.312245,0.357574,0.28459,0.224195,0.067196,0.029701,0.198092,0.404152,0.040488,0.412469,-0.000608,0.422701,-0.156042,-0.720787,0.196822,0.060949,-0.071777,0.41372,0.07341,-0.384632,-0.125868,-0.596085,0.10332,-0.230585,-0.129058,0.0954,0.525595,0.309046,#
6,0.206406,0.088923,0.286168,-0.186495,0.671915,-0.090944,1.0,0.112213,0.19114,-0.327524,0.201056,0.007084,-0.024607,0.114499,0.055197,-0.412978,-0.002488,-0.179773,-0.157704,0.072429,0.0,0.316078,0.043987,-0.349592,0.133655,0.016289,0.13266,-0.282342,0.371036,0.67998,-0.032158,-0.519299,-0.407495,0.44476,-0.106881,-0.081418,0.148711,-0.272431,0.273394,0.416885,-0.198208,-0.003732,-0.213906,-0.449506,-0.568841,0.315711,-0.173805,0.321707,0.132476,-0.189384,0.479537,-0.112969,-0.349592,-0.446571,0.244209,-0.112139,-0.201457,0.368799,-0.132578,-0.152764,0.459431,0.198351,-0.300171,0.123836,0.232567,0.199662,-0.111013,-0.020909,-0.062457,-0.212998,-0.338687,-0.685815,0.268565,-0.549286,-0.819322,0.666115,-0.372792,-0.087276,-0.679736,-0.077754,-0.800305,-0.169979,0.080659,-0.611243,-0.528203,-0.819322,-0.549286,0.115481,-0.372792,-0.3545,-0.402973,-0.600546,-0.338412,0.036038,-0.819322,-0.609756,-0.402973,-0.169979,0.158027,-0.006011,-0.271272,-0.087276,-0.077754,-0.526007,-0.391823,-0.121465,0.405938,0.245612,-0.338412,0.206804,-0.124387,0.323907,-0.584795,-0.611243,0.080659,0.271664,0.239676,-0.198352,0.036038,-0.214451,-0.121465,-0.372273,-0.047284,-0.338412,0.351861,-0.047284,-0.611243,0.05812,-0.528747,0.080659,-0.32149,0.259607,-0.43766,-0.438343,-0.40855,-0.609756,-0.091864,-0.121465,-0.182589,-0.663461,-0.391057,0.326717,-0.087276,-0.225916,-0.169979,-0.486119,-0.407496,0.817404,-0.030108,-0.646357,-0.081635,-0.476676,-0.611243,-0.182355,-0.388079,-0.121465,0.040007,-0.098698,0.174609,-0.407496,0.58142,-0.407496,-0.062692,-0.370946,-0.015651,0.058195,0.385739,0.04676,0.080659,-0.090633,-0.054722,-0.527034,-0.372792,-0.006011,0.21363,-0.227825,-0.121465,0.835089,0.69863,-0.326723,0.459536,0.237,0.006825,-0.351581,0.754392,0.469558,-0.011019,-0.134621,-0.098858,0.43856,-0.077754,0.028094,0.998156,0.207596,-0.161701,0.24819,0.623668,-0.476676,-0.290703,0.052851,#
7,-0.064187,0.060091,-0.064187,-0.565284,0.316745,-0.532532,0.112213,1.0,-0.33736,-0.198858,-0.343651,0.200888,-0.192154,-0.427464,-0.209651,-0.26039,0.242535,0.022013,-0.539762,-0.427847,0.0,0.469285,-0.202525,0.523325,0.085372,0.671476,0.110146,0.144847,-0.50684,-0.05965,-0.193378,0.165825,-0.218002,0.253624,-0.032431,0.749638,0.175179,-0.800183,0.340134,0.407571,-0.094786,-0.169508,0.5108,-0.177378,-0.063102,0.307397,-0.063666,0.275914,-0.637302,-0.544907,0.19997,-0.582318,0.066671,-0.560444,0.508237,-0.20615,0.201834,-0.015975,-0.141884,0.19997,-0.356506,0.533994,0.266504,0.344612,0.394912,0.299885,-0.326911,-0.079266,0.08223,-0.72994,0.328053,-0.044249,-0.532683,-0.043055,-0.230462,-0.12478,-0.428148,0.248199,-0.370062,-0.039407,0.022534,-0.057402,0.078828,0.189318,-0.023077,-0.230462,0.383311,0.098756,0.022534,0.040832,-0.230462,0.329945,0.52061,-0.216927,-0.230462,-0.326208,-0.652493,0.357845,-0.366671,0.222418,0.229528,0.248199,-0.039407,0.345874,-0.24095,-0.327004,0.217169,-0.191216,0.52061,0.112716,-0.532773,-0.218002,-0.099417,0.189318,0.52061,0.527795,-0.057402,-0.11242,-0.216927,0.12141,-0.327004,-0.173975,-0.47574,0.52061,0.328053,-0.47574,0.189318,-0.698109,-0.173542,0.078828,-0.428148,-0.043055,0.19003,-0.23924,0.222418,-0.326208,0.243254,-0.327004,0.287419,-0.370062,-0.427133,0.174787,0.749513,0.384782,-0.057402,-0.2695,-0.218002,0.115728,-0.47574,0.112716,-0.023077,-0.023077,-0.327004,-0.533995,0.242585,-0.327004,-0.187667,-0.514258,-0.311528,-0.218002,0.533226,-0.218002,0.189318,-0.230462,0.240617,0.240193,-0.326208,0.308087,0.078828,-0.326208,0.428148,-0.189074,-0.428148,-0.185615,-0.323745,-0.311528,-0.327004,-0.188979,-0.057649,-0.700477,-0.182899,-0.708434,0.223519,0.339509,-0.112546,0.471009,-0.07523,-0.081039,0.311254,-0.188979,-0.039407,0.669896,0.11242,0.331291,0.441071,0.345155,-0.323745,-0.023077,-0.175705,-0.427133,#
8,0.221796,0.100361,-0.129997,-0.245364,-0.333609,-0.126752,0.19114,-0.33736,1.0,0.45736,0.175606,-0.024774,0.415996,0.569713,0.434366,-0.024774,-0.843953,0.276828,0.633546,0.066373,0.0,-0.101052,0.474763,-0.395261,0.549726,-0.426652,-0.173902,0.542849,0.800153,0.264503,-0.450592,-0.156629,0.280176,0.457964,-0.17361,-0.074463,0.134061,0.094342,-0.069094,-0.058346,0.215389,-0.0232,-0.162797,-0.040531,-0.213248,-0.405715,0.270017,0.189793,0.649972,0.472298,-0.159697,0.414257,-0.395261,0.446909,-0.732699,-0.120195,0.476935,-0.046946,0.42211,-0.185289,0.304616,-0.233079,-0.392056,0.218703,0.034828,0.232702,0.399906,0.002965,0.303915,-0.11349,0.266385,-0.185226,0.284672,-0.225136,-0.052614,0.08905,0.04845,-0.14832,0.104624,-0.114989,-0.38414,-0.215326,0.032128,-0.610573,-0.172979,-0.052614,-0.225136,0.046534,-0.366837,0.063836,-0.052614,-0.200692,-0.799006,0.428529,-0.052614,0.377219,-0.052614,-0.597961,0.571387,-0.452844,-0.306406,-0.14832,-0.114989,-0.597682,0.0,0.360793,-0.319375,-0.037216,-0.39192,0.153879,0.268759,0.33304,-0.197116,-0.134802,-0.374958,-0.407049,-0.215326,0.200707,0.428529,-0.330801,0.360793,-0.466258,0.313652,-0.39192,0.266385,0.313652,-0.134802,-0.014207,-0.051224,0.032128,0.100361,0.200485,-0.042078,0.4738,-0.452844,0.377219,-0.610426,-0.114978,0.422643,-0.307092,-0.366319,-0.500132,-0.610262,-0.533398,-0.215326,0.120187,0.227313,-0.008593,-0.12084,-0.318489,-0.172979,-0.12084,-0.134802,-0.203944,-0.06642,0.360793,0.456741,0.829374,0.088725,0.227313,0.162769,-0.407049,-0.055507,0.0122,-0.055896,0.022336,-0.083799,-0.202601,0.032128,0.398231,-0.515648,0.553091,0.04845,-0.452844,0.580456,-0.318489,-0.114978,0.417889,0.268673,-0.141687,0.428444,0.193102,-0.431429,-0.396421,0.308783,0.262695,-0.053082,-0.146887,-0.518327,0.016651,-0.114989,-0.404078,0.187758,-0.407923,-0.615131,-0.170845,0.597053,-0.12084,0.364288,-0.348352,#
9,0.00363,0.231068,0.007259,-0.33777,-0.436555,0.394913,-0.327524,-0.198858,0.45736,1.0,0.038561,-0.207936,0.1946,0.289103,0.628653,-0.207936,-0.64137,0.501498,-0.038425,-0.210532,0.0,-0.215238,0.638571,-0.255614,0.672168,-0.216622,-0.326669,0.371502,0.274779,0.043225,-0.155152,0.666587,0.342581,0.550795,-0.700032,0.028001,0.376096,-0.053872,0.483416,-0.160674,-0.417418,0.574266,0.475654,0.549872,0.348585,-0.441237,0.399452,0.285221,0.106271,0.384402,-0.233197,0.255698,0.157555,0.438816,-0.432295,0.102338,0.3744,-0.150788,-0.133197,0.369899,0.283461,0.019071,-0.414569,0.134501,-0.054651,-0.014901,-0.002981,0.278405,0.049383,-0.216737,0.212795,0.030027,0.078538,0.329414,0.134394,0.032298,0.163107,-0.044468,-0.070389,-0.241661,0.163107,-0.061881,-0.252369,-0.031144,-0.305564,0.134394,-0.056352,-0.253841,-0.24466,-0.246156,-0.24745,0.355046,-0.252369,0.606621,0.134394,0.471359,0.134394,-0.437587,0.391766,-0.626881,-0.386671,-0.044468,-0.241661,-0.020889,0.186862,-0.031144,-0.380813,-0.194892,-0.252369,-0.401533,0.412464,0.394487,-0.044975,-0.031144,-0.652083,-0.3322,-0.437587,-0.432289,0.606621,-0.481062,-0.031144,0.120828,0.172256,-0.252369,-0.420524,0.172256,-0.031144,-0.104137,-0.227404,-0.252369,0.638835,-0.442118,0.145255,0.974995,-0.257702,0.471359,-0.040294,-0.031144,0.4983,-0.070389,0.195928,-0.545178,-0.498046,-0.451975,-0.061881,0.084405,0.290675,-0.101246,0.172256,-0.081661,-0.715123,0.172256,0.436012,-0.050858,-0.256066,-0.031144,0.635549,0.740911,-0.465508,0.290675,-0.38611,0.290675,0.046716,0.198035,0.131721,0.229284,-0.497088,-0.338512,-0.252369,-0.023786,0.21068,0.379252,0.163107,-0.257702,0.416765,-0.081661,-0.031144,-0.170196,0.032098,-0.239598,0.229284,0.087061,-0.609896,0.485512,-0.338874,-0.318497,0.29083,-0.280398,-0.647639,0.208017,-0.241661,-0.189408,-0.36236,-0.503081,-0.065107,-0.385872,0.025666,0.172256,0.953451,-0.227476,#
10,-0.601562,0.088923,-0.109596,0.469057,-0.321902,0.296248,0.201056,-0.343651,0.175606,0.038561,1.0,-0.412978,-0.412978,0.552783,0.428551,0.007084,-0.372768,-0.179773,0.202258,0.51673,0.0,-0.088175,0.043987,0.066259,0.082403,-0.031326,0.569469,0.091025,0.371036,-0.135431,0.406686,-0.026782,0.271664,-0.083712,0.313613,-0.610633,0.113561,0.12299,-0.165386,-0.031151,-0.19954,-0.038391,-0.264835,0.385628,0.22063,-0.36833,-0.173805,0.169073,0.728547,-0.189384,-0.152764,0.331668,0.066259,-0.002454,-0.177027,0.225109,-0.227542,-0.295669,0.357678,-0.152764,0.356133,0.182355,-0.355522,0.123836,0.064495,-0.207317,0.387378,-0.020909,-0.70092,0.456865,-0.393931,-0.254364,0.315208,0.2263,-0.05162,0.113337,0.054722,0.388266,-0.30636,-0.077754,-0.372792,0.22392,0.49973,-0.611243,-0.134173,-0.05162,0.2263,0.514042,-0.372792,-0.391057,0.364729,-0.591955,-0.338412,0.01125,-0.05162,0.385739,0.364729,-0.169979,-0.237041,-0.006011,-0.271272,0.388266,-0.077754,-0.139237,-0.0,0.368313,-0.230827,-0.186598,0.080659,0.173662,0.252837,0.323907,-0.20757,-0.121465,0.080659,0.271664,0.239676,-0.198352,0.01125,0.132483,0.368313,0.385476,0.346747,0.080659,0.296617,0.346747,-0.121465,0.546266,-0.133657,0.080659,0.106023,0.2263,-0.429269,0.104448,-0.021493,0.385739,-0.091864,-0.121465,0.307189,0.1168,0.052851,0.054452,-0.087276,-0.425707,0.22392,0.025958,0.245542,-0.129774,0.793315,0.12537,0.312396,-0.082645,-0.121465,0.217547,0.36967,0.368313,0.011741,0.059706,0.543902,0.245542,-0.208778,-0.407496,-0.062692,-0.00358,-0.007365,0.032107,0.385739,0.380465,0.080659,-0.133384,-0.071823,-0.411417,0.054722,-0.006011,0.186977,0.543902,-0.121465,0.026171,0.278644,0.256711,0.032107,0.581033,-0.019271,0.109468,-0.10249,-0.040635,-0.042159,-0.556325,-0.098858,0.026171,-0.077754,0.002007,0.182355,-0.41872,-0.192344,-0.567355,0.186977,-0.082645,-0.050101,0.052851,#
11,0.002464,0.245711,-0.414635,-0.377216,-0.01345,0.002006,0.007084,0.200888,-0.024774,-0.207936,-0.412978,1.0,-0.180206,-0.653032,0.197296,0.57495,0.186919,-0.460816,-0.04786,-0.186748,0.0,0.264959,-0.582051,0.187672,0.240311,0.602892,-0.462018,0.067977,0.214558,0.446807,-0.238582,0.086965,-0.33304,0.03565,0.219148,0.492723,-0.76196,0.015389,-0.367015,0.610288,-0.00647,-0.108986,-0.372371,-0.587298,-0.414894,0.416364,-0.382097,-0.696203,-0.302815,0.300815,-0.353175,-0.634033,-0.233117,0.126624,0.279482,-0.122717,-0.363234,0.428878,-0.233778,0.286635,-0.254842,0.411125,0.353282,0.390707,0.595808,-0.530692,-0.499418,-0.220606,0.017868,-0.355048,-0.251334,-0.031385,-0.021363,-0.403665,-0.202831,-0.456512,-0.221486,-0.018115,-0.001938,-0.256204,0.193801,-0.416772,-0.229684,-0.023789,-0.23391,-0.202831,-0.010785,-0.651476,-0.23879,0.227866,0.218462,0.390953,-0.246646,-0.595426,-0.202831,0.026944,-0.170424,-0.432715,-0.006342,0.568036,0.331435,-0.018115,-0.256204,-0.472044,-0.222027,-0.003965,0.291496,0.325274,0.177402,-0.421203,-0.813911,-0.33304,-0.41459,0.471806,-0.246646,-0.33304,0.396327,0.381991,-0.595426,0.424352,-0.003965,-0.180068,-0.651023,0.177402,0.447414,-0.651023,0.471806,-0.428524,-0.298494,0.194363,-0.221486,-0.403665,0.179823,-0.206271,-0.230938,0.026944,-0.49944,-0.49956,-0.386168,0.014531,0.208842,-0.008478,-0.037363,0.39344,-0.416772,-0.444136,0.327753,-0.097165,-0.633643,-0.421203,0.217962,-0.23391,-0.003965,0.009712,-0.212055,-0.003965,-0.568946,-0.330024,0.018588,0.327753,-0.034417,-0.33304,-0.023789,-0.607921,-0.214267,0.211176,-0.016315,0.259921,0.194363,0.026944,0.221486,0.158746,-0.221486,0.192049,0.438143,-0.388625,-0.49956,0.212054,0.01328,-0.173173,0.227421,-0.451958,0.60205,0.019708,0.358511,-0.21244,0.191241,0.645402,0.584755,-0.189184,-0.256204,0.211176,0.02266,-0.088963,-0.336545,0.819877,0.023235,-0.23391,-0.116821,-0.240338,#
12,0.802162,0.245711,-0.044975,-0.353781,-0.05287,-0.45247,-0.024607,-0.192154,0.415996,0.1946,-0.412978,-0.180206,1.0,0.200489,-0.180492,-0.180206,-0.262694,0.463026,0.465112,0.211621,0.0,-0.126992,0.568686,-0.653907,-0.180638,-0.569926,-0.362538,0.066598,0.214558,0.010321,-0.633614,-0.308818,0.354185,0.03565,-0.244762,0.036439,0.467846,0.382052,0.02706,-0.648515,0.396541,0.260595,0.022728,-0.139606,-0.016137,-0.275801,0.820041,0.380476,-0.018379,0.300815,0.286635,0.247835,-0.233117,0.387321,-0.421923,0.360586,0.347397,-0.243482,-0.164177,-0.353175,0.286697,-0.802828,0.297273,-0.422618,-0.571884,0.383831,0.510888,0.200526,0.635789,-0.230105,0.391514,0.083291,-0.021363,-0.044488,0.168899,0.428063,0.193801,-0.499305,0.375873,-0.256204,-0.23879,-0.034137,-0.229684,-0.023789,0.1648,0.168899,-0.437368,0.191307,0.193801,0.208842,-0.219988,-0.019509,-0.246646,0.584428,0.168899,-0.016315,0.168899,-0.034137,0.385729,-0.606926,0.331435,-0.499305,-0.256204,-0.008429,-0.222027,-0.003965,-0.393101,0.289529,-0.653732,-0.031236,0.383075,-0.33304,0.383075,-0.49956,-0.229684,-0.33304,-0.416772,-0.006475,0.584428,-0.454249,-0.003965,-0.244983,0.1648,-0.653732,-0.253484,0.1648,-0.49956,0.024119,0.351605,-0.229684,-0.23879,0.381132,0.179823,0.225745,-0.230938,-0.016315,-0.033109,0.471806,-0.02141,-0.035844,-0.221314,-0.559471,-0.499305,0.191278,-0.034137,-0.024674,-0.33304,0.228921,-0.269692,-0.047524,-0.252312,-0.269692,-0.023789,-0.022661,-0.22899,-0.003965,0.586106,0.576205,-0.031236,-0.33304,-0.018254,0.301322,-0.49956,0.168899,0.165824,-0.205085,0.026944,-0.228864,-0.229684,0.508974,-0.660999,0.366627,0.193801,-0.230938,-0.003734,-0.047524,0.471806,0.196005,-0.003065,-0.251888,0.201024,0.080633,-0.616675,-0.51168,0.341511,0.102793,0.14034,0.19202,-0.630472,0.179955,-0.256204,-0.205085,0.006474,0.46743,-0.453418,0.01026,0.411174,-0.269692,0.10059,0.227866,#
13,-0.115387,0.041525,-0.047248,0.264939,-0.163395,-0.019425,0.114499,-0.427464,0.569713,0.289103,0.552783,-0.653032,0.200489,1.0,0.268104,-0.209542,-0.652261,0.583236,0.377209,0.475187,0.0,-0.103577,0.681822,-0.427775,0.064441,-0.653189,0.57239,0.434402,0.456299,-0.078888,0.019126,-0.050401,0.499168,0.229855,-0.107646,-0.326477,0.42534,0.036651,-0.03166,-0.446434,0.309113,0.130602,0.118984,0.171229,-0.117094,-0.660527,0.336192,0.426577,0.680071,0.295951,0.286252,0.471888,-0.427775,0.404124,-0.685671,-0.146457,0.255592,-0.325027,0.490971,-0.381314,0.095038,-0.327631,-0.606853,-0.097448,-0.337232,0.455573,0.727423,0.47167,0.183752,0.316132,0.021648,-0.31746,0.413653,-0.139957,0.158424,0.276112,0.023471,-0.326637,0.025269,-0.049464,-0.427886,-0.11752,0.014783,-0.326804,-0.125015,0.158424,-0.139957,0.453159,0.023471,0.003198,0.158424,-0.533371,-0.42766,0.647427,0.158424,0.176932,0.158424,-0.11752,0.103373,-0.653254,-0.535696,-0.326637,-0.049464,-0.121036,0.223385,0.190291,-0.49726,-0.495695,-0.42766,0.492959,0.785906,0.554325,0.299821,-0.326804,0.014783,-0.217869,-0.533388,-0.111462,0.647427,-0.428673,0.190291,-0.268568,0.382726,-0.42766,0.021648,0.382726,-0.326804,0.186844,0.004088,-0.42766,0.077633,0.287047,-0.234874,0.313854,-0.24461,0.176932,-0.326725,0.190291,0.502202,0.025269,-0.426872,-0.400215,-0.326637,-0.722851,-0.11752,0.301876,-0.217869,-0.086552,0.382726,0.017095,-0.125015,-0.070614,-0.326804,-0.111462,0.148616,0.190291,0.64872,0.612351,0.017095,-0.217869,0.094438,-0.217869,0.252342,0.631807,-0.2396,0.218219,0.222068,-0.095582,-0.42766,0.176932,-0.492882,0.20244,0.023471,-0.653254,0.086149,0.017095,0.190291,0.217799,0.356539,0.242283,0.218219,0.290731,-0.656779,-0.215139,0.007872,0.346784,-0.463185,-0.54283,-0.636113,0.217799,-0.049464,-0.226693,0.094574,-0.143891,-0.142225,-0.53314,0.519056,-0.070614,0.114571,0.041794,#
14,-0.3989,0.643759,-0.366917,-0.274472,-0.398585,0.443353,0.055197,-0.209651,0.434366,0.628653,0.428551,0.197296,-0.180492,0.268104,1.0,0.197296,-0.591981,0.08825,-0.04315,0.227734,0.0,0.20025,0.262917,-0.249049,0.659327,0.175825,-0.017129,0.351994,0.684054,0.44328,-0.117343,0.589562,0.327786,0.52784,-0.259239,0.015992,-0.053918,-0.033126,0.075894,0.259821,-0.427339,0.572098,0.056783,0.149106,-0.046603,-0.422275,0.017794,-0.038975,0.309406,0.431997,-0.197808,-0.166365,-0.249049,0.494074,-0.281127,0.137365,-0.261844,-0.090644,-0.147989,0.417265,0.286618,0.41079,-0.397607,0.494567,0.4304,-0.387076,-0.01435,0.302568,-0.328347,-0.177167,-0.452954,-0.368958,0.46184,-0.058042,-0.249509,0.024785,-0.237875,-0.036463,-0.460988,-0.650655,-0.237875,-0.431762,-0.245742,-0.499302,-0.718235,-0.249509,-0.058042,-0.263439,-0.65374,-0.255938,0.155496,-0.034074,-0.653395,0.192718,-0.249509,0.470284,0.155496,-0.814929,-0.005635,-0.229982,-0.321529,-0.036463,-0.650655,-0.43257,-0.190573,-0.022869,-0.365246,-0.172924,-0.245742,-0.421037,0.001317,0.378606,-0.446545,-0.022869,-0.653395,-0.332868,-0.033268,-0.426351,0.192718,-0.073245,-0.022869,0.141632,-0.250419,-0.245742,0.218778,-0.250419,-0.022869,-0.087981,-0.660816,-0.245742,0.227894,-0.451469,-0.23527,0.642326,-0.621554,0.470284,-0.499182,-0.499302,0.264516,-0.049358,0.175875,-0.527654,-0.499048,-0.432795,-0.431762,-0.402096,0.302376,-0.075934,0.183981,-0.468013,-0.283835,-0.250419,-0.022869,-0.021784,-0.258122,-0.022869,0.244075,0.374158,-0.060885,0.302376,-0.405995,-0.332868,0.034303,-0.202777,-0.244045,0.607082,-0.034695,0.222319,-0.245742,-0.034695,0.22124,-0.00398,-0.237875,-0.229982,0.810097,-0.060885,-0.499302,0.211088,0.420818,-0.223231,0.607082,0.096822,-0.199368,0.487219,0.071402,-0.290968,0.299771,-0.259145,-0.276941,0.211088,-0.650655,0.197155,0.021784,-0.503847,-0.411238,0.021655,0.411231,-0.250419,0.534936,-0.255938,#
15,-0.430038,0.245711,-0.414635,0.311596,-0.53597,0.002006,-0.412978,-0.26039,-0.024774,-0.207936,0.007084,0.57495,-0.180206,-0.209542,0.197296,1.0,0.186919,-0.460816,0.399007,0.26283,0.0,0.283487,-0.582051,0.187672,-0.232499,0.174338,-0.020022,0.032127,0.214558,0.010321,-0.238582,0.106869,0.354185,-0.499098,0.644635,-0.042777,-0.797528,0.415506,-0.811006,0.156931,0.396541,-0.144056,-0.423906,-0.139606,-0.016137,-0.275801,-0.382097,-0.850651,0.20917,0.300815,-0.353175,-0.166836,-0.233117,0.513945,-0.281642,0.008405,-0.389629,-0.243482,0.245241,0.286635,-0.384254,-0.009712,0.297273,0.390707,0.405397,-0.448488,0.004891,-0.220606,-0.111176,0.348801,-0.307234,0.421955,0.398441,-0.028118,0.168899,-0.552822,-0.221486,-0.018115,0.375873,-0.256204,0.193801,-0.416772,-0.229684,-0.023789,0.1648,0.168899,0.364762,-0.248182,-0.23879,0.640055,0.590192,-0.010817,-0.246646,-0.620509,0.168899,0.508974,0.201306,-0.432715,-0.406102,0.568036,0.331435,-0.018115,-0.256204,-0.080681,-0.222027,-0.003965,-0.352831,-0.112069,0.177402,-0.047524,-0.432207,-0.33304,-0.032885,0.471806,-0.246646,-0.33304,0.396327,0.381991,-0.620509,0.775407,-0.003965,0.186842,-0.252312,0.177402,0.391514,-0.252312,0.471806,0.065419,0.191983,0.194363,-0.221486,-0.028118,-0.212655,-0.0588,-0.230938,0.508974,-0.49944,-0.49956,-0.386168,0.392342,0.208842,-0.283973,-0.037363,0.191278,-0.416772,0.093921,0.327753,-0.670018,-0.234933,-0.047524,0.616672,0.1648,-0.003965,0.009712,0.154855,-0.003965,-0.597547,-0.169738,0.392266,0.327753,-0.42993,-0.33304,-0.023789,-0.236191,-0.601811,0.184779,-0.016315,0.232824,0.194363,0.508974,-0.228408,0.275736,-0.221486,0.192049,0.411174,-0.014947,-0.49956,-0.205233,-0.411693,0.41719,0.201024,-0.10384,0.575644,-0.012724,-0.083518,-0.271832,0.159731,0.21869,0.584755,-0.606471,-0.256204,0.184779,-0.398177,-0.127643,-0.367552,0.384959,-0.003734,0.1648,-0.299165,-0.240338,#
16,-0.050517,-0.20787,0.378874,0.308544,0.449689,-0.034426,-0.002488,0.242535,-0.843953,-0.64137,-0.372768,0.186919,-0.262694,-0.652261,-0.591981,0.186919,1.0,-0.488815,-0.413951,-0.190604,0.0,0.284414,-0.644603,0.266255,-0.652677,0.24177,0.002641,-0.762343,-0.676066,-0.011145,0.160813,-0.173565,-0.332647,-0.498509,0.27542,-0.009063,-0.341062,-0.008931,-0.050472,0.209086,0.005012,-0.148663,-0.024693,-0.146868,0.028355,0.443671,-0.447709,-0.381018,-0.542652,-0.438927,0.260595,-0.285842,0.232823,-0.466334,0.568936,-0.043274,-0.41097,0.111328,-0.283132,0.260595,-0.274292,0.04321,0.380982,-0.073463,0.109701,-0.082746,-0.498829,-0.265192,-0.088174,0.199532,-0.216874,0.329538,-0.04192,0.040947,-0.192292,0.010312,-0.240865,0.045338,-0.01016,0.220228,0.20457,0.016273,-0.173514,0.48385,0.248942,-0.192292,0.072162,-0.153804,0.20457,0.239018,-0.161395,-0.000368,0.66742,-0.604666,-0.192292,-0.497756,-0.192292,0.426686,-0.442707,0.625396,0.30486,0.045338,0.220228,0.442211,-0.211684,-0.49897,0.372723,0.124089,0.263125,0.050061,-0.416367,-0.332647,0.011944,0.01134,0.263125,0.372968,0.426686,-0.012346,-0.604666,0.484583,-0.49897,0.250435,-0.198452,0.263125,-0.165628,-0.198452,0.01134,0.093242,0.164777,0.230781,-0.240865,0.040947,-0.202209,-0.66011,0.222113,-0.497756,0.503741,-0.026461,-0.735603,0.021243,0.184604,0.549574,0.540815,0.494467,0.016273,-0.00683,-0.332647,0.118267,-0.165312,0.050061,0.282082,0.248942,-0.026461,-0.012346,-0.130779,-0.49897,-0.629704,-0.762529,0.050061,-0.332647,0.037709,0.297366,0.01134,-0.192292,-0.171423,-0.158749,-0.020504,-0.072735,0.230781,0.003064,0.240865,-0.42145,-0.240865,0.595524,-0.402702,0.050061,-0.026461,-0.200072,-0.387646,0.212445,-0.189724,-0.10723,0.609639,0.042338,-0.07821,-0.067515,0.156681,0.205765,0.651212,-0.200072,0.220228,0.247802,0.012346,0.505513,0.481644,0.39063,-0.402702,0.248942,-0.55231,0.184604,#
17,0.301316,0.135976,-0.144606,-0.316703,0.07177,-0.127299,-0.179773,0.022013,0.276828,0.501498,-0.179773,-0.460816,0.463026,0.583236,0.08825,-0.460816,-0.488815,1.0,-0.09446,0.10081,0.0,-0.145601,0.8848,-0.431605,0.147916,-0.441803,0.197649,0.540905,0.018085,-0.120351,-0.117834,0.333875,0.306093,0.458716,-0.601796,0.340735,0.614578,-0.223459,0.357617,-0.540876,0.193161,0.435275,0.624535,0.015476,-0.146582,-0.373255,0.716651,0.552944,-0.130158,0.420737,0.40328,0.019151,-0.340962,0.400481,-0.349228,-0.169471,0.405806,-0.120735,-0.054186,-0.258268,-0.182185,-0.281164,-0.315169,-0.321898,-0.515254,0.539242,0.438082,0.791315,0.620783,-0.273449,0.320785,-0.288041,-0.086813,-0.175833,0.346514,0.184917,0.100193,-0.606411,0.100166,-0.150184,0.010735,-0.166011,-0.355509,0.315659,-0.175896,0.346514,-0.260464,0.080192,0.458023,0.005245,-0.072338,0.189136,-0.004746,0.882187,0.346514,-0.106838,0.011432,0.163684,0.211837,-0.888817,-0.326305,-0.606411,-0.150184,0.153356,0.360753,-0.094288,-0.346561,-0.40959,-0.4432,0.10125,0.713649,0.306093,0.610427,-0.196774,-0.004746,-0.40448,-0.99025,-0.237651,0.882187,-0.773829,-0.094288,-0.416535,-0.068075,-0.4432,-0.373915,-0.068075,-0.196774,-0.419682,-0.075921,-0.793964,0.118084,-0.175833,0.353915,0.451972,-0.078896,-0.106838,-0.10431,0.418145,0.544409,0.100166,-0.328059,-0.530271,-0.208381,-0.327213,-0.166011,0.091351,-0.40448,0.030071,-0.068075,0.084408,-0.62515,-0.157926,-0.094288,-0.153971,-0.085797,-0.094288,0.885371,0.52949,-0.673479,-0.40448,0.111478,0.278763,0.336156,0.782121,0.007706,0.375816,-0.062109,-0.198062,-0.793964,-0.106838,-0.118084,0.397507,0.100193,-0.807825,-0.213215,-0.252431,0.418145,0.034434,0.285195,-0.170917,0.039891,-0.31749,-0.883772,0.080482,-0.086575,0.217296,-0.463144,-0.148908,-0.756737,0.449304,-0.150184,-0.033592,-0.197484,0.174743,0.171894,-0.217237,0.215789,-0.157926,0.406292,0.136382,#
18,0.168732,-0.06731,-0.217959,0.275526,-0.582332,-0.307574,-0.157704,-0.539762,0.633546,-0.038425,0.202258,-0.04786,0.465112,0.377209,-0.04315,0.399007,-0.413951,-0.09446,1.0,0.369732,0.0,-0.251212,0.033452,-0.168549,-0.150327,-0.488874,-0.090487,0.249261,0.499779,-0.231798,-0.363917,-0.497466,0.447393,-0.392255,0.480989,-0.412246,-0.122246,0.626409,-0.651973,-0.408234,0.617549,-0.37749,-0.570556,0.020749,0.099338,-0.428218,0.20274,-0.146294,0.722822,0.256052,-0.320719,0.585198,-0.168549,0.462017,-0.707909,0.194407,0.286355,-0.345278,0.596579,-0.428343,0.149137,-0.636429,0.16759,-0.082643,-0.232864,0.04853,0.649621,-0.31389,0.156452,0.383124,0.26593,0.325236,0.194821,0.084735,0.351027,-0.13459,0.296526,0.012498,0.635524,0.056204,-0.158268,0.097512,0.280285,-0.412658,0.479149,0.351027,0.084735,0.347893,-0.085501,0.385455,0.351027,-0.311006,-0.54001,0.020488,0.351027,0.559007,0.351027,-0.254478,0.243579,-0.050767,0.250755,0.012498,0.056204,-0.256998,-0.041683,0.546042,-0.445683,0.138269,-0.165528,0.276109,0.183773,-0.247317,0.166281,0.02501,-0.094198,-0.275105,0.114274,0.551346,0.020488,0.175411,0.546042,-0.083676,0.497421,-0.165528,0.26593,0.497421,0.02501,0.419258,0.605967,0.298118,-0.140077,0.601042,-0.049197,0.105547,-0.067237,0.559007,-0.412558,0.108375,0.058356,0.185361,-0.142337,-0.358705,-0.412447,-0.049864,0.097512,0.395386,0.308451,-0.382548,0.022356,0.173361,0.479149,0.040628,0.02501,0.108908,0.336684,0.546042,0.018736,0.502513,0.6186,0.308451,-0.125743,-0.275105,-0.391816,0.010321,-0.058275,-0.412009,0.140596,-0.017421,0.298118,0.669457,-0.860471,0.497276,0.296526,-0.050767,0.22639,0.173361,0.108375,0.031743,-0.244336,0.326884,0.032022,0.377404,-0.062783,-0.675773,0.133048,0.066043,-0.013124,0.060175,-0.127452,-0.406962,0.056204,-0.42802,-0.125925,-0.163755,-0.692468,-0.246442,0.296183,0.040628,-0.152099,-0.06678,#
19,-0.110129,0.541743,-0.533703,0.26448,-0.216,-0.067232,0.072429,-0.427847,0.066373,-0.210532,0.51673,-0.186748,0.211621,0.475187,0.227734,0.26283,-0.190604,0.10081,0.369732,1.0,0.0,0.036482,0.191163,-0.428158,-0.427858,-0.201162,0.483218,0.082983,0.417444,-0.054059,0.012475,-0.166153,0.508817,-0.326795,0.411659,-0.32677,0.076686,0.525115,-0.531022,-0.49796,0.320199,0.26265,-0.377926,-0.171198,-0.11186,-0.452779,0.347649,0.046495,0.389098,0.235748,0.226299,-0.041082,-0.428158,0.480576,-0.225989,0.490745,-0.52765,-0.39282,-0.015012,-0.450432,0.151621,-0.338977,0.178859,-0.283186,-0.323099,-0.177407,0.741602,0.432462,-0.169038,0.316067,-0.5269,-0.311675,0.372301,-0.135054,0.168967,0.253417,0.029283,-0.32693,0.035863,-0.545178,-0.42827,-0.112288,0.020474,-0.327097,-0.113972,0.168967,-0.135054,0.464849,0.029283,0.008719,0.631709,-0.533849,-0.428044,0.178977,0.168967,0.183544,0.631709,-0.112288,-0.368754,-0.206445,0.256357,-0.32693,-0.545178,-0.115905,-0.234839,0.197097,-0.506871,0.020238,-0.428044,0.027565,0.310769,-0.218064,0.310769,-0.327097,0.020474,-0.218064,-0.078562,-0.106145,0.178977,0.043864,0.197097,0.192847,-0.113972,-0.428044,0.240595,-0.113972,-0.327097,0.355228,0.01673,-0.428044,-0.42827,0.297812,-0.229716,-0.093589,-0.239585,0.183544,-0.327018,0.197097,-0.086387,0.506175,0.025488,-0.407952,-0.32693,0.06826,-0.112288,-0.290446,-0.218064,-0.092751,0.382358,0.027565,0.382358,-0.573536,-0.327097,0.356098,0.159014,0.197097,0.177322,0.024343,0.492734,-0.218064,-0.372681,-0.218064,-0.327097,0.168967,-0.234514,0.212624,0.758754,0.570122,-0.428044,0.183544,-0.505139,-0.258713,0.029283,-0.206445,0.080309,0.492734,0.197097,0.212408,0.351169,0.241446,0.212624,0.290474,-0.223006,-0.222446,0.312665,-0.111141,-0.116136,-0.039492,-0.21822,0.212408,-0.545178,0.212624,0.089024,0.290474,-0.526759,-0.05591,0.51916,-0.573536,-0.380223,0.500587,#
20,0.0,0.0,0.0,0.0,0.0,0.0,0.0,0.0,0.0,0.0,0.0,0.0,0.0,0.0,0.0,0.0,0.0,0.0,0.0,0.0,0.0,0.0,0.0,0.0,0.0,0.0,0.0,0.0,0.0,0.0,0.0,0.0,0.0,0.0,0.0,0.0,0.0,0.0,0.0,0.0,0.0,0.0,0.0,0.0,0.0,0.0,0.0,0.0,0.0,0.0,0.0,0.0,0.0,0.0,0.0,0.0,0.0,0.0,0.0,0.0,0.0,0.0,0.0,0.0,0.0,0.0,0.0,0.0,0.0,0.0,0.0,0.0,0.0,0.0,0.0,0.0,0.0,0.0,0.0,0.0,0.0,0.0,0.0,0.0,0.0,0.0,0.0,0.0,0.0,0.0,0.0,0.0,0.0,0.0,0.0,0.0,0.0,0.0,0.0,0.0,0.0,0.0,0.0,0.0,0.0,0.0,0.0,0.0,0.0,0.0,0.0,0.0,0.0,0.0,0.0,0.0,0.0,0.0,0.0,0.0,0.0,0.0,0.0,0.0,0.0,0.0,0.0,0.0,0.0,0.0,0.0,0.0,0.0,0.0,0.0,0.0,0.0,0.0,0.0,0.0,0.0,0.0,0.0,0.0,0.0,0.0,0.0,0.0,0.0,0.0,0.0,0.0,0.0,0.0,0.0,0.0,0.0,0.0,0.0,0.0,0.0,0.0,0.0,0.0,0.0,0.0,0.0,0.0,0.0,0.0,0.0,0.0,0.0,0.0,0.0,0.0,0.0,0.0,0.0,0.0,0.0,0.0,0.0,0.0,0.0,0.0,0.0,0.0,0.0,0.0,0.0,0.0,0.0,0.0,0.0,0.0,0.0,0.0,0.0,0.0,#
