0,1.0,-0.432328,0.063297,-0.273186,-0.072548,-0.100503,0.363402,-0.492643,0.149615,-0.341291,0.585986,-0.106762,-0.161056,0.330806,0.018674,-0.110925,-0.408015,-0.803451,0.667306,0.18237,0.174017,0.112806,-0.156191,-0.407917,0.0766,-0.100503,0.082564,0.406546,0.209267,-0.121323,0.376629,0.397655,-0.25794,-0.660596,-0.181874,-0.099933,-0.141012,0.256168,-0.05294,0.0,0.333331,0.243943,-0.120897,-0.110743,-0.245588,-0.249691,0.054639,0.289454,-0.807944,0.076442,0.23324,0.205015,0.091571,-0.402015,-0.103525,0.232536,-0.631012,0.248979,0.248402,-0.415575,0.553128,0.612175,-0.151047,-0.025926,-0.140915,0.269179,-0.408015,-0.267794,0.011073,0.408015,-0.322556,-0.305869,0.362146,-0.534217,-0.181175,0.305994,-0.667591,0.062316,-0.400523,-0.439915,0.202596,-0.04212,-0.097546,-0.617226,-0.00312,-0.125778,0.046409,-0.349782,-0.072548,-0.181175,-0.533946,-0.125778,0.001527,0.202596,-0.136439,-0.408015,0.079376,-0.443505,-0.624397,0.127706,0.805593,-0.123021,0.01081,-0.61301,-0.596962,-0.012898,-0.261577,0.087387,-0.444191,-0.234434,-0.27655,0.102004,-0.81839,-0.234434,0.241292,-0.072548,0.382829,0.127706,0.190296,-0.561059,-0.063805,-0.097546,0.504362,0.062021,0.397187,0.024923,-0.048056,0.198857,0.376629,0.087387,-0.667591,-0.282085,0.363616,-0.145021,0.202596,-0.072548,-0.407917,0.071847,0.563426,-0.206137,-0.19243,0.394675,0.364359,-0.103309,-0.598182,0.209921,0.0,-0.140361,-0.166481,-0.072548,0.073011,-0.136653,-0.27201,0.120893,-0.182133,-0.097546,-0.250304,-0.223476,-0.443505,-0.072548,0.549578,-0.815618,-0.115034,-0.443505,-0.351741,0.371953,0.408015,-0.123281,-0.534217,-0.234434,-0.047601,-0.239816,0.087387,0.073011,0.080832,0.01081,0.087387,0.118097,0.559855,-0.209091,-0.041089,-0.439292,0.112336,0.219635,-0.115041,0.023913,-0.261969,0.073011,0.396698,-0.320454,-0.443389,0.062646,0.809925,-0.104045,0.371953,-0.408015,-0.823462,-0.126015,-0.134913,-0.27655,#
1,-0.432328,1.0,0.519401,-0.367551,0.24532,-0.466131,-0.302174,0.191372,-0.401176,-0.19324,-0.422793,0.162858,0.435083,-0.017759,-0.337368,0.274169,0.187366,0.352644,-0.277891,-0.467185,-0.386389,-0.015509,-0.232416,0.122727,0.323701,-0.438692,-0.258716,-0.322838,-0.260513,0.187757,0.020875,-0.141954,-0.392109,0.309508,0.378514,0.217802,-0.156042,-0.043843,0.159277,0.0,-0.467883,-0.083266,0.297204,-0.146208,-0.413286,0.225632,-0.177833,-0.200209,0.350352,0.493096,0.410986,-0.298785,-0.602289,0.324608,-0.178635,-0.337072,0.717076,-0.293503,-0.024387,-0.000334,-0.228168,-0.717104,0.404873,0.04825,0.342615,-0.037107,0.187366,0.070398,-0.15696,-0.004306,0.490326,0.071895,-0.535574,0.217122,0.432092,-0.14447,-0.115824,-0.206902,0.515565,-0.270786,-0.03357,-0.293018,0.217549,-0.196227,-0.217429,-0.082732,-0.152496,0.487519,0.217122,0.405484,0.272315,-0.115824,0.299083,0.010536,-0.140768,0.155062,0.309199,0.991455,0.713823,0.254548,-0.335126,-0.430515,0.323088,0.457051,0.741604,0.322302,0.280154,0.124539,-0.288383,0.279591,0.304253,-0.684855,0.487519,0.305967,-0.226821,0.24532,0.124911,0.227437,-0.277713,0.400516,0.272315,0.217549,-0.162846,-0.282043,-0.159375,-0.192129,-0.278344,0.074875,0.020875,0.124539,-0.115824,0.279081,-0.05537,0.373559,0.010536,0.217122,0.187321,-0.635975,-0.103055,-0.226821,-0.147079,-0.319696,0.190955,-0.188282,0.379484,0.086428,0.0,-0.024449,0.381832,0.217122,-0.156804,0.621143,0.081838,0.187366,-0.122036,0.217549,-0.171353,0.074786,0.991455,0.24532,-0.17068,0.346971,-0.415812,0.991455,0.0069,-0.18205,0.038765,0.65527,0.188924,0.305967,0.360143,0.356577,0.124539,-0.156804,-0.680305,0.349498,0.091329,0.321101,-0.468003,0.211093,-0.285261,0.19866,0.20384,-0.255198,0.224487,0.512006,-0.3749,-0.156804,0.325601,0.142928,-0.026298,0.174591,-0.381089,-0.231496,-0.149924,0.122757,0.3757,0.651094,0.371899,0.304253,#
2,0.063297,0.519401,1.0,-0.775956,0.437935,-0.038972,0.253709,-0.04717,-0.33996,0.076405,0.069747,-0.561074,0.375706,0.301594,-0.687629,0.47417,0.362236,0.286541,0.31556,0.059001,-0.814984,-0.312236,-0.074227,-0.23123,0.259447,-0.003607,-0.465948,-0.241336,0.371368,-0.054008,0.130034,0.21566,-0.776058,0.076928,0.377103,0.438773,-0.299183,0.55708,0.02269,0.0,-0.003093,-0.212977,0.262315,-0.309089,-0.351339,-0.360117,-0.297484,-0.415883,-0.14016,0.519308,0.786629,-0.496201,-0.188334,-0.178237,-0.298079,-0.043258,0.224395,-0.137133,0.520657,-0.145582,0.496623,-0.220868,0.34313,-0.192446,-0.176366,-0.217163,0.362236,-0.085748,-0.407887,-0.327537,0.329153,0.306818,-0.530742,-0.506987,-0.073448,-0.246202,-0.303304,-0.453627,0.066202,-0.188258,-0.227544,-0.186348,0.438403,-0.039245,-0.188258,0.229848,0.0826,0.00082,-0.54333,0.355238,-0.025599,0.229848,0.170483,-0.170698,-0.333329,-0.199854,0.147486,0.477983,0.224151,0.086388,-0.24374,-0.487088,0.198187,-0.047872,0.155168,-0.252217,0.558125,-0.25623,-0.177912,0.064592,0.11939,-0.241491,0.037709,0.098588,-0.116624,-0.052698,0.241491,0.523181,0.167379,-0.074688,-0.062609,0.438403,0.030089,-0.309145,-0.30645,0.067831,-0.198897,0.690399,0.130034,-0.25623,-0.303304,-0.339121,0.264097,0.366297,-0.170698,-0.54333,0.362149,-0.210421,-0.247937,-0.081402,-0.303304,-0.255118,0.402073,-0.340737,-0.115163,0.28848,0.0,0.220102,-0.105838,-0.089041,-0.428943,0.184333,0.185976,-0.241491,-0.31589,-0.070832,-0.17118,-0.034333,0.477983,-0.052698,0.086145,-0.21855,0.012486,0.477983,-0.248876,0.198753,0.185976,0.19192,-0.052698,0.098588,0.25356,0.050025,0.321625,-0.428943,-0.763956,0.198187,-0.25623,0.571951,-0.373917,-0.476594,0.234507,-0.163095,-0.182802,-0.0728,-0.06409,0.008434,0.087216,0.076308,0.203307,-0.477617,-0.212473,-0.230707,-0.252109,-0.050898,0.198753,-0.241491,0.25682,0.74828,0.511075,0.11939,#
3,-0.273186,-0.367551,-0.775956,1.0,-0.080611,-0.124984,-0.439296,0.170818,0.133576,0.094867,0.159376,0.390665,-0.588123,-0.711015,0.397254,-0.533925,0.111591,-0.068779,-0.585941,-0.263594,0.571622,-0.257404,-0.203231,0.101381,-0.093348,0.31625,0.058128,-0.014152,-0.613,-0.080558,-0.416765,-0.644173,0.999407,-0.21512,-0.167664,-0.074704,-0.13057,-0.464061,-0.151779,0.0,-0.125513,-0.444786,-0.092354,0.396392,0.570213,0.605975,-0.125733,-0.217582,0.3634,-0.341062,-0.568494,0.495664,0.063279,0.421429,0.435759,0.203341,-0.043591,0.258799,-0.432926,0.242895,-0.819743,0.062865,-0.167664,-0.379984,-0.214496,0.351225,0.111591,0.426649,-0.146621,-0.018599,-0.3042,-0.198254,0.327187,0.826262,0.285078,-0.418745,0.409515,0.064996,0.147183,0.397051,0.282824,0.397051,-0.063138,0.231946,-0.031955,-0.122636,0.064996,0.135992,0.372825,-0.142803,0.389738,-0.122636,0.024718,0.282824,0.395159,0.631068,-0.094047,-0.329031,-0.051086,0.206325,-0.011623,0.323698,0.034255,0.297086,0.034415,0.024718,-0.229648,0.126369,0.383307,0.182228,-0.229648,0.073111,0.135992,0.182228,-0.195673,0.372825,-0.271924,-0.229648,-0.467157,0.322437,-0.072019,-0.063138,-0.384269,0.605873,0.398219,0.08662,-0.022866,-0.582628,-0.416765,0.126369,0.409515,0.623991,-0.111836,-0.582463,0.282824,0.372825,0.121748,0.044721,-0.280288,0.243777,0.409515,-0.031955,-0.072019,0.387871,0.297086,-0.674439,0.0,-0.503023,0.285078,-0.080611,0.542656,-0.051086,-0.271924,0.111591,0.424181,-0.063138,-0.069807,0.104872,-0.329031,0.372825,-0.48173,0.444757,-0.138667,-0.329031,0.364782,-0.627591,-0.271924,-0.583137,0.372825,0.182228,0.039073,0.322388,0.126369,0.542656,0.600457,0.034255,0.126369,-0.671548,0.164537,0.552334,-0.418511,0.614862,0.067685,-0.172587,-0.09271,0.18121,0.10356,0.075711,0.026604,0.406652,0.265688,0.109234,-0.004573,-0.24547,-0.627591,0.111591,0.016503,-0.56941,-0.710696,-0.229648,#
4,-0.072548,0.24532,0.437935,-0.080611,1.0,-0.428159,-0.211064,0.277494,-0.533457,-0.131449,0.382466,-0.428245,0.094751,-0.166136,-0.207831,0.041582,0.763763,0.23689,-0.302536,-0.04335,-0.084743,-0.555458,0.100551,-0.327248,0.208401,0.035217,-0.04485,-0.218078,-0.347003,-0.428292,0.050358,-0.233325,-0.080327,-0.062348,0.089028,0.05379,-0.76224,0.227371,0.084941,0.0,0.05404,-0.507374,-0.218225,0.318104,-0.084566,-0.089028,-0.220292,-0.52865,-0.216055,-0.031592,0.100488,-0.041118,-0.327242,-0.19578,-0.212677,0.150871,0.31619,0.112409,0.25242,0.236328,-0.037341,-0.294953,0.089028,-0.638646,-0.281017,-0.101622,0.763763,-0.09145,-0.510453,-0.400065,0.0,-0.181645,-0.428457,0.047619,0.546713,-0.48795,-0.186285,-0.024321,-0.024358,-0.20274,-0.459318,0.247794,0.065899,0.114269,0.247794,0.37257,0.462093,-0.032223,0.047619,0.546713,0.056575,0.37257,0.22791,0.285522,0.360745,0.218218,0.564009,0.258473,0.349858,-0.076308,-0.207702,0.065795,0.237872,0.105802,0.487943,-0.213206,0.381542,-0.32716,0.237566,0.356348,-0.076308,-0.327327,-0.032223,0.801784,-0.338435,0.523809,-0.218218,-0.076308,-0.402992,0.09732,0.056575,0.065899,-0.502761,-0.04071,0.335065,-0.502761,-0.653418,0.24816,0.050358,-0.32716,-0.186285,-0.082772,0.384659,-0.364955,0.285522,0.047619,0.763579,-0.326621,-0.609118,-0.338435,-0.186285,-0.20274,0.541504,0.326674,-0.347635,-0.112272,0.0,-0.012512,0.546713,0.047619,-0.016346,0.349858,-0.218218,0.218218,-0.741171,-0.428345,-0.371129,0.114046,0.258473,0.523809,-0.038262,-0.213206,0.075506,0.258473,0.068313,-0.253185,-0.218218,-0.208791,0.047619,0.801784,0.234925,0.049071,0.233686,-0.016346,-0.313426,0.237872,-0.32716,-0.101191,-0.534139,-0.242748,-0.240162,0.252221,0.274171,-0.380354,0.054766,-0.082874,-0.137189,0.474032,0.229846,-0.18567,0.271405,-0.312711,-0.212165,0.015331,-0.253185,-0.327327,0.206442,0.361468,-0.29502,-0.076308,#
5,-0.100503,-0.466131,-0.038972,-0.124984,-0.428159,1.0,0.244076,0.115757,0.404206,0.479685,-0.104757,-0.427833,0.107624,0.27017,0.181914,0.084937,-0.327012,0.252387,0.529069,0.277986,-0.113158,-0.036631,0.535246,0.214209,-0.140534,0.549095,-0.068082,0.21221,0.54359,0.052344,-0.099965,0.346637,-0.109024,0.315889,-0.349993,0.023175,0.32636,0.227153,-0.424297,0.0,0.022687,0.217237,0.082816,-0.163152,0.341558,-0.533652,0.313059,0.186775,0.294337,-0.017577,0.113429,-0.103572,0.777848,-0.190375,-0.220777,0.240928,-0.22249,0.054419,0.1753,0.210914,0.422257,0.202824,0.117819,0.22094,-0.238101,-0.164152,-0.327012,-0.220185,0.22813,-0.108295,-0.0,0.301046,0.028861,-0.428159,-0.800575,0.213141,0.279159,-0.102133,-0.514188,0.622639,0.161226,-0.262948,0.06263,0.494688,0.184229,0.279159,-0.102133,-0.04787,-0.428159,-0.363315,0.053375,0.279159,-0.224448,-0.563568,-0.28287,-0.327012,-0.630979,-0.503512,-0.220272,-0.533645,-0.235787,-0.000427,-0.210831,-0.350242,-0.487473,-0.224448,-0.079205,-0.326845,0.166059,-0.10056,-0.079205,0.734715,-0.04787,-0.534008,0.507164,-0.428159,-0.218008,-0.088116,0.345317,-0.367861,0.053375,0.06263,0.403468,-0.158985,-0.794704,0.403468,0.637608,0.247922,-0.099965,-0.326845,0.279159,-0.533744,-0.257207,0.080723,-0.563568,-0.428159,-0.326933,0.733131,-0.021451,0.507164,-0.275533,0.175461,-0.427941,-0.245829,0.090992,0.266571,0.0,0.517674,-0.800575,0.035217,-0.085256,-0.768564,0.48981,-0.327012,0.29056,0.06263,0.409084,0.072834,-0.503512,-0.428159,-0.043189,0.213383,0.507569,-0.503512,0.228828,0.398417,-0.218008,-0.194332,0.035217,-0.534008,-0.662778,-0.373001,-0.326845,-0.085256,0.212723,-0.210831,-0.326845,-0.045874,-0.093146,-0.515003,0.692298,-0.333924,-0.333787,0.141869,0.042871,-0.499992,0.85518,-0.085256,-0.653546,-0.231818,0.147897,-0.348636,-0.223431,0.567497,0.398417,0.203852,0.245885,-0.212487,0.167696,-0.079205,#
6,0.363402,-0.302174,0.253709,-0.439296,-0.211064,0.244076,1.0,-0.325221,0.413145,0.228529,-0.057835,-0.261248,0.059732,0.470298,-0.614324,0.691337,0.0078,-0.043716,0.412737,0.434252,-0.428648,0.406558,0.036437,-0.499088,-0.139944,0.244076,-0.21669,0.171493,0.82499,-0.227306,0.550808,0.520484,-0.424824,0.07763,-0.012729,-0.205267,0.478751,0.320716,0.263137,0.0,0.65731,0.30572,0.284711,0.005569,-0.413029,-0.432789,-0.015909,0.011213,-0.53941,-0.206052,0.006069,-0.638711,0.51547,-0.195072,0.479152,-0.376478,-0.426105,-0.467474,0.332414,-0.26509,0.607875,0.445556,-0.410513,0.411104,0.275157,0.008476,0.0078,-0.014944,0.213676,0.174202,-0.308318,0.408708,0.185739,-0.653617,-0.410116,0.269376,-0.063258,-0.288233,0.195998,-0.227785,-0.444622,0.145296,0.19767,-0.01543,0.190924,-0.063258,-0.255392,-0.691276,-0.653617,-0.410116,-0.211278,-0.063258,-0.640514,0.247603,-0.582798,-0.499208,-0.149391,-0.378653,-0.492105,-0.041824,0.154253,0.198338,-0.229749,0.010985,-0.732539,-0.610731,0.399142,-0.044549,-0.228569,-0.815204,0.430055,-0.0117,-0.242071,-0.401233,-0.058837,-0.653617,0.343206,-0.041824,0.658865,-0.049668,-0.211278,0.19767,0.15732,-0.089249,-0.036948,0.15732,0.181237,0.272871,0.550808,-0.044549,-0.063258,-0.418518,0.444679,0.430078,0.247603,-0.653617,-0.002141,-0.04029,0.390872,-0.058837,-0.082124,-0.273413,-0.26039,-0.552705,-0.441036,0.357168,0.0,0.273699,-0.440455,-0.653617,-0.286882,-0.548051,-0.332806,-0.499208,-0.078473,0.19767,0.294349,-0.132563,-0.378653,-0.653617,0.456795,-0.59584,0.673935,-0.378653,-0.496695,0.466722,0.291205,-0.002881,-0.653617,-0.401233,0.135394,-0.340283,-0.044549,-0.286882,-0.026012,-0.229749,-0.044549,0.802766,0.373007,-0.388416,0.582737,-0.518951,-0.51968,0.811241,-0.665802,-0.224148,0.029006,0.168857,-0.232991,-0.366551,-0.422447,-0.063075,0.161998,0.066856,0.466722,-0.499208,-0.20957,-0.0307,0.508649,0.430055,#
7,-0.492643,0.191372,-0.04717,0.170818,0.277494,0.115757,-0.325221,1.0,-0.436467,0.446189,-0.457208,-0.449814,0.495362,-0.140083,0.221516,0.306163,0.21194,0.401131,-0.193132,-0.529044,0.166848,-0.177369,0.342058,0.14768,-0.256559,0.143032,-0.288854,-0.3928,-0.274152,0.220252,0.016797,-0.194101,0.166106,0.349257,-0.189702,0.250132,-0.20639,-0.095745,-0.528316,0.0,0.113831,-0.133967,0.333971,-0.139732,0.160665,-0.362635,0.583246,-0.264671,0.399135,-0.061584,-0.116055,-0.335269,0.055952,-0.243652,-0.206255,-0.238097,0.81529,-0.307469,-0.033627,0.981376,-0.261558,-0.815492,-0.1635,-0.098517,0.21297,0.070783,0.211939,-0.286836,-0.35006,-0.008563,0.081229,0.078222,-0.636948,0.249464,0.49241,-0.162758,-0.173616,-0.267386,-0.059104,0.253556,-0.09475,-0.369652,-0.409556,0.346022,0.306595,-0.14072,0.435675,-0.081876,0.249464,0.465961,0.304311,-0.173616,-0.239889,-0.050907,-0.19728,0.179827,-0.267274,0.153833,0.812177,-0.315916,-0.358591,0.121995,-0.222569,0.517199,0.392524,0.371735,-0.290463,-0.598814,0.23073,0.319876,0.344363,-0.012845,-0.081876,0.346096,-0.295496,0.277494,0.141293,-0.342866,-0.354441,-0.188722,0.304311,-0.409556,-0.225915,0.208475,-0.210505,-0.255024,0.251641,-0.084164,0.016797,-0.598814,-0.173616,0.319349,-0.114682,-0.261536,-0.050907,0.249464,0.211889,-0.003393,-0.32098,-0.295496,-0.204684,-0.396172,-0.423562,-0.238438,-0.164887,0.094723,0.0,0.461759,-0.157084,0.249464,-0.218731,-0.016981,0.098477,0.211939,-0.180951,-0.409556,0.333698,0.910732,0.153833,0.277494,-0.241733,0.396257,0.146996,0.153833,0.906628,-0.155418,-0.971925,0.029539,0.221434,0.346096,-0.199912,0.40562,-0.598814,-0.218731,0.035413,-0.196315,-0.631826,-0.26383,-0.487242,-0.404741,0.305182,0.229203,0.234902,-0.254383,0.261833,-0.076425,0.224562,-0.218731,-0.207795,0.167858,-0.086171,-0.582009,-0.38992,0.423234,-0.123483,0.147715,0.428549,0.007819,-0.207917,0.344363,#
8,0.149615,-0.401176,-0.33996,0.133576,-0.533457,0.404206,0.413145,-0.436467,1.0,-0.26748,0.125708,0.31983,-0.528154,-0.149054,-0.013469,-0.041182,-0.407434,-0.302408,0.251499,0.165248,0.141432,0.247183,-0.120411,-0.407336,0.079151,0.404206,0.050243,0.407174,0.260458,-0.533109,0.382361,0.437954,0.149327,0.230879,-0.215426,-0.533328,0.366773,0.229679,-0.071896,0.0,-0.100898,0.217612,-0.061117,0.400802,0.141768,0.117021,-0.059598,0.240795,0.064543,-0.33656,-0.152037,0.148424,0.652556,0.445829,0.394776,-0.069281,-0.569658,0.200041,0.250033,-0.359302,0.084991,0.569861,0.233378,0.297076,0.061838,0.360503,-0.407434,0.390279,0.597101,0.414224,-0.631306,0.25704,0.764173,-0.106691,-0.594748,0.224726,0.346653,0.010091,0.069734,-0.010281,0.199332,0.345823,0.355792,-0.181111,0.39349,0.346653,-0.837546,0.059161,-0.106691,-0.997461,0.36317,-0.154197,-0.045756,0.199332,-0.195732,-0.407434,0.029117,-0.445825,-0.606233,0.132977,0.355751,0.3194,-0.012029,-0.158975,-0.619507,-0.419125,0.158623,0.570117,-0.443558,-0.266135,-0.22891,0.101859,0.059161,-0.266135,0.630934,-0.106691,-0.271623,-0.277352,0.019628,0.267512,0.36317,0.355792,0.501668,0.133776,-0.175004,0.058476,-0.000946,0.092669,0.382361,0.570117,0.346653,-0.260383,0.360849,-0.115731,0.199332,-0.106691,-0.407336,0.071745,0.40184,0.630934,-0.1855,0.345823,-0.122733,-0.182166,0.224822,0.21661,0.0,-0.28593,-0.214408,-0.106691,0.487294,-0.664679,-0.271623,0.081487,0.360849,0.798737,-0.205872,-0.465303,-0.445825,-0.106691,0.321472,0.000915,0.364452,-0.445825,-0.32862,-0.076986,0.380272,-0.121738,-0.533457,-0.266135,-0.063899,-0.30104,0.067483,0.487294,0.082062,0.387688,0.067483,0.181153,0.136353,0.213886,0.034817,-0.437376,-0.439384,0.685554,-0.555579,0.102125,0.210367,0.047814,-0.048416,-0.31822,0.182734,0.543548,-0.031911,-0.191212,0.409241,-0.407434,-0.377225,-0.626442,-0.102226,-0.22891,#
9,-0.341291,-0.19324,0.076405,0.094867,-0.131449,0.479685,0.228529,0.446189,-0.26748,1.0,-0.333025,-0.512069,0.340121,0.200516,-0.221331,0.403803,0.226981,0.602344,0.021037,-0.003902,-0.350714,-0.162691,0.318899,0.336026,-0.223967,0.479685,-0.476524,-0.165765,0.368403,0.458113,-0.40091,-0.329018,0.094591,0.02037,-0.121096,0.459254,0.230885,-0.204315,-0.175572,0.0,0.362741,-0.194281,0.569653,-0.30153,0.116827,-0.32411,0.08831,-0.366276,0.253987,0.15486,0.010951,-0.539785,0.380549,-0.20644,0.202962,0.015824,0.228678,-0.512665,-0.233324,0.491188,0.007754,-0.21274,-0.459453,-0.029955,-0.093552,-0.139581,0.226981,-0.16568,-0.431306,-0.343381,0.345074,0.264287,-0.518844,-0.036196,-0.148908,-0.250519,0.182588,-0.505839,0.035839,0.704843,-0.10777,-0.295495,0.010326,0.764448,-0.286483,-0.376353,0.458488,-0.361169,-0.512459,0.300513,-0.008514,0.182588,-0.627167,-0.256761,-0.406193,0.336107,-0.822799,-0.229295,0.189566,-0.324615,-0.615373,-0.153107,-0.161976,0.329749,-0.214727,-0.193827,0.059021,-0.754764,0.581728,-0.342146,0.508801,0.336107,0.025568,-0.431247,-0.502806,-0.512459,0.253171,0.133306,0.39511,-0.17888,-0.493517,0.010326,-0.376221,0.071117,-0.365955,0.612967,0.722618,-0.136625,-0.40091,-0.754764,0.182588,0.114093,-0.367451,0.293631,-0.256761,-0.512459,0.229066,0.335382,-0.324912,-0.041234,0.161472,-0.655977,-0.503217,-0.378999,-0.024993,-0.273985,0.0,0.537077,-0.59034,-0.512459,-0.383207,-0.373975,0.224071,-0.755149,0.308149,-0.483994,0.763028,0.528409,-0.229295,-0.512459,-0.539826,0.264024,0.376692,-0.229295,0.415887,0.254671,-0.503433,-0.313161,0.440067,-0.431247,-0.252829,0.122557,-0.193833,-0.383207,0.357865,-0.608053,-0.193833,0.087632,0.144028,-0.425447,0.655036,0.343211,-0.228206,-0.075124,-0.013633,-0.303918,0.59707,0.009155,-0.607356,0.238266,-0.270459,-0.758663,-0.165278,0.427494,-0.287951,0.336107,0.621624,0.212217,0.300807,0.508801,#
10,0.585986,-0.422793,0.069747,0.159376,0.382466,-0.104757,-0.057835,-0.457208,0.125708,-0.333025,1.0,-0.127861,-0.567178,-0.205958,0.011634,-0.533921,0.117115,-0.432078,0.221555,0.15724,0.166878,-0.600901,-0.16324,-0.407784,0.412641,0.341165,0.035414,0.37937,-0.222213,-0.533694,-0.098786,-0.120064,0.175028,-0.66038,-0.174644,-0.06982,-0.660983,0.256354,-0.076502,0.0,-0.105295,-0.453388,-0.349334,0.377166,0.183207,0.158168,-0.480566,-0.226201,-0.391845,0.082608,0.238935,0.56984,0.086598,0.015269,-0.081087,0.715226,-0.599747,0.661665,0.225702,-0.381336,0.106815,0.601545,0.253728,-0.708532,-0.74889,0.27771,0.117115,0.099611,-0.308667,-0.107018,-0.319256,-0.383223,0.335054,-0.075788,-0.133702,-0.374252,-0.158584,0.033707,-0.366936,-0.009913,0.24245,0.368066,0.356518,-0.180925,-0.009913,0.379222,0.093719,0.091041,-0.075788,-0.133702,-0.067108,0.379222,0.40373,0.24245,0.365075,0.117115,0.305823,-0.397706,-0.565905,0.159108,0.377585,-0.12704,0.417471,-0.561857,-0.282944,-0.39085,0.159108,0.062852,-0.019052,0.191247,-0.665616,0.096922,-0.374101,0.191247,0.214088,0.382466,-0.271921,0.159108,-0.283835,-0.113866,-0.067108,0.356518,0.054809,0.16223,0.39726,0.054809,-0.439265,0.199885,-0.098786,0.062852,-0.158584,-0.231259,0.393668,-0.558761,0.24245,-0.075788,0.127378,0.067083,-0.184656,0.214088,-0.158584,0.368066,0.806391,0.386917,-0.181443,-0.319974,0.0,-0.483927,0.243287,-0.075788,0.516073,-0.102458,-0.271921,0.117115,-0.148045,-0.11911,-0.616751,-0.459795,-0.397706,0.382466,0.027851,-0.39085,-0.119137,-0.397706,-0.281253,-0.148599,0.374228,-0.645217,-0.075788,0.191247,-0.011057,-0.205238,0.602573,0.516073,0.077472,0.417471,0.062852,-0.302713,0.128561,0.032002,-0.425107,0.094761,0.110499,-0.208288,-0.116443,0.055213,0.100583,0.516073,0.402022,-0.317706,0.225567,0.038857,0.385662,-0.247973,-0.148599,-0.407882,-0.397843,-0.091595,-0.562405,-0.665616,#
11,-0.106762,0.162858,-0.561074,0.390665,-0.428245,-0.427833,-0.261248,-0.449814,0.31983,-0.512069,-0.127861,1.0,-0.370108,-0.251386,0.239253,-0.428147,-0.327078,-0.25873,-0.442662,-0.097462,0.382606,0.425048,-0.367251,0.207313,0.154847,-0.427833,0.422012,0.217912,-0.398315,0.047552,-0.110703,-0.21334,0.37411,-0.04361,0.070456,-0.428142,0.325555,-0.531295,0.460597,0.0,-0.428134,0.216122,-0.218057,0.296238,-0.085221,0.799928,-0.241688,0.399378,0.167399,-0.105102,-0.400952,0.449605,-0.326993,0.626719,0.343738,-0.110011,-0.174798,0.078627,-0.515606,-0.493663,-0.536231,0.174274,0.070456,0.299275,0.332952,0.159087,-0.327078,0.370745,0.506377,0.334345,-0.013791,-0.269395,0.529005,0.542444,0.115246,0.215618,0.342504,0.435819,0.436489,-0.202586,0.24561,0.223595,0.019755,-0.342545,-0.184578,-0.215926,-0.510346,0.425022,0.542444,-0.351725,0.075914,-0.238263,0.204229,0.24561,0.330894,0.218052,0.278933,0.218919,-0.180316,0.356852,0.205486,0.085469,0.196095,0.123845,0.175527,0.245368,-0.118951,0.764038,-0.207712,-0.071215,-0.07625,-0.327078,0.425022,-0.071215,0.098379,0.066616,-0.218052,-0.118951,-0.159907,0.557544,0.075914,0.019755,-0.03459,-0.021153,0.333935,-0.054356,-0.197395,-0.583322,-0.110703,0.764038,0.342504,0.386478,-0.20812,0.107667,0.24561,0.542444,-0.326999,-0.326373,0.372149,0.098379,0.342504,0.223595,0.011306,0.325555,0.534648,-0.291685,0.0,-0.562591,0.52235,0.066616,0.447537,0.320152,-0.218052,0.239857,0.354367,0.533378,-0.182736,-0.493823,0.218919,0.066616,-0.068818,0.245368,-0.427541,0.218919,-0.344516,-0.273231,0.479714,0.305262,0.047583,-0.071215,0.206924,-0.001401,0.181202,0.447537,0.192233,0.213921,0.741621,-0.117768,0.323858,0.930463,-0.662342,0.184361,0.161333,0.070028,0.025538,0.470367,-0.544257,-0.062067,0.201404,0.482375,0.231751,0.767791,0.183737,-0.443035,-0.251546,0.218052,-0.23269,-0.246352,-0.073832,-0.07625,#
12,-0.161056,0.435083,0.375706,-0.588123,0.094751,0.107624,0.059732,0.495362,-0.528154,0.340121,-0.567178,-0.370108,1.0,0.720079,-0.026409,0.560199,-0.098682,0.443454,0.2404,-0.190808,-0.169244,0.27748,0.592065,0.374903,0.051874,-0.311472,-0.070986,0.023669,0.211017,0.50724,0.124492,0.122135,-0.603953,0.234958,-0.241561,0.072136,0.13788,-0.207753,0.044046,0.0,0.106829,0.45889,0.375002,-0.341724,-0.592026,-0.579746,0.49119,0.220676,-0.020443,0.374135,0.199947,-0.59254,-0.068053,-0.456591,-0.424672,-0.206525,0.592006,-0.670371,-0.199461,0.418329,0.357988,-0.611631,-0.225457,0.40234,0.491079,-0.24816,-0.098683,-0.777487,-0.034487,0.118419,0.624104,-0.146993,-0.800861,-0.37039,0.153082,0.402093,-0.385266,-0.068923,-0.085674,0.009508,-0.246261,-0.797304,-0.344698,0.183273,0.042106,-0.365048,0.363188,-0.092289,0.077523,0.559495,-0.353308,0.140403,-0.409159,-0.219315,-0.389854,-0.118419,-0.300426,0.404464,0.595102,-0.591701,-0.38285,-0.335227,0.011653,0.160397,0.288328,0.381675,-0.145395,-0.61152,0.003581,-0.177263,0.675441,-0.118419,-0.092289,-0.161148,-0.217976,-0.353162,0.276311,-0.177602,0.250383,-0.341323,0.102825,-0.344698,-0.056156,-0.606293,-0.383858,-0.074047,0.428802,-0.070539,0.124492,-0.61152,-0.385266,-0.189198,-0.359214,0.533368,-0.219315,0.077523,-0.108718,-0.089202,0.169995,-0.652073,-0.404361,-0.389823,-0.344536,-0.393943,-0.258823,0.331708,0.0,0.845074,-0.246106,0.077523,-0.506595,0.085491,0.249996,-0.098682,-0.399944,-0.344698,0.605167,0.491289,0.404464,-0.353162,-0.027684,-0.018175,0.138099,0.404464,0.311832,0.642482,-0.407888,0.636752,0.060296,-0.161148,-0.396096,-0.173724,-0.61152,-0.506595,-0.097098,-0.391735,-0.104268,0.309017,-0.163216,-0.519523,0.432891,-0.093122,0.429816,-0.209655,0.531651,-0.118928,-0.08712,-0.045337,-0.391244,0.298825,-0.229105,-0.584512,0.008528,0.686089,0.151788,0.374993,0.406789,0.616409,0.543752,0.675441,#
13,0.330806,-0.017759,0.301594,-0.711015,-0.166136,0.27017,0.470298,-0.140083,-0.149054,0.200516,-0.205958,-0.251386,0.720079,1.0,-0.078837,0.41687,-0.341116,0.127055,0.576547,0.308374,-0.175293,0.466972,0.602014,0.252069,0.119526,-0.254717,0.179336,0.448602,0.58253,0.350663,0.189383,0.377128,-0.715898,-0.057912,-0.350944,-0.194391,0.370039,-0.135513,0.327138,0.0,0.268815,0.692956,0.143375,-0.240123,-0.688969,-0.597008,0.290887,0.516439,-0.456339,0.290409,0.170662,-0.418122,0.181458,-0.528762,-0.288998,0.028822,-0.126334,-0.515534,-0.170353,-0.139969,0.742585,0.103234,-0.330775,0.546809,0.331282,-0.301593,-0.341116,-0.793796,0.262216,0.184566,0.468987,-0.241277,-0.330381,-0.748692,-0.340806,0.665726,-0.324961,0.142399,-0.270642,-0.059313,-0.238678,-0.607079,-0.208763,0.066157,-0.018486,-0.29964,0.184028,-0.283002,-0.187712,0.168198,-0.727153,0.333402,-0.494233,-0.204929,-0.337943,-0.365835,-0.315495,-0.035505,-0.123479,-0.625812,-0.077232,-0.306564,0.037947,-0.331462,-0.257934,0.043194,-0.066846,-0.407296,-0.070863,-0.577223,0.490969,0.128537,-0.283002,-0.557041,0.041124,-0.727116,0.201044,-0.107183,0.659725,-0.4559,-0.15588,-0.208763,0.173153,-0.766718,-0.277935,0.150746,0.470029,-0.030517,0.189383,-0.407296,-0.324961,-0.591996,-0.284954,0.672205,-0.204929,-0.187712,-0.353633,0.135514,0.486269,-0.502551,-0.348876,-0.096738,-0.218134,-0.296031,-0.390815,0.340832,0.0,0.752272,-0.379264,-0.187712,-0.39846,-0.194396,0.168086,-0.341116,-0.335965,-0.208763,0.58441,-0.036172,-0.035505,-0.727116,0.228839,-0.45759,0.294094,-0.035505,-0.236513,0.981656,0.135128,0.486127,-0.209289,-0.557041,-0.502915,-0.650824,-0.407296,-0.39846,0.12063,-0.467268,0.228001,0.469011,0.310248,-0.489019,0.473035,-0.385268,0.265016,0.069071,0.338304,-0.29915,-0.087421,0.179233,-0.476119,0.155958,-0.225823,-0.40685,0.425116,0.661998,0.367097,0.252129,0.043028,0.474684,0.658371,0.490969,#
14,0.018674,-0.337368,-0.687629,0.397254,-0.207831,0.181914,-0.614324,0.221516,-0.013469,-0.221331,0.011634,0.239253,-0.026409,-0.078837,1.0,-0.654261,-0.499814,-0.288728,-0.001429,-0.061632,0.822738,0.117617,0.37219,0.483956,-0.198976,-0.235933,0.633201,0.196651,-0.435934,0.220156,-0.213729,-0.02063,0.397195,-0.042729,-0.405256,-0.236104,-0.012569,-0.337303,-0.291063,0.0,-0.236551,0.330985,-0.503763,-0.002888,0.400237,0.002569,0.559294,0.611025,0.165453,-0.232795,-0.409201,0.676655,-0.017906,-0.219293,-0.486862,0.328426,-0.02992,0.425479,-0.340709,0.284753,-0.174388,-0.007864,0.012203,0.097505,-0.03964,-0.06659,-0.499814,-0.354835,0.340067,0.178412,-0.012446,-0.483117,0.209516,0.221572,0.024402,0.396984,-0.011199,0.65686,-0.628779,0.17614,0.361351,-0.213877,-0.654065,-0.030683,0.208641,0.008959,0.200694,0.252991,0.668151,0.008194,-0.199304,-0.011199,0.226025,-0.310305,0.495236,-0.007871,-0.086906,-0.271257,0.036087,-0.386258,0.225435,0.205284,-0.178392,-0.389077,0.158399,0.623801,-0.815638,0.026411,0.16281,0.42095,-0.402773,0.484072,-0.2003,0.01928,0.430215,0.238748,-0.333209,-0.402773,-0.259329,-0.391596,0.25547,-0.654065,0.247045,-0.007342,-0.002607,-0.234559,0.189828,-0.371257,-0.213729,0.026411,-0.011199,0.014747,-0.484257,-0.437125,-0.310305,0.668151,-0.499694,0.483028,0.137056,-0.002589,-0.011199,0.614908,-0.199304,0.498032,0.019808,0.010799,0.0,0.06995,0.024402,0.668151,0.232497,0.036087,0.322715,0.523427,0.003046,-0.190554,0.054128,0.136054,-0.271257,0.238748,0.012881,0.210114,-0.249855,-0.271257,0.461354,0.020874,-0.333209,0.024707,0.204396,0.01928,-0.588033,-0.153484,-0.499559,0.232497,0.496002,-0.162305,0.006181,-0.817583,0.000762,0.115991,-0.180896,-0.022806,0.49419,-0.394619,0.637837,-0.215227,0.027058,-0.227387,-0.169849,0.317511,0.340261,0.012622,0.212789,0.368843,0.040443,0.484072,-0.201051,-0.471043,-0.509921,-0.402773,#
15,-0.110925,0.274169,0.47417,-0.533925,0.041582,0.084937,0.691337,0.306163,-0.041182,0.403803,-0.533921,-0.428147,0.560199,0.41687,-0.654261,1.0,0.211264,0.353267,0.172018,-0.049511,-0.534274,0.332281,0.124003,-0.327173,-0.153442,0.084937,-0.480461,-0.206989,0.577486,0.024157,0.553811,0.345792,-0.534229,0.411087,0.077741,0.047675,0.326599,0.22732,0.078472,0.0,0.524205,0.217396,0.606883,-0.171627,-0.534264,-0.534044,0.227524,-0.209088,-0.170996,-0.00642,0.123925,-0.980732,0.243326,-0.202151,0.282294,-0.678686,0.357172,-0.800734,0.278926,0.265114,0.371094,-0.337893,-0.344763,0.408016,0.570034,-0.008359,0.211264,-0.156736,-0.045298,0.151199,-0.0,0.487464,-0.428359,-0.428473,0.061322,0.134825,-0.210996,-0.516773,0.408238,-0.216948,-0.533051,-0.208395,0.050247,0.093997,0.227781,-0.210996,-0.063301,-0.530745,-0.428473,0.061322,0.04122,-0.210996,-0.654173,0.202192,-0.756092,-0.327252,-0.169628,0.175858,0.288025,-0.107194,-0.213303,0.059535,-0.222201,0.508421,-0.166726,-0.242931,0.361175,-0.327085,-0.213459,-0.5344,0.788018,-0.327252,-0.053625,-0.094704,-0.352958,-0.428473,0.499853,-0.107194,0.379839,0.021348,0.04122,0.050247,-0.057263,-0.127253,-0.226235,-0.057263,0.213077,0.248104,0.553811,-0.327085,-0.210996,-0.113226,0.321643,0.503871,0.202192,-0.428473,0.200657,-0.326546,0.175095,-0.352958,-0.231035,-0.653125,-0.428256,-0.768955,-0.361901,0.448985,0.0,0.54009,-0.357599,-0.428473,-0.522122,-0.246778,-0.218168,-0.327252,-0.234019,0.050247,0.435573,0.405885,0.175858,-0.428473,0.242591,-0.227114,0.55645,0.175858,-0.009001,0.326822,-0.218168,0.340581,-0.428473,-0.094704,0.19523,0.04285,-0.327085,-0.522122,-0.313355,-0.222201,-0.327085,0.822371,-0.087189,-0.515382,0.63665,-0.300523,-0.296951,0.54908,-0.401527,-0.049294,-0.037789,-0.038063,-0.21771,-0.185628,-0.501469,-0.312639,-0.21771,0.204302,0.326822,-0.327252,0.212666,0.299219,0.608169,0.788018,#
16,-0.408015,0.187366,0.362236,0.111591,0.763763,-0.327012,0.0078,0.21194,-0.407434,0.226981,0.117115,-0.327078,-0.098682,-0.341116,-0.499814,0.211264,1.0,0.517538,-0.602422,0.153128,-0.408152,-0.468201,-0.095334,-0.24994,-0.0653,0.203852,-0.205526,-0.49968,-0.091894,-0.327113,-0.153845,-0.38322,0.112032,0.130952,0.407976,0.225249,-0.374252,0.173658,0.2595,0.0,0.225531,-0.664309,-0.0625,0.242956,0.107189,0.101994,-0.442946,-0.758719,0.0,-0.208641,-0.095274,-0.278153,-0.249935,0.024032,0.25548,-0.102772,0.272857,-0.088537,0.182642,0.180499,-0.23223,-0.225274,-0.101994,-0.529823,-0.252957,-0.271652,1.0,0.329276,-0.507294,-0.687498,2e-06,0.262865,-0.327239,0.218218,0.417559,-0.683243,0.284555,-0.204327,0.353472,0.017205,-0.63525,0.533356,0.239074,0.436371,0.017205,0.284555,0.352929,-0.209192,-0.327327,0.417559,0.228395,0.284555,0.005615,0.218071,0.275524,0.375,0.351365,0.197412,0.267208,0.116563,-0.499505,0.238697,0.011355,0.427125,0.372675,-0.499748,0.641097,-0.249873,0.521651,0.102062,0.116563,-0.25,0.344552,0.612372,-0.610962,0.218218,-0.166667,0.116563,-0.107057,0.415006,-0.32716,0.239074,-0.761684,0.155463,0.25591,-0.195142,-0.499056,0.189536,-0.153845,-0.249873,0.284555,0.109195,0.293788,-0.112823,0.218071,-0.327327,0.99976,-0.249461,-0.797523,-0.082245,0.284555,-0.498946,0.228395,0.249502,-0.092351,-0.300121,0.0,-0.086003,0.417559,-0.327327,-0.19975,0.267208,-0.166667,-0.25,-0.351112,-0.327154,-0.129403,0.087104,0.197412,0.218218,-0.248394,0.005615,0.249897,0.197412,-0.055244,-0.414371,-0.166667,-0.369292,0.218218,0.612372,0.511698,0.224873,0.392657,-0.19975,-0.239383,0.011355,-0.249873,0.081832,-0.407955,-0.081244,-0.032369,0.403746,-0.226851,-0.130382,-0.306741,-0.189889,0.040129,0.362048,0.006752,-0.141808,0.207289,-0.238837,-0.499635,-0.175639,-0.414371,-0.25,0.473019,0.276075,-0.042629,0.116563,#
17,-0.803451,0.352644,0.286541,-0.068779,0.23689,0.252387,-0.043716,0.401131,-0.302408,0.602344,-0.432078,-0.25873,0.443454,0.127055,-0.288728,0.353267,0.517538,1.0,-0.373757,0.016299,-0.439575,-0.206103,0.45408,0.391215,0.134151,0.252387,-0.199331,-0.162479,0.111559,0.1409,-0.390337,-0.370027,-0.082426,0.471254,-0.00618,0.121671,0.085665,-0.224602,0.212916,0.0,-0.142008,-0.212991,0.271401,0.102894,-0.075146,-0.067978,-0.167478,-0.361582,0.519139,0.165329,-0.001203,-0.476376,0.087307,0.142371,0.033682,-0.020757,0.504048,-0.479143,-0.247453,0.339158,-0.152845,-0.483166,-0.00618,-0.024204,0.021481,-0.378174,0.517538,-0.077082,-0.184279,-0.528056,0.558823,0.191345,-0.64439,0.126709,-0.009531,-0.288529,0.52801,-0.205398,0.273346,0.555105,-0.389205,-0.148549,0.24206,0.832849,-0.070365,0.07543,0.188516,0.147253,-0.258927,0.354371,0.225342,0.52801,-0.269625,-0.216864,-0.035314,0.391309,-0.252282,0.346019,0.494225,-0.432581,-0.98361,-0.129402,0.177157,0.447645,0.395155,-0.269625,0.494378,-0.492041,0.563424,-0.082452,0.494378,-0.050492,0.650521,0.020613,-0.37552,-0.258927,-0.328195,-0.061797,0.116894,0.371548,-0.16737,0.24206,-0.613113,-0.400327,-0.491769,0.187843,0.203929,-0.105269,-0.390337,-0.492041,0.52801,-0.072255,-0.36578,0.406135,-0.216864,-0.258927,0.514939,-0.02445,-0.583888,-0.00178,-0.021551,-0.617652,-0.251523,-0.040313,0.342728,-0.233798,0.0,0.484902,-0.009531,-0.258927,-0.223146,-0.048996,0.260873,-0.492292,-0.04016,-0.158196,0.481009,0.171523,0.346019,-0.258927,-0.596103,0.521388,0.375619,0.346019,0.19107,0.079505,-0.328195,0.06738,0.512344,0.020613,-0.156696,-0.096511,-0.037849,-0.223146,-0.03376,-0.184037,-0.037849,0.150811,-0.436754,-0.156827,0.292554,0.41531,-0.045816,-0.267138,0.159806,-0.201343,0.394762,0.287443,-0.625911,0.299072,0.365371,-0.470311,-0.625911,0.413261,-0.359862,0.391309,0.976037,0.511471,0.408035,0.494378,#
18,0.667306,-0.277891,0.31556,-0.585941,-0.302536,0.529069,0.412737,-0.193132,0.251499,0.021037,0.221555,-0.442662,0.2404,0.576547,-0.001429,0.172018,-0.602422,-0.373757,1.0,0.09235,-0.115631,0.07118,0.218056,-0.16064,0.128927,0.161076,-0.174413,0.412354,0.528335,0.054256,0.333902,0.616407,-0.570699,-0.20906,-0.332636,0.053871,0.042003,0.414051,-0.396174,0.0,0.123786,0.395808,0.189806,-0.34829,-0.201,-0.646419,0.299568,0.325803,-0.348192,0.3504,0.565828,-0.106034,0.471104,-0.420035,-0.401828,0.231149,-0.36043,0.074924,0.380826,-0.138527,0.79334,0.323634,0.138711,0.198419,-0.117089,0.155643,-0.602422,-0.476269,0.084658,0.361727,-0.052194,-0.013738,0.025303,-0.788755,-0.598727,0.416213,-0.548316,-0.196006,-0.567838,-0.031425,0.333004,-0.501859,0.041328,-0.284246,0.070802,0.022308,-0.091769,-0.149683,-0.302536,-0.24187,-0.320721,0.022308,-0.088413,-0.258516,-0.530068,-0.602422,-0.350506,-0.335752,-0.35769,-0.230861,0.408184,-0.372397,0.000187,-0.615981,-0.615086,0.006117,-0.214508,-0.20149,-0.474282,-0.175188,-0.116392,0.346599,-0.643209,-0.528934,0.528039,-0.302536,0.313589,0.132745,0.311867,-0.701108,0.17442,0.041328,0.767166,-0.214506,-0.397858,0.262233,0.405518,0.438846,0.333902,-0.20149,-0.548316,-0.564006,0.115427,0.116984,-0.258516,-0.302536,-0.602277,0.341008,0.504577,0.056818,-0.568277,0.315958,0.053182,-0.49333,-0.353051,0.50808,0.0,0.355808,-0.695022,0.075634,-0.099111,-0.495799,0.17605,-0.045388,-0.012299,0.041328,0.059394,-0.01853,-0.335752,-0.302536,0.407073,-0.428535,0.120985,-0.335752,-0.060178,0.637401,0.148542,0.07979,-0.410585,-0.528934,-0.461537,-0.338273,-0.20149,-0.099111,-0.093188,0.000187,-0.20149,0.259092,0.209528,-0.598043,0.446631,-0.612016,-0.028225,0.201147,0.061672,-0.110737,0.288768,-0.099111,-0.006018,-0.42273,-0.379136,-0.216525,0.411871,0.314237,0.637401,-0.169173,-0.387229,0.054211,0.203837,-0.116392,#
19,0.18237,-0.467185,0.059001,-0.263594,-0.04335,0.277986,0.434252,-0.529044,0.165248,-0.003902,0.15724,-0.097462,-0.190808,0.308374,-0.061632,-0.049511,0.153128,0.016299,0.09235,1.0,-0.252163,0.252391,0.22542,0.037482,-0.378892,-0.091115,0.538424,0.0,0.630063,-0.137585,-0.033109,0.395676,-0.248122,0.111939,0.253943,-0.161537,0.401469,0.277307,0.478988,0.0,0.402489,0.265033,-0.608391,-0.057293,0.12271,-0.23976,-0.113231,0.284035,-0.432453,-0.443512,-0.252484,0.040402,0.101158,-0.39133,-0.012375,0.059083,-0.641412,0.173483,0.202576,-0.449915,0.544559,0.64792,-0.201939,0.239947,-0.207664,-0.729806,0.153128,0.001487,0.412199,-0.501459,-0.052347,0.241511,0.378168,-0.531032,-0.532731,0.296134,0.373318,0.495692,-0.302225,-0.070825,-0.52675,0.435203,-0.088111,0.226347,0.03171,0.373318,0.060065,-0.419844,-0.531032,-0.174799,-0.530762,0.373318,-0.064325,-0.357236,0.359276,-0.405582,0.115544,-0.41893,-0.614164,-0.251817,-0.012762,0.391404,-0.411096,-0.528208,-0.320808,-0.459385,0.217083,0.096912,0.376963,-0.307503,-0.192963,0.546295,0.075168,-0.206128,0.178747,-0.531032,-0.270388,0.112883,0.720207,-0.133712,-0.530762,-0.088111,0.017924,-0.295448,-0.0417,0.017924,-0.06225,0.28956,-0.033109,0.096912,0.373318,-0.661985,-0.060734,0.267413,-0.357236,-0.531032,0.142139,0.540259,-0.069313,0.178747,0.373318,0.332669,-0.096465,0.401469,-0.22531,0.201573,0.0,0.171796,-0.130295,-0.151723,-0.382963,-0.119434,0.309015,-0.405582,-0.188845,-0.088111,0.131796,-0.499557,-0.41893,-0.531032,0.369839,-0.459385,0.409659,-0.41893,-0.617002,0.360818,0.419378,-0.133661,-0.151723,-0.206128,-0.013641,-0.568498,0.096912,-0.382963,0.089916,-0.411096,0.096912,0.151949,0.168035,-0.199051,0.352593,-0.437983,-0.440247,0.262188,-0.167571,-0.78692,0.119353,0.11925,-0.41937,-0.320349,0.219307,0.071451,-0.000224,0.154684,0.360818,0.02897,-0.074129,-0.108749,0.341155,-0.192963,#
20,0.174017,-0.386389,-0.814984,0.571622,-0.084743,-0.113158,-0.428648,0.166848,0.141432,-0.350714,0.166878,0.382606,-0.169244,-0.175293,0.822738,-0.534274,-0.408152,-0.439575,-0.115631,-0.252163,1.0,0.152292,0.229687,0.096867,0.0011,-0.113158,0.520962,0.404565,-0.602199,-0.084687,0.062793,-0.128459,0.571039,-0.219266,-0.595579,-0.534268,-0.126552,-0.458621,-0.155274,0.0,-0.113693,0.244815,-0.354667,0.396651,0.14984,0.1746,0.432033,0.47345,-0.054927,-0.349403,-0.572724,0.607928,0.077049,-0.018538,-0.090214,0.227616,-0.09664,0.262429,-0.402884,0.242573,-0.33781,0.077003,-0.175246,0.011797,0.135594,0.350004,-0.408152,-0.257164,0.293046,0.497311,-0.313265,-0.64894,0.335445,0.364912,0.273718,0.304219,-0.119525,0.527124,-0.325253,-0.025544,0.280882,-0.025544,-0.534114,-0.196896,0.399883,-0.119525,0.067817,0.12366,0.814566,-0.150595,-0.07622,-0.119525,0.017178,0.280882,0.393832,0.106991,0.096,-0.348223,-0.065314,-0.23372,0.417006,0.330954,0.026637,-0.14254,0.01772,0.433713,-0.666057,0.121648,-0.034512,0.174716,-0.23372,0.087178,-0.332752,0.174716,0.246572,0.364912,-0.272101,-0.666057,-0.457957,-0.148645,0.381686,-0.534114,0.089501,0.146372,0.397917,-0.37746,-0.016373,-0.57896,0.062793,0.121648,-0.119525,0.186472,-0.108694,-0.586565,0.280882,0.814566,-0.408054,0.057916,0.299175,-0.189212,-0.119525,0.399883,-0.07622,0.387565,-0.14254,-0.139994,0.0,-0.143135,0.273718,0.364912,0.541611,-0.065314,-0.272101,0.622135,-0.108694,-0.067412,-0.065245,0.103855,-0.348223,0.364912,0.06809,0.017178,-0.12726,-0.348223,0.362955,-0.106402,-0.272101,-0.0741,-0.084743,0.174716,-0.407537,-0.150976,-0.407944,0.541611,0.610107,0.026637,0.121648,-0.672752,0.172399,0.284396,-0.407893,0.083195,0.601869,-0.165004,0.333491,0.090295,-0.246686,0.07856,0.01905,0.399578,0.263748,0.103566,0.420376,0.196548,-0.106402,0.106991,-0.407371,-0.579309,-0.713437,-0.23372,#
