0,1.0,0.640192,-0.105039,-0.375743,0.640192,-0.326944,-0.068396,0.509829,0.031455,0.0,-0.249539,0.011026,-0.068396,0.327312,0.533391,-0.249231,1.0,0.213557,-0.013037,-0.61143,0.14266,-0.045254,-0.095888,0.13727,-0.499243,-0.144867,-0.161637,-0.036859,0.290664,0.260565,-0.40762,-0.261149,0.39867,-0.166513,-0.142066,0.245916,-0.190256,-0.762039,-0.158798,0.541177,-0.499011,-0.550671,-0.497226,0.508865,-0.249704,0.030402,-0.113909,-0.708045,0.221468,0.531415,0.225227,-0.43834,0.219053,-0.044592,0.31618,-0.635026,-0.542176,0.225227,0.1396,0.531415,0.140038,0.082257,-0.343475,0.218226,0.203327,0.325352,0.254418,0.3685,0.367741,-0.713826,-0.997088,0.015632,-0.166513,0.03106,-0.011286,0.31012,-0.113339,-0.686419,-0.499538,-0.499143,-0.611447,-0.17435,-0.499268,-0.326852,-0.499268,-0.407657,-0.499143,-0.686419,-0.327025,-0.407871,-0.407871,-0.997507,-0.295517,-0.686419,-0.611447,-0.499268,-0.392036,-0.611242,-0.387943,-0.113339,0.232696,-0.499268,-0.611242,-0.407657,-0.499268,-0.249769,-0.76219,-0.065358,-0.611242,0.153906,-0.328172,0.0,-0.762528,-0.070437,-0.997507,0.066029,-0.407657,-0.611447,-0.499268,0.14832,-0.611242,0.044667,-0.611242,-0.166513,-0.00979,-0.762528,-0.249642,-0.340084,-0.728935,-0.611447,-0.611447,-0.407594,-0.113339,-0.214769,0.03106,-0.407657,0.634029,-0.611447,-0.679475,-0.387943,-0.407871,-0.29916,-0.499143,-0.00979,-0.005486,-0.679475,0.0,0.201514,-0.387943,-0.326858,-0.33219,-0.830345,-0.762528,-0.327025,-0.611242,-0.499268,0.337387,0.521585,-0.76219,0.153906,-0.686419,-0.326852,-0.407657,-0.686419,-0.686419,0.318758,-0.499268,-0.723053,-0.166513,0.0,0.35643,0.04188,-0.499538,-0.611447,0.659508,-0.686419,-0.997507,-0.146095,0.318758,-0.406513,0.389059,0.328851,0.763207,0.398885,0.612843,-0.276651,0.032447,-0.108503,0.602707,0.763207,-0.392036,0.61258,0.439855,0.194875,-0.310561,0.99999,0.232551,-0.997507,-0.997507,0.99999,#
1,0.640192,1.0,-0.130224,-0.092733,0.215858,-0.107632,0.229901,0.411218,-0.004426,0.0,-0.407519,-0.360573,0.229901,0.478198,0.826247,-0.407017,0.640192,0.473751,0.361142,-0.594589,0.562892,-0.132283,-0.145923,0.166882,-0.419528,-0.09102,-0.181116,0.517319,0.4188,0.347819,-0.665681,-0.351655,0.106924,-0.271931,-0.08497,-0.078721,-0.371479,-0.388939,0.211513,0.060334,-0.428982,-0.234169,-0.40532,0.511228,-0.40779,0.187885,0.09247,-0.620422,0.387321,0.244841,0.293417,-0.133301,0.014437,0.05442,0.513095,-0.430583,-0.358044,0.293417,-0.394928,0.244841,-0.44576,0.578076,-0.63042,0.282164,-0.051042,0.376498,-0.072358,0.449424,0.154307,-0.547666,-0.665346,0.058712,-0.271931,-0.493034,-0.427571,0.503218,-0.199046,-0.491356,-0.419776,-0.428541,-0.598527,-0.201265,-0.424152,-0.110224,-0.424152,0.130488,-0.428541,-0.491356,-0.101973,-0.26191,-0.26191,-0.654863,-0.39355,-0.491356,-0.598527,-0.424152,-0.16726,-0.602172,-0.15667,-0.602646,0.305293,-0.815351,-0.602172,-0.267627,-0.424152,-0.407896,-0.3958,-0.023706,-0.998214,-0.10525,-0.292344,0.0,-0.388898,-0.432451,-0.654863,0.120132,-0.665742,-0.598527,-0.424152,-0.168288,-0.602172,0.058242,-0.602172,-0.271931,0.122248,-0.388898,-0.407688,-0.143726,-0.410921,-0.598527,-0.598527,-0.665639,-0.199046,-0.00393,-0.493034,-0.267627,0.440897,-0.598527,-0.334881,-0.15667,-0.666091,0.029643,-0.815146,0.122248,0.377698,-0.334881,0.0,0.484477,-0.15667,-0.53379,-0.559347,-0.664575,-0.388898,-0.101973,-0.602172,-0.032953,0.534498,0.431036,-0.820263,0.343408,-0.491356,-0.110224,0.130488,-0.491356,-0.491356,0.515155,-0.424152,-0.783538,-0.271931,0.0,0.627403,0.000616,-0.419776,-0.598527,0.642209,-0.491356,-0.654863,0.38635,0.515155,-0.563289,0.084028,0.531585,0.363953,-0.151763,0.588296,-0.208544,-0.012595,0.216637,0.12597,0.80245,-0.16726,0.995293,0.292892,0.357545,-0.536715,0.640387,-0.111642,-0.654863,-0.654863,0.640387,#
2,-0.105039,-0.130224,1.0,0.619446,-0.11421,-0.329151,-0.631955,-0.387449,-0.791064,0.0,0.417827,0.403912,-0.631955,0.057268,-0.366609,0.359115,-0.105039,-0.448069,-0.297347,-0.257372,-0.584668,-0.329425,0.593955,-0.212498,-0.39605,0.335626,0.161796,0.221541,0.141234,0.065252,0.206609,0.773113,-0.610601,0.239927,0.349469,0.042078,0.349223,0.367765,0.167363,-0.025241,-0.380496,0.074883,0.393172,0.215242,-0.135223,-0.463846,-0.362193,-0.174537,0.034706,0.004384,-0.232563,0.61666,0.452978,-0.433945,-0.122235,-0.08816,-0.420083,0.395985,-0.343085,0.004384,0.408373,-0.140402,0.091494,-0.222698,-0.100907,-0.406534,-0.381607,0.178714,0.258607,0.486951,0.104313,-0.081675,0.239927,-0.312207,0.014727,-0.061607,-0.233888,-0.276402,-0.008087,0.349528,-0.269393,0.110329,-0.047559,0.505558,0.383851,-0.134772,-0.439998,-0.276402,0.100595,0.224514,-0.204704,0.0763,0.328657,-0.276402,0.145797,0.000376,-0.385718,-0.258245,0.113217,-0.257161,0.413577,-0.022182,-0.258245,-0.606329,0.000376,-0.125355,0.328277,0.383701,0.129979,0.557403,-0.255226,0.0,0.346694,0.354643,0.0763,-0.16863,0.197136,-0.269393,-0.03816,0.069568,0.129979,-0.535038,0.129979,0.239927,-0.405932,-0.097733,-0.61029,-0.387342,0.351267,-0.269393,0.570598,0.180055,-0.283342,-0.147435,-0.312207,0.245918,0.293843,0.145797,0.265496,0.113217,0.241023,0.292453,-0.013654,-0.405932,-0.402603,0.284244,0.0,-0.277136,-0.399465,0.039638,-0.506972,-0.125594,-0.097733,0.04765,-0.306773,-0.421635,-0.684401,0.038584,-0.122479,0.062628,-0.276402,-0.359426,-0.134772,-0.276402,-0.276402,-0.481077,-0.405657,-0.105587,0.239927,0.0,0.421853,-0.087515,0.412459,-0.269393,0.209084,-0.276402,0.0763,0.262259,-0.481077,0.487791,-0.073027,-0.553138,-0.381707,0.103208,-0.157589,-0.388686,-0.767935,-0.211799,0.380195,0.083953,-0.385718,-0.175057,0.114351,0.530304,0.106359,-0.102969,0.592289,0.0763,0.0763,-0.102969,#
3,-0.375743,-0.092733,0.619446,1.0,-0.033942,-0.215294,-0.382776,-0.515665,-0.488985,0.0,0.264123,0.000233,-0.382776,-0.308481,0.022556,0.192578,-0.375743,-0.206748,0.019886,0.068646,-0.109828,-0.5091,0.122191,-0.184057,-0.009891,-0.075043,0.092575,0.382385,0.389486,-0.243877,0.35379,0.194957,-0.994659,0.128663,-0.058799,-0.27192,0.217044,0.742416,0.58748,-0.019218,0.004582,0.350995,-0.011415,-0.132085,-0.412844,-0.348652,-0.167005,-0.147011,0.411886,-0.263012,-0.156403,0.988497,0.313419,-0.253324,-0.372655,-0.107887,-0.336365,-0.220503,-0.254285,-0.263012,-0.137333,0.433507,-0.253274,-0.151037,-0.363937,-0.247723,-0.237181,0.389361,0.471747,0.589578,0.343252,-0.074388,0.128662,-0.208576,0.03779,-0.301162,0.117242,-0.184849,0.484958,-0.066724,0.064335,0.547602,0.424885,0.294896,0.444439,-0.091185,-0.066724,-0.184849,0.31748,0.395967,0.355562,0.322511,0.733962,-0.184849,0.57243,0.483546,-0.234358,0.068237,0.385445,-0.395397,0.64131,-0.013343,0.068237,-0.150882,0.483546,0.242479,0.155876,0.501681,0.068237,0.358939,-0.286285,0.0,0.739013,0.459833,0.322511,-0.118626,0.35479,0.064335,-0.032896,-0.30343,0.028646,-0.067027,0.028646,0.128662,-0.317596,0.19514,-0.369539,-0.258417,0.601713,0.064335,0.612419,-0.183429,0.056723,0.168535,-0.208576,0.374689,0.194643,0.57243,0.540317,0.385445,0.416169,0.121489,-0.008753,-0.317596,0.01366,0.563261,0.0,-0.180668,-0.241957,-0.275286,-0.326617,-0.094124,0.19514,0.252688,0.00885,-0.032896,-0.303699,0.059753,0.155876,0.291663,-0.184849,0.294896,-0.091185,-0.184849,-0.184849,-0.275574,-0.013343,0.147368,0.128662,0.0,0.239047,-0.065491,0.524547,0.064335,-0.166779,-0.184849,0.322511,0.121795,-0.275574,0.311586,-0.354817,-0.353786,-0.239724,-0.478405,-0.606559,-0.399057,-0.470069,0.154603,-0.019645,-0.239724,-0.234358,-0.14479,-0.477052,0.295499,-0.212364,-0.373253,-0.260815,0.322511,0.322511,-0.373253,#
4,0.640192,0.215858,-0.11421,-0.033942,1.0,-0.107632,0.229901,0.033649,0.385208,0.0,0.068021,0.028579,0.229901,-0.143242,0.43989,-0.407017,0.640192,0.456623,-0.075104,-0.206192,0.175136,-0.246432,-0.145923,-0.2332,-0.038969,-0.493171,-0.16572,-0.330745,0.4188,-0.067358,-0.277284,-0.419964,0.106924,-0.271931,-0.491199,-0.078721,0.082481,-0.371479,-0.206926,0.449486,-0.010871,-0.193472,-0.467888,0.102845,-0.40779,-0.449375,0.200833,-0.513857,0.505889,0.244841,0.293417,-0.152475,0.597319,-0.490822,-0.340094,-0.568945,-0.435902,-0.347791,0.272514,0.244841,0.24857,0.158865,-0.111326,0.282164,0.397405,0.474484,0.353697,0.081732,0.436715,-0.420915,-0.625221,0.186568,-0.271931,0.162596,0.363366,0.095556,0.204554,-0.491356,-0.023761,-0.815146,-0.198505,-0.201265,-0.424152,-0.533779,-0.424152,-0.267627,-0.428541,-0.491356,-0.101973,-0.26191,-0.26191,-0.654863,0.040437,-0.491356,-0.198505,-0.032953,-0.16726,-0.206129,-0.15667,0.204554,0.305293,-0.032953,-0.206129,-0.267627,-0.032953,0.087123,-0.820263,-0.023706,-0.206129,0.343408,-0.060693,0.0,-0.388898,-0.033078,-0.654863,-0.288643,-0.267627,-0.198505,-0.424152,-0.168288,-0.602172,0.058242,-0.602172,-0.271931,-0.515012,-0.388898,0.072943,-0.103602,-0.436578,-0.198505,-0.198505,-0.665639,-0.199046,-0.365934,0.162596,-0.267627,0.440897,-0.198505,-0.513389,-0.15667,0.142272,-0.830294,-0.041935,-0.515012,-0.022805,-0.360382,0.0,0.294237,-0.15667,-0.53379,-0.071911,-0.664575,-0.388898,-0.534061,-0.602172,-0.424152,0.534498,0.821165,-0.3958,-0.10525,-0.491356,-0.110224,-0.267627,-0.491356,-0.491356,0.542395,-0.032953,-0.386264,-0.271931,0.0,0.105437,0.123936,-0.023761,-0.198505,0.21271,-0.491356,-0.654863,-0.284688,0.542395,-0.073122,0.585598,0.09144,0.80245,-0.151763,0.180818,-0.468791,0.402345,0.216637,0.12597,0.363953,-0.16726,0.172056,-0.127326,-0.095044,-0.079868,0.640387,-0.081304,-0.654863,-0.654863,0.640387,#
5,-0.326944,-0.107632,-0.329151,-0.215294,-0.107632,1.0,0.534622,0.200602,0.651266,0.0,0.190111,0.227336,0.534622,0.207943,-0.233769,-0.326541,-0.326944,0.500582,-0.266535,0.551629,-0.094861,0.454896,0.089239,-0.099251,0.671318,-0.149834,0.574375,-0.064547,-0.258052,-0.428164,-0.534061,-0.082888,0.232517,-0.218164,-0.164898,-0.427745,-0.504829,-0.049207,-0.361009,-0.653439,0.675063,0.410282,0.182594,-0.523072,0.243877,-0.373238,0.215223,0.405075,-0.036957,-0.112093,0.198558,-0.221492,0.315128,-0.292694,-0.033824,0.031292,0.149219,0.198558,0.316301,-0.112093,-0.493733,-0.11169,-0.177833,0.189619,-0.071987,0.352517,-0.428351,-0.768054,-0.433325,0.139801,0.351462,0.183281,-0.218164,0.273069,-0.223596,0.439703,0.077235,0.246269,0.206682,-0.191088,0.547721,-0.356504,-0.228788,-0.428239,0.196562,0.808295,0.229267,0.246269,0.511152,-0.53439,-0.094925,0.335454,-0.051962,0.246269,0.068772,0.196562,0.346928,0.534572,-0.232016,0.121634,-0.549394,0.239597,0.534572,0.375425,0.196562,-0.327246,0.432633,-0.652977,0.103956,0.060375,0.18286,0.0,-0.067919,-0.652277,0.335454,-0.088055,-0.53411,0.547721,-0.185753,0.369758,0.534572,-0.166043,0.534572,-0.218164,-0.425897,0.444757,0.248383,0.351462,0.300392,0.547721,-0.366171,-0.064244,-0.361599,-0.513487,0.273069,0.331629,-0.218164,0.068772,0.191208,-0.232016,-0.094925,-0.01254,0.229267,-0.425897,-0.218655,0.357572,0.0,0.245459,0.359397,0.069319,0.420997,0.348336,0.444757,0.041343,0.103956,0.239597,0.364385,-0.229788,0.432633,0.060375,0.246269,0.032291,0.808295,0.246269,0.246269,0.443789,0.664947,0.397893,-0.218164,0.0,-0.329736,0.050952,-0.223905,0.547721,-0.528637,0.246269,0.335454,-0.215967,0.443789,-0.100071,0.227638,-0.051207,-0.421948,-0.348467,-0.086395,-0.284978,0.647764,0.085996,-0.641344,-0.421948,0.346928,-0.084587,-0.340849,-0.435508,0.529922,-0.327003,-0.193956,0.335454,0.335454,-0.327003,#
6,-0.068396,0.229901,-0.631955,-0.382776,0.229901,0.534622,1.0,-0.008723,0.821968,0.0,-0.127972,-0.398509,1.0,0.033493,0.38056,-0.610788,-0.068396,0.810232,0.332603,0.161647,0.661115,0.137832,-0.265078,-0.15245,0.403083,-0.33206,-0.210037,-0.120734,0.047014,0.095516,-0.603997,-0.555144,0.434919,-0.408072,-0.342864,-0.337973,-0.092041,-0.109796,-0.281275,-0.398509,0.41235,0.188049,-0.024941,-0.113233,-0.07789,-0.050114,0.722865,0.20936,0.208988,-0.209664,0.371399,-0.433796,-0.003283,-0.210585,-0.079285,0.199229,0.463847,-0.280636,-0.163494,-0.209664,-0.292105,0.217376,0.114018,0.35468,0.382724,0.559736,0.10138,-0.451672,-0.440644,-0.333468,0.086174,0.310579,-0.408072,-0.237503,-0.024602,0.35883,0.135775,0.379499,-0.016108,-0.397203,0.169793,-0.666834,-0.427944,-0.370307,-0.427944,0.661266,-0.00407,0.379499,0.077332,-0.177555,-0.177555,0.082045,-0.538509,0.379499,-0.27814,-0.03014,0.587969,0.153701,0.057675,0.177299,-0.319354,0.010109,0.153701,0.256429,-0.03014,-0.10873,-0.097701,-0.398479,-0.249029,-0.343303,0.516354,0.0,-0.12704,-0.813955,0.082045,-0.198938,-0.594206,0.169793,0.010109,-0.376604,-0.249029,0.112753,-0.249029,-0.408072,-0.148613,0.352434,0.415147,0.616601,-0.196824,0.169793,-0.27814,-0.559528,-0.27464,-0.154819,-0.237503,-0.189369,-0.408072,-0.27814,-0.240854,0.057675,-0.177555,-0.504922,-0.00407,-0.148613,0.396916,-0.085264,0.0,0.652578,0.610788,-0.335685,0.231155,0.147375,0.352434,-0.362053,-0.249029,0.407913,0.832179,0.408957,-0.097701,-0.343303,0.379499,0.0604,0.661266,0.379499,0.379499,0.831208,0.407913,-0.109883,-0.408072,0.0,-0.085986,0.127909,-0.016108,0.169793,-0.097833,0.379499,0.082045,0.278406,0.831208,-0.237611,0.414992,0.380888,0.120393,-0.625421,0.279692,0.140906,0.815498,0.56689,-0.80501,0.120393,0.587969,0.277092,-0.182463,-0.354378,0.100345,-0.07049,-0.361557,0.082045,0.082045,-0.07049,#
7,0.509829,0.411218,-0.387449,-0.515665,0.033649,0.200602,-0.008723,1.0,0.188092,0.0,0.035024,-0.15512,-0.008723,0.629275,0.210262,0.045442,0.509829,0.167251,-0.283121,-0.413888,-0.005601,0.498378,0.070566,0.402483,-0.205817,0.187442,0.366092,0.377722,0.054542,-0.204581,-0.379059,-0.201689,0.491965,-0.333062,0.180932,0.25656,-0.63309,-0.666718,0.006209,-0.15512,-0.22381,-0.072034,-0.180522,0.406191,0.006303,0.329654,-0.386114,-0.260049,-0.391265,0.781814,0.416931,-0.49605,-0.090071,0.389856,0.200731,-0.318721,-0.269223,0.416931,0.321092,0.781814,-0.29497,0.009928,-0.4759,0.403009,-0.155627,0.07481,-0.209457,0.089635,0.03938,-0.385427,-0.506732,0.213552,-0.333062,0.310193,-0.189525,0.666136,-0.008414,-0.328657,-0.617817,-0.162676,-0.413598,-0.006544,-0.191113,-0.187341,-0.191113,-0.009833,0.20963,-0.328657,-0.238013,-0.815831,-0.426599,-0.473257,-0.22598,-0.328657,-0.397282,-0.191113,0.000333,0.014897,-0.508813,-0.413548,-0.239031,-0.583799,0.014897,-0.009833,-0.191113,-0.499593,-0.198227,-0.625555,-0.366498,-0.240838,-0.633334,0.0,-0.641331,-0.189496,-0.473257,0.392081,-0.376985,-0.413598,-0.583799,0.483949,0.014897,-0.14899,0.014897,-0.333062,0.249261,-0.658795,0.010346,-0.004405,-0.388212,-0.413598,-0.782509,0.032896,-0.008414,-0.191838,0.310193,0.006405,0.353401,-0.397282,-0.163163,-0.508813,-0.815831,0.219308,-0.162676,0.249261,-0.235407,-0.163163,0.0,-0.078167,-0.52896,0.244547,0.116082,-0.127632,-0.658795,-0.238013,0.014897,-0.207069,0.244108,-0.174002,-0.198227,0.191226,-0.328657,0.220548,-0.009833,-0.328657,-0.328657,0.206289,-0.207069,-0.106139,0.353401,0.0,0.048507,0.271362,-0.999185,-0.413598,0.077242,-0.328657,-0.473257,-0.274481,0.206289,-0.352973,0.026594,0.222211,0.258646,0.433646,0.430176,0.011027,0.185881,-0.445626,0.300116,0.258646,0.000333,0.431475,0.059285,-0.186326,-0.206104,0.509997,0.022204,-0.473257,-0.473257,0.509997,#
8,0.031455,-0.004426,-0.791064,-0.488985,0.385208,0.651266,0.821968,0.188092,1.0,0.0,-0.026767,-0.192996,0.821968,-0.067625,0.184545,-0.498737,0.031455,0.647146,0.085736,0.398829,0.421312,0.371304,-0.408944,0.011642,0.590588,-0.531003,0.034945,-0.381364,-0.040203,-0.190521,-0.429707,-0.68509,0.523427,-0.333209,-0.545337,-0.201691,-0.206205,-0.240908,-0.43506,-0.192996,0.599553,0.080645,-0.232677,-0.359241,0.022242,-0.136054,0.544909,0.294622,0.164963,-0.09818,0.311985,-0.52684,0.092592,-0.174838,-0.1851,0.057201,0.357882,-0.325239,0.424902,-0.09818,-0.315041,-0.028267,0.028095,0.298311,0.236281,0.545073,0.227864,-0.509272,-0.211724,-0.409028,-0.001515,0.206958,-0.333209,0.35046,0.172462,0.245346,0.373346,0.309878,0.181035,-0.575762,0.406796,-0.411536,-0.221552,-0.654065,-0.221552,0.411187,0.192644,0.309878,0.204396,-0.414523,-0.012853,-0.010934,-0.226909,0.309878,-0.030961,0.167216,0.480104,0.390989,-0.041812,0.413927,-0.365857,0.20655,0.390989,0.411187,0.167216,-0.007871,-0.217067,-0.59521,-0.002593,-0.206989,0.383763,0.0,-0.24931,-0.599353,-0.010934,-0.034315,-0.420124,0.406796,-0.182218,0.022569,-0.002593,0.299148,-0.002593,-0.333209,-0.216483,0.219273,0.504055,0.516863,-0.273945,0.406796,-0.428497,-0.386258,-0.027746,-0.212975,0.35046,-0.024483,-0.333209,-0.030961,-0.334219,-0.041812,-0.012853,-0.62164,0.192644,-0.216483,0.186552,-0.182163,0.0,0.385677,0.498737,-0.199304,0.593484,0.12034,0.219273,-0.225007,-0.002593,0.20655,0.766101,0.208585,0.204759,-0.206989,0.309878,0.187781,0.411187,0.309878,0.309878,0.687803,0.595318,0.177437,-0.333209,0.0,-0.492527,0.140323,-0.212519,0.406796,-0.354376,0.309878,-0.010934,-0.315595,0.687803,-0.352561,0.51112,0.243747,0.253837,-0.370754,0.032902,-0.003104,0.998302,0.389469,-0.593899,-0.181935,0.480104,0.030475,-0.350581,-0.655549,0.234268,0.029427,-0.44379,-0.010934,-0.010934,0.029427,#
9,0.0,0.0,0.0,0.0,0.0,0.0,0.0,0.0,0.0,0.0,0.0,0.0,0.0,0.0,0.0,0.0,0.0,0.0,0.0,0.0,0.0,0.0,0.0,0.0,0.0,0.0,0.0,0.0,0.0,0.0,0.0,0.0,0.0,0.0,0.0,0.0,0.0,0.0,0.0,0.0,0.0,0.0,0.0,0.0,0.0,0.0,0.0,0.0,0.0,0.0,0.0,0.0,0.0,0.0,0.0,0.0,0.0,0.0,0.0,0.0,0.0,0.0,0.0,0.0,0.0,0.0,0.0,0.0,0.0,0.0,0.0,0.0,0.0,0.0,0.0,0.0,0.0,0.0,0.0,0.0,0.0,0.0,0.0,0.0,0.0,0.0,0.0,0.0,0.0,0.0,0.0,0.0,0.0,0.0,0.0,0.0,0.0,0.0,0.0,0.0,0.0,0.0,0.0,0.0,0.0,0.0,0.0,0.0,0.0,0.0,0.0,0.0,0.0,0.0,0.0,0.0,0.0,0.0,0.0,0.0,0.0,0.0,0.0,0.0,0.0,0.0,0.0,0.0,0.0,0.0,0.0,0.0,0.0,0.0,0.0,0.0,0.0,0.0,0.0,0.0,0.0,0.0,0.0,0.0,0.0,0.0,0.0,0.0,0.0,0.0,0.0,0.0,0.0,0.0,0.0,0.0,0.0,0.0,0.0,0.0,0.0,0.0,0.0,0.0,0.0,0.0,0.0,0.0,0.0,0.0,0.0,0.0,0.0,0.0,0.0,0.0,0.0,0.0,0.0,0.0,0.0,0.0,0.0,0.0,0.0,0.0,0.0,0.0,0.0,0.0,0.0,0.0,0.0,0.0,0.0,0.0,0.0,0.0,0.0,0.0,#
10,-0.249539,-0.407519,0.417827,0.264123,0.068021,0.190111,-0.127972,0.035024,-0.026767,0.0,1.0,-0.026734,-0.127972,0.140761,-0.499051,0.435872,-0.249539,-0.21605,-0.493056,-0.121502,-0.4076,0.332124,0.421665,0.116306,-0.019202,0.058369,0.41724,0.177436,0.269168,-0.326795,0.141853,0.256675,-0.249769,-0.166513,0.063232,0.267931,0.360351,0.360351,-0.041504,-0.498735,0.008114,0.337826,0.432417,0.202588,-0.249704,-0.51709,-0.181378,0.341485,-0.25023,0.291757,0.196607,0.286335,0.463775,-0.470357,-0.761634,0.253742,0.016872,0.196607,0.164786,0.291757,0.232674,-0.405863,0.286132,0.189676,-0.073577,-0.389624,-0.326937,-0.136085,0.304716,0.244255,0.292586,0.278641,-0.166513,0.225653,0.529321,0.371036,0.438384,0.205107,-0.019213,0.037072,-0.126262,-0.045503,0.043318,0.260611,0.517801,0.075214,0.037072,0.205107,0.197053,-0.407871,-0.407871,0.268838,0.368343,0.205107,0.428561,0.517801,0.277669,0.418421,0.287292,-0.121402,0.203953,-0.024785,0.418421,-0.407657,0.517801,-0.249769,0.341362,-0.498382,0.418421,0.217926,-0.338006,0.0,0.350714,0.056076,0.268838,0.160523,0.144521,-0.126262,-0.499268,0.295227,0.418421,-0.479685,0.418421,-0.166513,-0.557282,-0.243178,-0.249642,0.292586,0.072695,-0.126262,0.428561,0.136611,-0.051141,-0.147027,0.225653,0.627392,-0.166513,0.428561,0.098729,0.287292,0.082359,-0.162955,0.505983,-0.557282,-0.499255,0.284311,0.0,-0.421487,-0.397811,0.249532,0.334137,0.372385,-0.243178,-0.327025,-0.061938,-0.499268,-0.315509,-0.025958,0.341362,-0.326249,0.205107,0.260611,0.075214,0.205107,0.205107,-0.186074,-0.024785,0.427885,0.698073,0.0,-0.237092,0.358975,-0.019213,-0.126262,-0.391485,0.205107,0.268838,-0.146095,-0.186074,0.343284,0.379039,-0.74819,-0.309803,-0.054943,-0.384262,-0.200895,0.024157,-0.116652,-0.000724,-0.309803,0.277669,-0.394657,-0.588427,-0.319759,0.243547,-0.249584,0.306143,0.268838,0.268838,-0.249584,#
11,0.011026,-0.360573,0.403912,0.000233,0.028579,0.227336,-0.398509,-0.15512,-0.192996,0.0,-0.026734,1.0,-0.398509,-0.064457,-0.550126,-0.055142,0.011026,-0.151301,-0.55313,0.397719,-0.814641,-0.098538,0.405569,-0.433764,0.212131,0.174165,0.414486,-0.479798,-0.477634,-0.224571,-0.028867,0.635155,0.011792,0.296111,0.166994,-0.268167,-0.24061,-0.24061,-0.421601,0.195971,0.215735,-0.033365,0.170038,-0.487831,0.503397,-0.495366,-0.281081,-0.096041,-0.050212,-0.063952,-0.320763,-0.033648,0.501018,-0.336462,0.219657,-0.406503,-0.442137,0.315672,0.348805,-0.063952,0.321346,-0.396241,-0.011573,-0.283111,0.061991,0.099357,-0.230542,-0.500301,-0.202492,0.393627,-0.001514,-0.171981,0.296111,0.307154,-0.211963,-0.209435,-0.419824,-0.350009,0.165088,0.177056,0.390411,-0.042461,-0.23681,-0.24967,0.151478,0.015527,-0.206671,-0.350009,0.204143,-0.028884,-0.028884,-0.030259,0.166627,-0.350009,-0.046804,-0.221278,-0.482714,-0.018313,-0.541264,0.405874,-0.361313,0.57905,-0.018313,0.015527,-0.23681,-0.007861,0.187654,0.173778,0.374781,0.645135,0.115423,0.0,-0.266002,0.15968,-0.030259,-0.406591,-0.040259,0.390411,0.190763,0.481456,0.374781,-0.329967,0.374781,0.322315,-0.417566,0.202001,0.026378,-0.479424,0.385453,0.390411,-0.046804,0.377534,-0.435848,-0.657228,0.307154,-0.024453,0.374725,-0.046804,0.175458,-0.541264,0.372289,0.19551,0.192406,-0.417566,-0.600304,0.175458,0.0,-0.070494,-0.001384,0.213421,-0.118732,-0.144795,0.202001,0.186988,-0.018313,-0.197524,-0.382577,-0.192174,0.187654,0.21763,-0.350009,-0.653256,0.015527,-0.350009,-0.350009,-0.218241,0.190763,0.110747,-0.332797,0.0,-0.001036,-0.269894,0.165088,0.390411,-0.047,-0.350009,-0.030259,-0.358497,-0.218241,0.358764,-0.007263,-0.233834,-0.221969,0.369503,-0.00455,-0.500201,-0.206507,-0.412233,0.232486,-0.221969,-0.482714,-0.415908,0.350565,0.202149,0.615941,0.013138,0.456491,-0.030259,-0.030259,0.013138,#
12,-0.068396,0.229901,-0.631955,-0.382776,0.229901,0.534622,1.0,-0.008723,0.821968,0.0,-0.127972,-0.398509,1.0,0.033493,0.38056,-0.610788,-0.068396,0.810232,0.332603,0.161647,0.661115,0.137832,-0.265078,-0.15245,0.403083,-0.33206,-0.210037,-0.120734,0.047014,0.095516,-0.603997,-0.555144,0.434919,-0.408072,-0.342864,-0.337973,-0.092041,-0.109796,-0.281275,-0.398509,0.41235,0.188049,-0.024941,-0.113233,-0.07789,-0.050114,0.722865,0.20936,0.208988,-0.209664,0.371399,-0.433796,-0.003283,-0.210585,-0.079285,0.199229,0.463847,-0.280636,-0.163494,-0.209664,-0.292105,0.217376,0.114018,0.35468,0.382724,0.559736,0.10138,-0.451672,-0.440644,-0.333468,0.086174,0.310579,-0.408072,-0.237503,-0.024602,0.35883,0.135775,0.379499,-0.016108,-0.397203,0.169793,-0.666834,-0.427944,-0.370307,-0.427944,0.661266,-0.00407,0.379499,0.077332,-0.177555,-0.177555,0.082045,-0.538509,0.379499,-0.27814,-0.03014,0.587969,0.153701,0.057675,0.177299,-0.319354,0.010109,0.153701,0.256429,-0.03014,-0.10873,-0.097701,-0.398479,-0.249029,-0.343303,0.516354,0.0,-0.12704,-0.813955,0.082045,-0.198938,-0.594206,0.169793,0.010109,-0.376604,-0.249029,0.112753,-0.249029,-0.408072,-0.148613,0.352434,0.415147,0.616601,-0.196824,0.169793,-0.27814,-0.559528,-0.27464,-0.154819,-0.237503,-0.189369,-0.408072,-0.27814,-0.240854,0.057675,-0.177555,-0.504922,-0.00407,-0.148613,0.396916,-0.085264,0.0,0.652578,0.610788,-0.335685,0.231155,0.147375,0.352434,-0.362053,-0.249029,0.407913,0.832179,0.408957,-0.097701,-0.343303,0.379499,0.0604,0.661266,0.379499,0.379499,0.831208,0.407913,-0.109883,-0.408072,0.0,-0.085986,0.127909,-0.016108,0.169793,-0.097833,0.379499,0.082045,0.278406,0.831208,-0.237611,0.414992,0.380888,0.120393,-0.625421,0.279692,0.140906,0.815498,0.56689,-0.80501,0.120393,0.587969,0.277092,-0.182463,-0.354378,0.100345,-0.07049,-0.361557,0.082045,0.082045,-0.07049,#
13,0.327312,0.478198,0.057268,-0.308481,-0.143242,0.207943,0.033493,0.629275,-0.067625,0.0,0.140761,-0.064457,0.033493,1.0,0.092317,0.283234,0.327312,0.168824,0.066899,-0.496187,-0.063221,0.577679,0.572594,0.456737,-0.56851,0.093952,0.547076,0.483071,-0.214691,-0.178829,-0.543435,0.17611,0.304038,0.137308,0.089707,0.379929,-0.373951,-0.395572,0.202041,-0.411415,-0.571431,-0.29249,0.426287,0.502834,-0.320368,0.178077,-0.493803,-0.167852,-0.107669,0.393613,0.675858,-0.294231,0.083949,0.120117,0.290782,-0.04112,-0.204906,0.675858,-0.187827,0.393613,-0.177361,-0.055525,-0.274324,-0.080856,0.223538,-0.275866,-0.699399,-0.048392,-0.160023,-0.217979,-0.305669,-0.193282,0.137308,-0.182622,-0.54732,0.752767,-0.45462,-0.218903,-0.627692,0.072542,-0.50397,-0.326849,-0.43746,0.357145,-0.088677,0.299038,0.072542,-0.218903,-0.350995,-0.6046,-0.6046,-0.30427,-0.387437,-0.218903,-0.482991,-0.553721,-0.266355,0.039003,-0.32641,-0.495778,-0.158464,-0.593615,0.039003,-0.548894,-0.088677,-0.970961,0.151129,-0.477932,-0.451416,0.194515,-0.410773,0.0,-0.406715,-0.423794,-0.30427,-0.03049,-0.547734,-0.50397,-0.457977,0.347559,0.039003,-0.316987,0.039003,-0.647308,0.021833,-0.429171,-0.315086,-0.255983,-0.226717,-0.50397,-0.482991,-0.027437,-0.334674,-0.271266,-0.182622,-0.173066,0.235385,-0.482991,-0.198057,-0.32641,-0.744739,0.326723,-0.521086,0.021833,-0.463501,-0.06164,0.0,-0.182177,-0.352316,-0.115513,-0.336874,-0.085007,-0.429171,-0.222582,-0.314098,0.026444,0.076414,-0.049414,-0.374483,-0.183273,-0.218903,-0.146363,0.299038,-0.218903,-0.218903,0.187273,-0.109194,-0.429818,0.235385,0.0,0.340626,-0.270289,-0.627692,-0.50397,0.069938,-0.218903,-0.30427,0.213553,0.187273,-0.326194,0.128895,-0.200843,-0.122172,0.229072,0.508363,0.046119,-0.06335,-0.508471,0.155989,0.420817,-0.266355,0.50104,0.276829,0.389506,0.198598,0.327469,0.357634,-0.30427,-0.30427,0.327469,#
14,0.533391,0.826247,-0.366609,0.022556,0.43989,-0.233769,0.38056,0.210262,0.184545,0.0,-0.499051,-0.550126,0.38056,0.092317,1.0,-0.498436,0.533391,0.593432,0.5072,-0.442015,0.793505,-0.364967,-0.382219,0.005172,-0.233408,-0.281234,-0.416667,0.353085,0.498122,0.215102,-0.432462,-0.642709,0.007805,-0.333008,-0.275546,-0.205096,-0.250788,-0.267994,0.351987,0.248127,-0.237322,-0.128492,-0.593632,0.347835,-0.499382,0.271494,0.251298,-0.648135,0.51799,0.135451,0.33969,-0.04822,-0.080768,0.150852,0.208119,-0.424308,-0.2582,-0.292174,-0.335581,0.135451,-0.385504,0.808332,-0.538601,0.325957,0.086293,0.4695,0.220839,0.510164,0.213283,-0.482229,-0.570639,0.128412,-0.333008,-0.417441,-0.226487,0.198611,-0.037058,-0.423708,-0.218537,-0.617263,-0.434446,-0.035649,-0.227489,-0.236288,-0.612987,-0.030647,-0.236292,-0.423708,-0.228224,-0.019118,-0.019118,-0.55497,-0.257,-0.423708,-0.434446,-0.227489,-0.071109,-0.441879,-0.057036,-0.434776,0.354149,-0.612987,-0.441879,-0.030647,-0.227489,-0.011707,-0.687747,0.180692,-0.83215,-0.23115,-0.168239,0.0,-0.259127,-0.227057,-0.55497,-0.040377,-0.42296,-0.434446,-0.227489,-0.553169,-0.83215,0.289137,-0.83215,-0.333008,0.191113,-0.259127,-0.025632,-0.056621,-0.34931,-0.434446,-0.434446,-0.815146,-0.037058,0.133722,-0.417441,-0.42296,0.369431,-0.434446,-0.257125,-0.057036,-0.417409,-0.267381,-0.617263,0.191113,0.571848,-0.257125,0.0,0.539906,-0.057036,-0.653683,-0.43535,-0.631399,-0.259127,-0.228224,-0.441879,0.158009,0.737204,0.61423,-0.687747,0.210969,-0.423708,0.181095,-0.030647,-0.423708,-0.423708,0.631124,-0.227489,-0.663063,-0.333008,0.0,0.508958,0.046178,-0.218537,-0.434446,0.466199,-0.423708,-0.55497,0.302195,0.631124,-0.435744,-0.021864,0.651246,0.655722,-0.387988,0.416597,-0.06588,0.172793,0.37664,-0.067068,0.655722,-0.071109,0.81347,0.045343,0.212962,-0.66395,0.533565,-0.498652,-0.55497,-0.55497,0.533565,#
15,-0.249231,-0.407017,0.359115,0.192578,-0.407017,-0.326541,-0.610788,0.045442,-0.498737,0.0,0.435872,-0.055142,-0.610788,0.283234,-0.498436,1.0,-0.249231,-0.755242,0.04552,-0.131714,-0.407097,0.451495,0.403322,0.600822,-0.498627,0.069044,0.397285,0.188548,-0.301232,-0.326391,0.6314,0.358919,-0.249461,0.616316,0.074009,0.757513,0.338755,0.338755,0.465842,-0.055142,-0.498395,-0.290441,0.525825,0.214124,-0.249396,0.28769,-0.728116,0.30879,-0.28704,0.04775,0.167268,0.286474,-0.242899,0.348658,-0.235407,0.455273,0.111169,0.167268,0.074745,0.04775,0.233023,-0.404566,0.261594,-0.567713,-0.031421,-0.98264,-0.326534,0.249915,0.240265,0.244604,0.267921,-0.509392,0.616316,0.226364,0.06034,-0.151057,-0.040115,0.205838,-0.029348,0.505943,-0.136368,0.447892,0.517753,0.774024,0.517753,-0.407155,0.505943,0.205838,-0.326621,0.071889,0.071889,0.269241,0.368544,0.205838,0.428636,0.05389,-0.30284,0.418502,0.287683,-0.131606,0.174479,-0.03479,0.418502,-0.407155,0.517753,-0.249461,0.341582,-0.017992,0.418502,0.206148,-0.350217,0.0,0.350928,0.540411,0.269241,0.171428,0.627219,-0.136368,-0.03479,0.29561,0.418502,0.025215,0.418502,-0.166307,0.247547,-0.253863,-0.249334,-0.326798,0.069972,-0.136368,0.428636,0.612348,0.438452,0.38632,0.226364,0.155156,-0.166307,0.428636,0.103187,0.287683,0.071889,0.358758,0.047527,0.247547,-0.49864,0.103187,0.0,-0.958698,-0.409991,0.260512,0.062472,0.37804,-0.253863,0.185726,0.418502,-0.03479,-0.717645,-0.498527,0.341582,-0.325847,0.205838,0.271794,-0.407155,0.205838,0.205838,-0.746113,-0.03479,0.262031,0.714144,0.0,-0.235963,-0.331291,-0.029348,-0.136368,-0.390314,0.205838,0.269241,-0.144839,-0.746113,0.070088,-0.228273,-0.746561,-0.308718,0.429251,-0.383135,0.39559,-0.477904,-0.610678,0.421796,-0.308718,-0.30284,-0.39351,-0.088755,0.218016,0.200351,-0.249276,0.269793,0.269241,0.269241,-0.249276,#
16,1.0,0.640192,-0.105039,-0.375743,0.640192,-0.326944,-0.068396,0.509829,0.031455,0.0,-0.249539,0.011026,-0.068396,0.327312,0.533391,-0.249231,1.0,0.213557,-0.013037,-0.61143,0.14266,-0.045254,-0.095888,0.13727,-0.499243,-0.144867,-0.161637,-0.036859,0.290664,0.260565,-0.40762,-0.261149,0.39867,-0.166513,-0.142066,0.245916,-0.190256,-0.762039,-0.158798,0.541177,-0.499011,-0.550671,-0.497226,0.508865,-0.249704,0.030402,-0.113909,-0.708045,0.221468,0.531415,0.225227,-0.43834,0.219053,-0.044592,0.31618,-0.635026,-0.542176,0.225227,0.1396,0.531415,0.140038,0.082257,-0.343475,0.218226,0.203327,0.325352,0.254418,0.3685,0.367741,-0.713826,-0.997088,0.015632,-0.166513,0.03106,-0.011286,0.31012,-0.113339,-0.686419,-0.499538,-0.499143,-0.611447,-0.17435,-0.499268,-0.326852,-0.499268,-0.407657,-0.499143,-0.686419,-0.327025,-0.407871,-0.407871,-0.997507,-0.295517,-0.686419,-0.611447,-0.499268,-0.392036,-0.611242,-0.387943,-0.113339,0.232696,-0.499268,-0.611242,-0.407657,-0.499268,-0.249769,-0.76219,-0.065358,-0.611242,0.153906,-0.328172,0.0,-0.762528,-0.070437,-0.997507,0.066029,-0.407657,-0.611447,-0.499268,0.14832,-0.611242,0.044667,-0.611242,-0.166513,-0.00979,-0.762528,-0.249642,-0.340084,-0.728935,-0.611447,-0.611447,-0.407594,-0.113339,-0.214769,0.03106,-0.407657,0.634029,-0.611447,-0.679475,-0.387943,-0.407871,-0.29916,-0.499143,-0.00979,-0.005486,-0.679475,0.0,0.201514,-0.387943,-0.326858,-0.33219,-0.830345,-0.762528,-0.327025,-0.611242,-0.499268,0.337387,0.521585,-0.76219,0.153906,-0.686419,-0.326852,-0.407657,-0.686419,-0.686419,0.318758,-0.499268,-0.723053,-0.166513,0.0,0.35643,0.04188,-0.499538,-0.611447,0.659508,-0.686419,-0.997507,-0.146095,0.318758,-0.406513,0.389059,0.328851,0.763207,0.398885,0.612843,-0.276651,0.032447,-0.108503,0.602707,0.763207,-0.392036,0.61258,0.439855,0.194875,-0.310561,0.99999,0.232551,-0.997507,-0.997507,0.99999,#
17,0.213557,0.473751,-0.448069,-0.206748,0.456623,0.500582,0.810232,0.167251,0.647146,0.0,-0.21605,-0.151301,0.810232,0.168824,0.593432,-0.755242,0.213557,1.0,0.115107,-0.016289,0.49053,-0.134639,-0.030885,-0.399538,0.286611,-0.216672,-0.026566,0.062518,0.152742,-0.107371,-0.81103,-0.413296,0.281125,-0.504583,-0.225894,-0.588449,-0.459552,-0.36421,-0.119833,-0.274382,0.29681,0.266232,-0.174249,-0.052406,-0.161042,-0.193132,0.449716,-0.324708,0.336677,0.079748,0.49972,-0.314951,0.324656,-0.271082,0.000717,-0.36508,-0.125279,-0.20056,-0.174943,0.079748,-0.318485,0.52905,-0.318346,0.478949,0.37489,0.734961,-0.118265,-0.356821,-0.341735,-0.188817,-0.217791,0.399915,-0.504583,-0.284728,-0.28912,0.488315,-0.145199,-0.20446,-0.18165,-0.590614,-0.00771,-0.564934,-0.641362,-0.509378,-0.624272,0.618428,-0.168392,-0.20446,-0.009438,-0.335478,-0.335478,-0.222794,-0.441628,-0.20446,-0.507289,-0.197033,0.220941,-0.025443,-0.371909,-0.099565,-0.268378,-0.152801,-0.025443,0.148852,-0.197033,-0.21625,-0.333224,-0.234465,-0.475273,-0.063987,0.15812,0.0,-0.384014,-0.702999,-0.222794,-0.436455,-0.800529,-0.00771,-0.152801,-0.377124,-0.457972,-0.138801,-0.457972,-0.504583,-0.314926,0.150745,0.368672,0.242331,-0.035866,-0.00771,-0.507289,-0.745111,-0.603613,-0.522997,-0.284728,-0.330954,0.187416,-0.507289,-0.072968,-0.371909,-0.335478,-0.389475,-0.168392,-0.314926,0.180106,0.100818,0.0,0.767349,0.244978,-0.471478,-0.15845,-0.255123,0.150745,-0.500209,-0.475273,0.291528,0.913454,0.592237,-0.351766,-0.063987,-0.20446,-0.046802,0.618428,-0.20446,-0.20446,0.985291,0.291528,-0.352678,-0.504583,0.0,0.326356,0.112458,-0.18165,-0.00771,0.067428,-0.20446,-0.222794,0.240928,0.985291,-0.107065,0.252623,0.4849,0.322057,-0.597706,0.475613,-0.245694,0.633901,0.334923,-0.619417,0.341213,0.220941,0.47314,-0.091786,-0.063021,0.002935,0.213854,-0.355177,-0.222794,-0.222794,0.213854,#
18,-0.013037,0.361142,-0.297347,0.019886,-0.075104,-0.266535,0.332603,-0.283121,0.085736,0.0,-0.493056,-0.55313,0.332603,0.066899,0.5072,0.04552,-0.013037,0.115107,1.0,-0.035402,0.737772,0.025257,-0.332701,0.402282,-0.29539,-0.521442,-0.353847,0.056617,-0.107173,0.235339,0.007744,-0.470626,-0.030844,0.43476,-0.518293,0.230084,0.246649,0.231107,0.43096,0.171537,-0.298886,-0.504262,-0.041214,0.063161,-0.493383,0.492325,0.208189,0.058338,0.546178,-0.583091,0.249995,0.033112,-0.48053,0.303453,0.272528,0.371947,0.396653,-0.320769,-0.427543,-0.583091,-0.277681,0.344961,0.033233,-0.473952,0.274527,-0.159439,0.148065,0.328699,-0.017094,-0.356982,0.003214,-0.563813,0.43476,-0.419506,-0.285759,-0.246755,-0.13356,0.270115,0.176254,-0.108705,-0.033094,-0.009797,0.16264,0.31559,-0.185582,-0.00813,0.149394,0.270115,-0.26154,0.471308,0.381364,0.001785,-0.226786,0.270115,-0.033094,-0.290048,-0.119795,-0.044378,0.465291,-0.025782,0.263911,-0.185582,-0.044378,-0.096724,0.16264,-0.052876,-0.16469,0.293854,-0.39691,-0.125448,0.372967,0.0,0.227568,-0.166038,0.001785,-0.102096,0.009589,-0.033094,0.249695,-0.510564,-0.39691,0.675662,-0.39691,-0.329008,0.41291,0.227568,-0.065432,-0.108399,-0.23706,-0.033094,0.055925,-0.351315,0.333478,0.585544,-0.419506,-0.451101,-0.329008,-0.033094,-0.323695,0.465291,0.021587,-0.14161,-0.64211,0.41291,0.524479,-0.323695,0.0,0.043746,0.465291,-0.64583,-0.248591,-0.103969,0.227568,0.238463,-0.044378,0.597916,0.30317,0.185788,-0.259148,-0.245259,0.270115,0.108228,-0.00813,0.270115,0.270115,0.145725,0.16264,-0.42587,-0.329008,0.0,0.058368,-0.570809,0.264381,-0.033094,0.061409,0.270115,0.001785,0.388629,0.145725,-0.557715,-0.060667,0.160879,0.142712,-0.34794,0.032871,0.473349,0.073219,0.330864,-0.215449,0.240293,-0.119795,0.386778,0.140503,0.348732,-0.16051,-0.014879,-0.382112,0.001785,0.001785,-0.014879,#
19,-0.61143,-0.594589,-0.257372,0.068646,-0.206192,0.551629,0.161647,-0.413888,0.398829,0.0,-0.121502,0.397719,0.161647,-0.496187,-0.442015,-0.131714,-0.61143,-0.016289,-0.035402,1.0,-0.182458,0.107522,-0.265455,-0.174767,0.816718,-0.321096,0.234751,-0.546076,-0.475562,-0.355878,0.218296,-0.063338,-0.082384,0.271998,-0.331999,-0.384388,-0.102948,0.32877,-0.264432,-0.050702,0.815769,0.202061,0.006446,-0.978218,0.427901,-0.223266,0.234734,0.571749,0.122938,-0.655303,-0.3425,0.08768,0.004619,-0.083541,-0.040569,0.200664,0.327231,-0.317092,0.465476,-0.655303,-0.250368,-0.198351,0.107751,-0.331125,-0.149589,0.13403,0.059933,-0.572804,-0.278419,0.362426,0.616739,-0.240347,0.271998,0.470381,-0.015671,-0.503995,0.150332,0.420474,0.800302,0.011535,0.999728,0.166291,0.373309,-0.364497,0.38881,0.27245,0.394517,0.420474,0.534193,0.23383,0.65024,0.59741,0.356278,0.420474,0.546578,0.373309,0.113964,0.567358,0.082206,0.607536,-0.381128,0.816465,0.567358,0.666835,0.373309,0.388382,0.362508,0.013392,0.567358,0.125075,0.544099,0.0,0.320379,-0.001303,0.59741,-0.153593,0.215844,0.999728,0.41343,0.170749,0.583051,0.354309,0.583051,0.271998,-0.157612,0.805439,0.408909,0.100007,0.50955,0.999728,0.134453,0.254249,0.150332,-0.060042,0.470381,0.23162,-0.407997,0.546578,0.301529,0.082206,0.65024,-0.044498,0.394517,-0.157612,-0.001307,0.301529,0.0,-0.03141,0.641762,0.098028,0.521043,0.402377,0.805439,0.534193,0.567358,0.41343,-0.030095,-0.434616,0.782994,0.125075,0.420474,0.055089,0.27245,0.420474,0.420474,-0.095417,0.816465,0.655994,-0.407997,0.0,-0.650739,-0.255322,0.392305,0.999728,-0.657146,0.420474,0.59741,-0.447709,-0.095417,0.036789,-0.108259,-0.107697,-0.383348,-0.246319,-0.587325,-0.076311,0.38223,0.166779,-0.481812,-0.817736,0.113964,-0.597982,-0.291813,-0.377733,0.526468,-0.611541,-0.387084,0.59741,0.59741,-0.611541,#
20,0.14266,0.562892,-0.584668,-0.109828,0.175136,-0.094861,0.661115,-0.005601,0.421312,0.0,-0.4076,-0.814641,0.661115,-0.063221,0.793505,-0.407097,0.14266,0.49053,0.737772,-0.182458,1.0,-0.106845,-0.608573,0.191904,-0.015682,-0.403249,-0.567816,0.200946,0.377865,0.357229,-0.265685,-0.799428,0.122393,-0.271984,-0.400364,-0.0651,0.069072,0.050365,0.216497,0.019885,-0.01988,-0.095591,-0.409956,0.207554,-0.40787,0.389528,0.57753,-0.069164,0.407977,-0.212409,0.238864,-0.127213,-0.397245,0.193656,0.092629,0.166488,0.370035,-0.421711,-0.35959,-0.212409,-0.437355,0.565593,-0.1267,0.227741,0.089038,0.335944,0.3804,0.33767,0.03724,-0.544255,-0.160386,0.07903,-0.271984,-0.40367,-0.008628,0.085339,0.240669,0.211837,0.0,-0.432956,-0.174538,-0.157751,-0.009483,-0.11499,-0.412497,0.138,-0.018743,0.211837,-0.089028,0.1499,0.166556,-0.144043,-0.347156,0.211837,-0.174538,-0.009483,0.361012,-0.182402,0.375966,-0.175121,0.250507,-0.412497,-0.182402,0.154405,-0.009483,0.101994,-0.387896,0.002942,-0.590407,-0.5329,0.231489,0.0,0.0602,-0.401755,-0.144043,0.143677,-0.255734,-0.174538,-0.025603,-0.610699,-0.590407,0.521663,-0.590407,-0.271984,0.323877,0.0602,0.087379,0.376989,-0.402821,-0.174538,-0.191022,-0.66577,0.240669,0.470967,-0.40367,-0.255734,-0.271984,-0.174538,-0.326816,0.375966,-0.249834,-0.372082,-0.417025,0.323877,0.809666,-0.326816,0.0,0.483431,0.375966,-0.533895,-0.028357,-0.157164,0.0602,-0.089028,-0.182402,0.377411,0.715931,0.420285,-0.370405,-0.070691,0.211837,0.338811,0.138,0.211837,0.211837,0.545531,-0.009483,-0.362499,-0.271984,0.0,0.094103,0.066063,-0.016319,-0.174538,0.216811,0.211837,-0.144043,0.380218,0.545531,-0.531111,0.099696,0.562264,0.386239,-0.542743,0.184705,0.314578,0.414397,0.656586,-0.399781,0.368169,0.361012,0.600031,-0.123379,-0.104908,-0.535982,0.140577,-0.592569,-0.144043,-0.144043,0.140577,#
21,-0.045254,-0.132283,-0.329425,-0.5091,-0.246432,0.454896,0.137832,0.498378,0.371304,0.0,0.332124,-0.098538,0.137832,0.577679,-0.364967,0.451495,-0.045254,-0.134639,0.025257,0.107522,-0.106845,1.0,0.11932,0.733101,-0.049384,-0.238767,0.567214,-0.028659,-0.411031,-0.301708,-0.106876,-0.124015,0.469426,0.258047,-0.249215,0.59891,-0.096439,-0.132749,-0.144129,-0.38988,-0.052037,-0.310096,0.361337,0.015004,-0.054945,0.168748,-0.259155,0.563562,-0.264656,0.080394,0.39897,-0.42794,-0.149003,0.168247,0.009963,0.443116,0.378015,0.39897,0.420722,0.080394,-0.213289,-0.570474,0.126386,-0.230502,0.048155,-0.389935,-0.307008,-0.306298,-0.101954,-0.307032,0.097461,-0.315026,0.258047,0.464856,-0.031929,0.402862,0.141994,0.415814,-0.098827,0.08683,0.101001,-0.154842,0.06068,0.139689,0.353554,0.186623,0.488823,0.415814,-0.014377,-0.578289,-0.158021,0.093189,-0.103843,0.415814,0.118617,-0.036944,0.120819,0.556761,0.066951,0.107434,-0.307909,-0.070443,0.556761,-0.111428,0.353554,-0.601195,0.338963,-0.795712,0.144956,-0.001537,-0.05516,0.0,-0.133046,-0.324789,0.093189,0.322834,-0.110454,0.101001,-0.363317,0.651506,0.556761,0.145054,0.556761,-0.400797,0.072005,-0.151903,-0.050564,0.139183,-0.310319,0.101001,-0.297326,0.326387,0.242714,0.044524,0.464856,0.204155,-0.400797,0.118617,-0.324133,0.066951,-0.275696,0.052177,-0.009648,0.072005,-0.377641,-0.209584,0.0,-0.487935,0.045198,0.183215,0.517092,0.412433,-0.151903,0.093451,0.260261,0.043452,-0.038499,-0.457348,0.338963,-0.318767,0.415814,0.157305,0.186623,0.415814,0.415814,-0.083159,0.336326,0.258946,0.340403,0.0,-0.56635,-0.193623,-0.510604,0.101001,-0.474283,0.415814,0.093189,-0.346082,-0.083159,-0.471061,0.337953,-0.417388,-0.267871,0.295479,-0.067791,0.284315,0.384959,-0.32696,-0.00807,-0.267871,0.120819,-0.073402,-0.11295,-0.314127,0.463182,-0.04739,0.137535,0.093189,0.093189,-0.04739,#
