0,1.0,-0.327808,-0.230544,0.210874,0.014695,0.009564,0.147976,-0.375939,-0.022152,-0.352989,0.833718,0.222509,-0.1941,0.259331,0.037708,-0.19592,0.024041,-0.80936,0.657971,0.223903,0.230252,-0.117072,-0.18731,-0.333081,0.216921,0.198006,-0.017199,0.610367,0.19091,-0.039696,0.052491,0.133581,0.017574,-0.589322,-0.172198,-0.012675,-0.466225,0.247118,-0.003674,0.0,0.03912,0.247118,-0.014696,0.023026,-0.215353,0.233321,-0.149924,0.213788,-0.814484,0.223868,0.223868,0.260555,-0.013792,-0.007169,0.024057,0.337602,-0.226726,0.426363,-0.349247,-0.314508,0.005202,0.207032,0.012429,-0.486243,-0.509473,-0.227159,-0.333081,0.087186,-0.48786,0.29107,0.247118,-0.636464,0.417848,-0.196656,-0.016553,0.428926,-0.242345,-0.005227,-0.019691,-0.199199,0.307735,-0.041132,-0.003674,-0.412985,-0.201067,-0.005227,0.204369,-0.195056,0.243706,0.007125,-0.653813,0.009055,0.021544,-0.042226,0.205811,0.352674,0.211729,-0.522698,-0.486408,0.387964,0.810034,-0.013684,0.441063,-0.412661,-0.281342,-0.209238,-0.185818,0.219696,-0.439437,-0.205226,-0.431362,-0.003674,-0.646813,0.023996,0.009055,0.014695,0.493074,0.17917,0.175215,-0.326607,0.035808,0.23649,0.307735,0.354552,0.585487,0.191289,-0.243424,-0.162955,-0.144209,0.219696,-0.521637,-0.035669,0.474465,-0.131731,0.307735,0.243706,-0.333081,-0.032776,0.662,-0.231811,0.163092,0.219963,0.676866,0.083325,-0.195056,-0.561655,0.0,-0.421051,-0.195056,-0.389834,0.418338,-0.008946,0.014695,-0.196656,-0.042226,-0.185818,-0.437916,-0.366152,-0.333206,0.035808,0.583646,-0.389834,-0.002083,-0.522698,-0.215571,-0.031152,0.510907,-0.331478,-0.333081,-0.205226,0.191017,-0.101977,0.328183,0.234401,0.322513,0.225423,0.328183,0.175152,0.396996,0.009421,-0.433244,-0.211637,0.26928,-0.014621,-0.228703,0.193896,-0.211194,0.234401,0.617319,-0.211637,-0.329088,-0.020117,0.603417,-0.36541,0.289252,-0.031897,-0.820488,-0.233536,-0.135632,-0.431362,#
1,-0.327808,1.0,0.469502,-0.437136,0.179902,-0.332311,-0.313327,0.200792,-0.409423,-0.295494,-0.395803,0.212246,0.553144,0.113718,-0.246849,0.387934,0.212567,0.27082,-0.203021,-0.365017,-0.285451,0.247185,-0.150698,0.077101,0.210862,-0.426744,-0.188897,-0.293034,-0.179452,0.146461,0.176436,0.171111,-0.36599,0.387912,0.457407,0.148371,-0.205221,0.021341,0.115651,0.0,-0.437469,0.021341,0.301979,-0.130947,-0.53166,0.205529,-0.061795,-0.205774,0.26903,0.500291,0.500291,-0.253262,-0.605372,0.293496,-0.164915,-0.334242,0.578398,-0.274779,-0.108981,0.010546,-0.223605,-0.578856,0.411755,0.39657,0.461356,-0.174753,0.119934,0.0997,-0.187235,0.066781,0.021341,0.133399,-0.409191,0.237013,0.293632,-0.099671,-0.14663,-0.137122,0.441716,-0.26129,-0.032381,-0.389738,0.147776,-0.188423,-0.09048,-0.07496,-0.14663,0.308456,0.263588,0.415057,0.235422,-0.111967,0.364622,-0.118012,-0.168041,0.162768,0.336532,0.622879,0.718253,0.269613,-0.244653,-0.302156,0.295076,0.467171,0.720636,0.308456,0.335905,0.210044,-0.391256,0.207505,0.293624,-0.687482,0.494697,0.320009,-0.111967,0.179902,0.213846,0.151343,-0.195211,0.411493,0.345328,0.237039,-0.032381,-0.2621,-0.182164,-0.186044,-0.2959,0.333151,0.052918,0.210044,-0.111967,0.17981,-0.047513,0.48998,0.011774,0.263588,0.119934,-0.638858,0.04087,-0.179901,-0.173902,-0.201174,0.210044,-0.211374,0.33472,0.505431,0.0,-0.045507,0.28511,0.241937,-0.186913,0.62547,0.179902,0.208457,-0.118012,0.335905,-0.235053,-0.054335,0.992486,0.29511,-0.064642,0.318742,-0.285019,0.622879,0.009545,-0.211923,0.150453,0.997211,0.077101,0.235546,0.363825,0.389129,0.034267,-0.15078,-0.982894,0.360984,0.034267,0.390241,-0.487218,0.244149,-0.261707,0.57764,0.278291,-0.152999,0.216447,0.52065,-0.294494,-0.15078,0.33939,0.57764,-0.025343,0.162013,-0.400191,-0.253152,-0.071132,0.173168,0.300345,0.46532,0.478338,0.293624,#
2,-0.230544,0.469502,1.0,-0.995921,0.338303,-0.343528,0.283012,-0.103651,-0.324605,0.351394,-0.396099,-0.564233,0.518876,0.58746,-0.602707,0.241909,-0.200634,0.535146,0.039301,-0.228901,-0.702241,-0.243814,0.034202,0.197344,0.425033,-0.464724,-0.359892,-0.19864,0.084467,0.336449,0.047206,0.010832,-0.840013,-0.200103,0.034228,0.339051,0.231991,0.045653,0.338304,0.0,0.089465,0.045653,0.253731,-0.33924,-0.52885,-0.522442,-0.333064,-0.368865,0.071491,0.476736,0.476736,-0.522905,-0.178598,-0.362534,-0.329446,-0.069537,0.087602,-0.594053,0.511114,-0.20173,0.74846,-0.077178,-0.074315,-0.011778,0.338481,0.409049,0.253728,-0.627254,0.162085,-0.145134,0.045653,0.047206,-0.797846,-0.570104,0.11374,-0.189896,-0.397011,-0.362201,-0.060116,-0.226746,-0.253486,-0.330632,0.338303,-0.068566,-0.41496,-0.300831,0.060185,0.192069,-0.535223,0.336836,-0.07343,0.213324,-0.170859,0.247915,-0.42208,-0.507455,-0.228904,0.743959,0.208348,-0.370677,-0.550622,-0.762007,0.072952,-0.07687,0.06375,0.175743,0.20593,-0.552354,0.101887,-0.073824,0.570163,-0.232584,0.014685,-0.34528,-0.375741,-0.232584,-0.240953,0.423554,0.113005,-0.184707,-0.358718,-0.055339,-0.253486,-0.804681,-0.342807,0.044039,0.244434,0.726517,0.303837,-0.552354,-0.332106,-0.206501,-0.270291,0.455847,-0.195362,-0.535223,0.253728,-0.201055,-0.215902,-0.464251,-0.397011,-0.488872,-0.082488,-0.377612,-0.240086,0.488651,0.0,0.604869,0.177664,0.029164,-0.534613,0.167636,-0.232584,-0.100238,-0.345616,-0.266154,0.402046,0.30653,0.468646,-0.408297,-0.378697,-0.358718,-0.29667,0.743959,-0.277985,0.753878,-0.24756,0.488357,0.197344,-0.036912,-0.190173,-0.245444,0.197344,-0.464251,-0.52218,-0.240086,0.197344,0.271706,0.055904,-0.420955,0.365238,0.092278,-0.105031,-0.318073,0.375399,-0.017285,-0.226679,0.05324,-0.331828,0.092278,-0.23736,-0.228702,0.175905,0.40694,-0.167702,-0.183583,0.534539,0.995135,0.475679,0.570163,#
3,0.210874,-0.437136,-0.995921,1.0,-0.327096,0.339218,-0.24428,0.13448,0.336935,-0.337656,0.356199,0.571917,-0.504429,-0.605003,0.551575,-0.204581,0.227929,-0.529878,-0.043238,0.213848,0.664427,0.276071,-0.059919,-0.218064,-0.427878,0.473255,0.307143,0.180353,-0.054659,-0.326816,-0.002809,0.02792,0.814146,0.254364,-0.017198,-0.327018,-0.206029,-1e-06,-0.327096,0.0,-0.081179,-1e-06,-0.21807,0.33013,0.516134,0.528314,0.341189,0.298091,-0.071781,-0.498317,-0.498317,0.455225,0.18635,0.391305,0.356214,-0.011441,-0.020988,0.560016,-0.501742,0.227583,-0.776754,0.013018,0.075624,0.056532,-0.282879,-0.407166,-0.218064,0.655041,-0.164989,0.157905,-1e-06,-0.002809,0.787244,0.55976,-0.065361,0.124974,0.421344,0.312643,0.131935,0.191955,0.219671,0.344518,-0.327097,0.055972,0.421344,0.312643,-0.087536,-0.190849,0.541743,-0.34739,0.084849,-0.259865,0.123155,-0.230589,0.409837,0.508817,0.244704,-0.724605,-0.173126,0.398871,0.551227,0.78885,-0.076255,0.131935,-0.04046,-0.190849,-0.202865,0.55976,-0.136896,0.065888,-0.533866,0.197097,-0.005617,0.373218,0.32429,0.239032,0.266253,-0.428044,-0.111333,0.206613,0.385806,0.065853,0.219671,0.831353,0.343228,-0.072431,-0.259148,-0.715222,-0.269704,0.55976,0.32429,0.255077,0.32429,-0.444145,0.219671,0.541743,-0.218064,0.165903,0.220772,0.433138,0.421344,0.421344,0.056535,0.33419,0.254846,-0.441711,0.0,-0.595198,-0.190849,-0.065361,0.534887,-0.173126,0.218064,0.075173,0.336195,0.265285,-0.392166,-0.278644,-0.441582,0.385806,0.408458,0.385806,0.326688,-0.724605,0.28657,-0.774473,0.233521,-0.456774,-0.218064,0.065888,0.241258,0.259271,-0.218064,0.433138,0.500627,0.254846,-0.218064,-0.216214,-0.091295,0.398871,-0.356828,-0.029282,0.06732,0.353046,-0.43002,0.02764,0.195469,-0.080039,0.346317,-0.029282,0.2058,0.24012,-0.223098,-0.426404,0.216196,0.167641,-0.530529,-0.997956,-0.448501,-0.533866,#
4,0.014695,0.179902,0.338303,-0.327096,1.0,-0.407746,0.0078,0.204257,-0.407434,-0.173822,0.111889,-0.326776,0.326867,0.218669,-0.095334,-0.003814,0.363561,0.136332,-0.157816,0.048474,0.003873,-0.301381,0.33278,-0.166667,0.231817,-0.326762,0.267813,0.008127,-0.211591,-0.249786,0.362795,-0.192052,-0.407896,0.031234,-0.184363,-0.24994,-0.335254,0.207614,0.375,0.0,0.149857,0.207614,-0.37501,0.236525,-0.327241,-0.327239,0.064984,-0.17901,-0.40755,-0.211591,-0.211591,-0.176279,-0.249935,-0.407856,-0.385764,-0.079415,0.314879,-0.091894,0.228527,0.17312,0.260829,-0.302756,-0.098543,-0.501357,0.166754,0.078008,0.666667,-0.484922,0.021137,-0.171602,0.207614,-0.474425,-0.40814,-0.32716,0.626437,0.102061,-0.19975,0.284555,-0.087393,-0.499056,-0.629973,0.124011,-0.25,-0.082245,0.362048,0.284555,0.362048,0.011355,0.218218,0.427125,-0.327154,0.293788,-0.092351,0.303235,0.352929,-0.166667,0.510978,0.285133,0.276076,-0.407971,-0.095274,0.116405,0.116563,-0.087393,0.452262,0.011355,0.017228,-0.32716,0.124011,0.218218,0.124184,-0.25,-0.204642,0.612372,-0.351112,0.375,-0.248719,-0.327154,-0.239634,-0.137275,0.109195,-0.327154,-0.629973,-0.404203,0.313767,-0.762001,-0.499309,0.234276,0.372392,-0.32716,-0.351112,-0.249873,0.293788,-0.235544,0.229081,0.218218,0.666667,-0.249461,-0.408024,-0.761685,-0.19975,-0.19975,0.228395,0.306506,-0.499613,0.388883,0.0,0.350691,0.522323,0.109195,-0.082245,0.276076,-0.25,0.228395,-0.996345,-0.499604,-0.090348,0.188767,0.208029,0.109195,0.400773,-0.408046,0.124011,0.285133,-0.046424,0.216998,-0.249873,0.190975,-0.166667,0.763763,-0.006653,-0.3943,-0.166667,-0.195142,-0.141808,0.011355,-0.166667,-0.013113,-0.407844,-0.407971,-0.126622,0.327323,0.26503,-0.40475,0.227621,-0.281014,-0.485541,0.3714,-0.035885,0.327323,0.218071,-0.228159,0.013683,0.36193,0.113601,-0.248719,0.0795,0.362613,-0.152351,0.124184,#
5,0.009564,-0.332311,-0.343528,0.339218,-0.407746,1.0,0.013945,0.212017,0.200634,0.340814,0.183743,-0.047786,0.124998,0.234603,0.235102,0.057177,0.131136,0.12803,0.533215,0.345761,0.007531,-0.261392,0.545401,0.381608,-0.060115,0.816945,-0.127088,0.410261,0.554817,0.100398,-0.519938,0.49997,0.175634,0.37239,-0.302104,0.072706,-0.048912,0.250706,-0.407746,0.0,-0.239437,0.250706,0.182315,-0.013755,0.333162,-0.078174,0.235417,0.085751,0.19695,0.140032,0.140032,-0.003641,0.61226,0.181352,-0.072892,0.337145,0.092524,0.242988,-0.452564,0.286378,-0.128265,-0.111945,0.272635,0.167297,-0.598979,-0.446729,-0.271831,0.157465,-0.302536,-0.256813,0.250706,0.136549,0.157839,-0.063117,-0.665516,0.150453,0.515116,-0.133876,-0.134313,0.819595,0.258366,-0.294129,0.12154,0.657249,0.074595,0.378201,0.065784,-0.00552,-0.071866,-0.150624,-0.080708,0.392635,-0.150624,-0.652409,0.055154,0.433884,-0.38711,-0.611492,-0.079264,-0.221189,-0.154145,0.144217,0.198339,-0.134313,-0.172585,-0.414197,0.036203,-0.063117,0.122615,-0.106089,-0.239824,0.572413,0.112617,-0.233686,0.392635,-0.407746,0.168787,-0.089588,0.372163,-0.115274,0.186208,0.398806,0.258366,0.156035,-0.578863,0.544726,0.391522,0.051437,-0.63622,-0.063117,0.392635,-0.407538,-0.113048,0.143846,-0.415241,-0.071866,-0.271831,0.571179,-0.130602,0.529733,0.065784,0.065784,-0.063117,-0.062488,0.427196,-0.271822,0.0,0.184286,-0.814861,-0.259934,0.242668,-0.588821,0.611619,-0.533593,0.407388,0.036203,0.234112,-0.201303,-0.36806,-0.227487,-0.356302,0.59179,0.581034,-0.611492,0.34218,-0.040052,0.136592,-0.349179,0.381608,-0.533865,-0.373911,-0.180562,-0.271831,0.085492,0.410226,0.026533,-0.271831,0.064982,-0.251651,-0.221189,0.2941,0.106088,-0.042751,-0.0201,-0.080541,-0.293066,0.844704,0.085492,-0.232986,0.106088,0.241177,-0.405254,-0.412223,0.255308,0.353721,0.604938,0.211741,-0.352771,0.208462,-0.239824,#
6,0.147976,-0.313327,0.283012,-0.24428,0.0078,0.013945,1.0,-0.335973,0.413145,0.492864,-0.065207,-0.271176,-0.162521,0.265077,-0.834217,0.240477,-0.001418,0.086449,0.219662,0.222198,-0.619982,0.101392,-0.18847,-0.332806,0.205231,0.255683,-0.528279,0.190552,0.645651,-0.010969,0.297787,0.395482,-0.428379,-0.118525,-0.157695,0.017737,0.578634,0.3336,0.475808,0.0,0.505516,0.3336,0.284711,-0.004305,-0.222277,-0.233852,-0.461267,-0.687489,-0.368758,-0.213237,-0.213237,-0.689379,0.51547,-0.019088,0.467057,-0.376478,-0.143617,-0.472082,0.35928,-0.276473,0.443812,0.175086,-0.404949,0.15686,0.231186,0.340337,0.343206,-0.04272,0.213676,0.009178,0.3336,0.297787,-0.027306,-0.653285,0.001076,-0.640047,0.168857,-0.572649,0.393553,-0.218897,-0.42855,0.361863,0.495308,-0.003849,-0.228454,-0.063258,-0.245008,-0.229749,-0.653617,-0.402317,-0.202773,-0.049409,-0.854339,0.462468,-0.288233,-0.332806,-0.230557,-0.016681,-0.481263,-0.041824,-0.058337,-0.025423,-0.026367,0.022722,-0.590301,-0.606168,0.198343,-0.26039,-0.014003,-0.653617,0.448164,-0.0117,-0.231599,-0.401233,-0.572561,-0.499208,-0.038095,0.180985,0.468541,-0.037574,-0.403276,0.19767,-0.42855,-0.089249,0.064837,0.171377,0.195192,0.163244,0.408708,-0.26039,-0.049409,-0.006682,0.444679,0.213772,0.268327,-0.653617,0.343206,-0.04029,0.113922,-0.276734,0.152302,-0.733856,-0.26039,-0.463812,-0.229749,-0.0728,0.0,0.28592,-0.221777,-0.8148,-0.058837,-0.537583,-0.499208,-0.653285,-0.064651,-0.220918,0.442999,0.137817,-0.361999,-0.8148,0.119007,-0.403276,0.408846,-0.016681,-0.482333,0.486692,-0.044549,-0.317905,-0.332806,-0.211064,0.162105,-0.460109,0.291205,-0.276734,0.314138,-0.229749,0.291205,0.588518,0.393377,-0.443693,0.413572,-0.180423,-0.662707,0.508556,-0.665137,-0.213416,-0.17876,0.182853,-0.289985,-0.180423,-0.406165,-0.045612,0.177814,0.081704,0.292898,-0.49665,0.004754,0.210084,0.314717,0.448164,#
7,-0.375939,0.200792,-0.103651,0.13448,0.204257,0.212017,-0.335973,1.0,-0.444194,0.308716,-0.429127,-0.379891,0.627418,-0.027586,0.324342,0.436419,0.236704,0.31041,-0.102749,-0.415022,0.261831,-0.038138,0.465914,0.093618,-0.391274,0.158296,-0.209947,-0.364571,-0.1826,0.171014,0.195235,-0.202667,0.183618,0.436015,-0.158207,0.172926,-0.260424,-0.106016,-0.625537,0.0,0.146519,-0.106016,0.338314,-0.124051,0.069777,-0.449116,0.914214,-0.327414,0.308893,-0.047541,-0.047541,-0.284098,0.049228,-0.279325,-0.191702,-0.235683,0.652471,-0.288079,-0.11864,0.981593,-0.248781,-0.653022,-0.15746,0.110941,0.304326,-0.15502,0.136171,-0.237424,-0.378855,0.071354,-0.106016,0.152484,-0.493747,0.268875,0.333385,-0.109437,-0.208146,-0.194347,-0.105616,0.265507,-0.094558,-0.478257,-0.593622,0.355181,0.497893,-0.132591,0.442111,-0.23396,0.295293,0.474828,0.267294,-0.170511,-0.17655,-0.177703,-0.22828,0.178725,-0.199566,-0.02184,0.815492,-0.29761,-0.257647,0.216961,-0.272313,0.526592,0.361818,0.357463,-0.213479,-0.400949,0.135395,0.239577,0.333375,-0.019149,-0.076632,0.359609,-0.170511,0.204257,0.237848,-0.47162,-0.265871,-0.179388,0.384743,-0.386484,-0.094558,0.225456,-0.239283,-0.249679,0.236971,-0.091715,0.059288,-0.400949,-0.170511,0.204153,-0.106477,-0.157777,-0.05069,0.295293,0.136171,-0.009741,-0.275669,-0.24237,-0.23524,-0.262334,-0.400949,-0.26738,-0.207868,0.575888,0.0,0.438594,-0.257153,0.282027,-0.255286,-0.014097,0.204257,0.240506,-0.177703,-0.213479,0.325786,0.58221,0.153549,0.334852,-0.161604,0.35833,0.240938,-0.02184,0.910311,-0.185816,-0.568712,0.179552,0.093618,0.267435,-0.19499,0.442963,-0.970221,-0.213439,-0.059601,-0.181776,-0.970221,-0.160031,-0.507012,-0.322907,0.351878,0.651865,0.315139,-0.127884,0.253534,-0.070444,0.292567,-0.213439,-0.126439,0.651865,-0.08618,-0.583833,-0.409452,0.403698,-0.024257,0.197437,0.34439,-0.111099,-0.112157,0.333375,#
8,-0.022152,-0.409423,-0.324605,0.336935,-0.407434,0.200634,0.413145,-0.444194,1.0,-0.038693,0.117876,0.297403,-0.745106,-0.476911,-0.188386,-0.361109,-0.40735,-0.18363,0.088591,-0.003292,-0.025877,-0.085421,-0.313049,-0.271623,0.363633,0.416219,-0.16812,0.42714,0.089658,-0.407085,0.145541,0.500791,0.141343,0.068083,-0.354694,-0.407336,0.447863,0.172562,0.081487,0.0,-0.222678,0.172562,-0.061117,0.390292,0.332242,0.325833,-0.43528,0.005304,0.19926,-0.341389,-0.341389,0.07918,0.652556,0.588454,0.384883,-0.069281,-0.312628,0.192088,0.271052,-0.367826,-0.107789,0.322456,0.241568,0.043124,-0.016542,0.396228,-0.271623,0.34866,0.597101,0.327609,0.172562,0.145541,0.552701,-0.098589,-0.260383,-0.482358,0.487294,-0.1855,0.236429,-0.000946,0.216227,0.529323,0.631523,-0.173291,0.072229,0.346653,-0.834198,0.387688,-0.106691,-0.997119,0.3804,-0.143639,-0.206949,0.375352,0.010091,-0.271623,-0.045756,-0.117335,-0.598754,0.132977,0.184385,0.125208,0.158623,-0.150973,-0.503661,-0.414521,-0.002808,0.311863,-0.279098,-0.106691,-0.222627,0.101859,0.069734,-0.266135,0.360849,0.081487,-0.405346,-0.114838,-0.179886,0.279653,0.16953,0.355792,0.216227,0.133776,-0.095565,0.069337,0.008616,-0.241813,0.25704,0.311863,0.360849,0.095407,0.360849,-0.312745,0.216227,-0.106691,-0.271623,0.071745,0.223363,0.501668,0.020346,0.020346,-0.122733,-0.103235,0.387688,-0.25351,0.0,-0.277334,-0.037011,-0.260383,0.630934,-0.657591,-0.407434,-0.098589,0.375352,0.401496,-0.14158,-0.166126,-0.433037,-0.260383,-0.0,0.16953,0.162647,-0.117335,-0.316253,-0.063929,0.067483,-0.419258,-0.271623,-0.106691,-0.042283,-0.398416,0.380272,0.501668,0.392886,0.387688,0.380272,0.024575,0.150126,0.132977,-0.116213,-0.33785,-0.554103,0.44388,-0.555285,0.113454,0.034817,0.058476,-0.111118,-0.33785,0.199332,0.55225,-0.021185,-0.181581,0.274345,-0.405346,-0.212701,-0.359673,-0.282432,-0.222627,#
9,-0.352989,-0.295494,0.351394,-0.337656,-0.173822,0.340814,0.492864,0.308716,-0.038693,1.0,-0.551073,-0.781361,0.308282,0.341813,-0.317548,0.341412,-0.181493,0.569762,0.106977,-0.030347,-0.488553,-0.119551,0.283526,0.308076,-0.270201,0.205904,-0.505974,-0.316498,0.45714,0.482113,-0.164222,-0.068394,-0.253385,0.002185,-0.178896,0.483611,0.592568,-0.010563,-0.173822,0.0,0.577701,-0.010563,0.417607,-0.454754,0.154935,-0.782468,0.235833,-0.526006,0.245225,-0.041623,-0.041623,-0.629669,0.505243,-0.517521,0.034145,-0.159391,0.001124,-0.614742,0.380652,0.369368,0.564434,0.015113,-0.540259,0.240658,0.171885,0.309994,0.166756,-0.454467,0.088179,-0.266896,-0.010563,0.545669,-0.547786,-0.461956,-0.194046,-0.404997,-0.054199,-0.552528,-0.21687,0.395996,-0.230824,-0.213206,-0.025437,0.506686,-0.206633,-0.36795,0.251728,-0.319455,-0.782678,0.062058,0.033928,0.018349,-0.722961,0.025956,-0.550522,-0.39852,-0.852153,0.05198,0.034693,-0.538654,-0.585955,-0.224053,-0.521852,0.085464,-0.465286,-0.041208,-0.09904,-0.78228,0.543879,-0.320102,0.595784,0.462113,-0.167524,-0.630011,-0.419107,-0.59778,-0.096244,0.169427,0.430638,-0.434586,-0.528339,-0.292549,-0.230824,-0.186128,-0.531135,0.393051,0.855211,0.321802,0.08061,-0.78228,0.018349,-0.06235,-0.36321,0.217461,-0.376504,-0.782678,0.166756,0.461117,-0.36797,-0.09725,-0.072195,-0.597246,-0.78228,-0.539706,-0.319455,0.289226,0.0,0.806857,-0.553414,-0.238878,-0.605115,-0.516315,-0.067833,-0.461956,0.13615,-0.449623,0.979626,0.629348,-0.338029,-0.677455,-0.574416,-0.089762,0.246453,0.05198,0.255075,0.638467,-0.597475,-0.292047,0.308076,-0.412617,-0.422041,-0.1003,-0.39852,-0.57763,0.321321,-0.752712,-0.39852,0.048698,0.23754,-0.67307,0.987865,-0.012951,-0.47898,0.093234,0.02497,-0.510018,0.440791,-0.193326,-0.762817,-0.012951,-0.3838,-0.607176,-0.014271,0.654208,-0.053241,-0.019556,0.58556,0.314675,0.28592,0.595784,#
10,0.833718,-0.395803,-0.396099,0.356199,0.111889,0.183743,-0.065207,-0.429127,0.117876,-0.551073,1.0,0.352467,-0.302362,0.180724,0.291561,-0.37014,0.141648,-0.660283,0.516983,0.416721,0.442104,-0.27354,0.123756,-0.271731,0.328325,0.342107,0.377183,0.807594,0.063584,-0.407247,-0.086538,0.208747,0.192051,-0.387165,-0.319989,-0.407498,-0.607488,0.165927,0.071929,0.0,-0.23122,0.165927,-0.341669,0.409255,-0.091749,0.360699,-0.222286,0.501512,-0.664463,0.098081,0.098081,0.554464,0.081694,0.149943,-0.062714,0.614978,-0.347546,0.667625,-0.466544,-0.355222,-0.098124,0.322938,0.248213,-0.585895,-0.736353,-0.360142,-0.271731,0.144079,-0.324797,0.123823,0.165927,-0.782416,0.577455,-0.053873,-0.235353,0.598701,0.049489,0.379789,-0.164834,0.008162,0.260589,0.098355,0.071929,-0.164139,0.109355,0.379789,0.109355,-0.019602,0.390659,-0.117355,-0.533387,0.394231,0.259066,-0.151871,0.502173,0.447556,0.407659,-0.62895,-0.54787,0.167685,0.656867,0.160015,0.603665,-0.54479,-0.154218,-0.389857,0.006058,0.348691,-0.28676,-0.080225,-0.665252,0.091909,-0.357434,0.199028,0.394231,0.111889,0.179984,-0.123089,0.045732,-0.095149,0.211101,0.365647,0.260589,0.171958,0.468807,0.07105,-0.438488,-0.267122,-0.303219,0.348691,-0.141795,-0.407388,0.394231,-0.241179,0.260589,0.390659,-0.271731,0.062391,0.401684,0.06017,0.049489,0.516442,0.810456,0.457262,-0.003267,-0.71572,0.0,-0.482256,-0.019602,-0.235353,0.658434,-0.08622,0.131869,-0.071633,-0.131099,0.006058,-0.608311,-0.645697,-0.377255,0.211101,0.48995,-0.218818,0.17198,-0.62895,-0.2612,-0.150481,0.612794,-0.405095,-0.271731,-0.080225,-0.008719,-0.357985,0.367635,0.531066,0.380802,0.421437,0.367635,-0.019283,0.134202,0.167685,-0.593121,-0.320893,0.409103,-0.11807,-0.110969,0.071664,-0.009313,0.531066,0.472066,-0.320893,0.243391,0.048085,0.38975,-0.247059,0.229784,0.082402,-0.678362,-0.36815,-0.272742,-0.665252,#
11,0.222509,0.212246,-0.564233,0.571917,-0.326776,-0.047786,-0.271176,-0.379891,0.297403,-0.781361,0.352467,1.0,-0.478325,-0.475134,0.147808,-0.181074,0.256507,-0.529359,-0.120331,0.224847,0.270655,0.501375,-0.475308,-0.217851,-0.005832,0.045835,0.307965,0.207556,-0.058188,-0.326496,-0.009001,0.303196,0.411351,0.264506,0.453263,-0.326698,-0.212725,0.084584,0.182485,0.0,-0.524263,0.084584,-0.203709,0.312509,0.040687,0.996782,-0.318806,0.3641,-0.08302,-0.058188,-0.058188,0.453824,-0.326691,0.80883,0.357452,-0.097856,-0.009002,0.544555,-0.53858,-0.423509,-0.790499,0.000217,0.505117,0.296221,-0.146951,-0.470756,-0.217851,0.899924,-0.086594,0.152309,0.084584,-0.009001,0.803615,0.572028,-0.07678,0.142067,0.447803,0.342961,0.54742,-0.173571,0.260546,0.345543,0.182485,-0.313932,0.015471,0.342961,-0.48044,0.191211,0.553798,-0.323534,0.072196,-0.214448,0.534782,-0.228698,0.43609,0.546042,0.645025,-0.244432,-0.158259,0.814236,0.53587,0.410024,0.35122,0.143902,0.28406,-0.202005,0.218458,0.999557,-0.532599,0.053713,-0.533343,-0.326776,0.43676,0.384625,0.354818,0.224924,0.296698,0.008117,-0.065456,0.651529,0.397361,0.527162,0.260546,0.478721,0.363848,-0.032338,-0.65265,-0.396367,-0.294134,0.999557,0.354818,0.240564,0.354818,0.064328,0.260546,0.553798,-0.217851,-0.326072,0.444353,0.459813,0.447803,0.447803,0.509157,0.354675,0.6596,-0.45361,0.0,-0.931808,0.191211,-0.07678,0.559652,0.33202,0.246143,0.062767,0.366946,0.674676,-0.799403,-0.733804,0.233392,0.397361,0.46755,0.397361,-0.045411,-0.244432,-0.316801,-0.822158,0.756837,0.203857,-0.217851,0.053713,0.659842,0.271752,0.461165,0.459813,-0.229799,0.6596,0.461165,0.207677,-0.13202,0.814236,-0.802424,-0.016669,0.093836,0.318346,-0.428778,0.483212,-0.215947,-0.040286,0.706933,-0.016669,0.246413,0.743202,-0.26259,-0.900864,0.173909,0.193065,-0.529245,-0.563971,0.017457,-0.533343,#
12,-0.1941,0.553144,0.518876,-0.504429,0.326867,0.124998,-0.162521,0.627418,-0.745106,0.308282,-0.302362,-0.478325,1.0,0.671417,-0.098412,0.671739,0.348129,0.516063,0.143144,-0.227917,-0.206303,-0.084784,0.540731,0.189974,-0.004718,-0.004468,-0.306096,-0.180908,0.112787,0.304876,0.035551,0.015022,-0.345583,0.209159,0.001357,0.306251,-0.362894,-0.069602,-0.217911,0.0,0.05083,-0.069602,0.511262,-0.242344,-0.535044,-0.511411,0.421557,-0.390629,0.072996,0.556134,0.556134,-0.469319,-0.185364,-0.33942,-0.315746,0.001253,0.528645,-0.505374,-0.211537,0.532444,0.183629,-0.534081,-0.061117,0.148935,0.176948,-0.290504,0.217911,-0.429852,-0.585086,-0.129031,-0.069602,0.007484,-0.788101,-0.055461,0.082656,0.07185,-0.373963,-0.299307,-0.05469,0.247848,-0.174718,-0.779817,-0.196958,0.389165,0.089567,-0.258763,0.542633,-0.213746,-0.029263,0.783497,-0.065807,0.271693,-0.096946,-0.302073,-0.380489,0.245848,-0.186176,0.19596,0.749685,-0.338021,-0.480304,-0.312196,0.135794,0.360368,0.394207,0.174536,0.245076,-0.495215,0.086316,-0.065841,0.533491,-0.238864,0.05135,0.10607,-0.290431,-0.217911,0.347932,-0.05737,0.124644,-0.140574,0.116373,-0.001476,-0.174718,-0.320007,-0.359369,0.083024,0.225487,0.361278,-0.101343,-0.495215,-0.290431,-0.233357,-0.248392,0.478671,-0.145918,-0.029263,0.217911,-0.207602,-0.194311,-0.403289,-0.391751,-0.409539,-0.010968,-0.372488,-0.196615,0.450714,0.0,0.567797,-0.228972,0.048938,-0.472473,0.205042,0.326867,-0.074086,-0.302073,-0.205417,0.359272,0.261994,0.511013,0.083619,-0.322461,0.099033,0.155607,0.19596,0.445115,0.22412,-0.180702,0.535541,0.189974,-0.047552,-0.176412,0.235295,-0.508459,-0.384296,-0.478334,-0.179485,-0.508459,0.280902,-0.371997,-0.354629,0.353225,0.541352,0.465831,-0.292019,0.426141,0.038754,0.240909,0.109527,-0.100454,0.541352,-0.161155,-0.73147,-0.227758,0.422535,-0.143337,0.321401,0.544592,0.515185,0.484364,0.533491,#
13,0.259331,0.113718,0.58746,-0.605003,0.218669,0.234603,0.265077,-0.027586,-0.476911,0.341813,0.180724,-0.475134,0.671417,1.0,-0.332524,0.465433,0.251359,0.3336,0.476365,0.230908,-0.383968,-0.221811,0.508676,0.102903,0.261549,0.176309,-0.222767,0.285589,0.482279,0.185162,-0.166563,0.200922,-0.482698,-0.24025,-0.148765,0.187097,-0.243843,0.021364,0.154355,0.0,0.168267,0.021364,0.360171,-0.134626,-0.622744,-0.463362,-0.135414,-0.241143,-0.34929,0.618363,0.618363,-0.360139,0.06246,-0.365383,-0.175729,0.375913,-0.051587,-0.361596,-0.209685,-0.049154,0.577063,0.044318,-0.152528,-0.073805,-0.259631,-0.250516,0.145779,-0.452769,-0.500633,-0.253525,0.021364,-0.209642,-0.50247,-0.455441,-0.335026,0.225798,-0.266893,-0.254384,-0.164871,0.293197,-0.165994,-0.552069,0.186512,0.389309,-0.210688,-0.19216,0.484646,-0.297662,-0.415422,0.509908,-0.471312,0.631546,-0.235502,-0.239229,-0.286398,0.188656,-0.262039,-0.080688,0.02076,-0.368837,-0.330272,-0.461169,0.358341,-0.139391,-0.124103,-0.297662,0.413354,-0.482437,0.157387,-0.471561,0.356897,-0.006432,-0.133688,-0.299321,-0.231161,-0.617418,0.252449,0.201991,0.540258,-0.245921,-0.283279,0.287772,-0.165994,-0.500724,-0.222837,0.454137,0.264458,0.417865,-0.229922,-0.482437,-0.231161,-0.640979,-0.166643,0.607023,-0.121795,-0.415422,0.145779,0.00302,-0.022609,-0.302183,-0.294192,-0.321492,0.260751,-0.251009,-0.271372,-0.125763,0.0,0.478598,-0.321031,-0.386773,-0.316465,-0.072115,0.218669,-0.484025,-0.239229,-0.278032,0.359724,-0.122376,0.085627,-0.333548,-0.268776,-0.309892,0.263729,-0.080688,-0.128983,0.585298,0.189171,0.101727,0.102903,-0.443492,-0.264583,-0.263736,0.060027,-0.273033,-0.120107,-0.245082,0.060027,0.429759,0.117946,-0.394325,0.343917,-0.033682,0.28636,-0.1948,0.227275,-0.130456,0.279796,0.484852,-0.185557,-0.033682,-0.156594,-0.693912,0.204519,0.397266,-0.096708,0.211731,0.325867,0.583514,0.590515,0.356897,#
14,0.037708,-0.246849,-0.602707,0.551575,-0.095334,0.235102,-0.834217,0.324342,-0.188386,-0.317548,0.291561,0.147808,-0.098412,-0.332524,1.0,-0.401992,-0.065709,-0.242358,-0.074112,-0.044415,0.827259,-0.241931,0.329702,0.254225,-0.338473,0.070091,0.594637,0.002453,-0.53321,-0.096722,-0.349416,-0.449589,0.672521,-0.033375,-0.149611,-0.124901,-0.518482,-0.326579,-0.611728,0.0,-0.2636,-0.326579,-0.401209,0.111335,0.51602,0.105272,0.586482,0.753998,0.218131,-0.07867,-0.07867,0.798327,-0.125296,-0.123128,-0.360888,0.540507,-0.101774,0.618833,-0.352617,0.374707,-0.383054,0.070193,0.180975,-0.36821,-0.480147,-0.289415,-0.407819,0.003173,-0.176658,-0.007011,-0.326579,-0.376021,0.252846,0.551997,-0.143732,0.671356,-0.074189,0.611507,-0.613754,0.402561,0.446795,-0.182592,-0.611728,0.148788,0.36519,0.131118,0.347338,0.027784,0.568632,0.180304,0.092167,0.100647,0.609511,-0.417799,0.371683,0.307188,0.045859,-0.390754,0.14127,-0.114829,0.210925,0.25524,-0.114829,-0.220322,0.208394,0.411171,-0.391254,0.135155,0.199293,0.53396,-0.599092,0.381337,-0.064243,0.28217,0.633483,0.421059,-0.026586,-0.350676,-0.384448,-0.188175,0.300065,-0.314689,0.446795,0.299382,0.029749,-0.087779,-0.031734,-0.394577,-0.435764,0.135155,0.100647,-0.080539,-0.362738,-0.514713,-0.235682,0.568632,-0.407819,0.380515,-0.12401,0.365673,-0.074189,0.811512,0.135155,0.544637,0.044022,-0.187131,0.0,-0.24627,0.005232,0.655286,0.205726,0.14127,0.421059,0.534342,0.119076,0.035768,-0.309413,-0.083981,-0.204633,0.68816,-0.062362,0.283628,-0.165702,-0.390754,0.570926,-0.421174,-0.060121,-0.24668,0.254225,0.100551,-0.368264,0.27065,-0.407819,0.383677,0.259637,0.060259,-0.407819,-0.785257,-0.187927,0.278737,-0.260064,-0.065877,0.546236,-0.398191,0.51176,-0.06454,0.385739,-0.084417,0.120308,-0.065877,0.420613,-0.101775,-0.010001,0.076,-0.211023,0.415309,-0.177055,-0.53225,-0.599731,-0.599092,#
15,-0.19592,0.387934,0.241909,-0.204581,-0.003814,0.057177,0.240477,0.436419,-0.361109,0.341412,-0.37014,-0.181074,0.671739,0.465433,-0.401992,1.0,0.511275,0.463591,-0.107064,-0.144379,-0.19844,0.518118,0.249261,-0.333062,-0.193171,0.250151,-0.448337,-0.178707,0.29179,-0.022157,0.388681,0.163088,0.002839,0.263425,0.136093,0.005906,-0.079116,-0.304041,-0.003814,0.0,0.358301,-0.304041,0.757035,0.065247,-0.65395,-0.210824,0.206195,-0.721416,-0.019457,0.258867,0.258867,-0.643153,0.025755,0.008418,0.488576,-0.320822,0.268358,-0.77728,-0.321884,0.374322,-0.072046,-0.250503,-0.393913,0.590388,0.479781,-0.303248,0.327977,0.045907,-0.519349,0.100221,-0.304041,0.388681,-0.399688,0.204056,-0.017622,-0.411019,-0.176353,-0.493768,0.426164,0.215465,-0.337226,-0.392674,0.015255,0.426214,0.228345,-0.456871,0.212157,-0.600883,-0.204725,0.380727,0.194635,0.018692,-0.420526,-0.015199,-0.620842,0.353401,-0.181508,-0.043496,0.467472,0.00978,-0.370854,0.032851,0.024894,0.803891,0.006898,-0.247524,0.611721,-0.196146,-0.009819,-0.65412,0.802954,-0.499593,0.214455,0.009342,-0.492873,-0.499593,0.510139,-0.22957,0.309836,0.342955,0.013063,0.253179,-0.337226,0.023241,-0.080742,0.232482,0.190421,-0.151295,0.119295,-0.196146,0.018692,-0.01797,0.037274,0.626795,0.344215,-0.204725,0.327977,-0.498516,0.133424,-0.206555,-0.192541,-0.654373,-0.196146,-0.596926,-0.179971,0.10763,0.0,0.246963,-0.225006,-0.442826,-0.374057,-0.028185,0.015255,-0.253587,0.004626,0.201746,0.405199,0.091571,0.303207,-0.016745,-0.183622,0.013063,0.458615,-0.043496,0.188377,-0.029156,0.029949,0.338796,-0.333062,-0.221369,0.206922,0.400595,-0.333062,-0.206555,-0.324986,-0.179971,-0.333062,0.62289,-0.021239,-0.005334,0.376251,0.238008,0.209079,0.508355,-0.231451,0.246588,0.201959,0.242853,-0.070343,0.238008,-0.316318,-0.488173,-0.225746,0.048283,-0.298384,-0.031388,0.390303,0.186738,0.568042,0.802954,#
16,0.024041,0.212567,-0.200634,0.227929,0.363561,0.131136,-0.001418,0.236704,-0.40735,-0.181493,0.141648,0.256507,0.348129,0.251359,-0.065709,0.511275,1.0,0.126464,-0.191651,0.552561,0.032735,0.485922,0.354152,-0.166632,-0.32696,0.198517,0.292099,-0.003324,0.360015,-0.249734,0.078631,0.133827,0.136417,0.518445,0.354754,-0.249888,-0.346727,0.101898,0.363561,0.0,0.139811,0.101898,-0.056808,0.286638,-0.327174,0.220423,0.101591,-0.25145,-0.407466,-0.180008,-0.180008,-0.209459,-0.249883,0.101034,0.273656,-0.210597,0.335148,-0.062097,-0.643896,0.205719,-0.40217,-0.324398,-0.110091,0.335435,-0.025041,-0.778734,0.651381,0.379821,-0.519997,-0.409977,0.101898,0.078631,0.105934,0.238447,0.09977,0.111315,0.361973,0.284496,0.436873,0.032701,-0.614227,0.114324,-0.249948,0.44638,0.361973,0.284496,0.361973,-0.49951,0.22809,0.427037,-0.327086,0.293727,-0.082889,-0.358295,0.352856,0.681677,0.510872,-0.368005,0.276019,0.126074,-0.065668,0.640096,0.126074,0.436873,0.452166,-0.49951,0.533949,0.238447,0.114324,-0.327259,0.114484,-0.249948,0.353399,0.612246,-0.339317,-0.249948,0.441847,-0.327086,0.413828,0.425918,0.118575,0.249318,-0.614227,0.165604,0.287521,-0.180072,-0.499206,-0.16325,-0.296656,0.238447,0.293727,-0.249821,0.293727,0.389764,0.229034,0.22809,0.651381,-0.24941,-0.186378,-0.184803,0.361973,-0.189497,0.238447,0.280441,0.020641,-0.176727,0.0,-0.091965,0.002064,-0.407962,-0.072617,0.276019,0.386284,-0.327093,-0.334671,0.026619,-0.099804,-0.387749,0.207986,0.118575,0.40069,0.118575,0.655351,-0.368005,-0.040507,-0.419494,0.404256,0.190935,-0.166632,0.208256,0.492787,0.087445,-0.166632,-0.184803,-0.141779,0.020641,-0.166632,0.479106,-0.40776,0.126074,-0.135076,0.327254,0.275299,0.228391,-0.305803,-0.174727,0.008826,0.371323,0.185368,0.327254,0.218026,-0.228112,-0.499335,-0.179315,0.114517,0.326761,0.071053,-0.21025,0.418879,0.114484,#
17,-0.80936,0.27082,0.535146,-0.529878,0.136332,0.12803,0.086449,0.31041,-0.18363,0.569762,-0.660283,-0.529359,0.516063,0.3336,-0.242358,0.463591,0.126464,1.0,-0.391706,-0.046843,-0.405547,-0.0248,0.525572,0.291376,-0.045746,-0.026619,-0.077637,-0.36973,0.093667,0.031606,-0.092656,-0.023615,-0.247907,0.385927,-0.009809,0.007782,0.33314,-0.286374,0.136332,0.0,0.139901,-0.286374,0.194478,0.010907,-0.157743,-0.530109,0.034396,-0.366986,0.546663,0.058372,0.058372,-0.455549,0.147341,-0.227803,-0.046933,-0.07058,0.082799,-0.653833,0.248022,0.259876,0.377706,-0.064358,-0.186964,0.383971,0.340486,0.121155,0.451767,-0.374931,0.237089,-0.413638,-0.286374,0.47133,-0.661164,-0.092373,-0.213025,-0.325752,0.090908,-0.123228,-0.107931,0.381977,-0.454076,-0.199754,0.136332,0.673322,0.154984,-0.103831,0.073888,-0.047169,-0.530251,0.217926,0.379214,0.415008,-0.231998,-0.007875,-0.375689,-0.269991,-0.371864,0.401304,0.387052,-0.66089,-0.99034,-0.206307,-0.231826,0.305102,0.091882,-0.06265,0.468172,-0.529982,0.57691,-0.16275,0.654543,0.016039,0.51989,-0.219355,-0.143546,-0.404986,-0.40291,-0.148537,0.146403,0.194456,-0.237913,-0.066801,-0.454076,-0.654786,-0.65332,0.068238,0.396183,0.316884,0.069215,-0.529982,0.415008,-0.40478,-0.527408,0.431236,-0.288734,-0.530251,0.451767,0.040717,-0.66685,0.057449,-0.368638,-0.412691,-0.529982,-0.209752,-0.047169,0.398294,0.0,0.702263,0.035696,0.094852,-0.557238,-0.134089,0.016039,-0.092373,-0.132939,0.02054,0.669033,0.274304,0.256614,-0.253583,-0.720604,0.110522,0.234988,0.401304,0.09084,0.412433,-0.40478,0.262522,0.291376,-0.05775,-0.389561,-0.137868,-0.269991,-0.324197,-0.27521,-0.391378,-0.269991,0.059729,-0.250154,-0.247717,0.653199,0.075249,-0.111736,-0.024074,0.303133,-0.308231,0.388862,0.16649,-0.78478,0.075249,0.272664,-0.404844,-0.409633,0.638096,-0.386608,0.054036,0.982041,0.534267,0.412963,0.654543,#
18,0.657971,-0.203021,0.039301,-0.043238,-0.157816,0.533215,0.219662,-0.102749,0.088591,0.106977,0.516983,-0.120331,0.143144,0.476365,-0.074112,-0.107064,-0.191651,-0.391706,1.0,0.06212,-0.138465,-0.51423,0.118849,0.113978,0.440682,0.493365,-0.452741,0.674549,0.468978,0.276266,-0.213851,0.535459,-0.320335,-0.257892,-0.427837,0.282643,-0.26285,0.516954,-0.311248,0.0,-0.236575,0.516954,0.311253,-0.233469,-0.089485,-0.116571,-0.021651,0.029677,-0.332706,0.526116,0.526116,-0.067551,0.390949,0.039125,-0.296314,0.364356,0.097787,0.273723,-0.213052,-0.058802,0.204672,-0.124945,0.322624,-0.320152,-0.565995,-0.133139,-0.49975,-0.137301,-0.441313,0.179683,0.516954,-0.390019,0.030472,-0.493905,-0.288321,0.243391,-0.064799,-0.424125,-0.10676,0.220199,0.481031,-0.455515,0.280561,-0.094153,-0.318741,0.148444,0.076401,0.157495,0.013393,-0.057286,-0.4746,0.171008,-0.160522,-0.294728,-0.053527,0.230879,-0.242118,-0.361238,-0.243416,0.035769,0.365174,-0.354144,0.549821,-0.454113,-0.269636,-0.197914,-0.240363,-0.125885,-0.416166,-0.063137,-0.289204,0.258643,-0.517927,-0.293506,0.171008,-0.157816,0.364367,0.298748,0.224998,-0.507357,0.182304,0.396934,0.481031,0.085598,-0.186615,0.464321,0.232277,0.305365,-0.289237,-0.125885,-0.439645,-0.195917,0.251423,0.043854,-0.15164,0.013393,-0.49975,0.252939,0.41204,-0.046471,-0.083407,-0.035245,0.400168,-0.293812,0.121655,-0.19775,0.0,0.081253,-0.675773,-0.352818,0.367342,-0.391129,0.258643,-0.454938,0.138249,-0.240363,-0.054596,-0.119824,-0.243408,-0.280259,0.038531,0.073466,0.133683,-0.361238,0.081405,0.267966,0.239733,-0.205457,0.113978,-0.464916,-0.226422,-0.272416,0.084753,0.072741,0.253826,0.229173,0.084753,0.253843,0.065597,-0.415943,-0.0104,0.120533,0.067718,-0.245153,-0.049019,0.068426,0.244636,0.072741,0.251594,0.120533,-0.285462,-0.306283,0.241976,0.062967,0.546173,0.249387,-0.312264,0.02061,0.133129,-0.289204,#
19,0.223903,-0.365017,-0.228901,0.213848,0.048474,0.345761,0.222198,-0.415022,-0.003292,-0.030347,0.416721,0.224847,-0.227917,0.230908,-0.044415,-0.144379,0.552561,-0.046843,0.06212,1.0,-0.179403,0.151597,0.204668,0.23429,-0.231898,0.201605,0.496999,0.204915,0.624287,-0.056953,-0.523526,0.135506,0.02118,0.146923,0.293679,-0.081008,0.079368,0.315334,0.55341,0.0,0.110885,0.315334,-0.492832,0.071976,0.171345,0.236924,-0.358055,0.202996,-0.45145,-0.283083,-0.283083,0.10504,-0.002225,-0.002972,0.109764,0.167116,-0.240465,0.350612,-0.383817,-0.351107,0.00587,0.242322,-0.040934,0.084834,-0.587616,-0.543462,0.39587,0.330238,-0.087205,-0.751017,0.315334,0.044641,0.429608,-0.201376,-0.359654,0.359498,0.643898,0.479324,0.065427,0.159587,-0.409939,0.441114,0.008079,0.412721,-0.166018,0.479324,0.215238,-0.256309,-0.209794,0.009513,-0.650195,0.497047,-0.047378,-0.450769,0.626388,0.34201,0.241612,-0.498726,-0.480739,0.013184,0.00372,0.446706,0.013184,-0.334665,-0.014616,-0.646185,0.269921,0.222521,0.396268,-0.280313,-0.346562,0.432225,0.226552,0.046175,-0.065648,-0.496857,0.053705,0.166107,0.734624,0.087614,-0.393084,0.2393,-0.409939,0.000502,0.145695,0.181608,-0.253899,0.099679,-0.590736,0.222521,0.497047,-0.496604,0.059396,0.28466,-0.243373,-0.209794,0.39587,0.426552,-0.309694,0.167521,0.643898,0.153713,0.222521,0.585221,0.156501,-0.573596,0.0,-0.110728,-0.157235,-0.459945,-0.003987,0.005376,0.432225,-0.650208,-0.051797,-0.18103,-0.013925,-0.570365,-0.312297,-0.393084,0.253891,-0.042066,0.464969,-0.498726,-0.480073,-0.033309,0.512754,-0.346514,0.23429,-0.174535,0.220033,-0.421766,0.34201,-0.216954,0.335062,-0.19026,0.34201,0.203821,0.01318,0.013184,-0.033058,-0.230945,-0.204329,0.036242,-0.279175,-0.607513,0.144878,0.277371,-0.093063,-0.230945,0.3185,-0.009694,-0.191135,-0.105723,0.27667,0.422703,-0.052881,-0.213756,0.345456,-0.346562,#
20,0.230252,-0.285451,-0.702241,0.664427,0.003873,0.007531,-0.619982,0.261831,-0.025877,-0.488553,0.442104,0.270655,-0.206303,-0.383968,0.827259,-0.19844,0.032735,-0.405547,-0.138465,-0.179403,1.0,-0.043033,0.208877,-0.333053,-0.203343,0.19488,0.495226,0.195951,-0.634567,-0.499152,0.167303,-0.363946,0.813634,-0.158034,-0.309556,-0.49946,-0.641225,-0.479201,-0.49958,0.0,-0.101664,-0.479201,-0.245923,0.494026,0.201674,0.229365,0.496285,0.520824,-0.038698,-0.191419,-0.191419,0.721708,-0.025364,0.037908,0.034397,0.422033,-0.205122,0.453236,-0.383114,0.323104,-0.492504,0.185682,-6.4e-05,-0.407522,-0.237876,-0.211672,-0.333053,0.108039,-0.221346,0.391904,-0.479201,-0.507098,0.404571,0.664863,0.017895,0.417382,-0.21254,0.485982,-0.361461,0.181224,0.346881,-0.020217,-0.49958,-0.027847,0.650964,0.017632,0.198422,-0.175193,0.681147,0.010372,0.216555,-0.015651,0.428823,-0.021474,0.225689,0.364035,0.238247,-0.491386,0.030814,0.046044,0.442394,0.406625,0.046044,0.022112,0.028024,0.198587,-0.187967,0.258468,-0.059552,0.224795,-0.426058,-0.015491,-0.199522,0.433202,0.503832,0.507325,0.070402,-0.653758,-0.53511,0.05094,0.45057,-0.180105,0.346881,0.448416,0.405494,-0.23313,-0.247056,-0.777844,-0.060061,0.258468,-0.015651,0.018248,0.032079,-0.611813,0.346881,0.681147,-0.333053,-0.043872,0.21944,0.212677,-0.21254,0.650964,0.258468,0.392504,-0.159362,-0.333044,0.0,-0.453836,0.198587,0.396263,0.437179,0.030814,0.023236,0.647651,-0.001342,0.228354,-0.46853,-0.15498,-0.280068,0.828938,0.212153,0.03392,-0.003751,-0.491386,0.448746,-0.543139,0.038154,-0.314457,-0.333053,0.224795,-0.176117,0.294408,-0.333053,0.66904,0.308048,0.252235,-0.333053,-0.582765,-0.025271,0.429747,-0.43679,-0.190988,0.649848,-0.002873,0.176633,0.231409,0.162965,0.212677,0.304906,-0.190988,0.325619,-0.010865,0.183668,-0.107295,-0.309722,-0.024168,-0.434316,-0.659342,-0.746954,-0.426058,#
