0,1.0,0.229173,-0.326107,-0.05146,0.053884,0.647287,0.197682,0.20388,-0.029222,-0.105831,0.353895,0.258499,-0.130703,0.530875,0.005408,0.011398,0.090155,-0.217606,0.25463,-0.423954,-0.419258,-0.149369,0.08266,0.022488,0.139015,-0.244568,-0.105155,0.323061,0.372766,0.197288,0.057892,0.048614,-0.217606,-0.426978,-0.178754,-0.312442,-0.294639,0.409029,2.5e-05,0.0909,-0.165064,0.170111,0.262355,0.435312,-0.326055,-0.526246,0.204113,0.071416,0.072193,0.273792,0.283874,0.464676,0.460652,-0.42966,-0.126189,0.397247,0.214057,-0.200384,-0.289899,0.240993,0.220123,0.445952,0.255557,0.327591,0.260292,0.358865,0.010949,-0.062644,-0.700081,0.521143,0.037165,0.027999,-0.217606,0.092326,-0.461955,0.220123,-0.054669,0.540867,-0.050775,0.377401,-0.652312,0.201019,0.191341,0.509447,-0.461955,0.020389,0.1243,-0.140661,0.106988,-0.218603,-0.310688,0.075521,-0.178771,0.020389,0.534193,0.002004,-0.324735,-0.006571,-0.014801,-0.040974,-0.482507,-0.427369,0.34577,-0.081192,-0.178771,0.333192,-0.040835,-0.047908,-0.173342,0.124426,0.153079,0.507746,-0.218603,-0.427152,-0.593071,-0.532759,0.34577,0.378942,0.162554,-0.290539,0.333192,-0.016925,-0.41127,0.093614,-0.504901,0.153079,-0.120792,0.249351,0.380539,-0.217606,0.201019,0.113534,-0.333343,0.291839,-0.420087,-0.140661,0.0,-0.532759,-0.424702,-0.29653,0.0,-0.795699,-0.326242,-0.168085,0.263096,0.279029,-0.326242,-0.095118,0.400448,0.010938,0.178111,-0.218603,-0.217606,-0.022711,-0.218603,-0.022711,0.156513,-0.235801,-0.301254,0.719772,-0.460103,0.235002,-0.326408,-0.310688,-0.003372,-0.415316,0.76489,0.438345,0.145904,-0.530522,-0.039615,-0.428069,-0.427369,0.483927,0.327201,0.296146,0.333192,0.11754,0.521514,-0.461955,-0.088857,0.366266,-0.331914,0.113837,0.533062,-0.23246,0.219812,0.138817,0.015761,0.180732,0.134524,-0.441568,0.521514,-0.065892,0.026513,0.133266,0.207366,-0.179869,-0.502003,-0.326242,#
1,0.229173,1.0,0.437716,0.207598,0.147864,-0.134495,0.282903,0.292203,0.293381,0.779594,0.028753,0.087836,0.431849,0.068081,0.218645,-0.0832,-0.648762,0.633612,0.624959,0.311118,0.111544,0.591687,0.174742,0.152181,-0.64408,0.143604,0.616364,-0.089923,-0.025598,0.44761,-0.619104,0.449204,0.340727,0.182592,-0.481154,-0.924642,0.42324,0.010047,2.3e-05,-0.648728,-0.20219,0.638321,0.269626,-0.133096,-0.013215,-0.663334,0.569025,0.747299,0.661044,0.355441,0.175103,0.341224,0.238703,-0.162393,0.116501,0.338168,-0.156037,-0.552714,-0.354568,-0.128006,0.210431,0.332761,-0.385847,0.436356,-0.058389,0.198759,0.211336,0.140966,-0.162155,0.368764,0.442654,-0.08136,0.340727,0.317475,-0.306912,0.210431,-0.382529,-0.211692,-0.238812,0.046461,-0.249193,0.129147,-0.19706,-0.078437,-0.306912,0.433892,-0.432298,0.407903,-0.036576,-0.117146,0.419264,-0.507872,-0.568056,0.312214,-0.024524,0.684951,0.529482,0.134772,0.119285,-0.486524,-0.383461,-0.648897,-0.427295,0.031484,-0.990706,0.005408,-0.614113,-0.491153,-0.67653,-0.252467,0.628914,0.392352,-0.117146,-0.648567,-0.292544,-0.058568,-0.100787,-0.19351,0.297438,-0.538931,0.005408,0.141917,0.317475,-0.648567,-0.479376,0.628914,-0.398028,0.116167,0.627257,0.36654,0.129147,-0.259947,-0.066282,0.448467,-0.06569,0.407903,0.0,-0.058568,0.489018,-0.523618,0.0,-0.078259,-0.495351,-0.74932,-0.079961,0.483443,-0.100618,0.249845,-0.265413,0.201982,-0.517632,-0.117146,0.36654,0.229982,-0.117146,0.229982,0.559739,0.478534,-0.089101,0.54981,-0.292027,0.063907,-0.089054,0.419264,0.356604,0.332823,-0.021818,0.182185,-0.021818,-0.006567,-0.817324,-0.406939,-0.192641,0.017082,0.450131,0.401322,0.005408,-0.041754,-0.383368,-0.306912,0.029706,0.403088,-0.519946,-0.071566,-0.204493,0.12325,0.53973,-0.426858,-0.522051,0.245543,0.238033,0.12328,-0.045457,-0.384629,-0.059283,-0.765803,0.255291,-0.081308,0.064587,-0.100618,#
2,-0.326107,0.437716,1.0,0.346214,0.137265,-0.498795,0.026974,0.030921,-0.172059,0.57155,-0.407741,-0.248851,0.131528,-0.610829,-0.32695,-0.171375,-0.326957,0.361053,0.371889,0.290183,0.670721,0.311964,-0.488518,0.190111,-0.324597,0.475658,0.314313,-0.391112,-0.497502,0.372556,-0.166036,-0.115269,-0.166513,0.789932,-0.351974,-0.193044,0.25465,-0.407165,2.9e-05,-0.326939,0.019176,0.031914,0.201578,-0.761241,-0.249499,0.317822,-0.044618,0.463691,0.259202,0.070648,-0.372381,-0.157199,-0.326684,0.4192,-0.203029,-0.258246,-0.596864,0.196982,0.125673,-0.594937,0.189614,-0.136932,-0.655482,0.11004,-0.202454,-0.217815,-0.326755,0.248532,0.014349,-0.002886,-0.071417,-0.138423,-0.166513,0.436505,0.339746,0.189614,0.121577,-0.326336,-0.167555,0.144319,0.49457,0.505317,0.030939,-0.121228,0.339746,-0.039784,-0.608309,0.160287,0.417843,0.275922,0.294591,-0.130703,0.025029,-0.111163,-0.60847,0.295507,0.455274,0.207416,0.196729,0.068306,0.091271,-0.327025,-0.407088,-0.404907,-0.499286,0.136426,-0.182726,0.061614,-0.03556,-0.325724,0.062637,-0.166513,0.275922,-0.326858,0.331731,0.598253,0.075109,-0.172918,0.327213,-0.120539,0.136426,0.348466,0.436505,-0.326858,0.15764,0.062637,-0.407088,-0.028419,0.477161,0.698073,0.505317,-0.32542,0.267719,0.123075,0.417843,0.160287,0.0,0.598253,0.179272,-0.125731,0.0,0.426757,-0.249642,-0.0,0.258568,0.438266,0.333313,0.382118,-0.756847,-0.326418,-0.685028,0.275922,0.698073,0.2602,0.275922,0.2602,0.044593,0.096209,0.416694,-0.249769,0.184864,-0.249607,0.350638,0.294591,0.427355,0.438931,-0.249231,-0.223137,-0.249231,0.143918,-0.385372,0.294481,0.23898,-0.061767,-0.395582,0.284849,0.136426,0.405945,-0.577388,0.339746,-0.384604,0.158978,-0.228836,-0.09179,-0.297349,-0.00761,-0.227948,0.182359,-0.143515,0.038612,0.049591,0.236302,-0.078349,-0.258723,-0.086222,-0.611325,0.202609,0.275922,0.387464,0.333313,#
3,-0.05146,0.207598,0.346214,1.0,0.395273,-0.683999,-0.208239,-0.24567,-0.010578,0.56327,0.545996,-0.289457,0.1204,-0.560995,-0.043814,0.011526,-0.092472,0.303286,0.329421,0.060088,0.448474,-0.075992,-0.112808,0.396461,0.013872,0.655887,0.001176,-0.383217,-0.411228,-0.210038,0.126867,-0.089167,0.229931,0.451163,-0.314293,-0.191139,-0.287795,-0.358535,-5.1e-05,0.396475,0.194132,-0.199846,0.470716,-0.460023,0.344523,0.014178,-0.248528,-0.114512,-0.282518,-0.334734,-0.492869,0.173063,-0.527267,0.580772,0.003084,0.075788,-0.250127,0.153128,-0.286743,-0.277431,-0.173826,0.192419,-0.325838,-0.221561,-0.23132,-0.435563,-0.051681,-0.096278,-0.291367,0.386667,-0.095107,0.598857,0.229931,0.822706,0.492806,-0.173826,-0.340709,-0.514387,0.505876,0.10953,0.204805,0.214599,0.236411,-0.129285,-0.007374,-0.093357,-0.111632,0.578999,-0.092652,0.727514,0.220539,0.305572,0.209349,-0.094394,-0.1307,0.470101,0.366235,0.394485,-0.078467,0.494338,0.4328,-0.514759,0.509831,0.072643,-0.255445,0.098139,-0.410967,0.070575,0.169994,0.39203,-0.197709,-0.508119,0.727514,-0.076433,0.020413,0.105813,0.52693,0.066475,0.380173,0.293193,0.562067,0.07642,0.365195,-0.095358,0.479923,-0.197709,-0.361177,-0.242123,0.571039,0.258317,0.671734,-0.079299,-0.327889,-0.232893,0.341592,0.578999,0.0,0.105813,-0.080599,0.299605,0.0,0.335884,0.303378,-0.007772,-0.296079,0.834044,0.324049,-0.4665,-0.440311,0.411321,-0.297732,0.727514,0.258317,-0.030812,0.727514,-0.030812,-0.214031,-0.415189,0.356618,-0.208641,-0.609014,-0.22635,0.281027,-0.364233,-0.521437,0.805916,0.321659,-0.01502,-0.240682,0.109225,-0.387612,0.461142,-0.496175,-0.041566,-0.374219,-0.331314,0.098139,-0.070477,-0.512174,0.492806,-0.812443,0.20572,-0.269177,0.316919,-0.054838,-0.268524,-0.243665,-0.225802,0.328748,-0.637371,-0.211313,0.379799,-0.529869,-0.094356,-0.109031,-0.576235,-0.159555,0.215163,-0.461569,-0.245013,#
4,0.053884,0.147864,0.137265,0.395273,1.0,-0.181209,-0.184739,0.218145,0.083748,0.302562,-0.035374,0.181696,-0.054097,-0.316418,0.087456,-0.546729,0.042453,0.294478,-0.134108,-0.422876,-0.10013,0.185031,-0.13572,0.996256,-0.423118,0.63864,0.39674,0.316726,-0.29377,0.173595,0.440377,0.149999,-0.217052,0.004632,-0.750747,-0.025467,-0.24192,-0.530747,-5.5e-05,0.041043,-0.210534,-0.181754,0.178176,-0.476022,-0.325226,-0.084026,0.183013,0.115512,-0.303609,0.069772,-0.58017,-0.455324,0.079916,-0.143849,0.417851,-0.604657,-0.478238,0.239484,-0.856892,-0.476694,-0.51423,0.570916,0.247556,0.120836,-0.092809,0.157961,0.093985,-0.009926,0.181965,0.089896,0.137507,-0.052094,-0.217052,0.053432,-0.108309,-0.51423,-0.531668,-0.425384,-0.032456,-0.088712,0.146001,0.163367,-0.21716,0.501592,-0.108309,0.127351,-0.346214,-0.066392,0.028663,0.276285,0.299409,0.476924,-0.230607,0.070378,0.127351,0.083098,-0.32391,0.991291,0.482937,0.286499,0.096251,-0.426282,0.361888,-0.131331,-0.230607,-0.086474,-0.528449,-0.155068,0.146001,0.063389,-0.190498,-0.217052,0.276285,0.035892,0.360438,-0.155068,0.306646,-0.040464,-0.199395,0.044546,-0.086474,-0.57378,0.053432,0.035892,0.174133,-0.190498,-0.088712,-0.478768,-0.057819,-0.217052,0.163367,-0.424191,0.265896,-0.283511,0.476924,-0.066392,0.0,-0.155068,0.267022,0.036574,0.0,0.036574,0.208866,-0.217675,-0.280562,0.359542,0.142081,-0.204098,-0.500813,0.603279,0.167115,0.276285,-0.217052,0.053922,0.276285,0.053922,0.229284,-0.361595,-0.409848,0.270551,0.015219,-0.325367,0.706184,0.299409,0.04532,0.523492,0.234977,0.398636,0.234977,-0.529173,-0.101811,-0.151639,-0.426282,-0.346924,-0.082438,-0.256998,-0.086474,-0.405951,-0.347673,-0.108309,-0.563278,-0.345295,0.202862,0.028612,-0.449635,0.193414,-0.374635,0.128042,0.585467,-0.206237,0.237256,0.471219,0.052526,-0.164621,0.509628,-0.373152,-0.53052,-0.275489,-0.525915,0.142081,#
5,0.647287,-0.134495,-0.498795,-0.683999,-0.181209,1.0,0.246138,0.255259,0.00419,-0.394873,-0.027482,0.070729,0.003379,0.822174,0.226993,-0.193453,0.198282,-0.508093,-0.133567,-0.272049,-0.641273,-0.197594,0.173507,-0.213149,0.173317,-0.598428,-0.187131,0.520953,0.582872,0.010637,0.175495,0.042782,-0.332837,-0.653081,0.015572,0.04748,0.01603,0.426816,-2.3e-05,-0.235365,-0.179992,0.239909,-0.262409,0.67678,-0.498715,-0.25645,0.255551,0.088125,0.283221,0.435451,0.504999,0.168537,0.68268,-0.695391,-0.217147,0.205439,0.359575,0.039223,0.065223,0.385305,0.320134,0.343421,0.426639,0.360585,0.457558,0.5653,0.222386,0.079307,-0.285035,0.026136,0.036233,-0.246072,-0.332837,-0.433848,-0.644799,0.320134,0.389111,0.64584,-0.239019,-0.011436,-0.580296,0.161036,0.14789,0.394515,-0.183414,0.027642,0.033956,-0.429645,-0.006044,-0.499304,-0.499458,-0.018486,-0.218155,0.027642,0.425688,-0.232289,-0.496697,-0.241525,0.2218,-0.417944,-0.283573,0.221194,-0.040025,-0.373339,0.194708,0.361023,0.213953,-0.001043,-0.193776,-0.207162,0.230654,0.373181,-0.518996,-0.216288,-0.227029,-0.40796,-0.040025,0.192832,-0.092099,-0.385788,-0.051071,-0.208424,-0.401336,0.203961,-0.355285,0.214334,0.004646,0.416279,-0.202317,-0.332837,-0.245024,0.236535,-0.003924,0.442248,-0.418433,-0.429645,0.0,-0.39231,-0.312868,-0.379189,0.0,-0.798122,-0.499001,-0.01381,0.468659,-0.52115,-0.499001,0.24334,0.671474,-0.224079,0.36155,-0.518996,-0.332837,0.187784,-0.499304,0.20489,0.199649,0.089286,-0.387148,0.521949,0.002834,0.047308,-0.499256,0.039957,0.410916,-0.845097,0.463103,0.229073,0.483083,-0.378465,0.385945,-0.617507,0.221194,0.363184,0.458834,0.520357,0.361023,0.010434,0.790046,-0.644799,0.446101,0.071077,-0.00693,-0.402073,0.218178,-0.16307,0.04807,0.300428,-0.118706,0.624582,0.202347,-0.659512,0.790046,-0.168086,0.000998,0.431867,0.305141,-0.464296,-0.098568,0.025922,#
6,0.197682,0.282903,0.026974,-0.208239,-0.184739,0.246138,1.0,0.6594,0.38904,0.045642,-0.033404,0.066458,0.418687,0.050899,0.220377,-0.169975,-0.653558,0.081693,0.061417,0.205439,0.288614,0.266617,0.544107,-0.216465,-0.231161,0.189621,0.21471,-0.480029,0.073147,0.006807,-0.236913,0.420594,-0.332844,0.188526,0.037673,-0.378963,0.526283,-0.394268,2.3e-05,-0.238514,-0.171149,0.64528,-0.280617,0.237635,-0.010468,-0.095978,0.246138,0.510016,0.310478,-0.134226,0.612369,0.241282,0.672652,-0.615029,-0.244189,0.410733,0.409091,0.063186,-0.067525,0.41063,0.246169,0.363288,-0.404303,-0.215192,-0.008389,-0.273134,-0.22754,-0.501153,0.100929,-0.123216,0.448204,-0.168487,-0.332844,-0.004123,-0.634405,0.246169,0.01226,-0.229763,-0.231533,0.014453,0.214488,-0.219678,0.154614,-0.442794,-0.600485,0.462734,0.024559,0.419596,-0.396243,0.017264,0.004957,-0.027522,-0.208847,0.429812,-0.426154,0.250026,0.053304,-0.244627,0.215231,-0.420937,-0.252081,0.198238,-0.045843,0.058054,-0.208847,-0.025344,0.217648,-0.007163,-0.199825,-0.651094,0.658788,0.367881,-0.510437,-0.236263,0.201895,-0.007163,-0.045843,0.638616,0.423309,-0.810303,0.36793,-0.201168,0.431491,-0.653361,-0.325573,0.221456,-0.017468,0.255128,0.11044,0.342855,0.167837,-0.650486,0.487482,-0.133725,0.401183,0.419596,0.0,0.412237,0.316544,-0.385497,0.0,-0.385497,-0.016616,0.157632,0.469549,-0.143179,-0.016616,0.747395,0.207713,-0.227305,-0.339337,-0.510437,0.342855,0.198449,0.017264,0.656844,0.190684,0.477375,0.034132,0.514282,0.044408,0.497006,-0.499267,0.044614,0.414686,-0.028502,-0.039882,-0.642565,-0.039882,0.445926,-0.398268,-0.555763,0.231004,0.367156,0.449449,0.029712,-0.025344,0.383157,0.395182,-0.634405,0.041477,0.550687,-0.489358,-0.407977,0.212073,-0.591068,0.044283,0.301603,-0.494357,0.627591,0.621427,-0.659314,0.005168,-0.624515,0.388455,0.016827,0.30516,0.05201,0.336693,0.021976,#
7,0.20388,0.292203,0.030921,-0.24567,0.218145,0.255259,0.6594,1.0,0.004185,0.052059,-0.405351,0.487586,0.427535,0.060464,0.226734,-0.190691,-0.266696,-0.011521,-0.387185,0.211661,-0.172613,0.656063,0.173309,0.177508,-0.648086,0.154154,0.625474,-0.011861,-0.367932,0.010625,-0.325064,0.806728,-0.332457,-0.196301,-0.003141,-0.402619,0.034892,-0.390633,-2.3e-05,-0.267841,0.197282,0.656954,-0.332057,-0.142575,-0.498145,-0.011918,0.255259,0.522354,0.063577,0.438786,0.520693,-0.149481,0.6819,-0.702441,-0.266646,-0.029365,0.363014,0.042147,-0.339222,0.388701,-0.390095,0.344015,-0.283425,0.364054,0.460192,0.288547,-0.224054,0.083157,0.068782,-0.467644,0.837304,-0.25369,-0.332457,-0.400877,-0.66682,-0.390095,0.018508,-0.226298,-0.261665,0.384797,0.187377,-0.213544,-0.222438,-0.067306,-0.205963,0.850403,-0.003969,0.016125,-0.027343,-0.01355,-0.026607,-0.055751,-0.23827,0.02761,-0.044177,0.256553,0.057403,0.162151,0.221547,-0.454458,-0.279347,-0.207751,-0.077459,-0.046274,-0.23827,-0.01935,0.191252,-0.391861,-0.229588,-0.24831,0.670522,0.372755,-0.544629,-0.27201,0.175077,-0.391861,-0.441553,0.614306,-0.052568,-0.844095,-0.01935,-0.620738,0.037526,-0.27201,-0.379716,0.23039,-0.048903,-0.389296,-0.236729,0.347568,-0.213544,-0.649728,0.4599,-0.120017,0.375698,0.016125,0.0,0.030223,0.193526,-0.416309,0.0,-0.416309,-0.058258,-0.18623,0.001297,-0.060011,-0.498431,0.426301,-0.21241,0.195845,-0.380327,-0.544629,0.347568,0.204656,-0.01355,0.665985,0.199421,0.104776,-0.354834,0.521353,0.21517,0.047254,-0.045335,0.512191,0.426564,-0.060442,-0.036367,-0.25569,-0.036367,0.054462,-0.039321,-0.669828,0.23743,-0.020213,0.433117,0.044853,-0.01935,-0.00758,-0.009617,-0.66682,0.023065,0.047658,-0.044008,-0.441065,-0.215475,-0.217299,0.017367,0.265592,-0.366146,0.614936,0.994621,-0.267933,-0.009617,-0.661701,0.360026,-0.014337,-0.328,0.021418,-0.081216,0.025893,#
8,-0.029222,0.293381,-0.172059,-0.010578,0.083748,0.00419,0.38904,0.004185,1.0,0.253757,0.355025,-0.210983,0.372142,0.203568,0.666978,-0.559676,-0.780058,0.142598,0.135338,0.141568,0.045432,0.245678,0.866097,0.088035,-0.3075,0.038256,0.334632,0.038343,0.589115,0.204365,0.047704,0.211679,0.330124,0.04878,-0.391409,-0.211409,0.592447,-0.269172,-0.000101,-0.316074,-0.318323,0.411776,-0.435754,0.407742,0.472817,-0.461046,0.766689,0.499463,0.30931,-0.285205,0.009037,-0.079936,0.506748,-0.427384,0.234299,0.207675,-0.141966,-0.315845,-0.289469,-0.150032,0.290273,0.328448,0.294335,-0.371625,-0.588838,-0.117027,0.152194,-0.540215,0.200586,0.448221,0.170716,-0.340292,0.330124,0.164931,-0.548996,0.290273,-0.510538,-0.491777,-0.475235,-0.701614,0.041361,-0.445143,-0.365105,-0.405368,-0.511076,0.147214,0.149901,0.309999,-0.836029,0.186444,-0.039407,0.228976,-0.767053,0.972227,-0.349634,0.123059,-0.099441,0.069191,0.575222,-0.182945,-0.082775,0.172161,-0.112806,0.234759,-0.30897,-0.564699,-0.559792,0.27475,0.041361,-0.35025,0.387697,0.078335,-0.403477,-0.313546,-0.024519,-0.1941,0.241074,-0.09938,0.514581,-0.277169,-0.125054,-0.249286,0.651908,-0.779823,-0.094025,-0.1012,-0.255547,0.479451,0.182788,-0.397269,-0.011937,-0.358285,0.025881,0.058872,0.228976,0.309999,0.0,0.27475,0.589703,0.218902,0.0,-0.263795,-0.056324,-0.137911,0.008643,-0.109292,0.3715,0.228086,0.346436,0.142135,0.320403,-0.403477,-0.397269,-0.339942,0.186444,0.172501,0.756939,0.664825,0.202778,0.306344,-0.157468,0.279765,-0.15527,0.004926,0.06803,0.211656,-0.082271,-0.188678,-0.082271,0.342221,-0.532033,-0.517862,-0.285714,-0.333636,0.674666,-0.012456,-0.564699,0.069459,0.146278,-0.548996,0.21381,0.535936,-0.617362,0.040316,-0.024752,-0.160783,0.297312,-0.373883,-0.31083,-0.0269,-0.032495,0.059331,0.076518,-0.143125,0.505156,-0.26405,0.355748,0.011653,0.191706,0.414642,#
9,-0.105831,0.779594,0.57155,0.56327,0.302562,-0.394873,0.045642,0.052059,0.253757,1.0,0.215351,-0.403796,0.637291,-0.143028,0.377411,-0.275985,-0.530535,0.544128,0.540498,0.473053,0.262518,0.401296,0.093027,0.307838,-0.526706,0.377055,0.473635,-0.190046,-0.193516,0.035995,-0.309315,0.29674,0.432306,0.339571,-0.591246,-0.691899,0.35001,-0.257532,0.0,-0.530507,0.014886,0.449019,0.220946,-0.322643,0.099525,-0.360664,0.341528,0.590881,0.550581,0.228166,-0.122191,0.215523,-0.083096,0.169703,-0.020013,0.207837,-0.2674,-0.130547,-0.253049,-0.266536,0.146642,0.410528,-0.470868,0.293537,-0.039786,0.035382,0.369672,0.245219,-0.131356,0.29224,0.28782,0.254922,0.432306,0.608693,0.023397,0.146642,-0.215095,-0.529527,0.094253,-0.195296,-0.034055,0.361665,0.020223,-0.23971,0.023397,0.288301,-0.609661,0.611359,-0.187616,0.327068,0.355607,-0.254281,-0.36776,0.160935,-0.191542,0.86493,0.667129,0.289567,0.273197,-0.324077,0.263683,-0.530645,-0.262309,-0.250293,-0.810165,0.190597,-0.746807,-0.328888,-0.481366,-0.116278,0.448848,-0.270191,0.327068,-0.530376,0.039466,0.123915,0.079459,-0.313817,0.410029,-0.288526,0.190597,0.033808,0.608693,-0.530376,0.172661,0.448848,-0.66056,0.056236,0.613215,0.459325,0.361665,-0.124245,-0.14133,0.41351,0.208568,0.611359,0.0,0.123915,0.396584,-0.271456,0.0,0.194719,-0.40508,-0.577157,-0.151864,0.51652,0.008102,0.051071,-0.396293,0.359728,-0.572395,0.327068,0.459325,0.388999,0.327068,0.388999,0.360141,0.301075,0.183301,0.121586,-0.469686,-0.405024,0.020264,0.355607,0.219967,0.625324,0.090398,0.027866,0.090398,0.177569,-0.680435,-0.113771,-0.053065,-0.131245,0.177927,0.340828,0.190597,-0.21446,-0.581087,0.023397,-0.25401,0.296483,-0.440278,-0.249702,-0.539514,-0.080753,0.093155,-0.464077,-0.275769,0.024488,0.049451,0.272525,-0.227382,-0.537137,-0.241794,-0.991964,0.197513,-0.160603,-0.064729,0.008102,#
10,0.353895,0.028753,-0.407741,0.545996,-0.035374,-0.027482,-0.033404,-0.405351,0.355025,0.215351,1.0,-0.406617,0.166872,0.226296,0.362119,0.053685,-0.092511,-0.025671,0.371084,-0.05534,-0.028633,-0.437593,0.480412,-0.068362,0.395616,0.028356,-0.378105,-0.118853,0.403131,-0.407768,0.194949,-0.139443,0.421455,-0.119784,-0.100742,-0.170669,-0.106223,0.165327,-2.4e-05,0.350479,-0.017252,-0.014667,0.244055,0.490051,0.610681,-0.440364,0.00339,-0.253644,-0.029529,-0.374409,0.004309,0.579208,-0.092502,0.146353,0.029768,0.621258,0.244825,-0.097604,-0.133237,0.218636,0.234828,0.374788,0.159319,-0.316303,-0.15611,-0.256294,0.354486,-0.368979,-0.450381,0.64374,-0.184596,0.625758,0.421455,0.635892,0.05604,0.234828,-0.258087,-0.080828,0.4875,-0.239871,-0.406711,-0.019642,0.379689,-0.167093,-0.395894,-0.208593,0.23846,0.555623,-0.574282,0.357151,-0.142072,0.239942,-0.00701,0.230037,0.230037,0.326013,0.064414,-0.098432,-0.106859,0.173496,0.29606,-0.09779,0.578601,0.203239,-0.00701,0.141589,-0.351396,0.161702,0.002181,0.344382,-0.038941,-0.272078,0.357151,-0.089507,-0.378037,-0.252211,0.578601,0.082281,0.440753,0.213014,0.560768,0.066753,0.205977,-0.089507,0.254423,-0.038941,-0.239871,0.338764,0.467802,-0.272078,0.393398,0.326888,-0.624526,0.06425,-0.183153,0.555623,0.0,-0.252211,-0.198329,0.226704,0.0,-0.199432,0.106262,-0.021914,-0.116507,0.339213,0.106262,-0.480791,0.501475,0.34468,0.223881,0.357151,-0.272078,-0.115009,0.357151,-0.115009,-0.039269,-0.112508,0.214904,0.112032,-0.890119,0.075844,-0.408118,-0.670437,-0.60179,0.227843,0.609682,0.074876,0.08126,0.128367,-0.265562,0.065595,-0.534351,0.239612,0.162983,-0.152755,0.141589,-0.170583,0.239238,0.05604,-0.263091,0.448546,-0.441992,0.219149,0.323908,-0.438571,0.084663,-0.418885,0.145669,-0.416663,-0.423422,-0.127395,-0.176466,0.007054,-0.190122,-0.173634,0.247427,-0.124297,-0.485662,-0.407909,#
11,0.258499,0.087836,-0.248851,-0.289457,0.181696,0.070729,0.066458,0.487586,-0.210983,-0.403796,-0.406617,1.0,-0.406626,-0.027877,-0.326048,0.337295,0.163481,0.147589,-0.31498,-0.323517,-0.319933,0.398995,-0.118618,0.168961,-0.323702,-0.04905,0.357824,0.233673,-0.256306,0.396344,-0.332526,0.398303,-0.166054,-0.325825,0.215039,-0.152372,-0.347407,0.129398,2.9e-05,0.162002,-0.038247,0.029474,0.104946,-0.133703,-0.248811,-0.172744,0.070729,-0.049929,-0.365215,0.199212,0.175362,-0.180517,0.243152,-0.347762,0.330511,-0.234402,0.140568,-0.441424,-0.430097,0.17417,-0.584245,-0.166567,0.177878,0.240141,0.121257,0.264289,-0.325854,-0.004497,0.142557,-0.225945,0.404379,-0.345855,-0.166054,-0.606632,-0.265949,-0.584245,-0.406747,0.213748,-0.261537,0.562559,-0.053955,-0.497111,-0.497135,0.373463,-0.265949,0.392081,0.372397,-0.404723,0.354784,-0.421747,0.216468,-0.149477,-0.058957,-0.084017,0.392081,-0.324773,-0.247804,0.185533,-0.325587,0.049134,-0.747445,-0.326123,0.055668,0.562545,-0.058957,-0.405919,0.256724,-0.406545,-0.053955,0.184901,0.018831,0.728082,-0.421747,0.156592,-0.270776,-0.406545,-0.405966,0.273113,-0.549868,-0.139595,-0.405919,-0.213104,-0.606632,0.156592,-0.724555,0.018831,0.562559,-0.578861,-0.344072,-0.166054,-0.497111,-0.324523,0.191055,-0.377092,-0.149477,-0.404723,0.0,-0.406545,0.099378,-0.144656,0.0,-0.144656,0.30914,-0.244867,-0.376507,0.083165,-0.248954,-0.084732,-0.208328,0.206579,0.111338,-0.421747,-0.166054,-0.325436,-0.421747,-0.325436,0.038117,-0.193996,-0.607041,0.421521,0.390759,0.442865,0.325721,0.216468,-0.099449,-0.140278,-0.248544,0.323043,-0.248544,-0.404838,0.06664,-0.233429,-0.326123,-0.10431,0.132562,-0.361282,-0.405919,-0.086491,-0.08311,-0.265949,0.128883,-0.322686,0.336038,0.383654,0.216694,0.488012,0.413839,0.081635,0.012027,0.02718,0.465317,0.180592,-0.08311,0.295285,0.394517,0.386228,-0.600266,0.198958,-0.175833,-0.248954,#
12,-0.130703,0.431849,0.131528,0.1204,-0.054097,0.003379,0.418687,0.427535,0.372142,0.637291,0.166872,-0.406626,1.0,0.242077,0.793388,-0.332493,-0.534253,-0.00549,-0.021477,0.802575,-0.047335,0.505601,0.496897,-0.085944,-0.530398,-0.003486,0.484877,-0.135447,-0.060586,-0.407778,-0.362807,0.670334,0.395293,-0.069109,-0.118587,-0.531288,0.376848,-0.282317,-4.6e-05,-0.534225,0.39966,0.822771,-0.44594,0.090543,0.071473,-0.167643,0.397151,0.621935,0.530115,0.363218,0.443602,0.134831,0.368575,-0.285664,-0.461623,0.402507,0.323278,0.002571,0.044644,0.322234,0.062065,0.377339,-0.399599,0.270555,0.331809,0.184011,0.320969,0.237178,-0.106559,-0.13708,0.666481,0.172946,0.395293,0.193796,-0.392947,0.062065,0.182336,-0.533238,0.019465,-0.223185,0.034276,-0.017842,-0.026896,-0.613294,0.076734,0.673464,-0.188648,0.543259,-0.55769,0.362837,-0.157051,-0.181313,-0.395555,0.217609,-0.238245,0.791569,0.610794,-0.114873,0.356644,-0.666016,0.401397,-0.080659,-0.286848,-0.275231,-0.395555,0.143421,-0.316402,-0.235972,-0.390674,-0.140592,0.829005,-0.272085,-0.178412,-0.534092,0.091137,-0.235972,-0.286848,0.102022,0.446453,-0.657477,0.143421,-0.385414,0.640594,-0.534092,0.205947,0.380445,-0.66519,0.099994,0.150053,0.420961,-0.017842,-0.148132,-0.083,0.404221,0.258398,0.543259,0.0,0.194195,0.245819,-0.196649,0.0,-0.196649,-0.407919,-0.358507,-0.094052,-0.044804,-0.407919,0.212197,0.030001,0.311553,-0.488661,-0.178412,0.420961,0.339369,0.362837,0.809532,0.3452,0.466536,0.234228,0.092406,-0.378811,-0.407862,-0.408127,0.392063,0.270293,0.186884,0.062827,-0.406533,0.062827,0.571921,-0.274275,-0.489401,0.373047,-0.181063,0.565724,0.376895,0.143421,-0.189255,-0.200413,-0.392947,0.144371,0.386063,-0.439433,-0.629837,-0.540044,-0.452718,0.067414,-0.389026,-0.621606,0.389216,0.439978,-0.142063,-0.200413,-0.823478,-0.21446,-0.570083,0.168717,-0.100454,-0.002343,0.126444,#
13,0.530875,0.068081,-0.610829,-0.560995,-0.316418,0.822174,0.050899,0.060464,0.203568,-0.143028,0.226296,-0.027877,0.242077,1.0,0.533973,-0.064282,0.07116,-0.394314,-0.016112,0.050124,-0.785309,-0.043673,0.403566,-0.349766,0.046569,-0.813269,-0.055725,0.597776,0.705246,-0.08964,-0.120759,0.212934,0.263131,-0.79977,0.073685,-0.196084,0.078749,0.657583,9.3e-05,-0.372494,-0.015449,0.423266,-0.291753,0.821429,-0.129168,-0.558199,0.456282,0.139853,0.462381,0.522048,0.570828,0.315215,0.566853,-0.56,-0.145984,0.455427,0.434514,-0.357058,0.111598,0.460623,0.317485,0.243663,0.468885,0.461934,0.428198,0.681246,0.516353,0.230698,-0.353997,0.185436,0.175952,-0.097492,0.263131,-0.328557,-0.586454,0.317485,0.233803,0.529303,-0.168242,-0.175678,-0.794759,-0.03604,-0.049499,0.157892,-0.114416,0.150829,0.15005,-0.23705,-0.252056,-0.473003,-0.466705,-0.264786,-0.424309,0.150829,0.558066,0.032744,-0.15329,-0.378755,0.09541,-0.591778,-0.204403,0.094574,-0.204927,-0.156727,-0.001912,0.2054,-0.087596,-0.16528,-0.399313,0.050463,0.397567,0.314726,-0.49315,-0.352944,-0.538746,-0.581593,-0.204927,-0.10876,-0.035895,-0.30367,-0.21621,-0.136941,-0.295295,0.077009,-0.352906,0.38087,-0.159225,0.457499,-0.091666,-0.407596,-0.451476,0.49645,-0.404146,0.677008,-0.673969,-0.23705,0.0,-0.565581,-0.19098,-0.276031,0.0,-0.704638,-0.611082,-0.381498,0.079471,-0.449561,-0.611082,-0.042873,0.766398,0.050149,0.358284,-0.49315,-0.407596,0.06067,-0.473003,0.07817,0.377726,0.29619,-0.287635,0.433393,-0.282531,-0.052143,-0.611394,0.085165,0.174802,-0.728205,0.373404,0.348652,0.393846,-0.195243,0.213316,-0.626118,0.094574,0.126036,0.701457,0.57336,0.2054,-0.241638,0.549581,-0.586454,0.68199,0.151225,-0.132188,-0.282657,0.07622,-0.005016,0.433461,-0.289701,-0.361427,0.422276,0.006356,-0.397194,0.549581,-0.083278,-0.264568,0.195593,0.332789,-0.437186,-0.162057,-0.074037,#
14,0.005408,0.218645,-0.32695,-0.043814,0.087456,0.226993,0.220377,0.226734,0.666978,0.377411,0.362119,-0.326048,0.793388,0.533973,1.0,-0.525093,-0.428385,-0.167584,-0.179076,0.478708,-0.420341,0.348424,0.753361,0.053938,-0.425293,-0.216748,0.407144,0.299955,0.375885,-0.326972,-0.056492,0.567337,0.499853,-0.428082,-0.236067,-0.299619,0.291413,-0.121414,5e-05,-0.428362,0.206725,0.650923,-0.5977,0.438295,0.188621,-0.395979,0.650647,0.461491,0.378443,0.277328,0.296617,-0.032795,0.542831,-0.495057,-0.157914,0.289018,0.245239,-0.148809,-0.168117,0.244448,0.022121,0.467291,0.224298,0.158948,0.144404,0.362574,0.491645,0.059743,-0.045297,0.096144,0.52546,-0.004908,0.499853,0.000198,-0.588399,0.022121,-0.077792,-0.427571,-0.148692,-0.533374,-0.196801,-0.25781,-0.262315,-0.386655,-0.083077,0.506593,0.069435,0.277976,-0.799754,0.251261,-0.316665,0.078262,-0.654173,0.506593,0.016146,0.461753,0.161476,0.022767,0.529907,-0.534037,0.30769,0.059661,-0.126323,-0.114801,-0.201993,-0.132123,-0.498306,-0.071326,-0.196801,-0.005402,0.631846,-0.218168,-0.33106,-0.428256,-0.063921,-0.534135,-0.126323,-0.056131,0.31822,-0.435744,-0.132123,-0.584295,0.480901,-0.428256,0.150985,0.149248,-0.533374,0.218851,-0.05223,-0.218168,-0.25781,-0.013651,-0.224678,0.379783,0.078262,0.277976,0.0,-0.071326,0.270453,0.061079,0.0,-0.415398,-0.327085,-0.38571,-0.232355,-0.244456,-0.327085,-0.032305,0.371191,0.481364,0.132791,-0.33106,-0.218168,0.005412,0.251261,0.511253,0.593903,0.458857,0.052808,0.211264,-0.389596,-0.327039,-0.327252,0.274119,0.086691,0.019096,0.179199,-0.096343,0.179199,0.322882,-0.12252,-0.658406,0.059661,-0.394271,0.785793,0.262295,-0.132123,-0.371911,0.042931,-0.588399,0.32755,0.291721,-0.370307,-0.411921,-0.447873,-0.26422,0.174605,-0.520662,-0.401993,0.18957,0.224047,-0.011427,0.042931,-0.508587,0.034993,-0.339594,0.112814,-0.247187,-0.189657,0.247828,#
15,0.011398,-0.0832,-0.171375,0.011526,-0.546729,-0.193453,-0.169975,-0.190691,-0.559676,-0.275985,0.053685,0.337295,-0.332493,-0.064282,-0.525093,1.0,0.380334,0.1584,0.164377,0.048399,0.064019,-0.213852,-0.280685,-0.561521,0.392646,-0.240676,-0.393329,-0.350056,-0.248973,-0.193971,-0.523436,-0.09188,0.221382,-0.052828,0.733778,-0.122111,-0.2789,0.556718,-5.1e-05,0.361806,0.174865,-0.181053,0.496252,0.051595,0.309844,-0.01236,-0.590915,-0.546326,-0.156789,-0.103399,0.341722,0.537122,-0.49585,0.436166,0.049539,0.392066,0.484641,-0.336101,0.351807,0.486278,-0.111603,-0.527947,-0.311064,0.012523,0.226602,-0.204351,-0.04216,0.091757,-0.110411,-0.179649,-0.080886,0.452473,0.221382,-0.070458,0.48734,-0.111603,0.096099,0.448657,0.510025,0.539247,-0.237503,-0.164602,0.249019,-0.072673,0.012555,-0.079873,0.300901,0.1155,0.372975,-0.359525,0.254721,-0.567365,0.614718,-0.534537,0.362502,-0.012192,0.353182,-0.546748,-0.994519,0.040177,-0.218893,-0.06054,0.058681,0.523189,0.155875,0.134069,0.503566,-0.372127,-0.271868,0.376047,-0.179661,0.277428,0.20949,0.380595,-0.415834,0.114894,-0.346425,0.054845,-0.361901,0.294042,0.116454,0.552527,-0.522111,0.380595,-0.268172,0.29191,0.521375,-0.236382,-0.011242,0.249405,-0.181959,0.413324,-0.288075,-0.144136,-0.531806,0.1155,0.0,-0.33734,-0.273314,-0.165444,0.0,0.335961,0.269485,-0.038372,-0.25718,0.123834,-0.220269,-0.289029,0.055766,-0.081028,-0.251215,0.20949,0.249405,0.013519,-0.359525,-0.480764,-0.639448,-0.214652,-0.104808,-0.172342,-0.083927,0.354894,-0.256411,-0.300361,-0.460565,-0.113983,-0.204045,0.048756,-0.18184,0.07634,0.061668,0.488749,-0.023849,0.41389,-0.317337,-0.268605,0.134069,-0.056925,-0.055573,0.48734,0.134336,-0.183953,0.29874,0.325811,0.424902,0.213622,0.38547,-0.181655,-0.079684,-0.15261,-0.193813,-0.087453,-0.492296,0.415138,-0.527078,0.32957,-0.152348,0.185173,0.024083,-0.760439,#
16,0.090155,-0.648762,-0.326957,-0.092472,0.042453,0.198282,-0.653558,-0.266696,-0.780058,-0.530535,-0.092511,0.163481,-0.534253,0.07116,-0.428385,0.380334,1.0,-0.395928,-0.36839,-0.425059,-0.42035,-0.515102,-0.640079,0.030016,0.518098,-0.238435,-0.527496,0.364698,-0.202136,-0.326979,0.350886,-0.361009,-0.218173,-0.428091,0.339267,0.549122,-0.75015,0.403099,2.4e-05,0.511785,0.230138,-0.653378,0.262908,-0.059691,-0.326905,0.351414,-0.653543,-0.785913,-0.529245,0.16698,-0.171944,-0.084342,-0.428036,0.305703,-0.009216,-0.321156,0.13439,0.31573,0.157672,0.133956,-0.368167,-0.236029,0.310612,0.219545,0.486133,0.254036,0.073361,0.402166,-0.149571,-0.295267,-0.357454,0.313543,-0.218173,-0.322542,0.457921,-0.368167,0.367006,0.571031,0.469437,0.363507,-0.243016,0.258596,0.248247,0.58575,0.457921,-0.356359,0.109585,-0.531753,0.559432,-0.198556,-0.182235,0.092467,0.644978,-0.797245,0.611861,-0.426709,-0.325582,0.045403,-0.427778,0.35113,0.195347,0.053345,0.363507,-0.147014,0.644978,0.391961,0.435631,-0.077317,0.208274,0.563554,-0.651124,-0.218173,0.376241,0.509264,-0.048831,-0.077317,-0.063984,-0.040938,-0.657216,0.58242,-0.070682,0.01196,-0.797034,0.999934,0.23558,-0.174761,0.363507,-0.393701,-0.450444,-0.218173,-0.197271,0.588955,-0.207265,-0.109601,-0.374499,-0.531753,0.0,-0.534147,-0.665805,0.100876,0.0,0.100876,0.189725,0.201561,-0.164321,-0.135822,-0.327092,-0.555535,0.020381,0.065055,0.299066,0.376241,-0.218173,0.071726,-0.198556,-0.42758,-0.651055,-0.768928,-0.33189,-0.327259,0.0878,-0.327046,0.20503,-0.182235,-0.327911,-0.365654,0.25666,0.437764,0.25666,-0.531904,0.807664,0.447825,0.053345,0.133975,-0.54789,-0.138598,0.391961,-0.322354,0.104768,0.457921,-0.085319,-0.694556,0.764543,0.100567,0.059528,0.259443,-0.334652,0.25829,0.612304,-0.211927,-0.228057,0.045095,0.104768,0.421524,-0.35597,0.519714,-0.451317,-0.198556,-0.442005,-0.327092,#
17,-0.217606,0.633612,0.361053,0.303286,0.294478,-0.508093,0.081693,-0.011521,0.142598,0.544128,-0.025671,0.147589,-0.00549,-0.394314,-0.167584,0.1584,-0.395928,1.0,0.59088,-0.045878,0.415132,0.204553,0.014644,0.301666,-0.327938,0.525014,0.251933,-0.377197,-0.218958,0.313446,-0.370655,0.088534,0.207921,0.431747,-0.378932,-0.56744,0.447026,-0.170955,-0.000119,-0.30894,-0.545093,0.075829,0.589029,-0.315034,0.285787,-0.420011,0.094818,0.200926,0.307289,-0.197099,-0.130599,0.241333,-0.204574,0.164374,0.677302,0.035519,-0.224222,-0.327381,-0.462907,-0.223499,-0.023224,0.212341,-0.362096,-0.049332,-0.343596,-0.293025,0.295574,-0.206702,0.448696,0.114154,0.08324,0.136801,0.207921,0.22648,0.14824,-0.023224,-0.622478,-0.306487,0.120133,-0.155876,0.001574,0.028505,-0.004042,-0.019441,-0.410923,0.074772,-0.50757,0.506766,0.016519,-0.226101,0.958077,-0.446472,-0.110413,0.174871,-0.055476,0.43037,0.337147,0.297989,-0.164568,-0.150032,-0.220985,-0.283035,-0.179263,0.355282,-0.650801,-0.1141,-0.452549,-0.557301,-0.544808,-0.329253,0.067523,0.174917,0.315166,0.151448,0.155252,0.42597,-0.040109,-0.363034,-0.157859,-0.021688,-0.031118,0.249026,0.22648,-0.398607,-0.234595,0.516098,0.244046,-0.144639,0.281832,0.240924,0.110271,-0.299352,0.300179,-0.136462,0.118889,0.506766,0.0,-0.004211,0.744628,-0.457062,0.0,0.555246,0.142077,-0.479033,-0.211412,0.348832,0.310308,0.176083,-0.391159,0.27011,-0.345012,0.315166,0.240924,0.31793,-0.226101,-0.152248,0.110961,0.314364,-0.306033,0.287129,0.01166,0.262206,0.188119,0.304348,0.128945,0.660457,-0.368743,0.138519,0.180449,-0.038832,-0.775858,0.079767,-0.239824,0.094329,-0.054884,-0.216369,-0.1141,-0.289272,-0.444002,0.14824,-0.153663,-0.117819,0.018466,0.067592,-0.2194,0.394435,0.269574,-0.271566,0.009322,-0.007023,-0.037753,0.289068,-0.402855,-0.040179,0.094092,-0.555868,-0.049671,-0.249011,0.202306,-0.325859,#
18,0.25463,0.624959,0.371889,0.329421,-0.134108,-0.133567,0.061417,-0.387185,0.135338,0.540498,0.371084,-0.31498,-0.021477,-0.016112,-0.179076,0.164377,-0.36839,0.59088,1.0,-0.05826,0.41536,-0.215979,-0.004683,-0.115355,0.157609,0.137046,-0.18859,-0.3431,0.262359,0.326523,-0.226692,-0.3415,0.199683,0.437341,-0.370212,-0.533456,0.428863,0.260391,-5.9e-05,-0.280196,-0.524192,0.055606,0.667827,0.08693,0.273653,-0.524831,0.093007,0.196616,0.574381,-0.170591,-0.050228,0.685702,-0.215754,0.298463,0.228241,0.498412,-0.22465,-0.299836,-0.016788,-0.223924,0.674384,0.203948,-0.32305,-0.022195,-0.331366,-0.263451,0.280323,-0.172493,-0.240513,0.652433,-0.349768,0.249133,0.199683,0.66383,0.184995,0.674384,-0.212487,0.14953,0.136533,-0.12654,-0.378241,0.453605,0.397355,0.021399,-0.36962,-0.356466,-0.482806,0.486687,0.055846,-0.185061,0.445964,-0.403379,-0.087236,0.16986,-0.033493,0.414064,0.324634,-0.132362,-0.154671,-0.101878,-0.193072,-0.293591,-0.149737,-0.01731,-0.623229,0.302935,-0.432572,-0.122925,-0.498671,-0.290716,0.047435,0.166948,0.351802,-0.274852,-0.271932,0.425666,0.402352,-0.343046,0.368662,0.01894,0.385242,0.707488,0.220651,-0.362144,-0.199372,0.492361,-0.168294,0.534513,0.823611,0.232417,0.534707,0.164452,-0.198398,0.386129,-0.278766,0.486687,0.0,-0.001016,0.193242,-0.413367,0.0,0.151424,-0.345644,-0.286874,0.306041,0.453922,0.321806,0.163676,0.054889,-0.199464,-0.296099,0.351802,0.232417,0.302513,-0.185061,-0.163841,0.112663,0.295325,0.127033,0.274973,-0.44078,0.250259,-0.289703,-0.202449,0.123707,0.25298,0.169182,0.180841,0.169182,-0.054477,-0.738472,0.14859,-0.250731,0.505143,-0.042704,0.310911,0.302935,0.149001,-0.009055,0.184995,-0.141005,0.433596,-0.472684,0.11037,0.243655,-0.009076,0.291613,-0.2249,-0.125136,0.000258,-0.448767,-0.126426,0.052163,0.004627,-0.298128,-0.52812,0.64449,-0.207786,0.193441,-0.309187,#
19,-0.423954,0.311118,0.290183,0.060088,-0.422876,-0.272049,0.205439,0.211661,0.141568,0.473053,-0.05534,-0.323517,0.802575,0.050124,0.478708,0.048399,-0.425059,-0.045878,-0.05826,1.0,0.126412,0.547958,0.246548,-0.425042,-0.421991,-0.186445,0.414519,-0.283648,-0.226143,-0.324433,-0.623353,0.523836,0.544111,0.104918,0.288017,-0.380828,0.303863,-0.092845,5.3e-05,-0.425036,0.626457,0.657914,-0.444129,-0.081265,0.221719,0.088522,0.176719,0.463064,0.427176,0.300445,0.40161,0.071429,-0.001241,0.094753,-0.551518,0.358622,0.268719,-0.164956,0.457927,0.267852,0.049711,-0.237587,-0.552424,0.212323,0.239574,0.059542,0.051983,0.393438,-0.071479,-0.278832,0.533621,0.101073,0.544111,0.126985,-0.021367,0.049711,0.329616,-0.424251,-0.01331,-0.025498,0.212055,-0.158843,-0.16441,-0.793093,0.39496,0.549451,0.01383,0.404596,-0.292424,0.304866,-0.158383,-0.403784,-0.170109,0.029931,-0.37414,0.599468,0.835795,-0.424904,0.000675,-0.529891,0.331028,-0.022981,-0.529233,-0.086039,-0.27655,-0.03269,-0.050209,-0.148687,-0.272243,0.02289,0.672983,-0.216474,-0.174898,-0.424931,-0.04251,-0.039744,-0.529233,-0.034638,0.371428,-0.408292,-0.03269,-0.01331,0.523029,-0.424931,0.169167,0.275378,-0.529233,0.0193,0.110653,0.573364,-0.158843,0.014124,-0.198795,0.358416,0.097337,0.404596,0.0,0.341557,0.135148,0.006023,0.0,0.118184,-0.324546,-0.248348,-0.206593,-0.046197,-0.324546,0.137922,-0.125813,0.041576,-0.614997,-0.174898,0.573364,0.111575,0.304866,0.52833,0.144329,0.465534,0.498098,-0.324711,-0.160191,-0.3245,-0.324711,0.328355,0.10587,0.122556,-0.324011,-0.512631,-0.324011,0.768388,-0.169372,-0.107411,0.49409,-0.292021,0.313588,0.316149,-0.03269,0.030812,-0.421247,-0.021367,0.304886,0.321854,-0.334827,-0.354433,-0.417435,-0.236168,0.243541,-0.484756,-0.774525,0.185822,0.241961,0.04842,-0.421247,-0.470043,-0.436698,-0.414631,0.152746,0.304866,0.282995,0.149116,#
20,-0.419258,0.111544,0.670721,0.448474,-0.10013,-0.641273,0.288614,-0.172613,0.045432,0.262518,-0.028633,-0.319933,-0.047335,-0.785309,-0.420341,0.064019,-0.42035,0.415132,0.41536,0.126412,1.0,-0.103231,-0.12754,-0.064788,0.133933,0.650195,-0.134211,-0.864126,-0.332545,0.106946,-0.006559,-0.347092,-0.214076,0.974553,-0.048126,0.012814,0.37691,-0.52347,0.0,0.127397,-0.183143,-0.171914,0.26424,-0.462985,0.323631,0.385896,-0.328965,0.068756,-0.002156,-0.647965,-0.28155,0.087067,-0.419999,0.496081,-0.021142,0.014769,-0.305001,0.28922,0.190947,-0.335466,0.282739,-0.176046,-0.659744,-0.606763,-0.553807,-0.863907,-0.42009,-0.440265,0.231421,0.044793,-0.308229,0.116695,-0.214076,0.578337,0.454816,0.282739,-0.056183,-0.419552,0.111321,-0.035758,0.65215,0.154694,0.332938,-0.448176,-0.104781,-0.279384,-0.249736,0.519544,0.030183,0.375508,0.399811,0.068989,0.322498,0.102813,-0.782276,0.130614,0.302873,-0.052825,-0.059964,0.322968,0.164625,0.120125,0.003251,0.053119,-0.141157,-0.042719,0.085211,0.311096,0.183352,-0.418766,-0.144055,-0.214076,0.375508,0.130258,0.444418,0.785649,0.334827,0.102639,0.441496,0.085194,0.47632,0.466155,0.578337,-0.420224,0.267812,-0.144055,0.003251,0.123701,0.424163,0.550482,0.666132,-0.418374,0.364886,-0.380285,0.554071,0.519544,0.0,0.785649,0.247745,0.077085,0.0,0.565653,0.315711,0.452264,0.352967,0.334683,0.716572,0.404643,-0.405335,-0.419658,-0.492531,0.375508,0.550482,0.099125,0.375508,0.099125,-0.266484,0.12369,0.552548,-0.321114,0.103133,0.27802,0.091747,-0.254426,0.038053,0.578423,-0.320422,-0.608877,-0.320422,0.4895,-0.495451,0.517674,0.080083,0.223907,-0.508578,-0.261633,-0.042719,0.534954,-0.22758,0.454816,-0.494464,0.314701,-0.294201,0.0994,0.153907,-0.30284,-0.293061,0.261766,0.011518,-0.15546,-0.156078,-0.026364,-0.399159,-0.079483,0.108988,-0.275018,0.281799,0.375508,0.516345,0.07991,#
