0,1.0,0.283553,0.543685,-0.815978,0.265829,0.174664,0.816254,-0.402957,0.028368,0.112342,0.373047,-0.397108,0.677042,0.425277,-0.155732,0.36772,-0.102969,0.083837,0.30746,0.373047,-0.166617,-0.054652,0.006326,-0.534232,-0.661202,-0.062463,0.128664,-0.207053,0.816254,0.082944,-0.287624,0.48291,-0.377101,-0.272085,0.258729,0.356243,0.370068,0.167573,-0.358611,0.0,-0.044688,0.370068,0.264324,-0.138811,-0.079926,-0.80127,0.432985,0.087002,-0.36477,0.295157,0.677042,-0.503794,0.193101,-0.261469,0.413617,-0.289273,-0.09738,0.104858,0.391184,0.367344,0.797933,-0.269301,-0.297497,0.295157,0.354289,0.168936,-0.074508,0.129298,0.208293,-0.018426,0.346693,-0.111944,-0.06821,-0.571023,-0.366145,0.40849,-0.999158,-0.348895,-0.098767,-0.395555,-0.11826,0.009167,-0.411121,-0.142888,-0.534092,0.257785,-0.189878,-0.158745,-0.571023,-0.429146,-0.666139,-0.081567,-0.411121,0.267824,-0.805937,-0.571023,-0.341742,-0.826669,-0.098767,-0.113892,0.250013,-0.666139,-0.348895,-0.62509,-0.092396,-0.269279,-0.142888,0.178262,-0.395555,-0.133378,-0.013318,-0.272085,-0.805937,-0.666139,0.166617,-0.534092,-0.304551,0.408063,0.21339,-0.812528,-0.534092,-0.272085,-0.173877,-0.047775,-0.32304,-0.098767,0.523812,0.439457,-0.183073,-0.666139,-0.092406,-0.605903,-0.019936,0.253286,0.267824,-0.815843,0.111657,0.166617,0.399591,0.108148,-0.366145,0.26939,-0.080659,-0.551303,-0.78901,0.173867,-0.272085,0.415828,-0.78901,-0.272085,-0.58517,-0.406056,0.0,0.140123,-0.092396,-0.072062,0.296246,0.041275,-0.62509,-0.097463,0.391404,-0.534364,0.0,-0.092396,0.408063,0.59244,0.356243,0.093337,-0.534364,-0.408127,0.261782,-0.154182,-0.407919,-0.348895,-0.5171,-0.395555,-0.395555,0.105009,0.261671,-0.962492,0.60174,-0.326244,0.155688,0.58545,0.204653,-0.366145,0.279385,-0.142888,0.255817,0.124078,-0.38195,0.120532,0.558522,0.123207,-0.063821,-0.0507,0.020909,0.077323,0.271354,0.078065,#
1,0.283553,1.0,0.530487,-0.332566,-0.235287,-0.379216,0.347384,-0.080751,0.347045,0.503082,0.227416,0.322372,0.399937,0.322372,-0.265108,-0.483484,-0.493208,0.321536,0.225907,0.227416,0.399193,0.318118,0.322372,-0.520534,-0.470562,-0.473002,-0.191747,-0.444007,0.347384,0.140888,-0.227982,-0.123594,-0.080751,0.115795,0.425262,0.227416,-0.114603,-0.204745,-0.374561,0.0,0.224366,-0.114603,0.399036,-0.252452,0.227243,-0.168543,-0.270885,0.483752,0.228707,-0.080751,-0.235287,-0.18992,0.170884,0.044543,0.42825,-0.122867,-0.150446,-0.175088,0.347121,0.039085,0.347113,-0.997597,-0.209257,-0.080751,0.652859,0.963702,-0.482706,0.911192,0.582436,0.646646,0.004252,-0.100979,-0.492429,-0.251837,-0.198219,-0.158379,-0.251837,-0.192478,-0.138602,-0.317443,-0.138602,-0.291435,-0.291435,-0.251837,-0.474773,0.425456,-0.258136,-0.251837,-0.251837,-0.324909,-0.370158,-0.132865,-0.291435,-0.067363,-0.192478,-0.251837,-0.342193,-0.198219,-0.138602,0.2273,-0.235287,-0.370158,-0.192478,-0.138602,0.662545,-0.406421,-0.225343,-0.370158,-0.317443,0.2263,0.321201,-0.999264,-0.192478,-0.370158,0.283638,-0.474773,-0.397478,-0.106032,0.143941,-0.334777,-0.474773,0.115795,-0.231402,-0.312439,-0.114603,-0.138602,0.502015,-0.13161,0.070305,-0.370158,0.662602,-0.258136,-0.298612,-0.285275,-0.067363,-0.317443,0.173692,0.283638,-0.153354,-0.164196,-0.198219,-0.225343,0.227416,-0.176824,-0.192478,-0.223425,-0.999264,0.321652,-0.192478,0.115795,-0.132865,-0.067363,0.0,-0.397478,0.662545,-0.474773,-0.013423,0.631642,-0.138602,0.227416,0.347208,0.19934,0.0,0.662545,-0.138602,0.294076,0.227416,-0.1854,0.19934,0.173692,0.456693,-0.187535,-0.638382,-0.192478,0.240446,-0.291435,-0.317443,0.221542,0.432097,-0.2953,0.31982,-0.212937,0.193348,0.31982,0.294303,-0.198219,0.393884,-0.251837,-0.21884,0.189681,-0.060561,0.219881,-0.212937,0.396021,0.269286,-0.389985,-0.320345,-0.198219,-0.270142,0.140536,#
2,0.543685,0.530487,1.0,-0.668777,0.382433,0.109181,0.649827,-0.184205,0.238122,0.533952,0.436047,-0.217312,0.365749,0.224615,-0.526397,-0.030103,-0.036475,0.261955,0.41434,0.418321,-0.096168,-0.256159,0.224615,-0.526596,-0.357576,-0.02338,-0.419438,-0.425432,0.649827,-0.22555,-0.408296,0.212222,-0.184205,-0.509031,0.380017,0.436047,-0.265153,0.034705,-0.197592,0.0,0.416105,-0.265153,-0.057569,-0.499789,-0.02338,-0.589642,-0.361325,-0.042126,-0.111318,0.552196,0.382433,-0.330877,0.310927,-0.146016,0.531455,0.221531,-0.327128,0.073465,0.214376,-0.02559,0.648594,-0.495549,0.028865,-0.184205,0.19522,0.468065,-0.029599,0.482627,0.189814,0.15107,-0.15257,-0.065322,-0.507881,-0.514433,-0.414013,-0.302115,-0.531159,-0.420605,-0.304554,-0.212729,-0.325116,-0.196309,0.230609,-0.062817,-0.511839,0.35151,-0.087956,-0.514433,-0.531159,-0.20605,-0.338732,0.237915,-0.196309,-0.180747,-0.420605,-0.079544,-0.27167,-0.432005,-0.304554,-0.051545,-0.068016,-0.355537,0.061504,-0.325116,0.215241,-0.811427,0.372072,-0.338732,-0.212729,-0.070346,0.205979,-0.509031,-0.420605,-0.355537,0.079587,-0.511839,0.078274,0.78526,-0.070215,-0.606243,-0.52989,0.222024,-0.087956,-0.225461,-0.265153,0.230072,0.516828,-0.114796,-0.095505,-0.355537,0.215255,-0.543675,-0.20605,-0.034985,-0.208087,-0.656067,0.333036,0.527265,-0.077026,0.079359,-0.414013,-0.079544,0.418321,-0.373894,-0.420605,-0.381527,-0.509031,0.211194,-0.420605,-0.509031,-0.313739,-0.208087,0.0,-0.37622,0.215241,-0.511839,0.163132,0.263178,-0.325116,-0.042541,0.205979,-0.521129,0.0,0.215241,-0.304554,0.129128,0.418321,-0.417424,-0.042541,-0.215255,0.395505,-0.055747,-0.199488,-0.420605,-0.037658,-0.196309,-0.212729,0.334986,0.370535,-0.616481,0.557413,0.060675,-0.130059,0.122438,0.122438,-0.414013,0.676796,-0.079544,-0.05942,-0.18801,-0.194648,-0.171253,0.078044,0.295195,-0.056832,-0.29162,-0.177278,0.071768,0.155878,-0.230803,#
3,-0.815978,-0.332566,-0.668777,1.0,-0.421264,-0.428833,-0.608816,0.310031,-0.221982,-0.234607,-0.211583,0.196482,-0.421858,-0.212443,0.391248,-0.239004,0.220626,0.132665,-0.197457,-0.227985,0.003069,-0.143093,-0.212443,0.640936,0.800735,0.197655,0.187116,0.362255,-0.608816,0.017085,0.5801,-0.498722,0.310031,0.343242,-0.40125,-0.211583,-0.431771,0.140974,0.194162,0.0,-0.306562,-0.431771,-0.004458,0.389974,0.213389,0.587844,-0.340447,-0.215781,0.325438,-0.371377,-0.421264,0.458876,-0.089339,0.271226,-0.426267,0.082619,0.486341,-0.224038,-0.178818,-0.433818,-0.590855,0.320903,0.15101,-0.371377,-0.456981,-0.24128,0.209268,-0.267119,-0.362598,0.000512,-0.313212,0.344938,0.202901,0.410066,0.231966,-0.504841,0.812478,0.201482,0.012051,0.589432,0.506752,0.194395,0.179202,-0.007825,0.207022,0.003069,0.409714,0.410066,0.394588,0.207902,0.405791,-0.020901,0.194395,-0.320445,0.647588,0.394588,0.108055,0.664823,0.012051,0.247851,-0.421264,0.39024,0.201482,0.506752,0.011276,0.423165,-0.023302,-0.014082,0.589432,0.281975,-0.193889,0.318188,0.647588,0.810113,-0.003068,0.657996,0.005032,-0.520705,-0.119115,0.587419,0.641294,0.343242,-0.011974,0.235072,0.244751,-0.006977,-0.650342,0.136573,0.181223,0.39024,0.011275,0.831402,0.207902,-0.448784,0.33731,0.589432,0.007516,-0.417315,-0.395474,-0.228101,0.231966,-0.023302,0.214864,0.44358,0.647588,0.128966,0.318188,-0.202939,0.647588,0.343242,0.489557,0.33731,0.0,0.021207,0.011276,0.207022,-0.325425,-0.094641,0.506752,0.231265,-0.193889,0.674114,0.0,0.011276,0.012051,-0.422697,-0.227985,0.199413,0.231265,0.514863,-0.401167,0.403914,0.496356,0.647588,0.198904,0.194395,0.179202,-0.026927,-0.42535,0.74779,-0.818899,0.207755,-0.060428,-0.416406,-0.416406,0.231966,-0.219698,0.394588,-0.010025,-0.008314,0.317015,-0.02401,-0.672982,-0.310518,0.178756,-0.126985,0.182523,-0.217538,-0.456915,0.022001,#
4,0.265829,-0.235287,0.382433,-0.421264,1.0,0.661432,0.007899,-0.272384,0.027128,-0.075043,0.543003,-0.396412,-0.233697,-0.396412,-0.25747,0.072181,0.525862,0.024759,-0.412027,0.09481,-0.241873,-0.473568,0.017448,-0.376198,-0.18612,0.526053,-0.10778,-0.130873,0.007899,-0.612077,-0.572884,0.068082,0.417247,-0.408142,0.182955,0.09481,-0.183285,-0.016447,0.001644,0.0,-0.315645,-0.183285,-0.233969,0.167283,0.112652,-0.066181,-0.160396,-0.406749,0.066681,0.417247,0.578159,0.069711,-0.014911,0.411281,0.479604,0.562769,-0.4139,0.799427,-0.016251,0.439941,0.001767,0.273404,0.443742,-0.272384,-0.439402,-0.308385,0.526093,-0.078369,-0.172232,-0.495998,0.32993,-0.368024,0.083925,0.154081,-0.090402,0.108708,-0.268852,-0.104672,0.106652,-0.016412,-0.413276,0.398769,0.398769,0.577015,0.06973,0.177373,-0.25716,0.154081,-0.268852,-0.002691,0.236532,0.605481,0.398769,0.420981,-0.104672,0.154081,0.343894,-0.545331,0.106652,-0.344751,0.156318,-0.188408,0.346817,-0.413276,0.118484,-0.607723,0.577015,0.236532,-0.016412,0.06811,-0.393446,0.250152,-0.104672,-0.188408,-0.161248,0.06973,-0.152055,0.62658,-0.588009,0.025602,-0.386687,0.276483,-0.25716,0.025602,-0.183285,0.106652,-0.063189,-0.058478,-0.386655,-0.188408,0.118493,-0.683937,-0.002691,0.250423,-0.270314,-0.431593,0.414725,0.257997,-0.247095,0.798306,-0.090402,0.154081,0.09481,0.172592,-0.104672,-0.100907,0.250152,-0.402876,-0.104672,-0.408142,0.088863,-0.270314,0.0,0.216278,0.118484,0.06973,-0.080354,-0.483144,-0.413276,0.09481,-0.393446,-0.353383,0.0,0.118484,0.106652,-0.142329,0.09481,-0.55873,0.09481,-0.098744,0.19109,-0.302156,0.395339,-0.104672,-0.360542,0.398769,-0.016412,-0.618818,-0.233965,-0.358948,0.251721,0.369922,-0.057614,-0.155628,0.251721,-0.090402,0.382178,0.154081,0.152613,-0.1102,0.396083,-0.093366,0.369922,-0.061925,-0.801774,0.348371,0.41887,0.364526,0.160278,-0.611901,#
5,0.174664,-0.379216,0.109181,-0.428833,0.661432,1.0,0.007925,0.269587,0.020784,-0.337451,-0.084743,-0.400898,-0.153072,-0.400898,0.246213,-0.11324,0.336376,-0.366053,-0.145368,-0.084743,0.262074,-0.066444,0.014311,-0.107699,-0.229802,0.348044,0.064879,-0.24539,0.007925,-0.408061,-0.796802,0.343668,0.269587,-0.272101,-0.164148,-0.534397,0.316194,-0.329862,0.409919,0.0,-0.0505,0.316194,-0.565797,-0.179253,-0.066706,-0.097784,0.122299,-0.274497,-0.26051,0.269587,0.238216,-0.099504,0.187767,0.138244,0.422294,0.465539,-0.111177,0.527356,-0.422052,0.255908,-0.0013,0.396705,0.126011,0.269587,-0.15404,-0.488736,0.341919,-0.406813,0.017864,-0.633911,0.155965,-0.671958,-0.107931,0.234732,-0.374687,0.408163,-0.189581,0.5241,-0.113241,-0.021094,-0.634865,-0.021094,0.395441,0.234732,0.339613,-0.158539,-0.18188,0.234732,0.234732,-0.012059,0.147301,0.394375,0.395441,0.268232,0.071138,0.234732,0.05541,-0.374687,-0.113241,-0.534125,0.238216,0.147301,0.5241,-0.634865,-0.087167,-0.273443,0.234732,0.573627,-0.437629,-0.136968,0.017178,0.388339,0.071138,-0.279025,0.174716,-0.118292,0.182493,0.408382,-0.392016,0.006605,-0.118292,-0.272101,0.246288,0.006605,-0.370725,-0.113241,0.112756,-0.280544,-0.489308,0.147301,-0.087178,-0.610048,-0.012059,0.305778,-0.425318,-0.021094,0.106991,0.595329,0.349149,0.5241,-0.374687,0.234732,-0.534397,0.451499,-0.381823,-0.31821,0.388339,-0.404189,0.071138,-0.272101,-0.123928,-0.425318,0.0,0.182493,-0.087167,-0.118292,0.26872,-0.626635,-0.634865,-0.084743,-0.399357,-0.534397,0.0,-0.087167,-0.113241,-0.244656,-0.084743,-0.385176,-0.084743,-0.408152,-0.170799,-0.679386,0.072989,-0.381823,-0.100642,-0.021094,0.395441,-0.423529,0.255686,-0.119599,0.143561,0.059764,0.137918,0.170807,0.143561,-0.374687,-0.068228,-0.189581,-0.192559,0.086747,0.251695,0.103797,0.529747,-0.056605,-0.544509,0.375105,-0.012587,0.081725,0.257904,-0.407944,#
6,0.816254,0.347384,0.649827,-0.608816,0.007899,0.007925,1.0,-0.309942,0.218537,0.237493,0.218218,-0.193752,0.82945,0.612256,0.015899,0.229499,-0.223691,0.296923,0.65031,0.654654,-0.0,-0.237665,0.209252,-0.206682,-0.357116,-0.200608,0.243491,-0.060559,1.0,-0.009432,-0.130356,0.58102,-0.309942,-0.333333,0.016543,0.218218,0.26669,0.181042,-0.124874,0.0,0.183159,0.26669,0.022523,-0.380607,-0.200608,-0.981642,0.212417,0.11113,-0.317783,0.361599,0.418675,-0.361012,0.491919,-0.266312,0.428561,-0.196677,0.0,-0.21092,0.191032,-0.22502,0.999221,-0.335771,-0.264238,0.361599,0.460674,0.25599,-0.212265,0.121478,0.364201,0.106998,-0.235965,0.038662,-0.206206,-0.812238,-0.664492,-0.0,-0.812238,-0.207611,-0.506289,-0.190915,0.0,-0.190915,-0.190915,-0.400399,-0.654321,0.408248,-0.0,-0.400399,-0.400399,-0.613161,-0.816092,0.013974,-0.595205,-0.336581,-0.647256,-0.400399,-0.53598,-0.664492,-0.506289,-0.234568,0.007899,-0.402299,-0.207611,-0.506289,2e-06,-0.419627,0.01144,0.011494,-0.190915,-0.268241,0.190915,-0.333333,-0.647256,-0.402299,0.408248,-0.654321,-0.023911,0.506289,0.124505,-0.995434,-0.209877,-0.333333,-0.0,-0.231496,-0.400036,0.0,0.647256,0.349948,-0.051796,-0.402299,0.0,-0.415581,-0.204387,0.012031,0.336581,-0.595205,0.0,0.408248,0.513647,-0.207611,-0.664492,0.423279,0.218218,-0.562838,-0.647256,-0.120833,-0.333333,0.6,-0.647256,-0.333333,-0.489092,-0.336581,0.0,-0.023911,2e-06,-0.209877,0.495559,0.104805,-0.506289,-0.218218,0.595205,-0.654654,0.0,2e-06,0.0,0.429296,0.654654,0.234787,-0.654654,-0.5,0.025872,0.031481,-0.499745,-0.207611,-0.201569,-0.595205,-0.190915,0.511785,0.423109,-0.750372,0.423109,-0.213828,0.067845,0.423109,0.026444,-0.664492,0.504709,0.01144,0.01375,0.016509,-0.316283,0.031944,0.242338,0.308205,0.2102,-0.248452,-0.17931,-0.221497,0.235621,-0.014278,#
7,-0.402957,-0.080751,-0.184205,0.310031,-0.272384,0.269587,-0.309942,1.0,-0.320122,-0.215789,-0.495989,-0.340094,-0.272384,-0.340094,0.391349,-0.532826,0.20885,-0.384519,0.235151,-0.49599,0.416505,0.332116,-0.340094,0.181057,0.241168,0.209509,-0.255898,-0.491143,-0.309942,0.147872,-0.266659,-0.19484,-0.127419,0.120533,-0.251669,-0.495989,-0.16394,-0.244557,0.30877,0.0,0.233548,-0.16394,-0.264305,-0.317087,0.236542,0.307968,-0.324344,-0.272681,-0.261626,-0.127419,-0.272384,-0.231556,0.177877,-0.221829,-0.033212,0.165661,0.658799,-0.211591,-0.304774,-0.148205,-0.314708,0.087391,-0.249461,-0.127419,-0.174934,-0.112733,0.209248,-0.228696,-0.252203,-0.174861,-0.153585,-0.235668,-0.543713,0.390916,-0.24759,-0.196463,0.390916,0.496799,-0.191428,0.310656,-0.191428,-0.341983,0.336762,-0.300501,0.209498,-0.242523,0.390294,0.390916,0.390916,0.309995,0.269863,-0.185157,0.336762,-0.132816,0.496799,0.390916,-0.397157,0.496133,-0.191428,0.236602,-0.272384,0.269863,0.496799,-0.191428,-0.1485,0.242357,-0.273908,0.269863,-0.368088,0.235561,0.335311,0.077485,0.496799,0.269863,0.295244,0.209498,0.267728,-0.158737,0.150682,0.312114,0.209498,0.120533,0.417129,0.334536,-0.16394,-0.191428,-0.214491,-0.182512,-0.187626,0.269863,-0.148514,0.390294,0.33639,-0.33746,-0.132816,0.310656,0.1808,0.295244,0.017009,-0.212914,-0.24759,-0.273908,-0.495989,0.640697,-0.241302,-0.261714,0.077485,-0.335771,0.496799,0.120533,-0.185157,-0.132816,0.0,-0.334428,-0.1485,-0.536659,-0.057261,-0.095517,-0.191428,0.236722,-0.317327,0.208541,0.0,-0.1485,-0.191428,-0.43546,-0.495989,-0.242189,0.208541,0.1808,-0.262948,-0.301667,0.14936,-0.241302,0.203043,-0.341983,0.310656,0.175253,0.406395,0.372546,-0.421763,-0.269516,0.145445,0.288574,-0.447376,-0.24759,-0.413051,-0.300501,-0.274886,0.143273,-0.12542,0.175325,-0.269516,-0.351646,0.229963,-0.322462,-0.37646,-0.24759,-0.325588,0.147516,#
8,0.028368,0.347045,0.238122,-0.221982,0.027128,0.020784,0.218537,-0.320122,1.0,0.264801,0.23163,0.605368,0.027128,0.22792,0.002978,-0.205392,-0.653866,0.316718,-0.179662,0.674453,0.401477,-0.192403,0.22792,-0.19949,-0.349698,-0.193332,0.220187,-0.048886,0.218537,-0.499401,-0.145422,0.482804,0.361246,0.291382,-0.028664,-0.211192,0.211479,0.154866,0.243527,0.0,0.176359,0.211479,-0.445573,-0.430294,-0.261407,-0.188105,0.074117,0.664974,0.630916,-0.26771,-0.389659,0.049152,0.506796,0.284759,0.165014,-0.060037,-0.519888,0.220723,-0.210343,-0.235337,0.242578,-0.361246,0.146497,0.361246,0.577729,0.252943,-0.205155,0.439505,0.676372,-0.020346,-0.430216,0.021726,0.204045,-0.001429,-0.210525,0.012065,-0.001429,0.224946,0.020197,-0.178107,-0.493502,-0.209661,-0.178107,0.030715,0.213526,0.401478,-0.8008,-0.419295,0.416437,-0.583495,-0.007895,0.045371,-0.209661,-0.309399,-0.221134,0.030715,0.307888,-0.210525,0.020197,-0.237423,-0.004932,0.411954,-0.18682,0.020197,0.499457,-0.422129,0.448581,-0.007895,-0.178107,0.168683,0.2321,-0.333008,-0.221134,-0.007895,0.395105,-0.237423,0.061213,0.059712,-0.479764,-0.181403,0.213526,-0.333008,0.431754,-0.604195,-0.465004,0.059712,0.25926,-0.361373,-0.221129,0.411954,0.499512,-0.411572,-0.615399,-0.33503,-0.309399,0.200546,0.007805,0.426968,0.201476,0.224946,-0.210525,0.416437,0.23163,-0.101276,0.224946,-0.608428,-0.333008,0.218537,0.224946,0.291382,0.516536,0.373614,0.0,-0.045163,0.499457,0.213526,0.134354,0.344023,0.020197,-0.245256,0.200546,-0.245256,0.0,0.499457,-0.493502,-0.370394,0.23163,-0.218982,-0.211192,-0.03122,-0.011712,-0.041279,-0.499258,-0.221134,0.243625,0.200546,0.2321,0.024224,0.018575,0.093705,0.441684,0.240767,-0.474454,-0.018576,0.441684,-0.210525,0.205738,0.030715,-0.417688,0.024224,0.353147,-0.029918,-0.193148,0.166502,0.187964,-0.236575,-0.58219,-0.625428,0.287701,-0.499258,#
9,0.112342,0.503082,0.533952,-0.234607,-0.075043,-0.337451,0.237493,-0.215789,0.264801,1.0,0.425707,0.217584,0.361146,0.661954,-0.536045,-0.024512,-0.524926,0.642209,0.028713,0.444216,-0.086568,-0.175865,0.217584,-0.048939,0.038417,-0.03625,-0.390976,0.068976,0.237493,0.3176,-0.007371,-0.303902,-0.215789,-0.508913,-0.080682,0.425707,-0.22168,0.042228,0.198418,0.0,0.438259,-0.22168,-0.098067,-0.526826,-0.536352,-0.135659,-0.406972,0.494862,0.341137,0.524684,-0.075043,-0.462712,0.333792,-0.328659,0.2181,0.214085,-0.3343,-0.415048,-0.213756,-0.176546,0.250464,-0.524683,-0.466022,-0.187309,0.321736,0.439684,-0.04276,0.421302,0.038405,0.129532,-0.084059,-0.055749,-0.504932,-0.087329,0.048012,-0.287009,-0.087329,-0.410193,0.226643,0.222894,-0.331615,-0.651537,-0.205749,0.366783,-0.508913,-0.086568,-0.095956,-0.541442,-0.069863,0.217662,-0.350975,0.234682,-0.651537,-0.212527,-0.428838,0.366783,-0.274788,0.048012,0.226643,-0.064923,-0.510562,-0.333426,0.055935,0.226643,0.212027,-0.363833,0.384249,-0.789693,0.222894,-0.084507,0.661063,-0.508913,-0.428838,-0.350975,-0.346272,-0.527762,0.103435,0.248114,0.310776,-0.25035,-0.508913,0.197911,-0.060707,-0.695089,-0.249955,0.784901,0.532422,-0.299106,-0.261397,-0.333426,0.212047,-0.095956,-0.666469,-0.119391,-0.212527,-0.205749,0.318071,0.103882,-0.222303,-0.410193,0.048012,-0.50651,0.425707,-0.365423,0.055935,-0.515376,-0.508913,0.661587,0.055935,-0.508913,0.234682,0.529732,0.0,-0.845734,0.212027,-0.508913,0.380507,0.756873,0.226643,-0.536761,-0.213369,-0.074036,0.0,0.212027,-0.331615,0.091583,-0.037018,-0.407,0.407198,-0.233252,-0.065832,0.021361,-0.217995,-0.428838,0.443298,-0.205749,0.24004,0.361275,0.353269,-0.147496,0.567473,0.525963,-0.257517,-0.336446,0.550651,0.048012,0.182243,0.366783,-0.521331,0.340271,-0.198834,-0.731549,0.042319,0.276191,-0.035658,-0.221271,-0.231392,0.048012,0.457438,0.317303,#
10,0.373047,0.227416,0.436047,-0.211583,0.543003,-0.084743,0.218218,-0.495989,0.23163,0.425707,1.0,-0.214783,0.09481,0.22493,-0.350416,0.05379,0.059661,0.665937,-0.425728,0.523809,-0.356348,-0.649179,-0.214783,-0.428466,-0.131149,0.542444,-0.027483,-0.054748,0.218218,-0.327254,-0.092924,-0.152147,0.236722,-0.218218,0.10108,0.523809,-0.430655,0.497783,-0.176215,0.0,-0.422824,-0.430655,0.083555,0.100727,0.047583,-0.180972,-0.286299,0.040418,0.541765,0.236722,0.543003,-0.245091,0.302065,0.29057,0.405251,0.205055,-0.207885,0.436331,0.21164,0.294618,0.224557,-0.208541,0.009942,-0.495989,-0.177527,0.089378,0.53654,0.315157,-0.173986,-0.282309,0.278055,0.059057,0.060649,0.09736,-0.032223,-0.197456,-0.351993,-0.519668,0.349858,0.22791,-0.202549,0.22791,-0.213206,0.546713,-0.428354,0.534523,-0.347635,0.09736,-0.351993,-0.208138,-0.082772,0.338482,-0.213206,0.244826,-0.519668,0.09736,0.096167,-0.51557,0.349858,0.056575,-0.353383,-0.534258,-0.039975,-0.202549,0.327293,-0.534159,0.546713,-0.082772,0.22791,0.493366,-0.213206,-0.218218,-0.519668,-0.082772,-0.089087,0.056575,-0.532225,0.349858,-0.314386,-0.197015,-0.428354,0.509175,-0.347635,-0.197015,-0.430655,0.349858,-0.039975,0.352454,-0.50297,-0.534258,0.327327,-0.347635,-0.208138,-0.322915,0.244826,-0.654323,0.763763,-0.089087,-0.502954,0.439719,-0.032223,0.09736,0.523809,-0.163018,-0.039975,-0.097938,-0.218218,0.218218,-0.039975,-0.218218,0.338482,0.244826,0.0,-0.140883,0.327293,0.056575,-0.142289,0.225436,-0.202549,0.047619,-0.213206,0.047619,0.0,0.327293,0.349858,-0.065292,0.047619,-0.518751,0.047619,0.218218,0.124205,0.116787,0.233686,-0.039975,-0.414725,0.22791,-0.213206,-0.313426,-0.346237,-0.512027,0.37509,0.4635,-0.310907,-0.086559,0.37509,-0.032223,0.418518,0.546713,0.099019,0.226964,0.231415,-0.313682,-0.034218,-0.242706,-0.412824,-0.243975,0.240362,-0.032223,0.102834,-0.32716,#
11,-0.397108,0.322372,-0.217312,0.196482,-0.396412,-0.400898,-0.193752,-0.340094,0.605368,0.217584,-0.214783,1.0,-0.013775,0.187939,-0.005915,-0.209022,-0.654346,0.210302,-0.18344,0.22493,0.404986,0.231256,0.59397,0.213974,0.000878,-0.653998,0.22287,0.381034,-0.193752,-0.006359,0.233911,-0.023715,0.336491,0.33842,-0.00718,-0.214783,0.237277,-0.280197,0.136716,0.0,0.170115,0.237277,-0.028918,0.001318,-0.232195,0.263387,0.063429,0.683272,0.517967,-0.340094,-0.810272,0.483721,-0.076869,0.295143,-0.14503,-0.091625,-0.512183,-0.200669,-0.184722,-0.339191,-0.172565,-0.361512,0.167713,0.336491,0.559163,0.410279,-0.654326,0.423762,0.664223,0.495359,-0.33978,0.048241,0.230892,0.005054,0.242616,0.014756,0.419985,0.228572,0.024197,-0.200269,0.024197,-0.184602,-0.184602,0.005054,0.2414,0.009492,-0.402062,-0.409878,0.419985,-0.191138,0.017905,0.010072,-0.184602,-0.304328,0.228572,0.005054,0.33148,0.242616,0.024197,-0.206382,0.017448,0.434806,-0.214375,0.534288,0.499831,0.013551,0.021013,-0.398995,0.207058,-0.187991,0.207058,-0.333253,0.228572,0.017905,0.006328,-0.206382,0.054483,-0.466276,-0.135502,0.180847,0.2414,-0.333253,0.032745,-0.575372,0.237277,0.024197,0.228572,-0.513217,0.339801,0.434806,0.49988,0.016641,-0.587142,0.007552,-0.304328,0.614384,-0.49988,0.006328,0.066857,-0.197339,0.242616,0.021013,0.22493,-0.077644,0.67152,-0.228498,-0.333253,0.193752,0.228572,0.33842,0.516916,0.373889,0.0,-0.01779,0.499831,0.2414,0.097026,0.344277,0.534288,-0.214783,0.222724,0.208018,0.0,0.499831,-0.485895,0.004134,0.22493,0.231319,0.208018,0.003875,0.009223,0.039282,-0.499625,0.228572,0.655445,0.222724,0.207058,0.020344,-0.006148,0.532528,0.032791,0.210683,-0.047585,-0.393495,0.417064,0.242616,0.051297,0.005054,-0.39227,0.001152,0.353407,0.003714,-0.220184,0.546368,0.216666,0.190627,-0.213612,-0.203706,0.053565,-0.00166,#
12,0.677042,0.399937,0.365749,-0.421858,-0.233697,-0.153072,0.82945,-0.272384,0.027128,0.361146,0.09481,-0.013775,1.0,0.813945,0.167042,0.106426,-0.358974,0.451518,0.5394,0.543003,0.161248,-0.035283,0.400085,0.083675,-0.165479,-0.3352,0.390994,0.223133,0.82945,0.394516,-0.070366,0.20654,-0.272384,-0.408142,-0.224773,0.09481,0.389744,-0.110836,0.021373,0.0,0.06054,0.389744,0.181778,-0.216541,-0.3352,-0.767429,0.205801,0.297015,-0.267508,0.417247,0.188143,-0.33905,0.408022,-0.273486,0.468322,-0.111345,0.103291,-0.518178,-0.001161,-0.253301,0.828804,-0.416227,-0.568263,0.417247,0.567932,0.323552,-0.347235,0.068772,0.379843,0.223218,-0.065241,-0.196993,-0.341012,-0.669192,-0.546303,0.107963,-0.669192,-0.080554,-0.414387,0.005766,0.105541,-0.393446,-0.393446,-0.246259,-0.801168,0.177373,0.168704,-0.246259,-0.246259,-0.423374,-0.999245,0.11646,-0.808627,-0.271791,-0.532043,-0.246259,-0.740948,-0.546303,-0.414387,-0.370107,-0.233697,-0.574305,-0.080554,-0.414387,0.098736,-0.177713,-0.229992,-0.149365,0.005766,-0.404118,0.397882,-0.408142,-0.532043,-0.574305,0.257997,-0.801168,-0.185111,0.125538,0.384278,-0.875953,-0.344751,-0.408142,-0.241658,-0.434319,-0.294942,0.105541,0.797342,0.306213,-0.068534,-0.574305,0.098744,-0.258072,-0.407228,0.128775,0.419504,-0.409415,-0.098744,0.257997,0.514479,-0.514679,-0.546303,0.192941,0.09481,-0.438553,-0.532043,-0.062726,-0.408142,0.813651,-0.532043,-0.408142,-0.400158,-0.271791,0.0,-0.185111,0.098736,-0.344751,0.714944,0.175635,-0.414387,-0.353383,0.41385,-0.370621,0.0,0.098736,0.105541,0.669512,0.543003,0.374419,-0.370621,-0.612213,-0.208462,-0.160404,-0.611901,-0.080554,0.094401,-0.808627,0.005766,0.431021,0.59118,-0.580056,0.277834,-0.098533,0.411339,0.277834,0.262166,-0.546303,0.321804,0.176674,-0.227561,0.411459,-0.254992,-0.061823,0.369922,0.499107,0.091326,-0.009813,-0.002024,-0.091374,0.221288,0.394211,#
13,0.425277,0.322372,0.224615,-0.212443,-0.396412,-0.400898,0.612256,-0.340094,0.22792,0.661954,0.22493,0.187939,0.813945,1.0,-0.005915,0.236294,-0.654346,0.642412,0.283273,0.664644,-0.006328,-0.165074,0.187939,0.213974,0.000878,-0.197044,0.256707,0.381034,0.612256,0.487781,0.233911,0.093361,-0.340094,-0.333253,-0.390527,0.22493,0.291015,0.194047,0.220591,0.0,0.18954,0.291015,0.001338,-0.390307,-0.653998,-0.555107,0.164141,0.589968,0.097744,0.336491,0.017448,-0.486208,0.499425,-0.429299,0.14282,-0.201711,-0.004053,-0.642677,-0.184722,-0.339191,0.6238,-0.361512,-0.713574,0.336491,0.559163,0.22974,-0.208786,0.070191,0.208032,0.083753,-0.149592,0.048241,-0.202682,-0.409878,-0.228501,0.014756,-0.409878,-0.214375,-0.004142,0.207058,-0.004142,-0.591929,-0.591929,0.005054,-0.654164,0.009492,-0.00662,-0.409878,0.005054,-0.214018,-0.815896,0.010072,-0.999255,-0.342007,-0.657323,0.005054,-0.532528,-0.228501,-0.004142,-0.231258,-0.396412,-0.398995,-0.214375,-0.004142,-0.00387,-0.009937,0.021013,-0.398995,0.207058,-0.265206,0.591755,-0.333253,-0.657323,-0.398995,0.006328,-0.654164,-0.01779,0.015477,0.473776,-0.658799,-0.206382,-0.333253,0.009483,-0.645343,-0.380718,0.50595,0.646912,0.191935,-0.208135,-0.398995,-0.003875,-0.00662,-0.610022,-0.065174,0.33621,-0.200269,0.003875,0.006328,0.358783,-0.640286,-0.228501,0.021013,0.22493,-0.551917,-0.214375,-0.228498,-0.333253,0.99976,-0.214375,-0.333253,0.010072,0.33621,0.0,-0.451428,-0.00387,-0.206382,0.67514,0.555461,-0.004142,-0.654496,0.200095,-0.231695,0.0,-0.00387,-0.004142,0.397334,0.22493,0.231319,-0.231695,-0.49988,-0.381766,0.102717,-0.499625,-0.214375,0.220267,-0.591929,0.207058,0.519339,0.393495,-0.33148,0.432435,0.210683,-0.047585,0.006148,0.417064,-0.228501,0.051297,0.419985,-0.39227,0.500147,-0.321397,-0.479042,0.210683,0.276352,0.216666,-0.18485,-0.213612,-0.228501,0.50197,0.487453,#
14,-0.155732,-0.265108,-0.526397,0.391248,-0.25747,0.246213,0.015899,0.391349,0.002978,-0.536045,-0.350416,-0.005915,0.167042,-0.005915,1.0,-0.378936,0.072052,0.019014,0.069259,0.100614,0.593905,-0.027623,-0.005915,0.517279,0.272674,0.083897,0.788274,0.196555,0.015899,-0.10587,-0.094093,0.164277,0.391349,0.280884,-0.660967,-0.801446,0.334546,-0.154282,0.443006,0.0,-0.432056,0.334546,-0.257354,0.144588,0.100538,-0.058796,0.174822,-0.053006,-0.017368,-0.302649,-0.25747,0.193239,0.414516,0.303797,0.186247,0.065841,0.602433,-0.09014,-0.403251,-0.370281,0.025134,0.251317,-0.144142,0.391349,0.060464,-0.339235,0.077621,-0.467179,0.19265,-0.282549,-0.260362,-0.280916,0.071129,0.148418,-0.554262,0.085569,0.148418,0.798021,-0.420141,0.39317,0.103079,-0.00857,-0.00857,-0.277192,0.075373,0.188232,0.163899,0.574029,0.574029,-0.433456,-0.183114,0.085315,-0.00857,-0.274999,0.343673,0.148418,-0.335561,-0.096453,-0.420141,-0.341732,-0.25747,0.244517,0.343673,-0.420141,0.115262,0.245555,-0.260823,0.672147,-0.02464,0.07372,0.013749,0.254385,0.343673,0.244517,0.688022,0.075373,-0.146555,-0.400017,-0.234431,-0.051896,0.53468,-0.408076,0.180418,0.033677,-0.354475,-0.420141,-0.068929,0.249303,-0.227903,0.244517,0.115268,0.163899,0.005235,-0.274866,0.420674,0.39317,-0.095394,0.266122,0.459628,-0.093199,-0.554262,0.590398,-0.350416,0.569945,-0.110674,-0.086177,0.254385,-0.0,0.343673,0.280884,0.085315,-0.274999,0.0,0.298243,0.115262,0.075373,0.288203,-0.48894,-0.420141,0.100614,0.029818,0.083267,0.0,0.115262,0.103079,-0.179322,0.100614,0.34226,-0.367763,-0.095394,-0.653819,-0.296311,-0.129398,0.343673,0.07142,-0.42638,0.39317,-0.107092,0.168176,0.271176,-0.587564,-0.133494,0.384009,0.259622,-0.193402,-0.554262,-0.173785,0.148418,-0.262997,0.38506,0.39578,0.405032,-0.10403,-0.097364,0.067078,0.032589,-0.035839,-0.554262,-0.270764,-0.101021,#
15,0.36772,-0.483484,-0.030103,-0.239004,0.072181,-0.11324,0.229499,-0.532826,-0.205392,-0.024512,0.05379,-0.209022,0.106426,0.236294,-0.378936,1.0,0.029366,-0.173864,0.086246,0.05379,-0.801591,-0.178121,-0.209022,0.029133,-0.067447,0.016681,-0.051028,0.392606,0.229499,0.214776,0.49558,0.355747,-0.532826,-0.218165,0.112773,0.536049,0.268396,0.478427,-0.206129,0.0,0.10988,0.268396,0.111614,0.077988,-0.428142,-0.336777,0.586799,-0.089737,-0.367186,0.209223,0.526085,-0.16434,-0.321959,-0.499132,-0.525768,-0.447285,-0.234826,-0.066477,0.239068,0.175007,0.219432,0.476843,-0.015877,0.209223,-0.163043,-0.422342,0.022703,-0.403499,-0.357176,-0.140308,0.177704,0.484069,0.52422,-0.387887,0.397672,0.316942,-0.387887,-0.55795,0.288808,-0.248474,0.288808,0.198264,-0.248474,0.067192,0.017734,-0.350479,0.049846,-0.387887,-0.387887,0.1828,-0.118902,-0.247179,-0.248474,0.163708,-0.55795,-0.387887,0.27264,-0.091835,0.288808,0.035574,0.526085,-0.118902,-0.55795,0.288808,-0.75641,0.324976,0.067192,-0.118902,0.198264,-0.426366,-0.232246,0.490164,-0.55795,-0.118902,-0.534394,0.017734,0.296129,0.288808,0.35392,-0.23337,0.017734,-0.218165,0.049846,0.150333,0.268396,0.288808,-0.054497,0.323767,0.236419,-0.118902,-0.756495,0.049846,0.1828,0.516723,0.163708,-0.248474,-0.327248,-0.534394,0.243487,-0.072144,0.397672,0.067192,0.05379,-0.757366,-0.072144,0.486541,0.490164,0.229499,-0.55795,-0.218165,-0.247179,0.163708,0.0,0.296129,-0.75641,0.508843,0.057641,-0.020235,0.288808,-0.428468,0.214492,-0.428468,0.0,-0.75641,0.288808,0.344222,0.05379,0.41061,-0.428468,-0.327248,0.079827,0.530632,0.188724,-0.072144,-0.44522,0.198264,-0.248474,0.198844,-0.368631,-0.341483,0.358516,-0.039864,-0.346874,-0.109016,-0.079795,0.397672,-0.171968,0.067192,0.519753,-0.348433,-0.548273,-0.347547,0.432693,-0.116976,0.05309,0.210127,0.207282,0.397672,0.560108,0.209356,#
16,-0.102969,-0.493208,-0.036475,0.220626,0.525862,0.336376,-0.223691,0.20885,-0.653866,-0.524926,0.059661,-0.654346,-0.358974,-0.654346,0.072052,0.029366,1.0,-0.260346,-0.022658,-0.428473,-0.361904,-0.295964,-0.220298,0.035388,0.348039,0.510525,-0.094256,-0.079344,-0.223691,-0.327179,-0.107782,-0.229131,0.20885,-0.218168,0.106767,0.059661,-0.477692,-0.009299,-0.200085,0.0,-0.422728,-0.477692,0.105306,0.524719,0.548101,0.140641,-0.301762,-0.969802,-0.357072,0.20885,0.525862,0.321027,-0.321963,0.292342,0.093502,0.399033,0.322202,0.418058,0.201243,0.173376,-0.236367,0.543309,0.487279,-0.542239,-0.867184,-0.432015,0.523472,-0.409167,-0.589036,-0.256994,0.176335,-0.018899,0.035133,0.078382,-0.052605,-0.252073,0.078382,-0.078413,-0.225806,0.20925,0.319484,0.644683,0.644683,0.078382,0.023832,0.094704,0.534244,0.521945,-0.382242,0.219003,0.349583,0.308304,0.644683,0.204492,0.413312,0.078382,0.071147,-0.052605,-0.225806,0.068836,0.066428,-0.113226,0.413312,-0.225806,-0.211239,-0.107194,0.078382,0.332442,0.20925,0.087941,-0.654173,0.499853,0.413312,0.349583,-0.094704,0.520923,-0.094297,0.319484,-0.314314,0.238397,0.023832,0.527469,-0.37816,0.687189,0.268011,-0.225806,-0.525619,0.323381,0.088613,-0.113226,-0.211264,0.08665,0.659265,0.111733,0.204492,-0.242931,0.231976,-0.094704,-0.378084,0.413312,-0.052605,0.061322,0.059661,0.373128,-0.060201,0.38928,0.499853,-0.654504,-0.060201,-0.218168,-0.233514,-0.520525,0.0,0.369263,-0.211239,0.023832,-0.380311,-0.742144,-0.225806,0.529716,-0.21874,0.059661,0.0,-0.211239,0.319484,-0.099047,0.041582,-0.082184,0.059661,0.231976,0.102027,0.055033,0.770691,0.413312,-0.445644,0.20925,-0.242931,-0.348917,-0.351635,-0.069173,-0.547718,-0.027518,0.237202,-0.092017,-0.547718,-0.052605,0.234041,0.078382,0.519359,-0.348917,0.191286,0.202457,-0.046414,-0.277436,-0.445071,0.205839,0.659802,0.424514,-0.445944,-0.327085,#
17,0.083837,0.321536,0.261955,0.132665,0.024759,-0.366053,0.296923,-0.384519,0.316718,0.642209,0.665937,0.210302,0.451518,0.642412,0.019014,-0.173864,-0.260346,1.0,-0.14695,0.755929,0.016836,-0.626597,0.210302,0.205272,0.317533,0.216535,0.295702,0.391023,0.296923,-0.053677,0.11325,-0.29392,0.335522,-0.329914,-0.410017,0.197981,-0.305748,0.224728,0.25062,0.0,-0.267149,-0.305748,-0.074308,-0.043414,-0.269769,-0.224048,-0.424599,0.300946,0.615124,0.335522,0.024759,-0.077748,0.568019,0.258089,0.44773,0.337951,-0.043138,-0.190664,-0.219979,-0.375826,0.322277,-0.335522,-0.253261,-0.24605,0.113987,0.216415,0.209358,0.224878,0.081186,-0.058566,-0.206297,-0.022322,-0.167118,-0.056613,-0.267942,-0.445455,-0.056613,-0.187351,-0.013919,0.577985,-0.013919,-0.205629,-0.205629,0.38497,-0.64761,0.454569,-0.045702,-0.056613,0.028307,-0.280959,-0.449366,0.511737,-0.639118,-0.351636,-0.278004,0.38497,-0.288819,-0.267942,-0.013919,-0.26271,-0.771425,-0.364044,0.193394,-0.013919,0.494819,-0.444165,0.469889,-0.364044,0.577985,0.164351,0.22786,-0.329914,-0.278004,-0.005688,0.067344,-0.26271,-0.343159,0.090476,-0.167238,-0.323635,-0.171067,0.247436,-0.319915,-0.624358,-0.443224,0.528935,0.284048,0.190942,-0.382345,-0.364044,0.494872,-0.045702,-0.634968,-0.425688,0.370143,-0.205629,0.474252,0.067344,-0.261793,-0.187351,-0.267942,0.113226,0.665937,-0.086936,0.193394,-0.377291,-0.329914,0.643333,0.193394,-0.329914,0.511737,0.370143,0.0,-0.420074,0.494819,-0.171067,0.339891,0.340827,-0.013919,-0.269975,-0.122266,0.10799,0.0,0.494819,-0.013919,-0.001073,0.287973,-0.185177,0.10799,-0.061859,-0.37556,0.103862,-0.049462,0.193394,0.210189,-0.205629,0.22786,0.05719,0.016358,-0.129673,0.093787,0.661947,-0.088134,-0.35988,0.437308,-0.267942,0.453147,0.826552,-0.411681,0.486111,0.349866,-0.474243,-0.191647,0.164679,-0.205567,-0.196723,0.138386,-0.267942,0.118762,-0.049462,#
18,0.30746,0.225907,0.41434,-0.197457,-0.412027,-0.145368,0.65031,0.235151,-0.179662,0.028713,-0.425728,-0.18344,0.5394,0.283273,0.069259,0.086246,-0.022658,-0.14695,1.0,0.079702,0.058189,0.155286,0.19352,0.09298,-0.00225,-0.425404,-0.076667,-0.162538,0.65031,0.242909,0.089107,0.352653,-0.542551,-0.21677,0.069707,0.079702,0.078638,-0.07564,-0.14291,0.0,0.540073,0.078638,0.084338,-0.401315,-0.001166,-0.638371,0.006122,-0.191398,-0.679422,0.235151,0.063686,-0.154727,0.157045,-0.498204,0.029271,-0.233025,0.318494,-0.582699,0.184054,-0.489111,0.645552,-0.210992,-0.171674,0.235151,0.266051,0.283004,-0.425617,-0.008778,0.166518,0.413939,-0.488939,0.205617,-0.425614,-0.796029,-0.507765,-0.273395,-0.319084,-0.072347,-0.744936,-0.181779,0.314963,-0.271818,0.196385,-0.796029,-0.425511,0.058189,0.52879,-0.410804,-0.319084,-0.202711,-0.530713,-0.246358,-0.271818,-0.579687,-0.072347,-0.319084,-0.627396,0.005262,-0.744936,0.060599,0.063686,-0.051505,-0.072347,-0.158609,-0.25386,-0.071649,-0.319084,-0.14366,-0.181779,-0.423639,0.260413,-0.21677,-0.072347,-0.051505,0.323677,-0.425511,0.385124,0.314963,0.388038,-0.647341,0.089193,-0.21677,0.140065,0.144564,0.078638,-0.158609,0.408515,0.131893,0.42473,-0.051505,-0.253888,0.140065,0.179648,0.032902,0.199892,-0.181779,-0.325155,0.323677,0.440562,-0.581495,-0.507765,0.06614,0.079702,-0.365837,-0.483582,-0.000923,-0.21677,0.276159,-0.483582,-0.21677,-0.716914,-0.429768,0.0,-0.126103,-0.25386,-0.425511,0.296244,0.046549,-0.158609,-0.017496,0.638577,-0.425728,0.0,-0.25386,-0.271364,0.325299,0.487934,0.438967,-0.425728,-0.325155,0.062689,0.181449,-0.324989,-0.072347,0.088243,-0.649982,-0.181779,0.835798,0.540645,-0.270248,-0.056538,-0.496659,0.198844,0.339228,-0.51591,-0.507765,0.285568,-0.319084,0.067739,-0.311347,-0.545778,0.166472,-0.069972,0.315982,0.563633,-0.297689,-0.266303,-0.093397,-0.100752,0.237223,#
19,0.373047,0.227416,0.418321,-0.227985,0.09481,-0.084743,0.654654,-0.49599,0.674453,0.444216,0.523809,0.22493,0.543003,0.664644,0.100614,0.05379,-0.428473,0.755929,0.079702,1.0,0.089087,-0.649179,0.22493,0.060135,-0.036114,0.066616,0.448892,0.285068,0.654654,-0.327254,0.001896,0.397272,0.236722,-0.218218,-0.350169,0.047619,0.093115,0.35951,0.296115,0.0,-0.044176,0.093115,-0.358794,-0.341057,-0.428245,-0.642635,-0.013633,0.404176,0.433412,0.236722,0.09481,-0.135675,0.751418,0.145285,0.405251,0.085837,-0.228266,-0.042344,-0.22126,-0.44193,0.680179,-0.236722,-0.129241,0.236722,0.378581,0.089378,0.05404,0.138434,0.384488,-0.176178,-0.442829,0.059057,0.060649,-0.351993,-0.51557,-0.197456,-0.351993,-0.039975,-0.202549,0.22791,-0.202549,-0.213206,-0.213206,0.09736,-0.428354,0.534523,-0.347635,-0.351993,0.09736,-0.654147,-0.534258,0.338482,-0.654323,-0.489653,-0.519668,0.09736,-0.163745,-0.51557,-0.202549,-0.428354,-0.353383,-0.082772,-0.039975,-0.202549,0.327294,-0.534159,0.546713,-0.082772,0.22791,-0.008362,0.22791,-0.218218,-0.519668,-0.082772,0.356348,-0.428354,-0.062615,0.349858,-0.314386,-0.651665,0.056575,-0.218218,0.105802,-0.651665,-0.634343,0.349858,0.439719,0.146856,-0.361686,-0.082772,0.327327,-0.347635,-0.654147,-0.322915,0.244826,-0.213206,0.218218,0.356348,0.244292,-0.039975,-0.51557,0.546713,0.523809,-0.319336,-0.039975,-0.493458,-0.218218,0.654654,-0.039975,-0.218218,0.338482,0.244826,0.0,-0.140883,0.327294,0.056575,0.483783,0.225436,-0.202549,-0.428571,0.22791,-0.428571,0.0,0.327294,-0.202549,-0.065292,0.523809,-0.038426,-0.428571,-0.327327,-0.327449,0.116787,-0.32716,-0.039975,0.056553,-0.213206,0.22791,0.226964,0.086559,-0.304097,0.37509,0.432393,-0.310906,-0.086559,0.37509,-0.51557,0.481453,0.546713,-0.351066,0.226964,0.231415,-0.313682,-0.034218,0.195919,0.013105,-0.243975,-0.206823,-0.51557,0.388483,-0.32716,#
20,-0.166617,0.399193,-0.096168,0.003069,-0.241873,0.262074,-0.0,0.416505,0.401477,-0.086568,-0.356348,0.404986,0.161248,-0.006328,0.593905,-0.801591,-0.361904,0.016836,0.058189,0.089087,1.0,0.374722,0.404986,0.094925,-0.15646,-0.338273,0.359914,-0.20838,-0.0,-0.092413,-0.528628,0.07116,0.416505,0.272165,-0.26677,-0.801784,0.337515,-0.602367,0.384047,0.0,0.035419,0.337515,-0.257463,-0.241339,0.089019,0.076005,-0.076517,0.396976,0.182439,-0.268884,-0.661118,0.114631,0.40165,0.326164,0.466561,0.205194,0.106761,-0.079219,-0.413939,-0.252626,0.009133,-0.416505,-0.148793,0.416505,0.568209,0.323973,-0.350238,0.231434,0.699218,0.127074,-0.250464,-0.599786,-0.362353,0.182144,-0.512414,0.111591,0.182144,0.822638,-0.378935,0.013754,-0.378935,-0.398873,0.013754,-0.238188,0.105842,0.166667,-0.226214,0.182144,0.602475,-0.38939,-0.154853,0.119803,0.013754,-0.229014,0.373926,0.182144,-0.306338,-0.060284,-0.378935,-0.347767,-0.241873,0.267473,0.373926,-0.378935,0.612307,-0.14276,-0.238188,0.267473,-0.398873,0.062576,0.426381,-0.408248,0.373926,-0.154853,0.666667,-0.347767,-0.117142,-0.378935,-0.225099,-0.014176,0.105842,-0.408248,0.197937,-0.368581,-0.342959,-0.378935,0.373926,-0.412113,-0.200881,0.267473,0.612372,-0.226214,-0.38939,-0.235754,-0.229014,0.426381,-0.102062,0.666667,0.349493,-0.074785,-0.512414,0.182144,-0.356348,0.572356,-0.074785,-0.517965,-0.408248,0.0,0.373926,0.272166,0.119803,-0.229014,0.0,-0.117142,0.612307,-0.347767,0.319438,-0.036674,-0.378935,0.089087,0.013754,0.089087,0.0,0.612307,-0.378935,-0.148705,0.089087,-0.071889,0.089087,-0.102062,-0.242928,-0.681169,-0.61206,-0.074785,0.546643,-0.398873,0.426381,-0.080878,0.593771,0.306338,-0.161938,-0.122213,0.422391,0.269896,0.242906,-0.512414,-0.011774,-0.238188,-0.656785,0.424611,0.432938,0.423833,-0.093115,0.339178,0.085814,-0.0,-0.413075,-0.512414,-0.235136,-0.087437,#
