0,1.0,0.621097,-0.021238,-0.084329,0.199926,0.267842,0.37424,0.516053,0.75726,0.359641,-0.07384,0.020263,0.36758,0.792033,0.047722,-0.033162,-0.521649,0.385945,0.632011,0.253745,0.280176,0.490899,0.75726,0.35874,-0.266944,-0.395868,0.550257,0.26357,0.612921,0.654342,-0.391548,0.379782,0.253745,4.8e-05,0.161224,-0.155283,-0.449615,-0.314588,4.8e-05,0.440088,0.393981,0.348178,0.353731,0.35804,0.0,-0.775804,0.479882,0.765752,-0.431905,0.012804,0.201619,0.025611,-0.041537,0.079146,-0.494855,-0.17795,0.120795,-0.33691,0.32986,0.428869,0.571768,0.256885,-0.22122,0.443041,0.384707,0.792033,-0.405391,0.479641,0.344499,0.857406,0.256623,-0.247642,-0.407049,-0.077712,-0.148532,0.393086,-0.386893,-0.238106,-0.456887,-0.045248,-0.170375,-0.552509,-0.228816,-0.292104,0.029287,0.123999,0.379082,-0.154631,0.189626,-0.005276,-0.572799,-0.005276,-0.761177,0.776794,-0.438191,-0.227804,0.515855,-0.227804,-0.076133,-0.377296,-0.151489,-0.391639,-0.077712,-0.045216,-0.386893,-0.092499,-0.065531,-0.234706,-0.136148,-0.241231,0.776794,0.280176,-0.132086,-0.420023,-0.498953,-0.615326,-0.15136,0.191017,0.683682,-0.761177,-0.15136,-0.62689,0.067678,-0.669121,0.12096,0.107888,-0.37538,0.040501,0.025611,-0.610573,-0.077712,-0.305629,-0.287474,-0.611027,-0.227804,-0.185587,0.253745,-0.610189,-0.208225,-0.06148,0.083937,-0.643839,-0.799428,0.040501,-0.38902,0.511461,-0.610189,0.391768,-0.283148,-0.425739,-0.345031,-0.401617,0.083937,-0.162437,-0.077712,0.227313,0.482904,0.385298,-0.06148,0.048068,-0.449958,-0.196437,-0.383921,0.19415,-0.480257,0.397211,0.104261,0.324084,-0.740198,0.253745,-0.205885,0.564721,-0.14382,-0.283148,0.794433,-0.292104,-0.163517,0.293089,0.60623,-0.683776,-0.353553,0.330884,-0.580951,0.284965,0.377642,-0.258678,0.251392,0.357077,-0.641005,0.557533,0.2931,-0.11063,0.595488,0.386666,0.170081,0.064675,0.60623,-0.225878,-0.534826,0.0,#
1,0.621097,1.0,-0.062847,-0.363742,0.546355,0.232346,0.826889,0.411072,0.746951,0.58205,-0.191796,0.025621,0.36308,0.539568,0.330624,-0.134343,-0.663539,0.56954,0.461086,0.387367,-0.27142,0.793198,0.746951,0.582108,-0.5288,0.022307,0.64429,0.179979,0.421831,0.570875,-0.754548,0.43515,0.361015,2.4e-05,-0.042316,-0.292851,0.017937,-0.10032,2.4e-05,0.08696,-0.028757,0.648188,0.090139,0.552118,0.0,-0.798935,0.515814,0.888935,0.117872,0.188524,0.499175,-0.252652,0.424361,-0.442855,0.367006,-0.136403,-0.053414,-0.08802,0.053438,0.335004,0.190516,0.407331,-0.262274,0.617455,0.113556,0.539568,0.026831,0.159395,0.523195,0.426156,0.572674,-0.555269,-0.27142,-0.414388,-0.290094,0.203923,-0.445723,-0.191762,-0.221925,-0.382022,-0.299905,-0.414388,-0.608571,-0.882218,-0.449842,0.210545,0.016919,-0.005249,-0.199449,-0.046212,-0.365839,-0.046212,-0.813616,0.772705,-0.147368,0.133101,0.277799,0.117465,0.342328,-0.441629,-0.387499,-0.126942,-0.414388,0.373151,-0.445723,-0.420999,-0.379652,-0.778417,-0.284739,-0.245187,0.772705,0.466421,-0.015696,-0.445723,-0.221925,-0.284739,-0.269573,-0.176618,0.45941,-0.813616,-0.269573,-0.574985,-0.110732,-0.669849,-0.082458,0.213687,-0.078313,0.203968,-0.225883,-0.407131,-0.414388,-0.532788,-0.176618,-0.745334,0.133101,-0.269573,0.361015,-0.279326,0.285078,-0.446754,-0.126942,-0.208763,-0.533059,0.203968,-0.628143,0.114121,-0.294732,0.449297,-0.47799,-0.426769,0.144026,-0.431043,-0.143151,0.076332,-0.414388,0.413718,0.598068,0.621312,-0.446754,0.379263,-0.031183,0.148737,-0.118965,0.560515,-0.147368,0.581369,-0.110732,0.514606,-0.22988,0.387367,-0.624672,0.169218,0.03921,-0.502511,0.80344,-0.882218,-0.275155,-0.232277,0.359632,-0.778417,-0.36715,0.202665,-0.419564,0.131676,0.048435,-0.115442,0.173053,0.126876,-0.586667,0.647262,0.470276,0.036108,0.250924,0.058545,0.697154,-0.365307,0.359632,-0.183962,-0.301556,0.0,#
2,-0.021238,-0.062847,1.0,0.265663,0.370124,-0.814153,0.135567,-0.208849,0.260899,-0.053358,-0.071749,0.166926,0.185738,-0.257945,0.174528,-0.511532,-0.430531,-0.160802,0.098175,0.338014,0.363817,-0.228417,0.260899,-0.063121,-0.189261,0.11421,0.415839,-0.81456,-0.538574,0.394088,-0.198128,0.208878,0.286409,4.7e-05,-0.178349,-0.040423,-0.098321,-0.115363,4.7e-05,0.00387,0.536576,0.097271,-0.664119,-0.303753,0.0,-0.113306,0.144032,0.138483,-0.4758,-0.361466,-0.654849,-0.396387,-0.18349,0.279897,-0.061631,-0.291072,-0.455033,-0.133437,-0.653485,-0.466644,-0.412565,-0.376156,-0.474433,-0.361466,-0.318623,-0.257945,-0.260392,-0.351602,-0.113714,-0.160445,0.159864,0.035668,0.338014,0.248485,-0.029347,-0.3725,-0.225856,-0.424285,-0.06559,0.248485,0.403547,-0.232837,0.025829,-0.094117,-0.195598,0.020805,0.646505,0.665773,-0.391415,-0.207484,-0.163511,-0.207484,-0.211858,0.21491,-0.503618,0.006316,0.648178,0.398642,0.173729,0.185067,0.195275,0.198499,0.248485,0.590605,-0.225856,-0.200226,0.130075,0.133856,0.39241,0.356981,0.21491,-0.332854,-0.27964,0.210763,0.488788,-0.01782,-0.403919,-0.359409,0.196745,-0.211858,-0.403919,-0.4085,0.267939,-0.077203,-0.178349,-0.374979,-0.214173,-0.581133,-0.343965,0.00387,0.248485,-0.653379,-0.359409,-0.470654,0.006316,0.457379,0.286409,0.410781,0.286646,0.628789,0.680611,0.102316,0.224661,-0.581133,-0.446651,0.435092,0.380611,0.197533,-0.28166,0.248727,-0.401475,-0.202498,0.648867,-0.498204,0.248485,-0.332854,0.422195,0.170433,0.628789,-0.196483,-0.236914,0.398642,0.663468,-0.351161,0.050761,-0.068662,-0.652637,-0.139329,-0.032691,0.338014,-0.04334,-0.049209,-0.06202,-0.32968,0.178889,-0.094117,-0.409667,-0.411508,-0.01737,-0.321386,0.181876,-0.469821,-0.010502,-0.048677,0.178843,0.392238,-0.003425,-0.350991,-0.419881,-0.017903,0.235321,0.451914,-0.384914,0.188837,0.267064,-0.57449,-0.01737,-0.002716,0.380446,0.0,#
3,-0.084329,-0.363742,0.265663,1.0,0.106758,-0.397268,-0.231046,-0.053486,-0.083314,-0.196062,0.505562,-0.214057,0.255913,-0.441922,-0.02853,-0.473375,0.050206,-0.340805,-0.261477,0.218064,0.246021,-0.63667,-0.083314,-0.184256,0.003091,0.218693,-0.076151,-0.364749,-0.348578,-0.338533,0.581319,0.2347,-0.508817,-0.000101,-0.408484,-0.372969,0.145478,-0.367612,-0.000101,0.306129,0.212991,0.004038,0.030778,-0.465208,0.0,0.232938,0.172179,-0.23693,0.056146,-0.523651,-0.432279,-0.187434,0.221608,0.175814,-0.378728,0.56233,0.203751,0.151904,0.020238,-0.305249,-0.523347,0.171884,0.384405,-0.523651,-0.102725,-0.441922,0.177999,-0.26144,-0.612062,0.103115,0.04646,0.824442,0.218064,0.996019,0.051707,-0.290932,0.179885,-0.106844,0.186626,0.549624,0.133143,0.47451,0.338197,0.183761,0.202597,-0.034838,0.095589,0.561847,-0.080108,0.634962,0.066745,0.634962,0.185526,-0.177956,0.186626,0.533738,-0.008765,0.102435,0.228498,0.635553,0.444218,-0.075453,0.996019,-0.196614,0.179885,0.497693,-0.260307,0.625395,0.515277,0.359079,-0.177956,-0.508817,0.019896,0.214927,0.23112,0.06275,0.515277,0.381184,0.138858,0.185526,0.515277,-0.098136,0.446913,-0.062762,0.145152,-0.079251,-0.522581,-0.246318,0.550944,0.327096,0.996019,-0.075173,-0.070694,0.178685,0.533738,0.551479,-0.508817,0.533849,-0.176062,0.549624,0.446913,-0.110623,0.42827,-0.246318,0.224858,0.602799,0.108895,-0.395996,0.503048,0.671026,-0.231097,0.179885,-0.000215,-0.249593,0.996019,0.218064,-0.051375,-0.594391,0.549624,-0.037852,-0.642535,-0.328869,0.428025,-0.497875,0.23112,-0.254905,0.408219,-0.518718,-0.097636,0.218064,-0.082855,-0.379936,-0.76158,-0.173319,-0.212547,0.183761,0.051707,0.076331,-0.305866,0.132143,-0.228626,0.037977,-0.226245,-0.363086,0.056396,-0.517796,0.095837,-0.186881,0.317049,-0.516547,0.099961,-0.23542,-0.089948,-0.398932,-0.130306,-0.229684,-0.305866,0.359079,-0.347099,0.0,#
4,0.199926,0.546355,0.370124,0.106758,1.0,-0.236962,0.776802,-0.082722,0.472361,0.612984,0.260529,-0.050219,0.399206,0.053138,0.802063,-0.64997,-0.276531,0.13341,-0.048228,0.407976,-0.271984,0.229749,0.472361,0.613028,-0.529898,0.359223,0.200961,-0.24607,-0.137074,0.133855,-0.386698,0.016937,0.380778,0.0,-0.18817,0.133822,-0.126305,-0.243038,0.0,0.101994,-0.005548,0.531131,-0.356239,0.478211,0.0,-0.432975,0.339049,0.461575,0.000828,0.118294,-0.066589,-0.403803,0.009438,-0.187365,0.345523,-0.188386,-0.59576,0.468579,-0.398495,0.094651,-0.228985,0.373205,-0.446045,0.118294,0.15649,0.053138,0.367373,-0.185478,0.149612,0.032153,0.118307,-0.123717,0.407976,0.053241,-0.279469,0.177028,-0.033145,-0.605694,0.330661,-0.381042,-0.289586,0.053241,-0.190778,-0.63848,-0.439873,-0.199369,0.030508,0.483296,-0.609165,-0.023267,-0.364339,-0.023267,-0.417025,0.377228,-0.131062,0.15735,0.302715,0.569891,0.377787,-0.023965,0.32951,-0.115023,0.053241,0.386735,-0.435616,-0.397284,-0.361135,-0.557872,0.141858,0.19649,0.377228,-0.271984,0.02104,-0.435616,0.330661,0.141858,-0.258279,-0.590063,0.19234,-0.417025,-0.258279,-0.585815,-0.098292,-0.244431,0.350445,-0.191273,-0.533288,-0.257409,-0.376174,0.101994,0.053241,-0.533895,-0.590063,-0.468459,0.15735,0.157511,0.380778,0.15404,0.149686,0.019835,-0.115023,0.070138,-0.089028,-0.257409,-0.626882,0.250617,0.138139,0.280675,-0.457131,-0.008628,0.184415,-0.017993,-0.131754,0.090998,0.053241,0.435175,0.652656,0.45287,0.019835,-0.080622,-0.030053,0.15029,0.34701,0.121147,-0.131062,0.575087,-0.098292,0.573107,0.212288,0.407976,-0.221563,0.171392,0.052683,-0.482439,0.374989,-0.63848,-0.26405,-0.682612,0.358514,-0.360395,-0.40518,0.094025,0.06512,0.106013,0.034008,-0.106078,-0.276099,0.166871,-0.169426,0.215679,0.042841,0.555642,-0.176678,0.044431,0.594074,-0.815357,0.358514,-0.182666,-0.292911,0.0,#
5,0.267842,0.232346,-0.814153,-0.397268,-0.236962,1.0,0.070174,0.393612,-0.05611,0.117135,0.216857,-0.33877,-0.398376,0.572014,-0.075516,0.693929,0.180073,0.049447,0.302604,-0.271775,-0.271776,0.364278,-0.05611,0.127666,0.302567,-0.357693,-0.150478,0.995875,0.458826,-0.213133,0.061559,0.038802,-0.271776,0.0,0.050107,0.159031,0.028815,-0.010038,0.0,0.07765,-0.374852,-0.247865,0.575625,0.601345,0.0,-0.066859,0.104352,0.074456,0.363874,0.650842,0.536727,0.311468,0.01636,-0.388707,-0.046974,0.228878,0.399614,-0.03859,0.544137,0.471483,0.661183,0.468969,0.430752,0.650842,0.196169,0.572014,0.044368,0.206588,0.363483,0.107094,-0.292293,-0.139142,-0.271775,-0.380998,0.177457,0.306083,0.013518,0.274259,-0.095546,-0.349207,-0.664754,0.083949,0.220784,0.070109,0.004008,-0.176448,-0.341384,-0.821302,0.261791,-0.014761,0.081962,-0.014761,0.004013,0.002834,0.417085,-0.265889,-0.532541,-0.265889,-0.421019,-0.403679,-0.324131,-0.06717,-0.380998,-0.390743,0.013518,0.072858,-0.223174,-0.356595,-0.245791,-0.573653,0.002834,0.452959,0.095107,-0.392024,-0.610467,-0.229033,0.141516,0.225915,0.069448,0.004013,0.141516,0.262159,-0.118915,-0.133122,0.010679,0.254741,0.378638,0.497215,0.311468,-0.407663,-0.380998,0.34655,0.24265,0.341071,-0.265889,-0.277446,-0.271776,-0.665341,-0.352053,-0.794284,-0.532879,-0.384067,-0.533756,0.497215,0.387377,-0.383983,-0.665341,0.126132,0.264178,-0.434696,0.299874,0.388419,-0.532879,0.600491,-0.380998,0.401192,-0.159787,0.14027,-0.794284,0.362365,0.031368,-0.235173,-0.533452,0.196516,-0.097835,0.149501,0.328882,0.41404,-0.165847,-0.271776,-0.150106,0.415962,0.126479,0.264178,0.04996,0.070109,0.558968,0.202756,0.420992,0.083159,0.07103,0.660567,0.125802,0.207827,-0.310151,-0.305195,-0.196052,0.281308,0.249581,0.28889,-0.360813,-0.372078,0.663641,0.119449,0.008547,0.427813,0.420992,-0.152692,-0.484978,0.0,#
6,0.37424,0.826889,0.135567,-0.231046,0.776802,0.070174,1.0,0.277712,0.54522,0.476312,0.074156,0.210367,0.163213,0.235228,0.623108,-0.287538,-0.44179,0.266288,0.07196,0.31682,-0.332401,0.658381,0.54522,0.4765,-0.647607,0.127924,0.397346,0.018488,0.027991,0.40361,-0.696082,0.23418,0.290851,2.3e-05,-0.045823,-0.050219,0.013546,-0.116993,2.3e-05,-0.011686,-0.220357,0.685662,-0.207909,0.649391,0.0,-0.627434,0.596866,0.683303,0.155671,0.31936,0.116585,-0.29464,0.223486,-0.541774,0.449094,-0.035494,-0.44166,0.024716,-0.243481,0.35132,-0.0497,0.317747,-0.331893,0.31936,0.039775,0.235228,0.135218,-0.208223,0.288721,0.082275,0.271101,-0.543372,0.31682,-0.281285,-0.444602,0.237814,-0.249373,-0.426832,-0.118249,-0.249388,-0.454347,-0.281285,-0.448702,-0.845961,-0.637666,-0.030457,0.14725,0.129205,-0.434281,-0.239922,-0.23344,-0.239922,-0.616138,0.56718,-0.044774,-0.027736,0.146551,0.366155,0.142765,-0.240719,-0.303723,-0.252394,-0.281285,0.576564,-0.63365,-0.711232,-0.284718,-0.741188,-0.042408,-0.079002,0.56718,0.394727,-0.311776,-0.63365,-0.118249,-0.042408,-0.424456,-0.411908,0.174571,-0.616138,-0.424456,-0.41178,-0.236419,-0.498442,-0.085381,-0.027112,-0.204471,-0.17204,-0.26826,-0.011686,-0.281285,-0.652492,-0.411908,-0.613261,-0.027736,-0.027463,0.290851,-0.030934,0.240105,-0.313181,-0.252394,-0.172797,-0.227808,-0.17204,-0.525676,0.172286,-0.046116,0.509769,-0.406864,-0.226075,0.214662,-0.234906,-0.268368,-0.02195,-0.281285,0.342789,0.805091,0.683676,-0.313181,0.246328,0.168279,0.396973,0.188599,0.26583,-0.044774,0.459092,-0.236419,0.665284,-0.063918,0.31682,-0.456941,0.192737,-0.058533,-0.431028,0.587181,-0.845961,-0.42988,-0.391842,0.455268,-0.552639,-0.153116,0.376631,-0.024871,0.367631,0.174908,0.057001,0.003244,0.193317,-0.42857,0.393323,0.16689,0.439946,0.009129,0.184963,0.827917,-0.554627,0.455268,-0.018666,-0.177806,0.0,#
7,0.516053,0.411072,-0.208849,-0.053486,-0.082722,0.393612,0.277712,1.0,0.600292,0.225429,-0.047848,0.277712,0.223018,0.481271,0.054196,0.010854,-0.532999,0.471387,0.417722,-0.218023,0.490553,0.512949,0.600292,0.23638,-0.424768,-0.175107,0.550436,0.33953,0.393786,0.384704,0.001424,0.670025,-0.218023,0.0,-0.273307,-0.53369,0.266985,-0.710282,0.0,-0.327035,-0.31964,0.41253,0.413877,0.030869,0.0,-0.641759,0.751185,0.615711,-0.053074,0.065298,-0.086819,0.355633,0.221566,-0.502311,-0.223365,0.105707,0.360985,-0.712486,0.375646,0.474201,0.506531,0.555764,0.110084,0.065298,0.093001,0.481271,-0.207939,0.080007,0.368606,0.405939,0.355632,-0.165823,-0.218023,-0.071131,-0.533021,0.152631,-0.652835,-0.360229,-0.799996,-0.037657,-0.074502,-0.560678,0.049951,-0.196849,-0.213813,0.531384,-0.029515,-0.055344,0.089136,-0.248677,0.397496,-0.248677,-0.653552,0.672413,-0.260239,-0.113196,0.072626,-0.113196,-0.239081,-0.653167,-0.423295,-0.427485,-0.071131,-0.207203,-0.652835,-0.078787,-0.366363,-0.162255,-0.533278,-0.799405,0.672413,0.545058,-0.556563,-0.208756,-0.236143,-0.533278,-0.125477,0.505104,0.149646,-0.653552,-0.125477,-0.364806,0.498733,-0.794764,-0.314821,0.517669,0.04191,-0.257924,0.355633,-0.327035,-0.071131,-0.427972,0.505104,-0.350634,-0.113196,0.333299,-0.218023,-0.533749,0.374966,-0.506284,0.062866,-0.718912,-0.428189,-0.257924,0.280228,0.19085,-0.533749,0.616638,0.171173,0.19595,-0.552747,-0.258098,0.062866,0.172763,-0.071131,0.490552,0.516464,0.447356,-0.506284,0.515268,-0.217592,-0.080854,-0.427945,0.278092,0.303613,0.241739,0.008382,-0.106221,-0.38783,-0.218023,-0.350983,0.205356,-0.32633,0.171173,0.659157,-0.196849,-0.131324,0.348208,0.305348,-0.625277,0.256416,0.399022,-0.294933,-0.057361,-0.045435,0.024719,0.35752,0.184722,-0.376739,0.533794,0.433563,-0.306894,0.506103,-0.035616,0.246848,0.240681,0.305348,-0.356171,-0.128853,0.0,#
8,0.75726,0.746951,0.260899,-0.083314,0.472361,-0.05611,0.54522,0.600292,1.0,0.549288,-0.301223,0.140802,0.702201,0.635727,0.265865,-0.452654,-0.798657,0.714877,0.595095,0.365451,0.393136,0.512775,1.0,0.549433,-0.636481,-0.099391,0.79426,-0.093211,0.491983,0.757299,-0.471482,0.581693,0.337765,2.5e-05,-0.105084,-0.409334,-0.041917,-0.575702,2.5e-05,0.02907,0.177323,0.658212,0.17022,0.171334,0.0,-0.961625,0.663484,0.959033,-0.335294,-0.208956,0.032829,-0.157275,0.140129,-0.077475,-0.094168,-0.359999,0.01651,-0.333881,0.134387,0.344437,0.32976,0.405916,-0.39633,0.241691,0.313753,0.635727,-0.094916,0.347799,0.586413,0.647378,0.571562,-0.252194,-0.326691,-0.127731,-0.406309,0.253535,-0.59264,-0.528637,-0.48101,-0.280752,0.049394,-0.625052,-0.334914,-0.541931,-0.151093,0.365293,0.140922,0.310742,-0.074213,-0.17289,-0.26375,-0.17289,-0.979296,0.982598,-0.618091,0.038194,0.718266,0.021767,0.235186,-0.588402,-0.033541,-0.214795,-0.127731,0.08946,-0.59264,-0.139013,-0.285237,-0.466555,-0.400732,-0.409869,0.982598,0.143965,-0.206029,-0.141509,0.091796,-0.400732,-0.384798,-0.047335,0.477487,-0.979296,-0.384798,-0.929848,0.300372,-0.855147,0.084699,0.365513,-0.351038,-0.230203,-0.129152,-0.490036,-0.127731,-0.641282,-0.047335,-0.877865,0.038194,0.081262,0.337765,-0.395135,0.411611,-0.161735,0.283342,-0.356269,-0.641608,-0.230203,-0.555603,0.346944,-0.411321,0.665158,-0.401559,-0.116119,-0.505698,-0.577217,0.266312,0.018038,-0.127731,0.393136,0.732259,0.654943,-0.161735,0.121769,-0.330781,-0.126082,-0.206501,0.499769,-0.045286,0.559403,-0.197765,0.169729,-0.393788,0.365451,-0.377605,0.338402,-0.020963,-0.427321,0.974988,-0.541931,-0.390614,-0.095593,0.442355,-0.936928,-0.252238,-0.06238,-0.490521,-0.130357,0.132237,0.034402,0.334227,0.236834,-0.768748,0.787059,0.622731,-0.013795,0.365187,0.142918,0.371972,-0.255943,0.442355,-0.522437,-0.195621,0.0,#
9,0.359641,0.58205,-0.053358,-0.196062,0.612984,0.117135,0.476312,0.225429,0.549288,1.0,0.181412,-0.04981,0.492723,0.29741,0.764162,-0.397891,-0.407041,0.361064,0.296238,-0.1665,-0.1665,0.597505,0.549288,0.99972,-0.324387,0.550187,0.334743,0.106186,0.22021,0.071949,-0.160137,0.039936,0.632701,0.0,-0.378336,0.06195,-0.302925,-0.406047,0.0,-0.24975,-0.023774,0.385745,-0.186573,0.294032,0.0,-0.490099,0.048602,0.534505,-0.226977,0.3443,0.267172,0.273216,0.015682,-0.341549,0.198847,-0.484361,-0.352294,0.287853,-0.244359,0.061564,0.328613,0.671509,-0.559561,0.3443,0.145349,0.29741,0.04206,0.07332,0.28015,0.314929,0.339835,-0.308845,-0.1665,-0.228788,-0.407058,0.122232,-0.498558,-0.610005,0.184018,-0.760498,0.052703,-0.228788,-0.12207,-0.541187,-0.498448,0.366142,-0.265326,0.279603,-0.609681,-0.004748,-0.228788,-0.004748,-0.499105,0.474008,-0.381286,0.106205,0.174873,0.58042,0.474712,-0.498811,0.203009,-0.326463,-0.228788,-0.031647,-0.498558,-0.233071,-0.625617,-0.477512,-0.407254,-0.146276,0.474008,-0.1665,0.270478,-0.498558,0.184018,-0.407254,0.091033,-0.112432,0.394791,-0.499105,0.091033,-0.610539,0.206119,-0.203117,0.28111,-0.107434,-0.326463,0.078789,-0.538626,-0.24975,-0.228788,-0.326834,-0.112432,-0.366244,0.106205,0.091033,0.632701,-0.407614,0.28799,-0.269689,-0.326463,-0.244947,-0.327,0.078789,-0.390286,0.15342,0.059621,0.17182,-0.675879,-0.010563,0.088351,-0.016232,0.165152,0.360624,-0.228788,0.699301,0.348313,0.371387,-0.269689,0.228097,-0.04273,0.066687,-0.326813,0.343843,-0.381286,0.996045,0.206119,0.397482,0.356623,-0.1665,-0.161469,0.170983,0.313714,0.067782,0.459114,-0.541187,0.083771,-0.417874,0.18028,-0.477512,-0.509132,0.101575,-0.279052,0.038938,-0.28452,-0.265791,-0.429049,0.077831,-0.093772,0.363087,0.288486,0.306961,-0.114519,-0.271995,0.405303,-0.499136,0.18028,-0.610491,-0.3732,0.0,#
10,-0.07384,-0.191796,-0.071749,0.505562,0.260529,0.216857,0.074156,-0.047848,-0.301223,0.181412,1.0,-0.379094,-0.338353,-0.271502,0.453016,0.015139,0.216231,-0.711572,-0.155021,-0.266796,-0.266796,-0.16841,-0.301223,0.193015,0.323868,0.345392,-0.268045,0.250538,-0.50603,-0.653304,0.519887,-0.043006,-0.266796,2.6e-05,-0.53952,0.224715,-0.176655,-0.207124,2.6e-05,0.137701,-0.00278,-0.304554,-0.231087,0.188244,0.0,0.377926,-0.012287,-0.321727,0.138797,0.466734,-0.196995,0.202421,-0.054255,-0.3328,-0.187428,0.462179,-0.165074,0.362988,-0.275374,-0.256135,-0.102086,0.446706,0.248676,-0.000224,-0.297561,-0.271502,0.003328,-0.587954,-0.546187,-0.207551,-0.366036,0.382662,0.450397,0.521157,0.098901,-0.256741,0.075113,-0.215976,0.411545,0.063094,-0.354354,0.521157,0.61965,0.085994,-0.354484,-0.236571,0.073899,0.046943,-0.517994,0.382223,0.025656,0.382223,0.3508,-0.362911,0.411545,0.097026,-0.522783,0.549178,-0.0604,0.377649,0.198617,-0.204371,0.521157,-0.050963,-0.06073,0.042559,-0.506562,0.238805,0.548558,0.234014,-0.362911,-0.266796,0.063912,-0.51021,-0.159164,-0.214016,0.53927,0.212678,0.235212,0.3508,0.53927,0.210492,0.254444,0.232655,0.028587,-0.544195,-0.204371,0.002263,0.202421,0.137701,0.521157,-0.045582,-0.25101,0.492323,0.097026,0.513473,-0.266796,0.095284,-0.440718,0.063094,-0.204371,-0.421312,0.264805,0.002263,0.38235,0.378006,0.095284,-0.369396,0.262102,0.343271,0.297182,0.779299,-0.204371,0.126038,0.521157,0.479085,-0.04554,-0.369065,0.063094,0.286481,-0.364227,0.106601,0.280421,-0.69431,-0.159164,0.14617,0.432014,0.164225,0.198604,-0.266796,-0.0858,-0.019512,-0.399331,0.262102,-0.371791,0.085994,0.521746,-0.205961,0.045783,0.305457,-0.089297,0.646496,0.136685,0.236158,-0.270101,-0.603145,-0.659495,-0.205511,0.645287,-0.532892,-0.422272,0.142228,-0.085284,-0.25377,0.243333,-0.36399,0.045783,0.234014,-0.598308,0.0,#
11,0.020263,0.025621,0.166926,-0.214057,-0.050219,-0.33877,0.210367,0.277712,0.140802,-0.04981,-0.379094,1.0,0.163213,-0.176586,0.163761,-0.287538,-0.056129,0.266959,-0.395543,-0.332401,0.342789,0.352158,0.140802,-0.059642,-0.647607,0.077602,0.053894,-0.382077,0.027991,0.435405,-0.254244,-0.155721,0.290851,2.3e-05,0.339877,-0.050219,-0.115309,-0.116993,2.3e-05,-0.498602,-0.307758,0.568634,-0.208547,-0.220341,0.0,-0.276433,0.208524,0.167551,-0.378509,-0.137835,-0.401232,0.365865,-0.178171,-0.102884,-0.006233,-0.284914,-0.422302,-0.504025,-0.177815,0.35132,0.012425,-0.322078,-0.495532,-0.560538,0.120151,-0.176586,-0.282486,-0.001747,-0.111254,0.085344,0.158142,-0.542605,0.31682,-0.204534,-0.812651,0.313482,-0.226769,-0.403513,-0.567135,0.242012,0.379806,-0.671016,-0.401104,-0.123798,-0.197126,0.423542,0.215551,0.207297,0.020865,-0.601841,0.242012,-0.601841,-0.235861,0.237336,-0.49366,-0.404292,0.215755,-0.034477,-0.228386,-0.217837,-0.303723,-0.65175,-0.204534,0.196871,-0.611045,-0.63517,0.420638,0.100685,-0.416049,-0.055434,0.237336,0.394727,-0.704508,-0.187889,-0.029849,-0.019056,-0.416049,0.03302,-0.426057,-0.235861,-0.416049,-0.01886,-0.184503,-0.100101,-0.213948,0.045374,-0.204471,-0.628473,-0.267246,0.47523,-0.204534,-0.243723,0.03302,-0.349203,-0.404292,0.021111,0.290851,-0.007212,0.394254,0.17822,-0.184503,-0.145351,0.197207,-0.628473,0.01403,0.177072,0.357159,0.368828,-0.290574,0.210515,-0.384004,-0.611045,0.19888,-0.497527,-0.204534,-0.332401,0.45996,0.35326,0.17822,-0.18641,0.561669,0.396973,-0.219183,0.128078,0.043626,-0.028392,-0.227434,-0.08751,-0.055434,-0.332401,0.365069,-0.017663,-0.058533,0.289366,0.204593,-0.123798,-0.812651,0.413962,-0.001956,-0.151971,0.270397,-0.007816,0.007461,0.393948,0.625165,0.608165,0.425032,0.310158,-0.444082,0.008237,0.245631,0.473589,-0.361991,0.201932,0.014456,0.223871,-0.001956,0.004902,0.581622,0.0,#
12,0.36758,0.36308,0.185738,0.255913,0.399206,-0.398376,0.163213,0.223018,0.702201,0.492723,-0.338353,0.163213,1.0,0.191134,0.212327,-0.795876,-0.421644,0.722896,0.10597,0.327753,0.354185,0.092755,0.702201,0.492904,-0.648851,0.246929,0.38949,-0.407312,0.458151,0.390752,-0.11343,0.222505,0.301322,-4.8e-05,-0.061403,-0.442556,-0.001009,-0.516168,-4.8e-05,-0.003965,0.106751,0.680322,0.200963,-0.256657,0.0,-0.623057,0.27017,0.569523,-0.275068,-0.621331,0.025261,-0.123716,0.196153,0.225136,-0.055242,-0.332222,0.033798,0.055886,0.184523,0.189138,-0.031252,0.326216,-0.351048,-0.191094,0.477422,0.191134,0.255499,0.484652,0.238789,0.633056,0.591664,0.123509,-0.33304,0.212644,-0.439603,0.262057,-0.237989,-0.436908,-0.088807,-0.209397,0.399506,-0.262153,-0.39726,-0.347469,0.178993,0.419466,-0.240044,0.638755,-0.00451,0.172032,-0.193165,0.172032,-0.611273,0.612405,-0.537514,0.401303,0.6443,-0.030975,0.571769,-0.229173,0.42963,-0.246527,0.212644,-0.240765,-0.237989,0.19807,-0.218437,-0.098258,-0.434303,-0.061028,0.612405,-0.33304,0.141286,0.19271,0.458055,-0.030234,-0.015022,0.022595,0.178342,-0.611273,-0.015022,-0.8213,0.245308,-0.488056,0.462029,0.418136,-0.653002,-0.198336,-0.096866,-0.003965,0.212644,-0.23769,0.022595,-0.612124,0.401303,0.02586,0.301322,-0.018543,0.42123,0.180179,0.229049,0.065032,-0.221486,-0.198336,-0.480459,0.311746,-0.033996,0.200228,-0.336334,0.22172,-0.432614,-0.61439,0.21279,-0.014429,0.212644,0.354185,0.345427,0.179363,0.180179,-0.213238,-0.234965,-0.438748,-0.238654,0.547559,0.009348,0.473818,0.201612,-0.20604,-0.045675,0.327753,-0.04737,-0.065038,-0.051664,-0.360929,0.580988,-0.347469,-0.424619,-0.01568,-0.042556,-0.547328,-0.587322,-0.406134,-0.525261,-0.459076,0.16767,-0.130897,0.396695,0.274603,-0.416811,0.38671,0.657185,-0.072436,-0.003636,-0.253892,-0.067833,-0.206017,-0.042556,-0.429495,-0.12821,0.0,#
13,0.792033,0.539568,-0.257945,-0.441922,0.053138,0.572014,0.235228,0.481271,0.635727,0.29741,-0.271502,-0.176586,0.191134,1.0,-0.072292,0.250537,-0.320771,0.531298,0.716803,0.197344,0.225536,0.436326,0.635727,0.297908,-0.082388,-0.618179,0.370242,0.567263,0.778573,0.536704,-0.366194,0.254228,0.169152,0.0,0.282723,0.053138,-0.234937,-0.243169,0.0,0.296016,0.130824,0.102614,0.561844,0.545756,0.0,-0.695203,0.368972,0.65322,-0.225615,0.190163,0.360904,-0.001101,-0.197057,0.102715,-0.302855,-0.324144,0.261073,-0.251339,0.537456,0.588649,0.808026,0.293869,-0.091101,0.649052,0.541434,1.0,-0.142434,0.653488,0.77356,0.603227,-0.0,-0.262302,-0.507455,-0.441491,0.075916,0.532347,-0.225764,-0.070883,-0.388854,-0.406864,-0.377233,-0.441491,-0.069559,-0.081451,0.213419,-0.086794,0.028351,-0.482234,0.380855,-0.247196,-0.370073,-0.247196,-0.629446,0.658539,-0.309089,-0.388927,0.388902,-0.405655,-0.284416,-0.675672,-0.096333,-0.054193,-0.441491,-0.25144,-0.225764,0.04504,0.012426,-0.51582,-0.379261,-0.597697,0.658539,0.28192,-0.006543,-0.208096,-0.36642,-0.361008,-0.363036,-0.054681,0.394042,-0.629446,-0.363036,-0.489786,-0.036851,-0.573876,0.239778,0.390388,-0.002168,0.184226,0.027537,-0.761183,-0.441491,-0.037589,-0.036454,-0.397817,-0.388927,-0.344783,0.169152,-0.83027,-0.155154,-0.476117,-0.054193,-0.381376,-0.996622,0.184226,-0.265317,-0.088323,-0.846752,0.5797,-0.170513,-0.641889,-0.252653,-0.210059,-0.071535,0.337574,-0.441491,0.225536,0.298353,0.57348,-0.476117,-0.020327,-0.213031,-0.372199,-0.553363,0.472607,-0.286655,0.353295,-0.056361,0.456692,-0.562899,0.197344,-0.110454,0.77359,0.29786,-0.196745,0.694085,-0.081451,0.091898,0.136149,0.755166,-0.51582,-0.109416,0.207532,-0.182247,0.106589,0.048175,-0.029406,0.13979,0.490896,-0.503989,0.832751,0.031084,-0.23178,0.826248,0.51696,-0.01197,0.277526,0.755166,-0.532196,-0.383834,0.0,#
14,0.047722,0.330624,0.174528,-0.02853,0.802063,-0.075516,0.623108,0.054196,0.265865,0.764162,0.453016,0.163761,0.212327,-0.072292,1.0,-0.521086,-0.117906,-0.015011,-0.169514,-0.218052,-0.218052,0.383629,0.265865,0.764064,-0.424823,0.598963,0.026263,-0.085163,-0.241808,-0.115165,-0.086623,-0.183055,0.479714,0.0,-0.334931,0.320968,-0.269101,-0.374807,0.0,-0.327078,-0.235731,0.389278,-0.49511,0.374591,0.0,-0.248878,0.141561,0.250899,-0.153934,0.450145,-0.186953,0.187424,-0.2043,-0.416143,0.271477,-0.31213,-0.743111,0.376102,-0.544893,0.077463,0.021066,0.492608,-0.570747,-0.023094,0.046146,-0.072292,0.158504,-0.344964,-0.009407,-0.103109,-0.031616,-0.265352,0.508788,-0.05747,-0.53309,0.147976,-0.222702,-0.798873,0.273127,-0.521694,-0.131768,-0.05747,0.062512,-0.446249,-0.652777,0.053279,-0.085463,0.394559,-0.79845,-0.221766,-0.05747,-0.221766,-0.227897,0.196312,-0.220429,-0.085178,0.010254,0.787084,0.196603,-0.217751,0.264735,-0.427541,-0.05747,0.206168,-0.652921,-0.535266,-0.4461,-0.387881,-0.088891,0.054356,0.196312,-0.218052,-0.095584,-0.652921,0.273127,-0.088891,-0.098303,-0.364453,0.033259,-0.227897,-0.098303,-0.359679,0.037445,0.003673,0.240818,-0.359912,-0.427541,-0.348857,-0.521379,0.218052,-0.05747,-0.428028,-0.364453,-0.184013,-0.085178,0.346153,0.479714,-0.08233,0.205722,-0.09318,-0.427541,-0.176986,0.047583,-0.348857,-0.236245,0.200921,0.325603,0.225019,-0.518236,0.208528,0.158561,0.198407,0.001677,0.206063,-0.05747,0.537861,0.5456,0.404171,-0.09318,0.056483,0.185496,0.338554,0.057067,-0.020602,-0.220429,0.742181,0.037445,0.524091,0.493427,-0.218052,0.036653,0.178362,0.165106,0.131039,0.17179,-0.446249,-0.104558,-0.547256,0.270315,-0.176789,-0.210858,0.286743,0.191427,0.300302,-0.106028,-0.040874,-0.561891,0.144399,0.085591,0.043228,-0.080141,0.720707,-0.366608,-0.094989,0.511591,-0.653678,0.270315,-0.35094,-0.192191,0.0,#
15,-0.033162,-0.134343,-0.511532,-0.473375,-0.64997,0.693929,-0.287538,0.010854,-0.452654,-0.397891,0.015139,-0.287538,-0.795876,0.250537,-0.521086,1.0,0.253281,-0.31675,0.275481,-0.265526,-0.265526,0.11039,-0.452654,-0.397359,0.693686,-0.485616,-0.186298,0.698475,0.094273,-0.166798,0.00853,-0.049757,-0.265526,-5e-05,0.197325,0.230875,-0.000176,0.499971,-5e-05,0.120316,-0.027222,-0.651984,0.251754,0.274697,0.0,0.354903,-0.262596,-0.299945,0.256699,0.527577,0.401727,0.200133,-0.044288,-0.132784,-0.062664,0.228358,0.390629,-0.21893,0.267144,0.008422,0.400574,-0.202762,0.447118,0.527577,-0.241234,0.250537,-0.323686,0.008966,0.103101,-0.210571,-0.353373,-0.194273,-0.265526,-0.42826,0.53371,-0.104666,0.088983,0.671385,-0.108826,0.047349,-0.361943,0.068581,0.203368,0.325644,0.078805,-0.22606,0.057983,-0.901082,0.370901,-0.066447,0.066458,-0.066447,0.354326,-0.342427,0.438972,-0.353468,-0.520295,-0.353468,-0.503686,-0.075063,-0.55032,0.284345,-0.42826,-0.050753,0.367298,0.057866,0.19353,-0.01948,0.08576,-0.231546,-0.342427,0.508925,0.079379,-0.066064,-0.659069,-0.183857,0.08576,0.206443,0.034747,0.354326,0.08576,0.655997,-0.213312,0.23699,-0.392543,-0.053741,0.760734,0.559059,0.200133,-0.398289,-0.42826,0.419187,0.224325,0.467207,-0.353468,-0.361943,-0.265526,-0.357967,-0.41926,-0.42826,-0.213312,-0.149432,-0.213663,0.559059,0.409492,-0.433263,-0.357967,-0.142502,0.299512,-0.513746,0.334959,0.367298,-0.213312,0.172415,-0.42826,-0.265526,-0.492845,-0.135989,-0.42826,0.295375,0.108051,0.106061,-0.207388,-0.146045,-0.111271,-0.352892,-0.042109,0.144861,-0.213472,-0.265526,-0.066736,0.176323,0.172415,0.299512,-0.293086,0.325644,0.53371,0.279141,0.090886,0.313883,0.391655,0.330948,0.176152,0.286121,-0.214188,-0.007777,-0.145355,-0.150626,0.209349,-0.025223,-0.410179,-0.35419,0.388298,0.241506,-0.112737,0.531785,0.090886,0.218292,-0.028819,0.0,#
16,-0.521649,-0.663539,-0.430531,0.050206,-0.276531,0.180073,-0.44179,-0.532999,-0.798657,-0.407041,0.216231,-0.056129,-0.421644,-0.320771,-0.117906,0.253281,1.0,-0.422846,-0.702839,-0.271632,-0.271632,-0.51588,-0.798657,-0.406497,0.369072,-0.108224,-0.994066,0.231369,-0.085417,-0.665147,0.43365,-0.814415,-0.271632,-2.3e-05,0.446814,0.610854,-0.140014,0.377838,-2.3e-05,0.125662,-0.332181,-0.42864,0.158328,0.087636,0.0,0.690369,-0.526074,-0.806354,0.222473,0.147635,-0.014377,0.160082,-0.42203,0.306936,-0.072674,0.184157,-0.096292,0.487746,0.189559,0.165921,-0.077841,-0.269241,0.283429,-0.265584,0.304617,-0.320771,0.355655,0.084774,-0.351243,-0.350523,-0.785286,0.281486,0.363023,0.095198,0.242589,0.340551,0.843941,0.326984,0.483145,0.095198,-0.260794,0.586292,0.286517,0.611525,0.453455,-0.584307,-0.32756,-0.381596,0.313981,0.042709,0.095198,0.042709,0.825797,-0.812964,0.483145,-0.248731,-0.53226,-0.264736,-0.404023,0.412925,0.354575,-0.040699,0.095198,-0.419798,0.468287,0.160299,0.452461,0.300164,0.183907,0.267539,-0.812964,-0.271632,0.184007,0.022804,-0.082488,0.587516,0.19943,-0.132581,-0.63161,0.825797,0.19943,0.698526,-0.532598,0.727773,0.446814,-0.123957,-0.040699,0.086664,0.160082,0.563573,0.095198,0.830128,-0.132581,0.802318,-0.248731,-0.276317,-0.271632,0.139231,-0.572024,0.095198,-0.532598,0.36102,0.314102,0.086664,0.452494,-0.395321,0.139231,-0.426046,0.35123,-0.038027,0.38811,0.45326,-0.532598,0.156683,0.095198,-0.271632,-0.549086,-0.427081,0.095198,-0.533158,0.427273,-0.264736,-0.109624,-0.226457,-0.082488,-0.402969,0.390689,0.0907,0.267539,-0.271632,0.691402,0.068052,0.156683,0.35123,-0.800009,0.611525,0.242589,0.206391,-0.041709,0.948967,0.041202,0.15993,0.609635,0.195721,0.11734,-0.040755,-0.232131,0.368763,0.686486,-0.544035,-0.798933,0.103091,-0.100108,0.130218,-0.620119,0.423914,-0.041709,0.267539,0.001556,0.0,#
17,0.385945,0.56954,-0.160802,-0.340805,0.13341,0.049447,0.266288,0.471387,0.714877,0.361064,-0.711572,0.266959,0.722896,0.531298,-0.015011,-0.31675,-0.422846,1.0,0.277075,0.24095,0.269634,0.434842,0.714877,0.360581,-0.650533,-0.122578,0.432652,0.00468,0.7646,0.590015,-0.416973,0.275209,0.24095,-5.2e-05,0.209193,-0.414272,0.233384,-0.337663,-5.2e-05,-0.197923,-0.243986,0.666215,0.471144,0.040465,0.0,-0.772656,0.386537,0.71075,-0.040151,-0.346332,0.314244,-0.072621,0.22638,-0.002459,0.186064,-0.394975,0.225008,-0.238279,0.46265,0.548397,0.309854,0.271386,-0.233818,0.13925,0.549983,0.531298,0.25805,0.657538,0.719506,0.520853,0.544514,-0.286202,-0.504847,-0.386888,-0.42727,0.466751,-0.294227,-0.18154,-0.412133,-0.404504,0.134338,-0.505795,-0.556491,-0.387444,0.171547,0.402652,-0.398077,0.111799,0.297974,-0.226364,0.01167,-0.226364,-0.719708,0.72323,-0.432423,0.101484,0.492373,-0.350618,0.240945,-0.662203,-0.034974,-0.11425,-0.386888,-0.221443,-0.294227,0.00982,-0.048991,-0.499216,-0.805618,-0.542119,0.72323,0.212265,-0.028624,0.191158,0.204164,0.022905,-0.367109,-0.070267,-0.053457,-0.719708,-0.367109,-0.622725,0.004852,-0.632147,0.231041,0.772997,-0.131895,-0.027794,-0.072621,-0.219437,-0.386888,-0.137898,0.319188,-0.634533,0.101484,-0.30417,0.24095,-0.354471,0.552979,-0.386888,0.004852,0.097252,-0.52204,-0.027794,-0.382683,-0.21145,-0.354471,0.561543,-0.286595,-0.170858,-0.349408,-0.718689,0.004852,0.246997,-0.386888,0.24095,0.359572,0.559619,-0.386888,-0.053314,0.143752,-0.367638,-0.522493,0.932226,0.183875,0.376627,-0.062418,0.002329,-0.148494,0.24095,-0.138199,0.141737,0.246997,-0.286595,0.72429,-0.387444,-0.42727,0.099696,0.173927,-0.61168,-0.230302,-0.315921,-0.313173,-0.361801,0.083927,0.218284,0.568259,0.438799,-0.59308,0.787022,0.584428,-0.218679,0.311722,0.00328,-0.022193,0.165707,0.173927,-0.55878,0.108246,0.0,#
18,0.632011,0.461086,0.098175,-0.261477,-0.048228,0.302604,0.07196,0.417722,0.595095,0.296238,-0.155021,-0.395543,0.10597,0.716803,-0.169514,0.275481,-0.702839,0.277075,1.0,0.180325,0.247112,0.357616,0.595095,0.296372,0.205377,-0.317245,0.741904,0.292708,0.34632,0.48325,-0.246291,0.621522,0.180325,6e-05,-0.249258,-0.236236,-0.087309,-0.215923,6e-05,0.170307,0.496728,-0.147592,0.171834,0.152844,0.0,-0.495286,0.233466,0.587939,-0.262162,0.119495,0.268316,-0.050622,0.084758,-0.022288,-0.231075,-0.254733,0.364388,-0.370934,0.141232,-0.091515,0.548917,0.256446,-0.061778,0.663051,-0.107065,0.716803,-0.434695,0.237528,0.567492,0.401083,0.335015,-0.139863,-0.654512,-0.269677,0.290591,-0.194604,-0.615761,-0.001439,-0.342497,-0.290185,-0.005766,-0.408104,0.072506,-0.149547,-0.072621,0.225197,0.249538,-0.194576,0.027542,-0.012379,-0.269677,-0.012379,-0.583578,0.60307,-0.342497,-0.044087,0.400457,-0.044087,0.062008,-0.524927,-0.228734,0.282958,-0.269677,0.042478,-0.101852,0.187996,-0.305407,-0.293858,-0.135492,-0.435938,0.60307,0.180325,0.13071,0.023719,-0.183059,-0.666407,-0.116273,0.147292,0.746235,-0.583578,-0.116273,-0.500264,0.442154,-0.520184,-0.223824,0.121535,0.282958,0.294968,-0.050622,-0.981769,-0.269677,-0.349766,0.147292,-0.426868,-0.044087,0.013453,0.180325,-0.574945,0.083226,-0.290185,0.421612,-0.411932,-0.717046,0.294968,-0.269457,0.098464,-0.574945,0.329544,-0.191874,-0.378983,-0.286668,-0.083249,0.421612,0.18758,-0.269677,0.213718,0.136429,0.313155,-0.290185,0.398083,-0.55752,-0.063901,-0.180907,0.172539,-0.183059,0.331684,-0.263957,0.085414,-0.416541,0.180325,-0.487321,0.354281,0.164059,-0.191874,0.619569,-0.149547,0.309522,-0.106158,0.315668,-0.67694,-0.002356,-0.054054,-0.442938,-0.147861,-0.319835,-0.109341,-0.025555,-0.236491,-0.466754,0.651419,0.35557,-0.361068,0.55302,0.142925,0.237248,-0.054653,0.315668,-0.435938,-0.259927,0.0,#
19,0.253745,0.387367,0.338014,0.218064,0.407976,-0.271775,0.31682,-0.218023,0.365451,-0.1665,-0.266796,-0.332401,0.327753,0.197344,-0.218052,-0.265526,-0.271632,0.24095,0.180325,1.0,-0.111111,-0.211021,0.365451,-0.166278,-0.216474,-0.328629,0.288239,-0.271911,0.145659,0.39478,-0.499477,0.30751,-0.111111,-1.9e-05,0.20452,-0.271984,0.204979,0.175819,-1.9e-05,0.666667,0.351293,0.272827,0.174746,0.208803,0.0,-0.327059,0.337631,0.370704,0.23667,-0.49483,0.176982,-0.94636,0.327734,0.329984,0.14961,0.169311,0.162466,0.190755,0.1818,0.03625,-0.406384,-0.143196,0.143621,0.228606,0.185175,0.197344,0.358013,0.224256,0.258859,0.210163,0.241654,0.203477,-0.111111,0.174855,0.358254,0.063069,0.28628,0.231475,0.122802,0.174855,-0.271774,0.174855,-0.407308,-0.361152,0.279104,-0.407232,0.180499,0.186588,0.225156,0.300991,-0.507505,0.300991,-0.333069,0.316321,0.122802,0.387333,0.478986,-0.271957,0.316791,0.293711,0.133749,0.465621,0.174855,0.316791,0.28628,0.169061,0.091824,-0.31866,0.367694,0.237986,0.316321,-0.111111,0.180499,0.28628,0.122802,0.367694,-0.271774,-0.407076,0.263457,-0.333069,-0.271774,-0.407433,-0.217859,-0.405035,0.20452,0.237639,-0.217859,0.112667,0.182326,-0.166667,0.174855,-0.218107,-0.407076,-0.484201,0.387333,-0.271774,-0.111111,0.377572,-0.069886,0.174855,0.465621,0.385168,-0.218218,0.112667,-0.66323,0.102382,-0.272014,0.114661,0.045233,-0.332873,0.05896,-0.332704,-0.217859,-0.166307,0.174855,-0.111111,0.232441,0.122174,0.174855,-0.218088,-0.332674,-0.271957,0.479805,0.229458,0.122802,-0.194824,-0.217859,0.135333,-0.407401,1.0,-0.418084,0.007409,-0.166307,-0.988661,0.35015,-0.361152,-0.271643,-0.278861,0.172614,-0.31866,-0.33976,-0.284695,-0.18622,-0.285835,0.217656,-0.110857,0.407787,0.051939,-0.407697,0.286355,0.192516,-0.193773,0.271724,0.217813,0.188702,-0.33309,0.172614,0.237986,-0.184841,0.0,#
20,0.280176,-0.27142,0.363817,0.246021,-0.271984,-0.271776,-0.332401,0.490553,0.393136,-0.1665,-0.266796,0.342789,0.354185,0.225536,-0.218052,-0.265526,-0.271632,0.269634,0.247112,-0.111111,1.0,-0.211021,0.393136,-0.166278,-0.216474,-0.328629,0.313975,-0.271911,0.178027,0.421455,0.284586,0.333136,-0.111111,-1.4e-05,-0.007052,-0.271984,-0.007068,-0.651565,-1.4e-05,-0.166667,0.181313,0.080243,0.20205,-0.506275,0.0,-0.327059,0.364216,0.195568,-0.608581,-0.49483,-0.642378,0.225737,-0.333242,0.364002,-0.663486,-0.24114,0.194322,-0.645889,0.209345,0.157084,0.309261,-0.058963,-0.125668,-0.49483,0.229264,0.225536,-0.329372,0.258235,0.151001,0.341514,0.055766,0.236296,-0.111111,0.26015,-0.271643,0.105115,-0.332704,-0.407076,-0.663129,0.26015,0.447628,-0.507505,0.297648,0.441409,0.355571,0.325785,0.26645,0.273374,0.304158,-0.332674,0.26015,-0.332674,-0.333069,0.397429,-0.663129,-0.271958,0.566074,-0.271958,-0.333036,-0.332873,0.176893,-0.217859,0.26015,-0.333036,-0.332704,0.253592,0.214257,0.407401,-0.271774,-0.407401,0.397429,-0.111111,-0.507115,0.363653,0.221043,-0.271774,-0.271774,0.311294,-0.013866,-0.333069,-0.271774,-0.407433,0.551056,-0.405035,-0.007052,0.318194,-0.217859,-0.638451,0.225737,-0.166667,0.26015,-0.218107,0.311294,-0.25363,-0.271958,0.447628,-0.111111,-0.272014,0.235864,0.26015,0.551056,-0.366379,-0.218218,-0.638451,0.208167,0.307146,-0.272014,0.454399,0.17447,0.372035,-0.989213,-0.332704,0.551056,-0.166307,0.26015,-0.111111,0.278018,0.165808,0.26015,-0.218088,-0.332674,-0.271958,-0.218093,-0.040492,0.221043,-0.137523,-0.217859,-0.496221,-0.407401,-0.111111,0.271539,0.266733,-0.166307,0.17447,0.350151,0.441409,-0.271643,0.397166,0.172614,-0.31866,0.357184,-0.239505,-0.133014,-0.242527,0.217656,0.342649,0.407787,0.181788,-0.407697,0.286355,0.280024,-0.138409,0.271724,0.217813,-0.387887,0.342093,0.172614,-0.407401,0.25294,0.0,#
