0,1.0,0.560227,0.096887,-0.350851,0.164766,0.449116,0.181666,0.40089,0.115445,0.600648,-0.087379,-0.153504,0.566205,0.461891,0.105737,-0.087379,0.137217,0.471422,-0.212062,0.016561,-0.40751,0.709416,0.566205,-0.059355,-0.407616,-0.628259,0.409124,-0.48917,-0.068702,0.807322,-0.379141,0.712512,0.096859,-0.020775,-0.256907,0.148764,-0.290312,0.011065,0.40089,-0.253563,0.047739,0.218541,-0.192579,0.381086,0.015312,-0.795833,0.459192,0.503665,-0.769486,-0.345512,-0.346774,-0.452198,0.25797,-0.558419,-0.43801,-0.142876,0.300021,-0.562722,0.30178,0.361646,0.380109,-0.067617,-0.383883,-0.093556,0.270216,0.443536,0.047739,0.198717,0.593173,0.192535,-0.192133,0.218462,-0.407518,-0.432067,-0.557588,0.213389,-0.561633,-0.165685,-0.384226,-0.361859,0.008072,-0.384226,-0.058125,-0.056769,-0.372346,-0.271744,-0.665285,-0.166231,-0.227108,-0.665634,-0.35423,-0.615281,-0.35423,0.241512,0.067339,-0.270208,0.364603,-0.473525,-0.272024,-0.632279,0.589682,-0.533413,-0.165685,0.137217,-0.227108,-0.361426,-0.384226,-0.128992,-0.776695,-0.548564,0.4547,0.115445,-0.561633,-0.384226,-0.515385,0.000474,-0.814587,-0.557588,0.166775,-0.78059,-0.665285,-0.788639,-0.166231,-0.467718,-0.544588,0.220558,-0.058125,-0.004194,-0.075164,-0.01379,-0.158171,-0.166231,-0.557588,0.401791,-0.814792,-0.067235,0.0,-0.128992,0.327835,-0.35423,0.008072,-0.407616,-0.814792,-0.550751,-0.361426,-0.495263,-0.384226,0.471728,-0.384226,-0.99753,-0.610066,-0.557588,-0.067235,-0.665285,-0.354695,-0.533695,0.771907,0.802043,-0.361426,-0.533413,-0.307426,0.4547,0.600888,-0.650006,-0.361859,0.994722,-0.533413,-0.332855,-0.247393,-0.533695,0.187134,-0.377466,-0.814587,-0.557588,0.506084,-0.99753,0.121589,0.560745,0.560745,-0.23886,0.594325,0.662679,-0.392575,-0.04562,0.207112,-0.101045,0.662679,-0.35423,-0.521021,0.822942,-0.010846,0.536054,0.37789,0.371708,0.01554,0.373901,0.04331,-0.47458,0.433241,0.122831,#
1,0.560227,1.0,0.175739,-0.304608,0.17594,0.086531,0.603905,0.446101,0.631578,0.592245,-0.108433,-0.142173,0.588938,0.488072,0.588938,-0.108433,-0.407644,0.032892,0.180409,-0.386955,-0.407538,0.316452,0.588938,-0.027571,-0.407644,-0.65667,0.825864,-0.150573,0.488072,0.787735,-0.814806,0.26313,0.073068,-0.012834,-0.240944,0.571535,-0.31996,0.02605,0.446101,0.151247,-0.401056,0.230506,-0.011084,0.306934,0.46901,-0.795888,0.669914,0.161882,-0.769539,0.396522,-0.361498,-0.543176,-0.121561,-0.066964,-0.514466,-0.542979,0.383073,-0.034678,0.787802,0.396522,0.35585,-0.083685,-0.547517,-0.076029,0.691519,0.304007,-0.401056,0.449138,0.455662,-0.291502,-0.188769,-0.187043,-0.407546,-0.404564,-0.997932,0.66062,-0.574089,-0.583938,-0.814848,-0.347744,-0.399953,-0.814848,-0.533731,0.413659,-0.868473,-0.271763,-0.665331,-0.578395,-0.665331,-0.66568,-0.795429,-0.596315,-0.795429,-0.152492,0.111972,-0.24178,-0.080563,-0.479683,-0.245627,-0.177659,0.801337,-0.53345,-0.583938,-0.407644,-0.665331,-0.344887,-0.814848,-0.1019,-0.790058,-0.519407,-0.271763,0.631578,-0.574089,-0.814848,-0.515421,-0.40934,-0.401226,-0.997932,-0.308155,-0.780643,-0.665331,-0.788693,-0.578395,-0.442949,-0.507245,0.216737,-0.533731,-0.016712,0.086286,-0.429261,-0.57462,-0.578395,-0.997932,0.449657,-0.814848,-0.53345,0.0,-0.1019,0.38792,-0.795429,-0.399953,-0.407644,-0.814848,-0.519394,-0.344887,-0.585,-0.814848,0.466901,-0.814848,-0.574089,-0.158725,-0.997932,-0.53345,-0.665331,-0.801745,-0.533731,0.448231,0.84134,-0.344887,-0.53345,0.140839,-0.271763,0.613,-0.331941,-0.347744,0.622476,-0.53345,0.058877,-0.234804,-0.533731,0.251417,-0.318518,-0.401226,-0.997932,0.509924,-0.574089,-0.407436,0.998946,0.998946,-0.244701,0.663057,0.666397,-0.357436,-0.008065,0.631143,-0.087184,0.666397,-0.795429,-0.600444,0.82661,0.00424,0.601782,0.805341,0.376079,-0.428339,-0.08253,0.510053,-0.476827,0.224973,0.160829,#
2,0.096887,0.175739,1.0,0.36645,0.596772,0.037691,0.093807,-0.121049,-0.181418,-0.372874,-0.366145,0.386108,-0.136038,-0.287512,0.361662,-0.366145,-0.279721,0.012825,-0.396239,0.474843,-0.254617,-0.068137,-0.136038,-0.298886,-0.279721,-0.613837,0.093621,0.466373,0.285982,0.020138,-0.067154,-0.0922,-0.255184,-0.037777,-0.076208,0.15073,-0.390044,-0.433461,-0.121049,0.065669,-0.2752,0.455732,-0.287601,0.018092,0.086214,0.015796,-0.090385,0.747098,-0.025691,0.20688,0.16048,0.22884,-0.295052,0.063276,0.057642,-0.114741,0.231702,-0.400496,0.175817,0.20688,-0.374434,-0.344603,0.304667,0.2001,0.136291,0.233707,0.426555,-0.15826,-0.199605,0.218159,0.496874,0.427405,-0.254642,-0.015056,-0.168073,0.404098,-0.131412,-0.625349,-0.053838,-0.215641,0.461295,-0.053838,-0.366241,0.54654,-0.290535,0.631417,0.057692,0.367287,-0.435649,0.044076,0.272171,0.215018,0.272171,0.404763,0.344257,0.084144,0.212034,-0.6794,0.089776,-0.084956,0.153926,-0.343818,-0.125211,-0.279721,0.057692,0.307303,-0.053838,0.229846,-0.260768,0.194123,-0.186481,-0.181418,-0.622184,-0.053838,0.245656,-0.010954,-0.01905,-0.168073,-0.455738,-0.242895,0.057692,-0.008773,0.367287,0.429923,0.332721,-0.601035,0.169199,0.444594,0.454101,-0.501654,0.356611,-0.128416,-0.168073,0.396398,-0.053838,-0.343818,0.0,0.229846,0.25246,0.272171,0.461295,0.333702,-0.053838,0.425365,0.307303,0.310499,-0.053838,-0.042663,-0.053838,-0.131412,0.398623,-0.168073,-0.343818,0.057692,-0.255708,0.169199,-0.017358,0.23463,0.307303,-0.343818,-0.388196,-0.186481,-0.228785,0.200976,-0.215641,0.134716,-0.343818,-0.050895,0.396319,0.169199,0.418928,0.395346,-0.01905,-0.168073,-0.157581,-0.131412,-0.254353,0.177277,0.177277,-0.500917,0.154085,-0.053492,-0.238527,0.483931,0.466441,-0.566655,0.470942,0.272171,-0.428413,0.064975,0.498354,0.644039,0.056881,0.299048,-0.382444,-0.324933,-0.191341,0.125384,-0.285762,0.444296,#
3,-0.350851,-0.304608,0.36645,1.0,-0.311784,-0.265138,-0.347522,-0.506651,-0.20786,-0.37237,-0.562204,-0.112881,0.043059,0.170681,-0.353084,-0.562204,-0.250495,-0.175175,-0.357944,0.654857,0.323887,-0.174412,0.043059,-0.086195,0.258987,0.287128,-0.137733,0.251741,-0.285791,-0.183773,0.603183,-0.44352,-0.18681,-0.250837,0.018757,-0.277558,0.515393,-0.025335,-0.506651,-0.321485,0.254801,0.416308,-0.246103,-0.137912,-0.154548,0.171088,-0.000731,0.176308,0.368271,-0.219543,0.510956,0.81031,0.021199,0.241798,0.491252,0.257245,0.453217,-0.373528,-0.222799,0.441732,0.229857,-0.567933,0.557293,0.153231,0.300067,0.108055,0.303371,0.35005,-0.045049,0.044607,0.751562,0.388297,0.323843,0.218682,0.311102,-0.500828,0.775665,-0.117898,0.604535,0.528418,0.602887,0.604535,0.339093,0.328764,0.043572,0.229267,0.511078,0.774275,0.476933,0.041599,0.500108,0.770148,0.500108,0.326311,0.52331,0.058932,0.394682,-0.136942,0.060709,0.410345,-0.312514,0.396611,0.33211,0.258987,0.511078,0.996972,0.604535,-0.030671,0.505499,0.308166,0.172658,-0.20786,0.334083,0.604535,0.368941,0.221967,0.656048,0.311102,0.044648,0.145724,0.511078,0.168343,0.774275,0.650212,0.563931,-0.082867,0.376152,0.557916,0.331231,0.207939,0.30506,0.328257,0.311102,0.279708,0.201906,0.396611,0.0,-0.030671,0.458841,0.500108,0.602887,0.301443,0.201906,0.431138,0.996972,0.826243,0.604535,-0.310643,0.604535,0.368051,0.826616,0.311102,0.396611,0.101332,0.023832,0.376152,-0.307392,-0.099446,0.996972,-0.039319,-0.420437,0.172658,-0.759413,0.482643,0.528418,-0.34167,-0.039319,0.160405,0.005164,0.376152,-0.441714,0.189328,0.656048,0.311102,-0.367863,0.368051,0.324326,-0.297605,-0.297605,-0.26449,-0.365892,-0.52019,-0.172495,0.271663,0.01256,0.295629,-0.048321,0.500108,0.070209,-0.192064,0.705785,-0.293468,-0.605615,-0.24611,0.310623,-0.08778,-0.426655,0.589796,0.21019,-0.13058,#
4,0.164766,0.17594,0.596772,-0.311784,1.0,0.03187,0.102542,-0.271744,-0.407267,-0.269077,0.358797,0.695104,-0.316529,-0.555275,0.502763,0.358797,0.096859,0.394077,0.205383,0.003632,-0.40751,-0.123072,-0.316529,-0.532571,-0.407616,-0.547568,0.016838,0.401004,0.388787,-0.006155,-0.442435,0.191925,0.096859,-0.036658,0.200987,0.600107,-0.649597,-0.268821,-0.271744,0.537422,-0.401028,-0.004672,-0.379987,-0.06729,0.019001,0.056008,-0.252174,0.645605,-0.176486,0.264215,0.301891,-0.156391,-0.521437,-0.18897,0.223724,-0.100812,-0.333437,-0.162887,0.199787,-0.390561,-0.62567,0.357347,0.325971,0.015109,-0.260808,0.07081,0.153006,-0.446446,-0.243455,0.445815,-0.057352,-0.121295,-0.407518,0.014446,-0.198844,0.624266,-0.610066,-0.585705,-0.432067,-0.824176,0.008072,-0.432067,-0.533695,-0.001499,0.016859,0.373984,-0.275794,-0.166231,-0.665285,0.141694,0.08214,-0.118898,0.08214,-0.149759,-0.346419,0.191123,-0.058125,-0.5144,-0.264159,-0.600434,-0.001909,-0.533413,-0.602158,-0.407616,-0.275794,-0.361427,-0.432067,-0.09349,-0.396032,0.139752,-0.271744,-0.407267,-0.593921,-0.432067,-0.042214,-0.427204,-0.436356,-0.198844,-0.290511,-0.145456,-0.275794,0.034693,-0.166231,-0.033901,-0.179751,-0.625243,-0.110966,0.142211,0.342082,-0.812473,0.253732,-0.149924,-0.198844,-0.015207,-0.033395,-0.533413,0.0,-0.09349,-0.199475,0.08214,0.008072,0.07668,-0.033395,0.22662,-0.361427,-0.105977,-0.432067,0.048876,-0.432067,-0.206457,-0.174169,-0.198844,-0.533413,0.129926,-0.381589,-0.110966,-0.061275,0.132537,-0.361427,-0.101767,-0.081586,-0.271744,0.079405,0.300174,-0.824176,0.174098,-0.101767,0.156462,0.620446,-0.110966,0.63801,0.096527,-0.436356,-0.198844,0.10725,-0.206457,-0.407408,0.183125,0.183125,-0.277723,0.201678,0.277752,0.079114,0.37445,0.240333,-0.964703,0.2605,0.08214,-0.550371,0.020356,-0.010846,0.57019,0.428122,0.40615,-0.479666,-0.53339,0.098163,0.190427,-0.541039,0.641852,#
5,0.449116,0.086531,0.037691,-0.265138,0.03187,1.0,-0.332728,0.388921,0.062477,0.040812,0.168389,0.005006,-0.12016,0.062006,-0.12016,-0.225247,0.467478,0.544913,-0.409332,0.184528,-0.044221,0.455929,0.255993,-0.143797,-0.034771,-0.07074,-0.095548,-0.235057,-0.371431,0.233682,-0.239392,0.399385,-0.498385,-0.191155,0.028705,0.015483,-0.475787,0.31342,0.388921,-0.419268,-0.09255,0.009442,-0.13115,0.580901,0.263785,-0.271753,0.180222,0.021019,-0.373162,-0.227859,-0.355494,-0.052218,0.122919,0.12371,-0.403083,-0.537029,-0.338233,-0.464431,-0.168281,-0.227859,-0.016147,-0.192512,-0.320325,0.075311,0.03057,-0.319563,-0.09255,-0.062421,-0.031884,0.200657,-0.010282,0.392045,-0.498266,0.163973,-0.06492,0.050232,-0.462373,0.361504,-0.248205,-0.262012,0.177719,-0.248205,0.173673,-0.181509,-0.263199,-0.332257,-0.440575,-0.0337,-0.052182,-0.041008,0.166111,-0.070663,0.166111,0.409303,0.202897,0.384848,0.224258,-0.383471,-0.007811,-0.450632,0.458542,-0.255511,-0.032241,-0.015454,-0.425039,-0.262003,-0.248205,-0.218439,-0.295131,0.063321,0.311652,0.062477,-0.076002,-0.248205,-0.177189,-0.202892,-0.633903,-0.06492,-0.017548,-0.164286,-0.440575,-0.335043,-0.0337,-0.248074,0.215987,-0.008483,-0.231002,-0.180665,-0.299145,0.155299,0.372231,0.356554,-0.06492,0.137385,-0.248205,-0.238983,0.0,-0.218439,-0.354934,0.166111,0.177719,-0.498385,-0.248205,-0.045042,-0.262003,0.000311,-0.248205,-0.229286,-0.248205,-0.462373,-0.431464,-0.06492,-0.238983,-0.425039,0.169229,-0.247864,0.277115,0.309729,-0.262003,-0.238983,-0.588594,0.311652,0.061104,-0.501629,-0.262012,0.445611,-0.238983,-0.115435,0.00188,-0.247864,0.028675,0.165194,-0.633903,-0.06492,0.252396,-0.462373,-0.029237,0.069115,0.069115,-0.346566,0.418807,0.456638,-0.011229,-0.211242,-0.343364,0.053418,0.043765,0.166111,0.084655,0.252518,-0.211479,0.042381,0.261371,0.036145,-0.324624,0.230533,0.253907,-0.384511,0.117392,0.506893,#
6,0.181666,0.603905,0.093807,-0.347522,0.102542,-0.332728,1.0,0.466421,0.661002,0.628056,-0.095928,-0.216342,0.154339,-0.012472,0.539183,-0.095928,-0.407131,-0.399112,0.204678,-0.451811,-0.407025,-0.105164,0.154339,-0.012845,-0.407131,-0.646661,0.421137,-0.052353,0.430979,0.43062,-0.449129,-0.123295,0.08696,0.383863,-0.683417,0.150335,-0.309967,-0.655987,0.466421,0.546355,-0.40055,0.194723,0.326594,-0.134698,0.066672,-0.377732,0.227251,0.111432,-0.399324,0.320751,-0.461047,-0.713723,-0.109774,-0.384325,-0.480254,-0.117688,0.358497,0.461718,0.504756,0.320751,-0.084907,-0.10501,-0.606246,0.080842,0.097551,0.477084,0.142078,-0.109588,0.181745,-0.436223,-0.235893,-0.2459,-0.407033,-0.813821,-0.613375,0.693021,-0.181559,-0.571184,-0.438975,0.088351,-0.4348,-0.438975,-0.533059,0.40205,-0.440716,0.361015,-0.283019,-0.613375,-0.664493,-0.277555,-0.83265,-0.623892,-0.83265,-0.176567,0.099588,-0.664841,-0.533059,0.205404,0.159739,0.23194,0.343286,-0.532778,-0.184455,-0.407131,-0.283019,-0.369139,-0.438975,0.340656,-0.369139,-0.742828,-0.27142,0.661002,-0.561047,-0.438975,-0.051341,-0.018111,-0.01825,-0.613375,-0.297411,-0.570043,-0.283019,-0.392736,-0.613375,-0.428826,-0.563677,0.251699,-0.119033,-0.058626,-0.081731,-0.417571,-0.609976,-0.996675,-0.613375,0.20665,-0.438975,-0.532778,0.0,0.340656,0.195584,-0.83265,-0.4348,0.067196,-0.438975,-0.611989,-0.369139,-0.657635,-0.438975,0.836836,-0.438975,-0.181559,-0.181559,-0.613375,-0.532778,-0.283019,-0.374544,-0.119033,0.098627,0.320704,-0.369139,-0.532778,0.429643,-0.27142,0.641909,-0.352068,0.088351,0.201517,-0.532778,-0.484124,-0.26153,-0.119033,0.239094,-0.407899,-0.01825,-0.613375,0.087535,-0.181559,-0.406923,0.592701,0.592701,0.406399,0.229865,0.258517,-0.387183,-0.031944,0.62888,-0.061545,0.664033,-0.83265,-0.151101,0.425326,-0.01825,0.588752,0.409264,0.373802,-0.451845,-0.06931,0.07801,-0.497913,-0.265836,-0.404768,#
7,0.40089,0.446101,-0.121049,-0.506651,-0.271744,0.388921,0.466421,1.0,0.696934,0.459738,-0.218161,-0.407309,0.281718,0.246712,0.281718,-0.218161,-0.166667,-0.329972,-0.270524,-0.333062,-0.166623,0.337416,0.281718,0.563938,-0.166667,-0.397539,0.367843,-0.325401,0.246712,0.322316,-0.333136,0.283167,-0.166667,0.322715,-0.401621,-0.271931,-0.265608,-0.080641,1.0,-0.271984,-0.163973,0.021437,0.587128,0.376421,0.378386,-0.325401,0.315576,-0.265608,-0.314628,0.224975,-0.992964,-0.639722,0.405779,0.051939,-0.992122,-0.399532,0.156621,0.260369,0.322095,0.224975,0.145796,-0.178,-0.905772,0.039958,0.175587,0.064269,-0.163973,-0.010672,0.163745,-0.498221,-0.397162,0.134654,-0.166627,-0.333153,-0.408008,0.328328,-0.407871,0.231807,-0.333153,0.169333,-0.333333,-0.333153,-0.218218,0.28628,-0.507116,-0.111111,-0.272023,-0.408008,-0.272023,-0.272166,-0.508822,-0.665619,-0.508822,0.238336,0.175142,-0.272166,-0.218218,0.051939,0.377572,0.191291,0.709285,-0.218103,0.231807,-0.166667,-0.272023,-0.508597,-0.333153,0.448729,-0.508597,-0.390233,-0.111111,0.696934,-0.407871,-0.333153,-0.210731,0.293711,-0.333069,-0.408008,-0.271543,-0.319169,-0.272023,-0.32246,-0.408008,-0.332205,-0.110137,0.243975,-0.218218,-0.488095,-0.415499,0.261018,-0.408248,-0.408008,-0.408008,0.107937,-0.333153,-0.218103,0.0,0.448729,-0.009092,-0.508822,-0.333333,-0.166667,-0.333153,-0.403636,-0.508597,-0.651109,-0.333153,0.301511,-0.333153,-0.407871,-0.407871,-0.408008,-0.218103,-0.272023,0.175142,-0.218218,0.517322,0.281718,-0.508597,-0.218103,0.244149,-0.111111,0.694886,-0.887635,0.169333,0.429772,-0.218103,-0.493865,-0.40542,-0.218218,0.271539,0.112145,-0.333069,-0.408008,0.230682,-0.407871,-0.166582,0.429738,0.429738,0.135802,0.451445,0.293882,-0.133985,-0.306886,0.278672,0.269886,0.293882,-0.508822,0.142285,0.359028,-0.333069,0.418518,0.350059,0.179106,-0.22031,0.479805,0.231243,-0.988662,0.164326,-0.1657,#
8,0.115445,0.631578,-0.181418,-0.20786,-0.407267,0.062477,0.661002,0.696934,1.0,0.651318,-0.326961,-0.61044,0.381558,0.322901,0.381558,-0.326961,-0.249786,-0.494533,0.092158,-0.499165,-0.249721,-0.031117,0.381558,0.281108,-0.249786,-0.216123,0.514931,-0.10691,0.322901,0.501969,-0.499276,-0.071571,-0.249786,0.01034,-0.601916,0.087782,-0.001525,-0.120857,0.696934,0.102662,-0.245749,0.032128,0.494781,0.384395,0.530443,-0.487684,0.431555,-0.398071,-0.471539,0.274734,-0.660184,-0.418561,0.161485,0.124692,-0.687892,-0.598785,0.23473,0.342654,0.48273,0.274734,0.241886,-0.306911,-0.77794,0.259502,0.505781,0.142698,-0.245749,0.215026,0.292671,-0.746691,-0.218686,-0.186859,-0.249726,-0.499302,-0.611488,0.454163,-0.101881,-0.11403,-0.499302,0.314879,-0.499572,-0.499302,-0.327047,0.484885,-0.760022,-0.166524,-0.407685,-0.611488,-0.407685,-0.407899,-0.762579,-0.371078,-0.762579,-0.1092,0.324138,-0.407899,-0.327047,0.171541,0.097129,0.372964,0.683888,-0.326874,-0.11403,-0.249786,-0.407685,-0.216283,-0.499302,0.191619,-0.216283,-0.584849,-0.166524,1.0,-0.101881,-0.499302,-0.315827,-0.011956,-0.001913,-0.611488,-0.406966,-0.478343,-0.407685,-0.483275,-0.611488,-0.497881,-0.165063,0.424334,-0.327047,-0.322496,-0.446347,-0.03688,-0.611848,-0.611488,-0.611488,0.161766,-0.499302,-0.326874,0.0,0.191619,0.051984,-0.762579,-0.499572,-0.249786,-0.499302,-0.604935,-0.216283,-0.443016,-0.499302,0.45188,-0.499302,-0.101881,-0.101881,-0.611488,-0.326874,-0.407685,-0.230714,-0.327047,0.167618,0.422215,-0.216283,-0.326874,0.365911,-0.166524,0.419826,-0.535183,0.314879,0.159536,-0.326874,-0.294694,-0.60761,-0.327047,-0.059573,-0.273333,-0.001913,-0.611488,0.312434,-0.101881,-0.249659,0.612086,0.612086,0.292616,0.177969,0.408315,-0.200806,-0.459935,0.386713,0.464406,0.408315,-0.762579,0.213244,0.506486,-0.001913,0.150391,0.493454,0.230416,-0.330182,0.215485,0.312513,-0.642402,0.030681,-0.248337,#
9,0.600648,0.592245,-0.372874,-0.37237,-0.269077,0.040812,0.628056,0.459738,0.651318,1.0,-0.10022,-0.5942,0.555008,0.449045,0.14107,-0.10022,0.082283,0.0,0.196531,-0.425812,-0.407389,0.276574,0.555008,-0.017852,-0.407495,-0.341124,0.424333,-0.473058,-0.027932,0.834873,-0.422918,0.304545,0.082283,0.002591,-0.686894,0.14263,0.009474,-0.197164,0.459738,0.166888,0.00251,0.052414,0.168146,0.263791,0.058269,-0.795597,0.466722,-0.003445,-0.769258,-0.2911,-0.429528,-0.586539,0.24997,-0.596487,-0.447324,-0.194116,0.308298,-0.004184,0.350654,0.3446,0.414355,-0.109586,-0.648474,0.104199,0.283511,0.498606,0.00251,0.190503,0.652113,-0.327686,-0.345401,-0.221594,-0.407398,-0.814551,-0.601782,0.292079,-0.173889,-0.176455,-0.427493,0.092556,-0.423168,-0.427493,-0.106023,0.019645,-0.431615,-0.271664,-0.665088,-0.601782,-0.271188,-0.665437,-0.820399,-0.614818,-0.820399,-0.168473,0.103841,-0.665437,-0.106023,0.206359,-0.237469,-0.161897,0.486659,-0.533255,-0.176455,0.082283,-0.271188,-0.361075,-0.427493,-0.093586,-0.361075,-0.95411,0.381374,0.651318,-0.173889,-0.427493,-0.515233,-0.010127,-0.393132,-0.601782,0.109879,-0.780358,-0.665088,-0.788405,-0.601782,-0.812233,-0.735343,0.646222,-0.106023,-0.180636,-0.435542,-0.026591,-0.598254,-0.601782,-0.601782,0.206231,-0.814551,-0.114184,0.0,-0.093586,0.193664,-0.820399,-0.423168,-0.407495,-0.814551,-0.986877,-0.361075,-0.627751,-0.427493,0.835636,-0.427493,-0.565739,-0.565739,-0.601782,-0.114184,-0.665088,-0.366153,-0.533537,0.420104,0.641486,-0.361075,-0.533255,0.166454,0.381374,0.632391,-0.633227,0.092556,0.587697,-0.533255,-0.491509,-0.65765,-0.533537,-0.161923,-0.818743,-0.393132,-0.601782,0.481578,-0.565739,0.068254,0.580967,0.580967,0.407496,0.221144,0.638977,-0.388165,-0.424665,0.226779,0.344574,0.638977,-0.820399,-0.054759,0.799585,-0.01062,0.179175,0.397666,0.343789,-0.031977,0.361983,0.065015,-0.490985,0.219148,-0.405131,#
10,-0.087379,-0.108433,-0.366145,-0.562204,0.358797,0.168389,-0.095928,-0.218161,-0.326961,-0.10022,1.0,0.524692,-0.528472,-0.265803,-0.061294,0.549437,0.225531,0.594651,0.418848,-0.233004,0.19254,0.0485,-0.097921,-0.427557,0.20342,0.150153,-0.24507,-0.172211,-0.223598,-0.218876,-0.229817,0.027135,0.225531,0.215249,0.432466,0.341704,-0.521508,0.21967,-0.218161,0.368046,-0.321952,-0.225244,-0.242172,-0.323569,-0.23206,0.163811,-0.043388,-0.156987,0.032015,0.159334,0.188523,-0.371257,-0.418619,-0.096984,0.197901,0.083578,-0.531472,0.296099,-0.169609,-0.558129,-0.251017,0.519076,-0.023914,-0.437781,-0.488884,-0.413525,-0.321952,-0.19273,-0.337146,0.393178,-0.318291,-0.347275,-0.327163,0.202077,0.074414,0.089206,-0.376276,0.082927,-0.234763,-0.539153,-0.229953,-0.234763,0.03474,-0.653248,0.381767,-0.218161,-0.107323,-0.372278,-0.107323,0.350238,-0.061878,-0.240854,-0.061878,-0.363778,-0.535657,0.350238,-0.42846,0.143324,-0.09458,-0.366708,-0.322022,0.025819,-0.367761,-0.327241,-0.534103,-0.543577,-0.234763,-0.427444,-0.069592,0.141688,-0.218161,-0.326961,0.065973,-0.234763,0.104711,-0.653579,-0.239523,0.074414,0.321599,0.277724,-0.107323,0.087075,-0.372278,-0.224138,-0.370542,0.046393,-0.42846,-0.081046,0.137482,-0.224138,0.083046,0.074414,0.074414,-0.246294,0.202077,-0.428233,0.0,-0.427444,-0.44004,-0.061878,-0.229953,-0.327241,0.202077,-0.000498,-0.543577,-0.277484,-0.234763,-0.085778,-0.234763,0.065973,-0.376276,0.074414,-0.428233,-0.08954,-0.053951,0.03474,-0.265372,-0.258416,-0.543577,0.044738,-0.019434,-0.218161,0.206317,0.219275,-0.539153,-0.11712,0.044738,0.322134,0.476537,0.03474,0.065415,-0.120645,-0.239523,0.074414,-0.047741,0.065973,-0.327075,-0.107205,-0.107205,0.030792,0.278922,0.093808,0.182674,0.172126,-0.373114,-0.324995,-0.378775,-0.061878,-0.138706,-0.2349,-0.653965,-0.123904,0.218329,-0.220001,-0.367759,-0.428215,0.422729,0.129961,-0.207169,0.171039,#
11,-0.153504,-0.142173,0.386108,-0.112881,0.695104,0.005006,-0.216342,-0.407309,-0.61044,-0.5942,0.524692,1.0,-0.52121,-0.426159,-0.088024,0.524692,-0.09841,0.415974,-0.110796,0.000688,-0.128921,0.14792,-0.52121,-0.386146,0.373139,-0.162816,-0.381583,0.023152,0.072997,-0.399262,-0.056111,-0.28225,-0.09841,0.37484,0.553331,0.288588,-0.522997,0.001984,-0.407309,0.224835,-0.038184,-0.211493,-0.638199,-0.53904,-0.373558,0.295778,-0.425608,0.34228,0.215223,0.329757,0.3849,0.009879,-0.781566,0.099352,0.363298,0.109549,-0.303783,-0.013704,-0.294421,-0.335504,-0.425254,0.530576,0.394421,-0.554522,-0.256161,-0.497283,-0.038184,-0.172144,-0.247353,0.759177,0.328583,0.226598,-0.12853,0.398956,0.111393,0.153477,-0.314163,-0.27414,-0.054706,-0.587411,0.401842,-0.054706,0.059056,-0.394421,0.281035,0.248759,0.190008,0.144528,-0.20572,0.626073,0.333822,0.061469,0.333822,0.177003,-0.094691,0.676293,0.112743,-0.38463,0.225439,-0.290023,-0.405231,0.042514,-0.290856,-0.118912,-0.20572,-0.12399,-0.054706,0.093894,-0.15915,0.505808,-0.407309,-0.61044,-0.29776,-0.054706,0.471793,-0.434045,-0.068098,0.111393,0.210137,0.296779,0.190008,0.305183,0.144528,0.367206,0.051483,-0.29912,0.059056,0.497767,0.72278,-0.423834,0.579202,0.161096,0.111393,0.227892,0.350349,-0.378501,0.0,0.093894,-0.213407,0.333822,0.401842,0.373139,0.350349,0.529549,-0.12399,0.153914,-0.054706,-0.336074,-0.054706,0.095909,0.128714,0.111393,-0.378501,0.206496,-0.130424,0.488553,-0.043313,-0.245555,-0.12399,0.060057,-0.169389,-0.407309,-0.115998,0.48571,-0.587411,-0.161466,0.060057,0.401974,0.558565,0.488553,0.154501,0.350903,-0.068098,0.111393,-0.490352,0.095909,-0.610652,-0.143548,-0.143548,-0.559177,0.221228,-0.212087,-0.138701,0.370379,-0.236797,-0.612402,-0.229615,0.333822,-0.453388,-0.38262,-0.404349,0.241158,0.031791,-0.371181,-0.351606,-0.361645,0.372814,0.323202,-0.296842,0.456452,#
12,0.566205,0.588938,-0.136038,0.043059,-0.316529,-0.12016,0.154339,0.281718,0.381558,0.555008,-0.528472,-0.52121,1.0,0.796725,0.142143,-0.097921,-0.232417,-0.147916,0.060521,-0.195968,-0.22158,0.394072,0.588571,0.428245,-0.253546,-0.207518,0.705239,-0.292853,0.282311,0.689653,-0.254046,0.454475,0.295804,-0.224182,-0.134358,0.117812,0.46599,0.295333,0.281718,-0.344113,0.266852,0.083342,0.094734,0.378953,0.29361,-0.680846,0.548454,0.027867,-0.506599,-0.097629,-0.217075,-0.11561,0.425485,-0.125106,-0.294222,-0.131396,0.557022,-0.277433,0.546535,0.587968,0.765608,-0.073338,-0.236443,-0.014807,0.734098,0.448118,-0.313261,0.647573,0.760592,-0.313958,-0.180817,-0.093546,0.275023,-0.22689,-0.573489,-0.03796,-0.120318,-0.106401,-0.260285,0.04186,-0.236643,-0.260285,-0.092214,0.271704,-0.507771,-0.507093,-0.383835,-0.112488,0.040982,-0.828079,-0.449384,-0.335085,-0.449384,-0.079889,0.071484,-0.362284,0.405741,-0.266673,-0.360281,-0.09094,0.572812,-0.082949,-0.106401,0.274675,0.040982,0.034103,-0.260285,-0.06083,-0.455065,-0.409308,0.197203,0.381558,-0.120318,-0.260285,-0.670306,0.199578,-0.232961,-0.573489,0.020863,-0.566468,-0.383835,-0.583693,-0.112488,-0.24968,-0.352968,0.334038,-0.092214,-0.09581,-0.083659,0.191522,-0.552052,-0.112488,-0.573489,0.258741,-0.677723,0.369015,0.0,-0.06083,0.610917,-0.449384,-0.236643,-0.253546,-0.677723,-0.452201,0.034103,-0.312303,-0.260285,0.271812,-0.260285,-0.542925,-0.08651,-0.573489,0.369015,-0.383835,-0.445148,-0.553283,0.653792,0.677551,0.034103,-0.082949,0.207995,0.197203,0.361108,-0.349226,0.04186,0.600454,-0.082949,0.033391,-0.556109,-0.553283,-0.043713,-0.336039,-0.232961,-0.573489,0.543943,-0.542925,0.295653,0.60208,0.60208,-0.122078,0.221917,0.39853,-0.185536,-0.205332,0.391327,0.304244,0.39853,-0.449384,-0.358085,0.71159,0.229079,0.15191,0.271747,0.236408,0.463871,0.421361,0.067007,-0.276885,0.680514,-0.134169,#
13,0.461891,0.488072,-0.287512,0.170681,-0.555275,0.062006,-0.012472,0.246712,0.322901,0.449045,-0.265803,-0.426159,0.796725,1.0,-0.191774,-0.265803,-0.384675,0.079437,-0.119948,0.00416,0.200086,0.616158,0.796725,0.340774,0.175295,-0.005466,0.575914,-0.565616,-0.139036,0.561328,-0.059146,0.240317,0.223988,-0.013644,0.052476,-0.054919,0.350715,0.503656,0.246712,-0.587228,0.192515,0.286432,-0.040544,0.157199,0.105058,-0.642699,0.77279,-0.154129,-0.349491,-0.076093,-0.203717,-0.104584,0.340786,0.028832,-0.289339,-0.025544,0.662627,-0.229555,0.334429,0.713912,0.984431,-0.248321,-0.344408,-0.355428,0.733252,0.178379,-0.475941,0.913304,0.600865,-0.179949,0.021344,0.099924,0.200071,-0.033274,-0.474729,-0.329211,0.042853,0.067958,-0.071755,0.196652,-0.038954,-0.071755,0.250767,0.079796,-0.428403,-0.662226,-0.163094,0.056477,0.326418,-0.66793,-0.369164,-0.27789,-0.369164,0.103385,0.235128,-0.131201,0.314521,-0.225342,-0.121935,0.085228,0.420589,0.251451,0.067958,0.199642,-0.143513,0.183712,-0.071755,-0.22274,-0.37995,-0.255622,0.149326,0.322901,0.042853,-0.071755,-0.349253,-0.003432,-0.045635,-0.474729,0.324066,-0.388772,-0.163094,-0.61248,0.056477,-0.049221,-0.267715,0.584491,-0.259267,0.099361,0.126392,0.45917,-0.445286,0.056477,-0.474729,0.442631,-0.552764,0.272283,0.0,-0.22274,0.697578,-0.369164,-0.038954,-0.409022,-0.552764,-0.343355,0.183712,-0.204543,-0.071755,0.084174,-0.071755,-0.444111,0.08181,-0.474729,0.272283,-0.633026,-0.36018,-0.280518,0.525592,0.55498,0.183712,-0.24851,-0.102716,0.149326,0.299324,-0.295099,0.196652,0.490998,-0.24851,0.182763,-0.441807,-0.280518,-0.343522,-0.237094,-0.045635,-0.474729,0.270931,-0.444111,0.223874,0.498065,0.498065,-0.305143,0.475355,0.165736,-0.343873,-0.003487,0.165338,0.56893,0.165736,-0.369164,-0.349801,0.580494,0.030423,-0.025742,0.073738,-0.192996,0.346454,0.332607,0.239354,-0.242026,0.934287,-0.270787,#
14,0.105737,0.588938,0.361662,-0.353084,0.502763,-0.12016,0.539183,0.281718,0.381558,0.14107,-0.061294,-0.088024,0.142143,-0.191774,1.0,-0.061294,-0.232417,-0.248312,0.497616,-0.228199,-0.22158,-0.414954,0.142143,0.003539,-0.760639,-0.541029,0.689269,0.599085,0.796725,0.241179,-0.691967,0.332492,0.295804,-0.240147,-0.134358,0.53618,-0.346783,-0.21582,0.281718,0.484103,-0.748345,0.219226,0.426293,0.378953,0.696036,-0.110006,0.275682,0.143977,-0.280439,0.587968,-0.217075,-0.369262,0.033132,0.093006,-0.321174,-0.410338,-0.035417,0.244842,0.854352,-0.097629,-0.321194,-0.054299,-0.20816,0.434079,0.134506,0.408195,-0.168233,-0.210145,-0.236647,-0.531143,-0.511579,-0.553768,-0.222007,-0.210192,-0.573489,0.810487,-0.542925,-0.519845,-0.677723,-0.414312,-0.65922,-0.677723,-0.99591,0.671904,-0.507771,0.169031,-0.383835,-0.53934,-0.79166,-0.396788,-0.449384,-0.335085,-0.449384,-0.515184,-0.388828,-0.345033,-0.497955,-0.266673,-0.360281,-0.09094,0.572812,-0.516834,-0.537071,-0.760639,-0.383835,-0.41883,-0.677723,-0.06083,-0.455065,-0.16664,-0.507093,0.381558,-0.52602,-0.677723,-0.4663,-0.222415,-0.232961,-0.573489,-0.848091,-0.324734,-0.383835,-0.143853,-0.53934,-0.24968,-0.18542,-0.52477,-0.553283,-0.455098,-0.158021,-0.643753,-0.552052,-0.522266,-0.573489,-0.266205,-0.260285,-0.516834,0.0,-0.06083,0.03458,-0.449384,-0.65922,-0.253546,-0.260285,-0.0952,-0.41883,-0.46037,-0.677723,0.256947,-0.677723,-0.120318,-0.08651,-0.573489,-0.516834,0.040982,-0.445148,-0.553283,-0.11693,0.320408,-0.41883,-0.06487,0.403609,-0.507093,0.361108,-0.038803,-0.414312,0.174801,-0.06487,0.05113,0.300155,-0.553283,0.813059,0.051699,-0.232961,-0.573489,0.573188,-0.120318,-0.217215,0.60208,0.60208,0.140859,0.221917,0.426755,0.337101,0.209654,0.808743,-0.572695,0.408692,-0.449384,-0.291278,0.295293,0.212577,0.580833,0.71005,0.782684,-0.457799,-0.499883,0.086151,-0.276885,-0.371189,0.340166,#
15,-0.087379,-0.108433,-0.366145,-0.562204,0.358797,-0.225247,-0.095928,-0.218161,-0.326961,-0.10022,0.549437,0.524692,-0.097921,-0.265803,-0.061294,1.0,0.225531,0.157593,0.418848,-0.65395,-0.327156,0.0485,-0.528472,0.016889,0.20342,0.150153,-0.24507,-0.172211,0.272521,-0.218876,-0.229817,0.027135,0.225531,0.215249,0.432466,0.341704,-0.03548,0.21967,-0.218161,0.368046,0.285123,-0.794043,-0.242172,-0.323569,-0.23206,0.163811,-0.481841,-0.156987,0.032015,0.159334,0.188523,-0.241245,-0.418619,-0.096984,0.254309,0.083578,-0.531472,0.296099,-0.169609,-0.558129,-0.209754,0.99727,0.174979,-0.437781,-0.274774,-0.413525,-0.321952,-0.19273,0.16336,0.393178,-0.318291,-0.347275,0.192969,0.202077,0.074414,0.089206,-0.376276,0.082927,-0.234763,-0.539153,-0.229953,-0.234763,0.03474,-0.653248,0.381767,-0.218161,-0.107323,-0.372278,-0.107323,0.350238,-0.061878,-0.240854,-0.061878,-0.363778,-0.535657,0.350238,0.03474,0.143324,-0.09458,-0.366708,-0.322022,0.025819,-0.367761,0.20342,-0.107323,-0.543577,-0.234763,0.053519,-0.069592,0.141688,-0.218161,-0.326961,0.065973,-0.234763,-0.108777,-0.229636,-0.239523,0.074414,0.321599,0.277724,-0.107323,0.269022,-0.372278,-0.224138,-0.370542,0.046393,0.03474,-0.081046,0.137482,-0.224138,0.083046,0.074414,0.074414,-0.246294,0.202077,0.025819,0.0,0.053519,-0.44004,-0.061878,-0.229953,0.20342,0.202077,-0.000498,-0.543577,-0.277484,-0.234763,-0.085778,-0.234763,0.065973,-0.376276,0.074414,0.025819,0.33724,-0.053951,0.03474,0.168757,-0.258416,-0.543577,0.49879,0.509174,-0.218161,0.206317,0.219275,-0.539153,-0.11712,0.49879,0.322134,0.03765,0.03474,0.065415,-0.120645,-0.239523,0.074414,-0.047741,0.065973,-0.327075,-0.107205,-0.107205,0.030792,-0.102426,0.093808,0.182674,-0.262148,-0.373114,-0.324995,-0.378775,-0.061878,-0.138706,-0.2349,-0.653965,-0.123904,0.218329,-0.220001,0.120214,0.043979,0.422729,0.129961,-0.207169,0.171039,#
16,0.137217,-0.407644,-0.279721,-0.250495,0.096859,0.467478,-0.407131,-0.166667,-0.249786,0.082283,0.225531,-0.09841,-0.232417,-0.384675,-0.232417,0.225531,1.0,0.415764,0.111392,-0.003814,-0.249935,-0.111586,-0.232417,-0.326637,-0.25,0.324462,-0.487518,0.039576,-0.384675,0.031445,0.0,0.362894,-0.25,-0.499814,-0.100405,0.087123,0.013738,0.080641,-0.166667,0.101994,0.268839,-0.450184,-0.120093,0.44008,-0.022856,0.039576,-0.408815,0.013738,-0.204346,-0.668436,0.165494,0.214375,0.14443,-0.287289,0.239172,-0.165024,-0.717493,-0.375722,-0.445979,-0.668436,-0.340191,0.212766,0.214173,0.428776,-0.4371,-0.120505,0.268839,-0.522906,0.024562,0.257851,-0.204379,-0.080792,-0.24994,-0.005811,0.398105,-0.098499,-0.111772,0.407661,-0.005811,-0.22225,0.0,-0.005811,0.218218,-0.499056,0.335212,-0.166667,-0.408034,-0.106954,0.094617,0.102062,0.318014,0.23152,0.318014,-0.09695,-0.217859,0.102062,0.218218,0.175295,-0.408021,-0.609741,-0.118213,-0.327154,-0.101915,0.375,0.094617,-0.226977,-0.005811,-0.326551,0.308941,-0.061616,0.666667,-0.249786,0.388262,-0.005811,-0.316097,0.0,-0.499604,0.398105,0.117257,0.042965,-0.408034,0.036736,-0.106954,-0.498308,0.033041,-0.091491,0.218218,-0.307028,-0.623248,0.005932,0.408248,0.398105,0.398105,-0.42684,-0.005811,0.207617,0.0,-0.326551,-0.69557,0.318014,0.0,-0.25,-0.005811,-0.183044,-0.226977,0.181237,-0.005811,-0.050252,-0.005811,-0.111772,-0.611807,0.398105,0.207617,0.094617,0.326789,-0.327327,-0.066169,-0.060368,-0.226977,0.207617,-0.219735,0.666667,-0.249814,-0.137736,-0.22225,0.073867,0.207617,-0.216066,-0.09122,-0.327327,-0.109909,-0.290559,-0.499604,0.398105,0.311421,-0.111772,0.356961,-0.418662,-0.418662,0.296296,-0.428412,0.407428,0.340116,-0.524264,-0.610936,-0.062281,-0.126904,0.318014,0.450568,-0.019703,-0.011485,-0.429532,0.006483,0.229151,0.136497,0.228998,-0.219445,0.164777,-0.313712,0.312691,#
17,0.471422,0.032892,0.012825,-0.175175,0.394077,0.544913,-0.399112,-0.329972,-0.494533,0.0,0.594651,0.415974,-0.147916,0.079437,-0.248312,0.157593,0.415764,1.0,-0.017013,0.26789,0.009291,0.467409,0.26973,-0.646686,0.019798,-0.070835,-0.145454,-0.293564,-0.517496,0.256808,-0.166207,0.367398,0.019798,-0.163002,0.331309,0.371009,-0.449338,0.311859,-0.329972,-0.064618,-0.062965,0.09592,-0.678425,0.051948,-0.246462,-0.306101,0.182665,0.39929,-0.364114,-0.356673,0.357007,-0.020211,-0.250816,-0.304636,0.278851,-0.00619,-0.234825,-0.578258,-0.197196,-0.202491,0.067352,0.145369,0.189221,-0.297573,-0.117603,-0.129787,-0.062965,0.084934,0.058354,0.705702,0.07404,0.131803,-0.494838,0.152779,-0.05976,-0.074572,-0.387607,-0.048426,-0.175788,-0.619545,0.261337,-0.175788,0.25058,-0.566173,0.141922,-0.329972,-0.39385,0.052232,0.020137,-0.064661,0.184351,-0.048129,0.184351,0.077258,-0.14665,0.3718,0.267861,-0.441145,-0.38148,-0.788693,-0.05929,-0.207267,-0.371266,0.019798,-0.39385,-0.169265,-0.175788,-0.646514,-0.2881,0.052211,0.356369,-0.494533,-0.070813,-0.175788,-0.122888,-0.577312,-0.587112,-0.05976,0.438884,-0.187626,-0.39385,-0.375776,0.052232,-0.190736,-0.274745,0.023185,-0.198736,0.262222,0.220655,-0.155971,0.387966,0.372209,-0.05976,0.191161,-0.269664,-0.207267,0.0,-0.646514,-0.086407,0.184351,0.261337,-0.494957,-0.269664,-0.043487,-0.169265,0.044653,-0.175788,-0.090536,-0.175788,-0.482646,-0.371768,-0.05976,-0.207267,-0.489386,-0.267421,-0.198736,0.114807,0.30788,-0.169265,-0.308907,-0.672857,0.356369,0.002047,0.076355,-0.619545,0.438201,-0.308907,0.234664,0.341934,-0.198736,-0.072192,-0.228892,-0.587112,-0.05976,0.172089,-0.482646,0.005088,0.036313,0.036313,-0.429696,0.421356,0.377665,-0.126104,0.215692,-0.372286,-0.299388,0.039142,0.184351,-0.440077,0.246531,-0.16963,0.009943,0.158633,-0.053816,-0.174091,-0.189641,0.191164,0.2464,0.172133,0.446369,#
18,-0.212062,0.180409,-0.396239,-0.357944,0.205383,-0.409332,0.204678,-0.270524,0.092158,0.196531,0.418848,-0.110796,0.060521,-0.119948,0.497616,0.418848,0.111392,-0.017013,1.0,-0.450425,0.040747,-0.545772,0.060521,-0.163665,-0.405786,0.193132,0.349529,0.372128,0.383711,0.050415,-0.447752,0.192011,0.588787,-0.372881,0.153918,0.614683,0.111205,0.158695,-0.270524,0.653115,-0.399227,-0.196835,0.231878,0.076109,0.327212,0.044644,0.13148,-0.279397,-0.101735,0.258591,0.296009,-0.188113,-0.049578,-0.047112,0.27826,-0.059155,-0.327977,0.413647,0.476678,-0.412672,-0.11059,0.380535,0.103736,0.201467,-0.09506,0.164147,-0.399227,-0.075229,-0.132891,-0.345088,-0.643127,-0.983532,0.040397,-0.036248,-0.201021,0.295302,-0.184231,-0.193089,-0.444958,-0.363775,-0.811571,-0.444958,-0.531298,-0.012189,0.055805,-0.270524,-0.289649,-0.618949,-0.289649,-0.240371,-0.390678,-0.116974,-0.390678,-0.993359,-0.760459,-0.240371,-0.531298,0.272131,-0.662276,-0.167803,-0.028844,-0.134556,-0.614755,-0.405786,-0.289649,-0.371426,-0.444958,-0.530038,0.072038,-0.128446,-0.270524,0.092158,0.22954,-0.444958,-0.513071,-0.440279,-0.021383,-0.201021,-0.24866,0.041413,-0.289649,0.031373,-0.618949,-0.434998,-0.449021,-0.12812,-0.531298,-0.45776,-0.241528,-0.434998,-0.571694,-0.201021,-0.201021,-0.613187,-0.036248,-0.134556,0.0,-0.530038,-0.180572,-0.390678,-0.811571,-0.405786,-0.036248,-0.23885,-0.371426,-0.322693,-0.444958,0.154336,-0.444958,0.22954,-0.184231,-0.201021,-0.134556,0.126286,-0.383186,-0.531298,-0.415632,-0.032662,-0.371426,0.307958,0.56413,-0.270524,0.131871,0.36092,-0.363775,-0.197477,0.307958,0.389018,0.203223,-0.531298,0.253707,-0.408346,-0.021383,-0.201021,0.526404,0.22954,0.044307,0.20029,0.20029,0.469144,-0.180771,0.30738,0.552056,-0.016686,0.220022,-0.278497,-0.134771,-0.390678,-0.05107,0.038042,-0.021383,-0.205056,0.456166,0.395835,-0.035668,-0.530995,0.130445,0.255117,-0.260781,0.060987,#
19,0.016561,-0.386955,0.474843,0.654857,0.003632,0.184528,-0.451811,-0.333062,-0.499165,-0.425812,-0.233004,0.000688,-0.195968,0.00416,-0.228199,-0.65395,-0.003814,0.26789,-0.450425,1.0,0.51129,-0.00079,0.206282,-0.221541,-0.003814,0.025684,-0.156465,0.24075,-0.496488,-0.188099,0.588133,0.079452,0.015255,-0.217749,0.106961,-0.37473,0.021167,-0.073604,-0.333062,-0.441874,-0.083156,0.709308,-0.157552,0.020647,-0.181359,0.228675,0.125384,0.457782,0.334956,-0.355206,0.333748,0.538187,0.281542,-0.00104,0.290462,0.388342,0.294163,-0.553622,-0.202399,0.288283,0.012232,-0.66594,0.444843,0.192217,-0.145581,0.268387,0.4622,0.013593,-0.387423,0.227273,0.431376,0.456629,0.025344,0.230825,0.403989,-0.440253,0.388215,0.030911,0.592486,0.216015,0.587307,0.592486,0.211382,0.215465,0.245058,0.302552,0.405131,0.820034,0.420466,-0.021797,0.661706,0.492461,0.661706,0.41124,0.204388,0.009342,0.228027,-0.291475,-0.00994,0.01532,-0.218203,0.236864,0.419583,-0.003814,0.405131,0.643347,0.592486,-0.220505,0.201881,0.345425,0.327977,-0.499165,0.00682,0.592486,0.31847,0.214615,0.186854,0.403989,0.018264,0.122844,0.405131,0.127117,0.820034,0.595093,0.46522,-0.396369,0.194738,0.298671,0.219791,0.243974,0.39546,0.434807,0.403989,0.082177,0.200686,0.236864,0.0,-0.220505,0.365966,0.661706,0.587307,-0.022882,0.200686,0.484784,0.643347,0.582587,0.592486,-0.294941,0.592486,-0.008435,0.403471,0.403989,0.236864,0.006405,0.23078,0.194738,-0.26804,-0.082881,0.643347,-0.187341,-0.759785,0.327977,-0.499222,0.205211,0.216015,0.010858,-0.187341,-0.047086,0.465699,0.194738,0.020021,0.343161,0.186854,0.403989,-0.168912,-0.008435,0.511318,-0.371334,-0.371334,-0.27515,-0.016022,-0.389622,0.01698,0.617174,0.045617,-0.085983,0.017932,0.661706,-0.060654,-0.173123,0.588945,0.00756,-0.569508,0.036644,0.156057,-0.212592,-0.625348,0.369208,0.188348,0.064701,#
20,-0.40751,-0.407538,-0.254617,0.323887,-0.40751,-0.044221,-0.407025,-0.166623,-0.249721,-0.407389,0.19254,-0.128921,-0.22158,0.200086,-0.22158,-0.327156,-0.249935,0.009291,0.040747,0.51129,1.0,-0.141236,0.275035,0.207449,0.362151,0.522081,-0.005089,0.095191,-0.372157,-0.499066,0.519181,-0.059148,0.387654,0.001365,0.46468,-0.40779,0.209012,0.383628,-0.166623,-0.40787,-0.245895,0.43454,0.292399,-0.174157,-0.013135,0.482771,0.323104,-0.398309,0.649906,0.110958,0.133036,0.243478,0.364348,0.394808,0.140159,0.424237,0.141596,0.217971,-0.062937,0.110958,0.243426,-0.350347,0.119212,-0.135739,-0.183736,-0.10818,-0.245895,0.248539,-0.58933,-0.19073,-0.063258,-0.091486,0.40006,0.517621,0.428309,-0.610532,0.418167,0.438134,0.517621,0.349807,-0.010201,0.517621,0.20703,0.033862,0.368006,-0.166623,0.627275,0.428309,0.627275,0.091624,0.350373,0.268363,0.350373,-0.107433,-0.228915,0.091624,-0.327242,0.224923,0.099028,0.436879,-0.311136,0.774286,0.438134,-0.249935,0.135011,0.34102,0.517621,-0.326466,0.34102,0.493427,-0.166623,-0.249721,0.418167,0.517621,0.28201,0.04015,0.505801,0.428309,0.106524,0.595843,0.627275,0.378381,0.428309,0.540298,0.330997,-0.102045,-0.327242,-0.153715,0.102476,0.540298,-0.112447,0.428309,0.428309,-0.329131,0.517621,0.250565,0.0,-0.326466,0.229848,0.350373,-0.010201,-0.249935,0.517621,0.451889,0.34102,0.229465,0.517621,-0.489828,0.517621,0.418167,0.418167,0.428309,0.250565,0.135011,0.359387,0.20703,-0.487118,-0.48282,0.34102,0.250565,-0.171856,-0.166623,-0.249749,0.276338,0.349807,-0.395408,0.250565,0.340073,0.456599,0.20703,-0.06635,0.399064,0.505801,0.428309,-0.160965,0.418167,0.405664,-0.384657,-0.384657,0.02607,0.046806,-0.593608,0.392072,0.531172,-0.05314,0.244613,-0.593608,0.350373,0.174665,-0.478639,0.027768,-0.395714,-0.478925,-0.310184,0.220741,-0.327055,-0.194835,0.214174,0.359197,-0.248485,#
