0,1.0,-0.249944,0.333028,0.526621,-0.021386,-0.327169,-0.407525,-0.16663,-0.249297,0.166706,-0.499394,0.237615,-0.407525,-0.410001,0.0,-0.20772,-2.8e-05,-0.182043,-0.204576,0.013169,-0.327166,-0.249879,-0.252134,0.528008,0.386706,-0.408016,-0.237623,-0.762167,0.387361,-0.16663,-0.260872,-0.286369,-0.16663,0.354665,0.435522,-0.327169,-0.104782,0.421662,-0.16663,0.106493,0.200787,-0.104782,-0.629214,0.303977,0.363127,0.099675,-0.110395,-0.329643,0.278823,0.212718,-0.355412,0.187592,0.375541,-0.083315,0.324521,0.281294,0.190063,-0.062527,-0.690569,0.074134,0.273038,-0.342317,0.322645,-0.368438,-0.011724,-0.412755,0.082571,-0.964113,-0.087652,0.110246,0.366752,0.122263,-0.16663,-0.082532,-0.611671,0.198303,0.408291,0.033059,0.427676,0.250108,0.529117,0.331869,0.427676,-0.611014,0.331869,0.099829,0.267757,0.134009,0.340443,-0.40788,0.349772,0.331869,0.427676,0.418138,0.418138,-0.194068,0.138398,0.340984,0.516898,0.323353,-0.213726,0.61237,0.267757,0.331869,0.418138,0.026938,0.340984,0.267757,0.078058,-0.499502,-0.076721,0.0,0.408291,0.331869,-0.394145,-0.16663,0.427676,0.309139,-0.015106,-0.032281,0.627253,0.258579,0.193136,0.126432,0.2069,-0.072253,0.09228,-0.382685,-0.602045,0.61237,0.163501,-0.688218,-0.077482,0.27404,0.224547,0.126432,-0.16663,0.277151,-0.591868,0.193136,0.259111,-0.041917,0.118928,0.366752,0.258579,0.074216,0.078058,-0.123141,0.250108,-0.026132,-0.194068,0.267757,0.363127,0.026938,0.182216,0.626378,-0.172431,-0.09666,0.182216,0.207878,0.232916,0.650799,0.641889,-0.389988,-0.23666,-0.309495,0.59811,0.134674,0.033059,0.085114,0.253259,-0.317324,0.505776,0.182216,0.129928,0.258579,0.650799,0.042061,-0.394056,0.17214,-0.394056,-0.587161,0.029379,0.035267,-0.319161,0.195678,0.401569,0.182216,0.030618,0.062622,-0.682034,-0.15886,-0.503075,-0.394056,-0.760152,0.363127,-0.477087,0.258579,0.195678,-0.249406,#
1,-0.249944,1.0,0.332308,0.00387,0.516056,0.778304,0.096859,-0.166667,0.326581,0.165494,-0.007866,0.262426,0.096859,0.249253,0.0,-0.218052,0.0,0.420322,-0.172484,0.613504,-0.327239,0.387654,0.320301,-0.499545,-0.25,-0.408107,-0.206298,0.332975,-0.101859,0.666667,-0.090388,0.268996,-0.166667,-0.601148,-0.611787,0.225531,-0.115722,-0.611803,-0.166667,0.096986,-0.327246,-0.115722,0.075112,0.149207,-0.25,0.044403,0.445646,0.459494,-0.599804,0.236986,-0.060196,0.234754,0.362151,0.271199,0.303687,0.283414,-0.631698,0.202671,0.192121,-0.655001,0.226013,0.206886,0.296661,0.236986,-0.362543,0.242956,0.112032,0.144391,0.484563,0.179111,0.060193,-0.407733,-0.166667,-0.092351,-0.611807,0.165851,-0.611749,-0.034818,-0.13647,-0.356416,-0.029371,-0.762738,-0.13647,0.397544,-0.762738,0.079168,-0.418754,0.064958,0.308451,-0.407971,-0.254,-0.200062,-0.13647,-0.611807,-0.611807,-0.204642,-0.214069,-0.762895,-0.034818,-0.35861,-0.22393,-0.407971,0.231036,-0.200062,-0.611807,-0.040145,-0.195452,-0.418754,0.116563,0.011355,0.237452,0.0,-0.611749,-0.762738,0.231036,-0.166667,-0.13647,-0.301356,0.48745,-0.042629,-0.408034,0.222132,-0.721021,-0.407971,0.173041,0.387726,0.07194,0.255653,0.0,-0.407971,-0.234256,0.144204,-0.087393,-0.296993,0.111249,0.116563,-0.166667,-0.41479,0.1855,-0.721021,-0.351836,-0.530778,0.109195,0.060193,0.222132,0.134782,0.116563,0.419549,-0.356416,0.011355,-0.204642,0.231036,-0.25,-0.040145,0.133631,0.064958,0.292314,0.329326,0.133631,-0.327327,-0.476098,-0.166667,0.07194,0.240141,0.308451,0.747369,0.109195,-0.338502,0.48745,-0.408034,-0.311421,0.168272,-0.499604,0.133631,0.561361,0.222132,-0.166667,0.477794,0.60889,-0.637546,0.60889,-0.053447,-0.491494,0.465824,0.77071,0.096946,0.039446,0.133631,-0.499422,0.624964,0.111249,-0.159901,0.503821,0.60889,0.263427,-0.25,0.477794,0.222132,0.096946,0.337506,#
2,0.333028,0.332308,1.0,0.175895,0.221314,-0.029316,0.153398,-0.507577,0.081692,0.539648,0.235128,0.204811,-0.32194,0.217242,0.0,-0.453107,5.1e-05,0.43355,-0.33629,0.543542,-0.01682,-0.18186,0.068022,0.6491,0.311276,-0.366317,-0.386357,-0.439653,0.420921,0.249582,0.153604,0.050152,-0.507577,-0.048481,-0.048982,-0.010714,-0.107648,-0.105736,-0.507577,-0.359077,-0.543805,-0.107648,-0.275194,-0.21781,-0.23556,-0.209938,-0.039897,-0.091102,-0.120385,0.247389,0.110396,0.265316,0.290169,0.391342,0.008562,-0.328119,-0.123826,-0.273797,-0.17091,-0.159191,0.747733,0.390298,0.304484,-0.29258,-0.164702,0.200975,0.104888,-0.443122,0.436192,0.510873,-0.02937,0.162868,0.165453,-0.051084,-0.540837,0.502945,-0.49358,-0.256401,-0.145061,0.238679,0.615268,0.040815,-0.552389,0.357111,-0.424141,0.020801,-0.355694,0.078594,0.015781,0.067663,-0.484001,-0.424141,-0.145061,0.360888,-0.120164,-0.37594,-0.06145,-0.45521,0.158566,0.354791,-0.380185,-0.349104,-0.355694,0.040815,0.360888,-0.195597,0.060362,0.181248,-0.349104,-0.203281,0.334376,0.0,-0.49358,0.040815,0.181248,0.165453,-0.552389,-0.118554,0.666291,-0.384967,-0.336209,0.744012,-0.256384,-0.365775,-0.252409,0.412777,0.002219,-0.317049,0.017416,-0.349104,0.022337,-0.256384,-0.510245,0.02052,0.548449,0.110811,-0.507577,0.204844,-0.275555,-0.256384,0.262288,-0.419139,0.091768,-0.02937,0.211111,0.562739,0.127482,0.379762,-0.291453,-0.187042,-0.37594,0.771641,-0.235561,0.198106,0.496904,0.061703,-0.248686,0.646531,0.496904,-0.060583,-0.071703,0.193496,0.49245,0.204844,0.051793,0.452108,0.108207,-0.287885,0.218126,0.103579,0.434328,0.266054,-0.641288,-0.212959,0.106551,0.252103,0.193496,0.688159,0.562463,-0.174037,0.562463,-0.570264,-0.237568,0.247739,0.447877,0.477937,-0.008186,0.496904,-0.23132,0.56173,-0.260187,-0.50401,0.186498,0.562463,-0.504673,-0.23556,0.225099,-0.280798,-0.200636,0.334061,#
3,0.526621,0.00387,0.175895,1.0,-0.196714,-0.208536,-0.814059,-0.332854,-0.224823,0.280294,-0.236438,0.503782,-0.001812,-0.043219,0.0,0.214362,4.7e-05,-0.153085,-0.708638,-0.104478,-0.653536,-0.499151,-0.667691,0.20482,0.487669,-0.04139,-0.242208,-0.285287,-0.401171,-0.332854,-0.695472,-0.314821,-0.332854,0.318033,0.034262,-0.653541,-0.007166,-0.012483,-0.332854,0.42048,-0.22025,-0.007166,-0.395076,0.158989,0.507021,0.645492,-0.379852,-0.665679,0.281894,-0.005198,-0.362512,0.326551,0.506889,0.080773,0.20941,0.613263,-0.319306,0.187146,-0.415543,-0.412377,0.014725,0.174265,0.553667,-0.023542,0.219699,-0.551841,-0.412424,-0.408999,-0.339054,0.163602,-0.336405,0.361689,0.286409,-0.028059,-0.447721,0.355913,0.013981,0.577307,0.794862,-0.0309,0.596126,0.197645,0.420074,-0.057596,0.197645,0.378726,0.462526,0.010879,0.186237,-0.446633,0.63507,0.197645,0.388842,0.397448,-0.0051,-0.240685,0.522527,0.211911,0.577307,0.343104,-0.238875,0.421369,0.462526,0.197645,0.397448,0.196841,0.211911,0.462526,-0.415955,-0.250677,-0.530117,0.0,0.013981,0.197645,-0.574748,0.286409,0.420074,0.083534,-0.225856,0.079856,0.439352,-0.045594,0.289481,0.390691,0.295097,-0.39981,0.360854,-0.519261,-0.851991,0.421369,-0.455747,-0.43385,-0.016687,0.143514,0.225622,0.390691,0.338014,0.480718,-0.404927,0.289481,-0.016785,-0.009888,-0.019485,-0.336405,0.444735,0.086347,-0.017143,-0.419881,-0.0309,-0.220793,-0.240685,-0.031521,0.00387,0.166653,0.268355,0.414969,-0.108706,-0.329587,0.268355,0.224661,0.295555,0.338014,0.811921,-0.066807,-0.25426,-0.263173,0.010766,0.245829,0.577307,-0.410239,0.186423,-0.41576,0.220215,0.268355,-0.027732,-0.498205,0.338014,-0.20613,-0.450196,-0.364314,-0.450196,-0.486851,-0.235981,-0.216253,-0.271392,-0.427749,-0.342598,-0.384799,0.189215,-0.060133,-0.518413,-0.381228,-0.292238,-0.450196,-0.359227,0.00387,-0.632197,-0.007876,0.196614,-0.025671,#
4,-0.021386,0.516056,0.221314,-0.196714,1.0,0.658249,0.382888,0.316947,0.618931,-0.34054,-0.199518,0.48527,-0.027092,0.459417,0.0,-0.231433,2.5e-05,0.411081,0.277197,0.351761,0.202626,0.496024,0.60658,-0.21294,-0.499802,-0.81589,0.19626,-0.189565,0.368863,0.344037,-0.174827,0.225732,0.316947,-0.878369,-0.422245,0.658249,0.405472,-0.417058,-0.333201,-0.405458,0.2024,0.405472,-0.37429,-0.050845,-0.01219,-0.543448,0.776137,0.635283,0.038996,-0.026963,-0.589971,-0.563331,0.495195,-0.26385,0.189571,0.014706,-0.399917,-0.309969,0.287387,-0.473165,0.011786,0.216994,0.073491,-0.528513,-0.365346,0.447035,0.402818,-0.0202,0.72754,0.489623,0.110553,-0.502289,-0.333201,-0.801,-0.426642,0.330533,-0.450284,-0.620437,-0.442569,-0.508633,0.179021,-0.678398,-0.049089,0.007812,-0.695673,0.387914,-0.564923,-0.022748,0.181815,-0.413019,-0.268349,-0.238395,-0.049089,-0.426642,-0.036526,-0.660097,-0.613538,-0.253429,-0.235611,-0.426664,-0.683213,-0.429123,-0.036848,-0.22112,-0.426642,-0.624636,0.207724,-0.544974,0.383653,-0.583574,0.727561,0.0,-0.450284,-0.678398,0.46189,-0.333201,-0.049089,-0.417043,0.589689,-0.331692,-0.03143,-0.031097,-0.414862,-0.815618,0.344864,0.385567,-0.027673,0.510288,0.005608,-0.429123,-0.468326,0.288294,-0.410512,-0.234275,0.222409,-0.389337,-0.333201,-0.052161,0.340702,-0.414862,-0.021824,-0.100455,-0.395414,0.110553,-0.526081,-0.379409,-0.002842,0.796579,-0.52833,-0.207075,-0.660097,0.46189,0.475421,-0.624636,-0.365826,-0.039065,0.391874,0.47921,-0.365826,0.214585,-0.037804,0.316948,-0.027673,0.480092,0.199209,0.197455,-0.014292,-0.859299,-0.195997,0.377067,-0.663651,0.369317,-0.237172,-0.3922,-0.037727,0.444089,0.316948,0.171886,0.394564,-0.371349,0.394564,-0.363668,-0.233018,0.166468,0.64679,0.193815,0.041461,0.267155,-0.60385,0.013544,0.222409,0.282422,0.600524,0.394564,0.170434,0.475421,0.171886,-0.050896,-0.436478,-0.021704,#
5,-0.327169,0.778304,-0.029316,-0.208536,0.658249,1.0,0.323817,0.489388,0.408998,-0.485945,-0.219012,0.322082,0.323817,0.305101,0.0,-0.072513,5.3e-05,0.117608,0.003051,0.371965,0.028387,0.756447,0.400888,-0.653888,-0.327241,-0.534198,-0.082366,0.454452,0.065584,0.518869,0.035175,0.416573,0.489388,-0.786882,-0.800808,0.511108,0.094161,-0.353614,-0.218161,-0.087493,0.046918,0.094161,0.16475,0.249913,-0.327241,-0.168082,0.476247,0.621572,-0.294042,-0.213791,-0.334337,-0.201617,0.214194,-0.357731,0.414938,0.278427,-0.572105,0.237534,0.17255,-0.579306,-0.223881,0.028828,-0.154531,0.289246,-0.386608,0.296971,0.367465,0.243734,0.524073,0.290774,0.334327,-0.769747,-0.218161,-0.341418,-0.376276,0.244173,-0.380283,-0.242658,-0.38015,-0.738893,-0.237948,-0.998398,0.04807,0.092151,-0.547195,0.336308,-0.272279,-0.115529,0.403751,-0.53402,-0.089859,-0.049544,0.04807,-0.800834,-0.376276,-0.057259,-0.500521,-0.543577,-0.242658,-0.712992,-0.082877,-0.53402,0.302419,-0.500747,-0.800834,-0.247323,-0.041711,-0.793338,0.350515,-0.202058,0.401283,0.0,-0.380283,-0.998398,0.302419,-0.218161,0.04807,-0.15078,0.219255,0.151026,-0.107323,-0.226375,-0.576478,-0.53402,0.25476,0.50752,-0.109438,0.355922,0.146477,-0.53402,-0.306631,0.188758,0.083477,-0.576535,0.145621,-0.070103,-0.218161,-0.264908,0.299063,-0.576478,-0.21668,-0.351045,-0.076651,0.334327,-0.226375,-0.477504,-0.070103,0.534081,-0.224442,-0.202058,-0.057259,0.302419,0.20342,-0.247323,-0.513948,-0.115529,0.576528,0.087479,-0.513948,-0.42846,-0.20902,-0.218161,-0.109438,0.314337,-0.050552,0.514333,-0.076651,-0.508407,0.219255,-0.107323,-0.422329,0.119805,-0.239523,0.174918,0.31976,0.290764,-0.218161,0.206218,0.356728,-0.511354,0.356728,0.142758,-0.223332,0.623109,0.530396,0.126899,0.191185,0.174918,-0.653727,0.375864,0.145621,0.492148,0.673744,0.356728,0.391414,0.20342,0.206218,0.290764,0.126899,0.192599,#
6,-0.407525,0.096859,0.153398,-0.814059,0.382888,0.323817,1.0,0.373984,0.553567,-0.313646,0.442102,-0.141593,0.185615,0.430541,0.0,-0.398822,-4.9e-05,0.431727,0.578818,0.303607,0.805936,0.581416,0.543202,0.014698,-0.407616,-0.211628,0.117988,0.135514,0.684039,0.40089,0.593872,0.65256,0.373984,-0.49225,-0.152385,0.769993,0.269678,-0.147885,-0.271744,-0.665471,-0.099817,0.269678,0.29778,-0.10266,-0.407616,-0.796369,0.170759,0.489186,-0.080229,-0.048778,0.193374,-0.439683,-0.40751,-0.154065,-0.384646,-0.718659,0.237095,-0.297519,0.293237,0.307816,-0.107329,-0.07811,-0.569072,-0.087832,-0.194808,0.420143,0.593466,0.229181,0.604978,0.390556,0.331349,-0.392534,-0.271744,-0.125418,0.25508,0.241581,-0.156599,-0.813694,-0.996458,-0.060989,-0.411083,-0.324176,-0.605652,0.307184,-0.341334,-0.264159,-0.582528,-0.259203,-0.369999,0.191934,-0.824176,-0.377667,-0.605652,-0.132383,-0.206457,0.10181,-0.686231,-0.396032,-0.813694,-0.465445,0.098924,-0.665182,-0.624487,-0.36051,-0.132383,-0.363568,0.061985,-0.562714,0.142069,0.04326,0.785715,0.0,-0.156599,-0.324176,0.437304,-0.271744,-0.605652,0.01251,0.461274,-0.119643,-0.275794,-0.049625,-0.382555,-0.665182,-0.417298,0.681488,-0.664677,0.436254,0.707381,-0.665182,0.27354,0.315821,-0.190458,-0.256756,0.368161,-0.241799,-0.271744,-0.076006,0.24042,-0.382555,0.4232,-0.123299,-0.247808,0.331349,-0.541244,-0.1636,0.215455,0.685782,-0.080552,0.04326,0.10181,0.437304,0.07668,-0.363568,-0.330673,-0.664356,-0.075404,0.563537,-0.330673,-0.093353,0.040823,-0.271744,-0.664677,0.452628,0.14115,0.412143,-0.247808,-0.544464,-0.392139,0.593878,-0.053625,0.262901,-0.436356,-0.356867,-0.21851,0.42233,-0.271744,0.436049,0.63254,0.281572,0.63254,0.267149,-0.017724,0.429751,0.389802,0.320828,0.202287,0.298005,-0.422374,0.250379,0.368161,0.402684,0.437029,0.63254,0.130057,0.07668,0.436049,-0.069289,-0.305179,0.168901,#
7,-0.16663,-0.166667,-0.507577,-0.332854,0.316947,0.489388,0.373984,1.0,0.188691,-0.992964,-0.333003,0.141306,0.373984,0.132935,0.0,0.188978,-2.1e-05,-0.399094,0.244353,-0.267967,0.499077,0.649491,0.184678,-0.33303,-0.166667,-0.272071,0.157179,0.251191,0.244461,-0.111111,0.180775,0.280566,1.0,-0.400765,-0.407858,0.489388,0.308593,0.294422,-0.111111,-0.272099,0.528186,0.308593,0.154396,0.185223,-0.166667,-0.325621,0.128929,0.33791,0.371307,-0.664877,-0.44143,-0.642659,-0.166623,-0.938435,0.229817,0.043602,-0.021057,0.091529,0.004132,-0.0,-0.665483,-0.24207,-0.6547,0.125076,-0.103584,0.128915,0.421455,0.182208,0.149984,0.207857,0.441412,-0.642488,-0.111111,-0.407885,0.258841,0.153093,0.252468,-0.332704,-0.407433,-0.66531,-0.332873,-0.508492,0.265029,-0.407433,0.200062,0.418171,0.154024,-0.271643,0.205634,-0.271981,0.211667,0.200062,0.265029,-0.407871,0.258841,0.194306,-0.488683,0.205961,-0.332704,-0.62159,0.180867,-0.271981,0.154024,-0.508492,-0.407871,-0.332631,0.205961,-0.66423,0.388544,-0.333075,0.300367,0.0,0.252468,-0.508492,0.154024,-0.111111,0.265029,0.18177,-0.332704,0.296374,0.398178,-0.664008,0.096136,-0.271981,0.15973,0.258484,-0.271774,0.203854,0.230021,-0.271981,-0.15617,0.096136,0.252468,-0.492882,0.074165,-0.271981,-0.111111,0.160094,0.212,0.096136,0.148393,0.185922,-0.272031,0.441412,-0.664008,-0.937053,-0.271981,0.255996,0.142566,-0.333075,0.194306,0.154024,0.666667,-0.332631,-0.992685,-0.271643,0.499369,-0.320023,-0.992685,-0.218218,0.333008,-0.111111,-0.271774,0.160094,-0.50779,-0.230321,-0.272031,-0.328245,-0.332704,0.398178,-0.230682,-0.045574,0.317756,0.089087,-0.277527,0.148088,-0.111111,-0.339765,-0.285487,0.082469,-0.285487,0.298415,0.331918,0.331532,-0.237514,0.06463,0.245444,0.089087,-0.332948,-0.277762,0.074165,0.994937,0.358273,-0.285487,0.248792,0.666667,-0.339765,0.148088,0.06463,-0.166307,#
8,-0.249297,0.326581,0.081692,-0.224823,0.618931,0.408998,0.553567,0.188691,1.0,-0.181599,0.261349,0.164374,0.553567,0.764957,0.0,-0.46449,0.0,0.807163,0.496081,0.550135,0.447781,0.305174,0.50964,-0.206997,-0.762023,-0.319147,0.521385,0.079364,0.359086,0.217721,-0.329037,0.605687,0.188691,-0.598268,-0.094759,0.408998,0.798326,-0.524693,-0.508015,-0.364248,-0.079498,0.798326,-0.250206,0.292146,0.304809,-0.56071,0.28339,0.425331,-0.128351,0.232185,-0.120574,-0.407581,0.304286,-0.006748,-0.488208,-0.24587,-0.255813,-0.087112,0.457148,-0.238312,-0.337893,-0.038241,-0.276175,-0.305281,0.027063,0.205972,0.532437,0.127095,0.788231,0.477775,-0.089113,-0.139268,-0.508015,-0.496639,-0.077873,0.446643,-0.112134,-0.687306,-0.588565,-0.317846,-0.260393,-0.425777,-0.166906,0.396338,-0.444289,0.046141,-0.362171,-0.393425,-0.495037,-0.31875,-0.507664,-0.483491,-0.606134,-0.077873,-0.593266,-0.414224,-0.292073,-0.495823,-0.704488,-0.413495,-0.40691,-0.39793,-0.407441,-0.464979,-0.077873,-0.211269,-0.001647,-0.340792,0.04162,-0.177009,0.765664,0.0,-0.112134,-0.425777,0.203721,-0.508015,-0.166906,-0.166216,0.671134,-0.439665,0.034505,-0.328867,-0.268752,-0.812103,-0.285168,0.357105,-0.398881,0.756552,-0.051082,-0.39793,-0.346816,0.484758,-0.562698,-0.007154,0.443732,-0.355295,0.217721,0.195827,0.324251,-0.268752,0.211984,0.187249,-0.793305,-0.089113,-0.328867,-0.305744,0.55223,0.801355,-0.338953,0.226452,-0.414224,0.203721,0.283037,-0.635804,-0.226103,-0.410911,-0.115087,0.656248,-0.226103,0.408591,0.154975,0.188691,-0.398881,0.766195,0.522447,0.429207,-0.38489,-0.820068,-0.232471,0.535085,-0.50385,0.142424,-0.281563,-0.254366,-0.387808,0.180347,0.188691,0.201949,0.53843,-0.241152,0.53843,-0.07622,-0.693748,0.19023,0.404619,-0.288745,-0.080157,-0.254366,-0.676571,0.142798,0.443732,0.159679,0.188378,0.53843,-0.027402,0.283037,0.201949,0.180347,-0.288745,0.371883,#
9,0.166706,0.165494,0.539648,0.280294,-0.34054,-0.485945,-0.313646,-0.992964,-0.181599,1.0,0.334826,-0.20579,-0.340362,-0.1584,0.0,-0.216518,0.0,0.412025,-0.238066,0.304174,-0.436216,-0.644921,-0.148995,0.359489,0.165494,0.272362,-0.150499,-0.247104,-0.183404,0.110329,-0.112487,-0.218853,-0.992964,0.413314,0.434343,-0.485945,-0.305327,-0.263383,0.110329,0.270184,-0.552974,-0.305327,-0.116847,-0.143049,0.099296,0.305693,-0.154739,-0.3117,-0.419745,0.699418,0.518019,0.656653,0.131685,0.947221,-0.256454,-0.115454,0.025926,-0.094347,-0.040205,0.019271,0.689477,0.212417,0.586438,-0.086284,0.056227,-0.121444,-0.392003,-0.197312,-0.11456,-0.220447,-0.390493,0.650586,0.066198,0.435583,-0.253905,-0.153705,-0.219837,0.305778,0.352719,0.666291,0.305644,0.509881,-0.288303,0.407708,-0.193688,-0.470055,-0.147205,0.297878,-0.230856,0.299388,-0.265664,-0.253285,-0.288303,0.409675,-0.281943,-0.160098,0.476656,-0.259605,0.305778,0.638107,-0.146526,0.245375,-0.216029,0.450285,0.409675,0.386478,-0.259605,0.665291,-0.412045,0.333738,-0.267622,0.0,-0.219837,0.509881,-0.149117,0.066197,-0.288303,-0.174791,0.359558,-0.320089,-0.42043,0.697284,-0.087823,0.245375,-0.241435,-0.172665,0.215889,-0.201092,-0.187289,0.245375,0.217103,-0.133644,-0.275375,0.517859,-0.05597,0.245375,0.066198,-0.153187,-0.261381,-0.087823,-0.141645,-0.177467,0.271638,-0.390493,0.665029,0.954253,0.273153,-0.224068,-0.135901,0.333738,-0.160098,-0.114705,-0.695075,0.386478,0.993282,0.271295,-0.545844,0.362112,0.993282,0.158901,-0.324465,0.066197,0.244463,-0.187871,0.50755,0.29031,0.271638,0.325935,0.305778,-0.365626,0.291363,0.046646,-0.339849,-0.080878,0.307307,-0.076843,0.066197,0.420031,0.341946,-0.07433,0.341946,-0.294546,-0.322822,-0.247525,0.241619,-0.007701,-0.186269,-0.037911,0.306729,0.35766,-0.103102,-0.979468,-0.377097,0.341946,-0.299356,-0.695075,0.393041,-0.109099,-0.048774,0.235078,#
10,-0.499394,-0.007866,0.235128,-0.236438,-0.199518,-0.219012,0.442102,-0.333003,0.261349,0.334826,1.0,-0.011592,0.04527,0.540364,0.0,-0.238419,-2.4e-05,0.509845,0.171296,0.131466,0.245354,0.002167,-0.174462,0.190265,-0.007866,0.413009,-0.169432,0.21726,0.047433,0.322515,0.263073,0.313234,-0.333003,0.024459,-0.011175,0.215811,-0.002991,-0.409674,-0.333003,-0.418139,-0.653844,-0.002991,0.384935,-0.451833,-0.007866,-0.259866,-0.382832,-0.284761,0.014829,0.029982,0.391116,0.080859,-0.499375,0.442307,-0.669658,-0.502127,0.367215,-0.182362,0.385811,0.41448,-0.01289,0.240325,0.009334,0.029982,0.357703,0.040017,0.018633,0.375711,0.034986,0.351605,-0.35322,0.181276,0.322515,0.399369,0.407406,0.279188,-0.387263,-0.221116,-0.427628,0.485591,-0.212095,0.208126,-0.824358,0.842841,-0.209897,-0.408048,-0.473201,-0.419278,-0.65531,0.409859,-0.673333,-0.245306,-0.824358,0.407406,-0.435726,0.218439,-0.101137,-0.259585,-0.60912,-0.101552,0.241255,-0.425446,-0.514092,0.172718,0.407406,-0.174948,0.186778,0.009541,-0.402524,0.597012,0.135826,0.0,-0.387263,0.208126,0.037938,0.322515,-0.824358,0.123719,0.245401,0.065246,-0.419864,0.023336,-0.313834,-0.03576,-0.41338,0.037154,-0.413671,-0.001814,0.423399,-0.425446,0.170759,0.36677,-0.030706,-0.130132,0.404299,0.37685,0.322515,0.024156,0.208038,-0.313834,0.50348,-0.289151,-0.024141,-0.35322,0.023336,0.426815,0.432782,0.042288,0.008972,0.217404,0.218439,0.037938,-0.499505,-0.174948,0.345083,-0.814122,-0.413797,0.352842,0.345083,0.204269,-0.001474,-0.333003,-0.413671,0.539339,0.246892,0.260338,-0.40841,-0.00581,0.189711,0.032283,0.214485,0.021427,-0.614253,-0.293126,-0.383231,-0.455774,-0.333003,0.216486,0.44128,0.325007,0.44128,0.338341,-0.240407,-0.170042,0.234153,-0.257758,-0.479714,-0.293126,0.147976,0.073583,0.404299,-0.338771,0.196573,0.44128,0.221838,-0.499505,0.216486,-0.455774,-0.257758,0.062563,#
11,0.237615,0.262426,0.204811,0.503782,0.48527,0.322082,-0.141593,0.141306,0.164374,-0.20579,-0.011592,1.0,-0.141593,0.319002,0.0,0.207761,0.000122,0.03274,-0.362984,-0.171675,-0.243782,0.237645,-0.400005,-0.004229,0.262426,-0.62241,-0.397917,-0.328298,0.046881,0.17495,-0.353975,0.151167,0.141306,-0.49461,-0.414591,0.322082,0.078091,-0.421869,-0.666157,-0.101806,-0.244073,0.078091,-0.145812,-0.213747,0.237192,0.086945,0.047357,-0.308294,0.588967,-0.2976,-0.823856,-0.344223,0.236616,-0.275553,0.198161,0.392339,-0.225707,-0.309085,-0.259217,-0.367284,-0.213484,0.316377,0.514603,-0.2976,-0.140097,-0.328097,-0.1176,-0.183838,-0.000349,0.711878,-0.075333,-0.292458,0.17495,-0.406408,-0.446748,0.693801,-0.456329,-0.00328,0.082167,-0.271964,0.503968,-0.356657,0.061805,0.102529,-0.378112,0.386503,-0.315392,-0.108717,0.18451,-0.630606,0.179459,0.189813,0.061805,0.08764,0.067452,-0.347255,-0.431347,0.184803,-0.023194,-0.348924,-0.372584,-0.12118,0.34046,0.211268,0.08764,-0.518188,0.757539,-0.290615,-0.141181,-0.507024,0.018682,0.0,-0.456329,-0.356657,-0.315392,0.17495,0.061805,-0.068945,-0.023194,0.291844,0.387727,-0.280906,-0.248404,-0.101179,0.656705,0.087519,-0.137235,-0.269371,-0.428348,-0.12118,-0.542234,-0.248404,0.092912,-0.294151,0.556941,0.428248,0.17495,0.335515,-0.165297,-0.248404,0.346132,-0.383546,-0.09374,-0.075333,-0.280906,-0.267154,-0.12118,0.063448,-0.296427,-0.526508,-0.347255,0.34046,0.211959,-0.518188,-0.203857,-0.128982,0.11482,-0.131607,-0.203857,0.32157,0.433588,0.141306,0.407349,0.335515,-0.365715,-0.242243,-0.113462,-0.25966,0.52386,-0.149456,-0.230505,-0.361338,-0.036631,-0.236613,-0.135983,-0.305496,0.141306,-0.011574,-0.124535,-0.225895,-0.124535,-0.414575,-0.051025,-0.02516,0.300593,-0.297465,-0.419643,-0.236613,-0.00084,-0.139181,-0.341351,0.081772,0.47462,-0.124535,0.148896,0.211959,-0.525975,-0.305496,-0.297465,-0.404638,#
12,-0.407525,0.096859,-0.32194,-0.001812,-0.027092,0.323817,0.185615,0.373984,0.553567,-0.340362,0.04527,-0.141593,1.0,0.430541,0.0,0.041185,-4.9e-05,0.22611,0.021927,0.201152,0.371742,0.066779,0.106488,-0.375509,-0.407616,0.191729,0.50879,0.524514,-0.138123,-0.271744,-0.281615,0.56501,0.373984,-0.157614,-0.152385,-0.122359,0.669991,-0.147885,-0.271744,0.149977,-0.099817,0.669991,0.171474,0.561805,0.096859,0.063795,-0.253424,0.125948,-0.183973,-0.048778,0.193374,-0.157473,0.086541,-0.206184,-0.384646,-0.058774,-0.451245,0.362109,0.19319,-0.338362,-0.620411,-0.09515,-0.610357,0.410307,0.07692,-0.080123,0.173622,0.374865,0.290686,0.069287,-0.154502,0.056247,-0.271744,-0.148712,0.25508,0.241581,0.243127,-0.040844,-0.206227,-0.578823,-0.434791,-0.324176,0.184579,0.259292,0.087604,0.129081,0.379028,-0.283035,-0.420809,-0.207928,0.021527,-0.402899,-0.22251,-0.132383,-0.610066,0.076783,0.17771,-0.396032,-0.438979,-0.23388,0.098924,-0.26532,-0.187416,-0.81468,-0.132383,0.40023,-0.396032,-0.096505,-0.281315,0.020347,0.146842,0.0,0.243127,-0.324176,-0.116319,-0.271744,0.184579,-0.016448,0.0163,-0.144221,0.129926,-0.599081,0.238224,-0.26532,-0.471018,0.231019,-0.277562,0.395793,-0.128108,-0.26532,-0.356734,0.238224,-0.213971,-0.001734,0.18857,-0.26532,0.40089,0.393891,0.079997,0.238224,-0.09841,0.457614,-0.665305,-0.154502,-0.107462,-0.47443,0.191934,0.255303,-0.10932,0.020347,0.076783,-0.116319,0.07668,0.006758,-0.407716,-0.283035,-0.099981,0.067942,-0.407716,-0.093353,0.324313,-0.271744,-0.277562,0.393891,0.09034,0.326778,-0.665305,-0.296078,-0.040844,0.188159,-0.081554,-0.140322,-0.042366,0.220962,-0.294877,-0.127127,-0.271744,-0.026739,0.146469,-0.409685,0.146469,0.213223,-0.429894,0.353536,-0.138385,-0.461681,-0.116108,-0.433911,-0.422374,0.169017,0.18857,0.359662,-0.050969,0.146469,-0.017601,0.07668,-0.026739,0.364492,0.164327,0.642678,#
13,-0.410001,0.249253,0.217242,-0.043219,0.459417,0.305101,0.430541,0.132935,0.764957,-0.1584,0.540364,0.319002,0.430541,1.0,0.0,-0.368711,0.0,0.625638,0.191746,0.429436,0.349502,0.224778,0.20369,-0.004017,-0.37388,-0.070583,0.210719,0.235007,0.106429,0.166169,-0.241516,0.319236,0.132935,-0.447241,-0.413463,0.305101,0.609024,-0.420923,-0.664676,-0.620467,-0.254146,0.609024,-0.170992,-0.142606,0.224328,-0.509107,0.022635,0.125629,0.109351,-0.231356,-0.168045,-0.299786,0.223761,-0.065666,-0.387068,-0.221706,-0.214136,0.001304,0.61913,-0.200268,-0.250689,0.343499,-0.193784,-0.231356,0.366624,0.356918,0.406101,0.307457,0.604757,0.702398,-0.372077,-0.111924,0.166169,-0.384416,0.104401,0.625807,-0.433335,-0.543851,-0.475628,-0.257275,-0.049196,-0.337844,-0.495742,0.651918,-0.359037,0.365515,-0.299451,-0.653529,-0.412968,-0.074378,-0.422914,-0.403917,-0.495742,0.104401,-0.485638,-0.328922,-0.150048,-0.413624,-0.563522,-0.330366,-0.309131,-0.658939,-0.351278,-0.382723,0.104401,-0.490595,0.152123,-0.274976,-0.155728,0.029434,0.58518,0.0,-0.433335,-0.337844,0.348399,0.166169,-0.495742,-0.054368,0.519551,-0.281726,-0.163905,-0.265762,-0.235788,-0.639182,-0.273385,0.104256,-0.151819,0.36884,0.11352,-0.658939,-0.513824,0.626853,-0.455408,-0.376747,0.563456,-0.116215,0.166169,0.3439,0.529737,-0.235788,0.353649,-0.005381,-0.624566,-0.372077,-0.265762,-0.218846,0.428833,0.612556,-0.281438,0.010189,-0.328922,0.348399,0.199403,-0.490595,-0.192234,-0.673547,0.089861,0.511992,-0.192234,0.304593,0.115167,0.132935,-0.151819,0.996875,0.218409,0.319144,-0.644048,-0.724072,-0.023143,0.409174,-0.231833,0.312471,-0.571397,-0.224591,-0.651498,-0.290053,0.132935,-0.022865,0.402935,-0.214411,0.402935,0.035969,-0.577849,-0.036402,0.285616,-0.282236,-0.432614,-0.224591,-0.539425,-0.04422,0.563456,0.076523,0.450076,0.402935,0.118188,0.199403,-0.022865,-0.290053,-0.282236,0.301385,#
14,0.0,0.0,0.0,0.0,0.0,0.0,0.0,0.0,0.0,0.0,0.0,0.0,0.0,0.0,0.0,0.0,0.0,0.0,0.0,0.0,0.0,0.0,0.0,0.0,0.0,0.0,0.0,0.0,0.0,0.0,0.0,0.0,0.0,0.0,0.0,0.0,0.0,0.0,0.0,0.0,0.0,0.0,0.0,0.0,0.0,0.0,0.0,0.0,0.0,0.0,0.0,0.0,0.0,0.0,0.0,0.0,0.0,0.0,0.0,0.0,0.0,0.0,0.0,0.0,0.0,0.0,0.0,0.0,0.0,0.0,0.0,0.0,0.0,0.0,0.0,0.0,0.0,0.0,0.0,0.0,0.0,0.0,0.0,0.0,0.0,0.0,0.0,0.0,0.0,0.0,0.0,0.0,0.0,0.0,0.0,0.0,0.0,0.0,0.0,0.0,0.0,0.0,0.0,0.0,0.0,0.0,0.0,0.0,0.0,0.0,0.0,0.0,0.0,0.0,0.0,0.0,0.0,0.0,0.0,0.0,0.0,0.0,0.0,0.0,0.0,0.0,0.0,0.0,0.0,0.0,0.0,0.0,0.0,0.0,0.0,0.0,0.0,0.0,0.0,0.0,0.0,0.0,0.0,0.0,0.0,0.0,0.0,0.0,0.0,0.0,0.0,0.0,0.0,0.0,0.0,0.0,0.0,0.0,0.0,0.0,0.0,0.0,0.0,0.0,0.0,0.0,0.0,0.0,0.0,0.0,0.0,0.0,0.0,0.0,0.0,0.0,0.0,0.0,0.0,0.0,0.0,0.0,0.0,0.0,0.0,0.0,0.0,0.0,0.0,0.0,0.0,0.0,0.0,0.0,0.0,0.0,0.0,0.0,0.0,0.0,#
15,-0.20772,-0.218052,-0.453107,0.214362,-0.231433,-0.072513,-0.398822,0.188978,-0.46449,-0.216518,-0.238419,0.207761,0.041185,-0.368711,0.0,1.0,0.0,-0.586944,-0.479534,-0.839558,-0.07937,-0.250472,-0.43642,-0.224881,0.327078,0.098069,0.005876,0.022164,-0.567877,-0.508788,-0.039418,-0.060169,0.188978,-0.044477,-0.076997,-0.072513,-0.119679,-0.083753,0.247125,0.552313,-0.042063,-0.119679,0.46132,-0.301565,-0.218052,0.653736,-0.101207,-0.312769,0.39087,-0.30919,-0.162756,-0.328041,-0.229117,-0.212887,0.068009,0.17779,-0.257303,-0.291387,-0.274056,-0.248831,-0.273518,0.402139,0.164172,0.186892,-0.383069,-0.337755,-0.810339,0.431341,-0.667166,-0.293349,-0.351751,0.194902,0.218052,-0.087598,0.339671,-0.21921,-0.087912,0.671142,0.378309,-0.319573,0.217751,0.063255,0.360714,-0.131968,0.044715,0.064271,0.202771,0.551633,0.036786,0.094551,0.527267,0.044715,0.360714,-0.097489,0.365326,0.025421,-0.01075,0.531772,0.240923,0.147633,0.02216,0.119967,0.202771,0.063255,-0.097489,0.220594,0.017047,0.224182,-0.354818,-0.219864,-0.660619,0.0,-0.087912,0.063255,-0.36398,0.218052,0.360714,-0.428062,-0.688351,0.287359,0.077883,-0.330617,0.483818,0.552053,0.469038,-0.140395,0.107715,-0.357209,-0.15047,0.119967,-0.360961,-0.270837,0.344027,0.187941,-0.366781,0.07625,0.218052,0.172006,-0.271583,0.483818,-0.375137,0.26443,0.100755,-0.351751,-0.330617,-0.203206,-0.813337,-0.581773,-0.340712,-0.640774,0.025421,-0.386651,-0.239857,0.220594,-0.228112,0.113829,-0.00478,-0.61343,-0.228112,-0.047583,0.412533,-0.508788,0.088891,-0.39923,-0.438689,-0.561461,-0.325323,0.397237,0.197395,-0.386322,-0.059153,-0.31601,0.228898,-0.256418,0.068217,-0.351867,-0.508788,-0.24893,-0.401518,-0.243178,-0.401518,-0.089155,0.630222,-0.255307,-0.10337,-0.292567,-0.5092,-0.256418,0.67155,-0.420839,-0.33573,0.158062,0.158197,-0.401518,0.470376,-0.239857,-0.231149,-0.351867,-0.292567,-0.249579,#
16,-2.8e-05,0.0,5.1e-05,4.7e-05,2.5e-05,5.3e-05,-4.9e-05,-2.1e-05,0.0,0.0,-2.4e-05,0.000122,-4.9e-05,0.0,0.0,0.0,0.0,-5.1e-05,0.0,0.0,-2.7e-05,1.5e-05,-5.2e-05,4.9e-05,2.9e-05,2.5e-05,-5.1e-05,5.3e-05,0.0,-1.9e-05,0.0,0.000105,-2.1e-05,0.0,5e-05,5.3e-05,0.0001,-4.9e-05,3.7e-05,-4.9e-05,-5.2e-05,0.0001,0.000151,-6.2e-05,0.0,0.0,5.1e-05,0.000114,0.0,-0.000119,0.000726,0.000121,1.5e-05,0.000156,5e-05,0.000131,0.0,-7.9e-05,-7.5e-05,0.0,-0.000114,-5.1e-05,-0.000123,-0.000119,0.0,6e-05,-2.4e-05,-0.000124,2.6e-05,0.00016,-0.000726,-0.000128,-2.1e-05,-7e-05,7.1e-05,-7.7e-05,0.0,-7e-05,3.6e-05,0.0,0.0,-3.8e-05,3.6e-05,3.6e-05,-3.8e-05,3.7e-05,4.4e-05,1.8e-05,-7.6e-05,0.0,0.0,-3.8e-05,3.6e-05,7.1e-05,7.1e-05,3.7e-05,3.9e-05,-7.6e-05,-7e-05,0.0,-0.000104,0.0,4.4e-05,-3.8e-05,7.1e-05,3.5e-05,-7.6e-05,4.4e-05,0.0,-3.4e-05,-7.3e-05,0.0,0.0,-3.8e-05,4.4e-05,1.5e-05,3.6e-05,-4.3e-05,-7e-05,-3.7e-05,1.8e-05,8.6e-05,0.0,0.0,-8e-05,7.1e-05,-3.6e-05,-6e-05,0.0,0.0,0.001884,0.0,0.0,-3.8e-05,0.0,0.0,0.0,-4.4e-05,-0.00016,0.0,8.7e-05,0.000109,-6.9e-05,-0.000726,8.6e-05,-7.7e-05,0.0,-8.6e-05,0.0,-3.4e-05,3.7e-05,4.4e-05,-2.2e-05,3.5e-05,-0.000115,1.8e-05,-3.7e-05,-6.7e-05,-0.000115,-1.9e-05,-9.4e-05,1.5e-05,-3.6e-05,-4.4e-05,-7.6e-05,8.5e-05,-6.9e-05,-0.000371,-7e-05,1.8e-05,0.0,0.000127,3.5e-05,-0.000115,-7.6e-05,8.6e-05,1.5e-05,0.0,8.1e-05,-0.00023,8.1e-05,0.000161,-0.000154,-7.6e-05,8.8e-05,0.0,7.9e-05,-0.000115,4.2e-05,-4.1e-05,0.0,0.0,0.0,8.1e-05,8.8e-05,-1.3e-05,0.0,8.6e-05,0.0,-2.2e-05,#
17,-0.182043,0.420322,0.43355,-0.153085,0.411081,0.117608,0.431727,-0.399094,0.807163,0.412025,0.509845,0.03274,0.22611,0.625638,0.0,-0.586944,-5.1e-05,1.0,0.370917,0.689449,0.20532,-0.013773,0.424435,0.034619,-0.598641,-0.160398,0.326469,-0.068751,0.289921,0.365129,-0.24407,0.44924,-0.399094,-0.362952,0.12419,0.211484,0.488653,-0.656501,-0.399094,-0.273896,-0.417985,0.488653,-0.237368,0.085106,0.250495,-0.427564,0.213911,0.254779,-0.362342,0.595986,0.20343,-0.018916,0.27122,0.554,-0.595614,-0.368205,-0.149655,-0.198631,0.431628,-0.138428,0.140578,0.112145,0.089296,-0.351487,0.027267,0.189377,0.298167,0.032666,0.684198,0.348904,-0.26476,0.179675,-0.399094,-0.178991,-0.198212,0.318059,-0.31118,-0.528822,-0.439646,0.14527,-0.080307,-0.119129,-0.439646,0.64259,-0.588423,-0.277896,-0.544158,-0.195461,-0.581669,-0.058397,-0.729001,-0.588423,-0.782253,0.141466,-0.683752,-0.444742,-0.100582,-0.625423,-0.528822,-0.059684,-0.432731,-0.303862,-0.544158,-0.119129,0.141466,-0.063015,-0.10504,-0.002207,-0.159355,0.06865,0.609437,0.0,-0.31118,-0.119129,0.176808,-0.399094,-0.439646,-0.254918,0.864681,-0.56024,-0.294154,0.158319,-0.394286,-0.640387,-0.393788,0.28294,-0.287924,0.578125,-0.026369,-0.303862,-0.123327,0.399184,-0.647591,0.231047,0.391086,-0.159355,0.166997,0.015201,0.188792,-0.394286,0.163524,-0.024292,-0.502747,-0.26476,0.034195,0.312933,0.658203,0.646571,-0.389808,0.396471,-0.444742,0.176808,-0.174073,-0.394162,0.37348,-0.297755,-0.402003,0.859215,0.37348,0.439153,-0.097556,0.166997,-0.287924,0.615817,0.773884,0.591632,-0.170901,-0.58323,-0.049867,0.296363,-0.289119,0.210489,-0.533167,-0.343006,-0.161319,0.158319,0.166997,0.483609,0.764296,-0.193437,0.764296,-0.197762,-0.772035,0.045862,0.591587,-0.186044,-0.167923,-0.177663,-0.437271,0.354699,0.391086,-0.412763,0.047915,0.764296,-0.13533,-0.174073,0.483609,0.034195,-0.344099,0.426893,#
18,-0.204576,-0.172484,-0.33629,-0.708638,0.277197,0.003051,0.578818,0.244353,0.496081,-0.238066,0.171296,-0.362984,0.021927,0.191746,0.0,-0.479534,0.0,0.370917,1.0,0.190841,0.441884,0.388429,0.611449,-0.204986,-0.754619,0.028731,0.496712,0.066501,0.42025,0.2731,0.120046,0.150792,0.244353,-0.190572,0.281515,0.479774,0.314374,-0.029002,0.244353,-0.412288,0.479781,0.314374,-0.137652,0.108268,0.237166,-0.728351,0.416242,0.545392,-0.131538,0.204382,0.067488,-0.325223,-0.182557,-0.050119,-0.334815,-0.317748,0.476691,-0.065968,0.50936,0.499611,-0.246897,-0.495942,-0.382888,-0.327862,0.199212,0.326269,0.599038,0.100955,0.375361,-0.111561,0.264749,-0.250256,-0.503079,-0.110509,0.309479,-0.291568,0.305999,-0.697643,-0.565447,0.197953,-0.628698,-0.010784,-0.113089,-0.103879,0.007548,-0.303042,-0.339972,-0.32034,-0.303474,0.118621,-0.446873,0.04637,-0.461057,-0.165393,-0.043631,0.035832,-0.310494,-0.000544,-0.595549,-0.383498,0.038996,0.025132,-0.29514,0.028038,-0.165393,-0.261643,0.019031,-0.361142,0.616228,0.19977,0.593347,0.0,0.305999,-0.010784,0.371105,-0.503079,-0.113089,0.136136,0.298275,-0.178044,0.01683,-0.199605,-0.241267,-0.419196,-0.185969,-0.017226,-0.289533,0.778599,0.374929,0.025132,0.343451,0.564616,-0.102,0.026703,-0.163104,-0.401101,0.071868,-0.374668,0.509647,-0.241267,0.18887,0.208705,-0.285987,0.264749,-0.304661,-0.202033,0.495596,0.432967,0.218855,0.632606,0.035832,-0.211704,0.366529,-0.597971,-0.195918,-0.303024,0.035189,0.32638,-0.195918,0.348162,-0.22078,0.244353,-0.773466,0.235345,0.535829,0.033444,0.152163,-0.339702,-0.679627,0.562526,-0.503729,0.251695,0.167891,-0.16793,-0.249136,0.346683,0.244353,-0.153836,0.161575,0.501415,0.161575,0.391225,-0.165146,-0.126493,0.034488,0.018393,0.354936,-0.027988,-0.287142,-0.23182,0.635144,0.264771,-0.11471,0.161575,0.138204,0.366529,0.303276,0.241628,-0.11538,-0.183502,#
19,0.013169,0.613504,0.543542,-0.104478,0.351761,0.371965,0.303607,-0.267967,0.550135,0.304174,0.131466,-0.171675,0.201152,0.429436,0.0,-0.839558,0.0,0.689449,0.190841,1.0,-0.014035,0.180852,0.539889,-0.002045,-0.401951,-0.180425,0.071966,0.16906,0.316504,0.493624,-0.087195,0.18761,-0.267967,-0.174361,-0.167124,-0.020956,0.190955,-0.177943,-0.267967,-0.297164,-0.161779,0.190955,-0.361764,0.394457,0.021155,-0.406553,0.221997,0.463789,-0.674332,0.409436,0.249595,0.393499,0.464864,0.34096,0.000695,-0.091319,-0.272086,0.363475,0.322528,-0.251269,0.357807,-0.121477,-0.102147,0.008356,0.107814,0.419156,0.614866,-0.220371,0.803977,0.239698,0.1579,-0.142492,-0.267967,-0.03419,-0.499798,0.237507,-0.169105,-0.472395,-0.30377,-0.021716,-0.130733,-0.352346,-0.30377,0.330884,-0.352346,0.040711,-0.182065,-0.319316,0.013317,-0.176561,-0.498657,-0.352346,-0.30377,-0.161289,-0.645157,-0.20623,0.097161,-0.863785,-0.138478,-0.08861,-0.202247,-0.320571,-0.182065,-0.352346,-0.161289,-0.004368,-0.345194,-0.182065,0.158806,0.130677,0.606926,0.0,-0.169105,-0.352346,0.411784,-0.267967,-0.30377,0.070432,0.816134,-0.448854,-0.315759,0.397165,-0.505193,-0.655937,-0.475334,0.318156,0.030438,0.41613,0.055474,-0.320571,0.05947,0.285544,-0.504358,-0.141701,0.303131,-0.176561,-0.267967,-0.171805,0.250034,-0.505193,-0.010329,-0.241324,-0.183346,0.1579,0.397165,0.237341,0.638183,0.682375,-0.021716,0.45737,-0.20623,0.411784,0.021155,-0.004368,0.268161,0.020488,0.059263,0.714177,0.268161,-0.15696,-0.486098,0.296174,0.030438,0.426742,0.531086,0.858558,0.147358,-0.510392,0.004911,0.17064,-0.01874,0.403598,-0.472824,0.268161,0.163325,0.397165,0.296174,0.458224,0.653405,-0.289075,0.653405,-0.052577,-0.783204,0.44266,0.387004,0.264159,0.364955,0.268161,-0.802973,0.677841,0.303131,-0.245362,0.022738,0.653405,-0.36843,0.021155,0.458224,0.397165,0.264159,0.619632,#
20,-0.327166,-0.327239,-0.01682,-0.653536,0.202626,0.028387,0.805936,0.499077,0.447781,-0.436216,0.245354,-0.243782,0.371742,0.349502,0.0,-0.07937,-2.7e-05,0.20532,0.441884,-0.014035,1.0,0.199658,0.43944,0.213675,-0.327239,-0.067502,0.438458,-0.016655,0.552308,-0.218159,0.435977,0.53298,0.499077,-0.285089,0.083415,0.50415,0.551803,0.106578,-0.218159,-0.534248,0.053428,0.551803,0.193156,-0.098529,-0.327239,-0.639335,0.003618,0.310114,0.192054,-0.176703,0.201837,-0.657285,-0.327154,-0.338547,-0.522316,-0.824239,0.15348,-0.407602,0.199249,0.258384,-0.231844,0.053146,-0.757189,-0.19795,-0.171805,0.341134,0.361878,0.264362,0.431019,0.259427,0.078789,-0.028105,-0.218159,-0.335122,0.534589,0.188497,0.095589,-0.653243,-0.799968,-0.209621,-0.223827,-0.036546,-0.365885,0.112883,-0.036546,-0.088559,-0.193412,-0.101334,-0.536488,0.362629,-0.532871,-0.54101,-0.365885,0.104217,0.059914,-0.044367,-0.436072,-0.076085,-0.653243,-0.11703,-0.031736,-0.534016,-0.775978,-0.54101,0.104217,-0.190346,-0.076085,-0.193412,-0.107639,-0.195866,0.617043,0.0,0.095589,-0.036546,0.334781,-0.218159,-0.365885,-0.135862,0.239529,-0.3277,-0.101476,-0.201336,0.231852,-0.534016,-0.519359,0.533851,-0.533611,0.334638,0.528967,-0.534016,0.043405,0.231852,-0.37452,0.028213,0.245359,-0.534016,-0.218159,0.346956,0.096697,0.231852,0.323548,0.405374,-0.534115,0.078789,-0.725555,-0.344906,-0.063748,0.534508,-0.209621,-0.195866,-0.044367,0.334781,0.210688,-0.190346,-0.480593,-0.533353,-0.196664,0.42657,-0.480593,0.041085,0.40893,-0.218159,-0.533611,0.346956,-0.028557,0.053478,-0.534115,-0.50654,-0.653243,0.808306,0.043431,0.257505,-0.233844,-0.480593,-0.516631,0.322883,-0.218159,0.201046,0.351294,0.204578,0.351294,0.066007,0.195029,0.217507,0.035592,0.213814,0.029235,0.217705,-0.235818,-0.063381,0.245359,0.502709,0.222838,0.351294,-0.035033,0.210688,0.201046,-0.201336,-0.453704,0.26549,#
21,-0.249879,0.387654,-0.18186,-0.499151,0.496024,0.756447,0.581416,0.649491,0.305174,-0.644921,0.002167,0.237645,0.066779,0.224778,0.0,-0.250472,1.5e-05,-0.013773,0.388429,0.180852,0.199658,1.0,0.299023,-0.499415,-0.249935,-0.408001,-0.258213,0.376689,0.387377,0.683496,0.3633,0.398609,0.649491,-0.600991,-0.611628,0.756447,-0.085336,-0.09581,-0.166623,-0.408042,0.221036,-0.085336,0.263461,0.120301,-0.249935,-0.488304,0.32201,0.506732,-0.033217,-0.367474,-0.354935,-0.275863,-0.24987,-0.518016,0.323703,0.120986,0.097308,0.170604,0.132641,0.074244,-0.373516,-0.341475,-0.303471,0.212748,-0.128918,0.218613,0.632018,0.11542,0.357325,0.345541,0.661946,-0.963482,-0.166623,-0.081729,-0.121945,0.197043,-0.126597,-0.498926,-0.610991,-0.343234,-0.49918,-0.76254,-0.117065,-0.06622,-0.242105,0.099028,-0.395076,-0.407359,0.340479,-0.407865,-0.233205,0.331905,-0.117065,-0.611648,-0.121945,0.323014,-0.732834,-0.237852,-0.498926,-0.932142,0.293195,-0.407865,0.267803,-0.18853,-0.611648,-0.498817,0.34102,-0.996085,0.612392,0.021777,0.481488,0.0,-0.126597,-0.76254,0.267803,-0.166623,-0.117065,0.309183,0.033862,0.475507,0.084336,-0.337863,-0.68945,-0.407865,0.239533,0.41759,-0.407555,0.305701,0.432938,-0.407865,0.164097,0.193203,0.408321,-0.73913,0.224709,0.127235,-0.166623,-0.390926,0.351709,-0.68945,0.259157,-0.501272,0.11972,0.661946,-0.337863,-0.521308,0.127235,0.420165,0.250154,0.021777,0.323014,0.267803,0.362151,-0.498817,-0.612282,-0.407359,0.53142,-0.052843,-0.612282,-0.327242,-0.177395,-0.166623,-0.407555,0.277197,-0.183533,0.265985,0.11972,-0.335275,0.033862,0.084336,-0.310634,-0.014699,-0.021441,0.182282,0.130748,0.258624,-0.166623,0.042893,0.15208,0.172207,0.15208,0.481584,0.009377,0.529277,0.274292,0.195819,0.401604,0.182282,-0.499292,0.166175,0.224709,0.67641,0.571534,0.15208,0.410415,0.362151,0.042893,0.258624,0.195819,-0.249396,#
