0,1.0,0.509924,-0.490266,-0.232168,0.212553,0.002351,0.018324,-0.170529,0.022321,0.440928,-0.008216,-0.576978,0.354878,0.12643,-0.245856,0.061657,-0.186953,-0.418705,0.640898,-0.005314,0.135376,0.355539,0.400757,-0.033482,0.172194,-0.652523,-0.934963,-0.027184,-0.263994,0.215698,-0.398471,-0.276888,0.648015,4.5e-05,0.435896,0.256531,0.240778,-0.270559,0.074401,0.362097,-0.332335,-0.031351,-0.131482,-0.230637,-0.023985,0.123082,0.372331,0.370645,0.477835,-0.352159,-0.201383,-0.07937,0.287693,-0.205269,-0.200455,0.276244,0.300472,-0.263994,-0.384959,0.298168,0.207575,-0.06332,0.035146,0.485871,-0.670816,-0.332741,-0.332875,-0.145925,-0.514561,0.147904,-0.286116,0.427852,0.256531,-0.198081,-0.14445,-0.25453,0.256531,0.034029,0.429298,0.663022,0.663936,0.41187,-0.183313,-0.838974,0.41187,-0.007805,-0.246384,-0.023133,0.200981,0.060627,-0.019157,0.010822,0.200981,-0.465515,0.450556,0.200981,-0.124525,0.049476,-0.229036,-0.495948,0.354878,0.543145,0.290888,0.200981,-0.211379,-0.046744,0.058972,-0.027749,0.287693,-0.456778,0.657423,0.287693,0.034443,0.362097,-0.189407,0.603361,0.488904,-0.14445,0.021897,0.514757,0.362097,-0.332335,-0.202087,0.247923,-0.208926,0.375858,0.487343,-0.092077,0.00238,0.234179,0.200981,-0.019157,-0.1762,0.687973,0.022511,0.022321,0.022321,0.0,0.438776,0.41187,0.287693,-0.009099,-0.003395,-0.267469,0.046554,0.466145,0.0,-0.230514,0.405972,0.0,0.046554,0.195401,-0.332335,-0.497428,0.524947,-0.004407,0.425546,-0.034169,-0.229036,-0.019379,-0.177714,0.542868,0.0,0.290332,0.346002,-0.061535,0.488688,0.554417,0.022321,-0.198081,-0.274135,0.159582,0.228662,0.228031,0.421937,0.022511,0.287693,-0.79486,-0.020575,-0.1762,-0.240422,0.653159,-0.192856,0.026611,-0.223286,0.009966,0.396346,0.218126,-0.222292,0.683362,-0.1762,-0.020041,0.041762,-0.327801,0.394947,0.707208,0.212413,0.366305,-0.001734,0.207823,#
1,0.509924,1.0,-0.3463,0.220964,-0.484645,0.129088,0.613253,-0.103929,-0.36205,0.050383,-0.081279,-0.457743,-0.180862,0.150505,-0.048326,-0.10464,0.358653,-0.255845,0.521358,-0.086253,0.467757,0.361473,0.060802,-0.386512,-0.033864,-0.181394,-0.370116,-0.109455,-0.141165,-0.209356,-0.240378,-0.197661,0.491235,-5.9e-05,0.132538,0.358729,-0.208943,-0.531498,0.077528,0.182656,0.117422,0.478728,-0.290742,0.388581,0.201042,0.212348,0.268104,-0.347799,0.424818,-0.180862,0.211311,0.003187,0.150039,-0.132562,-0.444549,0.214939,0.670514,-0.141165,-0.399796,-0.209971,0.207764,0.182033,0.405723,0.425375,-0.102877,-0.29959,-0.878036,-0.152261,-0.216367,-0.229327,-0.086835,-0.124077,-0.196447,-0.751622,-0.4918,-0.144112,-0.196447,0.100988,0.38894,0.337608,0.33801,-0.098301,-0.010332,-0.487133,-0.098301,-0.144854,-0.250045,0.047377,-0.227353,-0.086567,-0.624674,-0.44438,-0.227353,-0.312363,0.111979,-0.227353,0.015424,-0.292523,0.163252,-0.417719,0.682576,0.273984,0.357973,-0.227353,-0.549099,-0.40378,0.609444,-0.134933,0.150039,-0.474728,0.194163,0.150039,0.07289,0.182656,-0.24789,-0.003851,0.250178,-0.4918,0.067117,0.29517,0.182656,-0.665389,-0.522794,-0.008164,-0.327443,-0.425177,0.249521,-0.301234,-0.422936,0.336821,-0.227353,-0.624674,-0.338737,0.489159,-0.415608,-0.36205,0.273984,0.0,0.693845,-0.098301,0.150039,-0.122252,0.427164,-0.318293,0.106448,0.078596,0.0,0.272654,0.092434,0.0,0.106448,-0.360216,0.182656,-0.398602,-0.092657,0.247389,0.08676,-0.230928,0.163252,0.248637,-0.036635,0.273844,0.0,-0.533517,-0.243586,0.041127,0.250092,-0.064061,-0.36205,-0.751622,-0.16973,0.314473,-0.22798,0.002469,0.378747,-0.415608,0.150039,-0.423937,-0.167614,-0.338737,-0.054622,0.320622,0.331471,0.388803,0.17976,-0.426071,-0.115834,-0.003861,-0.303834,0.752713,-0.338737,0.407379,-0.154307,-0.422936,-0.326504,0.356743,0.478335,-0.191198,-0.454939,0.29467,#
2,-0.490266,-0.3463,1.0,0.348988,-0.030479,-0.101022,-0.094074,0.148274,-0.255766,-0.600521,0.607345,0.481163,0.174842,-0.151977,-0.486915,0.08003,0.216399,0.230298,-0.009564,-0.414364,0.041522,-0.361628,-0.62582,0.359967,-0.022674,0.753527,0.313314,0.156482,0.16744,-0.334341,0.217971,0.23291,-0.491652,5.7e-05,-0.606756,0.223251,0.204787,0.559619,0.340618,-0.170511,-0.170511,-0.288648,-0.24213,-0.375921,-0.2557,0.198945,-0.277137,-0.335709,-0.223742,0.142693,-0.192619,0.014657,-0.170511,-0.213311,0.270227,-0.698564,0.186833,0.16744,-0.14066,-0.658959,-0.756976,-0.214064,0.243619,0.222983,0.439715,0.355204,0.246867,0.084833,0.387492,-0.32292,0.112084,0.11468,-0.314205,0.223251,0.011602,0.200564,0.223251,0.416465,-0.397505,-0.313245,-0.313656,0.111714,0.510122,0.39605,0.111714,-0.397505,0.23381,0.406713,0.233663,0.59545,0.111714,-0.094481,0.233663,0.245162,0.396669,-0.313656,0.498023,-0.359211,0.333779,0.413811,0.174842,-0.232084,-0.31275,0.212612,-0.007744,0.377367,-0.114324,0.129697,-0.170511,0.424492,-0.75309,-0.170511,-0.084142,-0.138935,0.233663,0.023684,-0.255576,0.475673,-0.605011,0.307073,-0.138935,0.650467,0.017602,-0.484587,-0.238413,-0.094481,-0.255766,-0.389472,-0.031482,-0.334326,-0.334706,0.111714,0.315066,-0.481505,0.386911,0.359967,0.383649,0.0,-0.679922,0.111714,-0.170511,0.605151,0.125356,0.364577,0.406142,-0.098913,0.0,0.16208,-0.084142,0.0,0.406142,0.315565,-0.170511,0.395333,0.349169,-0.255144,-0.594775,-0.279145,0.333779,-0.25562,0.032996,-0.23129,0.0,-0.136718,0.136713,-0.624189,-0.23129,0.082038,0.383649,0.20258,0.147381,0.32077,0.254826,0.017602,-0.383971,0.386911,-0.170511,0.386787,-0.405152,0.315066,-0.496014,-0.293576,0.214526,-0.393952,-0.215203,0.396669,-0.394917,-0.035621,0.345291,-0.200355,0.315066,0.107017,-0.124062,0.399947,-0.090505,-0.309897,0.033742,0.146988,-0.089408,-0.334877,#
3,-0.232168,0.220964,0.348988,1.0,-0.661913,-0.070154,0.369455,0.368263,-0.763003,-0.607394,0.107702,-0.19821,-0.259821,-0.33476,-0.173808,0.068497,0.4562,0.22594,-0.290463,-0.367448,0.277931,0.290033,-0.558152,-0.220979,-0.251278,0.457113,0.112992,-0.416497,-0.222176,-0.548965,0.235088,-0.20475,-0.245391,0.000101,-0.11635,-0.034574,-0.095665,-0.140387,0.324619,0.21403,0.21403,-0.102295,0.007548,-0.099933,0.320962,-0.14735,-0.116213,-0.153249,0.167414,-0.20322,0.055644,0.455298,-0.508669,-0.194497,0.127017,-0.332203,0.494883,0.482286,-0.072272,-0.16002,-0.432687,0.329969,0.75716,0.190749,0.46441,0.268219,-0.474097,0.549775,-0.095187,0.216299,0.461621,-0.075496,-0.070968,-0.070968,0.196316,0.503814,0.40215,-0.084464,0.076788,-0.52631,-0.05343,0.083101,0.221593,0.348839,0.083101,-0.378108,-0.035586,0.345458,-0.05343,0.521257,-0.365471,-0.107622,-0.05343,-0.342855,-0.083475,-0.53523,0.653548,-0.339035,0.520963,0.338254,0.504296,0.300198,0.417366,0.420133,-0.220051,-0.205388,0.798117,0.16389,-0.508669,-0.490565,-0.490453,0.21403,0.349576,0.186234,0.401602,-0.181266,-0.239492,0.196316,-0.11766,0.208992,0.186234,0.21403,0.191198,-0.231335,0.501943,-0.107622,-0.763003,-0.216626,-0.129527,-0.035586,-0.516699,0.05818,0.03742,0.105869,-0.100431,0.321045,0.341892,0.0,-0.318265,0.083101,0.21403,0.097583,0.535682,0.158515,0.360784,-0.117214,0.0,0.583103,0.349576,0.0,0.360784,-0.44335,0.241826,0.339932,0.011021,-0.234739,-0.643614,-0.010106,0.520963,-0.217064,0.640007,-0.22682,0.0,-0.151554,-0.243241,-0.550598,-0.22682,0.201929,0.300198,-0.052771,0.477965,0.088853,-0.016297,0.216066,0.075744,-0.100431,-0.508669,-0.068985,-0.830283,0.03742,-0.212199,-0.067739,0.446505,0.115707,0.069579,-0.541999,-0.787559,-0.652105,0.075622,0.033221,0.03742,-0.321325,-0.118122,-0.066375,0.156573,-0.043431,0.218447,-0.230829,-0.545593,-0.052771,#
4,0.212553,-0.484645,-0.030479,-0.661913,1.0,0.027145,-0.378667,-0.205189,0.515436,0.052889,0.38772,0.197191,0.353531,-0.299532,-0.244611,0.431576,-0.200471,0.019866,0.244294,0.375216,-0.66914,-0.128756,0.444661,0.476388,0.209078,-0.239816,-0.270402,0.074105,0.339013,0.2538,-0.492559,-0.075165,0.215873,2.4e-05,0.035685,0.231772,0.230978,0.12579,-0.386478,0.343624,-0.333211,-0.658304,0.251242,-0.495828,-0.499687,0.441379,-0.104029,0.367664,0.069392,0.353531,-0.209115,-0.4051,0.317592,0.414873,0.273664,0.244664,-0.340332,-0.295368,0.40274,0.290976,-0.217878,-0.492366,-0.500065,-0.002965,-0.56081,0.040299,0.631409,-0.15127,-0.257384,0.040499,-0.320118,0.262444,0.231772,0.21473,0.22991,-0.266397,0.21473,0.010659,-0.002731,0.197911,0.206907,0.389764,-0.195161,-0.362419,0.389764,-0.002731,0.222383,-0.410929,0.189552,0.02,0.389764,0.409479,0.189552,0.035614,0.416396,0.206907,-0.165464,0.530281,-0.647672,0.032491,-0.33559,0.00781,-0.19387,0.231011,0.607084,0.476145,-0.783185,0.405473,0.317592,0.424093,0.230018,-0.333211,0.010827,-0.333211,-0.220213,0.571478,0.025295,0.22991,-0.378492,0.08087,-0.333211,0.317592,-0.175212,-0.196292,-0.216678,0.409479,0.495912,0.433713,0.451918,0.240398,0.658131,0.008258,0.257393,-0.079466,0.424397,0.495912,0.00781,0.0,-0.258876,0.389764,-0.333211,0.020226,-0.810935,0.140724,0.022766,-0.012545,0.0,-0.371615,0.010827,0.0,0.022766,0.232237,-0.333211,0.016961,0.306919,0.018746,0.090179,0.20224,-0.647672,0.003075,-0.145453,-0.006691,0.0,0.536432,0.38196,0.030706,-0.025647,0.245979,-0.011714,0.657822,-0.267755,-0.322081,0.186742,0.205489,-0.401979,0.424397,0.317592,0.017039,0.446405,0.257393,-0.170079,0.229237,-0.181932,0.026301,-0.160991,0.416396,0.833043,0.636463,0.199175,-0.184411,0.257393,0.010007,0.275527,-0.051296,0.218208,0.175409,-0.591019,0.402439,0.401313,-0.211321,#
5,0.002351,0.129088,-0.101022,-0.070154,0.027145,1.0,0.604794,0.574075,0.414725,-0.205313,-0.144761,0.431309,-0.227367,-0.057286,-0.345858,-0.13622,0.542887,0.503593,0.069612,-0.240477,-0.398526,-0.446779,0.188838,-0.612213,-0.407974,0.106895,0.102198,0.347775,-0.189938,0.525796,-0.561345,-0.158781,-0.383089,0.0,0.580752,0.543003,-0.13882,-0.333148,-0.305372,0.276483,-0.408142,0.136095,-0.059368,0.012329,-0.108389,0.203407,0.302731,-0.386669,-0.52465,0.469685,-0.047461,0.290007,-0.408142,0.192056,0.121715,0.151213,-0.252329,0.451744,-0.237463,-0.147265,-0.088739,-0.110903,0.104449,0.232436,-0.190002,0.224195,-0.286951,0.203267,-0.330568,-0.455297,0.433962,-0.2937,0.09481,-0.353383,-0.01075,0.381837,-0.353383,-0.290359,-0.568129,-0.361811,-0.344751,-0.574305,-0.449958,0.136195,-0.574305,-0.568129,-0.379123,-0.708232,-0.801168,-0.184828,-0.574305,-0.644724,-0.801168,-0.437684,-0.265447,-0.344751,-0.030214,-0.408118,-0.593777,-0.144678,-0.227367,-0.098744,0.077408,0.06973,-0.383907,-0.611901,0.136195,-0.13471,-0.408142,0.201021,0.308481,0.250152,-0.675683,-0.408142,-0.801168,-0.434319,0.395364,-0.01075,0.144834,-0.463539,-0.408142,-0.408142,-0.03579,-0.049432,-0.09167,-0.25716,-0.098744,0.206021,-0.329924,0.094654,0.111666,-0.188408,-0.106744,0.033185,-0.253249,-0.098744,0.414725,0.0,0.145714,-0.574305,0.250152,0.216898,0.190248,0.019197,-0.277559,-0.66623,0.0,0.373696,-0.281225,0.0,-0.277559,-0.12382,0.276483,-0.12867,0.11989,-0.130518,-0.317121,0.435839,-0.593777,-0.114238,-0.391215,-0.113357,0.0,-0.327255,-0.300097,0.189572,-0.611901,-0.064646,-0.612213,0.09481,0.43321,-0.08853,-0.404118,-0.420873,-0.171304,-0.253249,-0.408142,0.212877,-0.141571,-0.106744,0.439926,-0.330557,0.550368,0.291298,0.831392,-0.265447,0.27139,0.422652,-0.060278,-0.093267,-0.106744,0.26494,0.232249,-0.176984,-0.060994,0.038571,-0.001575,0.351836,-0.660445,0.077572,#
6,0.018324,0.613253,-0.094074,0.369455,-0.378667,0.604794,1.0,0.357588,-0.091953,-0.316906,-0.133474,0.033649,-0.286711,-0.105518,-0.399179,0.247155,0.559978,0.585927,0.086183,-0.192849,0.009258,-0.03419,0.146349,-0.611687,-0.01664,0.118666,0.048456,-0.08508,-0.248373,0.095461,-0.493404,-0.593124,-0.009497,9.6e-05,0.183332,0.560097,-0.147937,-0.761639,0.093496,0.285187,0.231881,0.277834,-0.069787,0.405537,0.368124,0.225044,0.259003,-0.402581,-0.0661,0.418846,-0.091788,0.397507,-0.407791,0.291703,-0.230205,0.125477,0.424869,0.401139,-0.252579,-0.206602,-0.099693,0.377349,0.621913,0.171521,0.10191,-0.182919,-0.786322,0.167514,-0.361527,-0.48287,0.432499,-0.195477,-0.347225,-0.800886,-0.419283,0.383165,-0.347225,-0.274372,-0.181745,-0.355761,-0.338493,-0.568261,-0.439501,0.099946,-0.568261,-0.617934,-0.373296,-0.310186,-0.800479,-0.174053,-0.998385,-0.688404,-0.800479,-0.480881,-0.249145,-0.800479,-0.014643,-0.449996,-0.159283,-0.138488,0.418846,-0.091953,0.0888,0.081045,-0.427087,-0.611375,0.547979,-0.123405,-0.407791,-0.236029,-0.1482,0.258534,-0.281086,-0.407791,-0.397722,-0.423699,0.408177,-0.419283,0.109215,-0.034799,-0.407791,-0.407791,-0.449487,-0.09048,-0.103655,-0.672713,-0.091953,0.198722,-0.702572,0.106261,-0.338493,-0.607781,-0.5541,0.362767,-0.672249,-0.091953,0.427781,0.0,0.25117,-0.568261,0.258534,0.232583,0.205542,-0.424468,-0.261426,-0.346813,0.0,0.819023,-0.265116,0.0,-0.261426,-0.572091,0.285187,-0.122261,-0.15201,-0.124133,-0.357468,0.409536,-0.159283,-0.107641,0.006442,-0.106748,0.0,-0.60479,-0.34772,0.124671,-0.611375,-0.049565,-0.611687,-0.347225,0.352746,0.002481,-0.398631,-0.41005,0.205674,-0.672249,-0.407791,0.150884,-0.216504,-0.5541,0.37698,-0.350965,0.540641,0.657859,0.77538,-0.688812,-0.165644,0.009466,-0.494208,0.319123,-0.5541,0.255418,-0.29492,-0.24724,-0.43263,0.049453,0.370998,-0.31324,-0.704839,0.507751,#
7,-0.170529,-0.103929,0.148274,0.368263,-0.205189,0.574075,0.357588,1.0,0.279509,-0.307082,-0.326559,0.450572,-0.13864,-0.125119,-0.208877,0.126422,0.365885,0.495366,-0.044559,-0.550211,-0.342123,-0.083786,-0.31946,-0.69877,-0.545452,0.247207,0.190319,0.450104,0.050859,0.249752,-0.367031,-0.167844,-0.312211,0.0,0.574725,0.365961,0.111212,-0.04734,0.223241,0.186339,-0.186339,0.046413,0.478148,-0.022762,-0.136867,-0.156405,0.317771,-0.099286,-0.314372,-0.13864,-0.090515,0.849733,-0.931693,-0.319786,0.689069,0.22249,-0.212574,0.959042,-0.340832,0.043728,-0.193223,-0.140241,0.564231,0.159173,-0.216239,0.596148,-0.326643,0.838139,-0.0,-0.308992,0.944911,-0.029168,0.365962,0.243974,0.443756,0.945224,0.243974,-0.120473,-0.430061,-0.351701,-0.338171,-0.314849,-0.229548,0.22087,-0.314849,-0.430061,-0.494311,-0.451102,-0.462397,0.338376,-0.314849,-0.309757,-0.462397,-0.138017,-0.105087,-0.338171,0.440585,-0.12017,-0.371913,0.126397,-0.13864,0.279508,0.365192,0.124225,-0.418938,-0.678459,0.341343,-0.246894,-0.931693,-0.020566,-0.01448,0.0,-0.328401,0.186339,0.006901,-0.219998,0.144466,0.443756,0.344958,-0.268463,0.186339,-0.0,0.333421,0.24778,0.369986,-0.200051,-0.559016,-0.057174,-0.228506,-0.36536,-0.338171,0.231316,0.007025,0.273973,-0.097575,0.139754,0.279509,0.0,-0.136476,-0.314849,0.0,0.221186,0.35429,0.20126,-0.112617,-0.404108,0.0,0.330983,-0.216744,0.0,-0.112617,-0.112607,0.186339,0.13125,0.276037,-0.609936,-0.497094,0.363692,-0.371913,-0.584091,0.21194,0.279365,0.0,0.074689,-0.160075,-0.318328,-0.534785,0.324192,0.139754,0.243974,0.96511,-0.057838,0.235637,-0.211593,0.167731,-0.097575,-0.931693,0.384776,-0.435255,0.007025,0.278355,-0.320546,0.400817,0.277286,0.540915,-0.105087,-0.19421,-0.103807,0.041015,-0.218655,0.007025,-0.204663,0.373532,0.412293,0.201699,0.363936,0.274903,0.192757,-0.319178,-0.0,#
8,0.022321,-0.36205,-0.255766,-0.763003,0.515436,0.414725,-0.091953,0.279509,1.0,0.45914,-0.408117,0.50763,0.202325,0.299921,0.032491,0.117115,-0.327257,0.250204,0.128419,0.052261,-0.496224,-0.3747,0.434637,-0.25,0.034303,-0.327241,0.102136,0.679635,0.194953,0.79012,-0.444444,-0.033361,0.011799,2.9e-05,0.428375,0.218218,0.232099,0.038108,-0.087857,-0.166667,-0.166667,0.160866,0.344627,0.196792,-0.249935,-0.05246,0.345805,0.167166,-0.449893,0.202325,-0.208792,0.176435,-0.166667,0.078008,0.264134,0.459597,-0.671802,0.194953,-0.119624,0.234658,0.349762,-0.255696,-0.368405,-0.261019,-0.520722,0.0,0.287289,-0.020261,0.099045,-0.442194,0.211289,0.110886,0.218218,0.218218,0.01134,0.165411,-0.327327,-0.101769,-0.407971,0.207617,-0.32716,-0.408046,-0.498622,-0.071837,-0.408046,0.116563,-0.326789,-0.61115,-0.32716,-0.407418,0.109195,-0.092351,-0.32716,0.275943,-0.111618,0.228395,-0.498385,0.25796,-0.761258,-0.248719,-0.646134,-0.25,-0.326637,-0.32716,0.011355,-0.249873,-0.610614,-0.404855,-0.166667,0.466021,0.375611,-0.166667,-0.610962,-0.166667,-0.32716,-0.063661,0.396257,0.01134,0.427211,-0.412706,-0.166667,-0.166667,0.017205,0.482353,-0.211793,-0.092351,0.375,0.306826,-0.137736,-0.326789,0.228395,0.109195,-0.194834,0.093352,-0.087274,-0.25,-0.25,0.0,0.183102,-0.408046,-0.166667,0.101915,-0.405616,-0.184513,-0.610291,-0.100402,0.0,-0.277916,-0.610962,0.0,-0.610291,0.339925,-0.166667,-0.249461,0.08714,-0.249392,0.367291,0.382702,-0.761258,-0.249857,-0.497608,0.356961,0.0,0.200454,0.181356,0.44064,-0.249873,-0.012887,-0.25,0.218218,0.192956,-0.206897,0.15328,-0.498946,0.115928,-0.087274,-0.166667,0.428571,0.644368,-0.194834,0.530694,-0.307183,-0.297623,0.104426,0.350586,0.417099,0.611189,0.516465,-0.212776,-0.2173,-0.194834,0.104604,0.200457,0.424431,-0.093809,0.183102,0.013291,0.191565,0.407832,0.218218,#
9,0.440928,0.050383,-0.600521,-0.607394,0.052889,-0.205313,-0.316906,-0.307082,0.45914,1.0,-0.580389,-0.354057,0.394699,0.746224,0.350575,-0.224359,-0.794215,-0.338139,0.095269,0.228239,0.339042,0.088911,0.549315,-0.094288,0.365124,-0.794176,-0.274111,0.277975,-0.288779,0.583236,0.158678,-0.01053,0.372391,9.9e-05,0.238162,-0.329204,0.31861,0.005694,0.199335,-0.40448,0.142115,0.484855,-0.097091,0.356302,0.317667,-0.539511,0.458607,0.500777,-0.105126,-0.328772,-0.134295,-0.021364,0.278763,-0.227476,-0.384034,0.236659,-0.334432,-0.288779,-0.307399,0.339684,0.785404,0.284482,-0.438927,-0.361088,-0.307393,-0.578205,0.078409,-0.447856,0.022129,0.075477,-0.26678,0.371789,0.135976,0.135976,-0.34067,-0.320864,-0.329204,-0.171395,0.188271,0.5833,0.109926,-0.148711,-0.351101,-0.271522,-0.148711,0.635535,-0.346525,0.129988,0.109926,-0.542097,0.292334,0.125124,0.109926,0.137413,-0.196708,0.583642,-0.764789,0.100815,-0.108256,-0.603611,-0.328772,-0.07379,-0.310657,-0.363789,-0.06461,-0.108873,-0.271522,-0.63048,0.278763,-0.206327,0.527144,0.278763,-0.294967,0.306093,0.023888,0.00968,0.439023,-0.34067,0.601876,-0.013535,0.306093,-0.40448,0.069027,0.805065,-0.116054,0.205575,0.438643,0.010901,-0.197297,-0.346525,0.109926,0.292334,-0.442951,0.358583,-0.184136,-0.60672,-0.60672,0.0,0.551123,-0.148711,0.278763,-0.137038,-0.134272,-0.540034,-0.613467,0.566356,0.0,-0.511004,-0.213085,0.0,-0.613467,0.451291,-0.40448,-0.605412,-0.000476,-0.062109,0.975903,0.013597,-0.108256,-0.078714,-0.498519,0.458906,0.0,0.245429,0.405695,0.532468,0.439004,-0.010144,-0.07379,-0.329204,-0.309411,-0.032796,0.108079,-0.371089,0.617929,-0.184136,0.278763,-0.29942,0.619446,-0.442951,0.33928,0.089549,-0.799939,-0.270981,-0.164417,0.254122,0.261632,0.059187,-0.492319,0.305252,-0.442951,-0.164238,-0.247624,0.211987,0.091823,0.164136,0.360258,-0.103661,0.562712,0.475914,#
10,-0.008216,-0.081279,0.607345,0.107702,0.38772,-0.144761,-0.133474,-0.326559,-0.408117,-0.580389,1.0,-0.009179,0.278062,-0.385156,-0.48387,0.175028,0.379153,-0.137985,0.325871,0.172441,-0.048975,0.023988,-0.160637,0.59217,-0.022082,0.350479,-0.107069,-0.206876,0.266253,-0.533497,-0.099099,0.162449,0.003525,-2.4e-05,-0.574596,0.373697,0.140095,0.333281,-0.226512,0.421455,-0.272078,-0.665907,-0.352468,-0.674663,-0.408011,0.574151,-0.270203,-0.160191,0.176409,0.278062,0.103114,-0.559105,0.39478,0.149194,0.078911,-0.423595,0.300039,-0.383778,0.253707,-0.504713,-0.831108,-0.378037,-0.0966,0.352429,0.054766,0.22023,0.274163,-0.230881,-0.176153,0.005951,-0.415937,0.15492,-0.080327,-0.09779,0.018513,-0.3418,0.356234,0.2401,0.166966,-0.106129,0.34815,0.569175,0.398073,-0.167093,0.569175,-0.269572,0.363853,0.228291,0.330367,0.577535,0.138707,0.241846,0.330367,-0.123658,0.656456,-0.114206,0.42368,-0.085782,0.07904,0.136789,0.278062,0.112032,-0.062732,0.372848,0.404712,0.591869,-0.149847,0.583944,0.39478,0.202361,-0.392199,-0.272078,0.265328,-0.272078,-0.089507,0.431448,-0.407815,0.396024,-0.997683,0.52001,-0.272078,0.39478,-0.401475,-0.80871,-0.3634,0.241846,0.092027,-0.215249,0.326252,0.382312,0.34815,-0.252211,0.527888,-0.363057,0.640661,0.612176,0.632182,0.0,-0.412004,0.569175,-0.272078,0.165414,-0.240194,0.455058,0.671774,-0.179973,0.0,-0.076582,0.265328,0.0,0.671774,0.057225,-0.272078,0.121185,0.353773,0.122986,-0.462637,-0.416499,0.07904,0.107121,0.058024,-0.407909,0.0,0.049191,0.256339,-0.589136,0.077697,0.056308,0.092027,0.356234,-0.375783,0.007175,-0.071756,0.41818,-0.67296,0.640661,0.39478,-0.174388,-0.243641,0.527888,-0.817688,0.362717,0.359633,-0.220193,-0.325437,0.216437,0.18431,0.401032,0.521612,0.12752,0.527888,0.170763,0.059887,-0.243651,0.082461,-0.108102,-0.403733,0.272868,-0.182762,-0.534351,#
11,-0.576978,-0.457743,0.481163,-0.19821,0.197191,0.431309,0.033649,0.450572,0.50763,-0.354057,-0.009179,1.0,-0.304603,-0.186785,-0.139629,-0.001189,0.21416,0.44575,-0.10838,-0.441276,-0.575584,-0.74922,-0.379764,-0.0155,-0.184265,0.64802,0.497101,0.503439,0.364631,0.246799,-0.157898,0.270057,-0.586654,4.7e-05,0.025927,0.22493,-0.22973,0.264889,-0.054967,-0.333253,-0.333253,0.035713,0.221201,0.052697,-0.49975,0.322343,-0.301263,-0.520406,-0.44499,0.379262,-0.185659,0.150307,-0.333253,0.076377,0.436024,-0.06551,-0.308854,0.364631,-0.029248,-0.239047,-0.178905,-0.473131,-0.003285,0.094158,0.123375,0.446573,0.300843,0.238991,0.543466,-0.582363,0.340601,-0.398549,-0.214783,0.208018,0.174721,0.354482,-0.231695,0.37877,-0.815746,-0.223121,-0.654164,-0.41503,0.168668,0.402896,-0.41503,-0.392967,0.206683,-0.425545,-0.223604,-0.033379,0.001871,-0.402062,-0.223604,0.478028,-0.030595,-0.206382,0.15504,-0.018992,-0.250965,0.484,-0.304603,-0.49988,-0.248083,-0.223604,-0.191138,-0.00166,-0.448919,0.013882,-0.333253,0.869564,-0.210095,-0.333253,-0.43307,-0.333253,-0.223604,-0.241667,0.02123,0.174721,-0.002483,-0.489662,-0.333253,0.312586,0.188188,-0.202473,-0.226857,-0.402062,0.003875,0.078472,-0.00854,-0.240253,-0.206382,0.001871,0.184217,-0.509695,-0.018488,-0.0155,0.003875,0.0,-0.388086,-0.41503,-0.333253,0.400315,0.006287,0.285021,-0.04289,-0.41085,0.0,0.155547,-0.43307,0.0,-0.04289,0.209878,0.33842,0.486065,-0.021048,-0.027542,-0.41919,0.189327,-0.250965,-0.011384,-0.199803,-0.010513,0.0,-0.277564,-0.349753,0.064097,-0.499625,-0.153113,-0.0155,0.208018,0.366142,0.239718,0.180269,-0.227834,-0.378618,-0.018488,-0.333253,0.844356,0.046714,0.184217,0.271554,-0.614219,0.249952,0.045422,0.279858,0.395555,0.031911,0.194825,0.231319,-0.645007,0.184217,0.440712,0.271355,0.386528,-0.368773,-0.240924,-0.166559,0.285794,0.004967,-0.214783,#
12,0.354878,-0.180862,0.174842,-0.259821,0.353531,-0.227367,-0.286711,-0.13864,0.202325,0.394699,0.278062,-0.304603,1.0,0.499944,-0.387855,0.253135,-0.46656,-0.092944,0.374678,0.241376,0.300116,0.237647,0.392096,0.137059,0.275725,-0.513279,-0.280417,0.325813,-0.103487,0.237483,-0.09981,-0.17114,0.329293,-7.9e-05,-0.222602,0.264906,0.954769,0.352184,0.384912,0.134883,0.047862,-0.231115,-0.218204,-0.341736,0.105064,-0.30735,0.615493,0.616841,-0.182783,-0.151815,-0.215919,0.008681,0.091372,-0.304117,0.02184,-0.170947,-0.167773,-0.103487,-0.310181,-0.169489,-0.247612,0.107435,-0.176808,-0.175932,-0.367043,-0.231258,0.207969,-0.29568,-0.272469,-0.086187,-0.115836,0.94304,0.264906,0.236421,-0.238619,-0.085885,0.236421,-0.210671,0.252573,0.236844,0.237375,0.277718,-0.287145,-0.263807,0.277718,0.252573,-0.489964,0.361387,0.208368,0.302373,0.277718,0.391179,0.208368,-0.114314,0.440774,0.237375,-0.253262,-0.101203,-0.222285,-0.601503,-0.151815,0.202325,-0.41784,0.208368,0.302067,0.136989,-0.235676,-0.389784,0.091373,-0.225874,-0.103638,0.091373,-0.249373,0.134883,0.180973,0.349922,0.17069,0.377172,-0.228791,0.638622,0.134883,0.091373,-0.271444,0.329448,-0.243859,0.416796,0.169692,-0.234964,-0.204612,-0.459853,0.237375,0.277718,-0.124535,0.332663,0.441254,0.169692,0.202325,0.0,0.004958,0.277718,0.091373,0.275142,-0.383196,-0.207247,-0.20372,0.366961,0.0,-0.424126,-0.223301,0.0,-0.20372,0.530976,-0.996396,-0.629418,0.639439,-0.626251,0.380687,-0.162353,-0.222285,-0.653671,-0.321057,0.202222,0.0,0.54424,0.990769,-0.343336,0.170537,0.347716,0.169692,0.236421,-0.133624,-0.253412,0.233594,-0.271444,0.247103,0.441254,0.091373,-0.307005,0.2469,-0.124535,-0.389295,0.227218,-0.486678,-0.441472,-0.240712,0.440774,0.292246,0.378132,-0.185032,0.507727,-0.124535,-0.418331,-0.293064,0.445758,0.373573,0.26344,0.321475,0.031257,0.390139,0.179452,#
13,0.12643,0.150505,-0.151977,-0.33476,-0.299532,-0.057286,-0.105518,-0.125119,0.299921,0.746224,-0.385156,-0.186785,0.499944,1.0,0.20246,-0.415645,-0.482789,-0.236698,0.170634,0.080788,0.673799,0.003157,0.26619,-0.304398,0.106602,-0.46971,0.110644,0.566302,-0.249009,0.416135,0.290833,0.186375,0.115779,0.000108,-0.054058,-0.066425,0.478523,0.258689,0.369259,-0.501361,0.214869,0.689258,-0.414559,0.424304,0.345052,-0.632959,0.667876,0.134322,-0.465214,-0.290056,0.073856,0.095748,0.095497,-0.497488,-0.35629,-0.090269,-0.286883,-0.10356,-0.579573,-0.30836,0.46639,0.331374,-0.272356,-0.356053,-0.015984,-0.381904,-0.10358,-0.489039,0.204837,-0.309874,-0.064315,0.382618,0.031259,0.031259,-0.550686,-0.152917,-0.476697,-0.142135,0.041743,0.32827,-0.091076,-0.395984,-0.214276,0.003645,-0.395984,0.530136,-0.592941,0.346992,-0.091076,-0.30431,0.085618,-0.100044,-0.091076,0.202059,-0.174825,0.426201,-0.581925,-0.377472,0.066207,-0.748186,-0.290056,-0.170104,-0.456197,-0.514403,-0.266752,-0.317026,0.003645,-0.910326,0.095497,-0.156129,0.107146,0.244712,-0.558767,0.274555,-0.015916,-0.333474,0.274248,-0.128331,0.420299,0.055088,0.274555,-0.501361,-0.103306,0.679513,-0.321082,-0.082474,0.165628,-0.436769,-0.535257,-0.592941,-0.091076,0.173089,-0.383526,0.170079,-0.07501,-0.752041,-0.170104,0.0,0.565374,-0.395984,0.244712,0.059684,0.18021,-0.40194,-0.537261,0.280455,0.0,-0.401133,-0.540885,0.0,-0.537261,0.497299,-0.501361,-0.75042,0.05149,-0.275747,0.713737,-0.298086,0.066207,-0.290666,-0.650433,0.302964,0.0,-0.090929,0.44642,0.248838,0.281232,-0.275295,-0.170104,-0.476697,-0.148747,0.047543,-0.084396,-0.67118,0.516015,-0.07501,0.095497,-0.096737,0.421614,-0.383526,0.18043,-0.108784,-0.506513,-0.450159,0.028877,0.317463,-0.029951,0.141521,-0.390449,0.444862,-0.383526,-0.041206,-0.36611,0.465703,-0.11939,-0.028414,0.667066,-0.222957,0.288972,0.382921,#
14,-0.245856,-0.048326,-0.486915,-0.173808,-0.244611,-0.345858,-0.399179,-0.208877,0.032491,0.350575,-0.48387,-0.139629,-0.387855,0.20246,1.0,-0.430514,-0.193469,-0.499115,-0.293659,0.375972,0.14242,0.282879,-0.066948,-0.089351,-0.28124,-0.181615,0.379419,-0.011674,0.314603,-0.193414,0.458981,0.511082,0.129453,-2.4e-05,0.079534,-0.648753,-0.412612,0.154636,-0.341512,-0.330329,0.319498,0.390489,0.281014,0.456182,-0.018064,-0.370304,-0.133443,0.00628,0.081311,-0.387855,0.636999,-0.171757,0.211194,-0.098848,0.001432,0.409809,-0.373954,-0.213255,0.37852,0.287185,0.650435,-0.038091,-0.42272,-0.474928,0.076538,0.114568,0.146186,-0.04674,0.413527,0.358698,-0.130436,-0.436156,0.272972,0.272972,0.256448,-0.233488,-0.18789,-0.01984,0.34275,0.177434,0.161855,-0.054339,0.17821,0.046293,-0.054339,0.785863,0.139281,-0.039136,0.161855,-0.364978,0.382614,0.366451,0.161855,0.505621,-0.439775,0.631174,-0.15553,0.470527,0.187274,-0.015428,-0.387855,0.032491,0.254709,-0.648423,0.13134,-0.100904,0.046293,-0.108822,0.211194,-0.043632,0.251026,-0.330329,0.346629,0.37365,0.230047,-0.226777,-0.495125,-0.12675,0.485245,-0.538813,0.37365,-0.330329,0.27075,0.282525,0.314969,-0.016128,-0.089351,-0.0648,0.360038,0.139281,0.161855,0.065169,0.220339,-0.209286,-0.004726,-0.495493,-0.495493,0.0,0.414684,-0.054339,-0.330329,-0.807973,0.106256,0.193597,-0.03138,-0.045671,0.0,-0.463468,-0.042756,0.0,-0.03138,-0.204735,0.37365,0.00143,-0.699092,0.42997,0.399258,-0.297392,0.187274,0.434692,0.182082,0.047552,0.0,0.017368,-0.339904,0.407483,0.441889,-0.575125,0.032491,-0.18789,-0.157065,-0.183184,-0.159992,0.151493,0.027031,-0.004726,0.211194,0.065616,0.362243,0.220339,0.260986,0.158584,-0.181096,0.012936,-0.151501,0.006872,-0.041807,-0.227387,0.215983,-0.269471,0.220339,-0.029526,0.321312,0.001357,-0.124968,-0.129561,-0.171224,-0.309655,0.38144,-0.223341,#
15,0.061657,-0.10464,0.08003,0.068497,0.431576,-0.13622,0.247155,0.126422,0.117115,-0.224359,0.175028,-0.001189,0.253135,-0.415645,-0.430514,1.0,-0.064598,0.491154,0.109373,0.145415,-0.408809,0.28021,0.255357,0.096922,0.417995,-0.105295,-0.170213,-0.202301,0.24144,-0.04671,-0.570521,-0.736821,0.409987,-4.9e-05,-0.124558,0.382466,0.351895,-0.390968,0.252104,0.428074,0.374228,-0.509994,0.546842,-0.058207,0.066823,0.276333,0.030073,0.396362,0.348383,0.253135,-0.382638,0.258809,-0.271921,0.390846,0.263827,0.297887,0.248165,0.24144,0.234317,0.305986,-0.343318,0.08861,0.407774,-0.105794,-0.292804,-0.129202,-0.052386,0.304053,-0.30839,-0.116319,0.259396,0.421676,-0.075788,-0.093413,0.026745,0.322323,0.364841,-0.133644,0.159108,-0.084556,-0.067108,0.186511,-0.387095,-0.166523,0.186511,-0.281498,-0.067383,-0.174731,-0.085056,0.19838,-0.247969,0.238132,-0.085056,-0.098182,0.293802,-0.533771,0.046245,0.421448,-0.355378,0.142082,0.253135,0.117115,-0.058041,0.381607,0.400963,0.111289,-0.149116,0.249111,-0.271921,-0.106878,-0.36583,-0.271921,0.261537,-0.271921,0.321778,0.410788,0.135118,0.026745,-0.182399,0.401217,-0.271921,0.401151,-0.397156,-0.043803,0.073201,-0.142283,0.117115,0.479944,-0.127468,-0.048752,-0.067108,-0.247969,-0.308739,0.448248,-0.133932,0.621919,0.117115,0.0,-0.305419,0.186511,-0.271921,0.19872,-0.661774,-0.310125,-0.117058,0.155699,0.0,0.356126,-0.125644,0.0,-0.117058,-0.335667,-0.271921,0.126344,0.138065,-0.40689,-0.222024,0.473443,-0.355378,-0.407648,0.457031,0.102063,0.0,0.33244,0.296658,-0.200399,-0.407674,0.470799,0.096922,0.364841,0.235248,-0.330596,0.335195,0.036408,0.15444,-0.133932,-0.271921,0.211991,0.141063,-0.308739,-0.022649,-0.068919,-0.057256,0.575749,0.092311,-0.150317,0.18291,0.038808,-0.33826,0.095361,-0.308739,-0.242796,-0.196448,0.170392,-0.052805,0.323385,-0.01213,-0.317959,0.225404,0.347216,#
16,-0.186953,0.358653,0.216399,0.4562,-0.200471,0.542887,0.559978,0.365885,-0.327257,-0.794215,0.379153,0.21416,-0.46656,-0.482789,-0.193469,-0.064598,1.0,0.156938,0.173053,-0.121388,-0.203981,0.021815,-0.333045,-0.327257,-0.653601,0.52466,0.215902,-0.060536,0.2552,-0.427795,-0.361684,0.091469,-0.196775,-2.4e-05,0.094436,0.529504,-0.410745,-0.186696,-0.433125,0.526805,-0.218172,-0.131549,-0.032081,-0.137795,-0.327172,0.514761,-0.09861,-0.667651,0.018853,0.264849,0.451807,0.008883,-0.218172,0.135322,0.254401,0.06157,0.253746,0.2552,0.118768,-0.423302,-0.517625,-0.313919,0.343523,0.434867,0.062543,0.5629,-0.420689,0.330882,-0.184597,-0.230704,0.276583,-0.512931,0.059221,-0.42848,0.194067,0.243912,0.059221,0.026376,-0.065128,-0.428254,0.068388,-0.071745,0.156388,0.026376,-0.071745,-0.534046,0.014116,-0.390818,-0.428263,0.336346,-0.534144,-0.336504,-0.428263,-0.300705,0.078026,-0.428263,0.613176,-0.233125,-0.114173,0.161707,0.264849,0.231475,0.511008,0.068388,-0.197218,-0.32709,0.508028,0.386605,-0.218172,0.051097,-0.138946,-0.218172,0.078026,-0.218172,-0.428263,-0.185886,-0.327014,0.194067,-0.390818,-0.155725,-0.218172,-0.218172,-0.257629,-0.64848,-0.030711,-0.336504,-0.327257,-0.149392,0.028229,0.529657,0.068388,-0.534144,0.377046,-0.172124,0.069661,0.231475,0.770252,0.0,0.017755,-0.071745,-0.218172,-0.120203,0.343184,0.494847,0.495072,-0.788578,0.0,0.411639,0.078026,0.0,0.495072,-0.562948,0.500198,0.17944,-0.08416,0.177414,-0.784455,-0.120151,-0.114173,0.195082,0.233772,-0.32709,0.0,-0.452265,-0.522951,-0.331152,-0.32709,-0.217458,-0.327257,0.059221,0.275281,-0.020368,-0.426378,0.203796,-0.517747,0.069661,-0.218172,0.111124,-0.518399,0.377046,-0.182825,0.086089,0.997967,0.412798,0.474598,-0.394632,-0.04519,0.213807,0.441806,-0.00925,0.377046,0.368626,0.41174,-0.406309,-0.173486,0.02858,-0.205383,0.148318,-0.800797,-0.42848,#
17,-0.418705,-0.255845,0.230298,0.22594,0.019866,0.503593,0.585927,0.495366,0.250204,-0.338139,-0.137985,0.44575,-0.092944,-0.236698,-0.499115,0.491154,0.156938,1.0,-0.429983,-0.210758,-0.405235,-0.407635,0.147346,-0.297117,0.202093,0.267576,0.326356,-0.035291,-0.258794,0.385291,-0.325496,-0.639595,-0.453414,-0.000126,0.059545,0.27072,0.107157,-0.437189,0.209496,0.079926,0.218928,-0.123128,0.205265,0.136254,0.354895,0.009206,0.045532,-0.033874,-0.444983,0.650063,-0.500462,0.535819,-0.649835,0.468156,0.089032,-0.110251,-0.072944,0.62192,0.013115,0.034249,-0.273259,0.384158,0.416056,-0.223631,0.242478,-0.073522,-0.086501,0.332889,-0.212708,-0.344803,0.594734,0.005984,-0.320769,-0.207021,-0.1012,0.613004,-0.207021,-0.40616,-0.614885,-0.695769,-0.789094,-0.577218,-0.549787,0.596133,-0.577218,-0.614885,-0.200001,-0.315597,-0.673259,-0.15412,-0.577218,-0.400997,-0.673259,-0.26784,-0.392941,-0.789094,-0.10899,-0.257423,-0.291173,0.260707,-0.092944,-0.427431,-0.338429,0.382127,0.004025,-0.277614,0.011983,-0.066763,-0.649835,0.138974,-0.399547,0.253679,-0.413764,-0.649835,-0.12626,-0.449131,0.380236,-0.1012,0.11988,-0.226861,-0.649835,0.253679,-0.003468,-0.00299,0.195866,-0.380538,-0.297117,0.581099,-0.504145,-0.320241,-0.302587,-0.047572,-0.480536,0.05012,-0.489498,0.250204,0.119889,0.0,-0.430698,-0.577218,0.253679,0.520491,-0.212488,-0.356752,-0.504172,-0.297267,0.0,0.762499,-0.392941,0.0,-0.504172,-0.258171,0.079926,0.257313,-0.036489,-0.460516,-0.430065,0.798609,-0.291173,-0.443762,0.044713,-0.316317,0.0,-0.158827,-0.095927,0.131452,-0.974255,0.130457,-0.297117,0.27072,0.579761,-0.236904,-0.127438,-0.531997,0.027583,-0.489498,-0.649835,0.577716,-0.074594,-0.480536,0.535771,-0.792069,0.159651,0.384703,0.677621,-0.392941,-0.148897,-0.089778,-0.450987,-0.314889,-0.480536,-0.154444,-0.353879,0.184534,-0.189728,-0.272332,0.074683,-0.236656,-0.304301,0.475465,#
18,0.640898,0.521358,-0.009564,-0.290463,0.244294,0.069612,0.086183,-0.044559,0.128419,0.095269,0.325871,-0.10838,0.374678,0.170634,-0.293659,0.109373,0.173053,-0.429983,1.0,-0.055002,0.101813,0.256503,0.061875,-0.048711,-0.101336,-0.23217,-0.51304,0.437598,0.360284,-0.068072,-0.54955,0.074013,0.63418,-5.3e-05,0.081659,0.709281,0.2684,0.076801,0.049374,0.292264,-0.32769,0.043752,-0.116719,-0.128734,-0.491408,0.450908,0.376995,-0.127046,0.35412,-0.256529,0.114045,-0.171765,0.262743,-0.359024,0.102149,0.292231,0.321514,-0.21525,-0.436153,-0.307581,-0.132289,-0.502734,0.06901,0.569102,-0.658385,0.053317,-0.338618,-0.169034,-0.080482,-0.453311,-0.183385,0.302938,0.16814,-0.237716,-0.22176,-0.184802,0.16814,0.421816,0.329317,0.687362,0.555116,0.313438,0.114817,-0.844269,0.313438,-0.060908,-0.256619,-0.093854,0.141813,0.324746,-0.071361,-0.082405,0.141813,0.011962,0.784176,0.141813,0.141041,0.036935,-0.30243,-0.489016,0.374678,0.438397,0.19894,-0.229941,-0.26026,-0.061332,-0.042627,-0.081056,0.262743,-0.007494,0.241236,-0.32769,-0.06077,0.292264,-0.229941,0.575504,0.149686,0.115701,-0.304054,0.543618,0.292264,-0.32769,-0.597011,-0.052649,-0.680192,-0.082405,0.571244,-0.492756,-0.084682,0.172404,0.141813,-0.417477,0.098968,0.396437,0.274653,-0.026569,0.438397,0.0,0.466313,0.313438,-0.32769,0.06074,0.004041,0.057713,0.302997,0.117376,0.0,-0.313664,-0.06077,0.0,0.302997,0.208397,-0.32769,-0.490476,0.49225,-0.020983,0.117219,-0.453614,-0.30243,-0.035272,-0.251203,0.588657,0.0,-0.014205,0.298242,-0.335017,0.416675,0.22291,-0.026569,-0.237716,-0.22054,0.269665,0.262342,0.132364,0.111369,0.274653,0.262743,-0.313888,0.077399,0.098968,-0.489042,0.571319,0.170854,0.093756,-0.142207,0.390839,0.444435,0.591443,0.091753,0.694751,0.098968,0.440169,0.234342,0.009366,-0.074518,0.696947,0.283329,0.318112,0.029412,-0.10243,#
19,-0.005314,-0.086253,-0.414364,-0.367448,0.375216,-0.240477,-0.192849,-0.550211,0.052261,0.228239,0.172441,-0.441276,0.241376,0.080788,0.375972,0.145415,-0.121388,-0.210758,-0.055002,1.0,0.020891,0.452694,0.650869,0.161138,0.071509,-0.53016,0.156573,-0.25632,0.229806,-0.135984,-0.046542,-0.025716,0.421305,2.6e-05,-0.245194,-0.131149,0.135737,-0.082466,-0.548612,0.339696,0.455831,-0.240639,0.036093,0.043384,0.128219,-0.075471,0.154231,0.377752,0.026941,0.241376,0.502754,-0.516237,0.484865,0.4763,-0.197088,0.327351,-0.327684,-0.506026,0.664627,0.146253,0.089961,0.132032,-0.607838,-0.623357,-0.164576,-0.220235,0.299601,-0.442251,-0.370097,0.32222,-0.423283,0.118855,0.268,-0.131149,-0.061636,-0.507892,-0.131149,-0.528309,0.603078,-0.045593,0.35174,0.159886,-0.356132,-0.151839,0.159886,0.603078,-0.036054,-0.093957,-0.054734,-0.276796,0.159886,0.640701,-0.054734,-0.036812,-0.150641,0.35174,-0.425823,0.412301,-0.267121,-0.402946,-0.379402,0.052261,-0.115553,-0.123555,0.795769,0.144888,-0.151839,0.136993,0.484865,-0.190885,0.05291,-0.270015,0.284295,-0.270015,-0.073015,0.020365,-0.404721,-0.061636,-0.16011,-0.05098,-0.270015,-0.270015,-0.430694,-0.047464,0.050808,0.213366,0.161138,0.311792,0.226936,0.38588,0.758213,-0.28263,0.079596,-0.054072,0.224504,0.052261,0.052261,0.0,0.293689,0.159886,-0.270015,-0.660447,-0.657134,-0.04061,-0.142338,-0.171406,0.0,-0.379207,-0.150641,0.0,-0.142338,-0.33479,-0.270015,-0.404149,-0.407204,0.196045,0.359316,-0.099446,-0.267121,0.178192,0.022497,-0.404816,0.0,0.272371,0.28633,0.282244,0.144888,-0.45024,-0.405022,0.268,-0.475542,-0.769199,-0.527696,0.01089,-0.255883,0.224504,0.484865,-0.1897,0.616561,0.079596,-0.032186,0.335938,-0.14635,0.126543,0.023819,-0.150641,0.536838,0.402539,0.034254,0.12555,0.079596,-0.209216,-0.018627,-0.259628,-0.014959,-0.155232,-0.410852,-0.406295,0.272511,-0.055121,#
20,0.135376,0.467757,0.041522,0.277931,-0.66914,-0.398526,0.009258,-0.342123,-0.496224,0.339042,-0.048975,-0.575584,0.300116,0.673799,0.14242,-0.408809,-0.203981,-0.405235,0.101813,0.020891,1.0,0.317913,-0.082543,-0.082704,0.124828,-0.192375,-0.018302,-0.016469,-0.359014,-0.23812,0.568068,0.144853,0.163943,0.0,-0.38735,-0.198522,0.258865,0.156184,0.447856,-0.330816,0.358384,0.52187,-0.616742,0.278367,0.516343,-0.50184,0.342409,-0.00432,-0.012092,-0.429662,0.195939,-0.035918,0.220544,-0.506446,-0.546123,-0.399698,0.321833,-0.251525,-0.457011,-0.444209,0.175602,0.508327,0.083476,-0.10205,0.362573,-0.392624,-0.364051,-0.430647,0.116728,0.024935,-0.223673,0.280517,-0.180475,-0.180475,-0.551475,-0.266509,-0.180475,-0.015843,0.378861,0.19148,0.175618,-0.041827,0.182417,0.008912,-0.041827,0.378861,-0.288285,0.790064,0.175618,0.026956,-0.041827,-0.037234,0.175618,-0.013212,-0.038868,0.175618,-0.157205,-0.515579,0.648637,-0.49368,0.300116,0.041352,-0.162085,-0.232796,-0.273275,-0.094471,0.472326,-0.519495,0.220544,-0.515243,-0.201384,0.330816,-0.014576,0.385952,0.262406,-0.214432,-0.017098,-0.176322,0.063794,0.414554,0.385952,-0.330816,-0.159368,0.260919,-0.164214,-0.053465,-0.082704,-0.625089,-0.415965,-0.288285,-0.302227,0.022815,-0.253658,0.140901,-0.050044,-0.496224,0.020676,0.0,0.399334,-0.041827,0.330816,-0.007933,0.457065,-0.280634,-0.027442,0.38529,0.0,-0.122919,-0.031095,0.0,-0.027442,0.170761,-0.330816,-0.495154,-0.024023,-0.056721,0.383702,-0.554946,0.648637,-0.070133,-0.189113,0.056682,0.0,-0.254201,0.266822,-0.105403,0.458183,-0.211036,0.041352,-0.649709,-0.293967,0.233853,-0.152123,-0.223874,0.435395,-0.050044,0.220544,-0.415668,-0.09104,-0.253658,-0.240585,0.143399,-0.248384,-0.433981,-0.253995,-0.038868,-0.499092,-0.280279,-0.246363,0.61942,-0.253658,-0.088675,-0.519463,0.102429,-0.082359,-0.121146,0.638639,-0.386574,-0.02602,0.234617,#
