0,1.0,0.682842,0.338014,0.133973,0.435175,-0.272078,-0.111111,-0.272078,-0.111111,0.354185,-0.267162,-0.111111,-0.218159,0.289758,-0.271984,-0.213709,0.38886,0.148587,0.219803,-0.504474,-0.407868,-0.397539,0.298984,0.258534,-0.330965,-0.333053,-0.497533,0.156705,-0.333201,-0.1655,0.144824,0.245504,-0.166627,-0.330965,-0.498922,-0.111111,0.271623,0.129969,-0.218033,-0.218161,0.421988,0.285693,0.008667,0.271265,-0.26819,-0.498602,0.312783,0.214988,0.158111,0.348952,0.182018,0.144824,-0.111111,-0.327489,-0.407352,-0.497068,-0.985445,0.245721,-0.407271,0.176893,-0.024992,-0.666665,0.071392,-0.407705,0.218844,0.202669,-0.111111,-0.095994,0.307218,0.305649,0.18738,0.19574,-0.111111,-0.508492,-0.995968,0.13001,-0.508492,-0.508503,0.089413,0.082468,0.200062,-0.66531,0.082468,0.481481,-0.66531,-0.407832,0.148393,0.148393,-0.271981,-0.508597,0.082468,0.20596,-0.272031,0.212009,-0.66531,-0.333075,-0.407871,-0.272165,0.089413,0.188248,0.223995,0.258841,-0.272165,0.258841,-0.508492,-0.272023,0.089413,-0.665376,0.089413,-0.165063,0.24692,-0.111111,0.20596,0.317756,-0.508492,0.200062,0.142566,-0.665376,0.265403,-0.481999,-0.407832,0.082468,-0.508492,-0.407832,0.12512,-0.508503,-0.407832,0.116405,0.373408,0.200062,-0.995968,0.265403,0.089413,0.295468,0.082468,-0.508597,0.0,-0.508492,-0.031928,0.082468,0.258841,0.296374,0.265403,0.071392,0.089413,0.178435,-0.66531,0.408248,-0.508503,0.148393,-0.995968,-0.272165,-0.66531,-0.407871,-0.665376,0.148393,0.129572,0.681747,0.148393,-0.407832,0.228013,0.333333,-0.333075,0.148393,0.258841,0.340927,-0.166667,-0.329775,-0.218107,0.200062,-0.284695,0.294707,-0.218103,-0.995968,-0.294849,-0.272165,-0.333153,-0.245737,0.340927,0.219365,-0.188092,-0.193773,-0.132803,-0.417064,-0.193773,0.188248,0.264069,0.082468,-0.33309,-0.149278,-0.508492,-0.185518,-0.142134,0.523936,0.152672,-0.166582,-0.142134,0.142566,0.051743,-0.111111,#
1,0.682842,1.0,0.506899,0.200912,0.632611,-0.40802,-0.166627,-0.40802,-0.166627,0.51172,-0.400647,-0.166627,0.222061,0.414809,-0.407878,-0.320486,0.097379,0.035577,0.369522,-0.756528,-0.135103,-0.596165,0.428387,-0.102119,-0.496329,-0.49946,-0.205815,0.203003,-0.001832,-0.248191,-0.596942,0.32715,-0.24988,-0.496329,-0.230416,0.650171,0.387369,0.163059,-0.32697,-0.327163,0.612421,-0.076414,0.076715,0.348999,0.106589,-0.747723,0.44652,0.322404,-0.248943,0.504014,-0.555352,-0.596942,0.650171,-0.068759,-0.137065,-0.745422,-0.644411,0.299019,-0.101989,0.23356,0.023761,-0.182962,0.002099,-0.611411,0.456888,0.271542,-0.166627,0.048499,0.281832,-0.060147,0.256405,-0.329992,-0.166627,-0.241684,-0.700816,0.235638,-0.241684,-0.762572,0.134088,-0.669105,0.300022,-0.997726,-0.669105,0.207769,-0.997726,-0.611602,0.222537,0.222537,-0.407873,-0.237428,0.123673,-0.216417,-0.407948,0.317937,-0.997726,-0.499493,-0.121548,-0.408147,0.134088,0.282304,0.311335,0.388169,-0.408147,-0.101943,-0.762555,-0.407936,0.134088,-0.399608,0.134088,-0.247534,0.370291,0.650171,0.308867,-0.001914,-0.241684,-0.220849,-0.380086,-0.399608,0.398009,-0.199039,-0.126204,0.123673,-0.762555,-0.126204,0.155918,-0.762572,-0.611602,0.088994,0.045292,0.300022,-0.700816,0.398009,0.134088,0.443096,0.123673,-0.237428,0.0,-0.241684,-0.106556,-0.669105,-0.101943,0.444454,0.398009,0.002099,0.134088,-0.294572,-0.403841,0.612225,-0.762572,0.222537,-0.700816,-0.408147,-0.403841,-0.121548,-0.399608,0.222537,0.194311,0.803115,-0.37568,-0.611602,0.056633,0.009802,-0.026488,-0.37568,0.388169,0.479136,-0.24994,-0.494544,-0.327082,0.300022,0.071356,0.418907,-0.327075,-0.700816,0.035415,-0.408147,-0.49961,0.173419,0.479136,-0.411952,0.366069,-0.290589,-0.199157,-0.141355,-0.290589,0.282304,0.364186,-0.669105,-0.499515,-0.223863,-0.241684,-0.27821,-0.213149,0.750379,0.190252,0.344979,-0.213149,-0.380086,0.077596,-0.166627,#
2,0.338014,0.506899,1.0,0.40636,0.022738,-0.380213,-0.332854,-0.380213,-0.332854,0.599444,-0.086858,0.286409,-0.202439,0.041868,-0.814779,-0.33799,0.014578,0.18978,-0.424794,-0.268399,-0.030046,-0.714377,0.058701,-0.029524,0.166891,-0.232688,-0.17554,-0.404947,-0.180358,0.460951,-0.336711,-0.190342,0.03346,-0.610837,0.131537,0.338014,-0.41694,0.1992,-0.653157,-0.208536,0.006318,-0.045548,-0.345396,0.54604,0.794438,-0.743407,-0.007264,0.480309,-0.326781,0.633472,-0.378607,-0.336711,0.338014,0.623348,0.00946,-0.083909,-0.235324,-0.365636,0.422386,0.261402,-0.379567,0.350915,-0.412815,-0.778259,0.252071,-0.25026,-0.332854,0.171446,-0.144876,-0.626798,0.414471,-0.003788,-0.332854,0.222811,-0.326012,0.60338,-0.230167,-0.215724,-0.374344,-0.326012,0.255719,-0.489988,-0.326012,0.680711,-0.489988,-0.361244,0.503456,0.503456,-0.446633,-0.693909,0.325128,-0.693909,-0.035501,-0.252075,-0.489988,0.199347,0.421128,0.022124,0.346461,0.078576,-0.041691,-0.045173,0.022124,-0.021493,-0.205001,-0.441366,0.346461,0.012117,-0.374344,0.066122,0.57572,0.338014,0.211911,-0.242086,0.222811,-0.230167,-0.002207,-0.528133,0.037992,0.125071,-0.400932,0.325128,-0.675401,-0.032922,0.185456,-0.607425,-0.431599,-0.162192,0.026557,0.180223,-0.326012,-0.03376,0.346461,0.609631,0.325128,-0.237095,0.0,0.222811,0.078592,-0.326012,-0.021493,0.741706,0.413308,-0.412815,-0.374344,-0.232046,-0.002207,0.00632,-0.215724,0.503456,-0.326012,0.022124,-0.002207,-0.0051,-0.508124,0.503456,0.041471,0.262213,0.012117,0.006765,0.274101,-0.224483,0.587844,0.012117,0.025865,0.236702,0.023222,-0.18085,0.183772,-0.197258,0.474648,-0.183763,-0.179997,-0.326012,0.32483,0.022124,-0.630983,-0.230546,0.236702,-0.142775,0.041223,-0.512341,-0.31611,-0.008666,-0.512341,0.390189,-0.420314,-0.326012,0.184389,0.297107,0.222811,-0.03279,-0.33832,0.224476,-0.018216,0.526657,-0.33832,-0.002207,0.314219,-0.332854,#
3,0.133973,0.200912,0.40636,1.0,0.250721,-0.372259,0.133973,-0.372259,0.133973,0.327545,0.227255,0.047539,0.151459,-0.262764,-0.464416,-0.682726,0.275511,-0.185765,-0.33258,-0.279637,-0.269902,-0.147121,0.417591,-0.364601,0.341851,-0.403791,-0.170867,-0.332862,0.300609,0.157095,-0.216042,-0.231997,0.233952,-0.498984,-0.320767,0.133973,-0.356037,-0.171876,-0.572743,0.236676,0.274061,-0.326313,-0.126759,0.760129,0.316643,-0.349194,-0.057489,0.287999,0.426572,0.453816,-0.175643,-0.216042,0.133973,0.385934,0.462088,-0.157892,-0.02103,-0.233788,0.446551,-0.089109,-0.12864,0.177191,-0.413746,-0.323501,0.013619,-0.131267,0.047539,-0.126948,-0.299444,-0.455415,-0.20381,-0.201755,0.090756,-0.197456,-0.161123,0.521068,-0.255818,-0.219814,-0.214629,-0.161123,-0.142337,-0.218111,-0.161123,0.320608,-0.218111,-0.263625,0.709191,-0.128656,-0.509295,-0.348067,-0.077231,-0.348067,-0.420101,-0.32655,-0.218111,0.378054,0.442982,-0.33345,-0.1252,-0.228859,-0.268784,-0.353287,-0.33345,-0.298372,-0.252575,-0.493908,0.992659,-0.19196,-0.214629,0.178963,0.522832,0.133973,-0.233625,-0.423342,-0.197456,-0.310937,-0.155265,-0.258987,0.414922,-0.237198,-0.318012,-0.077231,-0.310937,-0.318012,-0.249874,-0.219814,-0.318012,-0.407485,0.25326,-0.255818,-0.161123,-0.33388,-0.1252,0.317608,-0.077231,0.446487,0.0,-0.197456,0.038497,-0.161123,-0.298372,0.436943,0.362537,-0.413746,-0.214629,-0.339085,-0.155265,0.275237,-0.219814,-0.128656,-0.161123,-0.33345,-0.155265,-0.298372,-0.258987,-0.19196,-0.22416,0.232023,0.645887,-0.314991,0.610052,0.246338,-0.284424,-0.19196,-0.246507,0.362454,-0.609363,-0.306198,0.208563,-0.200698,0.308121,-0.349249,0.236878,-0.161123,0.219453,-0.33345,-0.457152,0.187338,0.362454,0.212847,-0.603108,0.1109,0.054237,-0.227961,0.1109,-0.19131,-0.360499,-0.161123,-0.303933,0.005807,0.532062,0.077369,0.013821,0.189017,-0.26804,0.23418,0.013821,-0.218111,-0.107674,0.090756,#
4,0.435175,0.632611,0.022738,0.250721,1.0,-0.257915,-0.271984,-0.257915,-0.271984,0.399206,-0.209698,-0.271984,0.344555,0.644925,-0.249667,-0.073394,0.57859,-0.467639,0.601815,-0.804397,-0.188441,-0.216805,0.250832,-0.18268,-0.810156,-0.404474,-0.335612,0.383593,0.395216,-0.405121,-0.453562,0.516961,-0.407878,-0.071371,-0.359203,0.407976,0.232713,0.318145,-0.078104,-0.534027,0.591237,-0.141212,0.204743,0.54565,-0.232948,-0.328323,0.222939,0.345938,0.104147,0.01991,-0.321435,-0.453562,0.407976,-0.080868,-0.160931,-0.807267,-0.436549,0.374775,-0.573404,-0.278816,0.21514,-0.285583,0.174758,-0.198935,0.373918,0.23511,0.380778,0.213618,0.083393,-0.043165,-0.565159,-0.63806,0.407976,-0.811107,-0.445671,0.501747,-0.35199,-0.78935,0.257956,-0.419272,-0.360152,-0.630495,-0.419272,-0.088647,-0.630495,-0.610399,-0.085538,-0.612831,-0.237775,0.07511,0.240693,0.092601,-0.243848,0.077845,-0.630495,-0.398396,-0.198722,-0.249831,-0.44556,-0.228039,0.468108,0.265923,-0.249831,-0.182402,-0.828451,-0.665873,0.257956,-0.652671,0.257956,0.020203,0.153757,0.407976,-0.352914,0.020617,-0.394841,0.081621,-0.116328,-0.125378,0.237566,0.136454,0.221531,0.240693,-0.369334,0.221531,0.306276,-0.376459,-0.570466,0.284943,-0.282783,0.515231,-0.445671,0.237566,-0.44556,0.339715,0.240693,0.07511,0.0,-0.811107,-0.595925,-0.419272,-0.182402,0.344852,0.237566,0.174758,0.257956,-0.421184,-0.136103,0.582945,-0.78935,-0.134752,-0.445671,-0.249831,-0.136103,-0.590407,-0.125378,-0.134752,-0.165482,0.804162,-0.105458,-0.610399,-0.134192,0.0,-0.421558,-0.632751,0.225603,0.406571,-0.407976,-0.807243,-0.080588,0.515231,0.090707,0.22256,-0.533884,-0.445671,-0.293592,-0.249831,-0.428618,-0.120306,-0.00428,-0.333796,0.115106,-0.440448,0.365719,0.251467,0.079958,-0.523426,0.646404,-0.419272,-0.402169,-0.311674,0.064276,0.081994,0.36358,0.81187,0.373719,0.087379,0.36358,-0.116328,-0.402148,0.407976,#
5,-0.272078,-0.40802,-0.380213,-0.372259,-0.257915,1.0,0.39478,1.0,0.39478,-0.815516,-0.218485,-0.272078,-0.534208,0.274769,0.591573,-0.005666,0.189513,-0.245621,0.2327,0.154396,0.250174,0.706512,-0.149426,-0.549381,0.042124,0.022437,0.495278,0.11725,-0.409452,-0.405261,0.279983,0.550935,0.612421,-0.0367,-0.397374,-0.272078,-0.148675,0.183049,0.377635,-0.091866,-0.266329,-0.210506,0.259476,-0.453214,-0.33272,0.145459,-0.06817,-0.434451,-0.300209,0.003527,0.393688,0.279983,-0.272078,0.044276,0.241015,0.521536,0.282424,0.488256,-0.133304,0.381371,0.321792,0.074688,-0.270797,0.699497,-0.101923,0.278388,-0.272078,0.460485,0.076821,0.102164,-0.167727,0.422137,0.39478,0.11667,0.319208,-0.325795,0.56694,0.55222,-0.380552,0.319208,0.11667,0.43695,0.319208,-0.071724,0.43695,0.270413,-0.085959,-0.065273,0.190286,0.109788,0.319208,0.109788,0.178258,-0.336937,0.43695,0.404712,-0.157986,0.591314,-0.352953,-0.223877,0.006742,-0.134448,0.591314,-0.157986,0.11667,0.179066,-0.380552,-0.065273,-0.380552,-0.404189,-0.486286,-0.272078,0.127951,0.028124,0.11667,0.141685,0.43695,-0.085959,-0.149873,0.214321,-0.142666,0.319208,0.098659,-0.142666,-0.449732,0.55222,0.253628,-0.427562,0.272853,-0.326596,0.319208,-0.149873,-0.352953,-0.392065,0.319208,-0.36246,0.0,0.11667,0.161345,0.319208,-0.157986,-0.069591,-0.554036,-0.270797,-0.380552,0.213572,0.43695,-0.258087,0.55222,-0.065273,0.319208,0.591314,0.43695,0.282642,0.451859,-0.553676,-0.085745,-0.138093,-0.085959,-0.125882,0.102956,-0.41612,0.034892,-0.065273,0.282642,0.033158,0.632182,0.494704,-0.089507,0.56694,-0.162296,0.040493,0.365108,0.319208,-0.629619,0.591314,0.014694,-0.068433,0.033158,0.066042,0.125023,0.126266,0.435189,-0.162307,0.126266,0.028738,-0.121386,0.319208,0.432458,-0.203217,0.098659,0.135838,-0.216674,-0.511432,-0.034377,0.126829,-0.216674,-0.047916,0.365828,0.39478,#
6,-0.111111,-0.166627,-0.332854,0.133973,-0.271984,0.39478,1.0,0.39478,1.0,-0.33304,-0.267162,-0.111111,-0.218159,-0.407807,0.407976,-0.213709,-0.271948,0.148587,0.301212,0.228281,0.26741,0.333231,0.271803,-0.407791,0.351979,-0.333053,0.180921,-0.10447,-0.333201,-0.1655,0.144824,0.189707,0.650171,-0.330965,-0.498922,-0.111111,0.244461,0.086646,-0.218033,0.518869,0.394225,-0.401069,0.095343,-0.161187,-0.26819,0.20119,-0.024532,-0.322481,0.244353,0.322715,0.13868,0.144824,-0.111111,-0.327489,0.237192,0.140198,0.148253,0.151213,0.284823,0.133749,0.058315,-0.111111,-0.071392,0.271803,-0.043769,0.15861,-0.111111,0.165808,-0.027376,0.30565,0.153919,0.19574,-0.111111,0.200063,0.082469,-0.506211,0.200063,0.194306,0.089413,0.082469,0.200063,0.142566,0.082469,-0.218107,0.142566,0.252468,0.148393,0.148393,-0.271981,0.20596,0.082469,0.20596,-0.272031,0.212009,0.142566,0.310366,0.258841,-0.272163,0.089413,0.188248,-0.64524,-0.407871,-0.272163,0.258841,0.200063,0.398178,0.089413,0.148393,0.089413,-0.165063,0.24692,-0.111111,0.20596,-0.333069,0.200063,-0.508492,0.142566,0.148393,0.265403,-0.481999,-0.407832,0.082469,0.200063,-0.407832,-0.953499,0.194306,0.252468,-0.582025,0.373407,-0.508492,0.082469,0.265403,0.089413,-0.331283,0.082469,0.20596,0.0,0.200063,0.367167,0.082469,0.258841,-0.393811,-0.408008,-0.071392,0.089413,0.178435,0.142566,0.408248,0.194306,0.148393,0.082469,-0.272163,0.142566,0.258841,0.148393,-0.665376,0.129572,-0.213046,0.148393,-0.407832,0.228013,0.333333,-0.333075,0.148393,0.258841,0.297218,-0.166667,0.388965,-0.218107,0.200063,-0.284695,0.106596,0.494925,0.082469,-0.294849,-0.272163,0.325405,0.491473,0.297218,0.219365,-0.188092,0.636682,-0.132803,-0.417064,0.636682,0.188248,-0.428571,0.082469,-0.33309,-0.149278,0.200063,-0.185518,-0.142134,-0.245144,-0.689655,-0.166582,-0.142134,-0.66531,0.051743,-0.111111,#
7,-0.272078,-0.40802,-0.380213,-0.372259,-0.257915,1.0,0.39478,1.0,0.39478,-0.815516,-0.218485,-0.272078,-0.534208,0.274769,0.591573,-0.005666,0.189513,-0.245621,0.2327,0.154396,0.250174,0.706512,-0.149426,-0.549381,0.042124,0.022437,0.495278,0.11725,-0.409452,-0.405261,0.279983,0.550935,0.612421,-0.0367,-0.397374,-0.272078,-0.148675,0.183049,0.377635,-0.091866,-0.266329,-0.210506,0.259476,-0.453214,-0.33272,0.145459,-0.06817,-0.434451,-0.300209,0.003527,0.393688,0.279983,-0.272078,0.044276,0.241015,0.521536,0.282424,0.488256,-0.133304,0.381371,0.321792,0.074688,-0.270797,0.699497,-0.101923,0.278388,-0.272078,0.460485,0.076821,0.102164,-0.167727,0.422137,0.39478,0.11667,0.319208,-0.325795,0.56694,0.55222,-0.380552,0.319208,0.11667,0.43695,0.319208,-0.071724,0.43695,0.270413,-0.085959,-0.065273,0.190286,0.109788,0.319208,0.109788,0.178258,-0.336937,0.43695,0.404712,-0.157986,0.591314,-0.352953,-0.223877,0.006742,-0.134448,0.591314,-0.157986,0.11667,0.179066,-0.380552,-0.065273,-0.380552,-0.404189,-0.486286,-0.272078,0.127951,0.028124,0.11667,0.141685,0.43695,-0.085959,-0.149873,0.214321,-0.142666,0.319208,0.098659,-0.142666,-0.449732,0.55222,0.253628,-0.427562,0.272853,-0.326596,0.319208,-0.149873,-0.352953,-0.392065,0.319208,-0.36246,0.0,0.11667,0.161345,0.319208,-0.157986,-0.069591,-0.554036,-0.270797,-0.380552,0.213572,0.43695,-0.258087,0.55222,-0.065273,0.319208,0.591314,0.43695,0.282642,0.451859,-0.553676,-0.085745,-0.138093,-0.085959,-0.125882,0.102956,-0.41612,0.034892,-0.065273,0.282642,0.033158,0.632182,0.494704,-0.089507,0.56694,-0.162296,0.040493,0.365108,0.319208,-0.629619,0.591314,0.014694,-0.068433,0.033158,0.066042,0.125023,0.126266,0.435189,-0.162307,0.126266,0.028738,-0.121386,0.319208,0.432458,-0.203217,0.098659,0.135838,-0.216674,-0.511432,-0.034377,0.126829,-0.216674,-0.047916,0.365828,0.39478,#
8,-0.111111,-0.166627,-0.332854,0.133973,-0.271984,0.39478,1.0,0.39478,1.0,-0.33304,-0.267162,-0.111111,-0.218159,-0.407807,0.407976,-0.213709,-0.271948,0.148587,0.301212,0.228281,0.26741,0.333231,0.271803,-0.407791,0.351979,-0.333053,0.180921,-0.10447,-0.333201,-0.1655,0.144824,0.189707,0.650171,-0.330965,-0.498922,-0.111111,0.244461,0.086646,-0.218033,0.518869,0.394225,-0.401069,0.095343,-0.161187,-0.26819,0.20119,-0.024532,-0.322481,0.244353,0.322715,0.13868,0.144824,-0.111111,-0.327489,0.237192,0.140198,0.148253,0.151213,0.284823,0.133749,0.058315,-0.111111,-0.071392,0.271803,-0.043769,0.15861,-0.111111,0.165808,-0.027376,0.30565,0.153919,0.19574,-0.111111,0.200063,0.082469,-0.506211,0.200063,0.194306,0.089413,0.082469,0.200063,0.142566,0.082469,-0.218107,0.142566,0.252468,0.148393,0.148393,-0.271981,0.20596,0.082469,0.20596,-0.272031,0.212009,0.142566,0.310366,0.258841,-0.272163,0.089413,0.188248,-0.64524,-0.407871,-0.272163,0.258841,0.200063,0.398178,0.089413,0.148393,0.089413,-0.165063,0.24692,-0.111111,0.20596,-0.333069,0.200063,-0.508492,0.142566,0.148393,0.265403,-0.481999,-0.407832,0.082469,0.200063,-0.407832,-0.953499,0.194306,0.252468,-0.582025,0.373407,-0.508492,0.082469,0.265403,0.089413,-0.331283,0.082469,0.20596,0.0,0.200063,0.367167,0.082469,0.258841,-0.393811,-0.408008,-0.071392,0.089413,0.178435,0.142566,0.408248,0.194306,0.148393,0.082469,-0.272163,0.142566,0.258841,0.148393,-0.665376,0.129572,-0.213046,0.148393,-0.407832,0.228013,0.333333,-0.333075,0.148393,0.258841,0.297218,-0.166667,0.388965,-0.218107,0.200063,-0.284695,0.106596,0.494925,0.082469,-0.294849,-0.272163,0.325405,0.491473,0.297218,0.219365,-0.188092,0.636682,-0.132803,-0.417064,0.636682,0.188248,-0.428571,0.082469,-0.33309,-0.149278,0.200063,-0.185518,-0.142134,-0.245144,-0.689655,-0.166582,-0.142134,-0.66531,0.051743,-0.111111,#
9,0.354185,0.51172,0.599444,0.327545,0.399206,-0.815516,-0.33304,-0.815516,-0.33304,1.0,-0.058166,0.327753,0.19991,-0.024381,-0.815234,0.118977,-0.029142,0.162594,-0.004131,-0.291905,-0.001028,-0.891171,-0.008406,0.395132,-0.244694,-0.199238,-0.634549,-0.22926,0.194099,0.50578,-0.356269,-0.243031,-0.49944,-0.195955,0.250638,0.327753,-0.025846,0.390593,-0.653522,-0.198051,0.406294,0.056461,-0.386395,0.698046,0.500235,-0.297288,-0.083014,0.60679,0.129249,0.218948,-0.432788,-0.356269,0.327753,0.163737,-0.407116,-0.583343,-0.331512,-0.517988,-0.00114,-0.393503,-0.396947,-0.002643,0.217383,-0.849607,0.294659,-0.32847,0.301322,0.102552,-0.21809,-0.286364,0.084852,-0.502888,-0.33304,-0.217337,-0.380591,0.62,-0.681359,-0.645937,0.307506,-0.354937,-0.200481,-0.523414,-0.354937,0.237102,-0.523414,-0.413017,0.009793,0.009793,-0.4224,-0.266573,0.286424,-0.249575,-0.001458,0.189631,-0.523414,-0.194303,0.387734,-0.394937,0.307506,0.125618,-0.10323,-0.017166,-0.394937,0.403594,-0.234192,-0.416772,0.307506,-0.028924,0.307506,0.491807,0.7669,0.327753,-0.232577,-0.208736,0.187195,-0.259971,-0.02374,-0.028924,-0.021485,0.076773,-0.020328,0.286424,-0.234192,0.372362,0.376055,-0.662656,-0.397309,0.351676,-0.47412,0.625438,-0.380591,0.379002,0.307506,0.57785,0.286424,0.201379,0.0,-0.217337,-0.361527,-0.354937,0.403594,0.318519,0.379002,0.217383,0.307506,-0.314109,-0.042958,0.398177,-0.645937,0.474395,-0.380591,-0.394937,-0.042958,-0.42953,-0.561849,0.474395,0.001072,0.26962,-0.009565,-0.020328,-0.228274,0.190308,0.18836,-0.009565,-0.033026,0.174472,-0.49956,-0.636441,0.22046,-0.259971,0.332389,-0.086216,-0.653732,-0.380591,0.321694,-0.394937,-0.230938,-0.267734,-0.224797,-0.187298,-0.003076,-0.546564,-0.356989,0.394765,-0.040828,-0.113217,-0.047783,-0.354937,-0.206017,0.28576,0.187195,-0.033835,0.267111,0.638506,-0.062117,-0.018115,0.267111,-0.02374,-0.355731,-0.33304,#
10,-0.267162,-0.400647,-0.086858,0.227255,-0.209698,-0.218485,-0.267162,-0.218485,-0.267162,-0.058166,1.0,0.226507,-0.055923,-0.542307,0.216807,-0.272933,-0.188913,-0.50262,-0.599854,-0.02195,0.219409,-0.020016,-0.554088,0.203682,0.31428,0.784888,0.053786,-0.305802,0.508625,0.491993,0.069912,-0.746921,-0.400647,0.31428,0.104316,-0.267162,-0.535973,-0.338547,0.413897,0.419308,-0.654184,-0.048964,-0.355197,0.146724,0.165358,0.501281,-0.684112,-0.424219,0.531187,-0.372617,0.151095,0.069912,-0.267162,0.35002,0.401865,0.463681,0.260741,-0.589837,0.174203,0.140049,-0.131943,0.09583,0.358245,-0.110107,-0.702365,-0.136796,-0.267162,-0.469154,-0.685906,-0.346568,-0.074158,0.257493,0.458822,0.045316,0.281191,0.108732,0.045316,0.521225,0.298451,0.281191,-0.269497,0.404896,0.281191,-0.04044,0.404896,-0.092377,0.419359,-0.143623,0.528047,0.055806,-0.423444,0.055806,0.536527,-0.432194,0.404896,0.375307,-0.223243,0.234734,-0.452683,0.263406,-0.228576,0.212378,0.234734,-0.223243,0.045316,0.081604,0.298451,-0.143623,0.298451,0.209767,-0.34033,-0.267162,-0.438539,0.363805,-0.417644,0.045316,-0.122959,0.419359,-0.541041,-0.005477,0.364432,-0.423444,0.535508,0.226374,0.357226,0.208966,0.657805,0.432005,-0.175664,0.072549,0.281191,-0.68184,-0.452683,-0.458417,-0.423444,0.550151,0.0,0.045316,0.361313,0.281191,-0.223243,0.1025,-0.241843,0.358245,0.298451,-0.403724,-0.122959,-0.654411,0.521225,-0.675328,0.281191,0.234734,-0.122959,-0.248867,-0.143623,-0.143623,-0.644007,-0.094657,0.419359,0.200996,0.35806,-0.069694,-0.069838,-0.143623,-0.98071,-0.804666,-0.400743,-0.143205,0.754378,-0.732456,-0.182591,-0.807266,-0.058537,0.281191,0.591925,0.234734,-0.078161,-0.012845,-0.347729,0.084294,-0.375449,0.18521,0.461625,0.255867,-0.393571,-0.304279,-0.068789,0.281191,0.361394,0.263003,0.072549,0.526341,-0.248887,-0.526626,-0.114476,-0.400539,-0.248887,0.404896,0.293457,0.458822,#
11,-0.111111,-0.166627,0.286409,0.047539,-0.271984,-0.272078,-0.111111,-0.272078,-0.111111,0.327753,0.226507,1.0,-0.218159,-0.407807,-0.271984,0.328537,-0.271948,0.148587,-0.404329,0.228281,0.26741,-0.397539,-0.407705,0.258534,0.351979,0.312399,0.237459,0.156705,-0.333201,0.750033,0.144824,-0.507747,-0.166627,0.351979,0.234787,-0.111111,-0.407434,0.129969,-0.218033,-0.218161,-0.272071,-0.401069,0.182018,0.231951,0.45275,0.026242,-0.484508,0.467914,0.244353,-0.333209,-0.20802,0.144824,-0.111111,0.247053,-0.407352,0.331378,0.061045,-0.604851,0.231585,-0.211409,-0.983027,-0.111111,0.071392,-0.407705,0.35015,-0.94285,-0.111111,-0.183261,-0.48364,-0.399695,0.18738,0.19574,-0.111111,0.200063,0.082469,0.240658,0.200063,0.194306,0.089413,0.082469,-0.508492,0.142566,0.082469,-0.218107,0.142566,-0.407832,0.148393,0.148393,0.388544,0.20596,0.082469,0.20596,0.37931,0.212009,0.142566,0.310366,0.258841,-0.272164,0.089413,0.188248,-0.076894,0.258841,-0.272164,0.258841,0.200063,0.398178,0.089413,0.148393,0.089413,-0.165063,0.24692,-0.111111,0.20596,0.317756,0.200063,0.200063,0.142566,0.148393,-0.408008,-0.104782,-0.407832,0.082469,0.200063,0.252468,0.12512,-0.508503,0.252468,0.116405,-0.326732,0.200063,0.082469,0.265403,0.089413,0.429772,0.082469,0.20596,0.0,0.200063,0.367167,0.082469,0.258841,0.296374,0.265403,0.071392,0.089413,0.178435,0.142566,-0.272166,0.194306,0.148393,0.082469,-0.272164,0.142566,0.258841,0.148393,0.148393,0.298578,-0.213046,0.148393,0.252468,0.228013,0.333333,0.310366,0.148393,-0.407871,-0.35841,-0.166667,0.262129,0.481481,-0.508492,-0.284695,-0.489088,-0.218103,0.082469,0.354818,-0.272164,0.325405,-0.245737,-0.35841,-0.254938,-0.188092,-0.193773,-0.132803,0.28536,-0.193773,0.188248,-0.428571,0.082469,0.29708,0.992259,0.200063,0.639005,-0.142134,-0.245144,0.152672,-0.166582,-0.142134,0.142566,0.051744,-0.111111,#
12,-0.218159,0.222061,-0.202439,0.151459,0.344555,-0.534208,-0.218159,-0.534208,-0.218159,0.19991,-0.055923,-0.218159,1.0,0.065955,-0.112657,0.074552,-0.107392,0.120464,0.135244,-0.044496,-0.364922,0.01195,0.498578,0.059572,-0.20898,-0.237281,-0.008212,0.278411,0.640521,-0.324949,-0.460326,-0.077737,-0.327161,0.23187,0.441255,0.528962,0.51505,-0.473083,0.018165,0.028387,0.361854,0.099154,0.243149,-0.02781,-0.061197,-0.037879,0.514332,0.238438,-0.041366,-0.213186,-0.512175,-0.460326,0.528962,-0.256676,0.082935,-0.564596,0.178497,0.174884,0.078111,-0.461506,0.22205,0.155401,0.044164,0.04167,0.208368,0.083899,0.499077,-0.406765,0.361038,0.125842,-0.194574,-0.733548,-0.218159,-0.064571,0.161922,-0.046798,-0.064571,-0.544741,0.175558,-0.563229,-0.064571,-0.263304,-0.563229,-0.428239,-0.263304,0.051712,-0.233938,-0.233938,-0.107639,0.40439,-0.534223,-0.076085,-0.534115,0.416266,-0.263304,-0.653972,0.077847,-0.534378,0.175558,-0.160074,0.330996,0.077847,-0.534378,-0.370457,-0.083629,-0.101476,0.175558,0.291361,0.175558,0.142067,0.009437,0.528962,-0.056866,-0.233844,-0.064571,-0.083629,-0.784799,0.291361,0.521102,-0.007328,0.495704,-0.534223,-0.083629,0.069472,0.216654,-0.091068,-0.37452,0.150282,-0.189567,-0.064571,0.161922,0.086406,0.175558,0.175557,-0.534223,0.40439,0.0,-0.064571,-0.373979,-0.563229,-0.370457,-0.309136,0.521102,0.044164,0.175558,-0.163861,-0.241575,0.362353,-0.544741,-0.233938,0.161922,-0.534378,-0.241575,0.077847,0.291361,0.291361,0.254406,-0.01719,-0.255826,0.051712,-0.345651,0.206205,-0.221316,-0.255826,0.077847,0.188566,-0.327239,-0.26541,-0.428239,-0.064571,0.276026,0.415891,0.032038,0.161922,0.374071,-0.534378,0.196091,0.520822,0.188566,-0.247008,0.223544,0.191347,-0.260751,0.077342,0.191347,-0.160074,0.489374,-0.563229,-0.654001,-0.293098,-0.064571,-0.364252,0.454923,0.499942,0.264362,0.216981,0.454923,-0.263304,-0.566427,-0.218159,#
13,0.289758,0.414809,0.041868,-0.262764,0.644925,0.274769,-0.407807,0.274769,-0.407807,-0.024381,-0.542307,-0.407807,0.065955,1.0,-0.143828,0.179918,0.660095,-0.221422,0.545949,-0.471462,-0.257107,0.094439,0.179173,-0.24044,-0.769482,-0.379536,-0.068396,0.43851,-0.02852,-0.607429,-0.212082,0.818206,-0.07826,-0.04072,-0.151653,0.262928,0.178398,0.341027,0.116594,-0.800709,0.241599,0.133194,0.321679,0.03968,-0.240651,-0.45567,0.458636,0.293608,-0.528941,0.029522,-0.08853,-0.212082,0.262928,-0.004023,-0.249389,-0.460247,-0.299228,0.678221,-0.625787,-0.052923,0.390045,-0.072439,-0.186179,0.179173,0.45128,0.320433,0.236099,0.473698,0.46801,0.045985,-0.427249,-0.342667,0.262928,-0.496567,-0.256422,0.310857,-0.043679,-0.482758,-0.274813,-0.230382,-0.05173,-0.383263,-0.230382,0.10374,-0.383263,-0.236345,-0.378892,-0.358086,-0.136977,-0.089518,0.42063,-0.072264,-0.149135,-0.082932,-0.383263,-0.383486,-0.264967,0.266158,-0.247054,-0.473434,0.743009,0.193375,0.266158,-0.248868,-0.513676,-0.552887,-0.274813,-0.397386,-0.274813,-0.187327,-0.191001,0.262928,-0.036741,0.034758,-0.085948,0.384049,0.123929,-0.418191,0.169683,0.476676,0.145371,0.42063,-0.531791,0.145371,0.323789,-0.075468,-0.635881,0.061836,-0.103126,0.340773,-0.256422,0.169683,-0.247054,0.340728,0.42063,-0.564512,0.0,-0.496567,-0.627929,-0.230382,-0.248868,0.304489,0.169683,-0.186179,-0.274813,-0.031392,0.104422,0.2333,-0.482758,0.113506,-0.256422,0.266158,0.104422,-0.208148,0.122753,0.113506,0.070192,0.525748,-0.398542,-0.236345,-0.333389,-0.418539,0.021386,-0.377736,0.596791,0.44496,0.434637,-0.334442,-0.353354,0.811777,0.242676,0.491165,-0.326518,-0.256422,-0.597078,0.266158,-0.403347,-0.365514,0.039683,-0.277157,0.4309,-0.608261,0.277382,0.137809,-0.094916,-0.219351,0.588714,-0.230382,0.032824,-0.384626,-0.104064,-0.087352,0.269414,0.553403,0.626448,0.414878,0.269414,0.123929,-0.169298,0.262928,#
14,-0.271984,-0.407878,-0.814779,-0.464416,-0.249667,0.591573,0.407976,0.591573,0.407976,-0.815234,0.216807,-0.271984,-0.112657,-0.143828,1.0,0.004685,-0.230192,-0.28474,0.257067,0.128317,0.275057,0.668303,-0.198935,-0.148754,0.009002,0.418377,0.475392,0.305809,-0.01923,-0.405121,0.251284,0.124972,0.091973,0.380002,-0.285926,-0.271984,0.267287,-0.263,0.801871,0.332684,-0.258242,-0.106245,0.283245,-0.690964,-0.656491,0.600974,-0.120852,-0.789389,0.157628,-0.414247,0.341591,0.251284,-0.271984,-0.432467,0.248023,0.382964,0.201731,0.374775,-0.198085,0.32951,0.347691,-0.271983,0.356506,0.666667,-0.42106,0.390413,-0.271984,-0.207209,0.02755,0.4633,-0.031125,0.400085,0.407976,0.082641,0.281067,-0.765147,0.541758,0.527245,0.298604,0.281067,0.082641,0.40831,0.281067,-0.533895,0.40831,0.238645,-0.125378,-0.104287,0.595389,0.556636,-0.352499,0.556636,0.195078,0.104832,0.40831,-0.004633,-0.590407,0.18321,-0.404913,0.284753,-0.043374,0.274563,0.18321,-0.141122,0.082641,0.589635,-0.433053,-0.104287,0.298604,-0.40405,-0.747578,-0.271984,0.09363,0.427333,-0.333625,0.108148,-0.066307,0.423006,-0.191022,-0.238025,0.262414,-0.352499,0.541758,-0.125503,-0.27248,0.527245,0.666495,0.076935,0.185667,-0.308118,0.281067,-0.132843,-0.404913,-0.810933,-0.352499,0.07511,0.0,0.082641,0.40054,0.281067,-0.141122,-0.516781,-0.603126,0.356506,0.298604,0.127915,-0.066307,-0.249833,0.527245,-0.582365,0.281067,0.18321,-0.066307,0.250563,0.423006,-0.602285,-0.129627,-0.130377,-0.125378,-0.165435,0.062939,-0.016319,-0.381719,-0.104287,-0.141122,-0.42155,0.122393,0.383958,-0.080588,0.125492,-0.640478,0.037605,0.321357,0.281067,-0.189612,0.18321,0.418187,0.372948,-0.010699,0.018867,0.099279,0.623403,0.40798,-0.173018,0.102997,-0.010634,0.276576,0.281067,0.027546,-0.255788,-0.35199,0.114792,-0.259203,-0.54007,-0.076033,-0.407768,-0.259203,-0.086082,0.288153,0.407976,#
15,-0.213709,-0.320486,-0.33799,-0.682726,-0.073394,-0.005666,-0.213709,-0.005666,-0.213709,0.118977,-0.272933,0.328537,0.074552,0.179918,0.004685,1.0,-0.067781,0.317475,0.273975,0.460107,0.069244,-0.009398,-0.334736,0.537046,-0.30328,0.194704,-0.112964,0.366383,-0.192938,0.12848,0.310344,0.086975,-0.320486,0.696594,0.495395,-0.213709,0.231586,0.314651,0.136326,-0.419606,-0.045109,0.255348,0.193333,-0.314537,-0.163996,0.386965,-0.012852,0.310036,-0.107696,-0.640888,0.100026,0.310344,-0.213709,-0.349496,-0.783492,-0.052321,0.084868,-0.07271,-0.47156,-0.62213,-0.24537,-0.213708,0.350459,0.192727,0.319145,-0.412069,0.551815,0.151063,0.163027,0.3314,-0.165985,-0.183558,-0.213709,-0.072269,0.205967,-0.094576,-0.072269,-0.079635,0.219645,0.205967,-0.418059,0.309679,0.205967,-0.419502,0.309679,0.192341,-0.882634,-0.239519,0.321235,0.427513,0.205967,0.427513,0.309399,0.439422,0.309679,-0.326617,0.000225,-0.015625,0.219645,-0.167249,0.23792,0.067776,-0.015625,0.527122,0.415905,0.333523,-0.638402,0.321145,0.219645,0.180062,-0.074739,-0.213709,-0.064797,0.191339,0.415905,0.415905,0.309679,0.321145,-0.320793,0.311028,0.192341,0.205967,0.415905,0.514581,0.305058,0.061595,0.059654,0.397657,-0.541332,0.415905,0.205967,0.540037,0.219645,0.166043,0.205967,-0.137195,0.0,-0.072269,-0.416571,0.205967,0.527122,-0.420623,0.007846,0.350459,0.219645,0.438328,0.309679,-0.054692,-0.079635,0.321145,0.205967,-0.015625,0.309679,0.067776,0.321145,0.321145,0.373743,-0.409768,-0.32197,0.514581,-0.745224,0.143536,0.181889,0.321145,0.201752,-0.174912,0.301425,0.127925,-0.078088,0.070115,-0.1091,0.231125,-0.419494,0.205967,-0.212754,-0.015625,0.654792,-0.435962,-0.656735,-0.119309,0.252431,-0.331376,-0.20587,0.48332,0.278928,-0.167249,0.202193,0.205967,0.170825,0.335517,-0.144059,0.084028,0.563076,0.094246,0.33294,-0.3204,0.563076,0.309679,-0.516922,-0.213709,#
16,0.38886,0.097379,0.014578,0.275511,0.57859,0.189513,-0.271948,0.189513,-0.271948,-0.029142,-0.188913,-0.271948,-0.107392,0.660095,-0.230192,-0.067781,1.0,-0.317059,0.182304,-0.328969,-0.565771,0.277347,0.246825,-0.205518,-0.372038,-0.385226,-0.293698,0.223235,0.004895,-0.405067,0.244362,0.532596,0.116809,-0.05059,-0.45851,-0.271948,-0.189501,0.158556,-0.056807,-0.533956,0.159649,0.140628,0.236328,0.397746,-0.33582,-0.301267,0.218427,0.351901,0.104883,0.011463,0.36619,0.244362,-0.271948,0.063871,-0.12066,-0.256699,-0.364249,0.428466,-0.55293,-0.261824,0.248488,-0.259239,-0.351102,0.261747,0.226265,0.094935,0.38886,0.251117,0.20922,0.008605,-0.719308,-0.109696,0.439691,-0.781205,-0.359722,0.523845,-0.300698,-0.308378,-0.410804,0.281654,-0.359808,-0.071744,0.281654,0.339723,-0.071744,-0.173693,-0.060551,-0.612409,-0.217746,-0.335262,0.281654,0.089704,-0.224096,-0.387962,-0.071744,0.041903,-0.165781,0.18988,-0.437101,-0.750459,0.487057,-0.149634,0.18988,-0.205253,-0.359808,-0.665784,0.299192,-0.612409,-0.410804,0.025486,-0.054598,-0.271948,-0.352568,0.013223,-0.359808,0.542095,0.408722,-0.5927,0.242744,0.193183,-0.157701,0.281654,-0.342647,-0.157701,0.147344,0.109602,-0.5504,-0.143784,0.195918,0.07875,-0.359722,-0.19762,-0.437101,0.349398,0.281654,-0.335262,0.0,-0.781205,-0.552848,0.281654,-0.205253,0.365989,0.242744,-0.351102,-0.410804,0.107286,-0.071744,0.143188,-0.308378,-0.128438,-0.359722,0.18988,-0.071744,-0.562294,-0.060551,-0.128438,-0.153218,0.420073,0.42342,-0.173693,0.128614,-0.022874,-0.394446,-0.128438,0.230731,0.441509,0.106746,-0.337128,-0.059397,0.542095,0.155981,0.083763,-0.067542,-0.359722,-0.65878,0.18988,-0.42374,-0.539617,0.025595,0.307713,-0.386413,-0.404613,0.438956,-0.09791,0.122207,-0.523013,0.273004,0.281654,0.034183,-0.25489,0.120699,0.138858,0.417777,0.37526,0.439901,0.121389,0.417777,0.408722,-0.326078,0.439691,#
17,0.148587,0.035577,0.18978,-0.185765,-0.467639,-0.245621,0.148587,-0.245621,0.148587,0.162594,-0.50262,0.148587,0.120464,-0.221422,-0.28474,0.317475,-0.317059,1.0,-0.152931,0.619706,-0.38134,-0.145191,0.416441,0.440441,0.364312,-0.323065,-0.145814,-0.043243,-0.511826,0.080052,0.315731,-0.143901,0.255283,-0.078282,0.410411,-0.106133,0.423429,-0.223463,-0.419578,0.15094,0.211088,0.447126,0.036428,-0.356749,0.076577,-0.20109,0.523728,0.329778,-0.242193,0.195981,0.066234,0.315731,-0.106134,-0.406114,-0.42752,-0.069394,-0.166602,-0.032499,0.281217,-0.175563,-0.21167,-0.063678,-0.259136,-0.075811,0.309379,-0.21884,0.148587,-0.218398,0.58168,0.431197,0.575311,0.128387,-0.955201,0.431567,-0.180575,-0.366217,-0.170397,-0.144532,-0.234262,0.066655,0.431567,-0.058104,0.066655,0.178461,-0.058104,0.465248,-0.284405,0.604476,-0.304332,-0.20637,-0.180575,-0.042559,-0.42673,0.54435,-0.058104,-0.335508,0.284707,-0.389952,0.951688,0.045184,-0.092609,-0.28171,-0.389952,0.43755,0.594002,0.390884,-0.234262,0.604476,-0.234262,0.043359,0.353373,-0.106133,0.574141,-0.21283,0.431567,-0.007962,-0.058104,-0.284405,0.418486,-0.354713,-0.407371,-0.180575,-0.179952,-0.407371,-0.216774,-0.144532,-0.255998,-0.289094,0.334389,-0.342387,-0.180575,0.418486,0.951688,0.324994,-0.180575,-0.379817,0.0,0.431567,0.060995,0.066655,0.43755,-0.407193,0.418486,-0.259136,-0.234262,0.701244,-0.243307,0.207978,-0.144532,0.604476,-0.180575,-0.389952,-0.243307,0.446541,-0.086876,0.604476,0.765203,-0.486776,-0.09785,0.465248,-0.22892,0.44576,0.219815,0.791031,0.446541,0.307283,0.28656,0.49431,-0.585699,-0.170397,0.073381,0.535457,0.320511,-0.180575,0.065875,-0.389952,0.472162,0.105158,0.307283,0.325067,0.013475,0.197784,-0.951403,-0.44367,0.197784,0.631655,-0.285319,0.066655,-0.302689,0.10233,-0.342387,-0.6281,0.111329,0.109275,-0.089511,0.070012,0.111329,-0.058104,-0.21253,-0.955201,#
18,0.219803,0.369522,-0.424794,-0.33258,0.601815,0.2327,0.301212,0.2327,0.301212,-0.004131,-0.599854,-0.404329,0.135244,0.545949,0.257067,0.273975,0.182304,-0.152931,1.0,-0.385515,0.149814,0.086095,0.189851,-0.195736,-0.770709,-0.408025,-0.139737,0.457557,-0.022957,-0.602248,-0.230319,0.791177,-0.087693,-0.003464,-0.379167,0.274075,0.642144,0.498345,0.079354,-0.325875,0.687384,-0.131765,0.291911,-0.081516,-0.553359,0.018586,0.294175,-0.022238,-0.097941,-0.012367,-0.132513,-0.230319,0.274075,-0.531524,-0.309287,-0.619745,-0.26346,0.603345,-0.620004,-0.171859,0.366835,-0.377191,0.343485,0.192506,0.34527,0.42761,0.328348,0.456309,0.311191,0.457646,-0.296315,-0.427055,0.165531,-0.473131,-0.231311,-0.172743,-0.088356,-0.531794,0.400242,-0.283988,-0.075123,-0.372557,-0.283988,-0.400711,-0.372557,-0.168377,-0.508666,-0.382405,-0.169857,0.397377,0.374467,0.362474,-0.181438,0.429758,-0.372557,-0.454056,-0.214167,-0.192757,-0.189359,0.002476,0.181508,0.124899,-0.192757,0.218765,-0.438522,-0.096379,-0.357816,-0.302908,0.400242,-0.124465,0.03523,0.274075,-0.060464,-0.038615,-0.005904,-0.105661,0.081243,0.139004,0.176364,0.035315,0.174068,0.374467,-0.053746,0.174068,-0.176917,-0.068355,-0.245213,0.122246,-0.214309,0.326957,-0.231311,0.646538,-0.189359,-0.05751,0.374467,-0.101525,0.0,-0.473131,-0.437831,-0.283988,0.218765,-0.249173,-0.251243,0.343485,0.400242,-0.060387,0.120704,0.687962,-0.531794,0.154202,-0.231311,-0.192757,0.120704,-0.188306,0.139004,-0.362531,0.104152,0.419372,-0.468917,-0.587658,-0.470019,0.024423,-0.369937,-0.342657,0.625835,0.417596,-0.056986,-0.325462,-0.413776,0.77688,-0.181771,0.573197,-0.340904,-0.231311,-0.617696,-0.192757,0.099908,0.081621,-0.043553,-0.303638,0.426639,-0.112902,0.139466,0.135631,0.471215,-0.245081,0.545437,-0.283988,-0.420597,-0.440278,-0.11584,-0.191805,0.315886,0.543647,0.050272,-0.11217,0.315886,-0.431748,-0.342464,0.165531,#
19,-0.504474,-0.756528,-0.268399,-0.279637,-0.804397,0.154396,0.228281,0.154396,0.228281,-0.291905,-0.02195,0.228281,-0.044496,-0.471462,0.128317,0.460107,-0.328969,0.619706,-0.385515,1.0,-0.106126,0.367451,-0.058601,0.32876,0.628011,0.174129,0.110853,-0.189464,-0.294566,0.246244,0.602437,-0.353671,0.363886,0.334193,0.497265,-0.504474,-0.022047,-0.278014,-0.024144,0.354746,-0.338148,0.311877,-0.029899,-0.513447,0.012654,0.44826,-0.001711,-0.031916,-0.009844,-0.263734,0.403201,0.602437,-0.504474,-0.178957,-0.135497,0.533897,0.464074,-0.260331,0.310786,-0.301055,-0.153619,0.171916,-0.182894,0.425371,-0.138772,-0.359396,0.228281,-0.165791,0.151143,0.287446,0.180268,0.287135,-0.504474,0.520348,0.495109,-0.422872,0.120731,0.497359,-0.259841,0.495109,0.053071,0.737693,0.495109,-0.088411,0.737693,0.784704,-0.361945,0.228143,0.115306,0.093927,-0.216097,0.093927,0.034111,0.114003,0.737693,0.165894,0.326679,0.05868,0.527458,-0.189646,-0.30587,-0.489023,0.05868,0.326679,0.987625,0.576879,-0.259841,0.764807,-0.259841,0.221374,-0.05351,-0.504474,0.140838,-0.181878,0.520348,0.120731,0.204915,0.174719,-0.031851,-0.034551,-0.129553,-0.216097,0.473832,-0.129553,-0.268006,0.497359,0.305902,-0.268683,0.141479,-0.460723,0.495109,-0.031851,0.527458,-0.128995,-0.216097,-0.021216,0.0,0.520348,0.118235,0.495109,0.326679,-0.616117,-0.031851,-0.182894,-0.259841,0.645268,0.204915,-0.338265,0.497359,0.228143,0.495109,0.05868,0.204915,0.434113,0.30585,0.228143,0.356803,-0.967284,0.174719,0.784704,-0.221125,0.245191,0.208136,0.764807,-0.005571,-0.171619,0.384696,0.712922,-0.134338,-0.346546,0.037023,0.027515,0.467249,0.495109,0.058182,0.05868,0.702161,-0.017452,-0.171619,0.471145,-0.218864,0.357389,-0.476642,-0.141977,0.357389,0.199686,-0.475558,0.495109,0.187698,0.242105,0.006555,-0.20051,0.239744,-0.514386,-0.210849,-0.169615,0.239744,0.204915,-0.201461,-0.504474,#
20,-0.407868,-0.135103,-0.030046,-0.269902,-0.188441,0.250174,0.26741,0.250174,0.26741,-0.001028,0.219409,0.26741,-0.364922,-0.257107,0.275057,0.069244,-0.565771,-0.38134,0.149814,-0.106126,1.0,-0.238478,-0.687185,-0.199111,-0.036142,0.442548,0.284096,-0.215238,0.011656,0.416285,-0.351654,-0.098476,-0.115246,-0.016347,0.008562,0.240399,-0.255542,0.533963,0.122684,0.11295,-0.205036,-0.55201,-0.283191,-0.006786,0.331383,0.35151,-0.702827,-0.389825,-0.067439,-0.027235,-0.306369,-0.351654,0.240399,0.320965,0.151174,0.31867,0.409587,-0.382303,0.155112,0.308467,-0.211229,0.26741,0.449506,-0.223996,-0.213868,-0.059337,-0.407868,0.424082,-0.678744,-0.372661,0.203032,0.042033,0.26741,0.356456,0.421474,-0.058033,0.338218,0.380601,0.447771,-0.20773,-0.074169,0.140942,-0.20773,-0.332437,0.140942,-0.21198,0.089721,0.110667,0.270142,0.356512,0.421474,-0.06039,0.688225,-0.088648,0.140942,0.404118,0.148349,0.274576,-0.250901,0.546693,-0.478132,0.172184,0.274576,0.205553,-0.056944,0.264611,-0.278848,0.110667,0.447771,-0.01906,0.020746,0.240399,-0.103306,0.027269,0.356456,-0.505807,0.140942,0.634329,-0.69556,0.287841,0.196872,0.421474,0.399012,0.59817,-0.113381,-0.046532,0.614222,0.226385,-0.555432,0.381787,0.421474,0.164381,-0.250901,-0.387874,0.421474,0.356512,0.0,0.356456,0.32133,-0.20773,0.205553,0.077279,-0.69556,0.449506,0.447771,-0.500703,0.612291,-0.188566,0.380601,0.110667,0.421474,0.274576,0.612291,0.148349,0.089721,-0.383902,-0.363881,-0.045577,-0.385066,-0.21198,-0.095882,-0.413271,0.405038,-0.364119,-0.256846,-0.452862,-0.085085,-0.013156,0.542924,-0.092407,-0.136552,-0.45928,-0.367271,0.421474,0.195717,0.274576,0.01827,0.068102,-0.452862,-0.548124,0.416957,-0.102961,0.282489,0.566174,-0.102961,0.00927,-0.254571,-0.20773,0.42413,0.310169,0.338218,0.417671,-0.388719,-0.389235,-0.416067,-0.139422,-0.388719,-0.350046,0.432083,0.26741,#
