0,1.0,0.671846,-0.805256,-0.254496,0.235068,0.181787,0.38388,-0.270025,0.021525,0.537083,0.329003,0.021525,-0.385555,0.397966,0.10566,-0.060315,-0.40755,-0.548898,0.777548,-0.422735,0.356268,0.061822,0.151833,0.193067,0.411944,-0.064831,-0.333889,0.336156,0.258812,0.389034,-0.371077,-0.011936,0.537083,-0.533486,0.266525,0.120756,0.287709,-0.216945,0.450362,0.0,0.101888,0.38452,-0.527223,0.206081,0.40755,0.210435,0.205232,-0.123236,0.071901,0.078397,-0.017329,-0.245736,0.050648,0.06792,0.260176,0.236374,0.131322,0.129386,-0.827525,-0.270025,0.275615,-0.286442,-0.184147,0.583855,-0.524046,0.241581,-0.345674,-0.119246,0.181096,-0.587749,0.023894,0.436225,0.120756,-0.142979,-0.234167,0.155626,-0.558295,0.226698,-0.180283,0.25023,0.081062,-0.373857,-0.018339,-0.40755,-0.018339,-0.180283,-0.033765,0.070397,0.081062,-0.387511,-0.373857,-0.373857,-0.018339,-0.430191,0.407797,-0.115186,-0.558295,-0.150978,0.081062,-0.533327,0.408727,0.389101,-0.134869,-0.814469,-0.653717,-0.44606,-0.072465,0.091285,-0.137341,0.093439,0.238325,0.40755,-0.373857,-0.221691,-0.324308,0.464363,-0.278254,-0.142979,0.212571,0.199676,-0.227978,-0.2717,-0.142979,-0.151452,-0.553827,-0.42881,0.065493,-0.452371,-0.361514,-0.29119,-0.623515,-0.562591,-0.38096,0.06715,-0.634484,-0.243593,-0.2717,0.0,0.53165,-0.373857,-0.407342,0.009941,-0.072465,-0.452371,-0.027292,-0.346134,-0.2717,-0.131549,-0.373857,-0.407342,-0.115186,0.263482,-0.533327,-0.40755,-0.084973,-0.29119,0.494609,-0.267759,-0.373857,0.064151,-0.561064,0.035019,-0.2717,-0.150978,-0.150978,0.247352,0.348904,0.106492,-0.072465,-0.665197,0.274257,0.581398,0.590936,0.070397,0.44927,-0.42881,-0.129723,-0.07235,0.247352,-0.125883,-0.074514,0.188246,-0.40085,0.622363,0.349866,0.246616,0.159877,-0.393145,0.138604,0.492923,-0.125883,0.591529,0.529621,0.042242,-0.698304,0.630855,0.606866,-0.430191,-0.021952,-0.072465,#
1,0.671846,1.0,-0.457183,-0.163679,0.177831,-0.155778,0.534619,-0.231649,-0.005915,0.796988,0.089408,-0.390974,-0.304807,0.454649,0.224946,0.089408,0.401452,-0.207107,0.816023,0.022301,0.39279,0.262666,0.225959,-0.109449,0.01899,-0.325696,-0.709852,0.053383,0.15634,0.117243,-0.205534,0.286081,0.796988,-0.356043,0.223335,-0.095394,0.225094,-0.70113,0.419495,0.0,0.421326,0.361397,-0.418384,0.279698,0.280884,-0.108683,0.10954,-0.058969,0.362961,0.35349,-0.028062,-0.10199,0.401815,-0.027165,0.349105,0.308912,0.332876,-0.509319,-0.519541,-0.231649,0.407562,0.215653,-0.106203,-0.028924,-0.327726,0.182192,-0.302485,-0.394297,-0.437856,-0.367004,-0.401734,-0.03847,-0.095394,-0.245363,-0.577679,-0.081769,-0.272921,-0.272921,0.132462,0.561557,0.329108,-0.132314,-0.018234,-0.612114,-0.018234,0.132462,-0.018234,-0.104279,0.329108,-0.42638,-0.132314,-0.132314,-0.018234,-0.347584,0.582535,0.063702,-0.272921,-0.655569,0.329108,0.066218,0.120778,0.551364,0.156558,-0.440677,-0.46302,-0.043642,-0.350416,-0.216909,-0.383933,-0.230479,0.148209,0.280884,-0.132314,0.238142,-0.104279,0.303709,0.217402,-0.245363,0.273881,-0.296758,-0.183114,-0.408076,-0.245363,-0.244262,-0.52738,-0.329709,0.321262,-0.493299,-0.251673,-0.195517,-0.30105,-0.670973,-0.562087,0.024912,-0.46302,-0.16758,-0.408076,0.0,0.464011,-0.132314,-0.110102,-0.018234,-0.350416,-0.493299,-0.42638,-0.205534,-0.408076,0.153368,-0.132314,-0.110102,0.063702,0.356004,0.066218,-0.612114,0.014514,-0.195517,0.612514,0.032757,-0.132314,0.401452,-0.395932,0.399171,-0.408076,-0.655569,-0.655569,0.543768,0.534349,-0.053323,-0.350416,-0.59521,-0.252414,0.833881,0.246615,-0.104279,0.381788,-0.329709,0.049214,-0.382352,0.543768,-0.429085,0.030309,0.236272,-0.176043,0.37161,0.0459,-0.3043,0.208526,-0.143932,-0.185349,0.055438,-0.448091,0.636313,-0.105276,-0.035148,-0.4642,0.284603,0.233228,-0.347584,-0.043551,0.534297,#
2,-0.805256,-0.457183,1.0,0.419224,-0.473729,-0.415059,-0.217881,0.219765,-0.169624,-0.710242,-0.21206,-0.201886,0.279622,-0.560127,-0.437986,0.236051,0.436293,0.449756,-0.623248,0.19518,-0.217731,0.232828,-0.406919,-0.048986,-0.179086,0.240257,0.106965,-0.636893,-0.38546,-0.659904,0.398284,-0.16885,-0.268887,0.615216,-0.473503,0.036024,-0.465341,0.059707,-0.171594,0.0,-0.084056,-0.353309,0.474901,-0.211679,-0.336226,-0.020748,-0.335811,-0.088616,0.18939,-0.279508,-0.146795,0.331853,-0.072012,-0.197511,-0.341715,-0.293394,0.155276,-0.170605,0.646186,0.219765,-0.329872,0.372142,0.534127,-0.573527,0.637302,-0.36387,-0.042886,0.187326,0.004365,0.554758,-0.157327,-0.179517,-0.484326,-0.050553,0.026145,-0.159008,0.818229,0.079845,0.40111,-0.040877,0.201751,0.666414,0.167437,0.016011,0.167437,-0.052238,0.151075,0.213372,0.183879,0.667618,0.183879,0.183879,0.167437,0.348513,-0.033098,-0.026748,0.818229,0.055558,0.183879,0.616269,-0.016776,-0.28938,0.385734,0.994626,0.483273,0.570782,0.265531,0.092634,0.265067,-0.364117,-0.464542,-0.336226,0.666414,0.359256,0.648784,-0.199034,0.428526,-0.050553,-0.392569,0.104679,0.461368,0.357574,-0.050553,0.036983,0.411959,0.32751,0.197995,0.256506,0.357712,0.383517,0.38432,0.394532,0.213372,0.144207,0.503674,0.350028,0.330889,0.0,-0.515703,0.666414,0.418354,0.22834,0.265531,0.285108,0.270248,0.398284,0.330889,0.382997,0.666414,0.418354,0.503674,-0.38727,0.598138,0.516347,0.499372,0.383517,-0.631929,0.065573,0.666414,-0.084057,0.798408,0.157039,0.330889,0.055558,0.055558,-0.509134,-0.282247,0.209869,0.248062,0.350028,-0.362516,-0.279362,-0.36149,0.213372,-0.161544,0.32751,0.23853,-0.219832,-0.509134,-0.011484,-0.226408,-0.058462,0.455451,-0.502769,-0.651093,-0.337744,-0.510898,0.197995,-0.374631,-0.254445,0.084213,-0.424199,-0.610955,-0.187613,0.647255,-0.382549,-0.369489,0.348513,-0.108737,0.160716,#
3,-0.254496,-0.163679,0.419224,1.0,-0.163679,-0.666113,-0.53395,0.253508,-0.392908,-0.354551,-0.099028,-0.42422,0.302772,-0.699242,0.207159,-0.099028,0.116546,0.309516,-0.027478,-0.380215,0.03104,0.167693,-0.6659,-0.229463,-0.010798,0.339889,-0.138949,-0.194551,-0.190537,-0.53373,0.325424,-0.265393,-0.354551,0.369811,-0.240616,0.116546,-0.273904,0.339654,-0.005881,0.0,0.116546,-0.174204,0.342525,0.329135,-0.271939,0.111833,-0.175753,0.011599,0.09659,-0.349535,0.004854,0.2502,0.131463,0.166118,0.329553,-0.32188,0.013372,0.066535,0.136061,0.253508,-0.375173,-0.285485,0.583222,0.110723,-0.02941,-0.497404,0.168264,0.47706,0.094277,0.451185,0.339969,0.387918,0.077697,0.225324,0.142739,0.108041,0.672696,0.261006,0.264816,-0.167289,0.099737,0.550719,0.399653,0.097121,0.399653,-0.175186,0.002647,0.536369,0.082391,0.409667,0.082391,0.082391,0.399653,0.299755,-0.103016,-0.094051,0.672696,0.2379,0.082391,0.372485,0.40781,0.338126,0.252934,0.431414,-0.074251,0.012047,0.347575,0.221991,-0.067625,-0.221226,-0.175186,-0.271939,0.550719,0.157585,0.536369,0.137554,0.227863,0.225324,-0.291621,0.284036,0.17013,0.401435,0.225324,0.312675,0.506907,0.282663,-0.326429,-0.239848,0.213245,0.190189,-0.142593,0.657306,0.536369,0.374168,0.420755,0.162092,-0.271939,0.0,-0.326493,0.550719,0.101509,-0.4023,0.347575,0.454158,0.409667,0.325424,-0.271939,0.26891,0.550719,0.101509,0.420755,-0.414366,-0.085056,0.097121,0.432657,0.190189,-0.658181,-0.049781,0.550719,0.116546,0.753457,-0.004016,-0.271939,0.2379,0.2379,-0.593421,0.354887,0.540371,0.33062,0.162092,0.22987,0.070999,0.177071,0.536369,0.011573,0.282663,-0.533797,-0.094982,-0.593421,0.406484,-0.528906,0.587748,0.652572,-0.391306,-0.513546,0.282663,-0.251892,-0.326429,0.156336,-0.011462,-0.095065,-0.675213,0.06948,-0.0139,0.526684,0.193754,0.169858,0.299755,-0.246836,-0.076297,#
4,0.235068,0.177831,-0.473729,-0.163679,1.0,0.266122,0.112302,-0.231649,0.025506,0.375569,0.517279,0.410566,-0.304807,-0.049173,0.224946,0.089408,-0.095394,0.142554,0.463141,-0.042848,-0.036586,-0.689223,0.258403,0.312807,0.40715,0.095826,-0.077073,0.190609,0.15634,0.551285,-0.36317,0.011987,-0.080238,-0.356043,-0.082696,-0.095394,0.393578,-0.275601,-0.018532,0.0,0.421326,-0.37969,-0.437661,0.279698,0.280884,0.219717,-0.350917,0.077956,-0.171432,0.811794,-0.41608,-0.387441,0.401815,0.752246,0.422405,-0.239972,-0.11178,-0.09014,-0.109135,-0.231649,-0.301623,-0.390807,-0.49044,0.311966,-0.191525,0.182192,0.641366,-0.362499,-0.394504,-0.486529,-0.045586,-0.054725,-0.095394,0.163878,-0.172005,-0.06703,-0.679457,-0.289439,-0.694731,-0.27367,-0.551339,-0.569086,-0.034482,0.401452,-0.034482,-0.261219,0.387962,-0.121887,-0.107665,-0.821871,-0.107665,-0.107665,-0.034482,-0.309999,0.080467,-0.414624,-0.679457,-0.249895,-0.107665,0.091225,0.081444,0.092058,-0.662938,-0.418111,0.091839,-0.020817,-0.801446,0.208959,-0.383933,0.651838,0.148209,0.280884,-0.569086,-0.589332,-0.537632,0.285352,-0.192881,0.163878,0.048979,-0.313524,-0.999083,0.254385,0.163878,-0.31886,-0.394961,-0.292344,-0.101189,0.41559,-0.251673,-0.195517,-0.261219,-0.261732,-0.121887,-0.382741,-0.434883,0.243603,-0.408076,0.0,-0.221863,-0.569086,-0.110102,0.004333,-0.801446,-0.322883,-0.44245,-0.36317,-0.408076,0.180992,-0.569086,-0.110102,-0.434883,0.393589,-0.3589,-0.115268,-0.428157,-0.195517,0.174825,0.447217,-0.569086,0.401452,-0.55684,-0.416153,-0.408076,-0.249895,-0.249895,0.615776,0.066218,0.01041,-0.367763,0.243603,0.150482,0.334978,0.229762,-0.121887,-0.406911,-0.292344,-0.375904,0.513683,0.615776,0.074011,0.10495,-0.180992,-0.140262,0.403845,0.530154,0.36827,0.679148,-0.101189,0.226904,-0.361413,-0.420141,0.256133,0.328851,-0.009752,-0.664894,-0.194858,-0.168853,-0.309999,-0.01549,0.100614,#
5,0.181787,-0.155778,-0.415059,-0.666113,0.266122,1.0,0.367829,0.367455,0.417642,0.103882,-0.077346,0.828956,-0.278694,0.517475,-0.222415,-0.077346,-0.408248,-0.220349,0.092935,-0.038605,0.039143,-0.26302,0.182948,0.121436,0.027601,-0.064942,0.515551,0.441423,-0.150254,0.80126,-0.477422,-0.011261,0.103882,-0.077792,0.233997,0.102062,0.328794,-0.174824,-0.01236,0.0,0.102062,0.216789,-0.071277,-0.0,0.408248,-0.216582,0.398261,-0.084381,-0.386194,0.111414,-0.401722,0.250408,-0.40804,0.014608,-0.371414,0.49047,-0.340773,0.5442,-0.391178,0.367455,0.29557,-0.259973,-0.339399,0.05305,-0.200619,0.392032,-0.166742,-0.0,0.222635,-0.668908,0.10974,0.055653,0.102062,0.26154,0.166667,0.088855,-0.57496,-0.174373,-0.570846,-0.158507,-0.334178,-0.789876,-0.398661,0.102062,-0.398661,-0.142712,0.018542,-0.341609,-0.334178,-0.403457,-0.334178,-0.334178,-0.398661,-0.393754,-0.087304,-0.069358,-0.57496,0.250001,-0.334178,-0.53424,-0.087137,-0.080642,-0.150809,-0.398661,-0.069358,-0.393859,-0.089087,-0.223565,-0.080642,0.202371,0.261638,0.408248,-0.789876,-0.237933,-0.341609,0.02095,-0.292502,0.26154,0.641659,-0.205687,-0.24401,-0.272166,0.26154,0.186638,-0.145074,-0.368425,0.107199,0.344236,-0.466634,-0.237933,-0.142712,-0.158792,-0.341609,0.035786,-0.589546,0.178315,0.408248,0.0,0.236252,-0.789876,0.116583,0.412568,-0.089087,-0.385077,-0.403457,-0.477422,0.408248,-0.147537,-0.789876,0.116583,-0.589546,0.301107,-0.071917,0.102062,-0.062113,-0.237933,0.346796,0.097447,-0.789876,-0.408248,-0.500814,0.004689,0.408248,0.250001,0.250001,0.291354,-0.53424,0.07637,-0.089087,0.178315,0.268979,-0.267474,0.129823,-0.341609,0.021151,-0.368425,-0.071917,0.389105,0.291354,-0.08038,0.400743,-0.646694,-0.367508,0.635692,0.812045,0.283994,0.202777,0.107199,-0.242764,0.0,-0.08038,0.189663,0.111473,0.036518,-0.441711,0.12627,0.179555,-0.393754,0.005764,-0.089087,#
6,0.38388,0.534619,-0.217881,-0.53395,0.112302,0.367829,1.0,0.175007,0.648015,0.426085,0.066465,0.236294,-0.540122,0.364165,-0.529455,0.52396,0.203999,0.111819,0.326384,-0.214472,-0.189347,0.144338,0.350707,-0.040092,0.259174,0.079775,-0.163088,0.101903,0.083582,0.553549,-0.489121,-0.121371,0.426085,-0.42837,0.292462,0.225249,0.135352,-0.782434,0.634081,0.0,0.225249,0.208882,-0.170086,0.046327,0.518497,-0.048864,0.255498,-0.336538,-0.147509,0.434,-0.239372,0.28436,-0.327081,-0.054443,0.173053,0.419273,-0.021358,-0.029904,-0.542454,0.175007,0.243966,0.495269,-0.064173,0.003314,-0.076428,0.250311,-0.522201,0.0017,-0.082278,-0.760661,-0.183041,0.167723,-0.327248,-0.346074,-0.534394,0.410908,-0.383856,-0.367175,-0.379835,0.066204,-0.057033,-0.550402,-0.653989,-0.327248,-0.653989,-0.379835,-0.202297,-0.50917,-0.057033,-0.248474,-0.550402,-0.550402,-0.653989,-0.561977,0.311435,-0.231895,-0.383856,-0.350482,-0.057033,0.026311,-0.193134,0.062858,0.075358,-0.243798,-0.231895,-0.239079,-0.428468,-0.056262,-0.42825,-0.075945,-0.362998,0.518497,-0.550402,-0.112949,-0.06464,-0.140232,0.308735,-0.346074,0.266659,-0.40913,-0.118902,-0.218165,-0.346074,-0.396465,-0.376339,-0.529445,0.420454,0.146259,-0.354844,-0.534031,-0.379835,-0.801153,-0.998677,-0.168298,-0.795086,-0.07689,-0.218165,0.0,0.236889,-0.550402,-0.327081,0.634493,-0.428468,-0.643344,-0.654166,-0.489121,-0.218165,0.534493,-0.550402,-0.327081,-0.231895,0.190327,0.026311,-0.327248,0.266405,-0.534031,0.24456,0.287678,-0.550402,-0.327248,-0.528139,0.192415,-0.218165,-0.350482,-0.350482,0.518773,-0.428242,-0.013743,-0.428468,-0.534129,0.075066,0.445809,0.32706,-0.50917,0.625214,-0.529445,0.026311,0.039802,0.518773,-0.747602,0.494454,-0.54691,-0.332849,0.754282,0.497706,-0.502278,-0.101897,-0.076948,-0.53401,-0.198348,-0.239558,0.793727,-0.062085,0.184867,-0.61743,0.32304,0.339098,-0.561977,-0.179303,0.517501,#
7,-0.270025,-0.231649,0.219765,0.253508,-0.231649,0.367455,0.175007,1.0,0.340936,-0.147915,-0.553244,0.340936,0.025596,0.017114,-0.193175,0.05232,0.084382,0.311788,-0.106108,-0.359956,-0.093491,0.19157,-0.420457,-0.473313,-0.319475,0.174997,0.343744,0.290257,-0.349274,0.294426,-0.1659,-0.216203,-0.147915,0.294551,0.275274,0.225019,0.05723,-0.094353,0.228218,0.0,0.225019,0.212424,0.590393,0.230713,0.150012,-0.462828,0.514484,-0.082683,-0.309875,-0.272505,-0.318954,0.961828,-0.594391,-0.189218,-0.065013,0.475423,-0.354356,0.568582,-0.300181,1.0,0.120113,-0.050152,0.437224,-0.170566,-0.165869,-0.014405,-0.314187,0.697554,0.245422,-0.238566,0.443573,0.391104,0.225018,0.435041,0.252625,0.445313,0.3234,-0.22859,-0.229427,-0.236948,-0.143727,-0.269314,-0.316827,0.084382,-0.316827,-0.229427,-0.316827,-0.143986,-0.269314,0.228696,-0.269314,-0.269314,-0.316827,-0.112771,-0.200502,-0.04938,0.3234,0.436312,-0.269314,0.046718,-0.05567,0.294469,0.440292,0.226122,-0.192741,-0.435467,0.294618,-0.318778,-0.413925,-0.329188,-0.117991,0.150012,-0.269314,0.255732,0.444417,-0.184753,0.250031,0.435041,0.587092,-0.242562,0.257349,-0.037503,0.435041,0.546842,0.59222,-0.103649,-0.150529,0.051456,-0.281125,-0.301633,-0.229427,0.435041,-0.143986,0.448738,-0.192741,0.250882,0.150012,0.0,-0.041431,-0.269314,0.224904,0.226122,0.294618,0.051456,-0.308298,-0.1659,0.150012,0.323715,-0.269314,0.224904,-0.192741,-0.112771,0.17413,0.084382,0.667589,-0.301633,-0.31504,0.236046,-0.269314,-0.618803,0.338148,0.339846,0.150012,0.436312,0.436312,-0.253238,-0.427538,0.544206,0.171861,0.250882,0.450473,-0.201752,0.24647,-0.143986,0.367224,-0.103649,-0.547873,0.205142,-0.253238,-0.050635,0.211278,-0.315667,0.273461,0.26096,0.3217,0.07615,-0.315667,-0.150529,-0.402977,-0.248964,-0.185128,-0.442754,-0.153608,0.260225,0.298798,0.365389,0.388593,-0.112771,-0.249408,0.171861,#
8,0.021525,-0.005915,-0.169624,-0.392908,0.025506,0.417642,0.648015,0.340936,1.0,0.217584,-0.203161,0.218572,-0.286137,0.107274,-0.376294,0.213974,-0.0155,0.374664,-0.098861,-0.262241,-0.571924,0.075967,0.410066,-0.361932,0.227227,0.236568,0.343811,0.31079,0.002046,0.66421,-0.42548,-0.366336,-0.226787,-0.220298,0.373537,0.50763,-0.241018,-0.314319,0.175507,0.0,0.003875,0.356902,0.063822,0.281463,0.33842,0.05008,0.601531,-0.487327,-0.738396,0.227302,0.197191,0.305622,-0.499625,0.191905,0.321289,0.526978,-0.629841,0.241339,-0.238273,0.340936,0.33124,0.323259,-0.187073,0.212494,-0.20885,-0.184567,-0.319188,0.283653,0.034869,-0.577029,0.218281,0.180396,0.003875,-0.393919,-0.404986,0.621556,-0.424428,-0.409219,-0.416765,-0.432758,-0.216944,-0.666788,-0.998986,0.003875,-0.998986,-0.416765,-0.587142,-0.632861,-0.666788,-0.222028,-0.666788,-0.666788,-0.998986,-0.344726,-0.520408,0.011082,-0.424428,0.009494,-0.666788,-0.239699,-0.473248,-0.206382,-0.005726,-0.213138,0.011082,-0.620672,-0.214783,0.054251,-0.206382,0.042822,-0.401413,0.33842,-0.666788,-0.431812,-0.227548,-0.737935,0.39406,-0.393919,0.116451,-0.439144,-0.0204,-0.333253,-0.393919,-0.051188,-0.011963,-0.323622,0.222109,0.46165,-0.205701,-0.392967,0.00587,-0.393919,-0.632861,-0.157866,-0.502423,-0.398995,-0.333253,0.0,0.3326,-0.666788,-0.499625,0.175826,-0.214783,-0.258293,-0.591929,-0.42548,-0.333253,0.414518,-0.666788,-0.499625,-0.502423,-0.344726,-0.239699,-0.49988,-0.002358,-0.392967,-0.081318,0.24711,-0.666788,-0.49988,-0.506265,-0.227244,-0.333253,0.009494,0.009494,0.423227,-0.654151,-0.217156,-0.654496,-0.398995,0.405454,-0.246667,-0.0293,-0.632861,0.580497,-0.323622,-0.239699,0.242261,0.423227,-0.466276,0.662964,-0.412101,0.059302,0.511247,0.659768,-0.298851,0.020704,0.222109,-0.397729,-0.207873,-0.003052,0.404317,0.218495,0.199456,-0.351548,0.356866,0.397807,-0.344726,-0.402475,0.208018,#
9,0.537083,0.796988,-0.710242,-0.354551,0.375569,0.103882,0.426085,-0.147915,0.217584,1.0,-0.048939,-0.193262,-0.21231,0.652814,0.534912,-0.048939,0.318071,-0.116159,0.653726,0.169769,0.200601,-0.014052,0.51992,-0.294828,-0.200068,-0.491726,-0.478896,0.43764,0.355606,0.443926,-0.278165,0.428925,0.513669,-0.524224,0.532598,-0.212047,0.430241,-0.519859,0.22726,0.0,0.339276,0.379092,-0.337311,0.262727,0.226184,-0.294329,0.318564,0.15486,0.056805,0.529503,0.197397,-0.153909,0.318514,0.053872,0.47551,0.408777,0.021167,-0.396442,-0.423177,-0.147915,0.480859,0.159878,-0.439486,0.036004,-0.499049,0.335572,0.024975,-0.376596,-0.557376,-0.380953,-0.184931,-0.213906,0.339276,-0.077626,-0.346272,0.038973,-0.561049,-0.561049,-0.128484,0.32932,0.014727,-0.477594,-0.239813,-0.212047,-0.239813,0.334059,-0.239813,-0.447761,0.014727,-0.675351,0.014727,0.014727,-0.239813,-0.279108,0.181385,0.189733,-0.561049,-0.519411,0.014727,-0.073641,-0.31188,0.44399,-0.10281,-0.690546,-0.372261,-0.266919,-0.518252,-0.409958,-0.553941,0.055377,0.350861,0.226184,-0.477594,0.074151,-0.447761,-0.009793,0.052531,-0.077626,0.472461,-0.58536,-0.375348,-0.508913,-0.077626,-0.130616,-0.369229,-0.264718,0.006364,-0.330928,-0.27732,-0.388549,-0.128484,-0.531738,-0.447761,-0.193312,-0.372261,-0.358774,-0.508913,0.0,0.486382,-0.477594,-0.227683,-0.239813,-0.518252,-0.330928,-0.675351,-0.278165,-0.508913,-0.106106,-0.477594,-0.227683,-0.372261,0.471597,-0.073641,-0.76337,-0.387144,-0.388549,0.747199,0.234427,-0.477594,0.318071,-0.679451,0.205547,-0.508913,-0.519411,-0.519411,0.795073,0.425838,-0.389869,-0.518252,-0.358774,-0.07093,0.532313,0.083914,-0.447761,0.198844,-0.264718,-0.091785,-0.051551,0.795073,-0.339965,0.399405,0.077427,-0.287093,0.299916,0.405379,-0.237608,0.521496,0.006364,0.079761,-0.147876,-0.360243,0.504152,0.053268,0.20485,-0.433828,0.124613,0.083388,-0.279108,0.102994,0.425707,#
10,0.329003,0.089408,-0.21206,-0.099028,0.517279,-0.077346,0.066465,-0.553244,-0.203161,-0.048939,1.0,0.213974,-0.674112,-0.200851,-0.17402,0.035153,-0.327246,-0.34521,0.179516,-0.208742,0.160736,-0.159314,-0.103508,0.881192,0.641221,0.543091,0.071566,-0.422123,0.060083,0.060096,0.241264,0.130331,-0.048939,-0.428367,-0.526312,-0.327246,0.06887,0.005071,0.210403,0.0,0.232517,-0.622693,-0.762966,-0.168228,0.528186,0.294491,-0.694138,-0.218937,-0.097614,0.415398,-0.233911,-0.568496,0.19551,0.442352,0.198833,-0.686651,-0.009338,-0.054201,-0.073838,-0.553244,-0.5493,-0.180971,-0.468525,0.444635,0.425939,0.226037,0.316231,-0.258352,0.213683,-0.214143,-0.32357,0.162005,-0.327246,0.103247,-0.094925,-0.023881,-0.353514,0.068993,-0.374294,-0.370229,-0.044645,-0.063871,0.201632,0.210987,0.201632,-0.374294,0.659266,0.42452,0.435987,-0.218956,-0.063871,-0.063871,0.201632,-0.530607,0.342541,-0.217754,-0.353514,0.094924,0.435987,0.059381,0.301114,0.069319,-0.335619,-0.213953,0.330898,0.211463,-0.428466,0.770135,0.023602,0.302779,-0.374294,0.528186,-0.063871,-0.534027,-0.025857,0.406785,-0.532515,0.103247,-0.439629,0.085364,-0.534126,0.499481,0.103247,-0.795276,-0.221486,0.217931,-0.036827,0.079014,0.408842,-0.107408,-0.374294,-0.357817,-0.071424,-0.652603,-0.2397,0.374561,-0.218164,0.0,-0.331635,-0.063871,-0.327079,0.24368,-0.428466,0.079014,0.19207,-0.498729,-0.218164,0.115151,-0.063871,-0.327079,0.330898,0.231591,-0.428239,0.210987,-0.191295,-0.107408,-0.060691,-0.235636,-0.063871,0.210988,-0.287351,-0.653974,-0.218164,0.094924,0.094924,0.104717,0.032291,0.068121,0.041343,-0.088691,0.069397,0.370602,0.399216,0.42452,-0.211703,0.217931,0.032291,0.027598,0.104717,0.319493,-0.431002,-0.084855,-0.333351,0.223212,0.045441,0.217931,-0.084855,-0.540771,0.329407,-0.181323,0.319493,0.38149,0.402098,-0.233737,-0.540421,-0.098553,-0.084441,-0.530607,-0.155883,-0.428465,#
11,0.021525,-0.390974,-0.201886,-0.42422,0.410566,0.828956,0.236294,0.340936,0.218572,-0.193262,0.213974,1.0,-0.286137,0.147354,-0.376294,0.213974,-0.49988,-0.047387,-0.098861,-0.230484,-0.153322,-0.518213,0.022451,0.375105,0.21209,0.22013,0.501035,0.31079,0.002046,0.66421,-0.399866,-0.15185,-0.193262,-0.203604,0.075185,0.003875,0.464188,0.010648,0.175507,0.0,0.003875,-0.306144,0.025484,-0.240477,0.33842,-0.050349,-0.043945,0.085789,-0.314732,0.227302,-0.590243,0.207577,-0.499625,0.10455,-0.276126,-0.008133,-0.196342,0.65,-0.270922,0.340936,-0.285971,-0.293647,-0.172089,0.178253,0.030983,0.486225,0.122493,0.193752,0.351851,-0.557608,0.264576,0.23322,0.003875,0.419985,0.401822,0.229843,-0.402062,-0.00662,-0.800568,-0.393549,-0.625456,-0.642758,-0.191138,0.488255,-0.191138,-0.377933,0.220706,-0.203706,-0.192914,-0.200269,-0.192914,-0.192914,-0.191138,-0.308084,0.024308,-0.455242,-0.402062,0.40499,-0.192914,-0.21532,-0.003308,-0.206382,-0.385958,-0.191138,0.038513,-0.181849,-0.214783,0.037643,-0.206382,0.464478,0.021222,0.33842,-0.642758,-0.392967,-0.203706,0.17479,-0.446388,0.419985,0.353251,-0.030511,-0.398995,0.312586,0.419985,-0.051188,0.00525,-0.287194,-0.189742,0.483802,-0.339608,-0.392967,-0.377933,0.005054,-0.203706,-0.157866,-0.474993,0.418771,0.33842,0.0,-0.309563,-0.642758,0.018259,0.60967,-0.214783,-0.236141,-0.200269,-0.399866,0.33842,0.021329,-0.642758,0.018259,-0.474993,0.377851,-0.197766,0.488255,0.056599,-0.392967,-0.032552,0.271451,-0.642758,-0.49988,-0.29235,-0.18897,0.33842,0.40499,0.40499,0.050949,-0.654151,0.248844,0.208018,0.418771,0.415274,-0.177183,0.381453,-0.203706,-0.162314,-0.287194,-0.197766,0.670473,0.050949,0.024197,0.277071,-0.791845,-0.449995,0.542674,0.686531,0.356844,0.046714,-0.189742,0.00418,-0.181889,0.024197,0.033675,0.229076,0.224215,-0.38204,-0.03266,0.031881,-0.308084,0.137004,-0.214783,#
12,-0.385555,-0.304807,0.279622,0.302772,-0.304807,-0.278694,-0.540122,0.025596,-0.286137,-0.21231,-0.674112,-0.286137,1.0,-0.199022,0.32026,0.090142,0.113777,0.384499,-0.310342,0.275247,-0.292723,-0.311534,0.190288,-0.58259,-0.402986,-0.570115,-0.298949,0.330217,0.285389,-0.409396,-0.188736,-0.255774,-0.21231,0.335102,0.324122,0.255997,0.024919,0.40399,-0.384075,0.0,-0.597326,0.174538,0.739953,-0.082887,-0.967099,0.196418,0.128337,0.578771,0.414804,-0.339129,0.289668,0.002905,0.11778,-0.263611,-0.155267,0.067559,0.388696,-0.086871,0.419161,0.025596,0.03281,-0.032604,0.526287,-0.239019,-0.355869,-0.269503,0.18696,0.079645,-0.271455,0.583935,0.419684,-0.238463,0.255997,-0.193287,0.301918,-0.205903,0.396653,0.396653,0.401044,0.398914,-0.220841,0.41416,0.285512,0.113776,0.285512,0.401044,-0.41212,-0.21981,-0.34784,0.28813,0.41416,0.41416,0.285512,0.970421,-0.275752,-0.121617,0.396653,-0.185824,-0.34784,0.084466,-0.113696,-0.423502,-0.194388,0.285512,-0.266592,0.171836,0.335178,-0.533666,0.215613,0.194648,0.513732,-0.967099,0.41416,0.305028,-0.21981,-0.137206,0.299132,-0.193287,-0.096567,0.390602,0.306672,-0.018963,-0.193287,0.622125,0.024637,-0.180757,-0.229047,0.017889,-0.319828,0.305028,0.401044,0.509575,0.536225,0.510515,0.60325,-0.406065,0.170665,0.0,-0.077064,0.41416,0.255866,-0.41212,0.335178,0.017889,0.28813,0.939334,0.170665,-0.314709,0.41416,0.255866,-0.266592,-0.1915,0.213313,0.113776,-0.138486,0.305028,-0.119023,0.29445,0.41416,0.113776,0.408253,0.400516,0.170665,-0.185824,-0.185824,-0.303715,0.213313,-0.184713,0.211038,0.300134,-0.165063,-0.347226,-0.42814,-0.21981,-0.274833,-0.180757,0.091625,0.201952,-0.303715,-0.121609,0.207992,0.298601,0.250935,-0.587778,-0.387403,0.00107,0.298601,0.539183,0.189595,0.373836,-0.257616,-0.519253,-0.190287,0.280603,0.584739,-0.244137,-0.263451,0.970421,0.536562,0.211038,#
13,0.397966,0.454649,-0.560127,-0.699242,-0.049173,0.517475,0.364165,0.017114,0.107274,0.652814,-0.200851,0.147354,-0.199022,1.0,0.275389,-0.205217,0.076053,-0.540378,0.298029,0.381159,0.424556,0.156328,0.373274,-0.075408,-0.495517,-0.621034,-0.08303,0.37029,0.156182,0.382895,-0.112786,0.637264,0.652814,-0.310424,0.483194,-0.405616,0.50219,-0.312112,0.121266,0.0,0.101404,0.44574,-0.221797,-0.209582,0.25351,-0.613367,0.424752,0.230553,0.144738,0.087778,0.08632,0.04017,-0.054296,-0.48985,-0.276765,0.54332,0.082899,-0.084269,-0.389494,0.017114,0.630257,0.189202,-0.432786,-0.257828,-0.20808,0.662156,-0.283174,-0.342745,-0.131337,-0.2761,-0.283181,-0.326575,0.380265,0.171109,0.082796,-0.145093,-0.403857,-0.383957,0.015952,0.464105,0.186763,-0.401824,-0.111688,-0.278861,-0.111688,0.568938,-0.111688,-0.368107,0.186763,-0.325126,0.186763,0.186763,-0.111688,-0.272316,0.276125,0.407007,-0.403857,-0.144894,0.186763,-0.359818,-0.341382,0.263525,0.143984,-0.552685,-0.264877,-0.141504,-0.077449,-0.615667,-0.215953,-0.164899,0.48859,0.25351,-0.401824,0.379421,-0.262042,0.068948,-0.301084,0.171109,0.741438,-0.395653,0.055364,-0.625325,0.171109,0.033549,-0.204385,-0.094372,0.071005,-0.407231,-0.210922,-0.274223,0.015952,-0.371799,-0.368107,-0.080556,-0.264877,-0.142782,0.25351,0.0,0.527473,-0.401824,0.109316,0.103628,-0.077449,-0.226078,-0.421924,-0.280353,0.25351,-0.51164,-0.401824,0.109316,-0.264877,0.625179,0.237327,-0.278861,-0.243764,-0.274223,0.892505,-0.092997,-0.401824,-0.050702,-0.521843,0.423347,0.25351,-0.144894,-0.144894,0.465527,0.128871,-0.369223,-0.077449,-0.142782,-0.217779,0.148609,-0.030455,-0.368107,0.112296,-0.094372,0.345783,-0.174388,0.465527,-0.228177,0.361373,-0.259324,-0.597914,0.239315,0.371889,-0.224014,0.16948,0.071005,-0.044173,0.046238,0.014261,0.369953,-0.201434,0.120509,-0.201977,0.009801,-0.015741,-0.272316,0.31356,0.121705,#
14,0.10566,0.224946,-0.437986,0.207159,0.224946,-0.222415,-0.529455,-0.193175,-0.376294,0.534912,-0.17402,-0.376294,0.32026,0.275389,1.0,-0.529452,0.132074,-0.171432,0.292736,0.32992,0.354044,-0.132954,0.116523,-0.302362,-0.485775,-0.529031,-0.272375,0.35357,0.232876,-0.078539,0.189078,0.508355,0.061613,-0.067157,0.267496,-0.404475,0.298347,0.240666,-0.353373,0.0,0.132074,0.173387,-0.083429,0.221833,-0.26965,-0.295344,0.109718,0.474691,0.167092,0.068849,0.385246,-0.306742,0.548062,0.075025,0.290651,0.032829,0.007956,-0.293752,0.087004,-0.193175,0.227504,-0.312238,-0.304344,0.005006,-0.416388,0.088779,0.49772,-0.277355,-0.434403,0.346081,0.050788,-0.324638,0.668623,0.31106,0.215675,-0.298238,-0.122734,-0.219931,0.21257,0.224152,0.04566,0.04566,0.363296,0.132074,0.363296,0.662718,-0.075359,0.035349,0.04566,-0.3747,0.524789,0.524789,0.363296,0.264761,-0.143573,0.392905,-0.122734,-0.114579,0.04566,-0.070214,-0.133582,0.398055,-0.122734,-0.39404,-0.15403,-0.066933,-0.061244,-0.379712,-0.182824,0.091218,0.662718,-0.26965,0.04566,0.215529,-0.310011,0.09912,-0.215119,0.31106,0.260519,-0.20427,-0.216138,-0.26965,0.31106,0.308056,0.084517,0.248003,-0.426896,-0.453481,0.048931,0.092369,0.21257,0.31106,0.510726,0.016462,0.392905,-0.240807,-0.26965,0.0,0.217784,0.04566,0.116684,-0.808325,-0.061244,0.313331,-0.059514,0.189078,-0.26965,-0.571843,0.04566,0.116684,-0.15403,0.264761,-0.070214,-0.404476,-0.547572,0.092369,0.439682,-0.010785,0.04566,0.544804,-0.10025,0.054418,-0.26965,-0.114579,-0.114579,0.235416,0.769027,-0.303758,-0.061244,0.203234,-0.090156,0.066606,-0.202413,0.035349,-0.369282,0.248003,-0.176157,-0.058607,0.235416,0.378916,-0.06036,0.556057,0.06985,-0.415861,-0.058607,0.248003,0.556057,0.056149,0.549989,0.004428,-0.134199,-0.332058,0.086777,0.064133,0.220033,-0.158932,-0.211852,0.264761,0.252217,-0.061244,#
15,-0.060315,0.089408,0.236051,-0.099028,0.089408,-0.077346,0.52396,0.05232,0.213974,-0.048939,0.035153,0.213974,0.090142,-0.205217,-0.529452,1.0,0.210987,0.574703,-0.134147,-0.208742,-0.648447,-0.378073,0.362348,-0.070993,0.237547,0.028616,-0.438517,0.108798,0.525865,0.078181,-0.498729,-0.425514,-0.048939,-0.428367,0.303233,0.232517,0.320745,-0.321454,0.634077,0.0,-0.327246,-0.359744,0.388082,-0.377352,-0.218164,0.313215,-0.267784,0.268578,0.259968,0.415398,-0.233911,0.146801,-0.327079,-0.139285,0.198833,-0.202642,0.473099,-0.054201,-0.073838,0.05232,-0.468987,0.531944,0.447213,-0.021635,0.031339,0.220524,-0.03141,0.217016,-0.150283,-0.214143,0.208854,0.162005,-0.327246,-0.357817,-0.094925,0.428044,0.068993,0.085893,-0.374294,0.077612,-0.544503,-0.063871,-0.213953,0.210987,-0.213953,-0.374294,-0.213953,-0.521801,-0.063871,0.19207,-0.063871,-0.063871,-0.213953,0.189246,0.310619,-0.788351,0.068993,-0.362123,-0.063871,0.519912,-0.221074,-0.428248,-0.378367,0.201632,-0.2397,0.211463,-0.428466,-0.068484,-0.428248,0.398568,-0.357235,-0.218164,-0.063871,-0.107408,-0.071424,-0.062752,0.319802,-0.357817,-0.224146,0.050048,-0.113437,0.499481,-0.357817,-0.391215,-0.2387,-0.539809,-0.064824,0.333779,-0.36489,-0.534027,-0.374294,-0.357817,-0.521801,-0.161924,-0.2397,-0.088691,-0.218164,0.0,-0.50153,-0.063871,-0.327079,0.633842,-0.428466,-0.466208,-0.218956,0.241264,-0.218164,0.534101,-0.063871,-0.327079,-0.2397,0.189246,0.032291,0.210987,0.264667,-0.534027,-0.263898,0.705609,-0.063871,-0.327246,-0.049653,0.203551,-0.218164,-0.362123,-0.362123,0.075169,-0.428239,-0.021633,0.041343,-0.088691,0.069397,0.370602,0.320103,-0.521801,0.206572,-0.539809,0.032291,0.491523,0.075169,-0.762037,0.506225,-0.547282,-0.333351,0.223212,0.045441,-0.512284,-0.096416,-0.064824,-0.087413,-0.192872,-0.247311,0.352072,-0.068192,0.608112,-0.187482,-0.098553,-0.084441,0.189246,0.381562,0.529944,#
16,-0.40755,0.401452,0.436293,0.116546,-0.095394,-0.408248,0.203999,0.084382,-0.0155,0.318071,-0.327246,-0.49988,0.113777,0.076053,0.132074,0.210987,1.0,0.439045,0.036585,0.527969,0.02397,0.253104,0.092027,-0.403689,-0.499548,-0.326986,-0.468472,-0.322481,-0.112014,-0.327113,0.184314,0.349389,0.318071,0.211264,-0.01711,-0.25,-0.063582,-0.597738,-0.007569,0.0,0.375,-0.014751,0.174593,0.080945,-0.166667,-0.404409,-0.091457,0.091863,0.359975,0.324077,-0.011714,0.217236,0.392657,-0.147604,0.110648,0.110474,0.253858,-0.76353,0.35932,0.084382,0.16566,0.636801,0.130503,-0.758009,0.225785,-0.064018,0.028495,-0.3,-0.749845,0.265049,-0.492812,-0.562317,-0.25,-0.12584,-0.408248,-0.257955,0.369406,-0.611828,0.378702,0.388262,0.291459,0.291459,-0.017032,-0.25,-0.017032,0.378702,-0.017032,-0.239956,0.291459,-0.022461,0.291459,0.291459,-0.017032,0.113471,0.21385,0.205287,0.369406,-0.612376,0.291459,0.742388,-0.368672,0.197531,0.369406,0.465549,0.205287,0.476634,-0.327327,-0.404762,-0.327161,-0.405028,-0.116523,-0.166667,0.291459,0.582815,0.283025,-0.211678,0.625404,-0.12584,0.094304,-0.609282,0.08046,-0.166667,-0.12584,-0.096246,0.049972,0.103406,0.300094,-0.057166,0.112973,0.087422,0.378702,-0.12584,-0.239956,-0.032872,0.205287,0.08046,-0.166667,0.0,-0.085489,0.291459,0.356961,-0.017032,-0.327327,-0.057166,-0.499748,0.184314,-0.166667,0.36139,0.291459,0.356961,0.205287,0.113471,0.742388,-0.25,0.152146,0.087422,0.133713,0.389452,0.291459,0.375,0.21468,0.476634,-0.166667,-0.612376,-0.612376,0.349973,0.207617,-0.187066,-0.327327,0.08046,-0.627185,0.310345,-0.406333,-0.239956,-0.051808,0.103406,0.207617,-0.366049,0.349973,-0.400812,0.15649,0.040273,0.270062,-0.30007,-0.366049,-0.695641,0.040273,0.300094,-0.407955,-0.536442,-0.400812,0.047824,-0.785024,-0.057504,0.303279,-0.405953,-0.439819,0.113471,-0.014119,0.763763,#
17,-0.548898,-0.207107,0.449756,0.309516,0.142554,-0.220349,0.111819,0.311788,0.374664,-0.116159,-0.34521,-0.047387,0.384499,-0.540378,-0.171432,0.574703,0.439045,1.0,-0.277109,-0.069576,-0.770084,-0.351075,0.213897,-0.537105,0.04339,0.092979,-0.153255,0.113237,0.136452,0.033119,-0.351337,-0.531003,-0.489236,0.106186,0.172016,0.439045,-0.135338,-0.179963,0.021219,0.0,-0.084587,-0.190364,0.601747,0.209971,-0.405479,0.254814,-0.011297,0.070859,-0.139533,0.34015,-0.038252,0.286592,-0.06959,0.288406,0.413793,-0.026031,-0.057955,-0.125805,0.342832,0.311788,-0.285986,0.30626,0.407834,-0.139227,-0.100681,-0.401234,0.266742,0.285178,-0.440419,0.038433,0.343347,-0.025532,-0.185285,-0.302005,-0.220349,0.324761,0.204034,-0.20701,-0.219186,-0.231646,-0.504861,-0.037268,-0.38309,0.338347,-0.38309,-0.303669,-0.38309,-0.490103,-0.504861,0.03085,-0.12719,-0.12719,-0.38309,0.387275,-0.367519,-0.455185,0.204034,-0.289419,-0.504861,0.574542,-0.338108,-0.356348,-0.231189,0.449316,0.078582,0.035436,-0.339282,-0.08708,-0.33049,0.269112,-0.303669,-0.405479,-0.037268,-0.16245,-0.051945,-0.497933,0.714442,-0.302005,-0.243611,-0.23069,-0.150099,0.292697,-0.302005,0.087129,0.113525,-0.307311,-0.048552,0.598911,-0.243369,-0.138036,0.135642,0.129299,-0.115388,0.049343,0.078582,-0.150099,-0.405479,0.0,-0.406116,-0.037268,-0.099497,0.021222,-0.339282,-0.14944,-0.369026,0.340892,-0.405479,0.637354,-0.037268,-0.099497,-0.352538,-0.325725,0.100149,-0.084587,0.137274,-0.138036,-0.537702,0.784547,-0.037268,-0.084587,0.175414,0.01138,-0.405479,-0.289419,-0.289419,0.121729,-0.347888,-0.017546,-0.339282,0.199915,0.112381,-0.093615,-0.174485,-0.490103,0.016382,-0.307311,-0.347888,0.461466,0.121729,-0.43981,0.475269,-0.176168,0.432942,-0.091075,0.027485,-0.307311,0.187199,0.332207,-0.207101,-0.411624,-0.43981,-0.162692,-0.144629,0.346505,0.167325,-0.177843,-0.154022,0.387275,-0.033214,0.574845,#
18,0.777548,0.816023,-0.623248,-0.027478,0.463141,0.092935,0.326384,-0.106108,-0.098861,0.653726,0.179516,-0.098861,-0.310342,0.298029,0.292736,-0.134147,0.036585,-0.277109,1.0,-0.210521,0.518118,0.02806,-0.004034,0.01831,0.242277,-0.157637,-0.479235,0.196789,-0.050283,0.332202,-0.368008,0.080807,0.653726,-0.188531,0.080401,0.077236,0.245944,-0.548634,0.24294,0.0,0.565041,0.358332,-0.478592,0.567275,0.376694,0.052818,0.124421,-0.137608,0.189277,0.287121,-0.319243,-0.091009,0.446346,0.315063,0.319651,0.31952,0.146501,-0.164689,-0.662027,-0.106108,0.334911,-0.361889,-0.124412,0.234182,-0.536767,0.061416,-0.160933,-0.318699,-0.271562,-0.562225,-0.185274,0.19866,-0.065041,-0.006232,-0.454716,-0.139529,-0.434164,-0.083154,-0.104682,0.361192,0.140864,-0.331037,0.087885,-0.49187,0.087885,-0.104682,0.170969,0.127656,0.140864,-0.638118,-0.331037,-0.331037,0.087885,-0.424053,0.475221,-0.089896,-0.434164,-0.42485,0.140864,-0.191505,0.499607,0.649102,0.005068,-0.574943,-0.524987,-0.252767,-0.271442,-0.072396,-0.302419,-0.053768,0.346255,0.376694,-0.331037,-0.025587,-0.212494,0.565517,0.050648,-0.006232,0.380795,-0.114693,-0.449584,-0.327913,-0.006232,0.017508,-0.549018,-0.452297,0.253941,-0.34718,-0.454159,-0.061598,-0.462778,-0.441508,-0.34055,0.248454,-0.62858,0.047566,-0.327913,0.0,0.463749,-0.331037,0.021476,-0.111518,-0.271442,-0.550515,-0.327687,-0.314269,-0.327913,0.123401,-0.331037,0.021476,-0.089896,0.295515,-0.191505,-0.49187,0.019791,-0.061598,0.512471,-0.020223,-0.331037,0.443089,-0.39146,0.227182,-0.327913,-0.42485,-0.42485,0.443086,0.543006,0.301674,-0.271442,-0.389777,0.023796,0.724139,0.412796,0.127656,0.228189,-0.452297,-0.29585,-0.164298,0.443086,-0.103133,-0.169212,0.312252,-0.01537,0.576667,0.27368,0.275291,0.403931,-0.221817,-0.13368,0.19953,-0.608508,0.424585,0.16594,-0.192614,-0.621485,0.44603,0.418785,-0.424053,-0.19423,0.314021,#
19,-0.422735,0.022301,0.19518,-0.380215,-0.042848,-0.038605,-0.214472,-0.359956,-0.262241,0.169769,-0.208742,-0.230484,0.275247,0.381159,0.32992,-0.208742,0.527969,-0.069576,-0.210521,1.0,0.211302,-0.048593,0.353636,-0.02277,-0.591837,-0.649326,-0.116206,-0.247991,-0.051574,-0.302068,0.287879,0.632229,0.274037,0.26741,-0.129029,-0.496448,0.038524,-0.14651,-0.588798,0.0,0.01576,-0.028129,-0.065275,-0.279807,-0.330965,-0.357606,-0.173926,0.316341,0.383013,0.179167,0.143513,-0.327869,0.527699,-0.228257,-0.444875,0.016976,0.258632,-0.686503,0.658207,-0.359956,0.284485,0.336211,-0.364733,-0.760475,0.320677,0.163449,0.281881,-0.748612,-0.61882,0.467091,-0.63029,-0.98774,-0.082741,-0.038043,-0.038605,-0.752996,0.031293,-0.370784,0.44901,0.465052,0.256257,0.256257,0.233715,-0.082741,0.233715,0.796097,0.233715,-0.186567,0.256257,-0.171151,0.625689,0.625689,0.233715,0.296861,0.053925,0.461208,0.031293,-0.443958,0.256257,0.226865,-0.433942,-0.219671,0.031293,0.233715,0.461208,0.647831,-0.185715,-0.462301,0.253137,-0.09737,0.390243,-0.330965,0.256257,0.448244,-0.186567,-0.118078,0.038086,-0.038043,0.090166,-0.353074,0.030252,-0.330965,-0.038043,-0.028062,-0.15804,0.276457,0.270767,0.053156,0.205488,0.448244,0.796097,-0.038043,0.179973,-0.18875,0.461208,0.030252,0.378246,0.0,0.041664,0.256257,0.547952,-0.161775,-0.185715,0.053156,-0.171151,0.287879,0.378246,-0.417093,0.256257,0.547952,0.039494,0.296861,0.708756,0.035461,-0.484365,0.448244,0.518409,0.059597,0.256257,0.527968,-0.033834,0.247801,0.378246,-0.443958,-0.443958,0.359707,0.226865,-0.607331,-0.185715,0.37263,-0.862057,-0.193471,-0.806892,-0.186567,-0.620346,0.276457,0.708756,-0.308915,0.359707,-0.045659,0.119056,-0.016291,-0.078031,-0.534525,-0.308915,-0.378388,0.339148,0.643219,-0.070179,-0.203964,-0.045659,-0.003015,-0.698221,-0.286382,0.281876,-0.806139,-0.824459,0.296861,0.354709,0.244181,#
20,0.356268,0.39279,-0.217731,0.03104,-0.036586,0.039143,-0.189347,-0.093491,-0.571924,0.200601,0.160736,-0.153322,-0.292723,0.424556,0.354044,-0.648447,0.02397,-0.770084,0.518118,0.211302,1.0,0.435349,-0.489003,0.334093,-0.25641,-0.170597,-0.052078,-0.28434,-0.461052,-0.195152,0.418036,0.627677,0.65873,0.263726,-0.35243,-0.495382,0.086252,-0.126598,-0.140786,0.0,0.543322,0.192344,-0.501891,0.13625,0.362215,-0.453903,-0.058459,-0.074867,0.337386,-0.250489,-0.256586,-0.047375,0.426679,-0.14667,-0.362278,0.106364,0.139989,-0.145876,-0.23839,-0.093491,0.340025,-0.368375,-0.220285,-0.220111,0.090838,0.218926,-0.177285,-0.393109,0.061003,0.044665,-0.527874,-0.123078,0.02397,0.474579,0.039143,-0.588436,0.058662,-0.035419,0.387307,0.402726,0.65483,0.191058,0.568668,-0.495382,0.568668,0.387307,0.568668,0.637511,0.65483,-0.150388,0.191058,0.191058,0.568668,-0.364466,0.5126,0.495016,0.058662,0.058717,0.65483,-0.20389,0.503559,0.711014,0.490329,-0.164395,-0.034389,0.157105,0.258048,-0.090554,0.148753,-0.532087,0.387307,0.362215,0.191058,0.474985,0.303221,0.660944,-0.377249,0.474579,0.421957,-0.012732,0.051063,-0.330255,0.474579,0.120734,-0.035846,0.322075,0.205009,-0.640834,0.177133,0.355773,-0.048413,0.0468,0.177371,0.218523,-0.034389,0.456993,0.362215,0.0,0.33922,0.191058,0.543045,-0.140806,0.258048,0.101401,0.154695,-0.268534,0.362215,-0.374489,0.191058,0.543045,0.495016,0.342707,0.266625,0.02397,0.102114,0.355773,0.513825,-0.605484,0.191058,0.423472,0.119581,0.274566,0.362215,0.058717,0.058717,-0.05439,0.608452,0.308328,0.258048,0.027184,-0.34785,0.300867,0.07566,0.637511,-0.150264,0.322075,0.164077,-0.639249,-0.05439,0.477791,-0.65837,0.373697,-0.025894,0.011923,-0.208815,0.322075,-0.072508,-0.262555,-0.068064,0.171447,-0.018878,-0.060265,-0.242168,-0.559106,-0.001571,0.079082,0.04217,-0.364466,-0.14305,-0.19528,#
