0,1.0,0.034404,0.39959,-0.584688,0.430601,0.017083,0.523002,-0.302486,0.193879,0.0422,0.680179,-0.404886,0.677536,0.212314,-0.218988,0.046135,0.014896,0.253995,0.356795,0.402579,-0.202616,0.194748,0.233851,-0.225517,-0.653986,0.014816,0.072487,-0.160157,0.523002,4.5e-05,-0.5704,0.105215,0.375067,4.5e-05,0.4157,0.52571,0.453828,0.27179,-0.5704,0.362901,-0.380631,-0.24345,0.423691,-0.13363,0.214068,-0.341418,0.529243,0.309999,-0.142264,-0.277391,0.535182,-0.440287,0.084283,-0.153545,0.529485,-0.025584,0.014198,0.044296,0.420191,0.4958,0.185083,-0.485874,-0.408225,0.390396,-0.05878,0.262167,0.013997,0.278331,-0.082442,0.174406,0.434187,0.317702,0.252857,-0.206399,-0.150363,0.351242,-0.383472,-0.393079,0.047861,-0.008692,0.412847,0.434213,-0.596832,-0.369375,-0.189828,0.397353,-0.402127,0.013907,-0.3989,-0.189828,-0.499356,0.043207,-0.024338,-0.181348,-0.005509,-0.3989,-0.150363,-0.779404,-0.194709,-0.333074,-0.185943,-0.383472,-0.175635,-0.169663,0.358065,-0.333074,-0.424378,0.24992,-0.008692,-0.0125,-0.193469,-0.333074,-0.479398,-0.499356,0.183568,0.037265,-0.653811,0.244968,-0.222477,-0.184438,-0.499356,0.0,-0.407925,-0.186458,-0.408225,0.235273,0.382343,0.438257,0.122778,-0.392155,0.420107,-0.499356,0.041745,0.25398,0.664709,-0.197454,0.52571,-0.009133,-0.092845,0.664709,-0.206399,0.397353,-0.197478,-0.134596,-0.361841,0.2538,-0.333074,0.075395,-0.361841,0.0,-0.159013,-0.005509,-0.333074,-0.010476,0.506734,-0.178931,0.010572,0.115595,-0.650969,0.013569,0.246887,0.313189,0.0,0.455753,0.682347,0.029634,0.208285,0.224953,-0.333074,0.507874,0.060862,-0.427271,-0.333074,0.246887,-0.632066,0.21405,-0.3989,-0.631702,0.030512,-0.566041,0.032705,0.275224,0.247079,0.435468,0.063853,-0.008692,0.68864,0.428342,0.224953,0.282209,0.057527,0.016033,0.405463,0.043412,0.108019,0.368394,0.030467,0.246887,-0.120613,-0.014914,#
1,0.034404,1.0,0.123401,-0.015239,0.143183,0.143183,0.3649,-0.15883,0.019386,0.07366,0.342652,0.427362,0.203741,-0.024813,-0.336525,-0.119466,-0.072574,0.149977,-0.155691,0.049473,0.485724,-0.060882,0.203741,-0.749895,-0.235794,-0.590755,-0.294535,-0.244993,0.3649,5.8e-05,-0.028052,-0.239764,-0.15883,5.8e-05,0.123139,0.261705,-0.204059,-0.52494,-0.028052,0.17447,-0.172504,-0.204059,0.072917,-0.025181,-0.261573,0.042209,-0.406635,0.175931,0.615407,0.689264,-0.252021,0.331873,0.257475,0.746127,0.675734,-0.239918,-0.260559,0.386054,0.069389,-0.099397,0.222863,-0.434832,0.354877,0.001082,0.33809,0.730916,-0.355375,0.677331,0.43258,0.295561,-0.105764,-0.286702,-0.19237,-0.186436,0.030907,-0.130445,-0.065287,0.140988,0.107864,-0.571688,-0.348657,-0.065287,0.030907,0.097484,-0.186436,0.107864,-0.079447,-0.110722,-0.065287,-0.186436,-0.350146,0.396404,-0.571688,0.221203,-0.348657,-0.065287,0.030907,0.097484,-0.322892,0.17447,0.221872,-0.065287,0.266707,0.042017,-0.108247,-0.66557,0.386138,0.030907,-0.571688,0.261535,0.519449,-0.66557,-0.232532,-0.350146,-0.000881,-0.350146,-0.186436,0.275806,-0.261281,-0.488378,-0.350146,0.0,-0.367158,-0.263955,0.354877,-0.255722,0.150582,-0.196072,-0.199144,-0.367158,0.641043,-0.350146,-0.079447,-0.27569,-0.255722,-0.449924,0.261705,0.427362,0.069414,-0.255722,-0.186436,-0.348657,0.34193,0.239003,0.140988,-0.401102,-0.66557,0.241902,0.140988,0.0,0.266707,-0.348657,0.17447,-0.102253,-0.159762,-0.217414,-0.09323,0.150256,-0.322892,0.26114,0.221203,-0.66557,0.0,0.390118,-0.305105,0.412131,0.342652,0.046596,0.17447,-0.350146,0.619365,-0.020283,-0.66557,-0.272511,0.328235,-0.449924,-0.065287,0.328111,0.086996,0.030907,0.092867,-0.302854,0.35852,0.098637,0.619198,-0.571688,0.107488,-0.348657,0.046596,0.328111,0.437428,0.282825,-0.172779,0.092867,0.283096,-0.431251,-0.114667,-0.272511,-0.366638,-0.416789,#
2,0.39959,0.123401,1.0,-0.8318,0.187744,-0.234004,0.123401,-0.231429,0.813765,0.657275,0.094598,0.242178,0.37774,0.428092,-0.064748,-0.567645,-0.591884,0.026491,0.28601,0.231379,0.415596,-0.026399,0.37774,0.089403,-0.364401,-0.136429,0.200395,0.047141,0.123401,-4.6e-05,-0.370312,0.674309,0.459609,-4.6e-05,0.171302,-0.098869,0.343792,0.390785,-0.021704,-0.40815,0.206359,0.343792,-0.218859,-0.322099,0.118065,-0.547795,0.043677,0.309396,-0.213352,-0.231429,-0.364752,-0.322561,0.392128,-0.321173,0.265101,-0.049392,-0.394406,-0.364752,-0.241901,-0.046543,0.359475,-0.601647,-0.474548,0.478392,0.602493,0.379831,-0.088369,0.267584,0.619437,0.212177,-0.235367,0.298407,-0.34735,0.11145,-0.373967,-0.258723,-0.165306,0.208416,-0.218258,0.253537,0.168917,-0.149571,0.034282,-0.193367,-0.344866,0.5956,-0.140932,-0.137407,0.259541,-0.344866,-0.084158,0.134553,0.269494,-0.019179,0.168917,0.259541,-0.373967,-0.643724,-0.029778,-0.40815,-0.502886,-0.165306,-0.05114,0.006064,0.444834,-0.40815,-0.354916,-0.373967,0.253537,-0.115353,0.078712,-0.40815,-0.369374,-0.103705,0.416412,-0.611913,0.094549,0.37105,-0.344338,-0.394221,-0.103705,0.0,0.200695,-0.305419,-0.474548,0.363676,0.999068,-0.329221,0.279382,-0.233578,0.580605,-0.103705,-0.561302,-0.035729,0.363676,-0.003282,-0.098869,0.661331,0.125639,0.380521,0.11145,0.5956,0.111596,-0.142231,-0.221691,-0.40517,-0.40815,-0.239932,-0.221691,0.0,-0.05114,0.5956,-0.40815,-0.160837,0.625488,-0.316386,0.698535,0.186181,-0.047013,-0.068523,-0.061906,0.276325,0.0,0.606537,-0.059708,-0.116647,0.526096,0.008832,0.276325,-0.113478,-0.208415,-0.186761,-0.40815,-0.061906,0.114899,0.012263,0.259541,-0.347925,0.617354,-0.389669,0.207382,0.358546,-0.314079,-0.208415,-0.221479,0.269494,0.572537,0.168917,-0.391694,-0.331534,0.152483,-0.059566,-0.214406,0.621352,-0.123589,0.140115,-0.119929,-0.044815,0.315282,-0.098869,#
3,-0.584688,-0.015239,-0.8318,1.0,-0.424727,-0.001507,-0.015239,0.298222,-0.602913,-0.474469,-0.221498,0.009347,-0.247099,-0.224442,0.199736,0.386428,0.425546,0.124099,-0.014594,-0.065189,-0.215236,-0.171564,-0.247099,0.205832,0.644354,-0.014856,-0.094633,0.157661,-0.015239,-4.6e-05,0.574836,-0.536087,-0.395226,-4.6e-05,-0.393154,-0.003816,-0.446125,-0.283637,0.225011,0.328168,-0.058287,-0.420638,-0.016215,0.126978,-0.244046,0.386765,-0.272979,-0.288098,0.279069,0.298222,-0.024897,0.445185,-0.083204,0.30751,-0.256175,0.023379,0.471745,-0.024897,0.006224,-0.488499,-0.197209,0.477281,0.441647,-0.384645,-0.465479,-0.253443,-0.013936,-0.263139,-0.45749,-0.077978,-0.331991,-0.204653,0.2056,-0.237717,0.177088,-0.318588,0.392907,-0.029751,-0.032245,-0.006227,-0.009339,-0.017632,0.177088,-0.041606,0.203232,-0.421652,0.394886,-0.029356,-0.017632,0.203232,-0.01798,-0.043147,-0.422554,-0.268876,-0.009339,-0.017632,0.177088,0.797688,-0.25856,0.353607,0.199736,0.392907,0.187788,0.181785,-0.377226,0.328168,0.453879,0.177088,-0.006227,0.031861,0.146612,0.328168,0.471504,0.492001,-0.210406,0.492001,0.203232,-0.241861,0.218708,0.184157,0.492001,0.0,-0.018292,0.166042,0.441647,-0.231401,-0.815192,0.227515,-0.129941,0.401355,-0.414385,0.492001,0.394886,-0.26481,-0.231401,0.195154,-0.003816,-0.411269,0.073285,-0.670912,-0.237717,-0.421652,0.209782,0.167459,0.385871,0.106651,0.328168,0.327701,0.385871,0.0,0.187788,-0.421652,0.353607,0.008841,-0.517549,0.191091,-0.455292,-0.103665,0.191109,-0.015007,0.2018,-0.333256,0.0,-0.460758,-0.245437,-0.028842,-0.221498,0.179938,-0.333256,0.010352,-0.018924,0.437295,0.328168,0.2018,0.184907,-0.210406,-0.017632,0.639942,-0.454306,0.586761,-0.420495,-0.244257,0.19752,-0.018924,-0.006077,-0.422554,-0.39906,-0.009339,0.195397,0.194746,-0.040006,-0.015237,-0.357068,-0.462335,0.446702,-0.378049,-0.045958,-0.244104,-0.352346,-0.003816,#
4,0.430601,0.143183,0.187744,-0.424727,1.0,0.578159,-0.374419,-0.257151,0.007899,-0.189676,0.543003,-0.161248,-0.057581,-0.389659,-0.536884,0.262551,0.238216,-0.530954,-0.255452,-0.281414,0.017448,-0.026115,-0.057581,-0.381722,-0.381722,-0.184711,-0.368833,0.161059,-0.374419,0.0,-0.386683,0.129415,0.434038,0.0,0.171698,0.414725,0.502295,0.057625,-0.037998,0.276483,-0.554885,-0.183612,-0.233969,0.070259,-0.341251,0.200897,0.406758,-0.010303,0.131667,0.434038,0.116544,0.095565,-0.014911,0.361059,0.540517,-0.1481,-0.413984,0.636569,-0.241597,0.498665,-0.527558,-0.123391,0.172773,0.368157,-0.429657,-0.153952,0.395276,-0.128476,-0.338928,-0.320806,0.337533,0.245301,0.526093,0.526147,0.435371,0.433122,0.236532,0.185225,0.596393,-0.176792,0.169616,0.661472,0.011326,0.201406,0.526147,-0.217948,-0.164671,0.254139,0.236532,0.526147,0.395339,0.62658,0.254139,0.400401,0.169616,0.236532,0.435371,-0.232962,-0.046246,-0.408142,0.373294,0.236532,0.382001,0.398769,0.446302,0.250152,0.142739,0.435371,-0.176792,-0.115233,0.022399,0.250152,-0.368495,-0.132532,-0.383907,0.395339,0.06973,0.798306,-0.801118,0.085863,-0.132532,0.0,-0.232962,0.139818,0.172773,0.364526,0.192941,-0.171661,0.032637,-0.232962,0.596619,-0.132532,0.271963,0.471959,0.364526,-0.002691,0.414725,0.257997,0.045,0.819455,0.526147,0.169616,-0.335436,0.429758,0.185225,-0.080826,0.250152,-0.619247,0.185225,0.0,0.382001,0.169616,-0.408142,0.253122,0.62658,0.121561,0.050508,-0.457698,-0.511689,-0.068392,-0.480284,-0.408142,0.0,0.618227,0.382588,-0.142089,0.09481,0.397888,0.276483,-0.084031,0.190771,-0.247952,0.250152,-0.061145,-0.350365,0.417095,0.236532,-0.80245,-0.233557,0.011326,-0.246959,0.358451,0.09937,-0.233618,0.181997,0.254139,0.14404,0.169616,0.397888,0.112366,0.646813,-0.089774,0.41957,-0.220149,-0.036506,0.586127,0.275823,0.400401,0.046783,-0.612213,#
5,0.017083,0.143183,-0.234004,-0.001507,0.578159,1.0,-0.374419,0.434038,-0.402876,-0.621395,0.09481,-0.161248,-0.510195,-0.806446,-0.081795,-0.16876,0.661041,-0.620829,-0.255452,-0.711325,0.017448,-0.026115,-0.510195,-0.381722,-0.381722,0.230011,-0.486739,-0.333921,-0.374419,0.0,-0.469703,0.008161,-0.257151,0.0,0.171698,-0.098744,-0.183612,-0.375394,-0.037998,0.276483,-0.554885,-0.183612,-0.233969,-0.065684,-0.341251,0.653526,-0.247151,-0.472138,0.068467,0.434038,0.116544,-0.008834,-0.014911,0.361059,0.540517,0.304912,0.108708,0.636569,-0.241597,0.498665,-0.527558,-0.123391,0.172773,0.368157,-0.449894,-0.153952,0.395276,-0.128476,-0.338928,-0.423274,0.337533,-0.457341,0.071962,0.526147,0.388254,0.433122,0.236532,0.567627,0.169616,-0.176792,-0.25716,0.236532,0.388254,0.153143,0.526147,-0.644724,0.223448,0.254139,0.236532,0.526147,0.395339,0.106652,0.254139,0.349118,0.169616,0.236532,0.388254,0.153143,-0.097962,0.276483,0.373294,0.236532,0.788948,-0.016412,-0.248771,0.250152,0.084294,0.812299,-0.607723,0.414456,0.386388,0.250152,0.102454,-0.132532,-0.383907,0.395339,0.06973,0.346817,-0.371098,0.085863,-0.132532,0.0,0.153143,0.139818,0.172773,-0.090402,-0.229992,-0.171661,-0.072125,0.153143,0.177373,-0.132532,0.660082,-0.0,-0.090402,-0.002691,0.414725,0.257997,0.045,0.364526,0.06973,-0.25716,-0.387042,0.894555,0.137425,-0.170632,0.250152,-0.435243,0.567627,0.0,0.331133,-0.25716,0.276483,0.278434,0.106652,0.041207,-0.377713,-0.457698,-0.563405,0.413831,-0.531566,-0.408142,0.0,0.005886,-0.07593,-0.142089,-0.353383,-0.018134,0.276483,-0.084031,0.190771,-0.247952,0.250152,-0.112428,-0.350365,-0.002691,0.236532,-0.330287,-0.233557,0.388254,-0.246959,-0.095478,0.539136,0.190771,0.181997,-0.176792,-0.301467,-0.25716,0.397888,0.112366,0.588773,0.414901,0.41957,-0.649105,-0.036506,0.177201,-0.162962,0.349118,-0.424065,-0.612213,#
6,0.523002,0.3649,0.123401,-0.015239,-0.374419,-0.374419,1.0,-0.15883,0.019386,0.07366,0.342652,-0.087055,0.759102,0.486586,0.221872,-0.119466,-0.072574,0.745474,0.422589,0.597265,-0.022085,-0.019226,0.203741,-0.192953,-0.235794,-0.061534,0.380596,-0.244993,1.0,5.8e-05,-0.028052,-0.115781,-0.15883,5.8e-05,0.143848,0.261705,-0.170394,0.006376,-0.455891,0.17447,-0.150432,-0.170394,0.60269,-0.025181,0.302277,-0.490954,-0.067179,0.198598,0.072576,-0.15883,0.386054,-0.20614,0.257475,0.04398,0.350377,-0.178156,0.380788,-0.252021,0.60225,-0.099397,0.757483,-0.410382,-0.264718,0.001082,0.33809,0.567203,-0.355375,0.506553,0.304773,0.446437,0.015911,-0.087745,-0.19237,-0.746462,-0.489398,-0.161849,-0.586691,-0.386871,-0.415793,-0.072308,0.145908,-0.065287,-0.489398,-0.435488,-0.746462,0.602429,-0.079447,-0.110722,-0.586691,-0.746462,-0.997846,-0.241551,-0.601063,-0.345116,-0.377749,-0.586691,-0.489398,-0.435488,-0.35462,0.17447,-0.336525,-0.586691,-0.295034,-0.467413,-0.155628,-0.66557,-0.259264,0.030907,-0.072308,0.261535,-0.01649,-0.66557,-0.268648,-0.350146,0.485584,-0.350146,-0.746462,-0.278174,0.299332,-0.579686,-0.350146,0.0,-0.396768,-0.263955,-0.264718,-0.286734,0.121752,0.641292,-0.044892,-0.396768,0.126626,-0.350146,-0.079447,-0.372205,0.271467,-0.47854,0.261705,-0.087055,0.069414,-0.286734,-0.746462,0.145908,0.34193,-0.308493,-0.386871,0.193939,-0.66557,0.725706,-0.386871,0.0,-0.295034,-0.377749,0.17447,-0.102253,-0.195203,-0.217414,-0.09323,0.382333,-0.35462,0.26114,0.75606,0.17447,0.0,0.01445,0.226244,0.412131,0.342652,0.046596,-0.66557,0.261571,0.131183,-0.020283,-0.66557,0.262346,-0.227854,-0.47854,-0.586691,0.328111,0.120259,-0.489398,0.125763,-0.268044,0.35852,0.619365,0.125763,-0.601063,0.483303,0.145908,0.046596,0.328111,-0.203513,0.282825,-0.118915,0.125763,0.283096,-0.431251,-0.114667,-0.303973,-0.398734,0.213241,#
7,-0.302486,-0.15883,-0.231429,0.298222,-0.257151,0.434038,-0.15883,1.0,-0.297699,-0.294042,-0.488636,-0.380458,-0.221606,-0.356405,0.492074,-0.476818,0.280575,-0.257367,0.303057,-0.300209,0.325113,0.320922,-0.221606,0.218166,0.160957,0.281114,-0.224892,-0.598539,-0.15883,7.8e-05,-0.412588,-0.190907,-0.132519,7.8e-05,-0.231763,-0.653643,-0.168753,-0.36534,0.294765,0.12512,0.245774,-0.168753,-0.273357,-0.433598,0.192024,0.281707,-0.309226,-0.251115,-0.291412,-0.132519,-0.19474,-0.255536,0.184646,-0.220325,0.050127,0.797773,0.654892,-0.19474,-0.277785,-0.150572,-0.223574,0.098702,-0.225544,-0.052737,-0.186202,-0.150678,0.155941,-0.218228,-0.216621,-0.198116,-0.156857,-0.202326,-0.525904,0.21844,-0.34547,-0.135484,0.281036,0.433024,-0.316169,0.280623,-0.265367,-0.415231,0.34933,-0.330613,0.21844,-0.290767,0.279903,0.229326,0.281036,0.21844,0.156166,-0.195138,0.280623,-0.266948,0.43391,0.281036,-0.34547,0.381102,-0.273928,0.12512,-0.253593,0.281036,0.544487,-0.329818,-0.1409,0.081975,-0.208096,0.34933,-0.425461,0.187558,0.372519,0.081975,0.653124,0.156166,0.325099,0.156166,0.21844,-0.193636,0.188003,0.301384,0.156166,0.0,0.432808,0.166629,-0.225544,-0.19973,-0.23351,-0.162912,-0.195289,0.432808,-0.227218,0.156166,0.279903,-0.282224,-0.19973,0.350084,0.18768,0.30648,0.303357,-0.19973,-0.529402,-0.265367,-0.515792,0.535913,-0.271864,-0.285468,0.081975,-0.153232,0.433024,0.0,-0.205645,-0.265367,0.12512,-0.343917,-0.133247,-0.573904,-0.088515,-0.110257,-0.273928,0.187275,-0.239478,0.12512,0.0,-0.221888,-0.260542,-0.447305,-0.488636,-0.33104,0.12512,0.187584,-0.294527,-0.433355,0.081975,-0.212007,0.186027,-0.337738,0.281036,0.187088,0.399769,0.34933,-0.302596,-0.212224,0.23626,0.400836,-0.302596,-0.425461,-0.281986,-0.265367,-0.33104,0.187088,-0.139174,0.178899,-0.154646,-0.302596,0.176838,-0.240866,-0.48754,-0.212007,-0.305792,0.122962,#
8,0.193879,0.019386,0.813765,-0.602913,0.007899,-0.402876,0.019386,-0.297699,1.0,0.889297,0.218218,0.408248,0.237322,0.624391,-0.196009,-0.395767,-0.815844,0.332566,0.093486,0.474989,0.209252,-0.165295,0.237322,0.229499,-0.212499,0.024231,0.095677,0.183159,0.019386,0.0,-0.153601,0.54117,0.375359,0.0,-0.008217,0.0,0.240449,0.58189,0.185938,-0.333333,0.367855,0.240449,-0.397912,-0.554325,-0.206529,-0.37905,0.012245,0.602626,0.153856,-0.297699,-0.47717,-0.467638,0.491919,-0.464361,0.0,-0.024507,-0.49013,-0.47717,-0.39268,-0.165396,0.236618,-0.504498,-0.583917,0.3907,0.591198,0.25985,0.010201,0.271063,0.466578,0.059868,-0.337964,0.31579,-0.212265,0.234568,-0.17205,-0.323989,0.011494,0.03491,0.023088,0.419627,-0.0,-0.402299,-0.17205,0.046997,-0.209877,0.415581,-0.389749,-0.396315,0.425287,-0.209877,0.014278,0.028127,0.0,-0.174782,-0.0,0.425287,-0.17205,-0.375977,0.264386,-0.333333,-0.639161,0.011494,-0.185752,0.213375,0.357221,-0.333333,0.056911,-0.584972,0.419627,-0.016119,0.283552,-0.333333,-0.472927,0.014278,0.204387,-0.499745,0.234568,0.232035,-0.20937,-0.193234,0.014278,0.0,0.446472,-0.649648,-0.583917,0.664493,0.812238,-0.412017,0.112216,0.023499,0.408248,0.014278,-0.814929,-0.204257,0.221498,0.204387,0.0,0.408248,-0.162758,0.221498,0.234568,0.415581,0.251259,-0.289667,0.03491,-0.577174,-0.333333,0.063992,0.03491,0.0,0.260053,0.831163,-0.333333,-0.443668,0.506289,-0.182574,0.639382,0.567888,0.264386,-0.498922,-0.19975,0.333333,0.0,0.447207,-0.210843,-0.376623,0.218218,-0.189051,0.333333,-0.014278,-0.387428,0.0,-0.333333,-0.19975,0.250081,0.204387,0.425287,-0.201153,0.422371,-0.17205,0.430756,0.649218,-0.615581,-0.387428,0.013053,0.419627,0.366037,0.415581,-0.594161,-0.201153,0.042388,-0.460721,-0.320604,0.430756,-0.016805,-0.026547,-0.387218,-0.19975,0.598593,-0.0,#
9,0.0422,0.07366,0.657275,-0.474469,-0.189676,-0.621395,0.07366,-0.294042,0.889297,1.0,0.123493,0.297044,0.33165,0.797568,-0.121948,-0.234418,-0.989356,0.459899,-0.032293,0.628077,0.371548,-0.013363,0.33165,0.135375,0.028174,-0.106435,0.184094,0.088066,0.07366,0.0,0.004575,0.252165,0.413334,0.0,-0.20661,-0.080845,0.326146,0.452022,0.361426,-0.404226,0.610365,0.326146,-0.300449,-0.407344,0.011131,-0.528081,0.109887,0.754061,0.203163,-0.294042,-0.44639,-0.396144,0.437462,-0.408664,-0.208746,-0.085195,-0.441968,-0.44639,-0.293042,-0.271886,0.34499,-0.207069,-0.515963,-0.067684,0.701001,0.239487,-0.070103,0.276119,0.506768,0.072601,-0.284938,0.399971,-0.328911,0.14073,-0.342173,-0.300212,-0.119874,-0.16087,0.143724,0.309093,-0.197854,-0.554765,-0.342173,0.174776,-0.326375,0.556229,-0.541387,-0.22805,0.315018,-0.326375,-0.065798,0.093232,-0.13193,-0.0868,-0.197854,0.315018,-0.342173,-0.269764,0.377614,-0.404226,-0.587695,-0.119874,-0.441505,0.062646,0.408875,-0.404226,0.128828,-0.776148,0.309093,-0.097733,0.137543,-0.404226,-0.425207,-0.065798,0.365358,-0.60603,0.14073,-0.002962,0.033853,-0.089827,-0.065798,0.0,0.271663,-0.487694,-0.515963,0.451655,0.65573,-0.362108,-0.193813,-0.172877,0.231034,-0.065798,-0.988247,-0.169261,-0.013928,0.053243,-0.080845,0.297044,-0.065791,-0.013928,0.14073,0.238917,0.158442,-0.5474,-0.16087,-0.496311,-0.404226,0.201765,-0.16087,0.0,0.027031,0.675688,-0.404226,-0.597806,0.209203,-0.297314,0.689962,0.634069,0.377614,-0.605032,-0.113042,0.296432,0.0,0.349494,-0.127341,-0.229936,0.123493,-0.360263,0.296432,-0.09581,-0.306952,-0.089562,-0.404226,-0.456206,0.493554,0.053243,0.315018,0.011616,0.550615,-0.342173,0.556138,0.421006,-0.768139,-0.306952,0.117137,0.309093,0.172074,0.238917,-0.786028,0.011616,-0.277578,-0.583538,-0.333494,0.556138,-0.118198,-0.225347,-0.236405,-0.456206,0.742375,0.323381,#
10,0.680179,0.342652,0.094598,-0.221498,0.543003,0.09481,0.342652,-0.488636,0.218218,0.123493,1.0,-0.089087,0.443897,0.23163,-0.515132,0.382466,-0.068218,0.408695,-0.139093,0.486633,-0.214783,-0.180352,-0.036991,-0.428468,-0.428468,-0.075788,-0.162852,0.103077,0.342652,-2.5e-05,-0.19229,-0.122387,0.24573,-2.5e-05,0.095039,0.763763,0.297332,0.274201,-0.19229,0.509175,-0.527506,-0.431423,0.083555,-0.175126,-0.428148,-0.044243,0.366084,0.488723,0.593144,0.24573,0.350631,-0.235152,0.302065,0.263463,0.563448,-0.294134,-0.218024,0.350631,0.105464,0.32483,-0.037391,-0.342974,-0.163189,0.255773,-0.172013,0.175782,0.229292,0.289839,-0.265606,-0.134998,0.284463,0.218218,0.53654,0.056575,0.247794,0.271924,-0.082772,-0.342806,0.559238,-0.076308,0.105802,0.368713,-0.653274,0.123067,0.056575,0.105802,-0.533496,-0.076308,-0.082772,0.056575,-0.32716,0.349858,-0.534159,-0.016346,-0.347635,-0.082772,0.247794,-0.338435,-0.008242,-0.218218,-0.031615,-0.082772,-0.024321,0.22791,0.258473,-0.218218,0.37257,0.247794,-0.076308,0.200489,0.201098,-0.218218,-0.741171,-0.32716,-0.208138,0.233686,-0.428354,0.439719,-0.428327,-0.17394,-0.32716,0.0,-0.338435,-0.425294,-0.163189,0.451124,0.09736,0.28713,-0.215935,-0.338435,0.534523,-0.32716,-0.069586,0.016715,0.451124,-0.208138,0.763763,-0.089087,-0.195341,0.451124,0.056575,0.105802,0.065795,0.003951,0.114269,-0.087783,-0.218218,0.293249,0.114269,0.0,0.462093,0.105802,-0.218218,-0.129088,0.349858,0.085373,-0.078862,0.251196,-0.502761,-0.326621,-0.016346,-0.218218,0.0,0.487943,0.462803,-0.065182,0.047619,0.229846,-0.218218,0.233686,0.123997,-0.094012,-0.218218,-0.016346,-0.414107,0.237872,-0.082772,-0.413868,-0.345633,-0.20274,0.105393,0.449127,0.064245,0.095816,0.561144,-0.076308,0.322461,0.559238,0.229846,0.558095,0.360745,-0.301613,0.247197,-0.321875,0.289704,0.069515,-0.067016,-0.016346,0.041688,-0.327327,#
11,-0.404886,0.427362,0.242178,0.009347,-0.161248,-0.161248,-0.087055,-0.380458,0.408248,0.297044,-0.089087,1.0,-0.346023,0.012745,-0.340957,-0.237411,-0.245909,0.075031,-0.208175,-0.13804,0.006328,-0.404888,0.103807,-0.083282,-0.083282,-0.253897,-0.164053,0.318774,-0.087055,4.7e-05,0.392746,0.309304,-0.380458,4.7e-05,0.241543,0.102062,-0.52899,-0.065414,-0.036304,-0.272166,0.092966,0.152698,-0.171642,-0.060798,-0.533994,0.226721,-0.634889,0.003672,0.439681,0.30648,-0.596338,0.356923,0.018681,0.238323,1e-06,-0.300149,-0.611828,-0.079512,-0.166477,-0.27009,0.119916,-0.427764,0.326209,0.319005,0.462598,0.466766,-0.408142,0.453711,0.579721,0.33403,-0.433629,-0.381389,-0.083046,-0.080642,0.402705,-0.381542,0.178315,0.23753,-0.150809,-0.237933,-0.150809,-0.24401,0.402705,0.249424,-0.080642,-0.150809,0.154293,-0.666214,0.178315,-0.080642,0.116583,-0.08038,-0.237933,0.081548,-0.150809,0.178315,0.402705,0.249424,0.092516,0.408248,0.111333,0.178315,0.070778,0.421797,-0.368425,-0.272166,0.406592,-0.440166,0.190347,0.118447,0.419629,-0.272166,-0.105312,0.116583,-0.398661,-0.40804,0.372968,0.099714,-0.106843,-0.364855,0.116583,0.0,0.249424,-0.530435,0.326209,0.110521,0.26154,-0.510042,0.383154,0.249424,0.25,0.116583,-0.279655,-0.291857,-0.341609,0.018542,-0.408248,0.166667,-0.382061,-0.341609,0.372968,-0.150809,0.800095,0.011086,0.665085,-0.389147,-0.272166,0.156748,0.23753,0.0,0.525776,0.273342,0.408248,0.11572,-0.08038,0.346058,-0.022698,0.313296,0.555096,0.071889,0.081548,-0.272166,0.0,0.0,-0.789876,0.201473,0.356348,0.011026,0.408248,-0.40804,0.268883,0.615585,-0.272166,0.081548,0.384359,0.018542,0.178315,0.393004,-0.161655,0.402705,0.282435,0.090227,-0.065559,-0.548311,0.282435,0.190347,0.033207,-0.150809,0.011026,-0.516184,0.392245,0.125393,-0.375206,0.25579,0.075467,-0.184239,-0.228945,0.081548,0.0,-0.408248,#
12,0.677536,0.203741,0.37774,-0.247099,-0.057581,-0.510195,0.759102,-0.221606,0.237322,0.33165,0.443897,-0.346023,1.0,0.645649,0.041894,0.075304,-0.337345,0.578589,0.547454,0.790169,0.201005,0.201745,0.514368,-0.024495,-0.061958,-0.319014,0.324377,-0.071901,0.759102,0.0,-0.179524,-0.125096,0.520006,0.0,-0.057113,0.339032,0.486855,0.223011,-0.179524,0.226021,0.046026,-0.249089,0.349989,-0.133237,0.408448,-0.738185,0.45667,0.504675,-0.060856,-0.221606,0.219553,-0.220583,0.333552,-0.098958,0.306387,-0.128785,0.212505,-0.338408,0.346908,-0.196261,0.513139,-0.243404,-0.364675,-0.085151,0.187072,0.370009,-0.200599,0.275697,0.110042,0.355203,-0.081844,0.555387,-0.023988,-0.508548,-0.612471,-0.22391,-0.333186,-0.479338,-0.09393,0.11658,0.397246,0.122753,-0.612471,-0.525805,-0.508548,0.79645,-0.306318,0.082989,-0.333186,-0.508548,-0.762433,0.228864,-0.345788,-0.40633,-0.060663,-0.333186,-0.612471,-0.525805,-0.418298,-0.508548,-0.446393,-0.333186,-0.358963,-0.188467,0.522682,-0.508548,-0.28942,-0.157492,0.11658,-0.229517,-0.186258,-0.508548,-0.301239,-0.196054,0.644817,-0.196054,-0.508548,0.093159,-0.055455,-0.288665,-0.196054,0.0,-0.491947,-0.087651,-0.364675,0.085525,0.376216,0.464121,-0.086465,-0.491947,0.380625,-0.196054,-0.306318,0.006492,0.57364,-0.198257,0.339032,0.103807,0.2759,0.085525,-0.508548,0.397246,0.0,-0.437325,-0.479338,0.096358,-0.508548,0.338448,-0.479338,0.0,-0.358963,-0.060663,-0.508548,-0.344706,0.269392,-0.477502,0.3228,0.249772,-0.418298,-0.179101,0.556588,0.226021,0.0,0.505392,0.534016,0.077053,0.443897,0.260956,-0.508548,0.338859,-0.07881,-0.302555,-0.508548,0.124862,-0.059848,-0.198257,-0.333186,-0.080375,0.366943,-0.612471,-0.088509,0.09132,-0.022685,0.348078,-0.088509,-0.345788,0.682539,0.397246,-0.185416,0.426232,-0.237121,-0.192646,-0.202897,0.371739,0.347542,-0.108002,0.07922,-0.370353,-0.025907,0.296653,#
13,0.212314,-0.024813,0.428092,-0.224442,-0.389659,-0.806446,0.486586,-0.356405,0.624391,0.797568,0.23163,0.012745,0.645649,1.0,0.208057,-0.02572,-0.815048,0.770769,0.107457,0.877922,0.181949,-0.183195,0.198458,0.243074,0.208576,0.037319,0.593816,0.195921,0.486586,2.4e-05,0.238253,0.160349,0.326503,2.4e-05,-0.389435,0.007805,0.263986,0.605808,0.238253,-0.333008,0.369411,0.263986,-0.018986,-0.159626,0.187521,-0.801393,0.226699,0.618044,0.131291,-0.356405,-0.015201,-0.401167,0.506796,-0.371126,-0.24183,-0.317517,-0.007062,-0.528996,-0.011552,-0.382104,0.661274,-0.031197,-0.581109,-0.236978,0.572164,0.108706,0.018154,0.110858,0.348326,0.039562,-0.251719,0.420642,-0.205155,-0.202734,-0.577956,-0.357908,-0.395447,-0.370554,-0.011533,0.438505,0.019101,-0.395447,-0.577956,0.011738,-0.653683,0.808368,-0.382732,-0.018195,0.024401,-0.653683,-0.499258,-0.006147,-0.413032,-0.212028,-0.402562,0.024401,-0.577956,-0.417426,0.233078,-0.333008,-0.691217,-0.395447,-0.617024,-0.178107,0.321068,-0.333008,0.022209,-0.577956,0.438505,-0.008555,-0.128359,-0.333008,-0.515864,0.022288,0.584559,-0.499258,-0.202734,-0.18682,0.214476,-0.305028,0.022288,0.0,0.042916,-0.301328,-0.581109,0.248558,0.425366,0.249376,-0.290776,-0.386247,0.019118,0.022288,-0.814134,-0.315254,0.248558,-0.191781,0.007805,0.012745,0.154977,-0.200921,-0.202734,0.440764,0.265134,-0.711309,-0.370554,-0.152616,-0.333008,0.51943,-0.370554,0.0,-0.164694,0.440764,-0.333008,-0.437464,0.031173,-0.175068,0.618798,0.541459,0.233078,-0.498436,0.218654,0.343415,0.0,0.162886,0.204829,-0.029192,0.23163,-0.176219,-0.333008,-0.006686,-0.42898,0.071093,-0.333008,-0.178899,0.201615,-0.191781,0.024401,0.182565,0.391466,-0.577956,0.400588,0.235457,-0.640048,-0.035883,-0.023229,0.012737,0.226857,0.440764,-0.587258,0.182565,-0.441996,-0.489039,-0.369002,0.400588,-0.041447,-0.4119,-0.030014,-0.634915,0.570574,0.476098,#
14,-0.218988,-0.336525,-0.064748,0.199736,-0.536884,-0.081795,0.221872,0.492074,-0.196009,-0.121948,-0.515132,-0.340957,0.041894,0.208057,1.0,-0.417743,0.073231,0.090395,0.161875,-0.03355,0.210625,-0.264829,-0.446393,0.433685,0.396017,0.546597,0.725358,-0.107867,0.221872,5.1e-05,0.169,0.284179,-0.253593,5.1e-05,-0.502187,-0.762732,-0.282782,0.196705,0.258564,-0.508488,0.053144,0.457186,-0.086824,0.150817,0.416255,-0.41611,-0.27957,-0.476237,-0.464597,-0.253593,0.195441,-0.24934,0.339568,-0.274414,-0.253049,0.036549,0.773701,-0.365571,-0.109275,-0.319022,0.528948,0.297155,-0.393646,-0.207859,0.183057,-0.352545,0.324192,-0.480026,0.127067,-0.311736,-0.188858,-0.23234,-0.546152,-0.058603,-0.700178,-0.28248,-0.370174,0.362461,-0.586732,0.546352,-0.09287,-0.370174,0.214755,-0.144786,-0.550993,0.350819,0.545429,0.512578,0.088258,-0.550993,-0.245191,-0.365309,0.081456,0.001277,-0.09287,0.088258,-0.700178,-0.144786,-0.007403,0.230098,-0.472874,-0.370174,0.045696,-0.670038,-0.267737,0.201691,-0.389216,0.214755,0.081456,0.344922,-0.178819,0.201691,0.169641,0.324285,0.656858,-0.245191,-0.058603,-0.425149,0.413729,-0.326061,0.324285,0.0,0.357861,0.397603,-0.393646,-0.436882,-0.067563,0.434604,-0.223517,-0.110742,-0.511435,0.324285,0.074381,-0.536573,0.053902,-0.232436,-0.208792,0.111333,0.632491,-0.436882,-0.550993,0.367544,-0.050106,0.035949,-0.565756,0.071695,0.201691,0.125976,-0.101648,0.0,-0.448202,-0.09287,0.230098,0.134015,-0.324559,-0.08891,0.29282,-0.242635,-0.007403,0.344403,0.019364,0.230098,0.0,-0.476396,0.00983,0.056556,-0.031615,-0.223946,-0.508488,-0.224505,-0.554468,0.096508,0.201691,0.037451,-0.086126,-0.685308,0.088258,0.403339,0.350952,-0.242711,-0.106681,-0.433554,-0.046074,0.332592,-0.569445,-0.38344,-0.293803,-0.09287,-0.223946,-0.106039,-0.335832,0.321959,-0.253368,-0.106681,-0.278265,-0.49975,0.03994,-0.460473,-0.060239,0.302536,#
15,0.046135,-0.119466,-0.567645,0.386428,0.262551,-0.16876,-0.119466,-0.476818,-0.395767,-0.234418,0.382466,-0.237411,0.075304,-0.02572,-0.417743,1.0,0.183089,0.059942,-0.283839,0.193056,-0.43999,0.026701,0.075304,-0.104833,0.323562,-0.274056,-0.100152,0.446374,-0.119466,-4.9e-05,0.430101,-0.542714,0.229889,-4.9e-05,-0.135995,0.642111,0.343532,0.046522,-0.011296,0.428074,-0.232879,-0.357774,0.23146,0.450461,-0.13317,0.110998,0.617061,0.154956,0.281259,0.229889,0.379505,0.416954,-0.40129,0.322229,-0.23983,-0.40281,-0.145559,0.379505,0.254827,0.079707,-0.370827,0.570937,0.472367,-0.44314,-0.592103,-0.366866,0.086598,-0.250023,-0.625078,-0.102674,0.25698,0.398742,0.823357,-0.109985,0.446812,0.281811,0.163301,-0.597288,0.65118,-0.265493,0.270765,0.597781,-0.420317,0.237813,0.356679,-0.181443,-0.259372,0.118625,-0.271179,0.356679,0.082457,0.380299,-0.265493,0.069374,-0.165592,-0.271179,0.446812,0.237813,0.08023,-0.271921,0.512869,0.163301,-0.349369,0.41915,0.247674,0.401151,0.407951,0.013248,0.175112,-0.407617,-0.437431,0.401151,-0.119107,0.082457,-0.440949,0.622179,-0.109985,0.097158,-0.10252,0.390963,0.082457,0.0,-0.593488,0.284951,0.472367,0.107937,-0.56613,0.330956,-0.153997,-0.149368,-0.141787,0.082457,0.187064,0.520911,0.107937,0.003852,0.117115,-0.666068,-0.152491,0.107937,0.356679,-0.165592,-0.058041,-0.311898,0.282431,0.501351,0.401151,0.052203,-0.157428,0.0,0.118723,-0.165592,-0.271921,0.147718,-0.083148,0.408683,-0.288747,-0.181611,0.08023,-0.407003,0.112733,-0.271921,0.0,0.018059,0.527614,0.116328,-0.075788,0.417291,-0.271921,0.132047,0.223008,0.181937,0.401151,0.129875,-0.1465,0.433062,-0.271179,-0.154809,-0.637512,0.013248,-0.20253,0.114133,-0.105492,-0.210908,0.236056,0.175112,-0.104789,0.270765,0.417291,0.327954,-0.072011,-0.436619,0.240131,-0.20253,0.127995,0.295676,0.550981,0.129875,0.1435,0.07673,#
16,0.014896,-0.072574,-0.591884,0.425546,0.238216,0.661041,-0.072574,0.280575,-0.815844,-0.989356,-0.068218,-0.245909,-0.337345,-0.815048,0.073231,0.183089,1.0,-0.457364,0.07614,-0.630842,-0.416185,-0.022686,-0.337345,-0.112704,-0.112704,0.134437,-0.227024,-0.068283,-0.072574,-2.3e-05,-0.061085,-0.177279,-0.412227,-2.3e-05,0.269858,0.125808,-0.343448,-0.403743,-0.410585,0.439691,-0.657389,-0.368912,0.26842,0.323427,-0.090021,0.566804,-0.136036,-0.745394,-0.185742,0.280575,0.41766,0.350824,-0.401329,0.377227,0.275622,0.11305,0.4072,0.41766,0.262326,0.295516,-0.370721,0.091876,0.472792,0.208103,-0.709964,-0.203279,0.07755,-0.240573,-0.50656,-0.059951,0.258792,-0.409928,0.358893,-0.117759,0.391014,0.282187,0.163274,0.193865,-0.165652,-0.272849,0.246277,0.57343,0.35953,-0.213928,0.356667,-0.586383,0.543645,0.14309,-0.278433,0.356667,0.073486,-0.113021,0.14309,0.03484,0.246277,-0.278433,0.391014,0.237579,-0.403846,0.414276,0.546277,0.163274,0.500334,-0.005394,-0.411853,0.38886,-0.130179,0.800306,-0.272849,0.123268,-0.066482,0.38886,0.391954,0.073486,-0.41003,0.622185,-0.117759,0.071234,-0.102767,0.06317,0.073486,0.0,-0.213928,0.389901,0.472792,-0.357286,-0.590435,0.33148,0.275896,0.237579,-0.158751,0.073486,0.997507,0.147369,0.081816,0.003809,0.125808,-0.261473,0.009928,0.081816,-0.117759,-0.197339,-0.119161,0.602403,0.225806,0.444479,0.38886,-0.21127,0.225806,0.0,0.058446,-0.609268,0.414276,0.597446,-0.113021,0.310234,-0.697776,-0.599761,-0.403846,0.599935,0.093857,-0.271948,0.0,-0.301201,0.09258,0.167645,-0.101495,0.393518,-0.271948,0.140985,0.281223,0.106524,0.38886,0.514597,-0.545231,0.003809,-0.278433,-0.07099,-0.576663,0.391014,-0.565015,-0.323231,0.79363,0.281223,-0.119134,-0.272849,-0.096029,-0.165652,0.810512,-0.053461,0.363382,0.586649,0.323816,-0.580939,0.170545,0.270825,0.156071,0.514597,-0.765699,-0.407922,#
17,0.253995,0.149977,0.026491,0.124099,-0.530954,-0.620829,0.745474,-0.257367,0.332566,0.459899,0.408695,0.075031,0.578589,0.770769,0.090395,0.059942,-0.457364,1.0,0.157683,0.863666,-0.164005,-0.156235,0.077145,0.039873,0.00119,0.117199,0.321372,-0.029022,0.745474,-0.000106,0.213952,-0.172053,-0.110106,-0.000106,-0.13506,0.27568,-0.142862,0.317805,-0.098061,0.110856,0.142266,-0.142862,0.288056,-0.266316,-0.003916,-0.397465,-0.007716,0.567234,0.39767,-0.286819,0.187497,-0.394496,0.378853,-0.207379,-0.056496,-0.167295,0.184448,-0.410789,0.31498,-0.247042,0.595969,-0.2138,-0.441279,-0.144588,0.379428,0.329523,-0.172133,0.403525,0.169549,0.201897,-0.114932,0.055735,-0.075701,-0.479294,-0.315604,-0.236653,-0.377432,-0.543827,-0.085067,0.194845,-0.050717,-0.377432,-0.695051,-0.094395,-0.576535,0.469585,-0.395674,-0.317261,-0.286897,-0.576535,-0.752267,-0.289733,-0.759998,-0.438571,-0.523535,-0.286897,-0.315604,-0.186939,0.082417,0.110855,-0.530141,-0.377432,-0.504604,-0.213081,-0.113205,-0.501767,0.168099,-0.315604,0.194845,0.271974,0.12532,-0.501767,-0.407372,-0.167448,0.304484,-0.279913,-0.479294,-0.393318,0.412279,-0.293201,-0.167448,0.0,-0.059434,-0.571805,-0.441279,0.116525,0.022627,0.448523,-0.256949,-0.151978,-0.075031,-0.167448,-0.488701,-0.478856,0.116525,-0.207296,0.27568,-0.300123,-0.188023,-0.387483,-0.479294,0.04021,0.415164,-0.544411,-0.158871,-0.035512,-0.501767,0.922952,-0.158871,0.0,0.002601,0.04021,0.110855,-0.441353,-0.247886,-0.087881,0.022626,0.761621,0.082417,-0.319521,0.475938,0.28589,0.0,-0.104372,0.08944,0.060012,0.007639,-0.210125,-0.501767,0.293659,-0.163205,0.146508,-0.501767,0.011582,0.000515,-0.207296,-0.286897,0.40138,0.016172,-0.315604,0.409888,0.119197,-0.168884,0.295666,0.300219,-0.282577,0.216649,0.422102,-0.298761,0.40138,-0.379875,-0.275528,-0.24467,0.026046,0.271496,-0.548762,-0.330938,-0.499757,0.113692,0.385077,#
18,0.356795,-0.155691,0.28601,-0.014594,-0.255452,-0.255452,0.422589,0.303057,0.093486,-0.032293,-0.139093,-0.208175,0.547454,0.107457,0.161875,-0.283839,0.07614,0.157683,1.0,0.281549,-0.002305,0.370866,0.547454,0.467023,-0.040092,-0.176756,0.017076,-0.138047,0.422589,0.0,-0.338376,0.028014,0.303057,0.0,0.216148,0.042494,0.160075,0.022576,-0.338376,0.325784,0.200232,-0.435949,0.231298,-0.410987,0.384687,-0.254344,0.118119,0.062299,-0.497317,-0.469161,-0.127039,-0.120958,0.057849,-0.410997,0.16458,0.457173,0.403731,-0.708028,0.225266,-0.330328,0.13834,-0.383409,-0.25814,0.315442,-0.085415,0.312487,-0.403584,0.132462,-0.013792,0.572406,-0.395962,0.358959,-0.133795,-0.528285,-0.4372,-0.470212,0.167532,-0.149827,-0.617103,0.259547,0.663214,0.079614,0.019009,-0.986555,-0.131678,0.292364,0.191214,-0.284313,-0.201723,-0.131678,-0.403483,-0.149403,0.17039,-0.828652,0.663214,-0.201723,-0.4372,-0.141792,-0.738817,-0.269126,-0.44072,0.167532,0.05841,0.000477,0.27563,-0.269126,-0.585242,-0.068724,0.259547,-0.403427,-0.015061,-0.269126,0.441511,0.164427,0.452592,0.055214,-0.037248,0.037883,-0.017794,0.004106,0.164427,0.0,-0.060911,-0.098592,-0.25814,0.132817,0.280494,0.148536,0.535367,0.316536,0.190827,0.164427,0.100877,0.043398,0.528131,0.452592,0.042494,0.156131,0.096826,0.038695,-0.528285,0.292364,-0.02776,-0.045389,-0.149827,0.076551,-0.269126,0.019035,-0.149827,0.0,-0.339411,-0.078487,-0.269126,-0.2608,0.399205,-0.526452,0.044889,0.110223,-0.238069,0.068591,0.555972,0.495759,0.0,0.259714,0.049013,-0.268758,0.343096,0.363801,-0.269126,0.612203,-0.221704,-0.219684,-0.269126,0.555972,-0.023129,0.000965,-0.201723,-0.034191,0.339891,0.019009,-0.479797,0.166113,0.267269,0.252435,-0.586295,-0.204071,0.769069,0.292364,-0.083778,-0.10013,-0.138695,0.066564,-0.393268,0.325596,0.596276,0.181618,-0.276319,0.059417,-0.404276,0.169974,#
19,0.402579,0.049473,0.231379,-0.065189,-0.281414,-0.711325,0.597265,-0.300209,0.474989,0.628077,0.486633,-0.13804,0.790169,0.877922,-0.03355,0.193056,-0.630842,0.863666,0.281549,1.0,0.018156,0.023953,0.328896,0.14733,0.111746,-0.09565,0.289158,0.082497,0.597265,-4.9e-05,0.077905,-0.176568,0.404203,-4.9e-05,-0.264557,0.338127,0.356397,0.459158,0.077905,0.15833,0.267097,-0.208204,0.129166,-0.330305,0.106966,-0.602584,0.388317,0.775739,0.270437,-0.327302,0.081926,-0.39383,0.431669,-0.296189,-0.051969,-0.133176,0.077248,-0.468431,0.151865,-0.311138,0.433733,-0.108099,-0.508111,-0.199057,0.26574,0.206476,-0.073833,0.242883,0.035929,0.158732,-0.179187,0.536216,0.041013,-0.330276,-0.43188,-0.280896,-0.209225,-0.608464,0.128624,0.317182,0.160222,-0.209225,-0.78093,-0.19807,-0.419727,0.638843,-0.54568,-0.153899,-0.125942,-0.419727,-0.607515,0.071103,-0.561169,-0.483643,-0.274719,-0.125942,-0.43188,-0.2832,-0.007196,-0.405216,-0.604375,-0.209225,-0.541644,-0.027033,0.401258,-0.405216,0.106525,-0.43188,0.317182,-0.101346,-0.01655,-0.405216,-0.425618,-0.069545,0.449025,-0.173001,-0.330276,-0.103725,0.135898,-0.102285,-0.069545,0.0,-0.16591,-0.416166,-0.508111,0.36516,0.227761,0.338442,-0.272583,-0.25104,0.13804,-0.069545,-0.631255,-0.185818,0.36516,-0.021757,0.338127,-0.13804,-0.007862,-0.098472,-0.330276,0.243864,0.152519,-0.629351,-0.254347,-0.088849,-0.405216,0.621821,-0.254347,0.0,-0.075071,0.243864,-0.405216,-0.601851,0.109598,-0.301318,0.331003,0.635737,-0.007196,-0.606514,0.357606,0.319343,0.0,0.282025,0.340183,-0.162163,0.117705,-0.024352,-0.405216,0.354623,-0.298597,-0.083737,-0.405216,-0.069551,0.107416,-0.021757,-0.125942,0.087448,0.215711,-0.43188,0.224781,0.359525,-0.413273,0.123514,0.123897,-0.121993,0.398695,0.595163,-0.448333,0.476107,-0.39483,-0.590985,-0.300953,0.224781,0.326457,-0.29835,-0.166725,-0.539927,0.352202,0.438761,#
20,-0.202616,0.485724,0.415596,-0.215236,0.017448,0.017448,-0.022085,0.325113,0.209252,0.371548,-0.214783,0.006328,0.201005,0.181949,0.210625,-0.43999,-0.416185,-0.164005,-0.002305,0.018156,1.0,0.125543,0.201005,-0.209022,0.219167,-0.392417,0.034554,-0.296076,-0.022085,4.7e-05,-0.179001,0.025088,0.325113,4.7e-05,-0.412748,-0.49988,0.238735,-0.255745,0.586626,-0.333253,0.359893,0.238735,-0.421672,-0.150106,0.197142,-0.375679,-0.189709,0.148268,0.029015,0.325113,-0.52264,0.056885,0.499425,0.223436,0.270151,0.076923,-0.003506,-0.012453,-0.447013,-0.384121,0.217338,-0.015489,-0.076932,-0.25824,0.452837,0.237232,0.014152,0.08235,0.448858,-0.060782,-0.343869,0.129304,-0.654326,0.2414,-0.581631,-0.353463,0.017905,0.466704,-0.005726,0.029811,-0.385958,-0.398995,0.250413,0.017665,-0.206382,0.412976,0.042014,0.413745,0.434806,-0.206382,0.018259,0.50704,0.029811,0.246919,0.032745,0.434806,-0.581631,0.017665,-0.195047,-0.333253,-0.235855,0.017905,0.273811,-0.184602,0.358301,-0.333253,0.025361,-0.165609,-0.392967,-0.012367,0.293373,-0.333253,0.039873,0.018259,0.61055,-0.499625,0.2414,0.245609,-0.223112,-0.22445,0.018259,0.0,0.05682,0.191015,-0.076932,-0.186539,0.435944,-0.41851,-0.406457,-0.36933,0.420806,0.018259,-0.38636,-0.233692,-0.186539,-0.175298,0.003875,0.828956,0.650874,-0.186539,-0.206382,0.032745,-0.197454,0.175807,-0.377421,-0.604416,-0.333253,-0.251444,0.044641,0.0,-0.175343,0.032745,-0.333253,-0.366195,0.043816,-0.651894,0.615314,-0.110029,-0.195047,0.033435,-0.205895,-0.333253,0.0,0.456344,-0.216944,-0.021036,0.22493,-0.182726,0.33842,-0.499625,-0.030827,-0.367754,-0.333253,-0.617104,0.655892,-0.587142,0.434806,0.191974,0.792778,-0.165609,-0.044411,-0.251896,-0.209915,-0.030827,-0.044411,-0.392967,-0.08542,-0.385958,-0.590878,0.191974,0.058147,0.004761,-0.409313,0.376429,-0.045975,-0.418471,-0.021628,-0.617104,0.135719,-0.0155,#
