0,1.0,0.13368,0.640601,-0.029764,0.367294,0.418612,0.259443,0.0,0.830834,-0.027446,-0.413178,0.149407,-0.413109,0.641337,-0.27176,-0.628044,-0.101203,-0.109476,-0.367494,0.361468,-0.624543,-0.389395,-0.567462,-0.529448,0.363534,-0.245588,0.52503,0.152403,0.367294,0.119729,-0.63015,0.086988,-0.35781,-0.107277,-0.263098,0.173808,0.082822,-0.159526,-0.27176,0.080227,-0.533727,-0.213865,-0.440548,-0.258978,-0.27176,-0.204971,0.36959,0.468212,-0.083279,0.813494,0.037374,-0.174903,0.06819,0.31998,-0.351002,-0.019097,0.386512,0.037374,-0.509197,0.286442,-0.513278,0.798565,0.313183,-0.378934,-0.55397,-0.196301,0.0,0.42035,-0.10333,0.31998,-0.159526,-0.087807,0.361468,0.08412,-0.004853,-0.145135,-0.40764,-0.310507,0.166075,-0.406857,-0.048209,-0.366425,0.107788,0.09211,-0.263208,0.166075,-0.70045,-0.174342,-0.221843,-0.582336,-0.004853,-0.084919,0.305021,0.111323,-0.174342,-0.27176,-0.004853,-0.17681,0.166075,-0.263208,0.037374,-0.310507,-0.174342,0.09211,-0.235335,0.124538,0.625676,-0.174342,-0.084919,-0.533727,0.12368,0.0,0.166075,-0.40764,0.198833,-0.40764,-0.421968,-0.494792,0.202721,-0.263208,0.305021,-0.101531,0.028064,-0.004853,0.140813,-0.263208,-0.174342,0.011433,-0.028497,-0.084919,0.074708,0.111323,-0.17681,0.166839,0.028064,-0.101531,0.414236,0.166075,0.269668,0.198833,0.414236,-0.597729,0.309154,-0.384014,-0.174342,-0.160922,0.09211,0.588124,-0.122485,0.322266,-0.304204,-0.004853,0.641143,0.0,0.479031,0.107788,0.05227,0.156744,0.198833,-0.004853,-0.195955,-0.27176,0.554816,0.366726,-0.004853,0.037973,-0.136796,0.1983,0.414236,-0.665674,-0.017426,0.298445,0.111323,-0.17681,-0.250516,-0.174342,0.111323,0.235574,0.244899,-0.755476,0.185966,0.182464,-0.200297,-0.196644,0.026136,-0.004853,0.593381,-0.406857,-0.587895,0.322036,-0.174342,-0.250516,0.037973,0.502266,-0.16112,-0.202335,-0.201659,-0.582336,0.334976,0.0,#
1,0.13368,1.0,-0.408054,0.017349,0.838437,-0.419771,0.311828,0.0,-0.096169,0.407631,-0.01077,-0.26584,0.475431,0.208786,-0.272101,-0.017021,-0.117973,-0.070653,-0.20793,0.414757,0.432241,0.537099,0.294094,0.357066,-0.101965,-0.262074,0.521732,0.162982,0.417006,0.13368,-0.571461,-0.407775,0.133413,-0.533908,0.599709,-0.269918,0.562181,-0.999099,-0.272101,0.134986,-0.084743,0.798465,0.2629,-0.253318,0.414757,0.512473,-0.107699,0.475883,0.369352,0.008554,0.398102,-0.998534,0.091466,-0.572535,-0.430605,-0.488603,0.445725,0.398102,0.405932,0.369903,-0.365062,-0.077151,-0.195657,0.345432,-0.117875,0.345542,0.0,0.483978,0.34457,-0.036785,-0.578766,-0.449929,0.414757,-0.312468,-0.394518,-0.37924,-0.408152,-0.281376,-0.666057,-0.399357,-0.436426,-0.789164,-0.275845,-0.407944,-0.239854,-0.666057,-0.112316,-0.570708,-0.211907,-0.150595,-0.394518,-0.534125,-0.11101,-0.407944,-0.570708,-0.272101,-0.815673,-0.629196,-0.666057,-0.666179,0.398102,-0.281376,-0.570708,0.121648,0.249463,-0.308324,-0.206814,-0.570708,-0.534125,-0.084743,0.162212,0.0,-0.23372,-0.408152,-0.174314,0.106991,-0.399357,-0.255506,-0.255139,-0.239854,-0.11101,-0.534125,-0.36866,-0.815673,-0.519576,-0.239854,-0.570708,0.030178,0.435131,-0.534125,0.092494,-0.407944,-0.101483,0.128476,-0.83171,-0.534125,-0.272101,-0.23372,0.042937,-0.610098,-0.272101,-0.150595,-0.101075,-0.352694,-0.14254,-0.062492,-0.407944,0.216483,-0.627557,-0.11101,-0.738277,-0.815673,-0.408152,0.0,0.062561,-0.275845,-0.306618,0.693678,-0.610098,-0.815673,0.377743,-0.272101,-0.270249,0.389261,-0.815673,0.532959,0.321616,-0.271609,-0.272101,-0.245897,-0.023534,0.464184,-0.407944,-0.101483,0.245272,-0.570708,-0.407944,-0.17573,0.238919,-0.488946,0.646469,-0.247428,0.009658,0.37388,0.081849,-0.815673,-0.329363,-0.399357,0.280518,0.344541,-0.570708,0.646682,0.532959,0.073416,-0.110271,-0.599186,0.232504,-0.574907,-0.13936,0.0,#
2,0.640601,-0.408054,1.0,0.005906,-0.018273,0.479186,-0.098288,0.0,0.755578,-0.499697,-0.499697,0.086212,-0.495263,0.111987,-0.166627,-0.379201,-0.327035,0.184304,0.035649,-0.166627,-0.985417,-0.763187,-0.606575,-0.490786,0.186773,-0.40815,0.320301,0.184095,-0.018273,-0.407543,0.189957,0.362323,-0.398982,0.200519,-0.599357,0.0822,0.11742,0.387884,-0.166627,-0.221022,-0.327248,-0.32078,-0.658816,-0.085787,-0.166627,-0.443173,0.200386,0.348888,-0.367455,0.479186,-0.116537,0.368451,0.148212,0.098727,0.141175,-0.009805,0.214167,-0.116537,-0.722017,0.143499,-0.004385,0.763333,0.261462,-0.665331,-0.107641,-0.337174,0.0,0.233336,-0.339574,0.098727,0.387884,0.194213,-0.166627,0.11886,0.465437,-0.004385,-0.24994,-0.40732,0.582676,-0.031812,-0.021023,0.282957,0.104302,0.368771,0.090017,0.582676,-0.383757,0.369317,-0.101523,-0.13534,0.465437,0.187198,0.228484,0.344979,0.369317,-0.166627,0.465437,0.213365,0.582676,0.090017,-0.116537,-0.40732,0.369317,0.368771,-0.106643,0.11156,0.397448,0.369317,0.187198,-0.327248,0.084622,0.0,0.582676,-0.24994,0.387633,-0.24994,-0.013099,0.082296,0.09915,0.090017,0.228484,0.207769,0.299554,0.465437,0.17641,0.090017,0.369317,0.230374,-0.224963,0.187198,0.291389,0.344979,0.213365,-0.064462,0.299554,0.207769,0.682842,0.582676,0.208323,0.387633,0.682842,-0.116278,0.028173,0.042085,0.369317,0.189957,0.368771,0.035723,0.205237,0.20713,0.334826,0.465437,0.99976,0.0,0.308377,0.104302,-0.002146,-0.196563,0.387633,0.465437,-0.379316,-0.166627,0.611345,-0.015471,0.465437,-0.252358,-0.325642,0.158543,0.682842,-0.40815,-0.035629,0.171833,0.344979,0.213365,-0.642703,0.369317,0.344979,0.56496,0.396569,-0.033216,-0.142309,0.085166,-0.09626,-0.390257,-0.256853,0.465437,0.631261,-0.031812,-0.669582,0.17028,0.369317,-0.642703,-0.252358,0.503488,-0.373774,-0.136147,-0.118551,-0.13534,0.222079,0.0,#
3,-0.029764,0.017349,0.005906,1.0,0.202975,-0.236907,0.453077,0.0,-0.233004,0.611277,-0.208365,0.001786,0.277656,-0.374329,-0.333062,0.545105,-0.222457,0.013628,-0.414543,0.327977,0.033542,0.22449,-0.382597,0.165966,-0.65366,-0.39546,-0.250901,-0.400586,0.202975,-0.014067,0.023188,-0.022861,0.424902,0.643545,0.352853,-0.387094,-0.050494,0.006224,-0.333062,-0.17599,-0.204725,0.174817,0.314997,-0.484071,0.353401,0.239779,-0.653959,-0.286766,0.160306,0.175317,0.29115,0.00622,0.343775,-0.053177,-0.367013,-0.490883,-0.032608,0.29115,-0.307624,-0.294216,-0.460493,0.218783,0.431663,-0.240294,-0.340209,-0.510271,0.0,-0.449236,-0.308693,-0.053177,0.006224,-0.127748,0.327977,0.382059,0.19504,-0.460493,-0.022882,0.386221,0.409861,-0.196927,-0.207955,0.224884,-0.041348,-0.01797,0.392678,-0.022227,0.466538,-0.009333,0.013942,0.017713,-0.225873,-0.230045,0.625481,-0.009257,0.418589,-0.333062,-0.225873,-0.043408,-0.422308,0.392678,0.29115,0.386221,0.418589,0.511318,0.371445,0.033923,-0.037382,-0.009333,-0.653788,-0.238013,-0.439518,0.0,-0.022227,0.015255,-0.048751,0.530102,0.18168,0.129602,-0.396157,0.392678,0.625481,0.643806,0.186447,0.19504,-0.435875,0.818758,-0.437255,-0.334509,0.339825,0.227597,-0.220699,-0.009257,0.484001,0.834116,0.186447,0.643806,0.327977,-0.422308,-0.387202,0.386783,0.327977,0.403389,0.615157,-0.279445,0.418589,0.513025,0.472111,-0.446815,0.018249,-0.246419,-0.317813,-0.194694,-0.003814,0.0,0.200601,0.364028,-0.367349,0.05122,0.386783,0.19504,0.484001,0.302552,-0.029996,0.199531,-0.225873,-0.670548,-0.177415,-0.000326,0.327977,0.414143,-0.211264,-0.451694,-0.009257,-0.043408,-0.392166,0.418589,-0.499338,-0.10324,-0.413486,-0.1053,-0.004027,-0.454303,0.959578,0.488963,-0.648932,0.19504,-0.106391,-0.196927,0.000547,-0.668283,-0.437255,0.009014,-0.670548,0.13428,0.546841,0.01994,0.021591,0.017713,-0.029404,0.0,#
4,0.367294,0.838437,-0.018273,0.202975,1.0,-0.243068,0.457061,0.0,0.181721,0.215873,-0.199409,-0.051908,0.284842,0.054297,-0.333003,0.059713,-0.240605,-0.00052,-0.252808,0.348736,0.056858,0.244864,0.062818,0.16905,-0.22471,-0.414267,0.638811,0.243424,0.581709,-0.021232,-0.495461,-0.045642,-0.018265,-0.262652,0.36888,-0.422002,0.406549,-0.837609,-0.333003,0.244405,-0.207702,0.671366,0.315729,-0.477975,0.348736,0.520865,-0.230457,0.612371,0.518296,0.182065,0.298477,-0.851939,0.345875,-0.575539,-0.38549,-0.488664,0.532079,0.298477,0.130225,0.409212,-0.446771,0.211711,-0.086161,-0.208985,-0.345996,-0.015732,0.0,0.559284,-0.022757,-0.043783,-0.420409,-0.421154,0.348736,-0.075038,-0.215796,-0.460841,-0.499505,-0.433111,-0.441034,-0.585075,-0.621565,-0.676418,-0.048589,-0.040996,-0.023237,-0.441034,-0.034122,-0.426975,-0.064333,-0.380565,-0.215796,-0.653673,0.177724,-0.49925,-0.426975,-0.333003,-0.633812,-0.543925,-0.441034,-0.446385,0.298477,-0.433111,-0.426975,0.484649,0.3904,-0.075801,-0.055169,-0.426975,-0.653673,-0.207702,0.007154,0.0,-0.01192,-0.499505,-0.026618,0.011799,-0.224648,-0.314748,-0.406843,-0.023237,0.177724,-0.257449,-0.25278,-0.633812,-0.437026,-0.023237,-0.426975,0.129111,0.346927,-0.653673,0.201853,-0.49925,-0.020145,0.299507,-0.712379,-0.257449,0.296294,-0.01192,0.121294,-0.459154,0.296294,-0.013408,0.100322,-0.297034,-0.001998,0.009715,-0.040996,0.063832,-0.545367,-0.233571,-0.606321,-0.633812,-0.027532,0.0,0.178559,-0.048589,-0.454459,0.466054,-0.459154,-0.633812,0.455509,-0.333003,-0.037349,0.197928,-0.633812,0.223519,0.196234,-0.170211,0.296294,-0.39821,-0.226337,0.603248,-0.49925,-0.020145,0.000715,-0.426975,-0.49925,0.038948,0.386911,-0.600673,0.392466,-0.416351,0.18552,0.457562,-0.223821,-0.633812,-0.0885,-0.585075,0.258096,0.199831,-0.426975,0.399134,0.223519,0.263021,-0.012161,-0.47507,0.376522,-0.801714,-0.054449,0.0,#
5,0.418612,-0.419771,0.479186,-0.236907,-0.243068,1.0,0.000665,0.0,0.637094,-0.202921,0.203545,0.396805,-0.990131,0.033732,-0.33312,-0.483066,0.671243,-0.047239,0.251977,-0.33312,-0.394009,-0.21971,0.049818,-0.5451,0.671879,0.016319,-0.20857,-0.222676,-0.243068,0.040817,-0.037217,-0.038401,-0.326309,0.190299,-0.332843,0.416494,-0.378807,0.407716,0.35977,-0.199267,-0.200632,-0.641304,-0.313227,-0.343832,-0.33312,0.049129,0.206549,-0.16969,-0.439648,0.567913,0.065948,0.39244,0.060206,0.447299,0.370697,0.698645,-0.057724,0.065948,-0.537411,0.355757,0.275308,0.208099,0.591966,-0.271606,-0.365453,-0.35897,0.0,0.021483,-0.458911,0.447299,0.407716,-0.133738,-0.33312,-0.41516,0.166129,0.63285,-0.0,-0.395524,0.380219,0.206954,-0.17836,0.197745,0.012747,0.500567,-0.027109,0.380219,-0.493084,-0.038763,0.37564,0.00503,0.590982,0.209742,0.225916,0.499426,-0.038763,-0.33312,0.590982,0.001138,0.396993,-0.027109,0.065948,0.040018,-0.038763,-0.033676,0.01256,-0.064042,0.39895,-0.038763,0.227509,0.235525,-0.413105,0.0,0.380219,-0.49968,0.423642,-0.49968,-0.228502,-0.357544,0.827675,-0.027109,0.225916,0.192963,0.225574,0.166129,0.442509,-0.027109,0.393165,0.341178,0.116935,0.209742,0.633116,0.499426,0.001138,0.020453,0.225574,0.192963,0.306471,-0.03914,-0.155138,-0.015969,0.306471,-0.010518,0.200835,0.360925,-0.038763,-0.037217,0.480019,0.063454,0.468038,-0.21772,0.11468,0.182469,0.479693,0.0,0.196779,-0.004249,-0.126691,0.011433,0.423642,0.590982,0.001138,0.33312,-0.016296,0.208774,0.590982,-0.208792,-0.268069,-0.090422,0.306471,0.016319,0.205684,0.083828,0.499426,0.001138,-0.411685,-0.038763,-0.014269,0.467923,-0.015856,-0.128806,-0.421046,0.028488,-0.22638,-0.015783,-0.220742,0.166129,0.384342,-0.213239,-0.276955,0.196189,0.393165,-0.411685,-0.208792,0.297719,0.032187,0.344132,-0.025718,0.00503,-0.0338,0.0,#
6,0.259443,0.311828,-0.098288,0.453077,0.457061,0.000665,1.0,0.0,0.088689,0.492346,-0.401825,-0.183745,-0.038799,0.210069,0.149668,0.039171,0.112423,0.071847,-0.453523,0.315965,0.084898,-0.018337,0.112622,-0.42995,-0.340878,-0.227434,0.340564,-0.355501,0.014913,-0.151243,-0.449467,0.304171,0.646461,0.08371,0.200499,-0.575023,-0.17342,-0.29852,-0.404657,-0.180602,0.039918,0.090629,0.379586,-0.78552,0.315965,0.11976,0.025348,0.300056,0.485848,0.450046,-0.271511,-0.314651,0.239155,0.038113,-0.280128,0.080571,0.612982,-0.271511,-0.201397,0.351142,-0.409038,0.107925,0.145421,-0.305702,-0.744186,-0.546287,0.0,0.051472,-0.431293,0.600199,0.142476,-0.455769,0.315965,0.154615,-0.402959,-0.037185,0.328438,0.19745,-0.15895,-0.019983,-0.471328,-0.127284,0.173427,-0.122285,-0.170694,0.189965,0.050988,-0.316371,0.528629,-0.612775,-0.402959,0.03716,0.564114,-0.072421,0.132845,0.149668,-0.063069,-0.485039,-0.246179,0.17337,-0.271511,-0.150991,0.132845,0.43334,0.202221,0.149314,0.54783,-0.316371,-0.424777,-0.341118,-0.227243,0.0,-0.15895,-0.191242,-0.238763,-0.066519,-0.07601,-0.206747,-0.104205,-0.170694,0.564114,0.086434,0.33301,-0.063069,-0.369043,0.276589,-0.316371,0.246746,-0.087936,-0.33239,-0.0462,-0.072421,-0.357272,0.592295,-0.152803,0.086434,0.260533,-0.246179,-0.348468,0.112934,0.260533,-0.224678,0.401479,-0.186184,-0.212706,-0.326239,0.41197,0.257852,0.061685,0.033459,-0.699014,-0.487932,-0.108093,0.0,0.796008,0.615342,-0.184371,0.363556,-0.238763,-0.402959,0.145511,0.288249,0.190618,0.485792,-0.063069,-0.13383,0.486862,0.112612,0.260533,-0.125598,0.356102,0.089973,-0.072421,0.068615,-0.307111,0.132845,-0.179272,-0.11702,0.093449,-0.534,-0.229375,-0.219479,0.325444,0.160738,-0.605196,-0.063069,-0.114787,-0.456994,0.012536,-0.36797,-0.316371,-0.209924,-0.13383,0.100971,0.570691,0.046989,-0.230026,-0.270336,0.035272,0.0,#
7,0.0,0.0,0.0,0.0,0.0,0.0,0.0,0.0,0.0,0.0,0.0,0.0,0.0,0.0,0.0,0.0,0.0,0.0,0.0,0.0,0.0,0.0,0.0,0.0,0.0,0.0,0.0,0.0,0.0,0.0,0.0,0.0,0.0,0.0,0.0,0.0,0.0,0.0,0.0,0.0,0.0,0.0,0.0,0.0,0.0,0.0,0.0,0.0,0.0,0.0,0.0,0.0,0.0,0.0,0.0,0.0,0.0,0.0,0.0,0.0,0.0,0.0,0.0,0.0,0.0,0.0,0.0,0.0,0.0,0.0,0.0,0.0,0.0,0.0,0.0,0.0,0.0,0.0,0.0,0.0,0.0,0.0,0.0,0.0,0.0,0.0,0.0,0.0,0.0,0.0,0.0,0.0,0.0,0.0,0.0,0.0,0.0,0.0,0.0,0.0,0.0,0.0,0.0,0.0,0.0,0.0,0.0,0.0,0.0,0.0,0.0,0.0,0.0,0.0,0.0,0.0,0.0,0.0,0.0,0.0,0.0,0.0,0.0,0.0,0.0,0.0,0.0,0.0,0.0,0.0,0.0,0.0,0.0,0.0,0.0,0.0,0.0,0.0,0.0,0.0,0.0,0.0,0.0,0.0,0.0,0.0,0.0,0.0,0.0,0.0,0.0,0.0,0.0,0.0,0.0,0.0,0.0,0.0,0.0,0.0,0.0,0.0,0.0,0.0,0.0,0.0,0.0,0.0,0.0,0.0,0.0,0.0,0.0,0.0,0.0,0.0,0.0,0.0,0.0,0.0,0.0,0.0,0.0,0.0,0.0,0.0,0.0,0.0,0.0,0.0,0.0,0.0,0.0,0.0,0.0,0.0,0.0,0.0,0.0,0.0,#
8,0.830834,-0.096169,0.755578,-0.233004,0.181721,0.637094,0.088689,0.0,1.0,-0.222548,-0.222548,0.324028,-0.648438,0.402711,-0.218161,-0.784826,0.036146,0.283112,0.182475,-0.218161,-0.709021,-0.53037,-0.340962,-0.642576,0.517617,-0.083046,0.456163,0.283083,0.181721,-0.078547,-0.276435,0.182841,-0.522379,0.011277,-0.306055,0.350479,-0.057226,0.064949,-0.218161,-0.061152,-0.42846,-0.419991,-0.535442,-0.321511,-0.218161,-0.196038,0.523713,0.485464,-0.112596,0.637094,-0.08352,0.048962,-0.067135,0.230294,0.227074,0.204019,0.310884,-0.08352,-0.453988,0.203792,-0.094926,0.519813,0.374538,-0.476837,-0.343875,-0.137972,0.0,0.317584,-0.247371,0.230294,0.064949,-0.255404,-0.218161,-0.093886,0.182575,0.300606,-0.327241,-0.533296,0.324742,-0.232023,-0.221962,-0.092073,-0.107173,0.188163,-0.119348,0.324742,-0.794032,0.04962,0.013886,-0.371125,0.182575,0.035814,0.034683,0.209631,0.04962,-0.218161,0.182575,-0.255446,0.324742,-0.119348,-0.08352,-0.533296,0.04962,0.188163,-0.379767,0.295862,0.520371,0.04962,0.035814,-0.42846,-0.089415,0.0,0.324742,-0.327241,0.065882,-0.327241,-0.248908,-0.239524,0.380424,-0.119348,0.034683,0.017252,-0.077071,0.182575,0.272753,-0.119348,0.04962,0.111487,-0.045773,0.035814,0.38151,0.209631,-0.255446,0.071964,-0.077071,0.017252,0.489388,0.324742,0.330344,0.065882,0.489388,-0.388326,0.188208,0.183844,0.04962,-0.276435,0.188163,0.431063,0.268714,0.053951,-0.036662,0.182575,0.756193,0.0,0.403751,-0.107173,0.218536,0.088835,0.065882,0.182575,-0.255446,-0.218161,0.349734,0.219255,0.182575,-0.054731,-0.002711,0.187224,0.489388,-0.534383,0.201955,0.331804,0.209631,-0.255446,-0.38203,0.04962,0.209631,0.442197,0.51922,-0.430671,0.070043,0.377698,-0.372797,-0.258975,-0.063379,0.182575,0.826498,-0.232023,-0.586412,0.493754,0.04962,-0.38203,-0.054731,0.345538,-0.232444,0.035267,0.050073,-0.371125,0.290764,0.0,#
9,-0.027446,0.407631,-0.499697,0.611277,0.215873,-0.202921,0.492346,0.0,-0.222548,1.0,0.174799,-0.011228,0.258832,0.04758,-0.333211,0.081003,0.21522,0.039278,-0.258976,0.343624,0.555017,0.64452,0.036241,0.143783,-0.228203,-0.01913,-0.222518,-0.420292,0.199901,0.374358,-0.451834,-0.499355,0.454465,0.236517,0.780184,-0.019124,-0.050118,-0.394445,-0.333211,-0.179582,-0.211321,0.17533,0.315725,-0.500292,0.343624,0.408172,-0.233911,-0.276101,0.193355,0.219154,0.398957,-0.37955,-0.048662,0.087838,-0.330905,-0.277732,0.011129,0.398957,0.100654,-0.232768,-0.447049,-0.20138,0.448957,0.402789,-0.36951,-0.050763,0.0,-0.433235,0.066104,0.108143,-0.378515,-0.523041,0.343624,-0.041168,-0.184803,-0.097792,0.00781,0.398178,0.020027,-0.178216,-0.221792,-0.193355,-0.430928,-0.499562,0.008258,-0.389615,-0.00309,-0.395595,-0.018484,0.014652,-0.583851,-0.202858,0.231391,0.022302,0.026325,-0.333211,-0.583851,-0.508901,-0.815643,0.008258,0.398957,0.398178,0.026325,0.022302,0.00727,-0.04239,-0.008712,-0.395595,-0.654082,-0.211321,-0.430928,0.0,-0.389615,-0.011714,-0.41034,0.495912,-0.194002,-0.096119,0.033573,0.008258,0.231391,0.231011,-0.204357,-0.184803,-0.404185,0.428363,-0.801288,-0.481964,0.560579,0.231011,-0.206698,0.022302,0.011111,0.784949,-0.221907,0.231011,-0.333211,-0.815643,-0.380792,0.002569,-0.333211,0.014652,0.572889,-0.211224,0.026325,0.049709,0.022302,0.057125,0.006855,-0.236995,-0.751685,-0.599813,-0.499817,0.0,0.224371,0.000738,-0.052382,0.523187,0.002569,-0.184803,0.483345,0.343624,-0.42549,0.612897,-0.583851,-0.224128,0.189735,-0.050441,-0.333211,0.411287,0.207716,-0.439233,0.022302,-0.4889,-0.000203,0.026325,-0.499562,-0.346541,-0.426465,-0.357074,0.388612,-0.04581,0.53968,0.488683,-0.224955,-0.184803,-0.134037,-0.194002,0.035324,-0.233238,-0.801288,0.39535,-0.224128,-0.146463,0.546578,0.038565,-0.013063,0.014652,-0.022608,0.0,#
10,-0.413178,-0.01077,-0.499697,-0.208365,-0.199409,0.203545,-0.401825,0.0,-0.222548,0.174799,1.0,0.431576,-0.146763,-0.397904,-0.333211,0.081776,0.640362,0.039278,0.455684,-0.333211,0.595281,0.645182,0.453081,0.296479,0.231609,0.411287,-0.628043,-0.181792,0.215873,0.438646,0.049709,-0.499355,-0.337449,0.236517,0.492118,0.419592,-0.354403,0.019117,0.343624,0.299031,-0.211321,-0.155283,0.341346,0.07838,-0.333211,0.581612,-0.233911,-0.584586,-0.001765,-0.21853,0.4034,0.034415,0.073665,0.087838,0.343232,0.243877,-0.508962,0.4034,0.343609,-0.258358,0.447049,-0.641813,0.101615,0.403803,0.076801,0.172593,0.0,-0.433235,-0.037682,-0.440094,-0.395082,-0.060345,-0.333211,-0.367866,0.230206,0.433078,-0.011714,0.02,0.020027,-0.194002,-0.159088,-0.193355,-0.382965,0.022302,0.428363,-0.406001,0.05429,0.026325,-0.034955,0.432773,0.230206,-0.220213,-0.202967,0.00223,-0.395595,-0.333211,-0.184803,0.06889,-0.389615,0.008258,0.4034,0.44545,-0.395595,-0.499562,0.038168,-0.025583,-0.410929,0.026325,-0.202858,0.657822,-0.382965,0.0,0.020027,0.00781,0.050283,0.00781,0.216455,-0.096119,0.386372,0.428363,-0.202967,0.231011,-0.627502,-0.184803,0.467447,0.008258,0.026325,-0.295331,0.560579,0.231011,0.229169,0.00223,0.06889,0.050095,-0.171208,0.231011,-0.333211,-0.389615,-0.194668,-0.379142,-0.333211,0.432773,0.229571,0.437491,0.026325,0.049709,0.00223,-0.303871,0.006855,-0.653338,0.179039,-0.168841,-0.499817,0.0,-0.662494,-0.399568,-0.036182,0.019298,0.050283,0.230206,0.541124,0.317592,-0.815024,-0.204662,-0.184803,-0.166489,-0.27712,-0.021554,-0.333211,0.411287,-0.17213,-0.268911,0.00223,-0.451122,0.464319,-0.395595,-0.499562,0.101083,-0.372769,0.150553,0.056694,-0.004067,-0.013436,0.552821,0.277627,-0.184803,-0.090329,0.216455,0.54556,0.248047,0.026325,0.464319,-0.166489,-0.549735,0.088791,0.443812,0.44717,0.014652,0.035591,0.0,#
11,0.149407,-0.26584,0.086212,0.001786,-0.051908,0.396805,-0.183745,0.0,0.324028,-0.011228,0.431576,1.0,-0.371977,-0.234862,-0.271921,-0.065469,0.348294,-0.117666,0.308504,-0.271921,-0.015922,0.108926,-0.128338,0.08018,0.382197,0.603418,-0.352391,0.379307,0.377585,0.631449,-0.109726,0.058038,-0.651106,0.337091,-0.103836,0.611951,-0.654385,0.253728,0.428074,0.568111,-0.075788,-0.523487,0.289738,-0.097802,-0.271921,0.385393,-0.099187,-0.315215,0.257975,-0.039713,0.175059,0.254851,-0.235854,0.367576,0.25677,0.285017,-0.630732,0.175059,0.203707,-0.397304,-0.176993,-0.103294,0.487105,-0.310068,-0.100536,0.046846,0.0,-0.098711,-0.046981,-0.178421,-0.174644,-0.264948,-0.271921,0.194621,-0.011739,0.184216,-0.407882,-0.224705,0.159108,-0.39085,0.053084,0.091041,0.170848,0.602573,0.147519,-0.281498,-0.091412,-0.181443,0.189841,-0.133702,-0.011739,-0.533771,-0.110856,-0.407674,-0.181443,-0.271921,-0.011739,-0.080441,0.159108,0.147519,0.175059,0.215303,-0.181443,0.062852,-0.173406,0.544818,-0.198693,-0.181443,-0.067108,-0.075788,-0.66479,0.0,-0.281498,0.117115,-0.165501,0.117115,-0.020772,-0.490602,0.13565,0.147519,-0.110856,0.339727,-0.359174,-0.011739,0.366263,0.147519,-0.181443,-0.44649,0.214457,-0.067108,0.058802,-0.407674,-0.080441,0.273459,0.112733,0.339727,0.374228,-0.281498,0.474606,-0.165501,0.374228,0.243287,0.412423,0.310175,-0.181443,-0.109726,0.062852,-0.1398,0.394393,-0.533165,0.165668,0.417471,0.07673,0.0,-0.395662,-0.275589,0.135995,-0.499233,0.278618,0.417471,0.407951,-0.271921,-0.269995,-0.41583,-0.011739,-0.354689,-0.144539,-0.106057,0.374228,0.191247,-0.409798,0.08655,-0.407674,-0.618247,0.270732,-0.181443,-0.407674,-0.197348,-0.185821,-0.225928,-0.151383,0.136596,0.055004,0.406798,0.109517,-0.011739,0.517865,-0.39085,0.249931,-0.105182,-0.181443,0.270732,-0.354689,0.088341,0.454202,0.682311,0.656813,-0.133702,-0.119107,0.0,#
12,-0.413109,0.475431,-0.495263,0.277656,0.284842,-0.990131,-0.038799,0.0,-0.648438,0.258832,-0.146763,-0.371977,1.0,-0.077131,0.202414,0.503254,-0.648184,0.007251,-0.249859,0.362215,0.428099,0.319877,-0.054504,0.631061,-0.648151,-0.058714,0.164095,0.210706,0.284842,0.01442,0.016699,-0.080441,0.290457,-0.183635,0.403427,-0.376471,0.432177,-0.462884,-0.330255,0.197263,0.153434,0.697315,0.313743,0.327733,0.362215,0.045137,-0.290645,0.122245,0.392835,-0.558306,0.074544,-0.446333,-0.042084,-0.48596,-0.406731,-0.759188,0.012145,0.074544,0.539749,-0.353132,-0.300152,-0.199376,-0.522378,0.325938,0.377525,0.389914,0.0,-0.021629,0.493674,-0.48596,-0.462884,0.103615,0.362215,0.348929,-0.140806,-0.671771,-0.09588,0.34971,-0.372537,-0.247297,0.151399,-0.237543,-0.075116,-0.49513,0.051063,-0.473122,0.487253,-0.016972,-0.432145,0.070565,-0.565402,-0.293165,-0.221581,-0.49513,-0.016972,0.202414,-0.663385,-0.027283,-0.473122,-0.048124,0.074544,0.014881,-0.016972,0.038789,0.046488,-0.01452,-0.475226,-0.016972,-0.293165,-0.19528,0.366521,0.0,-0.372537,0.423472,-0.380765,0.543322,0.172641,0.324082,-0.806117,0.051063,-0.221581,-0.186631,-0.26813,-0.23879,-0.479909,0.051063,-0.448638,-0.37979,0.012586,-0.186631,-0.583877,-0.49513,0.095491,0.019145,-0.26813,-0.186631,-0.330255,-0.037254,0.136106,-0.042808,-0.330255,0.070565,-0.178326,-0.3886,0.082644,0.135114,-0.49513,-0.118917,-0.511758,0.147038,-0.156314,-0.23879,-0.495382,0.0,-0.257921,-0.075116,0.048252,0.044606,-0.380765,-0.565402,0.095491,-0.330255,-0.064378,-0.169143,-0.663385,0.204583,0.199629,0.01455,-0.330255,0.039143,-0.259353,-0.088133,-0.49513,-0.027283,0.40718,-0.016972,-0.084423,-0.460544,-0.038032,0.113636,0.495668,-0.090231,0.281801,0.10802,0.217802,-0.23879,-0.409105,0.172641,0.294857,-0.173343,-0.448638,0.50057,0.204583,-0.255713,-0.042718,-0.393296,0.082247,-0.028153,-0.013283,0.0,#
13,0.641337,0.208786,0.111987,-0.374329,0.054297,0.033732,0.210069,0.0,0.402711,0.04758,-0.397904,-0.234862,-0.077131,1.0,0.292527,-0.696847,-0.086966,-0.164015,-0.417659,0.461293,-0.191083,-0.305615,-0.273834,-0.482358,0.372406,0.113682,0.5317,0.120333,0.054297,0.190491,-0.698237,0.033073,-0.002143,-0.529834,-0.204037,0.18286,0.125263,-0.234099,-0.270025,0.029614,-0.162042,-0.162611,-0.4293,0.151675,-0.270025,-0.526178,0.756041,0.44402,-0.053607,0.489783,-0.309143,-0.233305,-0.327383,0.436841,-0.403952,0.119837,0.400825,-0.309143,-0.082504,0.204831,-0.415109,0.39872,-0.136227,0.181978,-0.278489,0.204207,0.0,0.357086,0.33349,0.436841,-0.234099,0.02255,0.461293,0.082434,-0.402233,-0.037737,0.016877,0.102155,-0.242948,-0.065766,0.354049,-0.420954,0.113215,-0.404832,-0.661097,0.111146,-0.688662,-0.226578,-0.260427,-0.581327,-0.402233,0.287735,-0.07959,0.107232,-0.226578,0.292527,-0.057298,-0.171683,0.111146,-0.311926,-0.309143,-0.251459,-0.226578,-0.404832,-0.581301,0.082928,0.638073,-0.226578,0.287735,-0.530319,0.536774,0.0,-0.242948,0.016877,-0.156052,-0.405038,-0.468515,-0.345418,0.211913,-0.661097,-0.07959,-0.53005,0.031393,-0.057298,0.109015,-0.661097,-0.226578,-0.026592,-0.383549,-0.0873,-0.346203,0.107232,-0.603892,-0.202398,0.031393,-0.53005,-0.270025,0.111146,0.271659,0.200865,-0.270025,-0.991595,-0.049121,-0.47677,-0.577258,-0.57318,-0.404832,0.974279,-0.171555,0.769299,-0.360667,-0.057298,0.122355,0.0,0.493363,0.113215,0.488774,0.217394,-0.156052,-0.402233,-0.603892,-0.270025,0.554643,0.431303,-0.057298,0.497754,0.264505,0.302756,-0.270025,-0.661424,0.338706,0.148818,0.107232,-0.171683,0.174903,-0.226578,0.54098,-0.181201,0.178516,-0.587633,0.278444,0.562509,-0.577074,-0.596522,0.481383,-0.057298,0.277058,-0.065766,-0.549189,0.354842,-0.226578,-0.153862,0.497754,0.126411,-0.215793,-0.231969,-0.586314,-0.233805,0.352632,0.0,#
14,-0.27176,-0.272101,-0.166627,-0.333062,-0.333003,-0.33312,0.149668,0.0,-0.218161,-0.333211,-0.333211,-0.271921,0.202414,0.292527,1.0,0.003299,-0.218075,0.154411,-0.03883,-0.111111,0.016849,-0.508913,0.142115,-0.327269,-0.218064,0.408248,0.241323,0.144176,-0.333003,-0.27176,0.158336,0.698073,0.338611,-0.218018,-0.399667,-0.272078,-0.267392,0.271984,-0.111111,0.07857,0.509175,-0.213905,0.096737,0.327269,-0.111111,-0.625285,0.528186,0.247251,0.351541,-0.33312,-0.929165,0.271831,-0.266796,0.179753,0.1562,0.320385,0.190003,-0.929165,0.259248,-0.100486,0.149071,-0.242937,-0.645889,-0.108262,0.138395,0.033333,0.0,0.006635,0.037483,0.179753,0.271984,0.252041,-0.111111,0.455405,-0.333075,0.149071,0.666667,0.426819,-0.271981,0.340652,0.355571,0.229701,0.436991,-0.166582,-0.272031,0.427398,0.183682,0.28475,0.29683,-0.408026,-0.333075,0.522634,-0.217859,-0.166582,0.28475,1.0,0.348215,0.189703,0.427398,0.417625,-0.929165,-0.271612,0.28475,-0.166582,-0.40728,0.446346,0.304586,0.28475,0.522634,-0.218218,0.436991,0.0,-0.271981,0.666667,-0.407308,-0.166667,0.340652,0.265755,-0.271211,-0.272031,-0.217859,-0.218107,0.241365,0.348215,0.138915,-0.272031,0.28475,0.175075,-0.900067,-0.218107,-0.508503,-0.166582,-0.663962,-0.403505,0.241365,-0.218107,-0.111111,0.427398,0.182326,0.297648,-0.111111,-0.408026,-0.330109,0.093633,-0.407885,-0.66501,-0.166582,0.368271,0.18405,0.551056,0.265398,0.348215,-0.166667,0.0,0.2476,0.436991,0.580079,-0.392772,-0.407308,-0.333075,-0.663962,-0.111111,0.447628,-0.332704,0.348215,0.217631,0.549255,0.412563,-0.111111,-0.272166,0.324254,0.00699,-0.166582,0.189703,0.264069,0.28475,0.690124,-0.296003,0.264443,0.212963,-0.395973,0.429425,-0.406215,-0.63701,0.210766,0.348215,-0.057401,0.340652,0.023932,-0.204494,0.28475,-0.385281,0.217631,-0.373569,0.064416,0.255271,-0.386014,0.278373,0.195859,0.0,#
15,-0.628044,-0.017021,-0.379201,0.545105,0.059713,-0.483066,0.039171,0.0,-0.784826,0.081003,0.081776,-0.065469,0.503254,-0.696847,0.003299,1.0,-0.167789,-0.27873,-0.260176,0.201241,0.367693,0.355092,0.087475,0.59274,-0.705734,-0.153538,-0.413194,-0.228698,0.059713,-0.037368,0.374216,0.100021,0.350806,0.331775,0.145366,-0.536815,-0.060111,0.052491,0.201241,0.205033,0.265646,0.387418,0.668984,0.055064,0.201241,0.351465,-0.845835,-0.425701,0.259204,-0.483066,0.145825,0.053238,0.418478,-0.31508,-0.246291,-0.308481,-0.291474,0.145825,0.168244,-0.172139,-0.030981,-0.208322,-0.197437,-0.093219,0.111913,-0.258315,0.0,-0.256295,-0.138711,-0.31508,0.052491,0.280577,0.201241,0.319133,0.048099,-0.491298,0.128662,0.346774,-0.077294,-0.027898,-0.021909,0.188041,0.326007,0.253661,0.433539,-0.201887,0.979023,0.050956,0.097874,0.21818,0.048099,-0.29899,0.328627,-0.348342,0.050956,0.003299,-0.073272,0.354851,-0.181121,0.310678,0.145825,0.471198,0.050956,0.253661,0.677766,-0.138679,-0.488235,0.050956,-0.276997,0.373633,-0.150905,0.0,-0.077294,0.153405,0.163263,0.301862,0.425583,0.149922,-0.592888,0.433539,0.328627,0.331492,0.175702,-0.073272,-0.252888,0.433539,0.050956,-0.048083,0.10467,-0.167029,-0.227945,-0.348342,0.506929,0.184897,0.175702,0.331492,0.13526,-0.181121,-0.294134,0.037676,0.13526,0.680128,0.069566,-0.173557,0.174348,0.520893,0.228224,-0.741154,-0.257682,-0.303006,0.14847,-0.053043,-0.390936,0.0,-0.38116,0.304967,-0.530501,-0.30989,0.163263,0.048099,0.506929,0.168251,-0.200784,-0.433502,-0.073272,-0.328144,-0.236278,-0.178393,0.13526,0.472736,-0.548009,-0.197375,-0.348342,0.354851,0.116837,0.050956,-0.475526,-0.217587,-0.459322,0.318082,-0.299149,-0.714012,0.707346,0.512857,-0.316373,-0.073272,-0.655878,-0.027898,0.653015,-0.703214,0.050956,0.232518,-0.328144,-0.095613,0.369448,0.049919,0.197389,0.0959,-0.278141,0.0,#
16,-0.101203,-0.117973,-0.327035,-0.222457,-0.240605,0.671243,0.112423,0.0,0.036146,0.21522,0.640362,0.348294,-0.648184,-0.086966,-0.218075,-0.167789,1.0,-0.191732,0.228007,-0.218076,0.407848,0.406932,0.565003,-0.184828,0.523777,0.339629,-0.506977,-0.430545,-0.240605,0.364855,-0.186457,-0.326811,0.011135,0.077636,0.159789,0.339843,-0.524804,0.123898,0.508843,-0.034762,0.047588,-0.419826,0.244896,-0.327567,-0.218075,0.436768,0.023927,-0.48845,-0.146632,0.217936,0.161276,0.123119,-0.017587,0.394798,0.279679,0.757141,-0.229427,0.161276,0.006281,0.260105,0.307027,-0.420045,0.418179,0.240814,-0.331985,-0.151038,0.0,-0.202406,-0.255051,0.394798,0.123898,-0.300921,-0.218075,-0.52996,-0.191494,0.682683,0.238268,-0.059232,-0.059312,0.244089,-0.202608,-0.014312,-0.069541,0.233533,-0.066008,-0.059312,-0.173579,-0.330625,0.508765,0.113928,0.254224,0.074487,0.094088,0.254292,-0.330625,-0.218075,0.254224,-0.165479,-0.076259,-0.066008,0.161276,0.3977,-0.330625,-0.326946,0.131112,-0.155276,0.107062,-0.330625,0.056538,0.541093,-0.533148,0.0,-0.059312,-0.327113,0.140068,-0.327113,-0.19674,-0.438282,0.792809,-0.066008,0.094088,0.074487,0.001815,-0.191494,0.329447,-0.066008,0.122516,0.180292,0.31896,0.074487,0.436456,0.254292,-0.165479,0.109162,0.001815,0.074487,-0.218076,-0.533811,-0.380568,-0.321133,-0.218075,0.113928,0.22416,0.358792,-0.330625,-0.186457,0.254292,0.009949,0.331501,-0.427588,-0.15689,-0.208002,-0.327113,0.0,-0.034675,-0.05237,-0.157219,0.175281,0.140068,0.254224,0.342449,0.535766,-0.533405,0.233787,0.254224,-0.054338,-0.023832,-0.210619,-0.218075,0.372603,0.246664,-0.076896,0.254292,-0.165479,0.077727,-0.330625,-0.326946,0.047163,-0.36203,-0.107018,-0.361399,-0.070401,-0.122167,0.335363,-0.062986,-0.191494,-0.130046,-0.19674,0.281824,0.037838,0.122516,0.077727,-0.054338,-0.120194,0.373559,0.501016,0.068591,0.113928,-0.208235,0.0,#
17,-0.109476,-0.070653,0.184304,0.013628,-0.00052,-0.047239,0.071847,0.0,0.283112,0.039278,0.039278,-0.117666,0.007251,-0.164015,0.154411,-0.27873,-0.191732,1.0,0.586246,-0.664914,-0.158169,-0.274235,0.117196,-0.351993,-0.252775,-0.084908,0.236559,0.028871,-0.00052,-0.575665,0.369127,0.208699,0.034469,0.325679,0.307464,-0.113629,0.024917,0.06711,-0.664914,-0.372466,-0.212487,-0.057678,-0.196465,-0.290591,0.185924,-0.146151,0.303183,0.340732,0.185635,-0.047239,-0.284498,0.068495,0.032301,-0.288039,0.658443,-0.123502,0.366433,-0.284498,-0.066175,-0.255626,0.452378,-0.276748,-0.088554,-0.179928,0.082426,-0.078466,0.0,-0.33288,-0.346852,-0.288039,0.06711,-0.275842,-0.664914,-0.039662,0.484344,0.452378,0.255251,-0.040717,0.380176,-0.013696,-0.495222,0.185667,-0.628501,-0.423177,0.418247,0.360341,-0.184469,0.588666,0.083742,0.120372,-0.037356,0.304271,-0.200022,0.232849,0.588666,0.154411,-0.056679,-0.23942,-0.175212,0.398688,-0.284498,-0.555735,0.588666,0.232849,-0.365781,0.394688,0.100632,0.588666,-0.262955,-0.191857,-0.085862,0.0,0.380176,0.255251,-0.413642,0.278886,0.502283,0.723565,-0.050169,0.418247,-0.200022,0.325279,-0.335426,0.465022,0.035951,0.418247,0.058277,-0.022344,-0.014891,0.325279,0.201319,0.232849,-0.215209,0.18912,-0.335426,0.325279,0.122899,0.360341,-0.100711,0.106187,0.122899,0.120372,0.081977,0.670337,0.60831,-0.238002,0.232849,-0.059186,0.347859,-0.22183,0.141341,-0.056679,0.184348,0.0,0.233162,-0.085862,0.389068,0.21814,-0.413642,-0.037356,-0.169477,0.185924,-0.132394,0.045424,-0.056679,-0.284999,0.341619,0.434006,0.122899,-0.065611,0.50894,-0.184172,0.232849,-0.23942,-0.330145,0.588666,0.208552,0.453331,0.603745,0.308035,0.155976,0.40735,-0.053538,-0.144979,-0.274306,0.465022,0.444707,0.502283,-0.214822,0.340865,0.058277,-0.311728,-0.284999,-0.50547,-0.194566,0.118334,0.152053,0.100904,0.409294,0.0,#
18,-0.367494,-0.20793,0.035649,-0.414543,-0.252808,0.251977,-0.453523,0.0,0.182475,-0.258976,0.455684,0.308504,-0.249859,-0.417659,-0.03883,-0.260176,0.228007,0.586246,1.0,-0.94487,0.029441,-0.013174,0.459297,0.068102,0.348253,0.327616,-0.147237,0.338788,-0.252808,-0.180008,0.550881,-0.089277,-0.365337,0.041686,0.074794,0.43316,-0.077472,0.196439,0.176894,-0.180455,0.206188,-0.176409,-0.154009,0.015532,0.176893,0.159634,0.202421,-0.006131,-0.088403,-0.447556,0.013992,0.20258,-0.351674,-0.277449,0.930863,0.245258,-0.248388,0.013992,0.306315,-0.177622,0.677256,-0.580148,0.092654,0.079873,0.539392,0.374065,0.0,-0.105888,0.018392,-0.277449,0.196439,-0.351655,-0.94487,-0.440209,0.249556,0.677256,-0.058245,-0.465564,0.117681,0.244057,-0.246891,0.333521,-0.496978,0.076697,0.174215,-0.018105,-0.186358,0.229506,0.241742,0.517809,0.249556,0.032438,-0.661668,0.067456,0.202611,-0.03883,0.090828,-0.226511,0.117681,0.013539,0.013992,-0.329963,0.202611,0.076697,-0.240234,0.157533,-0.423473,0.229506,0.176254,0.234432,-0.339522,0.0,0.144838,0.103548,-0.274649,0.26534,0.146667,0.391167,0.290315,0.174215,-0.661668,0.040428,-0.347097,0.090828,0.124402,0.147436,0.229506,0.056085,0.151452,0.176254,0.530234,0.067456,-0.060771,-0.231469,-0.347097,0.040428,-0.081975,0.144838,0.196886,-0.43889,-0.081975,0.391947,-0.320143,0.915702,0.363982,-0.120505,-0.089634,-0.287152,0.542601,-0.520676,0.382284,0.223101,0.03883,0.0,-0.329007,-0.63456,0.259406,-0.015844,-0.302022,0.223101,0.001842,-0.03883,-0.537275,-0.230439,0.090828,0.017269,0.221709,-0.192792,-0.081975,0.301195,0.298867,0.111014,0.067456,-0.226511,-0.060683,0.202611,0.067456,0.230922,0.421004,0.568792,0.046127,0.33101,-0.333098,-0.012061,0.024552,0.090828,0.306845,0.270221,0.087353,0.412188,0.229506,0.06539,0.017269,-0.257248,-0.206771,0.270365,0.561255,0.357891,-0.204228,0.0,#
19,0.361468,0.414757,-0.166627,0.327977,0.348736,-0.33312,0.315965,0.0,-0.218161,0.343624,-0.333211,-0.271921,0.362215,0.461293,-0.111111,0.201241,-0.218076,-0.664914,-0.94487,1.0,0.117941,0.226184,-0.40448,0.14825,-0.218064,-0.272166,0.158109,-0.205342,0.348736,0.361468,-0.66501,-0.166513,0.247912,-0.218018,0.072162,-0.272078,0.232131,-0.407976,-0.111111,0.253171,-0.218218,0.328839,0.138797,0.075524,-0.111111,-0.014374,-0.218164,0.008937,0.05859,0.35977,0.208589,-0.407746,0.220895,0.179753,-0.994749,-0.366154,0.158336,0.208589,-0.111106,0.161652,-0.745356,0.509011,-0.076971,0.151566,-0.404329,-0.1,0.0,0.205682,0.241938,0.179753,-0.407976,0.252041,1.0,0.294199,-0.333075,-0.745356,-0.166667,0.349215,-0.271981,-0.333165,0.279104,-0.508624,0.358254,-0.166582,-0.272031,-0.271981,0.089486,-0.407885,-0.406188,-0.408026,-0.333075,-0.218107,0.465621,-0.166582,-0.407885,-0.111111,-0.333075,0.094852,-0.271981,-0.272031,0.208589,0.349215,-0.407885,-0.166582,0.213337,-0.270996,0.225473,-0.407885,-0.218107,-0.218218,0.358254,0.0,-0.271981,-0.166667,0.21932,-0.166667,-0.333165,-0.48168,-0.271211,-0.272031,0.465621,-0.218107,0.158136,-0.333075,-0.208373,-0.272031,-0.407885,-0.175075,0.037504,-0.218107,-0.508503,-0.166582,0.094852,0.178873,0.158136,-0.218107,-0.111111,-0.271981,-0.07814,0.21932,-0.111111,-0.408026,0.233492,-0.976458,-0.407885,0.158336,-0.166582,0.325941,-0.665413,0.465621,-0.492882,-0.333075,-0.166667,0.0,0.163668,0.358254,-0.265069,0.141093,0.21932,-0.333075,0.094852,-0.111111,0.367694,0.28628,-0.333075,0.17032,-0.217147,0.033195,-0.111111,-0.272166,-0.358386,-0.02796,-0.166582,0.094852,0.220779,-0.407885,-0.166582,-0.340852,-0.440738,-0.62037,0.219985,-0.301511,0.262845,0.100026,0.16393,-0.333075,-0.344407,-0.333165,-0.035898,-0.25097,-0.407885,0.220779,0.17032,0.288452,0.118096,-0.404913,-0.428904,-0.408026,0.100318,0.0,#
20,-0.624543,0.432241,-0.985417,0.033542,0.056858,-0.394009,0.084898,0.0,-0.709021,0.555017,0.595281,-0.015922,0.428099,-0.191083,0.016849,0.367693,0.407848,-0.158169,0.029441,0.117941,1.0,0.847167,0.633242,0.517052,-0.144139,0.371438,-0.377297,-0.217965,0.056858,0.4357,-0.190158,-0.460324,0.344756,-0.136844,0.681808,-0.03155,-0.118968,-0.411609,0.185337,0.198131,0.253693,0.323879,0.665211,-0.002121,0.185337,0.565636,-0.271622,-0.397063,0.332537,-0.436037,0.244414,-0.392384,-0.105709,-0.127527,-0.097238,0.002975,-0.244901,0.244414,0.690769,-0.133163,0.031645,-0.778876,-0.147674,0.670457,0.077772,0.31642,0.0,-0.264606,0.291948,-0.127527,-0.411609,-0.269629,0.117941,-0.213282,-0.399466,0.04973,0.176912,0.330672,-0.52673,-0.008515,-0.079428,-0.298557,-0.199989,-0.335601,-0.019173,-0.632783,0.352096,-0.395615,0.106605,0.209904,-0.399466,-0.256476,-0.205341,-0.309619,-0.395615,0.016849,-0.502776,-0.264651,-0.653994,-0.123751,0.244414,0.436582,-0.395615,-0.335601,0.162927,-0.152288,-0.444476,-0.395615,-0.278941,0.386054,-0.199989,0.0,-0.52673,0.151639,-0.346827,0.278005,-0.008515,-0.105784,-0.026394,-0.019173,-0.205341,-0.144151,-0.357169,-0.502776,-0.175102,-0.019173,-0.395615,-0.245571,0.375335,-0.144151,-0.173652,-0.309619,-0.135202,0.14319,-0.357169,-0.144151,-0.657102,-0.653994,-0.255413,-0.453726,-0.657102,0.209904,0.037848,0.018257,-0.290585,-0.115247,-0.309619,-0.111047,-0.185346,-0.345258,-0.364757,-0.523438,-0.985654,0.0,-0.345549,-0.178497,-0.076312,0.261947,-0.346827,-0.399466,0.500536,0.219034,-0.724838,0.059837,-0.502776,0.192269,0.265361,-0.213569,-0.657102,0.474615,0.019409,-0.179135,-0.309619,-0.264651,0.592771,-0.395615,-0.465511,-0.495102,-0.418375,0.021061,0.176132,-0.138548,0.152908,0.508523,0.198155,-0.502776,-0.604946,-0.008515,0.689513,-0.128266,-0.395615,0.691238,0.192269,-0.485449,0.385833,0.148162,0.210725,0.10582,-0.249913,0.0,#
21,-0.389395,0.537099,-0.763187,0.22449,0.244864,-0.21971,-0.018337,0.0,-0.53037,0.64452,0.645182,0.108926,0.319877,-0.305615,-0.508913,0.355092,0.406932,-0.274235,-0.013174,0.226184,0.847167,1.0,0.42699,0.666207,-0.036992,0.086568,-0.436197,-0.237907,0.244864,0.535754,-0.260271,-0.762665,0.12155,-0.0316,0.776859,0.095703,0.077759,-0.519062,0.226184,0.159202,-0.037018,0.435436,0.526555,-0.12954,0.226184,0.802855,-0.542715,-0.465416,0.103296,-0.21971,0.714122,-0.502141,0.049638,-0.218896,-0.236385,-0.219616,-0.322317,0.714122,0.471197,-0.066703,-0.106212,-0.501894,0.18564,0.639111,0.015191,0.275661,0.0,-0.198374,0.2792,-0.218896,-0.519062,-0.325938,0.226184,-0.383534,-0.190695,-0.121381,-0.233252,0.073063,-0.338127,-0.205749,-0.208195,-0.394531,-0.35863,-0.196195,0.105292,-0.800827,0.239688,-0.511113,-0.110314,0.384249,-0.190695,-0.527762,-0.056523,-0.217995,-0.511113,-0.508913,-0.641428,-0.301696,-0.783031,-0.350975,0.714122,0.535135,-0.511113,-0.196195,0.37506,-0.38636,-0.566684,-0.511113,-0.508913,0.425707,-0.35863,0.0,-0.338127,-0.212047,-0.069759,0.339276,-0.205749,-0.247247,0.060771,0.105292,-0.056523,-0.037697,-0.417212,-0.641428,-0.256272,0.105292,-0.511113,-0.320753,0.782515,-0.037697,0.068378,-0.217995,0.263079,0.318609,-0.417212,-0.037697,-0.508913,-0.783031,-0.286097,-0.536149,-0.508913,0.384249,0.185411,-0.108917,-0.052874,0.284444,-0.217995,-0.290821,-0.311018,-0.545661,-0.457719,-0.624092,-0.76337,0.0,-0.447431,-0.376661,-0.390029,0.409477,-0.069759,-0.190695,0.775961,0.197911,-0.821721,0.207709,-0.641428,0.075843,-0.081257,-0.418711,-0.508913,0.536721,-0.209528,-0.144073,-0.217995,-0.301696,0.395454,-0.511113,-0.762981,-0.31155,-0.521492,-0.106023,0.381761,-0.373146,0.364815,0.76759,0.084618,-0.641428,-0.522169,-0.205749,0.584606,-0.031931,-0.511113,0.825056,0.075843,-0.184098,0.288209,-0.053756,0.372159,-0.069863,-0.334276,0.0,#
