0,1.0,-0.216474,0.302376,0.081702,0.314261,0.354817,-0.332844,-0.271664,-0.40417,0.242377,-0.332743,-0.166623,0.355252,-0.218075,-0.271763,-0.332797,0.46299,0.211329,-0.33547,-0.216474,-0.214076,-0.495439,0.28122,-0.272096,-0.218218,-0.407601,-0.507918,-0.402003,-0.404416,-0.166334,0.20498,0.172123,-0.111111,-0.271831,-0.507246,-0.270375,0.187192,0.539038,0.536388,-0.332401,-0.271727,0.373341,0.159554,0.234787,0.349351,0.196625,0.367636,0.053735,-0.568609,0.123286,0.051065,0.216412,0.407976,0.008442,0.18063,0.335363,0.067931,0.099658,-0.971665,0.034043,0.150424,-0.534521,0.194313,-0.651076,-0.492213,-0.019976,-0.111111,0.201809,0.094916,0.173891,0.201047,0.240069,-0.166524,0.210987,0.217147,0.183961,0.388544,-0.166582,0.270996,0.258842,0.200063,0.317756,-0.272031,0.509175,0.15942,0.270996,-0.40629,-0.270888,0.398178,-0.40629,-0.406494,0.258842,0.310366,0.270996,0.427886,-0.21735,0.416936,0.398178,0.325405,-0.333069,0.065067,-0.272031,0.258842,0.354263,0.258842,-0.166582,0.142566,0.296374,-0.407832,-0.271211,0.331958,-0.111111,0.270996,-0.218103,-0.407885,-0.272031,-0.271981,-0.333075,0.210987,-0.405035,-0.218107,0.210987,0.095433,-0.218103,-0.952846,0.270996,-0.218103,0.170566,0.163345,-0.218107,0.258842,-0.165812,0.200063,0.12345,0.142566,-0.270996,0.650171,0.310366,-0.837864,0.217147,0.666667,0.102564,-0.218107,0.100318,0.194306,0.016094,-0.218103,0.09494,0.210987,0.340115,-0.50637,0.102564,0.494925,0.494925,-0.661477,-0.218107,0.28736,0.022969,-0.506187,-0.111111,-0.472375,0.717002,-0.218218,0.217147,0.252468,-0.428571,0.0,-0.332948,-0.166582,-0.270888,0.271983,-0.141832,0.388544,0.310366,-0.301664,0.210987,0.642529,-0.341044,-0.237287,0.149487,-0.245144,0.131802,-0.251842,0.159156,-0.177843,-0.054554,0.410081,0.200063,-0.3253,0.407718,0.200063,-0.300861,-0.285925,0.25299,0.115906,-0.218057,-0.417706,-0.076474,0.185167,0.494925,#
1,-0.216474,1.0,0.190394,0.249747,-0.331802,-0.528625,-0.168146,-0.027922,-0.000282,0.521848,-0.19273,-0.324627,0.436981,0.054296,-0.07317,0.320947,-0.424484,0.503453,0.72162,0.660351,0.430766,0.468028,-0.192503,-0.150221,-0.425147,0.058702,0.415618,0.05975,-0.005464,0.161784,-0.754639,-0.05438,0.544111,0.362241,-0.016789,-0.203132,0.318936,0.051983,-0.422708,-0.647607,0.390508,0.300939,0.354611,-0.449701,-0.21902,-0.554615,0.312957,0.424252,0.531052,0.299986,0.177911,0.083566,-0.529898,0.563222,-0.313871,0.133041,-0.365074,-0.468347,0.2978,-0.349325,0.142353,0.084437,-0.273923,0.329671,-0.043037,0.151292,0.544111,0.44708,0.140149,0.19792,-0.125959,0.12048,0.224408,0.383286,0.395036,0.245942,-0.032735,-0.324546,0.127167,-0.292828,-0.065621,0.200781,-0.039744,-0.022981,0.278797,0.127167,-0.386538,0.377682,0.345012,0.488937,0.501742,-0.426026,-0.164622,-0.008184,-0.106588,0.579105,0.405192,-0.159428,-0.284963,-0.289076,0.206711,-0.529989,-0.794643,-0.229784,-0.794643,0.284447,-0.688138,-0.385656,-0.429495,-0.112755,0.253967,-0.216474,0.501742,-0.424922,0.059367,0.320374,-0.164696,-0.164622,0.383286,-0.027874,0.101628,0.383286,0.144053,-0.424922,0.21266,0.127167,-0.424922,0.054809,0.46004,0.101628,0.075789,0.192876,-0.065621,0.507493,-0.241474,0.391153,-0.324633,0.191129,0.311953,-0.149764,-0.324711,0.15763,-0.424931,-0.000754,-0.073143,0.548278,-0.030699,0.046949,-0.553264,-0.241147,-0.156647,0.15763,0.111752,0.111752,0.267288,0.101628,0.193214,0.32293,0.371831,-0.216474,-0.191548,-0.323921,-0.022981,0.395036,0.067492,0.508779,0.0,0.177995,-0.324546,0.377682,-0.803647,0.35381,-0.032735,-0.164622,-0.068516,0.383286,0.284447,0.1891,-0.404632,0.250244,0.076691,0.09424,-0.430606,-0.282336,-0.263246,-0.009336,-0.126829,-0.065621,-0.296545,-0.049401,-0.457372,0.315445,-0.125614,-0.053286,-0.509101,-0.424834,0.509245,-0.400663,0.134502,-0.030699,#
2,0.302376,0.190394,1.0,0.377519,0.59687,-0.003818,0.254507,0.040979,-0.426703,0.39724,-0.143409,-0.499172,-0.019952,-0.187848,-0.3709,-0.560134,0.207401,0.277822,-0.132338,-0.160825,0.145471,0.144459,-0.202874,0.001948,-0.204606,-0.001914,0.204544,-0.479944,-0.432124,0.488544,0.062502,-0.163533,-0.332868,0.428337,-0.624749,-0.475339,0.416312,-0.220365,0.655227,-0.12994,-0.390357,0.162604,0.496998,-0.295983,-0.186125,0.217062,-0.067746,0.63734,0.030341,-0.026859,0.316468,0.218089,-0.00622,0.168158,0.020511,-0.124124,-0.272251,0.176057,-0.370727,-0.245428,0.39713,0.008149,-0.470331,0.088885,-0.048777,0.326175,-0.332868,0.247411,-0.209464,0.095746,-0.032028,-0.198524,0.034274,0.241251,-0.217039,0.56894,-0.005331,0.029932,-0.387517,0.442699,-0.24992,0.597358,0.036713,0.17799,0.03016,-0.387517,-0.778761,0.061141,0.389569,-0.39538,-0.387517,-0.45956,0.211373,-0.024789,-0.413614,-0.168004,0.030826,0.389569,0.16159,-0.200228,-0.388369,-0.38912,0.006816,-0.150247,-0.429066,0.029932,0.023909,-0.139918,-0.412593,0.0623,0.229084,0.353196,-0.000182,-0.653395,0.007392,0.409097,-0.005331,-0.577164,0.215196,-0.377935,-0.196032,0.241251,0.364467,-0.187232,-0.394627,0.473733,-0.653395,0.132922,-0.196164,0.261344,0.387989,0.061705,-0.24992,0.068361,-0.013041,-0.368925,0.492308,0.158573,-0.229423,-0.690259,-0.022869,0.386424,-0.196032,-0.318886,0.199203,0.132862,-0.245742,0.562898,-0.194931,-0.171297,-0.637869,0.386424,0.22042,0.22042,-0.450308,-0.196032,0.199675,-0.103481,-0.179953,-0.332868,0.240586,0.006892,0.211259,0.229892,0.396604,0.018909,0.0,-0.172587,0.029932,-0.375195,0.019476,-0.44112,-0.005331,0.211373,-0.377575,0.241251,0.492517,0.214903,-0.177613,0.21708,-0.172692,0.275873,-0.199186,-0.000126,-0.169762,0.269065,0.096691,-0.24992,-0.249214,0.439432,0.245726,0.020439,0.427753,0.005785,0.09984,-0.653258,0.031387,0.243089,0.085668,0.16191,#
3,0.081702,0.249747,0.377519,1.0,0.303222,-0.425481,-0.253075,-0.426003,-0.291185,0.438785,0.376417,0.090936,-0.401741,-0.457515,-0.38855,0.326856,0.161263,0.520998,0.355205,-0.344619,0.248548,-0.272543,-0.317599,0.200076,0.244911,0.380154,-0.227788,-0.384092,-0.287488,0.183037,-0.113705,-0.261002,0.124703,0.330371,-0.243983,-0.528258,-0.155756,0.187282,0.244672,0.327836,-0.439656,-0.346223,0.659681,-0.272594,0.321949,-0.263913,-0.469311,-0.282945,-0.055464,-0.225003,-0.129772,0.570079,-0.457882,0.838364,0.608417,0.112525,-0.112389,-0.222733,-0.156523,-0.117257,0.038163,-0.330982,-0.31703,-0.013744,-0.11547,-0.264912,0.124702,-0.099721,-0.228971,0.3691,-0.234871,0.489892,0.22031,0.514419,0.458253,-0.017014,-0.422539,0.155645,0.379102,0.407677,-0.292282,0.324918,0.306789,0.132308,-0.257444,-0.342703,-0.336305,0.331373,0.229011,-0.308827,0.379102,-0.381571,0.32548,-0.291807,0.196485,0.24562,0.279321,0.201548,-0.378704,0.273062,-0.235866,-0.413847,0.380357,0.30038,-0.329966,0.1888,-0.174719,-0.373479,-0.347988,0.277754,-0.307573,0.167703,0.379102,0.161998,-0.288309,0.306789,0.254125,-0.360049,-0.194336,0.349044,0.246379,0.514419,-0.084947,0.161998,-0.168817,0.45776,0.161998,-0.172813,-0.024432,0.246379,0.433479,0.186095,-0.292282,-0.138551,-0.23725,0.305687,0.155398,-0.335148,0.128269,-0.342577,0.122552,0.983894,0.190637,-0.290068,-0.230874,0.62345,0.189592,-0.317424,-0.223732,0.268764,-0.307019,0.983894,0.21881,0.21881,-0.218525,-0.49897,-0.322511,-0.288904,-0.215489,0.081702,-0.310441,0.152416,0.18861,-0.256892,-0.295376,0.408955,0.0,0.271666,0.155645,-0.379689,-0.305253,0.076845,-0.422539,0.350381,-0.386309,-0.249861,0.1888,-0.25491,-0.440088,0.900092,-0.46897,-0.053962,0.148404,0.615734,0.148615,0.428946,0.291324,-0.292282,0.253361,-0.350702,-0.237439,0.212667,-0.366154,0.205609,-0.294557,-0.556973,-0.192667,-0.284126,-0.19128,-0.570076,#
4,0.314261,-0.331802,0.59687,0.303222,1.0,0.050959,-0.106415,-0.017176,-0.409126,-0.028645,-0.086006,-0.021948,-0.444042,-0.138172,-0.322157,-0.62466,0.653102,0.145113,-0.607207,-0.643662,-0.357079,0.074569,-0.147706,0.370274,-0.156497,-0.053704,0.223177,-0.072575,-0.414593,0.482589,0.482303,-0.083596,-0.330377,-0.007709,-0.632375,-0.118659,-0.086624,-0.209076,0.72001,0.289778,-0.409847,-0.227392,0.430221,-0.23909,-0.165341,0.214109,-0.098918,0.156718,-0.500223,-0.084389,0.255731,-0.194264,0.01315,-0.037143,0.530308,-0.521132,-0.277319,0.110619,-0.459941,-0.248531,-0.216361,-0.297194,0.000907,0.033068,-0.069483,0.499962,-0.330377,0.193514,-0.047611,0.019077,0.003872,-0.324346,0.089307,-0.247879,-0.29921,0.115096,-0.425486,0.043146,-0.422541,0.455828,-0.330077,0.150759,-0.37539,0.564444,-0.051501,-0.422541,-0.372745,-0.361302,0.309065,-0.47859,-0.471674,-0.100684,0.184458,-0.013102,0.004177,-0.646267,-0.407171,0.755079,0.171561,0.150759,-0.522734,-0.37539,0.455828,0.197943,0.012135,-0.495312,0.043654,-0.16498,-0.054928,0.516571,-0.15247,0.4217,-0.078612,-0.234824,-0.065859,-0.044736,-0.033813,-0.617056,-0.239718,-0.009016,-0.648517,-0.247879,-0.303754,0.239691,-0.425178,0.093834,-0.234824,-0.334406,-0.455592,-0.182946,-0.036216,0.075429,-0.330077,-0.326777,-0.093053,-0.805777,0.512348,-0.290411,-0.283025,-0.29921,-0.012087,0.345253,0.222937,-0.380736,-0.27973,0.008948,-0.286534,0.021853,-0.12649,0.239774,-0.247879,0.345253,-0.234824,-0.234824,-0.538115,-0.648517,0.203589,-0.499179,-0.670784,-0.330377,0.419307,0.018086,0.63478,0.190724,-0.054928,-0.002826,0.0,0.173717,0.043146,-0.805457,0.469188,-0.47958,-0.425486,-0.18885,-0.358198,-0.247879,-0.025887,-0.188627,-0.159509,0.170445,-0.15373,-0.357688,0.226405,0.501093,-0.186456,0.736767,0.103804,-0.330077,0.221169,0.058183,0.261361,0.372848,0.409455,0.435442,0.52442,-0.245834,-0.385769,0.012939,-0.425011,0.127146,#
5,0.354817,-0.528625,-0.003818,-0.425481,0.050959,1.0,0.076273,-0.216266,0.341016,0.25294,0.034257,0.092141,0.137022,0.423929,0.623425,-0.428123,-0.148361,-0.336887,-0.478897,-0.139162,-0.522769,-0.356058,0.442415,-0.277242,0.372335,-0.615059,-0.293882,0.227345,0.348099,0.109652,0.436382,0.500417,-0.271331,-0.234197,-0.352548,-0.183126,-0.166082,0.320831,0.409822,0.04744,-0.21113,0.388351,-0.582099,0.458262,-0.044091,0.276591,0.152754,0.016922,0.110558,0.467132,-0.281969,0.090111,0.550502,-0.489819,-0.151224,-0.061008,0.300468,0.455914,-0.292113,0.300953,0.20839,-0.18617,-0.084207,-0.064239,0.127845,0.008287,-0.271331,0.102051,-0.18888,0.173374,0.335729,-0.370646,0.161037,-0.41119,-0.404499,-0.083755,0.539182,0.068171,-0.213165,0.209406,0.049129,-0.064543,-0.281946,-0.122973,-0.120012,0.241612,-0.148378,-0.661503,-0.286593,-0.542015,-0.594952,0.218614,-0.450762,0.289335,0.141624,-0.096966,0.129454,-0.286593,0.819192,-0.431304,-0.4176,0.155277,0.209406,-0.420452,0.656948,0.068171,0.378272,0.29571,-0.165074,-0.209864,0.445665,0.459175,-0.61086,-0.114044,-0.556933,-0.664292,-0.276433,-0.003733,0.12088,-0.588894,-0.121944,-0.41119,0.27338,-0.114044,-0.47333,0.232254,-0.114044,0.217296,-0.542349,-0.121944,0.209406,-0.40491,0.049129,0.436043,-0.152871,-0.26407,0.053394,-0.018841,-0.235385,0.08138,0.551793,-0.44041,-0.532612,-0.40784,0.038635,-0.263005,-0.114044,0.102933,0.541978,-0.037702,-0.333906,-0.44041,0.28777,0.28777,-0.589984,0.347667,0.3955,0.441175,-0.341243,0.380906,-0.156319,0.091742,-0.054655,0.132367,0.207027,-0.563736,0.0,-0.433019,0.068171,-0.213495,0.664175,-0.106986,0.539182,-0.073053,0.616559,0.070348,0.049172,0.016209,0.363442,-0.306251,0.394576,0.321856,-0.107333,-0.133245,-0.132699,-0.153503,0.243269,0.049129,-0.460203,0.583877,0.514972,-0.677558,0.183574,-0.51087,-0.025401,-0.061208,-0.139313,0.055665,0.482274,0.347845,#
6,-0.332844,-0.168146,0.254507,-0.253075,-0.106415,0.076273,1.0,0.441728,0.078191,-0.292367,0.205233,-0.499137,0.044008,0.264205,0.059593,-0.19778,-0.206108,-0.166465,-0.189133,0.205439,0.288614,0.25081,0.23551,-0.412715,0.214621,-0.005046,0.212833,-0.429797,0.069754,-0.003464,-0.046938,-0.086347,-0.332844,0.394903,0.244492,0.040117,0.471157,-0.653154,0.214747,0.223785,0.037278,0.205417,0.03399,0.163272,-0.21368,0.293095,-0.376577,0.35319,0.270893,-0.324886,0.489383,0.195297,0.013477,-0.387328,-0.48512,0.00506,0.409091,0.359327,0.326219,0.438394,0.318852,0.525712,-0.548914,0.090801,0.317122,0.110382,-0.332844,-0.127996,-0.027435,-0.358822,-0.007138,-0.232107,0.045703,-0.182482,-0.620182,0.511747,0.03588,0.00268,-0.377533,0.04134,-0.188316,-0.175129,0.396704,-0.653694,-0.415756,-0.34522,0.030296,0.430009,-0.383328,0.046288,-0.377533,-0.395024,0.199143,0.049727,-0.813434,-0.175257,-0.36934,-0.399311,-0.158625,-0.206171,-0.228133,0.396704,0.00954,-0.156501,0.02544,0.021976,0.539459,-0.086048,0.006561,0.04823,0.27928,0.367881,-0.377533,-0.228237,0.416185,0.396704,-0.011377,0.214488,0.287029,-0.384148,0.214203,-0.182482,0.436342,-0.211233,0.301836,0.065884,-0.228237,0.207551,-0.363829,0.230887,0.02544,0.032933,-0.188316,-0.257792,0.02997,0.028364,-0.001693,0.214488,0.11206,-0.620182,-0.499267,-0.242847,0.197519,-0.083601,0.236606,-0.42301,-0.228237,0.734388,0.269921,-0.57828,-0.182482,-0.242847,-0.194228,-0.194228,0.058947,0.247571,-0.171765,0.115368,0.264485,-0.332844,0.523918,-0.059214,-0.194961,-0.129177,0.038055,0.040269,0.0,-0.591179,0.00268,0.445926,0.031433,-0.346007,0.03588,0.199143,0.067843,-0.148267,0.021976,0.609981,0.684917,-0.378501,0.302814,0.433885,-0.194678,-0.493578,0.46569,-0.422484,-0.326883,-0.188316,-0.27384,0.465972,0.275434,-0.380076,0.439169,-0.302004,0.189484,0.21744,0.441222,0.675191,0.166502,-0.194228,#
7,-0.271664,-0.027922,0.040979,-0.426003,-0.017176,-0.216266,0.441728,1.0,-0.529456,-0.526128,-0.406774,0.053082,0.231147,-0.071775,-0.22506,-0.009734,0.348307,-0.417194,-0.371043,0.362019,-0.038105,0.649485,-0.374441,0.14241,-0.533537,0.225028,0.51735,-0.110193,-0.532798,-0.406682,-0.307609,0.267069,-0.271664,-0.216665,0.549914,0.194098,0.007387,-0.533096,-0.14367,-0.048352,0.611324,0.10572,-0.134255,-0.268395,-0.397048,0.509107,-0.207805,0.323843,-0.133207,-0.05095,0.338938,-0.369706,0.199498,-0.534084,-0.60681,-0.070269,0.275884,0.173374,0.219061,0.297321,-0.375837,0.347667,-0.044239,0.377867,0.598009,0.374603,-0.271664,0.064359,-0.04407,-0.958497,0.513184,-0.001812,-0.407147,-0.291658,-0.343936,-0.105115,0.22288,0.116368,-0.156275,0.258529,0.108961,0.044281,0.1942,-0.123124,0.480636,0.299059,0.269671,0.218187,0.163492,0.286363,-0.156275,-0.172967,0.39757,-0.538532,-0.26928,-0.034746,-0.200606,0.146809,-0.371939,-0.025921,0.377321,0.1942,-0.189563,-0.046185,-0.172967,0.136509,0.437948,-0.250832,0.246545,0.170534,0.080796,-0.271664,-0.156275,-0.130947,0.674495,0.1942,-0.237495,0.413587,-0.273802,-0.164421,-0.063079,-0.291658,-0.257263,0.330524,0.369716,-0.100061,-0.130947,-0.366443,0.110845,0.389694,-0.549143,0.147421,0.108961,-0.367753,0.437948,-0.207243,0.111835,0.050542,-0.27751,-0.343936,-0.407495,-0.361079,0.314232,0.336242,0.156284,-0.467635,-0.533255,0.324316,-0.291658,0.002232,0.113092,-0.361079,-0.054035,-0.054035,0.465175,0.407108,-0.389749,-0.466556,0.178601,-0.271664,0.538863,-0.406504,-0.123124,0.142539,0.31777,-0.163446,0.0,-0.024787,0.116368,0.234801,0.240462,-0.354069,0.22288,0.034525,-0.22419,0.190471,0.136509,0.025889,-0.059861,-0.533595,-0.051304,-0.303986,0.338259,-0.65595,-0.310941,-0.197511,-0.320471,0.108961,0.059269,0.199125,0.567537,0.152695,0.178783,-0.184377,0.118759,0.330186,-0.129464,0.53216,-0.435762,-0.054035,#
8,-0.40417,-0.000282,-0.426703,-0.291185,-0.409126,0.341016,0.078191,-0.529456,1.0,0.137535,0.445177,-0.114601,-0.104079,0.626446,0.733966,-0.010542,-0.792536,-0.042378,0.308227,0.08851,-0.002947,-0.132705,0.524099,-0.260797,0.555466,-0.327796,-0.032519,0.5329,0.99973,0.368712,0.17941,-0.119491,0.291752,0.202493,-0.06389,0.221786,0.060071,0.063321,-0.26075,0.047669,-0.128866,0.025223,-0.381316,0.383896,-0.028403,-0.485072,0.250155,-0.104546,0.605496,0.140523,-0.192513,-0.009384,-0.152006,-0.058774,0.006602,-0.149575,-0.10064,-0.082625,0.497749,-0.091439,0.326732,0.18027,-0.010922,0.061945,-0.139944,-0.143242,0.291752,-0.080391,0.108036,0.593867,-0.413801,-0.464723,0.478853,-0.21042,-0.196829,0.099071,-0.152566,-0.138158,-0.28052,-0.64848,-0.141771,-0.506034,-0.197609,-0.425799,-0.497735,-0.245959,0.169806,-0.190944,-0.650448,0.121344,0.06221,0.123385,-0.801271,0.594064,-0.196835,0.045029,-0.208385,-0.650448,0.399783,-0.091025,-0.341179,0.250956,-0.22334,-0.386166,0.235811,-0.138158,-0.336568,0.231105,0.10807,-0.142076,0.064444,0.345284,-0.329481,0.073556,-0.285133,-0.24468,0.147886,0.013859,0.352732,0.05207,0.0572,-0.21042,0.34714,-0.381117,0.303452,-0.255559,0.073556,0.414995,-0.294905,-0.388903,0.113937,-0.131087,-0.141771,0.42781,-0.472798,0.212358,-0.606109,-0.032642,0.706791,0.301653,-0.124463,-0.377403,-0.347267,-0.308291,-0.15566,0.012018,0.434264,-0.089196,0.404575,-0.448151,0.283609,-0.377403,-0.381117,-0.381117,0.008314,0.092889,0.440371,0.73094,0.265947,0.238219,-0.049665,-0.135425,0.064834,-0.090158,-0.312981,0.158616,0.0,-0.080429,-0.138158,0.268684,-0.198599,0.335047,-0.152566,-0.429265,0.746545,-0.173825,-0.605946,0.404545,0.594479,-0.185456,0.632112,0.372482,-0.360916,0.069937,0.370184,-0.110831,-0.099127,-0.141771,-0.178277,-0.090508,-0.474111,-0.212953,0.257317,-0.193803,-0.058867,0.138008,0.587519,-0.278175,0.495126,0.0584,#
9,0.242377,0.521848,0.39724,0.438785,-0.028645,0.25294,-0.292367,-0.526128,0.137535,1.0,0.068242,-0.111267,0.266546,0.159875,0.292061,0.063514,-0.396065,0.456838,0.384318,0.209165,0.002224,-0.121513,0.05329,-0.255806,0.123412,-0.319933,-0.073733,0.060811,0.142517,0.375011,-0.293955,0.288238,0.296239,0.276213,-0.545173,-0.685055,-0.006482,0.50939,0.181135,-0.337372,-0.141034,0.423191,0.159523,-0.137999,-0.037045,-0.386674,0.159488,0.198426,0.51178,0.610215,-0.22072,0.495159,-0.21359,0.558612,-0.016606,0.112062,-0.128632,-0.11071,-0.154993,-0.118611,0.327121,-0.345482,-0.492453,0.20722,-0.009574,-0.020174,0.296239,0.454402,-0.190754,0.593305,0.072681,0.050285,0.485834,0.25467,0.272446,0.096733,0.237319,-0.13497,0.156481,0.207223,-0.172748,0.328481,-0.158799,-0.0,-0.007025,0.156481,-0.714187,-0.151297,0.206396,-0.298295,0.107218,-0.367868,-0.390806,0.097559,0.215397,0.56263,0.674032,-0.257995,0.337079,-0.501073,-0.371138,-0.610122,-0.254751,-0.421521,-0.254751,0.425674,-0.370889,-0.277497,-0.762552,-0.136376,0.45909,0.3501,0.107218,-0.378175,-0.696698,-0.20616,-0.268396,-0.390806,0.324218,-0.375189,0.098746,0.25467,0.308411,-0.378175,-0.415283,0.616263,-0.378175,0.131444,-0.127333,0.098746,0.546575,-0.127875,-0.172748,0.801467,-0.507957,0.255006,-0.130662,-0.0633,0.102438,-0.229102,0.363566,0.334045,-0.792963,-0.58008,-0.186378,0.643612,-0.015249,-0.090044,-0.120687,-0.051762,-0.659687,0.334045,0.530665,0.530665,-0.498408,0.098746,0.377179,0.526663,-0.176428,0.242377,-0.537154,-0.09067,0.070521,0.342621,0.079079,0.148994,0.0,-0.072853,-0.13497,-0.151297,-0.238834,0.275015,0.237319,-0.016513,0.289192,0.25467,0.425674,-0.007967,-0.314109,0.505742,0.140971,0.329545,-0.385824,0.033255,-0.301736,0.137737,0.318747,-0.172748,-0.541076,0.297528,-0.052531,-0.233779,-0.178944,-0.397348,-0.653159,-0.792781,0.162195,-0.509725,0.464914,-0.015249,#
10,-0.332743,-0.19273,-0.143409,0.376417,-0.086006,0.034257,0.205233,-0.406774,0.445177,0.068242,1.0,-0.0094,-0.406774,0.25242,0.417553,0.166003,-0.195743,-0.170386,0.114711,-0.19273,-0.165557,-0.240488,0.232627,-0.023426,0.653495,-0.023629,-0.20335,-0.086038,0.449872,0.007953,0.042497,-0.121114,0.332743,-0.016257,0.165593,-0.408377,-0.073153,0.182772,0.23463,0.625739,-0.435637,-0.270942,-0.060493,0.57128,0.557679,-0.436475,-0.398896,-0.286159,0.340101,-0.404329,-0.198994,0.61485,-0.031327,0.120575,0.444797,0.270765,0.357962,-0.367317,0.247747,0.362699,0.321491,-0.277048,-0.126433,0.14165,0.179878,-0.21628,0.332743,-0.514072,-0.516558,0.366682,-0.102831,0.187755,0.538469,0.168167,-0.276593,0.048124,-0.4341,0.480222,-0.056001,0.015358,-0.682657,-0.209894,0.370695,-0.653495,-0.554201,-0.469119,0.358017,0.371699,-0.814623,-0.453428,-0.056001,-0.43094,-0.19705,-0.00918,-0.040754,0.165228,-0.052219,-0.389603,-0.193648,0.186965,-0.32276,0.370695,0.421905,0.224423,-0.000903,-0.032892,-0.001095,-0.117841,-0.019684,0.431739,-0.215016,0.383934,-0.446168,0.192273,-0.407754,-0.004413,0.387557,-0.234542,-0.237184,0.363978,0.176325,0.168167,0.284327,0.209665,0.194327,0.397512,0.192273,0.286124,-0.40374,0.193389,-0.000903,0.496556,-0.682657,-0.066017,-0.522183,0.349774,0.009784,-0.605101,0.514127,-0.276593,-0.019197,0.305671,0.217089,-0.435774,-0.243802,-0.13717,0.192273,-0.319499,0.630869,0.174008,0.168167,0.305671,-0.242516,-0.242516,-0.067356,-0.250268,-0.194516,0.080427,0.154189,0.307148,-0.200345,-0.049072,-0.184319,-0.667943,-0.422321,0.001995,0.0,0.178962,0.480222,-0.051549,0.002054,-0.254233,-0.4341,0.173509,0.433544,-0.269262,-0.49886,-0.170378,0.234414,0.147788,0.250247,0.393107,0.19703,0.475358,0.406647,0.244013,0.48862,-0.682657,0.070253,-0.375689,-0.208349,-0.02548,0.017695,-0.036133,-0.281463,-0.224901,0.014728,-0.237824,-0.12906,-0.65315,#
11,-0.166623,-0.324627,-0.499172,0.090936,-0.021948,0.092141,-0.499137,0.053082,-0.114601,-0.111267,-0.0094,1.0,-0.407389,-0.327028,0.082857,0.4641,0.213376,-0.334215,-0.081974,-0.324627,-0.321031,-0.223106,-0.498398,0.601332,0.229292,0.380095,-0.223026,0.444217,-0.097549,-0.249436,0.181925,0.30409,-0.166623,-0.40764,0.303825,0.085903,-0.972474,0.229102,-0.325364,0.456032,0.096516,-0.492513,-0.396543,-0.209277,0.001838,0.260669,-0.40749,-0.725231,-0.216658,0.209703,-0.704816,-0.205317,0.091563,0.044956,0.247047,-0.194609,0.103169,0.181219,0.131402,0.083609,-0.635042,-0.133595,0.265311,0.232265,0.378641,-0.341746,-0.166623,-0.234428,-0.228029,-0.230476,0.27542,0.251163,-0.249721,-0.210502,0.325636,-0.986587,0.097507,0.369249,0.406388,0.388161,0.300016,-0.001523,0.090406,0.20703,0.239068,0.406388,0.396326,-0.406227,0.084336,-0.116737,0.406388,0.388161,-0.026874,-0.609582,0.641662,0.239467,0.119796,0.084336,0.004268,0.47651,0.130764,0.090406,0.388161,-0.081068,0.388161,0.369249,0.213794,-0.062498,0.378603,0.098735,-0.497807,-0.166623,-0.111964,0.742195,-0.13119,-0.40794,0.097507,0.465427,-0.759357,0.414953,0.208185,-0.210502,-0.651307,0.742195,0.176305,-0.09123,0.742195,-0.580764,-0.052287,0.208185,-0.101541,-0.248654,0.300016,-0.167046,0.213794,0.111964,-0.249875,-0.499483,0.027912,0.325636,0.387654,0.153806,0.186774,0.040789,-0.224832,0.14234,0.218474,-0.724245,-0.210502,0.51004,0.316399,0.153806,0.218474,0.218474,0.230019,0.208185,-0.497225,-0.437945,-0.214961,0.683496,-0.157132,-0.249327,0.20703,-0.228167,-0.106389,-0.133943,0.0,0.471554,0.369249,-0.406227,0.407868,0.285127,0.097507,-0.007182,0.098798,-0.210502,-0.249808,-0.511433,-0.355838,0.224172,-0.367621,-0.617579,0.762455,0.238672,-0.266696,0.185326,0.06102,0.300016,0.574934,-0.440484,0.300016,0.068786,-0.428777,-0.24002,-0.200122,0.182611,-0.626396,-0.114681,-0.315167,-0.327069,#
12,0.355252,0.436981,-0.019952,-0.401741,-0.444042,0.137022,0.044008,0.231147,-0.104079,0.266546,-0.406774,-0.407389,1.0,0.356092,0.182387,0.051872,-0.148543,0.117223,0.045472,0.826921,-0.038105,0.268169,0.378047,-0.665267,-0.533537,-0.568219,0.120174,-0.111533,-0.109962,-0.406682,-0.649755,0.518688,0.407495,-0.216665,0.105622,-0.183351,0.438032,0.319801,-0.105415,-0.812712,0.610034,0.89631,-0.093619,0.163521,-0.045428,-0.173764,0.576317,0.472463,0.171669,0.464654,0.338938,0.125497,0.167527,-0.172868,-0.70199,0.488512,0.299839,-0.207346,-0.214375,0.297321,0.133007,-0.175927,-0.085914,-0.06741,0.019429,0.261894,0.407495,0.529172,0.208823,-0.172328,0.471527,0.172382,0.082937,0.035713,0.046446,0.274589,0.595564,-0.407288,0.209117,-0.172967,0.108961,-0.00972,-0.227347,-0.123124,0.39205,0.664452,-0.181017,0.146197,0.163492,0.269671,-0.17314,-0.172967,-0.018864,0.209117,0.107944,0.363815,0.558803,-0.286944,-0.000364,-0.814346,0.377321,-0.227347,-0.621059,-0.051864,-0.172967,0.136509,-0.084908,-0.109572,-0.553357,-0.291963,0.813464,-0.271664,0.209117,-0.533255,-0.117964,-0.227347,-0.664985,0.050542,0.517842,-0.647126,-0.063079,0.035713,0.236323,-0.533255,-0.300253,0.209117,-0.533255,0.196999,0.370313,-0.063079,-0.172967,0.055283,0.108961,0.546448,-0.084908,0.158149,0.053459,0.413587,-0.427421,0.046446,0.062692,-0.478626,-0.533266,0.161046,0.097969,-0.066588,-0.533255,0.271913,0.035713,-0.070289,-0.369037,-0.478626,0.348272,0.348272,-0.082487,0.407108,0.337783,0.485996,0.101889,-0.271664,-0.370313,0.091854,-0.533537,0.532921,0.262982,-0.1838,0.0,-0.418331,-0.407288,0.594754,-0.195598,0.06898,0.595564,-0.018864,0.161103,0.517842,0.593029,0.000773,-0.087754,-0.343234,0.360029,0.27985,-0.555423,-0.689496,-0.351202,-0.486083,0.07624,0.108961,-0.79535,0.568103,0.108961,-0.273769,-0.238578,-0.215305,-0.376258,-0.061284,0.23528,-0.168997,0.280835,0.348272,#
13,-0.218075,0.054296,-0.187848,-0.457515,-0.138172,0.423929,0.264205,-0.071775,0.626446,0.159875,0.25242,-0.327028,0.356092,1.0,0.826477,-0.223947,-0.427624,-0.014947,-0.211344,0.456199,-0.420163,0.391728,0.703715,-0.534037,0.065213,-0.79999,0.441807,0.457264,0.617481,0.205853,-0.201983,0.459909,0.48192,-0.090186,-0.082525,-0.038295,0.188396,0.01086,0.105728,-0.159072,0.331267,0.58243,-0.228099,0.37832,-0.25805,-0.500905,0.373621,0.313023,0.493017,0.434572,0.352842,-0.009439,-0.071176,-0.376185,-0.316336,-0.15045,0.273237,-0.238057,0.292389,0.319434,0.051231,-0.164056,-0.217491,0.337192,0.252373,0.550505,0.48192,0.454907,0.133584,0.16627,0.212116,-0.497606,0.764105,-0.595078,-0.592086,0.242442,-0.076259,-0.326946,-0.421215,-0.348185,-0.507184,-0.653708,-0.533909,-0.428292,-0.27356,0.048089,0.039857,-0.16067,-0.533893,0.039857,-0.421215,-0.338682,-0.65372,0.507737,-0.144154,-0.0158,-0.149774,-0.533893,0.249121,-0.653708,-0.438823,-0.082718,-0.348185,-0.26747,0.113654,-0.326946,-0.198056,-0.294827,-0.343048,0.317104,0.627869,0.535766,-0.421215,-0.428066,-0.347408,-0.533909,-0.533811,-0.208002,0.388539,-0.441252,-0.428074,-0.595078,0.148764,-0.428066,0.040457,0.038433,-0.428066,0.100568,-0.515923,-0.428074,-0.348185,0.149387,-0.507184,0.495482,-0.746166,-0.155276,-0.327035,-0.208002,0.295906,-0.090685,-0.327113,-0.592407,-0.428074,-0.570534,-0.511186,-0.178988,-0.428066,0.039308,0.388539,-0.278284,-0.098157,-0.592407,-0.428066,-0.428066,-0.280838,0.056538,0.622913,0.645056,-0.105522,-0.218076,0.101944,-0.326318,0.065213,0.400398,-0.343048,0.066188,0.0,-0.245612,-0.326946,0.301649,0.084377,-0.051765,-0.076259,-0.65372,0.793463,-0.098157,-0.326946,0.206792,0.507293,-0.477824,0.998035,0.214982,-0.430959,-0.260775,-0.037826,0.043843,-0.007195,-0.507184,-0.63846,0.358309,-0.02646,-0.113425,0.348786,-0.20965,-0.10602,0.05836,0.491811,-0.381719,0.155194,0.065856,#
14,-0.271763,-0.07317,-0.3709,-0.38855,-0.322157,0.623425,0.059593,-0.22506,0.733966,0.292061,0.417553,0.082857,0.182387,0.826477,1.0,-0.02733,-0.532899,-0.304172,-0.077286,0.309553,-0.523602,0.087236,0.478412,-0.285001,0.355821,-0.623225,0.127727,0.598263,0.738421,0.100078,-0.0741,0.537249,0.394825,-0.242689,0.030097,-0.192435,-0.194677,0.303819,-0.024475,0.031279,0.15871,0.365179,-0.604546,0.478773,-0.059954,-0.389353,0.199041,0.019109,0.621022,0.503665,-0.223674,0.11585,0.151875,-0.329012,-0.215006,-0.024943,0.323874,-0.145254,0.340713,0.348374,0.111455,-0.207616,-0.114686,0.419735,0.394565,0.167011,0.394825,0.144691,-0.228684,0.258645,0.298311,-0.335373,0.631578,-0.444968,-0.438566,-0.148639,0.151514,0.059303,-0.244787,-0.182253,-0.367571,-0.439211,-0.289621,-0.533731,-0.168542,0.202119,0.190409,-0.309265,-0.665331,-0.196416,-0.244787,-0.173204,-0.814657,0.249017,0.109554,0.285865,0.097886,-0.665331,0.424944,-0.439211,-0.355323,0.140036,-0.182253,-0.44513,0.257544,0.059303,-0.106364,-0.109792,-0.181038,0.145521,0.406413,0.446101,-0.6356,-0.122136,-0.566118,-0.66535,-0.284201,-0.019039,0.077894,-0.260574,-0.129899,-0.444968,0.196716,-0.122136,0.093996,0.192924,-0.122136,0.168931,-0.49894,-0.129899,-0.182253,0.046607,-0.367571,0.619347,-0.628315,0.086623,-0.407546,-0.390211,0.397268,0.038905,0.073068,-0.50497,-0.53346,-0.568105,-0.374703,-0.161163,-0.122136,-0.241164,0.491705,-0.068806,0.028236,-0.50497,-0.122136,-0.122136,-0.178954,0.331585,0.401917,0.62752,0.017761,0.369187,-0.175414,-0.406652,-0.063779,0.08901,-0.181038,-0.184194,0.0,-0.052497,0.059303,0.130989,0.237245,0.047862,0.151514,-0.443485,0.99714,0.028236,-0.407436,0.00019,0.346202,-0.368787,0.808991,0.280752,-0.117098,-0.15652,-0.13861,0.01028,0.229705,-0.367571,-0.467251,0.171768,0.09021,-0.281565,0.167202,-0.520709,-0.396261,-0.070212,0.227384,-0.407615,0.254602,-0.0631,#
15,-0.332797,0.320947,-0.560134,0.326856,-0.62466,-0.428123,-0.19778,-0.009734,-0.010542,0.063514,0.166003,0.4641,0.051872,-0.223947,-0.02733,1.0,-0.236368,0.185081,0.574466,0.320947,0.332499,-0.106134,-0.211028,-0.037142,0.204143,0.402531,-0.224137,0.004908,-0.002761,-0.498199,-0.5503,0.128054,0.34852,0.020466,0.632668,-0.020313,-0.406629,0.202546,-0.649851,0.122735,0.398552,-0.140944,0.049859,-0.178576,0.176111,-0.254203,-0.38916,-0.615826,0.144531,0.031065,-0.290638,0.294323,-0.429771,0.518062,-0.070804,0.327196,0.309603,-0.184306,0.402692,0.285621,-0.343723,0.006303,-0.123089,0.070881,0.206801,-0.532518,0.34852,-0.131541,0.063238,-0.116408,0.038012,0.691089,-0.007127,0.225908,0.650394,-0.519671,0.02016,-0.021888,0.81168,-0.001665,0.215862,-0.17507,0.415025,-0.241884,-0.035205,0.388734,0.339462,0.416373,0.016457,0.39621,0.81168,-0.034962,0.202095,-0.428021,0.373377,0.682783,0.429694,-0.43541,-0.609565,0.160804,0.382101,-0.024126,-0.034962,0.127793,-0.034962,0.523636,-0.010087,-0.341729,-0.04626,-0.050502,-0.187433,-0.332797,0.412231,0.615865,-0.001997,0.030994,-0.012829,0.581468,-0.197047,0.344547,0.667633,0.225908,-0.326351,0.170733,0.391095,0.005263,0.615865,-0.330785,0.343482,0.230891,0.037182,-0.034484,0.215862,-0.048247,-0.010087,0.834049,-0.499076,-0.162104,0.246391,0.162373,-0.007861,0.307197,0.179452,0.209213,-0.196074,0.442933,0.212279,-0.503207,-0.257754,0.145689,0.148283,0.307197,0.247889,0.247889,0.459418,0.230891,-0.61359,-0.041712,0.21143,0.322315,-0.44864,-0.038476,-0.241884,-0.228245,-0.387024,0.381531,0.0,0.147885,-0.021888,0.416373,-0.443018,0.608994,0.02016,0.21727,-0.009451,-0.221927,0.046583,-0.191002,-0.224278,0.44774,-0.233187,-0.235094,0.182554,-0.048796,0.16948,-0.292062,-0.094601,0.215862,0.204264,-0.407269,-0.226478,-0.039234,-0.804061,-0.204056,-0.581101,0.17789,0.002413,-0.229052,-0.076926,-0.653256,#
16,0.46299,-0.424484,0.207401,0.161263,0.653102,-0.148361,-0.206108,0.348307,-0.792536,-0.396065,-0.195743,0.213376,-0.148543,-0.427624,-0.532899,-0.236368,1.0,-0.170098,-0.657822,-0.424484,-0.419782,0.002891,-0.275723,0.392754,-0.427903,0.110494,-0.025965,-0.316573,-0.793018,-0.326164,0.195111,0.099721,-0.217878,-0.533032,-0.017762,-0.087452,-0.18599,0.036371,0.470505,0.224058,-0.078713,-0.213983,0.221616,-0.025178,0.233477,0.385561,-0.141045,-0.076702,-0.841129,-0.292646,0.158542,-0.132259,0.35,-0.215206,0.375571,0.029529,0.134246,-0.061069,-0.619845,0.125165,-0.422989,-0.447644,0.381028,-0.167647,0.038726,0.275829,-0.217878,-0.086028,-0.145407,-0.468853,0.394233,0.291313,-0.326537,-0.032064,-0.070967,-0.175015,-0.12857,0.26132,0.066424,0.534478,-0.093989,0.218644,-0.060104,0.499221,0.345762,0.066424,0.134394,-0.04619,0.320819,-0.352905,-0.348728,0.049987,0.634573,-0.381941,0.359013,-0.426202,-0.110134,0.807844,-0.249728,0.250549,0.187132,-0.060104,0.534478,0.642377,0.049987,-0.32665,0.312174,-0.070655,0.117102,0.423667,-0.244101,-0.217878,0.066424,0.044207,0.108466,-0.060104,-0.053333,-0.227296,-0.553357,0.152359,-0.427686,-0.032064,-0.484991,0.562355,-0.395329,0.110382,0.044207,-0.389135,0.053023,0.080695,-0.391246,0.295583,-0.093989,-0.590052,0.312174,-0.531396,0.756783,-0.258839,-0.692445,-0.070967,0.183834,0.245112,0.543686,0.196713,-0.055734,-0.303741,-0.427677,-0.167956,-0.032064,0.694074,0.003103,0.245112,0.009253,0.009253,-0.165661,-0.427686,-0.270906,-0.821992,-0.475784,-0.217878,0.115785,0.215225,0.053488,-0.070967,0.084732,-0.352283,0.0,0.25163,0.26132,-0.531185,0.533331,-0.560582,-0.12857,0.208741,-0.560632,-0.032064,0.169158,-0.640553,-0.433978,-0.006107,-0.447714,-0.476091,0.531107,0.312088,-0.303527,0.414531,0.305014,-0.093989,0.345851,-0.116056,0.420908,0.364386,-0.092051,0.496089,0.356307,0.031583,-0.789827,0.112466,-0.725025,0.009253,#
17,0.211329,0.503453,0.277822,0.520998,0.145113,-0.336887,-0.166465,-0.417194,-0.042378,0.456838,-0.170386,-0.334215,0.117223,-0.014947,-0.304172,0.185081,-0.170098,1.0,0.376686,0.077142,0.474763,-0.027893,0.224067,-0.400816,-0.033652,-0.091996,0.04035,-0.176309,-0.05416,0.381697,-0.253762,-0.172131,0.239886,0.606358,-0.470833,-0.025218,0.259118,-0.034402,0.026178,-0.280198,0.021587,0.221349,0.834527,-0.451081,-0.209886,-0.426806,0.106678,-0.006337,-0.030426,0.187454,0.428955,0.18615,-0.79343,0.753146,0.150323,-0.162516,-0.279792,-0.077483,-0.114624,-0.26818,-0.069162,-0.08243,-0.437041,-0.257603,-0.47027,0.050829,0.239886,0.57913,0.624521,0.435936,-0.434056,0.061398,0.359522,0.106287,0.498582,0.335301,-0.320563,-0.753545,0.302985,-0.138499,0.013712,-0.158617,-0.308819,0.358954,-0.386401,-0.157945,-0.641556,0.112609,0.502177,0.31652,0.337811,-0.157651,0.148062,0.379807,-0.006979,-0.004469,0.126721,0.009727,-0.186787,-0.277678,-0.315518,-0.787411,-0.174786,0.105332,-0.174786,-0.159027,-0.392076,-0.389428,-0.597982,-0.007491,0.24793,0.239886,0.773134,-0.134968,-0.129165,0.143183,-0.322561,-0.265383,0.585665,-0.169656,0.003385,0.106287,-0.124277,-0.620077,-0.276132,-0.053468,-0.134968,-0.209753,0.039941,-0.472581,0.435051,-0.246406,0.013712,0.141422,-0.371312,0.132338,-0.228912,0.263826,0.044213,-0.033268,-0.218468,0.463956,-0.15104,-0.22395,-0.366374,0.817343,-0.006684,0.05814,-0.439249,-0.328728,-0.512999,0.463956,-0.004528,-0.004528,-0.374276,-0.472581,0.276114,0.265663,-0.370519,-0.502619,-0.138657,0.316222,0.37765,0.489827,-0.477188,0.778407,0.0,-0.259339,-0.753545,0.112609,-0.604395,0.524935,-0.320563,-0.182694,-0.340456,-0.381767,0.360869,0.286412,-0.023691,0.676216,-0.015567,-0.120527,-0.620174,0.185348,0.270533,0.071043,-0.314745,0.013712,-0.217383,0.136117,-0.486565,0.057086,-0.276625,0.313415,0.002979,-0.152087,0.435134,-0.345935,0.232346,-0.033634,#
18,-0.33547,0.72162,-0.132338,0.355205,-0.607207,-0.478897,-0.189133,-0.371043,0.308227,0.384318,0.114711,-0.081974,0.045472,-0.211344,-0.077286,0.574466,-0.657822,0.376686,1.0,0.31589,0.691069,-0.096968,-0.202016,-0.040972,0.147555,0.395526,-0.132363,0.010222,0.311531,0.096679,-0.402917,-0.419286,0.345953,0.495563,0.144945,-0.018804,0.144132,0.128861,-0.636588,-0.282016,0.003755,-0.136795,0.154774,-0.244368,0.106481,-0.459365,0.044238,-0.092004,0.534291,-0.030305,-0.273419,0.232092,-0.497842,0.709508,-0.044517,0.251444,-0.367735,-0.264258,0.428807,-0.388047,0.328007,0.298393,-0.135411,0.008997,-0.272051,-0.515795,0.345953,-0.115763,0.073882,0.446139,-0.522289,0.273906,0.009311,0.620098,0.638543,0.061926,-0.048574,-0.102161,0.354766,-0.435894,0.203901,0.185482,0.347218,-0.178438,-0.050822,-0.068246,-0.112955,0.410048,0.073277,0.449957,0.802217,-0.044588,-0.169986,0.025757,-0.094912,0.608038,0.358436,-0.37866,-0.229171,0.152973,0.269098,-0.092001,-0.469196,-0.199031,-0.469196,0.443447,-0.540292,0.039646,-0.055887,-0.430238,-0.179632,-0.309261,0.466629,0.139892,0.050102,0.454764,0.35468,0.148737,0.281682,0.335047,0.596584,0.620098,0.288134,-0.305309,0.391362,-0.052265,0.139892,0.289056,0.52129,0.159775,0.420723,-0.0384,0.203901,0.321765,-0.025782,0.763864,-0.503083,0.254979,0.560718,0.150446,-0.09042,0.309664,-0.221705,0.201471,0.189765,0.568651,0.610815,-0.091135,-0.3205,-0.306162,0.136362,0.309664,0.175508,0.175508,0.443886,0.159775,-0.109494,0.359752,0.602121,0.21491,-0.371339,-0.042404,-0.161281,-0.154865,-0.022904,0.481761,0.0,0.170595,-0.102161,0.410048,-0.878391,0.61097,-0.048574,0.148737,-0.037808,0.172194,0.042661,0.277776,-0.18255,0.451335,-0.189118,0.258856,-0.292984,-0.008803,0.218136,-0.2505,-0.136087,0.203901,0.062344,-0.368761,-0.689763,0.05072,-0.315675,-0.100253,-0.474795,-0.22,0.487208,-0.230892,0.384355,-0.187578,#
19,-0.216474,0.660351,-0.160825,-0.344619,-0.643662,-0.139162,0.205439,0.362019,0.08851,0.209165,-0.19273,-0.324627,0.826921,0.456199,0.309553,0.320947,-0.424484,0.077142,0.31589,1.0,0.126412,0.565857,0.189138,-0.530116,-0.425147,-0.314405,0.415618,0.075514,0.082798,-0.324063,-0.867969,0.430095,0.544111,-0.027939,0.39988,-0.110666,0.337417,0.051983,-0.422708,-0.647607,0.785062,0.704457,-0.104843,-0.01159,-0.21902,-0.356958,0.342415,0.441728,0.531052,0.407612,0.319075,0.083566,-0.138919,-0.066902,-0.795993,0.349062,0.268719,-0.330598,0.343717,0.285913,0.049945,0.084437,-0.255075,0.329671,0.309735,0.261737,0.544111,0.44708,0.140149,-0.245814,0.363882,0.12048,0.224408,-0.013332,-0.005156,0.176987,0.353943,-0.324546,0.127167,-0.292828,-0.042577,-0.159052,-0.039744,-0.425147,0.305506,0.523776,0.006023,0.377682,-0.025533,0.510746,0.127167,-0.404342,-0.164622,0.01385,-0.106588,0.579105,0.405192,-0.529973,-0.263545,-0.648908,0.35061,-0.148687,-0.794643,-0.229784,-0.404342,0.284447,-0.2152,-0.363209,-0.408021,-0.112755,0.64263,-0.216474,0.127167,-0.424922,0.080642,-0.039744,-0.529891,0.212055,0.406616,-0.4048,0.101628,-0.013332,0.179229,-0.424922,0.236826,0.127167,-0.424922,0.07899,0.31359,0.101628,-0.292828,0.192876,-0.042577,0.507493,-0.2152,0.391153,-0.324633,0.212055,0.065983,-0.126223,-0.324711,-0.444875,-0.424931,0.078481,-0.050286,0.014407,-0.424922,0.183882,-0.133317,-0.241147,-0.133317,-0.444875,0.111752,0.111752,0.293789,0.511174,0.144329,0.475323,0.39496,-0.216474,-0.167139,-0.323921,-0.425147,0.418577,0.088967,0.125827,0.0,-0.20551,-0.324546,0.768388,-0.433871,0.182273,0.353943,-0.164622,0.304886,0.406616,0.284447,0.166382,-0.02619,-0.335189,0.475329,0.2093,-0.430606,-0.767827,-0.263246,-0.436637,-0.126829,-0.042577,-0.633772,0.314183,-0.042577,-0.075949,-0.149208,-0.361011,-0.535802,-0.013831,0.485679,-0.189259,0.160752,-0.007509,#
20,-0.214076,0.430766,0.145471,0.248548,-0.357079,-0.522769,0.288614,-0.038105,-0.002947,0.002224,-0.165557,-0.321031,-0.038105,-0.420163,-0.523602,0.332499,-0.419782,0.474763,0.691069,0.126412,1.0,-0.099839,-0.165362,-0.183826,0.120125,0.554998,-0.134567,-0.421403,-0.008056,0.114887,-0.158913,-0.637413,-0.214076,0.797109,0.102916,0.286933,0.410342,-0.42009,-0.418025,-0.157964,-0.051371,-0.149889,0.441902,-0.41601,-0.134468,0.057809,-0.193578,0.00348,0.164741,-0.322366,0.154605,0.099276,-0.524028,0.522819,-0.19201,0.056459,-0.305001,0.24687,0.296015,-0.320922,0.284069,0.68657,-0.338725,-0.301387,-0.383852,-0.480178,-0.214076,-0.115922,0.392959,0.099406,-0.667788,0.136232,-0.320839,0.466902,0.479314,0.350145,-0.042777,-0.320951,0.243512,-0.300087,0.445112,0.154898,0.462953,-0.060062,-0.269922,-0.289581,-0.255141,0.4895,0.296232,0.565653,0.579163,0.069085,0.333367,0.085558,-0.523178,0.119647,-0.021169,-0.192062,-0.31561,0.192832,0.182673,-0.0116,-0.261227,-0.097508,-0.261227,0.268551,-0.057552,0.126272,0.060937,-0.522538,-0.155864,-0.214076,0.579163,0.140841,0.52956,0.785649,0.322968,0.333367,0.466902,0.093822,0.639963,0.466902,0.274929,-0.420215,0.334445,-0.289581,0.140841,0.182972,0.419213,0.089482,0.554838,-0.319469,0.445112,-0.168679,0.342697,0.504574,-0.321037,0.65215,0.255105,-0.048049,-0.321114,0.289356,0.130258,0.406284,0.433538,0.41195,0.4941,0.461276,-0.411152,-0.640055,-0.05575,0.289356,0.099282,0.099282,0.364131,0.089482,-0.266484,0.132764,0.454816,-0.214076,0.093564,0.258841,-0.060062,-0.090238,0.02245,0.562397,0.0,-0.297833,-0.320951,0.4895,-0.764562,0.475775,-0.042777,0.333367,-0.494464,-0.097562,0.268551,0.660478,0.173326,0.377162,-0.379705,0.202388,-0.393669,-0.191841,0.567455,-0.510531,-0.572139,0.445112,0.128708,-0.02896,-0.463467,-0.143699,-0.130381,0.027853,0.063804,0.132313,0.561945,0.399923,0.424713,-0.066957,#
