0,1.0,0.097785,-0.541193,0.218942,0.532604,0.070359,0.533694,-0.17655,-0.0241,-0.578112,0.705618,0.834149,0.097785,-0.223476,0.547694,-0.016144,0.693722,-0.650012,0.131743,0.314349,-0.087794,-0.060455,-0.082342,0.534752,-0.097645,0.074724,-0.234887,0.078946,0.141353,-0.098343,-0.356051,-0.403193,0.235578,-0.162056,0.710616,-0.137367,-0.119559,-0.307028,0.644179,0.31435,-0.093729,0.519331,-0.421622,-0.261797,0.262817,0.590473,0.220811,-0.093556,-0.524239,0.095198,-0.261797,0.051792,-0.234012,-0.308173,0.36708,0.015155,-0.050666,0.449385,-0.392325,-0.268307,-0.45008,0.210154,0.076827,-0.281021,-0.418725,-0.38397,0.0,0.01231,-0.349578,-0.517096,-0.042973,0.027192,0.31435,0.113413,-0.063281,0.201505,-0.535917,-0.22391,-0.386107,-0.15793,-0.767901,-0.407108,0.097278,-0.543452,-0.201257,-0.535917,0.203275,-0.22391,0.162805,0.104462,-0.997208,-0.327691,0.217973,-0.640987,0.044139,-0.147373,0.69183,-0.581684,-0.339765,0.314349,0.630684,0.414995,-0.325464,-0.253298,-0.36763,-0.054082,-0.535917,-0.0883,-0.123373,0.0,-0.431369,0.088707,-0.04614,0.09613,-0.51441,0.0,0.414995,0.155575,0.13281,-0.439099,-0.535917,-0.054082,-0.535917,0.83405,-0.096065,-0.339765,-0.62006,0.2828,-0.607612,-0.147373,-0.655816,-0.377844,-0.191169,0.571523,-0.191169,0.162805,-0.407108,-0.610662,0.022252,-0.4667,0.314349,0.040914,0.162805,0.088745,-0.061847,-0.409551,0.0,0.258392,-0.386107,-0.407108,0.203275,-0.061847,-0.054082,-0.054082,0.16785,-0.143101,-0.067551,0.392331,-0.191169,0.104462,-0.627654,-0.0883,0.227733,-0.307447,-0.307447,-0.422521,-0.054082,0.219758,0.0,0.0,0.611083,-0.361329,0.262817,0.16785,0.220391,-0.04614,0.262817,0.572126,-0.011837,-0.22391,-0.42396,0.220391,0.158045,-0.072734,0.076411,-0.389622,0.090432,-0.219964,0.627029,0.555725,-0.641551,0.413648,0.335076,0.323996,0.242044,0.326811,-0.4099,-0.155129,0.255606,-0.62006,#
1,0.097785,1.0,-0.712929,0.246432,0.404429,0.158785,0.145946,0.482593,-0.02041,0.120711,0.466324,0.371317,1.0,0.594151,-0.104907,-0.099324,-0.185546,-0.646727,0.704948,0.364405,0.11256,0.083211,0.389667,-0.458218,-0.414016,0.224415,-0.052841,0.207161,0.523476,-0.433203,0.489468,0.46742,0.289019,0.095577,-0.017741,-0.425383,-0.202013,-0.462617,-0.532394,0.104116,-0.207431,0.430396,0.052658,-0.195716,-0.416464,0.140973,0.087474,0.450671,-0.254927,-0.274106,-0.195716,0.084637,0.126279,0.232463,0.425538,-0.492189,-0.188153,0.371317,-0.095641,0.411965,-0.318418,-0.693037,0.225593,0.438363,-0.1175,-0.370894,0.0,0.483137,-0.231221,0.136222,0.313767,0.400081,0.364405,-0.692903,-0.119628,0.254418,0.264131,0.097387,0.012704,0.273388,0.166977,-0.156174,0.21415,-0.169417,0.242783,0.264131,-0.378077,0.244382,0.214015,-0.119872,-0.063758,0.466493,0.254771,-0.235938,0.02175,-0.206873,0.384635,-0.004002,0.667511,0.364406,-0.048671,-0.022299,0.321067,-0.559162,-0.109768,-0.033449,0.264131,0.109224,-0.42332,0.0,0.339437,0.091332,-0.168589,-0.076611,0.515685,0.0,-0.022299,-0.063012,0.40053,0.16813,0.264131,0.546329,0.264131,0.36675,-0.208466,0.667511,-0.058967,0.433833,-0.00817,-0.206873,0.082391,-0.477118,0.079011,0.01734,0.079011,0.214015,-0.156174,-0.234261,0.504132,-0.015757,0.364406,-0.095947,0.214015,0.231595,-0.009916,-0.063461,0.0,-0.003813,-0.459195,-0.156174,-0.063012,-0.347098,0.167243,-0.033449,0.713936,0.123587,0.129055,-0.105164,0.079011,-0.119872,0.137523,0.418693,0.618615,-0.285659,-0.012155,0.378718,0.167243,0.052327,0.0,0.0,0.121001,0.118254,-0.416464,0.713936,-0.169627,-0.168589,-0.416463,-0.020606,-0.100362,0.097387,0.120601,-0.169627,-0.061771,0.044532,-0.501052,-0.591871,-0.264313,0.480445,0.311326,0.260906,-0.081662,0.226429,-0.322371,0.044532,0.312185,-0.444662,-0.125808,-0.159332,-0.24841,-0.058967,#
2,-0.541193,-0.712929,1.0,-0.564783,-0.542457,0.174616,-0.074835,-0.441632,0.455323,0.3801,-0.816646,-0.680245,-0.712929,-0.171822,-0.079966,0.215385,-0.358353,0.97911,-0.476166,-0.507218,-0.442327,0.010098,-0.034678,-0.032244,0.706597,0.014277,-0.1706,-0.244461,-0.379248,0.353418,-0.258841,-0.296637,-0.633908,0.11385,-0.422449,0.35257,0.382572,0.711827,0.12096,-0.507218,0.034258,-0.324677,0.218646,0.353747,0.249405,-0.569991,-0.408491,-0.443744,0.672726,0.206659,0.31998,-0.397612,0.336299,-0.066336,-0.795187,0.334687,0.07713,-0.712484,0.188003,-0.2345,0.716711,0.534815,-0.005499,-0.397963,0.24562,0.545089,0.0,-0.508195,0.256858,0.024537,-0.339306,-0.005143,-0.507218,0.127285,0.171756,-0.679088,0.059757,-0.1636,0.206542,0.052617,0.156714,0.165336,-0.051821,0.465978,-0.138972,0.059757,-0.12301,-0.113155,-0.536901,-0.078491,0.490792,-0.410357,-0.612743,0.30522,-0.28354,0.059757,-0.775742,0.471995,-0.442846,-0.507218,-0.406412,-0.209466,-0.256546,0.41666,0.127285,-0.270685,0.059757,-0.408634,0.308968,0.0,0.184203,-0.103815,0.029895,-0.112463,-0.04164,0.0,-0.209466,-0.138972,-0.500419,-0.100897,0.059757,-0.209466,0.059757,-0.722382,-0.207411,-0.442846,0.524565,-0.274962,0.058489,0.059757,0.289092,0.416441,-0.113155,-0.146684,-0.146785,-0.57219,0.165336,0.290039,-0.477317,-0.014947,-0.507218,-0.324197,-0.536901,-0.579509,0.012812,0.144391,0.0,0.192036,0.156714,0.165336,-0.10605,-0.04164,-0.270685,-0.270685,-0.853913,0.068745,0.216596,0.138531,-0.113155,-0.078491,0.056241,-0.358657,-0.341941,0.41666,0.41666,0.13334,-0.270685,-0.047996,0.0,0.0,-0.566452,-0.12617,0.249405,-0.853913,0.087317,0.029895,0.249405,-0.067104,0.128857,-0.1636,0.151119,0.087317,-0.136461,-0.020376,0.146524,0.636416,0.213279,-0.345105,-0.599601,-0.541435,0.311406,-0.254025,0.014874,0.033559,-0.291214,0.251334,0.552755,0.521349,0.131513,0.524565,#
3,0.218942,0.246432,-0.564783,1.0,0.135446,0.118034,-0.206818,0.446259,-0.776256,-0.343116,0.309926,0.072008,0.246432,-0.23049,-0.234559,-0.39801,0.268888,-0.614203,0.119461,0.276139,0.238395,-0.048808,-0.495452,0.106679,-0.45737,-0.370003,0.121079,0.349534,0.132985,-0.108651,0.306558,0.085023,0.205965,-0.209233,0.266776,0.414101,-0.210079,-0.410269,-0.160996,0.276139,-0.093742,0.171889,0.075738,-0.240843,-0.407634,0.603397,0.303814,-0.099469,-0.455923,-0.38255,-0.272533,0.560501,-0.290502,0.186497,0.322458,-0.436174,0.315396,0.812664,0.121172,-0.289514,-0.412248,-0.581162,0.075978,0.322031,0.033636,-0.327112,0.0,0.022142,0.211321,-0.129035,0.467385,-0.727024,0.276139,0.138631,0.464114,0.304446,0.23188,0.588519,0.39152,-0.554342,-0.013754,0.223541,-0.326074,-0.520655,-0.204574,0.23188,0.209256,0.588519,0.54205,0.103246,-0.193257,0.633919,0.592511,-0.248791,0.4148,0.644319,0.687642,-0.067237,0.15152,0.276139,0.650021,0.413997,0.396437,-0.220306,-0.371994,-0.083926,-0.148832,0.644672,-0.6111,0.0,-0.361034,0.108662,-0.04008,0.121862,-0.056112,0.0,0.413997,0.608105,0.16626,0.036177,0.23188,-0.083926,-0.148832,0.114813,0.644232,0.15152,-0.573202,-0.206766,0.258634,0.644319,-0.248791,0.507893,0.57181,-0.21386,0.161518,0.508933,0.223541,0.37476,-0.13175,0.350694,0.276139,0.03915,0.54205,0.886547,0.368733,-0.029322,0.0,-0.660295,0.39152,-0.407634,0.177423,0.368733,0.375695,-0.083926,0.71571,-0.554342,-0.609095,-0.601078,0.193079,0.103246,0.225537,0.269456,0.244621,-0.192672,-0.192672,-0.409537,0.375695,-0.302491,0.0,0.0,0.587037,0.103198,-0.407634,0.71571,0.302606,0.368733,-0.407634,-0.232644,-0.410467,0.588519,-0.392796,0.302606,0.156631,-0.107981,0.140245,-0.340117,-0.373351,0.472535,0.589311,0.127896,0.153296,-0.055894,-0.029082,-0.496039,0.222279,0.051921,-0.77034,-0.467672,-0.188816,-0.573202,#
4,0.532604,0.404429,-0.542457,0.135446,1.0,-0.16864,0.568998,-0.279003,0.067809,-0.101364,0.40457,0.671353,0.404429,0.108589,0.054683,-0.651751,-0.07391,-0.525198,0.468609,-0.217869,-0.090233,-0.525494,-0.014527,0.066829,-0.234261,-0.426912,0.048588,-0.198404,0.357337,-0.326725,0.247295,-0.250036,0.153437,-0.533339,0.45333,-0.326719,0.364661,-0.721102,0.34441,0.499168,0.389398,0.402717,-0.73975,-0.798088,-0.217869,0.169031,-0.215872,0.243154,-0.000591,-0.245564,-0.798088,0.363585,0.145232,-0.058566,0.280178,-0.284028,-0.525489,0.27476,-0.176311,0.142184,-0.156916,-0.105627,-0.427533,-0.297944,0.08507,0.170471,0.0,0.143743,0.157014,-0.077579,-0.318437,0.099965,-0.217869,-0.250046,0.19636,0.079461,-0.533388,-0.309159,-0.653254,-0.136102,-0.653254,-0.217869,0.493132,-0.568635,0.053313,-0.533388,-0.339414,0.146403,0.050356,-0.42766,-0.533668,-0.149823,0.137378,-0.335096,0.181098,-0.533388,0.346996,-0.038276,0.33666,-0.217869,0.38143,-0.326637,-0.208384,-0.548501,-0.250046,0.226224,-0.533388,-0.081973,-0.326616,0.0,0.225992,0.123204,-0.504354,-0.424615,-0.046232,0.0,-0.326637,0.548148,0.406416,-0.082142,-0.533388,-0.326637,-0.533388,0.634443,-0.30694,0.33666,-0.130294,0.326972,-0.492517,-0.533388,-0.402552,-0.427886,-0.344202,0.274476,-0.344202,0.050356,-0.217869,-0.326804,0.314818,-0.509014,-0.217869,-0.191197,0.050356,0.078759,-0.084059,-0.188838,0.0,0.373633,-0.203265,-0.217869,-0.339414,-0.084059,-0.326637,0.226224,0.24939,-0.5329,0.275721,0.464492,-0.344202,-0.42766,-0.609921,-0.081973,-0.089626,0.262901,-0.490544,0.235336,-0.326637,0.165587,0.0,0.0,0.134171,-0.35997,-0.217869,0.24939,-0.04437,-0.504354,-0.217869,0.074771,0.254415,-0.309159,0.331155,-0.04437,-0.399363,-0.058976,0.360854,-0.761143,-0.239802,0.234638,0.45977,0.558612,-0.800031,0.279982,0.451349,0.436424,-0.137413,-0.260679,-0.12686,-0.030131,-0.172889,-0.130294,#
5,0.070359,0.158785,0.174616,0.118034,-0.16864,1.0,0.101993,-0.074154,0.310944,0.334225,-0.047688,0.036391,0.158785,0.206043,0.087127,0.004942,-0.157448,0.125361,0.256483,0.209803,-0.580958,0.208567,0.290821,-0.312348,0.43763,0.350389,-0.447369,-0.010074,0.418037,0.193143,-0.148633,-0.037822,-0.353443,0.414826,-0.097477,0.194108,-0.043305,0.448051,-0.186746,-0.661686,-0.546388,0.445368,0.379528,0.092567,0.112971,0.118282,-0.37062,-0.234666,0.146526,-0.286265,0.092567,-0.281464,0.612476,0.178938,-0.335456,-0.194432,0.17825,0.036391,-0.210799,-0.136567,0.324147,-0.180113,0.351005,-0.145988,-0.355761,-0.256301,0.0,-0.132085,-0.233294,-0.306177,0.020654,0.077751,0.209803,-0.36865,0.475745,-0.523116,0.435764,0.132157,0.495152,-0.05689,0.036011,0.145248,-0.231433,0.200082,-0.392419,0.435764,-0.46941,0.101396,-0.209803,-0.209569,-0.098829,-0.198156,-0.371782,-0.462086,-0.030343,0.377357,-0.092616,0.225228,-0.181771,0.209803,0.337598,0.244031,0.012789,-0.281693,-0.296338,-0.992023,-0.050963,-0.111742,-0.428896,0.0,0.051762,0.333614,-0.366471,0.311324,0.293915,0.0,0.244031,0.05803,0.077281,-0.290215,0.435764,0.314544,-0.050963,-0.033263,-0.369936,-0.181771,-0.105555,-0.101507,-0.379901,0.377357,0.120746,0.264131,0.080889,-0.065395,-0.403305,-0.209803,0.145248,0.217872,-0.127871,-0.338838,0.209803,-0.54342,-0.209803,-0.210761,0.175857,-0.316213,0.0,-0.157824,-0.5683,-0.661686,0.05803,-0.388607,0.267535,-0.992023,-0.200585,-0.075466,0.213745,-0.228859,-0.403305,-0.209569,0.191538,-0.073366,0.476692,-0.247776,0.667962,0.055848,0.267535,-0.325082,0.0,0.0,0.097013,-0.213319,0.112971,-0.200585,0.3806,0.156181,0.112971,0.084956,-0.00993,0.132157,-0.221156,0.3806,-0.171614,-0.311993,-0.319903,0.026606,-0.268888,-0.131258,0.157286,-0.195356,0.105291,0.263235,-0.368349,-0.311993,0.010393,0.435665,0.034967,0.201333,-0.087609,-0.105555,#
6,0.533694,0.145946,-0.074835,-0.206818,0.568998,0.101993,1.0,-0.174498,0.510691,-0.028426,0.257356,0.400279,0.145946,-0.172398,0.084853,-0.046512,0.183476,-0.1707,0.197422,-0.406538,-0.570927,-0.188675,-0.048835,0.481803,0.346793,0.103455,-0.679842,0.065503,0.153797,-0.125285,-0.2653,-0.379097,-0.218906,-0.154474,0.189862,-0.144292,0.628592,-0.310109,0.605356,0.279825,-0.104902,0.611118,-0.3888,-0.292523,0.227028,0.162783,-0.156733,-0.263148,0.217407,0.043331,-0.292523,-0.447914,0.266057,-0.322298,-0.12947,-0.220541,-0.089673,0.020652,0.157477,-0.267237,0.093126,0.192581,0.085043,-0.285198,-0.070507,0.382254,0.0,-0.189592,0.230243,-0.496705,-0.025283,0.213785,-0.406538,-0.503746,-0.015355,-0.372151,-0.565364,-0.642554,-0.420983,-0.178707,-0.796499,-0.406538,0.549676,-0.587264,-0.2436,-0.565364,-0.306567,0.221204,-0.340443,-0.391428,-0.559335,-0.34301,-0.218707,-0.246695,-0.419496,-0.613133,0.235574,-0.062518,-0.336437,-0.406538,0.073578,-0.148133,-0.375472,-0.365537,-0.444605,-0.080286,-0.565364,-0.563109,-0.148946,0.0,0.050243,0.116927,-0.129746,-0.439524,-0.487806,0.0,-0.148133,0.182136,-0.16277,-0.544394,-0.565364,-0.090463,-0.565364,0.353558,-0.602199,-0.336437,-0.16668,0.412607,-0.527374,-0.613133,-0.675895,-0.383658,-0.248412,0.440772,-0.248412,-0.340443,-0.406538,-0.609806,-0.092076,-0.527683,-0.406538,-0.458105,-0.340443,-0.387179,-0.113654,-0.391501,0.0,0.834804,-0.412699,-0.406538,0.124807,-0.575309,-0.609496,-0.080286,-0.117664,-0.1939,0.33654,0.817927,-0.248412,-0.391428,-0.857058,-0.139392,0.229913,0.411152,-0.310059,0.078896,-0.609496,0.202901,0.0,0.0,0.172864,-0.802543,0.227027,-0.117664,0.236551,-0.129746,0.227028,0.558998,0.021007,-0.642554,0.153029,0.236551,-0.340713,-0.063228,0.083779,-0.48322,0.074953,-0.225361,0.065879,0.556578,-0.676868,0.440237,0.340962,0.817443,0.244583,-0.125083,0.069956,0.345486,0.170809,-0.16668,#
7,-0.17655,0.482593,-0.441632,0.446259,-0.279003,-0.074154,-0.174498,1.0,-0.509186,0.096685,0.401167,-0.144261,0.482593,-0.009408,-0.288568,0.260558,0.177015,-0.435416,-0.001097,0.223921,0.279862,0.474415,-0.037247,0.03562,-0.439846,0.270282,-0.234865,0.363421,0.058065,-0.001317,0.043142,0.74226,0.460241,0.274077,-0.167845,0.00137,-0.220005,-0.357309,-0.556917,0.134353,-0.474648,0.004999,0.607745,0.293565,-0.044784,0.408336,0.595747,0.22961,-0.249724,-0.230539,0.293565,-0.14562,-0.216099,-0.062493,0.491579,-0.471568,0.385976,0.422479,0.569532,0.049125,-0.277748,-0.600394,0.270968,0.955139,-0.262809,-0.233508,0.0,0.363022,0.119349,-0.146488,0.93364,-0.133568,0.223921,-0.342307,-0.242809,0.391703,0.3321,0.395182,0.299787,-0.231968,0.352875,0.044784,-0.339186,-0.218618,-0.116389,0.3321,0.231182,0.445765,0.267046,0.152149,0.219396,0.750531,0.449305,0.280295,-0.246368,0.170022,0.372656,-0.15668,0.135802,0.223921,-0.149157,0.140039,0.405825,-0.232675,-0.141645,0.136202,0.3321,0.278757,0.002034,0.0,-0.143638,0.224324,0.392444,0.165657,0.0273,0.0,0.140039,-0.221616,0.026505,-0.048213,0.3321,0.33571,0.3321,-0.099015,0.281994,0.135802,-0.355094,0.056337,0.440424,0.170022,-0.177198,0.029318,0.388859,-0.251073,0.388859,0.267046,0.044784,0.067176,0.185869,0.445564,0.223921,0.260322,0.267046,0.518012,-0.153565,-0.206388,0.0,-0.293609,0.137402,0.044784,0.339598,-0.269592,0.205263,0.136202,0.71015,0.283516,-0.276795,-0.379625,0.388859,0.152149,0.323143,0.385249,0.452268,-0.138559,-0.044442,-0.140888,0.205263,-0.389577,0.0,0.0,0.412786,0.203479,-0.044784,0.71015,0.202473,0.392444,-0.044784,-0.22157,-0.321474,0.395182,-0.075057,0.202473,0.190081,-0.153233,-0.300566,-0.287681,-0.207509,0.136911,-0.125648,0.29483,0.333691,0.243489,-0.285253,-0.153233,0.353281,-0.415012,-0.306025,-0.215148,-0.223505,-0.355094,#
8,-0.0241,-0.02041,0.455323,-0.776256,0.067809,0.310944,0.510691,-0.509186,1.0,0.305364,-0.238912,0.089493,-0.02041,0.207998,0.007277,0.182794,-0.221524,0.465955,0.259674,-0.211589,-0.517837,-0.178385,0.397754,-0.098335,0.690816,0.49021,-0.302454,-0.081093,0.296217,0.063315,-0.197362,-0.21894,-0.492527,0.320652,-0.292605,-0.3173,0.337319,0.436572,0.26623,-0.211589,-0.004386,0.345561,-0.241641,0.059541,0.286267,-0.488262,-0.513268,-0.055444,0.390171,0.327314,0.059541,-0.653047,0.566333,0.159947,-0.508695,0.182615,-0.067477,-0.632896,-0.246895,0.245265,0.299205,0.266162,0.15723,-0.453786,-0.003512,0.274449,0.0,-0.030219,-0.183438,0.110704,-0.433403,0.621762,-0.211589,-0.367413,-0.239536,-0.525107,-0.011261,-0.776709,-0.136475,0.443892,-0.136475,-0.211589,0.612733,0.376845,0.17569,-0.011261,-0.492288,-0.272595,-0.415341,-0.415333,-0.003811,-0.651769,-0.776634,0.023952,-0.200211,-0.518012,-0.516057,0.059575,-0.107025,-0.211589,-0.343814,-0.317221,-0.142163,0.135506,0.259978,-0.317221,-0.011261,-0.517932,0.044668,0.0,0.308171,-0.110447,-0.119738,-0.135148,0.050977,0.0,-0.317221,-0.332771,-0.032144,-0.016625,-0.011261,0.294563,-0.011261,0.04291,-0.759654,-0.107025,0.458647,0.253445,-0.358581,-0.518012,0.185123,-0.415552,-0.272595,0.291203,-0.272595,-0.415341,-0.211589,-0.317383,0.112965,-0.42823,-0.211589,-0.382919,-0.415341,-0.941314,0.050977,0.036451,0.0,0.671032,-0.634423,-0.211589,0.016173,-0.493176,-0.317221,-0.317221,-0.637439,0.282721,0.530245,0.551437,-0.272595,-0.415333,-0.261081,-0.018498,0.028116,0.135506,0.135506,0.354847,-0.317221,0.327941,0.0,0.0,-0.464122,-0.401004,0.286267,-0.637439,-0.221791,-0.119738,0.286267,0.527113,0.133761,-0.776709,0.333142,-0.221791,-0.415515,0.114451,-0.336723,0.228182,0.333142,-0.34999,-0.290388,-0.08749,-0.26779,0.055059,-0.145892,0.43385,0.046838,0.088762,0.634247,0.376845,0.333194,0.458647,#
9,-0.578112,0.120711,0.3801,-0.343116,-0.101364,0.334225,-0.028426,0.096685,0.305364,1.0,-0.22773,-0.260978,0.120711,0.283604,-0.276068,-0.202087,-0.743407,0.477903,0.021828,-0.476797,-0.410453,0.094918,0.447752,-0.483185,0.252977,0.075439,-0.267607,-0.547193,0.304025,0.37262,-0.10693,0.500957,-0.042329,0.22906,-0.39691,-0.148549,0.428753,0.051098,-0.482172,-0.476797,-0.153244,-0.118123,0.386661,-0.047961,0.233956,-0.298497,-0.406811,0.353703,0.796679,-0.468938,-0.047961,-0.339658,0.830451,-0.03554,-0.162539,-0.3168,-0.232857,-0.46608,0.41207,0.38565,0.729616,-0.157494,-0.390818,0.233914,-0.219466,0.448745,0.0,0.205151,0.300146,-0.051564,0.017972,0.293504,-0.476797,-0.553671,0.227235,-0.42054,0.208157,-0.015052,-0.078058,-0.112703,0.237891,0.263571,-0.157235,0.370825,-0.257568,0.208157,-0.572808,0.144878,-0.469777,-0.593835,0.554938,-0.1517,-0.471553,0.380079,-0.320267,-0.274145,-0.716769,0.486279,0.155486,-0.476797,-0.280677,-0.714831,-0.09357,-0.41543,0.043451,-0.326653,0.083116,-0.28686,0.213507,0.0,0.573558,0.561209,-0.403939,-0.032864,0.46374,0.0,-0.714831,-0.084661,0.248726,-0.137329,0.208157,-0.132564,0.083116,-0.355016,-0.602775,0.155486,0.362828,-0.10431,-0.210841,-0.274145,0.20964,0.032959,-0.381952,-0.37036,-0.506342,-0.469777,0.263571,0.395357,0.327387,-0.373175,-0.476797,-0.299575,-0.469777,-0.373575,-0.450201,-0.383638,0.0,0.093391,-0.236033,0.056268,-0.411498,-0.622834,-0.175695,-0.326653,-0.331266,0.057736,0.688505,0.011496,-0.506342,-0.593835,0.162192,-0.25165,-0.170225,0.455884,0.455884,0.552008,-0.175695,-0.641528,0.0,0.0,-0.360077,-0.072172,0.233956,-0.331266,0.227374,-0.269669,0.233956,-0.553842,0.507894,-0.015052,0.720265,0.227374,-0.632127,-0.54338,0.119408,-0.187712,-0.440276,-0.260505,-0.603045,0.057986,-0.045716,0.420976,-0.073357,-0.030399,-0.60931,-0.279689,0.595256,0.461466,-0.527407,0.362828,#
10,0.705618,0.466324,-0.816646,0.309926,0.40457,-0.047688,0.257356,0.401167,-0.238912,-0.22773,1.0,0.832766,0.466324,-0.08176,0.242795,-0.017355,0.581505,-0.829852,0.225685,0.426562,0.198717,0.11732,0.122818,0.325567,-0.419875,0.294824,-0.147762,0.05043,0.440595,0.067276,-0.331237,0.356579,0.694737,0.125963,0.516081,-0.407067,-0.272679,-0.560931,0.12723,0.40071,-0.217586,0.405816,-0.112948,-0.181302,0.349005,0.683709,0.481465,0.483464,-0.560916,-0.11445,-0.181302,-0.037445,-0.139918,-0.183985,0.806038,-0.288159,0.06632,0.490142,-0.093139,0.226866,-0.586172,-0.276724,-0.076096,0.412574,-0.696312,-0.487222,0.0,0.598814,-0.332997,-0.364266,0.418891,0.127514,0.426562,-0.102208,-0.341128,0.565295,-0.218769,-0.093074,-0.375856,-0.212019,-0.375856,-0.271448,-0.067089,-0.369585,-0.117346,-0.218769,0.236073,-0.109499,0.380602,-0.058553,-0.66491,-0.001671,0.321272,-0.20365,0.045906,-0.218769,0.611981,-0.740958,0.010079,0.426562,0.470548,0.131225,0.036075,-0.405209,-0.102208,0.111292,-0.218769,0.197981,0.044041,0.0,-0.35399,0.362518,0.076828,0.316189,-0.265942,0.0,0.131225,-0.10078,0.532035,-0.23966,-0.218769,0.131225,-0.218769,0.853009,-0.066399,0.010079,-0.66454,0.27236,-0.380685,-0.218769,-0.543995,-0.533114,-0.125924,0.320724,-0.125924,0.380602,-0.271448,-0.407173,0.563025,-0.30953,0.426562,0.373854,0.380602,0.255622,-0.301401,-0.551501,0.0,0.015623,-0.392081,-0.271448,0.236073,-0.301401,0.131225,0.111292,0.515201,0.145065,-0.017559,0.092163,-0.125924,-0.058553,-0.264518,0.197981,0.22967,-0.378044,-0.350879,-0.344633,0.131225,-0.18141,0.0,0.0,0.6931,-0.080089,0.349005,0.515201,0.187957,0.076828,0.349005,0.244041,0.033404,-0.093074,-0.091752,0.187957,-0.008849,-0.30849,-0.082718,-0.576828,-0.110867,-0.252758,0.37793,0.808696,-0.54885,0.644006,0.109777,0.106147,0.152952,-0.037498,-0.346851,-0.351557,-0.006791,-0.66454,#
11,0.834149,0.371317,-0.680245,0.072008,0.671353,0.036391,0.400279,-0.144261,0.089493,-0.260978,0.832766,1.0,0.371317,0.05788,0.40388,-0.208359,0.418807,-0.682558,0.381256,0.357917,0.040092,-0.173162,0.232602,0.196563,-0.222307,0.166316,-0.005561,-0.139638,0.514894,-0.029318,-0.246288,-0.024543,0.452988,-0.031894,0.615279,-0.498398,-0.17203,-0.42619,0.368249,0.332352,0.04643,0.494146,-0.494188,-0.413417,0.28122,0.442705,0.109187,0.429755,-0.449605,-0.024817,-0.413417,0.076327,0.030007,-0.089513,0.573194,-0.088925,-0.2268,0.293529,-0.482914,0.284444,-0.470574,-0.03888,-0.200673,-0.113751,-0.544331,-0.413132,0.0,0.464527,-0.458341,-0.23479,-0.121371,0.302053,0.357917,-0.033691,-0.206538,0.361722,-0.372816,-0.326659,-0.563326,0.001839,-0.563326,-0.332352,0.201491,-0.261486,0.013652,-0.372816,-0.00091,-0.342902,0.250921,-0.183361,-0.814092,-0.384392,0.083114,-0.435887,0.210072,-0.372816,0.449311,-0.631995,0.070879,0.357917,0.551225,0.033948,-0.155914,-0.374597,-0.033691,0.014236,-0.372816,0.039336,-0.052263,0.0,-0.181114,0.233364,-0.216238,0.188118,-0.165588,0.0,0.033948,0.030035,0.598349,-0.168195,-0.372816,0.033948,-0.372816,0.989648,-0.295128,0.070879,-0.439981,0.329639,-0.663992,-0.372816,-0.404621,-0.652725,-0.359145,0.48391,-0.359145,0.250921,-0.332352,-0.498527,0.548742,-0.598653,0.357917,0.179417,0.250921,-0.031552,-0.200654,-0.425666,0.0,0.205065,-0.57937,-0.332352,-0.00091,-0.200654,0.033948,0.014236,0.208177,-0.012874,0.191003,0.31393,-0.359145,-0.183361,-0.440509,0.039336,0.071825,-0.347734,-0.32087,-0.164876,0.033948,0.085004,0.0,0.0,0.444648,-0.184801,0.281221,0.208177,0.016661,-0.216238,0.281221,0.380468,0.219172,-0.326659,-0.015123,0.016661,-0.145846,-0.195725,0.00133,-0.515931,-0.034026,-0.231522,0.524743,0.66671,-0.777459,0.529456,0.221642,0.214313,-0.008232,0.132878,-0.172567,-0.243658,0.082821,-0.439981,#
12,0.097785,1.0,-0.712929,0.246432,0.404429,0.158785,0.145946,0.482593,-0.02041,0.120711,0.466324,0.371317,1.0,0.594151,-0.104907,-0.099324,-0.185546,-0.646727,0.704948,0.364405,0.11256,0.083211,0.389667,-0.458218,-0.414016,0.224415,-0.052841,0.207161,0.523476,-0.433203,0.489468,0.46742,0.289019,0.095577,-0.017741,-0.425383,-0.202013,-0.462617,-0.532394,0.104116,-0.207431,0.430396,0.052658,-0.195716,-0.416464,0.140973,0.087474,0.450671,-0.254927,-0.274106,-0.195716,0.084637,0.126279,0.232463,0.425538,-0.492189,-0.188153,0.371317,-0.095641,0.411965,-0.318418,-0.693037,0.225593,0.438363,-0.1175,-0.370894,0.0,0.483137,-0.231221,0.136222,0.313767,0.400081,0.364405,-0.692903,-0.119628,0.254418,0.264131,0.097387,0.012704,0.273388,0.166977,-0.156174,0.21415,-0.169417,0.242783,0.264131,-0.378077,0.244382,0.214015,-0.119872,-0.063758,0.466493,0.254771,-0.235938,0.02175,-0.206873,0.384635,-0.004002,0.667511,0.364406,-0.048671,-0.022299,0.321067,-0.559162,-0.109768,-0.033449,0.264131,0.109224,-0.42332,0.0,0.339437,0.091332,-0.168589,-0.076611,0.515685,0.0,-0.022299,-0.063012,0.40053,0.16813,0.264131,0.546329,0.264131,0.36675,-0.208466,0.667511,-0.058967,0.433833,-0.00817,-0.206873,0.082391,-0.477118,0.079011,0.01734,0.079011,0.214015,-0.156174,-0.234261,0.504132,-0.015757,0.364406,-0.095947,0.214015,0.231595,-0.009916,-0.063461,0.0,-0.003813,-0.459195,-0.156174,-0.063012,-0.347098,0.167243,-0.033449,0.713936,0.123587,0.129055,-0.105164,0.079011,-0.119872,0.137523,0.418693,0.618615,-0.285659,-0.012155,0.378718,0.167243,0.052327,0.0,0.0,0.121001,0.118254,-0.416464,0.713936,-0.169627,-0.168589,-0.416463,-0.020606,-0.100362,0.097387,0.120601,-0.169627,-0.061771,0.044532,-0.501052,-0.591871,-0.264313,0.480445,0.311326,0.260906,-0.081662,0.226429,-0.322371,0.044532,0.312185,-0.444662,-0.125808,-0.159332,-0.24841,-0.058967,#
13,-0.223476,0.594151,-0.171822,-0.23049,0.108589,0.206043,-0.172398,-0.009408,0.207998,0.283604,-0.08176,0.05788,0.594151,1.0,0.185233,0.054428,-0.547426,-0.056164,0.660258,0.293048,0.223004,0.360513,0.833536,-0.798804,-0.368266,0.135171,0.165901,-0.011332,0.180901,-0.610587,0.489772,0.210666,0.201877,0.257113,-0.384683,-0.610574,-0.360896,0.00286,-0.592325,-0.407155,-0.261713,-0.190943,0.159498,-0.189622,-0.407156,-0.161655,-0.454654,0.245652,0.068782,-0.365486,0.200996,0.141819,0.164168,0.167719,0.17867,0.23117,-0.531376,0.05788,-0.392413,0.407204,0.137966,-0.207573,0.136131,0.006294,0.092678,-0.290155,0.0,0.062253,-0.420958,0.324041,-0.309508,0.591384,0.293048,-0.454772,-0.022441,0.137431,0.263807,0.189663,0.017902,0.655219,0.402173,0.241181,0.058127,0.344021,0.141166,0.263807,-0.651911,-0.224081,-0.332429,0.092609,0.225509,0.130385,0.173606,-0.272759,-0.035396,-0.158542,-0.150314,0.343677,0.598109,0.293048,-0.333223,-0.07054,0.003664,-0.313529,0.068124,-0.138303,0.263807,-0.170491,-0.109683,0.0,0.414515,0.131945,-0.507866,0.146162,0.805274,0.0,-0.07054,-0.26599,0.178181,0.250133,0.263807,0.439348,0.263807,0.015258,-0.370997,0.598109,0.219935,-0.003263,-0.070814,-0.158542,0.553727,-0.375201,-0.240557,-0.347067,0.148472,0.075783,0.241181,-0.124481,0.277124,-0.102716,0.293048,0.01581,-0.332429,-0.156684,-0.11264,0.201323,0.0,-0.004084,-0.452264,0.241181,-0.228137,-0.146234,0.401579,-0.138303,0.158933,0.282087,0.518022,-0.085673,-0.240557,0.092609,0.297866,-0.139657,0.354645,-0.286279,0.449477,0.818909,0.401579,0.200429,0.0,0.0,-0.201413,0.162822,-0.407156,0.158933,-0.547685,-0.507866,-0.407156,-0.202723,0.411358,0.189663,0.10329,-0.547685,0.087702,0.351608,-0.452667,-0.120151,-0.395263,0.397157,-0.089227,-0.294425,0.164479,-0.040761,-0.544875,-0.047694,-0.056781,-0.425061,0.058134,-0.064906,-0.499086,0.219935,#
14,0.547694,-0.104907,-0.079966,-0.234559,0.054683,0.087127,0.084853,-0.288568,0.007277,-0.276068,0.242795,0.40388,-0.104907,0.185233,1.0,0.416134,0.257112,-0.147319,-0.230351,0.340006,-0.105157,0.400751,0.355516,0.047051,-0.062112,0.087748,-0.174564,-0.342087,-0.395765,-0.102173,-0.35354,-0.373315,0.174693,-0.149522,0.551482,-0.122076,-0.348167,0.143804,0.232664,-0.406349,-0.212275,-0.030576,0.090792,0.180935,0.257078,0.142229,0.14825,-0.128482,-0.216193,0.11945,0.180935,0.053113,-0.24608,-0.65022,0.158169,0.376646,-0.496534,0.00636,-0.469064,-0.30669,0.081,0.668678,0.106681,-0.363288,-0.421143,-0.431407,0.0,-0.236739,-0.612782,-0.487148,-0.293391,0.430599,0.340006,0.126043,-0.065606,0.004265,-0.518157,0.181674,-0.356785,0.309629,-0.340401,-0.406349,-0.371643,-0.04241,-0.199873,-0.518157,0.185898,-0.707184,-0.300078,0.578711,-0.572156,-0.390974,0.165722,-0.686474,-0.364004,-0.11799,0.222485,-0.127849,-0.385105,0.340006,0.099497,0.449361,-0.755193,-0.235759,-0.369388,-0.105976,-0.101317,-0.524885,0.406744,0.0,-0.027767,0.042242,-0.064245,0.111816,-0.060032,0.0,0.449361,-0.305172,-0.226513,-0.523651,-0.518157,-0.033746,-0.101317,0.352923,-0.218337,-0.385105,-0.161506,0.270359,-0.601106,-0.11799,-0.187329,-0.363739,-0.619371,0.431011,-0.204701,-0.300078,-0.406349,-0.609523,-0.184372,-0.480714,0.340006,0.011953,-0.300078,-0.082117,-0.495,-0.362367,0.0,0.225473,-0.415574,0.284721,-0.232348,-0.047394,-0.033746,-0.105976,-0.174155,0.29372,0.245198,0.356519,-0.204701,0.578711,-0.362622,-0.524885,0.221649,-0.380991,0.40326,-0.05109,-0.033746,0.239289,0.0,0.0,0.135371,0.08221,0.257078,-0.174155,0.161568,-0.511851,0.257078,0.166851,0.371572,0.181674,-0.494896,0.161568,0.565309,-0.062661,0.016539,-0.044785,0.097834,-0.260698,0.253892,0.021955,-0.192271,0.326817,0.283669,0.274289,-0.108363,0.377787,0.005528,0.298154,0.025897,-0.161506,#
15,-0.016144,-0.099324,0.215385,-0.39801,-0.651751,0.004942,-0.046512,0.260558,0.182794,-0.202087,-0.017355,-0.208359,-0.099324,0.054428,0.416134,1.0,0.3714,0.150657,-0.312948,0.374262,0.028544,0.655974,0.23766,0.147243,0.161878,0.684129,-0.33922,0.290805,-0.448612,-0.018239,-0.351877,0.058897,-0.023805,0.435669,-0.160429,-0.037085,-0.404195,0.502004,-0.059941,-0.332387,-0.500362,-0.090355,0.534521,0.822865,0.295746,-0.074712,0.415226,-0.251433,-0.240241,0.505735,0.822865,-0.56863,-0.36747,-0.309507,-0.070293,0.356609,0.251563,-0.208359,-0.018858,-0.21655,-0.069245,0.361223,0.685211,0.192095,-0.240227,-0.339703,0.0,-0.133954,-0.489297,-0.169505,0.295934,0.410695,0.374262,-0.027823,-0.607159,0.017505,0.063796,-0.001663,0.237977,0.476733,0.25349,-0.332387,-0.189872,0.258971,0.057676,0.063796,0.36795,-0.419215,-0.181364,0.650672,0.019233,0.01432,-0.013266,-0.025795,-0.552406,0.016437,0.028537,-0.220662,-0.433777,0.374262,-0.542743,0.503931,-0.144194,0.334444,0.030812,-0.021861,0.45846,-0.368831,0.463576,0.0,-0.180339,-0.267451,0.636189,0.207884,-0.153563,0.0,0.503931,-0.838672,-0.563685,-0.202554,0.063796,0.561107,0.45846,-0.177813,-0.018793,-0.433777,0.031654,0.227169,0.165385,0.016437,0.07023,-0.241585,0.029746,0.235203,0.422356,-0.181364,-0.332387,-0.49858,-0.259048,0.238906,0.374262,0.167162,-0.181364,-0.258034,-0.170515,0.024979,0.0,0.215395,-0.236517,0.321918,0.399629,-0.204418,0.046525,-0.021861,-0.108802,0.838236,-0.09759,0.129174,0.422356,0.650672,0.081834,0.051252,0.465223,-0.408085,0.334444,-0.159526,0.046525,0.318639,0.0,0.0,-0.015523,0.164321,0.295746,-0.108802,-0.0549,0.212395,0.295746,0.41902,-0.230063,-0.001663,-0.489209,-0.0549,0.653485,0.256339,-0.597083,0.476844,0.497723,-0.287589,-0.279419,-0.231549,0.438449,-0.023026,-0.2871,0.205966,0.488341,0.144678,0.140457,0.17988,0.385437,0.031654,#
16,0.693722,-0.185546,-0.358353,0.268888,-0.07391,-0.157448,0.183476,0.177015,-0.221524,-0.743407,0.581505,0.418807,-0.185546,-0.547426,0.257112,0.3714,1.0,-0.478749,-0.19041,0.439181,0.230362,0.132812,-0.356181,0.78087,-0.091705,0.327315,-0.133319,0.461667,-0.078192,0.097265,-0.490002,-0.155041,0.269587,0.157274,0.405815,0.058813,-0.3428,-0.049072,0.555569,0.439181,-0.192882,0.249878,-0.122752,0.216332,0.388409,0.595447,0.59116,-0.188406,-0.729385,0.400189,0.216332,-0.159087,-0.588848,-0.155935,0.35277,0.160467,0.542362,0.404788,-0.12542,-0.308506,-0.683215,0.132987,0.329756,0.100444,-0.357159,-0.438628,0.0,0.063922,-0.296242,-0.331766,0.361455,-0.253926,0.439181,0.439152,-0.422119,0.428411,-0.211042,-0.164693,0.007789,-0.204179,-0.368373,-0.271632,-0.040699,-0.336958,-0.085045,-0.211042,0.675028,-0.164693,0.414547,0.357059,-0.66536,-0.059387,0.274659,-0.156513,0.077606,0.17177,0.642287,-0.827933,-0.515325,0.439181,0.38953,0.602977,0.067439,0.314026,-0.034793,0.140822,-0.211042,0.229922,0.07254,0.0,-0.813771,-0.129032,0.546476,0.347041,-0.754427,0.0,0.602977,-0.156443,-0.086459,-0.203556,-0.211042,0.140822,-0.211042,0.501057,0.370179,-0.515325,-0.66499,0.052692,-0.016201,0.17177,-0.53638,-0.117996,0.286914,0.408509,0.286914,0.414547,-0.271632,-0.407448,-0.100145,0.132816,0.439181,0.425781,0.414547,0.189808,0.144115,-0.135786,0.0,-0.008647,0.007789,-0.271632,0.675028,0.144115,0.140822,0.140822,0.209981,0.175689,-0.53347,0.065966,0.286914,0.357059,-0.255946,0.229922,0.163075,-0.432878,-0.432878,-0.798633,0.140822,0.191292,0.0,0.0,0.666567,-0.142085,0.388409,0.209981,0.129766,0.546476,0.388409,0.647585,-0.415797,-0.164693,-0.603407,0.129766,0.403302,0.102062,-0.127453,0.10607,0.391427,-0.330204,0.336254,0.368432,-0.156664,0.103141,0.071865,0.069489,0.53498,0.350015,-0.501589,-0.414657,0.532786,-0.66499,#
17,-0.650012,-0.646727,0.97911,-0.614203,-0.525198,0.125361,-0.1707,-0.435416,0.465955,0.477903,-0.829852,-0.682558,-0.646727,-0.056164,-0.147319,0.150657,-0.478749,1.0,-0.397082,-0.502989,-0.348223,-0.014867,0.067273,-0.168511,0.631614,0.00672,-0.045861,-0.299855,-0.299897,0.338158,-0.178627,-0.176235,-0.559045,0.151088,-0.501201,0.234053,0.348277,0.681454,0.003979,-0.502988,0.095749,-0.406152,0.201704,0.298776,0.211484,-0.640584,-0.466616,-0.288005,0.707521,0.156534,0.298776,-0.351432,0.387322,0.021898,-0.7342,0.346295,0.009679,-0.761467,0.163427,-0.054414,0.719544,0.456826,-0.102972,-0.344904,0.265543,0.550781,0.0,-0.391252,0.240027,0.165245,-0.387918,0.060318,-0.502989,0.110979,0.130525,-0.604336,0.130402,-0.165836,0.16879,0.123564,0.270423,0.240063,-0.024831,0.580407,-0.054738,0.130402,-0.192092,-0.148688,-0.519501,-0.143698,0.605532,-0.395719,-0.623397,0.400709,-0.212544,0.009734,-0.878256,0.490696,-0.282021,-0.502989,-0.46791,-0.337875,-0.18532,0.41408,0.260373,-0.213008,0.130402,-0.347782,0.339115,0.0,0.264913,-0.076445,-0.031577,-0.080024,0.096908,0.0,-0.337875,-0.175813,-0.372725,0.032134,0.130402,-0.192197,0.130402,-0.724394,-0.232045,-0.282021,0.605456,-0.307376,0.097024,0.009734,0.417156,0.359218,-0.148688,-0.232877,-0.148688,-0.519501,0.240063,0.360094,-0.329235,-0.004973,-0.502989,-0.247565,-0.519501,-0.602077,-0.014155,0.200362,0.0,0.145078,0.151851,0.240063,-0.174795,-0.032666,-0.213008,-0.213008,-0.840228,0.107116,0.288829,0.082413,-0.148688,-0.143698,0.155955,-0.330793,-0.420334,0.41408,0.41408,0.248369,-0.213008,-0.074914,0.0,0.0,-0.644114,-0.043088,0.211484,-0.840228,-0.030265,-0.031577,0.211484,-0.167411,0.212885,-0.165836,0.285129,-0.030265,-0.211556,-0.008556,0.130844,0.631981,0.158342,-0.308265,-0.664245,-0.55885,0.318092,-0.277427,-0.048036,-0.026891,-0.382107,0.153837,0.614923,0.46747,0.047793,0.605456,#
18,0.131743,0.704948,-0.476166,0.119461,0.468609,0.256483,0.197422,-0.001097,0.259674,0.021828,0.225685,0.381256,0.704948,0.660258,-0.230351,-0.312948,-0.19041,-0.397082,1.0,0.274805,0.217417,-0.054034,0.467738,-0.401508,-0.321715,0.150347,0.135392,0.388088,0.659068,-0.607962,0.491414,0.122841,0.168092,0.307667,-0.322184,-0.607949,-0.171516,-0.272852,-0.211503,0.165971,-0.163803,0.272678,-0.298673,-0.564438,-0.405405,0.178254,-0.489197,0.209019,-0.173698,-0.359923,-0.138225,0.114207,0.210703,0.542804,0.263712,-0.001463,-0.101707,0.396907,-0.38796,0.434472,-0.291819,-0.579743,0.149943,-0.007804,0.144316,-0.241174,0.0,0.218528,-0.214234,0.35202,-0.171516,0.229707,0.274805,-0.425974,0.005178,0.253378,0.311723,-0.199371,0.066024,0.289496,0.066024,0.302013,0.499069,-0.00759,0.147525,0.311723,-0.684541,0.172289,0.038596,-0.333595,-0.109967,0.126479,0.1479,-0.235668,0.368136,-0.131389,0.185223,-0.023118,0.616198,0.274805,0.124325,-0.083332,0.405647,-0.23936,0.122629,-0.167246,-0.114978,0.215979,-0.607759,0.0,0.040756,0.140231,-0.519357,0.175208,0.428133,0.0,-0.083332,0.131058,0.46684,0.370266,0.311723,0.451623,-0.114978,0.383267,-0.274268,0.616198,-0.138488,-0.062462,-0.061771,-0.131389,0.226273,-0.333086,0.172289,-0.259315,0.172289,0.484007,0.302013,-0.077544,0.40869,-0.076064,0.274805,0.017745,0.038596,-0.087855,0.353494,0.235166,0.0,0.010862,-0.437692,-0.405405,0.188208,-0.122324,0.43181,-0.167246,0.362653,-0.101979,0.248922,-0.079538,-0.252191,-0.333595,0.111679,0.232153,0.341297,-0.23936,-0.125001,0.511435,0.43181,0.220171,0.0,0.0,0.166173,-0.248374,-0.405405,0.362653,-0.549121,-0.061162,-0.405405,0.193305,0.067968,-0.199371,0.144311,-0.549121,-0.282248,0.402641,-0.438116,-0.30857,-0.378751,0.42296,0.210529,0.066911,-0.178191,-0.045186,-0.572865,-0.051203,0.255371,-0.413947,-0.285008,-0.473514,-0.262287,-0.138488,#
19,0.314349,0.364405,-0.507218,0.276139,-0.217869,0.209803,-0.406538,0.223921,-0.211589,-0.476797,0.426562,0.357917,0.364405,0.293048,0.340006,0.374262,0.439181,-0.502989,0.274805,1.0,0.440897,0.310065,0.249229,-0.21799,-0.330044,0.478986,0.298067,0.364131,0.20169,-0.166627,0.098477,0.191373,0.301875,0.381843,0.182402,-0.166623,-0.931144,0.223427,-0.272078,-0.111111,-0.268052,0.161382,0.177943,0.315974,-0.111111,0.256725,0.373408,0.196116,-0.849929,0.218986,0.315974,0.164222,-0.402838,0.301643,0.389247,0.165132,0.221853,0.357917,-0.647505,0.191529,-0.663813,-0.267764,0.508755,0.196116,-0.33438,-0.986214,0.0,0.343735,-0.852438,0.190107,0.169716,0.178434,1.0,0.214759,-0.33113,0.514504,0.437602,0.29806,0.364144,0.447628,0.364144,-0.111111,-0.217859,0.266894,0.304586,0.437602,0.304586,-0.407871,0.522634,0.536868,-0.272166,0.196262,0.291309,-0.407661,0.363653,0.437602,0.446346,-0.508338,0.202157,1.0,0.21425,0.690124,0.35604,0.175129,0.214759,-0.166582,0.437602,0.427398,-0.166571,0.0,-0.332873,-0.217538,0.254,0.578938,0.254,0.0,0.690124,-0.407433,0.245105,0.296829,0.437602,0.690124,0.437602,0.420538,0.337544,0.202157,-0.272014,0.104828,0.110433,0.437602,0.311741,-0.218218,0.29806,0.166524,0.29806,0.522634,-0.111111,-0.166667,0.218927,0.247993,1.0,0.37807,0.522634,0.271073,0.254,0.175089,0.0,-0.48428,-0.333153,-0.111111,0.304586,0.254,0.690124,-0.166582,0.428575,0.447628,-0.392422,-0.492938,0.29806,0.536868,0.477533,0.427398,0.489334,-0.992397,0.175129,-0.305855,0.690124,0.244861,0.0,0.0,0.293882,0.504848,-0.111111,0.428575,-0.24891,0.254,-0.111111,0.285856,-0.314479,0.29806,-0.635333,-0.24891,0.573014,0.237611,-0.664784,0.221072,0.186218,0.160227,0.508624,-0.18405,0.305016,-0.131804,-0.491473,-0.475222,0.438252,0.340236,-0.351852,-0.50796,0.25294,-0.272014,#
20,-0.087794,0.11256,-0.442327,0.238395,-0.090233,-0.580958,-0.570927,0.279862,-0.517837,-0.410453,0.198717,0.040092,0.11256,0.223004,-0.105157,0.028544,0.230362,-0.348223,0.217417,0.440897,1.0,0.185187,0.07632,-0.060336,-0.807742,-0.085876,0.696943,0.37616,-0.077667,-0.407798,0.318329,0.314801,0.660212,0.15772,-0.187345,-0.40779,-0.645108,-0.265784,-0.237424,0.414496,0.094679,-0.563685,-0.08523,-0.134632,-0.271931,0.25115,0.218856,0.313545,-0.558857,-0.047296,0.263028,0.461223,-0.676017,0.266665,0.644336,0.417497,0.075869,0.419755,-0.182578,0.338422,-0.610633,-0.269256,-0.06735,0.357647,0.188698,-0.38975,0.0,0.271594,-0.219604,0.51575,0.061143,-0.181099,0.440897,0.46761,-0.407522,0.919599,0.187629,0.246758,0.023196,0.199996,0.414395,0.388095,-0.05816,0.123356,0.298983,0.187629,0.298983,-0.166058,0.399047,0.374124,0.142272,0.423457,0.666797,0.253936,0.453363,0.187629,0.240141,-0.381338,0.43757,0.440897,-0.054919,0.141927,0.439275,0.351547,0.46761,0.602202,0.187629,0.607476,0.102065,0.0,-0.419197,-0.112843,0.143841,0.426649,0.100588,0.0,0.141927,-0.15781,0.244747,0.594868,0.187629,0.141927,0.187629,0.138805,0.589132,0.43757,-0.255735,-0.36615,0.532672,0.187629,0.271029,-0.101973,0.286828,-0.398461,0.682871,0.814619,0.388095,0.087123,0.287876,0.556996,0.440897,0.878491,0.399047,0.417147,0.143841,0.488166,0.0,-0.469658,0.397827,0.388095,0.298983,0.57134,0.622558,0.602202,0.483141,0.199996,-0.332806,-0.432532,0.286828,0.374124,0.421283,0.215109,-0.173604,-0.397474,-0.369733,-0.021802,0.622558,0.190977,0.0,0.0,0.269583,0.401309,-0.271931,0.483141,-0.662942,0.143841,-0.271931,-0.136367,-0.011587,0.246758,-0.136386,-0.662942,0.360144,0.525064,-0.129801,0.153834,-0.097344,0.315992,-0.004678,-0.069186,0.258932,-0.387821,-0.367853,-0.355689,0.139623,-0.379964,-0.5036,-0.80846,-0.161117,-0.255735,#
