0,1.0,0.427628,-0.400558,-0.217825,-0.228618,0.245789,0.209023,-0.234959,0.415072,0.66821,-0.015104,0.415072,0.515325,-0.025647,0.241989,0.498607,0.030198,0.187635,-0.457332,0.244566,-0.499452,-0.078465,0.427628,0.20225,-0.009422,0.031395,-0.239352,-0.0548,0.0074,-0.006369,0.246804,-0.384639,0.0074,-0.207508,-0.230414,0.433654,0.231142,-0.300906,0.168274,-0.228618,0.480451,-0.096822,0.212596,0.548933,0.200716,0.221336,0.084476,0.385045,-0.007588,-0.230013,0.220915,-0.656509,-0.190687,-0.413304,-0.368518,-0.212783,0.290988,-0.212266,0.290988,0.406388,0.500906,0.0,-0.690258,0.348717,0.521858,-0.274742,-0.0548,0.164982,-0.469481,-0.679638,-0.375732,0.017719,0.217979,-0.191118,0.222165,0.321292,-0.422905,0.237644,-0.392064,-0.234472,-0.184346,-0.392064,-0.417167,0.026664,-0.791815,-0.437894,0.18988,-0.413494,0.250272,-0.193204,-0.653604,-0.639181,-0.210612,-0.294228,0.026664,-0.445022,-0.417167,0.32066,0.015103,-0.234125,0.348717,-0.257206,-0.191118,-0.203323,0.657531,0.011482,-0.223898,0.0,-0.43383,-0.053078,0.500254,-0.20773,-0.017933,0.011482,0.000871,0.147448,-0.217864,-0.822565,0.486602,-0.566984,-0.406523,0.22258,-0.0,0.0,0.202638,0.01519,-0.184346,0.079258,-0.325061,-0.193204,-0.411405,0.011482,-0.190706,0.195969,-0.604928,-0.188476,-0.332968,-0.499452,0.266817,-0.822565,-0.234125,-0.22609,-0.234125,0.602706,-0.38369,0.260455,0.018498,0.497323,-0.017933,0.0,-0.267509,-0.317877,0.0,-0.201832,-0.236733,-0.499198,0.342895,0.106677,0.015103,0.190706,0.518215,-0.014521,-0.332968,0.015103,-0.457789,0.405172,-0.332968,0.386236,-0.499198,-0.499452,0.030223,-0.206906,0.0,0.015103,0.651916,-0.639181,-0.201832,-0.001876,0.199145,-0.392064,0.397763,-0.227146,-0.002257,-0.014058,0.428513,-0.090001,0.184854,0.593599,-0.41595,0.400162,-0.822565,-0.0,0.518126,0.376693,-0.0352,-0.081101,0.300256,-0.223898,-0.317877,0.418017,#
1,0.427628,1.0,-0.172261,-0.367504,-0.378936,0.811794,0.410566,-0.238662,0.671898,0.365973,0.266122,0.258403,0.133278,0.594236,0.404337,-0.12498,0.240944,0.377962,-0.180055,0.516401,-0.612114,0.546266,0.572801,0.003601,-0.611978,0.266593,-0.426922,-0.167094,0.15634,-0.582291,0.341452,-0.193324,-0.241188,0.088517,-0.000636,0.672109,0.350806,-0.59284,-0.425855,-0.378936,-0.105912,-0.388348,0.239394,-0.332836,0.034533,-0.009083,-0.30668,0.337899,0.150126,-0.104813,-0.501657,-0.529421,0.399396,-0.25,-0.260681,-0.225718,0.293726,-0.344475,0.293726,-0.00016,0.629635,-0.095394,-0.524074,-0.235405,-0.381548,-0.584747,-0.167094,0.061475,-0.751214,-0.125781,-0.232289,-0.18325,-0.367763,-0.086404,-0.079823,0.414611,-0.238061,-0.079823,-0.639078,0.370517,-0.332893,-0.639078,-0.571453,0.171154,-0.242637,0.187435,0.004333,-0.143474,0.534297,-0.341732,0.099909,-0.512198,-0.526691,-0.254979,-0.254457,-0.249978,-0.571453,0.405635,0.15578,-0.367763,-0.235405,-0.076339,-0.086404,0.426776,0.370517,-0.16027,0.388854,0.0,-0.172352,-0.17982,0.421111,0.054494,-0.401201,-0.176717,-0.233452,-0.039171,-0.801023,-0.655597,0.458711,-0.500501,-0.221388,0.533706,-0.249978,0.0,0.315157,-0.406746,-0.332893,-0.177905,-0.26391,-0.341732,-0.56524,-0.16027,-0.387992,-0.516148,-0.394642,0.360378,0.254385,-0.612114,0.238427,-0.655597,-0.350416,-0.341732,-0.350416,0.322911,-0.24903,0.358372,-0.095394,0.541013,0.1292,0.0,-0.090904,-0.254979,0.0,0.534297,-0.079823,-0.101021,0.615923,0.700067,0.15578,-0.009463,0.421111,-0.23346,-0.408076,0.15578,0.292207,0.686316,-0.408076,0.652443,-0.101021,0.401452,0.193777,-0.244261,0.0,0.15578,0.404698,-0.512198,0.51695,-0.069594,0.427697,-0.639078,0.670874,-0.338304,0.202453,0.130005,0.184788,0.259887,0.353928,0.011139,-0.570118,0.995658,-0.655597,0.452434,-0.381631,0.583135,-0.381631,0.556693,0.484472,-0.076339,-0.254979,0.654786,#
2,-0.400558,-0.172261,1.0,-0.097394,0.367066,-0.358835,0.409163,0.235632,-0.666256,0.075419,-0.242067,-0.666256,-0.635758,-0.074584,0.396884,-0.408029,0.567718,0.45064,0.15712,0.350913,0.092406,0.502868,0.257473,-0.002887,0.082944,-0.27395,0.026273,0.585518,-0.583342,-0.245771,-0.381362,0.290314,-0.598745,0.793388,0.032014,-0.253758,0.16057,-0.002215,-0.066773,0.367066,-0.408021,-0.658933,-0.103064,-0.165229,0.290105,0.421833,-0.162184,-0.487603,0.265225,-0.34176,0.078378,0.512837,0.025279,0.226849,-0.439529,-0.46547,-0.176536,0.350702,-0.176536,0.508602,-0.092881,0.111657,0.090396,-0.419921,-0.201409,-0.249447,0.585518,-0.738405,-0.093255,0.472438,-0.402691,-0.592027,-0.080659,0.06677,-0.383202,-0.402565,0.245858,-0.383202,0.218146,0.088056,0.792402,0.218146,-0.274917,0.230629,0.234147,0.257849,0.405013,0.154462,-0.097463,0.347189,0.348139,0.512262,-0.384697,0.245544,0.230629,-0.173877,-0.25987,-0.418988,-0.16662,-0.080659,-0.419921,0.090317,0.06677,0.405013,-0.376102,-0.274917,0.540938,0.0,0.166953,-0.256677,0.106653,0.378923,-0.640038,0.155249,0.241541,0.037944,0.338937,0.234147,-0.358073,0.326332,0.229706,-0.07141,0.25726,0.0,-0.489058,0.392914,0.792402,0.539795,0.229694,0.347189,0.142718,0.569484,-0.014183,0.262041,0.397144,0.077323,0.420961,0.612191,-0.562998,0.234147,-0.534364,-0.113892,-0.534364,-0.438657,0.487717,0.300514,0.092406,-0.525509,0.407297,0.0,-0.342675,0.245544,0.0,0.356243,0.077323,0.63112,0.24717,0.068445,-0.16662,0.009167,0.106653,-0.189878,0.395293,-0.16662,0.079871,0.170476,-0.272085,-0.36867,0.612429,0.111657,-0.188722,-0.082585,0.0,-0.16662,-0.364751,0.512262,-0.080659,0.066113,-0.004913,0.218146,-0.241014,0.343929,0.600076,-0.096673,-0.195421,0.487717,-0.332716,0.004245,-0.263457,-0.157283,0.234147,-0.439518,-0.132909,-0.153528,-0.667629,-0.107556,0.039204,0.540938,0.245544,0.178262,#
3,-0.217825,-0.367504,-0.097394,1.0,0.072288,-0.533742,-0.654036,0.251798,-0.1145,-0.045603,-0.106144,-0.533975,0.329462,-0.203001,-0.224849,0.250073,-0.097394,-0.202017,-0.148814,-0.428174,0.218064,-0.180591,-0.800882,-0.228203,0.784414,0.320959,0.670298,0.29224,0.106429,-0.093036,0.264984,0.194252,0.542614,0.041553,0.217925,-0.101965,0.247185,0.468387,0.621368,0.072288,0.25052,0.224817,0.206204,-0.318154,0.095141,-0.204833,0.304696,-0.471253,-0.800102,-0.031615,-0.036992,0.433136,-0.237957,0.533938,0.186111,0.177398,0.103296,0.035217,0.103296,-0.1293,-0.219055,-0.327096,0.400802,0.217698,-0.275056,0.516526,0.29224,0.309157,0.646152,-0.0426,0.077707,0.076585,0.065888,0.412778,0.423973,-0.514167,0.546307,0.423973,0.533672,-0.07011,0.038414,0.533672,0.794556,0.521382,0.063126,0.079732,0.230086,0.350951,0.029283,-0.428052,0.495563,0.423973,0.435432,0.217292,0.089615,0.533672,0.368454,0.217292,0.089023,0.065888,0.217698,0.447172,0.412778,0.195801,0.435432,0.794556,-0.062503,0.0,-0.101673,0.849919,-0.32693,-0.428164,0.341975,0.360741,-0.364321,-0.200153,0.551307,0.533672,-0.057109,0.422986,0.071342,0.055923,-0.329962,0.0,-0.455005,-0.203999,0.038414,0.033313,0.217724,-0.428052,0.813384,0.360741,0.22775,-0.328485,0.658639,-0.077611,-0.218064,0.218064,0.363351,0.533672,0.523441,0.998788,0.523441,-0.00779,0.406395,0.274429,-0.327097,-0.551921,0.341975,0.0,-0.024341,0.217292,0.0,0.029283,0.423973,-0.32693,-0.411283,-0.374292,0.089023,-0.196102,-0.32693,0.533672,0.508817,0.089023,-0.42428,-0.532285,-0.218064,-0.29872,0.202385,0.197097,-0.362472,0.444775,0.0,0.089023,-0.038254,0.423973,0.029283,0.217441,-0.228963,0.533672,-0.532576,0.045941,-0.532072,-0.210075,-0.369124,0.148669,-0.052714,-0.185526,0.37092,-0.353386,0.533672,0.21294,-0.222878,0.080979,0.337117,-0.33938,-0.099214,-0.534425,0.217292,-0.533882,#
4,-0.228618,-0.378936,0.367066,0.072288,1.0,-0.54607,0.202698,0.255188,-0.534223,-0.06969,-0.083282,-0.534223,-0.747743,-0.75727,-0.236104,0.236025,-0.092421,-0.196994,-0.048534,0.041029,-0.327248,-0.165509,0.077841,-0.205517,0.235621,-0.534038,0.243356,-0.323152,0.083582,0.342733,-0.447724,0.251551,-0.34147,0.046971,0.671067,-0.534268,0.304065,0.010771,0.105432,1.0,0.236462,-0.109876,-0.434651,-0.10173,-0.422126,0.643945,-0.200167,0.110778,0.088009,0.434,-0.024512,0.433104,0.222287,0.094306,0.188615,0.142401,0.084475,0.060039,0.084475,0.419343,0.286374,0.225249,0.438325,-0.470237,0.086091,0.042444,-0.323152,-0.136939,0.169187,-0.030321,0.269576,0.086571,0.536049,-0.046193,-0.50917,0.15512,0.54623,-0.50917,0.092039,-0.524047,0.044493,0.092039,-0.07689,0.091502,0.074377,0.091206,0.232023,-0.089773,-0.428468,0.035574,0.043969,0.423821,-0.039111,0.21686,0.091502,0.099889,0.354946,-0.489493,0.083281,0.517501,-0.470237,0.447025,-0.046193,-0.219669,-0.505071,-0.07689,-0.050378,0.0,-0.088179,-0.056502,-0.327081,0.52396,-0.203584,0.362762,-0.358823,-0.648165,0.545035,0.533592,0.265641,0.328368,-0.362998,-0.426366,0.533592,0.0,0.283771,0.330092,0.044493,0.555117,0.217472,0.035574,0.367579,0.362762,0.214492,0.300501,0.658622,-0.527998,0.490164,0.225249,-0.529872,0.533592,0.05379,0.062858,0.05379,0.004859,0.40618,0.274203,-0.327248,0.01992,0.34173,0.0,0.435282,0.21686,0.0,0.035242,-0.038491,0.755503,-0.223948,-0.5763,0.083281,0.222128,-0.327081,-0.341664,-0.218165,0.083281,-0.406788,-0.089094,-0.218165,-0.1936,0.219066,0.203999,-0.368469,0.597845,0.0,0.083281,-0.056347,0.423821,0.035242,-0.336008,-0.2125,0.092039,-0.081909,0.051931,0.394054,0.287185,-0.805848,0.154661,-0.058341,0.234393,0.352285,-0.348314,0.533592,-0.335082,-0.230276,0.075674,-0.230276,-0.333663,0.390739,-0.050378,0.21686,-0.094476,#
5,0.245789,0.811794,-0.358835,-0.533742,-0.54607,1.0,0.227302,-0.25604,0.54679,0.067143,0.111414,0.529728,0.236503,0.747299,0.220647,-0.240659,0.084455,0.194572,0.132829,0.414453,-0.230265,0.168301,0.35349,-0.209267,-0.763116,0.112035,-0.674175,-0.28453,0.333194,-0.351793,0.461487,-0.152532,-0.093278,-0.044584,-0.213754,0.547002,-0.236285,-0.457804,-0.594858,-0.54607,-0.2202,-0.230631,0.272333,-0.212878,-0.100464,-0.222899,-0.278146,0.472745,0.353794,0.016656,-0.411594,-0.420971,0.215455,-0.088748,-0.174526,-0.132617,0.302112,-0.5091,0.302112,-0.413716,0.250154,-0.208944,-0.40696,-0.200024,-0.290755,-0.504479,-0.28453,0.313265,-0.641102,0.023582,-0.097249,-0.012797,-0.534117,0.050513,0.061288,0.538682,-0.516254,0.061288,-0.503476,0.548221,-0.496634,-0.503476,-0.345937,-0.077368,-0.07817,-0.059803,-0.208395,-0.327913,0.433621,-0.032323,-0.032323,-0.402568,-0.414312,-0.189364,-0.09493,-0.086046,-0.345937,0.519349,0.341207,-0.068858,-0.200024,-0.407142,0.050513,0.244806,0.072243,-0.345937,0.091922,0.0,0.088474,-0.366248,0.345222,-0.081082,-0.308827,-0.363582,-0.059803,0.210322,-0.998849,-0.521197,0.101251,-0.388563,-0.051178,0.433672,-0.086046,0.0,0.449322,-0.318638,-0.496634,-0.506472,-0.203296,-0.032323,-0.78036,-0.345937,-0.198351,-0.399725,-0.636419,0.533539,0.201837,-0.763286,0.383247,-0.521197,-0.050248,-0.50612,-0.050248,0.026507,-0.367256,-0.234525,0.324077,0.60039,-0.286942,0.0,0.053204,-0.189364,0.0,0.433621,0.061288,-0.214926,0.411598,0.784879,0.341207,0.207738,0.345222,-0.068325,-0.508858,0.341207,0.429874,0.572085,0.201837,0.796245,-0.214926,0.324077,0.404535,-0.44441,0.0,0.341207,0.120078,-0.402568,0.415011,-0.171952,0.251975,-0.503476,0.555582,-0.497688,0.054624,0.26585,0.400007,-0.124603,0.531082,-0.20109,-0.343319,0.821655,-0.521197,0.387967,-0.263502,0.38498,-0.263502,0.79899,0.168567,0.072727,-0.189364,0.528463,#
6,0.209023,0.410566,0.409163,-0.654036,0.202698,0.227302,1.0,-0.232674,0.022451,0.237151,0.417642,0.022451,-0.465723,0.075831,0.206612,-0.49976,-0.009787,0.149436,-0.019884,0.202265,-0.49988,0.42298,0.827046,0.228059,-0.499769,-0.388275,-0.219143,-0.067238,-0.417131,-0.408445,-0.428214,0.358996,-0.804685,0.213107,0.193008,0.014311,0.234745,-0.287172,-0.289767,0.202698,-0.006404,-0.547625,-0.220419,0.179793,-0.300793,0.200221,0.050976,0.229238,0.398632,-0.219502,0.251109,-0.236886,0.183503,-0.422816,-0.374523,-0.370091,-0.070407,0.236294,-0.070407,0.532204,0.480705,0.50763,-0.215282,-0.277227,0.030954,-0.309597,-0.067238,-0.436505,-0.507713,-0.283513,-0.364547,-0.410008,-0.214783,-0.657323,-0.657657,0.294245,-0.018513,-0.657657,-0.409219,0.206947,0.233263,-0.409219,-0.815896,-0.409878,-0.425323,0.396102,0.197826,-0.005591,-0.214783,0.216524,-0.223604,-0.228501,-0.675439,-0.362964,-0.409878,-0.425323,-0.422156,-0.362964,-0.417644,-0.231695,-0.277227,0.195944,-0.657323,0.197826,-0.225595,-0.815896,0.649466,0.0,-0.009937,-0.451428,0.507371,0.213974,-0.530352,-0.41503,0.412515,0.153689,-0.223121,-0.425323,0.26566,-0.136216,-0.002258,-0.187991,0.388821,0.0,0.206181,-0.018543,0.233263,0.576546,-0.35498,0.216524,-0.416455,0.001871,-0.207232,0.160787,-0.214018,-0.228501,0.312586,0.003875,-0.575395,-0.425323,-0.654496,-0.654164,-0.654496,0.155605,0.09515,0.234948,0.003875,0.471498,0.483947,0.0,0.181956,-0.362964,0.0,0.208018,-0.228501,0.487453,0.490616,0.098203,-0.417644,0.184428,0.507371,-0.409219,-0.333253,-0.417644,0.142437,0.792009,-0.333253,0.005501,-0.00166,-0.0155,-0.01736,-0.263628,0.0,-0.417644,0.211214,-0.228501,-0.231695,-0.013491,0.191899,-0.409219,0.390697,0.217156,0.420748,-0.019907,-0.004235,0.09515,-0.217463,0.597885,-0.425595,0.381301,-0.425323,-0.029338,-0.001423,-0.006803,-0.539584,0.342661,0.295923,0.649466,-0.362964,0.39561,#
7,-0.234959,-0.238662,0.235632,0.251798,0.255188,-0.25604,-0.232674,1.0,-0.36499,-0.262427,-0.235702,-0.480494,-0.146318,-0.29732,-0.472615,0.147133,0.115592,-0.335423,-0.498736,0.122811,0.0,-0.00583,-0.238662,-0.351695,0.147028,-0.494645,-0.181187,0.12217,-0.360312,0.229039,0.050113,0.11886,-0.360312,0.124365,-0.207713,-0.356903,-0.015216,-0.140096,-0.373682,0.255188,-0.559531,-0.045776,0.41996,-0.112402,0.098568,0.348154,-1e-06,0.038273,0.34648,0.51208,-0.127321,0.502307,-0.320468,0.353415,-0.078291,-0.245968,0.422427,-0.510374,0.422427,0.02321,0.0,-0.57735,0.500551,0.0,0.058377,-0.203292,0.12217,0.119057,0.353303,0.356912,-0.051438,0.516142,0.251976,0.380744,0.504422,-0.0,-0.21528,-0.220239,0.473206,-0.22914,0.254265,0.473206,0.238903,0.356662,0.233271,-0.224163,0.347452,-0.341418,0.251976,0.249472,0.128299,0.504422,-0.22914,-0.151967,0.237776,0.353238,0.351718,-0.151967,0.353543,0.125988,0.0,-0.108287,0.380744,0.347452,-0.100248,0.238903,-0.108287,0.0,0.114406,0.352033,0.288528,0.129271,-0.123466,0.119451,-0.224163,-0.257992,0.254265,0.353238,-0.042,0.709556,0.470924,0.26549,-0.213277,0.0,-0.015059,0.572178,0.254265,0.015925,0.958348,0.249472,0.356678,0.238903,0.460351,-0.057921,0.347452,-0.348122,-0.0,0.144337,-0.24968,0.353238,0.251976,0.2566,0.251976,-0.010312,-0.114989,0.237401,0.144338,-0.216485,0.024692,0.0,-0.107409,0.955226,0.0,0.251976,0.504422,0.140142,-0.227138,-0.137458,0.353543,-0.317706,-0.552325,0.473206,0.0,0.353543,-0.241636,-0.301452,-0.0,0.0,0.0,0.144338,-0.182574,0.398858,0.0,0.353543,0.049071,0.504422,0.125988,0.185394,-0.429714,0.473206,-0.429148,0.295395,0.281745,0.710771,-0.307811,0.657086,0.501035,-0.099464,0.351303,-0.177997,0.353238,-0.518131,-0.096373,0.477808,-0.096373,-0.131405,0.484126,-0.238231,0.955226,0.232266,#
8,0.415072,0.671898,-0.666256,-0.1145,-0.534223,0.54679,0.022451,-0.36499,1.0,0.110768,0.591314,0.599769,0.418089,0.36249,0.003527,0.0822,-0.250308,-0.056669,-0.296278,-0.092312,-0.408118,0.292726,0.258403,0.419592,-0.408027,0.591573,-0.023954,-0.403009,0.24996,-0.246658,0.183766,-0.382006,0.24996,-0.534229,-0.016634,0.571039,0.34322,-0.326795,-0.159354,-0.534223,0.101391,0.385216,0.059373,-0.104794,-0.052067,-0.41919,-0.004363,0.31277,-0.192216,0.085445,-0.328513,-0.802753,0.389483,-0.58598,0.299899,0.267927,-0.049767,-0.074413,-0.049767,-0.239336,0.424809,0.112032,-0.360906,0.280958,-0.125959,-0.049693,-0.403009,0.206275,-0.294336,-0.331714,0.214584,0.238631,-0.09779,-0.366477,0.07602,0.283071,-0.16691,0.07602,-0.58309,0.078803,-0.534069,-0.58309,-0.252211,-0.175219,-0.167389,0.257221,-0.41398,0.17812,0.338772,-0.53408,-0.089507,-0.802347,0.086743,-0.420965,-0.587177,-0.174779,-0.252211,0.244033,-0.182948,-0.534351,0.280958,0.089654,-0.366477,-0.005088,0.525423,0.161702,0.089654,0.0,-0.253714,0.140066,0.097121,-0.103508,0.406146,-0.252211,-0.166459,-0.079636,-0.534069,-0.58309,0.580747,-0.612124,-0.16691,0.311555,-0.59048,0.0,0.318292,-0.618814,-0.534069,-0.38569,-0.395497,-0.53408,-0.246252,-0.666123,-0.411416,-0.545585,-0.406711,0.07602,-0.272078,-0.408118,0.30271,-0.58309,-0.09779,-0.089507,-0.09779,0.597077,-0.528916,0.194833,-0.408118,0.505596,-0.107241,0.0,0.078803,-0.420965,0.0,-0.09779,-0.367102,-0.407909,0.23593,0.260801,-0.182948,-0.418606,0.097121,-0.174779,-0.272078,-0.182948,0.369867,0.158982,-0.272078,0.258166,-0.407909,0.092027,0.233022,-0.040015,0.0,-0.182948,0.53071,-0.802347,0.338772,0.119827,0.408839,-0.58309,0.57081,-0.077551,-0.288,-0.115787,0.235931,-0.016621,0.060818,-0.003125,-0.250986,0.628087,-0.58309,0.62466,-0.113272,0.221758,0.421032,0.166602,0.176143,-0.360616,-0.420965,0.154343,#
9,0.66821,0.365973,0.075419,-0.045603,-0.06969,0.067143,0.237151,-0.262427,0.110768,1.0,-0.336116,0.110768,0.233232,0.194158,0.652358,0.308669,0.521196,0.6418,0.010816,0.422392,-0.227269,0.141875,0.365973,0.216737,0.308674,0.084673,-0.237948,0.323026,-0.101143,-0.378867,0.433662,-0.240565,-0.101143,0.42262,-0.223524,0.097603,0.437015,-0.505307,0.414866,-0.06969,0.32966,-0.406039,0.429193,0.131643,0.412897,0.209723,-0.284675,-0.266977,-0.089775,-0.446304,0.072015,-0.446844,-0.2168,-0.11287,-0.311891,-0.024931,0.435055,-0.050736,0.435055,0.699515,0.206885,-0.205828,-0.451923,-0.20437,0.010695,-0.514995,0.323026,-0.249806,-0.654091,-0.484177,-0.291094,-0.49944,-0.06363,0.018853,0.029339,-0.248823,-0.101931,0.029339,-0.538378,0.039994,-0.03518,-0.538378,-0.383267,0.332009,-0.556198,-0.093033,0.651091,-0.36637,-0.044915,-0.503348,-0.072421,-0.43712,-0.449291,-0.234123,0.332009,-0.118605,-0.802219,0.478566,-0.101532,-0.06363,-0.20437,0.040106,0.018853,0.212875,0.518643,0.060329,0.059409,0.0,0.070976,0.055984,0.351445,-0.075924,-0.346017,0.503925,-0.07487,0.194101,-0.054604,-0.556198,0.095081,-0.428459,-0.533641,-0.070986,-0.076034,0.0,-0.278487,0.212727,-0.03518,0.469335,-0.234407,-0.503348,-0.370876,0.521669,-0.641637,0.354131,-0.235078,0.029339,0.205829,-0.227269,0.352999,-0.556198,-0.5315,-0.072421,-0.5315,0.020375,-0.161538,0.454799,-0.205828,0.0,0.226195,0.0,-0.431209,-0.234123,0.0,-0.044915,0.029339,-0.211846,0.771251,0.33418,-0.101532,0.217475,0.351445,-0.100785,0.205829,-0.101532,-0.31368,0.553914,-0.508854,0.215811,0.308585,-0.227269,-0.533366,-0.459317,0.0,-0.101532,0.053208,-0.43712,-0.06363,0.338298,0.660657,-0.538378,0.536843,-0.043363,0.028773,-0.324303,0.355271,0.143481,0.020524,0.249596,-0.800788,0.350336,-0.556198,-0.223059,0.21731,0.325843,-0.378216,-0.129238,0.098882,0.059409,-0.234123,0.538427,#
10,-0.015104,0.266122,-0.242067,-0.106144,-0.083282,0.111414,0.417642,-0.235702,0.591314,-0.336116,1.0,0.182948,-0.079587,-0.024258,-0.398456,-0.40815,-0.666469,-0.487179,-0.303287,-0.534403,-0.408248,0.317478,0.266122,0.427229,-0.408157,0.183211,0.387638,-0.403139,-0.150254,-0.253627,-0.49609,0.288914,-0.150254,-0.5344,0.391668,0.174716,0.31748,0.132084,-0.166503,-0.083282,0.091624,0.307573,-0.386043,0.008367,-0.52661,-0.411385,0.473044,0.286868,-0.192278,0.111414,0.103882,-0.358536,0.381991,-0.577899,0.276805,0.086964,-0.423154,0.367829,-0.423154,-0.106674,0.407202,0.612372,0.081407,0.306994,-0.061921,0.4051,-0.403139,0.0,0.170934,-0.330817,0.127294,0.182481,-0.089087,-0.79771,-0.366728,0.259663,0.237853,-0.366728,-0.174373,0.070886,-0.097602,-0.174373,-0.24401,-0.579123,-0.174373,0.658046,-0.421839,0.589063,-0.089087,-0.105842,-0.080642,-0.366728,0.070886,-0.44518,-0.999454,-0.174373,0.154853,-0.44518,-0.583335,-0.534522,0.306994,0.515575,-0.79771,-0.004636,0.070886,-0.24401,0.515575,0.0,-0.261727,0.141546,0.087437,-0.077346,0.378316,-0.666336,0.225753,-0.093679,-0.097602,-0.174373,0.552398,-0.09672,0.237853,-0.062576,-0.197937,0.0,0.292819,-0.647345,-0.097602,0.067565,-0.407612,-0.105842,0.166553,-0.666336,-0.013754,-0.47509,-0.004636,-0.366728,-0.272166,0.102062,-0.394646,-0.174373,-0.089087,-0.080642,-0.089087,0.579752,-0.034847,0.172952,-0.408248,0.459234,0.378316,0.0,0.501267,-0.44518,0.0,-0.089087,-0.366728,0.087437,-0.127543,-0.302389,-0.583335,-0.426381,0.087437,-0.174373,-0.272166,-0.583335,0.334298,0.117237,-0.272166,-0.289755,-0.40804,0.102062,0.215166,0.241747,0.0,-0.583335,0.503101,-0.366728,-0.089087,0.075896,-0.032556,-0.174373,0.130051,0.344031,-0.2179,-0.136506,-0.206772,-0.034847,-0.359654,0.379792,0.152433,0.209772,-0.174373,0.592859,-0.156735,-0.179169,0.38843,0.161381,0.152826,0.056152,-0.44518,-0.267473,#
11,0.415072,0.258403,-0.666256,-0.533975,-0.534223,0.529728,0.022451,-0.480494,0.599769,0.110768,0.182948,1.0,0.398589,0.342678,0.003527,0.0822,-0.250308,-0.056669,0.170328,-0.092312,0.092027,-0.232597,0.258403,0.419592,-0.408027,0.183479,-0.426407,-0.403009,0.233953,0.172624,0.183766,-0.43349,0.233953,-0.534229,-0.416494,0.158805,-0.316007,-0.308816,-0.159354,-0.534223,0.101391,0.464544,0.059373,0.407696,-0.052067,-0.41919,-0.072542,0.339294,0.23331,0.068383,0.095703,-0.802753,-0.007107,-0.58598,0.299899,0.393267,-0.049767,-0.074413,-0.049767,-0.239336,-0.09253,0.112032,-0.343562,0.25502,0.312335,-0.11373,-0.403009,0.154706,-0.35877,-0.331714,0.303696,0.238631,-0.09779,-0.366477,0.07602,0.283071,-0.586515,0.07602,-0.58309,0.078803,-0.534069,-0.58309,-0.252211,-0.587177,-0.167389,-0.166459,-0.41398,-0.247778,-0.09779,-0.089507,-0.53408,-0.802347,0.086743,-0.420965,-0.175219,-0.174779,-0.252211,0.244033,-0.182948,-0.09779,0.25502,-0.360616,-0.366477,-0.41398,0.078803,-0.252211,-0.360616,0.0,0.166034,-0.290464,0.097121,-0.103508,0.406146,-0.252211,0.257221,0.355267,-0.534069,-0.58309,0.056817,-0.612124,-0.16691,-0.148418,-0.174779,0.0,0.344382,-0.108989,-0.534069,-0.38569,-0.395497,-0.089507,-0.666,-0.666123,-0.411416,0.176938,-0.815603,0.07602,-0.272078,-0.408118,0.30271,-0.58309,-0.09779,-0.53408,-0.09779,0.150377,-0.756603,-0.478209,0.092027,0.505596,-0.620628,0.0,0.078803,-0.420965,0.0,-0.534351,-0.367102,-0.407909,0.23593,0.260801,-0.182948,-0.014199,0.097121,-0.174779,-0.272078,-0.182948,0.369867,0.158982,0.39478,0.258166,-0.407909,-0.408118,0.233022,-0.500714,0.0,-0.182948,0.077306,-0.802347,-0.09779,0.119827,0.408839,-0.58309,0.57081,-0.077551,-0.288,-0.115787,0.662569,-0.528916,0.060818,-0.003125,-0.250986,0.216901,-0.58309,0.102369,0.421032,-0.179614,0.421032,0.166602,-0.303157,0.089654,-0.420965,0.154343,#
12,0.515325,0.133278,-0.635758,0.329462,-0.747743,0.236503,-0.465723,-0.146318,0.418089,0.233232,-0.079587,0.398589,1.0,0.357171,-0.001151,0.244104,-0.129103,-0.047446,-0.178086,-0.230468,0.219317,-0.30419,-0.390536,-0.016747,0.244091,0.398466,-0.007844,0.237197,0.110355,-0.115641,0.610366,-0.203182,0.597787,-0.237018,-0.497579,0.418314,-0.227406,0.191409,0.324517,-0.747743,0.267984,0.243501,0.506951,0.302637,0.299543,-0.488794,0.410255,-0.008401,-0.423914,-0.325451,0.218266,-0.326418,-0.509356,0.09323,-0.167029,-0.051909,0.193151,-0.229915,0.193151,-0.302207,-0.196249,-0.365528,-0.344793,0.656527,0.18316,0.196564,0.237197,0.528899,0.094183,-0.376611,-0.260509,0.12604,-0.223341,0.1982,0.75446,-0.109688,-0.396963,0.75446,0.119275,0.209748,-0.212185,0.119275,0.398299,0.095341,-0.427589,-0.407126,-0.001107,-0.09165,0.329694,-0.20277,-0.232855,-0.315457,0.21942,-0.162187,0.075269,0.090019,-0.077867,0.647831,0.099483,-0.223341,0.656527,-0.312014,0.1982,-0.001107,0.775524,0.398299,-0.312014,0.0,-0.13407,0.416037,0.267917,-0.783179,0.382155,-0.126044,0.108949,0.489719,-0.212185,-0.407334,-0.075164,-0.195568,0.114148,0.330566,-0.388206,0.0,-0.213555,-0.258752,-0.212185,-0.416295,-0.16788,-0.20277,-0.084078,-0.105877,0.032293,-0.176017,-0.490313,0.193113,-0.666073,-0.389896,0.744513,-0.407334,0.329694,0.330329,0.329694,0.215904,-0.284966,-0.181574,0.243685,0.024671,-0.218176,0.0,-0.304044,-0.162187,0.0,-0.202071,0.214703,-0.9986,-0.051318,0.17663,0.099483,0.003831,0.267917,0.616628,0.146211,0.099483,-0.244773,-0.082067,0.146211,0.234591,-0.407095,-0.365528,0.129718,-0.301426,0.0,0.099483,0.267856,-0.315457,-0.223341,0.264404,-0.022671,0.119275,-0.109973,-0.215621,-0.651072,-0.214074,0.61127,-0.29606,0.208911,0.040862,-0.073464,0.113945,-0.407334,0.287876,0.399442,0.111225,0.399442,0.08115,-0.275856,-0.333953,-0.162187,-0.106997,#
13,-0.025647,0.594236,-0.074584,-0.203001,-0.75727,0.747299,0.075831,-0.29732,0.36249,0.194158,-0.024258,0.342678,0.357171,1.0,0.438395,-0.519125,0.316637,0.419233,0.430826,0.226865,0.257489,0.301858,0.062038,-0.06373,-0.37307,0.340198,-0.46045,0.275222,0.037717,-0.686567,0.58919,0.030583,0.037717,0.358387,-0.436263,0.363868,-0.235483,-0.280005,-0.241818,-0.75727,-0.349762,-0.300018,0.510021,-0.337112,0.208152,-0.564824,-0.156602,-0.207192,0.063345,-0.394595,-0.240239,-0.247756,-0.06031,0.159133,-0.201445,-0.088354,0.188394,-0.188223,0.188394,-0.336802,-0.238536,-0.336716,-0.244531,-0.185922,-0.576801,-0.363283,0.275222,0.035739,-0.484194,0.146602,-0.199391,-0.405989,-0.873085,0.154809,0.170369,-0.139546,-0.33927,0.170369,-0.329025,0.871583,-0.170221,-0.329025,-0.071487,0.038974,0.041385,0.195519,0.047904,-0.036544,0.250688,-0.160655,0.358968,-0.236663,-0.378799,-0.192153,0.018581,0.15571,-0.555274,0.630829,0.044477,-0.203144,-0.185922,-0.233546,0.154809,0.574179,0.186206,-0.194426,0.345985,0.0,0.439816,-0.075067,0.306849,-0.345236,-0.286614,-0.214916,0.195519,0.566211,-0.753411,-0.349604,-0.382988,-0.198551,0.200793,0.267168,-0.330169,0.0,-0.219556,-0.30117,-0.170221,-0.320337,-0.196523,-0.160655,-0.569106,-0.071487,-0.418403,-0.34217,-0.449132,0.718764,0.171659,-0.361475,0.526037,-0.349604,-0.181533,-0.191222,-0.181533,-0.389541,-0.183719,-0.21644,0.282247,0.018567,-0.108716,0.0,-0.225265,-0.192153,0.0,0.380354,0.301983,-0.343615,0.556,0.861392,0.044477,0.053163,0.306849,0.176288,0.171659,0.044477,0.556853,0.487095,0.171659,0.411514,0.257358,0.282247,0.096562,-0.735653,0.0,0.044477,-0.299077,-0.236663,0.229077,0.30027,0.452264,-0.329025,0.349134,-0.175258,-0.226538,-0.210426,0.58449,-0.054101,0.204703,-0.421529,-0.5522,0.590292,-0.349604,0.324156,-0.249948,0.091894,-0.249948,0.700163,-0.28472,0.323695,-0.192153,0.337171,#
14,0.241989,0.404337,0.396884,-0.224849,-0.236104,0.220647,0.206612,-0.472615,0.003527,0.652358,-0.398456,0.003527,-0.001151,0.438395,1.0,-0.017513,0.806011,0.98613,0.332419,0.650401,-0.007871,0.482686,0.404337,0.184657,-0.017149,0.405256,-0.207237,0.494669,-0.010769,-0.403157,0.218817,-0.376755,-0.010769,0.650609,-0.197281,0.417264,0.23177,-0.303398,0.169512,-0.236104,0.001365,-0.563666,0.066988,-0.150661,0.637855,0.203473,-0.493839,-0.39937,0.004365,-0.686914,-0.206294,-0.23335,0.202096,-0.01867,-0.435681,-0.229112,-0.065748,0.216166,-0.065748,0.371707,0.026751,0.011807,-0.672308,-0.3385,-0.24394,-0.504904,0.494669,-0.534623,-0.710338,0.162611,-0.374446,-0.804425,-0.225007,0.197536,-0.224514,-0.306927,-0.015133,0.203594,-0.411792,0.217598,0.230369,-0.411792,-0.431281,0.390885,-0.019263,-0.003519,0.201451,-0.008658,0.221572,-0.199304,0.196194,-0.224514,-0.23927,0.319204,0.390885,-0.428148,-0.815789,0.319204,-0.003215,-0.225007,-0.3385,-0.228727,0.197536,0.201451,0.217598,-0.024156,0.231876,0.0,-0.012845,-0.412742,0.026411,0.193048,-0.517313,0.382969,0.01315,0.20495,-0.233142,-0.428148,-0.198348,-0.581691,-0.404012,0.196355,0.012539,0.0,-0.412641,0.002563,0.230369,0.102259,-0.365435,-0.199304,-0.42571,0.399254,-0.585437,0.158244,-0.216824,0.63945,0.322715,-0.007871,0.240179,-0.428148,-0.65441,-0.241089,-0.65441,-0.275295,0.107386,0.23234,0.011807,-0.267837,0.007855,0.0,-0.654161,-0.33489,0.0,0.221572,-0.224514,0.006181,0.6797,0.6334,-0.003215,0.203042,0.523161,-0.411792,0.322715,-0.003215,0.174739,0.416829,-0.333209,0.172166,0.483825,-0.007871,-0.013482,-0.531345,0.0,-0.003215,-0.212728,-0.224514,0.204396,-0.025142,0.587824,-0.411792,0.39429,-0.248026,0.332491,-0.474573,0.3931,0.116344,-0.213407,-0.176191,-0.815607,0.3913,-0.428148,-0.02132,-0.008277,-0.002961,-0.554841,-0.00066,-0.149682,0.231876,-0.33489,0.421872,#
15,0.498607,-0.12498,-0.408029,0.250073,0.236025,-0.240659,-0.49976,0.147133,0.0822,0.308669,-0.40815,0.0822,0.244104,-0.519125,-0.017513,1.0,0.101441,0.024932,-0.401587,0.214107,-0.24994,-0.360722,-0.12498,-0.02128,0.399094,0.091973,0.025554,-0.246812,0.408346,0.601666,0.22314,-0.659597,0.408346,-0.327173,0.009795,0.077447,0.243139,-0.177674,0.286519,0.236025,0.40006,0.335022,0.036361,0.187412,0.25863,0.491821,-0.294954,0.224684,-0.127397,0.324417,-0.201189,-0.198387,0.005751,-0.085498,0.183665,0.256811,0.280281,-0.327169,0.280281,0.164207,0.248394,-0.24994,-0.210405,0.15618,0.448139,-0.101025,-0.246812,0.266551,-0.005051,-0.203149,0.242747,0.430918,0.763579,0.33576,0.344469,0.157773,-0.077093,0.344469,-0.082146,-0.762572,-0.327075,-0.082146,0.119309,0.417459,-0.102513,-0.61166,0.021369,-0.407936,0.207471,-0.327082,-0.327082,-0.198287,0.353387,0.197364,0.417459,-0.082146,0.119309,0.197364,0.408153,0.22886,0.15618,-0.188984,0.33576,-0.499493,0.353387,0.626286,-0.762555,0.0,-0.407873,0.142028,-0.249812,0.200386,0.285064,0.626286,-0.61166,-0.495044,0.250117,-0.082146,0.392739,-0.305214,-0.611602,0.143854,-0.082146,0.0,0.227524,0.276009,-0.327075,-0.154195,0.187163,-0.327082,0.126818,0.119309,0.01552,0.213575,0.021369,-0.219997,-0.166627,-0.24994,0.298837,-0.082146,0.22886,0.239231,0.22886,0.387986,-0.293243,0.230458,-0.24994,0.046859,-0.343754,0.0,-0.193652,0.197364,0.0,-0.327248,-0.198287,-0.249812,-0.158892,-0.231802,0.408153,0.01552,-0.249812,-0.082146,-0.166627,0.408153,-0.561827,-0.384978,-0.166627,0.221981,-0.249812,-0.24994,-0.108483,0.401125,0.0,0.408153,0.325713,-0.198287,0.207471,-0.228104,0.003517,-0.082146,0.103038,-0.315937,0.067263,0.220328,-0.103076,0.044203,0.289204,0.027355,0.120771,-0.105764,-0.082146,-0.228382,0.258667,0.376087,0.258667,-0.604786,0.299404,-0.762555,0.197364,0.09903,#
16,0.030198,0.240944,0.567718,-0.097394,-0.092421,0.084455,-0.009787,0.115592,-0.250308,0.521196,-0.666469,-0.250308,-0.129103,0.316637,0.806011,0.101441,1.0,0.891366,0.15712,0.810187,0.092406,0.481869,0.240944,-0.019124,0.082944,0.15017,-0.391985,0.585518,-0.167461,-0.230208,0.314714,-0.405252,-0.182864,0.793388,-0.383548,0.158186,0.187975,-0.469353,-0.066773,-0.092421,-0.408021,-0.57649,0.350641,-0.293057,0.783107,0.421833,-0.65818,-0.460037,0.265225,-0.359492,-0.380133,0.069145,0.041766,0.226849,-0.413898,-0.283103,0.203767,-0.108784,0.203767,0.362336,-0.073679,-0.408127,-0.360247,-0.446877,-0.271487,-0.715309,0.585518,-0.524029,-0.562008,0.489807,-0.310079,-0.525645,-0.080659,0.523812,0.077323,-0.377134,-0.165999,0.077323,-0.189878,0.088056,0.347657,-0.189878,-0.274917,0.658764,0.258149,-0.158007,0.405013,-0.26357,0.356243,-0.089174,0.348139,0.077323,-0.358911,0.284634,0.658764,-0.173877,-0.666139,0.284634,0.257785,-0.080659,-0.446877,-0.351638,0.523812,0.405013,0.088056,0.155249,0.098983,0.0,0.166953,-0.256677,0.106653,0.361018,-0.610396,0.585416,-0.174315,0.037944,-0.105809,-0.173877,-0.327823,-0.197031,-0.18215,0.326953,-0.150765,0.0,-0.461944,0.42235,0.347657,0.061881,0.255643,-0.089174,-0.269279,0.569484,-0.411121,0.178608,-0.004197,0.537847,0.420961,0.092406,0.151034,-0.173877,-0.534364,-0.113892,-0.534364,-0.420087,-0.015118,0.326421,0.092406,-0.486529,-0.09661,0.0,-0.781046,0.284634,0.0,0.356243,0.077323,0.126444,0.608033,0.645951,0.257785,0.009167,0.106653,-0.189878,0.395293,0.257785,0.117705,0.197615,-0.272085,0.194769,0.612429,0.111657,-0.161327,-0.356181,0.0,0.257785,-0.335301,0.077323,0.373047,0.101252,0.437224,-0.189878,0.200538,-0.094094,0.536663,-0.065073,0.247971,0.517295,0.104695,-0.401702,-0.665991,0.270051,-0.173877,-0.405593,-0.098203,0.263605,-0.632923,-0.107556,0.070337,0.098983,0.284634,0.608429,#
17,0.187635,0.377962,0.45064,-0.202017,-0.196994,0.194572,0.149436,-0.335423,-0.056669,0.6418,-0.487179,-0.056669,-0.047446,0.419233,0.98613,0.024932,0.891366,1.0,0.305322,0.723243,0.015702,0.500797,0.377962,0.142369,0.006072,0.358095,-0.268239,0.519429,-0.036307,-0.362811,0.254664,-0.413167,-0.052011,0.706116,-0.246675,0.35665,0.237179,-0.375507,0.108728,-0.196994,-0.110045,-0.575298,0.140483,-0.20868,0.697133,0.273094,-0.580067,-0.429469,0.078366,-0.606214,-0.281013,-0.169216,0.184521,0.039047,-0.421983,-0.22764,0.006701,0.133332,0.006701,0.38046,0.00319,-0.102062,-0.606876,-0.396568,-0.268851,-0.588551,0.519429,-0.554503,-0.704473,0.261952,-0.344112,-0.751481,-0.185027,0.294347,-0.160757,-0.334565,-0.050315,0.167713,-0.385724,0.181305,0.251709,-0.385724,-0.408429,0.479429,0.071054,-0.039165,0.256027,-0.081154,0.260408,-0.193656,0.252199,-0.160757,-0.274392,0.322667,0.479429,-0.36941,-0.807292,0.322667,0.070512,-0.185027,-0.396568,-0.264266,0.294347,0.256027,0.181305,0.03014,0.195157,0.0,0.042096,-0.389345,0.030267,0.265302,-0.555163,0.468709,-0.055792,0.148673,-0.210614,-0.36941,-0.233707,-0.510103,-0.37782,0.231051,-0.037702,0.0,-0.430013,0.117153,0.251709,0.09052,-0.209685,-0.193656,-0.402657,0.452466,-0.576091,0.169495,-0.161176,0.637233,0.376845,0.015702,0.22788,-0.36941,-0.647595,-0.218857,-0.647595,-0.32732,0.067237,0.268233,0.015702,-0.334122,-0.03134,0.0,-0.704774,-0.179194,0.0,0.260408,-0.160757,0.050444,0.690767,0.662723,0.070512,0.152178,0.411403,-0.385724,0.350675,0.070512,0.177149,0.367493,-0.329739,0.188442,0.545922,0.035329,-0.061033,-0.497442,0.0,0.070512,-0.261781,-0.160757,0.27754,0.005042,0.585588,-0.385724,0.375356,-0.2188,0.403475,-0.378973,0.359549,0.230304,-0.132754,-0.259867,-0.807113,0.376178,-0.36941,-0.126566,-0.045081,0.071865,-0.590245,-0.036301,-0.092871,0.195157,-0.179194,0.492172,#
18,-0.457332,-0.180055,0.15712,-0.148814,-0.048534,0.132829,-0.019884,-0.498736,-0.296278,0.010816,-0.303287,0.170328,-0.178086,0.430826,0.332419,-0.401587,0.15712,0.305322,1.0,-0.029683,0.613324,-0.221771,-0.180055,-0.114956,0.02208,0.049339,-0.133322,0.090786,0.291738,-0.166625,0.187233,0.197848,0.188064,0.348749,-0.004489,-0.299793,-0.445648,0.084544,0.184658,-0.048534,0.021414,-0.107555,-0.067234,-0.226778,-0.108479,-0.357648,-0.285268,-0.404629,-0.008728,-0.25026,0.015387,0.156834,-0.010823,0.306033,0.191686,0.36943,-0.091118,0.22314,-0.091118,-0.212608,-0.632495,0.030234,0.165663,-0.507686,-0.403399,0.014931,0.090786,-0.141396,-0.163595,0.193184,0.264731,-0.509957,-0.525928,0.138726,-0.347809,-0.314024,0.172627,0.013606,-0.159354,0.525081,-0.156086,-0.159354,0.164526,-0.184897,0.307339,0.183756,-0.010201,0.03913,-0.525928,-0.007359,0.336043,0.149668,0.023677,0.252224,0.295381,0.307339,-0.173065,0.252224,-0.049374,0.473146,-0.507686,0.014474,0.138726,-0.010201,-0.497011,-0.318031,0.014474,0.0,0.647446,-0.301984,-0.401479,-0.042254,-0.16749,0.146654,0.20205,0.358258,-0.156086,0.307339,-0.685978,-0.026733,-0.151489,-0.523347,0.307339,0.0,-0.211788,-0.021158,-0.156086,0.014852,-0.30295,-0.007359,-0.31315,0.146654,-0.331488,0.27177,-0.010201,0.511084,0.480869,0.030234,0.26491,0.307339,-0.016965,-0.163062,-0.016965,-0.835102,0.222558,-0.586505,0.181406,-0.248599,-0.189657,0.0,0.160813,-0.299973,0.0,-0.035816,0.149668,0.175763,0.192611,0.289757,-0.049374,0.452364,0.017885,-0.159354,0.308102,-0.049374,0.375687,0.143542,0.509663,-0.011705,0.595126,0.15981,-0.16504,-0.539377,0.0,-0.049374,-0.865336,0.149668,-0.035816,0.012994,0.341105,-0.159354,0.156625,-0.16977,-0.219995,-0.416589,0.18917,-0.527084,-0.201952,-0.465408,-0.171664,-0.178657,0.307339,-0.000564,-0.16539,-0.499348,-0.16539,0.304948,-0.70754,0.539418,-0.299973,-0.190938,#
19,0.244566,0.516401,0.350913,-0.428174,0.041029,0.414453,0.202265,0.122811,-0.092312,0.422392,-0.534403,-0.092312,-0.230468,0.226865,0.650401,0.214107,0.810187,0.723243,-0.029683,1.0,-0.327254,0.391653,0.516401,-0.222988,-0.327181,-0.083445,-0.645824,0.126955,0.082479,-0.071036,0.265788,-0.457926,-0.359371,0.523949,-0.194919,0.341704,0.13803,-0.638214,-0.42362,0.041029,-0.327169,-0.629356,0.202335,-0.237247,0.464812,0.660834,-0.750023,0.134502,0.541944,-0.057214,-0.530164,-0.055735,0.256901,0.078251,-0.465966,-0.383407,0.359155,-0.428373,0.359155,0.263109,0.346061,-0.327254,-0.50077,-0.52718,-0.119953,-0.882533,0.126955,-0.255177,-0.761526,0.380007,-0.29154,-0.266434,0.053559,0.439621,-0.038256,0.234165,-0.337475,-0.038256,-0.358891,-0.030441,0.053531,-0.358891,-0.534138,0.546591,0.117112,-0.333052,0.232245,-0.534123,0.517742,0.044442,0.062623,-0.038256,-0.505317,0.258415,0.546591,-0.34189,-0.534138,0.258415,0.534405,0.053559,-0.52718,-0.501264,0.439621,0.232245,-0.030441,-0.077112,-0.022506,0.0,-0.07057,-0.532107,0.219616,0.52278,-0.739488,0.379915,-0.350378,-0.185758,-0.42825,-0.34189,0.041662,-0.325872,-0.354635,0.48594,0.100111,0.0,0.119496,0.361387,0.053531,-0.088763,0.21851,0.044442,-0.53404,0.362988,-0.224184,0.078793,-0.202517,0.451023,0.518152,-0.327254,0.060357,-0.34189,-0.428476,-0.428258,-0.428476,-0.127144,-0.128029,0.27524,0.204534,0.061354,-0.19362,0.0,-0.505317,0.258415,0.0,0.517742,-0.038256,0.240643,0.550009,0.680658,0.534405,0.222347,0.219616,-0.358891,-0.218169,0.534405,0.04764,0.401542,-0.218169,0.604955,0.240643,0.224987,0.108877,-0.196477,0.0,0.534405,-0.012748,-0.038256,0.535595,-0.298664,0.275105,-0.358891,0.405054,-0.413666,0.764805,0.354385,0.11886,0.437628,0.435678,-0.214238,-0.53402,0.560164,-0.34189,-0.299027,-0.178899,0.546793,-0.747008,0.143084,0.456947,-0.022506,0.258415,0.820015,#
20,-0.499452,-0.612114,0.092406,0.218064,-0.327248,-0.230265,-0.49988,0.0,-0.408118,-0.227269,-0.408248,0.092027,0.219317,0.257489,-0.007871,-0.24994,0.092406,0.015702,0.613324,-0.327254,1.0,-0.348431,-0.612114,-0.011714,0.363127,0.081595,0.016093,0.458475,-0.112014,0.116018,0.192195,0.096503,0.38805,0.211264,-0.49968,-0.408152,-0.645856,0.372967,0.252688,-0.327248,-0.249935,0.237915,0.218218,0.081975,0.270315,-0.499874,0.11928,-0.603245,-0.079763,-0.230265,0.296866,0.324206,-0.49956,0.401713,0.154098,0.225547,-0.182914,0.203999,-0.182914,-0.341695,-0.997438,-0.25,0.320782,0.123169,-0.058984,0.288083,0.458475,-0.064442,0.386494,0.350866,0.133631,-0.12771,-0.327327,0.30531,0.313788,-0.636041,-0.116524,0.313788,0.398265,0.322466,0.207617,0.398265,0.597701,-0.12584,0.398265,-0.111772,-0.017032,0.094617,-0.327327,0.228395,0.197531,0.313788,0.322466,0.150409,0.388959,0.398265,0.109195,0.150409,-0.102064,0.218218,0.123169,-0.231322,0.30531,-0.017032,-0.235648,0.08046,-0.231322,0.0,0.611956,0.101623,-0.249873,-0.327246,0.249491,0.08046,0.417676,0.561588,0.207617,0.398265,-0.916612,0.310949,0.407832,-0.325721,-0.092351,0.0,-0.586846,0.240681,0.207617,-0.188486,0.156006,0.228395,0.087422,0.08046,0.005615,0.310997,-0.017032,0.313788,-0.166667,0.375,0.26711,0.398265,0.218218,0.197531,0.218218,-0.750239,0.014226,-0.641698,0.375,-0.656186,-0.392058,0.0,-0.204642,0.150409,0.0,-0.327327,0.313788,-0.249873,-0.17935,0.046294,-0.102064,0.005615,-0.249873,0.398265,0.666667,-0.102064,0.227461,-0.417703,0.666667,-0.354876,0.356961,-0.25,-0.098821,-0.427669,0.0,-0.102064,-0.771982,0.313788,-0.327327,0.363364,-0.019936,0.398265,-0.418109,0.210675,-0.419371,-0.34957,0.406522,-0.341432,-0.203806,-0.499604,0.110632,-0.610179,0.398265,-0.269229,0.258729,-0.595614,0.258729,-0.065884,-0.860995,0.331354,0.150409,-0.408046,#
