0,1.0,-0.282837,-0.526456,0.187078,0.258905,0.091966,0.529152,-0.325372,0.183517,-0.472053,0.835241,0.679022,-0.410682,-0.083036,0.567398,-0.02373,0.527391,-0.767324,0.133454,0.575606,-0.117343,0.403423,-0.061311,0.369133,-0.074056,0.238756,-0.220425,0.240635,0.12771,-0.101683,-0.376515,-0.229274,0.203789,-0.1675,0.446167,-0.140507,-0.102481,-0.063177,0.509297,0.0,-0.293755,0.539246,-0.252765,0.081515,0.40787,0.566094,-0.064923,-0.017454,-0.639731,-0.113271,-0.113271,0.039685,-0.210012,-0.389999,0.46685,0.098824,-0.249066,0.597197,-0.288734,-0.421495,-0.271664,0.398451,0.245551,-0.304618,-0.699315,-0.406949,0.0,0.041472,-0.33482,-0.52927,0.539246,0.15812,0.575222,-0.255227,-0.185636,0.285419,-0.209124,0.122781,-0.228198,-0.133884,-0.489905,0.096606,-0.092283,-0.520604,-0.375399,-0.209124,0.159225,-0.261098,-0.057647,0.098894,-0.998372,-0.239287,0.183131,-0.554851,0.039302,-0.152892,0.665581,-0.543903,-0.616711,0.446357,0.619063,0.542138,-0.361426,-0.539181,-0.381034,-0.407584,-0.361426,-0.121968,0.070749,0.0,-0.572187,0.248723,-0.086825,0.090641,-0.352897,0.0,0.409023,-0.013764,0.118355,-0.56704,-0.539444,0.131795,-0.209124,0.679145,0.077622,-0.352897,-0.593183,0.319426,-0.520046,0.018411,-0.489905,-0.380941,-0.071056,0.197332,-0.071056,-0.057647,-0.407584,-0.365293,0.003474,-0.386393,0.575646,0.174644,0.131795,0.293483,-0.228198,-0.424518,0.0,0.049536,-0.422964,-0.407584,0.357332,-0.228198,-0.057647,-0.407584,0.012159,0.024846,-0.105149,0.168038,-0.228198,0.098894,-0.269038,-0.312359,0.385359,-0.445074,-0.28088,-0.232851,0.131795,0.003414,0.0,0.0,0.576818,-0.403773,0.407069,0.012159,0.372609,-0.086825,0.407932,0.386109,0.186268,-0.065845,-0.5421,0.197684,0.136278,-0.069071,-0.301576,-0.404448,-0.102031,-0.239287,0.448026,0.38889,-0.386393,0.52946,0.336759,0.132406,0.406973,0.187334,-0.563028,-0.122304,0.039317,-0.800479,#
1,-0.282837,1.0,0.384866,-0.199313,0.219305,-0.063082,-0.248027,0.192979,-0.465671,-0.167591,-0.267211,0.311982,0.717643,0.041434,-0.261352,0.33091,0.182403,0.337687,-0.164042,-0.498267,-0.368096,0.054652,-0.083341,0.070952,0.250721,-0.354255,-0.288165,-0.289483,-0.063082,0.102545,-0.030953,-0.00463,-0.191781,0.300006,0.473792,0.103833,-0.207139,-0.260418,0.092808,0.0,-0.592472,-0.090082,0.248006,-0.213091,-0.718674,0.394576,-0.13262,-0.103808,0.506109,0.452276,0.452276,-0.166042,-0.23116,0.34696,-0.062558,-0.361945,0.386252,-0.219729,-0.142573,-0.070321,-0.196508,-0.450026,0.27522,0.468704,0.2643,-0.195166,0.0,0.037866,-0.092092,-0.183691,-0.090082,-0.074946,-0.490038,0.335954,0.277529,-0.214354,-0.205408,-0.105704,0.386784,-0.289551,-0.160526,-0.52668,0.167704,-0.163599,-0.229611,-0.205408,-0.288641,0.414379,0.201694,0.208097,0.273859,0.033492,0.41648,-0.257879,-0.306905,0.250066,0.294047,0.502141,0.51969,0.170381,-0.170881,-0.452812,0.350218,0.474304,-0.151459,0.090302,0.350218,0.250066,-0.539311,0.0,0.355341,-0.361213,0.4462,0.213621,-0.009951,0.0,0.170381,0.300744,-0.077729,0.4072,0.327878,0.263287,-0.205408,-0.264931,-0.33879,-0.009951,-0.353996,-0.029585,-0.208833,0.273758,-0.160526,0.149199,-0.18863,0.640636,-0.18863,0.201694,0.090302,-0.497983,0.075044,-0.148412,-0.452812,-0.296448,0.208097,-0.202151,0.386784,-0.202447,0.0,-0.136227,0.219305,0.090302,-0.220242,0.334661,0.201694,0.090302,0.632315,0.326608,-0.103792,-0.199588,0.386784,0.208097,-0.248864,0.290881,-0.209611,0.612578,0.030877,-0.22381,0.208097,0.327861,0.0,0.0,0.404779,0.294525,0.07054,0.632315,-0.355717,0.4462,0.070911,0.317083,-0.3199,0.504441,-0.178446,0.270972,0.230547,-0.239089,0.388628,0.578504,-0.233128,0.033492,0.356828,0.224201,-0.148412,0.229227,-0.308131,-0.24934,-0.318259,0.223467,0.325921,0.475957,0.426924,0.233651,#
2,-0.526456,0.384866,1.0,-0.548887,-0.507093,-0.339628,-0.075216,-0.189915,0.076672,-0.027119,-0.69446,-0.404383,0.1514,-0.461332,-0.525654,0.224956,-0.031466,0.797534,-0.561593,-0.534841,-0.429863,-0.186508,-0.483519,0.380319,0.701844,-0.291316,-0.171873,-0.109486,-0.37891,0.359518,-0.254301,-0.266718,-0.618845,0.12135,-0.04058,0.358666,0.385423,0.409374,0.458711,0.0,-0.115567,-0.301232,0.136273,0.21497,-0.20175,-0.136969,-0.310701,-0.378993,0.506833,0.516491,0.479964,-0.399931,-0.110221,0.208882,-0.667893,0.083266,0.396746,-0.610306,0.479652,-0.312443,0.431968,0.214142,0.124375,-0.203173,0.466479,0.562865,0.0,-0.323079,0.488872,0.027221,-0.301232,-0.289038,-0.522069,0.317176,0.066971,-0.512973,-0.103361,-0.398533,0.340477,-0.361763,-0.0,-0.074098,0.338062,0.027286,-0.219437,-0.103361,-0.07875,0.340477,-0.226869,-0.073378,0.500297,-0.280004,-0.171031,0.51577,-0.253196,0.066971,-0.33048,0.474111,-0.154127,-0.247383,-0.406945,-0.497136,0.18269,0.504718,0.179733,0.169031,0.18269,0.032986,-0.047396,0.0,0.066971,-0.39666,0.523131,-0.10757,-0.398533,0.0,-0.206354,0.18269,-0.446353,0.263843,0.066971,-0.055299,-0.103361,-0.806771,-0.064687,-0.398533,0.106026,-0.241209,0.244314,0.18269,-0.0,0.424184,0.055237,0.255431,0.018413,-0.267898,0.169031,-0.055297,-0.313844,0.18975,-0.533961,-0.1692,-0.073378,-0.477497,0.340477,0.150853,0.0,0.057678,0.608511,0.169031,0.064396,0.289255,-0.267898,0.169031,-0.360807,0.192628,-0.176069,-0.006711,0.340477,-0.073378,-0.126912,-0.037221,-0.632116,0.725514,-0.240106,-0.173946,-0.109535,0.202837,0.0,0.0,-0.116441,-0.08619,0.332034,-0.360807,-0.207522,0.523131,0.336588,0.24285,-0.191478,-0.038366,0.002388,0.114643,-0.106978,-0.025303,0.326092,0.725514,0.056125,-0.280004,-0.339997,-0.22385,0.18975,-0.069707,0.009969,-0.090318,-0.217148,0.134965,0.436234,0.523131,0.480711,0.424184,#
3,0.187078,-0.199313,-0.548887,1.0,0.306994,0.61504,-0.21376,0.374149,-0.543152,-0.012256,0.069069,-0.080365,0.13454,-0.103361,0.185145,-0.392606,0.10602,-0.314311,0.191773,0.083162,0.226165,-0.248103,-0.069635,-0.095274,-0.452397,-0.188267,0.104886,0.078279,0.135309,-0.105368,0.314064,-0.248987,0.195923,-0.204076,0.054953,0.420684,-0.230469,-0.271167,-0.361326,0.0,0.175436,0.120701,-0.265886,-0.388491,-0.104969,0.195162,0.382776,-0.220609,-0.129322,-0.504003,-0.538317,0.570118,0.131431,-0.003625,0.075576,-0.257619,0.135929,0.601682,-0.252208,0.071608,-0.27,-0.414818,-0.181469,-0.212552,0.038998,-0.330238,0.0,-0.213538,-0.021954,-0.132568,0.120701,-0.603902,0.071039,0.180109,0.671769,0.022123,0.140127,0.619589,0.163982,-0.170589,-0.116602,0.039479,-0.611342,-0.101713,0.000933,0.140127,0.188885,0.180965,0.420579,0.109093,-0.187995,0.422096,0.189067,-0.571281,0.381503,0.654867,0.273049,-0.070696,0.189067,-0.080488,0.660192,0.533764,-0.005905,-0.073868,-0.423283,-0.407561,-0.382367,0.239824,-0.375915,0.0,-0.126391,0.259953,-0.488995,0.127789,0.10885,0.0,0.420579,0.418537,0.113545,-0.188058,0.239824,-0.332473,-0.248268,0.298526,0.372962,0.10885,-0.183539,-0.267059,-0.021685,0.401928,-0.116602,0.516298,0.333119,-0.324411,-0.116602,0.382036,0.227599,0.498687,-0.291242,0.076428,0.084043,-0.242421,0.109093,0.661003,0.163982,-0.030253,0.0,-0.370918,-0.015879,-0.407561,-0.101713,0.163982,0.382036,-0.407561,0.351501,-0.784459,-0.217874,-0.296742,-0.22097,0.109093,0.125024,0.109093,0.398834,-0.368624,0.447722,-0.256634,0.075126,-0.390789,0.0,0.0,0.177807,0.118581,-0.607795,0.351501,0.450364,-0.073868,-0.610992,-0.394204,-0.250301,0.383043,-0.084584,0.29686,0.149069,-0.114323,0.192305,-0.389595,-0.067757,0.422096,0.472709,-0.065163,0.076428,-0.323055,-0.035118,-0.22521,0.001015,0.292258,-0.511178,-0.47068,-0.371029,-0.349974,#
4,0.258905,0.219305,-0.507093,0.306994,1.0,0.24208,0.34209,0.23541,-0.264959,0.312207,0.394248,0.465839,0.24208,0.296134,0.201792,-0.332387,-0.217869,-0.403962,0.278576,-0.218218,-0.271904,0.040866,0.277233,-0.166667,-0.330044,-0.271623,-0.40032,-0.402838,0.24208,-0.166627,0.108079,0.160887,0.332831,-0.271998,0.350301,-0.166623,0.209359,-0.931144,-0.218008,0.0,-0.21469,0.26671,-0.206722,-0.663107,-0.166623,0.361971,0.056894,0.206333,0.239535,-0.507106,-0.507106,0.172678,0.32169,-0.333209,0.419078,-0.606833,-0.407634,0.337416,0.177489,0.066075,0.179998,-0.328168,-0.271901,0.364238,-0.236979,-0.004467,0.0,0.113771,0.122272,-0.508548,0.26671,0.151082,-0.218159,-0.407661,0.437602,-0.099501,-0.407661,0.208608,-0.408008,-0.271774,-0.508338,-0.218093,-0.166667,-0.507961,-0.332873,-0.407661,-0.407401,0.305016,-0.166582,-0.218103,-0.272166,0.167913,0.29806,-0.508556,-0.332873,-0.272023,0.335977,0.254411,0.29806,-0.166582,0.255492,-0.217859,-0.333153,-0.508338,-0.664573,-0.111111,-0.333153,-0.272023,-0.218088,0.0,0.437602,0.473592,-0.508338,-0.216549,0.208608,0.0,-0.166582,0.364144,0.254084,-0.404682,-0.272023,-0.218103,-0.407661,0.393324,-0.49431,0.208608,-0.272014,0.254824,-0.651253,-0.333153,-0.508338,-0.218218,-0.508338,0.088891,-0.508338,-0.166582,-0.111111,-0.218093,0.225913,-0.66523,-0.217859,-0.405312,-0.218103,0.248734,-0.408008,-0.651795,0.0,0.207529,-0.333333,-0.111111,-0.507961,-0.408008,-0.166582,-0.111111,0.527049,-0.332873,0.486895,0.260286,-0.408008,-0.218103,-0.468983,-0.218103,0.289414,0.215221,0.175129,0.285856,-0.218103,-0.332948,0.0,0.0,0.301664,-0.153522,-0.1657,0.527049,0.35015,-0.508338,-0.166571,-0.297699,0.302079,0.247993,0.23078,0.429772,-0.180825,-0.475222,0.302079,-0.66523,-0.475691,0.167913,0.288511,0.692132,-0.66523,0.540212,0.245737,0.285856,-0.298264,-0.270666,-0.045277,0.260577,-0.483795,-0.218218,#
5,0.091966,-0.063082,-0.339628,0.61504,0.24208,1.0,0.135089,0.660857,-0.123821,0.367818,0.067812,-0.017202,0.413971,-0.199349,0.087127,0.004942,0.288812,0.026599,0.273718,-0.20074,-0.086731,-0.215667,0.290821,0.169456,-0.045619,0.416621,-0.441133,0.063563,0.459915,0.193143,-0.129982,-0.056923,0.139658,0.414826,-0.198259,0.194108,-0.070073,-0.112595,-0.311306,0.0,-0.127132,0.36274,0.030026,-0.249652,0.194108,0.101169,0.532063,-0.221774,0.212066,-0.312202,-0.312202,-0.269141,0.612476,0.035441,-0.130437,-0.372268,0.574127,0.156289,-0.13896,0.407882,-0.243812,-0.570142,-0.092422,0.021162,-0.194633,-0.205665,0.0,-0.048253,-0.151641,-0.296283,0.36274,-0.261337,-0.215734,0.042958,0.397971,-0.322767,0.120746,-0.226192,0.105291,-0.05689,-0.303407,-0.253421,-0.338913,0.200082,0.031285,0.120746,0.038082,0.126005,0.267535,-0.209569,-0.098829,-0.093804,-0.352037,-0.385749,-0.007395,0.377357,-0.069966,-0.29439,0.19026,-0.320074,0.379661,0.308371,0.036011,0.183037,-0.269564,-0.661686,-0.442261,-0.089902,-0.285092,0.0,-0.030349,0.401137,-0.344357,0.311324,-0.154318,0.0,0.244031,-0.001126,0.11423,-0.321487,0.435764,-0.147429,-0.372687,0.438422,-0.303403,-0.154318,-0.105555,-0.199868,-0.30598,-0.021382,-0.303407,0.264131,0.202892,-0.152067,-0.324502,0.267535,0.145248,0.285099,-0.101175,-0.262873,-0.197928,-0.454911,-0.188856,-0.144513,0.105291,-0.304407,0.0,0.170425,-0.551943,-0.661686,0.178823,-0.422892,0.267535,-0.661686,0.091865,-0.470409,0.194771,0.130078,-0.383767,-0.209569,-0.165057,0.370401,0.553686,-0.260031,0.667962,-0.304693,-0.188856,-0.443301,0.0,0.0,0.124909,-0.152905,-0.465047,0.091865,0.485701,0.183037,-0.428896,0.02444,-0.385581,-0.283891,0.264743,0.403153,-0.140077,-0.277481,0.093071,-0.285608,0.223698,-0.093804,0.095026,0.293677,-0.262873,-0.170942,-0.332657,0.136058,0.048273,0.356445,-0.027621,-0.322021,-0.143706,-0.20074,#
6,0.529152,-0.248027,-0.075216,-0.21376,0.34209,0.135089,1.0,-0.262528,0.634263,0.069255,0.383934,0.23448,-0.350145,-0.059039,0.105452,-0.031099,0.01539,-0.3051,0.18683,0.059487,-0.593359,0.193098,-0.025057,0.35278,0.350963,0.267869,-0.690719,0.219025,0.135089,-0.118823,-0.2974,-0.199644,-0.226064,-0.143304,-0.003487,-0.138065,0.632972,-0.117612,0.461453,0.0,-0.308249,0.622277,0.019888,0.021266,0.373136,0.157246,-0.224644,-0.196313,-0.076272,-0.151222,-0.151222,-0.48292,0.288734,-0.413611,-0.095045,-0.167428,-0.239745,0.150432,0.4719,-0.392558,0.406372,0.343397,0.237735,-0.269404,-0.329569,0.364003,0.0,-0.170762,0.275099,-0.53142,0.622277,0.334327,0.064982,-0.729071,-0.129722,-0.379741,-0.27244,-0.422885,-0.276885,-0.167848,-0.556695,0.05036,0.412913,-0.570107,-0.407868,-0.27244,-0.332981,0.203328,-0.609036,-0.385787,-0.553175,-0.251341,-0.24602,-0.133197,-0.455908,-0.607646,0.211867,-0.045895,-0.582787,-0.141956,0.052472,0.033702,-0.410174,-0.573134,-0.474817,-0.406231,-0.410174,-0.607646,0.041966,0.0,-0.081361,0.278129,-0.153918,-0.434554,-0.363373,0.0,-0.141956,0.011927,-0.191495,-0.672036,-0.559285,0.077279,-0.27244,0.190064,-0.463316,-0.363373,-0.15566,0.437225,-0.435734,-0.457695,-0.556695,-0.377916,-0.137478,0.107619,-0.137478,-0.609036,-0.406231,-0.3777,-0.117056,-0.461437,0.033702,-0.355299,-0.385787,-0.242733,-0.276885,-0.426113,0.0,0.639709,-0.448993,-0.406231,0.274803,-0.714222,-0.609036,-0.406231,-0.266224,-0.03862,0.323887,0.619491,-0.276885,-0.385787,-0.54537,-0.334336,0.396796,0.112712,-0.266162,0.235891,-0.385787,-0.019354,0.0,0.0,0.153133,-0.817139,0.350733,-0.266224,0.399003,-0.153918,0.352577,0.38003,0.18297,-0.524922,-0.022884,0.239267,-0.343362,-0.074299,-0.257391,-0.480262,-0.090855,-0.251341,-0.106342,0.437041,-0.461437,0.53994,0.334548,0.616701,0.40073,-0.260415,-0.083858,0.363937,-0.029564,-0.325428,#
7,-0.325372,0.192979,-0.189915,0.374149,0.23541,0.660857,-0.262528,1.0,-0.507006,0.466592,-0.290754,-0.231662,0.81628,-0.074588,0.334894,0.380595,0.215129,0.39837,-0.079958,-0.574419,0.188947,-0.105824,0.534513,0.096304,-0.314771,0.212406,-0.327954,-0.36004,-0.055331,0.127746,-0.047462,-0.054825,0.380566,0.34053,-0.150065,0.129027,-0.273504,-0.327771,-0.580774,0.0,0.054075,-0.224163,0.278713,-0.206512,-0.034713,-0.178522,0.850539,-0.170447,0.5811,-0.110992,-0.110992,-0.191881,0.367855,-0.209719,-0.080719,-0.239263,0.447275,-0.233859,-0.155921,0.668144,-0.216884,-0.499294,-0.332039,0.185912,0.107056,-0.172926,0.0,-0.13411,-0.269927,-0.213315,-0.224163,-0.09788,-0.592301,0.397214,0.31816,-0.249138,-0.277126,-0.167259,-0.17472,0.246334,-0.226263,-0.638501,-0.577826,0.446073,0.305485,-0.277126,0.272699,-0.147253,0.226429,0.240741,0.314529,-0.032341,-0.13899,-0.32567,-0.386948,0.290824,-0.30173,-0.088203,0.580132,-0.55278,-0.164033,0.109429,-0.20892,0.550437,-0.215234,0.107005,-0.20892,-0.328791,0.045435,0.0,0.395612,0.194735,-0.148922,0.246,-0.07195,0.0,0.195261,-0.258165,-0.153808,-0.181342,0.368276,-0.363535,-0.277126,0.254512,-0.408475,-0.07195,0.19002,-0.199597,-0.235514,-0.285026,-0.226263,0.182133,-0.254237,-0.038047,-0.254237,0.226429,0.107005,0.075612,-0.141417,-0.211036,-0.561956,-0.371408,-0.418469,-0.266918,-0.17472,-0.229837,0.0,0.355135,-0.346695,0.107005,-0.28688,-0.226602,0.226429,0.107005,0.223333,-0.239108,0.38742,0.339037,-0.17472,0.240741,-0.328315,0.323142,0.351982,-0.056527,0.983207,-0.226163,-0.418469,-0.220888,0.0,0.0,-0.156965,0.333715,-0.744344,0.223333,0.239419,-0.148922,-0.697077,-0.230188,-0.322651,-0.080149,0.48351,0.313866,0.265082,-0.23066,0.453123,-0.090444,0.429081,-0.032341,-0.121314,0.250875,-0.211036,-0.405051,-0.299132,0.358302,-0.329917,0.264138,0.373249,-0.119303,-0.185527,0.266194,#
8,0.183517,-0.465671,0.076672,-0.543152,-0.264959,-0.123821,0.634263,-0.507006,1.0,0.11659,0.273893,0.008459,-0.646713,0.137131,-0.246046,-0.037582,-0.222169,-0.175209,0.334416,0.403475,-0.216545,0.069205,0.052841,-0.05184,0.416836,0.575908,-0.099612,0.447859,0.358076,-0.045053,-0.129985,0.270312,-0.279212,0.127581,-0.423306,-0.397335,0.432003,0.446322,0.24922,0.0,0.001712,0.456894,0.085733,0.397454,0.491998,-0.279762,-0.403161,0.199664,-0.342367,0.052128,0.052128,-0.513513,0.273583,0.072494,-0.133454,0.171169,-0.191548,-0.142274,0.277377,-0.087345,0.253458,0.331803,0.277982,-0.044845,-0.272502,0.325103,0.0,0.242994,0.106293,0.218227,0.456894,0.552517,0.409306,-0.706922,-0.648674,-0.048141,0.340408,-0.568877,-0.082756,0.241787,0.190666,0.393446,0.704158,0.032804,0.07816,0.340408,-0.285637,-0.082756,-0.397236,-0.520095,-0.172836,-0.250759,-0.557876,0.503159,0.026392,-0.648674,-0.218657,-0.260475,-0.506032,0.106094,-0.232121,-0.076621,0.076111,-0.420527,0.358549,-0.264959,0.076111,-0.231757,0.236727,0.0,-0.179642,0.048688,0.031224,-0.259799,0.008299,0.0,-0.397236,-0.384773,0.100983,-0.094832,-0.179642,0.422468,0.340408,0.014662,-0.186814,0.008299,0.255294,0.356672,0.129876,-0.384773,0.190666,-0.52037,0.190666,-0.124675,0.190666,-0.397236,-0.264959,-0.067836,0.254477,0.020032,0.375131,0.128615,-0.076536,-0.419987,-0.082756,0.138621,0.0,0.358333,-0.380159,-0.264959,0.488046,-0.554035,-0.397236,-0.264959,-0.560105,0.346137,0.162822,0.253626,-0.082756,-0.520095,0.141664,-0.021091,0.131814,-0.162538,-0.491929,0.393266,-0.076536,0.094211,0.0,0.0,-0.266783,-0.550845,0.480477,-0.560105,-0.078279,0.031224,0.471524,0.371502,0.192425,-0.768306,0.094977,-0.373411,-0.515826,0.254977,-0.709196,-0.162538,0.094977,-0.250759,-0.411615,-0.051701,0.020032,0.231788,0.019108,0.256478,0.533438,-0.383522,0.064547,0.031224,0.115006,-0.011312,#
9,-0.472053,-0.167591,-0.027119,-0.012256,0.312207,0.367818,0.069255,0.466592,0.11659,1.0,-0.146166,-0.281838,0.220859,0.045042,-0.187996,-0.29239,-0.527228,0.362243,0.112554,-0.503398,-0.037729,-0.380637,0.492366,-0.225483,-0.089885,0.148404,-0.184697,-0.502019,0.367818,0.316042,-0.053989,0.503157,0.282596,0.145751,-0.45475,-0.19269,0.443097,-0.36828,-0.533606,0.0,0.333419,-0.12175,-0.150595,-0.388131,0.316903,-0.41708,0.280789,0.350723,0.598572,-0.48516,-0.48516,-0.270075,0.894404,-0.142939,-0.056078,-0.350125,-0.043106,-0.41308,0.510432,0.692788,0.509255,-0.332122,-0.724475,0.381427,-0.085197,0.516911,0.0,0.239169,0.339162,0.019111,-0.12175,0.129356,-0.509743,-0.222938,0.171496,-0.307199,-0.047208,-0.374111,-0.476758,-0.004783,-0.035342,-0.039719,-0.16044,0.413719,0.130416,-0.047208,-0.233188,0.042667,-0.219176,-0.642083,0.463805,-0.218096,-0.565072,0.437195,-0.216001,-0.345453,-0.771331,0.060675,0.336921,-0.745447,-0.204018,-0.530355,-0.17154,-0.053125,0.098619,0.023126,-0.291477,-0.345453,0.28625,0.0,0.520231,0.592265,-0.525465,-0.094054,0.205231,0.0,-0.745447,-0.126186,0.309122,-0.19188,0.125339,-0.475124,-0.170947,0.065308,-0.589098,0.205231,0.462226,-0.145857,-0.215428,-0.634155,-0.035342,-0.03028,-0.375428,-0.401383,-0.507683,-0.219176,0.225482,0.442586,0.339923,-0.412579,-0.530355,-0.251165,-0.512226,-0.406772,-0.476758,-0.31046,0.0,0.401211,-0.312207,0.023126,-0.404983,-0.634441,-0.219176,0.023126,-0.287962,-0.318907,0.771896,0.364765,-0.5994,-0.642083,-0.125301,-0.011349,-0.104341,0.208453,0.458,0.363849,-0.512226,-0.699488,0.0,0.0,-0.456382,-0.090726,-0.274238,-0.287962,0.294934,-0.39321,-0.241112,-0.574499,0.313418,-0.460614,0.98372,0.156308,-0.656286,-0.445102,0.313418,-0.43294,0.009558,-0.218096,-0.62249,0.379146,-0.412579,0.011796,0.016622,0.346686,-0.542092,-0.318063,0.533627,0.034675,-0.543395,0.348215,#
10,0.835241,-0.267211,-0.69446,0.069069,0.394248,0.067812,0.383934,-0.290754,0.273893,-0.146166,1.0,0.827314,-0.403107,0.223471,0.428726,-0.195872,0.237426,-0.829836,0.373348,0.638448,0.030118,0.313963,0.259649,-0.031125,-0.225665,0.360784,-0.010591,0.046545,0.501812,-0.021965,-0.282572,0.337241,0.458029,-0.019659,0.341755,-0.497868,-0.16914,-0.212437,0.173426,0.0,-0.178877,0.513928,-0.357097,-0.051444,0.45548,0.441435,-0.105842,0.509486,-0.615611,-0.250071,-0.250071,0.050852,0.049251,-0.214731,0.742097,-0.019999,-0.403955,0.468623,-0.353894,-0.010797,-0.295691,0.146562,0.004188,0.197687,-0.878071,-0.454408,0.0,0.532231,-0.447024,-0.266446,0.513928,0.451432,0.637347,-0.406402,-0.348974,0.500162,-0.010822,0.050282,-0.392442,0.014554,-0.228554,0.171061,-0.031125,-0.241575,-0.184663,-0.010822,-0.021469,-0.375798,0.042219,-0.175846,-0.813227,-0.261113,0.061155,-0.310081,0.18832,-0.365539,0.431267,-0.617644,-0.312369,0.495522,0.538606,0.232543,-0.18701,-0.651359,-0.057458,-0.331999,-0.18701,0.009939,0.162911,0.0,-0.348974,0.421967,-0.244509,0.200964,0.050282,0.0,0.042219,-0.170733,0.586911,-0.34741,-0.365539,0.223626,-0.010822,0.836869,-0.101246,0.050282,-0.433682,0.364843,-0.555982,-0.18701,-0.228554,-0.652032,-0.228554,0.092685,-0.228554,0.042219,-0.331999,-0.244373,0.537691,-0.51017,0.639393,0.34673,0.223626,0.202393,-0.392442,-0.465041,0.0,-0.026458,-0.622497,-0.331999,0.168419,-0.392442,0.042219,-0.331999,0.073819,0.173693,0.156142,0.063026,-0.392442,-0.175846,-0.039159,-0.175846,0.27217,-0.507886,-0.279205,0.019506,0.223626,-0.194953,0.0,0.0,0.430504,-0.230896,0.43322,0.073819,0.215584,-0.244509,0.435498,0.170008,0.418611,-0.147965,-0.204276,0.016512,-0.151022,-0.208556,-0.393396,-0.528439,-0.220768,-0.261113,0.321378,0.524908,-0.51017,0.653721,0.214541,0.019506,0.194952,-0.028432,-0.360415,-0.22656,-0.14529,-0.652032,#
11,0.679022,0.311982,-0.404383,-0.080365,0.465839,-0.017202,0.23448,-0.231662,0.008459,-0.281838,0.827314,1.0,-0.017202,0.186288,0.266425,-0.001922,0.369931,-0.602819,0.213871,0.346314,-0.203066,0.348155,0.149045,0.067112,-0.03354,0.124817,-0.168785,-0.126104,0.423176,0.076383,-0.350727,0.295783,0.314596,0.141121,0.640052,-0.406517,-0.268651,-0.31606,0.305072,0.0,-0.523787,0.435334,-0.239932,-0.147926,0.057429,0.688253,-0.218837,0.421942,-0.32746,0.046545,0.046545,-0.050655,-0.123358,-0.020571,0.6821,-0.189397,-0.168504,0.322902,-0.412929,-0.108774,-0.381838,-0.048628,0.165261,0.416283,-0.725131,-0.537794,0.0,0.526579,-0.470303,-0.387475,0.435334,0.368601,0.351177,-0.170971,-0.19302,0.370029,-0.148251,-0.015054,-0.156601,-0.202969,-0.335627,-0.110551,0.067112,-0.352189,-0.361304,-0.148251,-0.162712,-0.139711,0.141484,-0.049277,-0.664012,-0.287897,0.303583,-0.425318,0.017161,-0.209829,0.598208,-0.325413,-0.075431,0.601449,0.453418,-0.039765,0.007524,-0.359911,-0.13118,-0.271082,0.007524,0.171169,-0.127247,0.0,-0.19302,0.194989,0.052919,0.332152,-0.015054,0.0,0.141484,0.024041,0.516725,-0.112875,-0.209829,0.356067,-0.148251,0.642425,-0.263255,-0.015054,-0.663642,0.319906,-0.670404,0.007524,-0.335627,-0.532394,-0.335627,0.480065,-0.335627,0.141484,-0.271082,-0.53209,0.551168,-0.587185,0.373065,0.203939,0.356067,0.079117,-0.156601,-0.58074,0.0,-0.126106,-0.434257,-0.271082,0.06383,-0.156601,0.141484,-0.271082,0.387007,0.373363,0.059177,-0.064057,-0.156601,-0.049277,-0.189275,-0.049277,0.080305,-0.121423,-0.310196,-0.149483,0.356067,-0.000657,0.0,0.0,0.684789,-0.078443,0.537709,0.387007,0.011404,0.052919,0.540537,0.374344,0.245881,0.151035,-0.34394,0.18642,-0.016419,-0.352327,-0.144406,-0.142278,-0.360674,-0.287897,0.516199,0.639121,-0.587185,0.800428,0.072177,-0.149483,-0.004037,0.13143,-0.17803,0.071132,0.139063,-0.532394,#
12,-0.410682,0.717643,0.1514,0.13454,0.24208,0.413971,-0.350145,0.81628,-0.646713,0.220859,-0.403107,-0.017202,1.0,-0.095952,0.087127,0.480125,0.288812,0.535114,-0.222148,-0.729002,-0.086731,-0.050784,0.290821,0.169456,-0.045619,-0.076538,-0.402369,-0.441572,-0.126114,0.193143,-0.098585,-0.086883,0.139658,0.414826,0.174573,0.194108,-0.301446,-0.345779,-0.311306,0.0,-0.295042,-0.253566,0.330284,-0.249652,-0.423283,0.101169,0.532063,-0.221774,0.729804,0.210925,0.210925,-0.245024,0.107341,0.035441,-0.130437,-0.346344,0.574127,-0.326084,-0.170399,0.407882,-0.243812,-0.570142,-0.092422,0.351818,0.243449,-0.205665,0.0,-0.114354,-0.219948,-0.275765,-0.253566,-0.16159,-0.73662,0.536391,0.397971,-0.322767,-0.343662,-0.19096,0.105291,-0.027864,-0.272384,-0.760264,-0.338913,0.231345,0.059725,-0.343662,0.067376,0.126005,0.267535,0.308261,0.395315,-0.046902,0.132157,-0.354182,-0.462446,0.377357,-0.069966,0.229107,0.674454,-0.320074,-0.215046,-0.188001,0.036011,0.710431,-0.233813,0.145248,0.036011,-0.089902,-0.252769,0.0,0.456379,-0.081928,0.183037,0.311324,-0.119086,0.0,0.244031,-0.001126,-0.193313,0.098365,0.435764,-0.147429,-0.343662,-0.010912,-0.465527,-0.119086,-0.076071,-0.199868,-0.28185,-0.021382,-0.272384,0.264131,-0.293479,0.35004,-0.293479,0.267535,0.145248,-0.221744,-0.101175,-0.227349,-0.694299,-0.425179,-0.188856,-0.325154,0.105291,-0.280132,0.0,0.170425,-0.067782,0.145248,-0.321382,0.066167,0.267535,0.145248,0.47463,0.013083,0.194771,0.130078,0.105291,0.308261,-0.394303,0.370401,0.073264,0.343866,0.715068,-0.336632,-0.188856,0.026867,0.0,0.0,0.124909,0.404564,-0.465047,0.47463,-0.022886,0.183037,-0.428896,0.02444,-0.418821,0.235049,0.230539,0.403153,0.334142,-0.311993,0.591668,0.318289,0.189493,-0.046902,0.095026,0.293677,-0.227349,-0.170942,-0.368349,0.104119,-0.446839,0.356445,0.465611,0.205373,0.141173,0.327523,#
13,-0.083036,0.041434,-0.461332,-0.103361,0.296134,-0.199349,-0.059039,-0.074588,0.137131,0.045042,0.223471,0.186288,-0.095952,1.0,-0.083025,-0.102083,-0.448362,-0.421685,0.790337,0.339264,0.467135,0.462434,0.578705,-0.751725,-0.582104,0.081442,0.317345,0.301981,0.277103,-0.751545,0.602697,0.523732,0.374077,0.149865,-0.33231,-0.75153,-0.30372,-0.346534,-0.513123,0.0,-0.202299,-0.108117,0.455595,-0.320085,-0.31581,0.036683,-0.289589,0.418315,-0.229173,-0.323856,0.137635,0.246962,-0.105018,0.245282,0.547724,0.163746,-0.469752,0.354866,-0.272245,0.257381,-0.186873,-0.32688,0.15502,0.569394,0.120357,-0.250229,0.0,0.296227,-0.249954,0.460483,-0.108117,0.519522,0.339429,-0.470325,-0.288342,0.579681,0.310136,0.194942,-0.035327,0.505149,0.469197,0.305163,0.337422,0.042141,0.194697,0.310136,-0.565025,-0.017055,-0.158562,-0.004514,0.115084,0.523986,0.419709,-0.024729,0.143514,-0.306527,0.139836,0.118443,0.470966,0.33908,-0.286411,-0.100276,0.262485,-0.327759,0.185449,0.210711,0.262485,0.105678,-0.133907,0.0,0.175389,0.077593,-0.34637,0.055042,0.765595,0.0,-0.158562,-0.175321,0.32433,0.369539,0.157204,0.470577,0.310136,0.127299,-0.102159,0.765595,0.025803,0.074011,0.209813,-0.193191,0.469197,-0.518217,0.003941,-0.321707,0.469197,0.359815,0.210711,-0.150905,0.466534,0.162205,0.34637,0.337418,-0.022787,0.122933,-0.035327,0.318652,0.0,-0.082639,-0.239185,0.210711,0.023387,-0.069842,0.359815,0.210711,0.472732,0.283013,0.282486,-0.165741,-0.035327,-0.004514,0.350851,0.032031,0.293494,-0.216357,-0.122673,0.779897,0.434032,0.271143,0.0,0.0,0.006,0.060701,-0.188485,0.472732,-0.657294,-0.34637,-0.223526,-0.123172,0.325607,0.127537,0.060832,-0.716354,0.003089,0.502972,-0.47199,-0.23892,-0.409891,0.523986,-0.042071,-0.110055,0.162205,0.02126,-0.47735,-0.048462,0.208561,-0.752595,-0.235545,-0.326665,-0.419528,-0.014913,#
14,0.567398,-0.261352,-0.525654,0.185145,0.201792,0.087127,0.105452,0.334894,-0.246046,-0.187996,0.428726,0.266425,0.087127,-0.083025,1.0,0.416134,0.561717,-0.318249,-0.221234,0.142962,0.318067,0.438648,0.355516,0.385617,-0.475973,0.256112,-0.166653,-0.175421,-0.375409,-0.102173,-0.35224,-0.30656,0.596183,-0.149522,0.287143,-0.122076,-0.362107,-0.236333,0.047968,0.0,0.057109,-0.074195,0.025712,0.144698,0.406666,0.131259,0.622907,-0.072436,-0.220068,-0.058206,-0.058206,0.057335,-0.24608,-0.777996,0.445338,0.269083,-0.214931,0.196244,-0.348191,0.08137,-0.306073,0.412456,-0.157536,-0.276383,-0.442176,-0.403053,0.0,-0.144354,-0.535616,-0.489207,-0.074195,0.227913,0.130036,0.202442,-0.206262,0.296227,-0.609912,0.122022,-0.611107,0.309629,-0.465802,-0.363531,-0.609523,-0.04241,0.059918,-0.609912,0.620474,-0.699802,-0.033746,0.578711,-0.572156,-0.239078,0.181674,-0.552476,-0.354151,-0.11799,0.240788,-0.564368,-0.216409,-0.033746,0.124354,0.578453,-0.75,-0.049205,-0.354554,0.284721,-0.340401,-0.518157,0.541131,0.0,-0.189589,0.210227,-0.049205,0.111816,-0.37041,0.0,0.449361,-0.443523,-0.207096,-0.621127,-0.518157,-0.290503,-0.187329,0.665512,-0.042447,-0.37041,-0.161506,0.200755,-0.462259,-0.356785,-0.465802,-0.363739,-0.483869,0.110083,-0.032201,-0.033746,-0.406349,-0.363531,-0.16908,-0.340977,0.144852,0.195254,-0.290503,0.114038,-0.611107,-0.362982,0.0,0.378687,-0.406349,0.284721,-0.060616,-0.192271,-0.033746,0.284721,-1e-06,0.04433,0.197982,0.531542,-0.192271,0.578711,-0.468723,-0.290503,0.386753,-0.469969,0.40326,-0.26532,-0.290503,0.037505,0.0,0.0,0.153347,0.090574,-0.159176,-1e-06,0.351715,-0.500873,-0.126958,0.013632,0.150533,-0.066612,-0.137913,0.176197,0.578326,-0.033104,0.104986,-0.360448,0.37179,-0.239078,0.09978,0.344248,-0.340977,0.040079,0.314237,0.522434,0.040282,0.218847,-0.152068,-0.144852,-0.139554,-0.345642,#
15,-0.02373,0.33091,0.224956,-0.392606,-0.332387,0.004942,-0.031099,0.380595,-0.037582,-0.29239,-0.195872,-0.001922,0.480125,-0.102083,0.416134,1.0,0.634472,0.351432,-0.305962,-0.190184,0.036796,0.391782,0.23766,0.443618,0.161878,0.436988,-0.345121,0.074887,-0.432987,-0.018239,-0.329427,-0.317458,-0.016053,0.435669,0.067007,-0.037085,-0.41467,0.295934,0.14812,0.0,-0.31159,-0.124504,0.647616,0.530206,-0.037085,-0.08242,0.429982,-0.342912,0.151669,0.678549,0.678549,-0.555048,-0.36747,-0.162475,-0.170633,0.28756,0.440134,-0.399332,-0.362298,0.092605,-0.429803,0.155618,0.424619,-0.062202,0.074596,-0.316378,0.0,-0.19456,-0.569155,-0.154394,-0.124504,0.319315,-0.196469,0.383721,-0.434873,-0.078904,-0.329872,-0.480976,0.041895,0.476733,-0.142177,-0.652422,0.031407,0.258971,0.267971,-0.329872,0.399339,-0.411577,0.046525,0.650672,0.019233,-0.270474,-0.001663,-0.223097,-0.547473,0.016437,0.041095,-0.231715,0.04545,0.046525,-0.52805,0.247829,-0.134319,0.65474,0.045803,0.321918,0.25349,-0.362441,0.195732,0.0,0.00715,-0.450855,0.65474,0.207884,-0.422696,0.0,0.503931,-0.624326,-0.552324,-0.003502,0.063796,0.281174,0.07023,0.049238,-0.258034,-0.422696,0.031654,0.170068,-0.049464,-0.180855,-0.142177,-0.241585,-0.159283,0.498565,0.268356,0.046525,-0.332387,-0.652422,-0.247666,0.05853,-0.162704,-0.009933,-0.172301,-0.55325,0.041895,0.045272,0.0,0.461948,-0.227698,0.321918,0.241733,0.01017,0.046525,0.321918,0.037244,0.622191,-0.031586,0.406622,0.438449,0.650672,-0.360935,0.281174,0.258078,-0.058991,0.334444,-0.357902,-0.172301,0.633506,0.0,0.0,-0.002227,0.222655,-0.072647,0.037244,-0.249495,0.227101,-0.041733,0.617589,-0.436415,-0.21554,-0.209343,-0.040915,0.662324,0.256339,-0.048299,0.500962,0.639344,-0.270474,-0.07016,-0.006547,0.05853,-0.222228,-0.2871,0.387943,0.235859,0.334715,0.354079,0.165723,0.567016,0.238159,#
16,0.527391,0.182403,-0.031466,0.10602,-0.217869,0.288812,0.01539,0.215129,-0.222169,-0.527228,0.237426,0.369931,0.288812,-0.448362,0.561717,0.634472,1.0,-0.023395,-0.318063,0.077633,-0.03295,0.352873,-0.034683,0.728069,0.129749,0.341136,-0.336505,0.107108,-0.191873,0.221466,-0.619677,-0.483188,0.107131,0.359887,0.411797,0.179691,-0.495466,0.27472,0.468514,0.0,-0.420969,0.131797,0.138535,0.321067,0.199947,0.45997,0.374438,-0.397754,-0.170151,0.421652,0.421652,-0.300182,-0.359735,-0.197514,0.071327,0.234789,0.541459,0.097135,-0.547018,-0.164001,-0.593575,0.193782,0.334444,-0.318681,-0.368423,-0.578613,0.0,-0.181292,-0.603002,-0.506299,0.131797,-0.129884,0.07069,0.534884,-0.11752,0.060098,-0.299384,-0.184593,0.113363,-0.032934,-0.462384,-0.427642,-0.326804,-0.013035,-0.162812,-0.299384,0.547744,-0.38217,0.268752,0.539469,-0.533668,-0.461011,0.104546,-0.548383,-0.162812,0.375652,0.401585,-0.550424,-0.309159,0.268752,0.312357,0.557808,-0.16865,0.429304,-0.179002,-0.217869,-0.16865,-0.040217,0.031926,0.0,-0.533388,-0.120057,0.429304,0.527505,-0.696347,0.0,0.770816,-0.24461,-0.255563,-0.276939,-0.040217,0.097025,-0.299384,0.423518,0.01781,-0.696347,-0.533371,-0.048491,-0.379699,0.239994,-0.462384,0.023471,-0.011769,0.466026,-0.011769,0.268752,-0.217869,-0.427642,-0.287139,-0.176526,0.107193,0.087289,0.097025,-0.154343,0.113363,-0.282491,0.0,0.069142,-0.239932,-0.217869,0.441061,0.113363,0.268752,-0.217869,0.026163,0.241544,-0.277559,0.136983,0.113363,0.539469,-0.35548,0.097025,0.227817,-0.283364,0.219433,-0.788647,0.097025,0.230932,0.0,0.0,0.534515,0.01742,0.158009,0.026163,0.174905,0.429304,0.194567,0.630639,-0.368754,-0.028064,-0.536454,0.319349,0.572989,-0.054258,0.057256,0.328527,0.392901,-0.461011,0.344837,0.212777,-0.176526,0.04645,-0.09271,0.046391,0.201998,0.738988,-0.151713,-0.105073,0.506393,-0.427886,#
17,-0.767324,0.337687,0.797534,-0.314311,-0.403962,0.026599,-0.3051,0.39837,-0.175209,0.362243,-0.829836,-0.602819,0.535114,-0.421685,-0.318249,0.351432,-0.023395,1.0,-0.539502,-0.793366,-0.148606,-0.269639,-0.058371,0.302972,0.383848,-0.112578,-0.2057,-0.338574,-0.348919,0.423662,-0.228429,-0.154981,-0.262499,0.313783,-0.262767,0.325558,0.202976,0.221241,-0.020587,0.0,0.07285,-0.517156,0.250522,0.075164,-0.111267,-0.355587,0.217457,-0.33118,0.790002,0.32753,0.32753,-0.43624,0.180526,0.077583,-0.623961,0.022495,0.557111,-0.750206,0.380878,0.223409,0.328728,-0.070908,-0.21741,-0.046349,0.486659,0.48069,0.0,-0.305538,0.316877,0.039033,-0.517156,-0.29628,-0.793153,0.519225,0.180597,-0.530572,-0.181148,-0.457407,0.132496,-0.115276,0.0,-0.325623,-0.060594,0.433,0.064545,-0.181148,0.106566,0.132496,-0.095748,0.002033,0.742126,-0.289584,-0.31939,0.453016,-0.371132,0.180597,-0.652447,0.33401,0.213877,-0.605634,-0.516046,-0.440034,0.049764,0.766177,0.190907,0.296239,0.049764,-0.144286,0.115428,0.0,0.294306,-0.180565,0.308542,0.061056,-0.317481,0.0,-0.213414,-0.06197,-0.413494,0.18316,0.294306,-0.326328,-0.181148,-0.605203,-0.255852,-0.317481,0.332602,-0.40764,0.174761,-0.06197,0.0,0.476019,-0.105608,0.05506,-0.105608,-0.095748,0.296239,0.141667,-0.28747,0.100773,-0.792062,-0.249069,-0.34361,-0.608043,0.132496,0.082636,0.0,0.235057,0.371645,0.296239,-0.134595,0.116174,-0.095748,0.296239,-0.319362,0.024679,0.133489,0.170015,0.132496,0.002033,-0.187994,0.123008,-0.461971,0.574998,0.361588,-0.198262,-0.34361,-0.034745,0.0,0.0,-0.330661,0.151499,-0.148987,-0.319362,-0.08699,0.308542,-0.116225,-0.053332,-0.252932,-0.151798,0.416666,0.171442,-0.030436,-0.127853,0.541363,0.574998,0.313926,-0.289584,-0.532835,-0.122846,0.100773,-0.371762,-0.169153,0.105526,-0.455442,0.188063,0.647475,0.308542,0.221845,0.599432,#
18,0.133454,-0.164042,-0.561593,0.191773,0.278576,0.273718,0.18683,-0.079958,0.334416,0.112554,0.373348,0.213871,-0.222148,0.790337,-0.221234,-0.305962,-0.318063,-0.539502,1.0,0.457715,0.288569,0.303808,0.481967,-0.606313,-0.3966,0.316469,0.135136,0.559775,0.654544,-0.606167,0.478191,0.462591,0.240757,0.315517,-0.465561,-0.606155,-0.16915,-0.181974,-0.417282,0.0,-0.293896,0.278921,0.315041,-0.377723,-0.083752,0.174981,-0.305084,0.276127,-0.348223,-0.51049,-0.050142,0.098439,0.221403,0.384625,0.406159,0.029832,-0.188112,0.565284,-0.251335,0.218446,-0.221837,-0.478484,0.23385,0.407365,-0.074136,-0.259991,0.0,0.278535,-0.17478,0.340979,0.278921,0.293041,0.455144,-0.606726,-0.1252,0.404371,0.571163,0.064871,0.162216,0.297272,0.346292,0.473894,0.356414,0.004867,0.049093,0.571163,-0.63931,0.162216,-0.079553,-0.329496,-0.103693,0.415593,0.137659,-0.096798,0.360013,-0.1252,0.172531,-0.088591,0.252375,0.318211,0.113041,0.099961,0.398213,-0.430713,0.112533,-0.404209,-0.022663,0.204274,-0.355773,0.0,-0.108727,0.304367,-0.537813,0.181194,0.612215,0.0,-0.079553,-0.03885,0.460379,0.189403,0.31959,0.494245,0.136946,0.295689,-0.09877,0.612215,-0.132326,-0.041757,0.12594,-0.03885,0.346292,-0.328983,0.346292,-0.465642,0.346292,0.437539,0.305888,0.10936,0.401899,0.094021,0.456963,0.167856,0.021032,0.112671,0.162216,0.221012,0.0,-0.128901,-0.458831,-0.404209,0.364628,-0.284705,0.437539,-0.404209,0.323877,-0.008663,0.214443,-0.235095,-0.268152,-0.329496,0.40214,0.143717,0.508134,-0.386906,-0.101081,0.614,0.476719,-0.006365,0.0,0.0,0.155604,-0.275472,-0.156085,0.323877,-0.357182,-0.07371,-0.184122,0.015696,0.169655,-0.112409,0.03612,-0.544921,-0.282486,0.404165,-0.617865,-0.386906,-0.415377,0.415593,0.035758,-0.048761,0.094021,0.04932,-0.575033,-0.13188,0.418938,-0.568835,-0.447395,-0.537813,-0.421891,-0.311103,#
19,0.575606,-0.498267,-0.534841,0.083162,-0.218218,-0.20074,0.059487,-0.574419,0.403475,-0.503398,0.638448,0.346314,-0.729002,0.339264,0.142962,-0.190184,0.077633,-0.793366,0.457715,1.0,0.373458,0.22889,-0.042165,-0.327327,-0.21258,0.337856,0.541614,0.593842,0.306392,-0.327248,0.212264,0.207949,0.100298,-0.106154,-0.003954,-0.327242,-0.363501,0.363344,0.072287,0.0,0.097302,0.365079,-0.13533,0.339077,0.229292,0.082579,-0.289375,0.345196,-0.985679,-0.033952,-0.033952,0.339134,-0.335815,0.204396,0.431122,0.350529,-0.352942,0.523529,-0.529958,-0.173024,-0.468606,0.221498,0.365177,-0.059613,-0.380796,-0.50588,0.0,0.372405,-0.437173,0.38841,0.365079,0.29672,0.999732,-0.329671,-0.534242,0.673104,0.533754,0.314419,0.106323,0.355836,0.427867,0.513992,0.218218,-0.039454,0.217917,0.533754,0.097704,-0.360461,0.233686,0.065899,-0.534523,0.202938,0.097563,-0.059756,0.65375,-0.069684,0.394848,-0.527412,-0.338903,0.763373,0.330229,0.522949,0.233316,-0.494983,0.338384,-0.218218,0.233316,0.369066,0.037878,0.0,-0.534242,-0.09754,-0.019576,0.095474,0.314419,0.0,0.233686,-0.223172,0.380199,0.151387,-0.069684,0.532686,0.533754,0.396363,0.553255,0.314419,-0.108971,0.278036,0.265378,0.233316,0.427867,-0.428571,0.427867,-0.148715,0.427867,0.233686,-0.218218,0.028555,0.289627,0.326621,0.998356,0.570881,0.532686,0.44198,0.106323,0.361054,0.0,-0.402354,-0.218218,-0.218218,0.439627,0.106323,0.233686,-0.218218,0.0,0.243554,-0.402354,-0.384116,0.106323,0.065899,0.584521,0.065899,0.270666,-0.762116,-0.505304,0.100766,0.532686,0.22402,0.0,0.0,0.091374,-0.014358,0.26944,0.0,-0.200574,-0.019576,0.234615,0.206188,0.11386,-0.035772,-0.502577,-0.533396,0.072342,0.435548,-0.815,-0.185726,-0.040083,0.202938,0.327205,-0.317531,0.326621,0.050522,-0.032174,-0.331088,0.641568,-0.088596,-0.592817,-0.522949,0.048506,-0.428571,#
20,-0.117343,-0.368096,-0.429863,0.226165,-0.271904,-0.086731,-0.593359,0.188947,-0.216545,-0.037729,0.030118,-0.203066,-0.086731,0.467135,0.318067,0.036796,-0.03295,-0.148606,0.288569,0.373458,1.0,0.356012,0.509122,-0.407856,-0.807664,0.164871,0.686388,0.194824,-0.086731,-0.407759,0.316345,0.218531,0.65478,0.165777,-0.434559,-0.40775,-0.661488,0.057665,-0.533495,0.0,0.286857,-0.589271,0.257897,-0.056354,0.102142,-0.155659,0.254728,0.227712,-0.338789,-0.304986,0.127054,0.462403,-0.255732,0.018632,0.486917,0.649154,-0.176036,0.266694,-0.530514,0.447036,-0.394083,-0.024901,-0.229594,0.067724,0.066158,-0.406366,0.0,0.070968,-0.455594,0.517858,-0.589271,0.040201,0.36093,0.28344,-0.263698,0.783001,0.259469,0.394101,-0.132671,0.592003,0.535181,0.329641,-0.407856,0.54985,0.417158,0.259469,0.271741,-0.594548,0.147302,0.382988,0.150183,0.255965,0.258939,0.059024,0.417158,0.195977,-0.191707,-0.380465,0.258939,0.147302,-0.063968,0.374893,0.031414,0.125238,0.423996,0.394528,0.031414,0.195977,0.347252,0.0,-0.263698,0.133793,-0.310327,0.435986,0.394101,0.0,0.147302,-0.420276,0.186359,0.258972,0.195977,-0.044679,0.259469,0.226687,0.414692,0.394101,0.137924,-0.403499,0.392846,0.031414,0.535181,-0.097727,0.099616,-0.604722,0.535181,0.632597,0.394528,0.329641,0.129403,0.409324,0.374893,0.713295,-0.044679,0.244668,-0.132671,0.489977,0.0,-0.286864,-0.015994,0.394528,0.11092,0.271234,0.632597,0.394528,0.02529,0.04134,0.048257,-0.241531,-0.132671,0.382988,0.514113,-0.044679,0.069435,-0.630416,0.27295,0.21946,0.382988,0.022854,0.0,0.0,-0.152957,0.379373,-0.40549,0.02529,-0.408482,-0.310327,-0.407623,-0.386924,0.239602,0.102658,0.050622,-0.672142,0.34682,0.52446,-0.199631,-0.060084,0.084521,0.255965,-0.206485,-0.404804,0.409324,-0.535317,-0.377319,-0.176201,0.016356,-0.224033,-0.338916,-0.808409,-0.440438,-0.097727,#
