0,1.0,0.525459,-0.111697,-0.384685,0.525459,-0.326944,-0.068396,0.630274,0.031455,-0.166513,-0.166513,0.011026,-0.184218,0.33439,0.533391,-0.166513,1.0,0.115017,-0.129348,-0.61143,0.070926,0.066127,-0.092577,0.253812,-0.499243,-0.040785,-0.167354,0.082814,0.297231,0.136591,-0.407775,-0.143511,0.39867,-0.166513,-0.11863,0.424184,-0.163523,-0.61111,-0.049155,0.541177,-0.499011,-0.526342,-0.497201,0.605148,-0.249704,0.155227,-0.257561,-0.673488,0.221468,0.674835,0.23309,-0.435941,0.108149,-0.005468,0.23322,-0.359457,-0.29103,0.23309,0.221296,0.240685,0.147162,0.085657,-0.312814,0.225987,0.228041,0.257905,0.254418,0.389646,0.447525,-0.711938,-0.761942,0.022245,-0.166513,0.157047,-0.011286,0.31618,-0.005486,-0.387943,-0.499538,-0.407657,-0.611447,-0.065358,-0.407871,-0.326852,-0.499268,-0.407657,-0.499143,-0.387943,-0.327025,-0.499268,-0.499268,-0.997507,-0.170175,-0.387943,-0.499538,-0.499268,-0.392036,-0.499268,-0.387943,-0.234245,0.309808,-0.499268,-0.499268,-0.407657,-0.407871,-0.249769,-0.611447,-0.17435,-0.499268,0.031031,-0.575413,0.0,-0.611807,0.037706,-0.997507,0.192318,-0.327025,-0.76219,-0.611242,0.24794,-0.499268,-0.067973,-0.611242,-0.166513,0.03736,-0.997507,-0.249642,-0.186908,-0.749808,-0.76219,-0.611447,-0.326852,-0.005486,-0.092635,0.157047,-0.327025,0.634029,-0.611447,-0.678064,-0.387943,-0.407871,-0.29916,-0.497848,0.03736,-0.113339,-0.678064,-0.166513,0.105592,-0.686419,-0.326858,-0.182386,0.041158,-0.997507,-0.327025,-0.611242,-0.499268,0.281456,0.420528,-0.76219,0.153906,-0.387943,-0.249769,-0.407657,-0.686419,-0.387943,0.318758,-0.499268,-0.731728,-0.166513,-0.166513,0.35643,0.104334,-0.611447,-0.76219,0.536876,-0.686419,-0.762528,-0.146095,0.242231,-0.406513,0.245541,0.328851,0.763207,0.409656,0.501157,-0.276651,-0.060685,-0.108503,0.602707,0.612843,-0.392036,0.500848,0.439855,0.081256,-0.381119,0.99999,0.242231,-0.762528,-0.949269,0.99999,#
1,0.525459,1.0,0.033586,0.016912,0.250105,-0.237057,-0.021709,0.41835,-0.205635,0.338217,-0.333053,-0.553668,0.203132,0.603827,0.606818,-0.333053,0.525459,0.439387,0.388172,-0.827949,0.547787,-0.150016,0.034845,0.213845,-0.611527,-0.078389,-0.015528,0.629714,0.530075,0.405912,-0.400658,-0.40604,0.003873,-0.333053,0.093688,0.023987,-0.296612,-0.438043,0.179313,-0.142055,-0.620678,-0.179712,-0.189573,0.804407,-0.49945,-0.031615,0.041188,-0.588564,0.017006,0.526673,0.380409,-0.015462,0.113324,0.130799,0.481151,-0.488579,-0.471982,0.380409,-0.503773,-0.290173,-0.344734,0.406467,-0.591217,0.366426,-0.271796,0.304879,-0.20256,0.601056,-0.015233,-0.440489,-0.699776,0.170385,-0.333053,-0.554515,-0.193368,0.645273,-0.223568,-0.555105,-0.611888,-0.426058,-0.831806,-0.224097,-0.420554,0.216555,-0.194791,-0.036734,-0.203979,-0.555105,-0.231556,-0.194791,-0.194791,-0.518016,-0.435277,-0.555105,-0.611888,-0.194791,-0.037538,-0.616059,-0.023186,-0.653157,0.037629,-0.99862,-0.616059,-0.426058,-0.420554,-0.49958,-0.440617,-0.004586,-0.99862,0.008183,-0.495414,0.0,-0.433202,-0.426761,-0.518016,0.188818,-0.654103,-0.652328,-0.408804,-0.265032,-0.616059,0.093013,-0.408804,-0.333053,0.125092,-0.518016,-0.499325,-0.253315,-0.367673,-0.652328,-0.401038,-0.653758,-0.223568,-0.070453,-0.554515,-0.231556,0.364035,-0.401038,-0.215063,-0.023186,-0.815811,0.185899,-0.637386,0.125092,0.388373,-0.215063,0.338217,0.428086,-0.379063,-0.206258,-0.598437,-0.421505,-0.518016,-0.231556,-0.408804,-0.233497,0.47233,0.43908,-0.652328,0.204303,-0.555105,-0.015491,-0.036734,-0.379063,-0.555105,0.215663,-0.616059,-0.606872,0.338217,0.338217,0.533921,0.135587,-0.401038,-0.652328,0.663648,-0.379063,-0.687712,0.339431,0.477369,-0.398363,0.204407,0.231677,0.244425,0.024269,0.609968,-0.030427,-0.005995,-0.034636,0.305345,0.821368,-0.037538,0.995948,0.062052,0.418167,-0.458678,0.525631,-0.001316,-0.687712,-0.641956,0.525631,#
2,-0.111697,0.033586,1.0,0.633491,0.049049,-0.335464,-0.643558,-0.557142,-0.797079,0.284823,0.311442,0.382886,-0.494749,0.059836,-0.377954,0.231585,-0.111697,-0.311876,-0.104004,-0.273684,-0.475809,-0.501271,0.598622,-0.387042,-0.40703,0.175639,0.182363,0.056577,0.142061,0.229262,0.220309,0.551203,-0.610906,0.231585,0.330354,-0.150779,0.310726,0.173999,-0.006478,-0.040869,-0.391664,0.022993,0.407368,0.188719,-0.141506,-0.576805,-0.197636,-0.247524,0.005579,-0.071868,-0.233827,0.613963,0.566018,-0.499813,0.05262,-0.317047,-0.513996,0.390545,-0.451611,-0.298338,0.403315,-0.156166,0.038981,-0.224185,-0.178527,-0.279123,-0.38726,0.171251,-0.019112,0.481729,-0.091779,-0.082381,0.231585,-0.456331,0.032368,-0.055716,-0.397348,-0.426314,-0.023957,0.191067,-0.285554,-0.061338,-0.21517,0.524923,0.396471,-0.14611,-0.417404,-0.426314,0.088874,0.380694,-0.029513,0.085047,0.131707,-0.426314,-0.023957,0.017819,-0.370871,-0.416517,0.122106,-0.094319,0.088632,-0.037865,-0.416517,-0.611736,-0.166268,-0.131764,0.133904,0.55069,-0.037865,0.678738,-0.07134,0.0,0.149967,0.193387,0.085047,-0.363699,0.036595,-0.109056,0.126653,-0.129829,-0.037865,-0.344399,0.142625,0.231585,-0.47642,0.085047,-0.610595,-0.516681,0.386891,-0.109056,0.578035,0.020499,-0.445806,-0.316953,-0.456331,0.088874,0.284823,0.158578,0.26318,0.122106,0.22495,0.301219,-0.026718,-0.47642,-0.232287,0.281831,0.284823,-0.128352,-0.26488,0.064181,-0.642479,-0.319069,0.085047,0.036595,-0.288632,-0.432294,-0.619746,0.204658,-0.109056,0.05141,-0.426314,-0.610906,-0.14611,-0.26488,-0.426314,-0.497876,-0.416517,-0.128195,0.284823,0.284823,0.410232,-0.17427,0.578035,-0.109056,0.354827,-0.26488,-0.120883,0.255916,-0.361144,0.493749,0.09974,-0.569035,-0.385747,0.107003,-0.001993,-0.370035,-0.622506,-0.228684,0.38986,0.233666,-0.370871,-0.017449,0.095118,0.645389,0.228812,-0.109653,0.586443,-0.120883,-0.014008,-0.109653,#
3,-0.384685,0.016912,0.633491,1.0,0.073538,-0.231187,-0.412804,-0.626852,-0.510844,0.214453,0.214453,-0.028967,-0.296109,-0.291387,-0.006999,0.116974,-0.384685,-0.117285,0.141024,0.031817,-0.038427,-0.617449,0.143168,-0.294147,-0.038968,-0.184088,0.120848,0.305222,0.398133,-0.105276,0.385346,0.067307,-0.994282,0.116974,-0.066269,-0.432373,0.198903,0.571113,0.46442,-0.048125,-0.0247,0.324918,0.022308,-0.149624,-0.421237,-0.425364,-0.060509,-0.190828,0.353142,-0.3241,-0.14811,0.99103,0.392541,-0.287217,-0.305398,-0.257932,-0.398449,-0.211623,-0.334641,-0.252904,-0.128696,0.397967,-0.283701,-0.143162,-0.399554,-0.178259,-0.252744,0.40013,0.224515,0.592299,0.167009,-0.063912,0.116974,-0.316111,0.069859,-0.280769,0.003943,-0.296669,0.448402,-0.172472,0.02757,0.425101,0.326323,0.337549,0.469684,-0.113675,-0.034482,-0.296669,0.293548,0.488942,0.450425,0.33542,0.565673,-0.296669,0.448402,0.508201,-0.212522,-0.042369,0.398515,-0.303305,0.319757,-0.042369,-0.042369,-0.172472,0.386016,0.224201,0.02757,0.607308,-0.042369,0.44533,-0.209497,0.0,0.569076,0.362875,0.33542,-0.238543,0.272276,0.175282,0.07386,-0.397525,-0.080886,0.051487,0.054363,0.116974,-0.361198,0.33542,-0.378581,-0.351654,0.618811,0.175282,0.629943,-0.300262,-0.055206,0.037308,-0.316111,0.293548,0.18196,0.590558,0.546387,0.398515,0.386016,0.142443,0.000463,-0.361198,0.122955,0.569153,0.214453,-0.103102,-0.167331,-0.225284,-0.422397,-0.236406,0.33542,0.229733,0.034866,-0.061628,-0.256374,0.167193,0.175282,0.268166,-0.296669,0.224201,-0.113675,-0.167331,-0.296669,-0.313257,-0.042369,0.157066,0.214453,0.214453,0.223879,-0.108828,0.629943,0.175282,-0.052392,-0.167331,0.147558,0.114384,-0.202721,0.32903,-0.192072,-0.390298,-0.252299,-0.457402,-0.479334,-0.367843,-0.375068,0.116478,0.007103,-0.11033,-0.212522,-0.037427,-0.502441,0.381341,-0.11733,-0.382236,-0.250916,0.147558,0.263608,-0.382236,#
4,0.525459,0.250105,0.049049,0.073538,1.0,-0.237057,-0.021709,0.038529,0.175396,0.338217,0.312399,-0.173109,0.203132,-0.007876,0.228993,-0.333053,0.525459,0.420353,-0.030189,-0.448128,0.159653,-0.262159,0.034845,-0.203039,-0.239371,-0.487732,-0.000654,-0.291257,0.530075,0.029789,-0.017004,-0.468518,0.003873,-0.333053,-0.326436,0.023987,0.158744,-0.422038,-0.228491,0.238504,-0.211799,-0.139016,-0.250275,0.362991,-0.49945,-0.520502,0.158645,-0.482383,0.132956,0.526673,0.380409,-0.034319,0.639096,-0.42032,-0.470753,-0.5975,-0.529531,-0.250409,-0.014989,-0.290173,0.338294,-0.001026,-0.076013,0.366426,0.120767,0.430447,0.214087,0.234047,0.214183,-0.315747,-0.665433,0.296335,-0.333053,-0.066183,0.580105,0.244144,0.168091,-0.555105,-0.224617,-0.815382,-0.440617,-0.224097,-0.420554,-0.197648,-0.194791,-0.426058,-0.203979,-0.555105,-0.231556,-0.194791,-0.194791,-0.518016,-0.033119,-0.555105,-0.224617,0.18777,-0.037538,-0.233497,-0.023186,0.182963,0.037629,-0.233497,-0.233497,-0.426058,-0.025296,-0.015491,-0.831806,-0.004586,-0.233497,0.407932,-0.211834,0.0,-0.433202,-0.020459,-0.518016,-0.249933,-0.231556,-0.237237,-0.408804,-0.265032,-0.616059,0.093013,-0.408804,-0.333053,-0.502458,-0.518016,-0.029307,-0.218972,-0.392597,-0.237237,-0.009849,-0.653758,-0.223568,-0.407322,-0.066183,-0.231556,0.364035,-0.009849,-0.390932,-0.023186,-0.025296,-0.655049,0.143724,-0.502458,-0.006315,-0.240187,0.338217,0.187137,-0.379063,-0.206258,-0.168016,-0.421505,-0.518016,-0.654103,-0.408804,-0.616059,0.47233,0.824624,-0.237237,-0.234448,-0.555105,-0.015491,-0.426058,-0.379063,-0.555105,0.242301,-0.233497,-0.201673,0.338217,0.338217,0.02348,0.26621,-0.009849,-0.237237,0.259477,-0.379063,-0.687712,-0.31679,0.507287,0.080981,0.638556,-0.198749,0.67324,0.024269,0.2233,-0.284927,0.404967,-0.034636,0.305345,0.422887,-0.037538,0.213355,-0.348888,0.008701,-0.024227,0.525631,0.028602,-0.687712,-0.641956,0.525631,#
5,-0.326944,-0.237057,-0.335464,-0.231187,-0.237057,1.0,0.534622,0.345005,0.651266,-0.218164,0.499481,0.227336,0.423342,0.215768,-0.233769,-0.218164,-0.326944,0.401593,-0.414099,0.551629,-0.195491,0.603196,0.095102,0.035153,0.671318,-0.011833,0.557365,0.090451,-0.253138,-0.533947,-0.534265,0.054461,0.232517,-0.218164,-0.132972,-0.326919,-0.476378,0.089122,-0.216833,-0.653439,0.675063,0.467676,0.176018,-0.522198,0.243877,-0.120672,0.066516,0.475536,-0.036957,-0.047363,0.20828,-0.216365,0.167639,-0.249306,-0.20565,0.223994,0.268401,0.20828,0.389837,0.217791,-0.488418,-0.105918,-0.133602,0.199227,-0.004127,0.24125,-0.428351,-0.766217,-0.17386,0.149124,0.452714,0.193139,-0.218164,0.382748,-0.223596,0.447851,0.216811,0.359397,0.206682,-0.057444,0.547721,-0.213035,-0.094925,-0.428239,0.196562,0.808295,0.229267,0.359397,0.511152,-0.654138,-0.228788,0.335454,0.094688,0.359397,0.206682,0.196562,0.346928,0.664947,-0.232016,-0.02078,-0.242522,0.239597,0.664947,0.375425,0.344541,-0.327246,0.547721,-0.798752,0.239597,-0.088055,0.013242,0.0,0.077346,-0.533168,0.335454,0.060375,-0.428465,0.432633,-0.326661,0.479897,0.664947,-0.310464,0.534572,-0.218164,-0.367011,0.335454,0.248383,0.452714,0.264698,0.432633,-0.366171,0.078886,-0.218655,-0.342228,0.382748,0.511152,-0.218164,0.068772,0.201127,-0.232016,-0.094925,-0.01254,0.260134,-0.367011,-0.361599,0.368732,-0.218164,0.114303,0.246269,0.069319,0.534189,0.288399,0.335454,0.041343,0.103956,0.239597,0.280476,-0.371838,0.432633,0.060375,0.359397,0.210988,0.808295,0.246269,0.359397,0.443789,0.664947,0.444341,-0.218164,-0.218164,-0.329736,0.132453,-0.366171,0.432633,-0.636765,0.246269,0.444757,-0.215967,0.346745,-0.100071,0.072008,-0.051207,-0.421948,-0.343982,-0.206359,-0.284978,0.533476,0.085996,-0.641344,-0.518368,0.346928,-0.20622,-0.340849,-0.532658,0.411666,-0.327003,-0.18548,0.444757,0.415414,-0.327003,#
6,-0.068396,-0.021709,-0.643558,-0.412804,-0.021709,0.534622,1.0,0.25037,0.821968,-0.408072,0.263099,-0.398509,0.791853,0.045797,0.38056,-0.408072,-0.068396,0.607873,0.04051,0.161647,0.492661,0.411939,-0.257176,0.101126,0.403083,-0.07605,-0.226301,0.169188,0.059265,-0.168334,-0.600391,-0.272341,0.434919,-0.408072,-0.285126,-0.067586,-0.0169,0.150057,-0.012941,-0.398509,0.41235,0.282339,-0.034338,-0.020502,-0.07789,0.282652,0.479428,0.330795,0.208988,-0.088593,0.389584,-0.424315,-0.233156,-0.118109,-0.402938,0.532239,0.641671,-0.26637,0.163697,0.407374,-0.278416,0.225613,0.203414,0.372652,0.455408,0.320683,0.10138,-0.427865,-0.01794,-0.319819,0.346831,0.328783,-0.408072,0.146004,-0.024602,0.371197,0.396916,0.610788,-0.016108,-0.148409,0.169793,-0.398479,-0.177555,-0.370307,-0.427944,0.661266,-0.00407,0.610788,0.077332,-0.427944,-0.427944,0.082045,-0.24107,0.610788,-0.016108,-0.03014,0.587969,0.407913,0.057675,-0.092058,0.083982,0.010109,0.407913,0.256429,0.233452,-0.10873,0.169793,-0.666834,0.010109,-0.580383,0.24298,0.0,0.144674,-0.574788,0.082045,0.075359,-0.362053,-0.097701,-0.249029,-0.046473,0.010109,-0.163339,-0.249029,-0.408072,-0.033933,0.082045,0.415147,0.811081,-0.258545,-0.097701,-0.27814,-0.326729,-0.010349,0.126505,0.146004,0.077332,-0.408072,-0.27814,-0.226768,0.057675,-0.177555,-0.504922,0.03937,-0.033933,0.135775,-0.070016,-0.408072,0.464352,0.379499,-0.335685,0.496857,0.457135,0.082045,-0.362053,-0.249029,0.407913,0.695842,0.152115,-0.097701,-0.343303,0.610788,0.394648,0.661266,0.379499,0.610788,0.831208,0.407913,-0.059711,-0.408072,-0.408072,-0.085986,0.283066,-0.27814,-0.097701,-0.333698,0.379499,0.352434,0.278406,0.649824,-0.237611,0.12513,0.380888,0.120393,-0.61674,0.042218,0.140906,0.596664,0.56689,-0.80501,-0.124308,0.587969,0.037433,-0.182463,-0.570547,-0.096305,-0.07049,-0.345694,0.352434,0.226044,-0.07049,#
7,0.630274,0.41835,-0.557142,-0.626852,0.038529,0.345005,0.25037,1.0,0.405251,-0.271998,-0.271998,0.051935,0.08465,0.509045,0.42793,-0.271998,0.630274,0.351389,-0.27096,-0.166461,0.048361,0.47998,-0.116741,0.345005,0.0,0.130342,0.208163,0.297764,-0.070326,-0.237751,-0.666099,-0.155945,0.611995,-0.271998,-0.010072,0.122277,-0.763872,-0.609116,-0.020319,0.051935,-0.018607,-0.151541,-0.396495,0.175433,0.112378,0.384802,-0.312054,-0.327848,-0.021925,0.631591,0.331676,-0.63723,-0.143722,0.31434,0.395798,-0.182895,-0.050991,0.331676,0.414301,0.34386,-0.407038,0.171721,-0.551127,0.320201,0.072447,0.372442,-0.076815,-0.073081,0.110064,-0.505858,-0.374892,0.09962,-0.271998,0.37293,-0.4314,0.529482,-0.030433,-0.121352,-0.423689,-0.23162,-0.166155,-0.031312,-0.265862,-0.533911,-0.428019,0.162765,-0.010633,-0.121352,-0.106154,-0.815553,-0.428019,-0.615575,-0.201296,-0.121352,-0.423689,-0.428019,-0.132235,-0.001277,-0.660184,-0.36271,-0.054853,-0.38881,-0.001277,0.162765,-0.265862,-0.407997,-0.166155,-0.611884,-0.38881,-0.27803,-0.588033,0.0,-0.59899,-0.272517,-0.615575,0.319379,-0.534193,-0.361519,-0.566435,0.506976,-0.001277,-0.133514,-0.174103,-0.271998,0.22949,-0.615575,0.116511,0.077372,-0.416887,-0.361519,-0.998796,-0.071873,-0.030433,-0.173743,0.37293,-0.106154,0.434151,-0.602522,-0.293192,-0.660184,-0.666256,0.060534,-0.377572,0.22949,-0.206776,-0.293192,-0.271998,0.169229,-0.444795,-0.080592,0.158607,0.221433,-0.615575,-0.106154,-0.174103,-0.001277,0.465104,-0.141046,-0.361519,0.335066,-0.121352,0.082384,0.162765,-0.444795,-0.121352,0.515293,-0.001277,-0.327434,-0.271998,-0.271998,0.133664,0.130733,-0.998796,-0.361519,0.063256,-0.444795,-0.354313,-0.241969,0.389623,-0.523506,-0.064572,0.531727,0.383348,0.264431,0.422049,-0.171184,0.233914,-0.199108,0.117101,0.198802,-0.132235,0.426706,0.297017,-0.227096,-0.220774,0.630466,-0.095284,-0.354313,-0.526433,0.630466,#
8,0.031455,-0.205635,-0.797079,-0.510844,0.175396,0.651266,0.821968,0.405251,1.0,-0.333209,0.322715,-0.192996,0.652358,-0.0582,0.184545,-0.333209,0.031455,0.479941,-0.149176,0.398829,0.280967,0.596318,-0.403857,0.227618,0.590588,-0.332579,0.019166,-0.175874,-0.030654,-0.3862,-0.426122,-0.439167,0.523427,-0.333209,-0.513466,0.032239,-0.148221,-0.019258,-0.215253,-0.192996,0.599553,0.155994,-0.238667,-0.311612,0.022242,0.156167,0.341218,0.396116,0.164963,0.011807,0.326886,-0.520069,-0.102504,-0.099424,-0.466336,0.349688,0.508179,-0.314167,0.551831,0.341452,-0.304318,-0.020306,0.100121,0.313037,0.303623,0.377201,0.227864,-0.492737,0.108362,-0.398755,0.220291,0.22148,-0.333209,0.533853,0.172462,0.255149,0.584566,0.498737,0.181035,-0.380094,0.406796,-0.193105,-0.012853,-0.654065,-0.221552,0.411187,0.192644,0.498737,0.204396,-0.61032,-0.221552,-0.010934,0.004808,0.498737,0.181035,0.167216,0.480104,0.595318,-0.041812,0.209922,-0.011192,0.20655,0.595318,0.411187,0.388816,-0.007871,0.00926,-0.815749,0.20655,-0.407095,0.151007,0.0,-0.01928,-0.401431,-0.010934,0.202163,-0.225007,0.204759,-0.396175,0.253784,0.20655,0.070794,-0.002593,-0.333209,-0.123507,-0.010934,0.504055,0.673995,-0.32359,0.204759,-0.428497,-0.190554,0.186552,0.020931,0.533853,0.204396,-0.333209,-0.030961,-0.323743,-0.041812,-0.012853,-0.62164,0.234587,-0.123507,-0.027746,-0.170553,-0.333209,0.188541,0.309878,-0.199304,0.771169,0.373272,-0.010934,-0.225007,-0.002593,0.20655,0.666627,-0.002463,0.204759,-0.206989,0.498737,0.484072,0.411187,0.309878,0.498737,0.687803,0.595318,0.229887,-0.333209,-0.333209,-0.492527,0.269999,-0.428497,0.204759,-0.536615,0.309878,0.219273,-0.315595,0.540812,-0.352561,0.254646,0.243747,0.253837,-0.362119,-0.155212,-0.003104,0.823861,0.389469,-0.593899,-0.36192,0.480104,-0.159754,-0.350581,-0.804651,0.069497,0.029427,-0.43209,0.219273,0.105852,0.029427,#
9,-0.166513,0.338217,0.284823,0.214453,0.338217,-0.218164,-0.408072,-0.271998,-0.333209,1.0,-0.111111,-0.332797,0.234416,0.207312,-0.333008,-0.111111,-0.166513,0.193322,0.377378,-0.407997,0.172606,-0.328182,0.285005,-0.218164,-0.333136,-0.267184,0.284204,-0.21469,0.182656,0.427334,0.414757,-0.406006,-0.166667,-0.111111,0.216966,-0.1665,0.042208,-0.407783,-0.332806,-0.332797,-0.332981,-0.007006,0.347448,0.30395,-0.166623,-0.638208,0.249375,-0.077684,-0.598804,0.249992,0.134654,0.178533,0.414252,0.018071,0.185924,-0.648759,-0.657152,0.134654,-0.663783,-0.994846,0.138576,-0.267601,-0.037523,0.129969,-0.497617,0.151311,-0.218159,0.216612,-0.608188,0.146021,-0.508431,0.169117,-0.111111,-0.66262,0.372034,0.23754,-0.333144,-0.66523,-0.333333,-0.272023,-0.408008,-0.332562,-0.272166,0.536868,0.364144,-0.272023,0.35604,-0.66523,-0.218218,0.364144,0.364144,0.20258,-0.407231,-0.66523,-0.333333,0.364144,0.208608,-0.333153,0.215221,0.254,-0.664877,-0.333153,-0.333153,-0.272023,-0.272166,-0.166667,-0.408008,0.318194,-0.333153,0.457415,0.207471,0.0,-0.408248,-0.271543,0.20258,-0.2177,-0.218218,0.247993,0.29806,-0.506836,-0.333153,0.357108,0.29806,-0.111111,-0.117032,0.20258,-0.166582,-0.508431,0.120133,0.247993,0.305016,-0.218103,-0.333144,-0.40593,-0.66262,-0.218218,-0.111111,0.305016,0.173,0.215221,-0.272166,0.259725,0.261018,-0.117032,0.311741,0.173,1.0,0.103695,0.167913,0.522634,-0.483795,-0.989213,0.20258,-0.218218,0.29806,-0.333153,0.068136,0.303403,0.247993,-0.2177,-0.66523,-0.166667,-0.272023,0.167913,-0.66523,-0.476903,-0.333153,0.259082,1.0,1.0,-0.131804,0.067458,0.305016,0.247993,0.356576,0.167913,-0.508822,-0.063543,0.159656,0.252403,0.479191,-0.47699,-0.184545,0.271724,0.332814,0.287204,0.258011,-0.407998,0.301511,0.40729,0.208608,0.332588,-0.371391,0.418518,0.294754,-0.166543,0.159656,-0.508822,-0.146176,-0.166543,#
10,-0.166513,-0.333053,0.311442,0.214453,0.312399,0.499481,0.263099,-0.271998,0.322715,-0.111111,1.0,0.322316,0.205829,-0.055941,-0.333008,-0.111111,-0.166513,0.193322,-0.400423,0.271998,-0.328509,0.168228,0.258369,-0.218164,0.333136,-0.267184,0.309808,-0.21469,0.150039,-0.27194,-0.272101,0.185526,-0.166667,-0.111111,-0.325449,-0.1665,0.2834,0.308593,-0.332806,-0.332797,0.370882,0.273215,0.242952,-0.265956,-0.166623,-0.638208,0.215675,0.287888,0.299402,-0.16666,0.091217,0.178533,0.692741,-0.930651,-0.664914,0.101252,0.036325,0.091217,0.208796,0.095994,0.138576,-0.293582,0.235369,0.086646,0.178159,0.108079,-0.218159,-0.505429,0.181666,0.146021,0.260127,0.169117,-0.111111,0.178017,0.332873,0.23754,0.341077,0.166307,0.333333,-0.272023,0.265403,-0.332562,-0.272166,-0.218103,0.325405,0.398178,-0.333069,0.166307,0.509175,-0.333153,-0.333153,0.154346,0.285062,0.166307,0.333333,0.325405,0.160094,0.325405,0.166307,0.211667,0.15799,0.325405,0.325405,-0.272023,0.408248,-0.166667,0.265403,-0.406805,0.325405,0.416936,0.14645,0.0,0.272166,-0.271543,0.154346,-0.2177,-0.218218,0.20596,-0.407871,0.229592,0.325405,-0.390327,0.258841,-0.111111,-0.927251,0.154346,-0.166582,0.260127,0.120133,0.20596,0.265403,-0.218103,-0.333145,-0.40593,0.178017,0.509175,-0.111111,0.265403,-0.0865,0.166307,0.408248,-0.506677,0.340115,-0.927251,-0.407661,0.173,-0.111111,0.034565,0.103331,-0.218107,0.257152,0.12447,0.154346,-0.218218,-0.407871,-0.333153,0.022712,0.255996,0.20596,-0.2177,0.166307,-0.166667,0.398178,0.103331,0.166307,0.256794,0.325405,0.209258,-0.111111,-0.111111,-0.186723,0.123674,0.265403,0.20596,-0.339182,0.103331,0.212009,-0.134146,0.211158,0.203864,0.523154,-0.523299,-0.230682,-0.407585,-0.332814,-0.589012,0.299626,0.278732,-0.326637,-0.278672,0.160094,-0.341008,-0.415604,-0.286355,0.470727,-0.166543,0.211158,0.212009,0.194902,-0.166543,#
11,0.011026,-0.553668,0.382886,-0.028967,-0.173109,0.227336,-0.398509,0.051935,-0.192996,-0.332797,0.322316,1.0,-0.646967,-0.055024,-0.550126,0.296111,0.011026,-0.427108,-0.775395,0.397719,-0.983941,0.124033,0.416424,-0.24724,0.212131,0.401136,0.394129,-0.28549,-0.470623,-0.417484,-0.021245,0.795382,0.011792,0.296111,0.239785,-0.046336,-0.183589,-0.019234,-0.202109,0.195971,0.215735,0.039322,0.160866,-0.453847,0.503397,-0.126036,-0.57398,-0.002048,-0.050212,0.051097,-0.309681,-0.024115,0.274456,-0.266579,-0.004236,-0.023967,-0.096806,0.330579,0.494556,0.345146,0.335831,-0.386081,0.059773,-0.27178,0.147495,-0.206465,-0.230542,-0.483614,0.115679,0.408998,0.220018,-0.160254,0.296111,0.500539,-0.211963,-0.202459,-0.202783,-0.001384,0.165088,0.394873,0.390411,0.173778,-0.028884,-0.24967,0.151478,0.015527,-0.206671,-0.001384,0.204143,-0.23681,-0.23681,-0.030259,0.377444,-0.001384,0.165088,-0.221278,-0.482714,0.190763,-0.541264,0.201675,-0.008073,0.57905,0.190763,0.015527,-0.028884,-0.007861,0.390411,-0.042461,0.57905,0.36955,-0.184496,0.0,-0.035303,0.387932,-0.030259,-0.206733,0.186988,0.187654,-0.018313,0.659063,0.57905,-0.549196,0.374781,0.322315,-0.326114,-0.030259,0.026378,-0.198268,0.331487,0.187654,-0.046804,0.63367,-0.218684,-0.402086,0.500539,0.204143,0.374725,-0.046804,0.189722,-0.541264,0.372289,0.19551,0.234296,-0.326114,-0.82042,0.189722,-0.332797,-0.401886,-0.350009,0.213421,0.12777,0.329551,-0.030259,0.186988,-0.018313,-0.197524,-0.639021,-0.407191,0.187654,0.21763,-0.001384,-0.499196,0.015527,-0.350009,-0.001384,-0.218241,0.190763,0.160275,-0.332797,-0.332797,-0.001036,-0.174473,-0.046804,0.187654,-0.240594,-0.350009,0.202001,-0.358497,-0.476497,0.358764,-0.203941,-0.233834,-0.221969,0.386303,-0.191322,-0.500201,-0.39611,-0.412233,0.232486,-0.398884,-0.482714,-0.593446,0.350565,-0.010909,0.440849,0.013138,0.475769,0.202001,0.086186,0.013138,#
12,-0.184218,0.203132,-0.494749,-0.296109,0.203132,0.423342,0.791853,0.08465,0.652358,0.234416,0.205829,-0.646967,1.0,0.187446,0.182468,-0.508854,-0.184218,0.776603,0.29558,-0.1008,0.640064,0.21911,-0.083196,-0.038257,0.206366,-0.259711,-0.050856,0.036541,0.185294,0.106615,-0.361865,-0.561592,0.351624,-0.508854,-0.158473,-0.183347,0.010239,-0.112998,-0.236408,-0.646967,0.216338,0.295957,0.195859,0.181494,-0.194401,-0.125948,0.677327,0.300275,-0.178029,0.072899,0.504917,-0.332395,0.02884,-0.113677,-0.304688,0.132762,0.243673,-0.193562,-0.269723,-0.23171,-0.203766,0.06123,0.191501,0.483753,0.152055,0.442692,-0.037983,-0.310701,-0.425945,-0.242873,0.029205,0.463228,-0.508854,-0.287784,0.222673,0.554163,0.199794,0.205385,-0.240133,-0.339997,-0.092133,-0.646777,-0.371129,-0.03518,-0.212096,0.522168,0.233836,0.205385,-0.06363,-0.212096,-0.212096,0.222879,-0.529113,0.205385,-0.240133,0.211498,0.765634,0.211498,0.205385,0.071886,-0.355337,-0.212096,0.211498,0.091085,0.066523,-0.227269,-0.092133,-0.497211,-0.212096,-0.312025,0.39752,0.0,-0.119041,-0.793698,0.222879,-0.065384,-0.5315,0.061859,-0.065789,-0.388529,-0.212096,0.064956,-0.065789,-0.508854,-0.11442,0.222879,0.330627,0.523552,-0.194944,0.061859,-0.092133,-0.493809,-0.233875,-0.136838,-0.287784,-0.06363,-0.508854,-0.092133,-0.125741,0.205385,-0.371129,-0.363914,0.216528,-0.11442,0.353114,0.041172,0.234416,0.563822,0.516426,-0.007835,0.205437,-0.174955,0.222879,-0.5315,-0.065789,0.211498,0.786532,0.364936,0.061859,-0.511188,0.205385,0.308743,0.522168,0.516426,0.205385,0.566074,0.211498,0.109729,0.234416,0.234416,-0.17973,0.346543,-0.092133,0.061859,-0.116803,0.516426,0.03491,0.253949,0.798753,-0.084172,0.453794,0.086502,0.004748,-0.474955,0.267588,0.342165,0.80794,0.330714,-0.655505,0.140088,0.765634,0.262343,-0.442731,-0.32757,0.094625,-0.186468,-0.261304,0.03491,0.142915,-0.186468,#
13,0.33439,0.603827,0.059836,-0.291387,-0.007876,0.215768,0.045797,0.509045,-0.0582,0.207312,-0.055941,-0.055024,0.187446,1.0,0.102784,0.141499,0.33439,0.369047,0.220713,-0.487357,0.036608,0.435089,0.566317,0.343291,-0.562371,-0.050173,0.546497,0.370246,-0.229712,-0.030298,-0.570436,0.03448,0.310968,0.141499,0.044087,0.263319,-0.432338,-0.508046,0.05729,-0.404256,-0.565317,-0.353124,0.420962,0.489659,-0.317534,-0.027417,-0.37147,-0.238054,-0.090641,0.360314,0.671127,-0.310036,0.199286,0.06663,0.509848,-0.230009,-0.30543,0.671127,-0.288049,-0.173937,-0.192643,-0.053169,-0.330047,-0.094946,0.150649,-0.128676,-0.697524,-0.075379,-0.317902,-0.23429,-0.411811,-0.210232,0.141499,-0.310179,-0.561927,0.749472,-0.596448,-0.334925,-0.621936,-0.068069,-0.495192,-0.471217,-0.600504,0.343587,-0.100044,0.309055,0.062473,-0.334925,-0.346834,-0.451113,-0.451113,-0.312265,-0.51378,-0.334925,-0.621936,-0.568137,-0.27428,-0.100044,-0.334925,-0.373616,-0.290881,-0.58764,-0.100044,-0.544438,-0.237784,-0.972392,0.003402,-0.338416,-0.58764,0.320208,-0.289514,0.0,-0.52796,-0.593647,-0.312265,-0.197765,-0.756141,-0.384283,-0.324986,0.15793,-0.100044,-0.165774,0.030431,-0.648261,-0.041593,-0.312265,-0.312219,-0.368038,-0.19365,-0.384283,-0.495192,-0.184339,-0.476642,-0.406787,-0.310179,-0.346834,0.240219,-0.495192,-0.21519,-0.334925,-0.741562,0.321173,-0.574855,-0.041593,-0.325979,-0.076854,0.207312,-0.01945,-0.225311,-0.131749,-0.459144,-0.236119,-0.312265,-0.217579,-0.324986,0.036484,0.230715,0.092383,-0.384283,-0.178028,-0.334925,-0.355392,0.309055,-0.225311,-0.334925,0.202625,-0.100044,-0.490775,0.207312,0.207312,0.346763,-0.380589,-0.495192,-0.384283,0.196268,-0.225311,-0.416917,0.216835,0.371711,-0.335808,0.241259,-0.188034,-0.117508,0.216021,0.619734,0.037916,0.060883,-0.499722,0.148082,0.518679,-0.27428,0.615059,0.289643,0.491227,0.298234,0.334548,0.347306,-0.416917,-0.388182,0.334548,#
14,0.533391,0.606818,-0.377954,-0.006999,0.228993,-0.233769,0.38056,0.42793,0.184545,-0.333008,-0.333008,-0.550126,0.182468,0.102784,1.0,-0.333008,0.533391,0.419053,0.264275,-0.442015,0.662026,-0.143483,-0.376948,0.220595,-0.233408,-0.072735,-0.426969,0.639575,0.510774,-0.010309,-0.428909,-0.399651,0.007805,-0.333008,-0.228185,0.028069,-0.193989,-0.044773,0.568976,0.248127,-0.237322,-0.057903,-0.596757,0.469862,-0.499382,0.475726,0.015939,-0.564514,0.51799,0.280965,0.354749,-0.038763,-0.262296,0.237161,-0.017561,-0.038108,0.042372,-0.280911,-0.017804,0.369434,-0.375206,0.811267,-0.475071,0.340835,0.169306,0.27837,0.220839,0.547765,0.461244,-0.47243,-0.277962,0.14235,-0.333008,-0.051176,-0.226487,0.208119,0.177182,-0.057036,-0.218537,-0.42296,-0.434446,0.180692,-0.019118,-0.236288,-0.612987,-0.030647,-0.236292,-0.057036,-0.228224,-0.227489,-0.227489,-0.55497,-0.023838,-0.057036,-0.218537,-0.227489,-0.071109,-0.227489,-0.057036,-0.688899,0.535164,-0.612987,-0.227489,-0.030647,-0.019118,-0.011707,-0.434446,-0.035649,-0.612987,-0.428977,-0.539795,0.0,-0.028677,-0.014258,-0.55497,0.195365,-0.228224,-0.687747,-0.441879,-0.255199,-0.612987,0.061059,-0.83215,-0.333008,0.286884,-0.55497,-0.025632,0.171926,-0.398423,-0.687747,-0.434446,-0.65367,0.177182,0.350704,-0.051176,-0.228224,0.369431,-0.434446,-0.246082,-0.057036,-0.417409,-0.267381,-0.602091,0.286884,0.36066,-0.246082,-0.333008,0.388478,-0.423708,-0.653683,-0.157978,0.250334,-0.55497,-0.228224,-0.441879,0.158009,0.633899,0.407596,-0.687747,0.210969,-0.057036,0.476098,-0.030647,-0.423708,-0.057036,0.631124,-0.227489,-0.646762,-0.333008,-0.333008,0.508958,0.167955,-0.434446,-0.687747,0.25312,-0.423708,-0.259127,0.302195,0.477295,-0.435744,-0.216991,0.651246,0.655722,-0.379552,0.217222,-0.06588,-0.012082,0.37664,-0.067068,0.416597,-0.071109,0.601505,0.045343,-0.001032,-0.803877,0.533565,-0.487424,-0.259127,-0.443806,0.533565,#
15,-0.166513,-0.333053,0.231585,0.116974,-0.333053,-0.218164,-0.408072,-0.271998,-0.333209,-0.111111,-0.111111,0.296111,-0.508854,0.141499,-0.333008,1.0,-0.166513,-0.658606,0.34857,0.271998,-0.328509,0.333698,0.231733,0.499481,-0.333136,-0.267184,0.284204,-0.21469,-0.665389,-0.27194,0.414756,0.319965,-0.166667,1.0,-0.325449,0.632701,0.253251,0.28104,0.369206,0.296111,-0.332981,-0.637503,0.373572,-0.265956,-0.166623,0.238451,-0.626807,0.242191,0.266135,-0.583313,0.04778,0.178533,-0.212348,0.243957,0.185924,0.326255,0.135393,0.04778,0.115305,0.05236,0.138576,-0.293582,0.201257,-0.996428,0.239593,-0.972714,-0.218159,0.036102,0.102681,0.146021,0.230567,-0.958328,1.0,0.178017,-0.332873,-0.508225,-0.333144,0.166307,0.333333,0.398178,0.265403,0.348589,0.408248,0.494925,0.325405,-0.272023,0.317756,0.166307,-0.218218,0.325405,0.325405,0.154346,0.285062,0.166307,0.333333,-0.333153,-0.664634,0.325405,0.166307,0.211667,0.125076,0.325405,0.325405,-0.272023,0.408248,-0.166667,0.265403,0.277916,0.325405,0.416936,0.14645,0.0,0.272165,0.427886,0.154346,-0.2177,0.509175,0.205961,0.258841,0.229592,0.325405,0.315584,0.258841,-0.111111,0.198054,0.154346,-0.166582,-0.508431,0.120133,0.205961,0.265403,0.494925,0.341077,0.298234,0.178017,-0.218218,-0.111111,0.265403,-0.0865,0.166307,0.408248,0.217147,-0.332205,0.198054,-0.407661,-0.0865,-0.111111,-0.933257,0.103331,-0.218107,-0.091529,0.12447,0.154346,0.509175,0.258841,0.325405,-0.613225,-0.407697,0.205961,-0.2177,0.166307,-0.166667,-0.272023,0.103331,0.166307,-0.52276,0.325405,-0.039859,-0.111111,-0.111111,-0.186723,-0.944416,0.265403,0.205961,-0.339182,0.103331,0.212009,-0.134146,-0.664375,-0.184449,-0.224209,-0.523299,-0.230682,0.271724,-0.332814,0.238525,-0.407824,-0.407998,0.259635,-0.278672,-0.664634,-0.341008,0.291807,0.418518,0.426733,-0.166543,0.159656,0.212009,0.194902,-0.166543,#
16,1.0,0.525459,-0.111697,-0.384685,0.525459,-0.326944,-0.068396,0.630274,0.031455,-0.166513,-0.166513,0.011026,-0.184218,0.33439,0.533391,-0.166513,1.0,0.115017,-0.129348,-0.61143,0.070926,0.066127,-0.092577,0.253812,-0.499243,-0.040785,-0.167354,0.082814,0.297231,0.136591,-0.407775,-0.143511,0.39867,-0.166513,-0.11863,0.424184,-0.163523,-0.61111,-0.049155,0.541177,-0.499011,-0.526342,-0.497201,0.605148,-0.249704,0.155227,-0.257561,-0.673488,0.221468,0.674835,0.23309,-0.435941,0.108149,-0.005468,0.23322,-0.359457,-0.29103,0.23309,0.221296,0.240685,0.147162,0.085657,-0.312814,0.225987,0.228041,0.257905,0.254418,0.389646,0.447525,-0.711938,-0.761942,0.022245,-0.166513,0.157047,-0.011286,0.31618,-0.005486,-0.387943,-0.499538,-0.407657,-0.611447,-0.065358,-0.407871,-0.326852,-0.499268,-0.407657,-0.499143,-0.387943,-0.327025,-0.499268,-0.499268,-0.997507,-0.170175,-0.387943,-0.499538,-0.499268,-0.392036,-0.499268,-0.387943,-0.234245,0.309808,-0.499268,-0.499268,-0.407657,-0.407871,-0.249769,-0.611447,-0.17435,-0.499268,0.031031,-0.575413,0.0,-0.611807,0.037706,-0.997507,0.192318,-0.327025,-0.76219,-0.611242,0.24794,-0.499268,-0.067973,-0.611242,-0.166513,0.03736,-0.997507,-0.249642,-0.186908,-0.749808,-0.76219,-0.611447,-0.326852,-0.005486,-0.092635,0.157047,-0.327025,0.634029,-0.611447,-0.678064,-0.387943,-0.407871,-0.29916,-0.497848,0.03736,-0.113339,-0.678064,-0.166513,0.105592,-0.686419,-0.326858,-0.182386,0.041158,-0.997507,-0.327025,-0.611242,-0.499268,0.281456,0.420528,-0.76219,0.153906,-0.387943,-0.249769,-0.407657,-0.686419,-0.387943,0.318758,-0.499268,-0.731728,-0.166513,-0.166513,0.35643,0.104334,-0.611447,-0.76219,0.536876,-0.686419,-0.762528,-0.146095,0.242231,-0.406513,0.245541,0.328851,0.763207,0.409656,0.501157,-0.276651,-0.060685,-0.108503,0.602707,0.612843,-0.392036,0.500848,0.439855,0.081256,-0.381119,0.99999,0.242231,-0.762528,-0.949269,0.99999,#
17,0.115017,0.439387,-0.311876,-0.117285,0.420353,0.401593,0.607873,0.351389,0.479941,0.193322,0.193322,-0.427108,0.776603,0.369047,0.419053,-0.658606,0.115017,1.0,0.016226,-0.331336,0.444319,-0.021064,0.196923,-0.280709,0.07028,-0.082342,0.161657,0.340422,0.331461,-0.146259,-0.599324,-0.403674,0.191684,-0.658606,0.003732,-0.450744,-0.394399,-0.345163,-0.015182,-0.566979,0.081989,0.430537,0.05647,0.31428,-0.310766,-0.209096,0.30549,-0.270459,-0.076521,0.511136,0.696961,-0.206289,0.33456,-0.164669,-0.29561,-0.308873,-0.20246,-0.103629,-0.25576,-0.143858,-0.236155,0.405838,-0.272711,0.669455,0.158341,0.630436,-0.301669,-0.201218,-0.299777,-0.081816,-0.225078,0.609847,-0.658606,-0.29515,-0.043308,0.75475,-0.050759,-0.23166,-0.462007,-0.533515,-0.321596,-0.521435,-0.58992,-0.167227,-0.430227,0.494219,0.081626,-0.23166,-0.178041,-0.449648,-0.449648,-0.097861,-0.409513,-0.23166,-0.462007,0.055292,0.411026,0.075855,-0.257624,-0.318343,-0.282653,-0.429085,0.075855,-0.039412,-0.068222,-0.373538,-0.301737,-0.398026,-0.429085,-0.091559,-0.182829,0.0,-0.353149,-0.657121,-0.097861,-0.298593,-0.757209,-0.209606,-0.311573,-0.364976,-0.409664,-0.26744,-0.291911,-0.658606,-0.287515,-0.097861,0.291239,0.232574,-0.036946,-0.209606,-0.342622,-0.691667,-0.567708,-0.492025,-0.29515,-0.178041,0.127789,-0.342622,0.071424,-0.257624,-0.58992,-0.243463,0.063679,-0.287515,0.074017,0.270392,0.193322,0.673769,-0.103606,-0.135071,-0.12866,-0.197247,-0.097861,-0.735759,-0.311573,0.075855,0.880752,0.545785,-0.209606,-0.239634,-0.23166,0.265408,0.494219,-0.103606,-0.23166,0.754036,0.075855,-0.142227,0.193322,0.193322,0.269815,0.393225,-0.342622,-0.209606,0.010515,-0.103606,-0.218824,0.225072,0.981285,0.071856,0.281199,0.185321,0.224491,-0.456495,0.457606,-0.059,0.60526,0.067783,-0.472732,0.340731,0.411026,0.451787,-0.389065,-0.086394,-0.043202,0.115331,-0.258041,-0.218824,-0.166681,0.115331,#
18,-0.129348,0.388172,-0.104004,0.141024,-0.030189,-0.414099,0.04051,-0.27096,-0.149176,0.377378,-0.400423,-0.775395,0.29558,0.220713,0.264275,0.34857,-0.129348,0.016226,1.0,-0.320324,0.715873,0.011369,-0.121335,0.47602,-0.522878,-0.506142,-0.158721,0.151144,0.031627,0.309886,0.30568,-0.520674,-0.146918,0.34857,-0.324387,0.410096,0.338929,0.127013,0.39961,-0.064746,-0.526198,-0.439363,0.195539,0.363977,-0.600479,0.186558,0.146434,0.096795,0.116437,-0.362958,0.353506,0.167056,-0.326628,0.398944,0.187995,0.133492,0.064127,-0.20958,-0.552407,-0.423323,-0.164725,0.156476,0.076147,-0.363923,-0.018158,-0.425365,-0.007516,0.506848,-0.164441,-0.237617,-0.138564,-0.425985,0.34857,-0.518719,-0.019799,-0.069177,-0.155883,-0.009385,-0.060496,-0.094138,-0.318068,-0.032931,0.183465,0.685304,0.072917,-0.198394,0.395739,-0.009385,-0.409238,0.499773,0.414402,0.143561,-0.282959,-0.009385,-0.060496,-0.029528,0.028552,-0.073721,0.60695,-0.070244,-0.010923,-0.415206,-0.073721,-0.285275,0.183465,-0.168524,-0.230771,0.301898,-0.415206,-0.003463,0.28414,0.0,0.134071,-0.144431,0.143561,-0.030064,0.081093,-0.080534,0.251557,-0.570885,-0.415206,0.686215,-0.180584,-0.400423,0.417326,0.143561,-0.180777,-0.234363,-0.196668,-0.080534,0.26836,-0.305353,0.298605,0.478754,-0.518719,-0.409238,-0.400423,0.181064,-0.18614,0.60695,-0.169352,0.042942,-0.433315,0.417326,0.527636,-0.18614,0.377378,-0.172958,0.382433,-0.267482,-0.330982,-0.366701,0.143561,0.081093,0.165129,0.353136,0.187843,0.190019,-0.080534,-0.392909,-0.009385,0.263588,-0.198394,0.382433,-0.009385,-0.190937,-0.073721,-0.210815,0.377378,0.377378,-0.035027,-0.444821,0.26836,-0.080534,0.118154,0.382433,-0.13302,0.33663,0.047937,-0.370239,0.091298,-0.176136,0.010766,-0.142439,0.083052,0.665241,0.072073,0.038856,-0.000217,0.317347,0.028552,0.418156,-0.122196,0.41747,-0.10003,-0.131175,-0.251165,-0.13302,0.012633,-0.131175,#
19,-0.61143,-0.827949,-0.273684,0.031817,-0.448128,0.551629,0.161647,-0.166461,0.398829,-0.407997,0.271998,0.397719,-0.1008,-0.487357,-0.442015,0.271998,-0.61143,-0.331336,-0.320324,1.0,-0.370768,0.381439,-0.257557,0.077298,0.816718,-0.064687,0.213105,-0.303206,-0.466332,-0.586453,0.2302,0.18759,-0.082384,0.271998,-0.27365,-0.122277,-0.028102,0.561124,0.003794,-0.050702,0.815769,0.296651,-0.003198,-0.976583,0.427901,0.146756,-0.061554,0.700011,0.122938,-0.602167,-0.328608,0.100093,-0.225825,0.013186,-0.358711,0.533326,0.538357,-0.303048,0.634655,0.353514,-0.236434,-0.187621,0.197038,-0.317142,-0.021113,-0.237101,0.059933,-0.551507,0.116756,0.380505,0.811152,-0.226186,0.271998,0.685101,-0.015671,-0.496974,0.411313,0.641762,0.800302,0.27245,0.999728,0.430254,0.65024,-0.364497,0.38881,0.27245,0.394517,0.641762,0.534193,-0.029726,0.373309,0.59741,0.606764,0.641762,0.800302,0.373309,0.113964,0.816465,0.082206,0.363706,0.037033,0.816465,0.816465,0.666835,0.65024,0.388382,0.603455,-0.252755,0.816465,-0.153593,0.277786,0.0,0.566958,0.27058,0.59741,0.125075,0.517072,0.782994,0.159333,0.437231,0.831966,0.07487,0.583051,0.271998,-0.043016,0.59741,0.408909,0.358889,0.443145,0.782994,0.134453,0.551682,0.411313,0.216643,0.685101,0.534193,-0.407997,0.546578,0.319661,0.082206,0.65024,-0.044498,0.451113,-0.043016,-0.265479,0.319661,-0.407997,-0.421446,0.420474,0.098028,0.758564,0.498686,0.59741,0.534193,0.567358,0.41343,-0.284408,-0.700321,0.782994,0.125075,0.641762,0.388382,0.27245,0.420474,0.641762,-0.095417,0.816465,0.739072,-0.407997,-0.407997,-0.650739,-0.132056,0.134453,0.782994,-0.871867,0.420474,0.805439,-0.447709,-0.390835,0.036789,-0.337967,-0.107697,-0.383348,-0.233451,-0.799054,-0.076311,0.157901,0.166779,-0.481812,-0.99603,0.113964,-0.813179,-0.291813,-0.592109,0.318112,-0.611541,-0.371438,0.805439,0.74664,-0.611541,#
20,0.070926,0.547787,-0.475809,-0.038427,0.159653,-0.195491,0.492661,0.048361,0.280967,0.172606,-0.328509,-0.983941,0.640064,0.036608,0.662026,-0.328509,0.070926,0.444319,0.715873,-0.370768,1.0,-0.071311,-0.492129,0.290719,-0.166298,-0.366211,-0.458819,0.338477,0.47956,0.356256,-0.081018,-0.780004,0.050111,-0.328509,-0.282685,0.071755,0.144433,0.037003,0.253157,-0.129739,-0.170525,-0.041776,-0.266142,0.443296,-0.492635,0.244606,0.548159,-0.027021,0.147534,-0.033408,0.317578,-0.042293,-0.345224,0.28095,-0.021161,0.098283,0.188484,-0.362635,-0.379793,-0.179734,-0.377304,0.461274,-0.088717,0.303937,-0.065881,0.237222,0.290979,0.473087,-0.005146,-0.48402,-0.187828,0.168624,-0.328509,-0.390529,0.158958,0.201944,0.273072,0.08481,-0.150334,-0.401239,-0.362666,-0.129908,0.047735,0.124428,-0.257993,0.01857,0.141391,0.08481,-0.189544,0.138023,0.154524,-0.056075,-0.336715,0.08481,-0.150334,0.154524,0.463607,-0.15996,0.481896,-0.266234,0.117437,-0.572477,-0.15996,0.035363,0.047735,0.029232,-0.379539,-0.03512,-0.572477,-0.473243,0.114975,0.0,0.054554,-0.36472,-0.056075,0.263604,-0.189544,-0.267293,-0.068982,-0.58568,-0.572477,0.500233,-0.469901,-0.328509,0.359998,-0.056075,0.01431,0.293592,-0.398398,-0.267293,-0.057963,-0.644838,0.273072,0.462464,-0.390529,-0.189544,-0.328509,-0.04109,-0.248158,0.481896,-0.378472,-0.263718,-0.293508,0.359998,0.79551,-0.248158,0.172606,0.42783,0.292561,-0.310774,-0.047832,-0.176945,-0.056075,-0.189544,-0.052277,0.236057,0.693123,0.393402,-0.267293,-0.170541,0.08481,0.551226,0.01857,0.292561,0.08481,0.343309,-0.15996,-0.232695,0.172606,0.172606,0.036878,0.202263,-0.057963,-0.267293,0.210936,0.292561,-0.167861,0.360525,0.505586,-0.429799,0.141214,0.360397,0.312115,-0.428494,0.177202,0.451526,0.389548,0.488058,-0.273224,0.37275,0.463607,0.588812,-0.293787,-0.076164,-0.532843,0.06878,-0.526749,-0.167861,-0.117202,0.06878,#
