0,1.0,0.141504,0.207319,-0.179859,0.376715,0.161918,0.157653,0.0,0.606505,-0.027446,-0.209747,0.045732,-0.247756,0.456141,-0.405976,-0.364111,-0.101203,0.130184,-0.015444,-0.090186,-0.175831,-0.185776,-0.564875,-0.369317,0.363534,-0.241284,0.399299,0.175532,0.777025,0.308303,-0.589915,-0.23966,-0.35781,-0.101837,-0.086386,0.36959,0.09111,-0.153855,-0.27176,0.259443,-0.533727,-0.209516,-0.389267,-0.258978,-0.27176,-0.245171,0.182131,0.478508,0.064179,0.603321,0.309735,-0.332262,0.076071,0.305108,-0.359826,-0.339547,0.415006,0.309735,0.243893,0.400862,-0.482764,0.595997,0.163609,-0.361554,-0.370597,0.021517,0.0,0.430925,0.062586,-0.213367,-0.591716,-0.029874,0.361468,0.095504,0.17815,-0.218932,-0.40764,-0.456432,0.023713,-0.406857,-0.196741,-0.359205,-0.212851,-0.245235,0.09211,-0.150196,-0.679103,0.013963,-0.662925,-0.247741,-0.150196,-0.241731,-0.036865,-0.076292,-0.16648,-0.27176,-0.344101,0.038566,0.013963,-0.407698,0.380561,-0.150751,-0.344101,-0.093223,-0.063643,-0.021757,0.493578,-0.075481,-0.241731,-0.533455,0.049138,0.0,0.17815,-0.407433,0.222139,-0.407433,-0.407698,-0.29166,0.043799,-0.093223,0.305021,-0.245235,-0.472329,0.004455,0.163609,-0.251193,-0.344101,-0.602416,0.240131,0.111323,-0.089608,-0.067253,0.038566,0.131999,-0.144961,0.09211,0.414236,0.023713,0.434892,0.060054,0.106857,-0.585153,0.509666,-0.321709,-0.150196,-0.109295,0.09211,0.443179,-0.111718,0.322266,-0.104389,0.013963,0.381727,-0.407407,0.21512,-0.045968,0.094652,0.167003,0.060054,0.166075,-0.080614,-0.27176,0.234383,0.222139,-0.344101,0.084635,-0.293743,0.22405,-0.075611,-0.533727,0.00336,0.12922,0.111323,-0.472329,-0.217218,-0.344101,-0.076292,0.288693,0.292028,-0.489174,0.409102,0.164381,-0.111875,-0.149451,0.24618,-0.150196,0.711087,-0.392081,-0.21707,0.387787,-0.344101,0.111412,0.084635,0.37659,-0.331606,-0.008765,0.0083,-0.788175,0.378072,-0.27176,#
1,0.141504,1.0,-0.257915,0.290479,0.835568,-0.324248,0.228711,0.0,0.158488,0.810187,-0.222864,0.037981,0.659483,0.453999,-0.406451,0.156497,-0.113884,0.058737,-0.453627,0.325356,0.280536,0.274769,0.281938,0.115546,-0.097721,-0.253898,0.39522,0.157861,0.37411,0.331862,-0.6569,-0.317726,0.141096,-0.533975,0.357846,-0.103508,0.552664,-0.998724,-0.272078,0.290639,-0.080327,0.793965,0.188489,-0.262965,0.421455,0.438627,0.142157,0.466924,0.005607,0.159192,0.461969,-0.874694,0.07217,-0.185397,-0.44511,-0.312196,-0.044967,0.461969,0.295966,0.177234,-0.728176,0.16959,0.146046,0.343987,-0.366077,0.490996,0.0,0.474668,0.545182,0.059715,-0.62097,-0.547948,0.421455,-0.304015,-0.666103,-0.454173,-0.408118,-0.047881,-0.439049,-0.39524,-0.214998,-0.780691,-0.214998,-0.281703,-0.407909,-0.617831,-0.142525,-0.443197,-0.178691,-0.235654,-0.617831,-0.666,-0.038791,-0.534069,-0.562271,-0.272078,-0.840437,-0.824317,-0.443197,-0.443197,-0.214696,-0.115009,-0.368938,-0.062832,-0.003121,-0.068773,-0.38924,-0.560262,-0.666,-0.53408,-0.143758,0.0,-0.666103,-0.407909,-0.214998,0.126829,-0.443197,-0.502262,-0.020747,-0.534069,-0.106859,-0.281703,-0.45529,-0.815589,-0.537888,0.155188,-0.840437,-0.632489,0.065774,-0.407909,-0.132422,-0.123267,-0.352818,0.498561,-0.675702,-0.407909,-0.272078,-0.439049,0.258897,-0.407282,-0.408118,-0.181273,0.087295,-0.376803,-0.173403,-0.130508,-0.407909,0.435548,-0.61036,-0.106859,-0.973188,-0.443197,-0.534351,0.076827,0.213468,-0.047881,0.060233,0.686396,-0.407282,-0.666,0.238759,-0.272078,-0.207423,0.640587,-0.840437,0.495133,0.142936,-0.284666,-0.115186,-0.080327,-0.02038,0.310681,-0.407909,-0.45529,0.21364,-0.368938,-0.534069,-0.231801,0.2004,-0.709372,0.797035,-0.270908,-0.072152,0.339145,0.21364,-0.617831,-0.165852,-0.443197,-0.155814,0.313167,-0.840437,0.574285,0.495133,0.324389,0.217869,-0.410413,0.367131,-0.376039,-0.17131,0.39478,#
2,0.207319,-0.257915,1.0,0.234513,-0.007117,0.446269,-0.443563,0.0,0.594738,-0.417386,-0.366566,0.333218,-0.234905,0.026766,0.041729,-0.337637,-0.533818,0.013864,-0.199006,0.304563,-0.989904,-0.619969,-0.56943,-0.240237,-0.106074,-0.278531,0.396608,0.298158,-0.089672,-0.533268,0.31283,0.540617,-0.651257,0.338067,-0.409334,-0.094861,0.21842,0.225138,-0.271984,-0.143154,-0.534166,-0.047678,-0.509834,0.287578,-0.271984,-0.126497,0.158271,0.139424,-0.347944,0.446269,-0.309823,0.466232,0.2344,-0.092308,0.219608,-0.026557,-0.151527,-0.309823,-0.454573,-0.528295,0.072008,0.584589,0.285386,-0.407096,-0.006018,-0.280018,0.0,-0.078406,-0.313118,-0.738864,0.366936,0.307953,-0.271984,0.190484,0.564545,-0.080603,-0.407976,-0.040206,0.79086,-0.426097,0.208085,0.045539,0.224693,0.557648,0.107185,0.624547,-0.15285,0.385426,-0.141608,-0.267295,0.624547,0.126496,0.397475,0.321357,0.213925,-0.271984,0.477681,0.066772,0.385426,0.369327,-0.513778,-0.533041,0.477681,0.338811,-0.400565,0.411342,0.07772,0.535126,0.126496,-0.122897,0.292353,0.0,0.564545,0.067573,0.241301,0.067573,0.369327,0.095275,-0.004897,0.338811,-0.071105,0.557648,0.195385,0.379539,0.285386,0.14648,0.477681,0.263904,-0.324026,0.087379,0.347574,0.329384,0.066772,-0.013908,0.361435,0.107185,0.435175,0.79086,-0.091373,0.506316,0.611965,0.201324,-0.204455,0.052902,0.624547,0.31283,0.107185,-0.072532,-0.145409,-0.088881,0.292848,0.385426,0.80125,0.590609,0.212622,-0.007658,0.049529,-0.300379,0.506316,0.158834,-0.263348,-0.271984,0.656611,-0.190501,0.477681,-0.407146,-0.265344,0.281804,0.800792,-0.534167,-0.427841,0.261635,0.087379,0.195385,-0.238847,0.477681,0.321357,0.505828,0.22534,-0.085156,-0.054912,0.12234,-0.088373,-0.159237,-0.221155,0.624547,0.499411,0.353228,-0.670412,0.300112,0.477681,-0.700956,-0.407146,0.187088,-0.554514,-0.41429,-0.036365,0.013243,0.376354,0.407976,#
3,-0.179859,0.290479,0.234513,1.0,0.447998,-0.187885,0.378771,0.0,-0.164052,0.438249,-0.272773,-0.07976,0.35392,-0.349905,-0.172887,0.438183,-0.351028,-0.095238,-0.525216,0.510514,-0.205928,0.152219,-0.188058,0.204084,-0.799872,-0.620991,0.063108,-0.361596,0.100411,-0.378586,0.075558,0.192079,0.296541,0.497955,0.346729,-0.800237,0.251494,-0.272921,-0.407561,-0.196992,-0.332648,0.56026,0.327918,-0.339918,0.306994,0.445471,-0.580979,-0.1181,0.034174,0.291761,0.012282,-0.147166,0.65604,-0.463316,-0.331945,-0.477367,0.071964,0.012282,-0.274937,-0.259942,-0.308289,0.262267,0.303372,-0.188886,-0.380902,-0.532171,0.0,-0.303419,-0.396219,-0.317532,0.100708,-0.021403,0.280529,0.192762,0.222921,-0.501943,-0.115123,0.354896,0.379637,-0.387502,-0.314453,-0.106544,0.105705,0.208286,0.400174,0.122295,0.563795,-0.015112,0.105868,-0.143641,0.122295,-0.2036,0.790871,0.057144,0.156349,-0.407561,-0.147337,-0.147337,-0.429767,0.360842,-0.269731,0.065033,0.338455,0.534674,0.413624,-0.011626,-0.133098,0.059592,-0.620054,0.040972,-0.126233,0.0,0.222921,-0.148506,0.14563,0.402441,0.360842,0.080473,-0.392817,0.498709,0.531729,0.636664,0.351336,-0.036292,-0.401294,0.685834,-0.147337,0.077037,0.126848,-0.100894,0.088047,0.082008,0.338455,0.755844,0.025598,0.400174,0.280529,-0.040109,-0.53216,0.304131,0.381096,0.560074,0.271687,-0.303709,0.580194,0.59782,0.400174,-0.461571,-0.418806,-0.375853,-0.371113,-0.429767,0.065837,0.379676,0.37761,0.386566,-0.613985,0.18377,0.304131,-0.172134,0.494271,0.254064,0.121632,0.187455,-0.147337,-0.546711,-0.145421,0.012111,0.51531,0.100488,-0.402229,-0.135635,-0.100894,0.351336,-0.293736,0.338455,-0.392414,0.135959,-0.256943,-0.192673,-0.022441,-0.622146,0.743596,0.58775,-0.706903,0.122295,-0.389999,-0.046441,-0.061787,-0.4135,-0.147337,-0.161595,-0.546711,0.083553,0.348537,-0.429493,0.005204,-0.117755,0.043712,0.280529,#
4,0.376715,0.835568,-0.007117,0.447998,1.0,-0.197145,0.359841,0.0,0.378298,0.612579,-0.373158,0.233925,0.499443,0.261026,-0.49752,0.268765,-0.237353,0.174608,-0.42185,0.198637,0.047105,0.039443,0.04833,-0.038165,-0.221331,-0.406935,0.484127,0.24461,0.644588,0.204467,-0.563888,-0.079488,-0.012083,-0.254583,0.168075,-0.227122,0.394808,-0.831798,-0.33304,0.43674,-0.204183,0.664423,0.254037,-0.488941,0.354185,0.436658,-0.014484,0.606444,0.157955,0.281898,0.464457,-0.74555,0.333267,-0.212865,-0.401302,-0.387814,0.052493,0.464457,0.332974,0.245549,-0.796197,0.404835,0.229797,-0.216342,-0.551464,0.206385,0.0,0.552261,0.254897,-0.347716,-0.51554,-0.501921,0.354185,-0.058067,-0.432715,-0.552584,-0.49956,-0.23723,-0.24501,-0.581858,-0.445453,-0.662656,-0.058103,-0.046397,-0.037363,-0.460899,-0.053475,-0.253634,-0.086239,-0.38882,-0.460899,-0.815223,0.156016,-0.653732,-0.413017,-0.33304,-0.715391,-0.699418,-0.253634,-0.253634,-0.148238,-0.238287,-0.248181,0.220305,0.178084,0.130584,-0.264854,-0.379542,-0.815223,-0.653745,-0.324756,0.0,-0.432715,-0.499305,-0.058103,0.03057,-0.253634,-0.513729,-0.210153,-0.246646,0.184336,-0.046397,-0.396464,-0.626756,-0.447917,0.380789,-0.715391,-0.517739,0.056386,-0.499305,-0.043281,-0.246527,-0.232208,0.677849,-0.578347,-0.037363,0.301322,-0.24501,0.370849,-0.279399,-0.023789,-0.032049,0.341791,-0.30397,-0.020514,-0.042284,-0.037363,0.245499,-0.523414,-0.230268,-0.797632,-0.253634,-0.23879,-0.018972,0.2703,0.142338,-0.09049,0.456841,-0.279399,-0.438113,0.345782,-0.33304,-0.046634,0.40235,-0.715391,0.192182,-0.013083,-0.175271,0.184697,-0.204183,-0.215018,0.431925,-0.499305,-0.396464,-0.033313,-0.248181,-0.653732,0.003086,0.361862,-0.762743,0.584868,-0.436144,0.114008,0.438194,-0.033313,-0.460899,0.112707,-0.629115,-0.104242,0.170325,-0.715391,0.405574,0.192182,0.48647,0.316301,-0.237069,0.563358,-0.662477,-0.075007,0.327753,#
5,0.161918,-0.324248,0.446269,-0.187885,-0.197145,1.0,-0.493208,0.0,0.587798,-0.165828,0.509084,0.627325,-0.741938,-0.106782,-0.395581,-0.290815,0.504762,0.096723,0.199226,-0.200702,-0.352551,-0.147026,0.070928,-0.363721,0.505486,0.021885,-0.361393,-0.097613,-0.040143,0.050138,0.132964,-0.063164,-0.664335,0.310607,-0.194918,0.50548,-0.241618,0.308009,0.27704,0.047408,-0.469989,-0.437074,-0.288112,-0.047321,-0.49748,0.237902,0.136006,-0.258956,-0.456232,0.460107,0.156156,0.464347,0.243969,0.406405,0.496319,0.612178,-0.429865,0.156156,-0.061522,-0.05288,0.448668,0.136703,0.647232,-0.14444,-0.228289,-0.138092,0.0,-0.145719,-0.302748,-0.351049,0.181481,0.033729,-0.49748,-0.444928,0.443605,0.544122,-0.187672,-0.2941,0.580088,-0.143819,-0.129896,-0.015628,-0.148086,0.460111,0.348994,0.267146,-0.372937,0.25598,0.131961,0.161581,0.763472,-0.005208,0.153111,0.332402,-0.189004,-0.49748,0.471764,0.021715,0.27465,0.114921,-0.183845,0.055687,-0.054794,-0.192739,-0.130079,0.092143,-0.007945,0.274356,0.013542,0.355154,-0.385687,0.0,0.443605,-0.377067,0.478925,-0.377067,0.114921,-0.25808,0.755058,0.313286,0.007215,0.440824,-0.254228,0.122244,0.647232,0.111565,0.471764,0.201426,0.108528,0.370687,0.723168,0.484792,0.021715,0.041384,0.197413,0.348994,0.217461,0.107618,-0.080698,-0.017494,0.169799,0.292111,0.185704,0.482728,0.267146,0.132964,0.348994,-0.097486,0.161809,-0.488686,0.248331,0.27465,0.310076,0.186617,-0.30153,-0.169331,-0.011392,-0.0549,0.517614,0.606268,0.120501,0.247251,-0.178113,-0.003638,0.471764,-0.313425,-0.503883,0.044111,0.30639,0.017551,-0.1321,-0.02818,0.370687,-0.254228,-0.149571,-0.054794,-0.173623,0.661583,-0.021805,-0.081468,-0.162385,0.004819,-0.251172,0.18327,0.00545,0.267146,0.456193,0.132554,-0.255056,0.481216,0.471764,-0.288783,-0.313425,0.050308,-0.204646,0.289871,0.279973,-0.006025,0.16462,0.247251,#
6,0.157653,0.228711,-0.443563,0.378771,0.359841,-0.493208,1.0,0.0,-0.309337,0.383792,0.018073,-0.317954,0.12964,-0.202255,0.105093,0.119318,0.021807,0.208977,0.079439,-0.058226,0.444563,0.389547,-0.052629,0.013382,-0.473775,-0.060488,0.172672,-0.306301,0.518942,0.014583,-0.327206,-0.023601,0.583421,0.339739,0.661861,-0.480515,-0.304176,-0.202079,-0.493919,-0.077703,-0.057528,0.014342,0.553548,-0.720038,0.293927,0.158595,-0.36831,0.111349,0.775289,0.055974,-0.091726,-0.49424,0.152256,-0.277348,-0.270248,-0.484637,0.766147,-0.091726,0.003458,0.159756,-0.269194,-0.272123,-0.144392,-0.248137,-0.363784,-0.443241,0.0,-0.23485,-0.3946,0.299922,-0.384422,-0.385241,0.293927,0.385567,0.023976,-0.10449,0.281807,0.138115,-0.254717,-0.176308,-0.650424,-0.033711,-0.206359,-0.448409,0.373171,-0.185441,0.185485,-0.193917,0.15369,-0.250042,-0.573799,-0.044504,0.209317,-0.124222,0.279115,0.112117,-0.532528,-0.056423,-0.668687,0.110991,0.448914,0.021014,0.00309,0.363057,0.337726,0.086309,0.452564,-0.198541,-0.521333,-0.140174,-0.214992,0.0,0.023976,0.101892,-0.42295,0.242074,0.110991,0.220938,-0.521453,0.342468,0.515734,0.042072,-0.235964,0.092817,-0.323686,0.216124,-0.532528,-0.299834,0.414306,-0.156407,-0.274869,-0.444205,0.067181,0.616462,-0.409408,0.373171,0.233324,-0.350837,-0.233488,-0.019423,0.190901,-0.085659,0.637105,-0.104248,-0.068934,-0.189211,0.373171,-0.105166,0.152929,-0.064423,-0.293525,-0.668687,-0.156714,-0.342627,0.536582,0.265032,-0.269832,0.233629,-0.438127,-0.299873,0.439442,0.263626,-0.190638,0.104921,-0.532528,-0.313633,0.416911,0.249466,-0.140367,0.041658,0.254672,-0.201139,-0.156407,-0.235964,-0.142289,0.00309,-0.227168,-0.213034,-0.02413,-0.104587,-0.064848,-0.058704,0.612396,0.350228,-0.477378,-0.185441,-0.074138,-0.319467,0.525794,-0.460073,-0.532528,0.230075,-0.313633,-0.349128,0.605314,0.220714,-0.070304,-0.478473,0.17464,-0.493919,#
7,0.0,0.0,0.0,0.0,0.0,0.0,0.0,0.0,0.0,0.0,0.0,0.0,0.0,0.0,0.0,0.0,0.0,0.0,0.0,0.0,0.0,0.0,0.0,0.0,0.0,0.0,0.0,0.0,0.0,0.0,0.0,0.0,0.0,0.0,0.0,0.0,0.0,0.0,0.0,0.0,0.0,0.0,0.0,0.0,0.0,0.0,0.0,0.0,0.0,0.0,0.0,0.0,0.0,0.0,0.0,0.0,0.0,0.0,0.0,0.0,0.0,0.0,0.0,0.0,0.0,0.0,0.0,0.0,0.0,0.0,0.0,0.0,0.0,0.0,0.0,0.0,0.0,0.0,0.0,0.0,0.0,0.0,0.0,0.0,0.0,0.0,0.0,0.0,0.0,0.0,0.0,0.0,0.0,0.0,0.0,0.0,0.0,0.0,0.0,0.0,0.0,0.0,0.0,0.0,0.0,0.0,0.0,0.0,0.0,0.0,0.0,0.0,0.0,0.0,0.0,0.0,0.0,0.0,0.0,0.0,0.0,0.0,0.0,0.0,0.0,0.0,0.0,0.0,0.0,0.0,0.0,0.0,0.0,0.0,0.0,0.0,0.0,0.0,0.0,0.0,0.0,0.0,0.0,0.0,0.0,0.0,0.0,0.0,0.0,0.0,0.0,0.0,0.0,0.0,0.0,0.0,0.0,0.0,0.0,0.0,0.0,0.0,0.0,0.0,0.0,0.0,0.0,0.0,0.0,0.0,0.0,0.0,0.0,0.0,0.0,0.0,0.0,0.0,0.0,0.0,0.0,0.0,0.0,0.0,0.0,0.0,0.0,0.0,0.0,0.0,0.0,0.0,0.0,0.0,0.0,0.0,0.0,0.0,0.0,0.0,#
8,0.606505,0.158488,0.594738,-0.164052,0.378298,0.587798,-0.309337,0.0,1.0,-0.011076,-0.209834,0.461663,-0.230701,0.457847,-0.406477,-0.363499,-0.10116,0.464271,-0.052542,-0.145215,-0.541894,-0.583882,-0.139803,-0.654806,0.347708,-0.241417,0.436063,0.350963,0.329737,-0.078592,-0.208366,0.097848,-0.651525,-0.119084,-0.35488,0.353329,0.227338,-0.18627,-0.272096,0.260935,-0.534386,-0.042879,-0.51811,-0.114649,-0.272096,-0.078885,0.583167,0.598118,-0.336747,0.587798,0.246117,0.005392,0.20758,0.287901,0.246541,0.200199,-0.099409,0.246117,0.220875,0.090995,-0.118041,0.579807,0.337825,-0.360172,-0.387128,0.194574,0.0,0.413237,0.063871,-0.621849,-0.133187,-0.135146,-0.272096,-0.248612,0.14618,0.11551,-0.408144,-0.427092,0.379246,-0.422337,-0.182434,-0.393406,-0.199217,0.133266,0.072404,0.208708,-0.663216,0.365172,-0.206656,-0.263377,0.208708,-0.257575,-0.02312,-0.093167,-0.1984,-0.272096,0.036436,-0.378793,0.365172,-0.041532,-0.314518,-0.53326,0.036436,-0.110805,-0.428705,0.357574,0.073301,0.296755,-0.257575,-0.534115,-0.115196,0.0,0.14618,-0.407936,0.220343,-0.407936,-0.041532,-0.316921,0.423883,-0.110805,-0.10239,0.133266,-0.476225,-0.0268,0.337825,0.12163,0.036436,-0.157507,-0.228061,0.092418,0.34742,0.338237,-0.378793,0.144296,-0.147651,0.072404,0.387531,0.379246,0.448322,0.057916,0.086576,-0.214679,0.155893,0.21417,0.208708,-0.208366,0.072404,0.458305,-0.150465,-0.084427,-0.137631,0.365172,0.347261,0.091521,0.212311,-0.032407,0.431931,0.180415,0.057916,0.134554,-0.270848,-0.272096,0.23258,0.237126,0.036436,0.071706,-0.293962,0.220814,0.337712,-0.534386,-0.012147,0.312766,0.092418,-0.476225,-0.212865,0.036436,-0.093167,0.654635,0.645105,-0.515788,0.397303,0.148244,-0.515942,-0.165336,0.234096,0.208708,0.833405,-0.025264,-0.64768,0.794564,0.036436,-0.26535,0.071706,0.344299,-0.439401,-0.02405,0.369635,-0.394047,0.376207,0.415015,#
9,-0.027446,0.810187,-0.417386,0.438249,0.612579,-0.165828,0.383792,0.0,-0.011076,1.0,0.056861,-0.16215,0.47925,0.24158,-0.497776,0.291872,0.21522,0.216021,-0.392129,0.185476,0.469154,0.428317,0.447877,-0.050118,-0.228203,-0.413533,-0.018757,-0.423923,0.232276,0.191168,-0.508703,-0.474709,0.454465,-0.194143,0.58871,-0.233911,0.376296,-0.789594,-0.333211,0.037143,-0.211321,0.644339,0.255717,-0.500292,0.343624,0.473345,-0.027015,0.15255,-0.096155,0.305972,0.529374,-0.689386,0.367388,-0.044543,-0.342064,-0.168099,0.040127,0.529374,0.331198,0.273304,-0.39208,0.005335,0.260004,0.407686,-0.558616,0.180272,0.0,0.062849,0.227626,0.220011,-0.479083,-0.469069,0.343624,-0.461355,-0.3835,-0.187957,0.00781,0.179585,-0.201853,-0.178216,-0.457793,-0.618349,-0.457793,-0.440472,0.022302,-0.417417,-0.016205,-0.211006,-0.048115,0.024416,-0.417417,-0.389615,0.193741,-0.194177,-0.371283,-0.333211,-0.669376,-0.653645,-0.635194,-0.211006,-0.114232,0.214277,-0.209229,-0.194177,0.213551,-0.269406,-0.225144,-0.334406,-0.815643,-0.202858,-0.334808,0.0,-0.3835,-0.499562,-0.020197,0.022302,-0.211006,-0.287295,0.216162,-0.194177,0.231391,-0.002247,-0.347085,-0.57907,-0.407463,0.417646,-0.669376,-0.432557,0.242334,0.022302,-0.00609,0.215378,-0.193498,0.711532,-0.532628,0.022302,-0.333211,-0.631248,-0.142153,-0.239005,-0.499817,0.004404,0.383272,-0.211398,0.016311,0.005016,0.022302,0.226515,-0.479872,-0.236995,-0.920113,-0.635194,-0.654414,-0.02649,0.310231,0.179585,-0.101447,0.852073,-0.239005,-0.389615,0.378643,0.343624,-0.450598,0.814789,-0.669376,0.19373,-0.025583,-0.134636,-0.245265,0.231772,0.203187,-0.239818,0.022302,-0.347085,-0.025401,-0.209229,-0.654069,0.050367,-0.038529,-0.526339,0.586537,-0.416608,0.154999,0.472974,-0.025401,-0.417417,-0.343033,-0.211006,-0.067072,0.186134,-0.669376,0.41286,0.19373,0.044996,0.362615,-0.192146,0.17198,-0.219957,-0.036365,0.317592,#
10,-0.209747,-0.222864,-0.366566,-0.272773,-0.373158,0.509084,0.018073,0.0,-0.209834,0.056861,1.0,0.362217,-0.647857,-0.353107,-0.06382,-0.225773,0.902753,-0.223289,0.434275,-0.181627,0.433124,0.637568,0.397255,0.160607,0.452292,0.540943,-0.65759,-0.332145,-0.054422,0.46451,-0.079475,-0.337409,-0.131451,0.282664,0.436465,0.440393,-0.642758,0.227783,0.479085,-0.040646,-0.035683,-0.514448,0.33938,-0.184089,-0.266796,0.4965,-0.218619,-0.691796,0.127501,-0.010845,-0.023299,0.115682,-0.154035,0.235394,0.318468,0.525302,-0.179782,-0.023299,-0.192102,-0.039584,0.470895,-0.643264,0.395164,0.313114,-0.02913,-0.167028,0.0,-0.457516,-0.296776,0.482384,-0.115761,-0.244075,-0.266796,-0.343457,0.099039,0.673942,0.137701,-0.052,-0.052072,0.087276,-0.197428,0.067353,-0.197428,0.128575,0.152991,-0.223565,-0.094747,-0.349396,0.383237,0.254925,0.254408,0.08828,-0.043151,0.276577,-0.238174,-0.266796,0.088523,0.088523,-0.331417,-0.06073,0.252218,0.469677,-0.418564,-0.210736,0.1075,-0.111462,0.052464,-0.297039,0.106337,0.758737,-0.457295,0.0,0.099039,-0.044853,-0.031531,-0.044853,-0.06073,-0.168972,0.509379,0.276577,-0.026801,0.11,-0.386613,-0.06929,0.395164,-0.194854,0.088523,-0.025806,0.531328,0.152991,0.433216,-0.026801,0.088523,0.035942,-0.08387,0.152991,-0.266796,-0.507071,-0.372624,-0.404879,-0.034425,0.242481,0.250285,0.406987,-0.223565,-0.079475,0.152991,-0.236179,0.4049,-0.523115,0.126276,-0.331417,-0.204708,-0.023328,-0.445538,-0.343808,-0.239787,0.001386,0.110442,0.267849,0.522203,0.450397,-0.677255,-0.075839,0.088523,-0.223309,0.032515,-0.129173,-0.198209,0.43383,0.094981,-0.184699,0.152991,-0.386613,0.267671,-0.418564,-0.210736,-0.082063,-0.509741,0.148795,-0.339402,0.113079,0.069443,0.464538,-0.049569,-0.223565,-0.117342,-0.06073,0.520468,-0.017727,0.088523,0.269005,-0.223309,-0.440582,0.375084,0.525067,0.109428,0.07779,-0.127028,-0.266796,#
11,0.045732,0.037981,0.333218,-0.07976,0.233925,0.627325,-0.317954,0.0,0.461663,-0.16215,0.362217,1.0,-0.356802,-0.113951,-0.1624,-0.099751,0.27383,-0.20132,-0.004526,0.084339,-0.278188,-0.046841,0.142735,-0.004953,0.309034,0.362789,-0.023417,0.43576,0.236608,0.321068,-0.107792,0.280683,-0.783084,0.091008,-0.224686,0.29738,-0.338952,-0.058739,0.399714,0.55348,-0.16652,-0.140626,0.269496,0.018929,-0.327039,0.574948,0.046289,-0.069532,0.033576,0.120729,-0.015626,0.132632,0.090226,0.149117,0.300821,0.519838,-0.576831,-0.015626,-0.145193,-0.256804,-0.031245,0.032801,0.419873,-0.284165,-0.227954,0.014313,0.0,0.165438,-0.12318,-0.487592,-0.049548,-0.194412,-0.327039,-0.077481,-0.109393,0.171695,-0.490558,-0.300558,0.100981,-0.539893,-0.036545,-0.285072,0.373085,0.773584,-0.001796,-0.107572,-0.059934,-0.192894,0.408822,-0.349593,0.358144,-0.51805,0.113779,-0.337015,-0.51934,-0.327039,0.157621,-0.264673,0.262578,0.088369,-0.369282,-0.147909,-0.336463,0.093486,-0.136484,0.504168,-0.300323,-0.155287,-0.060602,0.141727,-0.40363,0.0,-0.109393,-0.144279,0.08293,-0.144279,0.088369,-0.635844,0.245491,0.093486,-0.202784,0.303039,-0.399189,-0.309059,0.419873,0.000693,0.157621,-0.051136,-0.072409,-0.490308,0.454558,-0.211381,-0.264673,0.110301,-0.046157,-0.001796,0.34381,0.100981,0.205992,-0.31682,0.368967,0.343064,0.036294,0.300046,-0.107572,-0.107792,-0.001796,-0.054203,-0.057384,-0.641236,0.018772,0.262578,0.107964,0.384628,-0.452888,-0.183483,-0.03614,-0.331275,0.185286,0.055715,0.353642,-0.327039,-0.085949,-0.369872,0.157621,-0.144656,-0.131937,-0.133584,0.561822,-0.16652,-0.558414,0.620666,-0.490308,-0.399189,0.371039,-0.336463,-0.337015,0.078792,0.04137,-0.392763,-0.180587,-0.094738,-0.218652,0.458353,0.061934,-0.107572,0.309919,-0.308709,0.072669,0.235639,0.157621,0.061509,-0.144656,0.145806,0.250428,0.266332,0.674904,-0.28308,-0.084969,0.371762,#
12,-0.247756,0.659483,-0.234905,0.35392,0.499443,-0.741938,0.12964,0.0,-0.230701,0.47925,-0.647857,-0.356802,1.0,0.360848,0.046157,0.519485,-0.529551,0.014462,-0.613333,0.366407,0.168611,-0.082209,0.18959,0.153959,-0.529524,-0.316707,0.367988,0.11766,-0.037483,-0.087046,-0.180345,0.071553,0.483176,-0.529524,-0.036456,-0.529765,0.609813,-0.647771,-0.26981,0.197607,0.307741,0.854748,0.181805,0.139978,0.453392,-0.039253,0.111483,0.436618,-0.035918,-0.237817,0.172215,-0.475517,0.108672,-0.241021,-0.483124,-0.353616,-0.072183,0.172215,0.289684,0.058469,-0.579314,0.196185,-0.442399,0.234351,-0.066814,0.403858,0.0,0.389314,0.55659,-0.040929,-0.143541,-0.022496,0.453392,0.08592,-0.66055,-0.675933,0.012517,0.344124,-0.416166,-0.03308,0.18643,-0.377859,0.18643,-0.259736,-0.404509,-0.23677,0.367226,-0.071861,-0.12177,-0.211685,-0.593263,-0.310284,0.00119,-0.529617,-0.185232,0.286499,-0.434623,-0.417814,-0.071861,-0.071861,-0.352248,-0.092673,0.057046,-0.03822,0.038381,-0.045172,-0.411191,-0.165823,-0.310284,-0.529627,0.263793,0.0,-0.66055,0.024425,-0.173242,0.153106,-0.071861,-0.113408,-0.40575,-0.529617,-0.084161,-0.259736,0.224595,-0.463767,-0.606982,0.195829,-0.434623,-0.191454,-0.430403,-0.404509,-0.567048,-0.101271,-0.304352,0.13584,-0.185302,-0.404509,-0.26981,-0.063234,0.219427,0.023168,-0.404715,-0.138045,-0.271188,-0.492674,-0.129823,-0.053673,-0.404509,0.283042,-0.630523,0.300818,-0.599593,-0.071861,-0.529896,0.100963,0.241928,0.344124,0.161582,0.28473,-0.361181,-0.660448,-0.181942,-0.26981,0.198221,0.294332,-0.434623,0.486573,0.168006,-0.140136,-0.092815,-0.056449,-0.061882,0.113579,-0.404509,0.224595,0.186026,0.057046,-0.151619,-0.350746,0.173175,-0.301658,0.44926,-0.333531,-0.03118,-0.075861,0.186026,-0.23677,-0.494936,-0.071861,-0.179943,-0.109264,-0.434623,0.215609,0.486573,0.24076,0.134729,-0.47079,0.010938,0.046463,-0.174973,0.425577,#
13,0.456141,0.453999,0.026766,-0.349905,0.261026,-0.106782,-0.202255,0.0,0.457847,0.24158,-0.353107,-0.113951,0.360848,1.0,-0.052646,-0.273928,-0.218649,0.133207,-0.451605,0.232099,-0.073075,-0.355251,-0.087168,-0.476473,0.227804,-0.049294,0.496395,0.206836,0.281464,0.238262,-0.627473,-0.089261,-0.165722,-0.649158,-0.228726,0.23334,0.404659,-0.473366,-0.330768,0.38145,-0.291701,0.194391,-0.424633,0.331495,-0.330768,-0.412675,0.777404,0.577781,-0.264332,0.388652,0.170401,-0.324346,-0.05083,0.525439,-0.35809,0.048223,0.008917,0.170401,0.323738,0.127703,-0.445495,0.454367,-0.346786,0.27209,-0.295114,0.532284,0.0,0.465677,0.580519,-0.055352,-0.575353,0.148566,0.379973,-0.075169,-0.397571,-0.217993,-0.086109,0.141917,-0.196067,-0.268834,0.360152,-0.715336,-0.057145,-0.415733,-0.495899,-0.059657,-0.583535,0.137438,-0.619944,-0.409194,-0.410007,-0.059267,-0.195262,-0.210714,-0.46394,0.215956,-0.288163,-0.271644,0.137438,-0.267072,-0.281604,-0.219654,-0.288163,-0.649272,-0.598906,0.128654,0.181223,0.035822,-0.059267,-0.649285,0.504313,0.0,-0.397571,-0.074356,0.006677,-0.495899,-0.267072,-0.383723,0.241854,-0.649272,-0.211348,-0.415733,-0.431239,-0.252141,0.192371,-0.42123,-0.288163,-0.628014,-0.43965,0.001756,-0.497121,0.218495,-0.643334,-0.169145,-0.067532,-0.495899,-0.330768,0.150784,0.462433,0.169032,-0.496152,-0.827103,-0.036739,-0.412405,-0.410007,-0.502984,-0.495899,0.970921,-0.565877,0.613655,-0.399891,0.137438,-0.202222,0.000869,0.257388,0.141917,0.725294,0.311146,-0.208693,-0.403397,-0.596416,-0.330768,0.376015,0.423973,-0.288163,0.618489,-0.086085,0.346841,-0.219992,-0.649615,0.130845,0.048991,0.001756,-0.431239,0.345081,-0.288163,0.16077,0.055626,0.339063,-0.625403,0.653448,0.333609,-0.699237,-0.502403,0.789631,-0.059657,0.300779,0.137438,-0.571211,0.681689,-0.288163,0.02547,0.618489,0.105951,-0.45607,-0.244074,-0.212845,-0.298139,0.456794,0.352637,#
14,-0.405976,-0.406451,0.041729,-0.172887,-0.49752,-0.395581,0.105093,0.0,-0.406477,-0.497776,-0.06382,-0.1624,0.046157,-0.052646,1.0,-0.279514,-0.325777,-0.158466,0.100288,0.206094,-0.153703,-0.167252,-0.159945,0.084588,-0.325761,0.601116,0.267695,0.200455,-0.325742,-0.325442,0.276195,0.678635,0.090817,0.173152,-0.031969,-0.32591,-0.39989,0.39422,-0.165986,-0.15689,0.26138,-0.320062,0.175999,0.4697,-0.165986,-0.363413,0.159134,-0.138222,0.475555,-0.395581,-0.924097,0.359949,-0.398804,-0.128622,0.198312,0.08673,0.235814,-0.924097,-0.560018,-0.64918,0.292968,-0.433298,-0.692271,-0.000177,0.397395,-0.246853,0.0,-0.443066,-0.266155,0.18788,0.238019,0.281542,-0.165986,0.669378,0.053641,0.178872,0.423937,0.528165,-0.040319,0.0464,0.437641,0.323652,0.437641,0.060351,-0.248852,0.427862,0.268401,0.06529,0.276583,-0.40638,-0.147093,0.61181,-0.034858,0.163586,0.408519,0.731236,0.341079,0.341079,0.06529,0.516699,-0.180363,-0.325303,0.341079,0.163586,-0.496909,0.552305,0.350388,0.267441,0.61181,0.154355,0.609624,0.0,0.053641,0.998291,-0.608121,0.306501,0.516699,0.469984,-0.496089,0.163586,-0.325454,0.060351,0.19465,0.505602,0.192533,-0.405801,0.341079,0.208121,-0.414507,-0.248852,-0.430647,-0.325454,-0.268898,-0.428991,0.277748,-0.248852,-0.165986,0.528893,-0.255796,0.359359,0.323,-0.151484,-0.403312,0.088894,-0.147093,-0.404797,-0.248852,0.025807,0.251351,0.295444,0.468942,0.06529,0.173274,0.340137,0.205743,0.071843,0.325956,-0.584315,-0.260522,-0.406305,-0.370659,-0.165986,0.448352,-0.608121,0.341079,-0.166927,0.639432,0.473136,0.183155,-0.32599,0.027891,0.043512,-0.248852,0.19465,0.438639,0.341079,0.773225,-0.46093,-0.06351,0.378215,-0.499955,0.60908,-0.06122,-0.389371,-0.057452,0.427862,-0.090378,0.516699,0.17296,-0.326704,0.341079,-0.392204,-0.166927,-0.699653,0.004261,0.047615,-0.486899,0.332006,0.287322,-0.165986,#
15,-0.364111,0.156497,-0.337637,0.438183,0.268765,-0.290815,0.119318,0.0,-0.363499,0.291872,-0.225773,-0.099751,0.519485,-0.273928,-0.279514,1.0,0.006244,-0.029556,-0.38496,-0.042732,0.333719,0.027295,0.343633,0.136922,-0.471286,-0.400443,-0.402583,-0.297767,-0.029118,0.001193,0.17645,-0.027198,0.500732,-0.049074,-0.20986,-0.477554,0.112884,-0.117453,0.257707,0.322735,0.391097,0.476388,0.481962,-0.164108,0.257707,0.182099,-0.420494,-0.049935,-0.093219,-0.290815,0.442315,-0.023588,0.542696,-0.01201,-0.288928,-0.00915,-0.332558,0.442315,0.498501,0.389381,-0.213645,0.115456,-0.142319,-0.18179,-0.237024,-0.00841,0.0,0.211579,0.128112,-0.232771,0.216499,0.166735,0.257707,-0.003454,-0.341644,-0.467063,0.232815,0.16904,-0.21056,0.212323,-0.116126,0.041841,0.313036,0.112079,0.321133,-0.160139,0.75502,0.141525,0.251068,0.166419,-0.047541,-0.40348,0.239243,-0.491267,-0.122846,0.081998,0.005309,0.023006,0.159879,0.141525,-0.059328,0.485193,0.005309,-0.020341,0.719091,-0.273753,-0.479775,-0.017296,-0.385047,0.006941,-0.353472,0.0,-0.341644,-0.303571,0.407704,-0.168093,0.141525,-0.18444,-0.197827,-0.040239,0.446749,0.093119,0.511629,-0.280912,-0.315596,0.559481,0.005309,0.249815,-0.175253,-0.190673,-0.227841,-0.030624,0.142462,0.259075,0.185776,0.321133,0.199137,-0.303454,0.091048,-0.014388,-0.228422,0.418258,0.134752,-0.189396,-0.047541,0.309813,0.321133,-0.346302,-0.318138,-0.113939,-0.186623,0.159879,-0.529132,-0.22297,-0.248943,0.58958,-0.349835,-0.018597,0.107008,0.124935,0.250784,0.228422,-0.162872,-0.021458,0.005309,0.031313,-0.358804,-0.304939,-0.059781,0.486955,-0.245028,-0.181414,-0.190673,0.511629,-0.127394,0.005309,-0.590759,-0.009037,-0.15335,-0.017675,-0.17619,-0.872851,0.329939,0.30947,-0.127394,-0.160139,-0.613911,-0.274487,0.266128,-0.533819,0.005309,0.173007,0.031313,0.34064,0.535863,0.152091,0.270627,0.052208,-0.392618,0.228422,#
16,-0.101203,-0.113884,-0.533818,-0.351028,-0.237353,0.504762,0.021807,0.0,-0.10116,0.21522,0.902753,0.27383,-0.529551,-0.218649,-0.325777,0.006244,1.0,0.011116,0.406888,-0.42545,0.61124,0.533597,0.574534,-0.044214,0.523777,0.348366,-0.742765,-0.417577,0.02994,0.535612,-0.146421,-0.530443,0.011135,0.084135,0.30067,0.512209,-0.525383,0.130066,0.508843,0.113766,0.047588,-0.420503,0.286285,-0.327567,-0.218075,0.395458,-0.109733,-0.485657,-0.012128,-0.001949,0.329686,0.022519,-0.012093,0.413748,0.270686,0.582016,-0.213486,0.329686,0.241536,0.350915,0.400743,-0.516071,0.349826,0.260553,-0.184082,0.023123,0.0,-0.197021,-0.100048,0.429684,-0.16353,-0.263898,-0.218075,-0.530532,-0.052444,0.62668,0.238268,-0.174832,-0.175073,0.244089,-0.328984,-0.006311,-0.328984,-0.062754,0.254292,-0.316586,-0.148741,-0.180543,0.31574,0.385183,0.149235,-0.059312,-0.169279,0.08415,-0.326107,-0.218075,0.010067,0.010067,-0.197416,-0.180543,0.335469,0.577158,-0.484129,-0.428066,0.264307,-0.27368,-0.02667,-0.263859,-0.076259,0.559099,-0.626713,0.0,-0.052444,-0.326946,0.158399,-0.326946,-0.180543,-0.273889,0.657976,0.08415,0.094088,-0.045322,-0.410794,-0.186178,0.349826,-0.05237,0.010067,-0.044355,0.473282,0.254292,0.366446,0.094088,0.010067,0.077787,-0.140411,0.254292,-0.218076,-0.653323,-0.117664,-0.475249,-0.327113,0.140068,0.383917,0.415333,-0.316586,-0.146421,0.254292,-0.106363,0.343144,-0.427588,0.000196,-0.197416,-0.428292,-0.326926,-0.469889,-0.174832,-0.133845,0.183791,0.026971,0.39824,0.439101,0.535766,-0.799597,0.11585,0.010067,-0.017272,-0.155276,-0.194219,-0.428047,0.541093,0.256927,-0.297779,0.254292,-0.410794,0.116572,-0.484129,-0.428066,0.085097,-0.331988,0.059411,-0.192419,-0.076166,-0.053361,0.387885,0.116572,-0.316586,-0.090652,-0.180543,0.47668,0.078427,0.010067,0.37308,-0.017272,-0.23992,0.392921,0.671418,0.241388,0.001815,-0.184024,-0.218075,#
17,0.130184,0.058737,0.013864,-0.095238,0.174608,0.096723,0.208977,0.0,0.464271,0.216021,-0.223289,-0.20132,0.014462,0.133207,-0.158466,-0.029556,0.011116,1.0,0.31582,-0.649633,0.012794,-0.446916,0.337056,-0.707536,-0.043748,-0.306245,0.231403,-0.079856,-0.044458,-0.4821,0.174922,0.004035,0.254735,-0.02451,-0.0151,-0.038628,0.134171,-0.052462,-0.504057,-0.196938,-0.007415,0.003475,-0.275167,-0.512852,0.260524,-0.284334,0.482821,0.612128,-0.06718,0.096723,0.202506,-0.026903,0.143027,-0.007408,0.509076,0.111153,0.347733,0.202506,0.482247,0.360808,0.281565,0.000967,-0.041107,-0.275949,-0.213601,0.111707,0.0,0.119388,-0.059439,-0.138184,0.198386,-0.36185,-0.504057,-0.294145,0.108312,0.398239,0.369548,-0.222263,0.158694,0.267898,-0.59665,0.105996,-0.59665,-0.457756,0.349345,0.309096,-0.31265,0.600651,0.205673,0.130067,-0.162714,0.131702,-0.25052,-0.015607,0.416751,0.232206,-0.01476,-0.374128,0.121471,0.181615,-0.013511,-0.469171,0.505041,-0.015607,-0.147722,0.159684,0.137022,0.469344,-0.349556,-0.479725,-0.305019,0.0,0.108312,-0.188015,-0.14606,-0.166181,0.181615,0.371629,0.233102,-0.015607,0.003484,0.037281,-0.216446,0.249195,-0.069033,0.50649,-0.01476,0.27076,-0.171819,0.349345,0.197009,0.369287,-0.354876,0.240625,-0.368414,0.349345,0.203888,0.140728,0.227628,0.023695,-0.225127,-0.11798,0.190078,0.579029,0.327243,-0.383902,0.349345,0.219433,0.311266,-0.016113,-0.133743,0.121471,-0.06303,-0.32341,0.563762,0.201333,0.478546,0.438228,-0.484982,0.089122,-0.327805,0.260524,-0.14783,0.382849,-0.01476,0.05208,0.15093,0.244746,-0.143405,0.011123,0.720567,-0.202098,0.349345,-0.216446,-0.569885,0.505041,-0.034848,0.574351,0.78835,0.045932,0.213822,0.122236,-0.255787,-0.300633,-0.109372,0.309096,0.471294,0.181615,-0.308702,0.394954,-0.01476,-0.269466,0.05208,-0.070923,-0.11475,0.267064,0.208239,0.031182,0.221671,0.090617,#
18,-0.015444,-0.453627,-0.199006,-0.525216,-0.42185,0.199226,0.079439,0.0,-0.052542,-0.392129,0.434275,-0.004526,-0.613333,-0.451605,0.100288,-0.38496,0.406888,0.31582,1.0,-0.774587,0.235321,0.171078,0.203827,0.07996,0.503294,0.418114,-0.196246,0.148398,-0.217252,-0.024841,0.363767,-0.216235,-0.01958,0.118555,0.157919,0.502653,-0.392648,0.451361,0.256002,-0.400929,0.389539,-0.58379,-0.101137,-0.295064,0.256002,-0.074277,-0.027345,-0.103231,0.274265,-0.427762,-0.103629,0.143253,-0.600985,-0.243138,0.669877,0.127459,0.297389,-0.103629,-0.00484,0.200405,0.60653,-0.607848,0.150656,-0.069222,0.532784,0.037679,0.0,-0.116557,-0.173941,0.419423,0.280661,-0.436463,-0.643464,-0.216271,0.245002,0.712055,0.124541,-0.59055,-0.119492,0.538008,-0.35563,0.655437,-0.461251,-0.145344,0.099286,-0.067492,-0.291325,-0.094675,0.343423,0.49912,0.043353,0.264934,-0.621968,0.229578,0.454709,0.083028,0.102439,0.102439,0.013731,-0.197059,0.590717,-0.158026,0.102439,0.236108,0.042617,-0.100654,0.11599,-0.084283,0.373811,0.256514,-0.373406,0.0,0.245002,0.099286,-0.35563,0.232655,-0.197059,0.455755,0.134787,0.118576,-0.306704,-0.257338,-0.170981,0.289413,-0.019924,-0.119389,0.102439,0.360846,0.438018,0.225246,0.466372,-0.193652,0.220036,-0.301039,-0.330398,0.099286,0.048433,-0.119492,0.073324,-0.467933,0.072649,0.072676,-0.088524,0.716628,0.043353,-0.18764,0.099286,-0.29944,0.964711,-0.193652,0.453549,0.013731,0.208358,-0.430302,-0.15305,-0.59055,0.01008,-0.068294,-0.348427,0.373811,0.052105,0.083028,-0.496833,-0.207762,0.102439,-0.036991,0.404754,-0.241349,-0.339521,0.389539,0.572435,0.064071,0.225246,-0.170981,-0.3038,0.102439,0.229578,-0.039238,0.23013,0.649877,-0.240265,0.4297,-0.02782,-0.135364,-0.191281,-0.067492,0.33272,-0.094675,0.391289,-0.006108,0.102439,0.13305,-0.036991,-0.187017,-0.035047,0.460523,0.187737,0.24333,-0.318526,-0.643464,#
19,-0.090186,0.325356,0.304563,0.510514,0.198637,-0.200702,-0.058226,0.0,-0.145215,0.185476,-0.181627,0.084339,0.366407,0.232099,0.206094,-0.042732,-0.42545,-0.649633,-0.774587,1.0,-0.343231,0.13652,-0.403251,0.315447,-0.425428,-0.072498,0.271945,0.00059,0.099844,0.046803,-0.316314,0.287674,-0.16192,0.079646,0.151384,-0.425623,0.229721,-0.339218,-0.21677,0.100145,-0.425728,0.402717,0.141011,0.428419,-0.21677,0.249064,-0.152853,-0.212948,-0.040128,0.337475,-0.318524,-0.128635,0.212795,-0.07128,-0.575756,-0.260368,-0.180948,-0.318524,-0.574889,-0.643712,-0.482182,0.304196,-0.007965,0.260943,-0.189307,-0.200244,0.0,-0.211418,-0.020193,-0.14677,-0.285099,0.310278,0.555287,0.354854,-0.065007,-0.558397,-0.325155,0.599395,0.164839,-0.649982,0.479322,-0.503706,0.479322,0.300781,-0.324989,0.027592,0.239533,-0.301692,-0.286145,-0.530713,0.027592,-0.071649,0.61473,0.069946,-0.336842,-0.21677,-0.118099,-0.028375,-0.301692,0.155292,-0.515869,0.040737,-0.118099,0.069946,-0.223874,0.184021,-0.020364,-0.135372,-0.071649,0.060599,0.537403,0.0,-0.065007,0.237223,0.007893,0.237223,0.155292,-0.285356,-0.288595,0.069946,0.049889,0.300781,0.106658,-0.197568,-0.007965,-0.176442,-0.118099,-0.392869,-0.161661,-0.324989,-0.295088,-0.041441,-0.028375,0.186522,0.250865,-0.324989,-0.21677,0.164839,-0.392957,0.370763,0.253888,0.019677,-0.116344,-0.683346,0.027592,0.269678,-0.324989,0.108489,-0.736619,0.049889,-0.296313,-0.301692,0.079702,0.724535,0.120022,0.137438,-0.195209,-0.08875,0.370763,-0.530615,0.125229,-0.21677,0.492323,0.007893,-0.118099,-0.151134,-0.057939,0.184215,0.481439,-0.425728,-0.665736,0.121725,-0.324989,0.106658,0.490748,-0.118099,0.069946,-0.286774,-0.485831,-0.44525,0.119902,-0.085647,0.197307,0.250489,-0.011469,0.027592,-0.354339,0.155292,-0.234635,-0.093054,-0.118099,-0.099487,-0.151134,-0.069788,-0.010341,-0.649835,-0.338637,-0.125229,0.26245,0.406815,#
20,-0.175831,0.280536,-0.989904,-0.205928,0.047105,-0.352551,0.444563,0.0,-0.541894,0.469154,0.433124,-0.278188,0.168611,-0.073075,-0.153703,0.333719,0.61124,0.012794,0.235321,-0.343231,1.0,0.669389,0.600133,0.23712,0.154381,0.234211,-0.446953,-0.332871,0.117126,0.558532,-0.322813,-0.613622,0.619234,-0.301043,0.456563,0.142664,-0.215756,-0.247003,0.292838,0.12592,0.483834,0.048074,0.505888,-0.37738,0.292838,0.214556,-0.199146,-0.161778,0.313232,-0.391433,0.389763,-0.489596,-0.194469,0.082328,-0.187655,0.037217,0.131627,0.389763,0.473822,0.570869,-0.057429,-0.579368,-0.152919,0.400411,-0.03737,0.267863,0.0,0.076629,0.285232,0.727818,-0.375414,-0.379833,0.23706,-0.282704,-0.526935,0.120217,0.355589,-0.035829,-0.751481,0.411082,-0.301525,-0.057592,-0.301525,-0.537706,-0.047189,-0.660767,0.114535,-0.406869,0.159121,0.325536,-0.571407,-0.182374,-0.379738,-0.301096,-0.23837,0.153391,-0.501929,-0.11429,-0.424348,-0.406869,0.539919,0.559196,-0.501929,-0.320046,0.455366,-0.455435,-0.108384,-0.565706,-0.199929,0.154424,-0.404391,0.0,-0.526935,-0.176211,-0.193337,-0.068692,-0.406869,-0.129422,0.081848,-0.301096,0.10347,-0.519649,-0.242823,-0.416568,-0.290436,-0.081524,-0.501929,-0.263561,0.41532,-0.047189,-0.230756,-0.29111,-0.019487,0.090325,-0.413754,-0.047189,-0.404396,-0.857642,0.074529,-0.566814,-0.606594,-0.137625,0.266827,-0.005086,-0.571407,-0.259308,-0.047189,0.027094,0.166996,-0.012331,-0.330825,-0.424348,-0.794217,-0.606246,-0.234173,-0.035829,-0.114271,0.366724,-0.470472,-0.0946,0.351649,0.320728,-0.745683,0.249434,-0.501929,0.372162,0.214067,-0.336522,-0.793764,0.593381,0.432442,-0.264386,-0.047189,-0.242823,0.175182,-0.501929,-0.414796,-0.437271,-0.229943,0.063648,0.081082,-0.175517,0.121201,0.246964,0.175182,-0.660767,-0.470842,-0.406869,0.672527,-0.262191,-0.501929,0.734797,0.372162,-0.144496,0.574781,0.431593,0.111866,-0.042826,-0.409192,-0.404396,#
