0,1.0,0.07689,-0.24975,-0.250738,0.393547,-0.407489,0.50246,-0.1665,-0.1665,0.086299,-0.211683,-0.00381,0.081568,0.338266,0.699301,0.316906,0.102657,-0.499501,-0.607217,0.338266,-0.446216,-0.396174,-0.761927,-0.023612,-0.1665,-0.401675,-0.053358,-0.023612,0.304771,0.161953,-0.985172,0.0,0.063973,-0.407841,0.104195,-0.326925,0.21336,-0.195841,-0.24975,0.38721,-0.492119,-0.237013,-0.387602,-0.045256,0.268856,-0.356801,0.224861,-0.213941,0.219438,0.478954,0.132765,-0.196198,0.063973,0.26764,-0.36126,-0.247347,0.394539,-0.680873,-0.333923,0.139639,-0.530012,0.99856,0.175879,-0.680873,-0.373935,-0.586561,0.0,-0.242418,0.202695,-0.234512,0.028368,0.117263,0.202946,-0.004757,0.0999,-0.507141,-0.24975,-0.163912,-0.326834,-0.106285,0.44803,-0.223264,0.313714,-0.327,-0.407841,0.0999,-0.285773,-0.003366,-0.106285,-0.611761,-0.003366,-0.24975,0.313714,-0.1665,-0.101485,-0.249623,-0.003366,-0.168149,-0.407639,-0.327,-0.680873,0.039538,-0.499249,-0.1665,-0.285773,-0.1665,0.155625,-0.003366,-0.1665,-0.407841,0.162961,0.0,-0.327,-0.327,-0.163912,-0.407841,-0.101485,-0.499249,0.048456,-0.407841,0.313714,-0.24975,0.261031,0.107131,0.110106,-0.106285,-0.499249,0.067199,-0.515297,-0.327,-0.223264,-0.327,-0.813288,-0.07906,0.269394,-0.327,0.0,-0.326834,-0.05361,0.349911,0.0,-0.668754,0.535069,-0.476201,-0.762512,-0.515297,0.2183,0.328737,-0.376528,0.632701,-0.594183,0.0999,0.0,-0.24975,0.349911,0.184755,0.070495,-0.122807,-0.285773,-0.407841,-0.76924,-0.249623,0.155625,-0.063442,-0.407841,0.179391,-0.24975,0.514454,0.0,-0.611427,-0.449351,-0.237013,-0.1665,-0.28968,0.013186,-0.106285,0.0,0.071652,0.079275,-0.668754,-0.19352,0.120731,0.230171,0.179391,0.26184,-0.407841,0.406614,-0.611427,-0.10821,-0.306841,-0.499501,0.271451,0.466704,0.352374,0.179391,-0.405061,-0.392287,-0.178558,-0.063442,-0.24847,#
1,0.07689,1.0,-0.408156,0.098202,0.24581,-0.217054,0.011321,-0.272104,-0.272104,0.166667,-0.319587,-0.383363,0.571299,0.087626,-0.272104,0.090999,-0.666135,-0.007774,-0.129872,0.087626,0.366631,0.437709,0.11077,0.216416,-0.272104,-0.65644,0.812729,0.216416,0.11077,-0.121745,-0.163973,0.0,0.276746,-0.666516,-0.167737,-0.534279,0.527464,-0.758239,0.116616,0.270224,0.048596,0.670655,0.407797,0.085339,-0.027995,0.237125,-0.533887,0.770028,0.218749,0.023893,0.298037,-0.987564,0.276746,-0.651451,-0.106159,-0.404227,0.253456,0.340628,0.418669,0.309557,-0.029462,0.110512,0.00938,0.340628,-0.076854,0.304439,0.0,0.54165,0.257445,0.028901,-0.382444,-0.277356,0.358495,-0.323933,-0.247976,-0.264351,-0.408156,-0.205813,-0.093581,-0.582994,-0.443633,-0.801801,0.067309,-0.534401,-0.253911,-0.666185,0.500144,-0.407295,-0.582994,-0.174564,-0.407295,-0.408156,0.067309,-0.272104,-0.16693,0.101571,-0.815899,-0.205247,-0.256019,-0.534401,0.340628,-0.288688,-0.006548,0.401677,0.500144,-0.272104,-0.12697,-0.407295,-0.272104,-0.253911,0.352645,0.0,-0.093308,-0.534401,0.217574,-0.253911,-0.16693,0.402056,-0.65991,-0.253911,0.067309,-0.408156,-0.392317,-0.250113,-0.140541,-0.582994,-0.006548,0.304796,-0.093365,-0.534401,-0.357464,-0.534401,-0.433663,-0.082675,-0.394058,-0.534401,0.0,0.355607,0.107429,-0.621058,0.0,-0.414313,-0.319114,-0.152742,0.078329,-0.093365,-0.53413,0.62216,-0.616655,0.401677,-0.542522,-0.666185,0.0,-0.408156,-0.197671,0.317038,-0.661374,0.319405,-0.400982,-0.666516,0.206099,0.101571,-0.12697,-0.035265,-0.666516,0.390517,0.09718,-0.131976,0.0,-0.174765,0.153175,0.212928,-0.272104,0.047761,0.153922,-0.582994,0.0,-0.259887,0.577997,-0.414313,0.638547,-0.670792,-0.439739,0.390517,0.085451,-0.666516,-0.423967,-0.174765,0.161296,0.605329,-0.412043,0.529226,0.395791,0.198422,-0.132687,-0.661972,-0.108172,-0.738996,-0.035265,0.068556,#
2,-0.24975,-0.408156,1.0,0.344494,0.414467,0.087123,-0.007871,0.666667,0.666667,-0.408152,-0.233084,0.015255,-0.408248,0.386706,-0.166667,-0.76337,0.102004,0.0,-0.104658,0.386706,-0.348955,-0.395605,0.326867,0.065653,-0.166667,0.538954,0.00387,0.065653,0.326867,-0.326776,0.287826,5.6e-05,-0.320185,0.612372,0.173832,0.231976,0.276172,0.226196,-0.25,-0.611995,0.418099,0.366341,-0.386106,-0.400743,0.104238,-0.363479,0.777184,0.240001,0.366096,0.019208,-0.632539,0.455635,-0.320185,0.195553,-0.386106,-0.247594,-0.089054,0.162275,-0.324971,0.17312,-0.336851,-0.256168,-0.74622,0.162275,0.249539,0.293093,0.0,0.321045,0.076565,0.371751,-0.116927,0.389068,0.225249,0.666667,-0.408046,-0.287348,0.375,0.436371,-0.32716,0.417559,0.017205,0.335841,-0.249461,0.763763,0.102062,0.626437,-0.761584,0.005615,0.417559,-0.102062,0.005615,0.375,-0.249461,-0.166667,-0.092351,0.392657,0.510978,-0.092229,0.626437,0.218218,0.162275,-0.407418,0.005615,-0.166667,-0.204328,-0.166667,0.238697,0.005615,-0.166667,0.102062,0.329109,0.0,0.218218,0.763763,-0.087274,0.612372,-0.092351,-0.499748,0.155463,0.102062,-0.249461,-0.25,0.352929,-0.407971,-0.489275,0.417559,0.005615,-0.316251,0.295312,0.218218,0.335841,0.763763,0.301519,-0.030914,-0.19975,0.218218,0.0,0.228395,0.214654,0.436371,0.0,0.18699,-0.405028,-0.257663,0.335841,0.295312,0.228395,-0.249814,0.267208,-0.166667,0.465221,0.109195,0.0,1.0,0.436371,-0.325972,0.574979,0.080875,0.352929,0.102062,0.196718,-0.249873,0.80403,0.521651,0.612372,0.299284,0.375,-0.489903,0.0,-0.09724,0.120369,0.366341,-0.166667,0.344031,-0.395973,0.417559,0.0,0.115271,-0.396774,0.18699,-0.077486,0.625336,0.384003,-0.994916,-0.197281,0.612372,-0.237869,0.417559,-0.358283,-0.230361,0.5,-0.761108,-0.499113,0.064523,-0.347816,0.147442,0.278277,0.143739,0.01134,0.429605,#
3,-0.250738,0.098202,0.344494,1.0,-0.065401,0.073539,0.203882,0.229663,0.229662,0.51172,-0.428941,-0.173045,0.093759,0.324303,-0.508538,-0.447338,-0.35933,0.213258,-0.135104,0.324303,0.208532,0.204821,0.051421,-0.270328,-0.508538,0.080413,0.227046,-0.270328,0.08648,-0.073934,0.209454,4.9e-05,0.38791,0.529071,0.142916,-0.026094,0.00302,0.03245,-0.209157,-0.511369,0.220429,0.322231,0.188316,-0.424593,-0.059694,-0.556863,-0.019646,0.290133,0.192179,0.214897,-0.198516,-0.001546,-0.133475,0.178842,-0.315303,-0.311224,-0.114202,0.501053,-0.06245,-0.208051,-0.399243,-0.223793,0.007916,0.501053,-0.2612,0.198312,0.0,0.073322,-0.073058,0.50596,-0.26292,-0.142362,0.432813,0.544081,-0.362595,-0.161843,0.303483,0.7922,0.414365,-0.077131,-0.216572,0.069116,-0.260461,-0.032218,0.077017,0.095598,0.009345,-0.214993,-0.077131,-0.093759,-0.662664,0.303483,0.281163,0.174981,0.374388,0.344318,-0.214993,-0.126332,0.104083,0.415251,0.501053,0.047739,0.655479,0.229663,0.009345,0.229663,0.396515,-0.214993,-0.508538,-0.375037,-0.056805,0.0,-0.068015,0.451048,-0.135533,0.562556,-0.085786,0.207808,-0.278491,0.077017,0.281163,0.303483,0.036769,0.088915,-0.43342,0.378899,-0.239863,-0.367108,0.293896,0.415251,-0.417704,0.415251,-0.056885,0.630861,0.028467,0.415251,0.0,-0.041315,-0.090013,0.354104,0.0,-0.188649,0.053352,-0.223494,0.528891,0.293896,-0.050429,0.324454,0.244318,0.202322,-0.140655,-0.328655,0.0,0.344494,0.354104,0.392433,0.153059,0.266225,0.502986,0.077017,0.478832,0.302157,0.433611,0.639201,0.077017,-0.295637,0.344494,-0.279973,0.0,0.353564,0.528358,-0.160686,0.174981,0.017737,-0.346439,0.378899,0.0,-0.364745,-0.34529,-0.188649,0.374765,0.076534,0.53153,-0.338098,-0.403149,0.529071,-0.256095,0.353564,-0.407047,-0.191467,-0.229663,-0.416809,-0.683399,-0.020699,0.23513,0.120331,-0.252849,0.001845,0.187147,0.342728,#
4,0.393547,0.24581,0.414467,-0.065401,1.0,-0.607456,0.393651,0.249996,0.302626,-0.152976,-0.578128,-0.407355,0.257837,0.434479,0.249996,-0.091737,-0.175968,0.023684,-0.182726,0.434479,-0.434481,-0.423148,-0.076091,0.231164,-0.407888,-0.216793,0.382857,0.231164,0.337447,-0.381604,-0.32147,0.0,0.028251,-0.161148,0.480316,-0.324085,0.725303,-0.618701,-0.611831,-0.273163,-0.038236,0.530221,-0.432689,-0.229713,0.529662,0.016219,0.526719,0.505743,0.517756,0.009098,-0.24716,-0.299548,0.028251,-0.420689,-0.471348,-0.605943,0.617455,-0.237714,-0.241892,0.400395,-0.488649,0.384246,-0.632501,-0.237714,0.081074,0.028449,0.0,0.359112,0.2715,-0.015499,-0.06132,0.011974,0.088912,0.231199,-0.188291,-0.714577,-0.118419,-0.253091,-0.800668,0.153985,-0.019468,-0.104607,-0.12859,0.094751,-0.145033,0.236384,-0.542094,-0.03236,0.153985,-0.225607,-0.03236,-0.078946,-0.12859,-0.407888,-0.273404,-0.104268,-0.016402,-0.281232,-0.149272,-0.37039,-0.237714,-0.614792,-0.409159,0.276311,-0.102162,-0.407888,0.059508,-0.03236,-0.407888,-0.177263,0.640509,0.0,0.111978,0.094751,-0.269627,0.257837,-0.240596,-0.393201,-0.168388,-0.177263,-0.12859,-0.611832,0.330927,-0.607345,-0.560691,0.153985,-0.409159,0.000396,0.097917,-0.37039,0.346601,0.094751,-0.178528,-0.079073,-0.591356,-0.37039,0.0,0.12914,0.137687,0.13734,0.0,-0.270146,-0.238145,-0.457683,-0.06315,0.097917,0.08723,-0.116291,-0.413018,0.276311,-0.150164,-0.204624,0.0,0.414467,0.567273,-0.360804,0.174348,0.423946,-0.542094,-0.564017,-0.261053,-0.61152,0.541521,0.408241,-0.161148,0.600898,0.434203,-0.04857,0.0,-0.636262,-0.174549,0.530221,-0.407888,0.355019,-0.182353,0.153985,0.0,0.206271,0.215158,-0.270146,0.153949,0.264034,0.302336,-0.461689,-0.096785,-0.161148,-0.096676,-0.229849,-0.191417,-0.12124,0.007895,-0.127473,0.401911,0.199226,-0.482123,-0.555808,0.079332,-0.197843,0.005372,-0.030346,#
5,-0.407489,-0.217054,0.087123,0.073539,-0.607456,1.0,-0.03622,0.388095,-0.271931,-0.257925,0.537719,0.033649,-0.666091,-0.407805,-0.271931,-0.371501,0.17331,-0.419777,-0.225915,-0.407805,0.446161,0.399612,0.518043,-0.195518,0.414496,0.224817,0.030839,-0.195518,-0.345583,-0.061242,0.329094,2.4e-05,-0.037592,0.142272,-0.498726,-0.090357,-0.235507,0.621278,0.641545,-0.125406,0.491343,-0.052366,0.427683,-0.205345,-0.525683,-0.012267,-0.113087,-0.141397,-0.496245,0.009128,-0.384801,0.273644,-0.037592,0.296603,0.445584,0.598601,-0.614805,0.199073,0.238267,0.259099,0.480903,-0.396477,0.180423,0.199073,-0.085442,-0.014994,0.0,0.095833,-0.396093,0.482151,0.055963,0.145929,0.358087,-0.236101,-0.25609,0.703248,0.582143,0.255758,0.355045,0.240927,-0.388913,0.077864,0.136912,0.347399,-0.26191,0.153581,0.107987,-0.014854,0.240927,-0.174607,0.401419,0.087123,0.115992,0.388095,0.244305,0.620296,0.401419,0.252198,0.587833,0.330115,0.199073,0.181627,0.393414,-0.271931,0.549352,-0.271931,0.362588,-0.014854,0.414496,0.562621,-0.347024,0.0,-0.101973,-0.101973,0.687092,-0.26191,-0.167137,-0.006849,0.167951,0.142272,0.115992,0.087123,0.09916,0.173565,0.0567,-0.183119,0.809688,0.506608,-0.104473,0.330115,0.077864,0.330115,0.169555,-0.36629,0.564014,0.330115,0.0,-0.084972,-0.123684,-0.16728,0.0,0.265101,-0.229919,0.495396,0.069159,-0.104473,-0.093773,0.145052,0.405898,-0.271931,0.142444,0.169968,0.0,0.087123,-0.16728,0.369145,-0.272827,-0.407391,0.549352,0.158439,0.280897,0.620296,-0.085174,-0.005748,0.562621,-0.057531,-0.407896,-0.393252,0.0,0.249082,0.20442,-0.069637,0.388095,0.088362,-0.238353,-0.183119,0.0,0.163728,-0.202258,0.265101,-0.527381,-0.280254,-0.331925,-0.057531,-0.324112,0.142272,-0.388104,0.232772,0.396092,0.149611,0.388095,-0.315608,-0.40322,0.264834,0.454992,0.520833,-0.06759,0.161265,-0.40993,0.077723,#
6,0.50246,0.011321,-0.007871,0.203882,0.393651,-0.03622,1.0,0.322715,-0.333209,0.432859,-0.274193,-0.623591,0.01928,0.002153,0.322715,0.210967,-0.012846,-0.196777,-0.454154,0.002153,0.006278,-0.02043,-0.254245,-0.335895,-0.333209,-0.366172,0.189914,-0.335895,-0.254245,-0.236431,-0.44738,-2.4e-05,0.651103,-0.012853,0.506895,-0.654261,0.224624,-0.171966,-0.499814,-0.420073,-0.137696,0.010161,-0.010674,-0.498103,0.307602,-0.152005,0.181914,-0.060741,-0.144078,0.166307,-0.371949,-0.06542,0.169299,-0.030015,-0.012156,-0.068696,0.393995,-0.456131,-0.178321,0.270408,-0.265801,0.496015,0.155526,-0.456131,-0.540592,-0.612895,0.0,-0.227821,-0.356669,0.282285,0.263875,-0.315271,0.232892,-0.046477,-0.024156,-0.110826,0.484072,-0.016029,-0.216795,0.390885,-0.238253,0.197536,-0.018249,-0.225007,-0.414523,0.382969,-0.222333,0.172104,0.390885,-0.404883,0.172104,-0.007871,0.501509,0.322715,0.405977,0.006181,0.172104,-0.027404,-0.408663,0.204396,-0.456131,-0.021073,0.210114,0.348952,0.216289,-0.333209,0.648285,0.172104,-0.333209,-0.012853,-0.0223,0.0,-0.225007,-0.225007,-0.016029,0.003213,-0.428148,-0.187662,-0.024963,-0.012853,0.501509,-0.007871,0.630543,-0.012845,-0.533077,0.390885,-0.203573,0.427439,-0.032542,0.204396,0.197536,0.204396,-0.310901,0.18298,0.188277,0.204396,0.0,-0.654078,-0.423023,0.373239,0.0,-0.351763,0.369333,-0.013183,-0.210994,-0.032542,0.196194,-0.005831,-0.011512,0.348952,-0.517009,-0.024156,0.0,-0.007871,0.801892,0.255214,-0.064183,0.206249,-0.239877,-0.414523,-0.346985,0.006181,0.203306,0.594828,-0.012853,-0.042148,0.011807,0.221321,0.0,-0.397008,-0.035604,0.010161,0.322715,0.202319,-0.43946,0.390885,0.0,0.364536,-0.036555,-0.351763,-0.446647,-0.041146,0.599439,-0.042148,-0.701651,-0.012853,0.00846,-0.413217,0.112672,-0.522199,-0.212519,-0.257435,0.184904,0.349639,0.46719,-0.012766,-0.530305,0.302128,-0.224578,-0.497252,#
7,-0.1665,-0.272104,0.666667,0.229663,0.249996,0.388095,0.322715,1.0,-0.111111,-0.272101,0.197769,-0.333062,-0.272166,-0.16663,-0.111111,-0.508913,-0.27201,-0.333333,-0.405216,-0.16663,0.199403,0.138301,0.189974,0.218844,-0.111111,0.473367,0.338014,0.218844,0.189974,-0.217851,0.191884,0.0,-0.213457,0.408248,0.252226,-0.218168,0.306858,0.26907,-0.166667,-0.407997,0.389121,0.360526,0.150675,-0.267162,-0.214794,-0.24232,0.48981,0.160001,0.034866,-0.33294,-0.996728,0.303757,-0.213457,0.032592,0.150675,-0.165063,-0.40784,-0.012021,0.247596,0.072667,-0.084212,-0.170779,-0.49748,-0.012021,0.134367,0.163363,0.0,0.186234,-0.097833,0.247834,-0.328509,0.259379,0.518497,0.444444,-0.272031,-0.031928,0.666667,0.290914,-0.218107,0.278373,-0.332631,0.223894,-0.166307,0.509175,-0.272166,0.417625,-0.507723,0.340652,0.278373,-0.408248,0.340652,-0.166667,-0.166307,-0.111111,0.28475,0.690124,0.340652,0.284371,0.417625,0.509175,-0.012021,-0.271612,0.340652,-0.111111,0.235286,-0.111111,0.53602,0.340652,-0.111111,0.408248,0.219406,0.0,-0.218218,0.509175,0.290914,0.408248,-0.407885,-0.333165,-0.269468,0.408248,-0.166307,-0.166667,0.235286,-0.271981,-0.635199,0.278373,0.340652,0.224221,0.196875,0.509175,0.223894,0.509175,0.201011,-0.329746,0.241365,0.509175,0.0,-0.218107,0.277261,0.290914,0.0,0.12466,-0.270019,0.257663,0.223894,0.196875,-0.218107,-0.166543,0.178139,-0.111111,0.310147,0.417625,0.0,0.666667,0.290914,-0.217315,0.383319,-0.323498,0.235286,-0.272166,0.131145,-0.166582,0.53602,0.347767,0.408248,0.199522,-0.166667,-0.326602,0.0,-0.408026,-0.257632,0.360526,-0.111111,0.229354,-0.263982,0.278373,0.0,0.418391,-0.264516,0.12466,-0.396037,0.346628,0.256002,-0.663277,-0.507294,0.408248,-0.158579,0.278373,0.37217,-0.153574,0.333333,-0.507406,-0.332742,0.305888,0.199522,0.4669,0.185518,0.26248,-0.332647,-0.165812,#
8,-0.1665,-0.272104,0.666667,0.229662,0.302626,-0.271931,-0.333209,-0.111111,1.0,-0.272101,-0.508548,0.353401,-0.272165,0.682238,-0.111111,-0.508913,0.408015,0.333333,0.265672,0.682238,-0.664676,-0.665774,0.245848,-0.131306,-0.111111,0.245238,-0.332854,-0.131306,0.245848,-0.217851,0.191884,3.7e-05,-0.213457,0.408248,-0.020451,0.527469,0.061372,0.032525,-0.166667,-0.407997,0.168343,0.127929,-0.665483,-0.267162,0.353779,-0.24232,0.546435,0.160001,0.453262,0.35855,0.153343,0.303757,-0.213457,0.228145,-0.665483,-0.165063,0.289102,0.228387,-0.680893,0.158159,-0.364923,-0.170779,-0.49748,0.228387,0.198352,0.227427,0.0,0.241826,0.19992,0.247834,0.172606,0.259379,-0.218165,0.444444,-0.272031,-0.351202,-0.166667,0.290914,-0.218107,0.278373,0.355571,0.223894,-0.166307,0.509175,0.408248,0.417625,-0.507723,-0.333165,0.278373,0.272166,-0.333165,0.666667,-0.166307,-0.111111,-0.407885,-0.166582,0.340652,-0.407343,0.417625,-0.218218,0.228387,-0.271612,-0.333165,-0.111111,-0.507723,-0.111111,-0.217758,-0.333165,-0.111111,-0.272165,0.219406,0.0,0.509175,0.509175,-0.40728,0.408248,0.28475,-0.333165,0.476752,-0.272165,-0.166307,-0.166667,0.235286,-0.271981,-0.017167,0.278373,-0.333165,-0.645889,0.196875,-0.218218,0.223894,0.509175,0.201013,0.288528,-0.507699,-0.218218,0.0,0.522634,0.008944,0.290914,0.0,0.12466,-0.270019,-0.601213,0.223894,0.196875,0.522634,-0.166543,0.178139,-0.111111,0.310148,-0.272031,0.0,0.666667,0.290914,-0.217315,0.383319,0.431331,0.235286,0.408248,0.131145,-0.166582,0.53602,0.347767,0.408248,0.199523,0.666667,-0.326602,0.0,0.278373,0.418124,0.127929,-0.111111,0.229354,-0.263982,0.278373,0.0,-0.264696,-0.264516,0.12466,0.292723,0.487153,0.256002,-0.663277,0.244253,0.408248,-0.158579,0.278373,-0.849881,-0.153574,0.333333,-0.507406,-0.332742,-0.219857,-0.663277,-0.27031,0.185518,-0.070828,0.347767,0.738619,#
9,0.086299,0.166667,-0.408152,0.51172,-0.152976,-0.257925,0.432859,-0.272101,-0.272101,1.0,-0.372139,-0.42272,0.579152,0.09725,-0.272101,0.536427,-0.230187,0.404189,0.202066,0.09725,0.386389,0.397569,-0.364399,-0.464126,-0.272101,-0.232688,-0.017607,-0.464126,-0.364399,0.323489,-0.05512,2.4e-05,0.796794,0.158539,0.386719,-0.107485,-0.405647,-0.309112,-0.408152,-0.174609,-0.377745,-0.213466,0.388396,0.082438,-0.018325,-0.072393,-0.533882,-0.165627,-0.345683,-0.007916,0.24488,-0.130246,0.311672,-0.005424,-0.096726,0.042188,0.245855,0.190624,0.032376,-0.404391,-0.206231,0.099281,0.476591,0.190624,-0.620987,-0.234341,0.0,-0.352181,-0.298243,0.142809,0.073208,-0.445589,-0.078884,0.10718,0.170075,-0.078189,0.106991,0.232863,0.364074,-0.150595,-0.027362,0.095335,0.076523,-0.534397,0.158539,-0.239854,0.525161,0.001157,-0.150595,0.245897,-0.399357,0.106991,0.620794,0.414757,0.26916,-0.407944,-0.399357,0.221291,-0.666179,0.347617,0.190624,0.565519,0.417692,0.414757,0.083519,0.388339,0.346885,0.001157,-0.272101,-0.245897,-0.158992,0.0,-0.084743,-0.102037,-0.182141,0.158539,-0.159008,0.417692,-0.198612,0.158539,0.620794,0.602322,0.083519,0.181988,-0.132656,0.257398,-0.399357,-0.174969,0.400993,0.347617,-0.340205,-0.084743,-0.129041,0.83104,0.076582,0.347617,0.0,-0.534125,-0.426787,0.232863,0.0,-0.388269,0.567157,-0.096487,0.095335,0.400993,-0.07622,0.089162,-0.085377,0.414757,-0.28404,-0.256251,0.0,-0.408152,0.249463,0.399956,-0.195324,0.407647,0.065854,0.158539,0.243953,0.121648,-0.11908,0.400481,-0.245897,-0.657595,0.106991,0.357743,0.0,0.257398,0.152332,-0.213466,0.414757,0.072838,0.152725,0.257398,0.0,-0.252345,-0.272493,-0.388269,0.211248,-0.309386,0.498612,0.388608,-0.38909,0.158539,0.029185,-0.166914,-0.075148,-0.407734,-0.404189,0.058516,-0.019514,-0.266819,0.388608,0.155997,-0.62879,0.179196,0.384304,-0.40606,#
10,-0.211683,-0.319587,-0.233084,-0.428941,-0.578128,0.537719,-0.274193,0.197769,-0.508548,-0.372139,1.0,0.224975,-0.346023,-0.762652,0.197769,0.027318,0.069165,-0.220371,-0.094848,-0.762652,0.274641,0.229808,0.03907,0.105728,0.226021,0.187073,-0.175177,0.105728,0.03907,-0.005755,0.187965,0.0,-0.458157,0.069204,-0.128269,-0.049154,-0.237979,0.626282,0.360221,0.381721,-0.117188,-0.349686,0.233868,0.217088,-0.501188,0.066974,-0.097909,-0.413881,-0.285472,-0.235088,-0.222032,0.303623,0.060662,0.140885,0.771844,0.317406,-0.569054,-0.262855,0.346267,-0.258684,0.72091,-0.226489,0.165884,-0.262855,0.213944,-0.162898,0.0,-0.415588,-0.311496,-0.470863,-0.158568,0.293995,-0.043947,-0.308761,0.519264,0.690057,0.296653,-0.062136,0.442625,-0.128961,-0.199296,0.011386,-0.179101,-0.055487,0.086506,0.045789,0.10391,0.627273,-0.128961,-0.086506,0.627273,-0.233084,-0.201488,0.197769,0.336583,0.337649,0.181805,0.386947,0.096449,0.406905,-0.262855,0.124315,0.214168,-0.508548,0.085018,0.226021,-0.038333,0.627273,0.226021,0.519034,-0.308054,0.0,-0.055487,-0.055487,0.399448,-0.363324,0.354195,0.231301,0.021083,0.519034,-0.201488,0.317842,-0.441881,0.535477,0.475813,-0.128961,0.659636,0.34123,-0.310372,0.406905,0.011386,-0.073983,0.25556,-0.547094,0.554472,0.406905,0.0,-0.028253,0.034113,-0.09567,0.0,0.488144,0.140392,0.756175,0.046579,-0.310372,-0.082665,-0.17085,0.195488,-0.508548,0.310458,0.519264,0.0,-0.233084,-0.557254,-0.030448,0.085285,-0.712895,0.085018,0.086506,-0.157206,0.337649,-0.517498,-0.657443,0.069205,-0.275605,-0.762821,0.275212,0.0,-0.07854,-0.31251,-0.368168,0.197769,-0.412397,0.130891,-0.128961,0.0,0.515646,0.137827,0.488144,-0.456442,0.035732,-0.401122,0.294802,0.101521,0.069205,0.339009,0.357793,0.612997,0.36837,0.203419,0.124196,-0.190649,-0.159205,0.272863,0.515496,0.258138,0.164206,-0.190313,-0.241472,#
11,-0.00381,-0.383363,0.015255,-0.173045,-0.407355,0.033649,-0.623591,-0.333062,0.353401,-0.42272,0.224975,1.0,-0.41103,0.024963,0.302552,-0.246486,0.383939,-0.190684,0.030027,0.024963,-0.490496,-0.464168,-0.159944,0.310472,0.327977,0.361881,-0.567333,0.310472,0.239596,0.23908,-0.045994,-4.6e-05,-0.639849,0.009342,-0.546418,0.661048,-0.235222,0.573131,0.511034,0.396414,0.159197,-0.412879,-0.46272,0.062993,0.141088,-0.227337,0.223704,-0.363158,0.321519,0.22269,0.360237,0.353282,-0.639849,0.506383,-0.01451,0.057599,-0.40802,-0.146053,-0.185549,-0.286879,-0.085429,-0.012336,0.263999,-0.146053,0.519901,0.148864,0.0,-0.167468,0.499994,-0.254301,0.121163,0.124638,-0.216345,0.057387,-0.032526,0.094243,-0.499593,0.033284,0.219122,-0.019807,0.618789,0.195146,0.025295,0.228027,0.009342,-0.016745,-0.204303,-0.233759,-0.019807,0.006228,-0.233759,0.015255,-0.498516,-0.333062,-0.032226,0.000545,0.182536,-0.397983,0.423363,-0.221369,-0.146053,0.016869,-0.204636,-0.333062,-0.646345,0.327977,-0.652742,-0.233759,0.327977,-0.411029,-0.477382,0.0,-0.204725,0.228027,-0.398072,0.009342,0.395696,-0.204636,0.355257,-0.411029,-0.498516,-0.003814,-0.219415,0.386745,0.500857,-0.019807,-0.204636,-0.461987,-0.500044,-0.221369,-0.240789,-0.204725,0.004597,-0.165053,0.211205,-0.221369,0.0,0.236072,0.404399,0.003106,0.0,0.29951,0.014109,-0.075173,-0.209118,-0.500044,0.204056,0.032984,0.478202,-0.333062,0.088845,0.377774,0.0,0.015255,-0.412273,-0.240411,0.409454,-0.503358,0.254741,0.414143,-0.288513,0.000545,-0.187045,-0.576756,0.009342,0.02184,0.015255,-0.116098,0.0,0.418222,0.03856,-0.429511,-0.333062,-0.628273,-0.005034,-0.019807,0.0,-0.427103,0.007839,0.29951,0.049054,0.440953,-0.195209,0.002098,0.677345,0.009342,0.482877,0.00986,-0.39822,0.016399,-0.190684,0.22928,-0.220802,0.081367,0.002098,-0.006185,0.495962,0.093714,-0.171954,0.527385,#
12,0.081568,0.571299,-0.408248,0.093759,0.257837,-0.666091,0.01928,-0.272166,-0.272165,0.579152,-0.346023,-0.41103,1.0,0.092413,-0.272166,0.554035,-0.666286,0.408248,0.30566,0.092413,0.366326,0.417549,-0.355847,0.214423,-0.272165,-0.220027,0.38554,0.214423,0.088962,0.332648,-0.050084,4.7e-05,0.284498,-0.25,0.367356,-0.094704,0.056373,-0.771344,-0.408248,0.249846,-0.381935,0.224337,0.388301,0.537044,-0.023212,0.245166,-0.534008,0.297709,0.042702,-0.407766,0.271275,-0.554829,0.284498,-0.53888,-0.130715,-0.404319,0.265557,0.264993,0.416961,-0.397878,-0.206277,0.094327,0.003648,0.264993,-0.101874,0.282464,0.0,0.081704,0.229223,-0.330817,-0.378472,-0.279983,-0.083282,0.116642,0.178315,-0.469236,-0.408248,-0.190024,-0.080642,-0.579123,-0.01873,-0.348998,0.071889,-0.534522,0.166667,-0.666336,0.525776,0.00917,-0.579123,0.25,-0.403457,-0.408248,0.071889,-0.272166,-0.150809,-0.40804,-0.816085,0.225913,-0.666336,-0.089087,0.264993,0.142567,0.00917,0.408248,0.070778,0.408248,-0.123091,0.00917,-0.272166,-0.25,0.362183,0.0,-0.089087,-0.089087,-0.190024,0.166667,-0.150809,0.421797,-0.66006,0.166667,0.071889,0.102062,-0.384221,-0.237933,-0.147181,-0.158792,-0.403457,-0.209034,0.401869,-0.089087,-0.348998,-0.534522,-0.123093,0.378614,-0.377158,-0.089087,0.0,-0.080642,0.158833,-0.190024,0.0,-0.38169,0.128333,-0.157785,0.099714,0.401869,-0.534251,0.084402,-0.59711,0.408248,-0.105781,-0.24401,0.0,-0.408248,-0.190024,-0.097771,-0.181386,0.330169,-0.384221,-0.25,0.244753,-0.40804,-0.123091,-0.027778,-0.666667,-0.138693,0.102062,0.293026,0.0,-0.158792,-0.268979,0.224337,-0.272166,0.060193,0.592736,-0.158792,0.0,-0.256211,0.148705,-0.38169,0.637939,-0.298319,0.033896,0.389662,0.08054,-0.25,0.04316,-0.158792,0.163277,0.094044,-0.408248,0.528516,0.407524,-0.275122,-0.138693,-0.210675,-0.113606,-0.275546,0.388889,-0.406156,#
13,0.338266,0.087626,0.386706,0.324303,0.434479,-0.407805,0.002153,-0.16663,0.682238,0.09725,-0.762652,0.024963,0.092413,1.0,-0.16663,-0.2224,0.111602,0.009432,-0.095144,1.0,-0.434451,-0.383231,-0.186243,-0.229116,-0.16663,-0.009844,-0.043587,-0.229116,0.348137,0.172838,-0.337072,-2.8e-05,0.072479,0.111666,-0.055745,0.242474,0.069462,-0.342774,-0.249944,-0.111597,-0.112993,0.17046,-0.374473,-0.037469,0.112259,-0.440908,0.257081,0.217311,0.320633,0.518864,0.198626,-0.06461,0.072479,0.318164,-0.998003,-0.247539,0.414566,0.254072,-0.565729,0.205738,-0.753779,0.359769,-0.373491,0.254072,-0.338016,0.081845,0.0,0.342209,0.26852,0.351182,-0.109811,0.356639,0.214776,0.549743,-0.407955,-0.761574,-0.249944,0.379202,-0.327088,-0.087507,0.476982,-0.203303,0.326359,0.22846,0.111666,0.118928,-0.27553,-0.499637,-0.087507,-0.092413,-0.499637,0.386706,0.326359,-0.16663,-0.611692,-0.249817,0.015147,-0.158537,0.118928,-0.327254,0.254072,0.049406,-0.499637,-0.16663,-0.27553,-0.16663,0.166363,-0.499637,-0.16663,-0.408158,0.539576,0.0,0.22846,0.22846,-0.154205,0.111666,-0.082532,-0.499637,0.165985,-0.408158,0.326359,-0.249944,0.292115,-0.40788,-0.051005,-0.087507,-0.499637,-0.550074,0.198687,-0.327254,-0.203303,0.22846,-0.437959,0.402372,-0.271534,-0.327254,0.0,0.238824,-0.019487,0.379202,0.0,-0.638444,0.010149,-0.980603,-0.203303,0.198687,0.238824,0.341733,-0.353634,0.650799,-0.054766,-0.407955,0.0,0.386706,0.379202,0.196142,0.094165,0.461747,0.292115,0.111666,0.104787,-0.249817,0.742235,0.465916,0.111666,0.219873,0.386706,-0.098647,0.0,-0.087507,0.098831,0.17046,-0.16663,0.283693,0.057266,-0.087507,0.0,-0.428365,-0.428587,-0.638444,0.375648,0.144735,0.282113,-0.439289,0.297185,0.111666,-0.281025,-0.087507,-0.702419,-0.26797,0.009432,-0.272521,-0.042054,-0.013253,-0.439289,-0.405375,-0.366287,-0.41273,0.465916,0.442305,#
14,0.699301,-0.272104,-0.166667,-0.508538,0.249996,-0.271931,0.322715,-0.111111,-0.111111,-0.272101,0.197769,0.302552,-0.272166,-0.16663,1.0,0.197911,0.382829,-0.333333,-0.405216,-0.16663,-0.664676,-0.665774,-0.508459,0.131306,-0.111111,-0.268051,-0.332854,0.131306,0.189974,-0.217851,-0.657437,0.0,-0.213457,-0.272166,0.184057,-0.218168,0.245487,0.209933,-0.166667,0.245844,-0.328407,-0.395416,-0.665483,-0.267162,0.543304,-0.136963,0.48981,-0.393848,0.313797,0.307329,0.068152,0.120455,-0.213457,0.162961,0.150675,-0.165063,0.263289,-0.973648,-0.371397,0.072667,-0.084212,0.666372,0.217461,-0.973648,0.134367,-0.637437,0.0,-0.508669,0.114848,-0.504022,0.339644,-0.048359,-0.218165,-0.269841,0.37931,-0.031928,-0.166667,-0.40728,-0.218107,0.240239,0.317338,0.183186,-0.166307,-0.218218,-0.272166,0.37931,-0.507723,0.303218,0.240239,-0.408248,0.303218,-0.166667,-0.166307,-0.111111,0.24627,-0.166582,0.303218,-0.407343,-0.272031,-0.218218,-0.973648,-0.271612,-0.333165,-0.111111,-0.507723,-0.111111,-0.217758,0.303218,-0.111111,-0.272166,-0.257564,0.0,-0.218218,-0.218218,-0.40728,-0.272166,0.24627,-0.333165,0.310925,-0.272166,-0.166307,-0.166667,0.194008,0.388544,0.188843,0.240239,-0.333165,0.157289,-0.721874,-0.218218,0.183186,-0.218218,-0.301519,-0.329746,0.199751,-0.218218,0.0,-0.218107,-0.035776,0.252126,0.0,0.06233,0.415103,0.042944,-0.50885,-0.721874,0.481481,-0.166543,0.13126,-0.111111,-0.396518,0.37931,0.0,-0.166667,0.252126,-0.217315,0.33976,-0.323498,-0.507723,-0.272166,-0.992955,-0.166582,-0.217758,-0.332647,-0.272166,0.145598,-0.166667,0.470915,0.0,-0.408026,-0.299867,-0.395416,-0.111111,-0.507856,-0.307979,0.240239,0.0,0.375698,0.385933,0.06233,-0.439085,0.440311,0.186812,0.145598,0.197281,-0.272166,0.722418,-0.408026,-0.072212,-0.204765,-0.333333,0.203911,0.332742,0.258093,0.145598,-0.27031,0.133985,0.220816,-0.332647,-0.165812,#
15,0.316906,0.090999,-0.76337,-0.447338,-0.091737,-0.371501,0.210967,-0.508913,-0.508913,0.536427,0.027318,-0.246486,0.554035,-0.2224,0.197911,1.0,0.069215,0.220529,0.366689,-0.2224,0.209723,0.228336,-0.442881,-0.153694,0.226184,-0.284439,-0.227171,-0.153694,-0.442881,0.443469,-0.24413,0.0,0.413756,-0.363585,0.254988,-0.04919,-0.420082,-0.370171,-0.212047,0.346724,-0.591278,-0.522316,0.233237,0.543849,0.041796,0.485237,-0.548252,-0.440016,-0.523446,-0.269796,0.453055,-0.145924,0.413756,-0.204015,0.210872,0.317635,0.335635,-0.269162,0.141754,-0.261045,0.157145,0.304191,0.482092,-0.269162,-0.337836,-0.376565,0.0,-0.417301,-0.17859,-0.374835,0.301778,-0.338953,-0.511879,-0.395822,0.519638,0.048742,-0.233252,-0.548772,-0.037697,-0.111587,0.205277,0.030039,0.338544,-0.518252,0.086568,-0.392897,0.550385,0.199081,-0.111587,0.363585,0.199081,-0.233252,0.316141,0.197911,-0.094977,-0.762981,-0.246708,0.353978,-0.789693,-0.055527,-0.269162,0.535135,-0.205749,0.226184,0.05882,0.226184,-0.07459,0.199081,0.226184,0.086568,-0.106804,0.0,-0.055527,-0.518252,-0.086856,-0.346272,-0.094977,0.24004,0.021098,0.086568,0.316141,0.318071,0.013654,0.08206,0.272588,-0.111587,-0.205749,0.143062,0.143608,-0.055527,0.030039,-0.536761,-0.063937,0.243328,0.032826,-0.055527,0.0,-0.508913,-0.289031,-0.129297,0.0,-0.210941,0.513772,0.120201,-0.410193,0.143608,-0.082725,-0.230887,-0.330422,0.226184,-0.138858,0.080919,0.0,-0.76337,-0.129297,-0.018056,-0.3303,0.142682,-0.432746,0.086568,-0.197046,-0.217995,-0.5541,-0.240466,-0.363585,-0.382832,-0.212047,0.627161,0.0,-0.069863,-0.385814,-0.04143,0.197911,0.039602,0.538495,-0.111587,0.0,0.053231,0.062894,-0.210941,-0.104061,-0.382605,-0.015845,0.736849,0.020319,-0.363585,0.300396,-0.523976,0.329334,-0.227954,-0.220529,0.512831,0.660414,-0.254181,0.166031,0.046897,-0.355358,0.183406,0.209687,-0.759457,#
16,0.102657,-0.666135,0.102004,-0.35933,-0.175968,0.17331,-0.012846,-0.27201,0.408015,-0.230187,0.069165,0.383939,-0.666286,0.111602,0.382829,0.069215,1.0,0.015112,0.203292,0.111602,-0.570269,-0.60774,0.104743,-0.479199,0.408015,0.094243,-0.814856,-0.479199,-0.371476,-0.065799,-0.050055,2.3e-05,-0.004554,0.181995,-0.131963,0.361697,-0.429863,0.460987,0.102004,-0.197297,-0.077695,-0.647715,-0.573224,-0.209718,0.268933,0.053973,0.35131,-0.625208,-0.276617,0.391859,0.245051,0.619567,-0.004554,0.500156,-0.071582,0.622501,0.233224,-0.375465,-0.719794,0.25638,0.150168,0.075297,0.15085,-0.375465,-0.119945,-0.521475,0.0,-0.343639,-0.315676,0.146567,0.781627,0.124764,-0.534088,-0.223437,0.155633,0.32712,0.120893,-0.126611,-0.063805,0.659007,0.411142,0.524121,0.13172,0.356145,0.181995,0.577717,-0.316633,-0.012898,0.659007,0.265281,0.399494,0.630912,0.151678,0.433201,-0.173401,-0.407807,0.811885,-0.134843,0.178213,-0.072548,-0.375465,0.205812,-0.387953,-0.27201,-0.316633,-0.27201,-0.054676,-0.012898,0.408015,0.181995,-0.338623,0.0,0.372633,-0.089036,-0.126611,-0.249857,0.250507,-0.387953,0.993283,-0.234434,0.151678,0.120893,0.551674,0.167339,0.40082,0.238916,0.024438,-0.043543,-0.13983,-0.072548,0.524121,0.372633,0.195925,0.042044,0.107914,-0.072548,0.0,-0.080596,-0.463657,0.262013,0.0,0.268444,0.203169,-0.087122,-0.332189,-0.13983,0.801851,-0.407712,0.408472,-0.27201,0.168371,0.14,0.0,0.102004,0.262013,-0.025334,0.098145,0.080662,0.138106,0.598424,-0.341439,0.135936,-0.071762,0.033931,0.598424,-0.123946,0.102004,0.104334,0.0,0.276949,0.186876,-0.202856,0.433201,0.127001,-0.268274,0.238916,0.0,0.162968,-0.264213,0.268444,-0.573368,0.230619,0.120136,-0.104388,0.064523,0.181995,0.131003,-0.143142,-0.379502,-0.406133,0.423127,-0.387615,-0.015085,-0.115707,-0.104388,0.104163,-0.131063,0.414028,0.033931,0.147609,#
17,-0.499501,-0.007774,0.0,0.213258,0.023684,-0.419777,-0.196777,-0.333333,0.333333,0.404189,-0.220371,-0.190684,0.408248,0.009432,-0.333333,0.220529,0.015112,1.0,0.797015,0.009432,0.01994,-0.009649,0.217911,-0.315135,-0.333333,-0.068439,-0.193519,-0.315135,-0.201149,-0.212192,0.575651,0.0,0.320185,0.408248,0.531721,0.223691,-0.220938,-0.274983,-0.5,-0.407997,-0.273213,-0.0,-0.037669,0.069695,0.189524,0.284463,-0.195358,0.073846,-0.02092,-0.199764,0.332243,0.062846,0.320185,-0.37155,-0.0,-0.061898,0.418165,0.324549,-0.185699,-0.320591,0.25264,-0.512336,-0.134052,0.324549,0.019195,0.105706,0.0,-0.208471,-0.319021,-0.158725,0.167038,-0.250586,-0.654496,0.047619,0.425287,0.095782,0.0,0.03491,0.234568,0.01144,-0.17205,0.232035,-0.498922,-0.218218,0.816497,0.011494,0.260053,0.213375,0.01144,0.816497,-0.190915,0.5,0.029348,0.333333,0.023088,-0.499745,-0.190915,0.023057,-0.402299,0.218218,0.324549,0.023281,0.213375,0.333333,-0.185752,0.333333,-0.201008,0.213375,-0.333333,0.0,0.028618,0.0,0.654654,0.218218,-0.384007,0.408248,0.438669,0.617666,0.087059,0.408248,0.029348,0.5,-0.185752,0.023313,0.030901,0.423279,-0.190915,-0.411629,0.590624,0.218218,0.232035,0.218218,0.603035,0.643005,-0.62422,0.218218,0.0,0.234568,-0.375644,0.03491,0.0,0.373979,0.060452,0.064416,0.671681,0.590624,0.234568,-0.499629,0.028127,-0.333333,0.341555,-0.402299,0.0,0.0,0.03491,-0.172965,0.052271,0.668563,-0.185752,0.408248,0.393435,0.014278,-0.201008,0.226805,0.0,-0.469147,0.5,0.18229,0.0,0.423279,0.418124,-0.0,0.333333,0.245737,0.052796,0.423279,0.0,0.025616,0.013009,0.373979,0.439085,0.028105,0.26984,0.048533,-0.169098,0.408248,-0.01762,0.423279,-0.316622,0.030715,0.2,-0.184942,-0.173026,-0.802955,-0.469147,0.0,0.03092,0.137489,0.635053,0.045222,#
18,-0.607217,-0.129872,-0.104658,-0.135104,-0.182726,-0.225915,-0.454154,-0.405216,0.265672,0.202066,-0.094848,0.030027,0.30566,-0.095144,-0.405216,0.366689,0.203292,0.797015,1.0,-0.095144,0.121202,0.10044,0.341284,-0.101482,0.292507,0.227691,-0.355152,-0.101482,-0.46908,0.147118,0.680036,-4.9e-05,0.128278,0.190627,0.133689,0.556333,-0.47506,-0.182745,-0.084532,-0.190509,-0.03126,-0.195636,0.096133,0.410855,0.075679,0.630289,-0.333493,-0.117268,-0.332625,-0.471953,0.408006,0.186317,0.147232,-0.314866,0.108263,0.347331,0.152864,0.40615,0.028403,-0.27286,0.350511,-0.622821,-0.018491,0.40615,0.20414,0.309532,0.0,-0.023027,-0.127698,-0.076065,0.34574,-0.26449,-0.795637,-0.104275,0.240502,0.215139,-0.185165,-0.271209,0.045422,0.136583,0.066763,0.338704,-0.053634,0.100137,0.634326,-0.225881,0.409448,-0.010759,0.136583,0.992573,-0.010759,0.318001,-0.159957,0.15833,-0.266355,-0.607515,-0.043307,0.185068,-0.142598,0.029866,0.40615,0.240844,-0.027033,0.292507,-0.057125,0.292507,-0.411843,-0.010759,0.292507,0.223493,-0.091467,0.0,0.486633,0.100137,-0.237484,0.272793,0.168586,0.412365,0.236798,0.223493,-0.159957,0.338127,-0.093016,-0.198004,0.147193,0.136583,-0.010759,-0.31789,0.635573,0.029866,0.356402,0.012298,0.73308,0.401187,-0.530881,0.029866,0.0,0.134873,-0.134792,-0.271209,0.0,0.454627,-0.161285,0.148835,0.356402,0.635573,0.027531,-0.607373,0.099408,-0.405216,0.547957,-0.125942,0.0,-0.104658,-0.271209,-0.387645,-0.09805,0.452293,-0.093016,0.617893,0.478279,-0.173001,-0.339022,-0.029945,0.190627,-0.319477,0.418634,-0.04366,0.0,0.567607,0.209008,0.260801,0.15833,0.373511,0.352787,0.136583,0.0,-0.173434,-0.103788,0.454627,0.258673,-0.12173,-0.084054,0.138965,0.008168,0.190627,-0.098871,0.153161,-0.101022,-0.025964,0.378381,0.014087,0.085186,-0.628655,-0.423669,0.17449,0.193662,0.266959,0.413755,-0.058614,#
19,0.338266,0.087626,0.386706,0.324303,0.434479,-0.407805,0.002153,-0.16663,0.682238,0.09725,-0.762652,0.024963,0.092413,1.0,-0.16663,-0.2224,0.111602,0.009432,-0.095144,1.0,-0.434451,-0.383231,-0.186243,-0.229116,-0.16663,-0.009844,-0.043587,-0.229116,0.348137,0.172838,-0.337072,-2.8e-05,0.072479,0.111666,-0.055745,0.242474,0.069462,-0.342774,-0.249944,-0.111597,-0.112993,0.17046,-0.374473,-0.037469,0.112259,-0.440908,0.257081,0.217311,0.320633,0.518864,0.198626,-0.06461,0.072479,0.318164,-0.998003,-0.247539,0.414566,0.254071,-0.565729,0.205738,-0.753778,0.359769,-0.373491,0.254071,-0.338016,0.081845,0.0,0.342209,0.26852,0.351182,-0.109811,0.356639,0.214776,0.549743,-0.407955,-0.761573,-0.249944,0.379202,-0.327088,-0.087507,0.476982,-0.203303,0.326359,0.22846,0.111666,0.118928,-0.27553,-0.499637,-0.087507,-0.092413,-0.499637,0.386706,0.326359,-0.16663,-0.611692,-0.249817,0.015147,-0.158537,0.118928,-0.327254,0.254071,0.049406,-0.499637,-0.16663,-0.27553,-0.16663,0.166363,-0.499637,-0.16663,-0.408157,0.539576,0.0,0.22846,0.22846,-0.154205,0.111666,-0.082532,-0.499637,0.165985,-0.408157,0.326359,-0.249944,0.292115,-0.40788,-0.051005,-0.087507,-0.499637,-0.550074,0.198687,-0.327254,-0.203303,0.22846,-0.437958,0.402372,-0.271534,-0.327254,0.0,0.238824,-0.019487,0.379202,0.0,-0.638444,0.010149,-0.980603,-0.203303,0.198687,0.238824,0.341733,-0.353634,0.650799,-0.054766,-0.407955,0.0,0.386706,0.379202,0.196142,0.094165,0.461747,0.292115,0.111666,0.104787,-0.249817,0.742235,0.465916,0.111666,0.219873,0.386706,-0.098647,0.0,-0.087507,0.098831,0.17046,-0.16663,0.283693,0.057266,-0.087507,0.0,-0.428365,-0.428587,-0.638444,0.375648,0.144735,0.282113,-0.439289,0.297185,0.111666,-0.281026,-0.087507,-0.702419,-0.26797,0.009432,-0.272521,-0.042054,-0.013254,-0.439289,-0.405375,-0.366287,-0.41273,0.465916,0.442305,#
20,-0.446216,0.366631,-0.348955,0.208532,-0.434481,0.446161,0.006278,0.199403,-0.664676,0.386389,0.274641,-0.490496,0.366326,-0.434451,-0.664676,0.209723,-0.570269,0.01994,0.121202,-0.434451,1.0,0.993754,0.238151,-0.010473,0.166169,0.039235,0.480811,-0.010473,-0.348452,0.285181,0.39893,0.0,0.311718,-0.061054,-0.103988,-0.231283,-0.236799,-0.135312,0.249253,0.080573,0.141151,0.193059,0.993366,0.370015,-0.670803,0.296218,-0.753692,0.160136,-0.588176,-0.518601,-0.200025,-0.274914,0.311718,-0.296353,0.435654,0.268454,-0.433902,0.550086,0.78686,-0.175159,0.386226,-0.420664,0.202259,0.550086,-0.224871,0.299882,0.0,0.177087,-0.276083,0.193233,-0.361391,-0.163052,0.304237,-0.14243,-0.059592,0.343785,0.299104,0.091654,0.348339,-0.346736,-0.539769,-0.260565,0.201899,-0.19581,-0.081406,-0.55466,0.742025,0.062702,-0.346736,0.122109,0.062702,-0.348955,0.228234,0.199403,0.162283,0.274751,-0.441152,0.613787,-0.088242,0.369862,0.550086,0.389953,0.538563,0.166169,0.764248,0.166169,0.330672,0.062702,0.166169,0.447732,-0.002853,0.0,-0.19581,-0.19581,0.613736,-0.081406,-0.376359,0.518409,-0.566674,0.447732,0.228234,0.274179,-0.316071,-0.066243,-0.136588,-0.346736,0.538563,0.383374,0.400425,0.369862,-0.260565,-0.174053,0.135278,0.018493,0.23525,0.369862,0.0,-0.227713,0.002675,-0.401423,0.0,-0.072708,-0.120543,0.475253,0.256912,0.400425,-0.728682,0.200972,-0.180879,0.099701,0.098638,-0.059592,0.0,-0.348955,-0.401423,0.306427,-0.521147,-0.091384,0.208656,-0.081406,0.651899,0.274751,-0.255519,-0.006784,-0.061054,-0.277422,-0.37388,-0.11927,0.0,0.11748,-0.06569,0.193059,0.199403,0.213153,0.390842,-0.346736,0.0,-0.039586,-0.088197,-0.072708,0.073391,-0.672505,-0.32284,0.367746,-0.369499,-0.061054,-0.418102,0.13801,0.704458,0.271014,0.039881,0.187227,-0.037156,-0.045746,0.393552,0.44468,-0.211167,-0.067293,-0.027135,-0.428322,#
