0,1.0,0.232823,-0.767255,-0.214565,0.57619,0.215999,0.225242,-0.080248,0.026542,0.254162,0.412964,0.410071,-0.172744,0.437102,0.166234,-0.332647,-0.251517,-0.807285,0.395713,-0.432589,0.375351,-0.201984,0.189613,0.046904,0.200248,-0.189908,-0.257888,0.372968,0.422636,0.347767,-0.216295,-0.214547,0.013342,-0.443578,0.342325,0.009393,0.105217,0.233826,0.458944,0.297366,0.01134,0.039308,-0.783046,-0.341679,0.224676,0.138908,-0.168218,-0.096533,0.162147,0.216275,0.412225,-0.570994,-0.03994,0.196882,0.360417,-0.171275,-0.177607,0.051361,-0.611404,-0.080248,-0.351843,-0.294159,-0.362854,0.667759,-0.396819,0.437102,0.248504,0.126443,0.376678,-0.426139,0.039308,0.485928,0.372968,0.067026,-0.182564,0.255015,-0.564513,-0.007126,-0.402588,-0.190504,-0.195594,-0.644138,0.004406,0.025907,0.004406,-0.394756,-0.206133,0.245788,0.025547,-0.376444,0.207304,-0.190504,0.004406,-0.466698,0.025547,-0.195594,-0.564513,-0.35244,-0.184715,-0.49897,0.355131,0.271046,-0.357125,-0.814261,-0.212472,-0.434376,-0.028315,0.381968,-0.256299,0.297366,0.025547,0.347767,-0.644138,-0.540213,0.030118,0.20405,-0.65296,0.209504,-0.150498,0.199201,-0.376444,0.0,0.255727,-0.376444,-0.199139,0.0426,-0.486099,-0.324105,0.082358,-0.439736,-0.628125,-0.564513,-0.199674,-0.376253,-0.255276,-0.199364,-0.008953,0.0,0.011519,-0.402588,-0.498716,0.03024,-0.191372,-0.010436,-0.007126,-0.426139,-0.332647,-0.079528,-0.195594,-0.420779,0.327722,0.260104,-0.65296,-0.332647,0.180799,-0.439736,0.461481,-0.145379,-0.466698,-0.026461,-0.557926,-0.55953,-0.332647,-0.263933,-0.105912,-0.178717,0.230781,0.026125,0.030241,-0.199364,0.137765,0.435072,0.540551,-0.195594,0.277047,-0.021453,-0.248665,0.500839,0.241372,0.013789,-0.181491,0.263389,-0.186791,0.233083,0.424969,0.327722,-0.204098,-0.661153,0.634165,0.320919,-0.195594,0.441761,0.681031,0.227941,-0.496578,0.473755,0.449287,-0.466698,-0.311348,-0.379833,#
1,0.232823,1.0,-0.618336,-0.054297,0.250223,-0.183608,0.230785,-0.152086,-0.074946,0.476097,0.053761,-0.297131,-0.208321,0.362563,0.664881,0.193633,0.452472,0.036276,0.808285,0.049416,0.37589,-0.323025,0.211084,0.147749,-0.240646,-0.041488,-0.213757,0.221696,0.351485,0.221696,-0.32932,0.49765,0.328338,-0.334502,-0.104444,-0.321305,0.089519,-0.685379,0.087727,0.277821,0.332544,-0.426271,-0.133915,0.176442,0.456299,-0.067928,-0.280164,-0.041917,0.119058,0.520873,-0.074946,-0.012694,0.311939,-0.003029,0.498206,-0.014964,0.518627,-0.550992,-0.350935,-0.152086,-0.376342,0.158968,-0.395559,0.064728,0.351687,0.362563,-0.173405,-0.207271,-0.225205,-0.417413,-0.426271,-0.352045,0.221696,-0.112348,-0.06891,0.043721,-0.246443,-0.379428,-0.137829,0.17917,0.001775,-0.024422,0.06673,-0.250633,0.06673,0.299731,0.17917,-0.457278,0.321275,-0.379428,0.018972,0.17917,0.06673,-0.418885,0.321275,0.001775,-0.246443,0.445827,0.468233,0.311497,-0.186241,0.435181,-0.112348,-0.39253,-0.486886,0.042915,-0.35785,-0.413726,-0.555331,0.193633,-0.137829,0.221696,-0.024422,0.163721,-0.338981,0.480268,-0.078602,0.242666,0.100401,-0.446934,-0.379428,0.0,-0.220197,-0.362978,-0.338909,-0.3863,-0.418885,-0.530178,-0.369237,-0.39253,-0.273347,-0.246443,-0.246443,-0.560689,0.018972,-0.051241,-0.15063,0.0,-0.319806,-0.137829,-0.230198,-0.379428,-0.519911,0.125687,-0.379428,-0.417413,-0.507936,0.020359,-0.486886,-0.39037,-0.26453,0.001775,-0.078602,-0.507936,-0.331407,-0.39253,0.492584,0.110257,-0.418885,0.311497,-0.591771,0.17917,-0.507936,-0.329256,-0.391147,0.614098,0.417164,0.000539,-0.21468,-0.537662,0.111469,0.275372,0.332544,0.001775,0.033965,0.193163,-0.096611,-0.205321,0.50687,-0.112348,-0.116724,0.04302,-0.06172,0.415072,0.079173,-0.26453,0.38488,-0.517078,0.455108,-0.340116,-0.015976,0.03673,0.041756,-0.04365,-0.23745,-0.041351,-0.081318,-0.418885,0.245424,0.042915,#
2,-0.767255,-0.618336,1.0,0.080835,-0.460188,-0.008793,0.000624,0.166634,0.195928,-0.119013,-0.145213,-0.162034,0.230544,-0.331838,-0.451655,0.292422,0.035627,0.626523,-0.734695,0.190082,-0.703879,0.462693,0.01018,-0.237476,0.051529,0.094228,0.052591,-0.384481,-0.226085,-0.411557,0.341392,-0.14282,-0.302717,0.218093,0.103546,0.27311,0.119577,0.10901,-0.128277,-0.411557,-0.190887,0.346423,0.562172,0.090422,-0.386963,-0.290036,0.340864,0.327623,-0.16632,-0.156054,-0.185361,0.289269,-0.178611,-0.091371,-0.286266,0.212464,-0.19781,0.223941,0.667051,0.166634,0.467562,0.285067,0.604184,-0.483975,-0.079208,-0.331838,0.12223,0.128822,-0.396241,0.569344,0.346423,-0.150595,-0.384481,0.117024,0.087646,-0.010779,0.383138,-0.116894,0.148601,-0.051684,-0.117467,0.328671,-0.226291,0.439569,-0.226291,0.106273,-0.084336,-0.08776,-0.311399,0.295783,-0.088153,-0.051684,-0.226291,0.620712,-0.311399,-0.117467,0.383138,-0.299587,-0.164945,0.337098,-0.316898,-0.431814,0.132965,0.635318,0.354013,0.192331,-0.090694,-0.059568,0.130768,-0.411557,0.13251,-0.411557,0.328671,0.326486,0.128282,-0.598875,0.505523,-0.463424,0.135385,-0.057201,0.295783,0.0,-0.038131,0.216422,0.461214,0.110171,0.599867,0.551571,0.104935,0.216822,0.384923,0.367458,-0.024534,0.537042,-0.088153,0.001404,-0.128351,0.0,0.185222,0.148601,0.318949,0.278977,0.131168,-0.385934,-0.116894,0.569344,0.265346,0.300539,0.372147,0.605674,-0.227042,-0.117467,0.468728,0.265346,-0.037346,0.216822,-0.467074,0.419716,0.620712,-0.190887,0.786072,0.344807,0.265346,0.40309,0.26504,-0.097362,-0.424574,-0.303562,-0.089351,0.488774,-0.240173,-0.253674,-0.597028,-0.134594,-0.035729,-0.418841,0.103844,-0.08128,-0.166821,-0.281496,0.574352,-0.14138,0.016075,-0.375061,-0.155382,-0.253227,-0.024936,0.804006,-0.789571,-0.121997,-0.048962,-0.157336,-0.492702,0.176484,0.297345,-0.236382,-0.203132,0.620712,0.064095,0.635211,#
3,-0.214565,-0.054297,0.080835,1.0,-0.210099,-0.653142,-0.652897,0.200263,-0.34412,-0.043847,-0.533863,-0.533559,0.234558,-0.674914,0.238687,-0.218018,0.065939,0.430414,0.092298,-0.082066,0.099665,0.200439,-0.652723,-0.52807,-0.21699,0.040077,-0.179809,0.471913,-0.375031,-0.218018,0.274597,-0.053227,0.089114,0.378322,0.068946,-0.081967,-0.175497,0.29727,-0.087546,-0.218018,0.231817,0.337204,0.486203,0.570574,-0.427495,0.094735,0.349849,-0.035238,0.007024,-0.507354,0.077596,0.47185,0.247658,0.058188,0.259959,-0.007248,-0.141246,0.083387,-0.118484,0.200263,0.344751,-0.262656,0.375206,-0.059494,-0.408645,-0.674914,0.010603,0.117827,-0.074646,0.372983,0.337204,0.349026,0.471913,0.068431,0.031992,-0.027398,0.657873,0.356956,0.545549,0.210809,0.434656,0.446387,0.343557,-0.326861,0.343557,0.085135,-0.217085,0.423204,0.076695,0.356956,-0.048885,0.210809,0.343557,0.341116,0.076695,0.434656,0.657873,0.25699,-0.05673,0.231817,0.216951,0.501146,0.532922,0.378298,-0.027416,-0.084308,0.381167,-0.050464,0.068789,-0.218018,0.076695,-0.218018,0.446387,0.24004,0.340425,0.009192,0.556506,0.210532,0.068888,0.021083,0.356956,0.0,0.191441,0.793754,0.31549,0.329489,-0.190034,-0.321897,0.20972,0.378298,0.245041,0.657873,0.657873,0.606527,0.457689,0.041191,-0.326747,0.0,0.263389,0.545549,0.21574,-0.533769,0.511286,0.519971,0.356956,0.372983,-0.218018,-0.165175,0.434656,-0.048825,0.242872,-0.064382,0.050213,-0.218018,0.321483,0.378298,-0.561088,-0.272597,0.341116,0.231817,0.464539,0.210809,-0.218018,0.22985,0.308314,-0.219145,0.519003,0.517618,0.190421,0.041191,0.323031,0.104517,0.190421,0.434656,-0.032242,0.352272,-0.427953,-0.309532,-0.529399,0.532922,-0.432644,0.437635,0.522438,-0.418932,-0.519136,0.242872,0.057559,-0.019462,0.033727,-0.068935,-0.036658,-0.533763,-0.041063,0.002044,0.640011,0.140143,0.097097,0.341116,-0.065934,-0.084308,#
4,0.57619,0.250223,-0.460188,-0.210099,1.0,0.244,0.253453,-0.059907,0.055197,0.200299,0.390895,0.438468,-0.130048,0.172768,0.194444,-0.332868,0.23799,-0.382454,0.500463,-0.029336,0.391335,-0.53136,0.232999,0.036604,0.178591,-0.203785,-0.230994,-0.332868,0.032757,0.327786,-0.323277,-0.221403,-0.024482,0.008134,-0.174102,0.050017,-0.120271,-0.247963,-0.021472,0.378606,0.491679,-0.433157,-0.874415,-0.061827,0.268104,0.184667,-0.633078,-0.282821,0.175611,0.684054,0.024731,-0.632689,0.472925,0.686851,0.337129,-0.195547,-0.215396,-0.408576,-0.061502,-0.059907,-0.620839,-0.290301,-0.523236,0.240566,-0.145913,0.172768,0.615844,-0.240469,-0.147114,-0.492572,-0.433157,-0.035591,-0.332868,-0.009328,-0.653408,-0.207679,-0.615249,-0.442568,-0.451676,-0.23875,-0.261224,-0.696954,-0.044428,0.01034,-0.044428,-0.444313,0.170986,0.167533,-0.035974,-0.814953,0.189927,-0.23875,-0.044428,-0.542301,-0.035974,-0.261224,-0.615249,-0.379232,-0.250873,-0.003812,0.361387,0.202996,-0.421161,-0.422063,0.18124,-0.033268,-0.434451,0.358641,-0.253439,0.302376,-0.035974,0.327786,-0.696954,-0.592972,-0.008677,0.184989,-0.229436,0.190871,-0.230708,-0.254139,-0.814953,0.0,0.181574,-0.427673,-0.421577,-0.047594,-0.03369,0.265373,0.005248,-0.044428,-0.23875,-0.615249,-0.247381,-0.441223,-0.259219,0.202996,0.05402,0.0,-0.255528,-0.451676,-0.017959,0.00517,-0.65374,-0.176938,-0.442568,-0.492572,-0.332868,0.29126,-0.261224,-0.006174,0.280863,0.18124,-0.229436,-0.332868,0.13462,-0.044428,0.422484,0.201776,-0.542301,0.472622,-0.54762,-0.61084,-0.332868,-0.384626,-0.21899,0.196487,0.178216,0.083415,-0.499302,0.202996,-0.343867,0.381329,-0.003811,-0.261224,-0.199901,-0.041404,-0.245742,0.513092,0.686832,-0.047167,-0.224888,0.217894,0.224114,0.243923,0.422999,0.280863,0.216576,-0.250873,0.219415,-0.150649,-0.679107,0.393637,0.211492,-0.306335,-0.579924,-0.005234,0.009167,-0.542301,-0.555649,0.0055,#
5,0.215999,-0.183608,-0.008793,-0.653142,0.244,1.0,0.619291,0.426351,0.428551,-0.239175,0.390895,0.835048,-0.130048,0.560152,-0.137769,-0.332868,-0.200021,-0.493201,0.054787,-0.399141,0.08788,-0.108466,0.232999,0.356642,0.192915,0.211764,0.551672,-0.332868,0.032757,0.327786,-0.442938,-0.25358,-0.403224,0.023685,-0.174102,0.419969,0.055671,-0.201216,-0.021472,0.378606,-0.003812,0.04105,-0.41865,-0.28051,0.662281,-0.274612,0.078112,-0.129014,-0.248191,0.250223,-0.348624,-0.293034,-0.499048,0.133705,-0.277032,0.564801,-0.179999,0.374854,-0.099574,0.426351,-0.029563,-0.289332,0.006688,0.240566,0.275308,0.560152,-0.11064,0.390398,0.394385,-0.58368,0.04105,0.031953,-0.332868,0.387546,0.186997,0.213798,-0.592744,-0.404892,-0.806088,-0.588077,-0.638453,-0.672172,-0.39896,0.472925,-0.39896,-0.420994,0.193749,-0.206743,-0.390386,-0.404892,-0.192999,-0.588077,-0.39896,-0.514045,-0.390386,-0.638453,-0.592744,-0.341396,-0.226091,-0.499302,0.361387,-0.212972,-0.398282,-0.39896,-0.195989,-0.392995,-0.014275,0.041019,-0.212972,-0.332868,-0.01288,0.327786,-0.672172,-0.254337,0.019522,0.135618,-0.653395,0.213604,0.218361,0.135092,-0.404892,0.0,0.203832,-0.404892,0.262298,-0.478209,-0.005434,0.326199,-0.476335,-0.39896,-0.588077,-0.224876,-0.592744,-0.094152,-0.642145,0.227465,0.530751,0.0,-0.379688,-0.806088,0.01034,0.415231,-0.22124,-0.545212,-0.404892,-0.58368,0.327786,0.416613,-0.638453,0.356552,-0.295897,-0.195989,-0.204498,0.327786,-0.135707,-0.39896,0.22795,0.321295,-0.514045,-0.499302,-0.104374,-0.215987,0.327786,-0.347144,-0.454201,-0.214888,-0.653395,0.032683,-0.003811,0.227465,0.06997,-0.353012,-0.003811,-0.236643,0.228305,-0.477292,-0.204498,0.544976,0.243604,-0.398282,0.230337,-0.206547,-0.132457,0.68472,0.831335,0.318446,-0.229653,-0.226091,-0.177255,0.219692,-0.236643,0.008546,0.212551,-0.139163,-0.655819,0.347044,0.404424,-0.514045,-0.338439,-0.009827,#
6,0.225242,0.230785,0.000624,-0.652897,0.253453,0.619291,1.0,0.329155,0.817158,0.180088,0.400021,0.447939,-0.2321,0.536431,-0.131185,0.307148,0.227787,-0.078597,0.064418,-0.426835,-0.315456,0.048124,0.613638,0.043071,0.202002,0.218336,0.161388,-0.332743,0.420786,0.332743,-0.474367,-0.24434,-0.427905,-0.392815,0.157314,0.429301,0.031743,-0.53231,0.368752,0.383934,0.0,-0.014259,-0.412823,-0.274438,0.672144,-0.271661,0.118399,-0.152619,-0.303574,0.667789,0.034299,-0.317422,-0.49886,0.146204,0.336843,0.517397,-0.169695,-0.02305,-0.085552,0.329155,-0.235104,0.345637,-0.016202,0.25403,0.271775,0.536431,-0.106533,0.430744,0.057216,-0.611336,-0.014259,-0.028786,-0.332743,-0.015069,-0.250268,0.620173,-0.626898,-0.814647,-0.841063,-0.622628,-0.67236,-0.70666,-0.814497,0.480222,-0.814497,-0.453526,-0.209894,-0.638749,-0.422321,-0.439539,-0.224282,-0.622628,-0.814497,-0.549551,-0.422321,-0.67236,-0.626898,-0.384058,-0.257316,-0.019197,-0.275276,-0.209505,-0.429915,-0.4341,-0.22666,-0.428654,-0.431388,0.047535,-0.653163,-0.332743,-0.422321,0.332743,-0.70666,-0.287586,-0.012018,-0.326808,-0.242516,-0.189361,-0.013039,-0.319249,-0.439539,0.0,-0.190577,-0.814647,0.236595,-0.513124,-0.037221,0.296748,-0.384042,-0.814497,-0.622628,-0.626898,-0.997457,-0.520694,-0.676714,-0.209505,0.058251,0.0,-0.407478,-0.841063,-0.49886,0.386582,-0.653495,-0.575511,-0.814647,-0.611336,-0.332743,0.755759,-0.67236,-0.089401,-0.337812,-0.22666,-0.242516,-0.332743,-0.17515,-0.814497,0.188055,0.640916,-0.549551,-0.499115,-0.334618,-0.247816,-0.332743,-0.389182,-0.49565,0.164049,-0.65315,-0.341015,-0.499115,-0.209505,0.050938,-0.04593,0.0,-0.67236,0.617425,-0.512806,-0.242516,0.521292,0.658801,-0.806644,0.636945,-0.224214,-0.157716,0.666586,0.817516,-0.337812,-0.255367,-0.257316,-0.173528,-0.167267,-0.267611,0.377536,0.198424,0.25538,-0.721567,0.35891,0.391198,-0.549551,-0.372144,0.382337,#
7,-0.080248,-0.152086,0.166634,0.200263,-0.059907,0.426351,0.329155,1.0,0.398303,-0.403004,-0.46472,0.469708,0.203928,0.102217,-0.056508,-0.068041,0.304501,0.053919,-0.020301,-0.472115,0.11051,0.080549,-0.262925,-0.511765,-0.395835,0.089019,0.336149,0.102062,-0.205208,0.102063,-0.413449,-0.427498,-0.335085,0.450044,0.110355,0.372481,-0.267207,-0.163275,0.147667,0.442269,0.153094,0.24638,0.135963,-0.055446,0.33101,-0.363048,0.507974,-0.288915,-0.105918,-0.152086,-0.101575,0.262828,-0.590201,-0.113731,-0.008827,0.882645,-0.234328,0.274122,-0.235267,1.0,0.354182,-0.05191,0.547429,-0.041886,0.086008,0.102217,-0.359443,0.752769,0.420801,-0.391525,0.24638,0.316522,0.102062,0.27452,0.093242,0.458135,0.207443,-0.348419,-0.332994,-0.391514,-0.286077,-0.400719,-0.3569,0.029146,-0.3569,-0.441899,-0.391514,-0.173316,-0.332994,0.15016,-0.092516,-0.391514,-0.3569,-0.378317,-0.332994,-0.286077,0.207443,-0.101317,-0.400719,0.025516,0.139323,0.200344,0.27452,0.148708,-0.286077,-0.468354,0.429137,-0.262446,-0.442269,-0.918559,-0.332994,0.102062,-0.400719,0.116967,0.718797,-0.118712,0.091181,0.492847,0.254632,-0.095476,0.15016,0.0,0.306033,0.249876,0.785454,-0.248536,-0.378317,0.023952,-0.345126,-0.3569,-0.391514,0.207443,-0.285089,0.28425,-0.092516,0.200344,0.417341,0.0,-0.461168,-0.332994,0.153015,0.15016,0.200446,0.063024,-0.348419,-0.391525,0.102063,0.493625,-0.286077,0.157577,0.069671,-0.286077,0.091181,0.102063,0.458333,-0.3569,-0.375982,0.27298,-0.378317,-0.612373,0.271068,0.106671,0.102063,-0.397611,-0.343877,-0.529546,-0.454617,0.568213,0.153093,0.200344,0.277729,-0.27954,0.153093,-0.286077,0.494683,-0.026327,-0.563777,0.440029,-0.204422,-0.226214,0.019759,-0.081808,0.469757,0.350279,0.385835,0.069671,-0.597447,-0.400719,-0.209403,-0.099458,-0.393672,-0.474235,-0.079404,0.120065,0.06821,0.479746,0.496211,-0.378317,-0.487183,0.044662,#
8,0.026542,-0.074946,0.195928,-0.34412,0.055197,0.428551,0.817158,0.398303,1.0,-0.127248,0.241934,0.29093,-0.163801,0.000775,-0.335321,0.245542,0.099115,0.192249,-0.179197,-0.601926,-0.568506,0.200453,0.422913,-0.120546,0.400643,0.516043,0.389484,-0.407496,0.180423,0.271664,-0.406734,-0.560297,-0.68613,-0.1515,0.029136,0.683347,-0.351302,-0.30784,0.210116,0.323907,-0.101874,0.199846,-0.237124,-0.029576,0.552783,0.062549,0.379321,-0.454363,-0.616912,0.371036,0.201056,-0.182418,-0.610932,0.308317,0.416777,0.544242,-0.481537,0.145475,0.030107,0.398303,-0.198347,0.28797,0.139585,0.392352,0.228302,0.000775,-0.239187,0.608919,0.225391,-0.513922,0.199846,0.199765,-0.407495,-0.264696,-0.388727,0.773106,-0.426934,-0.576114,-0.680283,-0.839006,-0.542136,-0.573416,-0.997478,0.388266,-0.997478,-0.712152,-0.417793,-0.511469,-0.680283,-0.193299,-0.539273,-0.839006,-0.997478,-0.444652,-0.680283,-0.542136,-0.426934,-0.298599,-0.573416,-0.121465,-0.213348,-0.347126,-0.264696,-0.181775,-0.087278,-0.603733,-0.173885,0.320175,-0.347126,-0.407496,-0.680283,0.271664,-0.573416,-0.495701,0.10369,-0.640529,0.080659,-0.39657,-0.298075,-0.156388,-0.193299,0.0,-0.398137,-0.576114,0.390373,-0.411167,0.078205,0.510054,-0.251662,-0.569987,-0.417793,-0.426934,-0.805106,-0.334018,-0.539273,-0.347126,-0.042339,0.0,-0.28739,-0.680283,-0.610932,0.228248,-0.355691,-0.382575,-0.576114,-0.513922,-0.407495,0.845194,-0.542136,-0.25626,-0.255889,-0.542136,-0.380812,-0.407495,-0.066193,-0.569987,-0.382548,0.456775,-0.444652,-0.611243,-0.162866,-0.456494,-0.407495,-0.312407,-0.39744,-0.036093,-0.799883,-0.204601,-0.611243,-0.347126,0.294723,-0.309859,-0.101874,-0.542136,0.76711,-0.403624,-0.380812,0.446781,0.361703,-0.649166,0.525627,-0.091752,0.17811,0.55982,0.681896,-0.255889,-0.389388,-0.11484,-0.310379,-0.080186,-0.129071,0.228424,0.335541,0.12155,-0.536315,0.522317,0.565211,-0.444652,-0.61797,0.22392,#
9,0.254162,0.476097,-0.119013,-0.043847,0.200299,-0.239175,0.180088,-0.403004,-0.127248,1.0,0.529728,-0.357966,-0.461822,0.299159,0.161553,0.201837,-0.037912,0.050546,0.302338,0.063982,-0.13091,0.380675,0.159597,0.163442,0.223264,-0.03087,-0.602087,0.230265,0.304279,0.230265,0.445884,0.530153,0.35349,-0.793334,0.430977,-0.383098,0.759349,-0.184943,0.546466,-0.508858,0.345398,0.062291,-0.114558,0.196782,-0.079802,-0.472147,-0.055763,0.538996,0.018474,0.476097,-0.127248,0.012859,0.324521,0.088374,0.469067,-0.33325,-0.003227,-0.081854,-0.249014,-0.403004,0.10271,0.164288,-0.230043,0.014428,-0.413757,0.299159,0.426865,-0.30683,-0.636105,0.166375,0.062291,0.031099,0.230265,0.367811,-0.058645,0.071674,-0.232605,-0.370444,-0.118753,0.198543,0.027818,0.00128,0.081515,0.32452,0.081515,0.324501,0.198543,0.053942,0.346323,-0.370444,0.066677,0.198543,0.081515,0.178731,0.346323,0.027818,-0.232605,-0.226953,0.500344,0.324077,-0.25525,0.452002,-0.092937,-0.383719,0.027818,0.057392,-0.770511,0.069851,-0.551394,0.201837,0.346323,0.230265,0.00128,0.182778,-0.285147,0.038777,-0.068464,-0.175392,0.415182,-0.491307,-0.370444,0.0,0.242217,-0.353779,-0.118676,0.207797,0.178731,-0.295558,0.242797,-0.383719,-0.259859,-0.232605,-0.232605,-0.144577,-0.435816,-0.040747,-0.762633,0.0,0.480795,-0.118753,-0.224668,0.088322,-0.515507,-0.360694,-0.370444,0.166375,-0.508857,0.002062,0.027818,0.039286,-0.184846,0.522836,-0.068464,-0.508857,-0.260033,-0.383719,0.494429,0.252091,0.178731,0.324077,-0.060255,0.198543,-0.508857,0.472245,0.356914,0.639123,0.43375,-0.437144,-0.208944,-0.040747,-0.034407,0.789612,0.345398,0.027818,0.022938,-0.317896,-0.086707,-0.242016,0.501225,-0.092937,0.387495,0.032105,-0.58956,-0.085963,0.058785,-0.184846,0.400666,0.00128,-0.060355,-0.357006,0.009837,0.499602,0.031161,0.450477,-0.222393,-0.054951,-0.09627,0.178731,0.268556,0.529442,#
10,0.412964,0.053761,-0.145213,-0.533863,0.390895,0.390895,0.400021,-0.46472,0.241934,0.529728,1.0,0.166773,-0.551818,0.260819,-0.09494,-0.272078,-0.534223,-0.330015,0.178699,-0.261917,-0.238535,0.188349,0.377757,0.650849,0.825462,0.37411,0.045366,-0.272078,0.217683,0.421455,0.158033,0.087304,-0.171632,-0.666043,-0.033092,0.142917,0.432065,-0.033427,0.166773,-0.272078,0.112032,0.103524,-0.565506,0.122639,0.327858,-0.045051,-0.114018,0.149251,-0.425515,0.509183,-0.181984,-0.433565,0.077697,0.514532,0.243058,-0.253468,-0.340756,0.250329,-0.089157,-0.46472,-0.241745,-0.258451,-0.439172,0.499715,-0.182076,0.260819,0.395411,-0.161271,-0.18564,-0.196529,0.103524,0.099815,-0.272078,0.258474,-0.114206,0.119168,-0.815603,-0.275206,-0.602367,-0.424981,-0.358883,-0.394637,-0.269572,0.612436,-0.269572,-0.198471,0.395754,0.09473,-0.165977,-0.666123,-0.343751,-0.424981,-0.269572,-0.125495,-0.165977,-0.358883,-0.815603,-0.417353,0.073644,-0.408118,0.219701,-0.071724,-0.566462,-0.666,0.105601,-0.263867,-0.663326,0.564353,-0.114206,0.39478,0.230317,0.421455,-0.394637,-0.479153,-0.560166,0.002327,-0.534069,-0.384953,0.064389,-0.018923,-0.666123,0.0,0.025343,-0.666123,-0.240603,-0.087463,0.408428,0.260425,0.035324,-0.269572,-0.424981,-0.429428,-0.429428,-0.271319,-0.81525,-0.071724,-0.407768,0.0,0.356959,-0.602367,-0.407909,0.194815,-0.534351,-0.686388,-0.275206,-0.196529,-0.272078,0.205127,-0.358883,0.088308,-0.364795,0.105601,-0.534069,-0.272078,-0.511659,-0.269572,0.383069,0.174547,-0.125495,0.092027,-0.25731,-0.424981,-0.272078,0.263932,0.079468,0.422522,-0.106129,-0.513109,-0.408118,-0.071724,0.089486,0.241343,0.112032,0.062924,0.072416,-0.601851,-0.106129,0.096294,0.555711,-0.173855,0.353703,0.073765,-0.537239,0.342493,0.570617,0.280121,0.357167,0.073644,-0.117547,0.120646,0.062924,0.592981,0.505181,-0.016736,-0.786465,0.202445,0.225158,-0.125495,-0.125898,0.179066,#
11,0.410071,-0.297131,-0.162034,-0.533559,0.438468,0.835048,0.447939,0.469708,0.29093,-0.357966,0.166773,1.0,-0.101723,0.487013,-0.329309,-0.271924,-0.076012,-0.659919,-0.046193,-0.245907,0.321557,-0.230086,0.055131,0.106611,-0.003355,-0.079878,0.344697,-0.271924,-0.111046,0.395059,-0.374112,-0.384076,-0.171547,0.180908,-0.05168,0.207364,-0.111702,-0.015048,0.135276,0.446365,0.092351,-0.161013,-0.596582,-0.519744,0.396425,-0.152976,-0.127678,-0.311796,0.039427,0.140855,-0.116758,-0.331696,-0.407678,0.086029,-0.348632,0.350742,-0.304151,0.234058,-0.211404,0.469708,-0.069119,-0.206479,-0.140672,0.133295,0.092648,0.487013,0.011499,0.267555,0.527188,-0.581853,-0.161013,0.209297,-0.271924,0.249111,-0.089121,0.083464,-0.406172,-0.251755,-0.57841,-0.401464,-0.351062,-0.794086,-0.245796,0.10659,-0.245796,-0.574429,0.012198,0.084853,-0.158726,-0.251755,0.098247,-0.401464,-0.245796,-0.601257,-0.158726,-0.351062,-0.406172,-0.396087,-0.343732,-0.407886,0.325575,-0.089121,-0.166667,-0.245796,0.09564,-0.239748,0.141944,0.197163,-0.089121,-0.271924,-0.158726,0.395059,-0.794086,-0.384068,0.402946,0.070798,-0.533765,0.407644,0.062125,0.076392,-0.251755,0.0,0.398086,-0.251755,0.124188,-0.098715,-0.087775,0.314273,-0.106901,-0.245796,-0.401464,-0.406172,-0.406172,-0.188244,-0.355201,0.355534,0.631952,0.0,-0.352998,-0.57841,0.10659,0.576223,-0.097405,-0.18469,-0.251755,-0.581853,0.395059,0.234496,-0.351062,0.174919,0.274067,0.09564,-0.080568,0.395059,0.373854,-0.245796,0.218255,0.067075,-0.601257,-0.407886,-0.249246,-0.401464,0.395059,-0.394132,-0.253841,-0.398446,-0.533765,0.266925,0.092351,0.355534,-0.13253,-0.108057,0.092351,-0.351062,0.128075,-0.098601,-0.080568,0.661622,0.136657,-0.166667,-0.051116,-0.310419,0.007615,0.416609,0.623408,0.274067,-0.515588,-0.343732,-0.053091,0.108748,-0.351062,0.182747,0.115687,-0.120936,-0.431184,0.22843,0.276444,-0.601257,-0.515051,-0.239748,#
12,-0.172744,-0.208321,0.230544,0.234558,-0.130048,-0.130048,-0.2321,0.203928,-0.163801,-0.461822,-0.551818,-0.101723,1.0,-0.114654,0.399133,-0.051231,0.339227,0.095575,-0.206919,0.085634,-0.055472,-0.462589,0.282587,-0.607385,-0.469397,-0.574195,-0.234742,0.11954,0.361535,-0.905088,-0.434529,-0.463278,-0.399934,0.493616,0.143831,0.415715,-0.307083,0.273194,-0.425028,0.461083,-0.589161,0.209295,0.220183,-0.309077,-0.295433,0.28595,-0.044995,0.222166,0.540534,-0.208321,0.462497,-0.335898,0.054863,-0.176662,-0.090526,0.2025,0.437014,-0.29341,0.53143,0.203928,-0.177745,-0.035828,0.646864,-0.096972,-0.055508,-0.114654,0.136688,0.278518,-0.001274,0.349612,0.209295,-0.263646,0.11954,-0.300437,0.12713,-0.141841,0.259449,0.192559,0.235802,0.158281,-0.355188,0.220364,0.191095,0.054863,0.191095,0.131403,-0.477192,-0.240821,-0.408921,0.192559,0.53341,0.158281,0.191095,0.343284,-0.408921,-0.355188,0.259449,-0.174087,-0.471476,0.051232,0.090198,-0.448434,-0.300437,0.191095,-0.355188,0.086647,0.472456,-0.453764,0.12713,-0.051232,0.235802,-0.905088,0.220364,0.168269,0.036446,-0.07584,0.12506,-0.088732,-0.395491,0.547144,0.192559,0.0,-0.26293,0.292667,0.134363,-0.314064,-0.445537,-0.02004,-0.381749,0.191095,0.158281,0.259449,0.259449,0.347402,0.53341,-0.448434,0.444573,0.0,-0.495281,0.235802,0.179219,-0.443417,0.234772,0.017989,0.192559,0.349612,0.11954,0.01239,0.331042,0.19969,-0.000973,-0.355188,0.12506,0.11954,0.020999,0.191095,-0.127575,0.323664,0.343284,0.051232,0.34611,0.158281,0.11954,-0.468933,-0.417906,-0.587061,0.12506,-0.075403,0.179311,0.234652,-0.337083,-0.408043,-0.589161,-0.355188,-0.111954,-0.093242,0.015472,0.421977,-0.241981,-0.300437,0.012971,0.543377,0.463153,-0.319887,-0.224471,-0.000973,0.010793,0.220364,0.356469,0.523491,-0.463206,-0.540452,-0.113168,0.118305,0.262724,-0.064938,-0.073532,0.343284,0.101063,0.086647,#
13,0.437102,0.362563,-0.331838,-0.674914,0.172768,0.560152,0.536431,0.102217,0.000775,0.299159,0.260819,0.487013,-0.114654,1.0,0.158919,0.13601,0.072623,-0.59871,0.239218,-0.015861,0.298869,-0.14666,0.392851,0.245368,-0.266816,-0.352112,-0.1385,0.177225,0.509394,0.177225,-0.27392,0.285449,0.197764,-0.450918,0.321801,-0.185781,0.515673,-0.278024,0.408984,0.259655,-0.074187,-0.169142,-0.326686,-0.601825,0.379219,-0.536251,-0.165312,0.354729,0.350225,0.362563,-0.120343,-0.254097,-0.263937,-0.396749,-0.166081,0.213531,0.389991,-0.033698,-0.33371,0.102217,-0.007571,0.150145,-0.127285,-0.012841,0.147363,1.0,-0.055422,0.061225,0.098579,-0.341798,-0.169142,-0.159707,0.177225,0.359408,0.321936,0.097027,-0.412207,-0.376195,-0.464645,0.096708,-0.375865,-0.411868,0.017295,0.235689,0.017295,0.18068,0.096708,-0.340514,0.209631,-0.255392,0.383409,0.096708,0.017295,-0.333163,0.209631,-0.375865,-0.412207,-0.208188,0.311684,-0.105099,-0.117993,0.062433,-0.308594,-0.534704,-0.375865,-0.0136,-0.20577,-0.382124,-0.522211,-0.070066,0.209631,0.177225,-0.411868,0.209191,-0.066849,0.354967,-0.697626,0.310731,0.399085,-0.085464,-0.255392,0.0,0.271744,-0.496998,-0.027112,-0.293565,-0.333163,-0.331777,-0.31596,-0.65721,-0.567893,-0.412207,-0.531545,-0.357836,-0.345115,0.062433,0.329667,0.0,-0.292989,-0.464645,-0.064439,0.409735,-0.35346,-0.345684,-0.376195,-0.341798,0.177225,-0.029901,-0.375865,0.116105,-0.156858,0.34182,0.030494,0.177225,-0.117441,-0.65721,0.806912,0.289653,-0.333163,-0.259656,-0.31787,0.217415,0.177225,-0.26096,-0.302583,0.064495,-0.10175,-0.219172,0.265838,0.062433,-0.18313,0.223042,0.265838,-0.375865,0.117087,-0.255696,0.162738,0.319849,0.363342,-0.429919,0.304376,-0.308121,-0.586336,0.374964,0.453885,-0.156858,-0.142154,-0.411868,0.248538,0.04554,-0.115167,0.255695,-0.015632,0.361123,-0.414168,0.035263,0.028938,-0.333163,0.267701,0.110701,#
14,0.166234,0.664881,-0.451655,0.238687,0.194444,-0.137769,-0.131185,-0.056508,-0.335321,0.161553,-0.09494,-0.329309,0.399133,0.158919,1.0,-0.329558,0.277994,-0.031992,0.761017,-0.071637,0.4005,-0.5315,0.181423,-0.042012,-0.277924,-0.215582,-0.195854,0.355923,0.403806,-0.329558,-0.477606,0.17271,-0.0459,0.047164,-0.150037,0.059267,0.007266,-0.270637,-0.363396,0.408652,0.019774,-0.031823,-0.00439,0.247631,0.275823,0.12695,-0.182935,0.184993,0.284357,0.214746,0.006198,-0.23249,0.41842,0.105834,0.367977,0.108057,0.623678,-0.397688,-0.051658,-0.056508,-0.363253,-0.363565,0.074219,0.205356,0.11807,0.158919,0.048958,0.006847,-0.171894,-0.115878,-0.031823,-0.34368,0.355923,0.00913,0.225076,-0.143829,-0.170639,-0.072276,-0.057602,0.147616,-0.282028,0.148348,0.345729,-0.014117,0.345729,0.348968,0.108555,-0.291985,-0.057602,-0.381379,0.184717,0.147616,0.345729,-0.084571,-0.057602,-0.282028,-0.170639,0.261215,0.148348,0.019773,0.339045,0.241676,-0.378918,-0.399202,-0.741119,-0.075304,0.023754,-0.53671,-0.314911,0.197735,0.334091,-0.329558,0.148348,0.196239,-0.44113,0.622029,-0.207007,0.245401,-0.002583,0.16031,-0.381379,0.0,-0.17987,0.020455,-0.159257,-0.573893,-0.612295,-0.526559,-0.651827,-0.085741,-0.277518,0.211054,0.134715,0.009577,0.184717,-0.215311,0.079758,0.0,-0.423877,-0.057602,0.005082,-0.80685,-0.198487,-0.000479,-0.072276,-0.115878,-0.329558,-0.045905,-0.282028,-0.008008,-0.396706,-0.282028,-0.207007,-0.329558,-0.457374,-0.085741,0.344276,0.213371,-0.084571,0.415244,-0.145823,0.224831,-0.329558,-0.448741,-0.561035,0.125087,0.597137,0.065292,0.019774,-0.215311,0.091017,-0.070965,0.019774,0.134883,-0.149577,-0.044773,-0.308521,0.030538,0.187973,-0.068479,-0.245589,0.636813,0.236568,0.241227,0.025357,0.240723,0.58202,-0.314497,0.635004,0.252205,-0.298704,-0.49518,0.189551,-0.134973,-0.151022,0.091901,0.053693,-0.084571,0.257156,0.00421,#
15,-0.332647,0.193633,0.292422,-0.218018,-0.332868,-0.332868,0.307148,-0.068041,0.245542,0.201837,-0.272078,-0.271924,-0.051231,0.13601,-0.329558,1.0,0.518497,0.445748,-0.400723,0.401677,-0.403389,0.208907,0.312025,-0.269126,-0.33322,-0.218052,-0.330162,-0.111111,0.249685,-0.111111,0.126592,0.221878,0.254385,-0.271998,0.354097,-0.271775,0.061242,-0.325878,0.395059,-0.111111,-0.166667,-0.268227,0.301322,-0.352637,-0.217869,-0.215292,-0.03253,0.113766,0.183946,0.193633,0.245542,0.231539,-0.166582,-0.500135,0.037071,-0.061899,0.240772,-0.408142,0.192095,-0.068041,0.068041,0.99604,0.033315,-0.508103,0.240772,0.13601,-0.213443,-0.126966,-0.30633,0.17992,-0.268227,-0.30672,-0.111111,-0.407885,-0.218107,0.174746,0.310366,-0.272031,0.252468,0.317756,0.194306,0.200063,-0.271981,-0.166582,-0.271981,0.258841,-0.333069,-0.508624,0.252468,0.37931,0.205634,0.317756,-0.271981,0.142566,0.252468,0.194306,0.310366,0.089087,0.200063,0.666667,-0.995105,-0.218107,0.24627,0.388544,0.194306,0.398178,-0.270888,-0.269841,-0.218107,-0.111111,-0.407832,-0.111111,0.200063,0.338688,0.142278,-0.502266,0.494925,-0.332631,-0.074019,-0.502376,0.37931,0.0,-0.333165,-0.272031,-0.042993,0.136858,0.142566,0.026077,0.229484,-0.271981,0.317756,-0.333075,-0.333075,-0.403633,0.205634,-0.218107,-0.166524,0.0,-0.052541,0.252468,-0.166582,0.37931,-0.218218,0.092829,-0.272031,0.17992,-0.111111,0.080608,0.194306,-0.269977,0.082172,0.194306,0.494925,-0.111111,0.124742,-0.271981,0.02058,0.2152,0.142566,-0.166667,-0.094547,0.317756,-0.111111,0.075647,0.118221,0.314451,-0.218103,-0.405284,-0.166667,-0.218107,-0.324918,0.199382,-0.166667,-0.508503,0.177438,0.148088,0.494925,-0.193047,0.189329,-0.407885,0.491444,-0.539141,-0.244874,-0.245144,-0.293882,-0.99238,-0.260836,0.200063,-0.218057,-0.520697,0.194306,0.373703,-0.523299,0.450222,0.281865,-0.404913,-0.418084,0.142566,0.300367,0.398178,#
16,-0.251517,0.452472,0.035627,0.065939,0.23799,-0.200021,0.227787,0.304501,0.099115,-0.037912,-0.534223,-0.076012,0.339227,0.072623,0.277994,0.518497,1.0,0.419158,0.187974,0.359155,0.139136,-0.462866,0.234555,-0.528426,-0.654274,-0.428142,-0.30603,-0.218165,0.104887,-0.218165,-0.450856,-0.012144,0.094734,0.33359,-0.044825,-0.071612,-0.318969,-0.639857,-0.091712,0.490164,0.225249,-0.52666,0.049068,-0.144766,0.064488,-0.053998,-0.360837,-0.16058,0.433285,0.452472,0.099115,-0.013392,0.240911,-0.066899,0.206181,0.216692,0.396007,-0.801382,0.275942,0.304501,-0.300155,0.521487,0.065413,-0.499325,0.361216,0.072623,0.005443,-0.071228,-0.346023,-0.179257,-0.52666,-0.529822,-0.218165,-0.367175,-0.42825,-0.10945,0.199208,-0.534129,0.074779,0.209011,-0.066521,-0.058881,-0.096106,-0.327081,-0.096106,0.083205,-0.222483,-0.536365,0.074779,-0.102293,0.377006,0.209011,-0.096106,-0.235091,0.074779,-0.066521,0.199208,0.134355,-0.058881,0.777745,-0.461739,0.035574,0.066527,0.341819,-0.066521,0.354568,-0.156472,-0.52983,-0.42825,-0.218165,-0.362998,-0.218165,-0.058881,0.238206,0.249127,-0.068308,0.517227,0.167788,-0.16421,-0.544668,-0.102293,0.0,-0.232246,-0.102293,-0.084417,-0.242726,-0.235091,0.051201,-0.243022,-0.096106,0.209011,-0.227391,-0.227391,-0.337596,0.377006,0.035574,0.223483,0.0,-0.661405,0.074779,0.209356,-0.102293,-0.428468,0.182268,-0.534129,-0.179257,-0.218165,0.33813,-0.066521,-0.054645,0.121047,-0.066521,0.517227,-0.218165,0.207061,-0.096106,0.084142,0.447041,-0.235091,0.225249,-0.204272,0.209011,-0.218165,-0.53465,-0.408481,0.204706,0.044493,0.093012,-0.327248,0.035574,-0.465361,0.059673,-0.327248,-0.53248,-0.086207,0.260316,0.044493,0.167918,0.403508,-0.367175,0.028228,-0.097453,0.459654,0.008948,-0.122855,-0.591376,0.018675,-0.058881,0.045747,-0.535128,-0.53248,-0.115845,-0.555136,-0.029504,0.147692,-0.374177,-0.381271,-0.235091,-0.065415,0.354568,#
17,-0.807285,0.036276,0.626523,0.430414,-0.382454,-0.493201,-0.078597,0.053919,0.192249,0.050546,-0.330015,-0.659919,0.095575,-0.59871,-0.031992,0.445748,0.419158,1.0,-0.204323,0.207284,-0.534698,0.282809,-0.072927,-0.302362,-0.054226,0.280069,-0.006248,-0.26965,-0.240166,-0.26965,0.181825,0.0855,-0.120216,0.215543,-0.155333,0.094223,-0.181232,-0.33307,-0.230476,-0.26965,0.132074,0.05416,0.646172,0.54457,-0.187264,-0.025941,0.240059,-0.012264,-0.282422,0.036276,-0.131185,0.478001,0.147328,0.074022,0.236849,0.125693,-0.001987,-0.223662,0.486799,0.053919,0.165122,0.404098,0.333851,-0.420064,0.184835,-0.59871,-0.105713,-0.025153,-0.542494,0.341165,0.05416,-0.305511,-0.26965,-0.244706,-0.182824,0.04679,0.458901,-0.216138,0.310679,0.029769,0.150086,0.512358,-0.234772,-0.003536,-0.234772,0.198901,-0.066933,-0.310011,-0.139469,0.203234,-0.313643,0.029769,-0.234772,0.376585,-0.139469,0.150086,0.458901,0.257172,0.029313,0.668623,-0.464629,-0.078877,0.29845,0.640813,0.150086,0.202871,-0.202413,-0.194966,-0.052381,-0.26965,-0.237578,-0.26965,0.512358,0.332367,-0.023489,-0.431185,0.874971,-0.388758,-0.03515,-0.41698,0.203234,0.0,-0.398802,0.203234,0.222163,-0.034826,0.376585,0.264761,-0.008023,0.215529,0.473458,0.363296,0.044615,0.209905,0.172722,-0.078877,-0.404129,0.0,0.041635,0.310679,0.116684,-0.240807,-0.061244,0.021389,-0.216138,0.341165,-0.26965,0.341346,0.150086,0.099031,-0.292084,-0.329042,0.388876,-0.26965,-0.159161,0.215529,-0.568426,0.290059,0.376585,0.132074,0.411225,0.352107,-0.26965,0.224172,0.090756,0.346293,-0.070214,-0.10459,-0.404476,-0.078877,0.011622,-0.165795,-0.404476,0.04566,0.009713,-0.012066,-0.070214,-0.43397,0.010364,-0.122734,0.265774,-0.001654,0.338843,-0.20688,-0.353738,-0.451744,0.256384,0.512358,-0.529192,-0.478159,0.04566,-0.268264,-0.448859,-0.051071,0.375572,-0.252424,-0.250402,0.376585,0.075588,0.534805,#
18,0.395713,0.808285,-0.734695,0.092298,0.500463,0.054787,0.064418,-0.020301,-0.179197,0.302338,0.178699,-0.046193,-0.206919,0.239218,0.761017,-0.400723,0.187974,-0.204323,1.0,-0.177173,0.628808,-0.434028,-0.043557,0.261303,-0.05636,0.100705,0.018317,0.204686,0.081491,0.348831,-0.391959,0.310871,0.176971,-0.081159,-0.344693,-0.155469,0.001391,-0.51039,-0.139377,0.348831,0.523246,-0.306215,-0.336316,0.38832,0.576662,0.030598,-0.267556,-0.187873,-0.008334,0.410732,-0.267305,-0.113703,0.39702,0.339287,0.438281,0.058964,0.272641,-0.295486,-0.451892,-0.020301,-0.381318,-0.42724,-0.418653,0.304374,0.20303,0.239218,-0.023998,-0.123985,-0.032867,-0.560687,-0.306215,-0.136468,0.204686,0.154352,-0.019967,-0.074669,-0.395961,-0.267314,-0.301829,-0.04897,-0.087636,-0.211743,0.188518,-0.180912,0.188518,0.055356,0.378155,-0.101743,0.16981,-0.605309,-0.11531,-0.04897,0.188518,-0.549924,0.16981,-0.087636,-0.395961,0.355965,0.294364,-0.038919,0.412002,0.588645,-0.185103,-0.535311,-0.4931,-0.181153,-0.194659,-0.203038,-0.423572,0.175857,0.040815,0.348831,-0.211743,-0.069075,-0.297785,0.726353,-0.305581,0.490746,0.158949,-0.222938,-0.605309,0.0,0.049438,-0.165916,-0.270325,-0.406398,-0.438953,-0.444518,-0.448141,-0.192551,-0.424444,-0.062065,-0.062065,-0.303708,-0.11531,0.185039,-0.018083,0.0,-0.299682,-0.301829,-0.054953,-0.51584,-0.390671,0.090791,-0.267314,-0.560687,-0.400723,0.033464,-0.589639,-0.18344,-0.226815,-0.087636,-0.305581,-0.400723,-0.288362,-0.192551,0.417749,-0.01356,-0.549924,0.393516,-0.512703,-0.04897,-0.400723,-0.373247,-0.424832,0.39978,0.475784,0.325981,-0.147028,-0.314663,0.267195,0.166359,0.415137,0.277067,-0.082142,0.138695,-0.416583,-0.052036,0.395832,0.154352,-0.432634,0.294999,0.155467,0.553865,0.272193,0.330793,0.468792,-0.620521,0.480135,-0.119111,-0.197047,-0.173245,0.286331,-0.355846,-0.382414,0.181798,0.157347,-0.549924,-0.044654,-0.181153,#
19,-0.432589,0.049416,0.190082,-0.082066,-0.029336,-0.399141,-0.426835,-0.472115,-0.601926,0.063982,-0.261917,-0.245907,0.085634,-0.015861,-0.071637,0.401677,0.359155,0.207284,-0.177173,1.0,0.186928,-0.268884,-0.032778,0.10935,-0.421019,-0.533995,-0.369684,-0.272104,-0.200755,-0.272104,0.336589,0.542733,0.655728,0.190926,-0.181396,-0.66556,0.15087,-0.138191,-0.261463,-0.272104,0.09718,-0.654464,0.224396,-0.189314,-0.533547,-0.040095,-0.67297,0.279387,0.585581,0.049416,-0.205922,0.139615,0.602208,-0.302533,-0.50772,-0.578499,0.502058,-0.568387,0.46968,-0.472115,-0.031738,0.383061,-0.299148,-0.821075,0.200288,-0.015861,0.232315,-0.837229,-0.535844,0.460845,-0.654464,-0.679602,-0.272104,-0.166032,-0.067666,-0.829774,0.393715,0.163084,0.642736,0.802272,0.501877,0.516187,0.575442,-0.407948,0.575442,0.658583,0.407609,0.065054,0.642736,0.163084,0.530011,0.802272,0.575442,0.379062,0.642736,0.501877,0.393715,0.25824,0.516187,0.602516,-0.425499,-0.109897,0.23065,0.575442,0.501877,0.999938,-0.218382,-0.323933,0.356566,0.401677,0.242328,-0.272104,0.516187,0.448238,-0.110612,0.177772,0.330645,0.01293,0.039097,-0.292925,0.163084,0.0,-0.005675,0.163084,-0.596631,0.364874,0.379062,0.065077,0.332944,0.575442,0.802272,0.003531,0.393715,-0.114851,0.530011,0.356566,0.097097,0.0,0.058207,0.642736,0.62219,0.163084,-0.076343,0.228273,0.163084,0.460845,0.427592,-0.500092,0.501877,0.251869,0.241037,0.501877,0.80607,0.427592,0.054724,0.575442,0.343199,-0.138027,0.379062,0.602516,-0.014033,0.407609,0.427592,0.224952,0.326739,0.390428,0.330645,-0.149748,0.116616,0.356566,-0.767286,0.221498,-0.408156,0.075691,-0.826597,0.392741,0.80607,-0.438991,0.054616,0.23065,-0.137197,-0.39337,-0.174251,-0.570073,-0.691659,-0.410574,0.335764,0.516187,-0.113274,-0.390512,0.075691,0.13599,-0.803046,-0.204931,0.471842,-0.991606,-0.996719,0.379062,0.564227,0.146658,#
20,0.375351,0.37589,-0.703879,0.099665,0.391335,0.08788,-0.315456,0.11051,-0.568506,-0.13091,-0.238535,0.321557,-0.055472,0.298869,0.4005,-0.403389,0.139136,-0.534698,0.628808,0.186928,1.0,-0.544434,-0.416857,0.15292,-0.478493,-0.32221,0.023337,0.286618,-0.248592,0.286618,-0.221734,0.300134,0.54633,0.310589,-0.289672,-0.501996,-0.066555,-0.133028,-0.126956,0.339696,0.429928,-0.510554,-0.269699,-0.078308,0.170736,-0.011052,-0.438214,-0.213548,0.439615,-0.077216,-0.256551,0.033991,0.313755,-0.093051,-0.2432,-0.085327,0.31958,-0.206289,-0.484815,0.11051,-0.110508,-0.40899,-0.427213,-0.086952,0.151438,0.298869,-0.088367,-0.281754,0.299784,-0.384308,-0.510554,-0.049926,0.286618,0.215801,0.128172,-0.454682,0.036523,0.180097,0.113181,0.361738,0.312426,-0.135788,0.606932,-0.604775,0.606932,0.128519,0.361738,0.295089,0.547352,-0.131047,0.327569,0.361738,0.606932,-0.465375,0.547352,0.312426,0.036523,0.399424,0.330112,-0.087578,0.43798,0.562621,0.215801,-0.142917,-0.149696,0.189455,0.288062,-0.270695,0.002359,0.127386,0.113181,0.286618,-0.135788,0.095193,0.188038,0.836812,-0.349027,0.887266,0.228375,-0.040549,-0.131047,0.0,0.440977,0.27344,-0.329518,0.048243,-0.465375,-0.480832,-0.088989,0.172614,-0.066203,0.036523,0.343893,-0.136898,0.327569,0.562621,0.470807,0.0,-0.270228,0.113181,0.429708,-0.131047,0.111192,0.518247,0.180097,-0.384308,0.286618,-0.464003,-0.149696,-0.063275,0.37381,0.312426,0.119815,0.286618,0.296809,0.172614,0.445024,-0.452322,-0.465375,0.310503,-0.413053,0.050841,0.286618,-0.324625,-0.132714,-0.044622,0.460427,0.67863,0.429928,0.102616,-0.045702,0.172442,0.429928,0.312426,-0.413103,0.594683,0.017632,-0.027153,-0.090919,0.528289,-0.793446,-0.074757,0.142281,0.16165,-0.092741,0.37381,0.030671,-0.601689,0.498573,-0.064808,-0.124023,-0.217662,-0.07256,-0.398226,0.098161,-0.126568,-0.146597,-0.465375,0.04925,-0.571379,#
