0,1.0,-0.51013,0.12968,0.354744,0.252958,-0.226392,-0.153444,0.045722,-0.794771,-0.769903,0.311846,0.048794,0.045722,-0.163146,-0.443644,-0.331614,0.022181,-0.796996,0.268342,-0.458844,0.857354,-0.056906,-0.547876,-0.598177,0.192006,-0.062272,-0.082191,-0.184084,0.056128,-0.056163,-0.029221,-0.202235,-0.171538,0.055246,0.05952,-0.274468,-0.069387,-0.129831,-4.7e-05,-0.40477,0.394986,0.73628,0.412818,0.332985,-0.794953,0.395005,-0.097525,-0.323094,-0.374604,-0.502188,-0.32759,0.293447,0.302625,0.272572,0.403421,-0.067332,-0.388186,0.561056,-0.350626,0.315042,0.10042,0.298378,0.487271,0.234814,-0.538249,-0.432789,-0.020465,-0.446319,-0.251799,-0.630977,-0.093768,-0.699448,-0.40477,0.482611,-0.422311,0.181668,-0.270163,0.230387,-0.493865,0.023157,-0.416239,0.059319,0.614908,-0.418801,-0.332534,-0.270163,0.033749,0.318781,-0.063653,-0.40477,-0.40477,-0.588794,0.321741,-0.807677,0.059793,-0.141352,-0.099568,0.301515,-0.381303,0.34025,0.339196,-0.112397,-0.113894,-0.606846,0.342151,0.06554,0.156273,0.46347,-0.062272,0.536607,-0.207973,0.165455,-0.22878,0.230387,0.236413,0.46347,0.0,-0.063653,-0.714735,0.693734,-0.310209,0.332969,0.009266,0.0,0.368137,-0.234989,-0.172273,-0.093768,-0.194207,0.676836,0.048242,-0.794953,0.13565,0.315324,-0.376061,0.463295,-0.168309,0.295794,0.372884,0.206448,-0.370823,-0.073317,0.614908,0.449319,0.009594,-0.364109,-0.278754,-0.416954,-0.207973,0.02245,-0.179348,0.059319,-0.376061,0.059319,0.165533,0.122043,-0.112724,-0.362989,0.367632,-0.40477,-0.004081,-0.353453,0.192006,-0.381303,-0.487178,-0.877872,-0.141352,0.142487,0.482611,-0.141352,0.148204,0.357533,-0.112397,0.027201,-0.370306,0.394351,0.230387,-0.200591,-0.552373,0.856797,-0.058763,0.299656,0.668865,0.457892,0.082352,0.610566,-0.120689,-0.070163,0.780642,0.301019,-0.39194,0.358965,0.070632,-0.544231,-0.209403,0.005782,0.154203,-0.381303,-0.539295,-0.096093,#
1,-0.51013,1.0,0.139642,-0.281754,-0.109146,-0.173352,0.193763,0.349498,0.356291,0.627452,-0.133091,-0.196612,0.349498,0.253236,0.492574,-0.198395,-0.547293,0.531155,-0.305051,0.219534,-0.544932,0.567598,0.276444,0.271983,0.170464,-0.371483,-0.285319,0.255204,-0.258488,0.313541,-0.243353,-0.144841,0.229808,-0.258972,-0.478463,0.418806,-0.386023,0.021969,-0.000116,0.170464,-0.480177,-0.57606,-0.214316,-0.33979,0.334784,-0.489528,0.158897,0.000325,0.323133,0.39168,0.108306,-0.091552,-0.163947,-0.011732,-0.311646,-0.206607,-0.108476,-0.423148,0.082719,-0.337923,-0.541008,0.202297,-0.471101,-0.314596,0.532018,-0.237332,0.247999,0.355843,0.366816,0.058007,0.478499,0.555454,0.170464,-0.998661,0.017968,-0.55936,0.076183,-0.154187,0.217552,-0.513406,0.512527,-0.511651,-0.819924,0.334614,-0.48361,0.096589,-0.005423,-0.338788,-0.026486,0.170464,0.170464,-0.387334,-0.665774,0.530717,-0.296333,-0.126919,0.212951,0.187488,0.633274,-0.635459,0.02668,0.257976,0.217552,0.280364,-0.21755,-0.201436,-0.739052,-0.389203,-0.371483,-0.318213,0.096589,0.398333,-0.396758,-0.154187,-0.423857,-0.389203,0.0,-0.006538,0.62681,-0.668141,-0.201436,-0.677672,-0.48361,0.0,-0.443229,-0.186446,0.255565,0.478499,-0.20331,-0.142994,-0.011423,0.35584,-0.272825,-0.632351,-0.005423,-0.430149,0.231991,0.138301,-0.269138,0.419263,0.336504,-0.166657,-0.819924,-0.474749,0.350815,0.260673,-0.254144,0.37453,0.096589,0.293141,-0.423857,-0.511651,-0.005423,-0.511651,0.070878,-0.230801,-0.147063,0.015711,-0.228775,0.202627,-0.346204,0.356056,0.138301,0.633274,0.378292,0.47348,-0.106702,-0.411687,-0.998661,-0.106702,-0.465094,-0.722224,0.23249,0.34609,0.080215,-0.377432,-0.134814,0.216444,0.466494,-0.574706,0.460261,-0.000394,-0.671881,-0.526075,0.053417,-0.453243,0.079168,-0.366682,-0.375327,0.45812,-0.418928,-0.450848,0.080215,0.485337,0.201708,-0.44555,-0.423914,0.633274,0.998145,-0.331476,#
2,0.12968,0.139642,1.0,0.31744,0.227475,-0.276676,0.410498,0.105512,0.141836,-0.15744,0.174539,-0.297339,0.105512,-0.47914,-0.421562,-0.797708,-0.360348,0.015339,-0.488287,0.332601,-0.054682,0.560502,-0.029245,-0.147116,0.320174,-0.609406,0.365445,-0.094659,0.178417,-0.346904,-0.070906,-0.582517,-0.469999,-0.351858,0.215247,-0.088283,-0.029979,-0.317346,-4.9e-05,-0.406271,0.39924,-0.313731,0.243063,-0.534261,-0.339944,-0.17391,-0.129858,0.454954,0.033126,-0.315761,-0.607904,-0.099202,0.638627,0.28853,-0.362781,0.298299,-0.267081,-0.250109,-0.522849,-0.036789,-0.663503,-0.082062,0.183472,-0.312816,0.391792,-0.212194,0.409241,0.169478,0.46412,0.110914,0.184431,0.230172,0.293268,-0.12511,0.449277,-0.215599,0.139029,-0.215351,0.295052,0.028595,-0.04879,-0.024531,0.031232,-0.340104,0.014594,0.599929,0.351162,-0.089397,0.017892,0.293268,-0.406271,-0.236111,0.239458,-0.008982,0.120418,-0.226438,0.779325,0.801624,0.367345,0.195697,0.050702,0.422372,0.312183,0.460423,-0.334741,0.574678,0.100398,-0.158469,-0.609406,-0.372411,0.535441,-0.163315,0.203501,-0.215351,0.10097,-0.158469,0.0,0.468432,-0.250652,0.222215,0.557738,0.237434,0.030004,0.0,0.481635,0.341781,-0.080099,0.184431,0.4713,0.61861,0.783529,-0.322331,0.572708,0.230196,0.398379,0.358412,-0.60926,0.239458,0.381636,0.670871,0.08599,0.001895,0.031232,-0.168496,0.061423,0.643851,-0.40949,0.074094,0.535441,0.130166,0.148872,-0.024531,0.398379,-0.024531,0.115613,0.08599,-0.258314,-0.012481,0.367345,0.320174,0.295052,0.076431,-0.406271,0.367345,0.110471,-0.38834,0.230196,0.085826,-0.12511,0.230196,-0.309898,-0.556111,-0.153267,0.594649,-0.26227,0.285451,0.222215,-0.113455,-0.39796,-0.08581,-0.062543,-0.071359,0.19309,-0.11641,-0.702095,0.116268,-0.234713,-0.098955,0.336147,-0.079979,-0.406417,-0.637992,-0.313073,0.041065,-0.103567,0.390703,-0.730983,0.367345,0.091144,-0.051835,#
3,0.354744,-0.281754,0.31744,1.0,0.020996,-0.207792,0.108929,0.230038,0.006293,-0.464182,0.49729,-0.005018,0.230038,0.069017,-0.668456,-0.02439,-0.157147,-0.211904,0.027294,0.046919,0.175871,0.178858,0.055918,0.374161,0.225053,0.358679,0.576279,0.359158,0.288,-0.539589,0.501624,0.058471,0.13734,-0.527504,0.64371,-0.309234,0.379731,-0.399762,0.0,-0.50637,0.281043,0.09254,0.509779,0.011384,-0.497245,0.3287,-0.26234,-0.211118,-0.368859,-0.225774,-0.49915,0.592245,0.458397,0.530165,-0.131845,0.562331,-0.172313,-0.145246,0.0,0.584451,-0.069793,-0.17571,0.00877,-0.20371,0.204762,-0.182592,0.376608,0.002271,0.046367,-0.119175,-0.133707,-0.021032,-0.50637,0.295382,-0.214657,0.406578,-0.079326,0.107649,0.032662,-0.189742,0.221675,0.689082,0.41986,-0.02709,0.255901,0.402581,0.639856,0.005234,-0.199673,-0.50637,0.253185,-0.052136,0.16879,-0.211782,0.295112,0.088416,0.521696,0.024652,-0.223944,0.030496,0.216366,0.378959,0.498363,-0.173524,0.49771,0.423017,0.423579,0.275951,0.358679,0.041132,-0.129897,-0.387935,-0.07794,-0.376772,0.790564,0.275951,0.0,-0.199673,-0.518252,0.530272,-0.037509,0.13877,0.674819,0.0,0.309658,0.49771,0.359098,-0.133707,0.544093,0.478628,0.18904,0.0,0.180212,0.548179,0.261363,0.312083,-0.178676,0.253185,-0.211245,0.53327,0.496198,0.429378,0.41986,0.041928,0.201982,0.298958,0.059131,0.255337,0.35201,-0.484477,0.406576,0.689082,0.261363,0.689082,0.365552,0.477113,-0.130056,-0.227495,0.530054,0.253185,0.013697,0.426142,-0.50637,-0.223944,-0.340502,-0.58888,0.565862,0.406659,0.295382,0.565862,-0.052012,-0.138277,0.378959,0.225449,-0.528971,0.502571,0.548214,-0.208544,-0.619837,0.17141,-0.207511,0.254071,0.548053,0.169317,-0.078782,0.334162,0.082737,0.113791,0.510832,0.238097,0.063614,-0.173335,-0.12173,-0.638528,-0.769036,-0.188061,-0.108896,-0.223944,-0.301005,-0.244676,#
4,0.252958,-0.109146,0.227475,0.020996,1.0,-0.36439,-0.329703,0.427549,-0.534279,-0.174456,0.190926,-0.533887,0.427549,0.083569,-0.001506,-0.087559,0.02696,-0.013943,0.635707,0.096119,0.037014,-0.215023,0.076289,-0.40212,0.401677,-0.408156,-0.386818,0.068973,-0.575949,0.370369,0.132449,-0.588,-0.354511,0.409882,-0.36283,0.158596,-0.058576,-0.16514,0.0,0.401677,0.611932,-0.039259,-0.453853,0.561387,-0.093308,-0.008362,0.315458,0.379793,-0.083282,-0.611132,-0.163778,0.390613,0.620966,-0.235684,0.28002,-0.321514,-0.41717,0.693239,-0.116378,-0.324541,-0.147874,0.114589,0.091076,0.198611,-0.354823,0.17619,-0.40475,-0.232301,0.127619,-0.082177,0.204397,0.236643,-0.272104,0.116616,0.416667,0.160219,0.277684,-0.218991,0.111618,-0.386653,-0.003121,-0.386156,-0.058602,0.33929,-0.391579,-0.149803,0.01293,0.526947,0.012947,-0.272104,-0.272104,-0.150751,0.427592,-0.012359,-0.592175,0.19819,0.097389,0.108608,0.296828,0.174898,-0.001505,-0.407276,0.540617,-0.407948,0.279367,0.356566,-0.076343,0.0827,-0.408156,-0.530469,0.277684,0.583179,0.253984,0.210727,-0.157865,0.0827,0.0,0.012947,-0.174386,0.186854,-0.067666,0.21102,-0.005675,0.0,0.387435,0.279367,0.0827,0.204397,0.281169,0.611492,0.022557,-0.093308,0.421709,-0.22534,-0.381213,0.147167,-0.408058,-0.272104,0.527347,0.158466,-0.533275,0.223125,-0.058602,-0.008381,0.421709,0.403142,-0.529581,-0.133645,-0.149803,-0.531998,-0.557731,-0.386156,-0.381213,-0.386156,-0.182211,-0.533275,-0.228123,-0.013297,-0.397749,-0.272104,0.111618,-0.109897,-0.272104,0.296828,0.407879,-0.394837,-0.22534,-0.184166,0.116616,-0.22534,-0.58209,-0.111458,-0.407276,-0.088686,0.239564,0.097389,0.186854,0.600029,-0.012566,0.022557,-0.415897,-0.037596,0.160685,0.410533,0.237375,-0.149803,0.517102,-0.771617,0.085079,0.020328,0.128923,-0.405425,0.663644,-0.002039,-0.423235,0.180459,0.246359,0.296828,-0.108893,-0.407163,#
5,-0.226392,-0.173352,-0.276676,-0.207792,-0.36439,1.0,-0.194105,-0.135877,0.2553,-0.254356,0.284541,0.201397,-0.135877,-0.227363,0.32131,0.199362,0.348409,0.372583,-0.168468,0.558423,0.29786,-0.18837,-0.196392,0.197231,-0.995972,0.141061,-0.196379,-0.61293,-0.170718,-0.485411,0.531595,0.555284,-0.258684,0.230142,-0.042669,-0.395621,0.653202,0.385826,0.000155,0.115413,-0.453318,0.414067,-0.002598,-0.227363,0.226667,-0.510924,-0.354194,0.398125,0.689056,-0.20857,-0.316224,-0.133107,-0.203405,0.259863,-0.021465,0.523456,-0.117657,-0.283972,-0.179744,-0.225041,0.549337,-0.688055,-0.041433,0.267268,0.169416,0.35262,0.164281,-0.276161,0.270304,0.4471,0.146944,-0.199503,0.115413,0.17312,-0.245208,0.523749,-0.239864,0.259442,0.559375,0.347427,0.348451,0.348434,0.200413,-0.473209,0.371987,-0.212744,0.374927,-0.173201,-0.303548,0.115413,0.115413,0.45023,0.158159,0.372181,-0.150146,0.285113,-0.15386,-0.18729,-0.043575,0.282511,-0.348332,0.17651,-0.148248,0.20599,-0.080489,-0.416215,0.25465,0.140073,0.141061,0.141666,0.453212,-0.429798,-0.203993,0.259442,0.426033,0.140073,0.0,-0.277037,0.425117,-0.411503,0.283546,-0.404817,-0.264552,0.0,0.023034,-0.039151,-0.636279,0.146944,-0.01882,-0.394231,0.375352,0.25465,-0.118904,0.285113,0.374927,0.17651,0.141655,0.072668,-0.259446,-0.394231,0.229411,0.522616,0.200413,-0.060223,-0.117066,-0.061845,0.194673,-0.142848,0.453212,0.172303,0.426033,0.348434,0.374927,0.348434,-0.301161,0.200413,0.958847,0.34585,-0.08764,0.158159,0.530558,0.255049,0.072667,-0.043575,-0.08227,0.364229,0.311983,-0.233011,0.17312,0.311983,0.394483,0.284001,0.142638,-0.122954,-0.209179,-0.211981,-0.384241,-0.600424,-0.298301,0.296471,0.332525,-0.33662,-0.387822,0.338339,-0.25388,0.400478,-0.11682,0.503341,-0.20189,-0.354724,0.247453,0.138274,-0.209179,-0.281822,0.178718,0.207173,0.409284,-0.043575,-0.156284,0.142716,#
6,-0.153444,0.193763,0.410498,0.108929,-0.329703,-0.194105,1.0,0.220727,0.446619,0.356943,0.090222,-0.033743,0.220727,-0.415623,-0.240853,-0.516773,-0.216338,-0.193938,-0.446285,0.077333,-0.229342,0.6955,-0.390412,0.339465,0.217911,-0.217911,0.523722,0.326238,0.782572,-0.116453,-0.335744,-0.130652,0.03907,-0.069138,0.429425,0.090222,-0.352205,0.382817,-0.000101,-0.508459,0.344095,-0.322621,0.40076,-0.415623,-0.047552,-0.323203,-0.607767,-0.122549,0.242771,0.209429,-0.099807,-0.144103,0.065484,-0.299597,-0.33357,0.047867,0.471014,-0.523375,-0.053607,0.540731,-0.208859,0.288652,-0.063978,-0.366199,0.28915,-0.292764,0.319307,-0.11732,0.529203,0.339691,0.442532,-0.076982,0.217911,-0.196958,0.242105,-0.488112,0.339928,0.517898,0.064455,0.225927,-0.220528,0.226586,-0.063597,-0.056496,0.246791,0.818507,0.246676,-0.415376,0.654178,0.217911,0.217911,-0.062706,0.245848,-0.195664,0.743733,0.078049,0.550592,0.529013,0.495673,-0.338021,-0.206303,0.328622,0.064455,0.348241,-0.239031,0.465001,-0.010974,-0.7623,-0.217911,-0.140245,-0.077597,-0.381004,-0.070823,0.054641,-0.069245,-0.7623,0.0,0.671505,-0.087895,0.071468,0.465001,0.073567,0.246791,0.0,-0.420797,-0.212013,0.3267,0.442532,-0.101917,0.090844,0.242012,-0.029263,-0.328866,0.09561,0.671582,0.328622,0.306251,0.189974,-0.192632,0.090844,0.429173,-0.302206,-0.063597,0.017755,0.212838,0.242522,-0.084822,-0.343189,0.383257,0.39118,0.36183,0.226586,0.671582,0.226586,-0.121937,-0.063597,-0.373671,-0.64176,0.495673,0.245848,-0.425234,-0.010968,0.189974,0.495673,0.24017,0.191836,0.552197,0.353086,-0.196958,0.552197,0.311454,-0.122675,0.306484,0.771398,0.327939,0.037775,0.534726,-0.249062,0.180332,-0.247265,0.16865,0.627021,0.054538,-0.688027,-0.587653,-0.094337,-0.096829,0.50915,0.04529,0.149945,-0.224903,-0.269235,-0.129241,0.190784,0.302962,0.347066,-0.55747,0.495673,0.183228,-0.183415,#
7,0.045722,0.349498,0.105512,0.230038,0.427549,-0.135877,0.220727,1.0,-0.189405,0.103317,0.408751,-0.201845,1.0,0.237245,-0.022463,-0.203622,-0.006946,0.023586,0.293784,0.245923,-0.005543,0.318541,-0.28383,0.265811,0.166359,-0.374308,-0.320807,0.249059,-0.227231,0.305619,0.334974,-0.005541,0.213944,0.328722,-0.276713,0.408751,-0.164996,0.205459,0.000116,0.166359,0.272004,0.012185,-0.17939,0.237245,-0.217815,-0.491601,-0.447284,0.032012,0.375429,-0.258431,-0.419785,0.77253,0.439087,-0.019449,-0.180877,-0.178102,-0.170729,0.119716,0.24424,0.238694,0.022226,0.245576,-0.271294,-0.275646,-0.071278,-0.199529,0.241923,-0.335868,0.676234,0.088134,0.755555,0.098407,-0.665437,-0.350314,0.056234,-0.0113,0.113668,0.38971,0.2545,-0.472318,0.500228,0.010449,-0.235845,0.326557,-0.443209,0.133965,0.520043,0.226881,0.012566,-0.665437,0.166359,-0.348715,0.198352,0.036617,-0.253358,0.408901,0.250365,0.225497,0.681945,-0.59069,0.016949,0.251818,0.784108,-0.331635,0.639538,0.369213,-0.175928,-0.391933,-0.374308,-0.32276,0.133965,0.388383,-0.357645,0.38971,0.10945,-0.391933,0.0,0.032408,0.117427,-0.121515,-0.15451,-0.540279,0.033198,0.0,-0.214025,-0.13395,0.249412,0.755555,-0.064391,0.409211,0.02807,0.347667,-0.229975,-0.093846,0.033466,0.251818,0.225961,0.134367,-0.016988,0.409211,0.328447,0.428704,-0.235845,0.120913,0.998302,0.373573,-0.712308,-0.247151,0.133965,-0.302896,-0.384192,0.010449,0.033466,0.010449,-0.444647,-0.235845,-0.090768,-0.471989,-0.175525,0.198352,-0.306262,0.347885,0.134367,0.681945,0.417333,-0.010172,0.429011,-0.368163,-0.350314,0.429011,-0.454821,-0.160922,0.226467,0.386106,0.087592,-0.336882,0.40898,0.251331,-0.029039,-0.039878,-0.048983,0.483479,-0.123885,-0.010172,0.074412,0.085476,0.687012,-0.326632,0.198763,0.480784,-0.03183,-0.412416,0.611127,-0.017116,-0.430533,-0.266742,0.090816,0.681945,0.36116,-0.995727,#
8,-0.794771,0.356291,0.141836,0.006293,-0.534279,0.2553,0.446619,-0.189405,1.0,0.551622,-0.094645,0.084937,-0.189405,-0.017392,0.213749,0.047675,-0.195989,0.661433,-0.488733,0.431307,-0.653866,0.422603,0.446933,0.755923,-0.218168,0.211264,0.456232,0.240718,0.35596,-0.426647,-0.006374,0.133932,-0.011937,-0.426831,0.313035,-0.060193,0.16089,0.00701,5e-05,-0.218168,-0.320074,-0.634236,0.203742,-0.526584,0.511637,-0.318644,-0.134074,0.255957,0.296544,0.364255,0.089176,-0.393047,-0.123613,-0.040964,-0.51823,0.50004,0.281538,-0.800892,0.068773,-0.01738,-0.278168,-0.328457,-0.204756,-0.335698,0.81495,0.383027,0.165556,0.298848,0.277436,0.523794,0.055105,0.568956,0.499853,-0.327252,0.219003,-0.200007,0.08605,-0.075441,0.447031,0.219003,0.253439,0.243148,-0.427571,0.050425,0.644683,0.559127,0.253439,-0.499072,0.211906,0.499853,0.499853,0.521945,-0.218168,0.659266,0.353701,-0.081974,0.459046,-0.021044,0.258748,-0.107194,-0.186156,0.264301,-0.010136,0.770691,-0.449786,0.068836,0.059661,-0.327085,0.211264,-0.42532,0.103571,-0.534274,0.08665,-0.533374,0.120027,-0.327085,0.0,0.229033,0.546888,-0.533374,0.520923,-0.165576,0.233441,0.0,-0.366415,0.244609,0.226535,0.055105,0.254469,-0.533631,0.239038,0.529716,-0.201962,-0.064615,0.673461,-0.326546,0.22177,-0.218168,-0.573887,-0.05086,0.565376,-0.009511,-0.427571,-0.564818,-0.171092,0.346873,0.469757,0.34551,0.559127,0.08122,0.546147,0.243148,0.673461,0.243148,0.094679,0.07827,0.14796,0.217998,0.258748,0.527469,-0.037028,0.547517,-0.218168,0.258748,0.342532,0.663079,0.386724,0.134928,-0.327252,0.386724,0.120369,-0.349993,0.242418,0.365833,0.120369,-0.047876,-0.075441,-0.307616,0.245642,-0.653269,0.252489,-0.175042,-0.517463,-0.630045,-0.336315,-0.326676,-0.072724,0.447031,-0.491343,-0.185847,0.267281,-0.307616,-0.331556,0.245734,0.256182,0.142564,-0.328143,0.258748,0.365833,0.244325,#
9,-0.769903,0.627452,-0.15744,-0.464182,-0.174456,-0.254356,0.356943,0.103317,0.551622,1.0,-0.582615,0.101831,0.103317,0.369375,0.389535,0.100571,-0.046846,0.427183,-0.1314,-0.073828,-0.840061,0.235541,0.390755,0.418282,0.271998,-0.101999,-0.046912,0.407212,0.115571,0.515802,-0.471926,0.004529,0.381721,0.05037,-0.254191,0.667077,-0.56868,0.085419,-4.7e-05,0.271998,-0.194774,-0.733999,-0.317149,-0.11285,0.534193,-0.203252,0.102771,-0.014407,0.107285,0.642169,0.577946,-0.252818,-0.274016,-0.528503,-0.427066,-0.42534,0.500815,-0.273163,0.532798,-0.077736,-0.301071,0.377854,-0.263442,-0.462219,0.246778,0.205791,-0.142765,0.348496,0.107873,0.205653,0.154095,0.571505,0.271998,-0.611995,0.414452,-0.690463,0.182159,-0.169951,-0.038398,-0.01764,0.058317,-0.372634,-0.799602,0.533922,0.006697,0.198753,-0.36286,-0.095171,0.378297,0.271998,0.271998,0.174851,-0.407997,0.437616,0.106371,-0.142479,-0.048995,-0.076727,0.445453,-0.594467,0.010696,-0.05112,-0.038398,0.427954,-0.238351,0.098028,-0.339007,-0.611683,-0.101999,-0.423615,-0.208709,0.2302,0.16702,-0.169951,-0.624503,-0.611683,0.0,0.394517,0.59518,-0.587878,0.098028,-0.226911,0.006697,0.0,-0.658441,-0.213057,0.407789,0.154095,-0.249219,-0.582135,-0.37663,0.551315,-0.371513,-0.553475,0.034918,-0.610676,0.388673,-0.407997,-0.213318,-0.124932,0.140758,-0.412699,-0.799602,-0.238439,0.135606,0.058265,0.052938,0.139463,-0.208709,0.063972,-0.22095,-0.372634,0.034918,-0.372634,-0.237243,-0.320551,-0.368695,0.021687,-0.255529,0.298152,-0.496822,0.123213,0.245844,0.445453,0.611869,0.804085,-0.126039,-0.219658,-0.611995,-0.126039,-0.249798,-0.226686,-0.071844,0.124852,0.579434,-0.529071,-0.154198,0.407149,0.808786,-0.834669,-0.009177,0.029499,-0.586522,-0.791809,0.133871,-0.65581,0.284248,-0.080518,-0.540763,0.012957,0.196349,-0.135465,0.151443,0.824911,0.405321,-0.164153,-0.256473,0.445453,0.655076,-0.069954,#
10,0.311846,-0.133091,0.174539,0.49729,0.190926,0.284541,0.090222,0.408751,-0.094645,-0.582615,1.0,-0.533679,0.408751,-0.350853,0.006324,-0.083231,-0.36483,-0.006227,0.225355,0.532163,0.42793,0.274748,-0.355878,0.17865,-0.271998,0.101999,0.063246,0.130082,-0.092881,-0.531917,0.57674,-0.126838,-0.379726,-0.047712,0.249703,-0.665846,0.563684,0.34236,4.7e-05,-0.271998,0.217613,0.308361,0.315162,0.131372,-0.089032,-0.397265,-0.303845,0.047449,0.397762,-0.639887,-0.577323,0.390718,0.306514,0.181891,0.405663,0.539904,-0.473782,-0.128219,-0.527459,0.097566,0.184276,-0.395411,-0.224303,0.471833,0.244224,-0.146994,0.138242,-0.568154,0.477753,0.250489,0.536012,-0.186032,-0.271998,0.121614,-0.382379,0.593866,0.251114,0.589732,0.516412,-0.382379,0.36466,0.390429,0.340265,-0.080592,0.025024,0.251114,0.802035,-0.341757,0.044336,-0.271998,0.407997,-0.142537,0.434151,-0.004633,-0.102998,0.571741,0.531046,0.079716,0.260023,0.182913,-0.404494,0.053423,0.516412,-0.407789,0.242814,-0.063156,-0.071911,0.087383,0.101999,-0.105373,0.227146,-0.245745,-0.558303,0.156051,0.642763,0.087383,0.0,-0.377396,-0.166394,0.156051,-0.063156,-0.19997,0.025024,0.0,0.094701,0.242814,0.116511,0.536012,0.282118,0.584017,0.394842,-0.089032,-0.132233,0.144305,0.404257,0.612979,0.111972,0.381843,-0.370431,0.126813,0.322522,0.566233,0.340265,-0.26315,0.394001,0.403847,-0.052938,-0.138114,0.658576,-0.09661,0.23921,0.390429,0.404257,0.390429,0.222345,-0.138787,0.372008,-0.424286,0.260023,-0.271998,0.057989,0.347553,-0.271998,0.260023,-0.067115,-0.390261,0.571741,0.303086,0.121614,0.571741,0.236424,-0.161122,0.592254,0.408771,-0.149385,0.531046,0.589732,-0.404632,-0.399929,0.394842,0.413789,0.399093,0.153379,0.381946,-0.147096,0.227146,0.074317,0.083457,0.081245,0.408158,-0.160862,-0.404632,0.278606,-0.822854,-0.422407,0.186008,0.258458,0.260023,-0.141846,-0.407004,#
11,0.048794,-0.196612,-0.297339,-0.005018,-0.533887,0.201397,-0.033743,-0.201845,0.084937,0.101831,-0.533679,1.0,-0.201845,0.419131,-0.242443,0.023175,0.632378,-0.18131,-0.216564,-0.484754,0.175279,-0.134512,-0.033767,0.154812,-0.218008,0.203852,-0.003607,-0.326383,0.315319,0.009784,-0.089265,0.632605,0.426911,-0.012877,-0.012228,0.368671,-0.201002,-0.30001,2.6e-05,-0.218008,-0.31984,0.348278,0.283528,-0.102903,-0.428159,0.306678,-0.345858,-0.16712,-0.209719,0.323386,0.043349,0.023258,-0.113138,0.333227,-0.562894,0.011225,0.254604,0.037886,0.512054,0.418833,0.188717,0.230141,0.503295,-0.588109,-0.224049,0.152455,0.178155,0.075453,-0.314481,-0.39083,-0.410545,-0.26096,-0.218008,0.203852,-0.18479,-0.201415,-0.799167,-0.106637,-0.480786,0.659111,-0.179163,0.248896,0.052927,-0.427941,0.239138,-0.314158,-0.179163,0.436022,-0.238907,-0.218008,-0.218008,0.108926,-0.218008,-0.18479,0.353857,-0.532922,-0.476612,-0.014023,-0.470553,-0.088116,0.648474,0.279442,-0.480786,0.262568,0.24498,0.081687,0.535662,0.218907,0.203852,0.494923,-0.314158,-0.113158,0.117466,-0.106637,0.12602,0.218907,0.0,0.2352,0.101447,-0.081558,0.081687,-0.067675,0.239138,0.0,-0.150151,-0.439548,-0.326845,-0.410545,-0.410473,-0.53324,-0.173696,0.072287,-0.163478,0.392523,-0.179163,-0.326307,0.193396,-0.218008,0.052035,-0.038292,0.091342,-0.140058,0.052927,0.480974,-0.193909,-0.647803,0.071635,-0.165285,-0.314158,-0.014015,0.12602,0.248896,-0.179163,0.248896,-0.345831,0.571526,0.148464,0.25325,0.259112,0.546435,-0.003605,0.081687,0.48981,-0.470553,-0.202226,0.206738,-0.052402,-0.363547,0.203852,-0.052402,0.080636,0.579634,-0.326307,-0.185936,-0.364867,-0.515109,-0.532983,-0.306925,-0.232946,0.209776,-0.23944,-0.209771,-0.063653,-0.200522,0.07125,0.559058,0.062004,0.447066,0.451682,-0.220926,0.271461,0.749321,-0.364867,0.22342,0.213131,-0.323864,0.069519,-0.470553,-0.185936,0.170257,#
12,0.045722,0.349498,0.105512,0.230038,0.427549,-0.135877,0.220727,1.0,-0.189405,0.103317,0.408751,-0.201845,1.0,0.237245,-0.022463,-0.203622,-0.006946,0.023586,0.293784,0.245923,-0.005543,0.318541,-0.28383,0.265811,0.166359,-0.374308,-0.320807,0.249059,-0.227231,0.305619,0.334974,-0.005541,0.213944,0.328722,-0.276713,0.408751,-0.164996,0.205459,0.000116,0.166359,0.272004,0.012185,-0.17939,0.237245,-0.217815,-0.491601,-0.447284,0.032012,0.375429,-0.258431,-0.419785,0.77253,0.439087,-0.019449,-0.180877,-0.178102,-0.170729,0.119716,0.24424,0.238694,0.022226,0.245576,-0.271294,-0.275646,-0.071278,-0.199529,0.241923,-0.335868,0.676234,0.088134,0.755555,0.098407,-0.665437,-0.350314,0.056234,-0.0113,0.113668,0.38971,0.2545,-0.472318,0.500228,0.010449,-0.235845,0.326557,-0.443209,0.133965,0.520043,0.226881,0.012566,-0.665437,0.166359,-0.348715,0.198352,0.036617,-0.253358,0.408901,0.250365,0.225497,0.681945,-0.59069,0.016949,0.251818,0.784108,-0.331635,0.639538,0.369213,-0.175928,-0.391933,-0.374308,-0.32276,0.133965,0.388383,-0.357645,0.38971,0.10945,-0.391933,0.0,0.032408,0.117427,-0.121515,-0.15451,-0.540279,0.033198,0.0,-0.214025,-0.13395,0.249412,0.755555,-0.064391,0.409211,0.02807,0.347667,-0.229975,-0.093846,0.033466,0.251818,0.225961,0.134367,-0.016988,0.409211,0.328447,0.428704,-0.235845,0.120913,0.998302,0.373573,-0.712308,-0.247151,0.133965,-0.302896,-0.384192,0.010449,0.033466,0.010449,-0.444647,-0.235845,-0.090768,-0.471989,-0.175525,0.198352,-0.306262,0.347885,0.134367,0.681945,0.417333,-0.010172,0.429011,-0.368163,-0.350314,0.429011,-0.454821,-0.160922,0.226467,0.386106,0.087592,-0.336882,0.40898,0.251331,-0.029039,-0.039878,-0.048983,0.483479,-0.123885,-0.010172,0.074412,0.085476,0.687012,-0.326632,0.198763,0.480784,-0.03183,-0.412416,0.611127,-0.017116,-0.430533,-0.266742,0.090816,0.681945,0.36116,-0.995727,#
13,-0.163146,0.253236,-0.47914,0.069017,0.083569,-0.227363,-0.415623,0.237245,-0.017392,0.369375,-0.350853,0.419131,0.237245,1.0,0.207844,0.418,0.184823,0.248297,0.447968,-0.401128,-0.257152,-0.150562,0.540081,0.345627,0.222011,0.311939,-0.372299,0.332376,-0.337849,0.416847,0.030009,0.248243,0.535218,-0.083328,-0.413398,0.544801,-0.269295,-0.485177,-5.1e-05,0.222011,-0.312362,-0.084417,-0.129395,0.481839,-0.042314,0.299439,0.270472,-0.22496,-0.345921,0.227502,0.328804,0.413929,0.032142,0.082005,-0.25976,-0.240049,-0.116513,0.314485,0.687233,0.038994,-0.102723,0.356388,0.072959,-0.401112,-0.0797,0.310291,-0.25791,0.1339,-0.359145,-0.50378,-0.191947,0.396491,-0.508658,-0.236062,-0.188397,-0.152987,-0.499637,-0.354378,-0.362282,-0.221903,0.279757,-0.180506,-0.520258,0.435799,-0.195893,-0.481807,-0.172805,0.508908,-0.232099,-0.508658,0.222011,-0.062402,-0.508658,0.259621,-0.295895,-0.324839,-0.373727,-0.403658,-0.149035,-0.36852,0.650454,-0.160087,0.102938,-0.177558,0.54244,-0.032578,-0.042314,0.311178,0.311939,-0.078527,-0.481807,0.526981,-0.070658,-0.354378,-0.053468,0.311178,0.0,-0.21467,0.381657,-0.355374,-0.492629,-0.326894,0.222593,0.0,-0.336302,-0.137009,0.332846,-0.191947,-0.223601,-0.350564,-0.615069,0.454418,-0.275355,-0.324839,-0.600226,-0.761342,0.312278,-0.508658,-0.202982,0.140711,0.013557,0.009679,-0.520258,-0.052711,0.25989,-0.306207,0.014221,0.273045,-0.481807,-0.585332,-0.487094,-0.180506,-0.600226,-0.180506,-0.06233,-0.005508,-0.102513,0.245372,-0.178005,0.250114,-0.381228,0.454534,0.193908,-0.149035,0.236784,0.227331,-0.307174,-0.478863,-0.236062,-0.307174,-0.52931,0.084493,-0.182356,-0.285843,-0.08048,-0.411938,-0.337451,0.34956,0.216611,-0.234443,-0.214356,-0.166411,-0.337936,-0.176907,0.792582,-0.07865,0.650025,-0.399121,0.03805,0.293543,0.401626,0.307623,0.379405,0.22751,-0.243748,-0.755643,0.357386,-0.149035,0.283895,-0.268341,#
14,-0.443644,0.492574,-0.421562,-0.668456,-0.001506,0.32131,-0.240853,-0.022463,0.213749,0.389535,0.006324,-0.242443,-0.022463,0.207844,1.0,0.236294,-0.263964,0.599811,0.25342,0.212473,-0.21183,0.084158,0.231532,0.081021,-0.333253,0.003875,-0.634204,0.0318,-0.517966,0.232046,-0.184193,-0.120811,-0.226624,0.186217,-0.651494,-0.024688,-0.070729,0.334452,4.7e-05,0.33842,-0.488916,-0.154977,-0.258897,0.207844,0.664644,-0.486731,0.389502,0.16045,0.484772,-0.003305,0.410566,-0.36965,-0.344712,-0.385715,0.287792,-0.146753,-0.272661,-0.013766,-0.141326,-0.675063,-0.059391,-0.025259,-0.198129,0.385818,0.262447,0.35643,-0.495708,-0.206539,0.041437,0.092544,0.364858,0.333575,0.33842,-0.49988,-0.198178,-0.14976,0.033145,0.002654,0.238211,-0.236018,0.227301,-0.586386,-0.653117,0.2414,-0.207232,-0.393005,-0.188721,-0.241935,0.189326,0.33842,0.33842,-0.002039,-0.333253,0.60263,-0.508799,0.029771,-0.203828,-0.235238,0.344131,-0.017164,-0.21796,-0.498802,-0.189446,-0.010513,-0.326697,-0.654164,-0.654496,-0.010513,0.003875,-0.282451,0.00947,0.398196,-0.409219,0.002654,-0.400869,-0.010513,0.0,-0.227244,0.80418,-0.814733,-0.231258,-0.468788,-0.591929,0.0,-0.537148,-0.301713,0.018259,0.364858,-0.399718,-0.404404,-0.202741,0.22493,-0.489917,-0.81464,-0.188721,-0.498802,0.488517,-0.333253,-0.403945,-0.404404,-0.197454,-0.146397,-0.653117,-0.621347,0.010996,-0.11213,0.188042,0.015454,0.00947,0.19956,-0.400869,-0.586386,-0.188721,-0.586386,0.021429,-0.653117,0.382179,0.186959,-0.348273,-0.333253,-0.214603,0.216524,0.312586,0.344131,0.485051,0.590941,-0.392434,-0.343188,-0.49988,-0.392434,-0.005284,-0.149626,0.033435,-0.003581,0.417469,-0.203828,-0.38636,0.004477,0.60558,-0.218032,0.622461,-0.185913,-0.826128,-0.182572,0.399814,-0.43216,0.178608,-0.231051,-0.688913,0.242111,0.004676,-0.046509,0.417469,0.204466,0.491494,-0.058525,0.390099,0.344131,0.520155,0.035274,#
15,-0.331614,-0.198395,-0.797708,-0.02439,-0.087559,0.199362,-0.516773,-0.203622,0.047675,0.100571,-0.083231,0.023175,-0.203622,0.418,0.236294,1.0,0.230425,0.222699,0.435595,-0.045703,-0.239226,-0.69486,0.410344,0.30659,-0.218165,0.756495,-0.022721,0.255451,-0.239999,0.106186,0.358395,0.50056,0.425779,0.078541,0.098788,-0.083231,0.391471,0.085345,2.6e-05,0.518497,-0.320071,-0.016924,-0.385773,0.418,0.536049,0.306899,0.339654,-0.278209,-0.187208,0.321972,0.534619,0.156429,-0.523691,-0.168801,0.33777,-0.0304,0.281905,0.072136,0.50664,-0.066383,0.56375,-0.30804,-0.430261,0.350871,-0.144989,0.330302,-0.324517,0.173897,-0.473031,0.159898,-0.402715,0.111057,-0.218165,0.203999,-0.202297,0.499123,0.135022,-0.063546,-0.003608,-0.219669,0.259433,0.231725,0.052965,0.553966,0.222128,-0.332361,-0.196842,-0.030677,-0.197101,-0.218165,0.518497,0.546581,-0.218165,0.249396,-0.185522,0.392807,-0.496219,-0.997453,-0.430326,-0.088179,-0.242473,-0.326543,-0.003608,-0.327081,0.285453,-0.42825,0.035242,0.219066,0.756495,0.09252,-0.332361,-0.078884,0.099889,-0.063546,0.108307,0.219066,0.0,-0.653978,0.126282,-0.081616,-0.42825,-0.067724,0.222128,0.0,-0.143742,0.285453,0.240911,-0.402715,0.137221,-0.533625,-0.653261,0.536049,-0.185522,-0.08806,-0.196842,-0.326543,0.236025,-0.218165,-0.407531,-0.533625,0.072186,0.272335,0.052965,-0.030994,-0.163596,-0.202063,0.587828,0.382535,-0.332361,-0.426542,0.108307,0.231725,-0.196842,0.231725,0.125985,0.052965,0.19343,0.235986,-0.459534,-0.218165,-0.022709,0.062858,-0.218165,-0.430326,-0.172077,0.289471,-0.07025,0.171608,0.203999,-0.07025,0.154255,0.234203,0.257193,-0.729796,0.172088,-0.014661,-0.063546,0.294326,0.296642,-0.209335,-0.165052,-0.133503,-0.035363,0.272311,0.602481,-0.350337,0.160763,-0.022709,-0.516672,-0.143881,0.592006,0.272503,0.172088,-0.154255,-0.285044,-0.324098,0.587841,-0.430326,-0.155386,0.17038,#
16,0.022181,-0.547293,-0.360348,-0.157147,0.02696,0.348409,-0.216338,-0.006946,-0.195989,-0.046846,-0.36483,0.632378,-0.006946,0.184823,-0.263964,0.230425,1.0,-0.186524,0.163942,-0.167518,0.200873,-0.621771,-0.188038,-0.066844,-0.3317,0.030155,-0.162339,-0.496593,0.020057,0.180007,0.246157,0.570168,0.194244,0.619707,-0.056494,0.359152,0.067999,0.006313,-9.1e-05,0.321649,0.127804,0.423315,-0.269591,0.201983,-0.223729,0.136906,-0.371363,0.214235,0.016654,-0.028644,-0.049022,0.229469,0.064578,-0.001833,-0.283212,-0.153409,0.339969,0.393391,0.52628,0.235501,0.610132,-0.033004,0.360519,-0.24533,-0.619871,0.398187,-0.047462,-0.140024,-0.102838,0.044698,-0.277376,-0.30542,-0.3317,0.557859,0.253718,0.22275,-0.355003,-0.014068,-0.143432,0.619231,-0.168095,0.284168,0.30458,-0.215549,0.270238,-0.339059,-0.136966,0.681975,-0.2194,-0.3317,-0.3317,0.473985,0.371906,-0.177706,0.054235,0.042122,-0.576295,-0.194354,-0.302506,0.073813,0.175871,0.041152,-0.143432,0.025834,0.401125,0.270274,0.713959,0.045209,0.030155,0.196363,0.075465,-0.064884,0.48978,0.402619,0.094742,0.045209,0.0,0.201391,-0.036016,0.086543,0.270274,0.112655,0.270238,0.0,0.157375,-0.15782,-0.497297,-0.277376,-0.119332,-0.355769,-0.12704,0.220439,0.137423,0.500195,-0.136966,0.061064,-0.072561,-0.3317,0.410544,-0.372039,-0.189794,0.255304,0.30458,0.697178,0.015341,-0.335257,-0.152589,-0.40977,-0.339059,-0.311924,0.094742,0.284168,-0.136966,0.284168,-0.765428,0.287533,0.25749,0.259327,-0.250697,0.346777,0.33091,-0.198797,0.246262,-0.302506,0.001075,0.170648,0.057917,-0.353104,0.557859,0.057917,0.028074,0.781044,-0.496478,-0.479621,-0.003559,-0.559211,-0.362197,0.06024,-0.21991,0.230807,-0.642852,-0.230853,0.106354,0.282891,0.010947,0.453673,0.315407,0.258441,0.266045,-0.624558,0.638699,0.516271,-0.003559,0.190387,-0.026771,0.095193,0.411212,-0.302506,-0.518809,-0.00282,#
17,-0.796996,0.531155,0.015339,-0.211904,-0.013943,0.372583,-0.193938,0.023586,0.661433,0.427183,-0.006227,-0.18131,0.023586,0.248297,0.599811,0.222699,-0.186524,1.0,-0.106799,0.647575,-0.59613,0.130802,0.671323,0.500845,-0.333256,-0.003816,-0.184492,0.023698,-0.464007,-0.173304,0.265911,0.008812,-0.179179,-0.198241,-0.290543,0.025509,0.316663,-0.121633,-4.6e-05,0.328168,-0.48892,-0.549889,-0.29979,-0.220758,0.644509,-0.486735,0.272004,0.576725,0.446997,0.0432,0.006431,-0.185164,0.016883,0.058768,-0.305164,0.346932,-0.236946,-0.408797,0.009345,-0.621169,-0.278122,-0.495615,-0.316091,-0.080699,0.697872,0.568688,-0.044265,0.275291,0.287475,0.430071,0.175424,0.820803,0.328168,-0.499884,0.210752,0.049431,0.013988,-0.392903,0.674382,-0.194807,0.634031,-0.172055,-0.653122,0.227729,0.197213,0.030128,0.224358,-0.203789,-0.201338,0.328168,0.328168,0.403623,-0.333256,0.99934,-0.464723,0.016879,0.242994,-0.195787,0.382296,-0.029356,-0.168409,0.045468,0.253251,0.511615,-0.278875,-0.19626,-0.204844,-0.01798,-0.003816,-0.649685,0.426462,0.001633,0.006519,-0.392903,0.018206,-0.01798,0.0,-0.18556,0.82748,-0.814739,0.220192,-0.473999,-0.181614,0.0,-0.128894,0.360785,0.010352,0.175424,0.317613,-0.410677,0.21559,0.661163,0.018703,-0.382892,0.224358,-0.498806,0.005909,-0.333256,-0.369497,0.03404,0.261556,0.317399,-0.653122,-0.732336,0.047139,0.471966,0.17527,0.516115,0.426462,-0.183816,0.018206,-0.172055,0.224358,-0.172055,0.002445,-0.187154,0.421135,0.591792,-0.299543,0.353607,0.228478,0.661141,-0.333256,0.382296,0.513555,0.620827,0.03287,-0.356441,-0.499884,0.03287,-0.373071,-0.517474,0.02531,0.033281,0.043231,-0.22397,-0.392903,0.028655,0.236542,-0.606381,0.243136,-0.561289,-0.799478,-0.169772,0.029783,-0.389518,0.214328,-0.192653,-0.638312,-0.14389,0.306038,-0.480771,0.043231,0.241976,0.029914,-0.065191,0.029059,0.382296,0.549024,0.027122,#
18,0.268342,-0.305051,-0.488287,0.027294,0.635707,-0.168468,-0.446285,0.293784,-0.488733,-0.1314,0.225355,-0.216564,0.293784,0.447968,0.25342,0.435595,0.163942,-0.106799,1.0,-0.244708,0.182284,-0.391473,0.066565,-0.089463,0.171901,0.279703,-0.447126,0.326419,-0.431158,0.366607,0.139748,-0.176625,-0.057045,0.445134,-0.295258,0.014813,-0.017624,0.032253,-5.3e-05,0.288443,0.353969,0.260541,-0.197243,0.985177,0.032425,0.199608,0.284563,-0.113965,-0.187184,-0.441908,0.255425,0.445843,0.21434,-0.401719,0.542409,-0.296532,-0.269144,0.762844,0.171282,-0.049412,0.269378,0.23683,0.121058,0.400221,-0.475736,0.358674,-0.741094,-0.541172,-0.259906,-0.281216,0.066016,-0.002801,-0.498221,0.301555,-0.140736,0.299909,0.054019,0.117788,-0.204277,-0.298542,-0.074891,-0.171282,-0.027672,0.473401,-0.186407,-0.445088,-0.074891,0.473413,0.198066,-0.498221,0.259308,-0.011699,0.288443,-0.091111,-0.393204,0.247243,-0.291727,-0.417387,-0.06274,0.128374,0.080631,-0.74572,0.222392,-0.74695,0.535861,-0.031618,-0.062944,0.297657,0.279703,-0.192648,-0.356769,0.513102,-0.072246,0.13637,-0.004577,0.297657,0.0,-0.271751,-0.043286,0.077528,-0.453546,0.115507,0.197401,0.0,-0.135177,-0.02768,0.325113,0.066016,-0.112702,0.181516,-0.533192,0.032425,-0.221592,-0.338815,-0.535067,-0.122363,0.260359,-0.49822,-0.032757,-0.327819,-0.462517,0.132043,-0.027672,-0.010406,0.317043,-0.164513,-0.010207,-0.260845,-0.375255,-0.634725,-0.471434,-0.171282,-0.535067,-0.171282,-0.067733,-0.561345,-0.032475,-0.179761,-0.24295,-0.498221,-0.302488,0.022337,0.084493,-0.06274,0.294087,-0.187822,-0.247243,-0.034117,0.301555,-0.247243,-0.135014,0.366865,-0.14545,-0.27237,0.37043,0.12424,0.170437,0.368019,0.197448,0.195179,-0.19784,0.193008,0.068067,0.316199,0.758256,-0.118512,0.683148,-0.451986,-0.035755,0.271855,0.429568,0.170265,0.865559,-0.256963,-0.314201,-0.082778,0.806173,-0.06274,-0.27237,-0.316352,#
19,-0.458844,0.219534,0.332601,0.046919,0.096119,0.558423,0.077333,0.245923,0.431307,-0.073828,0.532163,-0.484754,0.245923,-0.401128,0.212473,-0.045703,-0.167518,0.647575,-0.244708,1.0,-0.194417,0.172788,0.058598,0.327907,-0.508925,-0.224037,0.044084,-0.1937,-0.279002,-0.475099,0.609233,0.004792,-0.408614,0.009979,0.070251,-0.331121,0.64808,0.282442,-5e-05,0.210208,-0.09449,-0.241349,-0.225703,-0.401128,0.41284,-0.743307,-0.207133,0.661709,0.742232,-0.308359,-0.531396,0.02325,0.193713,0.162094,-0.113169,0.556409,-0.218336,-0.505058,-0.348918,-0.381968,0.039341,-0.773371,-0.454358,0.166533,0.565173,0.206603,0.33086,-0.006701,0.732079,0.793212,0.479601,0.361577,0.210208,-0.203293,0.247607,0.432616,0.35721,0.098392,0.997795,-0.193337,0.646426,0.222823,-0.057125,-0.040157,0.227745,0.374758,0.663558,-0.392301,-0.195175,0.210208,0.210208,0.361855,0.237867,0.647095,-0.308703,0.531241,0.536539,0.067444,0.53477,0.079311,-0.62251,0.336549,0.53992,0.336477,-0.193221,-0.003278,-0.021728,-0.239325,-0.224037,-0.524835,0.805672,-0.357216,-0.065519,0.098392,0.353397,-0.239325,0.0,-0.178021,0.361611,-0.360249,0.449509,-0.384033,-0.184134,0.0,0.211937,0.502249,-0.208521,0.479601,0.554957,0.092326,0.664102,0.430947,0.216901,0.096589,0.663558,0.336549,-0.213411,0.210208,-0.190942,0.092326,0.430734,0.678925,-0.057125,-0.433078,0.247819,0.777687,-0.094743,0.203405,0.805672,-0.007824,0.353397,0.222823,0.663558,0.222823,-0.125252,-0.057125,0.542308,0.204143,-0.206558,0.237867,0.512986,0.43107,-0.508925,0.53477,0.255522,0.242692,0.548627,-0.061426,-0.203293,0.548627,-0.07638,-0.469495,0.314632,0.240592,-0.048091,0.028833,0.098392,-0.186932,-0.185831,-0.229585,0.239095,-0.215439,-0.346763,0.215471,-0.503047,-0.081503,-0.009011,0.055111,-0.401298,-0.223818,0.080059,-0.740806,-0.048091,-0.180397,-0.195144,0.33539,-0.065709,0.53477,0.219025,-0.189865,#
20,0.857354,-0.544932,-0.054682,0.175871,0.037014,0.29786,-0.229342,-0.005543,-0.653866,-0.840061,0.42793,0.175279,-0.005543,-0.257152,-0.21183,-0.239226,0.200873,-0.59613,0.182284,-0.194417,1.0,-0.124133,-0.673324,-0.492125,-0.333008,-0.011707,-0.240085,-0.498552,-0.034309,-0.250483,0.190577,0.094628,-0.283794,0.210471,-0.024854,-0.432462,0.20292,0.116698,2.4e-05,-0.333008,0.124866,0.949051,0.402656,0.22254,-0.654015,0.088014,-0.291507,-0.138971,0.022147,-0.576308,-0.44747,0.198806,0.155024,0.361239,0.387082,0.14945,-0.43265,0.413446,-0.422726,0.188847,0.383827,-0.000759,0.462915,0.362057,-0.457478,-0.256595,0.044638,-0.613494,-0.099567,-0.412367,0.029207,-0.809131,-0.333008,0.515122,-0.567543,0.387703,-0.408256,0.394346,-0.227618,0.20791,-0.243142,0.185515,0.657344,-0.653683,-0.178107,-0.408256,0.191936,0.221285,-0.181611,-0.333008,-0.333008,-0.387151,0.369431,-0.606537,-0.020357,-0.009085,-0.216963,0.215095,-0.363252,0.438505,0.166122,-0.040315,-0.227618,-0.499258,0.286235,-0.18539,0.23163,0.4948,-0.011707,0.618771,-0.002934,-0.010763,-0.379137,0.394346,0.394168,0.4948,0.0,-0.181611,-0.433809,0.417391,-0.18539,0.073981,-0.178107,0.0,0.296973,-0.342772,-0.499258,0.029207,-0.293727,0.428226,0.205805,-0.654015,-0.001342,0.399752,-0.203753,0.516302,-0.021267,0.317399,0.217162,-0.026577,-0.260427,0.147025,0.657344,0.413649,-0.029305,-0.442364,-0.19241,-0.53104,-0.002934,0.160604,-0.007266,0.185515,-0.203753,0.185515,-0.024452,0.180809,0.384223,-0.208679,0.307229,-0.333008,0.210859,-0.227787,0.317398,-0.363252,-0.488482,-0.625747,-0.009085,-0.023111,0.515122,-0.009085,0.360858,0.519193,-0.040315,-0.015102,-0.432293,0.225217,0.002581,-0.511962,-0.641249,0.998407,0.16141,0.150761,0.402976,0.576704,-0.024488,0.799455,-0.161742,0.194294,0.649371,0.154672,-0.28474,0.458612,-0.00655,-0.637182,-0.044189,0.092274,0.375974,-0.363252,-0.562827,-0.042092,#
