0,1.0,-0.249944,0.344873,0.447476,0.082169,-0.400998,-0.399513,-0.16663,-0.131426,0.24989,-0.489491,0.281677,-0.407525,-0.249297,-0.16663,-0.092351,-2.8e-05,-0.07195,-0.186702,-0.093077,-0.249879,-0.327166,-0.134569,0.528008,0.386706,-0.499687,-0.234774,-0.996984,0.479351,-0.16663,-0.260872,-0.288939,-0.16663,0.260267,0.435522,-0.249879,-0.005472,0.348951,-0.16663,0.106493,0.200787,-0.005472,-0.633342,0.224391,0.363127,-0.006894,-0.005254,-0.22919,0.278823,0.254601,0.040721,0.074216,0.375541,0.012733,0.244318,0.271628,0.203738,-0.419115,-0.395468,0.189459,0.273038,-0.268263,0.322645,-0.655107,-0.140405,-0.252134,0.082571,-0.743111,-0.009316,0.110246,0.366752,0.159602,-0.16663,-0.194068,-0.611671,0.184056,0.408291,-0.067045,0.349772,0.322979,0.529117,0.331869,0.349772,-0.611014,0.331869,-0.003591,0.193136,0.249308,0.267757,-0.327088,0.277151,0.259111,0.349772,0.418138,0.418138,-0.194068,0.031643,0.340984,0.516898,0.323353,-0.332072,0.61237,0.193136,0.331869,0.505776,-0.072253,0.340984,0.323353,-0.02069,-0.611612,-0.076721,0.0,0.331869,0.331869,-0.23666,-0.249944,0.349772,0.239395,0.084995,-0.143401,0.627253,0.258579,0.193136,0.026973,0.2069,0.026938,-0.009419,-0.382685,-0.602045,0.61237,0.163501,-0.394145,-0.189404,0.379355,0.224547,0.126432,-0.16663,0.277151,-0.350665,0.193136,0.259111,-0.041917,0.118928,0.366752,0.182216,0.074216,0.078058,-0.023029,0.17214,-0.026132,-0.344235,0.340443,0.207878,-0.072253,0.182216,0.626378,-0.172431,0.022328,0.182216,0.363127,0.232916,0.650799,0.529117,-0.232383,-0.23666,-0.309495,0.494361,0.043633,-0.067045,0.197483,0.253259,-0.317324,0.505776,0.163501,0.028598,0.258579,0.363127,0.138444,-0.309495,0.17214,-0.309495,-0.739832,0.022731,-0.066975,-0.236783,0.195678,0.397794,0.182216,0.030618,0.062622,-0.682034,-0.15886,-0.405085,-0.309495,-0.755955,0.363127,-0.383894,0.182216,0.163501,-0.249406,#
1,-0.249944,1.0,0.344149,-0.091836,0.632982,0.700801,0.137497,-0.166667,0.407434,0.249006,0.024686,0.306826,0.096859,0.326581,-0.166667,-0.101994,0.0,0.532711,-0.15396,0.48406,-0.249935,0.233102,0.40059,-0.499545,-0.25,-0.499799,-0.203266,0.261893,0.0,0.666667,-0.090388,0.263048,-0.166667,-0.747331,-0.611787,0.387654,-0.016114,-0.762601,-0.166667,0.096986,-0.327246,-0.016114,0.068622,0.026332,-0.25,-0.062401,0.54453,0.496799,-0.599804,0.279108,0.136134,0.134782,0.362151,0.346609,0.220475,0.274212,-0.62225,0.220918,0.271657,-0.125938,0.226013,0.365267,0.296661,0.15125,-0.502623,0.320301,0.112032,0.24317,0.53502,0.179111,0.060193,-0.389569,-0.166667,-0.204642,-0.611807,0.151862,-0.611749,-0.13647,-0.254,-0.204642,-0.029371,-0.762738,-0.254,0.397544,-0.762738,-0.023796,-0.721021,0.175882,0.231036,-0.327161,-0.41479,-0.351836,-0.254,-0.611807,-0.611807,-0.204642,-0.364662,-0.762895,-0.034818,-0.35861,-0.343901,-0.407971,0.144204,-0.200062,-0.499604,-0.140991,-0.195452,-0.35861,0.017228,-0.087393,0.237452,0.0,-0.762738,-0.762738,0.308451,-0.25,-0.254,-0.541398,0.596434,-0.154354,-0.408034,0.222132,-0.721021,-0.499604,0.173041,0.476006,-0.029371,0.255653,0.0,-0.407971,-0.234256,0.231036,-0.200062,-0.239816,0.111249,0.116563,-0.166667,-0.41479,0.242734,-0.721021,-0.351836,-0.530778,0.109195,0.060193,0.133631,0.134782,0.116563,0.506359,-0.637546,0.011355,-0.356416,0.308451,-0.327327,-0.140991,0.133631,0.064958,0.292314,0.485607,0.133631,-0.25,-0.476098,-0.166667,-0.029371,0.3175,0.308451,0.747369,0.011355,-0.443605,0.397544,-0.327154,-0.311421,0.168272,-0.499604,-0.234256,0.453565,0.222132,-0.25,0.576876,0.747369,-0.637546,0.747369,-0.170923,-0.492096,0.373735,0.991404,0.096946,0.007093,0.133631,-0.499422,0.624964,0.111249,-0.159901,0.60872,0.747369,0.281954,-0.25,0.576876,0.133631,-0.234256,0.337506,#
2,0.344873,0.344149,1.0,0.300138,0.103187,0.059251,0.107564,-0.507017,-0.038776,0.276763,0.197111,0.158173,-0.311323,0.071413,0.172782,-0.544284,-5.1e-05,0.307454,-0.38052,0.650592,-0.175194,-0.042434,-0.050819,0.639745,0.322905,-0.248417,-0.409286,-0.355384,0.299557,0.257757,0.145933,0.043533,-0.507017,0.087718,-0.062174,-0.175194,-0.218817,0.015923,-0.507017,-0.348815,-0.538152,-0.218817,-0.274168,-0.069252,-0.229432,-0.085294,-0.16255,-0.163974,-0.139071,0.202782,-0.124602,0.559455,0.301582,0.269005,0.170846,-0.289957,-0.144275,-0.271933,-0.266502,-0.2349,0.745972,0.293004,0.299201,-0.178035,-0.016902,0.057819,0.119815,-0.526956,0.336429,0.505414,-0.011251,0.121784,0.172782,0.076197,-0.559474,0.513598,-0.477751,-0.14289,-0.022663,0.094114,0.604485,0.031026,-0.462969,0.347191,-0.402482,0.138916,-0.263864,-0.047826,0.175218,-0.057384,-0.402307,-0.335703,-0.022663,0.351321,-0.13457,-0.353795,0.086764,-0.47029,0.177124,0.348609,-0.32662,-0.338749,-0.263864,0.031026,0.241743,-0.081469,0.050469,0.114578,-0.232569,-0.090599,0.322425,0.0,-0.402482,0.031026,0.04183,0.259174,-0.462969,0.049748,0.563924,-0.276097,-0.325722,0.743945,-0.263864,-0.24916,-0.258567,0.293082,0.1193,-0.327224,0.005864,-0.338749,0.030526,-0.325405,-0.420545,-0.084424,0.550185,0.125793,-0.507017,0.198742,-0.315239,-0.263864,0.25736,-0.432834,0.10656,-0.011251,0.49736,0.559455,0.142631,0.26076,-0.179992,-0.171941,-0.281058,0.561762,-0.087152,0.325875,0.49736,0.076173,-0.231109,0.552428,0.49736,-0.229432,-0.089402,0.201107,0.604485,0.061513,0.04183,0.468399,0.221729,-0.183629,0.347191,-0.021171,0.450458,0.258542,-0.630756,0.030526,0.223013,0.247089,0.280417,0.584427,0.468399,-0.179992,0.468399,-0.473368,-0.245212,0.380769,0.354245,0.47945,0.05292,0.49736,-0.249679,0.581542,-0.266584,-0.501833,0.068393,0.468399,-0.542609,-0.229432,0.113835,-0.164489,0.030526,0.3459,#
3,0.447476,-0.091836,0.300138,1.0,-0.149915,-0.23533,-0.696484,-0.407271,-0.241421,0.092266,-0.106912,0.571719,-0.158114,-0.106753,0.231585,0.182447,9.6e-05,-0.118093,-0.649865,-0.104792,-0.610747,-0.38726,-0.66972,0.390429,0.407271,-0.05928,-0.117616,-0.506278,-0.391188,-0.407271,-0.613536,-0.189538,-0.407271,0.260845,0.178569,-0.610747,0.000515,-0.120754,-0.407271,0.277335,-0.352656,0.000515,-0.356891,-0.030806,0.427235,0.629155,-0.362947,-0.706317,0.487881,0.030886,-0.344462,0.189946,0.427124,0.049628,0.088482,0.422253,-0.287904,-0.485907,-0.444049,-0.378648,0.119874,0.374921,0.665293,-0.313093,0.166359,-0.566041,-0.58191,-0.423991,-0.369408,0.28829,-0.5547,0.504944,0.231585,-0.13658,-0.313061,0.420614,-0.220068,0.553529,0.776866,-0.102905,0.80638,0.318929,0.363079,0.092966,-0.088469,0.369415,0.353916,0.106745,0.056042,-0.397215,0.587978,0.068005,0.328596,0.55885,0.143565,-0.540675,0.462439,0.337037,0.404278,0.463928,-0.505636,0.278321,0.353916,0.318929,0.409883,0.150873,0.337037,0.482255,-0.44125,-0.324287,-0.374187,0.0,-0.088469,0.318929,-0.588452,0.347378,0.363079,-0.137324,-0.186462,-0.000205,0.296848,0.03811,0.353916,0.3787,0.345252,-0.393039,0.350417,-0.45691,-0.746692,0.278321,-0.559958,-0.465167,-0.122419,0.290548,0.275404,0.246672,0.284823,0.587978,-0.482662,0.353916,0.068005,0.096698,-0.176512,-0.5547,0.328068,0.189946,-0.174067,-0.41389,-0.328424,-0.419288,-0.45312,-0.099835,0.071448,0.118972,0.328068,0.271912,-0.338575,-0.258366,0.328068,0.427235,0.496376,0.284823,0.80638,-0.129816,-0.144072,-0.403928,-0.00943,0.198887,0.553529,-0.355307,0.059686,-0.314022,0.035678,-0.559958,-0.047235,-0.428821,0.387307,-0.175569,-0.403928,-0.328424,-0.403928,-0.630945,-0.06741,-0.285177,-0.169071,-0.404122,-0.614806,-0.345751,0.376002,-0.22174,-0.492173,-0.475013,-0.263037,-0.403928,-0.279791,-0.091836,-0.617817,-0.293919,-0.559958,-0.122105,#
4,0.082169,0.632982,0.103187,-0.149915,1.0,0.685875,0.207277,0.394225,0.63253,-0.111161,-0.370903,0.459984,0.141981,0.498304,-0.272071,-0.182808,2.5e-05,0.392568,0.188313,0.334859,0.081396,0.362601,0.621581,-0.412836,-0.408107,-0.815885,0.05756,-0.055705,0.367092,0.421988,-0.292091,0.084617,0.394225,-0.870528,-0.58833,0.612426,0.408541,-0.356409,-0.272071,-0.245561,0.343704,0.408541,-0.436647,0.17457,0.091616,-0.529517,0.772582,0.689035,-0.174132,-0.062432,0.066733,-0.498415,0.611576,-0.212104,0.378663,0.394156,-0.457333,0.234463,0.368563,0.020978,-0.10165,0.090049,-0.026923,-0.43663,-0.32884,0.488261,0.582778,0.048454,0.75821,0.371945,0.338895,-0.657879,-0.272071,-0.780305,-0.598924,0.2732,-0.206714,-0.60231,-0.389251,-0.358854,-0.024462,-0.820218,0.04231,-0.157546,-0.395321,0.389246,-0.485218,-0.114678,0.37715,-0.534066,-0.15346,-0.115061,0.04231,-0.598924,-0.199119,-0.358854,-0.566128,-0.388377,-0.033639,-0.556731,-0.581319,-0.269888,0.235403,-0.351581,-0.425289,-0.605926,0.084229,-0.556731,0.395444,-0.561914,0.558007,0.0,-0.395321,-0.820218,0.503523,-0.408107,0.04231,-0.29684,0.572298,-0.277684,0.137709,-0.124373,-0.485218,-0.815567,0.309084,0.387281,-0.024462,0.437374,-0.137937,-0.269888,-0.382405,0.37715,-0.351581,-0.391482,0.181605,-0.229114,-0.272071,-0.15346,0.456895,-0.485218,-0.115061,-0.219087,-0.23531,0.338895,-0.430561,-0.498415,0.166981,0.798863,-0.432086,-0.004161,-0.610321,0.503523,0.33805,-0.605926,-0.430561,0.129647,0.647602,0.428715,-0.430561,0.091616,-0.246757,0.394226,-0.024462,0.518296,0.075707,0.34623,-0.004161,-0.850827,-0.157546,0.321104,-0.536038,0.253669,-0.03501,-0.382405,-0.0296,0.362615,0.091616,0.147342,0.34623,-0.432086,0.34623,-0.307492,-0.424986,0.223687,0.602974,0.158257,0.295145,0.218142,-0.81527,0.187385,0.181605,0.378221,0.588103,0.34623,0.074651,0.591338,0.147342,0.218142,-0.382405,0.081641,#
5,-0.400998,0.700801,0.059251,-0.23533,0.685875,1.0,0.487625,0.437817,0.331143,-0.500463,-0.122513,0.348005,0.200578,0.179256,0.232131,-0.11796,-5.3e-05,0.115331,0.071348,0.387906,0.116995,0.74661,0.322377,-0.511664,-0.401087,-0.50717,0.02068,0.426383,0.044695,0.467201,0.116329,0.518195,0.437817,-0.858418,-0.686174,0.679036,0.0679,-0.430619,-0.267392,-0.209532,-0.051317,0.0679,0.204128,0.180935,-0.401087,-0.16612,0.456632,0.488949,-0.138981,-0.198939,-0.330182,-0.397057,0.138577,-0.386266,0.387627,0.086194,-0.543259,-0.090694,-0.002643,-0.450169,-0.14129,0.12536,-0.080437,0.214833,-0.411393,0.171241,0.243931,0.143013,0.445505,0.383258,0.170855,-0.712551,-0.267392,-0.41578,-0.258664,0.289378,-0.562374,-0.259744,-0.451167,-0.731743,-0.087512,-0.905154,0.005598,0.210996,-0.773988,0.348839,-0.531351,-0.081065,0.370663,-0.52488,-0.192058,-0.14925,0.005598,-0.681818,-0.258664,-0.285678,-0.635193,-0.449186,-0.39143,-0.62465,-0.241995,-0.654528,0.231354,-0.409149,-0.80154,-0.266592,0.051021,-0.796618,0.359716,-0.222382,0.534991,0.0,-0.455443,-0.905154,0.174129,-0.026445,0.005598,-0.337956,0.231231,0.124273,-0.229261,-0.15905,-0.531351,-0.508948,0.285832,0.471474,-0.087512,0.416343,0.249402,-0.654528,-0.375829,0.0028,0.040562,-0.546621,0.178482,-0.192146,-0.267392,-0.192058,0.068471,-0.531351,-0.14925,-0.266299,-0.198695,0.170855,-0.472197,-0.397057,-0.192146,0.496255,-0.472587,-0.35113,-0.159606,0.174129,0.263535,-0.266592,-0.472197,-0.23727,0.397575,0.142868,-0.472197,-0.401087,-0.058618,-0.267392,-0.087512,0.18584,0.042062,0.409086,-0.061858,-0.541315,0.210996,-0.072319,-0.524639,0.209243,-0.388469,-0.375829,0.329497,0.356378,-0.026445,0.207364,0.409086,-0.472587,0.409086,0.111873,-0.082642,0.62289,0.672567,0.155535,0.033889,0.21439,-0.510196,0.249747,0.178482,0.426621,0.676703,0.409086,0.466088,0.127819,0.207364,0.21439,-0.375829,0.117195,#
6,-0.399513,0.137497,0.107564,-0.696484,0.207277,0.487625,1.0,0.421086,0.374642,-0.433107,0.379234,-0.243459,0.253664,0.226391,0.220569,-0.57428,2.6e-05,0.245009,0.554175,0.503862,0.697215,0.7166,0.365601,-0.048607,-0.399602,-0.036332,0.070672,0.44631,0.526636,0.449731,0.594993,0.650588,0.421086,-0.314953,-0.213615,0.653381,0.100952,0.059543,-0.266401,-0.652387,-0.061277,0.100952,0.309649,0.24631,-0.399602,-0.642115,-0.018361,0.370904,-0.156107,-0.138088,-0.136708,-0.210362,-0.399498,-0.310298,-0.180518,-0.677858,0.215095,0.065633,0.048622,-0.075217,-0.15182,-0.38672,-0.639631,0.275667,0.043929,0.21812,0.68796,0.025549,0.490898,0.372943,0.427266,-0.535459,-0.266401,0.086438,0.218191,0.257963,-0.082612,-0.682144,-0.902577,-0.221584,-0.506322,-0.386403,-0.457291,0.272388,-0.258533,-0.086092,-0.427122,-0.522099,-0.169258,-0.007321,-0.721786,-0.179808,-0.457291,-0.19433,-0.273194,0.213271,-0.544021,-0.464122,-0.797695,-0.534991,0.355327,-0.652104,-0.486605,-0.425086,-0.318895,-0.194061,0.023515,-0.702638,0.333503,0.248837,0.774578,0.0,0.052007,-0.386403,0.236615,-0.034374,-0.457291,0.390026,0.2987,0.095947,-0.237526,-0.083376,-0.427122,-0.513332,-0.458925,0.527244,-0.506322,0.436207,0.705685,-0.652104,0.323439,0.075198,0.013324,-0.492845,0.376674,-0.201341,-0.266401,-0.11394,0.069879,-0.427122,0.419962,-0.169618,-0.207728,0.427266,-0.370431,-0.210362,0.285483,0.532187,0.282772,0.114753,0.405527,0.236615,0.245661,-0.194061,-0.370431,-0.651294,0.000942,0.380275,-0.370431,-0.399602,-0.025219,-0.266401,-0.506322,0.248836,0.107867,0.486298,-0.077478,-0.401366,-0.223234,0.443773,-0.009516,0.23869,-0.39588,0.323439,-0.04122,0.419099,-0.034374,0.278167,0.486298,0.282772,0.486298,0.545064,-0.069288,0.676566,0.191236,0.328247,0.380726,0.298903,-0.514543,0.323858,0.376674,0.45804,0.26911,0.486298,0.078939,0.116013,0.278167,0.298903,0.323439,0.214124,#
7,-0.16663,-0.166667,-0.507017,-0.407271,0.394225,0.437817,0.421086,1.0,0.244461,-0.664016,-0.3264,0.170459,0.373984,0.188691,-0.111111,0.244786,-2.1e-05,-0.32673,0.263931,-0.32813,0.649491,0.499077,0.240084,-0.33303,-0.166667,-0.333199,0.160919,0.208171,0.30608,-0.111111,0.180775,0.275985,1.0,-0.498221,-0.407858,0.649491,0.365259,0.246938,-0.111111,-0.272099,0.528186,0.365259,0.14972,0.12727,-0.166667,-0.398175,0.196751,0.360252,0.371307,-0.644607,-0.038895,-0.937053,-0.166623,-0.822942,0.178256,0.004459,-0.012699,0.042079,0.08743,0.104948,-0.665483,-0.194809,-0.6547,0.056993,-0.192494,0.184678,0.421455,0.238582,0.192059,0.207857,0.441412,-0.643795,-0.111111,-0.508503,0.258841,0.143425,0.252468,-0.407433,-0.508001,-0.508503,-0.332873,-0.508492,0.211667,-0.407433,0.200062,0.341077,0.096136,-0.217758,0.154024,-0.218107,0.160094,0.148393,0.211667,-0.407871,0.258841,0.194306,-0.632082,0.205961,-0.332704,-0.62159,0.152845,-0.271981,0.096136,-0.508492,-0.333069,-0.407308,0.205961,-0.62159,0.317756,-0.407832,0.300367,0.0,0.200062,-0.508492,0.205634,-0.166667,0.211667,0.128467,-0.271643,0.240107,0.398178,-0.664008,0.096136,-0.333069,0.15973,0.317338,-0.332873,0.203854,0.230021,-0.271981,-0.15617,0.154024,0.200062,-0.479632,0.074165,-0.271981,-0.111111,0.160094,0.229249,0.096136,0.148393,0.185922,-0.272031,0.441412,-0.992685,-0.937053,-0.271981,0.314451,0.082469,-0.333075,0.142566,0.205634,0.509175,-0.407308,-0.992685,-0.271643,0.499369,-0.263037,-0.992685,-0.166667,0.333008,-0.111111,-0.332873,0.211667,-0.50779,-0.230321,-0.333075,-0.401357,-0.407433,0.494925,-0.230682,-0.045574,0.317756,-0.15617,-0.339656,0.148088,-0.166667,-0.277755,-0.230321,0.082469,-0.230321,0.242142,0.323858,0.270636,-0.185717,0.06463,0.241165,0.089087,-0.332948,-0.277762,0.074165,0.994937,0.428358,-0.230321,0.262168,0.666667,-0.277755,0.089087,-0.15617,-0.166307,#
8,-0.131426,0.407434,-0.038776,-0.241421,0.63253,0.331143,0.374642,0.244461,1.0,0.125802,0.130081,0.147514,0.684039,0.80262,-0.407434,-0.281915,0.0,0.822339,0.392859,0.393782,0.428941,0.07744,0.571084,-0.384084,-0.611151,-0.370549,0.352664,0.146923,0.410558,0.271623,-0.418355,0.417455,0.244461,-0.609688,-0.240898,0.387377,0.813471,-0.515601,-0.407434,-0.174526,0.058946,0.813471,-0.291787,0.446304,0.387063,-0.588387,0.336686,0.517041,-0.329565,0.219314,0.351811,-0.393293,0.386546,0.112976,-0.476285,0.02289,-0.274222,0.555487,0.57326,0.262715,-0.42743,-0.096834,-0.358441,-0.24114,-0.026143,0.346359,0.664472,0.26844,0.812248,0.320013,0.137339,-0.22892,-0.407434,-0.489151,-0.231055,0.342369,0.144326,-0.696242,-0.586779,-0.076809,-0.44708,-0.52066,-0.164546,0.208873,-0.104947,-0.042659,-0.310219,-0.389012,-0.475367,-0.310857,-0.490988,-0.46106,-0.604372,-0.231055,-0.713299,-0.076809,-0.274568,-0.589805,-0.455843,-0.503787,-0.288357,-0.206114,-0.366623,-0.557341,0.013103,-0.238395,-0.127414,-0.270011,-0.0365,-0.203196,0.532848,0.0,-0.104947,-0.52066,0.34573,-0.611151,-0.164546,-0.086738,0.682346,-0.447562,0.198533,-0.398219,-0.310219,-0.823582,-0.310213,0.410314,-0.44708,0.624153,-0.188375,-0.206114,-0.229065,0.596562,-0.557341,-0.065884,0.369865,-0.166221,0.271623,0.085389,0.503556,-0.310219,0.107659,0.061578,-0.576028,0.137339,-0.266006,-0.393293,0.682932,0.816188,-0.276042,0.415446,-0.384532,0.34573,0.053346,-0.645295,-0.266006,-0.218466,0.132993,0.6727,-0.266006,0.387062,-0.058512,0.244461,-0.44708,0.804105,0.363171,0.542361,-0.427475,-0.815912,-0.261091,0.535226,-0.330461,0.011141,-0.059897,-0.229065,-0.433389,0.078243,-0.12223,0.242351,0.542361,-0.276042,0.542361,-0.084729,-0.831805,0.142821,0.389911,-0.309672,0.132938,-0.292451,-0.825231,0.303368,0.369865,0.236274,0.232581,0.542361,-0.113669,0.366691,0.242351,0.368675,-0.229065,0.449603,#
9,0.24989,0.249006,0.276763,0.092266,-0.111161,-0.500463,-0.433107,-0.664016,0.125802,1.0,0.142608,-0.126317,-0.053061,0.221192,-0.664016,0.101589,0.0,0.500031,-0.259376,-0.008913,-0.309906,-0.745639,0.14912,0.037718,0.249006,0.009793,-0.278379,-0.258845,0.063623,0.166004,-0.219668,-0.346187,-0.664016,0.19066,0.140683,-0.360711,-0.023273,-0.302091,0.166004,0.406525,-0.253036,-0.023273,-0.165279,-0.183589,0.199205,0.048834,0.079492,0.042537,-0.571816,0.57089,0.755444,0.586846,0.223539,0.90729,-0.290617,0.193184,-0.008853,0.480943,0.408665,0.6021,0.382695,0.242543,0.318916,-0.07991,-0.148057,0.245738,-0.091661,0.180967,0.127074,-0.321117,-0.023983,0.425183,0.132803,0.259417,-0.384374,-0.215544,0.139272,0.087466,0.179623,0.763428,-0.018723,0.234139,-0.336477,0.108742,0.234139,-0.549873,-0.137886,0.347862,-0.25313,0.349223,-0.287024,-0.268906,-0.336477,0.114844,-0.405468,0.259417,0.319627,-0.34916,0.478576,0.337181,-0.025814,0.387773,-0.206828,0.189304,0.50105,0.154474,-0.34916,0.611498,-0.494186,0.118382,-0.425714,0.0,-0.273992,0.234139,0.228224,-0.39841,-0.336477,-0.186451,0.428195,-0.379227,-0.113089,0.41395,-0.137886,-0.006864,-0.234666,0.073116,-0.039786,-0.253638,-0.31273,0.387773,0.279991,0.359559,-0.318827,0.432683,-0.09751,0.387773,0.132803,-0.234837,0.283071,-0.137886,-0.217414,-0.272398,0.407568,-0.023983,0.680708,0.586846,0.408671,0.035926,-0.117525,0.499888,-0.184599,0.250795,-0.782461,0.154474,0.680708,0.407021,-0.11646,0.429263,0.680708,0.199205,-0.492862,0.132803,-0.018723,0.202392,0.228224,0.390458,0.018095,0.12624,0.087466,-0.182979,0.391519,-0.114179,-0.006864,0.279991,0.035893,-0.168435,-0.39841,0.477541,0.390458,-0.117525,0.390458,-0.36035,-0.478829,-0.341443,0.282365,-0.054074,0.074888,-0.095071,-0.004145,0.476565,-0.132968,-0.630688,-0.117218,0.390458,-0.320741,-0.39841,0.457112,-0.095071,0.279991,0.301086,#
10,-0.489491,0.024686,0.197111,-0.106912,-0.370903,-0.122513,0.379234,-0.3264,0.130081,0.142608,1.0,-0.081633,0.101021,0.373714,0.139886,-0.359206,5e-05,0.375574,0.120896,0.271856,0.077144,0.121209,-0.294934,0.137504,0.024686,0.560396,-0.229771,0.478079,-0.087713,0.359314,0.239491,0.285574,-0.3264,0.205773,-0.060883,0.035172,-0.132996,-0.286504,-0.3264,-0.383664,-0.640878,-0.132996,0.39259,-0.3054,0.024686,-0.118538,-0.541174,-0.345969,-0.052176,-0.033302,0.004162,0.411831,-0.489473,0.325539,-0.579539,-0.426069,0.35455,0.219699,0.179753,0.047151,-0.049439,0.065723,-0.022559,0.35465,0.578494,-0.082203,0.073222,0.215347,-0.05012,0.326753,-0.298169,0.112512,0.359314,0.623862,0.375055,0.286994,-0.324561,-0.084661,-0.302013,0.328923,-0.287602,0.178204,-0.746151,0.829327,-0.119146,-0.279613,-0.347277,-0.639686,-0.568191,0.284749,-0.588375,-0.076927,-0.746151,0.375055,-0.506915,0.328923,0.09362,-0.312217,-0.571475,-0.144001,0.479346,-0.391332,-0.404233,0.141164,0.284181,-0.036351,0.154707,-0.068459,-0.280022,0.791508,0.082765,0.0,-0.259075,0.178204,-0.081738,0.3744,-0.746151,0.455914,0.111665,0.245979,-0.385484,-0.004835,-0.347277,0.098003,-0.446442,-0.093721,-0.287602,-0.028956,0.397477,-0.391332,0.209467,0.170861,0.141164,-0.300512,0.408276,0.447922,0.359314,-0.006347,0.089215,-0.347277,0.497367,-0.339188,0.028469,-0.298169,0.343386,0.411831,0.50643,-0.08767,0.323692,0.293196,0.479805,-0.081738,-0.335781,-0.036351,0.343386,-0.797978,-0.355086,0.195297,0.343386,0.024686,-0.067306,-0.3264,-0.287602,0.374121,0.217656,0.317816,-0.287964,0.140274,0.354756,-0.1375,0.269922,-0.017048,-0.576772,0.209467,-0.25747,-0.506014,-0.139886,0.088081,0.317816,0.323692,0.317816,0.560121,-0.299748,-0.026829,0.063914,-0.282395,-0.414515,-0.324222,0.092693,0.131827,0.408276,-0.326307,0.05955,0.317816,0.182797,-0.4896,0.088081,-0.324222,0.209467,0.098289,#
11,0.281677,0.306826,0.158173,0.571719,0.459984,0.348005,-0.243459,0.170459,0.147514,-0.126317,-0.081633,1.0,-0.076774,0.291259,-0.068184,0.188601,0.0,-0.004359,-0.420201,-0.147274,-0.370391,0.203562,-0.38653,-0.080757,0.306826,-0.594969,-0.463423,-0.288455,0.022049,0.204551,-0.403058,0.096146,0.170459,-0.471117,-0.481249,0.281706,0.056036,-0.394879,-0.647744,-0.036371,-0.193769,0.056036,-0.167163,-0.144081,0.281257,0.124906,0.017856,-0.269206,0.512671,-0.327258,-0.202879,-0.313769,0.280662,-0.267426,0.320486,0.652563,-0.250667,-0.300184,-0.170536,-0.106907,-0.261014,0.274954,0.481272,-0.251543,-0.094062,-0.280665,-0.05238,-0.166115,0.001684,0.670326,0.012313,-0.363641,0.204551,-0.378005,-0.516225,0.675632,-0.362292,0.038838,0.151971,-0.227057,0.428963,-0.410508,0.12989,0.038838,-0.258326,0.406436,-0.275306,-0.177314,0.307181,-0.734868,0.300681,0.31431,0.12989,0.02527,0.004813,-0.227057,-0.407272,0.136706,0.058163,-0.400512,-0.327258,-0.056031,0.609606,0.164971,0.064606,-0.495084,0.717059,-0.306619,-0.115116,-0.48385,-0.054798,0.0,-0.432249,-0.410508,-0.267827,0.102275,0.12989,0.045048,-0.06402,0.369671,0.459655,-0.320993,-0.275306,-0.075177,0.648014,0.064521,-0.111747,-0.306586,-0.490508,-0.056031,-0.511114,-0.156544,0.164971,-0.393838,0.546144,0.500704,0.204551,0.300681,-0.076546,-0.275306,0.31431,-0.434284,-0.028214,0.012313,-0.228437,-0.313769,-0.056031,0.041147,-0.249143,-0.451754,-0.310576,0.311606,0.178547,-0.495084,-0.228437,-0.06402,0.213013,-0.216046,-0.228437,0.281257,0.357615,0.170459,0.428963,0.30654,-0.421055,-0.18893,-0.087099,-0.226849,0.585003,-0.221349,-0.176948,-0.415193,0.044637,-0.511114,-0.109299,-0.34591,0.076707,-0.045889,-0.18893,-0.249143,-0.18893,-0.386045,-0.123887,0.017135,0.258099,-0.317286,-0.352568,-0.261628,-0.078037,-0.072853,-0.364096,0.117748,0.448251,-0.18893,0.109276,0.255689,-0.570335,-0.261628,-0.511114,-0.369199,#
12,-0.407525,0.096859,-0.311323,-0.158114,0.141981,0.200578,0.253664,0.373984,0.684039,-0.053061,0.101021,-0.076774,1.0,0.553567,-0.271744,0.204826,-4.9e-05,0.407624,0.058229,0.020947,0.622587,-0.116726,0.264486,-0.375509,-0.407616,0.028305,0.51866,0.405867,0.027391,-0.271744,-0.281615,0.554544,0.373984,-0.351418,-0.152385,0.066779,0.810719,-0.329579,-0.271744,0.149977,-0.099817,0.810719,0.160727,0.450477,0.096859,-0.110376,-0.081127,0.236658,-0.183973,0.01577,0.316146,-0.47443,0.086541,-0.04545,-0.64618,-0.192074,-0.432863,0.43662,0.352195,0.110293,-0.620411,0.096704,-0.610357,0.278456,-0.129823,0.106488,0.173622,0.520543,0.397299,0.069287,-0.154502,0.11196,-0.271744,-0.331659,0.25508,0.219004,0.243127,-0.206227,-0.396712,-0.331659,-0.434791,-0.324176,0.021527,0.259292,0.087604,-0.038799,0.238224,-0.126957,-0.682763,-0.049127,-0.177034,-0.66175,-0.414138,-0.132383,-0.610066,0.076783,-0.002355,-0.396032,-0.438979,-0.23388,-0.023655,-0.26532,-0.516022,-0.81468,0.029943,0.247141,-0.396032,-0.002316,-0.436356,-0.14061,0.146842,0.0,0.087604,-0.324176,0.073065,-0.407616,0.021527,-0.275381,0.180269,-0.330576,0.129926,-0.599081,0.238224,-0.420596,-0.471018,0.384491,-0.434791,0.395793,-0.128108,-0.26532,-0.356734,0.379028,-0.402899,0.132181,0.18857,-0.26532,0.40089,0.393891,0.225967,0.238224,-0.09841,0.457614,-0.665305,-0.154502,-0.407716,-0.47443,0.191934,0.407369,-0.409685,0.020347,-0.10932,0.073065,-0.110966,-0.155909,-0.407716,-0.283035,-0.099981,0.281723,-0.407716,0.096859,0.324313,-0.271744,-0.434791,0.519723,0.09034,0.326778,-0.814601,-0.459852,-0.206227,0.374567,-0.081554,-0.140322,-0.042366,-0.356734,-0.45256,-0.127127,-0.407616,0.129859,0.326778,-0.409685,0.326778,0.041504,-0.435189,0.193793,0.044442,-0.461681,-0.183094,-0.433911,-0.422374,0.169017,0.18857,0.359662,0.114099,0.326778,0.006348,0.07668,0.129859,0.220962,-0.356734,0.642678,#
13,-0.249297,0.326581,0.071413,-0.106753,0.498304,0.179256,0.226391,0.188691,0.80262,0.221192,0.373714,0.291259,0.553567,1.0,-0.508015,-0.123644,0.0,0.66546,0.09424,0.206529,0.349595,-0.05973,0.344286,-0.206997,-0.217721,-0.185523,0.039461,0.249131,0.221476,0.217721,-0.329037,0.119424,0.188691,-0.482229,-0.523856,0.305174,0.651867,-0.427704,-0.508015,-0.364248,-0.079498,0.651867,-0.214054,-0.127845,0.304809,-0.558963,0.144439,0.294508,-0.128351,-0.186644,0.435274,-0.305744,0.304286,0.112799,-0.392595,0.056498,-0.218422,0.689869,0.730957,0.376742,-0.337893,0.341857,-0.276175,-0.191855,0.218863,0.50964,0.532437,0.462704,0.653033,0.477775,-0.089113,-0.187315,0.217721,-0.395862,-0.077873,0.459584,-0.112134,-0.570995,-0.488862,0.044825,-0.260393,-0.425777,-0.507664,0.396338,0.018512,0.177187,-0.268752,-0.557985,-0.407441,-0.01774,-0.420171,-0.395829,-0.507664,-0.077873,-0.593266,0.044825,-0.166411,-0.495823,-0.274922,-0.413495,-0.186644,-0.39793,-0.329033,-0.464979,0.221549,-0.520821,-0.001647,-0.163649,-0.256557,-0.052261,0.314961,0.0,-0.444289,-0.425777,0.503808,-0.217721,-0.507664,-0.00879,0.551824,-0.321499,0.034505,-0.328867,-0.268752,-0.67265,-0.285168,0.221258,-0.260393,0.232685,-0.051082,-0.39793,-0.346816,0.738173,-0.464979,-0.383691,0.443732,0.076135,0.217721,0.195827,0.687908,-0.268752,0.211984,-0.126138,-0.367873,-0.089113,-0.226103,-0.305744,0.55223,0.654824,-0.241152,0.226452,-0.317846,0.503808,-0.085519,-0.520821,-0.226103,-0.410911,0.335716,0.547136,-0.226103,0.304809,-0.116911,0.188691,-0.260393,0.997633,0.056466,0.429207,-0.674412,-0.720226,-0.105931,0.429561,-0.051831,0.142424,-0.281563,-0.346816,-0.685031,-0.350084,-0.239493,0.077592,0.429207,-0.241152,0.429207,-0.025429,-0.704923,-0.11953,0.29541,-0.288745,-0.194584,-0.254366,-0.676571,0.142798,0.443732,0.159679,0.498906,0.429207,0.017447,0.283037,0.077592,-0.254366,-0.346816,0.371883,#
14,-0.16663,-0.166667,0.172782,0.231585,-0.272071,0.232131,0.220569,-0.111111,-0.407434,-0.664016,0.139886,-0.068184,-0.271744,-0.508015,1.0,-0.407976,1.5e-05,-0.32673,0.087977,0.376943,-0.166623,0.499077,-0.407334,0.311544,-0.166667,0.322274,0.217382,0.141019,-0.332695,-0.111111,0.180775,0.247237,-0.111111,0.259308,0.249095,-0.166623,-0.33303,0.188835,-0.111111,-0.272099,-0.218164,-0.33303,0.108131,0.171156,-0.166667,0.314974,-0.329766,-0.395115,0.342745,-0.079745,-0.946455,0.17543,-0.166623,-0.377013,0.178256,-0.35224,0.029631,-0.694314,-0.66197,-0.902557,0.182066,-0.162341,0.163675,0.100834,0.342212,-0.507865,-0.272078,-0.495517,-0.329243,0.207857,-0.361155,0.08779,-0.111111,0.194306,0.258841,0.143425,-0.407832,0.265029,0.211667,-0.508503,0.332873,0.200063,0.211667,0.265029,-0.508492,0.341077,0.096136,-0.217758,0.154024,-0.218107,0.160094,0.148393,0.211667,0.258841,0.258841,-0.508503,0.194487,0.20596,-0.332704,0.191258,-0.079745,-0.271981,0.096136,0.200063,-0.333069,0.258484,0.20596,-0.191258,0.317756,0.252468,0.300367,0.0,0.200063,0.200063,-0.50779,0.666667,0.211667,0.128467,-0.271643,0.240107,-0.272023,0.148088,0.096136,0.317756,0.070991,-0.332631,0.332873,0.137017,0.230022,-0.271981,-0.156171,-0.66423,0.200063,-0.068519,0.074166,-0.271981,-0.111111,0.160094,-0.647291,0.096136,0.148393,0.185922,-0.272031,-0.361155,0.089087,0.17543,-0.271981,-0.332948,0.082469,-0.333075,0.142566,-0.50779,0.509175,0.258484,0.089087,-0.271643,-0.393811,-0.263037,0.089087,-0.166667,0.333008,-0.111111,0.332873,-0.508,0.205634,-0.230321,0.310366,0.232365,0.265029,-0.218103,-0.230682,0.199823,-0.333069,-0.156171,0.323087,0.148088,0.666667,-0.277755,-0.230321,0.082469,-0.230321,0.242142,0.323858,0.270636,-0.185717,0.06463,-0.278995,0.089087,0.314451,-0.277762,0.074166,-0.142134,-0.293087,-0.230321,0.113771,-0.166667,-0.277755,0.089087,-0.156171,-0.166307,#
15,-0.092351,-0.101994,-0.544284,0.182447,-0.182808,-0.11796,-0.57428,0.244786,-0.281915,0.101589,-0.359206,0.188601,0.204826,-0.123644,-0.407976,1.0,0.0,-0.486827,-0.538388,-0.856322,-0.13235,-0.379669,-0.256207,-0.401031,0.407976,0.013371,-0.132684,0.085477,-0.439119,-0.407976,-0.147504,-0.201968,0.244786,-0.063475,-0.224468,-0.13235,-0.023667,-0.071825,0.299183,0.683205,0.094159,-0.023667,0.371582,-0.264271,-0.101994,0.552074,-0.018993,-0.118054,0.155913,-0.291994,0.339584,-0.297457,-0.112372,-0.068471,0.118656,0.5097,-0.275623,0.095279,0.056561,0.258954,-0.367295,0.378313,0.05342,0.372386,-0.422333,-0.097477,-0.591573,0.52187,-0.482893,-0.40163,-0.10805,0.094913,0.271984,-0.077923,0.159362,-0.275705,0.167337,0.603244,0.381344,-0.077923,0.0,-0.063256,0.363728,-0.285645,0.35301,-0.026212,0.393782,0.551493,0.095436,0.09872,0.618708,0.10663,0.363728,-0.249603,0.183362,0.334968,0.021423,0.371434,0.428987,0.021068,0.176498,0.278672,0.393782,-0.063256,-0.004686,0.175439,-0.110093,0.255154,-0.402031,-0.24435,-0.801825,0.0,-0.0806,-0.063256,-0.117109,-0.101994,0.363728,-0.399826,-0.611941,0.270784,0.239328,-0.399918,0.393782,0.433893,0.395342,-0.043987,0.017255,-0.418019,-0.28153,0.278672,-0.24211,0.06598,0.35301,0.131943,-0.388512,0.237775,0.271984,0.06294,0.078398,0.393782,-0.441754,0.133597,0.26073,-0.10805,-0.267918,-0.297457,-0.594437,-0.445992,-0.277962,-0.395616,0.088409,-0.1356,-0.373916,0.175439,-0.267918,0.272723,0.236527,-0.619113,-0.267918,-0.101994,0.182137,-0.407976,0.0,-0.147149,-0.536235,-0.3843,-0.372454,0.356791,0.150085,-0.381933,0.085831,-0.417913,0.417962,-0.24211,-0.013181,-0.419797,-0.611965,-0.182005,-0.3843,-0.277962,-0.3843,-0.097626,0.392262,-0.283919,-0.145743,-0.313249,-0.299799,-0.294398,0.435804,-0.223716,-0.359463,0.234848,0.204193,-0.3843,0.358411,-0.122393,-0.165269,-0.294398,-0.24211,-0.131708,#
16,-2.8e-05,0.0,-5.1e-05,9.6e-05,2.5e-05,-5.3e-05,2.6e-05,-2.1e-05,0.0,0.0,5e-05,0.0,-4.9e-05,0.0,1.5e-05,0.0,0.0,0.0,0.0,-4.9e-05,1.5e-05,-2.7e-05,-4.9e-05,4.9e-05,2.9e-05,-2.5e-05,0.000102,0.000122,0.0,-1.9e-05,0.0,5.2e-05,-2.1e-05,-5.3e-05,5e-05,1.5e-05,4.9e-05,0.0,3.7e-05,-4.9e-05,-5.2e-05,4.9e-05,-7.5e-05,7.9e-05,0.0,5.4e-05,5e-05,-5.3e-05,0.0,-6e-05,0.000469,-7.7e-05,1.5e-05,0.000147,0.000113,-8.1e-05,0.000153,0.00019,-0.000113,0.0,-0.000114,0.0,-0.000123,-0.000159,6.5e-05,-5.2e-05,-2.4e-05,-0.000111,0.0,0.00016,-0.000726,-6.6e-05,-2.1e-05,3.7e-05,7.1e-05,7.6e-05,0.0,3.6e-05,0.0,3.7e-05,0.0,-3.8e-05,0.0,3.6e-05,-3.8e-05,7.2e-05,0.0,3.8e-05,4.4e-05,-3.7e-05,-4.4e-05,8.7e-05,0.0,7.1e-05,7.1e-05,3.7e-05,0.0,-7.6e-05,-7e-05,0.0,-6e-05,0.0,0.0,-3.8e-05,3.5e-05,7.1e-05,-7.6e-05,0.0,3.5e-05,0.0,-7.3e-05,0.0,-3.8e-05,-3.8e-05,-7.6e-05,-2.2e-05,0.0,0.000111,1.8e-05,7.8e-05,1.8e-05,8.6e-05,0.0,3.5e-05,-8e-05,3.5e-05,0.0,-6e-05,0.0,0.0,0.001884,4.4e-05,-3.8e-05,0.0,0.0,0.0,0.0,-4.4e-05,-0.000122,0.0,8.7e-05,0.000109,-6.9e-05,-0.000726,-0.000115,-7.7e-05,0.0,4.2e-05,-0.00023,-3.4e-05,0.0,-7.6e-05,-1.9e-05,7.1e-05,-0.000115,1.8e-05,-3.7e-05,0.0,-0.000115,-2.2e-05,-9.4e-05,1.5e-05,0.0,0.0,-7.6e-05,8.5e-05,-3.4e-05,0.000382,3.6e-05,3.8e-05,0.0,0.000127,3.5e-05,0.001884,-0.00015,8.6e-05,-2.2e-05,0.0,8.5e-05,-0.00023,8.5e-05,8.6e-05,0.000152,-0.000155,9.9e-05,0.0,8.6e-05,-0.000115,4.2e-05,-4.1e-05,0.0,0.0,0.0,8.5e-05,-0.000179,-1.3e-05,0.0,-0.000115,0.001884,-2.2e-05,#
17,-0.07195,0.532711,0.307454,-0.118093,0.392568,0.115331,0.245009,-0.32673,0.822339,0.500031,0.375574,-0.004359,0.407624,0.66546,-0.32673,-0.486827,0.0,1.0,0.276699,0.629275,0.09695,-0.125704,0.463873,-0.172373,-0.490094,-0.173192,0.1765,0.072118,0.303872,0.440375,-0.365173,0.292571,-0.32673,-0.325939,-0.040946,0.09695,0.503384,-0.622137,-0.32673,-0.094031,-0.27452,0.503384,-0.296697,0.329359,0.362244,-0.423212,0.220725,0.347667,-0.591573,0.576045,0.379591,0.197483,0.383018,0.589301,-0.544966,-0.070116,-0.196452,0.524541,0.510994,0.220588,0.020066,-0.019095,-0.019182,-0.203464,0.061071,0.284073,0.480175,0.125922,0.721912,0.212032,-0.025653,0.061732,-0.32673,-0.108354,-0.371043,0.247011,-0.041217,-0.514332,-0.394019,0.251065,-0.301912,-0.252584,-0.394019,0.468815,-0.252584,-0.294093,-0.459686,-0.280547,-0.523072,-0.129955,-0.694057,-0.529385,-0.762059,-0.030085,-0.858414,-0.108354,0.008703,-0.764709,-0.309626,-0.187062,-0.277827,-0.124189,-0.459686,-0.252584,0.162012,-0.034049,-0.242364,0.008558,-0.170822,0.103787,0.412044,0.0,-0.252584,-0.252584,0.275245,-0.490094,-0.394019,-0.096202,0.860191,-0.53173,-0.114416,0.060464,-0.459686,-0.646579,-0.442469,0.300623,-0.301912,0.489213,-0.179392,-0.124189,-0.019963,0.493534,-0.614941,0.130235,0.343253,0.020864,0.241496,-0.091176,0.369818,-0.459686,0.065485,-0.147989,-0.323791,-0.025653,0.315662,0.197483,0.841504,0.657434,-0.248993,0.619402,-0.362114,0.275245,-0.269693,-0.374537,0.315662,-0.118282,-0.141704,0.854189,0.315662,0.362244,-0.319315,0.241496,-0.301912,0.658142,0.640092,0.746986,-0.180014,-0.564451,-0.022758,0.244526,-0.136847,0.078435,-0.313745,-0.019963,-0.172642,0.060464,-0.063925,0.478035,0.746986,-0.248993,0.746986,-0.141435,-0.968459,0.076342,0.543321,-0.229713,0.075571,-0.23756,-0.647974,0.540699,0.343253,-0.319826,0.037471,0.746986,-0.243482,-0.063925,0.478035,0.315662,-0.019963,0.539067,#
18,-0.186702,-0.15396,-0.38052,-0.649865,0.188313,0.071348,0.554175,0.263931,0.392859,-0.259376,0.120896,-0.420201,0.058229,0.09424,0.087977,-0.538388,0.0,0.276699,1.0,0.276989,0.373356,0.424349,0.503365,-0.250223,-0.747804,0.116054,0.475382,0.218885,0.332267,0.293256,0.098604,0.125954,0.263931,-0.089202,0.254305,0.41823,0.228957,0.081276,0.263931,-0.384674,0.518221,0.228957,-0.145988,0.335905,0.263931,-0.646229,0.3262,0.466206,-0.179414,0.168378,-0.058172,-0.229248,-0.164241,-0.118764,-0.246792,-0.254188,0.468115,0.283206,0.313167,0.131848,-0.27589,-0.729253,-0.412189,-0.241832,0.333997,0.214771,0.646993,0.005651,0.309934,-0.141235,0.317734,-0.319561,-0.498536,-0.007638,0.281546,-0.297269,0.365974,-0.629544,-0.502789,0.103658,-0.685272,-0.037402,-0.008938,-0.140943,0.074804,-0.213537,-0.258807,-0.459785,-0.213422,0.018464,-0.380284,0.195828,-0.388823,-0.202878,-0.078667,0.103658,-0.218157,-0.027734,-0.563623,-0.416452,0.168378,0.061529,-0.197912,0.0022,-0.249576,-0.175723,-0.007766,-0.416452,0.706289,0.306516,0.565645,0.0,0.448822,-0.037402,0.255859,-0.307919,-0.008938,0.366513,0.213007,-0.079214,0.053066,-0.223163,-0.258807,-0.334452,-0.199078,-0.101919,-0.201551,0.776179,0.352116,0.061529,0.370968,0.358244,0.0022,-0.069926,-0.176172,-0.373277,0.087977,-0.403332,0.348798,-0.258807,0.173087,0.188368,-0.255841,0.317734,-0.211616,-0.229248,0.541457,0.346619,0.500618,0.689285,0.183121,-0.262505,0.403161,-0.527169,-0.211616,-0.273272,0.087866,0.228564,-0.211616,0.263931,-0.269167,0.263931,-0.685272,0.134077,0.519471,0.064511,0.239751,-0.262039,-0.610752,0.49815,-0.483419,0.230388,0.215221,0.370968,-0.1618,0.334114,0.263931,-0.24812,0.064511,0.500618,0.064511,0.54385,-0.200924,-0.031746,-0.098033,0.010234,0.474261,-0.040308,-0.334414,-0.199828,0.638132,0.288854,-0.213023,0.064511,0.10836,0.395896,0.221052,0.530718,0.370968,-0.165247,#
19,-0.093077,0.48406,0.650592,-0.104792,0.334859,0.387906,0.503862,-0.32813,0.393782,-0.008913,0.271856,-0.147274,0.020947,0.206529,0.376943,-0.856322,-4.9e-05,0.629275,0.276989,1.0,0.068137,0.303204,0.383111,0.195729,-0.492195,-0.118117,0.21408,0.089486,0.241323,0.404061,0.030884,0.329493,-0.32813,-0.187801,-0.002605,0.068137,0.11707,-0.22583,-0.32813,-0.458357,-0.293974,0.11707,-0.28766,0.339433,-0.085422,-0.357826,0.162388,0.273984,-0.430806,0.408397,-0.282573,0.3395,0.341185,0.210448,-0.081898,-0.444972,-0.224497,-0.011811,0.009755,-0.433903,0.459527,-0.041999,0.005659,-0.179438,0.125804,0.196773,0.418478,-0.325636,0.640842,0.362344,-0.077373,-0.035354,-0.32813,-0.074969,-0.316252,0.297954,-0.421374,-0.452113,-0.34509,-0.177887,0.085543,-0.211792,-0.34509,0.486289,-0.661416,0.098345,-0.424687,-0.299667,-0.077298,-0.15598,-0.639025,-0.483561,-0.34509,0.009189,-0.456,-0.520948,0.036787,-0.699744,-0.344255,0.036176,-0.406613,-0.480785,-0.424687,-0.211792,-0.211822,0.005353,-0.201173,-0.206556,0.20117,0.136034,0.774099,0.0,-0.211792,-0.211792,0.188358,0.03661,-0.34509,-0.073011,0.781262,-0.472369,-0.476186,0.475805,-0.424687,-0.57062,-0.411936,0.238231,0.085543,0.487012,0.199296,-0.480785,-0.041927,-0.025609,-0.557657,-0.064105,0.338492,-0.342334,-0.32813,-0.063583,-0.070927,-0.424687,0.084235,-0.114028,-0.34889,-0.077373,0.314341,0.3395,0.440957,0.578756,-0.225584,0.228356,-0.324756,0.188358,0.172204,0.005353,0.314341,-0.152678,-0.192924,0.776794,0.314341,-0.085422,-0.256017,0.214234,0.085543,0.202508,0.641072,0.679261,0.18771,-0.504735,0.017088,0.201459,-0.164399,0.514818,-0.665926,-0.041927,0.206031,0.475805,0.443383,0.415604,0.679261,-0.225584,0.679261,-0.076364,-0.54847,0.448003,0.491397,0.294974,0.146688,0.314341,-0.572436,0.475416,0.338492,-0.326083,-0.007153,0.679261,-0.264031,-0.085422,0.415604,0.314341,-0.041927,0.490179,#
20,-0.249879,-0.249935,-0.175194,-0.610747,0.081396,0.116995,0.697215,0.649491,0.428941,-0.309906,0.077144,-0.370391,0.622587,0.349595,-0.166623,-0.13235,1.5e-05,0.09695,0.373356,0.068137,1.0,0.199658,0.42195,0.014302,-0.249935,0.022735,0.327715,0.286486,0.520091,-0.166623,0.3633,0.435866,0.649491,-0.145254,-0.088046,0.349568,0.527197,0.348083,-0.166623,-0.408042,0.221036,0.527197,0.160881,0.291589,-0.249935,-0.597107,-0.107792,0.362411,-0.033217,-0.280256,0.239264,-0.521308,-0.24987,-0.396641,-0.37872,-0.641481,0.110504,0.304569,0.226673,0.253738,-0.397534,-0.242455,-0.981794,0.186095,-0.015928,0.343179,0.611609,0.240767,0.45595,0.14252,0.354921,-0.209791,-0.166623,-0.193201,0.418167,0.150532,0.408321,-0.610991,-0.761803,-0.193201,-0.49918,-0.18853,-0.233205,-0.06622,0.331905,-0.00437,0.193203,-0.326552,-0.395076,0.239671,-0.390926,-0.400089,-0.233205,-0.071535,-0.121945,0.323014,-0.278262,-0.237852,-0.498926,-0.273643,0.305475,-0.407865,-0.68945,-0.76254,0.027768,-0.071436,-0.237852,-0.273643,-0.021441,-0.076672,0.481488,0.0,0.331905,-0.18853,0.340479,-0.249935,-0.233205,0.239456,0.134822,-0.197617,0.084336,-0.337863,0.193203,-0.499474,-0.643101,0.505135,-0.49918,0.280132,0.432938,-0.407865,0.164097,0.267803,-0.242105,-0.195018,0.224709,-0.407865,-0.166623,0.277197,0.214813,0.193203,0.259157,0.324698,-0.40794,0.354921,-0.612282,-0.521308,0.127235,0.506935,0.172207,0.021777,0.250154,0.340479,0.20703,-0.071436,-0.612282,-0.407359,0.06548,0.286706,-0.612282,-0.249935,0.220709,-0.166623,-0.49918,0.349807,-0.183533,0.230022,-0.499483,-0.440257,-0.610991,0.774286,0.218855,0.146234,-0.021441,0.164097,-0.47766,0.258624,-0.249935,0.106583,0.230022,0.172207,0.230022,0.290465,0.002961,0.405848,-0.236711,0.195819,0.361653,0.182282,-0.499292,0.131898,0.224709,0.67641,0.124886,0.230022,-0.174548,0.362151,0.106583,0.182282,0.164097,0.424243,#
