0,1.0,0.407893,-0.541119,-0.250743,0.230922,0.174214,0.375742,-0.276068,0.013997,0.537112,0.571746,0.013997,-0.393188,0.451958,0.112847,-0.407685,-0.407685,-0.810201,0.525615,-0.41926,0.367266,0.394984,0.143668,0.201088,0.401427,-0.060475,-0.329361,0.03827,0.254794,0.116363,0.283485,0.001892,0.246672,-0.533663,0.250637,0.106684,0.283926,0.070169,0.447338,0.0,0.106684,0.380599,-0.770388,-0.03734,0.414035,-0.074559,0.129682,-0.024919,0.070619,0.073892,0.246672,-0.508633,0.054947,0.118259,0.260071,0.119243,-0.142066,0.12556,-0.643919,-0.276068,0.260861,-0.271875,-0.193075,0.583896,-0.513836,0.317632,-0.045172,0.002151,0.185966,-0.352293,0.015704,0.433436,0.125735,0.128891,-0.230211,0.142332,-0.554374,-0.01994,-0.172705,-0.001663,0.093471,-0.365851,-0.010902,-0.084807,-0.010902,-0.172705,-0.026477,0.408955,0.093471,-0.383646,-0.101089,-0.365851,-0.010902,-0.410181,0.093471,-0.101089,-0.554374,-0.410181,0.093471,-0.533503,0.408691,0.397854,-0.12685,-0.814739,-0.435969,-0.442764,-0.068178,0.352985,-0.133684,-0.182915,0.247014,0.414035,-0.365851,-0.21762,-0.046511,0.209118,-0.533503,-0.135035,0.10274,0.197502,-0.223966,-0.27179,0.128891,-0.367102,-0.249988,0.118072,0.076459,-0.463502,0.249541,-0.287791,-0.620227,-0.558709,-0.37302,-0.009879,-0.625414,-0.239732,-0.27179,0.0,0.532086,-0.365851,-0.407477,0.016859,-0.068178,-0.436275,-0.01994,-0.352293,-0.27179,-0.032595,-0.101089,-0.129189,0.28611,0.28611,-0.533503,-0.407685,-0.049655,-0.287791,0.49616,-0.261261,-0.101089,0.068583,-0.294739,-0.21762,-0.27179,0.118072,0.118072,-0.01212,0.357267,-0.134617,-0.068178,-0.39905,0.034417,0.580982,0.3808,0.082706,0.446019,-0.410181,-0.125993,-0.084313,0.243367,-0.111884,-0.086835,0.436308,-0.4013,0.41484,0.34199,0.269308,-0.10489,-0.382863,0.146163,0.489518,-0.111884,0.587675,0.530066,0.03525,-0.692196,0.628418,0.603672,-0.410181,-0.288887,-0.067503,#
1,0.407893,1.0,-0.464018,0.004854,0.003601,-0.401722,0.209367,-0.318954,-0.21196,0.645182,-0.002875,-0.590243,-0.403403,0.336372,0.385246,-0.011714,0.495912,-0.170102,0.818349,0.223517,0.587053,0.30953,-0.034747,0.056416,-0.199669,-0.187175,-0.49057,-0.073618,-0.020245,0.017384,0.311316,0.652567,0.811301,-0.21688,-0.061123,-0.499817,0.046125,-0.699603,0.215396,0.0,0.515436,0.151369,-0.245991,0.316096,0.343624,-0.182763,-0.017853,-0.168362,0.303879,0.207003,-0.028062,0.110063,0.496217,-0.14402,0.273063,0.143898,0.38045,-0.635691,-0.473758,-0.318954,0.322045,0.264659,-0.294733,-0.177932,0.085261,0.112927,-0.350668,-0.496636,-0.347102,-0.276767,-0.619055,-0.224632,0.00781,-0.211731,-0.401722,-0.222476,-0.019654,-0.215928,0.378563,0.579788,0.633072,0.179771,0.184981,-0.654414,0.184981,0.378563,0.184981,-0.016035,0.633072,-0.215928,-0.049534,0.179771,0.184981,-0.404076,0.633072,0.467918,-0.019654,0.283088,0.633072,0.197911,0.012274,0.674521,0.402267,-0.230029,-0.404076,0.160016,-0.211321,-0.254616,-0.244316,-0.293857,-0.019654,0.343624,0.179771,0.399629,-0.016035,0.375767,0.197911,0.007505,0.222487,-0.400976,-0.014183,-0.333211,-0.211731,-0.172474,-0.512833,-0.640836,0.179771,-0.664537,-0.051934,-0.026399,-0.04732,-0.410616,-0.242366,-0.172474,-0.049534,0.001077,-0.333211,0.0,0.330328,0.179771,-0.006691,-0.215928,-0.211321,0.06094,-0.215928,-0.276767,-0.333211,-0.098042,-0.049534,-0.201654,0.283088,0.283088,0.197911,-0.499817,-0.07692,-0.026399,0.515492,-0.285937,-0.049534,0.495912,-0.388068,0.399629,-0.333211,-0.640836,-0.640836,0.55981,0.657803,0.044117,-0.211321,-0.611476,-0.211635,0.658165,0.231772,0.207386,0.172564,0.283088,0.181205,-0.675734,0.364207,-0.016035,-0.279312,0.187389,-0.081551,0.271041,-0.255018,-0.357778,0.169212,-0.27353,-0.016416,-0.163387,-0.034707,0.369862,-0.228171,-0.231726,-0.113176,0.051933,-0.012527,-0.404076,0.078558,0.197911,#
2,-0.541119,-0.464018,1.0,0.244802,-0.293891,-0.151521,0.119263,0.319538,0.050213,-0.568016,-0.134685,0.017696,0.393362,-0.450577,-0.617666,0.431662,0.330807,0.440952,-0.599236,-0.019583,-0.435283,0.181388,-0.134685,-0.225257,0.053405,0.099684,-0.114053,-0.590646,-0.201995,-0.617099,0.359089,-0.568776,-0.310568,0.477481,-0.17806,0.472005,-0.281244,0.010764,0.038107,0.0,-0.193643,-0.137581,0.327809,-0.236119,-0.411491,0.078175,-0.204939,0.025496,0.247418,-0.131221,-0.177156,0.088442,-0.181448,-0.073129,-0.269415,-0.107887,0.096793,-0.026752,0.596258,0.319538,-0.246354,0.318796,0.74261,-0.417633,0.205428,-0.300805,0.006709,0.307402,-0.084701,0.481727,0.082176,0.019524,-0.597065,-0.131544,-0.151521,-0.008111,0.558105,0.054639,0.137734,-0.0594,-0.128989,0.339335,-0.048923,0.125008,-0.048923,-0.319186,-0.065414,0.104848,-0.147002,0.455139,0.072765,-0.147002,-0.048923,0.416102,-0.147002,-0.461835,0.558105,-0.32114,-0.147002,0.478585,0.097223,-0.434202,0.122202,0.784783,0.388797,0.357604,0.125008,0.115528,0.124613,-0.310923,-0.289484,-0.411491,0.339335,0.184335,0.606392,-0.270112,0.496859,-0.317614,-0.336976,0.22292,0.287218,0.287775,-0.131544,-0.004483,0.329686,-0.019371,0.339335,0.451557,0.203701,0.208788,0.120811,0.130978,-0.117355,0.37375,0.072765,0.175002,0.26088,0.0,-0.385101,0.339335,0.312781,0.438829,0.125008,-0.297962,0.054639,0.481727,0.26088,0.594063,0.627927,0.470337,0.416102,-0.32114,0.46031,0.411491,0.590446,0.208788,-0.54438,0.403857,0.627927,-0.193643,0.78981,0.184335,0.26088,-0.019371,-0.019371,-0.515718,-0.42701,0.120544,0.107402,0.36181,-0.370656,-0.108785,-0.332769,-0.117355,0.054447,-0.32114,0.097869,0.100417,-0.330764,-0.446624,0.103421,-0.040456,0.360985,-0.402577,-0.334241,-0.276095,-0.46974,0.339335,-0.555327,-0.022723,-0.350173,-0.153685,-0.481929,0.022477,0.284512,-0.141311,-0.113139,0.416102,-0.195295,0.496859,#
3,-0.250743,0.004854,0.244802,1.0,-0.163679,-0.666113,-0.53395,0.253508,-0.392908,-0.354551,-0.261759,-0.42422,0.302772,-0.723156,0.207159,0.097121,0.116546,0.474035,0.168887,-0.380215,0.03104,-0.029405,-0.6659,-0.229463,-0.004707,0.339889,-0.138949,-0.001333,-0.190537,-0.407819,0.271729,-0.265393,-0.163679,0.369811,-0.236448,0.116546,-0.273904,0.164909,-0.005881,0.0,0.116546,-0.174204,0.496699,0.472044,-0.271939,0.317125,-0.131238,-0.051756,0.09659,-0.349535,-0.163679,0.399221,0.131463,0.126406,0.329553,-0.267103,0.184529,0.066535,-0.045264,0.253508,-0.366963,-0.296864,0.583222,0.110723,-0.02941,-0.539767,-0.023967,0.372034,0.094277,0.325424,0.339969,0.387918,0.077697,0.061202,0.142739,0.115267,0.672696,0.409667,0.264816,-0.004016,0.099737,0.550719,0.399653,-0.093252,0.399653,-0.175186,0.002647,0.406484,0.082391,0.409667,-0.113851,0.082391,0.399653,0.282663,0.082391,-0.094051,0.672696,0.282663,0.082391,0.372485,0.40781,0.338126,0.252934,0.431414,-0.374693,0.012047,0.347575,0.045683,-0.067625,-0.057463,-0.182973,-0.271939,0.550719,0.157585,0.406484,0.271695,0.390082,0.225324,-0.225765,0.284036,0.17013,0.401435,0.061202,0.44247,0.350716,0.076302,-0.333901,-0.239848,-0.199762,0.190189,-0.142593,0.657306,0.536369,0.44247,0.420755,0.162092,-0.271939,0.0,-0.326493,0.550719,0.101509,-0.407049,0.347575,0.454158,0.409667,0.325424,-0.271939,0.182888,0.420755,-0.066874,0.282663,-0.427281,-0.085056,0.097121,0.402465,0.190189,-0.658181,-0.058867,0.420755,0.116546,0.596376,0.157585,-0.271939,0.076302,0.076302,-0.417867,0.354887,0.652594,0.33062,-0.006544,0.379034,0.070999,0.33062,0.536369,0.011573,0.282663,-0.533797,-0.094982,-0.593421,0.406484,-0.528906,0.414063,0.652572,-0.257214,-0.513546,0.265872,-0.093774,-0.333901,0.156336,-0.011462,-0.095065,-0.675213,0.06948,-0.0139,0.526684,0.193754,0.169858,0.282663,-0.045428,-0.085056,#
4,0.230922,0.003601,-0.293891,-0.163679,1.0,0.266122,0.112302,-0.231649,0.025506,0.375569,0.655994,0.410566,-0.304807,-0.006297,0.224946,-0.115268,-0.095394,-0.033492,0.28958,-0.042848,-0.036586,-0.520748,0.258403,0.312807,0.404083,0.095826,-0.077073,-0.011095,0.15634,0.421232,-0.412354,0.011987,-0.249368,-0.356043,-0.090987,-0.095394,0.393578,-0.091668,-0.018532,0.0,0.421326,-0.37969,-0.586886,0.112292,0.280884,0.040027,-0.418981,0.139693,-0.171432,0.811794,-0.249368,-0.51116,0.401815,0.770306,0.422405,-0.353279,-0.282878,-0.09014,0.083057,-0.231649,-0.313502,-0.381345,-0.49044,0.311966,-0.191525,0.2319,0.792085,-0.26174,-0.394504,-0.36317,-0.045586,-0.054725,-0.095394,0.360177,-0.172005,-0.074241,-0.679457,-0.44245,-0.694731,-0.431674,-0.551339,-0.569086,-0.034482,0.534297,-0.034482,-0.261219,0.387962,0.074011,-0.107665,-0.821871,0.091839,-0.107665,-0.034482,-0.292344,-0.107665,-0.414624,-0.679457,-0.292344,-0.107665,0.091225,0.081444,0.092058,-0.662938,-0.418111,0.407129,-0.020817,-0.801446,0.377218,-0.383933,0.513663,0.156558,0.280884,-0.569086,-0.589332,-0.401135,0.113639,-0.3589,0.163878,-0.025871,-0.313524,-0.999083,0.254385,0.360177,-0.453079,-0.201388,-0.083276,-0.089918,0.41559,0.114948,-0.195517,-0.261219,-0.261732,-0.121887,-0.453079,-0.434883,0.243603,-0.408076,0.0,-0.221863,-0.569086,-0.110102,0.013749,-0.801446,-0.322883,-0.44245,-0.36317,-0.408076,0.228771,-0.434883,0.064275,-0.292344,0.407129,-0.3589,-0.115268,-0.397219,-0.195517,0.174825,0.448928,-0.434883,0.401452,-0.385686,-0.589332,-0.408076,-0.083276,-0.083276,0.434397,0.066218,-0.146933,-0.367763,0.408347,-0.009522,0.334978,0.083267,-0.121887,-0.406911,-0.292344,-0.375904,0.513683,0.615776,0.074011,0.10495,-0.01106,-0.140262,0.265232,0.530154,0.382025,0.545283,-0.089918,0.226904,-0.361413,-0.420141,0.256133,0.328851,-0.009752,-0.664894,-0.194858,-0.168853,-0.292344,-0.193916,0.10923,#
5,0.174214,-0.401722,-0.151521,-0.666113,0.266122,1.0,0.367829,0.367455,0.417642,0.103882,0.182948,0.828956,-0.278694,0.565917,-0.222415,-0.408248,-0.408248,-0.470566,-0.19838,-0.038605,0.039143,0.032104,0.182948,0.121436,0.01855,-0.064942,0.515551,0.182144,-0.150254,0.612236,-0.353783,-0.011261,-0.155778,-0.077792,0.226209,0.102062,0.328794,0.102837,-0.01236,0.0,0.102062,0.216789,-0.355649,-0.230328,0.408248,-0.529476,0.337009,0.013485,-0.386194,0.111414,-0.155778,-0.119866,-0.40804,0.067665,-0.371414,0.408953,-0.579102,0.5442,-0.148157,0.367455,0.281924,-0.245191,-0.339399,0.05305,-0.200619,0.461995,0.116806,0.115214,0.222635,-0.477422,0.10974,0.055653,0.102062,0.548426,0.166667,0.07943,-0.57496,-0.403457,-0.570846,-0.393859,-0.334178,-0.789876,-0.398661,0.356348,-0.398661,-0.142712,0.018542,-0.08038,-0.334178,-0.403457,-0.069358,-0.334178,-0.398661,-0.368425,-0.334178,-0.069358,-0.57496,-0.368425,-0.334178,-0.53424,-0.087137,-0.080642,-0.150809,-0.398661,0.322372,-0.393859,-0.089087,0.037652,-0.080642,-0.05297,0.273342,0.408248,-0.789876,-0.237933,-0.08038,-0.198075,-0.53424,0.26154,0.548311,-0.205687,-0.24401,-0.272166,0.548426,-0.033078,0.243815,0.534566,0.121519,0.344236,-0.12627,-0.237933,-0.142712,-0.158792,-0.341609,-0.033078,-0.589546,0.178315,0.408248,0.0,0.236252,-0.789876,0.116583,0.421797,-0.089087,-0.385077,-0.403457,-0.477422,0.408248,-0.041332,-0.589546,0.346058,-0.368425,0.322372,-0.071917,0.102062,-0.024518,-0.237933,0.346796,0.110646,-0.589546,-0.408248,-0.239642,-0.237933,0.408248,0.534566,0.534566,0.03852,-0.53424,-0.156782,-0.089087,0.421797,0.035655,-0.267474,-0.089087,-0.341609,0.021151,-0.368425,-0.071917,0.389105,0.291354,-0.08038,0.400743,-0.391186,-0.367508,0.450499,0.812045,0.305353,-0.046926,0.121519,-0.242764,0.0,-0.08038,0.189663,0.111473,0.036518,-0.441711,0.12627,0.179555,-0.368425,-0.256663,-0.071917,#
6,0.375742,0.209367,0.119263,-0.53395,0.112302,0.367829,1.0,0.175007,0.648015,0.426085,0.385397,0.236294,-0.540122,0.432593,-0.529455,0.203999,0.203999,-0.211152,-0.029576,-0.214472,-0.189347,0.551707,0.350707,-0.040092,0.249503,0.079775,-0.163088,-0.321959,0.083582,0.235621,0.121539,-0.121371,0.077841,-0.42837,0.282514,0.225249,0.135352,-0.455422,0.634081,0.0,0.225249,0.208882,-0.521748,-0.247681,0.518497,-0.424423,0.167322,-0.202803,-0.147509,0.434,0.077841,-0.178024,-0.327081,0.014756,0.173053,0.295561,-0.347937,-0.029904,-0.240933,0.175007,0.225987,0.516801,-0.064173,0.003314,-0.076428,0.343611,-0.143865,0.147928,-0.082278,-0.489121,-0.183041,0.167723,-0.327248,-0.027508,-0.534394,0.400628,-0.383856,-0.654166,-0.379835,-0.239079,-0.057033,-0.550402,-0.653989,0.05379,-0.653989,-0.379835,-0.202297,-0.188156,-0.057033,-0.248474,-0.231895,-0.550402,-0.653989,-0.529445,-0.057033,-0.231895,-0.383856,-0.529445,-0.057033,0.026311,-0.193134,0.062858,0.075358,-0.243798,0.218458,-0.239079,-0.428468,0.268303,-0.42825,-0.424604,-0.341664,0.518497,-0.550402,-0.112949,0.319889,-0.405461,0.026311,-0.346074,0.133261,-0.40913,-0.118902,-0.218165,-0.027508,-0.651508,0.069416,-0.035246,0.436337,0.146259,0.53139,-0.534031,-0.379835,-0.801153,-0.998677,-0.267805,-0.795086,-0.07689,-0.218165,0.0,0.236889,-0.550402,-0.327081,0.645002,-0.428468,-0.643344,-0.654166,-0.489121,-0.218165,0.60475,-0.231895,0.005542,0.218458,0.218458,0.026311,-0.327248,0.309608,-0.534031,0.24456,0.301263,-0.231895,-0.327248,-0.192095,-0.112949,-0.218165,-0.035246,-0.035246,0.195001,-0.428242,-0.301788,-0.428468,-0.207428,-0.217192,0.445809,0.05379,-0.50917,0.625214,-0.529445,0.026311,0.039802,0.518773,-0.747602,0.494454,-0.228498,-0.332849,0.50135,0.497706,-0.470462,-0.4443,-0.057033,-0.53401,-0.198348,-0.239558,0.793727,-0.062085,0.184867,-0.61743,0.32304,0.339098,-0.529445,-0.492171,0.526853,#
7,-0.276068,-0.318954,0.319538,0.253508,-0.231649,0.367455,0.175007,1.0,0.340936,-0.147915,-0.420457,0.340936,0.025596,0.038991,-0.193175,-0.056255,0.084382,0.214648,-0.222592,-0.359956,-0.093491,0.319621,-0.420457,-0.473313,-0.325485,0.174997,0.343744,0.221382,-0.349274,0.224968,-0.083577,-0.216203,-0.231649,0.294551,0.27469,0.225019,0.05723,0.006298,0.228218,0.0,0.225019,0.212424,0.412233,0.138708,0.150012,-0.614791,0.507247,-0.044598,-0.309875,-0.272505,-0.231649,0.622139,-0.594391,-0.164887,-0.065013,0.474717,-0.428628,0.568582,-0.235316,1.0,0.115153,-0.044569,0.437224,-0.170566,-0.165869,0.014147,-0.195155,0.69854,0.245422,-0.1659,0.443573,0.391104,0.225018,0.563343,0.252625,0.44419,0.3234,-0.308298,-0.229427,-0.319171,-0.143727,-0.269314,-0.316827,0.171861,-0.316827,-0.229427,-0.316827,-0.050635,-0.269314,0.228696,-0.192741,-0.269314,-0.316827,-0.103649,-0.269314,-0.04938,0.3234,-0.103649,-0.269314,0.046718,-0.05567,0.294469,0.440292,0.226122,-0.103649,-0.435467,0.294618,-0.215316,-0.413925,-0.452541,-0.111699,0.150012,-0.269314,0.255732,0.621838,-0.250304,0.17413,0.435041,0.562302,-0.242562,0.257349,-0.037503,0.563343,0.447982,0.896949,0.564698,-0.143727,0.051456,-0.365391,-0.301633,-0.229427,0.435041,-0.143986,0.447982,-0.192741,0.250882,0.150012,0.0,-0.041431,-0.269314,0.224904,0.228696,0.294618,0.051456,-0.308298,-0.1659,0.150012,0.328905,-0.192741,0.293447,-0.103649,-0.103649,0.17413,0.084382,0.672318,-0.301633,-0.31504,0.237015,-0.192741,-0.618803,0.455122,0.255732,0.150012,0.564698,0.564698,-0.339703,-0.427538,0.420924,0.171861,0.336095,0.359357,-0.201752,0.171861,-0.143986,0.367224,-0.103649,-0.547873,0.205142,-0.253238,-0.050635,0.211278,-0.220046,0.273461,0.202052,0.3217,0.084152,-0.434851,-0.143727,-0.402977,-0.248964,-0.185128,-0.442754,-0.153608,0.260225,0.298798,0.365389,0.388593,-0.103649,-0.318304,0.17413,#
8,0.013997,-0.21196,0.050213,-0.392908,0.025506,0.417642,0.648015,0.340936,1.0,0.217584,0.022451,0.218572,-0.286137,0.155009,-0.376294,-0.0155,-0.0155,0.159872,-0.352187,-0.262241,-0.571924,0.340613,0.410066,-0.361932,0.221388,0.236568,0.343811,0.084494,0.002046,0.507517,-0.437987,-0.366336,-0.422395,-0.220298,0.369242,0.50763,-0.241018,-0.091899,0.175507,0.0,0.003875,0.356902,-0.186594,0.081539,0.33842,-0.187134,0.562013,-0.389023,-0.738396,0.227302,0.410566,-0.024272,-0.499625,0.231419,0.321289,0.471336,-0.807238,0.241339,-0.023389,0.340936,0.320353,0.337313,-0.187073,0.212494,-0.20885,-0.117425,-0.073521,0.362346,0.034869,-0.42548,0.218281,0.180396,0.003875,-0.197339,-0.404986,0.616849,-0.424428,-0.591929,-0.416765,-0.620672,-0.216944,-0.666788,-0.998986,0.22493,-0.998986,-0.416765,-0.587142,-0.466276,-0.666788,-0.222028,-0.502423,-0.666788,-0.998986,-0.323622,-0.666788,0.011082,-0.424428,-0.323622,-0.666788,-0.239699,-0.473248,-0.206382,-0.005726,-0.213138,0.358301,-0.620672,-0.214783,0.263217,-0.206382,-0.177986,-0.385958,0.33842,-0.666788,-0.431812,-0.003052,-0.860901,0.216685,-0.393919,0.027824,-0.439144,-0.0204,-0.333253,-0.197339,-0.22552,0.337559,0.231713,0.2329,0.46165,0.422186,-0.392967,0.00587,-0.393919,-0.632861,-0.22552,-0.502423,-0.398995,-0.333253,0.0,0.3326,-0.666788,-0.499625,0.185299,-0.214783,-0.258293,-0.591929,-0.42548,-0.333253,0.454497,-0.502423,-0.257725,-0.323622,-0.323622,-0.239699,-0.49988,0.02816,-0.392967,-0.081318,0.254827,-0.502423,-0.49988,-0.29343,-0.431812,-0.333253,0.231713,0.231713,0.210391,-0.654151,-0.389992,-0.654496,-0.184602,0.209248,-0.246667,-0.214783,-0.632861,0.580497,-0.323622,-0.239699,0.242261,0.423227,-0.466276,0.662964,-0.20305,0.059302,0.352483,0.659768,-0.278243,-0.19665,0.2329,-0.397729,-0.207873,-0.003052,0.404317,0.218495,0.199456,-0.351548,0.356866,0.397807,-0.323622,-0.575434,0.216685,#
9,0.537112,0.645182,-0.568016,-0.354551,0.375569,0.103882,0.426085,-0.147915,0.217584,1.0,0.095703,-0.193262,-0.21231,0.671026,0.534912,-0.233252,0.318071,-0.254866,0.532863,0.169769,0.200601,0.158415,0.51992,-0.294828,-0.206836,-0.491726,-0.478896,0.333792,0.355606,0.3392,-0.262511,0.428925,0.341181,-0.524224,0.533132,-0.212047,0.430241,-0.385372,0.22726,0.0,0.339276,0.379092,-0.459282,0.126724,0.226184,-0.484509,0.28869,0.200785,0.056805,0.529503,0.341181,-0.290543,0.318514,0.08213,0.47551,0.377194,-0.123066,-0.396442,-0.320777,-0.147915,0.474862,0.169083,-0.439486,0.036004,-0.499049,0.37221,0.175184,-0.290439,-0.557376,-0.278165,-0.184931,-0.213906,0.339276,0.066294,-0.346272,0.033693,-0.561049,-0.675351,-0.128484,0.188987,0.014727,-0.477594,-0.239813,-0.037018,-0.239813,0.334059,-0.239813,-0.339965,0.014727,-0.675351,0.189733,0.014727,-0.239813,-0.264718,0.014727,0.189733,-0.561049,-0.264718,0.014727,-0.073641,-0.31188,0.44399,-0.10281,-0.690546,-0.264718,-0.266919,-0.518252,-0.256194,-0.553941,-0.090243,0.355429,0.226184,-0.477594,0.074151,-0.339965,-0.12948,-0.073641,-0.077626,0.423909,-0.58536,-0.375348,-0.508913,0.066294,-0.243477,-0.226184,-0.407237,0.014727,-0.330928,-0.124612,-0.388549,-0.128484,-0.531738,-0.447761,-0.243477,-0.372261,-0.358774,-0.508913,0.0,0.486382,-0.477594,-0.227683,-0.229562,-0.518252,-0.330928,-0.675351,-0.278165,-0.508913,-0.045083,-0.372261,-0.075216,-0.264718,0.481596,-0.073641,-0.76337,-0.361673,-0.388549,0.747199,0.238242,-0.372261,0.318071,-0.550923,0.074151,-0.508913,-0.407237,-0.407237,0.643668,0.425838,-0.487551,-0.518252,-0.213369,-0.196835,0.532313,-0.037018,-0.447761,0.198844,-0.264718,-0.091785,-0.051551,0.795073,-0.339965,0.399405,0.209308,-0.287093,0.179853,0.405379,-0.223629,0.411915,0.014727,0.079761,-0.147876,-0.360243,0.504152,0.053268,0.20485,-0.433828,0.124613,0.083388,-0.264718,-0.053325,0.425838,#
10,0.571746,-0.002875,-0.134685,-0.261759,0.655994,0.182948,0.385397,-0.420457,0.022451,0.095703,1.0,0.410066,-0.51988,-0.068142,-0.330015,0.092027,-0.408118,-0.397579,0.157903,-0.400552,-0.056777,-0.131523,0.16688,0.650849,0.822742,0.368593,-0.14539,-0.401521,0.233953,0.121819,0.151573,-0.259579,-0.171632,-0.534229,-0.206876,0.112032,0.243322,0.039718,0.397083,0.0,0.112032,-0.369934,-0.800467,-0.247812,0.421455,0.310135,-0.55388,-0.060971,-0.036711,0.529728,-0.171632,-0.657093,0.077697,0.532211,0.256384,-0.532465,-0.132972,0.088308,-0.138939,-0.420457,-0.433605,-0.219037,-0.240273,0.566374,-0.021469,0.285761,0.402964,-0.067751,0.113464,-0.386738,-0.070746,0.341988,-0.408118,0.108477,-0.258087,0.120924,-0.58309,-0.029477,-0.602367,-0.424981,-0.358883,-0.376748,-0.020535,0.356234,-0.020535,-0.602367,0.404712,0.408074,0.087736,-0.411416,-0.107856,-0.376748,-0.020535,-0.419461,0.087736,-0.617681,-0.58309,-0.419461,0.087736,-0.080956,0.388808,-0.071724,-0.566462,-0.406711,0.284656,-0.011397,-0.534351,0.792287,-0.114206,0.301106,-0.173855,0.421455,-0.376748,-0.666,-0.070226,0.20303,-0.534069,-0.158741,-0.386092,0.191464,-0.666123,0.39478,0.108477,-0.812508,-0.312534,0.097796,0.105601,0.257779,0.662707,-0.269572,-0.602367,-0.587177,-0.383843,-0.45127,-0.638074,0.178258,-0.272078,0.0,-0.179553,-0.376748,-0.407909,0.42975,-0.534351,-0.485595,-0.029477,-0.386738,-0.272078,0.356675,-0.107856,-0.12523,0.284656,0.284656,-0.534069,0.092027,-0.074973,-0.269572,0.031975,0.113569,-0.107856,0.092027,-0.239565,-0.666,-0.272078,0.097796,0.097796,0.011002,-0.106129,-0.080894,-0.09779,0.009167,-0.014776,0.509389,0.356234,0.077005,0.010779,-0.419461,-0.106129,0.333159,0.271492,-0.118618,-0.083789,0.010714,-0.403409,0.420054,0.349739,0.267846,-0.084853,-0.358883,0.136338,0.054733,-0.118618,0.616044,0.501468,-0.015134,-0.853491,0.141699,0.169146,-0.419461,-0.299848,-0.062832,#
11,0.013997,-0.590243,0.017696,-0.42422,0.410566,0.828956,0.236294,0.340936,0.218572,-0.193262,0.410066,1.0,-0.286137,0.194145,-0.376294,-0.0155,-0.49988,-0.256595,-0.352187,-0.230484,-0.153322,-0.293989,0.022451,0.375105,0.206128,0.22013,0.501035,0.084494,0.002046,0.507517,-0.313259,-0.15185,-0.390974,-0.203604,0.0673,0.003875,0.464188,0.247932,0.175507,0.0,0.003875,-0.306144,-0.220352,-0.423726,0.33842,-0.297256,-0.110237,0.160507,-0.314732,0.227302,-0.390974,-0.099363,-0.499625,0.146234,-0.276126,-0.116805,-0.398907,0.65,-0.061137,0.340936,-0.299901,-0.281655,-0.172089,0.178253,0.030983,0.541327,0.342242,0.277774,0.351851,-0.399866,0.264576,0.23322,0.003875,0.67152,0.401822,0.222915,-0.402062,-0.200269,-0.800568,-0.582398,-0.625456,-0.642758,-0.191138,0.647732,-0.191138,-0.377933,0.220706,0.024197,-0.192914,-0.200269,0.038513,-0.192914,-0.191138,-0.287194,-0.192914,-0.455242,-0.402062,-0.287194,-0.192914,-0.21532,-0.003308,-0.206382,-0.385958,-0.191138,0.394728,-0.181849,-0.214783,0.247135,-0.206382,0.274521,0.032745,0.33842,-0.642758,-0.392967,0.024197,-0.018984,-0.654151,0.419985,0.271034,-0.030511,-0.398995,0.312586,0.67152,-0.22552,0.359087,0.65455,-0.175612,0.483802,0.032661,-0.392967,-0.377933,0.005054,-0.203706,-0.22552,-0.474993,0.418771,0.33842,0.0,-0.309563,-0.642758,0.018259,0.614384,-0.214783,-0.236141,-0.200269,-0.399866,0.33842,0.096509,-0.474993,0.215277,-0.287194,0.394728,-0.197766,0.488255,0.08634,-0.392967,-0.032552,0.278696,-0.474993,-0.49988,-0.07091,-0.392967,0.33842,0.65455,0.65455,-0.155233,-0.654151,0.042052,0.208018,0.614384,0.218917,-0.177183,0.208018,-0.203706,-0.162314,-0.287194,-0.197766,0.670473,0.050949,0.024197,0.277071,-0.574358,-0.449995,0.394405,0.686531,0.373889,-0.168812,-0.175612,0.00418,-0.181889,0.024197,0.033675,0.229076,0.224215,-0.38204,-0.03266,0.031881,-0.287194,-0.095012,-0.197766,#
12,-0.393188,-0.403403,0.393362,0.302772,-0.304807,-0.278694,-0.540122,0.025596,-0.286137,-0.21231,-0.51988,-0.286137,1.0,-0.168985,0.32026,-0.028444,0.113777,0.273593,-0.455626,0.275247,-0.292723,-0.201875,0.190288,-0.58259,-0.410145,-0.570115,-0.298949,0.251859,0.285389,-0.61329,-0.095087,-0.255774,-0.304807,0.335102,0.323588,0.255997,0.024919,0.541884,-0.384075,0.0,-0.597326,0.174538,0.529111,-0.176525,-0.967099,0.09331,0.101149,0.59441,0.414804,-0.339129,0.40068,-0.128056,0.11778,-0.234728,-0.155267,0.019857,0.258227,-0.086871,0.611753,0.025596,0.026656,-0.02617,0.526287,-0.239019,-0.355869,-0.232477,0.290433,0.123088,-0.271455,0.939334,0.419684,-0.238463,0.255997,-0.09379,0.301918,-0.21122,0.396653,0.28813,0.401044,0.289442,-0.220841,0.41416,0.285512,0.211038,0.285512,0.401044,-0.41212,-0.121609,-0.34784,0.28813,0.60325,0.41416,0.285512,0.974371,-0.34784,-0.121617,0.396653,-0.180757,-0.34784,0.084466,-0.113696,-0.423502,-0.194388,0.285512,-0.180757,0.171836,0.335178,-0.410557,0.215613,0.095955,0.514863,-0.967099,0.41416,0.305028,-0.121609,-0.217444,0.213313,-0.193287,-0.145466,0.390602,0.306672,-0.018963,-0.09379,0.509655,0.208589,-0.086925,-0.220841,0.017889,-0.415696,0.305028,0.401044,0.509575,0.536225,0.509655,0.60325,-0.406065,0.170665,0.0,-0.077064,0.41416,0.255866,-0.401849,0.335178,0.017889,0.28813,0.939334,0.170665,-0.247656,0.60325,0.333846,-0.180757,-0.180757,0.213313,0.113776,-0.121288,0.305028,-0.119023,0.295049,0.60325,0.113776,0.542278,0.305028,0.170665,-0.086925,-0.086925,-0.401805,0.213313,-0.266394,0.211038,0.396739,-0.258357,-0.347226,-0.533804,-0.21981,-0.274833,-0.180757,0.091625,0.201952,-0.303715,-0.121609,0.207992,0.392775,0.250935,-0.950253,-0.387403,0.010636,0.209247,0.541162,0.189595,0.373836,-0.257616,-0.519253,-0.190287,0.280603,0.584739,-0.244137,-0.263451,0.974371,0.368382,0.213313,#
13,0.451958,0.336372,-0.450577,-0.723156,-0.006297,0.565917,0.432593,0.038991,0.155009,0.671026,-0.068142,0.194145,-0.168985,1.0,0.228852,-0.321798,0.049507,-0.621019,0.210499,0.323023,0.365503,0.269606,0.427075,-0.113602,-0.437915,-0.638778,-0.131493,0.34095,0.194886,0.346474,-0.12871,0.531666,0.485654,-0.335512,0.542637,-0.297044,0.533027,-0.218931,0.166372,0.0,0.074261,0.484895,-0.326426,-0.294831,0.231034,-0.747838,0.435091,0.277997,0.154176,0.119909,0.178677,-0.129854,-0.077758,-0.418053,-0.253201,0.581589,-0.036116,-0.049287,-0.356498,0.038991,0.632483,0.178403,-0.376166,-0.215298,-0.302465,0.678526,-0.142533,-0.240315,-0.148491,-0.255497,-0.221798,-0.273326,0.346552,0.266025,0.040423,-0.111574,-0.454922,-0.461465,-0.044996,0.344572,0.106839,-0.467881,-0.158526,-0.108034,-0.158526,0.494961,-0.158526,-0.321668,0.106839,-0.366948,0.298588,0.106839,-0.158526,-0.240145,0.106839,0.298588,-0.454922,-0.240145,0.106839,-0.383733,-0.307401,0.224922,0.080011,-0.589132,-0.240145,-0.187638,-0.108034,-0.477147,-0.243258,-0.259512,0.517788,0.231034,-0.467881,0.330086,-0.203305,-0.042182,-0.383733,0.106476,0.716073,-0.359647,0.013657,-0.627093,0.266025,-0.060742,-0.126519,-0.064831,0.106839,-0.353768,-0.310079,-0.308157,-0.044996,-0.423639,-0.434975,-0.060742,-0.357465,-0.17982,0.231034,0.0,0.545648,-0.467881,0.081999,0.153451,-0.108034,-0.353768,-0.461465,-0.255497,0.231034,-0.363385,-0.357465,0.210474,-0.240145,0.631078,0.199342,-0.297044,-0.19921,-0.308157,0.892504,-0.006099,-0.357465,-0.074261,-0.430859,0.330086,0.231034,-0.064831,-0.064831,0.347004,0.093442,-0.440356,-0.108034,-0.035583,-0.30143,0.184371,-0.108034,-0.434975,0.159024,-0.240145,0.305242,-0.097107,0.496005,-0.321668,0.428219,-0.149463,-0.60611,0.218524,0.436298,-0.194404,0.092472,0.106839,-0.083526,0.098264,-0.084943,0.423471,-0.166272,0.16575,-0.280812,0.065078,0.043549,-0.240145,0.148155,0.199342,#
14,0.112847,0.385246,-0.617666,0.207159,0.224946,-0.222415,-0.529455,-0.193175,-0.376294,0.534912,-0.330015,-0.376294,0.32026,0.228852,1.0,-0.404476,0.132074,-0.001969,0.508986,0.32992,0.354044,-0.348749,0.116523,-0.302362,-0.483603,-0.529031,-0.272375,0.657816,0.232876,0.121923,-0.381171,0.508355,0.224946,-0.067157,0.277718,-0.404475,0.298347,0.062995,-0.353373,0.0,0.132074,0.173387,0.119992,0.366878,-0.26965,-0.130988,0.165637,0.392808,0.167092,0.068849,0.224946,-0.029084,0.548062,0.037876,0.290651,0.122028,0.17798,-0.293752,-0.100276,-0.193175,0.238601,-0.323619,-0.304344,0.005006,-0.416388,0.036327,0.287691,-0.337013,-0.434403,0.189078,0.050788,-0.324638,0.668623,0.154237,0.215675,-0.29337,-0.122734,-0.059514,0.21257,0.376756,0.04566,0.04566,0.363296,-0.061244,0.363296,0.662718,-0.075359,-0.164383,0.04566,-0.3747,0.392905,0.524789,0.363296,0.248003,0.04566,0.392905,-0.122734,0.248003,0.04566,-0.070214,-0.133582,0.398055,-0.122734,-0.39404,-0.478313,-0.066933,-0.061244,-0.535582,-0.182824,0.276327,0.647213,-0.26965,0.04566,0.215529,-0.559087,0.235024,-0.070214,0.31106,0.3407,-0.20427,-0.216138,-0.26965,0.154237,0.436834,-0.175181,-0.299043,-0.433468,-0.453481,-0.670835,0.092369,0.21257,0.31106,0.510726,0.064207,0.392905,-0.240807,-0.26965,0.0,0.217784,0.04566,0.116684,-0.808543,-0.061244,0.313331,-0.059514,0.189078,-0.26965,-0.582071,-0.15403,-0.051671,-0.478313,0.248003,-0.070214,-0.404476,-0.564657,0.092369,0.439682,-0.020542,-0.15403,0.544804,-0.290095,0.215529,-0.26965,-0.299043,-0.299043,0.394767,0.769027,-0.131302,-0.061244,0.035041,0.062618,0.066606,-0.061244,0.035349,-0.369282,0.248003,-0.176157,-0.058607,0.235416,0.378916,-0.06036,0.384429,0.06985,-0.292199,-0.058607,0.231528,0.769493,0.04566,0.549989,0.004428,-0.134199,-0.332058,0.086777,0.064133,0.220033,-0.158932,-0.211852,0.248003,0.397525,-0.070214,#
15,-0.407685,-0.011714,0.431662,0.097121,-0.115268,-0.408248,0.203999,-0.056255,-0.0155,-0.233252,0.092027,-0.0155,-0.028444,-0.321798,-0.404476,1.0,0.375,0.536577,-0.403495,0.01576,-0.495382,-0.226089,0.092027,0.127481,-0.007573,0.203261,-0.24442,-0.245959,0.38805,-0.249944,0.092848,-0.018389,-0.115268,-0.327252,-0.012987,-0.25,0.148359,-0.181925,0.484404,0.0,-0.25,-0.678528,0.358712,-0.506723,-0.166667,0.128741,-0.539751,0.214701,0.234402,0.302756,-0.115268,0.171273,-0.249873,-0.274787,0.141384,-0.584341,0.445816,-0.23623,0.243532,-0.056255,-0.659741,0.696432,0.275507,-0.216574,0.557822,0.220043,0.049176,0.141108,-0.068168,0.184314,-0.044801,-0.051119,-0.25,-0.213717,0.102062,0.312112,0.398265,0.005615,-0.116524,-0.011485,-0.235648,0.322466,0.011355,0.218218,0.011355,-0.116524,0.011355,-0.365653,0.322466,0.482902,0.240681,0.322466,0.011355,0.150409,0.322466,-0.396416,0.398265,0.150409,0.322466,0.773845,-0.392926,-0.327161,-0.121211,0.493936,0.150409,0.505347,-0.327327,0.023057,-0.327161,0.2595,-0.611828,-0.166667,0.322466,0.087422,0.232049,-0.076919,0.207617,-0.09724,-0.406799,-0.082019,0.08046,0.666667,-0.213717,-0.497717,0.097222,-0.218238,-0.235648,0.157207,0.405953,-0.407971,-0.116524,-0.09724,-0.209192,-0.497717,0.240681,0.109195,-0.166667,0.0,-0.743099,0.322466,-0.249873,0.482902,-0.327327,0.157207,0.005615,0.184314,-0.166667,0.322707,0.240681,-0.326025,0.150409,0.150409,0.207617,0.375,0.2102,-0.407971,-0.416871,0.406541,0.240681,-0.25,0.14037,0.087422,-0.166667,-0.218238,-0.218238,-0.026958,-0.327154,-0.049553,0.218218,0.005615,-0.024953,0.224138,0.218218,-0.209192,-0.019428,0.150409,0.207617,0.186478,-0.130382,-0.365653,0.192055,-0.518482,-0.270062,-0.183915,-0.331516,-0.654463,-0.352017,-0.235648,0.110632,-0.502914,0.232049,0.081984,-0.23892,0.453639,0.221312,-0.405953,-0.407479,0.150409,0.377217,0.207617,#
16,-0.407685,0.495912,0.330807,0.116546,-0.095394,-0.408248,0.203999,0.084382,-0.0155,0.318071,-0.408118,-0.49988,0.113777,0.049507,0.132074,0.375,1.0,0.536577,0.16053,0.527969,0.02397,0.142534,0.092027,-0.403689,-0.499828,-0.326986,-0.468472,-0.245959,-0.112014,-0.249944,0.092848,0.349389,0.401452,0.211264,-0.012987,-0.25,-0.063582,-0.741696,-0.007569,0.0,0.375,-0.014751,0.273305,0.17239,-0.166667,-0.324236,-0.0635,0.049546,0.359975,0.324077,-0.115268,0.29361,0.392657,-0.165745,0.110648,0.174543,0.344494,-0.76353,0.291283,0.084382,0.172642,0.63254,0.130503,-0.758009,0.225785,-0.094304,-0.08494,-0.329252,-0.749845,0.184314,-0.492812,-0.562317,-0.25,-0.244248,-0.408248,-0.255364,0.369406,-0.499748,0.378702,0.476634,0.291459,0.291459,-0.017032,-0.327327,-0.017032,0.378702,-0.017032,-0.400812,0.291459,-0.022461,0.205287,0.291459,-0.017032,0.103406,0.291459,0.205287,0.369406,0.103406,0.291459,0.742388,-0.368672,0.197531,0.369406,0.465549,0.103406,0.476634,-0.327327,-0.495729,-0.327161,-0.324375,-0.121211,-0.166667,0.291459,0.582815,0.19689,-0.106503,0.742388,-0.12584,0.142057,-0.609282,0.08046,-0.166667,-0.244248,-0.005787,-0.111111,-0.763827,0.291459,-0.057166,-0.17398,0.087422,0.378702,-0.12584,-0.239956,-0.005787,0.205287,0.08046,-0.166667,0.0,-0.085489,0.291459,0.356961,-0.022461,-0.327327,-0.057166,-0.499748,0.184314,-0.166667,0.291069,0.205287,0.228218,0.103406,0.103406,0.742388,-0.25,0.135128,0.087422,0.133713,0.375742,0.205287,0.375,0.108467,0.582815,-0.166667,-0.763827,-0.763827,0.44481,0.207617,-0.080523,-0.327327,-0.022461,-0.524018,0.310345,-0.327327,-0.239956,-0.051808,0.103406,0.207617,-0.366049,0.349973,-0.400812,0.15649,-0.059067,0.270062,-0.238008,-0.366049,-0.70121,0.150865,0.291459,-0.407955,-0.536442,-0.400812,0.047824,-0.785024,-0.057504,0.303279,-0.405953,-0.439819,0.103406,0.094304,0.742388,#
17,-0.810201,-0.170102,0.440952,0.474035,-0.033492,-0.470566,-0.211152,0.214648,0.159872,-0.254866,-0.397579,-0.256595,0.273593,-0.621019,-0.001969,0.536577,0.536577,1.0,-0.33558,0.136558,-0.555122,-0.329364,-0.050254,-0.363128,-0.179399,0.226912,0.05926,-0.011367,-0.042296,-0.087348,-0.332137,-0.145813,-0.378527,0.240055,-0.116655,0.019873,-0.311685,-0.159079,-0.179297,0.0,0.019873,-0.395156,0.63514,0.247084,-0.33122,0.203163,-0.145377,-0.04595,-0.191324,0.192875,-0.033492,0.400668,0.034619,0.158453,0.33717,-0.223809,0.01482,-0.261895,0.515482,0.214648,-0.365642,0.356548,0.208634,-0.289575,0.315151,-0.45129,0.180886,0.132362,-0.350057,0.260193,0.110402,-0.215373,-0.079493,-0.266484,-0.048679,0.177864,0.454242,-0.157566,0.036588,-0.185793,-0.182887,0.27852,-0.1715,0.164794,-0.1715,-0.046777,-0.1715,-0.443828,-0.182887,0.237019,-0.036577,0.189788,-0.1715,0.314604,-0.182887,-0.036577,0.454242,0.314604,-0.182887,0.702173,-0.441915,-0.216397,0.024777,0.649893,0.314604,0.241485,-0.199488,-0.127385,-0.190881,0.227943,-0.463418,-0.33122,0.27852,0.008339,0.050308,-0.355112,0.702173,-0.045015,-0.303871,-0.339035,0.020558,0.357718,-0.266484,0.138017,0.285954,-0.251552,-0.182887,0.407851,0.00461,0.032431,0.386721,0.380582,0.201508,-0.151819,0.490128,0.020558,-0.33122,0.0,-0.528503,0.27852,0.005108,-0.180777,-0.199488,0.407851,-0.157566,0.260193,-0.33122,0.334997,0.064713,-0.18971,-0.250338,-0.384848,0.234058,0.019873,0.041773,0.032431,-0.618372,0.436281,0.064713,0.019873,0.202373,0.008339,-0.33122,-0.251552,-0.251552,0.148938,-0.208051,0.073858,-0.199488,0.156674,0.137861,-0.256297,-0.199488,-0.168249,-0.189961,0.314604,-0.208051,0.149883,-0.052913,-0.021241,0.154367,-0.205556,0.520241,-0.347439,-0.278355,-0.362689,0.141628,0.189788,-0.035728,-0.627922,-0.021241,-0.420358,-0.269693,0.141197,0.514097,-0.407222,-0.397955,0.314604,0.084461,0.234058,#
18,0.525615,0.818349,-0.599236,0.168887,0.28958,-0.19838,-0.029576,-0.222592,-0.352187,0.532863,0.157903,-0.352187,-0.455626,0.210499,0.508986,-0.403495,0.16053,-0.33558,1.0,0.016547,0.793712,0.172045,-0.311501,0.215707,-0.00368,-0.009356,-0.264053,-0.02174,-0.261671,0.171134,0.262649,0.530797,0.666214,-0.0422,-0.255353,-0.403494,0.053088,-0.496821,0.023906,0.0,0.724555,0.138747,-0.404127,0.572877,0.483036,-0.109561,-0.041877,-0.245824,0.138964,0.138608,-0.266403,0.050105,0.597809,0.203697,0.257528,0.106546,0.151926,-0.337711,-0.581088,-0.222592,0.25831,-0.320232,-0.360612,0.071037,-0.085629,0.013638,-0.159591,-0.441614,-0.190467,-0.424985,-0.466243,-0.011533,0.052064,0.132993,-0.286942,-0.322462,-0.166082,-0.106901,0.185539,0.349707,0.52099,0.017327,0.336576,-0.528298,0.336576,0.185539,0.425253,0.375133,0.52099,-0.438226,-0.185873,0.017327,0.336576,-0.519936,0.52099,0.389068,-0.166082,0.243572,0.52099,-0.045421,0.405946,0.851768,0.302714,-0.370865,-0.373108,-0.027008,-0.130654,-0.051819,-0.163797,-0.208287,0.174496,0.483036,0.017327,0.170936,-0.039783,0.607995,-0.045421,0.290756,0.317804,-0.253366,-0.281563,-0.268996,0.132993,0.020288,-0.436034,-0.342762,0.114185,-0.585833,-0.220413,0.1325,-0.196661,-0.173818,0.007261,0.020288,-0.185873,0.249048,-0.268996,0.0,0.344774,0.017327,0.144341,-0.350522,-0.130654,0.06523,-0.106901,-0.424985,-0.268996,-0.131995,-0.185873,-0.026027,0.243572,0.243572,-0.045421,-0.403494,-0.076346,0.1325,0.443769,-0.396276,-0.185873,0.594395,-0.325435,0.170936,-0.268996,-0.342762,-0.342762,0.427848,0.738528,0.337109,-0.130654,-0.375859,-0.008878,0.580183,0.361667,0.506981,0.001236,0.243572,-0.15679,-0.53446,0.269503,0.375133,-0.550446,0.355138,0.092955,0.436335,-0.067002,0.227159,0.317674,-0.389478,0.055559,-0.047712,-0.164258,0.147735,0.02784,-0.441538,-0.253064,0.203639,0.157821,-0.519936,-0.128201,-0.045421,#
19,-0.41926,0.223517,-0.019583,-0.380215,-0.042848,-0.038605,-0.214472,-0.359956,-0.262241,0.169769,-0.400552,-0.230484,0.275247,0.323023,0.32992,0.01576,0.527969,0.136558,0.016547,1.0,0.211302,-0.305662,0.353636,-0.02277,-0.589135,-0.649326,-0.116206,-0.015145,-0.051574,-0.090527,-0.196085,0.632229,0.462057,0.26741,-0.121985,-0.496448,0.038524,-0.384792,-0.588798,0.0,0.01576,-0.028129,0.179966,-0.084142,-0.330965,-0.155406,-0.118092,0.226797,0.383013,0.179167,-0.059135,0.001542,0.527699,-0.265892,-0.444875,0.124146,0.452868,-0.686503,0.514459,-0.359956,0.298131,0.324646,-0.364733,-0.760475,0.320677,0.098093,0.043401,-0.797639,-0.61882,0.287879,-0.63029,-0.98774,-0.082741,-0.258873,-0.038605,-0.749215,0.031293,-0.171151,0.44901,0.647831,0.256257,0.256257,0.233715,-0.28889,0.233715,0.796097,0.233715,-0.46457,0.256257,-0.171151,0.461208,0.625689,0.233715,0.276457,0.256257,0.461208,0.031293,0.276457,0.256257,0.226865,-0.433942,-0.219671,0.031293,0.233715,0.276457,0.647831,-0.185715,-0.653732,0.253137,0.114514,0.37515,-0.330965,0.256257,0.448244,-0.46457,0.067327,0.226865,-0.038043,0.182364,-0.353074,0.030252,-0.330965,-0.258873,0.14539,-0.542415,-0.691331,0.256257,0.053156,-0.400327,0.448244,0.796097,-0.038043,0.179973,-0.141924,0.461208,0.030252,0.378246,0.0,0.041664,0.256257,0.547952,-0.171151,-0.185715,0.053156,-0.171151,0.287879,0.378246,-0.455142,0.039494,0.306239,-0.283569,0.276457,0.708756,0.035461,-0.507806,0.448244,0.518409,0.046209,0.039494,0.527968,-0.263259,0.448244,0.378246,-0.691331,-0.691331,0.554028,0.226865,-0.378574,-0.185715,0.163364,-0.663052,-0.193471,-0.650003,-0.186567,-0.620346,0.276457,0.708756,-0.308915,0.359707,-0.045659,0.119056,-0.211422,-0.078031,-0.390793,-0.308915,-0.394898,0.57698,0.625689,-0.070179,-0.203964,-0.045659,-0.003015,-0.698221,-0.286382,0.281876,-0.806139,-0.824459,0.276457,0.528117,0.226865,#
20,0.367266,0.587053,-0.435283,0.03104,-0.036586,0.039143,-0.189347,-0.093491,-0.571924,0.200601,-0.056777,-0.153322,-0.292723,0.365503,0.354044,-0.495382,0.02397,-0.555122,0.793712,0.211302,1.0,0.211748,-0.489003,0.334093,-0.250994,-0.170597,-0.052078,-0.059597,-0.461052,0.033762,0.441162,0.627677,0.822165,0.263726,-0.348093,-0.495382,0.086252,-0.363472,-0.140786,0.0,0.543322,0.192344,-0.204996,0.318222,0.362215,-0.261504,0.00203,-0.148146,0.337386,-0.250489,-0.465961,0.215828,0.426679,-0.186239,-0.362278,0.222167,0.340665,-0.145876,-0.521634,-0.093491,0.353919,-0.382267,-0.220285,-0.220111,0.090838,0.152708,-0.388344,-0.463009,0.061003,-0.268534,-0.527874,-0.123078,0.02397,0.288829,0.039143,-0.58374,0.058662,0.154695,0.387307,0.586573,0.65483,0.191058,0.568668,-0.648607,0.568668,0.387307,0.568668,0.477791,0.65483,-0.150388,-0.034389,0.191058,0.568668,-0.380962,0.65483,0.495016,0.058662,0.322075,0.65483,-0.20389,0.503559,0.711014,0.490329,-0.164395,-0.380962,0.157105,0.258048,-0.29329,0.148753,-0.35248,0.372266,0.362215,0.191058,0.474985,0.095738,0.785535,-0.20389,0.474579,0.522943,-0.012732,0.051063,-0.330255,0.288829,0.288178,-0.388848,-0.153448,0.191058,-0.640834,-0.480668,0.355773,-0.048413,0.0468,0.177371,0.288178,-0.034389,0.456993,0.362215,0.0,0.33922,0.191058,0.543045,-0.150388,0.258048,0.101401,0.154695,-0.268534,0.362215,-0.416191,-0.034389,0.302175,0.322075,0.322075,0.266625,0.02397,0.071019,0.355773,0.513825,-0.605951,-0.034389,0.423472,-0.103183,0.474985,0.362215,-0.153448,-0.153448,0.146901,0.608452,0.469969,0.258048,-0.173718,-0.157109,0.300867,0.258048,0.637511,-0.150264,0.322075,0.164077,-0.639249,-0.05439,0.477791,-0.65837,0.170322,-0.025894,0.337464,-0.208815,0.301798,0.135925,-0.272714,-0.068064,0.171447,-0.018878,-0.060265,-0.242168,-0.559106,-0.001571,0.079082,0.04217,-0.380962,0.084391,-0.20389,#
