0,1.0,0.612738,0.213238,0.212821,0.447942,0.204229,0.169109,0.381823,0.306472,0.286066,0.082709,0.246208,0.156237,0.638867,-0.043535,-0.082937,-0.16886,0.246628,0.511666,0.035692,-0.094315,0.134808,0.306472,0.286066,-0.32996,-0.427469,0.369222,0.194894,0.343209,0.646463,-0.361202,0.351115,0.0,-0.332455,-0.064042,-0.384991,-0.54214,0.027353,4.7e-05,0.241263,0.16689,0.308111,0.477895,0.213021,-0.332455,-0.79794,0.555724,0.507388,-0.240202,0.080439,-0.206045,0.146701,-0.061957,0.05705,-0.30401,0.20358,-0.023195,-0.441736,0.243316,0.349889,0.229826,0.287919,-0.152262,0.346549,0.451607,0.638867,-0.048992,0.393072,-0.091478,0.777002,0.098192,0.08524,0.0,0.203908,-0.19359,0.296524,-0.19359,0.003888,-0.254884,0.437107,-0.585736,-0.025734,0.00135,0.471756,0.015745,-0.044247,0.220706,-0.059058,0.420815,-0.254884,-0.274491,-0.254884,-0.554132,0.325559,0.181219,-0.064417,0.48717,-0.048821,-0.275212,-0.184309,-0.234934,-0.640541,0.203908,-0.045416,-0.646514,0.203908,-0.167868,-0.352903,-0.19359,0.024844,0.536073,0.33761,-0.254884,-0.430217,-0.588464,-0.447528,-0.198666,-0.009136,0.252244,-0.554132,-0.198666,-0.38298,-0.239704,-0.359583,-0.101257,0.341085,-0.432918,-0.461043,0.777002,-0.332455,0.203908,-0.171525,-0.570639,0.227852,-0.492278,-0.03479,0.0,-0.636557,-0.317203,-0.194784,0.20817,-0.574479,-0.652585,-0.461043,-0.353533,0.634203,-0.652585,0.200206,-0.41506,-0.023361,-0.420178,-0.207779,0.018215,-0.061946,-0.026961,-0.061946,0.554668,0.124299,-0.194784,0.17333,-0.57013,-0.213871,-0.030089,0.028703,-0.097605,-0.046654,0.227986,0.586406,-0.457202,-0.26303,-0.149204,0.359169,-0.498683,-0.009136,0.570942,0.275658,-0.001918,0.03027,0.482485,-0.487226,-0.1628,0.202232,-0.316914,0.242919,0.415837,0.09612,0.393534,0.254556,-0.398092,0.378871,0.145335,0.041032,0.655544,0.379776,-0.06238,-0.16065,0.482485,-0.223514,-0.638422,-0.332455,#
1,0.612738,1.0,0.017753,-0.077579,0.728299,0.261104,0.661897,0.387772,0.422898,0.499168,-0.041797,0.109453,0.180647,0.44045,0.200783,-0.114796,-0.427523,0.460871,0.375135,0.243584,-0.318928,0.470144,0.422898,0.499168,-0.529941,-0.085827,0.508601,0.203929,0.258346,0.523706,-0.727043,0.516594,0.0,-0.217869,-0.216214,-0.533207,0.198404,0.070303,5e-05,0.023471,-0.232802,0.56379,0.287404,0.448152,-0.217869,-0.777345,0.652259,0.689321,0.480677,0.187462,0.327105,-0.148424,0.505826,-0.435763,0.372585,0.389619,0.168235,-0.20184,0.091167,0.321764,-0.079191,0.486713,0.10638,0.551245,0.18133,0.44045,0.318668,0.074449,0.21584,0.349048,0.446287,-0.22357,0.0,-0.138474,-0.27264,0.125159,-0.27264,0.041802,-0.138474,0.041802,-0.653101,0.010104,-0.398098,0.229203,-0.413502,0.057651,-0.112213,0.010104,0.033629,-0.138474,-0.08812,-0.138474,-0.653101,0.453231,0.353926,0.301301,0.159529,0.194567,0.149808,-0.268286,-0.476697,-0.27264,-0.138474,0.320676,-0.582348,-0.138474,-0.476065,-0.799791,-0.27264,-0.136102,0.589358,0.554325,-0.138474,-0.409827,-0.326899,-0.141784,-0.252922,-0.269674,0.151613,-0.653101,-0.252922,-0.363168,-0.257457,-0.533305,-0.256038,0.465967,-0.094881,-0.084302,0.349048,-0.217869,-0.138474,-0.427669,-0.269674,0.066949,0.010104,-0.12615,0.0,-0.268286,0.185467,-0.582348,-0.003075,-0.21925,-0.42766,-0.084302,-0.579749,0.235275,-0.42766,0.313911,-0.899703,-0.12023,0.075416,-0.257457,-0.326637,0.178954,-0.326899,0.178954,0.63091,0.396068,-0.582348,0.526835,-0.178143,0.077489,0.174521,0.42313,0.229203,0.168243,0.01389,0.63091,-0.12023,-0.011225,-0.656326,0.010799,-0.326804,-0.269674,0.641394,0.075416,-0.12615,-0.350233,0.279821,-0.624077,-0.192827,0.19031,-0.244976,0.032507,0.061745,0.055949,0.341913,0.062376,-0.375991,0.518692,0.353926,-0.327636,0.396899,0.029282,0.483256,-0.48757,0.279821,-0.104905,-0.425618,-0.217869,#
2,0.213238,0.017753,1.0,0.446933,0.200657,-0.653529,-0.242942,-0.090522,0.134867,-0.218168,-0.208701,0.053396,0.213621,-0.064644,-0.327179,-0.343656,-0.42811,0.016136,0.420469,0.266673,0.117235,-0.413183,0.134867,-0.218168,-0.071991,-0.10316,0.541322,-0.653668,-0.517507,0.52372,-0.130493,0.499991,0.0,-0.218168,-0.351102,-0.533939,0.04997,0.071769,5e-05,0.041582,0.561999,0.002859,-0.267422,-0.546258,-0.218168,-0.270106,0.193778,0.136419,-0.332175,-0.487778,-0.703709,-0.231885,0.077698,0.333166,-0.09535,-0.067123,0.154656,-0.372863,-0.550521,-0.530174,-0.481877,-0.262108,-0.351938,-0.171326,-0.113126,-0.064644,-0.09921,-0.066677,-0.186436,0.083119,0.34432,0.38479,0.0,0.415992,0.162212,-0.524723,-0.25781,0.051779,-0.094544,0.533858,0.219003,0.051779,0.094961,0.32636,0.069895,0.121214,0.404167,0.533858,0.086691,-0.094544,-0.02101,-0.094544,-0.238193,0.095287,-0.079257,0.344729,0.770047,0.227452,0.191356,0.171731,0.04238,0.162212,0.415992,0.331192,-0.10943,0.415992,-0.049275,0.08665,0.162212,0.318669,0.234337,-0.218168,-0.094544,0.50851,0.302994,-0.126323,-0.228269,-0.193639,0.190905,-0.238193,-0.228269,-0.369506,0.228731,-0.107194,-0.351102,0.104213,-0.100882,-0.56884,0.083119,-0.218168,0.415992,-0.428256,-0.193639,0.108423,0.051779,0.374663,0.0,0.171731,0.239379,0.393247,0.99919,0.034324,0.032525,-0.56884,-0.47969,0.455595,0.032525,0.002075,-0.140652,0.388204,-0.571336,-0.233103,0.770691,-0.326546,0.302994,-0.326546,0.217998,-0.13978,0.393247,0.060732,-0.632206,0.070829,0.74935,-0.208954,0.32636,-0.355577,-0.427769,-0.241124,-0.094568,0.005412,-0.234223,-0.238264,-0.327252,-0.193639,0.217864,0.202979,-0.100882,-0.367509,-0.219018,-0.39355,0.159978,-0.657225,-0.247092,-0.435173,0.061829,0.377971,0.342382,-0.509969,-0.376507,0.089962,0.439863,-0.344997,-0.05145,0.029322,-0.058607,-0.506475,-0.219018,-0.094544,0.149683,-0.218168,#
3,0.212821,-0.077579,0.446933,1.0,0.327018,-0.698772,-0.260828,-0.364126,0.014299,0.218064,0.505562,-0.059537,0.214503,-0.473246,-0.2283,-0.328467,-0.077874,0.142301,0.284667,-0.158948,0.335583,-0.653411,0.014299,0.218064,0.136828,0.533293,-0.109461,-0.67078,-0.308311,-0.035217,0.375399,-0.094508,0.0,0.218064,-0.374107,-0.398304,-0.264998,-0.10094,-0.000101,0.409968,0.169452,-0.137456,0.189649,-0.49937,0.218064,-0.142657,-0.237534,-0.269071,-0.387324,-0.650783,-0.403507,0.284232,-0.107063,0.507824,0.010927,0.477784,-0.48088,0.104042,-0.280476,-0.459619,-0.39469,0.152394,-0.399965,-0.490085,-0.169031,-0.473246,0.075238,-0.217663,-0.497563,0.579663,0.003818,0.846652,0.0,0.995387,0.185282,-0.207426,-0.264935,-0.106844,0.478551,0.381184,0.225133,0.310892,0.342565,0.216663,-0.114188,-0.070694,0.063044,0.816994,-0.080108,0.478551,0.074441,0.478551,0.190849,-0.070593,0.019896,0.533738,0.348545,0.326909,0.186542,0.635437,0.378439,-0.247619,0.995387,0.108733,-0.002513,0.497693,-0.296893,0.34739,0.185282,0.515277,-0.209764,-0.508817,0.478551,0.355934,0.191436,0.069537,0.635437,0.232527,0.276228,0.190849,0.635437,-0.089476,0.219914,0.058658,0.150719,-0.079251,-0.342537,-0.225729,0.579663,0.218064,0.995387,-0.075173,-0.311325,-0.201089,0.328967,0.550951,0.0,0.197406,-0.033479,0.506367,0.446913,0.144335,0.428044,-0.225729,-0.215685,0.810672,0.428044,-0.490386,-0.10006,0.551479,-0.272258,0.185282,0.348486,-0.249593,0.735287,-0.249593,-0.224476,-0.593333,0.506367,-0.037852,-0.754554,-0.047497,0.326909,-0.527669,-0.334799,0.285747,0.408219,-0.258904,0.06275,-0.065749,-0.224288,-0.221104,-0.763225,0.232527,-0.224078,-0.243226,0.051707,-0.092241,-0.314633,0.138141,-0.684661,-0.239804,-0.547824,-0.079404,0.335624,-0.289731,0.086317,-0.228916,0.322559,-0.531052,0.058824,-0.534156,-0.428331,-0.199917,-0.167268,-0.441588,-0.314633,0.036157,-0.372208,-0.508817,#
4,0.447942,0.728299,0.200657,0.327018,1.0,0.002076,0.472607,0.097378,0.447016,0.682842,0.170145,-0.326725,0.488224,0.300118,0.375058,-0.488215,-0.32697,0.367811,0.295952,0.424834,-0.243916,0.046974,0.447016,0.682842,-0.4053,0.122046,0.355014,-0.010572,0.141191,0.193536,-0.323699,0.395361,0.0,-0.166627,-0.382746,-0.407798,0.15174,-0.125417,-1.5e-05,0.207471,-0.005595,0.431187,0.220138,0.305822,-0.166627,-0.594514,0.465474,0.527194,0.37864,-0.065864,0.194865,-0.320563,0.386857,-0.131794,0.262613,0.253124,-0.166633,0.291312,0.036568,0.0901,-0.259395,0.640084,0.081359,0.382802,0.265461,0.300118,0.601546,0.119389,0.164714,0.342914,0.341321,0.277261,0.0,0.253531,-0.049129,0.06214,-0.049129,-0.141058,0.253531,-0.141058,-0.499493,0.347129,-0.136298,0.175295,-0.154547,-0.122281,-0.267478,0.347129,-0.145538,0.253531,-0.243588,0.253531,-0.499493,0.346632,0.270683,0.580861,0.325919,0.367645,0.451378,-0.04391,0.21053,-0.049129,0.253531,0.069496,-0.271899,0.253531,-0.622989,-0.611681,-0.049129,0.062521,0.450742,-0.166627,0.253531,-0.15017,0.158469,0.055682,-0.025709,-0.406484,0.272673,-0.499493,-0.025709,-0.610815,-0.031142,-0.407873,0.230591,0.356372,-0.407367,-0.064474,0.342914,-0.166627,0.253531,-0.327082,-0.406484,0.051896,0.347129,0.074203,0.0,-0.04391,0.096387,-0.271899,0.175728,0.002643,-0.327075,-0.064474,-0.707706,0.265478,-0.327075,0.113285,-0.688095,0.081325,0.057679,-0.031142,-0.249812,0.348931,0.158469,0.348931,0.458278,0.166627,-0.271899,0.217381,-0.48285,-0.326641,0.343897,0.32361,0.175295,0.319191,0.195825,0.458278,0.081325,0.165988,-0.524351,-0.010696,-0.24994,-0.406484,0.478675,0.057679,0.074203,-0.627035,0.200052,-0.477295,-0.522652,-0.041184,-0.225401,-0.355275,-0.13873,-0.241136,0.069335,0.047705,-0.109808,0.384691,0.270683,-0.612233,0.291,-0.171348,0.307418,-0.762874,0.200052,-0.263473,-0.61736,-0.166627,#
5,0.204229,0.261104,-0.653529,-0.698772,0.002076,1.0,0.264983,0.447919,-0.028646,0.322751,0.047785,-0.161969,-0.174481,0.67678,0.503283,0.297839,0.208536,-0.254069,-0.106245,-0.042672,-0.487224,0.667075,-0.028646,0.322751,-0.053155,-0.405296,0.022245,0.996027,0.400671,-0.185434,-0.111962,0.058777,0.0,-0.332837,0.085871,0.401657,-0.216044,0.011505,-2.3e-05,-0.241003,-0.136936,0.097875,0.043411,0.688565,-0.332837,-0.012995,0.255551,0.300326,0.342692,0.922841,0.505597,-0.002559,0.036258,-0.574646,-0.203686,-0.204927,0.045387,0.088617,0.357417,0.508145,0.599958,0.37657,0.562648,0.738513,0.357016,0.67678,-0.004074,0.289782,0.24562,-0.184216,-0.123962,-0.576058,0.0,-0.688665,-0.199906,0.309586,0.221771,0.017751,-0.239786,-0.406108,-0.580296,-0.01123,-0.045773,-0.01459,0.015844,0.003261,-0.202721,-0.842647,0.005737,-0.222521,-0.241704,-0.222521,-0.209236,0.003256,0.218851,-0.425657,-0.498179,-0.022451,-0.185862,-0.601558,-0.215997,-0.168671,-0.688665,-0.401475,-0.19492,-0.239786,-0.137681,-0.404484,-0.184288,-0.405966,0.216474,0.373181,-0.239786,-0.80416,-0.492254,-0.395601,-0.236339,-0.023544,0.009368,-0.209236,-0.236339,-0.006044,-0.213788,-0.00529,0.049459,-0.001097,0.004646,0.294001,-0.184216,-0.332837,-0.688665,0.203961,-0.003924,0.37029,-0.402485,-0.442058,0.0,-0.569952,-0.362141,-0.63689,-0.652605,-0.520714,-0.653334,0.294001,0.300428,-0.448484,-0.653334,0.256062,-0.020827,-0.436803,0.342147,0.161036,-0.499001,0.483083,-0.511875,0.503063,0.233304,0.364841,-0.63689,0.21938,0.332227,-0.191127,-0.498969,0.352589,0.0252,0.009301,0.186902,0.605927,-0.012335,-0.190445,0.196362,0.373584,0.503038,-0.043165,0.237075,0.342147,0.37809,0.023195,0.477086,-0.124592,0.27852,0.596929,0.355383,0.229657,-0.383492,-0.132644,-0.373766,0.320524,-0.020628,0.432919,-0.202466,0.413822,0.650944,0.079304,0.114543,0.241098,0.477086,-0.191829,-0.351831,0.347966,#
6,0.169109,0.661897,-0.242942,-0.260828,0.472607,0.264983,1.0,0.457334,0.760852,0.327596,0.054224,-0.158147,0.200688,0.26436,0.510686,-0.10829,-0.652806,0.236428,0.044572,0.48393,0.070632,0.67665,0.760852,0.327596,-0.419228,0.009011,0.42145,0.219437,0.376559,0.222958,-0.547074,0.437018,0.0,0.302201,0.082206,0.002836,0.432661,-0.419908,-4.6e-05,0.177887,-0.161929,0.502069,-0.033699,0.672569,0.302201,-0.322593,0.625171,0.698768,0.315681,0.144675,0.481895,-0.439432,0.42622,-0.531371,0.186306,0.19096,0.365696,0.06566,0.261667,0.441742,0.163608,0.356547,0.019839,0.302231,-0.153698,0.26436,-0.02994,-0.225973,0.573207,0.070554,0.302754,-0.525091,0.0,-0.295595,-0.253153,0.23576,-0.221695,-0.445312,-0.295595,-0.445312,-0.187547,-0.474501,-0.451688,-0.576177,-0.433958,0.012588,0.190475,-0.064033,-0.452582,0.173879,-0.249227,0.173879,-0.607971,0.786789,-0.276794,-0.04577,-0.050755,-0.018805,0.182483,-0.24457,-0.24546,0.171536,-0.295595,0.389425,-0.249385,-0.730292,-0.211272,-0.398051,0.171536,-0.448327,0.587171,0.378386,-0.295595,-0.458659,-0.061258,-0.048499,-0.230423,-0.008563,0.472516,-0.607971,-0.230423,-0.415693,0.185517,-0.81433,0.045534,-0.054406,-0.005309,0.293808,0.070554,-0.332675,-0.295595,-0.653029,-0.008563,-0.469593,0.379272,-0.034102,0.0,0.185152,0.240063,-0.249385,-0.261754,-0.16043,-0.221634,0.293808,-0.353003,-0.161475,-0.221634,0.573302,-0.464926,-0.433712,0.267527,-0.239171,-0.498758,-0.032868,-0.061258,0.510458,0.60744,0.705786,-0.249385,0.225931,0.138889,0.201411,-0.037263,0.297835,-0.035176,0.474876,-0.246133,0.185245,-0.433712,0.626716,-0.57991,0.227251,0.015237,-0.542098,0.621237,-0.391767,-0.439007,0.007819,0.476845,-0.543754,-0.130978,0.584177,-0.319152,0.210149,-0.009803,-0.381285,0.00932,0.246472,-0.429112,0.429632,0.200573,0.021771,0.227245,0.07415,0.854715,-0.181556,0.476845,0.204791,-0.115985,0.352991,#
7,0.381823,0.387772,-0.090522,-0.364126,0.097378,0.447919,0.457334,1.0,0.621726,0.38886,-0.209395,0.387772,0.413809,0.575818,0.602578,-0.314303,-0.533642,0.135636,-0.014666,0.05163,-0.011161,0.792722,0.621726,0.38886,-0.661482,-0.253133,0.675713,0.402375,0.362442,0.375961,-0.130958,0.691229,0.0,-0.271948,-0.178767,-0.225315,0.145008,-0.574535,-2.3e-05,-0.534095,-0.065165,0.636647,-0.113971,0.154176,-0.271948,-0.465068,0.837815,0.794276,-0.113559,0.363172,-0.198611,-0.022684,0.269722,-0.665282,-0.379156,-0.351344,0.75741,-0.520444,0.214248,0.512191,0.458649,0.448153,-0.183665,0.153786,0.238707,0.575818,-0.265574,0.156207,0.294183,0.111802,0.486259,-0.589177,0.0,-0.386712,-0.814124,0.15459,-0.38909,-0.587355,-0.839166,-0.160121,0.010736,-0.616568,-0.212497,-0.137254,-0.150389,0.663308,0.102838,-0.189334,-0.168151,-0.36931,0.046405,-0.36931,-0.815212,0.662359,-0.391838,-0.273526,0.116586,0.072624,0.002899,-0.814304,-0.285632,-0.38909,-0.386712,-0.249349,-0.779986,-0.386712,-0.248051,-0.15861,-0.38909,-0.665175,0.831537,0.439691,-0.839166,-0.577642,-0.117122,-0.664855,-0.446177,0.375097,0.141522,-0.815212,-0.446177,-0.595559,0.384018,-0.665681,-0.215468,0.231527,-0.261421,-0.439594,0.111802,-0.271948,-0.386712,-0.533824,0.375097,0.121112,-0.172902,0.131206,0.0,-0.384232,0.336403,-0.334497,-0.075923,-0.780001,-0.533813,-0.439594,0.215803,-0.071048,-0.533813,0.698727,-0.195918,0.142982,-0.436661,-0.450309,0.101792,0.058405,-0.117122,0.602172,0.832454,0.646341,-0.334497,0.345841,0.082693,-0.068091,-0.407688,0.425407,0.404187,0.092635,-0.126733,0.003026,-0.284866,-0.067435,-0.01166,0.17588,0.106746,-0.158872,0.809828,0.249563,-0.290238,0.228672,0.360134,-0.778984,0.454811,0.39243,-0.235261,-0.067585,-0.175613,0.074548,0.165661,0.23212,-0.607591,0.656778,0.545978,0.261475,0.505177,-0.088726,0.337485,0.114348,0.360134,-0.338373,0.000325,0.414276,#
8,0.306472,0.422898,0.134867,0.014299,0.447016,-0.028646,0.760852,0.621726,1.0,0.311475,-0.040069,-0.000949,0.522245,0.348243,0.487983,-0.440366,-0.782773,0.371093,0.157168,0.459614,0.431956,0.425914,1.0,0.311475,-0.550734,-0.090533,0.564326,-0.059596,0.42452,0.431129,-0.260156,0.567242,0.0,0.284153,0.016933,-0.097251,0.334059,-0.781057,-4.9e-05,0.110898,0.022108,0.535932,0.017659,0.325036,0.284153,-0.493304,0.778025,0.772716,-0.22476,-0.193272,-0.143231,-0.365536,0.128096,-0.230523,-0.182236,-0.186776,0.55739,-0.16699,0.31353,0.454982,0.284955,0.355169,-0.478935,-0.078409,0.008571,0.348243,-0.132575,-0.058939,0.613314,0.290282,0.293271,-0.247895,0.0,-0.018708,-0.395058,0.292242,-0.361212,-0.801983,-0.505105,-0.342698,0.110942,-0.660665,-0.18981,-0.514513,-0.170733,0.149955,0.318781,0.240242,-0.353372,-0.0,-0.151739,-0.0,-0.776969,0.98272,-0.670847,-0.149556,0.446961,-0.081672,0.073625,-0.385851,0.093662,0.061863,-0.018708,0.143349,-0.455578,-0.486397,-0.12452,-0.135878,0.061863,-0.582598,0.793169,0.065574,-0.505105,-0.192996,0.242368,-0.152376,-0.37063,0.091183,0.466688,-0.776969,-0.37063,-0.766977,0.516904,-0.976455,0.19448,0.080621,-0.27629,-0.249502,0.290282,-0.398907,-0.018708,-0.78304,0.091183,-0.49295,0.257906,0.316175,0.0,0.076485,0.369874,0.023331,0.129623,-0.290156,-0.318903,-0.249502,-0.289367,0.037991,-0.318903,0.783507,-0.180528,-0.106928,-0.35372,-0.380015,-0.050326,-0.096705,0.242368,0.487856,0.783085,0.758302,0.023331,-0.029988,-0.145722,-0.060033,-0.101531,0.231097,0.067548,0.457213,-0.345171,-0.108569,-0.566873,0.593961,-0.333353,0.391829,-0.045082,-0.482845,0.794355,-0.325347,-0.572522,0.103441,0.571925,-0.702419,-0.009112,0.344612,-0.372414,-0.02616,0.084374,-0.213556,0.160433,0.358265,-0.61204,0.565189,0.337325,0.123814,0.324775,0.172083,0.584259,-0.112342,0.571925,-0.149661,-0.013516,0.338798,#
9,0.286066,0.499168,-0.218168,0.218064,0.682842,0.322751,0.327596,0.38886,0.311475,1.0,0.479085,-0.217869,0.338217,0.213733,0.650799,-0.325555,-0.218033,0.245267,0.213718,-0.1655,-0.16265,0.263779,0.311475,1.0,-0.270265,0.420916,0.199581,0.306275,0.115035,-0.218165,0.20447,0.288929,0.0,-0.111111,-0.648485,-0.271931,0.101184,-0.407783,1.9e-05,-0.218218,-0.328182,0.287527,0.177947,0.217606,-0.111111,-0.396438,0.322751,0.351547,0.272419,0.296342,0.150424,0.208948,0.257966,-0.466946,0.16147,0.16879,-0.111116,0.210367,0.004132,0.117851,0.146754,0.993742,0.054253,0.269629,0.143516,0.213733,0.401127,-0.072319,0.075978,0.228664,0.227602,0.184885,0.0,0.169061,-0.332631,0.020923,-0.332631,-0.407076,0.169061,-0.407076,-0.333075,0.231475,0.213337,0.116891,-0.40728,0.231475,-0.506987,0.231475,-0.40686,0.169061,0.169061,0.169061,-0.333075,0.231144,0.180499,0.387333,-0.166307,0.641046,0.300991,-0.332704,0.161179,-0.332631,0.169061,-0.271611,-0.507699,0.169061,-0.883775,-0.407885,-0.332631,-0.271774,0.300567,-0.111111,0.169061,-0.407308,0.105672,-0.271643,0.28628,0.105672,0.181825,-0.333075,0.28628,-0.407308,0.279104,-0.271981,0.153765,0.237639,-0.271643,-0.042993,0.228664,-0.111111,0.169061,-0.218107,0.105672,0.0999,0.231475,0.358254,0.0,-0.332704,0.193857,-0.507699,-0.217859,-0.318689,-0.218103,-0.042993,0.025361,0.177028,-0.218103,0.075541,-0.45884,0.367694,0.038462,0.279104,-0.166582,0.616316,0.105672,0.616316,0.305592,0.111111,-0.507699,0.494036,-0.321977,-0.217813,-0.166571,0.215792,0.116891,0.609353,0.465621,0.305592,0.367694,-0.217758,-0.349651,-0.007133,-0.166667,0.105672,0.297731,0.038462,0.358254,-0.418124,0.108154,-0.318273,-0.348518,0.281799,-0.150303,-0.236907,-0.428904,-0.364163,-0.301393,0.031811,0.248334,0.234805,0.180499,-0.408254,0.171346,-0.464749,0.274626,-0.508705,0.108154,-0.507183,-0.620714,-0.111111,#
10,0.082709,-0.041797,-0.208701,0.505562,0.170145,0.047785,0.054224,-0.209395,-0.040069,0.479085,1.0,-0.523139,-0.349096,-0.287313,0.148629,0.287384,-0.042975,-0.243243,0.383844,-0.397392,0.239369,-0.186944,-0.040069,0.479085,0.578888,0.569105,-0.281326,0.07667,-0.264998,-0.52385,0.490966,-0.216735,0.0,0.450397,-0.413574,0.199109,-0.334056,-0.214412,2.6e-05,0.415049,-0.022572,-0.503323,0.071213,0.168118,0.450397,0.185378,-0.359104,-0.332905,-0.16996,0.140824,0.142189,0.428929,-0.227815,0.020656,0.04054,0.551284,-0.625414,0.332846,-0.23863,-0.334707,0.206432,0.468468,0.014708,0.020885,-0.463532,-0.287313,-0.201412,-0.571095,-0.21614,0.235416,-0.380402,0.443938,0.0,0.533618,0.375017,-0.174491,-0.354484,-0.215976,0.533618,-0.215976,-0.077592,0.212678,0.629429,-0.138074,-0.527279,-0.25101,0.068911,0.212678,-0.517994,0.533618,0.042559,0.533618,0.362163,-0.084991,0.063912,0.097026,-0.399331,0.518819,-0.077917,0.38875,0.164707,-0.069199,0.533618,0.12131,0.05845,0.042559,-0.498607,0.20188,0.375017,0.11,-0.372903,-0.266796,0.533618,-0.230751,-0.159235,-0.194854,0.80427,0.398832,0.585041,0.362163,0.80427,0.224279,0.341454,0.08828,0.12497,-0.544195,0.098901,0.422186,0.235416,-0.266796,0.533618,-0.045582,-0.159235,-0.332732,0.212678,0.521746,0.0,-0.06073,-0.302359,0.05845,-0.204371,-0.12912,0.276577,0.422186,0.252425,0.425072,0.276577,-0.396547,0.053309,0.074916,0.285994,0.78567,-0.044853,0.126038,0.398832,0.126038,-0.370833,-0.354403,0.05845,0.286481,-0.510046,0.254941,-0.023328,-0.700761,-0.70395,0.690435,0.432014,0.070775,0.074916,-0.036329,-0.350119,0.15414,-0.400193,0.398832,-0.364685,-0.458782,0.521746,-0.077095,0.053588,0.3174,-0.52817,0.508325,-0.268505,0.412126,-0.088591,-0.69232,-0.666475,-0.206153,0.656778,-0.528575,-0.435404,-0.101894,-0.252166,-0.135223,0.251103,-0.274303,0.053588,0.079661,-0.586362,-0.266796,#
11,0.246208,0.109453,0.053396,-0.059537,-0.326725,-0.161969,-0.158147,0.387772,-0.000949,-0.217869,-0.523139,1.0,0.180647,0.009852,-0.326731,-0.114796,0.001452,0.461587,-0.121343,-0.324516,0.100926,0.16412,-0.000949,-0.217869,-0.529941,-0.13608,0.150555,-0.208557,0.258346,0.559571,-0.194162,0.099759,0.0,-0.217869,0.172075,-0.533207,0.028063,0.070303,5e-05,-0.427886,-0.323157,0.452459,0.286615,-0.452722,-0.217869,-0.425923,0.261104,0.157342,-0.201535,-0.260486,-0.373982,0.387482,0.076215,-0.028273,-0.041322,-0.046084,0.526761,-0.753353,0.195767,0.321764,-0.009039,-0.204338,-0.418785,-0.395138,0.247485,0.009852,-0.115784,0.296686,-0.192181,0.352595,0.328784,-0.222765,0.0,-0.057698,-0.65223,0.205136,-0.248916,0.066567,-0.548651,0.530155,0.185822,-0.37721,-0.348035,0.322286,0.061135,0.530155,-0.041495,0.086378,0.516984,-0.548651,0.412275,-0.548651,-0.253838,0.109005,-0.063148,-0.098593,0.242086,-0.326616,-0.234542,-0.24428,-0.476697,-0.65223,-0.057698,-0.081804,-0.556526,-0.057698,0.254633,0.053103,-0.65223,-0.111302,0.247758,0.554325,-0.548651,0.069406,-0.2351,-0.117356,-0.24428,0.299002,-0.526557,-0.253838,-0.24428,0.049965,-0.20811,-0.123441,-0.385468,0.542945,-0.094881,-0.639202,0.352595,0.47159,-0.057698,0.006435,0.299002,0.147948,-0.37721,-0.075338,0.0,-0.24428,0.350593,-0.073129,0.069024,-0.193897,0.014783,-0.639202,0.170903,0.23927,0.014783,0.173781,-0.168932,0.352952,-0.546688,-0.65223,0.226224,-0.326099,-0.2351,-0.326099,0.264115,0.052399,-0.073129,0.067277,0.251787,0.077489,-0.326616,0.279937,0.322286,-0.318952,0.023432,-0.177397,-0.111302,-0.426985,0.196888,-0.2043,-0.326804,0.299002,0.234953,0.197928,-0.532643,0.50517,-0.198265,-0.204405,0.262688,-0.189684,-0.198788,0.061353,0.504603,0.591408,0.799558,0.183969,-0.392273,0.107433,0.436061,0.111463,-0.032988,0.047029,-0.297099,0.410841,-0.198265,-0.078678,0.359993,-0.217869,#
12,0.156237,0.180647,0.213621,0.214503,0.488224,-0.174481,0.200688,0.413809,0.522245,0.338217,-0.349096,0.180647,1.0,0.222712,0.526937,-0.975844,-0.251954,0.265175,-0.407679,0.499683,-0.094484,0.157776,0.522245,0.338217,-0.810113,-0.024637,0.4145,-0.177298,0.322046,0.202576,0.012108,0.43207,0.0,-0.333053,-0.102993,-0.367893,0.19903,-0.454049,4.7e-05,-0.231556,0.150528,0.79371,-0.059512,-0.206014,-0.333053,-0.346098,0.587776,0.591304,0.003118,-0.320782,-0.227776,-0.414847,0.405864,-0.119766,-0.290325,-0.32553,0.351138,0.096694,0.261994,0.290273,-0.252215,0.316305,-0.158839,-0.203754,0.528642,0.222712,0.373284,0.459395,0.034346,0.240427,0.610308,0.025852,0.0,0.158116,-0.641693,0.186208,0.167642,-0.455142,-0.301501,-0.021143,0.214417,-0.069366,-0.424062,-0.05138,0.382602,0.444384,-0.201437,0.364633,-0.032767,0.175794,-0.234719,0.175794,-0.624607,0.420598,-0.280806,0.373029,0.488046,-0.011377,0.592089,-0.255656,0.460463,-0.209929,0.158116,-0.437359,-0.25412,0.158116,-0.180658,0.010372,-0.209929,-0.048477,0.63077,-0.333053,-0.301501,-0.044227,0.462957,-0.059552,-0.241273,0.016518,-0.028204,-0.624607,-0.241273,-0.834134,0.220057,-0.431553,0.38168,0.380071,-0.814244,-0.468533,0.240427,0.312399,0.158116,-0.247375,0.016518,0.178741,0.381325,-0.00558,0.0,0.181224,0.290336,0.198422,0.208544,-0.172027,-0.239555,-0.468533,-0.320284,0.029543,-0.239555,0.269855,-0.211459,0.401003,-0.386675,-0.627479,0.018248,-0.025687,0.462957,0.52669,0.601238,0.198998,0.198422,-0.22349,-0.102374,-0.65289,-0.030143,0.568038,0.498633,-0.042978,0.181744,-0.241322,-0.033618,0.209402,0.173553,-0.200376,0.023236,-0.525905,0.590281,0.310413,-0.433696,-0.028558,-0.031234,-0.561132,-0.175394,-0.217646,-0.362387,-0.655076,-0.046841,-0.10829,0.376733,0.289015,-0.444535,0.398082,0.671858,-0.385775,0.194015,-0.377551,-0.042689,-0.223451,-0.031234,-0.232755,-0.094576,0.364035,#
13,0.638867,0.44045,-0.064644,-0.473246,0.300118,0.67678,0.26436,0.575818,0.348243,0.213733,-0.287313,0.009852,0.222712,1.0,0.341735,-0.086908,-0.048224,0.051541,0.156168,0.313957,-0.321,0.466238,0.348243,0.213733,-0.402851,-0.792369,0.391739,0.672316,0.561028,0.438773,-0.37684,0.383841,0.0,-0.507963,0.160166,0.0957,-0.280362,-0.093887,0.0001,-0.089041,0.166934,0.362021,0.214175,0.546684,-0.507963,-0.519396,0.67678,0.66802,0.012291,0.509083,0.016493,-0.25362,-0.063821,-0.222975,-0.435096,-0.449075,0.269257,-0.21005,0.478198,0.635933,0.510686,0.262807,0.15993,0.64327,0.685132,1.0,0.069305,0.644115,0.387895,0.18137,0.035253,-0.377522,0.0,-0.487808,-0.261804,0.447958,0.202394,-0.100299,-0.487808,-0.100299,-0.620657,-0.132203,-0.115796,0.196137,0.339637,-0.048455,0.039462,-0.580857,0.344494,-0.468803,-0.418121,-0.468803,-0.654697,0.349848,0.024264,-0.403316,0.300357,-0.236939,-0.232702,-0.699523,-0.058915,-0.227419,-0.487808,-0.382916,-0.445576,0.006335,0.017305,-0.515061,-0.244611,-0.393785,0.672621,0.269248,-0.487808,-0.554944,-0.344862,-0.388186,-0.684059,-0.308864,0.050457,-0.654697,-0.684059,-0.525592,-0.212136,-0.352346,0.120083,0.353884,-0.340978,-0.289634,0.18137,-0.507963,-0.487808,-0.053356,-0.287265,0.408461,-0.562911,-0.37245,0.0,-0.66473,-0.288152,-0.445576,-0.069685,-0.570976,-0.997093,-0.289634,-0.18817,-0.163631,-0.997093,0.584722,-0.110807,-0.359838,-0.24053,-0.246521,-0.205103,0.319909,-0.366461,0.341904,0.675801,0.570952,-0.445576,-0.036359,-0.044494,-0.487909,-0.257114,0.491449,0.239939,-0.208942,-0.07182,0.641618,-0.359838,-0.068627,0.208481,0.564318,0.341418,-0.330463,0.696095,0.508924,0.070123,-0.068265,0.728608,-0.542658,0.321043,0.23967,0.246211,-0.019988,-0.09429,0.188053,0.108068,0.476023,-0.542074,0.832177,0.062914,0.37736,0.993892,0.406136,-0.043293,0.093847,0.728608,-0.435015,-0.357834,0.241491,#
14,-0.043535,0.200783,-0.327179,-0.2283,0.375058,0.503283,0.510686,0.602578,0.487983,0.650799,0.148629,-0.326731,0.526937,0.341735,1.0,-0.488224,-0.326976,-0.205341,-0.342806,0.316745,-0.243921,0.644653,0.487983,0.650799,-0.405307,0.102065,0.376508,0.500004,0.205065,-0.327175,0.18066,0.453005,0.0,-0.16663,-0.308532,0.136782,0.218963,-0.611539,-2.8e-05,-0.327254,0.055639,0.475128,-0.364327,0.347649,-0.16663,0.030447,0.503283,0.570522,0.253222,0.46481,0.257508,-0.345447,0.429247,-0.700263,-0.268305,-0.262681,0.257811,0.340592,0.132455,0.266773,0.220082,0.672178,0.2886,0.292402,0.163015,0.341735,0.087229,0.023094,0.245863,-0.203002,0.387696,-0.367026,0.0,-0.263103,-0.498835,0.031378,0.026938,-0.610478,-0.263103,-0.610478,0.020991,-0.140706,-0.154205,-0.420053,-0.077377,0.408115,-0.18412,-0.140706,-0.610155,0.318115,-0.263103,0.318115,-0.499502,0.407531,-0.254636,0.077185,-0.249406,0.344351,0.511899,-0.498945,0.274119,0.026938,-0.263103,-0.407327,-0.189108,-0.263103,-0.504194,-0.082532,0.026938,-0.40757,0.511178,-0.16663,-0.263103,-0.610826,0.231864,-0.407374,-0.043567,0.231864,0.347764,-0.499502,-0.043567,-0.610826,0.476982,-0.40788,0.281671,-0.135964,-0.407374,0.154498,-0.203002,-0.16663,-0.263103,-0.327088,0.231864,0.098936,0.408115,0.056032,0.0,0.033059,0.122422,-0.189108,-0.326716,-0.477927,-0.327081,0.154498,0.134911,-0.349271,-0.327081,0.325911,-0.103867,0.062877,0.155626,-0.048791,-0.249817,0.326359,0.231864,0.999006,0.493132,0.395171,-0.189108,0.19684,0.077613,-0.326647,-0.249801,0.390906,0.249716,0.337058,0.17611,-0.029554,0.062877,0.249308,-0.009417,0.016549,0.386706,-0.428663,0.479947,0.155626,0.056032,-0.110782,0.201541,-0.477304,0.016602,0.454737,-0.170724,-0.321132,-0.610446,-0.546124,-0.418127,0.144918,-0.128736,0.385976,0.336353,-0.092415,0.292341,-0.492127,0.448021,-0.202348,0.201541,-0.179388,-0.279273,0.682238,#
15,-0.082937,-0.114796,-0.343656,-0.328467,-0.488215,0.297839,-0.10829,-0.314303,-0.440366,-0.325555,0.287384,-0.114796,-0.975844,-0.086908,-0.488224,1.0,0.280593,-0.172234,0.377139,-0.484914,0.114218,-0.053898,-0.440366,-0.325555,0.720613,-0.086571,-0.441744,0.296333,-0.112764,-0.139755,-0.086087,-0.463383,0.0,0.347079,0.242505,0.43453,-0.216999,0.40445,-4.9e-05,0.241308,-0.243682,-0.71156,0.185901,0.343044,0.347079,0.261629,-0.49652,-0.502246,-0.002264,0.369201,0.292006,0.417058,-0.457883,0.096001,0.255362,0.263625,-0.285207,-0.124644,-0.060928,-0.074197,0.398401,-0.2871,0.135969,0.242141,-0.411896,-0.086908,-0.355721,-0.344484,0.089648,-0.170957,-0.660994,-0.132188,0.0,-0.269166,0.55947,0.012666,-0.124707,0.406661,0.209806,-0.045614,-0.298602,-0.026286,0.363023,0.011086,-0.331088,-0.480494,0.175423,-0.478561,0.114494,-0.269166,0.207759,-0.269166,0.542762,-0.324439,0.236436,-0.508473,-0.48728,-0.134816,-0.69758,0.139019,-0.483963,0.142853,-0.269166,0.369393,0.182191,-0.250744,0.257673,-0.087215,0.126189,-0.081101,-0.54433,0.427795,0.209806,-0.048745,-0.538282,0.079219,0.139019,-0.03815,-0.022966,0.542762,0.139019,0.802877,-0.290428,0.338707,-0.301432,-0.298545,0.781803,0.457032,-0.170957,-0.325555,-0.269166,0.27573,-0.017214,-0.205621,-0.478561,-0.091422,0.0,-0.282535,-0.3207,-0.289409,-0.339385,0.125846,0.111517,0.457032,0.333772,-0.097036,0.111517,-0.133919,0.220361,-0.516605,0.375019,0.55947,-0.155011,0.067039,-0.559218,-0.48728,-0.511695,-0.056294,-0.289409,0.155303,0.207351,0.58369,-0.134816,-0.45546,-0.519632,0.073516,-0.172848,0.333214,-0.06368,-0.181715,-0.112516,0.343533,0.036322,0.506181,-0.496395,-0.323485,0.354724,0.128963,0.190933,0.532742,0.191327,0.325603,0.415777,0.738947,0.118398,0.126245,-0.32069,-0.091666,0.369085,-0.278603,-0.718883,0.517354,-0.05977,0.493004,0.03646,0.357228,0.190933,0.189337,0.080201,-0.325555,#
16,-0.16886,-0.427523,-0.42811,-0.077874,-0.32697,0.208536,-0.652806,-0.533642,-0.782773,-0.218033,-0.042975,0.001452,-0.251954,-0.048224,-0.326976,0.280593,1.0,-0.13603,-0.344581,-0.32476,-0.319167,-0.412927,-0.782773,-0.218033,0.34768,-0.135408,-0.798145,0.256844,0.170676,-0.428104,0.292321,-0.799822,0.0,-0.218033,0.368925,0.368585,-0.479434,0.552801,-2.4e-05,0.059183,-0.163539,-0.360546,0.371998,-0.042994,-0.218033,0.35448,-0.653124,-0.645333,0.127852,0.131737,0.24118,0.300488,-0.385927,0.410385,-0.021585,-0.064627,-0.590303,0.370326,0.3067,0.078967,0.027835,-0.233297,0.379099,0.035348,0.438622,-0.048224,0.354833,0.489353,-0.333553,-0.023255,-0.529411,0.255682,0.0,-0.038434,0.269542,0.317448,0.673946,0.586018,0.471324,0.104673,-0.253249,0.586018,0.136449,0.390217,0.546725,-0.376671,-0.489507,-0.376671,0.57227,-0.038434,-0.038434,-0.038434,0.659751,-0.797661,0.496115,-0.097818,-0.326344,-0.326862,-0.233902,0.222929,0.261469,-0.191589,-0.038434,-0.532982,0.447737,0.471324,0.337814,0.07072,-0.191589,0.371474,-0.651884,-0.218033,0.471324,0.087349,-0.213336,0.358189,0.222929,-0.213336,-0.593404,0.659751,0.222929,0.559705,-0.65272,0.814506,0.368925,0.113543,-0.058222,0.203712,-0.023255,0.47329,-0.038434,0.999957,-0.213336,0.415974,-0.376671,-0.533043,0.0,-0.243667,-0.562172,-0.054175,-0.427504,0.299579,0.015658,0.203712,0.259148,-0.184088,0.015658,-0.544415,0.362347,-0.110562,0.287165,0.269542,-0.326882,0.263604,-0.213336,-0.326344,-0.653363,-0.526469,-0.054175,-0.427953,0.290841,-0.427413,-0.326862,0.037729,-0.197206,-0.319257,0.539542,0.263484,0.371474,-0.427306,0.664747,0.015021,0.231327,0.365981,-0.645844,0.287165,0.416599,0.109357,-0.164903,0.755929,-0.181373,-0.177748,0.52034,0.074236,0.102639,0.099501,-0.090792,0.272528,0.550096,-0.338624,-0.540543,0.110722,-0.002881,0.07614,-0.791348,0.411091,-0.164903,-0.038434,-0.145364,-0.218033,#
17,0.246628,0.460871,0.016136,0.142301,0.367811,-0.254069,0.236428,0.135636,0.371093,0.245267,-0.243243,0.461587,0.265175,0.051541,-0.205341,-0.172234,-0.13603,1.0,0.274038,-0.133968,0.350586,-0.097365,0.371093,0.245267,-0.472516,0.114844,-0.023291,-0.303281,0.494027,0.481578,-0.316029,-0.040866,0.0,0.216412,0.099829,-0.432968,0.384443,-0.172443,0.0,-0.028335,-0.696498,0.361399,0.719585,0.008694,0.216412,-0.716583,0.273713,0.223819,0.046988,-0.475268,-0.106341,0.235568,-0.089683,0.172626,0.489458,0.035067,0.24527,-0.262912,0.409334,0.456019,0.044463,0.259181,-0.602307,-0.280084,0.227171,0.051541,0.492077,0.175734,0.421525,0.471351,0.036646,0.184894,0.0,0.102077,-0.276522,0.490662,-0.301345,-0.172046,-0.016464,-0.060113,-0.175944,-0.155464,-0.108286,0.178341,-0.133469,-0.060113,-0.397705,0.422861,0.31031,-0.431358,0.49941,-0.431358,-0.2821,0.396383,-0.033482,0.109149,0.389972,-0.2117,-0.219069,-0.214999,-0.067192,-0.276522,0.102077,0.098434,-0.50361,0.02305,-0.054276,-0.493652,-0.651839,-0.362232,0.254707,0.216412,-0.016464,0.340719,0.194591,0.471827,-0.214999,-0.296875,-0.447304,-0.2821,-0.214999,-0.169851,-0.169289,-0.425808,0.120663,0.788153,0.020959,-0.441021,0.471351,0.216412,0.102077,-0.133053,0.174633,-0.301809,-0.080841,0.147734,0.0,-0.214999,0.527463,-0.386894,0.010539,0.322558,-0.038123,-0.441021,-0.288144,0.165086,-0.038123,0.407325,-0.387264,0.142194,-0.349588,-0.276522,-0.156355,0.252783,-0.276917,-0.227378,0.273024,0.364016,-0.386894,-0.047967,0.074619,-0.076598,-0.2117,0.414581,0.178341,0.336796,-0.057131,0.16642,0.030099,-0.04785,-0.256544,0.159299,-0.302976,0.174633,0.283123,-0.289659,-0.422753,-0.059776,0.189253,-0.151876,-0.217105,-0.206983,0.084571,-0.063265,0.38316,0.407613,0.580118,0.427101,-0.144192,0.346882,0.087053,-0.123691,0.025857,0.219336,-0.043037,0.0,0.189253,-0.44892,0.099055,-0.504961,#
18,0.511666,0.375135,0.420469,0.284667,0.295952,-0.106245,0.044572,-0.014666,0.157168,0.213718,0.383844,-0.121343,-0.407679,0.156168,-0.342806,0.377139,-0.344581,0.274038,1.0,-0.287008,0.303075,-0.24549,0.157168,0.213718,0.302423,0.001441,0.209103,-0.124065,-0.214864,0.398345,-0.165325,0.200186,0.0,0.180325,-0.372112,-0.256129,-0.123227,0.016727,6e-05,0.266706,-0.041774,-0.375036,0.320501,0.108831,0.180325,-0.513085,0.087755,0.031015,-0.260038,-0.025194,-0.315706,0.346681,-0.339463,0.197365,0.225741,0.266324,-0.13692,-0.397719,-0.288577,-0.208974,0.212688,0.224253,-0.385618,0.194836,-0.270913,0.156168,-0.128311,-0.319398,0.168352,0.329013,-0.249902,0.375506,0.0,0.279454,0.393902,-0.16224,-0.631071,-0.001439,0.142268,0.1281,-0.394497,0.017752,0.573552,0.343109,-0.484955,-0.306098,0.232208,0.233652,0.027542,-0.337885,0.279454,-0.337885,-0.087363,0.183013,0.13071,-0.044087,0.322827,0.320394,-0.462299,-0.018138,-0.267955,-0.040447,0.279454,0.461517,-0.429238,0.187996,-0.313708,-0.371923,-0.040447,-0.135492,0.066086,0.180325,0.142268,0.138421,-0.191707,-0.147189,0.000465,-0.191707,0.288295,-0.087363,0.000465,0.0113,0.102038,-0.203186,-0.348001,0.121535,0.375781,-0.244642,0.329013,-0.654512,0.279454,-0.349766,-0.191707,-0.196158,-0.349278,0.522496,0.0,-0.457635,0.050847,-0.294163,0.421612,-0.082026,-0.160343,-0.244642,-0.205035,0.525271,-0.160343,0.151037,-0.243625,0.013453,-0.297459,0.412288,0.346162,0.18758,-0.191707,-0.368105,0.086634,0.095814,-0.294163,0.398083,-0.637441,0.376678,0.296121,-0.412422,-0.210198,0.297879,-0.263957,0.395062,-0.116273,-0.212949,-0.572015,0.364208,-0.455821,0.353965,0.107639,-0.228103,0.309522,-0.387653,0.327524,-0.153047,0.004773,-0.008596,0.048184,0.256859,0.096677,0.24189,-0.045024,-0.248574,0.039148,0.136876,-0.218023,0.028628,0.174253,0.418492,0.169057,-0.372515,0.327524,-0.358209,-0.265727,-0.654512,#
19,0.035692,0.243584,0.266673,-0.158948,0.424834,-0.042672,0.48393,0.05163,0.459614,-0.1655,-0.397392,-0.324516,0.499683,0.313957,0.316745,-0.484914,-0.32476,-0.133968,-0.287008,1.0,-0.242267,0.219133,0.459614,-0.1655,-0.40256,-0.404743,0.426979,-0.035027,0.164594,0.258691,-0.511708,0.405015,0.0,-0.1655,0.273525,0.069362,0.209271,-0.062521,3.2e-05,0.274321,0.533752,0.466543,-0.337157,0.319703,-0.1655,-0.046067,0.476743,0.561366,0.236966,-0.112783,0.217435,-0.973204,0.421162,-0.058345,-0.181221,-0.19792,0.20424,0.308133,0.150186,0.156865,-0.318843,-0.18543,0.26134,0.27994,0.224597,0.313957,0.149437,0.262258,0.285002,-0.13497,0.379407,-0.285871,0.0,-0.198239,0.008603,0.065646,0.466616,-0.080188,-0.198239,-0.080188,-0.042702,-0.080188,-0.606644,-0.344515,0.369395,-0.12825,0.299168,-0.080188,-0.085251,0.308074,-0.75545,0.308074,-0.496116,0.397334,-0.188769,0.138161,0.39715,-0.248108,0.501041,0.014467,0.233355,0.466616,-0.198239,0.129888,0.290934,-0.198239,0.186217,-0.146582,0.466616,0.122101,0.500335,-0.1655,-0.198239,-0.090357,0.221331,0.114409,-0.495563,-0.411914,0.336239,-0.496116,-0.495563,-0.606686,-0.037441,-0.405115,0.273525,-0.074928,-0.404613,0.126715,-0.13497,-0.1655,-0.198239,-0.324871,-0.411914,-0.005277,0.397903,-0.404613,0.0,0.477908,-0.075678,0.290934,0.238672,0.063965,-0.324864,0.126715,-0.713716,-0.271843,-0.324864,0.297741,-0.174497,-0.404808,0.142612,-0.495454,-0.248124,-0.247715,0.221331,0.338244,0.485535,0.364588,0.290934,-0.324843,0.008654,-0.324433,0.417352,0.380041,0.238938,-0.261301,-0.324502,0.03021,-0.404808,0.729392,-0.072226,0.013111,0.306351,-0.987314,0.508686,0.142612,-0.404613,-0.173066,0.237808,-0.474068,-0.049353,-0.072111,-0.176244,-0.323125,-0.044856,-0.200578,0.164905,0.132066,-0.607184,0.415732,0.326056,-0.155259,0.324198,0.075343,0.323523,-0.269417,0.237808,0.308074,-0.005556,0.573969,#
20,-0.094315,-0.318928,0.117235,0.335583,-0.243916,-0.487224,0.070632,-0.011161,0.431956,-0.16265,0.239369,0.100926,-0.094484,-0.321,-0.243921,0.114218,-0.319167,0.350586,0.303075,-0.242267,1.0,-0.308039,0.431956,-0.16265,0.203808,0.233984,-0.181211,-0.487327,0.130973,0.111984,0.289658,-0.203921,0.0,0.81325,0.195729,0.181642,0.109479,-0.596933,0.0,0.319438,-0.189742,-0.28621,0.241882,-0.130684,0.81325,-0.027635,-0.10335,-0.182604,-0.720184,-0.582308,-0.452628,0.296158,-0.59689,0.439729,-0.057054,-0.074125,0.162653,-0.221336,0.163298,0.069007,0.373957,-0.112864,-0.873593,-0.72075,-0.420172,-0.321,-0.398304,-0.388168,0.363993,0.292889,-0.413137,0.261147,0.0,0.37122,0.117533,0.226653,-0.486922,-0.595898,-0.074244,-0.175264,0.509735,-0.595898,0.425855,-0.456296,-0.187376,-0.175264,0.361876,0.455687,-0.179253,-0.074244,0.37122,-0.074244,0.110812,0.455035,-0.742341,-0.398105,0.27209,-0.243835,-0.486985,0.124589,0.198688,0.117533,0.37122,0.243307,-0.085285,-0.296976,0.279722,0.416832,0.117533,-0.397836,-0.069471,-0.16265,-0.074244,0.435712,0.295312,0.224756,0.124589,0.295312,0.179841,0.110812,0.124589,0.022932,0.520503,-0.398139,0.195729,-0.170986,0.224756,-0.188807,0.292889,-0.16265,0.37122,-0.319276,0.295312,-0.828687,0.035053,0.639689,0.0,0.124589,0.270879,0.353322,0.131317,0.179428,0.343829,-0.188807,0.22275,0.212025,0.343829,0.331744,0.447781,0.023402,-0.431648,0.117533,0.257785,-0.243449,0.295312,-0.243449,-0.086798,0.225208,0.353322,-0.319248,-0.113357,0.27899,-0.243835,-0.457714,-0.456296,0.544673,-0.318913,-0.487402,-0.397836,0.343286,-0.080167,0.44897,-0.243975,0.295312,-0.076912,-0.769459,-0.397645,0.414229,0.278947,0.163067,-0.058122,0.141608,-0.115249,0.346797,0.414382,-0.047235,0.012976,0.232833,0.020577,-0.175103,-0.289387,0.398413,-0.291499,0.405577,0.097037,0.329372,0.278947,-0.074244,0.33987,-0.16265,#
