0,1.0,0.357875,0.333247,-0.084815,0.685815,-0.532869,0.62343,-0.331815,0.526079,0.369319,-0.07564,0.485996,0.470627,-0.015725,-0.364732,-0.09316,-0.067198,-0.116778,-0.121134,-0.410874,-0.532869,-0.249074,0.28593,-0.448756,-0.207752,-0.220357,-0.571955,-0.378096,0.217779,0.641815,-0.629928,-0.352618,-0.271391,-0.522492,-0.19115,0.454109,-0.117341,-0.177442,-0.236677,0.208506,0.37436,-0.020735,-0.646348,-0.426845,0.0,-0.320617,0.154687,0.547798,-0.141104,0.752147,0.384302,-0.429319,0.0,0.418462,0.107212,-0.119346,-0.230916,0.384302,-0.018781,-0.027669,0.192554,-0.768715,0.069573,-0.498105,0.313983,0.304621,-0.087978,0.051421,0.405205,-0.429319,0.505785,-0.377058,0.086429,-0.66442,-0.792966,0.625456,-0.577026,-0.813527,-0.478374,-0.478374,-0.447431,-0.792966,-0.65414,0.056428,-0.614481,-0.573148,-0.447431,-0.198585,-0.40431,-0.810246,-0.395517,-0.657822,-0.53273,-0.128463,-0.792966,-0.532719,-0.236947,-0.65414,0.22784,-0.340786,0.391131,-0.296922,-0.478374,-0.447431,-0.573148,-0.24302,0.22784,-0.088245,-0.844807,0.212025,0.14151,-0.271391,-0.198585,-0.451528,-0.399653,-0.451528,-0.412798,-0.614481,0.076331,-0.420049,-0.40431,-0.625396,-0.614481,-0.64111,0.203577,-0.614481,-0.813527,-0.448509,-0.311385,-0.222312,-0.996232,0.047169,-0.128463,0.358943,-0.395517,-0.813732,0.0,-0.399653,0.038832,-0.65414,-0.447431,0.637716,-0.128413,-0.459646,-0.65414,-0.463936,-0.813527,0.712169,-0.577026,-0.198585,-0.614481,-0.67397,-0.813527,-0.399653,-0.792966,-0.033351,0.099574,0.798537,-0.147787,-0.66442,0.37427,-0.443361,-0.406879,-0.388633,0.065186,0.152883,-0.084391,0.060823,0.082296,-0.412798,0.16662,0.111407,-0.236947,-0.810246,0.365545,-0.65414,-0.573148,0.449304,0.415859,-0.218061,0.35108,0.289737,-0.096385,-0.212594,0.449304,0.504232,0.052427,-0.555376,-0.113137,0.64444,-0.166015,0.108866,0.433426,0.813371,-0.440501,0.641771,0.609953,-0.412798,-0.560185,0.14927,#
1,0.357875,1.0,0.505286,-0.229016,0.130386,-0.428362,-0.069866,0.129271,0.135924,0.560876,-0.428468,0.462185,-0.190938,-0.198292,-0.198292,-0.428142,0.21514,0.326946,-0.327548,-0.654109,-0.428362,-0.455819,0.13654,0.198648,0.359155,-0.083231,-0.361332,0.248604,-0.135457,0.246271,-0.196294,0.438065,-0.218165,0.117368,-0.367096,0.518497,0.326271,-0.224353,-0.099876,-0.065194,-0.201549,0.215364,0.321011,0.172125,0.0,-0.645997,0.383862,0.293193,-0.451002,0.472912,-0.315919,-0.47713,0.0,0.216207,-0.03325,-0.330734,-0.481936,-0.315919,-0.222821,0.240191,-0.526755,-0.05379,-0.45096,-0.323781,0.113567,-0.467287,0.041498,-0.104676,-0.128914,-0.47713,-0.029621,-0.032252,-0.327163,-0.106863,-0.543096,0.077205,-0.375824,-0.239079,-0.535583,-0.535583,0.202308,-0.543096,-0.240576,0.756495,-0.78421,-0.371822,0.202308,0.074647,-0.239079,-0.543096,-0.069347,0.282179,0.017734,0.294113,-0.543096,0.026311,-0.100633,-0.240576,0.174164,-0.003424,0.108742,-0.096106,-0.535583,0.202308,-0.371822,-0.534113,0.174164,-0.257193,-0.069347,-0.080187,-0.083282,0.490164,0.074647,0.192415,-0.234314,-0.222483,-0.069347,-0.78421,0.411668,-0.239079,-0.653978,0.066204,-0.78421,-0.249773,0.207258,-0.78421,-0.239079,-0.468453,-0.385574,0.066204,-0.375824,-0.061631,0.294113,0.546842,-0.069347,-0.234314,0.0,-0.234314,-0.121974,-0.240576,0.202308,0.507127,0.05379,-0.0,-0.240576,-0.534816,-0.239079,0.215037,-0.375824,0.074647,-0.78421,-0.240576,-0.239079,-0.234314,-0.543096,-0.217521,-0.02074,0.343149,-0.232942,-0.106863,0.294113,0.212499,0.188724,-0.061631,0.399442,0.372402,0.026311,-0.228153,-0.327081,-0.069347,0.261985,0.248604,-0.100633,-0.543096,0.036541,-0.240576,-0.371822,-0.228892,0.229553,-0.320392,0.197012,-0.457505,0.038415,-0.07582,-0.228892,-0.063505,-0.052096,-0.53194,-0.428152,0.207654,-0.371822,0.199786,0.200967,0.218386,-0.206517,0.244119,-0.101994,-0.069347,0.356575,-0.326452,#
2,0.333247,0.505286,1.0,0.341683,0.124402,-0.428042,-0.08179,-0.351738,0.115295,0.072867,-0.428148,0.43858,-0.202735,-0.192154,-0.653431,0.060045,0.631942,-0.23213,0.247634,-0.65362,-0.428042,-0.469587,-0.325584,0.192786,-0.116409,-0.533666,-0.373057,-0.484213,-0.157568,0.210637,-0.203506,-0.046435,-0.218002,-0.368155,0.058903,-0.218002,-0.231651,0.303418,-0.533385,-0.077237,0.244519,-0.213364,-0.249955,0.169812,0.0,-0.679101,-0.222587,-0.189339,-0.01377,0.458284,-0.383397,0.260247,0.0,0.209782,-0.076537,-0.580894,-0.51908,-0.383397,0.208399,0.222905,-0.59133,-0.548329,-0.530823,-0.348468,0.103283,-0.359597,0.028617,-0.608397,-0.04443,0.260247,-0.036468,0.456252,0.220872,-0.118468,-0.555148,0.036578,-0.387167,-0.250247,0.189322,0.189322,0.196416,-0.555148,-0.247544,0.748666,-0.247544,-0.383284,0.196416,0.068721,-0.250247,-0.075525,-0.075525,-0.239464,0.005524,-0.231844,-0.555148,0.01386,-0.11242,-0.247544,0.217169,0.484462,0.086372,-0.090276,0.189322,0.196416,-0.383284,-0.533714,0.217169,-0.231844,-0.075525,0.382789,-0.077289,0.470426,0.068721,0.186598,-0.24562,-0.216644,0.404099,-0.247544,-0.052097,0.186598,-0.653489,0.060343,-0.247544,-0.25685,0.177582,-0.247544,-0.250247,0.228642,0.36987,0.507852,-0.387167,0.415966,-0.231844,0.048699,-0.075525,-0.24562,0.0,-0.24562,-0.700428,-0.247544,0.196416,0.533226,0.060091,-0.25015,-0.247544,0.213768,-0.250247,0.050151,-0.387167,0.068721,-0.247544,0.302831,-0.250247,-0.24562,-0.555148,-0.211617,-0.519673,0.328216,0.314776,-0.118468,0.326298,0.206529,0.174477,-0.067868,-0.059992,-0.088711,0.01386,-0.650171,0.216253,0.404099,-0.352449,0.42547,-0.11242,-0.075525,0.04296,-0.247544,-0.383284,-0.222694,-0.222694,0.3759,0.198571,-0.146529,0.481645,-0.531877,-0.222694,-0.022497,-0.039615,-0.121453,0.03787,-0.352291,0.068721,-0.338942,0.194862,0.230132,-0.227854,0.212898,-0.095867,0.404099,-0.162492,-0.326208,#
3,-0.084815,-0.229016,0.341683,1.0,0.114027,-0.215717,-0.064198,-0.578848,-0.011374,-0.235185,0.318104,-0.288377,-0.032279,-0.004404,-0.535966,-0.243478,0.483687,-0.292268,0.333851,-0.029732,-0.215717,-0.267513,0.091372,-0.080112,-0.143783,-0.653884,0.13035,-0.291076,0.132347,-0.376481,0.307824,-0.373499,0.195026,-0.534093,0.026666,-0.664409,-0.31836,0.347675,-0.634128,-0.108425,0.544216,-0.548147,-0.27785,0.517638,0.0,-0.296722,-0.251811,-0.142575,0.903325,0.115267,-0.287101,0.600947,0.0,0.018267,0.207022,-0.368148,-0.184807,-0.287101,0.516769,-0.311093,-0.2386,-0.383021,-0.348863,-0.37454,-0.318883,-0.108456,0.295217,-0.370756,-0.285004,0.600947,-0.325949,0.188306,0.267172,-0.151179,0.157433,0.089456,0.069538,-0.046355,0.624844,0.624844,-0.032961,0.157433,0.324579,0.242956,0.324579,0.044428,0.485649,0.084495,-0.046355,0.157433,0.199949,-0.282445,-0.25379,-0.26717,0.157433,0.317936,0.396745,0.324579,-0.161351,0.15555,-0.284673,-0.123682,0.624844,-0.032961,0.044428,-0.111303,0.710294,-0.26717,0.157433,0.398366,0.437229,0.128915,0.084495,-0.046355,-0.032961,-0.046355,0.199949,0.324579,0.228593,-0.046355,-0.046355,0.069538,0.324579,-0.208603,-0.254622,0.324579,-0.046355,0.547831,0.742507,0.069538,0.029868,0.216968,-0.26717,-0.24786,0.199949,0.446465,0.0,-0.032961,-0.275414,0.324579,-0.032961,0.159088,0.296464,-0.587616,0.324579,0.543979,-0.046355,-0.022329,0.069538,0.084495,0.324579,0.324579,-0.046355,-0.032961,0.157433,-0.032961,-0.372016,0.074644,0.995505,-0.191055,0.437134,0.466078,-0.418407,0.174079,-0.317581,-0.119921,-0.243568,-0.439583,0.266903,0.199949,-0.493209,-0.182999,0.396745,0.157433,-0.247532,0.324579,0.044428,0.003728,0.003728,0.82388,-0.699146,0.278557,0.269038,-0.585397,0.003728,-0.274373,-0.353527,0.090234,-0.21437,-0.380832,0.614801,-0.390586,-0.029467,0.011177,-0.072488,-0.373987,-0.110475,0.157433,-0.325823,0.268641,#
4,0.685815,0.130386,0.124402,0.114027,1.0,-0.36469,0.262559,-0.330885,0.097119,0.54419,0.08311,0.209245,0.411067,0.385148,-0.386562,0.048414,0.387278,-0.420206,0.069859,-0.444798,-0.36469,-0.07105,0.190297,-0.42561,-0.556593,-0.155388,-0.659562,-0.198583,0.452123,0.421763,-0.485635,-0.091299,-0.407868,-0.295526,-0.307047,0.294422,-0.420116,0.064569,-0.155919,-0.13819,0.403543,-0.011282,-0.429271,0.106985,0.0,-0.20415,-0.076258,0.655673,0.193394,0.288509,0.427924,-0.372278,0.0,0.400805,-0.077744,-0.356097,-0.207579,0.427924,-0.432426,-0.264722,0.372732,-0.542864,0.286494,-0.324868,0.422061,0.3148,0.059199,0.30799,0.161025,-0.372278,-0.090392,-0.576892,0.401011,-0.998545,-0.555971,0.992031,-0.662995,-0.80383,-0.297911,-0.297911,-0.806695,-0.555971,-0.420712,-0.085085,-0.440645,-0.69556,-0.382912,-0.662819,-0.40829,-0.555971,-0.104328,-0.415961,-0.350445,-0.431168,-0.555971,-0.34178,-0.188566,-0.420712,-0.307541,-0.620588,0.538569,-0.155851,-0.297911,-0.422465,-0.69556,-0.59123,0.404726,-0.451382,-0.5386,0.207061,0.241497,-0.407868,-0.662819,-0.392468,-0.438474,-0.01275,-0.104328,-0.440645,-0.09518,-0.028572,-0.028572,-0.2578,-0.440645,-0.094498,0.360746,-0.440645,-0.80383,-0.236621,-0.341792,0.147396,-0.679203,-0.115448,-0.431168,0.543269,-0.104328,-0.414931,0.0,-0.822704,-0.030288,-0.420712,-0.422465,0.60025,0.08311,-0.226497,-0.420712,-0.348698,-0.424112,0.602129,-0.662995,-0.269923,-0.440645,-0.420712,-0.424112,-0.822704,-0.555971,-0.022225,-0.086502,0.816697,0.096086,-0.607523,0.124142,-0.413271,-0.611491,-0.553534,-0.109973,0.277916,-0.367271,-0.374699,0.400911,-0.104328,0.401336,-0.267823,-0.585547,-0.555971,0.096641,-0.420712,-0.69556,0.018806,0.035615,-0.223711,0.048412,-0.101699,0.088972,0.286304,0.422241,-0.092319,0.346576,-0.242277,0.073009,0.42058,0.147047,0.404643,0.401447,0.8332,-0.002297,0.421759,0.662716,-0.104328,-0.497409,0.40014,#
5,-0.532869,-0.428362,-0.428042,-0.215717,-0.36469,1.0,-0.099251,0.72442,-0.194543,-0.428042,0.041343,-0.419117,-0.653897,0.234497,0.66129,0.079619,-0.197515,-0.189283,0.332887,0.240986,1.0,0.409786,-0.361638,-0.178296,-0.099088,0.379465,0.497267,0.166261,-0.493035,-0.326944,0.280321,0.439022,0.499481,0.0439,-0.307364,-0.218164,-0.187175,0.370548,0.394873,-0.094861,-0.230871,-0.178296,0.300202,0.101963,0.0,0.33392,-0.440976,-0.525017,-0.040669,-0.336582,0.269393,0.151002,0.0,-0.211119,-0.057445,0.508926,0.184875,0.269393,-0.199546,0.388053,0.269355,0.428465,0.396903,0.405746,-0.047779,0.324288,-0.428354,0.483721,-0.290979,0.151002,-0.015382,0.384058,0.221914,0.375425,0.459781,-0.329447,0.559903,0.674348,0.274222,0.274222,0.239597,0.459781,0.366607,-0.327246,0.366607,0.112778,0.221582,0.112778,0.253993,0.459781,0.459781,0.378262,0.547749,-0.177677,0.459781,0.519912,-0.094925,0.366607,-0.453836,0.318066,-0.398366,0.387471,0.274222,0.239597,0.112778,0.375425,-0.484114,-0.177677,0.459781,-0.531567,-0.094925,-0.218164,0.112778,0.253993,0.239597,0.253993,0.459781,0.366607,-0.525585,0.253993,0.253993,0.559903,0.366607,0.472747,-0.415422,0.366607,0.674348,0.175573,0.081323,0.129286,0.559903,-0.020814,-0.177677,-0.428135,0.459781,0.221582,0.0,0.239597,0.329599,0.366607,0.239597,-0.335785,-0.428465,0.500669,0.366607,0.237373,0.674348,-0.380978,0.559903,0.112778,0.366607,0.366607,0.674348,0.239597,0.459781,-0.185753,-0.026266,-0.23913,-0.20875,-0.057444,-0.200423,-0.223905,0.248383,-0.020814,-0.012581,-0.077395,0.078886,0.243885,0.22625,0.459781,-0.276359,-0.37804,-0.094925,0.459781,-0.392903,0.366607,0.112778,-0.211693,-0.211693,-0.193837,-0.017445,-0.134774,0.0741,0.344842,-0.211693,-0.012581,0.000691,0.694058,0.551319,-0.282969,0.094357,0.25282,-0.631126,-0.631126,0.25074,-0.327003,-0.50502,-0.001738,0.452173,0.176917,#
6,0.62343,-0.069866,-0.08179,-0.064198,0.262559,-0.099251,1.0,0.065951,0.913031,-0.063708,-0.093474,0.467475,0.438644,-0.415031,0.018201,-0.093403,-0.432974,-0.116306,-0.044032,-0.023611,-0.099251,0.203085,0.27086,-0.815488,0.18316,-0.237419,-0.196644,-0.536814,0.181277,0.622527,-0.610317,-0.368345,0.401413,-0.541182,-0.207455,0.428354,-0.136986,-0.1771,-0.253163,0.60407,0.375999,-0.402245,-0.592668,-0.597319,0.0,0.26349,-0.077758,0.235749,-0.065768,0.737959,0.30869,-0.402428,0.0,0.387878,0.488207,0.341335,0.40396,0.30869,0.382106,-0.026935,0.235222,-0.347441,-0.015226,-0.010768,0.193091,0.284013,-0.105364,0.149654,0.18416,-0.402428,0.490121,-0.342287,0.086654,-0.259904,-0.379224,0.261605,-0.190562,-0.421145,-0.453107,-0.453107,-0.416663,-0.379224,-0.635966,-0.408148,-0.138935,-0.182776,-0.416663,-0.182776,-0.421145,-0.379224,-0.379224,-0.638366,-0.53412,-0.127613,-0.379224,-0.1019,0.158377,-0.635966,0.230013,-0.305964,-0.289806,-0.66605,-0.453107,-0.416663,-0.182776,0.146345,0.230013,0.376433,-0.81236,0.19541,0.158377,-0.272099,-0.182776,-0.81565,-0.017471,-0.81565,-0.379224,-0.138935,0.077576,-0.421145,-0.421145,-0.594697,-0.138935,-0.642783,-0.461324,-0.138935,-0.421145,-0.581501,-0.283497,-0.594697,-0.594697,0.06477,-0.127613,-0.054468,-0.379224,-0.416663,0.0,-0.017471,0.134416,-0.635966,-0.416663,0.228502,-0.534392,-0.677713,-0.635966,-0.431615,-0.421145,0.707605,-0.190562,-0.182776,-0.138935,-0.635966,-0.421145,-0.017471,-0.379224,-0.416663,0.098601,0.290836,-0.128133,-0.666154,0.376433,-0.412189,-0.40794,-0.37217,0.066391,0.143668,-0.1019,0.465809,0.082511,-0.379224,0.144575,-0.034418,0.158377,-0.379224,0.348566,-0.635966,-0.182776,0.809894,0.390748,-0.193156,0.333015,0.683534,-0.097734,-0.229842,0.809894,0.506584,-0.362758,-0.541816,-0.113432,0.605147,0.22542,0.089439,0.401432,0.401432,-0.809277,0.622559,0.577886,-0.81236,-0.540581,0.128244,#
7,-0.331815,0.129271,-0.351738,-0.578848,-0.330885,0.72442,0.065951,1.0,0.127157,-0.161839,-0.192262,0.120812,-0.530487,-0.129541,0.719919,-0.155488,-0.256498,-0.004113,-0.080846,-0.123439,0.72442,0.365908,-0.324968,-0.248917,0.348565,0.510645,0.322974,0.293461,-0.285398,0.065812,-0.077554,0.646801,0.359558,0.359793,-0.441501,0.387005,-0.002463,-0.00246,0.509133,0.074577,-0.574674,-0.103181,0.49825,-0.061513,0.0,0.339397,-0.23766,-0.31422,-0.52431,-0.084741,-0.002276,-0.429233,0.0,0.151841,0.192921,0.576256,0.331307,-0.002276,-0.267271,0.478505,-0.040197,0.641471,0.058802,0.503811,-0.000932,-0.078935,-0.331794,0.422389,-0.455045,-0.429233,-0.085506,0.140667,0.035196,0.351466,0.19946,-0.281215,0.382091,0.564302,-0.33768,-0.33768,0.151771,0.19946,-0.012153,-0.139981,-0.012153,-0.042762,0.134546,-0.042762,0.162378,0.19946,0.19946,0.500572,0.585844,-0.024649,0.19946,0.564876,-0.094124,-0.012153,-0.358183,0.093419,-0.351352,0.081583,-0.33768,0.151771,-0.042762,0.07002,-0.387134,-0.024649,0.19946,-0.498486,-0.379858,0.139981,-0.042762,0.162378,0.151771,-0.110931,0.19946,-0.012153,-0.292066,0.162378,-0.110931,0.382091,-0.012153,0.348174,-0.285086,-0.012153,0.564302,-0.396402,-0.45409,-0.029645,0.382091,-0.257667,-0.024649,-0.152446,0.19946,0.134546,0.0,0.151771,0.243782,-0.012153,0.151771,-0.058052,-0.641471,0.47872,-0.012153,-0.397243,0.564302,-0.219219,0.382091,-0.042762,-0.012153,-0.012153,0.564302,0.151771,0.19946,-0.531485,-0.075342,-0.177621,-0.560001,-0.062424,-0.046398,-0.288195,0.400328,-0.257667,0.191946,0.074546,0.143188,0.290493,0.039386,0.19946,0.140423,-0.315592,-0.094124,0.19946,-0.146159,-0.012153,-0.042762,-0.130137,-0.130137,-0.656623,0.33396,-0.298226,0.158801,0.483955,-0.130137,-0.113015,-0.0811,0.200311,0.295525,0.081404,-0.060375,0.580364,-0.249734,-0.536591,-0.096122,0.063696,-0.341208,-0.241823,0.611558,-0.007444,#
8,0.526079,0.135924,0.115295,-0.011374,0.097119,-0.194543,0.913031,0.127157,1.0,-0.157922,-0.188625,0.616458,0.309922,-0.567975,-0.122453,-0.188482,-0.29776,-0.049024,-0.025543,-0.165491,-0.194543,-0.000931,0.105725,-0.701914,0.358621,-0.35945,-0.083284,-0.498373,0.191503,0.569606,-0.549187,-0.288196,0.365703,-0.43649,-0.098204,0.393408,-0.070436,-0.111758,-0.37558,0.505917,0.245429,-0.55481,-0.516835,-0.54124,0.0,0.20044,-0.087392,0.129095,-0.169652,0.789482,-0.089948,-0.357619,0.0,0.548401,0.600963,0.29145,0.443334,-0.089948,0.545224,-0.061536,-0.174065,-0.264799,-0.405639,-0.042448,-0.025409,-0.11203,0.111587,-0.058909,-0.076827,-0.357619,0.288763,-0.253427,0.018484,-0.098497,-0.302679,0.09696,-0.086249,-0.298402,-0.425059,-0.425059,-0.29055,-0.302679,-0.588583,-0.137139,-0.077451,-0.075461,-0.29055,-0.075461,-0.298402,-0.302679,-0.302679,-0.588614,-0.345181,-0.060738,-0.302679,0.105,0.33592,-0.588583,0.283456,-0.209978,-0.386203,-0.800234,-0.425059,-0.29055,-0.075461,0.035191,0.283456,0.457607,-0.748103,0.386331,0.047504,0.144065,-0.075461,-0.704098,0.119968,-0.979972,-0.302679,-0.077451,0.17482,-0.298402,-0.574275,-0.501849,-0.077451,-0.595675,-0.429668,-0.077451,-0.298402,-0.542242,-0.211631,-0.501849,-0.501849,0.156474,-0.060738,-0.14844,-0.302679,-0.29055,0.0,0.119968,-0.116475,-0.588583,-0.29055,0.350185,-0.642051,-0.69694,-0.588583,-0.460347,-0.298402,0.559245,-0.086249,-0.075461,-0.077451,-0.588583,-0.298402,0.119968,-0.302679,-0.569701,-0.114073,0.161575,-0.063763,-0.516271,0.457607,-0.282589,-0.147156,-0.292861,0.160622,0.026363,0.105,0.338558,0.014241,-0.302679,0.072532,0.062999,0.33592,-0.302679,0.260485,-0.588583,-0.075461,0.684485,0.253449,-0.117424,0.35698,0.564722,0.108515,-0.351271,0.684485,0.305479,-0.588603,-0.583424,-0.209081,0.546204,0.344315,0.01875,0.553975,0.264426,-0.976798,0.569626,0.472915,-0.748103,-0.47203,0.061407,#
9,0.369319,0.560876,0.072867,-0.235185,0.54419,-0.428042,-0.063708,-0.161839,-0.157922,1.0,-0.428148,0.129013,0.214661,0.200888,-0.192154,0.004503,0.193202,0.326702,-0.209167,-0.240808,-0.428042,-0.101567,0.552931,0.192786,-0.064225,-0.077241,-0.79097,0.248418,-0.00743,0.253624,-0.203506,0.420782,-0.218002,0.111513,-0.378661,0.527795,0.326027,-0.231421,-0.094096,-0.058981,0.227598,0.632781,0.278925,0.305662,0.0,-0.459817,0.541085,0.758875,-0.168263,0.184574,0.275991,-0.486472,0.0,-0.215179,-0.498906,-0.612905,-0.489613,0.275991,-0.660385,-0.105099,0.18471,-0.060091,0.200566,-0.179966,0.643081,0.043753,0.028617,0.34613,0.401659,-0.486472,-0.016878,-0.495493,-0.326918,-0.533714,-0.555148,0.521171,-0.800252,-0.653489,-0.544716,-0.544716,-0.211617,-0.555148,-0.247545,0.232345,-0.79792,-0.383284,-0.211617,-0.348515,-0.653489,-0.555148,-0.075524,0.281545,-0.427931,0.293467,-0.555148,-0.427922,-0.11242,-0.247545,0.173466,-0.466121,0.30342,-0.090276,-0.544716,0.196416,-0.383284,-0.533714,0.173466,-0.264676,-0.075524,-0.169889,0.344286,-0.218002,-0.348515,-0.216644,-0.24562,0.186598,-0.075524,-0.79792,0.410984,-0.250247,-0.250247,0.060343,-0.79792,-0.076151,0.207103,-0.79792,-0.653489,-0.477659,-0.558201,0.060343,-0.387167,-0.067868,0.293467,0.999114,-0.075524,-0.24562,0.0,-0.653654,0.123399,-0.247545,0.196416,0.085432,0.510773,0.0,-0.247545,-0.40656,-0.250247,0.610937,-0.800252,0.068721,-0.79792,-0.247545,-0.250247,-0.653654,-0.555148,0.196416,0.43306,0.35578,-0.239973,-0.118468,-0.221742,0.206528,-0.326837,-0.067868,0.398772,0.821142,-0.427922,-0.222427,-0.326837,-0.075524,0.736611,0.245694,-0.533995,-0.555148,0.04296,-0.247545,-0.383284,-0.222694,0.241437,-0.329311,0.016674,-0.454761,-0.422316,0.356806,0.205735,-0.05117,0.402594,-0.53694,-0.427832,0.214865,-0.383284,0.206723,0.194863,0.653363,0.207063,0.251446,0.334191,-0.075524,0.116636,-0.326208,#
10,-0.07564,-0.428468,-0.428148,0.318104,0.08311,0.041343,-0.093474,-0.192262,-0.188625,-0.428148,1.0,-0.419221,0.20747,0.211104,0.193801,-0.428245,-0.191482,-0.238979,-0.278706,0.201313,0.041343,0.026489,0.071175,-0.224868,-0.093308,0.339007,0.568738,0.248664,0.474926,-0.327025,0.235924,-0.525158,-0.218218,0.01906,0.071128,-0.218218,-0.239323,-0.21735,0.355942,-0.106833,-0.225282,-0.224868,-0.168712,-0.030758,0.0,0.275168,-0.080307,-0.063479,0.506745,-0.330688,0.09481,0.092437,0.0,0.222368,0.458256,0.481637,0.215552,0.09481,0.204055,-0.20032,0.268352,-0.047618,0.200766,-0.189418,-0.592999,0.26582,0.03474,-0.019333,-0.25668,0.092437,-0.061141,-0.118817,0.229292,-0.095493,0.432015,0.116791,0.534029,0.223058,0.231623,0.231623,-0.223172,0.432015,0.334707,-0.327327,0.334707,0.08039,0.233316,0.08039,0.649123,-0.035772,-0.035772,-0.193733,0.056575,-0.217748,0.432015,0.065899,-0.089087,0.334707,-0.507228,-0.195678,0.243992,0.356106,0.231623,-0.6543,0.08039,0.343257,0.260008,-0.217748,-0.035772,-0.068166,-0.089087,-0.218218,0.08039,0.223058,-0.223172,0.223058,-0.503559,0.334707,-0.03952,-0.203007,0.649123,-0.338903,0.334707,-0.024548,0.207308,0.334707,0.223058,0.258327,0.198033,-0.338903,0.097563,-0.527412,-0.217748,-0.428241,-0.035772,0.233316,0.0,0.207956,0.42004,0.334707,-0.6543,0.115123,0.047619,0.0,0.334707,0.03678,-0.203007,-0.375748,0.534029,-0.360461,0.334707,-0.202087,-0.203007,0.207956,0.432015,0.207956,-0.066556,0.142481,0.346914,-0.095493,0.358643,-0.218218,-0.32716,-0.055517,-0.522948,-0.533549,0.038441,0.211375,0.233686,-0.503559,-0.314862,-0.713048,0.356348,-0.035772,0.060523,0.334707,0.08039,0.246143,0.246143,0.093056,-0.477277,0.351732,0.050348,-0.053522,-0.206534,-0.047541,-0.035043,0.283663,0.058398,0.235093,0.106323,0.226185,-0.212413,-0.212413,0.217886,-0.327084,-0.07952,-0.035772,-0.116917,0.761905,#
11,0.485996,0.462185,0.43858,-0.288377,0.209245,-0.419117,0.467475,0.120812,0.616458,0.129013,-0.419221,1.0,0.347361,-0.639807,-0.135011,0.094458,0.132784,-0.268143,-0.30614,-0.639992,-0.419117,0.148433,-0.264154,-0.324905,0.314817,-0.023053,-0.47167,-0.527675,0.3906,0.880601,-0.860735,-0.099122,-0.213457,0.077467,0.003837,0.602702,-0.267589,-0.314222,-0.041531,0.477177,-0.177158,-0.15823,-0.226165,-0.436265,0.0,0.091041,-0.222793,0.0259,-0.518416,0.478937,-0.232101,-0.562346,0.0,0.63059,0.409481,0.003269,0.285266,-0.232101,0.128956,0.254459,-0.302503,-0.09453,-0.39772,0.270324,0.317754,-0.338908,-0.065132,-0.400478,-0.033133,-0.562346,0.05508,-0.09486,0.256312,-0.200703,-0.633885,0.208472,-0.463359,-0.327287,-0.617916,-0.617916,-0.323733,-0.633885,-0.884917,0.080046,-0.305783,-0.460404,-0.323733,-0.460404,-0.327287,-0.129199,-0.633885,-0.310574,-0.083011,-0.303742,-0.633885,-0.076548,-0.196073,-0.884917,0.164815,-0.066577,0.131741,-0.522505,-0.617916,-0.323733,-0.460404,-0.522586,0.164815,0.283566,-0.633885,0.32006,-0.522861,0.320185,-0.460404,-0.327287,-0.323733,-0.639864,-0.129199,-0.305783,-0.118652,0.132386,-0.639864,-0.463359,-0.305783,-0.304152,0.171721,-0.305783,-0.327287,-0.583418,-0.475116,0.007534,-0.463359,-0.122188,-0.303742,0.139823,-0.633885,-0.323733,0.0,-0.323733,-0.506018,-0.884917,-0.323733,0.492751,-0.419221,-0.263221,-0.884917,-0.588746,-0.327287,0.321814,-0.463359,-0.460404,-0.305783,-0.305783,-0.327287,-0.323733,-0.633885,-0.640025,-0.416472,0.235278,-0.298873,-0.200703,0.283566,-0.320185,0.068576,-0.631305,-0.125753,-0.03236,-0.076548,-0.168516,0.251446,-0.129199,0.335932,0.184882,-0.196073,-0.129199,0.621624,-0.884917,-0.460404,0.323798,-0.164585,-0.403681,0.770796,0.094966,0.448866,-0.015074,0.323798,0.038377,0.051417,-0.573605,0.071125,0.275718,0.01522,0.26527,0.63974,0.311668,-0.625002,0.880667,0.450041,-0.129199,-0.234824,-0.319406,#
12,0.470627,-0.190938,-0.202735,-0.032279,0.411067,-0.653897,0.438644,-0.530487,0.309922,0.214661,0.20747,0.347361,1.0,-0.230897,-0.198313,0.190446,-0.236358,-0.023375,-0.407925,0.161668,-0.653897,0.215473,0.389596,-0.237547,0.015034,-0.008598,-0.399378,-0.306466,0.738811,0.528032,-0.505549,-0.66638,-0.33303,0.033779,0.354539,0.365259,-0.024099,-0.54571,-0.023851,0.418782,0.189598,0.174421,-0.467749,-0.498184,0.0,0.367027,0.239754,0.512516,0.052987,0.094191,0.20622,-0.327443,0.0,0.201472,0.219629,-0.01059,0.386265,0.20622,0.151579,-0.424969,0.360501,-0.225051,0.129901,0.058716,0.213477,0.161731,0.20124,-0.164896,0.48611,-0.327443,0.206279,-0.639686,-0.006247,-0.426531,-0.26355,0.440099,-0.432843,-0.620745,-0.398062,-0.398062,-0.61651,-0.26355,-0.548193,-0.499545,-0.052697,-0.034661,-0.61651,-0.425319,-0.227458,-0.26355,-0.678076,-0.54739,-0.653726,-0.03476,-0.26355,-0.653713,-0.009868,-0.548193,0.290839,-0.594959,0.392617,-0.432018,-0.398062,-0.61651,-0.034661,-0.021536,0.290839,0.467728,-0.695348,0.382567,-0.009868,-0.33303,-0.425319,-0.620745,-0.21855,-0.24319,-0.678076,-0.052697,0.201991,-0.227458,0.150097,-0.83573,-0.052697,-0.375838,0.263225,-0.052697,-0.620745,-0.347611,-0.330414,-0.432843,-0.448958,-0.235731,-0.03476,0.236319,-0.678076,-0.234468,0.0,-0.21855,-0.004759,-0.548193,-0.61651,0.001159,0.189888,-0.450414,-0.548193,-0.331773,-0.620745,0.469568,-0.432843,-0.425319,-0.052697,-0.548193,-0.620745,-0.21855,-0.26355,0.163491,0.211338,0.109583,-0.038544,-0.037736,-0.014661,-0.225601,-0.499291,-0.253155,-0.233975,-0.006389,-0.222838,0.188747,-0.010354,-0.678076,0.481269,0.075314,-0.009868,-0.26355,0.648052,-0.548193,-0.034661,0.62218,0.204329,-0.086046,0.187814,0.510151,-0.225701,0.019554,0.62218,0.204858,0.18373,-0.574555,-0.23431,0.503455,-0.018384,-0.006877,0.601836,0.601836,-0.233601,0.528048,0.819586,-0.26355,-0.652901,0.035416,#
13,-0.015725,-0.198292,-0.192154,-0.004404,0.385148,0.234497,-0.415031,-0.129541,-0.567975,0.200888,0.211104,-0.639807,-0.230897,1.0,-0.180206,0.212327,0.202022,0.004723,0.497198,0.190805,0.234497,-0.354222,-0.008406,0.219436,-0.815593,0.025882,0.005391,0.433513,-0.189407,-0.499098,0.458922,0.247089,-0.33304,-0.048355,0.007754,-0.33304,0.025299,0.538643,0.040239,-0.815234,0.203226,0.219436,-0.066583,0.318912,0.0,-0.202895,0.116727,0.346282,0.158298,-0.338969,0.363935,0.271361,0.0,-0.202164,-0.64061,-0.239319,-0.40312,0.363935,-0.589041,-0.369813,0.332725,-0.228407,0.48705,-0.43395,-0.044892,0.327995,0.187672,0.599957,0.10103,0.271361,-0.166907,-0.229234,0.006148,-0.376445,0.226377,0.379985,0.030414,-0.16229,0.36727,0.36727,-0.159979,0.226377,0.521149,0.015859,0.013998,0.003015,-0.176567,0.035054,0.224765,-0.19858,0.668332,0.04824,0.244934,0.03421,0.226377,-0.20474,-0.022661,0.521149,-0.28623,-0.271847,0.444541,0.44181,0.36727,0.216009,0.003015,0.022133,-0.31411,-0.480098,0.243375,-0.057467,0.398177,-0.33304,0.035054,0.240247,0.200342,0.61182,0.243375,0.013998,-0.217254,0.209283,0.596338,0.426917,0.013998,0.52747,0.370795,0.013998,-0.16229,0.448488,0.122854,0.426917,0.014554,0.233005,0.03421,0.190836,0.668332,-0.207899,0.0,-0.175645,0.22273,0.521149,0.216009,0.030234,0.211104,0.461007,0.521149,0.275113,0.209283,-0.088224,0.030414,0.419522,0.013998,0.033504,0.209283,-0.175645,0.226377,0.607663,0.217663,0.269226,-0.001388,0.00619,-0.461481,-0.206168,0.03057,0.233005,0.247543,0.033536,0.237267,-0.169586,0.01019,0.243375,-0.038046,-0.125092,-0.411126,-0.19858,-0.636684,0.521149,0.003015,-0.585592,-0.157912,0.049398,-0.324514,-0.48459,-0.206197,0.388153,-0.190811,-0.167061,0.2447,0.565449,0.248281,0.028392,-0.013946,0.027316,-0.201293,0.221198,0.607201,-0.499189,0.003509,0.243375,-0.056723,0.490434,#
14,-0.364732,-0.198292,-0.653431,-0.535966,-0.386562,0.66129,0.018201,0.719919,-0.122453,-0.192154,0.193801,-0.135011,-0.198313,-0.180206,1.0,-0.186045,-0.577753,0.023767,-0.468873,0.206046,0.66129,0.696448,-0.008406,-0.186003,0.402556,0.819755,0.373154,0.303688,-0.153037,0.03565,-0.043869,0.246428,0.327753,0.393641,-0.379937,0.354185,0.025299,-0.448606,0.818679,0.399206,-0.608898,0.219436,0.516212,-0.191497,0.0,0.474116,-0.091714,-0.347121,-0.26646,-0.338969,0.363935,-0.391265,0.0,-0.186625,0.224638,0.743914,0.330015,0.363935,-0.227724,0.580434,0.436147,0.654076,0.48705,0.607305,0.083499,0.369992,-0.653907,0.323162,-0.067354,-0.391265,0.249667,0.174185,0.006148,0.404767,0.226377,-0.338407,0.411057,0.596338,-0.309119,-0.309119,0.200342,0.226377,0.013998,-0.49956,0.013998,0.003015,0.183755,0.003015,0.209283,0.226377,-0.181582,0.508711,0.244934,0.003956,0.226377,0.219307,-0.411126,0.013998,-0.3265,0.13108,-0.199796,0.410384,-0.309119,-0.175645,0.003015,0.404767,-0.35438,0.003956,0.226377,-0.811468,-0.411126,-0.33304,0.003015,0.209283,-0.175645,0.209283,-0.181582,0.013998,-0.243923,-0.16229,0.209283,0.030414,0.013998,0.123096,-0.256962,0.013998,0.596338,-0.359834,-0.405899,-0.366089,0.411057,-0.624372,0.003956,-0.183116,-0.181582,0.183755,0.0,0.200342,0.638634,0.013998,-0.175645,-0.398555,-0.23879,0.461007,0.013998,-0.265654,0.224765,-0.277277,0.411057,-0.381452,0.013998,0.013998,0.224765,0.200342,0.226377,-0.191312,0.249103,-0.225071,-0.512568,0.00619,-0.016989,-0.222027,0.03057,-0.212831,-0.193482,0.024104,-0.18678,0.564141,0.01019,-0.181582,0.105315,-0.443664,-0.022661,0.226377,0.243017,0.013998,0.003015,0.211167,0.211167,-0.600428,0.159696,0.077997,-0.178216,0.420909,-0.183614,0.221122,0.2447,0.182591,0.248281,0.048492,-0.398414,0.530126,-0.575035,-0.575035,0.22599,0.033607,-0.376262,-0.19858,0.621888,-0.034854,#
15,-0.09316,-0.428142,0.060045,-0.243478,0.048414,0.079619,-0.093403,-0.155488,-0.188482,0.004503,-0.428245,0.094458,0.190446,0.212327,-0.186045,1.0,0.170883,-0.196065,0.461256,0.235357,0.079619,0.250439,-0.390452,0.239791,-0.533995,-0.053379,-0.368516,-0.406128,-0.034514,0.196903,-0.166933,-0.032321,-0.218052,0.123621,0.55224,-0.218052,-0.172181,0.349233,-0.054009,-0.08896,0.203671,0.239791,-0.254796,-0.234815,0.0,0.305891,-0.246241,-0.063431,-0.238287,-0.330437,0.187753,0.289415,0.0,-0.226472,-0.547693,-0.28011,0.156802,0.187753,-0.228091,-0.134025,0.242145,-0.047582,0.303784,0.38471,0.462188,0.130499,0.034714,-0.017773,0.471659,0.289415,-0.002291,0.012615,0.206873,-0.051063,-0.034645,0.064609,-0.320174,-0.184822,0.23313,0.23313,-0.179415,-0.034645,-0.200671,-0.327078,0.335714,0.107278,-0.653802,-0.315617,-0.184822,0.432786,-0.034645,-0.192316,0.075914,-0.184305,-0.034645,-0.428019,-0.106823,-0.200671,0.261514,0.051574,0.274423,-0.05795,0.23313,0.234152,0.107278,-0.051063,-0.535805,0.35965,-0.034645,0.298069,-0.106823,-0.218052,-0.315617,-0.184822,0.234152,0.22389,0.432786,0.335714,-0.538187,0.649631,0.22389,0.098515,0.335714,0.439885,0.238223,0.335714,-0.184822,0.289105,0.055636,0.534649,0.098515,0.444908,-0.184305,0.017913,-0.034645,-0.240234,0.0,-0.179415,-0.459694,-0.200671,0.234152,-0.355565,0.02855,0.263296,-0.200671,0.377132,0.22389,0.012708,-0.320174,0.107278,0.335714,0.335714,0.22389,-0.179415,-0.034645,0.234152,-0.031923,-0.260568,-0.247425,0.369817,-0.761536,-0.235496,0.255925,-0.026628,-0.018443,-0.089337,0.085604,-0.216773,0.202373,0.432786,0.159965,0.487073,-0.534116,0.432786,0.061686,-0.200671,0.107278,-0.205246,-0.657578,0.081666,0.469232,-0.127969,0.051493,0.310191,0.228993,0.000559,0.433033,0.299645,0.53167,-0.316443,0.062709,-0.304452,0.217837,0.217837,0.218795,0.199106,0.357567,0.432786,-0.358063,-0.326282,#
16,-0.067198,0.21514,0.631942,0.483687,0.387278,-0.197515,-0.432974,-0.256498,-0.29776,0.193202,-0.191482,0.132784,-0.236358,0.202022,-0.577753,0.170883,1.0,-0.502573,0.39083,-0.604801,-0.197515,-0.233659,-0.419434,0.177678,-0.402255,-0.382699,-0.353404,-0.212228,0.147489,-0.044618,-0.027703,0.230801,-0.332837,-0.032194,-0.033902,-0.332837,-0.501536,0.499531,-0.366504,-0.428972,0.179491,-0.223972,0.018804,0.668882,0.0,-0.410956,-0.438255,-0.072817,0.295378,-0.088683,-0.36929,0.261394,0.0,0.228731,-0.189378,-0.694848,-0.346704,-0.36929,-0.200696,-0.076083,-0.394082,-0.18818,-0.310194,-0.096507,0.128476,-0.382807,0.232956,-0.285499,-0.365516,0.261394,-0.693326,0.171444,0.504065,-0.404206,-0.183334,0.373523,-0.364722,-0.161074,0.329925,0.329925,-0.205889,-0.183334,0.027802,0.503038,0.009194,-0.412255,0.237185,-0.412255,-0.161074,0.22206,0.238276,0.042496,0.245985,-0.501954,-0.183334,0.263275,0.003088,0.027802,-0.371754,0.112462,0.20299,0.019398,0.329925,0.18268,-0.412255,-0.814853,0.372936,-0.520824,0.238276,0.368624,-0.012353,0.347966,-0.412255,0.222932,-0.205889,0.208163,0.64367,0.009194,-0.209992,0.592169,-0.175844,0.422038,0.009194,0.363445,0.319191,0.009194,-0.161074,0.396998,0.270213,0.800288,0.028658,0.177053,-0.501954,0.184583,0.238276,0.237185,0.0,-0.594458,-0.705998,0.027802,0.18268,0.438617,0.204687,0.025372,0.027802,0.261075,0.222932,-0.110213,-0.364722,-0.014923,0.009194,0.492998,0.222932,-0.594458,-0.183334,-0.220834,-0.682915,0.254595,0.511478,-0.008768,0.038629,0.196676,-0.00324,-0.231901,-0.220831,0.001999,-0.216445,-0.992655,0.504401,0.64367,-0.056809,-0.039103,-0.398376,0.22206,-0.243369,0.027802,-0.412255,-0.628855,-0.613163,0.299016,-0.121698,-0.530644,0.651712,0.05898,-0.220864,-0.682268,0.205698,0.2079,0.212784,-0.504307,0.422862,0.031363,0.187569,0.172068,0.198056,-0.042747,-0.026778,0.64367,-0.069885,-0.00283,#
17,-0.116778,0.326946,-0.23213,-0.292268,-0.420206,-0.189283,-0.116306,-0.004113,-0.049024,0.326702,-0.238979,-0.268143,-0.023375,0.004723,0.023767,-0.196065,-0.502573,1.0,-0.192476,0.50072,-0.189283,-0.385001,0.59141,0.519447,0.407779,-0.081554,0.10357,0.599181,-0.39897,-0.350314,0.478691,0.242868,0.166513,0.210986,0.124466,0.166513,0.998967,-0.245905,-0.100401,-0.1019,-0.010704,0.519447,0.379443,-0.046941,0.0,-0.206183,0.912114,0.380393,-0.29638,0.059031,-0.134317,-0.036007,0.0,-0.52297,-0.349675,-0.097914,-0.20117,-0.134317,-0.003197,-0.254206,-0.171356,0.238981,-0.140569,-0.267225,-0.153369,-0.223612,0.306548,0.200009,0.298192,-0.036007,0.238711,-0.220177,-0.998817,0.428108,0.196483,-0.437843,0.083413,0.002648,-0.190955,-0.190955,0.519364,0.196483,0.348349,0.249769,-0.266057,0.612589,-0.023222,0.612589,-0.016108,-0.318346,0.196483,0.36687,-0.206836,0.998333,0.196483,-0.238853,0.388262,0.348349,0.665382,-0.12035,-0.206579,-0.0963,-0.190955,0.519364,0.612589,0.408794,-0.246562,0.375256,0.217077,-0.145242,0.388262,0.166513,0.612589,0.002648,0.500385,0.002648,-0.318346,-0.266057,0.741384,-0.48502,-0.016108,0.102627,-0.266057,-0.146968,-0.154385,-0.266057,0.002648,-0.193327,-0.123315,-0.396945,0.102627,0.223626,0.998333,0.326772,0.196483,-0.023222,0.0,0.500385,0.362389,0.348349,0.519364,-0.456813,0.327025,0.032226,0.348349,-0.094907,0.002648,0.114517,0.083413,0.612589,-0.266057,-0.242426,0.002648,0.500385,0.196483,0.500385,0.763254,-0.422734,-0.300677,0.428108,-0.309847,0.499538,0.274332,0.76375,0.763034,0.397395,0.328061,0.49416,-0.998567,-0.318346,0.227454,0.534663,0.388262,-0.318346,-0.241125,0.348349,0.612589,-0.044589,0.473539,0.02458,-0.214904,-0.116197,-0.771579,-0.124505,-0.044589,0.218889,-0.319076,-0.353222,-0.728693,0.206684,-0.446826,-0.386867,-0.03765,-0.03765,0.007816,-0.35286,-0.142277,-0.318346,0.30715,-0.360266,#
18,-0.121134,-0.327548,0.247634,0.333851,0.069859,0.332887,-0.044032,-0.080846,-0.025543,-0.209167,-0.278706,-0.30614,-0.407925,0.497198,-0.468873,0.461256,0.39083,-0.192476,1.0,0.141145,0.332887,-0.321815,-0.340908,0.011617,-0.648514,-0.597657,0.026167,-0.245179,-0.402556,-0.353895,0.328685,0.172163,0.212865,-0.460159,0.173186,-0.651901,-0.191007,0.971975,-0.582302,-0.537348,0.577841,-0.400454,-0.355253,0.247532,0.0,-0.126869,-0.342027,-0.103438,0.231321,0.047855,-0.030741,0.646302,0.0,-0.09503,-0.428117,-0.343212,-0.144557,-0.030741,0.032103,-0.318996,-0.115517,-0.330963,-0.051582,-0.232845,-0.042932,0.00317,0.308521,0.225425,-0.08787,0.646302,-0.225753,0.150425,0.191977,-0.07954,0.220691,0.053248,0.058229,-0.048361,0.658568,0.658568,-0.011132,0.220691,0.3367,0.119737,0.410335,0.178102,-0.136371,0.09747,-0.067843,0.242081,0.712655,-0.250071,0.224445,-0.15462,0.220691,0.198122,0.419574,0.3367,0.006237,0.146789,-0.217683,-0.13608,0.658568,0.52113,0.178102,0.000708,-0.204256,-0.079946,0.177912,0.408941,0.460309,0.046564,0.09747,-0.106807,0.560557,0.010085,0.734044,0.410335,-0.308231,0.477651,0.049049,0.557167,0.410335,0.371904,-0.204856,0.410335,-0.048361,0.598477,0.545669,0.557167,0.098144,0.825022,-0.15462,-0.216762,0.712655,-0.057517,0.0,0.028294,-0.386365,0.3367,0.52113,-0.007418,-0.191611,-0.022313,0.3367,0.608802,0.477651,0.018503,0.058229,0.641737,0.410335,0.361245,0.477651,0.028294,0.220691,0.087435,-0.214552,-0.044744,0.303866,-0.059478,-0.337645,-0.019956,0.22368,0.264007,0.291035,-0.047475,0.312375,-0.326582,0.190911,0.734044,-0.361837,0.222083,-0.130353,0.242081,-0.713994,0.3367,0.178102,-0.43157,-0.493666,0.502463,-0.143245,-0.189148,0.184714,-0.08733,0.127297,-0.187204,-0.270262,0.526232,0.328742,-0.345255,0.574148,-0.429512,0.031694,0.072589,-0.013284,-0.35138,0.003116,0.177912,-0.334346,0.175436,#
19,-0.410874,-0.654109,-0.65362,-0.029732,-0.444798,0.240986,-0.023611,-0.123439,-0.165491,-0.240808,0.201313,-0.639992,0.161668,0.190805,0.206046,0.235357,-0.604801,0.50072,0.141145,1.0,0.240986,0.115575,0.359195,0.22859,-0.00777,0.016286,0.403219,0.251735,-0.197045,-0.499243,0.55635,-0.206778,0.333136,0.056159,0.42536,-0.333136,0.500511,0.002297,0.016255,-0.016309,0.181408,0.22859,0.008276,-0.197217,0.0,0.423106,0.383154,0.045405,0.176275,-0.382148,0.200408,0.399665,0.0,-0.622199,-0.255142,0.224015,0.273378,0.200408,0.190686,-0.418831,0.361925,0.234865,0.316597,0.080699,-0.213265,0.265675,0.195821,0.266313,0.369713,0.399665,0.229535,-0.152393,-0.499574,0.430069,0.64369,-0.410857,0.400696,0.211025,0.329368,0.329368,0.225147,0.64369,0.492801,-0.499704,0.492801,0.820406,-0.209066,0.416598,0.196015,0.23169,0.21521,0.034685,-0.192669,0.529086,0.64369,-0.226357,0.392314,0.492801,0.372407,-0.098909,-0.258872,0.01613,0.329368,0.225147,0.820406,0.816495,-0.35739,0.529086,0.23169,-0.053793,0.392314,-0.333136,0.416598,-0.179239,0.604861,0.211025,-0.196791,0.492801,0.215801,-0.179239,0.586279,0.016281,0.492801,0.104737,-0.313438,0.492801,0.211025,0.265945,0.2457,-0.38351,0.416072,0.229812,0.529086,-0.228056,0.21521,0.185836,0.0,0.604861,0.414185,0.492801,0.225147,-0.83051,0.218089,0.025785,0.492801,0.408659,0.211025,-0.093681,0.400696,0.416598,0.492801,0.020024,0.211025,0.604861,0.64369,0.604861,0.641288,-0.641178,-0.033638,0.430069,-0.517805,0.199882,0.034028,0.662055,0.244331,-0.012192,0.227325,0.609454,-0.49945,-0.196791,-0.050785,0.19767,0.392314,0.23169,-0.220683,0.492801,0.820406,0.179412,0.179412,0.305029,-0.350958,0.32832,-0.663586,-0.02481,0.179412,0.244331,-0.196499,0.199867,-0.190878,-0.01827,-0.027408,-0.486308,-0.219575,-0.219575,0.200905,-0.499333,-0.015008,-0.196791,-0.081266,0.010785,#
20,-0.532869,-0.428362,-0.428042,-0.215717,-0.36469,1.0,-0.099251,0.72442,-0.194543,-0.428042,0.041343,-0.419117,-0.653897,0.234497,0.66129,0.079619,-0.197515,-0.189283,0.332887,0.240986,1.0,0.409786,-0.361638,-0.178296,-0.099088,0.379465,0.497267,0.166261,-0.493035,-0.326944,0.280321,0.439022,0.499481,0.0439,-0.307364,-0.218164,-0.187175,0.370548,0.394873,-0.094861,-0.230871,-0.178296,0.300202,0.101963,0.0,0.33392,-0.440976,-0.525017,-0.040669,-0.336582,0.269393,0.151002,0.0,-0.211119,-0.057445,0.508926,0.184875,0.269393,-0.199546,0.388053,0.269355,0.428465,0.396903,0.405746,-0.047779,0.324288,-0.428354,0.483721,-0.290979,0.151002,-0.015382,0.384058,0.221914,0.375425,0.459781,-0.329447,0.559903,0.674348,0.274222,0.274222,0.239597,0.459781,0.366607,-0.327246,0.366607,0.112778,0.221582,0.112778,0.253993,0.459781,0.459781,0.378262,0.547749,-0.177677,0.459781,0.519912,-0.094925,0.366607,-0.453836,0.318066,-0.398366,0.387471,0.274222,0.239597,0.112778,0.375425,-0.484114,-0.177677,0.459781,-0.531567,-0.094925,-0.218164,0.112778,0.253993,0.239597,0.253993,0.459781,0.366607,-0.525585,0.253993,0.253993,0.559903,0.366607,0.472747,-0.415422,0.366607,0.674348,0.175573,0.081323,0.129286,0.559903,-0.020814,-0.177677,-0.428135,0.459781,0.221582,0.0,0.239597,0.329599,0.366607,0.239597,-0.335785,-0.428465,0.500669,0.366607,0.237373,0.674348,-0.380978,0.559903,0.112778,0.366607,0.366607,0.674348,0.239597,0.459781,-0.185753,-0.026266,-0.23913,-0.20875,-0.057444,-0.200423,-0.223905,0.248383,-0.020814,-0.012581,-0.077395,0.078886,0.243885,0.22625,0.459781,-0.276359,-0.37804,-0.094925,0.459781,-0.392903,0.366607,0.112778,-0.211693,-0.211693,-0.193837,-0.017445,-0.134774,0.0741,0.344842,-0.211693,-0.012581,0.000691,0.694058,0.551319,-0.282969,0.094357,0.25282,-0.631126,-0.631126,0.25074,-0.327003,-0.50502,-0.001738,0.452173,0.176917,#
