0,1.0,0.39478,0.149184,0.401151,0.401413,0.39478,0.39478,-0.166667,0.39478,1.0,-0.267776,0.170493,0.575408,0.312586,0.499481,0.317592,-0.16663,0.134491,0.237192,-0.166667,0.282464,0.162657,0.201837,-0.397981,0.527469,-0.651848,0.175798,0.099658,0.150183,0.333151,-0.218168,-0.105391,-0.21799,-0.166667,-0.400066,-0.111111,-0.111111,-0.501466,0.490164,-0.267776,0.282464,-0.163973,-0.09141,-0.639625,0.518869,-0.876062,0.254385,-0.63997,-0.25278,0.086793,0.230701,0.072787,-0.111111,-0.154018,-0.508026,0.132009,-0.985638,0.157243,-0.667311,0.146211,0.115095,0.663702,0.151887,0.120533,-0.354598,0.120533,0.0,0.250152,0.086793,0.151732,0.204979,0.241748,0.0,0.317756,0.258842,0.078261,-0.272166,-0.333153,-0.408008,0.212009,-0.218103,-0.272166,-0.218218,0.265403,0.089414,-0.272031,0.205961,-0.271981,0.398178,-0.272023,0.089414,-0.407832,0.0,0.200063,-0.271981,-0.166582,0.089414,-0.333069,-0.333069,-0.166667,0.117461,-0.407871,0.154346,0.666667,0.258842,-0.272023,0.096493,0.24365,-0.166582,-0.408008,0.252409,-0.111111,-0.272166,0.325405,-0.407871,-0.218103,0.408248,-0.218198,0.537587,-0.407871,-0.333153,-0.166667,-0.665376,-0.218218,0.099658,0.398178,-0.218103,0.227602,-0.49784,-0.218103,-0.508492,0.0,0.154346,0.162168,-0.333069,-0.272166,-0.111111,-0.333069,0.136284,-0.508596,-0.218107,0.089414,-0.333153,-0.933533,-0.508492,-0.508669,0.089414,0.660397,0.089414,-0.165812,0.096493,-0.333069,-0.111111,-0.271981,-0.333153,-0.166582,0.28736,0.2177,0.200063,-0.333069,-0.321963,-0.166582,0.398178,0.317756,0.388544,-0.230477,-0.111111,-0.27031,-0.272166,-0.218218,0.373703,-0.021462,0.408248,0.096493,0.289264,-0.508596,-0.218103,0.289264,0.289264,-0.749166,0.220779,-0.142134,0.106209,0.106209,0.156333,0.289922,0.102142,0.272166,-0.407697,0.281799,-0.508596,0.220779,0.100027,0.36325,-0.095918,0.457785,0.104275,0.253947,0.154346,0.585479,#
1,0.39478,1.0,-0.04033,-0.261895,0.142157,0.567111,0.599769,-0.408118,0.567111,0.39478,-0.198267,-0.033531,-0.052067,0.410066,0.362348,-0.002875,-0.408027,0.40851,0.226161,0.092027,0.191652,0.334031,0.529728,-0.183301,-0.086718,-0.525472,0.466758,0.004785,0.40851,0.414707,-0.534229,-0.656192,-0.074115,-0.408118,-0.639126,-0.272078,0.421455,-0.7508,0.350707,-0.198267,-0.128909,0.621964,0.209073,-0.179203,-0.091866,-0.042063,0.655994,-0.098826,0.207339,0.266704,-0.310713,-0.437466,-0.272078,-0.816738,-0.334486,0.581103,-0.293125,0.494095,-0.3493,0.398589,0.280847,0.116175,0.163565,-0.349716,0.220437,0.348889,0.0,0.250329,0.266704,0.451375,-0.117423,0.504915,0.0,0.005147,-0.157986,0.2925,-0.258087,0.014694,-0.594928,0.095686,-0.062832,-0.666453,-0.534351,0.25429,0.298676,0.194815,0.556809,-0.229462,0.581303,0.179066,0.298676,0.270413,0.0,0.541925,0.207076,-0.407909,0.298676,-0.385461,0.044667,-0.408118,0.400423,-0.157986,-0.103751,0.092027,0.282642,0.179066,-0.406161,-0.266399,0.612436,-0.149873,-0.138158,-0.272078,-0.258087,0.014694,-0.558129,-0.062832,0.150279,0.373668,0.373522,-0.558129,0.014694,-0.408118,-0.065273,-0.534351,0.004785,0.179066,0.365108,0.499048,-0.274118,-0.062832,-0.308585,0.0,-0.103751,-0.652104,-0.385461,-0.666453,-0.272078,-0.385461,0.305223,-0.773155,-0.071724,-0.352953,-0.380555,-0.380991,0.11667,-0.343392,0.298676,0.409687,0.298676,0.628942,-0.406161,0.005147,-0.272078,-0.229462,0.014694,0.126829,0.387385,0.19924,0.11667,-0.385461,-0.336227,0.126829,0.179066,0.435275,0.603504,-0.039795,-0.272078,-0.244038,-0.666453,-0.534351,-0.25012,-0.216571,-0.258087,-0.406161,0.409819,-0.773155,-0.534069,0.409819,0.409819,-0.162156,0.241316,0.448704,-0.086691,-0.107089,0.537777,0.041761,0.407051,-0.182948,-0.998331,0.399243,-0.344297,0.673648,0.406708,0.166635,-0.44566,-0.126096,-0.637949,-0.034056,-0.103751,-0.050101,#
2,0.149184,-0.04033,1.0,-0.144121,-0.576704,-0.121302,-0.04033,0.223776,-0.121302,0.149184,-0.139863,0.390263,-0.27149,0.525864,-0.18718,0.012005,-0.422309,0.385826,-0.33126,-0.359987,-0.409233,0.293959,-0.224532,0.049047,0.292925,-0.324448,-0.276545,-0.344697,-0.221655,-0.525099,0.292925,0.177694,-0.266203,0.296747,-0.004246,0.116753,0.214047,0.184211,0.292921,-0.0543,0.040474,0.315881,0.525371,-0.215212,-0.224247,-0.100971,0.104724,-0.290795,-0.421786,-0.143132,0.176101,-0.188958,0.214047,0.463538,-0.384275,-0.377779,-0.173358,0.099952,-0.165751,-0.192518,0.620531,-0.395532,-0.368599,-0.230941,-0.471745,-0.100267,0.0,0.627927,-0.143132,0.410652,0.360215,-0.47747,0.0,0.050508,0.627761,-0.130325,-0.091356,-0.030982,-0.395657,-0.345299,0.357721,0.365425,0.314223,-0.393344,0.679671,0.464774,0.291502,0.348165,-0.101952,-0.062828,-0.175976,0.147382,0.0,-0.305112,-0.054436,0.270895,0.679671,0.525418,0.48966,0.296747,-0.165622,0.121798,-0.300152,0.272423,0.668971,-0.08239,-0.189642,0.683471,-0.316739,-0.413,-0.269646,0.214047,-0.091356,0.507238,0.588841,0.33691,-0.607717,0.377889,-0.25884,0.588841,0.045907,0.150806,0.400159,0.250529,-0.344697,0.387096,-0.141766,-0.422513,-0.324952,0.33691,0.211924,0.0,-0.204418,0.001183,0.525418,-0.091356,0.149184,0.449433,0.568965,0.205622,0.315665,0.679671,-0.030982,-0.268813,0.294649,-0.265463,-0.175976,-0.120761,-0.175976,0.319424,-0.189642,0.012515,0.214047,0.406004,0.045907,0.29729,0.508413,-0.319529,0.811685,-0.006481,0.498069,0.29729,0.406658,0.508657,0.427551,0.367667,0.116753,-0.087745,-0.091356,0.335454,-0.187665,-0.370015,0.325705,-0.189642,-0.553462,0.205622,0.313649,-0.553462,-0.553462,-0.394307,-0.421523,0.213655,0.398355,-0.320855,-0.29969,-0.430925,-0.237016,-0.425005,0.065865,-0.008839,-0.274081,-0.421523,-0.212668,-0.062338,0.764095,-0.15331,-0.346649,-0.358855,-0.204418,-0.190736,#
3,0.401151,-0.261895,-0.144121,1.0,0.166395,-0.261895,0.158223,0.601727,-0.261895,0.401151,0.108253,-0.204015,0.809124,-0.424341,0.352926,-0.011228,0.107185,-0.136404,-0.200406,0.117115,0.29306,-0.094591,-0.367074,-0.116791,0.787665,-0.078973,-0.503914,0.243892,-0.146668,-0.007475,0.335984,0.481145,0.323061,0.117115,0.360435,0.374228,-0.271921,0.124176,-0.104833,0.108253,0.259875,-0.40129,-0.495538,0.052627,0.822643,-0.711394,-0.597385,-0.015507,-0.159251,-0.47108,0.43581,0.230005,-0.271921,0.115691,0.049239,-0.309398,-0.427417,-0.275598,-0.428329,-0.626285,-0.469319,0.570361,-0.006835,0.105141,-0.397499,0.105141,0.0,-0.600071,-0.47108,-0.220046,0.008392,-0.221942,0.0,-0.010853,0.213434,-0.45721,0.158274,-0.017459,0.24159,0.064728,-0.11911,0.158274,-0.075788,-0.166339,-0.465188,-0.255396,0.053877,-0.281498,0.130011,-0.275974,0.218821,-0.198111,0.0,-0.368824,0.134629,-0.407674,-0.465188,-0.026623,-0.026623,0.117115,-0.111001,-0.578154,0.377731,0.096922,0.213434,0.14625,0.236148,-0.076956,-0.407674,-0.182656,0.522309,-0.271921,0.158274,-0.001502,-0.190437,0.330094,0.603418,-0.533999,-0.07525,-0.190437,-0.017459,0.07673,-0.642463,0.347216,0.243892,0.162489,-0.533761,0.098166,-0.054389,0.330094,0.060394,0.0,0.377731,0.62085,-0.026623,0.586932,-0.271921,-0.026623,-0.305617,0.071192,-0.126937,0.218821,0.39743,-0.301021,-0.385993,0.068497,0.218821,0.391144,0.218821,-0.405791,0.236148,-0.026623,-0.271921,0.134629,-0.017459,0.102063,0.036957,-0.220797,0.043225,0.004917,0.040957,0.102063,-0.259735,-0.010853,0.118625,-0.564044,0.374228,-0.300298,0.586932,0.347216,0.124698,0.408576,0.570445,0.236148,-0.049482,0.071192,-0.11911,-0.049482,-0.049482,-0.527601,-0.219124,-0.347843,-0.136396,-0.177572,0.006232,-0.209128,-0.645965,0.270384,0.224454,-0.472162,0.071192,-0.219124,-0.148101,0.12121,0.122822,0.302998,0.356255,0.621482,0.377731,0.371138,#
4,0.401413,0.142157,-0.576704,0.166395,1.0,0.142157,0.142157,-0.408148,0.142157,0.401413,-0.228608,-0.058669,0.431733,-0.00119,0.335756,0.399667,0.087435,-0.116306,0.628991,0.096986,0.7443,-0.586811,0.512199,-0.045389,-0.082293,-0.015805,0.52548,0.473605,0.388362,0.395808,-0.534269,0.016986,-0.069568,0.117191,-0.538801,-0.272099,-0.272099,-0.3013,-0.104902,0.233392,0.329224,-0.401552,-0.342731,-0.186785,0.359266,-0.266334,-0.196217,0.04739,-0.298279,0.239903,0.140833,0.231193,0.428354,-0.28174,-0.359576,0.636803,-0.325716,0.175379,-0.022526,0.378537,-0.365973,0.629322,0.571874,0.32231,0.097743,0.32231,0.0,-0.16887,0.239903,-0.077728,0.010111,0.334757,0.0,0.383644,-0.174396,0.267554,0.174875,-0.416663,0.241748,0.519187,-0.084611,-0.237566,-0.075838,0.649943,-0.439167,-0.666173,0.071238,-0.66605,0.146345,0.162595,-0.465492,-0.598489,0.0,0.043253,-0.265667,0.102129,-0.439167,-0.405365,-0.81565,0.117191,0.344609,-0.174396,-0.138935,0.622325,-0.174396,-0.259904,0.236302,-0.284292,0.082511,0.241748,0.303553,0.428354,0.174875,-0.001503,-0.578531,-0.534109,0.570817,-0.534349,0.382527,-0.578531,-0.001503,-0.408148,-0.623152,-0.534392,0.473605,-0.259904,0.347598,0.13502,0.15805,-0.534109,-0.815743,0.0,0.377977,-0.231005,-0.405365,0.174875,-0.272099,-0.81565,-0.416674,-0.361898,-0.53412,-0.439167,-0.416663,-0.218513,-0.369065,0.069215,-0.465492,0.376553,-0.465492,-0.406056,0.236302,-0.421145,0.428354,-0.66605,-0.001503,-0.40794,-0.436806,0.588063,-0.369065,-0.421145,-0.534743,-0.40794,0.162595,-0.421145,-0.265667,-0.062545,-0.272099,0.199005,0.174875,-0.075838,0.162988,0.474757,-0.254063,0.236302,0.405847,-0.361898,-0.084611,0.405847,0.405847,0.05801,0.673967,-0.260191,-0.091419,0.423618,0.029468,0.709986,0.407397,0.666503,-0.147818,0.41169,0.071238,0.237321,0.407064,0.599866,-0.494294,0.803264,0.424352,0.621887,0.377977,0.355352,#
5,0.39478,0.567111,-0.121302,-0.261895,0.142157,1.0,0.16688,-0.408118,1.0,0.39478,0.259169,-0.033531,-0.052067,0.410066,-0.103508,0.419592,0.121819,0.388522,0.226161,0.092027,0.191652,0.291728,0.068383,-0.183301,-0.086718,-0.546886,0.139494,-0.072971,0.40851,0.830598,-0.534229,-0.230538,-0.074115,-0.408118,-0.185102,-0.272078,0.421455,-0.769886,0.810517,-0.655704,-0.128909,0.026915,0.001596,-0.223076,-0.091866,-0.070105,0.655994,-0.638632,0.075856,0.266704,0.163208,0.257381,-0.272078,-0.346744,0.120924,0.281476,-0.399196,0.494095,-0.512642,0.398589,0.306504,0.075955,0.095847,-0.349716,0.045701,-0.349716,0.0,0.250329,0.266704,-0.092693,-0.139483,0.840236,0.0,0.005147,-0.598614,0.31821,-0.258087,-0.009486,-0.594928,0.06922,-0.534069,-0.241753,-0.080327,0.67462,0.258812,-0.235654,0.084561,-0.253714,0.138369,-0.263867,0.258812,-0.165977,0.0,0.51591,-0.229462,-0.407909,0.258812,-0.815589,0.020771,-0.408118,0.400423,0.258163,-0.133857,0.092027,-0.157986,-0.263867,-0.446314,0.187177,0.077697,0.270457,-0.453256,-0.272078,-0.258087,-0.009486,-0.582608,-0.534069,0.150279,-0.080318,0.373522,-0.582608,-0.420545,0.112032,-0.095152,-0.080327,-0.072971,0.154459,0.365108,0.480106,-0.764763,-0.534069,-0.334601,0.0,-0.645663,-0.22191,-0.815589,-0.666453,-0.272078,-0.409357,0.414985,-0.799391,-0.53408,-0.392818,-0.404735,-0.409005,-0.351611,-0.811836,0.258812,0.409687,0.258812,0.064414,0.276437,-0.424981,-0.272078,-0.666,-0.420545,-0.407909,0.35979,0.19924,-0.351611,-0.409357,-0.788394,-0.407909,0.154459,0.411379,0.166966,-0.510103,-0.272078,-0.244038,-0.666453,-0.534351,0.171431,-0.216571,0.166613,-0.446314,0.814041,-0.799391,-0.534069,0.814041,0.814041,0.101819,0.646628,0.404345,-0.119838,0.390111,0.16005,0.292325,0.375173,0.241753,-0.584067,0.793034,-0.816545,0.646628,0.373848,0.139318,-0.629875,-0.126096,-0.124111,-0.307346,-0.103751,-0.050101,#
6,0.39478,0.599769,-0.04033,0.158223,0.142157,0.16688,1.0,-0.408118,0.16688,0.39478,0.224658,0.458417,0.422307,0.410066,0.793059,0.38772,0.082571,-0.091173,0.210687,-0.408118,0.157404,-0.174418,0.529728,-0.643322,-0.086718,-0.566653,0.411227,-0.144745,0.40851,0.385085,-0.534229,-0.284117,-0.533794,-0.408118,-0.202564,-0.272078,0.421455,-0.310362,0.350707,0.224658,-0.574133,0.621964,-0.489168,-0.07374,0.350479,-0.284735,0.258403,-0.119588,0.055628,0.266704,0.127454,-0.463163,-0.272078,-0.590779,-0.366922,0.563097,-0.318623,0.231948,-0.50636,0.398589,-0.409922,0.599592,0.033338,-0.349716,0.164432,0.348889,0.0,0.250329,0.266704,-0.052392,0.391637,0.424309,0.0,0.395754,-0.157986,0.243058,-0.666453,-0.380555,-0.594928,0.095686,-0.062832,-0.666453,-0.534351,0.25429,-0.352953,0.194815,0.127951,-0.229462,0.179066,-0.22317,0.298676,-0.125882,0.0,0.541925,0.603504,-0.407909,-0.352953,-0.385461,0.044667,-0.408118,0.400423,-0.558129,-0.103751,0.092027,0.282642,-0.22317,-0.406161,-0.266399,0.126829,-0.149873,-0.229052,-0.272078,-0.666453,0.014694,-0.558129,-0.062832,0.150279,0.373668,-0.079781,-0.558129,-0.380555,-0.408118,-0.553676,-0.534351,-0.144745,0.179066,-0.062832,0.462621,-0.291591,-0.062832,0.11667,0.0,-0.103751,-0.238456,-0.385461,-0.258087,-0.272078,-0.385461,-0.38079,-0.344297,-0.071724,0.298676,0.014694,-0.434864,-0.308585,-0.360075,0.298676,0.777165,0.298676,0.628942,-0.406161,-0.385461,-0.272078,-0.229462,-0.380555,0.126829,0.387385,0.172575,0.11667,0.005147,-0.336227,0.126829,0.179066,0.435275,0.603504,-0.066396,-0.272078,-0.66191,-0.258087,-0.534351,0.155217,-0.259507,-0.258087,-0.406161,0.383908,-0.344297,-0.534069,0.383908,0.383908,-0.162156,0.215335,0.406051,0.391386,-0.138961,0.507511,0.041761,0.376399,-0.182948,-0.6,-0.029887,-0.344297,0.647667,0.375112,0.560634,0.041449,0.278799,-0.670887,-0.034056,-0.103751,0.346628,#
7,-0.166667,-0.408118,0.223776,0.601727,-0.408148,-0.408118,-0.408118,1.0,-0.408118,-0.166667,-0.02114,-0.53115,0.104332,-0.49988,-0.327246,-0.499817,-0.249944,0.249769,-0.611028,0.375,-0.089875,0.2694,-0.763286,0.464311,0.74978,0.257308,-0.892868,0.149487,-0.386883,-0.499726,0.74978,0.539354,0.733509,0.375,0.49099,0.666667,-0.166667,0.34858,-0.327248,-0.02114,0.423696,-0.245959,0.17451,0.358471,0.20342,-0.134779,-0.612114,0.285392,-0.094793,-0.683492,0.192738,0.173405,-0.166667,0.385046,0.291845,-0.702048,0.114708,-0.222761,-0.019627,-0.999109,0.110984,-0.309298,-0.260378,-0.0452,-0.461911,-0.0452,0.0,-0.612213,-0.683492,0.130748,-0.328673,-0.644662,0.0,-0.499604,0.388262,-0.716705,0.612373,0.488108,0.398105,-0.22261,0.207617,0.612373,0.218218,-0.612012,0.13412,0.08046,0.308941,0.087422,0.094617,0.094617,0.13412,0.378701,0.0,-0.762738,0.087422,-0.249873,0.13412,0.476634,0.476634,0.375,-0.298171,-0.111772,0.23152,-0.25,0.388262,0.597267,0.14474,0.109001,-0.249873,-0.106954,0.378614,-0.166667,0.612373,-0.005811,0.388262,0.742388,0.102062,-0.3273,-0.326551,0.388262,0.488108,0.375,0.22259,0.763763,0.149487,0.094617,-0.327154,-0.204842,0.126644,0.742388,0.300094,0.0,0.23152,0.425691,0.476634,0.612373,-0.166667,0.476634,0.270369,0.308941,0.197531,0.13412,0.488108,0.215431,0.300094,0.321045,0.13412,-0.321451,0.13412,-0.248719,0.14474,0.476634,-0.166667,0.582816,0.488108,0.356961,0.066314,-0.606451,0.300094,-0.011485,0.543314,0.356961,-0.408034,-0.011485,0.087422,-0.345715,0.666667,0.024574,0.612373,0.763763,-0.452496,0.343392,0.612373,0.14474,-0.537512,0.308941,0.207617,-0.537512,-0.537512,-0.308125,-0.642857,-0.213201,-0.398283,-0.398283,-0.295015,-0.702502,-0.995884,-0.102062,0.383994,-0.523641,0.308941,-0.642857,-0.402738,-0.439839,0.298822,-0.325268,0.238734,0.38092,0.23152,-0.325791,#
8,0.39478,0.567111,-0.121302,-0.261895,0.142157,1.0,0.16688,-0.408118,1.0,0.39478,0.259169,-0.033531,-0.052067,0.410066,-0.103508,0.419592,0.121819,0.388522,0.226161,0.092027,0.191652,0.291728,0.068383,-0.183301,-0.086718,-0.546886,0.139494,-0.072971,0.40851,0.830598,-0.534229,-0.230538,-0.074115,-0.408118,-0.185102,-0.272078,0.421455,-0.769886,0.810517,-0.655704,-0.128909,0.026915,0.001596,-0.223076,-0.091866,-0.070105,0.655994,-0.638632,0.075856,0.266704,0.163208,0.257381,-0.272078,-0.346744,0.120924,0.281476,-0.399196,0.494095,-0.512642,0.398589,0.306504,0.075955,0.095847,-0.349716,0.045701,-0.349716,0.0,0.250329,0.266704,-0.092693,-0.139483,0.840236,0.0,0.005147,-0.598614,0.31821,-0.258087,-0.009486,-0.594928,0.06922,-0.534069,-0.241753,-0.080327,0.67462,0.258812,-0.235654,0.084561,-0.253714,0.138369,-0.263867,0.258812,-0.165977,0.0,0.51591,-0.229462,-0.407909,0.258812,-0.815589,0.020771,-0.408118,0.400423,0.258163,-0.133857,0.092027,-0.157986,-0.263867,-0.446314,0.187177,0.077697,0.270457,-0.453256,-0.272078,-0.258087,-0.009486,-0.582608,-0.534069,0.150279,-0.080318,0.373522,-0.582608,-0.420545,0.112032,-0.095152,-0.080327,-0.072971,0.154459,0.365108,0.480106,-0.764763,-0.534069,-0.334601,0.0,-0.645663,-0.22191,-0.815589,-0.666453,-0.272078,-0.409357,0.414985,-0.799391,-0.53408,-0.392818,-0.404735,-0.409005,-0.351611,-0.811836,0.258812,0.409687,0.258812,0.064414,0.276437,-0.424981,-0.272078,-0.666,-0.420545,-0.407909,0.35979,0.19924,-0.351611,-0.409357,-0.788394,-0.407909,0.154459,0.411379,0.166966,-0.510103,-0.272078,-0.244038,-0.666453,-0.534351,0.171431,-0.216571,0.166613,-0.446314,0.814041,-0.799391,-0.534069,0.814041,0.814041,0.101819,0.646628,0.404345,-0.119838,0.390111,0.16005,0.292325,0.375173,0.241753,-0.584067,0.793034,-0.816545,0.646628,0.373848,0.139318,-0.629875,-0.126096,-0.124111,-0.307346,-0.103751,-0.050101,#
9,1.0,0.39478,0.149184,0.401151,0.401413,0.39478,0.39478,-0.166667,0.39478,1.0,-0.267776,0.170493,0.575408,0.312586,0.499481,0.317592,-0.16663,0.134491,0.237192,-0.166667,0.282464,0.162657,0.201837,-0.397981,0.527469,-0.651848,0.175798,0.099658,0.150183,0.333151,-0.218168,-0.105391,-0.217991,-0.166667,-0.400066,-0.111111,-0.111111,-0.501466,0.490164,-0.267776,0.282464,-0.163973,-0.09141,-0.639625,0.518869,-0.876062,0.254385,-0.63997,-0.25278,0.086793,0.230701,0.072787,-0.111111,-0.154018,-0.508026,0.132009,-0.985638,0.157243,-0.667311,0.146211,0.115095,0.663702,0.151887,0.120533,-0.354598,0.120533,0.0,0.250152,0.086793,0.151732,0.204979,0.241748,0.0,0.317756,0.258841,0.078261,-0.272166,-0.333153,-0.408008,0.212009,-0.218103,-0.272166,-0.218218,0.265403,0.089413,-0.272031,0.20596,-0.271981,0.398178,-0.272023,0.089413,-0.407832,0.0,0.200063,-0.271981,-0.166582,0.089413,-0.333069,-0.333069,-0.166667,0.117461,-0.407871,0.154346,0.666667,0.258841,-0.272023,0.096493,0.24365,-0.166582,-0.408008,0.252409,-0.111111,-0.272166,0.325405,-0.407871,-0.218103,0.408248,-0.2182,0.537587,-0.407871,-0.333153,-0.166667,-0.665376,-0.218218,0.099658,0.398178,-0.218103,0.227602,-0.49784,-0.218103,-0.508492,0.0,0.154346,0.162168,-0.333069,-0.272166,-0.111111,-0.333069,0.136284,-0.508596,-0.218107,0.089413,-0.333153,-0.933533,-0.508492,-0.508669,0.089413,0.660397,0.089413,-0.165812,0.096493,-0.333069,-0.111111,-0.271981,-0.333153,-0.166582,0.28736,0.2177,0.200063,-0.333069,-0.321964,-0.166582,0.398178,0.317756,0.388544,-0.230477,-0.111111,-0.27031,-0.272166,-0.218218,0.373703,-0.021462,0.408248,0.096493,0.289264,-0.508596,-0.218103,0.289264,0.289264,-0.749166,0.220779,-0.142134,0.106209,0.106209,0.156333,0.289922,0.102142,0.272166,-0.407697,0.281799,-0.508596,0.220779,0.100026,0.36325,-0.095918,0.457785,0.104274,0.253947,0.154346,0.585479,#
10,-0.267776,-0.198267,-0.139863,0.108253,-0.228608,0.259169,0.224658,-0.02114,0.259169,-0.267776,1.0,0.349335,0.243017,0.082902,-0.070637,0.502556,0.676734,-0.126724,-0.113802,-0.02114,0.11617,-0.257895,-0.288104,-0.286055,-0.197912,-0.129679,-0.294573,-0.252816,0.032301,0.482984,-0.197912,0.380592,-0.202519,-0.02114,0.668909,-0.267776,0.465084,0.076017,0.445992,0.03325,-0.656848,0.057559,-0.625051,0.390497,0.264752,0.173804,-0.074616,-0.204033,-0.035269,-0.228984,0.501165,0.251448,-0.267776,0.040374,0.492202,-0.019028,0.230639,-0.062051,-0.29044,0.024315,-0.464032,0.076011,-0.063301,-0.528547,0.09469,-0.528547,0.0,-0.080493,-0.228984,-0.730934,0.354135,0.45314,0.0,0.064584,-0.678522,0.251302,-0.345218,-0.067809,-0.248712,-0.293655,-0.525623,0.103565,0.286016,0.358246,-0.43097,0.09671,-0.400394,-0.219804,-0.65557,-0.65557,0.25761,-0.220222,0.0,0.186092,0.224732,-0.401459,-0.43097,-0.505506,0.37828,-0.02114,0.113461,0.226837,-0.168856,-0.401664,-0.212909,-0.349537,-0.488757,-0.001627,-0.401459,0.358246,-0.619828,-0.267776,-0.345218,-0.067809,-0.238776,-0.200035,0.086304,-0.046127,-0.524654,-0.238776,-0.502177,0.147981,-0.126899,0.286016,-0.252816,0.09251,-0.027664,0.095846,-0.472307,-0.200035,0.509638,0.0,-0.709683,0.229351,-0.505506,0.086304,-0.267776,-0.076239,-0.290523,0.025058,-0.525634,0.25761,0.349853,0.168507,-0.407076,-0.455167,0.25761,0.304551,0.25761,0.097511,0.274977,-0.505506,-0.267776,-0.353854,-0.502177,-0.031996,0.389725,-0.140321,-0.407076,0.336518,-0.463514,-0.031996,-0.213523,0.37828,-0.194176,-0.526211,-0.267776,-0.389619,0.086304,-0.193753,0.23472,-0.156077,0.103565,-0.488757,0.485739,0.025058,-0.525623,0.485739,0.485739,0.488919,0.320123,0.407442,0.383942,-0.004042,0.132409,-0.088823,-0.003887,0.207131,0.179191,0.046414,-0.446245,0.320123,0.367936,0.199288,0.000936,-0.094739,-0.159412,-0.36987,-0.137042,-0.104207,#
11,0.170493,-0.033531,0.390263,-0.204015,-0.058669,-0.033531,0.458417,-0.53115,-0.033531,0.170493,0.349335,1.0,0.212335,0.590635,0.356782,0.571208,0.280731,-0.279125,0.192933,-0.53115,-0.035193,-0.325582,0.343764,-0.56979,-0.343239,-0.34218,0.380963,-0.373475,-0.082082,0.040779,-0.321237,-0.020306,-0.898122,0.108197,-0.019318,-0.649184,0.20328,0.159524,0.378236,0.349335,-0.540347,0.299991,-0.271697,-0.276477,0.188604,-0.116661,0.218783,-0.377689,-0.324472,0.097322,0.186305,-0.208971,0.20328,0.104026,-0.391042,0.217964,-0.152443,-0.130435,-0.157529,0.547455,-0.189948,0.276468,0.055064,-0.149383,0.034696,-0.149383,0.0,0.727278,0.097322,-0.265212,0.926478,0.128406,0.0,0.570947,0.057632,0.624983,-0.706742,-0.556469,-0.465689,-0.21771,-0.148024,-0.184717,0.22752,0.190063,-0.131545,0.343925,-0.355723,-0.009172,-0.550485,-0.530709,-0.163583,-0.422925,0.0,0.344864,-0.028663,0.304764,-0.131545,-0.043606,-0.043606,0.108197,-0.065589,0.077306,-0.28238,0.280329,0.057632,-0.688921,-0.176536,0.213925,-0.316,-0.306719,-0.457318,0.20328,-0.706742,0.434613,0.077306,-0.316347,-0.224872,0.399205,-0.20347,0.077306,-0.556469,-0.334428,-0.223462,-0.330548,-0.373475,0.319682,-0.148024,-0.291034,-0.275596,-0.316347,0.198506,0.0,-0.28238,0.01316,-0.043606,-0.204795,0.20328,-0.043606,-0.294738,0.192497,-0.137706,0.669412,-0.070645,-0.299838,-0.324201,-0.369426,-0.163583,0.348189,-0.163583,0.303357,-0.176536,-0.54293,0.20328,-0.1651,-0.556469,0.11376,0.410931,0.191671,0.198506,0.436514,-0.097381,0.11376,0.477894,0.436514,-0.028663,0.387657,-0.649184,-0.174998,-0.204795,-0.330548,0.47617,-0.466326,-0.204795,-0.176536,0.052998,0.192497,-0.148024,0.052998,0.052998,0.006775,0.179861,0.205513,0.973122,-0.130063,0.203572,0.23033,0.501838,0.024094,0.060432,0.071488,-0.355723,0.179861,0.328095,0.46285,0.502067,0.356908,-0.331665,-0.4646,-0.28238,0.354169,#
12,0.575408,-0.052067,-0.27149,0.809124,0.431733,-0.052067,0.422307,0.104332,-0.052067,0.575408,0.243017,0.212335,1.0,-0.185386,0.598879,0.281179,0.259073,-0.292844,0.12882,0.104332,0.546537,-0.263812,0.026532,-0.407673,0.476036,-0.253813,-0.054761,0.192827,-0.127457,0.285791,-0.054377,0.232673,-0.059681,0.104332,0.115905,-0.214988,-0.214988,-0.072388,0.081749,0.243017,0.059427,-0.317269,-0.6616,-0.1626,0.988855,-0.760614,-0.318336,-0.197848,-0.219376,-0.38773,0.341683,0.162765,-0.214988,-0.140239,-0.137174,0.054807,-0.555593,-0.319659,-0.490705,-0.13313,-0.608905,0.838646,0.293885,0.078882,-0.173651,0.078882,0.0,-0.321428,-0.38773,-0.363215,0.396611,0.123817,0.0,0.281485,0.026559,0.13033,-0.178118,-0.307316,0.03449,0.041021,-0.422004,-0.178118,-0.049674,0.16862,-0.59934,-0.192748,-0.109794,-0.526252,-0.049582,-0.526334,0.173005,-0.45092,0.0,0.024194,-0.056384,-0.322317,-0.59934,-0.311115,-0.311115,0.104332,-0.096669,-0.447711,0.298643,0.270315,0.026559,-0.183073,0.186704,-0.220636,-0.322317,-0.310415,0.380652,-0.214988,-0.178118,0.161153,-0.447711,-0.056808,0.789915,-0.422192,0.116052,-0.447711,-0.307316,-0.322481,-0.870635,-0.049674,0.192827,0.293679,-0.422004,0.067353,-0.14729,-0.056808,-0.116936,0.0,0.298643,0.46259,-0.311115,0.305898,-0.214988,-0.311115,-0.495614,-0.109794,-0.422013,0.173005,0.161153,-0.48835,-0.620971,-0.119745,0.173005,0.643128,0.173005,-0.320828,0.186704,-0.311115,-0.214988,-0.187947,-0.307316,0.092091,0.183659,0.102652,-0.116936,0.151854,-0.272546,0.092091,-0.049582,0.151854,-0.056384,-0.445947,-0.214988,-0.229346,0.305898,-0.049674,0.409195,0.264834,0.305898,0.186704,0.258717,-0.109794,-0.422004,0.258717,0.258717,-0.440436,0.125396,-0.275013,0.270477,-0.164704,0.364189,0.172605,-0.158397,0.52661,0.023201,-0.226668,-0.109794,0.125396,0.257953,0.397749,-0.034431,0.540233,0.268908,0.491358,0.298643,0.620964,#
13,0.312586,0.410066,0.525864,-0.424341,-0.00119,0.410066,0.410066,-0.49988,0.410066,0.312586,0.082902,0.590635,-0.185386,1.0,0.213974,0.606343,0.013377,0.500163,-0.005515,-0.49988,-0.066934,-0.085721,0.227302,-0.427358,-0.220941,-0.420369,0.284895,-0.002317,0.529384,0.193646,-0.654346,0.00245,-0.653814,0.003875,-0.430412,-0.333253,0.33842,-0.136213,0.648015,0.082902,-0.377391,0.499425,0.127711,-0.070108,-0.225923,0.061106,0.410566,-0.497456,-0.325205,0.365249,0.303567,-0.351106,0.33842,-0.130904,-0.641603,0.486614,-0.285269,0.682848,-0.182226,0.517093,0.320353,-0.015431,0.193219,-0.210982,-0.330213,-0.210982,0.0,0.813945,0.365249,0.045261,0.529333,0.319131,0.0,0.189326,-0.006018,0.334325,-0.404986,-0.179597,-0.816649,0.22576,0.233263,0.006328,0.22493,0.412883,0.345392,0.017905,0.236597,0.006324,0.002658,0.01824,-0.310942,-0.377933,0.0,0.222109,0.029811,-0.010513,0.345392,-0.18897,0.227601,0.003875,0.570778,0.009483,-0.499263,0.488255,0.420721,-0.3869,-0.332785,0.317335,0.018259,0.021459,-0.70775,0.33842,-0.404986,0.601297,0.009483,-0.197766,-0.420806,0.224915,-0.213929,0.009483,-0.179597,0.003875,0.029939,-0.214783,-0.002317,0.407799,0.233263,0.15064,-0.560401,-0.197766,-0.189742,0.0,-0.499263,-0.46942,-0.18897,-0.404986,-0.333253,-0.18897,0.275875,-0.204152,-0.206382,0.345392,-0.179597,-0.303868,-0.189742,-0.635085,-0.310942,0.262245,-0.310942,0.505028,-0.332785,-0.582398,0.33842,-0.392967,-0.179597,0.018259,0.541177,-0.045348,0.222109,-0.18897,-0.284458,0.018259,0.812939,0.605897,0.413745,0.246497,-0.333253,-0.389846,-0.404986,-0.214783,0.00492,-0.60495,-0.009492,-0.332785,0.189015,-0.204152,-0.223121,0.189015,0.189015,0.017418,0.400488,0.346987,0.511162,-0.002469,-0.171303,0.006741,0.491589,-0.006328,-0.391728,0.590941,-0.636106,0.400488,0.490954,0.401626,0.247543,0.23696,-0.516654,-0.323516,-0.499263,-0.184867,#
14,0.499481,0.362348,-0.18718,0.352926,0.335756,-0.103508,0.793059,-0.327246,-0.103508,0.499481,-0.070637,0.356782,0.598879,0.213974,1.0,0.18643,0.200787,-0.209965,0.032771,-0.327246,0.094647,-0.160387,0.415398,-0.781426,0.053225,-0.171952,0.407325,0.279353,0.31681,0.190629,-0.428367,-0.255783,-0.428019,-0.327246,-0.315711,-0.218164,-0.218164,0.002844,0.029133,0.421636,-0.347627,0.31841,-0.492929,-0.074634,0.523713,-0.472396,0.089408,-0.117077,0.201361,0.199565,-0.037421,-0.576089,-0.218164,-0.555305,-0.543709,0.497155,-0.451331,0.08531,-0.184571,0.308907,-0.518451,0.76212,0.371102,0.265579,-0.086307,0.265579,0.0,0.083675,0.199565,-0.179988,0.42621,0.204023,0.0,0.186737,0.103956,0.153663,-0.53439,-0.185753,-0.366171,0.444757,0.078886,-0.53439,-0.428465,0.068772,-0.482794,-0.070874,-0.028886,-0.064244,0.375425,-0.057444,0.218462,-0.331145,0.0,0.420815,0.362376,-0.327079,-0.482794,-0.191088,-0.191088,-0.327246,0.291324,-0.800845,0.335454,0.210988,0.103956,-0.057444,0.232673,-0.479063,0.248383,-0.366171,0.160418,-0.218164,-0.53439,0.239597,-0.326661,0.078886,0.344541,0.060131,0.060375,-0.326661,-0.185753,-0.327246,-0.727675,-0.428465,0.279353,0.375425,-0.428239,0.467276,0.020609,0.078886,-0.036827,0.0,0.335454,0.015711,-0.191088,-0.094925,-0.218164,-0.191088,-0.530864,-0.028886,0.069319,0.218462,0.239597,-0.383569,-0.494468,-0.045816,0.218462,0.53964,0.218462,0.281952,-0.54512,-0.191088,-0.218164,-0.064244,-0.185753,0.248383,0.194166,0.009642,-0.036827,0.229267,-0.145565,0.248383,0.375425,0.229267,0.362376,0.05359,-0.218164,-0.530748,-0.094925,-0.428465,0.339427,-0.288882,-0.094925,0.232673,0.189841,-0.028886,-0.428239,0.189841,0.189841,-0.401769,0.054355,-0.23134,0.31418,-0.256557,0.407276,0.059921,0.302149,0.077346,-0.371838,-0.249704,-0.028886,0.519612,0.301127,0.329932,0.059473,0.44569,-0.275918,0.292746,-0.247728,0.518919,#
15,0.317592,-0.002875,0.012005,-0.011228,0.399667,0.419592,0.38772,-0.499817,0.419592,0.317592,0.502556,0.571208,0.281179,0.606343,0.18643,1.0,0.49617,-0.007052,0.381511,-0.499817,0.343058,-0.607834,0.207003,-0.421319,-0.217527,-0.448517,0.226604,-0.080554,0.510046,0.578753,-0.654264,0.376044,-0.653732,0.00781,0.001704,-0.333211,0.343624,-0.161331,0.658107,0.056133,-0.370866,-0.073618,-0.558383,-0.097654,0.209148,-0.154728,0.003601,-0.506548,-0.51031,0.339587,0.745218,0.296526,0.343624,0.101038,-0.223109,0.447195,-0.316128,0.375362,-0.422435,0.497849,-0.304903,0.45955,0.125058,-0.24165,-0.112375,-0.24165,0.0,0.412722,0.339587,-0.470006,0.507071,0.561355,0.0,0.579788,-0.426528,0.33506,-0.401722,-0.597932,-0.418934,0.196699,-0.219726,0.012753,0.231772,0.820048,-0.328894,-0.395689,-0.210547,-0.413283,-0.423217,-0.407515,-0.354331,-0.797166,0.0,0.19374,-0.002731,-0.006691,-0.328894,-0.602391,-0.182619,0.00781,0.517373,0.019112,-0.536097,0.495912,0.003492,-0.81577,-0.37679,0.33109,-0.499562,0.425616,-0.592551,0.343624,-0.401722,0.188964,-0.410907,-0.654069,-0.01913,-0.211302,-0.210473,-0.410907,-0.597932,0.00781,-0.479111,-0.211321,-0.080554,-0.014963,0.240166,0.127979,-0.605566,-0.654069,-0.221277,0.0,-0.536097,-0.059841,-0.602391,-0.003188,-0.333211,-0.602391,-0.288604,-0.236151,-0.654082,0.307047,-0.212199,-0.336908,-0.636294,-0.678194,-0.354331,0.627912,-0.354331,-0.038142,0.32856,-0.998843,0.343624,-0.815643,-0.597932,-0.499562,0.149152,0.328096,-0.221277,-0.221188,-0.720381,-0.499562,0.393291,0.198585,-0.002731,-0.205193,-0.333211,-0.38651,-0.003188,-0.211321,0.406549,-0.092018,-0.003188,-0.37679,0.577169,-0.236151,-0.219726,0.577169,0.577169,0.268661,0.792932,0.309694,0.479009,0.479009,-0.208183,0.461893,0.460667,0.401722,0.003554,0.578041,-0.671425,0.371008,0.459081,0.79507,0.026967,0.639008,-0.022888,-0.145255,-0.007232,0.205978,#
16,-0.16663,-0.408027,-0.422309,0.107185,0.087435,0.121819,0.082571,-0.249944,0.121819,-0.16663,0.676734,0.280731,0.259073,0.013377,0.200787,0.49617,1.0,-0.362791,-0.13671,-0.249944,-0.099543,-0.35439,-0.240269,-0.596838,-0.327179,0.257251,-0.066237,0.149453,0.250166,0.481459,-0.327179,0.307683,-0.326913,-0.249944,0.490881,-0.16663,-0.16663,0.348502,0.235621,0.116843,-0.603312,-0.245905,-0.748439,0.331542,0.215054,0.071824,-0.085626,-0.323503,0.253916,0.163314,0.368286,0.141867,-0.16663,0.056654,0.312425,0.102041,0.081023,-0.018786,0.08034,0.244091,-0.643892,0.330744,0.22778,0.213647,-0.051224,-0.641428,0.0,-0.089036,0.163314,-0.982812,0.3074,0.465147,0.0,-0.02069,-0.611671,0.148833,-0.408157,0.003508,-0.116457,0.317943,-0.327081,0.111666,0.22846,0.398016,-0.66467,-0.407955,-0.762725,0.096748,-0.407943,-0.407943,0.13409,-0.611612,0.0,0.300027,0.078058,-0.249817,-0.66467,-0.499493,-0.002275,-0.249944,0.245181,-0.102315,0.231468,-0.249944,-0.611671,-0.407943,0.144708,-0.169211,-0.249817,0.398016,-0.388529,-0.16663,-0.408157,0.003508,-0.102315,-0.327081,0.092413,-0.327226,-0.326478,-0.102315,-0.499619,0.386706,-0.376138,0.22846,0.149453,0.104077,-0.327081,0.341327,-0.211136,-0.327081,0.300027,0.0,-0.39497,0.425596,-0.499493,0.092413,-0.16663,-0.002275,-0.570598,0.308872,-0.327088,0.13409,0.488,0.215383,-0.762569,-0.251604,0.13409,0.129072,0.13409,-0.248663,0.144708,-0.499493,-0.16663,-0.40788,-0.499619,-0.249817,-0.024393,-0.148719,-0.762569,0.476528,-0.482838,-0.249817,0.104077,-0.002275,-0.40788,-0.345638,-0.16663,-0.405375,0.092413,-0.327254,0.627952,-0.312547,0.111666,0.144708,0.498545,0.308872,-0.327081,0.498545,0.498545,0.416782,0.396016,-0.213153,0.238917,0.238917,-0.113727,0.162177,0.229768,0.408157,0.383909,-0.009402,-0.237036,0.396016,0.228957,0.075416,-0.087476,0.17112,0.238681,-0.187816,-0.39497,0.160588,#
17,0.134491,0.40851,0.385826,-0.136404,-0.116306,0.388522,-0.091173,0.249769,0.388522,0.134491,-0.126724,-0.279125,-0.292844,0.500163,-0.209965,-0.007052,-0.362791,1.0,-0.43199,0.249769,0.070058,0.31681,-0.322958,0.198807,0.305461,-0.07811,-0.330116,0.4143,0.387467,-0.000711,-0.231762,0.194567,0.326684,0.249769,-0.354276,0.166513,0.166513,-0.188757,0.306532,-0.105603,0.198332,0.273207,0.520173,0.32654,-0.246564,0.167023,0.09607,-0.130601,-0.201552,-0.161335,0.180273,-0.204093,0.166513,-0.190372,-0.332072,0.145433,-0.113378,0.748733,-0.048267,-0.242523,0.627146,-0.438448,0.263266,-0.211648,-0.579276,-0.211648,0.0,0.099412,-0.161335,0.330848,-0.147278,0.028642,0.0,-0.523637,0.083413,-0.17901,0.407871,0.519364,-0.427419,0.223626,0.34861,0.407871,0.327025,0.087448,0.633538,-0.089219,0.763402,-0.0963,0.408794,0.428108,-0.180012,0.107461,0.0,-0.329846,-0.067186,-0.392294,0.633538,0.002648,0.519003,0.249769,0.503609,0.082283,-0.266057,0.225753,0.612373,0.428108,-0.190955,0.126394,0.274332,0.106855,-0.312796,0.166513,0.407871,0.500385,0.102627,0.34861,-0.121577,-0.197029,-0.194879,0.102627,0.519364,0.249769,0.376343,0.327025,0.4143,0.408794,0.326852,0.205527,-0.365652,0.34861,-0.309426,0.0,-0.266057,-0.472034,0.002648,-0.101968,-0.666051,0.002648,0.747264,-0.318346,-0.206836,-0.180012,0.025901,0.018885,0.221499,-0.29912,-0.180012,-0.162846,-0.180012,0.274554,-0.224325,0.002648,0.166513,-0.0963,0.519364,0.274332,0.498169,-0.477338,0.201079,-0.48502,-0.039435,0.274332,0.408794,0.500246,0.408714,-0.164267,0.166513,-0.147306,-0.101968,0.327025,-0.645678,-0.199783,0.388262,-0.190955,-0.030359,-0.318346,-0.238853,-0.030359,-0.030359,-0.082183,0.073359,0.161801,-0.235688,-0.260175,-0.30695,-0.489755,-0.226663,0.082359,-0.419162,0.474672,-0.318346,0.09332,0.365952,-0.135714,-0.066769,-0.19998,-0.260656,0.168329,-0.291079,-0.723644,#
18,0.237192,0.226161,-0.33126,-0.200406,0.628991,0.226161,0.210687,-0.611028,0.226161,0.237192,-0.113802,0.192933,0.12882,-0.005515,0.032771,0.381511,-0.13671,-0.43199,1.0,-0.108283,0.535722,-0.447874,0.794059,0.142281,-0.367303,-0.435447,0.721793,-0.360161,0.061211,0.371626,-0.315399,-0.321648,-0.33712,-0.088947,-0.348533,-0.407352,0.288756,-0.576256,0.07258,-0.113802,0.150415,-0.171126,-0.192436,-0.596599,0.055273,-0.131348,0.167119,0.034516,-0.315754,0.400766,-0.03239,0.401965,0.288756,-0.092918,-0.049785,0.421313,-0.153389,-0.134998,-0.266567,0.597855,-0.170347,0.415508,-0.075018,-0.177397,0.659536,0.5238,0.0,0.188185,0.400766,0.18997,-0.008692,0.365859,0.0,0.821165,-0.232234,0.467555,-0.161038,-0.824091,0.18622,-0.142662,-0.352891,-0.571527,-0.344314,0.560314,-0.220512,-0.117174,-0.097336,-0.542739,-0.204176,-0.173074,-0.270899,-0.204585,0.0,0.342747,-0.175804,0.452791,-0.220512,-0.365633,-0.789363,-0.088947,-0.043189,0.2255,-0.430214,0.394461,-0.248614,-0.592953,-0.289577,0.087878,-0.122585,0.169675,0.111279,0.288756,-0.161038,-0.426787,-0.618987,-0.799601,0.202087,0.128266,0.528648,-0.618987,-0.411506,-0.611028,-0.338994,-0.800023,-0.360161,-0.608504,0.550261,-0.172519,0.038641,-0.799601,-0.495745,0.0,0.083491,-0.283157,-0.365633,-0.176826,0.314537,-0.773373,-0.30827,-0.510868,-0.318357,-0.245705,-0.839372,-0.359702,-0.035396,-0.085394,-0.270899,0.487919,-0.270899,-0.13571,0.435858,-0.380735,0.288756,-0.542739,-0.411506,-0.610716,-0.4411,0.996059,-0.051837,-0.395836,-0.457581,-0.610716,-0.188625,-0.411826,-0.175804,0.142336,-0.407352,0.344209,-0.176826,-0.344314,0.255332,0.485711,-0.603103,-0.289577,0.393301,-0.510868,0.137614,0.393301,0.393301,0.18617,0.574364,0.324854,0.105971,0.618571,0.285283,0.896273,0.594885,0.129462,-0.202181,0.414381,-0.07978,0.140427,0.080868,0.671656,-0.372195,0.500923,0.103404,-0.018896,0.627415,0.512952,#
19,-0.166667,0.092027,-0.359987,0.117115,0.096986,0.092027,-0.408118,0.375,0.092027,-0.166667,-0.02114,-0.53115,0.104332,-0.49988,-0.327246,-0.499817,-0.249944,0.249769,-0.108283,1.0,0.466494,0.2694,-0.230265,0.508531,0.211264,0.30877,-0.245192,0.336346,-0.386883,0.018508,0.211264,-0.065094,0.777696,0.375,-0.054554,-0.166667,-0.166667,-0.201809,-0.327248,-0.02114,0.466494,-0.245959,0.267997,0.22668,0.20342,0.134779,-0.115268,0.337281,0.094793,-0.683492,-0.354813,0.173405,-0.166667,-0.282367,0.312112,-0.117008,0.210298,-0.222761,0.176641,-0.389896,0.141813,-0.26097,0.390568,-0.0452,0.097982,-0.0452,0.0,-0.612213,-0.683492,0.130748,-0.328673,-0.040291,0.0,-0.499604,-0.111772,0.148284,0.612373,0.488108,0.398105,-0.22261,-0.327154,0.102062,0.218218,-0.106954,0.13412,0.08046,0.308941,-0.407971,0.094617,0.094617,0.13412,0.378702,0.0,-0.231322,-0.407971,-0.249873,0.13412,-0.011485,-0.011485,0.375,-0.29817,0.388262,0.23152,-0.25,-0.111772,0.597267,0.14474,-0.436005,0.356961,-0.106954,0.378614,-0.166667,0.612373,-0.005811,-0.111772,0.207617,0.612373,-0.327298,0.239915,-0.111772,0.488108,-0.25,0.22259,0.218218,0.336346,0.094617,0.207617,-0.159321,0.257654,0.207617,-0.231322,0.0,0.23152,-0.09122,-0.011485,0.102062,-0.166667,-0.011485,0.27037,-0.226977,-0.327161,-0.680182,-0.005811,0.282753,0.300094,0.321045,0.13412,-0.321451,0.13412,-0.248719,0.14474,0.476634,-0.166667,0.087422,0.488108,0.356961,0.066314,-0.106629,-0.231322,-0.011485,0.030184,0.356961,-0.408034,-0.011485,-0.407971,-0.312473,-0.166667,0.546764,0.102062,0.218218,-0.418728,0.397047,0.102062,0.14474,0.012952,-0.226977,-0.327154,0.012952,0.012952,0.054375,-0.090909,-0.1599,-0.358455,-0.358455,0.347966,-0.13381,-0.344729,0.408248,-0.113776,0.012618,0.308941,-0.090909,0.268492,-0.407015,-0.531238,-0.325268,0.279895,0.38092,0.23152,-0.325791,#
20,0.282464,0.191652,-0.409233,0.29306,0.7443,0.191652,0.157404,-0.089875,0.191652,0.282464,0.11617,-0.035193,0.546537,-0.066934,0.094647,0.343058,-0.099543,0.070058,0.535722,0.466494,1.0,-0.50574,0.324186,0.225209,0.112116,-0.1991,0.205675,0.261665,0.076794,0.369125,-0.34741,0.181958,0.157794,0.445095,-0.299789,-0.402298,0.111274,-0.420384,-0.012878,0.247901,0.340611,-0.27643,-0.287222,-0.042596,0.554604,-0.21054,-0.308513,0.170997,-0.537674,-0.306448,0.254136,0.365789,0.310996,-0.273772,-0.147663,0.450227,-0.174769,0.01974,-0.26577,0.064661,-0.290481,0.424915,0.463573,-0.21909,0.139459,0.298236,0.0,-0.316106,-0.306448,0.009699,0.100552,0.268312,0.0,0.332574,-0.226994,0.377493,0.32498,-0.360698,0.234666,-0.009799,-0.331941,-0.129293,0.125145,0.564235,-0.315866,-0.264755,0.324774,-0.984754,-0.124417,-0.107207,-0.343746,-0.305699,0.0,-0.147912,-0.25442,-0.083718,-0.315866,-0.387036,-0.486327,0.445095,0.135266,0.133538,-0.34655,0.445095,0.099297,-0.124417,-0.156102,-0.241811,-0.062942,0.149222,0.197038,0.310996,0.32498,0.028251,-0.63788,-0.350251,0.726837,-0.453845,0.181511,-0.63788,0.062073,-0.603446,-0.443619,-0.341815,0.261665,-0.158836,0.493065,-0.135982,-0.003813,-0.350251,-0.620973,0.0,0.179839,-0.268594,-0.387036,0.290036,-0.402298,-0.804843,-0.220022,-0.502002,-0.789695,-0.371626,-0.39452,-0.179558,-0.129717,-0.021627,-0.343746,0.443717,-0.343746,-0.251986,0.379105,-0.370324,0.310996,-0.577682,0.062073,-0.104495,-0.049383,0.483612,-0.166107,-0.403749,-0.485719,-0.104495,-0.141627,-0.085233,-0.25442,-0.300696,-0.402298,0.286482,0.290036,0.125145,-0.152267,0.646088,-0.146765,-0.156102,0.364409,-0.502002,-0.331941,0.364409,0.364409,0.103324,0.559259,0.104019,0.046364,0.09,0.265598,0.438096,0.086554,0.670927,-0.201591,0.372286,-0.024933,0.114609,0.589275,0.604954,-0.436336,0.572296,0.233798,0.575421,0.581133,0.115667,#
