0,1.0,0.072288,0.217847,-0.206311,0.543164,-0.533975,0.651177,-0.156215,0.736542,0.261416,-0.093409,0.423579,0.682386,-0.088965,-0.32646,-0.110283,-0.259681,-0.047552,-0.036006,-0.37562,-0.428164,-0.140509,0.260034,-0.533634,-0.058684,-0.197613,-0.512091,-0.192697,0.405828,0.512315,-0.762497,-0.486238,-0.218064,-0.30927,-0.102989,0.536774,-0.048208,-0.280686,-0.088923,0.228912,0.329889,-0.208216,-0.498317,-0.586083,0.0,0.013228,0.153827,0.53542,-0.162582,0.596245,0.270317,-0.23151,0.0,0.501204,0.289024,0.01057,0.331385,0.270317,0.173802,-0.155825,0.183369,-0.742261,0.013228,-0.361679,0.138061,0.333012,0.034716,-0.020675,0.399334,-0.523441,0.506781,-0.359244,0.010973,-0.533866,-0.530703,0.51017,-0.364321,-0.653675,-0.25413,-0.25413,-0.533866,-0.530703,-0.530703,-0.218064,-0.25413,-0.360207,-0.533866,-0.223015,-0.22791,-0.548682,-0.530703,-0.536841,-0.428052,-0.058256,-0.530703,-0.428044,-0.218064,-0.530703,0.293161,-0.497462,0.301613,-0.428052,-0.25413,-0.533866,-0.360207,-0.095425,0.172998,0.172998,-0.80048,0.377272,0.047586,-0.218064,-0.223015,-0.533783,-0.223015,-0.533783,-0.548682,-0.25413,0.087615,-0.381096,-0.22791,-0.80048,-0.25413,-0.515137,0.150723,-0.25413,-0.653675,-0.542766,-0.162225,-0.244285,-0.80048,0.06339,-0.058256,0.258362,-0.364321,-0.65384,0.0,-0.223015,0.102561,-0.769914,-0.651979,0.506226,-0.327097,-0.478234,-0.530703,-0.282706,-0.653675,0.598851,-0.530703,-0.223015,-0.553561,-0.548682,-0.653675,-0.360207,-0.530703,-0.095425,0.117134,0.786273,-0.246608,-0.533866,0.398546,-0.534146,-0.32693,-0.360207,0.07884,-0.083135,-0.082092,0.066784,0.182027,-0.381096,0.08069,0.161517,-0.089024,-0.790546,0.346235,-0.769914,-0.360207,0.547772,0.235096,-0.337753,0.340114,0.344893,-0.102652,-0.194809,0.547772,0.467839,-0.0642,-0.54201,-0.127816,0.532691,0.06339,0.047412,0.533684,0.653549,-0.532099,0.513495,0.653549,-0.381096,-0.47911,0.087857,#
1,0.072288,1.0,0.182566,-0.21227,0.130386,-0.074413,0.250287,0.129271,0.135924,0.247102,-0.069866,0.761395,-0.190938,-0.534038,0.124241,-0.06982,0.225205,-0.053753,-0.596188,-0.335823,-0.428362,-0.103822,-0.190938,-0.109033,0.359155,0.219035,-0.118573,-0.199029,0.256176,0.559955,-0.196294,0.369695,-0.218165,0.117368,-0.053668,0.518497,-0.053668,-0.224353,-0.099876,0.257335,-0.534252,0.215364,-0.025179,-0.222717,0.0,-0.45096,-0.03803,0.060292,-0.615697,0.472912,-0.315919,-0.755951,0.0,0.544569,0.36944,0.192817,-0.481936,-0.315919,-0.233272,0.240191,-0.446448,0.327249,-0.45096,-0.012794,0.176235,-0.77702,0.041498,-0.007986,-0.499059,-0.47713,-0.346652,-0.353745,0.073025,-0.106863,-0.543096,0.122806,-0.375824,-0.239079,-0.78421,-0.78421,-0.106863,-0.543096,-0.543096,0.490164,-0.78421,-0.371822,-0.106863,-0.234314,-0.239079,-0.543096,-0.069347,-0.089598,0.017734,-0.082023,-0.543096,0.026311,0.212499,-0.543096,-0.257193,-0.003424,0.108742,-0.42825,-0.78421,-0.106863,-0.371822,-0.534113,0.174164,0.174164,-0.375824,-0.080187,-0.428468,0.490164,-0.234314,-0.112949,-0.234314,-0.534031,-0.069347,-0.78421,0.065205,0.066204,-0.653978,0.066204,-0.78421,-0.249773,0.207258,-0.78421,-0.239079,-0.468453,-0.710903,-0.239079,-0.375824,-0.371822,-0.082023,0.244119,-0.375824,-0.234314,0.0,-0.234314,-0.40377,-0.240576,0.169625,0.507127,-0.327248,-0.0,-0.543096,-0.821004,-0.239079,0.233418,-0.069347,-0.234314,-0.535583,-0.543096,-0.239079,0.074647,-0.543096,-0.534113,-0.329053,-0.06766,-0.232942,-0.106863,-0.082023,-0.100633,0.188724,-0.371822,0.056665,0.372402,0.308735,0.193955,-0.327081,-0.375824,0.587812,-0.21914,-0.100633,-0.240576,0.358195,-0.240576,-0.371822,0.096139,0.229553,-0.320392,0.528769,-0.114293,0.354868,0.239768,0.096139,-0.207754,-0.052096,-0.53194,-0.075582,0.526893,-0.371822,0.511392,0.533931,0.218386,-0.505193,0.557559,0.218386,-0.375824,-0.02353,0.033183,#
2,0.217847,0.182566,1.0,0.238258,-0.085,-0.40771,0.011795,-0.153825,0.388586,-0.249501,-0.407741,0.499605,0.024147,-0.407569,-0.6111,0.116998,0.474767,-0.239631,0.273474,-0.611234,-0.326919,-0.309236,-0.499047,0.071903,0.07689,-0.499081,-0.224096,-0.379545,0.098815,0.210908,-0.380454,-0.222757,-0.1665,-0.111846,0.303635,-0.1665,-0.239254,0.222887,-0.407375,0.015843,0.116855,-0.499006,-0.213071,-0.037208,0.0,-0.695891,-0.325328,-0.326915,-0.078666,0.281151,-0.619493,0.277313,0.0,0.406544,0.217616,-0.419665,0.167098,-0.619493,0.497127,0.087719,-0.684084,-0.399603,-0.695891,-0.002638,-0.103998,-0.307486,0.203217,-0.762028,-0.11797,0.198765,-0.099131,0.431417,0.216963,0.074436,-0.248166,-0.11756,-0.131642,-0.030979,0.231288,0.231288,0.074436,-0.248166,-0.248166,0.632701,0.231288,-0.127029,0.074436,-0.025542,-0.030979,0.308632,-0.248166,-0.243597,0.176367,-0.239406,-0.248166,0.18604,-0.01998,-0.248166,0.249212,0.37001,-0.041562,-0.326834,0.231288,0.074436,-0.127029,-0.407627,0.165864,0.165864,-0.131642,0.655339,-0.327,0.632701,-0.025542,0.067539,-0.025542,-0.407563,0.308632,0.231288,-0.117435,0.387875,-0.499105,-0.131642,0.231288,-0.093649,0.123904,0.231288,-0.030979,0.162939,0.351232,0.476158,-0.131642,0.397707,-0.239406,-0.249565,-0.131642,-0.025542,0.0,-0.025542,-0.704781,-0.407646,-0.014223,0.407254,-0.24975,-0.290401,-0.248166,0.215856,-0.030979,-0.119277,-0.248166,-0.025542,0.144596,0.308632,-0.030979,-0.127029,-0.248166,-0.407627,-0.610936,0.103967,0.240411,0.074436,0.326463,0.081568,0.332355,-0.127029,-0.122176,-0.429103,0.088561,-0.593635,0.380853,0.387875,-0.345355,0.386711,0.081568,0.231288,0.111813,-0.407646,-0.127029,-0.091616,-0.524565,0.287095,0.29646,-0.02607,0.594728,-0.497591,-0.091616,-0.154574,-0.20588,-0.09276,0.095325,-0.346341,0.397707,-0.336153,0.407487,0.007677,-0.428068,0.213879,0.007677,0.387875,-0.196428,-0.326157,#
3,-0.206311,-0.21227,0.238258,1.0,0.122026,-0.065773,0.067177,-0.584924,-0.020969,-0.427289,0.427568,-0.116343,-0.041926,-0.135899,-0.410417,-0.08931,0.491594,-0.395429,0.157931,0.101086,-0.220833,-0.138927,-0.041926,-0.205231,-0.150938,-0.519674,0.245079,-0.385459,0.306969,-0.176894,0.311391,-0.407844,0.190534,-0.542762,0.161355,-0.663584,-0.417979,0.350432,-0.638242,0.025632,0.42512,-0.53522,-0.367008,0.39007,0.0,-0.343683,-0.390268,-0.236038,0.827207,0.124072,-0.278708,0.286434,0.0,0.14846,0.39195,-0.189061,-0.212868,-0.278708,0.494602,-0.302678,-0.203308,-0.285804,-0.343683,-0.334943,-0.26696,-0.257836,0.286941,-0.316328,-0.414305,0.601151,-0.434656,0.043032,0.374776,-0.158286,0.141422,0.112831,0.057048,-0.055915,0.302892,0.302892,-0.158286,0.141422,0.141422,0.124833,0.302892,0.03209,0.366226,-0.042607,-0.055915,0.141422,0.204801,-0.385497,-0.258669,-0.373586,0.141422,0.30952,0.512471,0.141422,-0.285185,0.161888,-0.27753,-0.258669,0.302892,-0.158286,0.03209,-0.118656,0.709172,-0.157081,0.017625,0.387897,0.33119,0.124833,-0.042607,-0.170016,-0.042607,-0.170016,0.204801,0.302892,0.080975,0.07676,-0.055915,0.07676,0.302892,-0.215073,-0.249927,0.302892,-0.055915,0.54833,0.398517,-0.055915,0.017625,0.07191,-0.373586,-0.424139,0.057048,0.433853,0.0,-0.042607,-0.367424,0.327135,-0.039521,0.166139,0.187249,-0.583988,0.141422,0.248005,-0.055915,-0.006724,0.204801,-0.042607,0.623832,0.141422,-0.055915,0.091819,0.141422,-0.158286,-0.472622,-0.09508,0.99409,-0.197916,0.237691,0.34601,-0.420744,0.03209,-0.425864,-0.106805,-0.117764,-0.241277,0.260326,0.057048,-0.261538,-0.321559,0.386244,0.327135,-0.097735,0.327135,0.03209,0.135699,0.013799,0.824448,-0.512553,0.413657,0.38306,-0.440919,0.135699,-0.333923,-0.345273,0.087842,-0.065146,-0.187234,0.598934,-0.20295,0.100368,0.020953,-0.190777,-0.175534,0.020953,0.017625,-0.431411,0.373237,#
4,0.543164,0.130386,-0.085,0.122026,1.0,-0.15511,0.436461,-0.330885,0.097119,0.402334,0.262559,0.3843,0.411067,0.208937,-0.207538,0.230317,0.391006,-0.559476,-0.115702,-0.265079,-0.36469,0.151348,0.003003,-0.609287,-0.556593,0.017637,-0.55924,-0.372356,0.739213,0.560931,-0.485635,-0.138943,-0.407868,-0.295526,-0.135849,0.294422,-0.559273,0.064569,-0.155919,0.047806,0.228647,-0.011282,-0.543184,-0.116563,0.0,0.286494,-0.292,0.525047,0.098235,0.288509,0.427924,-0.506156,0.0,0.591562,0.142957,-0.080564,-0.207579,0.427924,-0.435921,-0.264722,0.413819,-0.401118,0.286494,-0.191734,0.442526,0.008314,0.059199,0.352919,-0.070811,-0.372278,-0.265751,-0.725934,0.54316,-0.998545,-0.555971,0.997818,-0.662995,-0.80383,-0.440645,-0.440645,-0.998545,-0.555971,-0.555971,-0.407868,-0.440645,-0.69556,-0.56727,-0.822704,-0.40829,-0.555971,-0.104328,-0.55367,-0.350445,-0.568974,-0.555971,-0.34178,-0.008103,-0.555971,-0.451382,-0.620588,0.538569,-0.350445,-0.440645,-0.607523,-0.69556,-0.59123,0.404726,-0.307541,-0.679203,0.207061,0.065427,-0.407868,-0.822704,-0.573343,-0.438474,-0.187966,-0.104328,-0.440645,-0.271137,0.147396,-0.028572,-0.2578,-0.440645,-0.094498,0.360746,-0.440645,-0.80383,-0.236621,-0.498865,-0.028572,-0.679203,-0.286294,-0.568974,0.402214,-0.274007,-0.414931,0.0,-0.822704,-0.194664,-0.420712,-0.452252,0.60025,-0.125602,-0.226497,-0.555971,-0.501085,-0.424112,0.608042,-0.521229,-0.438474,-0.297911,-0.555971,-0.424112,-0.662819,-0.555971,-0.200207,-0.256537,0.671465,0.096086,-0.607523,-0.084012,-0.602088,-0.611491,-0.69556,-0.282928,0.277916,-0.193563,-0.118455,0.400911,-0.274007,0.547511,-0.453741,-0.585547,-0.420712,0.27462,-0.420712,-0.69556,0.207108,0.035615,-0.223711,0.240584,0.092711,0.264859,0.457876,0.620678,-0.175534,0.346576,-0.242277,0.251129,0.564113,0.147047,0.547518,0.598368,0.8332,-0.169323,0.560939,0.8332,-0.274007,-0.638585,0.540717,#
5,-0.533975,-0.074413,-0.40771,-0.065773,-0.15511,1.0,0.003527,0.469284,-0.38483,-0.40771,0.175142,-0.192476,-0.815493,0.183479,0.677327,0.207991,0.027276,-0.338533,0.078167,0.282294,0.793059,0.41106,-0.412518,-0.216562,-0.261917,0.425315,0.455641,-0.137772,-0.530979,-0.06877,0.375995,0.508368,0.39478,-0.211971,-0.301761,-0.272078,-0.336606,0.447941,0.197242,0.010026,-0.262227,0.035629,0.042669,0.074269,0.0,0.432623,-0.52336,-0.534212,-0.079818,-0.111806,0.390033,-0.150897,0.0,-0.146186,-0.089477,0.57484,-0.444762,0.390033,-0.396704,0.49761,0.293042,0.408118,0.432623,0.299652,0.170256,-0.009852,-0.534212,0.549435,-0.400668,0.223109,-0.142933,0.209011,0.37411,0.179066,0.109788,-0.145932,0.265695,0.418731,-0.074802,-0.074802,0.179066,0.109788,0.109788,-0.272078,-0.074802,-0.149873,0.16203,0.014694,0.028124,0.109788,0.5558,0.120939,0.372848,-0.328985,0.109788,0.346984,0.0,0.109788,-0.580326,0.44968,-0.256563,0.372848,-0.074802,0.179066,-0.149873,0.179066,-0.380766,-0.352631,0.265695,-0.662932,-0.09779,-0.272078,0.014694,0.190286,0.014694,0.190286,0.5558,-0.074802,-0.586911,0.281701,0.028124,0.681844,-0.074802,0.275458,-0.320138,-0.074802,0.418731,0.245249,-0.185282,0.028124,0.265695,-0.149873,-0.328985,-0.407815,0.265695,-0.002046,0.0,0.014694,0.093947,0.437004,0.404648,-0.142387,-0.408118,0.465241,0.109788,-0.073667,0.418731,-0.197599,0.5558,0.014694,0.315045,0.109788,0.418731,0.270457,0.109788,-0.22317,-0.156146,-0.243764,-0.093837,-0.22317,-0.347444,-0.258087,0.126829,-0.149873,-0.141427,0.189313,0.169673,0.349031,0.106262,0.265695,-0.014597,-0.507017,-0.258087,0.437004,-0.214749,0.437004,-0.149873,-0.156771,0.016393,-0.060534,0.111778,-0.049899,0.188099,0.402824,-0.156771,0.011123,0.12872,0.606304,0.612192,-0.047718,-0.166991,0.384515,-0.560793,-0.378608,0.201098,-0.069957,-0.378608,-0.134448,0.207654,0.317517,#
6,0.651177,0.250287,0.011795,0.067177,0.436461,0.003527,1.0,-0.136299,0.68848,0.032239,0.011642,0.524313,0.222727,-0.414247,0.029522,0.011634,-0.21398,-0.23792,-0.186124,-0.010368,-0.2306,0.154913,0.222727,-0.81541,0.011321,-0.190393,-0.285675,-0.601388,0.129972,0.668409,-0.480763,-0.269584,0.322715,-0.775669,-0.255341,0.348952,-0.255341,-0.070558,-0.413456,0.625263,0.376294,-0.193734,-0.656188,-0.598436,0.0,0.047933,-0.164519,0.215945,-0.084248,0.91635,0.438043,-0.500695,0.0,0.394636,0.459847,0.343878,-0.213033,0.438043,0.161438,0.10854,0.26153,-0.484074,0.047933,-0.256077,0.380849,0.027457,-0.236551,0.240227,0.058371,-0.310484,0.359994,-0.396815,0.22209,-0.420124,-0.681571,0.394583,-0.435996,-0.614634,-0.54396,-0.54396,-0.420124,-0.681571,-0.681571,-0.333209,-0.54396,-0.428497,-0.420124,-0.221552,-0.614634,-0.681571,-0.242872,-0.682747,-0.654078,-0.247434,-0.681571,-0.233142,0.196777,-0.681571,-0.041812,-0.146378,-0.170488,-0.654078,-0.54396,-0.420124,-0.428497,-0.024483,0.291962,0.291962,-0.829577,0.024096,0.204396,-0.333209,-0.221552,-0.815638,-0.221552,-0.815638,-0.242872,-0.54396,-0.01593,-0.420253,-0.614634,-0.420253,-0.54396,-0.787146,-0.384471,-0.54396,-0.614634,-0.485561,-0.401626,-0.614634,-0.829577,-0.030961,-0.247434,0.029427,-0.435996,-0.61032,0.0,-0.221552,-0.0215,-0.524598,-0.235147,0.389389,-0.499814,-0.660016,-0.681571,-0.515042,-0.614634,0.830619,-0.242872,-0.221552,-0.382033,-0.681571,-0.614634,-0.01506,-0.681571,-0.420124,-0.002463,0.391199,-0.026289,-0.815765,0.181263,-0.414523,-0.499559,-0.428497,-0.027746,0.396864,-0.034315,0.507011,-0.021915,-0.435996,0.27222,-0.19444,-0.012853,-0.524598,0.403401,-0.524598,-0.428497,0.81086,0.590155,-0.070487,0.386438,0.694158,-0.008969,-0.17002,0.81086,0.545569,-0.227307,-0.565667,-0.010123,0.65164,-0.030961,0.208704,0.401218,0.595396,-0.80509,0.668439,0.595396,-0.829577,-0.591977,0.238497,#
7,-0.156215,0.129271,-0.153825,-0.584924,-0.330885,0.469284,-0.136299,1.0,0.127157,0.06663,-0.383925,-0.10757,-0.530487,0.074577,0.525695,-0.349756,-0.261932,0.210082,0.125441,-0.331354,0.72442,0.153619,-0.115837,-0.057158,0.348565,0.314357,0.177926,0.468924,-0.577446,-0.162317,-0.077554,0.713806,0.359558,0.359793,-0.685187,0.387005,0.211186,-0.00246,0.509133,-0.129541,-0.384088,-0.103181,0.621643,0.190555,0.0,0.058802,0.02777,-0.167936,-0.417615,-0.084741,-0.002276,-0.077554,0.0,-0.05055,-0.03749,0.294018,0.331307,-0.002276,-0.257437,0.478505,-0.088285,0.489933,0.058802,0.400311,-0.043395,0.200219,-0.331794,0.351802,-0.1723,-0.429233,0.120806,0.335967,-0.192115,0.351466,0.19946,-0.305009,0.382091,0.564302,-0.012153,-0.012153,0.351466,0.19946,0.19946,0.139981,-0.012153,-0.042762,0.333936,0.151771,0.162378,0.19946,0.19946,0.648358,0.585844,0.191946,0.19946,0.564876,-0.288195,0.19946,-0.024649,0.093419,-0.351352,0.292058,-0.012153,0.351466,-0.042762,0.07002,-0.387134,-0.358183,0.382091,-0.498486,-0.192262,0.139981,0.151771,0.358964,0.151771,0.081583,0.19946,-0.012153,-0.071747,-0.029645,-0.110931,0.382091,-0.012153,0.348174,-0.285086,-0.012153,0.564302,-0.396402,-0.09222,0.162378,0.382091,-0.042762,0.191946,0.063696,0.382091,0.134546,0.0,0.151771,0.402613,-0.012153,0.178194,-0.058052,-0.489932,0.47872,0.19946,-0.051885,0.564302,-0.230008,0.19946,0.151771,-0.33768,0.19946,0.564302,-0.042762,0.19946,-0.34387,0.124835,0.08662,-0.560001,-0.062424,0.172952,-0.094124,0.400328,-0.042762,0.379312,0.074546,-0.040297,0.014679,0.039386,0.382091,-0.111803,0.010033,-0.094124,-0.012153,-0.341208,-0.012153,-0.042762,-0.341778,-0.130137,-0.656623,0.097628,-0.512656,-0.050917,0.275049,-0.341778,-0.025697,-0.0811,0.200311,0.071624,-0.146159,-0.060375,0.301452,-0.462845,-0.536591,0.086962,-0.163555,-0.536591,-0.029645,0.7618,-0.210832,#
8,0.736542,0.135924,0.388586,-0.020969,0.097119,-0.38483,0.68848,0.127157,1.0,0.071407,-0.380743,0.339878,0.309922,-0.376386,-0.329536,-0.380495,-0.302891,0.171065,0.173785,-0.374175,-0.194543,-0.25745,0.309922,-0.51752,0.358621,-0.544746,-0.262038,-0.135283,-0.042448,0.271669,-0.549187,-0.245399,0.365703,-0.43649,-0.318484,0.393408,0.152004,-0.111758,-0.37558,0.289457,0.458405,-0.55481,-0.256056,-0.323111,0.0,-0.405639,0.166093,0.276983,-0.064155,0.789482,-0.089948,-0.022991,0.0,0.351961,0.425507,-0.027932,0.443334,-0.089948,0.548587,-0.061536,-0.221298,-0.548557,-0.405639,-0.31452,-0.066876,0.17481,0.111587,-0.116482,0.171169,-0.357619,0.471536,-0.034298,-0.206605,-0.098497,-0.302679,0.06512,-0.086249,-0.298402,-0.077451,-0.077451,-0.098497,-0.302679,-0.302679,0.144065,-0.077451,-0.075461,-0.098497,0.119968,-0.298402,-0.302679,-0.302679,-0.301888,-0.345181,0.160622,-0.302679,0.105,0.132983,-0.302679,0.457607,-0.209978,-0.386203,-0.641724,-0.077451,-0.098497,-0.075461,0.035191,0.283456,0.283456,-0.501849,0.386331,0.264801,0.144065,0.119968,-0.520249,0.119968,-0.800234,-0.302679,-0.077451,0.36583,-0.501849,-0.574275,-0.501849,-0.077451,-0.595675,-0.429668,-0.077451,-0.298402,-0.542242,0.095881,-0.298402,-0.501849,0.344315,0.160622,0.068447,-0.086249,-0.29055,0.0,0.119968,0.082842,-0.588583,-0.273349,0.350185,-0.490374,-0.69694,-0.302679,-0.100568,-0.298402,0.541105,-0.302679,0.119968,-0.425059,-0.302679,-0.298402,-0.075461,-0.302679,-0.382583,0.08889,0.4741,-0.063763,-0.516271,0.613302,-0.088221,-0.147156,-0.075461,0.350185,0.026363,-0.077314,0.059267,0.014241,-0.086249,-0.169461,0.315101,0.33592,-0.588583,0.040239,-0.588583,-0.075461,0.493121,0.253449,-0.117424,0.119079,0.347489,-0.098534,-0.541007,0.493121,0.402588,-0.588603,-0.583424,-0.397918,0.260485,0.344315,-0.19465,0.362641,0.264426,-0.813259,0.272843,0.264426,-0.501849,-0.205999,-0.149649,#
9,0.261416,0.247102,-0.249501,-0.427289,0.402334,-0.40771,0.032239,0.06663,0.071407,1.0,-0.407741,0.175032,0.508706,0.06195,-0.067543,0.057289,-0.030751,0.32677,-0.188393,-0.125361,-0.326919,0.169244,0.508706,0.071903,0.137469,0.023987,-0.749321,0.269676,0.29443,0.253917,-0.380454,0.333708,-0.1665,0.445004,-0.239254,0.699301,0.326255,-0.398012,0.102598,0.036439,0.096679,0.483289,0.317915,0.131735,0.0,0.153184,0.48944,0.777527,-0.257364,-0.0366,0.145995,-0.380454,0.0,-0.09443,-0.339032,-0.461631,0.201307,0.145995,-0.50341,-0.293062,0.210772,0.249751,0.153184,0.253258,0.496158,0.055347,0.203217,0.316005,0.352021,-0.668106,-0.07783,-0.607179,-0.326751,-0.407627,-0.248166,0.433077,-0.611196,-0.499105,-0.407646,-0.407646,-0.407627,-0.248166,-0.248166,-0.1665,-0.407646,-0.127029,-0.407627,-0.499231,-0.499105,-0.248166,-0.248166,0.284196,-0.326834,0.293176,-0.248166,-0.326827,-0.01998,-0.248166,0.211097,-0.733529,0.21041,-0.326834,-0.407646,0.074436,-0.127029,-0.407627,0.115129,0.115129,-0.131642,0.013731,0.1962,-0.1665,-0.499231,-0.407563,-0.025542,0.067539,-0.248166,-0.407646,0.386203,-0.131642,-0.030979,-0.131642,-0.407646,0.116125,0.158176,-0.407646,-0.499105,-0.65701,-0.483581,-0.030979,-0.131642,-0.127029,0.293176,0.999981,-0.131642,-0.025542,0.0,-0.499231,0.14457,-0.407646,-0.014223,-0.112594,0.349651,0.0,-0.248166,-0.342358,-0.030979,0.525605,-0.762133,-0.025542,-0.707555,-0.248166,-0.030979,-0.611401,-0.248166,0.074436,0.420551,0.140496,-0.4036,0.074436,-0.229164,0.081568,-0.249623,-0.127029,0.376111,0.627151,-0.40641,-0.1306,-0.249623,-0.131642,0.724511,0.218669,-0.407841,-0.407646,0.111813,-0.407646,-0.127029,-0.091616,0.014247,-0.531589,0.097901,-0.382817,-0.395207,0.510188,0.418244,-0.188632,0.307483,-0.575101,-0.407548,0.229971,-0.127029,0.223205,0.407487,0.499009,0.088132,0.252496,0.499009,-0.131642,0.093045,-0.326157,#
10,-0.093409,-0.069866,-0.407741,0.427568,0.262559,0.175142,0.011642,-0.383925,-0.380743,-0.407741,1.0,-0.187935,-0.017843,0.158271,0.237959,-0.224623,0.035619,-0.381769,-0.419526,0.246495,-0.099251,0.01403,-0.017843,-0.261899,-0.257933,0.389432,0.526474,-0.084522,0.478685,-0.06417,0.335111,-0.408557,-0.272099,-0.237638,0.075665,-0.272099,-0.381844,-0.0966,0.158196,0.002179,-0.258247,-0.004895,-0.337234,-0.060122,0.0,0.250336,-0.218602,-0.105364,0.424049,-0.103231,0.228884,-0.197036,0.0,0.264329,0.454647,0.547755,-0.423121,0.228884,-0.027511,-0.047096,0.292076,-0.096987,0.250336,-0.422802,-0.310605,-0.057216,-0.105364,0.096341,-0.374507,0.169208,-0.185519,-0.232813,0.38313,-0.259904,0.079391,0.261335,0.237346,-0.003435,-0.109698,-0.109698,-0.259904,0.079391,0.079391,-0.272099,-0.109698,-0.182776,0.170242,-0.017471,0.39107,-0.353745,0.096717,-0.345908,-0.085112,-0.364479,0.079391,-0.076476,0.008082,0.079391,-0.620984,-0.025523,0.340663,0.338951,-0.109698,-0.666154,-0.182776,0.146345,0.310525,-0.399879,-0.166789,-0.233786,-0.093474,-0.272099,-0.017471,0.158269,-0.416663,0.158269,-0.33642,-0.109698,-0.166606,-0.150624,0.39107,-0.150624,-0.109698,-0.188198,0.258495,-0.109698,-0.003435,0.322111,-0.106332,-0.397939,-0.166789,-0.590971,-0.364479,-0.407845,-0.166789,0.006011,0.0,-0.017471,0.164037,0.407214,-0.439562,0.277924,0.096986,0.0,0.079391,-0.222799,-0.397939,-0.18992,0.529853,-0.416663,0.275295,-0.353745,-0.397939,0.241748,0.079391,0.146345,-0.193796,0.15822,0.422356,-0.259904,0.101607,-0.254063,-0.40794,-0.182776,-0.58647,-0.23019,0.135738,0.323698,0.111361,-0.570924,-0.040067,-0.760183,0.158377,-0.089817,0.183442,0.407214,-0.182776,0.280685,0.443141,0.206942,-0.285469,0.402176,0.170006,0.043925,-0.14899,-0.022467,0.096908,0.223628,0.189,0.376586,-0.158764,0.365508,-0.15824,0.01325,0.16725,-0.065368,0.01325,-0.166789,-0.267855,0.803171,#
11,0.423579,0.761395,0.499605,-0.116343,0.3843,-0.192476,0.524313,-0.10757,0.339878,0.175032,-0.187935,1.0,0.092787,-0.652343,-0.052575,0.241532,0.342134,-0.422866,-0.457671,-0.51296,-0.523257,0.15156,-0.335512,-0.363077,0.103813,0.074704,-0.496645,-0.652557,0.395918,0.905829,-0.654605,0.000145,-0.266495,-0.198683,0.022221,0.47062,-0.4222,-0.173663,-0.217858,0.534545,-0.223165,0.071052,-0.400955,-0.468824,0.0,-0.291385,-0.358011,-0.034302,-0.518592,0.646138,-0.061139,-0.676143,0.0,0.648908,0.40696,0.071458,-0.39766,-0.061139,-0.111125,0.375444,-0.22079,-0.131831,-0.291385,0.131615,0.503944,-0.513969,-0.203553,-0.228571,-0.208906,-0.419888,-0.105043,-0.229083,0.423583,-0.361726,-0.909899,0.349723,-0.689067,-0.516549,-0.717742,-0.717742,-0.361726,-0.909899,-0.909899,0.215464,-0.717742,-0.686489,-0.361726,-0.513395,-0.516549,-0.454091,-0.435859,-0.456907,-0.219664,-0.450807,-0.909899,-0.213824,-0.068041,-0.909899,-0.185213,0.103679,0.239733,-0.523121,-0.717742,-0.361726,-0.686489,-0.652435,0.222283,0.222283,-0.689067,0.109461,-0.523386,0.215464,-0.513395,-0.365823,-0.513395,-0.652334,0.019948,-0.717742,-0.251908,0.178521,-0.798853,-0.246767,-0.717742,-0.448825,0.225116,-0.717742,-0.516549,-0.439655,-0.60967,-0.101395,-0.689067,-0.256928,-0.450807,0.172029,-0.689067,-0.513395,0.0,-0.513395,-0.608028,-0.69682,-0.111606,0.625325,-0.399743,-0.237729,-0.909899,-0.689961,-0.516549,0.451501,-0.435859,-0.513395,-0.494057,-0.454091,-0.516549,-0.239746,-0.909899,-0.652435,-0.506099,0.233007,-0.163495,-0.361726,0.012426,-0.357639,-0.048576,-0.686489,-0.258818,0.248421,0.050816,0.022238,0.116583,-0.263779,0.488205,-0.122155,-0.357639,-0.173774,0.676983,-0.69682,-0.686489,0.361958,0.077851,-0.237485,0.804617,0.180131,0.527239,0.095881,0.361958,0.053755,0.182564,-0.559116,0.218064,0.426963,-0.256928,0.414402,0.652212,0.502401,-0.629415,0.905894,0.502401,-0.263779,-0.382655,-0.061208,#
12,0.682386,-0.190938,0.024147,-0.041926,0.411067,-0.815493,0.222727,-0.530487,0.309922,0.508706,-0.017843,0.092787,1.0,-0.02564,-0.410376,-0.033449,-0.242087,0.197458,-0.155584,-0.046346,-0.653897,-0.019885,0.594261,-0.041754,0.015034,-0.201947,-0.607451,0.015789,0.566987,0.23174,-0.505549,-0.632453,-0.33303,0.033779,0.161388,0.365259,0.196472,-0.54571,-0.023851,0.200997,0.404921,0.174421,-0.210035,-0.272188,0.0,0.129901,0.471358,0.664434,0.159634,0.094191,0.20622,0.004552,0.0,-0.004169,-0.012203,-0.375701,0.386265,0.20622,0.158224,-0.424969,0.30877,-0.507605,0.129901,-0.187024,0.161114,0.391832,0.20124,-0.220698,0.686569,-0.327443,0.398041,-0.393568,-0.231909,-0.426531,-0.26355,0.400426,-0.432843,-0.620745,-0.052697,-0.052697,-0.426531,-0.26355,-0.26355,-0.33303,-0.052697,-0.034661,-0.426531,-0.21855,-0.227458,-0.26355,-0.678076,-0.261955,-0.653726,0.187304,-0.26355,-0.653713,-0.209487,-0.26355,0.467728,-0.594959,0.392617,-0.247883,-0.052697,-0.426531,-0.034661,-0.021536,0.290839,0.290839,-0.448958,0.382567,0.20747,-0.33303,-0.21855,-0.432018,-0.21855,-0.048837,-0.678076,-0.052697,0.395064,-0.432843,0.150097,-0.83573,-0.052697,-0.375838,0.263225,-0.052697,-0.620745,-0.347611,0.008704,-0.227458,-0.448958,-0.018384,0.187304,0.508614,-0.432843,-0.234468,0.0,-0.21855,0.185539,-0.548193,-0.605685,0.001159,0.467317,-0.450414,-0.26355,0.003887,-0.620745,0.452033,-0.678076,-0.21855,-0.398062,-0.26355,-0.620745,-0.425319,-0.26355,0.367259,0.396021,0.420165,-0.038544,-0.037736,0.204858,-0.026315,-0.499291,-0.034661,-0.015264,-0.006389,-0.397053,-0.085223,-0.010354,-0.432843,0.172101,0.329962,-0.009868,-0.548193,0.400146,-0.548193,-0.034661,0.42535,0.204329,-0.086046,-0.044039,0.289053,-0.417564,-0.182473,0.42535,0.301315,0.18373,-0.574555,-0.425189,0.218997,-0.018384,-0.22123,0.407948,0.601836,-0.049959,0.232872,0.601836,-0.046071,-0.363542,-0.176638,#
13,-0.088965,-0.534038,-0.407569,-0.135899,0.208937,0.183479,-0.414247,0.074577,-0.376386,0.06195,0.158271,-0.652343,-0.02564,1.0,-0.143828,0.159486,-0.003676,0.089649,0.546003,0.242305,0.380148,-0.268786,-0.02564,0.184014,-0.666072,0.039183,0.134416,0.482947,-0.077415,-0.533678,0.354453,0.144995,-0.271984,0.207972,0.108011,-0.271984,0.108011,0.448615,0.214427,-0.815234,0.157928,0.020539,0.051104,0.25544,0.0,0.436117,0.141138,0.331963,0.154681,-0.553707,0.232043,0.354453,0.0,-0.166432,-0.595014,-0.14739,0.213854,0.232043,-0.388077,-0.52025,0.318128,-0.101995,0.436117,-0.261798,-0.24067,0.383415,0.331963,0.514799,0.136437,0.194814,-0.1258,-0.191192,-0.08896,-0.214237,0.556636,0.240359,0.290883,0.044982,0.438033,0.438033,-0.214237,0.556636,0.556636,-0.271984,0.438033,0.262777,-0.231608,0.031293,0.443264,0.119353,0.556636,0.130569,0.390851,0.116069,0.556636,-0.071869,-0.016319,0.556636,-0.070643,-0.436883,0.341591,0.390851,0.438033,0.179496,0.262777,0.195902,-0.393666,-0.364978,0.274563,0.113169,0.338305,-0.271984,0.031293,0.20734,0.418187,0.595389,0.119353,0.438033,-0.175024,0.274563,0.825615,0.274563,0.438033,0.709823,0.31437,0.438033,0.044982,0.377784,0.221185,0.427333,0.274563,0.262777,0.116069,0.064665,0.682568,-0.001897,0.0,0.031293,0.295201,0.438033,0.034851,-0.141858,0.081595,0.474381,0.556636,0.345229,0.427333,-0.239807,0.136844,0.418187,0.316511,0.119353,0.427333,-0.132843,0.556636,0.589635,0.250657,0.166391,-0.103535,0.179496,-0.329384,-0.266489,0.137476,0.262777,0.274911,-0.231855,0.220965,-0.179399,0.116505,0.274563,-0.128434,-0.002639,-0.249834,-0.063757,-0.646709,0.438033,0.262777,-0.562841,-0.379785,-0.071103,-0.338995,-0.46957,-0.228775,0.39407,-0.146404,-0.242873,0.121204,0.621247,0.197467,-0.055445,0.245323,-0.053813,-0.155675,0.015676,0.587177,-0.533773,0.015676,0.274563,0.014777,0.374087,#
14,-0.32646,0.124241,-0.6111,-0.410417,-0.207538,0.677327,0.029522,0.525695,-0.329536,-0.067543,0.237959,-0.052575,-0.410376,-0.143828,1.0,-0.119097,-0.374417,-0.077227,-0.526425,0.182933,0.534275,0.671014,-0.005058,-0.15989,0.237784,0.821163,0.294665,0.078702,-0.296848,0.135408,0.071653,0.367608,0.262928,0.145331,-0.496279,0.289758,-0.075704,-0.351137,0.660324,0.407065,-0.592257,0.425216,0.331756,-0.130281,0.0,0.558556,-0.132067,-0.337995,-0.268858,-0.141944,0.509926,-0.458301,0.0,-0.223117,0.124462,0.747241,-0.285158,0.509926,-0.440139,0.726982,0.464562,0.611711,0.558556,0.50544,0.277729,0.153597,-0.800709,0.407639,-0.119379,-0.313879,0.189573,0.122685,0.113026,0.24008,-0.089518,-0.193834,0.161177,0.396206,-0.403673,-0.403673,0.24008,-0.089518,-0.089518,-0.407807,-0.403673,-0.25309,0.222945,-0.0058,0.003328,-0.089518,-0.05501,0.350615,0.11169,-0.09469,-0.089518,0.08568,-0.402441,-0.089518,-0.413621,0.288071,-0.08853,0.517112,-0.403673,-0.148312,-0.25309,0.24008,-0.290222,-0.261923,0.161177,-0.993642,-0.361818,-0.407807,-0.0058,0.245807,-0.387445,0.245807,-0.05501,-0.403673,-0.279165,-0.209095,0.003328,0.193375,-0.403673,-0.039839,-0.194559,-0.403673,0.396206,-0.28267,-0.457859,-0.373836,0.161177,-0.643343,-0.09469,-0.070444,-0.225193,-0.022637,0.0,-0.0058,0.473048,0.111109,0.005921,-0.23393,-0.128781,0.467943,-0.089518,-0.349929,0.019043,-0.130105,0.359087,-0.387445,-0.253191,-0.089518,0.019043,0.169683,-0.089518,-0.164495,0.181779,-0.131986,-0.419558,-0.164495,-0.113256,-0.193869,-0.073552,-0.25309,-0.232965,0.287216,-0.15678,0.567245,-0.094238,-0.225193,0.199628,-0.479589,-0.193869,0.111109,0.276334,0.111109,-0.25309,0.179291,0.428688,-0.489181,0.191306,0.065887,-0.12922,0.426479,-0.231496,0.289815,0.377204,0.146474,0.287395,0.137289,-0.66056,0.566585,-0.642423,-0.374624,0.273274,0.133069,-0.374624,-0.241292,0.483734,0.056582,#
15,-0.110283,-0.06982,0.116998,-0.08931,0.230317,0.207991,0.011634,-0.349756,-0.380495,0.057289,-0.224623,0.241532,-0.033449,0.159486,-0.119097,1.0,0.368505,-0.346972,0.177373,0.27844,-0.063713,0.246299,-0.44018,0.175562,-0.665917,0.030716,-0.413035,-0.547179,-0.050707,0.353808,-0.037997,0.059549,-0.271921,-0.140642,0.551818,-0.271921,-0.327433,0.427981,-0.221282,0.018189,0.149736,0.425236,-0.406057,-0.262527,0.0,0.345713,-0.359729,-0.105295,-0.263277,-0.103163,0.31487,-0.058451,0.0,-0.157754,-0.602805,-0.248817,-0.477096,0.31487,-0.424338,0.014184,0.267969,-0.096924,0.345713,0.272796,0.625009,-0.154133,-0.105295,0.09767,0.237681,0.35157,-0.134395,-0.118333,0.365268,-0.218659,-0.352496,0.213947,-0.553446,-0.380982,-0.108457,-0.108457,-0.218659,-0.352496,-0.352496,-0.271921,-0.108457,-0.157701,-0.665719,-0.376029,-0.380982,0.080358,0.097672,-0.344657,-0.067108,-0.33733,-0.352496,-0.533761,-0.008077,-0.352496,-0.086047,0.203318,0.368794,-0.067108,-0.108457,0.171087,-0.157701,-0.218659,-0.426438,0.311901,-0.16573,0.105463,-0.111039,-0.271921,-0.376029,-0.22501,0.006946,0.159108,0.530526,-0.108457,-0.599134,0.658168,-0.002505,0.254296,-0.108457,0.241984,0.2871,-0.108457,-0.380982,0.350585,-0.208327,0.391743,-0.16573,0.250228,-0.33733,0.059975,-0.16573,-0.432348,0.0,-0.376029,-0.559292,-0.088589,0.400177,-0.158046,0.07673,0.243816,-0.352496,0.021673,-0.002505,0.16627,-0.317868,0.006946,0.276674,0.080358,-0.002505,-0.125066,-0.352496,0.171087,-0.163804,-0.267845,-0.128049,0.171087,-0.804146,-0.270384,0.132047,-0.157701,-0.14933,0.180936,0.177826,-0.046075,0.082457,0.238142,0.331853,0.134728,-0.666069,0.408117,0.184374,-0.088589,-0.157701,-0.147819,-0.393844,0.196324,0.53857,-0.040713,0.170929,0.372865,0.2644,0.023088,0.530271,0.238481,0.596563,-0.070564,-0.198974,-0.068488,0.251021,0.411515,0.168159,0.354966,0.411515,0.238142,-0.46724,-0.095043,#
16,-0.259681,0.225205,0.474767,0.491594,0.391006,0.027276,-0.21398,-0.261932,-0.302891,-0.030751,0.035619,0.342134,-0.242087,-0.003676,-0.374417,0.368505,1.0,-0.656508,0.134471,-0.39973,-0.200947,-0.003297,-0.620158,-0.018973,-0.405368,-0.181838,-0.20907,-0.415697,0.42163,0.188526,-0.023327,0.187869,-0.332844,-0.041074,0.178171,-0.332844,-0.655473,0.499525,-0.369879,-0.207651,-0.025335,-0.215029,-0.182368,0.452917,0.0,-0.305565,-0.652005,-0.221913,0.185461,-0.080766,-0.36148,-0.061352,0.0,0.437825,0.042887,-0.419468,-0.366353,-0.36148,-0.213007,-0.070568,-0.338385,0.030032,-0.305565,0.127283,0.172435,-0.565386,0.226296,-0.212314,-0.576273,0.262422,-0.850714,-0.048993,0.65778,-0.407302,-0.193414,0.398258,-0.371174,-0.167368,-0.005866,-0.005866,-0.407302,-0.193414,-0.193414,0.342855,-0.005866,-0.418354,0.040224,-0.597505,-0.167368,0.20894,0.241129,-0.182116,0.239229,-0.65589,-0.193414,0.256389,0.20271,-0.193414,-0.531902,0.117181,0.205568,-0.186211,-0.005866,-0.014829,-0.418354,-0.814871,0.372634,-0.366474,0.019257,0.359763,-0.227728,0.342855,-0.597505,0.028004,-0.211849,0.013127,0.643483,-0.005866,-0.402426,0.800119,-0.182027,0.424704,-0.005866,0.354808,0.319176,-0.005866,-0.167368,0.396984,-0.061438,0.580227,0.019257,-0.039168,-0.65589,-0.028069,0.019257,0.227904,0.0,-0.597505,-0.815408,0.03107,0.168175,0.44145,-0.011262,0.025183,-0.193414,-0.064813,0.213759,-0.089935,-0.17732,-0.211849,0.329625,0.20894,0.213759,-0.403186,-0.193414,-0.422398,-0.832635,-0.001478,0.511257,-0.014829,-0.187328,-0.003065,-0.006968,-0.418354,-0.410124,0.011411,-0.024708,-0.656708,0.496868,0.394671,0.190958,-0.304304,-0.401519,0.492779,-0.017392,0.03107,-0.418354,-0.429175,-0.600876,0.30109,0.108083,-0.306362,0.815956,0.258738,-0.01407,-0.782253,0.208778,0.204949,0.405229,-0.213434,0.410503,0.245554,0.39969,0.178278,0.013814,0.189534,0.178278,0.394671,-0.284171,0.208505,#
17,-0.047552,-0.053753,-0.239631,-0.395429,-0.559476,-0.338533,-0.23792,0.210082,0.171065,0.32677,-0.381769,-0.422866,0.197458,0.089649,-0.077227,-0.346972,-0.656508,1.0,0.094316,0.342935,-0.022535,-0.412933,0.636704,0.551743,0.534025,-0.190207,0.109356,0.717624,-0.426145,-0.510926,0.296862,0.133705,0.218064,0.449121,0.068659,0.218064,0.999212,-0.32329,0.090189,-0.228247,0.076649,0.242523,0.53381,0.037316,0.0,-0.1896,0.936255,0.410355,-0.192098,-0.159083,-0.263692,0.296862,0.0,-0.561288,-0.369004,-0.212572,0.470567,-0.263692,0.221802,-0.365545,-0.2051,0.239032,-0.1896,-0.15548,-0.359978,0.157471,0.410355,0.040193,0.448458,-0.118211,0.372244,-0.006305,-0.998536,0.551721,0.504263,-0.541372,0.339651,0.220204,0.203158,0.203158,0.551721,0.504263,0.504263,0.218064,0.203158,0.801745,0.069635,0.654814,0.203828,0.054783,0.036804,0.517669,-0.037897,0.998729,0.504263,-0.065853,0.20129,0.504263,0.762811,-0.266606,-0.299432,-0.037897,0.203158,0.551721,0.801745,0.534858,-0.287675,0.50851,0.356427,0.050303,0.409968,0.218064,0.654814,0.093852,0.654814,0.093852,-0.412675,0.203158,0.78345,-0.515891,0.203828,-0.079732,0.203158,0.0434,-0.203842,0.203158,0.220204,-0.254835,0.225473,-0.205562,0.356427,0.361204,0.998729,0.326854,0.339651,0.197672,0.0,0.654814,0.505825,0.203158,0.281808,-0.576619,0.327097,0.028131,0.504263,0.244776,0.220204,-0.064045,0.036804,0.654814,-0.229841,0.054783,0.220204,0.361204,0.504263,0.534858,0.801331,-0.372259,-0.367465,0.551721,0.00129,0.534146,0.348486,0.801745,0.801073,0.073159,0.136073,0.205334,-0.762836,-0.079732,-0.091795,0.66506,0.517026,-0.312626,-0.373524,0.203158,0.801745,-0.129754,0.190077,-0.103876,-0.354006,-0.223939,-0.805756,-0.240921,-0.129754,0.189819,-0.41281,-0.267893,-0.775708,-0.077926,-0.123192,-0.52718,-0.119847,-0.250721,0.083926,-0.512248,-0.250721,-0.079732,0.459581,-0.501507,#
18,-0.036006,-0.596188,0.273474,0.157931,-0.115702,0.078167,-0.186124,0.125441,0.173785,-0.188393,-0.419526,-0.457671,-0.155584,0.546003,-0.526425,0.177373,0.134471,0.094316,1.0,0.01077,0.420747,-0.37461,-0.155584,0.114256,-0.401659,-0.643962,0.016905,0.154832,-0.453134,-0.515661,0.175299,0.082337,0.252021,-0.15795,0.094982,-0.501146,0.094982,0.747,-0.344141,-0.606276,0.617891,-0.542167,-0.020595,0.332682,0.0,-0.106223,-0.060212,-0.003997,0.272124,-0.151376,-0.160982,0.747496,0.0,-0.195332,-0.471151,-0.481892,0.46641,-0.160982,0.2344,-0.40946,-0.156868,-0.356307,-0.106223,-0.155595,-0.252747,0.312957,0.399524,0.06584,0.15065,0.483359,-0.000499,0.304682,-0.11256,0.09384,0.497184,-0.111042,0.295289,0.157601,0.756511,0.756511,0.09384,0.497184,0.497184,0.107182,0.756511,0.399775,-0.017165,0.224414,0.140633,0.515814,0.497184,0.050769,0.326265,0.122841,0.497184,0.303337,0.21726,0.497184,0.329268,-0.020216,-0.298735,-0.056756,0.756511,0.565609,0.399775,0.163732,-0.244268,-0.060939,0.330054,0.518506,0.49496,0.107182,0.224414,0.01013,0.687988,0.113454,0.515814,0.756511,-0.067719,0.330054,0.24244,0.330054,0.756511,0.481302,-0.241715,0.756511,0.157601,0.442371,0.679007,0.615731,0.330054,0.856247,0.122841,-0.185208,0.764603,0.149677,0.0,0.224414,-0.072943,0.200697,0.299835,-0.169426,-0.165117,-0.019428,0.497184,0.721494,0.615731,-0.134888,-0.005808,0.687988,0.515719,0.515814,0.615731,-0.074254,0.497184,0.181205,0.011371,0.031288,0.16845,0.111313,-0.016371,0.085148,0.294702,0.399775,0.421377,-0.292307,0.114927,-0.47303,0.266163,0.781985,-0.529391,0.448943,0.04967,0.222074,-0.766599,0.200697,0.399775,-0.489848,-0.634684,0.322737,-0.303114,-0.299714,-0.025701,-0.21884,0.009125,-0.162497,-0.358426,0.495444,0.076074,-0.502544,0.744711,-0.56262,-0.072496,-0.136461,0.078419,-0.513201,-0.136461,0.330054,-0.035524,-0.088257,#
19,-0.37562,-0.335823,-0.611234,0.101086,-0.265079,0.282294,-0.010368,-0.331354,-0.374175,-0.125361,0.246495,-0.51296,-0.046346,0.242305,0.182933,0.27844,-0.39973,0.342935,0.01077,1.0,0.106589,0.011574,0.36185,0.26653,-0.179665,0.017326,0.327688,0.03569,-0.345673,-0.32994,0.680887,-0.103811,0.267601,-0.198722,0.377743,-0.407897,0.343126,0.107132,-0.15515,-0.00136,0.230287,0.435369,-0.116103,-0.137536,0.0,0.385518,0.308577,0.060801,0.177988,-0.18418,0.344487,0.14796,0.0,-0.670122,-0.427082,0.152797,-0.346455,0.344487,-0.020281,-0.286042,0.389761,0.124707,0.385518,-0.193887,-0.009128,0.068771,0.060801,0.352085,0.280906,0.48894,0.168555,-0.190361,-0.323253,0.264288,0.331511,-0.264333,0.148742,0.00367,0.079398,0.079398,0.264288,0.331511,0.331511,-0.407897,0.079398,0.574177,-0.18372,0.402906,-0.011548,-0.086195,0.348219,-0.07127,-0.333034,0.368275,0.331511,-0.367187,0.397504,0.331511,0.116432,0.055609,-0.147543,0.092279,0.079398,0.264288,0.574177,0.656064,-0.292459,0.447443,0.164332,-0.225457,0.50855,-0.407897,0.402906,-0.155356,0.402906,0.246208,-0.069487,0.079398,0.156136,-0.225406,0.38412,0.179921,0.079398,-0.059524,-0.251137,0.079398,0.00367,0.352668,0.051867,-0.391998,0.164332,0.164778,0.368275,-0.122601,0.148742,-0.021921,0.0,0.402906,0.268449,0.597068,0.421867,-0.67043,0.401402,0.026142,0.331511,0.177733,0.00367,0.055529,0.348219,0.402906,0.394847,-0.086195,0.00367,0.589924,0.331511,0.656064,0.550699,-0.6145,0.067184,0.264288,-0.558655,0.24183,-0.070669,0.574177,0.180925,0.251862,0.249973,0.611363,-0.611533,-0.240995,0.067763,0.041937,0.22592,0.117744,-0.163517,0.597068,0.574177,0.147204,0.397442,0.430208,-0.294018,0.320191,-0.591634,-0.014055,0.147204,0.313351,-0.069675,0.163554,-0.125355,0.079984,-0.285375,-0.341995,-0.270336,-0.012379,0.245965,-0.331187,-0.012379,-0.240995,-0.155673,0.09973,#
20,-0.428164,-0.428362,-0.326919,-0.220833,-0.36469,0.793059,-0.2306,0.72442,-0.194543,-0.326919,-0.099251,-0.523257,-0.653897,0.380148,0.534275,-0.063713,-0.200947,-0.022535,0.420747,0.106589,1.0,0.287825,-0.220232,-0.050413,-0.099088,0.247863,0.423634,0.290502,-0.725093,-0.428074,0.280321,0.483959,0.499481,0.0439,-0.470988,-0.218164,-0.021,0.370548,0.394873,-0.227122,-0.099429,-0.178296,0.387028,0.280519,0.0,0.396903,-0.240832,-0.428354,0.029469,-0.336582,0.269393,0.280321,0.0,-0.35114,-0.236543,0.336441,0.184875,0.269393,-0.192809,0.388053,0.235244,0.327246,0.396903,0.357949,-0.074148,0.425869,-0.428354,0.4311,-0.103321,0.151002,0.119778,0.497101,0.041312,0.375425,0.459781,-0.342336,0.559903,0.674348,0.366607,0.366607,0.375425,0.459781,0.459781,-0.218164,0.366607,0.112778,0.357092,0.239597,0.253993,0.459781,0.459781,0.471381,0.547749,-0.012581,0.459781,0.519912,-0.223905,0.459781,-0.177677,0.318066,-0.398366,0.547749,0.366607,0.375425,0.112778,0.375425,-0.484114,-0.453836,0.559903,-0.531567,0.041343,-0.218164,0.239597,0.387471,0.239597,0.387471,0.459781,0.366607,-0.35755,0.129286,0.253993,0.559903,0.366607,0.472747,-0.415422,0.366607,0.674348,0.175573,0.236427,0.253993,0.559903,0.112778,-0.012581,-0.327003,0.559903,0.221582,0.0,0.239597,0.417025,0.366607,0.260134,-0.335785,-0.327246,0.500669,0.459781,0.355015,0.674348,-0.385974,0.459781,0.239597,0.274222,0.459781,0.674348,0.112778,0.459781,-0.057444,0.105819,-0.079692,-0.20875,-0.057444,-0.032446,-0.094925,0.248383,0.112778,0.121634,-0.077395,-0.043086,0.056291,0.22625,0.559903,-0.387907,-0.127957,-0.094925,0.366607,-0.50502,0.366607,0.112778,-0.356192,-0.211693,-0.193837,-0.160943,-0.278195,-0.064167,0.204805,-0.356192,0.047201,0.000691,0.694058,0.377044,-0.392903,0.094357,0.082296,-0.78616,-0.631126,0.380079,-0.42815,-0.631126,0.129286,0.547865,0.021296,#
