0,1.0,-0.278398,-0.410325,0.196614,0.541472,0.070082,0.791628,-0.179352,-0.008061,-0.564899,0.700638,0.831618,0.134223,-0.361934,0.290828,-0.211869,0.263859,-0.498791,0.221705,-0.407402,-0.106775,-0.05697,0.17203,0.543637,0.180656,0.267276,-0.529514,-0.115862,-0.069707,-0.09515,-0.334432,-0.411849,-0.02897,0.100228,0.705975,-0.134451,0.492323,-0.326134,0.655104,0.319175,-0.088134,0.760057,-0.273446,-0.291696,0.420735,0.584943,0.197871,-0.228123,-0.422379,-0.11568,-0.203977,0.056693,-0.053786,-0.447896,0.117446,-0.115636,-0.079557,0.440997,-0.371839,-0.273974,-0.310007,0.217898,0.05829,-0.28722,-0.471484,-0.28437,0.293226,-0.100345,-0.043498,-0.46584,-0.059716,0.141682,0.0,-0.300085,0.124981,-0.313466,-0.611103,-0.245249,-0.375429,-0.194706,-0.806282,-0.350089,0.56097,-0.580686,0.026066,-0.611103,-0.079093,-0.05782,-0.123408,-0.183497,-0.568882,-0.042898,0.204433,-0.499276,0.026066,-0.421778,0.404505,-0.451952,-0.517192,0.293226,0.415531,-0.138387,-0.110761,0.097148,-0.073993,-0.123408,-0.611103,-0.360229,-0.179772,0.293226,-0.435666,0.094417,-0.079093,-0.203926,-0.550686,0.293226,0.400915,0.367783,-0.0642,-0.203918,-0.341453,0.0,-0.341453,0.831778,-0.412537,-0.377248,-0.434887,0.237228,-0.55652,-0.421778,-0.692952,-0.421778,0.034198,0.68647,0.034198,-0.123408,-0.407402,-0.611103,0.106787,-0.502307,-0.100594,-0.242289,-0.050575,-0.244112,0.174171,-0.396104,0.293226,0.481954,-0.644622,-0.407402,0.429399,-0.548709,-0.610792,0.143601,-0.14124,0.091681,-0.058866,0.406627,-0.224216,-0.183497,-0.666972,0.143601,0.38184,-0.14124,-0.354619,-0.424508,-0.407402,0.08615,-0.100594,0.0,0.603464,-0.66004,0.267276,-0.30774,0.213495,-0.079093,0.267277,0.664404,-0.276954,-0.245249,-0.413349,0.37191,-0.32289,-0.00063,-0.284315,-0.25138,0.072852,0.119078,0.600893,0.247094,-0.678205,0.402069,0.328579,0.318164,0.413744,-0.144653,-0.148916,0.037388,0.13624,-0.623134,#
1,-0.278398,1.0,-0.199145,-0.166865,0.30579,-0.180391,-0.186139,-0.09893,0.194732,0.511018,-0.341883,-0.282133,-0.03742,0.392347,-0.262033,0.210111,0.236635,-0.289507,0.337417,0.138915,-0.416449,0.305412,-0.263368,0.162051,0.181922,0.052093,-0.206381,0.261553,0.56015,0.110033,-0.073056,-0.109812,-0.156407,-0.551332,-0.140298,0.111334,0.000981,-0.292856,0.20885,0.138915,0.258642,-0.101647,0.375767,-0.302045,-0.733781,-0.208127,-0.310782,-0.045406,-0.154782,0.44153,0.181791,-0.161858,-0.17125,0.066249,-0.032747,-0.325782,-0.202977,-0.282133,0.674337,-0.10898,-0.144881,0.177338,-0.499931,-0.11163,0.589576,-0.38415,-0.989771,-0.207016,-0.322437,-0.238177,-0.09485,0.349024,0.0,-0.216417,-0.266107,0.987693,0.143256,-0.249791,0.159148,-0.40193,-0.329644,-0.479484,-0.492012,-0.274816,-0.336608,0.143256,-0.261326,-0.136136,-0.356739,-0.419263,-0.430656,-0.170462,-0.216355,-0.233209,-0.336608,-0.355374,-0.265494,-0.130025,0.584029,-0.989771,-0.09827,0.145043,-0.393078,-0.275035,-0.274816,-0.356739,0.143256,-0.295559,-0.426913,-0.989771,0.394799,0.253209,-0.261326,-0.441322,-0.147202,-0.989771,-0.703258,-0.17532,-0.070809,-0.314648,-0.522913,0.0,-0.522913,-0.337634,-0.263856,-0.059049,-0.336608,0.10693,-0.257895,-0.355374,-0.285129,-0.355374,-0.355374,-0.178613,-0.355374,-0.356739,0.095504,0.143256,0.006742,-0.229582,-0.613643,-0.283277,0.176655,-0.112049,-0.311675,-0.238498,-0.989771,-0.015257,0.379694,0.095504,-0.387099,0.468071,0.176655,-0.479484,0.152563,-0.564083,0.428703,0.49592,-0.271516,-0.419263,-0.455035,-0.479484,0.212706,0.152563,-0.125188,0.404222,0.095504,-0.167963,-0.613643,0.0,-0.238182,0.235644,0.052093,0.99496,0.281252,-0.261326,0.052093,0.228738,0.447695,-0.249791,0.707053,-0.240295,0.205917,0.310234,0.330035,-0.336136,-0.202768,-0.130025,-0.19946,0.343037,-0.305507,0.229107,0.516073,0.528809,0.160092,0.266209,0.290863,-0.165524,0.394893,0.261707,#
2,-0.410325,-0.199145,1.0,-0.472991,-0.771463,0.334356,-0.343708,-0.403615,0.369571,0.10686,-0.662495,-0.546307,-0.75684,-0.099783,0.283844,0.452997,-0.059597,0.966654,-0.569096,0.185766,-0.213282,0.048785,-0.007725,-0.178168,0.488625,0.218357,0.134028,-0.108699,-0.340631,0.303499,-0.244166,-0.232714,-0.439918,0.279496,-0.353934,0.302515,-0.29037,0.974685,-0.034895,-0.661589,-0.13313,-0.408026,0.128408,0.623586,0.225627,-0.482925,-0.229812,-0.326278,0.528257,0.272254,0.412531,-0.328032,0.17378,0.094327,-0.674317,0.567121,0.228577,-0.584103,-0.229301,-0.162079,0.605182,0.449199,0.323003,-0.351013,0.034571,0.298466,0.087995,-0.312327,-0.331548,0.126322,-0.291872,-0.080173,0.0,0.605192,0.040432,-0.142825,0.229764,0.019868,0.343502,0.354734,0.421782,0.260074,-0.286053,0.719205,-0.078684,0.229764,0.203639,-0.377272,-0.136759,0.376162,0.31533,-0.429414,-0.512129,0.140313,-0.078684,0.479732,-0.466795,0.300105,-0.386881,0.087995,-0.226524,0.30224,-0.18467,0.311165,0.128285,-0.175507,0.229764,-0.064119,0.37349,0.087995,-0.01339,-0.261112,0.203639,0.366638,0.120445,0.087995,0.229764,-0.397345,-0.340363,-0.034286,0.25816,0.0,0.25816,-0.558542,0.12986,-0.378928,0.458892,-0.272213,0.138583,0.479732,0.542065,0.479732,-0.052041,-0.166713,-0.090674,-0.175507,0.120585,0.229764,-0.484398,0.147576,0.20731,0.003176,-0.374833,-0.387773,0.053222,0.276336,0.087995,-0.080316,0.084895,0.120585,-0.040778,0.204881,0.231043,-0.315681,-0.660661,0.276351,-0.017929,-0.176344,0.065339,0.376162,0.387425,-0.273853,-0.354918,-0.660661,0.605192,-0.065426,0.120585,0.136606,0.20731,0.0,-0.458128,0.152338,0.218357,-0.175888,-0.061979,0.203639,0.218357,-0.070639,0.063623,0.019868,-0.256068,-0.016098,0.290904,-0.055918,-0.342504,0.803427,0.365184,-0.365846,-0.415592,-0.563135,0.563634,-0.381888,-0.297064,-0.287648,-0.31461,0.585396,0.273372,0.365355,0.179404,0.41452,#
3,0.196614,-0.166865,-0.472991,1.0,0.153563,0.111986,-0.04557,0.468292,-0.776675,-0.30638,0.282425,0.042952,0.311444,-0.331602,-0.566623,-0.582641,-0.135897,-0.501397,0.249138,-0.406755,0.20789,-0.004006,-0.23808,0.1243,-0.186504,-0.406755,-0.166158,0.205857,-0.026488,-0.098517,0.32908,0.079152,-0.071972,0.024526,0.253122,0.433402,0.141601,-0.443368,-0.144161,0.28901,-0.076019,0.432409,0.186752,-0.27996,-0.129925,0.593859,0.274121,-0.240806,-0.370691,-0.496773,-0.177589,0.561671,-0.150892,0.086605,0.070649,-0.56863,0.293189,0.802677,0.173493,-0.30486,-0.308182,-0.572008,0.035343,0.325117,-0.054607,-0.189998,0.208729,-0.103481,0.887084,-0.08001,0.457527,-0.619767,0.0,-0.272753,0.633697,-0.211863,0.393375,0.575663,0.532567,-0.618545,-0.061764,0.008687,0.086215,-0.572915,0.008489,0.393375,-0.082585,0.78559,0.221779,-0.204899,0.199924,0.807632,0.580138,-0.11725,0.393303,0.350617,0.3894,0.101184,-0.035577,0.208729,0.440488,-0.103165,0.626849,0.117375,-0.08771,-0.191834,-0.088309,0.356458,-0.618545,0.208729,-0.353313,0.126285,-0.082585,-0.201421,-0.098898,0.208729,0.373304,0.828905,-0.035447,0.235037,0.480011,0.0,0.059563,0.079831,0.360741,0.112909,-0.432916,-0.251826,0.288471,0.350617,-0.297818,0.350617,0.787257,0.07477,0.374875,0.189962,0.23549,0.393375,-0.039151,0.315642,-0.161625,-0.259037,0.433294,0.655578,0.578117,-0.024212,0.208729,-0.605289,0.169262,-0.406755,0.393303,-0.065252,-0.142139,0.069297,0.433514,-0.387641,-0.591424,-0.576004,0.153205,-0.204899,0.190224,0.515786,0.45394,0.433514,-0.244635,-0.397769,0.23549,-0.40657,-0.161625,0.0,0.574069,-0.092494,-0.406755,-0.146902,0.313971,0.333397,-0.406755,-0.136617,-0.653863,0.575663,-0.352773,0.428868,-0.287193,0.008013,0.035901,-0.211455,-0.406895,0.647997,0.565101,-0.127612,0.112003,-0.057227,-0.003242,-0.469462,0.433931,-0.375147,-0.508623,-0.359945,-0.234639,-0.569454,#
4,0.541472,0.30579,-0.771463,0.153563,1.0,-0.157798,0.47167,-0.251627,0.075216,-0.096355,0.413653,0.681822,0.582495,0.290972,-0.086158,-0.53317,-0.065208,-0.760575,0.765348,-0.217869,-0.085937,-0.228425,0.132254,0.066829,-0.097553,-0.217869,-0.086803,-0.064536,0.472011,-0.326725,0.247703,-0.240388,0.02659,-0.427886,0.462475,-0.326719,0.432182,-0.718884,0.34441,0.499168,0.389398,0.564019,-0.333284,-0.799565,-0.326477,0.175512,-0.205547,0.185898,-0.37317,-0.058767,-0.533483,0.35527,0.01552,0.013787,0.264503,-0.39139,-0.51622,0.28203,-0.161684,0.161472,-0.442768,-0.105627,-0.427402,-0.285724,0.117787,-0.299383,-0.217869,0.098636,-0.128324,-0.051216,-0.311365,0.392164,0.0,-0.548501,0.064402,0.226063,-0.326804,-0.304497,-0.427886,-0.136102,-0.653254,-0.42766,0.493132,-0.568635,0.191,-0.326804,-0.504354,0.008483,-0.081973,-0.533388,-0.533668,0.016797,0.146403,-0.504354,0.191,-0.653254,0.209862,-0.214696,0.433418,-0.217869,0.295951,-0.326637,-0.075443,-0.242538,-0.068595,-0.081973,-0.326804,-0.208384,-0.5329,-0.217869,0.215665,0.123204,-0.504354,-0.53003,-0.046232,-0.217869,-0.326804,0.445512,0.329982,0.05338,-0.427886,0.0,-0.427886,0.652507,-0.472568,0.33666,-0.263901,0.362726,-0.507128,-0.653254,-0.402552,-0.653254,-0.203265,0.359088,-0.203265,-0.081973,-0.217869,-0.326804,0.43154,-0.509014,-0.326637,-0.328371,0.226224,-0.07997,0.061702,-0.189023,-0.217869,0.299205,-0.344202,-0.217869,-0.197804,-0.084059,-0.326637,0.059548,0.24939,-0.427642,0.275721,0.464492,-0.344202,-0.533388,-0.612488,0.059548,0.27211,0.24939,-0.490544,0.24084,-0.217869,0.105434,-0.326637,0.0,0.144497,-0.227428,-0.217869,0.24817,-0.035113,-0.504354,-0.217869,0.363059,0.117384,-0.304497,0.331287,-0.151192,-0.384845,0.226326,0.178833,-0.660167,-0.230909,0.348836,0.590872,0.377682,-0.800031,0.288527,0.450858,0.436567,0.192938,-0.274048,0.028165,-0.206433,0.061472,-0.136102,#
5,0.070082,-0.180391,0.334356,0.111986,-0.157798,1.0,0.232492,-0.121941,0.302347,0.340501,-0.057692,0.032037,0.059823,0.044985,0.219439,-0.14666,-0.176091,0.289678,0.00484,0.186123,-0.603289,-0.035029,0.140798,-0.303171,0.335067,0.120816,-0.3532,-0.1537,0.230994,0.205185,-0.15893,-0.061623,-0.262634,0.301408,-0.091296,0.20616,0.421624,0.435979,-0.172928,-0.662857,-0.536993,0.255895,0.070244,0.050232,0.231932,0.120147,-0.403585,-0.191372,0.634097,-0.405108,-0.173292,-0.26337,0.783603,0.105677,-0.341321,-0.080449,0.154519,0.032037,-0.20846,-0.166281,0.65399,-0.166471,0.323622,-0.175235,-0.335091,-0.330951,0.186122,-0.105806,-0.030198,-0.353189,0.001899,-0.182203,0.0,-0.293358,0.624314,-0.26173,0.230204,0.131662,0.280032,-0.082687,0.016166,0.34439,-0.242663,0.187989,-0.527674,0.230204,-0.384422,0.23934,-0.098198,-0.095814,-0.103978,-0.311653,-0.382874,-0.363272,-0.038554,0.480651,0.014346,0.414736,-0.28896,0.186123,0.653191,0.231486,-0.125937,-0.371076,-0.404063,-0.583482,-0.382041,-0.006863,-0.10148,0.186123,0.05821,0.350283,-0.384422,0.398635,0.283651,0.186123,0.230204,0.209006,0.15049,-0.399875,0.322784,0.0,-0.211627,-0.043984,-0.260785,-0.194354,0.010933,-0.143841,-0.370487,0.480651,0.105004,0.480651,-0.052141,-0.180941,-0.53598,-0.098198,0.153469,0.230204,-0.239794,-0.356122,0.279041,-0.447013,-0.39933,-0.08796,0.034531,-0.332453,0.186123,-0.070907,-0.443959,-0.662857,-0.076533,-0.385666,0.255263,-0.756327,-0.214111,-0.24227,0.222664,-0.221951,-0.424365,-0.095814,0.171791,-0.232469,0.282352,-0.214111,0.667349,0.046026,0.153469,-0.275008,0.279041,0.0,0.094078,-0.404106,0.120816,-0.212151,0.387848,0.144314,0.120816,-0.173792,0.119913,0.131662,-0.214449,0.491719,-0.219139,-0.554179,0.051114,-0.068669,-0.296114,-0.252491,0.11361,-0.061387,0.089754,0.262821,-0.344249,-0.311452,-0.345318,0.442056,-0.100042,0.387571,-0.286711,-0.102654,#
6,0.791628,-0.186139,-0.343708,-0.04557,0.47167,0.232492,1.0,-0.084104,0.392075,-0.363881,0.565936,0.675315,0.323552,-0.186362,0.500447,0.03914,0.493884,-0.429687,0.095848,0.229432,-0.322182,-0.268528,-0.052692,0.378034,-0.005176,0.172782,-0.401118,0.163802,0.096033,-0.240621,-0.224453,-0.301887,0.119301,-0.068609,0.335654,-0.261013,0.738522,-0.200056,0.476133,0.229432,-0.28339,0.519537,-0.544979,-0.151939,0.303058,0.351606,0.069287,-0.091233,-0.25171,-0.002592,-0.426196,-0.346398,0.15798,-0.237744,0.210614,0.013687,0.027447,0.264699,-0.275217,-0.185195,-0.202525,0.035985,0.414086,-0.200566,-0.300191,-0.132612,0.229432,0.066672,-0.139984,-0.451304,0.07083,0.049286,0.0,-0.278946,-0.088882,-0.233041,-0.760526,-0.494508,-0.550728,0.094549,-0.621562,-0.02224,0.432432,-0.458927,-0.211146,-0.760526,0.023742,0.112839,0.123812,0.083315,-0.790952,-0.368495,-0.039591,-0.416564,-0.211146,-0.218643,0.681474,-0.284818,-0.348654,0.229432,0.53973,0.30272,-0.326727,-0.394677,-0.458927,0.123812,-0.760526,-0.174988,0.078248,0.229432,-0.165092,-0.01318,0.023742,0.067447,-0.360447,0.229432,0.301661,0.07986,0.081551,-0.505091,-0.513642,0.0,-0.513642,0.668016,-0.272412,-0.230925,-0.211146,0.470938,-0.468363,-0.218643,-0.525524,-0.218643,-0.218643,0.291597,-0.218643,0.123812,-0.507017,-0.760526,-0.086931,-0.40707,0.343973,-0.095995,-0.192309,-0.073019,-0.109832,-0.310473,0.229432,0.778988,-0.517483,-0.507017,0.180198,-0.43599,-0.192309,-0.02224,0.159026,-0.076724,0.096575,0.54663,-0.075583,0.083315,-0.626795,-0.02224,0.346821,0.159026,-0.21942,-0.135393,-0.507017,0.391304,0.343973,0.0,0.384853,-0.772378,0.172782,-0.20437,0.084909,0.023742,0.172782,0.507513,-0.035806,-0.494508,-0.265845,0.207779,-0.012924,-0.219157,0.209011,-0.478947,0.187899,-0.284818,0.394677,0.563244,-0.530862,0.374139,0.04154,0.533815,0.330269,0.121719,-0.339019,0.213515,0.088716,-0.355783,#
7,-0.179352,-0.09893,-0.403615,0.468292,-0.251627,-0.121941,-0.084104,1.0,-0.574416,0.109283,0.401251,-0.155833,0.418273,-0.189299,-0.207345,0.108053,0.164689,-0.375818,-0.257928,0.157104,0.273774,0.235167,-0.181209,0.073014,-0.585544,-0.027724,-0.147538,0.221229,-0.08888,0.026359,0.021045,0.730599,0.61903,0.127049,-0.140414,0.029131,-0.050154,-0.416733,-0.529354,0.157105,-0.445141,-0.162775,0.291122,0.237408,0.102478,0.432439,0.601277,0.263906,-0.130663,-0.35882,0.047567,-0.104076,-0.130274,-0.172642,0.627411,-0.371024,0.352033,0.433633,0.606741,0.00661,-0.147643,-0.57493,0.19074,0.954011,-0.249812,-0.128369,0.157104,0.364427,0.635667,-0.211502,0.930516,-0.404773,0.0,-0.263805,-0.10116,-0.097227,0.097035,0.415459,0.06655,-0.310476,0.306736,0.24908,-0.374124,-0.26638,-0.26546,0.097035,0.366183,0.608046,0.329627,0.217396,0.21505,0.547821,0.472324,0.42604,-0.26546,0.251961,0.456375,-0.032683,-0.004538,0.157104,-0.002516,0.100944,0.273139,-0.325505,-0.26638,0.329627,0.097035,0.362678,0.221389,0.157104,-0.140934,0.267639,0.366183,0.228913,-0.010562,0.157104,0.097035,-0.07042,0.087004,-0.176799,0.187548,0.0,0.187548,-0.117449,0.419006,0.110492,-0.26546,0.001468,0.431028,0.251961,-0.23136,0.251961,0.251961,-0.315288,0.251961,0.329627,0.06469,0.097035,0.076667,0.421966,0.235537,0.365897,0.16824,0.741478,-0.287871,-0.247809,0.157104,-0.247079,0.299444,0.06469,0.200317,-0.257032,0.16824,0.24908,0.701031,0.130604,-0.267388,-0.364598,0.354896,0.217396,0.28207,0.24908,0.245034,0.701031,-0.069592,-0.156815,0.06469,-0.372299,0.235537,0.0,0.431029,0.078253,-0.027724,-0.059934,0.241282,0.366183,-0.027724,-0.495653,-0.17819,0.415459,-0.050761,0.327825,0.148463,-0.394164,0.392622,-0.398646,-0.259454,-0.032683,-0.20923,0.391264,0.296851,0.263355,-0.214687,-0.145944,0.115273,-0.391435,-0.441096,-0.100678,-0.413121,-0.366986,#
8,-0.008061,0.194732,0.369571,-0.776675,0.075216,0.302347,0.392075,-0.574416,1.0,0.287652,-0.232718,0.106278,-0.143319,0.245167,0.447275,0.310518,0.286579,0.353174,-0.019808,0.611148,-0.519518,-0.331799,-0.012206,-0.09386,0.310032,0.294491,0.096149,0.040031,0.392359,0.069182,-0.238214,-0.243107,-0.117303,-0.084993,-0.274284,-0.318158,0.371639,0.446784,0.278688,-0.21216,0.003176,-0.104539,-0.472721,0.044415,0.046502,-0.482993,-0.514953,0.133012,0.325955,0.42432,-0.215682,-0.648712,0.469848,0.25412,-0.197919,0.402928,-0.060555,-0.634805,-0.265325,0.231692,0.227123,0.278496,0.1525,-0.488566,0.115149,0.190615,-0.21216,0.117126,-0.734882,0.008215,-0.441169,0.33629,0.0,0.18282,-0.369732,0.193897,-0.31824,-0.779068,-0.416674,0.469731,-0.119455,0.142962,0.070975,0.409021,-0.189174,-0.31824,-0.096517,-0.41503,-0.001107,0.006404,-0.519684,-0.971136,-0.778807,-0.096517,-0.189174,-0.119455,-0.11297,-0.068991,0.068531,-0.21216,0.18561,0.316722,-0.519412,-0.348632,-0.16513,-0.001107,-0.31824,-0.125362,0.305713,-0.21216,0.321719,-0.106199,-0.096517,0.29157,0.077214,-0.21216,-0.31824,-0.487412,0.252708,-0.355538,-0.416674,0.0,-0.416674,0.061932,-0.34959,-0.07764,0.333147,0.28449,-0.410145,-0.119455,0.210263,-0.119455,-0.636137,-0.153621,-0.636137,-0.001107,-0.21216,-0.31824,-0.070268,-0.41052,0.316722,0.017486,-0.318078,-0.559803,-0.322798,0.005749,-0.21216,0.642449,-0.255727,-0.21216,-0.349888,0.077214,0.316722,-0.416454,-0.294493,-0.098204,0.534667,0.556413,-0.255727,0.006404,-0.265791,-0.416454,-0.318004,-0.294493,0.18282,0.353753,-0.21216,0.458549,0.316722,0.0,-0.458216,-0.280234,0.294491,0.169064,-0.207708,-0.096517,0.294491,0.28401,0.541152,-0.779068,0.331987,-0.323028,0.10415,-0.155819,0.261982,-0.00341,0.345379,-0.716044,-0.24987,0.306368,-0.250733,0.069737,-0.12233,0.433355,-0.30053,0.640902,0.2418,0.296008,0.29364,0.469731,#
9,-0.564899,0.511018,0.10686,-0.30638,-0.096355,0.340501,-0.363881,0.109283,0.287652,1.0,-0.213288,-0.245194,0.17699,0.548286,-0.066525,0.087104,-0.264342,0.168592,0.111027,0.298621,-0.399311,0.258515,0.240939,-0.481362,0.053825,0.238896,-0.063365,-0.273092,0.588116,0.380211,-0.142925,0.509845,0.175025,0.019549,-0.370047,-0.145311,-0.074281,0.060455,-0.478886,-0.477793,-0.14732,-0.28977,0.42318,-0.026272,-0.200473,-0.279918,-0.3813,0.461086,0.652717,-0.096036,0.061929,-0.337185,0.579023,0.138287,0.112631,-0.244055,-0.208215,-0.453678,0.409546,0.396185,0.502784,-0.151613,-0.400995,0.240385,-0.011147,-0.384095,-0.477793,0.287548,-0.358163,-0.118124,0.032251,0.369095,0.0,-0.376539,-0.05448,0.467868,0.403138,0.012775,0.039099,-0.096673,0.258202,0.068762,-0.679657,0.397987,-0.426262,0.403138,-0.38342,-0.145623,-0.237043,-0.349649,0.073147,-0.311788,-0.452178,0.100122,-0.301015,-0.060386,-0.495414,0.208614,0.469196,-0.477793,-0.032522,-0.117682,-0.269124,-0.523922,-0.14346,-0.361308,0.246362,-0.076139,0.07519,-0.477793,0.572893,0.571743,-0.38342,0.190426,0.491506,-0.477793,-0.716689,-0.389109,0.418438,-0.283971,0.039099,0.0,-0.097746,-0.336339,-0.395475,0.186279,0.066307,-0.037719,-0.285937,-0.060386,0.232014,-0.060386,-0.547638,-0.456616,-0.671533,-0.237043,0.268759,0.403138,0.30875,-0.352456,-0.117682,-0.087301,-0.172685,-0.151849,-0.59937,-0.416817,-0.477793,-0.184918,-0.042161,0.059724,-0.579927,-0.081918,0.425957,-0.592933,-2e-06,-0.128952,0.689591,0.007097,-0.490123,-0.349649,0.182292,-0.45879,-0.067911,-2e-06,0.502053,0.557744,0.268759,-0.50787,-0.117682,0.0,-0.33761,0.311724,0.238896,0.470347,0.252667,-0.248029,0.238896,-0.469839,0.717948,0.012775,0.720292,0.002438,-0.110707,-0.409654,0.333863,-0.284376,-0.430319,-0.401582,-0.514525,0.25788,-0.025551,0.448197,-0.038755,-0.017513,-0.689906,0.221723,0.421091,0.17709,-0.236585,0.359837,#
10,0.700638,-0.341883,-0.662495,0.282425,0.413653,-0.057692,0.565936,0.401251,-0.232718,-0.213288,1.0,0.829785,0.495121,-0.3119,0.054833,-0.292711,0.158113,-0.625153,0.155558,-0.271497,0.182499,-0.036472,0.278006,0.333878,-0.251475,0.355035,-0.351882,-0.219077,0.116146,0.07185,-0.311154,0.355672,0.556389,0.321293,0.506864,-0.40714,0.364826,-0.588855,0.134868,0.407245,-0.213419,0.54078,-0.176603,-0.225996,0.572704,0.678387,0.459925,0.381845,-0.302421,-0.387696,-0.289088,-0.029477,0.120146,-0.357178,0.672357,-0.330775,0.031319,0.481014,-0.081666,0.222325,-0.366865,-0.273143,-0.10127,0.412507,-0.726956,-0.236386,0.407245,0.504346,0.199181,-0.327764,0.404693,0.081449,0.0,-0.452915,-0.089538,-0.369888,-0.407246,-0.116523,-0.533209,-0.249027,-0.411758,-0.097362,0.380984,-0.405773,0.023923,-0.407246,0.045753,0.142189,0.166144,-0.255276,-0.249386,0.153664,0.306285,0.045753,0.023923,-0.411758,0.409235,-0.545745,-0.282388,0.407246,0.335483,-0.407038,0.178211,-0.127226,0.067561,0.166144,-0.407246,0.004677,0.111555,0.407246,-0.354849,0.37118,0.045753,0.088143,-0.300375,0.407246,0.101811,0.165107,0.399522,-0.096562,-0.088868,0.0,-0.088868,0.849106,-0.286545,-0.023975,-0.406683,0.209392,-0.321462,-0.411758,-0.581063,-0.411758,0.014199,0.401621,0.014199,0.166144,-0.271497,-0.407246,0.565852,-0.344065,0.087222,0.184295,0.116297,0.050746,-0.141604,-0.541368,0.407246,0.269572,-0.565392,-0.271497,0.37724,-0.775803,-0.407038,0.363826,0.219287,0.313594,-0.008511,0.104648,-0.158118,-0.255276,-0.299848,0.363826,0.159755,0.219287,-0.398053,-0.352356,-0.271497,-0.254919,0.087222,0.0,0.684216,-0.434804,0.355035,-0.37127,0.177127,0.045753,0.355035,0.15916,-0.149963,-0.116523,-0.094764,0.39557,-0.500777,-0.387911,0.02335,-0.501348,-0.137502,-0.01231,0.281179,0.557015,-0.585591,0.62844,0.102093,0.098857,0.076452,-0.466801,-0.182497,-0.096787,-0.2349,-0.664072,#
11,0.831618,-0.282133,-0.546307,0.042952,0.681822,0.032037,0.675315,-0.155833,0.106278,-0.245194,0.829785,1.0,0.419361,-0.110493,0.187411,-0.446641,-0.001501,-0.505384,0.40121,-0.332455,0.022397,-0.228892,0.42408,0.203205,-0.001484,0.286066,-0.239966,-0.372245,0.23136,-0.02569,-0.22511,-0.029653,0.255021,0.190649,0.60871,-0.498553,0.462149,-0.448786,0.377531,0.33761,0.053022,0.676575,-0.410837,-0.459558,0.468835,0.43458,0.07968,0.312781,-0.206136,-0.256395,-0.443157,0.082677,0.258616,-0.233944,0.386038,-0.176649,-0.263069,0.282085,-0.465837,0.286024,-0.287445,-0.032983,-0.226369,-0.121017,-0.583381,-0.200216,0.33761,0.360031,-0.157159,-0.186214,-0.141095,0.351011,0.0,-0.420797,0.005642,-0.331023,-0.498683,-0.351622,-0.652929,-0.032631,-0.599678,-0.222587,0.64611,-0.295746,0.193929,-0.498683,-0.249404,-0.154485,0.006309,-0.409748,-0.404017,-0.143217,0.065859,-0.249404,0.193929,-0.599678,0.211513,-0.474067,-0.183872,0.33761,0.383821,-0.498429,0.018197,-0.054236,0.171537,0.006309,-0.498683,-0.188517,-0.047463,0.33761,-0.184309,0.240293,-0.249404,-0.069727,-0.198345,0.33761,0.003866,0.261187,0.443786,0.008394,-0.214269,0.0,-0.214269,0.99025,-0.569787,0.037735,-0.231171,0.277926,-0.609232,-0.599678,-0.439218,-0.599678,-0.179167,0.569373,-0.179167,0.006309,-0.332455,-0.498683,0.587581,-0.634583,-0.010487,-0.052926,0.018215,-0.321073,-0.005377,-0.413645,0.33761,0.446741,-0.794673,-0.332455,0.179396,-0.667695,-0.498429,0.232705,-0.087257,0.183121,0.201646,0.327896,-0.392606,-0.409748,-0.477143,0.232705,0.06114,-0.087257,-0.366637,-0.170223,-0.332455,-0.021093,-0.010487,0.0,0.432663,-0.496502,0.286066,-0.344138,0.008722,-0.249404,0.286066,0.386793,-0.003711,-0.351622,-0.016618,0.187998,-0.629115,-0.19523,-0.121015,-0.41094,-0.055706,0.052549,0.470649,0.392331,-0.814694,0.51612,0.215065,0.208248,-0.029351,-0.304677,0.042839,-0.027623,-0.081143,-0.44237,#
12,0.134223,-0.03742,-0.75684,0.311444,0.582495,0.059823,0.323552,0.418273,-0.143319,0.17699,0.495121,0.419361,1.0,0.395773,0.009526,-0.455805,-0.271952,-0.646069,0.430138,0.179604,0.080486,-0.224038,0.177737,-0.409507,-0.63546,-0.419076,0.07108,-0.080515,0.308512,-0.408413,0.487579,0.420479,0.501274,-0.235158,0.098792,-0.399423,0.358752,-0.672475,-0.465666,0.179604,-0.094121,0.202071,-0.265645,-0.439423,-0.161482,0.199033,0.034356,0.526807,0.049073,-0.516556,-0.652198,0.234131,0.293544,0.047257,0.612889,-0.435715,-0.362185,0.419361,-0.003394,0.361467,-0.096315,-0.652736,-0.028121,0.390449,-0.122909,-0.246389,0.179603,0.475825,0.250882,0.016916,0.251167,0.071854,0.0,-0.719938,0.152911,-0.140475,-0.179604,0.136598,-0.43112,0.083984,0.006262,0.160456,0.168023,-0.327043,0.01055,-0.179604,-0.319336,0.462624,0.26169,-0.101961,-0.109985,0.267241,0.321197,-0.125452,0.01055,-0.171159,0.494503,0.224802,0.470326,0.179604,0.260805,-0.16669,0.078595,-0.689633,-0.327043,0.26169,-0.179604,0.187714,-0.088293,0.179604,0.391879,0.222247,-0.319336,-0.059582,0.467598,0.179604,-0.179604,0.273718,0.534139,-0.042586,-0.039192,0.0,-0.039192,0.396378,-0.109059,0.671702,0.01055,0.368672,-0.095541,-0.171159,-0.06245,-0.171159,-0.171159,-0.137694,-0.171159,0.26169,-0.119735,-0.179604,0.396349,-0.140415,0.269269,-0.015126,0.051289,0.504816,-0.245492,-0.185301,0.179604,0.122739,-0.238782,-0.119735,-0.33761,-0.330742,0.051289,0.160456,0.718416,-0.223271,0.207376,-0.033199,-0.059167,-0.101961,-0.012021,0.160456,0.300149,0.718416,-0.090861,0.399848,-0.119735,-0.027575,0.269269,0.0,0.155267,-0.090256,-0.419076,-0.079734,-0.067539,-0.319336,-0.419075,-0.431721,0.160462,0.136598,0.228764,0.026879,-0.207716,-0.317363,0.535497,-0.861967,-0.431352,0.224802,0.30896,0.462101,-0.247587,0.320074,-0.111361,0.092792,-0.162341,-0.469848,-0.289076,0.02104,-0.567697,-0.099059,#
13,-0.361934,0.392347,-0.099783,-0.331602,0.290972,0.044985,-0.186362,-0.189299,0.245167,0.548286,-0.3119,-0.110493,0.395773,1.0,0.192243,-0.048176,-0.481792,-0.001813,0.526572,0.206419,-0.00296,0.260832,0.498763,-0.646912,-0.381253,-0.329735,0.186092,-0.113206,0.240934,-0.494484,0.391024,0.059623,0.231263,-0.208842,-0.399639,-0.494474,-0.317656,-0.176909,-0.389103,-0.329735,-0.050648,-0.448729,0.083826,-0.452021,-0.494109,-0.259195,-0.677485,0.212304,0.509598,-0.268103,0.029874,0.140076,0.192236,0.05008,0.196443,0.185029,-0.721149,-0.110493,-0.01618,0.27239,0.410536,0.00508,-0.276504,-0.151858,0.351991,-0.27171,-0.329735,-0.102231,-0.417989,0.132828,-0.456113,0.490581,0.0,-0.425506,0.04793,0.345142,0.008042,0.083244,-0.208842,0.336147,0.142253,0.147138,-0.234265,0.164723,-0.208339,0.008042,-0.70577,-0.212786,-0.469656,-0.06059,0.013133,-0.136197,0.070777,-0.271686,-0.208339,-0.254972,-0.250168,0.502019,0.63353,-0.329735,-0.273917,-0.080956,-0.403011,-0.487556,-0.209175,-0.071245,0.008042,-0.263339,-0.049564,-0.329735,0.589154,0.314843,-0.70577,-0.026482,0.651637,-0.329735,-0.494603,-0.150142,0.17344,-0.068348,-0.208842,0.0,-0.208842,-0.193199,-0.402466,0.483794,0.131806,-0.0673,-0.237922,-0.254972,0.342704,-0.254972,-0.591445,-0.473968,-0.19422,-0.071245,0.340458,0.008042,0.126316,-0.28223,-0.080956,-0.031252,-0.49435,-0.109313,-0.414253,0.037418,-0.329735,0.083114,-0.065478,0.340458,-0.586278,0.136864,0.407078,-0.217165,0.122932,-0.199953,0.761806,0.204306,-0.467622,-0.06059,-0.011843,-0.647245,0.087707,0.122932,0.363222,0.979847,0.340458,0.068674,-0.080956,0.0,-0.326869,0.122197,-0.329735,0.341207,-0.344772,-0.70577,-0.329735,-0.386525,0.811595,0.083244,0.480803,-0.524289,0.116967,0.231718,0.077925,-0.357254,-0.55881,0.080646,-0.292759,0.00082,-0.054381,0.081654,-0.142298,0.22156,-0.466687,-0.244526,0.102295,0.019077,-0.486288,0.336147,#
14,0.290828,-0.262033,0.283844,-0.566623,-0.086158,0.219439,0.500447,-0.207345,0.447275,-0.066525,0.054833,0.187411,0.009526,0.192243,1.0,0.546454,0.064526,0.238108,-0.365247,0.259313,-0.320745,0.144825,0.343157,-0.094375,0.044704,0.200378,-0.308022,-0.274239,-0.440369,-0.219393,-0.252955,-0.267034,0.05458,-0.030866,0.131933,-0.240608,0.132604,0.320028,0.067629,-0.506839,-0.404009,-0.067756,-0.135955,0.380576,0.346191,-0.142308,0.012259,-0.133073,0.390882,0.052392,0.067295,-0.390956,0.134305,-0.600112,-0.057163,0.423297,-0.387964,-0.239766,-0.345852,-0.223332,0.532743,0.535284,0.471252,-0.280037,-0.301207,-0.20922,0.259313,-0.179257,-0.585926,-0.395406,-0.180423,0.445547,0.0,-0.179933,-0.133325,-0.291285,-0.760259,-0.105685,-0.53243,0.599293,-0.148148,0.017353,-0.039878,0.102063,-0.202525,-0.760259,0.07073,-0.424905,-0.30295,0.581529,-0.321201,-0.457265,-0.122523,-0.387335,-0.643925,-0.165613,0.192646,0.234934,-0.436506,0.259313,-0.222124,0.345855,-0.778718,-0.34336,-0.432228,0.134988,-0.207745,-0.595379,0.582333,0.259313,0.215253,-0.099201,0.07073,0.120349,0.075221,0.259313,0.344768,-0.469292,-0.316456,-0.580734,-0.493848,0.0,-0.011575,0.130515,-0.361108,-0.309681,0.283535,0.439216,-0.413528,-0.165613,-0.020563,-0.165613,-0.646426,0.162661,-0.209791,-0.30295,-0.506839,-0.760259,-0.323697,-0.377004,0.388771,-0.070407,-0.759871,-0.288115,-0.534636,-0.22486,0.259313,0.764911,-0.50736,0.229846,-0.236798,-0.407543,-0.169141,-0.030478,-0.229849,0.452307,0.391474,0.508447,-0.047636,0.581529,-0.327813,-0.503228,0.254653,-0.229849,0.501266,0.211911,-0.506839,0.437678,0.388771,0.0,-0.133259,-0.269325,0.200378,-0.286328,-0.003324,-0.406421,0.200378,0.071718,0.338551,-0.105685,-0.346238,0.134242,0.440058,-0.218933,-0.158137,-0.062471,0.254779,-0.367198,-0.102526,0.059902,-0.030046,0.246285,-0.034164,0.480418,-0.172594,0.187731,0.102244,0.755697,-0.114431,0.130797,#
15,-0.211869,0.210111,0.452997,-0.582641,-0.53317,-0.14666,0.03914,0.108053,0.310518,0.087104,-0.292711,-0.446641,-0.455805,-0.048176,0.546454,1.0,0.550562,0.336052,-0.662591,0.442199,-0.253725,0.403594,-0.206283,0.3054,0.098805,0.387268,-0.273085,0.229754,-0.364422,0.096188,-0.467835,-0.077084,0.066204,-0.102489,-0.267151,0.076408,-0.181359,0.382683,0.125412,-0.271911,-0.339565,-0.495666,0.244253,0.677691,0.066675,-0.234388,0.214953,-0.248068,0.076731,0.517413,0.553678,-0.694475,-0.307446,-0.441553,-0.062156,0.396674,0.132225,-0.446641,0.396995,-0.371593,0.241393,0.564407,0.378759,0.060392,0.097655,-0.015542,-0.271911,-0.250201,-0.413564,-0.392464,0.204448,0.159851,0.0,0.273051,-0.583261,0.275033,-0.407867,-0.182814,-0.102489,0.217151,0.039836,-0.048522,-0.533145,0.115774,-0.403189,-0.407867,0.520085,-0.34185,-0.216101,0.602156,-0.245562,-0.379137,-0.190593,0.093134,-0.814607,0.023557,0.033306,-0.066316,-0.316294,-0.271911,-0.469088,0.62296,-0.665695,-0.145416,-0.382225,0.19209,0.107117,-0.372198,0.596522,-0.271911,0.039782,-0.130104,0.520085,0.152468,-0.308702,-0.271911,0.086517,-0.816229,-0.553838,-0.62756,-0.534023,0.0,-0.084509,-0.455873,0.081326,-0.563013,0.049854,0.205125,0.044963,0.023557,-0.115392,0.023557,-0.424596,-0.166469,-0.01762,-0.216101,-0.271911,-0.407867,-0.515307,0.107123,0.142945,0.227107,-0.407659,-0.128261,-0.594546,-0.117954,-0.271911,0.456571,0.263108,0.414733,-0.047918,0.118249,0.142945,-0.093104,-0.092991,0.338561,0.155206,0.46042,0.263108,0.602156,-0.229435,-0.533741,0.069418,-0.092991,0.273051,0.037221,-0.271911,0.270441,0.142945,0.0,-0.194436,0.041095,0.387268,0.25511,0.124385,0.075344,0.387268,0.137631,0.270727,-0.182814,-0.079368,-0.018275,0.800751,-0.012448,0.030707,0.187916,0.408753,-0.627548,-0.611779,0.176736,0.275446,0.079887,0.049785,0.526827,0.132569,0.399092,0.091426,0.408527,0.290096,0.217151,#
16,0.263859,0.236635,-0.059597,-0.135897,-0.065208,-0.176091,0.493884,0.164689,0.286579,-0.264342,0.158113,-0.001501,-0.271952,-0.481792,0.064526,0.550562,1.0,-0.216531,-0.279924,0.401192,-0.213133,-0.023247,-0.608851,0.80632,0.102054,0.401192,-0.311227,0.662779,0.098056,0.106934,-0.479045,-0.15334,0.090629,-0.093196,-0.087036,0.067728,0.357039,-0.030004,0.579126,0.452959,-0.184171,0.036856,-0.185202,0.221861,0.076797,0.201862,0.281294,-0.238503,-0.568403,0.534975,0.126111,-0.671665,-0.326653,-0.068785,0.139464,0.093416,0.58853,-0.015909,0.414755,-0.333117,-0.490512,0.148067,0.34292,0.089709,0.105878,0.159803,-0.271776,-0.029671,-0.00748,-0.388601,0.40211,-0.243822,0.0,0.312017,-0.590268,0.302679,-0.407663,-0.605801,-0.11014,-0.229033,-0.392553,-0.076211,-0.031346,-0.355992,-0.354417,-0.407663,0.545345,0.112628,0.214512,0.154746,-0.665711,-0.334382,-0.148916,0.126228,-0.354417,-0.009024,0.458975,-0.616481,-0.291814,-0.271776,0.225008,0.582633,-0.202502,-0.08314,-0.319891,0.214512,-0.407663,0.052172,0.158275,-0.271776,-0.392024,-0.121424,0.545345,0.132616,-0.781037,-0.271776,0.07765,-0.326418,-0.205428,-0.49857,-0.533756,0.0,-0.533756,0.048259,0.209562,-0.534837,-0.387258,0.198211,0.037309,-0.009024,-0.561409,-0.009024,0.023463,-0.017088,0.023463,0.214512,-0.271775,-0.407663,-0.311511,0.123863,0.111427,0.257369,0.151341,0.014578,-0.132206,-0.126719,-0.271776,0.475968,0.278646,-0.271776,0.412802,0.135104,0.111427,-0.041036,0.194127,-0.110755,-0.18283,0.490078,0.278646,0.154746,-0.493763,-0.041036,0.06087,0.194127,-0.449515,-0.361319,-0.271776,0.27742,0.111427,0.0,0.275322,-0.436809,0.401192,0.29377,0.153302,0.545345,0.401192,0.612451,-0.131499,-0.605801,-0.040179,0.011094,0.375217,0.031423,0.318319,-0.084363,0.440508,-0.575797,-0.165893,0.601332,-0.173943,0.123781,0.105815,0.553505,0.631675,0.371916,-0.310238,-0.135304,0.556221,-0.229033,#
17,-0.498791,-0.289507,0.966654,-0.501397,-0.760575,0.289678,-0.429687,-0.375818,0.353174,0.168592,-0.625153,-0.505384,-0.646069,-0.001813,0.238108,0.336052,-0.216531,1.0,-0.511913,0.192764,-0.058199,-0.026083,0.117882,-0.352894,0.348673,0.160092,0.316594,-0.203001,-0.309975,0.264098,-0.134557,-0.073412,-0.303405,0.357192,-0.42277,0.145085,-0.375323,0.942338,-0.19546,-0.656705,-0.087587,-0.49244,0.051765,0.56946,0.265357,-0.532151,-0.262729,-0.12666,0.618394,0.161026,0.334864,-0.24988,0.257407,0.189984,-0.559811,0.605957,0.160973,-0.596321,-0.321342,0.06437,0.618671,0.325413,0.253576,-0.267874,-0.007419,0.396703,0.192764,-0.144319,-0.31538,0.309082,-0.330058,-0.052928,0.0,0.604031,0.023843,-0.231959,0.289146,0.043912,0.250249,0.471494,0.57798,0.378381,-0.209894,0.860996,0.038576,0.289146,0.151866,-0.389979,-0.062838,0.353684,0.472174,-0.400575,-0.48942,0.278835,0.038576,0.461791,-0.526526,0.33994,-0.274072,0.192764,-0.280718,0.146249,-0.070598,0.304704,0.268602,-0.062838,0.289146,0.050995,0.452691,0.192764,0.04482,-0.247309,0.151866,0.452095,0.298752,0.192764,0.142123,-0.410784,-0.162022,0.127579,0.378581,0.0,0.378581,-0.511949,0.138498,-0.172386,0.577494,-0.311067,0.203852,0.461791,0.707242,0.461791,-0.071308,-0.237544,-0.071308,-0.062838,0.192764,0.289146,-0.31497,0.177855,0.288999,0.134311,-0.365972,-0.37423,0.037372,0.356175,0.192764,-0.134377,0.05028,0.192764,-0.097305,0.171782,0.288999,-0.198811,-0.631507,0.357844,0.025075,-0.287564,0.05028,0.353684,0.541912,-0.198811,-0.511498,-0.631507,0.604031,0.030575,0.192764,0.127454,0.288999,0.0,-0.514082,0.227749,0.160092,-0.275086,-0.222996,0.151866,0.160092,-0.234669,0.127562,0.043912,-0.170878,-0.123634,0.182618,-0.094928,-0.32875,0.796912,0.309273,-0.327672,-0.468844,-0.586013,0.589035,-0.42034,-0.415401,-0.402234,-0.490811,0.447841,0.29332,0.31058,0.029103,0.471494,#
18,0.221705,0.337417,-0.569096,0.249138,0.765348,0.00484,0.095848,-0.257928,-0.019808,0.111027,0.155558,0.40121,0.430138,0.526572,-0.365247,-0.662591,-0.279924,-0.511913,1.0,-0.270754,0.138443,0.025069,0.328061,-0.127138,-0.220741,-0.270754,0.043152,0.074328,0.55877,-0.406034,0.317936,-0.131414,0.106234,-0.056647,-0.000174,-0.406026,0.015149,-0.591433,0.138443,0.315415,0.182117,0.214035,-0.117111,-0.993651,-0.405726,0.305463,-0.61611,0.079015,-0.122594,-0.384249,-0.209648,0.449206,0.094559,0.261459,0.261693,-0.156024,-0.398264,0.417395,-0.119194,0.219755,-0.252006,-0.244967,-0.531149,-0.247579,0.237822,-0.248444,-0.270754,-0.069541,0.001613,0.111202,-0.420189,0.179201,0.0,-0.430337,0.277026,0.291341,0.138168,-0.106578,-0.056647,-0.260645,-0.38168,-0.065749,0.304018,-0.327237,-0.045747,0.138168,-0.835895,0.090675,-0.293801,-0.662862,-0.218791,0.101686,0.257341,-0.365837,0.389092,-0.38168,-0.070148,-0.044971,0.523226,-0.270754,0.325379,-0.405924,0.14925,-0.110682,0.081539,-0.293801,-0.406132,-0.022986,-0.662256,-0.270754,0.015355,0.428035,-0.835895,-0.203924,0.136125,-0.270754,-0.406132,0.538121,0.387763,0.239414,-0.056647,0.0,-0.531751,0.367915,-0.421155,0.400717,-0.417622,-0.278097,-0.348604,-0.38168,-0.147993,-0.38168,-0.013819,-0.090236,-0.013819,0.137627,0.454979,0.138168,0.408028,-0.373482,-0.405924,-0.160888,0.046033,-0.125138,0.231529,-0.032315,-0.270754,-0.116906,-0.186011,-0.270754,-0.004427,0.059555,0.122555,-0.133184,0.135179,-0.531447,0.384093,0.114546,-0.621481,-0.662862,-0.265678,-0.133184,0.135181,0.135179,-0.313017,0.454897,0.454979,-0.143701,-0.405924,0.0,0.25325,-0.282634,-0.270754,0.2848,-0.224703,-0.365837,-0.270754,0.142845,0.306175,-0.106578,0.384634,-0.371341,-0.505199,0.417252,-0.031207,-0.438118,-0.660905,0.415709,0.274624,0.12287,-0.554384,0.138141,0.064844,0.062789,0.010597,-0.426205,-0.147065,-0.575313,-0.253339,-0.260645,#
19,-0.407402,0.138915,0.185766,-0.406755,-0.217869,0.186123,0.229432,0.157104,0.611148,0.298621,-0.271497,-0.332455,0.179604,0.206419,0.259313,0.442199,0.401192,0.192764,-0.270754,1.0,-0.272078,-0.332641,-0.407011,-0.21799,-0.26981,-0.111111,0.26945,0.478177,0.229598,-0.166627,0.141527,0.199855,0.225536,-0.218218,-0.643464,-0.166623,0.301511,0.264853,-0.272078,-0.111111,-0.268052,-0.457055,-0.40784,0.290467,-0.1665,-0.405499,-0.16738,0.212146,0.235274,0.246938,-0.272071,-0.656705,0.2724,0.380059,0.119737,0.258505,0.262041,-0.332455,0.185758,0.158888,0.128875,-0.267764,0.549532,0.165635,0.3007,0.342996,-0.111111,0.271724,-0.128449,0.094182,0.22154,-0.2,0.0,0.175129,-0.40542,0.142968,-0.166667,-0.408008,-0.218218,0.447628,0.364144,0.536868,-0.217859,0.266895,-0.332873,-0.166667,0.254,0.241742,0.427398,0.437602,-0.272166,-0.508596,-0.407871,0.254,-0.332873,0.364144,0.371012,0.208608,0.2476,-0.111111,0.133973,0.690124,-0.272023,-0.664573,-0.50796,0.427398,-0.166667,0.35604,0.447628,-0.111111,0.363653,-0.217538,0.254,0.4669,0.254,-0.111111,-0.166667,-0.508001,0.20678,-0.403505,-0.218218,0.0,-0.218218,-0.329775,0.308435,0.202157,0.372035,0.298244,0.240239,0.364144,0.311741,0.364144,-0.333153,-0.648358,-0.333153,0.427398,-0.111111,-0.166667,-0.31331,0.247993,0.690124,0.316809,-0.166582,0.253894,-0.407661,0.20833,-0.111111,0.404459,0.29806,-0.111111,-0.332873,0.254,0.690124,-0.218103,0.428574,-0.218093,0.173571,0.167247,0.29806,0.437602,0.13387,-0.218103,-0.166543,0.428574,0.175129,0.392617,-0.111111,0.47636,0.690124,0.0,-0.373703,-0.115987,-0.111111,0.167287,-0.241747,0.254,-0.111111,-0.241286,0.337808,-0.408008,0.238819,-0.30389,0.506979,-0.305748,0.745348,-0.233036,0.248452,-0.664634,-0.406937,0.450042,0.305016,-0.125347,-0.475868,0.283918,-0.120517,0.44028,-0.280125,0.214759,-0.013683,0.447628,#
20,-0.106775,-0.416449,-0.213282,0.20789,-0.085937,-0.603289,-0.322182,0.273774,-0.519518,-0.399311,0.182499,0.022397,0.080486,-0.00296,-0.320745,-0.253725,-0.213133,-0.058199,0.138443,-0.272078,1.0,0.017302,0.233357,-0.055727,-0.660685,-0.272078,0.539191,0.111926,-0.357119,-0.40802,0.346557,0.312702,0.51843,0.356234,-0.207795,-0.408011,-0.627928,-0.28952,-0.23335,0.421455,0.102094,-0.384881,-0.162109,-0.178487,0.132706,0.238569,0.187137,0.211691,-0.272935,-0.337559,0.166889,0.472023,-0.449144,0.109488,0.480042,0.343393,0.039933,0.409084,-0.170972,0.336092,-0.385039,-0.265615,-0.093011,0.355886,0.0078,0.496802,0.421455,0.181224,0.431327,0.580056,0.040553,-0.252872,0.0,0.310496,-0.148913,-0.33232,0.092027,0.229565,-0.09779,0.166374,0.385763,0.338929,0.399746,0.091356,0.439989,0.092027,0.112809,0.090655,0.182824,0.154459,0.574979,0.530573,0.658306,0.544733,0.439989,-0.009486,0.040315,-0.122755,0.084426,0.421455,-0.372259,-0.407909,0.597392,0.452631,0.575005,0.579252,0.092027,0.411379,0.166374,0.421455,-0.419978,-0.108789,0.112809,0.19055,0.069108,0.421455,0.112032,0.112809,0.103371,0.694662,0.356234,0.0,0.356234,0.116114,0.405863,0.407203,0.0,-0.440544,0.588275,-0.009486,0.241405,-0.009486,0.425753,-0.156105,0.821002,0.579252,0.39478,0.092027,0.292361,0.530573,0.097121,0.702605,0.126829,0.23282,0.282662,0.510138,0.421455,-0.281919,0.242157,0.39478,0.439989,0.095532,0.077697,0.810166,0.180624,0.373832,-0.326831,-0.425176,0.258163,0.154459,0.404939,0.382226,-0.407815,0.180624,-0.41825,-0.030866,0.39478,0.08903,0.097121,0.0,0.251201,0.099623,-0.272078,-0.390482,-0.673647,0.112809,-0.272078,-0.247658,-0.19506,0.229565,-0.138873,-0.458852,-0.123992,0.399818,-0.298224,0.233759,-0.124593,0.422305,-0.159417,-0.24136,0.229565,-0.406371,-0.370188,-0.358454,0.046292,-0.805969,-0.345137,-0.609546,-0.391563,-0.257716,#
