0,1.0,0.560227,0.096887,-0.160386,0.156728,0.299095,0.173692,0.125164,-0.065378,0.600648,-0.087379,-0.159171,0.452218,0.350093,0.098395,-0.249508,0.137217,0.471422,-0.212062,0.004065,-0.40751,0.585959,0.452218,-0.059355,-0.407616,-0.628259,0.255449,-0.327145,-0.076348,0.807322,-0.224965,0.568717,0.096859,0.141972,-0.256907,-0.012474,-0.455553,0.011065,0.40089,-0.099122,0.047739,0.207889,-0.192579,0.224389,0.015312,-0.650843,0.31988,0.48937,-0.626446,-0.355108,-0.356352,-0.494988,0.034413,-0.687537,-0.115421,-0.154246,0.311506,-0.320948,0.176722,0.461891,0.207415,-0.082083,-0.391202,-0.064939,0.199454,0.4319,0.4547,0.031348,0.460474,0.138252,-0.197476,0.202428,-0.407518,-0.610066,-0.384226,0.197761,-0.56573,-0.165685,-0.227108,-0.368983,-0.001501,-0.227108,-0.227108,0.105912,-0.379311,-0.271744,-0.665182,-0.001501,-0.389077,-0.533695,-0.361426,-0.622339,-0.166231,0.229172,0.229172,-0.432067,0.162383,-0.485278,-0.110903,-0.457237,0.55559,-0.665182,-0.173659,-0.067235,-0.233331,-0.174169,-0.389077,0.065171,-0.561633,-0.432067,0.121589,0.115445,-0.561633,-0.389077,-0.513447,0.166653,-0.665182,-0.561633,0.166775,-0.814587,-0.533413,-0.643161,-0.174169,-0.310428,-0.550622,0.043843,0.137217,-0.011791,-0.126694,-0.189336,0.008072,-0.166231,-0.384226,0.49794,-0.665285,-0.067235,0.0,0.065171,0.316569,-0.361426,0.174647,-0.271744,-0.665285,-0.559894,-0.368584,-0.505067,-0.227108,0.613758,-0.389077,-0.814587,-0.436356,-0.384226,-0.067235,-0.533413,-0.361859,-0.533413,0.643948,0.673056,-0.368584,-0.533413,-0.392433,0.4547,0.600888,-0.658459,-0.368983,0.994504,-0.665182,-0.55503,-0.077574,-0.407616,0.341422,-0.190269,-0.665182,-0.561633,0.355424,-0.997434,0.121589,0.555683,0.362152,-0.250836,0.385077,0.662455,-0.526366,-0.055303,0.362152,-0.295625,0.822734,-0.166231,-0.296225,0.822734,-0.01998,0.754119,0.372009,0.505115,-0.171651,0.373901,-0.174828,-0.486469,0.269556,0.122831,#
1,0.560227,1.0,0.175739,-0.116968,0.167798,-0.072775,0.592245,0.160907,0.396191,0.592245,-0.108433,-0.147912,0.478298,0.384872,0.579384,-0.269147,-0.407644,0.032892,0.180409,-0.393573,-0.407538,0.164972,0.478298,-0.027571,-0.407644,-0.65667,0.683117,0.030274,0.478298,0.787735,-0.665529,0.093397,0.073068,0.150056,-0.240944,0.404125,-0.483446,0.02605,0.446101,0.328134,-0.401056,0.219745,-0.011084,0.145838,0.46901,-0.650887,0.557393,0.15229,-0.626489,0.384872,-0.371026,-0.583214,-0.29791,-0.194592,-0.171841,-0.54724,0.394862,0.13801,0.65233,0.488072,0.175597,-0.098322,-0.553348,-0.047009,0.669291,0.29358,-0.271763,0.348878,0.31422,-0.330848,-0.194142,-0.197428,-0.407546,-0.582234,-0.814848,0.638791,-0.578068,-0.583938,-0.665331,-0.354991,-0.404564,-0.665331,-0.665331,0.584645,-0.870844,-0.271763,-0.665228,-0.404564,-0.814643,-0.533731,-0.798787,-0.603517,-0.578395,-0.160647,0.270943,-0.404564,-0.247793,-0.491385,-0.08253,-0.011715,0.779385,-0.665228,-0.58762,-0.53345,-0.665228,-0.158725,-0.814643,0.096868,-0.574089,-0.404564,-0.407436,0.631578,-0.574089,-0.814643,-0.513483,-0.251576,-0.24565,-0.997598,-0.308155,-0.814643,-0.53345,-0.643205,-0.582234,-0.285064,-0.513599,0.039798,-0.407644,-0.0242,0.024886,-0.608014,-0.399953,-0.578395,-0.814848,0.539781,-0.665331,-0.53345,0.0,0.096868,0.376626,-0.798787,-0.24178,-0.271763,-0.665331,-0.529293,-0.352184,-0.593645,-0.665331,0.608951,-0.814643,-0.401226,0.00424,-0.814848,-0.53345,-0.53345,-0.80489,-0.53345,0.310336,0.713462,-0.352184,-0.53345,0.031544,-0.271763,0.613,-0.343513,-0.354991,0.618197,-0.665228,-0.105668,-0.065175,-0.407644,0.405003,-0.134987,-0.24565,-0.997598,0.359751,-0.578068,-0.407436,0.998483,0.783588,-0.256606,0.450772,0.666233,-0.495899,-0.018245,0.783588,-0.281201,0.826449,-0.578395,-0.365292,0.826449,-0.005065,0.825177,0.804914,0.509034,-0.586687,-0.08253,0.358835,-0.488699,0.007235,0.160829,#
2,0.096887,0.175739,1.0,-0.04858,0.606418,0.413932,0.107832,0.350131,0.22956,-0.372874,-0.366145,0.399088,0.303267,0.230826,0.375943,0.049122,-0.279721,0.012825,-0.396239,0.4964,-0.254617,0.331363,0.303267,-0.298886,-0.279721,-0.613837,0.478106,0.052663,0.303267,0.020138,-0.436077,0.332113,-0.255184,-0.417366,-0.076208,0.518144,0.057397,-0.433461,-0.121049,-0.322199,-0.2752,0.471693,-0.287601,0.435644,0.086214,-0.422943,0.357541,0.753927,-0.404424,0.230826,0.184927,0.353166,0.186531,0.359527,-0.440487,-0.080382,0.208404,-0.738771,0.447622,-0.287512,0.184937,-0.316313,0.327019,0.133211,0.388758,0.249784,-0.186481,0.311981,0.183563,0.323748,0.508845,0.451632,-0.254642,0.385921,-0.538609,0.427935,-0.108075,-0.625349,-0.435649,-0.189922,0.477699,-0.435649,0.065817,0.175848,-0.263648,0.631417,0.078939,-0.015056,-0.03145,-0.366241,0.293689,0.240596,-0.128416,0.423175,-0.064018,0.477699,0.598625,-0.637089,-0.324933,-0.460541,0.320614,0.078939,-0.101447,0.189693,0.078939,-0.09215,-0.03145,-0.233146,-0.622184,-0.015056,0.35105,-0.181418,-0.622184,-0.03145,0.265805,-0.397286,-0.394694,-0.144114,-0.455738,-0.03145,-0.343818,-0.41888,0.385921,0.048986,0.354702,-0.195306,-0.279721,0.458436,0.556759,-0.097864,-0.029444,-0.128416,-0.538609,0.005302,-0.435649,-0.343818,0.0,-0.233146,0.278166,0.293689,0.084144,-0.186481,-0.435649,0.46718,0.328407,0.344138,-0.435649,-0.374999,-0.03145,-0.498128,0.019276,-0.538609,-0.343818,-0.343818,-0.229352,0.189693,0.334431,0.594155,0.328407,-0.343818,-0.130957,-0.186481,-0.228785,0.233452,-0.189922,0.161904,0.078939,0.344051,0.004581,-0.279721,0.050953,-0.00957,-0.394694,-0.144114,0.325865,-0.108075,-0.254353,0.204579,0.582134,-0.460114,0.572754,-0.02865,0.224929,0.501434,0.100368,-0.147837,0.091018,-0.128416,-0.737267,0.091018,0.514208,0.290237,0.08248,-0.134101,0.075024,-0.324933,0.302512,0.160812,0.281606,0.444296,#
3,-0.160386,-0.116968,-0.04858,1.0,-0.530073,-0.284988,-0.555396,-0.608523,-0.334137,-0.180635,-0.392086,-0.268888,0.112508,0.365514,-0.444773,-0.616906,-0.131513,0.040713,-0.167803,0.402043,0.407608,-0.164969,0.112508,0.054472,0.346715,0.516663,-0.16322,0.265036,-0.351442,0.0344,0.616248,-0.451177,-0.071734,-0.199383,0.267293,-0.328088,0.337126,0.527692,-0.406494,-0.316291,0.341112,0.206978,-0.264186,-0.142788,0.061755,0.185126,0.045235,-0.15292,0.384903,-0.253476,0.420876,0.628439,-0.15292,0.186859,0.598484,0.018359,0.371196,-0.122675,-0.276544,0.571914,0.389019,-0.412531,0.37298,0.030898,0.480283,-0.08935,0.231144,0.571749,-0.039974,-0.082641,0.486886,0.174874,0.407568,0.159233,0.365147,-0.651625,0.547496,0.142776,0.616791,0.345895,0.340137,0.616791,0.158652,0.353291,-0.112703,-0.406494,0.214613,0.790317,0.346853,0.036525,0.319308,0.604698,0.561778,0.116973,0.581424,-0.037793,0.206728,-0.22305,0.053192,0.455244,-0.187302,0.214613,0.126839,0.020459,0.214613,0.997597,0.346853,-0.101376,0.567162,0.412388,-0.145102,-0.091582,0.567162,0.346853,-0.045179,0.250001,0.666138,0.111407,0.210727,-0.026639,0.507875,0.188036,0.541842,0.660021,0.386643,-0.097872,0.346715,0.323328,0.093829,0.142367,0.358671,0.561778,0.365147,0.417064,0.23218,0.507875,0.0,-0.101376,0.419519,0.319308,0.614993,0.231144,0.23218,0.207658,0.785735,0.625957,0.616791,-0.237991,0.346853,0.418256,0.838433,0.365147,0.507875,0.098687,-0.127543,0.020459,-0.316062,-0.117286,0.785735,0.098687,-0.496626,0.231144,-0.609288,0.332206,0.345895,-0.160698,-0.164444,0.265853,0.079273,0.346715,-0.343056,0.286626,0.666138,0.111407,-0.358207,0.168568,0.407994,-0.123317,-0.366784,-0.388816,-0.432483,-0.248351,-0.318403,0.032283,0.073357,0.259657,0.016226,0.561778,0.243633,0.016226,0.44582,-0.31768,-0.376766,-0.047637,0.150013,0.053192,-0.421142,0.457995,0.330661,-0.019555,#
4,0.156728,0.167798,0.606418,-0.530073,1.0,0.258693,0.118571,0.063549,-0.119626,-0.273114,0.350255,0.699889,-0.086894,-0.369327,0.509843,0.570508,0.091968,0.382527,0.196999,0.028492,-0.40775,0.111577,-0.086894,-0.532884,-0.407856,-0.552057,0.247511,0.155011,0.398006,-0.014083,-0.665876,0.459317,0.091968,-0.265839,0.189498,0.810423,-0.346177,-0.287624,-0.271904,0.326993,-0.401264,0.014439,-0.375202,0.179488,0.010845,-0.205791,-0.007758,0.653316,-0.407342,0.277616,0.31529,-0.06729,-0.17886,-0.008593,-0.136161,-0.070272,-0.343901,-0.381696,0.361819,-0.566043,-0.411209,0.372104,0.340711,-0.023081,-0.152534,0.087739,-0.271904,-0.259291,-0.019218,0.500219,-0.038331,-0.093273,-0.407758,0.257057,-0.420276,0.634855,-0.578685,-0.590085,-0.665677,-0.789557,0.029555,-0.665677,-0.240052,-0.231217,0.036979,0.394528,-0.246095,-0.388676,-0.401747,-0.097727,0.100641,-0.09624,-0.158331,-0.125995,-0.557484,0.424551,0.194085,-0.479722,-0.533705,-0.812347,0.087969,-0.246095,-0.569984,-0.080904,-0.246095,-0.56624,-0.401747,-0.406864,-0.598231,0.00632,0.106194,-0.407507,-0.598231,-0.401747,-0.010074,-0.665069,-0.665574,-0.174821,-0.294348,-0.011389,-0.533727,-0.211053,-0.14283,-0.270371,-0.156349,-0.389711,-0.407856,0.157863,0.404104,-0.564493,0.015994,-0.158331,-0.420276,-0.225072,-0.263698,-0.533727,0.0,-0.406864,-0.181627,0.100641,-0.225274,-0.271904,-0.263698,0.257585,-0.335387,-0.075665,-0.665677,-0.153178,-0.401747,-0.424709,-0.393481,-0.420276,-0.533727,-0.106061,-0.35446,-0.080904,0.149537,0.347576,-0.335387,-0.106061,0.070029,-0.271904,0.074677,0.319649,-0.789557,0.183495,0.15008,0.415691,0.370798,-0.407856,0.404538,-0.143105,-0.665574,-0.174821,0.421374,-0.182645,-0.407648,0.19247,0.42526,-0.245452,0.45031,0.285557,0.333948,0.388897,0.016356,-0.72898,0.027878,-0.158331,-0.70025,0.027878,0.010352,0.367871,0.436834,0.11277,-0.18006,-0.533705,0.422555,0.212541,-0.293401,0.631959,#
5,0.299095,-0.072775,0.413932,-0.284988,0.258693,1.0,-0.119605,0.442291,0.126145,-0.119605,0.043034,0.158208,-0.302904,-0.192422,-0.016267,-0.179425,0.380378,0.362735,-0.580585,0.375127,-0.144383,0.404498,0.13992,-0.276898,-0.134717,-0.308823,-0.153058,-0.175378,-0.302904,0.041864,-0.211317,0.351728,-0.610189,-0.156507,-0.20926,0.004824,-0.436947,-0.20577,0.332831,-0.372203,-0.192373,0.177589,-0.102781,0.547372,0.07281,-0.215104,0.066116,0.319825,-0.340691,-0.192422,-0.314099,0.024318,0.178094,0.102954,-0.448608,-0.338702,-0.28967,-0.504486,-0.15909,-0.329996,-0.267745,-0.327027,-0.191932,0.205394,-0.174524,-0.147225,0.253585,-0.339078,-0.124199,0.293216,0.189096,0.566422,-0.610043,0.130904,-0.061152,0.22427,-0.308414,0.128461,-0.215191,-0.132094,0.384593,-0.215191,0.206568,-0.145631,-0.126124,0.253585,-0.203216,-0.029839,-0.051696,0.04842,0.303378,0.030044,0.123178,0.588335,0.160766,0.384593,0.254367,-0.3064,0.08918,-0.446585,0.346035,-0.203216,0.13617,0.073987,-0.187513,-0.28866,-0.051696,-0.089922,-0.32036,-0.029839,0.380184,-0.034897,-0.32036,-0.051696,0.183004,-0.165517,-0.618885,0.099204,-0.179386,-0.051696,-0.391674,-0.292226,0.130904,-0.210559,0.346409,-0.087924,-0.114906,-0.000297,-0.126567,0.125251,0.380378,0.123178,-0.061152,0.016717,-0.215191,-0.374722,0.0,-0.089922,-0.358874,0.303378,0.232933,-0.406793,-0.215191,0.122832,-0.135552,0.125699,-0.215191,-0.214169,-0.051696,-0.461261,-0.430317,-0.061152,-0.374722,-0.374722,0.309977,0.057036,0.235435,0.271599,-0.135552,-0.374722,-0.503536,0.253585,-0.036317,-0.405515,-0.132094,0.300178,-0.187513,-0.3109,0.013089,-0.134717,0.042761,0.125443,-0.618885,0.099204,0.154068,-0.308414,-0.128991,-0.085782,0.073947,-0.22119,0.419207,0.233472,0.067798,-0.009199,-0.331242,-0.009459,0.066846,0.123178,-0.024626,0.066846,-0.019076,0.15283,0.07596,-0.032919,-0.286586,0.106808,0.151118,-0.3118,-0.064111,0.421376,#
6,0.173692,0.592245,0.107832,-0.555396,0.118571,-0.119605,1.0,0.632895,0.819125,0.616188,-0.10022,-0.197956,0.439423,0.333098,0.545612,0.14241,-0.407495,-0.403386,0.196531,-0.417135,-0.407389,0.122316,0.439423,-0.017852,-0.407495,-0.650363,0.651019,-0.310194,0.439423,0.419038,-0.665286,0.120178,0.082283,0.165679,-0.686894,0.363795,-0.038606,-0.671115,0.459738,0.344581,-0.400909,0.20974,0.324999,0.100208,0.058269,-0.65065,0.518489,0.130812,-0.62626,0.333098,-0.438821,-0.605848,0.169036,-0.208978,-0.641145,-0.087578,0.344779,0.164452,0.652094,-0.027932,0.277349,-0.091454,-0.575425,0.044939,0.238797,0.486495,-0.271664,0.153551,0.420857,-0.349302,-0.214286,-0.215884,-0.407398,-0.582335,-0.814551,0.701623,-0.158885,-0.575782,-0.665088,0.106158,-0.404725,-0.665088,-0.248018,0.183625,-0.413004,0.381374,-0.253937,-0.814551,-0.409333,-0.533537,-0.798831,-0.593742,-0.997568,-0.152966,-0.136053,-0.404725,-0.248018,0.226717,-0.073832,0.003673,0.446674,-0.253937,-0.161067,-0.089533,-0.253937,-0.565739,-0.409333,0.106512,-0.565739,-0.814551,0.096227,0.651318,-0.565739,-0.409333,-0.019742,-0.243542,-0.237495,-0.582335,-0.301199,-0.409333,-0.533255,-0.64297,-0.582335,-0.663102,-0.534375,0.51825,-0.407495,-0.03992,0.007014,-0.178761,-0.814991,-0.997568,-0.814551,-0.025805,-0.665088,-0.533255,0.0,0.106512,0.209171,-0.798831,-0.665437,-0.271664,-0.665088,-0.554781,-0.343736,-0.616367,-0.665088,0.633009,-0.409333,-0.393132,-0.393132,-0.814551,-0.533255,-0.533255,-0.348331,-0.089533,0.305695,0.532294,-0.343736,-0.533255,0.544411,-0.271664,0.632391,-0.321205,0.106158,0.210661,-0.253937,-0.320763,-0.481335,-0.407495,0.021243,-0.604064,-0.237495,-0.582335,0.389107,-0.158885,-0.407288,0.602431,0.807381,0.423416,0.468385,0.265986,-0.075872,-0.009097,0.406696,0.193985,0.434155,-0.997568,-0.348691,0.434155,0.002492,0.396301,0.417764,0.092566,-0.163387,-0.073832,0.389198,-0.465063,0.03686,-0.405131,#
7,0.125164,0.160907,0.350131,-0.608523,0.063549,0.442291,0.632895,1.0,0.771406,0.171763,-0.326588,-0.130426,0.294572,0.238,0.3562,0.077864,-0.249501,-0.493969,-0.404975,-0.021159,-0.249436,0.374305,0.294572,0.292235,-0.249501,-0.595117,0.427965,-0.398379,0.294572,0.01991,-0.407341,0.355713,-0.249501,0.120096,-0.601229,-0.03924,0.041437,-0.69015,0.712411,-0.326593,-0.245468,0.226493,0.502032,0.425025,0.064341,-0.398379,0.342982,0.156144,-0.383446,0.238,-0.711577,-0.334125,0.584774,0.160947,-0.992108,-0.053816,0.181678,-0.124682,0.399263,-0.272504,0.198038,-0.27771,-0.53849,0.146612,0.02483,0.270565,-0.166334,-0.059753,0.230194,-0.214062,-0.066068,0.322081,-0.249441,-0.112103,-0.498732,0.47694,-0.116839,-0.104534,-0.407219,0.304279,-0.006346,-0.407219,0.093871,0.091516,-0.217315,0.61826,0.086699,-0.498732,-0.012003,-0.326673,-0.227117,-0.387639,-0.61079,0.40346,-0.104534,-0.006346,0.093871,0.158378,0.225461,-0.033644,0.492719,0.086699,0.393398,0.20661,0.086699,-0.610586,-0.012003,0.367471,-0.610586,-0.498732,0.355576,0.433596,-0.610586,-0.012003,0.278701,0.09889,-0.407156,-0.112103,-0.406501,-0.012003,-0.326501,-0.393677,-0.112103,-0.406004,0.076737,0.330352,-0.249501,-0.155876,-0.051205,0.370787,-0.499002,-0.61079,-0.498732,-0.223076,-0.407219,-0.326501,0.0,0.367471,0.01168,-0.227117,-0.407433,-0.166334,-0.407219,-0.085905,-0.231449,-0.340418,-0.407219,0.095361,-0.012003,-0.498607,-0.498607,-0.498732,-0.326501,-0.326501,0.313279,0.20661,0.530253,0.340808,-0.231449,-0.326501,0.38131,-0.166334,0.431963,-0.554386,0.304279,0.164259,0.086699,-0.454057,-0.495703,-0.249501,0.04623,-0.147419,-0.407156,-0.112103,0.294615,-0.116839,-0.249374,0.169188,0.540377,0.277778,0.565105,-0.038988,0.217285,0.015563,0.058972,0.365353,0.068021,-0.61079,-0.20416,0.068021,-0.017533,0.279764,0.060577,-0.153384,0.083605,0.225461,0.296596,-0.663042,0.229396,-0.248053,#
8,-0.065378,0.396191,0.22956,-0.334137,-0.119626,0.126145,0.819125,0.771406,1.0,0.413906,-0.427775,-0.377542,0.373633,0.295455,0.455976,-0.10717,-0.326804,-0.647015,-0.085446,-0.233632,-0.326719,0.001978,0.373633,0.116274,-0.326804,-0.439957,0.542931,-0.162364,0.373633,0.242408,-0.533547,-0.012053,-0.326804,-0.070047,-0.787507,0.187135,0.160542,-0.658506,0.554325,0.053864,-0.321522,0.210453,0.475605,0.413218,0.267948,-0.521809,0.437042,-0.03378,-0.502249,0.295455,-0.528794,-0.240376,0.342877,0.183457,-0.762104,-0.30421,0.263832,0.043868,0.522967,-0.122148,0.24802,-0.40003,-0.541674,0.345928,0.363282,0.317934,-0.217869,0.142522,0.314661,-0.512456,0.019828,0.022542,-0.326725,-0.361723,-0.653254,0.591279,0.085319,-0.354936,-0.533388,0.427169,-0.220572,-0.533388,-0.093057,0.362424,-0.51794,0.47159,-0.099332,-0.653254,-0.225488,-0.427886,-0.527793,-0.213982,-0.800031,0.091462,0.109318,-0.220572,-0.093057,0.251345,0.05738,0.209862,0.540531,-0.099332,0.082767,0.040809,-0.099332,-0.344202,-0.225488,0.21562,-0.344202,-0.653254,0.20496,0.790974,-0.344202,-0.225488,0.109427,-0.088486,-0.081973,-0.361723,-0.532447,-0.225488,-0.42766,-0.51565,-0.361723,-0.531796,-0.005854,0.46196,-0.326804,-0.088631,-0.163467,0.063504,-0.653607,-0.800031,-0.653254,-0.096417,-0.533388,-0.42766,0.0,0.21562,0.060116,-0.527793,-0.533668,-0.217869,-0.533388,-0.335608,-0.047381,-0.247832,-0.533388,0.315696,-0.225488,-0.208384,-0.208384,-0.653254,-0.42766,-0.42766,-0.052537,0.040809,0.209896,0.4464,-0.047381,-0.42766,0.457274,-0.217869,0.27211,-0.354165,0.427169,-0.016288,-0.099332,-0.353301,-0.649286,-0.326804,-0.15742,-0.388631,-0.081973,-0.361723,0.33634,0.085319,-0.326637,0.39713,0.667334,0.405415,0.300487,0.12637,0.066901,-0.184464,0.244301,0.508038,0.262978,-0.800031,-0.058133,0.262978,0.209308,0.122921,0.25095,-0.016249,-0.10859,0.05738,0.337242,-0.47509,0.019458,-0.324907,#
9,0.600648,0.592245,-0.372874,-0.180635,-0.273114,-0.119605,0.616188,0.171763,0.413906,1.0,-0.10022,-0.597061,0.439423,0.333098,0.133568,-0.261429,0.082283,0.0,0.196531,-0.43186,-0.407389,0.122316,0.439423,-0.017852,-0.407495,-0.341124,0.271106,-0.310194,-0.035732,0.834873,-0.269283,0.137268,0.082283,0.165679,-0.686894,-0.018471,-0.173592,-0.197164,0.459738,0.344581,0.00251,0.04328,0.168146,0.100208,0.058269,-0.65065,0.328427,-0.010759,-0.62626,-0.300843,-0.438821,-0.625242,0.027465,-0.725683,-0.122357,-0.204573,0.319809,0.164452,0.224586,0.449045,0.252389,-0.124493,-0.653381,0.137329,0.21431,0.486495,0.381374,0.020997,0.523206,-0.365897,-0.349398,-0.231492,-0.407398,-0.997234,-0.427493,0.275364,-0.181713,-0.176455,-0.271188,0.081493,-0.427493,-0.271188,-0.271188,0.183625,-0.438028,-0.271664,-0.664985,-0.427493,-0.431834,-0.533537,-0.823535,-0.621876,-0.601782,-0.176455,0.263274,-0.814551,-0.271188,0.18888,-0.073832,0.003673,0.446674,-0.664985,-0.184316,-0.114184,-0.276773,-0.173889,-0.431834,0.106512,-0.173889,-0.814551,0.068254,0.651318,-0.173889,-0.431834,-0.513295,0.155785,-0.237495,-0.605385,0.109879,-0.814346,-0.533255,-0.64297,-0.605385,-0.663102,-0.739746,0.493033,0.082283,-0.186684,-0.465035,-0.202184,-0.423168,-0.601782,-0.427493,0.326993,-0.665088,-0.114184,0.0,0.106512,0.182464,-0.823535,-0.265535,-0.271664,-0.665088,-0.985511,-0.368232,-0.635838,-0.271188,0.976822,-0.431834,-0.393132,-0.393132,-0.427493,-0.114184,-0.533255,-0.373211,-0.533255,0.281402,0.507966,-0.368232,-0.533255,0.055809,0.381374,0.632391,-0.64184,0.081493,0.583042,-0.664985,-0.736979,-0.481335,-0.407495,-0.003808,-0.604064,-0.237495,-0.605385,0.327772,-0.569794,0.068254,0.57612,0.381653,0.387582,0.028368,0.638368,-0.522485,-0.429333,0.381653,0.168568,0.799078,-0.601782,0.109262,0.799078,-0.019754,0.368313,0.39204,0.480102,-0.216024,0.361983,-0.149945,-0.502738,0.0,-0.405131,#
10,-0.087379,-0.108433,-0.366145,-0.392086,0.350255,0.043034,-0.10022,-0.326588,-0.427775,-0.10022,1.0,0.516021,-0.765362,-0.565055,-0.066519,0.377313,0.225531,0.594651,0.418848,-0.239448,0.19254,-0.087752,-0.271137,-0.427557,0.20342,0.150153,-0.383498,-0.029886,-0.229094,-0.218876,-0.105202,-0.119741,0.225531,0.349772,0.432466,0.20902,-0.636965,0.21967,-0.218161,0.523713,-0.321952,-0.230141,-0.242172,-0.48661,-0.23206,0.324802,-0.207643,-0.160739,0.163463,0.150422,0.179247,-0.40536,-0.520243,-0.199571,0.312968,0.070925,-0.525069,0.392337,-0.261189,-0.265803,-0.562491,0.513546,-0.032378,-0.4231,-0.627016,-0.416196,-0.218161,-0.421521,-0.495317,0.342234,-0.321142,-0.352865,-0.327163,0.065973,0.202077,0.077798,-0.380283,0.082927,-0.107323,-0.542715,-0.234763,-0.107323,-0.107323,-0.533357,0.369871,-0.218161,-0.113402,-0.234763,-0.239523,0.51724,-0.069592,-0.248433,0.074414,-0.367761,-0.367761,0.202077,-0.534103,0.129476,0.043979,-0.229005,-0.395043,-0.113402,-0.371754,-0.428233,-0.53402,-0.376276,-0.239523,-0.326445,0.065973,0.202077,-0.327075,-0.326961,0.065973,-0.239523,0.092839,-0.533614,-0.113402,0.065973,0.321599,0.192187,0.025819,0.232061,-0.376276,-0.094301,-0.375956,-0.102683,-0.327241,-0.086465,0.084025,-0.366708,0.212265,0.074414,0.202077,-0.097382,0.33724,-0.428233,0.0,-0.326445,-0.448757,-0.069592,-0.1011,-0.218161,0.33724,-0.018472,-0.547195,-0.286907,-0.107323,0.029269,-0.239523,0.192187,-0.239523,0.202077,-0.428233,0.044738,-0.061778,0.025819,-0.39524,-0.387691,-0.547195,0.044738,-0.099995,-0.218161,0.206317,0.205223,-0.542715,-0.127283,-0.095876,0.23049,0.602098,0.20342,0.190221,0.018261,-0.113402,0.065973,-0.228161,0.057712,-0.327075,-0.11712,-0.24533,0.018442,0.119654,0.086457,0.009251,0.161592,-0.24533,-0.491342,-0.246645,0.074414,0.005351,-0.246645,-0.653976,0.006318,0.212522,-0.057984,-0.493321,-0.428215,0.303241,0.116338,-0.482564,0.171039,#
11,-0.159171,-0.147912,0.399088,-0.268888,0.699889,0.158208,-0.197956,-0.130426,-0.377542,-0.597061,0.516021,1.0,-0.41108,-0.320634,-0.076095,0.649042,-0.101859,0.405261,-0.116704,0.020212,-0.132174,0.320756,-0.41108,-0.389013,0.366691,-0.171499,-0.233237,-0.154317,0.083007,-0.404857,-0.207158,-0.122265,-0.101859,0.223664,0.539993,0.435021,-0.31231,-0.019713,-0.407434,0.077192,-0.041949,-0.192998,-0.632835,-0.398455,-0.379314,0.131623,-0.292499,0.354781,0.065056,0.338565,0.393515,0.066951,-0.49316,0.220489,0.060739,0.128607,-0.310534,-0.177167,-0.171889,-0.439637,-0.284454,0.540764,0.404233,-0.587958,-0.194535,-0.47504,-0.407434,-0.015437,-0.101318,0.781385,0.338592,0.241495,-0.131785,0.565654,-0.046403,0.169699,-0.2934,-0.282362,-0.211061,-0.563222,0.411949,-0.211061,0.222626,-0.554346,0.292482,0.271623,0.205165,-0.014205,-0.0365,0.497893,0.344224,0.076063,0.150097,0.190521,-0.249143,0.814428,0.271778,-0.360391,0.070376,-0.438213,-0.366687,0.205165,-0.269794,0.079976,-0.182368,-0.273239,-0.0365,-0.09145,-0.305836,0.388274,-0.087263,-0.610628,-0.305836,-0.0365,0.482425,-0.597942,-0.222262,0.125594,0.202162,0.361253,0.036912,0.148276,0.158191,0.213744,0.066201,-0.135302,-0.12223,0.505146,0.734883,-0.257197,0.407434,0.150097,-0.046403,0.052408,0.198533,-0.381425,0.0,-0.09145,-0.201064,0.344224,0.249502,0.244461,0.198533,0.54195,-0.106985,0.171691,-0.211061,-0.469873,-0.0365,-0.059897,-0.028077,-0.046403,-0.381425,0.054343,-0.112802,0.498314,0.09902,-0.10726,-0.106985,0.054343,-0.05871,-0.407434,-0.119332,0.496411,-0.563222,-0.158206,0.221312,0.61746,0.387186,0.366691,0.002084,0.168249,-0.222262,0.125594,-0.348231,0.110144,-0.61084,-0.140083,0.033332,-0.529118,0.386494,-0.213523,0.062285,0.381458,-0.383318,-0.453539,-0.382716,0.150097,-0.54679,-0.382716,-0.380286,0.095456,0.034239,-0.49854,-0.146689,-0.364676,0.633176,0.336917,-0.114985,0.449497,#
12,0.452218,0.478298,0.303267,0.112508,-0.086894,-0.302904,0.439423,0.294572,0.373633,0.439423,-0.765362,-0.41108,1.0,0.716375,0.288516,-0.162783,-0.388057,-0.409881,-0.127364,0.001823,-0.375585,0.260935,0.457883,0.333135,-0.412311,-0.527459,0.666736,-0.143195,0.411765,0.549499,-0.153485,0.339787,0.218282,-0.11024,-0.44645,0.023473,0.41903,-0.306411,0.242536,-0.214714,0.187008,0.295203,0.147581,0.249562,0.094975,-0.613308,0.41553,0.39259,-0.43422,-0.068435,-0.194569,-0.069625,0.394343,-0.251131,-0.298766,0.091041,0.71963,-0.285543,0.553947,0.432711,0.674225,-0.249506,-0.111951,0.156012,0.621449,0.722711,0.145521,0.492957,0.715637,-0.263798,0.03429,0.094291,0.194457,-0.416619,-0.541182,0.161704,0.054827,-0.418753,-0.150882,0.205805,-0.023677,-0.150882,-0.150882,0.470348,-0.410794,0.145521,-0.143615,-0.023677,-0.056268,-0.793884,-0.352932,-0.264009,-0.425993,0.115157,0.136095,-0.502849,0.375772,-0.210785,-0.214544,0.003978,0.468897,-0.143615,0.080013,0.264895,0.336987,0.089031,-0.056268,0.260092,-0.434882,-0.502849,0.218171,0.316821,-0.434882,-0.056268,-0.31569,0.392,-0.12326,-0.455428,-0.173628,-0.529813,-0.253909,-0.509838,0.068485,-0.130182,-0.252975,0.19355,0.194028,0.110832,0.073466,0.071912,-0.514176,-0.425993,-0.541182,0.218379,-0.638525,0.264895,0.0,0.260092,0.700277,-0.352932,-0.118818,0.113183,-0.638525,-0.31461,0.192876,-0.210192,-0.150882,0.423204,-0.056268,-0.509757,0.001671,-0.541182,0.264895,-0.253909,-0.343751,-0.253909,0.611095,0.6403,0.192876,-0.253909,0.246658,0.145521,0.293334,-0.278742,0.205805,0.491956,-0.143615,-0.275497,-0.513795,-0.412311,0.062026,-0.303248,-0.12326,-0.455428,0.404715,-0.425612,0.218171,0.499025,0.564249,0.011534,0.142913,0.161351,-0.202297,0.011629,0.564249,0.166771,0.581493,-0.425993,-0.384853,0.581493,0.493508,0.424091,0.070062,0.266612,0.415098,0.324989,-0.227719,-0.22761,0.552143,-0.274575,#
13,0.350093,0.384872,0.230826,0.365514,-0.369327,-0.192422,0.333098,0.238,0.295455,0.333098,-0.565055,-0.320634,0.716375,1.0,-0.088093,-0.470754,-0.673058,-0.214744,-0.422034,0.29896,0.104181,0.512586,0.716375,0.241527,0.071189,-0.393178,0.504008,-0.43905,-0.068435,0.422987,0.169557,-0.015468,0.135906,0.245685,-0.320132,-0.279022,0.256733,-0.191704,0.220038,-0.489779,0.096691,0.6413,-0.002072,-0.128745,-0.183315,-0.54719,0.690005,0.276858,-0.198017,-0.047076,-0.202206,-0.077517,0.279196,-0.152987,-0.270647,0.280472,0.991788,-0.212784,0.309749,0.686222,0.966815,-0.558156,-0.248251,-0.240132,0.623339,0.515943,0.090604,0.855264,0.500384,-0.136176,0.345679,0.393078,0.104157,-0.314623,-0.418779,-0.163239,0.308429,-0.305418,0.169769,0.466215,0.271665,0.169769,0.169769,0.374376,-0.345707,0.090604,0.170486,0.271665,0.221053,-0.584669,-0.278933,-0.213943,-0.321014,0.406914,0.434848,-0.367635,0.247841,-0.179233,0.201553,0.314668,0.263183,0.170486,0.353739,0.150162,0.196134,0.360005,0.221053,0.192065,-0.338988,-0.367635,0.135837,0.267508,-0.338988,0.221053,0.12228,0.269724,0.197643,-0.3664,0.167108,-0.41074,0.122475,-0.530007,0.332593,0.214868,-0.158411,0.466146,0.103547,0.421309,0.354643,0.348492,-0.375359,-0.321014,-0.418779,0.515119,-0.480833,0.150162,0.0,0.192065,0.92159,-0.278933,0.221933,0.047459,-0.480833,-0.197778,0.443775,-0.082844,0.169769,0.315413,0.221053,-0.383981,0.298355,-0.418779,0.150162,-0.542015,-0.261367,0.122475,0.445531,0.487812,0.443775,-0.542015,-0.140063,0.090604,0.236153,-0.236316,0.466215,0.382216,-0.445074,-0.213571,-0.362034,0.071189,-0.242964,-0.155152,0.197643,-0.3664,-0.077601,-0.332561,0.135837,0.398778,0.43514,-0.206207,0.399982,-0.185396,-0.49068,0.317328,0.43514,0.452226,0.449301,-0.321014,-0.381047,0.449301,0.348026,0.343926,-0.232839,-0.131493,0.249174,0.230347,-0.142898,-0.20809,0.882771,-0.520752,#
14,0.098395,0.579384,0.375943,-0.444773,0.509843,-0.016267,0.545612,0.3562,0.455976,0.133568,-0.066519,-0.076095,0.288516,-0.088093,1.0,0.057644,-0.23556,-0.255504,0.488511,-0.207595,-0.224771,-0.329575,0.288516,-0.001973,-0.761365,-0.548587,0.812453,0.505607,0.798621,0.231676,-0.801538,0.470936,0.290244,-0.350884,-0.14388,0.632451,-0.200925,-0.23722,0.277625,0.398762,-0.749059,0.229188,0.425691,0.516511,0.684455,-0.239449,0.436242,0.158976,-0.393506,0.592478,-0.206023,-0.315213,0.160496,0.177508,-0.38186,-0.383259,-0.039888,0.094926,0.912402,-0.20761,-0.233977,-0.050793,-0.192378,0.42666,0.208938,0.415588,-0.507577,-0.127846,-0.139763,-0.475907,-0.491573,-0.527602,-0.225196,-0.097398,-0.666409,0.81148,-0.522009,-0.527755,-0.794903,-0.396234,-0.633167,-0.794903,-0.794903,0.572417,-0.487764,0.193496,-0.359891,-0.633167,-0.651916,-0.537901,-0.430811,-0.318829,-0.530174,-0.493459,-0.475302,-0.217639,-0.338199,-0.249079,-0.5031,-0.197626,0.642177,-0.359891,-0.51545,-0.519974,-0.359891,-0.500254,-0.651916,-0.208761,-0.533908,-0.217639,-0.220425,0.375609,-0.533908,-0.651916,-0.429184,-0.335697,-0.34224,-0.551725,-0.851064,-0.241268,-0.519974,-0.26463,-0.518071,-0.36544,-0.170429,-0.427511,-0.761365,-0.436126,-0.103093,-0.529261,-0.647791,-0.530174,-0.666409,-0.334813,-0.372029,-0.519974,0.0,-0.208761,0.04209,-0.430811,-0.779641,-0.507577,-0.372029,-0.070287,-0.400999,-0.43612,-0.794903,0.159874,-0.651916,-0.223876,-0.191024,-0.666409,-0.519974,-0.070078,-0.426306,-0.519974,-0.020446,0.427802,-0.400999,-0.070078,0.451222,-0.507577,0.355252,-0.023866,-0.396234,0.176471,0.056877,0.167412,0.182953,-0.761365,0.695794,-0.06321,-0.34224,-0.551725,0.785282,-0.105382,-0.220425,0.606294,0.695781,0.154034,0.334669,0.428898,0.419334,0.22154,0.695781,-0.468571,0.296735,-0.530174,-0.361962,0.296735,0.223724,0.511983,0.714718,0.577585,-0.299838,-0.5031,0.242688,-0.259505,-0.288867,0.334427,#
15,-0.249508,-0.269147,0.049122,-0.616906,0.570508,-0.179425,0.14241,0.077864,-0.10717,-0.261429,0.377313,0.649042,-0.162783,-0.470754,0.057644,1.0,0.107189,-0.057135,0.223187,-0.397687,-0.408038,0.044918,-0.623534,-0.118917,0.086576,-0.105855,-0.197629,-0.192429,0.337164,-0.409854,-0.266346,0.044811,0.107189,0.157828,0.154813,0.391143,0.093242,-0.343757,-0.272096,0.353329,0.164411,-0.553898,-0.192762,-0.306809,-0.422069,0.138236,-0.544342,0.170408,-0.006007,0.196264,0.232382,-0.107331,-0.164748,-0.045104,-0.089925,0.294733,-0.442216,0.052222,-0.078567,-0.657321,-0.350541,0.814579,0.306662,-0.303065,-0.446965,-0.192979,-0.272096,-0.373446,0.163687,0.4797,-0.082596,-0.135186,0.076857,0.245825,-0.017632,0.269549,-0.174381,-0.174788,-0.268273,-0.352841,0.006324,-0.268273,0.170559,-0.665217,0.505434,0.415015,0.158582,-0.424884,-0.003125,0.347261,0.08848,-0.110238,-0.182939,-0.150072,-0.59495,0.413577,0.170559,0.228195,-0.093869,-0.418777,-0.436996,0.158582,-0.158219,0.356069,0.158582,-0.603018,-0.003125,0.11721,-0.190723,-0.017632,0.121851,-0.407795,-0.190723,-0.003125,0.282156,-0.262182,-0.273914,0.245825,0.131895,0.399346,-0.110805,0.229983,-0.16647,-0.25563,-0.204634,0.068772,0.086576,0.120141,0.319577,-0.149643,-0.008245,-0.182939,-0.017632,-0.393053,0.14618,-0.110805,0.0,0.11721,-0.398692,0.08848,-0.262559,0.387531,0.14618,0.186721,-0.36064,-0.115873,-0.268273,-0.138086,-0.003125,-0.0268,-0.42927,-0.017632,-0.110805,0.330132,0.09948,0.356069,0.186689,-0.220648,-0.36064,0.330132,0.575673,-0.272096,0.089353,0.318772,-0.352841,-0.272588,0.56705,0.258672,-0.046086,0.086576,-0.012441,-0.231249,-0.273914,0.245825,-0.073957,0.233949,-0.407936,-0.258684,0.008432,0.171779,0.019499,-0.157284,0.332038,-0.022576,-0.41316,-0.278881,-0.419179,-0.182939,-0.303961,-0.419179,-0.394346,-0.111901,0.008661,-0.348224,0.234053,-0.093869,0.422853,0.211525,-0.314141,0.056986,#
16,0.137217,-0.407644,-0.279721,-0.131513,0.091968,0.380378,-0.407495,-0.249501,-0.326804,0.082283,0.225531,-0.101859,-0.388057,-0.673058,-0.23556,0.107189,1.0,0.415764,0.111392,-0.011274,-0.249935,-0.226273,-0.388057,-0.326637,-0.25,0.324462,-0.601155,0.157814,-0.388057,0.031445,0.09718,0.270425,-0.25,-0.408118,-0.100405,-0.011707,-0.099046,0.080641,-0.166667,0.210987,0.268839,-0.451388,-0.120093,0.356183,-0.022856,0.157814,-0.582085,0.009033,-0.109775,-0.673058,0.158334,0.173233,0.009033,-0.366311,0.304038,-0.170623,-0.713738,-0.223433,-0.509169,-0.384675,-0.624267,0.206591,0.205591,0.457446,-0.549957,-0.124239,0.666667,-0.798391,-0.078363,0.220244,-0.206897,-0.087633,-0.24994,-0.111772,0.488108,-0.104904,-0.116523,0.407661,0.094617,-0.226617,-0.005811,0.094617,0.094617,-0.407465,0.325721,-0.166667,-0.407971,-0.005811,-0.011485,0.218218,0.308941,0.22259,0.398105,-0.101915,-0.101915,-0.005811,0.094617,0.164161,-0.32714,-0.497937,-0.166664,-0.407971,-0.106803,0.207617,0.087422,-0.111772,-0.011485,-0.249392,0.388262,-0.005811,0.356961,-0.249786,0.388262,-0.011485,-0.314909,0.101915,-0.407971,0.388262,0.117257,-0.011485,-0.327154,0.146334,-0.111772,-0.406816,0.026207,-0.212378,0.375,-0.309019,-0.619587,-0.101623,0.5,0.398105,0.488108,-0.282983,0.094617,0.207617,0.0,-0.249392,-0.702062,0.308941,0.102062,-0.166667,0.094617,-0.192377,-0.231322,0.168956,0.094617,0.037606,-0.011485,-0.011485,-0.499604,0.488108,0.207617,0.207617,0.3175,-0.327154,-0.161196,-0.155223,-0.231322,0.207617,-0.270183,0.666667,-0.249814,-0.145479,-0.226617,0.067885,0.087422,-0.354085,0.011969,-0.25,-0.012787,-0.172062,-0.407971,0.388262,0.219152,-0.116523,0.356961,-0.429772,-0.51131,0.28351,-0.521864,0.407307,0.181033,-0.523641,-0.51131,-0.181634,-0.02661,0.398105,0.488137,-0.02661,-0.017032,-0.357143,-0.0,0.310847,0.013434,0.228998,-0.388514,0.153846,-0.564432,0.312691,#
17,0.471422,0.032892,0.012825,0.040713,0.382527,0.362735,-0.403386,-0.493969,-0.647015,0.0,0.594651,0.405261,-0.409881,-0.214744,-0.255504,-0.057135,0.415764,1.0,-0.017013,0.249106,0.009291,0.289413,0.06953,-0.646686,0.019798,-0.070835,-0.348916,-0.080133,-0.525124,0.256808,0.024319,0.164073,0.019798,0.03232,0.331309,0.172448,-0.644212,0.311859,-0.329972,0.136398,-0.062965,0.084531,-0.678425,-0.162627,-0.246462,-0.093366,-0.034189,0.384854,-0.175845,-0.368498,0.342732,-0.088193,-0.452096,-0.460282,0.458254,-0.022971,-0.223065,-0.298423,-0.336982,0.079437,-0.264845,0.130217,0.174369,-0.267031,-0.254883,-0.138122,0.356369,-0.160211,-0.144803,0.625223,0.064856,0.114194,-0.494838,-0.054973,0.137133,-0.088923,-0.395414,-0.048426,0.020137,-0.626632,0.246655,0.020137,0.020137,-0.3774,0.127963,-0.329972,-0.399702,0.246655,-0.185092,0.146892,0.170263,-0.061981,0.372209,0.064568,0.064568,0.152779,0.03606,-0.456545,-0.189641,-0.575725,-0.145185,-0.399702,-0.379203,-0.207267,-0.399702,0.040065,-0.185092,-0.493753,-0.070813,0.152779,0.005088,-0.494533,-0.070813,-0.185092,-0.13356,-0.387408,-0.399702,-0.070813,0.438884,-0.277866,-0.207267,-0.176349,0.040065,0.009136,-0.285371,-0.204885,0.019798,0.250655,0.139023,-0.370203,0.57811,0.372209,0.137133,0.345323,-0.075398,-0.207267,0.0,-0.493753,-0.099861,0.170263,0.468792,-0.329972,-0.075398,-0.069645,-0.180221,0.024399,0.020137,0.083388,-0.185092,-0.277866,-0.16963,0.137133,-0.207267,-0.308907,-0.277588,-0.207267,-0.065792,0.132268,-0.180221,-0.308907,-0.759854,0.356369,0.002047,0.057605,-0.626632,0.429541,-0.493859,0.058886,0.537892,0.019798,0.118478,-0.015898,-0.399702,-0.070813,-0.068802,-0.489538,0.005088,0.023399,-0.180191,-0.442523,0.180484,0.370405,-0.335051,0.200349,-0.180191,-0.543004,0.236547,0.372209,-0.192196,0.236547,-0.178946,0.222872,0.14766,0.161689,-0.388849,-0.189641,-0.053843,0.225396,-0.118453,0.446369,#
18,-0.212062,0.180409,-0.396239,-0.167803,0.196999,-0.580585,0.196531,-0.404975,-0.085446,0.196531,0.418848,-0.116704,-0.127364,-0.422034,0.488511,0.223187,0.111392,-0.017013,1.0,-0.456062,0.040747,-0.757916,-0.127364,-0.163665,-0.405786,0.193132,0.195028,0.581148,0.374372,0.050415,-0.295061,0.019018,0.588787,-0.216736,0.153918,0.44737,-0.077162,0.158695,-0.270524,0.857048,-0.399227,-0.203659,0.231878,-0.097825,0.327212,0.235473,-0.04863,-0.282883,0.057647,0.247371,0.284294,-0.23865,-0.234011,-0.174098,0.412341,-0.071951,-0.31883,0.526902,0.348408,-0.119948,-0.434463,0.370886,0.092027,0.236693,-0.207452,0.154969,-0.270524,-0.315039,-0.310921,-0.38256,-0.644483,-0.98276,0.040397,-0.20857,-0.036248,0.278596,-0.191916,-0.193089,-0.289649,-0.370837,-0.811133,-0.289649,-0.662297,0.150543,0.044922,-0.270524,-0.294927,-0.444958,-0.449054,-0.079868,-0.397512,-0.127744,-0.201021,-0.992537,-0.546067,-0.402422,-0.662297,0.254164,-0.530995,-0.002797,-0.098129,-0.294927,-0.618077,-0.531018,-0.294927,-0.184231,-0.449054,-0.404798,0.22954,-0.036248,-0.405579,0.092158,0.22954,-0.449054,-0.511142,-0.283909,0.139117,-0.20857,-0.24866,-0.045143,-0.134556,0.208159,-0.622341,-0.277694,-0.455823,-0.323213,-0.405786,-0.461348,-0.282642,-0.612995,-0.397829,-0.201021,-0.036248,-0.389727,0.126286,-0.134556,0.0,-0.404798,-0.191551,-0.397512,-0.662645,-0.270524,0.126286,-0.255403,-0.378454,-0.334654,-0.289649,0.296422,-0.449054,0.382527,-0.021383,-0.036248,-0.134556,0.307958,-0.390048,-0.531018,-0.579325,-0.184762,-0.378454,0.307958,0.432371,-0.270524,0.131871,0.342624,-0.370837,-0.21065,0.115003,0.273842,0.365107,-0.405786,0.406554,-0.219957,0.139117,-0.20857,0.379379,0.217875,0.044307,0.191493,0.016273,0.448535,-0.355097,0.301391,0.293842,-0.026705,0.374282,-0.479596,0.027736,-0.201021,0.111813,0.027736,-0.030356,-0.047739,0.451332,0.52591,-0.218694,-0.530995,-0.07419,0.237473,-0.603284,0.060987,#
19,0.004065,-0.393573,0.4964,0.402043,0.028492,0.375127,-0.417135,-0.021159,-0.233632,-0.43186,-0.239448,0.020212,0.001823,0.29896,-0.207595,-0.397687,-0.011274,0.249106,-0.456062,1.0,0.496327,0.199337,0.456833,-0.228134,-0.011274,0.007382,0.033815,0.03084,-0.472146,-0.200367,0.399983,0.297085,0.007516,-0.409362,0.08729,-0.175052,0.238937,-0.112535,-0.33322,-0.65427,-0.089339,0.715669,-0.152849,0.228914,-0.193719,0.018281,0.364227,0.476339,0.148443,-0.333399,0.344329,0.587417,0.476339,0.149045,-0.047474,0.407817,0.282984,-0.681505,-0.053031,-0.025765,0.343868,-0.656482,0.457402,0.166668,-0.054394,0.284955,0.318188,0.26048,-0.209684,0.281802,0.444884,0.47209,0.01746,0.433143,0.197588,-0.399556,0.402439,0.012076,0.402073,0.233448,0.598529,0.402073,0.402073,0.024235,0.262389,0.343242,0.423165,0.598529,0.603327,-0.227985,0.668853,0.503316,0.410073,0.425727,-0.012256,0.212438,0.417185,-0.259694,-0.219331,-0.178324,-0.157837,0.423165,0.433578,0.223577,0.423165,0.394232,0.603327,-0.498615,-0.011673,0.212438,0.496356,-0.499402,-0.011673,0.603327,0.346624,0.021268,-0.002628,0.418109,0.005752,0.22177,0.223577,-0.075174,0.824015,0.403346,0.476887,-0.192909,-0.011274,0.314756,0.282523,0.448771,0.187906,0.410073,0.197588,-0.112343,0.009156,0.223577,0.0,-0.498615,0.374095,0.668853,0.395836,-0.33322,0.009156,0.505672,0.650735,0.595515,0.402073,-0.459032,0.603327,-0.197771,0.198462,0.197588,0.223577,-0.194448,0.248187,0.223577,-0.095808,0.092869,0.650735,-0.194448,-0.581838,0.318188,-0.499459,0.225798,0.233448,0.011736,0.035921,0.139989,0.254672,-0.011274,-0.165885,0.119411,-0.002628,0.418109,0.059887,0.015327,0.496356,-0.368655,-0.140274,-0.240177,0.203869,-0.395433,0.242001,0.627929,-0.140274,0.133693,-0.174706,0.410073,-0.246698,-0.174706,0.59964,-0.192201,-0.570446,-0.178735,0.367644,-0.219331,-0.448245,0.385641,0.546564,0.056286,#
20,-0.40751,-0.407538,-0.254617,0.407608,-0.40775,-0.144383,-0.407389,-0.249436,-0.326719,-0.407389,0.19254,-0.132174,-0.375585,0.104181,-0.224771,-0.408038,-0.249935,0.009291,0.040747,0.496327,1.0,-0.258007,0.194473,0.207449,0.362151,0.522081,-0.106035,0.216488,-0.375585,-0.499066,0.622186,-0.175935,0.387654,0.101391,0.46468,-0.499382,0.084611,0.383628,-0.166623,-0.327161,-0.245895,0.425267,0.292399,-0.294364,-0.013135,0.625598,0.242967,-0.397343,0.766292,0.104181,0.125988,0.201464,0.20162,0.317886,0.230921,0.408169,0.148483,0.292544,-0.134308,0.200086,0.140755,-0.362494,0.111497,-0.119984,-0.267384,-0.11202,-0.166623,0.179874,-0.731202,-0.214483,-0.067013,-0.098176,0.40006,0.418167,0.517621,-0.609837,0.408321,0.438134,0.627275,0.340479,-0.015887,0.627275,0.084336,0.134822,0.358213,-0.166623,0.612392,0.517621,0.505801,0.20703,0.34102,0.259157,0.428309,-0.112286,-0.112286,-0.015887,-0.407928,0.213374,0.217592,0.527688,-0.370648,0.612392,0.427706,-0.327069,0.127235,0.418167,0.505801,-0.249327,0.418167,0.517621,-0.249808,-0.249721,0.418167,0.505801,0.26771,0.142864,0.612392,0.418167,0.106524,0.505801,0.774286,0.501325,0.418167,0.656212,0.321622,-0.223484,-0.249935,-0.157049,0.061802,0.436879,-0.010201,0.428309,0.517621,-0.197617,0.627275,0.250565,0.0,-0.249327,0.222927,0.34102,0.091624,-0.166623,0.627275,0.42727,0.331905,0.216564,0.627275,-0.401025,0.505801,0.505801,0.505801,0.517621,0.250565,0.250565,0.349807,0.196652,-0.595029,-0.589693,0.331905,0.250565,-0.224882,-0.166623,-0.249749,0.264539,0.340479,-0.406508,0.127235,0.283917,0.55102,0.362151,0.030263,0.47451,0.612392,0.418167,-0.315068,0.408321,0.405664,-0.395408,-0.478576,0.016607,-0.067524,-0.610108,0.226129,0.517841,0.043033,0.138043,-0.491477,0.428309,0.248143,-0.491477,0.021777,-0.320616,-0.491601,-0.171383,0.092232,-0.327055,-0.360339,0.202851,0.283102,-0.248485,#
