0,1.0,-0.518108,-0.110021,0.550035,0.11265,-0.425127,0.004218,-0.01347,-0.535983,-0.606366,0.573891,0.171175,0.170787,-0.156018,-0.138143,-0.204835,-0.07806,-0.652507,0.483529,-0.507058,0.631255,0.093307,-0.579882,-0.138066,0.220717,0.351575,0.089067,0.34882,0.184699,-0.330564,0.257902,0.069986,-0.162322,-0.111203,0.281845,-0.438999,-0.037488,0.049591,9.7e-05,-0.506035,0.247634,0.721311,0.580149,0.192512,-0.759052,0.371362,-0.233612,-0.369651,-0.285662,-0.393966,-0.278135,0.160303,0.053596,0.227383,0.570943,0.135866,-0.325808,0.348708,-0.244611,0.49585,0.404259,0.133442,0.241716,0.387697,-0.15272,-0.402354,-0.010963,-0.479266,-0.123333,-0.497992,0.063793,-0.658419,-0.506035,0.371451,-0.771119,0.502164,-0.071157,0.507917,-0.531493,-0.234178,-0.114663,0.116557,0.469088,-0.506035,-0.181166,-0.071157,0.238232,0.176827,-0.083927,-0.506035,0.0,-0.501776,0.371262,-0.649757,0.191629,-0.042202,-0.087593,-0.019836,-0.419378,0.264473,0.31101,-0.080169,0.048122,-0.50966,0.176827,-0.193801,-0.007048,0.351661,0.247634,0.515795,-0.439244,-0.117095,-0.501776,0.02842,0.243963,0.351661,0.0,-0.245398,-0.627087,0.707984,-0.31626,0.219082,0.259709,0.0,0.207771,-0.275655,0.220718,0.063793,-0.105908,0.557222,-0.087593,-0.759052,-0.397804,0.383377,-0.071157,0.45148,0.11305,0.220718,0.146752,0.085782,-0.24552,0.008089,0.469088,0.354391,-0.013013,-0.240906,-0.121959,-0.287064,-0.207867,-0.145113,-0.037191,0.116557,-0.191935,0.116557,0.258993,-0.042202,-0.183173,-0.289013,0.015453,-0.506035,-0.30649,-0.229444,0.11305,-0.313603,-0.387584,-0.715143,-0.042202,0.431784,0.371451,0.086626,0.491359,0.498251,0.220718,0.162225,-0.160274,0.399679,0.45148,-0.056151,-0.463366,0.794974,0.144958,0.368494,0.562553,0.548204,0.308759,0.317644,-0.231136,0.191629,0.507413,0.487193,-0.384162,0.38133,0.302549,-0.749238,-0.127855,0.166157,0.308759,-0.313603,-0.540538,0.091466,#
1,-0.518108,1.0,0.383114,-0.414053,0.069827,-0.135907,0.01571,0.49842,0.445006,0.376409,-0.379726,-0.214996,0.187924,0.376409,0.340936,-0.201044,-0.580634,0.678552,-0.431506,0.369746,-0.250057,0.35463,0.377753,0.329446,0.197768,-0.243413,-0.42967,-0.31416,-0.351289,0.318267,-0.265665,-0.220372,0.356479,-0.078246,-0.618604,0.537719,0.032482,-0.187802,0.0,0.226021,-0.508548,-0.594361,-0.253546,-0.226488,0.339032,-0.762638,-0.202165,-0.003937,0.550244,0.219553,0.210815,-0.304351,-0.070321,-0.152976,-0.363863,-0.074814,-0.181319,-0.544003,-0.220225,-0.456569,-0.607727,0.133965,-0.530758,-0.19347,0.258394,0.190992,0.418029,0.204251,0.201148,0.308669,0.273184,0.58289,0.226021,-0.762821,0.114959,-0.62365,-0.127864,-0.405484,0.364479,-0.222317,0.365325,-0.368998,-0.570739,0.226021,-0.231378,-0.109598,-0.216413,-0.341324,-0.073588,0.226021,0.0,-0.092711,-0.762433,0.264781,-0.385292,-0.072407,0.338941,0.49124,0.734886,-0.259696,-0.078783,0.427385,0.038689,-0.008532,-0.341324,-0.190705,-0.499384,-0.22752,-0.508548,-0.444113,0.513704,0.425779,-0.092711,0.051053,-0.231378,-0.22752,0.0,-0.207346,0.813709,-0.753656,-0.328004,-0.862845,-0.66108,0.0,-0.482431,-0.320674,0.197769,0.273184,-0.299621,0.037109,0.338941,0.360221,0.044443,-0.592609,-0.109598,-0.110721,0.197769,0.197769,-0.473737,0.10569,0.340788,-0.278638,-0.570739,-0.497332,0.045885,0.074162,-0.278058,0.196697,0.218381,0.406643,-0.541739,-0.368998,-0.216413,-0.368998,-0.244961,-0.053241,0.490544,0.098746,0.018141,0.254274,0.188086,0.360643,0.197768,0.476083,0.219075,0.204837,-0.053241,-0.598089,-0.762821,0.062917,-0.51648,-0.669559,0.197769,0.182439,-0.124822,-0.154248,-0.110721,-0.087578,0.490249,-0.590417,0.627895,-0.079817,-0.836925,-0.468932,-0.14337,-0.118505,0.11192,-0.385292,-0.464945,0.484432,-0.37378,-0.579909,-0.124822,0.626826,-0.090445,-0.431513,-0.14337,0.476083,0.998746,-0.320019,#
2,-0.110021,0.383114,1.0,0.329101,0.222037,0.325722,0.404542,0.351501,0.610765,-0.157363,0.174539,-0.333133,0.096717,-0.20738,-0.241519,-0.60926,-0.6236,0.447777,-0.462985,0.556127,-0.054682,0.554237,0.174048,0.474775,0.320174,-0.075238,0.35279,-0.15079,0.169926,-0.606983,0.14731,-0.497749,-0.197685,-0.351858,0.223967,-0.096726,0.492008,-0.317346,-4.9e-05,-0.406271,0.239458,-0.518405,0.322895,-0.438814,-0.084752,-0.60926,-0.468579,0.379316,0.438035,-0.326594,-0.360038,-0.330682,0.491246,0.021001,-0.312655,0.747032,-0.264659,-0.697438,-0.685949,-0.04512,-0.602515,-0.441644,-0.24956,-0.082496,0.522902,0.239899,0.559815,-0.020544,0.442076,0.578833,0.198383,0.442936,0.293268,-0.12511,0.267105,-0.08334,0.144767,-0.20401,0.535441,0.028595,0.147666,0.230196,0.031232,-0.406271,0.442818,0.614437,0.369469,-0.414001,0.090189,0.293268,0.0,0.193957,-0.111216,0.004913,0.125784,0.031232,0.992299,0.795284,0.584139,0.373216,-0.20738,0.576765,0.320339,0.145033,-0.469525,0.419724,0.100398,-0.158469,-0.406271,-0.601674,0.772701,-0.387431,0.193957,-0.215351,0.351162,-0.158469,0.0,0.042922,0.187452,-0.057205,0.285078,-0.210499,0.033607,0.0,0.198383,0.041759,0.320174,0.198383,0.398221,0.615786,0.992299,-0.064573,0.295052,0.150202,0.614437,0.519826,-0.406271,0.239458,-0.173598,0.226656,0.422372,-0.029437,0.031232,-0.496663,-0.136273,0.577793,-0.148887,0.074094,0.783529,0.130166,0.164634,0.230196,0.417245,0.230196,-0.063061,0.08599,0.413249,0.013231,0.312888,0.320174,0.562009,0.401646,-0.406271,0.376414,0.11562,-0.377959,0.524053,0.14103,-0.12511,0.683438,-0.11562,-0.559219,0.239458,0.606788,-0.249198,0.522629,0.519826,-0.354007,-0.152032,-0.333621,0.40513,-0.002243,-0.236588,-0.18165,-0.694095,0.116268,-0.139635,0.125784,-0.141398,0.199596,-0.325755,-0.810463,-0.300601,0.041065,-0.352792,0.270639,-0.313073,0.376414,0.349157,-0.080678,#
3,0.550035,-0.414053,0.329101,1.0,0.010564,0.106106,0.084639,0.046828,-0.031706,-0.518654,0.501529,0.253422,0.213662,-0.091471,-0.591711,-0.209462,0.008541,-0.233575,0.025067,-0.069418,0.214351,0.157274,-0.132466,0.328302,0.184127,0.320115,0.561903,0.296411,0.272803,-0.756504,0.741595,0.281943,-0.026777,-0.516957,0.643562,-0.330725,0.355524,-0.405218,5.2e-05,-0.50635,0.184127,0.269113,0.523596,-0.250288,-0.759524,0.341264,-0.295739,0.040408,-0.326122,-0.255511,-0.669296,0.317482,0.385366,0.684336,-0.115085,0.712741,-0.224251,-0.124011,-0.04704,0.573117,0.123768,-0.464486,0.090315,-0.191699,0.270433,-0.247302,0.475482,0.069173,0.132281,-0.135849,-0.135896,-0.1595,-0.50635,0.319345,-0.328969,0.648382,-0.126278,0.095413,-0.090658,-0.159549,0.333572,0.588747,0.451938,-0.50635,0.236406,0.37594,0.653513,0.172673,-0.524765,-0.50635,0.0,-0.078339,0.297,-0.227201,0.270505,-0.055516,0.340805,0.033791,-0.358752,0.161675,0.354226,0.475798,0.479334,-0.004561,0.232045,0.340923,0.45579,0.299465,0.241667,0.194895,0.014227,-0.555502,-0.078339,-0.357185,0.671004,0.299465,0.0,-0.186559,-0.565173,0.652129,0.111672,0.152145,0.657144,0.0,0.66433,0.232045,0.184127,-0.135896,0.569526,0.482639,0.340805,-0.176935,0.066591,0.830946,0.37594,0.414914,-0.50635,0.270437,0.133157,0.555924,0.404781,0.465066,0.451938,0.246628,0.039553,0.312153,-0.12715,0.243919,0.227788,-0.472969,0.418407,0.588747,0.261846,0.588747,0.223081,0.510491,-0.128083,0.090732,0.086278,0.270437,0.204216,0.321647,-0.50635,-0.267222,-0.387347,-0.61936,0.471456,0.37343,0.319345,0.555126,0.058326,0.088451,0.270437,0.197659,-0.584235,0.322205,0.414914,-0.073033,-0.8346,0.343323,-0.24929,-0.034377,0.556651,0.475363,-0.117474,0.383929,-0.19133,0.270505,0.560923,0.06871,-0.106114,-0.005544,-0.162835,-0.652109,-0.523481,0.079415,-0.13445,-0.267222,-0.443253,0.044864,#
4,0.11265,0.069827,0.222037,0.010564,1.0,0.239041,-0.349282,0.544415,-0.122531,-0.187374,0.199089,-0.432462,0.418417,0.234,0.234148,0.111972,-0.138555,0.382992,0.645417,0.266161,0.045194,-0.234247,0.17637,0.147549,0.381843,0.072751,-0.41846,0.002513,-0.599018,0.142231,0.442669,-0.418458,-0.182062,0.418779,-0.355831,0.142806,0.403606,-0.157286,4.7e-05,0.407997,0.434151,-0.1431,-0.379513,0.449343,0.101999,-0.407899,-0.26643,0.433367,0.33825,-0.634938,-0.012228,0.000763,0.442804,-0.395283,0.337216,0.005301,-0.439049,0.290507,-0.31027,-0.344232,0.083383,-0.265367,-0.275915,0.451966,-0.160572,0.477062,-0.153457,-0.383675,0.154372,0.347679,0.22577,0.374666,-0.271998,0.121614,0.194439,0.416227,0.275432,-0.208094,0.289832,-0.382379,0.234098,-0.221025,-0.054016,0.407997,-0.016919,-0.164207,0.030597,0.394001,-0.054102,-0.271998,0.0,0.23921,0.136677,0.004686,-0.613968,0.407292,0.251008,0.090748,0.422986,0.394842,-0.187374,-0.122995,0.545179,-0.533911,-0.055772,0.121614,-0.071911,0.087383,-0.271998,-0.661704,0.545179,0.367603,0.23921,0.219064,0.020879,0.087383,0.0,-0.377396,0.222345,-0.025506,-0.221325,-0.19997,-0.016919,0.0,0.22577,-0.055772,0.381843,0.22577,0.233947,0.602303,0.251008,0.101999,0.124597,-0.202089,-0.164207,0.375133,-0.271998,-0.271998,0.52266,-0.249487,-0.407117,0.211992,-0.054016,-0.211891,0.135923,0.360268,-0.40407,-0.138114,0.030597,-0.531791,-0.549059,-0.221025,-0.371895,-0.221025,-0.407433,-0.533068,0.390892,0.154547,-0.326372,-0.271998,0.407922,0.087383,-0.271998,0.294414,0.408771,-0.385057,-0.054016,-0.165214,0.121614,0.167965,-0.375916,-0.019683,-0.271998,-0.099263,0.250043,0.251008,0.375133,0.343568,0.155719,-0.133333,-0.009579,-0.115311,-0.232832,0.532879,0.247741,-0.141597,0.403119,-0.613968,-0.342211,0.204087,0.075492,-0.523022,0.683089,-0.009054,-0.540143,0.209713,0.664415,0.294414,0.072679,-0.258909,#
5,-0.425127,-0.135907,0.325722,0.106106,0.239041,1.0,0.171112,0.171112,0.197246,0.082805,0.239041,-0.23361,0.262771,-0.182587,-0.203948,-0.193837,0.366153,0.27738,-0.057066,0.61708,-0.23361,0.094053,0.1386,0.042031,-0.356325,-0.534361,0.114586,-0.143693,-0.062111,-0.173017,0.28434,-0.267236,-0.453011,0.219552,0.086464,-0.025398,0.155089,0.027979,0.001612,0.089082,0.534492,-0.209114,-0.172752,0.028981,0.133624,-0.206933,0.178205,0.79688,0.338857,-0.416396,-0.521668,0.351084,0.733981,0.056379,-0.47994,0.29705,-0.055433,0.084392,0.101606,-0.113173,-0.239534,-0.298768,0.297185,-0.387263,0.150876,0.337447,-0.153065,-0.115771,0.563369,0.344277,0.285901,0.367595,0.089081,0.133625,0.771017,0.063478,0.102392,-0.02243,0.64055,0.28221,0.102392,0.248871,-0.094005,0.089082,0.297338,0.390361,0.576905,0.245119,0.191676,0.089082,0.0,0.35763,0.476981,0.543279,-0.069862,0.208161,0.390361,0.184643,0.279457,0.018609,-0.182587,-0.069822,0.474402,0.477506,0.245119,0.801736,0.466543,-0.209871,-0.356326,-0.58346,0.474402,-0.109033,0.35763,-0.018937,0.297338,-0.209871,0.0,0.558622,0.088802,-0.213993,0.778773,0.216484,0.297338,0.0,0.285901,0.570665,-0.356326,0.285901,0.506568,-0.009749,0.390361,0.467679,0.440408,0.13163,0.390361,-0.069822,-0.356327,-0.356326,0.288289,0.249933,0.17255,0.56283,-0.094005,-0.187273,0.457581,0.634697,-0.239859,-0.11026,0.576905,-0.381683,0.357958,0.248871,0.576905,0.248871,-0.266876,-0.094005,5e-06,0.014484,0.154771,0.534491,0.261863,0.476981,-0.356328,0.459111,0.590422,0.297298,0.510325,-0.199095,0.133625,0.281573,-0.436066,-0.206833,-0.356326,0.277834,0.095736,-0.185577,-0.069822,-0.070899,-0.281048,-0.196627,-0.511631,-0.13202,-0.031249,-0.137107,-0.445041,0.091061,0.506162,-0.069862,0.147801,-0.568884,0.607093,-0.369427,0.095736,0.042049,-0.07322,0.286998,-0.18222,0.459111,-0.123089,-0.317914,#
6,0.004218,0.01571,0.404542,0.084639,-0.349282,0.171112,1.0,0.040386,0.436818,0.346435,0.097566,0.222382,0.213025,-0.54107,-0.124168,-0.762262,-0.069257,-0.203241,-0.422074,-0.049482,-0.222119,0.692145,-0.55769,0.3233,0.193771,-0.24616,0.516255,0.310053,0.78026,-0.276913,-0.216906,0.064588,-0.111352,-0.064004,0.434987,0.076536,-0.416309,0.394877,-5.1e-05,-0.508297,0.249936,-0.188646,0.416048,-0.640073,-0.214833,-0.225516,-0.485842,0.125137,0.496726,0.201413,-0.247146,-0.25415,-0.034386,-0.143301,-0.303537,0.096673,0.445763,-0.515789,-0.08596,0.535881,-0.035599,0.159358,-0.00169,-0.355118,0.37099,-0.336317,0.410064,-0.051098,0.614446,0.333528,0.457806,-0.200258,0.221853,-0.193771,0.124823,-0.351941,0.326613,0.527493,-0.067706,0.235521,-0.119227,0.102972,-0.058424,-0.508297,0.231242,0.816835,0.25168,-0.33432,0.436541,0.221853,0.0,-0.084801,0.354263,-0.198068,0.735726,-0.058424,0.370995,0.522885,0.194913,-0.22352,-0.088617,0.419311,0.044866,0.454562,-0.33432,0.374904,-0.005515,-0.762056,-0.508297,0.016291,0.044866,-0.550469,-0.084801,0.061791,-0.195875,-0.762056,0.0,0.683417,-0.111274,0.17691,0.578411,0.080774,0.231242,0.0,-0.293264,-0.313795,0.193771,0.457806,-0.067766,0.075103,0.370995,-0.193771,-0.414614,0.339965,0.816835,0.419311,0.19377,0.193771,0.113454,0.098185,0.334535,-0.269822,-0.058424,0.198882,0.051867,0.262573,-0.280557,-0.34845,0.25168,0.398706,0.369809,0.102972,0.683859,0.102972,-0.2519,-0.058424,-0.392039,-0.329723,0.051867,0.249936,-0.344532,-0.177432,0.193771,0.477446,0.222867,0.195848,0.455961,0.336681,-0.193771,0.545902,0.472984,0.102078,0.193771,0.764103,0.318896,-0.119227,0.419311,-0.091874,0.037825,-0.111274,0.159886,0.406046,0.06064,-0.490993,-0.611787,-0.084533,-0.348013,0.735726,0.067748,-0.004176,-0.362526,-0.091874,-0.146091,0.184265,0.410507,0.542736,-0.595217,0.477446,-0.00097,0.099895,#
7,-0.01347,0.49842,0.351501,0.046828,0.544415,0.171112,0.040386,1.0,-0.040841,-0.088617,0.097566,-0.222119,0.762035,0.363837,-0.124168,-0.204046,-0.102603,0.231403,0.083119,0.391805,0.222382,0.135398,-0.096191,0.3233,0.193771,-0.24616,-0.459736,-0.316414,-0.322742,0.312157,0.307997,-0.08144,0.344028,0.436895,-0.440439,0.527611,0.231263,-0.025502,-5.1e-05,0.221853,0.249936,-0.056796,-0.222548,0.242157,-0.214833,-0.762262,-0.485842,0.023399,0.607823,-0.353191,-0.247146,0.278745,0.466947,-0.160415,-0.249649,-0.046547,-0.235826,-0.066178,-0.08596,0.053517,-0.035599,0.187506,-0.361079,-0.15849,-0.247327,0.216847,0.410064,-0.406956,0.46924,0.333528,0.517892,0.185998,-0.508297,-0.193771,0.15,-0.091986,-0.093001,0.081013,0.395545,-0.187307,0.352839,0.102972,-0.058424,0.221853,-0.195875,-0.074845,0.25168,0.230728,-0.032014,-0.508297,0.0,-0.059312,-0.177432,-0.17291,-0.3459,0.43691,0.370995,0.522885,0.767539,-0.22352,-0.088617,0.419311,0.544797,-0.482549,0.230728,0.374904,-0.005515,-0.230361,-0.508297,-0.448273,0.544797,0.417704,-0.059312,0.527459,0.231242,-0.230361,0.0,-0.171943,0.356618,-0.268133,-0.289696,-0.74021,-0.195875,0.0,-0.233178,-0.282403,0.193771,0.517892,-0.179985,0.527976,0.370995,0.353842,0.077622,-0.107384,-0.074845,0.419311,0.19377,0.193771,0.041856,0.098185,0.334535,0.2365,-0.058424,0.084329,0.548259,0.171305,-0.755106,-0.34845,0.25168,-0.117638,-0.505221,0.102972,-0.180498,0.102972,-0.689385,-0.058424,0.53671,-0.329723,0.051867,0.249936,0.223618,0.354263,0.193771,0.519727,0.254496,-0.224289,0.455961,-0.55624,-0.193771,0.545902,-0.507534,-0.190216,0.193771,0.218844,-0.11703,-0.119227,0.419311,-0.061289,0.037825,-0.111274,0.159886,0.406046,-0.366251,0.02535,-0.123506,0.352981,0.586912,-0.3459,0.035007,0.506822,-0.069804,-0.550658,0.347958,0.184265,-0.568684,-0.29946,0.323901,0.519727,0.503483,-0.806456,#
8,-0.535983,0.445006,0.610765,-0.031706,-0.122531,0.197246,0.436818,-0.040841,1.0,0.552241,-0.533817,0.232777,-0.210698,0.101813,0.06654,-0.327018,-0.331328,0.661338,-0.512245,0.112167,-0.653555,0.410935,0.487842,0.748854,0.48086,0.186773,0.418263,0.109956,0.343714,-0.325796,-0.183135,-0.067097,0.107702,-0.426628,0.162649,0.365755,0.05106,-0.458445,-2.5e-05,-0.218064,-0.218064,-0.863786,0.15819,-0.653643,0.218064,-0.327018,-0.460974,0.384248,0.220134,0.352018,0.204912,-0.678235,-0.013917,-0.171427,-0.583103,0.407994,0.237923,-0.800512,-0.163706,-0.035518,-0.54123,-0.261247,-0.235921,-0.421179,0.645143,0.382874,0.433403,0.465087,0.133214,0.522362,-0.160355,0.679725,0.508817,-0.327097,0.360741,-0.424022,0.046594,-0.533378,0.115097,0.230085,0.090777,-0.058578,-0.427368,-0.218064,0.624724,0.534621,-0.179885,-0.238229,0.038414,0.508817,0.0,0.496768,-0.32693,0.24024,0.31597,-0.427368,0.534621,0.429011,0.31597,0.166646,0.101813,0.543431,-0.053172,0.551307,-0.719015,0.239032,0.065888,-0.32693,-0.218064,-0.530497,0.416872,-0.428167,0.496768,-0.533121,-0.185282,-0.32693,0.0,0.24024,0.522131,-0.298107,0.373453,-0.160825,0.199519,0.0,-0.160355,-0.187747,0.48086,-0.160355,0.216561,-0.125054,0.534621,0.239032,-0.024711,0.048565,0.534621,0.010956,-0.218064,-0.218064,-0.113494,-0.044649,0.271747,-0.434262,-0.427368,-0.407386,-0.4834,0.312419,0.148476,0.308827,0.250359,0.087688,0.115097,-0.058578,0.250359,-0.058578,-0.217763,0.084715,0.117352,0.504243,-0.016684,0.536774,0.304073,0.255077,-0.218064,0.205276,0.304707,0.223499,0.084715,0.041735,-0.327097,0.357083,-0.067336,-0.290538,-0.218064,0.328147,0.068323,0.046594,0.010956,0.004919,0.334042,-0.79962,0.207573,-0.449804,-0.531552,-0.557527,-0.398554,-0.320459,-0.275866,0.31597,-0.489664,-0.118862,-0.152432,-0.434245,-0.394583,0.641602,0.054667,0.264871,-0.398554,0.205276,0.429011,0.380221,#
9,-0.606366,0.376409,-0.157363,-0.518654,-0.187374,0.082805,0.346435,-0.088617,0.552241,1.0,-0.593165,0.407876,0.089757,0.178869,0.556019,-0.085188,0.130617,0.432663,-0.114009,-0.216806,-0.834725,0.222584,0.168282,0.410895,0.254225,-0.124901,-0.071731,0.375173,0.102012,0.401185,-0.33689,0.270115,0.189809,0.061364,-0.258239,0.672521,-0.643014,0.088154,4.8e-05,0.280706,-0.407819,-0.596797,-0.306734,-0.421875,0.421059,-0.124901,-0.152613,0.305966,0.363647,0.637487,0.404082,-0.38655,-0.404719,-0.342514,-0.39539,-0.452607,0.469071,-0.273454,0.446072,-0.096221,-0.09867,0.224389,-0.191754,-0.448059,0.349841,0.058645,0.019886,0.435383,0.212134,0.210332,0.164315,0.426997,0.280706,-0.611728,0.276323,-0.540243,0.156184,-0.187843,-0.191912,-0.001985,0.198036,-0.547471,-0.799252,0.280706,-0.010752,0.173306,-0.38117,0.072184,0.066177,0.280706,0.0,0.16548,-0.129316,0.439066,0.07869,-0.332157,-0.230947,-0.080909,0.128303,-0.444791,0.162459,0.120386,-0.069506,0.552005,-0.383232,-0.075473,-0.332858,-0.611416,-0.407819,-0.223996,-0.052381,0.077792,0.16548,-0.159134,-0.778015,-0.611416,0.0,0.399831,0.598473,-0.47778,0.25466,-0.233215,-0.026244,0.0,-0.543938,-0.363877,0.254225,0.164315,-0.210832,-0.610438,-0.230947,0.440921,-0.478853,-0.280977,0.173306,-0.38399,0.254225,-0.407819,0.19943,-0.129737,-0.043834,-0.384209,-0.799252,-0.050022,-0.059412,0.083418,-0.158344,0.133291,-0.365496,0.075129,-0.232049,-0.547471,0.02637,-0.547471,-0.412544,-0.314192,-0.370531,0.409402,-0.510503,0.307188,-0.376863,-0.060121,0.254225,0.420785,0.597447,0.814923,-0.314192,-0.280077,-0.611728,-0.153331,-0.121371,0.050038,-0.407819,0.097251,0.570444,-0.693222,-0.38399,0.508728,0.672891,-0.694071,-0.02072,-0.35101,-0.581536,-0.546614,0.114382,-0.644621,-0.069725,0.07869,-0.523436,-0.182553,-0.029728,0.047256,0.131965,0.835676,0.525381,0.157573,-0.276267,0.420785,0.394786,0.253528,#
10,0.573891,-0.379726,0.174539,0.501529,0.199089,0.239041,0.097566,0.097566,-0.533817,-0.593165,1.0,-0.40123,0.418417,-0.576958,-0.155682,-0.407899,-0.107499,-0.411016,0.209777,0.250354,0.42793,0.284256,-0.555431,-0.403336,-0.271998,-0.407899,0.077571,0.182031,-0.0854,-0.406375,0.462223,-0.282459,-0.606161,-0.047712,0.241452,-0.665681,0.085738,0.34236,4.7e-05,-0.271998,0.434151,0.51809,0.243064,0.038529,-0.407997,0.091977,0.18634,0.200139,0.183053,-0.634938,-0.81569,0.516904,0.442804,0.433536,0.36231,0.272065,-0.491946,0.290507,-0.31027,0.104998,0.083383,-0.239153,0.188949,0.268845,0.10631,-0.514404,-0.028628,-0.383675,0.499734,-0.187511,0.527084,-0.400122,-0.271998,0.121614,-0.227627,0.537277,0.251008,0.584017,0.227146,-0.382379,0.209674,0.144305,0.340265,-0.271998,-0.376899,0.251008,0.797334,-0.085007,-0.054102,-0.271998,0.0,-0.553287,0.631849,-0.018744,-0.110304,0.340265,0.251008,0.090748,-0.110304,0.030597,-0.155584,-0.122995,0.519313,-0.097541,0.364766,0.121614,-0.071911,0.087383,-0.271998,0.162489,0.079588,-0.083231,-0.553287,0.156051,0.380859,0.087383,0.0,0.020906,-0.585845,0.435853,0.182913,0.219322,0.020879,0.0,0.527084,0.364766,-0.271998,0.527084,0.338458,0.602303,0.251008,-0.407997,0.057989,0.26166,0.251008,0.375133,-0.271998,0.381843,0.204653,0.542624,0.053423,0.588822,0.340265,0.01789,0.505363,0.445267,-0.40407,-0.138114,0.394842,-0.09661,0.227146,0.144305,0.394842,0.144305,0.368718,-0.138787,-0.257822,-0.403479,0.068751,-0.271998,-0.121201,0.087383,-0.271998,0.255038,-0.073869,-0.411142,0.340265,0.264916,0.121614,0.167965,0.065938,-0.113912,0.381843,0.408541,-0.167389,0.251008,0.375133,-0.095752,-0.681057,0.650649,-0.009579,0.338909,0.547012,0.504593,-0.164817,0.227146,-0.032233,-0.110304,0.52563,0.146888,-0.197121,-0.095752,0.265657,-0.822854,-0.098887,0.251323,-0.149385,0.255038,-0.397123,-0.269054,#
11,0.171175,-0.214996,-0.333133,0.253422,-0.432462,-0.23361,0.222382,-0.222119,0.232777,0.407876,-0.40123,1.0,0.004063,0.392374,-0.028044,-0.021267,0.406352,-0.177386,0.091337,-0.782193,-0.236598,0.111549,-0.049458,0.503977,0.317399,0.475983,0.255374,0.490725,0.48613,-0.05053,-0.023042,0.738861,0.4029,-0.271418,0.216715,0.408364,-0.51395,-0.308834,2.4e-05,-0.333008,-0.333008,0.107584,0.401461,-0.242534,-0.499512,0.495108,-0.338896,-0.207208,-0.393871,0.498594,0.153214,-0.078989,-0.266013,0.201482,-0.365975,-0.060897,0.351944,-0.035738,0.584638,0.645186,0.240836,0.345612,0.277026,-0.58411,0.132189,-0.099308,0.15083,0.232039,-0.224754,-0.420102,-0.290525,-0.124416,-0.333008,-0.011707,-0.379299,-0.12134,-0.433218,-0.003182,-0.775062,0.20791,0.020932,0.036341,-0.211401,-0.333008,0.199097,0.020932,-0.156528,0.474032,-0.236288,-0.333008,0.0,-0.007266,-0.006686,-0.166372,0.509406,-0.652637,-0.392102,-0.211898,-0.501698,-0.227183,0.811535,0.250814,-0.205842,0.257697,0.026621,0.027317,0.23163,0.002229,0.317399,0.399221,-0.643257,-0.239226,-0.007266,-0.422369,-0.158991,0.002229,0.0,0.214599,-0.006854,0.16753,0.029112,0.032461,0.594786,0.0,-0.290525,-0.448753,0.317399,-0.290525,-0.234318,-0.434357,-0.392102,0.027317,-0.60958,0.408056,0.020932,-0.244697,0.317399,-0.333008,0.065308,0.053902,0.058181,-0.28184,-0.211401,0.465802,-0.192397,-0.388945,0.048794,0.047227,-0.556905,-0.272291,0.042916,0.036341,-0.156528,0.036341,-0.179723,0.265134,-0.410349,0.316986,-0.184536,0.369431,-0.484056,0.042348,0.317398,-0.328723,-0.015102,0.198004,-0.176102,0.001536,-0.011707,0.014578,0.20782,0.621142,-0.333008,0.013943,-0.024438,-0.425742,-0.244697,0.207281,-0.031149,-0.001297,-0.23994,-0.19447,0.023526,-0.220127,0.372116,0.027327,-0.135958,0.509406,0.250119,0.010014,0.014601,0.643205,-0.024438,0.187695,0.214067,-0.042219,-0.027018,-0.328723,-0.211898,0.361901,#
12,0.170787,0.187924,0.096717,0.213662,0.418417,0.262771,0.213025,0.762035,-0.210698,0.089757,0.418417,0.004063,1.0,0.109669,0.069123,-0.358765,0.111531,0.014199,0.298498,0.141471,0.004063,0.311738,-0.412685,0.246042,0.138172,-0.406953,-0.338513,0.231479,-0.238229,0.232359,0.506176,0.157449,0.087023,0.336457,-0.275006,0.39924,-0.210153,0.217885,-0.000116,0.170305,0.202438,0.131138,-0.172045,0.026655,-0.371137,-0.383331,-0.353428,0.233986,0.63193,-0.269891,-0.533337,0.48968,0.371764,0.096483,-0.159251,-0.18163,-0.201598,0.132039,0.203433,0.231062,0.183907,0.156577,-0.212115,-0.268131,-0.0,-0.23876,0.307045,-0.289205,0.739621,0.079447,0.771343,0.000679,-0.665155,-0.347037,-0.032909,0.132709,0.097643,0.399224,0.146335,-0.464767,0.607787,-0.086405,-0.230586,0.170305,-0.474236,0.118418,0.532328,0.375356,-0.200626,-0.665155,0.0,-0.374106,0.280104,0.041076,-0.275667,0.336191,0.118418,0.216701,0.379549,-0.505924,0.109669,0.316081,0.782273,-0.180006,0.375356,0.303658,-0.170392,-0.388842,-0.665155,-0.184606,0.242016,0.313908,-0.374106,0.399282,0.014485,-0.388842,0.0,0.042183,0.101699,-0.0462,-0.039328,-0.53485,0.014485,0.0,-0.088055,-0.211785,0.138172,0.771343,-0.039017,0.399899,0.118418,0.279558,-0.292929,0.084887,0.118418,0.316081,0.138172,0.138172,0.391971,0.418873,0.257736,0.450852,-0.230586,0.272132,0.781954,0.383991,-0.988129,-0.252217,0.037815,-0.297948,-0.383732,-0.086405,0.037815,-0.086405,-0.538524,-0.230586,-0.103205,-0.238069,-0.322467,0.202438,-0.242535,0.280104,0.138172,0.672094,0.407016,-0.006657,0.35799,-0.41451,-0.347037,0.42058,-0.407017,0.009775,0.138172,0.375188,0.075587,-0.44251,0.316081,0.311339,-0.149339,0.071955,-0.067402,0.317578,-0.112973,0.19235,0.062444,0.097632,0.41415,-0.275667,0.219879,0.382585,-0.146863,-0.248613,0.60764,-0.025787,-0.256752,-0.046905,0.081404,0.672094,0.1945,-0.640818,#
13,-0.156018,0.376409,-0.20738,-0.091471,0.234,-0.182587,-0.54107,0.363837,0.101813,0.178869,-0.576958,0.392374,0.109669,1.0,0.14551,0.401491,0.130617,0.432663,0.260591,-0.216806,-0.028027,-0.28223,0.570639,0.410895,0.254225,0.381245,-0.523225,-0.192858,-0.437282,0.401185,0.063662,0.270115,0.586831,0.061364,-0.573478,0.672521,0.080725,-0.651311,4.8e-05,0.280706,-0.407819,-0.101857,-0.177837,0.378678,-0.095334,-0.105434,-0.178083,-0.155271,-0.217584,0.095159,0.37219,0.020101,0.068034,-0.016015,-0.319165,-0.122761,-0.201472,0.134845,0.320206,-0.113043,-0.09867,0.277475,-0.041856,-0.295242,-0.215287,0.54092,0.019886,0.046034,-0.417736,-0.233162,-0.318386,0.426997,-0.407819,-0.115195,-0.127295,-0.172538,-0.668492,-0.592677,-0.191912,0.005232,0.214207,-0.131319,-0.350122,0.280706,-0.003463,-0.65137,-0.365496,0.603881,-0.375667,-0.407819,0.0,0.172876,-0.611416,0.051279,-0.402447,-0.332157,-0.230947,-0.080909,0.128303,-0.029874,0.57334,0.120386,-0.052381,-0.314689,0.148465,-0.075473,0.100551,0.400426,0.254225,-0.199217,-0.052381,0.534281,0.172876,-0.159134,0.034809,0.400426,0.0,-0.391254,0.598473,-0.454043,-0.548214,-0.558832,-0.003463,0.0,-0.318386,-0.335413,0.254225,-0.318386,-0.312585,-0.183383,-0.230947,0.440921,-0.032532,-0.257116,-0.65137,-0.38399,0.254225,-0.407819,-0.190081,-0.113544,-0.043834,-0.111814,-0.350122,-0.029249,-0.042409,-0.413116,-0.052618,0.133291,-0.365496,-0.411778,-0.621286,-0.131319,-0.773036,-0.131319,-0.38921,0.134939,0.480007,0.409402,-0.060412,0.307188,0.13829,0.441263,0.254225,-0.230941,0.109899,0.011378,-0.314192,-0.686567,-0.115195,-0.153331,-0.569915,0.103044,-0.407819,-0.397148,-0.263298,-0.26519,-0.38399,0.092738,0.227296,-0.253795,-0.02072,-0.35101,-0.555732,-0.060808,0.573785,0.187991,0.503544,-0.402447,-0.091198,0.299313,0.235689,0.074989,0.175181,0.402316,-0.380804,-0.620811,0.573785,-0.230941,0.394786,-0.200521,#
14,-0.138143,0.340936,-0.241519,-0.591711,0.234148,-0.203948,-0.124168,-0.124168,0.06654,0.556019,-0.155682,-0.028044,0.069123,0.14551,1.0,-0.085242,-0.29347,0.400782,0.380948,-0.249589,-0.415827,0.201743,0.134247,-0.046974,0.254385,-0.12498,-0.540931,0.398146,-0.439098,0.401439,-0.356915,-0.280883,-0.273451,0.061403,-0.627549,0.213948,-0.546803,0.105546,4.8e-05,0.280884,-0.408076,-0.27179,-0.253523,-0.005911,0.421325,-0.105501,0.122535,0.28696,0.333637,0.093671,0.404337,-0.406907,-0.320826,-0.35888,0.318194,-0.488411,-0.256224,0.166937,-0.077583,-0.569614,-0.215783,0.224531,-0.093329,0.260157,0.293962,0.017759,-0.412648,0.041758,0.019393,-0.161754,0.312701,0.337552,0.280884,-0.612114,-0.16758,-0.281141,0.172463,-0.171758,-0.233129,-0.440677,0.172463,-0.997545,-0.799757,0.280884,-0.453901,-0.272972,-0.406322,0.041469,0.066218,0.280884,0.0,-0.283991,-0.110102,0.414692,-0.462737,-0.332367,-0.272972,-0.125711,0.077585,-0.037274,0.14551,-0.384233,-0.096765,0.083223,-0.414234,-0.612114,-0.801446,-0.110102,-0.408076,-0.207277,-0.096765,0.534619,-0.283991,-0.159235,-0.818627,-0.110102,0.0,-0.028121,0.557343,-0.461931,-0.179765,-0.217023,-0.453901,0.0,-0.396,-0.394866,0.254385,0.312701,-0.316855,-0.183498,-0.272972,-0.095394,-0.522824,-0.729052,-0.272972,-0.384233,0.254385,-0.408076,0.147589,-0.155554,-0.610795,-0.412015,-0.799757,-0.45581,-0.086472,-0.00265,-0.158445,0.097845,-0.406322,0.075177,-0.670247,-0.997545,-0.406322,-0.997545,0.015877,-0.799757,-0.220774,0.38166,-0.554862,-0.408076,-0.427504,-0.110102,0.254385,0.379621,0.566831,0.392573,-0.799757,-0.263492,-0.612114,-0.615995,-0.134074,-0.047523,-0.408076,0.065884,0.559203,-0.272972,-0.384233,0.496839,0.645449,-0.261502,0.409369,-0.38314,-0.593265,-0.100529,0.536622,-0.686125,-0.085674,-0.462737,-0.554661,0.269367,-0.316577,0.035076,0.559203,0.386935,0.513103,0.173482,0.13009,0.379621,0.350284,0.269107,#
15,-0.204835,-0.201044,-0.60926,-0.209462,0.111972,-0.193837,-0.762262,-0.204046,-0.327018,-0.085188,-0.407899,-0.021267,-0.358765,0.401491,-0.085242,1.0,0.417795,0.005909,0.280061,-0.098579,-0.021267,-0.957796,0.429771,-0.247085,-0.166627,0.37458,-0.204437,-0.2459,-0.403959,0.436388,0.141302,0.329986,0.408085,0.256761,-0.126285,0.116991,0.308764,-0.152794,-1.5e-05,0.682842,-0.166627,0.081418,-0.612999,0.488224,0.387162,0.37458,0.372426,-0.274147,-0.585357,0.243873,0.504014,0.17264,-0.324158,-0.093966,0.220758,-0.34895,0.233952,0.395022,0.446609,-0.243238,0.448026,-0.148371,-0.15742,0.24422,-0.564422,0.267516,-0.323422,0.285562,-0.676911,-0.055526,-0.658448,0.026271,-0.166627,0.362658,0.119309,0.323377,-0.061258,-0.407563,-0.071861,0.001336,-0.061258,0.106109,0.227557,0.682842,0.007083,-0.610468,-0.498936,0.293717,-0.327075,-0.166627,0.0,0.436266,-0.249812,0.027355,-0.354027,0.249721,-0.610468,-0.761075,-0.328404,0.012968,-0.124901,-0.326503,-0.178963,-0.327075,0.293717,-0.24994,0.207471,0.379967,0.650171,0.144903,-0.178963,0.236025,0.436266,0.1344,0.007083,0.379967,0.0,-0.499484,-0.066649,0.031277,-0.407873,0.128341,0.007083,0.0,0.21536,0.293717,-0.166627,-0.658448,0.076829,-0.407319,-0.610468,0.387162,0.361961,-0.076655,-0.610468,-0.326503,-0.166627,-0.166627,0.122383,-0.407563,-0.249401,0.171936,0.227557,0.242659,-0.183989,-0.343873,0.435005,0.292166,-0.498936,-0.325777,-0.09259,0.106109,-0.498936,0.106109,0.019,0.227557,0.158961,0.277646,-0.206201,-0.166627,0.302532,-0.249812,-0.166627,-0.600497,-0.333733,0.061162,-0.326559,-0.094653,0.362658,-0.406978,-0.170122,0.178924,-0.166627,-0.995464,-0.036022,-0.082381,-0.326503,0.283165,0.165587,-0.087585,-0.499303,-0.293246,0.145685,0.395091,0.471939,-0.09259,0.193879,-0.354027,-0.212724,-0.393573,0.534413,0.261267,-0.036022,0.06272,-0.295544,-0.404276,0.471939,-0.600497,-0.174186,0.068059,#
16,-0.07806,-0.580634,-0.6236,0.008541,-0.138555,0.366153,-0.069257,-0.102603,-0.331328,0.130617,-0.107499,0.406352,0.111531,0.130617,-0.29347,0.417795,1.0,-0.401407,0.300388,-0.216451,-0.010099,-0.488129,-0.172087,-0.163321,-0.405955,-0.065653,0.010878,0.010449,0.141521,0.326758,0.152486,0.542966,0.1412,0.48672,0.1282,0.200152,-0.255864,0.216463,0.0,0.253722,0.304467,0.400897,-0.227697,0.379084,-0.114175,0.45659,0.240119,0.013434,-0.299189,0.094878,-0.048529,0.566643,0.090734,0.024383,-0.225646,-0.357499,0.458892,0.57387,0.815209,0.391969,0.584751,0.255286,0.448893,-0.384582,-0.512444,0.055448,-0.373796,-0.100987,-0.063577,-0.211828,-0.143023,-0.308708,-0.405955,0.4567,0.281719,0.153567,-0.167685,0.258277,-0.184229,0.412267,-0.184089,0.331377,0.1683,0.253722,0.089052,-0.151281,0.079506,0.659956,0.060339,-0.405955,0.0,0.249778,0.456467,0.03322,0.186824,0.133875,-0.585075,-0.509326,-0.379174,-0.325094,0.162062,-0.31222,0.013512,0.124509,0.659956,0.437671,0.581351,-0.060862,0.304467,0.248797,-0.445889,0.012293,0.249778,0.232836,0.089052,-0.060862,0.0,0.406508,-0.273692,0.141914,0.306985,0.379155,0.504629,0.0,-0.007308,0.233439,-0.405955,-0.143023,-0.027299,-0.525802,-0.585075,0.399612,0.009503,0.323704,-0.151281,-0.294322,0.177606,-0.405955,0.385632,-0.114993,-0.064783,0.38121,0.1683,0.661582,0.372777,-0.212494,-0.009423,-0.289172,-0.340995,-0.453842,0.27366,0.331377,0.079506,0.331377,-0.339816,0.151088,-0.327575,-0.112395,-0.048873,0.279094,-0.269818,-0.080425,0.177605,-0.204222,0.128595,0.400025,0.151088,-0.141233,0.4567,-0.089311,-0.02418,0.615516,-0.405955,-0.355542,0.187836,-0.568671,-0.294322,0.166864,-0.17857,0.205043,-0.876442,0.091655,0.36492,0.03483,0.197621,0.197644,0.478182,0.186824,0.40389,-0.601513,0.783233,0.56755,0.187836,-0.008983,0.094395,-0.052477,0.197621,-0.204222,-0.544385,-0.165349,#
17,-0.652507,0.678552,0.447777,-0.233575,0.382992,0.27738,-0.203241,0.231403,0.661338,0.432663,-0.411016,-0.177386,0.014199,0.432663,0.400782,0.005909,-0.401407,1.0,-0.138531,0.406373,-0.59613,0.121908,0.803405,0.502918,0.328168,-0.013539,-0.219492,-0.083204,-0.475646,0.035727,0.042721,-0.32308,0.030939,-0.198241,-0.431661,0.42657,0.251276,-0.554373,-4.6e-05,0.328168,-0.333256,-0.843881,-0.350575,-0.199738,0.492252,-0.499763,-0.118127,0.568493,0.329012,0.033815,0.203219,-0.400299,0.179184,-0.15426,-0.376353,0.213986,-0.26607,-0.408797,-0.179435,-0.632818,-0.642974,-0.358739,-0.377873,-0.161189,0.482562,0.583377,0.147243,0.383529,0.099261,0.430071,-0.028052,0.989405,0.328168,-0.499884,0.408697,-0.241828,-0.00932,-0.815132,0.426462,-0.194807,0.434759,-0.382892,-0.653122,0.328168,0.178838,0.007127,-0.175909,-0.009734,-0.229703,0.328168,0.0,0.387647,-0.499629,0.612077,-0.499551,-0.204412,0.411002,0.221748,0.509084,0.153588,0.022797,0.24625,0.232243,0.237002,-0.464723,0.015264,-0.204844,-0.01798,-0.333256,-0.810729,0.659959,0.222699,0.387647,-0.392903,-0.185316,-0.01798,0.0,-0.18556,0.819355,-0.65973,0.009785,-0.473999,-0.208076,0.0,-0.028052,0.018703,0.328168,-0.028052,0.259227,-0.018285,0.411002,0.511331,0.228478,-0.433756,0.007127,-0.238274,-0.333256,-0.333256,-0.069348,0.03404,0.045468,-0.095457,-0.653122,-0.715458,-0.181693,0.419115,-0.065191,0.482005,0.21559,-0.183816,-0.389518,-0.382892,-0.175909,-0.382892,-0.205774,-0.187154,0.402058,0.662819,-0.206675,0.353607,0.490697,0.511615,-0.333256,0.348539,0.491719,0.210593,-0.187154,-0.441662,-0.499884,0.010234,-0.670247,-0.587815,-0.333256,0.004917,0.004354,-0.033078,-0.238274,0.203431,0.408814,-0.82171,0.212597,-0.678393,-0.804752,-0.217257,-0.008806,-0.389518,0.152996,-0.499551,-0.647022,0.022922,0.008158,-0.655476,0.004354,0.60624,-0.219115,-0.071941,-0.008806,0.348539,0.678719,0.032269,#
18,0.483529,-0.431506,-0.462985,0.025067,0.645417,-0.057066,-0.422074,0.083119,-0.512245,-0.114009,0.209777,0.091337,0.298498,0.260591,0.380948,0.280061,0.300388,-0.138531,1.0,-0.418304,0.144006,-0.370762,-0.127709,-0.115152,0.242024,0.254106,-0.430514,0.381598,-0.412763,0.267153,0.306223,0.002847,-0.205245,0.412733,-0.269045,0.033489,-0.140763,0.009315,0.0,0.270497,0.270497,0.390769,-0.172156,0.595785,-0.17084,0.275037,-0.026838,0.149571,-0.118057,-0.422988,0.103878,0.168742,0.108341,-0.233926,0.564769,-0.343018,-0.294037,0.773826,0.132626,-0.031833,0.497636,0.116352,0.178301,0.420086,-0.330338,0.139385,-0.543154,-0.42557,-0.163648,-0.316018,0.071466,-0.120501,-0.498284,0.277616,-0.265588,0.506873,0.063409,0.097298,-0.39041,-0.325897,0.035795,-0.358955,-0.049364,0.270497,-0.237595,-0.433634,-0.10013,0.724095,-0.090286,-0.498284,0.0,-0.071071,0.405539,-0.116256,-0.395125,0.066534,-0.433634,-0.416936,-0.261143,0.231984,0.260591,-0.512182,0.223117,-0.484748,0.214841,-0.17084,-0.083881,0.273815,0.099657,-0.021846,-0.274022,0.404056,-0.071071,0.105426,-0.195465,0.273815,0.0,-0.233003,-0.102889,0.2394,-0.278792,0.155431,0.212121,0.0,0.101927,-0.201375,0.242024,0.071466,-0.05908,0.195824,-0.433634,-0.17084,-0.347653,-0.082608,-0.433634,0.030128,0.071183,-0.498284,0.633793,-0.27858,-0.745815,0.115178,-0.049364,0.197896,0.120985,-0.110335,-0.240576,-0.23935,-0.555175,-0.642565,-0.498801,-0.358955,-0.555175,-0.358955,-0.192181,-0.570906,-0.145778,0.163742,-0.488781,-0.498284,-0.233868,-0.187219,0.071183,-0.080792,0.284927,-0.214084,-0.455008,-0.040224,0.277616,-0.294544,-0.027136,0.590442,-0.498284,-0.275172,0.381358,-0.047045,0.030128,0.520629,0.059313,0.323871,-0.25004,-0.114726,0.103213,0.621245,0.763893,-0.157569,0.288823,-0.395125,-0.002554,0.129527,0.15981,0.29878,0.870948,-0.236337,-0.105317,0.212346,0.763893,-0.080792,-0.416936,0.037001,#
19,-0.507058,0.369746,0.556127,-0.069418,0.266161,0.61708,-0.049482,0.391805,0.112167,-0.216806,0.250354,-0.782193,0.141471,-0.216806,-0.249589,-0.098579,-0.216451,0.406373,-0.418304,1.0,0.019715,0.050145,0.252912,-0.158595,-0.408085,-0.61198,-0.085204,-0.602234,-0.353257,-0.067915,0.171715,-0.537224,-0.224528,0.1407,-0.132126,-0.136487,0.563853,0.065159,9.3e-05,0.263447,0.289275,-0.329278,-0.364575,0.025686,0.395171,-0.61198,0.245826,0.41329,0.466673,-0.383314,-0.399232,0.245811,0.545027,0.045042,-0.276594,0.315288,-0.2403,-0.225109,-0.328014,-0.483015,-0.465294,-0.412612,-0.215837,-0.021463,0.054681,0.245346,0.142343,-0.029791,0.45797,0.551052,0.286511,0.401156,0.263447,-0.089107,0.677054,-0.046896,0.185913,-0.160167,0.998511,0.020764,0.185913,0.254352,0.078264,0.263447,0.035017,0.202612,0.423741,-0.3489,0.103737,0.263447,0.0,0.201069,-0.074126,0.412389,-0.376535,0.533832,0.612659,0.388413,0.647515,0.010072,-0.632936,0.113366,0.394953,0.103737,0.113043,0.433913,0.111596,-0.122806,-0.408085,-0.590635,0.829205,0.089176,0.201069,0.256055,0.404736,-0.122806,0.0,0.035063,0.193648,-0.379125,0.27818,-0.19542,-0.35781,0.0,0.286511,0.603857,-0.408085,0.286511,0.402525,0.268945,0.612659,0.414542,0.785873,-0.19343,0.202612,0.113366,-0.408085,0.263447,-0.178298,0.25047,0.414785,0.49433,0.078264,-0.453356,0.376744,0.582428,-0.169784,0.072194,0.821224,0.123987,0.17006,0.254352,0.423741,0.254352,-0.039144,0.078264,0.474731,-0.209096,0.351381,0.289275,0.624812,0.414884,-0.408085,0.458859,0.160668,0.021203,0.551354,-0.263144,-0.089107,0.290929,-0.535486,-0.783324,0.263447,0.13978,-0.221641,0.161792,0.113366,-0.335181,-0.153154,-0.260588,0.00688,0.074881,-0.168927,-0.084234,-0.646595,0.17006,0.359036,-0.376535,-0.085241,-0.200191,0.231944,-0.785263,-0.221641,0.021743,-0.346153,-0.116907,-0.235107,0.458859,0.370569,-0.554456,#
20,0.631255,-0.250057,-0.054682,0.214351,0.045194,-0.23361,-0.222119,0.222382,-0.653555,-0.834725,0.42793,-0.236598,0.004063,-0.028027,-0.415827,-0.021267,-0.010099,-0.59613,0.144006,0.019715,1.0,-0.115059,-0.383395,-0.493806,-0.333008,-0.002142,-0.225585,-0.491439,-0.02479,-0.05053,-0.042493,-0.223741,-0.052047,0.210471,-0.034312,-0.42864,0.285946,0.116698,2.4e-05,-0.333008,0.369431,0.779394,0.377718,0.606818,-0.499512,-0.002142,0.111497,-0.552312,-0.236521,-0.569279,-0.230742,0.394946,0.319008,0.137452,0.334869,0.110908,-0.387766,0.413446,-0.330405,0.198315,0.125914,0.345612,0.373779,0.327686,-0.591546,-0.060646,-0.149671,-0.725281,-0.230963,-0.412367,0.015629,-0.625383,-0.333008,0.515122,-0.379299,0.133382,-0.392102,0.412317,-0.002934,0.20791,-0.433218,0.399752,0.657344,-0.333008,-0.158991,-0.392102,0.205805,0.026621,0.241002,-0.333008,0.0,-0.370554,0.042348,-0.602024,0.008388,0.216108,0.020932,0.229473,-0.00068,0.251096,-0.028027,-0.244697,-0.205842,-0.65367,0.474032,0.027317,0.23163,0.4948,0.317399,0.358325,-0.205842,0.20924,-0.370554,0.394346,0.594786,0.4948,0.0,-0.181611,-0.418088,0.255213,-0.373002,0.073981,-0.158991,0.0,0.015629,-0.001342,-0.333008,0.015629,-0.338281,0.446507,0.020932,-0.499512,0.210859,0.040506,-0.392102,0.250814,0.317399,0.317399,-0.368379,-0.026577,-0.040315,0.11907,0.657344,0.18988,0.200651,-0.473499,0.048794,-0.53104,0.205805,0.160604,0.004402,0.399752,-0.194573,0.399752,0.187058,0.180809,0.407039,-0.693816,0.642831,-0.333008,0.013046,-0.006686,0.317398,-0.328723,-0.465905,-0.621358,0.216108,0.017992,0.515122,0.014578,0.195423,0.160805,0.317399,0.013943,-0.424145,0.441441,0.250814,-0.654757,-0.453127,0.81932,0.182336,0.648956,0.39264,0.218179,-0.011667,0.799455,0.270041,0.008388,0.628097,0.396925,0.014601,0.189845,0.006627,-0.637182,-0.254134,-0.305053,0.402818,-0.328723,-0.255835,-0.435371,#
