0,1.0,0.0,-0.076808,-0.007502,0.327487,0.16241,0.631673,0.225545,0.736915,0.408183,0.62985,-0.060514,0.427087,-0.568271,0.198352,0.004719,0.2532,0.220174,0.306559,0.40929,0.997123,-0.060002,0.207925,0.407396,0.348118,-0.366502,-0.399744,-0.77602,0.067312,0.30625,0.031181,-0.303971,-0.153192,0.000116,-0.153192,0.284282,0.166359,-0.224266,-0.431393,0.408654,-0.217815,0.166359,-0.446945,-0.348266,0.166359,-0.312141,0.166359,0.407115,0.180003,0.987569,0.605955,-0.371862,0.166359,0.375871,0.63241,0.183742,-0.28107,0.307523,0.393583,-0.484343,-0.19877,0.362323,0.64734,-0.361902,-0.243292,0.380783,0.0,0.408007,0.592041,0.638565,-0.478041,-0.215956,0.249539,-0.531168,-0.629846,-0.172269,-0.248197,-0.104878,-0.020268,0.084966,-0.415229,-0.266089,-0.536677,-0.772418,-0.311055,-0.792948,-0.206026,-0.390638,0.285086,-0.346828,-0.29913,-0.547247,-0.630965,-0.398303,-0.773026,-0.665437,-0.043147,0.134367,-0.398303,-0.606669,0.250202,-0.126417,-0.446222,-0.219917,-0.655521,-0.226789,-0.446297,0.778229,-0.250666,-0.596599,0.478706,0.0,-0.400556,-0.773026,-0.236717,-0.515315,-0.531168,-0.446222,0.249539,-0.252599,-0.792948,-0.486137,-0.2896,-0.311055,0.053183,-0.400556,-0.665437,0.298907,0.564708,-0.616456,-0.400556,0.0,-0.369241,-0.238759,-0.397531,0.166359,0.348132,-0.665437,-0.336289,-0.214708,-0.145319,0.497466,-0.398302,-0.106479,-0.203396,-0.219201,-0.649983,0.631923,-0.32422,-0.446222,-0.251885,-0.531168,-0.516627,-0.665437,0.166359,-0.249502,0.249539,0.499833,-0.665437,-0.145319,0.326557,0.0,-0.644976,-0.113739,0.090286,0.792073,-0.751698,0.075937,-0.415229,0.249539,0.438223,0.356837,-0.792948,0.097297,-0.212743,-0.251885,-0.369734,0.543409,0.646211,0.620034,0.45857,-0.146903,0.377534,0.631263,0.194886,0.335176,-0.025404,-0.181217,-0.304691,0.609282,-0.251885,0.484636,0.127489,0.533552,0.344016,0.130202,0.1028,-0.251885,-0.321657,-0.217815,#
1,0.0,0.0,0.0,0.0,0.0,0.0,0.0,0.0,0.0,0.0,0.0,0.0,0.0,0.0,0.0,0.0,0.0,0.0,0.0,0.0,0.0,0.0,0.0,0.0,0.0,0.0,0.0,0.0,0.0,0.0,0.0,0.0,0.0,0.0,0.0,0.0,0.0,0.0,0.0,0.0,0.0,0.0,0.0,0.0,0.0,0.0,0.0,0.0,0.0,0.0,0.0,0.0,0.0,0.0,0.0,0.0,0.0,0.0,0.0,0.0,0.0,0.0,0.0,0.0,0.0,0.0,0.0,0.0,0.0,0.0,0.0,0.0,0.0,0.0,0.0,0.0,0.0,0.0,0.0,0.0,0.0,0.0,0.0,0.0,0.0,0.0,0.0,0.0,0.0,0.0,0.0,0.0,0.0,0.0,0.0,0.0,0.0,0.0,0.0,0.0,0.0,0.0,0.0,0.0,0.0,0.0,0.0,0.0,0.0,0.0,0.0,0.0,0.0,0.0,0.0,0.0,0.0,0.0,0.0,0.0,0.0,0.0,0.0,0.0,0.0,0.0,0.0,0.0,0.0,0.0,0.0,0.0,0.0,0.0,0.0,0.0,0.0,0.0,0.0,0.0,0.0,0.0,0.0,0.0,0.0,0.0,0.0,0.0,0.0,0.0,0.0,0.0,0.0,0.0,0.0,0.0,0.0,0.0,0.0,0.0,0.0,0.0,0.0,0.0,0.0,0.0,0.0,0.0,0.0,0.0,0.0,0.0,0.0,0.0,0.0,0.0,0.0,0.0,0.0,0.0,0.0,0.0,0.0,0.0,0.0,0.0,0.0,0.0,0.0,0.0,0.0,0.0,0.0,0.0,0.0,0.0,0.0,0.0,0.0,0.0,#
2,-0.076808,0.0,1.0,0.004964,-0.105139,0.131478,0.278601,0.621576,-0.310825,-0.266185,-0.532271,0.438053,-0.666113,0.199973,0.427334,0.402313,0.615987,0.076054,-0.115466,0.149342,-0.077542,0.015825,0.578614,0.181794,-0.064693,0.253588,-0.171768,0.342216,-0.566004,-0.104677,-0.389556,0.387888,-0.076239,0.0,-0.076239,-0.066685,0.427334,-0.070092,0.580467,-0.195126,0.788402,0.427334,-0.15811,0.3901,0.427334,0.23575,-0.27194,-0.233354,-0.109206,-0.015254,0.364443,0.47854,-0.27194,-0.635927,-0.163206,0.132584,0.114789,-0.330469,-0.596573,0.15097,-0.382572,-0.06905,0.262963,0.494923,0.292342,0.427754,0.0,0.174976,-0.157859,-0.255051,-0.007765,-0.391342,-0.407909,-0.028232,0.142189,-0.404689,-0.384833,-0.663251,-0.81357,-0.166426,0.581876,-0.060458,-0.009919,0.354887,0.11058,0.338267,0.373462,-0.362541,-0.109831,0.11625,0.449674,-0.403366,0.157585,0.097121,-0.102157,-0.27194,0.019146,0.401435,0.097121,-0.251894,0.186204,-0.265359,0.22498,-0.533201,-0.239539,0.788001,-0.581443,-0.302201,0.354969,0.17013,0.01754,0.0,0.100899,-0.102157,-0.037464,-0.131264,-0.028232,0.22498,0.116546,-0.565837,0.338267,0.020052,-0.079491,0.11058,0.192501,0.100899,-0.27194,0.116547,-0.092879,-0.263902,0.100899,0.0,-0.330571,-0.110207,0.252934,-0.271939,-0.064234,0.375536,-0.162955,0.347178,0.153706,-0.375524,0.077697,0.282842,-0.357107,-0.065654,0.142189,0.284508,-0.098736,0.22498,0.388183,-0.028232,-0.009919,-0.27194,-0.271939,-0.101676,-0.407909,0.014012,-0.27194,0.153706,0.372658,0.0,0.575709,0.162191,-0.577126,0.152156,-0.102157,-0.163381,0.581876,-0.407909,0.235752,0.045633,0.338267,0.257573,0.341451,0.388183,-0.407675,0.060466,0.316338,-0.258607,-0.208985,0.341451,-0.050276,0.318813,0.117625,-0.551246,0.453058,0.347178,-0.346866,-0.537083,0.388183,-0.36775,0.28201,0.550794,-0.071627,0.281869,-0.129572,0.388183,0.203953,0.347575,#
3,-0.007502,0.0,0.004964,1.0,0.209268,0.168476,-0.415567,-0.011274,-0.292104,-0.429294,-0.024161,0.13352,-0.401973,0.344699,0.343242,0.19382,0.492095,-0.278409,0.204296,-0.02576,0.031505,0.14328,-0.676775,0.430517,-0.200326,-0.012879,0.417247,0.192649,-0.464703,-0.239004,-0.19042,-0.075776,0.197655,9.1e-05,0.197655,0.650546,-0.33322,0.209268,-0.038851,-0.030981,0.214864,-0.33322,-0.004748,-0.055749,-0.33322,0.017179,0.343242,-0.380695,-0.379908,-0.060162,-0.419417,0.605079,0.343242,-0.008871,-0.004159,0.004395,-0.659359,-0.222716,0.060066,-0.070348,-0.41331,-0.21833,-0.225919,-0.268446,-0.22003,-0.509339,0.0,-0.019012,-0.42685,-0.137808,-0.218433,-0.312753,-0.49983,0.585131,0.384615,-0.441959,-0.260668,0.457937,0.249998,0.433578,-0.02522,0.069967,0.197322,-0.236061,0.260301,0.181964,0.641602,0.247787,0.657996,0.247787,0.037006,-0.17857,-0.002628,0.477282,0.207022,0.318188,-0.598011,0.318188,0.477282,0.009143,-0.302981,0.810408,0.402439,0.240518,-0.410524,0.207022,0.03928,-0.119722,-0.22761,0.405791,-0.16896,0.0,-0.204542,0.207022,-0.43358,0.06173,0.585131,0.402439,0.514863,0.084858,0.181964,0.221478,0.548685,0.260301,-0.248695,-0.204542,0.318188,0.153548,-0.348128,0.405791,-0.204542,0.0,-0.62155,0.231265,0.425332,0.343242,-0.19988,-0.33322,-0.042808,-0.260668,0.009143,0.273718,0.007516,-0.32894,0.424668,-0.482768,0.384615,-0.41004,0.037006,0.402439,0.612595,0.585131,0.197322,0.318188,0.343242,0.641602,-0.49983,-0.618957,0.318188,0.009143,0.247851,0.0,-0.029958,0.402073,0.03673,-0.189785,0.207022,0.837534,-0.02522,-0.49983,-0.389796,0.146252,0.181964,0.828088,0.387674,0.612595,0.003528,-0.57937,-0.397131,0.58463,-0.389796,-0.308398,-0.42822,-0.26388,-0.64076,-0.349523,-0.610832,-0.260668,-0.189088,-0.371116,0.612595,-0.165123,0.398228,-0.138596,-0.463424,-0.799636,0.455522,0.612595,0.242532,0.231265,#
4,0.327487,0.0,-0.105139,0.209268,1.0,-0.044664,0.059915,0.20342,0.453927,0.34158,0.130704,-0.442646,0.368291,0.392369,-0.218161,0.626696,0.122696,-0.125855,0.505539,-0.175381,0.370723,0.695125,-0.179086,-0.069623,-0.428362,-0.331963,0.125109,0.040989,0.130704,0.022703,-0.20528,-0.194981,0.073284,5.3e-05,0.073284,0.588546,-0.218161,-0.428348,0.173037,-0.528415,0.03474,-0.218161,-0.34242,0.474334,-0.218161,0.614784,0.518869,-0.060195,-0.192561,0.341049,0.221177,-0.131001,0.518869,-0.157954,0.52611,0.511571,-0.509163,0.342321,-0.176316,-0.322402,0.235175,-0.42053,0.389136,-0.194432,-0.957695,0.289529,0.0,0.783721,0.065671,-0.054525,-0.194452,0.226764,-0.327241,0.207682,0.350515,0.236203,0.215688,0.340273,-0.185738,0.520371,0.188163,-0.727967,0.176143,-0.428233,-0.0583,0.025819,0.025819,-0.033643,0.508605,-0.033643,-0.778146,-0.652679,-0.53402,0.20342,-0.428242,-0.218161,0.206033,0.489388,0.20342,0.354527,0.310467,0.350515,0.083477,0.025615,-0.533295,0.017252,-0.327212,-0.034569,0.488054,-0.534118,0.248413,0.0,-0.53478,-0.428242,-0.202113,-0.345954,0.207682,0.083477,-0.327241,-0.209957,0.025819,-0.247323,-0.20799,-0.0583,0.337878,-0.53478,-0.218161,0.725243,0.077413,-0.076651,-0.53478,0.0,-0.539582,0.05404,-0.341418,0.518869,-0.428354,-0.218161,-0.301726,-0.555849,0.310655,-0.191077,-0.327241,0.285875,0.201379,-0.187134,-0.113402,0.083545,-0.200124,0.083477,-0.078792,0.207682,0.638056,-0.218161,0.518869,0.025819,-0.327241,0.218645,-0.218161,0.310655,-0.428242,0.0,-0.107323,0.363391,0.559705,0.461381,0.063112,0.406396,0.188163,-0.327241,-0.531094,0.479695,0.025819,0.083477,-0.495233,-0.078792,0.208661,-0.193624,0.109543,0.204681,-0.062344,0.263164,-0.168761,0.245716,-0.029973,-0.18207,-0.217414,0.215688,-0.015977,0.124769,-0.078792,-0.193624,0.534135,0.292348,0.355433,-0.339542,0.112719,-0.078792,0.00824,-0.42846,#
5,0.16241,0.0,0.131478,0.168476,-0.044664,1.0,-0.046665,-0.221491,-0.048205,0.104462,0.330653,0.609601,0.126592,0.226875,0.265789,0.288738,0.35608,-0.434758,-0.168706,0.578472,0.154734,0.158356,0.122686,0.041531,0.483711,-0.56025,-0.128949,-0.006269,0.330653,0.44506,-0.172976,0.299166,-0.482964,0.0,-0.482964,0.343024,-0.502045,-0.613541,0.35618,0.505986,0.483332,-0.502045,0.317367,-0.363946,-0.502045,-0.458509,0.236257,0.121912,0.428866,0.154317,0.473107,-0.01038,0.236257,-0.414852,0.402583,-0.06746,-0.333047,-0.452192,-0.345895,0.263798,-0.214373,0.493116,0.396232,-0.507808,0.116836,0.323129,0.0,-0.360729,-0.180003,-0.056748,-0.708317,-0.278058,0.354385,0.173031,0.140448,-0.265791,-0.228425,-0.38556,0.152797,-0.579305,0.355469,0.23235,-0.250892,-0.463754,-0.382701,-0.008918,-0.008918,0.480799,0.32704,0.622343,0.202013,0.171507,-0.392428,-0.221491,-0.099534,-0.502045,0.282213,0.206725,-0.221491,-0.266825,0.620173,0.010327,-0.120785,-0.596076,0.138995,0.484545,0.324417,0.041872,0.010219,0.072303,0.242105,0.0,-0.005667,-0.099534,-0.163109,0.275318,0.173031,-0.120785,0.24364,0.255517,-0.008918,-0.204257,0.753224,-0.382701,-0.132174,-0.005667,-0.502045,-0.101254,-0.093343,0.053972,-0.005667,0.0,-0.452331,0.367332,-0.075683,0.236257,0.483721,0.265789,0.129559,-0.19751,0.047087,0.614063,0.24364,-0.068521,0.5418,-0.211481,0.028916,-0.066004,0.178853,-0.120785,0.30931,0.173031,-0.139841,-0.502045,0.236257,-0.149382,0.354385,-0.231067,-0.502045,0.047087,-0.099534,0.0,-0.311207,-0.330068,-0.04546,0.091057,0.018594,-0.141522,0.355469,0.354385,0.124433,-0.357451,-0.008918,-0.120785,0.474817,0.30931,-0.752636,-0.187628,-0.063037,-0.170202,0.124433,-0.10256,0.183984,0.443336,-0.027071,-0.159586,0.253082,-0.012022,0.136433,-0.170433,0.30931,0.137895,-0.489055,-0.258968,0.146737,-0.019703,0.415616,0.30931,-0.04127,0.386666,#
6,0.631673,0.0,0.278601,-0.415567,0.059915,-0.046665,1.0,0.401116,0.415678,0.638816,0.244581,-0.056605,0.241497,-0.580674,0.294422,-0.016449,0.40162,0.779567,0.05508,0.653628,0.590365,-0.401438,0.747592,-0.147424,0.54319,-0.208276,-0.64441,-0.370815,-0.212782,0.507838,0.407044,0.025712,0.118386,-4.9e-05,0.118386,-0.348362,0.294421,-0.334981,-0.152817,0.338486,0.08311,0.294421,-0.267144,-0.023117,0.294421,-0.253538,-0.407868,0.237098,-0.058839,0.700416,0.495343,-0.583175,-0.407868,0.052996,0.572411,0.42651,0.379375,0.413016,0.07835,-0.602755,-0.246568,0.549949,0.312781,0.098755,0.139175,0.602946,0.0,0.242658,0.56995,0.140786,-0.380614,-0.346207,0.401116,-0.847248,-0.613014,-0.258827,-0.408899,-0.631472,-0.459667,-0.293583,-0.139422,-0.436476,-0.461395,-0.349938,-0.538402,-0.384605,0.092583,-0.620592,-0.392462,-0.139736,0.05802,-0.459667,-0.580899,-0.125602,-0.800631,-0.407868,0.345494,0.240399,-0.125602,-0.614331,0.35962,-0.613014,-0.694481,-0.384335,-0.208631,0.075731,-0.725293,0.32408,0.039358,-0.56267,0.367395,0.0,-0.1523,-0.800631,0.066778,-0.371529,-0.847248,-0.694481,-0.085085,-0.470581,-0.384605,-0.414259,-0.476177,-0.538402,0.494577,-0.1523,-0.407868,-0.114605,0.390425,-0.998574,-0.1523,0.0,-0.146056,-0.801038,-0.646018,-0.407868,0.543197,-0.407868,-0.505493,0.326271,-0.223854,-0.02874,-0.611803,0.397207,-0.388649,0.09447,-0.613014,0.999296,-0.492756,-0.694481,-0.625326,-0.847248,-0.461395,-0.407868,-0.407868,-0.384605,0.401116,0.802428,-0.407868,-0.223854,0.109745,0.0,-0.183915,-0.183915,0.097018,0.778146,-0.800631,-0.288917,-0.139422,0.401116,0.678787,0.501995,-0.384605,-0.252582,-0.333183,-0.625326,-0.120622,0.817326,0.996173,0.205271,0.661608,0.361672,0.080237,0.337693,0.309953,-0.090855,0.380771,0.326271,-0.108348,0.138218,-0.625326,-0.026259,0.156047,0.813522,0.042796,0.592677,0.128544,-0.625326,-0.699753,-0.341281,#
7,0.225545,0.0,0.621576,-0.011274,0.20342,-0.221491,0.401116,1.0,0.361247,0.086576,-0.605324,0.23546,-0.408248,0.116792,-0.166667,-0.023789,0.278086,0.258726,0.190421,0.012508,0.249501,0.004157,0.276956,0.096986,-0.327252,-0.101994,-0.601859,0.225531,-0.605324,0.203999,-0.499817,0.276543,-0.327078,0.0,-0.327078,0.247945,0.666667,0.225531,0.338945,-0.403689,0.218218,0.666667,-0.071963,0.313799,0.666667,0.38092,-0.166667,0.107117,-0.591518,0.276875,0.190247,0.230128,-0.166667,-0.333774,-0.124707,0.31273,-0.209298,0.318997,-0.395237,-0.246303,0.169117,-0.321269,0.161165,0.036585,0.005233,0.237217,0.0,0.611965,0.407976,-0.220177,0.0,0.1835,-0.25,-0.017032,0.087422,0.14681,0.164777,-0.406494,-0.498622,0.397544,0.356961,-0.381859,-0.005803,0.207617,-0.230961,0.207617,0.207617,-0.221893,0.197531,-0.221893,0.239634,-0.498622,0.087422,0.375,-0.327161,-0.166667,0.01202,0.666667,0.375,-0.407465,-0.224137,0.087422,0.378701,-0.326789,-0.407417,0.197531,-0.610291,-0.217147,0.217859,-0.408046,0.510892,0.0,0.326253,-0.327161,-0.372591,-0.080155,-0.017032,0.378701,-0.25,-0.992753,0.207617,-0.498946,-0.381859,-0.230961,0.213125,0.326253,-0.166667,0.07143,-0.121567,-0.408046,0.326253,0.0,-0.212731,-0.327327,-0.121211,-0.166667,-0.327246,-0.166667,0.149121,0.164777,0.094485,-0.498385,-0.25,0.173349,-0.663461,-0.353279,0.087422,0.407643,0.239634,0.378701,-0.060195,-0.017032,-0.005803,-0.166667,-0.166667,0.207617,-0.25,0.506359,-0.166667,0.094485,0.197531,0.0,0.597267,0.597267,-0.091627,0.340278,-0.327161,-0.168474,0.356961,-0.25,0.112625,0.331961,0.207617,0.378701,0.182217,-0.060195,-0.249857,0.006379,0.428225,0.156368,-0.417374,0.182217,-0.353634,0.170136,0.340278,-0.413558,0.530694,0.164777,-0.762566,-0.096185,-0.060195,0.006379,0.396989,0.580506,0.257812,-0.090348,-0.101686,-0.060195,0.258091,-0.327327,#
8,0.736915,0.0,-0.310825,-0.292104,0.453927,-0.048205,0.415678,0.361247,1.0,0.572113,0.305712,-0.15005,0.589914,-0.286057,-0.502476,-0.214591,-0.294189,0.095772,0.334456,0.067463,0.752211,0.130436,0.047211,0.049093,-0.025938,-0.553131,-0.593821,-0.513251,0.305712,0.453916,-0.183344,-0.176302,-0.480404,5.4e-05,-0.480404,0.351133,0.270564,-0.099084,-0.248329,0.004169,-0.519698,0.270564,-0.1517,-0.188296,0.270564,0.016637,0.240832,0.607738,-0.025267,0.734157,0.442492,-0.501597,0.240832,0.295472,0.397457,0.213333,-0.341454,0.607642,0.206106,-0.39008,0.504641,-0.000968,0.485891,-0.53946,-0.400587,0.298166,0.0,0.590977,0.776567,0.402066,-0.240678,0.480419,0.361247,-0.290881,-0.337905,0.527443,0.443176,0.018982,0.162728,0.318925,-0.233704,-0.383278,-0.314084,-0.490243,-0.476385,-0.528403,-0.528403,-0.031667,0.335094,-0.418462,-0.418813,-0.308189,-0.414843,-0.218532,-0.609732,-0.502476,0.220117,0.211099,-0.218532,-0.333,0.059363,0.017675,-0.137714,-0.137055,-0.360474,-0.537053,-0.157177,0.481829,-0.061612,-0.879563,0.721065,0.0,-0.021797,-0.609732,-0.268999,-0.226807,-0.290881,-0.137714,-0.330028,-0.417932,-0.528403,-0.745117,-0.426978,-0.476385,0.078179,-0.021797,-0.502476,0.215351,0.369036,-0.4182,-0.021797,0.0,-0.01173,-0.130411,-0.573945,0.240832,-0.026424,-0.502476,0.147943,-0.334931,-0.016961,0.143288,-0.330028,-0.042342,-0.347524,-0.217258,-0.450193,0.414635,0.164131,-0.137714,-0.514363,-0.290881,-0.202281,-0.502476,0.240832,-0.144559,0.361247,0.722897,-0.502476,-0.016961,-0.123004,0.0,-0.333466,0.141256,0.401015,0.600344,-0.490803,-0.235206,-0.233704,0.361247,0.132131,0.249179,-0.528403,-0.137714,-0.291027,-0.514363,-0.213004,0.274702,0.417222,0.347893,0.113222,-0.107462,0.180131,0.442414,0.481415,0.388554,0.263447,-0.148186,-0.383941,0.77215,-0.514363,0.620639,-0.032375,0.235139,0.722216,-0.027524,-0.07377,-0.514363,-0.060753,-0.61702,#
9,0.408183,0.0,-0.266185,-0.429294,0.34158,0.104462,0.638816,0.086576,0.572113,1.0,0.302564,-0.315593,0.595808,-0.245884,-0.272096,-0.030337,0.012719,0.460435,0.336476,0.529219,0.386758,0.015697,0.391257,-0.666333,0.353785,-0.561772,-0.561252,-0.096698,0.302564,0.797356,0.40748,-0.12777,-0.066523,5e-05,-0.066523,-0.076429,-0.272096,-0.534247,0.058456,0.216882,-0.102559,-0.272096,0.252706,-0.145834,-0.272096,-0.190398,-0.272096,0.149399,-0.087791,0.432096,0.284629,-0.89837,-0.272096,-0.095405,0.655962,0.311558,0.090415,0.450648,-0.11867,-0.402108,0.329191,0.369961,0.180061,-0.384045,-0.22187,0.367716,0.0,0.141957,0.649906,-0.182863,-0.387283,0.195754,0.622523,-0.433669,-0.273914,0.267572,0.149131,-0.293962,-0.040146,-0.207143,0.072404,-0.672721,-0.041532,-0.534104,-0.831534,-0.110805,-0.110805,0.020909,-0.118794,0.020909,-0.177588,-0.040146,-0.666044,0.086576,-0.534115,-0.272096,0.779314,0.387531,0.086576,-0.275689,0.410276,-0.273914,-0.60673,-0.110844,0.137079,-0.118794,-0.214668,0.023065,0.320274,-0.666166,0.368739,0.0,0.031542,-0.534115,-0.176377,0.140113,-0.433669,-0.60673,-0.408144,-0.186775,-0.110805,-0.436271,-0.187963,-0.831534,0.320485,0.031542,-0.272096,-0.177862,-0.019713,-0.666166,0.031542,0.0,0.033805,-0.534386,-0.998856,-0.272096,0.353329,-0.272096,-0.229728,0.149131,0.12163,-0.049121,-0.408144,0.255518,0.132243,-0.133128,-0.273914,0.637112,-0.177588,-0.60673,-0.842752,-0.433669,-0.041532,-0.272096,-0.272096,-0.110805,0.622523,0.798645,-0.272096,0.12163,-0.534115,0.0,-0.268273,-0.268273,0.622529,0.470213,-0.534115,-0.256525,0.072404,0.622523,0.111217,0.226129,-0.110805,-0.60673,-0.541232,-0.842752,0.091521,0.361229,0.618172,-0.020997,0.548219,0.165799,-0.163535,0.154807,0.470213,-0.13185,0.353734,0.149131,0.067516,0.195627,-0.842752,-0.059539,-0.20866,0.300703,0.324918,0.233569,0.188928,-0.842752,-0.690423,-0.534386,#
10,0.62985,0.0,-0.532271,-0.024161,0.130704,0.330653,0.244581,-0.605324,0.305712,0.302564,1.0,-0.208606,0.715803,-0.522599,0.320056,0.065544,0.017961,0.027722,0.029378,0.379796,0.604117,-0.079476,-0.005139,0.209526,0.592464,-0.272505,0.121522,-0.792348,0.528756,0.130227,0.469476,-0.382797,0.154749,0.0,0.154749,-0.0,-0.403549,-0.441588,-0.604115,0.645366,-0.318844,-0.403549,-0.329461,-0.463979,-0.403549,-0.536284,0.292225,0.285159,0.603072,0.596422,0.364242,-0.521224,0.292225,0.546046,0.683625,0.006244,-0.013706,0.050308,0.61371,-0.266425,-0.314442,0.59883,0.390228,-0.307838,-0.209288,0.203836,0.0,-0.136253,0.119221,0.658452,-0.458917,-0.352911,0.438338,-0.458856,-0.549869,-0.274996,-0.366602,0.180677,0.352152,-0.298729,-0.605015,0.070984,-0.489353,-0.792136,-0.113617,-0.792136,-0.300466,-0.156681,0.024223,-0.02329,-0.456541,-0.08865,-0.654977,-0.605324,-0.439626,-0.403549,-0.003513,-0.403549,-0.605324,-0.148408,0.456331,-0.217028,-0.710696,0.002675,-0.174144,-0.309748,0.097458,0.783333,-0.363259,-0.210652,0.031744,0.0,-0.623312,-0.439626,0.178112,-0.390219,-0.458856,-0.710696,0.333972,0.572955,-0.792136,-0.04932,0.070984,-0.113617,-0.012233,-0.623312,-0.403549,0.17295,0.590388,-0.227926,-0.623312,0.0,-0.181921,0.00911,-0.266983,0.292225,0.592472,-0.403549,-0.417696,-0.337468,-0.254907,0.78675,-0.208732,-0.109107,0.364479,0.175782,-0.654977,0.238834,-0.478367,-0.710696,-0.196005,-0.458856,-0.384699,-0.403549,0.292225,-0.432838,0.438338,0.035907,-0.403549,-0.254907,0.042777,0.0,-0.987971,-0.543606,0.204006,0.439497,-0.328302,0.15994,-0.605015,0.438338,0.304227,0.100205,-0.792136,-0.255383,-0.323965,-0.196005,-0.099249,0.471876,0.232125,0.359963,0.746738,-0.152138,0.566646,0.365992,-0.15423,0.56321,-0.408082,-0.162665,0.428374,0.534316,-0.196005,0.352576,-0.176778,0.00114,0.04566,0.219338,0.238854,-0.196005,-0.524004,0.027329,#
11,-0.060514,0.0,0.438053,0.13352,-0.442646,0.609601,-0.056605,0.23546,-0.15005,-0.315593,-0.208606,1.0,-0.283038,0.238559,0.200577,-0.148745,0.241871,-0.190656,-0.625546,0.388548,-0.071803,-0.3356,0.097415,0.278687,0.337481,-0.376777,-0.40569,0.113843,-0.208606,0.280418,-0.352652,0.770208,-0.596714,-7.9e-05,-0.596714,0.133229,0.200577,-0.030774,0.238685,0.282379,0.336835,0.200577,0.235131,-0.143297,0.200577,-0.300346,0.156973,0.411092,0.020445,-0.011853,0.189823,0.398458,0.156973,-0.267789,-0.10991,0.064742,-0.114238,-0.179897,-0.249428,0.105965,-0.189912,0.338606,0.011594,-0.252476,0.561876,0.201957,0.0,-0.280715,-0.248694,-0.096354,-0.489444,-0.192693,0.23546,0.134869,0.20432,-0.2034,-0.147585,-0.558639,0.121242,-0.397708,0.237208,0.608464,-0.480355,0.169865,-0.220142,0.113902,0.113902,0.341678,0.106264,0.550665,0.574123,0.148867,0.091487,-0.026162,-0.029392,-0.148253,-0.157553,0.11337,-0.026162,-0.390255,0.098335,0.012198,0.2576,-0.743306,0.223042,0.338817,0.250815,-0.074522,-0.361092,0.097131,0.469989,0.0,0.367195,-0.029392,0.045107,0.204542,0.134869,0.2576,0.071946,-0.18541,0.113902,-0.416813,0.544376,-0.220142,0.018819,0.367195,-0.148253,-0.403646,-0.033925,0.070067,0.367195,0.0,-0.281986,0.165563,0.313492,0.156973,0.337503,0.200577,0.534107,-0.10194,-0.399525,0.332946,0.071946,0.066981,-0.134836,0.0005,0.039644,-0.084215,0.539926,0.2576,0.387403,0.134869,-0.316391,-0.148253,0.156973,-0.093491,0.23546,-0.20833,-0.148253,-0.399525,0.190241,0.0,0.228045,0.200197,-0.281268,0.010174,0.145023,-0.406157,0.237208,0.23546,0.431231,-0.169688,0.113902,0.2576,0.922034,0.387403,-0.792737,-0.156205,-0.089627,-0.071298,-0.289798,0.069547,-0.001574,0.106828,-0.164241,-0.158687,0.497773,0.171931,-0.153405,-0.248288,0.387403,0.324426,-0.258499,-0.221556,-0.067041,-0.024001,0.390183,0.387403,0.288865,0.194108,#
12,0.427087,0.0,-0.666113,-0.401973,0.368291,0.126592,0.241497,-0.408248,0.589914,0.595808,0.715803,-0.283038,1.0,-0.215444,-0.272165,-0.006474,-0.402703,0.105625,-0.077739,0.190642,0.407434,0.040727,0.012563,-0.237566,0.344993,-0.566289,-0.163805,-0.534383,0.715803,0.367829,0.395346,-0.083188,-0.071215,0.0,-0.071215,-0.042825,-0.272166,-0.534383,-0.407433,0.208175,-0.534522,-0.272166,-0.182802,-0.09317,-0.272166,-0.128698,0.408248,0.578584,0.363337,0.452135,0.310672,-0.768675,0.408248,0.422611,0.671396,0.344158,0.077069,0.52092,0.397484,-0.402211,0.302721,0.361109,0.263182,-0.388334,-0.418734,0.387374,0.0,0.166556,0.249833,0.37589,-0.391668,0.222158,0.612372,-0.398661,-0.237933,0.343974,0.189939,0.141546,0.383174,-0.174408,-0.40804,-0.152952,-0.435906,-0.53424,-0.377158,-0.53424,-0.53424,0.051764,-0.080642,0.051764,-0.675918,-0.047897,-0.666214,-0.408248,-0.534251,-0.272166,0.363138,-0.272166,-0.408248,0.154293,0.478635,-0.237933,-0.570846,-0.1151,0.12909,-0.534251,0.212866,0.479753,-0.1151,-0.666336,0.39774,0.0,-0.407412,-0.534251,0.345974,-0.281924,-0.398661,-0.570846,-0.408248,0.331332,-0.53424,-0.440166,-0.152952,-0.377158,0.348032,-0.407412,-0.272166,0.116642,0.545922,-0.244011,-0.407412,0.0,0.021054,-0.089087,-0.57496,0.408248,0.344541,-0.272166,-0.090336,-0.522331,-0.279655,0.369076,-0.408248,0.283077,0.172721,0.378105,-0.666214,0.235283,-0.142299,-0.570846,-0.58978,-0.398661,-0.009476,-0.272166,0.408248,-0.53424,0.612372,0.402113,-0.272166,-0.279655,-0.534251,0.0,-0.666317,-0.231762,0.648381,0.49897,-0.080642,-0.224169,-0.40804,0.612372,0.129823,0.250196,-0.53424,-0.570846,-0.490097,-0.58978,0.086548,0.375,0.215166,0.072957,0.562565,0.210042,0.344031,0.196116,0.045361,0.525263,-0.042796,0.189939,0.507778,0.628281,-0.58978,0.375,-0.174933,-0.111525,0.357217,0.221305,0.221404,-0.58978,-0.4523,-0.534522,#
13,-0.568271,0.0,0.199973,0.344699,0.392369,0.226875,-0.580674,0.116792,-0.286057,-0.245884,-0.522599,0.238559,-0.215444,1.0,-0.26819,0.483771,0.038947,-0.506979,-0.09648,-0.30451,-0.526676,0.554015,-0.350353,-0.202281,-0.526594,-0.220948,0.24952,0.760407,-0.03431,-0.085375,-0.488078,0.474376,-0.200339,2.6e-05,-0.200339,0.469105,-0.26819,-0.196032,0.680213,-0.649592,0.417218,-0.26819,0.242873,0.577505,-0.26819,0.628863,0.45275,-0.192967,-0.29925,-0.533504,-0.202386,0.4713,0.45275,-0.631248,-0.14167,0.272081,-0.397501,-0.118363,-0.652254,0.243862,0.285075,-0.52996,-0.155463,-0.088131,-0.367345,-0.001368,0.0,0.1913,-0.578135,-0.63309,-0.055679,0.300204,-0.402285,0.799231,0.98926,0.251147,0.350681,0.127842,-0.035017,0.211592,0.680015,-0.07405,0.383753,0.316123,0.096558,0.760263,0.250808,0.566024,0.389949,0.566024,-0.115719,-0.016747,0.124036,0.5061,0.300232,0.250887,0.108255,0.423913,0.5061,0.594974,0.101727,0.51732,0.660795,-0.186591,0.158768,0.409174,0.272807,-0.725693,0.445358,0.113063,0.078941,0.0,0.083347,0.300232,-0.051574,0.288687,0.799231,0.660795,-0.402285,-0.062816,0.760263,-0.03483,0.434575,0.096558,0.171243,0.083347,0.250887,0.201453,-0.477825,0.560543,0.083347,0.0,-0.360717,0.436097,0.23789,0.452751,-0.526584,0.481588,0.356065,-0.404012,0.2394,-0.35075,0.160049,0.287017,0.332409,-0.081529,0.535471,-0.575328,0.449684,0.660795,0.434309,0.799231,0.835582,0.250887,0.452751,0.250808,-0.402285,-0.40038,0.250887,0.2394,-0.526447,0.0,0.552832,0.534414,0.24732,-0.292942,0.780858,0.124051,0.680015,-0.402285,-0.666455,-0.034021,0.760263,0.189015,0.301558,0.434309,-0.001179,-0.805929,-0.564254,-0.355203,-0.666455,0.301558,-0.469453,-0.217148,-0.273717,-0.535876,0.079127,0.350681,0.098765,-0.531452,0.434309,-0.364445,0.190149,-0.365138,0.031631,-0.515149,0.22638,0.434309,0.510064,-0.035869,#
14,0.198352,0.0,0.427334,0.343242,-0.218161,0.265789,0.294422,-0.166667,-0.502476,-0.272096,0.320056,0.200577,-0.272165,-0.26819,1.0,0.354185,0.78004,0.244353,-0.218018,0.480873,0.166334,-0.329766,0.287214,0.401413,0.527469,0.271984,0.267493,-0.218161,-0.403549,-0.218165,0.343624,0.022641,0.508788,1.9e-05,0.508788,-0.216157,-0.111111,-0.218161,-0.166334,0.46743,0.509175,-0.111111,-0.407791,-0.038036,-0.111111,-0.359029,-0.111111,-0.271911,0.220689,0.218144,0.170566,0.223154,-0.111111,0.019349,0.293582,0.095179,0.229817,-0.378071,0.170305,-0.164202,-0.993018,0.509023,0.107443,0.376694,0.282587,0.191092,0.0,-0.271984,-0.407976,0.186817,-0.33312,-0.995542,-0.166667,-0.333075,-0.271981,-0.987243,-0.988661,-0.270996,-0.332414,-0.407433,-0.166582,0.201737,-0.332704,-0.218103,0.241365,-0.218103,0.536868,-0.507183,-0.218107,0.253592,0.208167,-0.332414,-0.271981,-0.166667,-0.218107,-0.111111,-0.332562,-0.111111,-0.166667,-0.271643,0.310344,-0.271981,-0.407832,-0.217859,-0.271611,0.522634,-0.40686,0.259725,-0.217859,0.417625,-0.332674,0.0,-0.507505,-0.218107,0.2143,-0.402832,-0.333075,-0.407832,0.666667,0.20773,-0.218103,0.355571,0.201737,0.241365,0.142083,-0.507505,-0.111111,0.04762,0.25664,-0.272031,-0.507505,0.0,-0.507115,-0.218218,0.28475,-0.111111,0.528186,-0.111111,-0.654209,0.17447,-0.271643,0.363164,-0.166667,0.115566,0.166667,0.162318,-0.271981,0.29519,-0.66323,-0.407832,0.361164,-0.333075,-0.332704,-0.111111,-0.111111,-0.218103,-0.166667,-0.332948,-0.111111,-0.271643,0.522634,0.0,-0.272023,-0.272023,-0.407231,0.25,-0.218107,0.345267,-0.166582,-0.166667,0.450499,0.221307,-0.218103,0.291309,0.157207,0.361164,-0.166571,0.365722,0.307444,0.253168,0.450499,0.157207,0.190611,0.146784,-0.490741,-0.183804,-0.323221,0.17447,0.231978,-0.384742,0.361164,-0.314691,0.285664,0.409769,-0.635417,0.287259,0.316357,0.361164,-0.373498,0.509175,#
15,0.004719,0.0,0.402313,0.19382,0.626696,0.288738,-0.016449,-0.023789,-0.214591,-0.030337,0.065544,-0.148745,-0.006474,0.483771,0.354185,1.0,0.490777,-0.27286,0.183557,-0.026581,0.023741,0.66093,0.194723,0.01756,-0.192749,0.038821,0.443058,0.222738,0.065544,-0.249517,-0.177606,-0.006771,0.245524,-4.8e-05,0.245524,0.26028,-0.33304,-0.653907,0.492888,-0.351106,0.660999,-0.33304,-0.382831,0.566423,-0.33304,0.486199,0.327753,-0.390324,0.212232,0.035926,0.409289,0.175844,0.327753,-0.536544,0.400986,0.324098,-0.172211,-0.306913,-0.464144,0.094615,-0.293373,-0.194669,0.481792,0.291651,-0.573805,0.495962,0.0,0.366208,-0.445791,-0.147926,-0.174338,-0.323728,-0.49956,0.195563,0.410384,-0.298828,-0.310202,-0.030147,-0.577724,-0.037452,0.492512,-0.403118,0.177065,-0.18678,0.2463,0.220305,0.220305,-0.18701,0.186197,0.283531,-0.440152,-0.560979,-0.382656,-0.023789,-0.195595,-0.33304,0.219416,0.301322,-0.023789,0.420123,0.66225,-0.022183,0.002772,-0.246527,-0.362794,0.661968,-0.356888,-0.183734,0.643653,0.037734,-0.188801,0.0,-0.632453,-0.195595,0.083883,-0.350848,0.195563,0.002772,0.015859,0.068723,0.220305,0.218102,0.063073,0.2463,0.313914,-0.632453,-0.33304,0.709128,0.052696,0.021328,-0.632453,0.0,-0.632621,0.228408,0.046135,0.327753,-0.192296,0.354185,-0.544237,-0.282533,0.380789,-0.152196,0.015859,0.39926,0.386716,0.052695,-0.005546,0.00535,-0.460881,0.002772,0.37612,0.195563,0.591198,-0.33304,0.327753,-0.246646,-0.49956,-0.21583,-0.33304,0.380789,-0.195595,0.0,0.00619,-0.010691,-0.001938,0.264758,0.244934,0.328338,0.492512,-0.49956,-0.355963,0.177376,0.220305,0.002772,-0.249542,0.37612,-0.018972,-0.142033,0.043882,-0.240191,0.0643,0.430408,0.084482,0.401872,-0.175771,-0.390603,-0.162507,0.409197,0.272633,-0.364064,0.37612,-0.56287,0.416526,0.318428,0.048072,0.05092,0.045154,0.37612,0.012579,0.245711,#
16,0.2532,0.0,0.615987,0.492095,0.122696,0.35608,0.40162,0.278086,-0.294189,0.012719,0.017961,0.241871,-0.402703,0.038947,0.78004,0.490777,1.0,0.25295,0.111815,0.589004,0.246113,-0.069181,0.2958,0.169879,0.310983,-0.025687,-0.017007,0.141258,-0.597102,0.123181,0.082281,0.114959,0.295177,3.2e-05,0.295177,0.160517,-0.164403,-0.322797,0.247891,0.227865,0.753389,-0.164403,-0.150278,0.087413,-0.164403,-0.145281,-0.164403,-0.402327,-0.19738,0.280511,0.197301,0.224807,-0.164403,-0.397769,0.401675,0.283513,-0.125062,-0.261849,-0.274041,-0.242958,-0.759425,0.297816,0.158976,0.113726,0.066667,0.241256,0.0,0.008562,-0.192655,-0.227688,-0.492894,-0.782464,-0.246605,-0.087698,0.013455,-0.817721,-0.771195,-0.400973,-0.491849,-0.179448,0.262961,-0.245873,-0.07819,-0.322711,-0.114502,0.126232,0.767956,-0.298048,0.117764,0.34861,0.277529,-0.491849,-0.40243,0.278086,-0.322717,-0.164403,-0.063196,0.535184,0.278086,-0.40193,0.314452,0.013455,-0.187696,-0.32235,-0.401884,0.747392,-0.602002,-0.098252,0.134884,0.183702,-0.068324,0.0,-0.294433,-0.322717,-0.2349,-0.156063,-0.087698,-0.187696,0.461728,-0.240141,0.126232,0.092801,0.268252,-0.114502,0.210231,-0.294433,-0.164403,0.070461,-0.130546,-0.402504,-0.294433,0.0,-0.750342,-0.322881,-0.014779,-0.164403,0.311595,-0.164403,-0.564153,0.217465,0.019458,0.099491,-0.246604,0.170995,0.206244,-0.280849,0.013455,0.407269,-0.463158,-0.187696,0.281723,-0.087698,-0.07819,-0.164403,-0.164403,0.126232,-0.246604,-0.085018,-0.164403,0.019458,0.306911,0.0,0.019485,0.019485,-0.166663,0.340757,-0.322717,0.406101,0.262961,-0.246604,0.193826,0.327453,0.126232,0.406573,0.187616,0.281723,-0.246463,0.085949,0.427248,0.280828,0.193826,0.187616,-0.254872,0.175177,-0.288871,-0.657721,-0.065728,0.217465,-0.122908,-0.596191,0.281723,-0.492401,0.396226,0.577638,-0.448283,-0.012544,0.439635,0.281723,-0.31483,0.295402,#
17,0.220174,0.0,0.076054,-0.278409,-0.125855,-0.434758,0.779567,0.258726,0.095772,0.460435,0.027722,-0.190656,0.105625,-0.506979,0.244353,-0.27286,0.25295,1.0,-0.12888,0.47069,0.173001,-0.682913,0.440552,-0.308432,0.442635,0.0,-0.451205,-0.130431,-0.459039,0.331707,0.699114,0.102512,0.479534,0.0,0.479534,-0.58393,0.2731,0.003051,-0.347122,0.193132,-0.122327,0.2731,-0.163776,0.122028,0.2731,-0.168788,-0.503079,0.101262,-0.411387,0.299998,-0.123903,-0.482816,-0.503079,0.256148,0.306854,0.489573,0.604508,0.586901,0.274767,-0.743459,-0.238408,0.433595,-0.319683,0.265387,0.264921,0.19009,0.0,0.057703,0.321589,-0.096669,-0.146518,-0.304503,0.323408,-0.742284,-0.445333,-0.24772,-0.368642,-0.369129,-0.248401,-0.14891,-0.335557,-0.305711,-0.307283,-0.009767,-0.376839,-0.138902,0.368959,-0.56644,-0.625522,-0.054676,0.139656,-0.248401,-0.325706,0.237166,-0.516921,0.244353,0.107294,0.071868,0.237166,-0.35599,-0.040147,-0.445333,-0.599437,-0.03813,0.072895,-0.127234,-0.572829,0.066647,-0.150862,-0.329604,0.132181,0.0,-0.045791,-0.516921,0.258324,-0.247796,-0.742284,-0.599437,-0.194045,-0.339344,-0.138902,-0.194378,-0.453596,-0.376839,0.585874,-0.045791,0.244353,-0.400409,0.207935,-0.793527,-0.045791,0.0,0.057819,-0.988028,-0.483849,-0.503079,0.442646,-0.503079,-0.427301,0.413783,-0.459884,-0.2369,-0.754619,0.465749,-0.379797,0.287795,-0.445333,0.778887,-0.446523,-0.599437,-0.700823,-0.742284,-0.307283,0.244353,-0.503079,-0.138902,0.323408,0.616158,0.244353,-0.459884,-0.000532,0.0,0.03417,0.03417,0.261297,0.45876,-0.516921,-0.126461,-0.335557,0.323408,0.556498,0.649659,-0.138902,-0.129133,-0.327237,-0.700823,0.366319,0.68546,0.753393,0.279344,0.538215,0.441863,-0.281621,-0.305541,-0.039528,-0.168027,0.125439,0.413783,0.086197,-0.08074,-0.700823,-0.229954,0.319547,0.604303,-0.421779,0.413563,0.270105,-0.700823,-0.743212,-0.498719,#
18,0.306559,0.0,-0.115466,0.204296,0.505539,-0.168706,0.05508,0.190421,0.334456,0.336476,0.029378,-0.625546,-0.077739,-0.09648,-0.218018,0.183557,0.111815,-0.12888,1.0,-0.18385,0.348685,0.583596,-0.114139,-0.082237,-0.428081,0.129704,0.117766,0.029583,0.029378,0.011752,-0.199921,-0.786238,0.079072,5e-05,0.079072,0.454613,-0.218018,0.066195,0.16081,-0.167111,0.023487,-0.218018,0.09354,-0.188001,-0.218018,0.145941,-0.218018,-0.533535,-0.156443,0.206307,0.045732,-0.133715,-0.218018,-0.144656,0.07337,-0.31081,-0.503128,-0.131464,-0.163053,0.142743,0.205606,-0.420255,0.300889,-0.189075,-0.517395,-0.262516,0.0,0.327638,0.516789,-0.041097,0.257814,0.226942,-0.327028,0.202871,-0.123526,0.152409,0.215547,0.350203,-0.180183,0.520031,0.175547,-0.720816,0.637639,-0.427953,-0.047339,0.014793,0.014793,-0.038841,0.50319,-0.549027,-0.205972,-0.180183,-0.064658,0.190421,0.068789,-0.218018,0.20033,0.471913,0.190421,-0.110591,-0.150452,0.345487,0.078625,0.54652,-0.532946,0.006439,-0.321509,-0.023371,0.481799,-0.071277,-0.234703,0.0,-0.030824,0.068789,-0.777113,0.139667,0.202871,0.078625,0.231817,-0.19714,0.014793,0.219078,-0.213787,-0.047339,-0.435831,-0.030824,-0.218018,0.412781,-0.361993,-0.071277,-0.030824,0.0,-0.015157,0.05962,-0.335848,-0.218018,-0.428074,-0.218018,-0.304747,0.215547,0.780201,-0.185584,0.231817,-0.488625,0.201248,-0.750266,0.345487,0.078788,-0.205972,0.078625,-0.07874,0.202871,0.170652,-0.218018,-0.218018,0.521087,-0.327028,0.213861,-0.218018,0.780201,0.068789,0.0,-0.1176,-0.1176,0.067768,-0.034956,-0.427962,0.490462,0.175547,-0.327027,-0.530065,-0.11374,0.014793,0.078625,-0.502632,-0.07874,0.214759,-0.187588,0.104724,0.204548,-0.056166,-0.502632,-0.155485,0.246585,0.461794,-0.16587,-0.227388,-0.564465,-0.501028,0.135908,-0.07874,-0.187588,0.083681,0.287236,0.356005,-0.333955,-0.377161,-0.07874,0.008234,0.05962,#
19,0.40929,0.0,0.149342,-0.02576,-0.175381,0.578472,0.653628,0.012508,0.067463,0.529219,0.379796,0.388548,0.190642,-0.30451,0.480873,-0.026581,0.589004,0.47069,-0.18385,1.0,0.362016,-0.467454,0.466005,-0.205355,0.87235,-0.53072,-0.531796,-0.160631,-0.108961,0.746434,0.462636,0.281499,-0.038184,-2.5e-05,-0.038184,-0.142822,-0.269622,-0.52939,-0.01107,0.73031,0.325723,-0.269622,0.203964,-0.358729,-0.269622,-0.674061,-0.269622,0.164698,0.02869,0.453788,0.315427,-0.449394,-0.269622,-0.130532,0.653911,0.287652,0.15386,0.05793,-0.044936,-0.398452,-0.435329,0.873356,0.092731,-0.319791,0.362806,0.389524,0.0,-0.333401,0.187113,-0.114167,-0.80835,-0.547909,0.637921,-0.486308,-0.329508,-0.500761,-0.556247,-0.657599,-0.023969,-0.652224,0.000595,-0.063205,-0.478288,-0.529248,-0.726031,-0.172499,0.337443,-0.025376,-0.179234,0.488486,0.35981,-0.023969,-0.659988,0.012508,-0.529259,-0.269622,0.335688,0.2863,0.012508,-0.659169,0.494291,-0.329508,-0.659278,-0.528657,0.152223,0.321097,-0.196746,0.14028,-0.165319,-0.194285,0.322193,0.0,-0.015257,-0.529259,-0.040451,0.091931,-0.486308,-0.659278,0.158438,-0.051846,-0.172499,-0.342319,0.345342,-0.726031,0.289242,-0.015257,-0.269622,-0.480079,0.048321,-0.66011,-0.015257,0.0,-0.370482,-0.529528,-0.521938,-0.269622,0.87237,-0.269622,-0.263782,0.229385,-0.324316,0.436665,-0.404434,0.224835,0.211999,-0.059954,-0.329508,0.634256,-0.228772,-0.659278,-0.328274,-0.486308,-0.478288,-0.269622,-0.269622,-0.172499,0.637921,0.325764,-0.269622,-0.324316,-0.028929,0.0,-0.324769,-0.324769,0.173188,0.46767,-0.529259,-0.182009,0.000595,0.637921,0.607029,0.196327,-0.172499,-0.187047,0.166964,-0.328274,-0.404202,0.419369,0.614195,0.167276,0.607029,0.166964,-0.089596,0.155894,-0.032661,-0.292747,0.308356,0.229385,0.130759,-0.206401,-0.328274,-0.040213,-0.221115,0.288167,-0.23896,0.291389,0.632001,-0.328274,-0.717359,-0.038213,#
20,0.997123,0.0,-0.077542,0.031505,0.370723,0.154734,0.590365,0.249501,0.752211,0.386758,0.604117,-0.071803,0.407434,-0.526676,0.166334,0.023741,0.246113,0.173001,0.348685,0.362016,1.0,-0.004148,0.162771,0.428306,0.283604,-0.365632,-0.378454,-0.754685,0.062495,0.282484,-0.0265,-0.322474,-0.173223,0.0,-0.173223,0.347383,0.166334,-0.203015,-0.408741,0.360475,-0.217783,0.166334,-0.446878,-0.333672,0.166334,-0.267424,0.199601,0.388962,0.157063,0.979691,0.595791,-0.332393,0.199601,0.360143,0.611403,0.173694,-0.344038,0.300675,0.373283,-0.464311,-0.170077,0.298143,0.659459,-0.381352,-0.29038,0.355116,0.0,0.447879,0.590386,0.631246,-0.457991,-0.179345,0.199601,-0.472553,-0.589796,-0.14397,-0.208946,-0.062046,-0.016392,0.146857,-0.391874,-0.286182,-0.496903,-0.772302,-0.287815,-0.772302,-0.207203,-0.365709,0.348686,-0.365709,-0.321774,-0.564368,-0.610736,-0.374252,-0.751585,-0.665337,-0.061181,0.166334,-0.374252,-0.584636,0.22369,-0.066308,-0.386087,-0.196961,-0.694262,-0.22794,-0.442318,0.761049,-0.228935,-0.596509,0.481415,0.0,-0.398384,-0.751585,-0.281438,-0.508279,-0.472553,-0.386087,0.249501,-0.27192,-0.772302,-0.485359,-0.286182,-0.287815,0.025258,-0.398384,-0.665337,0.342178,0.537869,-0.575861,-0.398384,0.0,-0.387298,-0.196005,-0.376734,0.199601,0.28362,-0.665337,-0.31493,-0.24377,-0.104905,0.481197,-0.374252,-0.13441,-0.197682,-0.263954,-0.610736,0.592008,-0.295684,-0.386087,-0.216268,-0.472553,-0.476054,-0.665337,0.199601,-0.207203,0.199601,0.480428,-0.665337,-0.104905,0.326508,0.0,-0.625585,-0.073182,0.093883,0.774841,-0.729407,0.112092,-0.391874,0.199601,0.379516,0.349648,-0.772302,0.137223,-0.207526,-0.216268,-0.368748,0.487648,0.608839,0.633143,0.400673,-0.173295,0.358935,0.637237,0.198215,0.324684,-0.043155,-0.208946,-0.344317,0.613079,-0.216268,0.487648,0.149674,0.522095,0.372693,0.072134,0.085246,-0.216268,-0.266372,-0.217783,#
21,-0.060002,0.0,0.015825,0.14328,0.695125,0.158356,-0.401438,0.004157,0.130436,0.015697,-0.079476,-0.3356,0.040727,0.554015,-0.329766,0.66093,-0.069181,-0.682913,0.583596,-0.467454,-0.004148,1.0,-0.186244,-0.051669,-0.6475,-0.006783,0.405383,0.271609,0.389745,-0.22351,-0.566925,-0.332914,-0.175838,5e-05,-0.175838,0.59682,-0.329766,-0.298226,0.545791,-0.543679,0.259422,-0.329766,-0.014425,0.276054,-0.329766,0.572419,0.36302,-0.361751,0.166836,-0.111741,0.254257,0.158618,0.36302,-0.474211,0.03674,-0.127845,-0.570715,-0.311753,-0.501121,0.456393,0.358948,-0.635662,0.486362,-0.093881,-0.750113,0.080691,0.0,0.431423,-0.073939,-0.124469,0.191087,0.37412,-0.49465,0.586021,0.477737,0.343012,0.39855,0.355628,-0.214091,0.369267,0.54544,-0.457855,0.573702,-0.157747,0.216087,0.269049,-0.220511,0.252986,0.584301,-0.107519,-0.497805,-0.196534,-0.022288,0.004157,0.184025,-0.329766,0.288099,0.335309,0.004157,0.487888,0.258864,0.355638,0.405406,0.143934,-0.332941,0.251764,0.033791,-0.237973,0.712851,-0.033349,-0.139864,0.0,-0.210707,0.184025,-0.364899,0.053104,0.586021,0.405406,-0.099761,0.035784,0.269049,0.166586,0.030907,0.216087,-0.221697,-0.210707,-0.329766,0.735151,-0.245584,0.396656,-0.210707,0.0,-0.20815,0.62225,-0.001344,0.36302,-0.647488,0.390732,-0.046069,-0.326672,0.782448,-0.222967,0.440612,-0.128149,0.376343,-0.365215,0.37308,-0.378974,0.045519,0.405406,0.331277,0.586021,0.677907,-0.329766,0.36302,0.137244,-0.49465,-0.168153,-0.329766,0.782448,-0.296307,0.0,0.05398,0.036281,0.069064,-0.117081,0.294871,0.283958,0.54544,-0.49465,-0.786712,-0.256019,0.269049,-0.047951,-0.289069,0.331277,0.00919,-0.535183,-0.340667,-0.296018,-0.3461,-0.11798,0.055295,0.395704,0.252405,-0.145164,-0.113947,-0.152618,-0.105495,0.009596,0.331277,-0.212758,0.068312,-0.082894,0.556221,-0.326092,-0.350543,0.331277,0.436347,0.168715,#
