0,1.0,0.199778,-0.586825,-0.003168,0.587969,0.615112,-0.199795,-0.001067,-0.604872,0.202977,0.025966,0.414779,0.516241,-0.051163,0.41632,0.00236,0.503733,-0.39588,-0.181255,-0.178947,-0.186429,0.428366,0.202363,0.028078,0.210803,-0.198718,-0.369318,-0.42101,0.378804,-0.654018,0.476298,-0.141272,0.211014,-0.496342,-0.546206,-0.016951,-0.052357,0.01352,-0.18302,-0.333227,-0.007297,-0.041637,0.016581,0.107661,0.0,0.290514,-0.029879,0.531797,-0.470607,0.008711,0.404427,-0.353121,-0.007297,-0.430185,0.355115,0.314249,-0.265134,0.027959,0.469862,0.451413,0.564068,0.322845,-0.488006,-0.547855,0.170878,0.129045,-0.303807,0.36959,0.010684,-0.40997,-0.443546,0.056,0.0,-0.197759,-0.809877,0.502529,-0.434694,-0.00839,-0.596229,-0.000259,0.201816,-0.411919,-0.000259,0.095627,-0.220358,-0.256083,0.20851,-0.434694,-0.197759,-0.524302,-0.49984,-0.257871,0.014412,-0.00839,-0.025382,-0.386808,-0.541161,-0.247432,-0.055001,0.802879,0.350326,-0.011899,-0.245575,-0.217795,0.223213,-0.232605,-0.021523,-0.216296,-0.206918,-0.595482,-0.03947,-0.333227,-0.401134,-0.414076,-0.232605,-0.206918,-0.580064,-0.00839,0.18177,-0.038363,-0.228466,-0.192671,0.467775,-0.394674,-0.231463,-0.00839,-0.036192,-0.339522,0.660717,0.196699,-0.444769,0.403681,-0.232605,0.190881,-0.523248,-0.249397,-0.007297,-0.61424,0.54081,-0.217795,-0.596229,-0.129013,-0.216296,0.462933,-0.003262,0.613455,-0.000259,0.201209,-0.411919,-0.49984,-0.00839,-0.341966,-0.412849,-0.000259,0.210462,-0.382716,-0.24026,0.244437,-0.524302,-0.49984,-0.148384,-0.654099,-0.333227,0.107737,0.2693,0.428106,-0.224517,-0.114604,-0.49984,-0.631942,-0.000849,0.132577,-0.011908,0.467775,0.406754,-0.541161,-0.234465,0.151089,0.152815,0.10746,-0.30718,-0.587951,0.057686,0.401785,0.398799,-0.653759,0.23286,-0.025382,-0.245448,-0.214679,0.290937,0.240833,0.595134,-0.211947,0.222131,0.173438,0.010746,-0.025382,-0.148573,0.444078,#
1,0.199778,1.0,0.218377,-0.389732,0.202698,0.209367,0.209367,0.330167,0.229885,0.222961,-0.534268,0.542971,0.329854,0.469534,0.342144,-0.327169,0.20461,0.582959,0.051479,-0.193584,-0.198292,-0.109103,-0.044881,-0.096161,0.046971,-0.2225,0.125182,0.051472,-0.51293,0.071605,-0.444405,-0.038033,0.52396,-0.324957,-0.322786,0.75673,0.474473,-0.344226,0.098615,-0.218165,0.225249,0.2432,0.354364,-0.012615,0.0,-0.64578,-0.308511,0.12672,0.305127,0.337849,0.077841,-0.677373,0.225249,-0.715115,0.226813,-0.29808,-0.684774,-0.801253,-0.325407,0.171057,0.365001,0.517043,-0.19269,-0.177111,-0.086371,0.340818,-0.053998,-0.067603,0.133183,0.430553,-0.161421,-0.137599,0.0,-0.217521,-0.337246,0.324762,-0.081358,-0.758209,-0.202297,-0.089773,-0.065284,-0.358823,-0.089773,-0.298387,-0.25866,-0.052526,-0.520316,-0.081358,-0.217521,-0.187297,-0.327248,0.40483,-0.534113,-0.179253,-0.263375,0.05577,0.303652,0.416685,0.314914,0.349669,0.218533,-0.125966,-0.558293,-0.524875,-0.51665,-0.015113,-0.083162,0.062858,-0.222483,-0.654142,0.547513,0.518497,0.203773,-0.083282,-0.015113,-0.222483,-0.263407,-0.758209,0.428151,-0.437369,-0.031247,-0.653978,-0.255396,0.047356,-0.433774,-0.758209,0.172377,-0.103995,0.466403,0.508307,0.092881,-0.083162,-0.520316,0.111484,-0.238847,0.007952,0.225249,-0.186241,0.365295,-0.524875,-0.202297,-0.437572,-0.42825,-0.322786,-0.358823,0.437216,-0.089773,0.195356,-0.358823,-0.327248,-0.758209,-0.468562,0.118082,-0.089773,-0.653592,-0.532519,0.396186,0.572188,-0.187297,-0.327248,0.303234,-0.428242,0.518497,0.498878,0.203773,0.358195,0.05379,0.372115,-0.327248,0.203022,0.048469,0.102353,-0.096106,-0.255396,0.505687,0.303652,0.18724,0.449747,0.64557,-0.678564,0.430145,0.212368,-0.165019,-0.118387,0.057596,0.026829,0.060428,0.31558,-0.96644,0.472727,0.218161,0.036541,0.190454,0.508819,-0.423026,-0.005057,0.518867,-0.263375,0.492154,0.412972,#
2,-0.586825,0.218377,1.0,0.396727,-0.593733,-0.212437,0.180741,-0.033597,0.594398,0.198747,-0.431964,-0.015297,-0.524589,0.480477,-0.002271,-0.024977,-0.499152,0.801029,0.293012,0.162854,0.168038,0.005702,0.179352,0.396898,0.247631,0.19658,0.770199,0.74371,-0.384292,0.646295,-0.322271,0.261072,0.229853,0.486592,0.413469,0.506444,0.364269,-0.438984,0.166808,0.312399,0.003873,0.413469,0.005388,-0.099402,0.0,-0.593942,0.015858,-0.161338,0.555058,-0.024708,-0.422757,-0.072185,0.003873,0.015301,-0.35897,-0.412935,-0.14651,-0.43815,-0.474985,-0.756263,-0.567831,-0.358103,-0.043153,0.539203,-0.146854,-0.164751,0.183453,0.292203,-0.160967,0.5041,-0.095411,0.069937,0.0,0.179669,0.365071,-0.490584,-0.164869,-0.516628,0.174841,-0.021161,0.234016,-0.029708,-0.021161,-0.107679,0.170437,0.211968,-0.669879,-0.164869,0.179669,-0.023711,0.507325,0.183423,-0.021161,-0.009356,-0.029647,0.356673,0.459448,0.6325,-0.020585,-0.40034,-0.381498,0.407504,0.218858,-0.246027,-0.224426,0.207554,-0.404161,0.182926,-0.211985,0.179669,0.434052,0.312399,0.305587,0.401581,0.207554,-0.227108,0.132036,-0.516628,0.211968,-0.053953,-0.248706,-0.227108,-0.516487,-0.06834,-0.463328,-0.516628,-0.007501,0.213219,-0.277827,0.214869,0.832393,-0.404161,-0.235097,-0.285118,0.459448,0.197626,0.003873,0.602854,0.12956,-0.246027,0.15989,-0.337844,-0.23112,-0.598185,-0.432498,-0.196833,-0.021161,-0.210856,-0.029708,0.487962,-0.516628,-0.137922,0.396068,-0.021161,-0.193368,0.01853,0.134688,0.219872,-0.023711,0.487962,0.555564,0.191216,0.312399,0.308953,-0.329806,-0.455023,0.207893,0.023492,0.487962,0.574956,-0.04637,-0.140519,-0.416205,-0.497206,-0.446977,0.459448,0.184269,0.271773,0.250486,-0.631563,0.251252,0.119681,-0.498545,-0.424065,-0.03384,0.625008,-0.271297,0.477625,-0.153298,0.15909,0.327507,-0.263154,-0.225116,0.6281,-0.665304,0.248609,-0.057855,-0.029647,0.539242,-0.404118,#
3,-0.003168,-0.389732,0.396727,1.0,-0.410422,-0.028626,-0.028626,-0.402738,-0.064225,0.374668,-0.169205,0.130091,-0.460283,-0.244013,-0.201059,0.454455,-0.089834,0.102598,-0.081139,0.41407,0.422474,0.224883,-0.012665,0.227317,0.54956,0.426847,0.505447,0.489771,0.364307,0.060251,0.441469,0.406981,0.065625,0.431037,0.001482,-0.138039,-0.343333,0.198406,-0.408315,0.289383,-0.128615,0.001482,-0.501007,-0.268082,0.0,0.098702,0.198767,0.120257,-0.226041,0.060723,-0.24845,0.10336,-0.128615,0.176077,-0.317084,-0.031568,0.150958,0.198862,0.117713,-0.575176,-0.456332,-0.432976,0.112289,-0.022687,0.322812,-0.391754,0.029136,0.604831,-0.405432,-0.449638,0.068371,0.049905,0.0,0.439819,0.170473,-0.442905,-0.140103,0.141091,-0.001461,0.305368,0.33815,0.186504,0.305368,0.157415,0.416836,-0.119095,-0.029606,-0.140103,0.439819,-0.370969,0.393883,-0.086225,0.70942,0.141091,0.590338,0.235833,0.074751,0.345057,-0.423081,-0.131956,-0.270137,0.661558,0.319112,0.368759,0.406082,-0.046961,-0.570189,0.121469,0.012556,0.382833,-0.292986,-0.40728,-0.277426,0.249407,-0.046961,0.043945,0.07346,0.141091,-0.091327,0.576187,-0.093878,0.436316,0.131593,-0.173373,-0.3229,0.141091,-0.156647,-0.112505,-0.146508,0.069424,0.13696,-0.134548,-0.046961,0.000582,0.568061,0.052331,-0.088423,-0.0,0.236857,0.368759,0.029573,-0.134404,0.121469,0.063242,0.170426,-0.122635,0.305368,-0.449172,0.186504,0.434075,0.141091,-0.147988,0.144627,0.305368,0.442919,0.31003,-0.169368,0.143094,-0.370969,0.434075,-0.131013,0.094673,-0.40728,-0.045746,-0.303803,-0.602797,0.112264,-0.30485,0.434075,-0.068291,-0.282094,-0.065958,-0.159287,0.091574,-0.714486,0.074751,-0.022665,0.108518,-0.448311,0.039809,-0.344748,-0.45144,-0.562917,-0.225798,0.156465,0.233339,0.048453,0.590338,0.402044,-0.407662,0.408876,-0.371205,-0.024701,0.014222,-0.379874,0.516709,-0.749106,0.590338,0.27826,-0.479461,#
4,0.587969,0.202698,-0.593733,-0.410422,1.0,0.197191,-0.21196,0.517093,-0.192885,-0.199358,0.014311,0.002045,0.516602,-0.057453,-0.017014,0.013749,-0.01477,-0.393441,-0.306793,-0.160488,-0.168016,-0.009179,0.189635,0.015262,0.213107,0.213074,-0.82973,-0.879858,0.379262,-0.654069,0.320471,-0.269729,0.213974,-0.496381,-0.566787,-0.024992,-0.053896,0.026155,-0.189488,-0.333253,0.003875,-0.566787,0.02408,0.111641,0.0,0.169081,-0.545643,0.01087,-0.43074,0.016229,0.827046,-0.477019,0.003875,-0.550561,0.329845,0.606102,0.006329,0.025506,0.44947,0.456345,0.544979,0.312045,-0.472628,-0.427681,0.148752,0.672031,0.176092,-0.319954,-0.001863,0.005146,-0.427902,0.045686,0.0,-0.179597,-0.377933,0.483666,-0.131752,0.030116,-0.175298,0.01824,-0.253964,0.033191,0.01824,0.109482,0.20382,-0.248982,0.242128,-0.131752,-0.179597,0.015443,-0.49988,0.211829,-0.3869,-0.497763,0.012069,-0.367938,-0.002462,-0.234254,0.480279,0.810521,0.350779,-0.008549,-0.238406,-0.178743,-0.207676,-0.218506,0.417041,-0.206382,0.227601,-0.577699,-0.042109,-0.333253,0.310259,-0.404986,-0.218506,0.227601,-0.145736,0.030116,0.18929,-0.015757,-0.189742,-0.165827,0.498867,0.057633,-0.220391,0.030116,0.488339,-0.356296,0.19084,0.199786,-0.456633,0.417041,0.242128,0.213593,-0.497101,0.20867,0.003875,-0.619605,-0.159554,-0.178743,-0.175298,-0.104877,0.2414,0.465322,0.033191,0.119182,0.01824,0.183564,0.033191,-0.49988,0.030116,0.143492,-0.816649,0.01824,-0.193484,-0.005929,0.221871,-0.086482,0.015443,-0.49988,-0.160727,-0.197766,-0.333253,-0.348365,0.310259,0.032881,-0.214783,-0.053936,-0.49988,-0.217132,0.007716,0.1309,0.429102,0.498867,0.424598,-0.002462,0.194395,-0.30704,0.149812,0.145781,0.148926,-0.16131,0.072929,0.410424,-0.005474,-0.642827,0.252685,-0.51581,-0.247881,0.228443,-0.373549,-0.190229,0.199451,-0.219396,0.237819,-0.267201,0.435664,0.012069,-0.135142,0.444547,#
5,0.615112,0.209367,-0.212437,-0.028626,0.197191,1.0,0.175409,-0.016747,-0.608374,-0.209188,0.407631,0.011615,0.022055,-0.048485,0.407631,-0.02128,0.514995,-0.059083,-0.190563,-0.247703,-0.193087,0.419592,0.196146,0.407846,-0.217527,-0.221757,-0.049602,-0.131891,0.353531,-0.653987,0.350557,0.220542,0.220729,-0.063195,-0.075843,-0.02128,-0.044882,0.003618,0.173948,0.317592,0.00781,0.444178,0.021005,0.118635,0.0,0.265021,-0.04952,0.512773,0.180355,-0.484645,0.39162,-0.461614,0.00781,-0.459957,0.330949,-0.205743,-0.412357,0.003601,-0.025268,0.162983,0.455607,0.31803,-0.500065,-0.069405,-0.115994,0.11329,-0.306859,0.337941,0.545785,0.081579,-0.507351,0.475848,0.0,-0.212199,-0.836296,0.021237,-0.7118,-0.032507,-0.99886,-0.014963,0.638925,-0.426528,-0.014963,0.077635,-0.249981,0.15967,0.187455,-0.7118,-0.212199,-0.545128,-0.499817,-0.277072,-0.014963,-0.032507,-0.050693,-0.401812,-0.563171,-0.266801,-0.080076,0.372667,0.325226,-0.440472,0.174077,-0.236151,0.201967,-0.250932,-0.011611,-0.244316,-0.602391,-0.212199,-0.032888,-0.333211,-0.434444,-0.003188,-0.250932,-0.221188,-0.606638,-0.032507,0.15967,-0.071219,-0.246666,-0.221188,0.439349,-0.40952,-0.319743,-0.032507,-0.040339,0.086863,0.584489,0.640755,-0.048953,-0.011611,-0.250932,-0.242964,-0.563171,0.172342,0.00781,-0.226626,0.415014,-0.236151,-0.621982,-0.363342,-0.654082,0.444178,-0.020398,0.214712,-0.014963,0.192779,-0.426528,-0.011715,-0.032507,-0.154221,-0.008724,-0.014963,-0.211028,-0.813334,-0.592602,-0.077942,-0.545128,-0.011715,0.067189,-0.236432,-0.333211,0.548273,-0.408817,0.409806,0.21473,-0.119718,-0.011715,-0.249981,0.368988,-0.522631,-0.413283,-0.046657,0.385145,-0.563171,0.164235,0.115077,0.131858,0.083459,-0.339651,-0.196638,0.026386,0.367512,0.386365,-0.472187,-0.208116,-0.050693,-0.280573,-0.246229,0.253175,0.207936,0.182986,-0.245263,0.189937,0.167261,-0.008911,-0.050693,-0.168306,-0.003834,#
6,-0.199795,0.209367,0.180741,-0.028626,-0.21196,0.175409,1.0,-0.016747,0.235238,0.209436,0.407631,0.011615,0.022055,-0.354295,0.407631,-0.02128,0.026588,-0.042844,0.308465,-0.667372,-0.611712,-0.002875,-0.29898,-0.027155,-0.217527,0.190784,0.385657,0.318839,-0.33559,-0.194783,-0.459038,0.18519,-0.233911,-0.063195,0.444178,0.496176,-0.47644,0.003618,0.191767,0.317592,-0.499817,-0.075843,0.021005,-0.785447,0.0,0.145156,-0.412766,-0.16227,0.341498,0.031943,-0.028062,-0.016347,-0.499817,-0.027376,0.330949,-0.621063,0.140284,0.003601,-0.480968,0.162983,0.455607,-0.329588,0.012297,0.458949,0.1014,0.07192,0.182489,-0.326091,0.678902,0.001084,0.013743,-0.160616,0.0,-0.613361,0.01547,0.021237,0.158423,-0.475788,-0.168841,-0.423217,-0.234836,-0.402638,-0.423217,-0.757085,0.174207,0.679246,-0.199357,0.158423,-0.613361,-0.457167,-0.499817,0.208639,-0.014963,-0.475788,-0.021141,-0.450883,-0.00609,-0.241014,0.008393,-0.428106,0.325226,-0.440472,0.226522,-0.210547,-0.656741,-0.637744,-0.376799,0.206907,-0.57907,0.212562,-0.401455,0.343624,-0.316864,-0.417664,-0.637744,-0.197867,0.178423,-0.475788,-0.230012,0.368494,0.23573,0.198585,-0.006633,-0.021102,-0.319743,-0.475788,0.495989,0.689115,0.269531,0.189059,0.000189,-0.815024,-0.637744,0.566287,0.492352,0.640728,-0.499817,-0.178915,-0.238156,-0.210547,0.208037,0.156575,-0.202858,-0.075843,0.003492,-0.116595,-0.423217,0.604067,-0.402638,-0.011715,-0.475788,-0.553598,0.015406,-0.423217,-0.592713,-0.443464,-0.291671,0.07863,-0.457167,-0.011715,0.118418,0.22346,0.343624,0.308647,-0.291237,0.013416,-0.228363,0.811218,-0.011715,0.598394,0.815329,-0.116926,-0.389615,-0.492638,0.411401,-0.00609,0.18809,0.592844,-0.298835,-0.357585,0.59422,0.224151,0.401565,0.420275,0.412926,-0.235791,-0.647322,-0.021141,-0.280573,0.661044,-0.339492,0.236094,0.208984,0.233748,0.245052,0.167261,0.018029,-0.021141,-0.14204,-0.003834,#
7,-0.001067,0.330167,-0.033597,-0.402738,0.517093,-0.016747,-0.016747,1.0,0.011293,-0.468391,-0.103903,-0.376837,-0.18747,0.096238,-0.103903,0.244104,-0.388661,0.067818,-0.419226,-0.027507,0.014685,-0.128703,-0.240884,0.37869,0.308084,0.478067,-0.463162,-0.538333,-0.146956,-0.222408,-0.267663,-0.430206,0.308907,0.217782,-0.315039,0.244104,0.073752,0.093526,0.330196,0.146211,-0.365528,-0.315039,-0.223752,0.090204,0.0,-0.025071,-0.263501,-0.32861,-0.096695,-0.217465,0.617574,-0.337627,-0.365528,-0.289779,-0.161298,-0.055326,0.238762,0.09376,-0.288031,0.399585,0.356084,0.116894,-0.254813,-0.112185,-0.504721,0.582879,0.306793,-0.252463,-0.170408,0.469977,-0.282313,-0.230136,0.0,-0.003399,0.115284,-0.224593,0.09051,-0.233366,0.02767,0.398304,-0.36924,0.110096,0.398304,0.30235,0.478531,0.202655,0.227777,0.09051,-0.003399,0.398323,-0.389896,0.75533,-0.111248,-0.233366,-0.256064,0.093636,0.375804,0.207971,0.394257,0.416844,0.656527,-0.11804,-0.358759,-0.310356,-0.329152,0.227777,0.417232,0.330329,0.02183,-0.504099,0.094952,0.178702,0.667923,-0.119381,0.227777,0.49762,0.495066,-0.233366,0.223856,0.076811,-0.280325,0.002799,0.365384,0.614151,-0.190597,-0.233366,0.24459,-0.417402,0.202222,0.308672,0.0749,-0.079473,0.227777,-0.005886,-0.246313,0.309166,0.243685,-0.009734,-0.100337,-0.310356,0.498061,0.191556,0.330329,0.334012,-0.377308,-0.347907,0.398304,0.003949,0.110096,0.219317,-0.233366,0.178939,-0.407162,0.398304,-0.496431,-0.107125,0.30096,-0.395673,0.398323,0.219317,-0.060251,0.309078,0.178702,-0.384719,-0.131703,-0.067234,0.308423,-0.034376,0.219317,-0.002263,0.109023,-0.26487,-0.064763,-0.241211,0.129189,0.375804,0.478108,-0.184914,0.057201,-0.283002,0.373352,0.030931,-0.089409,-0.086117,0.103281,0.010087,-0.190459,-0.256064,-0.25023,0.32597,-0.175447,-0.190593,0.011232,-0.2242,-0.179254,-0.231958,0.132556,-0.256064,0.418622,-0.207107,#
8,-0.604872,0.229885,0.594398,-0.064225,-0.192885,-0.608374,0.235238,0.011293,1.0,0.191332,-0.38721,-0.022679,-0.007392,0.452583,0.008548,-0.499241,-0.498934,0.44727,0.650096,-0.199749,-0.252787,-0.031968,0.141249,-0.024029,0.206195,0.203561,0.420878,0.426365,-0.402047,0.637258,-0.378682,0.221873,0.189216,0.030807,0.440755,0.519603,0.340304,-0.412387,-0.156363,-0.332907,-0.019974,-0.091261,0.493158,-0.131835,0.0,-0.670087,-0.474854,-0.659487,0.499861,0.471432,-0.396334,-0.048978,-0.019974,-0.04178,-0.301993,0.074766,0.010873,-0.412213,-0.020173,-0.410907,-0.411431,-0.330259,0.000807,0.562131,0.301729,-0.117206,0.64582,-0.397158,-0.103887,0.4272,0.002929,0.025448,0.0,-0.240492,0.409173,0.011301,0.165503,-0.498274,0.591512,-0.429483,-0.256818,-0.015041,-0.429483,-0.548414,0.186385,0.262203,-0.633175,0.165503,-0.240492,0.03115,0.459412,0.232866,-0.429483,-0.498274,-0.033141,-0.054547,0.492632,0.186705,0.036552,-0.418484,-0.321643,0.350619,0.21565,-0.230213,-0.687555,-0.219176,0.024907,-0.191853,0.180316,0.194065,0.407525,0.35954,0.350082,-0.032618,-0.219176,-0.194081,0.190495,-0.498274,-0.216202,-0.035085,-0.180825,-0.194081,-0.496046,-0.008597,-0.333675,-0.498274,0.519389,0.259195,-0.559242,-0.23524,0.407525,-0.423426,-0.219176,0.176584,0.492632,0.236011,-0.019974,0.207917,-0.425615,-0.230213,0.221363,-0.070069,0.210595,-0.582353,-0.398577,-0.200436,-0.429483,0.221177,-0.015041,-0.019974,-0.498274,-0.121529,-0.003323,-0.429483,-0.231384,0.357541,0.565418,0.20903,0.03115,-0.019974,0.328575,0.227207,0.35954,-0.12991,0.350082,-0.398254,-0.235374,0.482779,-0.019974,0.620357,0.021179,0.50659,0.000931,-0.018719,0.021179,0.492632,0.200407,0.306667,0.263811,-0.602201,0.763066,0.18679,-0.007909,0.018685,-0.400294,0.190172,-0.259809,-0.033141,-0.143414,0.664355,-0.355252,-0.202761,-0.187207,0.650272,-0.1838,0.207108,0.403345,-0.033141,0.095086,0.065576,#
9,0.202977,0.222961,0.198747,0.374668,-0.199358,-0.209188,0.209436,-0.468391,0.191332,1.0,-0.407101,0.808524,0.478757,0.041533,0.410495,0.025959,0.014378,0.038555,0.37236,-0.173344,-0.211016,-0.006472,0.135052,-0.406658,0.233611,-0.177087,0.440682,0.448214,-0.370965,0.227618,-0.214175,-0.132672,-0.227122,-0.496063,-0.066285,0.51172,-0.060132,-0.386845,-0.160334,-0.33304,-0.023789,-0.066285,-0.005884,-0.552437,0.0,-0.133207,0.085428,0.380598,-0.282971,0.490843,-0.403052,0.173885,-0.023789,0.081855,0.354428,-0.105586,-0.119779,-0.387293,0.002818,-0.118206,0.08877,-0.280828,0.02417,-0.093326,0.33017,-0.131024,-0.301326,0.336698,-0.140187,-0.510974,0.077329,-0.507366,0.0,-0.191312,0.019403,0.501883,0.163123,-0.490708,0.21177,-0.376445,-0.249401,-0.405273,-0.376445,-0.494295,-0.198416,-0.209397,-0.623364,0.163123,-0.191312,-0.452048,-0.023789,-0.188282,0.022133,0.049394,-0.029082,-0.006324,0.005954,0.233636,0.020499,0.035572,-0.291562,0.398555,-0.259901,-0.223577,-0.201612,-0.169184,-0.814604,0.262555,-0.20054,-0.230938,0.003262,0.354185,-0.300606,-0.427312,-0.169184,-0.572113,-0.197884,-0.490708,0.248152,-0.028238,0.22983,-0.185058,-0.488357,-0.404998,-0.235831,-0.490708,-0.033046,0.227106,0.295193,-0.238654,0.003262,0.018254,-0.640484,0.574405,0.492581,-0.246527,-0.49956,-0.181661,0.419344,-0.223577,-0.155586,-0.063754,-0.195595,-0.553672,-0.00877,0.694777,-0.376445,0.195523,-0.405273,-0.49956,-0.490708,-0.772752,0.003015,-0.376445,0.214267,0.030622,-0.02037,0.866325,-0.452048,-0.49956,0.318494,-0.653732,0.354185,0.301324,0.34989,0.010733,-0.654077,0.386107,-0.49956,0.177065,-0.005332,0.532554,-0.005546,-0.01463,-0.005332,0.005954,-0.625101,0.596346,0.118632,-0.372489,0.141091,-0.224716,-0.031187,-0.004739,0.412211,0.0279,0.210853,0.511019,-0.292614,0.220778,0.372169,0.233121,0.608147,0.66875,-0.205121,0.163314,-0.021252,-0.029082,0.144426,0.505567,#
10,0.025966,-0.534268,-0.431964,-0.169205,0.014311,0.407631,0.407631,-0.103903,-0.38721,-0.407101,1.0,-0.570265,-0.064443,-0.535268,0.18284,0.077447,0.125963,-0.659532,0.029912,-0.480378,-0.422812,0.191149,-0.025792,0.16737,-0.534274,-0.010885,-0.216133,-0.214769,0.304455,-0.534048,0.134042,0.018903,-0.534265,0.034242,0.473082,-0.408054,-0.547503,0.246222,0.305195,0.388339,-0.408152,-0.054639,-0.079753,-0.191658,0.0,0.777229,-0.032924,-0.004528,0.072959,-0.581004,0.246213,0.347979,-0.408152,0.343668,0.275358,-0.128954,0.444344,0.672109,-0.018972,0.313074,0.358039,-0.269758,-0.111509,0.358668,-0.10537,-0.022283,-0.030636,-0.235542,0.686358,-0.143031,-0.122614,0.244492,0.0,-0.424418,-0.174076,-0.070657,-0.116616,0.392057,-0.394518,-0.267795,0.080506,-0.166163,-0.267795,-0.125581,0.006623,0.532644,0.518354,-0.116616,-0.424418,-0.12863,-0.408152,-0.352516,0.146505,-0.147757,-0.087777,-0.589235,-0.604697,-0.816281,-0.117518,-0.283053,0.281234,-0.665551,0.548182,0.088644,0.058196,-0.397572,0.174465,-0.118292,-0.38967,0.413734,-0.598728,-0.272101,-0.42405,-0.262074,-0.397572,-0.002822,0.016249,0.392057,-0.390078,0.280988,0.077692,0.3995,0.406398,-0.14933,0.259045,0.392057,0.136998,0.528897,0.078368,-0.093336,-0.191137,-0.270249,0.073475,0.062598,-0.098876,0.373453,-0.408152,-0.032123,-0.370171,0.088644,-0.012059,0.392769,-0.07622,0.473082,0.245981,-0.30744,-0.267795,0.436429,-0.166163,0.087178,0.392057,0.161493,-0.182619,-0.267795,-0.016294,-0.288824,-0.731558,-0.621679,-0.12863,0.087178,-0.141766,0.356409,-0.272101,-0.027643,-0.398044,0.183802,-0.102037,0.146832,0.087178,0.006623,0.69162,-0.395244,-0.23372,-0.086804,0.28171,-0.604697,0.016294,-0.126805,-0.479769,0.484643,-0.106047,0.040136,0.653838,0.611843,0.279084,-0.493532,-0.511195,-0.627591,0.426555,-0.034637,-0.4517,0.37697,0.034501,-0.510643,0.805309,-0.094074,-0.121026,-0.087777,-0.746962,-0.16134,#
11,0.414779,0.542971,-0.015297,0.130091,0.002045,0.011615,0.011615,-0.376837,-0.022679,0.808524,-0.570265,1.0,0.598396,0.094868,0.254176,-0.081742,0.427415,0.208716,0.072288,0.040362,0.000127,-0.166107,-0.003524,-0.586171,0.094267,-0.394373,0.212981,0.212849,-0.286711,0.088283,-0.117753,-0.021299,0.095163,-0.607405,-0.468779,0.408085,0.120591,-0.207939,-0.30188,-0.407791,0.387802,0.063645,0.103454,-0.254797,0.0,-0.330479,0.058171,0.529572,-0.253189,0.613253,-0.241034,-0.222763,0.387802,-0.323036,0.424286,-0.06223,-0.574526,-0.638307,0.042918,0.041721,0.203916,0.335816,0.137683,-0.502385,0.338071,0.018246,-0.443287,0.251866,-0.106064,-0.40106,0.204615,-0.3694,0.0,0.002044,-0.244574,0.607287,0.133646,-0.391128,-0.002179,-0.137786,-0.102285,-0.257015,-0.137786,-0.310973,-0.415559,-0.522454,-0.491493,0.133646,0.002044,-0.375704,-0.131932,-0.073789,-0.137786,0.153496,0.074362,0.157196,0.086133,0.355418,0.104398,0.295824,-0.212831,0.225872,-0.573512,-0.092055,-0.062199,-0.050774,-0.573693,0.123492,-0.01203,-0.432847,0.167102,0.285187,-0.262685,-0.182802,-0.050774,-0.386714,-0.41454,-0.391128,0.373708,-0.274449,0.361328,-0.386714,-0.384964,-0.249125,-0.143995,-0.391128,-0.141035,-0.07263,0.426343,0.080566,-0.260571,0.266138,-0.526019,0.381829,0.086133,-0.389692,-0.091953,-0.398773,0.534999,-0.092055,-0.372611,-0.359212,-0.338493,-0.427823,0.1588,0.818339,-0.137786,-0.002375,-0.257015,-0.611687,-0.391128,-0.632856,0.174934,-0.137786,0.01644,-0.144776,0.204023,0.952938,-0.375704,-0.611687,0.114182,-0.800463,0.285187,0.468037,0.419494,0.274933,-0.347225,0.230859,-0.611687,-0.036934,-0.259614,0.436257,0.230211,0.092729,0.170491,0.086133,-0.430713,0.442362,0.325523,-0.247433,-0.033442,-0.026823,-0.194069,-0.173283,0.161286,0.02441,0.53466,0.618986,-0.597602,0.070003,0.446701,0.103122,0.408485,0.516372,-0.338906,0.041,0.143109,0.074362,0.290028,0.643138,#
12,0.516241,0.329854,-0.524589,-0.460283,0.516602,0.022055,0.022055,-0.18747,-0.007392,0.478757,-0.064443,0.598396,1.0,0.056221,0.417917,-0.352685,0.26757,-0.361353,0.265827,-0.454018,-0.505784,-0.088837,0.285408,-0.584547,-0.216624,-0.472074,-0.363761,-0.343273,-0.144274,-0.22377,-0.078281,-0.321288,-0.215526,-0.991174,-0.264861,0.243873,0.073682,-0.349584,-0.118792,-0.665441,0.219108,-0.264861,0.407792,-0.155583,0.0,0.016014,-0.261315,0.32931,-0.294962,0.380204,0.133152,-0.069403,0.219108,-0.241411,0.702259,0.35405,-0.251791,-0.350684,0.350591,0.428241,0.538342,0.24102,-0.205426,-0.287506,0.327947,0.295627,-0.256748,-0.249676,0.241538,-0.29774,-0.103536,-0.234841,0.0,-0.503621,-0.386374,0.998381,0.090424,-0.233145,0.008846,-0.581052,-0.36889,-0.396428,-0.581052,-0.467046,-0.482598,-0.305874,-0.277031,0.090424,-0.503621,-0.223581,-0.413872,-0.287501,-0.581052,-0.233145,-0.255821,-0.426551,-0.246079,-0.338869,0.36984,0.416448,-0.06881,-0.137778,-0.358419,-0.310061,-0.32884,-0.319081,-0.079397,-0.180937,0.002796,-0.503621,0.074829,0.178533,-0.163533,-0.636094,-0.319081,-0.453528,-0.4752,-0.233145,0.202463,-0.401264,0.237442,-0.453528,-0.216741,-0.376058,0.044666,-0.233145,0.244358,0.169691,0.322872,-0.233196,-0.44603,0.396987,-0.319081,0.513952,-0.246079,-0.221514,-0.365181,-0.515409,0.065157,-0.310061,-0.442301,-0.067948,-0.180937,-0.214981,0.109992,0.748776,-0.581052,0.516798,-0.396428,-0.998161,-0.233145,-0.38563,-0.406775,-0.581052,-0.009725,-0.127127,0.073365,0.563715,-0.223581,-0.998161,0.164613,-0.732752,0.178533,0.158338,0.667289,0.460055,-0.754389,0.412126,-0.998161,-0.021474,0.129066,0.57853,0.398424,0.365038,0.652888,-0.246079,-0.494816,0.196195,0.38213,-0.000705,0.199445,0.013244,0.445334,0.4403,0.123564,-0.546715,0.351768,-0.255821,-0.446557,0.361014,-0.17528,0.371371,0.529908,0.330237,0.370723,-0.280017,0.631145,-0.255821,-0.380433,0.985254,#
13,-0.051163,0.469534,0.480477,-0.244013,-0.057453,-0.048485,-0.354295,0.096238,0.452583,0.041533,-0.535268,0.094868,0.056221,1.0,0.327447,-0.602287,-0.239651,0.605699,0.459005,-0.038577,-0.096469,0.306123,0.575513,0.327754,0.129906,-0.371407,0.275014,0.275181,-0.357797,0.580918,-0.185099,-0.082161,0.449337,-0.023688,0.171085,0.464673,0.963992,-0.748285,0.229394,-0.401621,0.276114,0.556798,0.616168,0.571966,0.0,-0.730169,0.045404,-0.039986,0.495579,0.026527,-0.298384,-0.234355,0.276114,-0.231405,-0.268739,0.116547,-0.460009,-0.609673,0.029106,-0.324291,-0.347935,0.099914,-0.465497,0.297772,-0.216461,-0.129389,0.068721,0.260932,-0.223255,0.654436,-0.465037,0.244332,0.0,-0.096656,-0.205717,0.085056,-0.470953,-0.508776,0.032112,-0.259865,0.294805,-0.353018,-0.259865,0.009798,-0.401446,-0.004924,-0.617384,-0.470953,-0.096656,0.043253,0.422539,-0.151058,-0.562677,0.061131,-0.52826,0.075422,0.023922,0.296472,0.030623,0.150138,-0.278145,0.254617,-0.054244,-0.636634,-0.170061,0.313474,0.16834,-0.304934,-0.109359,-0.394208,0.980711,0.323528,0.33173,0.160545,0.313474,-0.501436,-0.400944,-0.508776,0.304453,-0.683901,-0.601364,-0.795495,-0.504034,-0.34792,-0.284394,-0.508776,-0.110011,-0.105472,-0.087605,-0.015328,0.670885,0.151285,-0.183834,-0.445432,-0.345784,-0.358565,0.297032,0.484622,0.35851,-0.636634,-0.355517,-0.340859,-0.349352,-0.514627,-0.771402,0.301029,-0.259865,0.072763,-0.353018,-0.079488,-0.508776,-0.063415,0.123097,-0.259865,0.024575,-0.133919,0.289137,0.263788,0.043253,-0.079488,0.630765,-0.340903,0.323528,0.251465,0.33173,0.184683,-0.003652,-0.081837,-0.079488,0.036513,-0.205345,0.255003,-0.286737,-0.004166,0.106243,0.023922,-0.091419,0.197611,0.88998,-0.608953,0.175815,-0.114007,-0.169176,-0.145019,-0.191977,0.211925,-0.041506,0.041647,-0.361129,0.096503,0.357864,0.129955,0.058921,0.563783,-0.332042,0.133452,0.508649,-0.52826,0.218852,0.180218,#
14,0.41632,0.342144,-0.002271,-0.201059,-0.017014,0.407631,0.407631,-0.103903,0.008548,0.410495,0.18284,0.254176,0.417917,0.327447,1.0,-0.408054,0.125963,-0.13538,0.608675,-0.81113,-0.815585,0.587528,0.327267,0.183695,-0.09107,-0.413433,0.304852,0.260228,-0.394871,-0.068044,-0.295097,-0.254302,-0.107699,-0.405295,0.3513,0.602565,0.19364,-0.573206,0.428302,-0.272101,-0.408152,0.3513,0.435519,-0.191658,0.0,0.063427,0.007246,0.257301,0.208184,-0.096317,-0.179683,0.056482,-0.408152,-0.01627,0.324719,-0.271605,-0.105694,-0.147551,-0.076037,0.313074,0.486877,-0.24347,-0.591462,0.358668,-0.124654,-0.169222,-0.183434,0.276596,0.39886,-0.000864,-0.558447,-0.092877,0.0,-0.815863,-0.566556,0.43631,-0.399664,-0.637972,-0.394518,-0.66616,0.054669,-0.998841,-0.66616,-0.545172,-0.446841,0.507295,-0.380462,-0.399664,-0.815863,-0.614997,-0.408152,-0.37746,-0.25186,-0.098158,-0.656427,-0.622752,-0.633307,-0.370396,-0.146294,0.107634,0.281234,-0.285453,0.043601,-0.803789,-0.373453,-0.354292,-0.270249,-0.07622,-0.815658,-0.408761,0.233718,0.414757,-0.462294,-0.66651,-0.354292,-0.815658,-0.450806,-0.637972,0.059115,-0.236747,-0.34347,-0.413336,-0.165716,-0.625934,-0.314911,-0.637972,0.057916,0.41871,0.634634,-0.119263,0.233718,-0.270249,-0.82534,0.322942,-0.127486,-0.12726,-0.408152,0.007914,0.473167,-0.803789,-0.394518,0.164474,-0.534125,-0.176421,-0.586698,0.600978,-0.66616,0.811,-0.998841,-0.408152,-0.637972,-0.76652,-0.142121,-0.66616,-0.016294,-0.664171,-0.465323,0.313327,-0.614997,-0.408152,0.501081,-0.534114,0.414757,0.432726,0.213861,0.586061,-0.534397,0.54559,-0.408152,-0.016373,0.639356,0.23816,-0.666057,-0.165716,0.639356,-0.633307,-0.442737,0.76479,0.377561,-0.540188,0.291486,-0.397149,0.545057,0.569625,0.657485,-0.449449,-0.511195,-0.116614,-0.367934,0.351573,0.231479,0.805596,0.810768,0.383274,0.357855,0.298837,0.245942,-0.656427,-0.292798,0.419825,#
15,0.00236,-0.327169,-0.024977,0.454455,0.013749,-0.02128,-0.02128,0.244104,-0.499241,0.025959,0.077447,-0.081742,-0.352685,-0.602287,-0.408054,1.0,-0.249726,-0.196119,-0.745894,0.439054,0.51172,-0.40802,-0.323485,0.076805,0.22177,0.496018,-0.206605,-0.224885,0.170291,-0.327035,0.067445,-0.300513,-0.327167,0.295406,-0.375629,-0.24988,-0.60346,0.401478,0.126963,0.650171,-0.24994,-0.375629,-0.996799,-0.392773,0.0,0.540008,0.293604,0.312107,-0.631102,-0.349494,0.401745,0.201748,-0.24994,0.247349,0.122693,-0.227246,0.445503,0.401745,-0.347558,0.007306,0.127382,-0.197073,0.23763,-0.367461,-0.318825,0.37224,-0.32286,0.26874,-0.248251,-0.368843,0.203388,-0.455198,0.0,0.517608,0.408305,-0.371095,0.29265,0.277173,0.021369,0.627264,-0.219452,0.418152,0.627264,0.505008,0.51691,-0.228109,0.349789,0.29265,0.517608,0.267779,-0.24994,0.340461,0.627264,0.277173,0.277173,0.447568,0.267779,0.349789,0.276588,0.158725,0.15618,0.142436,-0.223793,0.341002,0.359369,0.349789,-0.407563,0.753511,0.027355,-0.015492,-0.610954,-0.166627,0.203571,0.092034,0.349789,0.505788,0.527675,0.277173,0.35878,0.44562,0.331887,0.505788,0.286181,0.436864,0.098904,0.277173,-0.249401,-0.196233,0.195745,0.218041,-0.106867,0.142436,0.349789,0.058951,0.267779,0.20713,-0.24994,-0.009788,0.099633,0.341002,0.494373,0.146442,0.239231,0.277028,0.418152,-0.234692,0.627264,-0.499515,0.418152,0.362658,0.277173,0.14626,-0.116829,0.627264,0.039728,0.150332,-0.256391,-0.16811,0.267779,0.362658,-0.201047,0.197084,-0.166627,-0.187902,-0.600497,-0.396209,0.207471,-0.3996,0.362658,-0.015471,-0.087069,-0.53634,0.126818,-0.323784,-0.594024,0.267779,-0.009788,-0.374189,-0.578938,0.333683,-0.372891,0.003428,-0.382002,-0.395539,0.418495,0.299482,0.220351,0.277173,0.244451,-0.320391,0.214949,-0.311264,0.01004,-0.330942,-0.311413,-0.325713,-0.609506,0.277173,0.408015,-0.402833,#
16,0.503733,0.20461,-0.499152,-0.089834,-0.01477,0.514995,0.026588,-0.388661,-0.498934,0.014378,0.125963,0.427415,0.26757,-0.239651,0.125963,-0.249726,1.0,-0.10713,-0.131547,0.000735,-0.003228,0.131185,-0.323285,-0.407518,-0.326972,-0.499374,-0.019831,-0.019386,0.202152,-0.326833,0.258206,0.364983,0.211604,-0.248038,-0.314075,-0.249726,-0.091863,0.421487,-0.324433,-0.166524,0.351551,0.301944,0.230813,0.153459,0.0,0.053208,0.126516,0.337356,0.010768,0.273749,-0.114434,-0.273876,0.351551,-0.309612,0.184159,-0.094424,-0.55898,-0.076191,0.205202,0.372355,0.286948,0.665196,0.262201,-0.48738,0.292823,-0.289142,-0.322661,0.048891,0.291933,-0.355563,0.293044,0.207479,0.0,-0.024083,-0.611225,0.256134,-0.071367,0.239936,-0.499185,0.075935,0.345262,-0.130181,0.075935,-0.075601,-0.498629,-0.197194,0.317228,-0.071367,-0.024083,-0.405036,-0.249786,-0.246223,0.113136,0.239936,0.239936,-0.115588,-0.405036,-0.242034,-0.400123,0.097596,0.187834,-0.407312,-0.192592,0.308676,0.326509,-0.242034,0.082971,-0.32688,-0.029538,0.012472,-0.115757,-0.166524,-0.695716,0.083091,-0.242034,-0.029538,-0.49751,0.239936,-0.237438,-0.077242,0.299837,0.006588,0.248713,-0.120339,0.217077,0.239936,-0.249247,-0.140628,0.391038,0.208222,-0.610578,0.082971,-0.242034,0.037094,-0.359616,-0.326509,0.351551,-0.498882,0.290453,0.308676,-0.499185,-0.158948,-0.32688,0.301944,0.38793,0.370579,0.075935,0.025485,-0.130181,-0.249786,0.239936,-0.197491,0.397764,0.075935,0.018477,-0.406467,-0.104203,0.210137,-0.405036,-0.249786,-0.478954,-0.326874,-0.166524,0.379939,0.154286,0.611157,0.197843,0.057423,-0.249786,-0.498629,-0.090675,0.023167,0.069015,0.248713,0.40696,-0.405036,-0.018477,0.198087,-0.033752,0.296598,-0.372035,-0.005033,0.131622,0.110101,-0.085197,-0.288653,0.224923,0.239936,-0.211302,-0.319586,0.165258,0.228361,0.018952,-0.330096,0.216713,0.224871,-0.097948,0.239936,-0.194829,0.234745,#
17,-0.39588,0.582959,0.801029,0.102598,-0.393441,-0.059083,-0.042844,0.067818,0.44727,0.038555,-0.659532,0.208716,-0.361353,0.605699,-0.13538,-0.196119,-0.10713,1.0,0.049136,0.361724,0.354991,-0.160246,0.051902,0.180024,0.117405,-0.059533,0.551743,0.523473,-0.371416,0.583139,-0.28286,0.333187,0.565282,0.34012,0.014582,0.452124,0.617738,-0.311958,0.031723,0.154612,0.431848,0.547091,0.18098,0.224815,0.0,-0.859478,-0.008107,-0.044865,0.59912,0.157446,-0.311385,-0.45596,0.431848,-0.383184,-0.308621,-0.350377,-0.617066,-0.741145,-0.42656,-0.584147,-0.470242,0.266084,0.075391,0.137501,-0.141975,-0.031284,0.05674,0.185373,-0.165675,0.640086,0.041633,0.170943,0.0,0.34927,0.122074,-0.340655,-0.162232,-0.464867,0.029421,0.181789,0.33433,0.096161,0.181789,0.046026,-0.085576,-0.110299,-0.59212,-0.162232,0.34927,0.082451,0.431848,0.305875,-0.236269,0.100795,0.019321,0.534185,0.562838,0.772905,0.070384,-0.143106,-0.319557,0.255442,-0.141077,-0.157517,-0.128927,0.350397,-0.143446,0.036925,0.003306,-0.061527,0.67045,0.314556,0.376957,0.623584,0.350397,-0.074765,-0.082453,-0.464867,0.341947,-0.358101,-0.127395,-0.480737,-0.480346,0.091405,-0.355994,-0.464867,-0.118291,-0.100068,-0.161262,0.476148,0.588192,-0.143446,-0.143206,-0.461089,0.052427,-0.002255,0.431848,0.408702,0.251078,-0.157517,-0.047764,-0.614925,-0.358985,-0.538408,-0.319721,-0.033927,0.181789,-0.384233,0.096161,0.331883,-0.464867,-0.020344,0.573449,0.181789,-0.383335,-0.130524,0.426087,0.349382,0.082451,0.331883,0.381137,0.008654,0.314556,0.462029,-0.174122,-0.161531,0.478165,-0.096457,0.331883,0.365505,-0.32718,-0.156166,-0.167792,-0.38081,-0.244455,0.562838,0.342934,0.149124,0.522005,-0.562576,0.128273,0.323585,-0.640245,-0.609082,-0.315092,0.644909,0.066655,0.584982,-0.490552,0.052259,0.403667,-0.363755,-0.40343,0.532962,-0.812073,0.120982,0.162973,0.019321,0.697876,-0.214455,#
18,-0.181255,0.051479,0.293012,-0.081139,-0.306793,-0.190563,0.308465,-0.419226,0.650096,0.37236,0.029912,0.072288,0.265827,0.459005,0.608675,-0.745894,-0.131547,0.049136,1.0,-0.630055,-0.691128,0.483946,0.404188,0.012295,-0.069083,-0.293889,0.537972,0.560355,-0.343717,0.464352,-0.238203,0.146704,-0.088438,-0.234588,0.719331,0.439622,0.323106,-0.589528,0.033893,-0.497382,-0.175547,0.24727,0.744882,-0.08889,0.0,-0.304226,-0.180575,-0.294539,0.503856,0.263674,-0.611236,0.239721,-0.175547,0.192093,-0.070747,0.039497,-0.011946,-0.208629,0.185496,-0.183183,-0.181605,-0.456875,-0.276408,0.702749,0.303278,-0.501623,0.302914,-0.067742,0.21387,0.118306,-0.250998,0.151764,0.0,-0.676306,-0.106368,0.30116,-0.188088,-0.456052,0.184381,-0.847091,0.024036,-0.610325,-0.847091,-0.733681,-0.316814,0.479519,-0.568509,-0.188088,-0.676306,-0.416984,0.285263,-0.444231,-0.370602,-0.295092,-0.353855,-0.528176,-0.315589,-0.357826,-0.322514,-0.422955,-0.261739,0.062092,0.433007,-0.465966,-0.482555,-0.447004,-0.089454,-0.430198,-0.304443,0.177492,0.359005,0.321836,-0.313432,-0.37625,-0.447004,-0.750019,-0.298226,-0.456052,-0.364973,-0.167901,-0.319375,-0.287306,-0.470397,-0.607598,-0.211888,-0.456052,0.278208,0.549962,-0.190606,-0.498478,0.359005,-0.397809,-0.587459,0.240632,0.26616,-0.082113,-0.285263,0.200053,-0.081316,-0.465966,-0.25614,0.126981,-0.179881,-0.49454,-0.50499,0.236303,-0.847091,0.664931,-0.610325,-0.285263,-0.456052,-0.450015,0.011474,-0.847091,0.153649,-0.026647,-0.042277,0.25719,-0.416984,-0.285263,0.449542,-0.164561,0.321836,0.146169,0.464218,0.131367,-0.574611,0.597437,-0.285263,0.283197,0.356373,0.607968,-0.378552,0.097678,0.356373,-0.315589,-0.303173,0.627321,0.321465,-0.494423,0.504609,-0.19099,0.484223,0.480106,-0.005741,-0.219137,-0.480971,-0.192896,-0.015458,0.460823,-0.148593,0.471056,0.300061,0.578484,0.340697,0.427693,0.348194,-0.353855,-0.446221,0.302972,#
19,-0.178947,-0.193584,0.162854,0.41407,-0.160488,-0.247703,-0.667372,-0.027507,-0.199749,-0.173344,-0.480378,0.040362,-0.454018,-0.038577,-0.81113,0.439054,0.000735,0.361724,-0.630055,1.0,0.993416,-0.397579,-0.17781,-0.071723,0.240055,0.15537,-0.074787,-0.031056,0.299359,0.234671,0.339955,0.166772,0.257399,0.444648,-0.496339,-0.496711,0.100695,0.380051,-0.337652,0.22523,0.536577,0.032981,-0.467066,0.392112,0.0,-0.206812,0.389492,0.116859,-0.262858,0.059116,-0.030333,-0.078047,0.536577,0.002309,-0.398512,0.167066,-0.162267,-0.046763,0.040141,-0.432522,-0.600252,0.33467,0.483814,-0.517913,-0.045649,-0.027533,-0.163606,0.278681,-0.645355,-0.051603,0.445896,0.045413,0.0,0.994048,0.36727,-0.458087,0.153307,0.507319,0.227463,0.795852,0.228566,0.795919,0.795852,0.760522,0.177137,-0.70024,0.210998,0.153307,0.994048,0.488988,0.536577,0.196657,0.380298,0.507319,0.507319,0.853438,0.488988,0.657224,-0.004041,0.083273,-0.371545,0.478467,-0.240222,0.640027,0.675921,0.657224,0.032406,0.159476,0.645026,0.153357,0.061083,-0.33122,0.346773,0.795094,0.657224,0.567422,0.190461,0.507319,0.225277,0.004304,0.182891,0.163881,0.010476,0.412471,0.251386,0.507319,-0.495759,-0.623336,-0.368371,0.180997,-0.020682,0.478467,0.657224,-0.534747,-0.018366,-0.285751,0.536577,0.166705,0.11149,0.640027,0.150739,-0.319055,0.242895,0.032981,0.382528,-0.235088,0.795852,-0.992936,0.795919,0.437211,0.507319,0.565999,0.373618,0.795852,0.270369,0.496669,0.364236,-0.032837,0.488988,0.437211,-0.31989,0.149037,-0.33122,-0.165735,-0.201005,-0.396236,0.61581,-0.794324,0.437211,-0.254635,-0.87421,-0.247775,0.441985,0.109415,-0.79198,0.488988,0.166705,-0.605549,-0.111847,0.38044,-0.606102,0.134363,-0.798922,-0.825216,-0.465855,0.652975,0.670016,0.507319,0.249299,-0.678748,0.36892,-0.660318,-0.594396,-0.24496,-0.659728,-0.149758,-0.401301,0.507319,0.558371,-0.412803,#
20,-0.186429,-0.198292,0.168038,0.422474,-0.168016,-0.193087,-0.611712,0.014685,-0.252787,-0.211016,-0.422812,0.000127,-0.505784,-0.096469,-0.815585,0.51172,-0.003228,0.354991,-0.691128,0.993416,1.0,-0.418926,-0.218195,-0.03097,0.217187,0.193455,-0.079952,-0.044638,0.302858,0.177663,0.322282,0.159317,0.234497,0.488189,-0.492749,-0.49944,0.040987,0.416623,-0.283507,0.327753,0.49163,0.035254,-0.539817,0.348215,0.0,-0.149925,0.394356,0.139223,-0.260946,-0.013501,0.023071,-0.084572,0.49163,0.003532,-0.372828,0.093097,-0.135967,-0.009077,-0.03574,-0.413718,-0.552836,0.326149,0.484371,-0.510753,-0.102802,0.015994,-0.186666,0.283797,-0.595923,-0.040237,0.440717,0.034637,0.0,0.999317,0.372362,-0.511869,0.151794,0.509865,0.173054,0.835231,0.233478,0.800097,0.835231,0.781942,0.215717,-0.658831,0.249748,0.151794,0.999317,0.491436,0.471806,0.235003,0.420711,0.509865,0.509865,0.857927,0.491436,0.660625,0.019347,0.076616,-0.317264,0.422324,-0.2343,0.643335,0.679423,0.660625,0.009698,0.22046,0.589052,0.160716,0.002303,-0.33304,0.34836,0.802829,0.660625,0.604534,0.229472,0.509865,0.247138,0.043311,0.204051,0.201997,0.053875,0.450124,0.242721,0.509865,-0.498483,-0.599737,-0.322868,0.245917,-0.014009,0.438487,0.660625,-0.541269,-0.014656,-0.221122,0.511454,0.174208,0.112233,0.643335,0.18836,-0.310444,0.22046,0.07587,0.403594,-0.278818,0.835231,-0.99839,0.800097,0.49163,0.509865,0.570622,0.379002,0.835231,0.214267,0.439872,0.303787,-0.078789,0.491436,0.49163,-0.324696,0.194363,-0.33304,-0.141616,-0.302136,-0.402062,0.660999,-0.798688,0.49163,-0.230626,-0.816361,-0.347291,0.40299,0.034136,-0.799956,0.491436,0.205883,-0.61757,-0.16169,0.393387,-0.617929,0.160424,-0.803528,-0.829963,-0.40827,0.659762,0.628214,0.509865,0.24449,-0.682707,0.370626,-0.664174,-0.60104,-0.285271,-0.663576,-0.173647,-0.44207,0.509865,0.579344,-0.46883,#
