0,1.0,0.106493,-0.087943,-0.594832,0.377752,0.093408,0.064125,0.133755,0.622572,0.405465,-0.26976,0.245816,0.808952,0.518877,0.38279,0.230434,0.150933,-0.051929,0.150487,-0.272099,-0.426497,0.399595,-0.340278,0.0,-0.057365,0.158377,0.118317,-0.217564,0.083683,0.166987,-0.211995,0.048977,0.0,-0.093191,-0.402849,0.150145,0.198,0.020287,-4.9e-05,-0.087943,-0.176625,-0.249833,0.255793,0.425254,0.359496,0.257331,0.518877,0.120904,-0.129058,0.387724,-0.409164,-0.06801,0.315614,-0.399901,0.248926,-0.412545,-0.375234,0.471474,0.27955,-0.646843,-0.254058,0.123506,0.020372,-0.646843,0.26022,0.293138,0.0,-0.388219,0.343934,-0.216285,0.212877,-0.65906,0.0,-0.272099,0.136922,-0.621283,-0.272099,-0.618453,-0.272099,0.346034,0.173654,-0.408148,0.016853,-0.40794,0.383969,-0.067207,-0.085112,-0.085112,-0.102643,-0.252971,0.161414,-0.110877,0.195106,0.0,0.401413,0.401413,-0.272099,-0.272099,0.346034,-0.24961,-0.420272,-0.408148,0.06218,-0.272099,0.096986,0.0,-0.166621,-0.40794,0.33755,-0.272099,-0.407883,-0.272099,0.399054,0.111361,-0.272099,-0.1019,-0.40794,-0.429368,0.375178,-0.81012,-0.272099,0.2119,-0.283405,-0.206496,-0.468749,-0.074901,0.401413,0.212877,-0.157229,0.0,0.182676,-0.272099,0.346034,0.07991,-0.242115,-0.40794,-0.272099,-0.272099,0.324889,-0.248131,0.0,-0.40794,-0.272099,-0.168309,-0.532267,0.213018,0.401413,-0.321325,-0.391598,-0.407883,-0.221523,-0.15854,0.401413,0.101214,-0.075299,0.0,0.268449,0.208223,-0.408148,-0.093301,-0.272099,0.0,-0.067207,0.13405,0.329788,0.26945,0.050803,0.088513,-0.272099,0.0,-0.112623,0.095992,-0.272099,-0.165876,0.423581,0.376997,0.086103,0.106037,0.445345,-0.135406,-0.345981,0.002758,0.233082,0.26945,-0.116619,0.111361,0.405899,0.114609,0.015506,0.267435,-0.272099,-0.438032,-0.116619,0.632739,0.385791,-0.400667,-0.116619,-0.025889,0.42107,0.024867,#
1,0.106493,1.0,-0.327181,-0.102176,0.27969,-0.186374,-0.762562,-0.407791,-0.249884,0.033074,-0.407906,-0.068833,0.037226,-0.179742,0.534558,0.2054,-0.407573,-0.326703,-0.408065,-0.16663,0.212849,0.295732,0.336373,0.0,-0.326509,-0.408158,-0.202446,0.077669,0.35416,0.601814,-0.407505,-0.185232,0.0,0.803957,0.194849,0.136696,0.077669,-0.020881,-2.8e-05,0.235354,0.119017,-0.408053,0.220484,0.290111,-0.327175,-0.010858,0.360282,-0.001322,0.3326,0.286061,0.191598,0.021297,0.093335,-0.00033,0.168183,-0.151941,0.187166,0.433376,0.238278,-0.57155,-0.668053,-0.243644,0.207059,-0.57155,-0.152277,0.2438,0.0,0.366754,0.465276,0.116466,-0.036714,0.159115,0.0,-0.16663,0.625041,-0.057598,-0.16663,0.402273,-0.16663,0.227979,-0.40757,0.363127,-0.497497,0.380449,0.240129,-0.325648,-0.327088,-0.327088,0.238963,0.121335,-0.407374,0.227979,0.10296,0.0,-0.16663,-0.16663,-0.16663,-0.16663,-0.326565,0.137395,0.252088,0.363127,0.342508,-0.16663,-0.249944,0.0,-0.609802,0.380449,0.238963,-0.16663,-0.249782,-0.16663,-0.3259,-0.249817,-0.16663,0.22834,-0.249817,0.508225,0.216234,0.025407,-0.16663,-0.406636,0.595187,0.396336,-0.036714,0.260477,0.682238,-0.036714,0.325293,0.0,0.095549,-0.16663,-0.326565,-0.14912,-0.40788,-0.249817,-0.16663,-0.16663,0.476443,0.099414,0.0,-0.249817,0.650799,-0.644801,-0.325953,0.239781,0.682238,-0.28809,0.013319,-0.249782,-0.404938,-0.611014,-0.16663,-0.249801,-0.326478,0.0,-0.378703,-0.389892,0.363127,0.228037,-0.16663,0.0,-0.325648,-0.249782,0.185322,0.218973,0.327144,-0.643465,-0.16663,0.0,-0.341358,0.008674,-0.16663,-0.117558,-0.356333,0.509658,0.398329,-0.76125,0.02336,0.221461,-0.760381,0.53087,0.192752,-0.644464,0.278919,-0.249817,0.289213,-0.186122,0.191811,-0.086341,-0.16663,0.206036,0.278919,0.424752,0.021575,-0.499327,0.278919,0.013355,0.003137,0.486397,#
2,-0.087943,-0.327181,1.0,0.525977,-0.261597,-0.053522,0.414152,0.358152,-0.327175,0.184924,-0.083449,0.05422,0.191447,0.406061,0.208039,0.169683,-0.533637,0.041664,0.358732,-0.218169,-0.504803,0.471843,-0.063813,0.0,-0.001425,0.350702,0.433329,-0.533274,0.398394,-0.534277,-0.07454,0.47321,0.0,-0.001424,-0.492661,0.323791,-0.096429,0.207912,0.0,-0.42838,-0.42273,0.814892,0.152796,-0.118107,0.041725,-0.40454,0.406061,-0.061624,-0.324662,0.299472,-0.523072,0.24802,-0.419194,-0.134507,-0.596799,-0.442894,-0.525853,0.3441,-0.616394,0.010128,0.350694,0.209543,0.004388,0.010128,0.049126,0.056561,0.0,-0.453062,-0.34186,-0.533273,-0.461765,-0.040328,0.0,-0.218169,-0.076614,0.426129,-0.218169,0.031057,-0.218169,-0.427573,-0.08338,-0.327254,-0.206463,-0.327087,-0.428199,-0.426373,0.035351,-0.428258,-0.427772,-0.083142,-0.089862,-0.427573,0.309265,0.0,-0.218169,0.518152,-0.218169,0.518152,-0.427573,-0.53237,-0.524349,-0.327254,-0.019106,-0.218169,-0.327254,0.0,0.117767,-0.327087,0.053471,-0.218169,0.221544,-0.218169,-0.426702,0.209102,-0.218169,0.044266,-0.327087,-0.206463,-0.428187,-0.205886,-0.218169,-0.106482,-0.089862,0.091263,0.254767,0.467503,-0.218169,-0.461765,-0.174813,0.0,-0.069571,0.490881,-0.427573,0.07822,-0.096318,0.209102,0.518152,0.518152,0.009174,-0.534138,0.0,-0.327087,-0.218169,0.137676,0.062949,0.231329,-0.218169,-0.445493,-0.651519,0.221544,0.283888,0.495148,0.518152,0.241583,0.573581,0.0,0.368741,0.313191,-0.327254,0.083531,-0.218169,0.0,-0.426373,-0.327041,-0.427573,0.169236,-0.325576,0.234437,-0.218169,0.0,-0.275502,0.313658,-0.218169,-0.344511,0.304022,0.239123,-0.326548,0.409705,0.207103,0.161017,0.395858,0.625006,0.143501,0.169236,-0.397389,-0.327087,-0.259005,0.422453,0.421915,0.064002,-0.218169,0.153391,-0.397389,0.151702,-0.239878,-0.246284,-0.397389,-0.217441,0.272131,-0.218377,#
3,-0.594832,-0.102176,0.525977,1.0,-0.435498,-0.525514,-0.093239,-0.174061,-0.611953,-0.447649,0.273295,-0.280948,-0.441533,-0.560818,-0.004324,0.397542,-0.143187,-0.358313,0.261879,0.259212,-0.00367,0.032105,-0.091742,0.0,-0.398627,0.226314,-0.162853,0.220659,0.342556,-0.570961,-0.166019,0.387028,0.0,0.090117,-0.018952,-0.205805,-0.175224,0.384005,4.6e-05,0.083148,-0.289686,0.254507,-0.291932,-0.555812,-0.358831,-0.214929,-0.103034,-0.548109,-0.341761,0.097373,-0.247599,0.491301,-0.315252,0.399814,-0.287061,0.055526,-0.266175,-0.174113,-0.318031,0.406518,0.234169,-0.13826,0.449953,0.406518,-0.281756,-0.35417,0.0,-0.093614,-0.339164,-0.157561,-0.1978,0.676269,0.0,0.284877,-0.112646,0.799284,0.284877,0.62499,0.259212,-0.329645,-0.166353,0.427315,-0.356308,0.408408,-0.800909,-0.319529,0.09724,0.081081,0.115542,0.306347,-0.138311,0.140448,-0.202195,0.0,-0.408067,0.259212,0.284877,0.284877,-0.329645,-0.115194,-0.212082,0.427315,0.012686,0.259212,-0.092392,0.0,0.224475,0.408408,0.115542,0.259212,0.388566,-0.408067,-0.79811,-0.107187,0.284877,0.526252,0.408408,0.087025,-0.800887,0.48885,0.284877,-0.594993,0.303628,0.618838,0.476519,0.523564,-0.408067,-0.1978,0.193155,0.0,-0.560218,0.259212,-0.329645,-0.265542,0.245905,0.427097,0.284877,0.284877,-0.293469,0.252309,0.0,0.408408,0.284877,0.257512,0.150611,0.459895,-0.408067,-0.190814,0.041529,-0.095435,0.226856,0.55488,0.259212,-0.0766,0.125096,0.0,-0.268675,-0.434826,0.427315,-0.318844,-0.408067,0.0,-0.319529,-0.611702,-0.329645,-0.209248,-0.044915,-0.093388,0.284877,0.0,-0.371746,-0.061529,0.284877,-0.203355,-0.388054,0.04702,-0.061688,-0.088613,-0.428467,0.564404,0.376442,0.418805,0.43435,-0.236357,0.419073,-0.125876,-0.370086,-0.057237,0.62336,-0.258995,0.284877,0.464285,0.419073,-0.284476,-0.365573,-0.001791,0.419073,0.436606,-0.366982,0.006682,#
4,0.377752,0.27969,-0.261597,-0.435498,1.0,-0.311311,-0.390931,-0.166233,0.23156,0.494052,-0.603618,0.094602,0.475077,0.189246,-0.032754,-0.167814,-0.087124,0.333601,-0.673501,0.202251,0.240904,-0.161158,0.282259,0.0,0.333402,0.377456,0.180796,-0.081594,-0.335673,0.435758,-0.084977,-0.457044,0.0,0.354102,-0.325113,0.400145,-0.10064,-0.525241,-0.000116,-0.156013,-0.257079,-0.139207,0.601778,0.728179,0.313617,-0.244661,0.189246,0.426487,0.194756,-0.285572,-0.095062,-0.585361,-0.246474,-0.116734,0.642698,-0.333749,-0.127412,0.203922,0.658633,-0.215207,0.131712,0.223937,-0.358639,-0.215207,0.148161,0.626497,0.0,0.019709,0.243313,0.434939,0.601066,-0.570911,0.0,-0.664538,-0.083045,0.050161,-0.664538,-0.416662,0.202251,0.31168,-0.095383,-0.370793,-0.550904,0.278468,0.355397,-0.265354,-0.769409,-0.223653,0.354595,-0.163046,-0.639601,-0.232792,-0.119552,0.0,0.138044,0.105941,-0.664538,-0.664538,-0.254571,0.435366,-0.064791,-0.370793,-0.384725,0.202251,-0.39487,0.0,-0.466419,0.278468,0.29165,0.202251,0.278341,0.170147,0.309714,-0.37748,-0.664538,0.313385,-0.365103,-0.512108,0.354483,-0.509538,-0.664538,0.393526,-0.600927,-0.417275,-0.211185,0.288193,0.202251,0.601066,-0.302227,0.0,-0.111809,0.170147,-0.254571,0.611544,-0.606213,-0.996299,-0.664538,-0.664538,0.598041,-0.10262,0.0,-0.365103,0.170147,-0.14789,-0.810106,-0.205942,0.202251,0.294171,-0.014715,0.255055,-0.667098,-0.456134,0.105941,-0.38954,-0.277659,0.0,-0.321071,0.400927,-0.370793,-0.224984,0.170147,0.0,-0.265354,0.255055,-0.235212,-0.255386,-0.403735,-0.465757,-0.664538,0.0,-0.24293,-0.288278,-0.664538,-0.417989,-0.330968,-0.016935,0.254671,0.186433,0.490101,-0.488863,-0.367638,-0.016181,-0.194857,-0.221476,-0.271054,0.253716,0.303301,0.157563,-0.213599,0.624812,-0.664538,-0.208287,-0.271054,0.153258,-0.507679,-0.004085,-0.271054,-0.032639,-0.036425,-0.458675,#
5,0.093408,-0.186374,-0.053522,-0.525514,-0.311311,1.0,0.534069,0.094025,0.306466,0.265663,0.055409,0.40497,0.246242,0.555503,-0.196,-0.19607,0.042983,0.427549,0.076289,-0.508817,0.01554,-0.026797,0.058598,0.0,0.427294,-0.373218,0.135598,-0.348047,0.098075,0.1013,0.097596,0.094186,0.0,-0.067148,0.011797,0.137022,0.083197,-0.215495,-0.000101,-0.034995,0.43708,0.084507,-0.229176,0.107112,0.410344,-0.187828,0.075298,0.540357,0.3689,0.2508,0.488158,-0.267625,0.411426,-0.045914,-0.265117,-0.077767,0.517095,0.161879,-0.249444,-0.16924,-0.159216,-0.223789,-0.466004,-0.16924,-0.117463,-0.246323,0.0,0.203953,0.202028,-0.36397,-0.265527,-0.361387,0.0,0.218064,0.072013,-0.626652,0.218064,-0.126119,-0.508817,-0.084715,0.070795,-0.218064,0.633177,-0.762836,0.446673,0.406885,0.409414,-0.048252,-0.550526,-0.380639,0.515291,-0.065749,0.528404,0.0,0.190107,-0.508817,0.218064,0.218064,0.408402,-0.408492,0.423928,-0.218064,0.020239,-0.508817,0.306129,0.0,-0.106405,-0.762836,-0.550526,-0.508817,-0.200348,0.218064,0.406411,0.305374,0.218064,-0.998769,-0.202385,0.201917,0.445873,-0.252484,0.218064,0.513263,0.085386,-0.530094,-0.265527,-0.586898,0.246021,-0.265527,-0.357278,0.0,0.530047,0.218064,0.408402,0.004498,0.084076,0.32693,0.218064,0.218064,-0.116346,-0.360741,0.0,-0.202385,-0.508817,-0.172895,0.426567,-0.224867,0.246021,0.151688,-0.249687,0.326884,0.51168,-0.098136,-0.508817,0.326909,-0.066849,0.0,0.792934,0.317405,-0.218064,0.445744,0.218064,0.0,0.406885,0.326884,0.42526,0.455877,0.344384,0.496467,0.218064,0.0,0.723829,0.381727,0.218064,0.347913,0.755582,-0.237961,-0.249594,-0.012035,0.223098,-0.404307,0.015795,-0.235372,-0.275746,0.455877,-0.529598,-0.223941,0.180719,-0.016757,-0.451835,-0.111424,0.218064,-0.29475,-0.529598,-0.043086,0.6311,0.18867,-0.529598,-0.663082,0.212641,0.24019,#
6,0.064125,-0.762562,0.414152,-0.093239,-0.390931,0.534069,1.0,0.512869,0.324181,0.19454,0.077163,0.339883,0.174029,0.49299,-0.275335,-0.289894,0.06452,0.451143,0.511816,-0.508488,-0.318335,-0.128297,-0.41693,0.0,0.450874,0.059146,0.12091,-0.33282,0.028791,-0.332096,0.120009,0.077275,0.0,-0.552134,-0.313903,0.056865,0.105367,0.205146,5.1e-05,-0.527103,0.061368,0.528345,-0.324196,0.063325,0.433685,0.008472,0.005053,0.206905,-0.298292,0.179576,-0.218704,0.168927,0.060809,-0.022507,-0.276293,-0.040707,-0.173368,-0.038053,-0.349771,0.275884,0.302681,0.293281,-0.348275,0.275884,-0.081948,-0.34292,0.0,-0.565294,0.005283,-0.349,-0.070768,-0.346565,0.0,0.230098,-0.353736,-0.232654,0.230098,-0.519798,-0.508488,-0.069377,0.09278,-0.208792,0.668817,-0.762343,-0.041875,0.430092,0.432735,-0.0323,-0.542681,0.049721,0.544423,-0.050106,0.098345,0.0,0.201691,0.173284,0.230098,0.230098,0.43168,-0.394274,-0.331588,-0.208792,0.032838,-0.508488,0.323841,0.0,0.347225,-0.762343,-0.097091,-0.508488,-0.190799,0.230098,0.429623,0.323068,0.230098,-0.560613,-0.192867,-0.205572,-0.021089,-0.231176,0.230098,0.542325,-0.327217,-0.531651,-0.070768,-0.11875,-0.508488,-0.070768,-0.399533,0.0,0.105658,0.230098,0.43168,-0.033585,0.10629,0.344971,0.230098,0.230098,-0.158968,-0.345686,0.0,-0.192867,-0.508488,0.496563,0.450106,-0.266568,-0.508488,0.191731,-0.228258,0.344922,0.54063,0.344153,0.173284,0.344949,0.412211,0.0,0.765078,0.285303,-0.208792,-0.031556,0.230098,0.0,0.430092,0.344922,-0.013704,0.454779,-0.157622,0.460304,0.230098,0.0,0.198015,0.58424,0.230098,-0.059536,0.754483,-0.240578,-0.240857,0.475938,0.199754,-0.40604,0.499385,-0.264667,-0.287486,0.454779,-0.534469,-0.21477,0.170916,0.472888,-0.280567,-0.134622,0.230098,-0.307299,-0.534469,-0.063597,0.202805,0.217245,-0.534469,-0.244697,0.21638,-0.18422,#
7,0.133755,-0.407791,0.358152,-0.174061,-0.166233,0.094025,0.512869,1.0,0.087003,-0.031823,0.15881,-0.199775,-0.057835,0.502804,0.36805,-0.492519,-0.273133,-0.105368,0.558542,-0.271921,-0.772017,0.287801,-0.339386,0.0,-0.057327,0.141787,0.172941,-0.217422,-0.392013,-0.233194,0.174158,0.086318,0.0,-0.532423,0.182477,0.135342,0.197871,0.413789,-4.9e-05,-0.533924,-0.041032,0.58212,0.258663,0.035838,-0.104833,0.414588,0.040361,-0.215901,-0.302667,-0.159243,-0.407868,0.342226,-0.012459,-0.39964,-0.432064,0.079429,-0.373981,-0.005817,-0.464265,-0.011498,0.372594,0.625154,-0.32257,-0.011498,0.684245,0.269164,0.0,-0.611606,-0.300206,-0.265979,-0.312296,-0.194603,0.0,-0.271921,-0.230542,-0.258216,-0.271921,-0.551784,-0.271921,-0.076305,0.19872,-0.407882,0.414926,-0.407674,-0.095227,0.335195,0.355681,-0.085056,-0.533165,0.10738,0.186111,-0.532918,0.2373,0.0,0.401151,0.374228,-0.271921,0.428074,-0.076305,-0.275328,-0.486082,-0.407882,0.061092,-0.271921,0.096922,0.0,0.226614,-0.407674,-0.110856,-0.271921,-0.407617,0.428074,0.370853,0.621025,-0.271921,-0.11911,-0.407674,-0.015694,-0.085692,-0.04046,-0.271921,0.185481,-0.243155,-0.182399,0.368886,-0.093056,-0.271921,-0.312296,0.312763,0.0,0.61257,-0.271921,-0.076305,-0.139563,0.174171,0.102063,0.428074,0.428074,-0.179255,-0.247969,0.0,-0.407674,-0.271921,0.338097,0.344431,-0.528323,-0.271921,-0.295591,-0.026738,0.100114,0.210246,0.248917,0.374228,0.132947,0.802125,0.0,0.237423,0.392662,-0.407882,0.381757,0.428074,0.0,0.335195,0.100114,-0.076305,0.223062,-0.405791,0.254904,-0.271921,0.0,-0.125501,0.442197,-0.271921,0.25523,0.388153,0.001535,-0.407003,0.518719,-0.014699,-0.110166,0.062599,-0.024808,-0.452352,0.223062,-0.416545,0.111289,-0.151276,0.53264,0.008058,-0.193877,-0.271921,0.203201,-0.416545,0.281238,-0.022763,0.001879,-0.416545,-0.431766,0.4198,-0.401015,#
8,0.622572,-0.249884,-0.327175,-0.611953,0.23156,0.306466,0.324181,0.087003,1.0,0.013733,0.072751,-0.088544,0.495572,0.317953,-0.021254,0.141423,0.582617,0.257315,0.08725,-0.166627,-0.177818,-0.32484,-0.213411,0.0,0.250532,0.092034,-0.179913,0.135452,-0.204046,0.117064,0.142413,-0.293841,0.0,-0.326255,-0.143895,-0.407542,0.639425,0.036064,-1.5e-05,-0.327175,-0.32286,-0.408046,0.125927,0.381172,0.75673,0.318487,0.317953,0.155211,0.30348,0.237667,0.127954,-0.093966,0.298762,-0.022115,0.169479,0.23409,0.187163,0.289419,0.138914,0.064916,0.092033,-0.220222,-0.181181,0.064916,-0.024288,0.179821,0.0,-0.234813,0.144761,0.137003,0.289959,-0.403592,0.0,-0.166627,0.088568,-0.489394,-0.166627,-0.605997,-0.166627,0.739806,0.610169,-0.24994,0.508172,-0.249812,0.240536,0.237753,0.21745,0.21745,0.195825,-0.406396,0.595133,0.18569,0.144903,0.0,0.650171,-0.166627,-0.166627,-0.166627,0.739806,0.095912,0.02495,-0.24994,-0.229786,-0.166627,0.362658,0.0,-0.112393,-0.249812,0.195825,-0.166627,-0.249778,-0.166627,0.803454,0.379967,-0.166627,-0.327075,-0.249812,-0.497488,0.252868,-0.496098,-0.166627,0.655636,-0.407367,-0.611003,-0.536679,-0.324746,-0.166627,0.289959,-0.485789,0.0,0.136982,-0.166627,0.739806,-0.148794,0.106253,-0.249812,-0.166627,-0.166627,-0.053461,0.09903,0.0,-0.249812,-0.166627,0.414416,-0.325947,0.054191,-0.166627,0.331071,0.012933,-0.249778,0.128341,-0.087585,-0.166627,0.367645,-0.326472,0.0,0.183296,0.145521,-0.24994,-0.326641,-0.166627,0.0,0.237753,0.407449,0.227557,0.165005,-0.248659,0.078488,-0.166627,0.0,0.24849,0.103719,-0.166627,-0.076989,0.259391,-0.01444,0.348931,0.336701,0.023739,-0.591531,-0.206598,-0.48555,0.142734,0.165005,-0.071413,0.379967,0.248563,0.342454,-0.394899,-0.085959,-0.166627,-0.680799,-0.071413,0.387474,0.486446,0.003621,-0.071413,-0.025709,0.003502,0.036602,#
9,0.405465,0.033074,0.184924,-0.447649,0.494052,0.265663,0.19454,-0.031823,0.013733,1.0,-0.814819,0.8144,0.607293,0.662834,-0.209033,-0.34557,-0.407828,0.66273,-0.439614,-0.332854,0.178028,0.26283,0.24626,0.0,0.662334,-0.025281,0.676423,-0.813598,0.210056,0.428392,0.00631,-0.211534,0.0,0.205791,-0.736964,0.813862,-0.415586,-0.634319,4.7e-05,-0.19189,0.183343,0.380974,0.266335,0.597056,0.236011,-0.431764,0.219633,0.829297,-0.122871,-0.0003,-0.27062,-0.613453,-0.300189,-0.485498,0.269783,-0.723541,-0.302386,0.266477,0.293029,-0.444158,-0.222783,0.455773,-0.298353,-0.444158,-0.050867,0.246468,0.0,-0.075482,0.371266,-0.001653,0.172751,-0.806216,0.0,-0.332854,-0.015345,-0.197419,-0.332854,-0.481619,-0.332854,-0.247786,-0.42805,-0.49928,-0.25459,-0.499026,0.680658,-0.264888,-0.653379,-0.653379,-0.239965,-0.073297,-0.433436,-0.247786,-0.041043,0.0,-0.332854,0.286409,-0.332854,-0.332854,-0.247786,-0.043311,-0.223779,-0.49928,0.137285,-0.332854,-0.49928,0.0,-0.071765,-0.499026,0.164771,-0.332854,0.020088,0.338014,0.179101,-0.499026,-0.332854,-0.25597,-0.499026,-0.239917,0.679912,-0.658109,-0.332854,0.371509,-0.418809,-0.448918,-0.480086,0.143577,0.363817,0.172751,-0.48244,0.0,-0.028047,0.338014,-0.247786,0.795314,-0.814767,-0.499026,-0.332854,-0.332854,0.775653,-0.814918,0.0,-0.499026,-0.332854,-0.490113,-0.257416,-0.255807,0.363817,0.023615,-0.644569,0.506692,-0.468226,-0.463616,0.286409,-0.01137,0.171165,0.0,0.460765,0.585892,-0.49928,0.213706,0.338014,0.0,-0.264888,0.506692,-0.232226,0.241035,-0.024153,0.041324,-0.332854,0.0,-0.044809,0.080509,-0.332854,-0.449152,0.450782,0.158556,-0.025671,0.154604,0.997015,-0.371704,0.138491,0.150784,-0.412689,0.241035,-0.717695,-0.499026,0.429812,0.121217,-0.403353,0.780741,-0.332854,-0.441131,-0.717695,0.101061,-0.217863,-0.226349,-0.717695,-0.256401,0.573221,-0.16224,#
10,-0.26976,-0.407906,-0.083449,0.273295,-0.603618,0.055409,0.077163,0.15881,0.072751,-0.814819,1.0,-0.579414,-0.432198,-0.379453,-0.018483,0.284075,0.587927,-0.533294,0.570947,0.434151,-0.290612,-0.143613,-0.331121,0.0,-0.532976,0.166564,-0.368292,0.591982,-0.350604,-0.666099,0.181975,0.515538,0.0,-0.532573,0.625596,-0.665264,0.173039,0.409061,4.7e-05,0.367818,-0.035398,-0.245577,-0.329457,-0.787031,-0.117243,0.32905,-0.379453,-0.65751,0.031136,-0.125669,0.261811,0.356907,0.432875,0.293533,-0.356125,0.557019,0.279082,-0.427191,-0.362329,0.363271,0.374763,-0.398463,0.159762,0.363271,0.287855,-0.332291,0.0,0.117128,-0.566152,-0.245904,-0.267742,0.534121,0.0,0.407997,-0.243135,-0.052141,0.407997,0.326088,0.43415,-0.089502,0.605654,0.101999,0.452153,0.106428,-0.533848,0.388457,0.783447,0.799914,-0.071792,-0.224383,0.595291,-0.071759,0.211432,0.0,0.381843,-0.271998,0.407997,0.407997,0.371807,-0.219887,0.229678,0.101999,-0.312305,0.43415,0.59238,0.0,0.314894,0.106428,-0.533315,0.43415,0.104462,-0.271998,-0.062218,0.591518,0.407997,-0.080758,0.630728,0.033837,-0.533833,0.459232,0.407997,-0.221912,0.178291,0.27728,0.393977,-0.530109,-0.271998,-0.267742,0.355722,0.0,0.198807,-0.271998,0.371807,-0.550535,0.99779,0.611683,0.407997,0.407997,-0.986858,0.575921,0.0,0.630728,-0.271998,0.41921,0.399052,0.163615,-0.271998,-0.084303,0.438283,-0.407732,0.629127,0.696272,-0.271998,0.117386,-0.070694,0.0,-0.092783,-0.207852,0.101999,-0.061096,-0.271998,0.0,0.388457,-0.407732,0.371807,-0.385033,0.147602,0.531584,0.407997,0.0,0.472312,-0.218693,0.407997,0.727624,-0.074335,-0.402342,-0.407117,0.132581,-0.815076,0.372363,0.165949,-0.390945,0.317809,0.360861,0.477501,0.610563,-0.594318,-0.330628,0.313104,-0.531523,0.407997,0.339711,0.477501,-0.315536,0.418252,0.441035,0.477501,0.029686,-0.387024,-0.010729,#
11,0.245816,-0.068833,0.05422,-0.280948,0.094602,0.40497,0.339883,-0.199775,-0.088544,0.8144,-0.579414,1.0,0.414168,0.362851,-0.41786,-0.281309,-0.168781,0.541414,-0.184933,-0.407634,0.334591,0.134584,-0.062193,0.0,0.541091,-0.193257,0.379518,-0.590715,0.350624,0.269183,-0.16079,-0.031242,0.0,0.075867,-0.606877,0.662278,-0.590715,-0.451433,0.0,0.106505,0.548744,0.220855,-0.332771,0.30151,0.106293,-0.348836,-0.088875,0.679959,-0.354333,0.106961,-0.210512,-0.396061,0.025266,-0.204227,0.358104,-0.641397,-0.231398,-0.053412,0.368915,-0.363823,-0.394558,0.344956,-0.153739,-0.363823,-0.29993,-0.344945,0.0,-0.052238,0.558168,-0.16882,0.255921,-0.621239,0.0,0.276139,-0.182789,-0.311748,0.276139,-0.287419,-0.407634,-0.38656,-0.603532,-0.098621,-0.026173,-0.611139,0.559547,0.068025,-0.344321,-0.344321,-0.37865,0.199973,-0.172852,0.077312,-0.208177,0.0,-0.407634,0.223541,0.276139,-0.407634,0.077312,-0.210996,-0.172138,-0.098621,0.307592,-0.407634,-0.098621,0.0,0.127042,-0.611139,0.033871,-0.407634,-0.082025,0.276139,0.048812,-0.611139,0.276139,-0.395113,-0.083926,-0.011217,0.558791,-0.438106,0.276139,0.21179,-0.157943,-0.270113,-0.409474,0.013075,0.302438,0.255921,-0.358235,0.0,-0.195439,0.276139,0.077312,0.566656,-0.567422,-0.083926,-0.407634,-0.407634,0.542489,-0.573589,0.0,-0.083926,-0.407634,-0.456391,0.085398,-0.162333,0.302438,0.096375,-0.433778,0.413939,-0.196979,-0.285093,0.223541,-0.114096,0.040486,0.0,0.638867,0.209007,-0.098621,0.083776,0.276139,0.0,0.068025,0.413939,0.093171,0.358525,0.429925,0.195109,0.276139,0.0,0.089193,0.180362,0.276139,-0.262262,0.600234,-0.04312,-0.12851,-0.154805,0.811292,-0.161664,0.304597,-0.045567,-0.320218,0.358525,-0.467755,-0.611139,0.574081,-0.18783,-0.332402,0.545196,0.276139,-0.342287,-0.467755,-0.20565,0.00349,-0.014574,-0.467755,-0.037543,0.379552,0.034234,#
12,0.808952,0.037226,0.191447,-0.441533,0.475077,0.246242,0.174029,-0.057835,0.495572,0.607293,-0.432198,0.414168,1.0,0.646114,0.177415,0.299187,-0.026044,0.259789,-0.042449,-0.332806,-0.246674,0.269914,-0.177471,0.0,0.2133,0.378942,0.217947,-0.381566,0.223561,0.020153,-0.37628,0.162973,0.0,0.21246,-0.678844,0.409094,0.019498,-0.205764,2.4e-05,-0.188256,-0.279416,-0.011062,0.24149,0.578077,0.657305,-0.335489,0.646114,0.415642,0.016496,0.487345,-0.300014,-0.29046,0.195046,-0.123738,0.242348,-0.713747,-0.282314,0.615686,0.266919,-0.571646,-0.027065,-0.022214,-0.288927,-0.571646,0.008312,0.220096,0.0,-0.311757,0.393951,-0.380332,0.273258,-0.8061,0.0,-0.332806,-0.009107,-0.369851,-0.332806,-0.475856,-0.332806,0.196378,-0.004115,-0.499208,-0.193331,-0.498954,0.267532,-0.202058,-0.219944,-0.219944,-0.236707,-0.431216,-0.015845,-0.24459,0.402871,0.0,0.317205,0.291205,-0.332806,-0.332806,0.196378,-0.412204,-0.31626,-0.499208,-0.244494,-0.332806,-0.0117,0.0,-0.433893,-0.498954,0.171133,-0.332806,0.02414,-0.332806,0.247828,0.002227,-0.332806,-0.252829,-0.498954,-0.59441,0.257588,-0.990862,-0.332806,0.439272,-0.415663,-0.442826,-0.384585,0.149745,0.369206,0.273258,-0.545761,0.0,0.03576,0.343206,0.196378,0.314126,-0.405507,-0.498954,-0.332806,-0.332806,0.401202,-0.411345,0.0,-0.498954,-0.332806,-0.164076,-0.651018,0.28199,0.369206,-0.126852,-0.587576,0.02414,-0.041118,-0.041098,0.291205,-0.007559,-0.227891,0.0,0.492422,0.410998,-0.499208,-0.193683,-0.332806,0.0,-0.202058,0.02414,0.212057,0.284937,-0.020459,0.08022,-0.332806,0.0,-0.016511,0.179426,-0.332806,-0.386621,0.484137,0.167556,-0.021976,0.180231,0.623949,-0.365324,-0.259895,0.186137,0.243721,0.284937,-0.432359,0.002227,0.462843,0.194705,0.057465,0.406584,-0.332806,-0.402681,-0.432359,0.434848,0.182961,-0.208552,-0.432359,-0.250582,0.210636,-0.15569,#
13,0.518877,-0.179742,0.406061,-0.560818,0.189246,0.555503,0.49299,0.502804,0.317953,0.662834,-0.379453,0.362851,0.646114,1.0,0.199516,-0.255906,-0.38737,0.442832,0.039508,-0.508183,-0.454034,0.424261,0.085038,0.0,0.442568,0.051866,0.603774,-0.773165,0.053517,0.116126,0.112366,0.043713,0.0,-0.056753,-0.446738,0.538337,0.097818,-0.233727,0.0,-0.492678,-0.078382,0.51818,0.455435,0.475576,0.425473,-0.197212,0.515064,0.559329,0.101637,0.205045,-0.185537,-0.30507,-0.070291,-0.550326,-0.302052,-0.486269,-0.16913,0.541662,-0.284477,-0.429889,0.060511,0.308394,-0.48301,-0.429889,0.314459,0.425064,0.0,-0.285496,0.037111,-0.353753,-0.274736,-0.744291,0.0,-0.508183,0.086525,-0.441149,-0.508183,-0.592208,-0.508183,-0.074483,0.085304,-0.762274,0.186646,-0.761885,0.462155,-0.084386,-0.06483,-0.527004,-0.544878,-0.431373,0.066021,-0.553305,0.547346,0.0,0.197627,0.169394,-0.508183,0.225859,-0.074483,-0.398737,-0.223292,-0.762274,-0.019779,-0.508183,-0.232917,0.0,-0.148781,-0.761885,-0.102029,-0.508183,-0.193858,0.225859,0.421458,0.316848,-0.508183,-0.562706,-0.761885,-0.248862,0.461347,-0.706473,-0.508183,0.532098,-0.368118,-0.574917,-0.274736,-0.123522,0.254091,-0.274736,-0.391563,0.0,0.549047,0.225859,-0.074483,0.356496,-0.36331,-0.227356,0.225859,0.225859,0.326291,-0.806083,0.0,-0.761885,-0.508183,-0.178161,-0.075108,-0.260866,0.254091,-0.223391,-0.69409,0.338568,0.051201,-0.138704,0.169394,0.338594,0.404144,0.0,0.662543,0.76681,-0.762274,0.461203,0.225859,0.0,-0.084386,0.338568,-0.057459,0.406317,-0.241299,0.32914,-0.508183,0.0,0.165695,0.37737,-0.508183,-0.106281,0.717374,0.187173,-0.243601,0.460112,0.659431,-0.451545,-0.026994,0.178991,-0.328213,0.406317,-0.846989,-0.217682,0.137576,0.457122,-0.275591,0.32664,-0.508183,-0.350832,-0.846989,0.445401,0.181968,-0.244534,-0.846989,-0.711686,0.657354,-0.174845,#
14,0.38279,0.534558,0.208039,-0.004324,-0.032754,-0.196,-0.275335,0.36805,-0.021254,-0.209033,-0.018483,-0.41786,0.177415,0.199516,1.0,0.299187,-0.435485,-0.652518,0.367486,-0.332806,-0.702699,0.654299,-0.177471,0.0,-0.652128,-0.035028,-0.169454,0.019498,0.223561,0.020153,-0.392488,0.235159,0.0,0.283054,0.212567,-0.008273,0.420561,0.584702,2.4e-05,-0.188256,-0.279416,-0.011062,0.36859,0.111084,-0.23908,0.327734,0.646114,-0.472481,0.016496,0.487345,-0.300014,0.54935,0.195046,-0.194679,-0.360361,-0.124924,-0.257003,0.615686,-0.320755,-0.571646,-0.234046,-0.002833,0.164265,-0.571646,0.368497,0.375882,0.0,-0.311757,0.068854,-0.380332,-0.384585,0.107392,0.0,-0.332806,0.459516,-0.187728,-0.332806,0.045656,-0.332806,0.247334,0.020201,0.0078,-0.169303,0.022275,-0.184145,-0.202058,0.205692,-0.219944,-0.184727,0.005222,0.008107,-0.193634,0.478774,0.0,0.317205,0.291205,-0.332806,0.343206,-0.211273,-0.362216,-0.31626,0.0078,0.255424,-0.332806,-0.0117,0.0,-0.409153,0.022275,0.223112,-0.332806,-0.498884,-0.332806,-0.183899,0.494499,-0.332806,0.206503,-0.498954,0.246562,-0.203896,-0.152242,-0.332806,-0.372894,0.422665,0.399506,0.273258,0.257297,0.369206,-0.384585,0.498185,0.0,0.460653,-0.332806,-0.211273,-0.513478,-0.003637,-0.006682,0.343206,0.343206,0.076342,0.008248,0.0,-0.498954,0.343206,-0.164076,-0.201409,0.28199,0.369206,-0.743096,-0.165041,-0.498884,0.032442,-0.017032,0.291205,0.023151,0.231634,0.0,-0.127277,-0.179386,0.0078,0.275658,-0.332806,0.0,-0.202058,-0.498884,0.212057,0.374195,-0.020459,-0.278013,-0.332806,0.0,-0.471796,0.363297,-0.332806,0.029364,0.008878,0.625371,0.037543,-0.235511,-0.180802,0.316744,-0.671208,0.63868,0.326446,-0.339865,0.147089,0.002227,0.025857,0.27364,0.555496,-0.400589,-0.332806,0.348944,0.147089,0.80473,0.208591,-0.597053,0.147089,-0.203507,0.23562,0.217637,#
15,0.230434,0.2054,0.169683,0.397542,-0.167814,-0.19607,-0.289894,-0.492519,0.141423,-0.34557,0.284075,-0.281309,0.299187,-0.255906,0.299187,1.0,0.284817,-0.452154,0.20454,0.157899,-0.149813,0.200364,-0.133002,0.0,-0.527934,0.229973,-0.262568,0.278605,0.50446,-0.378361,-0.331106,0.491354,0.0,0.253461,-0.16882,-0.424502,0.253286,0.267069,0.000154,0.282806,-0.524643,-0.429321,-0.097085,-0.296732,0.199035,-0.133644,0.477113,-0.400982,0.124427,0.632528,-0.020381,0.269981,0.209844,0.316398,-0.134897,-0.100722,-0.003195,0.414916,-0.106575,-0.141844,-0.096684,-0.723469,0.511076,-0.141844,-0.29007,-0.134568,0.0,0.066277,-0.060747,-0.324988,-0.107974,0.301937,0.0,0.115224,0.306577,0.186255,0.115224,0.46922,0.157899,0.196867,0.280298,0.172836,-0.27485,0.203824,-0.440357,-0.442029,0.197729,0.224599,0.253815,-0.367967,0.25448,0.225818,0.277117,0.0,0.072548,0.029873,0.115224,0.115224,0.196867,-0.307357,0.004657,0.172836,-0.152978,0.157899,0.140829,0.0,-0.213961,0.203824,0.17014,0.157899,0.203677,-0.994338,-0.469624,0.139843,0.115224,0.19879,0.203824,-0.223277,-0.456654,-0.181813,0.115224,-0.372513,0.305891,0.420994,-0.107974,0.166854,0.157899,-0.107974,-0.120489,0.0,-0.337336,0.115224,0.196867,-0.397959,0.280555,0.172748,0.115224,0.115224,-0.247427,0.280628,0.0,0.203824,0.115224,0.013467,-0.425746,0.978364,0.157899,-0.341253,-0.235323,-0.632081,0.252151,0.369339,0.029873,0.172736,-0.49776,0.0,-0.101322,-0.387607,0.172836,-0.425956,-0.994338,0.0,-0.442029,-0.632081,0.222602,-0.083112,0.200897,0.021107,0.115224,0.0,-0.050708,-0.180579,0.115224,-0.158026,-0.155797,0.317608,0.172463,-0.210335,-0.318654,0.407455,-0.175266,0.354247,0.99015,-0.038033,0.54321,0.170919,-0.148541,-0.209452,0.61013,-0.215594,0.115224,-0.030144,0.54321,0.25938,0.364212,-0.292378,0.54321,0.319759,-0.298566,0.370683,#
16,0.150933,-0.407573,-0.533637,-0.143187,-0.087124,0.042983,0.06452,-0.273133,0.582617,-0.407828,0.587927,-0.168781,-0.026044,-0.38737,-0.435485,0.284817,1.0,-0.070191,0.150619,0.452959,0.17216,-0.529829,-0.322158,0.0,-0.075401,0.174353,-0.379589,0.594894,-0.358822,-0.249544,0.205414,0.027984,0.0,-0.532137,0.180893,-0.66472,0.164924,0.003632,0.0,0.376087,-0.040047,-0.665541,-0.372284,-0.32563,0.325061,0.32504,-0.38737,-0.21491,0.056277,-0.139861,0.262567,-0.064613,0.423429,0.291314,0.333564,0.463265,0.278136,-0.43508,0.310924,0.367688,0.17435,-0.39813,0.163803,0.367688,-0.066656,-0.324583,0.0,0.126198,-0.121985,0.196865,0.392929,0.09008,0.0,0.401192,-0.271503,-0.223143,0.401192,-0.090806,0.452959,0.312165,0.584685,0.097063,0.415833,0.120296,-0.083768,0.379384,0.34655,0.802864,0.354755,-0.228377,0.558968,0.329725,-0.225231,0.0,0.375309,-0.271776,0.401192,-0.271776,0.768707,0.190437,0.232951,0.097063,-0.347058,0.452959,0.582376,0.0,0.293643,0.120296,-0.118915,0.452959,0.118277,-0.271775,0.363146,0.09147,0.401192,-0.068394,0.639178,-0.380873,-0.073991,0.05688,0.401192,0.178319,-0.235234,-0.126703,-0.261952,-0.529675,-0.271776,0.392929,-0.154227,0.0,-0.232543,-0.271776,0.768707,-0.185599,0.59647,0.111427,-0.271775,-0.271776,-0.549465,0.578806,0.0,0.639178,-0.271775,0.416512,-0.05772,0.189172,-0.271776,0.410081,0.441304,-0.407398,0.201377,0.28796,-0.271776,0.081721,-0.532491,0.0,-0.106773,-0.203443,0.097063,-0.532766,-0.271775,0.0,0.379384,0.113271,0.362892,-0.404122,0.142214,0.332236,0.401192,0.0,0.472536,-0.420899,0.401192,0.312458,-0.089035,-0.429921,0.067228,0.137578,-0.400033,-0.051747,0.170421,-0.791953,0.318325,0.361403,0.48255,0.619221,-0.101676,-0.365191,-0.151955,-0.10284,0.401192,-0.319949,0.48255,-0.323959,0.406766,0.444658,0.48255,0.41185,-0.415645,0.008168,#
17,-0.051929,-0.326703,0.041664,-0.358313,0.333601,0.427549,0.451143,-0.105368,0.257315,0.66273,-0.533294,0.541414,0.259789,0.442832,-0.652518,-0.452154,-0.070191,1.0,-0.533502,-0.217851,0.469579,-0.424702,0.412146,0.0,0.995304,-0.083162,0.448228,-0.532495,-0.011227,0.358468,0.352467,-0.531185,0.0,0.015142,-0.546923,0.340551,-0.079293,-0.652121,-2.6e-05,-0.427755,0.049174,0.324515,0.121814,0.526725,0.56641,-0.457659,-0.005751,0.886568,0.239202,-0.171124,0.208091,-0.648506,-0.418582,-0.115495,0.175425,-0.147065,0.191735,0.059905,0.136615,0.283174,0.12474,0.16653,-0.469317,0.283174,-0.376931,0.1066,0.0,0.078678,0.156378,0.343695,0.227964,-0.527664,0.0,-0.217851,-0.086606,0.044208,-0.217851,-0.413971,-0.217851,0.033695,-0.093219,-0.326776,0.146014,-0.32661,0.50815,-0.035452,-0.427633,-0.427633,0.042747,-0.166015,-0.099543,0.033695,-0.144539,0.0,-0.217851,-0.217851,-0.217851,-0.217851,0.033695,0.296864,0.178241,-0.326776,-0.119919,-0.217851,-0.326776,0.0,0.022779,-0.32661,0.042747,-0.217851,0.242563,0.461165,0.468315,-0.32661,-0.217851,-0.427624,-0.32661,-0.288408,0.528477,-0.311668,-0.217851,0.751511,-0.532599,-0.798836,-0.515397,-0.014967,-0.217851,0.227964,-0.813724,0.0,-0.155022,0.517749,0.033695,0.63692,-0.533261,-0.32661,-0.217851,-0.217851,0.450231,-0.533359,0.0,-0.32661,-0.217851,0.051777,-0.027672,-0.408629,-0.217851,0.652305,-0.296892,0.735076,-0.155879,-0.379828,-0.217851,0.228651,-0.019571,0.0,0.377102,0.528765,-0.326776,-0.011092,0.461165,0.0,-0.035452,0.756966,-0.426949,0.122341,-0.325101,0.019324,-0.217851,0.0,0.256828,0.079042,-0.217851,-0.427767,0.268095,-0.216613,0.211984,0.378068,0.630519,-0.773379,0.364572,-0.256021,-0.523139,0.122341,-0.699643,-0.32661,0.254635,0.338174,-0.779677,0.488902,-0.217851,-0.642461,-0.699643,-0.20292,-0.222151,0.160156,-0.699643,-0.226765,0.17598,-0.170976,#
18,0.150487,-0.408065,0.358732,0.261879,-0.673501,0.076289,0.511816,0.558542,0.08725,-0.439614,0.570947,-0.184933,-0.042449,0.039508,0.367486,0.20454,0.150619,-0.533502,1.0,-0.272104,-0.754154,0.290495,-0.810239,0.0,-0.533184,0.158694,-0.320644,0.197718,0.06648,-0.666359,-0.245428,0.589762,0.0,-0.53278,0.183161,-0.281532,0.182343,0.823614,0.0,-0.087775,-0.021359,0.166987,-0.428279,-0.434124,-0.10474,0.442385,0.039508,-0.657766,-0.527428,0.368142,-0.43517,0.785711,0.46111,0.095862,-0.406432,0.079367,-0.3755,-0.070548,-0.439301,-0.021654,0.15869,0.103646,0.146628,-0.021654,0.2607,-0.431475,0.0,-0.631752,-0.127117,-0.665106,-0.259243,0.162208,0.0,0.427592,-0.247248,-0.25832,0.427592,-0.106148,-0.272104,-0.076182,0.182702,0.116616,0.473443,-0.407948,-0.534056,0.415592,0.805754,0.381521,-0.533523,0.198909,0.616571,-0.058602,0.220654,0.0,0.401677,0.401677,0.427592,0.401677,0.398492,-0.66398,-0.512404,0.116616,0.142723,-0.272104,0.621952,0.0,0.303481,-0.407948,-0.093155,-0.272104,-0.407891,-0.272104,-0.048099,0.602208,0.427592,-0.101737,0.131542,0.04237,-0.534041,0.042252,0.427592,-0.208696,0.186854,0.266166,0.396429,-0.074729,-0.272104,-0.259243,0.374142,0.0,0.207913,-0.272104,0.398492,-0.640863,0.599003,0.62219,0.401677,0.401677,-0.566318,0.186317,0.0,0.131542,-0.272104,0.426827,0.408586,0.187438,-0.272104,-0.449319,0.045893,-0.407891,0.650918,0.697936,0.401677,0.112429,0.382882,0.0,0.364653,-0.250085,0.116616,-0.065618,-0.272104,0.0,0.415592,-0.407891,0.398492,0.315648,0.16348,0.410456,0.427592,0.0,-0.079163,0.469741,0.427592,0.314711,0.458725,0.001847,-0.407276,0.088794,-0.400516,0.360729,0.123325,0.003061,0.275898,0.315648,0.183257,0.111561,-0.061852,0.124567,0.499371,-0.580976,0.427592,0.294912,0.183257,0.1542,0.41217,0.030318,0.183257,0.022557,0.032085,-0.003067,#
19,-0.272099,-0.16663,-0.218169,0.259212,0.202251,-0.508817,-0.508488,-0.271921,-0.166627,-0.332854,0.434151,-0.407634,-0.332806,-0.508183,-0.332806,0.157899,0.452959,-0.217851,-0.272104,1.0,0.248846,-0.216612,0.237867,0.0,-0.217721,0.408248,0.104194,0.387609,-0.508297,-0.272101,0.394276,0.121612,0.0,-0.217556,0.234424,-0.27176,-0.27159,-0.332603,-3.6e-05,0.518152,-0.215292,-0.272096,0.188015,-0.498916,-0.218165,-0.026162,-0.508183,-0.268593,0.063366,-0.664945,0.148587,-0.330759,-0.213491,0.03498,0.180114,0.280976,0.083203,-0.528139,0.201964,0.350754,0.408238,-0.162466,0.24432,0.350754,0.301643,0.183505,0.0,0.441415,-0.634083,0.387609,0.12975,0.325784,0.0,-0.111111,-0.271611,0.419079,-0.111111,0.289806,1.0,-0.217758,0.407661,-0.166667,-0.331739,0.642529,-0.218077,-0.217147,-0.218107,0.481481,0.508338,-0.270996,-0.271643,-0.217758,-0.270306,0.0,-0.111111,-0.111111,-0.111111,-0.111111,-0.217758,0.427235,0.242424,-0.166667,-0.505982,1.0,-0.166667,0.0,0.284638,0.642529,-0.217859,1.0,0.639369,-0.111111,-0.217315,-0.166582,-0.111111,0.494925,0.642529,-0.331739,-0.218071,0.338688,-0.111111,-0.271151,-0.271643,0.265029,0.12975,-0.216549,-0.111111,0.12975,0.152161,0.0,-0.27113,-0.111111,-0.217758,0.264282,0.388544,-0.166582,-0.111111,-0.111111,-0.403131,0.37931,0.0,0.642529,-0.111111,0.070117,-0.21735,0.075737,-0.111111,0.117494,0.324095,-0.166558,-0.270019,0.265029,-0.111111,-0.166571,-0.2177,0.0,-0.641689,0.097037,-0.166667,-0.217813,-0.111111,0.0,-0.217147,-0.166558,-0.217758,-0.990267,-0.165812,0.183183,-0.111111,0.0,0.219151,-0.919599,-0.111111,0.277512,-0.663976,-0.332674,-0.166307,0.27333,-0.332959,0.311407,0.265589,-0.323778,0.163163,0.183383,0.42858,0.642529,-0.662993,-0.505982,0.127903,0.324811,-0.111111,0.174408,0.42858,-0.501557,-0.307524,0.351203,0.42858,0.324967,-0.332624,-0.333103,#
20,-0.426497,0.212849,-0.504803,-0.00367,0.240904,0.01554,-0.318335,-0.772017,-0.177818,0.178028,-0.290612,0.334591,-0.246674,-0.454034,-0.702699,-0.149813,0.17216,0.469579,-0.754154,0.248846,1.0,-0.581568,0.494219,0.0,0.467244,-0.308445,-0.04514,0.11021,0.047966,0.466122,0.124072,-0.478059,0.0,0.350265,-0.050604,0.028406,-0.334473,-0.622341,-0.000109,0.349536,0.352111,-0.335435,-0.249717,0.103318,0.01078,-0.361443,-0.434227,0.483377,0.285542,-0.308505,0.527517,-0.541753,-0.19205,0.292131,0.526103,0.11204,0.479328,-0.343318,0.527432,0.288945,-0.25336,-0.238705,0.014793,0.288945,-0.615469,-0.237099,0.0,0.646433,0.282982,0.59118,0.409625,0.105871,0.0,0.248846,0.020893,0.256854,0.248846,0.321277,0.248846,-0.020791,-0.334962,0.373268,-0.205456,0.373078,0.329403,-0.047909,-0.483145,-0.011215,0.48792,0.133773,-0.321131,0.487694,-0.502146,0.0,-0.50069,-0.50069,0.248846,-0.50069,-0.020791,0.590599,0.585455,0.373268,-0.006885,0.248846,-0.188883,0.0,-0.038402,0.373078,-0.00196,0.248846,0.373026,0.218864,-0.069768,-0.750651,0.248846,0.00747,0.373078,0.154731,0.334891,0.27438,0.248846,0.083859,0.037924,-0.114315,-0.319765,-0.021823,0.038976,0.409625,-0.308459,0.0,-0.503472,0.248846,-0.020791,0.388649,-0.308235,-0.172733,-0.500689,-0.50069,0.281166,0.144014,0.0,0.373078,0.248846,-0.251635,-0.029324,-0.100366,0.038976,0.665011,0.259022,0.351279,-0.346791,-0.475085,-0.50069,-0.2058,-0.549424,0.0,-0.238011,-0.192451,0.373268,-0.188074,0.218864,0.0,-0.047909,0.351279,-0.147348,-0.244445,0.228996,-0.291982,0.248846,0.0,0.207258,-0.386886,0.248846,-0.177654,-0.385877,-0.282977,0.372464,-0.363236,0.137719,-0.194384,0.140072,-0.283112,-0.183813,-0.244445,0.119495,-0.20484,0.189333,-0.401306,-0.472819,0.302065,0.248846,-0.225894,0.119495,-0.563628,-0.253601,0.266945,0.119495,0.301475,-0.337626,0.178345,#
