0,1.0,0.0,-0.042285,0.059878,0.54437,-0.152304,0.436424,0.311939,0.99046,0.436653,0.436134,-0.289852,0.561023,-0.35816,0.0,-0.084395,0.311884,0.347812,0.526985,0.193908,0.797605,0.314466,0.083486,0.525582,0.222011,-0.41324,-0.223134,-0.377669,0.33471,-0.078347,-0.207269,-0.307184,-0.170974,0.332936,-0.482015,0.397332,0.33293,-0.231391,-0.40048,0.193908,0.064729,0.332655,-0.433033,-0.176341,0.222011,-0.141446,-0.029379,0.435689,0.018662,0.518436,0.718533,-0.302139,0.222011,0.070327,0.215357,0.157944,-0.371597,0.595908,0.230147,-0.110584,-0.17845,0.520648,0.463562,-0.560041,-0.446909,0.522909,0.222011,0.55567,0.798667,0.433353,-0.405441,-0.213456,0.0,-0.446128,-0.46188,-0.003951,-0.237478,0.092934,-0.207892,0.220005,-0.078714,-0.428207,-0.115356,-0.564473,-0.236584,-0.675667,-0.060712,-0.113466,0.203631,-0.54298,-0.385079,-0.661051,-0.233067,0.064934,-0.36852,-0.55837,0.054445,0.415884,-0.060712,-0.642466,0.118264,0.331418,-0.349776,0.094212,-0.688585,-0.078714,-0.530979,0.540778,0.06894,-0.568691,0.526577,-0.508658,-0.385079,-0.36852,-0.438188,-0.560835,-0.372299,-0.276271,0.312495,-0.422552,-0.380799,-0.660079,-0.446128,0.021812,-0.059368,-0.458306,-0.508658,0.108308,0.320794,-0.355741,-0.385079,0.222011,-0.434709,-0.355741,-0.428207,0.331309,-0.508658,-0.508658,-0.302139,-0.354241,-0.244227,0.311939,-0.530099,-0.181706,-0.264264,-0.303397,-0.481265,0.544461,-0.349776,0.019818,-0.237478,-0.446128,-0.097347,-0.214985,0.434287,-0.123367,0.0,0.666433,-0.377322,0.057852,0.416696,-0.061692,-0.242597,0.345244,-0.08006,0.376887,-0.511364,0.104463,-0.547602,-0.061692,0.236414,0.55202,-0.263471,0.039229,-0.248387,-0.263928,-0.0342,0.121072,0.110667,0.470475,0.371204,0.066486,0.064627,0.21464,0.222907,0.222076,0.086231,-0.332154,-0.205379,0.653604,-0.263928,0.414132,0.068515,0.238737,0.223545,-0.023917,0.088628,-0.263928,-0.278216,-0.236062,#
1,0.0,0.0,0.0,0.0,0.0,0.0,0.0,0.0,0.0,0.0,0.0,0.0,0.0,0.0,0.0,0.0,0.0,0.0,0.0,0.0,0.0,0.0,0.0,0.0,0.0,0.0,0.0,0.0,0.0,0.0,0.0,0.0,0.0,0.0,0.0,0.0,0.0,0.0,0.0,0.0,0.0,0.0,0.0,0.0,0.0,0.0,0.0,0.0,0.0,0.0,0.0,0.0,0.0,0.0,0.0,0.0,0.0,0.0,0.0,0.0,0.0,0.0,0.0,0.0,0.0,0.0,0.0,0.0,0.0,0.0,0.0,0.0,0.0,0.0,0.0,0.0,0.0,0.0,0.0,0.0,0.0,0.0,0.0,0.0,0.0,0.0,0.0,0.0,0.0,0.0,0.0,0.0,0.0,0.0,0.0,0.0,0.0,0.0,0.0,0.0,0.0,0.0,0.0,0.0,0.0,0.0,0.0,0.0,0.0,0.0,0.0,0.0,0.0,0.0,0.0,0.0,0.0,0.0,0.0,0.0,0.0,0.0,0.0,0.0,0.0,0.0,0.0,0.0,0.0,0.0,0.0,0.0,0.0,0.0,0.0,0.0,0.0,0.0,0.0,0.0,0.0,0.0,0.0,0.0,0.0,0.0,0.0,0.0,0.0,0.0,0.0,0.0,0.0,0.0,0.0,0.0,0.0,0.0,0.0,0.0,0.0,0.0,0.0,0.0,0.0,0.0,0.0,0.0,0.0,0.0,0.0,0.0,0.0,0.0,0.0,0.0,0.0,0.0,0.0,0.0,0.0,0.0,0.0,0.0,0.0,0.0,0.0,0.0,0.0,0.0,0.0,0.0,0.0,0.0,0.0,0.0,0.0,0.0,0.0,0.0,#
2,-0.042285,0.0,1.0,-0.522338,-0.102487,0.112659,0.542062,0.784193,0.005835,0.034716,-0.423717,0.447084,-0.534146,-0.021558,0.0,0.077001,0.15629,0.059226,-0.110129,0.508817,0.105933,0.106347,0.487607,-0.067127,-0.218064,-0.036506,-0.248694,0.365625,-0.336826,0.029263,-0.653954,0.34287,-0.32677,-0.327018,-0.427944,0.074863,0.25052,-0.189949,0.337508,-0.218064,0.365625,0.262336,-0.036965,0.395169,0.536774,0.266254,-0.428158,0.065838,-0.33779,0.011742,0.384215,0.137586,-0.218064,-0.491131,-0.237846,0.041693,-0.016343,-0.026165,-0.221853,0.080571,0.409959,0.428269,0.23476,0.294078,0.218154,0.438613,-0.218064,-0.022947,0.106758,-0.402232,-0.04207,0.3158,0.0,-0.062503,-0.038781,0.204337,0.22899,-0.531851,-0.653675,-0.204582,0.513315,-0.044675,0.088183,0.122829,-0.460673,0.215607,0.047586,0.071342,-0.22791,0.079732,0.355632,-0.220204,0.221937,-0.075363,-0.093852,-0.427254,0.389886,0.066849,0.047586,-0.214927,0.036898,-0.354567,0.321345,-0.533378,-0.204191,0.513315,-0.360621,-0.078453,0.36363,-0.346545,0.359879,-0.218064,0.355632,-0.093852,-0.012307,0.079732,-0.214661,0.241613,-0.326301,-0.521414,0.350951,-0.214927,-0.062503,-0.012246,0.12036,0.430654,-0.218064,0.150077,-0.274609,-0.100067,0.355632,-0.218064,-0.028759,-0.100067,-0.044675,-0.32542,-0.218064,0.48086,0.137586,0.344714,0.215316,-0.327097,0.037897,0.236013,-0.488209,-0.181143,-0.038781,0.373438,0.321345,0.418856,0.22899,-0.062503,0.088183,-0.327097,-0.426567,-0.350447,0.0,0.241316,-0.532924,0.350461,0.056355,-0.427254,0.663002,0.114721,-0.355585,0.129287,0.037897,-0.797524,0.513315,-0.427254,0.538295,-0.018017,0.235636,-0.045265,0.262995,0.234427,-0.428025,-0.050257,0.386343,0.02878,-0.307913,0.447589,-0.022899,0.34205,0.355223,-0.550551,0.833577,0.344714,-0.229004,-0.174588,0.234427,0.077213,-0.005602,0.262365,0.330495,0.523441,-0.069466,0.234427,0.254216,0.197097,#
3,0.059878,0.0,-0.522338,1.0,0.101652,0.308846,-0.541301,-0.217758,0.027043,-0.053926,-0.053303,0.088532,0.105995,0.454331,0.0,-0.128476,0.324146,-0.14704,0.093706,0.217758,-0.07166,-0.111832,-0.585913,0.119445,0.217758,-0.480848,-0.181812,0.075079,-0.105591,0.389436,0.176864,0.152383,-0.239295,0.326559,-0.103001,0.458773,-0.228809,0.189682,0.028859,0.245676,0.075079,-0.240181,0.499042,-0.460455,-0.508102,-0.38708,0.41052,-0.02849,-0.132728,-0.014732,-0.368497,0.414293,0.245676,0.041113,0.186406,0.097885,-0.506756,0.005635,-0.159832,-0.085874,-0.455074,-0.391115,-0.317917,-0.777332,-0.020818,-0.438723,0.217758,0.006022,-0.089524,-0.097904,-0.47284,-0.306994,0.0,0.508541,0.475209,-0.720722,-0.18519,0.176634,0.654681,0.259148,-0.065761,0.04566,-0.062218,-0.158077,-0.21125,0.164301,0.427669,0.377681,0.654681,0.322423,0.164961,0.187189,-0.205273,0.532176,0.09372,0.3887,-0.381082,0.426654,0.427669,-0.222791,-0.145575,0.832704,0.211924,0.132956,0.152233,-0.065761,0.3445,-0.280727,-0.355086,0.312014,0.113121,0.161923,0.164961,0.09372,-0.454493,0.322423,0.731444,0.472239,0.345425,0.065164,0.069537,-0.222791,0.508541,-0.39647,-0.169432,0.018799,0.217758,-0.390038,-0.248432,0.117254,0.164961,0.217758,-0.431849,0.084523,0.04566,0.347688,0.161923,-0.508103,0.414293,-0.33326,-0.222791,0.368514,-0.073,-0.291637,0.503699,-0.379689,0.475209,-0.385871,0.211924,0.081266,-0.18519,0.508541,-0.062218,0.326637,0.445628,0.781074,0.0,-0.253758,0.497029,-0.324251,-0.019391,0.3887,-0.232825,0.368171,0.365128,-0.154927,-0.037844,0.760756,-0.101591,0.3887,-0.550969,0.036426,0.186018,0.53207,0.444444,0.018725,-0.028495,-0.443027,-0.428454,0.091403,-0.283828,-0.456009,-0.46085,-0.371887,-0.407199,-0.072468,-0.408416,-0.33326,-0.212397,-0.224853,0.018725,-0.050894,-0.022378,-0.304806,-0.360194,-0.997893,0.522934,0.018725,0.085486,-0.19682,#
4,0.54437,0.0,-0.102487,0.101652,1.0,0.286525,0.329737,0.086576,0.572113,0.797359,0.438769,-0.021492,0.595808,0.127974,0.0,0.660781,0.031366,0.187756,0.567285,0.387531,0.665168,0.277598,-0.002634,0.166271,-0.272096,-0.354312,0.024319,0.148868,0.302564,0.33042,0.005023,-0.108079,0.127675,0.117266,-0.066523,0.415012,-0.408038,-0.427217,0.127217,-0.272096,0.148868,0.085624,-0.338247,0.282973,-0.272096,0.332226,-0.078467,-0.066523,-0.078013,0.120468,0.432096,-0.517112,0.415015,0.087787,0.8038,0.586809,-0.334173,0.463768,0.017672,-0.52781,0.30947,0.534386,0.292929,-0.377313,-0.675517,0.506545,0.415015,0.526672,0.229418,-0.017824,-0.775546,0.122291,0.0,-0.36064,0.057821,0.106881,-0.438349,0.149643,-0.389497,-0.117963,-0.110805,-0.781284,-0.207143,-0.622595,-0.461326,-0.424884,-0.102559,-0.174381,-0.003125,-0.16647,-0.678761,-0.815642,-0.815642,0.131895,-0.666044,-0.120999,0.53816,0.327388,-0.102559,-0.00134,0.487926,0.220028,-0.613473,-0.27009,-0.446676,-0.110805,-0.566377,0.162531,0.133266,-0.625778,0.170559,-0.272096,-0.678761,-0.666044,0.060281,-0.603018,-0.14734,-0.462373,-0.407151,-0.361146,-0.268273,-0.431967,-0.36064,0.033583,0.359936,-0.821277,-0.272096,0.187266,0.147346,-0.239683,-0.678761,-0.272096,-0.825161,-0.239683,-0.781284,0.619332,-0.272096,-0.272096,-0.517112,-0.657975,-0.041532,0.107189,-0.534115,0.294493,0.188385,-0.093764,-0.416122,0.564489,-0.613473,-0.36064,-0.438349,-0.36064,0.23317,-0.408144,0.354841,-0.2161,0.0,0.398293,-0.283331,0.12163,-0.534104,-0.120999,-0.424884,0.23224,0.245375,0.655636,-0.07604,0.27088,-0.110805,-0.120999,-0.260962,0.553379,-0.047544,-0.353402,-0.454949,-0.460931,-0.1025,0.16164,0.158413,0.435079,0.619971,0.512842,0.082904,0.375815,-0.126308,-0.197624,0.144603,-0.117963,0.409071,0.394404,-0.460931,-0.080316,0.528493,0.397643,-0.102323,-0.084566,0.586395,-0.460931,-0.478514,-0.408144,#
5,-0.152304,0.0,0.112659,0.308846,0.286525,1.0,-0.366768,-0.097398,-0.173525,0.106967,-0.000556,0.667435,-0.124474,0.525123,0.0,0.658847,-0.152687,-0.706733,0.172079,0.273844,0.106973,0.127331,-0.067636,0.198266,-0.403708,-0.129771,-0.037637,0.31188,0.150973,0.55591,-0.384555,0.208364,-0.604958,-0.06583,-0.349039,0.476204,-0.605405,-0.065602,0.723202,0.132687,0.31188,-0.098174,0.340979,-0.210547,-0.403708,-0.112219,0.106967,-0.312104,0.300956,-0.200966,0.063527,0.352685,0.302076,-0.136383,0.435851,-0.049156,-0.48586,-0.548383,-0.442699,0.028164,0.450949,0.349306,0.350193,-0.315112,0.029981,-0.010867,0.302076,-0.064021,-0.324109,-0.097645,-0.56683,0.371768,0.0,0.350955,0.440629,-0.018516,-0.228795,-0.182669,-0.042897,-0.432779,0.141098,-0.08112,-0.256191,-0.19782,-0.237013,0.053348,-0.349305,0.164317,0.353974,0.245929,0.069548,-0.025388,-0.42226,-0.168095,-0.188559,0.092905,0.320649,0.092905,-0.349305,0.09456,0.414449,0.117864,0.107396,-0.640161,0.050042,0.141098,0.164317,-0.194755,-0.097893,0.13609,-0.128917,0.273844,0.069548,-0.188559,0.014826,0.13831,0.603783,0.405229,-0.227854,-0.066429,-0.110886,-0.011599,0.350955,-0.08396,-0.208341,-0.11139,-0.403708,0.034978,-0.179492,0.238214,0.069548,-0.403708,-0.535657,0.6354,-0.08112,0.450791,0.273844,0.330307,0.352685,-0.410592,0.389447,0.326072,0.481083,-0.128897,0.430354,-0.293303,0.323791,-0.170804,0.107396,-0.08112,-0.228795,0.350955,-0.147644,-0.605563,0.121495,0.090774,0.0,-0.403712,-0.168095,0.231366,-0.427982,0.092905,-0.348239,-0.216241,-0.195582,0.199099,0.167401,0.050468,0.5759,0.092905,-0.390962,-0.483859,0.050042,-0.130614,0.395082,0.189384,-0.792415,-0.156845,-0.160345,-0.087665,-0.094857,-0.015783,0.322617,0.568951,0.060227,-0.191863,0.298159,-0.277467,0.064961,-0.053755,0.189384,0.017781,-0.053979,0.012771,0.071298,-0.312342,0.288462,0.189384,0.49035,0.347246,#
6,0.436424,0.0,0.542062,-0.541301,0.329737,-0.366768,1.0,0.763181,0.47418,0.498332,0.088014,-0.135241,-0.089019,-0.530285,0.0,0.059807,0.137046,0.506995,0.330368,0.479714,0.550819,0.08874,0.423497,-0.066432,-0.218052,0.001921,-0.215065,-0.093517,-0.336807,0.010973,-0.21116,-0.230878,0.239618,-0.326999,0.066565,0.054897,0.251362,-0.189252,-0.130816,-0.218052,-0.093517,0.263194,-0.518964,0.397351,0.537861,0.364846,-0.428134,0.066565,-0.463876,0.482963,0.363995,-0.59764,-0.218052,-0.02025,0.19459,0.285403,0.003268,0.425492,0.211221,-0.422976,0.180812,0.428245,0.32169,0.294782,-0.30149,0.421196,-0.218052,0.437499,0.535183,-0.045392,-0.003824,0.211247,0.0,-0.552934,-0.539782,0.224758,0.146739,-0.140776,-0.653638,0.282444,0.019755,-0.515854,0.036744,-0.332511,-0.514615,-0.240234,0.02855,-0.385696,-0.244926,-0.381745,-0.216651,-0.653638,-0.210867,-0.09366,-0.533753,-0.42723,0.336449,0.047082,0.02855,-0.248009,-0.036171,-0.372274,-0.241115,-0.115036,-0.651942,0.019755,-0.800357,0.334276,0.311642,-0.797731,0.342996,-0.218052,-0.216651,-0.533753,-0.048274,-0.381745,-0.78309,-0.511583,-0.326282,-0.557283,-0.112957,-0.248009,-0.552934,-0.048036,0.31758,-0.063241,-0.218052,0.400187,0.086592,-0.533851,-0.216651,-0.218052,-0.064247,-0.533851,-0.515854,-0.325401,-0.218052,-0.218052,-0.59764,0.282444,0.165002,-0.327078,-0.428028,0.265136,-0.571888,-0.179466,-0.539782,0.81694,-0.241115,-0.070889,0.146739,-0.552934,0.036744,-0.327078,-0.426543,-0.368344,0.0,0.67881,-0.532894,0.299252,0.057069,-0.42723,0.207797,0.097487,0.044968,0.561334,-0.428028,-0.301117,0.019755,-0.42723,0.541088,0.462663,-0.229732,-0.063241,-0.486513,-0.243791,0.028533,0.402121,0.81454,0.380258,0.253314,0.448741,-0.003435,0.343346,0.356569,-0.295346,0.384099,0.282444,-0.212004,0.251343,-0.243791,0.079046,0.462436,0.69214,0.331785,0.542444,-0.086828,-0.243791,-0.409035,-0.327078,#
7,0.311939,0.0,0.784193,-0.217758,0.086576,-0.097398,0.763181,1.0,0.361247,0.20342,-0.323847,0.324535,-0.408248,-0.211198,0.0,-0.119073,0.303225,0.349825,0.077697,0.666667,0.407434,-0.100901,0.319438,0.107044,-0.166667,-0.211464,-0.511241,0.11773,-0.605324,0.197097,-0.499817,0.231204,-0.24975,-0.24994,-0.327078,0.247945,0.387654,0.012282,0.073068,-0.166667,0.11773,0.400607,-0.190705,0.270636,0.666667,0.203498,-0.327241,0.218052,-0.60726,0.367954,0.276875,0.031547,-0.166667,-0.203153,-0.022882,0.277641,-0.199854,0.321144,-0.022882,-0.323299,0.054554,0.327327,0.179427,0.045504,0.072129,0.320782,-0.166667,0.333231,0.407976,-0.220177,-0.214846,0.199751,0.0,-0.231322,-0.217147,-0.039044,0.144204,-0.406494,-0.499604,0.240141,0.207617,-0.231322,-0.106803,-0.096667,-0.656644,-0.005811,0.218218,-0.116524,-0.011485,-0.111772,0.248394,-0.499604,-0.011485,0.117257,-0.407971,-0.326551,0.117079,0.239915,0.218218,-0.499056,-0.198335,-0.101623,0.22259,-0.407661,-0.498308,0.207617,-0.611749,0.094485,0.101915,-0.609741,0.597267,-0.166667,0.248394,-0.407971,-0.212378,-0.111772,-0.376811,0.153846,-0.249392,-0.761685,0.094617,-0.499056,-0.231322,-0.21133,0.220471,0.308941,-0.166667,0.114706,-0.121567,-0.408046,0.248394,-0.166667,-0.22225,-0.408046,-0.231322,-0.248719,-0.166667,-0.166667,0.031547,0.240141,-0.005803,-0.25,-0.327161,0.180385,-0.656644,-0.353279,-0.217147,0.611766,0.22259,0.300094,0.144204,-0.231322,-0.106803,-0.25,-0.326025,-0.096667,0.0,0.506359,-0.407314,0.094485,0.207617,-0.326551,0.488108,0.416875,-0.101915,0.417491,-0.327161,-0.425632,0.207617,-0.326551,0.641413,0.338961,0.005932,0.308941,0.183061,0.0,-0.32714,0.109771,0.61113,0.337526,-0.248709,0.330839,-0.203455,0.24886,0.258444,-0.474614,0.626341,0.240141,-0.499635,0.00608,0.0,0.208638,0.340936,0.517532,0.240093,0.218218,0.112823,0.0,0.051724,-0.25,#
8,0.99046,0.0,0.005835,0.027043,0.572113,-0.173525,0.47418,0.361247,1.0,0.453927,0.372506,-0.27321,0.589914,-0.297644,0.0,-0.049149,0.338821,0.409198,0.459827,0.211099,0.774082,0.283801,0.145314,0.497156,0.240832,-0.450878,-0.285884,-0.348264,0.305712,-0.051021,-0.183344,-0.201092,-0.17376,0.36116,-0.480404,0.351133,0.383902,-0.264236,-0.371427,0.062438,0.101786,0.384059,-0.467973,-0.062878,0.270564,-0.023798,-0.000473,0.492073,-0.004019,0.519361,0.734157,-0.300525,0.240832,0.040975,0.24567,0.275124,-0.308768,0.662656,0.186481,-0.162313,-0.122619,0.500234,0.452033,-0.524033,-0.446694,0.601333,0.240832,0.634667,0.776567,0.402066,-0.442405,-0.241868,0.0,-0.487167,-0.402302,0.052936,-0.261538,0.018982,-0.25949,0.196933,-0.051404,-0.449247,-0.175393,-0.501067,-0.261328,-0.643114,-0.033089,-0.155383,0.158481,-0.498068,-0.399328,-0.720488,-0.267686,0.101947,-0.432518,-0.538677,0.074311,0.451651,-0.033089,-0.624649,0.170798,0.294543,-0.361349,0.019037,-0.655706,-0.051404,-0.579439,0.492917,0.089622,-0.620438,0.589605,-0.502476,-0.399328,-0.432518,-0.375654,-0.611408,-0.407591,-0.275481,0.235241,-0.48052,-0.3514,-0.736452,-0.487167,-0.011653,0.068769,-0.481284,-0.502476,0.090037,0.369036,-0.4182,-0.399328,0.240832,-0.474644,-0.4182,-0.449247,0.359396,-0.502476,-0.502476,-0.300525,-0.387245,-0.314084,0.227452,-0.609732,-0.052083,-0.319899,-0.217258,-0.525351,0.590585,-0.361349,0.0058,-0.261538,-0.487167,-0.061075,-0.196233,0.471103,-0.169106,0.0,0.722897,-0.347238,-0.016961,0.3706,-0.033407,-0.184932,0.423681,-0.043634,0.435409,-0.490803,0.045558,-0.528403,-0.033407,0.279087,0.629264,-0.223931,0.024857,-0.244349,-0.309149,-0.023344,0.157581,0.146385,0.438046,0.37441,0.132011,0.034656,0.192648,0.200067,0.193272,0.139151,-0.247042,-0.181395,0.618625,-0.309149,0.371384,0.13604,0.285408,0.202511,0.005839,0.124077,-0.309149,-0.300809,-0.330028,#
9,0.436653,0.0,0.034716,-0.053926,0.797359,0.106967,0.498332,0.20342,0.453927,1.0,0.094976,-0.166569,0.368291,-0.027661,0.0,0.525399,0.143356,0.469421,0.788883,0.489388,0.5153,0.100693,0.350329,-0.114773,-0.218161,-0.043016,-0.191298,0.340042,0.130704,0.499073,0.226416,-0.239039,0.247395,0.236313,0.073284,0.061402,-0.327156,-0.237383,0.316727,-0.218161,0.340042,0.20228,-0.025487,0.141109,-0.218161,0.166383,-0.428348,-0.428134,-0.139988,-0.033496,0.341049,-0.666287,-0.218161,-0.06351,0.64464,0.404348,-0.021506,0.355445,-0.215465,-0.423187,0.428451,0.42846,0.146702,-0.187033,-0.33938,0.40149,0.518869,0.417574,0.516707,-0.231554,-0.494511,-0.012367,0.0,-0.547195,-0.110261,-0.127077,-0.576478,-0.135559,-0.653965,-0.264908,0.025819,-0.998398,0.04807,-0.397981,-0.61014,-0.234763,0.03474,-0.380283,-0.239523,-0.376276,-0.288696,-0.653965,-0.653965,0.321599,-0.53402,0.014618,0.757106,0.49558,0.03474,-0.242658,0.37188,0.029819,-0.788229,-0.109438,-0.258767,0.025819,-0.800758,-0.115529,0.323223,-0.401603,-0.107323,-0.218161,-0.288696,-0.53402,-0.11179,-0.376276,-0.295837,-0.606519,-0.326445,-0.551623,-0.107323,-0.242658,-0.547195,-0.139558,0.259045,-0.543577,-0.218161,-0.103477,-0.101783,-0.534118,-0.288696,-0.218161,-0.548139,-0.534118,-0.998398,0.174381,-0.218161,-0.218161,-0.666287,-0.264908,0.176143,-0.327241,-0.428242,0.206574,0.086773,-0.229357,-0.110261,0.785855,-0.788229,-0.547195,-0.576478,-0.547195,0.04807,-0.327241,0.005767,0.038045,0.0,0.648083,-0.123793,0.310655,-0.428233,0.014618,-0.234763,0.038045,0.056416,0.504444,-0.428242,0.199934,0.025819,0.014618,-0.23117,0.424221,0.169363,-0.543577,-0.592763,-0.741628,0.03472,0.339,0.336015,0.255235,0.757256,0.388868,-0.067798,0.276393,0.287038,-0.385538,0.320725,-0.264908,0.211871,0.191849,-0.741628,-0.423491,0.400736,0.635615,-0.23252,0.05404,0.329642,-0.741628,-0.726762,-0.327241,#
10,0.436134,0.0,-0.423717,-0.053303,0.438769,-0.000556,0.088014,-0.323847,0.372506,0.094976,1.0,-0.294289,0.429204,-0.444837,0.0,0.17105,-0.321377,-0.288742,0.338046,-0.215898,0.566031,0.487306,-0.452778,0.341558,-0.215898,-0.05682,0.641214,-0.528326,0.478472,-0.423717,-0.170955,-0.691745,0.286014,-0.32377,0.108482,0.462622,-0.323763,-0.281919,-0.528058,0.378604,-0.528326,-0.323496,-0.610235,-0.121819,-0.215898,-0.088719,0.094976,0.108482,0.182409,0.380607,0.250921,-0.472622,0.566342,0.442419,0.301496,-0.163444,-0.459387,0.088714,0.668789,-0.105783,-0.221219,0.424016,0.419568,-0.152296,-0.752375,0.028972,-0.215898,0.040664,0.049785,0.528343,-0.062231,0.303288,0.0,-0.058452,-0.444956,0.290268,0.221093,0.783118,0.206671,0.337034,-0.423792,-0.058452,0.034866,-0.790457,0.247098,-0.647345,-0.424016,0.073831,0.206671,-0.295541,-0.817995,-0.278472,-0.278472,-0.527631,-0.154277,-0.42301,-0.064089,-0.42301,-0.424016,0.27955,0.057884,0.098984,-0.225253,0.307034,-0.645503,-0.423792,0.073831,0.793678,-0.077884,-0.406036,-0.028976,-0.215898,-0.817995,-0.154277,0.043254,-0.414818,-0.208552,-0.488478,0.093933,0.422018,-0.528563,0.16189,-0.058452,0.454214,-0.247466,-0.583431,-0.215898,0.686948,0.304681,0.325951,-0.817995,-0.215898,-0.102524,0.325951,-0.058452,0.314547,-0.215898,-0.215898,-0.472622,-0.277742,0.16189,0.708709,-0.027465,-0.299392,0.247098,-0.104953,-0.57445,-0.033267,-0.225253,-0.058452,0.221093,-0.058452,0.155172,-0.323847,0.128535,-0.402544,0.0,-0.158611,-0.527631,0.294788,-0.019843,-0.42301,-0.647345,-0.280046,0.164547,0.215843,0.097693,0.349816,-0.423792,-0.42301,-0.142807,0.08785,-0.645503,-0.050779,-0.501762,0.199405,0.067558,-0.000242,-0.008485,0.487393,0.332267,0.086955,0.459093,0.371215,-0.202607,0.422724,-0.48514,-0.130196,0.303457,0.677278,0.199405,0.498552,0.089609,-0.132666,0.35961,0.088081,-0.000249,0.199405,-0.102932,0.122029,#
11,-0.289852,0.0,0.447084,0.088532,-0.021492,0.667435,-0.135241,0.324535,-0.27321,-0.166569,-0.294289,1.0,-0.521552,0.258424,0.0,0.246792,-0.410669,-0.428558,-0.160498,0.182014,0.121732,-0.393991,-0.121771,0.423068,-0.642202,0.133352,-0.1333,0.383896,-0.365156,0.379684,-0.544396,0.470864,-0.517709,-0.306685,-0.332935,0.285319,-0.279888,0.380116,0.510161,0.010303,0.009617,0.350985,0.11614,0.018456,0.250699,-0.035876,-0.166569,-0.092108,-0.136027,-0.302904,-0.11151,0.634441,0.216357,0.141984,0.077247,0.04209,-0.278056,-0.293998,-0.112923,-0.258855,0.148382,0.317,-0.002876,0.022759,0.421979,-0.101113,0.216357,-0.15883,-0.380816,-0.128682,-0.40367,0.65392,0.0,0.129597,0.249646,0.038615,-0.147579,-0.213834,-0.143059,-0.308738,-0.124971,0.173397,-0.491616,0.137313,-0.139483,-0.021792,-0.317001,0.012605,-0.022364,0.115398,0.309805,-0.12176,-0.081528,-0.184643,-0.231777,0.237153,0.021331,-0.183049,-0.317001,0.028458,-0.13635,-0.032519,0.332451,-0.770332,-0.016869,-0.124971,0.012605,-0.068506,-0.488684,-0.010347,0.011819,0.182015,0.309805,-0.231777,0.321447,-0.015516,0.291313,0.632428,-0.503284,-0.374471,-0.131965,-0.10068,0.129597,0.199781,-0.078331,0.144595,-0.02404,-0.066178,-0.136519,0.282199,0.309805,-0.642202,-0.363748,0.40299,0.173397,0.322872,0.182015,0.250699,0.634441,-0.281748,0.021284,0.169995,0.288603,-0.018034,-0.207135,-0.110471,0.107518,-0.012461,0.332451,0.173397,-0.147579,0.129597,-0.359573,-0.499682,-0.147794,-0.061872,0.0,-0.386477,-0.184643,-0.087975,-0.244237,-0.183049,0.018918,0.114905,-0.414319,0.244842,0.296235,-0.327751,0.40395,-0.183049,0.246365,-0.297609,-0.016869,0.121211,0.655447,0.230376,-0.848,-0.000799,-0.013511,0.199372,-0.334267,0.286317,0.29995,0.476425,-0.150724,-0.231138,0.552697,-0.119807,0.00167,0.025305,0.230376,0.302145,0.249177,0.110853,-0.134657,-0.092178,0.371142,0.230376,0.700229,0.195751,#
12,0.561023,0.0,-0.534146,0.105995,0.595808,-0.124474,-0.089019,-0.408248,0.589914,0.368291,0.429204,-0.521552,1.0,0.150428,0.0,0.258142,0.157552,0.272346,0.174458,-0.272166,0.249501,0.298647,0.065205,0.157994,0.408248,-0.363304,0.016055,-0.271214,0.715803,-0.089024,0.395346,-0.065494,0.122352,0.612225,-0.071215,-0.042825,0.091624,-0.431209,-0.25748,-0.272166,0.140756,0.080712,-0.346023,0.12627,-0.272166,0.240002,0.368291,0.356077,0.427849,0.142889,0.452135,-0.386372,0.408248,0.074474,0.414143,0.426398,0.098588,0.524426,0.009342,-0.056566,0.089085,0.089088,0.211614,-0.381674,-0.539097,0.523836,0.408248,0.544164,0.249833,0.37589,-0.350842,-0.489289,0.0,-0.352224,0.062577,0.255034,-0.431721,0.141546,0.004689,-0.112891,-0.097602,-0.352224,-0.198632,-0.207186,0.189229,-0.412772,-0.089087,-0.166497,0.004689,-0.158507,-0.668089,-0.417303,-0.417303,0.141091,-0.261727,-0.125152,0.11572,0.337365,-0.089087,-0.009476,0.559429,0.224521,-0.603859,0.141952,-0.038749,-0.097602,-0.166497,0.154293,0.141952,-0.214759,0.17865,-0.272166,-0.668089,-0.261727,0.047293,-0.5908,-0.141999,-0.455354,0.133631,0.066817,-0.255904,-0.435906,-0.352224,0.020915,0.332752,-0.808227,-0.272166,-0.046827,0.545922,-0.244011,-0.668089,0.408248,-0.388857,-0.244011,-0.352224,0.609234,-0.272166,-0.272166,-0.386372,-0.64764,-0.435906,0.102062,-0.534251,0.267293,0.189229,0.378105,-0.406747,0.166502,-0.603859,-0.352224,-0.431721,-0.352224,0.237389,0.102062,0.798596,-0.207186,0.0,0.402113,0.141091,-0.279655,-0.097602,0.337365,-0.412772,0.236784,0.24964,0.235994,-0.080642,0.270299,-0.53424,0.337365,-0.261856,0.535549,-0.038749,-0.344912,-0.448404,-0.456439,0.347241,0.152894,-0.249493,-0.022966,0.609211,0.071667,0.069663,-0.11699,-0.121496,0.41733,-0.268883,-0.112891,0.396925,0.38222,-0.456439,-0.085176,0.073854,-0.01565,-0.098017,-0.089087,0.157145,-0.456439,-0.478636,-0.408248,#
13,-0.35816,0.0,-0.021558,0.454331,0.127974,0.525123,-0.530285,-0.211198,-0.297644,-0.027661,-0.444837,0.258424,0.150428,1.0,0.0,0.435208,0.350303,-0.212252,-0.351581,0.218687,-0.497988,0.073452,0.031579,-0.316949,0.248645,-0.500533,-0.243514,0.481493,0.097172,0.448789,0.143461,0.745742,-0.361821,0.372877,-0.172842,0.056051,-0.200141,-0.316715,0.591561,-0.500285,0.60846,-0.211905,0.508837,0.254691,-0.500285,0.334478,0.469124,-0.00196,0.134854,-0.325523,-0.117177,0.405999,0.248645,-0.507341,0.24698,0.4407,-0.007559,-0.130016,-0.716125,0.10958,0.394182,-0.331435,-0.156596,-0.305823,0.046972,0.146327,0.248645,0.095518,-0.497917,-0.46483,-0.49162,-0.331665,0.0,0.480514,0.978867,-0.11369,-0.213406,-0.407872,0.140481,-0.380495,0.489201,0.022025,-0.120622,0.32068,-0.213664,0.604529,0.331436,0.31783,0.245764,0.769988,0.156002,0.15906,-0.262073,0.456798,0.031427,0.324261,0.164809,0.466807,0.331436,0.204228,0.548675,0.280009,0.185461,-0.435982,0.617589,0.489201,0.31783,-0.745445,0.178229,0.299349,0.138923,0.218687,0.156002,0.031427,0.042106,0.294165,0.719102,0.46353,-0.15325,0.041072,0.483308,-0.265142,0.480514,-0.456512,0.392798,-0.00646,0.038944,-0.35668,-0.16643,0.039564,0.156002,0.248645,-0.453124,0.144931,0.022025,0.371055,0.218687,0.278602,0.405999,-0.356951,-0.158752,-0.18873,-0.010097,0.459806,0.4945,0.196248,0.462284,-0.357183,0.185461,0.022025,-0.213406,0.480514,0.359305,0.215692,0.486387,0.255523,0.0,-0.207463,0.456798,-0.293274,-0.501414,0.466807,0.178393,0.301133,0.316372,-0.08774,0.376018,0.076788,0.469977,0.466807,-0.539879,-0.025399,0.617589,-0.026859,0.438202,0.010048,-0.122306,-0.377899,-0.381373,-0.501018,-0.252649,-0.028156,-0.367112,-0.263506,-0.273654,-0.34107,0.10492,0.231645,0.181068,-0.630297,0.010048,-0.508729,-0.069035,-0.239792,-0.250974,-0.472639,0.432304,0.010048,0.128919,-0.166262,#
14,0.0,0.0,0.0,0.0,0.0,0.0,0.0,0.0,0.0,0.0,0.0,0.0,0.0,0.0,0.0,0.0,0.0,0.0,0.0,0.0,0.0,0.0,0.0,0.0,0.0,0.0,0.0,0.0,0.0,0.0,0.0,0.0,0.0,0.0,0.0,0.0,0.0,0.0,0.0,0.0,0.0,0.0,0.0,0.0,0.0,0.0,0.0,0.0,0.0,0.0,0.0,0.0,0.0,0.0,0.0,0.0,0.0,0.0,0.0,0.0,0.0,0.0,0.0,0.0,0.0,0.0,0.0,0.0,0.0,0.0,0.0,0.0,0.0,0.0,0.0,0.0,0.0,0.0,0.0,0.0,0.0,0.0,0.0,0.0,0.0,0.0,0.0,0.0,0.0,0.0,0.0,0.0,0.0,0.0,0.0,0.0,0.0,0.0,0.0,0.0,0.0,0.0,0.0,0.0,0.0,0.0,0.0,0.0,0.0,0.0,0.0,0.0,0.0,0.0,0.0,0.0,0.0,0.0,0.0,0.0,0.0,0.0,0.0,0.0,0.0,0.0,0.0,0.0,0.0,0.0,0.0,0.0,0.0,0.0,0.0,0.0,0.0,0.0,0.0,0.0,0.0,0.0,0.0,0.0,0.0,0.0,0.0,0.0,0.0,0.0,0.0,0.0,0.0,0.0,0.0,0.0,0.0,0.0,0.0,0.0,0.0,0.0,0.0,0.0,0.0,0.0,0.0,0.0,0.0,0.0,0.0,0.0,0.0,0.0,0.0,0.0,0.0,0.0,0.0,0.0,0.0,0.0,0.0,0.0,0.0,0.0,0.0,0.0,0.0,0.0,0.0,0.0,0.0,0.0,0.0,0.0,0.0,0.0,0.0,0.0,#
15,-0.084395,0.0,0.077001,-0.128476,0.660781,0.658847,0.059807,-0.119073,-0.049149,0.525399,0.17105,0.246792,0.258142,0.435208,0.0,1.0,-0.172493,-0.310722,0.230014,0.249095,0.160599,0.246091,0.264944,-0.169113,-0.407858,-0.074309,0.040368,0.262207,0.267741,0.506775,-0.005259,0.103921,-0.077935,-0.088458,0.094903,0.147069,-0.611628,-0.432209,0.661043,-0.407858,0.262207,-0.119798,-0.075171,0.354849,-0.407858,0.49799,0.071467,-0.334846,0.289071,-0.074582,0.183134,-0.332636,0.276468,-0.114124,0.796157,0.396605,-0.084589,-0.213739,-0.39266,-0.278385,0.809962,0.370941,0.439085,0.070591,-0.385734,0.359253,0.276468,0.312821,-0.274052,-0.129523,-0.498756,0.28993,0.0,-0.086047,0.352338,0.401422,-0.277101,-0.184773,-0.413383,-0.448545,0.104569,-0.504985,-0.252105,-0.251938,-0.283413,0.002481,-0.370941,-0.228216,-0.028577,0.178163,-0.440834,-0.396406,-0.781211,-0.203122,-0.550393,0.057901,0.67564,0.057901,-0.370941,0.423735,0.773193,-0.281578,-0.397536,-0.603763,-0.000584,0.104569,-0.228216,-0.172734,0.258756,-0.263905,-0.165206,0.249095,-0.440834,-0.550393,0.362335,-0.256616,0.080572,-0.293102,-0.610299,-0.079504,-0.147724,-0.005147,-0.086047,-0.09487,0.368352,-0.537325,-0.407858,0.280701,0.1168,-0.132051,-0.440834,-0.407858,-0.533972,0.253059,-0.504985,0.412576,0.249095,0.303841,-0.332636,-0.427032,0.383706,-0.098543,0.087492,0.441429,0.363664,0.126943,-0.119683,0.227282,-0.397536,-0.504985,-0.277101,-0.086047,0.186423,-0.611787,0.085673,-0.311474,0.0,-0.013443,-0.203122,0.240431,-0.800594,0.057901,-0.386896,-0.269799,0.14395,0.558038,0.130073,-0.00466,0.526152,0.057901,-0.389939,-0.074251,-0.000584,-0.555964,-0.301008,-0.220351,-0.370729,0.23522,0.22573,-0.153369,0.414537,0.357734,0.347732,0.579892,0.087723,-0.222306,0.252188,0.110792,0.429591,-0.000599,-0.220351,-0.335918,0.332083,0.385537,0.096487,0.112895,0.24176,-0.220351,-0.114117,-0.078013,#
16,0.311884,0.0,0.15629,0.324146,0.031366,-0.152687,0.137046,0.303225,0.338821,0.143356,-0.321377,-0.410669,0.157552,0.350303,0.0,-0.172493,1.0,0.318002,0.02356,0.569695,-0.157238,0.423704,0.246557,-0.404481,0.753468,-0.756338,-0.487828,0.05888,-0.025317,0.137794,0.042195,0.234643,-0.247845,0.427439,-0.324583,0.182963,0.426879,-0.495654,0.019506,-0.165395,0.615224,-0.247824,0.355137,0.023447,-0.165395,0.077288,0.284762,0.252453,-0.192236,0.345356,0.25256,-0.013914,-0.165395,-0.757043,-0.075271,0.220856,-0.159307,0.251246,-0.495782,0.31574,0.024061,-0.276706,0.068146,-0.488519,-0.18537,0.299216,-0.165395,0.31135,0.38687,-0.361955,-0.176948,-0.751613,0.0,0.297805,0.323236,-0.404681,0.143104,-0.403393,0.042424,0.23831,0.736725,-0.170962,0.394511,-0.039304,-0.561131,0.484385,0.757937,0.375813,0.472998,0.385301,0.246499,0.042424,0.042424,0.636933,0.141379,-0.32406,0.058433,0.800229,0.757937,-0.49525,0.260442,0.403393,0.220892,0.157326,0.061486,0.736725,-0.061029,-0.404356,0.606827,-0.044821,0.592711,-0.165395,0.246499,0.141379,-0.753619,0.385301,0.237306,0.152673,0.482948,-0.16589,0.592711,-0.49525,0.297805,-0.749901,0.181956,0.306584,-0.165395,-0.202364,-0.265853,-0.404934,0.246499,0.753468,-0.16104,-0.404934,-0.170962,-0.246821,-0.165395,-0.165395,-0.013914,0.23831,-0.060147,-0.248093,-0.324665,0.142176,0.162909,-0.33216,0.323236,0.029463,0.220892,0.297805,0.143104,0.297805,0.394511,0.441054,0.28759,0.413695,0.0,0.468079,0.174204,0.038417,0.264999,0.300545,0.484385,0.413695,0.404551,-0.184136,-0.324665,0.125151,0.147068,0.300545,-0.208858,0.312105,0.506281,0.306584,0.128233,0.0,0.288573,-0.435735,0.013337,-0.285329,-0.286621,-0.30077,-0.755508,-0.455674,0.217614,-0.38545,0.019936,0.23831,-0.495824,-0.506783,0.0,-0.342922,-0.309949,-0.081723,0.201033,-0.32483,0.02049,0.0,-0.290868,-0.248093,#
17,0.347812,0.0,0.059226,-0.14704,0.187756,-0.706733,0.506995,0.349825,0.409198,0.469421,-0.288742,-0.428558,0.272346,-0.212252,0.0,-0.310722,0.318002,1.0,0.181729,0.138303,0.12662,-0.267195,0.31965,-0.150791,0.273894,-0.019856,-0.343932,0.173565,-0.176946,-0.008324,0.441441,0.065334,0.451067,0.410742,0.129499,-0.413671,0.452231,0.037436,-0.268689,-0.404061,0.157146,0.452722,-0.132392,0.32114,0.32813,0.217429,-0.343647,0.111759,-0.435546,-0.033731,0.14457,-0.381896,-0.404061,-0.024015,-0.06199,0.460675,0.460877,0.795989,0.046601,-0.314119,-0.129594,-0.111843,-0.398666,0.031568,0.033132,0.324169,0.273894,0.349147,0.562251,-0.209737,-0.012556,-0.419674,0.0,-0.621337,-0.198586,-0.18677,-0.355861,-0.176244,-0.401125,0.048191,-0.010032,-0.500284,0.085248,0.192773,-0.255635,-0.070343,0.466905,-0.3389,-0.496431,-0.327929,0.017355,-0.401125,0.027751,0.601083,-0.1669,0.094229,0.147987,0.444472,0.466905,-0.399774,-0.158128,0.060499,-0.47328,0.263175,-0.009266,-0.010032,-0.661211,-0.147105,0.163679,-0.270203,0.188492,-0.404061,0.017355,-0.1669,-0.069321,-0.327929,-0.541538,-0.39676,-0.065686,-0.532503,0.172135,-0.399774,-0.621337,-0.095029,0.452974,-0.140441,0.301012,-0.421792,0.033297,-0.575935,0.017355,0.273894,-0.047527,-0.989253,-0.500284,-0.143112,-0.404061,-0.404061,-0.381896,0.048191,-0.496082,-0.606092,-0.793157,0.355792,-0.442609,0.168484,-0.198586,0.641633,-0.47328,-0.154418,-0.355861,-0.621337,0.085248,0.431179,0.058352,0.075792,0.0,0.792517,0.259673,-0.261446,0.111785,0.075796,0.363629,0.527005,0.100666,0.110778,-0.349222,-0.045656,-0.445093,0.075796,0.280641,0.768045,0.318912,-0.140441,-0.366538,-0.691279,0.572741,0.276107,0.199805,0.186723,0.40154,0.311559,-0.483105,-0.454981,0.037209,-0.196476,0.175246,0.048191,0.030101,0.024136,-0.691279,-0.323243,0.321067,0.358037,-0.440339,0.14735,0.16284,-0.691279,-0.735838,-0.606092,#
18,0.526985,0.0,-0.110129,0.093706,0.567285,0.172079,0.330368,0.077697,0.459827,0.788883,0.338046,-0.160498,0.174458,-0.351581,0.0,0.230014,0.02356,0.181729,1.0,0.375536,0.648957,0.180313,0.057084,0.149386,-0.27194,0.108507,0.022916,0.133616,0.20467,0.314096,0.004854,-0.651465,0.137386,0.106998,-0.057942,0.295638,-0.407803,-0.005089,0.112348,0.427333,0.133616,0.075996,0.089562,-0.414043,-0.27194,-0.419875,-0.533939,-0.533672,-0.052509,0.016735,0.305476,-0.52552,-0.27194,0.095995,0.387872,-0.163843,-0.334177,0.079609,0.032891,-0.159328,0.076295,0.534077,0.21531,-0.369304,-0.247016,0.051868,0.401434,0.066772,0.64982,-0.006221,-0.306604,0.126101,0.0,-0.359461,-0.43122,-0.370098,-0.425014,0.164419,-0.381485,-0.107992,-0.118296,-0.772355,0.241111,-0.629491,-0.447919,-0.431617,-0.110207,-0.173375,-0.002231,-0.609735,-0.144178,-0.381485,-0.381485,0.116998,-0.225509,-0.128931,0.53048,0.311195,-0.110207,-0.424723,0.035023,0.213652,-0.612005,0.190044,-0.453542,-0.118296,-0.55815,0.177564,0.133217,-0.18114,-0.275219,-0.27194,-0.144178,-0.225509,-0.417028,-0.16546,-0.154831,-0.472158,0.083563,-0.344813,-0.275219,0.013526,-0.359461,0.042791,-0.366996,-0.352219,-0.27194,-0.035648,-0.266044,-0.231751,-0.144178,-0.27194,-0.337469,-0.231751,-0.772355,0.050947,-0.27194,-0.27194,-0.52552,-0.107992,0.396769,0.116546,-0.067625,-0.432401,0.189822,-0.625015,0.051111,0.557277,-0.612005,-0.359461,-0.425014,-0.359461,-0.206995,-0.407909,-0.136788,0.22579,0.0,0.39127,-0.290578,0.567564,-0.058659,-0.128931,-0.431617,-0.230485,-0.19936,0.225567,-0.533807,0.371123,-0.118296,-0.128931,-0.259302,0.07422,-0.061763,-0.352219,-0.465183,-0.451716,-0.094554,0.162551,0.159761,0.43708,0.62086,0.060853,0.091787,0.377339,0.391871,-0.185089,0.130442,-0.657562,-0.008394,0.40245,-0.451716,-0.071428,0.06271,0.391186,-0.091523,-0.076297,0.134068,-0.451716,-0.478238,0.116546,#
19,0.193908,0.0,0.508817,0.217758,0.387531,0.273844,0.479714,0.666667,0.211099,0.489388,-0.215898,0.182014,-0.272166,0.218687,0.0,0.249095,0.569695,0.138303,0.375536,1.0,0.271623,0.269069,0.106479,-0.271727,-0.111111,-0.508101,-0.327718,0.428874,-0.403549,0.48086,-0.333211,0.12268,-0.1665,-0.166627,-0.218052,0.546751,-0.166623,-0.332976,0.369187,-0.111111,0.428874,-0.166486,0.254274,0.158945,-0.111111,0.135665,-0.218161,-0.218052,-0.60073,0.215387,0.151023,-0.126189,-0.111111,-0.508575,0.302552,0.295269,-0.507963,0.112145,-0.333062,-0.215533,0.218213,0.218218,0.119618,-0.328183,-0.247827,0.184956,-0.111111,0.192923,0.244786,-0.613826,-0.508615,0.049938,0.0,0.200062,0.217147,-0.416468,0.096136,-0.270996,-0.333069,0.160094,0.494925,-0.508492,0.265029,-0.406805,-0.984967,0.325405,0.509175,0.252468,0.317756,0.258841,0.165596,-0.333069,-0.333069,0.427886,-0.271981,-0.2177,0.427235,0.537587,0.509175,-0.332704,0.108183,0.270996,0.148393,-0.271774,-0.332205,0.494925,-0.407832,-0.271643,0.407661,-0.406494,0.398178,-0.111111,0.165596,-0.271981,-0.506275,0.258841,0.15942,0.102564,-0.166261,-0.50779,0.398178,-0.332704,0.200062,-0.503777,0.14698,0.205961,-0.111111,0.076469,-0.553802,-0.272031,0.165596,-0.111111,-0.508001,-0.272031,-0.508492,-0.165812,-0.111111,-0.111111,-0.126189,0.160094,0.324967,-0.166667,-0.218107,0.120257,0.109441,-0.665184,0.217147,0.384405,0.148393,0.200062,0.096136,0.200062,0.265029,-0.166667,-0.21735,0.277916,0.0,0.314451,-0.271543,0.397622,-0.218103,-0.2177,0.325405,0.277916,0.271774,0.256917,-0.218107,0.084076,0.494925,-0.2177,-0.140309,0.225974,0.340115,0.205961,0.086146,0.0,-0.218093,-0.292723,0.3862,0.225018,-0.192549,0.198054,-0.507543,0.140769,0.146191,-0.833616,0.396037,0.160094,-0.33309,-0.340452,0.0,-0.230372,0.204098,0.323724,0.135052,-0.218218,0.407048,0.0,-0.195402,-0.166667,#
20,0.797605,0.0,0.105933,-0.07166,0.665168,0.106973,0.550819,0.407434,0.774082,0.5153,0.566031,0.121732,0.249501,-0.497988,0.0,0.160599,-0.157238,0.12662,0.648957,0.271623,1.0,0.147313,-0.083296,0.650845,-0.407434,-0.100517,0.016664,-0.206259,0.119063,0.036222,-0.42574,-0.416789,-0.06024,-0.133383,-0.31912,0.547847,-0.091441,-0.034028,-0.230016,0.271623,-0.206259,0.367989,-0.553914,-0.105015,0.271623,-0.12529,-0.331522,0.125089,-0.15723,0.369308,0.553787,-0.332132,0.298785,0.366898,0.395293,0.110966,-0.522493,0.411227,0.443151,-0.432804,-0.097797,0.800184,0.458122,-0.326978,-0.432226,0.34264,0.217298,0.368007,0.56516,0.368616,-0.488771,0.398789,0.0,-0.496206,-0.569351,0.089084,-0.220914,0.280579,-0.362189,0.152989,-0.363994,-0.496206,-0.245619,-0.733551,-0.300588,-0.819163,-0.355638,-0.220287,0.035564,-0.639476,-0.470301,-0.800185,-0.402432,-0.221272,-0.569902,-0.423581,0.196833,0.038014,-0.355638,-0.383968,-0.044077,0.153929,-0.370954,-0.150463,-0.884621,-0.363994,-0.62383,0.696782,-0.174888,-0.716061,0.272742,-0.407434,-0.470301,-0.569902,-0.121667,-0.656733,-0.433415,-0.30871,-0.133364,-0.49346,-0.587888,-0.400991,-0.496206,0.324583,-0.135013,-0.529181,-0.407434,0.336492,0.208027,-0.137685,-0.470301,-0.407434,-0.526756,-0.137685,-0.496206,0.390606,-0.407434,-0.407434,-0.332132,-0.402041,0.000946,0.427806,-0.347074,-0.233006,-0.300588,-0.394468,-0.588086,0.649781,-0.370954,-0.063172,-0.220914,-0.496206,-0.228213,-0.611151,0.066948,-0.290467,0.0,0.403572,-0.648728,0.246376,0.097407,-0.423581,-0.416684,0.145725,-0.215923,0.60608,-0.328965,0.053952,-0.363994,-0.423581,0.305433,0.384539,-0.473731,-0.048294,-0.275526,-0.191323,-0.356146,0.255719,0.293607,0.776987,0.422328,0.373026,0.362597,0.613281,0.105937,0.072887,0.238881,-0.380694,-0.008803,0.811465,-0.191323,0.55573,0.38441,0.419638,0.169966,0.106691,0.262829,-0.191323,-0.11942,-0.101859,#
21,0.314466,0.0,0.106347,-0.111832,0.277598,0.127331,0.08874,-0.100901,0.283801,0.100693,0.487306,-0.393991,0.298647,0.073452,0.0,0.246091,0.423704,-0.267195,0.180313,0.269069,0.147313,1.0,0.002686,-0.208124,0.297097,-0.530607,0.38424,-0.103801,0.578483,-0.368972,-0.373118,-0.285975,-0.0588,-0.090163,-0.315357,0.467322,-0.090581,-0.882486,-0.12831,0.128929,0.320453,-0.60475,-0.101913,0.08539,-0.403604,0.082133,0.137133,0.124676,0.161748,0.296411,0.575671,-0.336351,0.297097,-0.565866,0.024756,-0.159192,-0.425856,-0.045262,-0.031041,0.507958,0.223851,0.333946,0.518321,-0.287034,-0.687478,0.432001,-0.403604,-0.040259,0.096738,-0.09223,-0.096298,-0.154522,0.0,0.353474,0.040169,0.148391,0.42196,0.188792,-0.034573,0.063881,0.584237,-0.075489,0.558582,-0.570391,-0.191947,0.061172,0.106422,0.569251,0.359441,0.250687,-0.387496,-0.01719,-0.01719,-0.121842,0.222485,-0.790782,0.337406,0.14278,0.106422,0.07768,0.489995,0.157026,0.110366,0.189334,-0.315844,0.584237,0.169502,0.197027,0.727698,-0.235035,0.287799,-0.403604,-0.387496,0.222485,-0.412565,0.143843,0.146477,-0.201478,0.326606,0.362678,0.3057,-0.027715,0.353474,-0.042216,-0.146957,-0.105393,-0.403604,0.518894,-0.171726,0.229637,-0.387496,0.297097,-0.099312,0.229637,-0.075489,-0.03194,-0.403604,0.325125,-0.336351,0.085908,0.370443,0.31952,0.048582,-0.068759,0.470613,-0.287096,-0.075827,-0.14687,0.110366,0.353474,0.42196,0.353474,0.666347,-0.07988,0.169964,-0.283875,0.0,0.028229,-0.54528,0.62008,0.019256,-0.314475,0.061172,-0.174145,0.21595,-0.173901,0.160694,-0.010074,0.13458,-0.314475,-0.349551,0.006515,0.091182,-0.124478,-0.239398,0.423045,0.115531,-0.525785,-0.122685,-0.041152,-0.031571,0.027932,-0.061145,0.124536,0.129333,-0.147044,-0.091431,0.218074,0.084477,-0.010837,0.423045,0.039253,-0.457975,-0.355221,0.610435,0.14312,-0.11183,0.423045,-0.122647,0.340541,#
