0,1.0,0.235978,-0.213087,0.0,-0.418993,0.027768,0.007891,-0.288339,0.20225,0.823203,-0.214579,0.415072,0.503227,0.194663,0.445862,0.498607,0.014536,0.235068,-0.481061,0.244566,-0.499452,-0.088012,0.235978,0.40316,0.308304,0.23959,-0.2452,0.357633,0.0074,-0.210188,0.309568,-0.418343,-0.000588,0.008724,-0.438924,0.222786,0.216979,-0.307961,0.471704,-0.228618,0.480451,-0.135058,0.212596,0.441506,0.527778,0.023699,0.049773,0.250467,-0.219912,-0.516046,0.211313,-0.626478,-0.190687,-0.383898,-0.390896,-0.212783,0.371701,0.0,0.105376,0.39391,0.321292,-0.019364,-0.695347,0.41226,0.334084,-0.299879,0.357633,-0.123314,-0.487451,-0.650875,-0.419812,-0.014766,0.0,0.015104,0.400807,-0.195223,-0.430501,0.415197,-0.39996,-0.022208,0.03328,-0.39996,-0.234125,0.015104,-0.579596,-0.232426,0.3874,-0.419167,0.250272,-0.193204,-0.653936,-0.646547,-0.0,-0.311308,0.015104,-0.242225,-0.60951,0.300239,0.32066,-0.234125,0.334447,-0.267509,0.015104,-0.212311,0.640091,0.217979,-0.010777,0.0,-0.24984,0.160201,0.500254,-0.20773,0.195011,0.217979,0.195884,0.363039,-0.004754,-0.60951,0.277572,-0.277338,-0.203323,0.22258,-0.221255,0.0,-0.419812,0.222165,-0.193204,0.069584,-0.262217,-0.193204,-0.417167,0.0,-0.39996,0.412688,-0.417167,-0.19925,-0.332968,-0.499198,0.334289,-0.60951,-0.234125,-0.234125,-0.234125,0.430262,-0.12601,0.32382,0.018498,0.506189,-0.031951,0.0,-0.559927,0.001041,-0.332968,-0.201832,-0.247143,-0.499198,0.483432,0.093359,0.32066,-0.011427,0.226089,-0.025818,0.0,-0.201853,-0.472151,0.396516,-0.499452,0.196428,-0.332968,-0.499452,-0.208529,-0.206906,0.0,0.32066,0.476871,-0.39996,-0.201832,-0.033389,0.168136,-0.39996,0.168136,-0.018935,-0.01772,-0.359857,0.393582,-0.103348,0.175129,0.392728,-0.608497,0.195355,-0.826584,-0.016446,0.476871,0.175129,-0.06743,-0.081101,0.056242,-0.234472,0.001041,0.418017,#
1,0.235978,1.0,-0.06176,-0.233037,-0.371734,0.777158,0.361146,-0.21231,0.661743,0.355606,0.237493,0.095703,0.244402,0.50899,0.51992,-0.243588,0.519111,0.630697,0.044309,0.406645,-0.212047,0.710057,0.513669,0.082682,-0.508913,0.425845,-0.210384,0.226184,-0.103153,-0.642095,0.394408,-0.149961,-0.080238,0.3176,-0.087202,0.661954,0.445145,-0.478774,-0.290164,-0.548648,-0.223241,-0.366237,0.431877,-0.358311,0.309534,-0.097663,-0.248191,-0.281895,0.026281,-0.340627,-0.396442,-0.46695,0.205807,-0.126872,-0.232881,-0.155171,-0.175479,-0.212047,0.28185,0.132159,0.539483,-0.200599,-0.428721,-0.240127,-0.452464,-0.464533,0.226184,-0.056999,-0.591951,-0.017351,-0.256658,-0.496501,-0.363585,-0.103882,-0.095092,0.155672,-0.078332,-0.095092,-0.50651,0.35445,-0.196195,-0.50651,-0.518252,0.346272,-0.222894,0.229901,0.079944,0.116664,0.425707,-0.508913,0.425707,-0.410193,-0.53657,-0.212527,-0.103882,-0.230515,-0.634392,0.488495,-0.226446,-0.536761,-0.187309,0.05891,-0.103882,0.661063,0.528129,-0.055527,0.375569,0.0,-0.064923,-0.065005,0.339103,-0.086192,-0.433411,-0.074036,-0.20847,0.054854,-0.762981,-0.651537,0.324273,-0.513301,-0.1984,0.425785,-0.421668,0.0,-0.256658,-0.440455,-0.018849,-0.023233,-0.268358,-0.508913,-0.333426,0.086568,-0.50651,-0.512982,-0.350975,0.513777,0.197911,-0.196195,0.318787,-0.651537,-0.518252,-0.037018,-0.518252,0.187155,-0.278194,0.415743,-0.212047,0.394273,0.240168,0.0,-0.321826,-0.331615,0.226184,0.425707,0.047649,-0.217995,0.619497,0.760892,-0.226446,-0.095092,0.44399,-0.077626,0.0,0.03702,0.40114,0.548571,-0.212047,0.561873,0.197911,0.318071,0.073458,-0.449245,0.0,-0.226446,0.277151,-0.523976,0.407198,0.346482,0.653438,-0.50651,0.653438,-0.202579,0.024899,-0.165344,0.357613,0.399682,0.051183,-0.069184,-0.632241,0.995149,-0.523976,0.360295,-0.302221,0.524345,-0.302221,0.327162,0.358859,0.05891,-0.331615,0.518663,#
2,-0.213087,-0.06176,1.0,-0.326952,0.358562,-0.230468,0.525432,0.20944,-0.654268,0.083133,-0.212715,-0.534232,-0.77152,-0.02348,0.350262,-0.327175,0.334429,0.290863,-0.060102,0.512048,-0.327254,0.404861,0.425381,-0.079104,-0.218169,-0.42837,-0.204887,0.490881,-0.359371,-0.218978,-0.434344,0.252872,-0.801267,0.756992,0.118158,-0.225725,0.099829,-0.146873,-0.322809,0.529207,-0.327169,-0.735424,-0.279699,-0.166591,0.116057,0.54266,-0.242148,-0.518634,0.44295,-0.209734,-0.048317,0.450404,0.239386,0.105718,-0.506419,-0.577162,0.193593,0.224987,-0.160205,0.409394,0.207146,0.21411,-0.027522,-0.454776,-0.165543,-0.399425,0.490881,-0.697134,-0.276527,0.396794,-0.418675,-0.372787,-0.083501,0.083501,-0.363146,-0.159545,0.091611,-0.363146,0.066452,0.100112,0.755804,0.066452,-0.428476,0.083501,0.214078,0.23397,0.362988,-0.096318,0.035706,0.508051,0.053559,0.412644,-0.36739,0.203467,0.083501,-0.207646,-0.232453,-0.498723,0.216884,0.053559,-0.505036,-0.039573,0.083501,0.222347,-0.527536,-0.428476,0.546252,0.0,0.062623,-0.426373,0.219616,0.541803,-0.532714,0.053559,0.217057,-0.052911,0.209102,0.214078,-0.199711,0.347112,0.207162,0.062702,0.423841,0.0,-0.418675,0.423841,0.508051,0.41009,0.231334,0.508051,-0.102502,0.350702,0.066452,0.300418,0.354525,-0.04596,0.518152,0.209102,-0.664476,0.214078,-0.428476,-0.428476,-0.428476,-0.332064,0.500551,0.289506,0.204534,-0.383889,0.330113,0.0,-0.211968,0.318714,-0.218169,0.517742,-0.04596,0.776832,0.261143,0.058369,0.216884,0.091722,0.044442,-0.363146,0.0,-0.053564,-0.004431,0.368233,-0.327254,-0.185585,0.518152,0.224987,-0.072017,0.094202,0.0,0.216884,-0.233747,0.521321,0.053559,-0.3355,-0.206564,0.066452,-0.206564,0.214941,0.833019,0.20059,-0.362028,0.393599,-0.038399,0.082939,-0.236423,-0.039478,0.083299,-0.348875,-0.233747,-0.038399,-0.79259,0.143084,0.314676,0.435303,0.318714,0.362988,#
3,0.0,-0.233037,-0.326952,1.0,0.126687,-0.389536,-0.611648,0.255761,-0.030459,-0.092695,-0.019213,-0.407741,0.261709,-0.208534,-0.407741,0.411286,-0.407638,-0.491741,-0.403672,-0.326952,-0.249769,-0.350996,-0.762665,-0.407775,0.698073,0.190111,0.490043,-0.166513,0.42766,-0.007286,0.254645,0.169111,0.420936,-0.249714,0.4076,-0.015486,0.20318,0.36585,0.48852,0.246271,0.411796,0.215695,0.036336,-0.32485,-0.245732,-0.085841,0.268821,0.122978,-0.761679,0.267806,-0.193867,0.371408,-0.023005,0.44989,0.169088,0.106169,0.21564,-0.249769,0.189252,-0.294374,0.156513,-0.261463,0.31454,0.219559,-0.208195,0.422104,-0.166513,0.590818,0.515906,-0.196683,0.111146,0.431975,0.121577,0.407871,0.417173,-0.136646,0.426731,0.417173,0.417173,-0.112228,-0.249642,0.417173,0.763058,0.407871,-0.013809,-0.002648,0.12897,0.0963,0.197053,-0.326858,0.197053,0.335531,0.426731,0.186817,-0.082359,0.510506,0.510506,0.186817,0.197229,0.23898,0.180633,0.353146,0.407871,-0.013809,0.344234,0.763058,-0.107461,0.0,-0.326858,0.823121,-0.249642,-0.326944,0.353146,0.23898,-0.499143,-0.403829,0.416984,0.510506,0.322783,0.416079,-0.00829,0.226763,-0.187721,0.0,0.111146,-0.187721,-0.326858,-0.146826,0.217784,-0.326858,0.625858,0.121577,0.417173,-0.258485,0.625858,-0.234637,-0.166513,-0.249642,0.334347,0.510506,0.763058,0.763058,0.763058,0.288202,0.403302,0.26234,-0.249769,-0.219062,0.275821,0.0,0.275821,0.266962,-0.166513,0.197053,0.335531,-0.249642,-0.48167,-0.441424,0.197229,-0.077368,-0.326858,0.417173,0.0,0.327052,-0.581261,-0.395607,-0.249769,0.011685,-0.166513,0.350638,-0.213313,0.723079,0.0,0.197229,0.277304,0.417173,0.197053,-0.229369,-0.485093,0.417173,-0.485093,-0.238616,-0.393626,0.168734,-0.593374,0.031443,0.320251,-0.067163,0.512665,-0.207142,0.417173,0.394148,-0.353649,0.320251,0.277304,-0.086536,0.254421,-0.762051,0.266962,-0.407669,#
4,-0.418993,-0.371734,0.358562,0.126687,1.0,-0.626119,0.238216,0.305229,-0.397605,-0.190802,0.007925,-0.666296,-0.591901,-0.797404,-0.269918,0.117064,0.174017,-0.016312,0.198146,-0.096611,0.106991,-0.025059,0.082682,-0.241756,0.414757,-0.534265,0.455037,-0.272101,-0.174315,0.401649,-0.429323,0.305542,-0.147551,0.096502,0.682232,-0.400898,0.358015,0.155442,0.18122,0.797528,0.117474,-0.036398,-0.240393,-0.038698,-0.401555,0.655295,-0.093827,-0.408751,0.081358,0.418314,0.109456,0.486426,0.001383,0.202646,0.230615,0.212815,-0.39874,0.106991,0.163656,0.518326,0.235367,0.131973,0.531085,-0.466975,0.146579,0.19371,-0.272101,-0.069875,0.346992,0.056879,0.269793,-0.169225,0.595329,-0.174716,-0.574907,-0.414564,0.673541,-0.574907,0.250145,-0.587176,0.092226,0.250145,-0.084743,0.245897,-0.021984,-0.003732,0.170075,0.174597,-0.534397,-0.101659,0.347617,0.523132,-0.166327,0.26675,0.245897,0.001157,0.410572,-0.388269,-0.413784,0.347617,-0.370095,0.551525,-0.174716,0.001157,-0.332752,-0.084743,-0.175,0.0,-0.093831,-0.058006,-0.407944,0.353674,-0.35081,0.347617,-0.413336,-0.659905,0.621818,0.394551,0.241541,0.093035,-0.417915,-0.531774,0.537162,0.0,0.269793,0.08075,0.356246,0.673958,0.176214,-0.101659,0.589113,0.579152,0.250145,-0.028246,0.572716,-0.357627,0.388339,0.621818,-0.481892,0.394551,-0.084743,0.364912,-0.084743,-0.030402,0.165161,0.248337,-0.408152,-0.448335,0.42155,0.0,0.42155,-0.114356,0.414757,-0.102037,0.095335,0.601449,-0.304003,-0.514844,-0.413784,0.257398,-0.07622,-0.150595,0.0,0.084747,-0.279395,-0.25524,0.106991,-0.35291,0.388339,0.087178,-0.362428,0.381177,0.0,-0.413784,-0.099291,0.233825,-0.102037,0.114565,0.017958,0.250145,0.017958,0.102214,0.200451,0.236678,-0.566185,0.268126,-0.359322,0.273812,0.408603,-0.341016,0.658137,-0.423685,-0.099291,0.082789,-0.099291,-0.560406,0.380163,0.091511,-0.114356,-0.256251,#
5,0.027768,0.777158,-0.230468,-0.389536,-0.626119,1.0,0.116655,-0.25785,0.51688,0.110355,0.029242,0.398589,0.384892,0.74812,0.398589,-0.401745,0.397709,0.484917,0.391054,0.307823,0.243685,0.339022,0.218266,-0.103903,-0.666072,0.329892,-0.488601,0.178702,0.07058,-0.483756,0.577475,-0.119643,0.09376,0.243171,-0.398466,0.517093,-0.188638,-0.349974,-0.453645,-0.789998,-0.378359,-0.220006,0.51404,-0.273527,0.235844,-0.410605,-0.236045,-0.113985,0.21499,-0.284561,-0.313733,-0.355439,-0.006956,0.073664,-0.154125,-0.05313,-0.129189,-0.365528,0.266062,-0.320305,-0.107303,-0.358076,-0.318229,-0.200351,-0.430322,-0.404195,0.178702,0.157207,-0.504865,0.175307,-0.132295,-0.359854,-0.616801,0.079587,0.094226,0.402528,-0.388206,0.094226,-0.378576,0.615503,-0.347248,-0.378576,-0.223341,0.099484,-0.007115,0.020711,-0.106997,-0.064763,0.329694,-0.20277,0.329694,-0.307716,-0.40846,-0.153103,0.079587,-0.015872,-0.480009,0.652512,-0.16402,-0.244612,-0.158609,-0.304044,0.079587,0.516133,0.235094,-0.223341,0.133457,0.0,0.307464,-0.233451,0.267917,-0.258542,-0.325805,-0.244612,0.020711,0.411571,-0.9986,-0.499713,-0.257185,-0.386915,0.026563,0.330566,-0.316657,0.0,-0.132295,-0.338247,-0.181109,-0.387133,-0.202159,-0.20277,-0.582043,-0.099484,-0.378576,-0.390256,-0.60221,0.754113,0.146211,-0.347248,0.529452,-0.499713,-0.223341,-0.202071,-0.223341,-0.260956,-0.368886,-0.216947,0.243685,0.346236,-0.210452,0.0,-0.235292,-0.250863,0.178702,0.329694,0.218437,-0.3723,0.476959,0.909833,-0.16402,0.094226,0.350786,0.114298,0.0,0.202086,0.588555,0.437433,0.243685,0.713801,0.146211,0.243685,0.267784,-0.724706,0.0,-0.16402,-0.165654,-0.398648,0.308423,0.286286,0.514294,-0.378576,0.514294,-0.349206,-0.163405,-0.082274,0.63045,-0.001375,0.232012,-0.377654,-0.476484,0.784143,-0.398648,0.2977,-0.191262,0.252926,-0.191262,0.606582,-0.154428,0.239971,-0.250863,0.397179,#
6,0.007891,0.361146,0.525432,-0.611648,0.238216,0.116655,1.0,-0.186497,0.027145,0.17792,0.418675,-0.144761,-0.374771,-0.01958,0.250329,-0.612066,0.241734,0.348002,0.200855,0.071738,-0.098744,0.552277,0.814085,0.270145,-0.408142,-0.341504,0.004725,0.276483,-0.676602,-0.399537,-0.42282,0.419496,-0.649955,0.394516,0.160496,0.017448,0.308345,-0.149574,-0.172838,0.072181,-0.109195,-0.503885,-0.060333,0.194464,-0.179385,0.166862,0.127531,-0.432703,0.342346,-0.403864,0.382885,-0.153432,-0.018165,-0.312724,-0.334052,-0.297447,-0.301836,0.414725,-0.05625,0.664343,0.390359,0.434142,-0.097777,-0.284911,0.022457,-0.166875,0.276483,-0.522359,-0.322626,-0.191899,-0.370858,-0.7015,-0.161248,-0.677243,-0.676422,-0.271853,0.144994,-0.676422,-0.253489,0.144994,0.414514,-0.253489,-0.801575,-0.257997,-0.43248,0.387859,0.235624,0.245852,-0.353383,0.08631,0.077572,-0.105637,-0.692144,-0.310197,-0.257997,-0.43248,-0.416512,-0.310197,-0.327486,-0.370621,-0.220356,0.330662,-0.677243,0.397882,-0.099151,-0.801575,0.567476,0.0,0.068755,-0.404118,0.414514,0.083675,-0.568739,-0.370621,0.40419,0.210739,-0.113357,-0.43248,0.137535,-0.206645,-0.010764,-0.325414,0.33828,0.0,-0.370858,-0.116648,0.542726,0.739276,-0.361615,0.08631,-0.172972,0.241873,-0.253489,-0.009141,-0.189316,-0.105637,0.250152,0.414514,-0.54906,-0.43248,-0.801575,-0.353383,-0.801575,0.040378,0.003986,0.257803,-0.098744,0.363738,0.588834,0.0,0.065426,-0.443272,0.276483,0.077572,-0.105637,0.394211,0.439069,0.116369,-0.327486,0.153178,0.542726,-0.253489,0.0,-0.543049,0.233142,0.640197,-0.098744,-0.236976,0.250152,-0.118493,-0.110472,-0.444388,0.0,-0.327486,0.096634,-0.269755,-0.370621,0.380852,0.390203,-0.253489,0.390203,0.396207,0.25692,-0.28417,0.154156,0.215096,-0.534424,0.584045,-0.419223,0.328363,-0.269755,-0.145018,0.096634,-0.093749,-0.442959,0.100778,0.175791,0.789181,-0.443272,0.235624,#
7,-0.288339,-0.21231,0.20944,0.255761,0.305229,-0.25785,-0.186497,1.0,-0.292334,-0.310876,-0.170665,-0.51988,-0.113696,-0.342866,-0.51988,0.116537,0.185689,-0.301291,-0.38959,0.083775,0.113776,0.031407,-0.21231,-0.398106,0.170664,-0.551635,-0.112068,0.170664,-0.424667,0.279219,0.036074,0.142547,-0.304807,0.111068,-0.162463,-0.286137,0.00821,-0.09552,-0.463849,0.214211,-0.579761,-0.0201,0.459314,-0.077226,0.089159,0.396245,0.030609,0.189068,0.400308,0.607191,-0.086871,0.517538,-0.372606,0.380914,-0.057181,-0.220266,-0.07871,-0.597326,0.459083,0.060229,0.025052,-0.592207,0.526507,-0.01912,0.106548,-0.14777,0.170664,0.189612,0.397013,0.37531,-0.037975,0.46545,0.301919,0.278694,0.392432,0.052185,-0.161553,-0.271384,0.509575,-0.27976,0.255866,0.509575,0.211038,0.394816,0.166745,-0.272454,0.300134,-0.258612,0.211038,0.208589,0.211038,0.531476,-0.27976,-0.127651,0.278694,0.281743,0.396739,-0.127651,-0.137972,0.086898,0.020569,-0.065618,0.278694,0.396739,-0.058803,0.211038,-0.169035,0.0,0.082171,0.333534,0.255866,0.090142,-0.192617,0.086898,-0.272454,-0.307771,0.255866,0.281743,-0.014293,0.528624,0.395326,0.224536,-0.184808,0.0,-0.037975,0.403219,0.335008,0.061288,0.924744,0.208589,0.417833,0.301918,0.509575,-0.155353,0.300134,-0.302213,-0.018963,0.255866,-0.254817,0.281743,0.211038,0.335178,0.211038,0.021304,-0.183716,0.221933,0.113776,-0.523889,0.055571,0.0,-0.089401,0.590438,0.170664,0.211038,0.531476,0.109657,-0.269222,-0.127018,-0.137972,-0.271384,-0.381362,0.509575,0.0,0.40967,-0.206408,-0.345402,0.113776,0.015898,-0.018963,0.113776,-0.15104,0.344348,0.0,-0.137972,0.092477,0.392432,0.086898,0.289131,-0.349874,0.509575,-0.349874,0.302795,0.236437,0.951195,-0.245794,0.678998,0.42186,-0.049717,0.396391,-0.14667,0.392432,-0.542309,-0.056983,0.543916,-0.056983,-0.198305,0.617863,-0.192617,0.590438,0.182434,#
8,0.20225,0.661743,-0.654268,-0.030459,-0.397605,0.51688,0.027145,-0.292334,1.0,0.011622,0.609152,0.419592,0.504768,0.178358,-0.002875,-0.02128,0.012156,0.122114,-0.045387,-0.222988,0.00781,0.408417,0.231179,0.407631,-0.333211,0.64107,0.202056,-0.333211,-0.004624,-0.185449,0.18138,-0.303369,0.407141,-0.499706,-0.013382,0.590606,0.405561,-0.175354,-0.066874,-0.654256,-0.002549,0.428564,0.220411,-0.066615,0.066649,-0.416557,0.078275,0.241287,-0.249365,0.002284,-0.190285,-0.714915,0.177234,-0.466654,0.341163,0.340349,-0.359092,0.00781,0.003708,-0.10624,0.365666,0.027857,-0.229435,0.256632,-0.09194,0.09923,-0.333211,0.214543,-0.094342,-0.237511,0.21894,-0.013507,-0.003188,-0.427229,-0.024658,0.218588,0.002885,-0.024658,-0.403469,-0.020555,-0.499562,-0.403469,-0.228363,-0.012753,-0.209789,0.197688,-0.419028,0.422387,0.197688,-0.654082,0.21473,-0.650453,-0.013343,-0.347556,-0.411287,-0.216805,-0.194002,0.297905,-0.368837,-0.654414,0.336253,0.220452,-0.427229,0.193652,0.638879,0.197688,-0.0091,0.0,-0.227926,0.186742,-0.006691,-0.233911,0.203017,-0.228363,-0.20594,-0.07576,-0.499562,-0.604459,0.573035,-0.655365,-0.207859,0.171779,-0.650795,0.0,0.21894,-0.668093,-0.202858,-0.217905,-0.398844,-0.654082,0.008258,-0.401722,-0.403469,-0.598358,-0.411846,0.200286,-0.333211,0.022302,0.329306,-0.604459,-0.228363,0.21473,-0.228363,0.575934,-0.584011,0.194911,-0.499817,0.54111,-0.003096,0.0,-0.003096,-0.522359,0.343624,-0.228363,-0.228898,-0.499562,0.148355,0.273218,-0.368837,-0.410616,0.223298,-0.008577,0.0,-0.231794,0.449983,-0.014431,0.00781,0.14198,-0.333211,-0.011714,0.205568,-0.212729,0.0,-0.368837,0.508063,-0.821589,0.197688,0.505487,0.591537,-0.403469,0.591537,0.007461,-0.457073,-0.331788,0.38758,0.104452,-0.241499,0.00728,-0.192146,0.619536,-0.403469,0.505066,-0.004873,0.194162,0.508063,-0.083073,0.084964,-0.215415,-0.522359,-0.015081,#
9,0.823203,0.355606,0.083133,-0.092695,-0.190802,0.110355,0.17792,-0.310876,0.011622,1.0,-0.39205,0.266607,0.117369,0.334772,0.666773,0.387957,0.225858,0.452194,-0.225118,0.524982,-0.612078,0.006827,0.355606,0.254339,0.2587,0.095223,-0.443561,0.28537,0.150503,-0.435364,0.417111,-0.294011,-0.257725,0.407584,-0.258527,0.002046,0.332043,-0.609844,0.399572,0.0659,0.407538,-0.438751,0.240364,0.066303,0.398253,0.156161,-0.350372,-0.319093,-0.086833,-0.437129,-0.06163,-0.496823,-0.002411,-0.216488,-0.343836,-0.100957,0.49442,-0.092012,0.307651,0.52248,0.364841,-0.116483,-0.540439,-0.160111,-0.058067,-0.620738,0.28537,-0.309269,-0.781497,-0.543404,-0.290173,-0.24003,-0.182919,0.150255,0.158258,-0.510302,-0.258432,0.158258,-0.658203,0.166439,-0.077113,-0.658203,-0.364907,0.150255,-0.414855,0.002665,0.665556,-0.586621,0.089044,-0.33871,-0.364907,-0.53204,-0.258432,-0.281268,0.150255,-0.017701,-0.819197,0.380011,0.405103,0.071585,-0.254805,-0.097149,0.150255,-0.001527,0.349322,0.071585,0.182266,0.0,0.080109,0.061013,0.427837,0.060083,-0.097149,0.508076,0.019206,0.226382,-0.097677,-0.414855,0.166301,-0.176811,-0.396471,0.064079,-0.085853,0.0,-0.290173,0.357198,-0.33871,0.279348,-0.191851,-0.33871,-0.585178,0.241714,-0.658203,0.494886,-0.171332,-0.100154,0.2587,-0.611766,0.31678,-0.414855,-0.364907,-0.364907,-0.364907,0.051911,0.035528,0.434792,-0.092012,0.466654,0.107273,0.0,-0.42286,0.098346,-0.408052,0.089044,-0.100154,-0.097677,0.792676,0.289956,0.405103,0.158258,0.097889,-0.253634,0.0,-0.106514,-0.384608,0.688553,-0.612078,0.371013,0.2587,-0.112014,-0.547644,-0.257423,0.0,0.405103,0.090256,-0.246311,0.071585,-0.100965,0.395216,-0.658203,0.395216,-0.087903,0.193713,-0.29168,0.159479,0.011063,0.31426,0.182266,-0.818102,0.339642,-0.674678,-0.10499,0.090256,0.31426,-0.45627,0.121433,0.171309,-0.079287,0.098346,0.665556,#
10,-0.214579,0.237493,-0.212715,-0.019213,0.007925,0.029242,0.418675,-0.170665,0.609152,-0.39205,1.0,0.016005,0.019404,-0.147848,-0.400115,-0.49988,-0.392903,-0.317283,-0.057138,-0.654508,0.0,0.431622,0.237493,0.42004,-0.333333,0.223905,0.598165,-0.333333,-0.39205,-0.196913,-0.484893,0.343427,0.015899,-0.499889,0.391657,0.209252,0.380494,0.267943,-0.073457,-0.212499,-0.010201,0.353281,-0.218217,0.040522,-0.491919,-0.413542,0.538138,0.123092,-0.252769,0.029242,0.227793,-0.275681,0.174449,-0.462053,0.318689,0.162895,-0.426704,0.5,-0.356032,0.019976,0.342484,0.523409,0.198386,0.284398,-0.033445,0.53203,-0.333333,-0.0,0.344255,-0.238663,0.133498,-0.066519,0.0,-0.816497,-0.423279,-1e-06,0.392493,-0.423279,-0.01144,-0.023088,-0.014278,-0.01144,-0.218218,-0.408248,-0.213375,0.585743,-0.425287,0.815942,-0.218218,-0.234568,0.218218,-0.232035,-0.023088,-0.373979,-0.816497,-0.213375,0.190915,-0.373979,-0.394823,-0.654654,0.361599,0.632528,-0.816497,0.190915,0.196887,-0.218218,0.384528,0.0,-0.234568,0.1916,-0.014278,-0.206682,0.186038,-0.654654,0.172277,-0.087059,-0.014278,-0.213375,0.538469,-0.208232,0.181677,-0.1916,-0.246108,0.0,0.133498,-0.689103,0.209876,0.219126,-0.411057,-0.234568,0.402299,-0.408248,-0.01144,-0.539997,-0.011494,-0.232035,-0.333333,0.499745,-0.360399,-0.213375,-0.218218,0.218218,-0.218218,0.556693,-0.151378,0.175055,-0.5,0.438528,0.467205,0.0,0.467205,-0.534417,0.333333,-0.218218,-0.232035,-0.014278,-0.188413,-0.277447,-0.394823,-0.423279,0.209876,-0.01144,0.0,-0.654709,0.415173,-0.052796,0.0,-0.542443,-0.333333,0.0,0.184569,0.065795,0.0,-0.394823,0.476178,-0.423279,-0.218218,0.459162,0.168321,-0.01144,0.168321,0.477674,-0.386265,-0.36174,-0.03916,0.08465,-0.657082,0.384528,0.189051,0.179229,-0.01144,0.477467,-0.04926,-0.227967,0.476178,-0.083852,0.054946,0.186038,-0.534417,-0.425287,#
11,0.415072,0.095703,-0.534232,-0.407741,-0.666296,0.398589,-0.144761,-0.51988,0.419592,0.266607,0.016005,1.0,0.388808,0.478402,0.16688,0.0822,-0.25794,-0.02552,0.120971,-0.092312,0.092027,-0.239368,0.095703,0.587528,-0.272078,0.362348,-0.429144,-0.272078,0.233953,0.001517,0.235005,-0.459663,0.225959,-0.408027,-0.591573,-0.009179,-0.325271,-0.314191,0.034094,-0.534223,0.101391,0.427829,0.059373,0.320379,0.170642,-0.593856,-0.099046,0.319146,0.077386,-0.128703,0.088308,-0.782958,-0.007107,-0.567784,0.278173,0.393267,0.242748,0.112032,-0.193737,-0.246016,-0.402093,0.097111,-0.348847,0.307032,0.15978,-0.136739,-0.272078,-0.080018,-0.374157,-0.303667,0.267073,0.221439,-0.258087,-0.182948,0.229415,0.033045,-0.59048,0.229415,-0.587177,0.233532,-0.407909,-0.587177,-0.09779,-0.591314,-0.00701,-0.003125,-0.259569,-0.253714,-0.09779,-0.089507,-0.534351,-0.80625,0.240922,-0.43394,-0.182948,-0.014199,-0.411416,0.227445,0.244033,-0.09779,0.243478,-0.367816,-0.182948,-0.418606,0.068142,-0.09779,-0.174369,0.0,0.347162,-0.133086,0.097121,-0.103508,0.525423,-0.09779,0.41046,0.538429,-0.407909,-0.411416,-0.193617,-0.357429,-0.005088,-0.148418,-0.367102,0.0,0.267073,0.07602,-0.53408,-0.390448,-0.343893,-0.089507,-0.666123,-0.666453,-0.587177,0.350143,-0.666123,0.065477,-0.272078,-0.407909,0.358855,-0.411416,-0.09779,-0.534351,-0.09779,-0.036125,-0.495856,-0.428857,0.092027,0.6457,-0.627877,0.0,-0.118053,-0.119744,-0.272078,-0.534351,-0.374295,-0.407909,0.352633,0.249721,0.244033,-0.182543,-0.097411,-0.182543,0.0,-0.373728,0.352168,0.149985,0.092027,0.087342,-0.272078,-0.408118,0.05408,-0.500714,0.0,0.244033,-0.13823,-0.587177,-0.09779,0.086411,0.377148,-0.587177,0.377148,0.10703,-0.304402,-0.431962,0.627571,-0.536045,0.051079,-0.174369,-0.410413,0.041483,-0.587177,0.089856,0.38736,-0.378159,0.38736,0.166602,-0.624959,0.078803,-0.119744,0.154343,#
12,0.503227,0.244402,-0.77152,0.261709,-0.591901,0.384892,-0.374771,-0.113696,0.504768,0.117369,0.019404,0.388808,1.0,0.202674,-0.096426,0.238114,-0.10688,-0.059671,-0.133359,-0.235742,0.237696,-0.290206,-0.31188,-0.111337,0.174634,0.322002,0.006809,0.174634,0.097963,-0.012878,0.579724,-0.178688,0.602813,-0.380485,-0.40848,0.504978,-0.215635,0.200339,0.258393,-0.750601,0.261883,0.261251,0.512346,0.347536,0.22997,-0.400899,0.422896,0.635324,-0.35456,-0.254388,0.226241,-0.346566,-0.516671,0.082058,-0.151265,-0.047898,-0.123192,-0.368672,0.274032,-0.288188,-0.104903,-0.361482,-0.331555,0.620067,0.269643,0.213147,0.174634,0.689524,0.114771,-0.398263,-0.23745,0.134235,-0.106941,0.087137,0.60134,0.387295,-0.378105,0.60134,0.130745,0.096766,-0.350475,0.130745,0.321803,0.106941,-0.507076,-0.490504,-0.094343,-0.072377,0.321803,-0.208171,-0.207478,-0.299763,0.105726,-0.14876,0.087137,-0.005884,0.022445,0.653094,-0.159423,-0.22865,0.660041,-0.295766,0.087137,0.013728,0.777918,0.321803,-0.387761,0.0,-0.239313,0.341291,0.261817,-0.785872,0.22405,-0.22865,0.01092,0.401806,-0.350475,-0.487464,0.055028,-0.282329,0.016745,0.322702,-0.308493,0.0,-0.23745,-0.329982,-0.186612,-0.399675,-0.196985,-0.208171,-0.065348,-0.087137,0.130745,-0.268236,-0.587243,0.202606,-0.666196,-0.350475,0.720788,-0.487464,0.321803,0.342974,0.321803,0.359606,-0.359331,-0.210839,0.237696,0.340364,-0.204112,0.0,-0.228836,-0.244506,0.174634,-0.207478,0.223933,-0.998784,-0.126022,0.182783,-0.159423,0.101888,0.3428,0.621318,0.0,0.207491,-0.228719,-0.084517,0.237696,0.429311,-0.666196,-0.368672,0.251795,-0.308317,0.0,-0.159423,0.437131,-0.388684,-0.22865,0.280495,-0.0,0.130745,-0.0,-0.35221,-0.657461,-0.128294,0.615981,-0.279777,0.203998,0.141312,0.026988,0.231135,-0.388684,0.291677,0.411642,0.224814,0.411642,0.069033,-0.194043,-0.317425,-0.244506,-0.114415,#
13,0.194663,0.50899,-0.02348,-0.208534,-0.797404,0.74812,-0.01958,-0.342866,0.178358,0.334772,-0.147848,0.478402,0.202674,1.0,0.478402,-0.347198,-0.002891,0.205681,0.093919,0.341534,-0.208727,0.126145,0.010327,0.031086,-0.501525,0.364144,-0.645145,0.252212,0.299284,-0.721868,0.54206,-0.058518,-0.146708,0.356086,-0.476163,0.182862,-0.288351,-0.399566,-0.267496,-0.522715,-0.19847,-0.336947,0.273921,-0.370216,0.198091,-0.589766,-0.237518,-0.202328,0.026167,-0.398008,-0.35095,-0.293014,0.164269,0.031671,-0.239426,-0.162047,0.532927,-0.186985,0.035093,-0.432763,-0.218286,-0.217656,-0.346647,-0.118948,-0.608499,-0.481483,0.252212,-0.090705,-0.623564,0.049074,-0.203179,-0.110495,-0.891181,0.305345,0.317283,0.103759,-0.475682,0.317283,-0.462742,0.88972,-0.170746,-0.462742,-0.01708,-0.13847,0.166331,0.296562,0.131654,-0.305137,0.362486,0.001181,-0.01708,-0.346778,-0.132323,-0.240684,-0.156223,0.264001,-0.607211,0.478115,0.509015,-0.036059,-0.235412,-0.35153,0.305345,0.281581,0.017979,-0.13095,0.459577,0.0,0.45643,-0.026995,0.378125,-0.160877,0.017366,-0.149929,0.296562,0.592199,-0.751904,-0.167698,-0.409298,0.07493,0.301788,0.37626,-0.35873,0.0,-0.203179,0.007277,-0.481984,-0.44991,-0.132706,0.001181,-0.760035,-0.323097,-0.462742,0.076349,-0.310192,0.485914,0.223222,-0.751904,0.460753,-0.167698,-0.01708,-0.491539,-0.01708,-0.398678,0.078114,-0.170079,0.356576,0.430967,-0.208458,0.0,-0.230621,0.199856,-0.501525,0.476356,0.122674,-0.193098,0.607156,0.729974,0.509015,-0.040892,-0.007408,-0.022983,0.0,-0.001899,0.379443,0.610694,-0.208727,0.533376,0.223222,0.356576,0.036919,-0.460064,0.0,0.509015,-0.317453,-0.015023,0.343508,-0.189613,0.159338,-0.462742,0.159338,-0.178635,-0.023246,-0.185965,0.318661,-0.18184,0.501371,-0.470725,-0.605055,0.503477,-0.480651,0.398498,-0.340301,0.034871,-0.340301,0.877921,-0.296438,0.13386,0.199856,0.473535,#
14,0.445862,0.51992,0.350262,-0.407741,-0.269918,0.398589,0.250329,-0.51988,-0.002875,0.666773,-0.400115,0.16688,-0.096426,0.478402,1.0,0.0822,0.55893,0.854014,0.104641,0.792182,-0.408118,0.367085,0.51992,0.158805,-0.272078,0.362348,-0.429144,0.421455,0.233953,-0.407011,0.209136,-0.435235,-0.171632,0.611663,-0.167155,0.410066,0.166101,-0.44427,0.034094,-0.109103,0.101391,-0.615042,-0.091968,-0.165215,0.599078,0.250338,-0.570052,-0.419617,0.094351,-0.655994,-0.333653,-0.331046,0.405347,-0.144139,-0.484939,-0.310642,0.267582,0.112032,-0.079774,0.253529,0.285029,0.097111,-0.797502,-0.339514,-0.239,-0.640121,0.421455,-0.512376,-0.877541,0.068755,-0.381025,-0.592988,-0.258087,0.241753,-0.158741,0.051406,-0.174779,0.245893,-0.570698,0.25755,0.126829,-0.570698,-0.534351,0.241753,-0.00701,0.004228,0.178258,-0.253714,0.356234,-0.071724,-0.09779,-0.348886,-0.174779,0.26635,0.241753,-0.411416,-0.815823,0.26635,0.283151,-0.09779,-0.402421,-0.359876,0.241753,0.009167,0.093745,-0.09779,0.26948,0.0,-0.089507,-0.531729,0.126829,0.327202,-0.359876,0.338772,0.020771,0.168197,-0.407909,-0.411416,-0.060039,-0.435538,-0.390356,0.329954,0.093745,0.0,-0.381025,0.101623,-0.071724,-0.048514,-0.369809,-0.071724,-0.666123,0.166613,-0.570698,0.257545,-0.252211,0.522841,0.39478,-0.407909,0.204354,-0.411416,-0.534351,-0.534351,-0.534351,-0.183539,0.178476,0.220532,0.112032,0.098259,-0.088596,0.0,-0.618814,-0.090483,-0.272078,0.356234,-0.348886,0.106262,0.702073,0.627158,0.283151,0.245893,0.364945,-0.570698,0.0,0.080334,0.08927,0.59994,-0.408118,0.458283,0.39478,0.092027,0.072258,-0.369086,0.0,0.283151,-0.104067,-0.158741,0.338772,-0.407727,0.387509,-0.570698,0.387509,-0.425389,0.515333,-0.390148,0.236906,0.001355,0.07898,-0.150126,-0.815639,0.511475,-0.587177,0.089856,-0.104067,0.07898,-0.65068,0.241371,-0.000586,0.104608,-0.090483,0.592171,#
15,0.498607,-0.243588,-0.327175,0.411286,0.117064,-0.401745,-0.612066,0.116537,-0.02128,0.387957,-0.49988,0.0822,0.238114,-0.347198,0.0822,1.0,0.091981,0.04617,-0.403948,0.214107,-0.24994,-0.363534,-0.243588,0.077447,0.682842,0.200386,0.021341,-0.166627,0.408346,0.484157,0.254819,-0.671105,0.401745,-0.249884,-0.091973,-0.024992,0.235469,-0.181037,0.475502,0.236025,0.40006,0.312028,0.036361,0.134644,0.45491,0.401283,-0.307904,0.273873,-0.242718,0.244104,-0.204336,-0.181041,0.005751,-0.067933,0.170359,0.256811,0.214568,-0.24994,0.183789,0.158204,0.157773,-0.261642,-0.213641,0.188033,0.352727,-0.114417,-0.166627,0.130153,-0.020552,-0.185972,0.220263,0.43227,0.612225,0.40815,0.417459,-0.125928,-0.082146,0.417459,-0.087125,-0.611681,-0.249812,-0.087125,0.22886,0.40815,-0.004293,-0.499484,0.119309,-0.407873,0.207471,-0.327082,-0.327248,-0.202892,0.427023,0.186944,0.40815,0.01552,0.01552,0.186944,0.197364,0.22886,0.149111,-0.193652,0.40815,-0.499628,0.344469,0.763579,-0.611602,0.0,-0.327082,0.260289,-0.249812,0.200386,0.353387,0.763579,-0.499484,-0.404105,0.405158,0.01552,0.323003,-0.157667,-0.499493,0.143854,-0.198287,0.0,0.220263,0.344469,-0.327082,-0.157682,0.217933,-0.327082,0.119309,0.112041,-0.087125,0.295339,0.119309,-0.224439,-0.166627,-0.249812,0.334576,0.01552,0.22886,0.22886,0.22886,0.313201,-0.152826,0.262519,-0.24994,-0.219212,-0.348446,0.0,-0.348446,0.267144,-0.166627,-0.327248,-0.202892,-0.249812,-0.07463,-0.238143,0.197364,-0.087125,-0.327082,-0.087125,0.0,0.327275,-0.566347,-0.395878,-0.24994,0.134853,-0.166627,-0.24994,-0.237544,0.401125,0.0,0.197364,0.238032,-0.087125,0.207471,-0.229526,-0.009518,-0.087125,-0.009518,-0.23878,0.060424,0.120551,-0.113996,0.036784,0.288242,-0.077093,0.016677,-0.230672,-0.087125,-0.238676,0.238032,0.288242,0.238032,-0.604786,0.210578,-0.762572,0.267144,0.09903,#
16,0.014536,0.519111,0.334429,-0.407638,0.174017,0.397709,0.241734,0.185689,0.012156,0.225858,-0.392903,-0.25794,-0.10688,-0.002891,0.55893,0.091981,1.0,0.869926,0.222522,0.785075,0.120893,0.491465,0.519111,-0.261925,-0.27201,-0.09487,-0.354701,0.382829,-0.182814,0.033283,0.23373,-0.341563,-0.15629,0.593358,-0.134401,0.401593,0.205013,-0.436219,-0.402473,-0.100575,-0.407909,-0.507766,0.356144,-0.157835,0.586572,0.671005,-0.59009,-0.30134,0.535012,-0.100164,-0.351119,0.024112,0.025883,0.188761,-0.370085,-0.271914,-0.363054,-0.408015,0.416072,0.374924,0.309421,-0.386105,-0.332121,-0.517486,-0.037147,-0.63704,0.382829,-0.174262,-0.483812,0.445158,-0.248811,-0.515674,0.181995,0.234434,-0.17426,0.280825,-0.135023,-0.17426,-0.158701,-0.166423,0.097097,-0.158701,-0.534217,0.666286,0.009164,-0.393634,0.162581,-0.221944,0.339657,-0.097386,0.372633,0.099657,-0.574632,0.305178,0.666286,-0.403227,-0.387953,0.305178,-0.393785,-0.089036,-0.416268,-0.31712,0.234434,0.421556,0.110458,-0.089036,-0.158478,0.0,-0.080596,-0.531596,0.097097,0.344344,-0.789425,0.356145,-0.409254,-0.219894,-0.407807,-0.403227,-0.011121,-0.450179,-0.413877,0.310966,0.110458,0.0,-0.248811,0.093722,0.372755,0.08306,0.173176,-0.097386,-0.228238,0.583,-0.158701,-0.200043,-0.243871,0.548112,0.408015,0.135936,0.073524,-0.403227,-0.534217,-0.072548,-0.534217,-0.163968,-0.284803,0.245264,0.083114,-0.357853,-0.069319,0.0,-0.569954,-0.099462,0.433201,0.339657,0.099657,0.116516,0.376337,0.650665,-0.393785,0.26139,0.372755,-0.158701,0.0,0.534257,0.143483,0.19946,0.120893,0.591939,0.408015,0.102004,0.12165,-0.362414,0.0,-0.393785,-0.046897,-0.17426,0.356145,0.161265,0.464698,-0.158701,0.464698,-0.389796,0.539582,0.31979,0.282274,0.529589,0.098688,-0.14263,-0.386903,0.568151,-0.143142,-0.389628,-0.046897,0.552613,-0.563013,-0.123818,0.455854,0.12145,-0.099462,0.584665,#
17,0.235068,0.630697,0.290863,-0.491741,-0.016312,0.484917,0.348002,-0.301291,0.122114,0.452194,-0.317283,-0.02552,-0.059671,0.205681,0.854014,0.04617,0.869926,1.0,0.298893,0.776078,-0.065084,0.500176,0.630697,-0.033076,-0.32813,0.192946,-0.313198,0.376943,0.012172,-0.186126,0.206446,-0.400775,-0.07916,0.586006,-0.071692,0.539775,0.242409,-0.406757,-0.144022,-0.177511,-0.093699,-0.564921,0.113027,-0.126427,0.579543,0.477541,-0.578443,-0.39856,0.294064,-0.463506,-0.307563,-0.233862,0.23185,-0.018795,-0.422009,-0.251691,-0.217438,-0.085422,0.162202,0.375895,0.359826,-0.072074,-0.641867,-0.466528,-0.111285,-0.596542,0.376943,-0.324963,-0.717229,0.218711,-0.316771,-0.728946,-0.006643,0.122888,-0.317087,0.212775,-0.073817,-0.000651,-0.417602,0.010706,0.051692,-0.417602,-0.644435,0.471623,-0.09584,-0.211822,0.088742,-0.12233,0.296476,-0.174059,0.20771,-0.179333,-0.428817,0.337716,0.471623,-0.539867,-0.63854,0.337716,-0.220103,-0.165103,-0.409958,-0.286859,0.122888,0.233068,0.171789,-0.165103,0.022277,0.0,-0.15598,-0.641273,0.051692,0.30154,-0.668262,0.314229,-0.22864,-0.038955,-0.491944,-0.539867,0.02716,-0.644379,-0.551305,0.265924,0.171789,0.0,-0.316771,-0.060467,0.205596,0.070416,-0.272092,-0.174059,-0.449882,0.425125,-0.417602,-0.071169,-0.34889,0.641326,0.404061,-0.052854,0.172989,-0.539867,-0.644435,-0.271621,-0.644435,-0.131998,-0.11248,0.21993,0.03661,-0.07492,-0.039276,0.0,-0.578317,-0.318299,0.241352,0.296476,-0.179333,0.072601,0.555694,0.694452,-0.220103,0.351151,0.547085,-0.417602,0.0,0.289395,0.180482,0.43167,-0.065084,0.559919,0.404061,0.056948,0.164362,-0.480677,0.0,-0.220103,-0.036201,-0.317087,0.314229,-0.044955,0.574608,-0.417602,0.574608,-0.497976,0.472497,-0.164804,0.356706,0.225653,-0.067312,-0.080104,-0.637618,0.64415,-0.40085,-0.094967,-0.036201,0.299248,-0.59191,0.011597,0.197134,0.185354,-0.318299,0.543205,#
18,-0.481061,0.044309,-0.060102,-0.403672,0.198146,0.391054,0.200855,-0.38959,-0.045387,-0.225118,-0.057138,0.120971,-0.133359,0.093919,0.104641,-0.403948,0.222522,0.298893,1.0,-0.060102,0.677489,-0.167553,0.044309,-0.323257,-0.269363,-0.163362,-0.062041,-0.269363,0.215714,0.076019,0.111533,0.241182,0.224773,0.136499,0.213793,-0.051304,-0.387795,0.12306,-0.055933,-0.077915,-0.004247,-0.045176,-0.024343,-0.09559,-0.397514,-0.128999,-0.210294,-0.418976,0.205458,-0.022676,0.054473,0.126218,-0.059159,0.282864,0.218309,0.368104,-0.433051,0.004081,0.118184,-0.158652,-0.470847,0.02959,0.194109,-0.551228,-0.17499,0.082512,-0.269363,0.176845,-0.072294,0.163223,0.299663,-0.528302,-0.226599,-0.106635,-0.535341,0.067416,0.21352,-0.217853,-0.098328,0.230481,-0.403839,-0.098328,-0.048093,-0.123296,0.066826,-0.049967,-0.220388,0.109417,-0.529019,-0.038999,0.397209,0.183917,-0.210504,0.271682,0.326569,0.066826,0.066826,0.271682,-0.429854,0.415021,-0.448848,0.05902,-0.106635,0.050325,-0.42146,-0.529019,-0.220185,0.0,0.432613,-0.526423,-0.403839,-0.07198,-0.396541,-0.065905,-0.033093,0.124359,-0.403839,0.066826,-0.485822,-0.289373,-0.357019,-0.526423,0.536769,0.0,0.299663,-0.274812,-0.057138,0.06126,-0.355353,-0.038999,-0.220388,0.206605,-0.098328,-0.127572,-0.220388,0.522842,0.438055,0.141606,0.192055,0.066826,-0.048093,-0.065905,-0.048093,-0.645002,-0.07249,-0.62177,0.146925,0.00358,-0.13856,0.0,0.423075,-0.518641,0.438055,-0.065905,0.183917,0.141606,-0.008413,0.292142,-0.429854,0.656174,0.285487,-0.098328,0.0,0.17279,0.39355,0.109893,0.677489,0.258014,0.438055,0.126519,0.079615,-0.551555,0.0,-0.429854,-0.672687,-0.098328,-0.065905,0.140741,0.390511,-0.098328,0.390511,-0.413853,-0.23571,-0.200456,0.241969,-0.449812,-0.253177,-0.220185,0.06878,0.059306,0.338685,-0.009542,-0.093686,-0.27069,-0.093686,0.228897,-0.516227,0.551026,-0.518641,-0.220388,#
19,0.244566,0.406645,0.512048,-0.326952,-0.096611,0.307823,0.071738,0.083775,-0.222988,0.524982,-0.654508,-0.092312,-0.235742,0.341534,0.792182,0.214107,0.785075,0.776078,-0.060102,1.0,-0.327254,0.382689,0.406645,-0.096611,-0.218169,0.047205,-0.645329,0.490881,0.082479,-0.202868,0.307194,-0.477648,-0.362261,0.756992,-0.332444,0.202265,0.128812,-0.640102,-0.322809,0.041029,-0.327169,-0.648714,0.202335,-0.300859,0.747819,0.54266,-0.762216,-0.382681,0.44295,-0.231266,-0.532868,-0.029389,0.256901,0.105718,-0.479343,-0.383407,0.279281,-0.327254,0.233027,0.254952,0.234165,-0.342575,-0.503857,-0.483332,-0.239422,-0.883345,0.490881,-0.459625,-0.760448,0.415622,-0.320377,-0.299318,-0.083501,0.534403,0.091722,0.09385,-0.34189,0.091722,-0.363146,0.100111,0.219616,-0.363146,-0.428476,0.534403,0.238885,-0.197324,0.362988,-0.53404,0.517742,0.044442,0.053559,-0.04596,-0.34189,0.244772,0.534403,-0.207646,-0.654177,0.244772,0.258415,0.053559,-0.533563,-0.505317,0.534403,0.222347,-0.038256,0.053559,0.108678,0.0,0.062623,-0.426373,0.219616,0.52278,-0.505317,0.535595,-0.214238,-0.052911,-0.327087,-0.207646,-0.160063,-0.141613,-0.219239,0.48594,-0.038256,0.0,-0.320377,0.451023,0.044442,-0.094119,0.258849,0.044442,-0.534138,0.350702,-0.363146,0.232256,-0.077112,0.439621,0.518152,-0.327087,0.103199,-0.207646,-0.428476,-0.428476,-0.428476,-0.309706,0.026834,0.317126,0.204534,-0.28702,-0.201543,0.0,-0.743623,0.34978,-0.218169,0.517742,-0.04596,0.240643,0.628375,0.671239,0.258415,0.091722,0.044442,-0.363146,0.0,0.428511,0.035444,0.39739,-0.327254,0.576929,0.518152,0.224987,-0.040655,-0.196477,0.0,0.258415,-0.197476,0.091722,0.535595,-0.300525,0.251054,-0.363146,0.251054,-0.312641,0.76476,0.244983,0.099317,0.424764,0.435551,-0.354635,-0.65403,0.447797,-0.346299,-0.312506,-0.197476,0.435551,-0.756319,0.143084,0.355134,-0.030441,0.34978,0.820015,#
20,-0.499452,-0.212047,-0.327254,-0.249769,0.106991,0.243685,-0.098744,0.113776,0.00781,-0.612078,0.0,0.092027,0.237696,-0.208727,-0.408118,-0.24994,0.120893,-0.065084,0.677489,-0.327254,1.0,-0.326226,-0.212047,-0.408152,-0.166667,-0.327246,0.031902,-0.166667,-0.112014,0.521453,0.068382,0.171714,0.401452,-0.249944,-0.101994,0.003875,-0.616662,0.388517,-0.246605,-0.327248,-0.249935,0.314028,0.218218,0.283654,-0.245959,-0.105413,0.184985,0.276956,0.338384,0.243685,0.312161,0.246442,-0.49956,0.332835,0.202245,0.225547,-0.659452,-0.25,0.178017,-0.319617,-0.636041,-0.213241,0.336394,-0.006464,0.309366,0.344255,-0.166667,0.524164,0.438143,0.272758,0.222497,-0.066519,0.102062,-0.102062,-0.09724,0.458848,-0.092351,-0.09724,0.417559,-0.092351,-0.249873,0.417559,0.218218,-0.102062,0.005615,-0.499604,-0.408046,0.116563,-0.327327,0.228395,0.218218,0.335841,-0.092351,0.186989,0.408248,0.005615,0.510978,0.186989,-0.648638,0.218218,0.148514,-0.204642,-0.102062,0.005615,-0.209192,-0.327327,-0.611749,0.0,0.228395,-0.325721,-0.249873,-0.327246,-0.204642,-0.327327,0.017228,0.155463,-0.249873,0.005615,-0.484621,-0.169188,0.011355,-0.325721,0.344552,0.0,0.222497,-0.209192,0.228395,-0.168909,0.031141,0.228395,0.109195,0.102062,0.417559,-0.285427,-0.408046,0.335841,-0.166667,0.392657,0.141585,0.005615,0.218218,0.218218,0.218218,-0.344137,-0.41629,-0.76899,0.375,-0.219264,-0.361022,0.0,0.276075,-0.365653,0.666667,-0.327327,0.335841,-0.249873,-0.482115,0.072665,-0.648638,0.417559,0.228395,0.417559,0.0,0.327351,0.26174,-0.395973,1.0,0.13972,-0.166667,-0.25,0.376237,-0.427669,0.0,-0.648638,-0.336609,-0.09724,-0.327327,0.403746,0.032369,0.417559,0.032369,-0.238837,-0.39399,0.221064,0.450336,-0.310383,-0.181033,-0.087393,0.513139,-0.186123,0.417559,-0.238734,0.320189,-0.181033,0.320189,-0.065884,-0.430415,0.353472,-0.365653,-0.408046,#
