0,1.0,0.572772,0.086351,-0.102314,0.82706,0.0864,0.364511,-0.271543,0.611393,0.00437,-0.092134,0.51781,0.22533,-0.029047,0.182794,0.075198,-0.026394,0.404665,0.393006,-0.196582,-0.249827,0.159381,0.426785,-0.185433,-0.209434,-0.407216,-0.254711,-0.178117,0.143089,-0.404463,-0.421085,0.113213,-0.271543,0.400424,-0.714128,0.137997,0.824738,-0.387414,0.621895,-0.407314,0.824738,-0.413786,0.086997,-0.145869,-0.74677,-0.093177,0.426785,0.283983,0.49926,-0.063765,0.382148,-0.351162,-0.271543,-0.187418,-0.320193,-0.332721,-0.813829,0.459016,-0.565215,0.464625,0.179079,-0.355886,-0.387414,0.014604,0.225666,0.370411,0.0,0.28827,0.503974,0.602064,-0.387414,-0.598944,0.0,-0.624164,-0.415809,-0.16246,-0.285327,-0.19684,-0.621796,-0.289663,-0.289663,-0.597016,-0.197997,0.009451,-0.214232,-0.295975,-0.843689,-0.444463,-0.271543,-0.085064,-0.767541,0.065829,-0.450485,0.157887,-0.664812,-0.214232,-0.996825,-0.385629,-0.444463,-0.238945,0.382148,-0.444463,-0.621796,-0.289663,-0.450485,-0.533028,-0.648734,-0.203196,-0.238945,-0.003115,0.151273,-0.271543,-0.404958,-0.289663,-0.385275,-0.128181,-0.289663,-0.813998,-0.042402,-0.720635,-0.533028,-0.621796,-0.040064,-0.435279,-0.387414,0.124922,-0.533028,0.169961,0.456029,-0.284272,-0.46107,-0.120307,-0.464027,-0.033286,-0.767541,-0.664689,0.0,-0.813998,-0.194047,-0.246146,-0.289663,0.253978,-0.284272,-0.316438,-0.444463,-0.326356,-0.664689,0.709985,-0.664812,-0.621796,-0.791641,-0.514294,-0.157897,-0.533018,-0.234638,-0.444463,0.489978,0.579543,0.00313,-0.533028,0.311202,0.065829,-0.84628,0.178517,-0.042402,0.249802,0.057234,-0.66001,-0.533028,-0.128181,-0.309493,0.46073,0.095874,-0.648703,-0.21245,-0.139256,-0.271543,0.436122,0.258873,-0.393822,0.436122,0.190321,-0.092865,-0.250513,0.611431,-0.582518,0.53054,0.155266,-0.617683,0.652965,-0.385275,0.26567,0.597121,0.071681,-0.078062,0.09622,0.425292,-0.411737,-0.541462,0.0,#
1,0.572772,1.0,-0.131888,0.426517,0.813406,0.106991,-0.084743,-0.272101,0.174716,-0.01077,-0.535375,0.067749,0.158805,0.407631,0.18284,-0.362133,-0.010657,0.226869,0.358046,-0.661184,0.150875,-0.270379,0.408441,-0.169534,-0.227411,-0.408054,-0.292322,0.276987,0.090097,-0.405295,-0.388328,0.598798,-0.272101,-0.084743,-0.771169,0.077447,0.809669,-0.387968,0.621996,-0.408152,0.809669,-0.380981,0.546176,0.301714,-0.801919,-0.094426,0.408441,0.265471,-0.04193,-0.103903,-0.270194,-0.296313,0.388339,-0.425964,-0.390218,-0.335303,-0.368851,0.406798,-0.58252,0.4028,0.145709,-0.418059,-0.387968,0.014311,0.223968,0.345432,0.0,0.24893,0.481656,0.558153,0.291029,-0.566296,0.0,-0.214354,-0.423846,-0.589632,0.133604,-0.198524,-0.198087,-0.257739,0.134874,-0.997393,-0.182388,0.042941,-0.605671,-0.281376,-0.393076,-0.026488,-0.272101,-0.093336,-0.493542,0.106991,-0.436426,0.579152,-0.666179,-0.605671,-0.610048,0.051927,-0.026488,0.208883,0.357813,-0.026488,-0.198087,-0.257739,-0.436426,-0.534125,-0.150274,-0.217014,0.208883,-0.412792,0.161493,0.388339,-0.378458,-0.257739,0.036618,-0.09334,-0.257739,-0.433214,-0.017292,-0.316394,-0.118292,-0.198087,-0.42725,-0.418307,0.291029,-0.269862,-0.534125,0.076247,0.27841,0.146505,-0.475958,0.347617,-0.450555,-0.06149,-0.493542,-0.273443,0.0,-0.433214,-0.257547,-0.198524,-0.257739,0.326339,0.146505,-0.369869,-0.026488,-0.477208,-0.273443,0.495752,-0.666179,-0.198087,-0.393076,0.17883,-0.182361,-0.110293,0.146505,-0.026488,0.458514,0.566127,-0.379849,-0.534125,-0.060036,0.106991,-0.411205,-0.182754,-0.017292,0.212351,0.076523,-0.661368,-0.534125,0.330481,-0.418484,0.440684,-0.407272,-0.168891,0.169033,-0.12863,-0.272101,0.34959,0.197414,-0.361335,0.34959,-0.264912,-0.141523,-0.34291,0.577743,-0.552344,0.486357,-0.450149,-0.604758,0.149947,0.036618,-0.211739,0.1206,0.325565,0.316982,0.130184,-0.039117,-0.805985,-0.475958,0.0,#
2,0.086351,-0.131888,1.0,-0.010057,0.105972,0.317991,0.06939,0.388655,-0.129817,-0.092714,0.048174,-0.410621,0.298573,0.528135,-0.140289,0.025946,0.129791,0.316571,0.550957,0.102854,-0.341595,0.747653,0.468935,-0.50198,-0.352264,-0.466482,-0.083568,0.073839,0.152775,-0.529634,0.113595,0.19723,0.388655,-0.393218,0.020468,0.323109,0.105954,0.220751,-0.216946,0.317992,0.105954,0.269556,-0.150946,-0.154017,0.102489,-0.362013,0.468935,-0.498844,-0.228872,0.470104,0.178745,-0.024886,0.035333,0.280408,0.407543,-0.233997,-0.032654,0.423781,0.378442,0.308987,0.692994,0.317986,0.220751,0.097759,-0.118047,0.571478,0.0,-0.16768,0.147308,0.110861,-0.477808,-0.090055,0.0,0.154431,0.105795,0.012738,-0.116923,-0.505627,-0.290251,-0.111197,0.308883,0.129511,-0.500222,0.174678,0.355477,0.08637,-0.048643,-0.08887,-0.671314,-0.180313,0.028325,-0.476987,-0.307593,-0.56255,0.11087,-0.096719,-0.066078,-0.03711,-0.08887,-0.524528,0.178745,-0.307999,-0.290251,-0.111197,-0.307593,-0.37557,-0.287119,-0.060503,-0.0717,0.093615,-0.191805,0.035333,0.161471,-0.333594,-0.519117,-0.144043,-0.111197,-0.303302,0.745499,-0.073301,-0.166192,-0.290251,0.105704,0.09314,-0.477808,0.517786,-0.611119,-0.323791,-0.240015,-0.339735,-0.030454,-0.393217,-0.028327,0.049204,0.028325,-0.55599,0.0,0.129987,-0.39977,-0.293909,-0.55599,0.243709,-0.11408,-0.126552,-0.527128,0.316571,-0.111197,0.416562,-0.327739,0.154391,-0.272128,-0.352087,-0.084276,-0.144043,-0.327198,-0.08887,-0.132908,0.156518,-0.080638,-0.140021,0.098501,-0.476987,-0.050286,0.129447,0.745499,0.391742,0.332859,-0.052635,-0.611119,0.309429,0.43497,0.412058,0.581727,-0.290136,-0.308061,0.226525,-0.671314,0.364153,0.505777,-0.126509,-0.052815,0.326335,-0.12114,-0.133294,-0.166902,0.20065,0.523241,-0.030454,0.046068,-0.24242,-0.519117,-0.267314,0.343748,0.008848,-0.271893,0.528516,0.151803,0.161444,0.314733,0.0,#
3,-0.102314,0.426517,-0.010057,1.0,0.015448,0.284747,-0.745644,0.189832,-0.581238,-0.044476,-0.478436,-0.559598,-0.106336,0.512951,-0.081994,-0.588596,0.029947,0.572962,-0.045791,-0.152997,0.388678,-0.088051,-0.224691,0.084855,0.401607,0.214905,-0.269241,0.566052,-0.3076,0.204546,0.468216,0.312465,0.189832,-0.248548,-0.437222,-0.391666,0.010799,-0.240203,0.284684,0.261018,0.010799,-0.004672,0.737265,0.587132,-0.388136,0.211163,-0.224691,-0.326258,-0.205919,-0.231296,-0.20217,0.281488,0.158193,0.019597,-0.277634,0.42724,0.193645,-0.247035,0.095033,-0.219549,-0.114152,-0.047458,-0.240203,0.034574,-0.377902,-0.160302,0.0,-0.245815,-0.265534,0.369657,0.604262,0.044466,0.0,0.599973,0.017625,-0.245671,0.386935,0.097022,0.045346,0.389441,0.427058,-0.394304,0.084055,0.250028,0.131599,-0.072921,0.175402,0.476384,0.094916,-0.248406,0.139524,0.189832,-0.035927,0.368118,0.389482,-0.394798,0.070125,0.746509,0.476384,0.052939,-0.232255,-0.073038,0.065253,0.369527,-0.01633,-0.277717,0.339648,0.094383,0.580077,-0.450716,0.192912,0.158193,-0.352517,-0.168168,0.205535,0.291412,0.389441,-0.047421,0.035251,0.169472,-0.216783,0.065253,0.010022,0.021129,0.604262,-0.027274,-0.256624,-0.181766,-0.285766,0.369327,-0.134551,0.26926,-0.154016,-0.042801,0.139524,-0.148253,0.0,0.476367,-0.198881,0.078063,-0.148253,0.433158,0.369327,-0.231633,-0.053416,-0.302697,0.389441,-0.086719,-0.1211,0.582858,0.195414,0.628747,0.132911,0.291412,0.388411,0.476384,0.193746,-0.264879,-0.320129,0.312871,0.024056,0.189832,0.189595,0.127278,0.035251,-0.404655,0.284133,-0.11163,-0.256624,0.332019,-0.322433,-0.263695,-0.317561,0.356386,0.378024,0.401575,0.094916,-0.031115,-0.094674,-0.056642,-0.516505,-0.61268,-0.237289,-0.37723,0.255974,-0.322318,0.001305,-0.134551,0.119043,-0.178923,0.205535,-0.457552,-0.12462,-0.165103,0.453442,-0.045645,-0.503678,-0.322311,-0.165461,0.0,#
4,0.82706,0.813406,0.105972,0.015448,1.0,0.003875,0.22493,-0.333253,0.417642,0.197191,-0.332055,0.29277,0.410066,0.197191,0.014311,-0.123944,-0.211741,0.334056,0.588456,-0.373471,-0.016838,-0.009793,0.504978,-0.412468,-0.385715,-0.49976,-0.144258,0.027784,0.227302,-0.496381,-0.579813,0.282727,-0.333253,0.22493,-0.58923,0.488517,0.999741,-0.294401,0.507517,-0.49988,0.999741,-0.570917,0.229761,0.052445,-0.63941,-0.332244,0.504978,0.301439,0.187885,0.006421,-0.169694,-0.592937,0.312586,-0.221525,-0.254694,-0.614821,-0.667763,0.511344,-0.413246,0.508823,0.217252,-0.25769,-0.294401,-0.187459,0.359274,0.429419,0.0,0.356538,0.538727,0.407754,-0.294401,-0.798573,0.0,-0.455835,-0.241418,-0.358273,-0.033638,-0.440355,-0.440245,-0.416455,-0.032521,-0.846379,-0.424893,-0.264915,-0.456173,-0.439346,-0.691779,-0.227244,-0.333253,0.198772,-0.805763,0.003875,-0.627855,0.401822,-0.815896,-0.456173,-0.84313,-0.256608,-0.227244,-0.04203,0.444429,-0.227244,-0.440245,-0.416455,-0.627855,-0.654164,-0.549136,-0.134294,-0.04203,-0.234946,0.284749,0.312586,-0.271153,-0.416455,-0.271153,-0.223121,-0.416455,-0.624982,0.156148,-0.600771,-0.247524,-0.440245,-0.240499,-0.255605,-0.294401,-0.041941,-0.654164,0.138875,0.397158,-0.021174,-0.446136,0.208018,-0.425207,0.140305,-0.805763,-0.431812,0.0,-0.624982,-0.413062,-0.440355,-0.416455,0.347204,-0.021174,-0.279734,-0.227244,-0.354456,-0.431812,0.802555,-0.815896,-0.440245,-0.691779,-0.425207,-0.04203,-0.239699,-0.021174,-0.227244,0.583524,0.665531,-0.269253,-0.654164,0.094501,0.003875,-0.709021,-0.038786,0.156148,0.393832,-0.025702,-0.810003,-0.654164,0.19133,-0.250425,0.549876,-0.025702,-0.566554,0.00727,-0.061774,-0.333253,0.574375,0.453792,-0.545744,0.574375,0.006817,-0.253538,-0.175786,0.477213,-0.455692,0.700033,-0.420897,-0.829099,0.439895,-0.271153,-0.016491,0.390433,0.245462,0.115806,0.34661,0.188487,-0.692573,-0.446136,0.0,#
5,0.0864,0.106991,0.317991,0.284747,0.003875,1.0,0.218218,0.666667,0.102062,-0.499817,-0.061975,0.036393,-0.408117,0.515436,0.106991,0.040798,0.007512,0.246776,0.007781,0.136332,0.117115,0.591792,0.261951,-0.612108,0.14185,-0.24994,-0.162828,0.288842,-0.208944,-0.24825,0.035461,0.411502,0.666667,-0.327327,-0.326403,-0.24994,-0.01219,-0.052723,0.363127,-0.25,-0.01219,-0.12305,0.366802,0.311367,-0.350382,-0.073868,0.261951,0.276833,-0.148385,-0.365528,0.234553,0.400061,-0.166667,0.258091,-0.22373,0.410943,0.341418,0.281733,-0.077615,0.285176,0.121545,-0.25,-0.052723,0.50763,0.139212,0.032479,0.0,0.280671,0.440527,0.108183,-0.052723,-0.071462,0.0,0.387726,0.023212,-0.361159,0.611491,0.387726,-0.611748,0.116563,0.116563,-0.087274,-0.087393,0.299626,0.396985,0.582025,-0.204642,0.017228,-0.166667,-0.32714,-0.133636,-0.25,-0.040145,-0.408248,0.109195,0.396985,-0.092351,-0.200062,0.017228,-0.13647,0.234553,-0.499604,-0.087393,-0.407971,0.476006,-0.32716,-0.356416,0.285427,-0.13647,-0.498946,-0.40649,-0.166667,-0.195142,-0.407971,0.308451,0.239074,0.116563,-0.499613,0.023212,-0.157174,-0.32716,-0.087393,-0.029331,-0.497937,-0.052723,0.610614,-0.32716,-0.752332,0.278303,-0.408034,0.143674,-0.327327,-0.629973,0.0,-0.133636,-0.407971,0.0,0.011355,0.076194,0.387726,-0.407971,0.243857,0.124184,-0.84627,-0.499604,0.246776,0.116563,-0.150188,0.109195,-0.087393,-0.204642,0.133631,-0.077135,0.239074,0.124184,0.017228,0.298896,-0.264165,0.316989,0.228395,0.520972,-0.25,0.299626,0.407076,0.023212,0.428971,0.997844,0.182948,-0.32716,0.239074,-0.18344,0.091589,0.410877,0.222132,0.184528,-0.346555,-0.166667,0.019669,0.074135,0.059676,0.019669,0.109955,-0.321429,-0.263923,0.41039,-0.296232,-0.027501,0.143674,0.310445,0.138608,0.308451,-0.085378,0.118166,-0.563588,0.027144,0.607449,0.01918,-0.19975,0.143674,0.0,#
6,0.364511,-0.084743,0.06939,-0.745644,0.22493,0.218218,1.0,-0.218218,0.801784,-0.211321,0.622106,0.735931,-0.080327,-0.211321,0.364912,0.747833,-0.227856,-0.408715,0.264888,-0.05775,-0.075788,0.338555,0.342974,-0.362053,-0.530645,-0.327248,-0.119687,-0.344814,0.452232,-0.325036,-0.650003,-0.066372,-0.218218,0.047619,0.034109,0.22886,0.214585,0.247359,0.207878,-0.327327,0.214585,-0.196913,-0.49909,-0.317081,-0.01355,0.017068,0.342974,0.463143,0.386329,-0.202071,0.307102,-0.092994,-0.218218,0.01408,-0.057863,-0.264854,-0.034526,0.368875,-0.372614,0.373383,0.18706,-0.327328,0.247359,0.22493,0.425298,0.29767,0.0,0.367484,0.45786,-0.055084,-0.471708,-0.327482,0.0,-0.389713,-0.248198,-0.078812,-0.115123,0.071789,-0.343272,-0.534159,-0.534159,0.063483,-0.343272,-0.070832,0.028445,0.330222,-0.51152,-0.654135,-0.218218,0.028555,-0.466588,-0.327327,0.197734,-0.534523,-0.534258,0.493916,-0.347635,-0.998659,-0.654135,0.080277,0.307102,-0.203008,-0.343272,-0.534159,0.197734,0.056575,-0.746653,0.012055,-0.385849,0.197734,-0.503606,-0.218218,-0.063189,-0.076308,-0.063189,-0.428345,-0.534159,-0.208138,-0.248198,-0.452735,0.056575,-0.343272,0.166412,-0.268451,-0.471708,0.303071,0.056575,0.109449,0.378186,-0.534242,0.14631,-0.428571,-0.533223,-0.217063,-0.466588,-0.076308,0.0,-0.654147,0.390733,0.071789,-0.076308,-0.364896,-0.534242,-0.44951,-0.203008,0.336914,-0.534159,0.213029,-0.082772,-0.800967,-0.51152,-0.533223,-0.385849,-0.428345,-0.534242,-0.654135,-0.069997,0.334049,0.387368,-0.428354,0.129048,-0.327327,-0.070832,0.036578,-0.248198,0.547253,0.185726,-0.102658,0.056575,-0.428345,-0.017791,0.364196,0.185726,-0.240803,-0.010067,-0.800358,-0.218218,0.268971,-0.123538,-0.156269,0.698181,0.80733,0.062348,0.450578,0.263181,-0.167126,0.219041,0.14631,0.013549,0.438579,-0.063189,0.561801,0.398248,-0.115393,-0.660443,0.270636,0.680842,-0.070832,0.14631,0.0,#
7,-0.271543,-0.272101,0.388655,0.189832,-0.333253,0.666667,-0.218218,1.0,-0.272166,-0.333211,-0.399394,-0.326193,-0.272078,0.343624,-0.272101,-0.326381,0.343048,0.185609,-0.331999,0.451767,-0.271921,0.421185,0.174634,-0.408072,0.459325,-0.166627,0.291376,0.107608,-0.508857,-0.1655,0.378246,0.274335,1.0,-0.218218,0.058232,-0.166627,-0.333201,-0.166956,-0.16663,-0.166667,-0.333201,0.164067,0.244535,0.09687,0.032525,-0.396861,0.174634,0.069208,-0.542371,0.178702,0.156369,0.281202,-0.111111,0.322614,0.209919,0.385458,0.241491,0.187822,0.31046,0.190117,0.123678,0.25,-0.166956,0.33842,-0.0,-0.108262,0.0,0.187114,0.293685,-0.228385,-0.166956,0.30967,0.0,0.297648,0.363653,-0.040129,0.447628,0.297648,-0.407832,0.427398,0.427398,0.290914,0.291309,0.241365,0.304158,0.426819,0.235648,0.35604,-0.111111,-0.218093,0.356361,-0.166667,-0.332631,-0.272166,0.417625,0.304158,0.28475,0.241742,0.35604,-0.407433,0.156369,-0.333069,0.291309,-0.271981,0.355571,-0.218107,0.190089,0.251666,-0.407433,-0.332631,-0.05245,-0.111111,0.2476,-0.271981,0.2476,0.536868,0.427398,-0.333075,0.363653,0.272434,-0.218107,0.291309,-0.332414,-0.331958,-0.166956,0.446986,-0.218107,-0.957513,0.206619,-0.272023,0.159638,-0.218218,0.152721,0.33157,0.356361,-0.271981,0.0,0.348215,-0.26668,0.297648,-0.271981,0.278694,0.437602,-0.170566,-0.333069,0.185609,0.427398,-0.392157,0.417625,0.291309,0.235648,0.152721,0.304586,0.536868,0.437602,0.35604,0.223565,-0.492206,0.253592,0.522634,0.441183,-0.166667,0.241365,0.311294,0.363653,0.307979,0.714143,0.513997,-0.218107,0.536868,0.262704,-0.040706,0.714143,0.195859,-0.261415,0.202157,-0.111111,-0.314702,0.431331,0.397842,-0.314702,-0.250093,-0.190476,-0.56407,-0.145172,0.236022,-0.362092,0.159638,0.22766,-0.254115,0.2476,-0.385298,-0.249461,-0.352533,0.402633,0.489334,-0.306886,0.241365,0.159638,0.0,#
8,0.611393,0.174716,-0.129817,-0.581238,0.417642,0.102062,0.801784,-0.272166,1.0,-0.401722,0.337349,0.917867,0.182948,-0.401722,0.595329,0.499667,-0.0184,-0.268656,0.044473,-0.219355,-0.237411,0.150183,0.427764,-0.177555,-0.231641,-0.40815,0.048981,-0.568787,0.564032,-0.405391,-0.810696,0.032869,-0.272166,0.356348,-0.270261,0.112041,0.411404,-0.355147,0.612236,-0.408248,0.411404,-0.385135,-0.299493,-0.542357,-0.318677,0.216418,0.427764,0.475612,0.279911,-0.079587,0.383024,-0.394108,-0.272166,0.079024,0.074423,-0.109243,-0.343359,0.460068,-0.602038,0.465691,0.250715,-0.153093,-0.355147,0.417642,0.340997,0.37126,0.0,0.458333,0.51543,0.250271,-0.355147,-0.554313,0.0,-0.613967,-0.435906,0.147443,-0.274115,0.225441,-0.570846,-0.666214,-0.666214,-0.190024,-0.166497,0.056064,-0.222542,0.142567,-0.789876,-0.81585,-0.272166,-0.106843,-0.491008,-0.408248,-0.01873,-0.25,-0.666336,0.212866,-0.57496,-0.811647,-0.81585,-0.174408,0.383024,-0.393859,-0.570846,-0.666214,-0.01873,-0.080642,-0.611126,0.127802,-0.610429,0.379292,-0.315838,-0.272166,-0.370064,-0.237933,0.066817,-0.53424,-0.666214,-0.398661,-0.435906,-0.28233,-0.080642,-0.570846,-0.047897,-0.454395,-0.355147,0.117309,-0.080642,0.16753,0.480289,-0.666317,0.195516,-0.534522,-0.444229,-0.406088,-0.491008,-0.237933,0.0,-0.815865,0.279955,-0.182271,-0.237933,-0.241774,-0.666317,-0.337453,-0.393859,-0.268656,-0.666214,0.342336,-0.24401,-0.998981,-0.359495,-0.444229,-0.198632,-0.53424,-0.255904,-0.81585,0.071429,0.42585,0.051764,-0.534251,-0.068979,-0.408248,-0.377158,-0.215067,-0.435906,0.269426,0.071889,-0.261409,-0.080642,-0.53424,0.088757,0.461157,0.071889,-0.134565,-0.1695,-0.654346,-0.272166,0.433608,-0.154079,-0.341078,0.835097,0.602038,0.349927,0.234506,0.635973,-0.542737,0.123498,0.195516,-0.22813,0.650747,0.066817,0.664939,0.594971,0.073854,-0.482041,0.08783,0.814358,-0.377158,-0.469237,0.0,#
9,0.00437,-0.01077,-0.092714,-0.044476,0.197191,-0.499817,-0.211321,-0.333211,-0.401722,1.0,-0.06776,-0.28283,-0.002875,-0.205782,-0.816006,-0.277195,-0.602148,0.179084,0.189962,0.379034,0.383637,-0.393218,-0.499919,0.003397,-0.053174,0.496176,-0.151524,0.038082,-0.226584,0.490379,0.159514,-0.57525,-0.333211,0.21473,0.35199,0.496176,0.206651,0.422658,-0.499706,0.00781,0.206651,-0.134537,-0.230515,0.467528,0.268648,-0.425945,-0.499919,-0.102333,0.368268,0.002284,-0.42319,-0.232559,0.317592,-0.11892,-0.227919,-0.530806,-0.253889,-0.505425,0.397631,-0.112841,-0.35551,-0.001953,0.422658,-0.999394,-0.15112,-0.256689,0.0,0.104814,-0.312398,-0.459608,-0.246431,-0.053577,0.0,-0.012112,0.573922,-0.120343,-0.019102,-0.402082,0.378563,0.399629,0.399629,-0.031807,-0.00819,-0.635302,-0.008699,-0.389087,0.179771,0.579788,0.317592,0.639733,-0.267176,0.495912,-0.197606,0.395346,-0.014183,-0.008699,-0.03498,0.19374,0.579788,0.409261,-0.447944,0.160016,0.378563,0.399629,-0.197606,-0.244316,-0.035629,-0.065003,0.409261,-0.205668,0.760251,0.317592,0.156529,-0.026399,-0.226927,0.197911,0.399629,0.169906,0.165143,-0.347619,0.206907,0.378563,0.202491,0.567294,-0.246431,0.012716,0.206907,0.322615,0.094051,0.809858,-0.374014,0.64078,0.267163,0.589356,-0.267176,0.384153,0.0,0.169906,-0.502222,0.003487,0.399629,-0.078354,0.377589,0.40761,0.579788,0.179084,0.384153,0.080931,-0.014183,0.378563,-0.248347,-0.353038,0.385165,0.181205,-0.030665,0.579788,0.225229,-0.11553,0.212899,0.206907,0.14427,0.495912,-0.237507,0.416465,0.165143,-0.021647,-0.49874,-0.452712,0.206907,0.197911,-0.212874,-0.443155,-0.022003,-0.516179,0.311277,0.461904,0.317592,-0.211568,0.328222,0.103463,-0.211568,-0.406522,-0.65601,0.133125,-0.534778,0.328625,0.128647,-0.348581,-0.461618,-0.042217,-0.226927,-0.396373,-0.399483,-0.138889,0.218555,-0.004151,-0.580794,0.184663,0.287243,0.0,#
10,-0.092134,-0.535375,0.048174,-0.478436,-0.332055,-0.061975,0.622106,-0.399394,0.337349,-0.06776,1.0,0.375914,-0.117704,-0.358162,0.316641,0.810447,-0.34296,-0.294899,0.127312,0.135518,0.191215,0.311253,-0.267767,0.113806,-0.323516,0.271734,-0.265559,-0.25272,0.480975,0.24922,-0.136744,-0.509318,-0.399394,-0.009016,0.372667,-0.051431,-0.342155,0.531514,-0.072093,0.433825,-0.342155,0.142353,-0.625814,-0.241169,0.421104,0.51094,-0.267767,-0.173474,0.550923,-0.298423,0.349398,0.237517,-0.399395,0.236196,0.040399,0.129118,0.31481,-0.273823,0.067984,-0.240887,0.001586,-0.082633,0.531514,0.068204,-0.135741,0.016639,0.0,-0.200301,-0.368901,-0.111743,-0.176445,0.065941,0.0,0.094176,-0.088232,0.313359,-0.278408,0.111651,0.129506,-0.265843,-0.544208,0.529343,-0.303786,0.015474,0.516544,0.306844,-0.129645,-0.495882,0.068861,-0.021626,-0.055216,-0.2479,0.769145,-0.691566,0.151494,0.53417,0.114469,-0.599279,-0.495882,0.126989,-0.305396,-0.051723,-0.303786,0.167597,0.342632,0.447342,-0.439422,0.099669,0.109338,0.495229,-0.508178,-0.399394,-0.136805,0.184934,-0.136805,-0.48349,-0.265843,0.357488,-0.365394,-0.152217,0.152515,-0.303786,0.764433,0.335462,-0.176445,0.292849,0.447342,0.472852,-0.271261,-0.255567,0.382287,-0.47785,-0.298143,-0.447695,-0.055216,0.184934,0.0,-0.081631,0.602859,0.111651,0.184934,-0.52104,-0.695357,-0.16317,-0.051723,0.439211,-0.265843,-0.053779,0.168591,-0.321118,-0.129645,-0.298143,-0.331936,-0.48349,-0.695357,-0.495882,-0.56024,-0.068845,0.313279,-0.030095,-0.110533,-0.2479,0.313615,0.091021,-0.365394,-0.137426,-0.093368,0.112302,0.447342,-0.783981,0.038176,-0.176594,-0.093368,0.068093,0.228087,-0.47251,0.068861,0.130024,-0.618171,-0.087776,0.146277,0.762148,0.167628,0.796022,-0.005537,-0.031643,0.021021,0.382287,0.553594,0.243391,-0.136805,0.596972,0.366166,-0.287477,-0.897753,-0.181959,0.538879,0.313615,0.382287,0.0,#
11,0.51781,0.067749,-0.410621,-0.559598,0.29277,0.036393,0.735931,-0.326193,0.917867,-0.28283,0.375914,1.0,0.076238,-0.55126,0.501032,0.57081,-0.156317,-0.217592,-0.091123,-0.050654,-0.079104,0.042557,0.165871,-0.074386,-0.06031,-0.152277,0.158855,-0.459777,0.37114,-0.108245,-0.689941,-0.172766,-0.326193,0.577097,-0.165896,0.04669,0.286366,-0.307856,0.561951,-0.489289,0.286366,-0.532078,-0.195788,-0.438831,-0.229493,0.274314,0.165871,0.629495,0.430446,-0.356712,0.302176,-0.301953,-0.326193,0.090275,-0.132957,0.033312,-0.288443,0.219386,-0.524135,0.166056,-0.148069,-0.226449,-0.307856,0.29277,0.427828,-0.019437,0.0,0.391455,0.327404,0.114031,-0.307856,-0.454202,0.0,-0.525848,-0.315002,0.218089,-0.114229,0.338846,-0.48391,-0.526024,-0.798463,-0.091757,-0.06738,-0.151652,-0.120086,0.034832,-0.733527,-0.709365,0.132095,0.105829,-0.542546,-0.145574,0.111594,-0.089145,-0.529959,0.328439,-0.490704,-0.75358,-0.709365,-0.070349,0.302176,-0.274662,-0.48391,-0.526024,0.111594,0.11552,-0.570733,0.210136,-0.519504,0.253521,-0.22079,-0.326193,-0.296396,-0.084843,0.153645,-0.346197,-0.526024,-0.282657,-0.586264,-0.334053,-0.173031,-0.48391,0.087768,-0.331164,-0.307856,0.008908,0.11552,0.216459,0.458233,-0.522157,0.240911,-0.340611,-0.420867,-0.245093,-0.542546,-0.084843,0.0,-0.712429,0.440285,-0.081148,-0.084843,-0.182004,-0.522157,-0.291699,-0.274662,-0.217592,-0.526024,0.1909,-0.094911,-0.924942,-0.290181,-0.420867,-0.095302,-0.346197,-0.099381,-0.709365,0.205883,0.235664,0.140487,-0.351753,0.072196,-0.145574,-0.306131,-0.109611,-0.586264,0.096072,0.005459,-0.129146,0.11552,-0.640292,-0.117806,0.206414,0.005459,-0.077538,-0.028728,-0.610529,0.132095,0.29884,-0.295856,-0.334943,0.712424,0.499236,0.262264,0.329083,0.572223,-0.481605,-0.041035,0.240911,-0.158174,0.794218,0.153645,0.796936,0.491951,-0.088459,-0.349152,-0.020879,0.694731,-0.306131,-0.443866,0.0,#
12,0.22533,0.158805,0.298573,-0.106336,0.410066,-0.408117,-0.080327,-0.272078,0.182948,-0.002875,-0.117704,0.076238,1.0,-0.034747,0.158805,0.050277,0.011662,0.251962,0.434255,-0.210621,-0.278054,0.182772,0.388808,-0.161385,-0.223134,-0.40802,0.522845,-0.134877,0.529728,-0.405261,-0.400552,0.006013,-0.272078,0.373697,0.042527,0.612421,0.419727,-0.341321,0.121819,0.092027,0.419727,-0.376806,0.046273,-0.584043,0.125074,-0.067735,0.388808,-0.268975,-0.25206,0.398589,-0.301938,-0.775715,0.39478,0.320126,0.530607,-0.323342,-0.377567,0.352563,0.229186,-0.041584,0.328446,0.612177,-0.341321,-0.009179,0.170444,0.319161,0.0,-0.230931,-0.106556,0.179491,-0.341321,-0.578599,0.0,-0.174691,-0.033621,0.523109,-0.257716,-0.581803,-0.182762,-0.666,-0.269572,-0.190895,-0.586515,-0.352062,-0.175056,-0.665097,-0.376748,-0.424981,-0.272078,0.346607,-0.228851,-0.408118,-0.401475,0.166613,-0.252211,-0.60179,-0.190483,0.072644,-0.424981,-0.59409,0.332173,-0.011397,-0.602367,-0.246252,-0.814515,-0.089507,-0.126636,0.169758,-0.166755,0.386055,0.147533,0.39478,0.057225,-0.246252,-0.369945,-0.534069,-0.666,-0.020535,0.384314,0.144893,-0.114206,-0.602367,-0.000939,0.37315,-0.341321,-0.265969,-0.53408,0.260519,-0.354508,-0.263867,0.233011,-0.09779,0.21662,-0.026533,-0.228851,-0.269572,0.0,-0.020535,-0.26889,-0.997377,-0.666,0.395301,-0.263867,0.331991,-0.424981,-0.458959,-0.269572,0.729322,-0.666123,-0.182762,0.061931,-0.418881,0.220695,-0.106129,0.154459,-0.424981,0.08074,0.426256,-0.819844,-0.53408,-0.46332,-0.408118,-0.369045,-0.598239,0.384314,-0.160547,-0.407238,-0.269168,-0.53408,-0.106129,0.50519,0.481775,0.08126,-0.115599,-0.270965,0.376005,-0.272078,0.808597,0.262325,-0.779357,0.415106,0.180533,0.349815,0.197782,0.098924,-0.052267,0.51188,-0.418499,-0.416365,0.215182,-0.369945,0.24428,0.576394,0.494208,-0.067553,0.164261,0.404797,-0.378037,-0.444559,0.0,#
13,-0.029047,0.407631,0.528135,0.512951,0.197191,0.515436,-0.211321,0.343624,-0.401722,-0.205782,-0.358162,-0.55126,-0.034747,1.0,-0.01077,-0.149749,0.22035,0.307567,0.553358,-0.370016,-0.010597,0.402461,0.485826,-0.406077,-0.365891,-0.499697,-0.217114,0.779163,-0.243235,-0.496319,0.255518,0.736074,0.343624,-0.654414,-0.38976,-0.02128,0.19015,0.207521,-0.001768,-0.011714,0.19015,0.148631,0.579659,0.365722,-0.308411,-0.325499,0.485826,-0.103234,-0.368588,-0.016747,-0.199416,0.332537,0.317592,-0.250942,-0.229213,-0.119566,0.218251,0.458487,0.01879,0.075227,0.265983,-0.265529,0.207521,0.197191,0.222874,0.245529,0.0,-0.292723,0.277782,0.328935,0.207521,0.043159,0.0,0.392539,-0.188347,-0.613934,0.410695,-0.41034,-0.02457,0.012744,0.399629,-0.387138,-0.394943,0.209037,0.014437,-0.010909,0.203985,0.198585,-0.333211,-0.219717,-0.006265,0.00781,-0.221792,-0.003188,0.008258,-0.402023,-0.012441,0.218152,0.198585,-0.032808,0.419427,0.182439,-0.00819,-0.003641,-0.205668,-0.220213,-0.007794,-0.316673,0.384238,-0.594432,-0.313972,0.317592,0.232237,-0.003641,-0.235776,0.240166,0.012744,-0.222935,0.620148,-0.126675,-0.244316,-0.00819,-0.203407,-0.194893,0.207521,0.012716,-0.654082,-0.421608,-0.271483,-0.014963,-0.336613,0.21473,-0.315766,0.149152,-0.006265,-0.428759,0.0,0.192075,-0.11544,-0.004771,-0.413283,0.555551,0.417306,-0.445932,-0.221188,0.307567,-0.002731,0.244161,-0.395689,0.401313,-0.224132,0.304435,-0.394247,0.22346,0.009052,0.198585,0.15577,0.253701,-0.207948,-0.202858,0.216845,0.00781,0.192463,0.019075,0.620148,0.406136,0.514325,0.050415,-0.654082,0.657803,-0.229853,0.424716,0.037589,-0.022608,0.01345,0.020975,-0.333211,0.171425,0.327169,-0.106259,-0.212592,-0.028691,-0.238752,-0.371248,0.008111,0.122106,0.530268,-0.31118,0.085341,-0.395106,-0.235776,-0.423044,-0.015996,0.126283,0.234453,0.432688,-0.207312,-0.196557,0.324644,0.0,#
14,0.182794,0.18284,-0.140289,-0.081994,0.014311,0.106991,0.364912,-0.272101,0.595329,-0.816006,0.316641,0.501032,0.158805,-0.01077,1.0,0.479179,0.406087,-0.300687,0.004687,-0.661184,-0.233194,0.141591,0.408441,0.245365,-0.227411,-0.408054,-0.041023,-0.126981,0.547002,-0.405295,-0.404566,0.417301,-0.272101,-0.084743,-0.406826,-0.408054,0.004573,-0.335738,0.621996,0.087178,0.004573,0.041609,0.068742,-0.537952,-0.309815,0.675584,0.408441,0.067099,-0.030576,-0.103903,0.357813,0.062102,-0.272101,-0.081307,0.102972,0.298644,0.09444,0.406798,-0.613891,0.026116,0.300848,-0.160487,-0.335738,0.813406,0.145634,0.345432,0.0,-0.198982,0.15772,0.615312,0.343259,-0.140898,0.0,-0.191075,-0.814764,0.140252,-0.270249,0.23726,-0.150989,-0.666057,-0.666057,-0.150785,-0.158377,0.513907,-0.183044,0.150374,-0.342946,-0.815658,-0.272101,-0.534091,0.046599,-0.408152,0.398065,-0.245897,-0.256251,-0.166139,-0.159008,-0.361308,-0.815658,-0.166373,0.357813,0.019934,-0.566556,-0.250349,-0.010999,0.364074,-0.09265,-0.092964,-0.183302,0.4217,-0.739501,-0.272101,-0.327571,0.181988,0.079523,-0.534114,-0.666057,0.010439,-0.400851,0.174889,-0.07622,-0.566556,-0.008833,-0.395093,0.343259,-0.269862,-0.07622,0.256928,-0.196802,-0.66616,0.272518,-0.534397,-0.373395,-0.811985,0.046599,-0.23372,0.0,-0.410716,0.66636,-0.174314,-0.23372,-0.107123,-0.66616,-0.317877,-0.38967,-0.300687,-0.666057,0.159498,-0.239854,-0.583179,0.091511,0.25599,-0.582071,-0.534114,-0.25186,-0.815658,-0.366534,0.425481,-0.353722,-0.534125,-0.41043,-0.408152,0.076582,-0.60216,-0.400851,-0.153772,0.076523,0.130907,-0.07622,-0.534114,0.056429,0.48101,-0.407272,0.39105,-0.16489,-0.605842,-0.272101,0.402589,-0.593096,-0.336741,0.418177,0.571653,0.782339,0.199692,0.645448,-0.493937,0.088597,0.272518,0.32034,0.205971,0.079523,0.637716,0.563875,0.353137,-0.478969,-0.296074,0.787817,-0.335019,-0.39853,0.0,#
15,0.075198,-0.362133,0.025946,-0.588596,-0.123944,0.040798,0.747833,-0.326381,0.499667,-0.277195,0.810447,0.57081,0.050277,-0.149749,0.479179,1.0,-0.134848,-0.24989,0.328884,-0.044496,-0.073153,0.473739,0.143285,-0.06506,-0.501334,-0.149555,0.048949,-0.003466,0.351416,-0.105159,-0.270052,-0.19635,-0.326381,0.124639,0.182305,0.051185,-0.133949,0.411911,0.030784,0.020399,-0.133949,-0.09371,-0.309856,-0.432919,0.251153,0.286475,0.143285,0.209883,0.43754,-0.38415,0.27518,0.168892,-0.326381,0.062124,-0.105475,0.008578,0.163072,0.162011,-0.107028,-0.28957,-0.100219,-0.234587,0.411911,0.271287,0.433914,-0.049822,0.0,-0.286268,-0.062255,0.029424,-0.287154,-0.027211,0.0,-0.089158,-0.309666,0.211193,-0.108595,-0.071901,-0.050391,-0.524056,-0.798924,0.344664,-0.478241,-0.132427,0.323921,0.041792,-0.272225,-0.707536,0.135992,0.112111,-0.272601,-0.142792,0.541886,-0.516323,-0.10598,0.341326,-0.061226,-0.739688,-0.707536,-0.061002,0.27518,0.152753,-0.478241,-0.096061,0.120731,0.575196,-0.550229,-0.055594,-0.078431,0.271411,-0.683681,-0.326381,0.175663,0.349054,-0.286608,-0.343945,-0.524056,0.139902,-0.157201,-0.317025,-0.169235,-0.478241,0.527471,0.104202,-0.287154,0.015631,0.121889,0.308794,-0.239468,-0.520153,0.279792,-0.338305,-0.387858,-0.239162,-0.272601,-0.078941,0.0,-0.293701,0.758484,-0.071901,-0.078941,-0.116543,-0.520153,-0.270854,-0.268957,0.474998,-0.524056,0.186883,-0.089098,-0.495355,-0.272225,-0.387858,-0.514162,-0.343945,-0.520153,-0.707536,-0.243885,0.233232,0.154154,-0.34955,0.080422,-0.142792,0.161968,-0.100623,-0.157201,0.106621,0.009579,0.276162,0.121889,-0.640661,-0.095351,0.224197,0.009579,-0.052621,-0.022585,-0.590287,0.135992,0.320977,-0.434433,-0.330139,0.337026,0.905622,0.282086,0.65618,0.083373,0.060133,0.242344,0.279792,0.40732,0.395843,-0.286608,0.825262,0.514227,-0.068128,-0.689911,-0.014456,0.719913,0.161968,0.279792,0.0,#
16,-0.026394,-0.010657,0.129791,0.029947,-0.211741,0.007512,-0.227856,0.343048,-0.0184,-0.602148,-0.34296,-0.156317,0.011662,0.22035,0.406087,-0.134848,1.0,-0.162372,-0.220015,-0.370071,-0.815027,0.044095,0.503022,0.397135,0.045668,-0.499428,0.161329,-0.015699,-0.210581,-0.496052,0.270642,0.588405,0.343048,-0.227856,-0.346242,-0.499428,-0.205064,-0.381599,-0.002055,0.026292,-0.205064,0.565704,0.170188,-0.478089,-0.255677,0.015602,0.503022,-0.094101,-0.427955,0.515121,0.442015,0.247019,-0.333032,-0.380486,0.24326,0.157437,-0.171962,0.50652,-0.360322,0.103304,0.349554,0.016902,-0.381599,0.604484,0.050196,0.268865,0.0,-0.311276,0.29483,0.469452,0.261991,0.477238,0.0,-0.34704,-0.573497,0.015374,-0.376849,0.011298,0.015318,-0.002627,-0.002627,0.05376,0.386456,0.674674,-0.338185,0.020112,0.246056,-0.197659,-0.333032,-0.653689,0.546106,-0.011268,-0.159487,-0.018401,0.03946,-0.370232,0.041798,0.236139,-0.197659,-0.409977,0.442015,0.221645,-0.000438,0.013134,-0.174997,0.247711,0.514061,-0.526625,-0.377885,0.221353,-0.330572,-0.333032,0.274929,0.422926,-0.201728,0.223451,-0.002627,-0.169231,0.251264,0.349956,-0.219703,-0.000438,-0.552153,-0.551394,0.261991,-0.376309,-0.219703,-0.232568,-0.123821,-0.422636,-0.232405,-0.227856,0.383178,-0.227655,0.546106,-0.405413,0.0,-0.153877,0.122202,0.011298,-0.018388,0.154923,0.009151,0.247684,-0.213189,-0.162372,-0.389652,-0.071641,0.008375,0.031074,0.246056,0.383178,-0.393931,-0.194338,0.009151,-0.197659,-0.24556,0.301529,-0.190498,-0.20301,-0.086521,-0.011268,-0.154367,-0.385483,0.251264,0.014873,0.037259,0.462748,-0.219703,0.223451,0.228034,0.466629,0.037259,0.055227,-0.81357,0.04187,-0.333032,-0.196609,0.102065,0.297663,-0.22616,0.012244,0.661056,-0.624749,-0.009815,0.171185,-0.114345,0.403651,0.137592,-0.409723,-0.201728,-0.022102,-9.9e-05,0.578289,0.193403,-0.34718,0.18289,0.260154,-0.232405,0.0,#
17,0.404665,0.226869,0.316571,0.572962,0.334056,0.246776,-0.408715,0.185609,-0.268656,0.179084,-0.294899,-0.217592,0.251962,0.307567,-0.300687,-0.24989,-0.162372,1.0,0.308417,0.296753,0.070937,0.403609,-0.058443,-0.242787,0.295429,0.053834,-0.023643,0.383596,-0.313422,0.073261,0.349434,-0.086945,0.185609,0.336914,-0.388169,0.061276,0.33343,-0.233193,0.247318,0.056948,0.33343,-0.367504,0.543927,0.249034,-0.343955,-0.117897,-0.058443,-0.214874,0.210577,-0.217105,0.056478,-0.039402,-0.109678,0.289058,-0.269921,0.167627,-0.362307,-0.052292,0.295652,-0.2013,-0.158028,0.088586,-0.233193,-0.181838,-0.10042,-0.187426,0.0,-0.223773,-0.187134,0.34957,-0.233193,-0.261061,0.0,0.267046,0.197401,0.089886,0.223355,-0.25188,-0.446812,0.244871,0.094408,-0.245929,-0.244788,-0.170948,0.441206,-0.444885,-0.351268,0.177032,0.143425,0.139105,-0.40927,0.215138,-0.380597,0.222158,0.246412,-0.260644,-0.411391,0.407941,0.177032,-0.465255,0.016366,-0.398541,-0.420269,0.218319,-0.35447,-0.44965,-0.268827,0.166857,0.237583,-0.332696,0.384654,-0.109678,-0.198521,-0.339279,-0.340322,0.310196,0.244871,-0.518461,0.329589,-0.372352,-0.749625,-0.420269,0.31922,0.166062,-0.233193,0.26546,-0.590263,-0.171953,-0.151446,0.063761,-0.198792,0.115987,-0.189889,0.337364,-0.40927,-0.622504,0.0,0.179909,-0.374129,-0.277156,-0.472041,0.746825,0.225409,-0.184971,-0.529353,-0.167521,0.094408,0.431766,-0.43435,0.269857,-0.324586,-0.228543,0.314174,0.147773,0.250853,0.177032,0.580489,-0.125837,-0.186136,0.169048,0.471131,0.215138,-0.358959,0.440615,0.329589,-0.227171,0.248101,-0.266583,-0.590263,0.147773,-0.268603,-0.094272,0.277814,-0.276397,0.070835,0.599747,0.143425,0.316617,0.29101,-0.404795,-0.330557,-0.279609,-0.423045,-0.309244,0.229789,-0.257118,0.357771,0.048486,-0.19958,0.391168,-0.340322,-0.091093,0.381827,-0.346226,0.318433,0.237989,-0.176709,-0.172528,-0.240005,0.0,#
18,0.393006,0.358046,0.550957,-0.045791,0.588456,0.007781,0.264888,-0.331999,0.044473,0.189962,0.127312,-0.091123,0.434255,0.553358,0.004687,0.328884,-0.220015,0.308417,1.0,-0.334972,-0.010558,0.449534,0.483303,-0.435308,-0.807328,-0.497878,-0.20432,0.434569,0.257347,-0.494512,-0.207742,0.221077,-0.331999,-0.176592,-0.209481,0.534029,0.584688,0.394454,-0.001761,0.007781,0.584688,-0.181921,0.091333,0.011629,-0.12921,-0.306733,0.483303,-0.116321,0.189357,-0.017445,-0.199677,-0.178927,0.316436,-0.174719,-0.176797,-0.625547,-0.220566,0.45473,0.032613,0.057694,0.275966,-0.206203,0.394454,-0.196112,0.3683,0.401323,0.0,-0.296622,0.139658,0.299678,-0.323481,-0.422856,0.0,-0.020296,-0.205723,-0.297888,-0.027429,-0.836709,-0.054402,-0.458036,-0.07256,-0.38754,-0.86408,-0.278414,0.01254,-0.434771,-0.280255,-0.265961,-0.331999,0.237245,-0.557358,-0.050578,-0.20492,-0.050827,-0.394248,-0.419001,-0.416612,-0.270093,-0.265961,-0.079781,0.416915,0.152284,-0.478735,-0.033559,-0.622614,-0.20212,-0.563545,-0.329849,0.352368,-0.17636,-0.173046,0.316436,0.17947,-0.033559,-0.693391,-0.268861,-0.458036,-0.206219,0.570027,-0.566495,-0.243427,-0.478735,0.222751,0.205123,-0.323481,-0.005962,-0.651701,0.229196,-0.294119,-0.061844,-0.338369,0.163008,-0.393345,0.136225,-0.557358,-0.427198,0.0,-0.206219,-0.100198,-0.479243,-0.458036,0.40986,-0.061844,-0.257479,-0.265961,0.308417,-0.427198,0.816882,-0.812824,-0.054402,-0.657597,-0.440879,-0.411281,-0.235571,-0.421677,-0.265961,0.141589,0.644909,-0.277242,-0.651701,0.08239,-0.050578,-0.245385,-0.047141,0.570027,0.391306,-0.021923,-0.410391,-0.651701,0.147256,-0.17615,0.568081,0.014615,-0.524337,0.016991,-0.038652,-0.331999,0.646269,0.312344,-0.587872,0.248345,0.440473,-0.217874,0.193043,0.011991,0.062067,0.975574,-0.389049,-0.270552,0.092755,-0.693391,0.054783,0.460145,0.244933,-0.253243,0.383847,0.257102,-0.247328,0.24446,0.0,#
19,-0.196582,-0.661184,0.102854,-0.152997,-0.373471,0.136332,-0.05775,0.451767,-0.219355,0.379034,0.135518,-0.050654,-0.210621,-0.370016,-0.661184,-0.044496,-0.370071,0.296753,-0.334972,1.0,0.113935,0.239732,-0.526426,-0.219088,0.543435,0.535214,0.248927,-0.20316,-0.397296,0.544137,0.362359,-0.713673,0.451767,0.397251,0.538931,0.146911,-0.36973,0.164051,-0.404896,0.016039,-0.36973,-0.118416,-0.251592,0.144827,0.462459,-0.257655,-0.526426,-0.013136,0.197043,-0.11061,0.12069,0.068839,-0.269991,0.573844,0.074825,0.261423,0.047882,-0.498997,0.65916,-0.186008,-0.371529,0.346844,0.164051,-0.373471,-0.20207,-0.526655,0.0,0.193777,-0.294499,-0.630148,-0.549446,0.191477,0.0,0.240835,0.809188,0.390038,0.231924,0.240835,-0.224739,0.559934,0.146761,0.632241,0.229411,-0.368638,0.663051,0.146562,0.063358,0.393567,0.425035,0.38723,0.008572,0.116283,-0.053995,-0.235725,0.542839,0.663051,0.217926,0.074003,0.393567,-0.209654,-0.413109,-0.402225,0.229411,0.10563,0.393049,-0.092373,-0.123478,0.493387,-0.209654,-0.063193,0.410952,-0.269991,0.13923,-0.247717,0.084709,0.406459,0.559934,-0.06265,0.045979,-0.064031,-0.155737,0.229411,0.370234,0.344356,-0.549446,0.584932,0.281871,-0.355785,0.189606,0.116757,0.265005,-0.07525,0.248624,0.525957,0.008572,0.10563,0.0,0.379904,-0.250833,0.240835,0.10563,-0.015645,0.219193,0.152674,-0.054066,0.296753,0.559934,-0.356714,0.542839,0.229411,0.063358,-0.41274,0.663984,0.406459,0.219193,0.393567,0.235725,-0.756027,0.534859,0.763043,0.511968,0.116283,0.073888,0.679604,0.045979,-0.075154,0.167812,0.234535,0.281871,-0.039556,0.133816,-0.635099,0.676189,-0.112515,0.0862,0.398584,0.425035,-0.337763,0.207112,0.277574,-0.337763,-0.186523,-0.492628,0.044945,-0.387683,0.286119,-0.432153,0.265005,0.123983,0.209532,0.084709,-0.070366,-0.178681,-0.734984,0.114173,0.248241,-0.329375,0.506402,0.265005,0.0,#
20,-0.249827,0.150875,-0.341595,0.388678,-0.016838,0.117115,-0.075788,-0.271921,-0.237411,0.383637,0.191215,-0.079104,-0.278054,-0.010597,-0.233194,-0.073153,-0.815027,0.070937,-0.010558,0.113935,1.0,-0.262374,-0.630491,-0.152351,0.121772,0.622165,-0.328647,0.268151,0.08135,0.615433,-0.048753,-0.304042,-0.271921,-0.093413,0.186324,0.067212,-0.027766,0.318525,0.107185,0.117115,-0.027766,-0.355139,0.127915,0.729983,0.121869,0.25711,-0.630491,0.019378,0.219942,-0.645968,-0.513346,0.087595,0.374228,0.215232,-0.372383,0.162946,0.506925,-0.64343,0.225052,-0.238523,-0.420687,-0.165576,0.318525,-0.392417,-0.220381,-0.363582,0.0,0.174554,-0.39491,-0.323007,0.318525,-0.224015,0.0,0.632585,0.405331,-0.219751,0.544445,0.245404,0.226345,0.175112,0.159108,-0.157428,-0.157642,-0.351107,0.257182,0.166413,0.058802,0.391743,0.401151,0.346665,-0.218032,0.096922,0.398638,0.141787,0.163301,0.257182,0.214822,0.069483,0.391743,0.648604,-0.564548,-0.042393,0.226345,0.175112,0.398638,-0.109985,-0.130119,0.465681,0.648604,-0.38048,0.179833,0.374228,-0.395662,-0.265493,0.503246,-0.101833,0.175112,0.378035,-0.431766,-0.061442,0.339727,0.226345,0.426894,0.418737,0.318525,0.190698,0.356679,0.171983,-0.030754,0.577071,0.234408,0.329591,-0.423401,0.003749,-0.218032,0.55923,0.0,0.378035,0.058156,0.245404,0.175112,-0.187394,0.13001,-0.354901,0.391743,0.070937,0.55923,-0.252112,0.163301,0.226345,0.058802,0.218022,0.249876,0.312817,0.13001,0.391743,0.087851,-0.438653,0.099339,0.356679,-0.05982,0.096922,0.488848,0.269608,-0.431766,-0.221743,0.086047,-0.291519,0.356679,-0.11911,-0.389832,-0.607584,-0.407003,0.362415,0.994724,-0.108231,0.401151,-0.027748,-0.393452,-0.110859,-0.027748,-0.25577,-0.552689,0.489156,0.106069,-0.268558,-0.107617,-0.396869,0.144929,0.123707,0.503246,-0.156803,-0.248888,-0.542422,-0.035188,0.128381,-0.398861,-0.342032,0.234408,0.0,#
