0,0.0,0.0,0.0,0.0,-2.7e-05,5.3e-05,5e-05,2.5e-05,-2.5e-05,0.0,0.0,-5.1e-05,2.5e-05,1.5e-05,-3.1e-05,-5.1e-05,5.6e-05,0.0,-0.000106,0.000116,0.0,0.0,-0.000103,7.9e-05,2.4e-05,-5.2e-05,-0.000155,6e-05,-2.5e-05,3.7e-05,0.000155,-9.4e-05,-2.1e-05,9.3e-05,5.3e-05,-2.1e-05,-4.8e-05,-0.000158,0.0,-3.1e-05,-5.2e-05,-2.4e-05,0.0,2.7e-05,5.3e-05,-0.0003,0.0,-6e-05,0.000118,0.000106,0.0,-7.7e-05,-2.7e-05,-5.4e-05,-2.6e-05,0.0,-0.000658,0.000327,-0.001034,5.7e-05,0.0,-0.000503,-0.000201,8.2e-05,-6.9e-05,-6.2e-05,0.0,-6.2e-05,0.0,-0.000371,7.9e-05,0.000231,-3.1e-05,-7e-05,-7.6e-05,-0.000155,-0.000116,0.0,0.002632,-0.000116,7.1e-05,-0.000116,7.1e-05,-1.9e-05,0.0,7.1e-05,8.7e-05,-3.8e-05,0.0,-7.6e-05,-0.000116,-0.000116,0.0,0.0,-3.8e-05,-3.4e-05,-7.6e-05,7.1e-05,7.1e-05,3.6e-05,0.0,-7.6e-05,-7.6e-05,-1.9e-05,-0.000116,3.5e-05,0.0,0.002632,-7e-05,0.0,8.7e-05,0.0,0.002632,3.5e-05,-0.000116,-7e-05,0.0,0.002632,-1.9e-05,4.3e-05,-0.000116,1.8e-05,4.4e-05,-7e-05,-8e-05,8.7e-05,-3.7e-05,0.000639,0.0,-0.000116,0.002632,-6.9e-05,0.0,3.5e-05,-0.000116,7.1e-05,0.0,-7e-05,-0.000449,0.002632,-3.8e-05,0.0,8.7e-05,0.000639,0.0,0.0,4.4e-05,-3.6e-05,-0.000116,7.1e-05,0.0,0.002632,3.5e-05,0.0,0.0,3.6e-05,4.2e-05,-1.3e-05,-0.000116,-3.8e-05,-5.3e-05,-7.6e-05,3.5e-05,-7e-05,0.0,-8e-05,0.0,4e-05,-7e-05,7.1e-05,0.0,-5.2e-05,-3.8e-05,-3.8e-05,8.5e-05,0.0,2.1e-05,0.000119,0.0,7.3e-05,9.5e-05,0.000154,0.00015,8.5e-05,-8.2e-05,0.002632,0.0,8.7e-05,4.2e-05,-0.000658,0.002632,0.0,9.9e-05,0.0,0.00015,2.1e-05,-7.8e-05,0.002632,-8.8e-05,0.0,#
1,0.0,0.0,0.0,0.0,0.0,0.0,0.0,0.0,0.0,0.0,0.0,0.0,0.0,0.0,0.0,0.0,0.0,0.0,0.0,0.0,0.0,0.0,0.0,0.0,0.0,0.0,0.0,0.0,0.0,0.0,0.0,0.0,0.0,0.0,0.0,0.0,0.0,0.0,0.0,0.0,0.0,0.0,0.0,0.0,0.0,0.0,0.0,0.0,0.0,0.0,0.0,0.0,0.0,0.0,0.0,0.0,0.0,0.0,0.0,0.0,0.0,0.0,0.0,0.0,0.0,0.0,0.0,0.0,0.0,0.0,0.0,0.0,0.0,0.0,0.0,0.0,0.0,0.0,0.0,0.0,0.0,0.0,0.0,0.0,0.0,0.0,0.0,0.0,0.0,0.0,0.0,0.0,0.0,0.0,0.0,0.0,0.0,0.0,0.0,0.0,0.0,0.0,0.0,0.0,0.0,0.0,0.0,0.0,0.0,0.0,0.0,0.0,0.0,0.0,0.0,0.0,0.0,0.0,0.0,0.0,0.0,0.0,0.0,0.0,0.0,0.0,0.0,0.0,0.0,0.0,0.0,0.0,0.0,0.0,0.0,0.0,0.0,0.0,0.0,0.0,0.0,0.0,0.0,0.0,0.0,0.0,0.0,0.0,0.0,0.0,0.0,0.0,0.0,0.0,0.0,0.0,0.0,0.0,0.0,0.0,0.0,0.0,0.0,0.0,0.0,0.0,0.0,0.0,0.0,0.0,0.0,0.0,0.0,0.0,0.0,0.0,0.0,0.0,0.0,0.0,0.0,0.0,0.0,0.0,0.0,0.0,0.0,0.0,0.0,0.0,0.0,0.0,0.0,0.0,0.0,0.0,0.0,0.0,0.0,0.0,#
2,0.0,0.0,1.0,0.831966,0.353733,-0.070135,-0.666345,0.383195,0.150147,0.0,0.427592,-0.168832,-0.045675,-0.40805,-0.408156,-0.253911,0.116616,0.494112,-0.398574,-0.096166,-0.272104,-0.534401,0.63196,0.23245,0.567159,0.506106,-0.408275,-0.123616,-0.258096,-0.272104,0.283636,0.24617,0.401677,-0.152916,-0.087325,0.401677,0.402051,-0.415952,0.135005,-0.408156,-0.099088,0.158441,-0.433068,-0.481889,0.341735,-0.584052,-0.345619,-0.149111,0.397256,-0.337202,0.195799,0.271764,0.33561,0.509413,0.376337,-0.088906,0.305366,0.213897,-0.126666,-0.168213,-0.130611,-0.064787,0.033615,-0.391262,0.255681,0.350649,0.09718,0.350649,0.043072,-0.468908,-0.433157,-0.267535,0.09718,-0.017167,0.530853,0.242163,-0.399207,0.174898,-0.076336,0.259187,0.254286,0.259187,-0.554307,0.347785,-0.452357,-0.594554,0.39355,0.086517,0.276816,0.097544,0.259187,-0.399207,-0.15808,-0.225646,0.086517,0.003531,0.097544,0.254286,0.658583,0.225891,-0.345619,0.530853,0.530853,0.788878,-0.399207,-0.026341,0.276816,-0.076336,0.382185,0.0827,0.39355,-0.272104,-0.076336,0.012947,0.259187,0.382185,0.06527,-0.076336,0.18328,-0.144106,0.259187,-0.219297,0.408358,-0.017167,0.257096,-0.099922,-0.067666,-0.292556,-0.221064,0.259187,-0.076336,-0.231891,0.280649,-0.421003,0.259187,-0.190257,0.0,-0.017167,-0.594994,-0.076336,0.086517,0.243363,-0.099922,-0.292556,-0.39336,0.010038,-0.138369,-0.272104,0.259187,-0.15001,-0.371844,-0.076336,0.012947,-0.265519,0.276816,-0.182468,0.239874,0.09718,0.259187,0.516187,0.297933,0.530853,0.012947,-0.017167,0.276816,-0.078439,0.242328,-0.617957,-0.017167,0.214039,0.274396,-0.300003,-0.343152,0.086517,-0.107101,0.276816,-0.408156,0.399594,-0.088236,-0.000943,-0.405446,0.234609,-0.149238,-0.535508,-0.0976,-0.076336,-0.245656,-0.593395,0.406606,-0.076346,-0.076336,0.09369,0.609696,0.597472,-0.149238,0.199369,-0.252522,-0.076336,-0.17351,-0.279867,#
3,0.0,0.0,0.831966,1.0,0.224004,-0.195141,-0.815806,0.577291,-0.00841,0.0,0.358762,-0.01547,-0.23551,-0.499574,-0.019219,-0.015693,0.019219,0.612828,-0.684333,-0.017692,-0.333136,-0.654267,0.391887,0.290616,0.40395,0.623586,-0.359196,-0.028941,-0.023937,-0.333136,0.322374,0.382656,0.333136,-0.386366,0.212819,0.333136,0.205787,-0.353278,-0.023295,-0.019219,-0.223773,-0.0,-0.391702,-0.696239,0.637098,-0.520171,-0.341767,-0.049278,0.396591,-0.219809,0.258852,0.307967,0.206084,0.562552,0.246353,-0.289467,0.218084,0.300077,0.006591,-0.290821,-0.019702,-1e-06,-0.24802,-0.337432,-0.058244,0.44383,0.480485,-0.031702,0.174591,-0.510997,-0.367574,-0.088185,0.480485,0.170647,0.643691,0.333469,-0.343204,0.01613,-0.201295,0.307853,0.400696,0.307853,-0.398887,0.218089,-0.39168,-0.823099,0.00552,-0.207634,0.329368,0.21521,0.307853,-0.343204,-0.01075,-0.37995,-0.207634,-0.188554,-0.196791,0.400696,0.416072,-0.011877,-0.341767,0.643691,0.643691,0.654267,-0.343204,0.157165,0.329368,-0.201295,0.565549,-0.01427,0.00552,0.30751,-0.201295,0.196015,0.307853,0.565549,0.186784,-0.201295,0.024671,-0.013205,0.307853,0.012729,0.492801,0.170647,0.320864,-0.482453,-0.192669,-0.309669,-0.182409,0.307853,-0.201295,-0.386155,0.321157,-0.608353,-0.318163,-0.038894,0.0,0.170647,-0.495314,-0.201295,0.200906,-0.326921,-0.013248,-0.309669,-0.351138,-0.238201,-0.047834,-0.333136,0.307853,0.000905,-0.245459,-0.201295,-0.179239,-0.419379,0.329368,-0.027408,0.002161,-0.0,-0.318163,0.217247,0.423,0.23169,-0.179239,-0.209066,0.329368,-0.20684,0.004479,-0.413133,-0.209066,-0.023517,0.138906,-0.582617,-0.632516,-0.207634,-0.238972,0.329368,-0.499704,0.322813,-0.22026,-0.201313,-0.504198,0.384364,-0.382353,-0.662604,0.187807,-0.201295,-0.407738,-0.501221,0.583381,-0.201318,-0.201295,0.476115,0.495241,0.425995,-0.382353,0.041227,-0.414515,-0.201295,-0.033753,-0.068667,#
4,-2.7e-05,0.0,0.353733,0.224004,1.0,0.028387,-0.108445,0.220113,0.334907,0.0,-0.218159,0.53463,-0.214755,0.199658,-0.327239,0.344052,-0.327239,-0.113962,-0.064223,-0.768899,-0.218159,-0.428457,0.566794,-0.531166,0.370972,-0.065815,0.179328,-0.770329,0.334907,-0.218159,0.226606,0.087924,0.528962,-0.349494,0.047418,0.499077,-0.227066,0.16821,0.352126,-0.327239,0.498147,-0.10361,0.206243,0.0213,0.52318,0.083856,0.129405,0.311854,0.418273,-0.048974,0.252575,-0.496634,0.536211,0.356831,-0.428353,-0.20371,-0.041084,0.362344,-0.673466,-0.423902,-0.242525,0.218159,-0.098998,0.198821,0.217872,0.35372,0.210688,0.35372,-0.043103,0.24168,-0.531166,0.3572,0.233102,-0.211304,-0.056866,0.151633,-0.554501,-0.534016,-0.428421,-0.525299,-0.370457,-0.525299,-0.370457,0.530191,0.189458,0.059914,0.291361,-0.521953,0.189458,-0.53734,0.175558,0.175558,-0.35676,-0.107639,-0.064571,-0.238622,-0.076085,-0.370457,0.077847,0.086406,0.129405,-0.056866,-0.056866,0.530191,-0.554501,-0.233844,0.189458,-0.428421,0.213804,0.216981,0.291361,-0.218159,-0.428421,-0.216339,0.175558,0.213804,-0.04904,-0.428421,0.840126,-0.863512,0.175558,-0.534099,-0.226249,-0.229017,0.197018,-0.255826,-0.428239,-0.306965,0.032078,-0.525299,-0.428421,-0.113666,0.148591,-0.216339,0.175558,0.077847,0.0,0.213804,0.0798,-0.428421,-0.521953,0.12885,-0.781124,-0.306965,0.12885,1e-06,0.303049,0.499077,-0.525299,-0.352525,-0.04904,-0.428421,0.203777,-0.089874,0.189458,-0.366402,0.046503,0.748616,0.175558,-0.064571,0.134594,-0.056866,0.203777,-0.211304,0.189458,-0.44022,-0.35676,-0.397274,0.213804,0.077847,-0.022652,-0.037678,-0.064571,-0.083629,0.477951,0.189458,-0.327239,-0.2463,-0.006205,0.152384,0.158404,0.049983,-0.79949,0.002914,0.014236,-0.428421,-0.135436,-0.781124,-0.235818,-0.428463,-0.428421,-0.365631,0.754507,0.762343,-0.79949,0.314729,-0.561218,-0.428421,0.217412,0.388263,#
5,5.3e-05,0.0,-0.070135,-0.195141,0.028387,1.0,0.34158,-0.654224,0.359634,0.0,0.518869,-0.374051,0.243328,0.19254,-0.327241,-0.1011,0.225531,0.003811,-0.018479,-0.202858,-0.218161,0.05404,0.585419,-0.492072,-0.534257,-0.499502,0.237013,-0.208009,-0.105538,-0.218161,0.226608,0.111055,-0.218161,0.089584,0.040989,-0.218161,0.222458,0.19764,-0.088646,-0.327241,0.028638,0.350031,0.234284,0.010901,-0.428348,-0.574668,0.255315,-0.241472,0.417991,0.425991,0.282185,-0.486992,0.047418,0.056201,0.060292,0.6731,-0.275983,0.42146,0.274545,-0.423905,0.330751,-0.150355,0.348284,0.228366,0.276758,0.376205,-0.327241,0.376205,-0.016198,-0.574811,0.206894,-0.079132,-0.327241,-0.654129,-0.496736,0.208554,0.217924,-0.070103,0.054039,-0.473467,0.109678,-0.473467,0.534237,0.03474,-0.53595,0.065973,0.323115,-0.030744,0.232131,-0.022751,-0.502275,0.217924,-0.336998,0.788659,0.42046,0.224754,0.432274,0.109678,0.109678,-0.354411,0.255315,-0.496736,-0.496736,-0.42846,0.217924,-0.653965,0.232131,0.054039,-0.654129,-0.327075,0.323115,-0.218161,0.054039,-0.19686,0.217924,-0.654129,-0.520899,0.054039,-0.087768,-0.044561,0.217924,0.381173,-0.187103,-0.654129,0.226908,0.323115,0.527168,-0.069376,0.36974,-0.473467,0.054039,0.338119,0.248993,-0.222254,0.217924,-0.358586,0.0,-0.217289,0.066535,0.054039,-0.030744,0.215913,-0.195088,-0.069376,0.215913,2e-06,-0.78476,0.489388,-0.473467,0.109678,-0.061878,0.054039,0.649292,-0.095876,0.232131,-0.354411,0.083545,0.20342,0.217924,-0.030744,0.165115,-0.022751,0.217582,-0.217289,0.232131,0.522108,0.100997,-0.386302,-0.234763,-0.358586,-0.417117,0.315204,0.42046,0.42046,0.027992,0.232131,-0.327241,0.498209,0.018362,0.64076,0.186456,0.112866,0.110025,0.027992,-0.423002,0.054039,-0.112019,0.323115,-0.193615,0.054041,0.054039,-0.330341,-0.330192,0.354728,0.110025,0.303303,-0.072853,0.054039,-0.080768,-0.04309,#
6,5e-05,0.0,-0.666345,-0.815806,-0.108445,0.34158,1.0,-0.815965,0.167014,0.0,-0.272096,-0.168966,0.455218,0.602174,-0.408144,-0.262559,0.107189,-0.30732,0.540124,-0.066571,0.415015,0.815074,-0.144186,-0.339279,-0.66634,-0.761891,0.268719,-0.053014,0.167014,-0.272096,-0.404649,-0.582088,-0.272096,0.262297,-0.096698,-0.272096,0.018023,0.300631,-0.25081,-0.408144,0.353329,0.17476,0.309859,0.695039,-0.534247,0.448781,0.357034,-0.078535,-0.009847,0.537207,-0.338637,-0.359336,-0.090704,-0.756528,-0.096227,0.308403,0.102558,0.152651,0.220598,0.438769,0.425741,0.272097,0.571507,0.293881,0.208323,-0.055167,-0.408144,-0.055167,-0.326562,0.428299,0.312346,-0.19988,-0.408144,-0.384638,-0.777609,-0.447652,0.297952,-0.233548,0.365228,-0.34661,-0.149978,-0.34661,0.245825,-0.102559,0.315862,0.682373,0.422599,0.120832,-0.400197,-0.335727,-0.373467,0.297952,-0.134028,0.56705,0.541476,0.424868,0.08848,-0.149978,-0.149978,-0.141785,0.357034,-0.777609,-0.777609,-0.534386,0.297952,0.036649,-0.400197,0.365228,-0.384638,0.121851,0.422599,-0.272096,0.365228,-0.389497,0.297952,-0.384638,-0.328291,0.365228,0.131895,0.126635,0.297952,-0.251695,-0.58605,-0.384638,-0.404167,0.422599,0.356585,0.350483,0.538783,-0.34661,0.365228,0.573477,-0.376273,0.439119,0.297952,0.28657,0.0,0.022614,0.315365,0.365228,0.120832,0.323036,-0.060507,0.350483,0.323036,0.266124,-0.069438,0.387531,-0.34661,-0.149978,0.099641,0.365228,0.399346,0.607416,-0.400197,-0.141785,0.260431,0.086576,0.297952,0.120832,0.037976,-0.335727,-0.003125,0.022614,-0.400197,0.375282,0.274301,0.20598,0.006324,0.28657,0.005682,0.471417,0.541476,0.541476,0.378515,-0.400197,0.622523,-0.225536,0.359488,0.432427,0.616864,-0.12673,0.287573,0.378515,-0.061436,0.365228,0.181125,0.422599,-0.386397,0.365259,0.365228,-0.390223,-0.389336,-0.25401,0.287573,0.11553,0.210613,0.365228,0.102689,0.210899,#
7,2.5e-05,0.0,0.383195,0.577291,0.220113,-0.654224,-0.815965,1.0,-0.011695,0.0,-0.333201,0.411711,-0.678949,-0.499672,0.516056,0.427993,-0.499802,0.13762,-0.240855,-0.026028,-0.333201,-0.654394,-0.062869,0.264612,0.809669,0.60658,-0.317578,-0.0566,0.004719,0.344037,0.295036,0.391788,0.316947,-0.421272,0.244238,0.344037,-0.224492,-0.36396,0.400012,0.516056,-0.216818,-0.440754,-0.350728,-0.453217,0.658249,0.104316,-0.450436,0.47152,-0.144309,-0.665464,0.233364,0.280767,0.18514,0.538506,-0.223191,-0.610783,-0.010641,-0.301576,-0.512907,-0.299574,-0.508331,-0.330494,-0.733039,-0.35043,-0.444336,-0.078169,0.516056,-0.078169,0.168563,0.124043,-0.404411,0.308252,0.495738,0.574428,0.617637,0.361302,-0.367167,-0.026524,-0.65434,0.268134,-0.020271,0.268134,-0.410387,0.19685,0.289365,-0.410387,-0.547005,-0.263799,0.289365,0.199525,0.268134,-0.367167,-0.031723,-0.815618,-0.695673,-0.606643,-0.236008,-0.020271,-0.036526,0.38544,-0.450436,0.617637,0.617637,0.640207,-0.367167,0.175383,0.289365,-0.65434,0.574428,-0.026109,-0.547005,0.344037,-0.65434,0.175383,-0.393638,0.574428,0.635775,-0.65434,0.021265,-0.277897,-0.393638,0.001249,0.462856,0.590484,0.294544,-0.527165,-0.654062,-0.519462,-0.705504,0.268134,-0.65434,-0.815769,0.226948,-0.221305,-0.393638,-0.020271,0.0,0.189083,-0.109261,-0.65434,-0.263799,-0.443193,-0.031161,-0.519462,-0.417593,-0.514107,0.462856,-0.333201,0.268134,-0.020271,0.196418,-0.65434,-0.617992,-0.429123,0.289365,0.401858,-0.438782,0.008127,-0.393638,-0.263799,-0.225151,0.182104,-0.221305,0.173027,0.289365,-0.67236,-0.450284,0.073396,0.173027,-0.036526,0.103908,-0.603378,-0.678398,-0.678398,-0.278687,0.289365,-0.499802,-0.376181,-0.259836,-0.648089,-0.537106,-0.047179,-0.452209,-0.261463,0.190482,-0.65434,-0.043424,-0.527165,0.169565,-0.654405,-0.65434,0.458556,0.457652,-0.042352,-0.452209,0.02045,-0.055751,-0.65434,0.241082,-0.057191,#
8,-2.5e-05,0.0,0.150147,-0.00841,0.334907,0.359634,0.167014,-0.011695,1.0,0.0,-0.272093,-0.186419,-0.079529,0.086449,-0.40814,0.158034,-0.40814,0.005439,0.133418,-0.136047,-0.272093,-0.075291,0.614786,-0.461326,0.149993,-0.386975,-0.380623,-0.645021,0.149494,-0.272093,0.22975,0.228836,-0.272093,-0.591447,0.35889,0.401127,0.369081,-0.444052,0.558053,-0.40814,0.335391,0.125498,-0.381306,-0.210899,-0.087676,0.038518,-0.461561,0.375651,0.375964,-0.354305,0.168523,-0.45177,0.353015,0.071046,-0.087909,-0.108842,0.093653,0.159447,-0.305965,-0.168492,0.387389,-0.415154,0.29724,-0.418042,-0.074092,0.32993,0.096775,0.32993,0.00578,0.04765,-0.461326,-0.34815,-0.40814,-0.416819,-0.379573,0.242195,0.218959,-0.265826,-0.534335,-0.438886,0.229901,-0.438886,-0.174059,0.347072,0.236297,0.229901,0.363391,-0.368703,0.236297,0.071415,-0.466297,-0.438886,-0.998716,0.15106,0.060609,-0.019684,0.504364,0.229901,0.229901,0.241911,-0.461561,-0.379573,-0.379573,0.347072,0.218959,-0.026965,0.236297,-0.534335,-0.017799,-0.407932,0.363391,-0.272093,-0.534335,-0.815633,0.218959,-0.017799,0.082426,-0.534335,0.1826,-0.433747,0.218959,-0.243147,-0.118846,-0.017799,0.228018,0.363391,-0.092568,-0.523621,-0.07448,-0.438886,-0.534335,-0.271513,0.185327,-0.404869,0.218959,-0.174059,0.0,-0.001174,-0.281749,-0.534335,-0.368703,0.160705,-0.12967,-0.523621,-0.475487,-0.532349,-0.139547,0.401127,-0.438886,-0.578019,0.082426,-0.534335,-0.010535,-0.249151,0.236297,0.241911,0.194114,0.601691,0.218959,0.060609,-0.034616,0.071415,-0.421299,-0.001174,0.236297,-0.105104,-0.181897,-0.229336,-0.017799,0.229901,0.241607,-0.024675,-0.368703,0.489921,-0.137095,0.236297,-0.40814,-0.30719,0.30167,0.340543,0.040163,-0.17927,-0.174757,-0.137095,-0.126431,-0.534335,0.126014,-0.12967,-0.03082,-0.534389,-0.534335,0.059773,0.075146,0.126014,-0.174757,0.603672,0.157224,-0.534335,0.348901,-0.198162,#
9,0.0,0.0,0.0,0.0,0.0,0.0,0.0,0.0,0.0,0.0,0.0,0.0,0.0,0.0,0.0,0.0,0.0,0.0,0.0,0.0,0.0,0.0,0.0,0.0,0.0,0.0,0.0,0.0,0.0,0.0,0.0,0.0,0.0,0.0,0.0,0.0,0.0,0.0,0.0,0.0,0.0,0.0,0.0,0.0,0.0,0.0,0.0,0.0,0.0,0.0,0.0,0.0,0.0,0.0,0.0,0.0,0.0,0.0,0.0,0.0,0.0,0.0,0.0,0.0,0.0,0.0,0.0,0.0,0.0,0.0,0.0,0.0,0.0,0.0,0.0,0.0,0.0,0.0,0.0,0.0,0.0,0.0,0.0,0.0,0.0,0.0,0.0,0.0,0.0,0.0,0.0,0.0,0.0,0.0,0.0,0.0,0.0,0.0,0.0,0.0,0.0,0.0,0.0,0.0,0.0,0.0,0.0,0.0,0.0,0.0,0.0,0.0,0.0,0.0,0.0,0.0,0.0,0.0,0.0,0.0,0.0,0.0,0.0,0.0,0.0,0.0,0.0,0.0,0.0,0.0,0.0,0.0,0.0,0.0,0.0,0.0,0.0,0.0,0.0,0.0,0.0,0.0,0.0,0.0,0.0,0.0,0.0,0.0,0.0,0.0,0.0,0.0,0.0,0.0,0.0,0.0,0.0,0.0,0.0,0.0,0.0,0.0,0.0,0.0,0.0,0.0,0.0,0.0,0.0,0.0,0.0,0.0,0.0,0.0,0.0,0.0,0.0,0.0,0.0,0.0,0.0,0.0,0.0,0.0,0.0,0.0,0.0,0.0,0.0,0.0,0.0,0.0,0.0,0.0,0.0,0.0,0.0,0.0,0.0,0.0,#
10,0.0,0.0,0.427592,0.358762,-0.218159,0.518869,-0.272096,-0.333201,-0.272093,0.0,1.0,-0.408057,0.369292,-0.166623,-0.166667,-0.272166,0.666667,0.272897,-0.503311,0.198169,-0.111111,-0.218218,0.307389,0.149278,-0.272101,0.24239,0.120133,0.194834,-0.272093,-0.111111,0.158159,0.293404,-0.111111,0.289102,-0.218161,-0.111111,0.353741,0.144425,-0.27194,-0.166667,-0.218164,0.420916,0.105621,-0.381074,-0.218161,-0.895531,0.19245,-0.664364,0.234933,0.226501,0.158397,0.153093,-0.218159,0.312021,0.518497,0.516022,-0.145475,0.243957,0.514503,-0.215898,0.158193,0.111111,0.288249,0.130954,0.417074,0.202749,-0.166667,0.202749,0.259459,-0.902665,0.149278,-0.203925,-0.166667,-0.333153,0.247993,0.120133,0.15328,0.427398,0.509134,0.15328,0.29806,0.15328,0.29806,-0.218218,-0.997099,-0.407871,0.196262,0.241742,0.160822,0.247993,0.15328,0.15328,0.291309,0.427398,0.241742,0.348215,0.247993,0.29806,0.29806,-0.408008,0.19245,0.247993,0.247993,-0.218218,0.15328,-0.333069,0.160822,0.509134,-0.333153,-0.166582,0.196262,-0.111111,0.509134,0.35604,0.15328,-0.333153,-0.508822,0.509134,-0.271543,0.271956,0.15328,0.437602,0.20258,-0.333153,0.160014,0.196262,0.522634,0.318005,0.313852,0.15328,0.509134,0.417625,0.227038,-0.333069,0.15328,-0.407871,0.0,-0.333153,-0.335179,0.509134,0.241742,0.196875,0.196262,0.318005,0.196875,0.43034,-0.665619,-0.111111,0.15328,0.29806,-0.508822,0.509134,0.35604,-0.271981,0.160822,-0.408008,0.29519,-0.166667,0.15328,0.241742,0.281265,0.247993,0.35604,-0.333153,0.160822,0.523154,0.291309,-0.404913,-0.333153,-0.407871,-0.178644,0.258127,0.241742,0.241742,-0.183682,0.160822,-0.166667,0.996944,-0.184546,0.379861,-0.126428,0.306886,0.29916,-0.183682,-0.185482,0.509134,-0.241878,0.196262,0.360694,0.509182,0.509134,-0.133014,-0.131804,0.461767,0.29916,-0.270423,-0.242527,0.509134,-0.590272,-0.270666,#
11,-5.1e-05,0.0,-0.168832,-0.01547,0.53463,-0.374051,-0.168966,0.411711,-0.186419,0.0,-0.408057,1.0,-0.367207,-0.119238,0.394082,0.643534,-0.612085,-0.108387,-0.138528,-0.413094,0.290671,-0.343983,-0.212061,-0.275659,0.261951,-0.123104,0.388307,-0.402538,0.661003,0.262722,0.424931,0.148782,0.290671,-0.232318,0.088693,0.262722,-0.823137,0.369674,0.252118,0.394082,0.534621,-0.595865,0.439966,0.03984,0.533638,0.365428,0.242046,0.079443,-0.401193,-0.091603,0.47243,-0.260366,0.100882,0.252364,-0.801215,-0.171673,-0.525114,-0.265462,-0.734816,-0.300973,-0.374047,0.072667,-0.500295,0.371885,-0.145914,-0.376535,0.394082,0.163718,-0.080621,0.457212,-0.275659,0.652096,0.415044,-0.014227,-0.124339,-0.287292,-0.314235,-0.160285,-0.343956,-0.286924,-0.248994,-0.286924,0.153501,0.095144,0.394827,0.153501,-0.407468,-0.522322,0.394827,-0.573691,0.368535,0.368535,0.154369,-0.600093,-0.522322,-0.406345,-0.573691,-0.248994,-0.676152,0.18653,0.242046,0.351446,0.351446,0.095144,-0.314235,-0.004045,-0.333338,-0.343956,-0.014227,0.435784,-0.407468,0.262722,-0.343956,0.40523,-0.286924,-0.014227,0.370105,-0.343956,0.287085,-0.596233,-0.286924,-0.189805,-0.443814,-0.030792,0.424417,-0.427938,-0.335182,-0.129766,-0.075789,-0.286924,-0.343956,-0.172128,-0.388346,0.012326,-0.286924,0.170271,0.0,-0.014227,0.602046,-0.343956,-0.522322,-0.310339,-0.427938,-0.129766,0.323545,0.010824,0.597171,0.262722,-0.286924,-0.273657,0.370105,-0.343956,-0.421023,-0.143671,-0.333338,-0.278798,-0.263066,0.394082,-0.286924,-0.522322,-0.029774,-0.079932,-0.02812,-0.411799,0.394827,-0.795764,-0.642878,0.203484,0.424272,-0.232224,0.102712,-0.033997,-0.094567,-0.540145,0.526724,0.394827,-0.08804,-0.419173,-0.400381,-0.44482,-0.147614,0.147099,-0.674962,0.035068,0.055077,-0.343956,-0.22567,-0.427938,-0.004885,-0.34399,-0.343956,-0.136512,0.3973,0.215714,-0.674962,-0.202224,-0.194564,-0.343956,0.437336,0.672895,#
12,2.5e-05,0.0,-0.045675,-0.23551,-0.214755,0.243328,0.455218,-0.678949,-0.079529,0.0,0.369292,-0.367207,1.0,0.533245,-0.495187,-0.397466,0.553938,-0.17359,0.198493,0.036698,0.369292,0.267399,-0.081411,-0.260675,-0.492491,-0.214918,-0.229671,0.049223,0.039835,-0.330124,-0.323318,-0.035696,-0.330125,0.10438,-0.648183,-0.330125,0.195551,-0.114163,-0.075645,-0.495187,0.255287,0.78977,-0.159565,0.056671,-0.648183,-0.096875,-0.096915,-0.51882,0.034178,0.303373,-0.398828,-0.279682,0.146431,-0.139602,0.61381,0.16765,-0.020146,0.01274,0.377125,0.627751,0.509045,0.414055,0.753137,-0.178281,0.098463,-0.057799,-0.495187,-0.057799,0.184459,-0.119839,0.40262,-0.281763,-0.495187,-0.235852,-0.216749,-0.398197,0.386266,0.388391,0.725217,-0.26984,-0.004147,-0.26984,0.079788,0.139194,-0.320708,0.079788,0.531291,0.244942,-0.320708,-0.216749,0.386266,-0.133151,0.108556,0.471547,0.673119,0.296958,0.215055,-0.004147,-0.004147,-0.44125,-0.096915,-0.216749,-0.216749,-0.300366,0.386266,0.189319,-0.320708,0.725217,-0.235852,0.04434,0.531291,-0.330125,0.725217,-0.122036,0.386266,-0.235852,-0.686489,0.725217,0.004351,0.266215,0.386266,-0.361522,-0.492344,-0.235852,-0.321424,0.531291,0.284533,0.615652,0.436216,-0.26984,0.725217,0.887728,-0.25153,-0.122036,0.386266,-0.323103,0.0,-0.550907,-0.211299,0.725217,0.244942,0.442834,0.039533,0.615652,-0.059485,0.606788,0.003158,0.341315,-0.26984,-0.323103,-0.250894,0.725217,0.271255,0.072395,-0.320708,-0.44125,0.826314,0.008393,0.386266,0.244942,0.477148,-0.216749,0.271255,-0.235852,-0.320708,0.302414,0.424444,-0.371907,0.162112,-0.004147,0.245466,0.406905,0.334146,0.673119,0.304534,-0.320708,0.553938,0.416927,0.637755,0.324786,0.575386,-0.302,0.442118,0.304534,-0.144436,0.725217,0.411922,0.531291,0.193747,0.725286,0.725217,-0.045549,-0.451067,0.075297,0.442118,-0.042931,0.000218,0.725217,-0.303145,0.085189,#
13,1.5e-05,0.0,-0.40805,-0.499574,0.199658,0.19254,0.602174,-0.499672,0.086449,0.0,-0.166623,-0.119238,0.533245,1.0,-0.249935,0.091624,0.387654,-0.753862,0.408551,-0.336695,-0.166623,0.229292,-0.104353,-0.581012,-0.408046,-0.165496,0.115812,-0.313196,0.086449,-0.166623,-0.677254,-0.09639,-0.166623,-0.078366,-0.327156,-0.166623,0.046536,0.21792,0.105815,-0.249935,0.199951,0.632025,0.157097,0.304136,-0.327156,0.402986,0.147244,0.306416,0.352308,0.318057,-0.661355,-0.613775,0.221609,-0.173905,0.214785,-0.255227,0.071235,0.299475,0.141714,0.274734,0.236259,0.591684,0.435653,0.163212,0.000117,0.278804,-0.249935,-0.378505,0.366667,0.34155,0.225202,0.162266,-0.249935,0.033907,-0.183824,0.115812,0.18295,-0.407865,0.229275,-0.614526,-0.611648,-0.614526,-0.121945,0.20703,0.193921,0.418167,0.259157,-0.18853,-0.692013,-0.183824,0.18295,0.18295,-0.076672,0.612392,0.331905,0.021777,0.34102,-0.611648,-0.071535,-0.611853,0.147244,-0.762696,-0.762696,-0.327242,0.18295,0.027768,0.193921,0.229275,0.033907,-0.249808,0.259157,-0.166623,0.229275,-0.499474,0.18295,0.033907,-0.763034,0.229275,0.578704,-0.22297,0.18295,-0.407928,-0.333904,0.033907,-0.676891,0.259157,-0.327075,0.487697,0.378445,-0.614526,0.229275,0.598132,0.229295,0.027768,0.18295,-0.071535,0.0,0.033907,-0.046731,0.229275,-0.18853,0.198832,-0.338559,0.487697,0.198832,0.329257,0.268363,0.649491,-0.614526,-0.071535,-0.233582,0.229275,0.505801,0.127235,0.193921,-0.066313,0.408254,0.362151,0.18295,-0.18853,0.020085,-0.762696,0.505801,0.033907,-0.692013,0.235587,-0.076672,-0.1021,-0.015887,-0.071535,-0.305385,0.387978,0.331905,0.331905,0.208859,-0.692013,0.387654,-0.137601,0.762464,0.510279,0.996973,-0.593785,-0.070193,0.78542,0.24243,0.229275,0.627867,0.259157,-0.499292,0.229294,0.229275,-0.23855,-0.237993,0.089503,-0.070193,0.065788,-0.395505,0.229275,-0.276049,0.157387,#
14,-3.1e-05,0.0,-0.408156,-0.019219,-0.327239,-0.327241,-0.408144,0.516056,-0.40814,0.0,-0.166667,0.394082,-0.495187,-0.249935,1.0,0.612373,-0.25,-0.215445,-0.184353,0.225337,-0.166667,-0.327327,-0.60624,0.158059,0.106991,0.320301,0.180199,0.242717,0.096775,0.666667,0.14106,0.401158,-0.166667,-0.108413,0.225531,-0.166667,-0.498933,0.150989,0.116545,1.0,-0.327246,-0.407596,0.158431,-0.259011,0.225531,0.149255,-0.0,0.255396,-0.479655,-0.233855,0.169711,0.133956,-0.327239,0.28802,-0.327248,-0.249688,-0.49098,-0.447255,-0.085751,-0.323847,-0.355934,-0.250001,-0.731708,0.128696,-0.550997,-0.36598,0.375,-0.36598,0.343401,0.030773,0.158059,0.554421,0.375,0.488108,0.308941,0.244556,0.13412,0.087422,-0.3273,0.13412,-0.111772,0.13412,0.388262,-0.327327,0.14474,-0.111772,-0.998065,-0.231322,0.14474,0.308941,0.13412,0.13412,0.378701,-0.407971,-0.762738,-0.499613,-0.226977,-0.111772,-0.611807,-0.106954,-0.0,0.308941,0.308941,-0.327327,0.13412,-0.011485,0.14474,-0.3273,-0.005811,-0.249873,-0.998065,0.666667,-0.3273,0.476634,-0.680182,-0.005811,0.318014,-0.3273,-0.407314,0.050097,-0.680182,0.597267,0.23152,0.488108,0.173349,-0.387737,-0.327161,-0.053001,-0.376623,0.13412,-0.3273,-0.408046,0.113519,-0.011485,-0.680182,-0.111772,0.0,-0.005811,0.335179,-0.3273,-0.231322,-0.689062,0.22259,-0.053001,0.098437,-0.322756,0.23152,-0.166667,0.13412,0.388262,0.318014,-0.3273,-0.499604,-0.407971,0.14474,0.398105,-0.611464,-0.25,-0.680182,-0.762738,-0.413108,-0.226977,-0.011485,-0.005811,0.14474,-0.336313,-0.611749,0.514944,-0.005811,-0.611807,-0.344527,-0.200121,-0.231322,-0.762738,-0.346171,0.14474,-0.25,-0.188165,-0.346023,-0.521298,-0.268659,-0.115082,-0.143347,0.183683,0.196792,-0.3273,0.065967,0.22259,-0.013873,-0.327333,-0.3273,0.359139,-0.280084,-0.428784,-0.143347,-0.405635,0.058466,-0.3273,0.065857,0.067667,#
15,-5.1e-05,0.0,-0.253911,-0.015693,0.344052,-0.1011,-0.262559,0.427993,0.158034,0.0,-0.272166,0.643534,-0.397466,0.091624,0.612373,1.0,-0.408248,-0.439776,-0.301046,-0.121353,-0.272166,-0.534523,-0.153378,-0.414051,0.174716,0.081285,0.267991,-0.614756,0.570295,0.408248,0.256527,0.670989,-0.272166,-0.588019,0.368291,0.408248,-0.41061,0.246565,0.602674,0.612373,0.344541,-0.257757,0.284588,-0.422964,0.368291,0.243733,-0.0,0.41706,-0.123885,-0.381883,0.277137,-0.432292,-0.076863,0.470334,-0.534394,-0.407739,-0.579056,-0.177058,-0.490108,-0.52884,-0.096873,-0.068042,-0.380187,0.21016,-0.313984,-0.092593,0.612372,-0.092593,0.560772,0.17588,-0.414051,0.515122,0.102062,-0.009489,0.066923,0.294264,0.219017,-0.261727,-0.53448,-0.445858,-0.182524,-0.445858,0.225753,-0.089087,0.23636,0.225753,-0.633172,-0.811647,0.23636,0.066923,0.219017,0.219017,-0.190282,-0.261727,-0.811647,-0.421839,0.066923,-0.182524,-0.5908,-0.174654,-0.0,0.066923,0.066923,-0.089087,0.219017,-0.018755,0.23636,-0.53448,-0.009489,-0.40804,-0.633172,0.408248,-0.53448,-0.018755,-0.445858,-0.009489,0.077897,-0.53448,0.19148,-0.677841,-0.445858,0.154508,-0.124054,0.393794,0.283077,-0.134842,-0.534251,-0.086552,-0.076878,-0.445858,-0.53448,-0.267473,0.185376,-0.417303,-0.445858,-0.182524,0.0,-0.009489,0.167244,-0.53448,-0.811647,-0.482242,-0.134842,-0.086552,0.160747,-0.26353,0.37807,0.408248,-0.445858,-0.182524,0.077897,-0.53448,-0.417303,-0.666214,0.23636,0.237724,-0.195113,0.612373,-0.445858,-0.811647,-0.351655,-0.370652,-0.018755,-0.412772,0.23636,-0.549198,-0.998981,0.301862,-0.009489,-0.5908,-0.156281,0.11722,-0.377748,-0.377748,-0.132671,0.23636,-0.408248,-0.307272,-0.141263,-0.059392,0.045162,-0.187929,-0.615746,0.299952,0.32136,-0.53448,0.107723,-0.134842,-0.022654,-0.534532,-0.53448,0.065164,0.080714,0.134654,-0.615746,-0.26945,-0.302337,-0.53448,0.107544,0.193373,#
16,5.6e-05,0.0,0.116616,0.019219,-0.327239,0.225531,0.107189,-0.499802,-0.40814,0.0,0.666667,-0.612085,0.553938,0.387654,-0.25,-0.408248,1.0,-0.172356,-0.162406,0.297254,-0.166667,0.218218,-0.072578,0.256846,-0.408152,0.385227,0.148021,0.317018,-0.40814,-0.166667,-0.62836,-0.085684,-0.166667,0.433653,-0.327241,-0.166667,0.55041,0.249461,-0.407909,-0.25,-0.327246,0.651354,0.126745,-0.013397,-0.327241,-0.348262,0.288676,-0.320497,0.3524,0.339751,-0.61096,0.22964,-0.327239,-0.139509,0.756495,0.124844,0.327321,0.365936,0.771757,0.262833,0.213561,0.583335,0.515522,0.196431,0.453424,0.304124,-0.25,-0.340206,0.389188,-0.430817,0.256846,-0.305888,-0.25,0.023243,0.37199,0.148021,0.229921,0.116563,0.763703,0.229921,-0.082359,0.229921,-0.082359,-0.327327,-0.627207,-0.082359,0.294393,0.362613,-0.627207,0.37199,0.229921,0.229921,0.436963,0.641097,0.362613,0.522323,0.37199,-0.082359,0.44709,-0.612012,0.288676,-0.195452,-0.195452,-0.327327,0.229921,0.017228,0.241234,0.763703,0.023243,-0.249873,0.294393,-0.166667,0.763703,0.017228,0.229921,0.023243,-0.763233,0.763703,0.055543,0.407935,0.229921,0.124184,0.30387,0.023243,-0.626722,0.294393,0.228395,0.742013,0.470778,0.229921,0.763703,0.626437,0.340558,0.017228,0.229921,-0.082359,0.0,0.023243,-0.502768,0.763703,0.362613,0.295312,0.294393,0.742013,0.295312,0.645512,-0.347279,-0.166667,0.229921,0.44709,-0.763233,0.763703,0.53406,0.116563,0.241234,-0.077244,0.442785,-0.25,0.229921,0.362613,0.070316,-0.195452,0.53406,0.023243,-0.627207,0.784731,0.436963,-0.112231,-0.49973,-0.082359,-0.267965,0.408943,0.362613,0.362613,-0.275524,-0.627207,0.375,0.703142,0.276818,0.569791,0.442498,-0.051147,0.44874,0.289653,0.264652,0.763703,0.164917,0.294393,0.020809,0.763775,0.763703,-0.199522,-0.197707,0.164917,0.44874,-0.405635,-0.36379,0.763703,-0.885408,-0.405999,#
17,0.0,0.0,0.494112,0.612828,-0.113962,0.003811,-0.30732,0.13762,0.005439,0.0,0.272897,-0.108387,-0.17359,-0.753862,-0.215445,-0.439776,-0.172356,1.0,-0.469806,0.176012,0.272897,-0.009403,0.309052,0.45177,0.012635,-0.021635,-0.206317,0.286433,0.0417,-0.502705,0.498961,-0.166814,0.244171,-0.004004,0.327742,0.071815,0.134451,-0.248359,-0.463683,-0.215445,-0.094994,-0.332662,-0.228829,-0.223211,0.346034,-0.454477,-0.09951,-0.460474,0.071705,0.150198,0.488487,0.477156,-0.041335,-0.061277,0.003296,0.294792,0.244467,0.206734,0.169967,-0.046514,0.211035,-0.215446,-0.063057,-0.189711,0.109312,0.14437,0.215445,0.211003,-0.518876,-0.413699,-0.11578,-0.395413,0.344712,-0.213326,0.000543,-0.258451,-0.236118,0.172777,0.028207,0.493702,0.777684,0.493702,0.002028,-0.028208,-0.2819,-0.576926,0.212244,0.139006,0.526379,-0.017931,-0.208048,-0.208048,0.001506,-0.315419,0.139006,0.192772,-0.479774,0.777684,0.302151,0.323109,-0.09951,0.528675,0.528675,0.347904,-0.236118,0.151929,-0.2819,0.028207,0.127194,0.388219,0.212244,0.215445,0.028207,0.313262,0.493702,0.127194,0.485631,0.028207,-0.396754,0.405208,0.493702,0.130972,0.159615,-0.315482,0.497579,-0.334763,0.499514,-0.360836,0.040571,0.493702,0.028207,-0.267945,-0.29153,-0.167766,-0.208048,0.302151,0.0,0.127194,-0.081842,0.028207,0.59697,-0.198506,0.191205,-0.360836,-0.198506,-0.233638,-0.370357,-0.502705,0.493702,-0.042585,0.112912,0.028207,-0.167766,0.128578,-0.2819,-0.192022,-0.099938,-0.323168,-0.208048,0.505377,0.54386,0.528675,-0.588417,-0.213326,0.526379,-0.007388,0.428282,-0.17068,-0.152232,0.302151,0.374102,-0.497511,-0.318958,0.029094,0.022526,0.526379,-0.172356,0.262012,-0.502162,-0.255965,-0.736795,0.785693,0.003223,-0.978379,-0.138597,0.028207,-0.777124,-0.22957,0.633634,0.028209,0.028207,0.332196,0.239952,0.066513,0.003223,0.1262,0.146676,0.028207,0.334849,0.080473,#
18,-0.000106,0.0,-0.398574,-0.684333,-0.064223,-0.018479,0.540124,-0.240855,0.133418,0.0,-0.503311,-0.138528,0.198493,0.408551,-0.184353,-0.301046,-0.162406,-0.469806,1.0,-0.299334,0.111197,0.409953,-0.126229,-0.270804,0.070547,-0.395328,-0.217401,0.170285,-0.383706,0.257508,-0.300125,-0.459113,0.140459,0.306863,-0.522375,-0.503312,-0.165605,-0.232134,0.152103,-0.184353,-0.084067,0.157579,-0.194715,0.706753,-0.578277,0.463834,-0.152052,0.293839,-0.238552,0.018128,-0.327765,-0.258488,0.411155,-0.311472,0.000448,0.064881,0.049807,-0.344088,-0.221318,0.402299,-0.289133,-0.213617,0.03562,-0.211924,-0.218876,-0.304268,-0.754967,0.124711,-0.353715,0.54677,0.480786,0.150375,-0.272139,0.252812,-0.392092,-0.128135,-0.143307,0.041954,-0.06896,-0.257683,-0.579227,-0.257683,-0.105145,0.409953,0.518416,0.396824,0.175486,0.473758,-0.304951,-0.335636,-0.229089,-0.229089,-0.128889,0.152467,0.473758,-0.223883,0.153648,-0.579227,-0.081389,0.284177,-0.152052,-0.511645,-0.511645,-0.088121,-0.143307,-0.20911,-0.12198,-0.06896,-0.198128,0.188019,0.175486,-0.503311,-0.06896,-0.304894,-0.257683,-0.198128,-0.022334,-0.06896,0.092968,0.038199,-0.257683,-0.332036,-0.281493,-0.128753,-0.326362,0.261212,-0.1177,-0.132142,-0.373606,-0.257683,-0.06896,0.085567,-0.135531,0.613618,0.485762,-0.129934,0.0,-0.198128,0.348514,-0.06896,-0.011416,0.463184,-0.296007,-0.132142,-0.228136,-0.022672,0.220265,0.257508,-0.257683,-0.063831,0.471246,-0.06896,0.232501,0.469681,-0.12198,0.006677,-0.077001,-0.184353,0.485762,-0.011416,-0.241358,-0.04118,0.249642,0.686408,-0.304951,0.003242,0.288464,-0.081601,0.593568,0.309031,-0.087374,0.044913,0.492419,0.063226,0.323987,-0.304951,0.298475,-0.484772,0.49817,-0.143888,0.395669,-0.641635,0.350602,0.517486,-0.473237,-0.06896,0.627746,0.261212,-0.698317,-0.068967,-0.06896,-0.21579,-0.299103,-0.405371,0.350602,0.521708,0.500482,-0.06896,0.252838,0.039205,#
19,0.000116,0.0,-0.096166,-0.017692,-0.768899,-0.202858,-0.066571,-0.026028,-0.136047,0.0,0.198169,-0.413094,0.036698,-0.336695,0.225337,-0.121353,0.297254,0.176012,-0.299334,1.0,0.198169,0.347347,-0.454079,0.703744,-0.125694,0.245041,-0.084667,0.405818,-0.095701,0.166206,-0.198463,0.068268,-0.664825,0.149696,0.284782,0.166206,0.501351,-0.08007,-0.134849,0.225337,-0.188935,-0.069431,-0.123964,-0.276966,-0.22406,-0.029576,-0.105184,-0.273898,-0.337346,-0.294811,-0.226524,0.668911,-0.789532,-0.347638,0.34672,-0.003831,0.217613,-0.297344,0.52953,0.350856,0.354951,-0.118263,0.270444,-0.12834,0.110291,-0.295375,0.225337,-0.27165,0.211618,-0.184125,-0.117206,-0.655547,-0.397936,-0.012035,0.228768,-0.15008,0.683814,0.42808,0.38917,0.683814,0.593194,0.683814,0.11372,-0.782577,-0.172098,0.132899,-0.194434,0.254663,-0.172098,0.74265,-0.097006,-0.097006,0.157543,-0.065944,-0.275285,0.538518,0.228768,0.593194,0.11372,0.088426,-0.105184,0.228768,0.228768,-0.238539,0.683814,0.500427,-0.172098,0.38917,-0.012035,-0.33133,-0.194434,0.134244,0.38917,0.032378,-0.128238,-0.012035,0.181743,0.38917,-0.622303,0.560802,-0.128238,0.388762,0.361583,0.480519,-0.166476,0.414207,0.348749,0.378115,0.133622,0.683814,0.38917,-0.020721,-0.134975,0.032378,-0.097006,0.11372,0.0,-0.012035,-0.430671,0.38917,0.234281,-0.056633,0.999439,0.378115,-0.056633,0.074277,-0.228105,-0.664825,0.683814,0.11372,-0.357387,0.38917,-0.454392,-0.065944,-0.172098,0.572718,0.160936,-0.373964,-0.097006,0.254663,-0.328022,0.228768,-0.435671,-0.012035,-0.172098,0.359413,0.138548,0.604426,-0.485646,0.11372,0.352385,0.251296,-0.254903,0.254663,-0.685822,-0.172098,0.297254,0.223731,-0.168552,0.061844,-0.294284,0.150322,0.631807,-0.157433,0.349031,0.38917,-0.061989,0.390798,0.500703,0.389202,0.38917,0.234173,-0.332076,-0.535131,0.631807,-0.596223,0.411372,0.38917,-0.403872,-0.639758,#
20,0.0,0.0,-0.272104,-0.333136,-0.218159,-0.218161,0.415015,-0.333201,-0.272093,0.0,-0.111111,0.290671,0.369292,-0.166623,-0.166667,-0.272166,-0.166667,0.272897,0.111197,0.198169,1.0,0.509175,-0.40416,0.149278,-0.272101,-0.507865,0.120133,0.194834,0.429178,-0.111111,0.158159,-0.407649,-0.111111,0.289102,-0.218161,-0.111111,-0.332622,0.144425,-0.27194,-0.166667,0.528186,-0.271731,0.190117,0.363211,-0.218161,0.265343,0.19245,-0.664364,-0.646066,0.226501,0.158397,0.153093,-0.218159,-0.498034,-0.218165,0.349563,-0.145475,-0.388524,-0.057168,0.566342,0.22147,0.111111,0.288249,0.130954,0.149228,-0.656357,-0.166667,0.202749,-0.503655,0.328242,0.149278,-0.203925,-0.166667,-0.333153,-0.508596,-0.995388,0.15328,0.427398,0.509134,0.15328,0.29806,0.15328,0.29806,-0.218218,0.160822,0.29806,0.196262,0.241742,0.160822,-0.508596,0.15328,0.15328,0.291309,-0.271981,0.241742,0.348215,-0.508596,0.29806,-0.407871,0.305016,0.19245,0.247993,0.247993,-0.218218,0.15328,0.35604,-0.997099,0.509134,-0.333153,0.690124,0.196262,-0.111111,0.509134,0.35604,0.15328,-0.333153,0.254411,0.509134,-0.271543,0.271956,0.15328,-0.272023,-0.665619,-0.333153,0.160014,0.196262,0.522634,0.318005,0.313852,0.15328,0.509134,0.417625,-0.983832,0.35604,0.15328,0.29806,0.0,-0.333153,0.409663,0.509134,0.241742,0.196875,0.196262,0.318005,0.196875,0.43034,0.20258,-0.111111,0.15328,-0.407871,0.254411,0.509134,-0.333069,0.427398,-0.997099,-0.408008,0.29519,-0.166667,0.15328,0.241742,0.281265,0.247993,-0.333069,-0.333153,0.160822,-0.180246,0.291309,0.255271,0.364144,0.29806,0.638013,0.258127,0.241742,0.241742,0.569887,0.160822,0.666667,-0.05942,-0.184546,-0.266711,-0.126428,0.306886,0.29916,-0.183682,-0.185482,0.509134,-0.241878,0.196262,0.360694,0.509182,0.509134,-0.133014,-0.131804,-0.241878,0.29916,-0.270423,0.450406,0.509134,0.287818,0.405999,#
21,0.0,0.0,-0.534401,-0.654267,-0.428457,0.05404,0.815074,-0.654394,-0.075291,0.0,-0.218218,-0.343983,0.267399,0.229292,-0.327327,-0.534523,0.218218,-0.009403,0.409953,0.347347,0.509175,1.0,-0.327936,0.264433,-0.534397,-0.487379,0.235936,0.361028,-0.075291,-0.218218,-0.500905,-0.800607,-0.218218,0.533988,0.03474,-0.218218,0.228121,0.254993,-0.534079,-0.327327,0.060135,-0.062784,0.235093,0.713332,-0.42846,0.412555,0.377964,-0.190144,-0.158072,0.444839,-0.429594,0.244989,-0.428457,-0.978119,0.035242,0.316021,0.428562,0.065066,0.449095,0.600177,0.331397,0.218218,0.493531,0.257188,0.343177,-0.164226,-0.327327,-0.164226,-0.489584,0.376048,0.264433,-0.483939,-0.327327,-0.197812,-0.503559,-0.522431,0.259226,-0.076308,0.52377,0.259226,0.097563,0.259226,0.097563,-0.428571,0.273736,0.559703,0.354114,0.447486,-0.484302,-0.035772,-0.451555,0.259226,0.114424,0.356106,0.447486,0.659103,-0.035772,0.097563,0.097563,0.106323,0.377964,-0.503559,-0.503559,-0.428571,0.259226,0.24812,-0.484302,0.52377,-0.197812,0.233686,0.354114,-0.218218,0.52377,-0.203007,0.259226,-0.197812,-0.027759,0.52377,-0.129285,0.502877,0.259226,-0.095493,-0.202087,-0.197812,-0.500491,0.354114,0.514563,0.393236,0.452021,0.259226,0.52377,0.368713,-0.445894,0.674185,0.259226,0.559703,0.0,0.233316,0.154411,0.52377,0.447486,0.300731,0.354114,0.393236,0.300731,0.281724,-0.170511,-0.218218,0.259226,0.097563,-0.027759,0.52377,0.223058,0.813957,-0.484302,0.106323,0.119629,-0.327327,0.259226,0.447486,-0.099738,-0.035772,-0.203007,0.233316,-0.484302,0.53819,0.546692,0.47253,-0.197812,0.559703,0.150364,0.355056,0.447486,0.447486,0.101749,-0.484302,0.763763,-0.159921,0.09061,0.269841,0.268991,0.128356,0.560337,0.101749,0.079964,0.52377,-0.043185,0.354114,-0.199802,0.523817,0.52377,-0.296067,-0.294811,-0.503829,0.560337,-0.111021,0.402598,0.52377,-0.041517,-0.088596,#
