0,1.0,-0.218052,-0.404756,-0.271904,0.374725,0.556068,-0.218052,0.461759,-0.166623,0.0,0.50115,-0.499308,0.611646,0.440621,0.380139,0.447556,0.650171,-0.407997,0.237377,-0.272101,-0.271911,0.266796,0.258317,0.196747,-0.272166,-0.651528,0.206817,0.151125,-0.333209,-0.218076,-0.333136,0.29506,-0.21799,-0.272101,0.386654,-0.111111,-0.111111,0.156674,0.634029,-0.328182,-0.402113,-0.111111,0.062185,0.040493,-0.166623,-0.6172,0.316178,0.124879,0.271423,-0.508526,0.298169,0.153343,-0.166667,-0.379309,0.232996,0.165542,-0.973532,0.361977,0.41646,0.258317,0.118969,-0.174066,-0.916578,-0.502608,-0.118678,0.205942,0.0,0.33857,0.182948,0.16852,0.201469,-0.148581,0.0,-0.272023,0.117142,0.160641,-0.407998,-0.333153,-0.508822,-0.508338,-0.271774,-0.272166,-0.218218,0.308968,-0.664634,0.231475,-0.333153,0.28628,-0.332873,-0.333153,0.045404,-0.508,-0.166571,-0.332704,-0.218103,0.465621,0.045404,0.225473,-0.271774,-0.272014,0.318116,-0.407661,0.045404,-0.166571,0.180799,-0.272023,-0.52705,0.274059,-0.217859,0.244704,0.158479,-0.111111,0.186905,-0.332873,-0.407433,-0.218103,0.301416,-0.52705,-0.217813,0.206973,-0.407661,-0.166667,-0.664634,-0.218218,0.141579,-0.271774,-0.218093,0.222154,0.310344,-0.272023,-0.508,0.0,-0.994563,-0.333153,0.117142,-0.272166,-0.111111,-0.271981,0.245021,0.045404,-0.218107,0.045404,-0.333153,-0.960085,0.045404,0.222497,-0.664634,-0.166524,-0.664634,-0.217859,-0.66523,0.117142,-0.166571,-0.271981,-0.508338,-0.271774,0.405257,-0.329261,0.117142,-0.332704,0.209441,-0.218103,0.300991,-0.271774,-0.271774,0.356938,0.494036,0.249738,-0.333333,-0.218218,0.537362,0.151125,-0.272014,0.111581,0.522083,-0.664634,-0.218103,-0.133666,-0.133666,0.275241,0.357108,0.301508,0.248911,0.211881,-0.2995,-0.407661,0.203806,-0.407998,0.29519,-0.128852,-0.52705,-0.185826,-0.299922,-0.197281,-0.467678,-0.1657,0.203806,-0.634909,0.141333,-0.166543,#
1,-0.218052,1.0,0.057191,-0.09835,0.17039,0.473256,0.524534,-0.533051,0.741628,0.0,-0.096114,-0.011983,-0.420118,0.331038,0.21206,-0.533262,-0.326999,0.535155,-0.093891,0.330071,-0.066477,0.412482,0.39701,-0.168646,-0.106823,-0.118265,0.289562,-0.372175,0.239253,0.065163,-0.25145,-0.587953,0.073227,-0.11924,-0.646382,-0.218052,0.479714,-0.424597,-0.326776,-0.156231,0.137079,0.537861,0.209902,0.178355,-0.326993,0.016527,0.516723,0.347182,0.537211,0.413094,-0.534163,-0.562851,0.196247,-0.74438,-0.329954,0.508373,0.20031,0.430009,0.483563,0.39701,0.335872,0.21785,0.434993,0.284946,0.081084,0.238002,0.0,-0.007859,0.190343,0.250241,-0.163064,0.072455,0.0,-0.533836,-0.214561,0.207474,0.054436,0.251384,-0.52701,0.429777,0.357656,-0.534116,-0.428245,0.195813,0.316719,0.090852,0.251384,-0.179174,0.655301,0.251384,0.219789,0.417605,0.180285,0.639761,0.085604,-0.427541,0.219789,-0.315172,0.357656,-0.125886,0.27231,0.046014,0.219789,0.180285,-0.037171,0.387353,0.027581,-0.766004,0.999832,0.062963,0.093717,-0.218052,-0.077908,0.2198,0.082286,0.085604,-0.212739,0.027581,0.533126,-0.419718,0.535439,-0.327078,0.316719,-0.428245,0.380749,0.357656,0.49534,0.455091,0.389484,-0.051063,-0.05317,0.0,0.206164,-0.653802,-0.214561,-0.534116,-0.218052,-0.05795,0.083576,-0.501525,0.075914,-0.501525,-0.179415,0.325653,0.219789,-0.405594,0.316719,0.176713,0.316719,0.524786,-0.270057,0.328226,0.180285,-0.05795,0.429777,0.357656,0.296913,0.143018,-0.214561,0.209542,0.013701,0.085604,0.230056,0.357656,0.357656,0.219537,0.019216,-0.340126,-0.654155,-0.428245,-0.42005,-0.430327,-0.125886,-0.170736,0.042835,-0.222782,-0.428019,0.211197,0.211197,0.225663,0.196662,-0.039446,-0.479175,-0.227309,0.236714,0.046014,0.335968,0.054436,-0.799985,0.203591,0.027581,0.524441,0.22589,0.025811,-0.467467,-0.32518,-0.730598,0.141472,-0.620981,-0.326835,#
2,-0.404756,0.057191,1.0,0.173498,-0.444833,-0.442718,0.057191,-0.197894,-0.190764,0.0,-0.302882,0.352296,-0.432252,0.232594,-0.438511,-0.535689,-0.606988,0.581797,-0.540281,-0.220697,-0.124065,0.296093,-0.087551,-0.024714,0.181765,0.111835,-0.410805,-0.259067,0.06308,-0.794405,0.342283,-0.102661,0.064386,0.229679,-0.052167,0.242853,0.161902,0.326132,-0.606573,0.058268,0.495149,0.323804,0.374526,-0.046983,-0.091666,0.095543,-0.275905,-0.398045,-0.082818,0.350955,-0.187122,-0.318607,0.36428,0.325794,-0.240637,-0.361821,0.386405,0.089666,0.120103,-0.087551,0.604449,-0.172281,0.350259,0.12832,0.051238,0.308418,0.0,0.146542,-0.277155,0.332521,0.069659,-0.754473,0.0,-0.120634,0.64127,-0.28809,0.127533,0.043276,-0.042219,-0.099591,0.649335,0.280909,0.14132,-0.43851,0.619714,0.178335,0.475095,0.050734,-0.042797,0.059269,-0.272511,0.331042,-0.194907,-0.016911,0.11612,0.149387,0.45051,0.672452,0.632835,0.228743,-0.38407,0.152385,-0.272511,0.367748,0.377397,0.288182,0.396788,0.142188,0.059132,-0.294165,0.232462,0.323804,-0.116115,0.426071,0.995228,0.566339,-0.787863,0.396788,-0.009918,0.591651,0.583334,-0.121427,0.619714,0.088325,-0.34383,0.236828,0.047668,-0.592039,-0.03908,0.288182,0.331042,0.0,0.425035,0.009408,0.64127,0.280909,0.269837,0.694483,0.18595,0.45051,0.548669,0.45051,0.043276,0.307641,0.45051,-0.072046,0.078937,-0.197711,0.078937,0.059132,0.065334,0.097198,0.367748,0.694483,0.358944,0.236828,0.240578,0.003199,0.64127,0.398354,0.754475,0.150752,0.020198,0.236828,0.203827,0.386589,0.009728,-0.210783,0.03238,0.565279,-0.364085,-0.420983,0.178459,0.223851,-0.77578,0.619714,0.546986,-0.601781,-0.601781,-0.4122,-0.437658,-0.024407,0.003238,-0.469535,0.035869,-0.276623,-0.392248,-0.272726,0.199133,-0.060177,0.396788,-0.311601,0.076774,0.052473,0.50769,-0.007788,-0.352652,-0.006023,-0.161605,-0.08368,#
3,-0.271904,-0.09835,0.173498,1.0,-0.013454,-0.103977,0.355038,0.1173,0.101326,0.0,0.53504,0.012901,0.296422,-0.27004,-0.007093,-0.249521,0.122124,0.225135,-0.381965,0.174548,0.156961,0.02932,-0.375796,-0.08822,0.574611,-0.101643,-0.703991,-0.404374,-0.028578,-0.097018,0.383638,0.406222,0.314644,0.174548,0.447331,0.367871,0.421185,0.301781,-0.40748,-0.063386,0.272842,-0.271904,-0.571901,0.425076,0.631613,-0.370796,-0.595534,0.118344,0.086491,0.047285,0.437853,0.217875,0.111961,0.028639,0.216349,-0.315562,0.163187,-0.05558,-0.567019,-0.375796,-0.141511,0.579457,0.268625,-0.296202,-0.125913,0.079877,0.0,-0.685986,-0.471944,-0.557942,-0.041126,-0.357118,0.0,-0.247619,-0.141926,-0.450822,0.228528,-0.02528,0.069175,0.053498,0.125036,0.150183,-0.080276,0.010974,-0.152938,-0.174646,-0.02528,-0.435488,-0.0404,-0.436076,0.229377,0.042657,0.096153,-0.017821,0.321605,-0.533132,-0.458443,-0.190374,0.548854,0.170067,-0.119933,-0.174897,0.229377,0.096153,0.064445,0.138281,-0.328763,-0.315605,-0.10679,0.240704,0.384778,-0.271904,0.075709,-0.008456,0.20442,0.321605,0.025881,-0.328763,-0.080127,-0.302489,0.21632,0.071975,-0.152938,0.338555,0.059631,0.157637,-0.098369,0.052737,-0.492515,0.138281,0.491571,0.0,0.212581,0.385516,-0.141926,0.574611,-0.271904,0.126776,-0.408131,0.229377,-0.130917,0.229377,0.385516,0.288778,-0.458443,-0.558717,0.361511,0.631237,0.361511,-0.10679,0.376466,-0.141926,0.096153,0.126776,0.053498,0.157637,0.181491,-0.066356,-0.141926,0.392422,0.129389,-0.088955,-0.418831,0.157637,0.125036,-0.449436,0.346184,-0.634324,0.399859,0.338555,-0.141055,0.288778,0.567473,-0.122676,-0.149033,0.361511,-0.123168,0.028122,0.028122,-0.039621,-0.050608,-0.805344,-0.380486,-0.172834,-0.039963,-0.174897,-0.635651,0.261479,0.198522,-0.467508,-0.328763,-0.149033,-0.049397,0.31058,-0.040393,0.061298,-0.166247,0.478871,0.159368,0.093966,#
4,0.374725,0.17039,-0.444833,-0.013454,1.0,0.652202,0.17039,-0.346563,0.4641,0.0,0.49439,-0.187645,0.335384,0.418714,0.205329,0.461538,0.521884,-0.034048,0.630917,-0.036198,0.416312,-0.215083,0.641151,0.109282,-0.430057,-0.422918,0.441093,-0.17632,0.193738,0.20401,-0.635184,0.167812,-0.201337,-0.019999,-0.1253,-0.332797,0.296111,-0.216949,0.011026,-0.136781,0.064514,-0.332797,-0.371043,0.149931,0.002165,-0.380246,-0.000253,0.466069,0.138365,0.172172,0.320062,0.309608,0.483473,-0.510559,0.003442,0.713749,-0.355928,0.532701,0.486182,0.641151,0.00635,0.486349,-0.096215,0.020364,0.159227,0.416484,0.0,-0.02653,0.344556,-0.264297,0.079969,0.118823,0.0,-0.008647,-0.540103,0.360691,-0.030201,-0.609565,-0.232002,0.165927,-0.035441,-0.397964,-0.207574,0.997334,-0.559371,-0.451224,-0.205747,-0.602357,-0.24983,-0.205747,-0.423886,-0.713851,-0.041784,0.129376,-0.232853,0.227986,-0.397881,-0.404974,-0.452061,-0.023842,0.528388,-0.04185,-0.423886,0.484386,-0.244265,-0.419604,-0.633929,-0.313183,0.162502,0.806033,0.204072,0.34852,0.20205,-0.234129,-0.449754,-0.653256,0.201286,-0.633929,0.213396,-0.557686,-0.04185,-0.499196,-0.559371,-0.653601,0.424054,-0.452061,0.633682,0.217293,0.525625,-0.814756,-0.713851,0.0,-0.426165,-0.609565,-0.540103,0.003209,-0.332797,-0.814629,-0.34754,-0.397881,-0.653269,-0.397881,-0.609565,-0.25494,-0.397881,-0.358571,-0.578822,0.46415,-0.578822,-0.265665,-0.059064,-0.559671,0.484386,-0.814629,-0.26224,-0.452061,-0.047788,0.491285,-0.540103,-0.258388,-0.356466,-0.653256,0.178585,-0.452061,-0.452061,0.224385,0.203322,0.040263,-0.196534,-0.207574,0.253783,0.452645,-0.447053,-0.018192,0.652789,-0.559371,-0.216037,0.481102,0.481102,0.988841,0.998111,0.037925,-0.152838,0.543424,-0.193615,0.358745,0.522715,0.374696,0.044312,0.482476,-0.633929,0.202014,0.194231,0.65758,-0.691565,0.502098,0.061284,0.058959,0.262212,-0.024786,#
5,0.556068,0.473256,-0.442718,-0.103977,0.652202,1.0,0.0045,-0.021722,0.726864,0.0,0.433828,-0.539919,0.155419,0.35543,0.23658,-0.03175,0.242231,0.04345,0.413415,0.318394,-0.072554,0.432785,0.41711,0.407613,-0.112337,-0.705385,0.29081,-0.363025,-0.230259,0.058618,-0.256495,-0.039229,0.06657,-0.124577,-0.147032,-0.217841,0.470078,-0.414564,0.231132,-0.643425,0.124772,-0.217841,0.125126,-0.004179,-0.326677,-0.604846,0.535559,0.345504,0.489953,-0.106875,0.015688,0.220425,0.189178,-0.743661,0.11004,0.384343,-0.604289,0.481836,0.487482,0.41711,0.313203,0.188257,-0.348184,-0.250672,-0.055788,0.268733,0.0,0.019299,0.221592,0.251057,-0.155566,-0.022998,0.0,-0.53332,-0.273985,0.263944,0.043142,-0.22845,-0.532699,-0.105129,-0.13692,-0.5336,-0.427831,0.631631,-0.290598,0.042005,-0.22845,-0.221156,0.16467,-0.22845,0.130849,-0.112484,0.173444,0.155088,-0.427606,0.048928,0.130849,-0.357971,-0.13692,-0.131126,0.337636,0.034849,0.130849,0.173444,-0.089728,-0.101091,-0.693413,-0.302506,0.464375,0.506063,0.351591,-0.217841,0.394473,-0.264685,-0.406952,-0.427606,0.223652,-0.693413,0.519984,-0.466298,0.034849,-0.326762,-0.290598,-0.427831,0.379027,-0.13692,0.482723,0.4544,0.391994,-0.53332,-0.576614,0.0,-0.6021,-0.65317,-0.273985,-0.5336,-0.217841,-0.533237,0.23545,-0.580286,-0.427614,-0.580286,-0.65317,-0.449022,0.130849,-0.394131,-0.290598,0.169923,-0.290598,-0.003967,-0.283408,0.261142,0.173444,-0.533237,-0.105129,-0.13692,0.303178,0.132505,-0.273985,-0.26906,-0.039622,-0.427606,0.181448,-0.13692,-0.13692,0.225647,0.509326,0.110473,-0.653523,-0.427831,0.084339,0.324956,-0.131126,-0.230526,0.530509,-0.822485,-0.427606,0.204768,0.204768,0.598799,0.648717,-0.031112,-0.465992,0.349816,-0.21464,0.034849,0.336485,0.043142,-0.309677,0.197394,-0.693413,0.037437,-0.219984,0.020357,-0.974826,-0.324866,-0.168243,-0.209597,0.023395,-0.326519,#
6,-0.218052,0.524534,0.057191,0.355038,0.17039,0.0045,1.0,-0.533051,0.185518,0.0,0.369554,0.47119,0.080022,0.331038,0.643779,-0.09759,0.228686,0.090333,-0.111947,-0.11924,-0.102411,-0.056674,0.39701,-0.745591,-0.106823,-0.162894,0.228984,-0.430327,0.239253,0.02994,-0.25145,-0.21677,-0.427799,-0.11924,-0.196725,-0.218052,0.479714,0.278184,-0.326776,0.294782,-0.344551,0.537861,-0.549433,0.325513,0.229117,-0.19597,0.078525,0.24507,0.400632,0.413094,-0.051369,-0.590715,0.196247,-0.54369,-0.363452,0.488684,0.172256,0.19322,0.143026,0.39701,-0.237568,0.754956,0.37621,0.284946,0.037955,0.238002,0.0,-0.007859,0.190343,-0.466308,0.373038,-0.015905,0.0,-0.09542,-0.214561,0.153584,-0.394792,-0.179415,-0.52701,0.429777,0.357656,-0.534116,-0.428245,0.195813,-0.222782,0.090852,-0.179415,-0.179174,0.2198,-0.179415,0.219789,-0.05317,0.180285,0.639761,0.552035,-0.427541,-0.501525,-0.315172,0.357656,-0.125886,0.27231,-0.398442,0.219789,0.180285,-0.037171,-0.051063,0.027581,-0.766004,0.524786,0.062963,-0.030686,-0.218052,-0.561282,0.2198,0.082286,0.085604,-0.212739,0.027581,0.028497,-0.419718,0.090983,-0.327078,-0.222782,-0.428245,0.174938,0.357656,0.010272,0.416848,0.314294,-0.051063,0.417605,0.0,0.206164,-0.223002,-0.214561,-0.089019,-0.218052,-0.05795,-0.660589,0.219789,0.075914,0.219789,0.251384,0.267501,-0.501525,-0.502626,0.316719,0.741548,0.316719,0.524786,-0.270057,-0.214561,0.180285,-0.05795,-0.045269,0.357656,0.296913,0.114299,-0.214561,0.639761,0.013701,0.085604,0.230056,0.357656,0.357656,0.192699,0.019216,-0.795412,-0.218052,-0.428245,0.023041,-0.48848,-0.125886,-0.170736,0.013893,0.316719,-0.428019,0.177567,0.177567,0.225663,0.169499,-0.368168,-0.043033,-0.261959,0.209875,0.046014,0.302638,0.054436,-0.370874,-0.347531,0.027581,0.495498,0.199377,0.486712,-0.13094,0.164338,-0.763928,0.141472,-0.620981,0.199106,#
7,0.461759,-0.533051,-0.197894,0.1173,-0.346563,-0.021722,-0.533051,1.0,-0.407328,0.0,0.153835,-0.475244,0.344652,-0.194144,0.044528,0.201236,0.131785,-0.199478,-0.311064,0.157577,-0.277972,0.094676,-0.736269,0.441164,0.548903,-0.110907,-0.527469,0.317284,-0.429731,-0.088851,0.374618,0.637383,0.296696,0.157577,0.474009,0.380272,-0.271623,0.330479,0.649727,-0.106521,-0.185525,-0.271623,0.20269,0.197976,0.07149,-0.216175,-0.12511,0.122111,-0.256052,-0.821741,0.484253,0.298849,-0.407434,0.268633,0.20843,-0.520939,-0.492755,-0.15751,-0.375418,-0.736269,-0.150773,-0.484133,-0.611791,-0.6868,-0.573795,-0.481422,0.0,-0.087439,-0.373761,0.188474,-0.028382,-0.108967,0.0,-0.255394,0.373467,-0.381627,0.228117,0.360811,0.042499,-0.372806,-0.265752,0.548903,0.337856,-0.390404,-0.152989,0.239029,-0.041668,0.383022,-0.016275,-0.025569,0.226746,0.04243,0.117224,-0.81333,-0.114838,-0.081453,0.226746,0.210807,0.132876,0.161776,0.024441,-0.182705,0.226746,-0.407201,0.518804,0.121433,-0.347876,0.54917,-0.53258,-0.159522,-0.158067,-0.271623,0.534478,-0.016275,-0.206939,0.3035,0.412051,-0.347876,-0.532467,0.372098,-0.199314,0.59078,-0.152989,0.764621,0.161515,0.149486,-0.533152,0.097182,-0.677181,0.531027,0.04243,0.0,-0.472054,0.360811,0.373467,0.133067,-0.271623,0.110181,0.520898,0.226746,-0.122733,0.226746,0.360811,-0.416163,0.226746,0.279212,-0.152989,-0.407085,-0.152989,-0.088763,-0.142295,0.373467,-0.407201,0.110181,0.053258,0.149486,0.234464,-0.804913,0.373467,-0.427471,0.136534,0.32093,0.016459,0.149486,0.149486,-0.372097,0.380814,0.20317,0.37484,0.320074,-0.056299,0.317284,0.566711,-0.144687,-0.065977,-0.152989,-0.114838,-0.418505,-0.418505,-0.473242,-0.386754,-0.159697,0.084754,-0.106183,-0.420239,-0.581333,-0.580432,-0.174791,0.237105,-0.403432,-0.347876,-0.533228,-0.425053,-0.566098,0.08003,-0.40507,0.37616,-0.047291,0.162675,-0.407132,#
8,-0.166623,0.741628,-0.190764,0.101326,0.4641,0.726864,0.185518,-0.407328,1.0,0.0,0.100564,-0.227948,-0.321031,0.057573,-0.033447,-0.40749,-0.249875,0.388681,0.294307,0.602569,0.13861,0.292977,0.281388,0.320998,0.091624,-0.298467,0.174108,-0.555551,0.002168,0.249741,-0.029018,-0.290352,0.259104,0.077049,-0.49393,-0.166623,0.649491,-0.62128,-0.249704,-0.492146,0.480295,-0.166623,0.097059,-0.038417,-0.24987,-0.207558,0.374099,0.306701,0.356975,0.293412,-0.22777,0.134792,0.362151,-0.568815,-0.061982,0.319176,0.087545,0.27252,0.234198,0.281388,0.273263,0.367173,0.344315,0.117928,0.031882,0.148639,0.0,-0.25687,0.111713,0.158591,-0.351033,0.095492,0.0,-0.407928,-0.421839,0.18039,0.388318,0.004268,-0.211521,0.295328,0.062136,-0.408142,-0.327242,0.494032,0.204446,-0.141438,0.004268,-0.498926,0.470415,0.004268,0.117715,0.286324,0.343406,0.458908,-0.327069,-0.326704,0.117715,-0.610991,0.062136,0.069208,0.137691,0.378199,0.117715,0.343406,-0.255846,0.104847,-0.38712,-0.585338,0.730933,0.398165,0.286158,-0.166623,0.313541,-0.038952,-0.14612,-0.327069,0.016264,-0.38712,0.796866,-0.724219,0.378199,-0.249935,0.204446,-0.327242,0.332672,0.062136,0.752894,0.355509,0.208601,-0.407928,-0.264299,0.0,0.107521,-0.4996,-0.421839,-0.408142,-0.166623,-0.407865,0.076862,-0.725941,-0.327075,-0.725941,-0.4996,0.260636,0.117715,-0.65143,0.204446,0.33919,0.204446,0.175314,0.213469,0.213011,0.343406,-0.407865,0.295328,0.062136,0.024805,0.429272,-0.421839,-0.044281,-0.22007,-0.327069,-0.033453,0.062136,0.062136,-0.027247,0.19601,-0.075303,-0.49987,-0.327242,-0.343975,0.260636,0.069208,-0.365686,0.197964,-0.426559,-0.327069,0.353378,0.353378,0.48295,0.474523,-0.28605,-0.758509,0.239925,-0.007157,0.378199,0.230781,0.388318,-0.611305,0.340651,-0.38712,0.197964,-0.013148,0.187167,-0.770037,-0.248485,-0.368003,0.27598,-0.089031,-0.249749,#
9,0.0,0.0,0.0,0.0,0.0,0.0,0.0,0.0,0.0,0.0,0.0,0.0,0.0,0.0,0.0,0.0,0.0,0.0,0.0,0.0,0.0,0.0,0.0,0.0,0.0,0.0,0.0,0.0,0.0,0.0,0.0,0.0,0.0,0.0,0.0,0.0,0.0,0.0,0.0,0.0,0.0,0.0,0.0,0.0,0.0,0.0,0.0,0.0,0.0,0.0,0.0,0.0,0.0,0.0,0.0,0.0,0.0,0.0,0.0,0.0,0.0,0.0,0.0,0.0,0.0,0.0,0.0,0.0,0.0,0.0,0.0,0.0,0.0,0.0,0.0,0.0,0.0,0.0,0.0,0.0,0.0,0.0,0.0,0.0,0.0,0.0,0.0,0.0,0.0,0.0,0.0,0.0,0.0,0.0,0.0,0.0,0.0,0.0,0.0,0.0,0.0,0.0,0.0,0.0,0.0,0.0,0.0,0.0,0.0,0.0,0.0,0.0,0.0,0.0,0.0,0.0,0.0,0.0,0.0,0.0,0.0,0.0,0.0,0.0,0.0,0.0,0.0,0.0,0.0,0.0,0.0,0.0,0.0,0.0,0.0,0.0,0.0,0.0,0.0,0.0,0.0,0.0,0.0,0.0,0.0,0.0,0.0,0.0,0.0,0.0,0.0,0.0,0.0,0.0,0.0,0.0,0.0,0.0,0.0,0.0,0.0,0.0,0.0,0.0,0.0,0.0,0.0,0.0,0.0,0.0,0.0,0.0,0.0,0.0,0.0,0.0,0.0,0.0,0.0,0.0,0.0,0.0,0.0,0.0,0.0,0.0,0.0,0.0,0.0,0.0,0.0,0.0,0.0,0.0,0.0,0.0,0.0,0.0,0.0,0.0,#
10,0.50115,-0.096114,-0.302882,0.53504,0.49439,0.433828,0.369554,0.153835,0.100564,0.0,1.0,-0.048154,0.799408,0.227729,0.50441,0.269807,0.708006,-0.267023,0.158731,0.067565,0.071372,0.053815,0.179974,-0.085019,0.076723,-0.667344,-0.073726,-0.368378,-0.382446,-0.076861,-0.101134,0.434495,-0.198998,0.067565,0.459474,-0.26766,0.415727,0.328089,0.152799,-0.119865,-0.219742,-0.26766,-0.5907,0.262423,0.519727,-0.810643,-0.08501,0.228819,0.253439,-0.340746,0.503409,0.242769,0.11105,-0.459867,0.183985,0.147325,-0.5625,0.113172,-0.017342,0.179974,-0.195605,0.61761,-0.328848,-0.599761,-0.121992,0.183839,0.0,-0.164714,-0.237992,-0.510682,0.447696,-0.24023,0.0,-0.225905,-0.195629,0.226526,-0.268537,-0.498761,-0.431392,-0.338925,-0.261383,-0.341764,-0.190137,0.473841,-0.743216,0.166914,-0.498761,-0.37317,-0.416491,-0.802545,0.180851,-0.475176,0.095464,0.000595,-0.068577,-0.05189,-0.525598,-0.233358,0.052031,0.062634,0.104816,-0.275312,0.180851,0.095464,0.014121,-0.346131,-0.688841,-0.308175,-0.104436,0.314597,0.329781,-0.26766,0.024729,-0.109391,-0.282016,-0.196486,0.379512,-0.688841,-0.078147,-0.347861,-0.275312,-0.401489,-0.743216,-0.190137,0.167706,0.052031,-0.096132,0.179334,0.08778,-0.346131,-0.014103,0.0,-0.550467,-0.076839,-0.195629,0.09416,-0.26766,-0.350494,-0.402089,0.180851,-0.525406,0.180851,-0.076839,-0.453809,-0.525598,-0.452353,-0.214834,0.645184,-0.214834,-0.104436,-0.204825,-0.195629,0.095464,-0.350494,-0.469197,0.052031,0.529662,-0.048378,-0.195629,0.303969,0.077379,-0.196486,0.026794,0.052031,-0.261383,0.040795,0.40537,-0.258729,-0.068339,-0.190137,0.411509,0.315069,0.062634,-0.155158,0.392539,-0.214834,-0.525396,0.085109,0.085109,0.425567,0.456942,-0.445575,0.058549,-0.004072,-0.093785,-0.153429,-0.003917,0.171433,0.227185,-0.425969,-0.688841,-0.097284,-0.102412,0.358956,-0.530943,0.08027,-0.129268,-0.112116,0.1156,0.113911,#
11,-0.499308,-0.011983,0.352296,0.012901,-0.187645,-0.539919,0.47119,-0.475244,-0.227948,0.0,-0.048154,1.0,-0.190288,0.131405,0.22715,0.108523,-0.18409,-0.132411,0.124331,-0.034209,0.0065,-0.481566,0.153905,-0.446307,-0.028948,0.156101,0.294912,-0.295947,-0.118112,-0.050757,0.134236,-0.096865,-0.641212,0.440649,-0.337759,-0.499308,0.209768,0.43624,-0.196519,0.63498,-0.188095,0.268858,-0.20669,-0.285807,0.206971,0.200682,-0.046169,-0.268966,-0.400464,0.181591,-0.062093,-0.294029,0.35897,0.251111,-0.58489,0.082834,0.474055,-0.462004,-0.045678,0.153905,-0.335322,0.363555,0.487921,0.30807,-0.061711,-0.226801,0.0,0.395393,-0.055827,-0.249816,0.701056,-0.021191,0.0,0.604757,0.230498,0.443688,-0.179274,-0.279563,0.023677,0.131648,0.153883,0.007237,0.33461,-0.161857,0.207301,0.329186,-0.24454,-0.112539,-0.183793,-0.139473,-0.218522,0.006754,0.314472,0.299966,0.015837,0.054636,-0.189201,-0.059638,0.009352,0.440131,-0.310559,0.302028,-0.218522,0.360106,0.015796,-0.411033,0.392406,-0.11991,-0.011245,-0.476079,-0.4273,0.268858,-0.505425,0.595114,0.344262,-0.116881,-0.295914,0.392406,-0.044886,0.008255,-0.131566,-0.217155,0.207301,-0.168272,-0.304935,0.442946,-0.022037,-0.381322,0.117059,0.016668,0.485159,0.0,0.51243,0.15822,0.230498,0.025329,0.268858,0.060956,-0.470722,0.543804,0.044098,0.543804,0.15822,0.413192,-0.189201,-0.222846,0.185372,0.337343,0.185372,0.452191,0.175066,-0.343151,0.360106,0.060956,-0.003521,0.442946,-0.007184,0.294757,0.230498,0.614744,-0.00789,0.338151,0.297391,0.442946,0.117751,0.280697,-0.525582,-0.112237,0.150679,-0.129589,-0.021493,-0.355042,-0.037028,-0.266124,-0.499765,0.755546,0.034797,-0.211066,-0.211066,-0.1171,-0.182846,-0.181721,0.469686,-0.271839,0.158513,0.428493,0.302125,0.277236,-0.110013,-0.18238,0.392406,-0.010353,0.166398,0.468622,0.453904,0.381049,-0.391542,0.081511,-0.390529,0.381609,#
12,0.611646,-0.420118,-0.432252,0.296422,0.335384,0.155419,0.080022,0.344652,-0.321031,0.0,0.799408,-0.190288,1.0,0.00581,0.342953,0.469279,0.870488,-0.44919,0.050142,-0.183962,0.256274,-0.061589,0.078913,-0.22128,-0.187278,-0.28636,-0.093458,0.238563,-0.190647,0.061505,-0.311755,0.384197,-0.06973,-0.183962,0.711064,-0.214076,-0.214076,0.248881,0.274105,0.088052,-0.438035,-0.214076,-0.59335,0.344263,0.668268,-0.462944,-0.247063,0.163266,0.161865,-0.485536,0.402216,0.215721,-0.321114,-0.243347,0.466528,0.088642,-0.555979,0.025904,-0.121791,0.078913,-0.309355,0.235935,-0.48972,-0.652673,0.121587,0.146433,0.0,-0.220195,-0.290139,-0.604147,0.347752,0.018589,0.0,-0.062936,-0.287492,0.191598,-0.445856,-0.31561,-0.127211,-0.47971,-0.523623,-0.187278,-0.060062,0.304821,-0.871943,0.026363,-0.31561,-0.181018,-0.641342,-0.641882,0.164246,-0.62221,-0.32093,-0.188472,0.070421,0.088182,-0.594499,0.018509,-0.187008,-0.182145,0.082555,-0.44882,0.164246,-0.32093,-0.104266,-0.192062,-0.391677,-0.073147,-0.419746,0.176239,0.249506,-0.214076,-0.096906,-0.311509,-0.451835,-0.066957,0.627674,-0.391677,-0.419658,-0.054594,-0.44882,-0.321114,-0.871943,-0.060062,0.086596,-0.187008,-0.420197,0.045859,0.041128,-0.192062,-0.127005,0.0,-0.616814,0.137546,-0.287492,0.280917,-0.214076,-0.196775,-0.362489,0.164246,-0.420224,0.164246,0.137546,-0.587233,-0.594499,0.15106,-0.304446,0.273308,-0.304446,-0.419746,-0.297535,-0.287492,-0.32093,-0.196775,-0.619626,-0.187008,0.360657,-0.211461,-0.287492,0.137361,-0.055245,-0.066957,-0.17005,-0.187008,-0.523623,-0.137767,0.109028,-0.010142,0.146795,-0.060062,0.623932,0.238563,-0.182145,0.272399,0.602804,-0.304446,-0.420215,0.247627,0.247627,0.275252,0.30973,-0.013831,0.426967,-0.074356,0.151319,-0.317914,-0.071522,0.026685,0.513283,-0.306911,-0.391677,0.076721,0.141675,0.08145,-0.199522,0.19567,0.332367,-0.225268,0.342001,0.232358,#
13,0.440621,0.331038,0.232594,-0.27004,0.418714,0.35543,0.331038,-0.194144,0.057573,0.0,0.227729,0.131405,0.00581,1.0,0.428271,0.224194,0.116141,0.230532,0.089008,-0.289129,-0.24112,0.107565,0.548219,-0.04237,-0.277903,-0.540521,0.381232,-0.263658,0.027351,-0.533378,-0.449691,0.116685,-0.53317,0.134935,-0.346517,-0.27176,0.361467,0.383199,0.105998,0.082711,-0.14296,0.414236,0.209192,0.161004,-0.407534,-0.395371,0.264306,0.305433,0.11023,0.071566,0.168456,-0.409847,0.581778,-0.480024,-0.585314,0.574993,-0.438011,0.672169,0.870258,0.548219,0.366808,0.082746,-0.214664,0.01928,-0.237036,0.377369,0.0,0.638768,0.319202,0.338142,0.49276,-0.433971,0.0,-0.251545,0.376913,0.269662,-0.205566,-0.384331,-0.799459,0.069282,0.563358,-0.245589,-0.084636,0.384084,-0.134899,0.221191,0.022261,0.013045,-0.021853,0.022261,-0.449593,-0.386016,0.052859,-0.031051,-0.067328,0.353711,0.231189,0.264041,0.143876,0.131017,0.510434,-0.213157,-0.449593,0.582643,0.521939,-0.227205,-0.312885,-0.092884,0.331395,0.220809,-0.082039,0.414237,0.054601,0.389176,0.218954,-0.067328,-0.407975,-0.312885,-0.118961,0.192906,0.230999,-0.40764,-0.134899,-0.533727,0.346279,0.143876,0.322125,0.092178,0.557075,-0.227205,-0.386016,0.0,-0.448108,-0.81484,0.376913,-0.245589,-0.27176,-0.233427,0.102651,0.231189,-0.076124,0.231189,-0.384331,-0.342818,0.231189,-0.223665,-0.644084,0.049648,-0.644084,0.331395,-0.667638,-0.135374,0.582643,-0.233427,0.069282,0.143876,0.522864,-0.073495,0.376913,-0.031051,0.404503,-0.067328,0.80953,0.143876,0.143876,0.826251,0.329008,-0.141646,-0.403683,-0.084636,-0.041069,-0.316431,-0.295101,-0.079603,-0.05106,-0.134899,-0.093223,-0.385523,-0.385523,0.389974,0.415909,0.164672,0.152832,-0.065407,-0.37401,-0.213157,0.440402,-0.205566,-0.112487,0.117917,-0.312885,-0.067871,0.020981,0.356256,-0.273195,0.155738,-0.527515,-0.273734,-0.468176,-0.407338,#
14,0.380139,0.21206,-0.438511,-0.007093,0.205329,0.23658,0.643779,0.044528,-0.033447,0.0,0.50441,0.22715,0.342953,0.428271,1.0,0.408118,0.529707,-0.412346,0.170242,-0.04632,-0.422462,-0.16985,0.236454,-0.438593,-0.038798,-0.451093,0.440912,-0.207617,-0.186508,0.17744,-0.252059,0.144519,-0.652576,-0.04632,-0.118403,-0.332622,0.300943,0.442429,0.508058,0.247413,-0.800087,0.353741,-0.376253,0.190699,0.00614,-0.411274,0.408575,0.373836,0.196601,-0.241092,0.264146,-0.374848,-0.023759,-0.539785,-0.412682,0.472682,-0.436309,0.077401,0.189232,0.236454,-0.517852,0.455851,-0.282243,-0.056339,-0.4101,-0.194901,0.0,0.356401,0.319993,-0.243232,0.582833,0.190625,0.0,-0.034094,-0.025048,0.310614,-0.461258,-0.191071,-0.684033,0.188368,-0.004558,-0.426776,-0.23849,0.186091,-0.537349,0.385726,-0.566587,0.206255,0.175851,-0.191071,0.291567,-0.253458,0.451156,0.177762,0.236969,-0.21374,-0.36338,-0.373858,-0.004558,-0.050351,0.477235,-0.468322,0.291567,-0.038136,0.209869,-0.375973,-0.313053,-0.339771,0.212523,-0.018411,-0.414178,-0.332622,-0.258383,0.175851,-0.418969,-0.186546,0.194673,-0.313053,-0.238048,-0.302421,-0.411349,-0.023759,-0.537349,-0.23849,0.330392,0.382862,-0.254935,0.647677,0.202631,0.006182,0.174001,0.0,-0.391882,-0.230648,-0.025048,-0.41061,-0.332622,-0.382175,-0.327868,0.291567,-0.195349,0.291567,0.200091,-0.28682,-0.36338,-0.271361,-0.047488,0.471543,-0.047488,0.626607,-0.577115,-0.025048,-0.038136,-0.382175,-0.24297,0.382862,0.375507,-0.295181,-0.025048,0.177762,-0.131865,0.220029,0.59618,0.382862,0.382862,0.209768,0.210009,-0.396277,-0.221748,-0.653256,0.234312,-0.260419,-0.050351,-0.462429,0.216334,-0.047488,-0.652911,-0.030047,-0.030047,0.172203,0.184092,-0.255495,0.211841,-0.041531,-0.195731,-0.06476,0.463637,-0.053362,-0.379833,-0.499943,-0.313053,0.199515,-0.205492,0.176103,-0.312231,-0.051559,-0.504796,-0.160039,-0.627646,-0.021012,#
15,0.447556,-0.533262,-0.535689,-0.249521,0.461538,-0.03175,-0.09759,0.201236,-0.40749,0.0,0.269807,0.108523,0.469279,0.224194,0.408118,1.0,0.630439,-0.573891,0.531551,-0.270206,0.158178,-0.740373,0.138979,-0.027165,-0.274071,-0.080314,0.413273,0.342944,0.003523,0.304551,-0.431317,0.551532,-0.533112,0.157969,0.070044,-0.271731,-0.271731,0.356325,0.608526,0.438525,-0.542077,-0.271731,-0.369758,0.050485,0.102076,-0.059885,-0.157654,0.3054,-0.483405,-0.347453,0.624437,0.272884,0.111889,0.125583,-0.182201,0.397628,-0.39835,-0.005207,0.1011,0.138979,-0.58955,0.087721,-0.403757,-0.06427,-0.234908,-0.241125,0.0,0.321956,0.292845,-0.320208,0.472238,0.349117,0.0,0.539915,-0.123111,0.294101,-0.174531,-0.435797,0.051848,0.062681,-0.241096,0.150087,0.338339,0.435237,-0.636718,-0.191758,-0.404218,-0.034505,-0.430976,-0.025264,-0.459705,-0.828236,0.08641,-0.419441,-0.105993,0.362364,-0.433267,-0.167491,-0.664644,0.162171,0.455454,-0.182451,-0.459705,0.127558,0.080918,-0.665252,-0.341191,0.321776,-0.532791,0.27282,-0.509163,0.420916,0.092335,-0.015962,-0.577207,-0.533387,0.388157,-0.341191,-0.532678,-0.054173,-0.573418,0.071929,-0.636718,-0.115105,0.25195,-0.273677,-0.071115,0.070225,0.086535,-0.279599,-0.396863,0.0,-0.458026,-0.041053,-0.123111,0.1664,-0.271731,-0.665149,-0.29772,0.227676,-0.533397,0.227676,-0.041053,-0.376407,-0.433267,0.188491,-0.656492,0.110314,-0.656492,-0.114916,-0.131585,-0.640363,0.127558,-0.665149,-0.372605,-0.273677,-0.223481,-0.026315,-0.123111,-0.419441,-0.471195,-0.123089,0.403751,-0.273677,-0.273677,0.053512,-0.072351,0.267192,0.38362,-0.080225,0.394963,0.342944,-0.268078,-0.114456,0.376164,-0.142372,-0.088898,0.105759,0.105759,0.415752,0.442243,0.146991,0.530934,0.425458,-0.387177,0.224806,0.409244,0.237099,0.289393,0.120961,-0.341191,-0.082107,0.011856,0.381332,0.007849,0.609769,0.409244,-0.036392,0.180445,0.074629,#
16,0.650171,-0.326999,-0.606988,0.122124,0.521884,0.242231,0.228686,0.131785,-0.249875,0.0,0.708006,-0.18409,0.870488,0.116141,0.529707,0.630439,1.0,-0.611848,0.313775,-0.408054,0.096188,-0.192077,0.343979,-0.353302,-0.40815,-0.351163,0.239352,0.19265,0.001774,0.208127,-0.499584,0.26896,-0.326907,-0.408054,0.557946,-0.166627,-0.166627,0.200731,0.338783,0.034951,-0.603025,-0.166627,-0.699109,0.23271,0.40006,-0.456474,-0.078947,0.187272,0.274018,-0.213483,0.402006,0.164829,-0.24994,-0.334276,0.368985,0.340297,-0.60746,0.1554,0.027553,0.343979,-0.419973,0.391797,-0.550132,-0.261097,0.174872,0.243236,0.0,-0.05588,0.207752,-0.616933,0.276024,0.190249,0.0,0.104447,-0.421379,0.177922,-0.611851,-0.49961,-0.211958,-0.20713,-0.407563,-0.40815,-0.327248,0.494018,-0.996711,-0.141058,-0.49961,-0.04391,-0.49919,-0.49961,0.117678,-0.761818,-0.249797,0.003868,0.21805,0.175728,-0.725333,-0.145743,-0.407563,-0.407923,0.338084,-0.611345,0.117678,-0.249797,-0.255438,-0.407936,-0.387445,-0.096948,-0.32671,0.398149,0.140733,-0.166627,-0.251405,-0.49919,-0.611003,-0.327075,0.482337,-0.387445,-0.326641,-0.217067,-0.611345,-0.24994,-0.996711,-0.327248,0.09205,-0.407563,-0.327061,0.310803,0.289652,-0.407936,-0.211616,0.0,-0.652122,0.003873,-0.421379,0.112041,-0.166627,-0.407873,-0.535726,0.117678,-0.327082,0.117678,0.003873,-0.62422,-0.725333,0.10686,-0.366188,0.410407,-0.366188,-0.32671,-0.361876,-0.421379,-0.249797,-0.407873,-0.762324,-0.407563,0.09136,-0.023882,-0.421379,0.003868,-0.219655,-0.327075,-0.033073,-0.407563,-0.407563,0.002051,0.196442,-0.126284,0.009802,-0.327248,0.771327,0.19265,-0.407923,0.20442,0.749111,-0.366188,-0.327075,0.38911,0.38911,0.482905,0.503787,0.06797,0.339295,0.277248,0.021353,-0.091901,0.266682,-0.08683,0.406856,-0.23112,-0.387445,0.228714,0.015016,0.242813,-0.308043,0.323618,0.266682,-0.307461,0.25697,0.364922,#
17,-0.407997,0.535155,0.581797,0.225135,-0.034048,0.04345,0.090333,-0.199478,0.388681,0.0,-0.267023,-0.132411,-0.44919,0.230532,-0.412346,-0.573891,-0.611848,1.0,-0.563553,0.2302,0.262219,0.31386,-0.109847,0.162727,0.23383,0.216308,-0.426359,-0.126177,0.430325,-0.33942,-0.030763,-0.094562,0.533637,0.2302,-0.368092,0.271998,0.245844,-0.164372,-0.61143,-0.006751,0.655755,0.298152,0.361053,0.488635,-0.112378,0.206788,-0.26439,0.363019,0.063724,0.349492,-0.168441,-0.322242,0.388382,-0.16386,-0.24131,0.097768,0.420752,0.535075,0.260997,-0.109847,0.60929,-0.135131,0.566441,0.053389,-0.021417,0.2856,0.0,-0.305021,-0.285855,0.311384,-0.326008,-0.370719,0.0,-0.5887,0.103859,-0.317622,0.563283,0.428931,-0.103799,0.357555,0.667179,0.249846,0.089032,-0.010201,0.590145,-0.24725,0.831966,-0.37663,0.409277,0.428931,-0.266876,0.338795,-0.136396,-0.012384,0.115312,-0.355544,0.407949,0.191061,0.667179,0.228205,0.171152,0.126813,-0.266876,0.388753,0.376124,0.68261,0.024811,-0.340529,0.535326,0.159358,0.223819,0.271998,0.350727,0.409277,0.563498,0.551682,-0.398057,0.024811,0.099548,0.065769,0.999828,-0.101999,0.590145,0.089032,0.4236,0.251368,0.517461,-0.078712,-0.121208,0.27245,-0.101638,0.0,0.38247,-0.41726,0.103859,0.249846,-0.407997,0.254249,0.313704,-0.266876,0.098028,-0.266876,0.025896,0.527723,0.407949,-0.244404,0.085416,-0.139657,0.085416,0.090897,0.053423,0.103859,0.388753,0.254249,0.801984,0.251368,0.250135,-0.067169,0.103859,-0.012384,0.290453,0.115312,0.016407,0.251368,0.251368,0.006953,0.081297,-0.285632,-0.0,0.534193,-0.788252,-0.178489,0.228205,0.133377,-0.355338,0.085416,0.071873,-0.110846,-0.110846,-0.012958,-0.023849,-0.099357,-0.481688,-0.406466,0.022405,-0.288998,-0.371786,0.143008,-0.263813,0.378419,0.024811,0.094562,0.404117,0.065011,0.019815,-0.052339,-0.371786,0.515124,-0.212911,-0.611541,#
18,0.237377,-0.093891,-0.540281,-0.381965,0.630917,0.413415,-0.111947,-0.311064,0.294307,0.0,0.158731,0.124331,0.050142,0.089008,0.170242,0.531551,0.313775,-0.563553,1.0,0.053682,0.08829,-0.391817,0.52211,0.229378,-0.382001,-0.346921,0.73216,-0.214652,-0.234508,0.394332,-0.213258,-0.000987,-0.501718,0.070745,-0.239774,-0.507877,0.182173,-0.252427,0.334259,-0.163464,-0.09342,-0.507877,-0.160658,-0.589461,-0.233655,-0.19403,0.355579,-0.088412,-0.151969,0.034401,0.124966,0.511506,0.314663,-0.064712,-0.056354,0.358149,-0.262937,-0.14927,0.222431,0.52211,-0.260386,0.312316,-0.20046,0.228586,0.081567,-0.054144,0.0,0.353792,0.500789,-0.071168,0.18204,0.36105,0.0,0.548829,-0.321798,0.577717,-0.115805,-0.672098,0.067414,-0.022921,-0.389394,-0.348196,-0.039753,0.628778,-0.329973,-0.097952,-0.655738,-0.196437,-0.272396,-0.230384,-0.274244,-0.441688,0.29442,0.181253,-0.554101,0.484534,-0.219459,-0.491525,-0.84511,0.068784,0.058705,0.367552,-0.274244,0.315736,-0.468601,-0.810512,-0.31423,0.110787,-0.102298,0.322182,-0.135429,0.237377,0.023971,-0.255857,-0.52297,-0.996923,0.192513,-0.31423,0.427008,-0.462529,-0.571681,-0.223576,-0.329973,-0.527636,-0.114892,-0.406273,0.412839,0.017718,0.462,-0.810512,-0.459565,0.0,-0.25926,-0.203439,-0.321798,-0.365098,0.264979,-0.756726,-0.246296,-0.246851,-0.481706,-0.246851,-0.688458,-0.269861,-0.219459,-0.195296,-0.370948,0.273026,-0.370948,-0.102298,0.206083,-0.34241,0.315736,-0.756726,-0.473922,-0.406273,-0.418353,0.647811,-0.321798,-0.243528,-0.492974,-0.536388,0.184371,-0.406273,-0.406273,0.244403,-0.076953,0.465194,-0.231857,-0.509567,0.444893,0.475459,-0.394143,-0.311895,0.411286,-0.35046,0.00646,0.302165,0.302165,0.638165,0.63687,0.117345,0.065588,0.764523,-0.212196,0.789511,0.735387,0.310685,-0.024211,0.330679,-0.31423,-0.063528,-0.216067,0.41797,-0.463556,0.31682,0.229097,-0.23067,0.283218,0.337255,#
19,-0.272101,0.330071,-0.220697,0.174548,-0.036198,0.318394,-0.11924,0.157577,0.602569,0.0,0.067565,-0.034209,-0.183962,-0.289129,-0.04632,-0.270206,-0.408054,0.2302,0.053682,1.0,0.183042,0.034718,-0.400696,0.481816,0.579151,-0.014031,-0.156985,-0.290408,-0.410527,0.381316,0.388719,0.077708,0.376672,0.575404,-0.381681,-0.272101,0.388339,-0.335787,0.126687,-0.087667,0.311325,-0.272101,0.206497,-0.008879,0.096453,0.00575,0.196472,0.305817,-0.21478,-0.391477,-0.034183,0.245893,0.087178,-0.135806,-0.158094,-0.114141,0.192616,-0.316712,-0.261158,-0.400696,-0.115823,0.041464,0.339492,-0.366771,-0.406634,-0.580026,0.0,-0.295246,-0.491314,0.128215,-0.055451,0.227052,0.0,-0.25186,-0.135544,0.242579,0.658578,0.405445,0.090732,0.059212,-0.285453,0.174716,0.364912,-0.012307,0.363221,0.221469,-0.001658,-0.40821,0.380354,-0.001658,0.231479,0.493191,0.602576,-0.040288,-0.534114,-0.533518,0.231479,-0.582071,0.134555,0.573279,-0.169638,0.641795,0.231479,0.072127,0.070211,0.162439,-0.313278,-0.288481,0.321655,-0.182299,-0.160516,-0.272101,0.538324,0.380354,-0.205874,-0.09334,0.434512,-0.313278,0.375024,-0.489637,0.221787,0.106991,0.363221,0.364912,0.346714,0.554562,0.339122,0.110364,-0.442448,0.162439,0.048313,0.0,0.214662,-0.001658,-0.135544,-0.245897,-0.272101,-0.257739,0.310836,-0.450157,-0.534125,-0.450157,-0.001658,0.370091,0.231479,-0.435548,0.363221,0.068774,0.363221,0.321655,0.378198,0.377386,0.072127,-0.257739,0.508127,0.554562,0.159518,-0.060018,-0.135544,-0.040288,-0.323262,0.347434,-0.021846,0.554562,0.134555,-0.442762,-0.110795,0.222227,0.007925,-0.084742,-0.562907,0.370091,0.573279,-0.607982,-0.124761,-0.146603,-0.534114,0.056471,0.056471,-0.06326,-0.047586,-0.480296,-0.388056,-0.166242,-0.021363,0.221787,-0.159907,0.658578,-0.592775,0.054437,-0.313278,-0.124761,-0.031029,-0.15032,-0.362494,-0.405784,-0.140524,0.480698,-0.115931,-0.407849,#
20,-0.271911,-0.066477,-0.124065,0.156961,0.416312,-0.072554,-0.102411,-0.277972,0.13861,0.0,0.071372,0.0065,0.256274,-0.24112,-0.422462,0.158178,0.096188,0.262219,0.08829,0.183042,1.0,-0.373219,0.089747,-0.019957,-0.262381,0.473967,-0.080653,0.34566,0.416828,0.366099,-0.419978,0.025668,0.378218,0.166064,0.009558,-0.271911,-0.271911,-0.388945,-0.40749,0.343517,0.329837,-0.271911,-0.331515,0.338207,0.58075,0.378384,-0.566172,0.31332,-0.243257,0.104895,0.006495,0.245752,0.107117,0.032817,0.239176,0.29128,0.400411,0.060845,-0.074634,0.089747,-0.074139,0.102536,0.481352,-0.108631,0.442978,0.142328,0.0,-0.536843,-0.384613,-0.490509,-0.096142,0.310854,0.0,0.146081,-0.619427,0.245484,0.274702,-0.001341,0.518829,0.102321,-0.245208,0.158101,0.347025,0.449617,-0.097496,-0.593693,0.405636,-0.814194,-0.386733,0.014938,-0.41158,-0.353699,-0.407633,-0.001339,-0.11073,-0.08437,-0.384323,-0.182557,-0.262003,0.170307,0.012357,0.262004,-0.41158,0.122652,-0.356686,0.162647,0.0,-0.297258,-0.066419,0.287323,0.155915,0.414733,0.125389,-0.008228,-0.182557,-0.11073,0.418028,0.0,-0.037241,-0.293969,0.262004,-0.407867,-0.097496,-0.102489,0.260923,-0.262003,0.401097,-0.340037,0.000853,-0.26809,-0.389279,0.0,0.252872,-0.033899,-0.619427,0.561764,-0.271911,-0.273728,-0.317545,-0.438837,-0.533752,-0.438837,-0.033899,0.34566,-0.384323,0.0935,-0.117882,0.104738,-0.117882,-0.533145,0.406988,-0.598916,0.122652,-0.273728,0.102321,-0.262003,-0.207031,0.389048,-0.619427,-0.033853,-0.486228,-0.11073,-0.398053,-0.262003,-0.665086,-0.375951,-0.533706,0.225579,0.387268,0.347025,-0.078025,0.34566,-0.256213,0.391783,0.367697,-0.138269,-0.093104,0.628545,0.628545,0.462654,0.430491,0.141609,0.099325,-0.047137,0.419154,0.262004,-0.045341,0.682112,0.215084,0.625508,0.0,0.367697,0.804903,0.371785,0.039306,0.599993,0.438299,0.509825,0.489983,0.069418,#
21,0.266796,0.412482,0.296093,0.02932,-0.215083,0.432785,-0.056674,0.094676,0.292977,0.0,0.053815,-0.481566,-0.061589,0.107565,-0.16985,-0.740373,-0.192077,0.31386,-0.391817,0.034718,-0.373219,1.0,0.083332,0.149416,0.038649,-0.384611,-0.263084,-0.234342,-0.218059,-0.51001,0.181949,-0.408156,0.392611,-0.408631,0.209643,0.20942,0.180733,-0.273337,-0.202888,-0.710834,0.27827,0.238108,0.454371,-0.036824,-0.255752,-0.373411,0.409276,-0.259552,0.737262,0.033454,-0.479664,-0.205436,-0.24528,-0.414201,0.372643,-0.286366,-0.291108,0.297198,0.236556,0.083332,0.748187,-0.240907,-0.2515,-0.267189,0.206659,0.453735,0.0,-0.067113,-0.14463,0.480787,-0.362973,-0.490688,0.0,-0.766765,0.224062,-0.193235,-0.151962,0.203839,-0.435719,-0.445911,0.075741,-0.382973,-0.546513,-0.236313,0.191767,0.365387,0.203839,0.270487,0.199694,-0.20424,0.505587,0.496223,-0.260778,0.222542,-0.029672,-0.002978,0.505587,0.385953,0.496756,-0.412896,-0.249923,-0.124241,0.505587,-0.260778,0.031565,0.513722,0.013608,-0.131655,0.412823,-0.109512,0.675139,-0.507773,0.003479,-0.247216,0.33693,0.412159,-0.227119,0.013608,0.409359,0.243367,0.314317,-0.223764,0.191767,-0.077,-0.189677,0.058199,-0.08559,0.071848,0.1837,0.081125,0.031697,0.0,-0.246448,-0.221243,0.224062,-0.382973,0.238108,0.531685,0.496153,-0.206154,0.449334,-0.206154,-0.221243,-0.320413,0.505587,-0.001915,0.191767,-0.264179,0.191767,-0.055918,-0.375336,0.759646,-0.260778,0.531685,0.004081,0.058199,0.526653,-0.195527,0.224062,0.205562,0.678873,-0.048082,-0.20737,0.058199,0.075741,0.246707,0.429435,-0.096508,-0.679899,-0.077,-0.000816,-0.291723,0.0326,0.251891,-0.009596,-0.340572,-0.029672,-0.20866,-0.20866,-0.234513,-0.204558,0.119365,-0.362416,-0.294041,0.21281,-0.545256,-0.261787,-0.595228,-0.071255,-0.201145,0.013608,-0.027873,-0.216404,-0.553503,-0.334476,-0.757239,-0.282836,-0.465655,-0.08697,-0.182823,#
