0,1.0,0.22538,-0.239928,-0.00189,-0.402245,-0.203885,0.014169,-0.622898,0.235214,0.66326,-0.014137,0.647268,0.495713,0.419309,0.02929,0.313189,-0.192992,-0.287647,-0.018625,-0.289713,0.003728,-0.317574,-0.203885,0.419309,0.313189,0.037724,0.006422,0.338045,0.235214,-0.000335,-0.094759,-0.481565,0.22538,0.031855,0.006359,-0.400802,0.016675,0.231838,0.634418,-0.412215,0.647016,-0.315206,0.036647,0.425639,0.0,-0.208792,-0.161317,0.470152,-0.616773,-0.505162,-0.013548,-0.698669,-0.219658,-0.127251,-0.476489,-0.152794,0.219039,0.423792,0.272998,0.076445,-0.020247,-0.005171,-0.679662,0.401064,0.199109,0.345049,0.525671,-0.270394,-0.442992,-0.572346,0.016675,-0.259907,-0.231066,-0.231066,0.183936,0.021311,-0.424727,0.188587,-0.414328,-0.029478,-0.333074,-0.213542,0.396667,-0.424727,-0.653811,-0.245794,0.386527,-0.21238,-0.333074,0.231259,-0.422042,-0.6068,-0.009561,-0.520919,-0.414328,0.160707,-0.254934,-0.051029,-0.037052,-0.014914,-0.00463,-0.4099,-0.213542,-0.235557,0.18014,-0.009561,-0.029478,0.0,-0.239076,-0.047429,0.662552,-0.204466,0.194266,-0.014914,0.410813,0.571952,-0.001065,-0.602185,0.196354,-0.02086,-0.239076,-0.010647,-0.231981,0.0,-0.537763,0.197928,-0.653798,0.336279,-0.540508,-0.333074,-0.231322,-0.213542,-0.602185,0.47814,-0.602185,-0.422042,0.012133,-0.499356,0.204556,-0.602185,-0.014914,-0.213542,-0.014914,0.017843,-0.213542,-0.006425,0.0,0.070742,-0.051029,0.0,-0.04873,0.183631,-0.333074,-0.499611,-0.04873,-0.653798,0.382136,-0.008453,-0.033018,-0.020914,0.241684,-0.03119,0.0,-0.391398,-0.385679,0.587846,-0.010647,0.009552,-0.243113,-0.499611,-0.003213,-0.495985,0.0,0.285316,0.176604,-0.213542,-0.653811,0.197222,0.182098,-0.602185,0.171996,-0.007856,-0.175864,-0.246637,0.176553,-0.548835,0.354513,0.197928,-0.600165,-0.045053,-0.666995,0.218774,0.182302,-0.065122,0.124294,0.106961,-0.415989,-0.432178,-0.033018,-0.020814,#
1,0.22538,1.0,-0.282752,-0.38414,-0.554549,0.545421,0.209997,-0.381447,0.542558,0.04318,0.373566,0.434,0.236503,0.794465,0.081403,-0.508857,0.415149,0.147291,0.52133,-0.099584,0.324077,0.487892,0.053749,-0.093278,-0.508857,0.112035,-0.299381,0.201837,0.029842,-0.33392,0.129798,0.158478,0.053749,0.302693,0.21236,0.124568,0.228843,0.049391,-0.147134,-0.819502,-0.063233,-0.243145,0.343149,-0.375203,0.0,-0.230265,-0.180546,0.325614,-0.20062,-0.325451,-0.502916,-0.507185,0.209167,0.079437,-0.141182,0.123201,0.073042,0.068383,0.413934,-0.330494,0.250154,-0.181275,-0.396099,-0.254274,-0.53843,0.312077,0.302103,-0.143438,-0.384241,0.093186,0.228843,-0.328622,-0.515507,-0.050248,-0.040747,0.53791,-0.068325,-0.217741,-0.328292,0.366644,-0.508858,-0.207427,0.058319,-0.085061,-0.032323,0.065707,-0.128228,0.236165,0.230265,-0.078119,0.529443,-0.198351,-0.340973,-0.307611,-0.345937,0.203166,-0.234347,0.229797,-0.319775,-0.230265,-0.296544,-0.210796,-0.224858,0.656367,0.065262,-0.357872,0.366644,0.0,-0.041637,-0.366248,0.415146,-0.081082,-0.418227,-0.230265,-0.102216,0.171523,-0.762897,-0.636419,-0.223698,-0.136919,-0.022321,0.32452,-0.42527,0.0,-0.289372,-0.466816,-0.496634,-0.11212,-0.39009,-0.508858,-0.434742,-0.224858,-0.618988,-0.451776,-0.636419,0.546108,0.302683,-0.193008,0.244666,-0.636419,-0.208944,-0.207427,-0.208944,-0.281445,-0.208395,-0.030969,0.0,0.091395,0.229797,0.0,0.22232,0.020508,0.230265,0.324077,0.201542,-0.51595,0.412533,0.763777,-0.077016,0.087342,0.352071,-0.083769,0.0,-0.187138,0.525544,0.660011,0.32452,0.557665,-0.077853,0.324077,0.39708,-0.757881,0.0,-0.241865,0.10915,-0.224858,-0.032323,0.441548,0.523557,-0.618988,0.659968,-0.352843,-0.063063,0.096152,0.235611,0.075792,0.359651,-0.428908,-0.614634,0.821434,-0.413255,0.45451,-0.395141,0.226051,0.087765,0.648561,-0.13772,-0.059803,-0.09391,0.082609,#
2,-0.239928,-0.282752,1.0,-0.004405,0.397246,-0.266053,0.468877,-0.332004,-0.292601,0.170314,-0.396909,-0.234942,-0.594348,-0.058343,0.374939,-0.33157,0.179672,0.308612,0.024742,0.679089,-0.007832,-0.152844,0.202863,0.365912,-0.33157,-0.061352,-0.006209,0.321127,0.160809,-0.02304,-0.440946,-0.165312,-0.299451,0.460234,0.014213,-0.408507,0.175136,-0.241125,-0.26445,0.458545,-0.229692,-0.336493,-0.406561,-0.095225,0.0,0.242803,-0.749602,-0.445342,0.271273,-0.020232,-0.381441,0.267516,0.253816,0.17377,-0.13168,-0.640272,-0.193431,0.364529,-0.20637,0.094113,-0.503604,-7.6e-05,-0.151317,-0.336295,-0.011969,-0.443888,0.418588,-0.656502,-0.534704,0.659237,0.175136,-0.278558,-0.189717,-0.189717,-0.65086,-0.252601,-0.36275,-0.214005,-0.39855,0.029673,0.373343,-0.207753,-0.091857,0.006148,0.262916,0.271899,0.368905,-0.255617,-0.33157,0.615972,0.008372,-0.162989,-0.392575,0.037965,0.023677,-0.18374,-0.247209,-0.474569,0.052527,0.031329,-0.542711,-0.375976,0.209353,-0.18374,-0.66831,-0.020085,0.045339,0.0,0.263729,-0.394792,0.145537,0.648736,-0.208098,0.031329,0.375213,0.206041,0.016216,0.239592,-0.532393,0.0181,-0.198487,-0.021808,0.257178,0.0,-0.413689,0.636615,0.23712,0.324284,0.041136,0.373343,0.139333,0.209353,-0.192634,0.45114,0.239592,-0.374243,0.463918,0.016216,-0.484553,0.239592,-0.497355,-0.222872,-0.497355,-0.505241,-0.153502,-0.068452,0.0,-0.407298,-0.455586,0.0,-0.525651,0.182721,-0.33157,0.031329,-0.067685,0.716089,0.382504,0.132076,-0.354567,-0.374243,-0.023368,-0.484785,0.0,-0.27114,0.294412,0.148508,-0.021808,-0.552679,0.636344,0.031329,-0.090272,0.043532,0.0,0.294412,-0.707126,0.224472,0.246478,-0.301724,0.171076,-0.192634,-0.24025,0.369329,0.604764,-0.242525,-0.262846,-0.282577,-0.058689,-0.269567,-0.198376,-0.407512,0.242755,-0.310581,-0.263567,-0.058801,-0.729962,-0.193702,0.234565,0.061004,0.033312,0.441586,#
3,-0.00189,-0.38414,-0.004405,1.0,-0.141887,-0.367254,-0.640929,-0.024825,0.045239,0.086694,-0.201152,-0.113169,0.397979,-0.190682,-0.249843,0.440897,-0.533951,0.001229,-0.659233,0.297817,0.087123,-0.768711,-0.80631,-0.190682,0.440897,0.141531,0.374462,0.388095,0.539061,-0.249406,0.445897,0.035433,0.529096,-0.407812,-0.133757,0.150085,-0.451618,0.067252,0.410694,0.19103,0.371449,0.310206,0.245702,-0.047331,0.0,0.00792,-0.148228,-0.280862,-0.4098,-0.084537,-0.152976,0.536544,-0.033312,0.515051,0.35764,-0.355476,0.113193,-0.269748,0.00659,-0.482788,-0.601864,-0.455318,0.083934,0.318463,0.147146,-0.206547,0.05788,0.408748,0.064252,0.026107,-0.451618,-0.207547,-0.067406,0.364683,0.381446,-0.269988,-0.14245,0.82497,0.186355,0.229053,-0.271931,0.408839,0.608312,0.650261,-0.093773,0.070611,0.274545,-0.4006,0.388095,-0.093278,0.130822,0.017167,0.198491,0.407631,0.179072,0.408839,0.379367,0.407631,0.422319,0.126725,-0.092057,-0.33031,0.806347,-0.028239,0.541126,0.99892,-0.182832,0.0,-0.093282,0.641639,-0.093278,-0.533929,0.555997,0.126725,-0.166341,0.064202,0.141927,0.424128,0.376697,0.318858,-0.085309,0.581846,0.09547,0.0,-0.099914,0.117688,-0.093282,-0.477261,0.39047,-0.271931,0.555115,0.401645,0.424128,-0.072006,0.424128,-0.25609,-0.407798,-0.407688,0.211297,0.424128,0.621745,0.806347,0.621745,-0.107395,0.02662,-0.1672,0.0,-0.557974,-0.091463,0.0,-0.562654,0.114373,-0.271931,0.087123,0.421451,-0.093282,-0.19944,-0.280587,-0.134282,-0.223316,-0.075263,0.285501,0.0,0.280213,-0.425638,-0.433701,0.072943,-0.348221,-0.075401,0.087123,-0.194516,0.494273,0.0,0.31447,-0.337051,0.408839,0.338422,-0.524349,-0.371572,0.424128,-0.802397,-0.237608,-0.539986,-0.335603,-0.3969,-0.276021,0.225441,-0.309811,0.42494,-0.19788,0.526621,-0.093305,-0.329785,0.37497,0.027552,-0.36629,0.239525,-0.58633,0.257951,0.146413,#
4,-0.402245,-0.554549,0.397246,-0.141887,1.0,-0.128078,0.082912,0.305317,-0.547162,-0.126362,-0.644368,-0.801206,-0.416852,-0.698354,0.213202,0.28537,0.525637,0.087434,0.317595,0.147624,-0.092012,0.011605,0.333194,-0.265604,0.28537,-0.199118,0.154334,-0.408052,-0.118298,0.681703,-0.323545,-0.15235,-0.093278,0.387969,0.158447,-0.174315,0.447277,-0.036582,-0.248743,0.666773,-0.334921,-0.292975,-0.371079,0.076666,0.0,0.424054,-0.101555,-0.217874,0.413249,0.597787,0.17792,0.403723,-0.384989,0.299612,-0.226252,-0.071682,-0.51174,-0.166213,0.108736,0.518003,0.111728,-0.063881,0.364629,-0.333142,0.214282,-0.243579,-0.082421,0.081552,0.226675,0.294251,0.447277,0.382994,0.560455,0.089044,-0.33871,-0.158416,0.190453,-0.402583,0.268264,-0.674203,0.28537,0.028709,-0.17737,0.174751,0.080109,-0.539064,0.158658,-0.005386,-0.408052,0.080618,-0.154778,0.418988,-0.150152,0.126615,0.666476,-0.389203,0.072352,-0.377564,-0.392612,0.408052,0.097963,0.391708,-0.003089,-0.389203,-0.505823,-0.166007,-0.6582,0.0,0.079937,-0.141,-0.382148,0.525865,-0.520903,0.408052,-0.269847,-0.401172,0.427837,0.39847,-0.25233,-0.238417,-0.355989,-0.611766,0.38657,0.0,0.124699,0.35463,0.543045,0.471586,0.134424,0.28537,0.354273,0.422091,0.414823,0.184291,0.39847,-0.154778,0.387957,0.427837,-0.06617,0.39847,-0.092012,0.013264,-0.092012,0.131623,0.012356,0.175798,0.0,0.139158,-0.358173,0.0,0.116154,-0.091968,0.28537,-0.112014,0.096662,0.524923,-0.30672,-0.197278,-0.229814,0.275622,-0.150692,0.159623,0.0,-0.227034,-0.286907,-0.396155,-0.077113,-0.007134,0.506056,-0.112014,-0.233126,0.327718,0.0,-0.286907,-0.062017,0.012356,0.063317,0.106683,-0.058026,0.414823,0.023321,0.261428,0.532958,0.351422,0.023939,0.116197,-0.237765,0.37292,0.412849,-0.618984,0.368253,-0.35921,0.394073,0.115231,-0.446481,-0.394757,0.418155,0.182436,-0.229814,-0.170994,#
5,-0.203885,0.545421,-0.266053,-0.367254,-0.128078,1.0,0.209997,0.14893,0.542558,0.04318,-0.047496,-0.019065,0.236503,0.367994,0.512199,-0.508857,0.415149,0.257538,0.52133,0.013837,-0.208944,0.487892,0.508328,-0.093278,-0.508857,0.529559,-0.341112,-0.508858,0.029842,-0.33392,0.255816,-0.086087,0.053749,0.302693,-0.295071,0.547002,0.228843,-0.39624,-0.557435,-0.392963,-0.521995,-0.243145,0.081204,-0.375203,0.0,-0.656682,0.066371,-0.20843,0.218951,0.194107,-0.081854,-0.397183,-0.20312,-0.012165,-0.141182,0.123201,-0.385303,-0.358157,0.1774,-0.1932,0.250154,-0.181275,0.05021,-0.254274,-0.53843,-0.335385,-0.198482,0.347117,-0.118146,0.000959,0.228843,0.374486,-0.515507,-0.050248,-0.040747,0.10271,-0.068325,-0.217741,-0.328292,0.366644,-0.508858,-0.618988,-0.36976,-0.085061,-0.032323,0.065707,-0.128228,0.236165,0.230265,-0.552412,0.112829,-0.198351,-0.340973,-0.307611,0.070677,-0.208395,-0.582633,0.229797,-0.319775,-0.230265,0.220587,0.481006,-0.224858,0.244806,0.065262,-0.357872,-0.059803,0.0,0.414434,0.067091,-0.059147,-0.081082,-0.418227,-0.230265,-0.102216,0.171523,-0.762897,-0.224858,-0.223698,-0.577758,-0.022321,-0.193008,-0.42527,0.0,0.224154,-0.466816,-0.040563,-0.30486,-0.266357,-0.508858,-0.434742,-0.224858,-0.207427,-0.451776,-0.224858,0.546108,0.302683,-0.193008,0.627435,-0.224858,-0.208944,-0.207427,-0.208944,0.228727,-0.208395,-0.030969,0.0,0.615792,-0.286942,0.0,0.22232,-0.435816,0.230265,0.324077,0.201542,-0.059879,0.271126,0.763777,-0.077016,0.087342,0.127893,0.342089,0.0,-0.187138,0.525544,0.240655,-0.193008,0.557665,0.394824,0.324077,-0.03353,-0.307068,0.0,-0.241865,0.10915,-0.636419,0.415151,0.441548,0.553758,-0.207427,0.659968,0.107938,-0.063063,0.096152,0.677451,0.075792,-0.049291,0.03141,-0.2062,0.406792,-0.413255,0.45451,0.09314,0.258717,-0.283072,0.648561,-0.07512,0.366644,-0.516254,0.082609,#
6,0.014169,0.209997,0.468877,-0.640929,0.082912,0.209997,1.0,-0.328437,0.228311,0.203772,0.129211,0.338173,-0.266364,0.082912,0.388362,-0.666027,0.316518,0.477256,0.400859,0.29161,0.24976,0.192092,0.774666,0.612667,-0.666027,-0.111087,-0.230242,0.150182,-0.382366,-0.06862,-0.371466,-0.160659,-0.354672,0.225227,-0.244179,-0.096409,-0.010948,-0.316458,-0.326836,-0.12133,-0.232878,-0.202893,-0.150415,0.351186,0.0,-0.0,-0.35481,-0.213091,0.507958,-0.266364,0.129211,-0.423304,-0.004419,-0.444873,-0.215768,-0.269549,-0.352389,0.40851,-0.152124,0.470005,-0.224696,0.280917,-0.316085,-0.212498,0.214263,-0.282935,0.224788,-0.57826,-0.532969,0.142186,-0.010948,-0.291693,-0.196635,-0.773716,-0.77292,-0.091965,-0.407494,-0.543109,-0.606134,0.071908,0.182831,-0.511812,-0.673944,-0.445937,-0.228781,0.194647,0.047423,-0.002728,-0.666027,0.316573,-0.11866,-0.501138,-0.621073,-0.284859,-0.11866,-0.531831,-0.541708,-0.284859,-0.294814,-0.386883,-0.236043,-0.220594,-0.550737,-0.011344,-0.351243,-0.65989,0.091499,0.0,0.315748,-0.670048,0.316573,0.31681,-0.361135,-0.386883,0.612004,0.484107,-0.380393,-0.531831,-0.336882,-0.486037,-0.217893,-0.404167,0.199871,0.0,-0.231582,0.169171,0.337932,0.560598,-0.332902,0.182831,-0.380292,-0.03025,-0.511812,0.247311,-0.531831,-0.099521,0.22522,0.274107,-0.386612,-0.531831,-0.99904,-0.530719,-0.99904,-0.225577,-0.512924,-0.430407,0.0,0.017207,-0.261121,0.0,-0.268941,-0.381525,0.182831,-0.386883,-0.316666,0.315748,0.565808,0.370578,-0.417712,-0.099521,0.465489,-0.444893,0.0,-0.202805,0.625226,0.461325,0.250332,-0.294953,0.29378,-0.386883,0.064357,-0.633718,0.0,-0.256117,-0.328937,-0.531831,-0.249337,0.297933,0.724765,-0.511812,0.469379,0.383929,0.283804,-0.330496,0.481813,-0.23259,-0.447363,0.212708,-0.516247,0.067812,-0.363458,-0.267481,0.221226,-0.291125,-0.363429,-0.06419,-0.235812,0.63081,-0.437114,0.38737,#
7,-0.622898,-0.381447,-0.332004,-0.024825,0.305317,0.14893,-0.328437,1.0,-0.38956,-0.451451,0.005895,-0.455451,-0.25945,-0.502757,-0.297958,0.232175,-0.091413,-0.158216,-0.22701,-0.151302,-0.335826,0.228441,0.14893,-0.502757,0.232175,-0.25372,-0.298469,-0.679943,-0.442895,0.099057,0.374927,0.545008,-0.381447,-0.282623,-0.281714,0.211738,-0.027821,-0.348792,-0.364781,0.468997,-0.454078,0.524746,0.229215,-0.158908,0.0,0.099503,0.696022,-0.217195,0.594215,0.725003,0.497165,0.458191,-0.173973,-0.166298,0.567245,0.654739,0.112942,-0.737337,-0.055198,0.255658,0.378616,-0.011021,0.954667,-0.164819,-0.032011,-0.210574,-0.886303,0.596391,0.782369,-0.173458,-0.027821,0.667635,0.455983,0.4017,0.455752,-0.294508,0.507709,-0.17828,0.568429,-0.095999,0.232176,0.167782,-0.404855,0.214799,0.400472,0.046424,-0.229078,-0.015014,0.232175,-0.621737,-0.017728,0.64589,0.272564,0.24116,0.468354,0.116939,0.243816,0.24116,0.232917,0.286073,0.412214,0.769171,0.06892,0.116939,0.110733,-0.023197,-0.046243,0.0,0.346189,0.515708,-0.621737,-0.079692,0.102887,0.286073,-0.504051,-0.648688,0.348086,0.597125,0.048235,0.235994,0.455743,-0.316119,0.054744,0.0,0.906719,-0.094778,0.402531,-0.206889,0.697282,0.232176,-0.028813,0.06892,0.647968,-0.241337,0.597125,0.225313,-0.263817,0.348086,0.037513,0.597125,0.348263,0.119764,0.348263,0.369544,0.357032,0.364378,0.0,0.35836,0.30145,0.0,0.446338,-0.031945,0.232175,0.286073,0.082708,0.346189,-0.49001,-0.34898,0.504362,0.225313,-0.618585,0.380541,0.0,0.547272,-0.162621,-0.608015,-0.316119,0.270532,-0.097323,0.286073,-0.420684,0.611645,0.0,-0.162621,0.280777,0.116939,0.348263,0.002043,-0.397466,0.647968,-0.058382,0.089378,-0.077924,0.525699,-0.059928,0.768066,-0.164132,0.230625,0.64809,-0.012256,0.377633,-0.313383,0.232864,0.083847,0.274024,-0.039989,0.350581,0.451311,0.257978,-0.084733,#
8,0.235214,0.542558,-0.292601,0.045239,-0.547162,0.542558,0.228311,-0.38956,1.0,0.056516,0.368548,0.442048,0.755704,0.362716,0.088861,-0.508854,-0.033409,0.138065,0.076164,-0.113602,0.330183,0.006716,0.067143,0.345562,-0.508854,0.522033,0.198581,0.205829,0.023978,-0.328796,0.10307,-0.217406,0.505256,-0.217478,-0.343417,0.5394,-0.2493,0.044066,-0.14243,-0.8171,-0.057975,-0.132079,0.210732,0.169656,0.0,-0.65179,-0.088991,0.093292,-0.225633,-0.331874,-0.071813,-0.535547,-0.247516,-0.056153,-0.013255,-0.375721,-0.429795,0.075767,0.061846,-0.448212,-0.268349,-0.198563,-0.441332,0.436753,0.024831,-0.057621,0.308077,0.19101,-0.288995,-0.04333,-0.2493,-0.199715,-0.512785,-0.5315,-0.054422,0.311602,-0.521547,0.190497,-0.340879,0.335806,-0.508854,-0.21755,0.047404,-0.117615,-0.522406,0.03266,-0.143908,0.228134,0.205829,-0.072946,0.078073,-0.641637,-0.353882,-0.344795,-0.365523,-0.242869,-0.245168,0.195628,-0.357409,-0.763281,0.217332,-0.256994,-0.259424,0.212875,0.515161,0.053982,-0.093033,0.0,-0.063237,0.055984,0.423087,-0.537523,0.03266,-0.763281,0.349422,0.645563,-0.762892,-0.673294,0.425399,-0.53719,-0.036259,0.308585,-0.441383,0.0,-0.338419,-0.483595,-0.03518,-0.338468,-0.418741,-0.508854,0.015332,-0.241895,-0.21755,-0.471943,-0.673294,0.094831,-0.237722,-0.189804,0.367878,-0.673294,-0.227269,0.196321,-0.227269,0.225735,-0.656739,-0.500382,0.0,0.054241,-0.324009,0.0,-0.334551,-0.471625,0.234416,-0.227269,0.166907,-0.540212,0.235295,0.522575,-0.53464,-0.348765,0.615665,0.33635,0.0,-0.232745,0.483146,0.193874,0.330627,-0.038341,-0.100658,-0.227269,0.362125,-0.51396,0.0,-0.288568,0.073254,-0.673294,-0.072421,0.419605,0.508759,-0.21755,0.211665,0.086186,-0.510436,-0.396618,0.661591,-0.39699,-0.112295,0.044656,-0.216393,0.345584,-0.448228,0.412587,0.075618,0.189214,0.049722,0.164376,-0.20648,-0.07487,-0.551629,0.064713,#
9,0.66326,0.04318,0.170314,0.086694,-0.126362,0.04318,0.203772,-0.451451,0.056516,1.0,-0.522273,0.450235,0.208929,0.358108,0.532116,0.209887,-0.064006,0.243226,0.065266,0.407539,-0.224263,-0.518318,0.04318,0.358108,0.209887,0.092198,-0.375725,0.209887,0.49962,-0.374008,0.229841,-0.473927,0.024054,0.314766,-0.328199,-0.356905,-0.009647,-0.430802,0.422528,0.065297,0.430659,-0.282866,0.071529,0.165299,0.0,-0.232889,-0.495866,-0.295992,-0.202644,-0.359426,-0.07938,-0.430041,-0.222947,0.052029,-0.43393,-0.273243,0.118524,0.083243,0.294249,0.236948,-0.354651,-0.2385,-0.430705,-0.118221,-0.017343,-0.390611,0.314152,-0.21493,-0.730949,-0.438103,-0.009647,-0.199551,-0.528909,-0.058349,-0.049091,-0.577488,-0.531914,0.200211,-0.799792,0.348291,-0.508905,-0.668547,0.054705,-0.12566,-0.519766,0.046008,0.787035,-0.680929,-0.508905,-0.067722,-0.378432,-0.654142,-0.348879,-0.351696,0.067715,0.205089,-0.709038,0.191834,0.215158,0.314831,-0.329881,-0.262587,0.188439,-0.235647,0.026532,0.06133,-0.083014,0.0,0.430443,0.063318,0.431163,-0.070715,0.046008,0.314831,0.361989,0.657849,-0.208754,-0.227811,-0.348615,-0.136381,-0.519224,-0.239544,0.03516,0.0,-0.323139,0.512666,-0.537674,0.3794,-0.296756,-0.508905,-0.479658,0.188439,-0.668547,0.685246,-0.227811,-0.361577,0.314755,-0.762968,0.369683,-0.227811,-0.224263,-0.252297,-0.224263,-0.314751,-0.211161,-0.096618,0.0,0.054552,-0.330791,0.0,-0.341543,0.027474,-0.508905,-0.224263,0.162798,-0.049274,0.771156,0.278679,-0.074878,0.084569,0.096701,-0.125463,0.0,-0.237859,-0.264522,0.655542,-0.239544,-0.018306,0.410571,-0.224263,-0.573254,-0.37935,0.0,0.481778,-0.441453,-0.227811,-0.067194,-0.064236,0.504842,-0.668547,0.203413,0.093322,-0.086125,-0.434156,0.208802,-0.615527,0.310366,0.03834,-0.669318,-0.107693,-0.456903,-0.066121,0.038149,0.151977,-0.48883,0.173853,-0.276047,-0.083014,-0.091964,0.531189,#
10,-0.014137,0.373566,-0.396909,-0.201152,-0.644368,-0.047496,0.129211,0.005895,0.368548,-0.522273,1.0,0.526085,0.116655,0.17792,-0.567902,-0.408142,-0.347911,-0.136839,-0.218265,-0.442297,0.394976,0.333544,-0.047496,0.17792,-0.408142,-0.144382,0.100115,0.250152,-0.529788,-0.153437,-0.040854,0.42135,-0.081854,-0.612087,0.045827,0.270145,-0.450433,0.317492,-0.014062,-0.57209,0.065511,0.493164,0.245057,0.186385,0.0,-0.0079,0.461083,0.425415,-0.010762,-0.364594,0.188143,-0.185443,0.383161,-0.559313,0.419798,0.29359,0.284618,0.250329,-0.343977,-0.195844,0.137158,0.424147,-0.077513,0.370992,0.159466,0.511265,-0.147217,-0.102691,0.269151,-0.090552,-0.450433,-0.295575,0.09481,-0.353383,0.08631,0.459549,0.161409,-0.012248,0.251968,0.153354,0.276483,0.393773,-0.164671,-0.25716,0.08631,0.342166,-0.683859,0.446489,0.276483,0.0951,0.236532,-0.001331,0.245852,0.084466,-0.574305,-0.026012,0.378371,0.084466,0.07317,-0.612213,0.143317,-0.211839,-0.422477,0.393773,0.349663,-0.176792,0.564158,0.0,-0.361811,-0.185111,0.0951,-0.341504,0.342166,-0.612213,0.177584,-0.030205,-0.113357,-0.407228,0.459558,0.168138,0.542716,0.395339,-0.112603,0.0,0.110592,-0.552786,0.103375,-0.273404,0.008023,0.276483,-0.072104,-0.422477,0.012558,-0.437752,-0.407228,0.251968,-0.612066,0.414514,-0.43822,-0.407228,-0.098744,-0.002691,-0.098744,0.097662,-0.010764,-0.255246,0.0,-0.159598,0.582249,0.0,0.1217,-0.097962,0.276483,-0.098744,-0.39793,-0.361811,-0.203458,-0.146642,0.15326,-0.172972,0.243468,-0.217184,0.0,0.381106,0.432116,-0.039362,0.395339,-0.122515,-0.798388,-0.098744,0.58074,-0.226683,0.0,-0.278711,0.359826,-0.026012,-0.344751,0.08435,-0.132036,0.012558,-0.012459,-0.192596,-0.346792,-0.081254,-0.012789,0.286331,-0.262628,-0.066214,0.013511,0.543331,-0.101403,0.086826,-0.098936,-0.411505,0.772861,-0.017583,-0.30152,0.169154,0.137612,-0.189192,#
11,0.647268,0.434,-0.234942,-0.113169,-0.801206,-0.019065,0.338173,-0.455451,0.442048,0.450235,0.526085,1.0,0.330167,0.543318,-0.069866,-0.218165,-0.428379,0.104167,-0.16811,-0.0468,0.203999,-0.177973,-0.019065,0.543318,-0.218165,-0.065194,-0.262116,0.490164,-0.050736,-0.533982,0.184629,-0.028274,-0.056035,-0.32718,-0.272847,-0.078884,-0.484669,-0.09142,0.412288,-0.534223,0.504407,0.234038,0.331562,0.359942,0.0,-0.229499,-0.025988,0.149339,-0.218995,-0.747743,0.106426,-0.613818,0.184363,-0.522068,0.010403,0.022226,0.416472,0.350707,-0.063652,0.025506,-0.223886,0.198845,-0.517107,0.269992,0.153813,0.147453,0.172377,-0.329143,-0.455099,-0.519969,-0.484669,-0.525468,-0.428468,-0.428468,0.035574,-0.091954,-0.367175,0.192415,-0.534129,0.508232,-0.218165,-0.243798,-0.106714,-0.383856,-0.42825,0.404401,0.074542,-0.217227,-0.218165,0.044491,-0.118902,-0.654166,-0.096106,-0.255691,-0.534129,0.1828,-0.302,0.279928,0.291368,-0.327248,-0.193134,-0.502118,-0.243798,0.1828,0.39282,-0.112949,0.508232,0.0,0.044493,-0.135768,0.536114,-0.428362,0.404401,-0.327248,0.547286,0.626607,-0.327081,-0.653989,0.133599,0.046522,0.044493,0.188724,-0.076948,0.0,-0.220337,-0.061531,-0.428242,0.093964,-0.284215,-0.218165,-0.542234,-0.243798,-0.653989,0.224727,-0.653989,-0.102293,-0.327169,-0.327081,-0.098578,-0.653989,-0.327248,-0.243798,-0.327248,-0.225423,-0.227391,-0.369857,0.0,-0.132903,0.279928,0.0,-0.226939,-0.069237,-0.218165,-0.327248,-0.247647,-0.428242,0.557922,0.124062,0.074779,-0.102293,0.357826,-0.358327,0.0,0.161926,0.188762,0.612563,0.188724,-0.156805,-0.426765,-0.327248,0.041659,-0.61774,0.0,0.188762,-0.075549,-0.243798,-0.42825,0.018152,0.365053,-0.653989,0.179002,-0.114697,-0.449701,-0.52435,0.183744,-0.319968,0.039563,-0.04318,-0.65376,0.461421,-0.550402,0.018685,-0.077986,-0.273483,0.319089,0.145046,-0.583988,0.083205,0.057941,0.337478,#
12,0.495713,0.236503,-0.594348,0.397979,-0.416852,0.236503,-0.266364,-0.25945,0.755704,0.208929,0.116655,0.330167,1.0,0.110355,-0.113837,0.178702,-0.210228,-0.101645,-0.126108,-0.299455,0.243685,-0.365596,-0.325451,0.07058,0.178703,0.398466,0.346754,0.146211,0.212333,-0.095212,0.311587,-0.296294,0.75606,-0.378741,-0.262434,0.418314,-0.283346,0.221983,0.326859,-0.616213,0.329897,-0.032376,0.320343,0.330415,0.0,-0.497118,0.106112,0.228457,-0.519385,-0.236105,0.116655,-0.391429,-0.524624,0.153273,-0.053367,-0.216859,-0.277437,-0.128703,0.278456,-0.342084,-0.196249,-0.360019,-0.329443,0.616067,0.235966,0.094351,0.218844,0.525916,-0.032846,-0.420373,-0.283346,-0.066762,-0.202071,-0.202071,0.350786,0.15917,-0.367951,0.49762,-0.0577,0.080278,-0.666073,0.02767,0.398899,0.091144,-0.744292,-0.342313,0.056101,0.016969,0.178702,-0.255101,-0.105877,-0.460305,-0.064763,-0.2418,-0.105877,-0.001107,0.013079,0.372427,-0.251262,-0.365528,0.384892,-0.16651,-0.019923,-0.001107,0.77638,0.398802,-0.407126,0.0,-0.244074,0.416037,0.308672,-0.783179,0.23292,-0.365528,0.07501,0.472088,-0.347248,-0.490313,0.671517,-0.354476,-0.191334,0.244257,-0.332734,0.0,-0.249935,-0.371376,-0.212185,-0.287007,-0.300283,-0.666073,0.212916,-0.019923,0.02767,-0.319394,-0.490313,-0.08683,-0.401745,-0.347248,0.616559,-0.490313,0.268054,0.498061,0.268054,0.38776,-0.471498,-0.341951,0.0,0.061648,-0.218176,0.0,-0.225601,-0.340543,0.178702,-0.365528,0.344339,-0.786187,-0.040944,0.129838,-0.377654,-0.08683,0.454154,0.617289,0.0,-0.149332,-0.201472,-0.028119,0.244257,0.069161,-0.286011,-0.365528,0.120744,-0.250266,0.0,-0.201472,0.256127,-0.490313,-0.232855,0.32559,0.190537,0.02767,-0.001845,-0.104671,-0.734721,-0.287761,0.503104,-0.435476,0.082262,0.229015,0.031343,0.109316,-0.323387,0.335147,0.242066,0.337514,0.248656,-0.051829,-0.154545,-0.407126,-0.396963,-0.141222,#
13,0.419309,0.794465,-0.058343,-0.190682,-0.698354,0.367994,0.082912,-0.502757,0.362716,0.358108,0.17792,0.543318,0.110355,1.0,0.246181,-0.408052,0.066312,-0.033925,0.215714,0.041216,-0.112014,0.289273,-0.093278,0.167147,-0.408052,0.274848,-0.417273,0.2587,0.345562,-0.579534,0.091034,-0.042216,-0.093278,0.387969,0.098147,-0.141976,0.214693,-0.089538,-0.003926,-0.599033,0.076826,-0.321177,0.130248,-0.480605,0.0,-0.424054,-0.333206,0.208713,-0.389753,-0.416852,-0.644368,-0.540223,0.404071,0.010175,-0.226252,-0.036013,0.383358,0.233953,0.215253,-0.468129,0.111728,-0.103951,-0.507689,-0.170989,-0.689176,0.166436,0.387213,-0.378672,-0.594149,0.020835,0.214693,-0.27664,-0.801399,0.089044,0.097889,0.249875,-0.241807,0.003584,-0.568624,0.598518,-0.408052,-0.411916,0.22424,-0.257509,0.105791,0.37905,0.133972,-0.005386,0.28537,0.062819,0.236076,-0.398681,-0.150152,-0.407222,-0.585178,0.39847,-0.45045,0.096958,0.115245,-0.112014,-0.387193,-0.297025,-0.003089,0.39847,-0.089639,-0.166007,0.598518,0.0,0.097051,-0.17448,0.525585,0.060083,-0.074962,-0.112014,0.158728,0.367724,-0.611766,-0.389203,-0.358487,0.124561,0.115173,0.408415,-0.549842,0.0,-0.377952,-0.120919,-0.800975,-0.207275,-0.38408,-0.408052,-0.562384,-0.428269,-0.798029,-0.016193,-0.389203,0.25171,0.387957,-0.611766,0.222069,-0.389203,-0.092012,-0.411916,-0.092012,-0.367746,0.012356,0.175798,0.0,0.085744,0.096958,0.0,0.086342,0.336141,-0.408052,0.408052,0.066849,-0.347935,0.630774,0.657596,0.182266,-0.17869,0.032284,-0.264345,0.0,-0.266624,0.393055,0.815601,-0.126237,0.358602,0.062605,0.408052,0.170859,-0.535078,0.0,0.393055,-0.062017,-0.003089,0.105791,0.078205,0.326173,-0.798029,0.3908,-0.170863,0.06302,-0.06541,-0.013368,-0.13431,0.571496,-0.560904,-0.795809,0.57915,-0.534766,0.549526,-0.540432,0.084585,-0.098574,0.814248,-0.251362,-0.242118,0.166417,0.247265,#
14,0.02929,0.081403,0.374939,-0.249843,0.213202,0.512199,0.388362,-0.297958,0.088861,0.532116,-0.567902,-0.069866,-0.113837,0.246181,1.0,-0.272099,0.342059,0.483113,0.557518,0.421135,-0.408148,0.045381,0.512199,0.246181,-0.272099,0.587583,-0.140238,-0.272099,0.522073,-0.242525,-0.099123,-0.66008,0.081403,0.601995,-0.064999,0.166987,0.216868,-0.329759,-0.121861,0.142157,-0.082097,-0.512454,-0.503927,-0.204017,0.0,-0.412189,-0.433554,-0.490778,0.010277,-0.154015,-0.16887,-0.30051,0.014066,0.064308,-0.688767,-0.288597,-0.350688,0.175142,-0.123287,0.041531,-0.096737,0.109519,-0.364802,-0.363819,-0.358157,-0.501301,0.126426,-0.169034,-0.557808,0.071809,0.216868,0.131009,-0.534392,-0.093474,-0.53412,-0.245808,-0.166633,-0.010861,-0.666173,0.253512,-0.272099,-0.815665,-0.283405,-0.182494,-0.085112,0.096717,0.225102,-0.024951,-0.272099,-0.111048,-0.248131,-0.407443,-0.249651,-0.111768,0.146686,-0.402693,-0.809601,-0.111768,-0.10086,0.096986,-0.121225,0.19514,-0.012665,-0.402693,-0.369065,-0.265667,-0.150624,0.0,0.355734,-0.252971,-0.111048,0.335756,-0.361898,0.096986,0.241828,0.387522,-0.40794,-0.012665,-0.555146,-0.624205,-0.534109,-0.40794,0.085697,0.0,-0.110228,0.064665,-0.1019,0.08016,-0.5512,-0.272099,-0.40406,-0.012665,-0.425636,0.300918,-0.012665,0.162479,0.601975,-0.40794,0.421072,-0.012665,-0.408148,-0.425636,-0.408148,-0.097502,0.002937,-0.184544,0.0,0.362071,-0.601471,0.0,-0.129609,-0.378622,-0.272099,0.096986,-0.1493,0.355734,0.507806,0.545153,-0.158687,0.162479,0.212343,-0.214038,0.0,-0.413296,0.235427,0.409922,-0.40794,0.108905,0.785225,0.096986,-0.19022,-0.202139,0.0,0.235427,-0.365679,-0.402693,0.338951,-0.110863,0.530739,-0.425636,0.384156,0.161897,0.310504,-0.352393,0.394333,-0.525365,-0.170314,0.056454,-0.428315,-0.167553,-0.368178,0.330052,0.085259,-0.10897,-0.786042,0.38077,-0.379681,0.253512,-0.574944,0.170242,#
15,0.313189,-0.508857,-0.33157,0.440897,0.28537,-0.508857,-0.666027,0.232175,-0.508854,0.209887,-0.408142,-0.218165,0.178702,-0.408052,-0.272099,1.0,-0.218173,-0.327489,-0.269363,-0.215745,-0.166667,-0.501281,-0.508857,-0.408052,1.0,-0.271984,0.153322,-0.111111,0.234416,0.376746,0.246273,-0.076471,0.230265,-0.166632,0.16197,-0.272101,-0.0,0.217721,0.651093,0.421455,0.528962,0.149126,0.102382,0.206065,0.0,0.333333,0.262504,0.155059,-0.333028,0.178702,0.276483,0.275168,-0.33303,0.274964,-0.064414,0.27149,0.269435,-0.272078,0.277351,0.253284,0.135455,-0.170147,0.218052,0.151566,0.294895,0.202451,-0.166307,0.391141,0.374416,-0.49889,-0.0,0.202938,0.509175,0.509175,0.522634,-0.272158,0.28475,0.35604,0.417625,-0.407871,-0.111111,0.348215,0.436991,0.28475,-0.218107,-0.508596,0.304586,-0.332704,-0.111111,-0.218093,-0.272031,0.340652,0.427398,0.190089,0.417625,0.348215,0.369493,0.190089,0.196262,0.666667,0.174634,0.159055,0.348215,-0.333075,0.241742,0.427398,-0.407871,0.0,-0.218103,0.446346,-0.218093,-0.218164,0.247993,0.666667,-0.407998,-0.331378,0.690124,0.348215,0.238145,0.324336,-0.218103,-0.166582,0.241742,0.0,0.170607,0.254,-0.218103,0.16358,0.222464,-0.111111,0.2476,0.348215,0.348215,0.310538,0.348215,-0.272031,-0.166627,-0.166582,0.251339,0.348215,0.666667,0.348215,0.666667,0.166169,0.348215,0.287213,0.0,0.0,0.190089,0.0,0.195859,0.2476,-0.111111,-0.166667,0.195859,-0.218103,-0.390573,-0.614055,0.291309,0.417625,-0.311054,0.297648,0.0,0.145906,-0.993406,-0.314702,-0.166582,0.138138,-0.21735,-0.166667,-0.394956,0.422885,0.0,0.160227,0.217237,0.348215,-0.218107,-0.191655,-0.491047,0.348215,-0.307034,-0.25664,-0.195782,0.204827,-0.315168,0.008028,0.264263,0.254,0.351203,-0.384633,0.235648,-0.197281,0.224245,0.153213,0.241571,-0.329746,0.09787,-0.407871,0.291309,-0.272023,#
16,-0.192992,0.415149,0.179672,-0.533951,0.525637,0.415149,0.316518,-0.091413,-0.033409,-0.064006,-0.347911,-0.428379,-0.210228,0.066312,0.342059,-0.218173,1.0,0.251997,0.878168,0.086068,0.224744,0.491409,0.415149,-0.359573,-0.218173,-0.083647,-0.133434,-0.218173,-0.069253,0.391513,-0.234211,-0.032564,-0.038805,0.757235,0.382943,-0.079309,0.731778,0.002404,-0.421953,-0.108287,-0.428368,-0.599853,-0.07024,-0.303059,0.0,0.212915,-0.339365,0.081548,0.23182,0.308616,-0.347911,-0.086254,-0.207893,0.426072,-0.410939,0.003042,-0.49623,-0.092511,0.544591,0.213986,0.347541,-0.270297,-0.034734,-0.622366,-0.322817,0.032329,0.25666,-0.081103,-0.186011,0.434642,0.731778,0.068414,0.053345,0.036137,-0.428265,0.366996,0.100318,-0.654,-0.077317,-0.349966,-0.218173,-0.202722,-0.11614,0.100318,0.044881,-0.515388,0.074022,0.218005,-0.218173,0.034053,0.363198,0.22255,-0.534048,-0.19337,0.363198,-0.21884,-0.185406,-0.19337,-0.756134,0.20503,-0.215596,0.185883,-0.21884,0.23245,-0.501494,-0.534048,-0.349966,0.0,0.053979,-0.532115,0.034053,0.505387,-0.998657,0.20503,-0.372993,-0.228552,-0.327092,-0.21884,-0.518316,-0.407623,-0.428256,-0.327092,-0.022284,0.0,-0.19761,-0.062093,0.071839,0.405725,-0.26795,-0.218173,-0.051924,0.23245,-0.202722,-0.237621,-0.21884,0.363198,0.756465,0.240393,0.182061,-0.21884,-0.327259,-0.202722,-0.327259,-0.160389,-0.21884,0.156277,0.0,0.232745,-0.19337,0.0,0.321292,-0.069794,0.517831,0.20503,0.321292,0.053979,0.11698,0.584427,-0.354227,0.363198,0.201794,0.082275,0.0,-0.469887,0.229706,0.263056,0.240393,0.541592,0.504936,0.20503,0.1461,-0.424945,0.0,-0.534465,0.014324,-0.21884,0.044881,0.560709,0.487907,-0.202722,0.690639,-0.05656,0.531217,0.460126,0.267702,0.167701,0.122615,-0.044066,-0.200591,0.144465,-0.030221,0.079341,0.014786,0.367293,-0.43662,0.235977,0.319517,0.117645,-0.354227,-0.080861,#
17,-0.287647,0.147291,0.308612,0.001229,0.087434,0.257538,0.477256,-0.158216,0.138065,0.243226,-0.136839,0.104167,-0.101645,-0.033925,0.483113,-0.327489,0.251997,1.0,0.365375,0.74332,0.392125,-0.234359,0.257538,-0.051164,-0.327489,0.002813,-0.120777,0.247053,0.23341,-0.422262,0.359111,0.021749,0.128916,0.079897,-0.089223,0.370055,-0.375781,-0.382774,0.030019,0.111861,0.098745,0.204695,0.16941,-0.050613,0.0,0.189599,-0.408011,-0.724081,0.308663,-0.39146,-0.03472,0.194457,0.172484,0.152844,-0.039968,-0.147772,-0.235216,-0.098482,-0.033463,0.166044,-0.503346,-0.073207,-0.108242,-0.531817,0.002773,-0.5123,-0.08549,-0.001189,-0.428083,0.162387,-0.375781,-0.488394,-0.248243,-0.135405,-0.642848,-0.309604,-0.004377,0.128873,-0.42734,0.4283,-0.327489,-0.27909,-0.454572,0.435355,-0.125761,0.248427,0.09593,-0.262457,-0.327489,-0.259379,0.390887,-0.145757,-0.460086,0.479176,0.491927,-0.173403,-0.312736,0.479176,0.02896,0.09049,-0.528763,-0.199034,0.259127,0.196498,0.117674,-0.016073,-0.019874,0.0,0.363493,-0.343315,-0.259379,-0.142051,-0.279725,0.09049,-0.030706,0.189805,-0.490983,-0.073589,-0.419562,-0.414035,-0.642836,-0.072601,0.641389,0.0,0.053969,-0.10945,0.246377,0.102615,-0.037844,-0.327489,-0.238051,0.629028,-0.179275,-0.085548,-0.073589,0.390887,0.101872,-0.025841,0.06622,-0.073589,-0.491233,0.153441,-0.491233,-0.559364,-0.173403,-0.712871,0.0,-0.342175,-0.06389,0.0,-0.470069,-0.600443,0.27578,0.09049,0.075834,0.363493,0.409255,0.428652,-0.372564,0.390887,0.546636,-0.370194,0.0,0.321795,0.362889,0.164085,0.39254,-0.088529,0.402353,0.09049,-0.154563,-0.336333,0.0,-0.263467,-0.722021,-0.173403,0.344512,-0.24634,0.649923,-0.179275,0.184645,-0.348991,-0.207145,-0.556737,0.171676,-0.262771,-0.371592,-0.227657,-0.180659,0.321128,0.260589,-0.297291,-0.232155,0.06602,-0.412214,-0.155588,-0.197369,0.466831,-0.372564,0.490678,#
18,-0.018625,0.52133,0.024742,-0.659233,0.317595,0.52133,0.400859,-0.22701,0.076164,0.065266,-0.218265,-0.16811,-0.126108,0.215714,0.557518,-0.269363,0.878168,0.365375,1.0,-0.014981,0.126519,0.528703,0.52133,-0.208791,-0.269363,0.136535,-0.094821,-0.269363,0.057963,0.24738,-0.227153,-0.264971,0.068847,0.67772,0.441226,0.114049,0.547562,0.089924,-0.206796,-0.235018,-0.17761,-0.551412,-0.228144,-0.222866,0.0,0.040813,-0.216286,0.095509,0.060051,-0.022676,-0.218265,-0.333119,-0.047089,0.17843,-0.655655,0.115817,-0.407379,0.120971,0.310151,0.205097,0.423363,0.05841,-0.289404,-0.543468,-0.342024,0.126727,0.178949,-0.124139,-0.2557,0.186639,0.547562,0.024019,-0.065905,-0.065905,-0.52875,0.389876,0.21352,-0.488707,-0.220388,-0.212816,-0.269363,-0.373702,-0.24207,-0.106854,-0.057138,-0.401316,-0.115947,0.368136,-0.269363,-0.067291,0.218699,0.050325,-0.335861,-0.128007,0.218699,-0.373702,-0.355729,-0.128007,-0.665921,0.126519,-0.133359,0.228239,-0.373702,0.060059,-0.408049,-0.659354,-0.212816,0.0,-0.048067,-0.656967,-0.067291,0.4025,-0.883019,0.126519,-0.225438,-0.090718,-0.403839,-0.373702,-0.48902,-0.595665,-0.528739,-0.403839,0.069607,0.0,-0.134425,-0.298553,-0.048067,0.333315,-0.585735,-0.269363,-0.306136,0.060059,-0.373702,-0.174113,-0.373702,0.537694,0.676926,0.141606,0.284972,-0.373702,-0.404045,-0.373702,-0.404045,-0.098471,-0.058576,-0.047223,0.0,0.37571,-0.128007,0.0,0.38825,-0.306136,0.438055,0.126519,-0.009475,-0.048067,0.187313,0.603782,-0.220185,0.537694,0.402411,-0.124291,0.0,-0.432319,0.272295,0.415497,0.141606,0.580896,0.402371,0.126519,0.252559,-0.555247,0.0,-0.462196,0.092018,-0.373702,-0.057138,0.43043,0.563535,-0.373702,0.818077,-0.197685,0.414148,0.204336,0.399946,-0.033616,-0.07327,0.053905,-0.371591,0.244358,-0.285181,0.30964,0.094986,0.036268,-0.347831,0.36437,-0.165365,0.236633,-0.543568,-0.207655,#
19,-0.289713,-0.099584,0.679089,0.297817,0.147624,0.013837,0.29161,-0.151302,-0.113602,0.407539,-0.442297,-0.0468,-0.299455,0.041216,0.421135,-0.215745,0.086068,0.74332,-0.014981,1.0,0.119694,-0.440792,0.013837,0.023481,-0.215745,-0.076685,-0.293195,0.375337,0.399659,-0.528058,0.333204,0.0956,-0.118488,0.263918,-0.250843,-0.071603,-0.188343,-0.615786,-0.076013,0.411796,-0.04205,0.071999,0.166117,-0.258524,0.0,0.186191,-0.706029,-0.850575,0.314329,-0.148215,-0.337238,0.407735,0.197737,0.364771,0.13764,-0.416933,-0.042542,-0.173545,0.056558,0.03163,-0.716325,-0.369656,0.037506,-0.567285,-0.147606,-0.747831,0.093415,-0.182985,-0.583153,0.37286,-0.188343,-0.424635,-0.423715,0.098673,-0.4235,-0.582746,-0.294567,0.149588,-0.528204,0.530759,-0.215745,-0.30444,-0.171419,0.50582,0.108475,0.430101,0.543017,-0.646014,-0.215745,-0.029005,0.313579,-0.162997,-0.528106,0.310951,0.417528,0.184839,-0.352258,0.310951,0.322514,0.274853,-0.734432,-0.344376,0.629821,0.184839,-0.120397,0.280072,0.069683,0.0,0.611809,-0.057665,-0.029005,0.091777,-0.113255,0.274853,0.048029,0.240244,-0.323453,0.287527,-0.600859,0.016175,-0.423491,0.106974,0.418396,0.0,-0.112736,0.441397,0.069615,0.087479,0.289602,-0.215745,-0.113076,0.629821,-0.201752,0.225581,0.287527,-0.032917,0.286519,-0.323453,-0.051042,0.287527,-0.323618,0.140542,-0.323618,-0.739004,-0.157455,-0.32086,0.0,-0.507791,-0.24775,0.0,-0.671782,-0.063961,-0.215745,0.274853,0.321851,0.611809,0.572556,0.363097,-0.289792,-0.032917,0.064907,-0.330433,0.0,0.205688,0.232696,0.18648,0.106974,-0.289602,0.650967,0.274853,-0.463667,-0.038565,0.0,0.232696,-0.980944,0.184839,0.592287,-0.42797,0.430518,-0.201752,-0.164341,-0.055209,0.027106,-0.44201,-0.187069,-0.244926,0.04943,-0.48869,-0.204908,0.041728,0.406976,-0.440533,-0.484657,0.307003,-0.688812,-0.107443,0.208257,0.176085,0.061471,0.801458,#
20,0.003728,0.324077,-0.007832,0.087123,-0.092012,-0.208944,0.24976,-0.335826,0.330183,-0.224263,0.394976,0.203999,0.243685,-0.112014,-0.408148,-0.166667,0.224744,0.392125,0.126519,0.119694,1.0,-0.17352,-0.208944,-0.112014,-0.166667,-0.407976,0.303383,0.666667,-0.227269,0.116018,0.049255,0.315445,0.324077,-0.249948,0.218164,0.106991,-0.279511,0.304809,0.158764,-0.408118,0.210688,0.189797,0.460719,0.28334,0.0,0.5,-0.243202,0.143131,-0.007569,-0.365528,-0.098744,0.133284,-0.016114,0.240594,0.225452,-0.1929,-0.219274,0.092027,0.27735,0.025758,-0.35095,-0.231144,-0.218052,0.0,0.402129,0.256227,0.337506,-0.046016,-0.124805,0.246562,-0.279511,-0.741994,0.218218,-0.327327,-0.327161,0.35721,-0.092351,-0.011485,0.109195,-0.111772,-0.166667,0.493936,0.094485,0.398265,-0.327161,-0.226977,-0.106803,0.023212,-0.166667,0.228998,0.597701,0.005615,-0.407971,0.249491,0.109195,-0.017032,0.437558,0.249491,-0.387737,-0.25,-0.368672,-0.620315,-0.017032,0.493936,0.331354,0.087422,-0.111772,0.0,-0.327154,-0.406494,0.228998,-0.327246,-0.226977,-0.25,-0.09695,0.044609,-0.249873,-0.499613,0.22964,-0.09122,-0.327154,0.356961,0.331354,0.0,-0.37132,-0.22225,0.239074,0.213085,0.019345,-0.166667,0.339925,0.493936,0.011355,-0.41762,-0.499613,0.109195,-0.24994,0.392657,-0.281261,-0.499613,-0.25,0.493936,-0.25,-0.37388,-0.499613,-0.569299,0.0,-0.658808,0.249491,0.0,-0.351112,-0.226617,0.666667,-0.25,0.25796,-0.327154,-0.033162,0.106279,-0.611749,0.109195,0.683442,-0.082245,0.0,0.171281,0.192272,-0.013113,0.99949,-0.169533,-0.326025,-0.25,0.417397,-0.4984,0.0,-0.672953,-0.194126,-0.017032,-0.327161,0.225879,0.325791,0.011355,0.012618,-0.418728,-0.331324,-0.193695,0.012952,-0.048168,-0.115082,-0.1905,0.013683,0.395438,0.322466,-0.33115,-0.200389,0.229819,0.25365,-0.494619,0.146805,-0.082359,-0.116524,0.094617,#
