0,1.0,-0.049938,0.181772,-0.031794,-0.198979,-0.273631,-0.274412,-0.386482,-0.361731,-0.052331,-0.385925,-0.025092,-0.049938,0.493612,0.011249,0.060521,-0.202378,-0.340272,-0.409126,-0.196344,0.660013,0.192755,0.042815,-0.495903,-0.258395,-0.357089,0.065906,-0.437447,0.385977,0.332904,0.247891,0.150109,0.375607,-0.088852,-0.008321,0.117464,0.13241,-0.817388,-0.167156,-0.495911,0.491769,0.418723,0.345282,0.350666,-0.649288,-0.143417,0.29324,-0.184243,-0.406552,-0.37715,-0.37715,-0.425411,0.469906,0.103031,-0.050453,-0.171332,-0.041719,0.164908,-0.396586,0.201025,0.464143,0.426089,0.346353,-0.388244,0.23968,-0.388244,-0.36137,0.245534,-0.577561,-0.60788,-0.382972,0.167749,0.0,-0.111073,-0.209747,0.004441,-0.458957,-0.066432,-0.590469,0.42703,-0.150368,-0.551174,0.29032,-0.209747,-0.179562,-0.007171,-0.1407,0.327396,-0.292608,-0.330681,-0.17061,-0.364094,0.057648,-0.350822,0.207894,-0.80945,-0.211356,0.575606,-0.066879,0.561652,0.493144,0.057648,-0.444799,0.387076,-0.05312,-0.453948,0.307895,0.33738,-0.179562,0.209523,0.265172,0.559585,-0.179026,-0.066432,0.100811,0.484407,-0.330681,-0.050307,-0.211356,-0.171358,-0.330681,0.486985,0.039876,0.0,0.064525,-0.262075,-0.458957,-0.049696,-0.434928,0.465261,0.561652,-0.649115,0.204646,-0.17061,-0.649115,-0.330681,-0.268482,0.387076,0.531085,-0.231834,0.042296,-0.035403,0.580615,0.003716,-0.320015,-0.147325,0.042296,-0.262468,-0.350822,-0.096064,-0.033799,-0.551174,0.042296,-0.364094,0.057011,0.387076,0.317941,-0.112418,0.327396,0.057648,0.487138,-0.204949,0.258905,-0.410234,-0.410234,-0.472933,-0.649115,-0.081361,0.042296,-0.649102,-0.219119,0.129704,-0.495769,0.178527,-0.625703,0.273282,-0.645912,-0.250737,-0.33998,0.421932,0.168603,-0.329364,-0.002461,0.455792,-0.30643,0.374932,0.426338,-0.179026,0.128175,0.121209,-0.130735,-0.015448,-0.469911,0.095091,-0.064503,0.387076,-0.483937,-0.066879,-0.091023,0.317919,#
1,-0.049938,1.0,-0.014389,-0.423616,0.253236,-0.123266,0.229808,0.692416,-0.103775,0.587708,-0.054357,-0.102165,1.0,0.36351,0.587708,-0.079606,-0.54328,0.108306,0.614467,0.334784,-0.226181,0.204653,0.418117,0.231991,-0.219719,-0.615436,-0.396993,0.075064,-0.396891,0.396926,0.089358,0.147648,0.108306,0.232575,-0.426068,0.3142,0.094991,0.092982,-0.226181,0.280211,0.250088,0.503713,-0.227742,-0.152159,0.3142,-0.533432,0.559732,-0.056277,0.468244,-0.123266,-0.123266,0.434979,0.251161,-0.288389,-0.237791,-0.154886,-0.26723,-0.28133,-0.18135,-0.336465,0.304966,0.251112,-0.446955,-0.13025,0.51119,-0.13025,-0.083256,-0.367824,0.428001,-0.013803,0.599347,-0.116163,0.0,-0.48492,0.046454,-0.278542,-0.079854,0.232144,0.046454,-0.100593,0.026733,-0.48492,-0.191606,0.026733,-0.191606,-0.079854,0.002327,-0.172429,-0.022652,0.202627,-0.191906,-0.59191,-0.353383,0.109621,-0.35881,-0.098974,0.248054,0.313729,0.414058,-0.389203,-0.222221,-0.353383,0.104669,0.170464,-0.287244,-0.085931,-0.749398,-0.28438,-0.191606,-0.512826,0.334614,0.492574,-0.307673,0.232144,-0.416562,-0.650198,0.202627,0.105805,0.205827,-0.525306,0.138301,-0.389203,-0.416562,0.0,-0.320314,-0.130653,0.41839,0.960085,-0.17463,0.255696,0.255565,0.314363,-0.497467,-0.727956,-0.170464,-0.665774,0.293155,0.170464,-0.332271,0.016596,0.255696,0.073611,-0.371483,-0.331227,0.248054,0.459107,-0.371483,-0.128959,0.129859,-0.451331,-0.540951,-0.48492,0.255696,-0.100593,-0.229727,-0.665774,0.201828,-0.306328,-0.172429,-0.353383,-0.101702,-0.202027,0.138301,0.686961,0.686961,0.379307,-0.170464,-0.08279,-0.34736,-0.222667,-0.341837,-0.162206,-0.353383,0.201122,0.379899,-0.3383,0.022275,0.50368,0.20522,-0.640546,0.479011,0.221178,-0.599829,-0.10594,-0.04995,-0.517514,0.502897,-0.328017,-0.318091,0.518233,0.028945,-0.129092,0.701631,0.47839,0.257216,0.170464,-0.242263,0.414058,0.587148,-0.157829,#
2,0.181772,-0.014389,1.0,0.387306,0.629355,-0.380948,0.249523,0.307033,0.42368,0.040787,-0.056746,-0.395973,-0.014389,0.004896,-0.023096,-0.3997,-0.586336,0.376169,-0.169756,-0.264725,-0.254457,0.653639,-0.014389,0.012951,0.69665,-0.002434,0.421589,0.449734,0.03357,0.028603,-0.207918,-0.304482,-0.373834,-0.496404,-0.06453,-0.191321,-0.432788,-0.381822,0.679128,-0.498275,0.510307,-0.359612,0.277332,0.298475,-0.209054,0.170753,-0.354821,0.605284,-0.081021,-0.276935,-0.276935,0.353193,0.446229,0.324769,-0.080514,0.14608,0.034564,-0.243629,-0.385881,0.269576,-0.086088,-0.008645,-0.128445,-0.178044,-0.218768,-0.178044,0.423328,0.281796,0.17729,0.184674,0.231706,0.406992,0.0,0.205131,0.205131,-0.026766,-0.001801,-0.498131,-0.265144,-0.397802,0.145469,-0.205482,-0.214141,0.205131,-0.65254,0.419713,0.565925,0.284841,0.225037,-0.332257,0.215876,-0.420894,0.505854,0.365098,0.245599,-0.001801,0.62337,0.190535,-0.050673,-0.066748,0.493989,0.505854,0.37219,0.337408,-0.046715,0.429426,0.215876,0.140246,-0.65254,-0.168147,0.167225,0.186779,0.231245,-0.498131,0.365098,0.336581,-0.332257,0.442191,0.1799,0.178383,0.363165,0.008275,0.426323,0.0,0.440133,0.264202,0.01351,-0.072339,-0.301027,0.467478,0.449587,-0.21435,0.1506,-0.230567,-0.230567,0.337408,-0.203219,0.337408,0.231378,0.576151,0.003863,-0.389261,0.003863,-0.024865,-0.272265,-0.433668,-0.498385,0.249996,0.365098,0.052164,-0.124152,-0.205482,0.003863,-0.405796,0.45496,-0.332257,-0.190026,0.159613,0.284841,0.505854,-0.050536,0.157701,-0.332257,0.284841,0.284841,-0.418308,-0.230567,0.011148,-0.498385,0.223815,-0.251492,-0.792342,-0.010481,0.64122,-0.026766,0.62337,0.210946,0.182123,0.191732,-0.052182,0.133944,0.208424,-0.031322,-0.104985,-0.614852,0.298632,-0.166045,-0.208629,0.220857,-0.262215,-0.594972,-0.412193,0.241146,0.18688,-0.546073,0.337408,-0.566055,-0.050673,-0.029637,-0.158459,#
3,-0.031794,-0.423616,0.387306,1.0,-0.1371,-0.311394,-0.05807,-0.299515,0.281061,-0.209092,0.208843,-0.161223,-0.423616,0.0948,-0.257922,-0.152596,-0.355407,0.148994,-0.076327,0.060146,0.047472,0.353601,0.070286,0.452703,0.55859,0.706973,0.612896,0.105385,0.19312,-0.6118,-0.057279,0.320294,-0.224743,-0.607885,0.143781,-0.346399,-0.227305,-0.189387,0.099691,-0.610176,-0.19164,-0.380811,0.391081,0.393061,0.122829,0.4679,-0.227175,0.084088,-0.461444,-0.231889,-0.231889,0.010609,0.338185,0.066811,0.154128,0.319735,0.152896,-0.144173,0.384587,0.401172,0.02841,-0.117605,0.061862,-0.097348,-0.302695,-0.097348,-0.162004,0.450844,-0.31843,0.06645,-0.331026,0.504279,0.0,0.004471,-0.429213,0.10912,0.261611,-0.06353,-0.040239,-0.572521,-0.040239,0.439049,-0.352285,0.005365,0.1117,0.261611,0.388463,-0.346951,0.45394,-0.406875,0.103542,0.267478,-0.113005,0.138102,0.399781,0.277216,0.32396,0.042962,-0.459188,0.355881,0.054832,-0.113005,0.563333,-0.406875,0.603335,0.254733,0.086042,0.498546,0.1117,-0.37444,-0.418541,-0.442786,-0.093275,-0.610001,0.567549,0.251034,-0.406875,-0.249238,-0.111269,0.398214,0.301875,0.413226,0.614348,0.0,0.06115,0.355942,0.277216,-0.4616,0.463786,0.354375,-0.17035,0.120069,0.356808,0.086042,0.103542,0.275625,0.134956,-0.406875,-0.109063,0.366996,-0.07875,0.130514,-0.098437,-0.411692,-0.128009,0.111997,0.433125,0.345156,0.138102,-0.048617,0.131784,0.439049,-0.07875,0.282866,0.581564,0.275625,-0.053582,-0.149489,0.381421,-0.113005,-0.218599,0.508331,-0.406875,-0.319975,-0.319975,-0.139329,0.103542,0.704593,-0.098437,0.575712,-0.014313,-0.425755,0.433466,0.342096,-0.34771,0.784791,0.434591,-0.387841,-0.044256,0.215615,0.014456,-0.026968,0.237321,-0.202821,0.156425,0.263982,-0.230362,-0.0503,0.350435,-0.028913,-0.385877,-0.142168,-0.265386,-0.397971,-0.640249,-0.406875,0.095108,-0.459188,0.153805,-0.378106,#
4,-0.198979,0.253236,0.629355,-0.1371,1.0,-0.189984,0.052164,0.525872,0.053838,-0.090076,0.097636,-0.331854,0.253236,-0.31351,-0.090076,-0.342301,-0.207171,0.328804,0.363782,-0.042314,-0.507936,0.027394,0.253236,-0.246335,0.399368,-0.410678,-0.150062,0.407365,-0.534446,0.135328,-0.157159,-0.506059,-0.508957,-0.170465,-0.144807,-0.029883,-0.109842,-0.150393,0.399611,0.354412,0.325712,-0.245064,-0.309877,-0.255809,-0.06643,0.085325,-0.01415,0.621085,0.12279,-0.189984,-0.189984,0.73515,0.32711,0.384008,-0.088779,0.059988,-0.358667,0.088607,-0.27558,-0.448141,-0.387968,-0.238276,-0.163219,0.131733,-0.020375,0.131733,0.527475,-0.148512,0.500435,0.171821,0.349875,-0.086759,0.0,0.202182,0.666474,-0.004869,0.066825,-0.762598,0.218457,-0.320855,0.201225,-0.245835,-0.023917,0.201225,-0.502252,0.066825,0.179424,0.504289,-0.259254,0.250114,-0.069008,-0.379967,0.312382,0.321731,-0.472483,0.050119,0.505795,-0.042314,0.236784,-0.230525,0.243427,0.312382,0.31702,0.222011,-0.380044,0.527574,-0.069008,-0.106076,-0.502252,-0.156904,0.435799,0.241167,0.509954,-0.199226,-0.138025,0.045355,0.250114,0.360664,0.020873,0.181883,0.193908,-0.230525,-0.138025,0.0,0.670033,0.472264,0.084514,0.126076,-0.110133,0.333016,0.332846,-0.069008,0.195885,-0.050273,-0.050273,0.193908,-0.544964,0.222011,0.136484,0.649996,-0.214985,-0.195172,-0.214985,0.088669,0.057769,-0.153491,-0.762987,0.464342,0.339414,-0.183996,-0.304362,-0.245835,-0.214985,-0.362524,0.1851,-0.508658,-0.369847,0.50759,-0.24661,0.312382,0.090025,-0.078714,-0.508658,0.504289,0.504289,-0.36561,-0.050273,-0.394125,-0.193908,-0.096748,-0.476431,-0.585239,-0.250989,0.012651,0.178653,-0.006536,0.196853,0.641536,-0.003888,-0.380799,-0.248957,0.004791,0.061157,0.067134,-0.333909,-0.192842,-0.214844,-0.44157,0.054198,-0.214687,-0.193907,-0.363845,0.481406,0.204799,-0.209342,0.222011,-0.351012,0.236784,-0.104549,0.004803,#
5,-0.273631,-0.123266,-0.380948,-0.311394,-0.189984,1.0,-0.221606,-0.085441,0.254593,-0.287487,0.308322,0.2565,-0.123266,-0.197448,0.408079,0.280762,0.321484,0.408079,0.154261,0.24573,0.189937,-0.255985,-0.123266,0.155918,-0.554163,0.227798,-0.304668,-0.088222,-0.318242,-0.341007,0.351373,-0.16311,-0.287487,0.157282,-0.060393,-0.525558,0.454936,0.402586,0.189937,0.2206,-0.48257,0.18051,0.019324,-0.196961,0.218166,-0.239422,-0.18296,0.314744,0.666237,-0.132519,-0.132519,-0.120883,-0.500957,0.41225,0.5773,0.517158,-0.210649,-0.221606,-0.155311,-0.288392,-0.081382,-0.680629,-0.088776,0.832653,0.072537,0.832653,0.281579,-0.325974,0.243995,0.322039,0.204462,-0.236052,0.0,0.325099,-0.273071,0.582886,-0.386234,0.156166,0.376538,0.281036,0.350084,0.325099,0.24573,-0.299526,0.24573,-0.386234,0.324519,-0.092867,-0.366432,0.168265,0.21844,0.254256,0.156166,0.407972,-0.254418,0.254975,-0.168641,-0.516881,-0.095956,0.154318,-0.19474,0.156166,-0.265587,0.12512,-0.20056,-0.394801,0.189677,0.188938,0.24573,0.325462,0.245605,-0.327922,-0.191514,0.156166,0.380824,0.250391,0.168265,-0.264064,0.490062,-0.350804,0.081975,-0.66255,-0.285806,0.0,0.061383,-0.043571,-0.359077,0.097048,-0.144144,-0.653643,0.187584,0.21844,-0.334033,0.21844,0.247203,0.081975,0.189937,0.12512,-0.336714,-0.313784,0.18768,0.279209,0.155321,0.033666,-0.168641,-0.184336,0.155321,-0.035659,0.43512,0.122249,0.323592,0.325099,0.18768,0.281036,-0.129171,0.081975,0.485371,0.518101,-0.092867,0.156166,0.279548,0.217914,0.081975,-0.048527,-0.048527,0.277811,0.247203,-0.344638,0.18768,0.190227,0.502708,0.301635,0.156166,-0.231928,-0.110932,-0.226905,-0.305788,-0.261518,-0.207402,0.226716,0.350984,-0.186921,-0.370388,0.294978,0.375523,0.334026,-0.20788,0.490743,-0.210018,-0.258317,0.375354,0.275814,-0.018138,-0.319921,0.218203,0.12512,0.678759,-0.095956,-0.265587,0.24437,#
6,-0.274412,0.229808,0.249523,-0.05807,0.052164,-0.221606,1.0,0.4983,0.519546,0.340936,0.105073,0.096929,0.229808,-0.340382,-0.114544,-0.337209,-0.266446,-0.114544,-0.255581,-0.51788,-0.542325,0.492257,-0.28133,0.318181,0.407048,0.05682,0.320789,0.793217,0.355351,0.056489,-0.605041,-0.459876,-0.08018,-0.274368,0.330278,-0.061237,-0.450944,0.416969,0.407291,-0.179871,0.331596,-0.223048,0.446538,-0.288721,-0.061237,0.093973,-0.386765,-0.237287,0.161052,0.520006,0.520006,0.163647,-0.300529,-0.11011,-0.439253,0.073008,0.180694,-0.420259,-0.225296,0.508103,-0.353425,0.300981,-0.13531,-0.291274,0.052974,-0.291274,0.537208,-0.359264,0.503471,0.181184,0.552576,-0.260432,0.0,0.211731,0.228092,-0.499138,0.074097,0.318285,-0.197295,0.098397,-0.214618,0.211731,-0.018496,0.210768,-0.018496,0.536465,0.214161,-0.250023,0.627461,0.254274,0.425882,-0.375078,0.318285,-0.102713,0.484331,0.057302,0.548979,-0.055487,0.234423,-0.762433,0.219553,0.318285,-0.111689,0.226021,-0.385846,0.537307,-0.06383,-0.597825,-0.018496,0.196806,-0.508548,-0.226624,0.033639,-0.248093,-0.102713,-0.402448,0.254274,0.79678,0.015897,0.191265,0.197769,-0.22752,0.333819,0.0,-0.320682,-0.208379,0.554248,0.280008,-0.277619,-0.211895,-0.196054,-0.06383,-0.680447,-0.044995,0.444717,0.197769,0.407291,0.226021,-0.40212,0.226556,0.339032,-0.769247,-0.211895,0.218718,0.05299,-0.285604,-0.211895,-0.210349,0.377275,0.294931,0.174648,0.211731,0.339032,0.098397,0.234423,-0.508548,-0.530323,-0.432006,0.504884,0.318285,-0.789126,-0.045859,0.197768,0.504884,0.504884,0.050351,0.444717,0.112626,-0.190705,0.407402,0.471626,-0.1166,0.318285,0.507672,0.714014,0.033914,0.661951,0.19747,0.467774,-0.392956,0.1756,0.995522,0.068943,-0.826597,-0.591797,-0.201601,-0.252705,0.507735,0.049874,0.210053,-0.186468,0.05898,0.433636,0.168857,0.322375,0.226021,-0.390599,0.234423,-0.111689,0.010346,#
7,-0.386482,0.692416,0.307033,-0.299515,0.525872,-0.085441,0.4983,1.0,0.243073,0.390698,0.296595,-0.399432,0.692416,-0.158345,0.390698,-0.369479,-0.394865,0.390698,0.381364,0.236328,-0.513177,0.468623,-0.085091,0.148863,0.180382,-0.460477,-0.317975,0.405109,-0.28017,0.268963,-0.200877,-0.291632,-0.249874,0.150246,-0.302309,0.208874,-0.264656,0.385345,0.180755,0.213291,0.17654,-0.213905,-0.181025,-0.148203,0.208874,-0.505071,-0.131189,0.300787,0.63849,-0.085441,-0.085441,0.61016,0.177298,-0.20304,-0.335505,-0.111519,-0.20369,-0.184677,-0.149368,-0.250554,-0.229781,0.131705,-0.330408,-0.078413,0.206284,-0.078413,0.269953,-0.269695,0.880996,0.307931,0.930289,-0.014344,0.0,-0.347836,0.362182,-0.372185,0.269005,0.149112,0.362182,-0.397453,0.335831,-0.347836,-0.46703,0.335831,-0.46703,0.269005,0.310366,-0.150655,0.284386,0.163308,0.209149,-0.424128,0.149112,0.390601,-0.285987,0.243457,0.5249,0.208194,0.691117,-0.681127,-0.155685,0.149112,0.390147,0.120332,-0.240323,0.270201,-0.535766,-0.58938,-0.46703,-0.365558,0.236208,0.335931,-0.223224,0.149112,-0.312481,-0.465629,0.163308,0.391664,0.468476,-0.374412,0.077356,-0.681127,-0.312481,0.0,-0.243228,-0.101431,0.296056,0.66199,-0.138116,0.180499,0.180407,0.209149,-0.357454,-0.507116,0.2378,0.077356,0.180755,0.120332,-0.172524,0.336829,0.180499,-0.156016,-0.657531,-0.266955,0.5249,-0.015845,-0.657531,-0.106265,0.417642,0.115362,-0.38114,-0.347836,0.180499,-0.397453,-0.169103,-0.997041,-0.214153,-0.22624,-0.150655,0.149112,-0.398935,0.208625,0.077356,0.997655,0.997655,0.223776,0.2378,-0.37168,-0.625299,0.181046,-0.28552,-0.509389,0.149112,0.467892,0.62818,-0.258581,0.33702,0.335088,0.450706,-0.47087,0.293483,0.478719,-0.440457,-0.417582,-0.415959,-0.397547,0.209604,-0.250408,-0.249594,0.345891,-0.283643,-0.456029,0.987702,0.292469,0.15632,0.120332,-0.221271,0.691117,0.390147,-0.420729,#
8,-0.361731,-0.103775,0.42368,0.281061,0.053838,0.254593,0.519546,0.243073,1.0,0.258403,0.150814,-0.265839,-0.103775,-0.088922,0.258403,0.191149,-0.408227,0.655994,-0.156846,-0.080327,-0.534219,0.529728,-0.103775,0.612421,0.333022,0.562829,0.650423,0.697645,0.266607,-0.194186,0.048982,-0.33641,-0.139189,-0.406495,0.305469,-0.534223,-0.120015,0.257408,0.793059,-0.408027,0.206478,-0.381837,0.338854,0.221652,0.350707,-0.011678,-0.609228,0.392055,0.380377,0.254593,0.254593,0.260143,-0.40088,0.130691,0.413831,0.480786,0.408221,-0.821371,-0.416792,0.539701,-0.054139,-0.435203,-0.573461,0.345041,-0.080357,0.345041,0.566782,0.138761,0.342936,0.793062,0.383514,0.30163,0.0,0.381996,-0.00418,0.360371,0.166966,0.126829,-0.00418,-0.235654,0.421068,0.381996,-0.080327,0.421068,-0.080327,0.603504,0.825882,-0.431601,0.409943,-0.272078,0.810505,0.155263,0.612436,0.666707,0.541925,0.563395,0.541925,-0.534351,-0.076438,-0.407909,-0.128581,0.612436,0.242157,0.421455,-0.114688,0.138369,0.34815,-0.158931,-0.080327,0.024277,-0.071724,-0.396794,0.062924,-0.407909,0.666707,0.127886,-0.272078,0.242157,0.541925,-0.077338,0.39478,-0.407909,0.666707,0.0,-0.030861,0.263932,0.166966,0.00232,-0.400257,-0.408118,0.126829,0.34815,-0.424981,-0.114206,0.34815,0.39478,0.362348,0.421455,-0.32574,-0.025296,0.632182,-0.233671,0.112032,-0.047224,-0.351611,-0.561822,0.112032,0.262004,0.666707,0.139613,0.509733,0.381996,0.632182,0.155263,0.408428,-0.272078,0.043334,0.059327,0.281134,0.612436,-0.235654,0.365108,-0.272078,0.281134,0.281134,0.180231,0.34815,0.243252,-0.408118,0.793048,0.519791,-0.514323,0.612436,0.556809,0.405517,0.541925,0.395754,-0.010565,0.535736,-0.263867,0.415106,0.553684,-0.262712,-0.273505,-0.142575,0.128996,-0.234536,0.527408,-0.324434,-0.386565,0.016006,-0.243124,0.26416,-0.010841,-0.405379,0.421455,-0.105547,-0.076438,-0.157986,-0.023444,#
9,-0.052331,0.587708,0.040787,-0.209092,-0.090076,-0.287487,0.340936,0.390698,0.258403,1.0,-0.577323,-0.203945,0.587708,0.617574,0.572801,0.278344,-0.445495,0.177831,0.02226,0.100614,-0.373377,0.35349,0.108306,0.401745,0.094734,-0.163344,0.19606,0.086808,0.188778,0.668722,0.065089,0.34731,0.60503,0.401439,-0.298885,0.534619,-0.275081,0.135771,0.089408,-0.10512,0.412085,0.194969,-0.295817,0.425744,0.534619,-0.398353,0.145726,-0.075611,0.26541,0.408079,0.408079,0.034982,-0.180358,-0.718274,-0.168298,-0.498444,0.621912,-0.53566,-0.19217,0.365973,0.61946,0.391343,-0.735131,-0.389541,0.011759,-0.389541,-0.171615,0.287727,0.035046,0.408482,0.295849,0.403452,0.0,-0.417208,0.020581,-0.224893,0.277987,0.401814,-0.378394,-0.183114,0.04405,-0.417208,-0.350416,0.443024,-0.350416,0.277987,0.019356,-0.287148,0.402436,-0.408076,0.117575,-0.143823,-0.08059,0.196377,0.347106,0.262234,-0.075345,0.083267,0.130334,-0.611802,-0.429647,-0.08059,0.18837,0.280884,0.099776,-0.183903,-0.341732,-0.426432,-0.350416,-0.455436,0.117575,0.410566,-0.089918,0.401814,-0.237135,-0.619576,-0.408076,0.148152,0.37295,-0.471109,0.254385,-0.110102,0.172293,0.0,-0.5278,-0.24385,0.238142,0.533148,-0.350035,-0.095394,-0.08059,0.53468,-0.392414,-0.801039,-0.341732,-0.408076,0.517279,0.280884,-0.029756,-0.422576,0.421326,-0.069012,-0.095394,-0.014548,-0.075345,0.093912,-0.095394,-0.241452,-0.237135,-0.162402,-0.294847,-0.417208,0.421326,-0.183114,-0.400068,-0.408076,0.247806,-0.523767,-0.287148,-0.08059,-0.143823,-0.332893,0.254385,0.420887,0.420887,0.65478,-0.341732,0.273036,-0.612114,0.092226,-0.102028,-0.223532,-0.08059,0.365483,0.624691,-0.075345,-0.004382,0.412194,0.818123,-0.59947,0.385892,0.36329,-0.581322,-0.176596,-0.091871,-0.360925,0.523443,-0.106679,-0.522969,-0.003961,0.0159,-0.18662,0.418736,0.818892,-0.11355,0.280884,-0.400455,0.130334,0.585875,-0.29241,#
10,-0.385925,-0.054357,-0.056746,0.208843,0.097636,0.308322,0.105073,0.296595,0.150814,-0.577323,1.0,-0.208193,-0.054357,-0.596536,-0.155682,-0.245745,-0.003785,0.234148,0.371225,0.356129,-0.077298,0.077219,-0.054357,0.111972,-0.117243,0.142967,-0.20507,0.262775,-0.182178,-0.661784,0.032433,-0.370649,-0.577323,-0.406375,0.297251,-0.534065,0.289908,0.282972,-0.111758,0.131578,-0.399048,-0.366208,0.284998,-0.421855,-0.083231,-0.111378,-0.218316,0.056323,0.256492,-0.378192,-0.378192,0.446716,0.185719,0.34018,0.175624,0.59432,-0.621287,0.105073,0.183177,-0.370227,-0.638455,-0.395411,0.279808,0.447711,0.36468,0.447711,0.16716,-0.420036,0.580392,0.007188,0.38338,-0.290754,0.0,-0.003742,-0.003742,0.113249,0.150903,0.116511,0.806988,-0.227627,0.374005,0.413205,-0.071911,-0.019778,0.37325,0.150903,0.387669,-0.4178,-0.001277,0.434151,0.331086,0.139426,0.068338,0.222164,-0.368685,0.150903,0.541746,-0.089032,0.408285,0.087383,-0.077935,0.068338,0.233922,-0.271998,-0.124618,0.179468,-0.122244,-0.070321,0.37325,0.024718,-0.105777,-0.404737,-0.3583,-0.407789,0.222164,0.162168,0.434151,-0.157486,0.064947,0.03467,-0.271998,-0.407789,-0.181937,0.0,-0.020445,0.263826,0.206692,0.011863,0.347898,0.101999,0.087383,-0.080592,-0.034063,0.348522,0.801851,0.381843,-0.077298,-0.271998,-0.381055,0.418171,0.101999,0.214661,-0.407997,-0.540294,0.541746,0.025039,0.101999,0.261891,0.666492,0.129087,0.299608,0.413205,0.101999,0.194439,0.408285,-0.271998,-0.251846,0.068255,0.281022,0.068338,-0.267308,0.784084,-0.271998,0.281022,0.281022,-0.241359,0.801851,-0.196204,0.121614,0.347714,0.092363,-0.162337,0.592638,0.075786,-0.091617,0.064947,0.427319,-0.390379,-0.362698,0.138638,0.033128,0.108164,0.153379,-0.228452,0.107678,-0.127059,-0.193985,0.097117,0.055171,0.449802,0.015693,-0.246001,0.310315,-0.822616,0.122498,-0.271998,0.390257,0.408285,-0.15841,-0.100245,#
11,-0.025092,-0.102165,-0.395973,-0.161223,-0.331854,0.2565,0.096929,-0.399432,-0.265839,-0.203945,-0.208193,1.0,-0.102165,-0.168376,-0.203945,-0.269745,0.400996,-0.601282,-0.139521,-0.534009,0.326993,-0.392711,-0.102165,0.082147,-0.092039,0.158122,-0.191032,-0.065496,-0.198739,-0.292313,-0.476789,0.112376,-0.203945,0.051775,-0.083416,-0.109033,-0.103187,0.307856,-0.103442,0.142107,-0.398911,0.506155,0.258714,-0.489511,-0.109033,0.527147,0.165055,-0.374582,-0.105177,0.2565,0.2565,-0.540778,-0.400623,0.259235,-0.274242,0.126004,-0.146135,0.096929,0.258298,0.04074,-0.09532,0.090253,0.355718,0.002768,-0.248579,0.002768,0.183434,-0.539283,-0.243358,-0.411187,-0.232316,-0.596731,0.0,0.420798,-0.373761,-0.240093,-0.665574,0.077647,-0.373761,0.585357,-0.815082,0.420798,0.373458,-0.815082,0.373458,-0.665574,-0.424709,0.280954,-0.02528,0.447842,-0.533738,-0.252049,-0.407648,-0.601982,0.055598,-0.269399,-0.333387,-0.097727,-0.589447,0.106194,0.399513,-0.407648,-0.598231,-0.271904,-0.135287,0.195977,-0.08945,0.318295,0.373458,0.390981,-0.533738,-0.428149,0.105533,0.077647,-0.182645,-0.226668,0.447842,0.258939,-0.394384,0.405526,0.394528,0.106194,-0.182645,0.0,0.031674,-0.379009,0.183639,0.023024,0.193734,-0.407856,-0.407648,-0.114133,-0.401747,0.390381,-0.053907,-0.271904,0.326993,-0.271904,-0.454248,0.031414,-0.407856,-0.380787,0.091968,0.54889,-0.333387,0.292937,0.091968,-0.375457,-0.149098,0.043345,-0.101157,0.420798,-0.407856,0.585357,-0.076389,0.394528,-0.018399,0.107103,0.280954,-0.407648,-0.252049,-0.533727,0.394528,-0.403929,-0.403929,0.137772,-0.053907,0.148975,0.631778,-0.106061,0.547411,0.779792,-0.407648,-0.387439,-0.082456,-0.369385,0.021676,0.031881,-0.363459,0.161927,-0.009857,0.116306,0.196002,-0.236532,0.098198,0.316174,-0.5493,0.52707,0.593396,-0.004614,0.015995,0.996022,-0.403101,0.00085,0.630924,-0.271904,0.388876,-0.589447,-0.198344,0.314988,#
12,-0.049938,1.0,-0.014389,-0.423616,0.253236,-0.123266,0.229808,0.692416,-0.103775,0.587708,-0.054357,-0.102165,1.0,0.36351,0.587708,-0.079606,-0.54328,0.108306,0.614467,0.334784,-0.226181,0.204653,0.418117,0.231991,-0.219719,-0.615436,-0.396993,0.075064,-0.396891,0.396926,0.089358,0.147648,0.108306,0.232575,-0.426068,0.3142,0.094991,0.092982,-0.226181,0.280211,0.250088,0.503713,-0.227742,-0.152159,0.3142,-0.533432,0.559732,-0.056277,0.468244,-0.123266,-0.123266,0.434979,0.251161,-0.288389,-0.237791,-0.154886,-0.26723,-0.28133,-0.18135,-0.336465,0.304966,0.251112,-0.446955,-0.13025,0.51119,-0.13025,-0.083256,-0.367824,0.428001,-0.013803,0.599347,-0.116163,0.0,-0.48492,0.046454,-0.278542,-0.079854,0.232144,0.046454,-0.100593,0.026733,-0.48492,-0.191606,0.026733,-0.191606,-0.079854,0.002327,-0.172429,-0.022652,0.202627,-0.191906,-0.59191,-0.353383,0.109621,-0.35881,-0.098974,0.248054,0.313729,0.414058,-0.389203,-0.222221,-0.353383,0.104669,0.170464,-0.287244,-0.085931,-0.749398,-0.28438,-0.191606,-0.512826,0.334614,0.492574,-0.307673,0.232144,-0.416562,-0.650198,0.202627,0.105805,0.205827,-0.525306,0.138301,-0.389203,-0.416562,0.0,-0.320314,-0.130653,0.41839,0.960085,-0.17463,0.255696,0.255565,0.314363,-0.497467,-0.727956,-0.170464,-0.665774,0.293155,0.170464,-0.332271,0.016596,0.255696,0.073611,-0.371483,-0.331227,0.248054,0.459107,-0.371483,-0.128959,0.129859,-0.451331,-0.540951,-0.48492,0.255696,-0.100593,-0.229727,-0.665774,0.201828,-0.306328,-0.172429,-0.353383,-0.101702,-0.202027,0.138301,0.686961,0.686961,0.379307,-0.170464,-0.08279,-0.34736,-0.222667,-0.341837,-0.162206,-0.353383,0.201122,0.379899,-0.3383,0.022275,0.50368,0.20522,-0.640546,0.479011,0.221178,-0.599829,-0.10594,-0.04995,-0.517514,0.502897,-0.328017,-0.318091,0.518233,0.028945,-0.129092,0.701631,0.47839,0.257216,0.170464,-0.242263,0.414058,0.587148,-0.157829,#
13,0.493612,0.36351,0.004896,0.0948,-0.31351,-0.197448,-0.340382,-0.158345,-0.088922,0.617574,-0.596536,-0.168376,0.36351,1.0,0.617574,0.418314,-0.510448,0.133278,0.073481,0.350964,0.308907,0.236503,0.36351,0.244104,-0.209202,-0.094081,0.153085,-0.487852,0.110355,0.416789,0.516437,0.747405,0.617574,0.244658,-0.427617,0.330167,0.099228,-0.437578,-0.215731,-0.377398,0.262175,0.529949,-0.142514,0.70574,0.330167,-0.368551,0.485691,-0.037609,-0.038789,-0.197448,-0.197448,-0.236342,0.2633,-0.443633,0.174653,-0.305674,0.372005,-0.340382,-0.125271,0.212333,0.985982,0.26221,-0.448718,-0.267497,0.11372,-0.267497,-0.616181,0.52048,-0.533661,0.005484,-0.220525,0.616435,0.0,-0.510236,-0.471498,0.151948,-0.064763,0.244257,-0.471498,-0.126044,0.046486,-0.510236,-0.223341,0.046486,-0.223341,-0.064763,0.02183,-0.182723,-0.003399,-0.666073,-0.181109,-0.077867,-0.347248,0.134593,0.215729,-0.084078,-0.312014,0.329694,-0.218176,0.242865,-0.284291,-0.347248,0.129592,0.178702,0.378643,-0.631176,-0.20277,0.306927,-0.223341,-0.539671,0.350786,0.517093,-0.324596,0.244257,0.114148,-0.108309,-0.666073,-0.426622,0.237667,-0.55278,0.146211,0.242865,0.114148,0.0,-0.311392,-0.140098,-0.113619,0.326054,-0.218481,0.268054,0.267917,0.330329,0.020711,-0.765953,-0.744292,-0.666073,0.308907,0.178702,0.172392,-0.514294,0.268054,0.410275,0.243685,-0.322182,-0.312014,0.304784,0.243685,-0.138709,-0.396963,-0.446248,-0.318689,-0.510236,0.268054,-0.126044,-0.243189,0.146211,0.745949,-0.323442,-0.182723,-0.347248,0.417346,-0.191334,0.146211,-0.149332,-0.149332,0.397782,-0.744292,0.394737,-0.389896,-0.212185,-0.32434,-0.122024,-0.347248,0.23292,-0.221137,0.236448,-0.502098,0.01577,0.235969,-0.112401,0.502307,-0.323152,-0.597894,0.405535,0.240551,0.040843,0.704609,-0.345148,-0.334817,0.024284,0.009745,-0.122219,-0.111664,0.501658,-0.38774,0.178702,-0.215306,-0.218176,0.616996,-0.18641,#
14,0.011249,0.587708,-0.023096,-0.257922,-0.090076,0.408079,-0.114544,0.390698,0.258403,0.572801,-0.155682,-0.203945,0.587708,0.617574,1.0,0.278344,-0.445495,0.60503,0.319045,0.551645,0.089408,0.35349,0.108306,0.401745,-0.362043,-0.163344,-0.220721,-0.226665,-0.241188,0.286996,0.492275,0.364537,0.177831,0.401439,-0.595889,0.077841,0.140538,0.135771,0.089408,-0.10512,0.002962,0.388239,-0.193811,0.425744,0.534619,-0.731319,0.145726,0.369497,0.758902,-0.287487,-0.287487,0.034982,-0.007047,-0.243359,0.28751,-0.016263,0.110461,-0.53566,-0.269916,-0.094902,0.638828,-0.11137,-0.612922,0.223662,0.183999,0.223662,-0.171615,0.11706,0.212552,0.408482,0.489534,0.403452,0.0,-0.417208,-0.378394,0.252432,-0.13158,0.401814,0.020581,-0.183114,0.443024,-0.417208,-0.350416,0.04405,-0.350416,-0.13158,0.422909,-0.287148,-0.005913,-0.408076,0.117575,-0.143823,-0.08059,0.605806,-0.092243,0.262234,-0.075345,0.083267,0.130334,-0.110102,-0.429647,-0.08059,0.18837,0.280884,0.099776,-0.59947,-0.341732,0.039418,-0.350416,-0.455436,0.551364,0.410566,-0.525705,0.401814,0.172293,-0.192881,-0.408076,-0.265252,0.812299,-0.886241,0.254385,-0.611802,-0.237135,0.0,-0.377,-0.24385,-0.171425,0.682982,-0.350035,-0.095394,0.421111,0.53468,-0.392414,-0.801039,-0.341732,-0.408076,0.517279,0.280884,-0.145802,-0.422576,0.421326,0.393157,-0.095394,-0.375787,-0.075345,0.093912,-0.095394,-0.241452,0.172293,-0.162402,-0.294847,-0.417208,0.421326,-0.183114,-0.400068,-0.408076,0.798733,-0.091255,-0.287148,-0.08059,0.26005,0.10923,0.254385,0.420887,0.420887,0.65478,-0.341732,-0.093158,-0.612114,0.092226,-0.102028,-0.223532,-0.08059,0.365483,0.120491,-0.075345,-0.407936,0.010907,0.371374,-0.183903,0.819526,-0.088506,-0.994735,0.246096,0.156947,0.072107,0.552511,-0.106679,-0.522969,0.023141,0.0159,-0.18662,0.464713,0.407123,-0.11355,0.280884,0.125063,0.130334,0.585875,-0.29241,#
15,0.060521,-0.079606,-0.3997,-0.152596,-0.342301,0.280762,-0.337209,-0.369479,0.191149,0.278344,-0.245745,-0.269745,-0.079606,0.418314,0.278344,1.0,0.035521,0.278344,0.067142,0.364912,-0.107699,-0.332338,0.398333,0.117064,-0.534268,0.182881,0.296573,-0.167005,0.254339,0.248001,0.797269,0.151526,0.672109,0.147613,0.326511,-0.078884,0.648419,-0.209455,-0.072892,0.09725,0.200615,0.203479,-0.298924,0.301135,0.3765,-0.300858,0.233406,-0.103115,0.027753,0.280762,0.280762,-0.004982,-0.400913,-0.21278,0.741483,0.037618,0.427675,-0.371467,-0.333981,0.097603,0.508478,-0.377427,-0.543976,0.395015,0.329725,0.395015,-0.237231,0.334839,-0.368562,0.411949,-0.363908,0.224518,0.0,0.010439,0.026637,0.704652,0.198616,0.121648,0.026637,0.170075,0.447792,0.010439,0.347617,0.447792,0.347617,0.198616,0.036318,-0.348564,-0.384813,-0.272101,0.381686,0.5964,0.121648,0.297823,0.128232,0.198616,-0.317705,-0.534397,-0.042935,0.101279,-0.625525,0.121648,-0.126067,0.414757,-0.052012,-0.66616,0.364074,-0.057476,0.347617,0.039301,0.381686,0.014311,0.117068,0.121648,0.2812,0.144268,-0.272101,-0.562454,0.146069,-0.388771,-0.272101,0.101279,0.2812,0.0,-0.070627,0.33963,-0.23372,-0.078628,-0.342146,-0.408152,0.121648,0.381686,0.019934,-0.093831,-0.07622,-0.272101,-0.072892,0.414757,0.092703,-0.815863,0.622135,0.510795,0.602322,-0.086449,-0.317705,-0.119467,0.602322,0.353134,-0.134367,-0.405784,0.52078,0.010439,0.622135,0.170075,-0.063273,0.388339,0.492432,0.123672,-0.348564,0.121648,0.5964,-0.067412,-0.272101,-0.321414,-0.321414,0.240111,-0.07622,0.184344,0.087178,-0.067412,0.143378,0.08962,0.121648,-0.310103,-0.011729,0.128232,-0.38967,0.049957,0.166049,-0.244362,0.039905,-0.300625,-0.186842,0.6006,0.584845,-0.27231,0.416184,0.117068,-0.799664,-0.338366,0.816303,-0.194687,-0.306571,0.051261,-0.338952,0.414757,-0.005038,-0.042935,-0.126067,0.374716,#
16,-0.202378,-0.54328,-0.586336,-0.355407,-0.207171,0.321484,-0.266446,-0.394865,-0.408227,-0.445495,-0.003785,0.400996,-0.54328,-0.510448,-0.445495,0.035521,1.0,-0.399102,-0.283239,-0.210552,0.202503,-0.707539,-0.44943,-0.497878,-0.221966,0.037206,-0.379592,-0.323635,-0.020794,-0.038614,-0.207833,-0.144362,-0.012495,0.458041,0.104842,0.175535,0.011083,0.343928,-0.216308,0.49363,-0.487076,-0.172339,-0.314131,-0.338337,-0.204769,0.231828,-0.201411,-0.184328,-0.108994,0.321484,0.321484,-0.438129,-0.489166,0.029019,-0.106392,-0.247576,0.011849,0.641053,0.363324,-0.235835,-0.414,-0.059805,0.497807,0.131971,-0.361178,0.131971,-0.0035,-0.128503,-0.121846,-0.163335,-0.334377,-0.415933,0.0,0.238204,0.206396,-0.05391,0.012698,-0.063329,0.206396,0.390134,-0.191199,0.238204,0.247908,-0.191199,0.247908,-0.411779,-0.600199,0.363403,-0.242173,0.316436,-0.227096,0.451847,-0.006666,-0.393506,-0.218526,0.012698,-0.651491,-0.261492,-0.045483,0.062218,-0.018186,-0.006666,-0.385609,-0.331999,0.02883,0.008099,0.257068,-0.127098,0.247908,0.571995,-0.20212,-0.241341,0.279483,0.456636,-0.360865,0.083532,0.316436,-0.044127,-0.253552,0.29492,-0.331999,0.062218,-0.360865,0.0,0.104622,-0.233095,-0.404523,-0.513962,0.283253,-0.497998,-0.497744,-0.20212,0.268463,0.689358,0.205194,0.342374,-0.266565,-0.331999,0.237373,-0.188819,-0.497998,-0.02047,0.046687,0.561106,0.184278,-0.094546,0.046687,-0.226419,-0.409826,0.458175,0.147546,0.238204,-0.497998,0.040426,-0.439299,0.394248,-0.25937,0.283089,-0.32964,-0.006666,0.056526,-0.218926,0.264561,-0.382951,-0.382951,-0.030549,0.205194,-0.393103,0.533013,-0.218926,0.221275,0.673526,-0.006666,-0.702342,-0.026069,-0.598952,-0.19804,-0.167994,-0.228288,0.417628,-0.638311,-0.262843,0.464009,0.084937,0.166739,0.10376,-0.356311,0.205173,0.186123,-0.255692,0.233434,0.397825,-0.390138,-0.203385,0.453629,-0.331999,0.481005,-0.045483,-0.432299,0.190601,#
17,-0.340272,0.108306,0.376169,0.148994,0.328804,0.408079,-0.114544,0.390698,0.655994,0.177831,0.234148,-0.601282,0.108306,0.133278,0.60503,0.278344,-0.399102,1.0,0.319045,0.551645,-0.338463,0.35349,0.108306,0.401745,0.060273,0.221901,0.149203,0.198864,-0.241188,-0.080047,0.492275,-0.082687,-0.217138,-0.053842,-0.192717,-0.344475,0.140538,0.102231,0.517279,-0.10512,0.002962,-0.302011,-0.193811,0.399605,0.534619,-0.41116,-0.323349,0.797486,0.620502,-0.287487,-0.287487,0.481161,-0.007047,0.10791,0.616215,0.34038,0.110461,-0.53566,-0.294834,-0.094902,0.136019,-0.633419,-0.646496,0.567606,-0.002319,0.567606,0.225642,0.308513,0.411677,0.807764,0.436324,0.535058,0.0,-0.033579,0.005235,0.596656,0.262234,-0.08059,0.40421,-0.571453,0.826654,-0.033579,-0.350416,0.427679,-0.350416,0.262234,0.810941,-0.287148,-0.005913,-0.408076,0.53468,0.244517,0.401814,0.999487,-0.092243,0.656049,0.347106,-0.350416,0.130334,-0.110102,-0.429647,0.401814,0.585875,0.280884,0.099776,-0.199886,0.075373,0.039418,-0.350416,-0.385868,0.551364,0.025506,-0.106679,-0.08059,0.565974,0.217402,-0.408076,-0.265252,0.812299,-0.487076,0.254385,-0.611802,0.156546,0.0,0.120143,0.395092,-0.171425,0.147859,-0.222396,-0.095394,0.421111,0.53468,-0.004382,-0.383933,0.075373,0.254385,0.089408,0.280884,-0.052816,-0.029933,0.421326,0.393157,-0.095394,-0.416652,-0.075345,-0.300015,-0.095394,0.392044,0.565974,-0.066797,0.107561,-0.033579,0.421326,-0.183114,0.0816,-0.408076,0.4084,0.324622,-0.287148,0.401814,0.26005,0.534349,-0.408076,0.420887,0.420887,0.269797,0.075373,-0.093158,-0.612114,0.517344,-0.102028,-0.715653,0.401814,0.365483,0.120491,0.347106,-0.019904,0.010907,0.371374,-0.183903,0.42863,-0.088505,-0.597222,0.246096,0.156947,0.072106,0.133265,-0.106679,-0.522969,-0.367755,0.0159,-0.578021,0.464712,0.011192,-0.60868,0.280884,0.125063,0.130334,0.18837,-0.29241,#
18,-0.409126,0.614467,-0.169756,-0.076327,0.363782,0.154261,-0.255581,0.381364,-0.156846,0.02226,0.371225,-0.139521,0.614467,0.073481,0.319045,0.067142,-0.283239,0.319045,1.0,0.673685,-0.252878,-0.266962,0.701061,0.306818,-0.25814,-0.222675,-0.417617,0.002562,-0.77664,-0.201201,0.336728,0.162759,-0.263111,-0.003575,-0.26581,-0.099471,0.475219,0.114503,-0.345621,0.574237,-0.244937,0.293474,-0.412795,-0.328606,0.519941,-0.219753,0.595924,0.148172,0.329271,-0.328966,-0.328966,0.686655,0.271769,0.060911,0.241451,0.26541,-0.550057,-0.085193,0.172838,-0.74011,0.024219,-0.394649,-0.362649,0.431335,0.446479,0.431335,-0.081921,-0.365579,0.357623,0.103279,0.269116,-0.174011,0.0,-0.282884,0.018751,0.207263,0.079503,-0.128141,0.58941,-0.370531,0.222558,0.010598,-0.10967,-0.054621,0.203672,-0.297089,0.07174,-0.243213,-0.345434,0.38291,-0.254387,-0.073446,-0.497187,0.313721,-0.743316,0.221771,0.275602,-0.109669,0.174006,0.020503,-0.447459,-0.497187,0.396171,-0.215386,-0.109288,-0.000849,-0.653251,0.098995,0.203672,-0.598974,0.352774,0.010573,-0.113087,-0.035879,-0.138037,-0.381878,0.38291,-0.41053,0.046682,-0.229873,0.143591,-0.328041,-0.422476,0.0,0.101023,0.465721,0.435174,0.547236,0.34767,0.215387,0.112765,0.521183,-0.06844,-0.254387,0.144478,-0.454705,-0.024113,-0.215386,-0.480364,0.226118,0.035898,0.552447,-0.412825,-0.548426,0.298045,0.656045,-0.053847,0.467518,0.313721,-0.678101,-0.324096,0.010598,0.035898,0.27728,0.056297,-0.335046,0.183315,0.189946,-0.366184,-0.497187,0.120484,0.1328,-0.454706,0.371649,0.371649,0.243851,0.144478,0.030892,0.035898,-0.020778,-0.389463,-0.201485,-0.128141,-0.275221,0.037364,-0.209169,0.162443,0.395873,-0.215188,-0.531557,0.128975,-0.234358,-0.295824,0.167017,0.553153,-0.543278,0.168622,-0.420291,-0.245028,0.326674,0.287201,-0.144223,0.45995,-0.094402,-0.029811,-0.215386,0.285226,0.174006,0.396171,-0.128538,#
19,-0.196344,0.334784,-0.264725,0.060146,-0.042314,0.24573,-0.51788,0.236328,-0.080327,0.100614,0.356129,-0.534009,0.334784,0.350964,0.551645,0.364912,-0.210552,0.551645,0.673685,1.0,0.060135,-0.031638,0.334784,0.22886,-0.428468,-0.075788,-0.330023,-0.412726,-0.347447,-0.057825,0.702544,0.425584,0.100614,0.26082,-0.324639,0.05379,0.466229,0.033145,-0.428466,0.207878,-0.320148,0.03498,-0.449632,0.284134,0.536049,-0.632772,0.303308,0.215388,0.395107,-0.488636,-0.488636,0.352737,0.305838,-0.285417,0.44514,0.037202,-0.186917,-0.036991,0.21615,-0.512785,0.321031,-0.307839,-0.34284,0.356075,0.350058,0.356075,-0.534337,0.210219,0.159296,0.259544,0.175277,0.372825,0.0,-0.654147,-0.208138,0.377964,0.381542,0.233686,0.659103,-0.534258,0.659103,-0.208138,-0.428571,0.237872,0.047619,-0.076308,0.223058,-0.502508,-0.197812,-0.218218,0.056575,0.368713,-0.32716,0.546692,-0.507515,0.381542,-0.043657,0.047619,0.342216,0.202528,-0.754389,-0.32716,0.559703,-0.218218,0.354114,-0.534242,-0.428354,0.066543,0.047619,-0.649284,0.514563,0.22493,-0.511519,0.233686,0.088996,-0.08215,-0.218218,-0.801043,0.447486,-0.6497,-0.218218,-0.32716,-0.343272,0.0,-0.261563,0.231105,-0.076308,0.298307,0.277494,0.218218,0.202528,0.541504,0.223058,-0.428354,0.056575,-0.218218,0.060135,-0.218218,-0.04084,-0.223172,0.218218,0.918494,-0.327327,-0.809896,0.447486,0.408749,0.218218,0.233519,0.088996,-0.325428,-0.163745,-0.208138,0.218218,-0.082772,-0.217774,-0.218218,0.517371,-0.052187,-0.502508,-0.32716,0.34363,0.532686,-0.218218,0.245024,0.245024,0.383264,0.056575,-0.033139,-0.327327,0.065899,-0.475937,-0.294194,0.233686,-0.035772,-0.145503,-0.043657,-0.203008,-0.177943,0.012578,-0.095493,0.268971,-0.486539,-0.51795,0.387698,0.604204,-0.317342,0.595372,-0.511519,-0.542512,0.268971,0.218218,-0.518582,0.34464,-0.18259,-0.308074,-0.218218,0.381448,0.342216,0.559703,-0.4262,#
20,0.660013,-0.226181,-0.254457,0.047472,-0.507936,0.189937,-0.542325,-0.513177,-0.534219,-0.373377,-0.077298,0.326993,-0.226181,0.308907,0.089408,-0.107699,0.202503,-0.338463,-0.252878,0.060135,1.0,-0.043626,-0.226181,-0.327167,-0.428362,-0.081798,-0.335953,-0.782429,0.060083,-0.133185,0.171827,0.441987,0.054494,0.167261,-0.312427,0.029133,0.124105,-0.322938,-0.42836,-0.327173,-0.320069,0.412296,0.276895,0.227433,-0.428362,-0.102172,0.192193,-0.16382,-0.163293,-0.563569,-0.563569,-0.710713,0.322267,0.127401,-0.031336,-0.052698,-0.242604,0.407291,0.186583,-0.075924,0.319069,0.237106,0.614515,-0.123063,-0.028885,-0.123063,-0.534205,0.088886,-0.518695,-0.652205,-0.371218,0.05908,0.0,-0.213953,-0.653985,0.004971,-0.534027,0.19551,-0.221776,0.331997,-0.221776,-0.213953,0.041343,-0.653985,0.041343,-0.534027,-0.216804,0.202898,-0.228788,-0.218164,-0.428248,-0.088691,-0.327079,-0.357235,-0.056209,-0.534027,-0.522465,0.529944,-0.241866,0.769743,0.308614,-0.327079,-0.353004,-0.218164,0.322284,-0.53411,0.050182,0.593256,0.041343,0.154745,0.041677,0.213974,-0.517802,0.19551,0.094326,0.400328,-0.218164,-0.370229,-0.064824,-0.191687,-0.218164,0.22625,-0.349208,0.0,-0.118482,-0.50292,-0.534027,-0.124502,0.111501,0.232517,0.216413,-0.428248,0.228277,0.050182,-0.428248,-0.218164,0.035153,-0.218164,0.265127,-0.211774,-0.327246,0.267324,0.210987,-0.107306,-0.064824,0.17394,0.210987,-0.503131,-0.357235,0.157978,-0.169859,-0.213953,-0.327246,-0.088691,-0.211172,0.499481,0.490262,-0.046597,0.202898,-0.327079,0.348825,0.050713,0.499481,-0.534616,-0.534616,-0.129898,-0.428248,-0.121407,0.210987,-0.428239,-0.061645,0.471985,-0.327079,-0.05712,-0.791571,-0.037904,-0.653974,-0.658314,-0.559908,0.807276,0.217713,-0.556696,-0.087962,0.365221,0.078789,0.623419,0.200803,-0.063871,0.387907,0.217713,-0.223906,0.328801,-0.518747,-0.246596,0.191664,-0.218164,0.312017,-0.241866,0.077612,0.011914,#
