0,1.0,0.385943,-0.450856,-0.203739,0.615568,0.220888,0.185085,0.236513,-0.589008,0.26105,-0.213271,0.280471,0.673535,0.161449,0.0,0.522248,-0.196673,0.187616,-0.808162,0.196789,-0.355489,0.393827,0.194451,-0.333028,-0.208108,0.021774,-0.408168,-0.679376,0.461401,-0.202488,0.007562,-0.713744,-0.202268,-0.49943,-0.561597,0.221321,-0.293467,0.124142,0.348165,-0.333028,-0.202029,-0.070341,-0.664593,-0.196761,-0.238534,0.220708,0.19129,0.533735,-0.30351,0.618418,0.415066,-0.19647,-0.202029,-0.199319,0.019176,-0.306399,-0.007883,0.230696,-0.172104,0.618418,0.657494,0.328005,-0.130833,-0.408599,0.04899,0.5634,-0.333028,0.271687,0.23526,-0.182989,0.166754,-0.259212,-0.490682,0.052434,-0.575817,0.479468,0.206534,-0.614232,-0.570279,0.25984,-0.521122,-0.178279,0.206534,0.316274,0.415156,-0.241141,0.422533,0.012645,-0.167304,-0.167304,0.191581,0.012645,-0.181577,0.248524,0.052434,0.445433,0.366728,-0.169784,0.037596,0.220526,0.365574,-0.387659,-0.435057,0.406914,-0.38096,-0.157392,-0.202441,-0.044552,-0.364272,-0.414054,0.106212,0.322936,0.521756,-0.202441,-0.010514,0.426279,0.230093,-0.14707,0.539327,-0.373528,0.206534,0.000179,0.539327,-0.157392,-0.130833,0.521756,0.297706,-0.080954,0.718703,0.407094,-0.815294,0.030615,-0.323787,-0.379737,-0.501653,-0.026491,0.011353,-0.654053,0.485002,-0.364272,0.254536,-0.387659,-0.190855,0.275576,0.366728,0.583524,0.246283,0.100903,-0.010514,-0.407831,0.346304,-0.399628,0.00309,0.021417,0.004565,0.02155,0.263806,0.357169,-0.276502,-0.499542,-0.100852,-0.499287,0.007335,-0.205705,0.348173,0.451391,0.011353,-0.283786,-0.224624,-0.333028,-0.155044,-0.16041,-0.157392,0.346304,0.060406,-0.323787,0.011353,-0.272156,0.403929,0.186541,0.250368,-0.561117,-0.29434,-0.182025,0.245976,-0.559434,0.462068,-0.251762,-0.417825,-0.132076,0.346304,0.039497,0.020161,0.054405,0.022628,-0.41886,-0.138115,-0.482927,0.633181,0.390312,#
1,0.385943,1.0,0.245745,-0.346885,-0.01077,0.547002,0.32424,0.014311,0.040842,-0.533869,-0.072892,-0.326961,0.546604,-0.081018,0.0,-0.408152,0.435633,0.410507,-0.28794,-0.007925,-0.561579,0.150333,0.417006,-0.272101,-0.534397,-0.408046,-0.176141,-0.487817,-0.141885,-0.534277,-0.087098,0.062032,0.3765,0.116685,-0.36211,0.364912,0.484984,0.072332,-0.272101,-0.272101,-0.078646,0.47486,0.102486,0.579827,0.436417,-0.026644,-0.014865,0.23816,0.506278,0.439664,0.254339,-0.419232,-0.078646,-0.46454,-0.108115,-0.512516,-0.161988,-0.361865,-0.302041,0.439664,0.512675,0.405152,0.133512,-0.163315,-0.639939,0.57207,-0.272101,0.138126,0.547333,0.28302,0.24555,0.219028,-0.400913,-0.627591,-0.38967,0.398656,-0.017316,-0.328123,-0.384295,-0.40821,0.437509,-0.347046,-0.017316,0.061875,-0.190406,-0.102037,0.245543,0.261832,-0.408761,-0.408761,-0.017316,0.261832,-0.533518,0.094538,-0.627591,-0.174555,0.275048,-0.34347,-0.098876,-0.007914,0.293027,-0.14192,0.270249,0.233665,-0.150311,-0.403631,0.001697,-0.2613,-0.578318,-0.245897,0.266452,0.414757,-0.128899,0.001697,0.407797,0.162439,-0.09334,-0.799171,-0.117767,-0.665551,-0.017316,-0.267795,-0.117767,-0.403631,0.133512,-0.128899,0.388339,0.306233,0.192897,0.597411,-0.666139,-0.25186,0.292972,-0.227172,-0.087777,0.087178,0.106991,-0.534397,0.339066,-0.578318,-0.534125,-0.14192,-0.534114,0.335406,0.275048,-0.003868,-0.09334,0.414838,0.407797,-0.239486,0.258447,-0.239346,0.174716,-0.174465,-0.110056,-0.60255,0.037582,0.279019,-0.398477,-0.408152,0.148556,0.121648,0.122531,0.099645,0.071327,0.673506,0.106991,-0.147367,-0.084743,-0.272101,-0.080076,-0.388282,-0.403631,0.258447,0.629344,0.292972,0.106991,0.377248,0.658461,-0.51035,-0.335155,0.024991,-0.259302,0.357855,0.023139,-0.434488,0.274464,-0.372572,-0.574338,-0.059595,0.258447,0.605158,0.265314,0.178727,0.120443,0.160245,0.120993,-0.087777,-0.034175,0.18312,#
2,-0.450856,0.245745,1.0,0.32055,-0.825254,-0.093947,0.055666,-0.401575,0.814951,-0.379184,0.077298,-0.573424,-0.111264,0.054521,0.0,-0.611995,0.000603,0.394848,0.217814,0.0,-0.282782,0.221566,0.397965,0.271998,0.089032,-0.112378,0.567551,0.478449,-0.290345,0.083449,0.101151,0.422508,0.100571,0.427887,0.488943,0.089032,0.757701,-0.073223,-0.407997,0.271998,0.082995,0.22611,0.356036,0.684041,0.480439,-0.123989,0.002527,-0.24644,0.583975,-0.430536,-0.274209,0.326192,0.082995,0.34659,-0.415826,-0.36279,0.159348,-0.118968,0.300275,-0.430536,-0.561189,-0.4235,0.298836,0.171919,-0.381761,-0.42946,0.271998,-0.148551,-0.13163,0.314672,0.413033,0.376272,-0.014662,-0.421598,0.409837,-0.415027,-0.014225,-0.059787,0.025861,-0.819189,0.641762,-0.105979,-0.014225,-0.095161,0.118715,0.534193,-0.265479,0.159333,-0.014225,-0.014225,0.373309,0.159333,-0.355544,-0.106152,-0.421598,-0.28931,-0.273054,-0.089473,-0.386112,-0.407433,-0.292142,0.175232,0.607536,0.134453,0.175026,-0.407433,0.014563,-0.319854,-0.249487,0.65024,0.498907,0.245844,0.04564,0.014563,0.59741,-0.194316,0.055089,-0.544065,-0.44101,-0.166325,-0.014225,0.23162,-0.44101,-0.407433,0.298836,0.04564,0.271998,0.298737,-0.459834,-0.170294,0.268342,-0.17854,0.420473,-0.137518,0.618693,0.407997,-0.101999,0.534193,-0.204455,-0.249487,-0.372738,0.175232,0.071873,-0.137038,-0.273054,-0.321593,-0.364497,0.151987,0.59741,0.252096,0.368913,-0.082152,0.23383,-0.249487,0.575318,0.134408,-0.195497,-0.278298,-0.247408,0.407997,0.524452,0.427954,-0.106693,-0.059787,-0.054929,-0.256638,-0.101999,0.079203,0.517072,0.271998,-0.350769,0.377924,-0.407433,0.368913,-0.111461,0.420473,-0.101999,0.501583,0.212608,-0.533314,-0.303823,-0.000626,-0.436605,0.508365,-0.393017,0.120842,-0.263122,-0.273054,0.198444,0.052018,0.368913,0.37452,0.178355,0.215865,-0.101647,0.663439,-0.108578,0.133376,-0.048495,-0.141004,#
3,-0.203739,-0.346885,0.32055,1.0,-0.214277,-0.432708,-0.580939,-0.646367,0.18536,-0.07582,0.446316,0.028997,-0.448096,-0.189984,0.0,-0.19682,-0.21763,0.205051,0.097442,0.201007,0.322344,0.0926,-0.252592,0.217758,0.445945,0.347912,-0.173786,0.597364,-0.103533,-0.090448,0.762254,0.027481,-0.53492,-0.227979,0.624303,-0.50443,-0.028832,-0.399894,-0.508102,0.217758,-0.090963,-0.375074,-0.026936,-0.086566,0.16367,0.671847,-0.207231,-0.162434,0.19751,-0.540385,0.381561,0.569713,-0.090963,0.474243,-0.385756,-0.300166,0.231155,0.549055,0.272247,-0.540385,-0.43126,-0.537914,-0.0319,-0.150803,0.072903,-0.302236,0.217758,0.181319,-0.315498,-0.185218,-0.162434,-0.147072,0.320844,0.173822,0.187189,-0.369916,0.207128,0.010637,0.181576,-0.215014,0.164441,0.52292,0.240222,0.171081,0.372678,0.427669,0.390233,-0.096372,0.207128,0.207128,0.180848,-0.062869,0.446285,-0.445497,0.173822,-0.096372,-0.270537,-0.4633,-0.384098,0.235169,-0.198448,0.334347,0.311905,0.360697,-0.113124,0.201714,0.212453,-0.154213,0.339019,0.5163,-0.211799,0.245676,0.202873,0.178572,0.202873,0.129961,0.464328,0.010637,0.194543,0.550705,0.207128,0.550947,0.235988,0.235169,-0.0319,0.202873,0.217758,-0.118302,0.06102,0.099561,0.498417,0.079442,0.474148,0.087245,0.733317,0.326637,-0.217758,0.391116,0.348427,0.339019,-0.037844,0.368139,0.446412,-0.177788,-0.270537,0.216597,-0.019391,-0.556629,0.202873,0.550441,-0.257076,-0.371994,0.071803,0.373162,0.17945,0.322423,-0.55142,-0.255262,-0.297913,0.326637,-0.207487,-0.233193,0.34801,-0.506305,-0.494163,-0.526477,-0.217758,0.425746,0.445945,0.161923,-0.540197,0.599358,0.201714,-0.257076,-0.779381,0.474148,-0.217758,0.297528,-0.548092,0.117884,-0.431983,-0.283264,0.187261,-0.029782,-0.199342,-0.165461,-0.542747,-0.270537,0.777418,-0.578826,-0.257076,-0.194106,0.376438,-0.376481,0.310207,0.112524,-0.469876,0.173822,0.145668,0.055616,#
4,0.615568,-0.01077,-0.825254,-0.214277,1.0,0.207003,-0.172692,0.228059,-0.998357,0.25484,-0.233911,0.250711,0.240796,0.168673,0.0,0.515436,-0.202931,-0.209083,-0.371777,0.203051,0.036298,0.005176,-0.199409,-0.333211,-0.211321,0.018165,-0.400061,-0.368884,0.043462,-0.205737,-0.026558,-0.287215,-0.205517,-0.499706,-0.698965,-0.211321,-0.733664,0.124587,0.343624,-0.333211,-0.20528,-0.237045,-0.230629,-0.64446,-0.373748,0.205407,0.196933,0.325188,-0.432061,0.315519,0.402154,-0.242498,-0.20528,-0.219344,0.502195,0.281704,-0.134206,0.216737,-0.166325,0.315519,0.656906,0.322229,-0.599472,-0.004303,0.011427,0.544722,-0.333211,0.24789,0.217024,-0.228869,-0.488302,-0.304952,-0.093363,0.510796,-0.57907,0.47878,0.212562,-0.224153,-0.211006,0.613803,-0.542975,-0.213376,0.212562,0.322695,0.027382,-0.228363,0.402081,-0.387017,-0.173171,-0.173171,-0.188601,-0.387017,0.215378,-0.179287,0.510796,0.043002,0.328845,-0.179287,0.492352,0.59363,0.339587,-0.417417,-0.450023,0.015406,-0.387017,0.203688,0.178219,0.08966,0.00412,-0.816198,-0.375581,-0.333211,0.04136,0.178219,-0.487505,0.024754,-0.194177,0.240022,0.510796,-0.002247,0.212562,0.009052,0.510796,0.203688,-0.599472,0.04136,0.317592,-0.22265,0.562118,0.389419,-0.435266,0.024754,-0.357391,-0.01402,-0.523526,-0.011715,0.00781,-0.654414,0.338581,0.00412,0.248366,-0.417417,-0.194177,0.060856,0.328845,0.392503,0.240166,-0.264215,-0.487505,-0.435266,-0.289989,-0.453374,-0.401722,0.402081,-0.469017,0.027382,0.264178,0.326401,0.328845,-0.499817,-0.331586,-0.499562,-0.02649,0.197373,0.018221,0.404039,0.00781,0.160702,-0.654414,-0.333211,0.219428,-0.59757,0.203688,-0.289989,0.024931,-0.357391,0.00781,-0.316552,-0.050806,0.143396,0.206913,-0.201372,0.326821,-0.636797,0.188765,0.01096,0.031876,-0.309325,-0.448859,-0.164071,-0.289989,-0.474665,-0.024842,-0.372401,0.491605,-0.812747,-0.202935,-0.021141,0.156035,0.397333,#
5,0.220888,0.547002,-0.093947,-0.432708,0.207003,1.0,0.447811,-0.185794,-0.177503,-0.502277,0.415398,0.067094,0.090777,-0.244454,0.0,-0.208944,0.65695,-0.20626,-0.357113,-0.656682,-0.545201,0.098635,0.254725,-0.508858,-0.534117,-0.763088,-0.07663,-0.360734,-0.484639,-0.509345,-0.344259,0.010057,-0.019065,-0.198441,-0.279581,0.452232,0.016611,-0.028072,0.230265,0.201837,-0.056269,0.106889,0.032999,0.163882,0.626167,0.12787,-0.574722,0.363294,0.041581,0.416552,0.333194,-0.177057,-0.056269,-0.426535,0.184712,-0.326237,0.054405,0.029842,-0.421982,0.416552,0.5268,0.267785,-0.39853,-0.06973,-0.232224,0.359672,-0.508858,-0.367107,0.637258,0.58614,-0.318307,0.466244,0.297387,-0.362808,-0.650677,0.215893,-0.666437,-0.44732,-0.664549,-0.227059,0.209745,-0.460232,-0.245206,-0.554027,-0.101946,-0.068858,-0.119434,-0.511334,-0.666437,-0.666437,-0.202587,-0.084888,-0.560563,-0.387947,-0.362808,-0.511334,-0.212349,-0.406076,0.194326,0.170832,0.512957,-0.540134,-0.092847,-0.54191,-0.528392,-0.680824,0.19117,0.295288,-0.571401,-0.358613,0.168297,0.230265,-0.330972,-0.240079,-0.330972,-0.354138,-0.524535,-0.44732,0.18581,-0.401044,-0.245206,-0.388432,0.18581,-0.254996,-0.39853,-0.330972,0.201837,0.272465,0.537374,0.52944,-0.388796,-0.371285,-0.25545,0.058319,-0.362808,0.302756,-0.208944,-0.534117,0.379813,-0.571401,-0.50612,-0.110011,-0.542778,0.329991,0.48455,0.208071,-0.524535,0.44096,-0.330972,0.070322,-0.200006,0.021768,-0.341205,-0.136817,-0.318551,-0.54545,-0.340136,0.042704,-0.240225,-0.230265,0.321694,-0.193008,0.324537,0.519888,-0.125089,0.80349,-0.208944,0.394618,-0.050248,-0.508858,0.429666,-0.659604,-0.254996,-0.200006,0.350527,-0.25545,-0.208944,0.55859,0.299036,-0.163137,0.047798,0.237265,0.219226,0.429532,0.236499,-0.104496,-0.02181,-0.212349,-0.625441,0.4281,-0.200006,0.337057,0.355858,0.128002,0.320833,0.043309,0.55379,-0.362808,-0.153233,-0.33095,#
6,0.185085,0.32424,0.055666,-0.580939,-0.172692,0.447811,1.0,0.295301,0.212931,0.099792,-0.02109,-0.066048,0.447486,-0.130542,0.0,0.261102,0.197961,-0.277052,-0.101342,-0.648254,-0.792889,0.326582,0.678208,-0.216085,-0.424382,-0.324043,0.200457,-0.630548,0.06796,0.092813,-0.828252,-0.445907,0.09306,0.272084,-0.252444,0.990225,-0.030994,-0.016502,0.564221,-0.216085,-0.424271,0.336614,-0.458779,0.022228,0.301392,-0.224668,-0.115311,0.144396,-0.188136,0.586346,-0.41897,0.173655,-0.424271,0.13815,-0.098055,-0.013375,0.506366,-0.066097,0.271045,0.586346,0.450767,-0.168222,-0.005276,0.193195,-0.000893,0.307203,-0.216085,0.021098,0.463337,0.181474,0.144396,0.130828,-0.318379,-0.679299,-0.163796,0.351117,-0.647904,-0.452806,-0.157996,-0.157996,-0.226189,-0.596296,-0.647904,-0.620707,0.062711,-0.424382,-0.425765,0.062711,-0.647904,-0.647904,0.197552,0.062711,-0.423684,0.447615,-0.679299,0.062711,0.276981,0.064846,-0.074885,-0.647359,0.253187,0.070945,0.079453,-0.429694,-0.297455,-0.647359,-0.647887,0.479165,-0.792804,-0.16173,0.173726,0.384151,-0.241801,-0.647887,-0.241801,-0.166969,-0.038972,-0.452806,-0.233771,-0.528536,-0.647904,-0.52902,-0.233771,-0.647359,-0.005276,-0.241801,-0.216085,0.587143,0.018743,-0.156157,-0.529003,-0.52902,-0.524715,-0.030625,-0.233771,-0.324127,-0.324127,-0.424382,-0.304589,-0.792804,0.096038,0.070945,-0.424158,0.215317,0.276981,-0.166944,-0.424158,0.981018,-0.241801,-0.156157,0.263592,0.365006,-0.16173,-0.792804,0.355824,-0.297455,0.069688,0.271338,-0.311603,-0.324127,0.479875,0.277682,0.139611,0.082328,0.564237,0.566888,-0.324127,-0.422474,-0.031436,-0.216085,0.645517,-0.188338,-0.647359,0.263592,0.301795,-0.524715,-0.324127,0.180888,0.557435,-0.157495,0.530726,-0.145188,-0.132838,0.506864,0.681926,-0.104973,0.56667,0.276981,-0.424644,0.687878,0.263592,0.732403,0.097327,0.823568,-0.269173,0.300971,0.479902,-0.679299,-0.165653,-0.528086,#
7,0.236513,0.014311,-0.401575,-0.646367,0.228059,-0.185794,0.295301,1.0,-0.208365,0.247828,-0.654335,-0.178131,0.260821,0.159749,0.0,0.50763,-0.178146,-0.215236,-0.094436,0.193752,0.026542,-0.00119,-0.174539,0.312586,0.208018,0.488523,0.048341,-0.549739,0.420955,0.202899,-0.507161,-0.212708,0.648015,0.488512,-0.585315,0.22493,-0.160428,0.710079,0.33842,-0.333253,-0.208786,0.080615,-0.206931,-0.043836,-0.517752,-0.517752,0.546649,-0.273775,-0.387894,0.612204,-0.385507,-0.467471,-0.208786,-0.192159,0.063083,0.376339,-0.001008,-0.21216,-0.004964,0.612204,0.27608,0.31776,0.262256,0.018275,-0.074572,0.084425,0.312586,0.089464,-0.279182,-0.3283,0.345626,-0.403999,-0.491014,0.040268,0.212469,0.062639,0.203194,0.250986,0.226307,0.623873,-0.476967,-0.198737,0.203194,0.312813,0.01769,-0.231695,0.017841,0.420721,0.203194,0.203194,-0.194908,0.420721,0.233499,0.67563,0.040268,0.420721,0.404569,0.67563,0.073636,-0.169811,0.365249,0.029706,-0.392881,0.005802,0.420721,0.217158,-0.199728,0.143926,0.017841,-0.420806,-0.092896,-0.333253,0.025569,-0.199728,0.025569,0.407799,0.216685,0.250986,-0.43911,0.014682,-0.179597,0.002658,0.040268,0.217158,0.262256,0.025569,-0.333253,-0.373736,-0.150782,-0.398625,-0.414672,0.01824,-0.275684,0.042014,-0.458285,-0.49988,0.488255,-0.231695,-0.336884,0.017841,0.64804,0.029706,0.216685,0.456063,-0.228734,-0.476486,0.647715,0.277041,0.025569,-0.414672,0.384,0.240697,-0.009492,0.017841,0.039955,0.01769,0.773991,-0.063317,0.404569,-0.0155,-0.297624,0.488559,-0.499593,-0.167324,0.674275,0.035478,0.488255,-0.651553,-0.231695,-0.333253,0.256371,-0.172784,-0.169811,0.384,0.535023,-0.275684,0.488255,-0.542659,0.115792,-0.06857,0.468685,-0.165911,-0.29486,-0.199743,0.218737,0.086315,0.42832,0.404569,-0.281562,0.2945,0.384,0.019627,-0.394133,0.031974,-0.480776,0.029027,-0.16947,0.040268,0.140363,-0.018558,#
8,-0.589008,0.040842,0.814951,0.18536,-0.998357,-0.177503,0.212931,-0.208365,1.0,-0.257143,0.241509,-0.238281,-0.210739,-0.199523,0.0,-0.499361,0.232181,0.190552,0.343087,-0.231704,-0.064498,-0.008072,0.214002,0.306275,0.200504,-0.02975,0.382032,0.318489,-0.038651,0.177799,0.0,0.256017,0.212906,0.500004,0.675133,0.252809,0.733577,-0.111323,-0.332907,0.332907,0.194327,0.235019,0.200751,0.652112,0.395009,-0.197505,-0.21192,-0.300122,0.414202,-0.26498,-0.39091,0.233425,0.194327,0.201496,-0.500409,-0.294879,0.150825,-0.222011,0.153527,-0.26498,-0.62019,-0.308928,0.616811,-0.022984,-0.018823,-0.515316,0.306275,-0.256906,-0.20065,0.220865,0.50659,0.290756,0.083745,-0.548276,0.570312,-0.456824,-0.240492,0.212073,0.193804,-0.618503,0.528768,0.200175,-0.224707,-0.344262,-0.023501,0.200504,-0.40714,0.400457,0.154138,0.154138,0.169923,0.416437,-0.234987,0.200806,-0.548276,-0.039482,-0.324909,0.183822,-0.489172,-0.598406,-0.309974,0.415762,0.432048,-0.02801,0.384476,-0.231384,-0.206286,-0.057816,-0.032571,0.799144,0.371398,0.35954,-0.048557,-0.222446,0.492507,-0.011812,0.201068,-0.262808,-0.50874,-0.016286,-0.224707,-0.027876,-0.50874,-0.215426,0.616811,-0.048557,-0.332908,0.231414,-0.537342,-0.384874,0.39266,-0.027876,0.349845,0.028781,0.509903,-0.0,-0.019974,0.618947,-0.321127,-0.032571,-0.251037,0.43188,0.183978,-0.025763,-0.298793,-0.385962,-0.243293,0.30601,0.492507,0.425746,0.3077,0.46666,0.391418,-0.423426,0.474443,-0.055462,-0.269603,-0.313989,-0.351025,0.479387,0.339137,0.500247,0.035691,-0.201926,0.013315,-0.374945,-0.019974,-0.18003,0.653817,0.306275,-0.202372,0.591561,-0.215426,0.3077,0.005739,0.349845,-0.019974,0.326666,0.068276,-0.140572,-0.201978,0.201446,-0.337452,0.672848,-0.152074,-0.04097,0.005536,0.327981,0.425669,0.191475,0.3077,0.515658,0.047007,0.397371,-0.51157,0.82585,0.227669,-0.00407,-0.153892,-0.411232,#
9,0.26105,-0.533869,-0.379184,-0.07582,0.25484,-0.502277,0.099792,0.247828,-0.257143,1.0,-0.428042,0.424192,0.416255,0.255286,0.0,0.791693,-0.65362,-0.244046,-0.066943,0.206528,0.078589,-0.063708,0.194139,-0.218002,0.060091,0.243696,0.080345,-0.166781,0.526516,0.522393,-0.23213,-0.553543,-0.428045,-0.326931,-0.201557,0.060091,-0.50984,-0.066629,0.527795,-0.218002,0.028617,-0.247257,-0.529878,-0.673499,-0.634916,-0.132119,0.456821,0.365886,-0.657611,-0.031137,-0.33517,0.304361,0.028617,0.41668,0.364787,0.576869,0.107549,-0.00059,0.418902,-0.031137,0.011568,-0.198745,0.020169,0.0728,0.558699,0.072464,-0.218002,0.197986,-0.207252,-0.597533,0.157267,-0.486472,-0.321204,0.379234,0.212295,0.349129,0.222418,-0.039344,0.222118,0.282042,-0.789986,-0.031319,-0.185615,0.096341,0.147415,-0.428148,-0.316964,0.086667,0.222418,0.222418,0.222418,-0.326419,0.088665,0.448479,0.379234,0.5605,0.274659,0.448479,0.366814,-0.179957,-0.443648,0.095175,-0.378871,0.09531,0.086667,0.232529,-0.653636,0.208056,0.104004,-0.11242,-0.140885,-0.218002,0.367581,-0.235899,-0.215169,-0.057402,0.078828,0.472125,0.379234,-0.050351,0.222418,-0.057402,-0.131755,-0.179957,0.020169,0.367581,-0.218002,0.081991,-0.077166,-0.533697,-0.106069,0.357845,-0.490839,-0.057322,-0.206901,-0.327004,-0.327003,0.022534,-0.375046,0.104004,0.566466,-0.321472,0.078828,-0.464772,0.274659,0.319122,0.078828,-0.005493,-0.215169,-0.533697,0.261168,0.030141,-0.11242,-0.316964,0.355412,0.5605,0.362223,0.465848,0.274659,-0.327004,0.145478,-0.326837,-0.326816,-0.039344,0.527808,-0.30458,-0.327004,-0.426223,-0.428148,0.470426,0.104813,0.288962,0.232529,0.261168,-0.293943,-0.490839,-0.327004,-0.718581,0.044596,0.453084,0.455989,-0.23311,-0.18104,-0.39195,0.256975,0.123246,0.521229,0.274659,0.021084,0.127441,0.261168,-0.282647,-0.328472,0.355457,-0.305864,-0.531737,-0.036752,-0.206901,0.202857,0.31482,#
10,-0.213271,-0.072892,0.077298,0.446316,-0.233911,0.415398,-0.02109,-0.654335,0.241509,-0.428042,1.0,0.423031,-0.502284,-0.645019,0.0,-0.327246,0.637554,-0.192963,-0.047725,-0.654492,0.059688,-0.081851,-0.195909,-0.218164,0.041343,-0.327161,-0.375401,0.165808,-0.335204,-0.42837,0.327771,-0.05725,-0.428362,-0.327173,0.589659,0.060135,-0.003121,-0.48382,-0.218164,0.499481,0.028638,-0.241016,-0.07804,0.051089,0.661241,0.661241,-0.967182,0.108058,0.093402,-0.057122,0.525865,0.3057,0.028638,-0.074528,-0.267524,-0.500138,0.230954,0.423342,-0.27718,-0.057122,-0.061835,-0.16984,-0.088307,-0.36469,0.238766,-0.102791,-0.218164,-0.312105,0.210065,0.313194,-0.379464,0.261545,0.735933,-0.270975,-0.233619,-0.236151,-0.654138,-0.095151,-0.253467,-0.253467,0.294948,0.400171,-0.228788,-0.62668,0.077612,0.041343,0.068974,-0.353004,-0.228788,-0.228788,-0.211774,0.077612,0.013685,-0.522465,-0.270975,-0.353004,-0.556348,-0.540771,-0.278299,0.181102,0.199565,0.0605,0.068974,-0.348773,-0.370229,-0.24889,0.191195,0.364263,0.051421,0.36212,-0.152319,0.528186,-0.226544,-0.244271,-0.226544,-0.083926,0.050713,-0.095151,0.283007,0.318232,-0.228788,-0.101241,0.283007,0.181102,-0.088307,-0.226544,-0.218164,0.087639,0.422656,0.349069,0.331238,-0.101241,0.161176,0.305739,0.283007,0.210988,-0.327246,0.041343,0.526897,0.051421,-0.428248,0.49483,0.032291,0.179336,0.147366,0.32356,-0.428239,-0.005497,-0.226544,0.794846,-0.525694,0.240343,-0.077346,0.051421,-0.234231,-0.370229,-0.945936,-0.260064,-0.584496,0.210988,-0.054752,-0.327079,0.77096,-0.095151,-0.577006,0.079505,-0.327246,0.558608,0.529944,-0.218164,0.025031,0.187253,0.181102,-0.525694,-0.3299,0.161176,-0.327246,0.639135,-0.413534,0.357399,-0.289593,0.212429,0.503131,0.531091,0.213668,-0.358546,-0.32026,0.147366,0.421111,-0.017054,-0.525694,0.232629,0.534274,-0.064954,0.193095,0.317258,0.427733,-0.270975,-0.14978,-0.533168,#
11,0.280471,-0.326961,-0.573424,0.028997,0.250711,0.067094,-0.066048,-0.178131,-0.238281,0.424192,0.423031,1.0,0.068506,-0.272271,0.0,0.351365,0.206215,-0.215702,-0.294398,-0.222817,0.337519,-0.326783,-0.224214,-0.50848,-0.044882,-0.194258,-0.552738,-0.217822,0.381405,-0.051884,0.206311,-0.509229,-0.505972,-0.76255,0.167027,-0.026181,-0.339269,-0.356133,0.234244,0.205677,0.403837,-0.310355,-0.441132,-0.406413,-0.190583,0.310141,-0.456887,0.596567,-0.451097,0.113695,0.380278,-0.037888,0.403837,-0.286197,0.22134,-0.037,-0.214209,0.080553,-0.429526,0.113695,0.103401,0.298,0.095411,-0.563058,0.782951,0.131396,-0.50848,-0.193519,0.094379,-0.177151,-0.096345,-0.135527,0.303044,0.215028,-0.243704,0.231633,-0.21194,0.007619,-0.253429,0.24587,-0.382047,0.512664,-0.195009,-0.276049,-0.0486,-0.531109,-0.065351,-0.091956,0.211343,0.211343,-0.21194,-0.074815,-0.04371,0.060437,0.215028,0.379924,-0.215855,0.04222,0.191313,0.223516,-0.156198,-0.11736,-0.581172,-0.074752,-0.109097,0.2064,-0.232683,0.306837,0.336414,0.066474,-0.1616,0.234244,0.243796,-0.250017,-0.336553,0.12548,-0.016822,0.516979,0.766319,0.084874,0.211343,-0.339748,0.257436,0.223516,0.095411,0.243796,-0.50848,-0.093409,0.486474,0.095403,0.042169,0.521784,-0.259351,0.065587,-0.368691,-0.227102,-0.205677,-0.082284,0.329099,0.336414,-0.007829,-0.100072,-0.035154,-0.134712,0.484439,0.748519,-0.016822,-0.153173,-0.336553,0.077658,-0.203279,0.36467,0.083968,-0.082819,-0.323917,-0.082881,-0.343738,0.263849,-0.243867,-0.227102,-0.172851,-0.762331,0.3304,0.007619,-0.122839,-0.047559,-0.205677,-0.013784,-0.044882,0.177111,-0.024909,0.228803,0.634303,-0.203279,-0.176459,-0.259351,-0.205677,-0.345047,-0.195131,0.939167,0.052397,0.213449,0.224002,-0.016051,0.246203,-0.430508,0.377219,0.484439,0.175631,-0.043535,-0.203279,-0.169678,-0.074909,0.103248,-0.241975,-0.394989,0.534267,-0.368691,0.18108,0.068967,#
12,0.673535,0.546604,-0.111264,-0.448096,0.240796,0.090777,0.447486,0.260821,-0.210739,0.416255,-0.502284,0.068506,1.0,0.165698,0.0,0.345147,-0.178859,0.199736,-0.375921,0.196009,-0.526042,0.098563,0.640673,-0.508488,-0.515132,-0.197436,-0.109838,-0.689723,0.368854,-0.057173,-0.323542,-0.481487,-0.019051,-0.198297,-0.588988,0.451903,0.016599,0.011795,0.230098,-0.508488,-0.056228,0.265756,-0.41455,-0.043492,-0.159492,-0.159492,0.436419,0.618444,-0.106846,0.441945,-0.058435,-0.149387,-0.056228,-0.086874,0.245002,0.020177,-0.067677,-0.389702,0.090068,0.441945,0.562741,0.238841,0.163541,-0.103518,-0.134837,0.686916,-0.508488,0.3446,0.383305,-0.287421,0.419788,-0.246244,-0.749205,-0.299288,-0.208774,0.774432,0.201648,-0.391797,-0.193266,-0.159637,-0.311888,-0.404198,-0.20244,0.161945,-0.058757,-0.533729,-0.049864,0.36738,-0.219277,-0.219277,0.201648,-0.041711,-0.48589,0.545801,-0.299288,0.36738,0.567765,0.074805,0.256945,-0.186728,-0.124263,-0.058353,-0.084605,0.345651,-0.075802,-0.203748,-0.645491,-0.074934,-0.518874,-0.375748,0.146997,0.230098,0.22542,-0.231793,0.22542,0.117826,-0.022304,-0.391797,0.248931,-0.765538,0.201648,-0.344809,-0.257117,-0.612246,0.163541,0.22542,0.201691,0.410494,0.131005,0.113866,-0.821349,0.083557,-0.171057,-0.301048,-0.299288,-0.230098,-0.208792,-0.552326,-0.006818,-0.518874,-0.013362,-0.470972,-0.496273,-0.099612,0.567765,0.311879,-0.022304,0.44064,0.22542,-0.786058,0.536554,-0.227522,0.076541,-0.501503,0.23363,-0.092847,0.399133,0.761375,-0.156484,-0.762732,0.303815,-0.192867,-0.191896,0.068186,0.599407,0.422594,-0.208792,-0.580567,-0.515132,0.173284,0.017693,-0.131356,-0.203748,0.536554,0.38564,-0.171057,-0.208792,-0.305974,0.752215,-0.100082,0.091184,-0.203983,-0.458119,-0.003354,0.279373,-0.345156,0.811323,-0.128628,-0.596711,0.062126,0.536554,0.37082,-0.040001,0.544208,-0.173393,-0.354281,0.093709,-0.299288,0.164146,0.508687,#
13,0.161449,-0.081018,0.054521,-0.189984,0.168673,-0.244454,-0.130542,0.159749,-0.199523,0.255286,-0.645019,-0.272271,0.165698,1.0,0.0,0.050111,-0.684452,0.53937,0.028605,0.551226,-0.068783,0.495595,0.248601,0.367484,-0.189544,0.018574,0.501907,0.275146,0.360351,0.721564,-0.050065,0.152437,0.130907,0.019378,-0.112089,-0.171319,0.096846,0.061386,0.395324,-0.328509,0.130597,0.414972,0.165362,0.010156,-0.637688,-0.637688,0.635461,-0.17177,0.178675,-0.342463,-0.476053,-0.1816,0.130597,0.109083,-0.02274,0.126787,-0.382732,-0.124918,0.149787,-0.342463,-0.243575,0.123537,-0.274057,0.48742,0.135458,-0.235208,0.367484,0.223958,-0.019771,0.314939,0.098568,0.392167,-0.484024,0.504935,-0.185707,-0.040987,0.533069,-0.293812,-0.176222,0.178549,-0.050004,-0.283848,0.137053,0.463006,0.089224,0.26609,-0.047666,-0.086669,0.120552,0.120552,0.690311,-0.487589,-0.189232,0.174818,0.504935,0.373209,0.325986,0.174818,-0.025808,-0.266892,-0.347945,-0.379004,0.054476,0.345992,-0.086669,0.133446,0.163764,-0.687247,-0.06469,0.030687,0.607984,-0.328509,0.487759,0.569198,-0.077829,-0.082184,-0.198201,0.202593,-0.011669,-0.377927,0.120552,0.035363,0.008995,-0.266892,-0.274057,0.487759,0.367484,-0.004335,-0.268143,-0.060628,0.043131,-0.098976,-0.409716,-0.803134,-0.435892,0.029232,0.405068,0.247865,-0.481091,-0.06469,0.275922,-0.783381,-0.198201,-0.467915,-0.356497,-0.028527,0.123377,-0.229247,-0.077829,-0.371903,0.305964,-0.198548,0.337556,-0.047666,0.102908,0.490144,0.705505,0.057746,0.325986,0.029232,0.159097,0.01431,-0.49248,0.202593,0.033406,-0.028194,0.405068,-0.236945,-0.189544,0.339645,-0.171085,-0.181604,-0.283573,0.305964,-0.131978,-0.409716,0.405068,-0.522837,0.47519,-0.139324,0.466783,-0.313142,-0.376897,-0.652676,-0.528653,0.372373,-0.057448,-0.356497,-0.25195,-0.149096,0.305964,-0.496087,-0.776044,0.024521,0.018033,-0.328169,-0.281879,-0.063937,0.367354,0.371317,#
14,0.0,0.0,0.0,0.0,0.0,0.0,0.0,0.0,0.0,0.0,0.0,0.0,0.0,0.0,0.0,0.0,0.0,0.0,0.0,0.0,0.0,0.0,0.0,0.0,0.0,0.0,0.0,0.0,0.0,0.0,0.0,0.0,0.0,0.0,0.0,0.0,0.0,0.0,0.0,0.0,0.0,0.0,0.0,0.0,0.0,0.0,0.0,0.0,0.0,0.0,0.0,0.0,0.0,0.0,0.0,0.0,0.0,0.0,0.0,0.0,0.0,0.0,0.0,0.0,0.0,0.0,0.0,0.0,0.0,0.0,0.0,0.0,0.0,0.0,0.0,0.0,0.0,0.0,0.0,0.0,0.0,0.0,0.0,0.0,0.0,0.0,0.0,0.0,0.0,0.0,0.0,0.0,0.0,0.0,0.0,0.0,0.0,0.0,0.0,0.0,0.0,0.0,0.0,0.0,0.0,0.0,0.0,0.0,0.0,0.0,0.0,0.0,0.0,0.0,0.0,0.0,0.0,0.0,0.0,0.0,0.0,0.0,0.0,0.0,0.0,0.0,0.0,0.0,0.0,0.0,0.0,0.0,0.0,0.0,0.0,0.0,0.0,0.0,0.0,0.0,0.0,0.0,0.0,0.0,0.0,0.0,0.0,0.0,0.0,0.0,0.0,0.0,0.0,0.0,0.0,0.0,0.0,0.0,0.0,0.0,0.0,0.0,0.0,0.0,0.0,0.0,0.0,0.0,0.0,0.0,0.0,0.0,0.0,0.0,0.0,0.0,0.0,0.0,0.0,0.0,0.0,0.0,0.0,0.0,0.0,0.0,0.0,0.0,0.0,0.0,0.0,0.0,0.0,0.0,0.0,0.0,0.0,0.0,0.0,0.0,#
15,0.522248,-0.408152,-0.611995,-0.19682,0.515436,-0.208944,0.261102,0.50763,-0.499361,0.791693,-0.327246,0.351365,0.345147,0.050111,0.0,1.0,-0.499704,-0.499884,-0.404452,0.0,-0.081541,0.117191,0.011799,-0.166667,0.218218,0.387654,-0.074162,-0.486344,0.427781,0.224987,-0.374654,-0.760489,-0.327248,-0.249944,-0.491525,0.218218,-0.747379,0.266507,0.666667,-0.166667,-0.327241,-0.458277,-0.762154,-0.718535,-0.485404,0.076406,0.326812,0.279727,-0.895533,0.45225,-0.092012,0.23269,-0.327241,0.318559,0.278886,0.441027,0.390562,0.351624,0.320259,0.45225,0.364754,-0.162187,-0.146489,-0.085085,0.37819,0.188674,-0.166667,0.11983,-0.231578,-0.599264,0.046621,-0.635399,-0.245566,0.312911,0.017228,0.266915,0.023243,-0.1905,0.023212,0.54548,-0.997844,-0.185821,0.023243,0.073654,0.44709,-0.327327,-0.07194,-0.082359,0.023243,0.023243,0.023243,-0.082359,0.249897,0.362613,0.312911,0.44709,0.24034,0.362613,0.303235,0.029371,0.195284,-0.077135,-0.611491,-0.077244,-0.082359,0.029371,-0.499717,0.504711,-0.07194,-0.408248,-0.292353,-0.166667,0.30387,-0.499717,-0.34728,0.124184,0.239074,0.381,0.312911,0.13189,0.023243,0.124184,0.312911,0.029371,-0.146489,0.30387,-0.166667,-0.171465,0.320256,-0.408021,-0.408021,0.124184,-0.619987,0.124011,-0.342019,-0.25,-0.25,-0.327327,-0.076193,-0.07194,0.783951,-0.077135,0.239074,0.100764,0.24034,0.243975,0.239074,0.141171,-0.34728,-0.408021,0.229921,-0.065207,-0.408248,-0.07194,0.294393,0.44709,0.352366,0.209284,0.24034,-0.25,-0.042629,-0.249873,-0.249857,-0.1905,0.666686,-0.051148,-0.25,-0.325855,-0.327327,-0.166667,0.276818,0.06881,0.029371,0.229921,-0.199522,-0.619987,-0.25,-0.527992,-0.096481,0.369255,0.62709,-0.472327,-0.102458,-0.278224,0.517416,0.008996,0.428326,0.24034,-0.114848,0.301356,0.229921,-0.191854,-0.077583,0.151862,-0.207614,-0.406522,-0.159461,-0.342019,0.35935,0.055543,#
16,-0.196673,0.435633,0.000603,-0.21763,-0.202931,0.65695,0.197961,-0.178146,0.232181,-0.65362,0.637554,0.206215,-0.178859,-0.684452,0.0,-0.499704,1.0,-0.190682,0.013893,-0.599645,-0.015045,-0.411946,-0.165093,-0.333136,-0.234865,-0.499574,-0.397298,-0.243902,-0.391568,-0.654121,-0.019201,0.205612,0.246353,0.029004,0.129462,0.234865,0.299471,-0.092737,-0.333136,0.30751,0.195821,0.105694,0.235658,0.405796,0.665481,0.20386,-0.762476,0.12698,0.246317,0.312912,0.392434,-0.340877,0.195821,-0.635721,-0.007995,-0.360465,-0.125106,-0.239332,-0.627831,0.312912,0.230003,0.389019,0.207217,-0.380632,-0.164913,0.208412,-0.333136,-0.393055,0.385339,0.342801,-0.1321,0.26447,0.46874,-0.557201,-0.194249,0.02952,-0.603967,0.204056,-0.192724,-0.231982,0.499755,0.175367,-0.224254,-0.539812,-0.438685,-0.234865,-0.023966,0.016281,-0.224254,-0.224254,-0.603967,0.400696,-0.243346,-0.207634,-0.557201,-0.423308,-0.338495,-0.223976,-0.027752,0.160768,0.339292,0.004562,0.016592,-0.415685,0.000905,-0.223089,0.174706,0.304798,-0.039636,-0.015693,-0.124738,0.333136,-0.539522,-0.214038,0.001112,-0.01182,-0.226357,-0.270448,-0.062657,-0.039636,-0.224254,-0.42916,-0.062657,0.160768,0.207217,-0.539522,-0.333136,0.082654,0.224663,0.401694,-0.02809,-0.027277,0.3113,0.390426,-0.013427,-0.019219,0.0,-0.234865,0.404175,-0.039636,-0.653934,0.392291,-0.242802,0.430706,0.289716,-0.018756,-0.226357,0.290668,0.001112,0.385776,-0.343204,0.429685,0.0,-0.039636,-0.501221,-0.838476,-0.571166,-0.090576,-0.363623,-0.019219,-0.084271,0.034028,0.499418,0.204056,-0.320333,0.399109,0.0,0.24518,0.201313,-0.333136,0.210683,-0.232758,0.160768,-0.343204,0.514155,0.3113,0.0,0.54121,-0.065695,0.053435,-0.429363,0.624964,0.343076,0.637501,0.199836,-0.340272,0.028086,0.289716,-0.103008,0.175411,-0.343204,0.494396,0.400606,0.015566,-0.015322,0.360684,0.651325,-0.013427,-0.421019,-0.394738,#
17,0.187616,0.410507,0.394848,0.205051,-0.209083,-0.20626,-0.277052,-0.215236,0.190552,-0.244046,-0.192963,-0.215702,0.199736,0.53937,0.0,-0.499884,-0.190682,1.0,-0.006173,0.587649,-0.009335,0.402101,0.187484,0.328168,-0.221498,-0.013936,-0.032708,0.218053,0.395247,0.206047,0.519217,0.1749,0.205832,-0.013173,0.288681,-0.204844,0.608066,-0.252492,-0.333256,-0.333256,0.22315,0.598151,0.204412,0.536702,-0.204297,-0.204297,0.251875,-0.127886,0.757115,-0.292226,0.014472,-0.303274,0.22315,-0.184568,-0.512332,-0.570775,-0.510691,-0.21586,-0.160094,-0.292226,-0.239339,0.281224,0.209062,-0.033457,-0.070406,-0.043728,0.328168,0.388467,0.152385,0.349846,0.321443,0.424284,-0.491018,-0.029657,-0.224127,-0.024516,0.568883,-0.238433,-0.214882,-0.214882,0.498806,0.221134,0.176856,0.504218,-0.01742,0.211505,0.410677,0.379462,0.176856,0.176856,0.583961,-0.01742,-0.221134,0.178258,-0.029657,0.379462,0.288341,-0.259753,-0.530951,-0.205774,-0.332848,-0.005706,0.410677,0.796024,-0.032684,0.190532,0.204852,-0.928808,-0.009334,0.414385,0.584569,0.353607,0.462932,0.606204,0.462932,0.39634,0.211074,-0.238433,-0.010774,-0.410677,0.176856,-0.017962,-0.010774,-0.205774,0.209062,0.462932,0.328168,0.073069,-0.150925,0.432512,0.005856,-0.017962,0.309921,-0.814739,-0.010774,-0.003816,0.492252,0.211505,0.046811,-0.009334,-0.237717,-0.40601,-0.229703,-0.234806,-0.360243,0.10427,0.194749,-0.258761,0.462932,0.021658,0.268178,-0.200055,0.819422,-0.009334,-0.039346,-0.032684,0.214132,0.080097,-0.385189,-0.003816,-0.108477,-0.01798,0.030856,-0.238433,-0.333269,0.007026,0.492252,-0.266359,0.228159,0.328168,-0.663364,0.172248,-0.205774,0.268178,-0.018882,0.309921,0.492252,-0.125845,0.499226,-0.124769,-0.235702,-0.231615,-0.385584,-0.216582,-0.566091,-0.358255,-0.00548,-0.360243,0.094175,-0.659083,0.268178,0.000586,-0.390487,-0.015067,-0.019648,0.048724,-0.227839,-0.029657,0.346651,0.434631,#
18,-0.808162,-0.28794,0.217814,0.097442,-0.371777,-0.357113,-0.101342,-0.094436,0.343087,-0.066943,-0.047725,-0.294398,-0.375921,0.028605,0.0,-0.404452,0.013893,-0.006173,1.0,0.0,0.272957,-0.295169,-0.016111,0.33274,-0.135205,0.0381,0.194413,0.461697,-0.198991,0.349201,-0.068779,0.559426,0.25396,0.499,0.378838,-0.135205,0.099785,-0.367102,-0.269634,-0.269634,-0.034706,0.427931,0.547175,-0.041539,-0.037284,-0.302606,0.066518,-0.556165,0.416145,-0.55263,-0.542689,0.113913,-0.034706,0.217249,-0.031239,0.451828,-0.068338,-0.367677,0.338982,-0.55263,-0.356487,-0.256805,0.015127,0.645441,-0.020914,-0.169027,0.33274,0.288959,0.085912,0.067428,-0.316597,0.17718,0.058345,-0.091176,0.355011,-0.029174,-0.009401,0.50819,0.783607,-0.035355,0.397266,0.10631,-0.451437,-0.150216,-0.628335,-0.135205,-0.191705,0.201886,-0.009401,-0.009401,-0.009401,-0.245624,0.323781,0.032495,-0.091176,-0.180826,0.225022,0.032495,-0.076047,-0.387212,-0.494062,0.638043,0.654358,-0.17303,0.201886,0.420575,-0.016996,-0.123284,0.264343,0.165117,-0.267932,-0.269634,-0.620355,0.435553,-0.149672,-0.296779,-0.142713,0.095081,-0.538292,0.138053,-0.36643,-0.296779,-0.644748,-0.026286,0.015127,-0.620355,-0.269634,0.337536,-0.832286,-0.224086,0.613354,-0.21027,0.242419,0.147776,0.38224,-0.404452,0.04733,0.353034,-0.637971,0.264343,-0.150009,0.186675,-0.142713,-0.472865,-0.36566,-0.596254,-0.142713,-0.028311,-0.149672,0.150089,-0.47716,0.338603,0.165117,-0.191705,-0.160157,-0.180826,-0.017885,0.091782,0.225022,0.047329,-0.096216,0.498856,0.137867,0.118031,-0.341356,-0.21479,0.047329,-0.030785,-0.135205,0.476163,0.304911,0.0,0.059649,-0.47716,0.009615,0.242419,0.047329,0.028893,-0.14897,-0.206355,-0.164251,0.405996,0.455343,-0.167478,-0.037529,0.443438,-0.201423,0.225022,0.323725,-0.14226,-0.47716,0.009245,-0.206742,0.115001,0.1172,0.113092,0.064196,0.38224,-0.780505,-0.189487,#
19,0.196789,-0.007925,0.0,0.201007,0.203051,-0.656682,-0.648254,0.193752,-0.231704,0.206528,-0.654492,-0.222817,0.196009,0.551226,0.0,0.0,-0.599645,0.587649,0.0,1.0,0.424013,-0.008082,-0.22812,0.333333,0.218218,0.49987,-0.02342,0.227263,0.391799,0.212715,0.499538,0.187986,0.212499,-0.009432,-0.14532,-0.654654,0.154005,0.224427,-0.333333,-0.333333,0.229953,0.063946,0.217758,0.073696,-0.665184,-0.215735,0.757826,-0.133203,0.218908,-0.301501,0.008001,-0.336107,0.229953,-0.053093,0.009454,0.092847,-0.520748,-0.222981,0.0,-0.301501,-0.229508,0.2595,0.205085,-0.02431,-0.148796,-0.049651,0.333333,0.386118,-0.391109,-0.34796,0.319688,-0.269563,-0.491132,0.509391,0.195248,-0.009365,0.99946,0.2286,0.208907,0.208907,0.0,0.24349,0.604324,0.957506,0.0,0.218218,0.431641,0.400028,0.604324,0.604324,0.185946,0.0,0.24349,0.200063,0.509391,0.400028,0.326863,0.200063,0.0,0.223221,-0.338491,0.011867,0.0,0.819977,0.400028,0.622668,0.214164,-0.741864,0.431641,0.0,0.087706,-0.333333,0.491979,0.618697,0.491979,0.413948,0.226491,0.2286,0.014554,0.02398,0.604324,0.413948,0.014554,0.223221,0.205085,0.491979,0.333333,-0.398541,-0.240191,0.01218,0.01218,0.413948,0.348743,-0.389749,0.014554,0.0,0.5,0.218218,-0.038097,0.431641,0.209877,-0.39161,0.226491,-0.241834,-0.326863,0.0,0.654308,-0.638337,0.491979,-0.401931,0.306561,-0.465767,0.408248,0.431641,-0.014361,0.400028,0.585286,0.077512,0.326863,0.0,-0.353212,-0.014278,-0.499713,-0.2286,0.0,-0.409181,0.5,-0.263457,-0.218218,0.333333,-0.664364,0.165144,0.223221,0.306561,-0.015962,0.348743,0.5,-0.568607,0.055132,-0.101364,-0.235159,-0.226185,-0.387064,-0.665022,-0.603652,0.017993,-0.037794,-0.326863,0.089326,-0.660113,0.306561,-0.506495,-0.426705,-0.430277,-0.016609,-0.359872,-0.679442,0.509391,0.373724,0.814629,#
20,-0.355489,-0.561579,-0.282782,0.322344,0.036298,-0.545201,-0.792889,0.026542,-0.064498,0.078589,0.059688,0.337519,-0.526042,-0.068783,0.0,-0.081541,-0.015045,-0.009335,0.272957,0.424013,1.0,-0.586533,-0.852446,0.271803,0.533811,0.428395,-0.292815,0.441786,0.168215,0.065377,0.59141,0.314933,0.101192,-0.111517,0.331788,-0.800717,-0.036196,0.080825,-0.407705,0.244623,0.516364,-0.317197,0.338051,-0.095397,-0.453708,0.027853,0.003862,-0.237867,-0.051116,-0.393352,0.18398,-0.301471,0.516364,-0.27058,0.105609,0.227127,-0.509547,-0.100701,-0.372129,-0.393352,-0.49192,0.28989,0.301012,-0.290071,0.332646,-0.398383,0.271803,-0.146566,-0.563135,-0.304747,-0.04779,-0.247018,0.377032,0.588628,0.37835,-0.376488,0.42928,0.777715,0.388955,0.421131,0.051451,0.800446,0.42928,0.381371,-0.248477,0.071175,0.200424,0.175565,0.815917,0.815917,-0.433071,0.175565,0.551743,-0.088704,0.588628,0.175565,-0.285341,0.327286,0.065936,0.424386,-0.26327,0.150953,-0.290371,0.191864,0.566989,0.831528,0.402623,-0.17751,0.99821,0.216378,-0.318247,-0.407705,0.095572,0.402623,0.095572,0.289318,0.11594,0.777715,0.084259,0.665799,0.413171,0.256528,0.104434,0.831528,0.301012,0.095572,-0.407705,-0.665064,-0.176269,-0.161883,0.631642,0.666395,0.380738,0.232094,0.064085,-0.122312,0.42809,0.498224,0.065236,0.99821,0.098655,0.150953,0.534555,-0.108457,-0.311993,0.0,0.56944,-0.78076,0.095572,0.226438,-0.295281,0.209645,0.249667,0.599317,-0.440289,0.142947,-0.017532,-0.299589,0.354324,0.38732,-0.634622,-0.116428,-0.117302,-0.147051,-0.394129,-0.680856,0.42809,0.116458,0.071175,0.244623,-0.393882,0.320941,0.815242,-0.295281,-0.108028,0.380738,0.42809,-0.42501,-0.683316,0.491197,-0.341955,0.375376,0.215361,-0.392866,-0.425924,0.073356,-0.270164,0.354324,0.56397,-0.446993,-0.295281,-0.624508,-0.295221,-0.623278,-0.167936,-0.167371,-0.151508,0.588628,0.010549,0.251612,#
21,0.393827,0.150333,0.221566,0.0926,0.005176,0.098635,0.326582,-0.00119,-0.008072,-0.063708,-0.081851,-0.326783,0.098563,0.495595,0.0,0.117191,-0.411946,0.402101,-0.295169,-0.008082,-0.586533,1.0,0.424878,0.401413,-0.093474,0.086654,0.266318,-0.040923,0.26218,0.359708,-0.097673,-0.343783,-0.104902,0.087435,0.043871,0.365079,-0.012081,-0.077693,0.428354,-0.272099,-0.534252,0.293208,-0.398156,0.074006,-0.029641,-0.029641,0.128928,-0.243089,0.146365,0.129149,-0.174791,0.275408,-0.534252,0.385981,-0.614386,-0.452498,0.37458,0.539401,0.361078,0.129149,0.082411,-0.316694,-0.365841,0.262559,0.021647,-0.096068,0.401413,0.326378,0.170528,0.415278,0.018517,0.350763,-0.40091,-0.077281,-0.421145,-0.131933,-0.017471,-0.807803,-0.416101,0.022887,-0.116939,-0.364479,-0.017471,0.061711,0.658598,0.347443,0.237224,-0.190562,-0.416663,-0.416663,0.821303,-0.190562,-0.093321,0.086708,-0.077281,0.254462,0.27583,-0.34279,-0.584455,-0.41162,0.266208,-0.182518,0.237224,0.22542,-0.594697,-0.41162,0.001539,-0.257232,-0.58647,0.158377,0.50801,0.401413,0.408384,0.001539,-0.138935,0.146345,0.33031,-0.327432,-0.077281,-0.253698,-0.416663,0.146345,0.422636,-0.41162,-0.365841,0.408384,0.401413,0.17626,0.199303,0.170594,-0.247769,-0.666154,-0.439074,-0.665224,-0.127861,0.096986,0.096986,-0.093474,-0.055115,-0.58647,0.356911,-0.182518,-0.1019,0.106414,-0.384608,0.003943,-0.1019,0.237915,-0.138935,0.170594,0.259226,-0.25101,0.158377,-0.174623,0.393576,0.254462,0.192014,-0.159498,-0.384608,0.096986,0.16075,0.082511,0.112228,-0.327432,0.078128,0.286474,0.096986,-0.139749,0.347443,-0.272099,-0.042508,-0.006674,-0.815169,0.259226,-0.39024,-0.439074,0.096986,0.122767,0.408377,-0.216396,0.561306,-0.824884,-0.259281,-0.070311,0.048688,-0.124914,-0.114748,-0.384608,-0.040532,-0.020645,0.259226,0.120946,-0.134499,0.204971,0.130881,0.198104,-0.307404,-0.627779,0.499542,-0.241012,#
