0,1.0,-0.186277,-0.267094,-0.349211,0.206977,0.375299,0.375299,0.375299,-0.078108,0.259564,-0.0826,0.067119,0.530528,0.375299,-0.062049,0.562178,0.283121,-0.125281,0.36111,-0.219407,0.194485,-0.189528,0.227303,-0.749974,-0.651912,-0.983304,-0.107704,-0.129484,0.385597,0.365051,-0.161477,-0.182438,0.433219,-0.259983,0.02284,0.203834,0.374443,0.010507,-0.34165,0.053264,-0.020589,0.211706,0.060773,-0.300026,-0.326166,-0.208043,-0.625998,-0.293149,0.403389,0.516102,0.494715,-0.146429,0.323268,0.399111,0.761749,0.195561,-0.417589,-0.679599,-0.330851,0.060234,0.530533,0.369104,-0.139338,0.232749,-0.27304,0.451434,0.090695,0.738557,-0.309341,-0.041852,0.286464,-0.314498,-0.749974,-0.518043,-0.311476,0.47211,-0.097497,-0.508197,-0.088722,-0.230166,-0.111754,-0.68652,-0.375923,-0.330976,-0.076012,-0.363375,-0.669442,-0.128415,-0.088722,-0.050664,-0.379748,-0.272513,-0.324591,0.016484,-0.128415,-0.378819,-0.201826,-0.68839,-0.330976,-0.26717,0.23641,-0.188525,-0.3933,-0.057166,-0.153441,-0.05849,-0.017087,-0.035379,0.0,0.023306,-0.443834,0.364754,-0.532449,-0.759953,0.348453,-0.083061,-0.276519,-0.379748,-0.449894,-0.486981,-0.508197,-0.283088,0.093257,-0.515137,-0.267954,-0.093544,-0.70489,0.535394,-0.298277,-0.508197,-0.093544,-0.70489,-0.252938,-0.069884,-0.175361,-0.276519,0.174863,-0.324591,-0.213774,-0.3933,-0.057166,0.261467,-0.497251,0.304532,-0.146333,-0.32976,0.0,0.421243,-0.100543,-0.989076,0.028456,-0.244919,-0.361442,-0.762295,0.711818,-0.36639,0.139289,0.416879,-0.435113,-0.057166,-0.131542,-0.505768,-0.108728,-0.33573,0.217953,-0.208072,-0.508197,0.051689,-0.508197,0.0,0.310156,0.08956,-0.762295,-0.092302,0.087112,-0.001461,0.342498,0.499237,0.35587,-0.515137,0.161223,0.089686,0.290636,0.170812,0.527166,-0.104517,0.055392,0.042439,-0.119921,0.345696,-0.348757,-0.018819,0.776948,-0.184799,-0.195662,-0.272059,0.01314,-0.518043,-0.407584,0.104317,#
1,-0.186277,1.0,0.592569,-0.443687,-0.29024,0.452911,0.452911,0.452911,-0.198123,0.320258,-0.321596,0.336613,-0.136597,0.452911,0.452938,0.281778,-0.611746,0.321381,0.654137,0.172515,0.399457,0.319464,-0.07035,0.133209,0.318852,0.192273,0.585556,-0.338117,0.404384,0.172517,0.002007,-0.162965,-0.480314,0.235152,-0.31772,-0.320043,-0.241065,0.360128,0.281508,-0.367703,0.225866,0.622274,-0.245592,-0.382513,0.491979,-0.382532,0.50124,-0.346537,-0.0671,-0.066574,-0.021075,-0.137084,0.172508,-0.354512,-0.139177,-0.083763,-0.216422,-0.387978,-0.218081,0.386138,0.493898,-0.650854,-0.309945,-0.12599,0.660729,0.479605,0.160149,-0.159328,-0.191079,-0.086409,-0.148899,0.700746,0.169764,0.34116,0.203773,-0.089058,-0.438245,0.115035,0.225027,0.343211,0.42025,-0.31187,-0.306649,0.585803,-0.470694,-0.341387,-0.25861,-0.186275,0.225027,0.167642,0.328816,-0.300815,0.229597,-0.156565,-0.186275,0.226261,0.21484,0.313591,0.585803,-0.286719,-0.136885,0.172553,-0.360844,-0.411918,-0.235735,0.169003,-0.121366,0.289234,0.0,-0.175821,0.518165,0.172553,-0.242915,0.20329,0.644046,0.385854,-0.579743,0.328816,0.496008,-0.174499,0.115035,-0.307544,-0.360844,0.170141,-0.218204,0.366619,0.318224,-0.170021,-0.249886,0.115035,0.366619,0.318224,0.29027,-0.214562,-0.180979,-0.579743,0.200247,0.229597,0.573214,-0.360844,-0.411918,-0.309691,0.225925,-0.186369,-0.242157,-0.089825,0.0,0.109339,-0.223393,0.200669,0.400153,0.213368,0.280456,0.172553,-0.066197,0.227642,0.479953,-0.04162,-0.192242,-0.411918,0.520869,0.142177,-0.45143,-0.122552,0.423507,0.1834,0.115035,0.334603,0.115035,0.0,-0.174807,0.29839,0.172553,-0.261876,0.339074,-0.118308,0.102307,-0.161679,0.483977,0.170141,0.330532,0.34909,-0.561866,-0.129428,0.531418,0.571853,0.47507,-0.19837,-0.217406,0.431009,-0.135128,-0.452067,-0.14238,0.496937,-0.542734,-0.237947,0.53074,0.34116,-0.152959,0.254402,#
2,-0.267094,0.592569,1.0,-0.072381,-0.501667,0.04292,0.04292,0.04292,-0.483164,0.475629,0.103228,-0.106745,-0.371577,0.04292,0.019356,0.407234,-0.997276,0.495044,0.290943,0.261644,-0.039392,0.457263,-0.283306,0.226057,0.512256,0.300054,0.358936,-0.04043,0.034436,0.214141,0.765518,0.389511,-0.192994,-0.367809,0.085549,-0.527708,0.366516,0.628915,0.388989,-0.610587,0.290719,0.50273,0.192602,0.205523,0.121973,-0.411903,0.322503,0.475243,-0.285131,-0.203535,-0.166356,0.411896,0.238411,-0.400499,-0.261685,-0.379788,-0.338732,0.003767,-0.177838,-0.358747,0.240908,-0.43231,-0.332585,-0.377925,0.295695,0.074845,0.344777,-0.329159,-0.504028,0.71135,0.426193,0.432746,0.253228,0.583279,0.388741,-0.078774,-0.163055,0.158336,0.312207,0.493518,0.619267,0.064878,-0.03021,0.991992,-0.141978,-0.076099,0.045085,0.148835,0.334507,0.350889,-0.053082,0.057243,0.426626,0.236955,0.148835,0.409519,0.406209,0.041408,0.991992,0.102265,-0.320467,0.237504,-0.01007,-0.163821,0.174869,0.351857,-0.159402,0.484328,0.0,0.288374,0.896159,0.261254,0.165856,0.409411,0.389569,0.137527,-0.322209,-0.053082,0.743869,-0.293679,0.158336,0.053212,-0.01007,0.352427,-0.120282,0.621125,0.476386,0.298046,0.120178,0.158336,0.621125,0.476386,0.514624,0.124697,-0.275608,-0.322209,-0.66501,0.426626,0.986945,-0.01007,-0.141978,0.16369,0.331696,-0.120282,0.169603,0.470249,0.0,-0.134663,0.198709,0.313091,0.094232,0.427246,0.389378,0.261254,-0.148028,0.444558,0.213482,-0.15864,0.294177,-0.141978,0.845287,0.31198,-0.212605,0.64558,0.741523,0.261711,0.158336,-0.103788,0.158336,0.0,0.282203,0.454801,0.261254,0.115437,-0.106965,-0.192318,0.283543,-0.28945,0.089209,0.352427,0.449077,-0.150415,-0.990647,-0.187441,0.219203,0.235628,0.758605,0.289551,-0.344863,0.11418,0.476761,-0.11872,-0.256398,0.790239,-0.23854,-0.458243,0.228447,0.583279,0.443836,0.369176,#
3,-0.349211,-0.443687,-0.072381,1.0,0.372369,-0.998306,-0.998306,-0.998306,-0.190082,-0.816115,0.236533,-0.261463,-0.821075,-0.998306,-0.586086,-0.666516,0.107063,-0.39188,-0.697665,0.087626,-0.411313,-0.414886,-0.639616,0.014675,-0.020018,0.297902,-0.372727,0.346733,-0.600054,-0.408071,0.173903,0.10449,-0.10474,0.107063,0.62942,-0.027861,-0.168267,0.208818,0.174707,0.548531,-0.087325,-0.525335,-0.356402,0.181238,0.016636,0.874148,-0.191088,0.514898,0.247969,-0.460787,0.202218,0.253016,-0.40805,-0.441775,-0.620169,-0.571924,0.548598,0.818058,0.399456,-0.468139,-0.782563,0.053178,0.329731,-0.624641,-0.106198,-0.720033,0.323127,-0.611987,0.605497,0.110882,-0.036565,-0.52371,0.592777,0.300605,0.186317,-0.382455,0.35531,0.401677,-0.05779,0.039568,-0.125301,0.817984,0.550763,-0.018552,0.802882,0.133846,0.380646,0.260592,-0.05779,0.398492,0.181901,0.854224,0.587169,-0.365487,0.260592,0.638665,0.517733,0.453442,-0.018552,0.817984,-0.142022,0.09718,0.995768,0.320259,0.702891,0.381521,0.555877,0.18176,0.0,0.570557,0.121305,-0.408156,0.655865,0.65527,-0.14908,-0.062578,0.599427,0.181901,-0.310815,0.645181,0.401677,0.871381,0.567245,0.805843,0.404619,0.300605,0.039622,0.121952,0.752933,0.401677,0.300605,0.039622,0.467034,-0.16009,0.687765,0.599427,-0.272104,0.587169,-0.010662,0.995768,0.320259,0.241238,0.347785,0.404619,0.71946,0.351569,0.0,-0.627244,0.67112,0.414587,0.20869,0.556057,0.19366,0.602516,-0.060569,0.62172,-0.310122,-0.840597,0.542399,0.320259,-0.419444,0.381521,0.373276,0.419027,-0.213905,-0.40666,0.401677,-0.24674,0.401677,0.0,-0.148793,0.193755,0.602516,0.265162,-0.655441,0.556778,0.16348,0.127977,-0.997358,0.805843,-0.758324,-0.674802,0.105771,-0.055145,-0.773735,-0.21013,-0.309839,0.093691,0.656904,-0.567534,0.41995,0.464304,-0.600065,0.214385,0.543506,0.03446,-0.318813,0.300605,0.464039,-0.664177,#
4,0.206977,-0.29024,-0.501667,0.372369,1.0,-0.340449,-0.340449,-0.340449,0.043987,-0.592068,-0.052149,-0.347131,-0.170173,-0.340449,-0.334686,-0.404017,0.524481,-0.573404,-0.508957,-0.498572,-0.530156,-0.582051,0.057678,-0.076685,-0.601212,-0.300073,0.013881,0.145825,0.022237,0.013,-0.435294,-0.551266,0.202213,0.031904,0.335109,0.20106,-0.096447,-0.490771,0.022383,0.814317,-0.208287,-0.549819,-0.188478,-0.241375,-0.222773,0.519557,-0.245683,-0.288932,0.4814,0.341403,0.327398,-0.069815,-0.498553,0.033001,0.016866,-0.149884,0.661868,0.154249,-0.013568,0.069442,-0.212009,0.006611,-0.060156,-0.29681,0.077248,-0.001558,0.614487,-0.056915,0.588822,-0.476588,-0.48279,-0.502625,-0.076685,0.023916,-0.01413,0.330207,-0.264473,-0.332455,-0.650333,-0.145188,-0.35057,0.148197,0.383271,-0.446483,0.147248,-0.031613,0.180414,0.019718,-0.178464,-0.231949,0.432894,0.174835,0.385079,-0.659701,0.019718,0.009015,0.317666,0.200153,-0.446483,0.148197,0.00269,0.003866,0.35049,0.1828,-0.025951,-0.24025,0.617085,-0.346886,0.0,0.218646,-0.269365,0.003866,0.363628,0.020986,0.187946,-0.008973,-0.059088,0.432894,-0.590693,0.272138,-0.332455,0.188242,0.776651,0.190649,0.368689,0.023916,-0.569319,-0.230916,0.083833,-0.332455,0.023916,-0.569319,-0.187394,-0.827877,0.375862,-0.059088,0.389153,0.385079,-0.421309,0.35049,0.644985,-0.382792,0.224392,0.368689,-0.014085,-0.607129,0.0,0.067157,0.378524,-0.17756,0.566058,-0.105883,0.041797,0.003866,0.008376,-0.0027,-0.208487,-0.369704,0.190552,0.644985,-0.515691,-0.24025,-0.256077,-0.183528,-0.06427,-0.487783,-0.332455,0.052283,-0.332455,0.0,0.086625,-0.394735,0.003866,-0.025951,0.038855,0.645647,0.007342,0.663374,-0.374109,0.190649,-0.506797,0.040003,0.551027,0.505164,-0.207638,-0.05507,-0.688605,-0.25645,0.395371,-0.38785,-0.027171,0.29974,-0.00319,-0.174779,0.177244,0.652733,-0.634885,0.023916,-0.516857,-0.372085,#
5,0.375299,0.452911,0.04292,-0.998306,-0.340449,1.0,1.0,1.0,0.190328,0.787031,-0.256678,0.282832,0.819145,1.0,0.5871,0.655088,-0.076884,0.36488,0.710906,-0.095584,0.430055,0.384684,0.632939,-0.044645,-0.011444,-0.326998,0.373142,-0.362787,0.61595,0.401075,-0.217241,-0.13777,0.094747,-0.076884,-0.632229,0.045757,0.139737,-0.210931,-0.187754,-0.513017,0.077298,0.526037,0.31597,-0.224977,-0.001157,-0.848578,0.174264,-0.554974,-0.21326,0.470274,-0.169356,-0.282962,0.401054,0.439075,0.630588,0.570048,-0.537261,-0.835828,-0.398712,0.496077,0.792084,-0.059201,-0.323837,0.620204,0.118717,0.738128,-0.314888,0.624643,-0.575727,-0.15398,0.011836,0.511766,-0.601591,-0.319259,-0.198497,0.384932,-0.366156,-0.407649,0.047744,-0.055138,0.106573,-0.834177,-0.564492,-0.011153,-0.796679,-0.162603,-0.41222,-0.280017,0.047744,-0.391827,-0.165932,-0.854777,-0.585127,0.325304,-0.280017,-0.636051,-0.51376,-0.440384,-0.011153,-0.818849,0.152687,-0.105158,-0.993847,-0.331029,-0.706316,-0.375145,-0.532994,-0.184793,0.0,-0.57725,-0.148179,0.401158,-0.675208,-0.665444,0.177405,0.076892,-0.60834,-0.165932,0.270889,-0.632584,-0.407649,-0.871772,-0.564492,-0.800607,-0.404596,-0.303743,-0.070729,-0.126099,-0.756313,-0.407649,-0.303743,-0.070729,-0.467218,0.128883,-0.661572,-0.60834,0.319368,-0.585127,-0.0146,-0.993847,-0.331029,-0.251921,-0.358658,-0.385195,-0.722748,-0.381606,0.0,0.63565,-0.674815,-0.439647,-0.179155,-0.551594,-0.206696,-0.611474,0.087735,-0.6193,0.322739,0.829034,-0.566094,-0.331029,0.384469,-0.391493,-0.384143,-0.460446,0.200943,0.381909,-0.407649,0.266824,-0.407649,0.0,0.128272,-0.188428,-0.611474,-0.28367,0.661846,-0.531874,-0.150412,-0.099431,0.998002,-0.800607,0.729928,0.681396,-0.072274,0.064905,0.787522,0.223665,0.288619,-0.116521,-0.629045,0.583103,-0.450506,-0.46928,0.611673,-0.224951,-0.554742,-0.033714,0.331027,-0.319259,-0.494557,0.636709,#
6,0.375299,0.452911,0.04292,-0.998306,-0.340449,1.0,1.0,1.0,0.190328,0.787031,-0.256678,0.282832,0.819145,1.0,0.5871,0.655088,-0.076884,0.36488,0.710906,-0.095584,0.430055,0.384684,0.632939,-0.044645,-0.011444,-0.326998,0.373142,-0.362787,0.61595,0.401075,-0.217241,-0.13777,0.094747,-0.076884,-0.632229,0.045757,0.139737,-0.210931,-0.187754,-0.513017,0.077298,0.526037,0.31597,-0.224977,-0.001157,-0.848578,0.174264,-0.554974,-0.21326,0.470274,-0.169356,-0.282962,0.401054,0.439075,0.630588,0.570048,-0.537261,-0.835828,-0.398712,0.496077,0.792084,-0.059201,-0.323837,0.620204,0.118717,0.738128,-0.314888,0.624643,-0.575727,-0.15398,0.011836,0.511766,-0.601591,-0.319259,-0.198497,0.384932,-0.366156,-0.407649,0.047744,-0.055138,0.106573,-0.834177,-0.564492,-0.011153,-0.796679,-0.162603,-0.41222,-0.280017,0.047744,-0.391827,-0.165932,-0.854777,-0.585127,0.325304,-0.280017,-0.636051,-0.51376,-0.440384,-0.011153,-0.818849,0.152687,-0.105158,-0.993847,-0.331029,-0.706316,-0.375145,-0.532994,-0.184793,0.0,-0.57725,-0.148179,0.401158,-0.675208,-0.665444,0.177405,0.076892,-0.60834,-0.165932,0.270889,-0.632584,-0.407649,-0.871772,-0.564492,-0.800607,-0.404596,-0.303743,-0.070729,-0.126099,-0.756313,-0.407649,-0.303743,-0.070729,-0.467218,0.128883,-0.661572,-0.60834,0.319368,-0.585127,-0.0146,-0.993847,-0.331029,-0.251921,-0.358658,-0.385195,-0.722748,-0.381606,0.0,0.63565,-0.674815,-0.439647,-0.179155,-0.551594,-0.206696,-0.611474,0.087735,-0.6193,0.322739,0.829034,-0.566094,-0.331029,0.384469,-0.391493,-0.384143,-0.460446,0.200943,0.381909,-0.407649,0.266824,-0.407649,0.0,0.128272,-0.188428,-0.611474,-0.28367,0.661846,-0.531874,-0.150412,-0.099431,0.998002,-0.800607,0.729928,0.681396,-0.072274,0.064905,0.787522,0.223665,0.288619,-0.116521,-0.629045,0.583103,-0.450506,-0.46928,0.611673,-0.224951,-0.554742,-0.033714,0.331027,-0.319259,-0.494557,0.636709,#
7,0.375299,0.452911,0.04292,-0.998306,-0.340449,1.0,1.0,1.0,0.190328,0.787031,-0.256678,0.282832,0.819145,1.0,0.5871,0.655088,-0.076884,0.36488,0.710906,-0.095584,0.430055,0.384684,0.632939,-0.044645,-0.011444,-0.326998,0.373142,-0.362787,0.61595,0.401075,-0.217241,-0.13777,0.094747,-0.076884,-0.632229,0.045757,0.139737,-0.210931,-0.187754,-0.513017,0.077298,0.526037,0.31597,-0.224977,-0.001157,-0.848578,0.174264,-0.554974,-0.21326,0.470274,-0.169356,-0.282962,0.401054,0.439075,0.630588,0.570048,-0.537261,-0.835828,-0.398712,0.496077,0.792084,-0.059201,-0.323837,0.620204,0.118717,0.738128,-0.314888,0.624643,-0.575727,-0.15398,0.011836,0.511766,-0.601591,-0.319259,-0.198497,0.384932,-0.366156,-0.407649,0.047744,-0.055138,0.106573,-0.834177,-0.564492,-0.011153,-0.796679,-0.162603,-0.41222,-0.280017,0.047744,-0.391827,-0.165932,-0.854777,-0.585127,0.325304,-0.280017,-0.636051,-0.51376,-0.440384,-0.011153,-0.818849,0.152687,-0.105158,-0.993847,-0.331029,-0.706316,-0.375145,-0.532994,-0.184793,0.0,-0.57725,-0.148179,0.401158,-0.675208,-0.665444,0.177405,0.076892,-0.60834,-0.165932,0.270889,-0.632584,-0.407649,-0.871772,-0.564492,-0.800607,-0.404596,-0.303743,-0.070729,-0.126099,-0.756313,-0.407649,-0.303743,-0.070729,-0.467218,0.128883,-0.661572,-0.60834,0.319368,-0.585127,-0.0146,-0.993847,-0.331029,-0.251921,-0.358658,-0.385195,-0.722748,-0.381606,0.0,0.63565,-0.674815,-0.439647,-0.179155,-0.551594,-0.206696,-0.611474,0.087735,-0.6193,0.322739,0.829034,-0.566094,-0.331029,0.384469,-0.391493,-0.384143,-0.460446,0.200943,0.381909,-0.407649,0.266824,-0.407649,0.0,0.128272,-0.188428,-0.611474,-0.28367,0.661846,-0.531874,-0.150412,-0.099431,0.998002,-0.800607,0.729928,0.681396,-0.072274,0.064905,0.787522,0.223665,0.288619,-0.116521,-0.629045,0.583103,-0.450506,-0.46928,0.611673,-0.224951,-0.554742,-0.033714,0.331027,-0.319259,-0.494557,0.636709,#
8,-0.078108,-0.198123,-0.483164,-0.190082,0.043987,0.190328,0.190328,0.190328,1.0,-0.021499,-0.280807,-0.116758,0.35888,0.190328,0.616188,-0.166359,0.425832,-0.060818,0.066975,-0.11146,0.064987,0.378677,0.106101,-0.041059,-0.420293,0.159208,0.067874,0.476495,0.211803,0.407411,-0.403478,-0.567026,0.066476,0.445802,0.205578,0.022711,-0.40546,-0.632314,0.241152,-0.122538,0.533398,0.026157,-0.109201,0.449745,0.01054,0.015438,0.186508,-0.190818,0.252079,-0.234444,-0.198123,0.045642,-0.11224,0.038818,0.122706,0.663321,0.349981,-0.024607,-0.028269,0.297523,-0.071693,0.408716,0.522122,0.499708,0.135031,0.007322,-0.311742,0.084608,0.001229,-0.503845,-0.063507,-0.027985,-0.018647,0.11808,0.228248,-0.295411,0.081951,0.271664,0.079712,-0.0,-0.248112,-0.066759,0.216526,-0.437696,0.047446,0.632597,0.357742,0.134191,-0.398562,-0.337877,0.266363,-0.071661,-0.166359,0.323787,0.134191,-0.201574,-0.060082,-0.014561,-0.437696,-0.452258,0.642609,0.407495,-0.215418,0.515904,-0.322998,-0.347126,-0.124913,-0.369609,0.0,-0.140315,-0.39641,-0.101874,0.104307,-0.226511,-0.497972,0.112269,0.387688,0.266363,-0.105331,0.251815,0.271664,-0.081997,-0.215418,-0.355691,0.095964,-0.272153,-0.03948,-0.19373,-0.448027,0.271664,-0.272153,-0.03948,-0.438652,0.026611,-0.280857,0.387688,0.323907,-0.166359,-0.488286,-0.215418,0.047446,-0.508792,0.088923,0.115483,-0.311209,-0.529967,0.0,-0.332206,-0.273924,0.038638,0.081616,-0.496979,0.23037,-0.101874,0.086287,-0.569214,0.336355,0.127493,-0.134701,0.047446,-0.159989,0.064046,0.514641,-0.19842,-0.66121,-0.161843,0.271664,-0.147817,0.271664,0.0,-0.523683,-0.238775,-0.101874,0.518908,0.225317,-0.097179,-0.60811,-0.133751,0.142195,-0.355691,0.116291,0.664014,0.39441,-0.469214,-0.117416,0.044604,-0.138278,-0.120322,-0.24611,-0.265643,-0.454696,-0.512192,0.051729,-0.367838,0.12965,0.331409,-0.091752,0.11808,-0.499387,0.2263,#
9,0.259564,0.320258,0.475629,-0.816115,-0.592068,0.787031,0.787031,0.787031,-0.021499,1.0,0.010105,-0.009185,0.63689,0.787031,0.373266,0.828956,-0.49976,0.577848,0.552759,0.013377,0.177936,0.599549,0.479921,0.062328,0.205541,-0.185386,0.311316,-0.146703,0.39909,0.507525,0.397003,0.255584,0.236294,-0.49976,-0.367253,-0.211444,0.563179,0.051829,-0.009793,-0.814065,0.218931,0.549876,0.644776,0.205146,-0.207739,-0.975969,0.161306,0.022716,-0.407343,0.334268,-0.298861,0.140555,0.507498,0.333937,0.499025,0.36118,-0.68929,-0.614789,-0.417853,0.006329,0.676605,0.023561,-0.394639,0.429957,-0.0428,0.491868,-0.173603,0.451089,-0.890415,0.459605,0.435723,0.46955,-0.4918,-0.053213,-0.0204,0.358815,-0.222831,-0.333253,0.188999,0.160951,0.370287,-0.613946,-0.385286,0.418861,-0.651285,0.01464,-0.194123,-0.015059,0.188999,-0.248083,-0.392434,-0.635093,-0.404986,0.652378,-0.015059,-0.456484,-0.340521,-0.619855,0.418861,-0.598696,-0.003296,0.003875,-0.81247,-0.187991,-0.439063,-0.231258,-0.615808,0.023149,0.0,-0.246369,0.23909,0.50763,-0.407362,-0.48641,0.074078,-0.067025,-0.497318,-0.392434,0.598832,-0.7647,-0.333253,-0.652715,-0.385286,-0.654496,-0.391289,-0.037776,0.145736,0.201321,-0.538582,-0.333253,-0.037776,0.145736,-0.248844,0.384321,-0.808487,-0.497318,-0.333253,-0.404986,0.412045,-0.81247,-0.187991,0.057078,-0.214783,-0.371986,-0.45555,0.040257,0.0,0.442871,-0.407274,-0.296643,-0.353134,-0.377881,-0.0293,-0.49988,0.000345,-0.439346,0.21146,0.749779,-0.234108,-0.187991,0.758154,-0.247524,-0.240924,0.127696,0.513277,0.478999,-0.333253,-0.007609,-0.333253,0.0,0.439112,-0.022479,-0.49988,-0.018555,0.378413,-0.64246,-0.041706,-0.249334,0.80117,-0.654496,0.919959,0.389591,-0.523009,-0.052192,0.628257,0.056927,0.606773,0.213381,-0.807877,0.393437,-0.01827,-0.31555,0.481747,0.098403,-0.39146,-0.242887,0.183369,-0.053213,-0.063506,0.810048,#
10,-0.0826,-0.321596,0.103228,0.236533,-0.052149,-0.256678,-0.256678,-0.256678,-0.280807,0.010105,1.0,-0.579295,-0.110825,-0.256678,-0.265038,-0.144581,-0.098772,-0.461487,-0.393084,-0.611575,-0.401729,-0.425191,0.089836,0.404592,0.028405,0.045347,-0.331416,-0.048777,0.124945,-0.098029,0.207206,0.666241,-0.373133,-0.611564,0.107763,0.348894,0.545929,0.130596,-0.161177,0.198142,-0.356503,-0.344348,0.352465,0.061244,0.275431,0.003398,-0.485104,0.390619,-0.120197,0.338273,-0.321596,0.550307,-0.099188,-0.317543,0.069786,0.058623,-0.132013,0.374515,0.182844,-0.555313,-0.075736,0.375443,0.209989,-0.475081,0.056701,-0.233442,0.03244,0.109022,-0.302497,0.271377,0.026789,-0.361247,-0.170897,0.126561,-0.205569,0.440083,0.049475,-0.407807,-0.38837,-0.016951,-0.265599,0.365947,-0.195093,0.056573,0.032694,-0.224792,-0.03652,0.126098,0.102866,0.058244,-0.558407,0.369156,-0.17744,-0.16523,0.126098,0.228651,-0.277696,0.0024,0.056573,-0.029999,0.036408,-0.611711,0.214431,-0.411448,0.12569,-0.37124,-0.546136,0.476798,0.0,0.296276,-0.0929,-0.088537,0.112415,0.207353,-0.284466,-0.695486,-0.1536,-0.558407,-0.112702,0.289821,-0.407807,0.362007,0.214431,0.077281,-0.434355,-0.274247,-0.008487,-0.125247,-0.095208,-0.407807,-0.274247,-0.008487,-0.016024,0.166129,-0.264638,-0.1536,-0.407807,-0.17744,0.111857,0.214431,0.069706,0.328178,-0.344254,0.128636,0.548379,0.485306,0.0,0.198464,0.119273,0.060571,-0.153684,0.169331,-0.180873,-0.088537,-0.48804,0.236105,-0.428521,-0.051074,0.297049,0.069706,-0.066928,0.051075,0.038645,0.45255,0.255275,0.378981,-0.407807,-0.158947,-0.407807,0.0,0.602702,0.21442,-0.088537,0.084051,-0.179259,-0.120718,0.388731,0.354016,-0.25364,0.077281,-0.127453,-0.184555,-0.151538,0.080846,-0.113075,0.282299,-0.129473,-0.16505,0.151845,0.128176,0.039112,0.579406,0.070288,-0.176342,0.408903,0.013431,-0.145852,0.126561,0.556574,-0.198809,#
11,0.067119,0.336613,-0.106745,-0.261463,-0.347131,0.282832,0.282832,0.282832,-0.116758,-0.009185,-0.579295,1.0,0.133295,0.282832,0.27525,0.150809,0.120239,0.444301,0.499568,0.592456,0.81669,-0.005858,-0.050771,-0.401293,0.381634,-0.05168,-0.228668,-0.379654,-0.110977,-0.407801,-0.237183,-0.136679,-0.091712,0.630162,-0.559128,0.061875,-0.570666,0.281802,-0.249384,-0.187265,-0.09148,0.327997,-0.381082,-0.443404,0.182426,-0.015296,0.119635,-0.441164,0.022213,-0.319099,0.336613,-0.564816,0.102534,0.281451,-0.090771,0.062094,-0.314223,-0.402522,-0.193586,0.606369,0.060116,-0.386035,-0.224366,0.487733,-0.058871,0.105188,-0.525141,0.012086,0.252628,-0.191866,-0.073506,0.473766,0.170976,-0.572059,-0.251755,-0.453935,0.37333,0.395059,0.381379,-0.015307,0.22492,-0.395156,-0.238749,-0.140463,-0.071368,-0.232603,-0.395156,-0.164498,-0.088319,0.321764,0.155877,-0.384068,-0.257632,0.096882,-0.164498,-0.238749,-0.198952,-0.005473,-0.140463,-0.001425,-0.035408,0.092351,-0.238749,-0.071368,-0.148696,0.330831,0.067108,0.035384,0.0,-0.361551,-0.169977,0.092351,-0.572059,-0.231612,0.237484,0.289855,0.137121,0.155877,0.0634,-0.287734,0.395059,-0.377687,-0.662949,-0.097405,-0.125392,-0.173493,0.008115,0.089817,0.067011,0.395059,-0.173493,0.008115,-0.001425,0.362545,0.254322,0.137121,0.446365,-0.257632,-0.162893,-0.238749,-0.531427,0.155135,-0.097405,-0.125392,-0.164498,0.031353,0.0,0.053022,-0.188982,-0.06191,-0.285305,0.221743,-0.238749,0.092351,0.415936,0.12721,0.013098,0.234443,-0.377404,-0.531427,-0.214391,-0.089121,-0.042588,-0.563095,-0.318971,0.135009,0.395059,0.196465,0.395059,0.0,-0.572597,0.16861,0.092351,-0.557935,0.228674,0.069177,0.046635,-0.301379,0.306497,-0.097405,-0.142589,-0.188866,0.174029,-0.050447,0.145431,-0.077331,0.127575,0.0634,0.271539,0.291992,-0.140463,-0.132854,-0.03916,-0.11987,-0.3968,-0.386868,0.577437,-0.572059,-0.10707,-0.250654,#
12,0.530528,-0.136597,-0.371577,-0.821075,-0.170173,0.819145,0.819145,0.819145,0.35888,0.63689,-0.110825,0.133295,1.0,0.819145,0.375288,0.533397,0.346261,0.185052,0.359604,-0.207441,0.253387,0.204417,0.764867,-0.151002,-0.221616,-0.486636,0.025282,-0.169088,0.406538,0.32657,-0.277402,-0.089002,0.409768,-0.187332,-0.505458,0.248208,0.255239,-0.4793,-0.372671,-0.308277,-0.053926,0.156486,0.48874,-0.031031,-0.313962,-0.674853,-0.111707,-0.443286,-0.172369,0.553994,-0.136597,-0.256464,0.326552,0.718517,0.763173,0.697008,-0.445717,-0.692812,-0.306214,0.362429,0.532396,0.354072,-0.170763,0.785841,-0.289122,0.490579,-0.473358,0.774379,-0.476747,-0.159588,0.058177,0.142407,-0.749836,-0.598417,-0.384302,0.463117,-0.112325,-0.508103,-0.085194,-0.267518,-0.140386,-0.741806,-0.407196,-0.426852,-0.591819,0.03044,-0.288114,-0.173933,-0.085194,-0.558081,-0.349025,-0.755793,-0.800095,0.442736,-0.173933,-0.854046,-0.71705,-0.682447,-0.426852,-0.725326,0.253218,-0.217758,-0.868843,-0.091148,-0.636005,-0.540363,-0.490573,-0.39843,0.0,-0.534849,-0.532271,0.326637,-0.613137,-0.884992,-0.204584,-0.170786,-0.284816,-0.349025,-0.026488,-0.577375,-0.508103,-0.770152,-0.407196,-0.997894,-0.315513,-0.581734,-0.284567,-0.056756,-0.675599,-0.508103,-0.581734,-0.284567,-0.710785,0.269689,-0.591341,-0.284816,0.273594,-0.800095,-0.427292,-0.868843,-0.091148,-0.088885,-0.522706,-0.294652,-0.649961,-0.38898,0.0,0.624788,-0.609275,-0.60855,-0.439256,-0.758,-0.3924,-0.762154,0.147156,-0.836489,0.035191,0.938836,-0.529278,-0.091148,0.050945,-0.557941,-0.123365,-0.475585,-0.086292,0.279699,-0.508103,0.116054,-0.508103,0.0,0.213057,-0.420765,-0.762154,-0.181572,0.521872,-0.489235,-0.265879,0.007982,0.795485,-0.997894,0.56726,0.537288,0.322164,0.148313,0.507341,-0.132361,-0.0283,-0.042509,-0.529521,0.349568,-0.445021,-0.224661,0.744061,-0.584495,-0.24717,0.138447,0.017263,-0.598417,-0.482379,0.514235,#
13,0.375299,0.452911,0.04292,-0.998306,-0.340449,1.0,1.0,1.0,0.190328,0.787031,-0.256678,0.282832,0.819145,1.0,0.5871,0.655088,-0.076884,0.36488,0.710906,-0.095584,0.430055,0.384684,0.632939,-0.044645,-0.011444,-0.326998,0.373142,-0.362787,0.61595,0.401075,-0.217241,-0.13777,0.094747,-0.076884,-0.632229,0.045757,0.139737,-0.210931,-0.187754,-0.513017,0.077298,0.526037,0.31597,-0.224977,-0.001157,-0.848578,0.174264,-0.554974,-0.21326,0.470274,-0.169356,-0.282962,0.401054,0.439075,0.630588,0.570048,-0.537261,-0.835828,-0.398712,0.496077,0.792084,-0.059201,-0.323837,0.620204,0.118717,0.738128,-0.314888,0.624643,-0.575727,-0.15398,0.011836,0.511766,-0.601591,-0.319259,-0.198497,0.384932,-0.366156,-0.407649,0.047744,-0.055138,0.106573,-0.834177,-0.564492,-0.011153,-0.796679,-0.162603,-0.41222,-0.280017,0.047744,-0.391827,-0.165932,-0.854777,-0.585127,0.325304,-0.280017,-0.636051,-0.51376,-0.440384,-0.011153,-0.818849,0.152687,-0.105158,-0.993847,-0.331029,-0.706316,-0.375145,-0.532994,-0.184793,0.0,-0.57725,-0.148179,0.401158,-0.675208,-0.665444,0.177405,0.076892,-0.60834,-0.165932,0.270889,-0.632584,-0.407649,-0.871772,-0.564492,-0.800607,-0.404596,-0.303743,-0.070729,-0.126099,-0.756313,-0.407649,-0.303743,-0.070729,-0.467218,0.128883,-0.661572,-0.60834,0.319368,-0.585127,-0.0146,-0.993847,-0.331029,-0.251921,-0.358658,-0.385195,-0.722748,-0.381606,0.0,0.63565,-0.674815,-0.439647,-0.179155,-0.551594,-0.206696,-0.611474,0.087735,-0.6193,0.322739,0.829034,-0.566094,-0.331029,0.384469,-0.391493,-0.384143,-0.460446,0.200943,0.381909,-0.407649,0.266824,-0.407649,0.0,0.128272,-0.188428,-0.611474,-0.28367,0.661846,-0.531874,-0.150412,-0.099431,0.998002,-0.800607,0.729928,0.681396,-0.072274,0.064905,0.787522,0.223665,0.288619,-0.116521,-0.629045,0.583103,-0.450506,-0.46928,0.611673,-0.224951,-0.554742,-0.033714,0.331027,-0.319259,-0.494557,0.636709,#
14,-0.062049,0.452938,0.019356,-0.586086,-0.334686,0.5871,0.5871,0.5871,0.616188,0.373266,-0.265038,0.27525,0.375288,0.5871,1.0,0.233543,-0.07343,0.342568,0.605163,-0.11146,0.441073,0.378677,0.124887,-0.041059,-0.019703,0.159208,0.067874,0.076303,0.61318,0.407411,-0.249713,-0.44408,-0.349833,0.445802,-0.193862,0.037974,-0.385411,-0.219274,0.241152,-0.50973,0.533398,0.524583,-0.125412,0.133092,0.438315,-0.398074,0.186508,-0.356459,0.272567,-0.209311,-0.173082,0.173373,-0.11224,-0.098833,0.140815,0.788489,-0.072387,-0.412978,-0.52489,0.497471,0.359613,-0.075192,0.119664,0.518904,0.612914,0.348317,-0.311742,0.103838,-0.305984,-0.336195,0.007371,0.488776,-0.018647,0.11808,0.228248,-0.271165,0.108017,0.271664,0.079712,0.366749,0.126114,-0.406905,-0.129583,0.01564,-0.32792,0.281258,0.017597,0.157984,-0.398562,0.055919,0.266363,-0.418856,-0.166359,0.34937,0.157984,-0.201574,-0.060082,-0.014561,0.01564,-0.792403,0.661545,0.407495,-0.561528,0.140537,-0.676541,-0.347126,-0.498456,0.120589,0.0,-0.115223,-0.117248,0.387904,-0.240016,-0.226511,-0.035603,0.112269,-0.055283,0.266363,0.294408,-0.138072,0.271664,-0.432211,-0.561528,-0.355691,-0.391991,-0.272153,-0.03948,-0.132267,-0.769886,0.271664,-0.272153,-0.03948,-0.438652,0.191754,-0.631694,-0.055283,0.323907,-0.166359,-0.018091,-0.561528,-0.32792,-0.478919,0.088923,0.135814,-0.287417,-0.410246,0.0,-0.073881,-0.250773,0.038638,0.081616,-0.098759,0.23037,-0.101874,0.11536,-0.204333,0.336355,0.314433,-0.10994,-0.32792,0.156946,0.064046,0.116065,-0.161946,-0.253433,0.367922,0.271664,-0.147817,0.271664,0.0,-0.484626,0.202584,-0.101874,0.165364,0.655723,-0.072235,-0.16514,-0.105462,0.575055,-0.355691,0.288319,0.691709,-0.069134,-0.437268,0.340346,0.542973,0.314349,-0.095338,-0.219171,0.162468,-0.426362,-0.483725,0.085407,-0.189737,-0.342049,-0.026153,0.356915,0.11808,-0.470514,0.2263,#
15,0.562178,0.281778,0.407234,-0.666516,-0.404017,0.655088,0.655088,0.655088,-0.166359,0.828956,-0.144581,0.150809,0.533397,0.655088,0.233543,1.0,-0.40815,0.468792,0.539982,0.111666,0.376177,0.414363,0.407121,-0.40165,0.003092,-0.52661,0.144982,0.045172,0.257356,0.612246,0.443249,0.05978,0.367829,-0.40815,-0.13526,-0.400746,0.472089,0.289198,0.150183,-0.664841,0.350238,0.461157,0.51349,0.010152,-0.345869,-0.797067,-0.01136,-0.120809,-0.055501,0.293294,0.281778,0.097596,0.612213,0.279672,0.40755,0.197487,-0.805674,-0.815777,-0.557243,0.166665,0.552579,0.135745,-0.566095,0.32401,-0.13145,0.332851,-0.049514,0.360635,-0.77889,0.459987,0.398788,0.459731,-0.40165,-0.205687,-0.24401,0.293042,-0.097771,-0.272166,0.319438,0.358241,0.614116,-0.812769,-0.230796,0.330638,-0.5319,-0.224521,-0.387483,0.223112,0.319438,-0.123091,-0.237611,-0.448569,-0.25,0.522461,0.223112,-0.30292,-0.190611,-0.814776,0.330638,-0.41111,-0.086811,0.102062,-0.663538,-0.062576,-0.206284,-0.105842,-0.32693,0.210683,0.0,0.047059,0.116346,0.612372,-0.564445,-0.660973,0.445622,-0.173221,-0.406156,-0.237611,0.478972,-0.844961,-0.272166,-0.467066,-0.230796,-0.534522,-0.508411,0.200904,-0.047831,0.499507,-0.352119,-0.272166,0.200904,-0.047831,-0.056705,0.290053,-0.579998,-0.406156,-0.272166,-0.25,0.354599,-0.663538,-0.062576,0.33615,-0.089087,0.0,-0.223112,0.02079,0.0,0.309528,-0.173676,-0.529701,-0.126544,-0.228203,0.129823,-0.408248,0.387729,-0.285133,0.141138,0.574592,-0.36119,-0.062576,0.567982,-0.534251,-0.11628,0.038003,0.573576,0.110395,-0.272166,0.152433,-0.272166,0.0,0.374393,0.126462,-0.408248,-0.181727,0.156957,-0.353448,0.055385,0.064845,0.665235,-0.534522,0.705009,0.161593,-0.40708,-0.126481,0.524647,-0.123325,0.506971,0.088506,-0.578196,0.256484,-0.112181,-0.154238,0.40704,0.272166,-0.217652,-0.409806,0.081809,-0.205687,-0.168467,0.57509,#
16,0.283121,-0.611746,-0.997276,0.107063,0.524481,-0.076884,-0.076884,-0.076884,0.425832,-0.49976,-0.098772,0.120239,0.346261,-0.076884,-0.07343,-0.40815,1.0,-0.494839,-0.318125,-0.249884,0.027847,-0.49944,0.271806,-0.2459,-0.499708,-0.322404,-0.389856,0.027029,-0.069898,-0.249888,-0.745701,-0.371421,0.214364,0.350562,-0.083434,0.532387,-0.351163,-0.602828,-0.407759,0.639025,-0.327163,-0.527858,-0.191738,-0.227765,-0.14733,0.437816,-0.350372,-0.462422,0.289667,0.209741,0.202579,-0.418467,-0.249875,0.416133,0.248606,0.334941,0.335338,0.005751,0.172968,0.342121,-0.262698,0.415299,0.297749,0.35611,-0.325543,-0.094998,-0.321791,0.317476,0.531804,-0.684713,-0.423402,-0.451647,-0.2459,-0.609136,-0.407948,0.087217,0.182704,-0.166627,-0.325947,-0.497135,-0.608725,-0.055137,0.043983,-0.990437,0.162633,0.050624,-0.055137,-0.142844,-0.325947,-0.326559,0.049061,-0.044468,-0.40815,-0.258041,-0.142844,-0.406235,-0.393084,-0.049129,-0.990437,-0.055137,0.283644,-0.24994,0.043983,0.162633,-0.147518,-0.327082,0.196978,-0.476856,0.0,-0.265888,-0.890374,-0.24994,-0.161242,-0.404665,-0.365496,-0.146416,0.327556,0.049061,-0.758596,0.277899,-0.166627,-0.038898,0.043983,-0.327248,0.132744,-0.609136,-0.497817,-0.273062,-0.074073,-0.166627,-0.609136,-0.497817,-0.497598,-0.129598,0.315713,0.327556,0.650171,-0.40815,-0.982637,0.043983,0.162633,-0.125991,-0.327248,0.132744,-0.142844,-0.448233,0.0,0.14265,-0.156714,-0.324297,-0.10269,-0.393733,-0.406235,-0.24994,0.16247,-0.40732,-0.255705,0.142512,-0.275018,0.162633,-0.865288,-0.327082,0.193029,-0.637779,-0.721825,-0.271174,-0.166627,0.100439,-0.166627,0.0,-0.260283,-0.451843,-0.24994,-0.147518,0.085326,0.228495,-0.248659,0.309673,-0.121275,-0.327248,-0.483551,0.087847,0.996072,0.22743,-0.237753,-0.266791,-0.773051,-0.271114,0.384243,-0.126772,-0.437595,0.169772,0.248358,-0.780858,0.243917,0.449015,-0.247339,-0.609136,-0.423826,-0.406718,#
17,-0.125281,0.321381,0.495044,-0.39188,-0.573404,0.36488,0.36488,0.36488,-0.060818,0.577848,-0.461487,0.444301,0.185052,0.36488,0.342568,0.468792,-0.494839,1.0,0.440744,0.554602,0.228646,0.598449,-0.034931,-0.033974,0.58175,0.225338,0.047655,-0.101106,-0.053355,0.029151,0.473422,0.055911,0.279689,0.029884,-0.319567,-0.261594,0.054703,0.125222,0.048766,-0.806049,0.262655,0.56817,0.22674,0.369725,-0.233441,-0.51365,0.347433,0.225422,-0.294,-0.351524,-0.184731,0.052063,0.050493,0.377675,-0.020496,0.098302,-0.277114,-0.250558,-0.508049,0.040413,0.215996,-0.485263,-0.428744,0.543169,-0.05718,0.190075,-0.157002,-0.079285,-0.295974,0.506011,0.51572,0.524635,0.101921,-0.02227,0.353638,-0.33372,0.28607,0.356369,0.311893,0.268242,0.506766,-0.244745,0.068555,0.502225,-0.17146,0.403341,0.184246,0.098101,-0.171438,0.232807,0.056233,-0.544544,0.03233,0.724951,0.098101,-0.367957,0.132333,-0.253883,0.502225,-0.135664,-0.035976,0.534554,-0.367957,0.301952,-0.319649,0.2586,-0.093115,-0.107126,0.0,-0.124759,0.488057,0.534554,-0.02227,-0.096163,0.003504,0.379999,0.066253,0.056233,0.670079,-0.698185,0.356369,-0.537483,-0.367957,-0.198736,0.117115,0.088151,0.189743,0.335408,-0.0618,0.356369,0.088151,0.189743,-0.135664,0.476825,-0.32902,0.066253,-0.329972,0.03233,0.435343,-0.367957,-0.17146,-0.033208,0.25058,-0.297924,-0.352009,0.085498,0.0,-0.043727,0.060362,0.126386,-0.45118,0.109663,0.068555,0.019798,0.174517,0.008297,0.068446,0.39342,0.192177,-0.17146,0.575876,0.142254,-0.141782,0.220422,0.139595,0.445024,0.356369,-0.364141,0.356369,0.0,-0.135779,0.059098,0.019798,0.012862,0.363189,-0.136622,-0.026859,-0.618651,0.398069,-0.198736,0.482715,-0.062693,-0.478484,-0.030346,0.204123,-0.156128,0.663248,0.670079,-0.36207,-0.01352,0.502225,-0.264673,-0.014975,0.203982,-0.546828,-0.289074,0.230674,-0.02227,0.009337,0.413051,#
18,0.36111,0.654137,0.290943,-0.697665,-0.508957,0.710906,0.710906,0.710906,0.066975,0.552759,-0.393084,0.499568,0.359604,0.710906,0.605163,0.539982,-0.318125,0.440744,1.0,0.231274,0.649232,0.425176,-0.070244,-0.368974,-0.013099,-0.257661,0.314155,-0.416538,0.611724,0.277428,-0.123777,-0.144728,-0.185937,0.226377,-0.370809,0.001585,-0.083296,0.280576,-0.139951,-0.583144,0.285258,0.925657,-0.264366,-0.244146,0.331463,-0.51004,0.053791,-0.303951,0.082992,-0.031327,0.003902,-0.217802,0.380924,0.041106,0.452365,0.301809,-0.496074,-0.680927,-0.327354,0.290759,0.791446,-0.253246,-0.010451,0.374842,0.31569,0.713962,-0.204084,0.451389,-0.462689,-0.075458,0.353376,0.39224,-0.339875,-0.094179,0.167235,-0.090661,-0.163799,0.06783,0.364885,-0.004762,0.13969,-0.63359,-0.6435,0.247208,-0.276819,-0.216524,-0.612391,-0.357104,-0.136666,0.255643,-0.16581,-0.522905,-0.249222,0.251117,-0.357104,-0.179748,-0.080008,-0.164549,0.247208,-0.513467,0.334362,0.127181,-0.665069,-0.253426,-0.386804,0.239916,-0.358246,0.15593,0.0,-0.329693,0.104386,0.279798,-0.576995,-0.310079,0.370696,0.450753,-0.381887,-0.16581,0.171271,-0.427916,0.06783,-0.537153,-0.6435,-0.333037,-0.312545,0.027419,-0.059603,0.28728,-0.493941,0.06783,0.027419,-0.059603,-0.036508,0.193584,-0.393561,-0.381887,0.237404,-0.249222,0.29768,-0.665069,-0.744683,-0.105496,-0.310835,-0.108757,-0.379346,-0.177202,0.0,0.2113,-0.44847,-0.385479,0.0,0.012926,-0.158179,-0.432415,0.483154,-0.168179,0.669672,0.4114,-0.457799,-0.744683,0.395034,0.111793,-0.178017,-0.314447,0.164126,0.249335,0.06783,0.05206,0.06783,0.0,-0.227182,0.438375,-0.432415,-0.026929,0.407936,-0.338099,0.239255,-0.238006,0.726391,-0.333037,0.494353,0.419987,-0.292324,-0.268767,0.812753,0.441618,0.696386,0.136238,-0.37214,0.701746,-0.348739,-0.663823,0.458245,0.123327,-0.724418,-0.588923,0.782044,-0.094179,-0.256413,0.383024,#
19,-0.219407,0.172515,0.261644,0.087626,-0.498572,-0.095584,-0.095584,-0.095584,-0.11146,0.013377,-0.611575,0.592456,-0.207441,-0.095584,-0.11146,0.111666,-0.249884,0.554602,0.231274,1.0,0.479449,0.511714,-0.362124,-0.245905,0.484574,0.259073,0.096207,0.028258,-0.610555,-0.249893,0.321033,0.09579,0.235621,0.375058,-0.08221,-0.498491,-0.325563,0.451075,0.10213,-0.40704,0.215054,0.295055,-0.213227,0.12231,-0.211136,0.05118,0.491475,0.185541,-0.319773,-0.638401,0.172515,-0.412727,0.399595,0.117795,-0.386045,-0.443173,-0.213666,0.006133,0.222538,0.102038,-0.222335,-0.260748,-0.078553,0.212926,-0.396825,-0.233636,-0.321797,-0.331422,0.13755,0.30348,0.289365,0.370692,0.455447,-0.091947,0.099414,-0.671535,0.261397,0.650799,0.814267,0.019312,0.435101,0.013319,0.113641,0.274043,0.238182,0.121335,0.013319,-0.071019,0.238622,0.227979,0.106498,0.025407,0.092413,0.384533,-0.071019,0.113641,0.149263,0.007465,0.274043,0.514419,-0.379061,0.363127,0.113641,0.238182,0.444471,0.752337,0.355238,-0.093367,0.0,-0.190143,0.355484,-0.249944,-0.091947,0.120818,0.056485,0.486005,0.416714,0.106498,0.356391,-0.163804,0.650799,0.031585,-0.406242,0.207878,0.337206,0.415307,0.526557,0.345023,0.595799,0.650799,0.415307,0.526557,0.514419,0.401616,0.435101,0.416714,-0.16663,0.092413,0.217098,0.113641,-0.325648,0.325172,0.207878,-0.323503,-0.071019,0.382333,0.0,-0.412121,-0.086826,0.248428,-0.284756,0.167034,0.113641,0.363127,0.310864,0.106498,0.252582,-0.083587,-0.200272,-0.325648,0.231775,0.217864,0.273249,-0.053558,-0.15865,-0.228108,0.650799,0.12039,0.650799,0.0,-0.454297,0.103321,0.363127,-0.076367,-0.384379,-0.195379,-0.248663,-0.736265,-0.066165,0.207878,0.112774,-0.395734,-0.228108,-0.330816,-0.179474,-0.50026,0.381888,0.356391,-0.105958,-0.072267,0.274043,-0.348665,-0.340164,0.431007,-0.116628,-0.49528,0.371393,-0.091947,0.301362,0.119005,#
20,0.194485,0.399457,-0.039392,-0.411313,-0.530156,0.430055,0.430055,0.430055,0.064987,0.177936,-0.401729,0.81669,0.253387,0.430055,0.441073,0.376177,0.027847,0.228646,0.649232,0.479449,1.0,0.174141,0.041233,-0.491048,0.165733,-0.170423,-0.107563,-0.152933,0.057482,-0.009073,-0.183816,-0.093967,-0.229092,0.536627,-0.373133,-0.137591,-0.478548,0.430626,-0.015966,-0.336904,0.211889,0.415719,-0.29737,-0.405749,0.308503,-0.195165,0.115378,-0.489083,0.087528,-0.252185,0.399457,-0.423038,0.479401,0.009442,0.002129,0.217964,-0.594692,-0.585745,-0.106308,0.642628,0.185328,0.020426,-0.036149,0.394246,0.023226,0.084412,-0.642597,0.120589,-0.124425,-0.200416,-0.038892,0.558551,0.079938,-0.444456,-0.401587,-0.385825,0.236001,0.332743,0.633873,0.137458,0.327273,-0.577716,-0.387978,-0.108831,-0.191261,-0.381905,-0.577716,-0.039167,0.165228,0.185217,0.005363,-0.212288,-0.407525,0.17548,-0.039167,-0.035271,-0.343422,-0.189361,-0.108831,-0.199979,0.080156,0.0,-0.387978,-0.191261,-0.027714,0.193389,-0.228398,0.308611,0.0,-0.27144,-0.271354,-0.019197,-0.795343,-0.380278,0.293357,0.04983,0.045141,0.005363,0.133175,-0.192547,0.332743,-0.22603,-0.811226,-0.217832,-0.498851,-0.06208,0.160137,0.154177,-0.131828,0.332743,-0.06208,0.160137,0.146651,0.446617,0.013751,0.045141,0.383934,-0.407525,-0.10531,-0.387978,-0.650288,0.311447,-0.217832,-0.001594,-0.039167,0.121222,0.0,-0.017719,-0.427387,-0.181328,-0.130432,0.060482,-0.035271,0.0,0.458076,-0.037541,0.254233,0.261943,-0.671593,-0.650288,-0.081987,-0.209505,0.243704,-0.538959,-0.227754,-0.002595,0.332743,0.416259,0.332743,0.0,-0.508242,0.350304,0.0,-0.420331,0.043228,-0.225835,-0.062504,-0.185167,0.441112,-0.217832,0.079787,0.060788,0.055803,-0.472038,0.247822,0.051275,0.226192,-0.248724,0.029564,0.422639,-0.541935,-0.306841,0.03432,0.006981,-0.154508,-0.56859,0.671543,-0.444456,-0.066768,-0.052219,#
