0,1.0,0.0,-0.076808,0.092222,0.327487,0.048847,0.519187,0.225545,0.736915,0.327487,0.518937,-0.173933,0.427087,-0.4444,0.198352,0.004719,0.329311,0.220174,0.306559,0.329311,0.762367,0.044224,0.207925,0.407396,0.348227,-0.366502,-0.399633,-0.77602,0.067312,0.225961,0.031181,-0.29123,-0.153192,0.166359,-0.153192,0.284282,0.249474,-0.224266,-0.431393,0.328909,-0.106991,0.166359,-0.440107,-0.32132,0.166359,-0.244608,0.249539,0.407115,0.199751,0.987569,0.605955,-0.306053,0.166359,0.222833,0.519901,0.183742,-0.28107,0.307523,0.237619,-0.293447,-0.206189,0.284994,0.64734,-0.361902,-0.299446,0.380783,0.0,0.499526,0.592041,0.638565,-0.392656,-0.245868,0.166359,-0.446222,-0.523154,-0.179328,-0.237499,-0.104878,-0.014258,0.198681,-0.259163,-0.257484,-0.448063,-0.625679,-0.235477,-0.644976,-0.093307,-0.38159,0.368063,-0.33809,-0.290203,-0.535563,-0.524256,-0.238759,-0.630965,-0.665437,-0.140769,0.225545,-0.238759,-0.606669,0.250202,-0.027117,-0.372745,-0.104029,-0.640284,-0.115229,-0.436627,0.627363,-0.132798,-0.493025,0.47922,0.0,-0.391268,-0.630965,-0.306669,-0.48473,-0.446222,-0.372745,0.325881,-0.243961,-0.644976,-0.486137,-0.280867,-0.311055,0.053183,-0.391268,-0.665437,0.298907,0.564708,-0.616456,-0.391268,0.166359,-0.360034,-0.238759,-0.321871,0.166359,0.273938,-0.665437,-0.336289,-0.204153,-0.145319,0.406666,-0.398302,-0.106479,-0.19305,-0.219201,-0.542995,0.519529,-0.315149,-0.372745,-0.21291,-0.446222,-0.427562,-0.374308,0.249412,-0.134171,0.166359,0.499833,-0.374308,-0.145319,0.407219,0.166359,-0.53517,-0.013162,0.095468,0.629757,-0.751698,0.176762,-0.415229,0.249396,0.35277,0.387875,-0.644976,0.210495,-0.201443,-0.21291,-0.208481,0.446271,0.524204,0.331051,0.373941,-0.222824,0.22914,0.360106,0.200335,0.340405,-0.123025,-0.170806,-0.37902,0.492453,-0.21291,0.387712,0.127489,0.476669,0.349898,0.032142,0.001243,-0.21291,-0.285602,-0.217815,#
1,0.0,0.0,0.0,0.0,0.0,0.0,0.0,0.0,0.0,0.0,0.0,0.0,0.0,0.0,0.0,0.0,0.0,0.0,0.0,0.0,0.0,0.0,0.0,0.0,0.0,0.0,0.0,0.0,0.0,0.0,0.0,0.0,0.0,0.0,0.0,0.0,0.0,0.0,0.0,0.0,0.0,0.0,0.0,0.0,0.0,0.0,0.0,0.0,0.0,0.0,0.0,0.0,0.0,0.0,0.0,0.0,0.0,0.0,0.0,0.0,0.0,0.0,0.0,0.0,0.0,0.0,0.0,0.0,0.0,0.0,0.0,0.0,0.0,0.0,0.0,0.0,0.0,0.0,0.0,0.0,0.0,0.0,0.0,0.0,0.0,0.0,0.0,0.0,0.0,0.0,0.0,0.0,0.0,0.0,0.0,0.0,0.0,0.0,0.0,0.0,0.0,0.0,0.0,0.0,0.0,0.0,0.0,0.0,0.0,0.0,0.0,0.0,0.0,0.0,0.0,0.0,0.0,0.0,0.0,0.0,0.0,0.0,0.0,0.0,0.0,0.0,0.0,0.0,0.0,0.0,0.0,0.0,0.0,0.0,0.0,0.0,0.0,0.0,0.0,0.0,0.0,0.0,0.0,0.0,0.0,0.0,0.0,0.0,0.0,0.0,0.0,0.0,0.0,0.0,0.0,0.0,0.0,0.0,0.0,0.0,0.0,0.0,0.0,0.0,0.0,0.0,0.0,0.0,0.0,0.0,0.0,0.0,0.0,0.0,0.0,0.0,0.0,0.0,0.0,0.0,0.0,0.0,0.0,0.0,0.0,0.0,0.0,0.0,0.0,0.0,0.0,0.0,0.0,0.0,0.0,0.0,0.0,0.0,0.0,0.0,#
2,-0.076808,0.0,1.0,-0.158229,-0.105139,0.293987,0.43435,0.621576,-0.310825,-0.105139,-0.357342,0.547974,-0.666113,0.022712,0.427334,0.402313,0.344598,0.076054,-0.115466,0.344598,0.10239,-0.155487,0.578614,0.181794,-0.058649,0.253588,-0.179904,0.342216,-0.566004,0.087198,-0.389556,0.368194,-0.076239,-0.27194,-0.076239,-0.066685,0.127216,-0.070092,0.580467,-0.023684,0.583301,0.427334,-0.163575,0.335035,0.427334,0.095159,-0.407909,-0.233354,-0.148041,-0.015254,0.364443,0.352299,-0.27194,-0.383038,0.002074,0.132584,0.114789,-0.330469,-0.347738,-0.061004,-0.373638,0.130886,0.262963,0.494923,0.380817,0.427754,0.0,0.008386,-0.157859,-0.255051,-0.168762,-0.337431,-0.27194,-0.190577,-0.019186,-0.395793,-0.398928,-0.663251,-0.814279,-0.354244,0.338267,-0.07182,-0.174725,0.169542,-0.07182,0.153921,0.187002,-0.370246,-0.265359,0.105156,0.435308,-0.408492,-0.004016,-0.093252,-0.258113,-0.27194,0.178119,0.097121,-0.093252,-0.251894,0.186204,-0.420749,0.068006,-0.665155,-0.24594,0.58234,-0.586071,-0.12568,0.165823,0.010587,0.007759,0.0,0.089795,-0.258113,0.132997,-0.157506,-0.190577,0.068006,-0.09553,-0.574352,0.153921,0.020052,-0.090749,0.11058,0.192501,0.089795,-0.27194,0.116547,-0.092879,-0.263902,0.089795,-0.27194,-0.338482,-0.110207,0.099737,-0.271939,0.126798,0.375536,-0.162955,0.32994,0.153706,-0.225204,0.077697,0.282842,-0.371357,-0.065654,-0.019186,0.433232,-0.109949,0.068006,0.321874,-0.190577,-0.174725,-0.407909,-0.407701,-0.259597,-0.27194,0.014012,-0.407909,0.153706,0.190189,-0.27194,0.404528,-0.001806,-0.581521,0.294807,-0.102157,-0.331474,0.581876,-0.407675,0.414018,-0.012548,0.153921,0.102981,0.322999,0.321874,-0.533774,0.215797,0.457197,-0.002477,-0.04874,0.437683,0.11581,0.421693,0.105513,-0.559755,0.611053,0.32994,-0.165061,-0.364722,0.321874,-0.210859,0.28201,0.578825,-0.083914,0.428071,0.034707,0.321874,0.120135,0.347575,#
3,0.092222,0.0,-0.158229,1.0,0.08335,0.13394,-0.413568,-0.111641,-0.15459,-0.376299,-0.011423,-0.018087,-0.166592,0.347759,0.284877,-0.001465,0.5224,-0.15571,0.078342,0.072175,-0.064349,0.111611,-0.58238,0.277597,0.089631,-0.258203,0.186471,0.066326,-0.300529,-0.121425,-0.004329,0.028464,0.07152,0.259212,0.07152,0.536582,-0.121823,0.08335,-0.139689,0.072542,0.238001,-0.408067,0.155611,-0.203491,-0.408067,-0.119443,0.408067,-0.157397,-0.248747,0.049225,-0.353467,0.550392,0.284877,-0.094388,-0.001116,0.034443,-0.553837,-0.100427,-0.037298,0.03556,-0.354359,-0.106252,-0.247554,-0.471915,-0.154605,-0.426774,0.0,-0.023699,-0.273909,-0.10911,-0.282053,-0.33186,-0.408067,0.563864,0.379093,-0.392605,-0.223815,0.306347,0.436606,0.38135,0.055415,0.14554,0.159255,-0.194051,0.14554,0.208439,0.650995,0.362629,0.666815,0.362629,0.115402,0.002323,-0.011761,0.509083,0.230648,0.259212,-0.583642,0.388818,0.509083,-0.153769,-0.193014,0.808855,0.344847,0.266608,-0.182047,0.230648,0.183095,-0.163958,-0.182047,0.399358,0.016734,0.0,-0.093871,0.230648,-0.482266,0.190909,0.563864,0.344847,0.539861,0.163978,0.208439,0.027112,0.633245,-0.038256,-0.196091,-0.093871,0.259212,-0.100088,-0.283603,0.252309,-0.093871,0.259212,-0.514309,0.105849,0.368884,0.284877,-0.082182,-0.408067,0.044741,-0.223815,-0.153769,0.309205,-0.092392,-0.294245,0.471241,-0.416164,0.379093,-0.412665,0.115402,0.344847,0.506223,0.563864,0.159255,0.388818,0.408408,0.650995,-0.408067,-0.445193,0.388818,-0.153769,0.270136,0.259212,-0.037044,0.397824,0.192024,-0.239681,0.081081,0.814261,-0.125876,-0.09642,-0.349977,0.172676,0.208439,0.81273,0.421117,0.506223,0.089668,-0.571652,-0.410326,0.234647,-0.349977,-0.404048,-0.484406,-0.370843,-0.546993,-0.230689,-0.60311,-0.223815,-0.227724,-0.385105,0.506223,-0.148858,0.150596,-0.264462,-0.404048,-0.80223,0.424179,0.506223,0.120927,0.105849,#
4,0.327487,0.0,-0.105139,0.08335,1.0,0.094455,0.188373,0.20342,0.453927,0.511108,0.263889,-0.177731,0.368291,0.242137,-0.218161,0.626696,-0.042011,-0.125855,0.505539,-0.042011,0.458233,0.565487,-0.179086,-0.069623,-0.428158,-0.331963,0.121116,0.040989,0.130704,0.192969,-0.20528,-0.205526,0.073284,-0.218161,0.073284,0.588546,-0.327156,-0.428348,0.173037,-0.423187,-0.096698,-0.218161,-0.345419,0.440081,-0.218161,0.548826,0.225531,-0.060195,-0.219999,0.341049,0.221177,-0.306593,0.518869,0.000299,0.64464,0.511571,-0.509163,0.342321,-0.01616,-0.423187,0.244789,-0.311447,0.389136,-0.194432,-0.924269,0.289529,0.0,0.637094,0.065671,-0.054525,-0.328719,0.26637,-0.218161,0.083477,0.217582,0.2455,0.202128,0.340273,-0.191335,0.415597,0.025819,-0.733373,0.04807,-0.534103,-0.226375,-0.107323,-0.107323,-0.041644,0.350515,-0.041644,-0.783121,-0.653248,-0.653965,0.03474,-0.53402,-0.218161,0.33581,0.20342,0.03474,0.354527,0.310467,0.217582,-0.049544,-0.109438,-0.533614,-0.113402,-0.332112,0.092022,0.323223,-0.653976,0.237948,0.0,-0.539153,-0.53402,-0.042614,-0.361136,0.083477,-0.049544,-0.427355,-0.218186,-0.107323,-0.247323,-0.216235,-0.0583,0.337878,-0.539153,-0.218161,0.725243,0.077413,-0.076651,-0.539153,-0.218161,-0.543833,0.05404,-0.504804,0.518869,-0.327163,-0.218161,-0.301726,-0.566096,0.310655,-0.070008,-0.327241,0.285875,0.188064,-0.187134,-0.239523,0.206701,-0.208424,-0.049544,-0.174923,0.083477,0.520371,-0.327241,0.241202,-0.107323,-0.218161,0.218645,-0.327241,0.310655,-0.53402,-0.218161,-0.234763,0.227773,0.546473,0.547052,0.063112,0.316448,0.188163,-0.327054,-0.417265,0.427776,-0.107323,-0.049544,-0.507749,-0.174923,0.03472,-0.068128,0.228701,0.292098,0.070479,0.343326,-0.018191,0.330783,-0.038776,-0.191876,-0.088433,0.202128,0.111154,0.240504,-0.174923,-0.068128,0.534135,0.32166,0.343326,-0.206138,0.234755,-0.174923,-0.071015,-0.42846,#
5,0.048847,0.0,0.293987,0.13394,0.094455,1.0,0.03308,-0.104293,-0.1961,0.094455,0.376167,0.677535,-0.136248,0.115675,0.319833,0.48032,0.103583,-0.544347,-0.02245,0.572707,0.305982,0.105233,-1e-06,0.20938,0.15465,-0.272315,0.129567,0.130613,0.128527,0.417483,-0.361636,0.161439,-0.318379,-0.403268,-0.318379,0.458303,-0.604745,-0.441281,0.439515,0.498641,0.319552,-0.403268,0.126604,-0.253662,-0.403268,-0.416043,-0.083435,-0.127528,0.236714,0.029821,0.366178,0.058725,0.292022,-0.166715,0.447062,-0.094727,-0.440334,-0.558926,-0.104893,0.016955,-0.271485,0.47724,0.389957,-0.273029,0.071159,0.205344,0.0,-0.407902,-0.339713,-0.086842,-0.709482,-0.220766,0.292022,0.141457,0.061808,-0.310614,-0.265729,-0.193519,-0.053259,-0.572196,0.128081,0.134518,-0.272778,-0.525465,-0.343768,-0.122855,-0.122855,0.32931,0.17992,0.461664,0.102406,-0.035829,-0.432655,-0.355036,-0.199371,-0.403268,0.308979,-0.104294,-0.355036,-0.081297,0.461768,-0.058933,-0.105369,-0.644248,-0.118046,0.319966,0.149005,0.164623,-0.110042,0.001895,0.024996,0.0,-0.129274,-0.199371,0.048664,0.103891,0.141457,-0.105369,-0.007534,0.152689,-0.122855,0.01579,0.622369,-0.042707,-0.1856,-0.129274,-0.403268,0.172829,-0.163977,0.221054,-0.129274,-0.403268,-0.550289,0.482485,-0.057432,0.292022,0.45919,0.319833,0.0297,-0.236741,0.214327,0.626439,0.333739,-0.109031,0.461116,-0.280816,-0.041684,0.019979,0.08072,-0.105369,0.468292,0.141457,-0.165845,-0.604902,-0.068501,-0.247191,0.292022,-0.414377,-0.604902,0.214327,-0.199371,-0.403268,-0.359739,-0.377193,-0.208492,0.219006,0.153994,-0.099847,0.439001,-0.09918,0.136311,-0.386539,-0.122855,-0.105369,0.411051,0.468292,-0.791551,-0.120374,0.040519,0.175547,0.136311,0.205506,0.337245,0.577754,-0.139762,-0.284249,0.2946,-0.062809,0.246087,-0.059031,0.468292,0.185068,-0.192427,-0.072326,0.060291,0.064221,0.473709,0.468292,0.06224,0.500691,#
6,0.519187,0.0,0.43435,-0.413568,0.188373,0.03308,1.0,0.49163,0.263536,0.626696,0.270578,0.13838,-0.006474,-0.603192,0.354185,0.181967,0.196031,0.634621,0.183557,0.64188,0.641,-0.408982,0.621749,0.01756,0.245539,0.038821,-0.395806,-0.233117,-0.382008,0.472082,0.209436,-0.083758,0.245524,-0.33304,0.245524,-0.212337,0.026371,-0.198051,-0.050618,0.3069,0.0017,0.354185,-0.420437,0.095278,0.354185,-0.184521,-0.49956,0.001699,-0.192926,0.575617,0.409289,-0.550519,-0.33304,0.179279,0.59054,0.387711,0.250832,0.277681,0.20456,-0.646028,-0.309618,0.525257,0.322046,0.291651,0.085606,0.495962,0.0,0.191455,0.395971,0.106022,-0.375982,-0.308589,0.327753,-0.845437,-0.626756,-0.31258,-0.44448,-0.456761,-0.629115,-0.263847,-0.246646,-0.501602,-0.460899,-0.400829,-0.501602,-0.432715,0.00619,-0.715391,-0.438113,-0.248181,-0.023816,-0.629115,-0.595791,-0.23879,-0.815223,-0.33304,0.350836,-0.023789,-0.23879,-0.439603,0.235698,-0.626756,-0.681359,-0.434303,-0.434303,-0.005546,-0.848184,0.387333,-0.046397,-0.576966,0.166756,0.0,-0.263847,-0.815223,0.199075,-0.490918,-0.845437,-0.681359,-0.222752,-0.537948,-0.432715,-0.207552,-0.540239,-0.224917,0.425874,-0.263847,-0.33304,0.142731,0.309752,-0.815373,-0.263847,-0.33304,-0.261138,-0.654077,-0.629218,-0.33304,0.51172,-0.33304,-0.58238,0.271831,-0.057502,-0.012923,-0.49956,0.346392,-0.420769,0.014839,-0.626756,0.999515,-0.559678,-0.681359,-0.521358,-0.845437,-0.460899,-0.49956,-0.499305,-0.432715,0.327753,0.598207,-0.49956,-0.057502,0.02588,-0.33304,-0.215272,-0.215272,-0.061987,0.801719,-0.653745,-0.235464,-0.037363,-0.018972,0.67365,0.444834,-0.432715,-0.217337,-0.354896,-0.521358,-0.238654,0.821071,0.997216,0.385243,0.656158,0.483283,0.216566,0.465627,0.194377,-0.2141,0.396013,0.271831,-0.006978,0.19221,-0.521358,-0.001411,0.407532,0.902377,-0.029327,0.613125,0.185832,-0.521358,-0.620344,-0.204183,#
7,0.225545,0.0,0.621576,-0.111641,0.20342,-0.104293,0.49163,1.0,0.361247,0.20342,-0.494535,0.310177,-0.408248,0.008352,-0.166667,-0.023789,0.125947,0.258726,0.190421,0.125947,0.320782,-0.100901,0.276956,0.096986,-0.327097,-0.101994,-0.611631,0.225531,-0.605324,0.362658,-0.499817,0.264069,-0.327078,-0.166667,-0.327078,0.247945,0.387654,0.225531,0.338945,-0.323299,0.107189,0.666667,-0.075473,0.284645,0.666667,0.320767,-0.25,0.107117,-0.596736,0.276875,0.190247,0.143641,-0.166667,-0.185874,-0.022882,0.31273,-0.209298,0.318997,-0.238864,-0.323299,0.176414,-0.237933,0.161165,0.036585,0.053979,0.237217,0.0,0.49968,0.407976,-0.220177,-0.098543,0.213689,-0.166667,-0.116524,-0.011485,0.153783,0.154418,-0.406494,-0.499056,0.3175,0.207617,-0.38694,-0.106803,0.094617,-0.38694,0.094617,0.094617,-0.226617,0.087422,-0.226617,0.231036,-0.499056,-0.011485,0.218218,-0.407971,-0.166667,0.109455,0.375,0.218218,-0.407465,-0.224137,-0.011485,0.300094,-0.407661,-0.407661,0.087422,-0.610962,-0.106653,0.101915,-0.499613,0.499309,0.0,0.3175,-0.407971,-0.221893,-0.096246,-0.116524,0.300094,-0.326483,-0.994273,0.094617,-0.498946,-0.38694,-0.230961,0.213125,0.3175,-0.166667,0.07143,-0.121567,-0.408046,0.3175,-0.166667,-0.217502,-0.327327,-0.235648,-0.166667,-0.24994,-0.166667,0.149121,0.154418,0.094485,-0.407418,-0.25,0.173349,-0.670478,-0.353279,-0.011485,0.492596,0.231036,0.300094,-0.133636,-0.116524,-0.106803,-0.25,-0.249873,0.094617,-0.166667,0.506359,-0.25,0.094485,0.087422,-0.166667,0.488108,0.488108,-0.096808,0.406761,-0.327161,-0.277204,0.356961,-0.249857,0.22059,0.292705,0.094617,0.300094,0.170989,-0.133636,-0.32714,0.10169,0.504554,0.223152,-0.330885,0.248638,-0.208285,0.239554,0.330885,-0.417906,0.626555,0.154418,-0.61189,0.0,-0.133636,0.10169,0.396989,0.586596,0.248638,0.006752,0.0,-0.133636,0.21701,-0.327327,#
8,0.736915,0.0,-0.310825,-0.15459,0.453927,-0.1961,0.263536,0.361247,1.0,0.453927,0.152918,-0.300343,0.589914,-0.125303,-0.502476,-0.214591,-0.089712,0.095772,0.334456,-0.089712,0.503121,0.283801,0.047211,0.049093,-0.032318,-0.553131,-0.593806,-0.513251,0.305712,0.339304,-0.183344,-0.160596,-0.480404,0.240832,-0.480404,0.351133,0.383902,-0.099084,-0.248329,-0.162313,-0.347945,0.270564,-0.144985,-0.129864,0.270564,0.165947,0.361247,0.607738,0.013447,0.734157,0.442492,-0.401026,0.240832,0.10543,0.24567,0.213333,-0.341454,0.607642,0.02781,-0.162313,0.497478,-0.186762,0.485891,-0.53946,-0.483403,0.298166,0.0,0.723459,0.776567,0.402066,-0.104817,0.431773,0.240832,-0.155383,-0.191877,0.520216,0.455219,0.018982,0.169361,0.4973,-0.051404,-0.370832,-0.175393,-0.315532,-0.370832,-0.3514,-0.3514,-0.022347,0.45955,-0.406404,-0.405972,-0.296486,-0.267686,-0.033089,-0.432518,-0.502476,0.082118,0.338948,-0.033089,-0.333,0.059363,0.158481,0.0058,0.019037,-0.346723,-0.363897,-0.147348,0.310021,0.089622,-0.72943,0.721497,0.0,-0.012461,-0.432518,-0.380009,-0.195198,-0.155383,0.0058,-0.104465,-0.405128,-0.3514,-0.745117,-0.414294,-0.476385,0.078179,-0.012461,-0.502476,0.215351,0.369036,-0.4182,-0.012461,0.240832,-0.002396,-0.130411,-0.4643,0.240832,-0.207114,-0.502476,0.147943,-0.319548,-0.016961,0.009345,-0.330028,-0.042342,-0.332343,-0.217258,-0.302517,0.265215,0.17362,0.0058,-0.474411,-0.155383,-0.061075,-0.196233,0.361063,0.009389,0.240832,0.722897,-0.196233,-0.016961,0.027032,0.240832,-0.184932,0.281544,0.405952,0.411685,-0.490803,-0.118081,-0.233704,0.36104,-0.011929,0.297276,-0.3514,0.0058,-0.27472,-0.474411,-0.023344,0.135944,0.262715,0.087011,-0.031604,-0.246311,0.014746,0.16867,0.48784,0.397231,0.120972,-0.133604,-0.495623,0.607479,-0.474411,0.480621,-0.032375,0.177315,0.729509,-0.163328,-0.210769,-0.474411,0.022744,-0.61702,#
9,0.327487,0.0,-0.105139,-0.376299,0.511108,0.094455,0.626696,0.20342,0.453927,1.0,0.263889,-0.177731,0.368291,-0.219534,-0.218161,0.188373,-0.042011,0.350868,0.505539,0.455277,0.419893,0.100693,0.297207,-0.534252,0.054002,-0.331963,-0.335529,0.040989,0.130704,0.756445,0.226416,-0.24799,0.073284,-0.218161,0.073284,0.061402,-0.327156,-0.428348,0.173037,0.087415,-0.096698,-0.218161,0.093733,0.01157,-0.218161,-0.031464,-0.327241,-0.096633,-0.219999,0.341049,0.221177,-0.878279,-0.218161,-0.037063,0.64464,0.301122,-0.037312,0.342321,-0.053223,-0.423187,0.273683,0.235689,0.21096,-0.194432,-0.351375,0.289529,0.0,0.195159,0.516707,-0.231554,-0.328719,0.210784,0.518869,-0.380283,-0.239523,0.217165,0.11677,-0.135559,-0.242658,-0.089859,0.025819,-0.796748,0.04807,-0.534103,-0.796748,-0.107323,-0.107323,-0.097319,-0.113402,-0.097319,-0.272279,-0.242658,-0.653965,0.03474,-0.53402,-0.218161,0.766061,0.20342,0.03474,-0.115529,0.310467,-0.239523,-0.547195,-0.109438,-0.109438,-0.113402,-0.384069,0.039618,0.323223,-0.653976,0.185995,0.0,-0.089859,-0.53402,-0.098686,0.011279,-0.380283,-0.547195,-0.427355,-0.281909,-0.107323,-0.247323,-0.279609,-0.555175,0.278973,-0.089859,-0.218161,0.0935,-0.101783,-0.534118,-0.089859,-0.218161,-0.091204,-0.42846,-0.99842,-0.218161,0.214641,-0.218161,-0.344271,0.11677,0.310655,-0.121484,-0.327241,0.226908,0.103351,-0.229357,-0.239523,0.63027,-0.272279,-0.547195,-0.765883,-0.380283,0.04807,-0.327241,-0.327075,-0.107323,0.518869,0.648083,-0.327241,0.310655,-0.53402,-0.218161,-0.234763,-0.234763,0.49296,0.49084,-0.428242,-0.132033,0.188163,0.208661,0.009511,0.226921,-0.107323,-0.547195,-0.602267,-0.765883,0.03472,0.325353,0.619166,0.151124,0.497256,0.274606,-0.075758,0.264573,0.388001,-0.272226,0.315634,0.11677,0.080751,0.186092,-0.765883,-0.12434,0.060413,0.436951,0.274606,0.211871,0.177498,-0.765883,-0.610823,-0.42846,#
10,0.518937,0.0,-0.357342,-0.011423,0.263889,0.376167,0.270578,-0.494535,0.152918,0.263889,1.0,0.015926,0.45426,-0.544513,0.384639,0.270578,-0.120122,-0.105914,0.163774,0.343311,0.652418,-0.081086,-0.11921,0.375043,0.287575,-0.016813,0.371872,-0.64733,0.341332,0.030699,0.267132,-0.485959,0.287558,-0.32969,0.287558,0.133622,-0.494407,-0.301067,-0.493548,0.625827,-0.365626,-0.32969,-0.489796,-0.357408,-0.32969,-0.483101,0.020606,0.042107,0.434032,0.474672,0.28117,-0.470413,0.357164,0.599578,0.694677,-0.024655,-0.138683,-0.081799,0.659714,-0.364685,-0.382361,0.569506,0.40183,-0.101185,-0.274955,0.103463,0.0,-0.16474,-0.05044,0.617016,-0.448749,-0.320138,0.357164,-0.449475,-0.562302,-0.33378,-0.407282,0.345882,0.153055,-0.259598,-0.647157,-0.00945,-0.483185,-0.807149,-0.00945,-0.807149,-0.350934,-0.269798,-0.046116,-0.13905,-0.530813,-0.277412,-0.664538,-0.647499,-0.47845,-0.32969,-0.00401,-0.494535,-0.647499,0.021416,0.329689,-0.238552,-0.692566,-0.07313,-0.411112,-0.357396,-0.054231,0.804828,-0.411112,-0.23023,-0.164617,0.0,-0.730644,-0.47845,0.290533,-0.515634,-0.449475,-0.692566,0.127105,0.479826,-0.807149,0.156935,-0.00945,0.201683,-0.072461,-0.730644,-0.32969,0.435663,0.50767,-0.056843,-0.730644,-0.32969,-0.301597,0.143889,-0.220805,0.357164,0.556623,-0.32969,-0.503532,-0.378644,-0.083717,0.786741,-0.103028,-0.151671,0.315786,0.092863,-0.664538,0.269546,-0.552236,-0.692566,-0.04406,-0.449475,-0.377549,-0.494535,0.035306,-0.473761,0.357164,-0.158937,-0.494535,-0.083717,-0.028822,-0.32969,-0.988536,-0.557489,0.037901,0.496608,-0.189267,0.254113,-0.494283,0.004992,0.284087,0.059066,-0.807149,-0.210243,-0.34881,-0.04406,-0.21571,0.479845,0.276551,0.493977,0.738627,0.115275,0.628754,0.486212,-0.261361,0.419328,-0.385165,-0.206822,0.478269,0.561849,-0.04406,0.362503,0.090372,0.146121,-0.028178,0.252652,0.283872,-0.04406,-0.429277,0.161875,#
11,-0.173933,0.0,0.547974,-0.018087,-0.177731,0.677535,0.13838,0.310177,-0.300343,-0.177731,0.015926,1.0,-0.531427,-0.024801,0.240684,0.13838,-0.163583,-0.312672,-0.320033,0.408225,0.263274,-0.413532,-0.065095,0.424199,-0.10423,0.018256,-0.014621,0.254904,-0.385067,0.285182,-0.516401,0.440912,-0.297592,-0.640693,-0.297592,0.268447,-0.286442,0.142473,0.31243,0.318453,0.024234,0.240684,-0.02957,-0.027346,0.240684,-0.273423,-0.325431,0.024217,-0.194409,-0.150002,0.050837,0.332573,0.206784,0.125361,0.097814,0.012307,-0.243233,-0.302064,0.142512,-0.268665,-0.226187,0.351343,0.029501,0.053825,0.442457,0.036388,0.0,-0.39474,-0.400794,-0.115621,-0.508677,-0.072737,0.206784,-0.012443,-0.014366,-0.225337,-0.185699,-0.227609,-0.15037,-0.413298,-0.136666,0.362756,-0.510131,-0.105965,-0.220218,-0.14686,-0.14686,0.111519,-0.145806,0.272843,0.331584,-0.129124,-0.100799,-0.326225,-0.245381,-0.030509,0.011997,-0.350856,-0.326225,-0.096208,-0.072589,-0.161536,0.140132,-0.776972,-0.135592,0.024894,0.000478,0.187159,-0.498959,-0.091457,0.111712,0.0,0.126573,-0.245381,0.343001,-0.0427,-0.012443,0.140132,-0.301365,-0.255278,-0.14686,-0.070338,0.313203,0.216091,-0.059875,0.126573,-0.030509,0.013076,-0.119096,0.261958,0.126573,-0.640693,-0.378762,0.295156,0.190835,0.206784,0.336019,0.240684,0.302717,-0.150365,-0.103415,0.398943,0.183055,-0.00217,-0.170464,-0.099141,-0.140511,0.120091,0.305151,0.140132,0.4512,-0.012443,-0.379792,-0.503401,-0.307114,-0.29841,0.206784,-0.401804,-0.503401,-0.103415,-0.084164,-0.640693,-0.001655,-0.022929,-0.424447,0.263841,0.279102,-0.372533,0.311471,-0.344494,0.458903,-0.227669,-0.14686,0.140132,0.662741,0.4512,-0.850362,0.032188,0.136617,0.413679,-0.124365,0.479324,0.314685,0.486174,-0.272426,-0.295466,0.542806,0.061638,0.129909,0.013139,0.4512,0.404487,0.12586,0.060318,-0.152821,0.166717,0.498391,0.4512,0.314212,0.317348,#
12,0.427087,0.0,-0.666113,-0.166592,0.368291,-0.136248,-0.006474,-0.408248,0.589914,0.368291,0.45426,-0.531427,1.0,0.047735,-0.272165,-0.006474,-0.069781,0.105625,-0.077739,-0.069781,0.099104,0.298647,0.012563,-0.237566,0.338978,-0.566289,-0.155656,-0.534383,0.715803,0.112041,0.395346,-0.058803,-0.071215,0.408248,-0.071215,-0.042825,0.091624,-0.534383,-0.407433,-0.056566,-0.262559,-0.272166,-0.171897,0.01978,-0.272166,0.107143,0.612372,0.578584,0.414575,0.452135,0.310672,-0.586412,0.408248,0.110375,0.414143,0.344158,0.077069,0.52092,0.088962,-0.056566,0.288083,0.097136,0.263182,-0.388334,-0.550923,0.387374,0.0,0.407987,0.249833,0.37589,-0.16092,0.143686,0.408248,-0.166497,0.004689,0.329604,0.212763,0.141546,0.393263,0.077771,-0.097602,-0.134565,-0.198632,-0.255904,-0.134565,-0.255904,-0.255904,0.066817,0.166553,0.066817,-0.654347,-0.033167,-0.417303,-0.089087,-0.261727,-0.272166,0.12909,0.102062,-0.089087,0.154293,0.478635,0.004689,-0.352224,0.141952,0.141952,-0.261727,0.225441,0.212866,0.141952,-0.421839,0.407684,0.0,-0.388857,-0.261727,0.051764,-0.230842,-0.166497,-0.352224,-0.051046,0.347083,-0.255904,-0.440166,-0.134565,-0.377158,0.348032,-0.388857,-0.272166,0.116642,0.545922,-0.244011,-0.388857,0.408248,0.036563,-0.089087,-0.359495,0.408248,0.092034,-0.272166,-0.090336,-0.496448,-0.279655,0.142566,-0.408248,0.283077,0.195515,0.378105,-0.417303,-0.005586,-0.123795,-0.352224,-0.491009,-0.166497,0.237389,0.102062,0.61206,-0.255904,0.408248,0.402113,0.102062,-0.279655,-0.261727,0.408248,-0.412772,0.014233,0.657048,0.223143,-0.080642,-0.011041,-0.40804,0.612021,-0.118198,0.333766,-0.255904,-0.352224,-0.462464,-0.491009,0.347241,0.140113,-0.025748,-0.221247,0.33208,-0.133226,0.058459,-0.128359,0.061913,0.541499,-0.282435,0.212763,0.235769,0.376747,-0.491009,0.140113,-0.174933,-0.18626,0.374303,-0.016538,-0.02643,-0.491009,-0.337765,-0.534522,#
13,-0.4444,0.0,0.022712,0.347759,0.242137,0.115675,-0.603192,0.008352,-0.125303,-0.219534,-0.544513,-0.024801,0.047735,1.0,-0.328509,0.258416,0.191897,-0.354381,-0.229706,-0.277702,-0.598681,0.563777,-0.222574,-0.365722,-0.206923,-0.468856,-0.010084,0.597439,0.149925,-0.001474,-0.272251,0.568614,-0.329992,0.367484,-0.329992,0.317472,0.018574,-0.325903,0.552485,-0.637239,0.469517,-0.328509,0.402624,0.471014,-0.328509,0.588408,0.551226,0.056293,-0.13133,-0.399421,-0.115937,0.424686,0.367484,-0.683905,-0.188434,0.293895,-0.256927,0.018945,-0.703211,0.366451,0.34663,-0.503159,-0.166909,-0.290484,-0.312876,0.09774,0.0,0.234372,-0.38776,-0.577748,-0.052262,0.255318,-0.328509,0.796073,0.988391,0.304184,0.386584,-0.046332,0.161101,0.1835,0.722395,0.010533,0.388123,0.3801,0.010533,0.783118,0.320833,0.661598,0.444901,0.661598,-0.025808,0.178549,0.165371,0.575922,0.363125,0.172606,0.086744,0.530347,0.575922,0.40423,0.220605,0.539471,0.64476,-0.0715,0.397154,0.462424,0.413908,-0.757537,0.499297,0.152304,0.274742,0.0,0.202593,0.363125,-0.203326,0.417192,0.796073,0.64476,-0.150378,0.024792,0.783118,-0.241983,0.498877,-0.224803,0.226505,0.202593,0.172606,-0.073974,-0.385142,0.370748,0.202593,0.367484,-0.219269,0.284316,0.204684,0.367484,-0.492645,0.395324,0.436148,-0.338865,0.06096,-0.365549,0.050112,0.321633,0.364786,0.00303,0.556737,-0.600433,0.516891,0.64476,0.305812,0.796073,0.834127,0.405068,0.550945,0.320833,-0.328509,-0.189555,0.405068,0.06096,-0.390384,0.367484,0.574806,0.557334,0.401436,-0.378792,0.617217,0.064599,0.552138,0.045024,-0.661403,0.013825,0.783118,0.156021,0.322746,0.305812,0.154099,-0.810241,-0.598386,-0.510667,-0.661403,-0.039455,-0.558404,-0.398146,-0.14923,-0.377561,0.040119,0.386584,-0.017456,-0.567269,0.305812,-0.385586,-0.084838,-0.48992,0.105907,-0.544959,0.129766,0.305812,0.413012,-0.171319,#
14,0.198352,0.0,0.427334,0.284877,-0.218161,0.319833,0.354185,-0.166667,-0.502476,-0.218161,0.384639,0.240684,-0.272165,-0.328509,1.0,0.354185,0.593752,0.244353,-0.218018,0.593752,0.213855,-0.403604,0.287214,0.401413,0.536774,0.271984,0.267423,-0.218161,-0.403549,-0.166627,0.343624,0.016004,0.508788,-0.111111,0.508788,-0.216157,-0.166623,-0.218161,-0.166334,0.585017,0.415015,-0.111111,-0.407819,-0.072675,-0.111111,-0.466569,-0.166667,-0.271911,0.195422,0.218144,0.170566,0.175561,-0.111111,0.087305,0.353401,0.095179,0.229817,-0.378071,0.217911,-0.215533,-0.993146,0.666214,0.107443,0.376694,0.323875,0.191092,0.0,-0.33312,-0.407976,0.186817,-0.407858,-0.967884,-0.111111,-0.407832,-0.333069,-0.986774,-0.99085,-0.270996,-0.332704,-0.508,-0.218103,0.195859,-0.407433,-0.272023,0.195859,-0.272023,0.437602,-0.50779,-0.271981,0.2476,0.202157,-0.332704,-0.333069,-0.218218,-0.271981,-0.111111,-0.271611,-0.166667,-0.218218,-0.271643,0.310344,-0.333069,-0.508492,-0.271774,-0.271774,0.427398,-0.407308,0.304158,-0.271774,0.348215,-0.332873,0.0,-0.508,-0.271981,0.253592,-0.405035,-0.407832,-0.508492,0.47699,0.201737,-0.272023,0.355571,0.195859,0.241365,0.142083,-0.508,-0.111111,0.04762,0.25664,-0.272031,-0.508,-0.111111,-0.507505,-0.218218,0.235648,-0.111111,0.682842,-0.111111,-0.654209,0.167286,-0.271643,0.426819,-0.166667,0.115566,0.159638,0.162318,-0.333069,0.351203,-0.66423,-0.508492,0.356361,-0.407832,-0.407433,-0.166667,-0.166582,-0.272023,-0.111111,-0.332948,-0.166667,-0.271643,0.427398,-0.111111,-0.333153,-0.333153,-0.407401,0.29236,-0.218107,0.31101,-0.166582,-0.166571,0.537688,0.195137,-0.272023,0.241742,0.149615,0.356361,-0.218093,0.427947,0.357392,0.255031,0.537688,0.191658,0.229981,0.184656,-0.491732,-0.187755,-0.256713,0.167286,0.27959,-0.307612,0.356361,-0.249989,0.285664,0.41279,-0.637134,0.342093,0.366853,0.356361,-0.443063,0.509175,#
15,0.004719,0.0,0.402313,-0.001465,0.626696,0.48032,0.181967,-0.023789,-0.214591,0.188373,0.270578,0.13838,-0.006474,0.258416,0.354185,1.0,0.196031,-0.27286,0.183557,0.196031,0.228516,0.458455,0.194723,0.01756,-0.186748,0.038821,0.439392,0.222738,0.065544,-0.03311,-0.177606,-0.025889,0.245524,-0.33304,0.245524,0.26028,-0.49943,-0.653907,0.492888,-0.150886,0.42668,-0.33304,-0.388309,0.504436,-0.33304,0.335745,-0.003965,-0.390324,0.152415,0.035926,0.409289,-0.037967,0.327753,-0.257529,0.59054,0.324098,-0.172211,-0.306913,-0.194193,-0.150886,-0.281641,0.034715,0.481792,0.291651,-0.494802,0.495962,0.0,0.159123,-0.445791,-0.147926,-0.375982,-0.258752,-0.33304,0.002772,0.209283,-0.287175,-0.328156,-0.030147,-0.5831,-0.255791,0.220305,-0.415236,-0.020514,-0.376445,0.039319,0.00619,0.00619,-0.198265,-0.022183,0.268945,-0.452048,-0.566535,-0.572113,-0.23879,-0.382656,-0.33304,0.416413,-0.023789,-0.23879,0.420123,0.66225,-0.216933,-0.209405,-0.434303,-0.369652,0.427022,-0.365584,0.018981,0.398555,-0.155586,-0.19843,0.0,-0.640484,-0.382656,0.275488,-0.378348,0.002772,-0.209405,-0.222752,0.053932,0.00619,0.218102,0.04841,0.2463,0.313914,-0.640484,-0.33304,0.709128,0.052696,0.021328,-0.640484,-0.33304,-0.64057,0.228408,-0.161091,0.327753,0.025959,0.354185,-0.544237,-0.300606,0.380789,0.033229,0.015859,0.39926,0.366084,0.052695,-0.20054,0.196605,-0.472658,-0.209405,0.283987,0.002772,0.402934,-0.49956,0.01019,-0.432715,-0.33304,-0.21583,-0.49956,0.380789,-0.382656,-0.33304,-0.191312,-0.207899,-0.014009,0.432811,0.244934,0.166626,0.492512,-0.499273,-0.163766,0.104686,0.00619,-0.209405,-0.270155,0.283987,-0.238654,0.048986,0.23105,0.051567,0.273527,0.544895,0.268178,0.524988,-0.188255,-0.404283,0.033743,0.388154,0.445511,-0.164891,0.283987,-0.370319,0.416526,0.369013,0.032285,0.238354,0.237167,0.283987,-0.10841,0.245711,#
16,0.329311,0.0,0.344598,0.5224,-0.042011,0.103583,0.196031,0.125947,-0.089712,-0.042011,-0.120122,-0.163583,-0.069781,0.191897,0.593752,0.196031,1.0,0.362324,-0.051243,0.494173,-0.071912,0.051589,0.378165,-0.037954,0.597884,-0.297291,-0.284266,-0.026098,-0.31472,0.117099,0.284823,0.229788,0.105929,0.533777,0.105929,-0.008236,0.226867,-0.423928,0.100286,0.164537,0.787908,-0.21591,0.058034,-0.010461,-0.21591,-0.145858,0.2384,-0.083615,0.017141,0.365021,0.254719,0.216233,-0.21591,-0.548623,0.196109,0.276691,0.029388,-0.080992,-0.458729,0.10055,-0.583804,0.271416,0.118165,-0.123753,0.075755,0.313529,0.0,0.147444,0.018351,-0.159181,-0.349287,-0.727344,-0.21591,0.009434,0.143206,-0.643544,-0.597002,-0.526596,-0.202764,-0.11311,0.442153,-0.115776,0.024981,-0.076395,-0.115776,0.285363,0.802463,-0.120283,0.273692,0.430166,0.334372,-0.202764,-0.208093,0.459375,-0.082842,-0.21591,-0.155799,0.688212,0.459375,-0.527853,0.401418,0.143206,-0.127561,-0.069681,-0.069681,0.783326,-0.342254,-0.272491,0.297061,0.283367,0.161709,0.0,-0.11311,-0.082842,-0.431179,0.040911,0.009434,-0.127561,0.614421,-0.107077,0.285363,-0.144875,0.322573,-0.440715,0.246136,-0.11311,-0.21591,-0.22876,-0.029893,-0.528607,-0.11311,0.533777,-0.497002,-0.424038,0.02834,-0.21591,0.295217,-0.21591,-0.38411,0.246928,-0.166601,-0.01885,-0.323865,0.194576,0.232655,-0.152725,0.143206,0.196218,-0.29696,-0.127561,0.151478,0.009434,0.024981,0.2384,0.222222,0.285363,-0.21591,0.139281,0.2384,-0.166601,0.426792,0.533777,0.152435,0.152435,0.04115,0.059235,-0.423823,0.385383,0.113038,0.255292,0.095999,0.356487,0.285363,0.419131,0.204203,0.151478,0.076519,-0.043226,0.189507,-0.207062,0.095999,-0.249683,-0.449004,-0.240561,-0.118325,-0.405708,-0.17591,0.246928,-0.291688,-0.647561,0.151478,-0.537234,0.050567,0.280276,-0.294419,-0.155254,0.194524,0.151478,-0.366784,0.10601,#
17,0.220174,0.0,0.076054,-0.15571,-0.125855,-0.544347,0.634621,0.258726,0.095772,0.350868,-0.105914,-0.312672,0.105625,-0.354381,0.244353,-0.27286,0.362324,1.0,-0.12888,0.362324,0.015702,-0.554747,0.440552,-0.308432,0.442672,0.0,-0.450416,-0.130431,-0.459039,0.217667,0.699114,0.11387,0.479534,0.215605,0.479534,-0.58393,0.367314,0.003051,-0.347122,0.060544,0.012444,0.2731,-0.157585,0.192208,0.2731,-0.055326,-0.215605,0.101262,-0.362955,0.299998,-0.123903,-0.397652,-0.503079,0.087073,0.172015,0.489573,0.604508,0.586901,0.103362,-0.477977,-0.247937,0.328318,-0.319683,0.265387,0.210419,0.19009,0.0,0.185819,0.321589,-0.096669,-0.023017,-0.343104,0.215605,-0.633605,-0.312504,-0.256963,-0.354575,-0.369129,-0.23822,-0.019715,-0.15735,-0.294773,-0.183706,0.120869,-0.274998,-0.00051,0.476846,-0.554288,-0.462422,-0.046146,0.148193,-0.23822,-0.194634,0.348162,-0.359885,0.244353,-0.017306,0.215605,0.348162,-0.35599,-0.040147,-0.312504,-0.505753,0.096166,0.079622,0.008042,-0.560345,-0.060809,-0.009306,-0.20075,0.138303,0.0,-0.037239,-0.359885,0.092949,-0.218406,-0.633605,-0.505753,-0.008986,-0.32808,-0.00051,-0.194378,-0.441851,-0.376839,0.585874,-0.037239,0.244353,-0.400409,0.207935,-0.793527,-0.037239,0.215605,0.065653,-0.988028,-0.383459,-0.503079,0.345308,-0.503079,-0.427301,0.424491,-0.459884,-0.358393,-0.754619,0.465749,-0.36594,0.287795,-0.312504,0.634288,-0.434616,-0.505753,-0.691501,-0.633605,-0.183706,0.344969,-0.230888,-0.00051,0.215605,0.616158,0.344969,-0.459884,0.127669,0.215605,0.161366,0.161366,0.266644,0.296535,-0.516921,-0.014577,-0.335557,0.323223,0.445284,0.687669,-0.00051,-0.001078,-0.31244,-0.691501,0.46044,0.559635,0.598858,0.054985,0.42626,0.169534,-0.369924,-0.37381,-0.03032,-0.15435,-0.001689,0.424491,-0.04447,-0.196846,-0.691501,-0.352444,0.319547,0.53456,-0.409428,0.2795,0.132322,-0.691501,-0.721714,-0.498719,#
18,0.306559,0.0,-0.115466,0.078342,0.505539,-0.02245,0.183557,0.190421,0.334456,0.505539,0.163774,-0.320033,-0.077739,-0.229706,-0.218018,0.183557,-0.051243,-0.12888,1.0,-0.051243,0.438999,0.452774,-0.114139,-0.082237,-0.427878,0.129704,0.113706,0.029583,0.029378,0.180232,-0.199921,-0.790637,0.079072,-0.218018,0.079072,0.454613,-0.326942,0.066195,0.16081,-0.03059,-0.107244,-0.218018,0.087743,-0.262939,-0.218018,0.028489,-0.327028,-0.533535,-0.185138,0.206307,0.045732,-0.309596,-0.218018,0.011822,0.201506,-0.31081,-0.503128,-0.131464,-0.004718,-0.03059,0.215082,-0.311243,0.300889,-0.189075,-0.470142,-0.262516,0.0,0.190299,0.516789,-0.041097,0.135908,0.26652,-0.218018,0.078625,-0.249415,0.161378,0.201996,0.350203,-0.185834,0.415325,0.014793,-0.726256,0.520031,-0.533754,-0.213688,-0.1176,-0.1176,-0.046801,0.345487,-0.553375,-0.214233,-0.185834,-0.191411,0.023487,-0.064658,-0.218018,0.329958,0.190421,0.023487,-0.110591,-0.150452,0.212711,-0.05466,0.378011,-0.533265,-0.123526,-0.326452,0.10233,0.317458,-0.196666,-0.239764,0.0,-0.038904,-0.064658,-0.541679,0.112653,0.078625,-0.05466,0.038762,-0.205436,-0.1176,0.219078,-0.221994,-0.047339,-0.435831,-0.038904,-0.218018,0.412781,-0.361993,-0.071277,-0.038904,-0.218018,-0.02341,0.05962,-0.49873,-0.218018,-0.326949,-0.218018,-0.304747,0.201996,0.780201,-0.06457,0.231817,-0.488625,0.187941,-0.750266,0.212711,0.201989,-0.214233,-0.05466,-0.17481,0.078625,0.042542,-0.327027,-0.326861,0.358284,-0.218018,0.213861,-0.327027,0.780201,-0.064658,-0.218018,-0.244777,-0.244777,0.05921,0.092716,-0.427962,0.407619,0.175547,-0.32684,-0.416283,-0.158605,-0.1176,-0.05466,-0.515118,-0.17481,0.040085,-0.062196,0.224007,0.291908,0.076819,-0.211898,-0.00679,0.331337,0.449385,-0.175854,-0.098452,-0.574666,-0.339361,0.251112,-0.17481,-0.062196,0.083681,0.316754,0.343901,-0.200791,-0.233153,-0.17481,-0.070968,0.05962,#
19,0.329311,0.0,0.344598,0.072175,-0.042011,0.572707,0.64188,0.125947,-0.089712,0.455277,0.343311,0.408225,-0.069781,-0.277702,0.593752,0.196031,0.494173,0.362324,-0.051243,1.0,0.396061,-0.421186,0.378165,-0.037954,0.616747,-0.297291,-0.302131,-0.026098,-0.31472,0.690251,0.284823,0.186595,0.105929,-0.21591,0.105929,-0.008236,-0.32378,-0.423928,0.100286,0.683907,0.342846,-0.21591,0.040167,-0.228395,-0.21591,-0.604945,-0.323865,-0.083615,-0.100586,0.365021,0.254719,-0.322196,-0.21591,-0.073575,0.642124,0.276691,0.029388,-0.080992,0.012516,-0.41882,-0.554414,0.849353,0.118165,-0.123753,0.29428,0.313529,0.0,-0.30208,0.018351,-0.159181,-0.792545,-0.585991,0.533777,-0.436082,-0.295918,-0.614721,-0.640414,-0.526596,-0.228867,-0.598682,-0.03894,-0.148007,-0.428741,-0.528591,-0.663712,-0.166834,0.350266,-0.148599,-0.171975,0.40185,0.301896,-0.228867,-0.647216,-0.03141,-0.528509,-0.21591,0.281839,0.125947,-0.03141,-0.527853,0.401418,-0.295918,-0.605636,-0.528108,-0.096647,0.337659,-0.368679,0.153942,-0.161366,-0.150775,0.135286,0.0,-0.141673,-0.528509,0.025095,-0.040262,-0.436082,-0.605636,0.083239,-0.139486,-0.166834,-0.144875,0.290342,-0.440715,0.246136,-0.141673,-0.21591,-0.22876,-0.029893,-0.528607,-0.141673,-0.21591,-0.525777,-0.424038,-0.445858,-0.21591,0.846325,-0.21591,-0.38411,0.203516,-0.166601,0.400033,-0.323865,0.194576,0.18957,-0.152725,-0.295918,0.62706,-0.329436,-0.605636,-0.149076,-0.436082,-0.428741,-0.323865,-0.3237,-0.166834,0.533777,0.139281,-0.323865,-0.166601,-0.018875,-0.21591,-0.291906,-0.291906,0.013935,0.488062,-0.423823,-0.040387,0.113038,0.221235,0.561112,0.197584,-0.166834,-0.058944,0.156133,-0.149076,-0.423796,0.385601,0.615046,0.29482,0.561112,0.274568,-0.009837,0.264537,-0.149332,-0.446573,0.264452,0.203516,0.141267,-0.232458,-0.149076,-0.108407,0.050567,0.426864,-0.329369,0.269933,0.631328,-0.149076,-0.641323,0.10601,#
20,0.762367,0.0,0.10239,-0.064349,0.458233,0.305982,0.641,0.320782,0.503121,0.419893,0.652418,0.263274,0.099104,-0.598681,0.213855,0.228516,-0.071912,0.015702,0.438999,0.396061,1.0,-0.116201,0.026145,0.541925,-0.053663,-0.06296,-0.082915,-0.519422,-0.128124,0.298611,-0.22127,-0.400442,-0.014368,-0.508628,-0.014368,0.436707,-0.209967,-0.04018,-0.251249,0.394814,-0.351994,0.213855,-0.558182,-0.228719,0.213855,-0.259895,-0.199405,0.096154,-0.037576,0.735848,0.438399,-0.337072,0.242754,0.514652,0.658897,0.119769,-0.42525,0.128448,0.526663,-0.606235,-0.212767,0.325103,0.589649,-0.126593,-0.271434,0.209776,0.0,0.242599,0.343096,0.515051,-0.495806,-0.095466,0.184956,-0.510169,-0.635481,-0.180658,-0.238302,0.115263,-0.212915,0.079277,-0.534763,-0.334724,-0.53685,-0.809438,-0.294965,-0.809438,-0.348015,-0.439443,0.112174,-0.439443,-0.36906,-0.683823,-0.653404,-0.525949,-0.790272,-0.508628,0.048291,-0.22108,-0.525949,-0.338314,0.072348,-0.187398,-0.411077,-0.34387,-0.844915,-0.360777,-0.538248,0.801575,-0.369858,-0.638706,0.209825,0.0,-0.471256,-0.790272,0.034078,-0.590987,-0.510169,-0.411077,-0.092986,-0.325817,-0.809438,-0.214001,-0.334724,0.066891,-0.039034,-0.471256,-0.508628,0.564776,0.391368,-0.330449,-0.471256,-0.508628,-0.465213,-0.034054,-0.399787,0.242754,0.299461,-0.508628,-0.365668,-0.268424,0.078435,0.524788,-0.22108,-0.161157,-0.224212,-0.310756,-0.653404,0.64203,-0.346526,-0.411077,-0.106594,-0.510169,-0.518331,-0.762942,-0.183211,-0.348015,0.184956,0.221065,-0.762942,0.078435,0.093984,-0.508628,-0.668624,-0.197081,-0.088757,0.817055,-0.497497,0.089567,-0.236441,-0.258369,0.423373,0.223842,-0.809438,0.076752,-0.221254,-0.106594,-0.526406,0.538458,0.663812,0.752868,0.442498,0.240084,0.518938,0.750534,0.052354,0.13768,0.082161,-0.238302,-0.089886,0.6646,-0.106594,0.538458,0.397502,0.613671,0.240084,0.20324,0.232367,-0.106594,-0.184381,-0.052973,#
21,0.044224,0.0,-0.155487,0.111611,0.565487,0.105233,-0.408982,-0.100901,0.283801,0.100693,-0.081086,-0.413532,0.298647,0.563777,-0.403604,0.458455,0.051589,-0.554747,0.452774,-0.421186,-0.116201,1.0,-0.071933,-0.223854,-0.351341,-0.264143,0.157224,0.137133,0.578483,-0.110767,-0.373118,-0.221233,-0.315357,0.297097,-0.315357,0.467322,-0.090581,-0.439212,0.447131,-0.502521,0.294237,-0.403604,0.154577,0.153586,-0.403604,0.511966,0.445646,-0.121661,0.299648,0.003386,0.337145,0.034624,0.297097,-0.525421,0.024756,-0.097865,-0.449558,-0.181201,-0.551659,0.507958,0.438196,-0.596191,0.474979,-0.301746,-0.708052,0.181344,0.0,0.43763,0.096738,-0.09223,0.158399,0.35682,-0.403604,0.569251,0.481121,0.412274,0.446979,0.188792,-0.020884,0.317157,0.584237,-0.381509,0.558582,-0.100044,0.100499,0.3057,-0.159712,0.371147,0.604728,0.009104,-0.417912,-0.003318,-0.01719,0.106422,0.222485,-0.403604,0.318235,0.424625,0.106422,0.322155,0.385047,0.359441,0.353474,0.189334,-0.086904,0.287172,0.185138,-0.290158,0.727698,-0.030743,0.058284,0.0,-0.090769,0.222485,-0.437122,0.190787,0.569251,0.353474,0.038783,0.118498,0.3057,-0.041278,0.110139,-0.101615,-0.162628,-0.090769,-0.403604,0.473278,-0.171726,0.229637,-0.090769,0.297097,-0.084557,0.491744,-0.089894,0.297097,-0.60526,0.325125,0.046434,-0.283378,0.62008,-0.211417,0.340541,-0.084764,0.420408,-0.287096,0.376824,-0.391414,0.128458,0.353474,0.182033,0.569251,0.666347,-0.07988,0.445419,0.180397,-0.403604,0.028229,-0.07988,0.62008,-0.236207,0.297097,0.061172,0.043583,0.232601,-0.18747,0.160694,0.204205,0.446619,-0.063918,-0.774615,-0.224732,0.3057,-0.138572,-0.263466,0.182033,0.115531,-0.532912,-0.365915,-0.432633,-0.310913,-0.287725,-0.076402,0.105498,0.364239,-0.014361,-0.10822,-0.108093,-0.163716,-0.025865,0.182033,-0.207992,-0.201131,-0.220311,0.63216,-0.341314,-0.375602,0.182033,0.330501,0.033028,#
