0,1.0,0.01576,-0.022869,-0.686349,0.323649,0.067196,-0.011268,0.106857,0.019823,0.317226,-0.499302,0.117115,0.581778,-0.249786,-0.003811,-0.499208,0.068583,0.332219,-0.411002,-0.327254,-0.245959,-0.334564,0.57171,-0.408144,0.246321,-0.196247,-0.755263,-0.064694,-0.087857,0.106684,-0.198719,0.24672,-0.166667,0.111591,-0.61163,0.270551,0.379877,0.11773,0.650205,-0.098498,-0.326976,0.466494,0.270703,0.029232,0.11773,0.266312,0.601727,0.277566,-0.674064,0.147715,0.140656,-0.101322,0.225531,-0.164808,0.191242,0.30439,0.249081,0.212103,-0.755631,0.115082,0.236011,-0.395285,0.2685,-0.595322,-0.331847,0.097938,-0.166667,0.233816,0.375559,-0.603958,0.30877,-0.079655,-0.327035,-0.101623,-0.096667,0.282166,0.207617,-0.249873,0.005932,-0.111772,-0.005811,-0.011485,-0.32716,0.218218,-0.217147,0.005932,-0.406816,-0.325721,0.094617,-0.406816,-0.610208,0.48187,0.087422,0.504898,0.117257,-0.326025,0.005932,0.094617,0.48187,-0.49973,0.162944,-0.249873,-0.005811,0.132879,0.102062,-0.249873,0.203756,0.447827,-0.408034,-0.406816,0.109294,-0.166667,0.005932,-0.25,-0.407971,-0.32716,-0.408034,-0.327154,0.396459,-0.60813,-0.249873,-0.217147,-0.217147,-0.327154,-0.603226,-0.101623,-0.25,-0.304993,-0.187672,-0.32716,-0.005811,-0.248719,0.377686,0.218242,-0.111772,-0.326025,0.362658,0.207617,-0.11044,-0.091627,0.239915,-0.240767,-0.249873,0.238366,-0.011485,-0.3795,-0.25,0.338986,-0.096667,0.005932,-0.610208,-0.372591,0.207617,0.094617,-0.609741,-0.249873,0.464197,0.198718,-0.609741,-0.166667,-0.093422,0.666667,-0.327327,-0.096667,0.367876,-0.229233,-0.166667,-0.227395,-0.249873,-0.248719,0.327106,0.0,0.207617,-0.011485,-0.013135,-0.217147,0.356961,-0.012484,0.202862,-0.566441,0.093508,-0.190347,-0.418847,0.16585,0.315132,-0.027589,0.410465,0.294751,-0.48795,0.499508,-0.111772,-0.118216,-0.012484,0.31826,-0.035551,0.230447,-0.109909,-0.372591,0.353039,0.239915,#
1,0.01576,1.0,-0.238236,-0.294385,-0.280203,-0.387356,0.23986,0.066865,0.136214,0.205657,-0.179368,0.050535,0.488513,-0.003208,0.226703,0.287784,-0.388035,0.280454,0.437199,0.708525,0.460839,0.590716,0.025673,-0.469374,-0.179513,0.220626,0.160692,0.006117,0.348553,0.386594,-0.625675,-0.092372,0.351979,0.401713,0.046427,0.160729,0.254018,0.017097,-0.364729,-0.373188,0.249332,0.537173,0.043439,-0.533621,-0.413635,-0.307441,0.384681,0.284192,0.208219,0.341917,0.32768,-0.30979,-0.649833,0.63377,-0.384432,0.312191,-0.387876,-0.196242,-0.167257,-0.167468,0.29835,0.27411,-0.047267,0.234258,0.030429,-0.129657,0.351979,0.501159,0.17217,-0.256794,-0.382004,-0.270502,0.221629,-0.049179,-0.037706,0.433473,-0.167769,-0.496195,-0.170532,-0.764332,-0.220341,-0.229157,-0.176865,-0.28889,-0.268147,-0.170532,-0.434644,0.23493,-0.024605,0.37206,0.383158,-0.267585,-0.363739,0.124441,-0.429515,0.252801,0.242709,-0.477551,-0.267585,-0.260636,0.372878,-0.496195,-0.992359,-0.415253,-0.810696,0.050632,-0.438336,0.030418,-0.477551,-0.434644,0.030431,-0.330965,0.16324,-0.496448,-0.035823,0.170444,-0.065612,-0.167769,0.373937,-0.092968,0.050632,0.176751,-0.268147,-0.64966,0.410913,-0.385517,-0.496448,-0.038785,-0.093099,-0.176865,-0.220341,-0.030646,-0.024755,0.255152,-0.433344,0.252801,-0.496329,0.186212,-0.069429,-0.068352,-0.238841,-0.364279,-0.496195,0.277995,-0.229157,-0.44919,-0.082741,0.353595,-0.419531,-0.624911,-0.079602,-0.553361,-0.167769,0.054614,-0.049179,0.050632,0.173491,0.221856,0.36724,-0.330965,-0.151162,-0.330965,-0.28889,-0.037706,-0.036283,0.642854,0.351979,0.282067,-0.496195,0.546643,-0.623564,0.052,-0.167769,-0.152228,0.245104,0.176751,0.050632,0.57827,0.261725,-0.226157,0.461482,0.043499,-0.384333,-0.385105,0.462781,-0.275092,-0.031551,0.203587,-0.291267,0.254136,-0.764332,0.384217,0.179836,0.130412,-0.570385,0.264308,0.803735,-0.553361,0.097267,0.13612,#
2,-0.022869,-0.238236,1.0,0.362621,0.191122,0.004038,0.254651,0.049296,-0.215484,0.198945,-0.14998,-0.814626,-0.012249,0.034274,-0.557906,-0.563561,-0.012024,0.267729,0.064912,-0.198947,0.489837,-0.067314,-0.003821,0.001948,-0.216063,-0.211099,0.269315,-0.475402,-0.4324,-0.01551,0.230253,-0.43798,-0.332868,0.405028,-0.365191,-0.283212,0.628383,-0.413917,0.385279,-0.343888,-0.192095,-0.039867,0.510259,0.152926,0.018782,0.162406,-0.0604,0.652855,0.21581,-0.356118,0.316985,0.406575,0.222891,-0.063534,-0.305578,-0.240602,0.043963,0.176331,0.212449,-0.245829,0.356316,0.325428,-0.506438,-0.204263,-0.345029,0.388141,-0.332868,-0.026884,0.069719,0.293551,-0.021968,0.022115,-0.181987,0.442746,0.011882,0.534982,0.22042,0.029932,-0.171297,0.442699,0.185509,0.597358,0.261344,0.17799,0.256182,-0.171297,-0.362601,0.295909,0.389569,0.030826,-0.379587,-0.227107,0.426505,0.217759,-0.413614,-0.168004,-0.171297,0.389569,0.189196,-0.191002,-0.389028,0.029932,0.21563,0.070037,-0.006224,0.029932,0.068009,-0.107125,0.006401,0.0623,0.455727,0.353196,0.213082,-0.499302,0.426505,0.661313,0.006401,-0.187232,0.451003,-0.369932,0.029932,0.256182,0.703112,-0.187232,-0.36327,0.473733,-0.499302,0.400611,0.278152,0.261344,0.592141,0.061705,-0.000183,0.068361,0.412205,-0.168004,0.492308,0.628073,0.118517,-0.428393,-0.220377,0.615762,0.029932,-0.210778,0.597358,0.473769,-0.022869,0.583234,0.0432,-0.171297,-0.379587,0.55624,0.22042,0.006401,0.055412,0.029932,0.199675,0.172591,0.055412,-0.332868,0.375541,0.302376,0.211259,0.434669,0.42761,-0.174001,-0.332868,-0.660637,0.029932,0.061705,-0.192325,-0.067209,0.22042,0.225268,-0.563924,0.256182,0.492517,0.230116,-0.167545,0.238207,-0.360069,0.461418,-0.384966,-0.309323,-0.364769,-0.114689,-0.332986,-0.21775,-0.249214,0.236078,0.442699,-0.373279,0.230116,-0.133612,0.538218,-0.653258,0.044651,0.55624,0.339788,0.211436,#
3,-0.686349,-0.294385,0.362621,1.0,-0.249125,0.297562,-0.214523,-0.414916,-0.348914,-0.216903,0.38707,-0.456126,-0.390545,0.212683,-0.27402,0.338628,0.242054,-0.239767,0.273772,0.291784,0.186976,-0.148533,-0.382597,0.188498,-0.530014,-0.262954,0.531831,-0.375139,-0.248374,-0.369925,0.465681,-0.167985,0.119737,-0.375376,0.413786,-0.642644,-0.223017,0.267117,-0.42568,-0.263847,0.206175,-0.233016,-0.205845,0.320796,0.240147,-0.189616,-0.458198,-0.274311,0.506169,-0.127545,-0.081366,0.43987,0.1795,0.118401,-0.181712,-0.08531,-0.202296,-0.173188,0.490871,-0.069555,-0.109,0.020285,-0.256589,-0.115956,-0.144747,-0.143102,0.119737,-0.152981,-0.36617,0.949316,-0.22975,0.365944,0.291588,0.387436,0.334525,-0.123195,0.209207,0.148374,0.281891,0.389725,0.259124,0.310303,0.236623,0.123178,0.436219,0.281891,0.212812,0.263501,0.217276,0.240854,0.387231,-0.405715,0.243747,-0.317466,0.184948,0.235897,0.359517,0.189965,-0.327869,0.282979,-0.185628,0.148374,0.282979,0.217877,0.214733,0.181346,-0.090369,-0.302308,0.189965,0.265781,0.320308,0.1625,0.281891,0.083388,0.243747,0.236623,0.267346,0.181764,-0.211271,0.357317,0.181346,0.519792,0.519792,0.152708,-0.135859,0.439585,0.083388,0.673801,0.437502,0.236623,0.335162,0.178685,-0.30364,-0.15679,0.338406,0.235897,0.148126,0.209207,-0.257547,0.332269,0.202112,0.373743,0.117234,-0.207944,0.310303,0.614691,0.115461,-0.27736,0.438386,0.254493,0.359328,0.620081,0.209207,0.294658,0.361362,0.181346,-0.33349,-0.129605,0.439585,0.076974,-0.278054,0.076974,0.179169,0.387231,-0.244499,-0.179301,0.1625,-0.20558,0.148374,0.213493,-0.235,-0.07078,0.209207,0.3604,-0.287143,0.519792,0.181346,-0.248892,-0.432914,0.903511,-0.341375,0.515251,0.227558,-0.16454,-0.578848,-0.235017,-0.254238,-0.218331,0.262915,-0.255341,0.389725,-0.290849,-0.272917,-0.248562,0.248111,-0.533676,-0.188113,0.620081,-0.203308,0.202112,#
4,0.323649,-0.280203,0.191122,-0.249125,1.0,0.159315,0.314118,0.085735,-0.196065,-0.446197,-0.102963,0.111882,-0.376071,-0.12855,-0.102963,-0.665123,0.52976,-0.034187,-0.817235,-0.492859,-0.36976,0.112438,0.145999,0.030244,0.039952,0.028982,0.026074,-0.127303,-0.057214,0.538968,0.474121,-0.244096,-0.503454,0.07572,-0.482988,0.356587,0.018735,-0.324785,0.596912,0.459397,-0.523812,-0.04691,0.166517,-0.224176,-0.324785,0.410272,0.006622,0.063606,-0.645366,-0.269942,0.457991,-0.525382,-0.03435,-0.568961,0.59579,-0.370217,-0.272849,0.365039,-0.519176,-0.105945,-0.057356,-0.040939,0.19894,-0.253586,-0.125411,0.278938,-0.503454,0.16312,0.124886,-0.227199,-0.285142,-0.646948,0.042338,-0.569583,-0.619985,0.345728,-0.545162,-0.17807,-0.669683,-0.060926,-0.333003,-0.286964,-0.489602,0.310754,-0.486719,-0.669683,-0.310757,-0.467978,-0.035216,-0.427094,-0.584528,0.122198,0.059355,0.233105,-0.361126,-0.984832,-0.634867,0.442496,0.192026,0.170513,-0.356077,-0.17807,0.25577,0.100485,0.105703,-0.754796,0.276971,0.259121,0.026029,0.188131,-0.302372,0.302072,-0.304122,-0.237343,0.008048,-0.109215,0.060735,-0.545162,-0.097913,-0.078728,-0.754796,-0.449237,-0.411755,-0.036923,-0.212298,-0.446792,-0.237343,-0.248251,-0.562663,-0.489602,-0.264797,-0.142456,-0.202824,-0.569636,-0.181764,-0.984832,0.324417,-0.157467,-0.30872,-0.142344,-0.068445,0.181823,0.324716,-0.086404,-0.286964,-0.409416,-0.302072,0.369501,0.027636,-0.19046,-0.096465,-0.331658,-0.545162,-0.364919,-0.569583,-0.754796,0.218058,-0.435958,-0.5345,-0.503454,0.497214,0.186997,0.386089,-0.12358,-0.157214,0.083334,0.244535,0.11025,-0.17807,-0.75131,0.60145,-0.520513,-0.545162,-0.202709,-0.122434,-0.449237,-0.252009,0.245666,0.524644,-0.303917,0.1983,-0.298992,0.115907,0.541065,0.459574,0.573057,0.022996,-0.056961,0.209513,0.305091,-0.060926,0.342362,0.665885,0.614342,0.604458,0.443974,-0.038501,-0.331658,-0.322187,0.342227,#
5,0.067196,-0.387356,0.004038,0.297562,0.159315,1.0,0.053507,-0.663851,0.06049,0.09977,0.443353,0.16646,-0.303423,0.166604,0.443353,-0.010729,0.120423,-0.33341,-0.320436,-0.078906,-0.40055,-0.651843,0.178804,-0.273573,0.357157,-0.380959,-0.384778,-0.230485,0.327952,0.180665,0.613023,0.280481,-0.27142,-0.238371,-0.173739,-0.530212,-0.433161,0.565672,0.208619,0.304306,-0.532488,0.204151,-0.569636,0.322601,0.133557,0.201057,-0.296461,-0.494546,0.08526,0.327886,-0.315794,0.261444,0.306104,-0.17347,0.257795,0.113283,-0.103302,0.430238,-0.310827,0.274348,0.254236,-0.299991,-0.143457,-0.372354,-0.016138,-0.528361,-0.27142,-0.03435,-0.443248,0.408847,-0.205855,-0.171148,0.411072,-0.205665,-0.198021,-0.051341,0.295833,0.072806,-0.030202,0.221182,-0.04851,-0.057292,-0.117996,-0.119033,-0.396545,-0.030202,-0.254501,-0.530443,-0.283019,-0.662509,-0.165543,-0.030287,-0.288424,0.037895,0.149486,-0.092786,0.384368,-0.283019,0.417435,-0.017272,-0.453941,0.072806,0.388811,-0.251313,0.577702,0.072806,0.391076,0.305959,-0.267125,-0.20554,0.186148,0.466421,-0.428826,0.08696,-0.66439,-0.532788,0.146138,-0.110017,-0.140797,-0.156726,0.072806,0.049783,0.084116,-0.110017,-0.488004,0.244227,0.08696,0.390017,-0.420433,-0.117996,0.388811,-0.405044,-0.206256,0.02865,-0.221554,-0.092786,0.057882,-0.126928,-0.459723,0.236622,0.756862,0.098024,-0.406923,-0.444714,-0.057292,-0.106081,0.08696,-0.048436,0.67889,-0.030202,-0.165543,-0.106038,0.295833,0.527611,-0.591287,0.072806,-0.0173,0.072771,-0.17353,0.387367,-0.494824,0.361015,-0.050028,-0.149304,-0.213802,-0.329379,0.413718,-0.21223,0.072806,-0.405044,0.532699,-0.248437,0.295833,0.344023,0.435503,0.049783,0.053617,0.019147,0.374605,0.384359,0.194521,0.464976,0.150948,0.27009,0.206583,-0.2056,0.349653,0.049946,-0.081007,0.408451,0.221182,-0.587108,0.019147,-0.316278,-0.110734,-0.074282,-0.138101,-0.106038,0.17128,0.309046,#
6,-0.011268,0.23986,0.254651,-0.214523,0.314118,0.053507,1.0,0.422821,-0.120619,-0.097767,0.225446,0.005279,0.02087,0.045728,0.225446,-0.17426,0.00395,-0.141483,-0.367436,0.225552,0.088601,0.489475,0.045182,-0.412947,0.241121,0.211958,0.145621,-0.458764,0.068638,0.389772,-0.206335,0.08209,-0.333032,0.41694,0.01244,-0.184843,0.184263,-0.404356,0.402321,0.444249,-0.199124,0.388174,0.034015,-0.26062,-0.404356,0.33609,-0.404874,0.328867,0.058062,-0.148692,0.488538,0.004871,-0.222039,-0.316939,-0.297239,0.127345,0.069518,0.358215,-0.222422,0.437437,0.355423,0.320693,-0.510028,0.403063,0.612407,0.04391,-0.333032,0.130561,-0.27515,-0.36404,-0.037112,-0.403237,0.243212,-0.36158,-0.778171,0.535675,-0.194338,0.002681,-0.562563,0.041363,-0.574271,-0.175228,0.231017,-0.654062,-0.60326,-0.562563,-0.385969,0.264544,-0.383544,-0.369548,-0.376968,-0.626718,0.020139,-0.181506,-0.813893,-0.175356,-0.168626,-0.399536,-0.201279,-0.204111,-0.230608,0.002681,-0.174429,-0.364292,-0.386412,0.021988,0.509368,-0.125276,-0.399536,0.048257,0.064678,0.368088,-0.562563,-0.499548,0.020139,0.231017,-0.006841,-0.194338,0.043986,-0.383735,0.021988,-0.179145,-0.146521,-0.211352,0.271383,0.065921,-0.499548,-0.113686,-0.635146,0.231017,-0.158715,0.032951,-0.409454,-0.272841,-0.379338,-0.175356,-0.001693,-0.194338,-0.168598,-0.814951,-0.262026,0.364443,0.002681,-0.225616,-0.175228,-0.509417,-0.499548,0.727346,0.038759,-0.578606,-0.393306,-0.415774,-0.194338,0.009151,-0.36158,0.021988,-0.186806,-0.155248,0.035386,-0.333032,0.34294,-0.333032,-0.195071,-0.346106,8.9e-05,0.245359,0.318008,-0.098171,0.002681,0.053334,0.220936,-0.553004,-0.194338,0.206115,0.23918,-0.179145,0.021988,0.607151,0.688066,-0.375159,0.456782,0.198754,0.00859,-0.341367,0.61634,-0.11385,0.079087,-0.229792,-0.260249,0.622883,0.041363,-0.000395,0.593083,-0.162922,-0.233412,0.217562,0.435061,-0.415774,-0.096554,-0.262026,#
7,0.106857,0.066865,0.049296,-0.414916,0.085735,-0.663851,0.422821,1.0,-0.383795,-0.276748,-0.406257,0.135342,0.215588,-0.407291,-0.406257,-0.008273,0.165209,0.041737,-0.209659,-0.06152,0.21017,0.511743,-0.244985,0.150305,-0.061248,0.55127,0.096315,-0.131091,-0.562402,-0.241329,-0.506832,0.10174,-0.27176,0.206627,0.27065,0.377994,0.189861,-0.665026,0.139384,0.206763,0.370918,-0.086248,0.403608,-0.373776,-0.23237,0.434238,-0.232901,0.31016,-0.358542,-0.363068,0.312343,-0.173231,-0.078547,-0.304139,-0.374725,-0.01112,0.409933,0.144382,0.038961,0.270644,-0.304896,0.337912,-0.103537,0.364916,0.507587,0.319633,-0.27176,-0.076805,0.192699,-0.667301,0.503469,0.180388,-0.533251,-0.091416,-0.139927,-0.053603,-0.0494,0.121495,0.027047,0.270817,0.007543,0.052636,0.398797,-0.119182,0.137807,0.027047,0.178691,0.43344,0.171597,0.195993,-0.139927,-0.038801,0.591411,-0.412741,-0.265543,-0.029935,-0.356112,0.154746,-0.423043,-0.009015,0.350297,0.121495,-0.009015,0.145046,-0.277903,0.141839,0.422669,-0.291764,0.154746,0.178691,-0.196185,-0.27176,0.027047,0.06728,0.591411,0.398797,-0.227205,0.356958,-0.123593,-0.148258,0.141839,-0.274704,-0.274704,0.33903,0.38251,-0.091416,0.06728,-0.623427,0.024687,0.398797,-0.367773,0.152842,0.246184,-0.375435,0.270817,-0.029935,0.116917,-0.0494,0.172988,-0.601483,-0.532461,0.355425,0.582612,0.388669,0.052636,-0.147806,-0.40764,0.307275,-0.547369,0.010142,-0.157143,-0.044874,-0.0494,-0.210354,0.294689,0.141839,-0.401547,-0.384808,-0.091416,-0.27176,0.575307,-0.27176,-0.119182,-0.139927,0.290342,0.103479,-0.27176,-0.007094,0.121495,0.174319,0.077449,-0.050949,-0.0494,0.052636,-0.39051,-0.274704,0.141839,0.029052,-0.062346,-0.507392,-0.222891,-0.504731,0.160609,-0.438461,0.059737,-0.038435,-0.230164,0.085512,0.06759,0.029805,0.270817,0.242873,0.01423,0.021259,0.03208,0.321035,-0.128039,-0.044874,-0.249739,-0.532461,#
8,0.019823,0.136214,-0.215484,-0.348914,-0.196065,0.06049,-0.120619,-0.383795,1.0,0.647877,0.255377,0.008646,0.040482,0.575847,0.663981,-0.200392,-0.808161,0.293483,0.321781,-0.210186,-0.144683,-0.093654,0.519149,-0.089243,0.7001,-0.2839,-0.154375,0.754413,0.808735,0.394262,-0.161071,0.029583,0.356817,0.39299,-0.4378,0.166895,0.14487,-0.025672,0.117562,0.07654,-0.223397,-0.007127,0.037466,0.186091,-0.025672,-0.545864,0.393548,0.167723,0.424736,0.345781,-0.276797,0.082912,-0.244751,0.283765,0.219634,-0.222793,0.120021,-0.196872,0.242677,-0.166281,0.271352,-0.062686,-0.091186,0.395403,-0.03947,0.172073,0.356817,0.04017,0.174295,-0.147312,-0.038357,-0.34838,0.298212,-0.11376,-0.102998,0.016872,-0.24145,-0.033399,-0.237073,-0.388095,-0.285668,-0.293697,-0.249136,-0.285501,-0.336767,-0.237073,-0.038035,-0.250676,-0.474058,-0.087143,-0.102998,0.123589,-0.808728,0.59232,-0.026425,0.178892,-0.237073,-0.474058,0.57266,-0.285668,-0.433603,-0.033399,-0.176008,-0.41142,0.032371,-0.033399,-0.476036,0.006002,-0.091436,0.027443,0.027443,0.409679,-0.285052,-0.019823,-0.478767,-0.299061,-0.091436,-0.24145,0.376269,-0.116693,-0.033399,-0.336767,0.145342,-0.24145,0.175913,-0.000948,-0.019823,-0.070466,-0.241285,-0.249136,0.152971,-0.026893,-0.089368,0.712126,-0.499112,0.178892,-0.49546,-0.292334,0.690349,-0.092028,-0.216128,-0.625235,-0.495327,-0.555678,-0.293697,0.025848,0.396463,-0.194127,0.011018,-0.237073,-0.102998,-0.079942,-0.24145,-0.42623,-0.11376,-0.033399,0.62415,0.733966,-0.11376,0.303955,0.060743,-0.330386,0.198985,-0.037846,-0.100213,0.218669,-0.330386,0.045077,-0.033399,-0.026893,-0.175921,0.414738,-0.24145,-0.618813,0.660326,-0.336767,-0.495327,0.194025,0.274562,-0.271734,0.476647,0.039242,-0.412245,0.319999,0.118531,0.371896,0.104493,-0.311452,-0.337578,-0.14218,-0.388095,-0.035412,0.194025,-0.192653,-0.246378,-0.188622,0.408578,-0.079942,0.522026,-0.270028,#
9,0.317226,0.205657,0.198945,-0.216903,-0.446197,0.09977,-0.097767,-0.276748,0.647877,1.0,-0.160516,-0.34735,0.572904,0.404204,0.281294,-0.165718,-0.838363,0.628678,0.48731,-0.002104,0.29052,-0.314312,0.591959,-0.453423,0.47102,-0.46962,-0.341756,0.287685,0.343621,0.069777,-0.376339,0.221435,0.240063,0.549239,-0.526675,-0.104265,0.488851,0.048162,0.198273,-0.451297,-0.009063,0.40025,0.324084,0.199925,0.048162,-0.357332,0.467704,0.433937,0.431513,0.536099,-0.143397,0.481607,-0.095847,0.544212,-0.366433,0.040953,0.350063,0.004707,0.148825,-0.046264,0.415133,-0.027112,-0.450156,-0.020636,-0.253994,0.13382,0.240063,0.272967,0.369154,-0.091406,0.22855,0.050753,0.036451,0.260156,0.281166,0.201943,0.417284,-0.254631,0.217278,-0.052858,0.144876,0.125844,-0.041069,-0.145932,-0.04972,0.217278,-0.396892,-0.023655,0.037113,0.056015,-0.141516,0.112823,-0.337788,0.629818,0.046986,0.45171,0.217278,-0.455698,0.598389,-0.745905,-0.292816,-0.254631,-0.220802,-0.356319,0.098005,0.340324,-0.271025,-0.070734,-0.455698,-0.326093,0.604709,0.29722,0.1654,-0.240063,-0.388756,-0.095051,-0.455698,-0.022871,0.808466,-0.657995,0.340324,-0.04972,0.47157,-0.547173,-0.294221,0.382136,-0.240063,0.061496,0.104817,-0.041069,0.619163,-0.246587,0.28763,0.962556,-0.172897,0.45171,-0.250089,0.362265,0.531512,-0.206346,-0.053024,-0.344733,-0.754098,-0.392384,0.125844,0.272978,0.210055,0.15436,-0.09904,-0.277091,-0.645004,0.164609,0.417284,0.088828,-0.158061,0.340324,0.621998,0.969044,-0.158061,0.182905,-0.163398,0.182905,-0.071095,0.351613,0.266772,0.064559,-0.502989,-0.588783,-0.254631,0.381511,-0.397995,0.62513,0.417284,-0.225693,0.273433,-0.04972,0.340324,0.224564,0.017272,-0.043708,0.160799,0.292123,-0.810325,-0.276804,-0.124146,-0.286687,-0.028153,-0.021316,-0.791732,0.283091,-0.052858,-0.570741,-0.208937,-0.469063,-0.319437,-0.489992,0.372272,0.164609,0.932043,-0.111304,#
10,-0.499302,-0.179368,-0.14998,0.38707,-0.102963,0.443353,0.225446,-0.406257,0.255377,-0.160516,1.0,-0.013607,-0.406257,0.530751,0.607182,0.178499,0.016439,-0.593965,-0.073185,0.205807,-0.491232,-0.01708,0.058267,-0.029478,0.204797,-0.260965,0.188072,-0.086795,0.468686,0.000174,0.234292,0.10055,0.327786,-0.403972,0.363034,-0.650248,-0.29137,0.37007,-0.006188,0.438795,-0.244677,-0.062052,-0.561286,0.562936,0.37007,-0.352218,-0.398416,-0.288342,0.48917,-0.208266,-0.170384,0.376916,0.189181,-0.330952,0.256859,0.233463,0.024245,-0.337255,0.180913,0.387751,0.258786,-0.313376,-0.063874,0.351044,0.391635,-0.184758,0.327786,-0.3789,-0.75209,0.408649,-0.107487,-0.025183,0.678087,-0.048485,-0.468013,0.006065,-0.245742,0.472925,-0.258122,0.005919,-0.621554,-0.215987,0.186997,-0.65374,-0.268645,-0.258122,0.375191,0.184907,-0.814929,-0.451469,-0.060885,-0.612573,-0.39896,-0.193089,-0.046668,0.159057,0.141632,-0.392995,-0.180851,0.184623,-0.292641,0.472925,0.214744,0.018908,0.009336,-0.036463,0.018084,-0.100393,-0.009827,0.422402,-0.010831,0.378606,-0.642501,-0.022869,-0.39896,-0.212972,0.388667,-0.245742,-0.412877,0.36066,-0.036463,0.161732,0.194838,0.203155,0.189554,0.385329,-0.022869,0.48479,-0.300224,0.186997,-0.199861,0.489159,-0.832829,-0.07683,-0.420994,0.159057,0.005903,-0.653395,-0.078856,-0.049358,0.175875,-0.118381,0.01034,-0.51604,-0.215987,-0.062531,-0.022869,-0.305877,0.808637,0.165147,0.370192,-0.025172,-0.245742,-0.033268,-0.048485,-0.036463,-0.200686,-0.036551,0.354343,0.302376,-0.285335,-0.332868,-0.187971,-0.421037,-0.412775,-0.212127,0.327786,0.252977,0.472925,-0.048606,0.202299,-0.486952,-0.245742,0.170986,0.606579,0.161732,-0.499048,-0.175299,0.236653,0.134576,0.422999,0.532517,0.374222,0.287408,0.089806,0.199374,0.483834,-0.675916,0.076252,-0.179841,0.005919,-0.033843,0.195855,-0.199885,-0.278052,-0.211255,0.009167,-0.025172,-0.318059,-0.255938,#
11,0.117115,0.050535,-0.814626,-0.456126,0.111882,0.16646,0.005279,0.135342,0.008646,-0.34735,-0.013607,1.0,-0.232901,-0.407533,0.402603,0.36805,0.165749,-0.434624,-0.332154,-0.070044,-0.40129,-0.043482,-0.236827,0.13326,0.376839,0.534341,-0.422945,0.303759,0.285004,0.198985,0.045654,0.324279,-0.271921,-0.229119,0.245524,0.396226,-0.749959,0.18359,-0.209931,0.628492,-0.099343,-0.085796,-0.591529,-0.399212,-0.257895,0.407608,-0.224477,-0.68431,-0.419576,0.27005,-0.387087,-0.582674,-0.105295,-0.171907,0.313012,0.079429,-0.133707,0.374268,-0.38044,0.216678,-0.314729,-0.0,0.417606,0.149627,0.464501,-0.566297,-0.271921,-0.088287,-0.165228,-0.435529,-0.05736,-0.236622,-0.087167,-0.584409,-0.182601,-0.546515,-0.101833,0.082457,-0.014758,-0.206592,-0.033417,-0.420871,-0.109985,-0.111039,-0.38059,-0.014758,0.153305,-0.531422,-0.275974,-0.26355,0.248771,0.384972,-0.281498,-0.405048,0.165887,-0.084264,0.017824,-0.275974,-0.007111,0.381473,0.295327,0.082457,-0.033417,-0.317273,0.141787,0.082457,0.361234,0.3399,0.13001,-0.26355,-0.663731,-0.271921,-0.422026,0.581535,-0.281498,-0.533771,0.162489,0.312817,-0.585255,0.260325,0.082457,-0.345512,-0.801518,0.312817,0.355669,-0.584409,0.581535,-0.508222,-0.492059,-0.109985,-0.416391,-0.405791,0.21189,-0.337799,-0.206592,-0.084264,-0.407784,-0.533761,-0.266909,0.261488,0.344598,-0.1546,0.062852,0.292637,-0.420871,-0.629775,0.096922,-0.265277,-0.149419,-0.014758,0.248771,-0.637986,-0.101833,0.162489,-0.190426,0.082457,-0.393673,-0.426003,-0.157594,0.401151,-0.136324,-0.271921,-0.111039,-0.597382,-0.191025,0.083822,0.428074,0.591075,0.082457,-0.405791,0.533682,-0.086938,-0.101833,-0.010853,0.428396,-0.345512,-0.407674,0.003832,0.358094,-0.288992,0.178455,-0.524255,0.57908,0.270588,0.545472,0.024066,0.222996,0.506253,0.429581,0.003931,-0.206592,0.239978,0.003832,0.01768,-0.369267,0.806478,-0.154254,-0.637986,-0.295812,-0.112928,#
12,0.581778,0.488513,-0.012249,-0.390545,-0.376071,-0.303423,0.02087,0.215588,0.040482,0.572904,-0.406257,-0.232901,1.0,0.087727,0.001629,0.053467,-0.302852,0.578451,0.217366,0.376245,0.21017,0.070378,0.531132,-0.665504,-0.061248,-0.311708,-0.316843,-0.132456,-0.135037,-0.241329,-0.804639,0.427536,0.414237,0.206627,-0.158807,-0.040144,0.582185,0.132393,0.174788,-0.574134,0.3695,0.725416,0.444125,0.040062,0.132393,-0.250846,0.567518,0.46168,-0.081099,0.324229,0.312343,0.295135,-0.11355,0.37421,-0.501684,0.530058,0.428132,-0.240769,-0.257755,0.270644,0.204411,-0.287851,-0.14524,-0.218787,-0.137145,0.202127,0.414236,0.444484,0.430514,-0.407489,0.461106,0.346309,-0.095778,0.220875,0.233084,0.325716,0.356958,-0.407433,0.393301,-0.165023,0.007543,-0.001909,-0.058535,-0.119182,0.058945,0.393301,-0.288462,0.354577,0.171597,0.178691,-0.157143,-0.038801,0.159616,0.355731,0.115479,0.372639,0.393301,-0.283374,-0.038801,-0.81484,0.350297,-0.407433,-0.439524,0.139036,-0.277903,0.141839,-0.116467,-0.143985,-0.665325,-0.288462,0.570869,-0.27176,0.393301,-0.40764,-0.21682,-0.058535,-0.665325,-0.0494,0.646934,-0.641167,0.141839,0.058945,0.058945,-0.533445,-0.309297,0.220875,-0.40764,-0.16724,0.201531,-0.058535,0.007543,0.059777,0.246184,0.547971,-0.165023,0.372639,0.057954,0.356958,0.089457,-0.224347,-0.102019,-0.387822,-0.407433,0.192447,-0.001909,-0.066162,-0.40764,0.253612,-0.231745,-0.063108,-0.621971,-0.135084,0.356958,0.171597,-0.16523,0.141839,0.33331,0.510235,-0.16523,-0.27176,-0.288393,0.361468,-0.533727,0.233084,0.233983,0.081486,-0.27176,-0.39037,-0.407433,0.639647,-0.39085,0.2967,0.356958,-0.001909,-0.012061,0.058945,0.602955,0.00336,-0.091139,-0.313103,0.161987,0.034653,-0.681378,-0.48397,0.026479,-0.431515,0.177953,0.085512,-0.795633,0.392742,-0.165023,-0.183402,-0.396855,-0.010691,-0.458685,-0.074375,0.244511,-0.135084,0.414714,-0.102019,#
13,-0.249786,-0.003208,0.034274,0.212683,-0.12855,0.166604,0.045728,-0.407291,0.575847,0.404204,0.530751,-0.407533,0.087727,1.0,0.530751,-0.010969,-0.407336,0.353212,0.109123,0.18468,-0.245749,0.139376,0.650919,-0.407795,0.223322,-0.762528,0.35557,0.276109,0.472306,0.086148,-0.155244,0.305519,0.635258,0.090848,-0.150737,-0.3253,0.172036,0.057726,0.152336,-0.038637,0.168901,0.269711,0.224027,0.419402,0.057726,-0.776078,0.097587,0.11086,0.515508,0.278304,0.270661,0.445434,-0.326961,0.175122,0.008447,-0.162896,0.273683,-0.441387,0.361949,0.245109,0.020915,-0.380319,-0.436618,0.302973,0.052656,0.460277,0.635258,0.332758,0.125897,0.282043,0.072366,-0.078811,0.777556,-0.177855,-0.173717,0.193769,-0.326874,-0.249659,-0.069809,-0.093173,-0.499302,-0.499176,-0.32688,-0.327047,-0.298499,-0.069809,0.031682,0.135423,-0.407685,0.031682,-0.173717,-0.499289,-0.407622,0.476327,0.038367,0.144776,-0.069809,-0.407685,0.024656,-0.499302,-0.65001,-0.249659,0.012472,0.051982,0.120859,-0.249659,-0.355191,-0.59239,-0.407685,0.566448,0.566448,0.696934,-0.069809,-0.249786,-0.407622,-0.32688,-0.407685,-0.326874,0.367906,-0.198036,-0.249659,-0.298499,0.263993,-0.326874,-0.073168,0.348631,-0.249786,0.110723,-0.186685,-0.32688,0.012472,0.295362,-0.610968,0.441983,-0.611283,0.144776,-0.249726,-0.326874,0.349427,-0.169535,-0.326271,-0.51899,-0.249659,-0.855615,-0.499176,0.27709,-0.249786,-0.239736,0.358388,-0.069809,-0.173717,0.17789,-0.326874,-0.407685,-0.177855,-0.249659,0.465027,0.581648,-0.177855,-0.166524,-0.042638,-0.166524,0.238219,0.358388,-0.610626,0.292787,-0.166524,-0.277937,-0.249659,0.295362,-0.220515,0.157126,-0.326874,-0.499176,0.480239,-0.298499,-0.249659,0.006006,0.223397,0.144983,0.595171,0.23949,-0.417259,0.112517,-0.079837,0.297436,0.002398,-0.761854,-0.487532,0.006161,-0.093173,-0.135128,0.006006,-0.121507,-0.090776,-0.326806,0.375858,0.17789,0.133788,-0.326271,#
14,-0.003811,0.226703,-0.557906,-0.27402,-0.102963,0.443353,0.225446,-0.406257,0.663981,0.281294,0.607182,0.402603,0.001629,0.530751,1.0,0.178499,-0.406448,-0.155001,-0.073185,0.205807,-0.491232,-0.01708,0.46184,-0.438027,0.659327,-0.243678,-0.244366,0.340606,0.880263,0.407958,-0.133304,0.434493,0.327786,0.007861,-0.049289,-0.177646,-0.29137,0.37007,0.075894,0.438795,-0.244677,0.362065,-0.463736,0.149106,-0.046603,-0.352218,0.017794,-0.288342,0.275415,0.453641,-0.170384,0.039545,-0.249049,0.042356,0.232405,0.2149,0.043232,-0.065245,-0.170487,0.387751,0.258786,-0.313376,-0.063874,0.351044,0.391635,-0.266488,0.327786,0.123131,-0.270456,-0.137818,-0.107487,-0.374166,0.678087,-0.475009,-0.468013,0.006065,-0.245742,-0.036463,-0.258122,-0.413819,-0.621554,-0.625724,-0.253439,-0.65374,-0.724339,-0.258122,-0.058042,-0.270787,-0.814929,-0.451469,-0.060885,-0.23527,-0.814803,0.192718,-0.046668,0.159057,0.141632,-0.814929,0.196452,-0.229982,-0.292641,-0.036463,-0.199861,-0.43257,0.009336,-0.036463,-0.039607,0.04962,-0.431762,-0.010831,-0.010831,0.378606,-0.642501,-0.022869,-0.814803,-0.653408,-0.033268,-0.245742,-0.026037,-0.073245,-0.036463,-0.293961,-0.260856,-0.245742,0.189554,-0.041194,-0.022869,-0.036317,-0.672184,-0.253439,-0.199861,-0.048606,-0.452609,0.316395,-0.840733,0.159057,-0.499182,-0.653395,0.042749,-0.049358,0.175875,-0.595576,-0.499048,-0.51604,-0.625724,-0.467538,-0.022869,-0.181459,0.37756,-0.258122,-0.060885,-0.546439,-0.245742,-0.033268,-0.475009,-0.036463,0.193609,0.344596,-0.072181,0.302376,-0.334711,-0.332868,-0.187971,-0.421037,-0.459814,0.200901,0.327786,0.252977,-0.036463,-0.048606,0.202299,-0.101019,-0.245742,-0.23875,0.99708,-0.293961,-0.499048,0.195855,0.652581,-0.239646,0.820134,0.155257,-0.021083,0.287408,0.570252,0.126467,0.483834,-0.269526,-0.28641,0.20093,-0.413819,-0.033843,0.195855,-0.199885,-0.644452,0.230748,0.393581,-0.546439,0.096584,-0.255938,#
15,-0.499208,0.287784,-0.563561,0.338628,-0.665123,-0.010729,-0.17426,-0.008273,-0.200392,-0.165718,0.178499,0.36805,0.053467,-0.010969,0.178499,1.0,-0.01165,-0.252889,0.38072,0.691123,0.111185,0.147247,-0.400248,-0.04322,-0.238908,0.193895,0.174771,0.004037,0.019562,-0.396816,-0.272117,0.428822,0.343206,-0.376865,0.805777,-0.238074,-0.600942,0.39776,-0.810436,-0.065767,0.655852,0.078917,-0.465302,-0.152702,-0.028599,-0.169297,-0.388588,-0.618608,0.314065,0.37712,-0.26072,0.069548,-0.239524,0.398146,-0.418833,0.289297,-0.023464,-0.154543,0.274484,0.311587,-0.395895,0.012333,-0.058167,0.271226,0.432349,-0.508858,0.343206,0.054258,-0.228839,0.252343,0.032915,0.436101,0.209175,-0.00429,0.392275,-0.551459,0.240855,-0.025616,0.586547,-0.011196,0.197799,-0.181501,0.223989,-0.245106,0.18512,0.586547,0.346118,0.222383,0.009963,0.403899,0.808867,-0.224776,-0.001818,-0.625947,0.364116,0.67238,0.618012,-0.438385,-0.603425,0.157913,0.408747,-0.025616,-0.242761,-0.092,-0.035028,0.51566,0.008401,-0.330812,-0.046311,-0.056455,0.017429,-0.332806,0.193233,0.456308,-0.001818,-0.185277,-0.014945,0.641298,-0.384414,0.340583,0.51566,0.218995,-0.221386,0.1643,0.387921,-0.00429,0.456308,-0.006891,0.189884,0.223989,-0.172054,-0.038095,0.012532,-0.059426,-0.011196,0.67238,-0.499088,-0.176274,-0.239673,0.366881,0.195246,-0.114558,-0.044549,0.189646,-0.181501,0.042201,-0.0117,-0.490439,-0.033742,0.136781,0.350804,-0.036243,0.240855,0.433403,0.376195,0.51566,-0.616571,-0.158203,0.407902,0.317205,-0.522724,-0.332806,-0.245106,-0.008294,-0.377106,0.190292,0.343206,0.236634,-0.025616,0.533334,-0.257587,0.196608,0.240855,0.214468,0.187904,0.218995,0.042322,-0.196318,-0.22895,0.434468,-0.012295,-0.038603,0.369852,-0.412243,-0.103113,-0.509879,-0.095938,0.237706,0.209334,-0.201405,-0.011196,-0.038318,-0.590707,-0.370796,-0.580124,0.188797,-0.003631,-0.036243,-0.281291,-0.246605,#
16,0.068583,-0.388035,-0.012024,0.242054,0.52976,0.120423,0.00395,0.165209,-0.808161,-0.838363,0.016439,0.165749,-0.302852,-0.407336,-0.406448,-0.01165,1.0,-0.47315,-0.670237,-0.079177,-0.401096,-0.015992,-0.306035,0.19836,-0.533271,0.117975,0.062669,-0.540967,-0.562617,-0.241507,0.42804,-0.030081,-0.27179,-0.665155,0.302539,-0.078064,-0.310981,0.167957,0.103766,0.251897,-0.072429,-0.136127,-0.18903,0.039714,0.183977,0.434285,-0.295861,-0.365699,-0.647206,-0.468753,0.232297,-0.242131,0.359358,-0.622201,0.363576,0.144882,-0.163963,0.055904,-0.419667,0.190592,-0.32931,-0.301218,0.437853,-0.458628,-0.015862,-0.086966,-0.27179,-0.156942,-0.264638,0.133167,-0.025882,0.135583,-0.095946,-0.147956,-0.181118,-0.071767,-0.125993,0.140903,-0.013381,0.246735,-0.032059,-0.001663,-0.059363,0.330913,0.111645,-0.013381,0.227738,-0.040589,0.131313,-0.238658,-0.149811,-0.013419,0.567587,-0.419419,0.167232,-0.531662,-0.013381,0.585546,-0.429576,0.444394,0.268698,0.140903,0.414284,0.600025,0.143104,-0.407477,0.422662,0.152076,0.202512,0.227738,-0.270121,-0.27179,-0.013381,0.106684,0.190084,-0.059363,0.202512,-0.093392,-0.599578,0.326242,-0.407477,0.111645,-0.33513,0.389868,-0.255886,-0.147956,0.106684,0.03358,-0.023086,-0.059363,-0.438549,0.173334,-0.189496,-0.855116,0.246735,-0.531662,0.602978,-0.125993,-0.719178,0.254154,0.310492,0.35502,0.640321,0.388711,-0.001663,-0.190643,-0.407685,-0.063336,0.282957,0.442289,0.314263,-0.074822,-0.125993,0.131313,-0.11698,-0.407477,-0.457324,-0.849758,-0.11698,-0.27179,-0.050782,0.363233,-0.084807,-0.181118,-0.156534,-0.335707,0.414035,0.230057,0.140903,-0.405595,0.533425,-0.636815,-0.125993,0.400054,-0.417791,0.111645,0.054947,-0.397092,-0.091366,0.102875,-0.250617,-0.161005,0.592143,0.270458,0.026231,0.1239,0.195244,0.068066,0.498254,-0.016982,0.246735,0.263647,0.002473,0.518999,0.404742,0.353706,-0.569425,-0.074822,-0.759948,0.310492,#
17,0.332219,0.280454,0.267729,-0.239767,-0.034187,-0.33341,-0.141483,0.041737,0.293483,0.628678,-0.593965,-0.434624,0.578451,0.353212,-0.155001,-0.252889,-0.47315,1.0,0.247388,-0.007666,0.389705,0.163484,0.559858,-0.40548,-0.007887,-0.424615,0.116521,0.303466,-0.029528,0.138978,-0.435606,0.108876,0.235677,0.612175,-0.587575,0.364294,0.580006,-0.353801,0.17103,-0.576933,0.366976,0.37937,0.832663,-0.22738,-0.353801,-0.35503,0.577457,0.525555,0.014546,0.479358,0.457919,0.035215,-0.515929,0.573998,-0.32508,-0.354234,0.189654,-0.045914,0.120609,-0.236803,-0.119463,0.040406,-0.378812,-0.099352,-0.41263,0.615874,0.235677,0.730803,0.91327,-0.187785,0.134142,-0.084853,-0.008358,-0.046237,0.321453,0.293319,-0.010075,-0.753497,0.155845,-0.148131,0.185918,-0.166223,-0.475455,0.351327,-0.006855,0.155845,-0.471609,-0.029052,0.492356,0.505953,-0.116003,0.155272,0.011915,0.705353,-0.013879,-0.009998,-0.187782,0.00272,0.258652,-0.715954,-0.282602,-0.753497,-0.312042,-0.040749,0.003478,-0.162376,-0.391645,-0.390935,-0.42546,-0.014379,0.576297,0.235677,0.619741,-0.32796,0.045675,0.007256,-0.768003,-0.101184,0.881193,-0.628891,-0.162376,-0.376806,0.10413,-0.622108,-0.273485,-0.063551,-0.32796,-0.346796,0.154614,-0.475455,0.286896,-0.249235,0.327449,0.567413,-0.131093,-0.009998,-0.231863,0.481909,0.424289,-0.162348,-0.502182,-0.341486,-0.339956,-0.231477,-0.166223,0.299982,-0.178887,0.220102,-0.546255,-0.335339,-0.616248,0.16778,-0.010075,-0.312622,-0.132804,-0.162376,0.706678,0.653298,-0.479073,-0.502588,0.260495,0.207282,0.369916,0.776408,-0.037504,0.512319,-0.502588,-0.558669,-0.753497,0.374816,-0.498892,0.65566,-0.010075,-0.615288,-0.196257,-0.376806,0.354551,0.28884,-0.019903,-0.039406,0.122667,-0.252948,-0.880768,-0.260893,-0.13725,0.010027,-0.49945,0.021506,-0.614133,0.261411,-0.148131,-0.108087,-0.141868,0.081597,0.171409,-0.137793,0.436292,0.16778,0.553908,0.018961,#
18,-0.411002,0.437199,0.064912,0.273772,-0.817235,-0.320436,-0.367436,-0.209659,0.321781,0.48731,-0.073185,-0.332154,0.217366,0.109123,-0.073185,0.38072,-0.670237,0.247388,1.0,0.379347,0.672044,0.035358,-0.229505,0.121275,-0.164787,0.05325,0.223016,0.260213,0.160245,-0.178247,-0.31295,-0.265283,0.417652,0.256852,0.174593,-0.104884,0.202976,0.069058,-0.650051,-0.656219,0.372547,-0.110185,0.037708,-0.011598,0.069058,-0.490952,0.216387,0.205779,0.735191,0.213117,-0.334103,0.265871,-0.182246,0.785029,-0.500897,0.026908,-0.125691,-0.353279,0.616044,-0.440437,0.185278,0.365936,-0.183634,0.254513,-0.219331,-0.115431,0.417652,-0.046339,0.080572,0.329957,-0.133065,0.298978,-0.078298,0.628205,0.644843,-0.088007,0.308688,-0.003988,0.348254,-0.198308,0.401783,0.387624,0.292721,-0.050504,0.492672,0.348254,0.055144,0.357501,0.237195,0.641478,0.644843,-0.030575,-0.218608,0.037284,0.066194,0.747261,0.348254,-0.221527,-0.014433,-0.048971,0.208582,-0.003988,-0.474683,-0.271882,-0.312775,0.549812,-0.640103,-0.136111,0.115436,-0.274365,0.19664,-0.247399,0.46093,0.007981,0.224189,0.409967,0.115436,0.308688,0.330028,0.162099,0.549812,0.492672,0.510002,-0.179348,0.30008,0.190255,0.007981,0.353438,0.628979,0.292721,0.41755,0.06027,0.256826,0.622158,0.232674,0.747261,-0.410903,0.428186,0.4496,0.188173,-0.157109,-0.141228,-0.410792,0.087506,0.387624,0.482331,0.566624,-0.166127,-0.266443,-0.111919,0.176182,0.379209,0.308688,0.124874,0.628205,0.549812,0.087322,0.522628,0.628205,0.284642,-0.214226,-0.274001,-0.033089,0.316973,0.244436,0.166422,-0.274001,-0.047717,-0.003988,0.644921,-0.870774,0.597861,0.308688,-0.048671,-0.049898,0.492672,0.143008,0.079109,-0.507237,0.350342,-0.233257,0.302298,-0.327262,-0.438547,-0.465974,-0.36168,-0.314818,0.095421,-0.107089,-0.376764,-0.198308,-0.12097,-0.324406,-0.404775,-0.292234,-0.537731,0.324954,0.379209,0.445265,-0.030528,#
19,-0.327254,0.708525,-0.198947,0.291784,-0.492859,-0.078906,0.225552,-0.06152,-0.210186,-0.002104,0.205807,-0.070044,0.376245,0.18468,0.205807,0.691123,-0.079177,-0.007666,0.379347,1.0,0.309797,0.457857,-0.099954,-0.534267,-0.428063,-0.035679,0.346028,-0.36838,0.105858,-0.079177,-0.475452,0.228435,0.490881,-0.074926,0.525585,-0.426187,-0.040699,0.341933,-0.531278,-0.346838,0.504972,0.574233,-0.198116,-0.183124,-0.122463,-0.3595,-0.087225,-0.077523,0.408091,0.305806,0.296058,0.135947,-0.428364,0.500817,-0.56326,0.509558,-0.202998,-0.303165,0.017959,0.262582,0.107723,0.012936,-0.251169,0.168636,0.240232,-0.286769,0.490881,0.391353,-0.187969,0.224502,-0.207987,0.173554,0.493646,0.058688,0.067223,0.219496,0.072061,-0.327087,0.198017,-0.333052,-0.192063,-0.197324,0.062623,-0.428476,-0.079422,0.198017,-0.145054,0.489075,-0.063862,0.337798,0.520981,-0.654137,-0.07057,-0.264766,-0.139354,0.507859,0.643557,-0.534123,-0.654137,-0.217734,0.327409,-0.327087,-0.654154,-0.126315,-0.534403,0.240643,-0.179798,-0.302395,-0.534123,-0.145054,0.337798,-0.218169,0.198017,-0.327254,-0.07057,0.062623,-0.089988,0.072061,0.07585,0.022887,0.240643,0.400248,-0.079422,-0.42825,0.25005,0.058688,-0.327254,0.253827,0.050449,0.062623,-0.192063,0.155389,-0.323712,0.059517,-0.333052,0.507859,-0.327175,0.072061,-0.382501,0.048976,0.014176,-0.167434,-0.327087,0.109208,-0.197324,-0.174348,-0.327254,0.072929,0.040532,-0.27373,0.040532,-0.253427,0.072061,0.380272,0.058688,0.240643,-0.256077,0.040907,0.507653,-0.218169,-0.499355,-0.218169,-0.428476,0.067223,-0.328157,0.397819,0.518152,0.094114,-0.327087,0.754745,-0.527088,-0.112402,0.072061,0.23397,0.207404,0.400248,0.240643,0.21245,0.058375,0.270331,0.350817,0.33326,-0.092467,-0.56265,0.173202,-0.547739,0.029458,-0.007339,-0.234535,0.217954,-0.333052,0.069851,-0.201214,-0.130825,-0.635235,0.064467,0.505668,-0.253427,-0.179719,0.014176,#
20,-0.245959,0.460839,0.489837,0.186976,-0.36976,-0.40055,0.088601,0.21017,-0.144683,0.29052,-0.491232,-0.40129,0.21017,-0.245749,-0.491232,0.111185,-0.401096,0.389705,0.672044,0.309797,1.0,0.26873,-0.400663,0.022921,-0.321726,0.321791,0.340807,-0.149992,-0.251818,0.03827,-0.247541,-0.406435,-0.163973,0.620868,-0.006759,0.076276,0.373737,-0.401259,-0.399301,-0.60082,0.318822,0.018311,0.346845,-0.484799,-0.401259,0.070072,0.014507,0.461411,0.419493,0.113,0.106201,0.027819,-0.321952,0.648579,-0.739193,-0.174647,-0.240452,0.177273,0.3847,-0.471906,0.156171,0.777792,-0.460281,0.137821,-0.168304,-0.000354,-0.163973,0.205517,0.26587,0.117007,-0.226069,0.053524,-0.321749,0.434117,0.444695,0.220983,0.325897,-0.245834,0.120528,0.003769,0.513457,0.501778,0.313681,0.127317,0.356988,0.120528,-0.400241,0.337115,0.621439,0.650027,0.444695,-0.075134,0.198688,-0.064858,-0.400731,0.350594,0.120528,0.012583,-0.075134,-0.084823,0.127502,-0.245834,-0.491653,-0.398421,-0.40165,0.489218,-0.231598,-0.141716,0.012583,-0.400241,0.224918,-0.163973,0.535859,-0.245959,0.606733,0.745858,0.012583,0.325897,0.454944,-0.172533,0.489218,0.356988,0.356988,-0.321866,0.230796,0.015592,-0.245959,0.136075,0.452805,0.313681,0.513457,-0.244699,0.435363,0.247247,0.415636,0.350594,-0.2459,0.766376,0.193866,-0.173304,-0.321273,0.403516,-0.245834,0.234512,0.501778,0.320712,0.268839,0.461338,-0.600345,-0.490254,-0.177353,0.286167,0.325897,0.207417,0.434117,0.489218,-0.025035,0.227039,0.434117,-0.163973,0.210187,-0.163973,0.127317,0.444695,0.425058,0.349815,-0.163973,-0.304057,-0.245834,0.531301,-0.727591,0.399116,0.325897,0.099725,-0.465224,0.356988,0.489218,0.50473,-0.282169,0.286203,-0.367987,0.163317,-0.379373,-0.739953,-0.246441,-0.51425,-0.658882,0.358158,-0.10327,0.095825,0.003769,-0.13584,-0.03085,-0.320931,0.013828,-0.321799,0.427352,0.286167,0.41689,0.145312,#
