0,1.0,0.515581,0.22541,-0.21692,0.673327,-0.326503,0.239493,-0.326503,0.560625,0.21356,-0.292953,0.468273,0.409085,-0.243003,-0.062025,-0.02148,0.043994,0.425434,0.234585,-0.038762,-0.53295,-0.066604,0.443204,0.05962,-0.052238,-0.427492,-0.10993,-0.367982,0.012697,-0.324295,-0.361384,-0.052197,-0.217721,0.435012,-0.446407,0.250532,0.813217,-0.482681,0.229153,-0.326581,0.813217,-0.232185,-0.061258,-0.351222,-0.477025,-0.292155,0.443204,0.268711,0.292342,0.350165,0.316341,-0.514099,-0.217721,-0.219925,-0.194846,-0.457939,-0.994923,0.390223,-0.346979,0.398669,0.129762,-0.11035,-0.482681,-0.193157,0.235485,0.307063,0.0,0.197374,0.483185,0.552763,-0.201475,-0.531817,-0.217721,-0.652657,-0.372453,-0.055754,-0.532942,-0.354885,-0.574081,-0.266007,-0.136027,-0.546238,-0.09667,0.038203,-0.376481,-0.427595,-0.821776,-0.261558,-0.326415,-0.098154,-0.735214,0.001096,-0.652833,0.33776,-0.652833,-0.376481,-0.799246,-0.269424,-0.261558,-0.35693,0.316341,-0.402362,-0.574081,-0.136027,-0.533041,-0.427378,-0.579741,-0.082993,-0.402362,0.205275,0.467058,-0.217721,-0.110191,-0.266007,-0.350608,-0.136027,-0.266007,-0.799246,0.16374,-0.677355,-0.533041,-0.574081,-0.236241,-0.394196,-0.482681,-0.110499,-0.533041,0.145327,0.426509,-0.261558,-0.527631,0.009502,0.131339,0.172678,-0.735214,-0.652657,0.0,-0.652657,-0.327716,-0.406158,-0.136027,0.188316,-0.130295,0.145327,-0.402362,-0.397687,-0.652657,0.719207,-0.652833,-0.402362,-0.758894,-0.579741,-0.054273,-0.427369,-0.210547,-0.261558,0.503259,0.51341,-0.117423,-0.427378,0.126625,0.174177,-0.799246,0.16374,0.16374,0.223828,-0.217721,-0.529191,-0.533041,-0.136027,-0.018717,0.478361,0.20575,-0.758894,-0.445273,0.131339,-0.217721,0.386896,0.479754,-0.311114,0.386896,0.084809,-0.098906,-0.403909,0.520734,-0.220859,0.3436,0.118077,-0.772765,0.601366,-0.518995,0.101226,0.542425,0.322035,-0.003597,0.017036,0.376759,-0.301094,-0.611854,-0.217721,#
1,0.515581,1.0,0.197623,0.347216,0.658107,-0.327169,-0.327248,-0.327169,0.05379,0.209367,-0.784741,-0.039665,0.350707,0.216166,-0.074413,-0.52326,0.072512,0.279577,0.188848,-0.530124,-0.117904,-0.534268,0.426085,0.088723,-0.064764,-0.428365,-0.139564,0.100421,-0.050736,-0.324957,-0.318738,0.460334,-0.218165,-0.060117,-0.499941,0.193536,0.797356,-0.492165,0.215159,-0.327248,0.797356,-0.191055,0.423654,0.118913,-0.528767,-0.305344,0.426085,0.244662,-0.280398,0.330167,-0.387188,-0.468115,0.490164,-0.4788,-0.264803,-0.471202,-0.534545,0.333314,-0.35877,0.331219,0.095655,-0.171058,-0.492165,-0.205517,0.23073,0.27994,0.0,0.152256,0.457222,0.497906,0.347288,-0.487345,-0.218165,-0.243798,-0.375304,-0.528922,-0.112949,-0.367175,-0.084442,-0.227391,0.324976,-0.996908,-0.066521,0.066527,-0.799689,-0.428468,-0.263183,0.192415,-0.327081,-0.100488,-0.39467,0.044493,-0.654166,0.801591,-0.654166,-0.799689,-0.383856,0.279928,0.192415,0.124336,0.289903,0.057941,-0.084442,-0.096106,-0.534129,-0.42825,0.148532,-0.100593,0.057941,-0.22219,0.497763,0.490164,-0.069237,-0.227391,0.057941,-0.096106,-0.227391,-0.383856,0.202035,-0.186967,-0.118902,-0.084442,-0.653117,-0.370256,0.228347,-0.533306,-0.534129,0.051063,0.234076,0.192415,-0.55108,0.517501,0.174921,0.153881,-0.39467,-0.243798,0.0,-0.243798,-0.415811,-0.367175,-0.096106,0.26536,0.337478,0.051063,0.057941,-0.570768,-0.243798,0.500811,-0.654166,0.057941,-0.263183,0.148532,-0.069237,0.026311,0.192415,0.192415,0.472783,0.50224,-0.527825,-0.42825,-0.255112,0.225249,-0.383856,-0.217227,0.202035,0.17884,-0.218165,-0.530271,-0.534129,0.324976,-0.123873,0.460358,-0.326543,-0.263183,-0.004746,0.174921,-0.218165,0.285476,0.428791,-0.268368,0.285476,-0.448628,-0.140505,-0.51301,0.448867,-0.174046,0.292719,-0.52368,-0.774343,0.006422,-0.084442,-0.410978,-0.012457,0.614319,0.438127,0.044339,-0.140505,-0.769148,-0.55108,-0.218165,#
2,0.22541,0.197623,1.0,-0.135183,-0.303853,-0.60924,0.172553,-0.60924,0.198033,0.321023,-0.287561,0.211179,0.307259,-0.257651,-0.410769,0.266124,-0.28187,0.672906,-0.164581,0.281576,-0.448458,-0.297717,0.55399,0.346305,0.226895,-0.562883,-0.190357,-0.313565,-0.186789,0.101133,-0.155701,-0.249721,0.157641,-0.346409,0.49441,0.205085,0.281706,-0.146683,-0.704591,0.204507,0.281706,0.359645,-0.261996,-0.313565,0.510546,-0.3864,0.55399,0.426254,-0.422412,0.720744,-0.097092,-0.12811,0.115035,-0.026019,-0.153318,-0.217552,-0.193198,-0.056923,0.439348,-0.058717,-0.105268,0.295334,-0.146683,-0.304852,0.359372,-0.043731,0.0,-0.169868,0.411011,0.189624,0.601427,-0.112829,-0.992712,0.347742,-0.281128,-0.292941,-0.439513,-0.343499,-0.269334,-0.357611,0.308404,-0.215105,-0.296284,0.423766,-0.247644,0.225925,-0.186931,0.321345,-0.743698,-0.463437,-0.292884,-0.581562,-0.375649,0.203506,-0.323974,-0.301188,0.398683,-0.191335,0.321345,-0.077994,-0.097092,-0.325427,-0.269334,0.257748,0.231687,0.172158,-0.179842,0.595055,-0.298618,0.342913,0.464925,0.115035,0.525724,-0.383735,0.346279,-0.439513,-0.357611,-0.318415,0.421593,-0.225313,-0.432374,-0.269334,-0.34174,-0.288745,-0.230026,-0.364524,-0.482326,-0.258792,-0.004588,-0.392102,-0.148092,0.170141,0.986264,0.336499,-0.292884,-0.409859,0.0,0.347742,0.159644,-0.318415,0.204113,-0.217652,0.257443,-0.258792,-0.352236,0.084409,-0.357611,0.367285,-0.375649,0.425215,-0.217694,-0.179842,-0.254736,0.200073,-0.390634,0.321345,0.387472,-0.159993,-0.249889,0.200562,-0.387031,0.108645,0.398683,0.344454,0.421593,0.36657,0.157641,0.262902,-0.482326,-0.388857,0.528333,0.539515,0.235952,-0.217694,0.163267,-0.111754,0.029824,0.297964,0.35686,-0.056273,0.246264,0.236761,-0.459987,-0.270885,0.05233,0.653283,-0.298069,-0.148092,-0.215491,0.166092,-0.296284,-0.338134,0.23847,0.363111,-0.35968,0.280033,0.264984,-0.163669,-0.106888,-0.992712,#
3,-0.21692,0.347216,-0.135183,1.0,-0.007033,0.24996,-0.996322,0.24996,-0.740048,-0.025737,-0.508275,-0.697562,-0.091688,0.49873,-0.110853,-0.731036,0.135506,0.336544,-0.084397,-0.138904,0.368173,-0.105838,-0.295774,0.109101,0.42088,0.28533,-0.174547,0.553725,-0.328969,0.215965,0.582632,0.299607,0.197987,-0.163461,-0.412933,-0.385738,-0.087047,-0.234874,0.248158,0.273031,-0.087047,0.014146,0.730079,0.575367,-0.363029,0.199625,-0.295774,-0.419497,-0.214519,-0.195165,-0.219292,0.258502,0.166054,0.023699,-0.178854,0.423586,0.180724,-0.274205,0.124002,-0.248665,-0.095162,0.042843,-0.234874,0.01242,-0.443641,-0.176646,0.0,-0.265708,-0.36459,0.295972,0.364051,0.147123,0.13412,0.499951,0.122464,-0.133698,0.368503,0.093118,0.163491,0.480371,0.446671,-0.308923,0.205077,0.150625,0.127086,-0.175605,0.337993,0.499967,0.177824,-0.131405,0.314843,0.263268,-0.042174,0.387192,0.480696,-0.394634,0.094224,0.995661,0.499967,0.012135,-0.249817,0.029024,0.184878,0.388604,-0.106592,-0.267767,0.642446,-0.024628,0.571544,-0.435796,0.222848,0.166054,-0.326614,-0.067878,0.108281,0.368503,0.480371,0.054411,0.054703,0.322727,-0.108794,0.184878,0.002637,0.126518,0.608425,-0.037915,-0.146233,-0.140679,-0.327685,0.460357,-0.120988,0.284312,-0.098391,-0.024141,0.314843,-0.048298,0.0,0.499951,-0.31371,0.074317,-0.134001,0.448619,0.388405,-0.140679,0.049117,-0.342389,0.480371,-0.163088,-0.022808,0.611731,0.36105,0.642446,0.258348,0.306664,0.479062,0.499967,0.09594,-0.268201,-0.31766,0.328323,0.03067,0.20118,0.094224,0.036913,0.054703,-0.493678,0.197987,-0.097146,-0.146233,0.40647,-0.29676,-0.328049,-0.310961,0.36105,0.294558,0.724584,0.102187,-0.133815,-0.071935,0.009641,-0.637559,-0.768045,-0.117731,-0.382522,0.162208,-0.289051,-0.01169,-0.120988,0.113579,-0.315563,0.205077,-0.466808,-0.245154,-0.140345,0.579792,-0.139925,-0.620855,-0.23444,-0.15187,0.13412,#
4,0.673327,0.658107,-0.303853,-0.007033,1.0,-0.02128,0.00781,-0.02128,0.231772,0.206514,-0.352572,0.089304,0.419592,0.184657,-0.002875,-0.350179,-0.005221,0.015199,0.567007,-0.370016,-0.035048,-0.01077,0.231179,-0.406077,-0.38235,-0.222776,0.090021,0.037115,0.216737,-0.496319,-0.437191,0.278473,-0.333211,0.390288,-0.582198,0.496176,0.826035,-0.270909,0.495455,-0.499817,0.826035,-0.567617,0.225797,0.037769,-0.632618,-0.319862,0.231179,0.030203,0.196286,0.022076,-0.187726,-0.661164,0.317592,-0.211103,-0.02687,-0.611158,-0.689312,0.491178,-0.403123,0.484703,0.262187,-0.151345,-0.270909,-0.205782,0.162171,0.418952,0.0,0.344964,0.29844,0.244262,-0.458123,-0.692223,0.317592,-0.621982,-0.036887,-0.128992,-0.019117,-0.419036,-0.249316,-0.207859,-0.026399,-0.685098,-0.23285,-0.426248,-0.434394,-0.654414,-0.539344,-0.221188,0.00223,0.393841,-0.614565,0.222478,-0.604459,0.411287,-0.604459,-0.434394,-0.840054,-0.036742,-0.221188,-0.118519,0.434376,-0.02457,-0.249316,-0.413283,-0.815793,-0.654082,-0.389025,-0.336233,-0.02457,-0.228958,0.298407,0.317592,-0.26134,-0.207859,-0.434073,-0.003641,-0.207859,-0.434362,0.165143,-0.42142,-0.030341,-0.249316,-0.221792,-0.049351,-0.270909,-0.027272,-0.411846,0.222416,0.34062,0.182439,-0.409622,0.21473,-0.405218,0.149152,-0.614565,-0.222935,0.0,-0.621982,-0.637154,-0.419036,-0.413283,0.402655,-0.014963,0.222416,-0.02457,-0.424759,-0.222935,0.614775,-0.604459,-0.434073,-0.539344,-0.389025,0.181109,-0.236432,0.182439,-0.221188,0.36146,0.675884,-0.247257,-0.654082,0.135427,0.00781,-0.840054,-0.22007,0.165143,0.19819,-0.333211,-0.809901,-0.411846,0.383243,-0.232173,0.278726,-0.022003,-0.539344,-0.25457,0.265673,-0.333211,0.394227,0.484063,-0.451888,0.394227,-0.200002,-0.017021,-0.165511,0.311071,-0.444411,0.700954,-0.384446,-0.821755,0.256067,-0.249316,-0.010345,0.210635,0.274318,0.350076,0.17823,-0.000615,-0.53779,-0.409622,0.317592,#
5,-0.326503,-0.327169,-0.60924,0.24996,-0.02128,1.0,-0.24994,1.0,-0.327248,-0.499697,-0.089283,-0.399289,-0.40802,0.504014,0.0822,-0.399647,0.432524,-0.303313,-0.080745,0.146911,0.091973,0.602565,-0.201189,-0.611961,0.152542,0.214364,0.323791,0.314593,-0.237722,-0.248191,0.3848,0.411404,0.682842,0.016146,-0.318214,-0.24988,-0.408046,-0.005113,0.373719,-0.24994,-0.408046,-0.115784,0.366714,0.29409,-0.342472,-0.049343,-0.201189,-0.244221,-0.118762,-0.35302,0.210872,0.323564,-0.166627,0.287173,0.271629,0.430586,0.32715,0.232103,-0.052299,0.226393,0.218758,0.007306,-0.005113,0.496176,-0.229781,0.003328,0.0,0.257379,-0.019394,-0.267587,-0.514044,0.287505,0.650171,0.021369,0.446365,0.121733,0.640943,0.427023,-0.215533,0.522197,0.126818,0.352845,0.353387,-0.082146,0.436266,0.22886,0.276009,0.027355,0.379967,0.121282,0.452151,0.227917,-0.004293,-0.40815,0.510855,0.436266,-0.082146,0.285064,0.027355,-0.292124,0.210872,-0.097651,0.353387,-0.407873,0.119309,-0.327082,0.207979,-0.230691,-0.097651,-0.498827,-0.399966,-0.166627,-0.183989,0.001336,-0.077093,0.640943,0.522197,-0.102513,0.033444,0.328955,0.09903,0.353387,0.007083,-0.08734,-0.005113,0.640074,0.09903,-0.573556,0.157579,0.007092,0.218018,-0.327248,-0.612982,0.00975,0.452151,0.001336,0.0,0.021369,-0.32018,0.427023,-0.407873,0.371566,0.134588,-0.573556,-0.097651,0.125074,0.522197,-0.482829,0.510855,-0.077093,0.276009,0.207979,0.371311,0.250117,0.533931,0.027355,-0.091527,-0.24538,0.361961,0.239231,0.600123,-0.24994,-0.082146,0.033444,0.033444,0.042514,0.682842,0.194432,0.09903,0.640943,-0.14855,-0.340363,0.423723,0.276009,-0.314027,0.229026,-0.166627,-0.384167,0.113075,0.319328,-0.384167,-0.296912,0.140658,-0.242347,-0.12719,-0.283413,-0.010631,0.218018,0.332671,-0.302126,0.353387,-0.068611,-0.29585,-0.544287,0.495502,0.272262,-0.374101,0.284487,0.218018,0.650171,#
6,0.239493,-0.327248,0.172553,-0.996322,0.00781,-0.24994,1.0,-0.24994,0.763763,0.00781,0.482931,0.693669,0.112032,-0.499814,0.112032,0.705929,-0.117746,-0.316265,0.068448,0.136332,-0.407976,0.106991,0.339276,-0.10873,-0.405287,-0.327248,0.15167,-0.602431,0.351624,-0.24825,-0.604554,-0.281789,-0.166667,0.127028,0.409153,0.387162,0.107189,0.195615,-0.249948,-0.25,0.107189,0.020508,-0.755181,-0.602431,0.359252,-0.209402,0.339276,0.406821,0.170094,0.268054,0.242161,-0.280892,-0.166667,-0.006442,0.225613,-0.427893,-0.196682,0.298719,-0.121446,0.305184,0.157174,-0.0,0.195615,0.00781,0.420036,0.235058,0.0,0.288913,0.40533,-0.267651,-0.347019,-0.168429,-0.166667,-0.499613,-0.140991,0.128038,-0.407971,-0.092351,-0.204642,-0.499613,-0.407971,0.291012,-0.204642,-0.092351,-0.145457,0.218218,-0.361022,-0.499604,-0.249873,0.07194,-0.301506,-0.327154,0.005615,-0.408248,-0.499748,0.378188,-0.092351,-0.997965,-0.499604,-0.042629,0.242161,-0.087393,-0.204642,-0.407971,0.109195,0.228395,-0.642998,0.051712,-0.611748,0.476006,-0.209801,-0.166667,0.308451,0.011355,-0.087393,-0.407971,-0.499613,-0.092351,-0.034818,-0.301031,0.109195,-0.204642,-0.040145,-0.165672,-0.619448,0.058203,0.109195,0.111249,0.346154,-0.499604,0.123257,-0.327327,0.133631,0.0,-0.301506,0.011355,0.0,-0.499613,0.280226,-0.092351,0.116563,-0.473015,-0.408034,0.111249,-0.087393,0.312947,-0.499613,0.181104,0.005615,-0.611748,-0.361022,-0.642998,-0.258091,-0.327154,-0.499604,-0.499604,-0.1015,0.269191,0.299626,-0.32716,-0.066696,-0.25,-0.092351,-0.034818,-0.034818,0.517911,-0.166667,0.08494,0.109195,-0.407971,0.36052,0.366188,0.337506,-0.361022,-0.314102,-0.725424,-0.166667,0.155052,0.102394,0.0,0.660656,0.773537,0.118166,0.345541,-0.127221,0.281781,0.0,0.123257,-0.129403,0.302199,-0.204642,0.428571,0.267738,0.162618,-0.605759,0.163013,0.643346,0.213416,0.123257,-0.166667,#
7,-0.326503,-0.327169,-0.60924,0.24996,-0.02128,1.0,-0.24994,1.0,-0.327248,-0.499697,-0.089283,-0.399289,-0.40802,0.504014,0.0822,-0.399647,0.432524,-0.303313,-0.080745,0.146911,0.091973,0.602565,-0.201189,-0.611961,0.152542,0.214364,0.323791,0.314593,-0.237722,-0.248191,0.3848,0.411404,0.682842,0.016146,-0.318214,-0.24988,-0.408046,-0.005113,0.373719,-0.24994,-0.408046,-0.115784,0.366714,0.29409,-0.342472,-0.049343,-0.201189,-0.244221,-0.118762,-0.35302,0.210872,0.323564,-0.166627,0.287173,0.271629,0.430586,0.32715,0.232103,-0.052299,0.226393,0.218758,0.007306,-0.005113,0.496176,-0.229781,0.003328,0.0,0.257379,-0.019394,-0.267587,-0.514044,0.287505,0.650171,0.021369,0.446365,0.121733,0.640943,0.427023,-0.215533,0.522197,0.126818,0.352845,0.353387,-0.082146,0.436266,0.22886,0.276009,0.027355,0.379967,0.121282,0.452151,0.227917,-0.004293,-0.40815,0.510855,0.436266,-0.082146,0.285064,0.027355,-0.292124,0.210872,-0.097651,0.353387,-0.407873,0.119309,-0.327082,0.207979,-0.230691,-0.097651,-0.498827,-0.399966,-0.166627,-0.183989,0.001336,-0.077093,0.640943,0.522197,-0.102513,0.033444,0.328955,0.09903,0.353387,0.007083,-0.08734,-0.005113,0.640074,0.09903,-0.573556,0.157579,0.007092,0.218018,-0.327248,-0.612982,0.00975,0.452151,0.001336,0.0,0.021369,-0.32018,0.427023,-0.407873,0.371566,0.134588,-0.573556,-0.097651,0.125074,0.522197,-0.482829,0.510855,-0.077093,0.276009,0.207979,0.371311,0.250117,0.533931,0.027355,-0.091527,-0.24538,0.361961,0.239231,0.600123,-0.24994,-0.082146,0.033444,0.033444,0.042514,0.682842,0.194432,0.09903,0.640943,-0.14855,-0.340363,0.423723,0.276009,-0.314027,0.229026,-0.166627,-0.384167,0.113075,0.319328,-0.384167,-0.296912,0.140658,-0.242347,-0.12719,-0.283413,-0.010631,0.218018,0.332671,-0.302126,0.353387,-0.068611,-0.29585,-0.544287,0.495502,0.272262,-0.374101,0.284487,0.218018,0.650171,#
8,0.560625,0.05379,0.198033,-0.740048,0.231772,-0.327248,0.763763,-0.327248,1.0,-0.211321,0.159893,0.908226,0.373697,-0.65441,0.373697,0.441723,0.061335,-0.127412,-0.156395,-0.05775,-0.534166,-0.084743,0.444216,0.077332,-0.070753,-0.428468,0.273317,-0.788768,0.460384,-0.325036,-0.791548,-0.144456,-0.218218,0.398807,0.034109,0.22886,0.365254,-0.455325,0.208256,-0.327327,0.365254,-0.196913,-0.480257,-0.788768,-0.01355,0.024246,0.444216,0.451949,0.058951,0.350964,0.317063,-0.572093,-0.218218,0.061854,0.295397,-0.228247,-0.504076,0.391114,-0.381284,0.399579,0.205789,0.16265,-0.455325,0.231772,0.349451,0.307764,0.0,0.378276,0.492658,0.150188,-0.179986,-0.474978,-0.218218,-0.654147,-0.389713,0.307341,-0.534159,0.080611,-0.51152,-0.654147,-0.534159,-0.078367,-0.051423,0.080611,-0.393592,0.047619,-0.750741,-0.654135,-0.32716,-0.115123,-0.394765,-0.428345,-0.213206,-0.089087,-0.654323,0.063483,-0.347635,-0.777764,-0.654135,-0.29502,0.317063,-0.343272,-0.51152,-0.534159,-0.082772,0.056575,-0.511733,0.196671,-0.800967,0.623239,-0.017168,-0.218218,-0.063189,-0.208138,0.088996,-0.534159,-0.654147,-0.347635,-0.248198,-0.149713,-0.082772,-0.51152,-0.2528,-0.41059,-0.455325,-0.127008,-0.082772,0.145659,0.453222,-0.654135,0.161382,-0.428571,0.174964,-0.217063,-0.394765,-0.208138,0.0,-0.654147,0.192186,-0.347635,-0.076308,-0.324407,-0.534242,0.145659,-0.343272,-0.342847,-0.654147,0.342509,-0.213206,-0.800967,-0.225531,-0.511733,-0.090662,-0.428345,-0.22807,-0.654135,0.088596,0.352454,-0.070832,-0.428354,-0.261978,-0.327327,-0.347635,-0.248198,-0.248198,0.240162,-0.218218,-0.102658,-0.082772,-0.534159,0.426644,0.479453,0.185726,-0.225531,-0.411256,-0.57488,-0.218218,0.379541,0.044689,-0.247044,0.820869,0.545584,0.340946,0.100538,0.540094,-0.167126,-0.088759,0.161382,-0.371129,0.593507,-0.051423,0.518622,0.535053,0.336348,-0.432614,-0.0,0.799361,-0.24838,-0.542077,-0.218218,#
9,0.21356,0.209367,0.321023,-0.025737,0.206514,-0.499697,0.00781,-0.499697,-0.211321,1.0,-0.059954,-0.075514,-0.002875,-0.199533,-0.815936,-0.067884,-0.821545,0.390627,0.23684,0.379034,0.39572,-0.397605,-0.216607,0.003397,-0.053174,0.209367,-0.427331,0.020779,-0.219283,0.490379,-0.006167,-0.57525,-0.333211,0.037634,0.35199,0.496176,0.40748,0.392106,-0.499714,0.00781,0.40748,-0.134537,-0.230515,0.479495,0.268648,-0.436005,-0.216607,0.159764,0.340063,0.002284,-0.412678,-0.193878,0.317592,-0.131612,-0.521687,-0.537641,-0.246809,-0.484391,0.393577,-0.082289,-0.399664,-0.151345,0.392106,-0.999268,0.041209,-0.244967,0.0,0.118331,-0.073248,-0.29622,0.053259,-0.2396,-0.333211,0.169906,0.369599,-0.383975,-0.041875,-0.418134,0.179771,0.184981,0.399629,-0.25667,-0.231881,-0.402808,-0.031807,-0.211321,-0.049534,0.579788,-0.025647,0.370431,-0.602791,0.197911,-0.215928,0.395346,-0.215928,-0.031807,-0.03498,-0.035629,0.579788,0.493099,-0.437562,-0.04732,0.179771,0.399629,-0.014183,-0.244316,-0.387548,0.184155,0.378563,-0.205668,0.760251,0.317592,0.156529,-0.230029,-0.02366,-0.026399,0.184981,-0.03498,0.165143,-0.639019,-0.014183,0.179771,0.175033,0.360056,-0.269891,-0.010909,-0.014183,0.225891,0.159397,0.579788,-0.408141,0.64078,0.267163,0.589356,-0.602791,0.169906,0.0,0.169906,-0.327644,-0.019654,0.399629,-0.143541,0.377589,0.225891,0.378563,0.2446,0.169906,0.247042,-0.215928,0.378563,-0.538239,-0.387548,0.182092,0.181205,-0.236436,0.579788,0.398452,-0.128239,0.184663,0.206907,0.08334,0.495912,-0.03498,0.589331,0.165143,0.172911,-0.333211,-0.452712,-0.014183,-0.026399,-0.23109,-0.174657,-0.022003,-0.538239,0.614892,0.267163,0.317592,-0.015373,0.318799,-0.0167,-0.015373,-0.226971,-0.826036,0.116338,-0.391639,0.328625,0.113296,-0.382965,-0.470454,0.180545,-0.248347,-0.404884,-0.217458,-0.15527,-0.012257,0.17823,-0.399483,-0.045557,0.246424,-0.333211,#
10,-0.292953,-0.784741,-0.287561,-0.508275,-0.352572,-0.089283,0.482931,-0.089283,0.159893,-0.059954,1.0,0.191125,-0.111806,-0.379333,0.304634,0.646138,-0.153321,-0.454557,0.088372,0.143297,0.176643,0.308697,-0.434335,0.124868,-0.319235,0.436109,-0.066483,-0.242862,0.474012,0.255256,0.017258,-0.520057,-0.399667,0.148349,0.387836,-0.047661,-0.53248,0.550524,-0.069625,0.441299,-0.53248,0.151635,-0.636698,-0.260279,0.4368,0.514102,-0.434335,-0.390822,0.552011,-0.284063,0.338743,0.199579,-0.399667,0.248458,0.292897,0.133803,0.306067,-0.307966,0.086507,-0.279251,0.045019,0.049649,0.550524,0.053842,-0.295529,0.001522,0.0,-0.219177,-0.563796,-0.297991,-0.350582,0.243372,0.294199,-0.073934,0.105068,0.573561,-0.261078,0.125532,0.346775,-0.073934,-0.541567,0.77518,-0.117932,-0.152253,0.526116,0.141724,0.090298,-0.491347,0.279387,0.175508,0.218412,-0.010267,0.771814,-0.690045,0.334197,0.543557,0.125532,-0.447523,-0.491347,0.061051,-0.324523,0.140682,-0.117932,0.17567,0.176673,0.456204,-0.264858,-0.130648,0.123218,0.507317,-0.499828,-0.399667,-0.125165,0.368536,-0.295917,-0.261078,-0.073934,0.558069,-0.359872,0.065053,0.330759,-0.117932,0.766133,0.537788,-0.155276,0.298524,0.607348,0.544665,-0.337753,-0.061012,0.41399,-0.476046,-0.275622,-0.442829,0.218412,0.368536,0.0,-0.073934,0.451987,0.125532,0.19314,-0.450678,-0.693868,0.544665,0.140682,0.386711,-0.073934,-0.206086,0.351028,-0.313381,0.090298,-0.264858,-0.144033,-0.481731,-0.491347,-0.491347,-0.695258,-0.060518,0.32869,-0.024876,-0.064419,-0.245629,0.125532,-0.080594,-0.359872,-0.313722,-0.399667,0.119905,0.607348,-0.541567,0.064424,-0.348928,-0.089927,0.090298,0.015402,-0.304233,0.072162,-0.052539,-0.610445,0.026184,-0.035699,0.626595,0.3577,0.801755,-0.337818,-0.016123,0.024836,0.41399,0.559869,0.055357,-0.117932,0.599501,0.198525,-0.271747,-0.701775,-0.358329,0.375191,0.600623,0.41399,0.294199,#
11,0.468273,-0.039665,0.211179,-0.697562,0.089304,-0.399289,0.693669,-0.399289,0.908226,-0.075514,0.191125,1.0,0.257699,-0.798474,0.257699,0.534913,-0.113373,-0.044183,-0.298255,0.124407,-0.360183,-0.201576,0.226787,0.190291,0.114499,-0.219051,0.366121,-0.663415,0.243009,-0.003997,-0.66012,-0.359535,-0.266257,0.588124,0.151137,0.15782,0.249233,-0.400224,0.137177,-0.399385,0.249233,-0.337975,-0.363925,-0.663415,0.089127,0.074379,0.226787,0.621927,0.200644,0.065975,0.222901,-0.455859,-0.266257,0.069332,0.011066,-0.079151,-0.435598,0.127866,-0.282294,0.074279,-0.216203,0.056403,-0.400224,0.089304,0.451396,-0.1098,0.0,0.296364,0.322849,0.01929,-0.099796,-0.369657,-0.266257,-0.522236,-0.279573,0.344498,-0.368508,0.18636,-0.42912,-0.522236,-0.65175,0.004685,0.031806,-0.094151,-0.286186,-0.04587,-0.693406,-0.519055,-0.052224,0.05948,-0.481668,-0.216886,-0.083567,0.085815,-0.525478,0.171712,-0.242657,-0.71803,-0.519055,-0.168462,0.222901,-0.235628,-0.42912,-0.368508,0.079732,0.263143,-0.480216,0.296283,-0.694148,0.481724,0.091509,-0.266257,0.024876,-0.075423,0.197418,-0.368508,-0.522236,-0.242657,-0.391313,-0.23604,-0.199572,-0.42912,-0.117176,-0.298,-0.400224,-0.243708,0.079732,0.177724,0.424717,-0.519055,0.196909,-0.211002,0.21348,-0.037358,-0.481668,-0.075423,0.0,-0.522236,0.387084,-0.242657,0.090167,-0.267038,-0.36446,0.177724,-0.235628,-0.272259,-0.522236,0.205063,-0.083567,-0.694148,-0.167251,-0.480216,-0.002647,-0.216886,-0.092223,-0.519055,0.243509,0.141462,0.014696,-0.222659,-0.128982,-0.042041,-0.242657,-0.109294,-0.391313,0.083283,-0.266257,0.042851,0.079732,-0.65175,0.203447,0.265841,0.114745,-0.167251,-0.202477,-0.537714,0.210203,0.251103,-0.101591,-0.247489,0.693225,0.441923,0.215821,0.188525,0.471634,-0.086873,-0.263337,0.196909,-0.294288,0.767359,0.031806,0.632792,0.431278,0.161105,-0.311385,-0.093203,0.675062,-0.187817,-0.507818,-0.266257,#
12,0.409085,0.350707,0.307259,-0.091688,0.419592,-0.40802,0.112032,-0.40802,0.373697,-0.002875,-0.111806,0.257699,1.0,-0.028596,0.16688,0.232905,-0.161822,0.400264,0.482273,-0.210621,-0.274239,0.17466,0.51992,-0.161385,-0.223134,-0.534223,0.389326,-0.1465,0.539701,-0.405261,-0.559082,0.006013,-0.272078,0.22442,0.042527,0.612421,0.587369,-0.358992,0.102554,0.092027,0.587369,-0.376806,0.046273,-0.581715,0.125074,-0.08057,0.51992,-0.039404,-0.26278,0.398589,-0.293125,-0.758966,0.39478,0.309104,0.387114,-0.329477,-0.372648,0.378993,0.224968,-0.015939,0.281736,0.608385,-0.358992,-0.002875,0.310706,0.331475,0.0,-0.221949,0.082729,0.346365,-0.063427,-0.777451,-0.272078,-0.020535,-0.206659,0.347339,-0.269572,-0.59048,-0.376748,-0.815603,-0.269572,-0.385089,-0.806495,-0.174779,-0.190895,-0.534351,-0.638074,-0.424981,-0.407909,0.141427,-0.504263,-0.534069,-0.411416,0.166613,-0.411416,-0.609932,-0.190483,-0.126636,-0.424981,-0.550098,0.344325,-0.182762,-0.823368,-0.246252,-0.666123,-0.089507,-0.44584,0.329158,-0.182762,0.386055,0.147533,0.39478,0.057225,-0.406711,-0.190221,-0.666,-0.815603,-0.190483,0.384314,-0.044369,-0.275206,-0.823368,-0.019642,0.20303,-0.358992,-0.27759,-0.666123,0.18161,-0.30696,-0.424981,0.199696,-0.09779,0.21662,-0.026533,-0.504263,-0.429428,0.0,-0.020535,-0.11917,-0.998791,-0.666,0.328233,-0.263867,0.18161,-0.602367,-0.411114,-0.429428,0.841533,-0.815823,-0.182762,-0.137313,-0.44584,0.049165,-0.106129,-0.018749,-0.424981,0.229591,0.412519,-0.827605,-0.53408,-0.482487,-0.408118,-0.190483,-0.428337,0.384314,0.001036,-0.272078,-0.269168,-0.666123,-0.269572,0.504208,0.597791,0.08126,-0.137313,-0.093839,0.21662,-0.272078,0.996502,0.254558,-0.924058,0.591902,0.361898,0.139318,0.183113,0.419811,-0.052267,0.493659,-0.44522,-0.423282,0.419573,-0.384688,0.230924,0.791155,0.490655,-0.25956,0.318292,0.576394,-0.639864,-0.471017,-0.272078,#
13,-0.243003,0.216166,-0.257651,0.49873,0.184657,0.504014,-0.499814,0.504014,-0.65441,-0.199533,-0.379333,-0.798474,-0.028596,1.0,-0.028596,-0.380783,0.43846,-0.009191,0.529826,-0.366552,-0.028901,0.401045,0.210967,-0.399637,-0.36239,-0.219378,0.010167,0.783186,-0.260295,-0.496316,0.444191,0.735387,0.348952,-0.472379,-0.381175,-0.017513,-0.004738,0.229929,0.001073,-0.007871,-0.004738,0.157549,0.578445,0.355766,-0.299038,-0.313027,0.210967,-0.347327,-0.351795,-0.001151,-0.218095,0.294369,0.322715,-0.240551,0.006363,-0.114511,0.207907,0.436904,0.036572,0.041215,0.311261,-0.158402,0.229929,0.184657,0.029755,0.232504,0.0,-0.31382,0.042607,0.157101,-0.075846,0.233327,0.322715,0.201451,0.020531,-0.399088,0.416535,-0.389077,0.200026,0.216645,0.409195,-0.189192,-0.197293,0.012539,0.031599,-0.207831,0.495113,0.208012,0.006181,0.010759,0.299022,0.229378,-0.203573,0.003213,0.210114,-0.380567,-0.002908,0.512824,0.208012,-0.110152,0.408902,0.397592,0.217598,0.002752,-0.392378,-0.216795,0.339987,-0.487385,0.397592,-0.591254,-0.304883,0.322715,0.246054,0.200557,-0.404012,0.432132,0.216645,-0.019263,0.632883,0.114505,-0.024156,0.217598,-0.184987,0.015741,0.229929,0.026571,-0.408663,-0.327492,-0.343301,0.19174,-0.299857,0.221572,-0.29481,0.158155,0.299022,-0.216824,0.0,0.201451,-0.32518,0.012539,-0.410113,0.607405,0.427013,-0.327492,-0.015133,0.247631,0.201451,0.069374,-0.187662,0.414101,0.002563,0.339987,-0.191948,0.230369,0.215244,0.208012,-0.041543,0.263794,-0.186115,-0.199304,0.253037,0.011807,-0.002908,-0.166443,0.632883,0.207393,0.348952,0.057189,-0.408663,0.822061,-0.210753,0.164783,0.041812,0.002563,-0.251628,0.381359,-0.333209,-0.026425,0.355158,0.016832,-0.42439,-0.241477,0.000103,-0.36022,-0.347201,0.137966,0.53252,-0.274483,0.09293,-0.664828,-0.213888,-0.415328,-0.232257,0.152596,0.475065,0.264829,-0.413271,0.035836,0.359858,0.322715,#
14,-0.062025,-0.074413,-0.410769,-0.110853,-0.002875,0.0822,0.112032,0.0822,0.373697,-0.815936,0.304634,0.257699,0.16688,-0.028596,1.0,0.232905,0.674642,-0.535762,-0.051295,-0.661128,-0.257915,0.142316,0.095703,0.257546,-0.223134,-0.092098,0.267955,-0.113022,0.539701,-0.405261,-0.213523,0.414771,-0.272078,0.125392,-0.398934,-0.40802,-0.237402,-0.306813,0.611686,0.092027,-0.237402,0.049891,0.06354,-0.564976,-0.300829,0.684094,0.095703,-0.244882,-0.014572,-0.088922,0.344325,0.005281,-0.272078,-0.067223,0.443533,0.307411,0.080772,0.378993,-0.606435,-0.015939,0.357201,-0.0,-0.306813,0.810187,-0.083191,0.331475,0.0,-0.221949,-0.122349,0.422859,-0.023181,0.07064,0.39478,-0.406711,-0.574282,0.465169,-0.246252,0.25755,0.112548,-0.406711,-0.666,0.112375,0.104608,0.25755,-0.159234,-0.080327,-0.079533,-0.815589,0.106262,-0.233729,0.424644,-0.080956,0.413573,-0.241753,-0.00701,-0.142473,-0.150761,-0.098114,-0.815589,-0.264523,0.344325,0.27694,-0.334071,-0.246252,-0.235654,0.372848,0.300254,-0.35777,-0.15945,0.433784,-0.734935,-0.272078,-0.318564,0.427429,-0.150126,-0.246252,-0.406711,0.26494,-0.39676,0.508006,0.178258,-0.334071,0.011565,-0.142613,0.371515,-0.245918,0.178258,0.359659,-0.281312,-0.402004,0.31654,-0.534351,-0.353192,-0.811916,0.424644,0.018536,0.0,-0.406711,0.460663,-0.150761,-0.229462,-0.025955,-0.666103,0.359659,-0.142666,-0.38556,-0.406711,-0.049275,0.009167,-0.579056,0.421228,0.300254,-0.344758,-0.534069,0.004228,-0.815589,-0.571811,0.439446,-0.326087,-0.53408,-0.335179,-0.408118,-0.150761,-0.814694,-0.39676,-0.388545,-0.272078,0.138662,0.178258,-0.246252,0.086994,0.16896,-0.407238,0.421228,-0.512763,-0.38069,-0.272078,0.17004,-0.582314,-0.20132,0.186224,0.360793,0.995609,0.212607,0.466086,-0.483589,0.096562,0.31654,0.33117,-0.053202,0.104608,0.645589,0.350246,0.388812,-0.204475,-0.532227,0.575343,-0.068313,-0.354173,0.39478,#
15,-0.02148,-0.52326,0.266124,-0.731036,-0.350179,-0.399647,0.705929,-0.399647,0.441723,-0.067884,0.646138,0.534913,0.232905,-0.380783,0.232905,1.0,-0.088773,-0.071179,0.151911,0.132732,-0.357401,0.241178,0.205599,0.2029,-0.343325,-0.216013,0.240019,-0.198262,0.221598,0.00018,-0.202735,-0.386663,-0.266495,0.130623,0.517374,0.163894,-0.196779,0.340512,-0.39966,0.13183,-0.196779,0.120006,-0.485207,-0.660826,0.593295,0.085343,0.205599,0.220906,0.206449,0.041452,0.194255,0.044595,-0.266495,0.040107,0.047332,-0.105944,0.035022,0.066519,0.158337,-0.408199,-0.167901,0.050715,0.340512,0.064961,0.457277,-0.142832,0.0,-0.415003,-0.068058,-0.076747,-0.084352,0.116365,-0.266495,-0.085179,-0.272408,0.340854,-0.365823,-0.23505,0.053587,-0.519766,-0.652334,0.491651,-0.421098,-0.076976,0.166271,-0.040832,-0.14257,-0.516549,-0.048576,0.067101,-0.161554,-0.213824,0.353789,-0.357639,-0.093223,0.184086,0.206774,-0.699643,-0.516549,-0.160358,0.194255,0.218032,-0.421098,0.080303,0.087594,0.744255,-0.447478,0.073889,-0.245781,0.503577,-0.387883,-0.266495,0.519974,0.366791,-0.227942,-0.365823,-0.519766,0.206774,0.056857,-0.213399,-0.194935,-0.421098,0.328954,0.161841,-0.380442,-0.239591,0.087594,0.272502,-0.312292,-0.516549,0.237405,-0.20787,0.254263,-0.029329,-0.161554,-0.067796,0.0,-0.085179,0.734076,-0.23505,0.098148,-0.201728,-0.361726,0.272502,-0.227942,0.454766,-0.519766,0.200242,-0.07603,-0.245781,-0.14257,-0.447478,-0.463008,-0.213824,-0.516549,-0.516549,-0.192222,0.138516,0.02782,-0.219664,-0.122529,-0.038273,0.206774,-0.102067,0.056857,0.092503,-0.266495,0.467023,0.087594,-0.652334,0.230915,0.281672,0.120313,-0.14257,-0.199471,-0.505603,0.215464,0.273152,-0.246169,-0.240717,0.290353,0.892638,0.236961,0.525081,-0.236867,0.481286,0.025369,0.237405,0.28888,0.313571,-0.421098,0.662078,0.454474,0.185455,-0.670005,-0.088733,0.701503,0.371499,0.237405,-0.266495,#
16,0.043994,0.072512,-0.28187,0.135506,-0.005221,0.432524,-0.117746,0.432524,0.061335,-0.821545,-0.153321,-0.113373,-0.161822,0.43846,0.674642,-0.088773,1.0,-0.284605,-0.040557,-0.546516,-0.564053,0.283984,0.342782,0.141209,-0.126229,-0.330404,0.045789,0.173902,-0.07414,-0.607238,0.221377,0.770077,0.276006,-0.205382,-0.665,-0.611371,-0.184086,-0.297198,0.414614,-0.079763,-0.184086,0.362683,0.328141,-0.290091,-0.577415,0.218221,0.342782,-0.141116,-0.190093,0.09589,0.538124,0.380832,-0.407679,-0.358809,0.149107,0.270151,-0.045268,0.615163,-0.627405,0.199864,0.416934,-0.288767,-0.297198,0.826528,-0.006581,0.358711,0.0,-0.208255,0.261093,0.582661,0.031022,0.407856,0.301328,-0.368145,-0.610849,-0.051551,-0.12131,0.169599,-0.058696,0.013111,-0.176209,-0.017215,0.340778,0.557204,-0.1737,0.077911,0.144008,-0.412416,-0.064537,-0.538114,0.510757,0.103997,0.036769,-0.192278,0.052125,-0.205523,-0.218006,0.134293,-0.412416,-0.343909,0.538124,0.201376,-0.075655,-0.16027,-0.165115,0.111321,0.434149,-0.574986,-0.212883,0.011589,-0.646665,-0.407679,-0.046002,0.43232,-0.260683,0.270069,0.013111,-0.202221,0.04179,0.279412,-0.149398,-0.075655,-0.342168,-0.584585,0.346731,-0.121145,-0.149398,-0.177472,-0.078497,-0.396712,-0.17819,-0.369665,-0.24595,-0.441792,0.510757,-0.383671,0.0,-0.368145,0.195842,0.169599,-0.192147,0.241775,-0.164325,-0.177472,-0.24475,-0.131092,-0.368145,-0.104558,0.021413,-0.228817,0.144008,0.434149,-0.493591,-0.335696,0.027308,-0.412416,-0.298136,0.403869,-0.060886,-0.344468,0.118558,-0.117746,-0.218006,-0.40256,0.04179,0.004426,0.276006,0.295622,-0.149398,0.270069,-0.082477,0.311556,-0.068444,0.144008,-0.802782,-0.193744,-0.407679,-0.163568,-0.098008,0.21691,-0.194294,0.096222,0.676525,-0.477149,0.282725,-0.229533,0.102994,0.45851,0.267191,-0.351235,-0.075655,0.160907,0.087564,0.348363,0.172771,-0.316021,0.229697,0.162122,-0.17819,0.301328,#
17,0.425434,0.279577,0.672906,0.336544,0.015199,-0.303313,-0.316265,-0.303313,-0.127412,0.390627,-0.454557,-0.044183,0.400264,-0.009191,-0.535762,-0.071179,-0.284605,1.0,0.054854,0.433121,-0.257263,0.015424,0.274031,0.12305,0.432256,-0.28454,-0.075225,0.050482,-0.401428,0.181955,0.206507,-0.275087,0.227062,0.079751,0.076052,0.173594,0.401187,-0.300765,-0.32814,0.170297,0.401187,-0.033528,0.232643,-0.034197,0.114806,-0.345168,0.274031,0.133676,-0.136313,0.33863,-0.050852,-0.140576,-0.0,0.180546,-0.310114,-0.012954,-0.426772,-0.132131,0.531439,-0.240713,-0.245942,0.319142,-0.300765,-0.384547,0.152003,-0.235094,0.0,-0.291144,0.089066,0.357199,0.277005,-0.237028,-0.648749,0.391158,-0.002287,-0.068528,-0.149728,-0.398795,-0.470698,-0.01326,0.279039,-0.306087,-0.30535,0.12694,0.120033,-0.254824,-0.363719,0.388941,-0.358483,-0.17035,-0.484115,-0.191017,-0.53768,0.377412,-0.006557,-0.409922,-0.00674,0.29828,0.388941,-0.400611,-0.081859,-0.462639,-0.448974,0.37432,-0.127513,-0.180208,-0.26685,0.484527,-0.034018,-0.003348,0.667356,0.0,0.232777,-0.450826,0.00567,-0.034029,-0.01326,-0.552697,0.505973,-0.401941,-0.78521,-0.448974,-0.022323,-0.031092,-0.300765,-0.117808,-0.67112,-0.268482,-0.119769,-0.154235,-0.249116,0.254824,0.607468,0.511091,-0.484115,-0.66298,0.0,0.391158,-0.206469,-0.417893,-0.156534,0.391257,0.379804,-0.268482,-0.564691,-0.1156,-0.125966,0.508738,-0.518009,0.517067,-0.340297,-0.26685,0.143342,0.279178,-0.014529,0.388941,0.659796,-0.227902,-0.31587,0.295541,0.057116,0.291937,-0.00674,0.519525,0.505973,0.01008,0.227062,0.0,-0.67112,-0.149728,0.155175,0.245097,0.339859,-0.340297,0.134151,0.607468,0.194625,0.377868,0.455698,-0.318261,-0.133828,-0.147861,-0.567283,-0.424427,0.19358,0.281239,0.001319,-0.060896,-0.316612,0.405826,-0.428456,-0.298256,0.394928,0.009632,0.075025,0.293151,-0.015332,-0.21045,-0.280486,-0.648749,#
18,0.234585,0.188848,-0.164581,-0.084397,0.567007,-0.080745,0.068448,-0.080745,-0.156395,0.23684,0.088372,-0.298255,0.482273,0.529826,-0.051295,0.151911,-0.040557,0.054854,1.0,-0.314049,-0.068992,0.422554,0.264331,-0.401206,-0.802863,-0.274544,0.006934,0.421652,0.233843,-0.491777,-0.061665,0.195654,-0.330162,-0.03214,-0.157188,0.572791,0.436431,0.410612,-0.064775,0.028185,0.436431,-0.148634,0.064983,-0.032476,-0.07336,-0.335668,0.264331,-0.321136,0.16493,0.062402,-0.23565,-0.252333,0.340899,-0.174098,0.04648,-0.656982,-0.261231,0.434303,0.090037,0.014745,0.311357,-0.066024,0.410612,-0.251179,0.2095,0.38993,0.0,-0.340709,-0.054119,0.147178,-0.433504,-0.295747,0.233529,-0.173183,-0.026681,-0.091764,-0.054442,-0.860626,0.148912,-0.286566,-0.042239,-0.218289,-0.742965,-0.413487,0.002343,-0.648426,-0.082428,-0.235009,-0.060365,0.400307,-0.366621,0.131116,-0.224911,-0.019725,-0.224911,-0.436203,-0.381881,-0.068883,-0.235009,-0.163892,0.405818,0.347653,-0.318499,-0.001877,-0.808329,-0.182827,-0.428548,-0.451994,0.347653,-0.142335,-0.119953,0.340899,0.247069,0.141362,-0.813066,-0.086356,-0.286566,-0.030491,0.630106,-0.411424,-0.06507,-0.318499,0.206806,0.404141,-0.324499,-0.032808,-0.458451,0.299216,-0.373523,0.114591,-0.32388,0.195055,-0.287163,0.181029,-0.366621,-0.255477,0.0,-0.173183,-0.295935,-0.497152,-0.441167,0.45328,-0.031144,0.299216,-0.091488,0.259928,-0.255477,0.674747,-0.648145,-0.007038,-0.528201,-0.428548,-0.240581,-0.217446,-0.247033,-0.235009,-0.016347,0.655737,-0.285113,-0.648097,0.089157,-0.032211,-0.381881,-0.20449,0.630106,0.229904,-0.330162,-0.39209,-0.458451,0.312571,-0.113782,0.348536,0.035214,-0.528201,-0.232984,0.293927,-0.330162,0.503671,0.377647,-0.512549,0.080236,0.290431,-0.024423,0.18303,-0.34143,0.140452,0.966246,-0.375799,-0.291575,-0.111942,-0.709008,0.032734,0.310241,0.316449,-0.056984,0.241537,0.093993,-0.042392,0.273183,0.233529,#
19,-0.038762,-0.530124,0.281576,-0.138904,-0.370016,0.146911,0.136332,0.146911,-0.05775,0.379034,0.143297,0.124407,-0.210621,-0.366552,-0.661128,0.132732,-0.546516,0.433121,-0.314049,1.0,0.12171,0.231157,-0.281606,-0.219088,0.543435,0.285137,0.078158,-0.213647,-0.392579,0.544137,0.238322,-0.713673,0.451767,0.248498,0.538931,0.146911,-0.214836,0.141187,-0.404903,0.016039,-0.214836,-0.118416,-0.251592,0.15272,0.462459,-0.267249,-0.281606,0.193378,0.176446,-0.11061,0.131648,0.106695,-0.269991,0.562502,-0.128311,0.252406,0.054903,-0.483036,0.659076,-0.162561,-0.405868,0.292892,0.141187,-0.370016,-0.041685,-0.518809,0.0,0.205436,-0.099055,-0.513305,-0.223763,0.061371,-0.269991,0.379904,0.647881,0.207413,0.206587,0.217926,-0.42003,0.379904,0.146761,0.492278,0.063358,-0.191264,0.632241,0.309751,-0.134089,0.393567,0.101338,0.180001,-0.23454,-0.083956,-0.071059,-0.235725,0.366641,0.632241,0.217926,-0.123478,0.393567,-0.155988,-0.404962,-0.577966,0.063358,0.10563,0.542839,-0.092373,-0.43952,0.587337,-0.224739,-0.063193,0.410952,-0.269991,0.13923,-0.406858,0.229411,0.206587,0.379904,-0.231998,0.045979,-0.275435,-0.312577,0.063358,0.343377,0.175281,-0.564747,0.549839,0.094852,-0.419317,0.244081,-0.054066,0.231605,-0.07525,0.248624,0.525957,-0.23454,-0.06265,0.0,0.379904,-0.101448,0.217926,0.10563,-0.069906,0.219193,-0.419317,-0.224739,0.351254,0.379904,-0.207205,0.366641,0.229411,-0.134089,-0.43952,0.520876,0.406459,0.045408,0.393567,0.37226,-0.762051,0.506402,0.763043,0.441805,0.116283,0.217926,0.809188,0.045979,0.083587,0.451767,0.234535,0.094852,-0.206587,0.125323,-0.383771,0.676189,-0.134089,0.309831,0.248624,0.425035,-0.183489,0.19872,0.190657,-0.183489,-0.031349,-0.633545,0.032021,-0.254321,0.286119,-0.437095,0.231605,0.113065,0.411994,0.063358,-0.080091,-0.020567,-0.758319,-0.073752,0.403689,-0.178681,0.369684,0.231605,-0.269991,#
20,-0.53295,-0.117904,-0.448458,0.368173,-0.035048,0.091973,-0.407976,0.091973,-0.534166,0.39572,0.176643,-0.360183,-0.274239,-0.028901,-0.257915,-0.357401,-0.564053,-0.257263,-0.068992,0.12171,1.0,-0.2619,-0.830499,-0.143921,0.129633,0.819089,-0.053494,0.280596,0.066479,0.625783,0.168456,-0.313868,-0.271984,0.12371,0.20031,0.071979,-0.278531,0.347956,0.111243,0.122393,-0.278531,-0.350741,0.123238,0.725044,0.135348,0.269195,-0.830499,-0.299183,0.233491,-0.636274,-0.540778,0.029832,0.380778,0.232335,-0.090511,0.171467,0.499205,-0.695767,0.249335,-0.288334,-0.357038,0.0,0.347956,-0.417386,-0.439122,-0.388921,0.0,0.15716,-0.66715,-0.589655,-0.051706,-0.013391,0.407976,0.390057,0.681625,0.088802,0.554491,0.266566,0.527245,0.42897,0.167394,0.114179,0.114354,-0.557623,0.2782,-0.071222,0.393924,0.403905,0.611653,0.589933,0.135308,0.364479,0.415101,0.1499,0.415101,0.2782,0.227005,0.40831,0.403905,0.577403,-0.592776,0.221531,0.527245,0.183562,0.171631,-0.105772,0.263871,0.085594,0.666495,-0.376232,0.193656,0.380778,-0.387281,-0.004633,0.238645,0.166442,0.42897,0.650874,-0.42804,0.252481,0.577732,0.527245,0.442681,0.696179,0.347956,0.207059,0.593676,0.279583,-0.114024,0.825615,0.280055,0.338305,-0.403434,0.011904,0.135308,0.806983,0.0,0.390057,-0.19272,0.266566,0.183562,-0.102003,0.138,0.279583,0.666495,-0.00938,0.806983,-0.45711,0.415101,0.238645,0.393924,0.263871,0.555753,0.321357,0.387036,0.403905,-0.153491,-0.427214,0.125296,0.365668,0.002177,0.101994,0.227005,0.031251,-0.42804,-0.463793,-0.271984,-0.287891,0.593676,0.150274,-0.372235,-0.804553,-0.407097,0.393924,0.805898,0.297513,0.407976,-0.284934,-0.377642,0.044134,-0.284934,-0.539875,-0.234616,0.502489,-0.300094,-0.25586,-0.098459,-0.351229,0.155866,-0.15288,0.527245,-0.147295,-0.539256,-0.529602,0.259492,-0.097896,-0.663138,-0.066172,0.280055,0.407976,#
