0,1.0,-0.167379,0.20371,-0.672877,0.692615,0.051079,0.39578,-0.1948,0.552212,0.428989,0.119757,-0.329331,0.545588,0.027819,-0.215977,0.163302,-0.344535,-0.024825,0.280363,0.230774,-0.244366,0.088498,0.546994,0.198278,-0.046045,-0.345201,-0.355562,-0.01956,-0.132791,0.320606,-0.592405,-0.033062,0.584284,-9.8e-05,0.519174,0.13639,0.502909,0.086491,-0.155972,0.252601,-0.23223,-0.260396,0.099792,-0.297191,0.058113,-0.239225,0.463622,0.49918,0.009077,-0.167379,-0.290807,-0.196797,0.225439,-0.028175,0.204698,0.299475,-0.235143,-0.167379,-0.069163,0.545588,0.195195,-0.259326,-0.324401,0.48163,-0.394677,-0.194013,0.225439,0.039618,-0.377677,0.175592,-0.171096,0.562237,0.35853,0.225439,0.018017,0.091441,0.252601,-0.152481,0.138898,0.442521,0.536016,0.442754,-0.497097,-0.497944,0.252601,0.218727,-0.200641,-0.216755,0.225439,-0.157595,0.0,0.255951,0.297265,-0.338885,0.266499,0.225439,-0.274728,-0.284892,-0.402729,-0.507918,-0.297168,0.252601,0.141329,0.426434,0.379833,0.0,-0.354382,0.141329,0.318208,-0.327759,0.270435,0.171117,-0.183655,0.0,0.082633,0.376959,0.319658,0.275736,-0.220852,-0.060575,0.0,0.0,0.079527,0.105116,-0.108005,0.645262,0.659141,0.502909,0.272018,-0.008041,0.552212,0.171117,-0.292289,0.58992,0.400612,0.33915,-0.019559,0.317788,0.159722,0.660421,0.298429,0.533761,-0.372653,-0.20371,-0.274728,-0.044405,0.0,-0.373287,0.120008,0.0,-0.124854,0.376055,-0.507918,-0.046944,0.803068,-0.161028,0.532881,0.356242,-0.528222,-0.200641,-0.042891,0.338159,0.0,0.768772,0.575239,-0.091393,0.317788,0.66152,0.0,0.33915,-0.28563,-0.292928,0.252601,0.255246,-0.042271,0.136368,0.225439,-0.774788,0.242131,-0.458777,0.047669,0.552664,-0.311487,0.088862,-0.277896,0.129354,0.743189,0.430055,-0.20371,-0.046187,-0.000765,-0.326073,0.2702,-0.012799,0.343044,0.676318,-0.071811,0.282955,0.246224,0.069858,#
1,-0.167379,1.0,-0.297699,0.298772,0.375359,0.545896,-0.074796,-0.132519,-0.380458,-0.32549,0.30648,0.30648,-0.132519,-0.275503,-0.356405,0.2565,0.306305,-0.241847,-0.387603,-0.400507,0.299079,-0.48634,-0.253593,-0.996644,0.16288,-0.393801,-0.275644,0.24573,-0.085441,0.156839,0.289964,-0.238744,-0.221606,7.8e-05,-0.187968,0.30648,-0.128869,-0.380457,0.294235,0.12512,-0.71836,-0.128869,-0.233792,0.414992,-0.476818,0.302229,-0.20307,-0.279056,0.530703,1.0,-0.15883,0.632397,0.12512,0.839723,0.371804,-0.306207,-0.14094,1.0,-0.303198,-0.132519,-0.168305,0.070021,0.654167,-0.052737,-0.23152,0.261744,0.12512,0.108456,-0.051449,-0.298419,-0.08196,-0.241847,0.18768,0.12512,0.245213,0.306324,0.12512,0.374325,0.255744,-0.474263,-0.351258,0.24573,0.245171,0.379365,0.12512,-0.324511,0.187275,0.298038,0.12512,0.187275,0.0,0.325748,-0.629284,0.515328,-0.289326,0.12512,0.3056,0.253273,-0.244924,0.12512,0.657325,0.12512,0.305856,0.21844,-0.251919,0.0,0.487428,0.305856,-0.629284,0.305982,0.346674,0.081975,-0.340401,0.0,-0.411882,0.186718,0.156321,0.374586,-0.384079,-0.281838,0.0,0.0,-0.406293,0.231496,0.380882,-0.299526,-0.274541,-0.128869,-0.364647,-0.487833,0.30648,0.081975,0.3056,-0.15237,-0.207099,-0.629284,0.24573,0.18768,0.240704,-0.267314,0.156166,-0.176155,0.281534,0.375359,0.3056,-0.235117,0.0,-0.020858,0.279903,0.0,0.374147,-0.24622,0.12512,0.244713,-0.103691,0.186718,-0.194411,-0.35719,-0.313414,0.187275,-0.26522,-0.653643,0.0,0.100317,-0.100319,0.384873,0.18768,0.350616,0.0,-0.629284,0.656764,0.364066,0.12512,-0.281631,0.162841,-0.36979,0.12512,0.250384,-0.377912,0.245171,-0.279498,-0.387201,0.295033,-0.236803,0.656505,-0.37991,-0.291884,-0.213514,0.375359,0.383882,0.458028,0.294784,-0.236977,-0.307874,0.153649,-0.297699,0.38432,-0.115985,-0.332546,-0.45972,#
2,0.20371,-0.297699,1.0,-0.590706,0.2,-0.21092,0.468536,-0.297699,0.408248,0.056986,0.408248,0.0,0.375359,0.296111,0.218537,-0.399859,-0.015112,-0.248435,0.166459,0.262161,0.222026,-0.033729,-0.196009,0.333333,-0.653607,0.41612,0.726287,0.218218,0.360997,-0.499002,-0.208124,0.881369,0.237322,0.0,-0.218052,0.0,0.347937,0.816497,-0.24047,-0.333333,0.0,0.347937,-0.199719,-0.078057,0.024231,-0.493493,0.196604,-0.152905,-0.404201,-0.297699,0.523409,-0.454545,0.333333,-0.398015,0.31799,-0.143006,-0.288199,-0.297699,-0.0,-0.297699,-0.0,-0.477623,-0.492245,0.3907,0.490466,0.195698,0.333333,-0.241381,0.51527,-0.112551,0.333276,0.169982,0.0,0.333333,-0.201008,-0.111112,-0.333333,0.222913,0.011494,0.226491,0.402299,0.218218,0.235139,0.023946,-0.333333,0.613161,0.029348,0.208907,0.333333,-0.029348,0.0,0.213375,0.499745,0.253592,0.185695,0.333333,-0.0,-0.815322,0.243091,-0.333333,-0.47717,-0.333333,0.023281,-0.209877,0.415581,0.0,-0.202873,0.023281,0.499745,-0.025474,-0.557996,-0.333333,-0.185695,0.0,0.419627,-0.497437,-0.499629,0.589692,-0.594901,-0.395422,0.0,0.0,0.02398,-0.331453,-0.402655,0.204387,0.613161,-0.321172,0.307453,-0.217859,0.408248,-0.333333,-0.0,-0.190485,0.802923,-0.014278,0.218218,0.5,0.115986,0.595205,0.014278,0.667261,0.050702,0.2,-0.0,-0.23355,0.0,-0.548952,-0.389749,0.0,0.208626,0.415344,-0.333333,0.226185,0.501589,0.045222,0.319009,-0.467733,0.012101,0.029348,0.023499,-0.0,0.0,0.267271,0.343621,-0.361806,0.5,-0.189051,0.0,-0.014278,-0.455662,-0.21058,-0.333333,0.217931,-0.654149,0.389749,0.333333,-0.389305,0.246007,-0.235139,-0.172062,0.418124,0.01267,-0.179229,-0.476178,0.407661,0.308913,0.399475,0.2,-0.398008,0.422391,0.025734,0.384095,0.420745,-0.477467,0.2,0.054233,0.014523,0.218218,-0.408248,#
3,-0.672877,0.298772,-0.590706,1.0,-0.605852,0.217747,-0.454187,0.298772,-0.816216,-0.491242,0.003092,0.01855,-0.389346,-0.211586,-0.214915,-0.028102,0.435112,0.114074,-0.280235,-0.273141,0.171627,0.020946,-0.266419,-0.333219,0.177443,0.002182,-0.280831,-0.208227,-0.349938,-0.035366,0.560606,-0.451357,-0.690668,-9.1e-05,-0.238454,0.003092,-0.362614,-0.398833,0.155523,0.323121,-0.007573,-0.337277,-0.250591,-0.05601,-0.036211,0.382515,-0.237631,-0.190998,0.124533,0.298772,-0.011158,0.35066,-0.333219,0.168796,-0.311461,-0.433358,0.31429,0.298772,-0.003088,-0.389346,-0.529709,0.482035,0.49238,-0.37873,0.017889,0.143264,-0.333219,0.106024,-0.374241,0.10189,-0.323067,-0.318656,-0.007573,-0.333219,0.203222,-0.104345,0.323121,-0.229234,-0.023677,-0.654083,-0.408428,-0.224753,0.201817,0.364139,0.323121,-0.618798,-0.01867,0.158912,-0.333219,0.501418,0.0,-0.225209,-0.499573,-0.266948,-0.206726,-0.333219,0.393879,0.403525,0.171694,0.348365,0.47789,0.323121,-0.021157,0.196715,-0.427678,0.0,0.606874,-0.021157,-0.499573,0.01852,0.142023,0.323121,0.181764,0.0,-0.425485,0.036987,-0.024529,-0.224666,0.186698,0.412854,0.0,0.0,-0.021429,-0.077513,0.393431,-0.216356,-0.998882,-0.362614,-0.304774,0.220113,-0.414291,0.323121,0.393879,-0.335061,-0.42829,0.006488,0.221448,-0.499828,-0.505949,-0.601124,-0.021627,-0.689533,0.367847,0.212048,0.393879,0.100227,0.0,0.549568,0.385679,0.0,0.172742,-0.436411,0.348365,-0.216434,-0.534844,-0.034932,-0.728798,-0.093973,0.380134,-0.01867,-0.027406,-0.499828,0.0,-0.550552,-0.397863,-0.041811,-0.499828,-0.227847,0.0,0.006488,0.456737,0.223265,-0.333219,-0.215771,0.184794,-0.00966,-0.333219,0.402795,-0.639321,0.664809,-0.259742,-0.423353,0.37979,-0.236385,0.477258,-0.422776,-0.700275,-0.420693,0.212048,0.388932,-0.036253,-0.006821,-0.374268,-0.418688,0.462839,-0.605852,-0.056473,-0.037836,-0.614418,-0.012367,#
4,0.692615,0.375359,0.2,-0.605852,1.0,0.227793,0.468536,-0.297699,0.408248,0.056986,0.408248,0.0,0.375359,-0.243856,-0.187317,0.431848,-0.0,-0.274586,0.183105,0.16683,-0.174449,-0.033729,0.247142,-0.333333,-0.190291,-0.400115,-0.175311,0.218218,0.360997,0.028245,-0.557772,0.055582,0.678063,0.0,0.235496,0.408248,0.347937,0.0,-0.160313,0.333333,-0.5,-0.321173,0.231674,0.058543,-0.395767,0.060604,0.222818,0.170894,0.384484,0.375359,0.019386,0.070707,0.333333,0.472643,0.74198,0.408589,-0.33832,0.375359,-0.0,0.375359,0.037636,-0.516612,0.010046,0.3907,-0.530504,0.195698,0.333333,0.24138,-0.122683,-0.129866,0.333271,0.274586,0.5,0.333333,0.251259,0.555562,0.333333,0.246378,0.425287,0.226491,0.425287,0.654654,-0.182885,-0.359185,0.333333,0.227097,0.029348,-0.162483,0.333333,0.029348,0.0,0.617666,0.014278,0.278951,0.232119,0.333333,0.047891,0.02398,-0.60133,-0.333333,0.029214,0.333333,0.442339,0.234568,0.438669,0.0,-0.152155,0.442339,0.014278,-0.0,0.218346,-0.333333,-0.162483,0.0,0.023313,0.497437,0.017229,0.635053,-0.594901,-0.342699,0.0,0.0,-0.383681,0.066291,0.008218,0.227097,0.613161,0.347937,0.210363,-0.192229,0.816497,-0.333333,0.047891,0.393669,0.453826,0.014278,0.218218,0.5,0.502608,0.617666,0.014278,0.264386,-0.354914,0.2,0.047891,-0.2595,0.0,-0.548952,0.035432,0.0,0.254988,0.035601,-0.333333,0.226185,0.558914,0.045222,0.319009,-0.082541,-0.786565,0.029348,0.046997,-0.0,0.0,0.80181,0.419982,0.0402,0.5,0.621168,0.0,0.014278,0.065095,-0.21058,0.333333,0.240871,-0.197766,0.035432,0.333333,-0.389305,0.220112,-0.182885,-0.200739,0.418124,0.038011,0.234377,0.04926,0.02398,0.695055,0.446472,0.2,0.041173,0.469323,0.025734,0.384095,-0.02805,0.049393,0.6,0.054233,0.072616,0.218218,-0.408248,#
5,0.051079,0.545896,-0.21092,0.217747,0.227793,1.0,0.386071,0.545896,-0.351319,-0.494446,0.096441,0.096441,-0.192303,-0.460262,-0.190169,-0.33344,0.543889,-0.357312,0.161644,-0.697386,0.215016,-0.385302,-0.421978,-0.50902,-0.053678,0.087633,-0.476187,-0.042344,-0.155764,0.312729,-0.289302,-0.113415,-0.396157,-5.1e-05,0.043048,0.096441,-0.230773,-0.351319,0.205314,0.222169,-0.76353,-0.230773,-0.402443,-0.228353,-0.359181,0.536653,-0.317034,-0.496813,0.05398,0.545896,-0.285071,0.147175,0.222169,0.278711,0.412258,-0.123754,0.511772,0.545896,-0.526378,-0.192303,-0.320857,-0.241365,0.210276,0.478899,-0.396653,0.154099,0.222169,-0.135862,-0.226056,-0.407073,-0.194012,-0.357312,-0.215138,0.222169,-0.060627,0.28404,0.222169,0.664669,-0.338538,-0.033122,-0.338538,-0.042344,0.435337,-0.122427,0.222169,-0.629204,0.332535,0.215809,0.222169,0.332535,0.0,-0.196033,-0.199368,0.04065,0.232455,0.222169,0.0699,0.096302,-0.462965,0.222169,0.241958,0.222169,0.543093,-0.069057,-0.501188,0.0,0.022465,0.543093,-0.76314,0.543317,0.645568,0.194046,-0.200338,0.0,-0.325512,0.331545,0.312656,0.217374,-0.238305,-0.045816,0.0,0.0,0.079105,0.116218,-0.101844,-0.222061,-0.205775,-0.230773,-0.282737,-0.042275,0.096441,0.194046,0.542638,-0.333951,-0.079031,-0.199368,0.436331,0.333253,0.153633,-0.196033,-0.251168,0.030697,0.025238,0.666507,0.0699,-0.345917,0.0,-0.113693,0.526216,0.0,0.206718,-0.113435,0.222169,-0.003255,0.206875,-0.263634,-0.324091,-0.286213,-0.583057,0.332535,-0.525765,-0.215138,0.0,-0.115004,-0.220007,-0.084904,-0.215138,0.205753,0.0,-0.199368,0.23313,0.158627,0.222169,-0.215507,-0.049157,-0.363598,0.222169,0.116769,-0.203728,0.435337,-0.450738,-0.345387,0.544002,0.077118,0.224282,-0.377115,-0.170709,-0.087627,0.227793,0.376433,0.350027,0.543872,-0.014042,-0.522521,0.334904,-0.21092,-0.094941,0.190289,-0.64408,-0.368541,#
6,0.39578,-0.074796,0.468536,-0.454187,0.468536,0.386071,1.0,-0.074796,0.382561,-0.258101,0.382561,0.382561,-0.074796,-0.282922,-0.117022,-0.217324,0.38234,-0.210338,0.460153,-0.155092,-0.448315,-0.252858,-0.256882,0.156179,-0.688716,0.382437,0.029986,0.306729,0.434929,-0.133813,-0.523974,0.569209,0.079419,-0.001884,0.388227,0.382561,-0.142121,0.382558,-0.485729,0.156179,-0.54663,-0.142121,0.066125,-0.301725,-0.538639,0.377251,-0.161721,-0.335742,-0.041578,-0.074796,0.208905,-0.285536,0.156179,-0.170949,0.612458,0.204202,-0.12329,-0.074796,-0.040104,-0.074796,-0.196915,-0.936241,-0.224359,0.950146,-0.232939,0.509391,0.156179,0.328482,0.176279,-0.190651,0.364364,-0.210338,0.234267,0.156179,0.306085,0.537883,0.156179,0.467248,-0.227988,0.306569,0.382367,0.306728,0.30603,-0.38146,0.156179,-0.134778,0.233763,-0.456783,0.156179,0.233763,0.0,-0.128037,0.234148,0.039601,0.467651,0.156179,0.381461,-0.254676,-0.305727,0.156178,-0.17491,0.156179,0.38178,-0.021213,-0.039667,0.0,-0.297044,0.38178,0.234148,0.381936,0.143984,-0.364419,-0.148636,0.0,-0.236663,0.233066,-0.142611,0.467572,-0.479424,-0.296432,0.0,0.0,0.063665,-0.490743,-0.376034,0.166696,0.468175,-0.142121,0.462489,0.306226,0.38256,-0.36442,0.381461,-0.136849,0.572479,0.234148,0.306727,0.234269,-0.07851,0.468302,-0.144951,0.379484,0.10294,0.468536,0.381461,-0.202646,0.0,-0.32359,0.068247,0.0,0.467022,0.257616,0.156178,0.305458,0.552844,0.233066,-0.186837,-0.176183,-0.39122,0.233763,-0.051379,0.234268,0.0,0.125179,-0.125231,-0.307657,0.234269,0.172938,0.0,0.234148,-0.13725,0.117455,0.156178,0.467549,-0.691394,0.381823,0.156179,-0.194985,-0.091003,0.30603,-0.228428,0.421494,0.421494,0.109812,-0.146187,0.382009,0.55482,0.572518,0.468536,-0.327952,0.571729,0.422007,0.779868,-0.070103,-0.084856,0.468536,-0.317632,0.546646,-0.141707,-0.573842,#
7,-0.1948,-0.132519,-0.297699,0.298772,-0.297699,0.545896,-0.074796,1.0,-0.380458,-0.32549,-0.380458,-0.380458,-0.132519,-0.275503,0.326503,-0.443234,0.306305,-0.197844,0.368643,-0.373773,0.299079,0.251465,-0.253593,0.12512,0.16288,0.306381,-0.24755,-0.488636,-0.085441,0.156839,-0.438449,-0.265465,-0.221606,7.8e-05,-0.187968,-0.380458,-0.128869,-0.380457,0.294235,0.12512,0.122962,-0.128869,-0.206907,-0.438734,0.229889,0.302229,-0.20307,-0.279056,-0.331897,-0.132519,-0.15883,-0.251416,0.12512,-0.248568,0.015088,0.209426,0.997606,-0.132519,-0.277785,-0.132519,-0.199968,0.102824,-0.19101,-0.052737,-0.23152,-0.287074,0.12512,-0.471769,-0.257881,-0.269283,-0.08196,-0.197844,-0.653643,0.12512,-0.515792,-0.067599,0.12512,0.374325,-0.440523,0.245601,-0.389939,-0.488636,0.245171,-0.345892,0.12512,-0.362723,0.187275,0.298038,0.12512,0.187275,0.0,-0.354529,0.187584,-0.252741,0.374651,0.12512,-0.419657,0.253273,-0.287981,0.12512,-0.19474,0.12512,0.305856,-0.529402,-0.290767,0.0,-0.28064,0.305856,-0.677335,0.305982,0.346674,0.081975,0.323576,0.0,0.254975,0.186718,0.156321,-0.312351,0.296606,0.383517,0.0,0.0,0.279656,0.231496,-0.310471,-0.337738,-0.312753,-0.128869,-0.337419,0.245326,-0.380458,0.081975,0.3056,-0.280577,-0.246259,0.187584,0.24573,0.18768,0.240704,-0.305107,-0.708753,-0.218524,-0.486287,0.375359,-0.419657,-0.191453,0.0,-0.020858,0.279903,0.0,-0.327941,-0.286156,0.12512,-0.426914,-0.15192,-0.726385,-0.194411,-0.079415,-0.354137,0.187275,-0.30476,0.18768,0.0,-0.349406,-0.164563,-0.336656,-0.653643,-0.33104,0.0,0.187584,-0.219484,-0.344597,0.12512,-0.320231,0.162841,-0.409537,0.12512,0.250384,0.319256,0.245171,-0.279498,-0.387201,0.295033,0.505547,-0.22762,-0.42026,-0.291884,-0.253054,-0.297699,0.383882,-0.252705,0.294784,-0.236977,-0.307874,0.153649,-0.297699,-0.345713,-0.164859,-0.371197,0.227217,#
8,0.552212,-0.380458,0.408248,-0.816216,0.408248,-0.351319,0.382561,-0.380458,1.0,0.737814,0.166667,0.166667,0.30648,0.522659,0.012745,0.182831,-0.666286,0.464411,0.132515,0.470269,-0.39494,-0.213433,0.111333,0.408248,-0.060798,0.182948,0.163589,0.356348,0.294753,0.130686,-0.367054,0.30471,0.553637,4.7e-05,0.106823,0.166667,0.28409,0.583333,0.039269,-0.272166,0.102062,0.28409,0.107626,-0.1912,-0.237411,-0.215606,0.272895,0.481026,0.193187,-0.380458,-0.087055,-0.519588,0.408248,-0.345289,0.086546,0.366973,-0.399009,-0.380458,-0.151062,0.30648,0.445574,-0.417833,-0.606975,0.319005,-0.016345,-0.332889,0.408248,0.014077,0.2354,-0.286296,0.272122,0.33096,0.102062,0.408248,-0.071803,0.272169,-0.272166,0.023948,0.178315,0.80136,0.154853,-0.089087,-0.533305,-0.117309,-0.272166,0.412568,-0.407368,-0.388525,0.408248,-0.407368,0.0,0.00917,0.087437,0.12941,-0.009476,0.408248,-0.224843,-0.24964,0.141027,-0.272166,-0.596338,-0.272166,-0.237611,-0.080642,0.249778,0.0,-0.310585,-0.237611,0.61206,0.166396,0.054474,-0.272166,-0.412216,0.0,0.166553,0.055385,0.11957,0.018519,0.009715,-0.182954,0.0,0.0,0.190901,-0.254392,-0.580373,0.412568,0.806593,0.28409,0.069365,-0.088941,0.166667,-0.272166,-0.664753,0.160715,0.261283,0.087437,-0.089087,0.102062,0.189405,0.398873,0.116583,0.555096,-0.196641,-0.408248,-0.224843,-0.238365,0.0,-0.014459,-0.231439,0.0,0.037854,0.697633,-0.272166,-0.12493,0.421247,0.147693,0.624042,0.466145,-0.133386,-0.407368,-0.158288,0.612372,0.0,0.327339,0.296153,-0.147706,0.102062,0.011026,0.0,0.087437,-0.591288,0.0,0.408248,0.004683,-0.068316,0.178401,0.408248,-0.23566,0.422872,-0.533305,0.573659,0.584512,-0.631066,0.090056,-0.080441,0.606969,0.504453,0.68112,-0.408248,-0.156883,-0.13412,-0.236384,0.209075,0.246201,-0.38985,0.408248,-0.138377,-0.083007,0.825228,0.166667,#
9,0.428989,-0.32549,0.056986,-0.491242,0.056986,-0.494446,-0.258101,-0.32549,0.737814,1.0,-0.126292,-0.126292,0.386815,0.770257,-0.047781,0.203254,-0.989834,0.656665,-0.222374,0.447214,-0.065457,-0.188365,0.32323,0.301211,0.468712,-0.109314,-0.030514,0.129683,-0.286326,0.431753,0.035852,-0.129087,0.346381,4.9e-05,-0.022367,-0.126292,0.394807,0.305761,0.427024,-0.404329,0.329704,0.394807,-0.109194,-0.081497,0.181543,-0.518533,0.420084,0.753969,0.160594,-0.32549,-0.442986,-0.307296,0.301211,-0.27501,-0.47546,0.054551,-0.317347,-0.32549,-0.285125,0.386815,0.608327,0.298761,-0.462147,-0.18493,0.157023,-0.770022,0.301211,-0.270334,-0.003595,-0.105511,-0.274019,0.518285,-0.077338,0.301212,-0.313774,-0.228852,-0.404329,-0.340496,0.204083,0.591255,-0.138394,-0.332202,-0.792277,0.176614,-0.404329,0.376038,-0.605186,-0.04573,0.301212,-0.605186,0.0,-0.045803,-0.09241,-0.072256,-0.375473,0.301212,-0.531401,-0.225672,0.385274,-0.404329,-0.473679,-0.404329,-0.544891,0.103821,0.130253,0.0,-0.089804,-0.544891,0.451587,-0.126087,0.111787,0.274075,-0.471845,0.0,0.196427,-0.1248,0.431846,-0.346381,0.384922,0.042063,0.0,0.0,0.314106,0.119913,-0.314483,0.45461,0.470325,0.394807,-0.289681,-0.331656,-0.126292,0.274075,-0.987556,0.273648,-0.176674,-0.09241,-0.332202,-0.077338,0.100403,0.047449,0.431826,0.453117,-0.139925,-0.789662,-0.531401,-0.078164,0.0,0.281255,-0.129896,0.0,-0.325903,0.686202,-0.404329,-0.368375,0.202885,-0.029083,0.793169,0.699504,0.16757,-0.605186,-0.286564,0.451817,0.0,0.241513,0.404997,0.08738,-0.077338,0.030121,0.0,-0.09241,-0.505813,0.030613,0.301211,-0.360711,0.469743,-0.113551,0.301212,-0.255837,0.351529,-0.792277,0.773436,0.27654,-0.983928,-0.160836,0.030878,0.330699,0.089276,0.258635,-0.789662,0.09374,-0.586094,-0.575074,-0.392941,0.195922,-0.136849,0.056986,0.104856,-0.312487,0.80755,0.621492,#
10,0.119757,0.30648,0.408248,0.003092,0.408248,0.096441,0.382561,-0.380458,0.166667,-0.126292,1.0,0.166667,0.30648,0.149331,-0.401478,0.182831,0.181995,0.170818,-0.088343,0.372972,0.009712,-0.213433,-0.340957,-0.272166,-0.533668,0.166613,0.129508,0.356348,0.294753,-0.407433,-0.010196,0.30471,0.103807,4.7e-05,-0.356077,0.583333,0.28409,0.583333,-0.042541,0.408248,-0.408248,-0.398817,-0.365277,-0.330617,-0.666068,0.102501,0.246141,0.15055,0.434672,0.30648,0.427362,-0.189691,0.408248,0.086322,0.519278,-0.237698,-0.399009,0.30648,-0.151062,-0.380458,-0.591538,-0.417833,-0.094327,0.319005,-0.036777,0.33289,0.408248,0.225242,-0.165281,-0.303968,0.272122,0.170818,0.612373,0.408248,0.38979,0.498977,0.408248,0.0,0.600641,-0.071917,0.178315,0.356348,-0.106661,0.273722,0.408248,0.018542,-0.407368,-0.009476,0.408248,0.611052,0.0,0.421797,-0.40804,0.103528,-0.009476,0.408248,0.606098,-0.225166,0.114911,-0.272166,-0.079512,0.408248,0.190089,0.372968,0.273342,0.0,0.569406,0.190089,0.116583,0.140397,0.004952,-0.272166,-0.388525,0.0,-0.237933,0.147693,-0.407945,0.805556,-0.816034,-0.075334,0.0,0.0,-0.225166,-0.660338,-0.161028,0.435746,0.018542,-0.398817,-0.029728,-0.062782,0.583333,-0.272166,0.166188,-0.279954,0.665085,0.116583,0.801784,0.102062,-0.205189,0.421797,0.116583,0.092516,0.21734,0.408248,0.606098,-0.529701,0.0,-0.014459,0.202509,0.0,0.84225,0.261612,-0.272166,-0.12493,0.421247,0.147693,-0.189926,-0.263962,-0.158087,-0.407368,-0.134305,-0.408248,0.0,0.327339,0.296153,-0.558002,0.102062,0.011026,0.0,0.116583,-0.059793,0.0,-0.272166,0.028096,-0.53411,0.58824,0.408248,-0.23566,-0.396443,0.373313,-0.333659,0.584512,0.170698,-0.33208,0.455832,0.166427,0.110349,0.68112,0.408248,0.291354,0.680181,-0.236384,0.209075,-0.211847,0.147874,0.0,-0.138377,-0.083007,0.028133,-0.666667,#
11,-0.329331,0.30648,0.0,0.01855,0.0,0.096441,0.382561,-0.380458,0.166667,-0.126292,0.166667,1.0,-0.380458,0.060444,-0.401478,0.182831,0.166571,0.170818,0.03058,-0.389188,-0.411126,-0.660954,-0.340957,-0.272166,-0.060798,0.150279,0.027265,0.801784,0.294753,0.130686,0.346662,0.207462,-0.346023,4.7e-05,0.106823,0.583333,-0.398817,0.166667,-0.042541,-0.272166,-0.408248,0.28409,0.091319,0.386384,-0.666068,0.544316,-0.262193,-0.436963,0.253559,0.30648,-0.087055,0.346393,-0.272166,0.086322,0.086546,-0.195997,-0.399009,0.30648,-0.166477,-0.380458,-0.053776,-0.417833,0.418321,0.319005,-0.057209,0.466046,-0.272166,0.366017,0.535912,-0.392331,0.272122,-0.389678,0.102062,-0.272166,0.338502,0.498977,-0.272166,0.359226,-0.24401,-0.097602,-0.24401,-0.089087,0.319983,0.224843,-0.272166,-0.398661,0.071889,-0.435906,-0.272166,0.071889,0.0,-0.403457,-0.40804,0.49176,-0.033167,-0.272166,0.557219,0.141952,0.062679,0.408248,0.437315,-0.272166,-0.285133,-0.080642,-0.57496,0.0,0.051764,-0.285133,0.116583,0.608386,-0.019809,-0.272166,-0.435906,0.0,-0.666214,0.055385,0.11957,-0.027778,-0.014572,-0.156049,0.0,0.0,-0.274115,-0.254392,-0.161028,-0.398661,-0.004636,-0.398817,-0.029728,-0.1151,-0.25,-0.272166,0.117309,-0.228111,-0.190024,-0.40804,-0.089087,-0.408248,-0.205189,-0.403457,0.116583,0.066817,0.63132,0.0,0.557219,0.158911,0.0,0.238567,-0.279655,0.0,0.369076,0.237389,0.408248,0.309609,-0.134565,0.609234,-0.379852,-0.123556,0.23713,0.071889,-0.182271,0.102062,0.0,-0.491008,-0.444229,0.289942,0.102062,0.011026,0.0,-0.40804,0.438483,0.859689,0.408248,-0.01873,-0.068316,0.154293,-0.272166,0.613812,-0.396443,0.319983,0.134634,-0.217252,0.170698,-0.33208,0.455832,0.582494,-0.047293,0.225441,0.408248,-0.156883,0.20118,0.577828,0.209075,0.217573,-0.38985,0.0,0.276755,0.361676,0.004689,-0.25,#
12,0.545588,-0.132519,0.375359,-0.389346,0.375359,-0.192303,-0.074796,-0.132519,0.30648,0.386815,0.30648,-0.380458,1.0,0.486527,-0.356405,0.2565,-0.38024,0.022171,0.368643,0.321331,0.299079,0.251465,0.492074,0.12512,0.16288,-0.366871,-0.078987,0.24573,-0.085441,0.156839,-0.298369,-0.105138,0.520006,7.8e-05,-0.187968,0.30648,0.997005,0.30648,0.294235,0.12512,0.122962,-0.128869,-0.206907,-0.176049,0.229889,-0.426169,0.943755,0.477665,-0.232366,-0.132519,-0.15883,-0.081452,0.12512,-0.248568,0.015088,-0.099954,-0.14094,-0.132519,-0.277785,-0.132519,-0.199968,0.102824,-0.19101,-0.052737,-0.197834,-0.287074,0.12512,-0.471769,-0.257881,-0.123603,-0.08196,0.946233,0.18768,0.12512,-0.431236,-0.067599,0.12512,-0.257396,0.255744,0.245601,0.306327,0.24573,-0.458215,-0.265308,0.12512,0.325099,-0.602851,0.298038,0.12512,0.187275,0.0,0.325748,0.187584,-0.1674,0.374651,0.12512,-0.339073,-0.392326,-0.201868,-0.996644,-0.19474,0.12512,-0.320923,0.21844,0.408508,0.0,-0.1953,-0.320923,0.187584,-0.37984,-0.265658,0.081975,-0.301343,0.0,0.254975,0.186718,0.156321,0.374586,-0.344038,0.383517,0.0,0.0,-0.365943,0.231496,-0.310471,0.350084,0.375069,-0.128869,-0.201279,-0.444706,0.30648,0.081975,-0.339073,0.488667,0.458629,0.187584,0.24573,0.18768,0.240704,0.37517,0.156166,0.544108,-0.400973,-0.297699,-0.339073,0.02687,0.0,-0.438009,-0.356032,0.0,-0.249932,0.432689,-0.996644,-0.471689,0.716191,-0.574201,0.476563,-0.079415,-0.27269,-0.602851,-0.225681,0.18768,0.0,0.55004,0.991823,-0.336656,0.18768,0.350616,0.0,0.187584,-0.219484,-0.344597,0.12512,-0.243031,0.162841,0.305891,0.12512,-0.472445,0.319256,-0.458215,-0.279498,0.295033,-0.387201,-0.236803,-0.22762,0.306039,0.401172,0.45866,-0.297699,0.383882,-0.173735,-0.398042,-0.236977,0.447287,0.153649,0.375359,0.38432,-0.067109,0.324519,0.227217,#
13,0.027819,-0.275503,0.296111,-0.211586,-0.243856,-0.460262,-0.282922,-0.275503,0.522659,0.770257,0.149331,0.060444,0.486527,1.0,-0.203378,0.016159,-0.774656,0.666635,-0.157439,0.33141,0.230382,-0.307265,-0.011578,0.249663,0.333184,0.158343,0.205465,0.395303,-0.236697,0.23845,0.291029,0.064866,0.013287,5.3e-05,-0.455012,0.060444,0.498125,0.611546,0.600643,-0.505131,0.330948,0.498125,-0.474087,-0.120327,0.08413,-0.471413,0.533311,0.487393,-0.03898,-0.275503,-0.256962,-0.299278,0.249663,-0.514107,-0.522496,-0.386449,-0.253834,-0.275503,-0.50299,-0.275503,0.186995,0.313251,-0.382859,-0.229434,0.392459,-0.60789,0.249663,-0.509939,0.173519,-0.378668,-0.220594,0.518595,-0.191601,0.249663,-0.477916,-0.259343,-0.505131,-0.243184,0.108714,0.396921,-0.325743,-0.49793,-0.516516,0.427729,-0.505131,0.251975,-0.756064,0.222978,0.249663,-0.224416,0.0,-0.200112,-0.20767,0.032024,-0.284434,0.249663,-0.311986,-0.436697,0.619981,-0.505131,-0.396916,-0.505131,-0.760343,-0.031396,-0.058714,0.0,0.107116,-0.760343,0.374303,0.054799,-0.186781,0.220632,-0.653369,0.0,0.101517,-0.340279,0.240675,-0.176985,0.176572,0.236704,0.0,0.0,0.158514,-0.069742,-0.531457,0.268786,0.20154,-0.259435,-0.524821,-0.497111,-0.312884,0.220632,-0.799985,-0.079409,-0.033444,-0.20767,-0.003801,-0.191601,-0.082831,-0.166858,0.353163,0.515998,0.132913,-0.609641,-0.311986,-0.122041,0.0,0.31554,-0.316398,0.0,-0.145761,0.810069,-0.505131,-0.536039,0.196454,-0.13942,0.508198,0.288264,0.423245,-0.756064,-0.503036,0.265629,0.0,-0.102418,0.448233,-0.194196,-0.191601,-0.27355,0.0,-0.20767,-0.447582,0.199118,0.10451,-0.603162,0.334936,0.128987,0.249663,-0.012393,0.143211,-0.516516,0.472781,0.123149,-0.794952,-0.51607,0.130992,0.521907,-0.222853,0.349342,-0.609641,0.277783,-0.4676,-0.4348,-0.548601,0.369609,-0.256096,-0.243857,0.284573,-0.348847,0.629364,0.469326,#
14,-0.215977,-0.356405,0.218537,-0.214915,-0.187317,-0.190169,-0.117022,0.326503,0.012745,-0.047781,-0.401478,-0.401478,-0.356405,-0.203378,1.0,-0.455395,-0.002595,-0.284932,-0.170454,0.234375,0.209927,0.357496,-0.24158,0.343415,-0.25003,0.434951,0.624978,-0.654015,0.312345,-0.498515,-0.245087,0.397617,0.198458,2.4e-05,-0.197417,-0.8157,-0.331304,0.012745,-0.194691,-0.333008,0.476098,0.347598,0.210249,0.021932,0.400424,-0.365164,-0.523357,-0.166796,-0.216061,-0.356405,0.486586,-0.490683,0.343415,-0.084651,0.122439,0.452199,0.364592,-0.356405,0.386874,0.326503,0.489372,-0.021302,-0.507446,-0.236978,0.469051,-0.183289,0.343415,-0.165787,0.372287,0.145687,0.332946,-0.4176,-0.499512,0.343415,-0.244739,-0.326077,-0.333008,0.241742,-0.029425,0.240019,0.001076,-0.211192,0.248775,-0.012709,-0.333008,0.584559,0.514012,0.220298,0.343415,-0.498436,0.0,0.179509,0.51486,0.221676,-0.172833,0.343415,-0.424621,-0.043421,0.2105,0.343415,-0.528996,-0.333008,0.414289,-0.653683,0.386705,0.0,-0.241469,0.414289,-0.006686,-0.013122,-0.181399,-0.333008,0.573572,0.0,0.809687,-0.496952,-0.499142,-0.168521,0.177182,-0.464579,0.0,0.0,0.426354,0.024007,-0.004618,-0.191781,0.222976,0.347598,0.245268,0.205244,0.012745,-0.333008,0.012709,-0.30091,0.03088,-0.006686,-0.211192,0.515122,0.418835,0.209311,-0.499258,-0.167832,-0.398889,0.218537,-0.424621,-0.269373,0.0,-0.205657,0.000737,0.0,-0.19612,-0.378262,0.343415,0.266671,-0.448753,-0.038119,0.29048,-0.084608,-0.025312,0.514012,0.369374,0.007805,0.0,0.00417,-0.314083,0.003347,0.007805,-0.587258,0.0,-0.006686,-0.499926,-0.568199,-0.333008,0.190145,-0.254565,-0.406698,0.343415,-0.003353,0.604313,-0.228384,0.225163,0.001187,0.026898,0.650364,-0.521338,-0.4009,-0.112113,-0.386247,-0.187317,-0.442609,0.019048,0.040171,0.155887,-0.066553,-0.507842,-0.187317,-0.423279,-0.484696,0.183225,-0.019118,#
15,0.163302,0.2565,-0.399859,-0.028102,0.431848,-0.33344,-0.217324,-0.443234,0.182831,0.203254,0.182831,0.182831,0.2565,0.016159,-0.455395,1.0,-0.225749,0.276267,0.046858,0.347519,-0.434512,0.183962,0.530368,-0.271904,0.361392,-0.665813,-0.347294,0.373458,0.24498,0.141102,0.04141,-0.545209,0.520569,-2.4e-05,0.133226,0.60726,0.283817,-0.241598,0.00718,0.421185,0.071975,-0.411812,0.516084,0.294328,-0.293378,0.243301,0.409422,0.478047,0.58011,0.2565,-0.134256,0.427648,-0.271904,0.414984,0.103418,0.32741,-0.462759,0.2565,0.24253,0.2565,-0.081565,0.04911,0.41792,-0.324055,-0.587072,0.083469,-0.271904,0.453911,-0.271574,0.046666,0.271861,0.412205,0.631778,-0.271904,0.4075,0.520713,0.421185,-0.398757,0.569731,-0.088955,0.19469,0.373458,-0.532793,-0.157411,0.421185,-0.019614,-0.406977,-0.435488,-0.271904,0.142231,0.0,0.391754,-0.407648,0.095317,0.030443,-0.271904,0.232095,0.598715,-0.34563,-0.271904,0.399513,0.421185,-0.229005,0.390381,0.242614,0.0,0.121681,-0.229005,0.126748,-0.214722,-0.004268,-0.271904,-0.001114,0.0,-0.285246,0.628539,0.129789,0.034825,-0.00647,0.269425,0.0,0.0,-0.665069,0.110057,0.249854,0.03487,0.01126,0.283817,-0.014494,-0.053498,0.182831,-0.271904,-0.21601,0.607915,-0.125631,0.126748,-0.080276,-0.407856,0.099559,0.025327,0.126748,-0.326415,-0.187329,-0.399859,0.232095,0.263559,0.0,0.087518,-0.222716,0.0,0.054502,-0.133433,-0.271904,-0.11683,-0.045614,0.158401,-0.006378,0.27372,-0.149226,-0.406977,0.266098,0.111961,0.0,0.33771,0.297395,0.229116,0.111961,0.44838,0.0,0.126748,0.408129,0.074579,0.421185,0.04458,0.349649,0.219316,-0.271904,0.133337,-0.040383,-0.043877,0.069718,0.188267,-0.233256,0.05579,0.425193,0.207498,0.372213,0.298045,0.015994,0.25705,-0.117102,-0.253136,-0.02662,0.182595,0.126665,0.431848,0.242877,-0.022532,0.395501,0.150183,#
16,-0.344535,0.306305,-0.015112,0.435112,-0.0,0.543889,0.38234,0.306305,-0.666286,-0.989834,0.181995,0.166571,-0.38024,-0.774656,-0.002595,-0.225749,1.0,-0.635459,0.268275,-0.457395,-0.005872,0.134562,-0.340762,-0.27201,-0.533363,0.150193,-0.006182,-0.089036,0.294585,-0.407201,-0.095108,0.175546,-0.345825,2.3e-05,0.088968,0.181995,-0.39859,-0.249857,-0.467683,0.433201,-0.408015,-0.423868,0.090663,0.008699,-0.253142,0.560359,-0.416537,-0.750011,-0.149575,0.306305,0.427118,0.259188,-0.27201,0.23758,0.518981,-0.046154,0.290471,0.306305,0.250713,-0.38024,-0.628879,-0.398445,0.418082,0.318822,-0.194824,0.798478,-0.27201,0.311093,-0.01409,0.084126,0.271958,-0.517891,0.120893,-0.27201,0.355395,0.288802,0.433201,0.366999,-0.228238,-0.533935,0.178213,0.356145,0.781734,-0.214944,0.433201,-0.413877,0.590746,-0.025256,-0.27201,0.630661,0.0,0.009164,0.097097,0.03449,0.416716,-0.27201,0.573184,0.182639,-0.407179,0.408015,0.437065,0.433201,0.56994,-0.063805,-0.150723,0.0,0.06898,0.56994,-0.407807,0.166301,-0.055543,-0.27201,0.416716,0.0,-0.253651,0.16811,-0.407712,0.388667,-0.427202,-0.057365,0.0,0.0,-0.273958,-0.191136,0.258169,-0.38299,-0.413877,-0.39859,0.329753,0.372989,0.166572,-0.27201,0.996559,-0.279794,0.237395,0.135936,0.372633,0.083114,-0.143726,0.009164,-0.407807,-0.386975,0.165497,0.81603,0.573184,0.047058,0.0,-0.283388,0.170267,0.0,0.384629,-0.61008,0.408015,0.372766,-0.105252,0.055353,-0.801451,-0.669194,-0.207371,0.590746,0.249282,-0.408015,0.0,-0.218102,-0.405031,-0.136485,0.083114,0.011019,0.0,0.135936,0.471432,-0.0,-0.27201,0.402475,-0.533805,0.170267,-0.27201,0.202661,-0.385455,0.817267,-0.772242,-0.201811,0.997756,0.146257,-0.027047,-0.273958,-0.021007,-0.166188,0.81603,-0.112203,0.63192,0.588192,0.47015,-0.228682,0.167694,0.0,-0.154689,0.391098,-0.815384,-0.666286,#
17,-0.024825,-0.241847,-0.248435,0.114074,-0.274586,-0.357312,-0.210338,-0.197844,0.464411,0.656665,0.170818,0.170818,0.022171,0.666635,-0.284932,0.276267,-0.635459,1.0,-0.266843,0.42537,-0.320794,-0.280493,-0.078113,0.222284,0.32227,0.2032,-0.182182,0.208292,-0.190158,0.267513,0.27529,-0.267552,-0.073145,-7.9e-05,-0.179622,0.170818,0.032197,0.33096,0.396597,-0.039227,0.268048,0.032197,-0.222389,-0.378401,-0.274479,0.046754,0.2,0.658245,0.46419,-0.241847,-0.278063,-0.331114,0.178699,-0.342505,-0.486471,-0.069987,-0.198412,-0.241847,-0.281212,0.022171,0.071601,0.216032,-0.3075,-0.165662,0.05065,-0.520301,0.178699,0.070789,-0.223938,-0.249843,-0.178647,0.203283,0.104604,0.178699,0.070964,0.126401,-0.039227,-0.428769,0.27669,0.378742,-0.375583,-0.53357,-0.722521,0.377601,-0.039227,-0.15916,-0.783992,-0.322326,0.178699,-0.058713,0.0,-0.308515,-0.574096,-0.253662,-0.407308,0.178699,0.045087,0.14392,0.548549,-0.039227,-0.317692,-0.039227,-0.534242,0.205496,-0.186264,0.0,0.373033,-0.534242,0.29965,0.170541,0.295333,0.178699,-0.433106,0.0,-0.275866,0.089286,0.267849,-0.411031,0.411335,0.358822,0.0,0.0,0.338322,-0.402014,-0.337492,0.427298,-0.13392,0.032197,-0.407089,0.094005,-0.389678,0.178699,-0.687572,-0.128353,-0.289854,0.131622,0.065626,-0.581861,-0.415037,-0.258588,0.267912,-0.057452,0.169717,-0.536097,0.045087,-0.191709,0.0,0.824525,0.174351,0.0,0.15549,0.557515,-0.039227,-0.603848,-0.095755,0.11885,0.107756,0.745774,0.402055,-0.783992,-0.325076,0.300737,0.0,-0.223664,0.003994,-0.239869,-0.581861,-0.285333,0.0,0.131622,-0.350672,0.285179,0.178699,-0.396388,0.322838,0.200604,0.178699,0.127962,-0.180303,-0.076864,0.668565,0.309973,-0.662524,-0.243907,0.530522,0.338322,-0.240333,0.420019,-0.536097,0.351551,-0.447361,-0.545112,-0.363273,-0.174946,0.085897,-0.248435,-0.241101,-0.26453,0.535672,0.437721,#
18,0.280363,-0.387603,0.166459,-0.280235,0.183105,0.161644,0.460153,0.368643,0.132515,-0.222374,-0.088343,0.03058,0.368643,-0.157439,-0.170454,0.046858,0.268275,-0.266843,1.0,-0.201665,-0.274415,0.375611,0.290668,0.421695,-0.10205,0.015585,-0.199966,0.247005,0.354538,0.124281,-0.667383,-0.007534,0.280763,2.5e-05,0.281662,0.387352,0.341711,0.013591,-0.196272,0.255237,0.070745,-0.243029,0.293354,-0.243787,0.037779,0.364325,0.393154,-0.199577,-0.507739,-0.387603,-0.073251,-0.084406,-0.327369,-0.47019,0.236432,0.35979,0.330389,-0.387603,-0.013576,-0.219548,-0.367741,-0.470537,-0.061203,0.383708,-0.564499,0.214456,-0.327369,-0.116522,-0.04309,-0.143684,0.327306,0.327351,-0.054099,-0.327369,-0.246345,0.33662,0.255237,0.1826,-0.439872,0.33659,0.360852,0.11987,0.134818,-0.864556,0.255237,-0.190334,-0.028335,-0.29056,-0.327369,0.38203,0.0,-0.274986,0.503875,-0.238501,0.977741,-0.327369,-0.08809,0.051493,-0.648711,-0.327369,-0.042956,0.255237,-0.067818,-0.254209,-0.034396,0.0,-0.74083,-0.067818,0.054666,0.060213,-0.178296,-0.327369,0.193385,0.0,0.010672,0.512624,0.111559,0.05059,-0.055653,0.497391,0.0,0.0,-0.342687,0.086291,-0.484361,-0.190334,0.259512,-0.243029,0.200269,0.250866,-0.088343,-0.327369,0.288584,0.359779,0.302173,0.503875,0.11987,-0.054099,0.134505,0.154037,-0.490803,0.231783,-0.442245,0.066584,-0.08809,0.334769,0.0,-0.48165,-0.428778,0.0,-0.290169,0.054915,-0.327369,-0.221694,0.461364,-0.488536,-0.174794,-0.186402,-0.399641,-0.028335,-0.01193,0.653351,0.0,-0.028919,0.295845,-0.354439,-0.054099,0.198706,0.0,0.503875,-0.044155,-0.175265,0.449439,0.179855,-0.110661,0.352695,-0.327369,0.043351,0.326523,0.134818,-0.475921,0.050829,0.281776,0.299949,-0.487611,0.467626,0.596059,0.412471,0.066584,0.023759,-0.132028,0.388745,0.35804,0.432126,-0.008496,0.632543,0.010156,0.496077,-0.087561,0.132515,#
19,0.230774,-0.400507,0.262161,-0.273141,0.16683,-0.697386,-0.155092,-0.373773,0.470269,0.447214,0.372972,-0.389188,0.321331,0.33141,0.234375,0.347519,-0.457395,0.42537,-0.201665,1.0,-0.172604,0.434085,0.193967,0.383973,-0.221828,0.06548,0.363101,-0.199362,0.307271,-0.495525,-0.123343,0.122059,0.639673,0.0,-0.233855,-0.048649,0.345513,0.470269,-0.15856,0.225088,0.536238,-0.212623,0.182461,-0.2899,0.025345,-0.43847,0.318102,0.741336,0.322283,-0.400507,0.481262,-0.538043,0.357492,-0.155132,0.063157,0.351373,-0.358859,-0.400507,0.402542,0.321331,0.079231,-0.008131,-0.54867,-0.277127,0.172157,-0.238384,0.357492,0.193128,-0.18323,0.198429,0.330956,0.399401,0.436935,0.357492,0.195615,0.057375,0.225088,-0.5541,0.777534,0.276893,0.381233,0.16469,-0.648612,0.081799,0.225088,0.649482,-0.495446,-0.167806,0.357492,-0.054791,0.0,0.558941,0.024388,-0.140015,-0.219438,0.357492,-0.003805,-0.044768,0.337956,-0.331011,-0.572869,0.225088,-0.026818,0.179972,0.800611,0.0,0.240745,-0.026818,0.555248,-0.414865,-0.233207,-0.331011,0.172416,0.0,0.441706,-0.041314,-0.496148,0.192792,-0.156905,-0.017801,0.0,0.0,0.073344,-0.43447,-0.040801,0.607086,0.266107,0.345513,0.206326,0.203106,0.372972,-0.331011,-0.448944,0.139725,0.425705,0.45316,0.16469,0.019861,-0.023035,0.589274,0.034597,-0.11752,-0.334316,-0.246272,-0.003805,-0.287584,0.0,0.087924,-0.015481,0.0,0.220064,0.101345,-0.331011,-0.235179,0.040417,0.066462,0.361137,0.340979,0.08604,-0.495446,0.401359,0.039721,0.0,0.509583,0.376109,-0.39548,0.019861,-0.236009,0.0,0.45316,-0.546863,-0.550863,-0.331011,0.198188,-0.226602,0.415181,0.357492,-0.413255,0.241208,-0.256331,0.29958,0.791669,-0.454467,0.186743,-0.026741,0.073344,0.26995,0.441495,-0.246272,-0.039796,0.01305,-0.792204,0.116968,-0.002228,-0.067361,0.182718,-0.386677,-0.470161,0.668341,0.032432,#
20,-0.244366,0.299079,0.222026,0.171627,-0.174449,0.215016,-0.448315,0.299079,-0.39494,-0.065457,0.009712,-0.411126,0.299079,0.230382,0.209927,-0.434512,-0.005872,-0.320794,-0.274415,-0.172604,1.0,-0.05991,-0.256385,-0.33304,0.16703,0.010026,0.263065,-0.221486,-0.328374,-0.050618,0.181271,0.063088,-0.21238,-4.8e-05,-0.677094,-0.411126,0.322163,0.009712,0.564162,-0.33304,-0.003965,0.322163,-0.651588,0.098723,0.386452,-0.49553,0.10892,-0.180586,-0.303001,0.299079,0.004919,0.035403,0.354185,0.081466,-0.070602,-0.506723,0.339413,0.299079,-0.428262,-0.36805,-0.032231,0.488487,-0.025013,-0.379733,0.428442,-0.315532,0.354185,-0.790768,0.08911,-0.24289,-0.301267,0.110526,-0.49956,0.354185,-0.652699,-0.539216,-0.33304,0.246533,-0.001458,-0.18678,-0.38882,-0.204183,0.246533,0.394755,-0.33304,0.227077,0.046078,0.99889,0.354185,-0.033046,0.0,0.213366,0.03057,0.250352,-0.198416,0.354185,-0.43368,-0.410535,0.204528,-0.33304,-0.044015,-0.33304,0.049844,-0.254332,0.02325,0.0,0.190026,0.049844,-0.499305,-0.016564,-0.151207,0.301322,-0.175409,0.0,0.442734,-0.496999,-0.040165,0.204304,-0.212655,-0.076506,0.0,0.0,0.018254,0.405173,-0.017202,-0.209609,-0.155586,-0.341051,-0.535837,-0.653002,0.025898,0.301322,0.010633,-0.322431,0.011995,-0.499305,0.228408,0.531278,0.375857,-0.1651,-0.037363,0.21903,-0.07076,0.222026,-0.43368,-0.304541,0.0,-0.257806,0.006181,0.0,-0.198149,-0.020514,-0.33304,-0.15762,-0.008409,-0.496999,0.276147,-0.512264,-0.037998,0.046078,-0.388875,-0.49956,0.0,0.019071,0.307897,-0.047391,0.015859,-0.221008,0.0,-0.499305,-0.077683,-0.231387,-0.33304,-0.571359,0.173948,-0.439603,0.354185,-0.045134,0.191992,-0.238246,-0.295158,-0.429611,-0.026725,-0.236357,-0.095829,-0.434303,-0.547267,-0.412167,-0.190308,0.358697,0.023818,-0.014284,-0.61726,0.030471,-0.071022,-0.586784,0.368758,-0.518462,-0.185058,-0.022661,#
21,0.088498,-0.48634,-0.033729,0.020946,-0.033729,-0.385302,-0.252858,0.251465,-0.213433,-0.188365,-0.213433,-0.660954,0.251465,-0.307265,0.357496,0.183962,0.134562,-0.280493,0.375611,0.434085,-0.05991,1.0,0.524299,0.460965,-0.093764,-0.204593,0.094609,-0.529942,0.240044,-0.403942,-0.380756,-0.182652,0.514587,-5.1e-05,0.088256,-0.213433,0.281655,-0.213433,-0.399054,0.460965,0.649286,-0.451822,0.525705,-0.136906,0.546487,-0.177256,0.270556,0.225104,-0.323875,-0.48634,0.384468,-0.142071,-0.269833,-0.14935,0.050051,0.506809,0.261614,-0.48634,0.665294,0.251465,-0.170736,0.116714,-0.135874,-0.361453,-0.181636,0.038504,-0.269833,0.054664,-0.327316,0.538191,0.269783,0.325918,0.143349,-0.269833,-0.033052,-0.142416,0.460965,-0.451121,0.188418,-0.060691,0.570294,0.316493,-0.132184,-0.576674,0.460965,0.349669,0.041576,-0.05637,-0.269833,0.175211,0.0,0.361364,0.561064,-0.410565,0.434911,-0.269833,-0.186571,0.225663,-0.315455,-0.269833,-0.160945,0.460965,0.153124,-0.042474,0.642845,0.0,-0.295093,0.153124,0.127624,-0.659881,-0.406283,-0.269833,0.8342,0.0,0.528797,0.192186,-0.40445,-0.016065,0.043743,0.345435,0.0,0.0,-0.213126,0.123423,0.221457,0.062427,-0.04098,0.281655,0.420809,0.454292,0.130814,-0.269833,0.176879,0.461307,0.257082,0.691095,-0.051522,0.016865,0.109539,0.393561,-0.404544,-0.381755,-0.656692,-0.033729,-0.186571,0.301968,0.0,-0.354785,-0.193603,0.0,-0.349494,-0.54716,-0.269833,-0.123859,-0.077824,-0.402675,-0.033625,-0.038977,-0.122039,0.041576,0.673302,0.143349,0.0,0.301995,0.290396,-0.245876,0.016865,-0.023229,0.0,0.691095,-0.136126,-0.791443,-0.269833,0.420533,-0.098518,0.246585,-0.269833,-0.260808,0.384311,-0.013218,-0.321127,0.237613,0.135046,0.535703,-0.567123,-0.213126,0.369888,-0.087581,-0.033729,-0.118506,-0.168588,-0.303798,0.207282,0.177865,0.157714,0.40475,-0.237799,-0.055354,0.014333,0.199663,#
