0,1.0,0.343624,-0.160899,0.059959,0.658111,0.140563,0.317592,-0.18048,0.566713,0.496181,0.492879,-0.233958,0.674865,0.073435,-0.333211,-0.368979,0.160468,0.160883,0.395102,-0.033757,0.484618,0.208772,0.338066,0.262503,0.243046,-0.361002,-0.432105,-0.222732,0.371016,0.187921,-0.411402,0.242858,-0.333211,0.012749,-0.800586,-0.009557,-0.012483,-0.158334,-0.235353,0.015373,0.397588,0.343624,0.001807,-0.568653,0.111057,-0.02419,0.018165,0.330609,0.157574,0.247579,0.225422,-0.295711,0.0,-0.178545,0.17882,-0.074059,-0.611789,0.436641,-0.171048,0.165197,-0.214725,0.593533,0.602938,-0.740516,-0.129719,0.401455,0.082797,0.508359,0.813615,0.520519,-0.419822,-0.23535,0.0,-0.507846,-0.542047,-0.258422,-0.316923,-0.211865,-0.185927,-0.001299,0.003492,-0.646805,0.006505,-0.434841,-0.33221,-0.210546,-0.003188,-0.228273,0.416972,-0.418934,-0.129746,-0.403557,-0.403557,0.397333,-0.198764,-0.410305,-0.021102,0.602087,-0.003188,-0.81577,0.258647,0.197952,-0.228273,-0.189508,-0.683067,-0.014963,-0.196865,0.020027,-0.014963,-0.523535,0.417306,-0.333211,-0.129746,-0.198764,-0.417923,-0.507846,0.306078,-0.129746,0.495923,-0.196865,-0.014963,-0.595215,-0.316923,-0.021941,-0.158146,0.006505,-0.333211,0.424209,-0.024448,-0.595215,-0.038569,0.343624,-0.470139,-0.220213,0.01456,0.343624,-0.333211,-0.333211,-0.031269,-0.507846,-0.019117,0.020027,-0.406001,-0.008959,-0.129746,-0.487542,0.306078,0.495912,-0.316923,-0.013048,-0.507846,0.006505,-0.212199,-0.211321,0.208294,0.390866,-0.023859,0.614604,-0.211847,-0.019117,0.221008,-0.216286,-0.210546,0.182679,-0.199679,0.411828,-0.57907,0.200861,-0.613361,-0.012338,0.214732,0.502011,0.168451,0.021019,-0.008709,-0.129746,0.00781,-0.212359,0.009289,0.377556,0.521718,-0.003856,0.18684,-0.008986,0.49618,-0.023169,0.002244,-0.418934,-0.322422,0.500837,-0.129746,0.483066,-0.011003,0.009543,-0.000198,-0.498601,0.002307,-0.380604,-0.589978,-0.011714,#
1,0.343624,1.0,0.379189,-0.660957,0.518869,-0.329892,-0.111111,-0.213457,-0.330125,-0.166623,0.77139,0.210087,0.509175,0.196747,-0.111111,-0.40025,-0.21591,-0.330768,-0.271998,0.472942,-0.267474,-0.32515,0.17358,0.399153,0.546435,0.267579,0.26741,-0.332762,0.292225,0.333136,-0.408052,0.237215,-0.111111,-0.272078,-0.26696,-0.266715,-0.1665,0.281336,-0.332844,-0.166346,-0.271901,-0.111111,-0.665155,-0.611885,0.818961,0.29656,-0.166623,0.615609,-0.331185,0.282995,-0.493019,0.272164,0.0,0.132116,0.327977,-0.474152,-0.505902,0.284532,0.33185,-0.215533,-0.145475,0.333333,0.336088,0.33718,0.073202,0.271984,-0.164371,0.314877,0.276654,0.43994,0.228781,-0.415499,0.0,-0.665619,-0.663129,0.515141,0.15328,-0.218103,0.247993,-0.408008,0.29806,-0.508596,0.196262,-0.406805,0.166667,0.247993,-0.272166,-0.508596,0.29806,-0.408008,0.361164,-0.407871,-0.407871,-0.271543,-0.333069,0.318194,0.310848,0.379663,-0.272166,-0.272023,0.227835,-0.507115,-0.508596,-0.333153,-0.507115,-0.272023,0.241742,0.427398,-0.272023,-0.662383,0.437602,-0.111111,0.361164,-0.333069,0.310848,-0.665619,0.166667,0.361164,-0.166261,0.241742,-0.272023,-0.333069,0.15328,0.309524,0.226185,0.196262,-0.111111,0.203739,0.449274,-0.333069,-0.662383,-0.111111,0.196262,-0.218107,0.291309,-0.111111,-0.111111,-0.111111,0.274773,-0.665619,-0.271981,0.427398,-0.271981,0.20796,0.361164,0.202438,0.166667,-0.166667,0.15328,-0.407871,-0.665619,0.196262,-0.333153,-0.218218,0.379663,-0.406805,0.613088,0.370598,0.26645,-0.271981,0.35604,-0.332562,0.247993,-0.332562,0.254411,0.418518,0.35604,0.068041,-0.333153,-0.271543,0.509182,0.34857,-0.332205,0.20258,-0.637253,0.361164,-0.166667,-0.189847,0.418518,0.351818,0.692132,-0.242527,0.324411,0.165859,0.165859,0.253251,0.278588,-0.408008,0.458981,-0.126428,0.361164,0.640196,0.279108,-0.24891,-0.375889,-0.166261,0.286515,-0.988662,-0.717974,-0.166667,#
2,-0.160899,0.379189,1.0,-0.556968,0.256138,-0.140993,0.352856,0.600507,-0.141092,0.005319,0.107026,0.439841,-0.186178,0.144546,0.247526,0.350767,0.146969,-0.229727,0.009669,0.805571,-0.029582,0.220345,-0.062866,0.159954,0.274301,-0.115958,0.396506,0.190552,0.097617,0.236853,-0.44611,-0.156496,-0.33179,-0.039953,-0.099853,0.429081,-0.045773,-0.266415,0.159069,-0.087168,0.035076,-0.33179,-0.504287,0.156406,0.538617,0.143689,-0.497556,0.226629,-0.566325,0.235548,0.195511,-0.219304,0.0,-0.386117,0.177992,-0.256205,-0.267699,-0.010116,0.147226,-0.169293,0.410271,0.236992,-0.045515,0.450271,-0.420144,0.45701,-0.06038,-0.061734,0.04648,-0.484822,-0.062353,-0.186515,0.0,-0.035207,0.008149,0.446686,0.345706,-0.279517,-0.221743,-0.38847,0.821261,-0.257604,0.502111,-0.428214,-0.286215,0.226524,-0.038701,0.182693,0.055395,-0.029854,0.374707,-0.452084,-0.041267,-0.379882,-0.246967,0.028064,0.858337,0.292052,0.0258,0.021115,0.245924,-0.233033,-0.257604,-0.245679,-0.224885,0.370548,-0.224424,0.386745,0.434081,-0.51665,0.467717,-0.33179,0.374707,-0.246967,0.087647,-0.035207,-0.18291,0.374707,-0.496475,-0.224424,0.021115,-0.246967,0.345706,0.023323,0.218201,0.000681,-0.33179,-0.291178,0.032973,0.15406,-0.51665,-0.33179,0.000681,-0.212416,-0.356237,-0.33179,-0.33179,0.326524,-0.376452,-0.035207,0.009208,0.386745,-0.053408,0.043085,0.374707,0.013555,-0.286215,0.015799,0.345706,-0.041267,-0.035207,0.000681,0.229888,-0.272372,0.228318,-0.792854,0.462736,0.265044,-0.188219,0.416211,0.186723,-0.218213,0.666821,-0.153642,0.233135,0.056379,0.595008,-0.414421,0.57325,-0.379882,0.244793,0.029084,-0.155961,0.005944,-0.526069,0.374707,-0.497686,-0.20235,0.463564,0.135439,0.053213,0.03736,-0.159217,0.494045,0.061663,-0.266941,0.830862,-0.029854,0.477514,-0.469913,0.374707,0.034438,0.00294,0.041829,-0.027426,0.425796,0.430117,-0.336604,-0.068892,-0.00395,#
3,0.059959,-0.660957,-0.556968,1.0,-0.197143,-0.026543,0.185589,0.260872,0.566984,0.278311,-0.417194,-0.348289,-0.189705,-0.277931,0.055351,0.009732,0.265731,0.552482,0.475011,-0.199342,0.468534,-0.020859,-0.198635,-0.072061,-0.218284,-0.386857,-0.411037,-0.041938,-0.39187,0.00826,0.559652,-0.348531,0.185589,0.373161,0.314955,0.400439,0.176621,0.123838,-0.096728,0.2115,-0.079758,0.185589,0.349244,0.191684,-0.476541,-0.43097,0.230481,-0.274892,-0.014184,0.145169,0.172918,-0.424688,0.0,0.256221,-0.068021,0.369589,0.143138,0.09648,0.001167,-0.232785,-0.385795,-0.439552,-0.39535,-0.577797,-0.208071,-0.375391,0.27455,0.026842,0.180039,-0.176188,-0.355514,0.04942,0.0,0.331585,0.287162,-0.833797,-0.244795,0.302844,0.169606,0.662924,-0.472566,0.169606,-0.271707,0.006727,-0.267113,-0.429004,0.374844,0.211484,0.125037,0.019849,-0.532698,0.046889,0.085963,0.453558,-0.024793,0.006727,-0.493518,0.012516,0.454598,-0.125576,-0.374483,0.784068,0.169606,0.499707,0.129209,-0.164854,-0.396454,-0.13549,-0.086297,0.318555,-0.086297,0.12047,-0.532698,-0.024793,-0.453812,0.331585,-0.139379,-0.532698,0.300544,-0.396454,-0.086297,-0.062936,-0.244795,-0.470484,-0.172458,-0.3194,0.185589,-0.170282,-0.194082,-0.024793,0.318555,0.185589,-0.3194,-0.219354,-0.402348,0.185589,0.12047,-0.660957,-0.435948,0.331585,-0.096778,-0.13549,-0.174201,-0.34539,-0.532698,-0.357907,-0.267113,0.278384,-0.244795,0.085963,0.331585,-0.3194,0.025201,0.279229,-0.066289,0.660603,-0.419604,0.020208,0.129209,-0.058067,-0.024793,0.435718,-0.387126,0.555478,0.141648,-0.132323,-0.570013,0.646008,-0.090587,0.412567,-0.722594,0.098176,0.012516,0.331585,0.301893,-0.532698,0.278384,0.280014,-0.132323,0.071161,-0.403881,-0.115233,-0.494934,-0.315004,-0.217799,-0.04488,-0.476805,0.019849,-0.531548,0.245134,-0.532698,-0.344231,0.020642,0.381274,0.021411,-0.419604,0.055361,0.606125,0.255036,-0.332107,#
4,0.658111,0.518869,0.256138,-0.197143,1.0,0.243157,0.489388,0.080624,0.243328,0.756447,0.297472,0.384032,0.53654,0.364701,-0.218161,0.118702,-0.042011,0.152026,0.333367,0.313569,0.401369,-0.190732,0.312474,0.266028,0.079029,-0.119127,-0.352898,0.190079,0.130704,0.637778,-0.358915,0.430629,-0.218161,-0.074172,-0.524161,-0.044126,-0.326915,-0.0027,0.176495,-0.326612,0.340042,0.518869,-0.199336,-0.258217,0.332252,0.293763,-0.327156,0.130503,-0.193998,0.020133,0.0078,-0.449528,0.0,-0.062461,0.627775,0.116581,-0.500373,0.493954,-0.21132,-0.423187,0.187206,0.654483,0.407656,-0.290953,-0.059327,0.516707,0.304199,0.600017,0.525754,0.156937,-0.688084,-0.102463,0.0,-0.78476,-0.281518,0.030553,-0.502275,-0.428233,-0.496736,-0.372278,0.091988,-0.998603,-0.21668,-0.397981,-0.535084,-0.041711,-0.1011,-0.543577,0.091988,-0.372278,-0.344981,-0.800834,-0.800834,0.321599,-0.653965,0.082931,0.505652,0.641565,-0.1011,-0.534103,0.381395,-0.102853,-0.543577,-0.654129,-0.568089,-0.107323,-0.500747,-0.070103,-0.107323,-0.815949,0.363391,-0.218161,-0.344981,-0.653965,0.07423,-0.78476,0.158859,-0.344981,-0.326445,-0.500747,-0.107323,-0.653965,-0.502275,0.047591,0.327605,-0.21668,-0.218161,0.283689,0.043838,-0.653965,-0.288696,-0.218161,-0.734884,-0.428242,-0.336998,0.518869,-0.218161,-0.218161,-0.217328,-0.78476,-0.113402,-0.070103,-0.53402,0.320212,-0.344981,-0.19763,0.158859,0.756193,-0.502275,-0.376276,-0.78476,-0.21668,-0.234763,-0.42846,0.213435,0.038045,0.190518,0.66666,-0.054962,-0.113402,-0.19686,-0.254298,-0.041711,0.179455,-0.033752,0.792517,-0.19686,0.045134,-0.234763,-0.123793,0.054041,0.608729,0.169363,-0.20886,-0.250806,-0.344981,-0.327241,0.048306,0.354178,0.465375,0.767545,0.339675,0.191329,0.291275,0.291275,-0.313898,0.518118,-0.372278,0.156167,0.207421,-0.344981,0.200062,0.518628,0.363839,-0.362632,-0.326445,0.532861,-0.598712,-0.72669,-0.327241,#
5,0.140563,-0.329892,-0.140993,-0.026543,0.243157,1.0,0.341075,-0.159862,0.119386,0.532869,-0.149055,0.470797,-0.190342,0.159949,-0.329892,0.563679,-0.278872,-0.222026,0.352588,-0.467967,0.439692,0.223472,0.363063,-0.232188,-0.647272,0.122936,-0.459297,0.254313,-0.034313,0.2347,-0.373374,0.29968,-0.329892,-0.371554,-0.354543,-0.052108,-0.494344,-0.232545,0.665323,-0.074176,0.479883,0.369032,0.49028,0.071114,-0.481822,0.04864,-0.001882,-0.634508,0.599337,-0.284195,0.260582,-0.227695,0.0,-0.148683,0.225307,0.21554,-0.115497,-0.464325,-0.642598,0.163467,0.538072,0.587096,0.591949,-0.251565,0.275942,0.073225,0.106497,0.090031,-0.056653,0.162352,-0.457636,0.642029,0.0,-0.002913,0.081572,-0.018298,-0.345177,-0.286629,-0.71684,-0.057211,-0.346559,-0.221884,-0.508515,0.059996,-0.361613,-0.152083,-0.397186,-0.221884,-0.068286,0.068374,-0.169631,-0.009078,-0.411687,0.004348,-0.208644,-0.414294,0.04753,-0.207176,-0.397186,0.061302,0.322069,-0.289147,0.209616,-0.655789,-0.1529,0.061302,-0.232395,-0.473171,0.061302,-0.014461,-0.402929,0.341075,-0.169631,-0.208644,0.04753,-0.002913,0.296451,-0.169631,-0.121055,-0.232395,0.061302,0.18437,-0.345177,-0.043533,-0.220056,-0.017103,-0.329892,0.417685,-0.36903,-0.208644,0.485531,-0.329892,-0.508515,0.613604,-0.020523,0.369032,0.341075,0.396989,0.019095,-0.002913,0.7821,-0.473171,0.383229,0.074775,-0.169631,-0.397463,0.296451,0.53258,-0.345177,-0.009078,-0.002913,-0.017103,-0.135291,-0.647895,-0.613171,0.345785,-0.493635,-0.179176,-0.658961,0.383229,-0.659455,-0.198002,-0.583583,-0.198002,-0.64013,0.466665,-0.538083,-0.369794,0.262393,0.004348,0.175703,-0.337192,0.258523,-0.570882,0.499729,-0.169631,-0.494838,0.276564,0.05099,-0.084635,0.04196,0.480772,0.587087,0.518522,0.518522,-0.36928,0.095506,0.068374,-0.438456,0.427856,-0.169631,-0.066734,0.048379,0.479395,0.387665,0.01621,-0.370366,0.318022,0.304904,0.448709,#
6,0.317592,-0.111111,0.352856,0.185589,0.489388,0.341075,1.0,0.571311,0.341315,0.649491,-0.164763,0.165388,-0.218218,0.162825,-0.111111,0.281027,0.38384,0.215956,0.381843,0.280465,0.475509,0.377877,0.129073,-0.32658,-0.218008,-0.635934,-0.407868,0.343583,-0.403549,0.30751,-0.408052,0.182048,-0.111111,-0.272078,-0.26696,0.486362,-0.1665,-0.496828,0.292803,-0.166346,0.428874,-0.111111,0.202438,0.262236,-0.162283,0.186723,-0.166623,-0.213709,-0.331185,0.251897,0.241916,-0.918553,0.0,-0.498438,0.302552,0.347711,-0.505902,0.182913,-0.33185,-0.215533,0.218214,0.333333,0.240063,-0.39582,-0.592268,0.244786,-0.164371,0.286252,0.249263,-0.415499,-0.645971,0.195529,0.0,0.154346,0.171922,-0.39393,0.089414,-0.218103,-0.508597,0.265403,0.258841,-0.508597,0.148393,-0.406805,-0.987179,0.205961,0.408248,0.205961,0.258841,0.265403,-0.04013,-0.407871,-0.407871,0.427886,-0.333069,-0.406805,0.270996,0.340115,0.408248,-0.272023,0.124274,0.223475,0.205961,-0.333153,-0.507115,0.398178,-0.508492,-0.271981,0.398178,-0.662383,0.398178,-0.111111,-0.04013,-0.333069,-0.406494,0.154346,0.102564,-0.04013,-0.166261,-0.508492,0.398178,-0.333069,0.089414,-0.404762,0.181835,0.148393,-0.111111,0.159448,-0.565215,-0.333069,0.165596,-0.111111,-0.665376,-0.218107,-0.407832,-0.111111,-0.111111,-0.111111,-0.641137,0.154346,0.388544,-0.271981,-0.271981,0.174418,-0.04013,-0.665155,0.102564,0.666667,0.089414,0.258841,0.154346,0.148393,0.325405,-0.218218,-0.332205,0.277916,-0.166261,0.323687,-0.507115,0.388544,-0.333069,-0.332562,0.205961,0.348589,0.212009,0.418518,-0.333069,-0.0,0.325405,-0.271543,-0.218222,0.319763,0.340115,0.154346,0.159313,-0.04013,-0.166667,-0.238525,0.418518,0.266009,-0.179845,0.407098,-0.332624,0.165859,0.165859,-0.832111,0.278587,0.265403,-0.389555,-0.179106,-0.04013,-0.172751,0.279108,0.429935,0.257632,-0.166261,0.286515,0.109851,-0.192627,-0.166667,#
7,-0.18048,-0.213457,0.600507,0.260872,0.080624,-0.159862,0.571311,1.0,0.17594,0.256312,-0.316528,0.109361,-0.419221,-0.268913,0.602702,0.407559,0.603542,0.078928,0.26585,0.72602,0.253565,0.11106,-0.51529,0.133586,-0.078868,-0.478509,0.056623,0.355101,-0.441098,0.132487,0.045661,-0.487977,-0.213457,0.307014,0.278236,0.788086,0.316102,-0.138502,0.298788,0.257431,-0.027401,-0.213457,-0.027779,0.334005,-0.003625,0.017377,-0.320102,-0.15013,-0.636243,0.338956,0.322002,-0.606476,0.0,-0.205966,0.313316,0.27327,-0.1531,0.182014,0.110254,-0.414062,0.244541,-0.16951,-0.401505,-0.042245,-0.818202,0.003842,0.019736,0.072784,0.009131,-0.708455,-0.323743,0.023477,0.0,0.296517,0.330282,-0.166082,0.171773,0.10475,-0.109012,0.01522,0.497263,-0.109012,0.28508,-0.278561,-0.572639,0.052487,0.457503,0.395673,0.007534,0.186445,-0.077093,-0.293837,0.02637,-0.027664,-0.161805,0.050296,0.520613,0.159551,0.284498,-0.200703,-0.24401,0.42932,0.052487,0.160006,-0.08669,0.443062,-0.456407,0.279913,0.272654,-0.266666,0.272654,-0.213457,-0.077093,-0.161805,-0.455537,0.296517,-0.603426,-0.077093,-0.319406,-0.456407,-0.049229,-0.161805,0.171773,-0.282068,0.211499,-0.105755,-0.213457,-0.677202,-0.099085,0.150772,-0.079532,-0.213457,-0.289678,-0.419008,-0.783492,-0.213457,-0.213457,-0.213457,-0.655032,0.296517,-0.055983,0.279913,-0.037322,-0.043022,-0.077093,-0.278336,-0.326343,0.268391,0.171773,0.177056,0.296517,-0.105755,0.141401,0.11508,0.178545,-0.297906,0.329388,0.139423,-0.08669,0.261252,0.150772,0.188588,0.395673,0.169344,0.407293,-0.052274,0.150772,0.149938,0.62514,-0.185744,-0.419228,-0.025392,-0.16335,0.296517,-0.10202,-0.077093,-0.320185,-0.107545,0.265103,0.006788,-0.345503,-0.059708,-0.639009,0.29374,-0.315412,-0.353309,0.514292,0.186445,0.105915,-0.344083,-0.077093,-0.331875,0.195755,0.272334,0.170389,0.329388,0.528926,0.211037,0.197232,-0.320185,#
8,0.566713,-0.330125,-0.141092,0.566984,0.243328,0.119386,0.341315,0.17594,1.0,0.533245,-0.14916,-0.234551,0.267399,0.158354,-0.330125,0.115931,0.192841,0.638189,0.780876,-0.035586,0.75803,0.499477,0.361077,0.066346,0.243379,-0.598838,-0.476624,-0.18828,0.367897,0.236155,0.046738,-0.153626,-0.330125,0.467725,-0.482652,0.44165,0.008385,-0.364588,-0.201262,-0.074228,0.444932,0.369292,-0.015858,0.06291,-0.078301,-0.573582,0.04007,0.188254,0.134064,0.243364,0.703341,-0.553365,0.0,-0.242536,-0.189361,-0.016714,-0.099746,0.108487,-0.225268,0.124043,-0.157506,0.151074,0.048356,-0.714623,-0.14276,0.466368,0.546309,0.125411,0.80542,-0.056002,-0.648563,-0.360626,0.0,-0.034491,0.049472,-0.598177,-0.387231,-0.286831,-0.249557,0.3836,0.030414,-0.249557,-0.048452,-0.397345,-0.403832,-0.629502,0.030838,0.182246,0.368132,-0.381406,-0.432459,-0.454438,-0.034759,0.444624,-0.250241,-0.397345,0.004415,0.639095,0.459141,-0.386338,0.31708,0.630425,-0.267549,0.172841,-0.181142,0.018662,-0.705862,-0.057721,0.440536,-0.046356,0.440536,-0.330125,-0.432459,-0.250241,-0.404989,-0.034491,0.254695,-0.432459,0.434851,-0.705862,0.018662,-0.659919,-0.387231,-0.511173,-0.297262,-0.5607,-0.330124,0.167058,-0.172238,-0.250241,-0.067203,0.369292,-0.54021,-0.293651,-0.461607,0.369292,-0.330125,-0.330124,-0.643092,-0.034491,-0.074352,-0.057721,-0.473504,-0.474131,-0.432459,-0.459233,-0.431271,0.532955,-0.387231,-0.051546,-0.034491,-0.5607,0.237218,-0.190476,0.232815,0.363269,-0.493982,0.64752,-0.181142,0.341431,0.159437,0.247777,-0.179707,0.659393,-0.168686,0.012202,-0.579911,0.130204,-0.177328,0.462234,-0.300372,0.406046,0.215886,-0.034491,-0.06953,-0.432459,0.029375,0.23386,0.012202,0.291248,0.006312,-0.000872,-0.266557,-0.06969,0.45233,-0.09322,0.02214,-0.381406,-0.477611,0.393671,-0.432459,-0.100043,-0.408943,0.43985,-0.065082,-0.493982,0.02277,0.275944,-0.027043,-0.096519,#
9,0.496181,-0.166623,0.005319,0.278311,0.756447,0.532869,0.649491,0.256312,0.533245,1.0,-0.24708,0.282217,0.229292,0.270128,-0.166623,0.443149,0.116737,0.428425,0.592626,-0.000168,0.667601,0.028777,0.227612,0.001452,-0.326927,-0.342132,-0.611643,0.473843,-0.072824,0.480752,-0.101782,0.315209,-0.166623,0.122616,-0.400335,0.153169,-0.249685,-0.218367,0.458238,-0.249454,0.600251,0.683496,0.278993,0.17032,-0.243361,0.111937,-0.24987,-0.32048,0.029627,-0.193299,0.386209,-0.726738,0.0,-0.173127,0.473163,0.497246,-0.19008,0.352048,-0.497645,-0.323215,0.327235,0.49987,0.213062,-0.593575,-0.124438,0.387893,0.476636,0.451168,0.394754,-0.155585,-0.968704,0.199717,0.0,-0.395902,0.182651,-0.358896,-0.696619,-0.327069,-0.762696,-0.11723,-0.121945,-0.762696,-0.400089,-0.147797,-0.744704,-0.237852,0.091624,-0.237852,-0.121945,-0.11723,-0.674244,-0.611648,-0.611648,0.578704,-0.499474,-0.147797,0.345406,0.449522,0.091624,-0.407928,0.265597,0.269362,-0.237852,-0.4996,-0.267258,0.084336,-0.76254,-0.407865,0.084336,-0.434352,0.084336,-0.166623,-0.674244,-0.499474,-0.152213,-0.395902,0.055715,-0.674244,-0.249327,-0.76254,0.084336,-0.499474,-0.696619,-0.181925,0.204816,-0.400089,-0.166623,0.171335,-0.293179,-0.499474,0.1738,-0.166623,-0.997805,-0.327075,-0.611589,0.683496,-0.166623,-0.166623,-0.460906,-0.395902,0.077292,-0.407865,-0.407865,0.210233,-0.674244,-0.382842,0.055715,0.99974,-0.696619,-0.121945,-0.395902,-0.400089,-0.015887,-0.327242,-0.044299,0.355133,-0.249327,0.485404,-0.267258,0.077292,-0.499474,-0.038872,-0.237852,0.461435,-0.233582,0.593908,-0.499474,-0.0,-0.015887,0.064972,-0.327247,0.435438,0.449522,-0.395902,0.198277,-0.674244,-0.249935,0.200971,0.088311,0.267603,0.355761,0.577353,-0.027523,0.209067,0.209067,-0.555827,0.384468,-0.11723,-0.17104,0.335979,-0.674244,-0.25906,0.384657,0.610108,-0.130678,-0.249327,0.395408,0.065854,-0.288866,-0.249935,#
10,0.492879,0.77139,0.107026,-0.417194,0.297472,-0.149055,-0.164763,-0.316528,-0.14916,-0.24708,1.0,0.139797,0.289268,-0.25128,-0.164763,-0.593517,-0.320165,-0.490484,0.048831,0.225924,0.079125,-0.125771,0.086399,0.574017,0.320795,0.374532,0.379238,-0.493441,0.326405,0.067363,-0.605086,-0.125123,-0.164763,-0.403456,-0.395865,-0.013747,-0.246898,0.398019,-0.493563,0.315499,-0.403192,-0.164763,-0.471942,-0.907343,0.586091,-0.122895,-0.24708,0.38183,-0.13222,0.300165,-0.358523,0.403583,0.0,0.311271,0.063064,-0.703104,-0.750185,0.031507,0.526088,0.054997,-0.448601,0.494288,0.436886,0.030632,0.108548,-0.032082,-0.24374,0.008682,0.410241,0.652372,0.317708,-0.146619,0.0,-0.431091,-0.98333,0.18178,0.227294,0.160012,0.367741,-0.148452,-0.010045,-0.269714,0.29103,-0.603237,0.247144,-0.116725,-0.403585,-0.269714,0.441983,-0.605021,0.535558,-0.152791,-0.152791,-0.402662,-0.052641,0.007601,0.001612,0.10716,-0.403585,-0.403373,-0.060031,-0.256648,-0.269714,-0.047522,-0.751984,-0.403373,0.358471,0.633774,-0.403373,-0.42086,0.194512,-0.164763,0.535558,-0.052641,0.001612,-0.431091,0.247144,0.535558,0.252497,0.358471,-0.403373,-0.052641,0.227294,0.458982,-0.40296,0.29103,-0.164763,0.273757,0.202208,-0.052641,-0.42086,-0.164763,0.29103,0.150894,0.431972,-0.164763,-0.164763,-0.164763,0.407452,-0.431091,0.044521,0.633774,0.044521,-0.250047,0.535558,-0.255356,0.247144,-0.247144,0.227294,-0.152791,-0.431091,0.29103,-0.494021,-0.323588,0.10716,-0.139,0.410088,0.098969,-0.100226,0.044521,0.527959,-0.493145,-0.116725,-0.493145,-0.111462,0.197466,0.086703,0.231603,-0.494021,-0.402662,0.755049,0.037281,-0.492616,0.300398,-0.400892,0.535558,-0.247144,-0.281517,0.197466,0.521698,0.502883,-0.359634,0.507353,0.279135,0.279135,0.375537,-0.004988,-0.605021,0.137265,0.352227,0.535558,0.981859,-0.011646,-0.369099,-0.124687,-0.246543,-0.00513,-0.721266,-0.39187,0.286463,#
11,-0.233958,0.210087,0.439841,-0.348289,0.384032,0.470797,0.165388,0.109361,-0.234551,0.282217,0.139797,1.0,-0.318963,0.176587,-0.147508,0.576355,-0.630454,-0.284058,0.317538,0.257296,0.296507,-0.253717,0.187468,0.215488,-0.299672,0.556542,0.21809,0.219958,-0.035268,0.576282,-0.345374,-0.007989,-0.102809,-0.379446,0.036655,0.158422,-0.767616,0.275967,0.387711,-0.150198,-0.162498,0.210087,-0.315547,0.019928,0.306842,-0.061419,-0.572779,-0.365838,-0.174229,-0.219813,-0.143272,-0.015055,0.0,0.292564,0.355633,-0.233985,-0.199037,-0.382643,0.072091,-0.475653,0.348223,0.469345,0.07533,0.441733,0.332771,0.089723,0.310791,-0.173888,-0.108762,-0.128806,-0.302641,0.343157,0.0,-0.301538,-0.12153,0.257224,-0.181908,-0.200118,-0.399573,-0.321745,-0.112334,-0.369136,-0.257471,-0.331038,-0.162981,-0.215259,-0.607674,-0.369136,-0.123379,-0.337681,-0.004841,-0.470481,-0.443659,-0.415113,-0.556144,0.328445,0.552156,-0.075095,-0.388692,0.32719,0.202481,-0.432916,-0.397882,-0.598129,-0.215075,-0.373818,-0.358154,0.132863,-0.158123,-0.289594,-0.186671,0.165388,-0.004841,-0.556144,0.579411,-0.301538,0.143898,-0.004841,-0.762083,-0.358154,-0.346856,0.072233,-0.181908,0.214558,-0.044068,-0.290208,-0.102809,0.111898,-0.074045,0.098415,-0.322903,-0.907399,-0.257471,0.235251,-0.246103,0.210087,0.165388,0.254787,-0.135279,-0.301538,0.320434,0.132863,0.134426,-0.094995,-0.004841,-0.05313,-0.20682,0.281607,-0.181908,-0.470481,-0.301538,-0.290208,-0.216312,-0.757903,-0.264425,-0.342381,0.030099,-0.057182,-0.246195,0.347006,-0.40059,-0.302876,-0.186512,-0.275474,-0.25587,0.475861,0.26475,-0.235405,0.393039,-0.218149,0.266296,-0.161899,-0.235787,-0.336465,-0.311909,-0.004841,-0.757656,0.409876,0.475861,0.391119,0.329086,0.336607,0.462068,0.743558,0.176403,-0.219288,0.55722,-0.337681,0.336241,0.12461,-0.004841,0.120189,0.31885,0.488841,-0.305324,0.061452,0.342549,-0.220702,0.089469,0.147508,#
12,0.674865,0.509175,-0.186178,-0.189705,0.53654,-0.190342,-0.218218,-0.419221,0.267399,0.229292,0.289268,-0.318963,1.0,0.386403,-0.218218,-0.321492,0.066747,0.245171,-0.089032,-0.043202,-0.077823,-0.159166,0.340905,0.253998,0.535662,-0.134222,-0.358964,-0.246181,0.573919,0.218089,0.071585,0.46588,-0.218218,0.356234,-0.524298,-0.523817,0.1962,-0.015675,-0.227728,-0.326697,0.328476,0.509175,-0.212464,-0.391035,0.323658,0.222906,0.229292,0.624353,0.233489,0.046825,0.03408,0.089086,0.0,-0.074696,0.211382,0.0,-0.020583,0.558809,-0.217247,0.080628,-0.047619,0.218218,0.345748,-0.297514,0.187331,0.534166,0.295917,0.618407,0.543338,0.544016,-0.167393,-0.576017,0.0,-0.770456,-0.273335,0.218214,-0.493366,-0.428345,-0.035772,-0.360461,0.097563,-0.531076,-0.209961,0.044825,0.159467,-0.035772,-0.089087,-0.531076,0.097563,-0.360461,-0.341522,-0.364577,-0.364577,0.328599,-0.22807,0.071193,0.062615,0.642082,-0.089087,-0.534242,0.447459,-0.095657,-0.531076,-0.223172,-0.095657,-0.095493,-0.043657,-0.076308,-0.095493,-0.280585,0.369066,-0.218218,-0.341522,-0.22807,0.062615,-0.770456,0.159467,-0.341522,0.251701,-0.043657,-0.095493,-0.654135,-0.493366,0.03637,0.299049,-0.209961,-0.218218,0.255159,0.502847,-0.654135,-0.280585,0.509175,-0.209961,-0.428354,0.088996,0.509175,-0.218218,-0.218218,0.197012,-0.770456,-0.534159,-0.076308,-0.534159,0.298634,-0.341522,0.313437,0.159467,0.218218,-0.493366,-0.364577,-0.770456,-0.209961,-0.223172,0.047619,0.642082,0.044825,0.183674,0.666419,0.410761,-0.534159,0.223058,0.186236,-0.035772,0.186236,-0.027759,0.331666,-0.203007,0.044544,-0.6543,0.328599,0.047619,0.590283,0.176055,-0.202087,-0.243355,-0.341522,0.218218,0.041428,-0.100942,0.016853,0.752799,-0.107737,0.180117,-0.251091,0.291809,0.339478,0.062692,-0.360461,0.143924,0.200019,-0.341522,0.192922,0.055106,-0.103695,-0.351144,-0.326531,0.064476,-0.588007,-0.722232,-0.327327,#
13,0.073435,0.196747,0.144546,-0.277931,0.364701,0.159949,0.162825,-0.268913,0.158354,0.270128,-0.25128,0.176587,0.386403,1.0,-0.651301,0.321347,-0.253962,0.417116,-0.077291,-0.08529,-0.116137,0.152746,0.816373,-0.508234,0.386032,-0.192663,-0.43805,-0.086394,0.333071,0.54921,0.023938,0.732799,-0.040706,-0.047559,-0.274095,-0.412884,-0.365991,-0.46162,0.055316,-0.975072,0.481461,0.196747,-0.294697,0.399633,0.287358,0.195832,0.270128,0.378419,0.159442,-0.024495,0.033469,-0.274201,0.0,-0.408114,0.025459,0.037637,0.259686,-0.032266,-0.552763,-0.040421,0.335317,0.081412,0.252119,0.20946,0.370168,0.724074,0.291056,0.296259,0.179962,-0.051487,-0.338344,-0.43577,0.0,-0.308646,0.334419,0.24423,-0.205123,-0.88662,-0.396781,-0.006773,0.214561,-0.373682,-0.272993,0.05263,-0.195312,0.181964,-0.203574,-0.373682,0.142721,0.04523,-0.222979,-0.466718,-0.446363,0.31,-0.55097,0.030496,0.203916,0.567718,0.315747,0.339653,0.86757,-0.428513,-0.395497,-0.585665,0.185522,-0.028645,-0.363163,-0.556334,0.482881,-0.303633,0.461216,0.162825,-0.222979,-0.55097,0.57622,-0.308646,0.603157,-0.222979,-0.30043,-0.363163,0.339653,-0.570839,-0.205123,-0.465699,0.491769,-0.297838,-0.040706,0.57225,0.067252,-0.55097,-0.328911,0.196747,-0.272993,-0.177902,0.048618,0.196747,0.162825,0.230669,-0.326762,-0.308646,-0.071173,-0.556334,-0.555148,0.312738,-0.222979,0.362583,-0.228581,0.269679,-0.205123,-0.466718,-0.308646,-0.297838,0.450365,-0.324224,0.0751,-0.02115,-0.379741,0.569723,0.161906,-0.051007,-0.432921,0.048196,0.20378,0.422512,0.152753,0.431736,-0.025012,-0.442461,0.068359,0.459474,-0.146572,0.539299,0.445771,-0.335152,-0.32101,-0.222979,0.11703,0.362917,0.431736,-0.009955,0.278524,0.326316,0.057419,-0.154441,0.478512,-0.266191,0.176483,0.04523,-0.034384,-0.364752,-0.222979,-0.35181,-0.007304,0.443513,-0.342726,-0.355948,0.00656,-0.241863,-0.414511,-0.315474,#
14,-0.333211,-0.111111,0.247526,0.055351,-0.218161,-0.329892,-0.111111,0.602702,-0.330125,-0.166623,-0.164763,-0.147508,-0.218218,-0.651301,1.0,0.082321,0.593752,-0.330768,-0.271998,0.445445,-0.267474,-0.32515,-0.939114,0.399153,-0.218008,-0.010425,0.294421,0.370637,-0.403549,-0.333136,0.28537,-0.507529,-0.111111,0.421455,0.487491,0.266715,0.699301,0.281336,0.342855,0.619177,-0.271901,-0.111111,0.202438,0.007284,-0.162283,0.29656,-0.166623,-0.213709,-0.331185,0.034208,0.02756,0.102061,0.0,0.132116,0.353401,0.347712,0.122903,0.284532,0.252206,-0.215533,0.218214,-0.333333,-0.432114,0.10262,-0.592268,-0.407976,-0.164371,0.085876,-0.408133,-0.293293,0.228781,0.195529,0.0,0.154346,0.171922,0.212116,0.089413,0.494925,0.20596,-0.408008,0.258841,0.20596,0.148393,0.277916,0.102564,0.20596,0.408248,0.20596,-0.407871,0.265403,-0.040129,0.258841,0.258841,-0.271543,0.317756,0.277916,0.270996,-0.332205,-0.272166,-0.272023,-0.600655,0.223475,0.20596,0.325405,0.223475,0.398178,0.200063,0.388544,-0.272023,0.165596,-0.272023,-0.111111,-0.040129,0.317756,-0.406494,0.154346,-0.987179,-0.040129,-0.166261,0.200063,-0.272023,0.317756,0.089413,0.269841,0.226185,0.148393,-0.111111,-0.947831,0.304346,0.317756,0.165596,-0.111111,0.148393,-0.218107,-0.407832,-0.111111,-0.111111,-0.111111,0.143929,0.154346,-0.271981,0.388544,0.388544,0.20796,-0.040129,0.170305,0.102564,-0.166667,0.089413,0.258841,0.154346,0.148393,-0.333153,0.509175,0.340115,-0.406805,0.717002,-0.333069,0.223475,-0.271981,0.317756,0.348589,0.20596,-0.332562,0.212009,-0.286355,0.317756,0.204124,0.325405,-0.271543,-0.218221,-0.400423,-0.332205,0.154346,0.159313,-0.040129,-0.166667,-0.238525,-0.286355,-0.420465,-0.179845,-0.285835,-0.332624,0.165859,-0.663435,0.192953,0.278587,0.265403,0.420411,-0.179106,-0.040129,-0.172751,0.279108,-0.294166,0.257632,0.717002,0.286515,0.109851,0.274348,-0.166667,#
15,-0.368979,-0.40025,0.350767,0.009732,0.118702,0.563679,0.281027,0.407559,0.115931,0.443149,-0.593517,0.576355,-0.321492,0.321347,0.082321,1.0,-0.058378,0.016691,0.289719,0.11605,0.251317,0.083742,0.117005,-0.148114,-0.333238,-0.021574,-0.284381,0.368185,-0.084256,0.468101,0.108132,0.00606,-0.40025,0.189995,0.125878,0.23368,-0.223746,-0.228319,0.773432,-0.258057,0.327488,0.309413,0.093832,0.563137,-0.174806,0.018801,-0.099819,-0.423502,0.141885,-0.139752,0.407518,-0.362437,0.0,-0.179964,0.331202,0.297186,0.333195,-0.397729,-0.51784,-0.244642,0.79535,0.076644,-0.040479,0.196629,0.034173,0.268912,0.457728,0.067281,-0.192374,-0.441464,-0.507301,0.239152,0.0,0.064324,0.589189,0.2067,-0.328943,-0.475983,-0.627235,-0.213839,0.123841,-0.124674,-0.452368,0.119262,-0.338018,-0.142929,-0.2677,-0.124674,-0.225839,0.12215,-0.39061,-0.301987,-0.284954,-0.155144,-0.4594,0.075015,0.536358,0.023845,-0.128635,0.330459,0.402687,-0.183137,-0.142929,-0.493461,0.3307,0.193481,-0.591192,-0.270993,0.330459,0.05898,-0.140906,0.281027,-0.39061,-0.4594,0.242114,0.064324,-0.143134,-0.39061,-0.598915,-0.591192,-0.097597,-0.060347,-0.328943,-0.335772,0.214259,-0.473158,-0.40025,-0.189421,-0.007035,-0.04372,0.037827,-0.40025,-0.452368,0.135309,-0.599851,0.309413,0.281027,0.3378,-0.460972,0.064324,0.294816,-0.270993,0.176691,0.064441,-0.39061,0.081518,-0.365859,0.44283,-0.328943,-0.301987,0.064324,-0.473158,0.087489,-0.470159,-0.09639,-0.239863,-0.215301,0.041827,-0.183137,0.311691,-0.501457,0.334425,-0.124674,0.038591,-0.175491,0.284189,-0.04372,-0.418934,0.777305,0.291579,-0.302913,-0.264875,0.067291,-0.512373,0.032561,-0.39061,-0.600375,0.58339,0.284189,-0.269427,-0.089526,0.29918,0.061793,0.565685,0.205511,-0.290843,0.549813,0.12215,0.022565,-0.105512,-0.39061,-0.588544,0.082964,0.725517,0.092902,0.302378,0.089668,0.356091,0.442462,-0.046838,#
16,0.160468,-0.21591,0.146969,0.265731,-0.042011,-0.278872,0.38384,0.603542,0.192841,0.116737,-0.320165,-0.630454,0.066747,-0.253962,0.593752,-0.058378,1.0,0.113469,-0.175616,0.294168,-0.118709,0.241758,-0.49754,-0.105768,0.053947,-0.779934,-0.280809,0.231019,-0.31472,-0.301542,0.162241,-0.111516,-0.21591,0.426617,0.031012,0.276922,0.8466,-0.398385,0.183308,0.249165,0.303819,-0.21591,0.371695,0.176346,-0.315346,0.368766,0.24981,0.101237,-0.196641,0.351837,0.33455,-0.467348,0.0,-0.509077,0.196109,0.547701,-0.02345,0.498048,-0.219248,0.10055,0.178644,-0.28788,-0.088114,-0.405941,-0.881485,0.018351,-0.319404,0.429542,0.023804,-0.30607,-0.073005,-0.114776,0.0,0.299924,0.334077,-0.119401,0.173747,0.095766,0.01452,0.025017,0.502978,0.01452,0.288356,0.170449,-0.388914,0.40022,0.793303,0.40022,0.017147,0.515728,-0.07798,0.143103,0.143103,0.321792,0.266161,-0.291545,0.069481,0.170991,0.297489,-0.528591,-0.216891,0.434253,0.40022,0.276851,0.039899,0.773735,0.006299,-0.047188,0.285363,-0.125138,0.285363,-0.21591,-0.07798,0.266161,-0.789894,0.299924,-0.59479,-0.07798,0.272877,0.006299,0.285363,-0.172963,0.173747,-0.294948,0.355733,0.288356,-0.21591,-0.526915,0.024251,-0.172963,0.321784,0.533777,-0.150896,-0.423823,-0.346979,-0.21591,-0.21591,-0.21591,-0.232361,0.299924,-0.171975,-0.047188,-0.047188,0.340738,-0.07798,-0.141706,0.199301,0.125947,0.173747,0.502978,0.299924,0.288356,0.152435,0.596795,0.298006,0.04109,0.320553,0.150409,0.039899,-0.171975,0.266161,0.309706,0.40022,0.181022,0.411974,-0.175968,-0.172963,0.148744,0.187983,-0.055742,-0.424046,0.077126,0.170991,0.299924,0.309576,-0.07798,0.2384,-0.4635,-0.175968,-0.446502,-0.349473,-0.181403,-0.646352,-0.237245,-0.282008,-0.178359,0.071428,0.515728,-0.16676,-0.348037,-0.07798,-0.335688,0.064088,-0.180768,0.500627,0.320553,0.07346,0.213462,-0.034028,-0.323865,#
17,0.160883,-0.330768,-0.229727,0.552482,0.152026,-0.222026,0.215956,0.078928,0.638189,0.428425,-0.490484,-0.284058,0.245171,0.417116,-0.330768,0.016691,0.113469,1.0,0.348491,-0.108779,0.300511,0.134695,0.295542,-0.285472,0.221717,-0.504678,-0.349616,0.14024,0.082508,0.143115,0.45911,0.185669,0.379973,0.436936,-0.045832,0.059057,-0.004096,-0.283196,-0.282792,-0.495197,0.345714,0.352637,-0.011621,0.51273,-0.088487,-0.257526,0.026855,0.168171,-0.155439,-0.148353,0.306553,-0.512239,0.0,-0.153359,-0.272159,0.292411,0.340556,0.422012,-0.138141,-0.16817,-0.263062,-0.254227,-0.426426,-0.389888,0.016536,0.361342,0.52167,0.025353,0.372061,-0.40709,-0.55806,-0.395064,0.0,-0.044856,0.451372,-0.613558,-0.401621,-0.193172,-0.177971,0.37589,-0.065997,-0.177971,-0.058767,0.01972,-0.30974,-0.265871,0.378322,0.173628,-0.065997,-0.038301,-0.613105,-0.377651,0.03242,0.792973,-0.174907,0.01972,-0.09236,0.533781,0.79682,0.031134,0.163573,0.612398,-0.265871,0.239602,0.25291,-0.067798,-0.62469,-0.403397,0.344419,0.025643,0.344419,-0.330768,-0.613105,-0.174907,0.007648,-0.044856,0.22647,-0.613105,0.048318,-0.62469,0.360908,-0.575206,-0.401621,-0.431716,0.212878,-0.559288,0.379973,0.14667,-0.252799,-0.174907,-0.076209,0.352637,-0.459183,-0.649285,-0.385582,0.352637,-0.330768,-0.330768,-0.601651,-0.044856,-0.48465,-0.403397,-0.809662,-0.079881,-0.613105,0.036603,-0.443792,0.426444,-0.401621,-0.049594,-0.044856,-0.559288,0.563647,0.263067,0.202965,0.356638,-0.494945,0.543482,0.25291,-0.078385,-0.190919,0.217559,0.173628,0.988429,0.187775,-0.099173,-0.174907,0.130571,-0.262667,0.43161,-0.649626,0.738575,0.550322,-0.044856,-0.081003,-0.613105,0.549457,0.188146,-0.099173,0.264102,-0.032582,0.332861,-0.611331,-0.610552,-0.100484,-0.312718,-0.098097,-0.038301,-0.125352,-0.047175,-0.613105,-0.514265,-0.068341,0.315655,-0.496577,-0.494945,0.357296,0.247529,-0.286214,-0.496152,#
18,0.395102,-0.271998,0.009669,0.475011,0.333367,0.352588,0.381843,0.26585,0.780876,0.592626,0.048831,0.317538,-0.089032,-0.077291,-0.271998,0.289719,-0.175616,0.348491,1.0,0.084657,0.982156,0.276214,0.229013,0.327327,-0.100498,-0.153941,-0.173191,-0.035788,0.199804,0.376993,-0.182806,-0.380855,-0.271998,0.166511,-0.351618,0.64922,-0.407589,-0.008031,-0.048421,0.150747,0.14133,0.407997,-0.095906,-0.069613,-0.004619,-0.703738,-0.407891,-0.191303,-0.033581,0.080081,0.53238,-0.450841,0.0,0.121988,-0.036745,-0.193452,-0.328851,-0.123902,0.049367,-0.155822,-0.150664,0.407997,-0.0,-0.520367,-0.008772,0.217669,0.603567,-0.1388,0.661126,-0.099527,-0.696739,0.032792,0.0,-0.093324,-0.169964,-0.593435,-0.404993,-0.054102,-0.326891,0.262753,-0.198104,-0.326891,-0.104337,-0.626105,-0.427914,-0.824548,-0.265862,0.093595,0.250538,-0.602522,-0.33438,-0.549818,-0.141793,0.12454,-0.377396,-0.207058,0.184047,0.356906,0.150548,-0.255747,0.101894,0.521772,-0.34371,0.030638,-0.399776,-0.271522,-0.76798,0.182913,0.138638,-0.110515,0.138638,-0.271998,-0.33438,-0.377396,-0.214627,-0.093324,0.213353,-0.33438,0.088298,-0.76798,-0.271522,-0.377396,-0.404993,-0.1969,-0.530938,-0.60236,-0.271998,0.119266,-0.312478,0.020906,-0.130004,-0.271998,-0.583205,-0.063156,-0.554038,0.407997,-0.271998,-0.271998,-0.587019,-0.093324,0.167365,0.182913,-0.221325,-0.660196,-0.33438,-0.645022,-0.453564,0.59238,-0.404993,-0.157487,-0.093324,-0.60236,-0.024985,-0.534193,-0.038725,0.237586,-0.407004,0.374989,-0.399776,0.571603,0.020906,-0.029425,-0.387243,0.371403,-0.380263,0.146213,-0.417046,0.17297,-0.024985,0.141004,-0.071912,0.14877,-0.054551,-0.093324,-0.128748,-0.33438,-0.407997,0.340765,0.146213,0.600689,0.094671,0.133134,0.00638,0.375519,0.375519,-0.166343,0.213733,-0.602522,-0.292696,0.614274,-0.33438,0.126054,-0.200012,0.56565,-0.169599,-0.407004,0.219815,0.230889,0.148114,0.121614,#
19,-0.033757,0.472942,0.805571,-0.199342,0.313569,-0.467967,0.280465,0.72602,-0.035586,-0.000168,0.225924,0.257296,-0.043202,-0.08529,0.445445,0.11605,0.294168,-0.108779,0.084657,1.0,0.031625,-0.132513,-0.316992,0.453413,0.419972,-0.170618,0.331682,-0.019683,-0.083337,0.366546,-0.130945,-0.391947,-0.269467,0.198957,0.143187,0.554431,0.153278,0.130504,-0.062798,0.101999,-0.312573,-0.269467,-0.625501,-0.089592,0.658998,0.053275,-0.404095,0.37131,-0.803189,0.510854,-0.023341,-0.249203,0.0,-0.010254,0.390218,-0.214338,-0.362572,0.26254,0.425067,-0.52271,0.061201,-0.032996,-0.261396,0.304018,-0.580015,0.208654,0.033558,0.159387,0.216778,-0.357462,-0.065442,-0.387705,0.0,-0.173553,-0.141008,0.229467,0.259519,-0.070166,0.173918,-0.239582,0.653947,-0.33161,0.391868,-0.54602,-0.247787,0.085503,0.1145,0.022052,0.22497,-0.222917,0.170808,-0.560193,-0.147716,-0.312372,-0.389006,0.36202,0.683848,0.418687,0.097661,-0.245074,-0.031779,0.053814,-0.420026,0.0232,-0.307783,0.10322,-0.276015,0.641339,0.086634,-0.561425,0.560783,-0.269467,0.170808,-0.389006,-0.087379,-0.173553,-0.409594,0.170808,-0.403217,-0.276015,-0.328001,-0.389006,0.259519,-0.070313,0.279649,-0.11159,-0.269467,-0.515373,0.314895,0.013643,-0.663875,-0.269467,-0.010898,-0.528953,-0.521932,-0.269467,-0.269467,-0.269467,-0.437777,-0.173553,-0.332688,0.641339,-0.234613,-0.051796,0.170808,0.001113,-0.382626,0.008249,0.259519,-0.230211,-0.173553,-0.11159,-0.074584,-0.061203,0.518515,-0.647689,0.685829,0.39378,0.209088,0.075961,0.474083,0.053147,0.527581,-0.047991,0.542496,0.125375,0.474083,0.176801,0.349146,-0.225828,-0.043203,0.188775,-0.472907,0.406549,-0.671542,0.170808,-0.4042,-0.094203,0.534206,0.260768,0.146466,-0.32131,-0.367671,0.370174,-0.16341,0.000895,0.6487,-0.222917,0.477434,-0.39917,0.170808,0.124229,0.238349,0.095196,-0.216561,0.165093,0.667159,-0.467579,-0.228813,-0.4042,#
20,0.484618,-0.267474,-0.029582,0.468534,0.401369,0.439692,0.475509,0.253565,0.75803,0.667601,0.079125,0.296507,-0.077823,-0.116137,-0.267474,0.251317,-0.118709,0.300511,0.982156,0.031625,1.0,0.285979,0.209522,0.291172,-0.202954,-0.189615,-0.241307,0.03401,0.126549,0.339285,-0.268934,-0.302488,-0.267474,0.074914,-0.418338,0.616874,-0.40081,-0.040827,0.017404,0.186624,0.210681,0.41607,0.030082,-0.115928,-0.098926,-0.599321,-0.401106,-0.267891,0.000681,0.057394,0.512735,-0.505027,0.0,0.0771,0.029922,-0.105686,-0.422765,-0.067951,-0.017752,-0.127652,-0.126459,0.499284,0.110442,-0.619543,-0.064078,0.181872,0.503399,-0.06508,0.647663,-0.052299,-0.732516,0.143822,0.0,-0.100629,-0.20496,-0.624089,-0.409985,-0.020193,-0.393493,0.251108,-0.232875,-0.393493,-0.111392,-0.607611,-0.517801,-0.746512,-0.200192,0.08432,0.239169,-0.531883,-0.322006,-0.509808,-0.206651,0.193681,-0.340989,-0.296264,0.150298,0.320517,0.109196,-0.350086,0.06371,0.513823,-0.240593,-0.036266,-0.491982,-0.206677,-0.722404,0.113278,0.098066,-0.182381,0.098066,-0.267474,-0.322006,-0.340989,-0.302728,-0.100629,0.210893,-0.322006,0.120904,-0.722404,-0.206677,-0.340989,-0.409985,-0.154965,-0.519574,-0.481417,-0.267474,0.168223,-0.391518,-0.045056,-0.005211,-0.267474,-0.655546,-0.029719,-0.514255,0.41607,-0.267474,-0.267474,-0.528461,-0.100629,0.254617,0.113278,-0.187065,-0.563415,-0.322006,-0.741727,-0.284619,0.668684,-0.409985,-0.063988,-0.100629,-0.481417,-0.06217,-0.525308,-0.129053,0.335048,-0.400234,0.340037,-0.491982,0.55496,-0.045056,-0.121103,-0.4216,0.334372,-0.415094,0.217994,-0.505852,0.181993,-0.06217,0.044019,-0.038913,0.14794,0.014809,-0.100629,0.0,-0.322006,-0.40121,0.239573,0.111943,0.592154,0.106412,0.203875,0.045033,0.378471,0.378471,-0.254824,0.187451,-0.531883,-0.360043,0.653778,-0.322006,0.161723,-0.122054,0.532614,-0.074558,-0.400234,0.192785,0.228145,0.099923,0.156026,#
